Open;High;Low;Close;Volume;Time
19.0;19.0;19.0;19.0;0;2021-01-08 09:30:00-05:00
26.0;28.8799991607666;22.299999237060547;28.489999771118164;2820009;2021-01-08 11:30:00-05:00
28.457500457763672;28.600000381469727;25.0;25.810400009155277;894618;2021-01-08 12:30:00-05:00
25.809999465942383;26.299999237060547;24.5;24.61009979248047;618049;2021-01-08 13:30:00-05:00
24.68000030517578;25.8799991607666;24.6205997467041;25.26000022888184;481685;2021-01-08 14:30:00-05:00
25.26000022888184;26.32999992370605;25.040000915527344;25.1299991607666;540797;2021-01-08 15:30:00-05:00
24.989999771118164;25.989999771118164;24.5;25.399999618530277;165032;2021-01-11 09:30:00-05:00
25.364999771118164;25.399999618530277;24.80010032653809;24.950000762939453;66550;2021-01-11 10:30:00-05:00
24.924999237060547;25.149999618530277;24.799999237060547;24.96999931335449;85264;2021-01-11 11:30:00-05:00
25.030000686645508;25.059999465942383;24.88999938964844;24.940000534057617;33496;2021-01-11 12:30:00-05:00
24.94499969482422;25.86000061035156;24.88999938964844;25.57999992370605;50966;2021-01-11 13:30:00-05:00
25.57999992370605;26.200000762939453;24.8799991607666;25.040000915527344;127352;2021-01-11 14:30:00-05:00
25.0;25.190000534057617;24.5;25.0;225408;2021-01-11 15:30:00-05:00
25.0;25.13999938964844;24.770000457763672;24.950000762939453;121155;2021-01-12 09:30:00-05:00
24.850000381469727;25.46999931335449;24.850000381469727;25.03260040283203;32739;2021-01-12 10:30:00-05:00
25.290000915527344;25.290000915527344;24.850000381469727;24.924999237060547;12945;2021-01-12 11:30:00-05:00
24.924999237060547;25.290000915527344;24.88500022888184;25.0;20987;2021-01-12 12:30:00-05:00
24.90010070800781;25.170000076293945;24.90010070800781;25.0;8026;2021-01-12 13:30:00-05:00
24.899999618530277;25.239999771118164;24.899999618530277;24.93000030517578;13045;2021-01-12 14:30:00-05:00
25.0;25.479999542236328;24.940000534057617;25.43000030517578;19523;2021-01-12 15:30:00-05:00
25.0;25.61000061035156;25.0;25.059999465942383;92110;2021-01-13 09:30:00-05:00
25.030000686645508;25.49839973449707;25.0;25.01000022888184;34352;2021-01-13 10:30:00-05:00
25.0;25.440000534057617;25.0;25.11000061035156;29887;2021-01-13 11:30:00-05:00
25.13999938964844;25.290000915527344;25.01000022888184;25.059999465942383;47272;2021-01-13 12:30:00-05:00
25.100000381469727;25.1299991607666;24.989999771118164;25.01000022888184;135880;2021-01-13 13:30:00-05:00
25.01000022888184;25.21999931335449;24.559999465942383;25.13999938964844;72435;2021-01-13 14:30:00-05:00
25.100000381469727;25.100000381469727;24.93000030517578;25.0;39720;2021-01-13 15:30:00-05:00
25.350000381469727;25.350000381469727;24.5;24.5;84658;2021-01-14 09:30:00-05:00
24.55500030517578;24.940000534057617;24.540000915527344;24.815000534057617;54937;2021-01-14 10:30:00-05:00
24.799999237060547;25.13999938964844;24.7450008392334;25.020000457763672;176375;2021-01-14 11:30:00-05:00
25.0;25.09000015258789;24.774999618530277;24.93000030517578;41628;2021-01-14 12:30:00-05:00
24.899999618530277;25.030000686645508;24.834999084472656;24.940000534057617;125329;2021-01-14 13:30:00-05:00
24.940000534057617;25.07999992370605;24.700000762939453;24.8700008392334;106567;2021-01-14 14:30:00-05:00
24.834999084472656;24.858800888061523;24.40999984741211;24.5;102313;2021-01-14 15:30:00-05:00
24.280000686645508;24.8799991607666;24.21500015258789;24.5;86346;2021-01-15 09:30:00-05:00
24.540000915527344;24.59000015258789;24.274999618530277;24.479999542236328;122407;2021-01-15 10:30:00-05:00
24.479999542236328;24.71999931335449;24.399999618530277;24.399999618530277;159337;2021-01-15 11:30:00-05:00
24.399999618530277;24.5;24.200000762939453;24.399999618530277;77643;2021-01-15 12:30:00-05:00
24.366199493408203;24.549999237060547;24.020000457763672;24.26000022888184;38028;2021-01-15 13:30:00-05:00
24.13999938964844;24.86000061035156;23.739999771118164;24.229999542236328;35561;2021-01-15 14:30:00-05:00
24.225000381469727;24.46999931335449;24.0;24.0;83130;2021-01-15 15:30:00-05:00
24.270000457763672;24.3799991607666;23.600000381469727;23.6299991607666;98496;2021-01-19 09:30:00-05:00
23.790000915527344;24.6200008392334;23.459999084472656;23.59000015258789;108477;2021-01-19 10:30:00-05:00
23.850000381469727;23.94499969482422;23.26000022888184;23.549999237060547;60834;2021-01-19 11:30:00-05:00
23.5;23.68000030517578;23.01000022888184;23.19499969482422;58142;2021-01-19 12:30:00-05:00
23.19499969482422;23.3700008392334;22.739999771118164;22.78499984741211;50074;2021-01-19 13:30:00-05:00
22.76000022888184;23.229999542236328;21.075000762939453;21.40999984741211;123378;2021-01-19 14:30:00-05:00
21.40999984741211;22.584999084472656;21.21999931335449;22.530000686645508;112888;2021-01-19 15:30:00-05:00
22.670000076293945;23.339099884033203;22.600000381469727;22.979999542236328;0;2021-01-20 09:30:00-05:00
22.88999938964844;24.38999938964844;22.88999938964844;23.950000762939453;30507;2021-01-20 10:30:00-05:00
23.21999931335449;23.540000915527344;23.149999618530277;23.190000534057617;1469;2021-01-20 11:30:00-05:00
23.200000762939453;23.57999992370605;23.020000457763672;23.440000534057617;10071;2021-01-20 12:30:00-05:00
23.200000762939453;23.375;23.0;23.274999618530277;3985;2021-01-20 13:30:00-05:00
22.90999984741211;23.210899353027344;22.65999984741211;22.940000534057617;12134;2021-01-20 14:30:00-05:00
22.940000534057617;23.0;22.799999237060547;22.850000381469727;21617;2021-01-20 15:30:00-05:00
23.395000457763672;23.395000457763672;22.180099487304688;22.380699157714844;5995;2021-01-21 09:30:00-05:00
22.415700912475582;22.479900360107425;22.370899200439453;22.479900360107425;3745;2021-01-21 10:30:00-05:00
22.440000534057617;22.729999542236328;22.200000762939453;22.399999618530277;5359;2021-01-21 11:30:00-05:00
22.524999618530277;22.549999237060547;22.31999969482422;22.3700008392334;3723;2021-01-21 12:30:00-05:00
22.3799991607666;22.559999465942383;22.31999969482422;22.32999992370605;6082;2021-01-21 13:30:00-05:00
22.309999465942383;22.520000457763672;22.18000030517578;22.36000061035156;8947;2021-01-21 14:30:00-05:00
22.36000061035156;22.56999969482422;22.36000061035156;22.399999618530277;8388;2021-01-21 15:30:00-05:00
22.38999938964844;22.5;21.940000534057617;21.940000534057617;42285;2021-01-22 09:30:00-05:00
22.0935001373291;22.11989974975586;22.0;22.11989974975586;5086;2021-01-22 10:30:00-05:00
22.0;22.045000076293945;21.8799991607666;21.8799991607666;6039;2021-01-22 11:30:00-05:00
21.88999938964844;21.989900588989254;21.71999931335449;21.71999931335449;3130;2021-01-22 12:30:00-05:00
21.729999542236328;21.850000381469727;21.649999618530277;21.76000022888184;2043;2021-01-22 13:30:00-05:00
21.649999618530277;21.739999771118164;21.399999618530277;21.399999618530277;59772;2021-01-22 14:30:00-05:00
21.399999618530277;21.40559959411621;21.280000686645508;21.280000686645508;10596;2021-01-22 15:30:00-05:00
21.420000076293945;22.17639923095703;21.40999984741211;22.13999938964844;33166;2021-01-25 09:30:00-05:00
22.21999931335449;22.268999099731445;21.979999542236328;22.11000061035156;12179;2021-01-25 10:30:00-05:00
22.020000457763672;22.020000457763672;21.899999618530277;21.899999618530277;3066;2021-01-25 11:30:00-05:00
21.809999465942383;21.97949981689453;21.540000915527344;21.540000915527344;3117;2021-01-25 12:30:00-05:00
21.53499984741211;21.600000381469727;21.290000915527344;21.309999465942383;21687;2021-01-25 13:30:00-05:00
21.325000762939453;21.58989906311035;21.31999969482422;21.38999938964844;4344;2021-01-25 14:30:00-05:00
21.5;21.59000015258789;21.36000061035156;21.59000015258789;39428;2021-01-25 15:30:00-05:00
21.459999084472656;21.76499938964844;21.25;21.700000762939453;10377;2021-01-26 09:30:00-05:00
21.76000022888184;21.959999084472656;21.61000061035156;21.700000762939453;5743;2021-01-26 10:30:00-05:00
21.84000015258789;21.84000015258789;21.649999618530277;21.65999984741211;887;2021-01-26 11:30:00-05:00
21.73500061035156;21.7450008392334;21.5;21.600000381469727;5045;2021-01-26 12:30:00-05:00
21.53499984741211;21.729999542236328;21.450000762939453;21.5;93719;2021-01-26 13:30:00-05:00
21.46999931335449;21.5;21.26000022888184;21.3799991607666;4458;2021-01-26 14:30:00-05:00
21.270000457763672;21.48500061035156;21.270000457763672;21.424999237060547;4910;2021-01-26 15:30:00-05:00
21.489999771118164;21.489999771118164;21.0;21.200000762939453;15626;2021-01-27 09:30:00-05:00
21.299999237060547;21.32999992370605;20.69499969482422;20.80010032653809;19309;2021-01-27 10:30:00-05:00
21.0;21.290000915527344;20.8799991607666;21.0;67702;2021-01-27 11:30:00-05:00
21.08830070495605;21.299999237060547;21.020000457763672;21.18000030517578;20128;2021-01-27 12:30:00-05:00
21.190000534057617;21.280000686645508;21.01000022888184;21.01000022888184;15781;2021-01-27 13:30:00-05:00
21.0;21.020000457763672;20.799999237060547;20.850000381469727;6714;2021-01-27 14:30:00-05:00
20.86000061035156;21.13500022888184;20.86000061035156;20.96999931335449;9187;2021-01-27 15:30:00-05:00
20.729999542236328;20.989999771118164;20.1200008392334;20.6299991607666;7209;2021-01-28 09:30:00-05:00
20.88999938964844;20.93000030517578;20.65999984741211;20.93000030517578;1098;2021-01-28 10:30:00-05:00
20.895000457763672;20.920000076293945;20.799999237060547;20.920000076293945;4485;2021-01-28 11:30:00-05:00
20.989999771118164;21.0049991607666;20.899999618530277;20.899999618530277;2493;2021-01-28 12:30:00-05:00
20.899999618530277;20.940000534057617;20.350000381469727;20.44499969482422;55244;2021-01-28 13:30:00-05:00
20.459999084472656;20.51000022888184;20.34499931335449;20.5;5725;2021-01-28 14:30:00-05:00
20.5;20.670000076293945;20.420000076293945;20.479999542236328;10348;2021-01-28 15:30:00-05:00
20.36000061035156;20.940000534057617;20.32999992370605;20.63999938964844;4779;2021-01-29 09:30:00-05:00
20.43000030517578;20.940000534057617;20.38999938964844;20.899999618530277;6048;2021-01-29 10:30:00-05:00
20.709999084472656;20.8700008392334;20.709999084472656;20.8700008392334;388;2021-01-29 11:30:00-05:00
20.6200008392334;20.70499992370605;20.6200008392334;20.70499992370605;360;2021-01-29 12:30:00-05:00
20.549999237060547;20.76000022888184;20.520000457763672;20.729999542236328;20586;2021-01-29 13:30:00-05:00
20.530000686645508;20.6200008392334;20.5;20.61000061035156;2737;2021-01-29 14:30:00-05:00
20.61000061035156;20.729999542236328;20.520000457763672;20.71999931335449;54109;2021-01-29 15:30:00-05:00
21.040000915527344;22.149999618530277;21.040000915527344;22.100000381469727;38530;2021-02-01 09:30:00-05:00
22.13999938964844;22.600000381469727;22.11000061035156;22.40999984741211;9544;2021-02-01 10:30:00-05:00
22.350000381469727;22.38999938964844;21.725000381469727;21.725000381469727;4029;2021-02-01 11:30:00-05:00
21.8700008392334;21.924999237060547;21.640100479125977;21.924999237060547;5014;2021-02-01 12:30:00-05:00
21.989999771118164;22.040000915527344;21.850000381469727;22.040000915527344;41402;2021-02-01 13:30:00-05:00
21.899999618530277;21.899999618530277;21.600000381469727;21.86000061035156;2101;2021-02-01 14:30:00-05:00
21.6299991607666;21.989999771118164;21.54010009765625;21.809999465942383;10896;2021-02-01 15:30:00-05:00
23.0;24.5;23.0;23.899999618530277;52553;2021-02-02 09:30:00-05:00
23.71980094909668;24.8700008392334;23.565000534057617;24.5;64018;2021-02-02 10:30:00-05:00
24.42840003967285;24.989999771118164;24.42840003967285;24.899999618530277;33743;2021-02-02 11:30:00-05:00
24.88999938964844;26.0;24.770000457763672;25.93000030517578;23996;2021-02-02 12:30:00-05:00
26.030000686645508;26.690900802612305;25.780000686645508;26.30010032653809;76912;2021-02-02 13:30:00-05:00
26.420000076293945;26.420000076293945;25.739999771118164;26.05990028381348;24917;2021-02-02 14:30:00-05:00
25.979999542236328;26.13999938964844;25.82999992370605;25.96500015258789;37205;2021-02-02 15:30:00-05:00
26.299999237060547;27.5;25.51499938964844;25.663299560546875;70826;2021-02-03 09:30:00-05:00
25.69499969482422;26.700000762939453;25.549999237060547;26.56999969482422;44310;2021-02-03 10:30:00-05:00
26.549999237060547;26.850000381469727;26.290000915527344;26.729999542236328;14759;2021-02-03 11:30:00-05:00
26.739999771118164;27.38999938964844;26.729999542236328;27.21999931335449;8757;2021-02-03 12:30:00-05:00
27.059999465942383;27.700000762939453;27.059999465942383;27.57999992370605;10438;2021-02-03 13:30:00-05:00
27.600000381469727;28.739999771118164;27.600000381469727;28.479999542236328;16866;2021-02-03 14:30:00-05:00
28.670000076293945;28.75;28.2450008392334;28.5;20486;2021-02-03 15:30:00-05:00
28.950000762939453;33.69990158081055;28.75;30.825000762939453;172052;2021-02-04 09:30:00-05:00
31.28689956665039;31.28689956665039;26.649999618530277;27.700000762939453;60599;2021-02-04 10:30:00-05:00
27.68000030517578;27.8799991607666;27.0;27.21199989318848;23795;2021-02-04 11:30:00-05:00
27.780000686645508;27.780000686645508;25.15999984741211;26.46999931335449;82001;2021-02-04 12:30:00-05:00
26.690000534057617;27.489999771118164;25.8799991607666;26.8799991607666;17234;2021-02-04 13:30:00-05:00
27.52989959716797;27.684999465942383;26.854999542236328;27.239999771118164;16056;2021-02-04 14:30:00-05:00
26.86000061035156;28.01000022888184;26.86000061035156;28.01000022888184;25420;2021-02-04 15:30:00-05:00
27.979999542236328;29.506999969482425;27.979999542236328;28.479999542236328;21144;2021-02-05 09:30:00-05:00
28.48500061035156;28.989900588989254;27.88999938964844;28.42009925842285;9411;2021-02-05 10:30:00-05:00
28.84000015258789;29.209999084472656;28.809999465942383;28.899999618530277;10411;2021-02-05 11:30:00-05:00
28.979999542236328;29.020000457763672;28.690000534057617;28.959999084472656;6667;2021-02-05 12:30:00-05:00
28.959999084472656;28.959999084472656;28.40999984741211;28.959999084472656;40522;2021-02-05 13:30:00-05:00
28.959999084472656;29.36000061035156;28.8700008392334;29.354999542236328;15615;2021-02-05 14:30:00-05:00
29.350000381469727;30.729999542236328;29.040000915527344;30.56999969482422;47349;2021-02-05 15:30:00-05:00
30.979999542236328;30.979999542236328;29.450000762939453;29.559999465942383;45641;2021-02-08 09:30:00-05:00
29.559999465942383;29.83799934387207;29.01000022888184;29.3799991607666;11065;2021-02-08 10:30:00-05:00
29.030000686645508;29.33880043029785;29.0;29.097299575805664;3568;2021-02-08 11:30:00-05:00
29.140499114990234;29.165000915527344;28.309999465942383;28.70499992370605;9157;2021-02-08 12:30:00-05:00
28.440000534057617;28.59000015258789;28.290000915527344;28.57999992370605;6535;2021-02-08 13:30:00-05:00
28.5;29.18000030517578;28.309999465942383;29.15999984741211;21150;2021-02-08 14:30:00-05:00
29.15999984741211;29.905000686645508;28.809999465942383;28.86000061035156;31115;2021-02-08 15:30:00-05:00
29.209999084472656;29.260799407958984;28.440000534057617;28.70499992370605;11949;2021-02-09 09:30:00-05:00
28.75;28.90999984741211;28.46999931335449;28.729999542236328;7638;2021-02-09 10:30:00-05:00
28.850000381469727;28.95499992370605;28.700000762939453;28.84499931335449;33588;2021-02-09 11:30:00-05:00
28.84499931335449;28.924999237060547;28.700000762939453;28.825000762939453;4954;2021-02-09 12:30:00-05:00
28.822799682617188;28.989999771118164;28.81999969482422;28.88500022888184;4839;2021-02-09 13:30:00-05:00
28.899999618530277;29.346099853515625;28.850000381469727;29.059999465942383;15083;2021-02-09 14:30:00-05:00
28.90999984741211;29.200000762939453;28.76499938964844;29.01499938964844;20382;2021-02-09 15:30:00-05:00
28.825000762939453;29.498899459838867;28.43000030517578;28.5;27022;2021-02-10 09:30:00-05:00
28.700000762939453;29.170000076293945;28.1299991607666;29.03499984741211;17720;2021-02-10 10:30:00-05:00
28.88500022888184;29.09000015258789;28.450000762939453;28.70499992370605;1939;2021-02-10 11:30:00-05:00
29.049999237060547;29.49959945678711;28.729999542236328;29.49959945678711;31018;2021-02-10 12:30:00-05:00
29.27899932861328;30.93400001525879;29.27899932861328;29.920000076293945;27972;2021-02-10 13:30:00-05:00
29.75;29.809999465942383;29.63999938964844;29.63999938964844;4707;2021-02-10 14:30:00-05:00
29.540000915527344;29.6299991607666;29.25;29.479999542236328;6007;2021-02-10 15:30:00-05:00
29.290000915527344;30.559999465942383;29.290000915527344;29.795000076293945;11867;2021-02-11 09:30:00-05:00
29.690000534057617;30.5;29.100000381469727;29.739999771118164;24137;2021-02-11 10:30:00-05:00
29.739999771118164;29.950000762939453;29.200000762939453;29.540000915527344;11009;2021-02-11 11:30:00-05:00
29.100000381469727;29.75;29.01000022888184;29.576499938964844;3621;2021-02-11 12:30:00-05:00
29.690000534057617;30.174999237060547;29.5;30.165000915527344;12462;2021-02-11 13:30:00-05:00
30.149999618530277;30.559999465942383;29.770000457763672;30.239999771118164;10990;2021-02-11 14:30:00-05:00
30.1299991607666;30.559999465942383;30.065000534057617;30.540000915527344;7590;2021-02-11 15:30:00-05:00
30.07999992370605;30.1781005859375;28.600000381469727;28.959199905395508;31222;2021-02-12 09:30:00-05:00
30.0;30.021699905395508;29.524999618530277;29.71999931335449;3221;2021-02-12 10:30:00-05:00
29.96050071716309;29.96050071716309;29.709999084472656;29.709999084472656;332;2021-02-12 11:30:00-05:00
29.950000762939453;30.0;29.530000686645508;29.75;8336;2021-02-12 12:30:00-05:00
29.600000381469727;29.690000534057617;29.479999542236328;29.690000534057617;2931;2021-02-12 13:30:00-05:00
29.170000076293945;29.170000076293945;29.102100372314453;29.11000061035156;840;2021-02-12 14:30:00-05:00
29.170000076293945;29.31999969482422;28.850000381469727;28.979999542236328;7026;2021-02-12 15:30:00-05:00
29.63999938964844;29.795000076293945;28.68000030517578;28.68000030517578;12493;2021-02-16 09:30:00-05:00
28.56999969482422;28.790000915527344;28.450000762939453;28.56999969482422;3384;2021-02-16 10:30:00-05:00
28.604999542236328;28.76000022888184;28.11000061035156;28.3799991607666;38484;2021-02-16 11:30:00-05:00
28.38500022888184;28.61000061035156;28.190000534057617;28.600000381469727;3352;2021-02-16 12:30:00-05:00
28.600000381469727;28.649999618530277;28.479999542236328;28.625;6623;2021-02-16 13:30:00-05:00
28.600000381469727;28.88999938964844;28.40999984741211;28.700000762939453;23781;2021-02-16 14:30:00-05:00
28.700000762939453;28.799999237060547;28.3799991607666;28.3799991607666;19974;2021-02-16 15:30:00-05:00
28.11000061035156;28.11000061035156;27.030000686645508;27.53899955749512;8903;2021-02-17 09:30:00-05:00
27.5;27.5;27.030000686645508;27.40999984741211;20254;2021-02-17 10:30:00-05:00
27.399999618530277;27.520000457763672;27.20009994506836;27.489999771118164;8772;2021-02-17 11:30:00-05:00
27.520000457763672;27.540000915527344;27.350000381469727;27.350000381469727;1197;2021-02-17 12:30:00-05:00
27.350000381469727;27.43000030517578;27.209999084472656;27.3700008392334;3861;2021-02-17 13:30:00-05:00
27.290000915527344;27.549999237060547;27.20009994506836;27.375;4389;2021-02-17 14:30:00-05:00
27.399999618530277;27.68000030517578;27.200000762939453;27.20499992370605;3295;2021-02-17 15:30:00-05:00
26.899999618530277;27.735200881958008;26.41659927368164;26.440000534057617;0;2021-02-18 09:30:00-05:00
27.0;27.149999618530277;26.93000030517578;27.149999618530277;9551;2021-02-18 10:30:00-05:00
27.20499992370605;27.20499992370605;27.20499992370605;27.20499992370605;426;2021-02-18 12:30:00-05:00
27.299999237060547;27.299999237060547;27.099199295043945;27.099199295043945;508;2021-02-18 13:30:00-05:00
27.3799991607666;27.559999465942383;27.280000686645508;27.549999237060547;1104;2021-02-18 14:30:00-05:00
27.549999237060547;27.780000686645508;27.18000030517578;27.395000457763672;9415;2021-02-18 15:30:00-05:00
27.290000915527344;28.229999542236328;26.627500534057617;26.627500534057617;0;2021-02-19 09:30:00-05:00
26.549999237060547;27.100000381469727;26.0;26.34000015258789;19471;2021-02-19 10:30:00-05:00
26.26000022888184;26.7450008392334;26.26000022888184;26.739999771118164;5678;2021-02-19 11:30:00-05:00
26.73500061035156;26.920000076293945;26.587400436401367;26.63999938964844;1411;2021-02-19 12:30:00-05:00
26.62299919128418;26.84000015258789;26.420000076293945;26.42009925842285;5298;2021-02-19 13:30:00-05:00
26.545000076293945;26.545000076293945;26.184999465942383;26.184999465942383;4917;2021-02-19 14:30:00-05:00
26.415000915527344;26.505199432373047;26.15999984741211;26.2450008392334;4157;2021-02-19 15:30:00-05:00
26.5;27.049999237060547;26.309999465942383;26.3700008392334;1740;2021-02-22 09:30:00-05:00
25.11000061035156;25.709999084472656;24.86000061035156;24.8799991607666;8377;2021-02-22 10:30:00-05:00
24.8700008392334;24.8700008392334;24.735300064086918;24.735300064086918;2053;2021-02-22 11:30:00-05:00
24.629199981689453;24.7450008392334;24.629199981689453;24.6299991607666;86969;2021-02-22 12:30:00-05:00
24.6200008392334;24.670000076293945;24.399999618530277;24.670000076293945;2189;2021-02-22 13:30:00-05:00
24.51000022888184;24.540000915527344;23.86000061035156;23.86000061035156;49314;2021-02-22 14:30:00-05:00
23.915000915527344;24.209999084472656;23.700000762939453;23.8700008392334;5559;2021-02-22 15:30:00-05:00
23.200000762939453;23.5;23.0;23.190000534057617;7547;2021-02-23 09:30:00-05:00
23.295000076293945;24.049999237060547;23.295000076293945;24.030000686645508;24789;2021-02-23 10:30:00-05:00
24.0;24.030000686645508;23.709999084472656;23.96999931335449;2932;2021-02-23 11:30:00-05:00
23.96999931335449;24.100000381469727;23.700000762939453;23.924999237060547;9319;2021-02-23 12:30:00-05:00
24.100000381469727;24.239999771118164;23.780000686645508;24.229999542236328;6260;2021-02-23 13:30:00-05:00
24.26000022888184;24.799999237060547;24.200000762939453;24.739999771118164;9060;2021-02-23 14:30:00-05:00
24.545000076293945;25.01000022888184;24.545000076293945;24.739999771118164;8260;2021-02-23 15:30:00-05:00
25.21999931335449;25.21999931335449;23.75;24.030000686645508;0;2021-02-24 09:30:00-05:00
24.31999969482422;24.979999542236328;24.31999969482422;24.979999542236328;841;2021-02-24 10:30:00-05:00
24.57469940185547;24.7189998626709;24.299999237060547;24.475000381469727;3932;2021-02-24 11:30:00-05:00
24.36000061035156;24.56999969482422;24.334999084472656;24.350000381469727;1805;2021-02-24 12:30:00-05:00
24.440000534057617;24.540000915527344;24.434999465942383;24.434999465942383;755;2021-02-24 13:30:00-05:00
24.299999237060547;24.54990005493164;24.299999237060547;24.475000381469727;4395;2021-02-24 14:30:00-05:00
24.549999237060547;24.6299991607666;24.299999237060547;24.40999984741211;4278;2021-02-24 15:30:00-05:00
24.799999237060547;24.949800491333008;24.09160041809082;24.40999984741211;0;2021-02-25 09:30:00-05:00
24.36000061035156;24.36000061035156;24.15999984741211;24.207500457763672;6084;2021-02-25 10:30:00-05:00
24.277099609375;24.277099609375;23.32999992370605;23.65999984741211;9625;2021-02-25 11:30:00-05:00
23.45499992370605;23.655000686645508;23.28319931030273;23.489999771118164;39145;2021-02-25 12:30:00-05:00
23.440000534057617;23.674999237060547;23.299999237060547;23.479999542236328;3104;2021-02-25 13:30:00-05:00
23.575000762939453;23.649999618530277;23.31999969482422;23.649999618530277;1482;2021-02-25 14:30:00-05:00
23.989999771118164;24.030000686645508;23.540000915527344;23.540000915527344;7995;2021-02-25 15:30:00-05:00
23.13999938964844;23.299999237060547;22.01000022888184;22.06999969482422;6666;2021-02-26 09:30:00-05:00
22.607999801635746;22.607999801635746;22.200000762939453;22.53499984741211;1523;2021-02-26 10:30:00-05:00
22.424999237060547;22.540000915527344;22.424999237060547;22.424999237060547;1358;2021-02-26 11:30:00-05:00
22.424999237060547;22.51499938964844;22.34000015258789;22.479999542236328;1670;2021-02-26 12:30:00-05:00
22.46999931335449;22.46999931335449;22.440000534057617;22.440000534057617;552;2021-02-26 13:30:00-05:00
22.46500015258789;22.549999237060547;22.459999084472656;22.459999084472656;2322;2021-02-26 14:30:00-05:00
22.530000686645508;22.770000457763672;22.3700008392334;22.739999771118164;50818;2021-02-26 15:30:00-05:00
23.40999984741211;24.420000076293945;23.3700008392334;24.200000762939453;9212;2021-03-01 09:30:00-05:00
24.0;24.6299991607666;24.0;24.6299991607666;18785;2021-03-01 10:30:00-05:00
24.559999465942383;25.290000915527344;24.559999465942383;25.280000686645508;6021;2021-03-01 11:30:00-05:00
25.170000076293945;25.459999084472656;24.739999771118164;25.26000022888184;16182;2021-03-01 12:30:00-05:00
25.06999969482422;25.31999969482422;25.03499984741211;25.200000762939453;1941;2021-03-01 13:30:00-05:00
25.299999237060547;25.84000015258789;25.13999938964844;25.200000762939453;5899;2021-03-01 14:30:00-05:00
25.81999969482422;25.81999969482422;24.82999992370605;25.01000022888184;24707;2021-03-01 15:30:00-05:00
24.81999969482422;24.81999969482422;24.81999969482422;24.81999969482422;485;2021-03-02 09:30:00-05:00
24.299999237060547;24.80010032653809;24.299999237060547;24.80010032653809;1439;2021-03-02 10:30:00-05:00
24.36000061035156;24.711200714111328;23.93000030517578;24.290000915527344;352320;2021-03-02 11:30:00-05:00
24.637300491333008;24.637300491333008;24.56999969482422;24.61000061035156;1192;2021-03-02 12:30:00-05:00
24.0;24.32999992370605;24.0;24.32999992370605;1168;2021-03-02 13:30:00-05:00
24.01499938964844;24.104999542236328;23.899999618530277;23.899999618530277;694;2021-03-02 14:30:00-05:00
23.93000030517578;23.93000030517578;23.93000030517578;23.93000030517578;461;2021-03-02 15:30:00-05:00
24.6200008392334;24.6200008392334;23.8700008392334;23.8700008392334;850;2021-03-03 09:30:00-05:00
23.61000061035156;23.920000076293945;23.61000061035156;23.920000076293945;469;2021-03-03 10:30:00-05:00
23.770000457763672;23.770000457763672;23.770000457763672;23.770000457763672;3126;2021-03-03 11:30:00-05:00
23.920000076293945;23.920000076293945;23.84760093688965;23.84760093688965;1256;2021-03-03 12:30:00-05:00
23.850000381469727;23.850000381469727;23.600000381469727;23.600000381469727;1850;2021-03-03 13:30:00-05:00
23.709999084472656;23.709999084472656;23.709999084472656;23.709999084472656;524;2021-03-03 14:30:00-05:00
23.71999931335449;23.795000076293945;23.604999542236328;23.6200008392334;2127;2021-03-03 15:30:00-05:00
23.100000381469727;23.399999618530277;22.520000457763672;22.56999969482422;0;2021-03-04 09:30:00-05:00
22.600000381469727;23.1200008392334;22.59819984436035;22.770000457763672;3717;2021-03-04 10:30:00-05:00
22.850000381469727;22.8700008392334;22.739999771118164;22.790000915527344;1730;2021-03-04 11:30:00-05:00
22.76000022888184;22.852500915527344;22.32999992370605;22.32999992370605;3497;2021-03-04 12:30:00-05:00
22.239999771118164;22.31999969482422;22.0;22.170000076293945;2375;2021-03-04 13:30:00-05:00
22.170000076293945;22.170000076293945;22.0;22.06999969482422;2802;2021-03-04 14:30:00-05:00
21.950000762939453;22.165000915527344;21.870100021362305;22.165000915527344;2246;2021-03-04 15:30:00-05:00
21.950000762939453;22.0;20.440000534057617;20.565000534057617;10479;2021-03-05 09:30:00-05:00
20.655000686645508;20.655000686645508;20.38999938964844;20.395000457763672;5083;2021-03-05 10:30:00-05:00
20.395000457763672;20.87619972229004;20.395000457763672;20.81999969482422;2739;2021-03-05 11:30:00-05:00
20.81999969482422;20.95989990234375;20.71500015258789;20.71500015258789;3022;2021-03-05 12:30:00-05:00
20.709999084472656;21.075000762939453;20.709999084472656;21.06999969482422;1881;2021-03-05 13:30:00-05:00
20.780000686645508;21.28499984741211;20.780000686645508;21.28499984741211;3046;2021-03-05 14:30:00-05:00
21.07999992370605;21.63999938964844;21.0;21.375;3291;2021-03-05 15:30:00-05:00
21.030000686645508;21.954599380493164;21.030000686645508;21.459999084472656;3559;2021-03-08 09:30:00-05:00
21.459999084472656;21.459999084472656;21.459999084472656;21.459999084472656;283;2021-03-08 10:30:00-05:00
21.280000686645508;21.280000686645508;21.25;21.25;749;2021-03-08 11:30:00-05:00
21.31999969482422;21.31999969482422;21.31999969482422;21.31999969482422;255;2021-03-08 12:30:00-05:00
20.826099395751957;21.43000030517578;20.826099395751957;20.917299270629883;767;2021-03-08 13:30:00-05:00
20.8700008392334;21.155000686645508;20.709999084472656;20.709999084472656;3732;2021-03-08 15:30:00-05:00
20.989999771118164;21.8700008392334;20.989999771118164;21.8700008392334;720;2021-03-09 09:30:00-05:00
21.989999771118164;22.149999618530277;21.815000534057617;22.149999618530277;2446;2021-03-09 10:30:00-05:00
22.54850006103516;22.54850006103516;22.0049991607666;22.40999984741211;1626;2021-03-09 13:30:00-05:00
22.13999938964844;22.71999931335449;22.0049991607666;22.687299728393555;4582;2021-03-09 14:30:00-05:00
22.38500022888184;22.5;22.3700008392334;22.5;1172;2021-03-09 15:30:00-05:00
22.790000915527344;23.25;22.73500061035156;22.73500061035156;3242;2021-03-10 09:30:00-05:00
21.790000915527344;22.645000457763672;21.65999984741211;21.94499969482422;1981;2021-03-10 10:30:00-05:00
21.63999938964844;22.450000762939453;21.56999969482422;21.875;12875;2021-03-10 11:30:00-05:00
21.665000915527344;21.665000915527344;21.665000915527344;21.665000915527344;110;2021-03-10 12:30:00-05:00
21.6299991607666;22.694900512695312;21.6299991607666;22.694900512695312;8437;2021-03-10 13:30:00-05:00
22.655000686645508;22.655000686645508;22.030000686645508;22.299999237060547;4469;2021-03-10 14:30:00-05:00
22.489999771118164;22.6299991607666;22.200000762939453;22.395000457763672;6534;2021-03-10 15:30:00-05:00
22.030000686645508;22.46809959411621;22.020000457763672;22.06999969482422;2020;2021-03-11 09:30:00-05:00
22.01000022888184;22.01000022888184;21.21999931335449;21.5;12465;2021-03-11 10:30:00-05:00
21.649999618530277;21.799999237060547;21.36000061035156;21.649999618530277;1481;2021-03-11 11:30:00-05:00
21.700000762939453;21.739999771118164;21.530000686645508;21.739999771118164;1837;2021-03-11 12:30:00-05:00
21.790000915527344;21.790000915527344;21.532400131225582;21.532400131225582;1098;2021-03-11 13:30:00-05:00
21.68000030517578;21.68000030517578;21.68000030517578;21.68000030517578;436;2021-03-11 14:30:00-05:00
21.790000915527344;22.0;21.600000381469727;21.850000381469727;4485;2021-03-11 15:30:00-05:00
21.690000534057617;22.09000015258789;21.690000534057617;22.0;5672;2021-03-12 09:30:00-05:00
21.979999542236328;22.24449920654297;21.979999542236328;22.24449920654297;3329;2021-03-12 10:30:00-05:00
22.600000381469727;22.68000030517578;22.31889915466309;22.61000061035156;1651;2021-03-12 11:30:00-05:00
22.729999542236328;22.94499969482422;22.700000762939453;22.94499969482422;1707;2021-03-12 12:30:00-05:00
23.11000061035156;24.450000762939453;22.795000076293945;23.020000457763672;15442;2021-03-12 13:30:00-05:00
23.09000015258789;24.709999084472656;23.09000015258789;24.709999084472656;1149;2021-03-12 14:30:00-05:00
24.114999771118164;24.68000030517578;23.863000869750977;24.36000061035156;2558;2021-03-12 15:30:00-05:00
23.59000015258789;23.59000015258789;21.950000762939453;23.0;0;2021-03-15 09:30:00-04:00
23.184999465942383;23.530000686645508;22.81010055541992;23.059999465942383;3412;2021-03-15 10:30:00-04:00
23.1299991607666;23.1299991607666;22.950000762939453;22.950000762939453;0;2021-03-15 11:30:00-04:00
23.07999992370605;23.07999992370605;22.790000915527344;22.8700008392334;22459;2021-03-15 12:30:00-04:00
23.024999618530277;23.21999931335449;23.024999618530277;23.21999931335449;582;2021-03-15 13:30:00-04:00
23.11000061035156;23.57999992370605;22.950000762939453;22.950000762939453;2512;2021-03-15 14:30:00-04:00
23.239999771118164;23.489999771118164;23.13999938964844;23.489999771118164;2877;2021-03-15 15:30:00-04:00
22.809999465942383;24.15999984741211;22.457000732421875;23.43000030517578;7331;2021-03-16 09:30:00-04:00
23.315000534057617;23.315000534057617;22.95499992370605;22.979999542236328;1943;2021-03-16 10:30:00-04:00
22.59000015258789;23.670000076293945;22.59000015258789;23.145000457763672;2501;2021-03-16 11:30:00-04:00
23.399999618530277;23.59000015258789;23.20499992370605;23.59000015258789;681;2021-03-16 12:30:00-04:00
23.2450008392334;23.57999992370605;23.13500022888184;23.13500022888184;1838;2021-03-16 13:30:00-04:00
23.459999084472656;23.549999237060547;23.1200008392334;23.1200008392334;1283;2021-03-16 14:30:00-04:00
23.149999618530277;23.68000030517578;23.13999938964844;23.670000076293945;4990;2021-03-16 15:30:00-04:00
22.989999771118164;24.57999992370605;22.399999618530277;24.440000534057617;64322;2021-03-17 09:30:00-04:00
24.375;24.375;22.989999771118164;23.725000381469727;5636;2021-03-17 10:30:00-04:00
23.540000915527344;23.94499969482422;23.229999542236328;23.229999542236328;1635;2021-03-17 11:30:00-04:00
23.975000381469727;23.975000381469727;23.479999542236328;23.625;810;2021-03-17 12:30:00-04:00
23.07999992370605;23.975000381469727;23.07999992370605;23.309999465942383;961;2021-03-17 13:30:00-04:00
23.209999084472656;23.96500015258789;22.84000015258789;23.299999237060547;8235;2021-03-17 14:30:00-04:00
23.799999237060547;23.934999465942383;23.270000457763672;23.4950008392334;2769;2021-03-17 15:30:00-04:00
22.88999938964844;24.0;22.600000381469727;23.36160087585449;0;2021-03-18 09:30:00-04:00
22.899999618530277;24.38500022888184;22.690000534057617;23.40999984741211;6993;2021-03-18 10:30:00-04:00
23.40999984741211;23.40999984741211;23.40999984741211;23.40999984741211;243;2021-03-18 11:30:00-04:00
23.988500595092773;23.988500595092773;23.988500595092773;23.988500595092773;416;2021-03-18 12:30:00-04:00
23.489999771118164;23.489999771118164;23.489999771118164;23.489999771118164;631;2021-03-18 13:30:00-04:00
23.700000762939453;23.700000762939453;23.489999771118164;23.68000030517578;885;2021-03-18 14:30:00-04:00
23.940000534057617;24.1299991607666;23.899999618530277;24.1299991607666;2453;2021-03-18 15:30:00-04:00
23.5;23.5;23.5;23.5;833;2021-03-19 09:30:00-04:00
24.44300079345703;24.44300079345703;23.06999969482422;23.5;2996;2021-03-19 10:30:00-04:00
23.790000915527344;23.790000915527344;23.229999542236328;23.73500061035156;5316;2021-03-19 11:30:00-04:00
23.5;23.71500015258789;23.239999771118164;23.239999771118164;551;2021-03-19 12:30:00-04:00
23.424999237060547;23.46949958801269;23.21500015258789;23.325000762939453;3307;2021-03-19 13:30:00-04:00
23.325000762939453;23.68000030517578;23.20009994506836;23.20009994506836;4025;2021-03-19 14:30:00-04:00
23.644100189208984;23.644100189208984;23.5;23.6200008392334;3343;2021-03-19 15:30:00-04:00
23.34000015258789;24.399999618530277;22.0447998046875;23.500999450683597;198903;2021-03-22 09:30:00-04:00
23.5;24.32999992370605;22.979999542236328;23.405000686645508;34860;2021-03-22 10:30:00-04:00
23.415000915527344;24.41200065612793;23.38999938964844;23.979999542236328;5571;2021-03-22 11:30:00-04:00
24.01000022888184;24.18000030517578;23.979999542236328;23.989999771118164;1604;2021-03-22 12:30:00-04:00
24.09000015258789;24.290000915527344;23.46999931335449;23.5;5933;2021-03-22 13:30:00-04:00
23.5;24.13710021972656;23.46999931335449;23.93000030517578;21826;2021-03-22 14:30:00-04:00
23.56999969482422;24.209999084472656;23.479999542236328;23.81999969482422;3073;2021-03-22 15:30:00-04:00
24.43000030517578;24.43000030517578;23.4950008392334;23.4950008392334;962;2021-03-23 09:30:00-04:00
23.127500534057617;23.364999771118164;23.0;23.364999771118164;1516;2021-03-23 10:30:00-04:00
23.48270034790039;23.48270034790039;23.48270034790039;23.48270034790039;149;2021-03-23 12:30:00-04:00
23.492300033569336;23.492300033569336;22.82999992370605;23.030000686645508;4848;2021-03-23 13:30:00-04:00
22.90999984741211;22.90999984741211;22.729999542236328;22.729999542236328;1754;2021-03-23 14:30:00-04:00
22.700000762939453;22.8799991607666;21.76000022888184;21.76000022888184;7617;2021-03-23 15:30:00-04:00
22.100000381469727;23.450000762939453;22.100000381469727;22.489999771118164;0;2021-03-24 09:30:00-04:00
22.38500022888184;22.850000381469727;21.809999465942383;21.86000061035156;3673;2021-03-24 10:30:00-04:00
21.8700008392334;22.09000015258789;21.01000022888184;21.209999084472656;6037;2021-03-24 11:30:00-04:00
21.13999938964844;21.13999938964844;20.309999465942383;20.309999465942383;5027;2021-03-24 12:30:00-04:00
20.149999618530277;20.6200008392334;20.05010032653809;20.6200008392334;7150;2021-03-24 13:30:00-04:00
20.5;20.809999465942383;20.46999931335449;20.559999465942383;4952;2021-03-24 14:30:00-04:00
20.559999465942383;20.670000076293945;19.90999984741211;20.020000457763672;23363;2021-03-24 15:30:00-04:00
19.6200008392334;20.545000076293945;19.6200008392334;20.040000915527344;3278;2021-03-25 09:30:00-04:00
20.09000015258789;20.09000015258789;19.11000061035156;19.11000061035156;2536;2021-03-25 10:30:00-04:00
19.059999465942383;19.56529998779297;18.350000381469727;18.350000381469727;9305;2021-03-25 11:30:00-04:00
18.8799991607666;19.09000015258789;18.5;18.530000686645508;5820;2021-03-25 12:30:00-04:00
18.950000762939453;19.170000076293945;18.68000030517578;19.15999984741211;2537;2021-03-25 13:30:00-04:00
19.136699676513672;19.25;18.959999084472656;19.01000022888184;5526;2021-03-25 14:30:00-04:00
19.01000022888184;19.229999542236328;18.549999237060547;18.809999465942383;11724;2021-03-25 15:30:00-04:00
18.86000061035156;20.31999969482422;18.700000762939453;18.854999542236328;7225;2021-03-26 09:30:00-04:00
18.709999084472656;18.96199989318848;18.40999984741211;18.40999984741211;6296;2021-03-26 10:30:00-04:00
18.40999984741211;18.40999984741211;17.549999237060547;18.030000686645508;8252;2021-03-26 11:30:00-04:00
18.739999771118164;18.739999771118164;17.549999237060547;17.760000228881836;6133;2021-03-26 12:30:00-04:00
17.729999542236328;17.799999237060547;17.559999465942383;17.559999465942383;2666;2021-03-26 13:30:00-04:00
17.549999237060547;17.549999237060547;17.290000915527344;17.290000915527344;3053;2021-03-26 14:30:00-04:00
17.479999542236328;17.850000381469727;17.479999542236328;17.850000381469727;6046;2021-03-26 15:30:00-04:00
17.639999389648438;17.639999389648438;17.46310043334961;17.469999313354492;0;2021-03-29 09:30:00-04:00
17.679000854492188;17.679000854492188;16.81999969482422;16.81999969482422;6690;2021-03-29 10:30:00-04:00
16.725200653076172;17.219999313354492;16.059999465942383;16.360000610351562;10669;2021-03-29 11:30:00-04:00
16.280000686645508;16.614999771118164;16.110000610351562;16.110000610351562;6269;2021-03-29 12:30:00-04:00
16.203899383544922;16.334999084472656;16.010000228881836;16.030000686645508;7420;2021-03-29 13:30:00-04:00
16.200000762939453;16.200000762939453;15.510000228881836;15.5600004196167;6149;2021-03-29 14:30:00-04:00
15.90999984741211;15.949999809265137;15.510000228881836;15.515000343322754;13438;2021-03-29 15:30:00-04:00
15.960000038146973;15.960000038146973;14.15999984741211;14.15999984741211;36374;2021-03-30 09:30:00-04:00
14.199999809265137;14.670000076293944;14.1899995803833;14.539999961853027;19344;2021-03-30 10:30:00-04:00
14.5600004196167;15.130000114440918;14.550000190734863;14.789999961853027;10708;2021-03-30 11:30:00-04:00
14.710000038146973;15.274999618530272;14.699999809265137;15.199999809265137;4831;2021-03-30 12:30:00-04:00
15.20009994506836;15.739999771118164;14.699999809265137;15.149999618530272;21164;2021-03-30 13:30:00-04:00
14.880000114440918;15.3149995803833;14.699999809265137;14.9399995803833;47943;2021-03-30 14:30:00-04:00
15.170000076293944;15.170000076293944;14.6899995803833;14.6899995803833;19928;2021-03-30 15:30:00-04:00
14.84000015258789;16.420000076293945;14.75;15.079999923706056;62287;2021-03-31 09:30:00-04:00
15.079999923706056;15.5;14.90999984741211;15.225000381469728;36391;2021-03-31 10:30:00-04:00
15.149999618530272;16.15999984741211;15.0600004196167;15.510000228881836;34310;2021-03-31 11:30:00-04:00
15.399999618530272;15.90999984741211;15.229999542236328;15.770000457763672;20987;2021-03-31 12:30:00-04:00
15.729999542236328;15.84000015258789;15.40999984741211;15.739999771118164;18491;2021-03-31 13:30:00-04:00
15.5649995803833;16.18000030517578;15.400099754333496;15.850000381469728;34091;2021-03-31 14:30:00-04:00
15.725000381469728;16.18000030517578;15.15999984741211;15.399999618530272;86712;2021-03-31 15:30:00-04:00
15.539999961853027;16.440000534057617;14.539999961853027;14.600000381469728;0;2021-04-01 09:30:00-04:00
14.800000190734863;14.81999969482422;14.0;14.239999771118164;52926;2021-04-01 10:30:00-04:00
14.178400039672852;14.25;13.75;13.800100326538086;40667;2021-04-01 11:30:00-04:00
13.825400352478027;14.09000015258789;13.300000190734863;13.909099578857422;40304;2021-04-01 12:30:00-04:00
13.949999809265137;14.06999969482422;13.880000114440918;13.880000114440918;13832;2021-04-01 13:30:00-04:00
13.90999984741211;13.90999984741211;13.5;13.604999542236328;24069;2021-04-01 14:30:00-04:00
13.529999732971191;13.619999885559082;13.149999618530272;13.260000228881836;52183;2021-04-01 15:30:00-04:00
13.90999984741211;13.960000038146973;13.4350004196167;13.5;20634;2021-04-05 09:30:00-04:00
13.72659969329834;13.859999656677246;13.479999542236328;13.479999542236328;15858;2021-04-05 10:30:00-04:00
13.420000076293944;13.619999885559082;13.100000381469728;13.170000076293944;17044;2021-04-05 11:30:00-04:00
13.199899673461914;13.40999984741211;13.100000381469728;13.140000343322754;14661;2021-04-05 12:30:00-04:00
13.3100004196167;13.3100004196167;13.010000228881836;13.0649995803833;29084;2021-04-05 13:30:00-04:00
13.020000457763672;13.18000030517578;13.0;13.050000190734863;9036;2021-04-05 14:30:00-04:00
13.050000190734863;13.109999656677246;12.960000038146973;12.960000038146973;22764;2021-04-05 15:30:00-04:00
13.010000228881836;13.25;12.760000228881836;12.989999771118164;9449;2021-04-06 09:30:00-04:00
12.9350004196167;13.039999961853027;12.529999732971191;12.59000015258789;54378;2021-04-06 10:30:00-04:00
12.625;12.960000038146973;12.300000190734863;12.5;38902;2021-04-06 11:30:00-04:00
12.59000015258789;12.785200119018556;12.3100004196167;12.460000038146973;20325;2021-04-06 12:30:00-04:00
12.479999542236328;12.779999732971191;12.3100004196167;12.40999984741211;36856;2021-04-06 13:30:00-04:00
12.43000030517578;13.0;12.43000030517578;12.989999771118164;53822;2021-04-06 14:30:00-04:00
12.970000267028809;13.0;12.489999771118164;13.0;28405;2021-04-06 15:30:00-04:00
13.239999771118164;13.300000190734863;12.640399932861328;13.0;65845;2021-04-07 09:30:00-04:00
13.15999984741211;13.15999984741211;12.6899995803833;13.0649995803833;13459;2021-04-07 10:30:00-04:00
13.010000228881836;13.229999542236328;12.899999618530272;13.119500160217283;12590;2021-04-07 11:30:00-04:00
13.06999969482422;13.18000030517578;13.0;13.109999656677246;12133;2021-04-07 12:30:00-04:00
13.09000015258789;13.279999732971191;13.09000015258789;13.25;55749;2021-04-07 13:30:00-04:00
13.213500022888184;13.6899995803833;13.109999656677246;13.210000038146973;16140;2021-04-07 14:30:00-04:00
13.1899995803833;13.5;13.140000343322754;13.34000015258789;19139;2021-04-07 15:30:00-04:00
13.449999809265137;13.744999885559082;12.670000076293944;13.739999771118164;33673;2021-04-08 09:30:00-04:00
13.8100004196167;13.850000381469728;13.11460018157959;13.625;13761;2021-04-08 10:30:00-04:00
13.800000190734863;13.890000343322754;13.479999542236328;13.800000190734863;12499;2021-04-08 11:30:00-04:00
13.850000381469728;14.085000038146973;13.699999809265137;14.06999969482422;10563;2021-04-08 12:30:00-04:00
14.260000228881836;14.350000381469728;13.960000038146973;14.270000457763672;5270;2021-04-08 13:30:00-04:00
14.260000228881836;14.479999542236328;14.1899995803833;14.479999542236328;7028;2021-04-08 14:30:00-04:00
14.520000457763672;14.59000015258789;14.25;14.470000267028809;12800;2021-04-08 15:30:00-04:00
14.5600004196167;15.489999771118164;13.529999732971191;13.529999732971191;13097;2021-04-09 09:30:00-04:00
13.978699684143066;13.978699684143066;13.460000038146973;13.460000038146973;9572;2021-04-09 10:30:00-04:00
13.65999984741211;13.65999984741211;13.204999923706056;13.454999923706056;15245;2021-04-09 11:30:00-04:00
13.399999618530272;13.600899696350098;13.210000038146973;13.5;7811;2021-04-09 12:30:00-04:00
13.5;13.600000381469728;13.5;13.59000015258789;3937;2021-04-09 13:30:00-04:00
13.51389980316162;13.550000190734863;13.399999618530272;13.520600318908691;2495;2021-04-09 14:30:00-04:00
13.75;13.75;13.40999984741211;13.640000343322754;9754;2021-04-09 15:30:00-04:00
13.979999542236328;13.979999542236328;13.229999542236328;13.71500015258789;7740;2021-04-12 09:30:00-04:00
13.71500015258789;13.899999618530272;13.5;13.800000190734863;7171;2021-04-12 10:30:00-04:00
13.899999618530272;14.369999885559082;13.899999618530272;14.079999923706056;11119;2021-04-12 11:30:00-04:00
13.949999809265137;13.98989963531494;13.770000457763672;13.970000267028809;5477;2021-04-12 12:30:00-04:00
13.8149995803833;14.239999771118164;13.779999732971191;13.885000228881836;7318;2021-04-12 13:30:00-04:00
13.885000228881836;13.970000267028809;13.59000015258789;13.650500297546388;6175;2021-04-12 14:30:00-04:00
13.800000190734863;13.899999618530272;13.539999961853027;13.789999961853027;5675;2021-04-12 15:30:00-04:00
13.670000076293944;13.949999809265137;13.15999984741211;13.845000267028809;2811;2021-04-13 09:30:00-04:00
13.829999923706056;14.739999771118164;13.65999984741211;14.25;12067;2021-04-13 10:30:00-04:00
14.25;14.630000114440918;14.0600004196167;14.449999809265137;8486;2021-04-13 11:30:00-04:00
14.364999771118164;14.56999969482422;14.100000381469728;14.300000190734863;2022;2021-04-13 12:30:00-04:00
14.300000190734863;14.649999618530272;14.163299560546877;14.619999885559082;5210;2021-04-13 13:30:00-04:00
14.40999984741211;15.0;14.260000228881836;14.479999542236328;12217;2021-04-13 14:30:00-04:00
14.460000038146973;14.479999542236328;13.84000015258789;13.84000015258789;49116;2021-04-13 15:30:00-04:00
13.949999809265137;14.939900398254396;13.920000076293944;14.050000190734863;1430;2021-04-14 09:30:00-04:00
14.260000228881836;14.260000228881836;13.329999923706056;13.350000381469728;3492;2021-04-14 10:30:00-04:00
13.909899711608888;14.06999969482422;13.609999656677246;13.619999885559082;4255;2021-04-14 11:30:00-04:00
13.6850004196167;13.6850004196167;13.31999969482422;13.40999984741211;4828;2021-04-14 12:30:00-04:00
13.300000190734863;13.31999969482422;12.489999771118164;12.489999771118164;41920;2021-04-14 13:30:00-04:00
12.619999885559082;12.699999809265137;12.449999809265137;12.460000038146973;64359;2021-04-14 14:30:00-04:00
12.524999618530272;12.970000267028809;12.449999809265137;12.970000267028809;41442;2021-04-14 15:30:00-04:00
13.0;13.279999732971191;13.0;13.149999618530272;4236;2021-04-15 09:30:00-04:00
13.220100402832031;13.380000114440918;13.220100402832031;13.229999542236328;1078;2021-04-15 10:30:00-04:00
13.350000381469728;13.489999771118164;13.270000457763672;13.284199714660645;3019;2021-04-15 11:30:00-04:00
13.279999732971191;13.399999618530272;13.279999732971191;13.296199798583984;1003;2021-04-15 12:30:00-04:00
13.355999946594238;13.880000114440918;13.309399604797363;13.699999809265137;7982;2021-04-15 13:30:00-04:00
13.710000038146973;13.880000114440918;13.6899995803833;13.81999969482422;3644;2021-04-15 14:30:00-04:00
13.56999969482422;13.800000190734863;13.56999969482422;13.779999732971191;6698;2021-04-15 15:30:00-04:00
13.529999732971191;13.529999732971191;13.420000076293944;13.5;1348;2021-04-16 09:30:00-04:00
13.585000038146973;13.628100395202637;13.460000038146973;13.5600004196167;2933;2021-04-16 10:30:00-04:00
13.489999771118164;13.5600004196167;13.229999542236328;13.229999542236328;14390;2021-04-16 11:30:00-04:00
13.34000015258789;13.420000076293944;13.149999618530272;13.149999618530272;2675;2021-04-16 12:30:00-04:00
13.149999618530272;13.1899995803833;13.0;13.100000381469728;6187;2021-04-16 13:30:00-04:00
13.010000228881836;13.170000076293944;12.899999618530272;12.965100288391112;8444;2021-04-16 14:30:00-04:00
12.975000381469728;13.109999656677246;12.90999984741211;12.920000076293944;12284;2021-04-16 15:30:00-04:00
13.119999885559082;13.246500015258787;12.699999809265137;12.699999809265137;0;2021-04-19 09:30:00-04:00
12.675000190734863;12.749600410461426;12.509599685668944;12.68000030517578;3825;2021-04-19 10:30:00-04:00
12.623000144958496;12.979999542236328;12.40999984741211;12.649999618530272;19036;2021-04-19 11:30:00-04:00
12.5;12.609999656677246;12.43000030517578;12.56999969482422;1528;2021-04-19 12:30:00-04:00
12.420000076293944;12.479999542236328;12.420000076293944;12.479999542236328;857;2021-04-19 13:30:00-04:00
12.505000114440918;12.720000267028809;12.43000030517578;12.720000267028809;4218;2021-04-19 14:30:00-04:00
12.68000030517578;12.789999961853027;12.654999732971191;12.789999961853027;4649;2021-04-19 15:30:00-04:00
12.729999542236328;12.729999542236328;12.449999809265137;12.470000267028809;1772;2021-04-20 09:30:00-04:00
12.431300163269045;12.470000267028809;12.09000015258789;12.28600025177002;5753;2021-04-20 10:30:00-04:00
12.30500030517578;12.30500030517578;12.09000015258789;12.270000457763672;8782;2021-04-20 11:30:00-04:00
12.286299705505373;12.286299705505373;12.15999984741211;12.18000030517578;2688;2021-04-20 12:30:00-04:00
12.1899995803833;12.550000190734863;12.18000030517578;12.359999656677246;4879;2021-04-20 13:30:00-04:00
12.25;12.359999656677246;12.1899995803833;12.199999809265137;2007;2021-04-20 14:30:00-04:00
12.239999771118164;12.329999923706056;12.18000030517578;12.18000030517578;5040;2021-04-20 15:30:00-04:00
12.130000114440918;12.444499969482422;12.100000381469728;12.100000381469728;0;2021-04-21 09:30:00-04:00
12.079999923706056;12.770000457763672;12.020000457763672;12.592000007629396;23230;2021-04-21 10:30:00-04:00
12.574999809265137;12.770000457763672;12.170000076293944;12.719900131225586;5360;2021-04-21 11:30:00-04:00
12.699999809265137;12.890000343322754;12.300000190734863;12.630000114440918;3575;2021-04-21 12:30:00-04:00
12.43000030517578;12.960000038146973;12.380000114440918;12.834500312805176;3746;2021-04-21 13:30:00-04:00
12.829999923706056;12.835000038146973;12.489999771118164;12.5;3525;2021-04-21 14:30:00-04:00
12.550000190734863;12.699999809265137;12.34000015258789;12.699999809265137;8561;2021-04-21 15:30:00-04:00
12.725000381469728;12.725000381469728;12.725000381469728;12.725000381469728;0;2021-04-22 09:30:00-04:00
12.755000114440918;12.942899703979492;12.755000114440918;12.887499809265137;2342;2021-04-22 10:30:00-04:00
12.949899673461914;13.390000343322754;12.65999984741211;13.1850004196167;8032;2021-04-22 11:30:00-04:00
13.350000381469728;13.350000381469728;12.741600036621094;12.741600036621094;1894;2021-04-22 12:30:00-04:00
12.864999771118164;12.98989963531494;12.636500358581545;12.8100004196167;4127;2021-04-22 13:30:00-04:00
12.789999961853027;12.800000190734863;12.520000457763672;12.68000030517578;2482;2021-04-22 14:30:00-04:00
12.609999656677246;12.81999969482422;12.609999656677246;12.720000267028809;2170;2021-04-22 15:30:00-04:00
12.880000114440918;13.15999984741211;12.510000228881836;13.15999984741211;6132;2021-04-23 09:30:00-04:00
12.913100242614746;13.125;12.913100242614746;12.975000381469728;2650;2021-04-23 10:30:00-04:00
12.899999618530272;12.899999618530272;12.899999618530272;12.899999618530272;400;2021-04-23 11:30:00-04:00
12.803500175476074;13.0;12.739999771118164;12.739999771118164;3219;2021-04-23 12:30:00-04:00
12.81429958343506;12.984999656677246;12.75;12.75;4628;2021-04-23 13:30:00-04:00
12.829999923706056;13.020000457763672;12.770000457763672;13.020000457763672;15979;2021-04-23 14:30:00-04:00
13.039999961853027;13.15999984741211;12.739999771118164;12.739999771118164;12480;2021-04-23 15:30:00-04:00
13.15999984741211;13.15999984741211;12.750100135803224;12.760000228881836;5785;2021-04-26 09:30:00-04:00
12.90999984741211;12.90999984741211;12.850000381469728;12.850000381469728;950;2021-04-26 10:30:00-04:00
12.899999618530272;12.979999542236328;12.75;12.920000076293944;14583;2021-04-26 11:30:00-04:00
12.899999618530272;12.95479965209961;12.755000114440918;12.95479965209961;2031;2021-04-26 12:30:00-04:00
12.710000038146973;12.829999923706056;12.710000038146973;12.720000267028809;2055;2021-04-26 13:30:00-04:00
12.947500228881836;12.947500228881836;12.720000267028809;12.75;4060;2021-04-26 14:30:00-04:00
12.770000457763672;12.882100105285645;12.699999809265137;12.699999809265137;12934;2021-04-26 15:30:00-04:00
12.949999809265137;12.949999809265137;12.25;12.510000228881836;5827;2021-04-27 09:30:00-04:00
12.571999549865724;12.81999969482422;12.449999809265137;12.59000015258789;20522;2021-04-27 10:30:00-04:00
12.59000015258789;12.710000038146973;12.5;12.549599647521973;11937;2021-04-27 11:30:00-04:00
12.600000381469728;12.600000381469728;12.31999969482422;12.31999969482422;1562;2021-04-27 12:30:00-04:00
12.366900444030762;12.470000267028809;12.270000457763672;12.270000457763672;5656;2021-04-27 13:30:00-04:00
12.335000038146973;12.44279956817627;12.100000381469728;12.100000381469728;7950;2021-04-27 14:30:00-04:00
12.149999618530272;12.43000030517578;12.0649995803833;12.170000076293944;13202;2021-04-27 15:30:00-04:00
12.399999618530272;12.399999618530272;12.399999618530272;12.399999618530272;1087;2021-04-28 09:30:00-04:00
12.350000381469728;12.390000343322754;12.350000381469728;12.390000343322754;312;2021-04-28 10:30:00-04:00
12.390000343322754;12.40999984741211;12.199999809265137;12.234100341796877;2582;2021-04-28 11:30:00-04:00
12.210000038146973;12.529999732971191;12.149999618530272;12.529999732971191;3857;2021-04-28 12:30:00-04:00
12.199999809265137;12.418100357055664;12.170000076293944;12.418100357055664;1857;2021-04-28 13:30:00-04:00
12.25;12.550000190734863;12.199999809265137;12.369999885559082;7587;2021-04-28 14:30:00-04:00
12.489999771118164;12.5;12.220000267028809;12.220000267028809;8705;2021-04-28 15:30:00-04:00
12.399999618530272;12.460000038146973;12.220000267028809;12.414999961853027;3480;2021-04-29 09:30:00-04:00
12.220100402832031;12.449999809265137;12.220100402832031;12.449999809265137;6776;2021-04-29 10:30:00-04:00
12.449999809265137;12.454999923706056;12.260000228881836;12.28499984741211;4597;2021-04-29 11:30:00-04:00
12.300000190734863;12.585000038146973;12.289999961853027;12.585000038146973;12042;2021-04-29 12:30:00-04:00
12.5;12.65999984741211;12.43000030517578;12.649999618530272;5271;2021-04-29 13:30:00-04:00
12.649999618530272;12.729999542236328;12.43000030517578;12.600000381469728;5676;2021-04-29 14:30:00-04:00
12.4399995803833;12.5;12.300000190734863;12.489999771118164;8402;2021-04-29 15:30:00-04:00
12.75;12.774999618530272;12.25;12.460000038146973;15056;2021-04-30 09:30:00-04:00
12.289999961853027;12.56999969482422;12.100000381469728;12.56999969482422;4663;2021-04-30 10:30:00-04:00
12.5600004196167;12.5600004196167;12.130000114440918;12.18000030517578;8307;2021-04-30 11:30:00-04:00
12.18000030517578;12.5;12.18000030517578;12.260000228881836;5148;2021-04-30 12:30:00-04:00
12.210000038146973;12.460000038146973;12.109999656677246;12.25;8670;2021-04-30 13:30:00-04:00
12.260000228881836;12.600000381469728;12.25;12.279999732971191;6652;2021-04-30 14:30:00-04:00
12.3100004196167;12.5649995803833;12.18000030517578;12.18000030517578;14903;2021-04-30 15:30:00-04:00
12.359999656677246;12.510000228881836;12.359999656677246;12.390000343322754;1620;2021-05-03 09:30:00-04:00
12.40999984741211;12.40999984741211;12.40999984741211;12.40999984741211;1078;2021-05-03 10:30:00-04:00
12.375;12.375;12.270000457763672;12.279999732971191;740;2021-05-03 11:30:00-04:00
12.375;12.479999542236328;12.119999885559082;12.149999618530272;6110;2021-05-03 12:30:00-04:00
12.130000114440918;12.329999923706056;12.010000228881836;12.010000228881836;8592;2021-05-03 13:30:00-04:00
12.010000228881836;12.15999984741211;11.779999732971191;11.8100004196167;3709;2021-05-03 14:30:00-04:00
11.8100004196167;12.010000228881836;11.670000076293944;11.670100212097168;10380;2021-05-03 15:30:00-04:00
11.90999984741211;12.079999923706056;10.520000457763672;11.920000076293944;0;2021-05-04 09:30:00-04:00
11.920000076293944;12.3100004196167;11.8100004196167;11.8100004196167;6823;2021-05-04 10:30:00-04:00
11.81999969482422;12.140000343322754;11.8100004196167;11.920000076293944;3833;2021-05-04 11:30:00-04:00
11.979999542236328;12.274999618530272;11.78499984741211;12.229999542236328;8625;2021-05-04 12:30:00-04:00
12.260000228881836;12.40999984741211;12.25;12.40999984741211;2741;2021-05-04 13:30:00-04:00
12.369999885559082;12.390000343322754;12.359999656677246;12.364999771118164;1632;2021-05-04 14:30:00-04:00
12.260000228881836;12.34000015258789;12.029999732971191;12.029999732971191;5912;2021-05-04 15:30:00-04:00
12.260000228881836;12.260000228881836;12.0;12.0;1277;2021-05-05 09:30:00-04:00
12.020000457763672;12.145000457763672;11.94499969482422;11.94499969482422;2667;2021-05-05 10:30:00-04:00
12.09340000152588;12.31999969482422;12.0;12.0;1887;2021-05-05 11:30:00-04:00
11.9399995803833;11.9399995803833;11.9399995803833;11.9399995803833;479;2021-05-05 12:30:00-04:00
11.9399995803833;12.045000076293944;11.920000076293944;11.920000076293944;1331;2021-05-05 13:30:00-04:00
12.0;12.0;11.90999984741211;11.90999984741211;3657;2021-05-05 14:30:00-04:00
11.6899995803833;11.949999809265137;11.670000076293944;11.670000076293944;2533;2021-05-05 15:30:00-04:00
11.720000267028809;12.234999656677246;11.699999809265137;11.970000267028809;6474;2021-05-06 09:30:00-04:00
11.65999984741211;11.9350004196167;11.600500106811523;11.78499984741211;1526;2021-05-06 10:30:00-04:00
11.640000343322754;11.9350004196167;11.640000343322754;11.774999618530272;2088;2021-05-06 11:30:00-04:00
11.681400299072266;11.729900360107422;11.600000381469728;11.600000381469728;1837;2021-05-06 12:30:00-04:00
11.700599670410156;11.710000038146973;11.529999732971191;11.649999618530272;2236;2021-05-06 13:30:00-04:00
11.489999771118164;11.664999961853027;11.342300415039062;11.664999961853027;1071;2021-05-06 14:30:00-04:00
11.449999809265137;11.68000030517578;11.364999771118164;11.5;4456;2021-05-06 15:30:00-04:00
11.510000228881836;11.9399995803833;11.420000076293944;11.600000381469728;0;2021-05-07 09:30:00-04:00
11.9399995803833;11.9399995803833;11.9399995803833;11.9399995803833;287;2021-05-07 10:30:00-04:00
11.52530002593994;11.850000381469728;11.52530002593994;11.850000381469728;1726;2021-05-07 11:30:00-04:00
11.729999542236328;11.84000015258789;11.490099906921388;11.8100004196167;3555;2021-05-07 12:30:00-04:00
11.545000076293944;11.8100004196167;11.520000457763672;11.529999732971191;1884;2021-05-07 13:30:00-04:00
11.5;11.699999809265137;11.399999618530272;11.649999618530272;3923;2021-05-07 14:30:00-04:00
11.760000228881836;11.760000228881836;11.579999923706056;11.710000038146973;3002;2021-05-07 15:30:00-04:00
11.649999618530272;11.649999618530272;11.15999984741211;11.300000190734863;0;2021-05-10 09:30:00-04:00
11.229999542236328;11.890000343322754;11.199999809265137;11.461000442504885;6789;2021-05-10 10:30:00-04:00
11.5;11.800000190734863;11.3100004196167;11.43000030517578;4660;2021-05-10 11:30:00-04:00
11.479999542236328;11.5;11.220000267028809;11.300000190734863;1789;2021-05-10 12:30:00-04:00
11.449999809265137;11.515000343322754;11.149999618530272;11.162500381469728;4885;2021-05-10 13:30:00-04:00
11.149999618530272;11.229999542236328;10.755999565124512;10.890000343322754;4575;2021-05-10 14:30:00-04:00
11.06999969482422;11.130000114440918;10.96500015258789;10.979999542236328;2600;2021-05-10 15:30:00-04:00
10.770000457763672;10.914999961853027;10.600000381469728;10.760000228881836;0;2021-05-11 09:30:00-04:00
10.81999969482422;10.94499969482422;10.8100004196167;10.94499969482422;1090;2021-05-11 10:30:00-04:00
10.859999656677246;11.039999961853027;10.829999923706056;10.850000381469728;1124;2021-05-11 11:30:00-04:00
10.829999923706056;10.899999618530272;10.710000038146973;10.770000457763672;3055;2021-05-11 12:30:00-04:00
10.90999984741211;11.0;10.770000457763672;10.882699966430664;2610;2021-05-11 13:30:00-04:00
10.899999618530272;10.90999984741211;10.739999771118164;10.90999984741211;2649;2021-05-11 14:30:00-04:00
10.90999984741211;11.380000114440918;10.90999984741211;11.3100004196167;0;2021-05-11 15:30:00-04:00
11.206199645996094;11.236000061035156;10.8100004196167;10.899999618530272;2954;2021-05-12 09:30:00-04:00
11.18000030517578;11.18000030517578;10.770000457763672;11.130000114440918;4232;2021-05-12 10:30:00-04:00
10.930800437927246;10.979999542236328;10.899999618530272;10.899999618530272;954;2021-05-12 11:30:00-04:00
10.770000457763672;10.789999961853027;10.770000457763672;10.779999732971191;544;2021-05-12 12:30:00-04:00
10.779999732971191;10.859999656677246;10.56999969482422;10.56999969482422;5382;2021-05-12 13:30:00-04:00
10.68000030517578;10.979999542236328;10.57009983062744;10.640000343322754;4559;2021-05-12 14:30:00-04:00
10.59000015258789;10.979999542236328;10.56999969482422;10.84000015258789;5772;2021-05-12 15:30:00-04:00
10.9399995803833;10.9399995803833;10.670000076293944;10.890000343322754;1033;2021-05-13 09:30:00-04:00
10.770000457763672;10.770000457763672;10.25;10.449999809265137;7526;2021-05-13 10:30:00-04:00
10.536800384521484;10.600000381469728;10.40999984741211;10.5;3088;2021-05-13 11:30:00-04:00
10.43000030517578;10.43000030517578;9.850000381469728;9.9399995803833;10702;2021-05-13 12:30:00-04:00
9.859999656677246;10.020000457763672;9.800000190734863;9.890000343322754;4560;2021-05-13 13:30:00-04:00
9.92710018157959;10.06999969482422;9.829999923706056;9.9350004196167;1500;2021-05-13 14:30:00-04:00
10.0;10.0;9.75;9.75;11088;2021-05-13 15:30:00-04:00
10.119999885559082;10.395000457763672;9.821499824523926;10.395000457763672;0;2021-05-14 09:30:00-04:00
10.491499900817873;10.491499900817873;10.270000457763672;10.479999542236328;6259;2021-05-14 10:30:00-04:00
10.390000343322754;10.395000457763672;10.300000190734863;10.345000267028809;9694;2021-05-14 11:30:00-04:00
10.345000267028809;10.6899995803833;10.31999969482422;10.539999961853027;12746;2021-05-14 12:30:00-04:00
10.40999984741211;10.539999961853027;10.390000343322754;10.432499885559082;1785;2021-05-14 13:30:00-04:00
10.380000114440918;10.524999618530272;10.380000114440918;10.524999618530272;4133;2021-05-14 14:30:00-04:00
10.550000190734863;11.050000190734863;10.550000190734863;11.050000190734863;21167;2021-05-14 15:30:00-04:00
11.0;11.5;11.0;11.050000190734863;6317;2021-05-17 09:30:00-04:00
11.489999771118164;11.619999885559082;11.020000457763672;11.619999885559082;10539;2021-05-17 10:30:00-04:00
11.619999885559082;11.899999618530272;11.600000381469728;11.75;7605;2021-05-17 11:30:00-04:00
11.69499969482422;12.0;11.600000381469728;11.600000381469728;3299;2021-05-17 12:30:00-04:00
11.949999809265137;12.09000015258789;11.600000381469728;12.09000015258789;10522;2021-05-17 13:30:00-04:00
12.010000228881836;12.055700302124023;12.010000228881836;12.055700302124023;514;2021-05-17 14:30:00-04:00
12.050000190734863;12.149999618530272;12.0;12.149999618530272;16461;2021-05-17 15:30:00-04:00
12.122300148010254;12.199999809265137;12.010000228881836;12.095000267028809;1987;2021-05-18 09:30:00-04:00
12.116000175476074;12.149999618530272;11.550000190734863;12.0;6088;2021-05-18 10:30:00-04:00
12.0;12.0;11.90999984741211;11.960000038146973;1372;2021-05-18 11:30:00-04:00
12.0;12.020000457763672;11.984999656677246;12.020000457763672;481;2021-05-18 12:30:00-04:00
12.06999969482422;12.06999969482422;11.84000015258789;11.84000015258789;1027;2021-05-18 13:30:00-04:00
11.859999656677246;11.914999961853027;11.84000015258789;11.84000015258789;637;2021-05-18 14:30:00-04:00
11.859999656677246;12.06999969482422;11.829999923706056;12.029999732971191;13417;2021-05-18 15:30:00-04:00
11.93000030517578;12.56999969482422;11.850000381469728;12.56999969482422;13015;2021-05-19 09:30:00-04:00
12.0;12.369999885559082;12.0;12.050000190734863;9011;2021-05-19 10:30:00-04:00
12.270000457763672;12.911999702453612;12.0600004196167;12.649999618530272;11034;2021-05-19 11:30:00-04:00
12.65999984741211;13.279999732971191;12.65999984741211;12.917099952697754;6113;2021-05-19 12:30:00-04:00
13.09000015258789;13.34689998626709;12.800100326538086;12.920000076293944;6900;2021-05-19 13:30:00-04:00
12.970000267028809;13.289999961853027;12.81999969482422;13.06999969482422;8734;2021-05-19 14:30:00-04:00
13.274999618530272;13.354999542236328;12.649999618530272;12.6899995803833;80124;2021-05-19 15:30:00-04:00
13.40999984741211;14.369500160217283;13.300000190734863;13.94499969482422;23482;2021-05-20 09:30:00-04:00
13.9399995803833;14.350000381469728;13.65999984741211;14.260000228881836;35982;2021-05-20 10:30:00-04:00
14.260000228881836;14.460000038146973;14.0;14.050000190734863;42923;2021-05-20 11:30:00-04:00
14.100000381469728;14.220000267028809;13.895000457763672;14.164999961853027;40740;2021-05-20 12:30:00-04:00
14.19499969482422;14.710000038146973;14.170000076293944;14.421799659729004;14100;2021-05-20 13:30:00-04:00
14.500100135803224;14.640000343322754;14.359999656677246;14.640000343322754;9356;2021-05-20 14:30:00-04:00
14.539999961853027;14.609999656677246;14.350000381469728;14.494999885559082;38920;2021-05-20 15:30:00-04:00
15.850000381469728;18.57990074157715;15.67039966583252;17.799999237060547;387315;2021-05-21 09:30:00-04:00
17.760000228881836;18.11000061035156;17.559999465942383;17.950000762939453;105883;2021-05-21 10:30:00-04:00
17.979999542236328;18.020000457763672;16.616300582885742;17.479999542236328;192896;2021-05-21 11:30:00-04:00
17.510000228881836;17.8799991607666;17.34000015258789;17.6200008392334;38508;2021-05-21 12:30:00-04:00
17.799999237060547;18.100000381469727;17.520000457763672;17.93000030517578;122984;2021-05-21 13:30:00-04:00
17.96500015258789;18.0;17.549999237060547;17.684999465942383;100873;2021-05-21 14:30:00-04:00
17.684999465942383;19.739999771118164;17.56999969482422;17.56999969482422;279878;2021-05-21 15:30:00-04:00
17.8799991607666;18.07999992370605;15.1899995803833;16.239999771118164;97660;2021-05-24 09:30:00-04:00
16.155399322509766;16.399999618530273;16.010000228881836;16.290000915527344;28948;2021-05-24 10:30:00-04:00
16.350000381469727;17.040000915527344;16.230499267578125;16.969999313354492;39433;2021-05-24 11:30:00-04:00
16.959999084472656;17.459999084472656;16.899999618530273;17.1299991607666;47470;2021-05-24 12:30:00-04:00
17.084999084472656;17.34000015258789;17.059999465942383;17.260000228881836;26355;2021-05-24 13:30:00-04:00
17.280000686645508;17.959999084472656;17.060100555419922;17.950000762939453;30931;2021-05-24 14:30:00-04:00
17.93000030517578;18.450000762939453;17.239999771118164;18.420000076293945;56179;2021-05-24 15:30:00-04:00
18.170000076293945;18.280000686645508;17.079999923706055;17.190000534057617;37486;2021-05-25 09:30:00-04:00
17.25;17.31999969482422;16.43000030517578;17.040000915527344;28863;2021-05-25 10:30:00-04:00
17.040000915527344;17.309999465942383;16.8799991607666;17.045000076293945;13172;2021-05-25 11:30:00-04:00
17.045000076293945;17.079999923706055;16.899999618530273;16.989999771118164;7540;2021-05-25 12:30:00-04:00
16.899999618530273;17.290000915527344;16.809999465942383;17.014999389648438;22604;2021-05-25 13:30:00-04:00
16.809999465942383;16.809999465942383;16.280000686645508;16.290000915527344;17436;2021-05-25 14:30:00-04:00
16.350000381469727;16.3799991607666;15.5;15.510000228881836;14361;2021-05-25 15:30:00-04:00
15.31999969482422;16.549999237060547;14.93000030517578;15.869999885559082;18719;2021-05-26 09:30:00-04:00
15.869999885559082;16.25309944152832;15.869999885559082;16.010000228881836;7687;2021-05-26 10:30:00-04:00
16.010000228881836;16.030000686645508;15.869999885559082;15.880000114440918;9143;2021-05-26 11:30:00-04:00
15.869999885559082;16.229999542236328;15.869999885559082;16.1200008392334;9876;2021-05-26 12:30:00-04:00
16.040000915527344;16.040000915527344;16.0;16.010000228881836;724;2021-05-26 13:30:00-04:00
16.030000686645508;16.059999465942383;15.869999885559082;15.899999618530272;20664;2021-05-26 14:30:00-04:00
15.899999618530272;16.110000610351562;15.870100021362305;15.9399995803833;5835;2021-05-26 15:30:00-04:00
16.100000381469727;16.979999542236328;16.100000381469727;16.440000534057617;33111;2021-05-27 09:30:00-04:00
16.492399215698242;16.492399215698242;15.529999732971191;15.550000190734863;19830;2021-05-27 10:30:00-04:00
15.90999984741211;16.079999923706055;15.579999923706056;15.609999656677246;15094;2021-05-27 11:30:00-04:00
15.640000343322754;15.970000267028809;15.609999656677246;15.649999618530272;5774;2021-05-27 12:30:00-04:00
15.8100004196167;15.95989990234375;15.800000190734863;15.800000190734863;5021;2021-05-27 13:30:00-04:00
15.8100004196167;15.890000343322754;15.760000228881836;15.835000038146973;7710;2021-05-27 14:30:00-04:00
15.899999618530272;15.899999618530272;15.760000228881836;15.760000228881836;5077;2021-05-27 15:30:00-04:00
15.859999656677246;15.859999656677246;15.500100135803224;15.770000457763672;3447;2021-05-28 09:30:00-04:00
15.8100004196167;15.81999969482422;15.56999969482422;15.78499984741211;6674;2021-05-28 10:30:00-04:00
15.779999732971191;15.789999961853027;15.770000457763672;15.770000457763672;573;2021-05-28 11:30:00-04:00
15.770000457763672;15.770000457763672;13.260000228881836;13.5;71902;2021-05-28 12:30:00-04:00
13.449999809265137;13.829999923706056;13.119999885559082;13.729999542236328;39824;2021-05-28 13:30:00-04:00
13.75;13.829999923706056;13.289999961853027;13.5;21271;2021-05-28 14:30:00-04:00
13.523699760437012;15.6899995803833;13.5;15.260000228881836;155178;2021-05-28 15:30:00-04:00
14.81999969482422;15.75;14.81999969482422;15.420000076293944;46594;2021-06-01 09:30:00-04:00
15.420000076293944;15.609999656677246;14.922499656677246;15.225000381469728;16162;2021-06-01 10:30:00-04:00
15.21500015258789;15.359999656677246;15.05500030517578;15.140000343322754;4934;2021-06-01 11:30:00-04:00
15.135000228881836;15.399999618530272;15.100000381469728;15.3100004196167;9766;2021-06-01 12:30:00-04:00
15.199999809265137;15.270000457763672;14.539999961853027;14.880000114440918;21215;2021-06-01 13:30:00-04:00
14.853799819946287;14.949999809265137;14.68000030517578;14.71500015258789;4924;2021-06-01 14:30:00-04:00
14.71500015258789;14.885000228881836;14.670000076293944;14.800000190734863;25315;2021-06-01 15:30:00-04:00
15.020000457763672;15.640000343322754;14.550100326538086;15.604999542236328;31730;2021-06-02 09:30:00-04:00
15.640000343322754;16.93000030517578;15.625;16.460399627685547;29829;2021-06-02 10:30:00-04:00
16.18000030517578;16.450000762939453;15.75;15.9399995803833;11624;2021-06-02 11:30:00-04:00
15.760000228881836;16.29400062561035;15.699999809265137;15.799400329589844;13895;2021-06-02 12:30:00-04:00
15.789999961853027;15.970000267028809;15.300000190734863;15.5;28702;2021-06-02 13:30:00-04:00
15.399999618530272;15.5;15.300000190734863;15.420000076293944;23738;2021-06-02 14:30:00-04:00
15.420000076293944;15.479999542236328;14.500100135803224;14.8100004196167;38188;2021-06-02 15:30:00-04:00
14.75;16.159900665283203;14.010000228881836;14.779999732971191;38013;2021-06-03 09:30:00-04:00
14.779999732971191;15.220000267028809;14.779999732971191;14.979999542236328;12333;2021-06-03 10:30:00-04:00
15.0;15.0;14.829999923706056;14.880000114440918;17437;2021-06-03 11:30:00-04:00
14.880000114440918;15.1850004196167;14.850000381469728;14.960000038146973;6827;2021-06-03 12:30:00-04:00
14.960000038146973;15.086799621582031;14.899999618530272;15.0;10696;2021-06-03 13:30:00-04:00
14.989999771118164;15.160099983215332;14.81999969482422;15.095000267028809;21031;2021-06-03 14:30:00-04:00
15.095000267028809;15.18000030517578;14.90999984741211;15.0;17406;2021-06-03 15:30:00-04:00
14.970000267028809;15.149999618530272;14.81999969482422;14.9399995803833;31582;2021-06-04 09:30:00-04:00
14.920000076293944;14.93000030517578;14.350000381469728;14.600000381469728;17307;2021-06-04 10:30:00-04:00
14.56999969482422;14.649999618530272;13.359999656677246;13.43000030517578;58414;2021-06-04 11:30:00-04:00
13.369999885559082;13.670000076293944;13.31999969482422;13.389599800109863;26550;2021-06-04 12:30:00-04:00
13.34000015258789;13.631999969482422;13.329999923706056;13.46500015258789;19915;2021-06-04 13:30:00-04:00
13.46500015258789;13.600000381469728;13.199999809265137;13.395000457763672;21431;2021-06-04 14:30:00-04:00
13.359999656677246;13.739999771118164;13.199999809265137;13.350000381469728;38264;2021-06-04 15:30:00-04:00
13.56999969482422;14.489999771118164;13.270099639892578;14.229999542236328;34667;2021-06-07 09:30:00-04:00
14.279999732971191;14.670000076293944;13.649999618530272;14.645000457763672;29549;2021-06-07 10:30:00-04:00
14.649999618530272;14.965299606323242;14.300000190734863;14.5649995803833;25231;2021-06-07 11:30:00-04:00
14.449999809265137;14.949999809265137;14.170000076293944;14.359999656677246;42627;2021-06-07 12:30:00-04:00
14.359999656677246;14.43000030517578;13.840100288391112;14.039999961853027;15431;2021-06-07 13:30:00-04:00
13.970000267028809;14.520000457763672;13.610099792480469;13.975000381469728;31355;2021-06-07 14:30:00-04:00
14.0600004196167;14.470000267028809;13.890000343322754;14.09000015258789;41597;2021-06-07 15:30:00-04:00
14.25;14.760000228881836;14.25;14.609999656677246;0;2021-06-08 09:30:00-04:00
14.710000038146973;14.710000038146973;14.40999984741211;14.46500015258789;19095;2021-06-08 10:30:00-04:00
14.46500015258789;14.520000457763672;14.100000381469728;14.199999809265137;52477;2021-06-08 11:30:00-04:00
14.15999984741211;14.18000030517578;14.050000190734863;14.125;16501;2021-06-08 12:30:00-04:00
14.130000114440918;14.130000114440918;14.020000457763672;14.0600004196167;9236;2021-06-08 13:30:00-04:00
14.050000190734863;14.375;14.020000457763672;14.199999809265137;13214;2021-06-08 14:30:00-04:00
14.199999809265137;14.199999809265137;13.779999732971191;13.93000030517578;24097;2021-06-08 15:30:00-04:00
14.260000228881836;14.859999656677246;14.15999984741211;14.579999923706056;29979;2021-06-09 09:30:00-04:00
14.579999923706056;14.649999618530272;13.789999961853027;13.850000381469728;30475;2021-06-09 10:30:00-04:00
13.920000076293944;14.039999961853027;13.670000076293944;13.75;17656;2021-06-09 11:30:00-04:00
13.770000457763672;13.789999961853027;13.550000190734863;13.713500022888184;9659;2021-06-09 12:30:00-04:00
13.75;13.920000076293944;13.649999618530272;13.850000381469728;29648;2021-06-09 13:30:00-04:00
13.850000381469728;14.265000343322754;13.75;14.114999771118164;46397;2021-06-09 14:30:00-04:00
14.079999923706056;14.175000190734863;13.699999809265137;13.699999809265137;44705;2021-06-09 15:30:00-04:00
14.0;14.220000267028809;13.729999542236328;14.085000038146973;0;2021-06-10 09:30:00-04:00
14.05500030517578;14.100000381469728;14.0;14.079999923706056;16725;2021-06-10 10:30:00-04:00
14.079999923706056;14.140000343322754;14.0;14.045000076293944;20220;2021-06-10 11:30:00-04:00
14.050000190734863;14.170000076293944;14.0;14.170000076293944;15667;2021-06-10 12:30:00-04:00
14.125;14.149999618530272;14.0;14.119999885559082;10383;2021-06-10 13:30:00-04:00
14.119999885559082;14.350000381469728;14.079999923706056;14.239999771118164;10588;2021-06-10 14:30:00-04:00
14.279999732971191;14.329999923706056;14.079999923706056;14.234999656677246;26470;2021-06-10 15:30:00-04:00
14.31999969482422;14.425000190734863;14.15999984741211;14.1899995803833;4648;2021-06-11 09:30:00-04:00
14.1899995803833;14.199999809265137;14.010000228881836;14.145000457763672;4164;2021-06-11 10:30:00-04:00
14.000100135803224;15.081199645996094;14.0;14.859999656677246;8659;2021-06-11 11:30:00-04:00
14.549400329589844;14.81999969482422;14.199999809265137;14.274999618530272;6209;2021-06-11 12:30:00-04:00
14.284000396728516;14.460000038146973;14.284000396728516;14.4399995803833;1406;2021-06-11 13:30:00-04:00
14.425000190734863;14.449999809265137;14.420000076293944;14.449999809265137;1061;2021-06-11 14:30:00-04:00
14.40999984741211;14.449999809265137;14.359999656677246;14.40999984741211;5089;2021-06-11 15:30:00-04:00
14.449999809265137;14.9399995803833;14.449999809265137;14.5600004196167;0;2021-06-14 09:30:00-04:00
14.510000228881836;14.699999809265137;14.289999961853027;14.434000015258787;15070;2021-06-14 10:30:00-04:00
14.470000267028809;14.899999618530272;14.470000267028809;14.720000267028809;8647;2021-06-14 11:30:00-04:00
14.640000343322754;14.960000038146973;14.640000343322754;14.850000381469728;2509;2021-06-14 12:30:00-04:00
14.65999984741211;14.885000228881836;14.5;14.510000228881836;9651;2021-06-14 13:30:00-04:00
14.539999961853027;14.779999732971191;14.539999961853027;14.600000381469728;3219;2021-06-14 14:30:00-04:00
14.59000015258789;14.81999969482422;14.510000228881836;14.68000030517578;9468;2021-06-14 15:30:00-04:00
14.479999542236328;14.649999618530272;13.890000343322754;14.0;8412;2021-06-15 09:30:00-04:00
14.130000114440918;14.390000343322754;13.824999809265137;14.279999732971191;18026;2021-06-15 10:30:00-04:00
14.300000190734863;14.329999923706056;14.199999809265137;14.329999923706056;4083;2021-06-15 11:30:00-04:00
14.25;14.260000228881836;14.149999618530272;14.154999732971191;7126;2021-06-15 12:30:00-04:00
14.204999923706056;14.420000076293944;14.149999618530272;14.329999923706056;6299;2021-06-15 13:30:00-04:00
14.329999923706056;14.494999885559082;14.25;14.300000190734863;4311;2021-06-15 14:30:00-04:00
14.31999969482422;14.850000381469728;14.21500015258789;14.84000015258789;30938;2021-06-15 15:30:00-04:00
14.850000381469728;14.880000114440918;14.359999656677246;14.489999771118164;10164;2021-06-16 09:30:00-04:00
14.43000030517578;14.54740047454834;13.979999542236328;14.050000190734863;25683;2021-06-16 10:30:00-04:00
14.050000190734863;14.218299865722656;13.760000228881836;14.0;27380;2021-06-16 11:30:00-04:00
14.0;14.09000015258789;13.880000114440918;13.880000114440918;5902;2021-06-16 12:30:00-04:00
14.020000457763672;14.15999984741211;13.954999923706056;14.0;21577;2021-06-16 13:30:00-04:00
14.024999618530272;14.145000457763672;13.880000114440918;14.0;13897;2021-06-16 14:30:00-04:00
14.010000228881836;14.085000038146973;13.800000190734863;13.970000267028809;32392;2021-06-16 15:30:00-04:00
13.710000038146973;14.119999885559082;13.710000038146973;14.119999885559082;0;2021-06-17 09:30:00-04:00
13.970000267028809;14.109999656677246;13.93000030517578;13.93000030517578;4240;2021-06-17 10:30:00-04:00
14.020000457763672;14.170000076293944;14.0;14.0;8420;2021-06-17 11:30:00-04:00
14.050000190734863;14.109999656677246;14.010000228881836;14.010000228881836;2816;2021-06-17 12:30:00-04:00
14.029999732971191;14.199999809265137;13.960000038146973;14.199999809265137;9318;2021-06-17 13:30:00-04:00
14.260000228881836;14.5;14.130000114440918;14.170000076293944;12022;2021-06-17 14:30:00-04:00
14.170000076293944;14.350000381469728;14.100000381469728;14.109999656677246;6360;2021-06-17 15:30:00-04:00
14.199999809265137;14.399999618530272;14.0;14.0;0;2021-06-18 09:30:00-04:00
14.050000190734863;14.15999984741211;13.81999969482422;13.949999809265137;22257;2021-06-18 10:30:00-04:00
13.960000038146973;14.050000190734863;13.8100004196167;13.9399995803833;13151;2021-06-18 11:30:00-04:00
13.920000076293944;13.960000038146973;13.81999969482422;13.885000228881836;4682;2021-06-18 12:30:00-04:00
13.829999923706056;13.949999809265137;13.600000381469728;13.619999885559082;23479;2021-06-18 13:30:00-04:00
13.600000381469728;13.725000381469728;13.44499969482422;13.539600372314451;13020;2021-06-18 14:30:00-04:00
13.65999984741211;13.93000030517578;13.3100004196167;13.65999984741211;40986;2021-06-18 15:30:00-04:00
13.75;14.020000457763672;13.31999969482422;13.510000228881836;0;2021-06-21 09:30:00-04:00
13.31999969482422;13.6899995803833;13.229999542236328;13.43000030517578;17334;2021-06-21 10:30:00-04:00
13.484999656677246;13.56999969482422;13.385000228881836;13.385000228881836;13282;2021-06-21 11:30:00-04:00
13.34000015258789;13.479999542236328;13.260000228881836;13.350000381469728;53712;2021-06-21 12:30:00-04:00
13.3100004196167;14.175000190734863;13.3100004196167;13.59000015258789;23761;2021-06-21 13:30:00-04:00
13.510000228881836;13.720000267028809;13.4350004196167;13.4350004196167;9958;2021-06-21 14:30:00-04:00
13.44499969482422;13.65999984741211;13.34000015258789;13.579999923706056;23865;2021-06-21 15:30:00-04:00
13.640000343322754;13.880000114440918;13.539999961853027;13.8100004196167;4223;2021-06-22 09:30:00-04:00
13.524999618530272;13.699999809265137;13.5;13.5;32496;2021-06-22 10:30:00-04:00
13.5;13.640000343322754;13.199999809265137;13.25;24923;2021-06-22 11:30:00-04:00
13.25;13.550000190734863;13.18000030517578;13.425000190734863;38675;2021-06-22 12:30:00-04:00
13.399999618530272;13.800000190734863;13.199999809265137;13.279999732971191;51034;2021-06-22 13:30:00-04:00
13.250499725341797;13.390000343322754;13.130000114440918;13.3100004196167;38552;2021-06-22 14:30:00-04:00
13.274999618530272;13.470000267028809;13.1899995803833;13.399999618530272;24780;2021-06-22 15:30:00-04:00
13.460000038146973;13.789999961853027;13.350000381469728;13.649999618530272;5562;2021-06-23 09:30:00-04:00
13.649999618530272;13.789999961853027;13.43000030517578;13.755000114440918;13338;2021-06-23 10:30:00-04:00
13.720000267028809;14.06999969482422;13.720000267028809;13.989999771118164;6985;2021-06-23 11:30:00-04:00
14.100000381469728;14.34000015258789;13.970000267028809;14.090499877929688;5888;2021-06-23 12:30:00-04:00
14.0600004196167;14.300000190734863;13.960000038146973;14.300000190734863;8325;2021-06-23 13:30:00-04:00
14.279999732971191;14.350000381469728;13.449999809265137;13.449999809265137;43565;2021-06-23 14:30:00-04:00
13.449999809265137;13.8100004196167;13.15999984741211;13.300000190734863;113115;2021-06-23 15:30:00-04:00
13.5;13.746500015258787;13.460000038146973;13.694000244140623;4219;2021-06-24 09:30:00-04:00
13.630000114440918;13.75;13.619999885559082;13.630000114440918;5888;2021-06-24 10:30:00-04:00
13.739999771118164;14.18000030517578;13.649999618530272;13.789999961853027;34818;2021-06-24 11:30:00-04:00
13.720000267028809;13.84000015258789;13.520000457763672;13.6899995803833;9994;2021-06-24 12:30:00-04:00
13.614999771118164;13.739999771118164;13.5;13.619999885559082;14227;2021-06-24 13:30:00-04:00
13.710000038146973;13.75;13.619999885559082;13.75;10820;2021-06-24 14:30:00-04:00
13.75;13.760000228881836;13.6899995803833;13.75;20054;2021-06-24 15:30:00-04:00
13.760000228881836;13.760000228881836;13.271499633789062;13.529399871826172;17771;2021-06-25 09:30:00-04:00
13.510000228881836;13.590399742126465;13.489999771118164;13.539999961853027;5383;2021-06-25 10:30:00-04:00
13.420000076293944;13.604999542236328;13.420000076293944;13.510000228881836;5766;2021-06-25 11:30:00-04:00
13.5;13.550000190734863;13.5;13.529999732971191;5701;2021-06-25 12:30:00-04:00
13.510000228881836;13.515000343322754;13.130000114440918;13.479999542236328;3823;2021-06-25 13:30:00-04:00
13.34000015258789;13.600000381469728;13.300000190734863;13.43000030517578;9189;2021-06-25 14:30:00-04:00
13.449999809265137;13.649999618530272;13.25;13.630000114440918;23268;2021-06-25 15:30:00-04:00
13.399999618530272;13.489999771118164;12.899999618530272;13.140000343322754;0;2021-06-28 09:30:00-04:00
13.100000381469728;13.199999809265137;13.010000228881836;13.024999618530272;15808;2021-06-28 10:30:00-04:00
12.989999771118164;13.220000267028809;12.989999771118164;13.1899995803833;9890;2021-06-28 11:30:00-04:00
13.15999984741211;13.380000114440918;13.050000190734863;13.079999923706056;4783;2021-06-28 12:30:00-04:00
13.100000381469728;13.119999885559082;13.0;13.119999885559082;11522;2021-06-28 13:30:00-04:00
13.050000190734863;13.220000267028809;13.020000457763672;13.100000381469728;17955;2021-06-28 14:30:00-04:00
13.06999969482422;13.479999542236328;13.045000076293944;13.390000343322754;30273;2021-06-28 15:30:00-04:00
13.4399995803833;13.479999542236328;13.010000228881836;13.109999656677246;0;2021-06-29 09:30:00-04:00
13.380000114440918;13.380000114440918;13.010000228881836;13.050100326538086;11512;2021-06-29 10:30:00-04:00
13.095000267028809;13.135000228881836;13.0649995803833;13.135000228881836;7152;2021-06-29 11:30:00-04:00
13.100000381469728;13.149999618530272;13.050000190734863;13.079999923706056;4132;2021-06-29 12:30:00-04:00
13.049500465393066;13.1899995803833;13.0;13.085000038146973;41032;2021-06-29 13:30:00-04:00
13.06999969482422;13.15999984741211;13.0649995803833;13.135000228881836;6385;2021-06-29 14:30:00-04:00
13.095000267028809;13.15999984741211;13.0649995803833;13.100000381469728;6295;2021-06-29 15:30:00-04:00
13.149999618530272;13.385499954223633;12.199999809265137;12.789999961853027;0;2021-06-30 09:30:00-04:00
12.8100004196167;13.0;12.8100004196167;12.984999656677246;3303;2021-06-30 10:30:00-04:00
12.975000381469728;13.0;12.81999969482422;12.81999969482422;4088;2021-06-30 11:30:00-04:00
12.8100004196167;12.979999542236328;12.710000038146973;12.84000015258789;5656;2021-06-30 12:30:00-04:00
12.975000381469728;12.979900360107422;12.880000114440918;12.970000267028809;5179;2021-06-30 13:30:00-04:00
12.890000343322754;12.960000038146973;12.81999969482422;12.850000381469728;3404;2021-06-30 14:30:00-04:00
12.795000076293944;13.0;12.710000038146973;12.960000038146973;14705;2021-06-30 15:30:00-04:00
12.8100004196167;13.0;12.119999885559082;12.520000457763672;105740;2021-07-01 09:30:00-04:00
12.34000015258789;12.649999618530272;11.614999771118164;11.800000190734863;42601;2021-07-01 10:30:00-04:00
12.050000190734863;12.279899597167969;11.687000274658203;12.217499732971191;135990;2021-07-01 11:30:00-04:00
12.229999542236328;12.36989974975586;12.150099754333496;12.329999923706056;5110;2021-07-01 12:30:00-04:00
12.329999923706056;12.350000381469728;12.239999771118164;12.289999961853027;7490;2021-07-01 13:30:00-04:00
12.289999961853027;12.354999542236328;12.274999618530272;12.329999923706056;10946;2021-07-01 14:30:00-04:00
12.399999618530272;12.600000381469728;12.350000381469728;12.44499969482422;14250;2021-07-01 15:30:00-04:00
11.114999771118164;11.119999885559082;11.0;11.0600004196167;2055;2021-07-07 14:30:00-04:00
10.920000076293944;11.260000228881836;10.8100004196167;11.079999923706056;8448;2021-07-08 09:30:00-04:00
10.949999809265137;11.229999542236328;10.899999618530272;11.0;17245;2021-07-08 10:30:00-04:00
11.0;11.255000114440918;10.979999542236328;11.104999542236328;15232;2021-07-08 11:30:00-04:00
11.079999923706056;11.1899995803833;11.015000343322754;11.029999732971191;11238;2021-07-08 12:30:00-04:00
11.029999732971191;11.770000457763672;11.0;11.260000228881836;47118;2021-07-08 13:30:00-04:00
11.260000228881836;11.770000457763672;11.039999961853027;11.15999984741211;20238;2021-07-08 14:30:00-04:00
11.31999969482422;11.369999885559082;11.15999984741211;11.279999732971191;36056;2021-07-08 15:30:00-04:00
11.4399995803833;11.854999542236328;11.09000015258789;11.6899995803833;0;2021-07-09 09:30:00-04:00
11.729999542236328;12.010000228881836;11.649999618530272;11.770000457763672;8344;2021-07-09 10:30:00-04:00
11.789999961853027;12.06999969482422;11.789999961853027;11.9399995803833;12091;2021-07-09 11:30:00-04:00
11.949999809265137;12.015000343322754;11.81999969482422;11.93000030517578;6186;2021-07-09 12:30:00-04:00
11.895000457763672;12.102499961853027;11.864999771118164;11.899999618530272;10086;2021-07-09 13:30:00-04:00
11.890000343322754;12.010000228881836;11.68000030517578;11.68000030517578;9088;2021-07-09 14:30:00-04:00
11.699999809265137;11.9399995803833;11.68000030517578;11.9399995803833;19643;2021-07-09 15:30:00-04:00
11.949999809265137;12.06999969482422;11.479999542236328;11.494999885559082;0;2021-07-12 09:30:00-04:00
11.494999885559082;11.800000190734863;11.494999885559082;11.755000114440918;13544;2021-07-12 10:30:00-04:00
11.75;11.925000190734863;11.699999809265137;11.84000015258789;6185;2021-07-12 11:30:00-04:00
11.829999923706056;11.850000381469728;11.720000267028809;11.84000015258789;11166;2021-07-12 12:30:00-04:00
11.789999961853027;11.8100004196167;11.630000114440918;11.661499977111816;7791;2021-07-12 13:30:00-04:00
11.630000114440918;11.989999771118164;11.609999656677246;11.885000228881836;13437;2021-07-12 14:30:00-04:00
11.920000076293944;12.0;11.829999923706056;11.979999542236328;6952;2021-07-12 15:30:00-04:00
11.829999923706056;11.829999923706056;11.529999732971191;11.739999771118164;0;2021-07-13 09:30:00-04:00
11.739999771118164;12.045000076293944;11.6899995803833;11.850000381469728;9185;2021-07-13 10:30:00-04:00
11.850000381469728;12.010000228881836;11.770000457763672;11.779999732971191;21109;2021-07-13 11:30:00-04:00
11.774999618530272;11.920000076293944;11.649999618530272;11.710000038146973;12767;2021-07-13 12:30:00-04:00
11.710000038146973;11.829999923706056;11.56999969482422;11.829999923706056;24112;2021-07-13 13:30:00-04:00
11.6899995803833;11.890000343322754;11.670000076293944;11.699999809265137;8567;2021-07-13 14:30:00-04:00
11.710000038146973;11.824399948120115;11.699999809265137;11.789999961853027;6138;2021-07-13 15:30:00-04:00
12.0;12.0;11.449999809265137;11.470000267028809;0;2021-07-14 09:30:00-04:00
11.449999809265137;11.600000381469728;11.09000015258789;11.229999542236328;23009;2021-07-14 10:30:00-04:00
11.140000343322754;11.289999961853027;11.0;11.05500030517578;10510;2021-07-14 11:30:00-04:00
11.05500030517578;11.720000267028809;11.010000228881836;11.390000343322754;13669;2021-07-14 12:30:00-04:00
11.369999885559082;11.390000343322754;11.050000190734863;11.050000190734863;8355;2021-07-14 13:30:00-04:00
11.149999618530272;11.1899995803833;11.050000190734863;11.09000015258789;7021;2021-07-14 14:30:00-04:00
11.09000015258789;11.359999656677246;11.09000015258789;11.3100004196167;30770;2021-07-14 15:30:00-04:00
11.15999984741211;11.15999984741211;10.529999732971191;10.920000076293944;33591;2021-07-15 09:30:00-04:00
10.920000076293944;11.039999961853027;10.640000343322754;10.899999618530272;18264;2021-07-15 10:30:00-04:00
10.895000457763672;11.125;10.895000457763672;11.095000267028809;13478;2021-07-15 11:30:00-04:00
11.095000267028809;11.3100004196167;11.09000015258789;11.109999656677246;11401;2021-07-15 12:30:00-04:00
11.109999656677246;11.270000457763672;10.890000343322754;11.109999656677246;24265;2021-07-15 13:30:00-04:00
11.109999656677246;11.239999771118164;11.109999656677246;11.149999618530272;12274;2021-07-15 14:30:00-04:00
11.149999618530272;11.369999885559082;11.130000114440918;11.149999618530272;13092;2021-07-15 15:30:00-04:00
11.329999923706056;11.329999923706056;11.199999809265137;11.199999809265137;0;2021-07-16 09:30:00-04:00
11.359999656677246;11.359999656677246;11.359999656677246;11.359999656677246;367;2021-07-16 10:30:00-04:00
11.619999885559082;11.619999885559082;11.609999656677246;11.609999656677246;1113;2021-07-16 11:30:00-04:00
11.579999923706056;11.739999771118164;11.579999923706056;11.739999771118164;448;2021-07-16 12:30:00-04:00
11.729999542236328;11.850000381469728;11.710000038146973;11.81999969482422;2664;2021-07-16 13:30:00-04:00
11.729999542236328;11.770000457763672;11.5600004196167;11.5600004196167;2849;2021-07-16 14:30:00-04:00
11.529999732971191;11.529999732971191;11.3100004196167;11.3100004196167;9456;2021-07-16 15:30:00-04:00
11.289999961853027;11.289999961853027;11.100000381469728;11.149999618530272;0;2021-07-19 09:30:00-04:00
11.141599655151367;11.170000076293944;11.119999885559082;11.170000076293944;1981;2021-07-19 10:30:00-04:00
11.109999656677246;11.229999542236328;11.109999656677246;11.199999809265137;7199;2021-07-19 11:30:00-04:00
11.199999809265137;11.199999809265137;11.100000381469728;11.100000381469728;3151;2021-07-19 12:30:00-04:00
11.100000381469728;11.109999656677246;11.100000381469728;11.100000381469728;1474;2021-07-19 13:30:00-04:00
11.119999885559082;11.15999984741211;11.100000381469728;11.100000381469728;7755;2021-07-19 14:30:00-04:00
11.154999732971191;11.25;11.119999885559082;11.229999542236328;4580;2021-07-19 15:30:00-04:00
11.25;11.300000190734863;11.100000381469728;11.109999656677246;0;2021-07-20 09:30:00-04:00
11.170000076293944;11.5;11.109999656677246;11.289999961853027;7365;2021-07-20 10:30:00-04:00
11.31999969482422;11.664999961853027;11.279999732971191;11.454999923706056;4954;2021-07-20 11:30:00-04:00
11.3100004196167;11.619999885559082;11.210000038146973;11.449999809265137;31470;2021-07-20 12:30:00-04:00
11.390000343322754;11.520000457763672;11.100000381469728;11.270000457763672;44987;2021-07-20 13:30:00-04:00
11.260000228881836;11.619999885559082;11.1899995803833;11.43000030517578;42608;2021-07-20 14:30:00-04:00
11.454999923706056;11.56999969482422;11.229999542236328;11.479999542236328;58652;2021-07-20 15:30:00-04:00
11.84000015258789;11.84000015258789;11.84000015258789;11.84000015258789;0;2021-07-21 15:53:29-04:00
