Open;High;Low;Close;Volume;Time
65.30999755859375;67.54000091552734;65.30999755859375;67.13500213623047;0;2019-07-23 09:30:00-04:00
66.94000244140625;67.5;66.93000030517578;67.5;3875;2019-07-23 10:30:00-04:00
67.3499984741211;67.70999908447266;67.25;67.5;7791;2019-07-23 11:30:00-04:00
67.38999938964844;67.54499816894531;67.25;67.27999877929688;4964;2019-07-23 12:30:00-04:00
67.11000061035156;67.31999969482422;66.91000366210938;66.91000366210938;13685;2019-07-23 13:30:00-04:00
66.8499984741211;67.2699966430664;66.77999877929688;67.06999969482422;10889;2019-07-23 14:30:00-04:00
67.03500366210938;67.41999816894531;67.03500366210938;67.36000061035156;18822;2019-07-23 15:30:00-04:00
67.3499984741211;67.61000061035156;66.55000305175781;67.16000366210938;20959;2019-07-24 09:30:00-04:00
67.01000213623047;67.63999938964844;67.01000213623047;67.63999938964844;6124;2019-07-24 10:30:00-04:00
67.69999694824219;68.20999908447266;67.69999694824219;68.13500213623047;7554;2019-07-24 11:30:00-04:00
68.18000030517578;68.27999877929688;67.62999725341797;67.69000244140625;10815;2019-07-24 12:30:00-04:00
67.69000244140625;67.96499633789062;67.56999969482422;67.96499633789062;10740;2019-07-24 13:30:00-04:00
67.96499633789062;68.0;67.51000213623047;68.0;14486;2019-07-24 14:30:00-04:00
67.94999694824219;68.0199966430664;67.57499694824219;67.73999786376953;28838;2019-07-24 15:30:00-04:00
68.0199966430664;68.77999877929688;67.86000061035156;68.06500244140625;20339;2019-07-25 09:30:00-04:00
68.21749877929688;68.5250015258789;67.83000183105469;67.83000183105469;25493;2019-07-25 10:30:00-04:00
67.88999938964844;67.96499633789062;67.30000305175781;67.68000030517578;14547;2019-07-25 11:30:00-04:00
67.6500015258789;67.6500015258789;67.0;67.13999938964844;16468;2019-07-25 12:30:00-04:00
67.08000183105469;67.41999816894531;66.93000030517578;67.18000030517578;8568;2019-07-25 13:30:00-04:00
67.08999633789062;67.47000122070312;67.02999877929688;67.04000091552734;12687;2019-07-25 14:30:00-04:00
67.08999633789062;67.5199966430664;67.08999633789062;67.19000244140625;23275;2019-07-25 15:30:00-04:00
67.48999786376953;68.52999877929688;67.48999786376953;68.36000061035156;10737;2019-07-26 09:30:00-04:00
68.69999694824219;69.26499938964844;68.69999694824219;69.08499908447266;24452;2019-07-26 10:30:00-04:00
69.06999969482422;69.06999969482422;68.5510025024414;68.7249984741211;12222;2019-07-26 11:30:00-04:00
68.7249984741211;69.08000183105469;68.41000366210938;68.48999786376953;16489;2019-07-26 12:30:00-04:00
68.50499725341797;68.83000183105469;68.41999816894531;68.77999877929688;11163;2019-07-26 13:30:00-04:00
68.83499908447266;69.36000061035156;68.4000015258789;69.27999877929688;40879;2019-07-26 14:30:00-04:00
69.27999877929688;69.62999725341797;69.22000122070312;69.51000213623047;22375;2019-07-26 15:30:00-04:00
69.45999908447266;69.62999725341797;68.6050033569336;68.6050033569336;23319;2019-07-29 09:30:00-04:00
68.625;69.23999786376953;68.58999633789062;68.88999938964844;39660;2019-07-29 10:30:00-04:00
68.83000183105469;69.12000274658203;68.41000366210938;68.41000366210938;15191;2019-07-29 11:30:00-04:00
68.37000274658203;68.67500305175781;68.20999908447266;68.43000030517578;14365;2019-07-29 12:30:00-04:00
68.44000244140625;68.45999908447266;68.12000274658203;68.20999908447266;8039;2019-07-29 13:30:00-04:00
68.22000122070312;68.59500122070312;68.0;68.1500015258789;34042;2019-07-29 14:30:00-04:00
68.18499755859375;68.22000122070312;67.9000015258789;67.97000122070312;49388;2019-07-29 15:30:00-04:00
67.76000213623047;68.375;66.94000244140625;67.98999786376953;88653;2019-07-30 09:30:00-04:00
67.94000244140625;68.03500366210938;67.27999877929688;67.52999877929688;55174;2019-07-30 10:30:00-04:00
67.56999969482422;68.83999633789062;67.4800033569336;67.75;137066;2019-07-30 11:30:00-04:00
67.69999694824219;67.98999786376953;67.30500030517578;67.45099639892578;57348;2019-07-30 12:30:00-04:00
67.44999694824219;67.56999969482422;67.12999725341797;67.12999725341797;33393;2019-07-30 13:30:00-04:00
67.26000213623047;67.4000015258789;67.13999938964844;67.25;26346;2019-07-30 14:30:00-04:00
67.2300033569336;67.44999694824219;67.1050033569336;67.12999725341797;85363;2019-07-30 15:30:00-04:00
61.0099983215332;61.72999954223633;47.959999084472656;49.95500183105469;1008450;2019-07-31 09:30:00-04:00
50.09999847412109;50.560001373291016;46.6150016784668;47.93999862670898;509165;2019-07-31 10:30:00-04:00
47.94499969482422;49.15999984741211;47.000099182128906;47.15499877929688;508697;2019-07-31 11:30:00-04:00
47.150001525878906;49.2599983215332;46.2599983215332;49.13999938964844;224824;2019-07-31 12:30:00-04:00
49.04999923706055;50.34999847412109;48.93999862670898;49.08000183105469;229714;2019-07-31 13:30:00-04:00
49.0;51.31999969482422;48.59999847412109;50.77999877929688;233159;2019-07-31 14:30:00-04:00
50.77999877929688;50.93000030517578;49.33000183105469;49.9900016784668;244334;2019-07-31 15:30:00-04:00
49.369998931884766;53.5099983215332;49.369998931884766;52.970001220703125;195230;2019-08-01 09:30:00-04:00
52.92499923706055;53.290000915527344;52.27180099487305;53.290000915527344;176966;2019-08-01 10:30:00-04:00
53.290000915527344;54.0;53.26499938964844;53.59999847412109;195905;2019-08-01 11:30:00-04:00
53.570098876953125;55.005001068115234;53.5;53.97999954223633;154569;2019-08-01 12:30:00-04:00
53.9900016784668;54.16999816894531;52.500099182128906;53.79999923706055;149087;2019-08-01 13:30:00-04:00
53.79999923706055;54.91999816894531;53.04999923706055;54.7599983215332;164324;2019-08-01 14:30:00-04:00
54.84000015258789;55.0;54.59999847412109;54.65499877929688;130616;2019-08-01 15:30:00-04:00
53.84000015258789;55.18000030517578;53.720001220703125;54.75;73838;2019-08-02 09:30:00-04:00
54.75;54.82500076293945;53.88999938964844;54.04499816894531;53319;2019-08-02 10:30:00-04:00
54.04499816894531;56.55500030517578;53.93999862670898;56.52999877929688;59877;2019-08-02 11:30:00-04:00
56.540000915527344;56.86000061035156;56.220001220703125;56.79499816894531;25826;2019-08-02 12:30:00-04:00
56.83000183105469;57.53499984741211;56.83000183105469;57.084999084472656;45705;2019-08-02 13:30:00-04:00
57.04999923706055;57.34000015258789;56.470001220703125;57.02000045776367;30988;2019-08-02 14:30:00-04:00
57.02000045776367;57.15999984741211;56.52000045776367;57.040000915527344;56502;2019-08-02 15:30:00-04:00
56.560001373291016;57.2400016784668;55.40999984741211;56.0;44235;2019-08-05 09:30:00-04:00
55.98500061035156;56.125;55.380001068115234;56.09000015258789;67369;2019-08-05 10:30:00-04:00
56.04999923706055;56.970001220703125;56.0099983215332;56.70000076293945;14897;2019-08-05 11:30:00-04:00
56.68000030517578;56.7400016784668;56.06999969482422;56.130001068115234;16324;2019-08-05 12:30:00-04:00
56.13999938964844;56.13999938964844;55.209999084472656;55.380001068115234;20671;2019-08-05 13:30:00-04:00
55.40999984741211;55.40999984741211;54.63999938964844;54.84000015258789;29298;2019-08-05 14:30:00-04:00
54.685001373291016;54.9900016784668;54.595001220703125;54.64500045776367;33709;2019-08-05 15:30:00-04:00
54.90999984741211;54.90999984741211;53.72999954223633;53.7400016784668;25118;2019-08-06 09:30:00-04:00
53.77999877929688;53.80500030517578;51.79999923706055;52.2599983215332;49165;2019-08-06 10:30:00-04:00
52.459999084472656;52.5099983215332;51.04999923706055;51.5099983215332;25962;2019-08-06 11:30:00-04:00
51.41999816894531;51.93000030517578;51.29999923706055;51.400001525878906;17886;2019-08-06 12:30:00-04:00
51.43999862670898;51.5;50.83000183105469;50.869998931884766;28705;2019-08-06 13:30:00-04:00
50.8849983215332;51.119998931884766;49.97999954223633;49.97999954223633;51722;2019-08-06 14:30:00-04:00
50.02999877929688;50.7400016784668;50.02999877929688;50.70000076293945;59800;2019-08-06 15:30:00-04:00
50.41999816894531;50.90999984741211;49.09999847412109;49.5099983215332;25690;2019-08-07 09:30:00-04:00
49.68999862670898;50.59000015258789;49.58000183105469;49.68999862670898;39162;2019-08-07 10:30:00-04:00
49.630001068115234;51.0;49.630001068115234;51.0;27185;2019-08-07 11:30:00-04:00
51.0099983215332;51.27999877929688;50.7400016784668;50.91999816894531;18847;2019-08-07 12:30:00-04:00
50.880001068115234;51.40999984741211;50.86000061035156;51.15999984741211;18799;2019-08-07 13:30:00-04:00
51.25;51.41999816894531;50.90999984741211;50.95000076293945;23644;2019-08-07 14:30:00-04:00
50.93999862670898;51.6349983215332;50.72999954223633;51.540000915527344;38978;2019-08-07 15:30:00-04:00
51.63999938964844;52.93000030517578;50.40999984741211;50.93999862670898;9233;2019-08-08 09:30:00-04:00
51.060001373291016;51.88999938964844;51.060001373291016;51.68000030517578;8864;2019-08-08 10:30:00-04:00
51.68999862670898;51.88999938964844;50.81999969482422;51.47999954223633;12699;2019-08-08 11:30:00-04:00
51.369998931884766;51.4900016784668;51.18000030517578;51.18999862670898;11352;2019-08-08 12:30:00-04:00
51.25;51.560001373291016;51.130001068115234;51.55500030517578;14498;2019-08-08 13:30:00-04:00
51.52999877929688;51.619998931884766;51.22999954223633;51.59999847412109;15762;2019-08-08 14:30:00-04:00
51.5099983215332;51.93000030517578;51.5099983215332;51.83000183105469;26589;2019-08-08 15:30:00-04:00
51.630001068115234;53.65999984741211;51.29999923706055;51.38190078735352;5358;2019-08-09 09:30:00-04:00
51.209999084472656;51.540000915527344;51.060001373291016;51.12179946899414;10298;2019-08-09 10:30:00-04:00
51.290000915527344;51.93999862670898;51.2599983215332;51.43000030517578;8336;2019-08-09 11:30:00-04:00
51.380001068115234;52.02999877929688;51.27999877929688;52.02999877929688;5951;2019-08-09 12:30:00-04:00
52.14500045776367;52.14500045776367;51.75;51.91999816894531;6169;2019-08-09 13:30:00-04:00
52.0;52.02999877929688;51.77000045776367;51.82500076293945;8522;2019-08-09 14:30:00-04:00
51.85499954223633;51.85499954223633;51.18999862670898;51.18999862670898;26896;2019-08-09 15:30:00-04:00
51.0099983215332;52.04999923706055;49.48500061035156;49.75;27511;2019-08-12 09:30:00-04:00
49.75;49.880001068115234;49.02999877929688;49.185001373291016;14015;2019-08-12 10:30:00-04:00
49.18000030517578;49.6349983215332;49.005001068115234;49.005001068115234;12396;2019-08-12 11:30:00-04:00
49.02000045776367;49.34999847412109;48.40999984741211;49.22999954223633;16138;2019-08-12 12:30:00-04:00
49.18999862670898;49.709999084472656;48.95000076293945;49.2599983215332;14374;2019-08-12 13:30:00-04:00
49.11000061035156;49.65999984741211;48.970001220703125;49.65999984741211;19191;2019-08-12 14:30:00-04:00
49.630001068115234;49.68999862670898;49.119998931884766;49.27999877929688;29597;2019-08-12 15:30:00-04:00
49.130001068115234;50.900001525878906;49.09000015258789;50.709999084472656;0;2019-08-13 09:30:00-04:00
50.75;50.79999923706055;50.310001373291016;50.38999938964844;10231;2019-08-13 10:30:00-04:00
50.470001220703125;51.04999923706055;50.470001220703125;50.869998931884766;5576;2019-08-13 11:30:00-04:00
50.93000030517578;51.0099983215332;50.61000061035156;51.0099983215332;11301;2019-08-13 12:30:00-04:00
51.09000015258789;51.310001373291016;50.83489990234375;51.310001373291016;11912;2019-08-13 13:30:00-04:00
51.27000045776367;51.27999877929688;50.4900016784668;50.5099983215332;16207;2019-08-13 14:30:00-04:00
50.47999954223633;50.7400016784668;50.3650016784668;50.720001220703125;32928;2019-08-13 15:30:00-04:00
50.040000915527344;50.59999847412109;49.04999923706055;49.04999923706055;15507;2019-08-14 09:30:00-04:00
49.09000015258789;49.31499862670898;48.52000045776367;48.93000030517578;17008;2019-08-14 10:30:00-04:00
48.95000076293945;49.06999969482422;48.130001068115234;48.88999938964844;20122;2019-08-14 11:30:00-04:00
48.93000030517578;49.24679946899414;48.56499862670898;49.06010055541992;13676;2019-08-14 12:30:00-04:00
48.88999938964844;49.09999847412109;48.77999877929688;48.77999877929688;10263;2019-08-14 13:30:00-04:00
48.5;48.630001068115234;48.02000045776367;48.40499877929688;15989;2019-08-14 14:30:00-04:00
48.27999877929688;48.54999923706055;48.06999969482422;48.5;24615;2019-08-14 15:30:00-04:00
48.709999084472656;49.095001220703125;48.040000915527344;48.900001525878906;21787;2019-08-15 09:30:00-04:00
48.85279846191406;48.900001525878906;48.43999862670898;48.525001525878906;3207;2019-08-15 10:30:00-04:00
48.65999984741211;48.66999816894531;48.31999969482422;48.4900016784668;2945;2019-08-15 11:30:00-04:00
48.6150016784668;48.6150016784668;47.90999984741211;48.04999923706055;18297;2019-08-15 12:30:00-04:00
48.060001373291016;48.16999816894531;47.81999969482422;48.040000915527344;8146;2019-08-15 13:30:00-04:00
48.22999954223633;48.22999954223633;47.93000030517578;48.0;17498;2019-08-15 14:30:00-04:00
47.959999084472656;48.09000015258789;47.810001373291016;47.88999938964844;30866;2019-08-15 15:30:00-04:00
48.31999969482422;48.70000076293945;47.7400016784668;48.34000015258789;60056;2019-08-16 09:30:00-04:00
48.2599983215332;49.0;48.06499862670898;48.25;38092;2019-08-16 10:30:00-04:00
48.32500076293945;48.505001068115234;48.150001525878906;48.209999084472656;25427;2019-08-16 11:30:00-04:00
48.27999877929688;48.43999862670898;48.20000076293945;48.2599983215332;15891;2019-08-16 12:30:00-04:00
48.25;48.290000915527344;48.06999969482422;48.20000076293945;11891;2019-08-16 13:30:00-04:00
48.20000076293945;48.28499984741211;47.959999084472656;47.959999084472656;14993;2019-08-16 14:30:00-04:00
48.0;48.150001525878906;47.90499877929688;48.02000045776367;22005;2019-08-16 15:30:00-04:00
49.150001525878906;49.255001068115234;47.970001220703125;47.97999954223633;25405;2019-08-19 09:30:00-04:00
48.11000061035156;48.57600021362305;47.869998931884766;48.29999923706055;43373;2019-08-19 10:30:00-04:00
48.36000061035156;48.54999923706055;48.0099983215332;48.290000915527344;20502;2019-08-19 11:30:00-04:00
48.13999938964844;48.34999847412109;47.93000030517578;48.29999923706055;89535;2019-08-19 12:30:00-04:00
48.470001220703125;49.59999847412109;48.470001220703125;48.88999938964844;18649;2019-08-19 13:30:00-04:00
48.900001525878906;49.09999847412109;48.790000915527344;48.83000183105469;34581;2019-08-19 14:30:00-04:00
48.83000183105469;48.83000183105469;48.18999862670898;48.220001220703125;38550;2019-08-19 15:30:00-04:00
48.29999923706055;48.747501373291016;47.970001220703125;48.05500030517578;16245;2019-08-20 09:30:00-04:00
48.060001373291016;48.25;47.630001068115234;47.709999084472656;38435;2019-08-20 10:30:00-04:00
47.77999877929688;48.0;47.625;47.68000030517578;19996;2019-08-20 11:30:00-04:00
47.720001220703125;47.869998931884766;47.48500061035156;47.60499954223633;17252;2019-08-20 12:30:00-04:00
47.70000076293945;47.83000183105469;47.400001525878906;47.56999969482422;27483;2019-08-20 13:30:00-04:00
47.54999923706055;48.09999847412109;47.380001068115234;48.09999847412109;27960;2019-08-20 14:30:00-04:00
48.29999923706055;48.29999923706055;47.54999923706055;47.59000015258789;35753;2019-08-20 15:30:00-04:00
48.40660095214844;48.40660095214844;47.560001373291016;47.560001373291016;14337;2019-08-21 09:30:00-04:00
47.72499847412109;47.78499984741211;46.7400016784668;47.06999969482422;16166;2019-08-21 10:30:00-04:00
47.02000045776367;47.08000183105469;46.7400016784668;46.7400016784668;9127;2019-08-21 11:30:00-04:00
46.75;46.85499954223633;46.31999969482422;46.56999969482422;15422;2019-08-21 12:30:00-04:00
46.5;46.82500076293945;46.5;46.6349983215332;10571;2019-08-21 13:30:00-04:00
46.63999938964844;46.84999847412109;46.369998931884766;46.52000045776367;26365;2019-08-21 14:30:00-04:00
46.54999923706055;46.56999969482422;46.22999954223633;46.41999816894531;43243;2019-08-21 15:30:00-04:00
47.16999816894531;48.40499877929688;47.16999816894531;47.720001220703125;61745;2019-08-22 09:30:00-04:00
47.79999923706055;48.08000183105469;47.54999923706055;47.8849983215332;13748;2019-08-22 10:30:00-04:00
47.96500015258789;48.18999862670898;47.5099983215332;47.97999954223633;17197;2019-08-22 11:30:00-04:00
48.0;48.08000183105469;47.83000183105469;47.900001525878906;19053;2019-08-22 12:30:00-04:00
47.9900016784668;48.040000915527344;47.650001525878906;47.70500183105469;25592;2019-08-22 13:30:00-04:00
47.619998931884766;47.7599983215332;46.91999816894531;47.07500076293945;33879;2019-08-22 14:30:00-04:00
47.066200256347656;47.130001068115234;46.86800003051758;46.900001525878906;71015;2019-08-22 15:30:00-04:00
46.95000076293945;47.380001068115234;45.79999923706055;45.93000030517578;19344;2019-08-23 09:30:00-04:00
45.97999954223633;46.369998931884766;44.58000183105469;45.16999816894531;20538;2019-08-23 10:30:00-04:00
45.18999862670898;45.45000076293945;44.59000015258789;44.59000015258789;29611;2019-08-23 11:30:00-04:00
44.790000915527344;44.959999084472656;44.27999877929688;44.5;18099;2019-08-23 12:30:00-04:00
44.5;45.27000045776367;44.34000015258789;45.060001373291016;36987;2019-08-23 13:30:00-04:00
45.14500045776367;45.14500045776367;44.80210113525391;44.869998931884766;24005;2019-08-23 14:30:00-04:00
44.880001068115234;45.130001068115234;44.7400016784668;45.06999969482422;39704;2019-08-23 15:30:00-04:00
45.43999862670898;45.43999862670898;44.52999877929688;44.9900016784668;22128;2019-08-26 09:30:00-04:00
44.880001068115234;45.290000915527344;44.47999954223633;44.68000030517578;0;2019-08-26 10:30:00-04:00
44.58000183105469;45.4900016784668;44.58000183105469;45.38999938964844;46615;2019-08-26 11:30:00-04:00
45.2599983215332;45.790000915527344;45.2599983215332;45.470001220703125;8464;2019-08-26 12:30:00-04:00
45.470001220703125;45.68000030517578;45.34999847412109;45.47999954223633;14462;2019-08-26 13:30:00-04:00
45.33000183105469;45.869998931884766;45.310001373291016;45.6150016784668;13121;2019-08-26 14:30:00-04:00
45.65999984741211;45.65999984741211;45.18000030517578;45.25;36147;2019-08-26 15:30:00-04:00
45.54999923706055;45.959999084472656;44.77999877929688;45.119998931884766;0;2019-08-27 09:30:00-04:00
45.15999984741211;45.18000030517578;44.119998931884766;44.70000076293945;23484;2019-08-27 10:30:00-04:00
44.595001220703125;44.970001220703125;44.56999969482422;44.75;9637;2019-08-27 11:30:00-04:00
44.70000076293945;45.119998931884766;44.54999923706055;45.03499984741211;14827;2019-08-27 12:30:00-04:00
45.08000183105469;45.45989990234375;44.900001525878906;45.150001525878906;12904;2019-08-27 13:30:00-04:00
45.06999969482422;45.380001068115234;44.959999084472656;45.345001220703125;13122;2019-08-27 14:30:00-04:00
45.30500030517578;45.52000045776367;45.29499816894531;45.334999084472656;31466;2019-08-27 15:30:00-04:00
45.220001220703125;46.34999847412109;45.220001220703125;46.13999938964844;6829;2019-08-28 09:30:00-04:00
46.27999877929688;46.83000183105469;46.209999084472656;46.79999923706055;7713;2019-08-28 10:30:00-04:00
46.95000076293945;47.34000015258789;46.85079956054688;46.89500045776367;7689;2019-08-28 11:30:00-04:00
46.83000183105469;47.11000061035156;46.6234016418457;47.05500030517578;8044;2019-08-28 12:30:00-04:00
47.119998931884766;47.310001373291016;46.790000915527344;46.85499954223633;7416;2019-08-28 13:30:00-04:00
46.790000915527344;47.540000915527344;46.43999862670898;47.18999862670898;66967;2019-08-28 14:30:00-04:00
47.18000030517578;47.470001220703125;46.93000030517578;47.18000030517578;23790;2019-08-28 15:30:00-04:00
47.68999862670898;48.34999847412109;47.27999877929688;48.02999877929688;36373;2019-08-29 09:30:00-04:00
47.935001373291016;48.290000915527344;47.79999923706055;48.1349983215332;21418;2019-08-29 10:30:00-04:00
48.1349983215332;48.310001373291016;47.93000030517578;48.2599983215332;26029;2019-08-29 11:30:00-04:00
48.27999877929688;48.27999877929688;47.81999969482422;48.04999923706055;57728;2019-08-29 12:30:00-04:00
48.11000061035156;48.31999969482422;48.040000915527344;48.22330093383789;22496;2019-08-29 13:30:00-04:00
48.209999084472656;48.290000915527344;47.9900016784668;48.15999984741211;24032;2019-08-29 14:30:00-04:00
48.09000015258789;48.2599983215332;47.91999816894531;48.0;48016;2019-08-29 15:30:00-04:00
48.34000015258789;49.20000076293945;48.02000045776367;48.65999984741211;0;2019-08-30 09:30:00-04:00
48.79999923706055;49.0099983215332;48.22999954223633;48.40999984741211;13206;2019-08-30 10:30:00-04:00
48.58000183105469;48.810001373291016;48.22999954223633;48.22999954223633;11560;2019-08-30 11:30:00-04:00
48.27000045776367;48.27999877929688;47.96500015258789;48.02999877929688;9401;2019-08-30 12:30:00-04:00
48.02999877929688;48.18999862670898;47.650001525878906;48.18999862670898;17727;2019-08-30 13:30:00-04:00
48.220001220703125;48.40999984741211;48.060001373291016;48.130001068115234;16735;2019-08-30 14:30:00-04:00
48.130001068115234;48.16999816894531;48.0;48.16999816894531;20897;2019-08-30 15:30:00-04:00
47.630001068115234;48.06999969482422;47.29999923706055;48.06999969482422;0;2019-09-03 09:30:00-04:00
48.09999847412109;48.29999923706055;47.810001373291016;48.10499954223633;17754;2019-09-03 10:30:00-04:00
48.119998931884766;48.43000030517578;48.08000183105469;48.43000030517578;11015;2019-09-03 11:30:00-04:00
48.470001220703125;48.470001220703125;47.900001525878906;47.900001525878906;17022;2019-09-03 12:30:00-04:00
47.86000061035156;48.31999969482422;47.810001373291016;47.959999084472656;25673;2019-09-03 13:30:00-04:00
47.97999954223633;48.16999816894531;47.65999984741211;48.04999923706055;19804;2019-09-03 14:30:00-04:00
47.9900016784668;48.130001068115234;47.91999816894531;47.9900016784668;30162;2019-09-03 15:30:00-04:00
47.970001220703125;49.2400016784668;47.970001220703125;48.8849983215332;18372;2019-09-04 09:30:00-04:00
48.790000915527344;49.29999923706055;48.709999084472656;48.9900016784668;4944;2019-09-04 10:30:00-04:00
49.060001373291016;49.33000183105469;49.02000045776367;49.18999862670898;12043;2019-09-04 11:30:00-04:00
49.18999862670898;50.04999923706055;49.18999862670898;49.959999084472656;37763;2019-09-04 12:30:00-04:00
49.959999084472656;50.16999816894531;49.45000076293945;49.7400016784668;29364;2019-09-04 13:30:00-04:00
49.75;50.02000045776367;49.619998931884766;49.95500183105469;31845;2019-09-04 14:30:00-04:00
50.0099983215332;50.310001373291016;49.97999954223633;50.060001373291016;38236;2019-09-04 15:30:00-04:00
50.33000183105469;51.90999984741211;50.06999969482422;51.64500045776367;50979;2019-09-05 09:30:00-04:00
51.83000183105469;52.130001068115234;51.02000045776367;51.65999984741211;35960;2019-09-05 10:30:00-04:00
51.65999984741211;51.77000045776367;51.369998931884766;51.665000915527344;25655;2019-09-05 11:30:00-04:00
51.650001525878906;51.80849838256836;51.3650016784668;51.67499923706055;18815;2019-09-05 12:30:00-04:00
51.63999938964844;51.900001525878906;51.59999847412109;51.79499816894531;14454;2019-09-05 13:30:00-04:00
51.83000183105469;52.0;51.540000915527344;51.8650016784668;21330;2019-09-05 14:30:00-04:00
51.869998931884766;51.93000030517578;51.68000030517578;51.720001220703125;34856;2019-09-05 15:30:00-04:00
51.790000915527344;52.9900016784668;51.08000183105469;52.34000015258789;32534;2019-09-06 09:30:00-04:00
52.33000183105469;52.5;51.900001525878906;52.34999847412109;19101;2019-09-06 10:30:00-04:00
52.415000915527344;52.459999084472656;52.0;52.16999816894531;14503;2019-09-06 11:30:00-04:00
52.040000915527344;52.16999816894531;51.47999954223633;51.47999954223633;12512;2019-09-06 12:30:00-04:00
51.560001373291016;51.685001373291016;51.060001373291016;51.470001220703125;12833;2019-09-06 13:30:00-04:00
51.22999954223633;52.0;50.90999984741211;51.91999816894531;14792;2019-09-06 14:30:00-04:00
51.84999847412109;51.90999984741211;51.18999862670898;51.400001525878906;25389;2019-09-06 15:30:00-04:00
51.77999877929688;52.64500045776367;51.29999923706055;52.64500045776367;0;2019-09-09 09:30:00-04:00
52.42499923706055;53.34000015258789;52.34999847412109;52.7599983215332;24030;2019-09-09 10:30:00-04:00
52.6349983215332;53.619998931884766;52.369998931884766;53.20000076293945;16164;2019-09-09 11:30:00-04:00
53.220001220703125;53.93999862670898;53.209999084472656;53.77999877929688;25646;2019-09-09 12:30:00-04:00
53.65999984741211;54.060001373291016;53.45000076293945;53.6349983215332;21945;2019-09-09 13:30:00-04:00
53.54999923706055;54.0;53.31999969482422;53.84000015258789;24929;2019-09-09 14:30:00-04:00
53.84000015258789;53.959999084472656;53.59999847412109;53.81999969482422;50205;2019-09-09 15:30:00-04:00
53.650001525878906;54.38999938964844;52.73500061035156;54.05400085449219;0;2019-09-10 09:30:00-04:00
53.970001220703125;53.970001220703125;52.75;53.22999954223633;29499;2019-09-10 10:30:00-04:00
53.08000183105469;53.93000030517578;53.07500076293945;53.93000030517578;12875;2019-09-10 11:30:00-04:00
53.93000030517578;54.119998931884766;53.44319915771485;53.527099609375;12307;2019-09-10 12:30:00-04:00
53.47999954223633;53.7400016784668;53.20500183105469;53.40999984741211;13914;2019-09-10 13:30:00-04:00
53.52999877929688;54.04999923706055;53.52999877929688;53.93999862670898;16893;2019-09-10 14:30:00-04:00
53.93999862670898;54.27000045776367;53.82500076293945;54.27000045776367;26456;2019-09-10 15:30:00-04:00
54.29999923706055;54.959999084472656;53.18000030517578;54.400001525878906;15165;2019-09-11 09:30:00-04:00
54.33000183105469;54.72999954223633;53.31999969482422;53.810001373291016;48259;2019-09-11 10:30:00-04:00
54.040000915527344;54.900001525878906;53.95000076293945;54.77999877929688;9269;2019-09-11 11:30:00-04:00
54.77999877929688;54.95000076293945;54.290000915527344;54.36000061035156;8876;2019-09-11 12:30:00-04:00
54.34000015258789;54.77000045776367;54.34000015258789;54.60499954223633;8601;2019-09-11 13:30:00-04:00
54.68000030517578;55.52000045776367;54.68000030517578;55.400001525878906;17335;2019-09-11 14:30:00-04:00
55.38999938964844;55.56999969482422;55.04999923706055;55.27999877929688;22584;2019-09-11 15:30:00-04:00
55.09999847412109;55.650001525878906;54.77000045776367;55.119998931884766;0;2019-09-12 09:30:00-04:00
55.15999984741211;55.20000076293945;53.88999938964844;54.08869934082031;13424;2019-09-12 10:30:00-04:00
54.130001068115234;54.52999877929688;54.0;54.20000076293945;10855;2019-09-12 11:30:00-04:00
54.130001068115234;55.09999847412109;54.130001068115234;55.060001373291016;14883;2019-09-12 12:30:00-04:00
55.09000015258789;55.27999877929688;54.709999084472656;54.709999084472656;7681;2019-09-12 13:30:00-04:00
54.75;55.18000030517578;54.59999847412109;55.18000030517578;14626;2019-09-12 14:30:00-04:00
55.15999984741211;55.4900016784668;55.04999923706055;55.09999847412109;34906;2019-09-12 15:30:00-04:00
55.02999877929688;55.02999877929688;53.709999084472656;54.150001525878906;5200;2019-09-13 09:30:00-04:00
54.04999923706055;54.86000061035156;53.900001525878906;54.02000045776367;15095;2019-09-13 10:30:00-04:00
54.04999923706055;54.15999984741211;53.52999877929688;53.63999938964844;14751;2019-09-13 11:30:00-04:00
53.720001220703125;54.02000045776367;52.61000061035156;52.79999923706055;24545;2019-09-13 12:30:00-04:00
52.790000915527344;53.04999923706055;52.52000045776367;52.65499877929688;18221;2019-09-13 13:30:00-04:00
52.56999969482422;53.13999938964844;52.540000915527344;53.09999847412109;12426;2019-09-13 14:30:00-04:00
53.040000915527344;53.084999084472656;52.820098876953125;52.95000076293945;15996;2019-09-13 15:30:00-04:00
52.70000076293945;53.81999969482422;52.58000183105469;52.9900016784668;0;2019-09-16 09:30:00-04:00
52.66999816894531;53.43000030517578;52.66999816894531;53.02000045776367;12613;2019-09-16 10:30:00-04:00
52.84000015258789;52.95500183105469;52.22999954223633;52.7599983215332;12630;2019-09-16 11:30:00-04:00
52.685001373291016;53.09000015258789;52.540000915527344;53.06999969482422;6803;2019-09-16 12:30:00-04:00
52.90499877929688;53.0;52.59000015258789;53.0;14619;2019-09-16 13:30:00-04:00
52.970001220703125;53.0099983215332;52.470001220703125;52.77999877929688;23691;2019-09-16 14:30:00-04:00
52.65999984741211;53.18000030517578;52.61000061035156;53.18000030517578;19643;2019-09-16 15:30:00-04:00
53.0099983215332;53.68999862670898;51.630001068115234;52.35499954223633;0;2019-09-17 09:30:00-04:00
52.185001373291016;52.29999923706055;51.38999938964844;51.855499267578125;37484;2019-09-17 10:30:00-04:00
51.91999816894531;51.91999816894531;51.31999969482422;51.4900016784668;28623;2019-09-17 11:30:00-04:00
51.4900016784668;51.65999984741211;51.16999816894531;51.52000045776367;13572;2019-09-17 12:30:00-04:00
51.56999969482422;51.81999969482422;51.369998931884766;51.560001373291016;8447;2019-09-17 13:30:00-04:00
51.54999923706055;51.630001068115234;51.16999816894531;51.630001068115234;21580;2019-09-17 14:30:00-04:00
51.6349983215332;52.04999923706055;51.61000061035156;52.04999923706055;20177;2019-09-17 15:30:00-04:00
52.09000015258789;52.31990051269531;51.70000076293945;52.20000076293945;11985;2019-09-18 09:30:00-04:00
52.220001220703125;52.220001220703125;51.61000061035156;51.61000061035156;4408;2019-09-18 10:30:00-04:00
51.220001220703125;51.810001373291016;51.220001220703125;51.685001373291016;17109;2019-09-18 11:30:00-04:00
51.68000030517578;51.68000030517578;51.06999969482422;51.19499969482422;15227;2019-09-18 12:30:00-04:00
51.13999938964844;51.93000030517578;51.04999923706055;51.540000915527344;5471;2019-09-18 13:30:00-04:00
51.400001525878906;51.86000061035156;50.650001525878906;51.86000061035156;10815;2019-09-18 14:30:00-04:00
51.86000061035156;52.16999816894531;51.790000915527344;52.060001373291016;13433;2019-09-18 15:30:00-04:00
52.16999816894531;52.959999084472656;51.880001068115234;52.48500061035156;18579;2019-09-19 09:30:00-04:00
52.59999847412109;52.61000061035156;51.4900016784668;51.720001220703125;15420;2019-09-19 10:30:00-04:00
51.650001525878906;51.77000045776367;51.38999938964844;51.47999954223633;5839;2019-09-19 11:30:00-04:00
51.52999877929688;51.68000030517578;51.34999847412109;51.380001068115234;6031;2019-09-19 12:30:00-04:00
51.2400016784668;51.63999938964844;51.2400016784668;51.54999923706055;13156;2019-09-19 13:30:00-04:00
51.560001373291016;51.584999084472656;51.33000183105469;51.45500183105469;8446;2019-09-19 14:30:00-04:00
51.459999084472656;51.459999084472656;51.04999923706055;51.31999969482422;14404;2019-09-19 15:30:00-04:00
51.16999816894531;51.97999954223633;50.630001068115234;51.560001373291016;31971;2019-09-20 09:30:00-04:00
51.400001525878906;51.834999084472656;51.220001220703125;51.28499984741211;8171;2019-09-20 10:30:00-04:00
51.290000915527344;51.68000030517578;51.06999969482422;51.65999984741211;9794;2019-09-20 11:30:00-04:00
51.59000015258789;51.59999847412109;51.08560180664063;51.255001068115234;10419;2019-09-20 12:30:00-04:00
51.11000061035156;51.79499816894531;50.880001068115234;51.7400016784668;13282;2019-09-20 13:30:00-04:00
51.59510040283203;51.93000030517578;51.4900016784668;51.70000076293945;8532;2019-09-20 14:30:00-04:00
51.68999862670898;51.81999969482422;51.52999877929688;51.65999984741211;10890;2019-09-20 15:30:00-04:00
51.459999084472656;52.02000045776367;50.79999923706055;51.5;26055;2019-09-23 09:30:00-04:00
51.81999969482422;51.81999969482422;51.29999923706055;51.31999969482422;4028;2019-09-23 10:30:00-04:00
51.41999816894531;51.41999816894531;50.65999984741211;50.65999984741211;4021;2019-09-23 11:30:00-04:00
50.790000915527344;51.08000183105469;50.78739929199219;50.81999969482422;9354;2019-09-23 12:30:00-04:00
50.880001068115234;51.04999923706055;50.810001373291016;50.88999938964844;9636;2019-09-23 13:30:00-04:00
50.97999954223633;50.9900016784668;50.29999923706055;50.38999938964844;9507;2019-09-23 14:30:00-04:00
50.29999923706055;50.380001068115234;50.04999923706055;50.11000061035156;16306;2019-09-23 15:30:00-04:00
50.52000045776367;50.52000045776367;49.5;49.6968002319336;13225;2019-09-24 09:30:00-04:00
49.65999984741211;49.65999984741211;49.2599983215332;49.34000015258789;11086;2019-09-24 10:30:00-04:00
49.25;49.25;48.540000915527344;48.560001373291016;5877;2019-09-24 11:30:00-04:00
48.560001373291016;49.310001373291016;48.39500045776367;49.290000915527344;10038;2019-09-24 12:30:00-04:00
49.34000015258789;49.470001220703125;49.09999847412109;49.43999862670898;6384;2019-09-24 13:30:00-04:00
49.505001068115234;49.505001068115234;49.0;49.18999862670898;8146;2019-09-24 14:30:00-04:00
49.29999923706055;49.52000045776367;49.130001068115234;49.45000076293945;27200;2019-09-24 15:30:00-04:00
49.630001068115234;49.959999084472656;48.81999969482422;49.650001525878906;10846;2019-09-25 09:30:00-04:00
49.58000183105469;50.290000915527344;49.560001373291016;50.209999084472656;10817;2019-09-25 10:30:00-04:00
50.119998931884766;50.709999084472656;50.02000045776367;50.54999923706055;4427;2019-09-25 11:30:00-04:00
50.59999847412109;50.75;50.45370101928711;50.47999954223633;9636;2019-09-25 12:30:00-04:00
50.41999816894531;50.650001525878906;50.2599983215332;50.40999984741211;5437;2019-09-25 13:30:00-04:00
50.5099983215332;50.5099983215332;49.75;49.75;9102;2019-09-25 14:30:00-04:00
50.0099983215332;50.400001525878906;49.970001220703125;50.16999816894531;11934;2019-09-25 15:30:00-04:00
50.16999816894531;51.48500061035156;50.16999816894531;51.2599983215332;27639;2019-09-26 09:30:00-04:00
50.810001373291016;50.869998931884766;50.18999862670898;50.18999862670898;6170;2019-09-26 10:30:00-04:00
50.310001373291016;50.59000015258789;50.040000915527344;50.27000045776367;4079;2019-09-26 11:30:00-04:00
50.27999877929688;50.5099983215332;50.27999877929688;50.47999954223633;2465;2019-09-26 12:30:00-04:00
50.31999969482422;50.994998931884766;50.31999969482422;50.97999954223633;10464;2019-09-26 13:30:00-04:00
50.959999084472656;50.959999084472656;50.65999984741211;50.65999984741211;4741;2019-09-26 14:30:00-04:00
50.68000030517578;50.810001373291016;50.61000061035156;50.619998931884766;11773;2019-09-26 15:30:00-04:00
50.63999938964844;51.20000076293945;50.290000915527344;50.290000915527344;6548;2019-09-27 09:30:00-04:00
49.91999816894531;49.95000076293945;49.584999084472656;49.7599983215332;4546;2019-09-27 10:30:00-04:00
49.650001525878906;49.650001525878906;49.06999969482422;49.54999923706055;12939;2019-09-27 11:30:00-04:00
49.56999969482422;49.56999969482422;48.93999862670898;49.41999816894531;4867;2019-09-27 12:30:00-04:00
49.25;49.43000030517578;49.060001373291016;49.060001373291016;5652;2019-09-27 13:30:00-04:00
49.17499923706055;49.4900016784668;49.02000045776367;49.4900016784668;17727;2019-09-27 14:30:00-04:00
49.48500061035156;50.18999862670898;49.47999954223633;50.09999847412109;18344;2019-09-27 15:30:00-04:00
50.34999847412109;50.790000915527344;48.96500015258789;49.18999862670898;10473;2019-09-30 09:30:00-04:00
49.25;49.43000030517578;49.11000061035156;49.3849983215332;7728;2019-09-30 10:30:00-04:00
49.310001373291016;49.540000915527344;48.5;49.540000915527344;10269;2019-09-30 11:30:00-04:00
49.52999877929688;49.70000076293945;49.24319839477539;49.38999938964844;8190;2019-09-30 12:30:00-04:00
49.40999984741211;49.70000076293945;49.33000183105469;49.59999847412109;4614;2019-09-30 13:30:00-04:00
49.59000015258789;49.665000915527344;49.41999816894531;49.5099983215332;5775;2019-09-30 14:30:00-04:00
49.45000076293945;49.755001068115234;49.45000076293945;49.65999984741211;14698;2019-09-30 15:30:00-04:00
49.810001373291016;49.84999847412109;48.459999084472656;49.400001525878906;0;2019-10-01 09:30:00-04:00
49.310001373291016;49.52999877929688;49.02000045776367;49.52999877929688;26338;2019-10-01 10:30:00-04:00
49.380001068115234;49.58000183105469;48.880001068115234;49.45000076293945;11541;2019-10-01 11:30:00-04:00
49.459999084472656;49.47499847412109;48.961700439453125;49.040000915527344;8174;2019-10-01 12:30:00-04:00
48.997501373291016;49.08000183105469;48.68000030517578;49.08000183105469;10151;2019-10-01 13:30:00-04:00
49.15999984741211;49.41999816894531;49.04999923706055;49.290000915527344;6987;2019-10-01 14:30:00-04:00
49.33000183105469;49.7599983215332;49.20000076293945;49.56999969482422;21936;2019-10-01 15:30:00-04:00
49.27000045776367;49.27000045776367;48.56999969482422;48.970001220703125;21740;2019-10-02 09:30:00-04:00
48.9900016784668;48.9900016784668;48.43999862670898;48.70000076293945;13057;2019-10-02 10:30:00-04:00
48.52000045776367;48.52000045776367;47.54999923706055;47.90999984741211;13364;2019-10-02 11:30:00-04:00
47.79999923706055;48.09000015258789;47.52999877929688;47.63999938964844;13792;2019-10-02 12:30:00-04:00
47.869998931884766;48.16999816894531;47.33000183105469;48.13999938964844;12426;2019-10-02 13:30:00-04:00
48.13999938964844;48.27999877929688;47.92499923706055;48.20000076293945;5695;2019-10-02 14:30:00-04:00
48.11000061035156;48.34999847412109;48.02000045776367;48.34000015258789;13095;2019-10-02 15:30:00-04:00
48.41999816894531;49.054500579833984;47.959999084472656;48.20000076293945;8244;2019-10-03 09:30:00-04:00
48.35499954223633;48.70000076293945;47.95500183105469;48.630001068115234;7758;2019-10-03 10:30:00-04:00
48.4900016784668;48.59999847412109;47.9900016784668;48.2400016784668;9352;2019-10-03 11:30:00-04:00
48.61000061035156;48.790000915527344;48.470001220703125;48.63999938964844;7544;2019-10-03 12:30:00-04:00
48.650001525878906;49.595001220703125;48.650001525878906;49.59000015258789;7183;2019-10-03 13:30:00-04:00
49.43000030517578;49.59000015258789;49.16999816894531;49.38999938964844;9142;2019-10-03 14:30:00-04:00
49.40999984741211;49.5099983215332;49.27999877929688;49.459999084472656;16397;2019-10-03 15:30:00-04:00
49.400001525878906;50.16180038452149;48.90999984741211;49.685001373291016;7354;2019-10-04 09:30:00-04:00
49.540000915527344;50.02999877929688;49.27999877929688;49.459999084472656;44000;2019-10-04 10:30:00-04:00
49.560001373291016;49.56999969482422;49.36000061035156;49.36000061035156;2603;2019-10-04 11:30:00-04:00
49.42910003662109;49.63209915161133;49.29999923706055;49.540000915527344;4100;2019-10-04 12:30:00-04:00
49.75;49.75;49.47999954223633;49.584999084472656;2481;2019-10-04 13:30:00-04:00
49.5;49.77999877929688;49.38999938964844;49.65999984741211;5792;2019-10-04 14:30:00-04:00
49.68000030517578;49.83000183105469;49.48500061035156;49.66999816894531;19336;2019-10-04 15:30:00-04:00
49.52999877929688;50.07500076293945;48.93000030517578;49.630001068115234;14454;2019-10-07 09:30:00-04:00
49.75;50.1349983215332;49.630001068115234;49.84000015258789;7769;2019-10-07 10:30:00-04:00
49.8202018737793;49.880001068115234;49.40999984741211;49.47499847412109;7876;2019-10-07 11:30:00-04:00
49.400001525878906;49.88999938964844;49.20000076293945;49.88999938964844;17024;2019-10-07 12:30:00-04:00
49.95000076293945;50.36000061035156;49.90999984741211;50.147499084472656;9265;2019-10-07 13:30:00-04:00
50.15999984741211;50.15999984741211;49.34000015258789;49.5;34025;2019-10-07 14:30:00-04:00
49.47999954223633;49.709999084472656;49.22999954223633;49.22999954223633;39504;2019-10-07 15:30:00-04:00
48.91999816894531;49.19499969482422;48.18999862670898;48.18999862670898;3174;2019-10-08 09:30:00-04:00
48.18999862670898;48.34999847412109;47.95000076293945;47.95000076293945;5641;2019-10-08 10:30:00-04:00
47.77999877929688;47.935001373291016;47.68000030517578;47.900001525878906;4481;2019-10-08 11:30:00-04:00
47.88999938964844;48.220001220703125;47.81999969482422;48.18000030517578;8037;2019-10-08 12:30:00-04:00
48.209999084472656;48.220001220703125;47.54499816894531;47.95000076293945;24402;2019-10-08 13:30:00-04:00
47.970001220703125;48.23500061035156;47.63999938964844;47.77999877929688;11610;2019-10-08 14:30:00-04:00
47.7599983215332;47.83000183105469;47.400001525878906;47.59000015258789;23791;2019-10-08 15:30:00-04:00
47.5;47.625;45.95000076293945;46.07649993896485;17848;2019-10-09 09:30:00-04:00
46.18000030517578;46.56499862670898;46.0;46.0099983215332;8292;2019-10-09 10:30:00-04:00
46.130001068115234;46.7400016784668;46.130001068115234;46.5;10361;2019-10-09 11:30:00-04:00
46.619998931884766;46.619998931884766;46.31999969482422;46.31999969482422;7667;2019-10-09 12:30:00-04:00
46.380001068115234;46.59999847412109;46.22999954223633;46.52999877929688;10460;2019-10-09 13:30:00-04:00
46.5099983215332;46.900001525878906;46.5099983215332;46.894901275634766;11169;2019-10-09 14:30:00-04:00
47.0;47.02999877929688;46.61000061035156;46.970001220703125;29730;2019-10-09 15:30:00-04:00
47.13999938964844;47.13999938964844;45.77999877929688;45.93999862670898;0;2019-10-10 09:30:00-04:00
45.95000076293945;46.58000183105469;45.95000076293945;46.29999923706055;8069;2019-10-10 10:30:00-04:00
46.41999816894531;46.41999816894531;45.88999938964844;46.11000061035156;9214;2019-10-10 11:30:00-04:00
46.09999847412109;46.150001525878906;45.84999847412109;46.040000915527344;9352;2019-10-10 12:30:00-04:00
45.970001220703125;45.970001220703125;45.40999984741211;45.79499816894531;24613;2019-10-10 13:30:00-04:00
45.65999984741211;45.810001373291016;45.56999969482422;45.619998931884766;15027;2019-10-10 14:30:00-04:00
45.68000030517578;45.68000030517578;45.36000061035156;45.540000915527344;39269;2019-10-10 15:30:00-04:00
46.0;46.4900016784668;45.79999923706055;45.970001220703125;43272;2019-10-11 09:30:00-04:00
46.0;46.810001373291016;45.79999923706055;46.77000045776367;38241;2019-10-11 10:30:00-04:00
47.04999923706055;47.150001525878906;46.56999969482422;46.84000015258789;20870;2019-10-11 11:30:00-04:00
46.84999847412109;47.02000045776367;46.56999969482422;46.630001068115234;26871;2019-10-11 12:30:00-04:00
46.560001373291016;46.810001373291016;46.400001525878906;46.58000183105469;16570;2019-10-11 13:30:00-04:00
46.709999084472656;46.79999923706055;46.290000915527344;46.7400016784668;22887;2019-10-11 14:30:00-04:00
46.810001373291016;47.15999984741211;46.43999862670898;46.459999084472656;39400;2019-10-11 15:30:00-04:00
46.58000183105469;46.58000183105469;45.40999984741211;45.95000076293945;13461;2019-10-14 09:30:00-04:00
45.97999954223633;46.170501708984375;45.400001525878906;46.170501708984375;11876;2019-10-14 10:30:00-04:00
46.18000030517578;46.380001068115234;45.810001373291016;46.02999877929688;7350;2019-10-14 11:30:00-04:00
46.02000045776367;46.5099983215332;45.98500061035156;46.5099983215332;7927;2019-10-14 12:30:00-04:00
46.5099983215332;46.83000183105469;46.31999969482422;46.619998931884766;8083;2019-10-14 13:30:00-04:00
46.75;46.810001373291016;46.43000030517578;46.54999923706055;12084;2019-10-14 14:30:00-04:00
46.41999816894531;46.65999984741211;46.2599983215332;46.369998931884766;31248;2019-10-14 15:30:00-04:00
46.310001373291016;46.45500183105469;45.42499923706055;46.36000061035156;0;2019-10-15 09:30:00-04:00
46.52000045776367;46.900001525878906;46.52000045776367;46.790000915527344;7200;2019-10-15 10:30:00-04:00
46.83000183105469;46.83000183105469;46.52000045776367;46.68999862670898;6529;2019-10-15 11:30:00-04:00
46.77000045776367;46.970001220703125;46.77000045776367;46.95000076293945;5083;2019-10-15 12:30:00-04:00
46.93999862670898;47.34000015258789;46.93999862670898;47.27000045776367;7911;2019-10-15 13:30:00-04:00
47.220001220703125;47.29999923706055;46.900001525878906;47.02000045776367;9669;2019-10-15 14:30:00-04:00
47.02999877929688;47.18999862670898;46.959999084472656;47.150001525878906;15310;2019-10-15 15:30:00-04:00
47.02999877929688;47.97999954223633;47.02999877929688;47.97999954223633;0;2019-10-16 09:30:00-04:00
47.84999847412109;47.84999847412109;47.2400016784668;47.2400016784668;8757;2019-10-16 10:30:00-04:00
47.15499877929688;47.65999984741211;46.91999816894531;47.11000061035156;24561;2019-10-16 11:30:00-04:00
47.209999084472656;47.209999084472656;46.6150016784668;46.84000015258789;11786;2019-10-16 12:30:00-04:00
46.790000915527344;46.997501373291016;46.720001220703125;46.720001220703125;4444;2019-10-16 13:30:00-04:00
46.810001373291016;46.810001373291016;46.5099983215332;46.61000061035156;7563;2019-10-16 14:30:00-04:00
46.59999847412109;46.68000030517578;46.38999938964844;46.560001373291016;13761;2019-10-16 15:30:00-04:00
46.709999084472656;47.380001068115234;46.709999084472656;47.09000015258789;9127;2019-10-17 09:30:00-04:00
47.17499923706055;47.17499923706055;46.650001525878906;46.72999954223633;6032;2019-10-17 10:30:00-04:00
46.5;46.71500015258789;46.4900016784668;46.4900016784668;9806;2019-10-17 11:30:00-04:00
46.56499862670898;46.68999862670898;46.40549850463867;46.55400085449219;18778;2019-10-17 12:30:00-04:00
46.40999984741211;46.58000183105469;46.34999847412109;46.34999847412109;6712;2019-10-17 13:30:00-04:00
46.4900016784668;46.869998931884766;46.43000030517578;46.435001373291016;16512;2019-10-17 14:30:00-04:00
46.540000915527344;46.97999954223633;46.51499938964844;46.84000015258789;15977;2019-10-17 15:30:00-04:00
46.650001525878906;47.01499938964844;46.06999969482422;46.61000061035156;6311;2019-10-18 09:30:00-04:00
46.61000061035156;46.88999938964844;46.43000030517578;46.72999954223633;4151;2019-10-18 10:30:00-04:00
46.630001068115234;46.65999984741211;46.11000061035156;46.31999969482422;13993;2019-10-18 11:30:00-04:00
46.380001068115234;46.650001525878906;46.09999847412109;46.09999847412109;18948;2019-10-18 12:30:00-04:00
46.09999847412109;46.290000915527344;45.93000030517578;45.959999084472656;10230;2019-10-18 13:30:00-04:00
45.90999984741211;46.220001220703125;45.901100158691406;45.970001220703125;5860;2019-10-18 14:30:00-04:00
46.040000915527344;46.38999938964844;46.02999877929688;46.290000915527344;17711;2019-10-18 15:30:00-04:00
46.290000915527344;47.459999084472656;46.290000915527344;46.720001220703125;0;2019-10-21 09:30:00-04:00
46.65999984741211;47.68000030517578;46.52999877929688;47.59000015258789;22196;2019-10-21 10:30:00-04:00
47.5;47.720001220703125;47.45000076293945;47.65999984741211;5445;2019-10-21 11:30:00-04:00
47.709999084472656;47.81999969482422;47.16999816894531;47.18999862670898;30740;2019-10-21 12:30:00-04:00
47.16999816894531;47.59000015258789;47.16999816894531;47.19499969482422;7683;2019-10-21 13:30:00-04:00
47.18000030517578;47.8650016784668;47.11330032348633;47.38999938964844;62524;2019-10-21 14:30:00-04:00
47.36000061035156;47.6150016784668;47.29999923706055;47.400001525878906;18859;2019-10-21 15:30:00-04:00
47.43999862670898;47.85499954223633;47.27000045776367;47.43999862670898;0;2019-10-22 09:30:00-04:00
47.119998931884766;47.900001525878906;46.88999938964844;47.900001525878906;7854;2019-10-22 10:30:00-04:00
47.90999984741211;48.77999877929688;47.90999984741211;48.14500045776367;95037;2019-10-22 11:30:00-04:00
48.220001220703125;48.220001220703125;47.77000045776367;48.0099983215332;7960;2019-10-22 12:30:00-04:00
48.0;48.380001068115234;47.900001525878906;48.20000076293945;15339;2019-10-22 13:30:00-04:00
48.19499969482422;48.19499969482422;47.8849983215332;47.959999084472656;7980;2019-10-22 14:30:00-04:00
47.95000076293945;48.150001525878906;47.869998931884766;47.95500183105469;14821;2019-10-22 15:30:00-04:00
47.9995002746582;48.20000076293945;47.25;47.25;4127;2019-10-23 09:30:00-04:00
47.47999954223633;48.22999954223633;47.47999954223633;48.13999938964844;12288;2019-10-23 10:30:00-04:00
48.040000915527344;48.13999938964844;47.84000015258789;47.95000076293945;10436;2019-10-23 11:30:00-04:00
48.0099983215332;48.17499923706055;47.84999847412109;48.07500076293945;11997;2019-10-23 12:30:00-04:00
48.07500076293945;48.09000015258789;47.869998931884766;47.90999984741211;6647;2019-10-23 13:30:00-04:00
47.95000076293945;48.400001525878906;47.93000030517578;48.209999084472656;37890;2019-10-23 14:30:00-04:00
48.25;48.459999084472656;48.060001373291016;48.150001525878906;41207;2019-10-23 15:30:00-04:00
48.31999969482422;48.66999816894531;47.93999862670898;48.06999969482422;2182;2019-10-24 09:30:00-04:00
47.99430084228516;48.56999969482422;47.95000076293945;48.27000045776367;5378;2019-10-24 10:30:00-04:00
48.630001068115234;48.63999938964844;48.31999969482422;48.47999954223633;5068;2019-10-24 11:30:00-04:00
48.52999877929688;48.88999938964844;48.52999877929688;48.88999938964844;5708;2019-10-24 12:30:00-04:00
48.86370086669922;48.90999984741211;48.45000076293945;48.45000076293945;7174;2019-10-24 13:30:00-04:00
48.380001068115234;48.61000061035156;48.22999954223633;48.22999954223633;8993;2019-10-24 14:30:00-04:00
48.18999862670898;48.31999969482422;47.84999847412109;48.31999969482422;29106;2019-10-24 15:30:00-04:00
48.20000076293945;48.2400016784668;47.86000061035156;47.97999954223633;0;2019-10-25 09:30:00-04:00
48.06999969482422;48.400001525878906;48.06999969482422;48.25;4103;2019-10-25 10:30:00-04:00
48.22999954223633;48.34249877929688;48.09000015258789;48.209999084472656;3688;2019-10-25 11:30:00-04:00
48.02999877929688;48.400001525878906;48.02999877929688;48.22499847412109;4853;2019-10-25 12:30:00-04:00
48.272098541259766;48.540000915527344;48.25;48.47999954223633;5163;2019-10-25 13:30:00-04:00
48.560001373291016;48.68000030517578;48.43999862670898;48.52000045776367;9799;2019-10-25 14:30:00-04:00
48.560001373291016;48.75;48.540000915527344;48.7400016784668;15996;2019-10-25 15:30:00-04:00
48.959999084472656;49.27000045776367;48.5;48.52000045776367;14299;2019-10-28 09:30:00-04:00
48.86000061035156;48.90999984741211;48.560001373291016;48.560001373291016;5319;2019-10-28 10:30:00-04:00
48.4900016784668;49.060001373291016;48.4900016784668;48.95000076293945;10163;2019-10-28 11:30:00-04:00
49.119998931884766;49.34000015258789;49.09000015258789;49.09999847412109;16303;2019-10-28 12:30:00-04:00
49.143798828125;49.15999984741211;48.95000076293945;48.95000076293945;7574;2019-10-28 13:30:00-04:00
48.86000061035156;48.86000061035156;48.54499816894531;48.7599983215332;8833;2019-10-28 14:30:00-04:00
48.79999923706055;48.810001373291016;48.65999984741211;48.810001373291016;14510;2019-10-28 15:30:00-04:00
48.72999954223633;48.900001525878906;48.630001068115234;48.68000030517578;0;2019-10-29 09:30:00-04:00
48.7599983215332;49.400001525878906;48.75;49.08000183105469;14778;2019-10-29 10:30:00-04:00
49.1349983215332;49.1349983215332;48.61130142211914;48.97999954223633;12897;2019-10-29 11:30:00-04:00
49.01499938964844;49.11000061035156;48.66999816894531;48.97999954223633;11472;2019-10-29 12:30:00-04:00
49.040000915527344;49.40999984741211;48.86000061035156;49.40999984741211;17336;2019-10-29 13:30:00-04:00
49.54999923706055;49.54999923706055;49.02000045776367;49.02000045776367;10303;2019-10-29 14:30:00-04:00
49.04999923706055;49.08000183105469;48.7599983215332;48.970001220703125;17976;2019-10-29 15:30:00-04:00
48.959999084472656;49.44499969482422;48.79999923706055;49.307498931884766;10251;2019-10-30 09:30:00-04:00
49.18000030517578;49.36000061035156;49.0099983215332;49.290000915527344;4467;2019-10-30 10:30:00-04:00
49.34000015258789;49.59999847412109;49.15999984741211;49.58000183105469;8387;2019-10-30 11:30:00-04:00
49.68999862670898;49.790000915527344;49.43999862670898;49.43999862670898;7421;2019-10-30 12:30:00-04:00
49.36000061035156;49.4900016784668;48.61000061035156;48.665000915527344;14668;2019-10-30 13:30:00-04:00
48.7400016784668;49.08000183105469;48.58000183105469;48.64500045776367;24476;2019-10-30 14:30:00-04:00
48.68999862670898;48.75;48.310001373291016;48.310001373291016;30421;2019-10-30 15:30:00-04:00
45.0;45.0;41.70750045776367;42.68159866333008;86132;2019-10-31 09:30:00-04:00
42.70000076293945;44.68999862670898;42.45000076293945;43.16999816894531;63789;2019-10-31 10:30:00-04:00
43.31999969482422;43.31999969482422;41.68000030517578;42.2400016784668;72157;2019-10-31 11:30:00-04:00
42.27000045776367;42.91999816894531;41.81499862670898;42.91999816894531;43908;2019-10-31 12:30:00-04:00
42.959999084472656;43.290000915527344;42.34000015258789;42.4900016784668;37120;2019-10-31 13:30:00-04:00
42.525001525878906;42.52999877929688;42.15999984741211;42.47999954223633;38354;2019-10-31 14:30:00-04:00
42.47999954223633;43.02999877929688;42.25;42.93999862670898;85508;2019-10-31 15:30:00-04:00
43.130001068115234;46.02999877929688;42.0009994506836;46.02999877929688;29431;2019-11-01 09:30:00-04:00
45.89580154418945;46.93999862670898;45.84000015258789;46.65999984741211;38681;2019-11-01 10:30:00-04:00
46.66999816894531;46.77999877929688;44.7599983215332;44.80500030517578;42006;2019-11-01 11:30:00-04:00
44.78499984741211;46.26190185546875;44.78499984741211;45.755001068115234;42568;2019-11-01 12:30:00-04:00
45.78499984741211;46.29999923706055;45.77999877929688;46.125;22940;2019-11-01 13:30:00-04:00
46.11000061035156;46.2400016784668;45.900001525878906;46.2400016784668;40089;2019-11-01 14:30:00-04:00
46.29999923706055;46.29999923706055;45.93999862670898;46.02000045776367;47076;2019-11-01 15:30:00-04:00
46.65999984741211;47.56999969482422;45.84820175170898;47.02000045776367;0;2019-11-04 09:30:00-05:00
47.02000045776367;47.48500061035156;46.619998931884766;46.75;48420;2019-11-04 10:30:00-05:00
46.720001220703125;46.84999847412109;46.41999816894531;46.5099983215332;32427;2019-11-04 11:30:00-05:00
46.52000045776367;46.56999969482422;45.869998931884766;46.005001068115234;86970;2019-11-04 12:30:00-05:00
46.005001068115234;46.060001373291016;45.209999084472656;45.81999969482422;49427;2019-11-04 13:30:00-05:00
45.709999084472656;46.415000915527344;45.6150016784668;46.067501068115234;59550;2019-11-04 14:30:00-05:00
46.16999816894531;46.560001373291016;45.91999816894531;46.18000030517578;141427;2019-11-04 15:30:00-05:00
46.40999984741211;46.88999938964844;46.17499923706055;46.41999816894531;125962;2019-11-05 09:30:00-05:00
46.27999877929688;46.68000030517578;46.18999862670898;46.290000915527344;51223;2019-11-05 10:30:00-05:00
46.470001220703125;46.66999816894531;46.19499969482422;46.35499954223633;139540;2019-11-05 11:30:00-05:00
46.369998931884766;46.38999938964844;45.970001220703125;46.040000915527344;23822;2019-11-05 12:30:00-05:00
46.02999877929688;46.169898986816406;45.38999938964844;45.38999938964844;25381;2019-11-05 13:30:00-05:00
45.494998931884766;45.78499984741211;45.34000015258789;45.540000915527344;29550;2019-11-05 14:30:00-05:00
45.59999847412109;45.68000030517578;45.20000076293945;45.56999969482422;51676;2019-11-05 15:30:00-05:00
45.540000915527344;46.95000076293945;45.540000915527344;46.11000061035156;69363;2019-11-06 09:30:00-05:00
46.11000061035156;46.470001220703125;46.025001525878906;46.17499923706055;21786;2019-11-06 10:30:00-05:00
46.25;46.59999847412109;46.18999862670898;46.43000030517578;51365;2019-11-06 11:30:00-05:00
46.400001525878906;46.540000915527344;46.209999084472656;46.400001525878906;68057;2019-11-06 12:30:00-05:00
46.38999938964844;46.400001525878906;46.09999847412109;46.275001525878906;18217;2019-11-06 13:30:00-05:00
46.29999923706055;46.32500076293945;45.93999862670898;45.93999862670898;29541;2019-11-06 14:30:00-05:00
45.94499969482422;46.0099983215332;45.619998931884766;45.709999084472656;39331;2019-11-06 15:30:00-05:00
46.2599983215332;46.5;45.18999862670898;45.20000076293945;0;2019-11-07 09:30:00-05:00
45.275001525878906;45.65999984741211;45.220001220703125;45.310001373291016;22178;2019-11-07 10:30:00-05:00
45.35499954223633;45.5;44.68999862670898;44.86000061035156;21129;2019-11-07 11:30:00-05:00
44.857200622558594;45.20500183105469;44.857200622558594;45.02999877929688;14845;2019-11-07 12:30:00-05:00
45.0099983215332;45.380001068115234;44.90999984741211;45.2599983215332;15724;2019-11-07 13:30:00-05:00
45.27000045776367;45.310001373291016;44.84000015258789;44.84000015258789;18805;2019-11-07 14:30:00-05:00
44.81999969482422;45.380001068115234;44.61000061035156;44.9900016784668;51539;2019-11-07 15:30:00-05:00
44.91999816894531;44.91999816894531;43.65999984741211;44.61600112915039;14928;2019-11-08 09:30:00-05:00
44.40999984741211;44.90999984741211;44.38999938964844;44.790000915527344;16541;2019-11-08 10:30:00-05:00
44.875;45.35499954223633;44.790000915527344;45.33000183105469;20892;2019-11-08 11:30:00-05:00
45.31999969482422;45.83000183105469;45.290000915527344;45.584999084472656;23543;2019-11-08 12:30:00-05:00
45.56999969482422;45.56999969482422;45.33000183105469;45.45000076293945;23529;2019-11-08 13:30:00-05:00
45.5;45.505001068115234;44.790000915527344;44.790000915527344;26717;2019-11-08 14:30:00-05:00
44.81499862670898;44.95000076293945;44.79999923706055;44.81999969482422;44220;2019-11-08 15:30:00-05:00
44.4900016784668;45.72999954223633;44.4900016784668;45.220001220703125;0;2019-11-11 09:30:00-05:00
45.2400016784668;45.619998931884766;44.93429946899414;44.93429946899414;12922;2019-11-11 10:30:00-05:00
44.959999084472656;45.08000183105469;44.720001220703125;44.84000015258789;9542;2019-11-11 11:30:00-05:00
44.709999084472656;44.84000015258789;44.52000045776367;44.54999923706055;6974;2019-11-11 12:30:00-05:00
44.56489944458008;44.84000015258789;44.52999877929688;44.63999938964844;6818;2019-11-11 13:30:00-05:00
44.619998931884766;44.650001525878906;44.375;44.380001068115234;6796;2019-11-11 14:30:00-05:00
44.369998931884766;44.58000183105469;44.33000183105469;44.58000183105469;20392;2019-11-11 15:30:00-05:00
44.720001220703125;45.20000076293945;44.720001220703125;45.02999877929688;0;2019-11-12 09:30:00-05:00
45.005001068115234;45.63999938964844;44.95000076293945;45.290000915527344;20666;2019-11-12 10:30:00-05:00
45.33000183105469;45.380001068115234;45.060001373291016;45.060001373291016;9010;2019-11-12 11:30:00-05:00
45.040000915527344;45.11000061035156;44.72499847412109;44.77000045776367;14363;2019-11-12 12:30:00-05:00
44.755001068115234;45.29999923706055;44.66529846191406;45.27999877929688;21726;2019-11-12 13:30:00-05:00
45.255001068115234;45.52000045776367;45.165000915527344;45.310001373291016;34808;2019-11-12 14:30:00-05:00
45.29999923706055;45.48500061035156;45.18999862670898;45.22999954223633;66527;2019-11-12 15:30:00-05:00
44.7400016784668;45.25;44.7400016784668;44.900001525878906;0;2019-11-13 09:30:00-05:00
44.54999923706055;44.7599983215332;44.3849983215332;44.685001373291016;6637;2019-11-13 10:30:00-05:00
44.70000076293945;44.83000183105469;44.40499877929688;44.83000183105469;12035;2019-11-13 11:30:00-05:00
44.81999969482422;45.0;44.79999923706055;44.900001525878906;10677;2019-11-13 12:30:00-05:00
44.900001525878906;45.04999923706055;44.81499862670898;45.02000045776367;12458;2019-11-13 13:30:00-05:00
45.119998931884766;45.369998931884766;44.970001220703125;45.08000183105469;40158;2019-11-13 14:30:00-05:00
45.060001373291016;45.11000061035156;44.84000015258789;44.900001525878906;23117;2019-11-13 15:30:00-05:00
44.869998931884766;45.25;44.869998931884766;45.09000015258789;0;2019-11-14 09:30:00-05:00
45.16999816894531;45.209999084472656;44.81999969482422;45.150001525878906;12364;2019-11-14 10:30:00-05:00
45.1150016784668;45.1150016784668;44.47999954223633;44.595001220703125;5090;2019-11-14 11:30:00-05:00
44.65999984741211;44.79999923706055;44.40999984741211;44.68000030517578;9162;2019-11-14 12:30:00-05:00
44.68999862670898;44.68999862670898;44.084999084472656;44.29999923706055;12289;2019-11-14 13:30:00-05:00
44.25;44.31999969482422;43.91999816894531;44.0099983215332;14272;2019-11-14 14:30:00-05:00
44.02999877929688;44.060001373291016;43.77999877929688;43.81999969482422;22771;2019-11-14 15:30:00-05:00
44.2400016784668;44.5;43.2599983215332;43.38999938964844;0;2019-11-15 09:30:00-05:00
43.375;43.459999084472656;43.13999938964844;43.2599983215332;9402;2019-11-15 10:30:00-05:00
43.29999923706055;43.33000183105469;42.90999984741211;43.02999877929688;8100;2019-11-15 11:30:00-05:00
43.09000015258789;43.560001373291016;43.09000015258789;43.560001373291016;11611;2019-11-15 12:30:00-05:00
43.47999954223633;43.77000045776367;43.27000045776367;43.43999862670898;21828;2019-11-15 13:30:00-05:00
43.45000076293945;43.81999969482422;43.41999816894531;43.68000030517578;15913;2019-11-15 14:30:00-05:00
43.63999938964844;44.15999984741211;43.540000915527344;43.95000076293945;44998;2019-11-15 15:30:00-05:00
43.65999984741211;44.08000183105469;43.65999984741211;43.7599983215332;8747;2019-11-18 09:30:00-05:00
43.81999969482422;44.0;43.66999816894531;43.83000183105469;7332;2019-11-18 10:30:00-05:00
43.90999984741211;43.93000030517578;43.56999969482422;43.84000015258789;10339;2019-11-18 11:30:00-05:00
43.91999816894531;44.060001373291016;43.77000045776367;43.77000045776367;8674;2019-11-18 12:30:00-05:00
43.790000915527344;43.93000030517578;43.790000915527344;43.84999847412109;5915;2019-11-18 13:30:00-05:00
43.869998931884766;43.93000030517578;43.73500061035156;43.7400016784668;8133;2019-11-18 14:30:00-05:00
43.79999923706055;43.90999984741211;43.66999816894531;43.880001068115234;21736;2019-11-18 15:30:00-05:00
44.244998931884766;44.29999923706055;43.77000045776367;43.90499877929688;27320;2019-11-19 09:30:00-05:00
44.130001068115234;44.380001068115234;44.0;44.380001068115234;7860;2019-11-19 10:30:00-05:00
44.2599983215332;44.83000183105469;44.2599983215332;44.65999984741211;36461;2019-11-19 11:30:00-05:00
44.68000030517578;44.90999984741211;44.56999969482422;44.68999862670898;9066;2019-11-19 12:30:00-05:00
44.71220016479492;44.78499984741211;44.52000045776367;44.77999877929688;52974;2019-11-19 13:30:00-05:00
44.790000915527344;44.880001068115234;44.20000076293945;44.84999847412109;31401;2019-11-19 14:30:00-05:00
44.85499954223633;45.0;44.630001068115234;44.790000915527344;29458;2019-11-19 15:30:00-05:00
44.720001220703125;44.720001220703125;44.250099182128906;44.41999816894531;10251;2019-11-20 09:30:00-05:00
44.5;44.6349983215332;44.22999954223633;44.587799072265625;11203;2019-11-20 10:30:00-05:00
44.62960052490234;44.65999984741211;44.331199645996094;44.38999938964844;10792;2019-11-20 11:30:00-05:00
44.45000076293945;44.58000183105469;43.72499847412109;44.04999923706055;7461;2019-11-20 12:30:00-05:00
44.15999984741211;44.400001525878906;43.970001220703125;44.369998931884766;9171;2019-11-20 13:30:00-05:00
44.34000015258789;44.58000183105469;44.33000183105469;44.52000045776367;12794;2019-11-20 14:30:00-05:00
44.540000915527344;44.560001373291016;44.130001068115234;44.33000183105469;19755;2019-11-20 15:30:00-05:00
44.5;44.55500030517578;43.47999954223633;43.47999954223633;8961;2019-11-21 09:30:00-05:00
43.54899978637695;44.51499938964844;43.54899978637695;44.45000076293945;14143;2019-11-21 10:30:00-05:00
44.51499938964844;44.51499938964844;44.15999984741211;44.29999923706055;5672;2019-11-21 11:30:00-05:00
44.34999847412109;44.60499954223633;44.34999847412109;44.52999877929688;7216;2019-11-21 12:30:00-05:00
44.525001525878906;44.525001525878906;44.06999969482422;44.20479965209961;7842;2019-11-21 13:30:00-05:00
44.220001220703125;45.369998931884766;44.220001220703125;45.27999877929688;70237;2019-11-21 14:30:00-05:00
45.31999969482422;45.43000030517578;45.18000030517578;45.20000076293945;23291;2019-11-21 15:30:00-05:00
45.44499969482422;46.34999847412109;45.2599983215332;45.88999938964844;0;2019-11-22 09:30:00-05:00
45.93000030517578;46.04999923706055;45.72999954223633;45.95000076293945;8716;2019-11-22 10:30:00-05:00
45.90999984741211;46.16999816894531;45.875;46.125;8580;2019-11-22 11:30:00-05:00
46.06999969482422;46.06999969482422;45.75;45.79999923706055;9104;2019-11-22 12:30:00-05:00
45.77999877929688;45.93999862670898;45.68000030517578;45.915000915527344;8580;2019-11-22 13:30:00-05:00
45.970001220703125;46.08000183105469;45.91999816894531;46.04499816894531;11312;2019-11-22 14:30:00-05:00
46.04079818725586;46.04499816894531;45.685001373291016;45.75;18762;2019-11-22 15:30:00-05:00
45.7599983215332;46.5099983215332;45.32429885864258;46.380001068115234;0;2019-11-25 09:30:00-05:00
46.40999984741211;46.93000030517578;46.18000030517578;46.65999984741211;0;2019-11-25 10:30:00-05:00
46.76499938964844;47.130001068115234;46.57809829711914;46.61000061035156;55434;2019-11-25 11:30:00-05:00
46.63999938964844;46.83000183105469;46.459999084472656;46.65999984741211;6878;2019-11-25 12:30:00-05:00
46.59999847412109;46.790000915527344;46.459999084472656;46.744998931884766;7831;2019-11-25 13:30:00-05:00
46.709999084472656;46.810001373291016;46.6150016784668;46.810001373291016;11983;2019-11-25 14:30:00-05:00
46.77999877929688;46.77999877929688;46.54999923706055;46.70000076293945;18434;2019-11-25 15:30:00-05:00
46.900001525878906;47.27939987182617;46.57500076293945;46.93999862670898;0;2019-11-26 09:30:00-05:00
46.900001525878906;47.34999847412109;46.0;46.375;88982;2019-11-26 10:30:00-05:00
46.31999969482422;46.31999969482422;45.77000045776367;45.845401763916016;7953;2019-11-26 11:30:00-05:00
45.84999847412109;45.84999847412109;45.26499938964844;45.290000915527344;29798;2019-11-26 12:30:00-05:00
45.28499984741211;45.53499984741211;45.25;45.25;12913;2019-11-26 13:30:00-05:00
45.27000045776367;45.31999969482422;44.81999969482422;44.9900016784668;14837;2019-11-26 14:30:00-05:00
44.9900016784668;45.08000183105469;44.7599983215332;44.970001220703125;32386;2019-11-26 15:30:00-05:00
45.05500030517578;45.75;45.05500030517578;45.619998931884766;8411;2019-11-27 09:30:00-05:00
45.70759963989258;46.209999084472656;45.70759963989258;45.709999084472656;11150;2019-11-27 10:30:00-05:00
45.540000915527344;45.84000015258789;45.540000915527344;45.84000015258789;7892;2019-11-27 11:30:00-05:00
45.75;46.03499984741211;45.55500030517578;46.03499984741211;10809;2019-11-27 12:30:00-05:00
46.060001373291016;46.39500045776367;46.060001373291016;46.20000076293945;5954;2019-11-27 13:30:00-05:00
46.220001220703125;46.220001220703125;45.93000030517578;46.16999816894531;10425;2019-11-27 14:30:00-05:00
46.220001220703125;46.310001373291016;46.09999847412109;46.27999877929688;19395;2019-11-27 15:30:00-05:00
45.97999954223633;46.20000076293945;45.59999847412109;45.869998931884766;0;2019-11-29 09:30:00-05:00
45.72999954223633;45.72999954223633;45.34000015258789;45.54999923706055;14861;2019-11-29 10:30:00-05:00
45.56999969482422;45.75;45.5;45.720001220703125;21804;2019-11-29 11:30:00-05:00
45.68000030517578;45.72999954223633;45.5;45.619998931884766;16057;2019-11-29 13:00:00-05:00
45.79999923706055;45.79999923706055;44.915000915527344;44.9900016784668;0;2019-12-02 09:30:00-05:00
44.959999084472656;45.5099983215332;44.91999816894531;45.34999847412109;6692;2019-12-02 10:30:00-05:00
45.33000183105469;45.54999923706055;45.27999877929688;45.45000076293945;5923;2019-12-02 11:30:00-05:00
45.47999954223633;46.150001525878906;45.38999938964844;45.72499847412109;12316;2019-12-02 12:30:00-05:00
45.54999923706055;45.619998931884766;45.18999862670898;45.20280075073242;7436;2019-12-02 13:30:00-05:00
45.16999816894531;45.244998931884766;44.77000045776367;44.91749954223633;16422;2019-12-02 14:30:00-05:00
44.9900016784668;45.09000015258789;44.959999084472656;45.04999923706055;17459;2019-12-02 15:30:00-05:00
44.52999877929688;44.52999877929688;43.994998931884766;44.27000045776367;0;2019-12-03 09:30:00-05:00
44.21849822998047;44.48899841308594;44.09000015258789;44.27999877929688;12658;2019-12-03 10:30:00-05:00
44.27000045776367;44.63999938964844;44.27000045776367;44.560001373291016;5455;2019-12-03 11:30:00-05:00
44.5099983215332;44.619998931884766;44.470001220703125;44.47999954223633;7468;2019-12-03 12:30:00-05:00
44.560001373291016;44.83869934082031;44.560001373291016;44.71500015258789;5470;2019-12-03 13:30:00-05:00
44.70500183105469;44.720001220703125;44.400001525878906;44.61000061035156;11608;2019-12-03 14:30:00-05:00
44.630001068115234;44.790000915527344;44.540000915527344;44.63999938964844;16899;2019-12-03 15:30:00-05:00
44.95000076293945;45.810001373291016;44.7400016784668;45.40999984741211;0;2019-12-04 09:30:00-05:00
45.494998931884766;45.75;45.32440185546875;45.39500045776367;12751;2019-12-04 10:30:00-05:00
45.43999862670898;45.65999984741211;45.31999969482422;45.65999984741211;6815;2019-12-04 11:30:00-05:00
45.58940124511719;45.7599983215332;45.58000183105469;45.625;8888;2019-12-04 12:30:00-05:00
45.619998931884766;45.619998931884766;45.5;45.52999877929688;5760;2019-12-04 13:30:00-05:00
45.46500015258789;45.5099983215332;45.25;45.26499938964844;7159;2019-12-04 14:30:00-05:00
45.27000045776367;45.5099983215332;45.2400016784668;45.40999984741211;23239;2019-12-04 15:30:00-05:00
45.56999969482422;45.84999847412109;45.02999877929688;45.15489959716797;0;2019-12-05 09:30:00-05:00
45.15999984741211;45.27000045776367;45.0099983215332;45.21480178833008;9773;2019-12-05 10:30:00-05:00
45.119998931884766;45.51499938964844;45.060001373291016;45.4005012512207;14665;2019-12-05 11:30:00-05:00
45.40999984741211;45.52000045776367;45.25;45.52000045776367;6837;2019-12-05 12:30:00-05:00
45.5;45.84000015258789;45.34000015258789;45.77000045776367;9080;2019-12-05 13:30:00-05:00
45.80500030517578;45.900001525878906;45.45000076293945;45.88999938964844;41280;2019-12-05 14:30:00-05:00
45.86000061035156;45.97999954223633;45.83000183105469;45.84000015258789;31426;2019-12-05 15:30:00-05:00
46.400001525878906;47.02000045776367;46.400001525878906;46.459999084472656;0;2019-12-06 09:30:00-05:00
46.31999969482422;46.369998931884766;46.10499954223633;46.34000015258789;17813;2019-12-06 10:30:00-05:00
46.29249954223633;46.380001068115234;45.8849983215332;45.959999084472656;15768;2019-12-06 11:30:00-05:00
45.90999984741211;45.9900016784668;45.52999877929688;45.64500045776367;11353;2019-12-06 12:30:00-05:00
45.59999847412109;46.7599983215332;45.45000076293945;46.119998931884766;58726;2019-12-06 13:30:00-05:00
46.16999816894531;46.43109893798828;46.04999923706055;46.33000183105469;23469;2019-12-06 14:30:00-05:00
46.334999084472656;46.83000183105469;46.29999923706055;46.380001068115234;54491;2019-12-06 15:30:00-05:00
46.31999969482422;47.34000015258789;46.31999969482422;47.18000030517578;18899;2019-12-09 09:30:00-05:00
47.25;47.790000915527344;47.13999938964844;47.56499862670898;17437;2019-12-09 10:30:00-05:00
47.5;47.525001525878906;47.18000030517578;47.22999954223633;22534;2019-12-09 11:30:00-05:00
47.22499847412109;47.29499816894531;47.13999938964844;47.20000076293945;3862;2019-12-09 12:30:00-05:00
47.220001220703125;47.27999877929688;47.0099983215332;47.09000015258789;6879;2019-12-09 13:30:00-05:00
47.09999847412109;47.29999923706055;46.97999954223633;47.18999862670898;13917;2019-12-09 14:30:00-05:00
47.18999862670898;47.375;47.09999847412109;47.15999984741211;34286;2019-12-09 15:30:00-05:00
47.13999938964844;47.375;47.09999847412109;47.220001220703125;21831;2019-12-10 09:30:00-05:00
47.09999847412109;47.25;46.65999984741211;46.77999877929688;14609;2019-12-10 10:30:00-05:00
46.88999938964844;46.88999938964844;46.43999862670898;46.459999084472656;5878;2019-12-10 11:30:00-05:00
46.47499847412109;46.47499847412109;46.130001068115234;46.130001068115234;7807;2019-12-10 12:30:00-05:00
46.15499877929688;46.27000045776367;46.07500076293945;46.20000076293945;11510;2019-12-10 13:30:00-05:00
46.2400016784668;46.26499938964844;46.09000015258789;46.09999847412109;13239;2019-12-10 14:30:00-05:00
46.16999816894531;46.16999816894531;45.83000183105469;46.04999923706055;27551;2019-12-10 15:30:00-05:00
46.220001220703125;47.25;46.220001220703125;46.47999954223633;0;2019-12-11 09:30:00-05:00
46.69499969482422;47.025001525878906;46.04999923706055;46.15999984741211;10987;2019-12-11 10:30:00-05:00
46.040000915527344;46.540000915527344;46.040000915527344;46.22999954223633;7290;2019-12-11 11:30:00-05:00
46.27000045776367;46.47999954223633;46.25;46.380001068115234;7096;2019-12-11 12:30:00-05:00
46.44499969482422;47.040000915527344;46.44499969482422;46.91999816894531;9982;2019-12-11 13:30:00-05:00
46.93999862670898;46.93999862670898;46.27999877929688;46.29999923706055;22564;2019-12-11 14:30:00-05:00
46.33000183105469;46.619998931884766;46.2599983215332;46.560001373291016;26712;2019-12-11 15:30:00-05:00
46.59000015258789;47.52000045776367;46.310001373291016;47.380001068115234;0;2019-12-12 09:30:00-05:00
47.19499969482422;47.38999938964844;46.88999938964844;47.02999877929688;8196;2019-12-12 10:30:00-05:00
47.0099983215332;47.130001068115234;46.63999938964844;46.63999938964844;7839;2019-12-12 11:30:00-05:00
46.720001220703125;46.93999862670898;46.720001220703125;46.880001068115234;5132;2019-12-12 12:30:00-05:00
46.83000183105469;46.83000183105469;46.5099983215332;46.755001068115234;5297;2019-12-12 13:30:00-05:00
46.72999954223633;47.060001373291016;46.69499969482422;46.900001525878906;14870;2019-12-12 14:30:00-05:00
46.98500061035156;47.27999877929688;46.900001525878906;47.27000045776367;38349;2019-12-12 15:30:00-05:00
47.09000015258789;47.45500183105469;46.61000061035156;47.02999877929688;0;2019-12-13 09:30:00-05:00
47.02000045776367;47.15499877929688;46.72499847412109;46.84999847412109;13955;2019-12-13 10:30:00-05:00
46.970001220703125;47.41999816894531;46.720001220703125;47.27999877929688;15369;2019-12-13 11:30:00-05:00
47.27999877929688;47.380001068115234;47.040000915527344;47.16999816894531;5454;2019-12-13 12:30:00-05:00
47.16999816894531;47.43999862670898;47.02000045776367;47.14500045776367;23691;2019-12-13 13:30:00-05:00
47.1349983215332;47.36000061035156;47.119998931884766;47.20500183105469;26406;2019-12-13 14:30:00-05:00
47.125;47.25;46.90999984741211;47.20000076293945;26631;2019-12-13 15:30:00-05:00
47.650001525878906;48.34999847412109;46.55500030517578;48.09999847412109;0;2019-12-16 09:30:00-05:00
48.084999084472656;48.2599983215332;47.970001220703125;48.11000061035156;9298;2019-12-16 10:30:00-05:00
48.119998931884766;48.220001220703125;47.68999862670898;47.84999847412109;16664;2019-12-16 11:30:00-05:00
47.77000045776367;47.91999816894531;47.54999923706055;47.68999862670898;11000;2019-12-16 12:30:00-05:00
47.5099983215332;47.880001068115234;47.4900016784668;47.64789962768555;19092;2019-12-16 13:30:00-05:00
47.584999084472656;47.709999084472656;47.41999816894531;47.709999084472656;13900;2019-12-16 14:30:00-05:00
47.685001373291016;47.70500183105469;47.43000030517578;47.52999877929688;15771;2019-12-16 15:30:00-05:00
47.459999084472656;47.595001220703125;47.31999969482422;47.47999954223633;0;2019-12-17 09:30:00-05:00
47.650001525878906;47.68000030517578;47.40999984741211;47.68000030517578;13080;2019-12-17 10:30:00-05:00
47.84000015258789;48.12739944458008;47.70000076293945;47.81999969482422;11598;2019-12-17 11:30:00-05:00
47.95289993286133;48.04999923706055;47.709999084472656;47.709999084472656;9920;2019-12-17 12:30:00-05:00
47.7400016784668;48.11000061035156;47.63999938964844;48.02000045776367;15685;2019-12-17 13:30:00-05:00
48.08000183105469;48.220001220703125;47.95500183105469;48.06999969482422;17054;2019-12-17 14:30:00-05:00
48.084999084472656;48.2599983215332;48.04999923706055;48.20000076293945;23070;2019-12-17 15:30:00-05:00
48.25;48.25;47.5369987487793;47.79499816894531;16079;2019-12-18 09:30:00-05:00
47.880001068115234;48.040000915527344;47.77000045776367;48.02000045776367;31532;2019-12-18 10:30:00-05:00
47.98500061035156;48.11000061035156;47.810001373291016;48.11000061035156;13732;2019-12-18 11:30:00-05:00
48.11000061035156;48.244998931884766;48.11000061035156;48.1349983215332;6160;2019-12-18 12:30:00-05:00
48.09000015258789;48.18000030517578;47.959999084472656;48.07500076293945;9887;2019-12-18 13:30:00-05:00
48.06499862670898;48.66999816894531;48.02000045776367;48.59999847412109;19324;2019-12-18 14:30:00-05:00
48.63999938964844;48.79999923706055;48.59999847412109;48.720001220703125;25656;2019-12-18 15:30:00-05:00
48.72999954223633;49.43999862670898;48.62179946899414;49.16949844360352;0;2019-12-19 09:30:00-05:00
49.242000579833984;49.540000915527344;48.63999938964844;48.63999938964844;10230;2019-12-19 10:30:00-05:00
48.66999816894531;48.78620147705078;48.38999938964844;48.58000183105469;9146;2019-12-19 11:30:00-05:00
48.5;48.97999954223633;48.5;48.77999877929688;10043;2019-12-19 12:30:00-05:00
48.875;49.11000061035156;48.64500045776367;48.875;20486;2019-12-19 13:30:00-05:00
48.93999862670898;49.119998931884766;48.93000030517578;49.02000045776367;21749;2019-12-19 14:30:00-05:00
48.9900016784668;49.150001525878906;48.880001068115234;49.09999847412109;20770;2019-12-19 15:30:00-05:00
49.380001068115234;49.41999816894531;48.84999847412109;49.15999984741211;0;2019-12-20 09:30:00-05:00
49.28499984741211;49.72999954223633;49.06999969482422;49.59000015258789;20802;2019-12-20 10:30:00-05:00
49.650001525878906;49.95500183105469;49.650001525878906;49.72999954223633;8645;2019-12-20 11:30:00-05:00
49.68999862670898;49.959999084472656;49.3650016784668;49.56999969482422;9354;2019-12-20 12:30:00-05:00
49.51499938964844;49.630001068115234;49.380001068115234;49.56999969482422;7278;2019-12-20 13:30:00-05:00
49.60499954223633;49.68999862670898;49.18999862670898;49.18999862670898;20017;2019-12-20 14:30:00-05:00
49.20000076293945;49.43999862670898;49.13999938964844;49.40999984741211;36528;2019-12-20 15:30:00-05:00
49.650001525878906;49.650001525878906;48.54999923706055;48.720001220703125;17220;2019-12-23 09:30:00-05:00
48.64500045776367;49.15499877929688;48.54999923706055;49.09000015258789;8502;2019-12-23 10:30:00-05:00
49.05500030517578;49.119998931884766;48.7400016784668;48.91999816894531;10079;2019-12-23 11:30:00-05:00
48.810001373291016;49.15999984741211;48.310001373291016;49.15999984741211;8549;2019-12-23 12:30:00-05:00
49.08000183105469;49.22999954223633;48.41999816894531;48.63999938964844;23553;2019-12-23 13:30:00-05:00
48.63999938964844;49.18000030517578;48.59999847412109;48.80500030517578;11479;2019-12-23 14:30:00-05:00
48.68999862670898;48.95000076293945;48.68999862670898;48.83000183105469;14592;2019-12-23 15:30:00-05:00
49.119998931884766;49.119998931884766;48.40999984741211;48.5;0;2019-12-24 09:30:00-05:00
48.47999954223633;48.84999847412109;48.470001220703125;48.77000045776367;4482;2019-12-24 10:30:00-05:00
48.78499984741211;48.959999084472656;48.540000915527344;48.57500076293945;14260;2019-12-24 11:30:00-05:00
48.540000915527344;48.810001373291016;48.540000915527344;48.810001373291016;9185;2019-12-24 13:00:00-05:00
49.150001525878906;49.25;48.77999877929688;49.22999954223633;0;2019-12-26 09:30:00-05:00
49.20500183105469;49.290000915527344;49.0;49.15999984741211;9041;2019-12-26 10:30:00-05:00
49.130001068115234;49.130401611328125;48.95000076293945;48.95000076293945;8503;2019-12-26 11:30:00-05:00
49.02999877929688;49.150001525878906;48.93000030517578;49.11000061035156;6270;2019-12-26 12:30:00-05:00
49.05160140991211;49.18000030517578;49.0099983215332;49.0099983215332;5261;2019-12-26 13:30:00-05:00
49.150001525878906;49.150001525878906;48.97999954223633;49.119998931884766;5034;2019-12-26 14:30:00-05:00
49.11000061035156;49.15999984741211;48.95000076293945;49.040000915527344;9534;2019-12-26 15:30:00-05:00
49.459999084472656;49.459999084472656;48.83000183105469;49.19499969482422;0;2019-12-27 09:30:00-05:00
49.09999847412109;49.375;49.09999847412109;49.34999847412109;12536;2019-12-27 10:30:00-05:00
49.397499084472656;49.42499923706055;49.09999847412109;49.09999847412109;10320;2019-12-27 11:30:00-05:00
49.119998931884766;49.33000183105469;49.11000061035156;49.130001068115234;10392;2019-12-27 12:30:00-05:00
49.130001068115234;49.15999984741211;48.77880096435547;48.869998931884766;8524;2019-12-27 13:30:00-05:00
48.81999969482422;48.90999984741211;48.650001525878906;48.77000045776367;6308;2019-12-27 14:30:00-05:00
48.83000183105469;48.93999862670898;48.595001220703125;48.93999862670898;13593;2019-12-27 15:30:00-05:00
49.060001373291016;49.060001373291016;47.84999847412109;48.06499862670898;0;2019-12-30 09:30:00-05:00
48.02999877929688;48.27999877929688;47.97999954223633;48.209999084472656;10119;2019-12-30 10:30:00-05:00
48.20000076293945;48.27999877929688;48.040000915527344;48.150001525878906;15302;2019-12-30 11:30:00-05:00
48.185001373291016;48.54999923706055;48.10499954223633;48.54499816894531;25363;2019-12-30 12:30:00-05:00
48.56499862670898;48.59000015258789;48.27999877929688;48.47999954223633;9630;2019-12-30 13:30:00-05:00
48.494998931884766;48.72999954223633;48.43000030517578;48.720001220703125;15678;2019-12-30 14:30:00-05:00
48.7599983215332;48.869998931884766;48.61000061035156;48.68000030517578;21599;2019-12-30 15:30:00-05:00
48.61000061035156;49.23500061035156;48.57469940185547;48.93000030517578;0;2019-12-31 09:30:00-05:00
48.790000915527344;48.93999862670898;48.584999084472656;48.709999084472656;12812;2019-12-31 10:30:00-05:00
48.86000061035156;49.18999862670898;48.380001068115234;48.380001068115234;24064;2019-12-31 11:30:00-05:00
48.54499816894531;48.650001525878906;48.41999816894531;48.5;5888;2019-12-31 12:30:00-05:00
48.43000030517578;48.56999969482422;48.33000183105469;48.56999969482422;4862;2019-12-31 13:30:00-05:00
48.584999084472656;48.630001068115234;48.43999862670898;48.47999954223633;7091;2019-12-31 14:30:00-05:00
48.470001220703125;48.560001373291016;48.36000061035156;48.47999954223633;19091;2019-12-31 15:30:00-05:00
48.93000030517578;48.93000030517578;47.09999847412109;47.459999084472656;27482;2020-01-02 09:30:00-05:00
47.41999816894531;47.630001068115234;47.2400016784668;47.33000183105469;9537;2020-01-02 10:30:00-05:00
47.290000915527344;47.40999984741211;47.06999969482422;47.18000030517578;9267;2020-01-02 11:30:00-05:00
47.18999862670898;47.27999877929688;47.09999847412109;47.15999984741211;5442;2020-01-02 12:30:00-05:00
47.09999847412109;47.09999847412109;46.81999969482422;46.9900016784668;8027;2020-01-02 13:30:00-05:00
46.90999984741211;47.47999954223633;46.86000061035156;47.33000183105469;11902;2020-01-02 14:30:00-05:00
47.2599983215332;47.56999969482422;47.25;47.470001220703125;18847;2020-01-02 15:30:00-05:00
47.25;47.31999969482422;46.60499954223633;47.0;22019;2020-01-03 09:30:00-05:00
46.959999084472656;47.20500183105469;46.900001525878906;47.02999877929688;13992;2020-01-03 10:30:00-05:00
47.08819961547852;47.11000061035156;46.959999084472656;47.040000915527344;6271;2020-01-03 11:30:00-05:00
47.040000915527344;47.310001373291016;46.90999984741211;47.02009963989258;14357;2020-01-03 12:30:00-05:00
47.04520034790039;47.08000183105469;46.86000061035156;46.959999084472656;7208;2020-01-03 13:30:00-05:00
47.04999923706055;47.119998931884766;47.0;47.10499954223633;11638;2020-01-03 14:30:00-05:00
47.130001068115234;47.130001068115234;46.93000030517578;46.93000030517578;17455;2020-01-03 15:30:00-05:00
47.130001068115234;47.810001373291016;46.56999969482422;47.02000045776367;30782;2020-01-06 09:30:00-05:00
47.02000045776367;47.15999984741211;46.970001220703125;47.025001525878906;27063;2020-01-06 10:30:00-05:00
47.04999923706055;47.19499969482422;46.935001373291016;47.119998931884766;15421;2020-01-06 11:30:00-05:00
47.150001525878906;47.27000045776367;47.060001373291016;47.209999084472656;19661;2020-01-06 12:30:00-05:00
47.27000045776367;47.650001525878906;47.185001373291016;47.650001525878906;38536;2020-01-06 13:30:00-05:00
47.7400016784668;47.7400016784668;47.560001373291016;47.66999816894531;19169;2020-01-06 14:30:00-05:00
47.650001525878906;47.709999084472656;47.38999938964844;47.40999984741211;25459;2020-01-06 15:30:00-05:00
47.27999877929688;47.290000915527344;46.810001373291016;47.15480041503906;14958;2020-01-07 09:30:00-05:00
47.27000045776367;47.380001068115234;47.18999862670898;47.18999862670898;6477;2020-01-07 10:30:00-05:00
47.14500045776367;47.25;47.04999923706055;47.22999954223633;18173;2020-01-07 11:30:00-05:00
47.220001220703125;47.334999084472656;46.9900016784668;47.02000045776367;8621;2020-01-07 12:30:00-05:00
46.93999862670898;47.00040054321289;46.75;47.00040054321289;5628;2020-01-07 13:30:00-05:00
47.0;47.09000015258789;46.810001373291016;46.84000015258789;6083;2020-01-07 14:30:00-05:00
46.810001373291016;47.04999923706055;46.72999954223633;47.0;27658;2020-01-07 15:30:00-05:00
47.11000061035156;47.75590133666992;47.11000061035156;47.505001068115234;0;2020-01-08 09:30:00-05:00
47.45000076293945;47.68999862670898;47.2400016784668;47.56999969482422;15187;2020-01-08 10:30:00-05:00
47.584999084472656;47.86000061035156;47.45000076293945;47.6150016784668;12489;2020-01-08 11:30:00-05:00
47.630001068115234;47.84999847412109;47.595001220703125;47.83000183105469;10606;2020-01-08 12:30:00-05:00
47.83000183105469;48.0;47.83000183105469;47.84999847412109;8913;2020-01-08 13:30:00-05:00
47.79999923706055;48.11000061035156;47.77000045776367;47.77999877929688;13540;2020-01-08 14:30:00-05:00
47.72999954223633;47.83000183105469;47.380001068115234;47.43000030517578;16370;2020-01-08 15:30:00-05:00
47.650001525878906;47.650001525878906;47.150001525878906;47.380001068115234;11296;2020-01-09 09:30:00-05:00
47.43000030517578;47.630001068115234;47.400001525878906;47.5;9912;2020-01-09 10:30:00-05:00
47.54999923706055;47.84000015258789;47.5;47.63999938964844;15497;2020-01-09 11:30:00-05:00
47.59999847412109;47.68999862670898;47.41999816894531;47.505001068115234;17583;2020-01-09 12:30:00-05:00
47.38999938964844;47.90999984741211;47.380001068115234;47.8849983215332;19591;2020-01-09 13:30:00-05:00
47.83000183105469;48.18999862670898;47.83000183105469;48.130001068115234;21445;2020-01-09 14:30:00-05:00
48.209999084472656;48.2400016784668;48.04999923706055;48.2400016784668;13382;2020-01-09 15:30:00-05:00
48.209999084472656;48.81999969482422;48.16999816894531;48.81999969482422;2911;2020-01-10 09:30:00-05:00
48.619998931884766;49.150001525878906;48.470001220703125;49.150001525878906;13107;2020-01-10 10:30:00-05:00
49.130001068115234;49.34999847412109;49.0099983215332;49.310001373291016;7467;2020-01-10 11:30:00-05:00
49.40999984741211;49.40999984741211;49.22010040283203;49.369998931884766;5333;2020-01-10 12:30:00-05:00
49.391700744628906;49.40999984741211;49.220001220703125;49.290000915527344;9018;2020-01-10 13:30:00-05:00
49.31999969482422;49.41999816894531;49.16899871826172;49.310001373291016;10436;2020-01-10 14:30:00-05:00
49.310001373291016;49.310001373291016;48.95000076293945;49.09000015258789;13008;2020-01-10 15:30:00-05:00
49.2400016784668;49.935001373291016;49.2400016784668;49.91999816894531;0;2020-01-13 09:30:00-05:00
49.77999877929688;50.20000076293945;49.77999877929688;50.060001373291016;14791;2020-01-13 10:30:00-05:00
50.119998931884766;50.61000061035156;50.119998931884766;50.40999984741211;11027;2020-01-13 11:30:00-05:00
50.52999877929688;50.54999923706055;50.2400016784668;50.27999877929688;8489;2020-01-13 12:30:00-05:00
50.27999877929688;50.59000015258789;50.27999877929688;50.53630065917969;7605;2020-01-13 13:30:00-05:00
50.5;50.560001373291016;50.29499816894531;50.31499862670898;13938;2020-01-13 14:30:00-05:00
50.31999969482422;50.66999816894531;50.25;50.630001068115234;35089;2020-01-13 15:30:00-05:00
50.720001220703125;50.869998931884766;50.415000915527344;50.78400039672852;16560;2020-01-14 09:30:00-05:00
50.90999984741211;51.20000076293945;50.65999984741211;50.68000030517578;10835;2020-01-14 10:30:00-05:00
50.69499969482422;50.74440002441406;50.494998931884766;50.74440002441406;4849;2020-01-14 11:30:00-05:00
50.77000045776367;50.959999084472656;50.7400016784668;50.959999084472656;6376;2020-01-14 12:30:00-05:00
50.93000030517578;50.95000076293945;50.65499877929688;50.875;13736;2020-01-14 13:30:00-05:00
50.875;50.96500015258789;50.7400016784668;50.84000015258789;6614;2020-01-14 14:30:00-05:00
50.900001525878906;50.9900016784668;50.709999084472656;50.95000076293945;28677;2020-01-14 15:30:00-05:00
50.86000061035156;51.56999969482422;50.86000061035156;51.56999969482422;14278;2020-01-15 09:30:00-05:00
51.59000015258789;51.79999923706055;51.41999816894531;51.58000183105469;11299;2020-01-15 10:30:00-05:00
51.56999969482422;52.06999969482422;51.5;51.88999938964844;10642;2020-01-15 11:30:00-05:00
51.834999084472656;51.93999862670898;51.72499847412109;51.75;6566;2020-01-15 12:30:00-05:00
51.81999969482422;52.13999938964844;51.79999923706055;52.0;14908;2020-01-15 13:30:00-05:00
52.0099983215332;52.13999938964844;51.66999816894531;51.72999954223633;40862;2020-01-15 14:30:00-05:00
51.709999084472656;52.18000030517578;51.709999084472656;52.16999816894531;43229;2020-01-15 15:30:00-05:00
52.47999954223633;53.33000183105469;52.47999954223633;52.86000061035156;0;2020-01-16 09:30:00-05:00
52.75;53.0099983215332;52.619998931884766;52.66999816894531;11765;2020-01-16 10:30:00-05:00
52.64500045776367;52.90999984741211;52.54499816894531;52.810001373291016;15724;2020-01-16 11:30:00-05:00
52.77999877929688;53.15999984741211;52.7400016784668;53.0099983215332;10360;2020-01-16 12:30:00-05:00
53.0;53.09000015258789;52.869998931884766;53.01499938964844;6670;2020-01-16 13:30:00-05:00
52.9900016784668;53.08000183105469;52.900001525878906;52.9900016784668;8194;2020-01-16 14:30:00-05:00
53.0099983215332;53.0099983215332;52.65999984741211;52.72999954223633;32031;2020-01-16 15:30:00-05:00
44.95000076293945;45.0;36.79999923706055;40.060001373291016;778339;2020-01-17 09:30:00-05:00
39.97999954223633;40.400001525878906;39.43999862670898;39.97499847412109;347359;2020-01-17 10:30:00-05:00
39.999000549316406;40.7400016784668;39.90999984741211;40.042999267578125;263874;2020-01-17 11:30:00-05:00
39.959999084472656;40.060001373291016;39.0;39.040000915527344;228321;2020-01-17 12:30:00-05:00
39.02000045776367;39.5;38.5;39.26399993896485;248739;2020-01-17 13:30:00-05:00
39.29819869995117;39.42440032958984;38.5;38.63290023803711;202856;2020-01-17 14:30:00-05:00
38.66999816894531;38.8926010131836;38.0;38.18000030517578;341356;2020-01-17 15:30:00-05:00
38.810001373291016;39.630001068115234;38.36000061035156;38.96599960327149;173230;2020-01-21 09:30:00-05:00
39.0;39.02849960327149;38.30120086669922;38.540000915527344;71850;2020-01-21 10:30:00-05:00
38.5;39.0;38.43999862670898;38.73249816894531;95526;2020-01-21 11:30:00-05:00
38.77000045776367;38.869998931884766;38.43999862670898;38.79999923706055;91771;2020-01-21 12:30:00-05:00
38.83000183105469;39.310001373291016;38.79999923706055;39.08000183105469;59058;2020-01-21 13:30:00-05:00
39.025001525878906;39.31999969482422;38.900001525878906;39.244998931884766;84588;2020-01-21 14:30:00-05:00
39.244998931884766;39.244998931884766;38.720001220703125;39.06999969482422;95696;2020-01-21 15:30:00-05:00
38.959999084472656;39.459999084472656;38.320098876953125;38.58000183105469;47535;2020-01-22 09:30:00-05:00
38.660099029541016;39.16379928588867;38.43000030517578;38.52999877929688;47466;2020-01-22 10:30:00-05:00
38.47999954223633;38.68000030517578;38.119998931884766;38.43000030517578;42964;2020-01-22 11:30:00-05:00
38.4900016784668;38.72999954223633;38.45000076293945;38.70000076293945;21971;2020-01-22 12:30:00-05:00
38.709999084472656;38.81999969482422;38.52999877929688;38.560001373291016;30560;2020-01-22 13:30:00-05:00
38.58000183105469;38.650001525878906;38.22999954223633;38.29999923706055;26275;2020-01-22 14:30:00-05:00
38.27000045776367;38.5;38.27000045776367;38.310001373291016;38462;2020-01-22 15:30:00-05:00
38.25;38.28730010986328;37.290000915527344;37.59000015258789;36464;2020-01-23 09:30:00-05:00
37.68000030517578;37.709999084472656;37.070098876953125;37.220001220703125;45762;2020-01-23 10:30:00-05:00
37.29999923706055;37.40409851074219;37.09999847412109;37.09999847412109;56484;2020-01-23 11:30:00-05:00
37.130001068115234;37.28269958496094;37.10110092163086;37.12269973754883;50189;2020-01-23 12:30:00-05:00
37.17499923706055;37.41999816894531;37.16999816894531;37.2400016784668;32718;2020-01-23 13:30:00-05:00
37.27999877929688;37.31999969482422;37.04999923706055;37.220001220703125;44643;2020-01-23 14:30:00-05:00
37.20000076293945;37.41999816894531;37.11000061035156;37.36000061035156;73295;2020-01-23 15:30:00-05:00
37.650001525878906;37.75;37.290000915527344;37.459999084472656;33405;2020-01-24 09:30:00-05:00
37.45000076293945;37.45000076293945;36.720001220703125;36.959999084472656;24197;2020-01-24 10:30:00-05:00
36.900001525878906;36.93519973754883;36.4900016784668;36.65689849853516;29471;2020-01-24 11:30:00-05:00
36.68000030517578;36.720001220703125;36.3301010131836;36.52000045776367;19348;2020-01-24 12:30:00-05:00
36.45000076293945;36.45000076293945;36.2599983215332;36.369998931884766;30954;2020-01-24 13:30:00-05:00
36.43999862670898;36.61000061035156;36.310001373291016;36.4900016784668;29244;2020-01-24 14:30:00-05:00
36.52999877929688;36.709999084472656;36.41999816894531;36.66999816894531;19921;2020-01-24 15:30:00-05:00
36.68999862670898;36.68999862670898;35.66350173950195;35.779998779296875;70110;2020-01-27 09:30:00-05:00
35.77000045776367;35.849998474121094;35.33000183105469;35.439998626708984;44334;2020-01-27 10:30:00-05:00
35.439998626708984;35.439998626708984;35.20000076293945;35.29499816894531;39912;2020-01-27 11:30:00-05:00
35.275001525878906;35.29999923706055;35.0;35.02000045776367;34546;2020-01-27 12:30:00-05:00
35.029998779296875;35.150001525878906;35.0099983215332;35.060001373291016;34891;2020-01-27 13:30:00-05:00
35.064998626708984;35.290000915527344;35.05799865722656;35.25;77525;2020-01-27 14:30:00-05:00
35.25;35.459999084472656;35.23500061035156;35.31999969482422;38566;2020-01-27 15:30:00-05:00
35.29999923706055;36.0099983215332;35.040000915527344;35.72999954223633;81069;2020-01-28 09:30:00-05:00
35.84379959106445;35.900001525878906;35.279998779296875;35.279998779296875;48986;2020-01-28 10:30:00-05:00
35.279998779296875;35.564998626708984;35.130001068115234;35.43000030517578;13637;2020-01-28 11:30:00-05:00
35.38999938964844;35.51499938964844;35.369998931884766;35.40999984741211;8673;2020-01-28 12:30:00-05:00
35.40999984741211;35.417701721191406;35.22999954223633;35.25;12135;2020-01-28 13:30:00-05:00
35.220001220703125;35.27000045776367;35.13999938964844;35.23500061035156;11958;2020-01-28 14:30:00-05:00
35.2400016784668;35.31999969482422;35.20000076293945;35.279998779296875;30217;2020-01-28 15:30:00-05:00
35.310001373291016;35.7400016784668;34.66999816894531;34.93000030517578;31789;2020-01-29 09:30:00-05:00
34.90999984741211;35.02799987792969;34.82529830932617;34.90999984741211;11976;2020-01-29 10:30:00-05:00
34.90999984741211;34.93000030517578;34.61000061035156;34.724998474121094;33533;2020-01-29 11:30:00-05:00
34.70000076293945;34.80500030517578;34.5;34.720001220703125;105250;2020-01-29 12:30:00-05:00
34.755001068115234;34.814998626708984;34.61000061035156;34.65999984741211;13561;2020-01-29 13:30:00-05:00
34.689998626708984;34.74259948730469;34.5;34.529998779296875;19296;2020-01-29 14:30:00-05:00
34.54999923706055;34.54999923706055;34.119998931884766;34.21500015258789;43419;2020-01-29 15:30:00-05:00
33.900001525878906;34.13999938964844;33.66999816894531;34.084999084472656;31095;2020-01-30 09:30:00-05:00
34.08000183105469;34.08000183105469;33.5;33.56999969482422;28379;2020-01-30 10:30:00-05:00
33.529998779296875;33.72999954223633;33.31999969482422;33.345001220703125;21086;2020-01-30 11:30:00-05:00
33.36000061035156;33.380001068115234;33.060001373291016;33.31999969482422;24412;2020-01-30 12:30:00-05:00
33.33000183105469;33.5;33.29499816894531;33.459999084472656;23869;2020-01-30 13:30:00-05:00
33.46500015258789;33.68000030517578;33.369998931884766;33.63999938964844;25835;2020-01-30 14:30:00-05:00
33.65999984741211;33.83000183105469;33.63999938964844;33.79999923706055;25479;2020-01-30 15:30:00-05:00
33.5;33.70000076293945;33.349998474121094;33.4900016784668;16282;2020-01-31 09:30:00-05:00
33.525001525878906;33.529998779296875;33.369998931884766;33.38999938964844;19159;2020-01-31 10:30:00-05:00
33.40999984741211;33.45000076293945;33.2599983215332;33.375;14524;2020-01-31 11:30:00-05:00
33.34000015258789;33.5;33.310001373291016;33.4275016784668;16283;2020-01-31 12:30:00-05:00
33.400001525878906;33.9900016784668;33.34000015258789;33.8849983215332;16314;2020-01-31 13:30:00-05:00
33.880001068115234;34.36000061035156;33.880001068115234;33.994998931884766;23542;2020-01-31 14:30:00-05:00
33.974998474121094;34.11000061035156;33.939998626708984;34.060001373291016;24235;2020-01-31 15:30:00-05:00
34.150001525878906;34.75;34.150001525878906;34.44990158081055;12501;2020-02-03 09:30:00-05:00
34.3650016784668;34.43000030517578;34.15999984741211;34.23500061035156;15264;2020-02-03 10:30:00-05:00
34.21649932861328;34.290000915527344;33.9900016784668;34.15999984741211;18711;2020-02-03 11:30:00-05:00
34.2400016784668;34.31999969482422;34.18000030517578;34.18000030517578;9132;2020-02-03 12:30:00-05:00
34.20000076293945;34.290000915527344;34.119998931884766;34.290000915527344;7096;2020-02-03 13:30:00-05:00
34.27000045776367;34.28499984741211;33.939998626708984;34.09000015258789;44675;2020-02-03 14:30:00-05:00
34.06999969482422;34.11000061035156;33.959999084472656;34.029998779296875;20727;2020-02-03 15:30:00-05:00
34.41999816894531;34.52000045776367;34.02000045776367;34.13999938964844;14529;2020-02-04 09:30:00-05:00
34.099998474121094;34.13999938964844;33.72999954223633;33.95500183105469;40303;2020-02-04 10:30:00-05:00
33.93429946899414;34.08000183105469;33.90999984741211;34.0;19554;2020-02-04 11:30:00-05:00
33.94499969482422;34.0;33.935001373291016;33.974998474121094;17380;2020-02-04 12:30:00-05:00
33.970001220703125;33.9900016784668;33.81999969482422;33.81999969482422;9324;2020-02-04 13:30:00-05:00
33.814998626708984;33.85499954223633;33.349998474121094;33.5;38338;2020-02-04 14:30:00-05:00
33.52000045776367;33.709999084472656;33.47999954223633;33.54999923706055;61408;2020-02-04 15:30:00-05:00
33.970001220703125;34.334999084472656;33.79999923706055;34.0;0;2020-02-05 09:30:00-05:00
34.0;34.06999969482422;33.630001068115234;33.915000915527344;16875;2020-02-05 10:30:00-05:00
33.95000076293945;34.0099983215332;33.81999969482422;33.980201721191406;16583;2020-02-05 11:30:00-05:00
33.96500015258789;34.13999938964844;33.939998626708984;34.0;46861;2020-02-05 12:30:00-05:00
34.0;34.3849983215332;33.939998626708984;34.220001220703125;45907;2020-02-05 13:30:00-05:00
34.220001220703125;34.3849983215332;34.11000061035156;34.27000045776367;24215;2020-02-05 14:30:00-05:00
34.29499816894531;34.560001373291016;34.279998779296875;34.4900016784668;57402;2020-02-05 15:30:00-05:00
34.779998779296875;35.41999816894531;34.61000061035156;34.744998931884766;27947;2020-02-06 09:30:00-05:00
34.68000030517578;34.76729965209961;34.4900016784668;34.709999084472656;14103;2020-02-06 10:30:00-05:00
34.689998626708984;34.689998626708984;34.540000915527344;34.540000915527344;7242;2020-02-06 11:30:00-05:00
34.540000915527344;34.54999923706055;34.220001220703125;34.220001220703125;7895;2020-02-06 12:30:00-05:00
34.209999084472656;34.209999084472656;33.96500015258789;34.040000915527344;12636;2020-02-06 13:30:00-05:00
34.04499816894531;34.220001220703125;34.0;34.20500183105469;12108;2020-02-06 14:30:00-05:00
34.22999954223633;34.29999923706055;33.97999954223633;34.06999969482422;41932;2020-02-06 15:30:00-05:00
33.880001068115234;34.654998779296875;33.880001068115234;34.45000076293945;26180;2020-02-07 09:30:00-05:00
34.46500015258789;34.560001373291016;34.29999923706055;34.5;7283;2020-02-07 10:30:00-05:00
34.45500183105469;34.45500183105469;34.13999938964844;34.20500183105469;9944;2020-02-07 11:30:00-05:00
34.225101470947266;34.36000061035156;34.08000183105469;34.099998474121094;10530;2020-02-07 12:30:00-05:00
34.064998626708984;34.13999938964844;33.970001220703125;34.02000045776367;10250;2020-02-07 13:30:00-05:00
34.08000183105469;34.150001525878906;33.970001220703125;34.150001525878906;15799;2020-02-07 14:30:00-05:00
34.09000015258789;34.34000015258789;34.09000015258789;34.27000045776367;26219;2020-02-07 15:30:00-05:00
34.150001525878906;35.04999923706055;34.150001525878906;34.88999938964844;21902;2020-02-10 09:30:00-05:00
34.959999084472656;34.959999084472656;34.58000183105469;34.68000030517578;7760;2020-02-10 10:30:00-05:00
34.68000030517578;34.7400016784668;34.54999923706055;34.57500076293945;10914;2020-02-10 11:30:00-05:00
34.56999969482422;34.88999938964844;34.55189895629883;34.66999816894531;19564;2020-02-10 12:30:00-05:00
34.68000030517578;34.775001525878906;34.38999938964844;34.435001373291016;7728;2020-02-10 13:30:00-05:00
34.45000076293945;34.540000915527344;34.380001068115234;34.380001068115234;8491;2020-02-10 14:30:00-05:00
34.369998931884766;34.47999954223633;34.290000915527344;34.290000915527344;31639;2020-02-10 15:30:00-05:00
34.2400016784668;35.040000915527344;33.60820007324219;34.63999938964844;28612;2020-02-11 09:30:00-05:00
34.650001525878906;34.689998626708984;33.953399658203125;34.029998779296875;17909;2020-02-11 10:30:00-05:00
34.04999923706055;34.349998474121094;34.0;34.2599983215332;10696;2020-02-11 11:30:00-05:00
34.27000045776367;34.349998474121094;33.93000030517578;34.130001068115234;20970;2020-02-11 12:30:00-05:00
34.119998931884766;34.16999816894531;33.970001220703125;34.1349983215332;84866;2020-02-11 13:30:00-05:00
34.13999938964844;34.369998931884766;33.9900016784668;34.040000915527344;41944;2020-02-11 14:30:00-05:00
34.06999969482422;34.29499816894531;33.900001525878906;34.2400016784668;107031;2020-02-11 15:30:00-05:00
34.650001525878906;35.04999923706055;34.23500061035156;34.279998779296875;0;2020-02-12 09:30:00-05:00
34.060001373291016;34.3849983215332;34.029998779296875;34.16999816894531;9438;2020-02-12 10:30:00-05:00
34.13999938964844;34.310001373291016;34.04999923706055;34.29750061035156;6128;2020-02-12 11:30:00-05:00
34.33000183105469;34.4900016784668;34.29999923706055;34.31999969482422;7092;2020-02-12 12:30:00-05:00
34.459999084472656;34.46500015258789;34.06999969482422;34.09000015258789;10623;2020-02-12 13:30:00-05:00
34.099998474121094;34.244998931884766;33.96500015258789;34.0;11751;2020-02-12 14:30:00-05:00
34.02000045776367;34.04999923706055;33.95000076293945;34.0;32502;2020-02-12 15:30:00-05:00
34.0;34.39500045776367;33.95000076293945;34.19499969482422;11688;2020-02-13 09:30:00-05:00
34.209999084472656;34.27000045776367;33.939998626708984;34.099998474121094;5374;2020-02-13 10:30:00-05:00
34.05500030517578;34.119998931884766;33.97999954223633;34.119998931884766;6968;2020-02-13 11:30:00-05:00
34.11000061035156;34.2400016784668;33.86000061035156;34.2400016784668;29622;2020-02-13 12:30:00-05:00
34.2400016784668;34.4900016784668;34.16999816894531;34.18000030517578;8012;2020-02-13 13:30:00-05:00
34.209999084472656;34.279998779296875;34.09000015258789;34.13999938964844;10792;2020-02-13 14:30:00-05:00
34.150001525878906;34.27000045776367;34.095001220703125;34.27000045776367;20640;2020-02-13 15:30:00-05:00
34.209999084472656;34.38999938964844;34.150001525878906;34.36000061035156;4231;2020-02-14 09:30:00-05:00
34.33000183105469;34.33000183105469;34.005001068115234;34.06999969482422;7539;2020-02-14 10:30:00-05:00
34.06999969482422;34.13999938964844;33.97999954223633;34.13600158691406;26880;2020-02-14 11:30:00-05:00
34.150001525878906;34.16999816894531;33.95000076293945;34.11000061035156;9433;2020-02-14 12:30:00-05:00
34.060001373291016;34.18000030517578;33.97999954223633;34.18000030517578;7760;2020-02-14 13:30:00-05:00
34.17190170288086;34.25;34.0;34.099998474121094;10393;2020-02-14 14:30:00-05:00
34.08000183105469;34.15760040283203;34.04999923706055;34.08000183105469;18123;2020-02-14 15:30:00-05:00
34.08000183105469;34.28889846801758;33.95000076293945;33.970001220703125;0;2020-02-18 09:30:00-05:00
33.994998931884766;33.994998931884766;33.4900016784668;33.5;13061;2020-02-18 10:30:00-05:00
33.54999923706055;33.83000183105469;33.53049850463867;33.83000183105469;14443;2020-02-18 11:30:00-05:00
33.93000030517578;34.04999923706055;33.79999923706055;33.86000061035156;10917;2020-02-18 12:30:00-05:00
33.89590072631836;33.939998626708984;33.7599983215332;33.88999938964844;4691;2020-02-18 13:30:00-05:00
33.900001525878906;33.91999816894531;33.560001373291016;33.630001068115234;8308;2020-02-18 14:30:00-05:00
33.61000061035156;33.709999084472656;33.540000915527344;33.54999923706055;17923;2020-02-18 15:30:00-05:00
33.58000183105469;33.79999923706055;33.22999954223633;33.43000030517578;0;2020-02-19 09:30:00-05:00
33.43000030517578;33.470001220703125;33.18000030517578;33.18000030517578;14299;2020-02-19 10:30:00-05:00
33.15950012207031;33.38999938964844;33.15950012207031;33.31999969482422;13530;2020-02-19 11:30:00-05:00
33.29999923706055;33.70000076293945;33.27000045776367;33.685001373291016;9681;2020-02-19 12:30:00-05:00
33.729000091552734;33.83879852294922;33.66999816894531;33.83879852294922;9869;2020-02-19 13:30:00-05:00
33.834999084472656;33.880001068115234;33.709999084472656;33.849998474121094;11463;2020-02-19 14:30:00-05:00
33.849998474121094;33.849998474121094;33.619998931884766;33.720001220703125;18618;2020-02-19 15:30:00-05:00
33.69139862060547;33.85499954223633;33.5;33.66669845581055;11777;2020-02-20 09:30:00-05:00
33.65999984741211;33.75;33.5;33.522499084472656;16546;2020-02-20 10:30:00-05:00
33.56999969482422;33.56999969482422;33.2599983215332;33.369998931884766;19594;2020-02-20 11:30:00-05:00
33.400001525878906;33.81999969482422;33.380001068115234;33.38999938964844;40614;2020-02-20 12:30:00-05:00
33.459999084472656;33.47999954223633;33.33000183105469;33.33000183105469;11134;2020-02-20 13:30:00-05:00
33.36000061035156;33.540000915527344;33.34000015258789;33.43000030517578;24043;2020-02-20 14:30:00-05:00
33.45500183105469;33.52000045776367;33.38999938964844;33.40999984741211;23767;2020-02-20 15:30:00-05:00
33.220001220703125;33.939998626708984;33.220001220703125;33.790000915527344;18545;2020-02-21 09:30:00-05:00
33.7400016784668;33.79999923706055;33.459999084472656;33.7400016784668;8687;2020-02-21 10:30:00-05:00
33.689998626708984;33.689998626708984;33.5;33.64500045776367;13887;2020-02-21 11:30:00-05:00
33.64500045776367;33.64500045776367;33.37200164794922;33.40999984741211;7852;2020-02-21 12:30:00-05:00
33.38999938964844;33.38999938964844;33.16999816894531;33.209999084472656;10544;2020-02-21 13:30:00-05:00
33.27000045776367;33.27000045776367;33.06999969482422;33.14500045776367;15358;2020-02-21 14:30:00-05:00
33.14500045776367;33.18000030517578;33.01060104370117;33.14500045776367;21889;2020-02-21 15:30:00-05:00
32.31999969482422;33.0;31.989999771118164;32.2400016784668;0;2020-02-24 09:30:00-05:00
32.185001373291016;32.60749816894531;32.1150016784668;32.60499954223633;15409;2020-02-24 10:30:00-05:00
32.58000183105469;32.58000183105469;32.179100036621094;32.27000045776367;9363;2020-02-24 11:30:00-05:00
32.30179977416992;32.33000183105469;32.11000061035156;32.130001068115234;10490;2020-02-24 12:30:00-05:00
32.119998931884766;32.244998931884766;32.119998931884766;32.244998931884766;7407;2020-02-24 13:30:00-05:00
32.2400016784668;32.56999969482422;32.2400016784668;32.5;17534;2020-02-24 14:30:00-05:00
32.5;32.54499816894531;32.43000030517578;32.47999954223633;18646;2020-02-24 15:30:00-05:00
32.40999984741211;32.40999984741211;31.700000762939453;31.700000762939453;0;2020-02-25 09:30:00-05:00
31.729999542236328;31.850000381469727;31.561399459838867;31.76000022888184;20325;2020-02-25 10:30:00-05:00
31.799999237060547;31.920000076293945;31.600000381469727;31.795000076293945;26979;2020-02-25 11:30:00-05:00
31.78280067443848;31.899999618530277;31.709999084472656;31.799999237060547;27248;2020-02-25 12:30:00-05:00
31.79459953308105;31.850000381469727;31.51000022888184;31.600000381469727;20622;2020-02-25 13:30:00-05:00
31.53499984741211;32.380001068115234;31.43000030517578;31.76000022888184;72915;2020-02-25 14:30:00-05:00
31.700000762939453;31.950000762939453;31.68000030517578;31.81999969482422;35212;2020-02-25 15:30:00-05:00
32.90999984741211;32.90999984741211;30.709999084472656;30.950000762939453;0;2020-02-26 09:30:00-05:00
30.950000762939453;31.200000762939453;30.280000686645508;30.290000915527344;80779;2020-02-26 10:30:00-05:00
30.290000915527344;30.549999237060547;30.01000022888184;30.049999237060547;58460;2020-02-26 11:30:00-05:00
30.049999237060547;30.309999465942383;29.920000076293945;30.11000061035156;39487;2020-02-26 12:30:00-05:00
30.09000015258789;30.549999237060547;29.90999984741211;29.93000030517578;53691;2020-02-26 13:30:00-05:00
30.040000915527344;30.040000915527344;29.0;29.0;66104;2020-02-26 14:30:00-05:00
28.96999931335449;29.06999969482422;28.370899200439453;28.420000076293945;112610;2020-02-26 15:30:00-05:00
27.950000762939453;27.950000762939453;26.8799991607666;27.049999237060547;0;2020-02-27 09:30:00-05:00
27.040000915527344;28.26000022888184;27.040000915527344;28.26000022888184;46412;2020-02-27 10:30:00-05:00
28.200000762939453;28.799999237060547;28.16230010986328;28.700000762939453;27387;2020-02-27 11:30:00-05:00
28.690000534057617;29.1299991607666;28.6299991607666;28.960100173950195;34154;2020-02-27 12:30:00-05:00
28.959999084472656;29.1200008392334;28.71999931335449;28.98500061035156;44454;2020-02-27 13:30:00-05:00
29.01180076599121;29.100000381469727;28.670000076293945;28.700000762939453;40497;2020-02-27 14:30:00-05:00
28.700000762939453;28.809999465942383;28.399999618530277;28.46999931335449;77351;2020-02-27 15:30:00-05:00
27.959999084472656;28.209999084472656;27.333999633789062;28.0;57535;2020-02-28 09:30:00-05:00
28.020000457763672;28.540000915527344;27.799999237060547;27.850000381469727;31532;2020-02-28 10:30:00-05:00
27.899999618530277;28.299999237060547;27.690000534057617;27.71999931335449;31935;2020-02-28 11:30:00-05:00
27.75;28.09000015258789;27.63500022888184;27.8799991607666;42507;2020-02-28 12:30:00-05:00
27.84000015258789;27.84000015258789;27.350000381469727;27.56999969482422;45634;2020-02-28 13:30:00-05:00
27.600000381469727;28.38999938964844;27.59000015258789;28.200000762939453;103457;2020-02-28 14:30:00-05:00
28.239999771118164;28.82999992370605;28.100000381469727;28.82999992370605;62664;2020-02-28 15:30:00-05:00
28.76000022888184;29.17989921569824;28.530000686645508;29.058500289916992;0;2020-03-02 09:30:00-05:00
29.020000457763672;29.545000076293945;28.93000030517578;29.459999084472656;24736;2020-03-02 10:30:00-05:00
29.38999938964844;29.489999771118164;29.18000030517578;29.334999084472656;24608;2020-03-02 11:30:00-05:00
29.34000015258789;29.65999984741211;29.34000015258789;29.38500022888184;29449;2020-03-02 12:30:00-05:00
29.420000076293945;30.0;29.38999938964844;29.809999465942383;27158;2020-03-02 13:30:00-05:00
29.84000015258789;29.875;29.51000022888184;29.84000015258789;117519;2020-03-02 14:30:00-05:00
29.82999992370605;30.149999618530277;29.690000534057617;29.90999984741211;109944;2020-03-02 15:30:00-05:00
29.76000022888184;30.149999618530277;29.28720092773437;29.920000076293945;0;2020-03-03 09:30:00-05:00
29.84499931335449;30.489999771118164;29.774999618530277;30.21500015258789;30806;2020-03-03 10:30:00-05:00
30.18000030517578;30.90999984741211;30.18000030517578;30.71999931335449;34250;2020-03-03 11:30:00-05:00
30.770000457763672;30.950000762939453;29.809999465942383;29.809999465942383;39901;2020-03-03 12:30:00-05:00
29.799999237060547;29.84000015258789;29.34000015258789;29.795000076293945;24262;2020-03-03 13:30:00-05:00
29.795000076293945;30.21999931335449;29.709999084472656;30.06999969482422;67323;2020-03-03 14:30:00-05:00
30.049999237060547;30.049999237060547;29.3700008392334;29.46999931335449;41012;2020-03-03 15:30:00-05:00
30.01000022888184;30.01000022888184;29.34000015258789;29.625;0;2020-03-04 09:30:00-05:00
29.57999992370605;29.57999992370605;29.01000022888184;29.11000061035156;11629;2020-03-04 10:30:00-05:00
29.149999618530277;29.399999618530277;29.020000457763672;29.399999618530277;11262;2020-03-04 11:30:00-05:00
29.399999618530277;29.71999931335449;29.295000076293945;29.625;8653;2020-03-04 12:30:00-05:00
29.63500022888184;29.88999938964844;29.56999969482422;29.84000015258789;23213;2020-03-04 13:30:00-05:00
29.809999465942383;30.0;29.7549991607666;29.88500022888184;27720;2020-03-04 14:30:00-05:00
29.899999618530277;29.899999618530277;29.545000076293945;29.6200008392334;39534;2020-03-04 15:30:00-05:00
29.690000534057617;29.8799991607666;29.36000061035156;29.48500061035156;39636;2020-03-05 09:30:00-05:00
29.540000915527344;30.15999984741211;29.530000686645508;29.940000534057617;19849;2020-03-05 10:30:00-05:00
29.9950008392334;30.01499938964844;29.739999771118164;29.799999237060547;27026;2020-03-05 11:30:00-05:00
29.770000457763672;29.770000457763672;29.40999984741211;29.459999084472656;13920;2020-03-05 12:30:00-05:00
29.51259994506836;29.600000381469727;29.32999992370605;29.32999992370605;17176;2020-03-05 13:30:00-05:00
29.290000915527344;29.354999542236328;28.940000534057617;28.950000762939453;23297;2020-03-05 14:30:00-05:00
28.979999542236328;29.38999938964844;28.81999969482422;29.3799991607666;46292;2020-03-05 15:30:00-05:00
28.530000686645508;29.770000457763672;28.351600646972656;29.770000457763672;20828;2020-03-06 09:30:00-05:00
29.84000015258789;29.84000015258789;29.270000457763672;29.28499984741211;19901;2020-03-06 10:30:00-05:00
29.305599212646484;29.305599212646484;28.82999992370605;28.920000076293945;11024;2020-03-06 11:30:00-05:00
28.989999771118164;29.26000022888184;28.979999542236328;29.0049991607666;20067;2020-03-06 12:30:00-05:00
29.059999465942383;29.489999771118164;28.959999084472656;29.399999618530277;26195;2020-03-06 13:30:00-05:00
29.350000381469727;29.350000381469727;29.01000022888184;29.15999984741211;18641;2020-03-06 14:30:00-05:00
29.09000015258789;30.06999969482422;29.09000015258789;30.06999969482422;91584;2020-03-06 15:30:00-05:00
28.86000061035156;30.415000915527344;28.86000061035156;30.36000061035156;28045;2020-03-09 09:30:00-04:00
30.48200035095215;30.899999618530277;30.290000915527344;30.479999542236328;34646;2020-03-09 10:30:00-04:00
30.450000762939453;30.665000915527344;29.979999542236328;29.979999542236328;75102;2020-03-09 11:30:00-04:00
29.8700008392334;30.030000686645508;29.649999618530277;29.899999618530277;42527;2020-03-09 12:30:00-04:00
29.809999465942383;29.84000015258789;29.420000076293945;29.60099983215332;32634;2020-03-09 13:30:00-04:00
29.549999237060547;30.040000915527344;29.440000534057617;29.88999938964844;39548;2020-03-09 14:30:00-04:00
29.93000030517578;30.045000076293945;29.309999465942383;29.309999465942383;59975;2020-03-09 15:30:00-04:00
29.479999542236328;29.739999771118164;28.3700008392334;28.420000076293945;30197;2020-03-10 09:30:00-04:00
28.15999984741211;28.15999984741211;26.950000762939453;27.07999992370605;35509;2020-03-10 10:30:00-04:00
27.040000915527344;27.729999542236328;26.7012996673584;27.59000015258789;32140;2020-03-10 11:30:00-04:00
27.6200008392334;28.3700008392334;27.559999465942383;28.3700008392334;32483;2020-03-10 12:30:00-04:00
28.31999969482422;28.479999542236328;27.690000534057617;28.030000686645508;27837;2020-03-10 13:30:00-04:00
28.059999465942383;29.239999771118164;28.0;29.209999084472656;84153;2020-03-10 14:30:00-04:00
29.180099487304688;29.309999465942383;28.88999938964844;29.200000762939453;59299;2020-03-10 15:30:00-04:00
29.040000915527344;29.6200008392334;28.34000015258789;28.809999465942383;28568;2020-03-11 09:30:00-04:00
28.780000686645508;29.270000457763672;28.26000022888184;28.270000457763672;19435;2020-03-11 10:30:00-04:00
28.170000076293945;28.700000762939453;28.100000381469727;28.489999771118164;23309;2020-03-11 11:30:00-04:00
28.5;28.63999938964844;28.207000732421875;28.51000022888184;21315;2020-03-11 12:30:00-04:00
28.46999931335449;28.520000457763672;27.8799991607666;27.8799991607666;45428;2020-03-11 13:30:00-04:00
27.8799991607666;28.030000686645508;27.434999465942383;27.53499984741211;27074;2020-03-11 14:30:00-04:00
27.520000457763672;28.06999969482422;27.5;27.96999931335449;51122;2020-03-11 15:30:00-04:00
26.459999084472656;26.459999084472656;24.880199432373047;25.67009925842285;71557;2020-03-12 09:30:00-04:00
25.670000076293945;26.270000457763672;24.725000381469727;24.80500030517578;43330;2020-03-12 10:30:00-04:00
24.84000015258789;25.100000381469727;23.6200008392334;23.950000762939453;35573;2020-03-12 11:30:00-04:00
23.950000762939453;24.76000022888184;23.200000762939453;23.3700008392334;32082;2020-03-12 12:30:00-04:00
23.309999465942383;23.684999465942383;23.13999938964844;23.63999938964844;35321;2020-03-12 13:30:00-04:00
23.6200008392334;23.709999084472656;22.51000022888184;23.709999084472656;119504;2020-03-12 14:30:00-04:00
23.75;23.96999931335449;23.020000457763672;23.06999969482422;106184;2020-03-12 15:30:00-04:00
23.86000061035156;25.450000762939453;23.149999618530277;25.184999465942383;47043;2020-03-13 09:30:00-04:00
25.00169944763184;25.690000534057617;24.820600509643555;25.399999618530277;41176;2020-03-13 10:30:00-04:00
25.149999618530277;25.19059944152832;24.09000015258789;24.76000022888184;43141;2020-03-13 11:30:00-04:00
24.809999465942383;25.049999237060547;24.59000015258789;24.950000762939453;47810;2020-03-13 12:30:00-04:00
24.959999084472656;25.479999542236328;24.18000030517578;24.290000915527344;58043;2020-03-13 13:30:00-04:00
24.290000915527344;24.559999465942383;24.0;24.3799991607666;91952;2020-03-13 14:30:00-04:00
24.39620018005371;26.07999992370605;24.290000915527344;26.059999465942383;86239;2020-03-13 15:30:00-04:00
23.549999237060547;26.200000762939453;23.549999237060547;26.13999938964844;30624;2020-03-16 09:30:00-04:00
26.420000076293945;27.405000686645508;26.290000915527344;27.350000381469727;39697;2020-03-16 10:30:00-04:00
27.3700008392334;27.3700008392334;26.795000076293945;26.90999984741211;29809;2020-03-16 11:30:00-04:00
27.01000022888184;27.364500045776367;26.959999084472656;27.299999237060547;34952;2020-03-16 12:30:00-04:00
27.299999237060547;27.3799991607666;26.920000076293945;27.01000022888184;26162;2020-03-16 13:30:00-04:00
27.149999618530277;28.065000534057617;27.149999618530277;27.920000076293945;56659;2020-03-16 14:30:00-04:00
27.950000762939453;28.33799934387207;26.700000762939453;27.11000061035156;68302;2020-03-16 15:30:00-04:00
27.530000686645508;27.834999084472656;26.0;26.56999969482422;36171;2020-03-17 09:30:00-04:00
26.600000381469727;27.537900924682617;26.01000022888184;27.239999771118164;33936;2020-03-17 10:30:00-04:00
27.3700008392334;28.729999542236328;27.299999237060547;27.649999618530277;29418;2020-03-17 11:30:00-04:00
27.780000686645508;27.88999938964844;26.63999938964844;26.729999542236328;19998;2020-03-17 12:30:00-04:00
26.690000534057617;27.76000022888184;26.07999992370605;27.729999542236328;35269;2020-03-17 13:30:00-04:00
27.729999542236328;28.09000015258789;26.21999931335449;26.850000381469727;31146;2020-03-17 14:30:00-04:00
27.040000915527344;27.93000030517578;26.88999938964844;27.56999969482422;75236;2020-03-17 15:30:00-04:00
26.15999984741211;27.489999771118164;25.31999969482422;26.32999992370605;0;2020-03-18 09:30:00-04:00
26.395000457763672;26.459999084472656;25.229999542236328;25.57999992370605;24822;2020-03-18 10:30:00-04:00
25.63999938964844;26.190000534057617;25.059999465942383;25.375;20742;2020-03-18 11:30:00-04:00
25.364999771118164;25.479999542236328;24.209999084472656;24.280000686645508;13122;2020-03-18 12:30:00-04:00
24.149999618530277;25.25;23.100000381469727;23.309999465942383;17655;2020-03-18 13:30:00-04:00
23.31999969482422;23.911500930786133;22.690000534057617;22.709999084472656;37513;2020-03-18 14:30:00-04:00
22.82999992370605;23.3799991607666;22.76000022888184;23.290000915527344;51790;2020-03-18 15:30:00-04:00
23.209999084472656;26.309999465942383;22.99740028381348;24.36000061035156;0;2020-03-19 09:30:00-04:00
24.43000030517578;25.625;23.71999931335449;25.600000381469727;17973;2020-03-19 10:30:00-04:00
25.5;25.5;23.780000686645508;24.13999938964844;20777;2020-03-19 11:30:00-04:00
24.209999084472656;24.38500022888184;23.5;23.530000686645508;86159;2020-03-19 12:30:00-04:00
23.459999084472656;23.46500015258789;22.350000381469727;22.8700008392334;29541;2020-03-19 13:30:00-04:00
22.799999237060547;24.100000381469727;21.63999938964844;22.76000022888184;48582;2020-03-19 14:30:00-04:00
22.670000076293945;23.1299991607666;22.229999542236328;22.520000457763672;105562;2020-03-19 15:30:00-04:00
23.665000915527344;24.290000915527344;22.71999931335449;24.09000015258789;0;2020-03-20 09:30:00-04:00
24.13500022888184;24.40999984741211;22.88500022888184;23.64310073852539;42330;2020-03-20 10:30:00-04:00
23.40999984741211;23.63999938964844;22.6299991607666;22.690000534057617;29246;2020-03-20 11:30:00-04:00
22.780000686645508;24.700000762939453;22.780000686645508;24.420000076293945;120968;2020-03-20 12:30:00-04:00
24.5;24.979999542236328;24.479999542236328;24.8700008392334;38623;2020-03-20 13:30:00-04:00
24.790000915527344;25.100000381469727;23.899999618530277;24.975000381469727;41581;2020-03-20 14:30:00-04:00
24.940000534057617;25.020000457763672;24.09000015258789;24.51000022888184;59510;2020-03-20 15:30:00-04:00
24.440000534057617;25.557600021362305;23.71999931335449;25.557600021362305;34911;2020-03-23 09:30:00-04:00
25.549999237060547;25.739999771118164;24.63999938964844;24.68000030517578;23430;2020-03-23 10:30:00-04:00
24.649999618530277;25.1299991607666;24.415000915527344;24.75;17555;2020-03-23 11:30:00-04:00
24.76000022888184;25.979999542236328;24.6200008392334;25.420000076293945;24827;2020-03-23 12:30:00-04:00
25.26000022888184;26.18000030517578;25.209999084472656;26.18000030517578;15285;2020-03-23 13:30:00-04:00
26.0;26.170000076293945;24.82999992370605;25.25;44741;2020-03-23 14:30:00-04:00
25.3700008392334;25.950000762939453;25.165000915527344;25.63999938964844;52412;2020-03-23 15:30:00-04:00
26.93000030517578;26.93000030517578;24.940000534057617;25.43000030517578;0;2020-03-24 09:30:00-04:00
25.25;25.670000076293945;24.90999984741211;25.540000915527344;24663;2020-03-24 10:30:00-04:00
25.36000061035156;25.739999771118164;25.020000457763672;25.290000915527344;11305;2020-03-24 11:30:00-04:00
25.32999992370605;25.700000762939453;25.09000015258789;25.690000534057617;27052;2020-03-24 12:30:00-04:00
25.725000381469727;25.864999771118164;25.36000061035156;25.549999237060547;17319;2020-03-24 13:30:00-04:00
25.520000457763672;25.799999237060547;25.270000457763672;25.46999931335449;18582;2020-03-24 14:30:00-04:00
25.549999237060547;25.770000457763672;25.01499938964844;25.3799991607666;37047;2020-03-24 15:30:00-04:00
25.5;26.459999084472656;24.15999984741211;24.450000762939453;42464;2020-03-25 09:30:00-04:00
24.690000534057617;24.850000381469727;24.31999969482422;24.3700008392334;16127;2020-03-25 10:30:00-04:00
24.479999542236328;25.229999542236328;24.309999465942383;25.075000762939453;17575;2020-03-25 11:30:00-04:00
25.149900436401367;25.520999908447266;24.84000015258789;25.298900604248047;16943;2020-03-25 12:30:00-04:00
25.229999542236328;25.540000915527344;24.81399917602539;24.989999771118164;24148;2020-03-25 13:30:00-04:00
24.875;24.96999931335449;24.43000030517578;24.5049991607666;21952;2020-03-25 14:30:00-04:00
24.540000915527344;24.614999771118164;23.725000381469727;23.88999938964844;45154;2020-03-25 15:30:00-04:00
23.86000061035156;24.920000076293945;23.239999771118164;24.76000022888184;29832;2020-03-26 09:30:00-04:00
24.790000915527344;25.25;24.520000457763672;25.25;18375;2020-03-26 10:30:00-04:00
25.200000762939453;25.950000762939453;25.200000762939453;25.700000762939453;12697;2020-03-26 11:30:00-04:00
25.46999931335449;26.170000076293945;25.46999931335449;25.899999618530277;17450;2020-03-26 12:30:00-04:00
25.90999984741211;26.280000686645508;25.649999618530277;25.979999542236328;19606;2020-03-26 13:30:00-04:00
26.09000015258789;26.239999771118164;25.81999969482422;26.07999992370605;13436;2020-03-26 14:30:00-04:00
26.1299991607666;26.540000915527344;25.837499618530277;26.38999938964844;34854;2020-03-26 15:30:00-04:00
26.01000022888184;26.01000022888184;25.420000076293945;25.899999618530277;10753;2020-03-27 09:30:00-04:00
25.729999542236328;26.200000762939453;25.36000061035156;26.049999237060547;47991;2020-03-27 10:30:00-04:00
26.13999938964844;28.049999237060547;26.13999938964844;27.350000381469727;0;2020-03-27 11:30:00-04:00
27.239999771118164;27.8799991607666;27.239999771118164;27.520000457763672;119284;2020-03-27 12:30:00-04:00
27.56999969482422;27.8700008392334;27.190000534057617;27.25;12402;2020-03-27 13:30:00-04:00
27.395000457763672;27.46999931335449;26.979999542236328;27.200000762939453;36540;2020-03-27 14:30:00-04:00
27.100000381469727;27.100000381469727;26.3700008392334;26.6299991607666;27380;2020-03-27 15:30:00-04:00
26.93000030517578;27.13999938964844;25.600000381469727;26.163000106811523;13213;2020-03-30 09:30:00-04:00
26.07999992370605;26.799999237060547;26.030000686645508;26.799999237060547;17729;2020-03-30 10:30:00-04:00
26.82999992370605;27.01499938964844;26.63999938964844;26.76000022888184;35114;2020-03-30 11:30:00-04:00
26.61000061035156;26.7450008392334;26.36000061035156;26.520000457763672;7359;2020-03-30 12:30:00-04:00
26.489999771118164;26.940000534057617;26.350000381469727;26.799999237060547;15111;2020-03-30 13:30:00-04:00
26.770000457763672;26.86000061035156;26.63999938964844;26.780000686645508;9063;2020-03-30 14:30:00-04:00
26.71999931335449;27.18000030517578;26.71999931335449;27.049999237060547;24476;2020-03-30 15:30:00-04:00
26.950000762939453;27.049999237060547;25.6200008392334;26.809999465942383;17809;2020-03-31 09:30:00-04:00
26.8700008392334;27.049999237060547;26.65999984741211;27.01000022888184;15323;2020-03-31 10:30:00-04:00
27.0049991607666;27.155000686645508;26.81999969482422;27.0580997467041;28874;2020-03-31 11:30:00-04:00
27.069000244140625;27.100000381469727;26.372499465942383;26.450000762939453;9055;2020-03-31 12:30:00-04:00
26.46999931335449;26.6299991607666;26.21500015258789;26.399999618530277;10097;2020-03-31 13:30:00-04:00
26.399999618530277;26.440000534057617;26.225000381469727;26.31999969482422;11506;2020-03-31 14:30:00-04:00
26.31999969482422;27.07999992370605;26.239999771118164;26.799999237060547;33672;2020-03-31 15:30:00-04:00
25.920000076293945;26.399999618530277;25.649999618530277;25.649999618530277;7765;2020-04-01 09:30:00-04:00
25.709999084472656;26.01000022888184;25.604999542236328;25.8700008392334;10662;2020-04-01 10:30:00-04:00
25.68000030517578;25.90999984741211;25.520000457763672;25.690000534057617;10816;2020-04-01 11:30:00-04:00
25.75;25.91519927978516;25.25;25.875;21585;2020-04-01 12:30:00-04:00
25.850000381469727;26.350000381469727;25.770000457763672;25.909400939941406;16973;2020-04-01 13:30:00-04:00
25.979999542236328;26.09000015258789;25.799999237060547;26.049999237060547;20221;2020-04-01 14:30:00-04:00
26.0;26.309999465942383;25.920000076293945;26.200000762939453;30960;2020-04-01 15:30:00-04:00
26.229999542236328;26.799999237060547;26.059999465942383;26.549999237060547;8517;2020-04-02 09:30:00-04:00
26.57999992370605;27.705900192260746;26.520000457763672;26.979999542236328;118067;2020-04-02 10:30:00-04:00
26.959999084472656;27.19499969482422;26.799999237060547;26.959999084472656;13874;2020-04-02 11:30:00-04:00
26.950000762939453;26.989999771118164;26.63999938964844;26.86000061035156;12570;2020-04-02 12:30:00-04:00
26.8799991607666;27.09000015258789;26.700000762939453;26.98500061035156;23668;2020-04-02 13:30:00-04:00
26.899999618530277;27.559999465942383;26.854999542236328;27.40999984741211;54278;2020-04-02 14:30:00-04:00
27.450000762939453;27.770000457763672;27.18000030517578;27.65999984741211;44295;2020-04-02 15:30:00-04:00
27.61000061035156;28.01000022888184;27.059999465942383;27.46999931335449;0;2020-04-03 09:30:00-04:00
27.15999984741211;27.6200008392334;26.059999465942383;26.21500015258789;132149;2020-04-03 10:30:00-04:00
26.299999237060547;26.6299991607666;26.200000762939453;26.450000762939453;14444;2020-04-03 11:30:00-04:00
26.489999771118164;26.670000076293945;26.43000030517578;26.479999542236328;75154;2020-04-03 12:30:00-04:00
26.450000762939453;26.670000076293945;26.40999984741211;26.57999992370605;48159;2020-04-03 13:30:00-04:00
26.56999969482422;26.56999969482422;26.05500030517578;26.38999938964844;23168;2020-04-03 14:30:00-04:00
26.530000686645508;26.81999969482422;26.399999618530277;26.57999992370605;43525;2020-04-03 15:30:00-04:00
30.479999542236328;30.940000534057617;28.86000061035156;29.59000015258789;125236;2020-04-06 09:30:00-04:00
29.59000015258789;29.65999984741211;28.950000762939453;29.0;78293;2020-04-06 10:30:00-04:00
29.0;29.020000457763672;28.790000915527344;28.86000061035156;29241;2020-04-06 11:30:00-04:00
28.82999992370605;28.934999465942383;28.59000015258789;28.73480033874512;44519;2020-04-06 12:30:00-04:00
28.700000762939453;29.21500015258789;28.21999931335449;28.38010025024414;151795;2020-04-06 13:30:00-04:00
28.40999984741211;29.165000915527344;28.399999618530277;29.0;124707;2020-04-06 14:30:00-04:00
29.0;29.084999084472656;27.850000381469727;27.950000762939453;266287;2020-04-06 15:30:00-04:00
29.81999969482422;30.280000686645508;28.299999237060547;28.989999771118164;0;2020-04-07 09:30:00-04:00
28.950000762939453;29.920000076293945;28.75;28.770000457763672;52071;2020-04-07 10:30:00-04:00
28.84000015258789;29.03499984741211;28.63999938964844;28.8700008392334;17969;2020-04-07 11:30:00-04:00
28.8700008392334;29.565000534057617;28.68000030517578;29.270000457763672;53346;2020-04-07 12:30:00-04:00
29.18000030517578;29.395000457763672;28.90999984741211;29.23500061035156;33219;2020-04-07 13:30:00-04:00
29.18000030517578;29.530000686645508;28.44059944152832;29.34000015258789;35442;2020-04-07 14:30:00-04:00
29.239999771118164;29.65999984741211;29.149999618530277;29.479999542236328;47454;2020-04-07 15:30:00-04:00
30.125;30.95499992370605;30.0;30.95499992370605;33966;2020-04-08 09:30:00-04:00
31.07999992370605;32.369998931884766;31.06999969482422;32.2400016784668;45031;2020-04-08 10:30:00-04:00
32.25;32.61000061035156;31.950000762939453;32.61000061035156;17258;2020-04-08 11:30:00-04:00
32.70000076293945;33.119998931884766;32.619998931884766;32.845001220703125;40562;2020-04-08 12:30:00-04:00
32.869998931884766;33.119998931884766;32.54499816894531;32.959999084472656;24632;2020-04-08 13:30:00-04:00
32.88999938964844;34.060001373291016;32.88999938964844;33.78499984741211;50779;2020-04-08 14:30:00-04:00
33.810001373291016;33.85499954223633;33.29999923706055;33.380001068115234;49022;2020-04-08 15:30:00-04:00
34.040000915527344;35.41999816894531;33.9900016784668;34.90999984741211;61641;2020-04-09 09:30:00-04:00
34.900001525878906;35.209999084472656;34.45500183105469;34.79999923706055;35121;2020-04-09 10:30:00-04:00
34.75;35.301998138427734;34.68000030517578;35.029998779296875;38499;2020-04-09 11:30:00-04:00
34.9900016784668;35.38999938964844;34.83000183105469;35.15999984741211;28340;2020-04-09 12:30:00-04:00
35.09000015258789;35.095001220703125;34.849998474121094;35.0;39442;2020-04-09 13:30:00-04:00
35.0;35.15999984741211;34.84000015258789;35.09000015258789;62867;2020-04-09 14:30:00-04:00
35.099998474121094;35.18000030517578;34.970001220703125;35.09000015258789;82759;2020-04-09 15:30:00-04:00
35.27000045776367;35.4900016784668;33.94499969482422;34.05500030517578;46083;2020-04-13 09:30:00-04:00
34.11000061035156;34.1349983215332;33.029998779296875;33.18000030517578;62374;2020-04-13 10:30:00-04:00
33.04499816894531;33.45000076293945;33.0;33.33000183105469;26762;2020-04-13 11:30:00-04:00
33.33000183105469;33.66999816894531;33.290000915527344;33.52000045776367;30605;2020-04-13 12:30:00-04:00
33.529998779296875;34.1150016784668;33.52000045776367;33.709999084472656;44641;2020-04-13 13:30:00-04:00
33.72999954223633;34.0099983215332;33.5;34.0099983215332;51577;2020-04-13 14:30:00-04:00
33.97999954223633;34.61000061035156;33.8650016784668;34.20000076293945;102318;2020-04-13 15:30:00-04:00
34.630001068115234;35.5099983215332;34.625;35.24700164794922;0;2020-04-14 09:30:00-04:00
35.290000915527344;35.339900970458984;34.72999954223633;34.9900016784668;69329;2020-04-14 10:30:00-04:00
34.9900016784668;35.38999938964844;34.84000015258789;35.2599983215332;36077;2020-04-14 11:30:00-04:00
35.27000045776367;35.380001068115234;35.11000061035156;35.224998474121094;41170;2020-04-14 12:30:00-04:00
35.25;35.34000015258789;34.34000015258789;34.36000061035156;57051;2020-04-14 13:30:00-04:00
34.36000061035156;34.900001525878906;33.630001068115234;34.88999938964844;48345;2020-04-14 14:30:00-04:00
34.91999816894531;34.93000030517578;34.375;34.72999954223633;50100;2020-04-14 15:30:00-04:00
34.38999938964844;34.7400016784668;33.79199981689453;34.18000030517578;41733;2020-04-15 09:30:00-04:00
34.244998931884766;34.40999984741211;33.994998931884766;34.31999969482422;25090;2020-04-15 10:30:00-04:00
34.349998474121094;34.709999084472656;34.13999938964844;34.70000076293945;27743;2020-04-15 11:30:00-04:00
34.650001525878906;34.93000030517578;34.42499923706055;34.84000015258789;21760;2020-04-15 12:30:00-04:00
34.810001373291016;35.16999816894531;34.66999816894531;35.16999816894531;22592;2020-04-15 13:30:00-04:00
35.224998474121094;35.43000030517578;35.18000030517578;35.25;42952;2020-04-15 14:30:00-04:00
35.27000045776367;35.650001525878906;35.27000045776367;35.400001525878906;53516;2020-04-15 15:30:00-04:00
35.9900016784668;37.04999923706055;35.57500076293945;36.72999954223633;60942;2020-04-16 09:30:00-04:00
36.72999954223633;37.02999877929688;36.43999862670898;36.7400016784668;38464;2020-04-16 10:30:00-04:00
36.72999954223633;36.790000915527344;36.25;36.650001525878906;64298;2020-04-16 11:30:00-04:00
36.60499954223633;36.77000045776367;36.08000183105469;36.75;31989;2020-04-16 12:30:00-04:00
36.7599983215332;36.91999816894531;36.34000015258789;36.41999816894531;30136;2020-04-16 13:30:00-04:00
36.34000015258789;36.38999938964844;35.900001525878906;36.31999969482422;28872;2020-04-16 14:30:00-04:00
36.33000183105469;36.70000076293945;36.31999969482422;36.48500061035156;46245;2020-04-16 15:30:00-04:00
37.15499877929688;37.630001068115234;35.685001373291016;35.790000915527344;33926;2020-04-17 09:30:00-04:00
35.84000015258789;35.90999984741211;35.61000061035156;35.61000061035156;24049;2020-04-17 10:30:00-04:00
35.790000915527344;35.95000076293945;35.69499969482422;35.84000015258789;21745;2020-04-17 11:30:00-04:00
35.790000915527344;36.0099983215332;35.72999954223633;35.790000915527344;22895;2020-04-17 12:30:00-04:00
35.79499816894531;36.15999984741211;35.7599983215332;36.060001373291016;20096;2020-04-17 13:30:00-04:00
36.06999969482422;36.16999816894531;35.97999954223633;36.16999816894531;22798;2020-04-17 14:30:00-04:00
36.165000915527344;36.27999877929688;36.130001068115234;36.209999084472656;37511;2020-04-17 15:30:00-04:00
35.66999816894531;36.18999862670898;35.400001525878906;36.08000183105469;9898;2020-04-20 09:30:00-04:00
36.09999847412109;36.52999877929688;36.040000915527344;36.130001068115234;4681;2020-04-20 10:30:00-04:00
36.06999969482422;36.290000915527344;35.81999969482422;35.97999954223633;16406;2020-04-20 11:30:00-04:00
35.88639831542969;36.060001373291016;35.43000030517578;35.52000045776367;16577;2020-04-20 12:30:00-04:00
35.470001220703125;35.470001220703125;34.97999954223633;35.150001525878906;44001;2020-04-20 13:30:00-04:00
35.15999984741211;35.43000030517578;34.5099983215332;34.564998626708984;54630;2020-04-20 14:30:00-04:00
34.599998474121094;34.900001525878906;34.529998779296875;34.560001373291016;18685;2020-04-20 15:30:00-04:00
34.209999084472656;35.2400016784668;33.79999923706055;35.189998626708984;0;2020-04-21 09:30:00-04:00
35.16999816894531;35.16999816894531;33.93000030517578;34.08000183105469;13664;2020-04-21 10:30:00-04:00
34.099998474121094;34.70000076293945;33.91999816894531;34.43000030517578;26311;2020-04-21 11:30:00-04:00
34.130001068115234;34.40999984741211;34.029998779296875;34.40999984741211;7707;2020-04-21 12:30:00-04:00
34.36000061035156;34.709999084472656;34.310001373291016;34.70000076293945;9649;2020-04-21 13:30:00-04:00
34.63460159301758;34.79999923706055;34.560001373291016;34.79999923706055;12714;2020-04-21 14:30:00-04:00
34.79999923706055;34.970001220703125;34.689998626708984;34.849998474121094;40801;2020-04-21 15:30:00-04:00
35.560001373291016;35.73500061035156;34.81999969482422;34.81999969482422;30923;2020-04-22 09:30:00-04:00
34.84000015258789;34.84000015258789;34.40999984741211;34.7599983215332;9254;2020-04-22 10:30:00-04:00
34.816001892089844;35.040000915527344;34.474998474121094;34.61000061035156;19672;2020-04-22 11:30:00-04:00
34.540000915527344;34.810001373291016;34.470001220703125;34.78960037231445;11583;2020-04-22 12:30:00-04:00
34.810001373291016;35.11000061035156;34.63999938964844;34.63999938964844;15264;2020-04-22 13:30:00-04:00
34.64500045776367;35.33000183105469;34.64500045776367;34.970001220703125;82518;2020-04-22 14:30:00-04:00
34.900001525878906;35.04999923706055;34.79999923706055;34.79999923706055;36365;2020-04-22 15:30:00-04:00
35.06999969482422;35.709999084472656;32.09550094604492;34.97999954223633;36610;2020-04-23 09:30:00-04:00
35.09000015258789;35.810001373291016;35.09000015258789;35.810001373291016;8309;2020-04-23 10:30:00-04:00
35.7400016784668;36.04999923706055;35.650001525878906;35.83000183105469;21693;2020-04-23 11:30:00-04:00
35.7599983215332;35.93000030517578;35.15999984741211;35.68000030517578;16295;2020-04-23 12:30:00-04:00
35.790000915527344;35.79999923706055;35.38999938964844;35.650001525878906;7108;2020-04-23 13:30:00-04:00
35.724998474121094;35.970001220703125;35.400001525878906;35.470001220703125;26229;2020-04-23 14:30:00-04:00
35.43000030517578;35.560001373291016;35.0;35.150001525878906;32977;2020-04-23 15:30:00-04:00
35.27000045776367;35.27000045776367;34.709999084472656;34.82500076293945;8610;2020-04-24 09:30:00-04:00
34.810001373291016;35.220001220703125;34.810001373291016;35.18000030517578;14752;2020-04-24 10:30:00-04:00
35.220001220703125;35.220001220703125;35.025001525878906;35.18000030517578;7802;2020-04-24 11:30:00-04:00
35.119998931884766;35.72719955444336;35.099998474121094;35.72719955444336;10694;2020-04-24 12:30:00-04:00
35.7400016784668;35.94200134277344;35.68000030517578;35.94200134277344;10103;2020-04-24 13:30:00-04:00
35.9900016784668;36.09000015258789;35.650001525878906;35.79750061035156;38300;2020-04-24 14:30:00-04:00
35.79999923706055;36.18999862670898;35.599998474121094;35.61000061035156;46242;2020-04-24 15:30:00-04:00
35.97999954223633;36.43000030517578;35.36000061035156;35.540000915527344;49542;2020-04-27 09:30:00-04:00
35.59000015258789;35.9900016784668;35.31999969482422;35.900001525878906;36919;2020-04-27 10:30:00-04:00
35.80500030517578;36.130001068115234;35.80500030517578;35.93000030517578;14459;2020-04-27 11:30:00-04:00
36.0;36.5098991394043;35.994998931884766;36.275001525878906;50805;2020-04-27 12:30:00-04:00
36.2599983215332;36.880001068115234;36.13999938964844;36.67499923706055;35841;2020-04-27 13:30:00-04:00
36.67499923706055;36.93999862670898;36.470001220703125;36.650001525878906;34854;2020-04-27 14:30:00-04:00
36.650001525878906;36.66999816894531;36.33000183105469;36.40999984741211;49833;2020-04-27 15:30:00-04:00
37.2400016784668;37.2400016784668;35.53499984741211;36.65999984741211;74468;2020-04-28 09:30:00-04:00
36.810001373291016;36.90999984741211;36.16999816894531;36.875;26306;2020-04-28 10:30:00-04:00
36.90999984741211;37.470001220703125;36.810001373291016;36.959999084472656;26667;2020-04-28 11:30:00-04:00
36.93000030517578;37.65950012207031;36.900001525878906;37.619998931884766;25136;2020-04-28 12:30:00-04:00
37.54999923706055;37.84999847412109;37.47999954223633;37.68000030517578;14876;2020-04-28 13:30:00-04:00
37.68000030517578;37.810001373291016;37.41999816894531;37.619998931884766;15672;2020-04-28 14:30:00-04:00
37.540000915527344;37.970001220703125;37.540000915527344;37.88999938964844;40213;2020-04-28 15:30:00-04:00
38.40999984741211;38.790000915527344;37.86000061035156;38.75;63626;2020-04-29 09:30:00-04:00
38.75;39.470001220703125;38.75;39.459999084472656;29931;2020-04-29 10:30:00-04:00
39.459999084472656;40.0;39.34000015258789;39.84999847412109;65893;2020-04-29 11:30:00-04:00
39.834999084472656;40.68000030517578;39.72499847412109;40.63999938964844;63360;2020-04-29 12:30:00-04:00
40.68999862670898;41.4900016784668;40.5;41.375;62187;2020-04-29 13:30:00-04:00
41.400001525878906;42.36000061035156;40.36000061035156;40.54499816894531;107395;2020-04-29 14:30:00-04:00
40.5;41.29999923706055;40.2953987121582;41.15999984741211;79918;2020-04-29 15:30:00-04:00
43.560001373291016;43.560001373291016;36.54999923706055;36.94499969482422;211154;2020-04-30 09:30:00-04:00
37.33000183105469;39.0;36.75;38.44499969482422;71687;2020-04-30 10:30:00-04:00
38.494998931884766;39.83000183105469;38.25;38.34000015258789;58115;2020-04-30 11:30:00-04:00
38.290000915527344;38.380001068115234;37.59999847412109;37.62939834594727;55674;2020-04-30 12:30:00-04:00
37.61000061035156;37.88999938964844;37.5099983215332;37.84999847412109;29766;2020-04-30 13:30:00-04:00
37.880001068115234;38.18000030517578;37.380001068115234;37.38999938964844;44982;2020-04-30 14:30:00-04:00
37.44229888916016;38.0;36.959999084472656;37.869998931884766;65603;2020-04-30 15:30:00-04:00
37.43999862670898;38.900001525878906;37.43999862670898;38.16999816894531;37887;2020-05-01 09:30:00-04:00
38.20000076293945;38.47999954223633;38.084999084472656;38.43999862670898;46155;2020-05-01 10:30:00-04:00
38.40999984741211;38.41999816894531;37.43999862670898;38.2400016784668;35798;2020-05-01 11:30:00-04:00
38.150001525878906;38.505001068115234;38.060001373291016;38.459999084472656;22716;2020-05-01 12:30:00-04:00
38.38999938964844;38.470001220703125;38.02999877929688;38.150001525878906;26152;2020-05-01 13:30:00-04:00
38.20500183105469;38.400001525878906;38.0;38.15999984741211;21129;2020-05-01 14:30:00-04:00
38.119998931884766;38.29949951171875;37.775001525878906;38.209999084472656;55603;2020-05-01 15:30:00-04:00
37.93999862670898;38.5;37.14500045776367;38.07500076293945;0;2020-05-04 09:30:00-04:00
38.08000183105469;38.52999877929688;37.84000015258789;37.97999954223633;45323;2020-05-04 10:30:00-04:00
37.95000076293945;38.16999816894531;37.63999938964844;37.7599983215332;19424;2020-05-04 11:30:00-04:00
37.70000076293945;37.88999938964844;37.59999847412109;37.880001068115234;26978;2020-05-04 12:30:00-04:00
37.875;38.25;37.81499862670898;38.209999084472656;20209;2020-05-04 13:30:00-04:00
38.18999862670898;38.685001373291016;38.119998931884766;38.459999084472656;33332;2020-05-04 14:30:00-04:00
38.47999954223633;38.81999969482422;38.42380142211914;38.68999862670898;72095;2020-05-04 15:30:00-04:00
39.09000015258789;39.93000030517578;38.77999877929688;38.77999877929688;29428;2020-05-05 09:30:00-04:00
38.93000030517578;39.36000061035156;38.90999984741211;39.06999969482422;25546;2020-05-05 10:30:00-04:00
39.22999954223633;39.300201416015625;38.810001373291016;38.810001373291016;19904;2020-05-05 11:30:00-04:00
38.83000183105469;38.900001525878906;38.130001068115234;38.34000015258789;28670;2020-05-05 12:30:00-04:00
38.34999847412109;38.41999816894531;37.90999984741211;38.41999816894531;26963;2020-05-05 13:30:00-04:00
38.380001068115234;38.38999938964844;37.0099983215332;37.15499877929688;41220;2020-05-05 14:30:00-04:00
37.1150016784668;37.5099983215332;37.095001220703125;37.15999984741211;66577;2020-05-05 15:30:00-04:00
37.25;37.95000076293945;36.7859992980957;37.21500015258789;15813;2020-05-06 09:30:00-04:00
37.2400016784668;37.35329818725586;36.63999938964844;36.72999954223633;11908;2020-05-06 10:30:00-04:00
36.7599983215332;37.43000030517578;36.70000076293945;37.39039993286133;12891;2020-05-06 11:30:00-04:00
37.43999862670898;37.869998931884766;37.34000015258789;37.650001525878906;15223;2020-05-06 12:30:00-04:00
37.650001525878906;37.875;37.47999954223633;37.70000076293945;16178;2020-05-06 13:30:00-04:00
37.810001373291016;37.90999984741211;37.43999862670898;37.52000045776367;20817;2020-05-06 14:30:00-04:00
37.58000183105469;37.58000183105469;36.90999984741211;36.90999984741211;42728;2020-05-06 15:30:00-04:00
37.380001068115234;37.9900016784668;35.779998779296875;36.04499816894531;51121;2020-05-07 09:30:00-04:00
36.125;36.77999877929688;35.80500030517578;36.29999923706055;32228;2020-05-07 10:30:00-04:00
36.29999923706055;37.20000076293945;36.29999923706055;37.150001525878906;12288;2020-05-07 11:30:00-04:00
37.09000015258789;37.09000015258789;36.81499862670898;36.86000061035156;12371;2020-05-07 12:30:00-04:00
36.7400016784668;37.16999816894531;36.68000030517578;36.84999847412109;15932;2020-05-07 13:30:00-04:00
36.84000015258789;37.130001068115234;36.64500045776367;37.06999969482422;20060;2020-05-07 14:30:00-04:00
37.04999923706055;37.09999847412109;36.61000061035156;36.709999084472656;45228;2020-05-07 15:30:00-04:00
37.13999938964844;37.93000030517578;37.13999938964844;37.72999954223633;21432;2020-05-08 09:30:00-04:00
37.72999954223633;38.275001525878906;37.52999877929688;38.130001068115234;20724;2020-05-08 10:30:00-04:00
38.22999954223633;38.77000045776367;38.06999969482422;38.5;24746;2020-05-08 11:30:00-04:00
38.56999969482422;38.68999862670898;38.41999816894531;38.41999816894531;19827;2020-05-08 12:30:00-04:00
38.5;38.56499862670898;38.36479949951172;38.47999954223633;20456;2020-05-08 13:30:00-04:00
38.47999954223633;38.88999938964844;38.43999862670898;38.84000015258789;29298;2020-05-08 14:30:00-04:00
38.81999969482422;38.880001068115234;38.470001220703125;38.63999938964844;37644;2020-05-08 15:30:00-04:00
38.02999877929688;38.18000030517578;37.0099983215332;37.20000076293945;22177;2020-05-11 09:30:00-04:00
37.380001068115234;37.720001220703125;37.2599983215332;37.45000076293945;19563;2020-05-11 10:30:00-04:00
37.45000076293945;37.72999954223633;37.45000076293945;37.720001220703125;6960;2020-05-11 11:30:00-04:00
37.65499877929688;37.75;37.25;37.255001068115234;9341;2020-05-11 12:30:00-04:00
37.28499984741211;37.28499984741211;36.52999877929688;36.619998931884766;23301;2020-05-11 13:30:00-04:00
36.5359992980957;36.84000015258789;36.5359992980957;36.56999969482422;21719;2020-05-11 14:30:00-04:00
36.56999969482422;36.90999984741211;36.56999969482422;36.619998931884766;36083;2020-05-11 15:30:00-04:00
36.810001373291016;37.369998931884766;36.3301010131836;36.625;18086;2020-05-12 09:30:00-04:00
36.61000061035156;36.834999084472656;36.34999847412109;36.547401428222656;14147;2020-05-12 10:30:00-04:00
36.630001068115234;36.672698974609375;36.150001525878906;36.45000076293945;9901;2020-05-12 11:30:00-04:00
36.45000076293945;36.75;36.34090042114258;36.459999084472656;11514;2020-05-12 12:30:00-04:00
36.459999084472656;36.75;36.459999084472656;36.75;9323;2020-05-12 13:30:00-04:00
36.72499847412109;36.72999954223633;36.31999969482422;36.31999969482422;47161;2020-05-12 14:30:00-04:00
36.27999877929688;36.310001373291016;35.90999984741211;36.209999084472656;41356;2020-05-12 15:30:00-04:00
36.08000183105469;36.25;35.59000015258789;35.68000030517578;13827;2020-05-13 09:30:00-04:00
36.08000183105469;36.08000183105469;34.790000915527344;34.9900016784668;12776;2020-05-13 10:30:00-04:00
35.02000045776367;35.029998779296875;34.35499954223633;34.529998779296875;13798;2020-05-13 11:30:00-04:00
34.54499816894531;34.650001525878906;33.810001373291016;33.86000061035156;25576;2020-05-13 12:30:00-04:00
33.79999923706055;34.06999969482422;33.56999969482422;34.06999969482422;25401;2020-05-13 13:30:00-04:00
34.02000045776367;34.150001525878906;33.79999923706055;33.9900016784668;22104;2020-05-13 14:30:00-04:00
33.959999084472656;34.18000030517578;33.689998626708984;34.029998779296875;26673;2020-05-13 15:30:00-04:00
33.939998626708984;34.20000076293945;32.78499984741211;33.41999816894531;25423;2020-05-14 09:30:00-04:00
33.529998779296875;34.58000183105469;33.529998779296875;33.939998626708984;21187;2020-05-14 10:30:00-04:00
33.97999954223633;34.22999954223633;33.56100082397461;33.779998779296875;27543;2020-05-14 11:30:00-04:00
33.83000183105469;34.18000030517578;33.56999969482422;34.13999938964844;17375;2020-05-14 12:30:00-04:00
34.15999984741211;34.209999084472656;33.55500030517578;33.84000015258789;20422;2020-05-14 13:30:00-04:00
33.880001068115234;33.939998626708984;33.525001525878906;33.88999938964844;24114;2020-05-14 14:30:00-04:00
33.84000015258789;34.15999984741211;33.71500015258789;34.119998931884766;22079;2020-05-14 15:30:00-04:00
34.0;35.0;33.6349983215332;34.689998626708984;0;2020-05-15 09:30:00-04:00
34.70000076293945;34.939998626708984;34.5099983215332;34.70000076293945;9164;2020-05-15 10:30:00-04:00
34.65999984741211;34.790000915527344;34.400001525878906;34.709999084472656;4844;2020-05-15 11:30:00-04:00
34.86000061035156;35.25;34.75;35.119998931884766;7801;2020-05-15 12:30:00-04:00
35.220001220703125;35.33000183105469;34.939998626708984;35.20000076293945;12445;2020-05-15 13:30:00-04:00
35.20000076293945;35.22999954223633;34.900001525878906;34.97999954223633;12217;2020-05-15 14:30:00-04:00
34.95000076293945;34.96500015258789;34.599998474121094;34.77000045776367;17516;2020-05-15 15:30:00-04:00
35.83000183105469;36.619998931884766;35.47159957885742;36.435001373291016;13361;2020-05-18 09:30:00-04:00
36.290000915527344;36.81999969482422;36.15999984741211;36.630001068115234;11886;2020-05-18 10:30:00-04:00
36.63999938964844;36.63999938964844;36.08000183105469;36.08000183105469;5661;2020-05-18 11:30:00-04:00
36.08000183105469;36.209999084472656;35.75;35.84000015258789;8426;2020-05-18 12:30:00-04:00
35.7599983215332;35.90999984741211;35.65999984741211;35.90999984741211;8777;2020-05-18 13:30:00-04:00
36.02000045776367;36.040000915527344;35.849998474121094;35.900001525878906;17075;2020-05-18 14:30:00-04:00
35.900001525878906;35.9900016784668;35.810001373291016;35.9900016784668;30753;2020-05-18 15:30:00-04:00
35.84000015258789;36.06999969482422;35.34450149536133;36.02149963378906;9303;2020-05-19 09:30:00-04:00
36.0;36.209999084472656;35.814998626708984;36.209999084472656;12776;2020-05-19 10:30:00-04:00
36.2400016784668;36.31999969482422;35.939998626708984;36.0099983215332;7816;2020-05-19 11:30:00-04:00
35.98500061035156;36.16999816894531;35.93000030517578;36.16999816894531;6824;2020-05-19 12:30:00-04:00
36.13999938964844;36.33000183105469;36.11000061035156;36.25;7974;2020-05-19 13:30:00-04:00
36.20009994506836;36.45000076293945;35.86000061035156;35.9900016784668;15028;2020-05-19 14:30:00-04:00
35.97999954223633;35.97999954223633;35.34000015258789;35.34000015258789;20106;2020-05-19 15:30:00-04:00
36.15999984741211;36.52999877929688;35.73500061035156;36.47999954223633;16189;2020-05-20 09:30:00-04:00
36.47999954223633;36.65999984741211;35.84000015258789;35.904998779296875;13916;2020-05-20 10:30:00-04:00
35.96500015258789;36.06999969482422;35.599998474121094;35.779998779296875;5951;2020-05-20 11:30:00-04:00
35.7599983215332;35.86000061035156;35.494998931884766;35.494998931884766;6595;2020-05-20 12:30:00-04:00
35.47999954223633;35.75;35.47999954223633;35.66999816894531;3468;2020-05-20 13:30:00-04:00
35.650001525878906;35.97999954223633;35.540000915527344;35.63999938964844;8838;2020-05-20 14:30:00-04:00
35.619998931884766;35.959999084472656;35.59000015258789;35.90999984741211;18165;2020-05-20 15:30:00-04:00
35.720001220703125;35.9900016784668;35.5099983215332;35.84000015258789;5383;2020-05-21 09:30:00-04:00
35.70000076293945;35.720001220703125;35.349998474121094;35.5099983215332;4579;2020-05-21 10:30:00-04:00
35.52000045776367;35.95000076293945;35.41999816894531;35.849998474121094;12805;2020-05-21 11:30:00-04:00
35.869998931884766;35.869998931884766;35.61000061035156;35.65999984741211;7076;2020-05-21 12:30:00-04:00
35.61000061035156;35.900001525878906;35.439998626708984;35.869998931884766;20742;2020-05-21 13:30:00-04:00
35.880001068115234;35.90800094604492;35.54999923706055;35.599998474121094;10686;2020-05-21 14:30:00-04:00
35.619998931884766;35.619998931884766;35.2599983215332;35.349998474121094;14799;2020-05-21 15:30:00-04:00
35.56999969482422;35.56999969482422;34.70000076293945;35.04999923706055;5557;2020-05-22 09:30:00-04:00
35.33380126953125;35.790000915527344;35.22999954223633;35.619998931884766;8532;2020-05-22 10:30:00-04:00
35.61000061035156;35.88999938964844;35.470001220703125;35.56999969482422;9942;2020-05-22 11:30:00-04:00
35.619998931884766;35.7599983215332;35.439998626708984;35.540000915527344;15308;2020-05-22 12:30:00-04:00
35.5;35.65999984741211;35.314998626708984;35.43000030517578;5980;2020-05-22 13:30:00-04:00
35.415000915527344;35.59000015258789;35.279998779296875;35.279998779296875;15771;2020-05-22 14:30:00-04:00
35.349998474121094;35.45000076293945;35.31999969482422;35.400001525878906;8168;2020-05-22 15:30:00-04:00
36.59000015258789;37.09999847412109;36.04999923706055;36.7599983215332;24191;2020-05-26 09:30:00-04:00
36.72999954223633;36.86000061035156;36.11000061035156;36.20000076293945;10341;2020-05-26 10:30:00-04:00
36.220001220703125;36.68999862670898;36.220001220703125;36.619998931884766;11085;2020-05-26 11:30:00-04:00
36.650001525878906;37.11000061035156;36.650001525878906;36.90999984741211;13436;2020-05-26 12:30:00-04:00
36.880001068115234;36.970001220703125;36.834999084472656;36.86000061035156;12791;2020-05-26 13:30:00-04:00
36.88999938964844;36.9900016784668;36.68999862670898;36.68999862670898;23126;2020-05-26 14:30:00-04:00
36.73500061035156;36.959999084472656;36.63999938964844;36.869998931884766;64781;2020-05-26 15:30:00-04:00
37.45000076293945;38.290000915527344;37.27320098876953;38.150001525878906;21947;2020-05-27 09:30:00-04:00
38.150001525878906;38.43000030517578;37.80500030517578;38.40999984741211;10016;2020-05-27 10:30:00-04:00
38.40999984741211;39.34000015258789;38.40999984741211;39.33000183105469;13046;2020-05-27 11:30:00-04:00
39.34999847412109;39.880001068115234;39.29999923706055;39.52000045776367;29240;2020-05-27 12:30:00-04:00
39.59000015258789;40.08000183105469;39.5;39.900001525878906;30197;2020-05-27 13:30:00-04:00
39.93999862670898;40.43000030517578;39.93999862670898;40.13999938964844;27007;2020-05-27 14:30:00-04:00
39.84000015258789;40.34000015258789;39.72999954223633;40.25;38207;2020-05-27 15:30:00-04:00
40.68000030517578;40.68000030517578;39.18999862670898;39.81999969482422;22452;2020-05-28 09:30:00-04:00
39.5;39.790000915527344;39.25;39.75;15565;2020-05-28 10:30:00-04:00
39.709999084472656;39.709999084472656;39.29999923706055;39.4900016784668;10219;2020-05-28 11:30:00-04:00
39.470001220703125;39.7400016784668;39.470001220703125;39.69499969482422;17304;2020-05-28 12:30:00-04:00
39.7599983215332;39.7599983215332;39.57500076293945;39.61000061035156;21789;2020-05-28 13:30:00-04:00
39.619998931884766;39.65999984741211;39.345001220703125;39.400001525878906;16254;2020-05-28 14:30:00-04:00
39.400001525878906;39.45000076293945;38.5;38.7599983215332;27675;2020-05-28 15:30:00-04:00
38.560001373291016;38.560001373291016;37.0099983215332;37.720001220703125;0;2020-05-29 09:30:00-04:00
37.77439880371094;37.84999847412109;37.310001373291016;37.61000061035156;24014;2020-05-29 10:30:00-04:00
37.68999862670898;37.72999954223633;37.27999877929688;37.54999923706055;6283;2020-05-29 11:30:00-04:00
37.40999984741211;37.619998931884766;37.220001220703125;37.54999923706055;6848;2020-05-29 12:30:00-04:00
37.56999969482422;37.65999984741211;37.31999969482422;37.54999923706055;8066;2020-05-29 13:30:00-04:00
37.540000915527344;37.84999847412109;37.34000015258789;37.560001373291016;21783;2020-05-29 14:30:00-04:00
37.66329956054688;37.7400016784668;37.36000061035156;37.5099983215332;16396;2020-05-29 15:30:00-04:00
37.70000076293945;38.39720153808594;37.650001525878906;38.15499877929688;9101;2020-06-01 09:30:00-04:00
38.209999084472656;38.61000061035156;38.119998931884766;38.209999084472656;14368;2020-06-01 10:30:00-04:00
38.18000030517578;38.30619812011719;37.77999877929688;37.77999877929688;8090;2020-06-01 11:30:00-04:00
37.84999847412109;37.86000061035156;37.52000045776367;37.52000045776367;7440;2020-06-01 12:30:00-04:00
37.470001220703125;37.52220153808594;37.084999084472656;37.084999084472656;11185;2020-06-01 13:30:00-04:00
37.08000183105469;37.08000183105469;36.869998931884766;36.93000030517578;15512;2020-06-01 14:30:00-04:00
36.91999816894531;37.14500045776367;36.75;36.86000061035156;23979;2020-06-01 15:30:00-04:00
36.810001373291016;37.09000015258789;36.27999877929688;36.52000045776367;0;2020-06-02 09:30:00-04:00
36.47499847412109;36.80590057373047;36.27999877929688;36.70000076293945;20775;2020-06-02 10:30:00-04:00
36.68299865722656;36.68999862670898;36.41999816894531;36.59999847412109;8744;2020-06-02 11:30:00-04:00
36.650001525878906;36.65999984741211;36.560001373291016;36.58000183105469;9377;2020-06-02 12:30:00-04:00
36.59000015258789;36.65999984741211;36.470001220703125;36.59000015258789;6007;2020-06-02 13:30:00-04:00
36.540000915527344;36.63999938964844;36.39500045776367;36.52999877929688;11938;2020-06-02 14:30:00-04:00
36.540000915527344;36.97999954223633;36.43999862670898;36.90999984741211;21934;2020-06-02 15:30:00-04:00
36.93000030517578;37.880001068115234;36.880001068115234;37.880001068115234;0;2020-06-03 09:30:00-04:00
37.77199935913086;38.43999862670898;37.77199935913086;38.369998931884766;14000;2020-06-03 10:30:00-04:00
38.54999923706055;38.84999847412109;38.459999084472656;38.77000045776367;11686;2020-06-03 11:30:00-04:00
38.83000183105469;38.900001525878906;38.560001373291016;38.65999984741211;9434;2020-06-03 12:30:00-04:00
38.63999938964844;39.18999862670898;38.63999938964844;39.02000045776367;13528;2020-06-03 13:30:00-04:00
38.97999954223633;39.220001220703125;38.27000045776367;38.47999954223633;18011;2020-06-03 14:30:00-04:00
38.459999084472656;38.59000015258789;38.310001373291016;38.33000183105469;18555;2020-06-03 15:30:00-04:00
38.31999969482422;39.15999984741211;38.29999923706055;39.10499954223633;12286;2020-06-04 09:30:00-04:00
39.15999984741211;39.34000015258789;38.400001525878906;38.54999923706055;8126;2020-06-04 10:30:00-04:00
38.34999847412109;38.59000015258789;38.09999847412109;38.540000915527344;13608;2020-06-04 11:30:00-04:00
38.59000015258789;38.959999084472656;38.540000915527344;38.959999084472656;6278;2020-06-04 12:30:00-04:00
38.90499877929688;39.22999954223633;38.84000015258789;38.86000061035156;13482;2020-06-04 13:30:00-04:00
38.77999877929688;38.84999847412109;37.81999969482422;38.09999847412109;20263;2020-06-04 14:30:00-04:00
38.125;38.220001220703125;37.84999847412109;38.119998931884766;17223;2020-06-04 15:30:00-04:00
38.93000030517578;39.81999969482422;38.90999984741211;39.58000183105469;0;2020-06-05 09:30:00-04:00
39.59000015258789;40.27999877929688;39.52999877929688;40.27999877929688;11478;2020-06-05 10:30:00-04:00
40.209999084472656;40.25;39.5;39.650001525878906;17763;2020-06-05 11:30:00-04:00
39.75;39.88999938964844;39.560001373291016;39.810001373291016;7013;2020-06-05 12:30:00-04:00
39.84000015258789;40.04999923706055;39.790000915527344;39.93000030517578;6559;2020-06-05 13:30:00-04:00
39.97999954223633;40.02000045776367;39.50249862670898;39.66999816894531;14096;2020-06-05 14:30:00-04:00
39.59999847412109;39.66999816894531;39.41999816894531;39.462501525878906;20780;2020-06-05 15:30:00-04:00
39.59000015258789;39.7400016784668;39.25;39.35499954223633;25540;2020-06-08 09:30:00-04:00
39.20000076293945;39.36000061035156;39.060001373291016;39.29999923706055;7617;2020-06-08 10:30:00-04:00
39.255001068115234;39.31999969482422;39.04999923706055;39.2400016784668;7696;2020-06-08 11:30:00-04:00
39.15999984741211;39.31999969482422;39.119998931884766;39.22499847412109;16985;2020-06-08 12:30:00-04:00
39.22499847412109;39.45000076293945;39.22499847412109;39.43999862670898;6850;2020-06-08 13:30:00-04:00
39.5;39.540000915527344;39.34999847412109;39.369998931884766;6851;2020-06-08 14:30:00-04:00
39.35499954223633;39.35499954223633;39.18000030517578;39.34000015258789;14666;2020-06-08 15:30:00-04:00
38.81999969482422;38.81999969482422;37.47499847412109;38.05500030517578;11493;2020-06-09 09:30:00-04:00
38.130001068115234;38.78499984741211;38.130001068115234;38.78499984741211;3921;2020-06-09 10:30:00-04:00
38.88249969482422;39.04999923706055;38.71500015258789;38.790000915527344;7220;2020-06-09 11:30:00-04:00
38.790000915527344;38.88999938964844;38.56999969482422;38.72999954223633;7656;2020-06-09 12:30:00-04:00
38.79999923706055;39.04999923706055;38.79999923706055;38.83000183105469;4996;2020-06-09 13:30:00-04:00
38.810001373291016;39.380001068115234;38.810001373291016;39.310001373291016;12072;2020-06-09 14:30:00-04:00
39.27999877929688;39.31999969482422;38.709999084472656;38.81999969482422;10244;2020-06-09 15:30:00-04:00
38.560001373291016;38.560001373291016;37.34999847412109;37.43999862670898;6727;2020-06-10 09:30:00-04:00
37.470001220703125;37.70000076293945;37.369998931884766;37.560001373291016;5499;2020-06-10 10:30:00-04:00
37.415000915527344;37.9900016784668;37.415000915527344;37.86000061035156;5737;2020-06-10 11:30:00-04:00
37.84000015258789;37.84000015258789;37.68999862670898;37.79999923706055;3070;2020-06-10 12:30:00-04:00
37.77000045776367;38.18999862670898;37.7599983215332;37.77999877929688;6371;2020-06-10 13:30:00-04:00
37.619998931884766;37.77000045776367;37.09000015258789;37.29999923706055;11934;2020-06-10 14:30:00-04:00
37.310001373291016;37.369998931884766;37.060001373291016;37.09999847412109;12067;2020-06-10 15:30:00-04:00
36.0099983215332;36.22999954223633;35.400001525878906;35.619998931884766;0;2020-06-11 09:30:00-04:00
35.595001220703125;35.959999084472656;35.52000045776367;35.720001220703125;9213;2020-06-11 10:30:00-04:00
35.79999923706055;35.900001525878906;35.41999816894531;35.5;8458;2020-06-11 11:30:00-04:00
35.560001373291016;35.80500030517578;35.400001525878906;35.66999816894531;9781;2020-06-11 12:30:00-04:00
35.720001220703125;35.880001068115234;35.56999969482422;35.7400016784668;8104;2020-06-11 13:30:00-04:00
35.75;35.7599983215332;35.099998474121094;35.099998474121094;13629;2020-06-11 14:30:00-04:00
35.029998779296875;35.130001068115234;34.650001525878906;34.709999084472656;27326;2020-06-11 15:30:00-04:00
35.72999954223633;36.0;35.599998474121094;35.599998474121094;0;2020-06-12 09:30:00-04:00
35.54999923706055;35.54999923706055;34.84000015258789;34.900001525878906;17144;2020-06-12 10:30:00-04:00
34.029998779296875;34.540000915527344;34.029998779296875;34.40999984741211;107377;2020-06-12 12:30:00-04:00
34.45500183105469;34.584999084472656;34.11000061035156;34.310001373291016;19365;2020-06-12 13:30:00-04:00
34.31209945678711;34.66999816894531;34.29999923706055;34.5;17502;2020-06-12 14:30:00-04:00
34.47999954223633;34.90999984741211;34.29439926147461;34.7400016784668;44351;2020-06-12 15:30:00-04:00
33.95000076293945;34.68000030517578;33.86000061035156;34.68000030517578;15691;2020-06-15 09:30:00-04:00
34.68000030517578;35.869998931884766;34.650001525878906;35.81999969482422;13902;2020-06-15 10:30:00-04:00
35.79999923706055;36.45000076293945;35.59000015258789;36.45000076293945;9031;2020-06-15 11:30:00-04:00
36.42499923706055;36.77000045776367;36.04999923706055;36.6150016784668;6455;2020-06-15 12:30:00-04:00
36.650001525878906;37.0;36.2599983215332;36.625;13269;2020-06-15 13:30:00-04:00
36.68999862670898;36.68999862670898;36.220001220703125;36.220001220703125;8648;2020-06-15 14:30:00-04:00
36.15999984741211;36.20000076293945;35.81999969482422;36.18999862670898;22364;2020-06-15 15:30:00-04:00
37.18000030517578;37.63999938964844;36.56050109863281;37.52000045776367;0;2020-06-16 09:30:00-04:00
37.59000015258789;37.59000015258789;36.09999847412109;36.7599983215332;7629;2020-06-16 10:30:00-04:00
36.83000183105469;36.83000183105469;36.4900016784668;36.77999877929688;3269;2020-06-16 11:30:00-04:00
36.869998931884766;36.8849983215332;36.75;36.8849983215332;1798;2020-06-16 12:30:00-04:00
36.93999862670898;36.970001220703125;36.71500015258789;36.81499862670898;3927;2020-06-16 13:30:00-04:00
36.959999084472656;36.959999084472656;36.400001525878906;36.6150016784668;9077;2020-06-16 14:30:00-04:00
36.59999847412109;36.59999847412109;36.34999847412109;36.59000015258789;11251;2020-06-16 15:30:00-04:00
36.43000030517578;36.52999877929688;35.709999084472656;35.709999084472656;0;2020-06-17 09:30:00-04:00
35.69499969482422;35.93000030517578;35.65999984741211;35.790000915527344;8120;2020-06-17 10:30:00-04:00
35.81230163574219;36.310001373291016;35.7400016784668;36.20000076293945;11507;2020-06-17 11:30:00-04:00
36.18000030517578;36.22499847412109;36.0;36.040000915527344;5369;2020-06-17 12:30:00-04:00
36.084999084472656;36.27000045776367;35.91999816894531;36.17499923706055;9241;2020-06-17 13:30:00-04:00
36.20000076293945;36.2400016784668;35.90999984741211;36.04999923706055;27600;2020-06-17 14:30:00-04:00
36.02999877929688;36.369998931884766;36.02000045776367;36.130001068115234;22445;2020-06-17 15:30:00-04:00
35.88999938964844;36.72999954223633;35.84000015258789;36.540000915527344;0;2020-06-18 09:30:00-04:00
36.70000076293945;36.790000915527344;36.62009811401367;36.62009811401367;4682;2020-06-18 10:30:00-04:00
36.75;36.88999938964844;36.68000030517578;36.86000061035156;6640;2020-06-18 11:30:00-04:00
36.81999969482422;36.86000061035156;36.369998931884766;36.47999954223633;12047;2020-06-18 12:30:00-04:00
36.540000915527344;36.59000015258789;36.459999084472656;36.459999084472656;4025;2020-06-18 13:30:00-04:00
36.52000045776367;36.61000061035156;36.25;36.34000015258789;9773;2020-06-18 14:30:00-04:00
36.369998931884766;36.459999084472656;36.290000915527344;36.459999084472656;11366;2020-06-18 15:30:00-04:00
36.869998931884766;37.0;36.58000183105469;36.709999084472656;36607;2020-06-19 09:30:00-04:00
36.720001220703125;36.77000045776367;36.470001220703125;36.494998931884766;6390;2020-06-19 10:30:00-04:00
36.47999954223633;36.47999954223633;35.66999816894531;35.915000915527344;7081;2020-06-19 11:30:00-04:00
36.0099983215332;36.40999984741211;35.95000076293945;36.19499969482422;10331;2020-06-19 12:30:00-04:00
36.18999862670898;36.18999862670898;35.86000061035156;35.93000030517578;7421;2020-06-19 13:30:00-04:00
35.92300033569336;36.40999984741211;35.880001068115234;36.34000015258789;9715;2020-06-19 14:30:00-04:00
36.150001525878906;36.220001220703125;35.83000183105469;35.95000076293945;11871;2020-06-19 15:30:00-04:00
35.65999984741211;36.24570083618164;35.65530014038086;36.09000015258789;10158;2020-06-22 09:30:00-04:00
36.16999816894531;36.16999816894531;35.75;35.849998474121094;5307;2020-06-22 10:30:00-04:00
35.84000015258789;35.91999816894531;35.67020034790039;35.91999816894531;5555;2020-06-22 11:30:00-04:00
35.93000030517578;36.275001525878906;35.93000030517578;36.24089813232422;4471;2020-06-22 12:30:00-04:00
36.20000076293945;36.22999954223633;36.119998931884766;36.22999954223633;2826;2020-06-22 13:30:00-04:00
36.310001373291016;36.61000061035156;36.27000045776367;36.29999923706055;5904;2020-06-22 14:30:00-04:00
36.290000915527344;36.41999816894531;36.23500061035156;36.310001373291016;9400;2020-06-22 15:30:00-04:00
36.75;37.22999954223633;36.560001373291016;36.935001373291016;10086;2020-06-23 09:30:00-04:00
37.0;37.0;36.52999877929688;36.7599983215332;8471;2020-06-23 10:30:00-04:00
36.52999877929688;36.68000030517578;36.41999816894531;36.68000030517578;9888;2020-06-23 11:30:00-04:00
36.6599006652832;36.6599006652832;36.27999877929688;36.33000183105469;7608;2020-06-23 12:30:00-04:00
36.310001373291016;36.59999847412109;36.22999954223633;36.59999847412109;9621;2020-06-23 13:30:00-04:00
36.54999923706055;36.63999938964844;36.45500183105469;36.52999877929688;9834;2020-06-23 14:30:00-04:00
36.56999969482422;36.665000915527344;36.2400016784668;36.310001373291016;16227;2020-06-23 15:30:00-04:00
35.869998931884766;35.869998931884766;35.029998779296875;35.310001373291016;7106;2020-06-24 09:30:00-04:00
35.29999923706055;35.51499938964844;35.05500030517578;35.060001373291016;15065;2020-06-24 10:30:00-04:00
35.029998779296875;35.029998779296875;34.59000015258789;34.720001220703125;9448;2020-06-24 11:30:00-04:00
34.75;34.939998626708984;34.65999984741211;34.65999984741211;4516;2020-06-24 12:30:00-04:00
34.650001525878906;34.849998474121094;34.6349983215332;34.849998474121094;8860;2020-06-24 13:30:00-04:00
34.849998474121094;34.88999938964844;34.77000045776367;34.81999969482422;6783;2020-06-24 14:30:00-04:00
34.83000183105469;34.86000061035156;34.619998931884766;34.689998626708984;25544;2020-06-24 15:30:00-04:00
34.47999954223633;34.61000061035156;34.33000183105469;34.54999923706055;6568;2020-06-25 09:30:00-04:00
34.7400016784668;34.7400016784668;34.2400016784668;34.290000915527344;5789;2020-06-25 10:30:00-04:00
34.349998474121094;34.70000076293945;34.2400016784668;34.650001525878906;16177;2020-06-25 11:30:00-04:00
34.66999816894531;34.81999969482422;34.619998931884766;34.650001525878906;3964;2020-06-25 12:30:00-04:00
34.650001525878906;34.65999984741211;34.439998626708984;34.61000061035156;4193;2020-06-25 13:30:00-04:00
34.599998474121094;35.08000183105469;34.529998779296875;35.04999923706055;7083;2020-06-25 14:30:00-04:00
35.060001373291016;35.27000045776367;34.849998474121094;35.27000045776367;19803;2020-06-25 15:30:00-04:00
34.97999954223633;35.439998626708984;34.869998931884766;35.025001525878906;11436;2020-06-26 09:30:00-04:00
34.7599983215332;35.08000183105469;34.709999084472656;34.94499969482422;6399;2020-06-26 10:30:00-04:00
35.029998779296875;35.029998779296875;34.81999969482422;35.0099983215332;6923;2020-06-26 11:30:00-04:00
34.95000076293945;35.029998779296875;34.810001373291016;34.900001525878906;8553;2020-06-26 12:30:00-04:00
34.900001525878906;35.060001373291016;34.84000015258789;34.939998626708984;13190;2020-06-26 13:30:00-04:00
34.9900016784668;35.18000030517578;34.939998626708984;35.13999938964844;20661;2020-06-26 14:30:00-04:00
35.130001068115234;35.36000061035156;35.119998931884766;35.33000183105469;52356;2020-06-26 15:30:00-04:00
35.779998779296875;36.88999938964844;35.06999969482422;36.58000183105469;9915;2020-06-29 09:30:00-04:00
36.66999816894531;37.0099983215332;36.630001068115234;36.72999954223633;9387;2020-06-29 10:30:00-04:00
36.63999938964844;36.810001373291016;36.619998931884766;36.77999877929688;8256;2020-06-29 11:30:00-04:00
36.810001373291016;37.18000030517578;36.7599983215332;37.18000030517578;12514;2020-06-29 12:30:00-04:00
37.22999954223633;37.2599983215332;37.02000045776367;37.02999877929688;16399;2020-06-29 13:30:00-04:00
37.03499984741211;37.130001068115234;36.86000061035156;37.07500076293945;14554;2020-06-29 14:30:00-04:00
37.07500076293945;37.220001220703125;36.84999847412109;37.150001525878906;22954;2020-06-29 15:30:00-04:00
37.060001373291016;37.310001373291016;36.790000915527344;36.790000915527344;5694;2020-06-30 09:30:00-04:00
36.52000045776367;36.84999847412109;36.4900016784668;36.84999847412109;2930;2020-06-30 10:30:00-04:00
36.875;36.93000030517578;36.68000030517578;36.70000076293945;4757;2020-06-30 11:30:00-04:00
36.630001068115234;36.63999938964844;36.20000076293945;36.2599983215332;10411;2020-06-30 12:30:00-04:00
36.25;36.290000915527344;36.04999923706055;36.18999862670898;7739;2020-06-30 13:30:00-04:00
36.220001220703125;36.40230178833008;36.130001068115234;36.34999847412109;10168;2020-06-30 14:30:00-04:00
36.38999938964844;36.72999954223633;36.290000915527344;36.70000076293945;36658;2020-06-30 15:30:00-04:00
36.70000076293945;37.21500015258789;36.02000045776367;36.060001373291016;14774;2020-07-01 09:30:00-04:00
36.04999923706055;36.165000915527344;35.63999938964844;35.63999938964844;12303;2020-07-01 10:30:00-04:00
35.59000015258789;35.779998779296875;35.439998626708984;35.439998626708984;10672;2020-07-01 11:30:00-04:00
35.45000076293945;35.56999969482422;35.30500030517578;35.560001373291016;15199;2020-07-01 12:30:00-04:00
35.47999954223633;35.61000061035156;35.38999938964844;35.529998779296875;9359;2020-07-01 13:30:00-04:00
35.540000915527344;35.720001220703125;35.47999954223633;35.65999984741211;12817;2020-07-01 14:30:00-04:00
35.64500045776367;35.7400016784668;35.58000183105469;35.59000015258789;19299;2020-07-01 15:30:00-04:00
36.25;36.77000045776367;36.08000183105469;36.130001068115234;8174;2020-07-02 09:30:00-04:00
35.939998626708984;36.06999969482422;35.599998474121094;35.91999816894531;11465;2020-07-02 10:30:00-04:00
35.95000076293945;36.29499816894531;35.91999816894531;36.02999877929688;6028;2020-07-02 11:30:00-04:00
35.970001220703125;35.9900016784668;35.81999969482422;35.84000015258789;5832;2020-07-02 12:30:00-04:00
35.86000061035156;35.95000076293945;35.810001373291016;35.810001373291016;4727;2020-07-02 13:30:00-04:00
35.79999923706055;35.97999954223633;35.7400016784668;35.77000045776367;11284;2020-07-02 14:30:00-04:00
35.814998626708984;35.8849983215332;35.34000015258789;35.5;42178;2020-07-02 15:30:00-04:00
35.90999984741211;35.90999984741211;35.119998931884766;35.43000030517578;7637;2020-07-06 09:30:00-04:00
35.439998626708984;35.709999084472656;35.43000030517578;35.60499954223633;11757;2020-07-06 10:30:00-04:00
35.560001373291016;35.630001068115234;35.189998626708984;35.380001068115234;8527;2020-07-06 11:30:00-04:00
35.369998931884766;35.380001068115234;35.209999084472656;35.375;8579;2020-07-06 12:30:00-04:00
35.470001220703125;35.939998626708984;35.421199798583984;35.75;11279;2020-07-06 13:30:00-04:00
35.779998779296875;35.88999938964844;35.68000030517578;35.70000076293945;7780;2020-07-06 14:30:00-04:00
35.73500061035156;36.02999877929688;35.72999954223633;35.95000076293945;15631;2020-07-06 15:30:00-04:00
35.84000015258789;35.84000015258789;34.92729949951172;35.52009963989258;7844;2020-07-07 09:30:00-04:00
35.630001068115234;35.63999938964844;35.209999084472656;35.369998931884766;5965;2020-07-07 10:30:00-04:00
35.529998779296875;35.63999938964844;35.2400016784668;35.37009811401367;6246;2020-07-07 11:30:00-04:00
35.41999816894531;35.439998626708984;35.20000076293945;35.27000045776367;5220;2020-07-07 12:30:00-04:00
35.31999969482422;35.54999923706055;35.20009994506836;35.22999954223633;5456;2020-07-07 13:30:00-04:00
35.209999084472656;35.43000030517578;35.150001525878906;35.43000030517578;6068;2020-07-07 14:30:00-04:00
35.41999816894531;35.45000076293945;35.22999954223633;35.279998779296875;13527;2020-07-07 15:30:00-04:00
35.34000015258789;35.68000030517578;35.13999938964844;35.13999938964844;5083;2020-07-08 09:30:00-04:00
35.165000915527344;35.165000915527344;34.345001220703125;34.599998474121094;8398;2020-07-08 10:30:00-04:00
34.779998779296875;34.9900016784668;34.66999816894531;34.79999923706055;4628;2020-07-08 11:30:00-04:00
34.869998931884766;35.02000045776367;34.779998779296875;34.97999954223633;9046;2020-07-08 12:30:00-04:00
35.060001373291016;35.099998474121094;34.9900016784668;34.9900016784668;3421;2020-07-08 13:30:00-04:00
35.0;35.119998931884766;34.970001220703125;35.04999923706055;12276;2020-07-08 14:30:00-04:00
35.04999923706055;35.04999923706055;34.939998626708984;35.04999923706055;16853;2020-07-08 15:30:00-04:00
35.02000045776367;35.02000045776367;33.66999816894531;33.79999923706055;12870;2020-07-09 09:30:00-04:00
33.80569839477539;33.80569839477539;32.849998474121094;33.0;11316;2020-07-09 10:30:00-04:00
33.040000915527344;33.45000076293945;32.790000915527344;33.40999984741211;8999;2020-07-09 11:30:00-04:00
33.43000030517578;33.900001525878906;33.400001525878906;33.63999938964844;7141;2020-07-09 12:30:00-04:00
33.650001525878906;33.709999084472656;33.4900016784668;33.599998474121094;8970;2020-07-09 13:30:00-04:00
33.61000061035156;33.650001525878906;33.349998474121094;33.36000061035156;12680;2020-07-09 14:30:00-04:00
33.31999969482422;33.400001525878906;33.119998931884766;33.29999923706055;25036;2020-07-09 15:30:00-04:00
33.529998779296875;33.75;33.35200119018555;33.650001525878906;5587;2020-07-10 09:30:00-04:00
33.65999984741211;34.13999938964844;33.65999984741211;34.06999969482422;7222;2020-07-10 10:30:00-04:00
34.06999969482422;34.54999923706055;34.06999969482422;34.34000015258789;9300;2020-07-10 11:30:00-04:00
34.349998474121094;34.380001068115234;34.2400016784668;34.380001068115234;4497;2020-07-10 12:30:00-04:00
34.38999938964844;34.41999816894531;34.165000915527344;34.165000915527344;5550;2020-07-10 13:30:00-04:00
34.15999984741211;34.5099983215332;34.15999984741211;34.47999954223633;16663;2020-07-10 14:30:00-04:00
34.470001220703125;34.689998626708984;34.400001525878906;34.65999984741211;11899;2020-07-10 15:30:00-04:00
34.5099983215332;34.72999954223633;34.08000183105469;34.41999816894531;11961;2020-07-13 09:30:00-04:00
34.48500061035156;34.48500061035156;34.22999954223633;34.439998626708984;4235;2020-07-13 10:30:00-04:00
34.41999816894531;34.45000076293945;34.29999923706055;34.310001373291016;5289;2020-07-13 11:30:00-04:00
34.38999938964844;35.16999816894531;34.349998474121094;34.959999084472656;8124;2020-07-13 12:30:00-04:00
34.9900016784668;35.310001373291016;34.939998626708984;35.27000045776367;12692;2020-07-13 13:30:00-04:00
35.27000045776367;35.33000183105469;35.0;35.09000015258789;14146;2020-07-13 14:30:00-04:00
35.095001220703125;35.33000183105469;34.84000015258789;35.33000183105469;36457;2020-07-13 15:30:00-04:00
35.41999816894531;35.90999984741211;35.0;35.900001525878906;7989;2020-07-14 09:30:00-04:00
35.95000076293945;36.70500183105469;35.95000076293945;36.25;11451;2020-07-14 10:30:00-04:00
36.18000030517578;36.33000183105469;35.79499816894531;35.849998474121094;8601;2020-07-14 11:30:00-04:00
35.72999954223633;35.79999923706055;35.619998931884766;35.67499923706055;2672;2020-07-14 12:30:00-04:00
35.709999084472656;35.900001525878906;35.6349983215332;35.68000030517578;7725;2020-07-14 13:30:00-04:00
35.599998474121094;35.61000061035156;35.290000915527344;35.36000061035156;12566;2020-07-14 14:30:00-04:00
35.380001068115234;35.77000045776367;35.369998931884766;35.689998626708984;17284;2020-07-14 15:30:00-04:00
36.36000061035156;37.16999816894531;36.33000183105469;37.16999816894531;11844;2020-07-15 09:30:00-04:00
37.29999923706055;37.41999816894531;36.61000061035156;36.70000076293945;14021;2020-07-15 10:30:00-04:00
36.66999816894531;36.810001373291016;36.380001068115234;36.59999847412109;5527;2020-07-15 11:30:00-04:00
36.560001373291016;37.0;36.52999877929688;36.77999877929688;6779;2020-07-15 12:30:00-04:00
36.790000915527344;36.79999923706055;36.52999877929688;36.720001220703125;7453;2020-07-15 13:30:00-04:00
36.70000076293945;36.720001220703125;36.33000183105469;36.380001068115234;6935;2020-07-15 14:30:00-04:00
36.369998931884766;36.560001373291016;36.31999969482422;36.369998931884766;14288;2020-07-15 15:30:00-04:00
37.369998931884766;37.369998931884766;36.880001068115234;37.25;0;2020-07-16 09:30:00-04:00
37.40999984741211;38.27999877929688;37.40999984741211;37.84999847412109;20258;2020-07-16 10:30:00-04:00
37.900001525878906;38.09999847412109;37.790000915527344;38.09999847412109;10665;2020-07-16 11:30:00-04:00
38.02999877929688;38.02999877929688;37.79999923706055;37.93999862670898;7499;2020-07-16 12:30:00-04:00
37.88999938964844;37.95140075683594;37.77000045776367;37.900001525878906;10410;2020-07-16 13:30:00-04:00
37.869998931884766;38.040000915527344;37.84999847412109;37.97999954223633;18011;2020-07-16 14:30:00-04:00
37.93999862670898;38.09000015258789;37.93999862670898;38.09000015258789;20187;2020-07-16 15:30:00-04:00
37.790000915527344;38.400001525878906;37.790000915527344;38.040000915527344;12429;2020-07-17 09:30:00-04:00
38.027000427246094;38.400001525878906;37.9900016784668;38.22999954223633;8212;2020-07-17 10:30:00-04:00
38.20719909667969;38.4900016784668;38.18999862670898;38.4900016784668;23189;2020-07-17 11:30:00-04:00
38.48989868164063;38.4900016784668;38.41999816894531;38.47999954223633;5407;2020-07-17 12:30:00-04:00
38.43000030517578;38.560001373291016;38.400001525878906;38.560001373291016;8855;2020-07-17 13:30:00-04:00
38.5099983215332;38.540000915527344;38.400001525878906;38.52999877929688;10223;2020-07-17 14:30:00-04:00
38.5099983215332;38.68999862670898;38.5099983215332;38.56999969482422;16697;2020-07-17 15:30:00-04:00
38.630001068115234;38.630001068115234;37.68000030517578;37.79999923706055;0;2020-07-20 09:30:00-04:00
37.77999877929688;38.290000915527344;37.77999877929688;38.290000915527344;5882;2020-07-20 10:30:00-04:00
38.30989837646485;38.34000015258789;37.84999847412109;37.84999847412109;6208;2020-07-20 11:30:00-04:00
37.86000061035156;37.86000061035156;37.56999969482422;37.755001068115234;4817;2020-07-20 12:30:00-04:00
37.7599983215332;37.88999938964844;37.7599983215332;37.810001373291016;4430;2020-07-20 13:30:00-04:00
37.810001373291016;37.810001373291016;37.16999816894531;37.16999816894531;8930;2020-07-20 14:30:00-04:00
37.2400016784668;37.88999938964844;37.2400016784668;37.36000061035156;12705;2020-07-20 15:30:00-04:00
37.91999816894531;38.880001068115234;37.5099983215332;38.5099983215332;0;2020-07-21 09:30:00-04:00
38.47999954223633;39.43999862670898;38.31999969482422;39.209999084472656;11138;2020-07-21 10:30:00-04:00
38.83000183105469;38.869998931884766;38.43000030517578;38.81999969482422;10957;2020-07-21 11:30:00-04:00
38.834999084472656;38.959999084472656;38.75;38.935001373291016;9672;2020-07-21 12:30:00-04:00
38.959999084472656;38.959999084472656;38.75;38.81499862670898;9220;2020-07-21 13:30:00-04:00
38.75;38.900001525878906;38.52000045776367;38.900001525878906;19891;2020-07-21 14:30:00-04:00
38.90999984741211;38.93000030517578;38.61000061035156;38.810001373291016;25665;2020-07-21 15:30:00-04:00
39.0;39.459999084472656;39.0;39.18000030517578;0;2020-07-22 09:30:00-04:00
39.18000030517578;39.25;39.150001525878906;39.18000030517578;17611;2020-07-22 10:30:00-04:00
39.209999084472656;39.28900146484375;38.90999984741211;38.90999984741211;10683;2020-07-22 11:30:00-04:00
39.02000045776367;39.130001068115234;39.0;39.130001068115234;10227;2020-07-22 12:30:00-04:00
39.09999847412109;39.150001525878906;39.060001373291016;39.09999847412109;14894;2020-07-22 13:30:00-04:00
39.09000015258789;39.119998931884766;38.70000076293945;38.70000076293945;9122;2020-07-22 14:30:00-04:00
38.68000030517578;38.709999084472656;38.54999923706055;38.54999923706055;14019;2020-07-22 15:30:00-04:00
38.6349983215332;38.91999816894531;38.13999938964844;38.310001373291016;0;2020-07-23 09:30:00-04:00
38.119998931884766;38.119998931884766;37.84999847412109;38.02000045776367;3377;2020-07-23 10:30:00-04:00
38.04999923706055;38.31999969482422;38.02999877929688;38.31999969482422;2502;2020-07-23 11:30:00-04:00
38.31999969482422;38.36000061035156;38.220001220703125;38.220001220703125;3955;2020-07-23 12:30:00-04:00
38.185001373291016;38.185001373291016;37.61000061035156;37.709999084472656;2872;2020-07-23 13:30:00-04:00
37.69089889526367;37.93000030517578;37.59999847412109;37.93000030517578;6857;2020-07-23 14:30:00-04:00
38.02999877929688;38.36000061035156;38.0099983215332;38.310001373291016;10381;2020-07-23 15:30:00-04:00
38.2599983215332;38.720001220703125;38.16999816894531;38.56999969482422;4495;2020-07-24 09:30:00-04:00
38.43000030517578;38.81999969482422;38.43000030517578;38.650001525878906;4589;2020-07-24 10:30:00-04:00
38.470001220703125;38.61000061035156;38.310001373291016;38.61000061035156;5955;2020-07-24 11:30:00-04:00
38.7400016784668;38.83000183105469;38.584999084472656;38.81999969482422;11285;2020-07-24 12:30:00-04:00
38.834999084472656;39.040000915527344;38.79999923706055;38.83000183105469;10998;2020-07-24 13:30:00-04:00
38.83000183105469;38.95500183105469;38.79999923706055;38.94499969482422;14320;2020-07-24 14:30:00-04:00
38.900001525878906;38.92499923706055;38.78499984741211;38.880001068115234;27246;2020-07-24 15:30:00-04:00
38.63999938964844;39.43999862670898;38.5099983215332;39.02999877929688;15395;2020-07-27 09:30:00-04:00
38.970001220703125;39.130001068115234;38.96500015258789;39.02000045776367;8195;2020-07-27 10:30:00-04:00
38.75;38.75;38.25;38.29999923706055;7948;2020-07-27 11:30:00-04:00
38.29999923706055;38.29999923706055;38.0099983215332;38.165000915527344;2058;2020-07-27 12:30:00-04:00
38.22999954223633;38.310001373291016;37.72999954223633;37.72999954223633;4486;2020-07-27 13:30:00-04:00
37.83000183105469;38.13999938964844;37.83000183105469;37.93000030517578;4258;2020-07-27 14:30:00-04:00
37.90999984741211;38.04999923706055;37.810001373291016;38.0099983215332;17120;2020-07-27 15:30:00-04:00
37.959999084472656;38.709999084472656;37.959999084472656;38.34000015258789;7309;2020-07-28 09:30:00-04:00
38.34000015258789;38.50619888305664;38.209999084472656;38.29999923706055;3641;2020-07-28 10:30:00-04:00
38.310001373291016;38.41999816894531;38.220001220703125;38.34000015258789;4218;2020-07-28 11:30:00-04:00
38.2400016784668;38.33000183105469;38.220001220703125;38.31499862670898;3533;2020-07-28 12:30:00-04:00
38.29999923706055;38.68000030517578;38.290000915527344;38.68000030517578;3272;2020-07-28 13:30:00-04:00
38.630001068115234;38.63010025024414;37.95000076293945;38.040000915527344;11204;2020-07-28 14:30:00-04:00
38.02999877929688;38.20000076293945;37.97999954223633;38.04999923706055;11862;2020-07-28 15:30:00-04:00
38.69340133666992;39.02000045776367;38.58000183105469;38.869998931884766;11007;2020-07-29 09:30:00-04:00
38.72999954223633;38.93999862670898;38.44499969482422;38.93999862670898;10010;2020-07-29 10:30:00-04:00
38.959999084472656;39.084999084472656;38.77999877929688;39.084999084472656;6647;2020-07-29 11:30:00-04:00
39.09000015258789;39.09999847412109;38.70550155639648;38.70550155639648;6560;2020-07-29 12:30:00-04:00
38.68999862670898;38.7599983215332;38.470001220703125;38.66999816894531;9714;2020-07-29 13:30:00-04:00
38.70000076293945;38.75;38.18000030517578;38.70000076293945;15362;2020-07-29 14:30:00-04:00
38.70000076293945;38.97499847412109;38.70000076293945;38.84000015258789;17300;2020-07-29 15:30:00-04:00
37.790000915527344;38.0;36.11000061035156;37.59000015258789;39432;2020-07-30 09:30:00-04:00
37.68000030517578;37.84000015258789;35.900001525878906;36.34999847412109;19670;2020-07-30 10:30:00-04:00
36.310001373291016;36.5;35.79999923706055;36.369998931884766;22671;2020-07-30 11:30:00-04:00
36.33000183105469;36.68000030517578;36.33000183105469;36.34999847412109;39741;2020-07-30 12:30:00-04:00
36.43000030517578;36.650001525878906;36.18999862670898;36.43999862670898;27181;2020-07-30 13:30:00-04:00
36.380001068115234;36.54999923706055;36.150001525878906;36.4900016784668;27318;2020-07-30 14:30:00-04:00
36.5;36.52999877929688;36.34999847412109;36.49990081787109;33347;2020-07-30 15:30:00-04:00
36.060001373291016;36.560001373291016;35.81999969482422;35.83689880371094;0;2020-07-31 09:30:00-04:00
35.7599983215332;36.10499954223633;35.54999923706055;36.10499954223633;9570;2020-07-31 10:30:00-04:00
36.040000915527344;36.040000915527344;35.650001525878906;35.79999923706055;8451;2020-07-31 11:30:00-04:00
35.790000915527344;36.11000061035156;35.7599983215332;36.11000061035156;5249;2020-07-31 12:30:00-04:00
36.13999938964844;36.560001373291016;36.13999938964844;36.27999877929688;6256;2020-07-31 13:30:00-04:00
36.290000915527344;36.290000915527344;35.974998474121094;36.06999969482422;9443;2020-07-31 14:30:00-04:00
36.08000183105469;36.27000045776367;36.08000183105469;36.27000045776367;15623;2020-07-31 15:30:00-04:00
35.79999923706055;35.79999923706055;35.11000061035156;35.20000076293945;17895;2020-08-03 09:30:00-04:00
35.20000076293945;35.20000076293945;35.040000915527344;35.119998931884766;25549;2020-08-03 10:30:00-04:00
35.18000030517578;35.5;35.18000030517578;35.2400016784668;11578;2020-08-03 11:30:00-04:00
35.25;35.34000015258789;35.06999969482422;35.16999816894531;11083;2020-08-03 12:30:00-04:00
35.21500015258789;35.310001373291016;35.150001525878906;35.22999954223633;13447;2020-08-03 13:30:00-04:00
35.23500061035156;35.87070083618164;35.23500061035156;35.79999923706055;19265;2020-08-03 14:30:00-04:00
35.834999084472656;35.90999984741211;35.779998779296875;35.869998931884766;36731;2020-08-03 15:30:00-04:00
35.779998779296875;36.119998931884766;35.27000045776367;35.84000015258789;0;2020-08-04 09:30:00-04:00
35.834999084472656;36.345001220703125;35.7599983215332;36.345001220703125;12904;2020-08-04 10:30:00-04:00
36.275001525878906;36.66999816894531;36.209999084472656;36.52000045776367;12891;2020-08-04 11:30:00-04:00
36.4900016784668;36.55199813842773;36.310001373291016;36.334999084472656;6782;2020-08-04 12:30:00-04:00
36.130001068115234;36.209999084472656;35.900001525878906;36.09999847412109;14943;2020-08-04 13:30:00-04:00
36.13999938964844;36.209999084472656;36.08000183105469;36.18000030517578;18593;2020-08-04 14:30:00-04:00
36.165000915527344;36.27999877929688;36.119998931884766;36.220001220703125;25881;2020-08-04 15:30:00-04:00
35.904998779296875;36.2400016784668;35.689998626708984;35.869998931884766;0;2020-08-05 09:30:00-04:00
35.869998931884766;36.02999877929688;35.755001068115234;35.755001068115234;12469;2020-08-05 10:30:00-04:00
35.66999816894531;35.71500015258789;35.08000183105469;35.11000061035156;15043;2020-08-05 11:30:00-04:00
35.09000015258789;35.119998931884766;34.880001068115234;35.095001220703125;12580;2020-08-05 12:30:00-04:00
35.09000015258789;35.09000015258789;34.90999984741211;34.939998626708984;6536;2020-08-05 13:30:00-04:00
34.90999984741211;34.90999984741211;34.70000076293945;34.790000915527344;12230;2020-08-05 14:30:00-04:00
34.86000061035156;34.86000061035156;34.45000076293945;34.56999969482422;30695;2020-08-05 15:30:00-04:00
34.68000030517578;36.02999877929688;34.43000030517578;35.88999938964844;19498;2020-08-06 09:30:00-04:00
35.8650016784668;35.900001525878906;35.099998474121094;35.54999923706055;19536;2020-08-06 10:30:00-04:00
35.470001220703125;35.790000915527344;35.470001220703125;35.709999084472656;9636;2020-08-06 11:30:00-04:00
35.66999816894531;35.689998626708984;35.38999938964844;35.439998626708984;11965;2020-08-06 12:30:00-04:00
35.439998626708984;35.63999938964844;35.380001068115234;35.58000183105469;9589;2020-08-06 13:30:00-04:00
35.54999923706055;35.75;35.380001068115234;35.560001373291016;11869;2020-08-06 14:30:00-04:00
35.56999969482422;35.56999969482422;35.20000076293945;35.27000045776367;22928;2020-08-06 15:30:00-04:00
35.16999816894531;35.43000030517578;34.97999954223633;35.2599983215332;0;2020-08-07 09:30:00-04:00
35.25;35.40999984741211;35.04999923706055;35.07500076293945;4986;2020-08-07 10:30:00-04:00
35.0;35.0;34.77000045776367;34.91999816894531;4957;2020-08-07 11:30:00-04:00
34.970001220703125;35.20000076293945;34.970001220703125;35.20000076293945;3924;2020-08-07 12:30:00-04:00
35.2400016784668;35.2599983215332;34.869998931884766;34.904998779296875;6717;2020-08-07 13:30:00-04:00
34.93000030517578;35.27000045776367;34.93000030517578;35.22999954223633;5789;2020-08-07 14:30:00-04:00
35.25;35.540000915527344;35.15999984741211;35.38999938964844;13682;2020-08-07 15:30:00-04:00
35.43000030517578;36.2411003112793;35.16999816894531;36.2400016784668;0;2020-08-10 09:30:00-04:00
36.08000183105469;36.119998931884766;35.869998931884766;36.06999969482422;5601;2020-08-10 10:30:00-04:00
36.0099983215332;36.06990051269531;35.779998779296875;35.94499969482422;3481;2020-08-10 11:30:00-04:00
35.939998626708984;36.0099983215332;35.869998931884766;35.869998931884766;5570;2020-08-10 12:30:00-04:00
35.93000030517578;36.11000061035156;35.91999816894531;36.11000061035156;5269;2020-08-10 13:30:00-04:00
36.16999816894531;36.40999984741211;36.130001068115234;36.40999984741211;8240;2020-08-10 14:30:00-04:00
36.41999816894531;36.41999816894531;36.119998931884766;36.22999954223633;12516;2020-08-10 15:30:00-04:00
36.34000015258789;37.0099983215332;36.34000015258789;36.58000183105469;0;2020-08-11 09:30:00-04:00
36.54999923706055;36.72999954223633;36.369998931884766;36.71960067749024;5514;2020-08-11 10:30:00-04:00
36.77000045776367;36.86000061035156;36.59000015258789;36.650001525878906;3553;2020-08-11 11:30:00-04:00
36.59999847412109;36.9900016784668;36.560001373291016;36.970001220703125;6489;2020-08-11 12:30:00-04:00
36.93000030517578;36.970001220703125;36.72499847412109;36.810001373291016;3951;2020-08-11 13:30:00-04:00
36.91999816894531;36.91999816894531;36.65999984741211;36.72999954223633;6779;2020-08-11 14:30:00-04:00
36.65999984741211;36.68999862670898;36.2400016784668;36.5;18865;2020-08-11 15:30:00-04:00
36.81999969482422;37.02999877929688;36.59999847412109;36.970001220703125;0;2020-08-12 09:30:00-04:00
36.93000030517578;36.95000076293945;36.47999954223633;36.52000045776367;5557;2020-08-12 10:30:00-04:00
36.630001068115234;36.77999877929688;36.59999847412109;36.709999084472656;3026;2020-08-12 11:30:00-04:00
36.5099983215332;36.68000030517578;36.47499847412109;36.48500061035156;3950;2020-08-12 12:30:00-04:00
36.560001373291016;36.869998931884766;36.560001373291016;36.810001373291016;7370;2020-08-12 13:30:00-04:00
36.83000183105469;36.84000015258789;36.625;36.68999862670898;6834;2020-08-12 14:30:00-04:00
36.630001068115234;36.7400016784668;36.56999969482422;36.68000030517578;17479;2020-08-12 15:30:00-04:00
36.59000015258789;36.97999954223633;36.17729949951172;36.97999954223633;0;2020-08-13 09:30:00-04:00
36.959999084472656;36.959999084472656;36.56999969482422;36.56999969482422;3885;2020-08-13 10:30:00-04:00
36.604000091552734;36.93999862670898;36.58000183105469;36.720001220703125;3672;2020-08-13 11:30:00-04:00
36.70000076293945;36.83000183105469;36.70000076293945;36.83000183105469;3047;2020-08-13 12:30:00-04:00
36.77999877929688;36.81999969482422;36.68999862670898;36.68999862670898;2760;2020-08-13 13:30:00-04:00
36.70500183105469;36.720001220703125;36.5;36.720001220703125;5301;2020-08-13 14:30:00-04:00
36.68999862670898;36.720001220703125;36.540000915527344;36.709999084472656;10603;2020-08-13 15:30:00-04:00
36.52999877929688;37.09000015258789;36.52999877929688;36.9900016784668;0;2020-08-14 09:30:00-04:00
37.02000045776367;37.22999954223633;36.95500183105469;37.22999954223633;4587;2020-08-14 10:30:00-04:00
37.27000045776367;37.27000045776367;36.88999938964844;36.88999938964844;7249;2020-08-14 11:30:00-04:00
36.93000030517578;36.93000030517578;36.57500076293945;36.65999984741211;3365;2020-08-14 12:30:00-04:00
36.619998931884766;36.68000030517578;36.5099983215332;36.5099983215332;7000;2020-08-14 13:30:00-04:00
36.5099983215332;36.5099983215332;36.43999862670898;36.45000076293945;3717;2020-08-14 14:30:00-04:00
36.400001525878906;36.4900016784668;36.27999877929688;36.41999816894531;11971;2020-08-14 15:30:00-04:00
36.56999969482422;36.88999938964844;36.47999954223633;36.650001525878906;3329;2020-08-17 09:30:00-04:00
36.63999938964844;36.869998931884766;36.56999969482422;36.869998931884766;4066;2020-08-17 10:30:00-04:00
36.93000030517578;37.0;36.650001525878906;36.650001525878906;2852;2020-08-17 11:30:00-04:00
36.70500183105469;36.84999847412109;36.66999816894531;36.84000015258789;3577;2020-08-17 12:30:00-04:00
36.81999969482422;36.97999954223633;36.775001525878906;36.97999954223633;4530;2020-08-17 13:30:00-04:00
36.95000076293945;37.060001373291016;36.869998931884766;37.060001373291016;4519;2020-08-17 14:30:00-04:00
37.0099983215332;37.02999877929688;36.88999938964844;36.95000076293945;14989;2020-08-17 15:30:00-04:00
37.16999816894531;37.25;36.53499984741211;36.53499984741211;0;2020-08-18 09:30:00-04:00
36.51250076293945;36.81499862670898;36.5099983215332;36.80500030517578;4218;2020-08-18 10:30:00-04:00
36.75;36.86000061035156;36.65999984741211;36.66999816894531;4923;2020-08-18 11:30:00-04:00
36.72999954223633;36.880001068115234;36.72999954223633;36.84000015258789;2471;2020-08-18 12:30:00-04:00
36.810001373291016;36.84999847412109;36.79999923706055;36.79999923706055;2186;2020-08-18 13:30:00-04:00
36.76499938964844;36.83000183105469;36.66999816894531;36.810001373291016;5049;2020-08-18 14:30:00-04:00
36.7599983215332;37.08000183105469;36.7599983215332;37.08000183105469;17785;2020-08-18 15:30:00-04:00
37.2400016784668;37.2599983215332;37.08150100708008;37.112701416015625;0;2020-08-19 09:30:00-04:00
36.84999847412109;37.42839813232422;36.81999969482422;37.34999847412109;8458;2020-08-19 10:30:00-04:00
37.43999862670898;37.43999862670898;37.150001525878906;37.220001220703125;6656;2020-08-19 11:30:00-04:00
37.2400016784668;37.2599983215332;37.1150016784668;37.165000915527344;4452;2020-08-19 12:30:00-04:00
37.15250015258789;37.470001220703125;37.13999938964844;37.470001220703125;10473;2020-08-19 13:30:00-04:00
37.459999084472656;37.65999984741211;37.43000030517578;37.4900016784668;13621;2020-08-19 14:30:00-04:00
37.540000915527344;37.54999923706055;37.119998931884766;37.27000045776367;13604;2020-08-19 15:30:00-04:00
37.08000183105469;37.08000183105469;36.70000076293945;36.869998931884766;0;2020-08-20 09:30:00-04:00
36.91999816894531;37.13999938964844;36.88999938964844;37.06999969482422;5004;2020-08-20 10:30:00-04:00
37.08000183105469;37.15999984741211;36.52999877929688;36.59999847412109;5858;2020-08-20 11:30:00-04:00
36.540000915527344;36.540000915527344;36.36000061035156;36.36000061035156;3976;2020-08-20 12:30:00-04:00
36.415000915527344;36.41999816894531;36.22999954223633;36.290000915527344;3437;2020-08-20 13:30:00-04:00
36.290000915527344;36.290000915527344;35.97999954223633;35.9900016784668;6402;2020-08-20 14:30:00-04:00
36.040000915527344;36.08000183105469;35.9900016784668;36.0099983215332;17080;2020-08-20 15:30:00-04:00
36.06999969482422;36.06999969482422;35.459999084472656;35.459999084472656;0;2020-08-21 09:30:00-04:00
35.400001525878906;35.81999969482422;35.22999954223633;35.7400016784668;6580;2020-08-21 10:30:00-04:00
35.7599983215332;35.83000183105469;35.70000076293945;35.70000076293945;4267;2020-08-21 11:30:00-04:00
35.709999084472656;35.81999969482422;35.650001525878906;35.7400016784668;3721;2020-08-21 12:30:00-04:00
35.7400016784668;35.810001373291016;35.70000076293945;35.70000076293945;2032;2020-08-21 13:30:00-04:00
35.619998931884766;35.63999938964844;35.43000030517578;35.43000030517578;2538;2020-08-21 14:30:00-04:00
35.45000076293945;35.61000061035156;35.45000076293945;35.560001373291016;9410;2020-08-21 15:30:00-04:00
35.959999084472656;35.959999084472656;35.44089889526367;35.68000030517578;0;2020-08-24 09:30:00-04:00
35.68000030517578;36.290000915527344;35.67499923706055;36.220001220703125;4529;2020-08-24 10:30:00-04:00
36.20500183105469;36.2599983215332;36.08000183105469;36.119998931884766;6277;2020-08-24 11:30:00-04:00
36.11000061035156;36.13999938964844;35.93000030517578;35.93000030517578;2713;2020-08-24 12:30:00-04:00
35.970001220703125;36.09000015258789;35.86000061035156;35.900001525878906;6256;2020-08-24 13:30:00-04:00
35.95000076293945;36.255001068115234;35.95000076293945;36.150001525878906;4942;2020-08-24 14:30:00-04:00
36.150001525878906;36.369998931884766;36.09000015258789;36.34000015258789;10357;2020-08-24 15:30:00-04:00
36.56999969482422;36.56999969482422;35.709999084472656;35.709999084472656;0;2020-08-25 09:30:00-04:00
35.59000015258789;35.7599983215332;35.45000076293945;35.47999954223633;6165;2020-08-25 10:30:00-04:00
35.53499984741211;36.060001373291016;35.53499984741211;36.060001373291016;8460;2020-08-25 11:30:00-04:00
36.13999938964844;36.14500045776367;35.81999969482422;35.88999938964844;3376;2020-08-25 12:30:00-04:00
35.869998931884766;35.915000915527344;35.75;35.7599983215332;3077;2020-08-25 13:30:00-04:00
35.7599983215332;35.81999969482422;35.2599983215332;35.599998474121094;9703;2020-08-25 14:30:00-04:00
35.599998474121094;35.619998931884766;35.52000045776367;35.560001373291016;13034;2020-08-25 15:30:00-04:00
35.68000030517578;36.279598236083984;35.400001525878906;35.58000183105469;0;2020-08-26 09:30:00-04:00
35.54999923706055;35.54999923706055;35.06999969482422;35.18000030517578;11132;2020-08-26 10:30:00-04:00
35.290000915527344;35.290000915527344;35.040000915527344;35.209999084472656;3423;2020-08-26 11:30:00-04:00
35.29999923706055;35.38999938964844;35.29999923706055;35.29999923706055;1664;2020-08-26 12:30:00-04:00
35.224998474121094;35.290000915527344;35.224998474121094;35.279998779296875;3677;2020-08-26 13:30:00-04:00
35.279998779296875;35.32500076293945;35.2400016784668;35.310001373291016;13441;2020-08-26 14:30:00-04:00
35.290000915527344;35.290000915527344;35.19499969482422;35.244998931884766;11944;2020-08-26 15:30:00-04:00
35.650001525878906;36.119998931884766;35.650001525878906;35.81999969482422;6006;2020-08-27 09:30:00-04:00
35.8650016784668;35.970001220703125;35.7599983215332;35.939998626708984;7232;2020-08-27 10:30:00-04:00
35.93000030517578;36.04999923706055;35.86000061035156;35.86000061035156;4575;2020-08-27 11:30:00-04:00
35.79999923706055;35.97999954223633;35.709999084472656;35.97999954223633;2520;2020-08-27 12:30:00-04:00
35.970001220703125;36.34999847412109;35.939998626708984;36.220001220703125;5551;2020-08-27 13:30:00-04:00
36.27999877929688;36.41999816894531;36.209999084472656;36.38999938964844;7299;2020-08-27 14:30:00-04:00
36.380001068115234;36.38999938964844;35.95000076293945;36.060001373291016;14192;2020-08-27 15:30:00-04:00
36.38999938964844;36.54999923706055;35.86000061035156;35.86000061035156;0;2020-08-28 09:30:00-04:00
36.0;36.0;35.880001068115234;36.0;3822;2020-08-28 10:30:00-04:00
35.88999938964844;35.970001220703125;35.790000915527344;35.790000915527344;4427;2020-08-28 11:30:00-04:00
35.83000183105469;35.84000015258789;35.79999923706055;35.79999923706055;2254;2020-08-28 12:30:00-04:00
35.75;35.75;35.68009948730469;35.73500061035156;1793;2020-08-28 13:30:00-04:00
35.810001373291016;36.02000045776367;35.779998779296875;36.02000045776367;6051;2020-08-28 14:30:00-04:00
36.02000045776367;36.369998931884766;36.02000045776367;36.2400016784668;13579;2020-08-28 15:30:00-04:00
36.15999984741211;36.41999816894531;35.880001068115234;36.369998931884766;0;2020-08-31 09:30:00-04:00
36.27999877929688;36.290000915527344;35.75;35.810001373291016;6122;2020-08-31 10:30:00-04:00
35.66999816894531;35.86000061035156;35.505001068115234;35.505001068115234;4005;2020-08-31 11:30:00-04:00
35.46500015258789;35.69990158081055;35.418701171875;35.625;5647;2020-08-31 12:30:00-04:00
35.63999938964844;35.84000015258789;35.58000183105469;35.82500076293945;5508;2020-08-31 13:30:00-04:00
35.849998474121094;35.900001525878906;35.709999084472656;35.790000915527344;6166;2020-08-31 14:30:00-04:00
35.7599983215332;35.7599983215332;35.54999923706055;35.54999923706055;15152;2020-08-31 15:30:00-04:00
35.439998626708984;36.27999877929688;35.29999923706055;36.130001068115234;22423;2020-09-01 09:30:00-04:00
36.220001220703125;36.54999923706055;36.0;36.0;9800;2020-09-01 10:30:00-04:00
36.01499938964844;36.435001373291016;35.970001220703125;36.400001525878906;11304;2020-09-01 11:30:00-04:00
36.39500045776367;36.59000015258789;36.39250183105469;36.55500030517578;9795;2020-09-01 12:30:00-04:00
36.540000915527344;36.81999969482422;36.52000045776367;36.75;12710;2020-09-01 13:30:00-04:00
36.72999954223633;36.83000183105469;36.500099182128906;36.650001525878906;14645;2020-09-01 14:30:00-04:00
36.595001220703125;36.84999847412109;36.4900016784668;36.630001068115234;29186;2020-09-01 15:30:00-04:00
36.86000061035156;37.41999816894531;36.709999084472656;37.3650016784668;0;2020-09-02 09:30:00-04:00
37.459999084472656;38.9900016784668;37.41999816894531;38.2400016784668;38859;2020-09-02 10:30:00-04:00
38.25;38.310001373291016;37.81800079345703;38.119998931884766;32554;2020-09-02 11:30:00-04:00
38.1619987487793;38.255001068115234;37.56999969482422;37.91999816894531;42403;2020-09-02 12:30:00-04:00
37.97999954223633;37.97999954223633;37.70000076293945;37.869998931884766;16236;2020-09-02 13:30:00-04:00
37.84999847412109;38.275001525878906;37.84999847412109;38.07500076293945;23975;2020-09-02 14:30:00-04:00
38.150001525878906;38.75;38.119998931884766;38.59999847412109;58623;2020-09-02 15:30:00-04:00
38.58000183105469;38.68000030517578;38.08000183105469;38.560001373291016;10511;2020-09-03 09:30:00-04:00
38.52999877929688;38.9900016784668;38.41999816894531;38.72499847412109;16329;2020-09-03 10:30:00-04:00
38.77000045776367;39.15999984741211;38.66999816894531;39.13999938964844;19585;2020-09-03 11:30:00-04:00
39.119998931884766;40.09000015258789;39.09749984741211;40.09000015258789;22009;2020-09-03 12:30:00-04:00
40.09000015258789;40.16999816894531;39.56999969482422;39.70000076293945;42941;2020-09-03 13:30:00-04:00
39.720001220703125;39.91999816894531;39.5;39.880001068115234;34677;2020-09-03 14:30:00-04:00
39.95000076293945;40.709999084472656;39.84999847412109;40.38999938964844;60277;2020-09-03 15:30:00-04:00
40.54999923706055;41.209999084472656;40.150001525878906;40.93999862670898;0;2020-09-04 09:30:00-04:00
41.02000045776367;42.09999847412109;40.7400016784668;41.80970001220703;42855;2020-09-04 10:30:00-04:00
41.78499984741211;42.18999862670898;41.70000076293945;42.04499816894531;35865;2020-09-04 11:30:00-04:00
42.04499816894531;42.09999847412109;41.18999862670898;41.47999954223633;25618;2020-09-04 12:30:00-04:00
41.52000045776367;41.685001373291016;40.7599983215332;41.0099983215332;31116;2020-09-04 13:30:00-04:00
41.0;41.16999816894531;40.69179916381836;40.95000076293945;24462;2020-09-04 14:30:00-04:00
40.869998931884766;41.04999923706055;40.720001220703125;40.7400016784668;44138;2020-09-04 15:30:00-04:00
40.5629997253418;40.5629997253418;38.93000030517578;39.77000045776367;0;2020-09-08 09:30:00-04:00
39.79999923706055;39.8849983215332;39.290000915527344;39.72999954223633;29870;2020-09-08 10:30:00-04:00
39.7400016784668;39.810001373291016;38.7400016784668;39.540000915527344;42025;2020-09-08 11:30:00-04:00
39.63999938964844;40.2599983215332;39.63999938964844;40.209999084472656;10427;2020-09-08 12:30:00-04:00
40.09000015258789;40.380001068115234;39.91120147705078;39.93000030517578;9471;2020-09-08 13:30:00-04:00
39.9900016784668;39.9900016784668;39.61000061035156;39.68999862670898;14296;2020-09-08 14:30:00-04:00
39.83000183105469;39.93000030517578;39.43999862670898;39.59999847412109;20174;2020-09-08 15:30:00-04:00
39.93000030517578;39.93000030517578;38.77999877929688;38.77999877929688;0;2020-09-09 09:30:00-04:00
38.880001068115234;38.880001068115234;38.09999847412109;38.77999877929688;10710;2020-09-09 10:30:00-04:00
38.880001068115234;39.2599983215332;38.720001220703125;39.2599983215332;10406;2020-09-09 11:30:00-04:00
39.2599983215332;39.41999816894531;39.16999816894531;39.16999816894531;11994;2020-09-09 12:30:00-04:00
39.19499969482422;39.540000915527344;39.150001525878906;39.25;13692;2020-09-09 13:30:00-04:00
39.25;39.66999816894531;39.25;39.63999938964844;14931;2020-09-09 14:30:00-04:00
39.619998931884766;39.65999984741211;39.47999954223633;39.650001525878906;27990;2020-09-09 15:30:00-04:00
39.290000915527344;39.7400016784668;38.97999954223633;39.22999954223633;6015;2020-09-10 09:30:00-04:00
39.36000061035156;39.4900016784668;39.08000183105469;39.11000061035156;11295;2020-09-10 10:30:00-04:00
39.150001525878906;39.150001525878906;38.755001068115234;38.83649826049805;5694;2020-09-10 11:30:00-04:00
38.91999816894531;38.93999862670898;38.81999969482422;38.84000015258789;6861;2020-09-10 12:30:00-04:00
38.900001525878906;39.34999847412109;38.81999969482422;38.97999954223633;16454;2020-09-10 13:30:00-04:00
38.900001525878906;39.33000183105469;38.900001525878906;39.16999816894531;10892;2020-09-10 14:30:00-04:00
39.09999847412109;39.45000076293945;39.08000183105469;39.34999847412109;28386;2020-09-10 15:30:00-04:00
39.29999923706055;39.29999923706055;38.540000915527344;38.86000061035156;0;2020-09-11 09:30:00-04:00
38.810001373291016;39.09999847412109;38.790000915527344;38.88999938964844;11747;2020-09-11 10:30:00-04:00
38.880001068115234;38.93999862670898;38.58000183105469;38.650001525878906;11793;2020-09-11 11:30:00-04:00
38.4900016784668;38.540000915527344;38.04999923706055;38.09000015258789;9333;2020-09-11 12:30:00-04:00
38.04999923706055;38.11000061035156;37.68999862670898;37.72999954223633;10685;2020-09-11 13:30:00-04:00
37.720001220703125;38.060001373291016;37.68999862670898;38.060001373291016;11871;2020-09-11 14:30:00-04:00
38.09000015258789;38.09999847412109;37.77999877929688;37.86000061035156;19657;2020-09-11 15:30:00-04:00
38.09999847412109;38.720001220703125;37.65359878540039;38.34000015258789;0;2020-09-14 09:30:00-04:00
38.380001068115234;38.505001068115234;38.06999969482422;38.400001525878906;18284;2020-09-14 10:30:00-04:00
38.38999938964844;38.43000030517578;38.0;38.43000030517578;12679;2020-09-14 11:30:00-04:00
38.38999938964844;38.5;38.2599983215332;38.2599983215332;15597;2020-09-14 12:30:00-04:00
38.27999877929688;38.45000076293945;38.27000045776367;38.400001525878906;10629;2020-09-14 13:30:00-04:00
38.400001525878906;38.70000076293945;38.400001525878906;38.540000915527344;19140;2020-09-14 14:30:00-04:00
38.59999847412109;38.970001220703125;38.540000915527344;38.72999954223633;30535;2020-09-14 15:30:00-04:00
39.02000045776367;39.16999816894531;38.470001220703125;38.65999984741211;24674;2020-09-15 09:30:00-04:00
38.75;39.34999847412109;38.75;39.310001373291016;45033;2020-09-15 10:30:00-04:00
39.31999969482422;39.52000045776367;39.04999923706055;39.369998931884766;11157;2020-09-15 11:30:00-04:00
39.35499954223633;39.380001068115234;39.09000015258789;39.380001068115234;8402;2020-09-15 12:30:00-04:00
39.43999862670898;39.47999954223633;39.08000183105469;39.13999938964844;7277;2020-09-15 13:30:00-04:00
39.209999084472656;39.4900016784668;39.16999816894531;39.40999984741211;17593;2020-09-15 14:30:00-04:00
39.415000915527344;39.83000183105469;39.369998931884766;39.7599983215332;34747;2020-09-15 15:30:00-04:00
40.04999923706055;40.33000183105469;39.29999923706055;40.33000183105469;23490;2020-09-16 09:30:00-04:00
40.290000915527344;40.459999084472656;39.9900016784668;40.380001068115234;8353;2020-09-16 10:30:00-04:00
40.375;40.560001373291016;40.33639907836914;40.43999862670898;5854;2020-09-16 11:30:00-04:00
40.47999954223633;40.630001068115234;40.43399810791016;40.54999923706055;11968;2020-09-16 12:30:00-04:00
40.560001373291016;41.09999847412109;40.47999954223633;40.959999084472656;10627;2020-09-16 13:30:00-04:00
40.959999084472656;41.02000045776367;40.34999847412109;40.34999847412109;13765;2020-09-16 14:30:00-04:00
40.2599983215332;40.2599983215332;39.91999816894531;40.04999923706055;17729;2020-09-16 15:30:00-04:00
39.7599983215332;40.43000030517578;39.400001525878906;40.0;5764;2020-09-17 09:30:00-04:00
39.97999954223633;40.130001068115234;39.665000915527344;40.04999923706055;4625;2020-09-17 10:30:00-04:00
40.05500030517578;40.05500030517578;39.4900016784668;39.66460037231445;8966;2020-09-17 11:30:00-04:00
39.77000045776367;39.900001525878906;39.7599983215332;39.83000183105469;4337;2020-09-17 12:30:00-04:00
39.790000915527344;40.005001068115234;39.77000045776367;40.005001068115234;7064;2020-09-17 13:30:00-04:00
39.90999984741211;39.91999816894531;39.4900016784668;39.4900016784668;9964;2020-09-17 14:30:00-04:00
39.5099983215332;40.02000045776367;39.5;39.810001373291016;20201;2020-09-17 15:30:00-04:00
40.22999954223633;40.22999954223633;39.310001373291016;39.72999954223633;0;2020-09-18 09:30:00-04:00
39.72999954223633;40.52000045776367;39.72999954223633;40.470001220703125;5112;2020-09-18 10:30:00-04:00
40.33000183105469;40.33000183105469;39.880001068115234;39.93000030517578;6844;2020-09-18 11:30:00-04:00
39.75;40.03499984741211;39.66999816894531;39.86000061035156;12095;2020-09-18 12:30:00-04:00
39.86000061035156;39.970001220703125;39.77349853515625;39.900001525878906;15528;2020-09-18 13:30:00-04:00
39.935001373291016;39.95000076293945;39.58000183105469;39.619998931884766;8606;2020-09-18 14:30:00-04:00
39.65999984741211;39.810001373291016;39.56999969482422;39.720001220703125;16761;2020-09-18 15:30:00-04:00
39.18000030517578;39.18999862670898;38.20000076293945;38.25;9759;2020-09-21 09:30:00-04:00
38.16999816894531;38.20000076293945;37.83000183105469;38.18999862670898;33226;2020-09-21 10:30:00-04:00
38.13999938964844;38.47999954223633;38.060001373291016;38.130001068115234;5472;2020-09-21 11:30:00-04:00
38.150001525878906;38.2400016784668;38.0;38.18000030517578;8973;2020-09-21 12:30:00-04:00
38.23500061035156;38.27999877929688;38.15999984741211;38.15999984741211;5424;2020-09-21 13:30:00-04:00
38.150001525878906;38.65999984741211;38.11000061035156;38.6150016784668;17364;2020-09-21 14:30:00-04:00
38.65999984741211;38.88999938964844;38.59000015258789;38.83000183105469;20278;2020-09-21 15:30:00-04:00
39.13999938964844;40.400001525878906;38.4375;40.060001373291016;0;2020-09-22 09:30:00-04:00
40.0;40.084999084472656;39.290000915527344;39.41999816894531;19430;2020-09-22 10:30:00-04:00
39.40999984741211;39.77999877929688;39.2400016784668;39.4900016784668;23466;2020-09-22 11:30:00-04:00
39.4900016784668;39.58000183105469;39.09000015258789;39.119998931884766;7205;2020-09-22 12:30:00-04:00
39.14500045776367;39.81999969482422;39.119998931884766;39.54999923706055;18013;2020-09-22 13:30:00-04:00
39.5099983215332;39.5099983215332;39.34000015258789;39.36000061035156;5996;2020-09-22 14:30:00-04:00
39.369998931884766;39.38999938964844;38.935001373291016;39.040000915527344;55488;2020-09-22 15:30:00-04:00
38.84999847412109;39.38999938964844;37.119998931884766;38.38999938964844;16870;2020-09-23 09:30:00-04:00
38.38999938964844;38.61140060424805;38.28499984741211;38.59000015258789;7102;2020-09-23 10:30:00-04:00
38.709999084472656;38.7400016784668;38.43000030517578;38.59000015258789;28669;2020-09-23 11:30:00-04:00
38.595001220703125;38.6150016784668;38.47999954223633;38.5099983215332;2528;2020-09-23 12:30:00-04:00
38.400001525878906;38.63999938964844;38.29999923706055;38.52000045776367;12581;2020-09-23 13:30:00-04:00
38.400001525878906;38.77999877929688;38.34999847412109;38.77999877929688;33411;2020-09-23 14:30:00-04:00
38.7599983215332;38.77999877929688;38.33000183105469;38.47999954223633;60308;2020-09-23 15:30:00-04:00
38.459999084472656;38.5;37.77999877929688;37.869998931884766;0;2020-09-24 09:30:00-04:00
37.83000183105469;38.17499923706055;37.83000183105469;38.09000015258789;10120;2020-09-24 10:30:00-04:00
38.150001525878906;38.77999877929688;38.110599517822266;38.720001220703125;5355;2020-09-24 11:30:00-04:00
38.77920150756836;39.220001220703125;38.7400016784668;39.209999084472656;9728;2020-09-24 12:30:00-04:00
39.290000915527344;39.29999923706055;38.369998931884766;38.560001373291016;36536;2020-09-24 13:30:00-04:00
38.619998931884766;38.68000030517578;38.41999816894531;38.45000076293945;12003;2020-09-24 14:30:00-04:00
38.41999816894531;38.61000061035156;38.310001373291016;38.400001525878906;23520;2020-09-24 15:30:00-04:00
38.0;38.0;37.22999954223633;37.88999938964844;0;2020-09-25 09:30:00-04:00
37.70000076293945;37.86000061035156;37.560001373291016;37.73500061035156;7984;2020-09-25 10:30:00-04:00
37.73749923706055;37.74250030517578;37.310001373291016;37.40999984741211;11106;2020-09-25 11:30:00-04:00
37.52999877929688;37.86000061035156;37.52999877929688;37.709999084472656;10109;2020-09-25 12:30:00-04:00
37.7400016784668;37.80500030517578;37.72999954223633;37.72999954223633;4481;2020-09-25 13:30:00-04:00
37.650001525878906;37.790000915527344;37.43000030517578;37.65250015258789;16563;2020-09-25 14:30:00-04:00
37.60499954223633;37.619998931884766;37.43999862670898;37.470001220703125;22766;2020-09-25 15:30:00-04:00
37.900001525878906;39.06999969482422;37.52000045776367;38.59000015258789;15242;2020-09-28 09:30:00-04:00
38.5;38.91999816894531;38.41999816894531;38.63999938964844;12386;2020-09-28 10:30:00-04:00
38.709999084472656;38.81999969482422;38.59999847412109;38.630001068115234;10165;2020-09-28 11:30:00-04:00
38.68999862670898;38.720001220703125;38.369998931884766;38.40999984741211;9040;2020-09-28 12:30:00-04:00
38.43000030517578;38.47999954223633;38.33000183105469;38.36000061035156;9594;2020-09-28 13:30:00-04:00
38.3849983215332;38.4900016784668;38.34000015258789;38.34000015258789;12029;2020-09-28 14:30:00-04:00
38.27999877929688;38.31999969482422;38.02000045776367;38.13999938964844;22430;2020-09-28 15:30:00-04:00
38.18999862670898;39.18000030517578;37.97999954223633;39.02000045776367;11107;2020-09-29 09:30:00-04:00
39.0099983215332;39.18999862670898;38.63999938964844;39.0;17915;2020-09-29 10:30:00-04:00
38.91999816894531;39.15999984741211;38.59999847412109;38.9900016784668;13782;2020-09-29 11:30:00-04:00
39.11000061035156;39.40999984741211;39.11000061035156;39.34999847412109;9830;2020-09-29 12:30:00-04:00
39.41999816894531;39.70000076293945;39.380001068115234;39.70000076293945;11429;2020-09-29 13:30:00-04:00
39.744998931884766;39.85499954223633;39.380001068115234;39.43000030517578;15254;2020-09-29 14:30:00-04:00
39.45000076293945;39.56999969482422;39.15999984741211;39.43999862670898;38878;2020-09-29 15:30:00-04:00
39.52000045776367;39.88999938964844;39.0;39.7599983215332;8160;2020-09-30 09:30:00-04:00
39.7599983215332;40.0;39.45000076293945;39.54999923706055;7246;2020-09-30 10:30:00-04:00
39.57500076293945;39.93000030517578;39.5099983215332;39.7599983215332;8948;2020-09-30 11:30:00-04:00
39.6349983215332;39.709999084472656;39.34000015258789;39.650001525878906;14658;2020-09-30 12:30:00-04:00
39.70000076293945;39.91999816894531;39.57979965209961;39.61000061035156;13020;2020-09-30 13:30:00-04:00
39.59999847412109;39.84000015258789;39.40999984741211;39.68000030517578;16972;2020-09-30 14:30:00-04:00
39.63999938964844;39.88999938964844;39.63999938964844;39.77000045776367;25771;2020-09-30 15:30:00-04:00
39.5;40.18000030517578;39.22999954223633;39.869998931884766;27766;2020-10-01 09:30:00-04:00
39.880001068115234;40.02999877929688;39.70000076293945;39.75;11386;2020-10-01 10:30:00-04:00
39.755001068115234;40.220001220703125;39.7400016784668;40.20000076293945;10218;2020-10-01 11:30:00-04:00
40.22999954223633;40.34999847412109;40.16999816894531;40.290000915527344;5214;2020-10-01 12:30:00-04:00
40.27000045776367;40.369998931884766;39.790000915527344;40.09999847412109;15453;2020-10-01 13:30:00-04:00
40.18000030517578;40.209999084472656;39.93000030517578;40.09999847412109;11007;2020-10-01 14:30:00-04:00
40.119998931884766;40.34000015258789;40.02999877929688;40.34000015258789;29240;2020-10-01 15:30:00-04:00
40.150001525878906;41.0099983215332;39.77000045776367;40.59000015258789;16251;2020-10-02 09:30:00-04:00
40.56999969482422;41.16999816894531;40.47999954223633;41.09000015258789;15036;2020-10-02 10:30:00-04:00
41.09000015258789;41.9900016784668;40.84000015258789;41.57749938964844;17909;2020-10-02 11:30:00-04:00
41.4900016784668;41.709999084472656;41.369998931884766;41.5099983215332;19167;2020-10-02 12:30:00-04:00
41.49829864501953;41.83000183105469;41.28499984741211;41.785400390625;14683;2020-10-02 13:30:00-04:00
41.72999954223633;42.060001373291016;41.61410140991211;41.8849983215332;17336;2020-10-02 14:30:00-04:00
41.970001220703125;42.540000915527344;41.88999938964844;42.150001525878906;52163;2020-10-02 15:30:00-04:00
42.09000015258789;42.65999984741211;41.70000076293945;41.84000015258789;10805;2020-10-05 09:30:00-04:00
41.970001220703125;42.04999923706055;41.61000061035156;41.709999084472656;8816;2020-10-05 10:30:00-04:00
41.66999816894531;41.77999877929688;41.38999938964844;41.77999877929688;10382;2020-10-05 11:30:00-04:00
41.84000015258789;41.959999084472656;41.67499923706055;41.81499862670898;8746;2020-10-05 12:30:00-04:00
41.81499862670898;42.0;41.75;42.0;15613;2020-10-05 13:30:00-04:00
42.09000015258789;42.150001525878906;41.65999984741211;42.0;26612;2020-10-05 14:30:00-04:00
41.970001220703125;42.11000061035156;41.88999938964844;42.09999847412109;31672;2020-10-05 15:30:00-04:00
42.040000915527344;42.68000030517578;42.040000915527344;42.65999984741211;5815;2020-10-06 09:30:00-04:00
42.63999938964844;43.040000915527344;42.40499877929688;42.88999938964844;12252;2020-10-06 10:30:00-04:00
43.0;43.15999984741211;42.380001068115234;42.415000915527344;11435;2020-10-06 11:30:00-04:00
42.52999877929688;42.75389862060547;42.34999847412109;42.709999084472656;19032;2020-10-06 12:30:00-04:00
42.720001220703125;42.75;42.34999847412109;42.52999877929688;11727;2020-10-06 13:30:00-04:00
42.63999938964844;42.63999938964844;41.88999938964844;42.02999877929688;20514;2020-10-06 14:30:00-04:00
42.02999877929688;42.27000045776367;42.0099983215332;42.130001068115234;52474;2020-10-06 15:30:00-04:00
42.220001220703125;42.54999923706055;41.810001373291016;42.0;7275;2020-10-07 09:30:00-04:00
42.09999847412109;42.369998931884766;41.72999954223633;41.81999969482422;7508;2020-10-07 10:30:00-04:00
41.93000030517578;41.93000030517578;41.459999084472656;41.4900016784668;7381;2020-10-07 11:30:00-04:00
41.470001220703125;41.470001220703125;40.959999084472656;40.959999084472656;9248;2020-10-07 12:30:00-04:00
40.88999938964844;40.90999984741211;40.59000015258789;40.75;9704;2020-10-07 13:30:00-04:00
40.7599983215332;41.130001068115234;40.67499923706055;41.130001068115234;15265;2020-10-07 14:30:00-04:00
41.16999816894531;41.16999816894531;40.47999954223633;40.58000183105469;40413;2020-10-07 15:30:00-04:00
40.75;40.790000915527344;40.02000045776367;40.75;13392;2020-10-08 09:30:00-04:00
40.75;41.0;40.34000015258789;40.34000015258789;6410;2020-10-08 10:30:00-04:00
40.400001525878906;40.400001525878906;39.59999847412109;40.0;9256;2020-10-08 11:30:00-04:00
39.880001068115234;39.88999938964844;39.59000015258789;39.63999938964844;6030;2020-10-08 12:30:00-04:00
39.650001525878906;39.93000030517578;39.540000915527344;39.93000030517578;3803;2020-10-08 13:30:00-04:00
39.7599983215332;40.08000183105469;39.61000061035156;39.97999954223633;16713;2020-10-08 14:30:00-04:00
40.040000915527344;40.04999923706055;39.915000915527344;40.02999877929688;26821;2020-10-08 15:30:00-04:00
40.4900016784668;41.11000061035156;40.09999847412109;40.88999938964844;18950;2020-10-09 09:30:00-04:00
40.900001525878906;40.96500015258789;40.29999923706055;40.39730072021485;7558;2020-10-09 10:30:00-04:00
40.04999923706055;40.63999938964844;40.04999923706055;40.09999847412109;8335;2020-10-09 11:30:00-04:00
40.09999847412109;40.5;40.09999847412109;40.29999923706055;5610;2020-10-09 12:30:00-04:00
40.310001373291016;40.41999816894531;40.290000915527344;40.38999938964844;4813;2020-10-09 13:30:00-04:00
40.38999938964844;40.40999984741211;40.220001220703125;40.27000045776367;4911;2020-10-09 14:30:00-04:00
40.22999954223633;40.31999969482422;40.18000030517578;40.2400016784668;12249;2020-10-09 15:30:00-04:00
40.2599983215332;41.130001068115234;40.2599983215332;40.67499923706055;0;2020-10-12 09:30:00-04:00
40.77000045776367;40.900001525878906;40.43999862670898;40.560001373291016;9107;2020-10-12 10:30:00-04:00
40.59999847412109;41.040000915527344;40.505001068115234;40.95000076293945;9299;2020-10-12 11:30:00-04:00
40.9900016784668;41.0099983215332;40.7599983215332;40.845001220703125;6909;2020-10-12 12:30:00-04:00
40.93999862670898;40.95000076293945;40.68000030517578;40.7400016784668;5263;2020-10-12 13:30:00-04:00
40.790000915527344;41.14929962158203;40.790000915527344;40.959999084472656;14370;2020-10-12 14:30:00-04:00
40.90010070800781;41.02000045776367;40.68000030517578;40.91999816894531;16811;2020-10-12 15:30:00-04:00
40.619998931884766;40.76860046386719;40.27000045776367;40.47999954223633;4586;2020-10-13 09:30:00-04:00
40.34999847412109;40.34999847412109;40.09999847412109;40.11000061035156;3292;2020-10-13 10:30:00-04:00
40.0099983215332;40.34999847412109;40.0;40.209999084472656;7119;2020-10-13 11:30:00-04:00
40.220001220703125;40.33000183105469;40.119998931884766;40.33000183105469;4593;2020-10-13 12:30:00-04:00
40.20000076293945;40.470001220703125;40.16999816894531;40.46810150146485;4961;2020-10-13 13:30:00-04:00
40.369998931884766;40.650001525878906;40.33000183105469;40.59000015258789;5624;2020-10-13 14:30:00-04:00
40.63999938964844;40.81999969482422;40.63999938964844;40.72499847412109;13082;2020-10-13 15:30:00-04:00
40.709999084472656;41.68000030517578;40.4900016784668;40.86000061035156;16005;2020-10-14 09:30:00-04:00
40.970001220703125;40.970001220703125;40.61000061035156;40.619998931884766;5134;2020-10-14 10:30:00-04:00
40.59000015258789;40.59000015258789;40.060001373291016;40.060001373291016;5332;2020-10-14 11:30:00-04:00
40.18999862670898;40.68000030517578;40.16999816894531;40.68000030517578;5025;2020-10-14 12:30:00-04:00
40.59000015258789;40.59999847412109;40.20000076293945;40.20750045776367;8864;2020-10-14 13:30:00-04:00
40.20000076293945;40.20750045776367;39.959999084472656;40.09999847412109;7920;2020-10-14 14:30:00-04:00
40.09999847412109;40.2400016784668;39.9900016784668;40.09999847412109;20867;2020-10-14 15:30:00-04:00
39.88999938964844;40.400001525878906;39.88999938964844;39.93000030517578;0;2020-10-15 09:30:00-04:00
40.02000045776367;40.470001220703125;40.02000045776367;40.43999862670898;7132;2020-10-15 10:30:00-04:00
40.369998931884766;40.45000076293945;39.59000015258789;40.150001525878906;12899;2020-10-15 11:30:00-04:00
40.13999938964844;40.470001220703125;40.11000061035156;40.220001220703125;8502;2020-10-15 12:30:00-04:00
40.16999816894531;40.5;40.16999816894531;40.290000915527344;8146;2020-10-15 13:30:00-04:00
40.29999923706055;40.400001525878906;40.09999847412109;40.290000915527344;11799;2020-10-15 14:30:00-04:00
40.43000030517578;40.59999847412109;40.18999862670898;40.380001068115234;23780;2020-10-15 15:30:00-04:00
40.18000030517578;40.81999969482422;40.18000030517578;40.72999954223633;5128;2020-10-16 09:30:00-04:00
40.70000076293945;40.70000076293945;40.45000076293945;40.470001220703125;5423;2020-10-16 10:30:00-04:00
40.47589874267578;40.93000030517578;40.459999084472656;40.84000015258789;7080;2020-10-16 11:30:00-04:00
40.84999847412109;40.84999847412109;40.630001068115234;40.71749877929688;4161;2020-10-16 12:30:00-04:00
40.720001220703125;40.720001220703125;40.5458984375;40.650001525878906;5098;2020-10-16 13:30:00-04:00
40.61000061035156;40.79999923706055;40.59999847412109;40.66999816894531;5715;2020-10-16 14:30:00-04:00
40.61000061035156;40.650001525878906;40.470001220703125;40.5;18831;2020-10-16 15:30:00-04:00
40.4900016784668;41.540000915527344;40.4900016784668;41.34999847412109;11020;2020-10-19 09:30:00-04:00
41.369998931884766;41.7599983215332;41.369998931884766;41.5099983215332;5828;2020-10-19 10:30:00-04:00
41.57500076293945;41.650001525878906;41.41249847412109;41.4900016784668;3712;2020-10-19 11:30:00-04:00
41.4900016784668;41.56999969482422;41.31999969482422;41.56999969482422;4585;2020-10-19 12:30:00-04:00
41.630001068115234;41.630001068115234;41.43000030517578;41.5;4051;2020-10-19 13:30:00-04:00
41.47999954223633;41.52999877929688;41.2599983215332;41.380001068115234;12594;2020-10-19 14:30:00-04:00
41.34999847412109;41.459999084472656;41.07500076293945;41.27999877929688;38914;2020-10-19 15:30:00-04:00
41.619998931884766;41.93000030517578;40.97999954223633;41.44499969482422;4248;2020-10-20 09:30:00-04:00
41.72999954223633;41.93999862670898;41.47999954223633;41.630001068115234;4459;2020-10-20 10:30:00-04:00
41.70000076293945;42.0;41.52999877929688;41.96500015258789;3955;2020-10-20 11:30:00-04:00
41.95220184326172;42.060001373291016;41.83000183105469;41.97999954223633;3900;2020-10-20 12:30:00-04:00
41.81999969482422;41.91999816894531;41.4900016784668;41.845001220703125;6162;2020-10-20 13:30:00-04:00
41.72999954223633;41.83000183105469;41.38999938964844;41.619998931884766;16041;2020-10-20 14:30:00-04:00
41.560001373291016;41.790000915527344;41.54999923706055;41.70000076293945;23543;2020-10-20 15:30:00-04:00
41.790000915527344;42.09000015258789;41.790000915527344;41.93000030517578;3893;2020-10-21 09:30:00-04:00
41.95000076293945;41.959999084472656;41.63600158691406;41.63999938964844;3508;2020-10-21 10:30:00-04:00
41.86000061035156;41.86000061035156;41.040000915527344;41.38999938964844;30510;2020-10-21 11:30:00-04:00
41.29999923706055;41.72999954223633;41.290000915527344;41.70299911499024;5865;2020-10-21 12:30:00-04:00
41.470001220703125;41.810001373291016;41.43000030517578;41.68999862670898;3881;2020-10-21 13:30:00-04:00
41.59999847412109;41.720001220703125;41.470001220703125;41.5;3372;2020-10-21 14:30:00-04:00
41.4900016784668;41.4900016784668;41.18999862670898;41.34999847412109;8102;2020-10-21 15:30:00-04:00
41.33000183105469;41.5;40.82680130004883;41.34999847412109;5120;2020-10-22 09:30:00-04:00
41.4900016784668;41.709999084472656;41.22999954223633;41.595001220703125;4110;2020-10-22 10:30:00-04:00
41.47999954223633;41.59629821777344;41.25;41.496700286865234;2164;2020-10-22 11:30:00-04:00
41.7400016784668;42.1349983215332;41.70000076293945;42.1349983215332;4370;2020-10-22 12:30:00-04:00
42.02999877929688;42.04999923706055;41.83000183105469;41.95000076293945;4546;2020-10-22 13:30:00-04:00
41.93000030517578;41.97999954223633;41.790000915527344;41.91999816894531;2288;2020-10-22 14:30:00-04:00
41.92499923706055;42.17399978637695;41.92499923706055;42.02000045776367;9593;2020-10-22 15:30:00-04:00
42.08000183105469;42.63999938964844;41.060001373291016;41.15999984741211;15753;2020-10-23 09:30:00-04:00
41.11000061035156;41.65999984741211;41.0;41.52999877929688;7794;2020-10-23 10:30:00-04:00
41.6150016784668;41.720001220703125;41.20000076293945;41.369998931884766;14633;2020-10-23 11:30:00-04:00
41.40999984741211;42.150001525878906;41.40999984741211;42.150001525878906;9820;2020-10-23 12:30:00-04:00
42.04999923706055;42.08000183105469;41.619998931884766;41.77560043334961;8818;2020-10-23 13:30:00-04:00
41.81999969482422;41.81999969482422;41.59000015258789;41.75;8373;2020-10-23 14:30:00-04:00
41.790000915527344;41.81999969482422;41.59999847412109;41.65999984741211;18145;2020-10-23 15:30:00-04:00
41.52999877929688;41.68000030517578;41.25;41.43000030517578;4446;2020-10-26 09:30:00-04:00
41.03499984741211;41.03499984741211;40.33000183105469;40.7400016784668;17186;2020-10-26 10:30:00-04:00
40.88999938964844;41.27999877929688;40.834999084472656;41.15999984741211;14211;2020-10-26 11:30:00-04:00
41.15999984741211;41.18000030517578;40.5;40.61000061035156;7689;2020-10-26 12:30:00-04:00
40.61000061035156;40.790000915527344;40.47499847412109;40.59000015258789;9727;2020-10-26 13:30:00-04:00
40.59000015258789;40.67499923706055;40.220001220703125;40.27999877929688;13860;2020-10-26 14:30:00-04:00
40.400001525878906;40.900001525878906;40.38999938964844;40.63999938964844;19203;2020-10-26 15:30:00-04:00
40.43000030517578;40.9900016784668;40.220001220703125;40.220001220703125;5429;2020-10-27 09:30:00-04:00
40.220001220703125;40.369998931884766;40.02000045776367;40.16999816894531;6071;2020-10-27 10:30:00-04:00
40.0;40.43000030517578;40.0;40.43000030517578;10024;2020-10-27 11:30:00-04:00
40.525001525878906;40.88999938964844;40.41999816894531;40.845001220703125;6964;2020-10-27 12:30:00-04:00
40.845001220703125;41.13999938964844;40.77000045776367;41.13999938964844;7635;2020-10-27 13:30:00-04:00
41.150001525878906;41.15999984741211;41.08000183105469;41.150001525878906;6774;2020-10-27 14:30:00-04:00
41.119998931884766;41.16999816894531;40.810001373291016;40.90999984741211;17284;2020-10-27 15:30:00-04:00
40.060001373291016;40.060001373291016;39.09000015258789;39.09000015258789;14057;2020-10-28 09:30:00-04:00
38.92499923706055;39.65999984741211;38.790000915527344;39.63999938964844;14355;2020-10-28 10:30:00-04:00
39.63999938964844;39.970001220703125;39.56999969482422;39.79999923706055;18036;2020-10-28 11:30:00-04:00
39.790000915527344;39.880001068115234;39.709999084472656;39.83000183105469;16590;2020-10-28 12:30:00-04:00
39.79999923706055;40.06999969482422;39.630001068115234;39.81499862670898;9529;2020-10-28 13:30:00-04:00
39.77000045776367;40.119998931884766;39.400001525878906;40.02999877929688;24962;2020-10-28 14:30:00-04:00
40.040000915527344;40.27999877929688;39.970001220703125;40.08000183105469;34463;2020-10-28 15:30:00-04:00
39.709999084472656;44.0;39.34999847412109;41.44499969482422;50751;2020-10-29 09:30:00-04:00
41.66999816894531;42.95199966430664;41.43999862670898;42.22499847412109;17899;2020-10-29 10:30:00-04:00
42.0;42.470001220703125;41.77000045776367;42.32500076293945;17293;2020-10-29 11:30:00-04:00
42.150001525878906;42.34999847412109;41.84999847412109;42.165000915527344;15106;2020-10-29 12:30:00-04:00
42.33000183105469;43.25;42.33000183105469;43.25;22470;2020-10-29 13:30:00-04:00
43.25;43.27000045776367;42.70000076293945;42.880001068115234;16544;2020-10-29 14:30:00-04:00
42.845001220703125;43.04999923706055;42.6349983215332;42.880001068115234;52862;2020-10-29 15:30:00-04:00
43.08000183105469;43.1072998046875;41.72999954223633;42.34000015258789;10741;2020-10-30 09:30:00-04:00
42.165000915527344;42.165000915527344;41.72999954223633;41.86000061035156;19657;2020-10-30 10:30:00-04:00
41.790000915527344;42.43999862670898;41.709999084472656;42.43999862670898;11097;2020-10-30 11:30:00-04:00
42.540000915527344;42.619998931884766;41.880001068115234;42.040000915527344;10349;2020-10-30 12:30:00-04:00
41.93999862670898;42.18999862670898;41.66999816894531;41.85020065307617;10782;2020-10-30 13:30:00-04:00
41.86000061035156;42.16999816894531;41.77000045776367;42.02000045776367;12311;2020-10-30 14:30:00-04:00
41.95000076293945;42.22999954223633;41.810001373291016;42.11000061035156;24217;2020-10-30 15:30:00-04:00
42.369998931884766;42.43740081787109;41.27999877929688;41.34000015258789;14593;2020-11-02 09:30:00-05:00
41.5;41.59000015258789;40.86000061035156;40.869998931884766;5208;2020-11-02 10:30:00-05:00
40.9900016784668;41.049598693847656;40.369998931884766;40.79999923706055;12943;2020-11-02 11:30:00-05:00
40.84999847412109;40.84999847412109;39.810001373291016;39.84000015258789;5102;2020-11-02 12:30:00-05:00
39.880001068115234;40.09999847412109;39.619998931884766;39.790000915527344;9075;2020-11-02 13:30:00-05:00
39.77999877929688;40.220001220703125;39.75;40.220001220703125;9688;2020-11-02 14:30:00-05:00
40.02000045776367;40.77999877929688;40.02000045776367;40.630001068115234;23852;2020-11-02 15:30:00-05:00
40.93999862670898;41.619998931884766;40.560001373291016;41.15999984741211;9790;2020-11-03 09:30:00-05:00
41.040000915527344;41.56999969482422;40.77000045776367;41.56999969482422;7221;2020-11-03 10:30:00-05:00
41.21500015258789;41.21500015258789;41.0;41.06499862670898;9692;2020-11-03 11:30:00-05:00
41.03010177612305;41.310001373291016;41.0;41.040000915527344;19024;2020-11-03 12:30:00-05:00
41.06999969482422;41.09999847412109;40.810001373291016;40.810001373291016;6993;2020-11-03 13:30:00-05:00
40.72999954223633;40.880001068115234;40.470001220703125;40.51499938964844;7678;2020-11-03 14:30:00-05:00
40.400001525878906;40.630001068115234;40.34999847412109;40.36000061035156;20637;2020-11-03 15:30:00-05:00
39.91999816894531;40.33000183105469;38.80500030517578;39.5;17656;2020-11-04 09:30:00-05:00
39.16999816894531;39.34999847412109;38.875;39.25;25713;2020-11-04 10:30:00-05:00
39.25;39.43999862670898;39.18009948730469;39.40999984741211;34394;2020-11-04 11:30:00-05:00
39.35499954223633;39.77999877929688;39.20000076293945;39.67499923706055;30777;2020-11-04 12:30:00-05:00
39.60499954223633;39.7400016784668;39.45500183105469;39.6150016784668;8231;2020-11-04 13:30:00-05:00
39.58000183105469;40.06999969482422;39.58000183105469;40.06999969482422;20633;2020-11-04 14:30:00-05:00
40.0;40.22999954223633;39.83000183105469;39.970001220703125;42256;2020-11-04 15:30:00-05:00
40.15999984741211;40.83000183105469;39.92499923706055;40.4900016784668;14033;2020-11-05 09:30:00-05:00
40.4900016784668;40.63999938964844;40.05500030517578;40.31999969482422;11265;2020-11-05 10:30:00-05:00
40.29499816894531;40.3849983215332;40.08000183105469;40.15499877929688;9004;2020-11-05 11:30:00-05:00
40.04999923706055;40.34000015258789;39.91999816894531;40.290000915527344;13808;2020-11-05 12:30:00-05:00
40.25;40.28499984741211;39.96500015258789;40.08000183105469;9695;2020-11-05 13:30:00-05:00
40.04499816894531;40.09000015258789;39.970001220703125;40.04499816894531;20781;2020-11-05 14:30:00-05:00
40.06999969482422;40.09000015258789;39.540000915527344;39.709999084472656;81756;2020-11-05 15:30:00-05:00
40.22999954223633;40.22999954223633;39.369998931884766;39.74570083618164;12952;2020-11-06 09:30:00-05:00
39.970001220703125;39.97999954223633;39.75;39.869998931884766;6679;2020-11-06 10:30:00-05:00
39.77000045776367;39.77000045776367;38.95000076293945;38.95000076293945;11821;2020-11-06 11:30:00-05:00
38.93999862670898;39.13999938964844;38.71500015258789;38.7599983215332;6856;2020-11-06 12:30:00-05:00
38.869998931884766;38.869998931884766;38.56999969482422;38.72999954223633;15725;2020-11-06 13:30:00-05:00
38.7400016784668;39.09999847412109;38.68999862670898;38.83000183105469;11585;2020-11-06 14:30:00-05:00
38.86000061035156;38.86000061035156;38.5099983215332;38.650001525878906;22967;2020-11-06 15:30:00-05:00
40.310001373291016;40.75199890136719;39.27000045776367;39.52999877929688;23969;2020-11-09 09:30:00-05:00
39.65999984741211;39.97499847412109;39.06999969482422;39.400001525878906;25560;2020-11-09 10:30:00-05:00
39.59000015258789;39.994998931884766;39.33000183105469;39.994998931884766;18120;2020-11-09 11:30:00-05:00
39.93999862670898;40.34999847412109;39.46500015258789;39.86000061035156;15331;2020-11-09 12:30:00-05:00
39.86000061035156;40.130001068115234;39.68999862670898;39.81999969482422;12560;2020-11-09 13:30:00-05:00
39.71500015258789;40.04499816894531;39.400001525878906;39.47499847412109;14698;2020-11-09 14:30:00-05:00
39.54999923706055;39.56999969482422;38.91999816894531;39.09999847412109;19211;2020-11-09 15:30:00-05:00
39.25;40.66999816894531;39.209999084472656;40.5;15807;2020-11-10 09:30:00-05:00
40.44499969482422;41.47999954223633;40.29999923706055;41.47999954223633;12753;2020-11-10 10:30:00-05:00
41.560001373291016;41.77999877929688;41.0;41.77999877929688;13894;2020-11-10 11:30:00-05:00
41.560001373291016;41.869998931884766;41.34999847412109;41.560001373291016;19807;2020-11-10 12:30:00-05:00
41.63999938964844;41.8932991027832;41.5;41.68000030517578;16361;2020-11-10 13:30:00-05:00
41.60499954223633;41.72990036010742;41.43999862670898;41.63999938964844;12320;2020-11-10 14:30:00-05:00
41.63999938964844;41.63999938964844;41.2400016784668;41.380001068115234;14283;2020-11-10 15:30:00-05:00
41.400001525878906;41.63999938964844;40.27230072021485;40.57500076293945;9236;2020-11-11 09:30:00-05:00
40.625;41.31999969482422;40.625;41.31999969482422;10108;2020-11-11 10:30:00-05:00
41.27999877929688;41.4375;41.27000045776367;41.36000061035156;12327;2020-11-11 11:30:00-05:00
41.35499954223633;41.45000076293945;41.290000915527344;41.36000061035156;8342;2020-11-11 12:30:00-05:00
41.45840072631836;41.45840072631836;41.02999877929688;41.02999877929688;12694;2020-11-11 13:30:00-05:00
41.060001373291016;41.11000061035156;40.900001525878906;41.025001525878906;8297;2020-11-11 14:30:00-05:00
41.025001525878906;41.34999847412109;40.95000076293945;41.290000915527344;15974;2020-11-11 15:30:00-05:00
41.22999954223633;41.97999954223633;40.47999954223633;40.83000183105469;5511;2020-11-12 09:30:00-05:00
40.75;40.91999816894531;40.34999847412109;40.78499984741211;9161;2020-11-12 10:30:00-05:00
40.790000915527344;41.08000183105469;40.7400016784668;40.93000030517578;6116;2020-11-12 11:30:00-05:00
40.93000030517578;40.94369888305664;40.540000915527344;40.540000915527344;7704;2020-11-12 12:30:00-05:00
40.63999938964844;40.84999847412109;40.39500045776367;40.50650024414063;6890;2020-11-12 13:30:00-05:00
40.4900016784668;40.59999847412109;40.400001525878906;40.45000076293945;10200;2020-11-12 14:30:00-05:00
40.400001525878906;40.75419998168945;40.27999877929688;40.59999847412109;23060;2020-11-12 15:30:00-05:00
40.86000061035156;41.59000015258789;40.650001525878906;41.29999923706055;4496;2020-11-13 09:30:00-05:00
41.400001525878906;41.400001525878906;40.95000076293945;41.11000061035156;5920;2020-11-13 10:30:00-05:00
41.34000015258789;41.400001525878906;41.119998931884766;41.119998931884766;7528;2020-11-13 11:30:00-05:00
41.130001068115234;41.34999847412109;40.970001220703125;41.22999954223633;8835;2020-11-13 12:30:00-05:00
41.209999084472656;41.36000061035156;41.119998931884766;41.21500015258789;12043;2020-11-13 13:30:00-05:00
41.29999923706055;41.33000183105469;41.18000030517578;41.27000045776367;18390;2020-11-13 14:30:00-05:00
41.275001525878906;41.38999938964844;41.18000030517578;41.2599983215332;29049;2020-11-13 15:30:00-05:00
41.84000015258789;42.400001525878906;41.75;41.915000915527344;0;2020-11-16 09:30:00-05:00
42.04999923706055;42.31999969482422;41.88999938964844;42.31999969482422;10445;2020-11-16 10:30:00-05:00
42.400001525878906;42.86000061035156;42.34999847412109;42.720001220703125;6376;2020-11-16 11:30:00-05:00
42.880001068115234;43.380001068115234;42.8473014831543;43.2400016784668;13287;2020-11-16 12:30:00-05:00
43.13999938964844;43.29399871826172;43.08000183105469;43.165000915527344;12418;2020-11-16 13:30:00-05:00
43.165000915527344;43.34000015258789;43.02000045776367;43.040000915527344;13768;2020-11-16 14:30:00-05:00
43.130001068115234;43.34999847412109;43.09000015258789;43.13999938964844;23574;2020-11-16 15:30:00-05:00
42.77000045776367;42.9900016784668;42.150001525878906;42.93000030517578;0;2020-11-17 09:30:00-05:00
42.93999862670898;43.27000045776367;42.869998931884766;43.18999862670898;4076;2020-11-17 10:30:00-05:00
43.23310089111328;43.33000183105469;42.7599983215332;42.8650016784668;8462;2020-11-17 11:30:00-05:00
42.90999984741211;43.41999816894531;42.7599983215332;43.41999816894531;5272;2020-11-17 12:30:00-05:00
43.2599983215332;43.66999816894531;43.22999954223633;43.40999984741211;8279;2020-11-17 13:30:00-05:00
43.380001068115234;43.622501373291016;43.369998931884766;43.5099983215332;5478;2020-11-17 14:30:00-05:00
43.63999938964844;43.84000015258789;43.380001068115234;43.59999847412109;21168;2020-11-17 15:30:00-05:00
43.59999847412109;43.84000015258789;43.43000030517578;43.533599853515625;5992;2020-11-18 09:30:00-05:00
43.619998931884766;43.7599983215332;43.43000030517578;43.43000030517578;3113;2020-11-18 10:30:00-05:00
43.49530029296875;43.5;43.31999969482422;43.4900016784668;6806;2020-11-18 11:30:00-05:00
43.45899963378906;43.647499084472656;43.40999984741211;43.540000915527344;3435;2020-11-18 12:30:00-05:00
43.553199768066406;43.553199768066406;42.86000061035156;42.86000061035156;7548;2020-11-18 13:30:00-05:00
42.67499923706055;42.869998931884766;42.459999084472656;42.53499984741211;9741;2020-11-18 14:30:00-05:00
42.52000045776367;43.0099983215332;42.5099983215332;42.54999923706055;19302;2020-11-18 15:30:00-05:00
42.38999938964844;43.13999938964844;42.38999938964844;42.93000030517578;2403;2020-11-19 09:30:00-05:00
42.11000061035156;42.790000915527344;42.0;42.18999862670898;6411;2020-11-19 10:30:00-05:00
42.220001220703125;42.220001220703125;41.84999847412109;41.84999847412109;2816;2020-11-19 11:30:00-05:00
41.87860107421875;41.87860107421875;41.709999084472656;41.81499862670898;3576;2020-11-19 12:30:00-05:00
41.82609939575195;41.900001525878906;41.68999862670898;41.86000061035156;3460;2020-11-19 13:30:00-05:00
42.0;42.64500045776367;41.900001525878906;42.55500030517578;3820;2020-11-19 14:30:00-05:00
42.540000915527344;42.560001373291016;42.209999084472656;42.369998931884766;5627;2020-11-19 15:30:00-05:00
42.02999877929688;42.4900016784668;42.02999877929688;42.34999847412109;9780;2020-11-20 09:30:00-05:00
42.34999847412109;42.45989990234375;41.93000030517578;42.27000045776367;4072;2020-11-20 10:30:00-05:00
42.34999847412109;42.880001068115234;42.34999847412109;42.560001373291016;5744;2020-11-20 11:30:00-05:00
42.52000045776367;42.59000015258789;42.33000183105469;42.52999877929688;3095;2020-11-20 12:30:00-05:00
42.43999862670898;42.45000076293945;41.93000030517578;41.9900016784668;8307;2020-11-20 13:30:00-05:00
42.34000015258789;42.34000015258789;41.84000015258789;41.959999084472656;9731;2020-11-20 14:30:00-05:00
42.0;42.380001068115234;42.0;42.27000045776367;9386;2020-11-20 15:30:00-05:00
42.70000076293945;42.70000076293945;42.18999862670898;42.42499923706055;1712;2020-11-23 09:30:00-05:00
42.52000045776367;42.755001068115234;42.34999847412109;42.755001068115234;4442;2020-11-23 10:30:00-05:00
42.869998931884766;43.33000183105469;42.52000045776367;43.165000915527344;10254;2020-11-23 11:30:00-05:00
43.27000045776367;43.70000076293945;43.18769836425781;43.59000015258789;5179;2020-11-23 12:30:00-05:00
43.63999938964844;43.77999877929688;43.5;43.63999938964844;5345;2020-11-23 13:30:00-05:00
43.72999954223633;43.9900016784668;43.70000076293945;43.73500061035156;11672;2020-11-23 14:30:00-05:00
43.790000915527344;43.935001373291016;43.65999984741211;43.79999923706055;20877;2020-11-23 15:30:00-05:00
44.0;44.45000076293945;43.810001373291016;44.45000076293945;11507;2020-11-24 09:30:00-05:00
44.46500015258789;44.4900016784668;44.325801849365234;44.4900016784668;6571;2020-11-24 10:30:00-05:00
44.459999084472656;45.11000061035156;44.459999084472656;45.01499938964844;10556;2020-11-24 11:30:00-05:00
45.06999969482422;45.66999816894531;45.0;45.665000915527344;12725;2020-11-24 12:30:00-05:00
45.62099838256836;45.790000915527344;45.5099983215332;45.790000915527344;8764;2020-11-24 13:30:00-05:00
45.62939834594727;46.34999847412109;45.62939834594727;46.18999862670898;18801;2020-11-24 14:30:00-05:00
46.15999984741211;46.380001068115234;45.790000915527344;45.95000076293945;24653;2020-11-24 15:30:00-05:00
45.07500076293945;45.77000045776367;44.23199844360352;45.15999984741211;17538;2020-11-25 09:30:00-05:00
45.14500045776367;45.15999984741211;44.43000030517578;44.75;6703;2020-11-25 10:30:00-05:00
44.5099983215332;44.959999084472656;44.36000061035156;44.959999084472656;22105;2020-11-25 11:30:00-05:00
44.91999816894531;45.15999984741211;44.709999084472656;44.90999984741211;3985;2020-11-25 12:30:00-05:00
44.970001220703125;45.06999969482422;44.65999984741211;44.81999969482422;7934;2020-11-25 13:30:00-05:00
44.75;45.04999923706055;44.744998931884766;44.90999984741211;6695;2020-11-25 14:30:00-05:00
44.75;44.75;44.209999084472656;44.27999877929688;15816;2020-11-25 15:30:00-05:00
44.41999816894531;45.0;44.1244010925293;44.220001220703125;0;2020-11-27 09:30:00-05:00
44.34000015258789;44.34000015258789;43.81999969482422;43.84999847412109;4853;2020-11-27 10:30:00-05:00
43.88999938964844;44.18999862670898;43.81999969482422;44.02000045776367;4710;2020-11-27 11:30:00-05:00
44.13999938964844;44.36000061035156;44.060001373291016;44.27999877929688;0;2020-11-27 13:00:00-05:00
44.27000045776367;44.88999938964844;43.83000183105469;44.2400016784668;11825;2020-11-30 09:30:00-05:00
44.15999984741211;44.16999816894531;43.56999969482422;43.56999969482422;5526;2020-11-30 10:30:00-05:00
43.75;44.04999923706055;43.400001525878906;43.83000183105469;5307;2020-11-30 11:30:00-05:00
43.81999969482422;43.81999969482422;43.5;43.560001373291016;3423;2020-11-30 12:30:00-05:00
43.790000915527344;44.290000915527344;43.560001373291016;43.60499954223633;6229;2020-11-30 13:30:00-05:00
43.625;43.81999969482422;43.540000915527344;43.720001220703125;5659;2020-11-30 14:30:00-05:00
43.459999084472656;43.970001220703125;43.41999816894531;43.5099983215332;18466;2020-11-30 15:30:00-05:00
43.7599983215332;44.40999984741211;43.369998931884766;44.40999984741211;10837;2020-12-01 09:30:00-05:00
43.95000076293945;44.18000030517578;43.75;43.81999969482422;7655;2020-12-01 10:30:00-05:00
43.63999938964844;43.75;43.040000915527344;43.06999969482422;6268;2020-12-01 11:30:00-05:00
43.20000076293945;43.5;43.04999923706055;43.22999954223633;10327;2020-12-01 12:30:00-05:00
43.18999862670898;43.290000915527344;43.060001373291016;43.18999862670898;5184;2020-12-01 13:30:00-05:00
43.2400016784668;43.790000915527344;43.220001220703125;43.790000915527344;8256;2020-12-01 14:30:00-05:00
43.68000030517578;44.2599983215332;43.619998931884766;43.900001525878906;18189;2020-12-01 15:30:00-05:00
42.42499923706055;44.06549835205078;42.42499923706055;42.97999954223633;0;2020-12-02 09:30:00-05:00
43.06999969482422;43.22949981689453;42.970001220703125;43.165000915527344;7493;2020-12-02 10:30:00-05:00
43.25;43.25;42.52399826049805;42.79999923706055;6197;2020-12-02 11:30:00-05:00
43.04999923706055;43.04999923706055;42.58000183105469;42.709999084472656;4361;2020-12-02 12:30:00-05:00
42.79999923706055;43.040000915527344;42.59000015258789;42.81999969482422;4186;2020-12-02 13:30:00-05:00
42.970001220703125;43.380001068115234;42.70000076293945;43.34999847412109;7501;2020-12-02 14:30:00-05:00
43.18999862670898;43.5;43.04010009765625;43.31999969482422;17996;2020-12-02 15:30:00-05:00
43.40999984741211;43.720001220703125;42.89500045776367;43.130001068115234;6398;2020-12-03 09:30:00-05:00
42.970001220703125;44.06999969482422;42.970001220703125;43.93000030517578;7251;2020-12-03 10:30:00-05:00
43.97999954223633;44.09000015258789;43.16999816894531;43.560001373291016;6825;2020-12-03 11:30:00-05:00
43.65999984741211;43.70000076293945;43.41999816894531;43.41999816894531;2049;2020-12-03 12:30:00-05:00
43.29999923706055;43.54999923706055;43.2400016784668;43.33000183105469;3243;2020-12-03 13:30:00-05:00
43.33000183105469;43.619998931884766;43.33000183105469;43.595001220703125;6793;2020-12-03 14:30:00-05:00
43.525001525878906;43.88999938964844;43.400001525878906;43.7400016784668;14258;2020-12-03 15:30:00-05:00
43.880001068115234;44.560001373291016;43.68009948730469;44.38999938964844;2867;2020-12-04 09:30:00-05:00
43.7400016784668;44.380001068115234;43.709999084472656;43.709999084472656;3188;2020-12-04 10:30:00-05:00
43.79999923706055;44.47999954223633;43.79069900512695;44.3400993347168;3411;2020-12-04 11:30:00-05:00
44.27999877929688;44.459999084472656;44.09000015258789;44.18000030517578;5175;2020-12-04 12:30:00-05:00
44.15999984741211;44.18999862670898;43.900001525878906;44.09000015258789;3725;2020-12-04 13:30:00-05:00
44.22999954223633;44.650001525878906;44.22999954223633;44.459999084472656;3562;2020-12-04 14:30:00-05:00
44.7400016784668;44.91999816894531;44.63999938964844;44.65999984741211;15870;2020-12-04 15:30:00-05:00
44.68000030517578;44.95000076293945;43.68999862670898;44.52000045776367;0;2020-12-07 09:30:00-05:00
44.56999969482422;44.90999984741211;44.56999969482422;44.636600494384766;3393;2020-12-07 10:30:00-05:00
44.456199645996094;44.95000076293945;44.456199645996094;44.810001373291016;4265;2020-12-07 11:30:00-05:00
44.52999877929688;44.77000045776367;44.52999877929688;44.68000030517578;7325;2020-12-07 12:30:00-05:00
44.86000061035156;44.91999816894531;44.65999984741211;44.84000015258789;5744;2020-12-07 13:30:00-05:00
44.81499862670898;44.88999938964844;44.68000030517578;44.744998931884766;13998;2020-12-07 14:30:00-05:00
44.79999923706055;44.86000061035156;44.34999847412109;44.47999954223633;20461;2020-12-07 15:30:00-05:00
44.21780014038086;44.45000076293945;43.8218002319336;44.25;12266;2020-12-08 09:30:00-05:00
44.459999084472656;44.619998931884766;44.459999084472656;44.59000015258789;4784;2020-12-08 10:30:00-05:00
44.650001525878906;44.7400016784668;44.44499969482422;44.54999923706055;7184;2020-12-08 11:30:00-05:00
44.40999984741211;44.63999938964844;44.40999984741211;44.54999923706055;1632;2020-12-08 12:30:00-05:00
44.63999938964844;44.70000076293945;44.5;44.59999847412109;3423;2020-12-08 13:30:00-05:00
44.70000076293945;44.70000076293945;44.220001220703125;44.37620162963867;5187;2020-12-08 14:30:00-05:00
44.41999816894531;44.5;44.34999847412109;44.4900016784668;7873;2020-12-08 15:30:00-05:00
44.5;45.0;44.5;44.880001068115234;6295;2020-12-09 09:30:00-05:00
44.880001068115234;45.0;44.75;44.85499954223633;4236;2020-12-09 10:30:00-05:00
44.86000061035156;45.540000915527344;44.86000061035156;45.40999984741211;15228;2020-12-09 11:30:00-05:00
45.45830154418945;45.79999923706055;45.22499847412109;45.22499847412109;6607;2020-12-09 12:30:00-05:00
45.36000061035156;45.400001525878906;45.13249969482422;45.380001068115234;30369;2020-12-09 13:30:00-05:00
45.400001525878906;45.92499923706055;45.380001068115234;45.84999847412109;3281;2020-12-09 14:30:00-05:00
45.84999847412109;46.20000076293945;45.76499938964844;46.04999923706055;26035;2020-12-09 15:30:00-05:00
45.790000915527344;46.20000076293945;45.75;46.20000076293945;3401;2020-12-10 09:30:00-05:00
46.24700164794922;46.5;46.02000045776367;46.44020080566406;8061;2020-12-10 10:30:00-05:00
46.5;46.869998931884766;46.47999954223633;46.494998931884766;4763;2020-12-10 11:30:00-05:00
46.477500915527344;46.77000045776367;46.46500015258789;46.7400016784668;5063;2020-12-10 12:30:00-05:00
46.65999984741211;46.65999984741211;46.459999084472656;46.54499816894531;3199;2020-12-10 13:30:00-05:00
46.5;46.619998931884766;46.41999816894531;46.5;4927;2020-12-10 14:30:00-05:00
46.5;46.7599983215332;46.45000076293945;46.7599983215332;18753;2020-12-10 15:30:00-05:00
46.38999938964844;47.4900016784668;46.29999923706055;47.40999984741211;0;2020-12-11 09:30:00-05:00
47.32500076293945;47.369998931884766;47.0099983215332;47.0099983215332;17560;2020-12-11 10:30:00-05:00
46.915000915527344;46.915000915527344;45.95000076293945;46.17739868164063;5608;2020-12-11 11:30:00-05:00
46.21979904174805;46.34000015258789;45.880001068115234;45.98500061035156;5700;2020-12-11 12:30:00-05:00
45.88959884643555;46.27000045776367;45.880001068115234;45.970001220703125;8279;2020-12-11 13:30:00-05:00
45.970001220703125;46.040000915527344;45.775001525878906;45.95859909057617;10724;2020-12-11 14:30:00-05:00
45.93999862670898;46.040000915527344;45.65499877929688;45.7599983215332;10507;2020-12-11 15:30:00-05:00
46.06999969482422;47.02000045776367;46.06999969482422;46.52000045776367;0;2020-12-14 09:30:00-05:00
46.810001373291016;46.810001373291016;46.02999877929688;46.06999969482422;4332;2020-12-14 10:30:00-05:00
45.97999954223633;46.09000015258789;45.33000183105469;45.459999084472656;9811;2020-12-14 11:30:00-05:00
45.31999969482422;45.31999969482422;45.0442008972168;45.0442008972168;2099;2020-12-14 12:30:00-05:00
44.93999862670898;45.40999984741211;44.93999862670898;45.33000183105469;3787;2020-12-14 13:30:00-05:00
45.380001068115234;45.400001525878906;44.93000030517578;45.16999816894531;3649;2020-12-14 14:30:00-05:00
45.400001525878906;45.400001525878906;44.7599983215332;44.900001525878906;10894;2020-12-14 15:30:00-05:00
45.08000183105469;45.22499847412109;44.505001068115234;44.84999847412109;0;2020-12-15 09:30:00-05:00
44.900001525878906;45.619998931884766;44.900001525878906;45.5099983215332;3393;2020-12-15 10:30:00-05:00
45.310001373291016;45.869998931884766;45.310001373291016;45.33000183105469;3600;2020-12-15 11:30:00-05:00
45.5;46.220001220703125;45.43000030517578;46.06999969482422;5793;2020-12-15 12:30:00-05:00
45.95000076293945;46.11000061035156;45.75;45.98600006103516;8452;2020-12-15 13:30:00-05:00
45.95000076293945;46.369998931884766;45.93059921264648;46.20000076293945;7108;2020-12-15 14:30:00-05:00
46.29999923706055;46.29999923706055;45.7599983215332;45.9900016784668;15214;2020-12-15 15:30:00-05:00
46.11000061035156;47.28499984741211;46.11000061035156;46.66999816894531;10292;2020-12-16 09:30:00-05:00
46.77999877929688;46.83000183105469;45.900001525878906;46.29999923706055;6773;2020-12-16 10:30:00-05:00
46.209999084472656;46.46189880371094;45.88999938964844;46.46189880371094;6326;2020-12-16 11:30:00-05:00
46.14640045166016;46.38999938964844;45.95000076293945;46.130001068115234;5174;2020-12-16 12:30:00-05:00
46.18000030517578;46.36000061035156;46.18000030517578;46.22999954223633;2771;2020-12-16 13:30:00-05:00
46.150001525878906;46.45000076293945;46.150001525878906;46.33000183105469;6009;2020-12-16 14:30:00-05:00
46.400001525878906;46.56999969482422;46.31999969482422;46.56999969482422;13552;2020-12-16 15:30:00-05:00
46.34999847412109;47.20000076293945;46.27000045776367;47.13999938964844;0;2020-12-17 09:30:00-05:00
47.13999938964844;47.630001068115234;46.970001220703125;47.25;7452;2020-12-17 10:30:00-05:00
46.970001220703125;47.36000061035156;46.68999862670898;46.7599983215332;9279;2020-12-17 11:30:00-05:00
46.630001068115234;46.81999969482422;46.56999969482422;46.619998931884766;5267;2020-12-17 12:30:00-05:00
46.61000061035156;47.38999938964844;46.52999877929688;47.209999084472656;7611;2020-12-17 13:30:00-05:00
46.9900016784668;47.09999847412109;46.65999984741211;47.0;8015;2020-12-17 14:30:00-05:00
47.119998931884766;47.459999084472656;47.095001220703125;47.41999816894531;17559;2020-12-17 15:30:00-05:00
47.70000076293945;47.900001525878906;46.658599853515625;47.2400016784668;0;2020-12-18 09:30:00-05:00
47.5099983215332;47.63999938964844;47.220001220703125;47.63999938964844;3807;2020-12-18 10:30:00-05:00
47.44499969482422;47.900001525878906;47.31499862670898;47.31499862670898;8052;2020-12-18 11:30:00-05:00
47.220001220703125;47.68999862670898;47.220001220703125;47.59999847412109;6119;2020-12-18 12:30:00-05:00
47.52999877929688;47.540000915527344;47.220001220703125;47.34999847412109;6806;2020-12-18 13:30:00-05:00
47.290000915527344;47.5;46.900001525878906;47.375;18840;2020-12-18 14:30:00-05:00
47.33000183105469;47.33000183105469;46.6349983215332;46.72999954223633;25720;2020-12-18 15:30:00-05:00
46.22999954223633;46.5;45.88999938964844;46.31449890136719;3902;2020-12-21 09:30:00-05:00
46.220001220703125;46.93999862670898;45.90999984741211;46.93999862670898;7819;2020-12-21 10:30:00-05:00
46.61000061035156;46.65999984741211;46.09999847412109;46.220001220703125;3152;2020-12-21 11:30:00-05:00
46.380001068115234;46.65999984741211;46.08000183105469;46.43999862670898;6704;2020-12-21 12:30:00-05:00
46.13999938964844;46.810001373291016;46.13999938964844;46.810001373291016;1931;2020-12-21 13:30:00-05:00
46.7599983215332;46.869998931884766;46.29999923706055;46.29999923706055;2653;2020-12-21 14:30:00-05:00
46.130001068115234;46.540000915527344;46.130001068115234;46.459999084472656;6603;2020-12-21 15:30:00-05:00
47.5;47.5;46.310001373291016;46.810001373291016;6467;2020-12-22 09:30:00-05:00
46.790000915527344;47.2400016784668;46.790000915527344;47.09000015258789;5315;2020-12-22 10:30:00-05:00
46.9297981262207;47.08000183105469;46.25;46.9900016784668;7028;2020-12-22 11:30:00-05:00
46.97999954223633;47.040000915527344;46.810001373291016;46.810001373291016;3445;2020-12-22 12:30:00-05:00
46.459999084472656;46.77999877929688;46.2599983215332;46.32360076904297;2110;2020-12-22 13:30:00-05:00
46.540000915527344;46.93999862670898;46.5099983215332;46.810001373291016;3002;2020-12-22 14:30:00-05:00
46.77000045776367;46.81999969482422;46.58000183105469;46.66999816894531;7536;2020-12-22 15:30:00-05:00
46.95000076293945;47.084999084472656;46.805999755859375;47.084999084472656;0;2020-12-23 09:30:00-05:00
47.09000015258789;47.095001220703125;46.52000045776367;46.619998931884766;6478;2020-12-23 10:30:00-05:00
46.630001068115234;46.64500045776367;46.4900016784668;46.4900016784668;3664;2020-12-23 11:30:00-05:00
46.400001525878906;46.400001525878906;46.13999938964844;46.345001220703125;3710;2020-12-23 12:30:00-05:00
46.27999877929688;46.630001068115234;46.09000015258789;46.630001068115234;3762;2020-12-23 13:30:00-05:00
46.54499816894531;46.84999847412109;46.41999816894531;46.720001220703125;20759;2020-12-23 14:30:00-05:00
46.65999984741211;46.79999923706055;46.5;46.720001220703125;36818;2020-12-23 15:30:00-05:00
46.9900016784668;47.2599983215332;46.20000076293945;46.7400016784668;20287;2020-12-24 09:30:00-05:00
46.77000045776367;46.97999954223633;46.72999954223633;46.97999954223633;18847;2020-12-24 10:30:00-05:00
47.02000045776367;47.45000076293945;47.0;47.2599983215332;5634;2020-12-24 11:30:00-05:00
47.27000045776367;47.4900016784668;47.27000045776367;47.380001068115234;0;2020-12-24 13:00:00-05:00
47.97499847412109;49.459999084472656;47.505001068115234;49.11000061035156;10361;2020-12-28 09:30:00-05:00
49.084999084472656;49.31999969482422;48.84999847412109;49.244998931884766;9393;2020-12-28 10:30:00-05:00
49.28499984741211;49.61000061035156;49.11309814453125;49.61000061035156;6547;2020-12-28 11:30:00-05:00
49.51499938964844;49.619998931884766;49.08000183105469;49.150001525878906;6479;2020-12-28 12:30:00-05:00
49.08000183105469;49.77000045776367;49.08000183105469;49.54999923706055;6987;2020-12-28 13:30:00-05:00
49.45000076293945;49.869998931884766;49.400001525878906;49.810001373291016;8515;2020-12-28 14:30:00-05:00
49.68999862670898;49.72999954223633;49.20000076293945;49.20000076293945;26114;2020-12-28 15:30:00-05:00
48.54999923706055;49.38999938964844;48.02999877929688;48.380001068115234;7626;2020-12-29 09:30:00-05:00
48.02999877929688;48.209999084472656;47.59000015258789;47.64500045776367;8059;2020-12-29 10:30:00-05:00
48.17499923706055;48.34999847412109;47.915000915527344;47.93999862670898;3705;2020-12-29 11:30:00-05:00
47.83000183105469;47.9900016784668;47.72999954223633;47.79999923706055;2895;2020-12-29 12:30:00-05:00
47.75;47.84400177001953;47.52999877929688;47.52999877929688;2345;2020-12-29 13:30:00-05:00
47.52000045776367;48.02999877929688;47.02999877929688;47.97999954223633;11367;2020-12-29 14:30:00-05:00
47.970001220703125;48.02999877929688;47.650001525878906;47.83000183105469;11587;2020-12-29 15:30:00-05:00
48.2400016784668;48.59000015258789;47.95000076293945;48.375;4921;2020-12-30 09:30:00-05:00
48.209999084472656;48.619998931884766;48.209999084472656;48.619998931884766;5253;2020-12-30 10:30:00-05:00
48.55500030517578;48.650001525878906;47.58000183105469;47.93999862670898;9780;2020-12-30 11:30:00-05:00
48.119998931884766;48.119998931884766;47.54999923706055;47.665000915527344;3862;2020-12-30 12:30:00-05:00
47.790000915527344;47.91999816894531;47.70000076293945;47.90999984741211;4567;2020-12-30 13:30:00-05:00
47.9900016784668;48.33000183105469;47.83000183105469;48.20500183105469;5311;2020-12-30 14:30:00-05:00
48.15999984741211;48.25;47.84000015258789;47.84000015258789;12380;2020-12-30 15:30:00-05:00
47.90999984741211;47.90999984741211;47.90999984741211;47.90999984741211;0;2020-12-31 09:30:00-05:00
47.7400016784668;47.93999862670898;47.31999969482422;47.709999084472656;8216;2020-12-31 10:30:00-05:00
47.54999923706055;47.7599983215332;47.11000061035156;47.11000061035156;4097;2020-12-31 11:30:00-05:00
47.150001525878906;47.25;46.84000015258789;46.88999938964844;8162;2020-12-31 12:30:00-05:00
46.880001068115234;47.02999877929688;46.86000061035156;47.02000045776367;5113;2020-12-31 13:30:00-05:00
46.959999084472656;47.20000076293945;46.4900016784668;46.7599983215332;14661;2020-12-31 14:30:00-05:00
46.93000030517578;47.470001220703125;46.77999877929688;47.0099983215332;15134;2020-12-31 15:30:00-05:00
47.72499847412109;47.72499847412109;46.220001220703125;46.2599983215332;9036;2021-01-04 09:30:00-05:00
46.345001220703125;46.400001525878906;45.61000061035156;45.75;11931;2021-01-04 10:30:00-05:00
46.42499923706055;46.42499923706055;45.790000915527344;46.220001220703125;4500;2021-01-04 11:30:00-05:00
46.2400016784668;46.25;45.86000061035156;46.25;6909;2021-01-04 12:30:00-05:00
46.226600646972656;46.626800537109375;46.119998931884766;46.560001373291016;5560;2021-01-04 13:30:00-05:00
46.61000061035156;47.56999969482422;46.47999954223633;46.47999954223633;8624;2021-01-04 14:30:00-05:00
46.52999877929688;46.88999938964844;46.459999084472656;46.709999084472656;20223;2021-01-04 15:30:00-05:00
47.025001525878906;47.44499969482422;46.20849990844727;47.060001373291016;6381;2021-01-05 09:30:00-05:00
47.20500183105469;48.39500045776367;47.09389877319336;48.244998931884766;13760;2021-01-05 10:30:00-05:00
48.2599983215332;48.5;47.83000183105469;48.380001068115234;7785;2021-01-05 11:30:00-05:00
48.38999938964844;48.810001373291016;48.35499954223633;48.810001373291016;9694;2021-01-05 12:30:00-05:00
48.53350067138672;49.43999862670898;48.53350067138672;49.0;11826;2021-01-05 13:30:00-05:00
49.04999923706055;49.27000045776367;48.90999984741211;48.90999984741211;12258;2021-01-05 14:30:00-05:00
48.810001373291016;48.84999847412109;48.09000015258789;48.630001068115234;25792;2021-01-05 15:30:00-05:00
48.959999084472656;49.810001373291016;48.959999084472656;49.5;12476;2021-01-06 09:30:00-05:00
49.46500015258789;49.790000915527344;49.33000183105469;49.459999084472656;7323;2021-01-06 10:30:00-05:00
49.58620071411133;49.7400016784668;49.2599983215332;49.52000045776367;13849;2021-01-06 11:30:00-05:00
49.459999084472656;49.66999816894531;48.52000045776367;48.93999862670898;13386;2021-01-06 12:30:00-05:00
49.04999923706055;49.52999877929688;49.04999923706055;49.16999816894531;7625;2021-01-06 13:30:00-05:00
49.22999954223633;49.71500015258789;48.72999954223633;49.71500015258789;8046;2021-01-06 14:30:00-05:00
49.68999862670898;49.72999954223633;49.31999969482422;49.5;30135;2021-01-06 15:30:00-05:00
49.25;49.79999923706055;49.04999923706055;49.69990158081055;8376;2021-01-07 09:30:00-05:00
49.61000061035156;49.68000030517578;48.630001068115234;48.65079879760742;4948;2021-01-07 10:30:00-05:00
48.810001373291016;49.150001525878906;48.810001373291016;49.150001525878906;2347;2021-01-07 11:30:00-05:00
49.09999847412109;49.192501068115234;49.0099983215332;49.060001373291016;5524;2021-01-07 12:30:00-05:00
49.005001068115234;49.31499862670898;49.005001068115234;49.16999816894531;6279;2021-01-07 13:30:00-05:00
49.14870071411133;49.16999816894531;48.88010025024414;49.0;3495;2021-01-07 14:30:00-05:00
48.91999816894531;49.02000045776367;48.83000183105469;48.9900016784668;8182;2021-01-07 15:30:00-05:00
49.40999984741211;49.40999984741211;48.90999984741211;49.02999877929688;0;2021-01-08 09:30:00-05:00
48.720001220703125;48.84000015258789;48.34999847412109;48.810001373291016;4638;2021-01-08 10:30:00-05:00
48.7400016784668;48.93999862670898;48.59000015258789;48.81010055541992;3197;2021-01-08 11:30:00-05:00
48.88999938964844;48.91999816894531;48.61000061035156;48.810001373291016;4602;2021-01-08 12:30:00-05:00
48.77000045776367;48.81999969482422;48.560001373291016;48.81999969482422;3908;2021-01-08 13:30:00-05:00
48.79999923706055;49.27000045776367;48.619998931884766;49.27000045776367;7905;2021-01-08 14:30:00-05:00
49.27000045776367;49.27000045776367;48.88999938964844;48.959999084472656;10046;2021-01-08 15:30:00-05:00
48.869998931884766;49.43000030517578;48.720001220703125;49.310001373291016;4988;2021-01-11 09:30:00-05:00
49.0099983215332;49.63999938964844;48.7400016784668;49.119998931884766;5327;2021-01-11 10:30:00-05:00
49.08000183105469;49.08000183105469;48.88100051879883;49.04999923706055;1211;2021-01-11 11:30:00-05:00
48.93000030517578;48.95000076293945;48.77000045776367;48.77000045776367;981;2021-01-11 12:30:00-05:00
48.88999938964844;48.90999984741211;48.68000030517578;48.68000030517578;3543;2021-01-11 13:30:00-05:00
48.650001525878906;49.09000015258789;48.61000061035156;49.09000015258789;4186;2021-01-11 14:30:00-05:00
49.01499938964844;49.290000915527344;49.01499938964844;49.09999847412109;9607;2021-01-11 15:30:00-05:00
49.59000015258789;50.0;48.40999984741211;49.61000061035156;0;2021-01-12 09:30:00-05:00
49.88999938964844;49.97999954223633;49.11000061035156;49.41999816894531;6434;2021-01-12 10:30:00-05:00
49.44279861450195;49.900001525878906;49.290000915527344;49.900001525878906;6666;2021-01-12 11:30:00-05:00
49.845001220703125;49.89640045166016;49.59999847412109;49.619998931884766;4025;2021-01-12 12:30:00-05:00
49.7400016784668;49.77000045776367;49.650001525878906;49.7400016784668;2266;2021-01-12 13:30:00-05:00
49.88999938964844;49.88999938964844;49.34000015258789;49.400001525878906;8560;2021-01-12 14:30:00-05:00
49.33000183105469;49.79999923706055;49.27000045776367;49.77000045776367;6990;2021-01-12 15:30:00-05:00
48.05500030517578;49.720001220703125;48.05500030517578;49.65499877929688;5563;2021-01-13 09:30:00-05:00
49.790000915527344;50.15499877929688;49.709999084472656;49.9900016784668;7331;2021-01-13 10:30:00-05:00
50.09999847412109;50.49250030517578;50.02000045776367;50.49250030517578;2069;2021-01-13 11:30:00-05:00
50.2599983215332;51.7400016784668;50.2599983215332;51.33000183105469;17954;2021-01-13 12:30:00-05:00
51.31499862670898;51.606201171875;51.24160003662109;51.40999984741211;10914;2021-01-13 13:30:00-05:00
51.44660186767578;51.54330062866211;50.59550094604492;50.880001068115234;13611;2021-01-13 14:30:00-05:00
50.83000183105469;51.09000015258789;50.77999877929688;51.02999877929688;16171;2021-01-13 15:30:00-05:00
51.27000045776367;52.0099983215332;50.810001373291016;51.13999938964844;0;2021-01-14 09:30:00-05:00
51.18000030517578;51.375;51.060001373291016;51.33000183105469;1709;2021-01-14 10:30:00-05:00
51.30500030517578;52.3025016784668;51.16999816894531;51.630001068115234;10407;2021-01-14 11:30:00-05:00
51.66999816894531;52.040000915527344;51.619998931884766;51.8650016784668;6354;2021-01-14 12:30:00-05:00
51.83000183105469;51.935001373291016;51.59000015258789;51.935001373291016;7325;2021-01-14 13:30:00-05:00
51.970001220703125;52.18999862670898;51.720001220703125;52.02999877929688;11583;2021-01-14 14:30:00-05:00
51.93000030517578;52.58000183105469;51.89500045776367;52.06999969482422;27798;2021-01-14 15:30:00-05:00
51.994998931884766;52.81999969482422;51.73500061035156;52.0099983215332;16122;2021-01-15 09:30:00-05:00
52.0099983215332;52.61000061035156;52.0099983215332;52.61000061035156;16359;2021-01-15 10:30:00-05:00
52.75;52.97999954223633;52.26499938964844;52.5;9119;2021-01-15 11:30:00-05:00
52.34999847412109;52.77000045776367;52.2599983215332;52.7509994506836;5261;2021-01-15 12:30:00-05:00
52.69499969482422;53.52999877929688;52.540000915527344;53.43999862670898;15167;2021-01-15 13:30:00-05:00
53.255001068115234;53.84999847412109;53.220001220703125;53.220001220703125;15202;2021-01-15 14:30:00-05:00
53.060001373291016;53.15999984741211;52.59000015258789;52.88999938964844;17823;2021-01-15 15:30:00-05:00
53.29999923706055;53.91999816894531;52.70000076293945;53.28499984741211;7119;2021-01-19 09:30:00-05:00
53.3650016784668;53.5;52.4900016784668;53.13999938964844;18213;2021-01-19 10:30:00-05:00
52.970001220703125;53.13999938964844;52.52000045776367;52.73500061035156;10861;2021-01-19 11:30:00-05:00
52.84999847412109;53.110198974609375;52.06999969482422;52.13999938964844;11510;2021-01-19 12:30:00-05:00
52.150001525878906;52.29499816894531;51.27000045776367;51.5;14481;2021-01-19 13:30:00-05:00
51.810001373291016;52.34000015258789;51.52999877929688;52.2599983215332;18064;2021-01-19 14:30:00-05:00
52.22999954223633;52.84999847412109;52.22999954223633;52.63999938964844;26826;2021-01-19 15:30:00-05:00
52.4900016784668;53.040000915527344;51.58000183105469;52.709999084472656;13834;2021-01-20 09:30:00-05:00
52.650001525878906;53.119998931884766;52.310001373291016;52.310001373291016;11035;2021-01-20 10:30:00-05:00
52.59999847412109;52.59999847412109;51.560001373291016;51.68000030517578;12879;2021-01-20 11:30:00-05:00
51.68999862670898;51.83000183105469;51.28499984741211;51.4900016784668;8655;2021-01-20 12:30:00-05:00
51.68999862670898;52.5099983215332;51.33000183105469;52.0;12446;2021-01-20 13:30:00-05:00
51.790000915527344;52.27999877929688;51.7599983215332;52.02000045776367;12268;2021-01-20 14:30:00-05:00
52.13999938964844;52.4900016784668;51.970001220703125;52.400001525878906;22939;2021-01-20 15:30:00-05:00
52.43999862670898;52.43999862670898;51.40999984741211;51.9900016784668;5987;2021-01-21 09:30:00-05:00
52.0099983215332;52.18999862670898;51.84999847412109;51.97999954223633;7487;2021-01-21 10:30:00-05:00
52.369998931884766;52.5099983215332;52.209999084472656;52.310001373291016;5006;2021-01-21 11:30:00-05:00
52.369998931884766;52.369998931884766;52.0;52.209999084472656;5361;2021-01-21 12:30:00-05:00
52.33000183105469;52.36000061035156;52.04999923706055;52.18000030517578;3837;2021-01-21 13:30:00-05:00
52.16999816894531;52.54999923706055;52.16999816894531;52.4900016784668;9691;2021-01-21 14:30:00-05:00
52.470001220703125;52.5099983215332;51.709999084472656;52.0099983215332;24881;2021-01-21 15:30:00-05:00
51.650001525878906;52.56999969482422;51.442501068115234;52.28749847412109;13003;2021-01-22 09:30:00-05:00
52.290000915527344;53.25;52.130001068115234;52.83000183105469;6002;2021-01-22 10:30:00-05:00
52.810001373291016;53.09000015258789;52.56999969482422;52.56999969482422;6257;2021-01-22 11:30:00-05:00
52.52000045776367;52.70000076293945;52.220001220703125;52.65999984741211;7113;2021-01-22 12:30:00-05:00
52.43999862670898;52.540000915527344;52.04999923706055;52.400001525878906;7441;2021-01-22 13:30:00-05:00
52.61000061035156;52.810001373291016;52.5099983215332;52.56999969482422;7427;2021-01-22 14:30:00-05:00
52.61000061035156;53.18999862670898;52.61000061035156;53.119998931884766;14272;2021-01-22 15:30:00-05:00
53.56999969482422;57.9900016784668;53.130001068115234;57.5171012878418;45504;2021-01-25 09:30:00-05:00
57.59999847412109;58.52000045776367;56.02000045776367;56.15999984741211;26719;2021-01-25 10:30:00-05:00
56.51499938964844;56.91999816894531;55.22999954223633;55.44499969482422;15784;2021-01-25 11:30:00-05:00
55.31999969482422;55.58000183105469;54.630001068115234;54.93999862670898;39733;2021-01-25 12:30:00-05:00
54.935001373291016;55.06999969482422;54.09000015258789;54.09000015258789;17707;2021-01-25 13:30:00-05:00
54.165000915527344;54.2599983215332;53.61000061035156;53.900001525878906;17561;2021-01-25 14:30:00-05:00
54.119998931884766;54.63999938964844;53.47999954223633;54.52999877929688;39000;2021-01-25 15:30:00-05:00
55.58000183105469;55.93360137939453;54.619998931884766;55.880001068115234;19311;2021-01-26 09:30:00-05:00
55.9900016784668;56.45000076293945;55.2599983215332;56.14500045776367;17067;2021-01-26 10:30:00-05:00
56.19499969482422;56.65999984741211;55.709999084472656;56.52629852294922;9985;2021-01-26 11:30:00-05:00
56.56499862670898;58.369998931884766;56.56499862670898;58.369998931884766;15764;2021-01-26 12:30:00-05:00
58.36000061035156;59.2400016784668;58.19660186767578;59.09000015258789;14208;2021-01-26 13:30:00-05:00
59.09000015258789;59.619998931884766;58.96500015258789;59.540000915527344;29563;2021-01-26 14:30:00-05:00
59.619998931884766;60.31999969482422;59.459999084472656;60.25;50807;2021-01-26 15:30:00-05:00
58.34000015258789;61.25;58.34000015258789;61.220001220703125;29926;2021-01-27 09:30:00-05:00
61.13999938964844;61.52000045776367;60.15999984741211;60.63999938964844;32696;2021-01-27 10:30:00-05:00
60.43999862670898;61.20000076293945;60.27999877929688;60.76499938964844;24098;2021-01-27 11:30:00-05:00
60.875;60.95000076293945;59.290000915527344;59.290000915527344;32381;2021-01-27 12:30:00-05:00
59.13999938964844;59.18000030517578;57.880001068115234;58.54499816894531;24528;2021-01-27 13:30:00-05:00
58.619998931884766;58.619998931884766;57.62289810180664;58.40999984741211;17001;2021-01-27 14:30:00-05:00
58.29999923706055;59.150001525878906;58.22499847412109;58.58000183105469;41088;2021-01-27 15:30:00-05:00
59.6150016784668;60.06990051269531;56.290000915527344;56.84999847412109;20699;2021-01-28 09:30:00-05:00
56.68000030517578;56.97999954223633;54.77000045776367;55.16999816894531;17109;2021-01-28 10:30:00-05:00
55.16999816894531;57.13999938964844;55.16999816894531;56.560001373291016;26089;2021-01-28 11:30:00-05:00
56.47499847412109;57.79999923706055;56.34999847412109;57.119998931884766;28356;2021-01-28 12:30:00-05:00
57.11000061035156;57.83000183105469;56.79999923706055;57.20600128173828;10103;2021-01-28 13:30:00-05:00
57.04999923706055;57.720001220703125;56.95000076293945;57.2400016784668;10314;2021-01-28 14:30:00-05:00
57.2400016784668;57.5099983215332;56.97999954223633;57.130001068115234;16713;2021-01-28 15:30:00-05:00
57.04999923706055;57.68999862670898;57.04999923706055;57.46500015258789;7102;2021-01-29 09:30:00-05:00
57.63999938964844;58.5;57.63999938964844;58.0;8756;2021-01-29 10:30:00-05:00
57.52000045776367;58.15499877929688;57.470001220703125;57.709999084472656;8527;2021-01-29 11:30:00-05:00
57.709999084472656;58.09999847412109;57.59000015258789;58.09999847412109;10170;2021-01-29 12:30:00-05:00
57.90999984741211;58.31999969482422;57.84000015258789;58.27000045776367;6540;2021-01-29 13:30:00-05:00
58.27000045776367;58.27000045776367;57.54499816894531;57.880001068115234;22109;2021-01-29 14:30:00-05:00
57.84999847412109;58.40999984741211;57.79999923706055;58.02000045776367;46009;2021-01-29 15:30:00-05:00
57.810001373291016;57.93000030517578;55.03499984741211;55.630001068115234;34353;2021-02-01 09:30:00-05:00
55.5099983215332;58.4900016784668;55.5099983215332;58.220001220703125;21972;2021-02-01 10:30:00-05:00
58.34999847412109;59.38999938964844;58.11000061035156;58.60010147094727;15718;2021-02-01 11:30:00-05:00
58.970001220703125;59.23500061035156;57.7400016784668;57.915000915527344;16105;2021-02-01 12:30:00-05:00
57.915000915527344;58.63999938964844;57.59000015258789;58.59000015258789;15082;2021-02-01 13:30:00-05:00
58.7599983215332;59.02999877929688;58.61000061035156;58.650001525878906;13682;2021-02-01 14:30:00-05:00
58.64500045776367;59.130001068115234;58.560001373291016;59.060001373291016;36816;2021-02-01 15:30:00-05:00
59.22999954223633;59.22999954223633;58.16999816894531;58.369998931884766;19540;2021-02-02 09:30:00-05:00
58.58000183105469;59.869998931884766;58.150001525878906;59.869998931884766;29372;2021-02-02 10:30:00-05:00
59.65999984741211;60.2400016784668;58.91999816894531;59.775001525878906;11461;2021-02-02 11:30:00-05:00
59.775001525878906;60.40999984741211;59.775001525878906;60.40999984741211;14993;2021-02-02 12:30:00-05:00
60.4900016784668;60.95000076293945;60.22999954223633;60.22999954223633;22375;2021-02-02 13:30:00-05:00
60.29999923706055;60.45000076293945;59.900001525878906;60.290000915527344;12082;2021-02-02 14:30:00-05:00
60.04999923706055;60.66999816894531;60.0099983215332;60.400001525878906;48490;2021-02-02 15:30:00-05:00
60.06999969482422;60.75;58.310001373291016;58.63999938964844;17266;2021-02-03 09:30:00-05:00
58.650001525878906;59.755001068115234;57.91999816894531;59.720001220703125;24032;2021-02-03 10:30:00-05:00
59.59999847412109;60.63999938964844;59.59999847412109;60.40999984741211;12416;2021-02-03 11:30:00-05:00
60.34999847412109;60.93000030517578;60.18999862670898;60.8650016784668;11729;2021-02-03 12:30:00-05:00
60.70000076293945;61.525001525878906;60.70000076293945;61.209999084472656;23939;2021-02-03 13:30:00-05:00
61.334999084472656;62.22999954223633;61.2400016784668;62.21500015258789;28374;2021-02-03 14:30:00-05:00
62.150001525878906;62.36000061035156;61.959999084472656;62.20000076293945;42397;2021-02-03 15:30:00-05:00
61.86000061035156;62.45000076293945;60.95000076293945;61.16999816894531;11969;2021-02-04 09:30:00-05:00
61.27000045776367;62.11000061035156;60.310001373291016;61.52000045776367;17223;2021-02-04 10:30:00-05:00
61.36000061035156;61.97999954223633;60.18999862670898;60.630001068115234;36845;2021-02-04 11:30:00-05:00
60.7322998046875;61.2599983215332;60.29999923706055;60.95000076293945;10349;2021-02-04 12:30:00-05:00
60.880001068115234;61.02999877929688;60.59000015258789;60.79750061035156;10948;2021-02-04 13:30:00-05:00
60.81999969482422;61.20500183105469;60.81999969482422;61.1349983215332;13790;2021-02-04 14:30:00-05:00
61.119998931884766;61.16999816894531;60.40999984741211;61.09999847412109;25133;2021-02-04 15:30:00-05:00
62.165000915527344;62.165000915527344;61.220001220703125;61.869998931884766;14945;2021-02-05 09:30:00-05:00
61.72999954223633;61.900001525878906;61.09999847412109;61.470001220703125;19171;2021-02-05 10:30:00-05:00
61.5099983215332;61.959999084472656;61.20159912109375;61.59000015258789;12053;2021-02-05 11:30:00-05:00
61.560001373291016;62.0;61.560001373291016;61.8650016784668;9799;2021-02-05 12:30:00-05:00
61.8650016784668;62.130001068115234;61.72999954223633;62.0099983215332;10721;2021-02-05 13:30:00-05:00
62.09999847412109;62.5;62.02999877929688;62.39500045776367;9897;2021-02-05 14:30:00-05:00
62.459999084472656;62.470001220703125;61.83000183105469;62.470001220703125;21053;2021-02-05 15:30:00-05:00
62.72999954223633;63.65999984741211;62.6150016784668;63.27999877929688;13041;2021-02-08 09:30:00-05:00
63.290000915527344;63.91999816894531;63.27999877929688;63.70090103149414;26819;2021-02-08 10:30:00-05:00
63.665000915527344;64.88500213623047;63.560001373291016;64.37999725341797;10258;2021-02-08 11:30:00-05:00
64.48999786376953;64.76499938964844;64.47000122070312;64.6500015258789;9422;2021-02-08 12:30:00-05:00
64.4000015258789;64.5;64.16000366210938;64.2300033569336;8691;2021-02-08 13:30:00-05:00
64.2249984741211;64.31999969482422;63.54999923706055;64.30999755859375;21982;2021-02-08 14:30:00-05:00
64.30999755859375;65.0;64.30999755859375;64.98999786376953;27168;2021-02-08 15:30:00-05:00
65.58999633789062;66.81999969482422;64.22000122070312;66.6500015258789;28169;2021-02-09 09:30:00-05:00
66.45999908447266;67.19000244140625;66.4000015258789;67.0;15553;2021-02-09 10:30:00-05:00
67.0999984741211;67.8499984741211;66.77999877929688;67.38999938964844;18285;2021-02-09 11:30:00-05:00
67.34500122070312;67.87999725341797;67.16000366210938;67.33999633789062;15699;2021-02-09 12:30:00-05:00
67.34500122070312;67.43000030517578;66.7699966430664;67.0999984741211;36255;2021-02-09 13:30:00-05:00
67.0999984741211;67.16999816894531;66.48999786376953;66.86000061035156;32363;2021-02-09 14:30:00-05:00
66.76000213623047;67.22000122070312;66.70999908447266;67.02999877929688;32376;2021-02-09 15:30:00-05:00
67.3499984741211;69.29000091552734;67.11000061035156;68.17500305175781;18376;2021-02-10 09:30:00-05:00
68.12999725341797;69.01000213623047;67.73999786376953;68.80999755859375;17910;2021-02-10 10:30:00-05:00
69.06999969482422;69.12999725341797;67.2699966430664;68.01000213623047;24479;2021-02-10 11:30:00-05:00
67.87000274658203;67.98999786376953;67.29000091552734;67.41999816894531;19404;2021-02-10 12:30:00-05:00
67.20999908447266;67.33999633789062;66.8499984741211;66.8499984741211;7530;2021-02-10 13:30:00-05:00
66.99500274658203;67.08999633789062;65.91999816894531;66.2499008178711;24023;2021-02-10 14:30:00-05:00
66.38999938964844;66.6500015258789;65.4800033569336;66.31999969482422;38754;2021-02-10 15:30:00-05:00
66.04000091552734;66.76000213623047;64.81999969482422;65.3949966430664;10664;2021-02-11 09:30:00-05:00
65.63999938964844;66.26000213623047;65.4800033569336;66.26000213623047;6786;2021-02-11 10:30:00-05:00
66.3499984741211;66.3499984741211;65.19999694824219;65.23999786376953;8704;2021-02-11 11:30:00-05:00
65.0;66.25;64.76000213623047;65.83499908447266;12587;2021-02-11 12:30:00-05:00
66.05999755859375;66.13999938964844;65.75;65.93000030517578;6349;2021-02-11 13:30:00-05:00
65.94999694824219;66.12000274658203;65.80999755859375;65.9000015258789;6181;2021-02-11 14:30:00-05:00
66.0199966430664;66.16000366210938;65.80000305175781;66.0999984741211;30370;2021-02-11 15:30:00-05:00
65.58999633789062;68.13999938964844;65.0999984741211;68.02999877929688;14306;2021-02-12 09:30:00-05:00
67.95500183105469;68.58999633789062;67.87000274658203;67.87000274658203;17813;2021-02-12 10:30:00-05:00
68.0;68.83000183105469;67.79499816894531;68.70999908447266;20214;2021-02-12 11:30:00-05:00
68.66999816894531;69.41999816894531;68.46499633789062;68.97000122070312;14677;2021-02-12 12:30:00-05:00
69.0;69.11250305175781;68.16000366210938;68.87000274658203;22794;2021-02-12 13:30:00-05:00
68.87000274658203;69.47000122070312;68.375;68.79000091552734;22496;2021-02-12 14:30:00-05:00
68.80000305175781;69.12000274658203;68.52999877929688;68.5999984741211;43596;2021-02-12 15:30:00-05:00
69.52999877929688;69.80000305175781;67.08000183105469;67.25;16901;2021-02-16 09:30:00-05:00
67.25;67.3499984741211;66.7699966430664;67.33000183105469;23153;2021-02-16 10:30:00-05:00
67.19000244140625;67.97000122070312;67.05000305175781;67.69000244140625;17573;2021-02-16 11:30:00-05:00
67.83000183105469;68.37000274658203;67.20999908447266;67.6500015258789;11360;2021-02-16 12:30:00-05:00
67.66000366210938;67.68000030517578;67.2699966430664;67.58000183105469;10089;2021-02-16 13:30:00-05:00
67.56999969482422;68.44000244140625;67.55999755859375;67.9800033569336;24796;2021-02-16 14:30:00-05:00
67.96499633789062;68.19499969482422;67.57499694824219;67.58000183105469;25070;2021-02-16 15:30:00-05:00
67.05999755859375;69.37989807128906;66.94000244140625;68.5;34628;2021-02-17 09:30:00-05:00
68.4000015258789;68.95999908447266;68.19999694824219;68.79499816894531;32732;2021-02-17 10:30:00-05:00
68.7300033569336;68.98999786376953;68.0;68.9800033569336;23759;2021-02-17 11:30:00-05:00
68.77999877929688;69.62000274658203;68.69999694824219;69.30000305175781;18095;2021-02-17 12:30:00-05:00
69.38500213623047;70.06999969482422;69.36000061035156;69.80000305175781;27730;2021-02-17 13:30:00-05:00
69.70999908447266;70.19000244140625;69.58999633789062;69.9749984741211;30999;2021-02-17 14:30:00-05:00
70.0199966430664;70.48999786376953;69.83000183105469;70.44000244140625;42794;2021-02-17 15:30:00-05:00
69.7300033569336;69.7300033569336;66.7300033569336;66.7300033569336;38044;2021-02-18 09:30:00-05:00
66.80999755859375;67.68000030517578;66.57319641113281;67.22000122070312;20163;2021-02-18 10:30:00-05:00
67.37000274658203;67.80989837646484;67.125;67.77749633789062;12903;2021-02-18 11:30:00-05:00
67.79000091552734;68.47000122070312;67.73999786376953;68.12999725341797;15945;2021-02-18 12:30:00-05:00
68.18499755859375;68.2300033569336;66.69999694824219;66.93499755859375;16751;2021-02-18 13:30:00-05:00
66.93000030517578;66.94499969482422;65.5;65.5;23721;2021-02-18 14:30:00-05:00
65.3499984741211;65.61000061035156;64.77999877929688;65.41000366210938;44352;2021-02-18 15:30:00-05:00
65.16999816894531;67.83000183105469;65.16999816894531;66.81999969482422;18481;2021-02-19 09:30:00-05:00
67.21499633789062;67.51000213623047;65.87000274658203;66.25;18015;2021-02-19 10:30:00-05:00
66.13999938964844;66.44000244140625;65.93000030517578;66.28500366210938;12161;2021-02-19 11:30:00-05:00
66.0999984741211;66.33999633789062;65.77999877929688;65.81999969482422;14316;2021-02-19 12:30:00-05:00
65.80000305175781;65.94999694824219;64.9031982421875;64.9031982421875;16281;2021-02-19 13:30:00-05:00
64.81999969482422;65.58499908447266;64.45999908447266;65.02999877929688;32200;2021-02-19 14:30:00-05:00
65.0;65.0;63.75;64.41999816894531;64854;2021-02-19 15:30:00-05:00
64.13999938964844;65.1500015258789;63.470001220703125;64.70999908447266;21924;2021-02-22 09:30:00-05:00
64.7300033569336;66.19999694824219;64.5999984741211;66.19999694824219;12738;2021-02-22 10:30:00-05:00
66.34500122070312;67.26000213623047;66.34500122070312;67.11000061035156;10837;2021-02-22 11:30:00-05:00
66.97339630126953;67.30000305175781;66.45999908447266;66.8499984741211;9892;2021-02-22 12:30:00-05:00
66.69999694824219;67.75;66.45999908447266;67.55000305175781;16447;2021-02-22 13:30:00-05:00
67.70999908447266;68.3499984741211;67.62999725341797;68.05000305175781;27083;2021-02-22 14:30:00-05:00
68.2300033569336;69.11000061035156;67.9800033569336;69.0999984741211;66291;2021-02-22 15:30:00-05:00
67.75;68.47000122070312;66.83999633789062;68.29139709472656;28027;2021-02-23 09:30:00-05:00
67.80999755859375;69.2699966430664;67.70999908447266;67.95999908447266;18956;2021-02-23 10:30:00-05:00
68.0199966430664;69.31999969482422;68.0199966430664;69.11000061035156;11653;2021-02-23 11:30:00-05:00
69.0988998413086;69.66999816894531;68.01000213623047;69.63999938964844;13092;2021-02-23 12:30:00-05:00
69.63999938964844;69.75;69.00499725341797;69.75;15748;2021-02-23 13:30:00-05:00
69.66000366210938;70.19000244140625;69.31999969482422;69.94499969482422;21346;2021-02-23 14:30:00-05:00
70.0;70.13999938964844;69.66000366210938;70.08999633789062;26489;2021-02-23 15:30:00-05:00
70.44000244140625;70.45999908447266;68.76000213623047;69.70140075683594;20224;2021-02-24 09:30:00-05:00
69.88500213623047;70.4800033569336;69.29000091552734;70.25;15585;2021-02-24 10:30:00-05:00
70.25;70.8499984741211;70.0999984741211;70.26000213623047;17718;2021-02-24 11:30:00-05:00
70.2699966430664;70.4000015258789;69.80999755859375;70.36000061035156;7897;2021-02-24 12:30:00-05:00
70.33999633789062;70.33999633789062;69.68000030517578;69.7300033569336;7309;2021-02-24 13:30:00-05:00
69.81999969482422;70.23999786376953;69.69999694824219;70.16000366210938;9058;2021-02-24 14:30:00-05:00
70.13999938964844;70.44000244140625;69.44999694824219;69.62000274658203;26467;2021-02-24 15:30:00-05:00
70.5;71.94999694824219;69.37000274658203;70.7699966430664;20958;2021-02-25 09:30:00-05:00
70.36000061035156;70.69999694824219;67.08000183105469;68.06999969482422;27250;2021-02-25 10:30:00-05:00
68.23999786376953;68.62999725341797;66.7300033569336;66.88099670410156;13875;2021-02-25 11:30:00-05:00
66.56999969482422;68.33399963378906;65.86000061035156;67.95999908447266;23266;2021-02-25 12:30:00-05:00
67.51000213623047;68.29000091552734;67.11000061035156;67.9052963256836;17637;2021-02-25 13:30:00-05:00
67.8499984741211;67.86000061035156;65.19000244140625;66.08999633789062;18682;2021-02-25 14:30:00-05:00
65.94000244140625;66.8499984741211;65.75;66.37999725341797;30443;2021-02-25 15:30:00-05:00
63.2400016784668;65.73999786376953;61.630001068115234;61.65999984741211;40739;2021-02-26 09:30:00-05:00
61.619998931884766;62.560001373291016;60.9900016784668;62.1349983215332;28429;2021-02-26 10:30:00-05:00
62.27000045776367;64.04000091552734;62.095001220703125;63.875;23413;2021-02-26 11:30:00-05:00
63.900001525878906;64.62000274658203;63.650001525878906;64.25;36575;2021-02-26 12:30:00-05:00
64.24500274658203;65.0199966430664;63.70500183105469;64.04000091552734;47224;2021-02-26 13:30:00-05:00
64.07499694824219;64.76000213623047;63.90499877929688;64.01499938964844;45720;2021-02-26 14:30:00-05:00
64.01000213623047;64.45999908447266;63.540000915527344;63.7599983215332;62568;2021-02-26 15:30:00-05:00
64.5199966430664;65.63999938964844;63.869998931884766;64.77999877929688;7454;2021-03-01 09:30:00-05:00
64.9000015258789;64.9000015258789;64.0199966430664;64.32499694824219;9976;2021-03-01 10:30:00-05:00
64.44999694824219;64.8499984741211;64.18499755859375;64.76499938964844;5263;2021-03-01 11:30:00-05:00
64.87999725341797;67.04000091552734;64.69000244140625;66.84500122070312;41182;2021-03-01 12:30:00-05:00
67.05000305175781;67.44999694824219;66.5999984741211;66.76000213623047;23768;2021-03-01 13:30:00-05:00
66.76000213623047;66.9800033569336;66.12000274658203;66.3550033569336;11856;2021-03-01 14:30:00-05:00
66.3550033569336;66.4800033569336;66.0199966430664;66.23999786376953;20925;2021-03-01 15:30:00-05:00
66.05999755859375;66.2300033569336;64.68499755859375;65.5999984741211;18885;2021-03-02 09:30:00-05:00
65.58999633789062;65.5999984741211;64.6500015258789;65.0;23033;2021-03-02 10:30:00-05:00
65.2300033569336;65.69999694824219;65.00379943847656;65.37999725341797;22907;2021-03-02 11:30:00-05:00
65.4000015258789;65.61499786376953;65.29000091552734;65.37000274658203;9540;2021-03-02 12:30:00-05:00
65.4800033569336;65.66999816894531;64.8550033569336;64.8550033569336;11748;2021-03-02 13:30:00-05:00
64.81500244140625;65.4800033569336;64.70500183105469;64.9749984741211;17716;2021-03-02 14:30:00-05:00
64.93499755859375;64.93499755859375;64.51000213623047;64.62000274658203;25238;2021-03-02 15:30:00-05:00
64.83000183105469;65.9000015258789;63.13999938964844;64.08999633789062;12970;2021-03-03 09:30:00-05:00
63.79999923706055;64.66999816894531;63.290000915527344;64.66999816894531;15550;2021-03-03 10:30:00-05:00
64.66999816894531;65.0;64.22000122070312;64.5999984741211;8370;2021-03-03 11:30:00-05:00
64.58999633789062;65.4000015258789;64.58000183105469;65.4000015258789;9540;2021-03-03 12:30:00-05:00
65.25499725341797;65.25499725341797;64.12000274658203;64.55000305175781;6009;2021-03-03 13:30:00-05:00
64.25;64.58000183105469;64.0199966430664;64.20999908447266;9917;2021-03-03 14:30:00-05:00
64.31999969482422;64.37000274658203;62.959999084472656;62.97999954223633;26973;2021-03-03 15:30:00-05:00
62.9900016784668;63.97999954223633;62.44969940185547;63.790000915527344;44733;2021-03-04 09:30:00-05:00
63.7400016784668;64.5199966430664;63.61000061035156;63.630001068115234;12300;2021-03-04 10:30:00-05:00
63.810001373291016;63.810001373291016;62.25;62.25;14248;2021-03-04 11:30:00-05:00
62.47999954223633;62.6150016784668;61.150001525878906;61.44269943237305;12721;2021-03-04 12:30:00-05:00
61.34000015258789;61.845001220703125;60.900001525878906;61.61000061035156;13357;2021-03-04 13:30:00-05:00
61.45000076293945;61.630001068115234;61.1349983215332;61.290000915527344;10831;2021-03-04 14:30:00-05:00
61.36000061035156;61.59999847412109;61.150001525878906;61.47999954223633;19481;2021-03-04 15:30:00-05:00
62.150001525878906;62.459999084472656;61.31999969482422;61.68999862670898;13070;2021-03-05 09:30:00-05:00
61.68999862670898;62.56999969482422;61.53010177612305;62.15999984741211;13095;2021-03-05 10:30:00-05:00
62.36000061035156;63.43000030517578;62.209999084472656;63.43000030517578;9903;2021-03-05 11:30:00-05:00
63.77000045776367;63.77000045776367;62.86000061035156;63.305999755859375;19087;2021-03-05 12:30:00-05:00
63.435001373291016;63.77999877929688;62.83000183105469;63.150001525878906;13034;2021-03-05 13:30:00-05:00
63.32500076293945;63.88999938964844;63.27999877929688;63.88999938964844;11997;2021-03-05 14:30:00-05:00
63.95000076293945;65.0;63.95000076293945;64.58000183105469;29638;2021-03-05 15:30:00-05:00
64.4800033569336;64.56999969482422;62.93999862670898;64.12000274658203;11535;2021-03-08 09:30:00-05:00
64.23999786376953;65.30000305175781;64.20999908447266;65.22000122070312;6612;2021-03-08 10:30:00-05:00
64.93000030517578;66.22000122070312;64.79000091552734;66.22000122070312;10106;2021-03-08 11:30:00-05:00
66.05999755859375;66.16999816894531;65.7300033569336;65.83999633789062;9973;2021-03-08 12:30:00-05:00
65.93000030517578;65.94999694824219;64.48999786376953;65.0250015258789;9493;2021-03-08 13:30:00-05:00
64.95999908447266;64.95999908447266;64.31999969482422;64.52999877929688;8258;2021-03-08 14:30:00-05:00
64.58000183105469;64.8499984741211;64.44000244140625;64.47000122070312;11067;2021-03-08 15:30:00-05:00
64.75;66.91000366210938;64.3499984741211;65.94999694824219;16538;2021-03-09 09:30:00-05:00
65.94000244140625;67.38999938964844;65.16999816894531;66.98999786376953;11352;2021-03-09 10:30:00-05:00
67.0;67.83999633789062;66.70999908447266;67.81999969482422;8279;2021-03-09 11:30:00-05:00
67.8499984741211;68.12999725341797;67.31999969482422;67.61000061035156;9399;2021-03-09 12:30:00-05:00
67.80999755859375;67.83999633789062;67.01000213623047;67.34500122070312;10353;2021-03-09 13:30:00-05:00
67.41999816894531;67.69999694824219;67.12000274658203;67.18000030517578;10734;2021-03-09 14:30:00-05:00
67.01000213623047;67.01000213623047;65.94999694824219;66.19000244140625;17322;2021-03-09 15:30:00-05:00
66.44999694824219;68.76000213623047;66.44999694824219;66.99310302734375;21332;2021-03-10 09:30:00-05:00
67.0999984741211;67.36000061035156;66.30999755859375;66.70570373535156;9493;2021-03-10 10:30:00-05:00
66.80999755859375;67.2300033569336;66.26000213623047;66.44329833984375;5951;2021-03-10 11:30:00-05:00
66.51000213623047;67.36000061035156;66.08000183105469;66.58000183105469;4896;2021-03-10 12:30:00-05:00
66.5;67.08000183105469;66.26000213623047;66.70999908447266;3261;2021-03-10 13:30:00-05:00
66.66000366210938;67.0;66.4800033569336;66.75;3785;2021-03-10 14:30:00-05:00
66.86000061035156;66.87999725341797;66.38999938964844;66.4800033569336;12635;2021-03-10 15:30:00-05:00
66.43000030517578;67.0;65.75499725341797;66.65499877929688;7149;2021-03-11 09:30:00-05:00
66.94000244140625;67.44999694824219;66.7699966430664;66.94000244140625;8583;2021-03-11 10:30:00-05:00
66.93000030517578;66.9749984741211;65.22010040283203;65.63999938964844;24456;2021-03-11 11:30:00-05:00
65.25;65.97760009765625;64.7301025390625;65.93000030517578;8663;2021-03-11 12:30:00-05:00
66.01000213623047;66.05999755859375;65.9000015258789;66.0;4748;2021-03-11 13:30:00-05:00
66.0;66.125;64.94999694824219;65.44999694824219;15643;2021-03-11 14:30:00-05:00
65.56999969482422;66.5999984741211;65.51000213623047;66.33999633789062;22434;2021-03-11 15:30:00-05:00
66.19999694824219;67.37999725341797;66.17230224609375;66.62999725341797;28814;2021-03-12 09:30:00-05:00
66.52999877929688;67.00499725341797;66.36000061035156;66.95999908447266;8688;2021-03-12 10:30:00-05:00
66.86000061035156;67.17500305175781;66.63999938964844;67.11000061035156;11252;2021-03-12 11:30:00-05:00
67.12999725341797;67.12999725341797;66.9000015258789;67.02999877929688;18524;2021-03-12 12:30:00-05:00
66.93000030517578;66.98249816894531;66.26499938964844;66.41999816894531;6452;2021-03-12 13:30:00-05:00
66.6500015258789;66.77999877929688;66.44000244140625;66.58000183105469;5078;2021-03-12 14:30:00-05:00
66.5999984741211;66.91999816894531;66.55000305175781;66.69999694824219;9064;2021-03-12 15:30:00-05:00
66.19000244140625;67.37000274658203;65.94000244140625;66.63999938964844;7970;2021-03-15 09:30:00-04:00
67.08499908447266;67.66000366210938;66.83000183105469;67.30999755859375;17815;2021-03-15 10:30:00-04:00
67.27999877929688;67.27999877929688;66.61499786376953;66.90499877929688;9235;2021-03-15 11:30:00-04:00
66.9000015258789;67.02999877929688;66.54000091552734;66.91000366210938;7955;2021-03-15 12:30:00-04:00
66.94999694824219;67.12000274658203;66.78949737548828;66.95999908447266;6883;2021-03-15 13:30:00-04:00
67.0;67.13999938964844;66.62000274658203;66.7300033569336;10454;2021-03-15 14:30:00-04:00
66.66999816894531;67.16000366210938;66.6500015258789;66.91000366210938;20647;2021-03-15 15:30:00-04:00
66.1500015258789;66.73999786376953;65.8499984741211;65.8499984741211;6997;2021-03-16 09:30:00-04:00
65.86000061035156;66.30000305175781;65.33000183105469;65.67500305175781;8581;2021-03-16 10:30:00-04:00
65.54499816894531;65.91000366210938;65.19999694824219;65.40499877929688;5187;2021-03-16 11:30:00-04:00
65.47000122070312;66.0;65.44999694824219;65.80000305175781;5605;2021-03-16 12:30:00-04:00
65.70999908447266;65.9000015258789;65.29000091552734;65.3949966430664;7328;2021-03-16 13:30:00-04:00
65.36499786376953;65.36499786376953;64.02999877929688;64.44000244140625;19416;2021-03-16 14:30:00-04:00
64.36000061035156;64.88999938964844;64.3499984741211;64.87999725341797;9588;2021-03-16 15:30:00-04:00
64.06999969482422;65.41999816894531;63.47010040283203;64.16500091552734;4019;2021-03-17 09:30:00-04:00
64.26000213623047;64.80999755859375;63.83000183105469;64.63999938964844;10687;2021-03-17 10:30:00-04:00
64.83999633789062;65.75;64.83999633789062;65.75;6372;2021-03-17 11:30:00-04:00
65.43000030517578;65.98999786376953;65.33999633789062;65.6050033569336;10073;2021-03-17 12:30:00-04:00
65.6050033569336;65.98999786376953;65.25;65.25;6336;2021-03-17 13:30:00-04:00
65.29000091552734;66.30999755859375;65.29000091552734;65.53500366210938;6179;2021-03-17 14:30:00-04:00
65.58999633789062;66.12000274658203;65.30999755859375;65.93000030517578;14237;2021-03-17 15:30:00-04:00
65.61000061035156;66.68000030517578;65.19999694824219;65.87999725341797;6344;2021-03-18 09:30:00-04:00
65.16999816894531;66.07499694824219;65.16999816894531;65.79000091552734;6082;2021-03-18 10:30:00-04:00
65.5999984741211;66.0;65.54000091552734;65.8550033569336;3637;2021-03-18 11:30:00-04:00
66.01000213623047;66.33000183105469;65.41999816894531;65.80000305175781;8645;2021-03-18 12:30:00-04:00
65.86499786376953;66.62000274658203;65.62999725341797;65.91000366210938;8744;2021-03-18 13:30:00-04:00
65.86000061035156;65.9000015258789;64.69000244140625;64.78500366210938;7775;2021-03-18 14:30:00-04:00
64.68000030517578;64.68000030517578;64.0199966430664;64.08999633789062;11499;2021-03-18 15:30:00-04:00
65.06999969482422;65.36000061035156;62.95000076293945;63.77999877929688;61777;2021-03-19 09:30:00-04:00
63.68999862670898;64.4749984741211;63.27000045776367;63.27000045776367;11065;2021-03-19 10:30:00-04:00
63.400001525878906;63.650001525878906;63.02000045776367;63.08000183105469;11396;2021-03-19 11:30:00-04:00
62.880001068115234;63.040000915527344;62.34999847412109;62.41999816894531;10994;2021-03-19 12:30:00-04:00
62.34999847412109;63.4900016784668;62.20000076293945;62.93999862670898;15974;2021-03-19 13:30:00-04:00
62.869998931884766;63.02999877929688;62.21500015258789;62.43999862670898;14205;2021-03-19 14:30:00-04:00
62.52999877929688;63.84999847412109;62.52999877929688;63.31999969482422;28861;2021-03-19 15:30:00-04:00
62.90999984741211;63.900001525878906;61.970001220703125;62.52870178222656;10312;2021-03-22 09:30:00-04:00
62.68999862670898;62.72999954223633;61.96989822387695;61.96989822387695;5844;2021-03-22 10:30:00-04:00
62.040000915527344;62.40710067749024;62.040000915527344;62.40710067749024;4551;2021-03-22 11:30:00-04:00
62.16999816894531;62.560001373291016;62.08000183105469;62.560001373291016;4955;2021-03-22 12:30:00-04:00
62.220001220703125;62.36000061035156;62.130001068115234;62.34000015258789;5012;2021-03-22 13:30:00-04:00
62.3849983215332;62.65999984741211;61.91999816894531;61.91999816894531;10922;2021-03-22 14:30:00-04:00
61.9900016784668;62.58000183105469;61.7599983215332;62.5;14134;2021-03-22 15:30:00-04:00
61.540000915527344;62.220001220703125;61.22999954223633;61.93999862670898;5801;2021-03-23 09:30:00-04:00
61.63999938964844;61.84000015258789;61.37139892578125;61.56999969482422;7325;2021-03-23 10:30:00-04:00
61.130001068115234;61.63999938964844;61.0099983215332;61.63999938964844;3990;2021-03-23 11:30:00-04:00
61.47999954223633;62.0;61.45000076293945;61.93999862670898;7770;2021-03-23 12:30:00-04:00
61.66999816894531;62.35499954223633;61.41999816894531;61.90999984741211;9545;2021-03-23 13:30:00-04:00
61.70000076293945;62.15999984741211;61.02000045776367;61.959999084472656;16931;2021-03-23 14:30:00-04:00
61.95500183105469;61.95500183105469;61.16999816894531;61.29999923706055;25188;2021-03-23 15:30:00-04:00
62.06999969482422;62.5;60.36000061035156;61.48059844970703;10531;2021-03-24 09:30:00-04:00
61.70000076293945;62.45000076293945;61.56999969482422;61.56999969482422;9703;2021-03-24 10:30:00-04:00
61.8031005859375;61.8031005859375;61.209999084472656;61.369998931884766;3655;2021-03-24 11:30:00-04:00
61.209999084472656;61.43000030517578;60.7599983215332;61.04999923706055;11273;2021-03-24 12:30:00-04:00
61.119998931884766;61.88999938964844;60.709999084472656;61.130001068115234;12170;2021-03-24 13:30:00-04:00
60.9900016784668;60.9900016784668;59.88999938964844;59.88999938964844;14407;2021-03-24 14:30:00-04:00
59.97499847412109;60.060001373291016;59.25;59.25;17802;2021-03-24 15:30:00-04:00
58.52999877929688;59.65499877929688;58.04999923706055;59.09999847412109;8825;2021-03-25 09:30:00-04:00
59.38999938964844;59.540000915527344;58.380001068115234;59.34999847412109;9594;2021-03-25 10:30:00-04:00
59.18000030517578;60.61000061035156;58.80659866333008;60.61000061035156;9963;2021-03-25 11:30:00-04:00
60.415000915527344;60.959999084472656;59.75;60.31999969482422;10431;2021-03-25 12:30:00-04:00
60.09999847412109;60.09999847412109;59.33000183105469;59.56999969482422;6799;2021-03-25 13:30:00-04:00
59.36000061035156;60.3849983215332;59.16999816894531;60.26499938964844;20123;2021-03-25 14:30:00-04:00
60.400001525878906;60.709999084472656;60.11000061035156;60.369998931884766;24288;2021-03-25 15:30:00-04:00
60.560001373291016;62.060001373291016;60.560001373291016;61.5099983215332;7780;2021-03-26 09:30:00-04:00
61.31999969482422;61.52000045776367;60.130001068115234;60.45000076293945;9195;2021-03-26 10:30:00-04:00
60.45000076293945;61.36000061035156;60.45000076293945;61.31499862670898;5507;2021-03-26 11:30:00-04:00
61.34000015258789;61.775001525878906;60.5099983215332;60.5099983215332;7482;2021-03-26 12:30:00-04:00
60.72999954223633;61.34999847412109;60.15999984741211;61.34999847412109;6828;2021-03-26 13:30:00-04:00
60.932498931884766;61.0;60.470001220703125;60.625;9714;2021-03-26 14:30:00-04:00
60.70000076293945;61.0;60.5099983215332;60.88999938964844;22061;2021-03-26 15:30:00-04:00
60.95000076293945;62.40999984741211;60.95000076293945;61.915000915527344;7883;2021-03-29 09:30:00-04:00
62.0;62.06999969482422;60.66999816894531;60.84999847412109;6657;2021-03-29 10:30:00-04:00
60.84999847412109;60.84999847412109;59.74509811401367;60.040000915527344;8108;2021-03-29 11:30:00-04:00
60.040000915527344;60.34000015258789;59.84999847412109;59.91999816894531;12788;2021-03-29 12:30:00-04:00
59.900001525878906;60.130001068115234;59.709999084472656;60.03499984741211;9877;2021-03-29 13:30:00-04:00
60.03499984741211;60.40499877929688;59.79999923706055;60.220001220703125;14804;2021-03-29 14:30:00-04:00
60.220001220703125;60.220001220703125;59.915000915527344;59.93000030517578;18360;2021-03-29 15:30:00-04:00
59.77000045776367;61.16999816894531;59.36000061035156;60.18000030517578;10804;2021-03-30 09:30:00-04:00
60.16999816894531;61.0099983215332;60.119998931884766;60.375;13588;2021-03-30 10:30:00-04:00
60.3650016784668;60.720001220703125;60.09000015258789;60.244998931884766;7414;2021-03-30 11:30:00-04:00
60.244998931884766;60.470001220703125;60.244998931884766;60.27999877929688;6105;2021-03-30 12:30:00-04:00
60.2400016784668;60.2400016784668;59.71500015258789;59.93999862670898;10686;2021-03-30 13:30:00-04:00
60.040000915527344;60.282501220703125;59.810001373291016;60.275001525878906;13122;2021-03-30 14:30:00-04:00
60.44499969482422;61.02000045776367;60.38999938964844;60.90999984741211;18158;2021-03-30 15:30:00-04:00
60.72999954223633;62.54499816894531;60.54999923706055;60.92499923706055;30510;2021-03-31 09:30:00-04:00
60.709999084472656;60.790000915527344;59.790000915527344;60.0;28768;2021-03-31 10:30:00-04:00
60.119998931884766;60.52000045776367;59.43999862670898;59.98500061035156;15729;2021-03-31 11:30:00-04:00
59.77999877929688;60.45000076293945;59.76499938964844;60.04499816894531;13713;2021-03-31 12:30:00-04:00
60.125;60.369998931884766;59.65999984741211;60.130001068115234;15551;2021-03-31 13:30:00-04:00
60.02000045776367;60.290000915527344;59.560001373291016;60.04999923706055;35971;2021-03-31 14:30:00-04:00
60.0099983215332;60.0099983215332;59.04999923706055;59.150001525878906;25584;2021-03-31 15:30:00-04:00
59.369998931884766;59.68000030517578;58.63999938964844;58.90499877929688;10277;2021-04-01 09:30:00-04:00
58.90499877929688;60.150001525878906;58.685001373291016;59.43000030517578;35398;2021-04-01 10:30:00-04:00
59.64500045776367;60.18999862670898;59.41999816894531;59.97999954223633;10104;2021-04-01 11:30:00-04:00
59.994998931884766;60.220001220703125;59.75;59.97999954223633;12367;2021-04-01 12:30:00-04:00
59.86000061035156;60.130001068115234;59.459999084472656;59.470001220703125;11126;2021-04-01 13:30:00-04:00
59.43000030517578;59.54999923706055;58.959999084472656;59.2400016784668;16665;2021-04-01 14:30:00-04:00
59.2400016784668;59.43000030517578;58.959999084472656;59.41999816894531;27590;2021-04-01 15:30:00-04:00
60.27000045776367;60.7599983215332;59.5099983215332;60.720001220703125;8003;2021-04-05 09:30:00-04:00
60.65999984741211;61.58000183105469;60.540000915527344;61.21500015258789;31453;2021-04-05 10:30:00-04:00
60.72999954223633;62.31999969482422;60.6349983215332;61.27000045776367;47917;2021-04-05 11:30:00-04:00
61.21500015258789;62.27000045776367;61.06999969482422;61.869998931884766;45085;2021-04-05 12:30:00-04:00
61.619998931884766;61.619998931884766;60.970001220703125;61.27000045776367;19135;2021-04-05 13:30:00-04:00
60.9900016784668;61.26499938964844;60.869998931884766;61.08000183105469;14858;2021-04-05 14:30:00-04:00
61.0099983215332;61.43999862670898;61.005001068115234;61.34999847412109;25779;2021-04-05 15:30:00-04:00
61.040000915527344;62.59999847412109;61.040000915527344;62.18999862670898;15899;2021-04-06 09:30:00-04:00
62.59999847412109;62.709999084472656;61.7599983215332;62.36000061035156;10653;2021-04-06 10:30:00-04:00
62.09000015258789;62.970001220703125;61.9900016784668;62.150001525878906;12118;2021-04-06 11:30:00-04:00
62.119998931884766;62.22999954223633;61.93999862670898;62.18999862670898;12014;2021-04-06 12:30:00-04:00
62.09000015258789;62.52999877929688;62.0099983215332;62.36000061035156;11093;2021-04-06 13:30:00-04:00
62.380001068115234;62.54999923706055;62.0;62.08000183105469;17965;2021-04-06 14:30:00-04:00
62.209999084472656;62.56999969482422;62.150001525878906;62.15999984741211;32664;2021-04-06 15:30:00-04:00
62.69499969482422;62.97999954223633;61.75249862670898;61.90999984741211;13162;2021-04-07 09:30:00-04:00
61.915000915527344;62.90999984741211;61.915000915527344;62.45000076293945;7565;2021-04-07 10:30:00-04:00
62.310001373291016;62.310001373291016;61.8650016784668;62.09999847412109;12470;2021-04-07 11:30:00-04:00
62.18999862670898;62.5;62.0;62.150001525878906;7153;2021-04-07 12:30:00-04:00
62.15999984741211;62.68000030517578;62.15999984741211;62.45500183105469;9931;2021-04-07 13:30:00-04:00
62.58000183105469;62.75;62.41999816894531;62.52999877929688;11751;2021-04-07 14:30:00-04:00
62.494998931884766;62.68999862670898;62.43999862670898;62.66999816894531;23237;2021-04-07 15:30:00-04:00
64.07499694824219;64.07499694824219;61.709999084472656;62.27999877929688;11693;2021-04-08 09:30:00-04:00
62.04999923706055;62.959999084472656;62.04999923706055;62.959999084472656;16360;2021-04-08 10:30:00-04:00
62.880001068115234;63.15999984741211;62.79499816894531;62.86000061035156;9603;2021-04-08 11:30:00-04:00
62.86000061035156;63.27999877929688;62.7599983215332;63.15999984741211;10248;2021-04-08 12:30:00-04:00
63.220001220703125;63.459999084472656;63.11600112915039;63.400001525878906;13180;2021-04-08 13:30:00-04:00
63.43000030517578;63.619998931884766;63.43000030517578;63.5099983215332;11515;2021-04-08 14:30:00-04:00
63.5099983215332;63.88999938964844;63.470001220703125;63.84000015258789;29614;2021-04-08 15:30:00-04:00
63.43999862670898;64.25;63.41999816894531;64.25;7082;2021-04-09 09:30:00-04:00
64.38999938964844;65.2699966430664;64.13999938964844;64.93000030517578;20951;2021-04-09 10:30:00-04:00
64.69000244140625;64.94999694824219;63.70000076293945;64.12000274658203;10112;2021-04-09 11:30:00-04:00
63.88999938964844;63.95000076293945;62.59000015258789;63.04999923706055;9173;2021-04-09 12:30:00-04:00
62.93999862670898;63.08000183105469;62.68999862670898;62.95000076293945;11271;2021-04-09 13:30:00-04:00
63.0;64.06999969482422;62.970001220703125;64.00499725341797;22776;2021-04-09 14:30:00-04:00
64.00749969482422;64.23999786376953;63.70500183105469;64.05999755859375;28416;2021-04-09 15:30:00-04:00
64.12000274658203;64.51000213623047;63.63999938964844;64.51000213623047;12440;2021-04-12 09:30:00-04:00
64.47000122070312;66.11000061035156;64.18000030517578;66.0999984741211;18202;2021-04-12 10:30:00-04:00
65.95999908447266;66.25;65.52999877929688;66.05000305175781;18761;2021-04-12 11:30:00-04:00
66.13999938964844;66.1500015258789;65.31999969482422;65.33000183105469;17418;2021-04-12 12:30:00-04:00
65.31999969482422;65.5;64.66999816894531;64.77999877929688;26600;2021-04-12 13:30:00-04:00
64.58999633789062;65.30999755859375;64.53500366210938;65.30999755859375;16262;2021-04-12 14:30:00-04:00
65.30000305175781;65.30000305175781;64.9000015258789;65.02999877929688;22312;2021-04-12 15:30:00-04:00
63.685001373291016;65.41000366210938;63.685001373291016;64.55010223388672;18060;2021-04-13 09:30:00-04:00
64.75499725341797;64.86000061035156;64.2699966430664;64.34500122070312;6179;2021-04-13 10:30:00-04:00
64.37999725341797;64.44499969482422;64.11000061035156;64.12000274658203;6223;2021-04-13 11:30:00-04:00
64.20999908447266;64.20999908447266;63.359901428222656;63.56499862670898;4735;2021-04-13 12:30:00-04:00
63.56499862670898;63.66999816894531;63.470001220703125;63.61000061035156;4718;2021-04-13 13:30:00-04:00
63.61000061035156;64.23999786376953;63.59999847412109;64.2300033569336;8469;2021-04-13 14:30:00-04:00
64.23999786376953;64.43000030517578;63.61000061035156;63.9900016784668;26210;2021-04-13 15:30:00-04:00
64.26000213623047;65.5;64.26000213623047;65.3499984741211;9164;2021-04-14 09:30:00-04:00
65.26000213623047;65.36000061035156;64.73500061035156;65.11000061035156;7920;2021-04-14 10:30:00-04:00
65.16999816894531;65.4000015258789;64.9000015258789;65.0;17389;2021-04-14 11:30:00-04:00
65.02999877929688;65.30000305175781;64.87999725341797;65.1500015258789;6461;2021-04-14 12:30:00-04:00
65.08000183105469;65.51000213623047;64.7249984741211;65.05500030517578;9978;2021-04-14 13:30:00-04:00
65.18000030517578;65.62999725341797;64.73999786376953;64.94000244140625;30528;2021-04-14 14:30:00-04:00
65.0;65.23500061035156;64.68000030517578;64.97000122070312;26857;2021-04-14 15:30:00-04:00
65.1500015258789;65.22000122070312;63.40999984741211;63.459999084472656;13047;2021-04-15 09:30:00-04:00
63.63999938964844;63.63999938964844;62.45000076293945;62.69499969482422;9374;2021-04-15 10:30:00-04:00
62.540000915527344;62.92499923706055;62.16999816894531;62.16999816894531;10193;2021-04-15 11:30:00-04:00
62.040000915527344;62.79999923706055;61.63999938964844;62.58000183105469;6396;2021-04-15 12:30:00-04:00
62.29999923706055;63.18999862670898;62.29999923706055;63.18999862670898;7935;2021-04-15 13:30:00-04:00
63.37749862670898;63.38999938964844;62.97999954223633;62.97999954223633;8826;2021-04-15 14:30:00-04:00
62.89500045776367;63.02999877929688;62.77579879760742;62.9900016784668;14850;2021-04-15 15:30:00-04:00
63.45000076293945;63.45000076293945;61.834999084472656;62.0099983215332;10484;2021-04-16 09:30:00-04:00
62.18000030517578;62.93000030517578;62.02000045776367;62.52000045776367;7607;2021-04-16 10:30:00-04:00
62.470001220703125;62.77000045776367;62.31999969482422;62.7599983215332;7800;2021-04-16 11:30:00-04:00
62.70000076293945;63.43999862670898;62.68999862670898;63.43999862670898;8139;2021-04-16 12:30:00-04:00
63.41999816894531;63.66999816894531;63.2599983215332;63.66999816894531;5840;2021-04-16 13:30:00-04:00
63.56999969482422;63.95000076293945;63.560001373291016;63.95000076293945;9493;2021-04-16 14:30:00-04:00
63.959999084472656;64.30000305175781;63.77000045776367;64.0;10646;2021-04-16 15:30:00-04:00
64.0199966430664;64.0199966430664;62.84000015258789;63.36000061035156;0;2021-04-19 09:30:00-04:00
63.06499862670898;63.68999862670898;62.81999969482422;63.66999816894531;7913;2021-04-19 10:30:00-04:00
63.810001373291016;63.81999969482422;63.2599983215332;63.38999938964844;6525;2021-04-19 11:30:00-04:00
63.3849983215332;63.41999816894531;62.935001373291016;63.38999938964844;4937;2021-04-19 12:30:00-04:00
63.41999816894531;63.45000076293945;63.060001373291016;63.060001373291016;4700;2021-04-19 13:30:00-04:00
62.97499847412109;63.27999877929688;62.755001068115234;62.98500061035156;8572;2021-04-19 14:30:00-04:00
62.95000076293945;63.310001373291016;62.84999847412109;63.310001373291016;13457;2021-04-19 15:30:00-04:00
62.81999969482422;63.630001068115234;62.540000915527344;63.150001525878906;12957;2021-04-20 09:30:00-04:00
63.09000015258789;63.09000015258789;62.29999923706055;62.34000015258789;6725;2021-04-20 10:30:00-04:00
62.2400016784668;62.70000076293945;62.20000076293945;62.415000915527344;6096;2021-04-20 11:30:00-04:00
62.290000915527344;62.790000915527344;62.290000915527344;62.400001525878906;8088;2021-04-20 12:30:00-04:00
62.34999847412109;62.560001373291016;61.91999816894531;62.150001525878906;12288;2021-04-20 13:30:00-04:00
62.09000015258789;62.9900016784668;61.84000015258789;62.619998931884766;17926;2021-04-20 14:30:00-04:00
62.52000045776367;62.97999954223633;62.470001220703125;62.75;16209;2021-04-20 15:30:00-04:00
62.86000061035156;63.5;62.25;63.130001068115234;7504;2021-04-21 09:30:00-04:00
62.970001220703125;63.25;62.119998931884766;62.119998931884766;9797;2021-04-21 10:30:00-04:00
62.119998931884766;62.75;62.119998931884766;62.52000045776367;15450;2021-04-21 11:30:00-04:00
62.5099983215332;62.56999969482422;62.09999847412109;62.4900016784668;9447;2021-04-21 12:30:00-04:00
62.380001068115234;62.52999877929688;61.81999969482422;62.31999969482422;12442;2021-04-21 13:30:00-04:00
62.2400016784668;62.47999954223633;62.16999816894531;62.34999847412109;17570;2021-04-21 14:30:00-04:00
62.25;63.2400016784668;62.20000076293945;63.15999984741211;30047;2021-04-21 15:30:00-04:00
63.369998931884766;64.3864974975586;63.06999969482422;64.19000244140625;8105;2021-04-22 09:30:00-04:00
64.375;64.72000122070312;63.75;64.55500030517578;10512;2021-04-22 10:30:00-04:00
64.54000091552734;64.62999725341797;62.80500030517578;62.84000015258789;26269;2021-04-22 11:30:00-04:00
62.84000015258789;62.97999954223633;62.20500183105469;62.83000183105469;18003;2021-04-22 12:30:00-04:00
62.875;63.290000915527344;62.06999969482422;62.40999984741211;15503;2021-04-22 13:30:00-04:00
62.58000183105469;62.875;61.77999877929688;62.0;21326;2021-04-22 14:30:00-04:00
62.08000183105469;62.29999923706055;61.34999847412109;61.43999862670898;36497;2021-04-22 15:30:00-04:00
61.86000061035156;62.38999938964844;61.08000183105469;61.78499984741211;4914;2021-04-23 09:30:00-04:00
61.84000015258789;62.22999954223633;61.70000076293945;62.08000183105469;16555;2021-04-23 10:30:00-04:00
62.15999984741211;62.76219940185547;61.90999984741211;62.18000030517578;10439;2021-04-23 11:30:00-04:00
62.04999923706055;62.47999954223633;61.9900016784668;62.33000183105469;8468;2021-04-23 12:30:00-04:00
62.2400016784668;62.34999847412109;61.66999816894531;61.709999084472656;6932;2021-04-23 13:30:00-04:00
61.72999954223633;61.869998931884766;61.5;61.869998931884766;11547;2021-04-23 14:30:00-04:00
61.84000015258789;61.90499877929688;61.52000045776367;61.68999862670898;16376;2021-04-23 15:30:00-04:00
61.630001068115234;62.09000015258789;61.470001220703125;61.619998931884766;4229;2021-04-26 09:30:00-04:00
61.560001373291016;61.70000076293945;61.0;61.40999984741211;7020;2021-04-26 10:30:00-04:00
61.52999877929688;61.9900016784668;61.310001373291016;61.900001525878906;6522;2021-04-26 11:30:00-04:00
61.880001068115234;61.97499847412109;61.61000061035156;61.61000061035156;4904;2021-04-26 12:30:00-04:00
61.619998931884766;61.84000015258789;61.56999969482422;61.650001525878906;4307;2021-04-26 13:30:00-04:00
61.66999816894531;62.165000915527344;61.619998931884766;61.810001373291016;10402;2021-04-26 14:30:00-04:00
61.75;61.77999877929688;61.380001068115234;61.720001220703125;12504;2021-04-26 15:30:00-04:00
61.459999084472656;61.470001220703125;60.9900016784668;61.25;3408;2021-04-27 09:30:00-04:00
61.02000045776367;61.02999877929688;60.79999923706055;61.0;6470;2021-04-27 10:30:00-04:00
60.84000015258789;61.060001373291016;60.68000030517578;60.869998931884766;9788;2021-04-27 11:30:00-04:00
60.880001068115234;60.900001525878906;60.64599990844727;60.7400016784668;5566;2021-04-27 12:30:00-04:00
60.84999847412109;61.36000061035156;60.81499862670898;61.34000015258789;6831;2021-04-27 13:30:00-04:00
61.30500030517578;61.5099983215332;61.22999954223633;61.494998931884766;8794;2021-04-27 14:30:00-04:00
61.4900016784668;61.79999923706055;61.4900016784668;61.58000183105469;15294;2021-04-27 15:30:00-04:00
61.7599983215332;62.02999877929688;60.43999862670898;61.494998931884766;12404;2021-04-28 09:30:00-04:00
61.68999862670898;62.18000030517578;61.09000015258789;62.040000915527344;6375;2021-04-28 10:30:00-04:00
61.290000915527344;62.400001525878906;61.290000915527344;62.27000045776367;9328;2021-04-28 11:30:00-04:00
62.20000076293945;62.400001525878906;62.040000915527344;62.16999816894531;5381;2021-04-28 12:30:00-04:00
62.2599983215332;62.27000045776367;61.66999816894531;61.93000030517578;6011;2021-04-28 13:30:00-04:00
62.09999847412109;62.22999954223633;61.93000030517578;62.0;5924;2021-04-28 14:30:00-04:00
62.18999862670898;62.2599983215332;62.0;62.20000076293945;25068;2021-04-28 15:30:00-04:00
62.68999862670898;63.400001525878906;61.959999084472656;61.959999084472656;13104;2021-04-29 09:30:00-04:00
62.369998931884766;62.400001525878906;61.84000015258789;62.02999877929688;6235;2021-04-29 10:30:00-04:00
61.84999847412109;62.38999938964844;61.84999847412109;62.290000915527344;11030;2021-04-29 11:30:00-04:00
62.41999816894531;62.41999816894531;61.91999816894531;62.025001525878906;9173;2021-04-29 12:30:00-04:00
61.95000076293945;62.18000030517578;61.84999847412109;62.084999084472656;5270;2021-04-29 13:30:00-04:00
62.185001373291016;62.310001373291016;62.0;62.29999923706055;6505;2021-04-29 14:30:00-04:00
62.119998931884766;62.494998931884766;61.84999847412109;61.880001068115234;29468;2021-04-29 15:30:00-04:00
60.97999954223633;61.79710006713867;60.900001525878906;61.25;19337;2021-04-30 09:30:00-04:00
61.18000030517578;61.18000030517578;60.65999984741211;60.880001068115234;5181;2021-04-30 10:30:00-04:00
60.93999862670898;61.025001525878906;60.540000915527344;60.75;7571;2021-04-30 11:30:00-04:00
60.709999084472656;60.81999969482422;60.33000183105469;60.43000030517578;10433;2021-04-30 12:30:00-04:00
60.40999984741211;60.40999984741211;59.84000015258789;59.89139938354492;9003;2021-04-30 13:30:00-04:00
59.97999954223633;60.130001068115234;59.25;60.09000015258789;18168;2021-04-30 14:30:00-04:00
60.125;60.220001220703125;59.86000061035156;60.09999847412109;24155;2021-04-30 15:30:00-04:00
60.400001525878906;60.970001220703125;60.27999877929688;60.34000015258789;5059;2021-05-03 09:30:00-04:00
60.48960113525391;60.650001525878906;59.75;60.619998931884766;23034;2021-05-03 10:30:00-04:00
60.630001068115234;60.90999984741211;60.400001525878906;60.75;9122;2021-05-03 11:30:00-04:00
60.75;61.16999816894531;60.75;60.95000076293945;19363;2021-05-03 12:30:00-04:00
60.84999847412109;60.935001373291016;60.66999816894531;60.66999816894531;8043;2021-05-03 13:30:00-04:00
60.66999816894531;60.720001220703125;60.34000015258789;60.560001373291016;12931;2021-05-03 14:30:00-04:00
60.56999969482422;60.58000183105469;60.02000045776367;60.13999938964844;25857;2021-05-03 15:30:00-04:00
60.86000061035156;60.86000061035156;59.040000915527344;59.720001220703125;45383;2021-05-04 09:30:00-04:00
59.65999984741211;60.84000015258789;59.65999984741211;60.82500076293945;9933;2021-05-04 10:30:00-04:00
60.43999862670898;60.79999923706055;60.185001373291016;60.65999984741211;11662;2021-05-04 11:30:00-04:00
60.619998931884766;60.790000915527344;60.369998931884766;60.75;14649;2021-05-04 12:30:00-04:00
60.75749969482422;61.04999923706055;60.650001525878906;60.9900016784668;12692;2021-05-04 13:30:00-04:00
61.040000915527344;61.310001373291016;60.709999084472656;60.880001068115234;14048;2021-05-04 14:30:00-04:00
60.77999877929688;60.86000061035156;60.45000076293945;60.84000015258789;22373;2021-05-04 15:30:00-04:00
60.65999984741211;60.94499969482422;58.0;58.22999954223633;50527;2021-05-05 09:30:00-04:00
58.10879898071289;60.220001220703125;58.10879898071289;60.220001220703125;17002;2021-05-05 10:30:00-04:00
60.220001220703125;60.2599983215332;59.11000061035156;59.45000076293945;15332;2021-05-05 11:30:00-04:00
59.66999816894531;60.09000015258789;59.34000015258789;59.59000015258789;15406;2021-05-05 12:30:00-04:00
59.630001068115234;60.380001068115234;59.61000061035156;60.30500030517578;13121;2021-05-05 13:30:00-04:00
60.310001373291016;60.832401275634766;59.79999923706055;60.470001220703125;24367;2021-05-05 14:30:00-04:00
60.400001525878906;61.220001220703125;60.380001068115234;61.02999877929688;42010;2021-05-05 15:30:00-04:00
61.31999969482422;61.88999938964844;60.22499847412109;60.22499847412109;9466;2021-05-06 09:30:00-04:00
60.30500030517578;61.34999847412109;60.2400016784668;61.34999847412109;13181;2021-05-06 10:30:00-04:00
61.150001525878906;61.959999084472656;61.150001525878906;61.959999084472656;9166;2021-05-06 11:30:00-04:00
61.7400016784668;61.810001373291016;61.43999862670898;61.6150016784668;6191;2021-05-06 12:30:00-04:00
61.52000045776367;61.66999816894531;60.9900016784668;61.06719970703125;9214;2021-05-06 13:30:00-04:00
61.02999877929688;61.5099983215332;61.02000045776367;61.400001525878906;17154;2021-05-06 14:30:00-04:00
61.400001525878906;61.88999938964844;61.400001525878906;61.75;23007;2021-05-06 15:30:00-04:00
61.630001068115234;62.400001525878906;61.119998931884766;62.15999984741211;14226;2021-05-07 09:30:00-04:00
62.2400016784668;63.29999923706055;62.13999938964844;63.29999923706055;17258;2021-05-07 10:30:00-04:00
63.33000183105469;64.16000366210938;63.27000045776367;64.16000366210938;18543;2021-05-07 11:30:00-04:00
64.09500122070312;64.23999786376953;63.720001220703125;63.72999954223633;16894;2021-05-07 12:30:00-04:00
63.77999877929688;63.81999969482422;63.61000061035156;63.68999862670898;17871;2021-05-07 13:30:00-04:00
63.72999954223633;64.2300033569336;63.40999984741211;63.41999816894531;16452;2021-05-07 14:30:00-04:00
63.45000076293945;63.47999954223633;63.09999847412109;63.20000076293945;26757;2021-05-07 15:30:00-04:00
63.02000045776367;63.5099983215332;62.3849983215332;63.5;17411;2021-05-10 09:30:00-04:00
63.525001525878906;64.3499984741211;63.525001525878906;64.16000366210938;15945;2021-05-10 10:30:00-04:00
64.22000122070312;64.97000122070312;64.11000061035156;64.97000122070312;16500;2021-05-10 11:30:00-04:00
64.8499984741211;65.0999984741211;64.83999633789062;65.0199966430664;13144;2021-05-10 12:30:00-04:00
65.0999984741211;65.27999877929688;64.55000305175781;64.83000183105469;14805;2021-05-10 13:30:00-04:00
64.73999786376953;64.73999786376953;63.540000915527344;63.66999816894531;19668;2021-05-10 14:30:00-04:00
63.709999084472656;64.04180145263672;63.59999847412109;63.66999816894531;25985;2021-05-10 15:30:00-04:00
62.7599983215332;63.619998931884766;62.0099983215332;62.0099983215332;15197;2021-05-11 09:30:00-04:00
62.130001068115234;62.34000015258789;61.31999969482422;62.18999862670898;15800;2021-05-11 10:30:00-04:00
62.13999938964844;62.59000015258789;61.77999877929688;62.54499816894531;14176;2021-05-11 11:30:00-04:00
62.65499877929688;62.86989974975586;62.130001068115234;62.369998931884766;14303;2021-05-11 12:30:00-04:00
62.45500183105469;62.619998931884766;62.060001373291016;62.119998931884766;14145;2021-05-11 13:30:00-04:00
62.18999862670898;62.18999862670898;61.31999969482422;61.630001068115234;18609;2021-05-11 14:30:00-04:00
61.67499923706055;62.15999984741211;61.34999847412109;61.90999984741211;21743;2021-05-11 15:30:00-04:00
61.7599983215332;63.119998931884766;61.47999954223633;63.119998931884766;9243;2021-05-12 09:30:00-04:00
63.09999847412109;64.55000305175781;62.27000045776367;63.7599983215332;16023;2021-05-12 10:30:00-04:00
63.66999816894531;63.81999969482422;63.49850082397461;63.68000030517578;10510;2021-05-12 11:30:00-04:00
63.70000076293945;64.25;63.47999954223633;63.7599983215332;12972;2021-05-12 12:30:00-04:00
63.959999084472656;64.06999969482422;63.5;63.63999938964844;7689;2021-05-12 13:30:00-04:00
63.52999877929688;63.540000915527344;62.04999923706055;62.15999984741211;18562;2021-05-12 14:30:00-04:00
62.16999816894531;62.560001373291016;61.8849983215332;62.06999969482422;33845;2021-05-12 15:30:00-04:00
62.02999877929688;64.04000091552734;62.02999877929688;63.540000915527344;7435;2021-05-13 09:30:00-04:00
63.505001068115234;64.11000061035156;63.02000045776367;63.040000915527344;10762;2021-05-13 10:30:00-04:00
62.97999954223633;63.2599983215332;62.665000915527344;63.15999984741211;9573;2021-05-13 11:30:00-04:00
63.20500183105469;63.20500183105469;62.66999816894531;62.880001068115234;9738;2021-05-13 12:30:00-04:00
62.959999084472656;62.959999084472656;62.13999938964844;62.60499954223633;15741;2021-05-13 13:30:00-04:00
62.60499954223633;62.709999084472656;62.290000915527344;62.6150016784668;18504;2021-05-13 14:30:00-04:00
62.540000915527344;63.02999877929688;62.540000915527344;63.0;26791;2021-05-13 15:30:00-04:00
63.27000045776367;64.97000122070312;63.27000045776367;64.72000122070312;9656;2021-05-14 09:30:00-04:00
64.76000213623047;65.62999725341797;64.5;65.05000305175781;7962;2021-05-14 10:30:00-04:00
65.11499786376953;65.6500015258789;65.11499786376953;65.55000305175781;10018;2021-05-14 11:30:00-04:00
65.62999725341797;65.98999786376953;65.62999725341797;65.98999786376953;7279;2021-05-14 12:30:00-04:00
66.05000305175781;66.27999877929688;65.76000213623047;65.98999786376953;10105;2021-05-14 13:30:00-04:00
65.7699966430664;66.06719970703125;65.22000122070312;65.22000122070312;20353;2021-05-14 14:30:00-04:00
65.30000305175781;65.81999969482422;65.0999984741211;65.7300033569336;30884;2021-05-14 15:30:00-04:00
65.56999969482422;66.75;65.48999786376953;66.75;7635;2021-05-17 09:30:00-04:00
66.37999725341797;67.4894027709961;66.01000213623047;67.43000030517578;13164;2021-05-17 10:30:00-04:00
67.30999755859375;67.69000244140625;66.83309936523438;66.9749984741211;11718;2021-05-17 11:30:00-04:00
66.90499877929688;67.38999938964844;66.83300018310547;67.0999984741211;48255;2021-05-17 12:30:00-04:00
67.13999938964844;67.19999694824219;66.91020202636719;67.11000061035156;17631;2021-05-17 13:30:00-04:00
67.05000305175781;67.6500015258789;67.01000213623047;67.62999725341797;9641;2021-05-17 14:30:00-04:00
67.58999633789062;67.79000091552734;67.20500183105469;67.5999984741211;36161;2021-05-17 15:30:00-04:00
67.69000244140625;69.15499877929688;67.37000274658203;69.04000091552734;31230;2021-05-18 09:30:00-04:00
69.01000213623047;69.48500061035156;68.71199798583984;69.38500213623047;31518;2021-05-18 10:30:00-04:00
69.41000366210938;69.41000366210938;68.0999984741211;68.0999984741211;22783;2021-05-18 11:30:00-04:00
68.02999877929688;68.62000274658203;67.87000274658203;68.45999908447266;20147;2021-05-18 12:30:00-04:00
68.51000213623047;68.6500015258789;67.91999816894531;67.91999816894531;26785;2021-05-18 13:30:00-04:00
68.02999877929688;68.38500213623047;67.91999816894531;68.12999725341797;26801;2021-05-18 14:30:00-04:00
68.12000274658203;68.16500091552734;67.16999816894531;67.51000213623047;42648;2021-05-18 15:30:00-04:00
66.70999908447266;66.70999908447266;64.4000015258789;65.87000274658203;7385;2021-05-19 09:30:00-04:00
65.91000366210938;66.13999938964844;65.55999755859375;65.91999816894531;10827;2021-05-19 10:30:00-04:00
65.83000183105469;66.05000305175781;64.86000061035156;65.0999984741211;10214;2021-05-19 11:30:00-04:00
65.01490020751953;65.2699966430664;64.79000091552734;64.83999633789062;7196;2021-05-19 12:30:00-04:00
64.77999877929688;65.00499725341797;64.63999938964844;65.00499725341797;7227;2021-05-19 13:30:00-04:00
64.87999725341797;65.55500030517578;64.77999877929688;65.52999877929688;8423;2021-05-19 14:30:00-04:00
65.51000213623047;65.94000244140625;65.4000015258789;65.91999816894531;20192;2021-05-19 15:30:00-04:00
65.63999938964844;65.63999938964844;64.19000244140625;64.8499984741211;0;2021-05-20 09:30:00-04:00
64.8499984741211;65.73999786376953;64.8499984741211;65.55000305175781;8608;2021-05-20 10:30:00-04:00
65.54000091552734;65.8499984741211;65.44000244140625;65.61000061035156;4887;2021-05-20 11:30:00-04:00
65.69000244140625;66.05999755859375;65.62000274658203;66.0;6811;2021-05-20 12:30:00-04:00
66.08000183105469;66.19999694824219;65.66000366210938;65.7699966430664;9264;2021-05-20 13:30:00-04:00
65.7699966430664;66.45999908447266;65.7699966430664;66.29499816894531;10529;2021-05-20 14:30:00-04:00
66.37999725341797;66.76000213623047;66.25;66.6500015258789;27905;2021-05-20 15:30:00-04:00
67.08999633789062;68.76000213623047;66.72000122070312;68.37999725341797;12619;2021-05-21 09:30:00-04:00
68.16999816894531;68.55000305175781;67.58000183105469;67.7249984741211;8352;2021-05-21 10:30:00-04:00
67.58000183105469;68.02999877929688;67.18499755859375;67.5199966430664;12019;2021-05-21 11:30:00-04:00
67.69000244140625;67.69000244140625;66.7300033569336;67.08999633789062;11953;2021-05-21 12:30:00-04:00
67.02999877929688;67.16000366210938;66.9000015258789;66.9800033569336;9795;2021-05-21 13:30:00-04:00
67.0;67.79000091552734;67.0;67.66000366210938;9592;2021-05-21 14:30:00-04:00
67.7300033569336;67.86000061035156;67.03500366210938;67.2699966430664;31507;2021-05-21 15:30:00-04:00
67.54000091552734;67.81999969482422;66.84500122070312;67.09500122070312;8049;2021-05-24 09:30:00-04:00
66.9800033569336;68.05000305175781;66.9800033569336;67.33000183105469;10999;2021-05-24 10:30:00-04:00
67.2300033569336;67.31999969482422;66.91999816894531;66.95999908447266;6880;2021-05-24 11:30:00-04:00
67.06999969482422;67.55000305175781;67.06999969482422;67.5;8970;2021-05-24 12:30:00-04:00
67.43000030517578;68.05000305175781;67.43000030517578;68.05000305175781;8808;2021-05-24 13:30:00-04:00
67.94999694824219;68.16999816894531;67.66999816894531;67.76000213623047;12379;2021-05-24 14:30:00-04:00
67.81500244140625;67.81500244140625;67.38999938964844;67.45999908447266;18499;2021-05-24 15:30:00-04:00
67.13999938964844;67.95999908447266;67.01000213623047;67.55000305175781;7532;2021-05-25 09:30:00-04:00
67.33999633789062;67.61000061035156;66.93000030517578;67.36000061035156;9830;2021-05-25 10:30:00-04:00
67.37999725341797;67.62000274658203;67.11000061035156;67.33999633789062;14852;2021-05-25 11:30:00-04:00
67.41000366210938;67.58000183105469;67.16000366210938;67.2699966430664;17258;2021-05-25 12:30:00-04:00
67.12000274658203;68.0;66.98999786376953;67.49500274658203;11790;2021-05-25 13:30:00-04:00
67.3550033569336;67.70999908447266;67.18499755859375;67.55000305175781;15280;2021-05-25 14:30:00-04:00
67.55000305175781;67.66000366210938;67.36000061035156;67.4800033569336;30073;2021-05-25 15:30:00-04:00
67.7699966430664;69.06999969482422;67.7699966430664;69.01000213623047;6302;2021-05-26 09:30:00-04:00
69.0199966430664;69.2699966430664;68.76000213623047;69.25;6808;2021-05-26 10:30:00-04:00
69.30999755859375;69.72000122070312;69.30999755859375;69.72000122070312;7632;2021-05-26 11:30:00-04:00
69.73999786376953;69.93000030517578;69.48999786376953;69.66000366210938;11219;2021-05-26 12:30:00-04:00
69.7300033569336;69.76000213623047;69.19000244140625;69.52999877929688;12069;2021-05-26 13:30:00-04:00
69.68000030517578;69.93000030517578;69.47000122070312;69.83999633789062;14255;2021-05-26 14:30:00-04:00
69.78739929199219;70.27999877929688;69.78739929199219;70.05000305175781;28218;2021-05-26 15:30:00-04:00
70.68000030517578;71.44999694824219;70.56999969482422;71.2300033569336;21351;2021-05-27 09:30:00-04:00
71.23999786376953;71.39990234375;69.79000091552734;70.16500091552734;39450;2021-05-27 10:30:00-04:00
70.25250244140625;70.52999877929688;70.12000274658203;70.22000122070312;5440;2021-05-27 11:30:00-04:00
70.2249984741211;70.4800033569336;70.06999969482422;70.06999969482422;11150;2021-05-27 12:30:00-04:00
70.04000091552734;70.21499633789062;69.52999877929688;69.75;24181;2021-05-27 13:30:00-04:00
69.70999908447266;70.1500015258789;69.4749984741211;70.02999877929688;18538;2021-05-27 14:30:00-04:00
69.94999694824219;70.0199966430664;69.62000274658203;69.94999694824219;20804;2021-05-27 15:30:00-04:00
69.73999786376953;70.25;68.43000030517578;68.52999877929688;11222;2021-05-28 09:30:00-04:00
68.45999908447266;69.0999984741211;68.44000244140625;68.83999633789062;7752;2021-05-28 10:30:00-04:00
68.88999938964844;69.12000274658203;68.80000305175781;69.00240325927734;8684;2021-05-28 11:30:00-04:00
69.16999816894531;69.5999984741211;69.1500015258789;69.55000305175781;8589;2021-05-28 12:30:00-04:00
69.55999755859375;69.9000015258789;69.55999755859375;69.7699966430664;7297;2021-05-28 13:30:00-04:00
69.78500366210938;70.01000213623047;69.68000030517578;69.97000122070312;10234;2021-05-28 14:30:00-04:00
69.95999908447266;69.95999908447266;69.61000061035156;69.75;22519;2021-05-28 15:30:00-04:00
70.31999969482422;70.93000030517578;69.77999877929688;70.69000244140625;0;2021-06-01 09:30:00-04:00
70.7300033569336;70.93000030517578;70.19999694824219;70.45999908447266;8395;2021-06-01 10:30:00-04:00
70.63999938964844;71.94999694824219;70.63999938964844;71.76000213623047;10927;2021-06-01 11:30:00-04:00
71.63500213623047;71.83999633789062;71.12999725341797;71.33999633789062;15473;2021-06-01 12:30:00-04:00
71.21499633789062;71.62000274658203;70.7300033569336;71.51000213623047;12516;2021-06-01 13:30:00-04:00
71.51000213623047;71.87000274658203;71.48999786376953;71.81999969482422;15461;2021-06-01 14:30:00-04:00
71.80999755859375;72.29000091552734;71.80999755859375;72.08000183105469;34688;2021-06-01 15:30:00-04:00
72.31999969482422;73.27999877929688;71.93000030517578;73.11750030517578;17244;2021-06-02 09:30:00-04:00
73.08000183105469;73.68000030517578;73.08000183105469;73.67500305175781;11641;2021-06-02 10:30:00-04:00
73.69000244140625;74.08000183105469;73.4000015258789;73.95999908447266;17381;2021-06-02 11:30:00-04:00
74.02999877929688;74.44000244140625;73.62999725341797;74.3499984741211;22570;2021-06-02 12:30:00-04:00
74.2699966430664;74.5;74.0;74.16000366210938;15795;2021-06-02 13:30:00-04:00
74.13999938964844;74.88500213623047;74.13999938964844;74.6449966430664;21261;2021-06-02 14:30:00-04:00
74.52999877929688;75.27999877929688;74.52999877929688;75.04000091552734;40372;2021-06-02 15:30:00-04:00
74.63999938964844;75.37999725341797;74.14309692382812;74.91999816894531;14280;2021-06-03 09:30:00-04:00
75.09600067138672;75.80000305175781;74.63999938964844;74.80000305175781;23809;2021-06-03 10:30:00-04:00
74.69000244140625;75.06999969482422;73.87100219726562;74.54000091552734;13399;2021-06-03 11:30:00-04:00
74.58000183105469;74.58000183105469;73.61000061035156;73.61000061035156;12241;2021-06-03 12:30:00-04:00
73.55999755859375;73.55999755859375;72.80000305175781;72.80000305175781;15033;2021-06-03 13:30:00-04:00
72.83000183105469;73.38999938964844;72.62000274658203;73.12000274658203;14022;2021-06-03 14:30:00-04:00
73.12000274658203;73.4800033569336;72.63999938964844;72.69999694824219;45196;2021-06-03 15:30:00-04:00
73.19999694824219;73.47000122070312;71.55000305175781;72.19499969482422;11478;2021-06-04 09:30:00-04:00
72.36000061035156;72.5250015258789;71.80999755859375;72.33999633789062;8942;2021-06-04 10:30:00-04:00
72.66999816894531;73.0999984741211;72.56999969482422;72.73500061035156;5489;2021-06-04 11:30:00-04:00
72.88999938964844;73.4000015258789;72.87999725341797;73.11000061035156;4725;2021-06-04 12:30:00-04:00
73.0999984741211;73.0999984741211;72.83999633789062;72.94000244140625;3673;2021-06-04 13:30:00-04:00
73.20500183105469;73.20999908447266;72.88999938964844;72.88999938964844;3604;2021-06-04 14:30:00-04:00
73.25;73.25;72.80999755859375;73.11000061035156;13421;2021-06-04 15:30:00-04:00
73.13999938964844;73.98999786376953;73.01000213623047;73.76499938964844;0;2021-06-07 09:30:00-04:00
73.45999908447266;73.7699966430664;73.2699966430664;73.69000244140625;5994;2021-06-07 10:30:00-04:00
73.5999984741211;73.9375;73.5999984741211;73.62000274658203;7344;2021-06-07 11:30:00-04:00
73.69000244140625;74.43000030517578;73.52999877929688;74.43000030517578;5257;2021-06-07 12:30:00-04:00
74.25;74.63999938964844;74.25;74.41500091552734;5678;2021-06-07 13:30:00-04:00
74.4000015258789;74.47000122070312;74.06999969482422;74.47000122070312;7477;2021-06-07 14:30:00-04:00
74.44000244140625;74.81999969482422;74.01000213623047;74.19999694824219;22316;2021-06-07 15:30:00-04:00
74.66000366210938;75.43000030517578;73.75;75.19999694824219;20089;2021-06-08 09:30:00-04:00
75.45330047607422;75.55000305175781;74.69000244140625;74.69000244140625;14686;2021-06-08 10:30:00-04:00
74.73500061035156;75.12999725341797;74.38999938964844;74.38999938964844;12963;2021-06-08 11:30:00-04:00
74.54000091552734;74.69000244140625;74.38999938964844;74.62000274658203;7298;2021-06-08 12:30:00-04:00
74.57510375976562;75.1500015258789;74.55000305175781;75.1500015258789;7266;2021-06-08 13:30:00-04:00
75.06999969482422;75.54000091552734;74.87000274658203;75.41000366210938;11100;2021-06-08 14:30:00-04:00
75.41000366210938;75.44000244140625;75.18000030517578;75.36000061035156;22949;2021-06-08 15:30:00-04:00
75.56999969482422;75.69999694824219;74.70999908447266;75.37000274658203;7245;2021-06-09 09:30:00-04:00
75.40499877929688;75.97000122070312;75.37000274658203;75.71499633789062;6544;2021-06-09 10:30:00-04:00
75.68000030517578;76.1449966430664;75.68000030517578;75.79000091552734;11024;2021-06-09 11:30:00-04:00
75.68000030517578;76.68000030517578;75.63999938964844;76.63999938964844;9345;2021-06-09 12:30:00-04:00
76.4000015258789;76.44000244140625;76.06999969482422;76.18000030517578;9713;2021-06-09 13:30:00-04:00
76.2300033569336;76.30000305175781;75.58000183105469;75.58000183105469;14285;2021-06-09 14:30:00-04:00
75.4800033569336;75.94000244140625;75.4800033569336;75.80999755859375;24297;2021-06-09 15:30:00-04:00
76.04000091552734;76.25;75.66000366210938;75.9000015258789;8593;2021-06-10 09:30:00-04:00
75.9000015258789;75.9000015258789;73.5999984741211;74.30999755859375;24587;2021-06-10 10:30:00-04:00
74.12000274658203;74.47000122070312;74.0199966430664;74.45999908447266;7124;2021-06-10 11:30:00-04:00
74.48999786376953;75.19000244140625;74.4800033569336;75.19000244140625;5462;2021-06-10 12:30:00-04:00
75.1698989868164;75.1698989868164;74.44000244140625;74.55999755859375;8052;2021-06-10 13:30:00-04:00
74.48999786376953;74.68000030517578;74.37999725341797;74.52999877929688;11052;2021-06-10 14:30:00-04:00
74.52999877929688;74.56999969482422;74.29000091552734;74.48999786376953;16744;2021-06-10 15:30:00-04:00
74.79000091552734;75.12000274658203;73.12429809570312;74.0;5925;2021-06-11 09:30:00-04:00
74.125;74.8499984741211;74.01000213623047;74.41000366210938;13350;2021-06-11 10:30:00-04:00
74.38999938964844;75.0199966430664;74.19999694824219;74.77999877929688;9180;2021-06-11 11:30:00-04:00
74.76000213623047;75.37999725341797;74.75;75.37999725341797;9959;2021-06-11 12:30:00-04:00
75.30000305175781;75.5199966430664;74.94000244140625;75.16999816894531;9589;2021-06-11 13:30:00-04:00
75.19000244140625;75.31500244140625;74.5;74.62000274658203;16053;2021-06-11 14:30:00-04:00
74.62999725341797;75.37000274658203;74.55999755859375;75.20999908447266;28003;2021-06-11 15:30:00-04:00
74.98999786376953;75.5;72.5;72.75;32017;2021-06-14 09:30:00-04:00
72.45500183105469;72.5999984741211;70.94000244140625;71.30999755859375;36705;2021-06-14 10:30:00-04:00
71.16999816894531;71.26000213623047;70.31999969482422;70.31999969482422;17564;2021-06-14 11:30:00-04:00
70.11000061035156;70.18000030517578;68.70999908447266;69.0199966430664;27505;2021-06-14 12:30:00-04:00
68.91000366210938;68.96600341796875;67.63999938964844;67.73999786376953;25181;2021-06-14 13:30:00-04:00
67.91500091552734;67.96499633789062;67.16999816894531;67.23999786376953;51868;2021-06-14 14:30:00-04:00
67.2699966430664;67.27999877929688;65.70999908447266;66.30000305175781;107286;2021-06-14 15:30:00-04:00
66.41000366210938;66.41000366210938;64.5999984741211;64.62000274658203;25625;2021-06-15 09:30:00-04:00
64.87000274658203;67.23999786376953;64.80500030517578;66.7300033569336;55013;2021-06-15 10:30:00-04:00
66.5999984741211;66.69999694824219;66.04000091552734;66.69999694824219;10286;2021-06-15 11:30:00-04:00
66.61000061035156;66.91000366210938;66.3499984741211;66.58999633789062;13868;2021-06-15 12:30:00-04:00
66.56999969482422;66.58999633789062;66.29000091552734;66.50499725341797;9473;2021-06-15 13:30:00-04:00
66.47000122070312;66.69999694824219;66.29000091552734;66.38999938964844;12649;2021-06-15 14:30:00-04:00
66.38999938964844;66.58000183105469;66.0999984741211;66.48999786376953;29162;2021-06-15 15:30:00-04:00
66.26000213623047;66.54000091552734;64.16999816894531;64.2300033569336;13179;2021-06-16 09:30:00-04:00
64.27999877929688;64.88999938964844;63.79999923706055;64.88999938964844;14260;2021-06-16 10:30:00-04:00
64.76000213623047;64.81999969482422;63.93999862670898;63.93999862670898;20038;2021-06-16 11:30:00-04:00
63.8849983215332;64.3499984741211;63.584999084472656;64.20999908447266;12898;2021-06-16 12:30:00-04:00
64.3499984741211;64.7699966430664;63.86000061035156;64.19000244140625;12652;2021-06-16 13:30:00-04:00
64.36000061035156;64.80000305175781;64.19000244140625;64.58999633789062;8224;2021-06-16 14:30:00-04:00
64.47000122070312;64.5250015258789;63.9900016784668;64.03500366210938;37727;2021-06-16 15:30:00-04:00
64.06999969482422;64.22000122070312;63.09000015258789;63.380001068115234;8821;2021-06-17 09:30:00-04:00
63.18999862670898;63.18999862670898;62.08000183105469;62.08000183105469;13367;2021-06-17 10:30:00-04:00
62.130001068115234;62.79999923706055;61.52999877929688;62.29999923706055;55238;2021-06-17 11:30:00-04:00
62.2599983215332;62.880001068115234;62.220001220703125;62.880001068115234;12521;2021-06-17 12:30:00-04:00
62.83000183105469;63.5;62.4900016784668;63.38999938964844;30573;2021-06-17 13:30:00-04:00
63.45000076293945;64.4000015258789;63.36000061035156;64.0199966430664;30620;2021-06-17 14:30:00-04:00
64.01000213623047;64.4800033569336;63.20000076293945;63.45000076293945;41443;2021-06-17 15:30:00-04:00
63.040000915527344;63.040000915527344;61.45000076293945;61.45000076293945;18614;2021-06-18 09:30:00-04:00
61.494998931884766;61.494998931884766;60.47999954223633;60.630001068115234;22041;2021-06-18 10:30:00-04:00
60.65999984741211;61.38999938964844;60.63999938964844;61.11740112304688;13577;2021-06-18 11:30:00-04:00
61.27000045776367;61.27999877929688;60.630001068115234;61.04999923706055;11059;2021-06-18 12:30:00-04:00
61.06999969482422;61.59000015258789;61.06999969482422;61.209999084472656;5289;2021-06-18 13:30:00-04:00
61.15499877929688;61.15499877929688;60.89500045776367;61.10499954223633;11445;2021-06-18 14:30:00-04:00
61.209999084472656;62.27999877929688;61.040000915527344;61.790000915527344;55808;2021-06-18 15:30:00-04:00
62.310001373291016;63.29999923706055;62.310001373291016;63.16999816894531;12291;2021-06-21 09:30:00-04:00
63.18000030517578;63.2400016784668;62.380001068115234;62.46500015258789;9289;2021-06-21 10:30:00-04:00
62.43000030517578;62.86000061035156;62.380001068115234;62.415000915527344;7099;2021-06-21 11:30:00-04:00
62.4900016784668;63.29999923706055;62.34999847412109;63.29999923706055;4359;2021-06-21 12:30:00-04:00
63.17850112915039;63.7400016784668;62.87030029296875;63.540000915527344;29067;2021-06-21 13:30:00-04:00
63.54999923706055;63.63999938964844;62.97999954223633;63.130001068115234;6716;2021-06-21 14:30:00-04:00
63.16999816894531;63.630001068115234;63.16999816894531;63.560001373291016;25294;2021-06-21 15:30:00-04:00
64.41999816894531;64.41999816894531;62.43000030517578;62.665000915527344;11668;2021-06-22 09:30:00-04:00
62.61000061035156;63.38999938964844;62.56999969482422;63.2400016784668;5851;2021-06-22 10:30:00-04:00
63.2599983215332;63.2599983215332;62.88999938964844;63.084999084472656;3559;2021-06-22 11:30:00-04:00
62.9900016784668;63.22999954223633;62.970001220703125;63.02000045776367;3768;2021-06-22 12:30:00-04:00
62.900001525878906;63.18000030517578;62.750099182128906;63.18000030517578;5695;2021-06-22 13:30:00-04:00
63.11000061035156;63.61000061035156;62.94499969482422;63.595001220703125;5927;2021-06-22 14:30:00-04:00
63.595001220703125;63.595001220703125;63.290000915527344;63.52000045776367;10861;2021-06-22 15:30:00-04:00
63.540000915527344;64.67990112304688;62.45000076293945;63.13999938964844;10321;2021-06-23 09:30:00-04:00
62.9900016784668;63.310001373291016;62.16999816894531;62.91999816894531;15931;2021-06-23 10:30:00-04:00
62.56999969482422;62.56999969482422;62.28010177612305;62.5;5959;2021-06-23 11:30:00-04:00
62.560001373291016;62.560001373291016;62.150001525878906;62.334999084472656;11415;2021-06-23 12:30:00-04:00
62.5;62.790000915527344;62.41999816894531;62.619998931884766;7626;2021-06-23 13:30:00-04:00
62.5;62.59999847412109;62.16999816894531;62.40999984741211;15840;2021-06-23 14:30:00-04:00
62.38999938964844;62.4900016784668;62.0;62.130001068115234;18186;2021-06-23 15:30:00-04:00
62.68000030517578;63.09999847412109;61.91360092163086;62.95000076293945;16482;2021-06-24 09:30:00-04:00
63.06999969482422;63.29999923706055;62.77000045776367;63.2599983215332;7463;2021-06-24 10:30:00-04:00
63.41999816894531;63.5;63.310001373291016;63.5;4179;2021-06-24 11:30:00-04:00
63.5099983215332;63.90999984741211;63.459999084472656;63.77999877929688;8531;2021-06-24 12:30:00-04:00
63.9900016784668;64.2699966430664;63.81999969482422;64.05000305175781;7945;2021-06-24 13:30:00-04:00
64.06500244140625;64.66000366210938;64.06500244140625;64.5199966430664;12425;2021-06-24 14:30:00-04:00
64.55999755859375;64.5999984741211;64.30500030517578;64.4800033569336;27459;2021-06-24 15:30:00-04:00
64.7300033569336;64.87999725341797;64.19000244140625;64.51000213623047;9181;2021-06-25 09:30:00-04:00
64.3499984741211;64.5199966430664;64.05000305175781;64.51000213623047;9332;2021-06-25 10:30:00-04:00
64.46499633789062;64.66000366210938;64.43000030517578;64.5199966430664;12780;2021-06-25 11:30:00-04:00
64.6500015258789;64.8499984741211;64.58999633789062;64.80999755859375;4195;2021-06-25 12:30:00-04:00
64.80999755859375;64.93000030517578;64.75;64.93000030517578;3094;2021-06-25 13:30:00-04:00
64.97000122070312;65.19999694824219;64.97000122070312;65.08999633789062;8362;2021-06-25 14:30:00-04:00
65.0250015258789;65.83999633789062;64.83999633789062;65.33000183105469;66821;2021-06-25 15:30:00-04:00
65.4000015258789;65.68990325927734;65.30999755859375;65.56999969482422;5216;2021-06-28 09:30:00-04:00
65.51000213623047;65.83999633789062;65.19999694824219;65.55000305175781;10154;2021-06-28 10:30:00-04:00
65.42500305175781;65.83999633789062;65.42500305175781;65.68000030517578;4695;2021-06-28 11:30:00-04:00
65.7300033569336;65.94000244140625;65.72000122070312;65.75;6841;2021-06-28 12:30:00-04:00
65.79399871826172;66.16000366210938;65.79399871826172;66.16000366210938;5471;2021-06-28 13:30:00-04:00
66.16000366210938;66.20999908447266;66.0199966430664;66.16999816894531;6119;2021-06-28 14:30:00-04:00
66.19999694824219;66.29000091552734;66.07009887695312;66.12999725341797;23129;2021-06-28 15:30:00-04:00
66.05000305175781;66.66999816894531;65.06999969482422;66.66999816894531;6976;2021-06-29 09:30:00-04:00
66.63999938964844;66.9800033569336;66.33000183105469;66.9749984741211;5944;2021-06-29 10:30:00-04:00
67.0999984741211;67.31500244140625;67.0199966430664;67.12999725341797;5672;2021-06-29 11:30:00-04:00
67.13999938964844;67.75;67.05999755859375;67.56500244140625;9555;2021-06-29 12:30:00-04:00
67.5;67.63999938964844;67.41500091552734;67.55000305175781;6336;2021-06-29 13:30:00-04:00
67.44999694824219;67.54000091552734;67.21499633789062;67.36000061035156;8180;2021-06-29 14:30:00-04:00
67.34500122070312;67.76000213623047;67.34500122070312;67.47000122070312;19441;2021-06-29 15:30:00-04:00
67.48999786376953;68.13999938964844;67.0;67.7300033569336;4333;2021-06-30 09:30:00-04:00
67.66000366210938;67.81999969482422;67.3949966430664;67.3949966430664;5942;2021-06-30 10:30:00-04:00
67.55999755859375;67.88999938964844;67.55999755859375;67.6500015258789;14194;2021-06-30 11:30:00-04:00
67.69000244140625;67.70999908447266;67.23999786376953;67.23999786376953;3723;2021-06-30 12:30:00-04:00
66.87000274658203;67.37999725341797;66.87000274658203;67.29000091552734;2541;2021-06-30 13:30:00-04:00
67.26000213623047;67.37000274658203;67.16999816894531;67.2699966430664;5902;2021-06-30 14:30:00-04:00
67.2249984741211;67.72000122070312;67.03500366210938;67.6500015258789;23560;2021-06-30 15:30:00-04:00
67.77999877929688;67.81999969482422;66.44499969482422;67.81999969482422;0;2021-07-01 09:30:00-04:00
67.86000061035156;68.05000305175781;67.2699966430664;67.2699966430664;5601;2021-07-01 10:30:00-04:00
67.4800033569336;67.4800033569336;66.8499984741211;66.875;7012;2021-07-01 11:30:00-04:00
66.81500244140625;67.16000366210938;66.80000305175781;67.16000366210938;8946;2021-07-01 12:30:00-04:00
67.16000366210938;67.3499984741211;67.125;67.25;5553;2021-07-01 13:30:00-04:00
67.29000091552734;67.66000366210938;67.29000091552734;67.37999725341797;8191;2021-07-01 14:30:00-04:00
67.375;67.43000030517578;67.125;67.19999694824219;16637;2021-07-01 15:30:00-04:00
64.02999877929688;64.02999877929688;63.900001525878906;63.95000076293945;27557;2021-07-07 14:30:00-04:00
63.290000915527344;64.12000274658203;62.77999877929688;64.12000274658203;3688;2021-07-08 09:30:00-04:00
64.16999816894531;65.19999694824219;64.16999816894531;65.0250015258789;2783;2021-07-08 10:30:00-04:00
64.94000244140625;65.62989807128906;64.94000244140625;65.23999786376953;5578;2021-07-08 11:30:00-04:00
65.17510223388672;65.58999633789062;64.55000305175781;64.55000305175781;4276;2021-07-08 12:30:00-04:00
64.83000183105469;64.9800033569336;64.2300033569336;64.5999984741211;2858;2021-07-08 13:30:00-04:00
64.43499755859375;64.51000213623047;63.79999923706055;64.51000213623047;7214;2021-07-08 14:30:00-04:00
64.54000091552734;64.58999633789062;63.88999938964844;64.37000274658203;8572;2021-07-08 15:30:00-04:00
64.88999938964844;65.87319946289062;63.95050048828125;65.44000244140625;0;2021-07-09 09:30:00-04:00
65.68000030517578;66.43000030517578;65.68000030517578;66.1436996459961;29420;2021-07-09 10:30:00-04:00
65.95999908447266;66.30000305175781;65.18000030517578;65.19000244140625;8144;2021-07-09 11:30:00-04:00
65.30999755859375;65.30999755859375;64.81999969482422;64.94249725341797;4677;2021-07-09 12:30:00-04:00
65.06999969482422;65.43000030517578;65.0;65.11000061035156;26216;2021-07-09 13:30:00-04:00
65.11000061035156;65.51000213623047;64.9800033569336;65.37000274658203;14851;2021-07-09 14:30:00-04:00
65.4000015258789;65.81999969482422;65.36000061035156;65.62000274658203;10893;2021-07-09 15:30:00-04:00
65.51000213623047;65.55999755859375;64.72000122070312;65.52999877929688;5331;2021-07-12 09:30:00-04:00
65.38189697265625;65.63999938964844;65.25;65.36759948730469;3155;2021-07-12 10:30:00-04:00
65.33000183105469;65.3499984741211;65.20500183105469;65.20500183105469;2003;2021-07-12 11:30:00-04:00
64.98999786376953;65.30000305175781;64.98999786376953;65.18000030517578;1778;2021-07-12 12:30:00-04:00
65.06790161132812;65.38999938964844;65.06790161132812;65.26499938964844;3120;2021-07-12 13:30:00-04:00
65.38999938964844;65.9000015258789;65.26499938964844;65.9000015258789;6701;2021-07-12 14:30:00-04:00
65.88500213623047;66.55000305175781;65.76000213623047;66.38999938964844;15111;2021-07-12 15:30:00-04:00
65.91999816894531;66.30000305175781;65.33999633789062;66.0;0;2021-07-13 09:30:00-04:00
65.96749877929688;66.05999755859375;65.5999984741211;65.80000305175781;12425;2021-07-13 10:30:00-04:00
65.76000213623047;65.86000061035156;65.55500030517578;65.7300033569336;9077;2021-07-13 11:30:00-04:00
65.6500015258789;65.6500015258789;65.45500183105469;65.51499938964844;7004;2021-07-13 12:30:00-04:00
65.56500244140625;65.56500244140625;65.40499877929688;65.5;6272;2021-07-13 13:30:00-04:00
65.43000030517578;65.51000213623047;64.42500305175781;64.62000274658203;9455;2021-07-13 14:30:00-04:00
64.63999938964844;65.23999786376953;64.63999938964844;64.66999816894531;21972;2021-07-13 15:30:00-04:00
63.34000015258789;64.36000061035156;61.90999984741211;62.9900016784668;43440;2021-07-14 09:30:00-04:00
62.869998931884766;63.220001220703125;62.65999984741211;62.93000030517578;7443;2021-07-14 10:30:00-04:00
63.04999923706055;63.15999984741211;62.4630012512207;62.59000015258789;11393;2021-07-14 11:30:00-04:00
62.59999847412109;62.79359817504883;62.3759994506836;62.3759994506836;18495;2021-07-14 12:30:00-04:00
62.525001525878906;62.619998931884766;61.900001525878906;61.900001525878906;7903;2021-07-14 13:30:00-04:00
61.84999847412109;62.34999847412109;61.61000061035156;61.9900016784668;10496;2021-07-14 14:30:00-04:00
62.09000015258789;62.1150016784668;61.810001373291016;61.935001373291016;12201;2021-07-14 15:30:00-04:00
61.810001373291016;62.0;61.269901275634766;61.6150016784668;10592;2021-07-15 09:30:00-04:00
61.65499877929688;62.13999938964844;61.54999923706055;61.54999923706055;13624;2021-07-15 10:30:00-04:00
61.720001220703125;62.01499938964844;61.43999862670898;61.9900016784668;4900;2021-07-15 11:30:00-04:00
62.0;62.09000015258789;61.80500030517578;61.80500030517578;4703;2021-07-15 12:30:00-04:00
61.630001068115234;61.75;61.5;61.595001220703125;8628;2021-07-15 13:30:00-04:00
61.5;61.75;61.5;61.59999847412109;13827;2021-07-15 14:30:00-04:00
61.6150016784668;61.86000061035156;61.59999847412109;61.66999816894531;19692;2021-07-15 15:30:00-04:00
61.880001068115234;61.880001068115234;61.22999954223633;61.619998931884766;9541;2021-07-16 09:30:00-04:00
61.29999923706055;61.875;61.02000045776367;61.810001373291016;7223;2021-07-16 10:30:00-04:00
61.790000915527344;62.040000915527344;61.66999816894531;61.970001220703125;2454;2021-07-16 11:30:00-04:00
62.09000015258789;62.25;61.820098876953125;62.25;6597;2021-07-16 12:30:00-04:00
62.09999847412109;62.09999847412109;61.625;61.65999984741211;11802;2021-07-16 13:30:00-04:00
61.650001525878906;61.68999862670898;61.5;61.540000915527344;4749;2021-07-16 14:30:00-04:00
61.54999923706055;61.54999923706055;61.040000915527344;61.040000915527344;13197;2021-07-16 15:30:00-04:00
60.040000915527344;60.89250183105469;59.75;60.150001525878906;7239;2021-07-19 09:30:00-04:00
60.40999984741211;61.68000030517578;60.20000076293945;61.595001220703125;14087;2021-07-19 10:30:00-04:00
61.56999969482422;61.880001068115234;61.27000045776367;61.380001068115234;4660;2021-07-19 11:30:00-04:00
61.185001373291016;61.93999862670898;61.0;61.2599983215332;5912;2021-07-19 12:30:00-04:00
61.22999954223633;61.43000030517578;60.994998931884766;61.18000030517578;20739;2021-07-19 13:30:00-04:00
61.20000076293945;61.20000076293945;60.75;61.04499816894531;8130;2021-07-19 14:30:00-04:00
61.09999847412109;61.41999816894531;61.0;61.31999969482422;12360;2021-07-19 15:30:00-04:00
61.7599983215332;62.18999862670898;61.47999954223633;62.0;8664;2021-07-20 09:30:00-04:00
62.15499877929688;62.209999084472656;61.91999816894531;61.96500015258789;12969;2021-07-20 10:30:00-04:00
61.869998931884766;61.89500045776367;61.369998931884766;61.494998931884766;6155;2021-07-20 11:30:00-04:00
61.51499938964844;61.834999084472656;61.44499969482422;61.47999954223633;9674;2021-07-20 12:30:00-04:00
61.56999969482422;62.06999969482422;61.56999969482422;62.03499984741211;4616;2021-07-20 13:30:00-04:00
62.040000915527344;62.310001373291016;61.869998931884766;62.310001373291016;7023;2021-07-20 14:30:00-04:00
62.31999969482422;62.69499969482422;62.29999923706055;62.52999877929688;12315;2021-07-20 15:30:00-04:00
