Open;High;Low;Close;Volume;Time
13.989999771118164;13.989999771118164;13.989999771118164;13.989999771118164;0.0;2019-07-23 09:30:00-04:00
13.977999687194824;13.979999542236328;13.960000038146973;13.960000038146973;4725.0;2019-07-23 10:30:00-04:00
13.949999809265137;13.949999809265137;13.93000030517578;13.94279956817627;4934.0;2019-07-23 11:30:00-04:00
13.957900047302246;13.957900047302246;13.957900047302246;13.957900047302246;780.0;2019-07-23 12:30:00-04:00
13.970000267028809;13.978500366210938;13.970000267028809;13.978500366210938;2315.0;2019-07-23 14:30:00-04:00
13.979999542236328;13.979999542236328;13.979999542236328;13.979999542236328;329.0;2019-07-23 15:30:00-04:00
14.029999732971191;14.029999732971191;14.029999732971191;14.029999732971191;0.0;2019-07-24 09:30:00-04:00
14.020000457763672;14.029999732971191;14.0;14.029999732971191;6670.0;2019-07-24 10:30:00-04:00
14.029999732971191;14.029999732971191;14.029999732971191;14.029999732971191;1328.0;2019-07-24 11:30:00-04:00
14.020000457763672;14.029999732971191;14.020000457763672;14.020000457763672;6065.0;2019-07-24 12:30:00-04:00
14.024999618530272;14.029999732971191;14.024999618530272;14.029999732971191;13777.0;2019-07-24 13:30:00-04:00
14.029999732971191;14.029999732971191;14.020000457763672;14.020000457763672;3400.0;2019-07-24 14:30:00-04:00
14.024700164794922;14.029999732971191;14.020000457763672;14.029999732971191;7919.0;2019-07-24 15:30:00-04:00
14.050000190734863;14.0600004196167;14.039799690246582;14.050000190734863;0.0;2019-07-25 09:30:00-04:00
14.050000190734863;14.050000190734863;14.046600341796877;14.046600341796877;9876.0;2019-07-25 10:30:00-04:00
14.050000190734863;14.050000190734863;14.050000190734863;14.050000190734863;4221.0;2019-07-25 11:30:00-04:00
14.050000190734863;14.050000190734863;14.039999961853027;14.045100212097168;8327.0;2019-07-25 12:30:00-04:00
14.039999961853027;14.050000190734863;14.039999961853027;14.050000190734863;1180.0;2019-07-25 13:30:00-04:00
14.050000190734863;14.050000190734863;14.039999961853027;14.050000190734863;3463.0;2019-07-25 14:30:00-04:00
14.039999961853027;14.050000190734863;14.039999961853027;14.050000190734863;1520.0;2019-07-25 15:30:00-04:00
14.079999923706056;14.079999923706056;14.06999969482422;14.06999969482422;0.0;2019-07-26 09:30:00-04:00
14.050000190734863;14.0600004196167;14.050000190734863;14.0600004196167;3431.0;2019-07-26 11:30:00-04:00
14.0600004196167;14.06999969482422;14.03439998626709;14.03439998626709;20518.0;2019-07-26 12:30:00-04:00
14.029999732971191;14.029999732971191;14.020000457763672;14.020000457763672;4010.0;2019-07-26 13:30:00-04:00
14.010000228881836;14.020000457763672;14.010000228881836;14.010000228881836;6156.0;2019-07-26 14:30:00-04:00
14.010000228881836;14.06999969482422;13.960000038146973;14.06999969482422;23181.0;2019-07-26 15:30:00-04:00
14.029999732971191;14.06760025024414;14.029999732971191;14.06760025024414;0.0;2019-07-29 09:30:00-04:00
14.029999732971191;14.044899940490724;14.029999732971191;14.044899940490724;4960.0;2019-07-29 10:30:00-04:00
14.089900016784668;14.09000015258789;14.039999961853027;14.039999961853027;6850.0;2019-07-29 11:30:00-04:00
14.079999923706056;14.09000015258789;14.039999961853027;14.050000190734863;3949.0;2019-07-29 12:30:00-04:00
14.059399604797363;14.078100204467772;14.059399604797363;14.0600004196167;5189.0;2019-07-29 13:30:00-04:00
14.089900016784668;14.09000015258789;14.089900016784668;14.09000015258789;2706.0;2019-07-29 14:30:00-04:00
14.09000015258789;14.100000381469728;14.079999923706056;14.079999923706056;5735.0;2019-07-29 15:30:00-04:00
14.109999656677246;14.109999656677246;14.06999969482422;14.109999656677246;0.0;2019-07-30 09:30:00-04:00
14.100000381469728;14.109999656677246;14.100000381469728;14.100000381469728;1716.0;2019-07-30 10:30:00-04:00
14.100000381469728;14.10990047454834;14.100000381469728;14.10990047454834;695.0;2019-07-30 11:30:00-04:00
14.109999656677246;14.119999885559082;14.109999656677246;14.109999656677246;1136.0;2019-07-30 12:30:00-04:00
14.119999885559082;14.119999885559082;14.09000015258789;14.09000015258789;2072.0;2019-07-30 13:30:00-04:00
14.100000381469728;14.130000114440918;14.100000381469728;14.109999656677246;9194.0;2019-07-30 14:30:00-04:00
14.109999656677246;14.130000114440918;14.09000015258789;14.09000015258789;0.0;2019-07-30 15:30:00-04:00
14.119999885559082;14.140000343322754;14.0600004196167;14.0600004196167;96784.0;2019-07-31 09:30:00-04:00
14.06999969482422;14.089900016784668;14.06999969482422;14.089900016784668;1799.0;2019-07-31 10:30:00-04:00
14.085000038146973;14.085000038146973;14.079999923706056;14.079999923706056;6118.0;2019-07-31 11:30:00-04:00
14.06999969482422;14.09000015258789;14.0600004196167;14.09000015258789;2325.0;2019-07-31 12:30:00-04:00
14.09000015258789;14.119999885559082;14.09000015258789;14.09000015258789;1581.0;2019-07-31 13:30:00-04:00
14.09000015258789;14.100000381469728;14.0;14.100000381469728;3309.0;2019-07-31 14:30:00-04:00
14.06999969482422;14.109999656677246;14.0600004196167;14.109999656677246;4188.0;2019-07-31 15:30:00-04:00
14.140000343322754;14.140000343322754;14.119999885559082;14.119999885559082;0.0;2019-08-01 09:30:00-04:00
14.130000114440918;14.140000343322754;14.130000114440918;14.140000343322754;3190.0;2019-08-01 10:30:00-04:00
14.140000343322754;14.140000343322754;14.13010025024414;14.13010025024414;246747.0;2019-08-01 11:30:00-04:00
14.135000228881836;14.140000343322754;14.130000114440918;14.140000343322754;30392.0;2019-08-01 12:30:00-04:00
14.140000343322754;14.149999618530272;14.140000343322754;14.143099784851074;12872.0;2019-08-01 13:30:00-04:00
14.149999618530272;14.170000076293944;14.140000343322754;14.15999984741211;8147.0;2019-08-01 14:30:00-04:00
14.149999618530272;14.170000076293944;14.149999618530272;14.170000076293944;14538.0;2019-08-01 15:30:00-04:00
14.170000076293944;14.18000030517578;14.130000114440918;14.18000030517578;0.0;2019-08-02 09:30:00-04:00
14.15999984741211;14.164999961853027;14.15999984741211;14.15999984741211;2006.0;2019-08-02 10:30:00-04:00
14.15999984741211;14.163000106811523;14.15999984741211;14.15999984741211;2265.0;2019-08-02 11:30:00-04:00
14.15999984741211;14.18000030517578;14.149999618530272;14.149999618530272;3164.0;2019-08-02 12:30:00-04:00
14.149999618530272;14.18000030517578;14.130000114440918;14.130000114440918;7488.0;2019-08-02 13:30:00-04:00
14.130000114440918;14.142999649047852;14.130000114440918;14.130000114440918;1760.0;2019-08-02 14:30:00-04:00
14.151800155639648;14.151800155639648;14.130000114440918;14.130000114440918;2903.0;2019-08-02 15:30:00-04:00
14.18000030517578;14.199999809265137;14.100000381469728;14.140000343322754;0.0;2019-08-05 09:30:00-04:00
14.140000343322754;14.170000076293944;14.130000114440918;14.149999618530272;11134.0;2019-08-05 10:30:00-04:00
14.149999618530272;14.154999732971191;14.140000343322754;14.154999732971191;896.0;2019-08-05 11:30:00-04:00
14.140000343322754;14.140000343322754;14.140000343322754;14.140000343322754;500.0;2019-08-05 12:30:00-04:00
14.147199630737305;14.147199630737305;14.130000114440918;14.130000114440918;900.0;2019-08-05 13:30:00-04:00
14.130000114440918;14.130000114440918;14.119999885559082;14.130000114440918;6632.0;2019-08-05 14:30:00-04:00
14.124899864196776;14.125;14.100000381469728;14.100000381469728;5975.0;2019-08-05 15:30:00-04:00
14.15999984741211;14.15999984741211;14.109999656677246;14.109999656677246;0.0;2019-08-06 09:30:00-04:00
14.109999656677246;14.15999984741211;14.109999656677246;14.15999984741211;32400.0;2019-08-06 10:30:00-04:00
14.13129997253418;14.149999618530272;14.119999885559082;14.130000114440918;3899.0;2019-08-06 11:30:00-04:00
14.119999885559082;14.149999618530272;14.119999885559082;14.130000114440918;6345.0;2019-08-06 12:30:00-04:00
14.130000114440918;14.130000114440918;14.130000114440918;14.130000114440918;600.0;2019-08-06 13:30:00-04:00
14.149999618530272;14.15999984741211;14.140000343322754;14.140000343322754;2151.0;2019-08-06 14:30:00-04:00
14.140000343322754;14.15999984741211;14.140000343322754;14.140000343322754;813.0;2019-08-06 15:30:00-04:00
14.170000076293944;14.210000038146973;14.15999984741211;14.1899995803833;0.0;2019-08-07 09:30:00-04:00
14.1899995803833;14.239999771118164;14.1899995803833;14.239999771118164;11965.0;2019-08-07 10:30:00-04:00
14.239999771118164;14.25;14.239999771118164;14.239999771118164;6176.0;2019-08-07 11:30:00-04:00
14.239999771118164;14.239999771118164;14.229999542236328;14.229999542236328;6458.0;2019-08-07 12:30:00-04:00
14.229999542236328;14.229999542236328;14.229999542236328;14.229999542236328;3345.0;2019-08-07 13:30:00-04:00
14.229999542236328;14.239999771118164;14.210000038146973;14.210000038146973;7713.0;2019-08-07 14:30:00-04:00
14.210000038146973;14.210000038146973;14.18000030517578;14.1899995803833;1500.0;2019-08-07 15:30:00-04:00
14.199999809265137;14.199999809265137;14.199999809265137;14.199999809265137;0.0;2019-08-08 09:30:00-04:00
14.170000076293944;14.170000076293944;14.039999961853027;14.079999923706056;12987.0;2019-08-08 10:30:00-04:00
14.098699569702148;14.119999885559082;14.079999923706056;14.119999885559082;2837.0;2019-08-08 11:30:00-04:00
14.119999885559082;14.15999984741211;14.079999923706056;14.109999656677246;4100.0;2019-08-08 12:30:00-04:00
14.109999656677246;14.119999885559082;14.109999656677246;14.119999885559082;7700.0;2019-08-08 13:30:00-04:00
14.119999885559082;14.159600257873535;14.109999656677246;14.109999656677246;11528.0;2019-08-08 14:30:00-04:00
14.109999656677246;14.130000114440918;14.0600004196167;14.0600004196167;16770.0;2019-08-08 15:30:00-04:00
14.06999969482422;14.199999809265137;14.0600004196167;14.119999885559082;0.0;2019-08-09 09:30:00-04:00
14.119999885559082;14.126500129699709;14.079999923706056;14.079999923706056;4374.0;2019-08-09 10:30:00-04:00
14.079999923706056;14.106900215148926;14.079999923706056;14.079999923706056;4375.0;2019-08-09 11:30:00-04:00
14.079999923706056;14.119999885559082;14.0600004196167;14.06999969482422;8200.0;2019-08-09 12:30:00-04:00
14.06999969482422;14.109999656677246;14.0600004196167;14.0600004196167;2763.0;2019-08-09 13:30:00-04:00
14.06999969482422;14.109999656677246;14.039999961853027;14.039999961853027;15615.0;2019-08-09 14:30:00-04:00
14.050000190734863;14.109999656677246;14.050000190734863;14.050000190734863;15548.0;2019-08-09 15:30:00-04:00
14.229999542236328;14.229999542236328;14.140000343322754;14.149999618530272;0.0;2019-08-12 09:30:00-04:00
14.140000343322754;14.1899995803833;14.140000343322754;14.170000076293944;4271.0;2019-08-12 10:30:00-04:00
14.15999984741211;14.199999809265137;14.15999984741211;14.199999809265137;11348.0;2019-08-12 11:30:00-04:00
14.170000076293944;14.199999809265137;14.170000076293944;14.170000076293944;2773.0;2019-08-12 12:30:00-04:00
14.170000076293944;14.21090030670166;14.170000076293944;14.199999809265137;6300.0;2019-08-12 13:30:00-04:00
14.199999809265137;14.225299835205078;14.170000076293944;14.1899995803833;11913.0;2019-08-12 14:30:00-04:00
14.18000030517578;14.1899995803833;14.159000396728516;14.1899995803833;0.0;2019-08-13 09:30:00-04:00
14.1899995803833;14.220000267028809;14.170000076293944;14.170000076293944;14498.0;2019-08-13 10:30:00-04:00
14.199999809265137;14.199999809265137;14.18000030517578;14.188899993896484;1535.0;2019-08-13 11:30:00-04:00
14.199999809265137;14.199999809265137;14.194000244140623;14.199999809265137;678.0;2019-08-13 12:30:00-04:00
14.199999809265137;14.199999809265137;14.199000358581545;14.199999809265137;1288.0;2019-08-13 13:30:00-04:00
14.19509983062744;14.199999809265137;14.18000030517578;14.189499855041504;13266.0;2019-08-13 14:30:00-04:00
14.210000038146973;14.210000038146973;14.210000038146973;14.210000038146973;297.0;2019-08-13 15:30:00-04:00
14.239999771118164;14.239999771118164;14.199999809265137;14.220000267028809;0.0;2019-08-14 09:30:00-04:00
14.239999771118164;14.239999771118164;14.22819995880127;14.239999771118164;8879.0;2019-08-14 10:30:00-04:00
14.239999771118164;14.239999771118164;14.210000038146973;14.229999542236328;8613.0;2019-08-14 11:30:00-04:00
14.229999542236328;14.239999771118164;14.229999542236328;14.239999771118164;1799.0;2019-08-14 12:30:00-04:00
14.234999656677246;14.234999656677246;14.229999542236328;14.234999656677246;1671.0;2019-08-14 13:30:00-04:00
14.229999542236328;14.229999542236328;14.210000038146973;14.210000038146973;6763.0;2019-08-14 14:30:00-04:00
14.210000038146973;14.210000038146973;14.119999885559082;14.210000038146973;11529.0;2019-08-14 15:30:00-04:00
14.239999771118164;14.25;14.220000267028809;14.25;0.0;2019-08-15 09:30:00-04:00
14.239999771118164;14.25;14.18000030517578;14.199999809265137;19309.0;2019-08-15 10:30:00-04:00
14.199999809265137;14.239999771118164;14.18000030517578;14.239999771118164;9485.0;2019-08-15 11:30:00-04:00
14.220000267028809;14.220000267028809;14.199999809265137;14.210000038146973;1850.0;2019-08-15 12:30:00-04:00
14.210000038146973;14.213700294494627;14.210000038146973;14.210000038146973;700.0;2019-08-15 13:30:00-04:00
14.208100318908691;14.239999771118164;14.204999923706056;14.239999771118164;3911.0;2019-08-15 14:30:00-04:00
14.210000038146973;14.239999771118164;14.210000038146973;14.210000038146973;1264.0;2019-08-15 15:30:00-04:00
14.220000267028809;14.229999542236328;14.214200019836426;14.229999542236328;0.0;2019-08-16 09:30:00-04:00
14.1899995803833;14.199999809265137;14.1850004196167;14.199999809265137;2800.0;2019-08-16 10:30:00-04:00
14.1899995803833;14.1899995803833;14.1899995803833;14.1899995803833;2367.0;2019-08-16 11:30:00-04:00
14.198399543762209;14.198399543762209;14.1899995803833;14.1899995803833;2626.0;2019-08-16 13:30:00-04:00
14.1899995803833;14.1899995803833;14.170000076293944;14.170000076293944;2029.0;2019-08-16 14:30:00-04:00
14.170000076293944;14.170000076293944;14.140000343322754;14.149999618530272;1779.0;2019-08-16 15:30:00-04:00
14.170000076293944;14.229999542236328;14.170000076293944;14.229999542236328;0.0;2019-08-19 09:30:00-04:00
14.220000267028809;14.229999542236328;14.220000267028809;14.225000381469728;7668.0;2019-08-19 10:30:00-04:00
14.229900360107422;14.239999771118164;14.220000267028809;14.220000267028809;9689.0;2019-08-19 11:30:00-04:00
14.1899995803833;14.1899995803833;14.17609977722168;14.1899995803833;10341.0;2019-08-19 12:30:00-04:00
14.179699897766112;14.179699897766112;14.149999618530272;14.149999618530272;10300.0;2019-08-19 13:30:00-04:00
14.157999992370604;14.25;14.149999618530272;14.199999809265137;22682.0;2019-08-19 14:30:00-04:00
14.229999542236328;14.229999542236328;14.170000076293944;14.170000076293944;0.0;2019-08-19 15:30:00-04:00
14.220000267028809;14.25;14.18000030517578;14.25;20940.0;2019-08-20 09:30:00-04:00
14.199999809265137;14.23610019683838;14.199999809265137;14.220000267028809;5952.0;2019-08-20 10:30:00-04:00
14.234999656677246;14.249899864196776;14.199999809265137;14.199999809265137;3501.0;2019-08-20 11:30:00-04:00
14.199999809265137;14.213199615478516;14.18000030517578;14.18000030517578;4295.0;2019-08-20 12:30:00-04:00
14.210000038146973;14.210000038146973;14.18000030517578;14.18000030517578;2017.0;2019-08-20 13:30:00-04:00
14.19499969482422;14.204999923706056;14.19499969482422;14.204999923706056;400.0;2019-08-20 14:30:00-04:00
14.20139980316162;14.208900451660156;14.15999984741211;14.15999984741211;8032.0;2019-08-20 15:30:00-04:00
14.18000030517578;14.279999732971191;14.18000030517578;14.214099884033203;0.0;2019-08-21 09:30:00-04:00
14.230299949645996;14.259900093078612;14.230299949645996;14.25;4024.0;2019-08-21 10:30:00-04:00
14.25;14.25;14.1899995803833;14.1899995803833;3059.0;2019-08-21 11:30:00-04:00
14.210000038146973;14.229900360107422;14.1899995803833;14.202300071716309;3469.0;2019-08-21 13:30:00-04:00
14.199999809265137;14.220000267028809;14.199999809265137;14.199999809265137;2067.0;2019-08-21 15:30:00-04:00
14.220000267028809;14.260000228881836;14.1899995803833;14.25;4094.0;2019-08-22 09:30:00-04:00
14.25;14.260000228881836;14.197500228881836;14.260000228881836;3671.0;2019-08-22 10:30:00-04:00
14.264800071716309;14.279999732971191;14.264800071716309;14.279999732971191;3500.0;2019-08-22 11:30:00-04:00
14.279899597167969;14.279899597167969;14.260000228881836;14.260000228881836;5869.0;2019-08-22 12:30:00-04:00
14.239999771118164;14.25;14.229999542236328;14.23270034790039;2686.0;2019-08-22 13:30:00-04:00
14.229999542236328;14.233099937438965;14.218999862670898;14.218999862670898;2131.0;2019-08-22 14:30:00-04:00
14.220000267028809;14.226499557495115;14.170000076293944;14.170000076293944;5145.0;2019-08-22 15:30:00-04:00
14.1899995803833;14.1899995803833;14.140000343322754;14.140000343322754;0.0;2019-08-23 09:30:00-04:00
14.140000343322754;14.140000343322754;14.109999656677246;14.109999656677246;5241.0;2019-08-23 10:30:00-04:00
14.125;14.138999938964844;14.109999656677246;14.138999938964844;3922.0;2019-08-23 11:30:00-04:00
14.121000289916992;14.130000114440918;14.11989974975586;14.119999885559082;3364.0;2019-08-23 12:30:00-04:00
14.119999885559082;14.140000343322754;14.109999656677246;14.140000343322754;9996.0;2019-08-23 13:30:00-04:00
14.149999618530272;14.15999984741211;14.140000343322754;14.15999984741211;1579.0;2019-08-23 15:30:00-04:00
14.130000114440918;14.149999618530272;14.100000381469728;14.122699737548828;0.0;2019-08-26 09:30:00-04:00
14.149999618530272;14.170000076293944;14.109999656677246;14.119999885559082;8751.0;2019-08-26 10:30:00-04:00
14.170000076293944;14.170000076293944;14.119999885559082;14.154999732971191;5046.0;2019-08-26 11:30:00-04:00
14.157699584960938;14.18000030517578;14.140000343322754;14.140000343322754;3965.0;2019-08-26 12:30:00-04:00
14.165399551391602;14.165399551391602;14.165399551391602;14.165399551391602;1000.0;2019-08-26 13:30:00-04:00
14.18000030517578;14.18000030517578;14.159600257873535;14.159600257873535;1308.0;2019-08-26 14:30:00-04:00
14.149999618530272;14.18000030517578;14.149999618530272;14.18000030517578;736.0;2019-08-26 15:30:00-04:00
14.18000030517578;14.18000030517578;14.149999618530272;14.149999618530272;0.0;2019-08-27 09:30:00-04:00
14.18000030517578;14.210000038146973;14.172300338745115;14.210000038146973;5762.0;2019-08-27 10:30:00-04:00
14.20330047607422;14.20330047607422;14.170000076293944;14.170000076293944;1842.0;2019-08-27 11:30:00-04:00
14.206000328063965;14.210000038146973;14.206000328063965;14.210000038146973;566.0;2019-08-27 13:30:00-04:00
14.1850004196167;14.1899995803833;14.130000114440918;14.160499572753906;15353.0;2019-08-27 14:30:00-04:00
14.119999885559082;14.18000030517578;14.079999923706056;14.18000030517578;21426.0;2019-08-27 15:30:00-04:00
14.199999809265137;14.21500015258789;14.170000076293944;14.170000076293944;0.0;2019-08-28 09:30:00-04:00
14.199999809265137;14.220000267028809;14.199999809265137;14.220000267028809;16448.0;2019-08-28 10:30:00-04:00
14.229999542236328;14.239999771118164;14.220100402832031;14.220100402832031;5007.0;2019-08-28 11:30:00-04:00
14.229999542236328;14.239999771118164;14.210000038146973;14.211600303649902;7521.0;2019-08-28 12:30:00-04:00
14.210000038146973;14.210000038146973;14.1899995803833;14.210000038146973;14478.0;2019-08-28 13:30:00-04:00
14.210000038146973;14.220000267028809;14.20069980621338;14.20139980316162;8730.0;2019-08-28 14:30:00-04:00
14.210000038146973;14.220000267028809;14.199999809265137;14.220000267028809;3910.0;2019-08-28 15:30:00-04:00
14.239999771118164;14.260000228881836;14.20989990234375;14.220000267028809;0.0;2019-08-29 09:30:00-04:00
14.220000267028809;14.220000267028809;14.199999809265137;14.220000267028809;3224.0;2019-08-29 10:30:00-04:00
14.218600273132324;14.220000267028809;14.1899995803833;14.220000267028809;14305.0;2019-08-29 11:30:00-04:00
14.220000267028809;14.220000267028809;14.220000267028809;14.220000267028809;2703.0;2019-08-29 12:30:00-04:00
14.218600273132324;14.220000267028809;14.206600189208984;14.220000267028809;1000.0;2019-08-29 13:30:00-04:00
14.220000267028809;14.220000267028809;14.218600273132324;14.218600273132324;419.0;2019-08-29 14:30:00-04:00
14.220000267028809;14.220000267028809;14.220000267028809;14.220000267028809;301.0;2019-08-29 15:30:00-04:00
14.260000228881836;14.270000457763672;14.229999542236328;14.270000457763672;0.0;2019-08-30 09:30:00-04:00
14.234999656677246;14.234999656677246;14.234999656677246;14.234999656677246;746.0;2019-08-30 10:30:00-04:00
14.220000267028809;14.25;14.220000267028809;14.25;3004.0;2019-08-30 11:30:00-04:00
14.25;14.25;14.233699798583984;14.233699798583984;1243.0;2019-08-30 14:30:00-04:00
14.229999542236328;14.25;14.229999542236328;14.25;2032.0;2019-08-30 15:30:00-04:00
14.289999961853027;14.289999961853027;14.256099700927734;14.263299942016602;0.0;2019-09-03 09:30:00-04:00
14.289999961853027;14.300000190734863;14.25;14.25;6580.0;2019-09-03 10:30:00-04:00
14.27239990234375;14.279999732971191;14.270999908447266;14.270999908447266;2406.0;2019-09-03 11:30:00-04:00
14.260000228881836;14.279999732971191;14.260000228881836;14.262999534606934;4706.0;2019-09-03 12:30:00-04:00
14.260000228881836;14.300000190734863;14.260000228881836;14.260000228881836;9560.0;2019-09-03 13:30:00-04:00
14.296500205993652;14.300000190734863;14.18000030517578;14.18000030517578;16404.0;2019-09-03 14:30:00-04:00
14.18000030517578;14.220000267028809;14.18000030517578;14.18000030517578;3286.0;2019-09-03 15:30:00-04:00
14.210000038146973;14.219599723815918;14.1899995803833;14.1899995803833;0.0;2019-09-04 09:30:00-04:00
14.1899995803833;14.220000267028809;14.18000030517578;14.18000030517578;15208.0;2019-09-04 10:30:00-04:00
14.18000030517578;14.1899995803833;14.15999984741211;14.15999984741211;13803.0;2019-09-04 11:30:00-04:00
14.18000030517578;14.19499969482422;14.18000030517578;14.1899995803833;19858.0;2019-09-04 12:30:00-04:00
14.18000030517578;14.239999771118164;14.18000030517578;14.225000381469728;12645.0;2019-09-04 13:30:00-04:00
14.239999771118164;14.289999961853027;14.220000267028809;14.239999771118164;16073.0;2019-09-04 14:30:00-04:00
14.220000267028809;14.258999824523926;14.199999809265137;14.199999809265137;0.0;2019-09-04 15:30:00-04:00
14.18000030517578;14.239999771118164;14.130000114440918;14.130000114440918;0.0;2019-09-05 09:30:00-04:00
14.109999656677246;14.109999656677246;14.079999923706056;14.079999923706056;5389.0;2019-09-05 10:30:00-04:00
14.100000381469728;14.130000114440918;14.100000381469728;14.129899978637695;2561.0;2019-09-05 12:30:00-04:00
14.109999656677246;14.109999656677246;14.079999923706056;14.104999542236328;7221.0;2019-09-05 13:30:00-04:00
14.109999656677246;14.109999656677246;14.100000381469728;14.100000381469728;2000.0;2019-09-05 14:30:00-04:00
14.100000381469728;14.109999656677246;14.079999923706056;14.079999923706056;21416.0;2019-09-05 15:30:00-04:00
14.130000114440918;14.18000030517578;14.130000114440918;14.18000030517578;1687.0;2019-09-06 09:30:00-04:00
14.18000030517578;14.18000030517578;14.170000076293944;14.170000076293944;523.0;2019-09-06 10:30:00-04:00
14.170000076293944;14.170000076293944;14.170000076293944;14.170000076293944;1297.0;2019-09-06 11:30:00-04:00
14.170000076293944;14.18000030517578;14.15999984741211;14.164999961853027;10128.0;2019-09-06 12:30:00-04:00
14.170000076293944;14.170000076293944;14.15999984741211;14.15999984741211;200.0;2019-09-06 13:30:00-04:00
14.15999984741211;14.15999984741211;14.15999984741211;14.15999984741211;100.0;2019-09-06 14:30:00-04:00
14.164400100708008;14.18000030517578;14.15999984741211;14.18000030517578;910.0;2019-09-06 15:30:00-04:00
14.170000076293944;14.170000076293944;14.100000381469728;14.100000381469728;0.0;2019-09-09 09:30:00-04:00
14.109999656677246;14.170000076293944;14.109999656677246;14.170000076293944;17372.0;2019-09-09 10:30:00-04:00
14.151900291442873;14.151900291442873;14.09000015258789;14.11050033569336;10171.0;2019-09-09 11:30:00-04:00
14.100000381469728;14.100000381469728;14.09000015258789;14.09000015258789;2200.0;2019-09-09 12:30:00-04:00
14.09000015258789;14.100000381469728;14.079999923706056;14.079999923706056;1337.0;2019-09-09 13:30:00-04:00
14.09000015258789;14.109999656677246;14.09000015258789;14.109999656677246;723.0;2019-09-09 14:30:00-04:00
14.106599807739258;14.106599807739258;14.09000015258789;14.09000015258789;1210.0;2019-09-09 15:30:00-04:00
14.109999656677246;14.140000343322754;14.079999923706056;14.079999923706056;0.0;2019-09-10 09:30:00-04:00
14.079999923706056;14.109999656677246;14.079999923706056;14.089099884033203;4390.0;2019-09-10 10:30:00-04:00
14.09000015258789;14.09000015258789;14.0556001663208;14.0556001663208;6265.0;2019-09-10 11:30:00-04:00
14.05430030822754;14.0600004196167;14.050000190734863;14.0600004196167;1942.0;2019-09-10 12:30:00-04:00
14.050000190734863;14.063199996948242;14.050000190734863;14.0600004196167;1394.0;2019-09-10 13:30:00-04:00
14.050000190734863;14.078700065612791;14.050000190734863;14.05370044708252;7380.0;2019-09-10 14:30:00-04:00
14.064000129699709;14.067999839782717;14.050000190734863;14.0600004196167;7994.0;2019-09-10 15:30:00-04:00
14.079999923706056;14.109999656677246;14.079999923706056;14.079999923706056;0.0;2019-09-11 09:30:00-04:00
14.100000381469728;14.119999885559082;14.090100288391112;14.119999885559082;7674.0;2019-09-11 10:30:00-04:00
14.119999885559082;14.119999885559082;14.119999885559082;14.119999885559082;1653.0;2019-09-11 11:30:00-04:00
14.109999656677246;14.119999885559082;14.09000015258789;14.09000015258789;4640.0;2019-09-11 12:30:00-04:00
14.100000381469728;14.100000381469728;14.09000015258789;14.09000015258789;1357.0;2019-09-11 13:30:00-04:00
14.104000091552734;14.104000091552734;14.09000015258789;14.09000015258789;501.0;2019-09-11 14:30:00-04:00
14.09000015258789;14.095000267028809;14.079999923706056;14.079999923706056;4622.0;2019-09-11 15:30:00-04:00
14.0;14.020000457763672;14.0;14.0;0.0;2019-09-12 09:30:00-04:00
14.010000228881836;14.010000228881836;14.0;14.010000228881836;4293.0;2019-09-12 10:30:00-04:00
14.010000228881836;14.020000457763672;13.960000038146973;13.960000038146973;21685.0;2019-09-12 11:30:00-04:00
13.960000038146973;13.960000038146973;13.960000038146973;13.960000038146973;1100.0;2019-09-12 12:30:00-04:00
13.960000038146973;13.960000038146973;13.950200080871582;13.950200080871582;2371.0;2019-09-12 13:30:00-04:00
13.949999809265137;13.949999809265137;13.949999809265137;13.949999809265137;1436.0;2019-09-12 14:30:00-04:00
13.949999809265137;13.954700469970703;13.869999885559082;13.869999885559082;10885.0;2019-09-12 15:30:00-04:00
13.8100004196167;13.90999984741211;13.75;13.8100004196167;0.0;2019-09-13 09:30:00-04:00
13.8100004196167;13.8100004196167;13.760000228881836;13.770000457763672;10228.0;2019-09-13 10:30:00-04:00
13.774999618530272;13.822699546813965;13.774999618530272;13.809900283813477;8712.0;2019-09-13 11:30:00-04:00
13.79740047454834;13.79740047454834;13.770000457763672;13.770000457763672;722.0;2019-09-13 12:30:00-04:00
13.770000457763672;13.770000457763672;13.770000457763672;13.770000457763672;700.0;2019-09-13 13:30:00-04:00
13.800000190734863;13.800000190734863;13.770000457763672;13.770000457763672;4604.0;2019-09-13 14:30:00-04:00
13.770000457763672;13.770000457763672;13.6899995803833;13.699999809265137;1983.0;2019-09-13 15:30:00-04:00
13.59000015258789;13.733699798583984;13.59000015258789;13.729999542236328;0.0;2019-09-16 09:30:00-04:00
13.75;13.880000114440918;13.729999542236328;13.880000114440918;10310.0;2019-09-16 10:30:00-04:00
13.885000228881836;13.890000343322754;13.800100326538086;13.875;0.0;2019-09-16 11:30:00-04:00
13.850000381469728;13.880000114440918;13.850000381469728;13.850000381469728;37942.0;2019-09-16 12:30:00-04:00
13.862299919128418;13.862700462341309;13.81999969482422;13.81999969482422;2847.0;2019-09-16 13:30:00-04:00
13.833999633789062;13.833999633789062;13.729999542236328;13.739999771118164;4450.0;2019-09-16 14:30:00-04:00
13.739999771118164;13.779999732971191;13.720000267028809;13.720000267028809;8602.0;2019-09-16 15:30:00-04:00
13.739999771118164;13.831000328063965;13.739999771118164;13.821599960327148;0.0;2019-09-17 09:30:00-04:00
13.820500373840332;13.949999809265137;13.800000190734863;13.829999923706056;20119.0;2019-09-17 10:30:00-04:00
13.90999984741211;13.920000076293944;13.859999656677246;13.859999656677246;2365.0;2019-09-17 11:30:00-04:00
13.859999656677246;13.880000114440918;13.829999923706056;13.850000381469728;6608.0;2019-09-17 12:30:00-04:00
13.850000381469728;13.880000114440918;13.81999969482422;13.869999885559082;14020.0;2019-09-17 13:30:00-04:00
13.864999771118164;13.869999885559082;13.854999542236328;13.854999542236328;2976.0;2019-09-17 14:30:00-04:00
13.850000381469728;13.859999656677246;13.850000381469728;13.859999656677246;4010.0;2019-09-17 15:30:00-04:00
13.850000381469728;13.9399995803833;13.850000381469728;13.9399995803833;0.0;2019-09-18 09:30:00-04:00
13.904000282287598;13.960000038146973;13.899999618530272;13.949999809265137;5889.0;2019-09-18 10:30:00-04:00
13.951000213623049;13.979999542236328;13.9399995803833;13.9399995803833;12512.0;2019-09-18 11:30:00-04:00
13.94499969482422;13.94499969482422;13.920000076293944;13.938300132751465;8648.0;2019-09-18 12:30:00-04:00
13.920000076293944;13.949999809265137;13.899999618530272;13.949999809265137;3318.0;2019-09-18 13:30:00-04:00
13.90999984741211;13.949999809265137;13.90999984741211;13.949999809265137;5205.0;2019-09-18 14:30:00-04:00
13.9399995803833;13.979999542236328;13.9399995803833;13.979999542236328;7336.0;2019-09-18 15:30:00-04:00
13.970000267028809;14.079999923706056;13.9399995803833;14.0625;0.0;2019-09-19 09:30:00-04:00
14.0600004196167;14.06999969482422;14.029999732971191;14.029999732971191;8644.0;2019-09-19 10:30:00-04:00
14.029999732971191;14.050000190734863;14.029999732971191;14.050000190734863;4785.0;2019-09-19 11:30:00-04:00
14.050000190734863;14.050000190734863;14.029999732971191;14.029999732971191;3118.0;2019-09-19 12:30:00-04:00
14.029999732971191;14.029999732971191;14.01099967956543;14.01099967956543;2120.0;2019-09-19 13:30:00-04:00
14.03320026397705;14.039999961853027;13.989999771118164;14.029999732971191;9160.0;2019-09-19 14:30:00-04:00
14.029999732971191;14.050000190734863;14.020000457763672;14.050000190734863;5218.0;2019-09-19 15:30:00-04:00
14.050000190734863;14.06999969482422;14.050000190734863;14.0600004196167;0.0;2019-09-20 09:30:00-04:00
14.0600004196167;14.079999923706056;14.05500030517578;14.0600004196167;14032.0;2019-09-20 10:30:00-04:00
14.079999923706056;14.079999923706056;14.0600004196167;14.06999969482422;3839.0;2019-09-20 11:30:00-04:00
14.06999969482422;14.06999969482422;14.0600004196167;14.06999969482422;5847.0;2019-09-20 12:30:00-04:00
14.0600004196167;14.0649995803833;14.0600004196167;14.0600004196167;2955.0;2019-09-20 13:30:00-04:00
14.0600004196167;14.079999923706056;14.0600004196167;14.077500343322754;1779.0;2019-09-20 14:30:00-04:00
14.086799621582031;14.086799621582031;14.0600004196167;14.0600004196167;1273.0;2019-09-20 15:30:00-04:00
14.0600004196167;14.0600004196167;14.04800033569336;14.0600004196167;0.0;2019-09-23 09:30:00-04:00
14.0600004196167;14.09000015258789;14.047100067138672;14.09000015258789;4815.0;2019-09-23 10:30:00-04:00
14.09000015258789;14.09000015258789;14.05500030517578;14.09000015258789;1540.0;2019-09-23 13:30:00-04:00
14.09000015258789;14.18000030517578;14.050000190734863;14.18000030517578;9761.0;2019-09-23 14:30:00-04:00
14.099499702453612;14.18000030517578;14.09000015258789;14.140000343322754;3200.0;2019-09-23 15:30:00-04:00
14.170000076293944;14.170000076293944;14.133899688720703;14.15999984741211;0.0;2019-09-24 09:30:00-04:00
14.15999984741211;14.18000030517578;14.15999984741211;14.164999961853027;7182.0;2019-09-24 10:30:00-04:00
14.15999984741211;14.160699844360352;14.130000114440918;14.140000343322754;6872.0;2019-09-24 11:30:00-04:00
14.149999618530272;14.169599533081056;14.119999885559082;14.119999885559082;2179.0;2019-09-24 12:30:00-04:00
14.119999885559082;14.140000343322754;14.119999885559082;14.12619972229004;9832.0;2019-09-24 13:30:00-04:00
14.130000114440918;14.140000343322754;14.119999885559082;14.130000114440918;3004.0;2019-09-24 14:30:00-04:00
14.119999885559082;14.140000343322754;14.119999885559082;14.140000343322754;1358.0;2019-09-24 15:30:00-04:00
14.130000114440918;14.18000030517578;14.130000114440918;14.15999984741211;0.0;2019-09-25 09:30:00-04:00
14.164999961853027;14.170000076293944;14.149999618530272;14.15999984741211;5141.0;2019-09-25 10:30:00-04:00
14.130000114440918;14.130000114440918;14.130000114440918;14.130000114440918;100.0;2019-09-25 11:30:00-04:00
14.159899711608888;14.170000076293944;14.130000114440918;14.148699760437012;17061.0;2019-09-25 12:30:00-04:00
14.15470027923584;14.163800239562988;14.15470027923584;14.163800239562988;1017.0;2019-09-25 13:30:00-04:00
14.170000076293944;14.170000076293944;14.151599884033203;14.15839958190918;6055.0;2019-09-25 14:30:00-04:00
14.140999794006348;14.154999732971191;14.109999656677246;14.109999656677246;6771.0;2019-09-25 15:30:00-04:00
14.15999984741211;14.18000030517578;14.15999984741211;14.18000030517578;0.0;2019-09-26 09:30:00-04:00
14.18000030517578;14.239999771118164;14.175000190734863;14.19379997253418;13407.0;2019-09-26 10:30:00-04:00
14.199999809265137;14.220000267028809;14.199999809265137;14.220000267028809;2884.0;2019-09-26 11:30:00-04:00
14.199999809265137;14.199999809265137;14.18000030517578;14.19499969482422;2891.0;2019-09-26 12:30:00-04:00
14.19509983062744;14.195799827575684;14.19509983062744;14.195799827575684;392.0;2019-09-26 14:30:00-04:00
14.199999809265137;14.20709991455078;14.18000030517578;14.18000030517578;4500.0;2019-09-26 15:30:00-04:00
14.239999771118164;14.239999771118164;14.1899995803833;14.1899995803833;0.0;2019-09-27 09:30:00-04:00
14.204999923706056;14.220000267028809;14.1899995803833;14.204999923706056;3904.0;2019-09-27 10:30:00-04:00
14.204999923706056;14.220000267028809;14.204999923706056;14.220000267028809;839.0;2019-09-27 11:30:00-04:00
14.1899995803833;14.204999923706056;14.1899995803833;14.204999923706056;709.0;2019-09-27 12:30:00-04:00
14.204999923706056;14.213000297546388;14.19499969482422;14.19499969482422;3873.0;2019-09-27 13:30:00-04:00
14.19499969482422;14.19499969482422;14.19499969482422;14.19499969482422;223.0;2019-09-27 14:30:00-04:00
14.170000076293944;14.170000076293944;14.170000076293944;14.170000076293944;1601.0;2019-09-27 15:30:00-04:00
14.190199851989746;14.199999809265137;14.190199851989746;14.199999809265137;1981.0;2019-09-30 10:30:00-04:00
14.210000038146973;14.239999771118164;14.210000038146973;14.239999771118164;2489.0;2019-09-30 11:30:00-04:00
14.239999771118164;14.25;14.239999771118164;14.239999771118164;2125.0;2019-09-30 12:30:00-04:00
14.25;14.270000457763672;14.239999771118164;14.270000457763672;2868.0;2019-09-30 13:30:00-04:00
14.255000114440918;14.270000457763672;14.239999771118164;14.239999771118164;11191.0;2019-09-30 14:30:00-04:00
14.260000228881836;14.260000228881836;14.239999771118164;14.260000228881836;478.0;2019-09-30 15:30:00-04:00
14.25;14.26830005645752;14.225000381469728;14.260000228881836;0.0;2019-10-01 09:30:00-04:00
14.279999732971191;14.279999732971191;14.199999809265137;14.25100040435791;14719.0;2019-10-01 10:30:00-04:00
14.270000457763672;14.270000457763672;14.244500160217283;14.270000457763672;2157.0;2019-10-01 11:30:00-04:00
14.229999542236328;14.239999771118164;14.229999542236328;14.229999542236328;5125.0;2019-10-01 13:30:00-04:00
14.229999542236328;14.239999771118164;14.18000030517578;14.18000030517578;9832.0;2019-10-01 14:30:00-04:00
14.1850004196167;14.199999809265137;14.170000076293944;14.199999809265137;1300.0;2019-10-01 15:30:00-04:00
14.220000267028809;14.300000190734863;14.220000267028809;14.300000190734863;0.0;2019-10-02 09:30:00-04:00
14.300000190734863;14.300000190734863;14.260000228881836;14.279999732971191;1399.0;2019-10-02 10:30:00-04:00
14.26140022277832;14.279999732971191;14.26140022277832;14.279999732971191;3504.0;2019-10-02 11:30:00-04:00
14.229999542236328;14.229999542236328;14.170000076293944;14.210000038146973;5989.0;2019-10-02 13:30:00-04:00
14.229999542236328;14.23799991607666;14.229999542236328;14.234000205993652;650.0;2019-10-02 14:30:00-04:00
14.220000267028809;14.220000267028809;14.210000038146973;14.210000038146973;1528.0;2019-10-02 15:30:00-04:00
14.270000457763672;14.289999961853027;14.25;14.289999961853027;0.0;2019-10-03 09:30:00-04:00
14.300000190734863;14.31999969482422;14.25;14.270000457763672;26203.0;2019-10-03 10:30:00-04:00
14.291099548339844;14.291099548339844;14.25;14.25;8902.0;2019-10-03 11:30:00-04:00
14.266799926757812;14.266799926757812;14.266799926757812;14.266799926757812;415.0;2019-10-03 12:30:00-04:00
14.265000343322754;14.265000343322754;14.25;14.25;800.0;2019-10-03 15:30:00-04:00
14.300000190734863;14.300000190734863;14.239999771118164;14.25;0.0;2019-10-04 09:30:00-04:00
14.249899864196776;14.25;14.229999542236328;14.234999656677246;5731.0;2019-10-04 10:30:00-04:00
14.237099647521973;14.239999771118164;14.220000267028809;14.229900360107422;6363.0;2019-10-04 11:30:00-04:00
14.229999542236328;14.25;14.229999542236328;14.25;2026.0;2019-10-04 12:30:00-04:00
14.23680019378662;14.23680019378662;14.229999542236328;14.229999542236328;669.0;2019-10-04 14:30:00-04:00
14.240799903869627;14.241399765014648;14.229999542236328;14.229999542236328;3808.0;2019-10-04 15:30:00-04:00
14.229999542236328;14.229999542236328;14.229999542236328;14.229999542236328;0.0;2019-10-07 09:30:00-04:00
14.25;14.359999656677246;14.229999542236328;14.270000457763672;46357.0;2019-10-07 10:30:00-04:00
14.300000190734863;14.34000015258789;14.300000190734863;14.300000190734863;13664.0;2019-10-07 11:30:00-04:00
14.31999969482422;14.329999923706056;14.199999809265137;14.219200134277344;19511.0;2019-10-07 12:30:00-04:00
14.24940013885498;14.25220012664795;14.23900032043457;14.25220012664795;2429.0;2019-10-07 13:30:00-04:00
14.244999885559082;14.25;14.229999542236328;14.25;5250.0;2019-10-07 14:30:00-04:00
14.239999771118164;14.247300148010254;14.229999542236328;14.229999542236328;4030.0;2019-10-07 15:30:00-04:00
14.270000457763672;14.279999732971191;14.260000228881836;14.274999618530272;0.0;2019-10-08 09:30:00-04:00
14.265000343322754;14.265000343322754;14.239999771118164;14.242199897766112;9541.0;2019-10-08 10:30:00-04:00
14.238100051879885;14.239999771118164;14.229999542236328;14.239999771118164;3425.0;2019-10-08 11:30:00-04:00
14.260000228881836;14.260000228881836;14.225000381469728;14.229999542236328;8488.0;2019-10-08 12:30:00-04:00
14.227999687194824;14.229999542236328;14.225000381469728;14.229999542236328;2390.0;2019-10-08 13:30:00-04:00
14.25;14.25;14.199999809265137;14.220000267028809;13795.0;2019-10-08 14:30:00-04:00
14.1899995803833;14.1899995803833;14.149999618530272;14.18000030517578;4807.0;2019-10-08 15:30:00-04:00
14.210000038146973;14.210000038146973;14.210000038146973;14.210000038146973;0.0;2019-10-09 09:30:00-04:00
14.239999771118164;14.239999771118164;14.239999771118164;14.239999771118164;645.0;2019-10-09 10:30:00-04:00
14.234999656677246;14.234999656677246;14.230899810791016;14.234399795532228;700.0;2019-10-09 11:30:00-04:00
14.236700057983398;14.260000228881836;14.236700057983398;14.243000030517578;3185.0;2019-10-09 12:30:00-04:00
14.240099906921388;14.260000228881836;14.240099906921388;14.260000228881836;1942.0;2019-10-09 13:30:00-04:00
14.260000228881836;14.260000228881836;14.24899959564209;14.25;4393.0;2019-10-09 14:30:00-04:00
14.24429988861084;14.270000457763672;14.24429988861084;14.270000457763672;1663.0;2019-10-09 15:30:00-04:00
14.260000228881836;14.270000457763672;14.220000267028809;14.260000228881836;0.0;2019-10-10 09:30:00-04:00
14.260000228881836;14.270000457763672;14.243000030517578;14.254400253295898;5974.0;2019-10-10 10:30:00-04:00
14.260000228881836;14.260000228881836;14.25;14.25;4285.0;2019-10-10 11:30:00-04:00
14.25;14.25;14.25;14.25;400.0;2019-10-10 12:30:00-04:00
14.260000228881836;14.289999961853027;14.255000114440918;14.26010036468506;5816.0;2019-10-10 13:30:00-04:00
14.270000457763672;14.270000457763672;14.25;14.260000228881836;6733.0;2019-10-10 14:30:00-04:00
14.270000457763672;14.288000106811523;14.270000457763672;14.279999732971191;1000.0;2019-10-10 15:30:00-04:00
14.220000267028809;14.229999542236328;14.199999809265137;14.20580005645752;0.0;2019-10-11 09:30:00-04:00
14.21500015258789;14.229999542236328;14.210000038146973;14.210000038146973;10802.0;2019-10-11 10:30:00-04:00
14.2076997756958;14.210000038146973;14.1899995803833;14.1899995803833;8893.0;2019-10-11 11:30:00-04:00
14.19499969482422;14.199999809265137;14.1899995803833;14.19499969482422;7552.0;2019-10-11 12:30:00-04:00
14.19499969482422;14.19499969482422;14.1850004196167;14.1899995803833;3360.0;2019-10-11 13:30:00-04:00
14.1899995803833;14.199999809265137;14.186100006103516;14.199999809265137;10874.0;2019-10-11 14:30:00-04:00
14.19499969482422;14.199999809265137;14.1899995803833;14.1899995803833;4332.0;2019-10-11 15:30:00-04:00
14.18000030517578;14.239999771118164;14.17609977722168;14.199999809265137;0.0;2019-10-14 09:30:00-04:00
14.199999809265137;14.199999809265137;14.199999809265137;14.199999809265137;2617.0;2019-10-14 11:30:00-04:00
14.199999809265137;14.199999809265137;14.196800231933594;14.199000358581545;3370.0;2019-10-14 14:30:00-04:00
14.1899995803833;14.196999549865724;14.149999618530272;14.149999618530272;6912.0;2019-10-14 15:30:00-04:00
14.15999984741211;14.220000267028809;14.149999618530272;14.149999618530272;0.0;2019-10-15 09:30:00-04:00
14.18000030517578;14.1899995803833;14.149999618530272;14.149999618530272;8666.0;2019-10-15 10:30:00-04:00
14.167099952697754;14.168499946594238;14.167099952697754;14.168499946594238;1128.0;2019-10-15 13:30:00-04:00
14.18000030517578;14.18000030517578;14.149999618530272;14.170000076293944;1000.0;2019-10-15 14:30:00-04:00
14.149999618530272;14.155099868774414;14.130000114440918;14.130000114440918;0.0;2019-10-16 09:30:00-04:00
14.149999618530272;14.163900375366213;14.119999885559082;14.149999618530272;4622.0;2019-10-16 10:30:00-04:00
14.119999885559082;14.135000228881836;14.119999885559082;14.130000114440918;1346.0;2019-10-16 11:30:00-04:00
14.135000228881836;14.135000228881836;14.100000381469728;14.135000228881836;1706.0;2019-10-16 12:30:00-04:00
14.125;14.138999938964844;14.070799827575684;14.109999656677246;13079.0;2019-10-16 13:30:00-04:00
14.119999885559082;14.145000457763672;14.109999656677246;14.119999885559082;7612.0;2019-10-16 14:30:00-04:00
14.119999885559082;14.139200210571287;14.100000381469728;14.100000381469728;2358.0;2019-10-16 15:30:00-04:00
14.06999969482422;14.149999618530272;14.06999969482422;14.140000343322754;13398.0;2019-10-17 09:30:00-04:00
14.140000343322754;14.15999984741211;14.131699562072754;14.149999618530272;5081.0;2019-10-17 10:30:00-04:00
14.149999618530272;14.15310001373291;14.143500328063965;14.15310001373291;7680.0;2019-10-17 11:30:00-04:00
14.15999984741211;14.18000030517578;14.15999984741211;14.170000076293944;5841.0;2019-10-17 12:30:00-04:00
14.18000030517578;14.18000030517578;14.140000343322754;14.140000343322754;4902.0;2019-10-17 13:30:00-04:00
14.140000343322754;14.140000343322754;14.130000114440918;14.130000114440918;2278.0;2019-10-17 14:30:00-04:00
14.130000114440918;14.15999984741211;14.130000114440918;14.130000114440918;3138.0;2019-10-17 15:30:00-04:00
14.119999885559082;14.15999984741211;14.119999885559082;14.137200355529783;1604.0;2019-10-18 09:30:00-04:00
14.145500183105469;14.145500183105469;14.13010025024414;14.140000343322754;6301.0;2019-10-18 10:30:00-04:00
14.13010025024414;14.13010025024414;14.13010025024414;14.13010025024414;806.0;2019-10-18 11:30:00-04:00
14.137299537658691;14.137299537658691;14.130000114440918;14.130000114440918;488.0;2019-10-18 12:30:00-04:00
14.109700202941896;14.109700202941896;14.109700202941896;14.109700202941896;500.0;2019-10-18 13:30:00-04:00
14.100000381469728;14.130000114440918;14.09000015258789;14.09000015258789;3252.0;2019-10-18 14:30:00-04:00
14.09409999847412;14.119999885559082;14.06999969482422;14.06999969482422;1800.0;2019-10-18 15:30:00-04:00
14.0600004196167;14.082799911499023;14.010000228881836;14.010000228881836;0.0;2019-10-21 09:30:00-04:00
14.010000228881836;14.100000381469728;14.010000228881836;14.09000015258789;24415.0;2019-10-21 10:30:00-04:00
14.07129955291748;14.07129955291748;14.06999969482422;14.06999969482422;900.0;2019-10-21 11:30:00-04:00
14.06999969482422;14.079999923706056;14.06999969482422;14.079999923706056;1165.0;2019-10-21 12:30:00-04:00
14.07450008392334;14.088199615478516;14.0600004196167;14.06999969482422;4645.0;2019-10-21 13:30:00-04:00
14.0600004196167;14.0600004196167;14.050000190734863;14.056900024414062;7514.0;2019-10-21 14:30:00-04:00
14.050000190734863;14.050000190734863;14.050000190734863;14.050000190734863;100.0;2019-10-21 15:30:00-04:00
14.079999923706056;14.09000015258789;14.029999732971191;14.09000015258789;0.0;2019-10-22 09:30:00-04:00
14.058300018310549;14.09000015258789;14.039999961853027;14.0600004196167;9030.0;2019-10-22 10:30:00-04:00
14.043899536132812;14.0600004196167;14.029999732971191;14.029999732971191;2050.0;2019-10-22 11:30:00-04:00
14.04300022125244;14.050000190734863;14.039999961853027;14.039999961853027;2575.0;2019-10-22 12:30:00-04:00
14.039999961853027;14.039999961853027;14.039999961853027;14.039999961853027;400.0;2019-10-22 13:30:00-04:00
14.03219985961914;14.0600004196167;14.01140022277832;14.036700248718262;6854.0;2019-10-22 14:30:00-04:00
14.039999961853027;14.0600004196167;14.039999961853027;14.0600004196167;1543.0;2019-10-22 15:30:00-04:00
14.100000381469728;14.100000381469728;14.029999732971191;14.050000190734863;0.0;2019-10-23 09:30:00-04:00
14.050000190734863;14.066800117492676;14.020000457763672;14.020000457763672;7783.0;2019-10-23 10:30:00-04:00
14.03660011291504;14.039999961853027;14.020000457763672;14.020000457763672;4300.0;2019-10-23 11:30:00-04:00
14.039999961853027;14.039999961853027;14.010000228881836;14.039999961853027;3400.0;2019-10-23 12:30:00-04:00
14.03499984741211;14.050000190734863;14.029999732971191;14.050000190734863;1804.0;2019-10-23 13:30:00-04:00
14.050000190734863;14.09000015258789;14.029999732971191;14.029999732971191;16861.0;2019-10-23 14:30:00-04:00
14.029999732971191;14.06999969482422;14.024100303649902;14.0600004196167;3175.0;2019-10-23 15:30:00-04:00
14.100000381469728;14.100000381469728;14.020000457763672;14.020000457763672;0.0;2019-10-24 09:30:00-04:00
14.020000457763672;14.045000076293944;14.020000457763672;14.020000457763672;4801.0;2019-10-24 10:30:00-04:00
14.020000457763672;14.045000076293944;14.020000457763672;14.020000457763672;4100.0;2019-10-24 11:30:00-04:00
14.020000457763672;14.0600004196167;14.020000457763672;14.020000457763672;2500.0;2019-10-24 12:30:00-04:00
14.010000228881836;14.039999961853027;13.989999771118164;14.015000343322754;1569.0;2019-10-24 13:30:00-04:00
14.033499717712402;14.033499717712402;13.979999542236328;13.989999771118164;2103.0;2019-10-24 14:30:00-04:00
14.0;14.0;13.979999542236328;13.989999771118164;1700.0;2019-10-24 15:30:00-04:00
14.09000015258789;14.09000015258789;14.010000228881836;14.010000228881836;14409.0;2019-10-25 09:30:00-04:00
14.0;14.029999732971191;13.970000267028809;13.980299949645996;3370.0;2019-10-25 10:30:00-04:00
13.970000267028809;13.989999771118164;13.970000267028809;13.970000267028809;1798.0;2019-10-25 11:30:00-04:00
14.0;14.0;13.979999542236328;13.979999542236328;2988.0;2019-10-25 12:30:00-04:00
13.979999542236328;14.0;13.970000267028809;13.979999542236328;5082.0;2019-10-25 13:30:00-04:00
13.979999542236328;13.979999542236328;13.970000267028809;13.970000267028809;1881.0;2019-10-25 14:30:00-04:00
13.979999542236328;13.989999771118164;13.970000267028809;13.979999542236328;3399.0;2019-10-25 15:30:00-04:00
13.960000038146973;13.974200248718262;13.890000343322754;13.9399995803833;0.0;2019-10-28 09:30:00-04:00
13.890000343322754;13.9399995803833;13.850000381469728;13.93000030517578;3376.0;2019-10-28 10:30:00-04:00
13.854999542236328;13.9399995803833;13.850000381469728;13.899999618530272;3136.0;2019-10-28 11:30:00-04:00
13.9399995803833;13.9399995803833;13.93000030517578;13.93000030517578;5689.0;2019-10-28 12:30:00-04:00
13.9399995803833;13.949999809265137;13.920000076293944;13.944100379943848;3218.0;2019-10-28 13:30:00-04:00
13.949999809265137;13.960000038146973;13.93000030517578;13.949999809265137;3508.0;2019-10-28 14:30:00-04:00
13.949999809265137;13.949999809265137;13.93000030517578;13.9399995803833;3993.0;2019-10-28 15:30:00-04:00
13.920000076293944;13.920000076293944;13.920000076293944;13.920000076293944;0.0;2019-10-29 09:30:00-04:00
13.90999984741211;13.95989990234375;13.859999656677246;13.859999656677246;10744.0;2019-10-29 10:30:00-04:00
13.859999656677246;13.9399995803833;13.859999656677246;13.914999961853027;4058.0;2019-10-29 11:30:00-04:00
13.899999618530272;13.91800022125244;13.899999618530272;13.91800022125244;2121.0;2019-10-29 12:30:00-04:00
13.90999984741211;13.925000190734863;13.890000343322754;13.925000190734863;11332.0;2019-10-29 13:30:00-04:00
13.920000076293944;13.949999809265137;13.920000076293944;13.9399995803833;23482.0;2019-10-29 14:30:00-04:00
13.9399995803833;13.949999809265137;13.9399995803833;13.949999809265137;2551.0;2019-10-29 15:30:00-04:00
13.960000038146973;13.979999542236328;13.859999656677246;13.979999542236328;0.0;2019-10-30 09:30:00-04:00
13.96500015258789;13.987899780273438;13.960000038146973;13.960000038146973;6929.0;2019-10-30 10:30:00-04:00
13.960000038146973;13.98859977722168;13.960000038146973;13.979999542236328;1900.0;2019-10-30 11:30:00-04:00
13.98859977722168;13.989999771118164;13.970000267028809;13.970000267028809;1600.0;2019-10-30 12:30:00-04:00
13.975000381469728;13.989999771118164;13.960000038146973;13.960000038146973;4751.0;2019-10-30 13:30:00-04:00
13.960000038146973;13.978599548339844;13.960000038146973;13.970000267028809;5555.0;2019-10-30 14:30:00-04:00
13.973600387573242;13.973600387573242;13.960000038146973;13.960000038146973;3654.0;2019-10-30 15:30:00-04:00
14.0;14.050000190734863;14.0;14.03499984741211;15021.0;2019-10-31 09:30:00-04:00
14.039999961853027;14.100000381469728;14.029999732971191;14.06999969482422;13589.0;2019-10-31 10:30:00-04:00
14.089500427246094;14.09000015258789;14.039999961853027;14.079999923706056;9983.0;2019-10-31 11:30:00-04:00
14.06999969482422;14.079999923706056;14.06999969482422;14.06999969482422;8290.0;2019-10-31 12:30:00-04:00
14.06999969482422;14.079999923706056;14.050000190734863;14.079999923706056;4252.0;2019-10-31 13:30:00-04:00
14.079999923706056;14.079999923706056;14.010000228881836;14.010000228881836;6755.0;2019-10-31 14:30:00-04:00
14.020000457763672;14.0600004196167;14.010000228881836;14.050000190734863;2684.0;2019-10-31 15:30:00-04:00
14.079999923706056;14.10990047454834;14.079999923706056;14.099900245666504;8040.0;2019-11-01 09:30:00-04:00
14.100000381469728;14.109999656677246;14.09000015258789;14.09000015258789;10465.0;2019-11-01 10:30:00-04:00
14.100000381469728;14.100000381469728;14.0600004196167;14.06470012664795;8400.0;2019-11-01 11:30:00-04:00
14.0600004196167;14.061100006103516;14.050000190734863;14.050000190734863;1825.0;2019-11-01 12:30:00-04:00
14.050000190734863;14.05620002746582;14.050000190734863;14.050000190734863;2022.0;2019-11-01 13:30:00-04:00
14.029999732971191;14.04520034790039;14.020000457763672;14.020000457763672;4395.0;2019-11-01 14:30:00-04:00
14.010000228881836;14.039999961853027;14.010000228881836;14.010000228881836;8656.0;2019-11-01 15:30:00-04:00
14.0;14.079999923706056;13.970000267028809;13.970000267028809;8423.0;2019-11-04 09:30:00-05:00
13.970000267028809;14.0;13.949999809265137;13.949999809265137;11639.0;2019-11-04 10:30:00-05:00
13.96679973602295;13.979100227355955;13.9399995803833;13.9399995803833;3734.0;2019-11-04 11:30:00-05:00
13.960000038146973;13.984999656677246;13.960000038146973;13.984999656677246;648.0;2019-11-04 12:30:00-05:00
14.010000228881836;14.010000228881836;14.010000228881836;14.010000228881836;2252.0;2019-11-04 13:30:00-05:00
13.98680019378662;14.0;13.98680019378662;14.0;2712.0;2019-11-04 14:30:00-05:00
13.999899864196776;14.010000228881836;13.960000038146973;14.010000228881836;4584.0;2019-11-04 15:30:00-05:00
14.010000228881836;14.010000228881836;13.970000267028809;14.0;0.0;2019-11-05 09:30:00-05:00
14.0;14.020000457763672;14.0;14.020000457763672;8061.0;2019-11-05 10:30:00-05:00
14.020000457763672;14.050000190734863;13.999600410461426;14.024999618530272;9295.0;2019-11-05 11:30:00-05:00
14.050000190734863;14.050000190734863;14.035599708557127;14.050000190734863;3533.0;2019-11-05 12:30:00-05:00
14.050000190734863;14.06999969482422;14.024999618530272;14.06999969482422;10465.0;2019-11-05 13:30:00-05:00
14.06999969482422;14.06999969482422;14.050000190734863;14.06999969482422;3860.0;2019-11-05 14:30:00-05:00
14.05500030517578;14.05500030517578;14.020000457763672;14.020000457763672;3369.0;2019-11-05 15:30:00-05:00
14.0600004196167;14.09000015258789;14.050000190734863;14.09000015258789;0.0;2019-11-06 09:30:00-05:00
14.074999809265137;14.100000381469728;14.0600004196167;14.100000381469728;11721.0;2019-11-06 10:30:00-05:00
14.09000015258789;14.130000114440918;14.09000015258789;14.130000114440918;69415.0;2019-11-06 11:30:00-05:00
14.130000114440918;14.170000076293944;14.119999885559082;14.149999618530272;65200.0;2019-11-06 12:30:00-05:00
14.140000343322754;14.15999984741211;14.114999771118164;14.114999771118164;10017.0;2019-11-06 13:30:00-05:00
14.119999885559082;14.149999618530272;14.11929988861084;14.149999618530272;5328.0;2019-11-06 14:30:00-05:00
14.149999618530272;14.15999984741211;14.100299835205078;14.130000114440918;9018.0;2019-11-06 15:30:00-05:00
14.149999618530272;14.149999618530272;14.050000190734863;14.09000015258789;0.0;2019-11-07 09:30:00-05:00
14.09000015258789;14.130000114440918;14.079999923706056;14.09000015258789;6558.0;2019-11-07 10:30:00-05:00
14.119999885559082;14.119999885559082;14.09000015258789;14.09000015258789;2200.0;2019-11-07 11:30:00-05:00
14.107399940490724;14.107399940490724;14.079999923706056;14.079999923706056;2292.0;2019-11-07 12:30:00-05:00
14.079999923706056;14.079999923706056;14.029999732971191;14.029999732971191;3807.0;2019-11-07 13:30:00-05:00
14.079999923706056;14.09000015258789;14.079999923706056;14.09000015258789;1888.0;2019-11-07 14:30:00-05:00
14.0600004196167;14.0600004196167;14.0600004196167;14.0600004196167;203.0;2019-11-07 15:30:00-05:00
14.06999969482422;14.079999923706056;14.031999588012695;14.031999588012695;0.0;2019-11-08 09:30:00-05:00
14.058600425720217;14.109999656677246;14.058600425720217;14.100000381469728;2491.0;2019-11-08 10:30:00-05:00
14.080499649047852;14.080499649047852;14.063400268554688;14.079999923706056;4116.0;2019-11-08 11:30:00-05:00
14.074000358581545;14.079999923706056;14.06999969482422;14.075400352478027;4800.0;2019-11-08 12:30:00-05:00
14.06999969482422;14.06999969482422;14.05500030517578;14.06999969482422;3510.0;2019-11-08 13:30:00-05:00
14.057900428771973;14.069899559020996;14.057900428771973;14.069899559020996;2400.0;2019-11-08 14:30:00-05:00
14.050000190734863;14.050000190734863;14.039999961853027;14.039999961853027;1540.0;2019-11-08 15:30:00-05:00
14.029999732971191;14.029999732971191;14.020000457763672;14.029999732971191;0.0;2019-11-11 09:30:00-05:00
14.029999732971191;14.029999732971191;14.0;14.009099960327148;5615.0;2019-11-11 10:30:00-05:00
14.0;14.020000457763672;14.0;14.020000457763672;6452.0;2019-11-11 11:30:00-05:00
14.020000457763672;14.029999732971191;14.020000457763672;14.029999732971191;1650.0;2019-11-11 12:30:00-05:00
14.020000457763672;14.020000457763672;14.020000457763672;14.020000457763672;1779.0;2019-11-11 13:30:00-05:00
14.010000228881836;14.010000228881836;13.979999542236328;14.0;3309.0;2019-11-11 14:30:00-05:00
14.010000228881836;14.024999618530272;14.0;14.00160026550293;0.0;2019-11-12 09:30:00-05:00
14.041999816894531;14.0600004196167;14.010000228881836;14.050000190734863;6445.0;2019-11-12 10:30:00-05:00
14.050000190734863;14.056599617004396;14.010000228881836;14.050000190734863;5305.0;2019-11-12 11:30:00-05:00
14.032400131225586;14.050000190734863;14.0;14.039999961853027;2322.0;2019-11-12 12:30:00-05:00
14.039999961853027;14.0600004196167;14.010000228881836;14.039999961853027;10040.0;2019-11-12 13:30:00-05:00
14.039999961853027;14.050000190734863;14.039999961853027;14.039999961853027;4522.0;2019-11-12 14:30:00-05:00
14.010000228881836;14.0600004196167;14.010000228881836;14.0600004196167;14267.0;2019-11-12 15:30:00-05:00
14.0600004196167;14.079999923706056;14.0600004196167;14.061400413513184;0.0;2019-11-13 09:30:00-05:00
14.06999969482422;14.06999969482422;14.06999969482422;14.06999969482422;3065.0;2019-11-13 10:30:00-05:00
14.0600004196167;14.0600004196167;14.0447998046875;14.0600004196167;2371.0;2019-11-13 11:30:00-05:00
14.0600004196167;14.0600004196167;14.059700012207031;14.059700012207031;2780.0;2019-11-13 12:30:00-05:00
14.045000076293944;14.045000076293944;14.0;14.0;7900.0;2019-11-13 13:30:00-05:00
14.0;14.039999961853027;13.920000076293944;13.920000076293944;9123.0;2019-11-13 14:30:00-05:00
14.009499549865724;14.009499549865724;13.970000267028809;13.970000267028809;700.0;2019-11-13 15:30:00-05:00
13.970000267028809;13.989999771118164;13.96500015258789;13.989999771118164;15218.0;2019-11-14 09:30:00-05:00
13.98069953918457;13.989999771118164;13.98069953918457;13.989999771118164;4213.0;2019-11-14 10:30:00-05:00
13.989999771118164;13.989999771118164;13.989999771118164;13.989999771118164;2198.0;2019-11-14 11:30:00-05:00
13.984999656677246;13.984999656677246;13.981499671936035;13.984999656677246;1113.0;2019-11-14 12:30:00-05:00
13.984999656677246;13.984999656677246;13.970000267028809;13.979999542236328;10495.0;2019-11-14 13:30:00-05:00
13.979999542236328;13.985899925231934;13.979999542236328;13.979999542236328;3035.0;2019-11-14 14:30:00-05:00
13.979999542236328;13.979999542236328;13.970000267028809;13.979999542236328;735.0;2019-11-14 15:30:00-05:00
14.0;14.0;14.0;14.0;0.0;2019-11-15 09:30:00-05:00
13.983200073242188;14.010000228881836;13.983200073242188;14.010000228881836;6290.0;2019-11-15 10:30:00-05:00
13.989999771118164;13.989999771118164;13.989999771118164;13.989999771118164;1100.0;2019-11-15 12:30:00-05:00
13.989999771118164;13.989999771118164;13.979999542236328;13.989999771118164;2169.0;2019-11-15 13:30:00-05:00
13.989999771118164;13.989999771118164;13.989999771118164;13.989999771118164;2499.0;2019-11-15 14:30:00-05:00
13.970000267028809;13.989999771118164;13.970000267028809;13.989999771118164;1055.0;2019-11-15 15:30:00-05:00
14.020000457763672;14.020000457763672;13.9399995803833;13.949999809265137;0.0;2019-11-18 09:30:00-05:00
13.949999809265137;14.010000228881836;13.949999809265137;13.979999542236328;8910.0;2019-11-18 10:30:00-05:00
13.984100341796877;14.010000228881836;13.949999809265137;13.977399826049805;3900.0;2019-11-18 11:30:00-05:00
13.984999656677246;14.010000228881836;13.979999542236328;13.979999542236328;3525.0;2019-11-18 12:30:00-05:00
13.979999542236328;14.029999732971191;13.979999542236328;14.0;8119.0;2019-11-18 13:30:00-05:00
14.0;14.0;14.0;14.0;784.0;2019-11-18 14:30:00-05:00
14.0;14.013999938964844;13.979999542236328;13.979999542236328;2145.0;2019-11-18 15:30:00-05:00
13.979999542236328;14.050000190734863;13.949999809265137;14.01159954071045;0.0;2019-11-19 09:30:00-05:00
14.050000190734863;14.06999969482422;14.039999961853027;14.0600004196167;4142.0;2019-11-19 10:30:00-05:00
14.0600004196167;14.06999969482422;14.0600004196167;14.06999969482422;300.0;2019-11-19 11:30:00-05:00
14.050000190734863;14.050000190734863;14.020000457763672;14.020000457763672;5933.0;2019-11-19 12:30:00-05:00
14.029999732971191;14.029999732971191;14.010000228881836;14.010000228881836;8300.0;2019-11-19 13:30:00-05:00
14.002300262451172;14.010000228881836;13.949999809265137;13.949999809265137;7763.0;2019-11-19 14:30:00-05:00
13.949999809265137;13.952199935913086;13.920000076293944;13.920000076293944;10379.0;2019-11-19 15:30:00-05:00
13.989999771118164;14.039999961853027;13.949999809265137;14.010000228881836;0.0;2019-11-20 09:30:00-05:00
14.029999732971191;14.029999732971191;13.973799705505373;14.010000228881836;4436.0;2019-11-20 10:30:00-05:00
14.004799842834473;14.010000228881836;13.984800338745115;14.0;1602.0;2019-11-20 11:30:00-05:00
14.0;14.0;13.970000267028809;13.970000267028809;2171.0;2019-11-20 12:30:00-05:00
13.989999771118164;14.020000457763672;13.989999771118164;14.013699531555176;7495.0;2019-11-20 14:30:00-05:00
14.0;14.010000228881836;14.0;14.010000228881836;3457.0;2019-11-20 15:30:00-05:00
13.970000267028809;14.050000190734863;13.970000267028809;14.050000190734863;12612.0;2019-11-21 09:30:00-05:00
14.015000343322754;14.034000396728516;14.015000343322754;14.034000396728516;2743.0;2019-11-21 10:30:00-05:00
14.02869987487793;14.02869987487793;14.0;14.0;1828.0;2019-11-21 11:30:00-05:00
13.979999542236328;13.993000030517578;13.970000267028809;13.991999626159668;11258.0;2019-11-21 12:30:00-05:00
13.979999542236328;14.0;13.975000381469728;13.975000381469728;4367.0;2019-11-21 13:30:00-05:00
13.970000267028809;13.971599578857422;13.920000076293944;13.951000213623049;10500.0;2019-11-21 14:30:00-05:00
13.960000038146973;13.960000038146973;13.93000030517578;13.9399995803833;1707.0;2019-11-21 15:30:00-05:00
13.970000267028809;14.0;13.970000267028809;13.979999542236328;0.0;2019-11-22 09:30:00-05:00
13.979999542236328;13.98989963531494;13.960000038146973;13.960000038146973;6773.0;2019-11-22 10:30:00-05:00
13.960000038146973;13.987899780273438;13.960000038146973;13.960000038146973;5857.0;2019-11-22 11:30:00-05:00
13.960000038146973;13.9753999710083;13.960000038146973;13.960000038146973;1500.0;2019-11-22 12:30:00-05:00
13.949999809265137;13.970000267028809;13.949999809265137;13.949999809265137;7269.0;2019-11-22 13:30:00-05:00
13.949999809265137;13.961600303649902;13.949999809265137;13.949999809265137;1300.0;2019-11-22 14:30:00-05:00
13.96500015258789;13.96500015258789;13.949999809265137;13.949999809265137;8123.0;2019-11-22 15:30:00-05:00
13.970000267028809;13.970000267028809;13.960000038146973;13.960000038146973;0.0;2019-11-25 09:30:00-05:00
13.970000267028809;13.970000267028809;13.949999809265137;13.949999809265137;11376.0;2019-11-25 10:30:00-05:00
13.949999809265137;13.961999893188477;13.949999809265137;13.961999893188477;3507.0;2019-11-25 11:30:00-05:00
13.967000007629396;13.970000267028809;13.964400291442873;13.970000267028809;14231.0;2019-11-25 12:30:00-05:00
13.96500015258789;13.970000267028809;13.960599899291992;13.969900131225586;3778.0;2019-11-25 13:30:00-05:00
13.970000267028809;13.970000267028809;13.96840000152588;13.96840000152588;1417.0;2019-11-25 14:30:00-05:00
13.96500015258789;13.970000267028809;13.960000038146973;13.960000038146973;2900.0;2019-11-25 15:30:00-05:00
14.0;14.039999961853027;13.949999809265137;14.039999961853027;7092.0;2019-11-26 09:30:00-05:00
14.020000457763672;14.039999961853027;14.012800216674805;14.023699760437012;7899.0;2019-11-26 10:30:00-05:00
14.0600004196167;14.079999923706056;14.0600004196167;14.060500144958496;2131.0;2019-11-26 11:30:00-05:00
14.0600004196167;14.0600004196167;13.979999542236328;14.052000045776367;8414.0;2019-11-26 12:30:00-05:00
14.020000457763672;14.020000457763672;14.020000457763672;14.020000457763672;1540.0;2019-11-26 13:30:00-05:00
14.00450038909912;14.00450038909912;14.00450038909912;14.00450038909912;555.0;2019-11-26 14:30:00-05:00
13.989999771118164;13.989999771118164;13.989999771118164;13.989999771118164;100.0;2019-11-26 15:30:00-05:00
14.050000190734863;14.079999923706056;14.050000190734863;14.06999969482422;0.0;2019-11-27 09:30:00-05:00
14.06999969482422;14.079999923706056;14.0600004196167;14.079999923706056;6258.0;2019-11-27 10:30:00-05:00
14.079999923706056;14.079999923706056;14.050000190734863;14.06999969482422;4684.0;2019-11-27 11:30:00-05:00
14.0600004196167;14.06999969482422;14.050000190734863;14.06999969482422;6840.0;2019-11-27 12:30:00-05:00
14.068599700927734;14.068599700927734;14.068599700927734;14.068599700927734;200.0;2019-11-27 13:30:00-05:00
14.068599700927734;14.068599700927734;14.050000190734863;14.05500030517578;663.0;2019-11-27 14:30:00-05:00
14.05500030517578;14.09000015258789;14.05500030517578;14.09000015258789;4550.0;2019-11-27 15:30:00-05:00
14.100000381469728;14.119999885559082;14.100000381469728;14.119999885559082;0.0;2019-11-29 09:30:00-05:00
14.119999885559082;14.140000343322754;14.119999885559082;14.140000343322754;6501.0;2019-11-29 10:30:00-05:00
14.140000343322754;14.18000030517578;14.130000114440918;14.170100212097168;19046.0;2019-11-29 11:30:00-05:00
14.175000190734863;14.1899995803833;14.170000076293944;14.1899995803833;7311.0;2019-11-29 12:30:00-05:00
14.1899995803833;14.1899995803833;14.128199577331545;14.128199577331545;0.0;2019-12-02 09:30:00-05:00
14.13259983062744;14.13259983062744;14.09000015258789;14.09000015258789;5866.0;2019-12-02 10:30:00-05:00
14.142999649047852;14.142999649047852;14.142999649047852;14.142999649047852;600.0;2019-12-02 12:30:00-05:00
14.15999984741211;14.18000030517578;14.15999984741211;14.18000030517578;1381.0;2019-12-02 13:30:00-05:00
14.1899995803833;14.1899995803833;14.154000282287598;14.170000076293944;4910.0;2019-12-02 14:30:00-05:00
14.18000030517578;14.199999809265137;14.170000076293944;14.1899995803833;0.0;2019-12-02 15:30:00-05:00
14.210000038146973;14.210000038146973;14.166500091552734;14.210000038146973;5859.0;2019-12-03 09:30:00-05:00
14.210000038146973;14.210000038146973;14.182000160217283;14.182000160217283;1124.0;2019-12-03 10:30:00-05:00
14.197199821472168;14.220000267028809;14.197199821472168;14.21840000152588;15979.0;2019-12-03 11:30:00-05:00
14.226799964904783;14.226799964904783;14.210000038146973;14.220000267028809;11900.0;2019-12-03 12:30:00-05:00
14.229999542236328;14.229999542236328;14.220000267028809;14.229999542236328;1584.0;2019-12-03 13:30:00-05:00
14.229999542236328;14.239999771118164;14.229999542236328;14.229999542236328;601.0;2019-12-03 14:30:00-05:00
14.229999542236328;14.229999542236328;14.210000038146973;14.229999542236328;4308.0;2019-12-03 15:30:00-05:00
14.229999542236328;14.229999542236328;14.170000076293944;14.210000038146973;0.0;2019-12-04 09:30:00-05:00
14.182299613952637;14.210000038146973;14.182299613952637;14.210000038146973;2525.0;2019-12-04 10:30:00-05:00
14.210000038146973;14.210000038146973;14.170000076293944;14.199999809265137;3571.0;2019-12-04 11:30:00-05:00
14.199999809265137;14.199999809265137;14.199999809265137;14.199999809265137;401.0;2019-12-04 12:30:00-05:00
14.210000038146973;14.210000038146973;14.199999809265137;14.199999809265137;2450.0;2019-12-04 13:30:00-05:00
14.183300018310549;14.220000267028809;14.183300018310549;14.210000038146973;4050.0;2019-12-04 14:30:00-05:00
14.21840000152588;14.220000267028809;14.15999984741211;14.18000030517578;9037.0;2019-12-04 15:30:00-05:00
14.199999809265137;14.220000267028809;14.199999809265137;14.210000038146973;0.0;2019-12-05 09:30:00-05:00
14.210000038146973;14.210000038146973;14.20199966430664;14.210000038146973;1207.0;2019-12-05 10:30:00-05:00
14.210000038146973;14.217599868774414;14.20300006866455;14.211199760437012;8022.0;2019-12-05 11:30:00-05:00
14.21500015258789;14.220000267028809;14.210000038146973;14.210000038146973;800.0;2019-12-05 12:30:00-05:00
14.220000267028809;14.25;14.220000267028809;14.25;14347.0;2019-12-05 13:30:00-05:00
14.240699768066406;14.25;14.239999771118164;14.25;4812.0;2019-12-05 14:30:00-05:00
14.234999656677246;14.25;14.226200103759766;14.25;1772.0;2019-12-05 15:30:00-05:00
14.239999771118164;14.260000228881836;14.239999771118164;14.260000228881836;0.0;2019-12-06 09:30:00-05:00
14.260000228881836;14.260000228881836;14.260000228881836;14.260000228881836;1571.0;2019-12-06 10:30:00-05:00
14.260000228881836;14.260000228881836;14.256999969482422;14.256999969482422;2293.0;2019-12-06 11:30:00-05:00
14.260000228881836;14.270000457763672;14.25819969177246;14.260000228881836;1966.0;2019-12-06 12:30:00-05:00
14.270000457763672;14.270000457763672;14.267200469970703;14.270000457763672;1546.0;2019-12-06 13:30:00-05:00
14.26200008392334;14.274999618530272;14.229999542236328;14.229999542236328;9234.0;2019-12-06 14:30:00-05:00
14.229999542236328;14.279999732971191;14.22700023651123;14.279999732971191;1945.0;2019-12-06 15:30:00-05:00
14.289999961853027;14.289999961853027;14.244999885559082;14.260000228881836;0.0;2019-12-09 09:30:00-05:00
14.260299682617188;14.289999961853027;14.260299682617188;14.289999961853027;389.0;2019-12-09 10:30:00-05:00
14.289999961853027;14.293499946594238;14.289999961853027;14.289999961853027;4744.0;2019-12-09 11:30:00-05:00
14.278300285339355;14.289999961853027;14.25;14.260000228881836;14999.0;2019-12-09 13:30:00-05:00
14.260000228881836;14.300000190734863;14.229999542236328;14.265199661254885;23935.0;2019-12-09 14:30:00-05:00
14.255000114440918;14.279999732971191;14.239999771118164;14.239999771118164;4679.0;2019-12-09 15:30:00-05:00
14.239999771118164;14.239999771118164;14.1899995803833;14.199999809265137;0.0;2019-12-10 09:30:00-05:00
14.199999809265137;14.279600143432615;14.1899995803833;14.279600143432615;11676.0;2019-12-10 10:30:00-05:00
14.270000457763672;14.279999732971191;14.199999809265137;14.25;33749.0;2019-12-10 11:30:00-05:00
14.239999771118164;14.249500274658203;14.220000267028809;14.220000267028809;2713.0;2019-12-10 12:30:00-05:00
14.220000267028809;14.270000457763672;14.215800285339355;14.239999771118164;7804.0;2019-12-10 13:30:00-05:00
14.25;14.25;14.239999771118164;14.239999771118164;4137.0;2019-12-10 14:30:00-05:00
14.260000228881836;14.260000228881836;14.18000030517578;14.199999809265137;10218.0;2019-12-10 15:30:00-05:00
14.1899995803833;14.25;14.1899995803833;14.25;0.0;2019-12-11 09:30:00-05:00
14.254199981689451;14.260000228881836;14.25;14.25;3879.0;2019-12-11 10:30:00-05:00
14.239999771118164;14.253999710083008;14.210000038146973;14.210000038146973;2420.0;2019-12-11 11:30:00-05:00
14.210000038146973;14.210000038146973;14.1899995803833;14.210000038146973;3046.0;2019-12-11 12:30:00-05:00
14.211999893188477;14.25;14.199999809265137;14.199999809265137;3811.0;2019-12-11 13:30:00-05:00
14.204999923706056;14.204999923706056;14.18000030517578;14.1899995803833;5537.0;2019-12-11 14:30:00-05:00
14.1899995803833;14.199999809265137;14.18000030517578;14.18000030517578;1624.0;2019-12-11 15:30:00-05:00
14.18000030517578;14.199999809265137;14.119999885559082;14.119999885559082;0.0;2019-12-12 09:30:00-05:00
14.149999618530272;14.149999618530272;14.100000381469728;14.100000381469728;2353.0;2019-12-12 10:30:00-05:00
14.093099594116213;14.100000381469728;14.06999969482422;14.092100143432615;5519.0;2019-12-12 11:30:00-05:00
14.09340000152588;14.140000343322754;14.09340000152588;14.140000343322754;6284.0;2019-12-12 12:30:00-05:00
14.140000343322754;14.140000343322754;14.100000381469728;14.100000381469728;3942.0;2019-12-12 13:30:00-05:00
14.11970043182373;14.130000114440918;14.050000190734863;14.0600004196167;17943.0;2019-12-12 14:30:00-05:00
14.050000190734863;14.06029987335205;14.050000190734863;14.050000190734863;5783.0;2019-12-12 15:30:00-05:00
14.0600004196167;14.130000114440918;14.050000190734863;14.10770034790039;0.0;2019-12-13 09:30:00-05:00
14.07639980316162;14.149999618530272;14.050000190734863;14.130000114440918;10550.0;2019-12-13 10:30:00-05:00
14.149999618530272;14.149999618530272;14.06999969482422;14.149999618530272;11883.0;2019-12-13 11:30:00-05:00
14.130000114440918;14.139800071716309;14.100000381469728;14.100000381469728;1300.0;2019-12-13 12:30:00-05:00
14.100000381469728;14.149999618530272;14.100000381469728;14.145000457763672;3369.0;2019-12-13 13:30:00-05:00
14.140000343322754;14.170000076293944;14.140000343322754;14.15999984741211;5718.0;2019-12-13 14:30:00-05:00
14.130000114440918;14.130000114440918;14.06999969482422;14.06999969482422;2508.0;2019-12-13 15:30:00-05:00
14.100000381469728;14.15999984741211;14.100000381469728;14.149999618530272;0.0;2019-12-16 09:30:00-05:00
14.140000343322754;14.140000343322754;14.109999656677246;14.130000114440918;1574.0;2019-12-16 10:30:00-05:00
14.104399681091309;14.140000343322754;14.104399681091309;14.140000343322754;1446.0;2019-12-16 11:30:00-05:00
14.079999923706056;14.130000114440918;14.06999969482422;14.100000381469728;1200.0;2019-12-16 12:30:00-05:00
14.06999969482422;14.079999923706056;14.06999969482422;14.079999923706056;1215.0;2019-12-16 13:30:00-05:00
14.06999969482422;14.06999969482422;14.0600004196167;14.0600004196167;1475.0;2019-12-16 14:30:00-05:00
14.0600004196167;14.06999969482422;14.0600004196167;14.0600004196167;2082.0;2019-12-16 15:30:00-05:00
14.079999923706056;14.130000114440918;14.079999923706056;14.112799644470217;0.0;2019-12-17 09:30:00-05:00
14.125;14.130000114440918;14.074999809265137;14.100000381469728;9477.0;2019-12-17 10:30:00-05:00
14.09589958190918;14.09589958190918;14.09589958190918;14.09589958190918;3011.0;2019-12-17 11:30:00-05:00
14.09000015258789;14.09000015258789;14.09000015258789;14.09000015258789;802.0;2019-12-17 12:30:00-05:00
14.109999656677246;14.119999885559082;14.100000381469728;14.109999656677246;6257.0;2019-12-17 13:30:00-05:00
14.113499641418455;14.113499641418455;14.109999656677246;14.109999656677246;1136.0;2019-12-17 15:30:00-05:00
14.109999656677246;14.119999885559082;14.09000015258789;14.119999885559082;0.0;2019-12-18 09:30:00-05:00
14.119999885559082;14.130000114440918;14.119999885559082;14.130000114440918;2624.0;2019-12-18 10:30:00-05:00
14.130000114440918;14.130000114440918;14.119999885559082;14.119999885559082;5280.0;2019-12-18 11:30:00-05:00
14.130000114440918;14.130000114440918;14.130000114440918;14.130000114440918;4200.0;2019-12-18 12:30:00-05:00
14.130000114440918;14.130000114440918;14.130000114440918;14.130000114440918;562.0;2019-12-18 13:30:00-05:00
14.130000114440918;14.140000343322754;14.130000114440918;14.140000343322754;2651.0;2019-12-18 14:30:00-05:00
14.149999618530272;14.149999618530272;14.149999618530272;14.149999618530272;1364.0;2019-12-18 15:30:00-05:00
14.170000076293944;14.170000076293944;14.06999969482422;14.109999656677246;0.0;2019-12-19 09:30:00-05:00
14.109999656677246;14.109999656677246;14.10990047454834;14.10990047454834;800.0;2019-12-19 10:30:00-05:00
14.104499816894531;14.130000114440918;14.100000381469728;14.12310028076172;7029.0;2019-12-19 11:30:00-05:00
14.138699531555176;14.138699531555176;14.130499839782717;14.135000228881836;3600.0;2019-12-19 12:30:00-05:00
14.135000228881836;14.199999809265137;14.100000381469728;14.199999809265137;19056.0;2019-12-19 13:30:00-05:00
14.1899995803833;14.199999809265137;14.182700157165527;14.18340015411377;6297.0;2019-12-19 14:30:00-05:00
14.18000030517578;14.199999809265137;14.18000030517578;14.1899995803833;500.0;2019-12-19 15:30:00-05:00
14.1899995803833;14.197099685668944;14.1899995803833;14.197099685668944;0.0;2019-12-20 09:30:00-05:00
14.1983003616333;14.199999809265137;14.1899995803833;14.199999809265137;1487.0;2019-12-20 10:30:00-05:00
14.196399688720703;14.199999809265137;14.1899995803833;14.199999809265137;2125.0;2019-12-20 11:30:00-05:00
14.1899995803833;14.199999809265137;14.1899995803833;14.1899995803833;2500.0;2019-12-20 12:30:00-05:00
14.1899995803833;14.199999809265137;14.1899995803833;14.199999809265137;5687.0;2019-12-20 13:30:00-05:00
14.199999809265137;14.199999809265137;14.1899995803833;14.199999809265137;1345.0;2019-12-20 14:30:00-05:00
14.199999809265137;14.199999809265137;14.1899995803833;14.199999809265137;3386.0;2019-12-20 15:30:00-05:00
14.220000267028809;14.220000267028809;14.199999809265137;14.199999809265137;0.0;2019-12-23 09:30:00-05:00
14.220000267028809;14.220000267028809;14.18000030517578;14.18000030517578;0.0;2019-12-23 10:30:00-05:00
14.17430019378662;14.18000030517578;14.17430019378662;14.18000030517578;5470.0;2019-12-23 11:30:00-05:00
14.18000030517578;14.18000030517578;14.18000030517578;14.18000030517578;1600.0;2019-12-23 13:30:00-05:00
14.170000076293944;14.170000076293944;14.15999984741211;14.15999984741211;3200.0;2019-12-23 14:30:00-05:00
14.15999984741211;14.160099983215332;14.15999984741211;14.160099983215332;1394.0;2019-12-23 15:30:00-05:00
14.199999809265137;14.210000038146973;14.170000076293944;14.18019962310791;0.0;2019-12-24 09:30:00-05:00
14.210000038146973;14.229999542236328;14.210000038146973;14.229999542236328;700.0;2019-12-24 10:30:00-05:00
14.220000267028809;14.220000267028809;14.210000038146973;14.220000267028809;3700.0;2019-12-24 11:30:00-05:00
14.210100173950195;14.220000267028809;14.210100173950195;14.220000267028809;600.0;2019-12-24 12:30:00-05:00
14.239999771118164;14.239999771118164;14.200400352478027;14.229399681091309;0.0;2019-12-26 09:30:00-05:00
14.218999862670898;14.220000267028809;14.21780014038086;14.220000267028809;1263.0;2019-12-26 10:30:00-05:00
14.239999771118164;14.239999771118164;14.220000267028809;14.222000122070312;965.0;2019-12-26 11:30:00-05:00
14.238699913024902;14.239999771118164;14.229999542236328;14.239999771118164;15300.0;2019-12-26 14:30:00-05:00
14.239999771118164;14.25;14.239999771118164;14.25;399.0;2019-12-26 15:30:00-05:00
14.260000228881836;14.260000228881836;14.207200050354004;14.260000228881836;0.0;2019-12-27 09:30:00-05:00
14.255000114440918;14.260000228881836;14.220000267028809;14.234100341796877;5400.0;2019-12-27 10:30:00-05:00
14.25;14.25;14.222999572753906;14.25;432.0;2019-12-27 11:30:00-05:00
14.25;14.25;14.25;14.25;200.0;2019-12-27 12:30:00-05:00
14.23040008544922;14.25;14.199999809265137;14.220000267028809;13180.0;2019-12-27 13:30:00-05:00
14.247900009155272;14.247900009155272;14.220000267028809;14.229100227355955;835.0;2019-12-27 14:30:00-05:00
14.220000267028809;14.220000267028809;14.210000038146973;14.210000038146973;851.0;2019-12-27 15:30:00-05:00
14.149999618530272;14.220000267028809;14.130000114440918;14.189900398254396;11917.0;2019-12-30 09:30:00-05:00
14.1899995803833;14.220000267028809;14.1899995803833;14.220000267028809;12392.0;2019-12-30 10:30:00-05:00
14.220000267028809;14.25;14.220000267028809;14.239500045776367;4580.0;2019-12-30 11:30:00-05:00
14.239999771118164;14.25;14.220000267028809;14.220000267028809;6409.0;2019-12-30 12:30:00-05:00
14.239500045776367;14.239999771118164;14.220000267028809;14.239999771118164;16451.0;2019-12-30 13:30:00-05:00
14.23900032043457;14.239999771118164;14.220000267028809;14.220000267028809;5001.0;2019-12-30 14:30:00-05:00
14.220000267028809;14.222800254821776;14.15999984741211;14.199999809265137;11653.0;2019-12-30 15:30:00-05:00
14.210000038146973;14.25;14.199999809265137;14.241999626159668;0.0;2019-12-31 09:30:00-05:00
14.25;14.25;14.222100257873535;14.25;1731.0;2019-12-31 10:30:00-05:00
14.25;14.25;14.151399612426758;14.151399612426758;7833.0;2019-12-31 11:30:00-05:00
14.149999618530272;14.199999809265137;14.149999618530272;14.199999809265137;7384.0;2019-12-31 12:30:00-05:00
14.199999809265137;14.21500015258789;14.199999809265137;14.21500015258789;500.0;2019-12-31 13:30:00-05:00
14.21500015258789;14.21500015258789;14.199999809265137;14.210000038146973;883.0;2019-12-31 14:30:00-05:00
14.210000038146973;14.210000038146973;14.199999809265137;14.199999809265137;3817.0;2019-12-31 15:30:00-05:00
14.220000267028809;14.279999732971191;14.220000267028809;14.220000267028809;0.0;2020-01-02 09:30:00-05:00
14.20199966430664;14.220000267028809;14.199999809265137;14.220000267028809;2821.0;2020-01-02 10:30:00-05:00
14.260000228881836;14.260000228881836;14.239999771118164;14.239999771118164;3090.0;2020-01-02 11:30:00-05:00
14.260000228881836;14.260000228881836;14.25;14.25;4430.0;2020-01-02 12:30:00-05:00
14.25;14.279000282287598;14.25;14.25;6529.0;2020-01-02 13:30:00-05:00
14.25;14.300000190734863;14.25;14.289999961853027;14986.0;2020-01-02 14:30:00-05:00
14.289999961853027;14.29539966583252;14.289999961853027;14.289999961853027;3551.0;2020-01-02 15:30:00-05:00
14.289999961853027;14.300000190734863;14.289999961853027;14.300000190734863;0.0;2020-01-03 09:30:00-05:00
14.29930019378662;14.31999969482422;14.29930019378662;14.319899559020996;17057.0;2020-01-03 10:30:00-05:00
14.31999969482422;14.329899787902832;14.31999969482422;14.329899787902832;4360.0;2020-01-03 11:30:00-05:00
14.31999969482422;14.324999809265137;14.300000190734863;14.324999809265137;12894.0;2020-01-03 12:30:00-05:00
14.324999809265137;14.329999923706056;14.3100004196167;14.315899848937988;7907.0;2020-01-03 13:30:00-05:00
14.3149995803833;14.31999969482422;14.3100004196167;14.31700038909912;9014.0;2020-01-03 14:30:00-05:00
14.3149995803833;14.31999969482422;14.3149995803833;14.31999969482422;529.0;2020-01-03 15:30:00-05:00
14.329999923706056;14.329999923706056;14.3100004196167;14.329999923706056;0.0;2020-01-06 09:30:00-05:00
14.329999923706056;14.329999923706056;14.31999969482422;14.31999969482422;0.0;2020-01-06 10:30:00-05:00
14.3149995803833;14.329999923706056;14.3100004196167;14.31999969482422;25477.0;2020-01-06 11:30:00-05:00
14.329999923706056;14.350000381469728;14.329999923706056;14.34000015258789;3016.0;2020-01-06 14:30:00-05:00
14.335000038146973;14.34000015258789;14.3100004196167;14.321200370788574;7419.0;2020-01-06 15:30:00-05:00
14.350000381469728;14.359999656677246;14.300000190734863;14.300000190734863;0.0;2020-01-07 09:30:00-05:00
14.263999938964844;14.263999938964844;14.263999938964844;14.263999938964844;567.0;2020-01-07 10:30:00-05:00
14.296299934387209;14.296299934387209;14.295000076293944;14.295000076293944;1187.0;2020-01-07 12:30:00-05:00
14.295000076293944;14.300000190734863;14.289999961853027;14.289999961853027;9342.0;2020-01-07 13:30:00-05:00
14.29930019378662;14.3149995803833;14.29930019378662;14.3149995803833;13066.0;2020-01-07 14:30:00-05:00
14.319899559020996;14.319899559020996;14.3100004196167;14.3100004196167;1448.0;2020-01-07 15:30:00-05:00
14.329999923706056;14.359999656677246;14.329999923706056;14.359999656677246;0.0;2020-01-08 09:30:00-05:00
14.359999656677246;14.359999656677246;14.3548002243042;14.359999656677246;2437.0;2020-01-08 10:30:00-05:00
14.350099563598633;14.350099563598633;14.350000381469728;14.350000381469728;2463.0;2020-01-08 11:30:00-05:00
14.354999542236328;14.357000350952148;14.354999542236328;14.357000350952148;1008.0;2020-01-08 12:30:00-05:00
14.350000381469728;14.350000381469728;14.3100004196167;14.31999969482422;3123.0;2020-01-08 14:30:00-05:00
14.335000038146973;14.34000015258789;14.335000038146973;14.34000015258789;486.0;2020-01-08 15:30:00-05:00
14.350000381469728;14.350000381469728;14.345000267028809;14.350000381469728;0.0;2020-01-09 09:30:00-05:00
14.350000381469728;14.350000381469728;14.34000015258789;14.34000015258789;1401.0;2020-01-09 10:30:00-05:00
14.33899974822998;14.34000015258789;14.335000038146973;14.34000015258789;4308.0;2020-01-09 11:30:00-05:00
14.329999923706056;14.329999923706056;14.329999923706056;14.329999923706056;1365.0;2020-01-09 12:30:00-05:00
14.329999923706056;14.329999923706056;14.325300216674805;14.325300216674805;3420.0;2020-01-09 13:30:00-05:00
14.31999969482422;14.329999923706056;14.31999969482422;14.329999923706056;785.0;2020-01-09 14:30:00-05:00
14.31999969482422;14.31999969482422;14.3149995803833;14.3149995803833;5100.0;2020-01-09 15:30:00-05:00
14.3100004196167;14.3100004196167;14.289999961853027;14.289999961853027;23093.0;2020-01-10 09:30:00-05:00
14.31879997253418;14.31879997253418;14.318099975585938;14.318099975585938;2451.0;2020-01-10 10:30:00-05:00
14.31999969482422;14.34000015258789;14.31999969482422;14.34000015258789;5100.0;2020-01-10 11:30:00-05:00
14.34000015258789;14.34000015258789;14.329999923706056;14.329999923706056;3809.0;2020-01-10 12:30:00-05:00
14.329999923706056;14.329999923706056;14.300000190734863;14.300000190734863;5667.0;2020-01-10 13:30:00-05:00
14.31429958343506;14.31429958343506;14.289999961853027;14.291500091552734;10700.0;2020-01-10 14:30:00-05:00
14.29990005493164;14.309900283813477;14.289999961853027;14.289999961853027;7444.0;2020-01-10 15:30:00-05:00
14.369999885559082;14.380000114440918;14.31999969482422;14.359999656677246;0.0;2020-01-13 09:30:00-05:00
14.379899978637695;14.380000114440918;14.34570026397705;14.36989974975586;11726.0;2020-01-13 10:30:00-05:00
14.34000015258789;14.34119987487793;14.34000015258789;14.34119987487793;3193.0;2020-01-13 11:30:00-05:00
14.354399681091309;14.354399681091309;14.34000015258789;14.340100288391112;5500.0;2020-01-13 13:30:00-05:00
14.329999923706056;14.34000015258789;14.329999923706056;14.34000015258789;3443.0;2020-01-13 14:30:00-05:00
14.337200164794922;14.359999656677246;14.337200164794922;14.359999656677246;6043.0;2020-01-13 15:30:00-05:00
14.329999923706056;14.350000381469728;14.31999969482422;14.350000381469728;0.0;2020-01-14 09:30:00-05:00
14.341899871826172;14.357799530029297;14.341899871826172;14.357799530029297;1984.0;2020-01-14 10:30:00-05:00
14.359999656677246;14.359999656677246;14.359999656677246;14.359999656677246;234.0;2020-01-14 11:30:00-05:00
14.333000183105469;14.359999656677246;14.329999923706056;14.359999656677246;3424.0;2020-01-14 12:30:00-05:00
14.359999656677246;14.359999656677246;14.35990047454834;14.35990047454834;2785.0;2020-01-14 13:30:00-05:00
14.359999656677246;14.359999656677246;14.350000381469728;14.350000381469728;6534.0;2020-01-14 14:30:00-05:00
14.350000381469728;14.350000381469728;14.329999923706056;14.329999923706056;5453.0;2020-01-14 15:30:00-05:00
14.399999618530272;14.399999618530272;14.350000381469728;14.367199897766112;0.0;2020-01-15 09:30:00-05:00
14.369999885559082;14.38479995727539;14.369999885559082;14.380000114440918;14944.0;2020-01-15 11:30:00-05:00
14.369999885559082;14.37440013885498;14.369999885559082;14.369999885559082;2200.0;2020-01-15 12:30:00-05:00
14.369999885559082;14.374099731445312;14.369999885559082;14.374099731445312;776.0;2020-01-15 13:30:00-05:00
14.359999656677246;14.380000114440918;14.34000015258789;14.34000015258789;10684.0;2020-01-15 14:30:00-05:00
14.335700035095217;14.350000381469728;14.332599639892578;14.350000381469728;7382.0;2020-01-15 15:30:00-05:00
14.359999656677246;14.380000114440918;14.350000381469728;14.350000381469728;0.0;2020-01-16 09:30:00-05:00
14.350000381469728;14.350000381469728;14.329999923706056;14.348999977111816;3498.0;2020-01-16 10:30:00-05:00
14.350000381469728;14.350000381469728;14.350000381469728;14.350000381469728;870.0;2020-01-16 11:30:00-05:00
14.359600067138672;14.359600067138672;14.359600067138672;14.359600067138672;2014.0;2020-01-16 12:30:00-05:00
14.350000381469728;14.350000381469728;14.350000381469728;14.350000381469728;697.0;2020-01-16 13:30:00-05:00
14.341300010681152;14.345000267028809;14.34000015258789;14.34000015258789;19900.0;2020-01-16 14:30:00-05:00
14.329999923706056;14.34000015258789;14.3100004196167;14.333200454711914;8340.0;2020-01-16 15:30:00-05:00
14.31999969482422;14.369999885559082;14.31999969482422;14.329999923706056;0.0;2020-01-17 09:30:00-05:00
14.329999923706056;14.329999923706056;14.31999969482422;14.31999969482422;2670.0;2020-01-17 10:30:00-05:00
14.31999969482422;14.32349967956543;14.31999969482422;14.31999969482422;2960.0;2020-01-17 11:30:00-05:00
14.31999969482422;14.329899787902832;14.31999969482422;14.31999969482422;1763.0;2020-01-17 12:30:00-05:00
14.31999969482422;14.324999809265137;14.31999969482422;14.31999969482422;2844.0;2020-01-17 13:30:00-05:00
14.31999969482422;14.329999923706056;14.31999969482422;14.32699966430664;2300.0;2020-01-17 14:30:00-05:00
14.31999969482422;14.328399658203123;14.3100004196167;14.31999969482422;3332.0;2020-01-17 15:30:00-05:00
14.289999961853027;14.335000038146973;14.289999961853027;14.335000038146973;0.0;2020-01-21 09:30:00-05:00
14.331299781799316;14.362299919128418;14.329999923706056;14.350000381469728;4650.0;2020-01-21 10:30:00-05:00
14.350000381469728;14.379899978637695;14.34000015258789;14.379599571228027;4662.0;2020-01-21 11:30:00-05:00
14.359999656677246;14.390000343322754;14.359999656677246;14.390000343322754;13089.0;2020-01-21 12:30:00-05:00
14.399999618530272;14.399999618530272;14.390000343322754;14.399999618530272;3950.0;2020-01-21 13:30:00-05:00
14.390000343322754;14.399999618530272;14.390000343322754;14.399999618530272;10248.0;2020-01-21 14:30:00-05:00
14.399999618530272;14.399999618530272;14.399999618530272;14.399999618530272;300.0;2020-01-21 15:30:00-05:00
14.390000343322754;14.390000343322754;14.364999771118164;14.384499549865724;0.0;2020-01-22 09:30:00-05:00
14.390000343322754;14.390000343322754;14.380000114440918;14.380000114440918;6775.0;2020-01-22 10:30:00-05:00
14.380000114440918;14.390000343322754;14.380000114440918;14.380000114440918;2700.0;2020-01-22 11:30:00-05:00
14.380000114440918;14.385000228881836;14.37320041656494;14.379899978637695;8943.0;2020-01-22 12:30:00-05:00
14.380000114440918;14.385000228881836;14.380000114440918;14.380000114440918;9145.0;2020-01-22 13:30:00-05:00
14.380000114440918;14.390000343322754;14.380000114440918;14.390000343322754;7595.0;2020-01-22 14:30:00-05:00
14.380000114440918;14.390000343322754;14.380000114440918;14.390000343322754;1976.0;2020-01-22 15:30:00-05:00
14.390000343322754;14.390000343322754;14.380399703979492;14.385000228881836;0.0;2020-01-23 09:30:00-05:00
14.399999618530272;14.40999984741211;14.378999710083008;14.40999984741211;6582.0;2020-01-23 10:30:00-05:00
14.399999618530272;14.40999984741211;14.399999618530272;14.401100158691406;5166.0;2020-01-23 11:30:00-05:00
14.40999984741211;14.40999984741211;14.404999732971191;14.40999984741211;1000.0;2020-01-23 12:30:00-05:00
14.409899711608888;14.40999984741211;14.409899711608888;14.40999984741211;1044.0;2020-01-23 15:30:00-05:00
14.420000076293944;14.420000076293944;14.350000381469728;14.420000076293944;1427.0;2020-01-24 09:30:00-05:00
14.420000076293944;14.43000030517578;14.420000076293944;14.43000030517578;3058.0;2020-01-24 10:30:00-05:00
14.4399995803833;14.4399995803833;14.439900398254396;14.439900398254396;2214.0;2020-01-24 12:30:00-05:00
14.43000030517578;14.43000030517578;14.404999732971191;14.40999984741211;9147.0;2020-01-24 13:30:00-05:00
14.406800270080566;14.40999984741211;14.390000343322754;14.390000343322754;3300.0;2020-01-24 14:30:00-05:00
14.40999984741211;14.40999984741211;14.399999618530272;14.40999984741211;10623.0;2020-01-24 15:30:00-05:00
14.489999771118164;14.489999771118164;14.440099716186523;14.468000411987305;0.0;2020-01-27 09:30:00-05:00
14.460000038146973;14.460000038146973;14.460000038146973;14.460000038146973;701.0;2020-01-27 10:30:00-05:00
14.45110034942627;14.460399627685549;14.45110034942627;14.460399627685549;1993.0;2020-01-27 11:30:00-05:00
14.46500015258789;14.470000267028809;14.46500015258789;14.470000267028809;2195.0;2020-01-27 12:30:00-05:00
14.479900360107422;14.489999771118164;14.467700004577637;14.48900032043457;14946.0;2020-01-27 13:30:00-05:00
14.475000381469728;14.479999542236328;14.475000381469728;14.479999542236328;7291.0;2020-01-27 14:30:00-05:00
14.479999542236328;14.479999542236328;14.470000267028809;14.479999542236328;4576.0;2020-01-27 15:30:00-05:00
14.489999771118164;14.489999771118164;14.479999542236328;14.489999771118164;0.0;2020-01-28 09:30:00-05:00
14.484999656677246;14.489999771118164;14.469400405883787;14.469400405883787;6381.0;2020-01-28 10:30:00-05:00
14.479999542236328;14.479999542236328;14.479999542236328;14.479999542236328;1341.0;2020-01-28 11:30:00-05:00
14.469200134277344;14.489999771118164;14.460000038146973;14.460000038146973;3500.0;2020-01-28 12:30:00-05:00
14.48989963531494;14.48989963531494;14.468799591064451;14.468799591064451;1825.0;2020-01-28 13:30:00-05:00
14.475000381469728;14.475000381469728;14.460000038146973;14.460000038146973;1463.0;2020-01-28 14:30:00-05:00
14.451000213623049;14.479999542236328;14.451000213623049;14.460000038146973;5900.0;2020-01-28 15:30:00-05:00
14.5;14.5;14.460000038146973;14.4621000289917;0.0;2020-01-29 09:30:00-05:00
14.479999542236328;14.489999771118164;14.479900360107422;14.489999771118164;8649.0;2020-01-29 11:30:00-05:00
14.484999656677246;14.50979995727539;14.484999656677246;14.50529956817627;8475.0;2020-01-29 12:30:00-05:00
14.5;14.5;14.492799758911133;14.494999885559082;5490.0;2020-01-29 13:30:00-05:00
14.5;14.506999969482422;14.489999771118164;14.506999969482422;7666.0;2020-01-29 14:30:00-05:00
14.510000228881836;14.510000228881836;14.489999771118164;14.510000228881836;3576.0;2020-01-29 15:30:00-05:00
14.520000457763672;14.520000457763672;14.5;14.510000228881836;0.0;2020-01-30 09:30:00-05:00
14.510000228881836;14.510000228881836;14.501500129699709;14.510000228881836;2737.0;2020-01-30 10:30:00-05:00
14.510000228881836;14.510000228881836;14.500100135803224;14.505000114440918;3411.0;2020-01-30 11:30:00-05:00
14.510000228881836;14.510000228881836;14.505000114440918;14.510000228881836;3055.0;2020-01-30 12:30:00-05:00
14.510000228881836;14.510000228881836;14.510000228881836;14.510000228881836;1600.0;2020-01-30 13:30:00-05:00
14.510000228881836;14.51990032196045;14.500200271606444;14.510000228881836;3947.0;2020-01-30 14:30:00-05:00
14.510000228881836;14.520000457763672;14.510000228881836;14.510000228881836;3585.0;2020-01-30 15:30:00-05:00
14.510000228881836;14.510000228881836;14.5;14.510000228881836;0.0;2020-01-31 09:30:00-05:00
14.518500328063965;14.518500328063965;14.489999771118164;14.5;6449.0;2020-01-31 10:30:00-05:00
14.506799697875977;14.506799697875977;14.500900268554688;14.500900268554688;1745.0;2020-01-31 11:30:00-05:00
14.5;14.510000228881836;14.479999542236328;14.510000228881836;12274.0;2020-01-31 12:30:00-05:00
14.510000228881836;14.510000228881836;14.510000228881836;14.510000228881836;1000.0;2020-01-31 13:30:00-05:00
14.48040008544922;14.486900329589844;14.470000267028809;14.475099563598633;25044.0;2020-01-31 14:30:00-05:00
14.479900360107422;14.489999771118164;14.475000381469728;14.489999771118164;6820.0;2020-01-31 15:30:00-05:00
14.510000228881836;14.520000457763672;14.5;14.510000228881836;0.0;2020-02-03 09:30:00-05:00
14.5;14.5;14.5;14.5;11828.0;2020-02-03 10:30:00-05:00
14.506699562072754;14.510000228881836;14.505000114440918;14.506799697875977;6235.0;2020-02-03 11:30:00-05:00
14.505800247192385;14.506199836730955;14.505800247192385;14.506199836730955;900.0;2020-02-03 12:30:00-05:00
14.5;14.5;14.5;14.5;482.0;2020-02-03 13:30:00-05:00
14.510000228881836;14.510000228881836;14.505000114440918;14.510000228881836;1218.0;2020-02-03 15:30:00-05:00
14.5;14.5;14.449999809265137;14.479999542236328;0.0;2020-02-04 09:30:00-05:00
14.479999542236328;14.489999771118164;14.468999862670898;14.479999542236328;9375.0;2020-02-04 10:30:00-05:00
14.479999542236328;14.479999542236328;14.460000038146973;14.460000038146973;2616.0;2020-02-04 11:30:00-05:00
14.46500015258789;14.48900032043457;14.460000038146973;14.48900032043457;8088.0;2020-02-04 12:30:00-05:00
14.479999542236328;14.48900032043457;14.47920036315918;14.47920036315918;1348.0;2020-02-04 13:30:00-05:00
14.472200393676758;14.473199844360352;14.472200393676758;14.473199844360352;973.0;2020-02-04 14:30:00-05:00
14.47700023651123;14.479999542236328;14.460000038146973;14.460000038146973;1497.0;2020-02-04 15:30:00-05:00
14.5;14.5;14.449999809265137;14.460000038146973;0.0;2020-02-05 09:30:00-05:00
14.479999542236328;14.479999542236328;14.470000267028809;14.478400230407717;8954.0;2020-02-05 10:30:00-05:00
14.479999542236328;14.510000228881836;14.479900360107422;14.510000228881836;25142.0;2020-02-05 11:30:00-05:00
14.510000228881836;14.510000228881836;14.501700401306152;14.501700401306152;1800.0;2020-02-05 12:30:00-05:00
14.501700401306152;14.510000228881836;14.501700401306152;14.50879955291748;2684.0;2020-02-05 13:30:00-05:00
14.510000228881836;14.510000228881836;14.505000114440918;14.505000114440918;1000.0;2020-02-05 14:30:00-05:00
14.510000228881836;14.510000228881836;14.505000114440918;14.510000228881836;3801.0;2020-02-05 15:30:00-05:00
14.5;14.510000228881836;14.479999542236328;14.505000114440918;0.0;2020-02-06 09:30:00-05:00
14.5;14.509900093078612;14.5;14.509900093078612;5642.0;2020-02-06 10:30:00-05:00
14.506500244140623;14.524999618530272;14.5;14.524999618530272;12318.0;2020-02-06 11:30:00-05:00
14.512999534606934;14.53969955444336;14.512999534606934;14.520000457763672;5681.0;2020-02-06 12:30:00-05:00
14.531700134277344;14.539999961853027;14.520000457763672;14.539999961853027;3718.0;2020-02-06 13:30:00-05:00
14.520000457763672;14.520000457763672;14.520000457763672;14.520000457763672;400.0;2020-02-06 14:30:00-05:00
14.539899826049805;14.539899826049805;14.510000228881836;14.510000228881836;6516.0;2020-02-06 15:30:00-05:00
14.539999961853027;14.550000190734863;14.539999961853027;14.540900230407717;0.0;2020-02-07 09:30:00-05:00
14.545000076293944;14.550000190734863;14.545000076293944;14.550000190734863;722.0;2020-02-07 10:30:00-05:00
14.539999961853027;14.550000190734863;14.539999961853027;14.539999961853027;3486.0;2020-02-07 11:30:00-05:00
14.54990005493164;14.550000190734863;14.541000366210938;14.541000366210938;7600.0;2020-02-07 12:30:00-05:00
14.546500205993652;14.546500205993652;14.54319953918457;14.54319953918457;800.0;2020-02-07 13:30:00-05:00
14.545000076293944;14.550000190734863;14.539999961853027;14.54010009765625;4258.0;2020-02-07 14:30:00-05:00
14.550000190734863;14.550000190734863;14.550000190734863;14.550000190734863;100.0;2020-02-07 15:30:00-05:00
14.56999969482422;14.579999923706056;14.548399925231934;14.579999923706056;0.0;2020-02-10 09:30:00-05:00
14.579999923706056;14.579999923706056;14.574999809265137;14.579999923706056;897.0;2020-02-10 10:30:00-05:00
14.5600004196167;14.5600004196167;14.5600004196167;14.5600004196167;705.0;2020-02-10 11:30:00-05:00
14.5600004196167;14.579700469970703;14.5600004196167;14.56999969482422;3100.0;2020-02-10 12:30:00-05:00
14.579999923706056;14.600000381469728;14.574999809265137;14.59000015258789;5930.0;2020-02-10 13:30:00-05:00
14.600000381469728;14.600000381469728;14.579999923706056;14.579999923706056;830.0;2020-02-10 14:30:00-05:00
14.590200424194336;14.600000381469728;14.585700035095217;14.600000381469728;4607.0;2020-02-10 15:30:00-05:00
14.600000381469728;14.614999771118164;14.574999809265137;14.574999809265137;0.0;2020-02-11 09:30:00-05:00
14.575900077819824;14.59000015258789;14.574999809265137;14.574999809265137;1341.0;2020-02-11 10:30:00-05:00
14.586099624633787;14.59000015258789;14.5600004196167;14.59000015258789;10450.0;2020-02-11 11:30:00-05:00
14.579999923706056;14.59000015258789;14.579999923706056;14.585000038146973;6140.0;2020-02-11 12:30:00-05:00
14.59000015258789;14.59000015258789;14.585000038146973;14.585000038146973;2918.0;2020-02-11 13:30:00-05:00
14.583900451660156;14.59000015258789;14.580599784851074;14.59000015258789;14854.0;2020-02-11 14:30:00-05:00
14.609800338745115;14.630000114440918;14.600000381469728;14.630000114440918;4800.0;2020-02-11 15:30:00-05:00
14.640000343322754;14.640000343322754;14.619999885559082;14.625;0.0;2020-02-12 09:30:00-05:00
14.625;14.625;14.619999885559082;14.619999885559082;2469.0;2020-02-12 10:30:00-05:00
14.625;14.630000114440918;14.621600151062012;14.623499870300291;8022.0;2020-02-12 11:30:00-05:00
14.630000114440918;14.630000114440918;14.625;14.625;380.0;2020-02-12 12:30:00-05:00
14.619999885559082;14.625;14.609999656677246;14.609999656677246;4700.0;2020-02-12 13:30:00-05:00
14.614999771118164;14.619999885559082;14.614999771118164;14.619999885559082;5876.0;2020-02-12 14:30:00-05:00
14.619999885559082;14.619999885559082;14.619000434875488;14.619999885559082;4400.0;2020-02-12 15:30:00-05:00
14.59000015258789;14.59000015258789;14.571999549865724;14.59000015258789;0.0;2020-02-13 09:30:00-05:00
14.59000015258789;14.59000015258789;14.59000015258789;14.59000015258789;3812.0;2020-02-13 10:30:00-05:00
14.5802001953125;14.580300331115724;14.56999969482422;14.576000213623049;8113.0;2020-02-13 11:30:00-05:00
14.58329963684082;14.58329963684082;14.58329963684082;14.58329963684082;1000.0;2020-02-13 12:30:00-05:00
14.59000015258789;14.59000015258789;14.580300331115724;14.583399772644045;5164.0;2020-02-13 13:30:00-05:00
14.59000015258789;14.59000015258789;14.562299728393556;14.562299728393556;11816.0;2020-02-13 14:30:00-05:00
14.59000015258789;14.59000015258789;14.5600004196167;14.579999923706056;1312.0;2020-02-13 15:30:00-05:00
14.600000381469728;14.600000381469728;14.59469985961914;14.600000381469728;0.0;2020-02-14 09:30:00-05:00
14.589799880981444;14.640000343322754;14.587599754333496;14.587599754333496;18464.0;2020-02-14 10:30:00-05:00
14.580100059509276;14.60099983215332;14.5600004196167;14.575300216674805;10147.0;2020-02-14 11:30:00-05:00
14.57009983062744;14.572400093078612;14.57009983062744;14.572400093078612;1300.0;2020-02-14 12:30:00-05:00
14.585000038146973;14.600000381469728;14.585000038146973;14.600000381469728;7679.0;2020-02-14 13:30:00-05:00
14.590100288391112;14.59910011291504;14.56999969482422;14.57830047607422;11025.0;2020-02-14 14:30:00-05:00
14.56999969482422;14.583800315856934;14.5600004196167;14.5600004196167;9748.0;2020-02-14 15:30:00-05:00
14.56999969482422;14.600000381469728;14.56999969482422;14.59000015258789;0.0;2020-02-18 09:30:00-05:00
14.593899726867676;14.600000381469728;14.5802001953125;14.5802001953125;12511.0;2020-02-18 10:30:00-05:00
14.59000015258789;14.59000015258789;14.56999969482422;14.581100463867188;6600.0;2020-02-18 11:30:00-05:00
14.600000381469728;14.600000381469728;14.595000267028809;14.600000381469728;1900.0;2020-02-18 12:30:00-05:00
14.5600004196167;14.585000038146973;14.5600004196167;14.574999809265137;8512.0;2020-02-18 13:30:00-05:00
14.585000038146973;14.600000381469728;14.560099601745604;14.585000038146973;6850.0;2020-02-18 14:30:00-05:00
14.600000381469728;14.600000381469728;14.587400436401367;14.600000381469728;0.0;2020-02-19 09:30:00-05:00
14.600000381469728;14.600000381469728;14.600000381469728;14.600000381469728;2816.0;2020-02-19 10:30:00-05:00
14.600000381469728;14.600000381469728;14.59000015258789;14.600000381469728;2887.0;2020-02-19 11:30:00-05:00
14.600000381469728;14.600000381469728;14.600000381469728;14.600000381469728;1900.0;2020-02-19 13:30:00-05:00
14.600000381469728;14.600000381469728;14.590999603271484;14.600000381469728;3592.0;2020-02-19 14:30:00-05:00
14.600000381469728;14.600000381469728;14.595000267028809;14.600000381469728;900.0;2020-02-19 15:30:00-05:00
14.619999885559082;14.630000114440918;14.619999885559082;14.62660026550293;0.0;2020-02-20 09:30:00-05:00
14.621000289916992;14.630000114440918;14.579999923706056;14.61299991607666;6013.0;2020-02-20 10:30:00-05:00
14.630000114440918;14.630000114440918;14.630000114440918;14.630000114440918;1200.0;2020-02-20 11:30:00-05:00
14.613200187683104;14.613200187683104;14.613200187683104;14.613200187683104;1415.0;2020-02-20 12:30:00-05:00
14.609999656677246;14.61970043182373;14.609999656677246;14.617300033569336;1650.0;2020-02-20 13:30:00-05:00
14.619999885559082;14.619999885559082;14.609999656677246;14.609999656677246;1975.0;2020-02-20 14:30:00-05:00
14.619999885559082;14.619999885559082;14.609999656677246;14.609999656677246;4398.0;2020-02-20 15:30:00-05:00
14.600000381469728;14.609999656677246;14.58209991455078;14.595000267028809;0.0;2020-02-21 09:30:00-05:00
14.600000381469728;14.609999656677246;14.58139991760254;14.59000015258789;14999.0;2020-02-21 10:30:00-05:00
14.58139991760254;14.59000015258789;14.579999923706056;14.58139991760254;2410.0;2020-02-21 11:30:00-05:00
14.580100059509276;14.58199977874756;14.579999923706056;14.579999923706056;1382.0;2020-02-21 14:30:00-05:00
14.579999923706056;14.598999977111816;14.539999961853027;14.550000190734863;13697.0;2020-02-21 15:30:00-05:00
14.600000381469728;14.619999885559082;14.56350040435791;14.619999885559082;25607.0;2020-02-24 09:30:00-05:00
14.601400375366213;14.606800079345703;14.592100143432615;14.596699714660645;3994.0;2020-02-24 10:30:00-05:00
14.600000381469728;14.600000381469728;14.59000015258789;14.600000381469728;23074.0;2020-02-24 11:30:00-05:00
14.595000267028809;14.595000267028809;14.595000267028809;14.595000267028809;309.0;2020-02-24 12:30:00-05:00
14.59000015258789;14.600000381469728;14.589799880981444;14.600000381469728;12167.0;2020-02-24 13:30:00-05:00
14.600000381469728;14.600000381469728;14.59409999847412;14.59409999847412;674.0;2020-02-24 14:30:00-05:00
14.599900245666504;14.600000381469728;14.599900245666504;14.600000381469728;526.0;2020-02-24 15:30:00-05:00
14.59000015258789;14.619999885559082;14.59000015258789;14.600000381469728;0.0;2020-02-25 09:30:00-05:00
14.619999885559082;14.619999885559082;14.614999771118164;14.619999885559082;3658.0;2020-02-25 10:30:00-05:00
14.610099792480469;14.619999885559082;14.610099792480469;14.619999885559082;8930.0;2020-02-25 11:30:00-05:00
14.616600036621094;14.616600036621094;14.616600036621094;14.616600036621094;2000.0;2020-02-25 12:30:00-05:00
14.611200332641602;14.619999885559082;14.609999656677246;14.609999656677246;5823.0;2020-02-25 13:30:00-05:00
14.618000030517578;14.618000030517578;14.600000381469728;14.600000381469728;3544.0;2020-02-25 14:30:00-05:00
14.5600004196167;14.600000381469728;14.5600004196167;14.600000381469728;4292.0;2020-02-25 15:30:00-05:00
14.619999885559082;14.619999885559082;14.5600004196167;14.579999923706056;0.0;2020-02-26 09:30:00-05:00
14.5600004196167;14.630000114440918;14.5600004196167;14.630000114440918;39585.0;2020-02-26 10:30:00-05:00
14.62950038909912;14.62950038909912;14.619999885559082;14.619999885559082;8930.0;2020-02-26 11:30:00-05:00
14.619999885559082;14.624500274658203;14.590999603271484;14.590999603271484;16179.0;2020-02-26 12:30:00-05:00
14.5600004196167;14.5600004196167;14.550000190734863;14.55500030517578;10705.0;2020-02-26 13:30:00-05:00
14.5600004196167;14.5600004196167;14.520000457763672;14.520000457763672;8888.0;2020-02-26 14:30:00-05:00
14.520000457763672;14.520000457763672;14.5;14.5;0.0;2020-02-26 15:30:00-05:00
14.5;14.539999961853027;14.5;14.529999732971191;4990.0;2020-02-27 09:30:00-05:00
14.539999961853027;14.539999961853027;14.449999809265137;14.454999923706056;27109.0;2020-02-27 10:30:00-05:00
14.456700325012209;14.460000038146973;14.456700325012209;14.460000038146973;3022.0;2020-02-27 11:30:00-05:00
14.456299781799316;14.489800453186035;14.454999923706056;14.489800453186035;8153.0;2020-02-27 12:30:00-05:00
14.48270034790039;14.529999732971191;14.479999542236328;14.506799697875977;11195.0;2020-02-27 13:30:00-05:00
14.510000228881836;14.519000053405762;14.507200241088867;14.510000228881836;3201.0;2020-02-27 14:30:00-05:00
14.505000114440918;14.505000114440918;14.470000267028809;14.470000267028809;12687.0;2020-02-27 15:30:00-05:00
14.489999771118164;14.579999923706056;14.329999923706056;14.411999702453612;0.0;2020-02-28 09:30:00-05:00
14.350000381469728;14.399999618530272;14.329999923706056;14.354999542236328;15830.0;2020-02-28 10:30:00-05:00
14.380000114440918;14.40999984741211;14.337499618530272;14.395000457763672;11385.0;2020-02-28 11:30:00-05:00
14.390000343322754;14.399999618530272;14.390000343322754;14.39009952545166;3207.0;2020-02-28 12:30:00-05:00
14.409899711608888;14.409899711608888;14.409899711608888;14.409899711608888;653.0;2020-02-28 13:30:00-05:00
14.39900016784668;14.39900016784668;14.39009952545166;14.39009952545166;3516.0;2020-02-28 14:30:00-05:00
14.390000343322754;14.4399995803833;14.340100288391112;14.4399995803833;4722.0;2020-02-28 15:30:00-05:00
14.550000190734863;14.630000114440918;14.529999732971191;14.5600004196167;0.0;2020-03-02 09:30:00-05:00
14.59000015258789;14.59000015258789;14.56029987335205;14.56029987335205;6754.0;2020-03-02 10:30:00-05:00
14.5649995803833;14.600000381469728;14.5649995803833;14.59000015258789;5288.0;2020-03-02 11:30:00-05:00
14.600000381469728;14.600000381469728;14.595000267028809;14.595000267028809;1478.0;2020-03-02 12:30:00-05:00
14.59000015258789;14.59000015258789;14.5600004196167;14.56999969482422;3260.0;2020-03-02 13:30:00-05:00
14.579999923706056;14.579999923706056;14.566499710083008;14.579999923706056;491.0;2020-03-02 14:30:00-05:00
14.56999969482422;14.600000381469728;14.56999969482422;14.56999969482422;5108.0;2020-03-02 15:30:00-05:00
14.524999618530272;14.649999618530272;14.524999618530272;14.649999618530272;0.0;2020-03-03 09:30:00-05:00
14.637700080871582;14.637700080871582;14.637700080871582;14.637700080871582;5096.0;2020-03-03 10:30:00-05:00
14.619999885559082;14.630000114440918;14.619999885559082;14.630000114440918;3205.0;2020-03-03 12:30:00-05:00
14.619999885559082;14.649999618530272;14.619999885559082;14.649999618530272;2337.0;2020-03-03 13:30:00-05:00
14.649999618530272;14.649999618530272;14.647000312805176;14.647000312805176;3160.0;2020-03-03 14:30:00-05:00
14.646100044250488;14.646100044250488;14.646100044250488;14.646100044250488;100.0;2020-03-03 15:30:00-05:00
14.649999618530272;14.670000076293944;14.649999618530272;14.670000076293944;0.0;2020-03-04 09:30:00-05:00
14.670000076293944;14.699999809265137;14.670000076293944;14.699999809265137;5506.0;2020-03-04 10:30:00-05:00
14.699999809265137;14.699999809265137;14.699999809265137;14.699999809265137;3506.0;2020-03-04 11:30:00-05:00
14.6899995803833;14.69499969482422;14.6850004196167;14.685799598693848;3979.0;2020-03-04 12:30:00-05:00
14.70419979095459;14.710000038146973;14.670000076293944;14.70989990234375;7233.0;2020-03-04 13:30:00-05:00
14.68000030517578;14.68000030517578;14.68000030517578;14.68000030517578;0.0;2020-03-05 09:30:00-05:00
14.710000038146973;14.720000267028809;14.710000038146973;14.710000038146973;6687.0;2020-03-05 10:30:00-05:00
14.710000038146973;14.710000038146973;14.710000038146973;14.710000038146973;1821.0;2020-03-05 11:30:00-05:00
14.710000038146973;14.710000038146973;14.710000038146973;14.710000038146973;1157.0;2020-03-05 13:30:00-05:00
14.699999809265137;14.699999809265137;14.699999809265137;14.699999809265137;1480.0;2020-03-05 15:30:00-05:00
14.68000030517578;14.685199737548828;14.66800022125244;14.68000030517578;0.0;2020-03-06 09:30:00-05:00
14.645600318908691;14.651599884033203;14.630000114440918;14.63029956817627;9510.0;2020-03-06 10:30:00-05:00
14.642399787902832;14.642399787902832;14.642399787902832;14.642399787902832;217.0;2020-03-06 11:30:00-05:00
14.630000114440918;14.630000114440918;14.619999885559082;14.625;0.0;2020-03-06 12:30:00-05:00
14.629199981689451;14.64009952545166;14.629199981689451;14.64009952545166;30359.0;2020-03-06 13:30:00-05:00
14.630000114440918;14.630200386047363;14.56999969482422;14.56999969482422;15357.0;2020-03-06 14:30:00-05:00
14.55500030517578;14.55500030517578;14.520000457763672;14.520000457763672;12078.0;2020-03-06 15:30:00-05:00
14.489999771118164;14.489999771118164;14.239999771118164;14.413000106811523;24359.0;2020-03-09 09:30:00-04:00
14.3100004196167;14.329999923706056;14.279999732971191;14.279999732971191;2886.0;2020-03-09 10:30:00-04:00
14.324999809265137;14.324999809265137;14.25;14.25;8171.0;2020-03-09 11:30:00-04:00
14.319000244140623;14.31999969482422;14.260000228881836;14.289999961853027;20278.0;2020-03-09 13:30:00-04:00
14.289999961853027;14.289999961853027;14.289999961853027;14.289999961853027;696.0;2020-03-09 14:30:00-04:00
14.270000457763672;14.289999961853027;14.270000457763672;14.279999732971191;12744.0;2020-03-09 15:30:00-04:00
14.260000228881836;14.3951997756958;14.260000228881836;14.3951997756958;0.0;2020-03-10 09:30:00-04:00
14.334799766540527;14.334799766540527;14.289999961853027;14.289999961853027;1916.0;2020-03-10 10:30:00-04:00
14.274999618530272;14.289999961853027;14.15999984741211;14.15999984741211;4795.0;2020-03-10 11:30:00-04:00
14.249899864196776;14.25;14.196000099182127;14.25;3999.0;2020-03-10 12:30:00-04:00
14.210000038146973;14.210000038146973;14.1899995803833;14.210000038146973;3712.0;2020-03-10 13:30:00-04:00
14.225000381469728;14.239999771118164;14.149999618530272;14.19499969482422;10239.0;2020-03-10 14:30:00-04:00
14.260000228881836;14.329999923706056;14.09000015258789;14.244999885559082;18378.0;2020-03-11 09:30:00-04:00
14.199999809265137;14.210000038146973;14.050000190734863;14.050000190734863;15781.0;2020-03-11 10:30:00-04:00
14.050000190734863;14.05519962310791;14.020000457763672;14.05519962310791;8264.0;2020-03-11 11:30:00-04:00
14.039999961853027;14.045000076293944;13.960000038146973;13.960000038146973;11443.0;2020-03-11 12:30:00-04:00
13.9399995803833;13.979999542236328;13.770000457763672;13.770000457763672;25612.0;2020-03-11 13:30:00-04:00
13.779999732971191;13.824000358581545;13.75;13.789999961853027;20962.0;2020-03-11 14:30:00-04:00
13.765700340270996;13.765700340270996;13.765700340270996;13.765700340270996;140.0;2020-03-11 15:30:00-04:00
12.010000228881836;12.619999885559082;11.999600410461426;12.3100004196167;0.0;2020-03-12 09:30:00-04:00
12.218000411987305;13.375200271606444;12.218000411987305;13.0;32645.0;2020-03-12 10:30:00-04:00
13.010000228881836;13.010000228881836;12.899999618530272;12.899999618530272;20084.0;2020-03-12 11:30:00-04:00
12.899999618530272;13.050000190734863;12.899999618530272;13.0;21897.0;2020-03-12 12:30:00-04:00
12.938199996948242;13.100000381469728;12.938199996948242;13.100000381469728;31274.0;2020-03-12 13:30:00-04:00
13.050000190734863;13.100000381469728;12.5600004196167;12.5600004196167;32427.0;2020-03-12 14:30:00-04:00
12.59000015258789;12.779999732971191;12.380000114440918;12.479999542236328;33103.0;2020-03-12 15:30:00-04:00
12.720000267028809;13.031399726867676;12.720000267028809;12.960000038146973;0.0;2020-03-13 09:30:00-04:00
13.038299560546877;13.044300079345703;12.880000114440918;12.880000114440918;27327.0;2020-03-13 10:30:00-04:00
12.880000114440918;12.899999618530272;12.770000457763672;12.8100004196167;18690.0;2020-03-13 11:30:00-04:00
12.760000228881836;12.850000381469728;12.760000228881836;12.81999969482422;4910.0;2020-03-13 12:30:00-04:00
12.835000038146973;12.90999984741211;12.829999923706056;12.84000015258789;20003.0;2020-03-13 13:30:00-04:00
12.84000015258789;12.890000343322754;12.81999969482422;12.890000343322754;34020.0;2020-03-13 14:30:00-04:00
12.869999885559082;12.93000030517578;12.81999969482422;12.93000030517578;12968.0;2020-03-13 15:30:00-04:00
12.029999732971191;12.460000038146973;12.0;12.09000015258789;0.0;2020-03-16 09:30:00-04:00
12.09000015258789;12.449999809265137;12.079999923706056;12.399999618530272;24940.0;2020-03-16 10:30:00-04:00
12.399999618530272;12.449999809265137;12.300000190734863;12.30500030517578;65222.0;2020-03-16 11:30:00-04:00
12.289999961853027;12.460000038146973;12.289999961853027;12.380000114440918;17160.0;2020-03-16 12:30:00-04:00
12.375;12.380000114440918;12.239999771118164;12.255000114440918;23897.0;2020-03-16 13:30:00-04:00
12.289999961853027;12.3100004196167;12.289999961853027;12.300000190734863;3211.0;2020-03-16 14:30:00-04:00
12.289999961853027;12.380000114440918;12.25;12.3100004196167;8615.0;2020-03-16 15:30:00-04:00
12.460000038146973;12.520000457763672;12.390000343322754;12.414999961853027;0.0;2020-03-17 09:30:00-04:00
12.427000045776367;12.449999809265137;12.390000343322754;12.4399995803833;42193.0;2020-03-17 10:30:00-04:00
12.4399995803833;12.520000457763672;12.4350004196167;12.489999771118164;33640.0;2020-03-17 11:30:00-04:00
12.470000267028809;12.520000457763672;12.470000267028809;12.5;10893.0;2020-03-17 12:30:00-04:00
12.5;12.505999565124512;12.49839973449707;12.501999855041504;7034.0;2020-03-17 13:30:00-04:00
12.500100135803224;12.520000457763672;12.489999771118164;12.510000228881836;27188.0;2020-03-17 14:30:00-04:00
12.489999771118164;12.5;12.489999771118164;12.489999771118164;8036.0;2020-03-17 15:30:00-04:00
11.745200157165527;12.03909969329834;11.399999618530272;11.40999984741211;0.0;2020-03-18 09:30:00-04:00
11.40999984741211;11.449999809265137;11.199999809265137;11.324999809265137;95211.0;2020-03-18 10:30:00-04:00
11.34000015258789;11.350000381469728;11.25;11.25;29730.0;2020-03-18 11:30:00-04:00
11.199999809265137;11.20009994506836;11.149999618530272;11.149999618530272;44146.0;2020-03-18 12:30:00-04:00
11.062399864196776;11.062399864196776;10.880000114440918;10.987000465393066;42406.0;2020-03-18 13:30:00-04:00
10.979999542236328;10.979999542236328;10.90999984741211;10.970000267028809;43770.0;2020-03-18 14:30:00-04:00
10.96500015258789;11.029999732971191;10.96500015258789;11.010000228881836;15513.0;2020-03-18 15:30:00-04:00
10.40999984741211;10.90999984741211;10.31999969482422;10.720000267028809;0.0;2020-03-19 09:30:00-04:00
10.744999885559082;10.9399995803833;10.720000267028809;10.90999984741211;40749.0;2020-03-19 10:30:00-04:00
10.878499984741213;10.966099739074709;10.68000030517578;10.905799865722656;26525.0;2020-03-19 11:30:00-04:00
10.970000267028809;11.061699867248535;10.952500343322754;11.061699867248535;5611.0;2020-03-19 12:30:00-04:00
11.061800003051758;11.061800003051758;10.960000038146973;10.963500022888184;12900.0;2020-03-19 13:30:00-04:00
11.029999732971191;11.130000114440918;10.960000038146973;11.010000228881836;24820.0;2020-03-19 14:30:00-04:00
11.09000015258789;11.149999618530272;11.06999969482422;11.100000381469728;10325.0;2020-03-19 15:30:00-04:00
11.210000038146973;11.380000114440918;11.18000030517578;11.380000114440918;77826.0;2020-03-20 09:30:00-04:00
11.380000114440918;11.8100004196167;11.369999885559082;11.699999809265137;98762.0;2020-03-20 10:30:00-04:00
11.6899995803833;11.720000267028809;11.5;11.5;46169.0;2020-03-20 11:30:00-04:00
11.515000343322754;11.621999740600586;11.510000228881836;11.550000190734863;12701.0;2020-03-20 12:30:00-04:00
11.550000190734863;11.630000114440918;11.510000228881836;11.550000190734863;55225.0;2020-03-20 13:30:00-04:00
11.510000228881836;11.524999618530272;11.380000114440918;11.390000343322754;16686.0;2020-03-20 14:30:00-04:00
11.380000114440918;11.489999771118164;11.380000114440918;11.420000076293944;35832.0;2020-03-20 15:30:00-04:00
11.4399995803833;11.4399995803833;11.020000457763672;11.25;0.0;2020-03-23 09:30:00-04:00
11.23989963531494;11.25;11.086000442504885;11.229999542236328;41974.0;2020-03-23 10:30:00-04:00
11.186599731445312;11.3100004196167;11.140000343322754;11.199999809265137;56108.0;2020-03-23 11:30:00-04:00
11.192500114440918;11.279999732971191;11.192500114440918;11.229999542236328;4380.0;2020-03-23 12:30:00-04:00
11.1899995803833;11.21500015258789;11.1899995803833;11.21500015258789;2791.0;2020-03-23 13:30:00-04:00
11.229999542236328;11.229999542236328;11.050000190734863;11.050000190734863;21285.0;2020-03-23 14:30:00-04:00
11.050000190734863;11.06999969482422;10.84000015258789;11.029999732971191;23714.0;2020-03-23 15:30:00-04:00
11.25;11.470000267028809;11.25;11.470000267028809;0.0;2020-03-24 09:30:00-04:00
11.479999542236328;11.630000114440918;11.390000343322754;11.43000030517578;22439.0;2020-03-24 10:30:00-04:00
11.43000030517578;11.619999885559082;11.40999984741211;11.567099571228027;13461.0;2020-03-24 11:30:00-04:00
11.550000190734863;11.56999969482422;11.449999809265137;11.56999969482422;21247.0;2020-03-24 12:30:00-04:00
11.579999923706056;11.609999656677246;11.56999969482422;11.609999656677246;1688.0;2020-03-24 13:30:00-04:00
11.619999885559082;11.720000267028809;11.59000015258789;11.626099586486816;39280.0;2020-03-24 14:30:00-04:00
11.680299758911133;11.720000267028809;11.591099739074709;11.720000267028809;5112.0;2020-03-24 15:30:00-04:00
11.68000030517578;11.829999923706056;11.68000030517578;11.81999969482422;0.0;2020-03-25 09:30:00-04:00
11.84000015258789;12.020000457763672;11.84000015258789;12.020000457763672;25200.0;2020-03-25 10:30:00-04:00
12.020000457763672;12.149999618530272;12.020000457763672;12.149999618530272;16487.0;2020-03-25 11:30:00-04:00
12.149999618530272;12.31999969482422;12.140000343322754;12.300000190734863;49136.0;2020-03-25 12:30:00-04:00
12.300000190734863;12.380000114440918;12.270000457763672;12.342000007629396;22324.0;2020-03-25 13:30:00-04:00
12.3100004196167;12.369999885559082;12.286100387573242;12.359999656677246;11151.0;2020-03-25 14:30:00-04:00
12.359999656677246;12.380000114440918;12.3100004196167;12.329999923706056;22466.0;2020-03-25 15:30:00-04:00
12.300000190734863;12.720000267028809;12.300000190734863;12.720000267028809;0.0;2020-03-26 09:30:00-04:00
12.720000267028809;12.800000190734863;12.710000038146973;12.770000457763672;12776.0;2020-03-26 10:30:00-04:00
12.779999732971191;12.859999656677246;12.747300148010254;12.859999656677246;29873.0;2020-03-26 11:30:00-04:00
12.829999923706056;12.850000381469728;12.78320026397705;12.829999923706056;18612.0;2020-03-26 12:30:00-04:00
12.81999969482422;12.890000343322754;12.80239963531494;12.870100021362305;22191.0;2020-03-26 13:30:00-04:00
12.869999885559082;12.90999984741211;12.84000015258789;12.885000228881836;12203.0;2020-03-26 14:30:00-04:00
12.84000015258789;12.899999618530272;12.800000190734863;12.800000190734863;32936.0;2020-03-26 15:30:00-04:00
12.729999542236328;12.729999542236328;12.579999923706056;12.689800262451172;0.0;2020-03-27 09:30:00-04:00
12.685199737548828;12.919400215148926;12.68000030517578;12.760000228881836;27317.0;2020-03-27 10:30:00-04:00
12.720000267028809;12.720000267028809;12.65999984741211;12.69499969482422;22378.0;2020-03-27 11:30:00-04:00
12.693099975585938;12.693099975585938;12.640000343322754;12.654999732971191;13185.0;2020-03-27 12:30:00-04:00
12.645000457763672;12.649999618530272;12.619999885559082;12.649999618530272;5381.0;2020-03-27 13:30:00-04:00
12.6899995803833;12.729999542236328;12.640000343322754;12.729999542236328;10166.0;2020-03-27 14:30:00-04:00
12.75;12.75;12.68000030517578;12.68000030517578;3902.0;2020-03-27 15:30:00-04:00
12.829999923706056;12.93000030517578;12.739999771118164;12.880000114440918;0.0;2020-03-30 09:30:00-04:00
12.880000114440918;12.979000091552734;12.880000114440918;12.94499969482422;15313.0;2020-03-30 10:30:00-04:00
12.94499969482422;12.989999771118164;12.9399995803833;12.95930004119873;20074.0;2020-03-30 11:30:00-04:00
12.950200080871582;12.989999771118164;12.950200080871582;12.989999771118164;6100.0;2020-03-30 12:30:00-04:00
12.979999542236328;12.989999771118164;12.960000038146973;12.987899780273438;23381.0;2020-03-30 13:30:00-04:00
12.987899780273438;12.987899780273438;12.9399995803833;12.940099716186523;12223.0;2020-03-30 14:30:00-04:00
12.94499969482422;13.0;12.9399995803833;13.0;0.0;2020-03-30 15:30:00-04:00
13.029999732971191;13.079999923706056;13.005000114440918;13.042699813842772;21805.0;2020-03-31 09:30:00-04:00
13.039999961853027;13.100000381469728;13.039999961853027;13.079999923706056;25229.0;2020-03-31 10:30:00-04:00
13.0600004196167;13.0600004196167;13.0600004196167;13.0600004196167;1500.0;2020-03-31 11:30:00-04:00
13.0600004196167;13.130000114440918;13.039999961853027;13.109000205993652;22706.0;2020-03-31 12:30:00-04:00
13.098699569702148;13.104999542236328;13.0600004196167;13.095499992370604;3927.0;2020-03-31 13:30:00-04:00
13.0600004196167;13.149999618530272;13.039999961853027;13.104599952697754;17375.0;2020-03-31 14:30:00-04:00
13.0600004196167;13.140000343322754;13.0600004196167;13.119999885559082;9080.0;2020-03-31 15:30:00-04:00
13.010000228881836;13.015000343322754;12.81999969482422;12.912699699401855;0.0;2020-04-01 09:30:00-04:00
12.93000030517578;12.960000038146973;12.829999923706056;12.829999923706056;22396.0;2020-04-01 10:30:00-04:00
12.859999656677246;12.90999984741211;12.831000328063965;12.869999885559082;5713.0;2020-04-01 11:30:00-04:00
12.856599807739258;12.856599807739258;12.829999923706056;12.829999923706056;3107.0;2020-04-01 12:30:00-04:00
12.75;12.75;12.59000015258789;12.600000381469728;8175.0;2020-04-01 13:30:00-04:00
12.600000381469728;12.645000457763672;12.600000381469728;12.619999885559082;0.0;2020-04-01 14:30:00-04:00
12.645000457763672;12.920000076293944;12.609999656677246;12.710000038146973;125085.0;2020-04-01 15:30:00-04:00
12.760000228881836;12.760000228881836;12.656800270080566;12.675000190734863;0.0;2020-04-02 09:30:00-04:00
12.699999809265137;12.710000038146973;12.640000343322754;12.640000343322754;5652.0;2020-04-02 10:30:00-04:00
12.635000228881836;12.635000228881836;12.5;12.520000457763672;9678.0;2020-04-02 11:30:00-04:00
12.527999877929688;12.527999877929688;12.454999923706056;12.460100173950195;3242.0;2020-04-02 12:30:00-04:00
12.460000038146973;12.470000267028809;12.4399995803833;12.4399995803833;3170.0;2020-04-02 13:30:00-04:00
12.454999923706056;12.470000267028809;12.414999961853027;12.4350004196167;7541.0;2020-04-02 14:30:00-04:00
12.412099838256836;12.460000038146973;12.40999984741211;12.460000038146973;2300.0;2020-04-02 15:30:00-04:00
12.25;12.488699913024902;12.25;12.359999656677246;0.0;2020-04-03 09:30:00-04:00
12.371999740600586;12.371999740600586;12.359999656677246;12.359999656677246;600.0;2020-04-03 10:30:00-04:00
12.359999656677246;12.359999656677246;12.359999656677246;12.359999656677246;2251.0;2020-04-03 11:30:00-04:00
12.359999656677246;12.369999885559082;12.359999656677246;12.360099792480469;16344.0;2020-04-03 12:30:00-04:00
12.359999656677246;12.366999626159668;12.350000381469728;12.35200023651123;14720.0;2020-04-03 13:30:00-04:00
12.345000267028809;12.43000030517578;12.345000267028809;12.429400444030762;12841.0;2020-04-03 14:30:00-04:00
12.380000114440918;12.380000114440918;12.350000381469728;12.350000381469728;1580.0;2020-04-03 15:30:00-04:00
12.43000030517578;12.630000114440918;12.43000030517578;12.630000114440918;0.0;2020-04-06 09:30:00-04:00
12.65999984741211;12.664999961853027;12.5600004196167;12.579999923706056;14279.0;2020-04-06 10:30:00-04:00
12.56999969482422;12.56999969482422;12.529999732971191;12.5600004196167;4035.0;2020-04-06 11:30:00-04:00
12.56999969482422;12.609999656677246;12.56999969482422;12.601799964904783;5484.0;2020-04-06 12:30:00-04:00
12.579999923706056;12.579999923706056;12.54300022125244;12.550000190734863;10086.0;2020-04-06 13:30:00-04:00
12.56999969482422;12.56999969482422;12.517800331115724;12.521599769592283;11556.0;2020-04-06 14:30:00-04:00
12.529999732971191;12.539899826049805;12.510000228881836;12.520000457763672;2600.0;2020-04-06 15:30:00-04:00
12.640000343322754;12.6899995803833;12.630000114440918;12.6899995803833;0.0;2020-04-07 09:30:00-04:00
12.6899995803833;12.75;12.670000076293944;12.75;4599.0;2020-04-07 10:30:00-04:00
12.737700462341309;12.770000457763672;12.737700462341309;12.770000457763672;3534.0;2020-04-07 11:30:00-04:00
12.770000457763672;12.789999961853027;12.75;12.779999732971191;2296.0;2020-04-07 12:30:00-04:00
12.779999732971191;12.779999732971191;12.760000228881836;12.760000228881836;4568.0;2020-04-07 13:30:00-04:00
12.760000228881836;12.760000228881836;12.73490047454834;12.760000228881836;14504.0;2020-04-07 14:30:00-04:00
12.760000228881836;12.760000228881836;12.744999885559082;12.760000228881836;2198.0;2020-04-07 15:30:00-04:00
12.649999618530272;12.744999885559082;12.649999618530272;12.729999542236328;0.0;2020-04-08 09:30:00-04:00
12.75;12.760000228881836;12.729999542236328;12.760000228881836;1256.0;2020-04-08 10:30:00-04:00
12.760000228881836;12.760000228881836;12.729999542236328;12.729999542236328;12050.0;2020-04-08 11:30:00-04:00
12.760000228881836;12.859999656677246;12.760000228881836;12.850000381469728;17298.0;2020-04-08 12:30:00-04:00
12.850000381469728;12.9399995803833;12.850000381469728;12.9399995803833;12768.0;2020-04-08 13:30:00-04:00
12.895000457763672;12.93000030517578;12.869999885559082;12.899999618530272;7604.0;2020-04-08 14:30:00-04:00
12.93000030517578;12.960000038146973;12.92990016937256;12.960000038146973;5761.0;2020-04-08 15:30:00-04:00
13.0600004196167;13.220000267028809;13.031999588012695;13.206299781799316;0.0;2020-04-09 09:30:00-04:00
13.239999771118164;13.3100004196167;13.220000267028809;13.3100004196167;21044.0;2020-04-09 10:30:00-04:00
13.270000457763672;13.30500030517578;13.270000457763672;13.300000190734863;5795.0;2020-04-09 11:30:00-04:00
13.285200119018556;13.3100004196167;13.279999732971191;13.295000076293944;8627.0;2020-04-09 12:30:00-04:00
13.300000190734863;13.3149995803833;13.289999961853027;13.295000076293944;16058.0;2020-04-09 13:30:00-04:00
13.296799659729004;13.3100004196167;13.239999771118164;13.260600090026855;8461.0;2020-04-09 14:30:00-04:00
13.239999771118164;13.289999961853027;13.239999771118164;13.289999961853027;3060.0;2020-04-09 15:30:00-04:00
13.119999885559082;13.300000190734863;13.119999885559082;13.15999984741211;0.0;2020-04-13 09:30:00-04:00
13.109999656677246;13.380000114440918;13.039999961853027;13.289999961853027;56456.0;2020-04-13 10:30:00-04:00
13.253999710083008;13.31999969482422;13.25;13.3100004196167;6250.0;2020-04-13 11:30:00-04:00
13.3100004196167;13.3100004196167;13.15999984741211;13.1899995803833;22836.0;2020-04-13 12:30:00-04:00
13.15999984741211;13.1899995803833;13.109999656677246;13.109999656677246;4351.0;2020-04-13 13:30:00-04:00
13.109999656677246;13.130000114440918;13.020000457763672;13.02400016784668;9074.0;2020-04-13 14:30:00-04:00
13.020000457763672;13.039999961853027;12.92360019683838;12.949999809265137;13431.0;2020-04-13 15:30:00-04:00
12.989999771118164;13.09000015258789;12.989999771118164;13.079999923706056;0.0;2020-04-14 09:30:00-04:00
13.050000190734863;13.0600004196167;13.020000457763672;13.020000457763672;2497.0;2020-04-14 10:30:00-04:00
13.050000190734863;13.050000190734863;13.029999732971191;13.050000190734863;4462.0;2020-04-14 11:30:00-04:00
13.05679988861084;13.05679988861084;13.05679988861084;13.05679988861084;513.0;2020-04-14 12:30:00-04:00
13.050000190734863;13.050000190734863;13.043299674987791;13.050000190734863;3181.0;2020-04-14 13:30:00-04:00
13.029999732971191;13.06999969482422;13.010000228881836;13.050000190734863;22652.0;2020-04-14 14:30:00-04:00
13.050000190734863;13.050000190734863;13.050000190734863;13.050000190734863;7192.0;2020-04-14 15:30:00-04:00
13.010000228881836;13.210000038146973;13.010000228881836;13.100000381469728;0.0;2020-04-15 09:30:00-04:00
13.140000343322754;13.15999984741211;13.109999656677246;13.15999984741211;4020.0;2020-04-15 10:30:00-04:00
13.119999885559082;13.149999618530272;13.050000190734863;13.140000343322754;8904.0;2020-04-15 11:30:00-04:00
13.140000343322754;13.170000076293944;13.081000328063965;13.100000381469728;4878.0;2020-04-15 12:30:00-04:00
13.100000381469728;13.1899995803833;13.100000381469728;13.1899995803833;1706.0;2020-04-15 13:30:00-04:00
13.199999809265137;13.199999809265137;13.039999961853027;13.140000343322754;14444.0;2020-04-15 14:30:00-04:00
13.140000343322754;13.1899995803833;13.140000343322754;13.15999984741211;4600.0;2020-04-15 15:30:00-04:00
13.0600004196167;13.15999984741211;13.0600004196167;13.15999984741211;0.0;2020-04-16 09:30:00-04:00
13.140000343322754;13.140000343322754;13.140000343322754;13.140000343322754;1732.0;2020-04-16 10:30:00-04:00
13.10260009765625;13.149999618530272;13.10260009765625;13.149999618530272;2247.0;2020-04-16 11:30:00-04:00
13.130000114440918;13.140000343322754;13.06999969482422;13.079999923706056;7661.0;2020-04-16 13:30:00-04:00
13.085000038146973;13.085000038146973;13.06999969482422;13.06999969482422;1809.0;2020-04-16 14:30:00-04:00
13.06999969482422;13.100000381469728;13.0600004196167;13.100000381469728;1984.0;2020-04-16 15:30:00-04:00
13.15999984741211;13.229999542236328;13.074999809265137;13.130000114440918;0.0;2020-04-17 09:30:00-04:00
13.130000114440918;13.181900024414062;13.100000381469728;13.100000381469728;28347.0;2020-04-17 10:30:00-04:00
13.100000381469728;13.100000381469728;13.0;13.015000343322754;7106.0;2020-04-17 11:30:00-04:00
13.010700225830078;13.010700225830078;13.0;13.0;1666.0;2020-04-17 12:30:00-04:00
13.005000114440918;13.039999961853027;13.005000114440918;13.039999961853027;1077.0;2020-04-17 13:30:00-04:00
13.045000076293944;13.045000076293944;13.0;13.0;3696.0;2020-04-17 14:30:00-04:00
13.002300262451172;13.050000190734863;13.002300262451172;13.050000190734863;3175.0;2020-04-17 15:30:00-04:00
12.890000343322754;12.93000030517578;12.890000343322754;12.93000030517578;0.0;2020-04-20 09:30:00-04:00
13.09000015258789;13.109999656677246;13.06999969482422;13.109999656677246;3685.0;2020-04-20 10:30:00-04:00
13.109999656677246;13.109999656677246;13.0;13.0;6659.0;2020-04-20 11:30:00-04:00
13.0;13.0;13.0;13.0;2010.0;2020-04-20 12:30:00-04:00
13.0;13.0;13.0;13.0;220.0;2020-04-20 13:30:00-04:00
13.029999732971191;13.029999732971191;12.920000076293944;12.9399995803833;13426.0;2020-04-20 14:30:00-04:00
13.029999732971191;13.029999732971191;12.960000038146973;13.010000228881836;1428.0;2020-04-20 15:30:00-04:00
13.0600004196167;13.0600004196167;12.954999923706056;12.954999923706056;0.0;2020-04-21 09:30:00-04:00
12.989999771118164;13.0;12.89799976348877;12.89799976348877;9020.0;2020-04-21 10:30:00-04:00
12.890000343322754;12.890000343322754;12.890000343322754;12.890000343322754;200.0;2020-04-21 11:30:00-04:00
12.93000030517578;12.979999542236328;12.920000076293944;12.943400382995604;5099.0;2020-04-21 12:30:00-04:00
12.96500015258789;12.979999542236328;12.9399995803833;12.9399995803833;4737.0;2020-04-21 14:30:00-04:00
12.920000076293944;12.9399995803833;12.895000457763672;12.9399995803833;5648.0;2020-04-21 15:30:00-04:00
12.890000343322754;12.920000076293944;12.8100004196167;12.853099822998049;0.0;2020-04-22 09:30:00-04:00
12.81999969482422;12.829999923706056;12.779999732971191;12.800000190734863;9550.0;2020-04-22 10:30:00-04:00
12.800000190734863;12.81999969482422;12.779999732971191;12.800000190734863;9052.0;2020-04-22 11:30:00-04:00
12.800000190734863;12.81999969482422;12.800000190734863;12.8100004196167;6538.0;2020-04-22 12:30:00-04:00
12.81999969482422;12.81999969482422;12.800000190734863;12.81999969482422;1738.0;2020-04-22 13:30:00-04:00
12.8149995803833;12.839900016784668;12.800000190734863;12.800000190734863;4707.0;2020-04-22 14:30:00-04:00
12.789899826049805;12.789999961853027;12.760000228881836;12.760000228881836;8662.0;2020-04-22 15:30:00-04:00
12.869999885559082;12.869999885559082;12.729999542236328;12.729999542236328;0.0;2020-04-23 09:30:00-04:00
12.739999771118164;12.789999961853027;12.710000038146973;12.710000038146973;11621.0;2020-04-23 10:30:00-04:00
12.710000038146973;12.715900421142578;12.670000076293944;12.699999809265137;8621.0;2020-04-23 11:30:00-04:00
12.699999809265137;12.729999542236328;12.699999809265137;12.699999809265137;1723.0;2020-04-23 12:30:00-04:00
12.699999809265137;12.770000457763672;12.699999809265137;12.770000457763672;6401.0;2020-04-23 13:30:00-04:00
12.75;12.779999732971191;12.75;12.75;13650.0;2020-04-23 14:30:00-04:00
12.75;12.779999732971191;12.75;12.75;11502.0;2020-04-23 15:30:00-04:00
12.800000190734863;12.800000190734863;12.600000381469728;12.609999656677246;19319.0;2020-04-24 09:30:00-04:00
12.609999656677246;12.62119960784912;12.529999732971191;12.529999732971191;16769.0;2020-04-24 10:30:00-04:00
12.550000190734863;12.619999885559082;12.531999588012695;12.619999885559082;28140.0;2020-04-24 11:30:00-04:00
12.609999656677246;12.619999885559082;12.539999961853027;12.619999885559082;21076.0;2020-04-24 12:30:00-04:00
12.619999885559082;12.619999885559082;12.619999885559082;12.619999885559082;516.0;2020-04-24 13:30:00-04:00
12.630000114440918;12.68000030517578;12.630000114440918;12.67360019683838;5040.0;2020-04-24 14:30:00-04:00
12.6899995803833;12.720100402832031;12.6899995803833;12.710000038146973;4630.0;2020-04-24 15:30:00-04:00
12.600000381469728;12.600000381469728;12.369999885559082;12.539999961853027;0.0;2020-04-27 09:30:00-04:00
12.539999961853027;12.539999961853027;12.449999809265137;12.489999771118164;11095.0;2020-04-27 10:30:00-04:00
12.489999771118164;12.5;12.3100004196167;12.380000114440918;55248.0;2020-04-27 11:30:00-04:00
12.380000114440918;12.448599815368652;12.380000114440918;12.399999618530272;10788.0;2020-04-27 12:30:00-04:00
12.399999618530272;12.4399995803833;12.399999618530272;12.420000076293944;3563.0;2020-04-27 13:30:00-04:00
12.400099754333496;12.4399995803833;12.399999618530272;12.4399995803833;1835.0;2020-04-27 14:30:00-04:00
12.449999809265137;12.460000038146973;12.34000015258789;12.395000457763672;16320.0;2020-04-27 15:30:00-04:00
12.420000076293944;12.5;12.399999618530272;12.43000030517578;0.0;2020-04-28 09:30:00-04:00
12.43000030517578;12.479999542236328;12.40999984741211;12.40999984741211;5398.0;2020-04-28 10:30:00-04:00
12.40999984741211;12.479999542236328;12.359999656677246;12.369999885559082;17404.0;2020-04-28 11:30:00-04:00
12.399999618530272;12.399999618530272;12.390000343322754;12.399999618530272;12815.0;2020-04-28 12:30:00-04:00
12.392000198364258;12.420000076293944;12.392000198364258;12.399999618530272;7100.0;2020-04-28 13:30:00-04:00
12.399999618530272;12.479999542236328;12.399999618530272;12.420000076293944;11426.0;2020-04-28 14:30:00-04:00
12.414999961853027;12.420000076293944;12.380000114440918;12.399999618530272;29670.0;2020-04-28 15:30:00-04:00
12.510000228881836;12.774999618530272;12.43000030517578;12.670000076293944;0.0;2020-04-29 09:30:00-04:00
12.619999885559082;12.644000053405762;12.600000381469728;12.619999885559082;14187.0;2020-04-29 10:30:00-04:00
12.579999923706056;12.637200355529783;12.5600004196167;12.637200355529783;2559.0;2020-04-29 11:30:00-04:00
12.640000343322754;12.670000076293944;12.550000190734863;12.579999923706056;13288.0;2020-04-29 12:30:00-04:00
12.56999969482422;12.56999969482422;12.56999969482422;12.56999969482422;100.0;2020-04-29 13:30:00-04:00
12.579999923706056;12.6899995803833;12.579999923706056;12.649999618530272;7841.0;2020-04-29 14:30:00-04:00
12.652400016784668;12.652400016784668;12.649999618530272;12.649999618530272;2933.0;2020-04-29 15:30:00-04:00
12.739999771118164;12.739999771118164;12.59000015258789;12.59000015258789;0.0;2020-04-30 09:30:00-04:00
12.59000015258789;12.649999618530272;12.579999923706056;12.579999923706056;3054.0;2020-04-30 10:30:00-04:00
12.614999771118164;12.614999771118164;12.539999961853027;12.539999961853027;8400.0;2020-04-30 11:30:00-04:00
12.539999961853027;12.583399772644045;12.539999961853027;12.583399772644045;4611.0;2020-04-30 12:30:00-04:00
12.60990047454834;12.609999656677246;12.56149959564209;12.579999923706056;3673.0;2020-04-30 14:30:00-04:00
12.600000381469728;12.609999656677246;12.579999923706056;12.609999656677246;1705.0;2020-04-30 15:30:00-04:00
12.600000381469728;12.639900207519531;12.59000015258789;12.609999656677246;0.0;2020-05-01 09:30:00-04:00
12.59000015258789;12.645000457763672;12.59000015258789;12.619999885559082;7458.0;2020-05-01 10:30:00-04:00
12.619999885559082;12.637700080871582;12.59000015258789;12.59000015258789;13785.0;2020-05-01 11:30:00-04:00
12.59000015258789;12.670000076293944;12.59000015258789;12.670000076293944;12948.0;2020-05-01 12:30:00-04:00
12.68000030517578;12.760000228881836;12.670000076293944;12.71030044555664;8541.0;2020-05-01 14:30:00-04:00
12.73900032043457;12.739399909973145;12.619999885559082;12.640000343322754;18598.0;2020-05-01 15:30:00-04:00
12.699999809265137;12.75;12.670000076293944;12.699999809265137;0.0;2020-05-04 09:30:00-04:00
12.699999809265137;12.720000267028809;12.670000076293944;12.670000076293944;7001.0;2020-05-04 10:30:00-04:00
12.65999984741211;12.696999549865724;12.649999618530272;12.65999984741211;6231.0;2020-05-04 11:30:00-04:00
12.65999984741211;12.6850004196167;12.649999618530272;12.670000076293944;6747.0;2020-05-04 12:30:00-04:00
12.68970012664795;12.68970012664795;12.68970012664795;12.68970012664795;1006.0;2020-05-04 13:30:00-04:00
12.6899995803833;12.739999771118164;12.65999984741211;12.739999771118164;8703.0;2020-05-04 14:30:00-04:00
12.725000381469728;12.725000381469728;12.699999809265137;12.699999809265137;3847.0;2020-05-04 15:30:00-04:00
12.789999961853027;12.789999961853027;12.739999771118164;12.771699905395508;0.0;2020-05-05 09:30:00-04:00
12.760000228881836;12.872400283813477;12.760000228881836;12.864999771118164;26178.0;2020-05-05 10:30:00-04:00
12.859999656677246;12.890000343322754;12.859999656677246;12.890000343322754;4798.0;2020-05-05 11:30:00-04:00
12.899999618530272;12.920000076293944;12.899999618530272;12.91800022125244;7276.0;2020-05-05 12:30:00-04:00
12.93000030517578;12.960000038146973;12.93000030517578;12.93019962310791;7556.0;2020-05-05 13:30:00-04:00
12.949999809265137;13.0;12.93560028076172;12.949999809265137;17192.0;2020-05-05 14:30:00-04:00
12.949999809265137;12.949999809265137;12.949999809265137;12.949999809265137;772.0;2020-05-05 15:30:00-04:00
12.970000267028809;13.0;12.970000267028809;12.988900184631348;0.0;2020-05-06 09:30:00-04:00
12.984999656677246;13.010000228881836;12.979999542236328;13.010000228881836;6428.0;2020-05-06 10:30:00-04:00
13.019200325012209;13.019200325012209;12.989999771118164;12.989999771118164;1100.0;2020-05-06 11:30:00-04:00
13.010000228881836;13.010000228881836;12.989999771118164;12.989999771118164;3000.0;2020-05-06 12:30:00-04:00
13.010000228881836;13.039999961853027;12.99810028076172;13.039999961853027;7539.0;2020-05-06 13:30:00-04:00
13.050000190734863;13.149999618530272;13.050000190734863;13.140000343322754;10901.0;2020-05-06 14:30:00-04:00
13.10099983215332;13.10099983215332;12.989999771118164;13.029999732971191;10343.0;2020-05-06 15:30:00-04:00
13.06999969482422;13.140000343322754;13.06999969482422;13.100000381469728;0.0;2020-05-07 09:30:00-04:00
13.100000381469728;13.130000114440918;13.100000381469728;13.109000205993652;2902.0;2020-05-07 10:30:00-04:00
13.114999771118164;13.130000114440918;13.109999656677246;13.119999885559082;2100.0;2020-05-07 11:30:00-04:00
13.130000114440918;13.140000343322754;13.109999656677246;13.109999656677246;1951.0;2020-05-07 12:30:00-04:00
13.116700172424316;13.116700172424316;13.100000381469728;13.100000381469728;1682.0;2020-05-07 13:30:00-04:00
13.102100372314451;13.109999656677246;13.06999969482422;13.06999969482422;2142.0;2020-05-07 14:30:00-04:00
13.050000190734863;13.079999923706056;13.039999961853027;13.039999961853027;1666.0;2020-05-07 15:30:00-04:00
13.149999618530272;13.149999618530272;13.050000190734863;13.050000190734863;0.0;2020-05-08 09:30:00-04:00
13.06999969482422;13.15999984741211;13.06999969482422;13.09000015258789;21954.0;2020-05-08 10:30:00-04:00
13.095000267028809;13.095000267028809;13.095000267028809;13.095000267028809;100.0;2020-05-08 11:30:00-04:00
13.081000328063965;13.10990047454834;13.081000328063965;13.095000267028809;1431.0;2020-05-08 12:30:00-04:00
13.109999656677246;13.170000076293944;13.109999656677246;13.125;4858.0;2020-05-08 13:30:00-04:00
13.129799842834473;13.150400161743164;13.129799842834473;13.150400161743164;2185.0;2020-05-08 14:30:00-04:00
13.15999984741211;13.170000076293944;13.130000114440918;13.170000076293944;2263.0;2020-05-08 15:30:00-04:00
13.170000076293944;13.170000076293944;13.08839988708496;13.08839988708496;0.0;2020-05-11 09:30:00-04:00
13.09000015258789;13.09000015258789;13.005000114440918;13.079999923706056;3015.0;2020-05-11 10:30:00-04:00
13.06999969482422;13.119999885559082;13.06999969482422;13.104999542236328;11014.0;2020-05-11 11:30:00-04:00
13.104999542236328;13.104999542236328;13.09000015258789;13.090100288391112;1713.0;2020-05-11 12:30:00-04:00
13.095399856567385;13.104999542236328;13.020000457763672;13.05620002746582;3417.0;2020-05-11 13:30:00-04:00
13.06999969482422;13.06999969482422;13.0600004196167;13.06999969482422;739.0;2020-05-11 14:30:00-04:00
13.09000015258789;13.119999885559082;13.06999969482422;13.079999923706056;13782.0;2020-05-11 15:30:00-04:00
13.09000015258789;13.130000114440918;13.020000457763672;13.109999656677246;0.0;2020-05-12 09:30:00-04:00
13.0600004196167;13.060199737548828;13.0600004196167;13.0600004196167;1651.0;2020-05-12 10:30:00-04:00
13.06999969482422;13.06999969482422;13.039999961853027;13.039999961853027;4200.0;2020-05-12 11:30:00-04:00
13.039999961853027;13.050000190734863;13.039999961853027;13.050000190734863;300.0;2020-05-12 12:30:00-04:00
13.0600004196167;13.077300071716309;13.0600004196167;13.0600004196167;1399.0;2020-05-12 13:30:00-04:00
13.0600004196167;13.06070041656494;13.039999961853027;13.039999961853027;12247.0;2020-05-12 14:30:00-04:00
13.05500030517578;13.06999969482422;13.039999961853027;13.039999961853027;5866.0;2020-05-12 15:30:00-04:00
13.109999656677246;13.109999656677246;13.033100128173828;13.0600004196167;0.0;2020-05-13 09:30:00-04:00
13.045000076293944;13.0600004196167;13.029999732971191;13.029999732971191;4351.0;2020-05-13 10:30:00-04:00
13.0600004196167;13.100000381469728;12.949999809265137;13.039999961853027;15048.0;2020-05-13 11:30:00-04:00
13.039999961853027;13.0600004196167;12.960000038146973;12.960000038146973;16889.0;2020-05-13 12:30:00-04:00
12.984999656677246;13.0;12.984999656677246;13.0;2300.0;2020-05-13 13:30:00-04:00
12.979599952697754;12.979999542236328;12.93000030517578;12.93000030517578;3795.0;2020-05-13 14:30:00-04:00
13.0;13.0;12.949999809265137;12.949999809265137;1340.0;2020-05-13 15:30:00-04:00
13.029999732971191;13.029999732971191;12.829999923706056;12.844599723815918;11713.0;2020-05-14 09:30:00-04:00
12.850000381469728;12.93000030517578;12.831000328063965;12.904999732971191;19126.0;2020-05-14 10:30:00-04:00
12.93000030517578;12.93000030517578;12.920000076293944;12.93000030517578;673.0;2020-05-14 11:30:00-04:00
12.81999969482422;12.81999969482422;12.81999969482422;12.81999969482422;30041.0;2020-05-14 13:30:00-04:00
12.81999969482422;12.836000442504885;12.710000038146973;12.729499816894531;25936.0;2020-05-14 14:30:00-04:00
12.770000457763672;12.770000457763672;12.75;12.75;979.0;2020-05-14 15:30:00-04:00
12.800000190734863;12.800000190734863;12.789999961853027;12.789999961853027;0.0;2020-05-15 09:30:00-04:00
12.739999771118164;12.800000190734863;12.739999771118164;12.800000190734863;2182.0;2020-05-15 10:30:00-04:00
12.760000228881836;12.800000190734863;12.75;12.75;2082.0;2020-05-15 11:30:00-04:00
12.710000038146973;12.739999771118164;12.670000076293944;12.73989963531494;7338.0;2020-05-15 12:30:00-04:00
12.699999809265137;12.699999809265137;12.699999809265137;12.699999809265137;390.0;2020-05-15 13:30:00-04:00
12.720000267028809;12.720000267028809;12.68000030517578;12.699899673461914;14796.0;2020-05-15 14:30:00-04:00
12.719900131225586;12.779999732971191;12.719900131225586;12.779999732971191;3425.0;2020-05-15 15:30:00-04:00
12.779999732971191;12.79990005493164;12.729999542236328;12.75;0.0;2020-05-18 09:30:00-04:00
12.739999771118164;12.75;12.739999771118164;12.739999771118164;9217.0;2020-05-18 10:30:00-04:00
12.739999771118164;12.789999961853027;12.739999771118164;12.779000282287598;8281.0;2020-05-18 11:30:00-04:00
12.800000190734863;12.800000190734863;12.794599533081056;12.800000190734863;500.0;2020-05-18 12:30:00-04:00
12.800000190734863;12.84000015258789;12.79300022125244;12.81999969482422;5886.0;2020-05-18 13:30:00-04:00
12.790300369262695;12.829999923706056;12.790300369262695;12.829999923706056;923.0;2020-05-18 14:30:00-04:00
12.80500030517578;12.80500030517578;12.774999618530272;12.779999732971191;3012.0;2020-05-18 15:30:00-04:00
12.729999542236328;12.770000457763672;12.729999542236328;12.770000457763672;0.0;2020-05-19 09:30:00-04:00
12.770000457763672;12.770000457763672;12.75;12.75;3224.0;2020-05-19 10:30:00-04:00
12.739999771118164;12.743499755859377;12.739999771118164;12.743499755859377;4517.0;2020-05-19 11:30:00-04:00
12.739999771118164;12.75;12.739999771118164;12.739999771118164;3686.0;2020-05-19 13:30:00-04:00
12.744999885559082;12.760000228881836;12.739999771118164;12.739999771118164;11881.0;2020-05-19 14:30:00-04:00
12.75;12.758000373840332;12.729999542236328;12.729999542236328;9485.0;2020-05-19 15:30:00-04:00
12.739999771118164;12.786499977111816;12.739999771118164;12.739999771118164;0.0;2020-05-20 09:30:00-04:00
12.759300231933594;12.800000190734863;12.739999771118164;12.779999732971191;17398.0;2020-05-20 10:30:00-04:00
12.789999961853027;12.789999961853027;12.770000457763672;12.779999732971191;6818.0;2020-05-20 11:30:00-04:00
12.779999732971191;12.8100004196167;12.779999732971191;12.8100004196167;3518.0;2020-05-20 12:30:00-04:00
12.800000190734863;12.8100004196167;12.789999961853027;12.789999961853027;869.0;2020-05-20 13:30:00-04:00
12.800000190734863;12.8100004196167;12.795000076293944;12.8100004196167;3849.0;2020-05-20 14:30:00-04:00
12.797300338745115;12.869999885559082;12.797300338745115;12.84000015258789;9331.0;2020-05-20 15:30:00-04:00
12.9399995803833;12.979999542236328;12.9399995803833;12.960000038146973;3557.0;2020-05-21 09:30:00-04:00
12.970000267028809;12.970000267028809;12.899999618530272;12.906700134277344;5523.0;2020-05-21 10:30:00-04:00
12.899999618530272;12.899999618530272;12.899999618530272;12.899999618530272;1133.0;2020-05-21 11:30:00-04:00
12.90999984741211;12.90999984741211;12.90999984741211;12.90999984741211;558.0;2020-05-21 12:30:00-04:00
12.880000114440918;12.899999618530272;12.880000114440918;12.899999618530272;613.0;2020-05-21 13:30:00-04:00
12.890000343322754;12.899999618530272;12.850000381469728;12.850000381469728;5099.0;2020-05-21 14:30:00-04:00
12.869999885559082;12.90999984741211;12.859999656677246;12.90999984741211;14445.0;2020-05-21 15:30:00-04:00
12.949999809265137;12.960000038146973;12.9399995803833;12.960000038146973;0.0;2020-05-22 09:30:00-04:00
13.0;13.0;12.979999542236328;12.979999542236328;777.0;2020-05-22 10:30:00-04:00
12.975000381469728;12.975000381469728;12.975000381469728;12.975000381469728;200.0;2020-05-22 11:30:00-04:00
12.979999542236328;12.979999542236328;12.954999923706056;12.954999923706056;3670.0;2020-05-22 12:30:00-04:00
12.970000267028809;13.029999732971191;12.958000183105469;13.007399559020996;14251.0;2020-05-22 13:30:00-04:00
13.020000457763672;13.029999732971191;13.020000457763672;13.029999732971191;353.0;2020-05-22 14:30:00-04:00
13.020000457763672;13.050000190734863;13.020000457763672;13.050000190734863;872.0;2020-05-22 15:30:00-04:00
13.0600004196167;13.06630039215088;13.0;13.0;0.0;2020-05-26 09:30:00-04:00
13.008899688720703;13.09000015258789;12.960000038146973;13.039999961853027;49710.0;2020-05-26 10:30:00-04:00
13.039999961853027;13.100000381469728;13.020000457763672;13.09000015258789;13033.0;2020-05-26 11:30:00-04:00
13.06999969482422;13.100000381469728;13.06999969482422;13.100000381469728;2500.0;2020-05-26 12:30:00-04:00
13.100000381469728;13.130000114440918;13.06999969482422;13.130000114440918;5608.0;2020-05-26 13:30:00-04:00
13.130000114440918;13.199999809265137;13.119999885559082;13.15999984741211;17997.0;2020-05-26 14:30:00-04:00
13.140000343322754;13.260000228881836;13.130000114440918;13.260000228881836;20037.0;2020-05-26 15:30:00-04:00
13.1899995803833;13.256199836730955;13.179499626159668;13.25100040435791;0.0;2020-05-27 09:30:00-04:00
13.270000457763672;13.279999732971191;13.270000457763672;13.270999908447266;5240.0;2020-05-27 10:30:00-04:00
13.270000457763672;13.28499984741211;13.270000457763672;13.28499984741211;722.0;2020-05-27 11:30:00-04:00
13.28499984741211;13.289899826049805;13.279999732971191;13.28499984741211;3651.0;2020-05-27 12:30:00-04:00
13.28499984741211;13.28499984741211;13.270000457763672;13.270000457763672;10312.0;2020-05-27 13:30:00-04:00
13.274999618530272;13.311699867248535;13.260000228881836;13.300000190734863;16038.0;2020-05-27 14:30:00-04:00
13.3100004196167;13.31999969482422;13.300000190734863;13.31999969482422;2550.0;2020-05-27 15:30:00-04:00
13.350000381469728;13.369999885559082;13.34000015258789;13.369999885559082;0.0;2020-05-28 09:30:00-04:00
13.369999885559082;13.390000343322754;13.359999656677246;13.390000343322754;4975.0;2020-05-28 10:30:00-04:00
13.375;13.399999618530272;13.359999656677246;13.380000114440918;7822.0;2020-05-28 11:30:00-04:00
13.369999885559082;13.375;13.369999885559082;13.375;1839.0;2020-05-28 12:30:00-04:00
13.369999885559082;13.375;13.31999969482422;13.31999969482422;8731.0;2020-05-28 13:30:00-04:00
13.3100004196167;13.31999969482422;13.270000457763672;13.300000190734863;5303.0;2020-05-28 14:30:00-04:00
13.30500030517578;13.34000015258789;13.304100036621094;13.34000015258789;4413.0;2020-05-28 15:30:00-04:00
13.399999618530272;13.399999618530272;13.240099906921388;13.399999618530272;0.0;2020-05-29 09:30:00-04:00
13.417799949645996;13.420000076293944;13.375;13.40999984741211;8199.0;2020-05-29 10:30:00-04:00
13.420000076293944;13.420000076293944;13.40999984741211;13.40999984741211;1200.0;2020-05-29 11:30:00-04:00
13.420000076293944;13.4399995803833;13.414999961853027;13.43000030517578;8589.0;2020-05-29 12:30:00-04:00
13.4399995803833;13.449999809265137;13.43000030517578;13.449999809265137;4249.0;2020-05-29 13:30:00-04:00
13.44499969482422;13.44499969482422;13.43000030517578;13.43000030517578;2117.0;2020-05-29 14:30:00-04:00
13.43000030517578;13.449999809265137;13.43000030517578;13.449999809265137;2458.0;2020-05-29 15:30:00-04:00
13.449999809265137;13.48989963531494;13.44499969482422;13.47719955444336;0.0;2020-06-01 09:30:00-04:00
13.479999542236328;13.5;13.479999542236328;13.498000144958496;9206.0;2020-06-01 10:30:00-04:00
13.5;13.529999732971191;13.489999771118164;13.515000343322754;7015.0;2020-06-01 11:30:00-04:00
13.5;13.515000343322754;13.470000267028809;13.470000267028809;6486.0;2020-06-01 12:30:00-04:00
13.494999885559082;13.5;13.470000267028809;13.5;3005.0;2020-06-01 13:30:00-04:00
13.5;13.500900268554688;13.479999542236328;13.5;6895.0;2020-06-01 14:30:00-04:00
13.510000228881836;13.510000228881836;13.460000038146973;13.460000038146973;0.0;2020-06-01 15:30:00-04:00
13.510000228881836;13.510000228881836;13.430999755859377;13.45680046081543;6850.0;2020-06-02 09:30:00-04:00
13.5;13.5;13.449999809265137;13.46500015258789;803.0;2020-06-02 10:30:00-04:00
13.479999542236328;13.5;13.479000091552734;13.489999771118164;1249.0;2020-06-02 11:30:00-04:00
13.510000228881836;13.529999732971191;13.510000228881836;13.510000228881836;1690.0;2020-06-02 12:30:00-04:00
13.518799781799316;13.539999961853027;13.518799781799316;13.539999961853027;4982.0;2020-06-02 13:30:00-04:00
13.510000228881836;13.5600004196167;13.510000228881836;13.529999732971191;4920.0;2020-06-02 14:30:00-04:00
13.529999732971191;13.550000190734863;13.5;13.539999961853027;7454.0;2020-06-02 15:30:00-04:00
13.579999923706056;13.579999923706056;13.520000457763672;13.539999961853027;9598.0;2020-06-03 09:30:00-04:00
13.539999961853027;13.54010009765625;13.51140022277832;13.51140022277832;3193.0;2020-06-03 10:30:00-04:00
13.510000228881836;13.53499984741211;13.5;13.5;1617.0;2020-06-03 11:30:00-04:00
13.510000228881836;13.538800239562988;13.460000038146973;13.470000267028809;13393.0;2020-06-03 12:30:00-04:00
13.460000038146973;13.470000267028809;13.4399995803833;13.449999809265137;10333.0;2020-06-03 13:30:00-04:00
13.4399995803833;13.449999809265137;13.43000030517578;13.430100440979004;2361.0;2020-06-03 14:30:00-04:00
13.43000030517578;13.479999542236328;13.43000030517578;13.449999809265137;5421.0;2020-06-03 15:30:00-04:00
13.510000228881836;13.510000228881836;13.449999809265137;13.449999809265137;0.0;2020-06-04 09:30:00-04:00
13.4399995803833;13.456100463867188;13.393400192260742;13.456100463867188;7727.0;2020-06-04 10:30:00-04:00
13.449999809265137;13.449999809265137;13.420000076293944;13.420000076293944;1815.0;2020-06-04 11:30:00-04:00
13.4399995803833;13.4399995803833;13.4399995803833;13.4399995803833;2408.0;2020-06-04 12:30:00-04:00
13.460000038146973;13.470000267028809;13.449999809265137;13.470000267028809;1561.0;2020-06-04 13:30:00-04:00
13.48050022125244;13.48050022125244;13.48050022125244;13.48050022125244;750.0;2020-06-04 14:30:00-04:00
13.489999771118164;13.489999771118164;13.460000038146973;13.470000267028809;5070.0;2020-06-04 15:30:00-04:00
13.5;13.550000190734863;13.470000267028809;13.470000267028809;0.0;2020-06-05 09:30:00-04:00
13.470000267028809;13.5;13.470000267028809;13.5;2767.0;2020-06-05 10:30:00-04:00
13.47599983215332;13.47599983215332;13.430999755859377;13.430999755859377;2769.0;2020-06-05 11:30:00-04:00
13.475000381469728;13.475000381469728;13.449999809265137;13.449999809265137;3638.0;2020-06-05 12:30:00-04:00
13.43000030517578;13.449999809265137;13.42039966583252;13.449999809265137;4182.0;2020-06-05 13:30:00-04:00
13.454999923706056;13.460000038146973;13.449999809265137;13.460000038146973;735.0;2020-06-05 14:30:00-04:00
13.451800346374512;13.489999771118164;13.451800346374512;13.460000038146973;4529.0;2020-06-05 15:30:00-04:00
13.529999732971191;13.550000190734863;13.529899597167969;13.529999732971191;0.0;2020-06-08 09:30:00-04:00
13.529800415039062;13.529999732971191;13.529800415039062;13.529999732971191;1819.0;2020-06-08 10:30:00-04:00
13.530099868774414;13.530099868774414;13.510000228881836;13.515299797058104;6565.0;2020-06-08 11:30:00-04:00
13.51990032196045;13.520000457763672;13.517200469970703;13.520000457763672;3330.0;2020-06-08 12:30:00-04:00
13.523200035095217;13.524999618530272;13.512800216674805;13.512800216674805;5615.0;2020-06-08 13:30:00-04:00
13.513799667358398;13.520000457763672;13.510000228881836;13.510000228881836;5244.0;2020-06-08 14:30:00-04:00
13.520000457763672;13.550000190734863;13.520000457763672;13.550000190734863;7707.0;2020-06-08 15:30:00-04:00
13.489999771118164;13.508000373840332;13.48009967803955;13.481399536132812;0.0;2020-06-09 09:30:00-04:00
13.520000457763672;13.550000190734863;13.520000457763672;13.520999908447266;4500.0;2020-06-09 10:30:00-04:00
13.53600025177002;13.56999969482422;13.53600025177002;13.56999969482422;7534.0;2020-06-09 11:30:00-04:00
13.579999923706056;13.609999656677246;13.570899963378906;13.589500427246094;4820.0;2020-06-09 12:30:00-04:00
13.609999656677246;13.609999656677246;13.56999969482422;13.59000015258789;15002.0;2020-06-09 13:30:00-04:00
13.600000381469728;13.609999656677246;13.59000015258789;13.59000015258789;2923.0;2020-06-09 14:30:00-04:00
13.59000015258789;13.630000114440918;13.59000015258789;13.630000114440918;910.0;2020-06-09 15:30:00-04:00
13.520000457763672;13.520000457763672;13.520000457763672;13.520000457763672;0.0;2020-06-10 09:30:00-04:00
13.539999961853027;13.578499794006348;13.529999732971191;13.529999732971191;3003.0;2020-06-10 10:30:00-04:00
13.545000076293944;13.545000076293944;13.520000457763672;13.520000457763672;4100.0;2020-06-10 11:30:00-04:00
13.520000457763672;13.520000457763672;13.510000228881836;13.5177001953125;2350.0;2020-06-10 12:30:00-04:00
13.51959991455078;13.539999961853027;13.510000228881836;13.539999961853027;5161.0;2020-06-10 13:30:00-04:00
13.539999961853027;13.550000190734863;13.539999961853027;13.550000190734863;1400.0;2020-06-10 14:30:00-04:00
13.562600135803224;13.562600135803224;13.529999732971191;13.529999732971191;2308.0;2020-06-10 15:30:00-04:00
13.5600004196167;13.5600004196167;13.5;13.5;0.0;2020-06-11 09:30:00-04:00
13.470000267028809;13.470000267028809;13.43000030517578;13.43000030517578;3185.0;2020-06-11 10:30:00-04:00
13.460000038146973;13.460000038146973;13.4399995803833;13.4399995803833;3520.0;2020-06-11 11:30:00-04:00
13.390000343322754;13.404999732971191;13.369999885559082;13.399999618530272;1395.0;2020-06-11 12:30:00-04:00
13.40999984741211;13.40999984741211;13.390000343322754;13.390000343322754;900.0;2020-06-11 13:30:00-04:00
13.390000343322754;13.40250015258789;13.369999885559082;13.369999885559082;4001.0;2020-06-11 14:30:00-04:00
13.369999885559082;13.40999984741211;13.329999923706056;13.34000015258789;6465.0;2020-06-11 15:30:00-04:00
13.56999969482422;13.56999969482422;13.279999732971191;13.399999618530272;8181.0;2020-06-12 09:30:00-04:00
13.390000343322754;13.409799575805664;13.350000381469728;13.350000381469728;3062.0;2020-06-12 10:30:00-04:00
13.350000381469728;13.359999656677246;13.350000381469728;13.350000381469728;2910.0;2020-06-12 11:30:00-04:00
13.34000015258789;13.34000015258789;13.3100004196167;13.3100004196167;2400.0;2020-06-12 12:30:00-04:00
13.3100004196167;13.319899559020996;13.28030014038086;13.28030014038086;4104.0;2020-06-12 13:30:00-04:00
13.300000190734863;13.380000114440918;13.270000457763672;13.34000015258789;12515.0;2020-06-12 14:30:00-04:00
13.34000015258789;13.34000015258789;13.279999732971191;13.279999732971191;4032.0;2020-06-12 15:30:00-04:00
13.34000015258789;13.380000114440918;13.25;13.300000190734863;0.0;2020-06-15 09:30:00-04:00
13.31779956817627;13.329999923706056;13.300000190734863;13.300000190734863;3819.0;2020-06-15 10:30:00-04:00
13.300000190734863;13.31190013885498;13.300000190734863;13.300000190734863;2472.0;2020-06-15 11:30:00-04:00
13.300000190734863;13.300100326538086;13.289999961853027;13.289999961853027;900.0;2020-06-15 12:30:00-04:00
13.289999961853027;13.300000190734863;13.289999961853027;13.300000190734863;1002.0;2020-06-15 13:30:00-04:00
13.300000190734863;13.300000190734863;13.289999961853027;13.289999961853027;3611.0;2020-06-15 14:30:00-04:00
13.307700157165527;13.31999969482422;13.279999732971191;13.3100004196167;6869.0;2020-06-15 15:30:00-04:00
13.260000228881836;13.31999969482422;13.246600151062012;13.289999961853027;0.0;2020-06-16 09:30:00-04:00
13.289999961853027;13.289999961853027;13.270000457763672;13.276399612426758;4352.0;2020-06-16 10:30:00-04:00
13.289999961853027;13.3100004196167;13.279600143432615;13.29290008544922;5818.0;2020-06-16 11:30:00-04:00
13.3100004196167;13.31999969482422;13.300000190734863;13.31999969482422;768.0;2020-06-16 12:30:00-04:00
13.31999969482422;13.31999969482422;13.3100004196167;13.31070041656494;3235.0;2020-06-16 13:30:00-04:00
13.3100004196167;13.359999656677246;13.260000228881836;13.34000015258789;15074.0;2020-06-16 14:30:00-04:00
13.34000015258789;13.359999656677246;13.329999923706056;13.359999656677246;3357.0;2020-06-16 15:30:00-04:00
13.380000114440918;13.380000114440918;13.300000190734863;13.369999885559082;0.0;2020-06-17 09:30:00-04:00
13.380000114440918;13.390000343322754;13.359999656677246;13.390000343322754;10571.0;2020-06-17 10:30:00-04:00
13.390000343322754;13.399999618530272;13.389900207519531;13.390000343322754;11322.0;2020-06-17 11:30:00-04:00
13.395000457763672;13.399999618530272;13.390000343322754;13.395000457763672;5018.0;2020-06-17 12:30:00-04:00
13.395000457763672;13.395000457763672;13.390000343322754;13.390000343322754;1694.0;2020-06-17 13:30:00-04:00
13.399999618530272;13.40999984741211;13.399900436401367;13.399999618530272;4265.0;2020-06-17 14:30:00-04:00
13.390000343322754;13.390000343322754;13.369999885559082;13.369999885559082;664.0;2020-06-17 15:30:00-04:00
13.399999618530272;13.399999618530272;13.362000465393066;13.380000114440918;3152.0;2020-06-18 09:30:00-04:00
13.390000343322754;13.390000343322754;13.360099792480469;13.362799644470217;1205.0;2020-06-18 10:30:00-04:00
13.399999618530272;13.399999618530272;13.399999618530272;13.399999618530272;1002.0;2020-06-18 11:30:00-04:00
13.390000343322754;13.390000343322754;13.380000114440918;13.380000114440918;4318.0;2020-06-18 13:30:00-04:00
13.369999885559082;13.369999885559082;13.359999656677246;13.359999656677246;5013.0;2020-06-18 14:30:00-04:00
13.350000381469728;13.350000381469728;13.350000381469728;13.350000381469728;0.0;2020-06-18 15:30:00-04:00
13.40999984741211;13.40999984741211;13.399999618530272;13.40999984741211;6687.0;2020-06-19 09:30:00-04:00
13.40999984741211;13.40999984741211;13.380000114440918;13.380000114440918;2530.0;2020-06-19 10:30:00-04:00
13.40999984741211;13.40999984741211;13.395400047302246;13.40999984741211;1302.0;2020-06-19 11:30:00-04:00
13.404999732971191;13.420000076293944;13.404999732971191;13.420000076293944;4834.0;2020-06-19 12:30:00-04:00
13.406800270080566;13.406800270080566;13.380000114440918;13.380000114440918;3061.0;2020-06-19 13:30:00-04:00
13.362199783325195;13.362199783325195;13.350000381469728;13.350000381469728;741.0;2020-06-19 14:30:00-04:00
13.350000381469728;13.350000381469728;13.350000381469728;13.350000381469728;100.0;2020-06-19 15:30:00-04:00
13.3100004196167;13.399999618530272;13.3100004196167;13.329999923706056;0.0;2020-06-22 09:30:00-04:00
13.329999923706056;13.342399597167969;13.329999923706056;13.342399597167969;864.0;2020-06-22 10:30:00-04:00
13.343500137329102;13.350000381469728;13.336400032043455;13.34980010986328;3914.0;2020-06-22 11:30:00-04:00
13.353799819946287;13.359999656677246;13.350000381469728;13.359999656677246;3343.0;2020-06-22 12:30:00-04:00
13.352999687194824;13.359999656677246;13.352999687194824;13.359999656677246;800.0;2020-06-22 13:30:00-04:00
13.350000381469728;13.359999656677246;13.350000381469728;13.359999656677246;300.0;2020-06-22 14:30:00-04:00
13.359999656677246;13.380000114440918;13.359999656677246;13.380000114440918;3845.0;2020-06-22 15:30:00-04:00
13.5;13.5;13.420000076293944;13.470000267028809;0.0;2020-06-23 09:30:00-04:00
13.470000267028809;13.489999771118164;13.460000038146973;13.489999771118164;2125.0;2020-06-23 10:30:00-04:00
13.489999771118164;13.489999771118164;13.489999771118164;13.489999771118164;727.0;2020-06-23 11:30:00-04:00
13.48989963531494;13.489999771118164;13.475000381469728;13.479999542236328;9919.0;2020-06-23 12:30:00-04:00
13.489999771118164;13.489999771118164;13.475000381469728;13.48040008544922;1943.0;2020-06-23 13:30:00-04:00
13.489999771118164;13.489999771118164;13.468199729919434;13.479999542236328;1254.0;2020-06-23 14:30:00-04:00
13.477800369262695;13.477800369262695;13.470000267028809;13.470000267028809;1369.0;2020-06-23 15:30:00-04:00
13.5;13.5;13.420000076293944;13.479999542236328;0.0;2020-06-24 09:30:00-04:00
13.479999542236328;13.479999542236328;13.45139980316162;13.454999923706056;2296.0;2020-06-24 10:30:00-04:00
13.470000267028809;13.470000267028809;13.449999809265137;13.46500015258789;2300.0;2020-06-24 11:30:00-04:00
13.4399995803833;13.445599555969238;13.4399995803833;13.445599555969238;1751.0;2020-06-24 12:30:00-04:00
13.454999923706056;13.479999542236328;13.4399995803833;13.4399995803833;7100.0;2020-06-24 13:30:00-04:00
13.43000030517578;13.43000030517578;13.43000030517578;13.43000030517578;110.0;2020-06-24 14:30:00-04:00
13.43000030517578;13.430100440979004;13.399999618530272;13.399999618530272;3751.0;2020-06-24 15:30:00-04:00
13.460000038146973;13.489999771118164;13.420100212097168;13.489999771118164;0.0;2020-06-25 09:30:00-04:00
13.489999771118164;13.5;13.4399995803833;13.489999771118164;1412.0;2020-06-25 10:30:00-04:00
13.46500015258789;13.510000228881836;13.449999809265137;13.494999885559082;10996.0;2020-06-25 11:30:00-04:00
13.470100402832031;13.470100402832031;13.470100402832031;13.470100402832031;134.0;2020-06-25 12:30:00-04:00
13.483099937438965;13.483099937438965;13.483099937438965;13.483099937438965;1832.0;2020-06-25 14:30:00-04:00
13.484999656677246;13.484999656677246;13.470000267028809;13.479999542236328;5522.0;2020-06-25 15:30:00-04:00
13.43000030517578;13.452799797058104;13.414999961853027;13.4399995803833;0.0;2020-06-26 09:30:00-04:00
13.43000030517578;13.454999923706056;13.43000030517578;13.43000030517578;2342.0;2020-06-26 10:30:00-04:00
13.464599609375;13.464599609375;13.43000030517578;13.43000030517578;1596.0;2020-06-26 11:30:00-04:00
13.4399995803833;13.4399995803833;13.399999618530272;13.399999618530272;7476.0;2020-06-26 12:30:00-04:00
13.390000343322754;13.420000076293944;13.350000381469728;13.350000381469728;4830.0;2020-06-26 13:30:00-04:00
13.350000381469728;13.380000114440918;13.350000381469728;13.380000114440918;890.0;2020-06-26 14:30:00-04:00
13.359999656677246;13.380000114440918;13.359999656677246;13.359999656677246;1068.0;2020-06-26 15:30:00-04:00
13.43000030517578;13.4399995803833;13.40999984741211;13.40999984741211;0.0;2020-06-29 09:30:00-04:00
13.43000030517578;13.529999732971191;13.43000030517578;13.487600326538086;5818.0;2020-06-29 10:30:00-04:00
13.474300384521484;13.5;13.474300384521484;13.5;400.0;2020-06-29 11:30:00-04:00
13.489999771118164;13.489999771118164;13.470000267028809;13.479999542236328;4909.0;2020-06-29 12:30:00-04:00
13.48859977722168;13.489999771118164;13.481800079345703;13.48859977722168;4920.0;2020-06-29 13:30:00-04:00
13.48859977722168;13.489999771118164;13.479999542236328;13.480299949645996;2833.0;2020-06-29 14:30:00-04:00
13.479999542236328;13.5;13.479999542236328;13.5;1110.0;2020-06-29 15:30:00-04:00
13.579999923706056;13.579999923706056;13.489999771118164;13.489999771118164;0.0;2020-06-30 09:30:00-04:00
13.510000228881836;13.510000228881836;13.510000228881836;13.510000228881836;250.0;2020-06-30 10:30:00-04:00
13.519000053405762;13.529999732971191;13.505000114440918;13.510000228881836;4078.0;2020-06-30 12:30:00-04:00
13.510000228881836;13.526300430297852;13.510000228881836;13.510000228881836;0.0;2020-06-30 13:30:00-04:00
13.510000228881836;13.529999732971191;13.4399995803833;13.4399995803833;32286.0;2020-06-30 14:30:00-04:00
13.47700023651123;13.489999771118164;13.47700023651123;13.489999771118164;2794.0;2020-06-30 15:30:00-04:00
13.508000373840332;13.51010036468506;13.492199897766112;13.51010036468506;3295.0;2020-07-01 10:30:00-04:00
13.520000457763672;13.520000457763672;13.520000457763672;13.520000457763672;1966.0;2020-07-01 11:30:00-04:00
13.520000457763672;13.539999961853027;13.520000457763672;13.539999961853027;2327.0;2020-07-01 13:30:00-04:00
13.539999961853027;13.579999923706056;13.529000282287598;13.573599815368652;8552.0;2020-07-01 14:30:00-04:00
13.574999809265137;13.574999809265137;13.539999961853027;13.56999969482422;9653.0;2020-07-01 15:30:00-04:00
13.56999969482422;13.65999984741211;13.501099586486816;13.654999732971191;0.0;2020-07-02 09:30:00-04:00
13.649999618530272;13.670000076293944;13.619999885559082;13.619999885559082;0.0;2020-07-02 10:30:00-04:00
13.609999656677246;13.630000114440918;13.5600004196167;13.62679958343506;43539.0;2020-07-02 11:30:00-04:00
13.574000358581545;13.60990047454834;13.574000358581545;13.583800315856934;5251.0;2020-07-02 13:30:00-04:00
13.6003999710083;13.609999656677246;13.59000015258789;13.609999656677246;7526.0;2020-07-02 14:30:00-04:00
13.619999885559082;13.630000114440918;13.59000015258789;13.59000015258789;2383.0;2020-07-02 15:30:00-04:00
13.640000343322754;13.645000457763672;13.600000381469728;13.600000381469728;0.0;2020-07-06 09:30:00-04:00
13.59000015258789;13.595800399780272;13.579999923706056;13.579999923706056;5370.0;2020-07-06 10:30:00-04:00
13.579899787902832;13.579899787902832;13.5600004196167;13.5600004196167;1628.0;2020-07-06 11:30:00-04:00
13.5649995803833;13.5649995803833;13.5649995803833;13.5649995803833;130.0;2020-07-06 12:30:00-04:00
13.56309986114502;13.56999969482422;13.560099601745604;13.560099601745604;1467.0;2020-07-06 13:30:00-04:00
13.5600004196167;13.560099601745604;13.550000190734863;13.550000190734863;2092.0;2020-07-06 14:30:00-04:00
13.543999671936035;13.543999671936035;13.529999732971191;13.529999732971191;1905.0;2020-07-06 15:30:00-04:00
13.550000190734863;13.59000015258789;13.54010009765625;13.550000190734863;0.0;2020-07-07 09:30:00-04:00
13.550000190734863;13.550000190734863;13.529999732971191;13.529999732971191;0.0;2020-07-07 10:30:00-04:00
13.530099868774414;13.530099868774414;13.524999618530272;13.524999618530272;17835.0;2020-07-07 11:30:00-04:00
13.529999732971191;13.529999732971191;13.529999732971191;13.529999732971191;146.0;2020-07-07 12:30:00-04:00
13.524999618530272;13.524999618530272;13.524999618530272;13.524999618530272;224.0;2020-07-07 13:30:00-04:00
13.524999618530272;13.524999618530272;13.524999618530272;13.524999618530272;100.0;2020-07-07 14:30:00-04:00
13.529999732971191;13.529999732971191;13.524999618530272;13.529999732971191;480.0;2020-07-07 15:30:00-04:00
13.5;13.56999969482422;13.5;13.553999900817873;0.0;2020-07-08 09:30:00-04:00
13.600000381469728;13.600000381469728;13.600000381469728;13.600000381469728;100.0;2020-07-08 10:30:00-04:00
13.581000328063965;13.625;13.5;13.529999732971191;21481.0;2020-07-08 11:30:00-04:00
13.529999732971191;13.550000190734863;13.520000457763672;13.550000190734863;3200.0;2020-07-08 12:30:00-04:00
13.550000190734863;13.550000190734863;13.53499984741211;13.53499984741211;2190.0;2020-07-08 13:30:00-04:00
13.520000457763672;13.539999961853027;13.5;13.5;2200.0;2020-07-08 14:30:00-04:00
13.510000228881836;13.510000228881836;13.5;13.5;0.0;2020-07-08 15:30:00-04:00
13.489999771118164;13.5649995803833;13.489999771118164;13.489999771118164;1568.0;2020-07-09 09:30:00-04:00
13.510000228881836;13.5600004196167;13.5;13.5600004196167;9045.0;2020-07-09 10:30:00-04:00
13.534299850463867;13.539999961853027;13.534299850463867;13.538999557495115;2127.0;2020-07-09 11:30:00-04:00
13.529999732971191;13.619999885559082;13.529999732971191;13.59000015258789;6500.0;2020-07-09 12:30:00-04:00
13.59000015258789;13.593700408935549;13.59000015258789;13.593700408935549;2000.0;2020-07-09 13:30:00-04:00
13.600000381469728;13.600000381469728;13.600000381469728;13.600000381469728;249.0;2020-07-09 14:30:00-04:00
13.600000381469728;13.600000381469728;13.56999969482422;13.59000015258789;969.0;2020-07-09 15:30:00-04:00
13.59000015258789;13.609999656677246;13.59000015258789;13.595000267028809;0.0;2020-07-10 09:30:00-04:00
13.612500190734863;13.612500190734863;13.600000381469728;13.600000381469728;952.0;2020-07-10 10:30:00-04:00
13.600000381469728;13.600000381469728;13.600000381469728;13.600000381469728;300.0;2020-07-10 12:30:00-04:00
13.59000015258789;13.619999885559082;13.59000015258789;13.619999885559082;6596.0;2020-07-10 13:30:00-04:00
13.60919952392578;13.630000114440918;13.60919952392578;13.619999885559082;6219.0;2020-07-10 14:30:00-04:00
13.630000114440918;13.630000114440918;13.630000114440918;13.630000114440918;700.0;2020-07-10 15:30:00-04:00
13.630000114440918;13.630000114440918;13.59000015258789;13.59000015258789;6873.0;2020-07-13 09:30:00-04:00
13.607399940490724;13.619999885559082;13.600000381469728;13.600000381469728;5369.0;2020-07-13 10:30:00-04:00
13.608099937438965;13.61989974975586;13.607500076293944;13.607500076293944;1815.0;2020-07-13 11:30:00-04:00
13.619799613952637;13.619999885559082;13.59000015258789;13.609999656677246;10683.0;2020-07-13 12:30:00-04:00
13.609999656677246;13.609999656677246;13.600000381469728;13.60990047454834;3162.0;2020-07-13 13:30:00-04:00
13.609999656677246;13.619999885559082;13.595000267028809;13.595000267028809;5512.0;2020-07-13 14:30:00-04:00
13.590100288391112;13.609999656677246;13.590100288391112;13.600000381469728;2891.0;2020-07-13 15:30:00-04:00
13.600000381469728;13.600000381469728;13.59000015258789;13.59000015258789;0.0;2020-07-14 09:30:00-04:00
13.59000015258789;13.619999885559082;13.56999969482422;13.56999969482422;18413.0;2020-07-14 10:30:00-04:00
13.5600004196167;13.5600004196167;13.529999732971191;13.539999961853027;2748.0;2020-07-14 11:30:00-04:00
13.539999961853027;13.539999961853027;13.530099868774414;13.530099868774414;200.0;2020-07-14 12:30:00-04:00
13.538999557495115;13.539999961853027;13.536299705505373;13.539999961853027;2579.0;2020-07-14 13:30:00-04:00
13.539999961853027;13.554100036621094;13.529999732971191;13.550000190734863;5669.0;2020-07-14 14:30:00-04:00
13.539999961853027;13.54010009765625;13.529999732971191;13.529999732971191;0.0;2020-07-14 15:30:00-04:00
13.479999542236328;13.550000190734863;13.479999542236328;13.510000228881836;12423.0;2020-07-15 09:30:00-04:00
13.520000457763672;13.529999732971191;13.520000457763672;13.525500297546388;710.0;2020-07-15 10:30:00-04:00
13.529999732971191;13.529999732971191;13.520000457763672;13.520999908447266;2424.0;2020-07-15 11:30:00-04:00
13.521100044250488;13.529199600219728;13.510000228881836;13.510000228881836;5743.0;2020-07-15 12:30:00-04:00
13.515000343322754;13.529999732971191;13.515000343322754;13.529999732971191;2600.0;2020-07-15 13:30:00-04:00
13.520000457763672;13.539999961853027;13.520000457763672;13.529999732971191;2509.0;2020-07-15 14:30:00-04:00
13.548999786376951;13.548999786376951;13.520000457763672;13.529999732971191;5078.0;2020-07-15 15:30:00-04:00
13.489999771118164;13.539999961853027;13.489999771118164;13.529999732971191;0.0;2020-07-16 09:30:00-04:00
13.529999732971191;13.550000190734863;13.524999618530272;13.550000190734863;13808.0;2020-07-16 10:30:00-04:00
13.548800468444824;13.550000190734863;13.548800468444824;13.550000190734863;850.0;2020-07-16 11:30:00-04:00
13.559000015258787;13.559000015258787;13.559000015258787;13.559000015258787;750.0;2020-07-16 12:30:00-04:00
13.5600004196167;13.5600004196167;13.55500030517578;13.55500030517578;726.0;2020-07-16 13:30:00-04:00
13.55500030517578;13.559499740600586;13.539999961853027;13.542400360107422;5716.0;2020-07-16 14:30:00-04:00
13.529999732971191;13.529999732971191;13.520000457763672;13.520000457763672;2328.0;2020-07-16 15:30:00-04:00
13.479999542236328;13.479999542236328;13.479999542236328;13.479999542236328;0.0;2020-07-17 09:30:00-04:00
13.522100448608398;13.604999542236328;13.522100448608398;13.574999809265137;12924.0;2020-07-17 10:30:00-04:00
13.59000015258789;13.600000381469728;13.59000015258789;13.59000015258789;1305.0;2020-07-17 12:30:00-04:00
13.600000381469728;13.600000381469728;13.600000381469728;13.600000381469728;500.0;2020-07-17 13:30:00-04:00
13.600000381469728;13.609999656677246;13.600000381469728;13.604999542236328;2200.0;2020-07-17 14:30:00-04:00
13.604999542236328;13.630000114440918;13.59000015258789;13.630000114440918;13424.0;2020-07-17 15:30:00-04:00
13.6899995803833;13.6899995803833;13.609100341796877;13.649999618530272;0.0;2020-07-20 09:30:00-04:00
13.63249969482422;13.649999618530272;13.600000381469728;13.600000381469728;2914.0;2020-07-20 10:30:00-04:00
13.600000381469728;13.600000381469728;13.59220027923584;13.600000381469728;6988.0;2020-07-20 11:30:00-04:00
13.600000381469728;13.600000381469728;13.590100288391112;13.600000381469728;3091.0;2020-07-20 12:30:00-04:00
13.594300270080566;13.600000381469728;13.594300270080566;13.600000381469728;3245.0;2020-07-20 13:30:00-04:00
13.630000114440918;13.710000038146973;13.630000114440918;13.710000038146973;8851.0;2020-07-20 14:30:00-04:00
13.704999923706056;13.710000038146973;13.699999809265137;13.710000038146973;4133.0;2020-07-20 15:30:00-04:00
13.729999542236328;13.729999542236328;13.699999809265137;13.699999809265137;10579.0;2020-07-21 09:30:00-04:00
13.6850004196167;13.686800003051758;13.670000076293944;13.68000030517578;2100.0;2020-07-21 11:30:00-04:00
13.68000030517578;13.6850004196167;13.630000114440918;13.630000114440918;6952.0;2020-07-21 12:30:00-04:00
13.640000343322754;13.651200294494627;13.639900207519531;13.649999618530272;6260.0;2020-07-21 13:30:00-04:00
13.670000076293944;13.670100212097168;13.649999618530272;13.649999618530272;3836.0;2020-07-21 14:30:00-04:00
13.65999984741211;13.65999984741211;13.649999618530272;13.649999618530272;290.0;2020-07-21 15:30:00-04:00
13.65999984741211;13.68000030517578;13.65999984741211;13.68000030517578;0.0;2020-07-22 09:30:00-04:00
13.65999984741211;13.68000030517578;13.65999984741211;13.65999984741211;5267.0;2020-07-22 10:30:00-04:00
13.670000076293944;13.687899589538574;13.670000076293944;13.687899589538574;1155.0;2020-07-22 11:30:00-04:00
13.6899995803833;13.699999809265137;13.68000030517578;13.68000030517578;3188.0;2020-07-22 12:30:00-04:00
13.6850004196167;13.696999549865724;13.6850004196167;13.690099716186523;10611.0;2020-07-22 13:30:00-04:00
13.699899673461914;13.720000267028809;13.699899673461914;13.70009994506836;6100.0;2020-07-22 14:30:00-04:00
13.68000030517578;13.68000030517578;13.68000030517578;13.68000030517578;138.0;2020-07-22 15:30:00-04:00
13.699999809265137;13.720000267028809;13.687000274658203;13.718999862670898;0.0;2020-07-23 09:30:00-04:00
13.729999542236328;13.729999542236328;13.720000267028809;13.720000267028809;2812.0;2020-07-23 10:30:00-04:00
13.710000038146973;13.729999542236328;13.710000038146973;13.729999542236328;7329.0;2020-07-23 11:30:00-04:00
13.729999542236328;13.739999771118164;13.729999542236328;13.739999771118164;1839.0;2020-07-23 12:30:00-04:00
13.744999885559082;13.744999885559082;13.744999885559082;13.744999885559082;115.0;2020-07-23 13:30:00-04:00
13.744999885559082;13.75;13.739999771118164;13.739999771118164;6312.0;2020-07-23 14:30:00-04:00
13.755000114440918;13.760000228881836;13.755000114440918;13.760000228881836;627.0;2020-07-23 15:30:00-04:00
13.829999923706056;13.829999923706056;13.75;13.770000457763672;0.0;2020-07-24 09:30:00-04:00
13.760000228881836;13.770000457763672;13.760000228881836;13.770000457763672;465.0;2020-07-24 10:30:00-04:00
13.760000228881836;13.818900108337402;13.760000228881836;13.818900108337402;5659.0;2020-07-24 11:30:00-04:00
13.8100004196167;13.8149995803833;13.8100004196167;13.8149995803833;300.0;2020-07-24 12:30:00-04:00
13.8149995803833;13.81999969482422;13.814200401306152;13.8149995803833;4841.0;2020-07-24 13:30:00-04:00
13.8149995803833;13.81999969482422;13.8149995803833;13.8149995803833;2220.0;2020-07-24 14:30:00-04:00
13.81999969482422;13.81999969482422;13.81999969482422;13.81999969482422;239.0;2020-07-24 15:30:00-04:00
13.8100004196167;13.862500190734863;13.8100004196167;13.862500190734863;0.0;2020-07-27 09:30:00-04:00
13.8100004196167;13.84000015258789;13.8100004196167;13.84000015258789;1395.0;2020-07-27 10:30:00-04:00
13.823699951171877;13.823699951171877;13.823699951171877;13.823699951171877;345.0;2020-07-27 11:30:00-04:00
13.84000015258789;13.899999618530272;13.84000015258789;13.843999862670898;7859.0;2020-07-27 13:30:00-04:00
13.859100341796877;13.859100341796877;13.850000381469728;13.850000381469728;396.0;2020-07-27 14:30:00-04:00
13.850000381469728;13.857500076293944;13.84000015258789;13.84000015258789;1482.0;2020-07-27 15:30:00-04:00
13.90999984741211;13.93000030517578;13.890000343322754;13.899999618530272;0.0;2020-07-28 09:30:00-04:00
13.90999984741211;13.90999984741211;13.885000228881836;13.890000343322754;3005.0;2020-07-28 10:30:00-04:00
13.886199951171877;13.886699676513672;13.886199951171877;13.886699676513672;2205.0;2020-07-28 13:30:00-04:00
13.890000343322754;13.90999984741211;13.890000343322754;13.90999984741211;12340.0;2020-07-28 14:30:00-04:00
13.89009952545166;13.899999618530272;13.880000114440918;13.899999618530272;4660.0;2020-07-28 15:30:00-04:00
13.970000267028809;13.970000267028809;13.949999809265137;13.949999809265137;0.0;2020-07-29 09:30:00-04:00
13.949999809265137;13.960000038146973;13.949999809265137;13.958999633789062;4100.0;2020-07-29 10:30:00-04:00
13.949999809265137;13.979999542236328;13.949799537658691;13.979999542236328;12632.0;2020-07-29 11:30:00-04:00
13.956299781799316;13.98989963531494;13.956299781799316;13.969900131225586;1946.0;2020-07-29 12:30:00-04:00
13.979999542236328;14.06999969482422;13.970000267028809;14.010000228881836;12101.0;2020-07-29 13:30:00-04:00
14.015000343322754;14.039999961853027;13.989999771118164;14.0;2980.0;2020-07-29 14:30:00-04:00
13.989999771118164;13.989999771118164;13.970000267028809;13.984999656677246;3275.0;2020-07-29 15:30:00-04:00
14.020000457763672;14.116000175476074;14.0;14.0;0.0;2020-07-30 09:30:00-04:00
14.017900466918944;14.017900466918944;13.989999771118164;14.017900466918944;996.0;2020-07-30 10:30:00-04:00
14.010000228881836;14.05780029296875;14.0;14.042099952697754;3700.0;2020-07-30 11:30:00-04:00
14.050000190734863;14.050000190734863;14.042699813842772;14.050000190734863;1700.0;2020-07-30 12:30:00-04:00
14.050000190734863;14.050000190734863;14.050000190734863;14.050000190734863;547.0;2020-07-30 13:30:00-04:00
14.058600425720217;14.06999969482422;14.039999961853027;14.039999961853027;2704.0;2020-07-30 14:30:00-04:00
14.053899765014648;14.079999923706056;14.050000190734863;14.079999923706056;4910.0;2020-07-30 15:30:00-04:00
14.140000343322754;14.145000457763672;14.109999656677246;14.119999885559082;0.0;2020-07-31 09:30:00-04:00
14.130000114440918;14.130000114440918;14.130000114440918;14.130000114440918;200.0;2020-07-31 10:30:00-04:00
14.137200355529783;14.14900016784668;14.122200012207031;14.130000114440918;5506.0;2020-07-31 11:30:00-04:00
14.119999885559082;14.119999885559082;14.109999656677246;14.109999656677246;1319.0;2020-07-31 12:30:00-04:00
14.119999885559082;14.149999618530272;14.119999885559082;14.130000114440918;7012.0;2020-07-31 13:30:00-04:00
14.140000343322754;14.149999618530272;14.130000114440918;14.130000114440918;1997.0;2020-07-31 14:30:00-04:00
14.130000114440918;14.18000030517578;14.119999885559082;14.149999618530272;0.0;2020-07-31 15:30:00-04:00
14.210000038146973;14.210000038146973;14.119999885559082;14.187000274658203;10908.0;2020-08-03 09:30:00-04:00
14.1899995803833;14.1899995803833;14.149999618530272;14.170000076293944;8485.0;2020-08-03 10:30:00-04:00
14.170000076293944;14.18000030517578;14.170000076293944;14.170000076293944;3462.0;2020-08-03 11:30:00-04:00
14.170000076293944;14.199999809265137;14.170000076293944;14.199999809265137;3731.0;2020-08-03 12:30:00-04:00
14.199999809265137;14.210000038146973;14.199999809265137;14.210000038146973;925.0;2020-08-03 13:30:00-04:00
14.1899995803833;14.190099716186523;14.130000114440918;14.140000343322754;9074.0;2020-08-03 14:30:00-04:00
14.153400421142578;14.153400421142578;14.09000015258789;14.130000114440918;30486.0;2020-08-03 15:30:00-04:00
14.109999656677246;14.135600090026855;14.100000381469728;14.128999710083008;0.0;2020-08-04 09:30:00-04:00
14.100000381469728;14.125;14.100000381469728;14.119999885559082;7423.0;2020-08-04 10:30:00-04:00
14.109999656677246;14.109999656677246;14.109999656677246;14.109999656677246;1610.0;2020-08-04 11:30:00-04:00
14.100000381469728;14.100000381469728;14.100000381469728;14.100000381469728;153.0;2020-08-04 12:30:00-04:00
14.100000381469728;14.100000381469728;14.100000381469728;14.100000381469728;152.0;2020-08-04 13:30:00-04:00
14.109999656677246;14.130000114440918;14.109999656677246;14.109999656677246;3962.0;2020-08-04 14:30:00-04:00
14.125;14.125;14.109999656677246;14.109999656677246;2024.0;2020-08-04 15:30:00-04:00
14.119999885559082;14.119999885559082;14.109999656677246;14.109999656677246;0.0;2020-08-05 09:30:00-04:00
14.119999885559082;14.130000114440918;14.109999656677246;14.109999656677246;6190.0;2020-08-05 10:30:00-04:00
14.100000381469728;14.109999656677246;14.100000381469728;14.100000381469728;2547.0;2020-08-05 11:30:00-04:00
14.119999885559082;14.119999885559082;14.100000381469728;14.100000381469728;3396.0;2020-08-05 12:30:00-04:00
14.100000381469728;14.109999656677246;14.100000381469728;14.104999542236328;6185.0;2020-08-05 13:30:00-04:00
14.10890007019043;14.114999771118164;14.100000381469728;14.109999656677246;5100.0;2020-08-05 14:30:00-04:00
14.109999656677246;14.109999656677246;14.100000381469728;14.109999656677246;3000.0;2020-08-05 15:30:00-04:00
14.100000381469728;14.11989974975586;14.100000381469728;14.109999656677246;0.0;2020-08-06 09:30:00-04:00
14.109999656677246;14.136099815368652;14.100000381469728;14.100000381469728;3513.0;2020-08-06 10:30:00-04:00
14.119999885559082;14.119999885559082;14.100000381469728;14.100000381469728;588.0;2020-08-06 12:30:00-04:00
14.104999542236328;14.125;14.100000381469728;14.119999885559082;3043.0;2020-08-06 13:30:00-04:00
14.119999885559082;14.119999885559082;14.119999885559082;14.119999885559082;150.0;2020-08-06 14:30:00-04:00
14.119999885559082;14.170000076293944;14.109999656677246;14.109999656677246;11315.0;2020-08-06 15:30:00-04:00
14.140000343322754;14.170000076293944;14.140000343322754;14.140000343322754;0.0;2020-08-07 09:30:00-04:00
14.140000343322754;14.170000076293944;14.140000343322754;14.170000076293944;1261.0;2020-08-07 10:30:00-04:00
14.133500099182127;14.133500099182127;14.130000114440918;14.130000114440918;830.0;2020-08-07 11:30:00-04:00
14.149999618530272;14.170000076293944;14.140000343322754;14.149999618530272;5216.0;2020-08-07 12:30:00-04:00
14.154999732971191;14.154999732971191;14.151100158691406;14.151100158691406;1199.0;2020-08-07 13:30:00-04:00
14.149999618530272;14.159000396728516;14.140000343322754;14.140999794006348;2415.0;2020-08-07 14:30:00-04:00
14.119999885559082;14.119999885559082;14.119999885559082;14.119999885559082;308.0;2020-08-07 15:30:00-04:00
14.170000076293944;14.170000076293944;14.130000114440918;14.149999618530272;0.0;2020-08-10 09:30:00-04:00
14.140399932861328;14.140399932861328;14.140399932861328;14.140399932861328;266.0;2020-08-10 10:30:00-04:00
14.130000114440918;14.145600318908691;14.130000114440918;14.145600318908691;758.0;2020-08-10 11:30:00-04:00
14.136699676513672;14.170000076293944;14.131199836730955;14.149999618530272;8989.0;2020-08-10 12:30:00-04:00
14.170000076293944;14.170000076293944;14.140000343322754;14.150099754333496;8149.0;2020-08-10 13:30:00-04:00
14.130000114440918;14.149999618530272;14.130000114440918;14.149999618530272;9246.0;2020-08-10 14:30:00-04:00
14.140000343322754;14.15999984741211;14.130000114440918;14.130000114440918;15029.0;2020-08-10 15:30:00-04:00
14.170000076293944;14.170000076293944;14.140000343322754;14.140000343322754;0.0;2020-08-11 09:30:00-04:00
14.149999618530272;14.1899995803833;14.149999618530272;14.170000076293944;13519.0;2020-08-11 10:30:00-04:00
14.167400360107422;14.274999618530272;14.167400360107422;14.25;7325.0;2020-08-11 11:30:00-04:00
14.274999618530272;14.390000343322754;14.274999618530272;14.380000114440918;16523.0;2020-08-11 12:30:00-04:00
14.380000114440918;14.380000114440918;14.369999885559082;14.369999885559082;5016.0;2020-08-11 13:30:00-04:00
14.34000015258789;14.34000015258789;14.300000190734863;14.300000190734863;2438.0;2020-08-11 14:30:00-04:00
14.289999961853027;14.3100004196167;14.199999809265137;14.199999809265137;3725.0;2020-08-11 15:30:00-04:00
14.279999732971191;14.288999557495115;14.199999809265137;14.199999809265137;0.0;2020-08-12 09:30:00-04:00
14.199999809265137;14.201000213623049;14.18000030517578;14.18000030517578;4262.0;2020-08-12 10:30:00-04:00
14.18000030517578;14.18000030517578;14.18000030517578;14.18000030517578;1161.0;2020-08-12 11:30:00-04:00
14.1899995803833;14.1899995803833;14.189000129699709;14.1899995803833;1752.0;2020-08-12 12:30:00-04:00
14.199999809265137;14.199999809265137;14.199999809265137;14.199999809265137;310.0;2020-08-12 14:30:00-04:00
14.19499969482422;14.204999923706056;14.1899995803833;14.1899995803833;405.0;2020-08-12 15:30:00-04:00
14.170000076293944;14.229999542236328;14.170000076293944;14.204999923706056;0.0;2020-08-13 09:30:00-04:00
14.1899995803833;14.1899995803833;14.1899995803833;14.1899995803833;1253.0;2020-08-13 10:30:00-04:00
14.170000076293944;14.170000076293944;14.149999618530272;14.15999984741211;600.0;2020-08-13 11:30:00-04:00
14.14900016784668;14.15999984741211;14.050000190734863;14.0649995803833;11444.0;2020-08-13 13:30:00-04:00
14.060099601745604;14.114999771118164;14.0600004196167;14.10770034790039;8636.0;2020-08-13 14:30:00-04:00
14.109999656677246;14.109999656677246;14.100000381469728;14.100000381469728;702.0;2020-08-13 15:30:00-04:00
14.130000114440918;14.130000114440918;14.0600004196167;14.0600004196167;0.0;2020-08-14 09:30:00-04:00
14.0600004196167;14.079999923706056;14.0600004196167;14.06999969482422;1767.0;2020-08-14 10:30:00-04:00
14.06999969482422;14.079999923706056;14.0600004196167;14.0600004196167;5547.0;2020-08-14 11:30:00-04:00
14.0600004196167;14.069899559020996;14.050000190734863;14.050000190734863;10153.0;2020-08-14 12:30:00-04:00
14.050000190734863;14.050000190734863;14.050000190734863;14.050000190734863;800.0;2020-08-14 13:30:00-04:00
14.050000190734863;14.09000015258789;14.050000190734863;14.0600004196167;6809.0;2020-08-14 14:30:00-04:00
14.0600004196167;14.06999969482422;14.050000190734863;14.0600004196167;2853.0;2020-08-14 15:30:00-04:00
14.05500030517578;14.074999809265137;14.05500030517578;14.074999809265137;0.0;2020-08-17 09:30:00-04:00
14.074999809265137;14.074999809265137;14.0600004196167;14.0600004196167;2784.0;2020-08-17 10:30:00-04:00
14.0600004196167;14.079999923706056;14.0600004196167;14.06999969482422;5388.0;2020-08-17 11:30:00-04:00
14.0600004196167;14.170000076293944;14.050000190734863;14.10200023651123;25683.0;2020-08-17 12:30:00-04:00
14.09000015258789;14.300000190734863;14.09000015258789;14.170000076293944;37158.0;2020-08-17 13:30:00-04:00
14.15999984741211;14.164999961853027;14.15999984741211;14.161999702453612;1568.0;2020-08-17 14:30:00-04:00
14.15999984741211;14.25;14.15999984741211;14.220000267028809;11864.0;2020-08-17 15:30:00-04:00
14.119999885559082;14.15999984741211;14.079999923706056;14.079999923706056;0.0;2020-08-18 09:30:00-04:00
14.081100463867188;14.081100463867188;13.994999885559082;14.0;32688.0;2020-08-18 10:30:00-04:00
13.996700286865234;13.997300148010254;13.920000076293944;13.93000030517578;31955.0;2020-08-18 11:30:00-04:00
13.93000030517578;13.989999771118164;13.93000030517578;13.979999542236328;6200.0;2020-08-18 12:30:00-04:00
13.979999542236328;14.0;13.960000038146973;13.973999977111816;10697.0;2020-08-18 13:30:00-04:00
13.960000038146973;14.029999732971191;13.960000038146973;13.960000038146973;15180.0;2020-08-18 14:30:00-04:00
13.960000038146973;14.020000457763672;13.960000038146973;13.970000267028809;15337.0;2020-08-18 15:30:00-04:00
14.020000457763672;14.020000457763672;14.005000114440918;14.005000114440918;0.0;2020-08-19 09:30:00-04:00
14.020000457763672;14.119999885559082;14.010000228881836;14.010000228881836;14322.0;2020-08-19 10:30:00-04:00
14.010000228881836;14.039999961853027;14.0;14.039999961853027;13913.0;2020-08-19 11:30:00-04:00
14.010000228881836;14.010000228881836;14.0;14.0;857.0;2020-08-19 12:30:00-04:00
14.015600204467772;14.020000457763672;13.970000267028809;14.020000457763672;9510.0;2020-08-19 13:30:00-04:00
13.989999771118164;14.010000228881836;13.960000038146973;13.970000267028809;4860.0;2020-08-19 14:30:00-04:00
13.960000038146973;13.960000038146973;13.90999984741211;13.90999984741211;3805.0;2020-08-19 15:30:00-04:00
14.010000228881836;14.029999732971191;13.989999771118164;14.0;0.0;2020-08-20 09:30:00-04:00
14.010000228881836;14.010000228881836;13.989999771118164;13.994999885559082;2916.0;2020-08-20 10:30:00-04:00
13.989999771118164;13.989999771118164;13.920000076293944;13.920000076293944;1216.0;2020-08-20 11:30:00-04:00
13.920000076293944;13.949999809265137;13.90999984741211;13.90999984741211;2193.0;2020-08-20 12:30:00-04:00
13.90999984741211;13.90999984741211;13.90999984741211;13.90999984741211;708.0;2020-08-20 13:30:00-04:00
13.90999984741211;13.90999984741211;13.890000343322754;13.890000343322754;7095.0;2020-08-20 14:30:00-04:00
13.89430046081543;13.89430046081543;13.869999885559082;13.869999885559082;2561.0;2020-08-20 15:30:00-04:00
13.9399995803833;14.010000228881836;13.859999656677246;13.960000038146973;0.0;2020-08-21 09:30:00-04:00
13.93000030517578;14.0600004196167;13.93000030517578;14.010000228881836;20642.0;2020-08-21 10:30:00-04:00
14.010000228881836;14.010000228881836;13.970000267028809;13.970000267028809;1603.0;2020-08-21 11:30:00-04:00
13.970000267028809;14.029999732971191;13.970000267028809;13.979999542236328;9531.0;2020-08-21 12:30:00-04:00
13.984999656677246;14.0;13.970000267028809;13.970000267028809;1000.0;2020-08-21 13:30:00-04:00
13.970000267028809;13.970000267028809;13.93000030517578;13.93000030517578;9177.0;2020-08-21 14:30:00-04:00
13.93000030517578;13.949999809265137;13.920000076293944;13.93000030517578;2480.0;2020-08-21 15:30:00-04:00
13.989999771118164;13.989999771118164;13.920000076293944;13.93000030517578;0.0;2020-08-24 09:30:00-04:00
13.920000076293944;13.9399995803833;13.920000076293944;13.939900398254396;1428.0;2020-08-24 10:30:00-04:00
13.920000076293944;13.93000030517578;13.920000076293944;13.93000030517578;565.0;2020-08-24 11:30:00-04:00
13.925000190734863;13.925000190734863;13.90999984741211;13.90999984741211;1051.0;2020-08-24 12:30:00-04:00
13.899999618530272;13.914999961853027;13.899999618530272;13.914999961853027;355.0;2020-08-24 13:30:00-04:00
13.916299819946287;13.93000030517578;13.899999618530272;13.914999961853027;1947.0;2020-08-24 14:30:00-04:00
13.914999961853027;13.960000038146973;13.914999961853027;13.960000038146973;6616.0;2020-08-24 15:30:00-04:00
13.859999656677246;13.93000030517578;13.859999656677246;13.914999961853027;6976.0;2020-08-25 09:30:00-04:00
13.899999618530272;13.920000076293944;13.859999656677246;13.899999618530272;8471.0;2020-08-25 10:30:00-04:00
13.890000343322754;13.890000343322754;13.890000343322754;13.890000343322754;778.0;2020-08-25 11:30:00-04:00
13.925999641418455;13.925999641418455;13.920000076293944;13.920000076293944;1853.0;2020-08-25 12:30:00-04:00
13.92590045928955;13.92590045928955;13.90999984741211;13.90999984741211;2000.0;2020-08-25 13:30:00-04:00
13.93000030517578;13.9399995803833;13.93000030517578;13.9399995803833;6149.0;2020-08-25 14:30:00-04:00
13.949999809265137;13.989999771118164;13.93000030517578;13.989999771118164;1544.0;2020-08-25 15:30:00-04:00
13.960000038146973;14.0;13.958100318908691;13.958100318908691;0.0;2020-08-26 09:30:00-04:00
13.949999809265137;13.970000267028809;13.941900253295898;13.956100463867188;2792.0;2020-08-26 10:30:00-04:00
13.970000267028809;14.0;13.960000038146973;14.0;4905.0;2020-08-26 11:30:00-04:00
13.984999656677246;14.0;13.984999656677246;14.0;5400.0;2020-08-26 12:30:00-04:00
14.010000228881836;14.020000457763672;14.0;14.010000228881836;7674.0;2020-08-26 13:30:00-04:00
14.015399932861328;14.020000457763672;14.010000228881836;14.020000457763672;2882.0;2020-08-26 14:30:00-04:00
14.020000457763672;14.020000457763672;14.020000457763672;14.020000457763672;1791.0;2020-08-26 15:30:00-04:00
14.0;14.0;13.9399995803833;13.975000381469728;0.0;2020-08-27 09:30:00-04:00
13.975000381469728;13.975000381469728;13.96500015258789;13.96500015258789;4743.0;2020-08-27 10:30:00-04:00
13.96500015258789;13.970000267028809;13.920000076293944;13.970000267028809;4831.0;2020-08-27 11:30:00-04:00
13.970000267028809;13.979999542236328;13.90999984741211;13.929499626159668;12512.0;2020-08-27 12:30:00-04:00
13.949999809265137;13.970000267028809;13.94950008392334;13.949999809265137;2150.0;2020-08-27 13:30:00-04:00
13.9399995803833;13.9399995803833;13.9399995803833;13.9399995803833;405.0;2020-08-27 14:30:00-04:00
13.9399995803833;13.9399995803833;13.93000030517578;13.93000030517578;1180.0;2020-08-27 15:30:00-04:00
14.020000457763672;14.050000190734863;13.960000038146973;14.010000228881836;0.0;2020-08-28 09:30:00-04:00
14.020000457763672;14.03499984741211;14.010000228881836;14.03499984741211;4925.0;2020-08-28 10:30:00-04:00
14.039999961853027;14.039999961853027;14.020000457763672;14.020000457763672;4471.0;2020-08-28 11:30:00-04:00
14.020000457763672;14.029999732971191;14.020000457763672;14.020099639892578;1222.0;2020-08-28 12:30:00-04:00
14.027000427246094;14.02750015258789;14.008999824523926;14.008999824523926;3239.0;2020-08-28 13:30:00-04:00
14.007399559020996;14.007399559020996;14.0;14.0;924.0;2020-08-28 14:30:00-04:00
13.989999771118164;14.010000228881836;13.989999771118164;14.010000228881836;2024.0;2020-08-28 15:30:00-04:00
14.020000457763672;14.020000457763672;13.970000267028809;14.015000343322754;0.0;2020-08-31 09:30:00-04:00
14.015000343322754;14.015000343322754;13.989999771118164;13.989999771118164;4197.0;2020-08-31 10:30:00-04:00
13.989999771118164;14.020000457763672;13.979999542236328;13.979999542236328;6820.0;2020-08-31 11:30:00-04:00
14.005900382995604;14.005900382995604;13.979999542236328;13.98009967803955;838.0;2020-08-31 12:30:00-04:00
13.979999542236328;13.984999656677246;13.93000030517578;13.93000030517578;8388.0;2020-08-31 13:30:00-04:00
13.949999809265137;13.979999542236328;13.9399995803833;13.9399995803833;6455.0;2020-08-31 14:30:00-04:00
13.960000038146973;13.960000038146973;13.640000343322754;13.649999618530272;0.0;2020-08-31 15:30:00-04:00
13.869999885559082;13.869999885559082;13.779999732971191;13.838899612426758;19206.0;2020-09-01 09:30:00-04:00
13.81999969482422;13.81999969482422;13.779999732971191;13.81999969482422;1919.0;2020-09-01 10:30:00-04:00
13.779999732971191;13.789999961853027;13.720000267028809;13.720000267028809;2865.0;2020-09-01 11:30:00-04:00
13.720000267028809;13.760000228881836;13.720000267028809;13.739999771118164;3744.0;2020-09-01 12:30:00-04:00
13.75;13.75;13.720000267028809;13.739999771118164;1112.0;2020-09-01 13:30:00-04:00
13.739999771118164;13.755000114440918;13.71500015258789;13.729999542236328;2206.0;2020-09-01 14:30:00-04:00
13.729999542236328;13.770000457763672;13.729999542236328;13.75;5209.0;2020-09-01 15:30:00-04:00
13.75;13.829999923706056;13.75;13.795000076293944;0.0;2020-09-02 09:30:00-04:00
13.81369972229004;13.81369972229004;13.813400268554688;13.813400268554688;737.0;2020-09-02 10:30:00-04:00
13.795000076293944;13.829999923706056;13.78499984741211;13.817700386047363;7286.0;2020-09-02 11:30:00-04:00
13.815299987792969;13.815299987792969;13.800000190734863;13.800000190734863;890.0;2020-09-02 13:30:00-04:00
13.800000190734863;13.829999923706056;13.800000190734863;13.81999969482422;3585.0;2020-09-02 14:30:00-04:00
13.821499824523926;13.821499824523926;13.8100004196167;13.8100004196167;1231.0;2020-09-02 15:30:00-04:00
13.880000114440918;13.960000038146973;13.84529972076416;13.890000343322754;3616.0;2020-09-03 09:30:00-04:00
13.890000343322754;13.891900062561035;13.850000381469728;13.891900062561035;3160.0;2020-09-03 10:30:00-04:00
13.869999885559082;13.869999885559082;13.869999885559082;13.869999885559082;1202.0;2020-09-03 11:30:00-04:00
13.875;13.888999938964844;13.850000381469728;13.850000381469728;3407.0;2020-09-03 12:30:00-04:00
13.880000114440918;14.020000457763672;13.880000114440918;14.020000457763672;12953.0;2020-09-03 13:30:00-04:00
14.024999618530272;14.15999984741211;13.949999809265137;14.039999961853027;22997.0;2020-09-03 14:30:00-04:00
14.020000457763672;14.029999732971191;14.010000228881836;14.010000228881836;2377.0;2020-09-03 15:30:00-04:00
13.869999885559082;14.0;13.869999885559082;13.899999618530272;16227.0;2020-09-04 09:30:00-04:00
13.880200386047363;13.880200386047363;13.760000228881836;13.760000228881836;2916.0;2020-09-04 10:30:00-04:00
13.760000228881836;13.770000457763672;13.729999542236328;13.729999542236328;6373.0;2020-09-04 11:30:00-04:00
13.744999885559082;13.75;13.729999542236328;13.729999542236328;7680.0;2020-09-04 12:30:00-04:00
13.739999771118164;13.776200294494627;13.739999771118164;13.774999618530272;2636.0;2020-09-04 13:30:00-04:00
13.760000228881836;13.773099899291992;13.729999542236328;13.729999542236328;6400.0;2020-09-04 14:30:00-04:00
13.73960018157959;13.74269962310791;13.730899810791016;13.739999771118164;7365.0;2020-09-04 15:30:00-04:00
13.649999618530272;13.649999618530272;13.609999656677246;13.649999618530272;28818.0;2020-09-08 09:30:00-04:00
13.710000038146973;13.710000038146973;13.68000030517578;13.6899995803833;3964.0;2020-09-08 10:30:00-04:00
13.719799995422363;13.720000267028809;13.699999809265137;13.707200050354004;3755.0;2020-09-08 11:30:00-04:00
13.710000038146973;13.710000038146973;13.699999809265137;13.699999809265137;319.0;2020-09-08 12:30:00-04:00
13.710000038146973;13.710000038146973;13.699999809265137;13.699999809265137;1931.0;2020-09-08 13:30:00-04:00
13.720000267028809;13.770000457763672;13.649999618530272;13.649999618530272;33323.0;2020-09-08 14:30:00-04:00
13.70989990234375;13.710000038146973;13.670000076293944;13.710000038146973;4391.0;2020-09-08 15:30:00-04:00
13.6899995803833;13.744999885559082;13.6899995803833;13.744999885559082;2804.0;2020-09-09 09:30:00-04:00
13.737899780273438;13.960000038146973;13.737899780273438;13.960000038146973;7846.0;2020-09-09 10:30:00-04:00
13.970000267028809;13.970000267028809;13.87600040435791;13.87600040435791;5493.0;2020-09-09 11:30:00-04:00
13.869999885559082;13.872699737548828;13.869999885559082;13.870699882507324;900.0;2020-09-09 12:30:00-04:00
13.899999618530272;13.94499969482422;13.88949966430664;13.920000076293944;2212.0;2020-09-09 13:30:00-04:00
13.920000076293944;13.922100067138672;13.869999885559082;13.880000114440918;4286.0;2020-09-09 14:30:00-04:00
13.864999771118164;13.864999771118164;13.770000457763672;13.800000190734863;6406.0;2020-09-09 15:30:00-04:00
13.800000190734863;14.039999961853027;13.800000190734863;13.93000030517578;0.0;2020-09-10 09:30:00-04:00
13.93000030517578;13.932000160217283;13.870800018310549;13.885000228881836;6154.0;2020-09-10 10:30:00-04:00
13.864999771118164;13.869999885559082;13.8100004196167;13.822400093078612;12240.0;2020-09-10 11:30:00-04:00
13.789999961853027;13.80270004272461;13.760000228881836;13.768600463867188;7824.0;2020-09-10 12:30:00-04:00
13.760000228881836;13.767000198364258;13.739999771118164;13.765000343322754;15314.0;2020-09-10 13:30:00-04:00
13.779999732971191;13.789899826049805;13.779999732971191;13.789899826049805;2770.0;2020-09-10 14:30:00-04:00
13.770000457763672;13.770000457763672;13.770000457763672;13.770000457763672;568.0;2020-09-10 15:30:00-04:00
13.869999885559082;13.920000076293944;13.815199851989746;13.815199851989746;0.0;2020-09-11 09:30:00-04:00
13.824999809265137;13.824999809265137;13.824999809265137;13.824999809265137;2047.0;2020-09-11 10:30:00-04:00
13.834099769592283;13.834099769592283;13.770000457763672;13.770099639892578;8976.0;2020-09-11 11:30:00-04:00
13.76099967956543;13.770000457763672;13.75;13.75;596.0;2020-09-11 12:30:00-04:00
13.760000228881836;13.770000457763672;13.75570011138916;13.75570011138916;1063.0;2020-09-11 13:30:00-04:00
13.760000228881836;13.760000228881836;13.75;13.760000228881836;3135.0;2020-09-11 14:30:00-04:00
13.75;13.75;13.75;13.75;130.0;2020-09-11 15:30:00-04:00
13.760000228881836;13.8100004196167;13.760000228881836;13.8100004196167;16763.0;2020-09-14 09:30:00-04:00
13.831000328063965;13.831000328063965;13.829999923706056;13.829999923706056;735.0;2020-09-14 10:30:00-04:00
13.81659984588623;13.81700038909912;13.81659984588623;13.81700038909912;301.0;2020-09-14 11:30:00-04:00
13.824999809265137;13.847599983215332;13.81999969482422;13.847599983215332;5945.0;2020-09-14 12:30:00-04:00
13.829999923706056;13.829999923706056;13.829999923706056;13.829999923706056;600.0;2020-09-14 13:30:00-04:00
13.8100004196167;13.8100004196167;13.789999961853027;13.789999961853027;712.0;2020-09-14 14:30:00-04:00
13.760000228881836;13.829999923706056;13.746299743652344;13.829999923706056;3872.0;2020-09-14 15:30:00-04:00
13.829999923706056;13.829999923706056;13.8149995803833;13.81999969482422;0.0;2020-09-15 09:30:00-04:00
13.800000190734863;13.81999969482422;13.800000190734863;13.8100004196167;1200.0;2020-09-15 10:30:00-04:00
13.8149995803833;13.819899559020996;13.800200462341309;13.800999641418455;4362.0;2020-09-15 11:30:00-04:00
13.81999969482422;13.81999969482422;13.81999969482422;13.81999969482422;694.0;2020-09-15 12:30:00-04:00
13.81999969482422;13.81999969482422;13.8100004196167;13.8100004196167;1800.0;2020-09-15 13:30:00-04:00
13.810099601745604;13.829999923706056;13.810099601745604;13.829999923706056;3865.0;2020-09-15 14:30:00-04:00
13.829999923706056;13.84000015258789;13.824999809265137;13.84000015258789;3900.0;2020-09-15 15:30:00-04:00
13.779999732971191;13.84000015258789;13.779999732971191;13.81999969482422;0.0;2020-09-16 09:30:00-04:00
13.791000366210938;13.791000366210938;13.770000457763672;13.789999961853027;2847.0;2020-09-16 10:30:00-04:00
13.760000228881836;13.760000228881836;13.739999771118164;13.739999771118164;1200.0;2020-09-16 11:30:00-04:00
13.720000267028809;13.729999542236328;13.720000267028809;13.729999542236328;1100.0;2020-09-16 12:30:00-04:00
13.729900360107422;13.729999542236328;13.699999809265137;13.699999809265137;14551.0;2020-09-16 13:30:00-04:00
13.699999809265137;13.699999809265137;13.65999984741211;13.68000030517578;3264.0;2020-09-16 14:30:00-04:00
13.665499687194824;13.68000030517578;13.665399551391602;13.670000076293944;11984.0;2020-09-16 15:30:00-04:00
13.6899995803833;13.760000228881836;13.6899995803833;13.699999809265137;0.0;2020-09-17 09:30:00-04:00
13.70009994506836;13.70009994506836;13.65999984741211;13.675000190734863;6132.0;2020-09-17 10:30:00-04:00
13.675000190734863;13.675000190734863;13.65999984741211;13.670000076293944;510.0;2020-09-17 11:30:00-04:00
13.68000030517578;13.6899995803833;13.670000076293944;13.670000076293944;1725.0;2020-09-17 13:30:00-04:00
13.6899995803833;13.6899995803833;13.670000076293944;13.670000076293944;2900.0;2020-09-17 14:30:00-04:00
13.670000076293944;13.670000076293944;13.670000076293944;13.670000076293944;200.0;2020-09-17 15:30:00-04:00
13.729999542236328;13.739999771118164;13.729999542236328;13.739999771118164;0.0;2020-09-18 09:30:00-04:00
13.699999809265137;13.699999809265137;13.68000030517578;13.6899995803833;1701.0;2020-09-18 10:30:00-04:00
13.675000190734863;13.68000030517578;13.675000190734863;13.68000030517578;930.0;2020-09-18 11:30:00-04:00
13.670100212097168;13.670100212097168;13.65999984741211;13.65999984741211;1034.0;2020-09-18 12:30:00-04:00
13.68000030517578;13.68000030517578;13.68000030517578;13.68000030517578;201.0;2020-09-18 13:30:00-04:00
13.68000030517578;13.68000030517578;13.68000030517578;13.68000030517578;100.0;2020-09-18 14:30:00-04:00
13.675000190734863;13.675000190734863;13.670000076293944;13.670000076293944;400.0;2020-09-18 15:30:00-04:00
13.720000267028809;13.720000267028809;13.710000038146973;13.71500015258789;0.0;2020-09-21 09:30:00-04:00
13.71500015258789;13.71500015258789;13.699999809265137;13.710000038146973;1309.0;2020-09-21 10:30:00-04:00
13.72130012512207;13.72130012512207;13.72130012512207;13.72130012512207;1010.0;2020-09-21 11:30:00-04:00
13.710000038146973;13.720499992370604;13.65019989013672;13.6899995803833;9912.0;2020-09-21 12:30:00-04:00
13.649999618530272;13.649999618530272;13.619999885559082;13.619999885559082;3314.0;2020-09-21 13:30:00-04:00
13.619999885559082;13.68000030517578;13.579999923706056;13.630000114440918;9002.0;2020-09-21 14:30:00-04:00
13.630000114440918;13.630000114440918;13.600000381469728;13.609999656677246;5186.0;2020-09-21 15:30:00-04:00
13.68000030517578;13.68000030517578;13.630000114440918;13.640000343322754;0.0;2020-09-22 09:30:00-04:00
13.630000114440918;13.630000114440918;13.489999771118164;13.539999961853027;36308.0;2020-09-22 10:30:00-04:00
13.5600004196167;13.579899787902832;13.550999641418455;13.550999641418455;3700.0;2020-09-22 11:30:00-04:00
13.56999969482422;13.600000381469728;13.56999969482422;13.600000381469728;2000.0;2020-09-22 12:30:00-04:00
13.579999923706056;13.585000038146973;13.579999923706056;13.585000038146973;475.0;2020-09-22 13:30:00-04:00
13.579999923706056;13.59000015258789;13.579999923706056;13.59000015258789;1675.0;2020-09-22 14:30:00-04:00
13.579999923706056;13.579999923706056;13.56999969482422;13.56999969482422;1360.0;2020-09-22 15:30:00-04:00
13.619999885559082;13.619999885559082;13.578200340270996;13.583600044250488;0.0;2020-09-23 09:30:00-04:00
13.582799911499023;13.59000015258789;13.56999969482422;13.56999969482422;7301.0;2020-09-23 10:30:00-04:00
13.56999969482422;13.59000015258789;13.56999969482422;13.588000297546388;2502.0;2020-09-23 11:30:00-04:00
13.5826997756958;13.584799766540527;13.579999923706056;13.584799766540527;4000.0;2020-09-23 12:30:00-04:00
13.579999923706056;13.59000015258789;13.56999969482422;13.56999969482422;3220.0;2020-09-23 13:30:00-04:00
13.56999969482422;13.579999923706056;13.56999969482422;13.56999969482422;1150.0;2020-09-23 14:30:00-04:00
13.579999923706056;13.609999656677246;13.579999923706056;13.609999656677246;2561.0;2020-09-23 15:30:00-04:00
13.619999885559082;13.619999885559082;13.5600004196167;13.600000381469728;0.0;2020-09-24 09:30:00-04:00
13.56999969482422;13.5802001953125;13.545000076293944;13.5600004196167;6788.0;2020-09-24 10:30:00-04:00
13.55500030517578;13.5600004196167;13.55500030517578;13.5600004196167;1200.0;2020-09-24 11:30:00-04:00
13.55500030517578;13.55500030517578;13.55500030517578;13.55500030517578;2068.0;2020-09-24 12:30:00-04:00
13.550000190734863;13.550000190734863;13.539999961853027;13.539999961853027;522.0;2020-09-24 13:30:00-04:00
13.550000190734863;13.550000190734863;13.550000190734863;13.550000190734863;628.0;2020-09-24 14:30:00-04:00
13.540200233459473;13.550000190734863;13.539999961853027;13.550000190734863;944.0;2020-09-24 15:30:00-04:00
13.609999656677246;13.619999885559082;13.5600004196167;13.586000442504885;0.0;2020-09-25 09:30:00-04:00
13.59000015258789;13.779999732971191;13.59000015258789;13.74020004272461;24871.0;2020-09-25 10:30:00-04:00
13.740099906921388;13.7608003616333;13.740099906921388;13.7608003616333;1461.0;2020-09-25 11:30:00-04:00
13.739999771118164;13.7475004196167;13.710000038146973;13.710000038146973;2300.0;2020-09-25 12:30:00-04:00
13.711000442504885;13.720000267028809;13.711000442504885;13.720000267028809;2908.0;2020-09-25 13:30:00-04:00
13.699999809265137;13.699999809265137;13.696999549865724;13.696999549865724;2000.0;2020-09-25 14:30:00-04:00
13.6943998336792;13.69499969482422;13.630000114440918;13.675000190734863;14914.0;2020-09-25 15:30:00-04:00
13.68000030517578;13.68000030517578;13.65999984741211;13.65999984741211;0.0;2020-09-28 09:30:00-04:00
13.649999618530272;13.649999618530272;13.630000114440918;13.630000114440918;902.0;2020-09-28 10:30:00-04:00
13.651300430297852;13.651300430297852;13.619999885559082;13.648300170898438;8018.0;2020-09-28 11:30:00-04:00
13.619999885559082;13.649999618530272;13.619999885559082;13.64579963684082;2942.0;2020-09-28 12:30:00-04:00
13.649999618530272;13.6899995803833;13.649999618530272;13.68369960784912;2702.0;2020-09-28 13:30:00-04:00
13.65999984741211;13.68000030517578;13.640000343322754;13.649999618530272;6099.0;2020-09-28 15:30:00-04:00
13.720000267028809;13.75;13.65999984741211;13.699999809265137;0.0;2020-09-29 09:30:00-04:00
13.729999542236328;13.729999542236328;13.640000343322754;13.640000343322754;19570.0;2020-09-29 10:30:00-04:00
13.650099754333496;13.650099754333496;13.649999618530272;13.649999618530272;8206.0;2020-09-29 11:30:00-04:00
13.675000190734863;13.68000030517578;13.664999961853027;13.664999961853027;800.0;2020-09-29 12:30:00-04:00
13.670000076293944;13.684100151062012;13.670000076293944;13.684100151062012;2551.0;2020-09-29 13:30:00-04:00
13.6850004196167;13.6850004196167;13.68000030517578;13.68000030517578;410.0;2020-09-29 14:30:00-04:00
13.65999984741211;13.65999984741211;13.65999984741211;13.65999984741211;146.0;2020-09-29 15:30:00-04:00
13.720000267028809;13.720000267028809;13.640000343322754;13.68000030517578;0.0;2020-09-30 09:30:00-04:00
13.68000030517578;13.699000358581545;13.670000076293944;13.699000358581545;2463.0;2020-09-30 10:30:00-04:00
13.69499969482422;13.704099655151367;13.69499969482422;13.704099655151367;7539.0;2020-09-30 11:30:00-04:00
13.70989990234375;13.710000038146973;13.696599960327148;13.696599960327148;1174.0;2020-09-30 12:30:00-04:00
13.699999809265137;13.70479965209961;13.6899995803833;13.6899995803833;5273.0;2020-09-30 13:30:00-04:00
13.664999961853027;13.664999961853027;13.644000053405762;13.644000053405762;2791.0;2020-09-30 14:30:00-04:00
13.65999984741211;13.670000076293944;13.654999732971191;13.670000076293944;2088.0;2020-09-30 15:30:00-04:00
13.75;13.75;13.69499969482422;13.712300300598145;0.0;2020-10-01 09:30:00-04:00
13.718799591064451;13.739999771118164;13.710000038146973;13.739999771118164;6503.0;2020-10-01 10:30:00-04:00
13.704999923706056;13.75;13.704999923706056;13.720000267028809;7595.0;2020-10-01 11:30:00-04:00
13.709699630737305;13.720000267028809;13.65060043334961;13.699999809265137;12769.0;2020-10-01 12:30:00-04:00
13.670000076293944;13.670000076293944;13.640000343322754;13.660900115966797;2719.0;2020-10-01 13:30:00-04:00
13.64900016784668;13.649999618530272;13.640000343322754;13.649999618530272;2343.0;2020-10-01 15:30:00-04:00
13.68000030517578;13.68000030517578;13.550000190734863;13.673199653625488;0.0;2020-10-02 09:30:00-04:00
13.707300186157228;13.707300186157228;13.706600189208984;13.706600189208984;7260.0;2020-10-02 10:30:00-04:00
13.65999984741211;13.685400009155272;13.600000381469728;13.600000381469728;8206.0;2020-10-02 11:30:00-04:00
13.670000076293944;13.670000076293944;13.43000030517578;13.493200302124023;42905.0;2020-10-02 14:30:00-04:00
13.5;13.550000190734863;13.489999771118164;13.5;9451.0;2020-10-02 15:30:00-04:00
13.420000076293944;13.479999542236328;13.420000076293944;13.460000038146973;0.0;2020-10-05 09:30:00-04:00
13.460000038146973;13.460000038146973;13.43000030517578;13.43000030517578;4693.0;2020-10-05 10:30:00-04:00
13.4399995803833;13.449999809265137;13.43000030517578;13.4399995803833;1907.0;2020-10-05 11:30:00-04:00
13.4399995803833;13.449999809265137;13.4350004196167;13.449999809265137;3174.0;2020-10-05 12:30:00-04:00
13.462499618530272;13.462499618530272;13.449999809265137;13.458399772644045;1424.0;2020-10-05 13:30:00-04:00
13.449999809265137;13.470000267028809;13.43000030517578;13.4399995803833;10928.0;2020-10-05 14:30:00-04:00
13.448200225830078;13.449999809265137;13.43000030517578;13.449999809265137;1863.0;2020-10-05 15:30:00-04:00
13.5;13.530799865722656;13.5;13.51039981842041;0.0;2020-10-06 09:30:00-04:00
13.5;13.504400253295898;13.460000038146973;13.460000038146973;5596.0;2020-10-06 10:30:00-04:00
13.510000228881836;13.529500007629396;13.5;13.508899688720703;5575.0;2020-10-06 11:30:00-04:00
13.5;13.510899543762209;13.460000038146973;13.460000038146973;5684.0;2020-10-06 12:30:00-04:00
13.460000038146973;13.470000267028809;13.460000038146973;13.470000267028809;1556.0;2020-10-06 14:30:00-04:00
13.479999542236328;13.479999542236328;13.449999809265137;13.449999809265137;1028.0;2020-10-06 15:30:00-04:00
13.449999809265137;13.48989963531494;13.4399995803833;13.460000038146973;0.0;2020-10-07 09:30:00-04:00
13.46840000152588;13.5;13.449999809265137;13.489999771118164;6785.0;2020-10-07 10:30:00-04:00
13.5;13.520000457763672;13.499699592590332;13.511699676513672;16196.0;2020-10-07 11:30:00-04:00
13.51990032196045;13.529999732971191;13.460000038146973;13.460000038146973;15371.0;2020-10-07 12:30:00-04:00
13.510000228881836;13.510000228881836;13.50629997253418;13.50629997253418;3004.0;2020-10-07 13:30:00-04:00
13.5;13.5;13.5;13.5;900.0;2020-10-07 14:30:00-04:00
13.520000457763672;13.550000190734863;13.510000228881836;13.550000190734863;8992.0;2020-10-07 15:30:00-04:00
13.579999923706056;13.585399627685549;13.543999671936035;13.543999671936035;0.0;2020-10-08 09:30:00-04:00
13.550000190734863;13.550000190734863;13.54419994354248;13.54419994354248;644.0;2020-10-08 10:30:00-04:00
13.545000076293944;13.609999656677246;13.539999961853027;13.609999656677246;4741.0;2020-10-08 11:30:00-04:00
13.5600004196167;13.600000381469728;13.550000190734863;13.579999923706056;14851.0;2020-10-08 12:30:00-04:00
13.579899787902832;13.599900245666504;13.56999969482422;13.56999969482422;6217.0;2020-10-08 13:30:00-04:00
13.600000381469728;13.600000381469728;13.579999923706056;13.600000381469728;1171.0;2020-10-08 14:30:00-04:00
13.600000381469728;13.600000381469728;13.600000381469728;13.600000381469728;665.0;2020-10-08 15:30:00-04:00
13.65999984741211;13.670000076293944;13.6141996383667;13.670000076293944;4564.0;2020-10-09 09:30:00-04:00
13.670000076293944;13.68000030517578;13.670000076293944;13.68000030517578;1333.0;2020-10-09 10:30:00-04:00
13.679200172424316;13.679200172424316;13.579999923706056;13.630000114440918;7336.0;2020-10-09 11:30:00-04:00
13.614999771118164;13.614999771118164;13.614999771118164;13.614999771118164;250.0;2020-10-09 13:30:00-04:00
13.625;13.649999618530272;13.625;13.640000343322754;4344.0;2020-10-09 15:30:00-04:00
13.729999542236328;13.729999542236328;13.600000381469728;13.619999885559082;0.0;2020-10-12 09:30:00-04:00
13.649999618530272;13.649999618530272;13.649999618530272;13.649999618530272;500.0;2020-10-12 10:30:00-04:00
13.6899995803833;13.6899995803833;13.68000030517578;13.68000030517578;3700.0;2020-10-12 11:30:00-04:00
13.640000343322754;13.650500297546388;13.609999656677246;13.650500297546388;2000.0;2020-10-12 12:30:00-04:00
13.649999618530272;13.649999618530272;13.649999618530272;13.649999618530272;1779.0;2020-10-12 14:30:00-04:00
13.609999656677246;13.609999656677246;13.609999656677246;13.609999656677246;1439.0;2020-10-12 15:30:00-04:00
13.609999656677246;13.739999771118164;13.609999656677246;13.65999984741211;0.0;2020-10-13 09:30:00-04:00
13.65999984741211;13.720000267028809;13.65999984741211;13.720000267028809;0.0;2020-10-13 10:30:00-04:00
13.693900108337402;13.693900108337402;13.609999656677246;13.640000343322754;11748.0;2020-10-13 11:30:00-04:00
13.65999984741211;13.699999809265137;13.659899711608888;13.699999809265137;7802.0;2020-10-13 12:30:00-04:00
13.670000076293944;13.68000030517578;13.65999984741211;13.65999984741211;524.0;2020-10-13 14:30:00-04:00
13.6899995803833;13.69499969482422;13.6899995803833;13.6899995803833;2716.0;2020-10-13 15:30:00-04:00
13.600000381469728;13.739999771118164;13.600000381469728;13.613800048828123;0.0;2020-10-14 09:30:00-04:00
13.654999732971191;13.699999809265137;13.645299911499023;13.699999809265137;4945.0;2020-10-14 10:30:00-04:00
13.670000076293944;13.68000030517578;13.670000076293944;13.68000030517578;290.0;2020-10-14 11:30:00-04:00
13.68000030517578;13.699999809265137;13.68000030517578;13.68000030517578;2280.0;2020-10-14 13:30:00-04:00
13.672699928283691;13.672699928283691;13.640000343322754;13.640000343322754;803.0;2020-10-14 14:30:00-04:00
13.670000076293944;13.670000076293944;13.609999656677246;13.670000076293944;2615.0;2020-10-14 15:30:00-04:00
13.670000076293944;13.670000076293944;13.539999961853027;13.5649995803833;7962.0;2020-10-15 09:30:00-04:00
13.56820011138916;13.56820011138916;13.563199996948242;13.563199996948242;1734.0;2020-10-15 12:30:00-04:00
13.5600004196167;13.609999656677246;13.550000190734863;13.59000015258789;2400.0;2020-10-15 13:30:00-04:00
13.56999969482422;13.574999809265137;13.539999961853027;13.539999961853027;3502.0;2020-10-15 14:30:00-04:00
13.520000457763672;13.550000190734863;13.510000228881836;13.510000228881836;4495.0;2020-10-15 15:30:00-04:00
13.479999542236328;13.539999961853027;13.460000038146973;13.510000228881836;0.0;2020-10-16 09:30:00-04:00
13.470000267028809;13.510000228881836;13.470000267028809;13.479999542236328;2431.0;2020-10-16 10:30:00-04:00
13.461000442504885;13.461000442504885;13.461000442504885;13.461000442504885;1026.0;2020-10-16 11:30:00-04:00
13.473600387573242;13.473600387573242;13.473600387573242;13.473600387573242;2463.0;2020-10-16 12:30:00-04:00
13.491299629211426;13.491299629211426;13.491299629211426;13.491299629211426;500.0;2020-10-16 13:30:00-04:00
13.479999542236328;13.619999885559082;13.479999542236328;13.609999656677246;5584.0;2020-10-16 14:30:00-04:00
13.640000343322754;13.649999618530272;13.600000381469728;13.600000381469728;2093.0;2020-10-16 15:30:00-04:00
13.609999656677246;13.609999656677246;13.603599548339844;13.603599548339844;0.0;2020-10-19 09:30:00-04:00
13.619999885559082;13.640000343322754;13.619999885559082;13.619999885559082;708.0;2020-10-19 10:30:00-04:00
13.619999885559082;13.619999885559082;13.604999542236328;13.619999885559082;521.0;2020-10-19 11:30:00-04:00
13.619999885559082;13.619999885559082;13.618599891662598;13.619999885559082;6900.0;2020-10-19 12:30:00-04:00
13.619999885559082;13.68000030517578;13.619999885559082;13.669899940490724;12895.0;2020-10-19 13:30:00-04:00
13.64050006866455;13.670000076293944;13.626700401306152;13.65999984741211;6681.0;2020-10-19 14:30:00-04:00
13.65999984741211;13.739999771118164;13.65999984741211;13.739999771118164;2306.0;2020-10-19 15:30:00-04:00
13.699999809265137;13.699999809265137;13.600000381469728;13.600000381469728;0.0;2020-10-20 09:30:00-04:00
13.645000457763672;13.75;13.640000343322754;13.75;4322.0;2020-10-20 10:30:00-04:00
13.75;13.75;13.75;13.75;1000.0;2020-10-20 11:30:00-04:00
13.720000267028809;13.75;13.720000267028809;13.734999656677246;5258.0;2020-10-20 12:30:00-04:00
13.738800048828123;13.738800048828123;13.729999542236328;13.729999542236328;400.0;2020-10-20 13:30:00-04:00
13.729999542236328;13.739999771118164;13.72719955444336;13.72719955444336;635.0;2020-10-20 14:30:00-04:00
13.734999656677246;13.760000228881836;13.720000267028809;13.760000228881836;2009.0;2020-10-20 15:30:00-04:00
13.739999771118164;13.739999771118164;13.65999984741211;13.65999984741211;0.0;2020-10-21 09:30:00-04:00
13.65999984741211;13.6899995803833;13.609999656677246;13.609999656677246;4866.0;2020-10-21 10:30:00-04:00
13.609999656677246;13.65999984741211;13.609999656677246;13.630999565124512;597.0;2020-10-21 11:30:00-04:00
13.630000114440918;13.649999618530272;13.629899978637695;13.649999618530272;5228.0;2020-10-21 12:30:00-04:00
13.649999618530272;13.649999618530272;13.649999618530272;13.649999618530272;1089.0;2020-10-21 13:30:00-04:00
13.6899995803833;13.6899995803833;13.670000076293944;13.670000076293944;530.0;2020-10-21 15:30:00-04:00
13.670000076293944;13.72819995880127;13.609999656677246;13.609999656677246;0.0;2020-10-22 09:30:00-04:00
13.600000381469728;13.639599800109863;13.600000381469728;13.600000381469728;6111.0;2020-10-22 10:30:00-04:00
13.600000381469728;13.64490032196045;13.56999969482422;13.56999969482422;1717.0;2020-10-22 11:30:00-04:00
13.65999984741211;13.675999641418455;13.656000137329102;13.67199993133545;3095.0;2020-10-22 12:30:00-04:00
13.600000381469728;13.600000381469728;13.5600004196167;13.5600004196167;1412.0;2020-10-22 13:30:00-04:00
13.670000076293944;13.689599990844728;13.633099555969238;13.633099555969238;2681.0;2020-10-22 14:30:00-04:00
13.649999618530272;13.65999984741211;13.649999618530272;13.65999984741211;532.0;2020-10-22 15:30:00-04:00
13.619999885559082;13.68000030517578;13.550000190734863;13.609999656677246;0.0;2020-10-23 09:30:00-04:00
13.59000015258789;13.59000015258789;13.529999732971191;13.529999732971191;3878.0;2020-10-23 10:30:00-04:00
13.529999732971191;13.589500427246094;13.529999732971191;13.529999732971191;6538.0;2020-10-23 11:30:00-04:00
13.544500350952148;13.544500350952148;13.544500350952148;13.544500350952148;3032.0;2020-10-23 12:30:00-04:00
13.5600004196167;13.5600004196167;13.5600004196167;13.5600004196167;133.0;2020-10-23 14:30:00-04:00
13.556699752807615;13.594499588012695;13.539999961853027;13.539999961853027;2298.0;2020-10-23 15:30:00-04:00
13.520000457763672;13.5649995803833;13.460000038146973;13.460000038146973;8251.0;2020-10-26 09:30:00-04:00
13.460000038146973;13.479999542236328;13.449999809265137;13.46909999847412;5087.0;2020-10-26 10:30:00-04:00
13.489999771118164;13.550000190734863;13.489999771118164;13.504799842834473;6204.0;2020-10-26 11:30:00-04:00
13.479999542236328;13.479999542236328;13.449999809265137;13.471799850463867;1062.0;2020-10-26 12:30:00-04:00
13.453200340270996;13.479999542236328;13.449999809265137;13.479999542236328;927.0;2020-10-26 13:30:00-04:00
13.475000381469728;13.475000381469728;13.470000267028809;13.470000267028809;200.0;2020-10-26 14:30:00-04:00
13.470000267028809;13.470000267028809;13.470000267028809;13.470000267028809;562.0;2020-10-26 15:30:00-04:00
13.460000038146973;13.529999732971191;13.399999618530272;13.505000114440918;0.0;2020-10-27 09:30:00-04:00
13.529999732971191;13.5600004196167;13.520000457763672;13.555999755859377;3891.0;2020-10-27 10:30:00-04:00
13.56130027770996;13.56130027770996;13.56130027770996;13.56130027770996;100.0;2020-10-27 11:30:00-04:00
13.56999969482422;13.579999923706056;13.56999969482422;13.579999923706056;515.0;2020-10-27 13:30:00-04:00
13.550000190734863;13.550000190734863;13.5;13.550000190734863;4137.0;2020-10-27 14:30:00-04:00
13.5600004196167;13.5600004196167;13.460000038146973;13.460000038146973;860.0;2020-10-27 15:30:00-04:00
13.380000114440918;13.5;13.380000114440918;13.399999618530272;0.0;2020-10-28 09:30:00-04:00
13.399999618530272;13.399999618530272;13.31999969482422;13.320300102233888;10688.0;2020-10-28 10:30:00-04:00
13.350000381469728;13.350000381469728;13.333900451660156;13.350000381469728;5614.0;2020-10-28 11:30:00-04:00
13.350000381469728;13.350000381469728;13.350000381469728;13.350000381469728;941.0;2020-10-28 12:30:00-04:00
13.350000381469728;13.350000381469728;13.34000015258789;13.34000015258789;5300.0;2020-10-28 13:30:00-04:00
13.350000381469728;13.359999656677246;13.349900245666504;13.350000381469728;3929.0;2020-10-28 14:30:00-04:00
13.350000381469728;13.350000381469728;13.349900245666504;13.350000381469728;2160.0;2020-10-28 15:30:00-04:00
13.359999656677246;13.359999656677246;13.3100004196167;13.3100004196167;0.0;2020-10-29 09:30:00-04:00
13.31999969482422;13.34000015258789;13.300000190734863;13.300000190734863;7220.0;2020-10-29 10:30:00-04:00
13.3100004196167;13.3100004196167;13.297900199890137;13.297900199890137;3781.0;2020-10-29 11:30:00-04:00
13.298999786376951;13.300000190734863;13.298999786376951;13.300000190734863;1580.0;2020-10-29 12:30:00-04:00
13.300000190734863;13.300000190734863;13.289999961853027;13.289999961853027;14230.0;2020-10-29 13:30:00-04:00
13.289999961853027;13.289999961853027;13.289999961853027;13.289999961853027;2507.0;2020-10-29 14:30:00-04:00
13.283499717712402;13.289999961853027;13.283499717712402;13.289999961853027;1006.0;2020-10-29 15:30:00-04:00
13.279999732971191;13.300000190734863;13.25;13.25;0.0;2020-10-30 09:30:00-04:00
13.25;13.270000457763672;13.220000267028809;13.270000457763672;8182.0;2020-10-30 10:30:00-04:00
13.274999618530272;13.274999618530272;13.229999542236328;13.260000228881836;4138.0;2020-10-30 11:30:00-04:00
13.265000343322754;13.279999732971191;13.25;13.25;5159.0;2020-10-30 12:30:00-04:00
13.277000427246094;13.300000190734863;13.253299713134766;13.300000190734863;9183.0;2020-10-30 13:30:00-04:00
13.300000190734863;13.300000190734863;13.297300338745115;13.300000190734863;1217.0;2020-10-30 14:30:00-04:00
13.300000190734863;13.300000190734863;13.289999961853027;13.300000190734863;3300.0;2020-10-30 15:30:00-04:00
13.300000190734863;13.300000190734863;13.260000228881836;13.260000228881836;26545.0;2020-11-02 09:30:00-05:00
13.25;13.289999961853027;13.239999771118164;13.279999732971191;15964.0;2020-11-02 10:30:00-05:00
13.272600173950195;13.272600173950195;13.25;13.260000228881836;4895.0;2020-11-02 11:30:00-05:00
13.279999732971191;13.300000190734863;13.279999732971191;13.300000190734863;1061.0;2020-11-02 12:30:00-05:00
13.300000190734863;13.300000190734863;13.277299880981444;13.277299880981444;2538.0;2020-11-02 13:30:00-05:00
13.27079963684082;13.279999732971191;13.260000228881836;13.270000457763672;8857.0;2020-11-02 14:30:00-05:00
13.25;13.300000190734863;13.25;13.270000457763672;6087.0;2020-11-02 15:30:00-05:00
13.300000190734863;13.300000190734863;13.270000457763672;13.279999732971191;0.0;2020-11-03 09:30:00-05:00
13.289999961853027;13.299799919128418;13.220000267028809;13.274999618530272;13403.0;2020-11-03 10:30:00-05:00
13.274999618530272;13.300000190734863;13.25;13.300000190734863;8460.0;2020-11-03 11:30:00-05:00
13.279999732971191;13.31999969482422;13.279999732971191;13.31999969482422;4641.0;2020-11-03 12:30:00-05:00
13.31999969482422;13.329999923706056;13.3149995803833;13.32830047607422;8633.0;2020-11-03 13:30:00-05:00
13.350000381469728;13.350000381469728;13.3100004196167;13.329999923706056;21670.0;2020-11-03 14:30:00-05:00
13.34589958190918;13.350000381469728;13.25;13.289999961853027;7277.0;2020-11-03 15:30:00-05:00
13.289999961853027;13.364999771118164;13.289999961853027;13.364999771118164;0.0;2020-11-04 09:30:00-05:00
13.365900039672852;13.383999824523926;13.359999656677246;13.359999656677246;1609.0;2020-11-04 10:30:00-05:00
13.364999771118164;13.390000343322754;13.364999771118164;13.390000343322754;908.0;2020-11-04 11:30:00-05:00
13.392800331115724;13.392800331115724;13.390000343322754;13.390000343322754;1125.0;2020-11-04 12:30:00-05:00
13.393799781799316;13.420000076293944;13.393799781799316;13.420000076293944;3500.0;2020-11-04 13:30:00-05:00
13.437600135803224;13.4399995803833;13.40999984741211;13.439800262451172;6788.0;2020-11-04 14:30:00-05:00
13.44499969482422;13.449999809265137;13.4399995803833;13.4399995803833;1278.0;2020-11-04 15:30:00-05:00
13.470000267028809;13.529999732971191;13.460000038146973;13.520000457763672;0.0;2020-11-05 09:30:00-05:00
13.529999732971191;13.529999732971191;13.503999710083008;13.503999710083008;3686.0;2020-11-05 10:30:00-05:00
13.520000457763672;13.5600004196167;13.520000457763672;13.550000190734863;7392.0;2020-11-05 12:30:00-05:00
13.5600004196167;13.5600004196167;13.5600004196167;13.5600004196167;299.0;2020-11-05 13:30:00-05:00
13.56659984588623;13.56659984588623;13.550000190734863;13.550000190734863;790.0;2020-11-05 14:30:00-05:00
13.539999961853027;13.539999961853027;13.539999961853027;13.539999961853027;1064.0;2020-11-05 15:30:00-05:00
13.539999961853027;13.649999618530272;13.539999961853027;13.579999923706056;0.0;2020-11-06 09:30:00-05:00
13.605899810791016;13.609999656677246;13.592300415039062;13.592300415039062;4309.0;2020-11-06 10:30:00-05:00
13.609999656677246;13.609999656677246;13.595000267028809;13.604999542236328;3149.0;2020-11-06 11:30:00-05:00
13.609999656677246;13.626999855041504;13.600000381469728;13.622699737548828;4662.0;2020-11-06 12:30:00-05:00
13.619999885559082;13.630000114440918;13.619999885559082;13.622699737548828;1392.0;2020-11-06 13:30:00-05:00
13.639800071716309;13.65999984741211;13.630000114440918;13.630000114440918;6263.0;2020-11-06 14:30:00-05:00
13.64009952545166;13.64009952545166;13.550000190734863;13.59000015258789;3974.0;2020-11-06 15:30:00-05:00
13.649999618530272;13.800000190734863;13.641200065612791;13.649999618530272;11226.0;2020-11-09 09:30:00-05:00
13.651000022888184;13.670000076293944;13.649999618530272;13.649999618530272;12374.0;2020-11-09 10:30:00-05:00
13.640000343322754;13.640000343322754;13.600099563598633;13.600099563598633;10329.0;2020-11-09 11:30:00-05:00
13.609999656677246;13.609999656677246;13.56999969482422;13.56999969482422;2860.0;2020-11-09 12:30:00-05:00
13.600000381469728;13.600000381469728;13.600000381469728;13.600000381469728;7576.0;2020-11-09 13:30:00-05:00
13.574999809265137;13.579999923706056;13.56999969482422;13.56999969482422;890.0;2020-11-09 14:30:00-05:00
13.56999969482422;13.57040023803711;13.56999969482422;13.56999969482422;2660.0;2020-11-09 15:30:00-05:00
13.56999969482422;13.619999885559082;13.56999969482422;13.619999885559082;0.0;2020-11-10 09:30:00-05:00
13.59000015258789;13.59000015258789;13.529999732971191;13.529999732971191;13152.0;2020-11-10 10:30:00-05:00
13.550000190734863;13.550000190734863;13.529999732971191;13.540300369262695;6560.0;2020-11-10 11:30:00-05:00
13.550000190734863;13.550000190734863;13.529999732971191;13.550000190734863;920.0;2020-11-10 12:30:00-05:00
13.550000190734863;13.550000190734863;13.53969955444336;13.539999961853027;0.0;2020-11-10 13:30:00-05:00
13.529999732971191;13.539999961853027;13.524800300598145;13.524800300598145;41917.0;2020-11-10 14:30:00-05:00
13.529999732971191;13.539999961853027;13.460000038146973;13.479999542236328;10439.0;2020-11-10 15:30:00-05:00
13.489999771118164;13.538999557495115;13.479999542236328;13.479999542236328;0.0;2020-11-11 09:30:00-05:00
13.5;13.50100040435791;13.5;13.5;2552.0;2020-11-11 10:30:00-05:00
13.539999961853027;13.539999961853027;13.539999961853027;13.539999961853027;550.0;2020-11-11 11:30:00-05:00
13.510000228881836;13.539999961853027;13.5;13.510000228881836;4007.0;2020-11-11 12:30:00-05:00
13.515000343322754;13.529999732971191;13.510000228881836;13.510000228881836;1105.0;2020-11-11 13:30:00-05:00
13.517000198364258;13.526700019836426;13.510000228881836;13.522199630737305;3388.0;2020-11-11 14:30:00-05:00
13.529999732971191;13.5600004196167;13.529999732971191;13.550000190734863;5246.0;2020-11-11 15:30:00-05:00
13.449999809265137;13.529000282287598;13.449999809265137;13.529000282287598;0.0;2020-11-12 09:30:00-05:00
13.504199981689451;13.550000190734863;13.5;13.5;3518.0;2020-11-12 10:30:00-05:00
13.489999771118164;13.494999885559082;13.489999771118164;13.494999885559082;759.0;2020-11-12 11:30:00-05:00
13.5;13.5;13.490099906921388;13.5;2933.0;2020-11-12 12:30:00-05:00
13.510000228881836;13.510000228881836;13.5;13.5;2917.0;2020-11-12 13:30:00-05:00
13.509900093078612;13.509900093078612;13.399999618530272;13.4350004196167;27105.0;2020-11-12 14:30:00-05:00
13.4399995803833;13.489999771118164;13.40999984741211;13.40999984741211;7597.0;2020-11-12 15:30:00-05:00
13.449999809265137;13.491999626159668;13.449999809265137;13.449999809265137;0.0;2020-11-13 09:30:00-05:00
13.44499969482422;13.449999809265137;13.4399995803833;13.4399995803833;3438.0;2020-11-13 10:30:00-05:00
13.449999809265137;13.449999809265137;13.4399995803833;13.449999809265137;6480.0;2020-11-13 11:30:00-05:00
13.44499969482422;13.449999809265137;13.4399995803833;13.449999809265137;3400.0;2020-11-13 12:30:00-05:00
13.4399995803833;13.449999809265137;13.420000076293944;13.4399995803833;6258.0;2020-11-13 13:30:00-05:00
13.43000030517578;13.449999809265137;13.43000030517578;13.43970012664795;32200.0;2020-11-13 14:30:00-05:00
13.446000099182127;13.449999809265137;13.4399995803833;13.449999809265137;6809.0;2020-11-13 15:30:00-05:00
13.489999771118164;13.5;13.460000038146973;13.5;0.0;2020-11-16 09:30:00-05:00
13.510000228881836;13.510000228881836;13.479999542236328;13.479999542236328;1211.0;2020-11-16 10:30:00-05:00
13.486700057983398;13.486700057983398;13.46310043334961;13.46310043334961;2535.0;2020-11-16 12:30:00-05:00
13.46679973602295;13.479999542236328;13.449999809265137;13.479999542236328;8754.0;2020-11-16 13:30:00-05:00
13.5;13.520000457763672;13.5;13.510000228881836;5400.0;2020-11-16 14:30:00-05:00
13.5;13.520000457763672;13.5;13.510000228881836;3152.0;2020-11-16 15:30:00-05:00
13.470000267028809;13.510000228881836;13.470000267028809;13.510000228881836;0.0;2020-11-17 09:30:00-05:00
13.510000228881836;13.539999961853027;13.510000228881836;13.529999732971191;10594.0;2020-11-17 10:30:00-05:00
13.529999732971191;13.550000190734863;13.529899597167969;13.540200233459473;14829.0;2020-11-17 11:30:00-05:00
13.5649995803833;13.5649995803833;13.550100326538086;13.550100326538086;1129.0;2020-11-17 12:30:00-05:00
13.55500030517578;13.5600004196167;13.529999732971191;13.530099868774414;9222.0;2020-11-17 13:30:00-05:00
13.529999732971191;13.530099868774414;13.520000457763672;13.520000457763672;9390.0;2020-11-17 14:30:00-05:00
13.5;13.520000457763672;13.479999542236328;13.479999542236328;6817.0;2020-11-17 15:30:00-05:00
13.510000228881836;13.5600004196167;13.510000228881836;13.5600004196167;0.0;2020-11-18 09:30:00-05:00
13.529999732971191;13.53499984741211;13.510000228881836;13.520000457763672;3083.0;2020-11-18 10:30:00-05:00
13.520000457763672;13.529999732971191;13.520000457763672;13.529999732971191;2166.0;2020-11-18 11:30:00-05:00
13.529999732971191;13.539999961853027;13.510000228881836;13.510000228881836;9426.0;2020-11-18 12:30:00-05:00
13.510000228881836;13.550000190734863;13.510000228881836;13.529999732971191;7565.0;2020-11-18 13:30:00-05:00
13.510000228881836;13.510000228881836;13.510000228881836;13.510000228881836;961.0;2020-11-18 14:30:00-05:00
13.539999961853027;13.539999961853027;13.5;13.529999732971191;6538.0;2020-11-18 15:30:00-05:00
13.56999969482422;13.56999969482422;13.520000457763672;13.550100326538086;0.0;2020-11-19 09:30:00-05:00
13.56999969482422;13.56999969482422;13.550000190734863;13.564000129699709;13521.0;2020-11-19 10:30:00-05:00
13.550000190734863;13.5600004196167;13.550000190734863;13.550000190734863;10464.0;2020-11-19 11:30:00-05:00
13.550000190734863;13.56999969482422;13.550000190734863;13.550000190734863;6562.0;2020-11-19 12:30:00-05:00
13.550000190734863;13.56999969482422;13.550000190734863;13.559000015258787;5951.0;2020-11-19 13:30:00-05:00
13.55500030517578;13.56999969482422;13.545000076293944;13.550000190734863;7020.0;2020-11-19 14:30:00-05:00
13.550000190734863;13.579999923706056;13.539999961853027;13.539999961853027;6010.0;2020-11-19 15:30:00-05:00
13.619999885559082;13.619999885559082;13.579999923706056;13.579999923706056;0.0;2020-11-20 09:30:00-05:00
13.581500053405762;13.59910011291504;13.5600004196167;13.5600004196167;2960.0;2020-11-20 10:30:00-05:00
13.5600004196167;13.5600004196167;13.550000190734863;13.5600004196167;1100.0;2020-11-20 11:30:00-05:00
13.5600004196167;13.579999923706056;13.5600004196167;13.579999923706056;1901.0;2020-11-20 12:30:00-05:00
13.5600004196167;13.574999809265137;13.550000190734863;13.550000190734863;4549.0;2020-11-20 13:30:00-05:00
13.550000190734863;13.600000381469728;13.550000190734863;13.550000190734863;24026.0;2020-11-20 14:30:00-05:00
13.56999969482422;13.579999923706056;13.550000190734863;13.56999969482422;5215.0;2020-11-20 15:30:00-05:00
13.579999923706056;13.579999923706056;13.579999923706056;13.579999923706056;0.0;2020-11-23 12:30:00-05:00
13.59000015258789;13.600000381469728;13.56999969482422;13.579999923706056;58071.0;2020-11-23 14:30:00-05:00
13.59000015258789;13.619999885559082;13.56999969482422;13.619999885559082;8884.0;2020-11-23 15:30:00-05:00
13.6899995803833;13.699999809265137;13.609999656677246;13.65999984741211;0.0;2020-11-24 09:30:00-05:00
13.65999984741211;13.65999984741211;13.649999618530272;13.65999984741211;2501.0;2020-11-24 10:30:00-05:00
13.65999984741211;13.65999984741211;13.645000457763672;13.649999618530272;5854.0;2020-11-24 11:30:00-05:00
13.649999618530272;13.65999984741211;13.649999618530272;13.65999984741211;1384.0;2020-11-24 12:30:00-05:00
13.65999984741211;13.68000030517578;13.630000114440918;13.630000114440918;9475.0;2020-11-24 13:30:00-05:00
13.670000076293944;13.670000076293944;13.670000076293944;13.670000076293944;1035.0;2020-11-24 14:30:00-05:00
13.670000076293944;13.6899995803833;13.649999618530272;13.649999618530272;5985.0;2020-11-24 15:30:00-05:00
13.789999961853027;13.800000190734863;13.69499969482422;13.800000190734863;33486.0;2020-11-25 09:30:00-05:00
13.779999732971191;13.81999969482422;13.779999732971191;13.809000015258787;8431.0;2020-11-25 10:30:00-05:00
13.800000190734863;13.81999969482422;13.75;13.81999969482422;11574.0;2020-11-25 11:30:00-05:00
13.80109977722168;13.80109977722168;13.729999542236328;13.739999771118164;9695.0;2020-11-25 12:30:00-05:00
13.75;13.760000228881836;13.729499816894531;13.729999542236328;6823.0;2020-11-25 13:30:00-05:00
13.749899864196776;13.81999969482422;13.734999656677246;13.797300338745115;6760.0;2020-11-25 14:30:00-05:00
13.8100004196167;13.829999923706056;13.76710033416748;13.779999732971191;8771.0;2020-11-25 15:30:00-05:00
13.829999923706056;13.850000381469728;13.82009983062744;13.850000381469728;0.0;2020-11-27 09:30:00-05:00
13.850000381469728;13.850000381469728;13.81999969482422;13.829899787902832;10214.0;2020-11-27 10:30:00-05:00
13.829999923706056;13.84000015258789;13.81999969482422;13.84000015258789;7971.0;2020-11-27 11:30:00-05:00
13.850000381469728;13.850000381469728;13.850000381469728;13.850000381469728;385.0;2020-11-27 12:30:00-05:00
13.850000381469728;13.891400337219238;13.789999961853027;13.789999961853027;3518.0;2020-11-30 09:30:00-05:00
13.789999961853027;13.8149995803833;13.789999961853027;13.789999961853027;1174.0;2020-11-30 10:30:00-05:00
13.81999969482422;13.84000015258789;13.789999961853027;13.84000015258789;15720.0;2020-11-30 11:30:00-05:00
13.84000015258789;13.90999984741211;13.789999961853027;13.90999984741211;24152.0;2020-11-30 12:30:00-05:00
13.838000297546388;13.865300178527832;13.838000297546388;13.864999771118164;686.0;2020-11-30 13:30:00-05:00
13.864999771118164;13.920000076293944;13.829999923706056;13.920000076293944;23582.0;2020-11-30 14:30:00-05:00
13.90999984741211;13.9399995803833;13.90999984741211;13.9399995803833;7814.0;2020-11-30 15:30:00-05:00
13.989999771118164;14.010000228881836;13.944000244140623;14.010000228881836;0.0;2020-12-01 09:30:00-05:00
14.010000228881836;14.010000228881836;14.0;14.00100040435791;10338.0;2020-12-01 10:30:00-05:00
14.010000228881836;14.039999961853027;13.960000038146973;13.960000038146973;11973.0;2020-12-01 11:30:00-05:00
13.979999542236328;14.119999885559082;13.970000267028809;14.112199783325195;35918.0;2020-12-01 12:30:00-05:00
14.119999885559082;14.119999885559082;14.079999923706056;14.079999923706056;7727.0;2020-12-01 13:30:00-05:00
14.100000381469728;14.109999656677246;14.06999969482422;14.109999656677246;9923.0;2020-12-01 14:30:00-05:00
14.119999885559082;14.119999885559082;14.079999923706056;14.100000381469728;5787.0;2020-12-01 15:30:00-05:00
14.140000343322754;14.149999618530272;14.09000015258789;14.141599655151367;0.0;2020-12-02 09:30:00-05:00
14.131199836730955;14.140000343322754;14.12880039215088;14.140000343322754;1415.0;2020-12-02 10:30:00-05:00
14.140000343322754;14.15999984741211;14.119999885559082;14.119999885559082;6658.0;2020-12-02 11:30:00-05:00
14.140000343322754;14.15999984741211;14.020000457763672;14.020000457763672;22876.0;2020-12-02 12:30:00-05:00
14.029999732971191;14.029999732971191;13.850000381469728;13.979999542236328;37160.0;2020-12-02 13:30:00-05:00
13.979999542236328;14.020000457763672;13.979999542236328;14.020000457763672;8697.0;2020-12-02 14:30:00-05:00
14.005000114440918;14.020000457763672;13.960000038146973;14.020000457763672;20940.0;2020-12-02 15:30:00-05:00
14.0600004196167;14.0600004196167;13.975000381469728;13.989999771118164;0.0;2020-12-03 09:30:00-05:00
13.975000381469728;13.98740005493164;13.975000381469728;13.98740005493164;1477.0;2020-12-03 10:30:00-05:00
13.989999771118164;14.029999732971191;13.989999771118164;14.029999732971191;7888.0;2020-12-03 11:30:00-05:00
13.989999771118164;14.028300285339355;13.989999771118164;14.010000228881836;2130.0;2020-12-03 12:30:00-05:00
14.010000228881836;14.050000190734863;13.989999771118164;14.039999961853027;4158.0;2020-12-03 13:30:00-05:00
14.020000457763672;14.0600004196167;14.020000457763672;14.020000457763672;6156.0;2020-12-03 14:30:00-05:00
14.039999961853027;14.039999961853027;13.979999542236328;14.020000457763672;3459.0;2020-12-03 15:30:00-05:00
13.970000267028809;13.976799964904783;13.890000343322754;13.920000076293944;0.0;2020-12-04 09:30:00-05:00
14.020000457763672;14.0600004196167;13.972999572753906;14.039999961853027;10763.0;2020-12-04 10:30:00-05:00
14.039999961853027;14.039999961853027;14.039999961853027;14.039999961853027;412.0;2020-12-04 11:30:00-05:00
14.050000190734863;14.0600004196167;14.029999732971191;14.029999732971191;4965.0;2020-12-04 12:30:00-05:00
14.029999732971191;14.050000190734863;14.029999732971191;14.042699813842772;2067.0;2020-12-04 13:30:00-05:00
14.029999732971191;14.029999732971191;13.989999771118164;13.989999771118164;2910.0;2020-12-04 14:30:00-05:00
13.989999771118164;13.989999771118164;13.960000038146973;13.970000267028809;2800.0;2020-12-04 15:30:00-05:00
13.899999618530272;13.960000038146973;13.899999618530272;13.920000076293944;0.0;2020-12-07 09:30:00-05:00
13.90999984741211;13.960000038146973;13.90999984741211;13.960000038146973;13027.0;2020-12-07 10:30:00-05:00
13.960000038146973;13.968999862670898;13.93000030517578;13.968999862670898;2862.0;2020-12-07 11:30:00-05:00
13.9399995803833;14.449999809265137;13.9399995803833;14.24899959564209;127602.0;2020-12-07 12:30:00-05:00
14.229999542236328;14.229999542236328;14.145000457763672;14.1899995803833;26932.0;2020-12-07 13:30:00-05:00
14.214799880981444;14.214799880981444;14.130000114440918;14.130000114440918;26845.0;2020-12-07 14:30:00-05:00
14.130000114440918;14.130000114440918;14.119999885559082;14.119999885559082;3495.0;2020-12-07 15:30:00-05:00
14.199999809265137;14.229999542236328;14.140000343322754;14.15999984741211;0.0;2020-12-08 09:30:00-05:00
14.15999984741211;14.18000030517578;14.15999984741211;14.1697998046875;3647.0;2020-12-08 10:30:00-05:00
14.15999984741211;14.199999809265137;14.15999984741211;14.15999984741211;6240.0;2020-12-08 11:30:00-05:00
14.15999984741211;14.17990016937256;14.140000343322754;14.149999618530272;5444.0;2020-12-08 12:30:00-05:00
14.149999618530272;14.1899995803833;14.149999618530272;14.149999618530272;4664.0;2020-12-08 13:30:00-05:00
14.149999618530272;14.1899995803833;14.140000343322754;14.1899995803833;3502.0;2020-12-08 14:30:00-05:00
14.1899995803833;14.220000267028809;14.170000076293944;14.210000038146973;7952.0;2020-12-08 15:30:00-05:00
14.199999809265137;14.258500099182127;14.199999809265137;14.199999809265137;0.0;2020-12-09 09:30:00-05:00
14.199999809265137;14.225000381469728;14.199999809265137;14.199999809265137;2104.0;2020-12-09 10:30:00-05:00
14.199999809265137;14.300000190734863;14.199999809265137;14.225000381469728;48417.0;2020-12-09 11:30:00-05:00
14.220000267028809;14.239999771118164;14.199999809265137;14.199999809265137;5740.0;2020-12-09 12:30:00-05:00
14.239999771118164;14.25;14.225000381469728;14.23169994354248;4445.0;2020-12-09 13:30:00-05:00
14.239800453186035;14.239800453186035;14.199999809265137;14.229999542236328;5290.0;2020-12-09 14:30:00-05:00
14.219599723815918;14.220000267028809;14.210000038146973;14.220000267028809;825.0;2020-12-09 15:30:00-05:00
14.25;14.25;14.140000343322754;14.205499649047852;0.0;2020-12-10 09:30:00-05:00
14.19320011138916;14.210000038146973;14.1850004196167;14.210000038146973;4357.0;2020-12-10 10:30:00-05:00
14.210000038146973;14.210000038146973;14.170000076293944;14.170000076293944;4037.0;2020-12-10 12:30:00-05:00
14.17990016937256;14.17990016937256;14.170000076293944;14.170000076293944;5299.0;2020-12-10 13:30:00-05:00
14.179200172424316;14.18000030517578;14.15999984741211;14.160099983215332;4240.0;2020-12-10 14:30:00-05:00
14.18000030517578;14.229999542236328;14.18000030517578;14.229999542236328;5722.0;2020-12-10 15:30:00-05:00
14.15999984741211;14.25;14.15999984741211;14.204999923706056;0.0;2020-12-11 09:30:00-05:00
14.204999923706056;14.204999923706056;14.204999923706056;14.204999923706056;600.0;2020-12-11 10:30:00-05:00
14.204999923706056;14.210000038146973;14.199999809265137;14.204999923706056;2178.0;2020-12-11 11:30:00-05:00
14.210000038146973;14.210000038146973;14.199999809265137;14.199999809265137;1405.0;2020-12-11 12:30:00-05:00
14.210000038146973;14.210000038146973;14.1899995803833;14.1899995803833;3350.0;2020-12-11 13:30:00-05:00
14.1899995803833;14.1899995803833;14.170000076293944;14.170000076293944;1496.0;2020-12-11 14:30:00-05:00
14.15999984741211;14.170000076293944;14.15999984741211;14.170000076293944;4215.0;2020-12-11 15:30:00-05:00
14.149999618530272;14.202899932861328;14.149999618530272;14.15999984741211;0.0;2020-12-14 09:30:00-05:00
14.149999618530272;14.149999618530272;14.109999656677246;14.109999656677246;1874.0;2020-12-14 10:30:00-05:00
14.109999656677246;14.149900436401367;14.100000381469728;14.100000381469728;4867.0;2020-12-14 11:30:00-05:00
14.114999771118164;14.13860034942627;14.114999771118164;14.13860034942627;1985.0;2020-12-14 12:30:00-05:00
14.09000015258789;14.094400405883787;14.0600004196167;14.094400405883787;3624.0;2020-12-14 13:30:00-05:00
14.062999725341797;14.105999946594238;14.062999725341797;14.105999946594238;9612.0;2020-12-14 14:30:00-05:00
14.06999969482422;14.085000038146973;14.020000457763672;14.020000457763672;5795.0;2020-12-14 15:30:00-05:00
14.100000381469728;14.109999656677246;14.050000190734863;14.100000381469728;0.0;2020-12-15 09:30:00-05:00
14.109999656677246;14.109999656677246;14.085000038146973;14.109999656677246;1621.0;2020-12-15 10:30:00-05:00
14.099900245666504;14.109999656677246;14.08899974822998;14.09000015258789;2589.0;2020-12-15 11:30:00-05:00
14.06999969482422;14.18000030517578;14.06999969482422;14.18000030517578;5527.0;2020-12-15 12:30:00-05:00
14.18000030517578;14.18000030517578;14.09000015258789;14.130000114440918;6417.0;2020-12-15 13:30:00-05:00
14.130000114440918;14.170000076293944;14.109999656677246;14.170000076293944;2081.0;2020-12-15 14:30:00-05:00
14.170000076293944;14.170000076293944;14.100000381469728;14.15999984741211;10604.0;2020-12-15 15:30:00-05:00
14.100000381469728;14.100000381469728;14.100000381469728;14.100000381469728;0.0;2020-12-16 09:30:00-05:00
14.100000381469728;14.109999656677246;14.09000015258789;14.100000381469728;2191.0;2020-12-16 10:30:00-05:00
14.119999885559082;14.12380027770996;14.109999656677246;14.109999656677246;2907.0;2020-12-16 11:30:00-05:00
14.138400077819824;14.138400077819824;14.130000114440918;14.130000114440918;683.0;2020-12-16 12:30:00-05:00
14.125;14.130000114440918;14.125;14.125;914.0;2020-12-16 14:30:00-05:00
14.119999885559082;14.119999885559082;14.0600004196167;14.109999656677246;3154.0;2020-12-16 15:30:00-05:00
14.149999618530272;14.149999618530272;14.119999885559082;14.140000343322754;0.0;2020-12-17 09:30:00-05:00
14.140000343322754;14.140000343322754;14.119500160217283;14.140000343322754;3000.0;2020-12-17 10:30:00-05:00
14.140000343322754;14.149999618530272;14.130000114440918;14.130000114440918;5550.0;2020-12-17 11:30:00-05:00
14.130000114440918;14.135000228881836;14.130000114440918;14.135000228881836;596.0;2020-12-17 12:30:00-05:00
14.130000114440918;14.140000343322754;14.120100021362305;14.128000259399414;6032.0;2020-12-17 13:30:00-05:00
14.140000343322754;14.140000343322754;14.119999885559082;14.130000114440918;2072.0;2020-12-17 14:30:00-05:00
14.133700370788574;14.133700370788574;14.133700370788574;14.133700370788574;1500.0;2020-12-17 15:30:00-05:00
14.15999984741211;14.199999809265137;14.154999732971191;14.18000030517578;0.0;2020-12-18 09:30:00-05:00
14.18000030517578;14.1899995803833;14.18000030517578;14.1899995803833;1472.0;2020-12-18 10:30:00-05:00
14.1899995803833;14.1899995803833;14.130000114440918;14.15999984741211;4667.0;2020-12-18 11:30:00-05:00
14.1899995803833;14.1899995803833;14.130000114440918;14.1899995803833;3797.0;2020-12-18 12:30:00-05:00
14.1899995803833;14.210000038146973;14.1899995803833;14.210000038146973;4953.0;2020-12-18 13:30:00-05:00
14.210000038146973;14.210000038146973;14.170000076293944;14.1899995803833;5220.0;2020-12-18 14:30:00-05:00
14.1899995803833;14.1899995803833;14.17020034790039;14.18000030517578;1578.0;2020-12-18 15:30:00-05:00
14.199999809265137;14.199999809265137;14.10099983215332;14.149200439453123;0.0;2020-12-21 09:30:00-05:00
14.149999618530272;14.149999618530272;14.140000343322754;14.140000343322754;1181.0;2020-12-21 10:30:00-05:00
14.128100395202637;14.140000343322754;14.119999885559082;14.140000343322754;6136.0;2020-12-21 11:30:00-05:00
14.140000343322754;14.15999984741211;14.140000343322754;14.15999984741211;1564.0;2020-12-21 12:30:00-05:00
14.140000343322754;14.1899995803833;14.140000343322754;14.1899995803833;2851.0;2020-12-21 13:30:00-05:00
14.140000343322754;14.140299797058104;14.100000381469728;14.100000381469728;6075.0;2020-12-21 14:30:00-05:00
14.130000114440918;14.134499549865724;14.119999885559082;14.134499549865724;1700.0;2020-12-21 15:30:00-05:00
14.140000343322754;14.199999809265137;14.140000343322754;14.199999809265137;0.0;2020-12-22 09:30:00-05:00
14.199999809265137;14.199999809265137;14.100000381469728;14.134400367736816;11820.0;2020-12-22 10:30:00-05:00
14.130000114440918;14.130000114440918;14.12619972229004;14.12619972229004;620.0;2020-12-22 11:30:00-05:00
14.109999656677246;14.109999656677246;14.085000038146973;14.087300300598145;7896.0;2020-12-22 12:30:00-05:00
14.079999923706056;14.100000381469728;14.050000190734863;14.097700119018556;9090.0;2020-12-22 13:30:00-05:00
14.109999656677246;14.119999885559082;14.074999809265137;14.074999809265137;7093.0;2020-12-22 14:30:00-05:00
14.0600004196167;14.0600004196167;14.0600004196167;14.0600004196167;100.0;2020-12-22 15:30:00-05:00
14.109999656677246;14.164999961853027;14.109999656677246;14.130000114440918;0.0;2020-12-23 09:30:00-05:00
14.130000114440918;14.130000114440918;14.119999885559082;14.119999885559082;1337.0;2020-12-23 10:30:00-05:00
14.130000114440918;14.18000030517578;14.04010009765625;14.043299674987791;16590.0;2020-12-23 11:30:00-05:00
14.110199928283691;14.110199928283691;14.110199928283691;14.110199928283691;1001.0;2020-12-23 12:30:00-05:00
14.079999923706056;14.109800338745115;14.079999923706056;14.109800338745115;875.0;2020-12-23 13:30:00-05:00
14.09000015258789;14.140000343322754;14.09000015258789;14.140000343322754;3701.0;2020-12-23 14:30:00-05:00
14.104100227355955;14.104100227355955;14.104100227355955;14.104100227355955;1211.0;2020-12-23 15:30:00-05:00
14.119999885559082;14.119999885559082;14.079999923706056;14.119999885559082;0.0;2020-12-24 09:30:00-05:00
14.119799613952637;14.119999885559082;14.100000381469728;14.100000381469728;937.0;2020-12-24 10:30:00-05:00
14.130000114440918;14.130000114440918;14.130000114440918;14.130000114440918;800.0;2020-12-24 11:30:00-05:00
14.160099983215332;14.18000030517578;14.149999618530272;14.170000076293944;3232.0;2020-12-24 13:00:00-05:00
14.130000114440918;14.199999809265137;14.130000114440918;14.199999809265137;0.0;2020-12-28 09:30:00-05:00
14.179499626159668;14.199999809265137;14.130000114440918;14.199999809265137;4933.0;2020-12-28 10:30:00-05:00
14.15999984741211;14.166999816894531;14.15999984741211;14.166999816894531;3194.0;2020-12-28 11:30:00-05:00
14.225000381469728;14.225000381469728;14.170000076293944;14.177499771118164;6459.0;2020-12-28 12:30:00-05:00
14.19499969482422;14.220000267028809;14.140000343322754;14.220000267028809;2949.0;2020-12-28 13:30:00-05:00
14.25;14.25;14.220000267028809;14.239999771118164;1254.0;2020-12-28 14:30:00-05:00
14.225000381469728;14.239999771118164;14.18000030517578;14.18000030517578;6984.0;2020-12-28 15:30:00-05:00
14.25;14.260000228881836;14.199999809265137;14.210000038146973;0.0;2020-12-29 09:30:00-05:00
14.25;14.25;14.130000114440918;14.130000114440918;6850.0;2020-12-29 10:30:00-05:00
14.18000030517578;14.1899995803833;14.161700248718262;14.18000030517578;2825.0;2020-12-29 11:30:00-05:00
14.18000030517578;14.270000457763672;14.18000030517578;14.239999771118164;6650.0;2020-12-29 12:30:00-05:00
14.239999771118164;14.239999771118164;14.210000038146973;14.210000038146973;7600.0;2020-12-29 13:30:00-05:00
14.220000267028809;14.220000267028809;14.170000076293944;14.199899673461914;5159.0;2020-12-29 14:30:00-05:00
14.17990016937256;14.18000030517578;14.15999984741211;14.15999984741211;10248.0;2020-12-29 15:30:00-05:00
14.210000038146973;14.210000038146973;14.100000381469728;14.109999656677246;0.0;2020-12-30 09:30:00-05:00
14.18000030517578;14.18000030517578;14.109999656677246;14.165499687194824;9985.0;2020-12-30 10:30:00-05:00
14.18000030517578;14.199999809265137;14.119999885559082;14.119999885559082;12755.0;2020-12-30 11:30:00-05:00
14.119999885559082;14.149999618530272;14.06999969482422;14.100000381469728;25761.0;2020-12-30 12:30:00-05:00
14.100000381469728;14.130000114440918;14.050000190734863;14.0600004196167;25155.0;2020-12-30 13:30:00-05:00
14.050000190734863;14.100000381469728;14.050000190734863;14.050000190734863;19011.0;2020-12-30 14:30:00-05:00
14.050000190734863;14.09000015258789;14.010000228881836;14.09000015258789;16590.0;2020-12-30 15:30:00-05:00
14.149999618530272;14.149999618530272;14.109999656677246;14.140000343322754;0.0;2020-12-31 09:30:00-05:00
14.140000343322754;14.140000343322754;14.130000114440918;14.140000343322754;4194.0;2020-12-31 10:30:00-05:00
14.128399848937988;14.239999771118164;14.100000381469728;14.130000114440918;14718.0;2020-12-31 11:30:00-05:00
14.149999618530272;14.149999618530272;14.109999656677246;14.110099792480469;2465.0;2020-12-31 12:30:00-05:00
14.109999656677246;14.149999618530272;14.105799674987791;14.149999618530272;6474.0;2020-12-31 13:30:00-05:00
14.170000076293944;14.199999809265137;14.168999671936035;14.168999671936035;1655.0;2020-12-31 14:30:00-05:00
14.175000190734863;14.199999809265137;14.15999984741211;14.199999809265137;628.0;2020-12-31 15:30:00-05:00
14.149999618530272;14.270000457763672;14.149999618530272;14.270000457763672;0.0;2021-01-04 09:30:00-05:00
14.225000381469728;14.229999542236328;14.199999809265137;14.220000267028809;7142.0;2021-01-04 10:30:00-05:00
14.214300155639648;14.214300155639648;14.186599731445312;14.186599731445312;763.0;2021-01-04 11:30:00-05:00
14.170000076293944;14.170000076293944;14.15999984741211;14.15999984741211;800.0;2021-01-04 12:30:00-05:00
14.166999816894531;14.189900398254396;14.166999816894531;14.189900398254396;1163.0;2021-01-04 13:30:00-05:00
14.149999618530272;14.1899995803833;14.149999618530272;14.18939971923828;2780.0;2021-01-04 14:30:00-05:00
14.149999618530272;14.1899995803833;14.149999618530272;14.1899995803833;327.0;2021-01-04 15:30:00-05:00
14.199999809265137;14.220000267028809;14.184900283813477;14.220000267028809;0.0;2021-01-05 09:30:00-05:00
14.220000267028809;14.260000228881836;14.199999809265137;14.25;5442.0;2021-01-05 10:30:00-05:00
14.199999809265137;14.25;14.199999809265137;14.25;248.0;2021-01-05 11:30:00-05:00
14.199999809265137;14.239999771118164;14.182299613952637;14.220000267028809;1933.0;2021-01-05 12:30:00-05:00
14.220000267028809;14.25;14.220000267028809;14.25;2400.0;2021-01-05 13:30:00-05:00
14.25;14.25;14.18000030517578;14.25;5226.0;2021-01-05 14:30:00-05:00
14.25;14.270000457763672;14.25;14.270000457763672;5086.0;2021-01-05 15:30:00-05:00
14.260000228881836;14.279999732971191;14.199999809265137;14.220000267028809;0.0;2021-01-06 09:30:00-05:00
14.220000267028809;14.229999542236328;14.220000267028809;14.220000267028809;1659.0;2021-01-06 10:30:00-05:00
14.210100173950195;14.270000457763672;14.210000038146973;14.270000457763672;8418.0;2021-01-06 11:30:00-05:00
14.220000267028809;14.239999771118164;14.210000038146973;14.210000038146973;2524.0;2021-01-06 12:30:00-05:00
14.199999809265137;14.204999923706056;14.130000114440918;14.130000114440918;2454.0;2021-01-06 13:30:00-05:00
14.140000343322754;14.1899995803833;14.100000381469728;14.1899995803833;5536.0;2021-01-06 14:30:00-05:00
14.260000228881836;14.270000457763672;14.18000030517578;14.199999809265137;0.0;2021-01-07 09:30:00-05:00
14.19499969482422;14.220000267028809;14.15820026397705;14.15820026397705;10253.0;2021-01-07 10:30:00-05:00
14.130000114440918;14.130000114440918;14.09000015258789;14.09000015258789;8306.0;2021-01-07 11:30:00-05:00
14.09000015258789;14.09000015258789;14.079999923706056;14.079999923706056;454.0;2021-01-07 12:30:00-05:00
14.08209991455078;14.08209991455078;14.0600004196167;14.06999969482422;3715.0;2021-01-07 13:30:00-05:00
14.050000190734863;14.100000381469728;14.050000190734863;14.050000190734863;14360.0;2021-01-07 14:30:00-05:00
14.050000190734863;14.100000381469728;14.050000190734863;14.100000381469728;8055.0;2021-01-07 15:30:00-05:00
14.210000038146973;14.210000038146973;14.109999656677246;14.122400283813477;0.0;2021-01-08 09:30:00-05:00
14.114999771118164;14.119000434875488;14.09000015258789;14.107500076293944;4354.0;2021-01-08 10:30:00-05:00
14.09000015258789;14.090100288391112;14.09000015258789;14.090100288391112;653.0;2021-01-08 11:30:00-05:00
14.109999656677246;14.109999656677246;14.100000381469728;14.100000381469728;1119.0;2021-01-08 12:30:00-05:00
14.110699653625488;14.110699653625488;14.110699653625488;14.110699653625488;723.0;2021-01-08 13:30:00-05:00
14.114999771118164;14.114999771118164;14.079999923706056;14.100000381469728;5185.0;2021-01-08 14:30:00-05:00
14.079999923706056;14.09000015258789;14.079999923706056;14.09000015258789;874.0;2021-01-08 15:30:00-05:00
14.029999732971191;14.08549976348877;14.029999732971191;14.08549976348877;0.0;2021-01-11 09:30:00-05:00
14.079999923706056;14.09000015258789;14.079999923706056;14.09000015258789;2076.0;2021-01-11 10:30:00-05:00
14.09000015258789;14.100000381469728;14.09000015258789;14.09000015258789;5595.0;2021-01-11 11:30:00-05:00
14.095000267028809;14.095000267028809;14.095000267028809;14.095000267028809;340.0;2021-01-11 12:30:00-05:00
14.09000015258789;14.100000381469728;14.09000015258789;14.100000381469728;725.0;2021-01-11 13:30:00-05:00
14.100099563598633;14.100099563598633;14.050000190734863;14.079999923706056;10932.0;2021-01-11 14:30:00-05:00
14.0600004196167;14.079899787902832;14.050000190734863;14.050000190734863;3745.0;2021-01-11 15:30:00-05:00
14.130000114440918;14.130000114440918;14.0600004196167;14.09000015258789;0.0;2021-01-12 09:30:00-05:00
14.029999732971191;14.04640007019043;14.029999732971191;14.039999961853027;2405.0;2021-01-12 11:30:00-05:00
14.029999732971191;14.039999961853027;14.029999732971191;14.039999961853027;2342.0;2021-01-12 12:30:00-05:00
14.039999961853027;14.039999961853027;14.029999732971191;14.029999732971191;715.0;2021-01-12 13:30:00-05:00
14.039199829101562;14.039999961853027;14.029999732971191;14.03499984741211;3427.0;2021-01-12 14:30:00-05:00
14.029999732971191;14.029999732971191;14.029999732971191;14.029999732971191;200.0;2021-01-12 15:30:00-05:00
14.039999961853027;14.079999923706056;14.029999732971191;14.029999732971191;0.0;2021-01-13 09:30:00-05:00
14.04010009765625;14.05239963531494;14.039999961853027;14.039999961853027;2438.0;2021-01-13 10:30:00-05:00
14.039999961853027;14.052000045776367;14.039999961853027;14.052000045776367;599.0;2021-01-13 11:30:00-05:00
14.05500030517578;14.0600004196167;14.05500030517578;14.0600004196167;416.0;2021-01-13 12:30:00-05:00
14.0600004196167;14.0600004196167;14.050000190734863;14.050000190734863;392.0;2021-01-13 13:30:00-05:00
14.050000190734863;14.0649995803833;14.050000190734863;14.050000190734863;2408.0;2021-01-13 14:30:00-05:00
14.05500030517578;14.059000015258787;14.050000190734863;14.050000190734863;2537.0;2021-01-13 15:30:00-05:00
14.09000015258789;14.09000015258789;14.0600004196167;14.0600004196167;0.0;2021-01-14 09:30:00-05:00
14.0600004196167;14.0600004196167;14.039999961853027;14.050000190734863;1639.0;2021-01-14 10:30:00-05:00
14.050000190734863;14.059300422668455;14.050000190734863;14.050000190734863;2319.0;2021-01-14 11:30:00-05:00
14.0600004196167;14.0600004196167;14.050200462341309;14.050200462341309;1011.0;2021-01-14 12:30:00-05:00
14.050000190734863;14.050000190734863;14.050000190734863;14.050000190734863;410.0;2021-01-14 13:30:00-05:00
14.041000366210938;14.041000366210938;14.029999732971191;14.029999732971191;1604.0;2021-01-14 14:30:00-05:00
14.029999732971191;14.04990005493164;13.99269962310791;13.99269962310791;3071.0;2021-01-14 15:30:00-05:00
14.109999656677246;14.109999656677246;14.045000076293944;14.079999923706056;0.0;2021-01-15 09:30:00-05:00
14.0649995803833;14.07569980621338;14.0649995803833;14.0649995803833;4131.0;2021-01-15 10:30:00-05:00
14.0600004196167;14.0649995803833;14.0600004196167;14.0600004196167;2213.0;2021-01-15 11:30:00-05:00
14.0600004196167;14.0600004196167;14.0600004196167;14.0600004196167;1000.0;2021-01-15 12:30:00-05:00
14.0600004196167;14.060999870300291;14.050999641418455;14.050999641418455;1200.0;2021-01-15 13:30:00-05:00
14.0600004196167;14.06999969482422;14.050000190734863;14.0600004196167;2900.0;2021-01-15 14:30:00-05:00
14.0600004196167;14.0600004196167;14.0600004196167;14.0600004196167;500.0;2021-01-15 15:30:00-05:00
14.079999923706056;14.154999732971191;14.079999923706056;14.140000343322754;0.0;2021-01-19 09:30:00-05:00
14.100199699401855;14.130000114440918;14.100199699401855;14.118399620056152;2308.0;2021-01-19 10:30:00-05:00
14.119999885559082;14.134200096130373;14.100000381469728;14.130000114440918;8365.0;2021-01-19 11:30:00-05:00
14.130000114440918;14.134699821472168;14.130000114440918;14.130000114440918;3617.0;2021-01-19 12:30:00-05:00
14.135000228881836;14.140000343322754;14.100000381469728;14.100000381469728;4019.0;2021-01-19 13:30:00-05:00
14.095000267028809;14.130000114440918;14.06999969482422;14.06999969482422;4793.0;2021-01-19 14:30:00-05:00
14.085000038146973;14.100000381469728;14.03499984741211;14.03499984741211;3925.0;2021-01-19 15:30:00-05:00
14.06999969482422;14.149999618530272;14.06999969482422;14.09000015258789;0.0;2021-01-20 09:30:00-05:00
14.085000038146973;14.100000381469728;14.085000038146973;14.100000381469728;717.0;2021-01-20 10:30:00-05:00
14.106900215148926;14.106900215148926;14.106900215148926;14.106900215148926;1370.0;2021-01-20 11:30:00-05:00
14.100000381469728;14.110400199890137;14.100000381469728;14.109999656677246;3679.0;2021-01-20 12:30:00-05:00
14.119999885559082;14.130000114440918;14.119999885559082;14.130000114440918;912.0;2021-01-20 13:30:00-05:00
14.130000114440918;14.199999809265137;14.119999885559082;14.18000030517578;19469.0;2021-01-20 14:30:00-05:00
14.18000030517578;14.210000038146973;14.18000030517578;14.210000038146973;16779.0;2021-01-20 15:30:00-05:00
14.279999732971191;14.300000190734863;14.229999542236328;14.260000228881836;0.0;2021-01-21 09:30:00-05:00
14.229999542236328;14.260000228881836;14.220000267028809;14.260000228881836;11944.0;2021-01-21 10:30:00-05:00
14.229999542236328;14.239999771118164;14.1899995803833;14.239999771118164;8824.0;2021-01-21 11:30:00-05:00
14.239999771118164;14.260000228881836;14.210000038146973;14.260000228881836;2802.0;2021-01-21 12:30:00-05:00
14.260000228881836;14.260000228881836;14.210000038146973;14.260000228881836;3900.0;2021-01-21 13:30:00-05:00
14.210000038146973;14.270000457763672;14.210000038146973;14.270000457763672;4419.0;2021-01-21 14:30:00-05:00
14.236499786376951;14.270000457763672;14.210000038146973;14.260000228881836;6164.0;2021-01-21 15:30:00-05:00
14.399999618530272;14.420000076293944;14.34000015258789;14.34000015258789;0.0;2021-01-22 09:30:00-05:00
14.34000015258789;14.34000015258789;14.329999923706056;14.34000015258789;2985.0;2021-01-22 10:30:00-05:00
14.34000015258789;14.34000015258789;14.279999732971191;14.34000015258789;11844.0;2021-01-22 11:30:00-05:00
14.34000015258789;14.34000015258789;14.329999923706056;14.329999923706056;1122.0;2021-01-22 12:30:00-05:00
14.329999923706056;14.335000038146973;14.329999923706056;14.335000038146973;1398.0;2021-01-22 13:30:00-05:00
14.329999923706056;14.34000015258789;14.300000190734863;14.335000038146973;15957.0;2021-01-22 14:30:00-05:00
14.329999923706056;14.34000015258789;14.329999923706056;14.34000015258789;1282.0;2021-01-22 15:30:00-05:00
14.479999542236328;14.479999542236328;14.395000457763672;14.395000457763672;0.0;2021-01-25 09:30:00-05:00
14.41800022125244;14.41800022125244;14.380000114440918;14.380000114440918;7270.0;2021-01-25 10:30:00-05:00
14.399999618530272;14.399999618530272;14.390000343322754;14.390000343322754;1409.0;2021-01-25 11:30:00-05:00
14.380000114440918;14.390000343322754;14.380000114440918;14.380000114440918;2850.0;2021-01-25 12:30:00-05:00
14.390000343322754;14.40999984741211;14.385000228881836;14.404999732971191;7630.0;2021-01-25 13:30:00-05:00
14.399999618530272;14.40999984741211;14.399999618530272;14.404999732971191;2950.0;2021-01-25 14:30:00-05:00
14.399999618530272;14.420000076293944;14.399999618530272;14.420000076293944;6115.0;2021-01-25 15:30:00-05:00
14.390000343322754;14.414999961853027;14.390000343322754;14.399999618530272;0.0;2021-01-26 09:30:00-05:00
14.399999618530272;14.399999618530272;14.369999885559082;14.369999885559082;7601.0;2021-01-26 10:30:00-05:00
14.369999885559082;14.385000228881836;14.18000030517578;14.239999771118164;7324.0;2021-01-26 11:30:00-05:00
14.239999771118164;14.34000015258789;14.239999771118164;14.34000015258789;4762.0;2021-01-26 12:30:00-05:00
14.31999969482422;14.359999656677246;14.31999969482422;14.350000381469728;2682.0;2021-01-26 13:30:00-05:00
14.355999946594238;14.399999618530272;14.355999946594238;14.399999618530272;2184.0;2021-01-26 14:30:00-05:00
14.350000381469728;14.350000381469728;14.350000381469728;14.350000381469728;277.0;2021-01-26 15:30:00-05:00
14.420000076293944;14.449999809265137;14.345000267028809;14.419599533081056;0.0;2021-01-27 09:30:00-05:00
14.399999618530272;14.4399995803833;14.399999618530272;14.410099983215332;10605.0;2021-01-27 11:30:00-05:00
14.43000030517578;14.8100004196167;14.43000030517578;14.53030014038086;30499.0;2021-01-27 12:30:00-05:00
14.5600004196167;14.5600004196167;14.529999732971191;14.529999732971191;4538.0;2021-01-27 13:30:00-05:00
14.510000228881836;14.520000457763672;14.460000038146973;14.460000038146973;5069.0;2021-01-27 14:30:00-05:00
14.460000038146973;14.460000038146973;14.399999618530272;14.4399995803833;4124.0;2021-01-27 15:30:00-05:00
14.40999984741211;14.550000190734863;14.40999984741211;14.510000228881836;0.0;2021-01-28 09:30:00-05:00
14.484999656677246;14.529999732971191;14.479999542236328;14.5;2510.0;2021-01-28 10:30:00-05:00
14.5;14.5;14.5;14.5;400.0;2021-01-28 11:30:00-05:00
14.5;14.5;14.489999771118164;14.5;872.0;2021-01-28 12:30:00-05:00
14.5;14.5;14.479999542236328;14.489999771118164;1805.0;2021-01-28 13:30:00-05:00
14.5;14.5;14.5;14.5;265.0;2021-01-28 14:30:00-05:00
14.479999542236328;14.479999542236328;14.479999542236328;14.479999542236328;448.0;2021-01-28 15:30:00-05:00
14.550000190734863;14.550000190734863;14.420000076293944;14.539999961853027;0.0;2021-01-29 09:30:00-05:00
14.539999961853027;14.539999961853027;14.479999542236328;14.510000228881836;1914.0;2021-01-29 10:30:00-05:00
14.505000114440918;14.529999732971191;14.449999809265137;14.489999771118164;5074.0;2021-01-29 11:30:00-05:00
14.520000457763672;14.520000457763672;14.5;14.520000457763672;9725.0;2021-01-29 12:30:00-05:00
14.48009967803955;14.520000457763672;14.48009967803955;14.503999710083008;1305.0;2021-01-29 13:30:00-05:00
14.503999710083008;14.539999961853027;14.484999656677246;14.489999771118164;6911.0;2021-01-29 14:30:00-05:00
14.510000228881836;14.539999961853027;14.5;14.5;1854.0;2021-01-29 15:30:00-05:00
14.550000190734863;14.600000381469728;14.539999961853027;14.550000190734863;0.0;2021-02-01 09:30:00-05:00
14.540200233459473;14.541899681091309;14.539999961853027;14.539999961853027;2256.0;2021-02-01 10:30:00-05:00
14.5;14.5;14.5;14.5;704.0;2021-02-01 11:30:00-05:00
14.520999908447266;14.520999908447266;14.520999908447266;14.520999908447266;1718.0;2021-02-01 12:30:00-05:00
14.511899948120115;14.539999961853027;14.511899948120115;14.539999961853027;4219.0;2021-02-01 13:30:00-05:00
14.529999732971191;14.539999961853027;14.5;14.5;2278.0;2021-02-01 14:30:00-05:00
14.539999961853027;14.539999961853027;14.539999961853027;14.539999961853027;421.0;2021-02-01 15:30:00-05:00
14.479999542236328;14.579999923706056;14.4399995803833;14.515000343322754;0.0;2021-02-02 09:30:00-05:00
14.515000343322754;14.56999969482422;14.510000228881836;14.510000228881836;5251.0;2021-02-02 10:30:00-05:00
14.529999732971191;14.579999923706056;14.529999732971191;14.5600004196167;9000.0;2021-02-02 11:30:00-05:00
14.550000190734863;14.550000190734863;14.539999961853027;14.539999961853027;307.0;2021-02-02 12:30:00-05:00
14.539999961853027;14.5600004196167;14.539999961853027;14.5600004196167;1137.0;2021-02-02 13:30:00-05:00
14.539999961853027;14.539999961853027;14.520000457763672;14.524100303649902;2797.0;2021-02-02 14:30:00-05:00
14.520000457763672;14.529999732971191;14.520000457763672;14.529999732971191;2796.0;2021-02-02 15:30:00-05:00
14.529999732971191;14.529999732971191;14.529999732971191;14.529999732971191;0.0;2021-02-03 09:30:00-05:00
14.510000228881836;14.529999732971191;14.510000228881836;14.510000228881836;2317.0;2021-02-03 10:30:00-05:00
14.510000228881836;14.5600004196167;14.510000228881836;14.539999961853027;1860.0;2021-02-03 11:30:00-05:00
14.550000190734863;14.550000190734863;14.550000190734863;14.550000190734863;221.0;2021-02-03 12:30:00-05:00
14.510000228881836;14.510000228881836;14.510000228881836;14.510000228881836;554.0;2021-02-03 15:30:00-05:00
14.579999923706056;14.59000015258789;14.550000190734863;14.550000190734863;0.0;2021-02-04 09:30:00-05:00
14.541999816894531;14.579999923706056;14.529999732971191;14.579999923706056;8089.0;2021-02-04 10:30:00-05:00
14.569600105285645;14.569600105285645;14.569600105285645;14.569600105285645;144.0;2021-02-04 11:30:00-05:00
14.550000190734863;14.5600004196167;14.529999732971191;14.529999732971191;6020.0;2021-02-04 13:30:00-05:00
14.550000190734863;14.550000190734863;14.550000190734863;14.550000190734863;5381.0;2021-02-04 14:30:00-05:00
14.510000228881836;14.529999732971191;14.510000228881836;14.529999732971191;4712.0;2021-02-04 15:30:00-05:00
14.520000457763672;14.520000457763672;14.520000457763672;14.520000457763672;10538.0;2021-02-05 13:30:00-05:00
14.520000457763672;14.529999732971191;14.489999771118164;14.529999732971191;4700.0;2021-02-05 15:30:00-05:00
14.510000228881836;14.510000228881836;14.510000228881836;14.510000228881836;0.0;2021-02-08 09:30:00-05:00
14.5600004196167;14.589900016784668;14.529999732971191;14.539999961853027;38909.0;2021-02-08 10:30:00-05:00
14.529999732971191;14.529999732971191;14.529999732971191;14.529999732971191;500.0;2021-02-08 11:30:00-05:00
14.539999961853027;14.543999671936035;14.529999732971191;14.543999671936035;3177.0;2021-02-08 12:30:00-05:00
14.53600025177002;14.539999961853027;14.529999732971191;14.529999732971191;1219.0;2021-02-08 13:30:00-05:00
14.539999961853027;14.56999969482422;14.529999732971191;14.539999961853027;13539.0;2021-02-08 14:30:00-05:00
14.529999732971191;14.550000190734863;14.529999732971191;14.550000190734863;3408.0;2021-02-08 15:30:00-05:00
14.59000015258789;14.619999885559082;14.59000015258789;14.619999885559082;0.0;2021-02-09 09:30:00-05:00
14.579999923706056;14.600000381469728;14.579999923706056;14.600000381469728;7161.0;2021-02-09 11:30:00-05:00
14.59000015258789;14.619999885559082;14.59000015258789;14.59000015258789;2151.0;2021-02-09 12:30:00-05:00
14.59000015258789;14.609999656677246;14.59000015258789;14.600000381469728;1516.0;2021-02-09 13:30:00-05:00
14.59000015258789;14.59000015258789;14.539999961853027;14.539999961853027;5702.0;2021-02-09 14:30:00-05:00
14.520000457763672;14.600000381469728;14.510000228881836;14.600000381469728;2926.0;2021-02-09 15:30:00-05:00
14.579999923706056;14.609999656677246;14.579999923706056;14.585000038146973;0.0;2021-02-10 09:30:00-05:00
14.59000015258789;14.59000015258789;14.582500457763672;14.582500457763672;4852.0;2021-02-10 10:30:00-05:00
14.5600004196167;14.614399909973145;14.5600004196167;14.5600004196167;1595.0;2021-02-10 11:30:00-05:00
14.5600004196167;14.579999923706056;14.5600004196167;14.579999923706056;1475.0;2021-02-10 12:30:00-05:00
14.579999923706056;14.59000015258789;14.550000190734863;14.550000190734863;2550.0;2021-02-10 13:30:00-05:00
14.550000190734863;14.550000190734863;14.520000457763672;14.520000457763672;1210.0;2021-02-10 14:30:00-05:00
14.520000457763672;14.529999732971191;14.5;14.529999732971191;4980.0;2021-02-10 15:30:00-05:00
14.510000228881836;14.529999732971191;14.510000228881836;14.529999732971191;0.0;2021-02-11 09:30:00-05:00
14.510000228881836;14.520000457763672;14.5;14.5;1613.0;2021-02-11 10:30:00-05:00
14.479999542236328;14.489999771118164;14.470000267028809;14.470000267028809;1100.0;2021-02-11 11:30:00-05:00
14.479999542236328;14.5;14.479999542236328;14.5;800.0;2021-02-11 12:30:00-05:00
14.5;14.515000343322754;14.5;14.5;1401.0;2021-02-11 13:30:00-05:00
14.5;14.5;14.5;14.5;3201.0;2021-02-11 14:30:00-05:00
14.5;14.5;14.43000030517578;14.43000030517578;2728.0;2021-02-11 15:30:00-05:00
14.43000030517578;14.5;14.43000030517578;14.5;0.0;2021-02-12 09:30:00-05:00
14.5;14.5;14.43000030517578;14.449999809265137;6920.0;2021-02-12 10:30:00-05:00
14.449999809265137;14.460000038146973;14.43000030517578;14.43000030517578;1457.0;2021-02-12 11:30:00-05:00
14.43000030517578;14.43000030517578;14.399999618530272;14.42990016937256;8422.0;2021-02-12 12:30:00-05:00
14.420000076293944;14.489999771118164;14.420000076293944;14.489999771118164;3222.0;2021-02-12 13:30:00-05:00
14.489999771118164;14.5;14.43000030517578;14.43000030517578;9866.0;2021-02-12 14:30:00-05:00
14.420000076293944;14.43000030517578;14.399999618530272;14.399999618530272;4904.0;2021-02-12 15:30:00-05:00
14.399999618530272;14.449999809265137;14.350000381469728;14.354999542236328;0.0;2021-02-16 09:30:00-05:00
14.350000381469728;14.390000343322754;14.350000381469728;14.350000381469728;5168.0;2021-02-16 10:30:00-05:00
14.31999969482422;14.337200164794922;14.31999969482422;14.31999969482422;3706.0;2021-02-16 11:30:00-05:00
14.31999969482422;14.379300117492676;14.300000190734863;14.300000190734863;1132.0;2021-02-16 12:30:00-05:00
14.300000190734863;14.3100004196167;14.239999771118164;14.300000190734863;9500.0;2021-02-16 13:30:00-05:00
14.300000190734863;14.309900283813477;14.260000228881836;14.270000457763672;12250.0;2021-02-16 14:30:00-05:00
14.270000457763672;14.290900230407717;14.270000457763672;14.270000457763672;2288.0;2021-02-16 15:30:00-05:00
14.329999923706056;14.329999923706056;14.260000228881836;14.300000190734863;0.0;2021-02-17 09:30:00-05:00
14.260000228881836;14.3100004196167;14.25;14.25;5395.0;2021-02-17 10:30:00-05:00
14.25;14.300000190734863;14.25;14.270000457763672;9300.0;2021-02-17 11:30:00-05:00
14.270999908447266;14.28499984741211;14.25;14.25;3558.0;2021-02-17 12:30:00-05:00
14.25;14.25;14.25;14.25;903.0;2021-02-17 13:30:00-05:00
14.260000228881836;14.29010009765625;14.25;14.25;5763.0;2021-02-17 14:30:00-05:00
14.25;14.25;14.220000267028809;14.229999542236328;9753.0;2021-02-17 15:30:00-05:00
14.260000228881836;14.260000228881836;14.140000343322754;14.149999618530272;0.0;2021-02-18 09:30:00-05:00
14.149999618530272;14.15999984741211;14.149999618530272;14.15999984741211;900.0;2021-02-18 10:30:00-05:00
14.15999984741211;14.170000076293944;14.15999984741211;14.170000076293944;1600.0;2021-02-18 11:30:00-05:00
14.170000076293944;14.170000076293944;14.149999618530272;14.149999618530272;6110.0;2021-02-18 12:30:00-05:00
14.149999618530272;14.149999618530272;14.149999618530272;14.149999618530272;2151.0;2021-02-18 13:30:00-05:00
14.149999618530272;14.159799575805664;14.140000343322754;14.140000343322754;4349.0;2021-02-18 14:30:00-05:00
14.140000343322754;14.140000343322754;14.130000114440918;14.130000114440918;7032.0;2021-02-18 15:30:00-05:00
14.15999984741211;14.15999984741211;14.109999656677246;14.149900436401367;0.0;2021-02-19 09:30:00-05:00
14.109999656677246;14.149999618530272;14.109999656677246;14.110099792480469;6601.0;2021-02-19 10:30:00-05:00
14.109999656677246;14.149999618530272;14.109999656677246;14.109999656677246;3855.0;2021-02-19 11:30:00-05:00
14.119999885559082;14.140999794006348;14.100000381469728;14.100000381469728;1971.0;2021-02-19 12:30:00-05:00
14.100000381469728;14.109999656677246;14.079999923706056;14.08899974822998;2193.0;2021-02-19 13:30:00-05:00
14.105799674987791;14.105799674987791;14.029999732971191;14.0600004196167;8077.0;2021-02-19 14:30:00-05:00
14.0600004196167;14.06999969482422;14.0600004196167;14.0600004196167;3538.0;2021-02-19 15:30:00-05:00
14.100000381469728;14.100000381469728;14.050000190734863;14.0600004196167;0.0;2021-02-22 09:30:00-05:00
14.0600004196167;14.06999969482422;14.010000228881836;14.050000190734863;9860.0;2021-02-22 10:30:00-05:00
14.044699668884276;14.050000190734863;14.032999992370604;14.050000190734863;17331.0;2021-02-22 11:30:00-05:00
14.050000190734863;14.0600004196167;14.050000190734863;14.050000190734863;9506.0;2021-02-22 12:30:00-05:00
14.04990005493164;14.04990005493164;14.010000228881836;14.010000228881836;3865.0;2021-02-22 13:30:00-05:00
14.003999710083008;14.010000228881836;13.970000267028809;14.010000228881836;12414.0;2021-02-22 14:30:00-05:00
14.010000228881836;14.079999923706056;14.010000228881836;14.079999923706056;12548.0;2021-02-22 15:30:00-05:00
14.050000190734863;14.050000190734863;13.90999984741211;13.964699745178224;0.0;2021-02-23 09:30:00-05:00
13.970000267028809;13.970000267028809;13.947199821472168;13.947199821472168;9238.0;2021-02-23 10:30:00-05:00
13.9399995803833;13.949999809265137;13.9399995803833;13.949999809265137;5183.0;2021-02-23 11:30:00-05:00
13.94499969482422;13.989999771118164;13.940699577331545;13.960000038146973;3736.0;2021-02-23 12:30:00-05:00
13.989999771118164;14.0;13.979999542236328;14.0;5192.0;2021-02-23 13:30:00-05:00
14.0;14.010000228881836;14.0;14.000200271606444;2124.0;2021-02-23 14:30:00-05:00
14.0;14.050000190734863;13.989999771118164;14.050000190734863;5631.0;2021-02-23 15:30:00-05:00
14.029999732971191;14.029999732971191;13.920000076293944;13.949999809265137;0.0;2021-02-24 09:30:00-05:00
13.960000038146973;14.0;13.93000030517578;13.93000030517578;25856.0;2021-02-24 10:30:00-05:00
13.9399995803833;14.029999732971191;13.9399995803833;14.010000228881836;12250.0;2021-02-24 11:30:00-05:00
14.020000457763672;14.050000190734863;14.010000228881836;14.04360008239746;5199.0;2021-02-24 12:30:00-05:00
14.0600004196167;14.06999969482422;14.050000190734863;14.058300018310549;5911.0;2021-02-24 13:30:00-05:00
14.050000190734863;14.0600004196167;14.039999961853027;14.0600004196167;4749.0;2021-02-24 14:30:00-05:00
14.039999961853027;14.050000190734863;14.020000457763672;14.020000457763672;7193.0;2021-02-24 15:30:00-05:00
13.970000267028809;14.039999961853027;13.899999618530272;13.90999984741211;0.0;2021-02-25 09:30:00-05:00
13.920000076293944;13.925000190734863;13.845000267028809;13.878199577331545;8821.0;2021-02-25 10:30:00-05:00
13.850000381469728;13.878199577331545;13.84000015258789;13.850000381469728;15296.0;2021-02-25 11:30:00-05:00
13.854999542236328;13.854999542236328;13.800000190734863;13.800000190734863;11148.0;2021-02-25 12:30:00-05:00
13.779999732971191;13.820799827575684;13.770000457763672;13.820799827575684;16340.0;2021-02-25 13:30:00-05:00
13.84000015258789;13.869999885559082;13.835000038146973;13.869999885559082;4450.0;2021-02-25 14:30:00-05:00
13.840399742126465;13.880000114440918;13.84000015258789;13.880000114440918;1060.0;2021-02-25 15:30:00-05:00
13.920000076293944;13.920000076293944;13.81999969482422;13.880000114440918;0.0;2021-02-26 09:30:00-05:00
13.890000343322754;13.890000343322754;13.869999885559082;13.869999885559082;3272.0;2021-02-26 10:30:00-05:00
13.880000114440918;13.890000343322754;13.84000015258789;13.85990047454834;8591.0;2021-02-26 11:30:00-05:00
13.859999656677246;13.890000343322754;13.859999656677246;13.890000343322754;16743.0;2021-02-26 12:30:00-05:00
13.920000076293944;13.920700073242188;13.890000343322754;13.899999618530272;8185.0;2021-02-26 13:30:00-05:00
13.890000343322754;13.90999984741211;13.880000114440918;13.90999984741211;1870.0;2021-02-26 14:30:00-05:00
13.890000343322754;13.920000076293944;13.880000114440918;13.920000076293944;8085.0;2021-02-26 15:30:00-05:00
13.970000267028809;14.09000015258789;13.950300216674805;14.015000343322754;0.0;2021-03-01 09:30:00-05:00
14.020000457763672;14.020000457763672;13.949999809265137;13.949999809265137;16279.0;2021-03-01 10:30:00-05:00
13.970000267028809;14.0;13.969900131225586;14.0;5475.0;2021-03-01 11:30:00-05:00
14.010000228881836;14.010000228881836;14.009900093078612;14.009900093078612;2929.0;2021-03-01 12:30:00-05:00
14.010000228881836;14.010000228881836;14.0;14.0;5373.0;2021-03-01 13:30:00-05:00
14.020000457763672;14.033499717712402;14.020000457763672;14.020000457763672;13941.0;2021-03-01 14:30:00-05:00
14.039999961853027;14.050000190734863;14.039999961853027;14.050000190734863;1399.0;2021-03-01 15:30:00-05:00
14.079999923706056;14.09000015258789;14.010000228881836;14.09000015258789;0.0;2021-03-02 09:30:00-05:00
14.079999923706056;14.09000015258789;14.079999923706056;14.09000015258789;203053.0;2021-03-02 10:30:00-05:00
14.09000015258789;14.09000015258789;14.09000015258789;14.09000015258789;271.0;2021-03-02 11:30:00-05:00
14.09220027923584;14.093999862670898;14.010000228881836;14.01039981842041;10044.0;2021-03-02 12:30:00-05:00
14.03499984741211;14.03499984741211;14.010000228881836;14.010000228881836;10169.0;2021-03-02 13:30:00-05:00
14.0;14.0;14.0;14.0;261.0;2021-03-02 14:30:00-05:00
14.010000228881836;14.010000228881836;14.0;14.0;3121.0;2021-03-02 15:30:00-05:00
14.079999923706056;14.100000381469728;14.020000457763672;14.020000457763672;0.0;2021-03-03 09:30:00-05:00
14.039999961853027;14.039999961853027;14.010000228881836;14.010000228881836;337.0;2021-03-03 10:30:00-05:00
14.010000228881836;14.017000198364258;13.970000267028809;13.98009967803955;10088.0;2021-03-03 11:30:00-05:00
13.998499870300291;13.998499870300291;13.899999618530272;13.899999618530272;157477.0;2021-03-03 13:30:00-05:00
13.912699699401855;13.9399995803833;13.912699699401855;13.9399995803833;1645.0;2021-03-03 14:30:00-05:00
13.93000030517578;13.93000030517578;13.899999618530272;13.93000030517578;3911.0;2021-03-03 15:30:00-05:00
13.979999542236328;14.0;13.949999809265137;14.0;0.0;2021-03-04 09:30:00-05:00
14.0;14.009900093078612;14.0;14.0;1984.0;2021-03-04 10:30:00-05:00
14.0;14.015000343322754;14.0;14.015000343322754;2658.0;2021-03-04 11:30:00-05:00
14.020000457763672;14.020000457763672;13.960000038146973;13.970000267028809;2067.0;2021-03-04 12:30:00-05:00
13.949999809265137;13.970000267028809;13.949999809265137;13.960000038146973;460.0;2021-03-04 13:30:00-05:00
13.956000328063965;13.970000267028809;13.900099754333496;13.900099754333496;8569.0;2021-03-04 14:30:00-05:00
13.925000190734863;13.925000190734863;13.899999618530272;13.899999618530272;1945.0;2021-03-04 15:30:00-05:00
13.890000343322754;13.9399995803833;13.829999923706056;13.880000114440918;19398.0;2021-03-05 09:30:00-05:00
13.873499870300291;13.895000457763672;13.868599891662598;13.868599891662598;3971.0;2021-03-05 10:30:00-05:00
13.880000114440918;13.880000114440918;13.874799728393556;13.880000114440918;6649.0;2021-03-05 11:30:00-05:00
13.897100448608398;13.899999618530272;13.880000114440918;13.880000114440918;2991.0;2021-03-05 12:30:00-05:00
13.890000343322754;13.890000343322754;13.890000343322754;13.890000343322754;1401.0;2021-03-05 13:30:00-05:00
13.859999656677246;13.93000030517578;13.859999656677246;13.93000030517578;5674.0;2021-03-05 14:30:00-05:00
13.92990016937256;13.92990016937256;13.899999618530272;13.899999618530272;400.0;2021-03-05 15:30:00-05:00
13.93000030517578;13.975000381469728;13.93000030517578;13.949999809265137;0.0;2021-03-08 09:30:00-05:00
13.952799797058104;13.959799766540527;13.930100440979004;13.9399995803833;4050.0;2021-03-08 10:30:00-05:00
13.949999809265137;13.949999809265137;13.935999870300291;13.949999809265137;2820.0;2021-03-08 11:30:00-05:00
13.940099716186523;13.940099716186523;13.940099716186523;13.940099716186523;122.0;2021-03-08 12:30:00-05:00
13.954999923706056;13.954999923706056;13.954999923706056;13.954999923706056;800.0;2021-03-08 13:30:00-05:00
13.950799942016602;13.970000267028809;13.950799942016602;13.960000038146973;2918.0;2021-03-08 14:30:00-05:00
14.010000228881836;14.016900062561035;14.010000228881836;14.016900062561035;0.0;2021-03-09 09:30:00-05:00
13.982000350952148;14.010000228881836;13.970000267028809;14.010000228881836;826.0;2021-03-09 10:30:00-05:00
13.994999885559082;13.994999885559082;13.979999542236328;13.979999542236328;1400.0;2021-03-09 11:30:00-05:00
14.0;14.010000228881836;14.0;14.010000228881836;1800.0;2021-03-09 12:30:00-05:00
14.0;14.0;14.0;14.0;1325.0;2021-03-09 13:30:00-05:00
14.010000228881836;14.020000457763672;14.005000114440918;14.020000457763672;1277.0;2021-03-09 14:30:00-05:00
14.020000457763672;14.020000457763672;13.970000267028809;14.010000228881836;9189.0;2021-03-09 15:30:00-05:00
14.020000457763672;14.020000457763672;13.9399995803833;13.984999656677246;0.0;2021-03-10 09:30:00-05:00
14.010000228881836;14.020000457763672;13.960000038146973;14.010000228881836;6170.0;2021-03-10 10:30:00-05:00
14.010000228881836;14.020000457763672;14.010000228881836;14.010000228881836;1900.0;2021-03-10 11:30:00-05:00
14.020000457763672;14.059000015258787;14.017000198364258;14.059000015258787;10711.0;2021-03-10 12:30:00-05:00
14.0600004196167;14.06999969482422;14.0600004196167;14.0600004196167;3240.0;2021-03-10 13:30:00-05:00
14.0600004196167;14.0600004196167;14.0600004196167;14.0600004196167;1243.0;2021-03-10 14:30:00-05:00
14.0600004196167;14.079899787902832;14.039999961853027;14.050000190734863;2673.0;2021-03-10 15:30:00-05:00
14.039999961853027;14.09000015258789;14.039999961853027;14.09000015258789;0.0;2021-03-11 09:30:00-05:00
14.09000015258789;14.09000015258789;14.09000015258789;14.09000015258789;218.0;2021-03-11 10:30:00-05:00
14.07509994506836;14.100000381469728;14.07509994506836;14.100000381469728;4391.0;2021-03-11 11:30:00-05:00
14.09000015258789;14.100000381469728;14.09000015258789;14.100000381469728;323.0;2021-03-11 12:30:00-05:00
14.100000381469728;14.140000343322754;14.09000015258789;14.109999656677246;11852.0;2021-03-11 13:30:00-05:00
14.100000381469728;14.109999656677246;14.100000381469728;14.109999656677246;2452.0;2021-03-11 14:30:00-05:00
14.109999656677246;14.140000343322754;14.09000015258789;14.119999885559082;2077.0;2021-03-11 15:30:00-05:00
14.0600004196167;14.0600004196167;13.93000030517578;13.949999809265137;0.0;2021-03-12 09:30:00-05:00
13.949999809265137;13.960000038146973;13.9399995803833;13.949999809265137;6004.0;2021-03-12 10:30:00-05:00
13.960000038146973;14.0;13.949999809265137;13.970000267028809;8850.0;2021-03-12 11:30:00-05:00
13.970000267028809;13.989999771118164;13.970000267028809;13.989999771118164;1033.0;2021-03-12 12:30:00-05:00
14.0;14.0;13.960000038146973;14.0;2900.0;2021-03-12 13:30:00-05:00
14.0;14.0;13.985400199890137;14.0;2540.0;2021-03-12 14:30:00-05:00
14.0;14.029999732971191;13.979999542236328;14.029999732971191;4453.0;2021-03-12 15:30:00-05:00
13.989999771118164;14.03499984741211;13.989999771118164;14.03499984741211;0.0;2021-03-15 09:30:00-04:00
14.0;14.0600004196167;14.0;14.029000282287598;5472.0;2021-03-15 10:30:00-04:00
14.050000190734863;14.079999923706056;14.029999732971191;14.079899787902832;9276.0;2021-03-15 12:30:00-04:00
14.079999923706056;14.079999923706056;14.020000457763672;14.020000457763672;10664.0;2021-03-15 13:30:00-04:00
14.03499984741211;14.03499984741211;14.020000457763672;14.020000457763672;809.0;2021-03-15 15:30:00-04:00
14.010000228881836;14.06999969482422;13.979999542236328;14.050000190734863;0.0;2021-03-16 09:30:00-04:00
14.050000190734863;14.050000190734863;14.010000228881836;14.020000457763672;2378.0;2021-03-16 10:30:00-04:00
14.020000457763672;14.029999732971191;14.020000457763672;14.029999732971191;771.0;2021-03-16 11:30:00-04:00
14.010000228881836;14.010000228881836;14.010000228881836;14.010000228881836;100.0;2021-03-16 12:30:00-04:00
14.029999732971191;14.039999961853027;14.029999732971191;14.039999961853027;900.0;2021-03-16 13:30:00-04:00
14.05150032043457;14.0600004196167;14.050000190734863;14.0600004196167;3226.0;2021-03-16 14:30:00-04:00
14.06999969482422;14.088000297546388;14.0600004196167;14.0600004196167;6466.0;2021-03-16 15:30:00-04:00
14.029999732971191;14.029999732971191;13.920000076293944;13.987500190734863;0.0;2021-03-17 09:30:00-04:00
13.96500015258789;13.96500015258789;13.960000038146973;13.960000038146973;806.0;2021-03-17 10:30:00-04:00
13.960000038146973;13.979999542236328;13.960000038146973;13.979999542236328;1147.0;2021-03-17 11:30:00-04:00
13.984000205993652;13.984000205993652;13.982000350952148;13.982000350952148;8104.0;2021-03-17 12:30:00-04:00
13.989999771118164;14.020000457763672;13.979999542236328;14.01990032196045;1729.0;2021-03-17 13:30:00-04:00
14.029899597167969;14.050000190734863;14.029899597167969;14.039999961853027;4972.0;2021-03-17 14:30:00-04:00
14.03499984741211;14.04990005493164;14.020000457763672;14.020000457763672;2320.0;2021-03-17 15:30:00-04:00
13.979999542236328;14.029999732971191;13.869999885559082;13.880000114440918;0.0;2021-03-18 09:30:00-04:00
13.869999885559082;13.899999618530272;13.84000015258789;13.899999618530272;3260.0;2021-03-18 10:30:00-04:00
13.93000030517578;13.9399995803833;13.925000190734863;13.9399995803833;3838.0;2021-03-18 11:30:00-04:00
14.0;14.0;14.0;14.0;395.0;2021-03-18 12:30:00-04:00
13.977999687194824;13.977999687194824;13.977999687194824;13.977999687194824;553.0;2021-03-18 13:30:00-04:00
13.949999809265137;14.029999732971191;13.949999809265137;13.970000267028809;7108.0;2021-03-18 14:30:00-04:00
13.970000267028809;13.976200103759766;13.949999809265137;13.954999923706056;9529.0;2021-03-18 15:30:00-04:00
13.979999542236328;13.988800048828123;13.890000343322754;13.890000343322754;0.0;2021-03-19 09:30:00-04:00
13.920000076293944;13.989999771118164;13.920000076293944;13.989999771118164;15519.0;2021-03-19 10:30:00-04:00
13.989999771118164;14.020000457763672;13.98989963531494;14.020000457763672;3134.0;2021-03-19 11:30:00-04:00
14.029999732971191;14.06999969482422;14.023300170898438;14.0600004196167;5303.0;2021-03-19 12:30:00-04:00
14.039999961853027;14.0600004196167;14.020000457763672;14.020000457763672;3347.0;2021-03-19 13:30:00-04:00
14.020000457763672;14.079899787902832;13.979999542236328;14.050000190734863;6050.0;2021-03-19 14:30:00-04:00
14.079899787902832;14.100000381469728;14.050000190734863;14.100000381469728;3677.0;2021-03-19 15:30:00-04:00
13.989999771118164;14.010000228881836;13.989999771118164;13.989999771118164;0.0;2021-03-22 09:30:00-04:00
14.010000228881836;14.050000190734863;14.010000228881836;14.010000228881836;9400.0;2021-03-22 10:30:00-04:00
14.029999732971191;14.029999732971191;14.029999732971191;14.029999732971191;500.0;2021-03-22 11:30:00-04:00
14.023200035095217;14.023200035095217;14.023200035095217;14.023200035095217;511.0;2021-03-22 12:30:00-04:00
14.050000190734863;14.050000190734863;14.050000190734863;14.050000190734863;1785.0;2021-03-22 13:30:00-04:00
14.020000457763672;14.0600004196167;14.010000228881836;14.0600004196167;5327.0;2021-03-22 14:30:00-04:00
14.06999969482422;14.06999969482422;14.029999732971191;14.0600004196167;2895.0;2021-03-22 15:30:00-04:00
14.029999732971191;14.039999961853027;13.960000038146973;13.960000038146973;0.0;2021-03-23 09:30:00-04:00
13.970000267028809;13.970000267028809;13.970000267028809;13.970000267028809;100.0;2021-03-23 10:30:00-04:00
13.960000038146973;14.079999923706056;13.960000038146973;14.06999969482422;0.0;2021-03-24 09:30:00-04:00
14.06999969482422;14.06999969482422;14.010000228881836;14.010000228881836;3400.0;2021-03-24 10:30:00-04:00
14.050000190734863;14.050000190734863;14.050000190734863;14.050000190734863;136.0;2021-03-24 11:30:00-04:00
14.010000228881836;14.119999885559082;14.0;14.029999732971191;10990.0;2021-03-24 12:30:00-04:00
14.020000457763672;14.020000457763672;14.020000457763672;14.020000457763672;900.0;2021-03-24 13:30:00-04:00
14.020000457763672;14.020099639892578;13.989999771118164;14.00119972229004;4608.0;2021-03-24 14:30:00-04:00
13.989999771118164;14.002400398254396;13.989999771118164;14.002400398254396;1796.0;2021-03-24 15:30:00-04:00
14.119999885559082;14.119999885559082;14.050000190734863;14.07009983062744;0.0;2021-03-25 09:30:00-04:00
14.100000381469728;14.141599655151367;14.100000381469728;14.141599655151367;6723.0;2021-03-25 10:30:00-04:00
14.109999656677246;14.140000343322754;14.100000381469728;14.12559986114502;3345.0;2021-03-25 11:30:00-04:00
14.119999885559082;14.119999885559082;14.100000381469728;14.100000381469728;634.0;2021-03-25 12:30:00-04:00
14.110099792480469;14.110099792480469;14.109999656677246;14.109999656677246;502.0;2021-03-25 13:30:00-04:00
14.130000114440918;14.130000114440918;14.130000114440918;14.130000114440918;952.0;2021-03-25 14:30:00-04:00
14.140000343322754;14.140000343322754;14.130000114440918;14.130000114440918;0.0;2021-03-25 15:30:00-04:00
14.130000114440918;14.136300086975098;14.100000381469728;14.136300086975098;8164.0;2021-03-26 09:30:00-04:00
14.140000343322754;14.140000343322754;14.130000114440918;14.130000114440918;474.0;2021-03-26 10:30:00-04:00
14.159899711608888;14.159899711608888;14.159899711608888;14.159899711608888;2400.0;2021-03-26 11:30:00-04:00
14.119999885559082;14.130000114440918;14.100000381469728;14.100000381469728;2291.0;2021-03-26 14:30:00-04:00
14.130000114440918;14.130000114440918;14.100000381469728;14.100000381469728;1125.0;2021-03-26 15:30:00-04:00
14.149999618530272;14.1899995803833;14.109999656677246;14.149999618530272;1065335.0;2021-03-29 09:30:00-04:00
14.149999618530272;14.149999618530272;14.109999656677246;14.109999656677246;1007901203.0;2021-03-29 10:30:00-04:00
14.149999618530272;14.149999618530272;14.109999656677246;14.149999618530272;0.0;2021-03-29 11:30:00-04:00
14.149999618530272;14.149999618530272;14.119999885559082;14.149999618530272;1028442107357.0;2021-03-29 12:30:00-04:00
14.119999885559082;14.147899627685549;14.100000381469728;14.100000381469728;0.0;2021-03-29 13:30:00-04:00
14.100000381469728;14.109999656677246;14.100000381469728;14.109999656677246;1008980992.0;2021-03-29 14:30:00-04:00
14.109999656677246;14.109999656677246;14.109999656677246;14.109999656677246;0.0;2021-03-29 15:30:00-04:00
14.100000381469728;14.149999618530272;14.100000381469728;14.130000114440918;2000.0;2021-03-30 09:30:00-04:00
14.130000114440918;14.139100074768066;14.130000114440918;14.138099670410156;12737040.0;2021-03-30 10:30:00-04:00
14.140000343322754;14.1899995803833;14.130000114440918;14.1899995803833;36369193.0;2021-03-30 11:30:00-04:00
14.19509983062744;14.210000038146973;14.170000076293944;14.210000038146973;0.0;2021-03-30 12:30:00-04:00
14.210000038146973;14.220000267028809;14.1899995803833;14.19499969482422;0.0;2021-03-30 13:30:00-04:00
14.170000076293944;14.239999771118164;14.170000076293944;14.229999542236328;1127460994.0;2021-03-30 14:30:00-04:00
14.220000267028809;14.25;14.199999809265137;14.220000267028809;0.0;2021-03-30 15:30:00-04:00
14.1899995803833;14.25;14.18000030517578;14.220000267028809;1069125316000.0;2021-03-31 09:30:00-04:00
14.239999771118164;14.25;14.229999542236328;14.25;0.0;2021-03-31 10:30:00-04:00
14.25;14.289999961853027;14.241700172424316;14.289999961853027;1032805000.0;2021-03-31 11:30:00-04:00
14.280699729919434;14.289999961853027;14.260000228881836;14.260000228881836;1024726171000.0;2021-03-31 12:30:00-04:00
14.260000228881836;14.260000228881836;14.25;14.25;0.0;2021-03-31 13:30:00-04:00
14.25;14.25;14.220000267028809;14.249899864196776;1021662445056.0;2021-03-31 14:30:00-04:00
14.25;14.25;14.239999771118164;14.25;0.0;2021-03-31 15:30:00-04:00
14.390000343322754;14.390000343322754;14.305999755859377;14.312000274658203;90810390.0;2021-04-01 09:30:00-04:00
14.339900016784668;14.369999885559082;14.309900283813477;14.31999969482422;0.0;2021-04-01 10:30:00-04:00
14.31999969482422;14.329999923706056;14.279999732971191;14.329999923706056;0.0;2021-04-01 11:30:00-04:00
14.30620002746582;14.329999923706056;14.30620002746582;14.329999923706056;0.0;2021-04-01 12:30:00-04:00
14.329999923706056;14.350000381469728;14.328499794006348;14.34980010986328;2657536.0;2021-04-01 13:30:00-04:00
14.322699546813965;14.329999923706056;14.3100004196167;14.3100004196167;70852895.0;2021-04-01 14:30:00-04:00
14.31999969482422;14.31999969482422;14.270000457763672;14.270000457763672;0.0;2021-04-01 15:30:00-04:00
14.300000190734863;14.489999771118164;14.300000190734863;14.43000030517578;0.0;2021-04-05 09:30:00-04:00
14.43000030517578;14.43000030517578;14.369999885559082;14.369999885559082;1065017129.0;2021-04-05 10:30:00-04:00
14.420000076293944;14.420000076293944;14.395899772644045;14.395899772644045;0.0;2021-04-05 11:30:00-04:00
14.369999885559082;14.381199836730955;14.359999656677246;14.37950038909912;0.0;2021-04-05 12:30:00-04:00
14.359999656677246;14.359999656677246;14.350000381469728;14.350000381469728;0.0;2021-04-05 13:30:00-04:00
14.369000434875488;14.43000030517578;14.350000381469728;14.380000114440918;1033119140608.0;2021-04-05 14:30:00-04:00
14.381400108337402;14.390000343322754;14.380000114440918;14.380000114440918;0.0;2021-04-05 15:30:00-04:00
14.40999984741211;14.449999809265137;14.40999984741211;14.420000076293944;45873481.0;2021-04-06 09:30:00-04:00
14.4399995803833;14.4399995803833;14.403900146484377;14.4399995803833;0.0;2021-04-06 10:30:00-04:00
14.4399995803833;14.4399995803833;14.399999618530272;14.399999618530272;74072104.0;2021-04-06 11:30:00-04:00
14.380200386047363;14.380200386047363;14.380200386047363;14.380200386047363;0.0;2021-04-06 13:30:00-04:00
14.395000457763672;14.399999618530272;14.380000114440918;14.380000114440918;9247823.0;2021-04-06 14:30:00-04:00
14.380000114440918;14.399999618530272;14.380000114440918;14.380000114440918;0.0;2021-04-06 15:30:00-04:00
14.4399995803833;14.4399995803833;14.399999618530272;14.399999618530272;13757000.0;2021-04-07 09:30:00-04:00
14.40999984741211;14.43000030517578;14.40999984741211;14.420000076293944;2166865212.0;2021-04-07 10:30:00-04:00
14.43000030517578;14.43000030517578;14.43000030517578;14.43000030517578;0.0;2021-04-07 11:30:00-04:00
14.43000030517578;14.43000030517578;14.420000076293944;14.420000076293944;0.0;2021-04-07 12:30:00-04:00
14.420000076293944;14.43000030517578;14.40999984741211;14.40999984741211;93133353.0;2021-04-07 13:30:00-04:00
14.404999732971191;14.404999732971191;14.399999618530272;14.399999618530272;0.0;2021-04-07 14:30:00-04:00
14.360400199890137;14.399999618530272;14.360400199890137;14.399999618530272;3285986008.0;2021-04-07 15:30:00-04:00
14.449999809265137;14.449999809265137;14.43000030517578;14.4399995803833;0.0;2021-04-08 09:30:00-04:00
14.4399995803833;14.460000038146973;14.4399995803833;14.44499969482422;10901.0;2021-04-08 10:30:00-04:00
14.460000038146973;14.460000038146973;14.448100090026855;14.460000038146973;4729.0;2021-04-08 11:30:00-04:00
14.479999542236328;14.479999542236328;14.460000038146973;14.460000038146973;11728.0;2021-04-08 12:30:00-04:00
14.468099594116213;14.468099594116213;14.468099594116213;14.468099594116213;205.0;2021-04-08 13:30:00-04:00
14.460000038146973;14.460000038146973;14.4399995803833;14.4399995803833;2900.0;2021-04-08 14:30:00-04:00
14.454999923706056;14.470000267028809;14.454999923706056;14.470000267028809;655.0;2021-04-08 15:30:00-04:00
14.43000030517578;14.430100440979004;14.420000076293944;14.430100440979004;1400.0;2021-04-09 12:30:00-04:00
14.449999809265137;14.460000038146973;14.449999809265137;14.45989990234375;2410.0;2021-04-09 13:30:00-04:00
14.4399995803833;14.449999809265137;14.350000381469728;14.350000381469728;4044.0;2021-04-09 14:30:00-04:00
14.352100372314451;14.399999618530272;14.352100372314451;14.399999618530272;3333.0;2021-04-09 15:30:00-04:00
14.369999885559082;14.369999885559082;14.369999885559082;14.369999885559082;0.0;2021-04-12 09:30:00-04:00
14.479900360107422;14.489999771118164;14.420000076293944;14.449999809265137;6281.0;2021-04-12 10:30:00-04:00
14.477499961853027;14.479999542236328;14.477499961853027;14.479999542236328;2381.0;2021-04-12 11:30:00-04:00
14.453399658203123;14.460000038146973;14.453399658203123;14.460000038146973;1370.0;2021-04-12 12:30:00-04:00
14.459600448608398;14.459600448608398;14.459600448608398;14.459600448608398;100.0;2021-04-12 13:30:00-04:00
14.459500312805176;14.475700378417969;14.449999809265137;14.449999809265137;1748.0;2021-04-12 14:30:00-04:00
14.460000038146973;14.479999542236328;14.460000038146973;14.479999542236328;3718.0;2021-04-12 15:30:00-04:00
14.489999771118164;14.489999771118164;14.470000267028809;14.489999771118164;0.0;2021-04-13 09:30:00-04:00
14.489999771118164;14.489999771118164;14.489999771118164;14.489999771118164;813.0;2021-04-13 10:30:00-04:00
14.489999771118164;14.489999771118164;14.479999542236328;14.479999542236328;5060.0;2021-04-13 11:30:00-04:00
14.479999542236328;14.5;14.479999542236328;14.479999542236328;12025.0;2021-04-13 12:30:00-04:00
14.5;14.5;14.489999771118164;14.493200302124023;2597.0;2021-04-13 13:30:00-04:00
14.494999885559082;14.5;14.489999771118164;14.489999771118164;1280.0;2021-04-13 14:30:00-04:00
14.489999771118164;14.5;14.479999542236328;14.5;4503.0;2021-04-13 15:30:00-04:00
14.5;14.5;14.460000038146973;14.460000038146973;0.0;2021-04-14 09:30:00-04:00
14.46500015258789;14.470000267028809;14.399999618530272;14.399999618530272;9109.0;2021-04-14 10:30:00-04:00
14.390000343322754;14.401000022888184;14.389599800109863;14.395000457763672;3015.0;2021-04-14 12:30:00-04:00
14.40999984741211;14.449999809265137;14.40999984741211;14.449999809265137;370.0;2021-04-14 13:30:00-04:00
14.410799980163574;14.410799980163574;14.410799980163574;14.410799980163574;2088.0;2021-04-14 14:30:00-04:00
14.460000038146973;14.460000038146973;14.460000038146973;14.460000038146973;110.0;2021-04-14 15:30:00-04:00
14.5;14.5;14.43000030517578;14.458999633789062;0.0;2021-04-15 09:30:00-04:00
14.479999542236328;14.5;14.479999542236328;14.499600410461426;3160.0;2021-04-15 10:30:00-04:00
14.485600471496582;14.489999771118164;14.475899696350098;14.475899696350098;1877.0;2021-04-15 12:30:00-04:00
14.470000267028809;14.5;14.470000267028809;14.5;609.0;2021-04-15 14:30:00-04:00
14.505000114440918;14.505000114440918;14.449999809265137;14.5;4195.0;2021-04-15 15:30:00-04:00
14.4399995803833;14.4399995803833;14.4399995803833;14.4399995803833;0.0;2021-04-16 15:30:00-04:00
14.470000267028809;14.470000267028809;14.359999656677246;14.420000076293944;11326.0;2021-04-19 09:30:00-04:00
14.420000076293944;14.438300132751465;14.369999885559082;14.43000030517578;2992.0;2021-04-19 10:30:00-04:00
14.40999984741211;14.40999984741211;14.40999984741211;14.40999984741211;110.0;2021-04-19 11:30:00-04:00
14.369999885559082;14.392000198364258;14.369999885559082;14.369999885559082;8570.0;2021-04-19 12:30:00-04:00
14.369999885559082;14.369999885559082;14.369999885559082;14.369999885559082;180.0;2021-04-19 13:30:00-04:00
14.371999740600586;14.390000343322754;14.350000381469728;14.369999885559082;8063.0;2021-04-19 14:30:00-04:00
14.352399826049805;14.359999656677246;14.350000381469728;14.359999656677246;2307.0;2021-04-19 15:30:00-04:00
14.399999618530272;14.425000190734863;14.385000228881836;14.399999618530272;0.0;2021-04-20 09:30:00-04:00
14.40999984741211;14.420000076293944;14.399999618530272;14.40999984741211;4065.0;2021-04-20 10:30:00-04:00
14.40999984741211;14.40999984741211;14.399999618530272;14.399999618530272;15156.0;2021-04-20 11:30:00-04:00
14.404999732971191;14.43000030517578;14.404999732971191;14.43000030517578;2700.0;2021-04-20 13:30:00-04:00
14.401399612426758;14.401399612426758;14.399999618530272;14.40089988708496;549.0;2021-04-20 14:30:00-04:00
14.40839958190918;14.409099578857422;14.399999618530272;14.399999618530272;749.0;2021-04-20 15:30:00-04:00
14.399999618530272;14.44569969177246;14.359999656677246;14.369999885559082;0.0;2021-04-21 09:30:00-04:00
14.369999885559082;14.380000114440918;14.369999885559082;14.369999885559082;3772.0;2021-04-21 10:30:00-04:00
14.385000228881836;14.399999618530272;14.385000228881836;14.385000228881836;5600.0;2021-04-21 11:30:00-04:00
14.389200210571287;14.390000343322754;14.380000114440918;14.390000343322754;7231.0;2021-04-21 12:30:00-04:00
14.390000343322754;14.390000343322754;14.380000114440918;14.380000114440918;1660.0;2021-04-21 13:30:00-04:00
14.380000114440918;14.390000343322754;14.380000114440918;14.380000114440918;13132.0;2021-04-21 14:30:00-04:00
14.380000114440918;14.380000114440918;14.380000114440918;14.380000114440918;512.0;2021-04-21 15:30:00-04:00
14.399999618530272;14.399999618530272;14.350000381469728;14.350000381469728;0.0;2021-04-22 09:30:00-04:00
14.359999656677246;14.369999885559082;14.359999656677246;14.369999885559082;4700.0;2021-04-22 10:30:00-04:00
14.369999885559082;14.369999885559082;14.359999656677246;14.359999656677246;6069.0;2021-04-22 11:30:00-04:00
14.350000381469728;14.350000381469728;14.329999923706056;14.339300155639648;7466.0;2021-04-22 12:30:00-04:00
14.339900016784668;14.350000381469728;14.335000038146973;14.350000381469728;6494.0;2021-04-22 13:30:00-04:00
14.350000381469728;14.350000381469728;14.34000015258789;14.350000381469728;3859.0;2021-04-22 14:30:00-04:00
14.350000381469728;14.350000381469728;14.340700149536133;14.350000381469728;5360.0;2021-04-22 15:30:00-04:00
14.34000015258789;14.5;14.329999923706056;14.40999984741211;0.0;2021-04-23 09:30:00-04:00
14.43000030517578;14.435999870300291;14.359999656677246;14.416000366210938;6966.0;2021-04-23 10:30:00-04:00
14.40999984741211;14.539999961853027;14.40999984741211;14.449999809265137;11939.0;2021-04-23 12:30:00-04:00
14.40999984741211;14.444600105285645;14.40999984741211;14.43000030517578;450.0;2021-04-23 13:30:00-04:00
14.40999984741211;14.40999984741211;14.399999618530272;14.40999984741211;1082.0;2021-04-23 14:30:00-04:00
14.390000343322754;14.420000076293944;14.390000343322754;14.420000076293944;850.0;2021-04-23 15:30:00-04:00
14.4399995803833;14.454999923706056;14.380000114440918;14.420000076293944;0.0;2021-04-26 09:30:00-04:00
14.40999984741211;14.40999984741211;14.380000114440918;14.380000114440918;3781.0;2021-04-26 10:30:00-04:00
14.399999618530272;14.420000076293944;14.399999618530272;14.420000076293944;1828.0;2021-04-26 11:30:00-04:00
14.449999809265137;14.529999732971191;14.449999809265137;14.475000381469728;10002.0;2021-04-26 12:30:00-04:00
14.475000381469728;14.489999771118164;14.460000038146973;14.460000038146973;2991.0;2021-04-26 13:30:00-04:00
14.460000038146973;14.460000038146973;14.390000343322754;14.399999618530272;11687.0;2021-04-26 14:30:00-04:00
14.40999984741211;14.43000030517578;14.359999656677246;14.390000343322754;0.0;2021-04-27 09:30:00-04:00
14.390000343322754;14.5;14.369999885559082;14.449999809265137;21129.0;2021-04-27 10:30:00-04:00
14.449999809265137;14.449999809265137;14.420000076293944;14.449999809265137;5590.0;2021-04-27 11:30:00-04:00
14.40999984741211;14.43000030517578;14.40999984741211;14.43000030517578;600.0;2021-04-27 12:30:00-04:00
14.43000030517578;14.479999542236328;14.43000030517578;14.47700023651123;8475.0;2021-04-27 13:30:00-04:00
14.479999542236328;14.479999542236328;14.479999542236328;14.479999542236328;0.0;2021-04-27 15:30:00-04:00
14.449999809265137;14.49899959564209;14.40999984741211;14.40999984741211;18778.0;2021-04-28 09:30:00-04:00
14.436100006103516;14.436699867248535;14.436100006103516;14.436699867248535;750.0;2021-04-28 10:30:00-04:00
14.420000076293944;14.4350004196167;14.420000076293944;14.4350004196167;1801.0;2021-04-28 11:30:00-04:00
14.449999809265137;14.5;14.430100440979004;14.430100440979004;6542.0;2021-04-28 12:30:00-04:00
14.44499969482422;14.479999542236328;14.44499969482422;14.479999542236328;925.0;2021-04-28 13:30:00-04:00
14.449999809265137;14.539999961853027;14.449999809265137;14.449999809265137;2931.0;2021-04-28 15:30:00-04:00
14.449999809265137;14.489999771118164;14.4399995803833;14.470000267028809;0.0;2021-04-29 09:30:00-04:00
14.479999542236328;14.479999542236328;14.479999542236328;14.479999542236328;822.0;2021-04-29 10:30:00-04:00
14.479999542236328;14.520000457763672;14.46090030670166;14.479999542236328;13839.0;2021-04-29 11:30:00-04:00
14.510000228881836;14.510000228881836;14.510000228881836;14.510000228881836;200.0;2021-04-29 12:30:00-04:00
14.520000457763672;14.520000457763672;14.479999542236328;14.479999542236328;300.0;2021-04-29 13:30:00-04:00
14.489999771118164;14.489999771118164;14.359999656677246;14.369999885559082;25819.0;2021-04-29 14:30:00-04:00
14.369999885559082;14.40999984741211;14.270000457763672;14.359999656677246;12178.0;2021-04-29 15:30:00-04:00
14.300000190734863;14.399999618530272;14.300000190734863;14.329999923706056;0.0;2021-04-30 09:30:00-04:00
14.34000015258789;14.350000381469728;14.329999923706056;14.335000038146973;1519.0;2021-04-30 10:30:00-04:00
14.329999923706056;14.34000015258789;14.329999923706056;14.34000015258789;1128.0;2021-04-30 11:30:00-04:00
14.3681001663208;14.369999885559082;14.3681001663208;14.369999885559082;1693.0;2021-04-30 12:30:00-04:00
14.348099708557127;14.350000381469728;14.348099708557127;14.350000381469728;2615.0;2021-04-30 14:30:00-04:00
14.34000015258789;14.35990047454834;14.34000015258789;14.350000381469728;965.0;2021-04-30 15:30:00-04:00
14.43000030517578;14.475000381469728;14.359999656677246;14.404999732971191;0.0;2021-05-03 09:30:00-04:00
14.420000076293944;14.43000030517578;14.399999618530272;14.40999984741211;3300.0;2021-05-03 10:30:00-04:00
14.380000114440918;14.43000030517578;14.380000114440918;14.43000030517578;7947.0;2021-05-03 11:30:00-04:00
14.43000030517578;14.43000030517578;14.419899940490724;14.419899940490724;7329.0;2021-05-03 12:30:00-04:00
14.420000076293944;14.420000076293944;14.399999618530272;14.4197998046875;2282.0;2021-05-03 13:30:00-04:00
14.399999618530272;14.420000076293944;14.399999618530272;14.420000076293944;2312.0;2021-05-03 14:30:00-04:00
14.420000076293944;14.420000076293944;14.399999618530272;14.420000076293944;0.0;2021-05-03 15:30:00-04:00
14.420000076293944;14.489999771118164;14.350000381469728;14.420000076293944;15777.0;2021-05-04 09:30:00-04:00
14.420000076293944;14.50189971923828;14.420000076293944;14.50189971923828;8710.0;2021-05-04 10:30:00-04:00
14.510000228881836;14.56999969482422;14.5;14.520999908447266;13004.0;2021-05-04 11:30:00-04:00
14.520000457763672;14.520000457763672;14.520000457763672;14.520000457763672;4500.0;2021-05-04 12:30:00-04:00
14.539999961853027;14.539999961853027;14.520000457763672;14.529999732971191;1140.0;2021-05-04 13:30:00-04:00
14.550000190734863;14.579999923706056;14.530099868774414;14.550000190734863;16637.0;2021-05-04 14:30:00-04:00
14.520000457763672;14.520099639892578;14.470000267028809;14.470000267028809;19084.0;2021-05-04 15:30:00-04:00
14.5600004196167;14.600000381469728;14.53499984741211;14.600000381469728;0.0;2021-05-05 09:30:00-04:00
14.59000015258789;14.59000015258789;14.56999969482422;14.579999923706056;1297.0;2021-05-05 10:30:00-04:00
14.539999961853027;14.591400146484377;14.420000076293944;14.59000015258789;34809.0;2021-05-05 11:30:00-04:00
14.5649995803833;14.5649995803833;14.5600004196167;14.5600004196167;680.0;2021-05-05 13:30:00-04:00
14.5600004196167;14.56999969482422;14.5600004196167;14.56999969482422;428.0;2021-05-05 14:30:00-04:00
14.581600189208984;14.59000015258789;14.581600189208984;14.59000015258789;0.0;2021-05-05 15:30:00-04:00
14.649999618530272;14.649999618530272;14.545000076293944;14.640000343322754;0.0;2021-05-06 09:30:00-04:00
14.640000343322754;14.649999618530272;14.610099792480469;14.610099792480469;9777.0;2021-05-06 10:30:00-04:00
14.649999618530272;14.649999618530272;14.63759994506836;14.63759994506836;3353.0;2021-05-06 11:30:00-04:00
14.61180019378662;14.61180019378662;14.61180019378662;14.61180019378662;1600.0;2021-05-06 12:30:00-04:00
14.628899574279783;14.628899574279783;14.626099586486816;14.626099586486816;2002.0;2021-05-06 14:30:00-04:00
14.640000343322754;14.640000343322754;14.639300346374512;14.640000343322754;1598.0;2021-05-06 15:30:00-04:00
14.65999984741211;14.68000030517578;14.65999984741211;14.68000030517578;0.0;2021-05-07 09:30:00-04:00
14.6899995803833;14.699999809265137;14.6899995803833;14.699999809265137;2204.0;2021-05-07 10:30:00-04:00
14.675000190734863;14.675000190734863;14.656200408935549;14.675000190734863;1204.0;2021-05-07 11:30:00-04:00
14.650099754333496;14.650099754333496;14.650099754333496;14.650099754333496;2096.0;2021-05-07 12:30:00-04:00
14.65999984741211;14.699999809265137;14.65999984741211;14.68000030517578;5118.0;2021-05-07 13:30:00-04:00
14.65999984741211;14.670000076293944;14.65999984741211;14.65999984741211;463.0;2021-05-07 14:30:00-04:00
14.678099632263184;14.699999809265137;14.65999984741211;14.65999984741211;10626.0;2021-05-07 15:30:00-04:00
14.729999542236328;14.729999542236328;14.68000030517578;14.710000038146973;0.0;2021-05-10 09:30:00-04:00
14.729999542236328;14.729999542236328;14.68000030517578;14.720000267028809;11893.0;2021-05-10 10:30:00-04:00
14.720000267028809;14.720000267028809;14.640000343322754;14.649999618530272;5506.0;2021-05-10 11:30:00-04:00
14.649999618530272;14.710000038146973;14.649999618530272;14.697999954223633;2800.0;2021-05-10 13:30:00-04:00
14.719200134277344;14.729999542236328;14.717000007629396;14.723999977111816;6456.0;2021-05-10 14:30:00-04:00
14.720000267028809;14.729999542236328;14.696000099182127;14.719200134277344;5738.0;2021-05-11 09:30:00-04:00
14.649999618530272;14.649999618530272;14.649999618530272;14.649999618530272;578.0;2021-05-11 10:30:00-04:00
14.699999809265137;14.699999809265137;14.68000030517578;14.68000030517578;1150.0;2021-05-11 11:30:00-04:00
14.65999984741211;14.65999984741211;14.649999618530272;14.65030002593994;1701.0;2021-05-11 12:30:00-04:00
14.640000343322754;14.68000030517578;14.640000343322754;14.68000030517578;2405.0;2021-05-11 13:30:00-04:00
14.654999732971191;14.674200057983398;14.619999885559082;14.619999885559082;3091.0;2021-05-11 14:30:00-04:00
14.609999656677246;14.619999885559082;14.609999656677246;14.609999656677246;2664.0;2021-05-11 15:30:00-04:00
14.670000076293944;14.670000076293944;14.600000381469728;14.600000381469728;0.0;2021-05-12 09:30:00-04:00
14.600000381469728;14.62619972229004;14.600000381469728;14.600000381469728;5185.0;2021-05-12 10:30:00-04:00
14.600000381469728;14.609999656677246;14.59000015258789;14.59000015258789;4575.0;2021-05-12 11:30:00-04:00
14.59000015258789;14.609999656677246;14.59000015258789;14.59000015258789;3256.0;2021-05-12 12:30:00-04:00
14.600000381469728;14.604999542236328;14.600000381469728;14.600000381469728;2600.0;2021-05-12 13:30:00-04:00
14.600000381469728;14.604999542236328;14.5600004196167;14.5600004196167;16197.0;2021-05-12 14:30:00-04:00
14.5600004196167;14.579899787902832;14.5;14.527000427246094;4555.0;2021-05-12 15:30:00-04:00
;;;;;2021-05-13 09:30:00-04:00
14.609999656677246;14.609999656677246;14.489999771118164;14.49429988861084;14251.0;2021-05-17 09:30:00-04:00
14.550000190734863;14.550000190734863;14.440099716186523;14.529999732971191;9697.0;2021-05-17 10:30:00-04:00
14.520000457763672;14.520000457763672;14.477999687194824;14.477999687194824;2926.0;2021-05-17 11:30:00-04:00
14.479999542236328;14.479999542236328;14.479999542236328;14.479999542236328;1000.0;2021-05-17 12:30:00-04:00
14.470000267028809;14.470000267028809;14.470000267028809;14.470000267028809;1400.0;2021-05-17 13:30:00-04:00
14.470000267028809;14.47089958190918;14.380000114440918;14.470000267028809;8450.0;2021-05-17 14:30:00-04:00
14.43000030517578;14.470000267028809;14.420000076293944;14.43000030517578;3715.0;2021-05-17 15:30:00-04:00
14.420000076293944;14.515000343322754;14.420000076293944;14.433099746704102;0.0;2021-05-18 09:30:00-04:00
14.5;14.5;14.446599960327148;14.449999809265137;10749.0;2021-05-18 10:30:00-04:00
14.470000267028809;14.475899696350098;14.4399995803833;14.4399995803833;0.0;2021-05-18 11:30:00-04:00
14.449999809265137;14.449999809265137;14.4399995803833;14.446100234985352;20356.0;2021-05-18 12:30:00-04:00
14.4399995803833;14.449999809265137;14.4399995803833;14.449999809265137;1149.0;2021-05-18 13:30:00-04:00
14.449999809265137;14.449999809265137;14.43000030517578;14.43000030517578;6848.0;2021-05-18 14:30:00-04:00
14.43000030517578;14.479999542236328;14.43000030517578;14.43000030517578;10719.0;2021-05-18 15:30:00-04:00
14.5;14.550000190734863;14.458900451660156;14.489999771118164;0.0;2021-05-19 09:30:00-04:00
14.470000267028809;14.479999542236328;14.460000038146973;14.470000267028809;2988.0;2021-05-19 10:30:00-04:00
14.470000267028809;14.479999542236328;14.449999809265137;14.449999809265137;6535.0;2021-05-19 11:30:00-04:00
14.460000038146973;14.460000038146973;14.380000114440918;14.411299705505373;29341.0;2021-05-19 12:30:00-04:00
14.399999618530272;14.4399995803833;14.399999618530272;14.40999984741211;12085.0;2021-05-19 13:30:00-04:00
14.40999984741211;14.4399995803833;14.40999984741211;14.40999984741211;4736.0;2021-05-19 14:30:00-04:00
14.425000190734863;14.43000030517578;14.425000190734863;14.43000030517578;3436.0;2021-05-19 15:30:00-04:00
14.489999771118164;14.529999732971191;14.449999809265137;14.460000038146973;0.0;2021-05-20 09:30:00-04:00
14.460000038146973;14.579999923706056;14.460000038146973;14.539999961853027;11450.0;2021-05-20 10:30:00-04:00
14.539999961853027;14.574999809265137;14.529999732971191;14.529999732971191;2900.0;2021-05-20 11:30:00-04:00
14.559599876403809;14.579999923706056;14.510000228881836;14.539999961853027;2560.0;2021-05-20 12:30:00-04:00
14.539999961853027;14.544699668884276;14.510000228881836;14.510000228881836;2700.0;2021-05-20 13:30:00-04:00
14.520000457763672;14.579999923706056;14.520000457763672;14.53499984741211;2200.0;2021-05-20 14:30:00-04:00
14.53499984741211;14.53499984741211;14.479999542236328;14.479999542236328;4192.0;2021-05-20 15:30:00-04:00
14.65999984741211;14.65999984741211;14.600000381469728;14.600000381469728;0.0;2021-05-21 09:30:00-04:00
14.600000381469728;14.600000381469728;14.59000015258789;14.59000015258789;401.0;2021-05-21 10:30:00-04:00
14.59000015258789;14.595000267028809;14.59000015258789;14.59000015258789;12514.0;2021-05-21 11:30:00-04:00
14.600000381469728;14.600000381469728;14.59000015258789;14.59000015258789;3885.0;2021-05-21 12:30:00-04:00
14.59000015258789;14.600000381469728;14.59000015258789;14.600000381469728;505.0;2021-05-21 13:30:00-04:00
14.59000015258789;14.59000015258789;14.510000228881836;14.550000190734863;10759.0;2021-05-21 14:30:00-04:00
14.510000228881836;14.542200088500977;14.479999542236328;14.479999542236328;2949.0;2021-05-21 15:30:00-04:00
14.539999961853027;14.56999969482422;14.529999732971191;14.529999732971191;734.0;2021-05-24 14:30:00-04:00
14.56999969482422;14.60990047454834;14.529999732971191;14.59000015258789;4712.0;2021-05-24 15:30:00-04:00
14.640000343322754;14.65999984741211;14.640000343322754;14.640000343322754;0.0;2021-05-25 09:30:00-04:00
14.635000228881836;14.645000457763672;14.619999885559082;14.640000343322754;2921.0;2021-05-25 10:30:00-04:00
14.640000343322754;14.649999618530272;14.640000343322754;14.649999618530272;8100.0;2021-05-25 11:30:00-04:00
14.649999618530272;14.649999618530272;14.647700309753418;14.647700309753418;742.0;2021-05-25 12:30:00-04:00
14.640000343322754;14.640000343322754;14.640000343322754;14.640000343322754;4533.0;2021-05-25 13:30:00-04:00
14.640000343322754;14.654999732971191;14.640000343322754;14.649999618530272;7826.0;2021-05-25 14:30:00-04:00
14.670000076293944;14.670000076293944;14.670000076293944;14.670000076293944;2938.0;2021-05-25 15:30:00-04:00
14.779999732971191;14.779999732971191;14.779999732971191;14.779999732971191;0.0;2021-05-26 15:30:00-04:00
14.779999732971191;14.800000190734863;14.6899995803833;14.790599822998049;15072.0;2021-05-27 09:30:00-04:00
14.765000343322754;14.779999732971191;14.720000267028809;14.75;5500.0;2021-05-27 10:30:00-04:00
14.75;14.789999961853027;14.65999984741211;14.710000038146973;10575.0;2021-05-27 11:30:00-04:00
14.710000038146973;14.760000228881836;14.710000038146973;14.744999885559082;3984.0;2021-05-27 12:30:00-04:00
14.760000228881836;14.760000228881836;14.729999542236328;14.753199577331545;1545.0;2021-05-27 13:30:00-04:00
14.744999885559082;14.760000228881836;14.730600357055664;14.760000228881836;3101.0;2021-05-27 14:30:00-04:00
14.760000228881836;14.760000228881836;14.729999542236328;14.729999542236328;2776.0;2021-05-27 15:30:00-04:00
14.81999969482422;14.890000343322754;14.8100004196167;14.865099906921388;0.0;2021-05-28 09:30:00-04:00
14.874099731445312;14.949999809265137;14.859999656677246;14.859999656677246;13707.0;2021-05-28 10:30:00-04:00
14.859999656677246;14.859999656677246;14.649999618530272;14.675000190734863;17284.0;2021-05-28 11:30:00-04:00
14.720000267028809;14.760000228881836;14.710000038146973;14.760000228881836;4125.0;2021-05-28 12:30:00-04:00
14.758299827575684;14.772000312805176;14.729999542236328;14.729999542236328;5937.0;2021-05-28 13:30:00-04:00
14.754599571228027;14.779999732971191;14.730999946594238;14.760000228881836;5198.0;2021-05-28 14:30:00-04:00
14.760000228881836;14.789999961853027;14.754300117492676;14.779999732971191;3668.0;2021-05-28 15:30:00-04:00
14.81999969482422;14.890000343322754;14.81999969482422;14.859999656677246;0.0;2021-06-01 09:30:00-04:00
14.859999656677246;14.899999618530272;14.859999656677246;14.889699935913086;7727.0;2021-06-01 10:30:00-04:00
14.890000343322754;14.890000343322754;14.869999885559082;14.880000114440918;4211.0;2021-06-01 11:30:00-04:00
14.869999885559082;14.869999885559082;14.845000267028809;14.845000267028809;3228.0;2021-06-01 12:30:00-04:00
14.845000267028809;14.845000267028809;14.845000267028809;14.845000267028809;100.0;2021-06-01 13:30:00-04:00
14.829999923706056;14.829999923706056;14.779999732971191;14.779999732971191;3442.0;2021-06-01 14:30:00-04:00
14.854000091552734;14.859000205993652;14.81999969482422;14.850000381469728;7760.0;2021-06-01 15:30:00-04:00
14.890000343322754;14.890000343322754;14.880999565124512;14.890000343322754;0.0;2021-06-02 09:30:00-04:00
14.884900093078612;14.890000343322754;14.880000114440918;14.890000343322754;10607.0;2021-06-02 10:30:00-04:00
14.885000228881836;14.890000343322754;14.885000228881836;14.88700008392334;3742.0;2021-06-02 11:30:00-04:00
14.883000373840332;14.888999938964844;14.883000373840332;14.888999938964844;939.0;2021-06-02 12:30:00-04:00
14.885000228881836;14.885000228881836;14.880000114440918;14.880000114440918;14308.0;2021-06-02 13:30:00-04:00
14.878399848937988;14.890000343322754;14.859999656677246;14.890000343322754;4897.0;2021-06-02 14:30:00-04:00
14.890000343322754;14.890000343322754;14.890000343322754;14.890000343322754;228.0;2021-06-02 15:30:00-04:00
14.9399995803833;14.9399995803833;14.914999961853027;14.93000030517578;0.0;2021-06-03 09:30:00-04:00
14.920000076293944;14.920000076293944;14.899999618530272;14.899999618530272;3323.0;2021-06-03 10:30:00-04:00
14.895000457763672;14.90999984741211;14.895000457763672;14.895000457763672;1230.0;2021-06-03 11:30:00-04:00
14.90719985961914;14.90999984741211;14.895000457763672;14.90999984741211;2500.0;2021-06-03 12:30:00-04:00
14.895000457763672;14.90999984741211;14.880000114440918;14.888799667358398;3137.0;2021-06-03 13:30:00-04:00
14.909799575805664;14.90999984741211;14.890000343322754;14.905200004577637;4630.0;2021-06-03 14:30:00-04:00
14.90999984741211;14.90999984741211;14.904999732971191;14.90999984741211;1405.0;2021-06-03 15:30:00-04:00
14.93000030517578;14.93000030517578;14.899999618530272;14.899999618530272;0.0;2021-06-04 09:30:00-04:00
14.90999984741211;14.920000076293944;14.88010025024414;14.897299766540527;2100.0;2021-06-04 10:30:00-04:00
14.899999618530272;14.93000030517578;14.888799667358398;14.899999618530272;10625.0;2021-06-04 11:30:00-04:00
14.899999618530272;14.9399995803833;14.892000198364258;14.9350004196167;2551.0;2021-06-04 12:30:00-04:00
14.9399995803833;14.975000381469728;14.931599617004396;14.975000381469728;9140.0;2021-06-04 13:30:00-04:00
14.968700408935549;14.968700408935549;14.940400123596191;14.95199966430664;4802.0;2021-06-04 14:30:00-04:00
14.979999542236328;14.979999542236328;14.966300010681152;14.979999542236328;706.0;2021-06-04 15:30:00-04:00
15.079999923706056;15.079999923706056;15.06999969482422;15.079999923706056;8180.0;2021-06-09 09:30:00-04:00
15.0556001663208;15.079999923706056;15.0556001663208;15.06999969482422;1941.0;2021-06-09 10:30:00-04:00
15.058899879455566;15.058899879455566;15.052200317382812;15.052200317382812;1838.0;2021-06-09 11:30:00-04:00
15.045000076293944;15.04990005493164;15.039999961853027;15.039999961853027;9692.0;2021-06-09 12:30:00-04:00
15.050000190734863;15.06999969482422;15.0;15.06999969482422;14566.0;2021-06-09 13:30:00-04:00
15.0600004196167;15.0600004196167;15.049500465393066;15.049500465393066;869.0;2021-06-09 14:30:00-04:00
15.079999923706056;15.079999923706056;14.890000343322754;15.0;13684.0;2021-06-09 15:30:00-04:00
15.079999923706056;15.079999923706056;15.020000457763672;15.05720043182373;0.0;2021-06-10 09:30:00-04:00
15.0600004196167;15.06999969482422;15.0600004196167;15.06999969482422;608.0;2021-06-10 10:30:00-04:00
15.06999969482422;15.06999969482422;15.0600004196167;15.061200141906738;1223.0;2021-06-10 11:30:00-04:00
15.050000190734863;15.058300018310549;15.050000190734863;15.058300018310549;1200.0;2021-06-10 12:30:00-04:00
15.050000190734863;15.06999969482422;14.989999771118164;14.990099906921388;3758.0;2021-06-10 13:30:00-04:00
14.989999771118164;15.020000457763672;14.989999771118164;14.989999771118164;5008.0;2021-06-10 14:30:00-04:00
14.984999656677246;14.989999771118164;14.984999656677246;14.989999771118164;2672.0;2021-06-10 15:30:00-04:00
15.020000457763672;15.0600004196167;15.020000457763672;15.0600004196167;0.0;2021-06-11 09:30:00-04:00
15.0600004196167;15.06999969482422;15.024999618530272;15.024999618530272;7280.0;2021-06-11 10:30:00-04:00
15.01990032196045;15.01990032196045;14.9350004196167;14.9350004196167;10300.0;2021-06-11 11:30:00-04:00
14.9350004196167;14.978799819946287;14.931400299072266;14.978799819946287;2537.0;2021-06-11 12:30:00-04:00
14.949999809265137;14.949999809265137;14.920000076293944;14.920000076293944;5200.0;2021-06-11 13:30:00-04:00
14.890000343322754;14.90999984741211;14.890000343322754;14.899999618530272;4925.0;2021-06-11 14:30:00-04:00
14.899999618530272;14.90880012512207;14.828800201416016;14.84000015258789;12400.0;2021-06-11 15:30:00-04:00
14.869999885559082;14.869999885559082;14.829999923706056;14.84000015258789;0.0;2021-06-14 09:30:00-04:00
14.829999923706056;14.869999885559082;14.829999923706056;14.869999885559082;7422.0;2021-06-14 10:30:00-04:00
14.859999656677246;14.866999626159668;14.859999656677246;14.86299991607666;2036.0;2021-06-14 11:30:00-04:00
14.86299991607666;14.86299991607666;14.86299991607666;14.86299991607666;1144.0;2021-06-14 12:30:00-04:00
14.864999771118164;14.864999771118164;14.859999656677246;14.859999656677246;1000.0;2021-06-14 13:30:00-04:00
14.859999656677246;14.899999618530272;14.859999656677246;14.895700454711914;11298.0;2021-06-14 14:30:00-04:00
14.869999885559082;14.960000038146973;14.869999885559082;14.949999809265137;15539.0;2021-06-14 15:30:00-04:00
14.960000038146973;15.229999542236328;14.960000038146973;15.138999938964844;0.0;2021-06-15 09:30:00-04:00
15.125;15.125;15.09000015258789;15.119999885559082;13166.0;2021-06-15 10:30:00-04:00
15.119999885559082;15.131500244140623;15.029999732971191;15.039999961853027;3600.0;2021-06-15 11:30:00-04:00
15.029999732971191;15.119000434875488;15.029999732971191;15.029999732971191;2450.0;2021-06-15 12:30:00-04:00
15.039999961853027;15.069499969482422;15.020000457763672;15.029999732971191;3200.0;2021-06-15 13:30:00-04:00
15.020000457763672;15.04990005493164;14.949999809265137;14.960000038146973;5938.0;2021-06-15 14:30:00-04:00
14.960000038146973;14.970000267028809;14.899999618530272;14.899999618530272;5000.0;2021-06-15 15:30:00-04:00
15.029999732971191;15.029999732971191;15.010000228881836;15.020000457763672;0.0;2021-06-16 09:30:00-04:00
15.020000457763672;15.06999969482422;15.010000228881836;15.010000228881836;5935.0;2021-06-16 10:30:00-04:00
15.010000228881836;15.015000343322754;15.010000228881836;15.015000343322754;2249.0;2021-06-16 11:30:00-04:00
15.020000457763672;15.020000457763672;15.020000457763672;15.020000457763672;3126.0;2021-06-16 12:30:00-04:00
15.020000457763672;15.020000457763672;14.850000381469728;14.979999542236328;5653.0;2021-06-16 13:30:00-04:00
14.960000038146973;14.960000038146973;14.960000038146973;14.960000038146973;1250.0;2021-06-16 14:30:00-04:00
15.001999855041504;15.001999855041504;15.001999855041504;15.001999855041504;435.0;2021-06-16 15:30:00-04:00
15.039999961853027;15.039999961853027;15.029999732971191;15.03499984741211;0.0;2021-06-17 11:30:00-04:00
15.028400421142578;15.028400421142578;15.0;15.000100135803224;7211.0;2021-06-17 12:30:00-04:00
15.014399528503418;15.039999961853027;15.0;15.020000457763672;1230.0;2021-06-17 13:30:00-04:00
15.037500381469728;15.037500381469728;14.970800399780272;14.970800399780272;7420.0;2021-06-17 14:30:00-04:00
15.020000457763672;15.039999961853027;14.970000267028809;14.970000267028809;2599.0;2021-06-17 15:30:00-04:00
14.989999771118164;14.989999771118164;14.93000030517578;14.93000030517578;0.0;2021-06-18 09:30:00-04:00
14.9399995803833;14.9399995803833;14.9399995803833;14.9399995803833;515.0;2021-06-18 10:30:00-04:00
14.880499839782717;14.932700157165527;14.880499839782717;14.932700157165527;3098.0;2021-06-18 11:30:00-04:00
14.90999984741211;14.9399995803833;14.90999984741211;14.9399995803833;5550.0;2021-06-18 13:30:00-04:00
14.900099754333496;14.90999984741211;14.899999618530272;14.90999984741211;965.0;2021-06-18 14:30:00-04:00
14.979999542236328;14.979999542236328;14.90999984741211;14.93000030517578;0.0;2021-06-21 09:30:00-04:00
14.90999984741211;14.949999809265137;14.90999984741211;14.920000076293944;2676.0;2021-06-21 10:30:00-04:00
14.90999984741211;14.924799919128418;14.890000343322754;14.890000343322754;8904.0;2021-06-21 11:30:00-04:00
14.880000114440918;14.880000114440918;14.869999885559082;14.869999885559082;1800.0;2021-06-21 12:30:00-04:00
14.859000205993652;14.859000205993652;14.829999923706056;14.829999923706056;1168.0;2021-06-21 13:30:00-04:00
14.829999923706056;14.866000175476074;14.81999969482422;14.81999969482422;1368.0;2021-06-21 14:30:00-04:00
14.8100004196167;14.890000343322754;14.800000190734863;14.8100004196167;7529.0;2021-06-21 15:30:00-04:00
14.869999885559082;14.869999885559082;14.800000190734863;14.85990047454834;0.0;2021-06-22 09:30:00-04:00
14.859000205993652;14.860099792480469;14.850000381469728;14.860099792480469;3250.0;2021-06-22 10:30:00-04:00
14.887999534606934;14.899999618530272;14.887999534606934;14.899999618530272;2449.0;2021-06-22 11:30:00-04:00
14.890000343322754;14.899999618530272;14.87030029296875;14.899999618530272;5465.0;2021-06-22 12:30:00-04:00
14.898099899291992;14.899900436401367;14.898099899291992;14.899900436401367;1450.0;2021-06-22 13:30:00-04:00
14.89840030670166;14.949999809265137;14.89840030670166;14.949999809265137;5679.0;2021-06-22 14:30:00-04:00
14.912500381469728;14.949999809265137;14.912500381469728;14.949999809265137;1990.0;2021-06-22 15:30:00-04:00
15.0;15.020099639892578;15.0;15.020099639892578;0.0;2021-06-23 09:30:00-04:00
15.008000373840332;15.020000457763672;14.994999885559082;14.994999885559082;3715.0;2021-06-23 10:30:00-04:00
14.979999542236328;14.979999542236328;14.970000267028809;14.970000267028809;1100.0;2021-06-23 11:30:00-04:00
14.93000030517578;14.960000038146973;14.93000030517578;14.960000038146973;600.0;2021-06-23 12:30:00-04:00
14.94789981842041;14.94789981842041;14.94789981842041;14.94789981842041;629.0;2021-06-23 13:30:00-04:00
14.960000038146973;14.970000267028809;14.949999809265137;14.949999809265137;2520.0;2021-06-23 14:30:00-04:00
14.959099769592283;14.970000267028809;14.949999809265137;14.949999809265137;0.0;2021-06-23 15:30:00-04:00
15.020000457763672;15.18000030517578;14.994099617004396;15.18000030517578;5671.0;2021-06-24 09:30:00-04:00
15.079999923706056;15.079999923706056;15.079999923706056;15.079999923706056;700.0;2021-06-24 10:30:00-04:00
15.079999923706056;15.079999923706056;15.01010036468506;15.045000076293944;19796.0;2021-06-24 11:30:00-04:00
15.054499626159668;15.054499626159668;15.010000228881836;15.010000228881836;619.0;2021-06-24 12:30:00-04:00
15.050999641418455;15.079999923706056;15.010000228881836;15.010000228881836;2565.0;2021-06-24 13:30:00-04:00
15.020000457763672;15.079999923706056;15.010000228881836;15.05500030517578;4604.0;2021-06-24 14:30:00-04:00
15.039999961853027;15.06999969482422;15.010000228881836;15.010000228881836;4954.0;2021-06-24 15:30:00-04:00
15.079999923706056;15.079999923706056;14.949999809265137;14.949999809265137;0.0;2021-06-25 09:30:00-04:00
15.015000343322754;15.050000190734863;15.015000343322754;15.050000190734863;3208.0;2021-06-25 10:30:00-04:00
15.050000190734863;15.0600004196167;15.024999618530272;15.0600004196167;6850.0;2021-06-25 11:30:00-04:00
15.000100135803224;15.0600004196167;15.000100135803224;15.0600004196167;4047.0;2021-06-25 12:30:00-04:00
15.0600004196167;15.0600004196167;15.029999732971191;15.0600004196167;3635.0;2021-06-25 13:30:00-04:00
15.0600004196167;15.0600004196167;14.989999771118164;15.0600004196167;16684.0;2021-06-25 14:30:00-04:00
15.0600004196167;15.0600004196167;15.033699989318848;15.050000190734863;9657.0;2021-06-25 15:30:00-04:00
15.109999656677246;15.109999656677246;14.949999809265137;14.97659969329834;0.0;2021-06-28 09:30:00-04:00
15.015000343322754;15.050000190734863;15.015000343322754;15.024999618530272;2900.0;2021-06-28 10:30:00-04:00
15.046199798583984;15.069100379943848;15.046199798583984;15.069100379943848;2496.0;2021-06-28 11:30:00-04:00
15.06999969482422;15.06999969482422;14.979999542236328;15.06999969482422;8775.0;2021-06-28 12:30:00-04:00
15.06999969482422;15.06999969482422;15.062299728393556;15.06999969482422;4905.0;2021-06-28 13:30:00-04:00
15.06999969482422;15.06999969482422;15.010000228881836;15.06999969482422;5800.0;2021-06-28 14:30:00-04:00
15.06999969482422;15.06999969482422;15.050000190734863;15.06999969482422;4747.0;2021-06-28 15:30:00-04:00
15.15999984741211;15.18000030517578;15.045000076293944;15.079999923706056;0.0;2021-06-29 09:30:00-04:00
15.079999923706056;15.079999923706056;15.079999923706056;15.079999923706056;301.0;2021-06-29 10:30:00-04:00
15.079999923706056;15.09000015258789;15.050000190734863;15.09000015258789;6524.0;2021-06-29 11:30:00-04:00
15.09000015258789;15.09000015258789;15.09000015258789;15.09000015258789;300.0;2021-06-29 12:30:00-04:00
15.09000015258789;15.109999656677246;15.09000015258789;15.09000015258789;8188.0;2021-06-29 13:30:00-04:00
15.09000015258789;15.10319995880127;15.06999969482422;15.09000015258789;6180.0;2021-06-29 14:30:00-04:00
15.09000015258789;15.09000015258789;15.06999969482422;15.09000015258789;2639.0;2021-06-29 15:30:00-04:00
15.09000015258789;15.149999618530272;15.09000015258789;15.149999618530272;0.0;2021-06-30 09:30:00-04:00
15.119999885559082;15.149900436401367;15.109999656677246;15.149900436401367;5212.0;2021-06-30 10:30:00-04:00
15.130000114440918;15.149999618530272;15.074999809265137;15.118800163269045;8011.0;2021-06-30 11:30:00-04:00
15.119999885559082;15.119999885559082;15.07859992980957;15.07859992980957;849.0;2021-06-30 12:30:00-04:00
15.06999969482422;15.06999969482422;14.90999984741211;14.997300148010254;6441.0;2021-06-30 13:30:00-04:00
15.020000457763672;15.050000190734863;15.020000457763672;15.050000190734863;2723.0;2021-06-30 14:30:00-04:00
15.06999969482422;15.06999969482422;15.029999732971191;15.029999732971191;1380.0;2021-06-30 15:30:00-04:00
15.149999618530272;15.169899940490724;15.115300178527832;15.154999732971191;0.0;2021-07-01 09:30:00-04:00
15.154999732971191;15.15999984741211;15.149999618530272;15.154999732971191;3900.0;2021-07-01 10:30:00-04:00
15.151100158691406;15.15820026397705;15.135000228881836;15.135000228881836;1593.0;2021-07-01 11:30:00-04:00
15.119999885559082;15.15999984741211;15.119999885559082;15.15999984741211;11000.0;2021-07-01 12:30:00-04:00
15.149999618530272;15.15999984741211;15.119999885559082;15.140000343322754;8241.0;2021-07-01 13:30:00-04:00
15.130000114440918;15.140000343322754;15.130000114440918;15.140000343322754;2300.0;2021-07-01 14:30:00-04:00
15.148900032043455;15.149999618530272;15.100000381469728;15.100000381469728;4115.0;2021-07-01 15:30:00-04:00
15.100000381469728;15.100000381469728;15.100000381469728;15.100000381469728;16267.0;2021-07-07 14:30:00-04:00
15.109999656677246;15.199999809265137;15.109999656677246;15.18000030517578;6931.0;2021-07-08 09:30:00-04:00
15.170000076293944;15.199999809265137;15.170000076293944;15.199999809265137;1165.0;2021-07-08 10:30:00-04:00
15.199999809265137;15.199999809265137;15.15999984741211;15.199999809265137;2983.0;2021-07-08 11:30:00-04:00
15.208999633789062;15.208999633789062;15.208999633789062;15.208999633789062;281.0;2021-07-08 12:30:00-04:00
15.18000030517578;15.18000030517578;15.18000030517578;15.18000030517578;1080.0;2021-07-08 13:30:00-04:00
15.204999923706056;15.204999923706056;15.1899995803833;15.199999809265137;4767.0;2021-07-08 15:30:00-04:00
15.25;15.329999923706056;15.25;15.322500228881836;0.0;2021-07-09 09:30:00-04:00
15.329999923706056;15.329999923706056;15.3100004196167;15.31999969482422;7145.0;2021-07-09 10:30:00-04:00
15.31999969482422;15.323100090026855;15.300299644470217;15.300299644470217;1427.0;2021-07-09 11:30:00-04:00
15.300000190734863;15.313400268554688;15.300000190734863;15.313400268554688;1001.0;2021-07-09 13:30:00-04:00
15.300000190734863;15.339400291442873;15.25;15.25;5870.0;2021-07-09 14:30:00-04:00
15.25;15.279999732971191;15.244999885559082;15.244999885559082;2589.0;2021-07-09 15:30:00-04:00
15.479999542236328;15.489999771118164;15.324999809265137;15.34000015258789;0.0;2021-07-12 09:30:00-04:00
15.335000038146973;15.335000038146973;15.335000038146973;15.335000038146973;751.0;2021-07-12 10:30:00-04:00
15.31999969482422;15.31999969482422;15.3100004196167;15.3100004196167;1302.0;2021-07-12 11:30:00-04:00
15.335000038146973;15.3572998046875;15.335000038146973;15.3572998046875;1425.0;2021-07-12 12:30:00-04:00
15.335000038146973;15.335000038146973;15.335000038146973;15.335000038146973;282.0;2021-07-12 14:30:00-04:00
15.359999656677246;15.359999656677246;15.359999656677246;15.359999656677246;1003.0;2021-07-12 15:30:00-04:00
15.6899995803833;15.6899995803833;15.270099639892578;15.479999542236328;24836.0;2021-07-13 09:30:00-04:00
15.479999542236328;15.479999542236328;15.4399995803833;15.453100204467772;4937.0;2021-07-13 10:30:00-04:00
15.420000076293944;15.460000038146973;15.300000190734863;15.300000190734863;15483.0;2021-07-13 11:30:00-04:00
15.300000190734863;15.449999809265137;15.291600227355955;15.291600227355955;4142.0;2021-07-13 12:30:00-04:00
15.350000381469728;15.350000381469728;15.149999618530272;15.226699829101562;6993.0;2021-07-13 13:30:00-04:00
15.25;15.260000228881836;15.18000030517578;15.199799537658691;4500.0;2021-07-13 14:30:00-04:00
15.1899995803833;15.1899995803833;15.149999618530272;15.149999618530272;2865.0;2021-07-13 15:30:00-04:00
15.130000114440918;15.199999809265137;15.119999885559082;15.199999809265137;0.0;2021-07-14 09:30:00-04:00
15.183799743652344;15.183799743652344;15.18000030517578;15.18000030517578;581.0;2021-07-14 10:30:00-04:00
15.149999618530272;15.186400413513184;15.140000343322754;15.140000343322754;2917.0;2021-07-14 11:30:00-04:00
15.140000343322754;15.140000343322754;15.135000228881836;15.135000228881836;1062.0;2021-07-14 12:30:00-04:00
15.135000228881836;15.135000228881836;15.100000381469728;15.125;4432.0;2021-07-14 13:30:00-04:00
15.100000381469728;15.100000381469728;15.079999923706056;15.079999923706056;1950.0;2021-07-14 14:30:00-04:00
15.079999923706056;15.114999771118164;15.039999961853027;15.039999961853027;0.0;2021-07-14 15:30:00-04:00
15.239999771118164;15.239999771118164;15.039999961853027;15.039999961853027;6189.0;2021-07-15 09:30:00-04:00
15.048100471496582;15.050000190734863;15.020000457763672;15.029999732971191;3127.0;2021-07-15 10:30:00-04:00
15.039999961853027;15.039999961853027;15.0;15.039999961853027;8234.0;2021-07-15 11:30:00-04:00
15.010000228881836;15.039999961853027;15.0;15.0;6756.0;2021-07-15 12:30:00-04:00
15.020000457763672;15.039999961853027;15.0;15.0;8861.0;2021-07-15 13:30:00-04:00
15.0;15.005000114440918;15.0;15.0;900.0;2021-07-15 14:30:00-04:00
15.0;15.010000228881836;14.9399995803833;14.979999542236328;16922.0;2021-07-15 15:30:00-04:00
15.0;15.052599906921388;15.0;15.013500213623049;0.0;2021-07-16 09:30:00-04:00
15.01990032196045;15.01990032196045;15.0;15.0;3507.0;2021-07-16 10:30:00-04:00
14.993000030517578;15.0;14.970000267028809;14.972800254821776;10148.0;2021-07-16 11:30:00-04:00
14.970000267028809;14.989999771118164;14.9399995803833;14.989999771118164;8373.0;2021-07-16 12:30:00-04:00
14.960000038146973;14.989999771118164;14.960000038146973;14.960000038146973;1400.0;2021-07-16 13:30:00-04:00
14.960000038146973;14.975000381469728;14.960000038146973;14.960000038146973;3364.0;2021-07-16 14:30:00-04:00
14.960000038146973;14.989999771118164;14.960000038146973;14.989999771118164;1448.0;2021-07-16 15:30:00-04:00
15.029999732971191;15.107099533081056;14.880000114440918;15.0;0.0;2021-07-19 09:30:00-04:00
14.949999809265137;14.949999809265137;14.899999618530272;14.899999618530272;3779.0;2021-07-19 10:30:00-04:00
14.933300018310549;14.933300018310549;14.923700332641602;14.930100440979004;3563.0;2021-07-19 12:30:00-04:00
14.93000030517578;14.9399995803833;14.920000076293944;14.9399995803833;3924.0;2021-07-19 13:30:00-04:00
14.93000030517578;14.93000030517578;14.899999618530272;14.899999618530272;1173.0;2021-07-19 14:30:00-04:00
14.899999618530272;14.9399995803833;14.899999618530272;14.9399995803833;9369.0;2021-07-19 15:30:00-04:00
14.960000038146973;15.010000228881836;14.960000038146973;15.010000228881836;0.0;2021-07-20 09:30:00-04:00
15.050000190734863;15.050000190734863;14.986200332641602;14.986200332641602;1828.0;2021-07-20 10:30:00-04:00
14.981900215148926;14.981900215148926;14.981900215148926;14.981900215148926;2299.0;2021-07-20 11:30:00-04:00
14.979999542236328;14.979999542236328;14.9399995803833;14.9399995803833;500.0;2021-07-20 13:30:00-04:00
14.9399995803833;14.9399995803833;14.9399995803833;14.9399995803833;1520.0;2021-07-20 14:30:00-04:00
14.9399995803833;15.029999732971191;14.9399995803833;15.029999732971191;2421.0;2021-07-20 15:30:00-04:00
