Open;High;Low;Close;Volume;Time
66.0199966430664;66.05000305175781;65.83000183105469;65.95999908447266;0;2019-07-23 09:30:00-04:00
65.97000122070312;66.0199966430664;65.86000061035156;65.87999725341797;15659;2019-07-23 10:30:00-04:00
65.91670227050781;65.95999908447266;65.81999969482422;65.91000366210938;10074;2019-07-23 11:30:00-04:00
65.91999816894531;66.05000305175781;65.91000366210938;65.97000122070312;10019;2019-07-23 12:30:00-04:00
65.95999908447266;66.1500015258789;65.91000366210938;66.06999969482422;13222;2019-07-23 13:30:00-04:00
66.05999755859375;66.12999725341797;65.9800033569336;66.0199966430664;16181;2019-07-23 14:30:00-04:00
66.02330017089844;66.1500015258789;66.02330017089844;66.1500015258789;22836;2019-07-23 15:30:00-04:00
65.94000244140625;65.94000244140625;65.69999694824219;65.83999633789062;28986;2019-07-24 09:30:00-04:00
65.87999725341797;66.04000091552734;65.83000183105469;65.83000183105469;12206;2019-07-24 10:30:00-04:00
65.80439758300781;65.83999633789062;65.66000366210938;65.76000213623047;9063;2019-07-24 11:30:00-04:00
65.7699966430664;65.86000061035156;65.7699966430664;65.86000061035156;6250;2019-07-24 12:30:00-04:00
65.85379791259766;65.85379791259766;65.54000091552734;65.58999633789062;11590;2019-07-24 13:30:00-04:00
65.61000061035156;65.70999908447266;65.58000183105469;65.63999938964844;6743;2019-07-24 14:30:00-04:00
65.6500015258789;65.6500015258789;65.55999755859375;65.58000183105469;8161;2019-07-24 15:30:00-04:00
65.75;66.0199966430664;65.27999877929688;65.62999725341797;29980;2019-07-25 09:30:00-04:00
65.6500015258789;65.6500015258789;65.44999694824219;65.5199966430664;8426;2019-07-25 10:30:00-04:00
65.4800033569336;65.4800033569336;65.2699966430664;65.30999755859375;8000;2019-07-25 11:30:00-04:00
65.30999755859375;65.33999633789062;65.25;65.30000305175781;13062;2019-07-25 12:30:00-04:00
65.31999969482422;65.37000274658203;65.23999786376953;65.23999786376953;6616;2019-07-25 13:30:00-04:00
65.23999786376953;65.23999786376953;65.12000274658203;65.18000030517578;12133;2019-07-25 14:30:00-04:00
65.19999694824219;65.25;65.08000183105469;65.11000061035156;18000;2019-07-25 15:30:00-04:00
65.4000015258789;65.58000183105469;65.22000122070312;65.30000305175781;46321;2019-07-26 09:30:00-04:00
65.2699966430664;65.33999633789062;65.18000030517578;65.30000305175781;18895;2019-07-26 10:30:00-04:00
65.2300033569336;65.30999755859375;65.20999908447266;65.22000122070312;15380;2019-07-26 11:30:00-04:00
65.22000122070312;65.2699966430664;65.19000244140625;65.22000122070312;13945;2019-07-26 12:30:00-04:00
65.23500061035156;65.33000183105469;65.19999694824219;65.322998046875;10661;2019-07-26 13:30:00-04:00
65.31500244140625;65.41999816894531;65.31500244140625;65.3499984741211;12129;2019-07-26 14:30:00-04:00
65.36499786376953;65.38999938964844;65.30999755859375;65.3499984741211;26286;2019-07-26 15:30:00-04:00
65.30000305175781;65.30000305175781;64.69000244140625;64.72000122070312;34976;2019-07-29 09:30:00-04:00
64.69999694824219;64.8499984741211;64.68499755859375;64.81999969482422;12141;2019-07-29 10:30:00-04:00
64.7699966430664;64.88050079345703;64.7300033569336;64.7699966430664;16427;2019-07-29 11:30:00-04:00
64.7665023803711;64.86000061035156;64.7665023803711;64.83999633789062;7218;2019-07-29 12:30:00-04:00
64.79660034179688;64.8499984741211;64.77999877929688;64.8499984741211;10786;2019-07-29 13:30:00-04:00
64.8499984741211;64.8499984741211;64.7699966430664;64.7699966430664;17900;2019-07-29 14:30:00-04:00
64.77999877929688;65.01000213623047;64.76000213623047;64.95999908447266;29322;2019-07-29 15:30:00-04:00
64.83000183105469;64.9999008178711;64.2300033569336;64.2699966430664;40045;2019-07-30 09:30:00-04:00
64.30000305175781;64.33999633789062;64.1500015258789;64.29499816894531;31073;2019-07-30 10:30:00-04:00
64.2699966430664;64.54000091552734;64.20999908447266;64.5250015258789;24213;2019-07-30 11:30:00-04:00
64.52999877929688;64.61000061035156;64.41000366210938;64.58000183105469;22903;2019-07-30 12:30:00-04:00
64.58999633789062;64.83000183105469;64.4749984741211;64.83000183105469;21952;2019-07-30 13:30:00-04:00
64.80000305175781;64.80000305175781;64.5999984741211;64.69000244140625;14769;2019-07-30 14:30:00-04:00
64.70500183105469;64.80999755859375;64.70500183105469;64.76000213623047;24324;2019-07-30 15:30:00-04:00
64.69999694824219;64.80400085449219;64.51000213623047;64.52999877929688;14531;2019-07-31 09:30:00-04:00
64.61000061035156;64.875;64.55999755859375;64.7300033569336;21749;2019-07-31 10:30:00-04:00
64.75499725341797;64.75499725341797;64.45999908447266;64.51000213623047;8363;2019-07-31 11:30:00-04:00
64.51000213623047;64.55000305175781;64.4800033569336;64.55000305175781;4726;2019-07-31 12:30:00-04:00
64.54889678955078;64.66609954833984;64.51000213623047;64.62999725341797;6028;2019-07-31 13:30:00-04:00
64.66999816894531;64.66999816894531;63.91999816894531;64.44499969482422;34070;2019-07-31 14:30:00-04:00
64.41000366210938;64.41000366210938;64.16999816894531;64.16999816894531;22591;2019-07-31 15:30:00-04:00
63.83000183105469;64.27999877929688;63.77000045776367;64.23999786376953;28521;2019-08-01 09:30:00-04:00
64.25;64.25;63.93000030517578;64.1050033569336;23943;2019-08-01 10:30:00-04:00
64.0999984741211;64.23829650878906;64.05000305175781;64.22000122070312;21428;2019-08-01 11:30:00-04:00
64.25;64.62000274658203;64.05999755859375;64.05999755859375;26769;2019-08-01 12:30:00-04:00
64.05000305175781;64.05999755859375;62.58000183105469;62.68000030517578;48644;2019-08-01 13:30:00-04:00
62.68450164794922;62.94540023803711;62.4734992980957;62.900001525878906;35522;2019-08-01 14:30:00-04:00
62.83000183105469;62.94990158081055;62.75;62.790000915527344;34809;2019-08-01 15:30:00-04:00
62.47999954223633;62.686500549316406;62.04999923706055;62.095001220703125;81208;2019-08-02 09:30:00-04:00
62.07500076293945;62.18000030517578;61.81499862670898;62.02000045776367;41186;2019-08-02 10:30:00-04:00
62.08000183105469;62.2599983215332;61.91999816894531;62.20000076293945;20596;2019-08-02 11:30:00-04:00
62.09000015258789;62.15999984741211;61.970001220703125;62.04999923706055;25676;2019-08-02 12:30:00-04:00
62.01089859008789;62.125;61.91999816894531;61.959999084472656;21832;2019-08-02 13:30:00-04:00
61.93999862670898;62.04999923706055;61.91999816894531;62.025001525878906;21158;2019-08-02 14:30:00-04:00
62.040000915527344;62.220001220703125;62.01599884033203;62.060001373291016;23864;2019-08-02 15:30:00-04:00
61.0;61.09999847412109;60.20000076293945;60.28060150146485;119786;2019-08-05 09:30:00-04:00
60.23649978637695;60.38999938964844;59.91999816894531;60.13999938964844;46169;2019-08-05 10:30:00-04:00
60.16999816894531;60.34510040283203;60.119998931884766;60.130001068115234;20447;2019-08-05 11:30:00-04:00
60.1599006652832;60.15999984741211;59.90999984741211;60.0718994140625;14557;2019-08-05 12:30:00-04:00
60.06999969482422;60.070499420166016;59.869998931884766;59.869998931884766;14290;2019-08-05 13:30:00-04:00
59.83000183105469;60.09000015258789;59.790000915527344;60.02000045776367;26846;2019-08-05 14:30:00-04:00
59.97999954223633;60.33000183105469;59.922401428222656;60.290000915527344;31829;2019-08-05 15:30:00-04:00
61.220001220703125;61.70399856567383;60.209999084472656;60.47999954223633;38519;2019-08-06 09:30:00-04:00
60.43999862670898;60.54999923706055;60.16600036621094;60.22999954223633;36824;2019-08-06 10:30:00-04:00
60.22499847412109;60.400001525878906;60.08000183105469;60.290000915527344;24966;2019-08-06 11:30:00-04:00
60.22999954223633;60.2599983215332;60.09999847412109;60.209999084472656;19260;2019-08-06 12:30:00-04:00
60.18999862670898;60.27000045776367;60.12099838256836;60.24190139770508;10206;2019-08-06 13:30:00-04:00
60.19369888305664;60.369998931884766;60.18999862670898;60.209999084472656;18951;2019-08-06 14:30:00-04:00
60.20940017700195;60.34000015258789;60.20940017700195;60.31999969482422;22208;2019-08-06 15:30:00-04:00
59.65999984741211;59.900001525878906;59.310001373291016;59.810001373291016;38114;2019-08-07 09:30:00-04:00
59.709999084472656;60.0;59.59999847412109;59.65999984741211;31915;2019-08-07 10:30:00-04:00
59.56999969482422;59.66999816894531;59.40999984741211;59.56999969482422;26765;2019-08-07 11:30:00-04:00
59.61000061035156;59.7599983215332;59.59999847412109;59.67499923706055;14881;2019-08-07 12:30:00-04:00
59.7599983215332;59.869998931884766;59.70000076293945;59.83000183105469;13583;2019-08-07 13:30:00-04:00
59.86000061035156;60.04999923706055;59.83000183105469;60.04999923706055;17396;2019-08-07 14:30:00-04:00
60.06999969482422;60.369998931884766;59.93999862670898;60.33000183105469;26206;2019-08-07 15:30:00-04:00
60.5;60.560001373291016;60.16999816894531;60.43999862670898;20909;2019-08-08 09:30:00-04:00
60.43000030517578;60.709999084472656;60.38999938964844;60.51499938964844;46515;2019-08-08 10:30:00-04:00
60.61000061035156;60.7400016784668;60.5;60.625;21983;2019-08-08 11:30:00-04:00
60.59999847412109;60.650001525878906;60.540000915527344;60.54999923706055;16847;2019-08-08 12:30:00-04:00
60.619998931884766;60.7599983215332;60.59999847412109;60.7599983215332;15352;2019-08-08 13:30:00-04:00
60.75;60.79999923706055;60.709999084472656;60.77999877929688;11951;2019-08-08 14:30:00-04:00
60.790000915527344;60.959999084472656;60.77000045776367;60.959999084472656;32607;2019-08-08 15:30:00-04:00
60.369998931884766;60.540000915527344;59.88999938964844;59.88999938964844;24067;2019-08-09 09:30:00-04:00
59.880001068115234;59.95000076293945;59.68999862670898;59.709999084472656;22851;2019-08-09 10:30:00-04:00
59.7599983215332;59.95000076293945;59.75;59.93999862670898;11707;2019-08-09 11:30:00-04:00
59.970001220703125;60.26950073242188;59.91999816894531;60.26950073242188;15860;2019-08-09 12:30:00-04:00
60.290000915527344;60.35829925537109;60.119998931884766;60.22999954223633;12019;2019-08-09 13:30:00-04:00
60.209999084472656;60.34999847412109;60.150001525878906;60.2400016784668;16418;2019-08-09 14:30:00-04:00
60.2400016784668;60.34000015258789;60.09000015258789;60.119998931884766;15684;2019-08-09 15:30:00-04:00
59.41999816894531;59.52000045776367;59.0099983215332;59.43000030517578;79493;2019-08-12 09:30:00-04:00
59.47999954223633;59.47999954223633;59.0;59.060001373291016;30938;2019-08-12 10:30:00-04:00
59.02000045776367;59.31999969482422;59.02000045776367;59.27000045776367;29016;2019-08-12 11:30:00-04:00
59.25;59.31999969482422;59.130001068115234;59.2322998046875;12226;2019-08-12 12:30:00-04:00
59.209999084472656;59.25;59.09999847412109;59.13999938964844;14074;2019-08-12 13:30:00-04:00
59.11000061035156;59.20000076293945;58.91999816894531;59.20000076293945;14172;2019-08-12 14:30:00-04:00
58.75;60.31999969482422;58.25;60.16999816894531;0;2019-08-13 09:30:00-04:00
60.27999877929688;60.290000915527344;59.619998931884766;59.83000183105469;33770;2019-08-13 10:30:00-04:00
59.79999923706055;60.040000915527344;59.70000076293945;59.959999084472656;16975;2019-08-13 11:30:00-04:00
60.0;60.0099983215332;59.58000183105469;59.65999984741211;42337;2019-08-13 12:30:00-04:00
59.70000076293945;59.90999984741211;59.58000183105469;59.90900039672852;26689;2019-08-13 13:30:00-04:00
59.95000076293945;59.97999954223633;59.86000061035156;59.869998931884766;12450;2019-08-13 14:30:00-04:00
59.88999938964844;59.900001525878906;59.75;59.900001525878906;15745;2019-08-13 15:30:00-04:00
58.880001068115234;59.107200622558594;58.45830154418945;58.7599983215332;38494;2019-08-14 09:30:00-04:00
58.880001068115234;58.95000076293945;58.459999084472656;58.720001220703125;25500;2019-08-14 10:30:00-04:00
58.72999954223633;58.900001525878906;58.400001525878906;58.5099983215332;17813;2019-08-14 11:30:00-04:00
58.5099983215332;58.65999984741211;58.30339813232422;58.65999984741211;19139;2019-08-14 12:30:00-04:00
58.619998931884766;58.709999084472656;58.41999816894531;58.45000076293945;14299;2019-08-14 13:30:00-04:00
58.45000076293945;58.59999847412109;58.28760147094727;58.59999847412109;15784;2019-08-14 14:30:00-04:00
58.47999954223633;58.52999877929688;58.27000045776367;58.29999923706055;25403;2019-08-14 15:30:00-04:00
58.79999923706055;58.90999984741211;58.400001525878906;58.66999816894531;28574;2019-08-15 09:30:00-04:00
58.650001525878906;58.7400016784668;58.310001373291016;58.43999862670898;27100;2019-08-15 10:30:00-04:00
58.5;58.68999862670898;58.29999923706055;58.4900016784668;17138;2019-08-15 11:30:00-04:00
58.540000915527344;58.65999984741211;58.2400016784668;58.38069915771485;63485;2019-08-15 12:30:00-04:00
58.34999847412109;58.369998931884766;58.10100173950195;58.310001373291016;36440;2019-08-15 13:30:00-04:00
58.27999877929688;58.43000030517578;58.258399963378906;58.29499816894531;18244;2019-08-15 14:30:00-04:00
58.310001373291016;58.58000183105469;58.310001373291016;58.5099983215332;19314;2019-08-15 15:30:00-04:00
58.72999954223633;58.9900016784668;58.53499984741211;58.84000015258789;44575;2019-08-16 09:30:00-04:00
58.81999969482422;59.03670120239258;58.720001220703125;58.97999954223633;19285;2019-08-16 10:30:00-04:00
58.98500061035156;59.119998931884766;58.959999084472656;59.09999847412109;39032;2019-08-16 11:30:00-04:00
59.119998931884766;59.209999084472656;59.08200073242188;59.13999938964844;18137;2019-08-16 12:30:00-04:00
59.15999984741211;59.2599983215332;59.130001068115234;59.220001220703125;25145;2019-08-16 13:30:00-04:00
59.22999954223633;59.4900016784668;59.10499954223633;59.27999877929688;51208;2019-08-16 14:30:00-04:00
59.290000915527344;59.310001373291016;59.09000015258789;59.130001068115234;34222;2019-08-16 15:30:00-04:00
59.9900016784668;60.02999877929688;59.77000045776367;59.86000061035156;24687;2019-08-19 09:30:00-04:00
59.880001068115234;59.91999816894531;59.72999954223633;59.900001525878906;26014;2019-08-19 10:30:00-04:00
59.880001068115234;59.900001525878906;59.75;59.79499816894531;19112;2019-08-19 11:30:00-04:00
59.77999877929688;59.93999862670898;59.7400016784668;59.915000915527344;20213;2019-08-19 12:30:00-04:00
59.900001525878906;60.0;59.86000061035156;59.91999816894531;23966;2019-08-19 13:30:00-04:00
59.91999816894531;59.9900016784668;59.88999938964844;59.90999984741211;14761;2019-08-19 14:30:00-04:00
59.90999984741211;60.0;59.880001068115234;59.880001068115234;25911;2019-08-19 15:30:00-04:00
59.97999954223633;60.04999923706055;59.82460021972656;60.005001068115234;14701;2019-08-20 09:30:00-04:00
60.040000915527344;60.06999969482422;59.84999847412109;59.900001525878906;18553;2019-08-20 10:30:00-04:00
59.900001525878906;59.90999984741211;59.79999923706055;59.79999923706055;20290;2019-08-20 11:30:00-04:00
59.79999923706055;59.79999923706055;59.70000076293945;59.70000076293945;14133;2019-08-20 12:30:00-04:00
59.68000030517578;59.880001068115234;59.619998931884766;59.7400016784668;18362;2019-08-20 13:30:00-04:00
59.7599983215332;59.869998931884766;59.72999954223633;59.845001220703125;12213;2019-08-20 14:30:00-04:00
59.84000015258789;59.84999847412109;59.63999938964844;59.650001525878906;33105;2019-08-20 15:30:00-04:00
60.52999877929688;60.64500045776367;60.04999923706055;60.16999816894531;12832;2019-08-21 09:30:00-04:00
60.08000183105469;60.08000183105469;59.71500015258789;59.78990173339844;15314;2019-08-21 10:30:00-04:00
59.744998931884766;59.86000061035156;59.709999084472656;59.77000045776367;15717;2019-08-21 11:30:00-04:00
59.72999954223633;59.84999847412109;59.709999084472656;59.790000915527344;15607;2019-08-21 12:30:00-04:00
59.81499862670898;59.91619873046875;59.720001220703125;59.84999847412109;15321;2019-08-21 13:30:00-04:00
59.84999847412109;59.84999847412109;59.66999816894531;59.76499938964844;12405;2019-08-21 14:30:00-04:00
59.76499938964844;59.81999969482422;59.70000076293945;59.77999877929688;14548;2019-08-21 15:30:00-04:00
59.52999877929688;59.630001068115234;58.935001373291016;58.959999084472656;33285;2019-08-22 09:30:00-04:00
58.90999984741211;59.040000915527344;58.70000076293945;58.810001373291016;28714;2019-08-22 10:30:00-04:00
58.88999938964844;58.93000030517578;58.7599983215332;58.84000015258789;27143;2019-08-22 11:30:00-04:00
58.83000183105469;58.970001220703125;58.790000915527344;58.869998931884766;20265;2019-08-22 12:30:00-04:00
58.8849983215332;59.0;58.84000015258789;58.84999847412109;18593;2019-08-22 13:30:00-04:00
58.81999969482422;58.95000076293945;58.81999969482422;58.869998931884766;16370;2019-08-22 14:30:00-04:00
58.88999938964844;59.09000015258789;58.869998931884766;58.91999816894531;34277;2019-08-22 15:30:00-04:00
58.38999938964844;59.119998931884766;58.38999938964844;58.93000030517578;0;2019-08-23 09:30:00-04:00
58.95000076293945;59.290000915527344;58.36989974975586;58.47999954223633;49541;2019-08-23 10:30:00-04:00
58.34000015258789;58.40999984741211;58.0;58.2599983215332;27500;2019-08-23 11:30:00-04:00
58.2599983215332;58.31999969482422;58.130001068115234;58.209999084472656;17836;2019-08-23 12:30:00-04:00
58.20660018920898;58.33000183105469;58.12860107421875;58.18999862670898;10950;2019-08-23 13:30:00-04:00
58.18999862670898;58.2599983215332;58.02999877929688;58.09000015258789;20810;2019-08-23 14:30:00-04:00
58.09999847412109;58.20000076293945;58.0099983215332;58.09000015258789;51120;2019-08-23 15:30:00-04:00
58.900001525878906;58.900001525878906;57.900001525878906;58.130001068115234;28623;2019-08-26 09:30:00-04:00
58.04499816894531;58.16999816894531;57.86000061035156;58.0099983215332;31932;2019-08-26 10:30:00-04:00
57.98500061035156;58.04999923706055;57.81999969482422;57.959999084472656;22761;2019-08-26 11:30:00-04:00
57.97999954223633;58.0;57.77000045776367;57.79999923706055;19208;2019-08-26 12:30:00-04:00
57.790000915527344;57.869998931884766;57.75;57.79050064086914;21575;2019-08-26 13:30:00-04:00
57.81999969482422;57.93999862670898;57.77999877929688;57.83000183105469;20077;2019-08-26 14:30:00-04:00
57.880001068115234;57.88999938964844;57.709999084472656;57.77000045776367;37185;2019-08-26 15:30:00-04:00
57.66999816894531;57.959999084472656;57.63999938964844;57.75;21851;2019-08-27 09:30:00-04:00
57.65999984741211;57.7400016784668;57.4900016784668;57.52000045776367;34541;2019-08-27 10:30:00-04:00
57.52000045776367;57.58000183105469;57.31499862670898;57.4900016784668;19900;2019-08-27 11:30:00-04:00
57.5;57.5;57.22999954223633;57.404598236083984;18772;2019-08-27 12:30:00-04:00
57.400001525878906;57.58000183105469;57.400001525878906;57.560001373291016;12525;2019-08-27 13:30:00-04:00
57.540000915527344;57.66999816894531;57.5099983215332;57.52999877929688;19013;2019-08-27 14:30:00-04:00
57.5;57.59999847412109;57.470001220703125;57.494998931884766;20475;2019-08-27 15:30:00-04:00
58.02000045776367;58.02000045776367;57.290000915527344;57.290000915527344;11051;2019-08-28 09:30:00-04:00
57.31999969482422;57.459999084472656;57.209999084472656;57.43999862670898;15787;2019-08-28 10:30:00-04:00
57.47999954223633;57.4900016784668;57.380001068115234;57.459999084472656;10392;2019-08-28 11:30:00-04:00
57.43999862670898;57.54999923706055;57.369998931884766;57.47999954223633;11863;2019-08-28 12:30:00-04:00
57.43000030517578;57.4900016784668;57.34999847412109;57.459999084472656;13368;2019-08-28 13:30:00-04:00
57.400001525878906;57.45000076293945;57.31999969482422;57.31999969482422;15996;2019-08-28 14:30:00-04:00
57.33000183105469;57.36000061035156;57.22999954223633;57.31999969482422;45106;2019-08-28 15:30:00-04:00
57.83000183105469;58.10499954223633;57.790000915527344;57.86000061035156;18847;2019-08-29 09:30:00-04:00
57.90999984741211;58.060001373291016;57.665000915527344;58.060001373291016;19507;2019-08-29 10:30:00-04:00
58.060001373291016;58.15999984741211;58.02999877929688;58.04999923706055;23519;2019-08-29 11:30:00-04:00
58.060001373291016;58.119998931884766;57.9900016784668;58.060001373291016;21643;2019-08-29 12:30:00-04:00
58.05670166015625;58.060001373291016;57.90999984741211;57.959999084472656;12256;2019-08-29 13:30:00-04:00
57.99990081787109;58.02999877929688;57.91999816894531;57.966400146484375;9251;2019-08-29 14:30:00-04:00
57.959999084472656;58.02000045776367;57.84999847412109;57.86000061035156;21477;2019-08-29 15:30:00-04:00
58.400001525878906;58.64500045776367;58.25;58.25;46409;2019-08-30 09:30:00-04:00
58.18000030517578;58.27000045776367;57.95000076293945;58.040000915527344;16241;2019-08-30 10:30:00-04:00
58.06999969482422;58.14500045776367;58.040000915527344;58.09000015258789;10777;2019-08-30 11:30:00-04:00
58.09000015258789;58.18000030517578;58.084999084472656;58.130001068115234;10730;2019-08-30 12:30:00-04:00
58.130001068115234;58.25;58.11000061035156;58.25;11642;2019-08-30 13:30:00-04:00
58.220001220703125;58.2400016784668;58.119998931884766;58.22999954223633;13421;2019-08-30 14:30:00-04:00
58.220001220703125;58.27000045776367;58.16999816894531;58.20000076293945;23272;2019-08-30 15:30:00-04:00
57.93000030517578;58.290000915527344;57.665000915527344;57.84000015258789;62819;2019-09-03 09:30:00-04:00
57.83000183105469;58.01499938964844;57.77199935913086;57.93000030517578;32220;2019-09-03 10:30:00-04:00
57.95000076293945;58.08000183105469;57.84999847412109;58.0;33337;2019-09-03 11:30:00-04:00
57.90999984741211;58.15999984741211;57.90999984741211;58.13970184326172;21725;2019-09-03 12:30:00-04:00
58.15999984741211;58.18000030517578;58.0;58.150001525878906;28052;2019-09-03 13:30:00-04:00
58.16999816894531;58.209999084472656;58.09999847412109;58.130001068115234;21042;2019-09-03 14:30:00-04:00
58.130001068115234;58.33000183105469;58.130001068115234;58.33000183105469;35005;2019-09-03 15:30:00-04:00
59.209999084472656;59.375;59.060001373291016;59.18999862670898;29596;2019-09-04 09:30:00-04:00
59.20500183105469;59.34000015258789;59.18000030517578;59.2599983215332;25512;2019-09-04 10:30:00-04:00
59.2599983215332;59.41889953613281;59.2599983215332;59.380001068115234;20045;2019-09-04 11:30:00-04:00
59.40999984741211;59.5;59.38999938964844;59.43000030517578;15595;2019-09-04 12:30:00-04:00
59.43000030517578;59.45000076293945;59.36000061035156;59.40999984741211;28158;2019-09-04 13:30:00-04:00
59.400001525878906;59.4900016784668;59.375;59.415000915527344;24796;2019-09-04 14:30:00-04:00
59.40499877929688;59.5;59.369998931884766;59.45000076293945;33418;2019-09-04 15:30:00-04:00
60.380001068115234;60.96379852294922;60.380001068115234;60.7400016784668;53574;2019-09-05 09:30:00-04:00
60.77000045776367;60.84999847412109;60.61000061035156;60.67499923706055;32567;2019-09-05 10:30:00-04:00
60.709999084472656;60.91999816894531;60.68000030517578;60.709999084472656;31730;2019-09-05 11:30:00-04:00
60.75;60.77999877929688;60.52999877929688;60.579498291015625;19245;2019-09-05 12:30:00-04:00
60.56999969482422;60.59000015258789;60.369998931884766;60.369998931884766;30775;2019-09-05 13:30:00-04:00
60.40999984741211;60.61000061035156;60.37950134277344;60.57659912109375;24346;2019-09-05 14:30:00-04:00
60.5718994140625;60.59000015258789;60.36000061035156;60.43000030517578;42620;2019-09-05 15:30:00-04:00
58.72999954223633;58.959999084472656;58.619998931884766;58.93000030517578;25019;2019-09-06 09:30:00-04:00
58.9109992980957;59.09000015258789;58.880001068115234;59.03499984741211;17109;2019-09-06 10:30:00-04:00
59.03519821166992;59.06999969482422;58.97999954223633;59.0;13663;2019-09-06 11:30:00-04:00
59.0099983215332;59.11000061035156;58.91999816894531;59.0099983215332;17841;2019-09-06 12:30:00-04:00
59.040000915527344;59.22999954223633;58.93999862670898;59.11399841308594;59917;2019-09-06 13:30:00-04:00
59.09999847412109;59.13999938964844;59.0099983215332;59.06999969482422;13974;2019-09-06 14:30:00-04:00
59.04999923706055;59.060001373291016;58.90999984741211;58.93000030517578;34446;2019-09-06 15:30:00-04:00
59.40999984741211;59.79999923706055;59.40999984741211;59.720001220703125;37301;2019-09-09 09:30:00-04:00
59.75;59.84999847412109;59.650001525878906;59.84000015258789;18570;2019-09-09 10:30:00-04:00
59.84999847412109;60.08000183105469;59.77999877929688;59.77999877929688;43068;2019-09-09 11:30:00-04:00
59.79999923706055;59.84999847412109;59.69010162353516;59.81999969482422;7131;2019-09-09 12:30:00-04:00
59.81999969482422;59.900001525878906;59.709999084472656;59.86000061035156;25264;2019-09-09 13:30:00-04:00
59.85499954223633;59.93999862670898;59.85499954223633;59.875;10704;2019-09-09 14:30:00-04:00
59.86000061035156;59.93000030517578;59.84000015258789;59.90999984741211;19655;2019-09-09 15:30:00-04:00
60.52000045776367;61.18450164794922;60.380001068115234;60.77000045776367;76876;2019-09-10 09:30:00-04:00
60.79999923706055;61.36000061035156;60.75;61.14500045776367;122207;2019-09-10 10:30:00-04:00
61.11000061035156;61.290000915527344;60.86000061035156;61.06039810180664;66841;2019-09-10 11:30:00-04:00
61.09360122680664;61.09360122680664;60.72999954223633;60.88999938964844;40634;2019-09-10 12:30:00-04:00
60.900001525878906;60.94499969482422;60.83000183105469;60.86000061035156;27901;2019-09-10 13:30:00-04:00
60.869998931884766;60.90999984741211;60.720001220703125;60.76499938964844;49101;2019-09-10 14:30:00-04:00
60.77000045776367;60.88999938964844;60.75;60.77999877929688;47235;2019-09-10 15:30:00-04:00
62.15890121459961;62.7599983215332;62.04679870605469;62.18000030517578;64767;2019-09-11 09:30:00-04:00
62.220001220703125;62.25;61.95000076293945;61.97999954223633;38711;2019-09-11 10:30:00-04:00
61.97999954223633;62.040000915527344;61.380001068115234;61.400001525878906;45560;2019-09-11 11:30:00-04:00
61.415000915527344;61.58000183105469;61.38999938964844;61.5099983215332;28251;2019-09-11 12:30:00-04:00
61.5099983215332;61.7400016784668;61.5099983215332;61.709999084472656;12160;2019-09-11 13:30:00-04:00
61.75;61.84000015258789;61.54999923706055;61.57210159301758;23882;2019-09-11 14:30:00-04:00
61.59000015258789;61.63999938964844;61.38999938964844;61.59999847412109;45187;2019-09-11 15:30:00-04:00
61.810001373291016;62.15999984741211;61.415000915527344;61.9900016784668;0;2019-09-12 09:30:00-04:00
62.025001525878906;62.04999923706055;61.47489929199219;61.7400016784668;39844;2019-09-12 10:30:00-04:00
61.7599983215332;61.77000045776367;61.540000915527344;61.67499923706055;42627;2019-09-12 11:30:00-04:00
61.72079849243164;61.77000045776367;61.5;61.6254997253418;41896;2019-09-12 12:30:00-04:00
61.61000061035156;61.70000076293945;61.59000015258789;61.66999816894531;14385;2019-09-12 13:30:00-04:00
61.73500061035156;61.93000030517578;61.70000076293945;61.7599983215332;22094;2019-09-12 14:30:00-04:00
61.7599983215332;61.81999969482422;61.65999984741211;61.68999862670898;36115;2019-09-12 15:30:00-04:00
62.880001068115234;63.0;62.52000045776367;62.65999984741211;72047;2019-09-13 09:30:00-04:00
62.63999938964844;62.77999877929688;62.54499816894531;62.54999923706055;26240;2019-09-13 10:30:00-04:00
62.58000183105469;62.709999084472656;62.380001068115234;62.38999938964844;42032;2019-09-13 11:30:00-04:00
62.380001068115234;62.630001068115234;62.380001068115234;62.59999847412109;17756;2019-09-13 12:30:00-04:00
62.619998931884766;62.63999938964844;62.52000045776367;62.57500076293945;14299;2019-09-13 13:30:00-04:00
62.58000183105469;62.70000076293945;62.5;62.68000030517578;26921;2019-09-13 14:30:00-04:00
62.68999862670898;62.880001068115234;62.61000061035156;62.880001068115234;50921;2019-09-13 15:30:00-04:00
64.0999984741211;64.30000305175781;63.7400016784668;63.7400016784668;47457;2019-09-16 09:30:00-04:00
63.7510986328125;63.970001220703125;63.68999862670898;63.935001373291016;32815;2019-09-16 10:30:00-04:00
63.90999984741211;63.93000030517578;63.70000076293945;63.7400016784668;22975;2019-09-16 11:30:00-04:00
63.75;64.01000213623047;63.709999084472656;63.99980163574219;24788;2019-09-16 12:30:00-04:00
64.01000213623047;64.08000183105469;63.915000915527344;64.05000305175781;41550;2019-09-16 13:30:00-04:00
64.02999877929688;64.20999908447266;63.959999084472656;64.0999984741211;52994;2019-09-16 14:30:00-04:00
64.0999984741211;64.0999984741211;63.93000030517578;63.93999862670898;37581;2019-09-16 15:30:00-04:00
61.7400016784668;62.15999984741211;61.22999954223633;61.38370132446289;59099;2019-09-17 09:30:00-04:00
61.36000061035156;61.869998931884766;61.36000061035156;61.869998931884766;32602;2019-09-17 10:30:00-04:00
61.86000061035156;61.90999984741211;61.75;61.77999877929688;22439;2019-09-17 11:30:00-04:00
61.83000183105469;61.970001220703125;61.720001220703125;61.81999969482422;20796;2019-09-17 12:30:00-04:00
61.79999923706055;61.880001068115234;61.43000030517578;61.52999877929688;33289;2019-09-17 13:30:00-04:00
61.52999877929688;61.619998931884766;61.5;61.560001373291016;29563;2019-09-17 14:30:00-04:00
61.58000183105469;61.59999847412109;61.5;61.560001373291016;33197;2019-09-17 15:30:00-04:00
60.81999969482422;60.93000030517578;60.59999847412109;60.68999862670898;26560;2019-09-18 09:30:00-04:00
60.720001220703125;60.77000045776367;60.56999969482422;60.61000061035156;23238;2019-09-18 10:30:00-04:00
60.61000061035156;60.63999938964844;60.5;60.62099838256836;29689;2019-09-18 11:30:00-04:00
60.62960052490234;60.62960052490234;60.5099983215332;60.56809997558594;13786;2019-09-18 12:30:00-04:00
60.59000015258789;60.709999084472656;60.38999938964844;60.47999954223633;20055;2019-09-18 13:30:00-04:00
60.47999954223633;60.65999984741211;60.34000015258789;60.54999923706055;21506;2019-09-18 14:30:00-04:00
60.54999923706055;60.66999816894531;60.540000915527344;60.63999938964844;30032;2019-09-18 15:30:00-04:00
60.869998931884766;60.880001068115234;60.650001525878906;60.650001525878906;11007;2019-09-19 09:30:00-04:00
60.65999984741211;61.10290145874024;60.65999984741211;60.86370086669922;33409;2019-09-19 10:30:00-04:00
60.88999938964844;61.060001373291016;60.75;60.75;27642;2019-09-19 11:30:00-04:00
60.775001525878906;60.959999084472656;60.775001525878906;60.88999938964844;15209;2019-09-19 12:30:00-04:00
60.7400016784668;60.7400016784668;60.630001068115234;60.630001068115234;12093;2019-09-19 13:30:00-04:00
60.63999938964844;60.709999084472656;60.59000015258789;60.650001525878906;12958;2019-09-19 14:30:00-04:00
60.650001525878906;60.650001525878906;60.400001525878906;60.400001525878906;33271;2019-09-19 15:30:00-04:00
60.380001068115234;60.66999816894531;60.29999923706055;60.56999969482422;18824;2019-09-20 09:30:00-04:00
60.57749938964844;60.650001525878906;60.459999084472656;60.54999923706055;7500;2019-09-20 10:30:00-04:00
60.4900016784668;60.70000076293945;60.4900016784668;60.52999877929688;22321;2019-09-20 11:30:00-04:00
60.52999877929688;60.70000076293945;60.20000076293945;60.34000015258789;50977;2019-09-20 12:30:00-04:00
60.34999847412109;60.38999938964844;60.21060180664063;60.220001220703125;16592;2019-09-20 13:30:00-04:00
60.24869918823242;60.27999877929688;60.13999938964844;60.15999984741211;26549;2019-09-20 14:30:00-04:00
60.150001525878906;60.33000183105469;60.150001525878906;60.31999969482422;28697;2019-09-20 15:30:00-04:00
60.290000915527344;60.34999847412109;60.130001068115234;60.18999862670898;23432;2019-09-23 09:30:00-04:00
60.20000076293945;60.459999084472656;60.20000076293945;60.38999938964844;17783;2019-09-23 10:30:00-04:00
60.38999938964844;60.459999084472656;60.2599983215332;60.41999816894531;20374;2019-09-23 11:30:00-04:00
60.47999954223633;60.52000045776367;60.40999984741211;60.459999084472656;7855;2019-09-23 12:30:00-04:00
60.459999084472656;60.619998931884766;60.43000030517578;60.61000061035156;11331;2019-09-23 13:30:00-04:00
60.59999847412109;60.630001068115234;60.54999923706055;60.54999923706055;11535;2019-09-23 14:30:00-04:00
60.52999877929688;60.54999923706055;60.38999938964844;60.38999938964844;18114;2019-09-23 15:30:00-04:00
60.18999862670898;60.2599983215332;59.52000045776367;59.70000076293945;34228;2019-09-24 09:30:00-04:00
59.61000061035156;59.619998931884766;59.36000061035156;59.43999862670898;21797;2019-09-24 10:30:00-04:00
59.4370002746582;59.43999862670898;59.20000076293945;59.2400016784668;22424;2019-09-24 11:30:00-04:00
59.399898529052734;59.399898529052734;59.11000061035156;59.130001068115234;15383;2019-09-24 12:30:00-04:00
59.13999938964844;59.2599983215332;59.0;59.220401763916016;14637;2019-09-24 13:30:00-04:00
59.2599983215332;59.27000045776367;59.11000061035156;59.119998931884766;21901;2019-09-24 14:30:00-04:00
59.119998931884766;59.20000076293945;59.040000915527344;59.060001373291016;18616;2019-09-24 15:30:00-04:00
59.33000183105469;59.43999862670898;59.06639862060547;59.160301208496094;32207;2019-09-25 09:30:00-04:00
59.15999984741211;59.61000061035156;59.15999984741211;59.43999862670898;15123;2019-09-25 10:30:00-04:00
59.51499938964844;59.560001373291016;59.38999938964844;59.43999862670898;19249;2019-09-25 11:30:00-04:00
59.470001220703125;59.470001220703125;59.310001373291016;59.380001068115234;9577;2019-09-25 12:30:00-04:00
59.369998931884766;59.58000183105469;59.34000015258789;59.56999969482422;13201;2019-09-25 13:30:00-04:00
59.56999969482422;59.61000061035156;59.560001373291016;59.56209945678711;8393;2019-09-25 14:30:00-04:00
59.59000015258789;59.68000030517578;59.56460189819336;59.59999847412109;17673;2019-09-25 15:30:00-04:00
59.13999938964844;59.13999938964844;58.619998931884766;58.619998931884766;36543;2019-09-26 09:30:00-04:00
58.52999877929688;58.59999847412109;58.38999938964844;58.38999938964844;17107;2019-09-26 10:30:00-04:00
58.459999084472656;58.56999969482422;58.400001525878906;58.54410171508789;15787;2019-09-26 11:30:00-04:00
58.58000183105469;58.630001068115234;58.52000045776367;58.59000015258789;9026;2019-09-26 12:30:00-04:00
58.560001373291016;58.790000915527344;58.540000915527344;58.77000045776367;8852;2019-09-26 13:30:00-04:00
58.7599983215332;58.81999969482422;58.70000076293945;58.76950073242188;8495;2019-09-26 14:30:00-04:00
58.81999969482422;58.81999969482422;58.41999816894531;58.709999084472656;28788;2019-09-26 15:30:00-04:00
58.63999938964844;58.900001525878906;58.59999847412109;58.900001525878906;0;2019-09-27 09:30:00-04:00
58.81999969482422;59.02000045776367;58.81999969482422;58.959999084472656;9136;2019-09-27 10:30:00-04:00
58.970001220703125;59.0099983215332;58.119998931884766;58.459999084472656;46579;2019-09-27 11:30:00-04:00
58.43999862670898;58.470001220703125;58.150001525878906;58.27999877929688;19648;2019-09-27 12:30:00-04:00
58.2599983215332;58.27999877929688;58.13999938964844;58.22999954223633;15581;2019-09-27 13:30:00-04:00
58.18000030517578;58.18000030517578;58.00979995727539;58.04999923706055;21434;2019-09-27 14:30:00-04:00
58.09000015258789;58.25;58.06499862670898;58.209999084472656;36173;2019-09-27 15:30:00-04:00
59.150001525878906;59.41999816894531;58.84000015258789;59.400001525878906;43889;2019-09-30 09:30:00-04:00
59.380001068115234;59.40999984741211;59.04999923706055;59.119998931884766;23067;2019-09-30 10:30:00-04:00
59.130001068115234;59.16999816894531;58.93999862670898;59.13999938964844;23687;2019-09-30 11:30:00-04:00
59.150001525878906;59.2400016784668;59.082801818847656;59.082801818847656;23450;2019-09-30 12:30:00-04:00
59.09000015258789;59.11000061035156;58.93999862670898;58.95500183105469;11403;2019-09-30 13:30:00-04:00
58.93999862670898;59.0099983215332;58.84000015258789;58.84000015258789;13573;2019-09-30 14:30:00-04:00
58.81999969482422;58.84999847412109;58.65999984741211;58.75;26324;2019-09-30 15:30:00-04:00
58.900001525878906;58.93000030517578;58.59999847412109;58.619998931884766;21230;2019-10-01 09:30:00-04:00
58.65499877929688;58.65499877929688;58.34000015258789;58.540000915527344;18941;2019-10-01 10:30:00-04:00
58.56999969482422;58.59999847412109;58.290000915527344;58.31999969482422;15640;2019-10-01 11:30:00-04:00
58.380001068115234;58.41999816894531;58.2599983215332;58.34999847412109;15615;2019-10-01 12:30:00-04:00
58.310001373291016;58.43999862670898;58.209999084472656;58.38999938964844;20552;2019-10-01 13:30:00-04:00
58.38999938964844;58.560001373291016;58.38999938964844;58.560001373291016;20102;2019-10-01 14:30:00-04:00
58.54499816894531;58.54499816894531;58.45000076293945;58.52000045776367;19974;2019-10-01 15:30:00-04:00
58.59999847412109;59.130001068115234;58.59000015258789;59.060001373291016;40912;2019-10-02 09:30:00-04:00
59.060001373291016;59.060001373291016;58.619998931884766;58.72999954223633;23389;2019-10-02 10:30:00-04:00
58.68000030517578;58.709999084472656;58.540000915527344;58.59000015258789;29362;2019-10-02 11:30:00-04:00
58.54999923706055;58.72999954223633;58.470001220703125;58.68999862670898;12472;2019-10-02 12:30:00-04:00
58.66999816894531;58.702598571777344;58.53390121459961;58.619998931884766;13886;2019-10-02 13:30:00-04:00
58.59999847412109;58.81999969482422;58.59000015258789;58.79999923706055;20354;2019-10-02 14:30:00-04:00
58.77000045776367;58.79999923706055;58.64500045776367;58.709999084472656;26709;2019-10-02 15:30:00-04:00
59.13999938964844;59.34000015258789;58.84999847412109;59.18999862670898;15608;2019-10-03 09:30:00-04:00
59.18999862670898;59.47999954223633;59.08000183105469;59.29999923706055;15654;2019-10-03 10:30:00-04:00
59.27360153198242;59.43999862670898;59.27360153198242;59.43999862670898;4561;2019-10-03 11:30:00-04:00
59.400001525878906;59.470001220703125;59.369998931884766;59.459999084472656;7450;2019-10-03 12:30:00-04:00
59.459999084472656;59.54999923706055;59.41999816894531;59.5099983215332;13567;2019-10-03 13:30:00-04:00
59.52000045776367;59.52999877929688;59.34000015258789;59.36000061035156;12515;2019-10-03 14:30:00-04:00
59.3650016784668;59.40999984741211;59.22999954223633;59.40999984741211;25212;2019-10-03 15:30:00-04:00
58.86000061035156;58.9900016784668;58.31999969482422;58.380001068115234;29601;2019-10-04 09:30:00-04:00
58.38999938964844;58.4900016784668;58.27999877929688;58.41999816894531;18619;2019-10-04 10:30:00-04:00
58.43999862670898;58.49679946899414;58.400001525878906;58.49679946899414;18479;2019-10-04 11:30:00-04:00
58.52439880371094;58.540000915527344;58.43000030517578;58.470001220703125;17135;2019-10-04 12:30:00-04:00
58.459999084472656;58.650001525878906;58.45000076293945;58.61000061035156;11820;2019-10-04 13:30:00-04:00
58.59999847412109;58.630001068115234;58.54999923706055;58.619998931884766;23015;2019-10-04 14:30:00-04:00
58.630001068115234;58.709999084472656;58.630001068115234;58.65999984741211;17530;2019-10-04 15:30:00-04:00
58.56999969482422;58.959999084472656;58.41999816894531;58.91999816894531;17804;2019-10-07 09:30:00-04:00
58.90999984741211;58.970001220703125;58.810001373291016;58.95000076293945;17219;2019-10-07 10:30:00-04:00
58.86000061035156;58.9900016784668;58.59999847412109;58.70000076293945;17690;2019-10-07 11:30:00-04:00
58.63999938964844;58.70000076293945;58.400001525878906;58.43000030517578;8067;2019-10-07 12:30:00-04:00
58.45000076293945;58.72999954223633;58.43999862670898;58.470001220703125;21219;2019-10-07 13:30:00-04:00
58.494998931884766;58.52999877929688;58.34999847412109;58.5;19227;2019-10-07 14:30:00-04:00
58.47999954223633;58.47999954223633;58.25;58.2599983215332;37294;2019-10-07 15:30:00-04:00
58.0;58.0099983215332;57.75;57.880001068115234;19369;2019-10-08 09:30:00-04:00
57.88999938964844;57.90999984741211;57.68000030517578;57.75;31502;2019-10-08 10:30:00-04:00
57.77000045776367;57.790000915527344;57.68000030517578;57.72999954223633;17796;2019-10-08 11:30:00-04:00
57.79999923706055;57.83000183105469;57.68000030517578;57.7599983215332;28052;2019-10-08 12:30:00-04:00
57.75;57.77999877929688;57.619998931884766;57.650001525878906;21847;2019-10-08 13:30:00-04:00
57.72999954223633;57.83000183105469;57.540000915527344;57.61000061035156;32469;2019-10-08 14:30:00-04:00
57.59999847412109;57.59999847412109;57.33000183105469;57.34000015258789;47955;2019-10-08 15:30:00-04:00
58.150001525878906;58.20000076293945;57.81999969482422;57.97499847412109;53901;2019-10-09 09:30:00-04:00
57.93999862670898;57.97999954223633;57.83000183105469;57.970001220703125;37529;2019-10-09 10:30:00-04:00
57.9900016784668;58.11000061035156;57.95000076293945;58.060001373291016;26781;2019-10-09 11:30:00-04:00
58.02999877929688;58.08000183105469;57.93000030517578;58.02999877929688;19489;2019-10-09 12:30:00-04:00
58.040000915527344;58.11000061035156;57.93000030517578;58.095001220703125;21638;2019-10-09 13:30:00-04:00
58.09999847412109;58.13999938964844;58.04999923706055;58.06999969482422;27810;2019-10-09 14:30:00-04:00
58.060001373291016;58.08000183105469;57.83620071411133;57.88999938964844;33913;2019-10-09 15:30:00-04:00
57.88119888305664;58.459999084472656;57.88119888305664;58.31999969482422;23976;2019-10-10 09:30:00-04:00
58.310001373291016;58.459999084472656;58.25;58.39500045776367;20207;2019-10-10 10:30:00-04:00
58.43999862670898;58.47999954223633;58.290000915527344;58.31999969482422;32850;2019-10-10 11:30:00-04:00
58.27999877929688;58.310001373291016;58.220001220703125;58.22999954223633;10910;2019-10-10 12:30:00-04:00
58.18999862670898;58.380001068115234;58.16999816894531;58.32490158081055;23665;2019-10-10 13:30:00-04:00
58.290000915527344;58.470001220703125;58.255001068115234;58.41999816894531;13926;2019-10-10 14:30:00-04:00
58.41999816894531;58.5;58.380001068115234;58.459999084472656;17929;2019-10-10 15:30:00-04:00
59.45000076293945;60.130001068115234;59.45000076293945;60.00389862060547;31158;2019-10-11 09:30:00-04:00
60.02000045776367;60.119998931884766;59.869998931884766;60.119998931884766;11878;2019-10-11 10:30:00-04:00
60.11000061035156;60.209999084472656;59.79999923706055;59.86000061035156;9675;2019-10-11 11:30:00-04:00
59.86000061035156;60.150001525878906;59.790000915527344;60.02999877929688;13744;2019-10-11 12:30:00-04:00
60.0099983215332;60.06999969482422;59.957801818847656;60.02999877929688;6465;2019-10-11 13:30:00-04:00
60.04999923706055;60.130001068115234;60.02000045776367;60.08000183105469;14696;2019-10-11 14:30:00-04:00
60.08000183105469;60.130001068115234;59.790000915527344;59.869998931884766;37423;2019-10-11 15:30:00-04:00
59.59999847412109;59.77000045776367;59.34000015258789;59.43000030517578;17836;2019-10-14 09:30:00-04:00
59.43000030517578;59.540000915527344;59.31999969482422;59.45000076293945;30537;2019-10-14 10:30:00-04:00
59.4900016784668;59.52000045776367;59.34000015258789;59.380001068115234;11186;2019-10-14 11:30:00-04:00
59.40879821777344;59.43999862670898;59.36000061035156;59.38869857788086;16069;2019-10-14 12:30:00-04:00
59.369998931884766;59.459999084472656;59.369998931884766;59.38999938964844;20024;2019-10-14 13:30:00-04:00
59.40999984741211;59.5099983215332;59.33000183105469;59.33000183105469;15655;2019-10-14 14:30:00-04:00
59.31999969482422;59.36000061035156;59.20000076293945;59.334999084472656;18425;2019-10-14 15:30:00-04:00
59.0;59.29499816894531;59.0;59.25;18770;2019-10-15 09:30:00-04:00
59.31999969482422;59.619998931884766;59.310001373291016;59.58000183105469;14567;2019-10-15 10:30:00-04:00
59.54999923706055;59.61000061035156;59.45500183105469;59.59999847412109;11838;2019-10-15 11:30:00-04:00
59.630001068115234;59.65999984741211;59.59999847412109;59.65999984741211;3905;2019-10-15 12:30:00-04:00
59.619998931884766;59.619998931884766;59.43999862670898;59.5;7180;2019-10-15 13:30:00-04:00
59.43529891967773;59.45000076293945;59.220001220703125;59.2400016784668;19626;2019-10-15 14:30:00-04:00
59.23500061035156;59.27999877929688;59.06999969482422;59.06999969482422;30384;2019-10-15 15:30:00-04:00
58.75;59.12990188598633;58.65999984741211;58.79999923706055;22706;2019-10-16 09:30:00-04:00
58.81499862670898;58.959999084472656;58.77999877929688;58.94139862060547;25377;2019-10-16 10:30:00-04:00
58.95000076293945;58.970001220703125;58.86000061035156;58.900001525878906;11020;2019-10-16 11:30:00-04:00
58.86000061035156;58.88999938964844;58.65999984741211;58.68000030517578;14597;2019-10-16 12:30:00-04:00
58.64059829711914;58.72999954223633;58.58000183105469;58.59999847412109;44384;2019-10-16 13:30:00-04:00
58.59999847412109;58.650001525878906;58.54999923706055;58.59000015258789;34015;2019-10-16 14:30:00-04:00
58.61000061035156;58.63999938964844;58.52000045776367;58.61000061035156;44589;2019-10-16 15:30:00-04:00
59.15999984741211;59.18999862670898;58.900001525878906;58.93999862670898;75712;2019-10-17 09:30:00-04:00
58.88999938964844;58.970001220703125;58.77999877929688;58.81999969482422;37565;2019-10-17 10:30:00-04:00
58.83000183105469;58.84000015258789;58.560001373291016;58.56999969482422;34026;2019-10-17 11:30:00-04:00
58.59999847412109;58.61000061035156;58.540000915527344;58.61000061035156;21271;2019-10-17 12:30:00-04:00
58.58000183105469;58.66999816894531;58.54499816894531;58.66999816894531;27855;2019-10-17 13:30:00-04:00
58.650001525878906;58.709999084472656;58.59999847412109;58.67499923706055;31956;2019-10-17 14:30:00-04:00
58.68000030517578;58.77999877929688;58.66999816894531;58.68999862670898;36412;2019-10-17 15:30:00-04:00
58.52999877929688;58.83000183105469;58.52999877929688;58.61320114135742;92331;2019-10-18 09:30:00-04:00
58.61000061035156;58.66999816894531;58.47499847412109;58.630001068115234;29821;2019-10-18 10:30:00-04:00
58.63999938964844;58.64500045776367;58.400001525878906;58.400001525878906;18308;2019-10-18 11:30:00-04:00
58.40999984741211;58.58000183105469;58.40999984741211;58.51499938964844;20304;2019-10-18 12:30:00-04:00
58.540000915527344;58.630001068115234;58.400001525878906;58.630001068115234;26374;2019-10-18 13:30:00-04:00
58.619998931884766;58.619998931884766;58.43000030517578;58.5099983215332;24283;2019-10-18 14:30:00-04:00
58.5099983215332;58.52999877929688;58.459999084472656;58.52000045776367;30524;2019-10-18 15:30:00-04:00
58.64500045776367;58.86000061035156;58.54999923706055;58.70000076293945;20147;2019-10-21 09:30:00-04:00
58.720001220703125;58.7599983215332;58.58000183105469;58.59640121459961;15228;2019-10-21 10:30:00-04:00
58.630001068115234;58.720001220703125;58.540000915527344;58.709999084472656;10543;2019-10-21 11:30:00-04:00
58.720001220703125;58.7400016784668;58.66600036621094;58.66600036621094;12582;2019-10-21 12:30:00-04:00
58.67499923706055;58.84999847412109;58.63999938964844;58.84000015258789;13408;2019-10-21 13:30:00-04:00
58.81999969482422;58.81999969482422;58.72999954223633;58.772499084472656;7903;2019-10-21 14:30:00-04:00
58.77999877929688;58.90999984741211;58.77000045776367;58.83000183105469;30179;2019-10-21 15:30:00-04:00
58.790000915527344;59.06499862670898;58.75;58.75;14893;2019-10-22 09:30:00-04:00
58.7599983215332;59.09000015258789;58.68999862670898;59.040000915527344;14024;2019-10-22 10:30:00-04:00
59.02000045776367;59.209999084472656;58.959999084472656;59.08000183105469;25161;2019-10-22 11:30:00-04:00
59.060001373291016;59.13999938964844;59.01169967651367;59.06999969482422;11514;2019-10-22 12:30:00-04:00
59.09999847412109;59.43999862670898;59.06999969482422;59.33000183105469;23133;2019-10-22 13:30:00-04:00
59.34999847412109;59.380001068115234;59.15999984741211;59.29999923706055;33498;2019-10-22 14:30:00-04:00
59.290000915527344;59.32500076293945;59.16999816894531;59.2599983215332;31539;2019-10-22 15:30:00-04:00
58.77000045776367;58.77000045776367;58.375;58.63999938964844;35178;2019-10-23 09:30:00-04:00
58.70000076293945;58.93999862670898;58.48500061035156;58.86000061035156;82758;2019-10-23 10:30:00-04:00
58.83000183105469;58.959999084472656;58.77000045776367;58.90999984741211;32873;2019-10-23 11:30:00-04:00
58.90499877929688;58.97999954223633;58.810001373291016;58.91999816894531;14203;2019-10-23 12:30:00-04:00
58.91999816894531;58.97999954223633;58.84000015258789;58.869998931884766;19567;2019-10-23 13:30:00-04:00
58.875;58.959999084472656;58.84999847412109;58.93999862670898;18951;2019-10-23 14:30:00-04:00
58.93999862670898;59.11000061035156;58.93000030517578;59.11000061035156;49975;2019-10-23 15:30:00-04:00
59.25;59.41999816894531;58.92380142211914;59.20000076293945;17618;2019-10-24 09:30:00-04:00
59.18999862670898;59.34999847412109;59.15999984741211;59.2599983215332;33152;2019-10-24 10:30:00-04:00
59.2599983215332;59.34999847412109;59.04779815673828;59.13090133666992;24262;2019-10-24 11:30:00-04:00
59.13999938964844;59.220001220703125;59.06999969482422;59.119998931884766;8309;2019-10-24 12:30:00-04:00
59.13999938964844;59.13999938964844;58.90999984741211;58.91999816894531;13312;2019-10-24 13:30:00-04:00
58.95000076293945;59.11000061035156;58.95000076293945;58.970001220703125;16410;2019-10-24 14:30:00-04:00
58.970001220703125;59.18000030517578;58.970001220703125;59.150001525878906;17128;2019-10-24 15:30:00-04:00
59.290000915527344;59.52999877929688;59.290000915527344;59.470001220703125;16714;2019-10-25 09:30:00-04:00
59.47999954223633;59.63999938964844;59.43000030517578;59.59629821777344;54853;2019-10-25 10:30:00-04:00
59.61000061035156;59.709999084472656;59.369998931884766;59.369998931884766;41289;2019-10-25 11:30:00-04:00
59.38999938964844;59.540000915527344;59.380001068115234;59.540000915527344;15756;2019-10-25 12:30:00-04:00
59.52999877929688;59.66999816894531;59.52999877929688;59.64889907836914;9682;2019-10-25 13:30:00-04:00
59.63999938964844;59.68000030517578;59.6150016784668;59.66999816894531;8837;2019-10-25 14:30:00-04:00
59.65999984741211;59.75;59.59999847412109;59.619998931884766;21534;2019-10-25 15:30:00-04:00
60.02999877929688;60.2400016784668;59.75;60.130001068115234;24562;2019-10-28 09:30:00-04:00
60.130001068115234;60.18000030517578;60.04999923706055;60.11000061035156;13327;2019-10-28 10:30:00-04:00
60.11000061035156;60.2400016784668;60.11000061035156;60.18999862670898;15063;2019-10-28 11:30:00-04:00
60.16889953613281;60.31999969482422;60.150001525878906;60.31999969482422;10025;2019-10-28 12:30:00-04:00
60.33000183105469;60.34999847412109;60.27000045776367;60.33969879150391;12298;2019-10-28 13:30:00-04:00
60.34000015258789;60.380001068115234;60.13890075683594;60.13890075683594;10947;2019-10-28 14:30:00-04:00
60.16999816894531;60.18000030517578;60.06999969482422;60.13999938964844;25113;2019-10-28 15:30:00-04:00
59.41999816894531;59.540000915527344;58.90999984741211;58.91999816894531;47251;2019-10-29 09:30:00-04:00
58.95940017700195;58.95940017700195;58.720001220703125;58.84030151367188;35328;2019-10-29 10:30:00-04:00
58.81999969482422;59.09999847412109;58.810001373291016;59.060001373291016;23635;2019-10-29 11:30:00-04:00
59.09000015258789;59.15999984741211;59.04999923706055;59.130001068115234;18406;2019-10-29 12:30:00-04:00
59.11000061035156;59.23929977416992;59.040000915527344;59.040000915527344;17642;2019-10-29 13:30:00-04:00
59.04499816894531;59.04499816894531;58.86000061035156;59.02000045776367;26671;2019-10-29 14:30:00-04:00
59.0;59.09999847412109;58.97999954223633;59.09999847412109;27912;2019-10-29 15:30:00-04:00
58.34999847412109;58.43000030517578;58.0099983215332;58.27999877929688;42071;2019-10-30 09:30:00-04:00
58.22999954223633;58.290000915527344;58.04999923706055;58.11000061035156;18853;2019-10-30 10:30:00-04:00
58.13579940795898;58.150001525878906;58.04999923706055;58.04999923706055;22092;2019-10-30 11:30:00-04:00
58.02999877929688;58.060001373291016;57.81999969482422;57.81999969482422;23355;2019-10-30 12:30:00-04:00
57.810001373291016;57.810001373291016;57.56999969482422;57.619998931884766;36264;2019-10-30 13:30:00-04:00
57.61899948120117;57.65999984741211;57.5;57.54999923706055;44633;2019-10-30 14:30:00-04:00
57.54999923706055;57.58000183105469;57.5099983215332;57.52000045776367;50580;2019-10-30 15:30:00-04:00
57.36000061035156;57.5;56.540000915527344;56.59999847412109;31909;2019-10-31 09:30:00-04:00
56.560001373291016;56.68999862670898;56.5;56.560001373291016;40006;2019-10-31 10:30:00-04:00
56.560001373291016;56.625;56.45000076293945;56.52000045776367;44119;2019-10-31 11:30:00-04:00
56.5;56.51919937133789;56.34000015258789;56.40999984741211;24332;2019-10-31 12:30:00-04:00
56.400001525878906;56.41999816894531;56.33000183105469;56.34000015258789;24843;2019-10-31 13:30:00-04:00
56.34000015258789;56.415000915527344;56.27999877929688;56.33000183105469;22573;2019-10-31 14:30:00-04:00
56.31999969482422;56.54999923706055;56.31999969482422;56.540000915527344;53546;2019-10-31 15:30:00-04:00
57.5;57.810001373291016;57.38999938964844;57.619998931884766;58719;2019-11-01 09:30:00-04:00
57.650001525878906;57.65999984741211;57.5099983215332;57.5099983215332;30495;2019-11-01 10:30:00-04:00
57.5099983215332;57.55500030517578;57.36000061035156;57.369998931884766;22270;2019-11-01 11:30:00-04:00
57.36000061035156;57.58000183105469;57.34999847412109;57.540000915527344;32541;2019-11-01 12:30:00-04:00
57.52999877929688;57.560001373291016;57.43999862670898;57.52000045776367;36754;2019-11-01 13:30:00-04:00
57.5099983215332;57.56999969482422;57.38999938964844;57.560001373291016;52183;2019-11-01 14:30:00-04:00
57.54999923706055;57.66999816894531;57.54999923706055;57.650001525878906;36112;2019-11-01 15:30:00-04:00
58.45000076293945;58.88999938964844;58.27999877929688;58.27999877929688;37435;2019-11-04 09:30:00-05:00
58.27000045776367;58.459999084472656;58.27000045776367;58.34000015258789;21924;2019-11-04 10:30:00-05:00
58.33000183105469;58.52000045776367;58.310001373291016;58.43000030517578;20234;2019-11-04 11:30:00-05:00
58.43629837036133;58.55500030517578;58.38999938964844;58.52999877929688;53714;2019-11-04 12:30:00-05:00
58.52000045776367;58.52000045776367;58.38710021972656;58.415000915527344;39077;2019-11-04 13:30:00-05:00
58.43000030517578;58.52999877929688;58.34999847412109;58.4900016784668;17683;2019-11-04 14:30:00-05:00
58.47999954223633;58.56999969482422;58.47499847412109;58.5099983215332;22180;2019-11-04 15:30:00-05:00
58.9900016784668;59.5;58.9900016784668;59.29999923706055;44968;2019-11-05 09:30:00-05:00
59.369998931884766;59.540000915527344;59.369998931884766;59.4900016784668;19880;2019-11-05 10:30:00-05:00
59.470001220703125;59.4900016784668;59.22999954223633;59.27999877929688;20771;2019-11-05 11:30:00-05:00
59.2599983215332;59.36000061035156;59.25;59.27000045776367;9612;2019-11-05 12:30:00-05:00
59.2599983215332;59.36000061035156;59.2599983215332;59.34000015258789;15700;2019-11-05 13:30:00-05:00
59.34000015258789;59.34999847412109;59.22999954223633;59.27000045776367;11485;2019-11-05 14:30:00-05:00
59.27000045776367;59.369998931884766;59.2400016784668;59.34999847412109;24368;2019-11-05 15:30:00-05:00
59.84999847412109;60.0;59.709999084472656;59.93000030517578;48595;2019-11-06 09:30:00-05:00
59.869998931884766;59.869998931884766;59.66999816894531;59.68000030517578;51820;2019-11-06 10:30:00-05:00
59.65999984741211;59.75;59.18000030517578;59.220001220703125;42284;2019-11-06 11:30:00-05:00
59.19499969482422;59.20000076293945;59.06999969482422;59.08000183105469;21841;2019-11-06 12:30:00-05:00
59.08000183105469;59.16999816894531;58.9900016784668;58.9900016784668;25346;2019-11-06 13:30:00-05:00
58.9900016784668;59.02000045776367;58.93999862670898;59.01499938964844;23888;2019-11-06 14:30:00-05:00
59.02999877929688;59.040000915527344;58.91999816894531;59.02000045776367;47125;2019-11-06 15:30:00-05:00
59.77999877929688;59.95000076293945;59.720001220703125;59.91999816894531;37788;2019-11-07 09:30:00-05:00
59.91999816894531;59.959999084472656;59.79999923706055;59.810001373291016;11561;2019-11-07 10:30:00-05:00
59.82500076293945;59.89039993286133;59.66999816894531;59.89039993286133;24214;2019-11-07 11:30:00-05:00
59.87319946289063;59.91999816894531;59.83000183105469;59.90499877929688;12422;2019-11-07 12:30:00-05:00
59.90499877929688;60.0;59.84000015258789;59.95000076293945;13907;2019-11-07 13:30:00-05:00
59.959999084472656;59.97999954223633;59.79999923706055;59.83000183105469;15240;2019-11-07 14:30:00-05:00
59.83000183105469;59.86000061035156;59.790000915527344;59.83000183105469;22364;2019-11-07 15:30:00-05:00
59.63999938964844;59.68999862670898;59.40999984741211;59.540000915527344;28430;2019-11-08 09:30:00-05:00
59.5;59.72999954223633;59.5;59.52999877929688;12826;2019-11-08 10:30:00-05:00
59.52000045776367;59.73500061035156;59.4900016784668;59.65999984741211;15003;2019-11-08 11:30:00-05:00
59.63999938964844;59.720001220703125;59.59999847412109;59.61000061035156;13484;2019-11-08 12:30:00-05:00
59.630001068115234;59.66999816894531;59.619998931884766;59.619998931884766;12309;2019-11-08 13:30:00-05:00
59.630001068115234;59.69499969482422;59.62310028076172;59.66999816894531;12613;2019-11-08 14:30:00-05:00
59.65999984741211;59.77999877929688;59.630001068115234;59.77999877929688;27175;2019-11-08 15:30:00-05:00
58.7400016784668;58.7400016784668;58.20000076293945;58.650001525878906;30076;2019-11-11 09:30:00-05:00
58.64500045776367;58.880001068115234;58.630001068115234;58.79499816894531;15228;2019-11-11 10:30:00-05:00
58.79999923706055;58.91999816894531;58.77629852294922;58.900001525878906;20623;2019-11-11 11:30:00-05:00
58.88999938964844;58.92539978027344;58.83000183105469;58.85300064086914;10323;2019-11-11 12:30:00-05:00
58.88999938964844;58.95000076293945;58.84000015258789;58.84000015258789;6466;2019-11-11 13:30:00-05:00
58.869998931884766;58.919898986816406;58.83000183105469;58.84000015258789;8972;2019-11-11 14:30:00-05:00
58.869998931884766;58.869998931884766;58.72999954223633;58.72999954223633;19117;2019-11-11 15:30:00-05:00
58.56999969482422;58.56999969482422;58.27000045776367;58.40999984741211;43375;2019-11-12 09:30:00-05:00
58.40999984741211;58.5099983215332;58.36000061035156;58.36000061035156;25773;2019-11-12 10:30:00-05:00
58.33000183105469;58.34999847412109;58.14970016479492;58.18999862670898;19372;2019-11-12 11:30:00-05:00
58.18999862670898;58.18999862670898;57.95000076293945;57.970001220703125;18911;2019-11-12 12:30:00-05:00
57.970001220703125;58.27000045776367;57.880001068115234;57.88999938964844;20867;2019-11-12 13:30:00-05:00
57.900001525878906;57.96500015258789;57.78499984741211;57.84999847412109;19388;2019-11-12 14:30:00-05:00
57.869998931884766;57.90999984741211;57.77999877929688;57.77999877929688;34362;2019-11-12 15:30:00-05:00
57.310001373291016;57.470001220703125;56.970001220703125;56.970001220703125;36222;2019-11-13 09:30:00-05:00
56.9900016784668;57.15999984741211;56.91999816894531;57.09999847412109;16369;2019-11-13 10:30:00-05:00
57.130001068115234;57.220001220703125;57.130001068115234;57.16880035400391;11058;2019-11-13 11:30:00-05:00
57.20000076293945;57.290000915527344;57.18999862670898;57.27000045776367;15425;2019-11-13 12:30:00-05:00
57.25;57.26369857788086;56.98500061035156;56.9900016784668;21157;2019-11-13 13:30:00-05:00
56.997100830078125;57.17499923706055;56.997100830078125;57.11000061035156;23393;2019-11-13 14:30:00-05:00
57.11000061035156;57.18000030517578;57.060001373291016;57.060001373291016;31895;2019-11-13 15:30:00-05:00
56.97999954223633;57.04999923706055;56.70000076293945;56.7400016784668;32974;2019-11-14 09:30:00-05:00
56.720001220703125;56.790000915527344;56.59999847412109;56.59999847412109;22504;2019-11-14 10:30:00-05:00
56.619998931884766;56.65999984741211;56.5;56.52000045776367;16161;2019-11-14 11:30:00-05:00
56.52000045776367;56.619998931884766;56.40999984741211;56.459999084472656;29199;2019-11-14 12:30:00-05:00
56.459999084472656;56.540000915527344;56.345001220703125;56.52000045776367;15146;2019-11-14 13:30:00-05:00
56.52000045776367;56.525001525878906;56.41999816894531;56.52000045776367;18157;2019-11-14 14:30:00-05:00
56.5099983215332;56.61000061035156;56.47999954223633;56.59000015258789;25101;2019-11-14 15:30:00-05:00
56.68000030517578;56.93000030517578;56.650001525878906;56.74620056152344;23555;2019-11-15 09:30:00-05:00
56.77000045776367;56.900001525878906;56.7406005859375;56.900001525878906;24958;2019-11-15 10:30:00-05:00
56.95000076293945;57.06999969482422;56.72999954223633;57.01839828491211;64305;2019-11-15 11:30:00-05:00
57.02999877929688;57.04999923706055;56.91999816894531;56.9656982421875;15634;2019-11-15 12:30:00-05:00
57.0;57.02999877929688;56.95000076293945;57.0;17369;2019-11-15 13:30:00-05:00
56.99610137939453;57.0099983215332;56.93399810791016;56.95000076293945;13192;2019-11-15 14:30:00-05:00
56.93180084228516;56.970001220703125;56.84999847412109;56.970001220703125;21225;2019-11-15 15:30:00-05:00
56.81999969482422;56.81999969482422;56.33000183105469;56.34000015258789;31494;2019-11-18 09:30:00-05:00
56.35169982910156;56.459999084472656;56.310001373291016;56.3849983215332;17375;2019-11-18 10:30:00-05:00
56.37799835205078;56.46989822387695;56.310001373291016;56.45000076293945;20730;2019-11-18 11:30:00-05:00
56.45000076293945;56.52999877929688;56.150001525878906;56.15999984741211;18162;2019-11-18 12:30:00-05:00
56.15999984741211;56.16999816894531;56.06499862670898;56.16999816894531;30584;2019-11-18 13:30:00-05:00
56.16999816894531;56.25;56.08000183105469;56.11000061035156;16946;2019-11-18 14:30:00-05:00
56.09999847412109;56.11000061035156;55.97999954223633;56.0;39483;2019-11-18 15:30:00-05:00
56.290000915527344;56.44599914550781;56.2400016784668;56.2400016784668;66436;2019-11-19 09:30:00-05:00
56.25;56.25;56.060001373291016;56.16999816894531;19231;2019-11-19 10:30:00-05:00
56.152000427246094;56.31999969482422;56.08000183105469;56.18999862670898;27128;2019-11-19 11:30:00-05:00
56.18000030517578;56.209999084472656;56.119998931884766;56.130001068115234;11877;2019-11-19 12:30:00-05:00
56.15999984741211;56.18999862670898;56.04999923706055;56.18999862670898;16120;2019-11-19 13:30:00-05:00
56.18999862670898;56.18999862670898;56.13999938964844;56.15499877929688;9635;2019-11-19 14:30:00-05:00
56.16999816894531;56.18000030517578;56.11000061035156;56.11000061035156;19870;2019-11-19 15:30:00-05:00
56.41999816894531;56.84000015258789;56.34000015258789;56.47999954223633;41656;2019-11-20 09:30:00-05:00
56.5;56.7400016784668;56.45000076293945;56.720001220703125;69653;2019-11-20 10:30:00-05:00
56.75;56.88999938964844;56.75;56.83000183105469;57945;2019-11-20 11:30:00-05:00
56.8650016784668;56.95000076293945;56.43000030517578;56.45249938964844;23679;2019-11-20 12:30:00-05:00
56.47999954223633;56.65999984741211;56.41999816894531;56.65999984741211;52261;2019-11-20 13:30:00-05:00
56.650001525878906;56.650001525878906;56.560001373291016;56.560001373291016;28119;2019-11-20 14:30:00-05:00
56.54999923706055;56.560001373291016;56.459999084472656;56.459999084472656;60556;2019-11-20 15:30:00-05:00
56.5;56.630001068115234;56.41999816894531;56.41999816894531;48676;2019-11-21 09:30:00-05:00
56.459999084472656;56.61000061035156;56.43999862670898;56.52000045776367;28580;2019-11-21 10:30:00-05:00
56.54999923706055;56.709999084472656;56.47980117797852;56.66999816894531;15244;2019-11-21 11:30:00-05:00
56.67499923706055;56.810001373291016;56.65999984741211;56.79999923706055;14524;2019-11-21 12:30:00-05:00
56.79499816894531;56.9900016784668;56.77999877929688;56.9900016784668;31166;2019-11-21 13:30:00-05:00
57.0099983215332;57.0099983215332;56.89569854736328;56.93320083618164;18011;2019-11-21 14:30:00-05:00
56.95000076293945;57.0;56.91999816894531;56.9900016784668;22557;2019-11-21 15:30:00-05:00
56.91999816894531;56.91999816894531;56.595001220703125;56.70000076293945;25722;2019-11-22 09:30:00-05:00
56.68000030517578;56.7400016784668;56.2599983215332;56.33000183105469;17699;2019-11-22 10:30:00-05:00
56.27999877929688;56.560001373291016;56.27999877929688;56.45000076293945;11435;2019-11-22 11:30:00-05:00
56.45000076293945;56.46860122680664;56.33000183105469;56.41590118408203;10285;2019-11-22 12:30:00-05:00
56.43999862670898;56.43999862670898;56.29999923706055;56.310001373291016;11144;2019-11-22 13:30:00-05:00
56.33000183105469;56.400001525878906;56.33000183105469;56.38999938964844;12843;2019-11-22 14:30:00-05:00
56.380001068115234;56.380001068115234;56.220001220703125;56.220001220703125;28959;2019-11-22 15:30:00-05:00
57.209999084472656;57.59000015258789;57.0099983215332;57.56499862670898;35230;2019-11-25 09:30:00-05:00
57.56499862670898;57.65999984741211;57.45000076293945;57.459999084472656;31230;2019-11-25 10:30:00-05:00
57.459999084472656;57.5;57.380001068115234;57.4900016784668;23581;2019-11-25 11:30:00-05:00
57.477298736572266;57.52000045776367;57.38999938964844;57.5099983215332;16261;2019-11-25 12:30:00-05:00
57.47999954223633;57.66999816894531;57.470001220703125;57.66999816894531;15356;2019-11-25 13:30:00-05:00
57.66999816894531;57.66999816894531;57.5099983215332;57.61000061035156;19247;2019-11-25 14:30:00-05:00
57.625;57.66999816894531;57.56999969482422;57.59999847412109;22084;2019-11-25 15:30:00-05:00
57.790000915527344;57.84999847412109;57.27000045776367;57.33000183105469;19229;2019-11-26 09:30:00-05:00
57.27999877929688;57.31999969482422;57.130001068115234;57.26499938964844;22379;2019-11-26 10:30:00-05:00
57.25;57.352298736572266;57.20009994506836;57.34000015258789;11241;2019-11-26 11:30:00-05:00
57.36000061035156;57.380001068115234;57.209999084472656;57.209999084472656;10760;2019-11-26 12:30:00-05:00
57.20000076293945;57.27999877929688;57.150001525878906;57.27999877929688;12130;2019-11-26 13:30:00-05:00
57.25;57.27000045776367;57.20500183105469;57.25;17972;2019-11-26 14:30:00-05:00
57.2599983215332;57.5099983215332;57.2599983215332;57.45000076293945;25925;2019-11-26 15:30:00-05:00
57.34000015258789;57.52000045776367;57.22999954223633;57.43000030517578;31423;2019-11-27 09:30:00-05:00
57.40999984741211;57.43000030517578;57.150001525878906;57.18000030517578;12288;2019-11-27 10:30:00-05:00
57.17499923706055;57.18000030517578;57.11000061035156;57.150001525878906;33847;2019-11-27 11:30:00-05:00
57.16999816894531;57.30500030517578;57.15999984741211;57.26520156860352;10736;2019-11-27 12:30:00-05:00
57.29999923706055;57.470001220703125;57.29999923706055;57.470001220703125;12017;2019-11-27 13:30:00-05:00
57.459999084472656;57.470001220703125;57.33000183105469;57.35499954223633;11261;2019-11-27 14:30:00-05:00
57.369998931884766;57.38999938964844;57.27999877929688;57.29999923706055;17031;2019-11-27 15:30:00-05:00
56.29999923706055;56.29999923706055;55.630001068115234;55.7599983215332;51931;2019-11-29 09:30:00-05:00
55.77000045776367;55.86000061035156;55.63999938964844;55.83000183105469;33074;2019-11-29 10:30:00-05:00
55.83000183105469;55.90999984741211;55.72999954223633;55.84000015258789;21220;2019-11-29 11:30:00-05:00
55.84999847412109;55.880001068115234;55.7599983215332;55.84999847412109;34348;2019-11-29 13:00:00-05:00
56.0;56.34000015258789;56.0;56.119998931884766;26879;2019-12-02 09:30:00-05:00
56.11000061035156;56.22999954223633;56.08000183105469;56.22999954223633;16431;2019-12-02 10:30:00-05:00
56.18999862670898;56.290000915527344;56.130001068115234;56.18999862670898;23380;2019-12-02 11:30:00-05:00
56.20500183105469;56.27000045776367;56.17499923706055;56.25019836425781;11268;2019-12-02 12:30:00-05:00
56.247501373291016;56.2599983215332;56.14189910888672;56.16809844970703;11809;2019-12-02 13:30:00-05:00
56.19499969482422;56.20000076293945;56.06999969482422;56.130001068115234;15831;2019-12-02 14:30:00-05:00
56.08000183105469;56.130001068115234;56.02999877929688;56.02999877929688;26767;2019-12-02 15:30:00-05:00
55.33000183105469;55.400001525878906;55.040000915527344;55.21390151977539;35721;2019-12-03 09:30:00-05:00
55.23500061035156;55.2599983215332;55.08000183105469;55.2599983215332;17188;2019-12-03 10:30:00-05:00
55.25;55.290000915527344;55.13999938964844;55.2400016784668;29416;2019-12-03 11:30:00-05:00
55.22999954223633;55.32500076293945;55.150001525878906;55.22999954223633;9859;2019-12-03 12:30:00-05:00
55.22999954223633;55.242801666259766;54.95000076293945;55.0;38944;2019-12-03 13:30:00-05:00
55.02000045776367;55.10499954223633;54.93999862670898;55.09000015258789;20063;2019-12-03 14:30:00-05:00
55.09000015258789;55.25;55.06999969482422;55.18000030517578;24170;2019-12-03 15:30:00-05:00
55.4375;55.75;55.40399932861328;55.58000183105469;29055;2019-12-04 09:30:00-05:00
55.650001525878906;55.828399658203125;55.56999969482422;55.709999084472656;32028;2019-12-04 10:30:00-05:00
55.7400016784668;55.90999984741211;55.73500061035156;55.87110137939453;22445;2019-12-04 11:30:00-05:00
55.880001068115234;55.880001068115234;55.810001373291016;55.810001373291016;11161;2019-12-04 12:30:00-05:00
55.84000015258789;55.84999847412109;55.58000183105469;55.58000183105469;26222;2019-12-04 13:30:00-05:00
55.56999969482422;55.68999862670898;55.560001373291016;55.650001525878906;16635;2019-12-04 14:30:00-05:00
55.650001525878906;55.75;55.619998931884766;55.7400016784668;28188;2019-12-04 15:30:00-05:00
55.720001220703125;55.720001220703125;55.525001525878906;55.63999938964844;25784;2019-12-05 09:30:00-05:00
55.650001525878906;55.68999862670898;55.40999984741211;55.5099983215332;29157;2019-12-05 10:30:00-05:00
55.59310150146485;55.70000076293945;55.59310150146485;55.66830062866211;9126;2019-12-05 11:30:00-05:00
55.65399932861328;55.70000076293945;55.52000045776367;55.59999847412109;13667;2019-12-05 12:30:00-05:00
55.59049987792969;55.59049987792969;55.4900016784668;55.4900016784668;20155;2019-12-05 13:30:00-05:00
55.4900016784668;55.52000045776367;55.380001068115234;55.42380142211914;19737;2019-12-05 14:30:00-05:00
55.435001373291016;55.47999954223633;55.33000183105469;55.34000015258789;15571;2019-12-05 15:30:00-05:00
55.540000915527344;55.95000076293945;55.52999877929688;55.86000061035156;71239;2019-12-06 09:30:00-05:00
55.8755989074707;55.90999984741211;55.67499923706055;55.77999877929688;24407;2019-12-06 10:30:00-05:00
55.810001373291016;55.84000015258789;55.72999954223633;55.79999923706055;21334;2019-12-06 11:30:00-05:00
55.81999969482422;55.970001220703125;55.79999923706055;55.93999862670898;33328;2019-12-06 12:30:00-05:00
55.935001373291016;55.959999084472656;55.93000030517578;55.93000030517578;11134;2019-12-06 13:30:00-05:00
55.93999862670898;55.93999862670898;55.79999923706055;55.83000183105469;14372;2019-12-06 14:30:00-05:00
55.84000015258789;55.84000015258789;55.72999954223633;55.72999954223633;17393;2019-12-06 15:30:00-05:00
55.7400016784668;56.38999938964844;55.7400016784668;56.220001220703125;0;2019-12-09 09:30:00-05:00
56.18999862670898;56.28990173339844;56.11000061035156;56.16999816894531;26498;2019-12-09 10:30:00-05:00
56.18000030517578;56.1879997253418;56.09000015258789;56.119998931884766;17557;2019-12-09 11:30:00-05:00
56.119998931884766;56.22999954223633;56.09999847412109;56.18999862670898;8263;2019-12-09 12:30:00-05:00
56.18999862670898;56.20000076293945;55.93000030517578;55.93000030517578;16142;2019-12-09 13:30:00-05:00
55.97949981689453;56.09999847412109;55.93000030517578;56.09999847412109;19706;2019-12-09 14:30:00-05:00
56.09000015258789;56.09999847412109;55.95000076293945;55.970001220703125;20422;2019-12-09 15:30:00-05:00
56.27000045776367;56.43000030517578;55.93000030517578;56.04999923706055;0;2019-12-10 09:30:00-05:00
56.04999923706055;56.20909881591797;56.0099983215332;56.16999816894531;14507;2019-12-10 10:30:00-05:00
56.16999816894531;56.20000076293945;55.97999954223633;56.01549911499024;23525;2019-12-10 11:30:00-05:00
56.02000045776367;56.095001220703125;55.869998931884766;56.04999923706055;21600;2019-12-10 12:30:00-05:00
56.0;56.02000045776367;55.86000061035156;55.90999984741211;20026;2019-12-10 13:30:00-05:00
55.900001525878906;55.95000076293945;55.7400016784668;55.7400016784668;40072;2019-12-10 14:30:00-05:00
55.75;55.77999877929688;55.63999938964844;55.63999938964844;74705;2019-12-10 15:30:00-05:00
56.02000045776367;56.36000061035156;55.900001525878906;56.29499816894531;21829;2019-12-11 09:30:00-05:00
56.29999923706055;56.29999923706055;56.02999877929688;56.09999847412109;13991;2019-12-11 10:30:00-05:00
56.09000015258789;56.119998931884766;55.97999954223633;56.09999847412109;13706;2019-12-11 11:30:00-05:00
56.119998931884766;56.27999877929688;56.060001373291016;56.2599983215332;23141;2019-12-11 12:30:00-05:00
56.27000045776367;56.5;56.2599983215332;56.40499877929688;23298;2019-12-11 13:30:00-05:00
56.41999816894531;56.47999954223633;56.400001525878906;56.46120071411133;23706;2019-12-11 14:30:00-05:00
56.470001220703125;56.47999954223633;56.27000045776367;56.33000183105469;45753;2019-12-11 15:30:00-05:00
56.470001220703125;57.52000045776367;56.470001220703125;57.52000045776367;49121;2019-12-12 09:30:00-05:00
57.5;57.51499938964844;57.2400016784668;57.45000076293945;55067;2019-12-12 10:30:00-05:00
57.47999954223633;57.54999923706055;57.2400016784668;57.25;26452;2019-12-12 11:30:00-05:00
57.2599983215332;57.45000076293945;57.209999084472656;57.27000045776367;27806;2019-12-12 12:30:00-05:00
57.27000045776367;57.33000183105469;57.15999984741211;57.25;13298;2019-12-12 13:30:00-05:00
57.27000045776367;57.52000045776367;57.27000045776367;57.47999954223633;17756;2019-12-12 14:30:00-05:00
57.470001220703125;57.54999923706055;57.43999862670898;57.54999923706055;44477;2019-12-12 15:30:00-05:00
57.59999847412109;58.5;57.43000030517578;58.31999969482422;48756;2019-12-13 09:30:00-05:00
58.18999862670898;58.18999862670898;57.72999954223633;57.7400016784668;36901;2019-12-13 10:30:00-05:00
57.7599983215332;57.97999954223633;57.7400016784668;57.93000030517578;15089;2019-12-13 11:30:00-05:00
57.91910171508789;58.0;57.91910171508789;57.93000030517578;16407;2019-12-13 12:30:00-05:00
57.900001525878906;57.959999084472656;57.83000183105469;57.88460159301758;9226;2019-12-13 13:30:00-05:00
57.90999984741211;57.90999984741211;57.720001220703125;57.72999954223633;12589;2019-12-13 14:30:00-05:00
57.709999084472656;57.790000915527344;57.68999862670898;57.72999954223633;15438;2019-12-13 15:30:00-05:00
57.79999923706055;58.15999984741211;57.70000076293945;57.95000076293945;35487;2019-12-16 09:30:00-05:00
57.970001220703125;58.040000915527344;57.81999969482422;57.93999862670898;29610;2019-12-16 10:30:00-05:00
57.880001068115234;57.900001525878906;57.70140075683594;57.81999969482422;28288;2019-12-16 11:30:00-05:00
57.810001373291016;57.93999862670898;57.7599983215332;57.91999816894531;24275;2019-12-16 12:30:00-05:00
57.932498931884766;57.932498931884766;57.66999816894531;57.66999816894531;15221;2019-12-16 13:30:00-05:00
57.67100143432617;57.79999923706055;57.63999938964844;57.7599983215332;17749;2019-12-16 14:30:00-05:00
57.7599983215332;57.88999938964844;57.7400016784668;57.7400016784668;27555;2019-12-16 15:30:00-05:00
58.20000076293945;58.68000030517578;58.20000076293945;58.63999938964844;32776;2019-12-17 09:30:00-05:00
58.63999938964844;58.77999877929688;58.61000061035156;58.75270080566406;23522;2019-12-17 10:30:00-05:00
58.7400016784668;58.84000015258789;58.71500015258789;58.83000183105469;20600;2019-12-17 11:30:00-05:00
58.84000015258789;59.0099983215332;58.650001525878906;58.7599983215332;42655;2019-12-17 12:30:00-05:00
58.75;58.76459884643555;58.65999984741211;58.72999954223633;21532;2019-12-17 13:30:00-05:00
58.72999954223633;58.79999923706055;58.61830139160156;58.68999862670898;29333;2019-12-17 14:30:00-05:00
58.68539810180664;58.79999923706055;58.650001525878906;58.790000915527344;23031;2019-12-17 15:30:00-05:00
59.150001525878906;59.15999984741211;58.93000030517578;58.959999084472656;29058;2019-12-18 09:30:00-05:00
59.0;59.18000030517578;59.0;59.18000030517578;24705;2019-12-18 10:30:00-05:00
59.150001525878906;59.18999862670898;59.04999923706055;59.18999862670898;8890;2019-12-18 11:30:00-05:00
59.18999862670898;59.220001220703125;59.08000183105469;59.16120147705078;28158;2019-12-18 12:30:00-05:00
59.16999816894531;59.18000030517578;59.04999923706055;59.06999969482422;9580;2019-12-18 13:30:00-05:00
59.04999923706055;59.064300537109375;58.959999084472656;59.02000045776367;16179;2019-12-18 14:30:00-05:00
58.994998931884766;59.11000061035156;58.970001220703125;59.040000915527344;22838;2019-12-18 15:30:00-05:00
58.459999084472656;58.70000076293945;58.41999816894531;58.47999954223633;19799;2019-12-19 09:30:00-05:00
58.459999084472656;58.720001220703125;58.43999862670898;58.720001220703125;11834;2019-12-19 10:30:00-05:00
58.67499923706055;58.720001220703125;58.61000061035156;58.61759948730469;14136;2019-12-19 11:30:00-05:00
58.65999984741211;58.65999984741211;58.459999084472656;58.4900016784668;11275;2019-12-19 12:30:00-05:00
58.5;58.5;58.40999984741211;58.41400146484375;14372;2019-12-19 13:30:00-05:00
58.43999862670898;58.470001220703125;58.36000061035156;58.380001068115234;15566;2019-12-19 14:30:00-05:00
58.380001068115234;58.5;58.380001068115234;58.5;16957;2019-12-19 15:30:00-05:00
58.70000076293945;58.91999816894531;58.619998931884766;58.73699951171875;0;2019-12-20 09:30:00-05:00
58.790000915527344;59.040000915527344;58.7599983215332;59.02999877929688;14574;2019-12-20 10:30:00-05:00
59.040000915527344;59.08470153808594;58.900001525878906;58.959999084472656;9115;2019-12-20 11:30:00-05:00
58.96009826660156;58.97999954223633;58.880001068115234;58.909400939941406;13850;2019-12-20 12:30:00-05:00
58.91719818115234;58.94499969482422;58.84999847412109;58.880001068115234;12595;2019-12-20 13:30:00-05:00
58.85309982299805;58.95000076293945;58.85309982299805;58.92499923706055;11059;2019-12-20 14:30:00-05:00
58.92499923706055;58.97999954223633;58.869998931884766;58.97999954223633;39890;2019-12-20 15:30:00-05:00
59.19499969482422;59.27999877929688;59.08890151977539;59.18000030517578;0;2019-12-23 09:30:00-05:00
59.15999984741211;59.25;59.119998931884766;59.19499969482422;13651;2019-12-23 10:30:00-05:00
59.18199920654297;59.209999084472656;59.0;59.09000015258789;15996;2019-12-23 11:30:00-05:00
59.09999847412109;59.18999862670898;59.07500076293945;59.1781005859375;13364;2019-12-23 12:30:00-05:00
59.16999816894531;59.209999084472656;59.119998931884766;59.18999862670898;14076;2019-12-23 13:30:00-05:00
59.18000030517578;59.380001068115234;59.13999938964844;59.37360000610352;29846;2019-12-23 14:30:00-05:00
59.369998931884766;59.40999984741211;59.34999847412109;59.40999984741211;22672;2019-12-23 15:30:00-05:00
59.29999923706055;59.47999954223633;59.22200012207031;59.43000030517578;0;2019-12-24 09:30:00-05:00
59.41999816894531;59.47999954223633;59.369998931884766;59.400001525878906;24408;2019-12-24 10:30:00-05:00
59.43550109863281;59.47999954223633;59.290000915527344;59.290000915527344;23244;2019-12-24 11:30:00-05:00
59.31999969482422;59.380001068115234;59.290000915527344;59.31999969482422;12299;2019-12-24 13:00:00-05:00
59.369998931884766;59.790000915527344;59.36000061035156;59.76860046386719;0;2019-12-26 09:30:00-05:00
59.79999923706055;59.96879959106445;59.79199981689453;59.900001525878906;20119;2019-12-26 10:30:00-05:00
59.91999816894531;59.93999862670898;59.77000045776367;59.790000915527344;8518;2019-12-26 11:30:00-05:00
59.7599983215332;59.86539840698242;59.720001220703125;59.790000915527344;14259;2019-12-26 12:30:00-05:00
59.87110137939453;59.93999862670898;59.810001373291016;59.88999938964844;15219;2019-12-26 13:30:00-05:00
59.88999938964844;59.90999984741211;59.74800109863281;59.81940078735352;11804;2019-12-26 14:30:00-05:00
59.77000045776367;59.77000045776367;59.59000015258789;59.59999847412109;20591;2019-12-26 15:30:00-05:00
60.0;60.29999923706055;60.0;60.11000061035156;38964;2019-12-27 09:30:00-05:00
60.14350128173828;60.43999862670898;60.09159851074219;60.41999816894531;21279;2019-12-27 10:30:00-05:00
60.369998931884766;60.369998931884766;60.150001525878906;60.150001525878906;21035;2019-12-27 11:30:00-05:00
60.13999938964844;60.25;60.1077995300293;60.18999862670898;17119;2019-12-27 12:30:00-05:00
60.18000030517578;60.19419860839844;60.0;60.0099983215332;12978;2019-12-27 13:30:00-05:00
60.0099983215332;60.02000045776367;59.869998931884766;59.90499877929688;20164;2019-12-27 14:30:00-05:00
59.90499877929688;60.02999877929688;59.84999847412109;60.0;24273;2019-12-27 15:30:00-05:00
60.09000015258789;60.4900016784668;59.858001708984375;59.900001525878906;25960;2019-12-30 09:30:00-05:00
59.900001525878906;60.060001373291016;59.84999847412109;60.0;25225;2019-12-30 10:30:00-05:00
59.93180084228516;60.02999877929688;59.88999938964844;60.02999877929688;20990;2019-12-30 11:30:00-05:00
60.040000915527344;60.04999923706055;59.88999938964844;59.91999816894531;14112;2019-12-30 12:30:00-05:00
59.911598205566406;59.93999862670898;59.880001068115234;59.90999984741211;14089;2019-12-30 13:30:00-05:00
59.90999984741211;59.91999816894531;59.84000015258789;59.869998931884766;16852;2019-12-30 14:30:00-05:00
59.900001525878906;59.900001525878906;59.68000030517578;59.68000030517578;19383;2019-12-30 15:30:00-05:00
59.72999954223633;60.119998931884766;59.70000076293945;60.025001525878906;19446;2019-12-31 09:30:00-05:00
60.02399826049805;60.150001525878906;59.95930099487305;60.08100128173828;11679;2019-12-31 10:30:00-05:00
60.08000183105469;60.2400016784668;60.04999923706055;60.18999862670898;17857;2019-12-31 11:30:00-05:00
60.209999084472656;60.209999084472656;59.81999969482422;59.94580078125;39274;2019-12-31 12:30:00-05:00
59.959999084472656;60.0099983215332;59.88999938964844;59.90499877929688;14857;2019-12-31 13:30:00-05:00
59.91999816894531;60.09999847412109;59.880001068115234;60.09999847412109;12287;2019-12-31 14:30:00-05:00
60.09999847412109;60.20000076293945;60.09999847412109;60.16999816894531;34556;2019-12-31 15:30:00-05:00
60.52000045776367;60.65499877929688;60.2400016784668;60.29999923706055;24042;2020-01-02 09:30:00-05:00
60.36000061035156;60.52999877929688;60.33000183105469;60.400001525878906;28704;2020-01-02 10:30:00-05:00
60.380001068115234;60.54999923706055;60.374000549316406;60.54499816894531;15755;2020-01-02 11:30:00-05:00
60.540000915527344;60.61000061035156;60.53499984741211;60.54999923706055;14541;2020-01-02 12:30:00-05:00
60.58000183105469;60.72999954223633;60.58000183105469;60.720001220703125;12378;2020-01-02 13:30:00-05:00
60.709999084472656;60.91999816894531;60.70000076293945;60.88999938964844;35293;2020-01-02 14:30:00-05:00
60.88999938964844;61.209999084472656;60.88999938964844;61.150001525878906;61869;2020-01-02 15:30:00-05:00
61.369998931884766;61.68470001220703;61.31999969482422;61.31999969482422;29115;2020-01-03 09:30:00-05:00
61.32400131225586;61.47999954223633;61.15999984741211;61.31389999389648;21830;2020-01-03 10:30:00-05:00
61.34000015258789;61.38999938964844;61.26919937133789;61.29999923706055;13232;2020-01-03 11:30:00-05:00
61.290000915527344;61.59999847412109;61.27000045776367;61.400001525878906;37076;2020-01-03 12:30:00-05:00
61.380001068115234;61.59999847412109;61.34999847412109;61.54999923706055;24277;2020-01-03 13:30:00-05:00
61.54999923706055;61.59999847412109;61.470001220703125;61.470001220703125;18307;2020-01-03 14:30:00-05:00
61.43000030517578;61.59000015258789;61.38999938964844;61.56999969482422;33120;2020-01-03 15:30:00-05:00
61.84999847412109;62.0;61.72829818725586;61.95000076293945;52558;2020-01-06 09:30:00-05:00
61.95800018310547;62.02000045776367;61.90589904785156;61.96900177001953;24927;2020-01-06 10:30:00-05:00
61.95500183105469;62.02999877929688;61.91999816894531;62.0;15419;2020-01-06 11:30:00-05:00
61.9900016784668;62.12839889526367;61.90950012207031;62.11449813842773;20822;2020-01-06 12:30:00-05:00
62.13999938964844;62.220001220703125;62.09000015258789;62.18000030517578;13391;2020-01-06 13:30:00-05:00
62.16999816894531;62.20000076293945;62.060001373291016;62.12319946289063;25954;2020-01-06 14:30:00-05:00
62.11000061035156;62.11000061035156;61.93000030517578;61.97999954223633;35720;2020-01-06 15:30:00-05:00
61.70000076293945;61.70000076293945;61.29999923706055;61.540000915527344;35331;2020-01-07 09:30:00-05:00
61.61000061035156;61.63999938964844;61.459999084472656;61.4900016784668;15341;2020-01-07 10:30:00-05:00
61.4900016784668;61.5099983215332;61.290000915527344;61.34999847412109;14567;2020-01-07 11:30:00-05:00
61.34999847412109;61.400001525878906;61.27999877929688;61.380001068115234;13398;2020-01-07 12:30:00-05:00
61.38520050048828;61.630001068115234;61.38520050048828;61.619998931884766;21355;2020-01-07 13:30:00-05:00
61.61000061035156;61.79999923706055;61.61000061035156;61.68999862670898;45139;2020-01-07 14:30:00-05:00
61.68000030517578;61.68999862670898;61.54999923706055;61.622100830078125;41472;2020-01-07 15:30:00-05:00
61.33000183105469;61.400001525878906;61.09999847412109;61.25419998168945;35050;2020-01-08 09:30:00-05:00
61.27000045776367;61.27000045776367;60.7599983215332;60.77999877929688;30700;2020-01-08 10:30:00-05:00
60.75;60.970001220703125;60.630001068115234;60.935001373291016;33395;2020-01-08 11:30:00-05:00
60.880001068115234;60.97999954223633;60.7599983215332;60.887001037597656;25417;2020-01-08 12:30:00-05:00
60.84999847412109;61.09999847412109;60.83000183105469;60.97999954223633;34168;2020-01-08 13:30:00-05:00
61.0;61.04999923706055;60.83000183105469;60.84000015258789;28801;2020-01-08 14:30:00-05:00
60.84000015258789;60.84000015258789;60.720001220703125;60.72999954223633;32459;2020-01-08 15:30:00-05:00
61.02000045776367;61.02000045776367;60.65999984741211;60.84000015258789;0;2020-01-09 09:30:00-05:00
60.790000915527344;61.02999877929688;60.7400016784668;61.0099983215332;26888;2020-01-09 10:30:00-05:00
60.9900016784668;61.20000076293945;60.9900016784668;61.09999847412109;28792;2020-01-09 11:30:00-05:00
61.09999847412109;61.209999084472656;61.04999923706055;61.20000076293945;20656;2020-01-09 12:30:00-05:00
61.18999862670898;61.27000045776367;61.13219833374024;61.26499938964844;20502;2020-01-09 13:30:00-05:00
61.2599983215332;61.41999816894531;61.2599983215332;61.290000915527344;31343;2020-01-09 14:30:00-05:00
61.27000045776367;61.61000061035156;61.27000045776367;61.59999847412109;46843;2020-01-09 15:30:00-05:00
61.20000076293945;61.29999923706055;61.02999877929688;61.29999923706055;18045;2020-01-10 09:30:00-05:00
61.29999923706055;61.32600021362305;61.02999877929688;61.02999877929688;14860;2020-01-10 10:30:00-05:00
61.04999923706055;61.18999862670898;60.971900939941406;61.0;8973;2020-01-10 11:30:00-05:00
61.06999969482422;61.20000076293945;61.060001373291016;61.130001068115234;6937;2020-01-10 12:30:00-05:00
61.16120147705078;61.19100189208984;61.05799865722656;61.09000015258789;12786;2020-01-10 13:30:00-05:00
61.09000015258789;61.11299896240234;60.959999084472656;61.02000045776367;9356;2020-01-10 14:30:00-05:00
61.02000045776367;61.02000045776367;60.84999847412109;60.900001525878906;32290;2020-01-10 15:30:00-05:00
61.08000183105469;61.08000183105469;60.52000045776367;60.650001525878906;35938;2020-01-13 09:30:00-05:00
60.68000030517578;60.829200744628906;60.56999969482422;60.75;19918;2020-01-13 10:30:00-05:00
60.810001373291016;60.91999816894531;60.7400016784668;60.84999847412109;25576;2020-01-13 11:30:00-05:00
60.84000015258789;60.91999816894531;60.75;60.84000015258789;30787;2020-01-13 12:30:00-05:00
60.834999084472656;61.0;60.83000183105469;60.959999084472656;21175;2020-01-13 13:30:00-05:00
60.95000076293945;61.02000045776367;60.880001068115234;60.880001068115234;18046;2020-01-13 14:30:00-05:00
60.88999938964844;60.95000076293945;60.85499954223633;60.95000076293945;21635;2020-01-13 15:30:00-05:00
60.380001068115234;60.5099983215332;60.09999847412109;60.15999984741211;37103;2020-01-14 09:30:00-05:00
60.150001525878906;60.310001373291016;60.09000015258789;60.220001220703125;18959;2020-01-14 10:30:00-05:00
60.2489013671875;60.306400299072266;60.18999862670898;60.244998931884766;13579;2020-01-14 11:30:00-05:00
60.25;60.369998931884766;60.25;60.369998931884766;13242;2020-01-14 12:30:00-05:00
60.34000015258789;60.34000015258789;60.05009841918945;60.150001525878906;21228;2020-01-14 13:30:00-05:00
60.15999984741211;60.34000015258789;60.150001525878906;60.2400016784668;16666;2020-01-14 14:30:00-05:00
60.2400016784668;60.31999969482422;60.130001068115234;60.13999938964844;35514;2020-01-14 15:30:00-05:00
60.0099983215332;60.02999877929688;59.790000915527344;59.880001068115234;22391;2020-01-15 09:30:00-05:00
59.84999847412109;59.84999847412109;59.709999084472656;59.84360122680664;13301;2020-01-15 10:30:00-05:00
59.82500076293945;59.89500045776367;59.7599983215332;59.80379867553711;6626;2020-01-15 11:30:00-05:00
59.83000183105469;59.84999847412109;59.70000076293945;59.775001525878906;14996;2020-01-15 12:30:00-05:00
59.810001373291016;59.88999938964844;59.75;59.880001068115234;12430;2020-01-15 13:30:00-05:00
59.88600158691406;59.92729949951172;59.7599983215332;59.7963981628418;0;2020-01-15 14:30:00-05:00
59.810001373291016;59.880001068115234;59.7599983215332;59.880001068115234;105972;2020-01-15 15:30:00-05:00
60.22999954223633;60.52000045776367;60.20000076293945;60.52000045776367;22343;2020-01-16 09:30:00-05:00
60.5099983215332;60.54999923706055;60.4900016784668;60.54999923706055;14640;2020-01-16 10:30:00-05:00
60.560001373291016;60.65999984741211;60.54999923706055;60.56990051269531;8977;2020-01-16 11:30:00-05:00
60.56999969482422;60.61000061035156;60.43000030517578;60.52000045776367;15666;2020-01-16 12:30:00-05:00
60.540000915527344;60.58000183105469;60.43000030517578;60.45500183105469;7512;2020-01-16 13:30:00-05:00
60.459999084472656;60.5447998046875;60.459999084472656;60.4900016784668;9636;2020-01-16 14:30:00-05:00
60.5099983215332;60.52000045776367;60.40999984741211;60.43000030517578;28023;2020-01-16 15:30:00-05:00
60.810001373291016;60.810001373291016;60.52999877929688;60.61000061035156;18213;2020-01-17 09:30:00-05:00
60.61000061035156;60.77000045776367;60.59000015258789;60.60499954223633;12593;2020-01-17 10:30:00-05:00
60.58000183105469;60.709999084472656;60.58000183105469;60.620601654052734;7892;2020-01-17 11:30:00-05:00
60.59000015258789;60.70000076293945;60.59000015258789;60.70000076293945;10280;2020-01-17 12:30:00-05:00
60.68999862670898;60.79999923706055;60.68600082397461;60.77000045776367;11043;2020-01-17 13:30:00-05:00
60.76020050048828;60.80989837646485;60.65999984741211;60.65999984741211;17879;2020-01-17 14:30:00-05:00
60.66999816894531;60.755001068115234;60.650001525878906;60.720001220703125;18263;2020-01-17 15:30:00-05:00
59.40999984741211;59.40999984741211;58.56999969482422;58.68999862670898;76731;2020-01-21 09:30:00-05:00
58.68000030517578;58.810001373291016;58.64970016479492;58.7400016784668;47892;2020-01-21 10:30:00-05:00
58.720001220703125;58.84700012207031;58.720001220703125;58.77999877929688;23243;2020-01-21 11:30:00-05:00
58.7400016784668;58.84000015258789;58.709999084472656;58.76499938964844;11855;2020-01-21 12:30:00-05:00
58.72520065307617;58.790000915527344;58.560001373291016;58.56999969482422;14094;2020-01-21 13:30:00-05:00
58.560001373291016;58.720001220703125;58.55500030517578;58.560001373291016;18585;2020-01-21 14:30:00-05:00
58.56999969482422;58.61000061035156;58.459999084472656;58.52999877929688;47514;2020-01-21 15:30:00-05:00
58.95000076293945;58.970001220703125;58.220001220703125;58.27000045776367;28289;2020-01-22 09:30:00-05:00
58.27000045776367;58.40999984741211;58.15999984741211;58.15999984741211;17117;2020-01-22 10:30:00-05:00
58.17380142211914;58.226600646972656;58.02180099487305;58.04999923706055;17185;2020-01-22 11:30:00-05:00
58.040000915527344;58.1349983215332;58.02000045776367;58.08000183105469;12447;2020-01-22 12:30:00-05:00
58.08729934692383;58.34000015258789;58.08729934692383;58.20500183105469;17900;2020-01-22 13:30:00-05:00
58.18999862670898;58.38999938964844;58.13999938964844;58.150001525878906;34767;2020-01-22 14:30:00-05:00
58.1697998046875;58.25;58.13999938964844;58.18999862670898;32992;2020-01-22 15:30:00-05:00
57.59999847412109;57.68000030517578;57.02000045776367;57.33000183105469;103901;2020-01-23 09:30:00-05:00
57.33000183105469;57.59000015258789;57.220001220703125;57.33000183105469;22933;2020-01-23 10:30:00-05:00
57.31999969482422;57.369998931884766;57.28760147094727;57.28760147094727;7997;2020-01-23 11:30:00-05:00
57.33000183105469;57.40999984741211;57.25320053100586;57.34999847412109;9058;2020-01-23 12:30:00-05:00
57.346099853515625;57.7953987121582;57.346099853515625;57.7953987121582;19936;2020-01-23 13:30:00-05:00
57.75;57.97999954223633;57.72999954223633;57.90999984741211;31518;2020-01-23 14:30:00-05:00
57.90999984741211;57.90999984741211;57.77000045776367;57.77000045776367;24990;2020-01-23 15:30:00-05:00
57.72999954223633;57.79999923706055;57.36000061035156;57.369998931884766;22064;2020-01-24 09:30:00-05:00
57.380001068115234;57.38999938964844;57.20000076293945;57.22499847412109;25527;2020-01-24 10:30:00-05:00
57.20000076293945;57.292999267578125;57.02999877929688;57.11000061035156;12702;2020-01-24 11:30:00-05:00
57.08000183105469;57.150001525878906;57.040000915527344;57.09999847412109;14058;2020-01-24 12:30:00-05:00
57.03499984741211;57.060001373291016;56.84000015258789;56.91999816894531;28690;2020-01-24 13:30:00-05:00
56.90530014038086;57.18999862670898;56.85559844970703;57.18999862670898;14387;2020-01-24 14:30:00-05:00
57.17910003662109;57.220001220703125;57.09000015258789;57.20000076293945;21794;2020-01-24 15:30:00-05:00
54.81999969482422;55.54999923706055;54.81999969482422;55.54999923706055;54828;2020-01-27 09:30:00-05:00
55.5;55.5;55.11000061035156;55.150001525878906;27348;2020-01-27 10:30:00-05:00
55.22999954223633;55.29999923706055;55.15999984741211;55.27999877929688;15616;2020-01-27 11:30:00-05:00
55.290000915527344;55.459999084472656;55.290000915527344;55.40999984741211;38006;2020-01-27 12:30:00-05:00
55.43999862670898;55.46500015258789;55.35200119018555;55.45000076293945;14824;2020-01-27 13:30:00-05:00
55.459999084472656;55.68999862670898;55.34000015258789;55.380001068115234;42993;2020-01-27 14:30:00-05:00
55.37260055541992;55.38999938964844;55.27840042114258;55.290000915527344;27281;2020-01-27 15:30:00-05:00
55.4900016784668;56.09000015258789;55.15999984741211;55.70000076293945;47084;2020-01-28 09:30:00-05:00
55.719200134277344;55.719200134277344;55.5099983215332;55.560001373291016;20564;2020-01-28 10:30:00-05:00
55.54999923706055;55.6349983215332;55.43999862670898;55.52999877929688;23889;2020-01-28 11:30:00-05:00
55.52999877929688;55.54999923706055;55.33000183105469;55.52000045776367;24789;2020-01-28 12:30:00-05:00
55.51750183105469;55.630001068115234;55.41999816894531;55.5;12178;2020-01-28 13:30:00-05:00
55.4900016784668;55.54999923706055;55.380001068115234;55.52999877929688;19461;2020-01-28 14:30:00-05:00
55.54999923706055;55.54999923706055;55.470001220703125;55.5;20895;2020-01-28 15:30:00-05:00
55.790000915527344;55.89799880981445;55.34000015258789;55.45000076293945;55581;2020-01-29 09:30:00-05:00
55.45000076293945;55.540000915527344;55.11000061035156;55.16999816894531;28150;2020-01-29 10:30:00-05:00
55.150001525878906;55.16999816894531;54.93999862670898;55.02999877929688;32769;2020-01-29 11:30:00-05:00
55.03499984741211;55.18000030517578;55.0099983215332;55.130001068115234;18324;2020-01-29 12:30:00-05:00
55.150001525878906;55.34000015258789;55.13999938964844;55.209999084472656;20585;2020-01-29 13:30:00-05:00
55.15999984741211;55.27000045776367;55.150001525878906;55.2599983215332;24463;2020-01-29 14:30:00-05:00
55.27000045776367;55.34000015258789;55.220001220703125;55.22999954223633;26463;2020-01-29 15:30:00-05:00
54.5;54.54999923706055;54.16999816894531;54.220001220703125;37896;2020-01-30 09:30:00-05:00
54.25;54.290000915527344;53.93999862670898;54.22999954223633;53851;2020-01-30 10:30:00-05:00
54.20000076293945;54.20000076293945;54.02000045776367;54.02000045776367;12826;2020-01-30 11:30:00-05:00
54.02999877929688;54.02999877929688;53.84999847412109;53.95000076293945;26774;2020-01-30 12:30:00-05:00
53.95000076293945;53.9900016784668;53.86000061035156;53.9900016784668;38026;2020-01-30 13:30:00-05:00
53.97999954223633;54.33000183105469;53.84000015258789;54.310001373291016;62086;2020-01-30 14:30:00-05:00
54.33000183105469;54.560001373291016;54.28499984741211;54.540000915527344;38740;2020-01-30 15:30:00-05:00
53.380001068115234;53.68000030517578;52.70000076293945;52.709999084472656;70316;2020-01-31 09:30:00-05:00
52.720001220703125;52.75410079956055;52.5;52.65999984741211;36130;2020-01-31 10:30:00-05:00
52.66279983520508;52.86000061035156;52.52000045776367;52.59000015258789;31673;2020-01-31 11:30:00-05:00
52.56520080566406;52.56999969482422;52.34000015258789;52.4900016784668;23867;2020-01-31 12:30:00-05:00
52.48500061035156;52.560001373291016;52.3203010559082;52.560001373291016;23756;2020-01-31 13:30:00-05:00
52.47999954223633;52.584999084472656;52.36000061035156;52.41999816894531;27615;2020-01-31 14:30:00-05:00
52.369998931884766;52.4900016784668;52.34999847412109;52.43999862670898;58387;2020-01-31 15:30:00-05:00
52.13999938964844;52.810001373291016;52.13909912109375;52.63999938964844;0;2020-02-03 09:30:00-05:00
52.63999938964844;52.64939880371094;51.97499847412109;51.97499847412109;53555;2020-02-03 10:30:00-05:00
52.0;52.06499862670898;51.720001220703125;51.90999984741211;41374;2020-02-03 11:30:00-05:00
51.90499877929688;52.02000045776367;51.810001373291016;51.880001068115234;22883;2020-02-03 12:30:00-05:00
51.88999938964844;52.0;51.86000061035156;51.90999984741211;19577;2020-02-03 13:30:00-05:00
51.880001068115234;52.01319885253906;51.880001068115234;51.95500183105469;14732;2020-02-03 14:30:00-05:00
51.959999084472656;51.97999954223633;51.79999923706055;51.869998931884766;38616;2020-02-03 15:30:00-05:00
52.970001220703125;53.150001525878906;52.84000015258789;53.040000915527344;62701;2020-02-04 09:30:00-05:00
53.040000915527344;53.119998931884766;52.959999084472656;53.06499862670898;39516;2020-02-04 10:30:00-05:00
53.04999923706055;53.150001525878906;53.0;53.060001373291016;18656;2020-02-04 11:30:00-05:00
53.04999923706055;53.097599029541016;52.59999847412109;52.880001068115234;149030;2020-02-04 12:30:00-05:00
52.880001068115234;52.880001068115234;52.560001373291016;52.64039993286133;32085;2020-02-04 13:30:00-05:00
52.6349983215332;52.83000183105469;52.625;52.790000915527344;43535;2020-02-04 14:30:00-05:00
52.77000045776367;52.77000045776367;52.61000061035156;52.7599983215332;46781;2020-02-04 15:30:00-05:00
53.81999969482422;54.14599990844727;53.630001068115234;53.650001525878906;63106;2020-02-05 09:30:00-05:00
53.709999084472656;54.0099983215332;53.65999984741211;53.94269943237305;38660;2020-02-05 10:30:00-05:00
53.93999862670898;54.05500030517578;53.90999984741211;54.005001068115234;19890;2020-02-05 11:30:00-05:00
54.0;54.09999847412109;53.900001525878906;53.900001525878906;14068;2020-02-05 12:30:00-05:00
53.90999984741211;54.0099983215332;53.81999969482422;53.84999847412109;23231;2020-02-05 13:30:00-05:00
53.84999847412109;53.91999816894531;53.747501373291016;53.84000015258789;19731;2020-02-05 14:30:00-05:00
53.84999847412109;53.88750076293945;53.709999084472656;53.81999969482422;36652;2020-02-05 15:30:00-05:00
54.75;54.84000015258789;54.25;54.4900016784668;45370;2020-02-06 09:30:00-05:00
54.43000030517578;54.5;54.20000076293945;54.290000915527344;22315;2020-02-06 10:30:00-05:00
54.22999954223633;54.310001373291016;54.185001373291016;54.29570007324219;63672;2020-02-06 11:30:00-05:00
54.29130172729492;54.31999969482422;54.16999816894531;54.18999862670898;15622;2020-02-06 12:30:00-05:00
54.16999816894531;54.34000015258789;54.13999938964844;54.34000015258789;14797;2020-02-06 13:30:00-05:00
54.33000183105469;54.400001525878906;54.310001373291016;54.35900115966797;18683;2020-02-06 14:30:00-05:00
54.36000061035156;54.54999923706055;54.31999969482422;54.47999954223633;36200;2020-02-06 15:30:00-05:00
53.93000030517578;53.9900016784668;53.59000015258789;53.619998931884766;38907;2020-02-07 09:30:00-05:00
53.619998931884766;53.762001037597656;53.4900016784668;53.720001220703125;15429;2020-02-07 10:30:00-05:00
53.64939880371094;53.650001525878906;53.38999938964844;53.43000030517578;8902;2020-02-07 11:30:00-05:00
53.40480041503906;53.45690155029297;53.33000183105469;53.43999862670898;4941;2020-02-07 12:30:00-05:00
53.43999862670898;53.58000183105469;53.2692985534668;53.29999923706055;24305;2020-02-07 13:30:00-05:00
53.33399963378906;53.48830032348633;53.32500076293945;53.48830032348633;11743;2020-02-07 14:30:00-05:00
53.5;53.650001525878906;53.4900016784668;53.650001525878906;24890;2020-02-07 15:30:00-05:00
53.709999084472656;53.75;53.54999923706055;53.68000030517578;24699;2020-02-10 09:30:00-05:00
53.68999862670898;53.79999923706055;53.540000915527344;53.68999862670898;20707;2020-02-10 10:30:00-05:00
53.68000030517578;53.720001220703125;53.58000183105469;53.61000061035156;17881;2020-02-10 11:30:00-05:00
53.61000061035156;53.62129974365234;53.48699951171875;53.51499938964844;16069;2020-02-10 12:30:00-05:00
53.51079940795898;53.59000015258789;53.43000030517578;53.52999877929688;19737;2020-02-10 13:30:00-05:00
53.54499816894531;53.72999954223633;53.5;53.68000030517578;15377;2020-02-10 14:30:00-05:00
53.65999984741211;53.73500061035156;53.630001068115234;53.68999862670898;22889;2020-02-10 15:30:00-05:00
54.38999938964844;54.63999938964844;54.14500045776367;54.43000030517578;36765;2020-02-11 09:30:00-05:00
54.43999862670898;54.47999954223633;54.27999877929688;54.30500030517578;14218;2020-02-11 10:30:00-05:00
54.27000045776367;54.43999862670898;54.209999084472656;54.43999862670898;21143;2020-02-11 11:30:00-05:00
54.459999084472656;54.54999923706055;54.40999984741211;54.40999984741211;20573;2020-02-11 12:30:00-05:00
54.43000030517578;54.43000030517578;54.310001373291016;54.32500076293945;18600;2020-02-11 13:30:00-05:00
54.310001373291016;54.400001525878906;54.2599983215332;54.29999923706055;15516;2020-02-11 14:30:00-05:00
54.310001373291016;54.41999816894531;54.25;54.36000061035156;17847;2020-02-11 15:30:00-05:00
54.97999954223633;55.04999923706055;54.880001068115234;54.880001068115234;57937;2020-02-12 09:30:00-05:00
54.875;55.0099983215332;54.810001373291016;54.869998931884766;64648;2020-02-12 10:30:00-05:00
54.84999847412109;54.970001220703125;54.83000183105469;54.91999816894531;30148;2020-02-12 11:30:00-05:00
54.93999862670898;54.959999084472656;54.83000183105469;54.880001068115234;22370;2020-02-12 12:30:00-05:00
54.8650016784668;54.95000076293945;54.86000061035156;54.86970138549805;25032;2020-02-12 13:30:00-05:00
54.88859939575195;55.040000915527344;54.880001068115234;55.0099983215332;22110;2020-02-12 14:30:00-05:00
54.994998931884766;55.13999938964844;54.9900016784668;55.11000061035156;16921;2020-02-12 15:30:00-05:00
54.5099983215332;54.5099983215332;53.92499923706055;53.93000030517578;47751;2020-02-13 09:30:00-05:00
53.93000030517578;54.09000015258789;53.900001525878906;54.02000045776367;25679;2020-02-13 10:30:00-05:00
54.06999969482422;54.29629898071289;54.04999923706055;54.20100021362305;11964;2020-02-13 11:30:00-05:00
54.220001220703125;54.27000045776367;54.060001373291016;54.09999847412109;11578;2020-02-13 12:30:00-05:00
54.09999847412109;54.18000030517578;54.06999969482422;54.18000030517578;11356;2020-02-13 13:30:00-05:00
54.18999862670898;54.31999969482422;54.18999862670898;54.310001373291016;17842;2020-02-13 14:30:00-05:00
54.29999923706055;54.400001525878906;54.2400016784668;54.400001525878906;22997;2020-02-13 15:30:00-05:00
54.630001068115234;54.7400016784668;54.470001220703125;54.58000183105469;11212;2020-02-14 09:30:00-05:00
54.54999923706055;54.54999923706055;54.13999938964844;54.23600006103516;9416;2020-02-14 10:30:00-05:00
54.220001220703125;54.2400016784668;54.130001068115234;54.22999954223633;14726;2020-02-14 11:30:00-05:00
54.22589874267578;54.29999923706055;54.130001068115234;54.130001068115234;5891;2020-02-14 12:30:00-05:00
54.130001068115234;54.220001220703125;54.06999969482422;54.119998931884766;8339;2020-02-14 13:30:00-05:00
54.1259994506836;54.310001373291016;54.09999847412109;54.310001373291016;13422;2020-02-14 14:30:00-05:00
54.290000915527344;54.40999984741211;54.2400016784668;54.33000183105469;25950;2020-02-14 15:30:00-05:00
54.15999984741211;54.41999816894531;54.15999984741211;54.27999877929688;21468;2020-02-18 09:30:00-05:00
54.27999877929688;54.5;54.15999984741211;54.317501068115234;27311;2020-02-18 10:30:00-05:00
54.310001373291016;54.36000061035156;54.02000045776367;54.18000030517578;31568;2020-02-18 11:30:00-05:00
54.130001068115234;54.20000076293945;54.06999969482422;54.15999984741211;13955;2020-02-18 12:30:00-05:00
54.15999984741211;54.2400016784668;54.119998931884766;54.2400016784668;11066;2020-02-18 13:30:00-05:00
54.2400016784668;54.31999969482422;54.15999984741211;54.27999877929688;16599;2020-02-18 14:30:00-05:00
54.22999954223633;54.29999923706055;54.18000030517578;54.27999877929688;25922;2020-02-18 15:30:00-05:00
54.560001373291016;54.59999847412109;54.18999862670898;54.310001373291016;29885;2020-02-19 09:30:00-05:00
54.310001373291016;54.45000076293945;54.290000915527344;54.43999862670898;8076;2020-02-19 10:30:00-05:00
54.43999862670898;54.45000076293945;54.31999969482422;54.34999847412109;13377;2020-02-19 11:30:00-05:00
54.3583984375;54.540000915527344;54.3583984375;54.5;10744;2020-02-19 12:30:00-05:00
54.52000045776367;54.54499816894531;54.470001220703125;54.53269958496094;14210;2020-02-19 13:30:00-05:00
54.52999877929688;54.650001525878906;54.52999877929688;54.650001525878906;23484;2020-02-19 14:30:00-05:00
54.63999938964844;54.650001525878906;54.560001373291016;54.59999847412109;21292;2020-02-19 15:30:00-05:00
54.21820068359375;54.52999877929688;54.21009826660156;54.41999816894531;16672;2020-02-20 09:30:00-05:00
54.45000076293945;54.45000076293945;54.27999877929688;54.27999877929688;14551;2020-02-20 10:30:00-05:00
54.25;54.2599983215332;54.02999877929688;54.11000061035156;12558;2020-02-20 11:30:00-05:00
54.09000015258789;54.290000915527344;54.09000015258789;54.27000045776367;9083;2020-02-20 12:30:00-05:00
54.27999877929688;54.29999923706055;53.970001220703125;54.08000183105469;22324;2020-02-20 13:30:00-05:00
54.09000015258789;54.15800094604492;53.97999954223633;54.09000015258789;10939;2020-02-20 14:30:00-05:00
54.095001220703125;54.095001220703125;54.02000045776367;54.060001373291016;20501;2020-02-20 15:30:00-05:00
53.959999084472656;53.959999084472656;53.40999984741211;53.650001525878906;35287;2020-02-21 09:30:00-05:00
53.65999984741211;53.84999847412109;53.56999969482422;53.84999847412109;21420;2020-02-21 10:30:00-05:00
53.880001068115234;54.025001525878906;53.83000183105469;53.88999938964844;17260;2020-02-21 11:30:00-05:00
53.88999938964844;54.08000183105469;53.88999938964844;53.95000076293945;56383;2020-02-21 12:30:00-05:00
53.95000076293945;54.0;53.869998931884766;53.93999862670898;14443;2020-02-21 13:30:00-05:00
53.970001220703125;54.02000045776367;53.81999969482422;53.86000061035156;20673;2020-02-21 14:30:00-05:00
53.880001068115234;53.959999084472656;53.810001373291016;53.90499877929688;34402;2020-02-21 15:30:00-05:00
52.0;52.42010116577149;51.900001525878906;52.040000915527344;40212;2020-02-24 09:30:00-05:00
52.060001373291016;52.33000183105469;52.060001373291016;52.26969909667969;16800;2020-02-24 10:30:00-05:00
52.2599983215332;52.34999847412109;52.09999847412109;52.15999984741211;15545;2020-02-24 11:30:00-05:00
52.11000061035156;52.20000076293945;52.02999877929688;52.18000030517578;32758;2020-02-24 12:30:00-05:00
52.18000030517578;52.29999923706055;52.09999847412109;52.29999923706055;14184;2020-02-24 13:30:00-05:00
52.29999923706055;52.45000076293945;52.2400016784668;52.290000915527344;17407;2020-02-24 14:30:00-05:00
52.25;52.29999923706055;52.13999938964844;52.13999938964844;27852;2020-02-24 15:30:00-05:00
52.27999877929688;52.27999877929688;52.0;52.040000915527344;51998;2020-02-25 09:30:00-05:00
52.040000915527344;52.04999923706055;51.77000045776367;51.83000183105469;32046;2020-02-25 10:30:00-05:00
51.8650016784668;51.900001525878906;51.56999969482422;51.665000915527344;31344;2020-02-25 11:30:00-05:00
51.66999816894531;51.79499816894531;51.59999847412109;51.72999954223633;89028;2020-02-25 12:30:00-05:00
51.68999862670898;51.720001220703125;51.16999816894531;51.16999816894531;38730;2020-02-25 13:30:00-05:00
51.18000030517578;51.52999877929688;51.09999847412109;51.380001068115234;29193;2020-02-25 14:30:00-05:00
51.36000061035156;51.5;51.20000076293945;51.43000030517578;46972;2020-02-25 15:30:00-05:00
51.959999084472656;52.44499969482422;51.84999847412109;52.27999877929688;53193;2020-02-26 09:30:00-05:00
52.31529998779297;52.5099983215332;52.17449951171875;52.310001373291016;32243;2020-02-26 10:30:00-05:00
52.29499816894531;52.32500076293945;51.97499847412109;52.02000045776367;20423;2020-02-26 11:30:00-05:00
52.02000045776367;52.22999954223633;51.83000183105469;51.93999862670898;19848;2020-02-26 12:30:00-05:00
51.880001068115234;51.90999984741211;51.540000915527344;51.790000915527344;38049;2020-02-26 13:30:00-05:00
51.77999877929688;51.869998931884766;51.63999938964844;51.7400016784668;20738;2020-02-26 14:30:00-05:00
51.72999954223633;51.81999969482422;51.650001525878906;51.75;38038;2020-02-26 15:30:00-05:00
51.68999862670898;51.93999862670898;51.13999938964844;51.310001373291016;79883;2020-02-27 09:30:00-05:00
51.33000183105469;51.90999984741211;51.152000427246094;51.68999862670898;45038;2020-02-27 10:30:00-05:00
51.68000030517578;52.220001220703125;51.56999969482422;52.130001068115234;26539;2020-02-27 11:30:00-05:00
52.18999862670898;52.40999984741211;52.02000045776367;52.040000915527344;34382;2020-02-27 12:30:00-05:00
51.97999954223633;52.02999877929688;51.58000183105469;51.81999969482422;27604;2020-02-27 13:30:00-05:00
51.790000915527344;51.95500183105469;51.66450119018555;51.744998931884766;42490;2020-02-27 14:30:00-05:00
51.720001220703125;51.84000015258789;51.52999877929688;51.56999969482422;80603;2020-02-27 15:30:00-05:00
50.970001220703125;51.18000030517578;50.2318000793457;50.45000076293945;110120;2020-02-28 09:30:00-05:00
50.45000076293945;50.935001373291016;50.4109001159668;50.86000061035156;66543;2020-02-28 10:30:00-05:00
50.959999084472656;51.34000015258789;50.79999923706055;51.07500076293945;23547;2020-02-28 11:30:00-05:00
51.13999938964844;51.23500061035156;50.810001373291016;50.970001220703125;39914;2020-02-28 12:30:00-05:00
50.970001220703125;50.970001220703125;50.560001373291016;50.77999877929688;29637;2020-02-28 13:30:00-05:00
50.95989990234375;51.27999877929688;50.8650016784668;51.150001525878906;28817;2020-02-28 14:30:00-05:00
51.13999938964844;51.59000015258789;51.09999847412109;51.52999877929688;74219;2020-02-28 15:30:00-05:00
51.880001068115234;52.060001373291016;51.2400016784668;52.040000915527344;66217;2020-03-02 09:30:00-05:00
52.0;52.40999984741211;51.83000183105469;52.310001373291016;66247;2020-03-02 10:30:00-05:00
52.369998931884766;52.56499862670898;52.31999969482422;52.42369842529297;41310;2020-03-02 11:30:00-05:00
52.40999984741211;52.5099983215332;52.16999816894531;52.16999816894531;25849;2020-03-02 12:30:00-05:00
52.18999862670898;52.34669876098633;52.04999923706055;52.13999938964844;26975;2020-03-02 13:30:00-05:00
52.16999816894531;52.34999847412109;51.880001068115234;52.29999923706055;32809;2020-03-02 14:30:00-05:00
52.310001373291016;52.709999084472656;52.290000915527344;52.61000061035156;44082;2020-03-02 15:30:00-05:00
52.130001068115234;52.68000030517578;51.84999847412109;52.400001525878906;39468;2020-03-03 09:30:00-05:00
52.290000915527344;52.560001373291016;51.90999984741211;52.0099983215332;48199;2020-03-03 10:30:00-05:00
51.994998931884766;52.27999877929688;51.994998931884766;52.06999969482422;14787;2020-03-03 11:30:00-05:00
52.11000061035156;52.13999938964844;51.630001068115234;51.7599983215332;19481;2020-03-03 12:30:00-05:00
51.7400016784668;51.790000915527344;51.255001068115234;51.54999923706055;28805;2020-03-03 13:30:00-05:00
51.5099983215332;52.02000045776367;51.33000183105469;51.959999084472656;26941;2020-03-03 14:30:00-05:00
52.0;52.0;51.59999847412109;51.68000030517578;34401;2020-03-03 15:30:00-05:00
51.90999984741211;52.220001220703125;51.619998931884766;52.06999969482422;53523;2020-03-04 09:30:00-05:00
52.11000061035156;52.11000061035156;51.84000015258789;51.84999847412109;28512;2020-03-04 10:30:00-05:00
51.869998931884766;51.91999816894531;51.65999984741211;51.91999816894531;16757;2020-03-04 11:30:00-05:00
51.95000076293945;52.08000183105469;51.79999923706055;51.93999862670898;14884;2020-03-04 12:30:00-05:00
51.93000030517578;52.02999877929688;51.869998931884766;51.90999984741211;17560;2020-03-04 13:30:00-05:00
51.959999084472656;52.08000183105469;51.88999938964844;52.062801361083984;21527;2020-03-04 14:30:00-05:00
52.08000183105469;52.130001068115234;51.94889831542969;52.08000183105469;37526;2020-03-04 15:30:00-05:00
51.43999862670898;51.61000061035156;51.15999984741211;51.47499847412109;39494;2020-03-05 09:30:00-05:00
51.41999816894531;51.61000061035156;51.27999877929688;51.45000076293945;27411;2020-03-05 10:30:00-05:00
51.5;51.5;51.290000915527344;51.33969879150391;25097;2020-03-05 11:30:00-05:00
51.369998931884766;51.369998931884766;51.060001373291016;51.244998931884766;36315;2020-03-05 12:30:00-05:00
51.2400016784668;51.3650016784668;51.130001068115234;51.18000030517578;40265;2020-03-05 13:30:00-05:00
51.18000030517578;51.18999862670898;50.86000061035156;50.959999084472656;77510;2020-03-05 14:30:00-05:00
50.93999862670898;51.27999877929688;50.93000030517578;51.27000045776367;54085;2020-03-05 15:30:00-05:00
50.2400016784668;50.5;49.68999862670898;49.93000030517578;95271;2020-03-06 09:30:00-05:00
49.970001220703125;50.09000015258789;49.31999969482422;49.36000061035156;55304;2020-03-06 10:30:00-05:00
49.400001525878906;49.595001220703125;49.27000045776367;49.29999923706055;28179;2020-03-06 11:30:00-05:00
49.415000915527344;49.61000061035156;49.400001525878906;49.5099983215332;24822;2020-03-06 12:30:00-05:00
49.54999923706055;49.59999847412109;49.13999938964844;49.15999984741211;40763;2020-03-06 13:30:00-05:00
49.150001525878906;49.310001373291016;49.060001373291016;49.15999984741211;68710;2020-03-06 14:30:00-05:00
49.13999938964844;49.5;49.11000061035156;49.43999862670898;122173;2020-03-06 15:30:00-05:00
46.540000915527344;47.43000030517578;45.5099983215332;47.02000045776367;127903;2020-03-09 09:30:00-04:00
47.0099983215332;47.415000915527344;46.81999969482422;46.93000030517578;245834;2020-03-09 10:30:00-04:00
46.84000015258789;47.45000076293945;46.79999923706055;47.040000915527344;118410;2020-03-09 11:30:00-04:00
47.0099983215332;47.04999923706055;46.720001220703125;46.84000015258789;101467;2020-03-09 12:30:00-04:00
46.86000061035156;47.060001373291016;46.5099983215332;46.61000061035156;134085;2020-03-09 13:30:00-04:00
46.61000061035156;47.09000015258789;46.5;47.0099983215332;140287;2020-03-09 14:30:00-04:00
47.0;47.20000076293945;46.79999923706055;46.83000183105469;226052;2020-03-09 15:30:00-04:00
49.0;50.02999877929688;48.540000915527344;49.470001220703125;103905;2020-03-10 09:30:00-04:00
49.40999984741211;49.43999862670898;48.5099983215332;48.61000061035156;69150;2020-03-10 10:30:00-04:00
48.6150016784668;49.47999954223633;48.54999923706055;49.18000030517578;100713;2020-03-10 11:30:00-04:00
49.16999816894531;49.459999084472656;48.970001220703125;49.459999084472656;39550;2020-03-10 12:30:00-04:00
49.400001525878906;49.77000045776367;49.15999984741211;49.77000045776367;41617;2020-03-10 13:30:00-04:00
49.650001525878906;49.9900016784668;49.59999847412109;49.79999923706055;57303;2020-03-10 14:30:00-04:00
49.86000061035156;50.0099983215332;49.72999954223633;49.93000030517578;87818;2020-03-10 15:30:00-04:00
48.90999984741211;49.06999969482422;48.70000076293945;48.91999816894531;78900;2020-03-11 09:30:00-04:00
48.880001068115234;48.93000030517578;48.47999954223633;48.540000915527344;40691;2020-03-11 10:30:00-04:00
48.540000915527344;48.900001525878906;48.459999084472656;48.58000183105469;25118;2020-03-11 11:30:00-04:00
48.64300155639648;48.64300155639648;48.18000030517578;48.459999084472656;26385;2020-03-11 12:30:00-04:00
48.540000915527344;48.540000915527344;48.02999877929688;48.185001373291016;43232;2020-03-11 13:30:00-04:00
48.11000061035156;48.31499862670898;48.09000015258789;48.13999938964844;43104;2020-03-11 14:30:00-04:00
48.15999984741211;48.43999862670898;48.15999984741211;48.33000183105469;49575;2020-03-11 15:30:00-04:00
44.88999938964844;45.33000183105469;44.65999984741211;44.70000076293945;155970;2020-03-12 09:30:00-04:00
44.7599983215332;45.150001525878906;44.7400016784668;44.97999954223633;61912;2020-03-12 10:30:00-04:00
45.0;45.02000045776367;44.09000015258789;44.36259841918945;76730;2020-03-12 11:30:00-04:00
44.3650016784668;45.560001373291016;43.7599983215332;44.77000045776367;71671;2020-03-12 12:30:00-04:00
44.75;44.869998931884766;44.400001525878906;44.79209899902344;33921;2020-03-12 13:30:00-04:00
44.7599983215332;44.97999954223633;44.470001220703125;44.619998931884766;56097;2020-03-12 14:30:00-04:00
44.63999938964844;45.290000915527344;44.60499954223633;45.060001373291016;71455;2020-03-12 15:30:00-04:00
48.11000061035156;48.38999938964844;46.650001525878906;47.20000076293945;71112;2020-03-13 09:30:00-04:00
46.97999954223633;47.060001373291016;45.43999862670898;45.43999862670898;89169;2020-03-13 10:30:00-04:00
45.46500015258789;45.685001373291016;45.0099983215332;45.209999084472656;127376;2020-03-13 11:30:00-04:00
45.22999954223633;45.93999862670898;45.18000030517578;45.77999877929688;61653;2020-03-13 12:30:00-04:00
45.755001068115234;46.369998931884766;45.60499954223633;45.900001525878906;49435;2020-03-13 13:30:00-04:00
45.91899871826172;46.27999877929688;45.20000076293945;46.27999877929688;85257;2020-03-13 14:30:00-04:00
46.34999847412109;47.90999984741211;46.04999923706055;47.72999954223633;118568;2020-03-13 15:30:00-04:00
44.709999084472656;46.34000015258789;44.630001068115234;46.09000015258789;101862;2020-03-16 09:30:00-04:00
46.13999938964844;47.560001373291016;46.02999877929688;47.5099983215332;76037;2020-03-16 10:30:00-04:00
47.45000076293945;47.47050094604492;46.6349983215332;46.7599983215332;61496;2020-03-16 11:30:00-04:00
46.7400016784668;46.880001068115234;46.310001373291016;46.34000015258789;53803;2020-03-16 12:30:00-04:00
46.334999084472656;46.369998931884766;45.81999969482422;45.83000183105469;51988;2020-03-16 13:30:00-04:00
45.83000183105469;46.15999984741211;45.25;46.0;90077;2020-03-16 14:30:00-04:00
45.90999984741211;45.99990081787109;45.59000015258789;45.72999954223633;110454;2020-03-16 15:30:00-04:00
46.81999969482422;47.22999954223633;45.95000076293945;47.11000061035156;118687;2020-03-17 09:30:00-04:00
47.16999816894531;47.70500183105469;46.61000061035156;47.42499923706055;47160;2020-03-17 10:30:00-04:00
47.52999877929688;48.220001220703125;46.93999862670898;47.52000045776367;73046;2020-03-17 11:30:00-04:00
47.375;47.5099983215332;46.79499816894531;47.02999877929688;62674;2020-03-17 12:30:00-04:00
47.025001525878906;47.5;46.72499847412109;47.27000045776367;55101;2020-03-17 13:30:00-04:00
47.29999923706055;47.43999862670898;46.54999923706055;46.58000183105469;127316;2020-03-17 14:30:00-04:00
46.61000061035156;46.9900016784668;46.54999923706055;46.880001068115234;114358;2020-03-17 15:30:00-04:00
44.41999816894531;44.52999877929688;43.59000015258789;43.75;52567;2020-03-18 09:30:00-04:00
43.75;43.900001525878906;42.93999862670898;43.084999084472656;42491;2020-03-18 10:30:00-04:00
43.11000061035156;43.68000030517578;42.93999862670898;43.52000045776367;110191;2020-03-18 11:30:00-04:00
43.470001220703125;43.70000076293945;43.040000915527344;43.15999984741211;72050;2020-03-18 12:30:00-04:00
43.13999938964844;43.709999084472656;42.880001068115234;43.20000076293945;124645;2020-03-18 13:30:00-04:00
43.20000076293945;44.68000030517578;43.20000076293945;44.22999954223633;116533;2020-03-18 14:30:00-04:00
44.19499969482422;44.59999847412109;43.9900016784668;44.400001525878906;74027;2020-03-18 15:30:00-04:00
42.400001525878906;42.46500015258789;41.310001373291016;42.415000915527344;73902;2020-03-19 09:30:00-04:00
42.375;43.0;41.93000030517578;43.0;32848;2020-03-19 10:30:00-04:00
43.1349983215332;43.21500015258789;42.2599983215332;42.369998931884766;48597;2020-03-19 11:30:00-04:00
42.31999969482422;42.95500183105469;42.220001220703125;42.744998931884766;28353;2020-03-19 12:30:00-04:00
42.78499984741211;43.130001068115234;42.619998931884766;42.630001068115234;40678;2020-03-19 13:30:00-04:00
42.61000061035156;43.130001068115234;42.14250183105469;42.35499954223633;299591;2020-03-19 14:30:00-04:00
42.35499954223633;42.38999938964844;42.119998931884766;42.18000030517578;124520;2020-03-19 15:30:00-04:00
44.40999984741211;44.459999084472656;43.5;44.18999862670898;68268;2020-03-20 09:30:00-04:00
44.25;44.65999984741211;43.58000183105469;43.79999923706055;32936;2020-03-20 10:30:00-04:00
43.84000015258789;44.15999984741211;43.66999816894531;43.77000045776367;36062;2020-03-20 11:30:00-04:00
43.84000015258789;44.61000061035156;43.84000015258789;44.26250076293945;24093;2020-03-20 12:30:00-04:00
44.310001373291016;44.40999984741211;43.34000015258789;43.43000030517578;25972;2020-03-20 13:30:00-04:00
43.43999862670898;43.61000061035156;43.119998931884766;43.60499954223633;31465;2020-03-20 14:30:00-04:00
43.68999862670898;43.93999862670898;43.22999954223633;43.22999954223633;56939;2020-03-20 15:30:00-04:00
43.290000915527344;44.15380096435547;43.290000915527344;43.83000183105469;0;2020-03-23 09:30:00-04:00
43.84000015258789;44.01499938964844;43.15999984741211;43.20000076293945;34988;2020-03-23 10:30:00-04:00
43.209999084472656;43.709999084472656;42.959999084472656;43.4286994934082;31477;2020-03-23 11:30:00-04:00
43.400001525878906;44.34999847412109;43.22999954223633;43.95000076293945;31528;2020-03-23 12:30:00-04:00
43.93999862670898;44.25;43.630001068115234;44.2400016784668;23593;2020-03-23 13:30:00-04:00
44.34999847412109;44.45000076293945;43.77000045776367;43.86000061035156;49706;2020-03-23 14:30:00-04:00
43.810001373291016;44.09999847412109;43.70000076293945;43.959999084472656;75515;2020-03-23 15:30:00-04:00
45.380001068115234;45.66999816894531;44.5099983215332;45.02999877929688;0;2020-03-24 09:30:00-04:00
44.9900016784668;45.119998931884766;44.75;45.02000045776367;25779;2020-03-24 10:30:00-04:00
44.97999954223633;45.11149978637695;44.7400016784668;45.04999923706055;37017;2020-03-24 11:30:00-04:00
45.06999969482422;45.27000045776367;44.869998931884766;45.040000915527344;37065;2020-03-24 12:30:00-04:00
45.06999969482422;45.11000061035156;44.5;44.869998931884766;33949;2020-03-24 13:30:00-04:00
44.77000045776367;44.97999954223633;44.470001220703125;44.77000045776367;48948;2020-03-24 14:30:00-04:00
44.790000915527344;45.09999847412109;44.58000183105469;45.09000015258789;54651;2020-03-24 15:30:00-04:00
46.220001220703125;46.90999984741211;45.560001373291016;45.83000183105469;42375;2020-03-25 09:30:00-04:00
46.28960037231445;46.45000076293945;45.56999969482422;46.22999954223633;59724;2020-03-25 10:30:00-04:00
46.15999984741211;46.43999862670898;46.150001525878906;46.33000183105469;39631;2020-03-25 11:30:00-04:00
46.2599983215332;47.72999954223633;46.22999954223633;47.72999954223633;34433;2020-03-25 12:30:00-04:00
47.79999923706055;48.0099983215332;47.36000061035156;47.75;31125;2020-03-25 13:30:00-04:00
47.63999938964844;48.04999923706055;47.54999923706055;47.709999084472656;29780;2020-03-25 14:30:00-04:00
47.70000076293945;47.83000183105469;46.93999862670898;47.18000030517578;51590;2020-03-25 15:30:00-04:00
47.09000015258789;47.540000915527344;46.755001068115234;47.255001068115234;0;2020-03-26 09:30:00-04:00
47.369998931884766;47.61000061035156;47.18999862670898;47.58000183105469;19362;2020-03-26 10:30:00-04:00
47.59000015258789;47.79999923706055;47.11000061035156;47.38999938964844;31596;2020-03-26 11:30:00-04:00
47.49449920654297;47.79999923706055;47.08000183105469;47.22999954223633;21884;2020-03-26 12:30:00-04:00
47.27000045776367;47.27000045776367;46.744998931884766;47.08000183105469;78332;2020-03-26 13:30:00-04:00
47.09999847412109;47.3650016784668;47.0;47.27000045776367;23384;2020-03-26 14:30:00-04:00
47.18999862670898;47.5099983215332;47.040000915527344;47.38999938964844;64830;2020-03-26 15:30:00-04:00
45.88999938964844;46.33580017089844;45.79999923706055;45.81999969482422;34558;2020-03-27 09:30:00-04:00
45.869998931884766;46.0;45.45000076293945;46.0;27315;2020-03-27 10:30:00-04:00
45.9900016784668;46.0099983215332;45.720001220703125;45.875;71401;2020-03-27 11:30:00-04:00
45.91999816894531;46.0;45.709999084472656;45.709999084472656;42520;2020-03-27 12:30:00-04:00
45.77000045776367;46.01499938964844;45.720001220703125;45.970001220703125;69705;2020-03-27 13:30:00-04:00
45.970001220703125;46.22999954223633;45.86000061035156;46.15999984741211;64266;2020-03-27 14:30:00-04:00
46.09000015258789;46.13999938964844;45.470001220703125;45.52999877929688;80407;2020-03-27 15:30:00-04:00
46.38999938964844;47.43000030517578;46.38999938964844;47.209999084472656;37518;2020-03-30 09:30:00-04:00
47.209999084472656;47.790000915527344;47.07070159912109;47.7400016784668;31738;2020-03-30 10:30:00-04:00
47.65999984741211;47.97999954223633;47.650001525878906;47.932498931884766;36275;2020-03-30 11:30:00-04:00
47.970001220703125;48.02000045776367;47.66999816894531;47.7599983215332;44071;2020-03-30 12:30:00-04:00
47.810001373291016;47.84999847412109;46.97999954223633;47.71500015258789;42724;2020-03-30 13:30:00-04:00
47.68999862670898;47.77000045776367;47.380001068115234;47.47499847412109;50226;2020-03-30 14:30:00-04:00
47.47999954223633;47.72999954223633;47.43000030517578;47.650001525878906;140814;2020-03-30 15:30:00-04:00
48.54999923706055;49.310001373291016;48.20000076293945;49.005001068115234;30880;2020-03-31 09:30:00-04:00
49.0099983215332;49.31999969482422;48.810001373291016;49.22999954223633;27512;2020-03-31 10:30:00-04:00
49.25;49.25;48.77000045776367;48.90599822998047;35766;2020-03-31 11:30:00-04:00
48.84000015258789;48.915000915527344;48.5;48.68000030517578;16280;2020-03-31 12:30:00-04:00
48.63999938964844;48.86000061035156;48.56999969482422;48.77000045776367;24475;2020-03-31 13:30:00-04:00
48.76910018920898;48.86000061035156;48.369998931884766;48.5;27592;2020-03-31 14:30:00-04:00
48.540000915527344;48.790000915527344;48.47999954223633;48.72999954223633;46477;2020-03-31 15:30:00-04:00
47.36000061035156;48.56999969482422;47.27999877929688;48.33000183105469;92201;2020-04-01 09:30:00-04:00
48.310001373291016;48.52000045776367;47.630001068115234;47.630001068115234;30074;2020-04-01 10:30:00-04:00
47.650001525878906;47.79029846191406;47.2599983215332;47.400001525878906;34940;2020-04-01 11:30:00-04:00
47.35499954223633;47.58000183105469;47.27999877929688;47.5099983215332;23648;2020-04-01 12:30:00-04:00
47.52999877929688;47.93999862670898;47.470001220703125;47.5536003112793;23975;2020-04-01 13:30:00-04:00
47.560001373291016;47.77000045776367;47.43999862670898;47.505001068115234;48583;2020-04-01 14:30:00-04:00
47.5;47.709999084472656;47.255001068115234;47.52999877929688;58261;2020-04-01 15:30:00-04:00
50.90999984741211;51.5;50.720001220703125;51.45000076293945;89344;2020-04-02 09:30:00-04:00
51.52000045776367;53.0;51.52000045776367;51.540000915527344;120879;2020-04-02 10:30:00-04:00
51.45500183105469;52.22999954223633;51.45000076293945;51.900001525878906;61487;2020-04-02 11:30:00-04:00
51.900001525878906;52.09999847412109;51.25;51.25;89258;2020-04-02 12:30:00-04:00
51.25;51.59999847412109;50.90999984741211;51.59999847412109;36978;2020-04-02 13:30:00-04:00
51.47999954223633;51.790000915527344;51.31999969482422;51.790000915527344;48939;2020-04-02 14:30:00-04:00
51.81999969482422;52.459999084472656;51.608001708984375;52.459999084472656;69474;2020-04-02 15:30:00-04:00
51.540000915527344;51.61000061035156;50.81999969482422;51.369998931884766;44139;2020-04-03 09:30:00-04:00
51.27999877929688;51.61000061035156;50.88999938964844;50.88999938964844;23320;2020-04-03 10:30:00-04:00
51.02000045776367;51.02000045776367;50.47999954223633;50.58000183105469;19042;2020-04-03 11:30:00-04:00
50.709999084472656;51.2599983215332;50.709999084472656;50.84000015258789;17292;2020-04-03 12:30:00-04:00
50.82899856567383;51.40999984741211;50.81999969482422;51.36000061035156;19597;2020-04-03 13:30:00-04:00
51.290000915527344;51.70000076293945;51.08200073242188;51.4900016784668;33269;2020-04-03 14:30:00-04:00
51.52000045776367;51.70000076293945;51.20000076293945;51.52999877929688;52781;2020-04-03 15:30:00-04:00
52.209999084472656;52.209999084472656;51.41019821166992;51.66999816894531;46019;2020-04-06 09:30:00-04:00
51.709999084472656;51.7400016784668;51.16999816894531;51.33000183105469;41083;2020-04-06 10:30:00-04:00
51.310001373291016;51.7599983215332;51.310001373291016;51.61000061035156;15905;2020-04-06 11:30:00-04:00
51.56999969482422;51.68999862670898;51.41999816894531;51.5;27370;2020-04-06 12:30:00-04:00
51.56999969482422;51.66999816894531;51.41999816894531;51.47999954223633;23085;2020-04-06 13:30:00-04:00
51.5099983215332;51.619998931884766;51.459999084472656;51.54499816894531;27904;2020-04-06 14:30:00-04:00
51.560001373291016;51.81999969482422;51.505001068115234;51.66999816894531;40587;2020-04-06 15:30:00-04:00
52.58000183105469;52.66999816894531;52.0;52.0088996887207;36259;2020-04-07 09:30:00-04:00
52.0099983215332;52.29999923706055;51.52999877929688;51.970001220703125;37686;2020-04-07 10:30:00-04:00
51.9900016784668;52.13999938964844;51.880001068115234;52.08000183105469;16127;2020-04-07 11:30:00-04:00
52.15999984741211;52.15999984741211;51.47999954223633;51.56999969482422;26523;2020-04-07 12:30:00-04:00
51.560001373291016;51.63999938964844;50.93999862670898;50.93999862670898;28974;2020-04-07 13:30:00-04:00
50.93000030517578;51.09000015258789;50.70500183105469;50.7599983215332;16324;2020-04-07 14:30:00-04:00
50.81999969482422;51.04999923706055;50.7599983215332;50.869998931884766;34752;2020-04-07 15:30:00-04:00
50.88999938964844;50.97499847412109;50.52000045776367;50.75;18129;2020-04-08 09:30:00-04:00
50.79999923706055;51.130001068115234;50.64440155029297;51.06999969482422;15465;2020-04-08 10:30:00-04:00
51.0099983215332;51.310001373291016;50.91999816894531;51.060001373291016;17358;2020-04-08 11:30:00-04:00
51.0;51.095001220703125;50.75;50.810001373291016;13278;2020-04-08 12:30:00-04:00
50.84000015258789;51.29999923706055;50.65999984741211;51.18999862670898;33760;2020-04-08 13:30:00-04:00
51.22999954223633;51.470001220703125;51.09000015258789;51.34999847412109;26741;2020-04-08 14:30:00-04:00
51.380001068115234;51.5099983215332;51.15999984741211;51.18000030517578;33734;2020-04-08 15:30:00-04:00
51.75;51.75;51.220001220703125;51.59999847412109;39056;2020-04-09 09:30:00-04:00
51.44499969482422;51.959999084472656;51.0099983215332;51.25;32674;2020-04-09 10:30:00-04:00
51.25;51.56999969482422;51.060001373291016;51.5;27159;2020-04-09 11:30:00-04:00
51.494998931884766;51.68000030517578;51.3650016784668;51.56999969482422;20293;2020-04-09 12:30:00-04:00
51.560001373291016;51.63999938964844;50.68999862670898;50.845001220703125;36011;2020-04-09 13:30:00-04:00
50.869998931884766;51.060001373291016;50.65999984741211;51.02000045776367;36054;2020-04-09 14:30:00-04:00
51.040000915527344;51.15999984741211;50.77999877929688;50.9900016784668;56172;2020-04-09 15:30:00-04:00
51.68000030517578;51.84999847412109;50.33000183105469;50.77000045776367;0;2020-04-13 09:30:00-04:00
50.79999923706055;51.18000030517578;50.60499954223633;51.09000015258789;53648;2020-04-13 10:30:00-04:00
51.0;51.75;50.9900016784668;51.650001525878906;48692;2020-04-13 11:30:00-04:00
51.59000015258789;51.65999984741211;51.369998931884766;51.52999877929688;42777;2020-04-13 12:30:00-04:00
51.5;51.79999923706055;51.369998931884766;51.369998931884766;58280;2020-04-13 13:30:00-04:00
51.4900016784668;51.86000061035156;51.4900016784668;51.810001373291016;49553;2020-04-13 14:30:00-04:00
51.84000015258789;51.93000030517578;51.709999084472656;51.75;46944;2020-04-13 15:30:00-04:00
51.91999816894531;52.52999877929688;51.83000183105469;52.380001068115234;19288;2020-04-14 09:30:00-04:00
52.34000015258789;52.36000061035156;51.619998931884766;51.93000030517578;28925;2020-04-14 10:30:00-04:00
51.97999954223633;52.18000030517578;51.68000030517578;52.119998931884766;22166;2020-04-14 11:30:00-04:00
52.11000061035156;52.27999877929688;51.71500015258789;51.790000915527344;14365;2020-04-14 12:30:00-04:00
51.900001525878906;51.93999862670898;51.56999969482422;51.63999938964844;27431;2020-04-14 13:30:00-04:00
51.66999816894531;51.93000030517578;51.54999923706055;51.70000076293945;17761;2020-04-14 14:30:00-04:00
51.720001220703125;51.84999847412109;51.720001220703125;51.79999923706055;30959;2020-04-14 15:30:00-04:00
50.02999877929688;50.09000015258789;49.59999847412109;49.630001068115234;21119;2020-04-15 09:30:00-04:00
49.63999938964844;49.88999938964844;49.459999084472656;49.540000915527344;19498;2020-04-15 10:30:00-04:00
49.59999847412109;49.72460174560547;49.5;49.68000030517578;23033;2020-04-15 11:30:00-04:00
49.63999938964844;50.02000045776367;49.619998931884766;49.83000183105469;19670;2020-04-15 12:30:00-04:00
49.790000915527344;50.040000915527344;49.790000915527344;49.959999084472656;40835;2020-04-15 13:30:00-04:00
49.97999954223633;50.16999816894531;49.93000030517578;50.04999923706055;44687;2020-04-15 14:30:00-04:00
50.040000915527344;50.060001373291016;49.77000045776367;49.79999923706055;32299;2020-04-15 15:30:00-04:00
49.88999938964844;50.0099983215332;49.20000076293945;49.43000030517578;46650;2020-04-16 09:30:00-04:00
49.49100112915039;49.59000015258789;49.27999877929688;49.290000915527344;42378;2020-04-16 10:30:00-04:00
49.29999923706055;49.525001525878906;49.18999862670898;49.3843002319336;47516;2020-04-16 11:30:00-04:00
49.2599983215332;49.459999084472656;49.22999954223633;49.459999084472656;12872;2020-04-16 12:30:00-04:00
49.459999084472656;49.59999847412109;49.38999938964844;49.560001373291016;21302;2020-04-16 13:30:00-04:00
49.47999954223633;49.59999847412109;49.380001068115234;49.59000015258789;18630;2020-04-16 14:30:00-04:00
49.59999847412109;49.61000061035156;49.26029968261719;49.470001220703125;75686;2020-04-16 15:30:00-04:00
49.5;50.15999984741211;49.5;49.90999984741211;20652;2020-04-17 09:30:00-04:00
49.88999938964844;50.02999877929688;49.79499816894531;49.880001068115234;25791;2020-04-17 10:30:00-04:00
49.880001068115234;50.10499954223633;49.7599983215332;50.060001373291016;53001;2020-04-17 11:30:00-04:00
50.04560089111328;50.209999084472656;50.0099983215332;50.13999938964844;32612;2020-04-17 12:30:00-04:00
50.13100051879883;50.20500183105469;49.84999847412109;50.04999923706055;22700;2020-04-17 13:30:00-04:00
50.06999969482422;50.18999862670898;49.685001373291016;50.150001525878906;47015;2020-04-17 14:30:00-04:00
50.16999816894531;50.470001220703125;50.09389877319336;50.27000045776367;65573;2020-04-17 15:30:00-04:00
49.290000915527344;49.900001525878906;49.20000076293945;49.66999816894531;43381;2020-04-20 09:30:00-04:00
49.70000076293945;50.11000061035156;49.619998931884766;49.93000030517578;42457;2020-04-20 10:30:00-04:00
49.90999984741211;50.220001220703125;49.90999984741211;50.16350173950195;17809;2020-04-20 11:30:00-04:00
50.18000030517578;50.29499816894531;49.91999816894531;49.9900016784668;20623;2020-04-20 12:30:00-04:00
49.959999084472656;50.02999877929688;49.16999816894531;49.20000076293945;42153;2020-04-20 13:30:00-04:00
49.27000045776367;49.415000915527344;49.15999984741211;49.415000915527344;20360;2020-04-20 14:30:00-04:00
49.400001525878906;49.5099983215332;49.02000045776367;49.34000015258789;68721;2020-04-20 15:30:00-04:00
48.220001220703125;48.4900016784668;47.674198150634766;48.4900016784668;28672;2020-04-21 09:30:00-04:00
48.43000030517578;48.47999954223633;48.04999923706055;48.06999969482422;24872;2020-04-21 10:30:00-04:00
48.06999969482422;48.43999862670898;47.959999084472656;48.08000183105469;23066;2020-04-21 11:30:00-04:00
48.09999847412109;48.27999877929688;47.912899017333984;48.18999862670898;29267;2020-04-21 12:30:00-04:00
48.150001525878906;48.400001525878906;47.54999923706055;48.18000030517578;57088;2020-04-21 13:30:00-04:00
48.220001220703125;48.47999954223633;48.06999969482422;48.38999938964844;28758;2020-04-21 14:30:00-04:00
48.40999984741211;48.630001068115234;48.34999847412109;48.400001525878906;37053;2020-04-21 15:30:00-04:00
49.0;49.810001373291016;48.95000076293945;49.060001373291016;0;2020-04-22 09:30:00-04:00
49.130001068115234;49.310001373291016;48.869998931884766;49.08000183105469;17077;2020-04-22 10:30:00-04:00
49.11000061035156;49.20000076293945;48.93999862670898;49.09000015258789;14254;2020-04-22 11:30:00-04:00
49.165000915527344;49.18999862670898;49.02999877929688;49.18999862670898;15138;2020-04-22 12:30:00-04:00
49.15999984741211;49.25;49.084999084472656;49.209999084472656;18547;2020-04-22 13:30:00-04:00
49.209999084472656;49.29999923706055;49.18999862670898;49.29999923706055;24190;2020-04-22 14:30:00-04:00
49.2599983215332;49.29999923706055;49.04999923706055;49.04999923706055;42851;2020-04-22 15:30:00-04:00
49.31999969482422;49.790000915527344;49.30730056762695;49.68999862670898;0;2020-04-23 09:30:00-04:00
49.7599983215332;49.834999084472656;49.56999969482422;49.810001373291016;24422;2020-04-23 10:30:00-04:00
49.77999877929688;49.77999877929688;49.34000015258789;49.34000015258789;13757;2020-04-23 11:30:00-04:00
49.36000061035156;49.38999938964844;48.970001220703125;48.970001220703125;14781;2020-04-23 12:30:00-04:00
49.0099983215332;49.2400016784668;48.959999084472656;49.09000015258789;20091;2020-04-23 13:30:00-04:00
49.095001220703125;49.209999084472656;48.790000915527344;48.88999938964844;25751;2020-04-23 14:30:00-04:00
48.86000061035156;49.02000045776367;48.86000061035156;48.869998931884766;31054;2020-04-23 15:30:00-04:00
48.84999847412109;48.84999847412109;48.31999969482422;48.33000183105469;19890;2020-04-24 09:30:00-04:00
48.4900016784668;48.72999954223633;48.06999969482422;48.40999984741211;24154;2020-04-24 10:30:00-04:00
48.43999862670898;48.58000183105469;48.2599983215332;48.52000045776367;18471;2020-04-24 11:30:00-04:00
48.56999969482422;48.720001220703125;48.54999923706055;48.720001220703125;15461;2020-04-24 12:30:00-04:00
48.720001220703125;48.84999847412109;48.68000030517578;48.81999969482422;15927;2020-04-24 13:30:00-04:00
48.790000915527344;49.02999877929688;48.7599983215332;48.7599983215332;24032;2020-04-24 14:30:00-04:00
48.790000915527344;48.95000076293945;48.68999862670898;48.709999084472656;26604;2020-04-24 15:30:00-04:00
49.02999877929688;49.02999877929688;48.47999954223633;48.709999084472656;25490;2020-04-27 09:30:00-04:00
48.709999084472656;49.06999969482422;48.69499969482422;49.06999969482422;10496;2020-04-27 10:30:00-04:00
49.040000915527344;49.24549865722656;49.0;49.18000030517578;11664;2020-04-27 11:30:00-04:00
49.15999984741211;49.36000061035156;49.15999984741211;49.36000061035156;20361;2020-04-27 12:30:00-04:00
49.36000061035156;49.47999954223633;49.35499954223633;49.45000076293945;18118;2020-04-27 13:30:00-04:00
49.4900016784668;49.560001373291016;49.3400993347168;49.3650016784668;31100;2020-04-27 14:30:00-04:00
49.369998931884766;49.470001220703125;49.34999847412109;49.400001525878906;34964;2020-04-27 15:30:00-04:00
50.5;50.5;50.150001525878906;50.150001525878906;36305;2020-04-28 09:30:00-04:00
50.18000030517578;50.20000076293945;49.540000915527344;49.869998931884766;38446;2020-04-28 10:30:00-04:00
49.86000061035156;49.86000061035156;49.40999984741211;49.43999862670898;32710;2020-04-28 11:30:00-04:00
49.43999862670898;49.47999954223633;49.31999969482422;49.459999084472656;24082;2020-04-28 12:30:00-04:00
49.43999862670898;49.47999954223633;49.18999862670898;49.310001373291016;35404;2020-04-28 13:30:00-04:00
49.31999969482422;49.43999862670898;49.220001220703125;49.34000015258789;28961;2020-04-28 14:30:00-04:00
49.34000015258789;49.5;49.27999877929688;49.41999816894531;34716;2020-04-28 15:30:00-04:00
51.2599983215332;51.2599983215332;50.06999969482422;50.93999862670898;53141;2020-04-29 09:30:00-04:00
50.959999084472656;51.25;50.81650161743164;51.1150016784668;27101;2020-04-29 10:30:00-04:00
51.09999847412109;51.09999847412109;50.85350036621094;51.04999923706055;15105;2020-04-29 11:30:00-04:00
51.025001525878906;51.18999862670898;50.880001068115234;50.89500045776367;19821;2020-04-29 12:30:00-04:00
50.84999847412109;50.9900016784668;50.79999923706055;50.84000015258789;21150;2020-04-29 13:30:00-04:00
50.86000061035156;51.09000015258789;50.810001373291016;51.0099983215332;26109;2020-04-29 14:30:00-04:00
51.060001373291016;51.32500076293945;51.02999877929688;51.04999923706055;36806;2020-04-29 15:30:00-04:00
50.39500045776367;50.63999938964844;49.5099983215332;50.41999816894531;58266;2020-04-30 09:30:00-04:00
50.595001220703125;50.720001220703125;50.34999847412109;50.650001525878906;17020;2020-04-30 10:30:00-04:00
50.56999969482422;50.790000915527344;49.810001373291016;50.060001373291016;18768;2020-04-30 11:30:00-04:00
50.0;50.02000045776367;49.44499969482422;49.4900016784668;19987;2020-04-30 12:30:00-04:00
49.45000076293945;50.11000061035156;49.45000076293945;50.040000915527344;18544;2020-04-30 13:30:00-04:00
50.06999969482422;50.13999938964844;49.79999923706055;49.84659957885742;16845;2020-04-30 14:30:00-04:00
49.80099868774414;49.84999847412109;49.61000061035156;49.720001220703125;20322;2020-04-30 15:30:00-04:00
49.0;49.0099983215332;48.08000183105469;48.20000076293945;24964;2020-05-01 09:30:00-04:00
48.130001068115234;48.4900016784668;48.04999923706055;48.36000061035156;62131;2020-05-01 10:30:00-04:00
48.35499954223633;48.5;48.060001373291016;48.27999877929688;80701;2020-05-01 11:30:00-04:00
48.23970031738281;48.27999877929688;48.0;48.130001068115234;45807;2020-05-01 12:30:00-04:00
48.13999938964844;48.16999816894531;48.0;48.02999877929688;23949;2020-05-01 13:30:00-04:00
48.06499862670898;48.119998931884766;48.0;48.0099983215332;32213;2020-05-01 14:30:00-04:00
48.0099983215332;48.18000030517578;48.0;48.13999938964844;54305;2020-05-01 15:30:00-04:00
47.220001220703125;47.79999923706055;46.310001373291016;46.7400016784668;146536;2020-05-04 09:30:00-04:00
46.66999816894531;46.72999954223633;46.310001373291016;46.3849983215332;29754;2020-05-04 10:30:00-04:00
46.34999847412109;46.45500183105469;46.33000183105469;46.400001525878906;23463;2020-05-04 11:30:00-04:00
46.43999862670898;46.48899841308594;46.16999816894531;46.185001373291016;18402;2020-05-04 12:30:00-04:00
46.2401008605957;46.34999847412109;46.18999862670898;46.31999969482422;18905;2020-05-04 13:30:00-04:00
46.34999847412109;46.5099983215332;46.25;46.50579833984375;21294;2020-05-04 14:30:00-04:00
46.470001220703125;46.540000915527344;46.34000015258789;46.470001220703125;82763;2020-05-04 15:30:00-04:00
47.2599983215332;47.790000915527344;47.20500183105469;47.290000915527344;34614;2020-05-05 09:30:00-04:00
47.25;47.38999938964844;47.0;47.310001373291016;19083;2020-05-05 10:30:00-04:00
47.38999938964844;47.619998931884766;47.290000915527344;47.61000061035156;22480;2020-05-05 11:30:00-04:00
47.60499954223633;47.70790100097656;47.43999862670898;47.45000076293945;19565;2020-05-05 12:30:00-04:00
47.47999954223633;47.560001373291016;47.45000076293945;47.5099983215332;25106;2020-05-05 13:30:00-04:00
47.47999954223633;47.650001525878906;47.41999816894531;47.43999862670898;19998;2020-05-05 14:30:00-04:00
47.43000030517578;47.4900016784668;47.27000045776367;47.27000045776367;23990;2020-05-05 15:30:00-04:00
47.45000076293945;47.52000045776367;46.75;46.95000076293945;12210;2020-05-06 09:30:00-04:00
47.06999969482422;47.20000076293945;46.685001373291016;46.7599983215332;18183;2020-05-06 10:30:00-04:00
46.72999954223633;46.93999862670898;46.68999862670898;46.93999862670898;25673;2020-05-06 11:30:00-04:00
46.86000061035156;46.970001220703125;46.79999923706055;46.970001220703125;16388;2020-05-06 12:30:00-04:00
46.97999954223633;47.084999084472656;46.87649917602539;46.93999862670898;13449;2020-05-06 13:30:00-04:00
46.970001220703125;47.119998931884766;46.93999862670898;47.04999923706055;15920;2020-05-06 14:30:00-04:00
47.040000915527344;47.040000915527344;46.77999877929688;46.880001068115234;25139;2020-05-06 15:30:00-04:00
47.209999084472656;47.77999877929688;47.209999084472656;47.51499938964844;0;2020-05-07 09:30:00-04:00
47.59999847412109;47.61000061035156;47.29999923706055;47.400001525878906;11959;2020-05-07 10:30:00-04:00
47.43000030517578;47.54999923706055;47.31999969482422;47.41999816894531;15566;2020-05-07 11:30:00-04:00
47.43000030517578;47.43000030517578;47.150001525878906;47.220001220703125;12483;2020-05-07 12:30:00-04:00
47.220001220703125;47.2599983215332;47.11000061035156;47.130001068115234;10070;2020-05-07 13:30:00-04:00
47.130001068115234;47.130001068115234;46.900001525878906;47.0099983215332;12602;2020-05-07 14:30:00-04:00
47.02999877929688;47.150001525878906;46.95000076293945;47.01499938964844;19702;2020-05-07 15:30:00-04:00
47.77000045776367;48.10499954223633;47.68999862670898;47.91999816894531;14245;2020-05-08 09:30:00-04:00
47.900001525878906;48.040000915527344;47.84000015258789;47.970001220703125;8205;2020-05-08 10:30:00-04:00
47.9900016784668;48.0099983215332;47.84999847412109;47.900001525878906;10525;2020-05-08 11:30:00-04:00
47.90999984741211;47.97499847412109;47.59000015258789;47.77000045776367;20496;2020-05-08 12:30:00-04:00
47.81999969482422;47.90999984741211;47.630001068115234;47.630001068115234;25835;2020-05-08 13:30:00-04:00
47.630001068115234;47.95000076293945;47.5;47.91999816894531;17123;2020-05-08 14:30:00-04:00
47.90999984741211;48.040000915527344;47.88999938964844;48.0099983215332;18443;2020-05-08 15:30:00-04:00
47.970001220703125;48.209999084472656;47.91999816894531;48.00389862060547;0;2020-05-11 09:30:00-04:00
48.060001373291016;48.16999816894531;47.970001220703125;47.97999954223633;30021;2020-05-11 10:30:00-04:00
48.02000045776367;48.2599983215332;47.95000076293945;48.2599983215332;15856;2020-05-11 11:30:00-04:00
48.209999084472656;48.29999923706055;48.16999816894531;48.2400016784668;7909;2020-05-11 12:30:00-04:00
48.220001220703125;48.27999877929688;48.02999877929688;48.1349983215332;10723;2020-05-11 13:30:00-04:00
48.130001068115234;48.34999847412109;48.09000015258789;48.27999877929688;11925;2020-05-11 14:30:00-04:00
48.27999877929688;48.310001373291016;48.220001220703125;48.27999877929688;24814;2020-05-11 15:30:00-04:00
48.02909851074219;48.02909851074219;47.52000045776367;47.70000076293945;26783;2020-05-12 09:30:00-04:00
47.77999877929688;47.959999084472656;47.59999847412109;47.77999877929688;19872;2020-05-12 10:30:00-04:00
47.685001373291016;47.82270050048828;47.66999816894531;47.76499938964844;4348;2020-05-12 11:30:00-04:00
47.810001373291016;47.86000061035156;47.56499862670898;47.58000183105469;9770;2020-05-12 12:30:00-04:00
47.56499862670898;47.619998931884766;47.459999084472656;47.470001220703125;9923;2020-05-12 13:30:00-04:00
47.47999954223633;47.619998931884766;47.41999816894531;47.540000915527344;9728;2020-05-12 14:30:00-04:00
47.54999923706055;47.54999923706055;47.04999923706055;47.04999923706055;21134;2020-05-12 15:30:00-04:00
47.45000076293945;47.45000076293945;46.869998931884766;46.97999954223633;25263;2020-05-13 09:30:00-04:00
47.06999969482422;47.16999816894531;46.52999877929688;46.540000915527344;38274;2020-05-13 10:30:00-04:00
46.540000915527344;46.619998931884766;46.20000076293945;46.34000015258789;20080;2020-05-13 11:30:00-04:00
46.369998931884766;46.5099983215332;46.27000045776367;46.40999984741211;8833;2020-05-13 12:30:00-04:00
46.459999084472656;46.459999084472656;46.220001220703125;46.29999923706055;14134;2020-05-13 13:30:00-04:00
46.470001220703125;46.470001220703125;46.06999969482422;46.150001525878906;19498;2020-05-13 14:30:00-04:00
46.16999816894531;46.34999847412109;46.13999938964844;46.33000183105469;28514;2020-05-13 15:30:00-04:00
45.52000045776367;45.880001068115234;45.09999847412109;45.43000030517578;48905;2020-05-14 09:30:00-04:00
45.47999954223633;45.88999938964844;45.45000076293945;45.70000076293945;23103;2020-05-14 10:30:00-04:00
45.65999984741211;45.810001373291016;45.41999816894531;45.70000076293945;14165;2020-05-14 11:30:00-04:00
45.70000076293945;46.09999847412109;45.70000076293945;46.06999969482422;12325;2020-05-14 12:30:00-04:00
46.11000061035156;46.11000061035156;45.81999969482422;46.02000045776367;19302;2020-05-14 13:30:00-04:00
45.9900016784668;46.00270080566406;45.83000183105469;45.95000076293945;17112;2020-05-14 14:30:00-04:00
46.02000045776367;46.1349983215332;45.90999984741211;46.09000015258789;21298;2020-05-14 15:30:00-04:00
45.84999847412109;45.84999847412109;45.07500076293945;45.59000015258789;55877;2020-05-15 09:30:00-04:00
45.560001373291016;45.650001525878906;45.30500030517578;45.38999938964844;6420;2020-05-15 10:30:00-04:00
45.3849983215332;45.3849983215332;45.16999816894531;45.2599983215332;11181;2020-05-15 11:30:00-04:00
45.26499938964844;45.26499938964844;45.0099983215332;45.209999084472656;32145;2020-05-15 12:30:00-04:00
45.15999984741211;45.31159973144531;45.119998931884766;45.27000045776367;15975;2020-05-15 13:30:00-04:00
45.27999877929688;45.31999969482422;45.185001373291016;45.29999923706055;16689;2020-05-15 14:30:00-04:00
45.310001373291016;45.33000183105469;45.220001220703125;45.33000183105469;21202;2020-05-15 15:30:00-04:00
47.68999862670898;48.0;47.56999969482422;47.77999877929688;44563;2020-05-18 09:30:00-04:00
47.77999877929688;48.43999862670898;47.77999877929688;48.40999984741211;16901;2020-05-18 10:30:00-04:00
48.34000015258789;48.43000030517578;48.16999816894531;48.34999847412109;24922;2020-05-18 11:30:00-04:00
48.374000549316406;48.4900016784668;48.290000915527344;48.459999084472656;18489;2020-05-18 12:30:00-04:00
48.43999862670898;48.470001220703125;48.31999969482422;48.400001525878906;26969;2020-05-18 13:30:00-04:00
48.397499084472656;48.59999847412109;48.38999938964844;48.5099983215332;20432;2020-05-18 14:30:00-04:00
48.52999877929688;48.619998931884766;48.34000015258789;48.34000015258789;40780;2020-05-18 15:30:00-04:00
48.59999847412109;48.59999847412109;48.11000061035156;48.310001373291016;26561;2020-05-19 09:30:00-04:00
48.36000061035156;48.36000061035156;48.04999923706055;48.060001373291016;26296;2020-05-19 10:30:00-04:00
48.04999923706055;48.09999847412109;47.84999847412109;47.97999954223633;33245;2020-05-19 11:30:00-04:00
47.9900016784668;48.09000015258789;47.9900016784668;48.04499816894531;17724;2020-05-19 12:30:00-04:00
48.0099983215332;48.150001525878906;47.9900016784668;48.08000183105469;16481;2020-05-19 13:30:00-04:00
48.11000061035156;48.125;47.90499877929688;48.08000183105469;22048;2020-05-19 14:30:00-04:00
48.02999877929688;48.09000015258789;47.84000015258789;47.84000015258789;35427;2020-05-19 15:30:00-04:00
48.43999862670898;48.810001373291016;48.34999847412109;48.7400016784668;28641;2020-05-20 09:30:00-04:00
48.810001373291016;49.09000015258789;48.650001525878906;48.75;124066;2020-05-20 10:30:00-04:00
48.7599983215332;48.7869987487793;48.5;48.630001068115234;20520;2020-05-20 11:30:00-04:00
48.650001525878906;48.650001525878906;48.31999969482422;48.31999969482422;23183;2020-05-20 12:30:00-04:00
48.34000015258789;48.540000915527344;48.34000015258789;48.47999954223633;10719;2020-05-20 13:30:00-04:00
48.52000045776367;48.61100006103516;48.41999816894531;48.540000915527344;14248;2020-05-20 14:30:00-04:00
48.52999877929688;48.560001373291016;48.400001525878906;48.470001220703125;36349;2020-05-20 15:30:00-04:00
47.33000183105469;48.43999862670898;47.20000076293945;47.2400016784668;43208;2020-05-21 09:30:00-04:00
47.18999862670898;47.2599983215332;46.88999938964844;47.16999816894531;55941;2020-05-21 10:30:00-04:00
47.18999862670898;47.31999969482422;47.119998931884766;47.15999984741211;35180;2020-05-21 11:30:00-04:00
47.130001068115234;47.2400016784668;46.84999847412109;46.95000076293945;20223;2020-05-21 12:30:00-04:00
46.94729995727539;47.130001068115234;46.88999938964844;47.130001068115234;16764;2020-05-21 13:30:00-04:00
47.130001068115234;47.15999984741211;46.95000076293945;47.15999984741211;17046;2020-05-21 14:30:00-04:00
47.130001068115234;47.18000030517578;46.959999084472656;46.9900016784668;48227;2020-05-21 15:30:00-04:00
45.0;45.43000030517578;44.15999984741211;44.79999923706055;186921;2020-05-22 09:30:00-04:00
44.77999877929688;44.93669891357422;44.65999984741211;44.90999984741211;52868;2020-05-22 10:30:00-04:00
44.83000183105469;44.84000015258789;44.65999984741211;44.66999816894531;26462;2020-05-22 11:30:00-04:00
44.66999816894531;44.71820068359375;44.5;44.650001525878906;62257;2020-05-22 12:30:00-04:00
44.61000061035156;44.70000076293945;44.52000045776367;44.58000183105469;30644;2020-05-22 13:30:00-04:00
44.52000045776367;44.560001373291016;44.45000076293945;44.459999084472656;35918;2020-05-22 14:30:00-04:00
44.470001220703125;44.619998931884766;44.45000076293945;44.54999923706055;57508;2020-05-22 15:30:00-04:00
45.20000076293945;45.72999954223633;45.0099983215332;45.65999984741211;63934;2020-05-26 09:30:00-04:00
45.68999862670898;45.720001220703125;45.5099983215332;45.61000061035156;12261;2020-05-26 10:30:00-04:00
45.650001525878906;45.66999816894531;45.45500183105469;45.470001220703125;60314;2020-05-26 11:30:00-04:00
45.470001220703125;45.65999984741211;45.470001220703125;45.65999984741211;8068;2020-05-26 12:30:00-04:00
45.619998931884766;45.650001525878906;45.560001373291016;45.63999938964844;8567;2020-05-26 13:30:00-04:00
45.619998931884766;45.70000076293945;45.560001373291016;45.70000076293945;16949;2020-05-26 14:30:00-04:00
45.68999862670898;45.709999084472656;45.505001068115234;45.58000183105469;40482;2020-05-26 15:30:00-04:00
45.95000076293945;45.95000076293945;45.63999938964844;45.77000045776367;37605;2020-05-27 09:30:00-04:00
45.790000915527344;45.790000915527344;45.459999084472656;45.68000030517578;36441;2020-05-27 10:30:00-04:00
45.68999862670898;45.80500030517578;45.5099983215332;45.7400016784668;20467;2020-05-27 11:30:00-04:00
45.7400016784668;45.77999877929688;45.459999084472656;45.459999084472656;31533;2020-05-27 12:30:00-04:00
45.459999084472656;45.560001373291016;45.310001373291016;45.47999954223633;18322;2020-05-27 13:30:00-04:00
45.47999954223633;45.61000061035156;45.459999084472656;45.61000061035156;40334;2020-05-27 14:30:00-04:00
45.59999847412109;45.650001525878906;45.5;45.540000915527344;37740;2020-05-27 15:30:00-04:00
46.400001525878906;46.56999969482422;46.130001068115234;46.20000076293945;69698;2020-05-28 09:30:00-04:00
46.13999938964844;46.52999877929688;46.13999938964844;46.52999877929688;22042;2020-05-28 10:30:00-04:00
46.53499984741211;46.79999923706055;46.5099983215332;46.67499923706055;31086;2020-05-28 11:30:00-04:00
46.70000076293945;47.060001373291016;46.68280029296875;46.9900016784668;20452;2020-05-28 12:30:00-04:00
46.98099899291992;47.209999084472656;46.900001525878906;47.08000183105469;46024;2020-05-28 13:30:00-04:00
47.09000015258789;47.43000030517578;47.06499862670898;47.06499862670898;58108;2020-05-28 14:30:00-04:00
47.060001373291016;47.08000183105469;46.88999938964844;46.93000030517578;74309;2020-05-28 15:30:00-04:00
47.04999923706055;47.04999923706055;46.5099983215332;46.84999847412109;54840;2020-05-29 09:30:00-04:00
46.83879852294922;46.975399017333984;46.709999084472656;46.970001220703125;22353;2020-05-29 10:30:00-04:00
46.90999984741211;46.9900016784668;46.80500030517578;46.88990020751953;26303;2020-05-29 11:30:00-04:00
46.83000183105469;46.97999954223633;46.7599983215332;46.92660140991211;20489;2020-05-29 12:30:00-04:00
46.90999984741211;47.34000015258789;46.80490112304688;47.33000183105469;38232;2020-05-29 13:30:00-04:00
47.33000183105469;47.630001068115234;46.93999862670898;47.31999969482422;64893;2020-05-29 14:30:00-04:00
47.369998931884766;47.540000915527344;47.290000915527344;47.52999877929688;66097;2020-05-29 15:30:00-04:00
45.43999862670898;45.43999862670898;44.625;44.810001373291016;187128;2020-06-01 09:30:00-04:00
44.83000183105469;44.880001068115234;44.59999847412109;44.68999862670898;37768;2020-06-01 10:30:00-04:00
44.650001525878906;44.66999816894531;44.560001373291016;44.65999984741211;19829;2020-06-01 11:30:00-04:00
44.68000030517578;44.7400016784668;44.66999816894531;44.709999084472656;16527;2020-06-01 12:30:00-04:00
44.709999084472656;44.7599983215332;44.68000030517578;44.709999084472656;24953;2020-06-01 13:30:00-04:00
44.70500183105469;44.90999984741211;44.65999984741211;44.90999984741211;21990;2020-06-01 14:30:00-04:00
44.88999938964844;44.900001525878906;44.77999877929688;44.880001068115234;43241;2020-06-01 15:30:00-04:00
44.72999954223633;45.04999923706055;44.52000045776367;44.95000076293945;62356;2020-06-02 09:30:00-04:00
44.95000076293945;45.13999938964844;44.935001373291016;45.060001373291016;32626;2020-06-02 10:30:00-04:00
45.08000183105469;45.08000183105469;44.880001068115234;45.040000915527344;26421;2020-06-02 11:30:00-04:00
45.09999847412109;45.2400016784668;45.06999969482422;45.20000076293945;29379;2020-06-02 12:30:00-04:00
45.18999862670898;45.33000183105469;45.130001068115234;45.25;32442;2020-06-02 13:30:00-04:00
45.244998931884766;45.31999969482422;45.16450119018555;45.27000045776367;36676;2020-06-02 14:30:00-04:00
45.27000045776367;45.290000915527344;45.18999862670898;45.22999954223633;50861;2020-06-02 15:30:00-04:00
45.79999923706055;46.47819900512695;45.79999923706055;46.43999862670898;57491;2020-06-03 09:30:00-04:00
46.400001525878906;46.43000030517578;46.209999084472656;46.41999816894531;36930;2020-06-03 10:30:00-04:00
46.369998931884766;46.5;46.3120002746582;46.41999816894531;23821;2020-06-03 11:30:00-04:00
46.43000030517578;46.43000030517578;46.28409957885742;46.34000015258789;24892;2020-06-03 12:30:00-04:00
46.33000183105469;46.41999816894531;46.27999877929688;46.400001525878906;15652;2020-06-03 13:30:00-04:00
46.40999984741211;46.4900016784668;46.369998931884766;46.40999984741211;30415;2020-06-03 14:30:00-04:00
46.40999984741211;46.59999847412109;46.400001525878906;46.560001373291016;57403;2020-06-03 15:30:00-04:00
45.650001525878906;45.7599983215332;45.400001525878906;45.665000915527344;63949;2020-06-04 09:30:00-04:00
45.68000030517578;45.709999084472656;45.470001220703125;45.52999877929688;58146;2020-06-04 10:30:00-04:00
45.540000915527344;45.63999938964844;45.41999816894531;45.470001220703125;17502;2020-06-04 11:30:00-04:00
45.38999938964844;45.540000915527344;45.369998931884766;45.540000915527344;12388;2020-06-04 12:30:00-04:00
45.52999877929688;45.68999862670898;45.52999877929688;45.59999847412109;23697;2020-06-04 13:30:00-04:00
45.58000183105469;45.65999984741211;45.55009841918945;45.619998931884766;19581;2020-06-04 14:30:00-04:00
45.61000061035156;45.65999984741211;45.56999969482422;45.59000015258789;37255;2020-06-04 15:30:00-04:00
46.72999954223633;47.130001068115234;46.72999954223633;46.9900016784668;49177;2020-06-05 09:30:00-04:00
46.97999954223633;47.310001373291016;46.93000030517578;47.255001068115234;61282;2020-06-05 10:30:00-04:00
47.36000061035156;47.36000061035156;47.150001525878906;47.25;26252;2020-06-05 11:30:00-04:00
47.27999877929688;47.380001068115234;47.2599983215332;47.31999969482422;32375;2020-06-05 12:30:00-04:00
47.31999969482422;47.33000183105469;47.22999954223633;47.2599983215332;10271;2020-06-05 13:30:00-04:00
47.27999877929688;47.33000183105469;47.09000015258789;47.25;44884;2020-06-05 14:30:00-04:00
47.2599983215332;47.310001373291016;47.16999816894531;47.2400016784668;35719;2020-06-05 15:30:00-04:00
47.150001525878906;47.27000045776367;46.45000076293945;46.52999877929688;68853;2020-06-08 09:30:00-04:00
46.54999923706055;46.63999938964844;46.400001525878906;46.560001373291016;34359;2020-06-08 10:30:00-04:00
46.56999969482422;46.88999938964844;46.5099983215332;46.869998931884766;32010;2020-06-08 11:30:00-04:00
46.87099838256836;46.970001220703125;46.7599983215332;46.84000015258789;34487;2020-06-08 12:30:00-04:00
46.810001373291016;46.900001525878906;46.7400016784668;46.79999923706055;16800;2020-06-08 13:30:00-04:00
46.83000183105469;46.95000076293945;46.810001373291016;46.93999862670898;14171;2020-06-08 14:30:00-04:00
46.91999816894531;47.0;46.88999938964844;47.0;29359;2020-06-08 15:30:00-04:00
47.16999816894531;47.16999816894531;46.90999984741211;47.02999877929688;56886;2020-06-09 09:30:00-04:00
47.02000045776367;47.31999969482422;46.970001220703125;47.290000915527344;32426;2020-06-09 10:30:00-04:00
47.27999877929688;47.29999923706055;47.1245002746582;47.20000076293945;15349;2020-06-09 11:30:00-04:00
47.275001525878906;47.29999923706055;47.15999984741211;47.25;18159;2020-06-09 12:30:00-04:00
47.27000045776367;47.29999923706055;47.16999816894531;47.209999084472656;15248;2020-06-09 13:30:00-04:00
47.18000030517578;47.380001068115234;47.16999816894531;47.380001068115234;14376;2020-06-09 14:30:00-04:00
47.38999938964844;47.47999954223633;47.33000183105469;47.43000030517578;23167;2020-06-09 15:30:00-04:00
46.7400016784668;46.7400016784668;46.09999847412109;46.2400016784668;35269;2020-06-10 09:30:00-04:00
46.2599983215332;46.5;46.22999954223633;46.4900016784668;23659;2020-06-10 10:30:00-04:00
46.45000076293945;46.5;46.37009811401367;46.470001220703125;6569;2020-06-10 11:30:00-04:00
46.45000076293945;46.45000076293945;46.27000045776367;46.290000915527344;10350;2020-06-10 12:30:00-04:00
46.29999923706055;46.63999938964844;46.27999877929688;46.60499954223633;13494;2020-06-10 13:30:00-04:00
46.61000061035156;46.61000061035156;46.2599983215332;46.59999847412109;19850;2020-06-10 14:30:00-04:00
46.619998931884766;46.619998931884766;46.29999923706055;46.38999938964844;57307;2020-06-10 15:30:00-04:00
44.470001220703125;45.16999816894531;44.470001220703125;44.810001373291016;51472;2020-06-11 09:30:00-04:00
44.88999938964844;44.93999862670898;44.59999847412109;44.630001068115234;23885;2020-06-11 10:30:00-04:00
44.630001068115234;44.63999938964844;44.130001068115234;44.130001068115234;35405;2020-06-11 11:30:00-04:00
44.310001373291016;44.33000183105469;44.09000015258789;44.25;14268;2020-06-11 12:30:00-04:00
44.220001220703125;44.27999877929688;44.09000015258789;44.238800048828125;16764;2020-06-11 13:30:00-04:00
44.26959991455078;44.26959991455078;43.97999954223633;44.02999877929688;32670;2020-06-11 14:30:00-04:00
43.97999954223633;44.09000015258789;43.84000015258789;43.84999847412109;66065;2020-06-11 15:30:00-04:00
44.58000183105469;44.59000015258789;44.08000183105469;44.11000061035156;35378;2020-06-12 09:30:00-04:00
44.02000045776367;44.06999969482422;43.5;43.70500183105469;59621;2020-06-12 10:30:00-04:00
43.70500183105469;44.060001373291016;43.65999984741211;43.790000915527344;18234;2020-06-12 11:30:00-04:00
43.77000045776367;43.79999923706055;43.61000061035156;43.66999816894531;17303;2020-06-12 12:30:00-04:00
43.63999938964844;43.650001525878906;43.43000030517578;43.619998931884766;26808;2020-06-12 13:30:00-04:00
43.66999816894531;43.90999984741211;43.584999084472656;43.84999847412109;19660;2020-06-12 14:30:00-04:00
43.85499954223633;44.130001068115234;43.83000183105469;44.130001068115234;58090;2020-06-12 15:30:00-04:00
43.34999847412109;43.540000915527344;43.04999923706055;43.40999984741211;25765;2020-06-15 09:30:00-04:00
43.459999084472656;43.72999954223633;43.3567008972168;43.70000076293945;13205;2020-06-15 10:30:00-04:00
43.68999862670898;43.83000183105469;43.59999847412109;43.79999923706055;9438;2020-06-15 11:30:00-04:00
43.790000915527344;43.93000030517578;43.75;43.810001373291016;17029;2020-06-15 12:30:00-04:00
43.810001373291016;44.0890007019043;43.720001220703125;44.060001373291016;14967;2020-06-15 13:30:00-04:00
44.02000045776367;44.040000915527344;43.64500045776367;43.64500045776367;7402;2020-06-15 14:30:00-04:00
43.68000030517578;43.75;43.56999969482422;43.650001525878906;57711;2020-06-15 15:30:00-04:00
44.54999923706055;45.02999877929688;44.54999923706055;44.97999954223633;28228;2020-06-16 09:30:00-04:00
44.845001220703125;44.869998931884766;44.0099983215332;44.38999938964844;16013;2020-06-16 10:30:00-04:00
44.27000045776367;44.369998931884766;44.18000030517578;44.294898986816406;7610;2020-06-16 11:30:00-04:00
44.29219818115234;44.40999984741211;44.25;44.34999847412109;9085;2020-06-16 12:30:00-04:00
44.29999923706055;44.3650016784668;44.16999816894531;44.2599983215332;7048;2020-06-16 13:30:00-04:00
44.29999923706055;44.41999816894531;44.06999969482422;44.18000030517578;9616;2020-06-16 14:30:00-04:00
44.150001525878906;44.2400016784668;44.04999923706055;44.18999862670898;30570;2020-06-16 15:30:00-04:00
44.31999969482422;44.31999969482422;44.0099983215332;44.09000015258789;17331;2020-06-17 09:30:00-04:00
44.13999938964844;44.47999954223633;44.13999938964844;44.34000015258789;12171;2020-06-17 10:30:00-04:00
44.380001068115234;44.45000076293945;44.345001220703125;44.369998931884766;23837;2020-06-17 11:30:00-04:00
44.400001525878906;44.59000015258789;44.38999938964844;44.58000183105469;23710;2020-06-17 12:30:00-04:00
44.56999969482422;44.630001068115234;44.52999877929688;44.59000015258789;22340;2020-06-17 13:30:00-04:00
44.59999847412109;44.619998931884766;44.380001068115234;44.40999984741211;12841;2020-06-17 14:30:00-04:00
44.45000076293945;44.45000076293945;44.2599983215332;44.369998931884766;23454;2020-06-17 15:30:00-04:00
44.380001068115234;44.380001068115234;44.0;44.2400016784668;24624;2020-06-18 09:30:00-04:00
44.119998931884766;44.29999923706055;44.119998931884766;44.2599983215332;14116;2020-06-18 10:30:00-04:00
44.27999877929688;44.27999877929688;43.88999938964844;43.970001220703125;19569;2020-06-18 11:30:00-04:00
43.96500015258789;43.96500015258789;43.83000183105469;43.91999816894531;20475;2020-06-18 12:30:00-04:00
43.900001525878906;43.9900016784668;43.79999923706055;43.900001525878906;18191;2020-06-18 13:30:00-04:00
43.86000061035156;43.93000030517578;43.77999877929688;43.810001373291016;16385;2020-06-18 14:30:00-04:00
43.810001373291016;44.040000915527344;43.810001373291016;44.040000915527344;24669;2020-06-18 15:30:00-04:00
44.63999938964844;44.63999938964844;44.220001220703125;44.5099983215332;24050;2020-06-19 09:30:00-04:00
44.5099983215332;44.63999938964844;44.45000076293945;44.45009994506836;29308;2020-06-19 10:30:00-04:00
44.4900016784668;44.4900016784668;43.95000076293945;43.95000076293945;11271;2020-06-19 11:30:00-04:00
43.98799896240234;44.130001068115234;43.93999862670898;43.97999954223633;15107;2020-06-19 12:30:00-04:00
43.970001220703125;44.09999847412109;43.880001068115234;43.900001525878906;8456;2020-06-19 13:30:00-04:00
44.060001373291016;44.18999862670898;43.95000076293945;44.0099983215332;14011;2020-06-19 14:30:00-04:00
44.03350067138672;44.03350067138672;43.81999969482422;44.0099983215332;43682;2020-06-19 15:30:00-04:00
43.900001525878906;44.130001068115234;43.77999877929688;43.9900016784668;0;2020-06-22 09:30:00-04:00
43.96500015258789;44.08000183105469;43.94010162353516;44.08000183105469;7992;2020-06-22 10:30:00-04:00
44.08000183105469;44.185001373291016;44.060001373291016;44.060001373291016;11626;2020-06-22 11:30:00-04:00
44.125099182128906;44.27000045776367;44.060001373291016;44.22999954223633;27761;2020-06-22 12:30:00-04:00
44.220001220703125;44.220001220703125;44.130001068115234;44.15999984741211;6845;2020-06-22 13:30:00-04:00
44.130001068115234;44.18999862670898;44.040000915527344;44.040000915527344;14643;2020-06-22 14:30:00-04:00
44.060001373291016;44.150001525878906;44.02999877929688;44.119998931884766;27640;2020-06-22 15:30:00-04:00
44.02000045776367;44.15999984741211;43.869998931884766;44.14500045776367;46590;2020-06-23 09:30:00-04:00
44.119998931884766;44.16999816894531;44.02000045776367;44.060001373291016;40642;2020-06-23 10:30:00-04:00
44.08000183105469;44.15999984741211;44.02999877929688;44.04100036621094;32504;2020-06-23 11:30:00-04:00
44.060001373291016;44.11000061035156;44.040000915527344;44.06999969482422;11825;2020-06-23 12:30:00-04:00
44.04499816894531;44.11000061035156;43.95000076293945;43.9900016784668;13974;2020-06-23 13:30:00-04:00
44.02999877929688;44.04999923706055;43.95000076293945;43.970001220703125;16967;2020-06-23 14:30:00-04:00
43.959999084472656;43.97999954223633;43.77999877929688;43.77999877929688;39357;2020-06-23 15:30:00-04:00
43.220001220703125;43.369998931884766;42.970001220703125;43.08000183105469;39987;2020-06-24 09:30:00-04:00
43.09000015258789;43.09000015258789;42.75;42.790000915527344;31661;2020-06-24 10:30:00-04:00
42.7599983215332;42.81990051269531;42.540000915527344;42.72999954223633;23635;2020-06-24 11:30:00-04:00
42.7400016784668;42.900001525878906;42.68999862670898;42.84000015258789;16715;2020-06-24 12:30:00-04:00
42.84000015258789;42.93000030517578;42.77000045776367;42.83639907836914;20325;2020-06-24 13:30:00-04:00
42.83000183105469;42.959999084472656;42.77999877929688;42.880001068115234;22497;2020-06-24 14:30:00-04:00
42.90999984741211;43.02000045776367;42.7599983215332;42.810001373291016;31511;2020-06-24 15:30:00-04:00
42.720001220703125;43.119998931884766;42.380001068115234;43.087501525878906;13883;2020-06-25 09:30:00-04:00
43.119998931884766;43.16999816894531;42.869998931884766;42.93000030517578;17059;2020-06-25 10:30:00-04:00
42.91999816894531;42.91999816894531;42.709999084472656;42.869998931884766;7657;2020-06-25 11:30:00-04:00
42.84000015258789;42.970001220703125;42.7599983215332;42.810001373291016;15204;2020-06-25 12:30:00-04:00
42.810001373291016;42.845001220703125;42.709999084472656;42.77999877929688;9899;2020-06-25 13:30:00-04:00
42.77000045776367;43.040000915527344;42.720001220703125;43.0099983215332;22636;2020-06-25 14:30:00-04:00
43.010101318359375;43.150001525878906;42.97999954223633;43.11000061035156;26927;2020-06-25 15:30:00-04:00
42.7400016784668;42.7400016784668;42.13999938964844;42.15999984741211;21130;2020-06-26 09:30:00-04:00
42.18999862670898;42.22499847412109;41.97999954223633;42.0;23589;2020-06-26 10:30:00-04:00
42.025001525878906;42.09999847412109;42.0099983215332;42.04999923706055;12560;2020-06-26 11:30:00-04:00
42.04010009765625;42.25;42.04010009765625;42.22999954223633;6201;2020-06-26 12:30:00-04:00
42.220001220703125;42.34999847412109;42.220001220703125;42.29999923706055;10922;2020-06-26 13:30:00-04:00
42.29999923706055;42.34999847412109;42.220001220703125;42.29999923706055;22930;2020-06-26 14:30:00-04:00
42.310001373291016;42.38999938964844;42.2400016784668;42.34999847412109;29799;2020-06-26 15:30:00-04:00
42.47999954223633;42.720001220703125;42.380001068115234;42.68999862670898;0;2020-06-29 09:30:00-04:00
42.709999084472656;42.79999923706055;42.52000045776367;42.68000030517578;24663;2020-06-29 10:30:00-04:00
42.66999816894531;42.68999862670898;42.43009948730469;42.4900016784668;20390;2020-06-29 11:30:00-04:00
42.5;42.66999816894531;42.47999954223633;42.59999847412109;30927;2020-06-29 12:30:00-04:00
42.59999847412109;42.630001068115234;42.5;42.52000045776367;14201;2020-06-29 13:30:00-04:00
42.43999862670898;42.5;42.34000015258789;42.41999816894531;9725;2020-06-29 14:30:00-04:00
42.41999816894531;42.58000183105469;42.34999847412109;42.56999969482422;23559;2020-06-29 15:30:00-04:00
41.880001068115234;41.900001525878906;41.29999923706055;41.369998931884766;67075;2020-06-30 09:30:00-04:00
41.36000061035156;41.72510147094727;41.36000061035156;41.68999862670898;25756;2020-06-30 10:30:00-04:00
41.685001373291016;41.68999862670898;41.58000183105469;41.59000015258789;13956;2020-06-30 11:30:00-04:00
41.560001373291016;41.61000061035156;41.470001220703125;41.560001373291016;14992;2020-06-30 12:30:00-04:00
41.560001373291016;41.58000183105469;41.52999877929688;41.54999923706055;21929;2020-06-30 13:30:00-04:00
41.54999923706055;41.68880081176758;41.52000045776367;41.6349983215332;52931;2020-06-30 14:30:00-04:00
41.61000061035156;42.02000045776367;41.61000061035156;41.93000030517578;53179;2020-06-30 15:30:00-04:00
41.95000076293945;42.36000061035156;41.95000076293945;42.25;16682;2020-07-01 09:30:00-04:00
42.25;42.32500076293945;41.90879821777344;41.93999862670898;18747;2020-07-01 10:30:00-04:00
41.970001220703125;42.18000030517578;41.88999938964844;42.09999847412109;7314;2020-07-01 11:30:00-04:00
42.130001068115234;42.13999938964844;41.93000030517578;41.9900016784668;7062;2020-07-01 12:30:00-04:00
41.98500061035156;42.0099983215332;41.84000015258789;41.91999816894531;12755;2020-07-01 13:30:00-04:00
41.890098571777344;41.959999084472656;41.84000015258789;41.959999084472656;14531;2020-07-01 14:30:00-04:00
41.93000030517578;41.96989822387695;41.81999969482422;41.86000061035156;19169;2020-07-01 15:30:00-04:00
42.33000183105469;43.29999923706055;42.20000076293945;43.04999923706055;43590;2020-07-02 09:30:00-04:00
42.94499969482422;42.97999954223633;42.77000045776367;42.97499847412109;15571;2020-07-02 10:30:00-04:00
42.97999954223633;43.06999969482422;42.86000061035156;43.060001373291016;15262;2020-07-02 11:30:00-04:00
43.04999923706055;43.08000183105469;42.959999084472656;43.00019836425781;12477;2020-07-02 12:30:00-04:00
43.02000045776367;43.18000030517578;43.0099983215332;43.16999816894531;12309;2020-07-02 13:30:00-04:00
43.18999862670898;43.2400016784668;43.060001373291016;43.1150016784668;14570;2020-07-02 14:30:00-04:00
43.1150016784668;43.16999816894531;42.9900016784668;43.13999938964844;56746;2020-07-02 15:30:00-04:00
44.68999862670898;45.70989990234375;44.68999862670898;45.380001068115234;60430;2020-07-06 09:30:00-04:00
45.400001525878906;45.54999923706055;45.27999877929688;45.52000045776367;18986;2020-07-06 10:30:00-04:00
45.53499984741211;45.59000015258789;45.459999084472656;45.540000915527344;16019;2020-07-06 11:30:00-04:00
45.540000915527344;45.59000015258789;45.43109893798828;45.59000015258789;11410;2020-07-06 12:30:00-04:00
45.595001220703125;45.77000045776367;45.59000015258789;45.72999954223633;18743;2020-07-06 13:30:00-04:00
45.720001220703125;45.755001068115234;45.560001373291016;45.58000183105469;35041;2020-07-06 14:30:00-04:00
45.56999969482422;45.77999877929688;45.56999969482422;45.77000045776367;34095;2020-07-06 15:30:00-04:00
44.47999954223633;44.525001525878906;44.02999877929688;44.41999816894531;45827;2020-07-07 09:30:00-04:00
44.400001525878906;44.75;44.290000915527344;44.689300537109375;30175;2020-07-07 10:30:00-04:00
44.665000915527344;44.77000045776367;44.54999923706055;44.54999923706055;12678;2020-07-07 11:30:00-04:00
44.540000915527344;44.54499816894531;44.470001220703125;44.52999877929688;9149;2020-07-07 12:30:00-04:00
44.53499984741211;44.595001220703125;44.45000076293945;44.459999084472656;7069;2020-07-07 13:30:00-04:00
44.45000076293945;44.45000076293945;44.29570007324219;44.369998931884766;12206;2020-07-07 14:30:00-04:00
44.380001068115234;44.3849983215332;44.11000061035156;44.150001525878906;32003;2020-07-07 15:30:00-04:00
44.59000015258789;44.72999954223633;44.27999877929688;44.459999084472656;17476;2020-07-08 09:30:00-04:00
44.41999816894531;44.540000915527344;44.34000015258789;44.540000915527344;27138;2020-07-08 10:30:00-04:00
44.58000183105469;45.06999969482422;44.58000183105469;45.04999923706055;45083;2020-07-08 11:30:00-04:00
45.05500030517578;45.095001220703125;44.93000030517578;45.01499938964844;36814;2020-07-08 12:30:00-04:00
45.01499938964844;45.18000030517578;44.959999084472656;45.125;29779;2020-07-08 13:30:00-04:00
45.11000061035156;45.310001373291016;45.09999847412109;45.130001068115234;34856;2020-07-08 14:30:00-04:00
45.130001068115234;45.220001220703125;45.08000183105469;45.18000030517578;47201;2020-07-08 15:30:00-04:00
45.0;45.470001220703125;44.68000030517578;44.72999954223633;27794;2020-07-09 09:30:00-04:00
44.709999084472656;44.72999954223633;44.292701721191406;44.380001068115234;28182;2020-07-09 10:30:00-04:00
44.36000061035156;44.56999969482422;44.306400299072266;44.47999954223633;27352;2020-07-09 11:30:00-04:00
44.48500061035156;44.630001068115234;44.43999862670898;44.51499938964844;28916;2020-07-09 12:30:00-04:00
44.51499938964844;44.52000045776367;44.380001068115234;44.48500061035156;20586;2020-07-09 13:30:00-04:00
44.5;44.56499862670898;44.39500045776367;44.494998931884766;24677;2020-07-09 14:30:00-04:00
44.5;44.59000015258789;44.435001373291016;44.59000015258789;42283;2020-07-09 15:30:00-04:00
44.119998931884766;44.5;44.040000915527344;44.04999923706055;14459;2020-07-10 09:30:00-04:00
44.18000030517578;44.290000915527344;44.18000030517578;44.209999084472656;3258;2020-07-10 10:30:00-04:00
44.162200927734375;44.29999923706055;43.9900016784668;44.04999923706055;13438;2020-07-10 11:30:00-04:00
44.0099983215332;44.09999847412109;43.880001068115234;44.04999923706055;18441;2020-07-10 12:30:00-04:00
44.060001373291016;44.18999862670898;44.04999923706055;44.130001068115234;7165;2020-07-10 13:30:00-04:00
44.130001068115234;44.22999954223633;44.08000183105469;44.20500183105469;9509;2020-07-10 14:30:00-04:00
44.220001220703125;44.36000061035156;44.150001525878906;44.34999847412109;29575;2020-07-10 15:30:00-04:00
44.2400016784668;44.58000183105469;44.209999084472656;44.54999923706055;14463;2020-07-13 09:30:00-04:00
44.52999877929688;44.709999084472656;44.5;44.53499984741211;8707;2020-07-13 10:30:00-04:00
44.470001220703125;44.540000915527344;44.36000061035156;44.36000061035156;9374;2020-07-13 11:30:00-04:00
44.38999938964844;44.540000915527344;44.3827018737793;44.540000915527344;8101;2020-07-13 12:30:00-04:00
44.5099983215332;44.59000015258789;44.34999847412109;44.400001525878906;6360;2020-07-13 13:30:00-04:00
44.31999969482422;44.369998931884766;44.13999938964844;44.13999938964844;7816;2020-07-13 14:30:00-04:00
44.16999816894531;44.18000030517578;43.970001220703125;43.970001220703125;22048;2020-07-13 15:30:00-04:00
43.540000915527344;43.7599983215332;43.470001220703125;43.75239944458008;22221;2020-07-14 09:30:00-04:00
43.869998931884766;44.060001373291016;43.81999969482422;44.04999923706055;16416;2020-07-14 10:30:00-04:00
44.040000915527344;44.16999816894531;44.040000915527344;44.11000061035156;14333;2020-07-14 11:30:00-04:00
44.09999847412109;44.108001708984375;44.02999877929688;44.02999877929688;3248;2020-07-14 12:30:00-04:00
44.02999877929688;44.2599983215332;44.02999877929688;44.09000015258789;10798;2020-07-14 13:30:00-04:00
44.119998931884766;44.20000076293945;44.0099983215332;44.130001068115234;24292;2020-07-14 14:30:00-04:00
44.13999938964844;44.290000915527344;44.119998931884766;44.18000030517578;20538;2020-07-14 15:30:00-04:00
43.79999923706055;43.880001068115234;43.54999923706055;43.65999984741211;46931;2020-07-15 09:30:00-04:00
43.81999969482422;43.93000030517578;43.66999816894531;43.7400016784668;20214;2020-07-15 10:30:00-04:00
43.790000915527344;43.790000915527344;43.63999938964844;43.77000045776367;11169;2020-07-15 11:30:00-04:00
43.75;43.91999816894531;43.68999862670898;43.89500045776367;15311;2020-07-15 12:30:00-04:00
43.900001525878906;43.970001220703125;43.86000061035156;43.869998931884766;13200;2020-07-15 13:30:00-04:00
43.900001525878906;43.959999084472656;43.7599983215332;43.84000015258789;11650;2020-07-15 14:30:00-04:00
43.86000061035156;43.90999984741211;43.68000030517578;43.68000030517578;27989;2020-07-15 15:30:00-04:00
43.04999923706055;43.16999816894531;42.72999954223633;42.959999084472656;21622;2020-07-16 09:30:00-04:00
43.21500015258789;43.36000061035156;43.18999862670898;43.29010009765625;8512;2020-07-16 10:30:00-04:00
43.290000915527344;43.31999969482422;43.209999084472656;43.2400016784668;8399;2020-07-16 11:30:00-04:00
43.220001220703125;43.269901275634766;43.119998931884766;43.13359832763672;10624;2020-07-16 12:30:00-04:00
43.13199996948242;43.18870162963867;43.04999923706055;43.09000015258789;5013;2020-07-16 13:30:00-04:00
43.060001373291016;43.15999984741211;43.0;43.15999984741211;7918;2020-07-16 14:30:00-04:00
43.09000015258789;43.130001068115234;43.02999877929688;43.04999923706055;12232;2020-07-16 15:30:00-04:00
42.83000183105469;42.86000061035156;42.560001373291016;42.560001373291016;24165;2020-07-17 09:30:00-04:00
42.52000045776367;42.650001525878906;42.5;42.58000183105469;9516;2020-07-17 10:30:00-04:00
42.58000183105469;42.68999862670898;42.58000183105469;42.68999862670898;8991;2020-07-17 11:30:00-04:00
42.68000030517578;42.70500183105469;42.65499877929688;42.70500183105469;5881;2020-07-17 12:30:00-04:00
42.7400016784668;42.77000045776367;42.61000061035156;42.61000061035156;11914;2020-07-17 13:30:00-04:00
42.61989974975586;42.650001525878906;42.560001373291016;42.650001525878906;11357;2020-07-17 14:30:00-04:00
42.630001068115234;42.68000030517578;42.560001373291016;42.59999847412109;16804;2020-07-17 15:30:00-04:00
42.869998931884766;42.9099006652832;42.61000061035156;42.72999954223633;36843;2020-07-20 09:30:00-04:00
42.72999954223633;42.970001220703125;42.70000076293945;42.84000015258789;24116;2020-07-20 10:30:00-04:00
42.88999938964844;42.935001373291016;42.84999847412109;42.900001525878906;13353;2020-07-20 11:30:00-04:00
42.900001525878906;42.90999984741211;42.810001373291016;42.810001373291016;12403;2020-07-20 12:30:00-04:00
42.810001373291016;42.84999847412109;42.77000045776367;42.79100036621094;17523;2020-07-20 13:30:00-04:00
42.79999923706055;42.84999847412109;42.75;42.81999969482422;22047;2020-07-20 14:30:00-04:00
42.810001373291016;42.900001525878906;42.79999923706055;42.880001068115234;37672;2020-07-20 15:30:00-04:00
42.88999938964844;43.22999954223633;42.88999938964844;43.110198974609375;56053;2020-07-21 09:30:00-04:00
43.060001373291016;43.47999954223633;43.060001373291016;43.459999084472656;49328;2020-07-21 10:30:00-04:00
43.47999954223633;43.54999923706055;43.40999984741211;43.52999877929688;39020;2020-07-21 11:30:00-04:00
43.54499816894531;43.57170104980469;43.47999954223633;43.5;12156;2020-07-21 12:30:00-04:00
43.5;43.55500030517578;43.40999984741211;43.54010009765625;15029;2020-07-21 13:30:00-04:00
43.540000915527344;43.6150016784668;43.380001068115234;43.380001068115234;23724;2020-07-21 14:30:00-04:00
43.36000061035156;43.36000061035156;43.09000015258789;43.09000015258789;26033;2020-07-21 15:30:00-04:00
44.09999847412109;44.650001525878906;43.959999084472656;44.27999877929688;79069;2020-07-22 09:30:00-04:00
44.29999923706055;44.59999847412109;44.29999923706055;44.54999923706055;28698;2020-07-22 10:30:00-04:00
44.56999969482422;44.810001373291016;44.56999969482422;44.7599983215332;21587;2020-07-22 11:30:00-04:00
44.77000045776367;44.88999938964844;44.73899841308594;44.83000183105469;18831;2020-07-22 12:30:00-04:00
44.84000015258789;44.84999847412109;44.744998931884766;44.7599983215332;20967;2020-07-22 13:30:00-04:00
44.75;44.880001068115234;44.72999954223633;44.79999923706055;14121;2020-07-22 14:30:00-04:00
44.810001373291016;45.06999969482422;44.810001373291016;45.04999923706055;38330;2020-07-22 15:30:00-04:00
44.52999877929688;44.52999877929688;44.09000015258789;44.119998931884766;24133;2020-07-23 09:30:00-04:00
44.16999816894531;44.66999816894531;44.150001525878906;44.59000015258789;39479;2020-07-23 10:30:00-04:00
44.58000183105469;45.34999847412109;44.56999969482422;45.31999969482422;50544;2020-07-23 11:30:00-04:00
45.2599983215332;45.68999862670898;45.2599983215332;45.58000183105469;95866;2020-07-23 12:30:00-04:00
45.560001373291016;45.59000015258789;45.40999984741211;45.5;45393;2020-07-23 13:30:00-04:00
45.4900016784668;45.60499954223633;45.45000076293945;45.54499816894531;60642;2020-07-23 14:30:00-04:00
45.54999923706055;45.63999938964844;45.40999984741211;45.470001220703125;106668;2020-07-23 15:30:00-04:00
44.70000076293945;44.869998931884766;44.400001525878906;44.459999084472656;41747;2020-07-24 09:30:00-04:00
44.5099983215332;44.650001525878906;44.31999969482422;44.33000183105469;16686;2020-07-24 10:30:00-04:00
44.33000183105469;44.709999084472656;44.290000915527344;44.63999938964844;28195;2020-07-24 11:30:00-04:00
44.65999984741211;44.65999984741211;44.47999954223633;44.560001373291016;9161;2020-07-24 12:30:00-04:00
44.56999969482422;44.595001220703125;44.494998931884766;44.595001220703125;7463;2020-07-24 13:30:00-04:00
44.56999969482422;44.56999969482422;44.43999862670898;44.470001220703125;9846;2020-07-24 14:30:00-04:00
44.459999084472656;44.630001068115234;44.43999862670898;44.619998931884766;25348;2020-07-24 15:30:00-04:00
44.68000030517578;44.85369873046875;44.665000915527344;44.810001373291016;29665;2020-07-27 09:30:00-04:00
44.84999847412109;45.09999847412109;44.83000183105469;45.02000045776367;11303;2020-07-27 10:30:00-04:00
45.005001068115234;45.005001068115234;44.91999816894531;44.97999954223633;4245;2020-07-27 11:30:00-04:00
44.970001220703125;45.01900100708008;44.91999816894531;44.91999816894531;6161;2020-07-27 12:30:00-04:00
44.90760040283203;44.97999954223633;44.88999938964844;44.970001220703125;5752;2020-07-27 13:30:00-04:00
44.959999084472656;44.9900016784668;44.880001068115234;44.88999938964844;5873;2020-07-27 14:30:00-04:00
44.900001525878906;45.060001373291016;44.900001525878906;45.02000045776367;40555;2020-07-27 15:30:00-04:00
44.40999984741211;44.43000030517578;44.15010070800781;44.38999938964844;15927;2020-07-28 09:30:00-04:00
44.41999816894531;44.41999816894531;44.20000076293945;44.2400016784668;19594;2020-07-28 10:30:00-04:00
44.25;44.29999923706055;44.04999923706055;44.06999969482422;8526;2020-07-28 11:30:00-04:00
44.07279968261719;44.1349983215332;44.02000045776367;44.130001068115234;13853;2020-07-28 12:30:00-04:00
44.16999816894531;44.209999084472656;44.09999847412109;44.13999938964844;6530;2020-07-28 13:30:00-04:00
44.150001525878906;44.18999862670898;44.01499938964844;44.01499938964844;13198;2020-07-28 14:30:00-04:00
44.0099983215332;44.02999877929688;43.91999816894531;43.97999954223633;32037;2020-07-28 15:30:00-04:00
44.2400016784668;44.2400016784668;43.97999954223633;44.165000915527344;0;2020-07-29 09:30:00-04:00
44.13999938964844;44.14500045776367;44.08000183105469;44.11000061035156;11995;2020-07-29 10:30:00-04:00
44.16999816894531;44.22999954223633;44.11000061035156;44.22999954223633;6426;2020-07-29 11:30:00-04:00
44.18999862670898;44.18999862670898;44.02999877929688;44.130001068115234;10526;2020-07-29 12:30:00-04:00
44.09999847412109;44.150001525878906;44.060001373291016;44.119998931884766;7504;2020-07-29 13:30:00-04:00
44.15999984741211;44.30989837646485;44.07099914550781;44.27999877929688;10138;2020-07-29 14:30:00-04:00
44.22999954223633;44.310001373291016;44.17499923706055;44.310001373291016;13443;2020-07-29 15:30:00-04:00
43.619998931884766;43.68000030517578;42.81999969482422;43.060001373291016;46564;2020-07-30 09:30:00-04:00
43.10179901123047;43.2599983215332;42.88999938964844;43.150001525878906;23442;2020-07-30 10:30:00-04:00
43.15999984741211;43.369998931884766;43.150001525878906;43.33000183105469;10575;2020-07-30 11:30:00-04:00
43.34999847412109;43.38999938964844;43.27000045776367;43.380001068115234;14015;2020-07-30 12:30:00-04:00
43.40999984741211;43.459999084472656;43.310001373291016;43.43999862670898;9117;2020-07-30 13:30:00-04:00
43.47999954223633;43.650001525878906;43.45000076293945;43.619998931884766;29539;2020-07-30 14:30:00-04:00
43.630001068115234;43.68000030517578;43.54999923706055;43.65999984741211;22155;2020-07-30 15:30:00-04:00
42.880001068115234;42.9900016784668;42.54100036621094;42.54100036621094;31339;2020-07-31 09:30:00-04:00
42.58000183105469;42.58000183105469;42.2599983215332;42.38219833374024;17584;2020-07-31 10:30:00-04:00
42.5;42.5;42.15999984741211;42.22999954223633;17366;2020-07-31 11:30:00-04:00
42.244998931884766;42.332401275634766;42.244998931884766;42.27000045776367;9058;2020-07-31 12:30:00-04:00
42.27000045776367;42.27999877929688;42.13999938964844;42.22999954223633;8805;2020-07-31 13:30:00-04:00
42.2400016784668;42.380001068115234;42.2400016784668;42.380001068115234;10114;2020-07-31 14:30:00-04:00
42.33000183105469;42.58000183105469;42.33000183105469;42.5099983215332;33472;2020-07-31 15:30:00-04:00
42.75;43.25;42.75;43.220001220703125;40411;2020-08-03 09:30:00-04:00
43.2400016784668;43.2599983215332;42.90999984741211;42.90999984741211;12655;2020-08-03 10:30:00-04:00
42.970001220703125;43.0;42.900001525878906;42.900001525878906;9620;2020-08-03 11:30:00-04:00
42.83000183105469;43.040000915527344;42.790000915527344;42.9900016784668;7766;2020-08-03 12:30:00-04:00
42.97999954223633;43.119998931884766;42.97999954223633;43.08000183105469;4846;2020-08-03 13:30:00-04:00
43.06999969482422;43.08000183105469;42.94580078125;42.96500015258789;16467;2020-08-03 14:30:00-04:00
42.9900016784668;43.0;42.82500076293945;43.0;21574;2020-08-03 15:30:00-04:00
43.2599983215332;43.60900115966797;43.2599983215332;43.47999954223633;25039;2020-08-04 09:30:00-04:00
43.505001068115234;43.7400016784668;43.4900016784668;43.7400016784668;35811;2020-08-04 10:30:00-04:00
43.72999954223633;43.970001220703125;43.71500015258789;43.90999984741211;19347;2020-08-04 11:30:00-04:00
43.900001525878906;43.93000030517578;43.869998931884766;43.91999816894531;9019;2020-08-04 12:30:00-04:00
43.93000030517578;44.02000045776367;43.880001068115234;43.880001068115234;10986;2020-08-04 13:30:00-04:00
43.84999847412109;43.84999847412109;43.650001525878906;43.7400016784668;17939;2020-08-04 14:30:00-04:00
43.7599983215332;43.84000015258789;43.720001220703125;43.84000015258789;24674;2020-08-04 15:30:00-04:00
44.63999938964844;44.78950119018555;44.5099983215332;44.65190124511719;23891;2020-08-05 09:30:00-04:00
44.68999862670898;44.90999984741211;44.62289810180664;44.90999984741211;13243;2020-08-05 10:30:00-04:00
44.90999984741211;44.90999984741211;44.7599983215332;44.79999923706055;21401;2020-08-05 11:30:00-04:00
44.790000915527344;44.84000015258789;44.755001068115234;44.7599983215332;12011;2020-08-05 12:30:00-04:00
44.70000076293945;44.720001220703125;44.61000061035156;44.61000061035156;11204;2020-08-05 13:30:00-04:00
44.6150016784668;44.66999816894531;44.59000015258789;44.6150016784668;11408;2020-08-05 14:30:00-04:00
44.59999847412109;44.68000030517578;44.56999969482422;44.65999984741211;37510;2020-08-05 15:30:00-04:00
44.61000061035156;44.94990158081055;44.61000061035156;44.75;15921;2020-08-06 09:30:00-04:00
44.7599983215332;44.76499938964844;44.52000045776367;44.59999847412109;7605;2020-08-06 10:30:00-04:00
44.6150016784668;44.84000015258789;44.59000015258789;44.82500076293945;15151;2020-08-06 11:30:00-04:00
44.81999969482422;44.84000015258789;44.77999877929688;44.8218002319336;12968;2020-08-06 12:30:00-04:00
44.81999969482422;44.88999938964844;44.81999969482422;44.84999847412109;4943;2020-08-06 13:30:00-04:00
44.83000183105469;44.88999938964844;44.79999923706055;44.88999938964844;11229;2020-08-06 14:30:00-04:00
44.880001068115234;44.970001220703125;44.84999847412109;44.970001220703125;17918;2020-08-06 15:30:00-04:00
44.15999984741211;44.22999954223633;43.95000076293945;44.04999923706055;25023;2020-08-07 09:30:00-04:00
44.04999923706055;44.165000915527344;44.040000915527344;44.040000915527344;15211;2020-08-07 10:30:00-04:00
44.0099983215332;44.07509994506836;43.94499969482422;43.959999084472656;17280;2020-08-07 11:30:00-04:00
43.95500183105469;43.98899841308594;43.77999877929688;43.88999938964844;14455;2020-08-07 12:30:00-04:00
43.88999938964844;43.90999984741211;43.7599983215332;43.77000045776367;14714;2020-08-07 13:30:00-04:00
43.77000045776367;43.970001220703125;43.77000045776367;43.95000076293945;11443;2020-08-07 14:30:00-04:00
43.93999862670898;44.060001373291016;43.91999816894531;43.9900016784668;23222;2020-08-07 15:30:00-04:00
44.040000915527344;44.33000183105469;44.02000045776367;44.06999969482422;22543;2020-08-10 09:30:00-04:00
44.060001373291016;44.06999969482422;43.84999847412109;43.84999847412109;17696;2020-08-10 10:30:00-04:00
43.900001525878906;44.08000183105469;43.8849983215332;44.08000183105469;52052;2020-08-10 11:30:00-04:00
44.09000015258789;44.13999938964844;44.0099983215332;44.09999847412109;22986;2020-08-10 12:30:00-04:00
44.13999938964844;44.19010162353516;44.09000015258789;44.18000030517578;13876;2020-08-10 13:30:00-04:00
44.209999084472656;44.220001220703125;44.06999969482422;44.209999084472656;12243;2020-08-10 14:30:00-04:00
44.209999084472656;44.29999923706055;44.150001525878906;44.2400016784668;27068;2020-08-10 15:30:00-04:00
44.790000915527344;45.1150016784668;44.68000030517578;44.7400016784668;22587;2020-08-11 09:30:00-04:00
44.77000045776367;44.93999862670898;44.72999954223633;44.79999923706055;9799;2020-08-11 10:30:00-04:00
44.810001373291016;44.88999938964844;44.77000045776367;44.77000045776367;9912;2020-08-11 11:30:00-04:00
44.75;44.84999847412109;44.720001220703125;44.84999847412109;12042;2020-08-11 12:30:00-04:00
44.84000015258789;44.869998931884766;44.7400016784668;44.75;14891;2020-08-11 13:30:00-04:00
44.709999084472656;44.7599983215332;44.52999877929688;44.61000061035156;19803;2020-08-11 14:30:00-04:00
44.619998931884766;44.65999984741211;44.41999816894531;44.41999816894531;18544;2020-08-11 15:30:00-04:00
44.7599983215332;45.18000030517578;44.7599983215332;45.16999816894531;20579;2020-08-12 09:30:00-04:00
45.20000076293945;45.310001373291016;45.09999847412109;45.130001068115234;17757;2020-08-12 10:30:00-04:00
45.14500045776367;45.2599983215332;45.09999847412109;45.220001220703125;8910;2020-08-12 11:30:00-04:00
45.220001220703125;45.29999923706055;45.150001525878906;45.150001525878906;7941;2020-08-12 12:30:00-04:00
45.16999816894531;45.31999969482422;45.16999816894531;45.27000045776367;17194;2020-08-12 13:30:00-04:00
45.25;45.34000015258789;45.25;45.34000015258789;5525;2020-08-12 14:30:00-04:00
45.34000015258789;45.369998931884766;45.2666015625;45.31999969482422;37391;2020-08-12 15:30:00-04:00
45.0;45.0099983215332;44.86000061035156;44.92499923706055;12500;2020-08-13 09:30:00-04:00
44.93000030517578;44.93000030517578;44.790000915527344;44.84000015258789;7004;2020-08-13 10:30:00-04:00
44.790000915527344;44.869998931884766;44.7599983215332;44.86000061035156;6285;2020-08-13 11:30:00-04:00
44.91999816894531;44.970001220703125;44.900001525878906;44.900001525878906;5280;2020-08-13 12:30:00-04:00
44.880001068115234;44.900001525878906;44.7400016784668;44.75;11793;2020-08-13 13:30:00-04:00
44.7599983215332;44.7599983215332;44.63999938964844;44.7400016784668;5463;2020-08-13 14:30:00-04:00
44.75;44.77000045776367;44.65999984741211;44.68999862670898;16324;2020-08-13 15:30:00-04:00
44.93999862670898;45.20000076293945;44.7400016784668;45.08000183105469;16249;2020-08-14 09:30:00-04:00
44.97999954223633;45.119998931884766;44.959999084472656;45.05059814453125;5684;2020-08-14 10:30:00-04:00
45.09999847412109;45.20000076293945;45.04999923706055;45.18000030517578;7506;2020-08-14 11:30:00-04:00
45.09999847412109;45.18000030517578;45.04499816894531;45.04999923706055;5254;2020-08-14 12:30:00-04:00
45.040000915527344;45.41999816894531;45.0;45.125;42899;2020-08-14 13:30:00-04:00
45.150001525878906;45.209999084472656;45.09999847412109;45.119998931884766;10690;2020-08-14 14:30:00-04:00
45.10499954223633;45.2599983215332;45.060001373291016;45.25;24859;2020-08-14 15:30:00-04:00
46.45000076293945;46.84000015258789;46.380001068115234;46.5099983215332;54657;2020-08-17 09:30:00-04:00
46.52999877929688;46.619998931884766;46.459999084472656;46.5099983215332;29779;2020-08-17 10:30:00-04:00
46.47999954223633;46.61989974975586;46.43000030517578;46.4900016784668;12525;2020-08-17 11:30:00-04:00
46.52999877929688;46.72890090942383;46.470001220703125;46.6349983215332;14661;2020-08-17 12:30:00-04:00
46.6349983215332;46.63999938964844;46.4900016784668;46.56499862670898;22714;2020-08-17 13:30:00-04:00
46.56999969482422;46.61000061035156;46.525001525878906;46.59999847412109;35124;2020-08-17 14:30:00-04:00
46.61000061035156;46.6349983215332;46.54999923706055;46.59999847412109;41379;2020-08-17 15:30:00-04:00
46.09999847412109;46.09999847412109;45.4723014831543;45.4723014831543;22901;2020-08-18 09:30:00-04:00
45.4900016784668;45.5099983215332;45.310001373291016;45.34000015258789;20285;2020-08-18 10:30:00-04:00
45.34000015258789;45.54999923706055;45.34000015258789;45.540000915527344;7282;2020-08-18 11:30:00-04:00
45.54389953613281;45.56999969482422;45.459999084472656;45.47669982910156;8236;2020-08-18 12:30:00-04:00
45.459999084472656;45.52000045776367;45.41999816894531;45.4900016784668;8292;2020-08-18 13:30:00-04:00
45.47999954223633;45.5;45.43000030517578;45.43000030517578;8612;2020-08-18 14:30:00-04:00
45.40999984741211;45.470001220703125;45.310001373291016;45.43000030517578;31782;2020-08-18 15:30:00-04:00
45.59000015258789;45.59000015258789;45.33000183105469;45.45000076293945;15281;2020-08-19 09:30:00-04:00
45.43999862670898;45.4900016784668;45.29999923706055;45.34999847412109;12066;2020-08-19 10:30:00-04:00
45.380001068115234;45.4900016784668;45.34999847412109;45.4900016784668;9202;2020-08-19 11:30:00-04:00
45.4900016784668;45.4900016784668;45.38999938964844;45.40999984741211;9192;2020-08-19 12:30:00-04:00
45.400001525878906;45.560001373291016;45.369998931884766;45.470001220703125;11783;2020-08-19 13:30:00-04:00
45.45000076293945;45.4900016784668;45.369998931884766;45.40999984741211;12643;2020-08-19 14:30:00-04:00
45.41999816894531;45.43000030517578;45.2599983215332;45.27000045776367;21285;2020-08-19 15:30:00-04:00
44.84000015258789;44.9900016784668;44.670501708984375;44.83000183105469;17295;2020-08-20 09:30:00-04:00
44.93000030517578;44.970001220703125;44.86000061035156;44.900001525878906;8227;2020-08-20 10:30:00-04:00
44.90999984741211;45.040000915527344;44.900001525878906;45.0;15701;2020-08-20 11:30:00-04:00
45.0;45.04999923706055;44.93000030517578;45.040000915527344;5577;2020-08-20 12:30:00-04:00
45.060001373291016;45.130001068115234;45.02999877929688;45.130001068115234;6669;2020-08-20 13:30:00-04:00
45.130001068115234;45.20000076293945;45.09999847412109;45.119998931884766;5445;2020-08-20 14:30:00-04:00
45.13999938964844;45.18999862670898;45.09999847412109;45.130001068115234;17960;2020-08-20 15:30:00-04:00
45.27999877929688;45.27999877929688;45.0099983215332;45.119998931884766;7168;2020-08-21 09:30:00-04:00
45.11000061035156;45.33000183105469;45.07500076293945;45.13999938964844;8008;2020-08-21 10:30:00-04:00
45.130001068115234;45.16999816894531;45.060001373291016;45.06999969482422;12152;2020-08-21 11:30:00-04:00
45.060001373291016;45.13999938964844;45.040000915527344;45.08000183105469;12441;2020-08-21 12:30:00-04:00
45.09000015258789;45.11000061035156;45.060001373291016;45.060001373291016;9290;2020-08-21 13:30:00-04:00
45.06999969482422;45.130001068115234;45.025001525878906;45.125;15978;2020-08-21 14:30:00-04:00
45.119998931884766;45.150001525878906;45.09999847412109;45.150001525878906;32409;2020-08-21 15:30:00-04:00
45.75;46.09000015258789;45.709999084472656;46.060001373291016;34253;2020-08-24 09:30:00-04:00
46.060001373291016;46.08000183105469;45.845001220703125;45.94499969482422;28930;2020-08-24 10:30:00-04:00
45.91999816894531;45.93999862670898;45.68999862670898;45.75;15375;2020-08-24 11:30:00-04:00
45.74300003051758;45.970001220703125;45.709999084472656;45.970001220703125;17754;2020-08-24 12:30:00-04:00
45.97999954223633;46.0;45.8927001953125;45.959999084472656;8475;2020-08-24 13:30:00-04:00
45.93000030517578;45.93999862670898;45.83000183105469;45.83000183105469;11116;2020-08-24 14:30:00-04:00
45.81999969482422;45.93000030517578;45.81999969482422;45.93000030517578;19727;2020-08-24 15:30:00-04:00
45.709999084472656;46.0;45.69499969482422;45.93000030517578;15273;2020-08-25 09:30:00-04:00
45.83000183105469;45.93999862670898;45.7599983215332;45.93000030517578;7333;2020-08-25 10:30:00-04:00
45.91999816894531;45.91999816894531;45.68000030517578;45.80500030517578;10026;2020-08-25 11:30:00-04:00
45.7400016784668;45.790000915527344;45.70000076293945;45.72999954223633;5111;2020-08-25 12:30:00-04:00
45.77000045776367;45.869998931884766;45.77000045776367;45.78379821777344;5127;2020-08-25 13:30:00-04:00
45.77999877929688;45.880001068115234;45.77999877929688;45.880001068115234;4124;2020-08-25 14:30:00-04:00
45.88999938964844;45.91999816894531;45.84000015258789;45.88999938964844;20906;2020-08-25 15:30:00-04:00
46.02999877929688;46.4900016784668;46.02999877929688;46.27000045776367;15842;2020-08-26 09:30:00-04:00
46.209999084472656;46.255001068115234;46.04999923706055;46.06999969482422;3722;2020-08-26 10:30:00-04:00
46.09999847412109;46.150001525878906;46.06999969482422;46.150001525878906;9648;2020-08-26 11:30:00-04:00
46.119998931884766;46.18999862670898;46.119998931884766;46.13999938964844;2322;2020-08-26 12:30:00-04:00
46.130001068115234;46.15999984741211;46.09999847412109;46.150001525878906;7729;2020-08-26 13:30:00-04:00
46.14500045776367;46.20000076293945;46.10499954223633;46.16999816894531;19800;2020-08-26 14:30:00-04:00
46.18999862670898;46.20000076293945;46.11000061035156;46.20000076293945;13173;2020-08-26 15:30:00-04:00
45.09999847412109;45.27000045776367;44.709999084472656;44.77000045776367;25327;2020-08-27 09:30:00-04:00
44.7400016784668;44.7400016784668;44.310001373291016;44.31999969482422;36107;2020-08-27 10:30:00-04:00
44.310001373291016;44.459999084472656;44.290000915527344;44.34999847412109;26108;2020-08-27 11:30:00-04:00
44.36000061035156;44.380001068115234;44.20000076293945;44.31999969482422;17085;2020-08-27 12:30:00-04:00
44.31999969482422;44.52000045776367;44.29999923706055;44.4900016784668;32385;2020-08-27 13:30:00-04:00
44.45000076293945;44.59999847412109;44.40999984741211;44.56999969482422;21267;2020-08-27 14:30:00-04:00
44.59000015258789;44.65999984741211;44.560001373291016;44.560001373291016;18940;2020-08-27 15:30:00-04:00
44.86000061035156;45.08000183105469;44.77000045776367;44.79999923706055;19430;2020-08-28 09:30:00-04:00
44.81999969482422;44.90999984741211;44.66999816894531;44.869998931884766;16301;2020-08-28 10:30:00-04:00
44.91999816894531;44.91999816894531;44.72999954223633;44.79999923706055;18452;2020-08-28 11:30:00-04:00
44.77000045776367;44.880001068115234;44.7599983215332;44.880001068115234;9860;2020-08-28 12:30:00-04:00
44.88999938964844;44.970001220703125;44.863399505615234;44.970001220703125;11406;2020-08-28 13:30:00-04:00
44.959999084472656;45.04999923706055;44.95500183105469;45.01860046386719;16792;2020-08-28 14:30:00-04:00
45.0;45.08000183105469;44.93000030517578;45.06999969482422;23290;2020-08-28 15:30:00-04:00
45.79999923706055;46.09000015258789;45.68000030517578;45.7400016784668;76544;2020-08-31 09:30:00-04:00
45.7400016784668;45.9900016784668;45.68000030517578;45.68000030517578;23484;2020-08-31 10:30:00-04:00
45.70500183105469;45.90999984741211;45.66999816894531;45.84000015258789;13092;2020-08-31 11:30:00-04:00
45.84999847412109;45.84999847412109;45.68999862670898;45.79999923706055;11973;2020-08-31 12:30:00-04:00
45.77999877929688;45.82500076293945;45.7400016784668;45.75;18906;2020-08-31 13:30:00-04:00
45.7400016784668;45.86000061035156;45.7400016784668;45.810001373291016;13850;2020-08-31 14:30:00-04:00
45.810001373291016;45.97639846801758;45.790000915527344;45.869998931884766;46268;2020-08-31 15:30:00-04:00
45.290000915527344;45.290000915527344;44.93999862670898;45.040000915527344;32202;2020-09-01 09:30:00-04:00
45.03499984741211;45.060001373291016;44.959999084472656;44.959999084472656;14862;2020-09-01 10:30:00-04:00
44.91999816894531;45.040000915527344;44.880001068115234;44.970001220703125;16807;2020-09-01 11:30:00-04:00
44.95000076293945;44.95000076293945;44.81999969482422;44.81999969482422;8878;2020-09-01 12:30:00-04:00
44.83000183105469;44.93000030517578;44.83000183105469;44.875;4719;2020-09-01 13:30:00-04:00
44.869998931884766;44.93000030517578;44.81999969482422;44.880001068115234;12340;2020-09-01 14:30:00-04:00
44.90999984741211;45.04999923706055;44.90999984741211;45.04999923706055;40442;2020-09-01 15:30:00-04:00
44.75;44.77999877929688;44.52999877929688;44.59000015258789;0;2020-09-02 09:30:00-04:00
44.63999938964844;44.63999938964844;44.40999984741211;44.41999816894531;20557;2020-09-02 10:30:00-04:00
44.400001525878906;44.44499969482422;44.29499816894531;44.32500076293945;26948;2020-09-02 11:30:00-04:00
44.310001373291016;44.43000030517578;44.290000915527344;44.40999984741211;23469;2020-09-02 12:30:00-04:00
44.41999816894531;44.41999816894531;44.290000915527344;44.310001373291016;16321;2020-09-02 13:30:00-04:00
44.29999923706055;44.400001525878906;44.26499938964844;44.34000015258789;22445;2020-09-02 14:30:00-04:00
44.34999847412109;44.43000030517578;44.33000183105469;44.43000030517578;31350;2020-09-02 15:30:00-04:00
44.18000030517578;44.2599983215332;43.84000015258789;43.959999084472656;62967;2020-09-03 09:30:00-04:00
43.95000076293945;44.02000045776367;43.369998931884766;43.59000015258789;46373;2020-09-03 10:30:00-04:00
43.56999969482422;43.79949951171875;43.56999969482422;43.72999954223633;10134;2020-09-03 11:30:00-04:00
43.77000045776367;43.77000045776367;43.5099983215332;43.560001373291016;45718;2020-09-03 12:30:00-04:00
43.560001373291016;43.58000183105469;43.43999862670898;43.56999969482422;23639;2020-09-03 13:30:00-04:00
43.560001373291016;43.619998931884766;43.41999816894531;43.470001220703125;26525;2020-09-03 14:30:00-04:00
43.459999084472656;43.619998931884766;43.45000076293945;43.59999847412109;35928;2020-09-03 15:30:00-04:00
44.08000183105469;44.290000915527344;43.59000015258789;43.75;34937;2020-09-04 09:30:00-04:00
43.709999084472656;43.709999084472656;43.36000061035156;43.41999816894531;30340;2020-09-04 10:30:00-04:00
43.4900016784668;43.66999816894531;43.4900016784668;43.66999816894531;19301;2020-09-04 11:30:00-04:00
43.66230010986328;43.72990036010742;43.58000183105469;43.605499267578125;9930;2020-09-04 12:30:00-04:00
43.59999847412109;43.97999954223633;43.560001373291016;43.95000076293945;29588;2020-09-04 13:30:00-04:00
44.0099983215332;44.0099983215332;43.880001068115234;43.9900016784668;11684;2020-09-04 14:30:00-04:00
44.02999877929688;44.02999877929688;43.8650016784668;43.959999084472656;26473;2020-09-04 15:30:00-04:00
44.09999847412109;44.470001220703125;44.02999877929688;44.41999816894531;67997;2020-09-08 09:30:00-04:00
44.470001220703125;44.50350189208984;44.2599983215332;44.40999984741211;15672;2020-09-08 10:30:00-04:00
44.43000030517578;44.650001525878906;44.380001068115234;44.630001068115234;15137;2020-09-08 11:30:00-04:00
44.60499954223633;44.72999954223633;44.60499954223633;44.72999954223633;14482;2020-09-08 12:30:00-04:00
44.72999954223633;44.810001373291016;44.61000061035156;44.630001068115234;12057;2020-09-08 13:30:00-04:00
44.619998931884766;44.619998931884766;44.470001220703125;44.52000045776367;7643;2020-09-08 14:30:00-04:00
44.54999923706055;44.65999984741211;44.5;44.540000915527344;35266;2020-09-08 15:30:00-04:00
44.380001068115234;44.5;44.18999862670898;44.27999877929688;38606;2020-09-09 09:30:00-04:00
44.290000915527344;44.43999862670898;44.220001220703125;44.380001068115234;14537;2020-09-09 10:30:00-04:00
44.400001525878906;44.43000030517578;44.11000061035156;44.11000061035156;30565;2020-09-09 11:30:00-04:00
44.125;44.209999084472656;44.02999877929688;44.119998931884766;27275;2020-09-09 12:30:00-04:00
44.119998931884766;44.31999969482422;44.09999847412109;44.23500061035156;10235;2020-09-09 13:30:00-04:00
44.2400016784668;44.34999847412109;44.20000076293945;44.22999954223633;13740;2020-09-09 14:30:00-04:00
44.27000045776367;44.27999877929688;44.18000030517578;44.27999877929688;21293;2020-09-09 15:30:00-04:00
44.2599983215332;44.33000183105469;44.040000915527344;44.09999847412109;12975;2020-09-10 09:30:00-04:00
44.119998931884766;44.27999877929688;43.9901008605957;44.20000076293945;19386;2020-09-10 10:30:00-04:00
44.22999954223633;44.290000915527344;44.1599006652832;44.209999084472656;14492;2020-09-10 11:30:00-04:00
44.18000030517578;44.209999084472656;44.084999084472656;44.119998931884766;13421;2020-09-10 12:30:00-04:00
44.13999938964844;44.150001525878906;43.86000061035156;43.869998931884766;8456;2020-09-10 13:30:00-04:00
43.880001068115234;43.880001068115234;43.68999862670898;43.7400016784668;9216;2020-09-10 14:30:00-04:00
43.720001220703125;43.82500076293945;43.71500015258789;43.810001373291016;17929;2020-09-10 15:30:00-04:00
44.0;44.0;43.70000076293945;43.810001373291016;11955;2020-09-11 09:30:00-04:00
43.7400016784668;44.0;43.7400016784668;44.0;15682;2020-09-11 10:30:00-04:00
43.9900016784668;43.9900016784668;43.70000076293945;43.78749847412109;19418;2020-09-11 11:30:00-04:00
43.77999877929688;43.81999969482422;43.61000061035156;43.61000061035156;14925;2020-09-11 12:30:00-04:00
43.619998931884766;43.65999984741211;43.51219940185547;43.61349868774414;11371;2020-09-11 13:30:00-04:00
43.630001068115234;43.790000915527344;43.619998931884766;43.75;16193;2020-09-11 14:30:00-04:00
43.790000915527344;43.81999969482422;43.70000076293945;43.7400016784668;20652;2020-09-11 15:30:00-04:00
43.720001220703125;43.720001220703125;43.494998931884766;43.59000015258789;0;2020-09-14 09:30:00-04:00
43.58000183105469;43.59000015258789;43.4900016784668;43.56999969482422;14814;2020-09-14 10:30:00-04:00
43.59000015258789;43.59000015258789;43.525001525878906;43.540000915527344;4710;2020-09-14 11:30:00-04:00
43.5;43.54999923706055;43.5;43.52999877929688;9279;2020-09-14 12:30:00-04:00
43.54999923706055;43.59999847412109;43.5;43.560001373291016;11123;2020-09-14 13:30:00-04:00
43.58000183105469;43.59000015258789;43.459999084472656;43.52999877929688;10398;2020-09-14 14:30:00-04:00
43.540000915527344;43.560001373291016;43.46500015258789;43.470001220703125;18871;2020-09-14 15:30:00-04:00
43.68000030517578;43.79999923706055;43.63999938964844;43.72999954223633;12028;2020-09-15 09:30:00-04:00
43.72999954223633;43.810001373291016;43.72999954223633;43.810001373291016;14030;2020-09-15 10:30:00-04:00
43.79999923706055;43.8224983215332;43.7400016784668;43.77999877929688;6772;2020-09-15 11:30:00-04:00
43.75;43.7943000793457;43.709999084472656;43.709999084472656;6458;2020-09-15 12:30:00-04:00
43.72999954223633;43.78499984741211;43.65999984741211;43.65999984741211;4672;2020-09-15 13:30:00-04:00
43.68999862670898;43.75;43.619998931884766;43.625;5514;2020-09-15 14:30:00-04:00
43.625;43.625;43.52999877929688;43.619998931884766;11495;2020-09-15 15:30:00-04:00
43.63999938964844;43.63999938964844;43.29999923706055;43.33000183105469;25048;2020-09-16 09:30:00-04:00
43.34999847412109;43.470001220703125;43.30440139770508;43.45000076293945;21522;2020-09-16 10:30:00-04:00
43.43000030517578;43.52000045776367;43.29999923706055;43.5;29340;2020-09-16 11:30:00-04:00
43.51499938964844;43.619998931884766;43.5;43.57500076293945;22749;2020-09-16 12:30:00-04:00
43.57500076293945;43.66999816894531;43.45000076293945;43.66999816894531;18859;2020-09-16 13:30:00-04:00
43.68000030517578;43.709999084472656;43.4900016784668;43.560001373291016;18901;2020-09-16 14:30:00-04:00
43.560001373291016;43.58000183105469;43.369998931884766;43.4900016784668;34586;2020-09-16 15:30:00-04:00
43.20000076293945;43.619998931884766;43.1150016784668;43.619998931884766;17633;2020-09-17 09:30:00-04:00
43.63999938964844;43.68000030517578;43.54999923706055;43.56499862670898;18566;2020-09-17 10:30:00-04:00
43.52999877929688;43.54999923706055;43.40999984741211;43.470001220703125;10259;2020-09-17 11:30:00-04:00
43.470001220703125;43.560001373291016;43.45000076293945;43.4900016784668;22349;2020-09-17 12:30:00-04:00
43.4900016784668;43.56999969482422;43.40999984741211;43.40999984741211;23210;2020-09-17 13:30:00-04:00
43.40999984741211;43.540000915527344;43.40999984741211;43.52999877929688;16094;2020-09-17 14:30:00-04:00
43.52000045776367;43.560001373291016;43.470001220703125;43.5;22102;2020-09-17 15:30:00-04:00
43.33000183105469;43.34000015258789;42.86000061035156;43.06999969482422;26471;2020-09-18 09:30:00-04:00
43.08000183105469;43.09000015258789;42.91999816894531;43.04999923706055;34032;2020-09-18 10:30:00-04:00
43.04999923706055;43.04999923706055;42.93999862670898;42.97999954223633;17067;2020-09-18 11:30:00-04:00
42.9900016784668;43.08000183105469;42.97999954223633;43.0099983215332;11856;2020-09-18 12:30:00-04:00
42.900001525878906;43.09999847412109;42.86000061035156;43.06999969482422;11974;2020-09-18 13:30:00-04:00
43.04999923706055;43.15999984741211;43.040000915527344;43.119998931884766;18402;2020-09-18 14:30:00-04:00
43.1150016784668;43.130001068115234;42.959999084472656;42.959999084472656;60600;2020-09-18 15:30:00-04:00
42.43000030517578;42.5;42.04999923706055;42.04999923706055;28618;2020-09-21 09:30:00-04:00
42.09999847412109;42.25;42.0;42.084999084472656;26699;2020-09-21 10:30:00-04:00
42.06999969482422;42.23500061035156;42.02999877929688;42.18999862670898;20408;2020-09-21 11:30:00-04:00
42.18000030517578;42.2400016784668;42.06999969482422;42.150001525878906;16426;2020-09-21 12:30:00-04:00
42.13999938964844;42.20000076293945;42.0099983215332;42.17499923706055;41205;2020-09-21 13:30:00-04:00
42.20000076293945;42.33000183105469;42.119998931884766;42.27999877929688;21585;2020-09-21 14:30:00-04:00
42.29999923706055;42.33000183105469;42.220001220703125;42.290000915527344;44898;2020-09-21 15:30:00-04:00
41.810001373291016;41.97999954223633;41.68000030517578;41.81999969482422;44370;2020-09-22 09:30:00-04:00
41.84000015258789;41.84000015258789;41.5;41.63600158691406;19578;2020-09-22 10:30:00-04:00
41.63999938964844;41.650001525878906;41.52999877929688;41.59999847412109;18558;2020-09-22 11:30:00-04:00
41.59000015258789;41.59999847412109;41.45000076293945;41.54999923706055;18236;2020-09-22 12:30:00-04:00
41.56999969482422;41.810001373291016;41.53269958496094;41.70000076293945;18020;2020-09-22 13:30:00-04:00
41.68000030517578;41.72999954223633;41.61000061035156;41.709999084472656;12433;2020-09-22 14:30:00-04:00
41.68000030517578;41.68000030517578;41.47499847412109;41.540000915527344;85095;2020-09-22 15:30:00-04:00
41.119998931884766;41.119998931884766;40.6150016784668;40.68999862670898;55612;2020-09-23 09:30:00-04:00
40.7400016784668;40.845001220703125;40.650001525878906;40.66999816894531;34569;2020-09-23 10:30:00-04:00
40.65999984741211;40.65999984741211;40.435001373291016;40.5;43742;2020-09-23 11:30:00-04:00
40.4900016784668;40.6150016784668;40.43999862670898;40.4900016784668;31801;2020-09-23 12:30:00-04:00
40.47999954223633;40.560001373291016;40.369998931884766;40.400001525878906;27506;2020-09-23 13:30:00-04:00
40.38999938964844;40.38999938964844;40.2400016784668;40.369998931884766;34400;2020-09-23 14:30:00-04:00
40.36520004272461;40.47999954223633;40.29999923706055;40.470001220703125;59156;2020-09-23 15:30:00-04:00
39.9900016784668;40.02999877929688;39.70000076293945;39.720001220703125;34596;2020-09-24 09:30:00-04:00
39.720001220703125;39.86249923706055;39.65999984741211;39.83000183105469;19027;2020-09-24 10:30:00-04:00
39.79499816894531;39.97999954223633;39.77999877929688;39.84999847412109;20634;2020-09-24 11:30:00-04:00
39.8025016784668;40.0099983215332;39.77000045776367;39.97499847412109;21905;2020-09-24 12:30:00-04:00
39.959999084472656;40.15999984741211;39.93999862670898;39.96500015258789;13341;2020-09-24 13:30:00-04:00
39.972599029541016;40.02000045776367;39.79040145874024;39.810001373291016;27070;2020-09-24 14:30:00-04:00
39.79999923706055;40.0099983215332;39.790000915527344;40.0099983215332;30386;2020-09-24 15:30:00-04:00
40.209999084472656;40.34000015258789;39.98500061035156;40.130001068115234;93692;2020-09-25 09:30:00-04:00
40.119998931884766;40.27000045776367;40.09999847412109;40.25;19111;2020-09-25 10:30:00-04:00
40.22999954223633;40.22999954223633;40.060001373291016;40.060001373291016;17616;2020-09-25 11:30:00-04:00
40.040000915527344;40.11000061035156;40.02000045776367;40.04999923706055;9408;2020-09-25 12:30:00-04:00
40.02999877929688;40.09000015258789;39.97999954223633;40.08000183105469;21309;2020-09-25 13:30:00-04:00
40.095001220703125;40.369998931884766;40.060001373291016;40.369998931884766;17599;2020-09-25 14:30:00-04:00
40.36000061035156;40.400001525878906;40.220001220703125;40.3849983215332;35392;2020-09-25 15:30:00-04:00
40.90999984741211;40.95000076293945;40.59700012207031;40.59999847412109;50206;2020-09-28 09:30:00-04:00
40.59999847412109;40.75;40.47999954223633;40.56999969482422;21419;2020-09-28 10:30:00-04:00
40.56999969482422;40.65999984741211;40.38999938964844;40.5;36016;2020-09-28 11:30:00-04:00
40.5099983215332;40.720001220703125;40.5099983215332;40.68999862670898;13247;2020-09-28 12:30:00-04:00
40.70000076293945;40.810001373291016;40.59000015258789;40.810001373291016;24723;2020-09-28 13:30:00-04:00
40.84999847412109;40.8849983215332;40.7599983215332;40.790000915527344;19647;2020-09-28 14:30:00-04:00
40.80500030517578;40.80500030517578;40.540000915527344;40.54999923706055;62668;2020-09-28 15:30:00-04:00
40.40999984741211;40.40999984741211;40.13999938964844;40.20000076293945;11143;2020-09-29 09:30:00-04:00
40.16999816894531;40.16999816894531;40.02000045776367;40.1150016784668;20602;2020-09-29 10:30:00-04:00
40.040000915527344;40.13999938964844;39.93999862670898;40.03499984741211;21469;2020-09-29 11:30:00-04:00
40.040000915527344;40.18000030517578;40.0;40.18000030517578;36013;2020-09-29 12:30:00-04:00
40.16999816894531;40.36000061035156;40.13999938964844;40.290000915527344;12969;2020-09-29 13:30:00-04:00
40.25;40.36000061035156;40.18999862670898;40.31999969482422;18610;2020-09-29 14:30:00-04:00
40.31999969482422;40.33000183105469;40.15999984741211;40.2400016784668;27670;2020-09-29 15:30:00-04:00
40.52999877929688;40.720001220703125;40.31999969482422;40.70000076293945;19475;2020-09-30 09:30:00-04:00
40.67699813842773;40.720001220703125;40.5099983215332;40.5099983215332;8450;2020-09-30 10:30:00-04:00
40.47999954223633;40.619998931884766;40.41999816894531;40.619998931884766;10426;2020-09-30 11:30:00-04:00
40.630001068115234;40.630001068115234;40.52999877929688;40.52999877929688;4848;2020-09-30 12:30:00-04:00
40.52999877929688;40.65999984741211;40.470001220703125;40.47999954223633;17199;2020-09-30 13:30:00-04:00
40.470001220703125;40.52000045776367;40.369998931884766;40.459999084472656;22953;2020-09-30 14:30:00-04:00
40.470001220703125;40.53499984741211;40.380001068115234;40.470001220703125;18784;2020-09-30 15:30:00-04:00
40.59000015258789;40.70000076293945;40.2599983215332;40.2599983215332;26707;2020-10-01 09:30:00-04:00
40.25;40.36000061035156;40.209999084472656;40.25;50822;2020-10-01 10:30:00-04:00
40.2400016784668;40.34000015258789;40.220001220703125;40.29999923706055;43938;2020-10-01 11:30:00-04:00
40.29999923706055;40.400001525878906;40.27999877929688;40.36000061035156;12429;2020-10-01 12:30:00-04:00
40.36000061035156;40.459999084472656;40.25;40.290000915527344;13167;2020-10-01 13:30:00-04:00
40.33000183105469;40.36800003051758;40.18999862670898;40.20000076293945;14720;2020-10-01 14:30:00-04:00
40.22999954223633;40.310001373291016;40.150001525878906;40.310001373291016;19558;2020-10-01 15:30:00-04:00
39.720001220703125;40.22999954223633;39.720001220703125;40.119998931884766;8909;2020-10-02 09:30:00-04:00
40.20000076293945;40.25;39.90999984741211;40.19499969482422;28085;2020-10-02 10:30:00-04:00
40.18000030517578;40.220001220703125;39.970001220703125;39.97999954223633;30929;2020-10-02 11:30:00-04:00
40.05239868164063;40.18999862670898;39.97999954223633;40.11000061035156;18627;2020-10-02 12:30:00-04:00
40.130001068115234;40.18000030517578;40.02000045776367;40.130001068115234;11780;2020-10-02 13:30:00-04:00
40.09000015258789;40.11000061035156;39.95000076293945;39.95000076293945;29732;2020-10-02 14:30:00-04:00
40.025001525878906;40.06999969482422;39.959999084472656;40.040000915527344;15336;2020-10-02 15:30:00-04:00
40.29999923706055;40.46500015258789;40.18999862670898;40.2400016784668;20289;2020-10-05 09:30:00-04:00
40.2588996887207;40.5099983215332;40.2588996887207;40.43999862670898;39301;2020-10-05 10:30:00-04:00
40.41999816894531;40.459999084472656;40.31999969482422;40.459999084472656;30600;2020-10-05 11:30:00-04:00
40.4900016784668;40.70000076293945;40.4900016784668;40.650001525878906;16707;2020-10-05 12:30:00-04:00
40.68000030517578;40.68000030517578;40.54999923706055;40.59000015258789;11155;2020-10-05 13:30:00-04:00
40.58000183105469;40.79999923706055;40.57730102539063;40.77000045776367;27462;2020-10-05 14:30:00-04:00
40.790000915527344;40.810001373291016;40.70000076293945;40.810001373291016;20393;2020-10-05 15:30:00-04:00
41.209999084472656;41.45000076293945;41.11000061035156;41.18000030517578;23290;2020-10-06 09:30:00-04:00
41.209999084472656;41.36000061035156;41.209999084472656;41.29999923706055;14134;2020-10-06 10:30:00-04:00
41.31859970092773;41.31859970092773;41.04999923706055;41.08000183105469;7786;2020-10-06 11:30:00-04:00
41.04999923706055;41.20000076293945;41.0099983215332;41.20000076293945;14518;2020-10-06 12:30:00-04:00
41.150001525878906;41.251800537109375;41.11000061035156;41.209999084472656;8433;2020-10-06 13:30:00-04:00
41.209999084472656;41.310001373291016;40.84000015258789;40.880001068115234;21962;2020-10-06 14:30:00-04:00
40.90999984741211;41.040000915527344;40.81999969482422;40.84000015258789;15171;2020-10-06 15:30:00-04:00
41.02000045776367;41.02000045776367;40.77999877929688;40.869998931884766;10584;2020-10-07 09:30:00-04:00
40.84999847412109;40.94710159301758;40.83000183105469;40.900001525878906;11808;2020-10-07 10:30:00-04:00
40.869998931884766;40.93999862670898;40.85010147094727;40.8849983215332;4768;2020-10-07 11:30:00-04:00
40.87120056152344;40.91569900512695;40.84000015258789;40.900001525878906;9083;2020-10-07 12:30:00-04:00
40.89500045776367;40.98500061035156;40.84999847412109;40.98500061035156;3604;2020-10-07 13:30:00-04:00
41.02999877929688;41.084999084472656;41.0;41.05459976196289;7358;2020-10-07 14:30:00-04:00
41.060001373291016;41.060001373291016;40.93999862670898;41.040000915527344;23028;2020-10-07 15:30:00-04:00
41.150001525878906;41.25640106201172;41.05680084228516;41.209999084472656;12429;2020-10-08 09:30:00-04:00
41.22499847412109;41.29999923706055;41.13999938964844;41.13999938964844;11269;2020-10-08 10:30:00-04:00
41.18000030517578;41.34999847412109;41.15999984741211;41.25;3937;2020-10-08 11:30:00-04:00
41.31999969482422;41.33990097045898;41.22999954223633;41.25;8483;2020-10-08 12:30:00-04:00
41.25;41.380001068115234;41.2400016784668;41.380001068115234;14198;2020-10-08 13:30:00-04:00
41.34000015258789;41.43000030517578;41.34000015258789;41.369998931884766;9363;2020-10-08 14:30:00-04:00
41.380001068115234;41.43000030517578;41.34999847412109;41.36000061035156;18602;2020-10-08 15:30:00-04:00
41.29999923706055;41.29999923706055;40.93000030517578;40.93000030517578;22651;2020-10-09 09:30:00-04:00
40.93000030517578;41.02999877929688;40.91999816894531;40.93000030517578;13490;2020-10-09 10:30:00-04:00
40.93000030517578;41.08000183105469;40.91999816894531;40.970001220703125;20810;2020-10-09 11:30:00-04:00
40.970001220703125;41.0;40.86000061035156;40.8754997253418;16881;2020-10-09 12:30:00-04:00
40.880001068115234;40.90999984741211;40.83000183105469;40.869998931884766;11600;2020-10-09 13:30:00-04:00
40.88999938964844;40.92729949951172;40.84999847412109;40.915000915527344;16470;2020-10-09 14:30:00-04:00
40.900001525878906;40.91999816894531;40.81999969482422;40.869998931884766;9694;2020-10-09 15:30:00-04:00
40.90999984741211;41.209999084472656;40.880001068115234;41.07310104370117;28987;2020-10-12 09:30:00-04:00
41.02429962158203;41.27000045776367;41.0099983215332;41.2599983215332;18988;2020-10-12 10:30:00-04:00
41.27999877929688;41.41999816894531;41.22999954223633;41.41999816894531;23377;2020-10-12 11:30:00-04:00
41.41999816894531;41.43999862670898;41.380001068115234;41.43999862670898;7773;2020-10-12 12:30:00-04:00
41.43000030517578;41.43000030517578;41.380001068115234;41.43000030517578;16908;2020-10-12 13:30:00-04:00
41.43000030517578;41.43000030517578;41.36000061035156;41.40829849243164;13937;2020-10-12 14:30:00-04:00
41.41999816894531;41.42499923706055;41.31999969482422;41.31999969482422;18276;2020-10-12 15:30:00-04:00
41.36000061035156;41.5;41.33000183105469;41.43000030517578;31337;2020-10-13 09:30:00-04:00
41.45000076293945;41.470001220703125;41.27000045776367;41.36000061035156;29424;2020-10-13 10:30:00-04:00
41.33000183105469;41.400001525878906;41.30210113525391;41.34999847412109;12206;2020-10-13 11:30:00-04:00
41.369998931884766;41.45000076293945;41.34000015258789;41.400001525878906;9860;2020-10-13 12:30:00-04:00
41.400001525878906;41.45000076293945;41.36000061035156;41.380001068115234;12118;2020-10-13 13:30:00-04:00
41.34999847412109;41.4900016784668;41.31999969482422;41.47999954223633;20664;2020-10-13 14:30:00-04:00
41.470001220703125;41.47999954223633;41.400001525878906;41.45840072631836;28470;2020-10-13 15:30:00-04:00
39.56999969482422;39.59999847412109;39.2599983215332;39.2599983215332;57246;2020-10-14 09:30:00-04:00
39.25;39.45000076293945;39.25;39.3849983215332;29701;2020-10-14 10:30:00-04:00
39.3849983215332;39.41999816894531;39.06999969482422;39.18000030517578;26100;2020-10-14 11:30:00-04:00
39.20000076293945;39.29999923706055;39.09000015258789;39.18000030517578;20813;2020-10-14 12:30:00-04:00
39.15999984741211;39.2400016784668;39.13999938964844;39.13999938964844;17385;2020-10-14 13:30:00-04:00
39.130001068115234;39.220001220703125;39.09000015258789;39.150001525878906;28368;2020-10-14 14:30:00-04:00
39.150001525878906;39.20000076293945;39.150001525878906;39.16999816894531;29244;2020-10-14 15:30:00-04:00
38.70000076293945;39.0;38.470001220703125;38.68000030517578;23976;2020-10-15 09:30:00-04:00
38.65999984741211;38.846900939941406;38.650001525878906;38.709999084472656;16289;2020-10-15 10:30:00-04:00
38.72999954223633;38.869998931884766;38.68999862670898;38.709999084472656;8765;2020-10-15 11:30:00-04:00
38.709999084472656;38.86000061035156;38.65999984741211;38.86000061035156;14322;2020-10-15 12:30:00-04:00
38.8473014831543;38.880001068115234;38.7400016784668;38.880001068115234;15400;2020-10-15 13:30:00-04:00
38.880001068115234;38.900001525878906;38.810001373291016;38.900001525878906;14423;2020-10-15 14:30:00-04:00
38.88999938964844;38.970001220703125;38.83000183105469;38.95000076293945;24987;2020-10-15 15:30:00-04:00
38.83000183105469;38.95000076293945;38.68999862670898;38.869998931884766;18501;2020-10-16 09:30:00-04:00
38.880001068115234;39.0;38.84999847412109;39.0;12535;2020-10-16 10:30:00-04:00
39.0099983215332;39.09000015258789;39.0;39.0099983215332;7715;2020-10-16 11:30:00-04:00
39.0099983215332;39.025001525878906;38.900001525878906;38.90999984741211;15278;2020-10-16 12:30:00-04:00
38.91999816894531;38.9900016784668;38.88999938964844;38.95500183105469;9930;2020-10-16 13:30:00-04:00
38.93000030517578;38.935001373291016;38.790000915527344;38.79999923706055;11104;2020-10-16 14:30:00-04:00
38.81999969482422;38.900001525878906;38.79999923706055;38.84999847412109;22787;2020-10-16 15:30:00-04:00
38.90999984741211;39.04999923706055;38.84999847412109;38.93000030517578;19084;2020-10-19 09:30:00-04:00
39.0099983215332;39.0099983215332;38.8650016784668;38.88999938964844;11091;2020-10-19 10:30:00-04:00
38.89500045776367;38.95000076293945;38.83000183105469;38.93000030517578;23540;2020-10-19 11:30:00-04:00
38.91999816894531;38.95000076293945;38.900001525878906;38.91999816894531;18786;2020-10-19 12:30:00-04:00
38.90999984741211;38.90999984741211;38.75;38.84000015258789;29633;2020-10-19 13:30:00-04:00
38.84999847412109;38.84999847412109;38.630001068115234;38.70000076293945;28889;2020-10-19 14:30:00-04:00
38.709999084472656;38.72999954223633;38.630001068115234;38.68000030517578;30375;2020-10-19 15:30:00-04:00
38.5;38.5;38.35020065307617;38.400001525878906;16542;2020-10-20 09:30:00-04:00
38.400001525878906;38.470001220703125;38.27999877929688;38.33000183105469;13318;2020-10-20 10:30:00-04:00
38.310001373291016;38.34999847412109;38.27000045776367;38.30500030517578;12165;2020-10-20 11:30:00-04:00
38.369998931884766;38.459999084472656;38.369998931884766;38.43000030517578;5479;2020-10-20 12:30:00-04:00
38.41849899291992;38.47999954223633;38.380001068115234;38.47999954223633;6685;2020-10-20 13:30:00-04:00
38.4900016784668;38.5099983215332;38.29999923706055;38.40999984741211;15538;2020-10-20 14:30:00-04:00
38.40999984741211;38.41999816894531;38.29999923706055;38.33000183105469;25174;2020-10-20 15:30:00-04:00
38.369998931884766;38.5099983215332;38.290000915527344;38.5099983215332;12962;2020-10-21 09:30:00-04:00
38.57040023803711;38.58000183105469;38.25;38.310001373291016;17028;2020-10-21 10:30:00-04:00
38.33000183105469;38.470001220703125;38.33000183105469;38.400001525878906;8412;2020-10-21 11:30:00-04:00
38.34000015258789;38.38999938964844;38.27000045776367;38.33000183105469;7279;2020-10-21 12:30:00-04:00
38.33000183105469;38.34000015258789;38.27999877929688;38.31999969482422;7490;2020-10-21 13:30:00-04:00
38.310001373291016;38.31999969482422;38.22999954223633;38.2400016784668;9182;2020-10-21 14:30:00-04:00
38.2599983215332;38.2599983215332;38.18999862670898;38.18999862670898;19101;2020-10-21 15:30:00-04:00
38.56999969482422;38.76850128173828;38.56999969482422;38.68000030517578;105041;2020-10-22 09:30:00-04:00
38.65999984741211;38.93999862670898;38.65999984741211;38.86000061035156;14159;2020-10-22 10:30:00-04:00
38.83000183105469;38.83000183105469;38.709999084472656;38.780399322509766;14450;2020-10-22 11:30:00-04:00
38.810001373291016;38.88999938964844;38.77000045776367;38.81999969482422;15191;2020-10-22 12:30:00-04:00
38.79999923706055;38.86000061035156;38.720001220703125;38.790000915527344;22051;2020-10-22 13:30:00-04:00
38.81999969482422;38.900001525878906;38.79999923706055;38.84999847412109;39564;2020-10-22 14:30:00-04:00
38.869998931884766;39.0099983215332;38.869998931884766;39.0099983215332;22597;2020-10-22 15:30:00-04:00
40.880001068115234;41.290000915527344;40.84000015258789;40.93999862670898;75077;2020-10-23 09:30:00-04:00
40.96599960327149;40.9900016784668;40.880001068115234;40.90999984741211;32050;2020-10-23 10:30:00-04:00
40.9275016784668;40.959999084472656;40.84999847412109;40.86000061035156;6520;2020-10-23 11:30:00-04:00
40.84999847412109;40.97999954223633;40.84999847412109;40.90499877929688;11229;2020-10-23 12:30:00-04:00
40.88999938964844;40.90999984741211;40.83000183105469;40.88999938964844;25687;2020-10-23 13:30:00-04:00
40.890098571777344;40.919898986816406;40.869998931884766;40.869998931884766;15618;2020-10-23 14:30:00-04:00
40.88999938964844;41.040000915527344;40.88999938964844;41.040000915527344;20399;2020-10-23 15:30:00-04:00
40.52999877929688;40.900001525878906;40.52999877929688;40.720001220703125;14265;2020-10-26 09:30:00-04:00
40.619998931884766;40.68000030517578;40.47610092163086;40.52999877929688;14654;2020-10-26 10:30:00-04:00
40.4900016784668;40.61000061035156;40.47999954223633;40.60499954223633;8855;2020-10-26 11:30:00-04:00
40.59000015258789;40.592098236083984;40.45000076293945;40.45000076293945;5472;2020-10-26 12:30:00-04:00
40.40999984741211;40.540000915527344;40.369998931884766;40.540000915527344;7662;2020-10-26 13:30:00-04:00
40.560001373291016;40.63999938964844;40.52999877929688;40.63999938964844;6290;2020-10-26 14:30:00-04:00
40.650001525878906;40.77000045776367;40.630001068115234;40.77000045776367;23254;2020-10-26 15:30:00-04:00
40.400001525878906;40.540000915527344;40.21099853515625;40.23500061035156;14623;2020-10-27 09:30:00-04:00
40.27000045776367;40.400001525878906;40.27000045776367;40.3849983215332;8897;2020-10-27 10:30:00-04:00
40.38999938964844;40.52999877929688;40.380001068115234;40.52999877929688;11709;2020-10-27 11:30:00-04:00
40.52000045776367;40.52999877929688;40.43000030517578;40.52999877929688;8483;2020-10-27 12:30:00-04:00
40.560001373291016;40.63999938964844;40.53010177612305;40.59000015258789;10360;2020-10-27 13:30:00-04:00
40.59999847412109;40.63859939575195;40.52159881591797;40.52159881591797;10331;2020-10-27 14:30:00-04:00
40.54999923706055;40.59000015258789;40.4900016784668;40.560001373291016;15229;2020-10-27 15:30:00-04:00
39.18000030517578;39.18000030517578;38.63619995117188;38.70000076293945;20917;2020-10-28 09:30:00-04:00
38.650001525878906;38.79999923706055;38.5801010131836;38.70000076293945;7014;2020-10-28 10:30:00-04:00
38.810001373291016;38.93000030517578;38.650001525878906;38.77000045776367;19032;2020-10-28 11:30:00-04:00
38.790000915527344;38.85599899291992;38.619998931884766;38.71500015258789;12214;2020-10-28 12:30:00-04:00
38.720001220703125;38.75;38.619998931884766;38.720001220703125;19629;2020-10-28 13:30:00-04:00
38.744998931884766;38.811798095703125;38.650001525878906;38.78499984741211;12065;2020-10-28 14:30:00-04:00
38.72999954223633;38.77000045776367;38.63999938964844;38.66999816894531;20237;2020-10-28 15:30:00-04:00
38.75;39.130001068115234;38.59999847412109;39.04499816894531;11622;2020-10-29 09:30:00-04:00
39.11000061035156;39.209999084472656;38.97999954223633;38.97999954223633;12817;2020-10-29 10:30:00-04:00
38.90999984741211;38.97999954223633;38.720001220703125;38.81999969482422;14739;2020-10-29 11:30:00-04:00
38.84999847412109;38.9099006652832;38.80680084228516;38.880001068115234;3117;2020-10-29 12:30:00-04:00
38.91999816894531;39.09999847412109;38.83000183105469;39.060001373291016;10021;2020-10-29 13:30:00-04:00
39.02289962768555;39.09000015258789;38.93999862670898;38.93999862670898;11785;2020-10-29 14:30:00-04:00
39.0099983215332;39.11000061035156;39.0099983215332;39.060001373291016;33308;2020-10-29 15:30:00-04:00
39.130001068115234;39.18000030517578;38.95000076293945;39.040000915527344;26513;2020-10-30 09:30:00-04:00
39.040000915527344;39.11000061035156;38.97999954223633;39.040000915527344;21641;2020-10-30 10:30:00-04:00
39.0;39.17449951171875;39.0;39.16999816894531;17223;2020-10-30 11:30:00-04:00
39.18000030517578;39.18999862670898;39.08000183105469;39.18000030517578;10430;2020-10-30 12:30:00-04:00
39.18000030517578;39.290000915527344;39.130001068115234;39.20000076293945;24320;2020-10-30 13:30:00-04:00
39.18000030517578;39.220001220703125;39.09999847412109;39.18000030517578;16083;2020-10-30 14:30:00-04:00
39.16999816894531;39.33000183105469;39.16999816894531;39.33000183105469;28546;2020-10-30 15:30:00-04:00
40.119998931884766;40.31019973754883;39.93000030517578;40.09999847412109;22130;2020-11-02 09:30:00-05:00
40.09999847412109;40.41999816894531;40.04999923706055;40.40999984741211;14729;2020-11-02 10:30:00-05:00
40.40999984741211;40.68000030517578;40.31999969482422;40.650001525878906;25165;2020-11-02 11:30:00-05:00
40.65499877929688;40.72999954223633;40.58000183105469;40.58000183105469;15392;2020-11-02 12:30:00-05:00
40.650001525878906;40.869998931884766;40.619998931884766;40.869998931884766;29653;2020-11-02 13:30:00-05:00
40.880001068115234;40.970001220703125;40.79999923706055;40.90999984741211;18385;2020-11-02 14:30:00-05:00
40.880001068115234;40.91999816894531;40.709999084472656;40.7400016784668;27525;2020-11-02 15:30:00-05:00
41.02000045776367;41.470001220703125;40.900001525878906;41.470001220703125;22657;2020-11-03 09:30:00-05:00
41.47829818725586;41.61000061035156;41.38999938964844;41.51290130615234;15626;2020-11-03 10:30:00-05:00
41.525001525878906;41.650001525878906;41.48789978027344;41.560001373291016;17188;2020-11-03 11:30:00-05:00
41.540000915527344;41.59000015258789;41.47999954223633;41.56999969482422;9257;2020-11-03 12:30:00-05:00
41.56999969482422;41.56999969482422;41.43000030517578;41.45000076293945;7258;2020-11-03 13:30:00-05:00
41.45000076293945;41.59000015258789;41.34000015258789;41.470001220703125;23743;2020-11-03 14:30:00-05:00
41.44499969482422;41.650001525878906;41.44499969482422;41.54999923706055;33175;2020-11-03 15:30:00-05:00
41.060001373291016;41.20000076293945;40.54999923706055;41.14500045776367;27947;2020-11-04 09:30:00-05:00
41.150001525878906;41.38999938964844;41.130001068115234;41.2400016784668;18389;2020-11-04 10:30:00-05:00
41.27000045776367;41.45330047607422;41.2400016784668;41.34999847412109;14172;2020-11-04 11:30:00-05:00
41.459999084472656;41.459999084472656;41.310001373291016;41.310001373291016;7000;2020-11-04 12:30:00-05:00
41.35499954223633;41.540000915527344;41.18000030517578;41.20000076293945;39362;2020-11-04 13:30:00-05:00
41.220001220703125;41.2400016784668;41.09999847412109;41.125;15147;2020-11-04 14:30:00-05:00
41.125;41.125;40.84000015258789;40.93000030517578;35021;2020-11-04 15:30:00-05:00
41.2400016784668;41.41999816894531;41.040000915527344;41.29999923706055;21276;2020-11-05 09:30:00-05:00
41.209999084472656;41.2599983215332;41.02999877929688;41.13999938964844;12522;2020-11-05 10:30:00-05:00
41.19300079345703;41.19300079345703;41.09999847412109;41.09999847412109;6038;2020-11-05 11:30:00-05:00
41.08000183105469;41.36000061035156;41.06999969482422;41.34000015258789;22333;2020-11-05 12:30:00-05:00
41.38999938964844;41.45000076293945;41.27999877929688;41.290000915527344;27136;2020-11-05 13:30:00-05:00
41.28549957275391;41.34000015258789;41.22999954223633;41.2599983215332;19068;2020-11-05 14:30:00-05:00
41.2599983215332;41.2599983215332;41.119998931884766;41.2400016784668;20298;2020-11-05 15:30:00-05:00
41.36000061035156;41.43999862670898;41.209999084472656;41.34999847412109;13891;2020-11-06 09:30:00-05:00
41.34999847412109;41.47999954223633;41.2400016784668;41.34099960327149;9122;2020-11-06 10:30:00-05:00
41.34999847412109;41.47999954223633;41.290000915527344;41.43000030517578;8970;2020-11-06 11:30:00-05:00
41.42499923706055;41.47999954223633;41.40999984741211;41.47999954223633;12523;2020-11-06 12:30:00-05:00
41.5099983215332;41.560001373291016;41.47010040283203;41.54999923706055;5149;2020-11-06 13:30:00-05:00
41.54999923706055;41.54999923706055;41.45000076293945;41.5099983215332;10981;2020-11-06 14:30:00-05:00
41.595001220703125;41.650001525878906;41.54499816894531;41.56999969482422;11848;2020-11-06 15:30:00-05:00
43.18000030517578;44.09000015258789;43.18000030517578;43.869998931884766;64867;2020-11-09 09:30:00-05:00
43.88999938964844;44.08000183105469;43.8650016784668;43.9900016784668;35133;2020-11-09 10:30:00-05:00
43.95000076293945;44.34999847412109;43.900001525878906;44.34000015258789;18289;2020-11-09 11:30:00-05:00
44.31999969482422;44.56999969482422;44.27999877929688;44.4900016784668;25368;2020-11-09 12:30:00-05:00
44.5099983215332;44.560001373291016;44.32500076293945;44.5;16785;2020-11-09 13:30:00-05:00
44.400001525878906;44.52000045776367;44.31100082397461;44.38999938964844;18370;2020-11-09 14:30:00-05:00
44.43999862670898;44.47999954223633;44.02000045776367;44.06999969482422;37886;2020-11-09 15:30:00-05:00
45.290000915527344;45.90999984741211;45.290000915527344;45.84999847412109;48682;2020-11-10 09:30:00-05:00
45.869998931884766;45.900001525878906;45.68000030517578;45.87990188598633;15016;2020-11-10 10:30:00-05:00
45.869998931884766;46.220001220703125;45.81100082397461;46.209999084472656;55945;2020-11-10 11:30:00-05:00
46.220001220703125;46.33000183105469;46.060001373291016;46.095001220703125;15083;2020-11-10 12:30:00-05:00
46.071998596191406;46.290000915527344;46.055999755859375;46.209999084472656;17451;2020-11-10 13:30:00-05:00
46.20000076293945;46.27999877929688;46.150001525878906;46.22999954223633;21350;2020-11-10 14:30:00-05:00
46.18999862670898;46.220001220703125;46.060001373291016;46.09999847412109;38578;2020-11-10 15:30:00-05:00
47.09999847412109;47.507598876953125;47.09999847412109;47.150001525878906;36718;2020-11-11 09:30:00-05:00
47.15999984741211;47.17219924926758;46.97999954223633;47.060001373291016;12533;2020-11-11 10:30:00-05:00
47.060001373291016;47.060001373291016;46.810001373291016;46.86000061035156;10989;2020-11-11 11:30:00-05:00
46.845001220703125;46.95000076293945;46.81999969482422;46.81999969482422;10559;2020-11-11 12:30:00-05:00
46.869998931884766;47.0;46.790000915527344;46.790000915527344;21288;2020-11-11 13:30:00-05:00
46.77999877929688;46.83000183105469;46.619998931884766;46.650001525878906;16012;2020-11-11 14:30:00-05:00
46.63999938964844;46.720001220703125;46.630001068115234;46.720001220703125;18448;2020-11-11 15:30:00-05:00
46.380001068115234;46.47999954223633;46.12099838256836;46.2599983215332;11954;2020-11-12 09:30:00-05:00
46.380001068115234;46.38999938964844;46.2599983215332;46.34000015258789;5906;2020-11-12 10:30:00-05:00
46.25;46.27999877929688;46.130001068115234;46.20000076293945;7075;2020-11-12 11:30:00-05:00
46.150001525878906;46.150001525878906;45.85010147094727;45.95000076293945;17905;2020-11-12 12:30:00-05:00
45.93999862670898;45.959999084472656;45.709999084472656;45.709999084472656;5932;2020-11-12 13:30:00-05:00
45.709999084472656;45.810001373291016;45.59999847412109;45.72999954223633;18701;2020-11-12 14:30:00-05:00
45.709999084472656;45.84999847412109;45.65999984741211;45.84999847412109;20029;2020-11-12 15:30:00-05:00
45.459999084472656;45.459999084472656;45.150001525878906;45.380001068115234;28765;2020-11-13 09:30:00-05:00
45.369998931884766;45.400001525878906;45.2599983215332;45.27040100097656;13363;2020-11-13 10:30:00-05:00
45.30500030517578;45.46989822387695;45.290000915527344;45.43000030517578;7096;2020-11-13 11:30:00-05:00
45.40999984741211;45.63999938964844;45.40999984741211;45.54059982299805;13831;2020-11-13 12:30:00-05:00
45.56499862670898;45.60499954223633;45.47999954223633;45.540000915527344;9627;2020-11-13 13:30:00-05:00
45.54999923706055;45.54999923706055;45.45000076293945;45.45000076293945;14127;2020-11-13 14:30:00-05:00
45.49340057373047;45.58000183105469;45.459999084472656;45.54999923706055;22541;2020-11-13 15:30:00-05:00
46.52000045776367;46.70500183105469;46.33000183105469;46.68000030517578;23170;2020-11-16 09:30:00-05:00
46.66999816894531;46.84999847412109;46.65999984741211;46.84999847412109;18955;2020-11-16 10:30:00-05:00
46.81999969482422;46.91999816894531;46.79999923706055;46.869998931884766;14144;2020-11-16 11:30:00-05:00
46.84999847412109;46.86000061035156;46.79999923706055;46.80500030517578;7079;2020-11-16 12:30:00-05:00
46.77999877929688;46.77999877929688;46.61000061035156;46.75;13093;2020-11-16 13:30:00-05:00
46.75;46.79999923706055;46.68000030517578;46.720001220703125;19471;2020-11-16 14:30:00-05:00
46.70399856567383;46.84999847412109;46.70399856567383;46.84999847412109;20695;2020-11-16 15:30:00-05:00
46.43999862670898;46.68999862670898;46.15700149536133;46.66999816894531;20406;2020-11-17 09:30:00-05:00
46.630001068115234;46.95000076293945;46.61000061035156;46.91999816894531;13290;2020-11-17 10:30:00-05:00
46.93000030517578;47.0;46.84000015258789;47.0;10347;2020-11-17 11:30:00-05:00
46.959999084472656;47.060001373291016;46.91999816894531;46.96500015258789;9400;2020-11-17 12:30:00-05:00
46.959999084472656;47.060001373291016;46.900001525878906;47.0099983215332;8665;2020-11-17 13:30:00-05:00
47.02000045776367;47.060001373291016;46.90999984741211;46.93000030517578;23590;2020-11-17 14:30:00-05:00
46.93880081176758;47.06999969482422;46.93000030517578;47.060001373291016;27078;2020-11-17 15:30:00-05:00
46.880001068115234;46.880001068115234;46.470001220703125;46.77999877929688;39153;2020-11-18 09:30:00-05:00
46.720001220703125;46.79999923706055;46.59000015258789;46.790000915527344;8253;2020-11-18 10:30:00-05:00
46.720001220703125;46.79999923706055;46.709999084472656;46.709999084472656;8176;2020-11-18 11:30:00-05:00
46.709999084472656;46.78499984741211;46.70000076293945;46.72999954223633;7846;2020-11-18 12:30:00-05:00
46.75;46.755001068115234;46.43000030517578;46.43999862670898;30958;2020-11-18 13:30:00-05:00
46.43000030517578;46.5;46.369998931884766;46.494998931884766;24160;2020-11-18 14:30:00-05:00
46.43999862670898;46.43999862670898;46.130001068115234;46.22999954223633;25486;2020-11-18 15:30:00-05:00
45.790000915527344;46.09999847412109;45.72869873046875;46.0;32410;2020-11-19 09:30:00-05:00
45.9900016784668;46.16999816894531;45.959999084472656;46.0099983215332;52932;2020-11-19 10:30:00-05:00
46.0;46.16999816894531;45.970001220703125;46.11000061035156;47006;2020-11-19 11:30:00-05:00
46.11000061035156;46.15999984741211;46.06999969482422;46.119998931884766;33007;2020-11-19 12:30:00-05:00
46.09000015258789;46.119998931884766;46.02999877929688;46.11000061035156;23710;2020-11-19 13:30:00-05:00
46.11000061035156;46.15999984741211;46.040000915527344;46.04999923706055;28579;2020-11-19 14:30:00-05:00
46.08000183105469;46.150001525878906;45.959999084472656;46.040000915527344;54233;2020-11-19 15:30:00-05:00
45.470001220703125;45.470001220703125;45.09999847412109;45.18999862670898;41347;2020-11-20 09:30:00-05:00
45.220001220703125;45.310001373291016;45.150001525878906;45.209999084472656;53391;2020-11-20 10:30:00-05:00
45.209999084472656;45.31999969482422;45.18999862670898;45.2599983215332;31973;2020-11-20 11:30:00-05:00
45.2599983215332;45.33000183105469;45.22999954223633;45.33000183105469;37863;2020-11-20 12:30:00-05:00
45.310001373291016;45.40999984741211;45.27999877929688;45.400001525878906;19066;2020-11-20 13:30:00-05:00
45.40999984741211;45.59820175170898;45.400001525878906;45.5099983215332;43638;2020-11-20 14:30:00-05:00
45.505001068115234;45.61000061035156;45.47999954223633;45.56999969482422;64474;2020-11-20 15:30:00-05:00
45.95000076293945;46.13999938964844;45.84999847412109;46.119998931884766;68444;2020-11-23 09:30:00-05:00
46.11000061035156;46.27999877929688;46.09999847412109;46.22999954223633;10117;2020-11-23 10:30:00-05:00
46.25;46.540000915527344;46.22999954223633;46.459999084472656;33439;2020-11-23 11:30:00-05:00
46.5;46.5;46.43999862670898;46.5;44066;2020-11-23 12:30:00-05:00
46.47999954223633;46.68000030517578;46.459999084472656;46.52999877929688;31333;2020-11-23 13:30:00-05:00
46.560001373291016;46.56999969482422;46.43999862670898;46.43999862670898;30636;2020-11-23 14:30:00-05:00
46.43000030517578;46.52000045776367;46.36000061035156;46.41999816894531;100042;2020-11-23 15:30:00-05:00
46.29999923706055;46.650001525878906;46.20000076293945;46.59999847412109;62053;2020-11-24 09:30:00-05:00
46.650001525878906;46.97999954223633;46.5099983215332;46.93999862670898;55876;2020-11-24 10:30:00-05:00
46.90999984741211;47.040000915527344;46.810001373291016;46.994998931884766;21199;2020-11-24 11:30:00-05:00
47.0099983215332;47.0099983215332;46.779598236083984;46.810001373291016;35957;2020-11-24 12:30:00-05:00
46.810001373291016;46.84999847412109;46.650001525878906;46.7599983215332;31425;2020-11-24 13:30:00-05:00
46.7599983215332;46.83000183105469;46.70000076293945;46.77999877929688;22123;2020-11-24 14:30:00-05:00
46.7599983215332;46.84000015258789;46.720001220703125;46.720001220703125;62114;2020-11-24 15:30:00-05:00
46.75;47.119998931884766;46.75;47.02000045776367;30434;2020-11-25 09:30:00-05:00
47.0;47.29999923706055;47.0;47.2599983215332;20648;2020-11-25 10:30:00-05:00
47.22999954223633;47.27999877929688;47.185001373291016;47.2400016784668;12932;2020-11-25 11:30:00-05:00
47.25;47.31999969482422;47.22999954223633;47.290000915527344;13118;2020-11-25 12:30:00-05:00
47.310001373291016;47.5;47.275001525878906;47.5;26713;2020-11-25 13:30:00-05:00
47.45000076293945;47.56999969482422;47.40999984741211;47.56999969482422;43907;2020-11-25 14:30:00-05:00
47.56999969482422;47.58000183105469;47.459999084472656;47.5099983215332;60526;2020-11-25 15:30:00-05:00
48.20000076293945;48.79999923706055;48.02000045776367;48.650001525878906;48305;2020-11-27 09:30:00-05:00
48.68000030517578;48.77000045776367;48.619998931884766;48.7400016784668;17964;2020-11-27 10:30:00-05:00
48.70000076293945;48.70000076293945;48.119998931884766;48.15999984741211;31555;2020-11-27 11:30:00-05:00
48.130001068115234;48.220001220703125;48.02999877929688;48.09999847412109;0;2020-11-27 13:00:00-05:00
46.18000030517578;46.18000030517578;45.52000045776367;45.54999923706055;65750;2020-11-30 09:30:00-05:00
45.54999923706055;45.54999923706055;45.20000076293945;45.2599983215332;67742;2020-11-30 10:30:00-05:00
45.2599983215332;45.290000915527344;45.119998931884766;45.13999938964844;32746;2020-11-30 11:30:00-05:00
45.15999984741211;45.290000915527344;45.130001068115234;45.22999954223633;29483;2020-11-30 12:30:00-05:00
45.18999862670898;45.630001068115234;45.06999969482422;45.27999877929688;56477;2020-11-30 13:30:00-05:00
45.29499816894531;45.31999969482422;45.15999984741211;45.16999816894531;40483;2020-11-30 14:30:00-05:00
45.13999938964844;45.165000915527344;45.0;45.08000183105469;64065;2020-11-30 15:30:00-05:00
46.0;46.150001525878906;45.810001373291016;46.01390075683594;28654;2020-12-01 09:30:00-05:00
46.040000915527344;46.040000915527344;45.900001525878906;45.959999084472656;13936;2020-12-01 10:30:00-05:00
45.95989990234375;45.959999084472656;45.619998931884766;45.619998931884766;23238;2020-12-01 11:30:00-05:00
45.68000030517578;45.7599983215332;45.61000061035156;45.65999984741211;15160;2020-12-01 12:30:00-05:00
45.61000061035156;45.70000076293945;45.59000015258789;45.68000030517578;16744;2020-12-01 13:30:00-05:00
45.685001373291016;45.720001220703125;45.630001068115234;45.66360092163086;18610;2020-12-01 14:30:00-05:00
45.68000030517578;45.68999862670898;45.56999969482422;45.63999938964844;45843;2020-12-01 15:30:00-05:00
46.59000015258789;46.91999816894531;46.5801010131836;46.86000061035156;16556;2020-12-02 09:30:00-05:00
46.90999984741211;47.18000030517578;46.89360046386719;47.08000183105469;7420;2020-12-02 10:30:00-05:00
47.095001220703125;47.369998931884766;47.060001373291016;47.34460067749024;14458;2020-12-02 11:30:00-05:00
47.34999847412109;47.41999816894531;47.17549896240234;47.21500015258789;10798;2020-12-02 12:30:00-05:00
47.18000030517578;47.20000076293945;47.02000045776367;47.11000061035156;8069;2020-12-02 13:30:00-05:00
47.06999969482422;47.2400016784668;47.05099868774414;47.084999084472656;19966;2020-12-02 14:30:00-05:00
47.11000061035156;47.16999816894531;47.0099983215332;47.130001068115234;28862;2020-12-02 15:30:00-05:00
47.150001525878906;47.27000045776367;46.66999816894531;46.744998931884766;13698;2020-12-03 09:30:00-05:00
46.720001220703125;46.88719940185547;46.709999084472656;46.855201721191406;8367;2020-12-03 10:30:00-05:00
46.81999969482422;46.869998931884766;46.65999984741211;46.66999816894531;10069;2020-12-03 11:30:00-05:00
46.720001220703125;46.7599983215332;46.66999816894531;46.70000076293945;14679;2020-12-03 12:30:00-05:00
46.709999084472656;46.720001220703125;46.59999847412109;46.68000030517578;12449;2020-12-03 13:30:00-05:00
46.68000030517578;46.82099914550781;46.619998931884766;46.775001525878906;28269;2020-12-03 14:30:00-05:00
46.790000915527344;46.790000915527344;46.470001220703125;46.52999877929688;29278;2020-12-03 15:30:00-05:00
46.0099983215332;46.220001220703125;45.9010009765625;46.20800018310547;0;2020-12-04 09:30:00-05:00
46.220001220703125;46.27999877929688;45.970001220703125;46.00400161743164;19196;2020-12-04 10:30:00-05:00
46.040000915527344;46.22999954223633;46.040000915527344;46.13999938964844;37191;2020-12-04 11:30:00-05:00
46.15999984741211;46.15999984741211;46.04999923706055;46.119998931884766;10227;2020-12-04 12:30:00-05:00
46.060001373291016;46.16999816894531;46.05009841918945;46.119998931884766;9025;2020-12-04 13:30:00-05:00
46.12960052490234;46.12960052490234;46.0;46.027000427246094;13655;2020-12-04 14:30:00-05:00
46.04999923706055;46.150001525878906;46.02000045776367;46.119998931884766;56573;2020-12-04 15:30:00-05:00
45.97999954223633;46.119998931884766;45.81999969482422;45.935001373291016;35044;2020-12-07 09:30:00-05:00
45.959999084472656;46.20000076293945;45.959999084472656;46.165000915527344;13875;2020-12-07 10:30:00-05:00
46.09999847412109;46.11000061035156;45.970001220703125;46.04999923706055;15335;2020-12-07 11:30:00-05:00
46.04999923706055;46.06999969482422;45.959999084472656;45.9900016784668;8605;2020-12-07 12:30:00-05:00
45.93999862670898;46.04999923706055;45.84000015258789;45.88999938964844;67165;2020-12-07 13:30:00-05:00
45.880001068115234;46.0;45.84529876708984;45.97999954223633;27203;2020-12-07 14:30:00-05:00
45.95500183105469;46.02000045776367;45.900001525878906;45.90999984741211;53651;2020-12-07 15:30:00-05:00
44.13999938964844;44.25;43.915000915527344;44.0;102027;2020-12-08 09:30:00-05:00
44.02999877929688;44.119998931884766;43.98400115966797;44.06499862670898;30114;2020-12-08 10:30:00-05:00
44.09999847412109;44.09999847412109;43.959999084472656;44.0;25912;2020-12-08 11:30:00-05:00
44.04999923706055;44.04999923706055;43.900001525878906;43.93999862670898;29036;2020-12-08 12:30:00-05:00
43.93000030517578;43.994998931884766;43.91999816894531;43.959999084472656;26416;2020-12-08 13:30:00-05:00
43.95000076293945;44.0099983215332;43.915000915527344;44.0;18686;2020-12-08 14:30:00-05:00
44.06999969482422;44.06999969482422;43.93999862670898;43.93999862670898;22494;2020-12-08 15:30:00-05:00
43.75;43.75;43.31999969482422;43.369998931884766;35977;2020-12-09 09:30:00-05:00
43.33000183105469;43.34999847412109;43.08000183105469;43.150001525878906;26886;2020-12-09 10:30:00-05:00
43.11000061035156;43.209999084472656;43.06999969482422;43.130001068115234;11234;2020-12-09 11:30:00-05:00
43.130001068115234;43.1349983215332;43.040000915527344;43.060001373291016;22904;2020-12-09 12:30:00-05:00
43.04999923706055;43.11000061035156;42.91999816894531;43.08000183105469;25670;2020-12-09 13:30:00-05:00
43.09999847412109;43.119998931884766;42.98500061035156;43.084999084472656;84054;2020-12-09 14:30:00-05:00
43.08000183105469;43.2400016784668;43.08000183105469;43.130001068115234;51188;2020-12-09 15:30:00-05:00
43.18999862670898;43.400001525878906;43.060001373291016;43.310001373291016;54231;2020-12-10 09:30:00-05:00
43.31999969482422;43.77999877929688;43.290000915527344;43.7400016784668;56123;2020-12-10 10:30:00-05:00
43.709999084472656;43.77000045776367;43.47999954223633;43.52999877929688;22669;2020-12-10 11:30:00-05:00
43.494998931884766;43.5;43.34999847412109;43.34999847412109;14080;2020-12-10 12:30:00-05:00
43.36000061035156;43.41999816894531;43.20000076293945;43.20000076293945;48362;2020-12-10 13:30:00-05:00
43.18999862670898;43.380001068115234;43.09999847412109;43.33000183105469;56350;2020-12-10 14:30:00-05:00
43.34000015258789;43.43999862670898;43.34000015258789;43.34999847412109;34907;2020-12-10 15:30:00-05:00
44.27000045776367;44.369998931884766;44.130001068115234;44.209999084472656;97986;2020-12-11 09:30:00-05:00
44.220001220703125;44.220001220703125;43.880001068115234;44.02000045776367;118438;2020-12-11 10:30:00-05:00
44.02000045776367;44.09000015258789;43.970001220703125;44.0099983215332;63444;2020-12-11 11:30:00-05:00
44.02000045776367;44.05500030517578;43.97999954223633;44.040000915527344;12250;2020-12-11 12:30:00-05:00
44.04999923706055;44.22999954223633;44.040000915527344;44.13999938964844;19215;2020-12-11 13:30:00-05:00
44.1150016784668;44.16999816894531;44.08000183105469;44.156700134277344;11533;2020-12-11 14:30:00-05:00
44.15999984741211;44.290000915527344;44.15999984741211;44.2599983215332;28649;2020-12-11 15:30:00-05:00
44.790000915527344;44.790000915527344;44.31999969482422;44.380001068115234;48554;2020-12-14 09:30:00-05:00
44.400001525878906;44.400001525878906;44.0;44.05500030517578;31689;2020-12-14 10:30:00-05:00
44.0099983215332;44.09000015258789;43.959999084472656;44.0099983215332;13167;2020-12-14 11:30:00-05:00
44.02999877929688;44.08000183105469;43.91999816894531;44.060001373291016;22192;2020-12-14 12:30:00-05:00
44.06499862670898;44.165000915527344;43.97999954223633;44.14879989624024;20719;2020-12-14 13:30:00-05:00
44.130001068115234;44.27000045776367;44.11000061035156;44.27000045776367;23837;2020-12-14 14:30:00-05:00
44.244998931884766;44.24620056152344;44.09999847412109;44.09999847412109;32844;2020-12-14 15:30:00-05:00
44.29999923706055;44.43000030517578;44.11000061035156;44.23030090332031;44923;2020-12-15 09:30:00-05:00
44.209999084472656;44.34999847412109;44.18000030517578;44.31999969482422;13744;2020-12-15 10:30:00-05:00
44.29999923706055;44.45000076293945;44.25;44.45000076293945;10849;2020-12-15 11:30:00-05:00
44.459999084472656;44.540000915527344;44.41999816894531;44.47999954223633;16782;2020-12-15 12:30:00-05:00
44.45000076293945;44.49990081787109;44.31999969482422;44.41999816894531;25834;2020-12-15 13:30:00-05:00
44.41999816894531;44.4900016784668;44.290000915527344;44.310001373291016;14496;2020-12-15 14:30:00-05:00
44.290000915527344;44.36000061035156;44.220001220703125;44.27000045776367;29604;2020-12-15 15:30:00-05:00
44.470001220703125;44.619998931884766;44.220001220703125;44.47999954223633;17010;2020-12-16 09:30:00-05:00
44.47999954223633;44.52999877929688;44.36000061035156;44.5;17545;2020-12-16 10:30:00-05:00
44.43999862670898;45.209999084472656;44.41999816894531;44.97499847412109;59127;2020-12-16 11:30:00-05:00
44.97999954223633;45.02999877929688;44.84999847412109;44.8650016784668;17608;2020-12-16 12:30:00-05:00
44.86000061035156;44.880001068115234;44.52999877929688;44.57870101928711;45503;2020-12-16 13:30:00-05:00
44.59999847412109;44.65999984741211;44.5099983215332;44.5099983215332;48837;2020-12-16 14:30:00-05:00
44.5099983215332;44.540000915527344;44.38999938964844;44.38999938964844;63641;2020-12-16 15:30:00-05:00
44.5099983215332;44.52000045776367;44.04999923706055;44.09000015258789;35982;2020-12-17 09:30:00-05:00
44.06999969482422;44.2400016784668;43.9900016784668;44.220001220703125;36265;2020-12-17 10:30:00-05:00
44.25;44.52000045776367;44.22200012207031;44.52000045776367;28025;2020-12-17 11:30:00-05:00
44.45000076293945;44.5099983215332;44.400001525878906;44.41659927368164;26495;2020-12-17 12:30:00-05:00
44.41999816894531;44.470001220703125;44.375;44.459999084472656;18565;2020-12-17 13:30:00-05:00
44.45000076293945;44.57979965209961;44.45000076293945;44.4900016784668;21774;2020-12-17 14:30:00-05:00
44.47999954223633;44.58000183105469;44.470001220703125;44.56999969482422;31103;2020-12-17 15:30:00-05:00
44.81999969482422;44.86989974975586;44.72999954223633;44.790000915527344;18680;2020-12-18 09:30:00-05:00
44.7400016784668;44.83000183105469;44.67010116577149;44.810001373291016;11407;2020-12-18 10:30:00-05:00
44.790000915527344;44.81679916381836;44.709999084472656;44.77000045776367;12746;2020-12-18 11:30:00-05:00
44.790000915527344;44.84999847412109;44.72999954223633;44.72999954223633;14218;2020-12-18 12:30:00-05:00
44.7599983215332;44.79999923706055;44.619998931884766;44.650001525878906;22590;2020-12-18 13:30:00-05:00
44.650001525878906;44.73500061035156;44.61000061035156;44.68000030517578;21736;2020-12-18 14:30:00-05:00
44.68000030517578;44.970001220703125;44.68000030517578;44.90999984741211;66574;2020-12-18 15:30:00-05:00
44.09000015258789;44.09000015258789;43.5;43.65999984741211;70168;2020-12-21 09:30:00-05:00
43.709999084472656;43.869998931884766;43.58000183105469;43.77999877929688;23143;2020-12-21 10:30:00-05:00
43.7599983215332;43.7599983215332;43.619998931884766;43.625;15040;2020-12-21 11:30:00-05:00
43.630001068115234;43.790000915527344;43.58000183105469;43.7400016784668;15914;2020-12-21 12:30:00-05:00
43.73500061035156;43.93999862670898;43.72999954223633;43.93999862670898;13009;2020-12-21 13:30:00-05:00
43.93999862670898;44.02000045776367;43.84999847412109;43.869998931884766;37261;2020-12-21 14:30:00-05:00
43.869998931884766;43.880001068115234;43.77000045776367;43.810001373291016;33932;2020-12-21 15:30:00-05:00
43.59000015258789;43.68000030517578;43.29999923706055;43.560001373291016;29335;2020-12-22 09:30:00-05:00
43.52000045776367;43.59000015258789;43.43999862670898;43.560001373291016;20869;2020-12-22 10:30:00-05:00
43.4900016784668;43.54499816894531;43.34999847412109;43.3650016784668;32013;2020-12-22 11:30:00-05:00
43.35910034179688;43.43999862670898;43.33000183105469;43.42499923706055;19342;2020-12-22 12:30:00-05:00
43.400001525878906;43.41999816894531;43.36000061035156;43.369998931884766;14526;2020-12-22 13:30:00-05:00
43.369998931884766;43.369998931884766;43.18000030517578;43.18999862670898;21166;2020-12-22 14:30:00-05:00
43.19499969482422;43.34000015258789;43.18999862670898;43.31999969482422;29186;2020-12-22 15:30:00-05:00
43.63999938964844;43.869998931884766;43.47999954223633;43.54999923706055;175158;2020-12-23 09:30:00-05:00
43.68999862670898;43.810001373291016;43.65999984741211;43.77000045776367;17386;2020-12-23 10:30:00-05:00
43.810001373291016;43.84000015258789;43.70000076293945;43.720001220703125;17577;2020-12-23 11:30:00-05:00
43.720001220703125;43.83000183105469;43.65999984741211;43.77999877929688;18198;2020-12-23 12:30:00-05:00
43.77000045776367;43.790000915527344;43.630001068115234;43.65280151367188;24406;2020-12-23 13:30:00-05:00
43.65999984741211;43.83000183105469;43.63999938964844;43.790000915527344;14653;2020-12-23 14:30:00-05:00
43.77999877929688;43.81999969482422;43.68999862670898;43.70000076293945;39110;2020-12-23 15:30:00-05:00
44.0;44.0;43.75;43.9900016784668;26456;2020-12-24 09:30:00-05:00
43.93999862670898;44.290000915527344;43.92499923706055;44.290000915527344;28188;2020-12-24 10:30:00-05:00
44.27999877929688;44.470001220703125;44.27000045776367;44.45000076293945;27014;2020-12-24 11:30:00-05:00
44.470001220703125;44.630001068115234;44.43000030517578;44.43999862670898;31224;2020-12-24 13:00:00-05:00
45.02000045776367;45.47999954223633;45.0099983215332;45.27000045776367;0;2020-12-28 09:30:00-05:00
45.2599983215332;45.400001525878906;45.16999816894531;45.310001373291016;21165;2020-12-28 10:30:00-05:00
45.310001373291016;45.36000061035156;45.25;45.30500030517578;20998;2020-12-28 11:30:00-05:00
45.310001373291016;45.31999969482422;45.220001220703125;45.220001220703125;25368;2020-12-28 12:30:00-05:00
45.209999084472656;45.2599983215332;45.17100143432617;45.20709991455078;20814;2020-12-28 13:30:00-05:00
45.20000076293945;45.220001220703125;45.13999938964844;45.16999816894531;13034;2020-12-28 14:30:00-05:00
45.18000030517578;45.2400016784668;45.119998931884766;45.16999816894531;60263;2020-12-28 15:30:00-05:00
45.31999969482422;45.43999862670898;45.18999862670898;45.34999847412109;28594;2020-12-29 09:30:00-05:00
45.29999923706055;45.459999084472656;45.18999862670898;45.38079833984375;14641;2020-12-29 10:30:00-05:00
45.3849983215332;45.3849983215332;45.119998931884766;45.150001525878906;15869;2020-12-29 11:30:00-05:00
45.11000061035156;45.18999862670898;44.97999954223633;45.15999984741211;28618;2020-12-29 12:30:00-05:00
45.130001068115234;45.25;45.09000015258789;45.09669876098633;10397;2020-12-29 13:30:00-05:00
45.109500885009766;45.310001373291016;45.060001373291016;45.21500015258789;17648;2020-12-29 14:30:00-05:00
45.27000045776367;45.27999877929688;45.04999923706055;45.11000061035156;49137;2020-12-29 15:30:00-05:00
45.220001220703125;45.51499938964844;45.18000030517578;45.40399932861328;35571;2020-12-30 09:30:00-05:00
45.4634017944336;45.519901275634766;45.20000076293945;45.20000076293945;14843;2020-12-30 10:30:00-05:00
45.20500183105469;45.34000015258789;45.18000030517578;45.310001373291016;15214;2020-12-30 11:30:00-05:00
45.29100036621094;45.29999923706055;45.22999954223633;45.29999923706055;16867;2020-12-30 12:30:00-05:00
45.28499984741211;45.290000915527344;45.20000076293945;45.2400016784668;16379;2020-12-30 13:30:00-05:00
45.209999084472656;45.23680114746094;45.14500045776367;45.150001525878906;14428;2020-12-30 14:30:00-05:00
45.15999984741211;45.27999877929688;45.15999984741211;45.22999954223633;24466;2020-12-30 15:30:00-05:00
44.79999923706055;44.869998931884766;44.61000061035156;44.81999969482422;33072;2020-12-31 09:30:00-05:00
44.82820129394531;44.880001068115234;44.77999877929688;44.78099822998047;10876;2020-12-31 10:30:00-05:00
44.77999877929688;44.790000915527344;44.58000183105469;44.66569900512695;14802;2020-12-31 11:30:00-05:00
44.63999938964844;44.63999938964844;44.5;44.5;8416;2020-12-31 12:30:00-05:00
44.48500061035156;44.649898529052734;44.47999954223633;44.61000061035156;11442;2020-12-31 13:30:00-05:00
44.61100006103516;44.68000030517578;44.61100006103516;44.64500045776367;10055;2020-12-31 14:30:00-05:00
44.65999984741211;44.66999816894531;44.59999847412109;44.63999938964844;25748;2020-12-31 15:30:00-05:00
44.54999923706055;45.27999877929688;44.54999923706055;44.81999969482422;74047;2021-01-04 09:30:00-05:00
44.81499862670898;44.93000030517578;44.59000015258789;44.90999984741211;69562;2021-01-04 10:30:00-05:00
44.959999084472656;44.959999084472656;44.65999984741211;44.720001220703125;23980;2021-01-04 11:30:00-05:00
44.7400016784668;44.869998931884766;44.63999938964844;44.81499862670898;23039;2021-01-04 12:30:00-05:00
44.82500076293945;44.86909866333008;44.77000045776367;44.79999923706055;18386;2021-01-04 13:30:00-05:00
44.78030014038086;44.83000183105469;44.66999816894531;44.74990081787109;30344;2021-01-04 14:30:00-05:00
44.74100112915039;44.900001525878906;44.70000076293945;44.81999969482422;48058;2021-01-04 15:30:00-05:00
45.93000030517578;46.0099983215332;45.47999954223633;45.790000915527344;55325;2021-01-05 09:30:00-05:00
45.79999923706055;46.040000915527344;45.7599983215332;46.040000915527344;33244;2021-01-05 10:30:00-05:00
46.04999923706055;46.15499877929688;46.0099983215332;46.09999847412109;16828;2021-01-05 11:30:00-05:00
46.1150016784668;46.34999847412109;46.09000015258789;46.31999969482422;30546;2021-01-05 12:30:00-05:00
46.33000183105469;46.400001525878906;46.18000030517578;46.32830047607422;43633;2021-01-05 13:30:00-05:00
46.32500076293945;46.33000183105469;46.060001373291016;46.060001373291016;35357;2021-01-05 14:30:00-05:00
46.09999847412109;46.09999847412109;45.83000183105469;45.88399887084961;46388;2021-01-05 15:30:00-05:00
46.75;47.04999923706055;46.500099182128906;47.0;45557;2021-01-06 09:30:00-05:00
47.0099983215332;47.16999816894531;47.0;47.14500045776367;21846;2021-01-06 10:30:00-05:00
47.14500045776367;47.14649963378906;46.91999816894531;47.040000915527344;20360;2021-01-06 11:30:00-05:00
47.11000061035156;47.18999862670898;47.060001373291016;47.18999862670898;19147;2021-01-06 12:30:00-05:00
47.18000030517578;47.34999847412109;46.83000183105469;46.91999816894531;26437;2021-01-06 13:30:00-05:00
46.84000015258789;46.93000030517578;46.61000061035156;46.85419845581055;32477;2021-01-06 14:30:00-05:00
46.84000015258789;46.85499954223633;46.72999954223633;46.7599983215332;40895;2021-01-06 15:30:00-05:00
47.65999984741211;47.65999984741211;47.09000015258789;47.15999984741211;40632;2021-01-07 09:30:00-05:00
47.13999938964844;47.244998931884766;46.970001220703125;46.970001220703125;23969;2021-01-07 10:30:00-05:00
46.970001220703125;47.06999969482422;46.79999923706055;47.04499816894531;18651;2021-01-07 11:30:00-05:00
47.040000915527344;47.150001525878906;47.0099983215332;47.08000183105469;21781;2021-01-07 12:30:00-05:00
47.08000183105469;47.27000045776367;47.08000183105469;47.27000045776367;21419;2021-01-07 13:30:00-05:00
47.25;47.33000183105469;47.209999084472656;47.33000183105469;15211;2021-01-07 14:30:00-05:00
47.33000183105469;47.540000915527344;47.33000183105469;47.52999877929688;48857;2021-01-07 15:30:00-05:00
47.84999847412109;48.18999862670898;47.790000915527344;47.83000183105469;50173;2021-01-08 09:30:00-05:00
47.810001373291016;48.02999877929688;47.79999923706055;47.96500015258789;16008;2021-01-08 10:30:00-05:00
47.94499969482422;48.25;47.94010162353516;48.2400016784668;17235;2021-01-08 11:30:00-05:00
48.2599983215332;48.29999923706055;47.959999084472656;47.959999084472656;14589;2021-01-08 12:30:00-05:00
48.0099983215332;48.09999847412109;47.97999954223633;48.06999969482422;17821;2021-01-08 13:30:00-05:00
48.08000183105469;48.15999984741211;48.02000045776367;48.15999984741211;28565;2021-01-08 14:30:00-05:00
48.130001068115234;48.290000915527344;48.02999877929688;48.27999877929688;63935;2021-01-08 15:30:00-05:00
47.81999969482422;48.13999938964844;47.720001220703125;48.119998931884766;35626;2021-01-11 09:30:00-05:00
48.09999847412109;48.11000061035156;47.900001525878906;48.0099983215332;23767;2021-01-11 10:30:00-05:00
48.0099983215332;48.04999923706055;47.959999084472656;48.0;13785;2021-01-11 11:30:00-05:00
48.0099983215332;48.11000061035156;48.0099983215332;48.06010055541992;20984;2021-01-11 12:30:00-05:00
48.09999847412109;48.130001068115234;48.060001373291016;48.060001373291016;16003;2021-01-11 13:30:00-05:00
48.09000015258789;48.09000015258789;47.86000061035156;47.89500045776367;23670;2021-01-11 14:30:00-05:00
47.89500045776367;48.04999923706055;47.86000061035156;47.97999954223633;33384;2021-01-11 15:30:00-05:00
48.66999816894531;48.99629974365234;48.52000045776367;48.98799896240234;44062;2021-01-12 09:30:00-05:00
48.9900016784668;49.119998931884766;48.91999816894531;49.084999084472656;36100;2021-01-12 10:30:00-05:00
49.049598693847656;49.09999847412109;48.88999938964844;48.970001220703125;11296;2021-01-12 11:30:00-05:00
49.0099983215332;49.02999877929688;48.93000030517578;49.02000045776367;15951;2021-01-12 12:30:00-05:00
49.040000915527344;49.150001525878906;49.040000915527344;49.119998931884766;17859;2021-01-12 13:30:00-05:00
49.09000015258789;49.185001373291016;49.02000045776367;49.18000030517578;20839;2021-01-12 14:30:00-05:00
49.18000030517578;49.290000915527344;49.18000030517578;49.290000915527344;35892;2021-01-12 15:30:00-05:00
50.0;50.630001068115234;50.0;50.41999816894531;134036;2021-01-13 09:30:00-05:00
50.38999938964844;50.40499877929688;50.08000183105469;50.2599983215332;61257;2021-01-13 10:30:00-05:00
50.26499938964844;50.43999862670898;50.13999938964844;50.43999862670898;36346;2021-01-13 11:30:00-05:00
50.40999984741211;50.46749877929688;50.290000915527344;50.31999969482422;16300;2021-01-13 12:30:00-05:00
50.31999969482422;50.56999969482422;50.2599983215332;50.56999969482422;32838;2021-01-13 13:30:00-05:00
50.52999877929688;50.56999969482422;50.43000030517578;50.51919937133789;14399;2021-01-13 14:30:00-05:00
50.5;50.54999923706055;50.36000061035156;50.41999816894531;27119;2021-01-13 15:30:00-05:00
50.880001068115234;50.93000030517578;50.65629959106445;50.86000061035156;32221;2021-01-14 09:30:00-05:00
50.82500076293945;51.09000015258789;50.81999969482422;51.09000015258789;28624;2021-01-14 10:30:00-05:00
51.09999847412109;51.25;51.09999847412109;51.25;16271;2021-01-14 11:30:00-05:00
51.2599983215332;51.310001373291016;51.060001373291016;51.060001373291016;13940;2021-01-14 12:30:00-05:00
51.060001373291016;51.29999923706055;51.060001373291016;51.27999877929688;14639;2021-01-14 13:30:00-05:00
51.29999923706055;51.34999847412109;51.130001068115234;51.185001373291016;27095;2021-01-14 14:30:00-05:00
51.22999954223633;51.25;51.15999984741211;51.2400016784668;26460;2021-01-14 15:30:00-05:00
51.27999877929688;51.380001068115234;50.25;50.25;113968;2021-01-15 09:30:00-05:00
50.2599983215332;50.619998931884766;50.25;50.619998931884766;15524;2021-01-15 10:30:00-05:00
50.5099983215332;50.54999923706055;50.380001068115234;50.5;8229;2021-01-15 11:30:00-05:00
50.5;50.630001068115234;50.45000076293945;50.47999954223633;14499;2021-01-15 12:30:00-05:00
50.45000076293945;50.5099983215332;50.2599983215332;50.29999923706055;22255;2021-01-15 13:30:00-05:00
50.29999923706055;50.7400016784668;50.29999923706055;50.70000076293945;48581;2021-01-15 14:30:00-05:00
50.69499969482422;50.79999923706055;50.650001525878906;50.72999954223633;28935;2021-01-15 15:30:00-05:00
52.40999984741211;52.7599983215332;52.2599983215332;52.730098724365234;51187;2021-01-19 09:30:00-05:00
52.790000915527344;52.900001525878906;52.709999084472656;52.72999954223633;20019;2021-01-19 10:30:00-05:00
52.72999954223633;52.93999862670898;52.72999954223633;52.83000183105469;13460;2021-01-19 11:30:00-05:00
52.79999923706055;52.959999084472656;52.790000915527344;52.84999847412109;16527;2021-01-19 12:30:00-05:00
52.84000015258789;53.15499877929688;52.84000015258789;52.93000030517578;36976;2021-01-19 13:30:00-05:00
52.880001068115234;52.880001068115234;52.70000076293945;52.70000076293945;19971;2021-01-19 14:30:00-05:00
52.72999954223633;52.77000045776367;52.68999862670898;52.720001220703125;26417;2021-01-19 15:30:00-05:00
53.0099983215332;53.06999969482422;52.72999954223633;53.018798828125;47869;2021-01-20 09:30:00-05:00
52.900001525878906;53.02999877929688;52.709999084472656;52.869998931884766;13505;2021-01-20 10:30:00-05:00
52.84999847412109;53.09999847412109;52.82640075683594;53.07160186767578;12599;2021-01-20 11:30:00-05:00
53.06999969482422;53.13999938964844;53.060001373291016;53.119998931884766;12932;2021-01-20 12:30:00-05:00
53.119998931884766;53.13999938964844;52.869998931884766;52.93999862670898;9397;2021-01-20 13:30:00-05:00
52.959999084472656;53.06499862670898;52.91350173950195;52.959999084472656;13461;2021-01-20 14:30:00-05:00
52.91999816894531;53.04999923706055;52.900001525878906;52.97999954223633;23473;2021-01-20 15:30:00-05:00
53.310001373291016;53.310001373291016;52.959999084472656;53.040000915527344;37160;2021-01-21 09:30:00-05:00
53.0099983215332;53.220001220703125;52.90999984741211;53.18999862670898;17308;2021-01-21 10:30:00-05:00
53.2400016784668;53.2599983215332;53.104000091552734;53.19499969482422;14810;2021-01-21 11:30:00-05:00
53.18999862670898;53.220001220703125;53.12149810791016;53.16999816894531;10969;2021-01-21 12:30:00-05:00
53.13999938964844;53.28200149536133;53.09999847412109;53.220001220703125;10578;2021-01-21 13:30:00-05:00
53.220001220703125;53.27000045776367;53.19850158691406;53.21500015258789;9394;2021-01-21 14:30:00-05:00
53.220001220703125;53.27000045776367;53.18000030517578;53.27000045776367;20576;2021-01-21 15:30:00-05:00
51.16999816894531;51.93000030517578;51.04999923706055;51.435001373291016;43477;2021-01-22 09:30:00-05:00
51.34999847412109;51.560001373291016;51.2400016784668;51.41999816894531;18415;2021-01-22 10:30:00-05:00
51.43000030517578;51.52000045776367;51.275001525878906;51.33000183105469;14265;2021-01-22 11:30:00-05:00
51.31999969482422;51.35459899902344;51.22499847412109;51.22999954223633;7711;2021-01-22 12:30:00-05:00
51.22999954223633;51.47999954223633;51.220001220703125;51.47480010986328;11150;2021-01-22 13:30:00-05:00
51.43999862670898;51.58000183105469;51.38999938964844;51.57500076293945;13113;2021-01-22 14:30:00-05:00
51.57500076293945;51.61000061035156;51.43000030517578;51.43000030517578;24346;2021-01-22 15:30:00-05:00
50.75;50.75;50.209999084472656;50.58000183105469;61363;2021-01-25 09:30:00-05:00
50.61000061035156;50.68999862670898;50.20000076293945;50.290000915527344;29911;2021-01-25 10:30:00-05:00
50.27000045776367;50.459999084472656;50.22999954223633;50.33000183105469;17853;2021-01-25 11:30:00-05:00
50.31999969482422;50.34999847412109;50.209999084472656;50.22999954223633;12316;2021-01-25 12:30:00-05:00
50.2400016784668;50.269901275634766;49.88999938964844;49.95000076293945;44292;2021-01-25 13:30:00-05:00
49.959999084472656;50.0099983215332;49.810001373291016;49.810001373291016;44107;2021-01-25 14:30:00-05:00
49.84000015258789;50.0;49.84000015258789;49.970001220703125;56714;2021-01-25 15:30:00-05:00
49.40999984741211;49.47999954223633;48.91999816894531;49.22999954223633;60871;2021-01-26 09:30:00-05:00
49.18999862670898;49.36000061035156;49.06999969482422;49.36000061035156;22415;2021-01-26 10:30:00-05:00
49.27999877929688;49.291900634765625;49.06999969482422;49.18000030517578;13317;2021-01-26 11:30:00-05:00
49.18999862670898;49.25;49.1150016784668;49.25;9047;2021-01-26 12:30:00-05:00
49.20000076293945;49.209999084472656;49.10419845581055;49.15999984741211;9152;2021-01-26 13:30:00-05:00
49.15999984741211;49.209999084472656;49.08000183105469;49.20000076293945;10951;2021-01-26 14:30:00-05:00
49.16999816894531;49.20000076293945;48.9900016784668;49.04999923706055;32291;2021-01-26 15:30:00-05:00
48.90999984741211;49.20000076293945;48.58000183105469;49.19049835205078;26109;2021-01-27 09:30:00-05:00
49.18999862670898;49.33000183105469;49.0099983215332;49.255001068115234;22380;2021-01-27 10:30:00-05:00
49.290000915527344;49.31999969482422;49.119998931884766;49.20000076293945;18402;2021-01-27 11:30:00-05:00
49.20000076293945;49.310001373291016;49.12490081787109;49.18000030517578;19504;2021-01-27 12:30:00-05:00
49.18000030517578;49.20000076293945;48.88069915771485;48.959999084472656;11658;2021-01-27 13:30:00-05:00
48.93000030517578;48.93000030517578;48.630001068115234;48.630001068115234;20928;2021-01-27 14:30:00-05:00
48.66469955444336;48.66469955444336;48.43000030517578;48.43000030517578;27957;2021-01-27 15:30:00-05:00
48.790000915527344;49.20000076293945;48.369998931884766;48.619998931884766;50933;2021-01-28 09:30:00-05:00
48.61000061035156;48.63990020751953;48.33000183105469;48.40999984741211;16819;2021-01-28 10:30:00-05:00
48.40999984741211;48.540000915527344;48.36000061035156;48.369998931884766;11707;2021-01-28 11:30:00-05:00
48.43999862670898;48.52999877929688;48.310001373291016;48.47999954223633;27291;2021-01-28 12:30:00-05:00
48.5099983215332;48.70000076293945;48.5099983215332;48.619998931884766;10318;2021-01-28 13:30:00-05:00
48.59000015258789;48.709999084472656;48.52999877929688;48.66999816894531;22055;2021-01-28 14:30:00-05:00
48.66999816894531;48.7599983215332;48.54999923706055;48.709999084472656;37703;2021-01-28 15:30:00-05:00
48.02000045776367;48.15999984741211;47.900001525878906;47.9900016784668;28917;2021-01-29 09:30:00-05:00
48.04999923706055;48.20000076293945;47.90999984741211;47.93999862670898;15758;2021-01-29 10:30:00-05:00
47.84999847412109;47.880001068115234;47.470001220703125;47.48500061035156;16965;2021-01-29 11:30:00-05:00
47.5099983215332;47.52999877929688;47.20000076293945;47.34000015258789;14890;2021-01-29 12:30:00-05:00
47.459999084472656;47.59999847412109;47.290000915527344;47.5099983215332;11520;2021-01-29 13:30:00-05:00
47.470001220703125;47.58990097045898;47.34999847412109;47.4900016784668;12049;2021-01-29 14:30:00-05:00
47.47999954223633;47.505001068115234;47.310001373291016;47.41999816894531;38591;2021-01-29 15:30:00-05:00
47.97999954223633;48.290000915527344;47.790000915527344;47.83000183105469;17297;2021-02-01 09:30:00-05:00
47.75;47.83000183105469;47.59000015258789;47.755001068115234;11819;2021-02-01 10:30:00-05:00
47.790000915527344;48.02999877929688;47.69559860229492;48.02999877929688;11423;2021-02-01 11:30:00-05:00
48.02000045776367;48.06999969482422;47.93000030517578;47.95000076293945;10450;2021-02-01 12:30:00-05:00
47.970001220703125;48.0099983215332;47.86000061035156;47.86000061035156;11070;2021-02-01 13:30:00-05:00
47.93000030517578;48.02999877929688;47.90999984741211;47.97999954223633;24315;2021-02-01 14:30:00-05:00
48.0099983215332;48.08000183105469;47.959999084472656;48.0;33058;2021-02-01 15:30:00-05:00
48.63999938964844;48.63999938964844;48.20000076293945;48.34000015258789;27748;2021-02-02 09:30:00-05:00
48.32500076293945;48.81999969482422;48.27999877929688;48.63999938964844;27383;2021-02-02 10:30:00-05:00
48.58000183105469;48.709999084472656;48.47999954223633;48.65999984741211;9728;2021-02-02 11:30:00-05:00
48.66999816894531;48.66999816894531;48.60010147094727;48.63999938964844;4609;2021-02-02 12:30:00-05:00
48.65999984741211;48.79999923706055;48.65700149536133;48.75;6860;2021-02-02 13:30:00-05:00
48.75;48.77999877929688;48.56999969482422;48.63999938964844;21673;2021-02-02 14:30:00-05:00
48.66999816894531;48.68999862670898;48.540000915527344;48.60499954223633;15393;2021-02-02 15:30:00-05:00
48.810001373291016;48.81999969482422;48.59999847412109;48.70000076293945;17796;2021-02-03 09:30:00-05:00
48.65999984741211;48.84000015258789;48.59999847412109;48.66999816894531;18916;2021-02-03 10:30:00-05:00
48.66999816894531;48.880001068115234;48.66999816894531;48.84000015258789;7985;2021-02-03 11:30:00-05:00
48.84000015258789;48.91999816894531;48.79999923706055;48.81999969482422;12482;2021-02-03 12:30:00-05:00
48.83000183105469;48.97999954223633;48.83000183105469;48.95130157470703;6859;2021-02-03 13:30:00-05:00
48.970001220703125;49.0099983215332;48.935001373291016;48.95000076293945;11502;2021-02-03 14:30:00-05:00
48.95000076293945;48.9900016784668;48.900001525878906;48.93999862670898;27261;2021-02-03 15:30:00-05:00
49.13999938964844;49.13999938964844;48.33000183105469;48.44940185546875;37039;2021-02-04 09:30:00-05:00
48.45000076293945;48.540000915527344;48.34999847412109;48.4900016784668;17301;2021-02-04 10:30:00-05:00
48.4900016784668;48.650001525878906;48.47999954223633;48.650001525878906;8163;2021-02-04 11:30:00-05:00
48.68999862670898;48.810001373291016;48.619998931884766;48.69400024414063;12676;2021-02-04 12:30:00-05:00
48.70000076293945;48.747100830078125;48.658599853515625;48.7400016784668;6529;2021-02-04 13:30:00-05:00
48.720001220703125;48.73820114135742;48.64450073242188;48.650001525878906;7316;2021-02-04 14:30:00-05:00
48.66999816894531;48.75;48.59999847412109;48.75;28530;2021-02-04 15:30:00-05:00
48.81999969482422;49.040000915527344;48.650001525878906;48.79999923706055;23899;2021-02-05 09:30:00-05:00
48.84999847412109;49.08000183105469;48.810001373291016;48.9900016784668;12950;2021-02-05 10:30:00-05:00
48.9900016784668;49.0;48.93000030517578;49.0;9143;2021-02-05 11:30:00-05:00
48.9900016784668;49.09999847412109;48.97999954223633;49.04999923706055;10114;2021-02-05 12:30:00-05:00
49.060001373291016;49.150001525878906;49.0;49.13999938964844;6987;2021-02-05 13:30:00-05:00
49.13999938964844;49.16999816894531;49.0447998046875;49.11000061035156;8576;2021-02-05 14:30:00-05:00
49.119998931884766;49.20000076293945;49.04999923706055;49.119998931884766;16970;2021-02-05 15:30:00-05:00
49.040000915527344;49.34999847412109;48.90999984741211;49.147098541259766;55554;2021-02-08 09:30:00-05:00
49.13999938964844;49.2400016784668;49.08000183105469;49.08000183105469;17460;2021-02-08 10:30:00-05:00
49.08000183105469;49.16999816894531;49.02000045776367;49.15999984741211;11771;2021-02-08 11:30:00-05:00
49.15999984741211;49.15999984741211;49.02000045776367;49.06999969482422;8845;2021-02-08 12:30:00-05:00
49.042598724365234;49.130001068115234;49.040000915527344;49.10499954223633;9272;2021-02-08 13:30:00-05:00
49.119998931884766;49.15999984741211;49.09000015258789;49.150001525878906;9834;2021-02-08 14:30:00-05:00
49.150001525878906;49.15999984741211;49.02999877929688;49.040000915527344;24379;2021-02-08 15:30:00-05:00
49.400001525878906;49.63999938964844;49.400001525878906;49.56999969482422;22342;2021-02-09 09:30:00-05:00
49.61000061035156;49.61000061035156;49.41049957275391;49.5;16301;2021-02-09 10:30:00-05:00
49.47999954223633;49.597900390625;49.43999862670898;49.560001373291016;13611;2021-02-09 11:30:00-05:00
49.560001373291016;49.560001373291016;49.369998931884766;49.41999816894531;11063;2021-02-09 12:30:00-05:00
49.470001220703125;49.470001220703125;49.40999984741211;49.45989990234375;5553;2021-02-09 13:30:00-05:00
49.459999084472656;49.47999954223633;49.36000061035156;49.369998931884766;14564;2021-02-09 14:30:00-05:00
49.369998931884766;49.54999923706055;49.3650016784668;49.45000076293945;29070;2021-02-09 15:30:00-05:00
49.470001220703125;49.470001220703125;49.02999877929688;49.20000076293945;18699;2021-02-10 09:30:00-05:00
49.13999938964844;49.13999938964844;48.810001373291016;49.06999969482422;12549;2021-02-10 10:30:00-05:00
49.08000183105469;49.18000030517578;48.97999954223633;48.97999954223633;6999;2021-02-10 11:30:00-05:00
49.03499984741211;49.17499923706055;49.02999877929688;49.14899826049805;7992;2021-02-10 12:30:00-05:00
49.09000015258789;49.13999938964844;49.06999969482422;49.09999847412109;4632;2021-02-10 13:30:00-05:00
49.18000030517578;49.2599983215332;49.119998931884766;49.150001525878906;16162;2021-02-10 14:30:00-05:00
49.20000076293945;49.22999954223633;49.11000061035156;49.130001068115234;14498;2021-02-10 15:30:00-05:00
49.369998931884766;49.369998931884766;48.61000061035156;48.630001068115234;31939;2021-02-11 09:30:00-05:00
48.619998931884766;48.709999084472656;48.5;48.61000061035156;34224;2021-02-11 10:30:00-05:00
48.59999847412109;48.720001220703125;48.52000045776367;48.52000045776367;8972;2021-02-11 11:30:00-05:00
48.52999877929688;48.66999816894531;48.5;48.60499954223633;23313;2021-02-11 12:30:00-05:00
48.619998931884766;48.6349983215332;48.5099983215332;48.52999877929688;6066;2021-02-11 13:30:00-05:00
48.540000915527344;48.59999847412109;48.4900016784668;48.53499984741211;10847;2021-02-11 14:30:00-05:00
48.56999969482422;48.709999084472656;48.54999923706055;48.70000076293945;18580;2021-02-11 15:30:00-05:00
48.56999969482422;49.06999969482422;48.56999969482422;48.86000061035156;16329;2021-02-12 09:30:00-05:00
48.90999984741211;48.99089813232422;48.81999969482422;48.91999816894531;10670;2021-02-12 10:30:00-05:00
48.915000915527344;49.119998931884766;48.915000915527344;49.119998931884766;18554;2021-02-12 11:30:00-05:00
49.09999847412109;49.130001068115234;48.88999938964844;48.959999084472656;9703;2021-02-12 12:30:00-05:00
48.970001220703125;49.040000915527344;48.95000076293945;49.02000045776367;11008;2021-02-12 13:30:00-05:00
48.9900016784668;49.13999938964844;48.959999084472656;49.119998931884766;13730;2021-02-12 14:30:00-05:00
49.11000061035156;49.15999984741211;49.04999923706055;49.04999923706055;15716;2021-02-12 15:30:00-05:00
51.970001220703125;52.400001525878906;51.86000061035156;52.27000045776367;73624;2021-02-16 09:30:00-05:00
52.2400016784668;52.29999923706055;52.15999984741211;52.27999877929688;39792;2021-02-16 10:30:00-05:00
52.220001220703125;52.245601654052734;52.0099983215332;52.245601654052734;31617;2021-02-16 11:30:00-05:00
52.21500015258789;52.290000915527344;52.1150016784668;52.27999877929688;11887;2021-02-16 12:30:00-05:00
52.29999923706055;52.34999847412109;52.209999084472656;52.2400016784668;8664;2021-02-16 13:30:00-05:00
52.31999969482422;52.4900016784668;52.27000045776367;52.4900016784668;20953;2021-02-16 14:30:00-05:00
52.4900016784668;52.52999877929688;52.40999984741211;52.47999954223633;22318;2021-02-16 15:30:00-05:00
54.790000915527344;55.790000915527344;54.5;55.52730178833008;128965;2021-02-17 09:30:00-05:00
55.52999877929688;55.70000076293945;55.15999984741211;55.25;31540;2021-02-17 10:30:00-05:00
55.25;55.380001068115234;55.119998931884766;55.34000015258789;22258;2021-02-17 11:30:00-05:00
55.31999969482422;55.5099983215332;55.29999923706055;55.4900016784668;16734;2021-02-17 12:30:00-05:00
55.46009826660156;55.54999923706055;55.43999862670898;55.52000045776367;18096;2021-02-17 13:30:00-05:00
55.52000045776367;55.58000183105469;55.470001220703125;55.540000915527344;15076;2021-02-17 14:30:00-05:00
55.52000045776367;55.63999938964844;55.5099983215332;55.59000015258789;32940;2021-02-17 15:30:00-05:00
55.34999847412109;55.650001525878906;54.75;55.05500030517578;64068;2021-02-18 09:30:00-05:00
55.060001373291016;55.25;55.0099983215332;55.11000061035156;20648;2021-02-18 10:30:00-05:00
55.09000015258789;55.09999847412109;54.9900016784668;55.060001373291016;13157;2021-02-18 11:30:00-05:00
55.04999923706055;55.09999847412109;54.93000030517578;55.09999847412109;10527;2021-02-18 12:30:00-05:00
55.150001525878906;55.16999816894531;54.970001220703125;55.09000015258789;8732;2021-02-18 13:30:00-05:00
55.04999923706055;55.18000030517578;55.040000915527344;55.150001525878906;9721;2021-02-18 14:30:00-05:00
55.09999847412109;55.16999816894531;55.04999923706055;55.16999816894531;31461;2021-02-18 15:30:00-05:00
54.560001373291016;54.70000076293945;54.322601318359375;54.560001373291016;16474;2021-02-19 09:30:00-05:00
54.5;54.56999969482422;54.41999816894531;54.45000076293945;5784;2021-02-19 10:30:00-05:00
54.43999862670898;54.444801330566406;54.34000015258789;54.393798828125;6837;2021-02-19 11:30:00-05:00
54.38999938964844;54.43999862670898;54.320098876953125;54.36000061035156;8478;2021-02-19 12:30:00-05:00
54.27000045776367;54.400001525878906;54.2599983215332;54.400001525878906;6364;2021-02-19 13:30:00-05:00
54.31999969482422;54.380001068115234;54.04999923706055;54.04999923706055;15471;2021-02-19 14:30:00-05:00
54.060001373291016;54.11000061035156;53.92570114135742;53.97999954223633;45673;2021-02-19 15:30:00-05:00
56.09999847412109;56.79999923706055;55.83000183105469;56.79999923706055;64334;2021-02-22 09:30:00-05:00
56.809600830078125;56.86000061035156;56.70000076293945;56.84999847412109;25178;2021-02-22 10:30:00-05:00
56.84999847412109;56.93999862670898;56.63999938964844;56.66999816894531;21774;2021-02-22 11:30:00-05:00
56.64500045776367;56.720001220703125;56.4900016784668;56.52999877929688;12820;2021-02-22 12:30:00-05:00
56.560001373291016;56.59519958496094;56.43999862670898;56.560001373291016;10886;2021-02-22 13:30:00-05:00
56.52999877929688;56.560001373291016;56.34000015258789;56.34999847412109;13623;2021-02-22 14:30:00-05:00
56.38990020751953;56.5;56.36000061035156;56.36000061035156;36929;2021-02-22 15:30:00-05:00
58.0;58.31999969482422;57.34999847412109;58.25;103407;2021-02-23 09:30:00-05:00
58.244998931884766;58.27000045776367;57.83000183105469;57.93999862670898;29579;2021-02-23 10:30:00-05:00
57.95000076293945;58.040000915527344;57.75;58.0;20825;2021-02-23 11:30:00-05:00
58.02999877929688;58.10499954223633;57.90999984741211;58.09999847412109;22052;2021-02-23 12:30:00-05:00
58.09000015258789;58.209999084472656;58.04999923706055;58.20000076293945;13100;2021-02-23 13:30:00-05:00
58.150001525878906;58.400001525878906;58.130001068115234;58.369998931884766;35129;2021-02-23 14:30:00-05:00
58.33000183105469;58.369998931884766;58.13520050048828;58.15999984741211;39208;2021-02-23 15:30:00-05:00
57.31999969482422;57.31999969482422;56.68999862670898;56.89500045776367;35396;2021-02-24 09:30:00-05:00
56.97999954223633;57.13999938964844;56.869998931884766;57.09999847412109;22692;2021-02-24 10:30:00-05:00
57.08000183105469;57.20000076293945;57.07939910888672;57.11000061035156;9461;2021-02-24 11:30:00-05:00
57.1150016784668;57.31999969482422;57.04999923706055;57.1510009765625;18032;2021-02-24 12:30:00-05:00
57.2599983215332;57.31999969482422;57.18199920654297;57.2599983215332;12916;2021-02-24 13:30:00-05:00
57.220001220703125;57.48500061035156;57.150001525878906;57.40999984741211;23280;2021-02-24 14:30:00-05:00
57.43000030517578;57.540000915527344;57.345001220703125;57.470001220703125;32478;2021-02-24 15:30:00-05:00
58.0099983215332;58.09000015258789;57.58000183105469;57.59999847412109;16267;2021-02-25 09:30:00-05:00
57.56999969482422;57.56999969482422;57.34999847412109;57.525001525878906;8356;2021-02-25 10:30:00-05:00
57.43000030517578;57.43000030517578;57.27000045776367;57.27999877929688;11221;2021-02-25 11:30:00-05:00
57.2599983215332;57.380001068115234;57.060001373291016;57.130001068115234;15969;2021-02-25 12:30:00-05:00
57.11000061035156;57.3650016784668;57.04999923706055;57.29999923706055;9827;2021-02-25 13:30:00-05:00
57.27000045776367;57.290000915527344;57.0099983215332;57.02000045776367;17036;2021-02-25 14:30:00-05:00
57.02000045776367;57.15999984741211;56.970001220703125;57.130001068115234;24247;2021-02-25 15:30:00-05:00
55.58000183105469;55.650001525878906;54.56399917602539;54.709999084472656;33411;2021-02-26 09:30:00-05:00
54.73789978027344;55.0;54.540000915527344;54.70000076293945;17182;2021-02-26 10:30:00-05:00
54.70000076293945;55.09999847412109;54.68999862670898;54.970001220703125;19136;2021-02-26 11:30:00-05:00
54.95000076293945;55.29890060424805;54.650001525878906;54.93000030517578;11394;2021-02-26 12:30:00-05:00
55.0099983215332;55.209999084472656;54.70000076293945;54.77000045776367;15190;2021-02-26 13:30:00-05:00
54.7400016784668;55.12919998168945;54.7400016784668;55.02000045776367;14854;2021-02-26 14:30:00-05:00
55.040000915527344;55.16999816894531;54.900001525878906;55.02000045776367;41550;2021-02-26 15:30:00-05:00
55.54999923706055;55.67499923706055;54.7599983215332;55.04999923706055;33958;2021-03-01 09:30:00-05:00
55.040000915527344;55.18000030517578;55.01219940185547;55.06999969482422;9499;2021-03-01 10:30:00-05:00
55.040000915527344;55.130001068115234;54.92359924316406;55.04999923706055;18425;2021-03-01 11:30:00-05:00
55.04999923706055;55.04999923706055;54.7599983215332;54.81499862670898;12254;2021-03-01 12:30:00-05:00
54.880001068115234;54.97999954223633;54.81999969482422;54.84999847412109;11185;2021-03-01 13:30:00-05:00
54.869998931884766;55.04499816894531;54.83000183105469;54.93000030517578;15888;2021-03-01 14:30:00-05:00
54.93000030517578;54.9900016784668;54.83100128173828;54.91999816894531;14811;2021-03-01 15:30:00-05:00
53.880001068115234;54.25;53.77999877929688;53.95000076293945;35132;2021-03-02 09:30:00-05:00
54.02000045776367;54.08000183105469;53.66999816894531;53.709999084472656;19243;2021-03-02 10:30:00-05:00
53.68999862670898;54.040000915527344;53.63520050048828;54.0;14078;2021-03-02 11:30:00-05:00
53.97999954223633;54.119998931884766;53.959999084472656;54.119998931884766;6349;2021-03-02 12:30:00-05:00
54.119998931884766;54.15999984741211;53.900001525878906;53.95000076293945;10768;2021-03-02 13:30:00-05:00
53.94499969482422;53.970001220703125;53.84999847412109;53.91999816894531;11848;2021-03-02 14:30:00-05:00
53.869998931884766;53.88999938964844;53.75;53.77000045776367;28029;2021-03-02 15:30:00-05:00
55.70000076293945;55.70000076293945;55.2599983215332;55.38999938964844;0;2021-03-03 09:30:00-05:00
55.29999923706055;55.5;55.21179962158203;55.5;12792;2021-03-03 10:30:00-05:00
55.52999877929688;55.709999084472656;55.5099983215332;55.65999984741211;11276;2021-03-03 11:30:00-05:00
55.650001525878906;55.790000915527344;55.56999969482422;55.69900131225586;15952;2021-03-03 12:30:00-05:00
55.650001525878906;55.81990051269531;55.47999954223633;55.540000915527344;18882;2021-03-03 13:30:00-05:00
55.56999969482422;55.68999862670898;55.38999938964844;55.5;12632;2021-03-03 14:30:00-05:00
55.540000915527344;55.720001220703125;55.470001220703125;55.59000015258789;27532;2021-03-03 15:30:00-05:00
55.540000915527344;56.22999954223633;55.45000076293945;56.22999954223633;22929;2021-03-04 09:30:00-05:00
56.04999923706055;56.75;56.04999923706055;56.54999923706055;18399;2021-03-04 10:30:00-05:00
56.5099983215332;56.77000045776367;56.25;56.2599983215332;12483;2021-03-04 11:30:00-05:00
56.310001373291016;56.34000015258789;55.86000061035156;55.93999862670898;13875;2021-03-04 12:30:00-05:00
55.93000030517578;56.02999877929688;55.54999923706055;55.90999984741211;19005;2021-03-04 13:30:00-05:00
55.86000061035156;56.039100646972656;55.66999816894531;55.81999969482422;14132;2021-03-04 14:30:00-05:00
55.91999816894531;55.95000076293945;55.81999969482422;55.880001068115234;20192;2021-03-04 15:30:00-05:00
56.93000030517578;57.23749923706055;56.84000015258789;56.92499923706055;40350;2021-03-05 09:30:00-05:00
56.90499877929688;56.90499877929688;56.47999954223633;56.650001525878906;17708;2021-03-05 10:30:00-05:00
56.619998931884766;57.119998931884766;56.31999969482422;57.11000061035156;24216;2021-03-05 11:30:00-05:00
57.18000030517578;57.18000030517578;56.970001220703125;57.06999969482422;17912;2021-03-05 12:30:00-05:00
57.07500076293945;57.18999862670898;57.0;57.150001525878906;22254;2021-03-05 13:30:00-05:00
57.20500183105469;57.27999877929688;57.09999847412109;57.18999862670898;15675;2021-03-05 14:30:00-05:00
57.290000915527344;57.36000061035156;57.150001525878906;57.150001525878906;23786;2021-03-05 15:30:00-05:00
57.5;57.86000061035156;57.34999847412109;57.57500076293945;34904;2021-03-08 09:30:00-05:00
57.61000061035156;57.65999984741211;57.209999084472656;57.25;12056;2021-03-08 10:30:00-05:00
57.2599983215332;57.63999938964844;57.0;57.540000915527344;34979;2021-03-08 11:30:00-05:00
57.5099983215332;57.79499816894531;57.5099983215332;57.79499816894531;7039;2021-03-08 12:30:00-05:00
57.77000045776367;57.84999847412109;57.47999954223633;57.840599060058594;17299;2021-03-08 13:30:00-05:00
57.900001525878906;57.900001525878906;57.58000183105469;57.63999938964844;13251;2021-03-08 14:30:00-05:00
57.68000030517578;57.7599983215332;57.43999862670898;57.45000076293945;23637;2021-03-08 15:30:00-05:00
56.77000045776367;56.994998931884766;56.380001068115234;56.709999084472656;44804;2021-03-09 09:30:00-05:00
56.75;57.0;56.75;56.90999984741211;14747;2021-03-09 10:30:00-05:00
56.91999816894531;56.959999084472656;56.75;56.81999969482422;13792;2021-03-09 11:30:00-05:00
56.869998931884766;56.880001068115234;56.7599983215332;56.79999923706055;8042;2021-03-09 12:30:00-05:00
56.84000015258789;56.90999984741211;56.47999954223633;56.47999954223633;21309;2021-03-09 13:30:00-05:00
56.53499984741211;56.630001068115234;56.380001068115234;56.380001068115234;14102;2021-03-09 14:30:00-05:00
56.38999938964844;56.41999816894531;56.27000045776367;56.34000015258789;27819;2021-03-09 15:30:00-05:00
55.880001068115234;55.880001068115234;55.209999084472656;55.27999877929688;42531;2021-03-10 09:30:00-05:00
55.29999923706055;55.470001220703125;55.22999954223633;55.310001373291016;26329;2021-03-10 10:30:00-05:00
55.40999984741211;55.40999984741211;55.209999084472656;55.310001373291016;42139;2021-03-10 11:30:00-05:00
55.27000045776367;55.375;55.20000076293945;55.36000061035156;14500;2021-03-10 12:30:00-05:00
55.310001373291016;55.61000061035156;55.29999923706055;55.61000061035156;13645;2021-03-10 13:30:00-05:00
55.59000015258789;55.720001220703125;55.56999969482422;55.650001525878906;14374;2021-03-10 14:30:00-05:00
55.66999816894531;55.880001068115234;55.650001525878906;55.790000915527344;30645;2021-03-10 15:30:00-05:00
56.0;56.540000915527344;55.99800109863281;56.310001373291016;21914;2021-03-11 09:30:00-05:00
56.30500030517578;56.5;56.30500030517578;56.5;19115;2021-03-11 10:30:00-05:00
56.43000030517578;56.4900016784668;56.34999847412109;56.47999954223633;10650;2021-03-11 11:30:00-05:00
56.459999084472656;56.5099983215332;56.33000183105469;56.33000183105469;11178;2021-03-11 12:30:00-05:00
56.36000061035156;56.39250183105469;56.19499969482422;56.30009841918945;15774;2021-03-11 13:30:00-05:00
56.29999923706055;56.34000015258789;56.09999847412109;56.119998931884766;13688;2021-03-11 14:30:00-05:00
56.09000015258789;56.150001525878906;55.869998931884766;56.06999969482422;40927;2021-03-11 15:30:00-05:00
55.5;55.65999984741211;55.18000030517578;55.25;12431;2021-03-12 09:30:00-05:00
55.20000076293945;55.52000045776367;55.20000076293945;55.45000076293945;8873;2021-03-12 10:30:00-05:00
55.47999954223633;55.59999847412109;55.3650016784668;55.525001525878906;24365;2021-03-12 11:30:00-05:00
55.54999923706055;55.84000015258789;55.5099983215332;55.810001373291016;21662;2021-03-12 12:30:00-05:00
55.77999877929688;55.90999984741211;55.68999862670898;55.90250015258789;13092;2021-03-12 13:30:00-05:00
55.90999984741211;56.060001373291016;55.869998931884766;55.97999954223633;31298;2021-03-12 14:30:00-05:00
55.97999954223633;56.06999969482422;55.97999954223633;56.06999969482422;25734;2021-03-12 15:30:00-05:00
57.16999816894531;57.25960159301758;56.7400016784668;56.97999954223633;19349;2021-03-15 09:30:00-04:00
56.93000030517578;57.0099983215332;56.81999969482422;56.88999938964844;35717;2021-03-15 10:30:00-04:00
56.900001525878906;57.2599983215332;56.72999954223633;57.2599983215332;22271;2021-03-15 11:30:00-04:00
57.22999954223633;57.470001220703125;57.22999954223633;57.459999084472656;22757;2021-03-15 12:30:00-04:00
57.41630172729492;57.810001373291016;57.41630172729492;57.760501861572266;16233;2021-03-15 13:30:00-04:00
57.7599983215332;57.7599983215332;57.5099983215332;57.5099983215332;14442;2021-03-15 14:30:00-04:00
57.58000183105469;57.660099029541016;57.54999923706055;57.650001525878906;22777;2021-03-15 15:30:00-04:00
57.22999954223633;57.43999862670898;56.869998931884766;57.11000061035156;19269;2021-03-16 09:30:00-04:00
57.09999847412109;57.150001525878906;56.869998931884766;57.040000915527344;20391;2021-03-16 10:30:00-04:00
56.959999084472656;57.130001068115234;56.880001068115234;57.0099983215332;12246;2021-03-16 11:30:00-04:00
57.02000045776367;57.27999877929688;57.02000045776367;57.2599983215332;7769;2021-03-16 12:30:00-04:00
57.31999969482422;57.34000015258789;57.119998931884766;57.2599983215332;7412;2021-03-16 13:30:00-04:00
57.209999084472656;57.38999938964844;57.13999938964844;57.29499816894531;9717;2021-03-16 14:30:00-04:00
57.231201171875;57.34999847412109;57.16999816894531;57.33000183105469;15277;2021-03-16 15:30:00-04:00
56.45000076293945;56.45000076293945;56.0099983215332;56.15999984741211;21100;2021-03-17 09:30:00-04:00
56.119998931884766;56.13999938964844;55.9900016784668;56.04010009765625;11204;2021-03-17 10:30:00-04:00
56.09999847412109;56.150001525878906;56.04999923706055;56.04999923706055;7835;2021-03-17 11:30:00-04:00
56.040000915527344;56.08000183105469;55.93000030517578;56.0099983215332;12001;2021-03-17 12:30:00-04:00
56.05500030517578;56.45000076293945;56.05500030517578;56.290000915527344;11735;2021-03-17 13:30:00-04:00
56.22999954223633;56.400001525878906;56.15999984741211;56.20000076293945;15036;2021-03-17 14:30:00-04:00
56.28499984741211;56.540000915527344;56.27999877929688;56.34999847412109;42788;2021-03-17 15:30:00-04:00
55.880001068115234;55.91999816894531;55.15999984741211;55.2599983215332;24963;2021-03-18 09:30:00-04:00
55.20500183105469;55.334999084472656;55.08000183105469;55.22999954223633;17953;2021-03-18 10:30:00-04:00
55.220001220703125;55.369998931884766;55.15999984741211;55.255001068115234;10397;2021-03-18 11:30:00-04:00
55.220001220703125;55.22999954223633;55.0099983215332;55.060001373291016;8077;2021-03-18 12:30:00-04:00
55.11800003051758;55.18000030517578;54.70000076293945;54.75;16989;2021-03-18 13:30:00-04:00
54.68000030517578;54.72999954223633;54.40999984741211;54.40999984741211;16433;2021-03-18 14:30:00-04:00
54.52000045776367;54.54999923706055;54.29499816894531;54.54999923706055;43691;2021-03-18 15:30:00-04:00
53.47999954223633;53.47999954223633;52.29999923706055;52.88999938964844;69939;2021-03-19 09:30:00-04:00
52.880001068115234;53.130001068115234;52.79999923706055;53.0099983215332;43532;2021-03-19 10:30:00-04:00
53.02999877929688;53.29999923706055;53.02999877929688;53.25350189208984;23526;2021-03-19 11:30:00-04:00
53.2599983215332;53.400001525878906;53.20000076293945;53.290000915527344;15707;2021-03-19 12:30:00-04:00
53.30950164794922;53.34000015258789;53.16999816894531;53.209999084472656;15980;2021-03-19 13:30:00-04:00
53.20000076293945;53.33000183105469;53.13999938964844;53.283599853515625;23417;2021-03-19 14:30:00-04:00
53.310001373291016;53.41999816894531;53.18999862670898;53.290000915527344;36751;2021-03-19 15:30:00-04:00
53.290000915527344;53.290000915527344;52.84999847412109;52.880001068115234;10025;2021-03-22 09:30:00-04:00
52.880001068115234;53.09000015258789;52.720001220703125;52.790000915527344;11538;2021-03-22 10:30:00-04:00
52.91999816894531;52.935001373291016;52.77000045776367;52.84999847412109;7793;2021-03-22 11:30:00-04:00
52.86000061035156;52.95000076293945;52.77000045776367;52.95000076293945;7058;2021-03-22 12:30:00-04:00
52.959999084472656;53.06969833374024;52.959999084472656;53.0;7068;2021-03-22 13:30:00-04:00
53.025001525878906;53.15999984741211;52.97269821166992;52.97269821166992;6611;2021-03-22 14:30:00-04:00
52.97999954223633;53.0099983215332;52.790000915527344;52.79999923706055;14198;2021-03-22 15:30:00-04:00
52.54999923706055;52.54999923706055;52.209999084472656;52.34999847412109;18267;2021-03-23 09:30:00-04:00
52.34000015258789;52.34999847412109;52.02999877929688;52.29499816894531;17982;2021-03-23 10:30:00-04:00
52.22999954223633;52.38999938964844;52.119998931884766;52.380001068115234;14053;2021-03-23 11:30:00-04:00
52.33000183105469;52.61000061035156;52.33000183105469;52.47999954223633;16152;2021-03-23 12:30:00-04:00
52.4900016784668;52.4900016784668;52.15999984741211;52.16999816894531;14072;2021-03-23 13:30:00-04:00
52.13999938964844;52.13999938964844;51.84000015258789;51.93000030517578;33837;2021-03-23 14:30:00-04:00
51.90999984741211;51.95000076293945;51.7599983215332;51.95000076293945;31507;2021-03-23 15:30:00-04:00
51.86000061035156;52.790000915527344;51.83000183105469;52.630001068115234;0;2021-03-24 09:30:00-04:00
52.59000015258789;52.79990005493164;52.2599983215332;52.79990005493164;6149;2021-03-24 10:30:00-04:00
52.869998931884766;52.869998931884766;52.47999954223633;52.790000915527344;27051;2021-03-24 11:30:00-04:00
52.755001068115234;53.130001068115234;52.68999862670898;52.84000015258789;20133;2021-03-24 12:30:00-04:00
52.88999938964844;52.95000076293945;52.720001220703125;52.83000183105469;9664;2021-03-24 13:30:00-04:00
52.75;52.76499938964844;52.59999847412109;52.68000030517578;13115;2021-03-24 14:30:00-04:00
52.73500061035156;52.73500061035156;52.2599983215332;52.27000045776367;39248;2021-03-24 15:30:00-04:00
51.34000015258789;51.369998931884766;50.70000076293945;50.91999816894531;37355;2021-03-25 09:30:00-04:00
50.93999862670898;50.93999862670898;50.540000915527344;50.72499847412109;18015;2021-03-25 10:30:00-04:00
50.77999877929688;51.040000915527344;50.70000076293945;51.040000915527344;11086;2021-03-25 11:30:00-04:00
51.1150016784668;51.15999984741211;50.959999084472656;51.04999923706055;10075;2021-03-25 12:30:00-04:00
51.04999923706055;51.41999816894531;51.02000045776367;51.27999877929688;13722;2021-03-25 13:30:00-04:00
51.27999877929688;51.36000061035156;51.13999938964844;51.15999984741211;8620;2021-03-25 14:30:00-04:00
51.125;51.68000030517578;51.125;51.5099983215332;32004;2021-03-25 15:30:00-04:00
51.63999938964844;52.02999877929688;51.63999938964844;52.0;17693;2021-03-26 09:30:00-04:00
52.06999969482422;52.22999954223633;51.63999938964844;51.685001373291016;7662;2021-03-26 10:30:00-04:00
51.619998931884766;51.775001525878906;51.58000183105469;51.68000030517578;8849;2021-03-26 11:30:00-04:00
51.68000030517578;55.0;51.58000183105469;53.375;132862;2021-03-26 12:30:00-04:00
53.34999847412109;53.38999938964844;52.27000045776367;52.630001068115234;34918;2021-03-26 13:30:00-04:00
52.650001525878906;53.09000015258789;52.56999969482422;52.95000076293945;21870;2021-03-26 14:30:00-04:00
52.970001220703125;53.220001220703125;52.93000030517578;53.119998931884766;38235;2021-03-26 15:30:00-04:00
54.34999847412109;54.54690170288086;53.75;54.13999938964844;35222;2021-03-29 09:30:00-04:00
54.02999877929688;54.09999847412109;53.79999923706055;54.04999923706055;26704;2021-03-29 10:30:00-04:00
54.040000915527344;54.11000061035156;53.810001373291016;53.91999816894531;17607;2021-03-29 11:30:00-04:00
53.959999084472656;54.060001373291016;53.86000061035156;53.880001068115234;15619;2021-03-29 12:30:00-04:00
53.900001525878906;54.060001373291016;53.84000015258789;53.90999984741211;29366;2021-03-29 13:30:00-04:00
53.900001525878906;53.93999862670898;53.709999084472656;53.790000915527344;30038;2021-03-29 14:30:00-04:00
53.790000915527344;53.900001525878906;53.75;53.7599983215332;41988;2021-03-29 15:30:00-04:00
53.880001068115234;54.084999084472656;53.54999923706055;53.58000183105469;16772;2021-03-30 09:30:00-04:00
53.56499862670898;53.720001220703125;53.47999954223633;53.61000061035156;10549;2021-03-30 10:30:00-04:00
53.54999923706055;53.709999084472656;53.43000030517578;53.52000045776367;7045;2021-03-30 11:30:00-04:00
53.470001220703125;53.77000045776367;53.400001525878906;53.68999862670898;14504;2021-03-30 12:30:00-04:00
53.70000076293945;53.834999084472656;53.68999862670898;53.83000183105469;10261;2021-03-30 13:30:00-04:00
53.83000183105469;53.83000183105469;53.59000015258789;53.65999984741211;15119;2021-03-30 14:30:00-04:00
53.619998931884766;53.630001068115234;53.43999862670898;53.56999969482422;29861;2021-03-30 15:30:00-04:00
53.220001220703125;53.220001220703125;52.59999847412109;52.72999954223633;21152;2021-03-31 09:30:00-04:00
52.709999084472656;52.86000061035156;52.67499923706055;52.83000183105469;14303;2021-03-31 10:30:00-04:00
52.82889938354492;52.86000061035156;52.70000076293945;52.72999954223633;15470;2021-03-31 11:30:00-04:00
52.72999954223633;52.84999847412109;52.68999862670898;52.72999954223633;15794;2021-03-31 12:30:00-04:00
52.72999954223633;53.0;52.68999862670898;52.75;24051;2021-03-31 13:30:00-04:00
52.75;52.810001373291016;52.68000030517578;52.77000045776367;12971;2021-03-31 14:30:00-04:00
52.76950073242188;52.900001525878906;52.72999954223633;52.72999954223633;32064;2021-03-31 15:30:00-04:00
53.52000045776367;53.68000030517578;53.290000915527344;53.43000030517578;20468;2021-04-01 09:30:00-04:00
53.400001525878906;53.40999984741211;53.08000183105469;53.08000183105469;11026;2021-04-01 10:30:00-04:00
53.060001373291016;53.34999847412109;53.02000045776367;53.34999847412109;5806;2021-04-01 11:30:00-04:00
53.33000183105469;53.47999954223633;53.290000915527344;53.47999954223633;8321;2021-04-01 12:30:00-04:00
53.4900016784668;53.84000015258789;53.4900016784668;53.64500045776367;16456;2021-04-01 13:30:00-04:00
53.66999816894531;53.90999984741211;53.61000061035156;53.72999954223633;19718;2021-04-01 14:30:00-04:00
53.7400016784668;53.83000183105469;53.619998931884766;53.650001525878906;26849;2021-04-01 15:30:00-04:00
53.900001525878906;53.92530059814453;53.09000015258789;53.290000915527344;11462;2021-04-05 09:30:00-04:00
53.18999862670898;53.380001068115234;53.13999938964844;53.209999084472656;13914;2021-04-05 10:30:00-04:00
53.22999954223633;53.29999923706055;53.0099983215332;53.0099983215332;13972;2021-04-05 11:30:00-04:00
53.0172004699707;53.0172004699707;52.79999923706055;52.880001068115234;6752;2021-04-05 12:30:00-04:00
52.86000061035156;52.95000076293945;52.84999847412109;52.869998931884766;12095;2021-04-05 13:30:00-04:00
52.869998931884766;52.959999084472656;52.83000183105469;52.8650016784668;14508;2021-04-05 14:30:00-04:00
52.869998931884766;52.96500015258789;52.77000045776367;52.84000015258789;16438;2021-04-05 15:30:00-04:00
52.959999084472656;53.51649856567383;52.959999084472656;53.41999816894531;7609;2021-04-06 09:30:00-04:00
53.400001525878906;53.43999862670898;53.22999954223633;53.2400016784668;9586;2021-04-06 10:30:00-04:00
53.298301696777344;53.33000183105469;53.1974983215332;53.2400016784668;7431;2021-04-06 11:30:00-04:00
53.13999938964844;53.13999938964844;52.93999862670898;52.93999862670898;10730;2021-04-06 12:30:00-04:00
52.96870040893555;52.97999954223633;52.84999847412109;52.93999862670898;18699;2021-04-06 13:30:00-04:00
52.86000061035156;52.900001525878906;52.77999877929688;52.86000061035156;11204;2021-04-06 14:30:00-04:00
52.84000015258789;52.9900016784668;52.84000015258789;52.91999816894531;11155;2021-04-06 15:30:00-04:00
52.61000061035156;52.65999984741211;52.43000030517578;52.52999877929688;8194;2021-04-07 09:30:00-04:00
52.560001373291016;52.58000183105469;52.470001220703125;52.560001373291016;6594;2021-04-07 10:30:00-04:00
52.45000076293945;52.45000076293945;52.27999877929688;52.290000915527344;8056;2021-04-07 11:30:00-04:00
52.275001525878906;52.5;52.23500061035156;52.485599517822266;8685;2021-04-07 12:30:00-04:00
52.470001220703125;52.61000061035156;52.43000030517578;52.61000061035156;6487;2021-04-07 13:30:00-04:00
52.59999847412109;52.59999847412109;52.42499923706055;52.459999084472656;12421;2021-04-07 14:30:00-04:00
52.40999984741211;52.494998931884766;52.40999984741211;52.43999862670898;13111;2021-04-07 15:30:00-04:00
52.84999847412109;52.95000076293945;52.45000076293945;52.459999084472656;18370;2021-04-08 09:30:00-04:00
52.52000045776367;52.540000915527344;52.25;52.310001373291016;16036;2021-04-08 10:30:00-04:00
52.375;52.78680038452149;52.375;52.75;12506;2021-04-08 11:30:00-04:00
52.65999984741211;52.65999984741211;52.4900016784668;52.52999877929688;3955;2021-04-08 12:30:00-04:00
52.54999923706055;52.56999969482422;52.415000915527344;52.4900016784668;7357;2021-04-08 13:30:00-04:00
52.52000045776367;52.68999862670898;52.52000045776367;52.650001525878906;8385;2021-04-08 14:30:00-04:00
52.66999816894531;52.79999923706055;52.51499938964844;52.68000030517578;39105;2021-04-08 15:30:00-04:00
52.36000061035156;52.45000076293945;51.93000030517578;51.95000076293945;14973;2021-04-09 09:30:00-04:00
51.93000030517578;52.02000045776367;51.900001525878906;52.02000045776367;5836;2021-04-09 10:30:00-04:00
52.02000045776367;52.02999877929688;51.880001068115234;51.90999984741211;4595;2021-04-09 11:30:00-04:00
51.91999816894531;51.93999862670898;51.900001525878906;51.90999984741211;5561;2021-04-09 12:30:00-04:00
51.90999984741211;52.02000045776367;51.869998931884766;52.02000045776367;7292;2021-04-09 13:30:00-04:00
52.0099983215332;52.0099983215332;51.790000915527344;51.86000061035156;4785;2021-04-09 14:30:00-04:00
51.86000061035156;51.86000061035156;51.7599983215332;51.790000915527344;15195;2021-04-09 15:30:00-04:00
52.20000076293945;52.52999877929688;52.02000045776367;52.36000061035156;17598;2021-04-12 09:30:00-04:00
52.3849983215332;52.3849983215332;52.22999954223633;52.25;10773;2021-04-12 10:30:00-04:00
52.27999877929688;52.30139923095703;52.08000183105469;52.130001068115234;6432;2021-04-12 11:30:00-04:00
52.150001525878906;52.214298248291016;52.040000915527344;52.13999938964844;5527;2021-04-12 12:30:00-04:00
52.16999816894531;52.2400016784668;52.09999847412109;52.209999084472656;6084;2021-04-12 13:30:00-04:00
52.22999954223633;52.2400016784668;52.130001068115234;52.16999816894531;10561;2021-04-12 14:30:00-04:00
52.15999984741211;52.290000915527344;52.15999984741211;52.290000915527344;21741;2021-04-12 15:30:00-04:00
53.20000076293945;53.68999862670898;53.20000076293945;53.4900016784668;35317;2021-04-13 09:30:00-04:00
53.4900016784668;53.72999954223633;53.400001525878906;53.72999954223633;25359;2021-04-13 10:30:00-04:00
53.68000030517578;53.81999969482422;53.68000030517578;53.720001220703125;8702;2021-04-13 11:30:00-04:00
53.790000915527344;53.880001068115234;53.722599029541016;53.790000915527344;12954;2021-04-13 12:30:00-04:00
53.84999847412109;53.84999847412109;53.77999877929688;53.79999923706055;9892;2021-04-13 13:30:00-04:00
53.77980041503906;53.869998931884766;53.70000076293945;53.70000076293945;7405;2021-04-13 14:30:00-04:00
53.7400016784668;53.76499938964844;53.540000915527344;53.630001068115234;20295;2021-04-13 15:30:00-04:00
54.560001373291016;54.900001525878906;54.54999923706055;54.77999877929688;21349;2021-04-14 09:30:00-04:00
54.790000915527344;55.09999847412109;54.790000915527344;55.0;17507;2021-04-14 10:30:00-04:00
55.0;55.18000030517578;55.0;55.11000061035156;6261;2021-04-14 11:30:00-04:00
55.09000015258789;55.18999862670898;54.95000076293945;55.104400634765625;9374;2021-04-14 12:30:00-04:00
55.0099983215332;55.0099983215332;54.844200134277344;54.93999862670898;8336;2021-04-14 13:30:00-04:00
54.90499877929688;54.90999984741211;54.68999862670898;54.720001220703125;10708;2021-04-14 14:30:00-04:00
54.68999862670898;54.86000061035156;54.68999862670898;54.810001373291016;21225;2021-04-14 15:30:00-04:00
54.52000045776367;54.7400016784668;54.09999847412109;54.2400016784668;31900;2021-04-15 09:30:00-04:00
54.21670150756836;54.21670150756836;53.9900016784668;54.04999923706055;18165;2021-04-15 10:30:00-04:00
54.025001525878906;54.025001525878906;53.90999984741211;53.91999816894531;3066;2021-04-15 11:30:00-04:00
53.959999084472656;54.20000076293945;53.84999847412109;54.18000030517578;12303;2021-04-15 12:30:00-04:00
54.18000030517578;54.33000183105469;54.130001068115234;54.27999877929688;12178;2021-04-15 13:30:00-04:00
54.27000045776367;54.29999923706055;54.20000076293945;54.20000076293945;11283;2021-04-15 14:30:00-04:00
54.22999954223633;54.290000915527344;54.11000061035156;54.119998931884766;18747;2021-04-15 15:30:00-04:00
54.869998931884766;55.130001068115234;54.619998931884766;54.66999816894531;15286;2021-04-16 09:30:00-04:00
54.66999816894531;54.68000030517578;54.5099983215332;54.62480163574219;9872;2021-04-16 10:30:00-04:00
54.560001373291016;54.59999847412109;54.4900016784668;54.59999847412109;6472;2021-04-16 11:30:00-04:00
54.59000015258789;54.650001525878906;54.560001373291016;54.650001525878906;5167;2021-04-16 12:30:00-04:00
54.66999816894531;54.70000076293945;54.52999877929688;54.540000915527344;5204;2021-04-16 13:30:00-04:00
54.54999923706055;54.68000030517578;54.54999923706055;54.61000061035156;5232;2021-04-16 14:30:00-04:00
54.619998931884766;54.70000076293945;54.56999969482422;54.70000076293945;31248;2021-04-16 15:30:00-04:00
54.790000915527344;54.869998931884766;54.70000076293945;54.83000183105469;8038;2021-04-19 09:30:00-04:00
54.72999954223633;54.81999969482422;54.63999938964844;54.79999923706055;9308;2021-04-19 10:30:00-04:00
54.7400016784668;54.81999969482422;54.630401611328125;54.75;10683;2021-04-19 11:30:00-04:00
54.7599983215332;54.790000915527344;54.68000030517578;54.7400016784668;4469;2021-04-19 12:30:00-04:00
54.75;54.83000183105469;54.75;54.75749969482422;6883;2021-04-19 13:30:00-04:00
54.77000045776367;54.81999969482422;54.63999938964844;54.72999954223633;5417;2021-04-19 14:30:00-04:00
54.72999954223633;54.869998931884766;54.72999954223633;54.869998931884766;16777;2021-04-19 15:30:00-04:00
54.59000015258789;54.59000015258789;54.119998931884766;54.2599983215332;11938;2021-04-20 09:30:00-04:00
54.27799987792969;54.27799987792969;53.72999954223633;53.72999954223633;16503;2021-04-20 10:30:00-04:00
53.720001220703125;53.86000061035156;53.59999847412109;53.70000076293945;23795;2021-04-20 11:30:00-04:00
53.66999816894531;53.70500183105469;53.4900016784668;53.619998931884766;46009;2021-04-20 12:30:00-04:00
53.65999984741211;53.72999954223633;53.4900016784668;53.53499984741211;54479;2021-04-20 13:30:00-04:00
53.560001373291016;53.57500076293945;53.41999816894531;53.45000076293945;40645;2021-04-20 14:30:00-04:00
53.459999084472656;53.56999969482422;53.2599983215332;53.2599983215332;64241;2021-04-20 15:30:00-04:00
51.959999084472656;51.97999954223633;51.17499923706055;51.63999938964844;44377;2021-04-21 09:30:00-04:00
51.68000030517578;51.75;51.63999938964844;51.68000030517578;16690;2021-04-21 10:30:00-04:00
51.68000030517578;51.7599983215332;51.400001525878906;51.400001525878906;28517;2021-04-21 11:30:00-04:00
51.43000030517578;51.5;51.18999862670898;51.2599983215332;15353;2021-04-21 12:30:00-04:00
51.369998931884766;51.432899475097656;51.20000076293945;51.40999984741211;19464;2021-04-21 13:30:00-04:00
51.470001220703125;51.54999923706055;51.310001373291016;51.43000030517578;78391;2021-04-21 14:30:00-04:00
51.43999862670898;51.5099983215332;51.2599983215332;51.459999084472656;37044;2021-04-21 15:30:00-04:00
51.33000183105469;51.369998931884766;51.0;51.14950180053711;71405;2021-04-22 09:30:00-04:00
51.060001373291016;51.2400016784668;51.04999923706055;51.18000030517578;15610;2021-04-22 10:30:00-04:00
51.15999984741211;51.22999954223633;51.09000015258789;51.09999847412109;14926;2021-04-22 11:30:00-04:00
51.09000015258789;51.18999862670898;50.790000915527344;50.95500183105469;84604;2021-04-22 12:30:00-04:00
50.900001525878906;50.970001220703125;50.79999923706055;50.95500183105469;8938;2021-04-22 13:30:00-04:00
50.90999984741211;51.2400016784668;50.90999984741211;51.06999969482422;17292;2021-04-22 14:30:00-04:00
51.119998931884766;51.18000030517578;51.06999969482422;51.09000015258789;23248;2021-04-22 15:30:00-04:00
50.84000015258789;50.93000030517578;50.45000076293945;50.68000030517578;34992;2021-04-23 09:30:00-04:00
50.709999084472656;50.77000045776367;50.66999816894531;50.70000076293945;18809;2021-04-23 10:30:00-04:00
50.68999862670898;50.72999954223633;50.650001525878906;50.650001525878906;7906;2021-04-23 11:30:00-04:00
50.68000030517578;50.84999847412109;50.68000030517578;50.79999923706055;21226;2021-04-23 12:30:00-04:00
50.79999923706055;50.83000183105469;50.7599983215332;50.790000915527344;7299;2021-04-23 13:30:00-04:00
50.79999923706055;50.88999938964844;50.79999923706055;50.869998931884766;10350;2021-04-23 14:30:00-04:00
50.88999938964844;50.900001525878906;50.720001220703125;50.790000915527344;28513;2021-04-23 15:30:00-04:00
50.68000030517578;50.81999969482422;50.470001220703125;50.77999877929688;23116;2021-04-26 09:30:00-04:00
50.720001220703125;50.869998931884766;50.66999816894531;50.66999816894531;11879;2021-04-26 10:30:00-04:00
50.66999816894531;50.81999969482422;50.66999816894531;50.810001373291016;4284;2021-04-26 11:30:00-04:00
50.810001373291016;50.84000015258789;50.77999877929688;50.81999969482422;5443;2021-04-26 12:30:00-04:00
50.80500030517578;50.80500030517578;50.7400016784668;50.744998931884766;3881;2021-04-26 13:30:00-04:00
50.72999954223633;50.899898529052734;50.720001220703125;50.810001373291016;9092;2021-04-26 14:30:00-04:00
50.81999969482422;50.91999816894531;50.7599983215332;50.84000015258789;18290;2021-04-26 15:30:00-04:00
50.7599983215332;50.859901428222656;50.68000030517578;50.77000045776367;7333;2021-04-27 09:30:00-04:00
50.83000183105469;50.88999938964844;50.59999847412109;50.630001068115234;16602;2021-04-27 10:30:00-04:00
50.70000076293945;50.75;50.6156005859375;50.649600982666016;10612;2021-04-27 11:30:00-04:00
50.63999938964844;50.79999923706055;50.61000061035156;50.79999923706055;18339;2021-04-27 12:30:00-04:00
50.77000045776367;50.79309844970703;50.62099838256836;50.68999862670898;14476;2021-04-27 13:30:00-04:00
50.709999084472656;50.81499862670898;50.709999084472656;50.775001525878906;17260;2021-04-27 14:30:00-04:00
50.77989959716797;50.89500045776367;50.775001525878906;50.84000015258789;27424;2021-04-27 15:30:00-04:00
50.790000915527344;51.2400016784668;50.400001525878906;51.22999954223633;30253;2021-04-28 09:30:00-04:00
51.290000915527344;51.43000030517578;51.209999084472656;51.37080001831055;17564;2021-04-28 10:30:00-04:00
51.43000030517578;51.52000045776367;51.36000061035156;51.38999938964844;13308;2021-04-28 11:30:00-04:00
51.369998931884766;51.470001220703125;51.31999969482422;51.31999969482422;5552;2021-04-28 12:30:00-04:00
51.29999923706055;51.40999984741211;51.25;51.40999984741211;5700;2021-04-28 13:30:00-04:00
51.40999984741211;51.47999954223633;51.27999877929688;51.290000915527344;14377;2021-04-28 14:30:00-04:00
51.33000183105469;51.375;51.20000076293945;51.25;27663;2021-04-28 15:30:00-04:00
51.810001373291016;51.810001373291016;51.25;51.29999923706055;22354;2021-04-29 09:30:00-04:00
51.2599983215332;51.310001373291016;51.16999816894531;51.29999923706055;11027;2021-04-29 10:30:00-04:00
51.29999923706055;51.29999923706055;51.040000915527344;51.06999969482422;15560;2021-04-29 11:30:00-04:00
51.06499862670898;51.24160003662109;51.06499862670898;51.24160003662109;8982;2021-04-29 12:30:00-04:00
51.18999862670898;51.2599983215332;51.130001068115234;51.2599983215332;12148;2021-04-29 13:30:00-04:00
51.369998931884766;51.52999877929688;51.36000061035156;51.380001068115234;18011;2021-04-29 14:30:00-04:00
51.38999938964844;51.47999954223633;51.27999877929688;51.375;31774;2021-04-29 15:30:00-04:00
50.2599983215332;50.2599983215332;49.625;49.75;53292;2021-04-30 09:30:00-04:00
49.72999954223633;49.72999954223633;49.32500076293945;49.32500076293945;26216;2021-04-30 10:30:00-04:00
49.31999969482422;49.369998931884766;49.25;49.27999877929688;18707;2021-04-30 11:30:00-04:00
49.27999877929688;49.33000183105469;49.27999877929688;49.33000183105469;8465;2021-04-30 12:30:00-04:00
49.33000183105469;49.3489990234375;49.220001220703125;49.2406005859375;17339;2021-04-30 13:30:00-04:00
49.2400016784668;49.26900100708008;49.06999969482422;49.13999938964844;19105;2021-04-30 14:30:00-04:00
49.15999984741211;49.27999877929688;49.130001068115234;49.18999862670898;31371;2021-04-30 15:30:00-04:00
50.38999938964844;50.650001525878906;50.04999923706055;50.54999923706055;34180;2021-05-03 09:30:00-04:00
50.59000015258789;50.810001373291016;50.540000915527344;50.630001068115234;12703;2021-05-03 10:30:00-04:00
50.68000030517578;50.68999862670898;50.52999877929688;50.650001525878906;10547;2021-05-03 11:30:00-04:00
50.630001068115234;50.66999816894531;50.56039810180664;50.60419845581055;8215;2021-05-03 12:30:00-04:00
50.61000061035156;50.65999984741211;50.61000061035156;50.62179946899414;10191;2021-05-03 13:30:00-04:00
50.630001068115234;50.77999877929688;50.630001068115234;50.7400016784668;8854;2021-05-03 14:30:00-04:00
50.755001068115234;50.810001373291016;50.66999816894531;50.810001373291016;14167;2021-05-03 15:30:00-04:00
51.91999816894531;52.125;51.04999923706055;51.290000915527344;63971;2021-05-04 09:30:00-04:00
51.369998931884766;51.540000915527344;51.2599983215332;51.31999969482422;26674;2021-05-04 10:30:00-04:00
51.34000015258789;51.41999816894531;51.27999877929688;51.31999969482422;25194;2021-05-04 11:30:00-04:00
51.290000915527344;51.400001525878906;51.2400016784668;51.38999938964844;11829;2021-05-04 12:30:00-04:00
51.400001525878906;51.5099983215332;51.3650016784668;51.5;13505;2021-05-04 13:30:00-04:00
51.4900016784668;51.619998931884766;51.45000076293945;51.619998931884766;34020;2021-05-04 14:30:00-04:00
51.61000061035156;51.77999877929688;51.58000183105469;51.68999862670898;35259;2021-05-04 15:30:00-04:00
52.29999923706055;52.84999847412109;52.13999938964844;52.84000015258789;38801;2021-05-05 09:30:00-04:00
52.84000015258789;52.9900016784668;52.783199310302734;52.959999084472656;12659;2021-05-05 10:30:00-04:00
52.93000030517578;53.04999923706055;52.89659881591797;52.900001525878906;8448;2021-05-05 11:30:00-04:00
52.92499923706055;52.96989822387695;52.70000076293945;52.77000045776367;13325;2021-05-05 12:30:00-04:00
52.7599983215332;52.880001068115234;52.75;52.880001068115234;6986;2021-05-05 13:30:00-04:00
52.8849983215332;52.90999984741211;52.790000915527344;52.869998931884766;11134;2021-05-05 14:30:00-04:00
52.869998931884766;52.91999816894531;52.77999877929688;52.79999923706055;35287;2021-05-05 15:30:00-04:00
52.75;52.792999267578125;52.290000915527344;52.470001220703125;15996;2021-05-06 09:30:00-04:00
52.45000076293945;52.54999923706055;52.43000030517578;52.54999923706055;11792;2021-05-06 10:30:00-04:00
52.5;52.619998931884766;52.4900016784668;52.52000045776367;9382;2021-05-06 11:30:00-04:00
52.47999954223633;52.5;52.369998931884766;52.470001220703125;14718;2021-05-06 12:30:00-04:00
52.459999084472656;52.52000045776367;52.220001220703125;52.369998931884766;20960;2021-05-06 13:30:00-04:00
52.310001373291016;52.4900016784668;52.30500030517578;52.40999984741211;13015;2021-05-06 14:30:00-04:00
52.52439880371094;52.7400016784668;52.47999954223633;52.720001220703125;25815;2021-05-06 15:30:00-04:00
53.04999923706055;53.59000015258789;53.04999923706055;53.45000076293945;20365;2021-05-07 09:30:00-04:00
53.45000076293945;53.70000076293945;53.33000183105469;53.5;24031;2021-05-07 10:30:00-04:00
53.5;53.59989929199219;53.45000076293945;53.5;4956;2021-05-07 11:30:00-04:00
53.470001220703125;53.540000915527344;53.34999847412109;53.5;9199;2021-05-07 12:30:00-04:00
53.54999923706055;53.65999984741211;53.525001525878906;53.650001525878906;8094;2021-05-07 13:30:00-04:00
53.66999816894531;53.68000030517578;53.52000045776367;53.52000045776367;10870;2021-05-07 14:30:00-04:00
53.540000915527344;53.66999816894531;53.470001220703125;53.66999816894531;32955;2021-05-07 15:30:00-04:00
54.18000030517578;54.540000915527344;54.150001525878906;54.15999984741211;30778;2021-05-10 09:30:00-04:00
54.150001525878906;54.290000915527344;54.08000183105469;54.25;12863;2021-05-10 10:30:00-04:00
54.25;54.27000045776367;54.15999984741211;54.15999984741211;6075;2021-05-10 11:30:00-04:00
54.18999862670898;54.2599983215332;54.150001525878906;54.20000076293945;4181;2021-05-10 12:30:00-04:00
54.2400016784668;54.2400016784668;54.04999923706055;54.04999923706055;7866;2021-05-10 13:30:00-04:00
54.04999923706055;54.08000183105469;53.93000030517578;53.970001220703125;12981;2021-05-10 14:30:00-04:00
54.0099983215332;54.09000015258789;53.97999954223633;54.060001373291016;23754;2021-05-10 15:30:00-04:00
52.959999084472656;53.2599983215332;52.5099983215332;52.89500045776367;27900;2021-05-11 09:30:00-04:00
52.75;52.80500030517578;52.58000183105469;52.80500030517578;13125;2021-05-11 10:30:00-04:00
52.7599983215332;52.83000183105469;52.70000076293945;52.77000045776367;4738;2021-05-11 11:30:00-04:00
52.72999954223633;52.81959915161133;52.70000076293945;52.81959915161133;5963;2021-05-11 12:30:00-04:00
52.83000183105469;52.93999862670898;52.83000183105469;52.93880081176758;4936;2021-05-11 13:30:00-04:00
52.880001068115234;53.02999877929688;52.869998931884766;53.0;9211;2021-05-11 14:30:00-04:00
53.0;53.0;52.84000015258789;52.84000015258789;10205;2021-05-11 15:30:00-04:00
53.369998931884766;53.65999984741211;53.209999084472656;53.59000015258789;21400;2021-05-12 09:30:00-04:00
53.50239944458008;53.83000183105469;53.5;53.58000183105469;16663;2021-05-12 10:30:00-04:00
53.65999984741211;53.66999816894531;53.2599983215332;53.34999847412109;20566;2021-05-12 11:30:00-04:00
53.30500030517578;53.30500030517578;53.15999984741211;53.20000076293945;10542;2021-05-12 12:30:00-04:00
53.18999862670898;53.275001525878906;52.95000076293945;52.95000076293945;15306;2021-05-12 13:30:00-04:00
52.98989868164063;53.02999877929688;52.77000045776367;52.83000183105469;11027;2021-05-12 14:30:00-04:00
52.810001373291016;52.959999084472656;52.720001220703125;52.95000076293945;42240;2021-05-12 15:30:00-04:00
52.29999923706055;52.630001068115234;52.20000076293945;52.400001525878906;12318;2021-05-13 09:30:00-04:00
52.459999084472656;52.5099983215332;52.18999862670898;52.18999862670898;7143;2021-05-13 10:30:00-04:00
52.2400016784668;52.26729965209961;52.0099983215332;52.119998931884766;9753;2021-05-13 11:30:00-04:00
52.12379837036133;52.20000076293945;51.83000183105469;51.900001525878906;6301;2021-05-13 12:30:00-04:00
51.93999862670898;52.130001068115234;51.7400016784668;52.130001068115234;16050;2021-05-13 13:30:00-04:00
52.09999847412109;52.28499984741211;52.065799713134766;52.06999969482422;9724;2021-05-13 14:30:00-04:00
52.08000183105469;52.220001220703125;52.05500030517578;52.220001220703125;22162;2021-05-13 15:30:00-04:00
52.0099983215332;52.66999816894531;52.0099983215332;52.59999847412109;11918;2021-05-14 09:30:00-04:00
52.540000915527344;52.630001068115234;52.47999954223633;52.56999969482422;5246;2021-05-14 10:30:00-04:00
52.650001525878906;52.72999954223633;52.59999847412109;52.63999938964844;4899;2021-05-14 11:30:00-04:00
52.619998931884766;52.7400016784668;52.59000015258789;52.7400016784668;4783;2021-05-14 12:30:00-04:00
52.70000076293945;52.79999923706055;52.65999984741211;52.79999923706055;11032;2021-05-14 13:30:00-04:00
52.79999923706055;52.79999923706055;52.68600082397461;52.72999954223633;9573;2021-05-14 14:30:00-04:00
52.709999084472656;52.77000045776367;52.61000061035156;52.65999984741211;18494;2021-05-14 15:30:00-04:00
52.65999984741211;52.77999877929688;52.41239929199219;52.7400016784668;10190;2021-05-17 09:30:00-04:00
52.66999816894531;52.88999938964844;52.65999984741211;52.81999969482422;9059;2021-05-17 10:30:00-04:00
52.79999923706055;52.900001525878906;52.790000915527344;52.86000061035156;7592;2021-05-17 11:30:00-04:00
52.86000061035156;52.93999862670898;52.810001373291016;52.83000183105469;8735;2021-05-17 12:30:00-04:00
52.790000915527344;52.85499954223633;52.65999984741211;52.72999954223633;13751;2021-05-17 13:30:00-04:00
52.7400016784668;52.875;52.650001525878906;52.84999847412109;7981;2021-05-17 14:30:00-04:00
52.84999847412109;52.93000030517578;52.790000915527344;52.83000183105469;27160;2021-05-17 15:30:00-04:00
54.04999923706055;54.31999969482422;53.9900016784668;54.08000183105469;32211;2021-05-18 09:30:00-04:00
54.005001068115234;54.13999938964844;54.0;54.04999923706055;14965;2021-05-18 10:30:00-04:00
54.06999969482422;54.08000183105469;53.70000076293945;53.810001373291016;9449;2021-05-18 11:30:00-04:00
53.880001068115234;53.93000030517578;53.7599983215332;53.869998931884766;7613;2021-05-18 12:30:00-04:00
53.91999816894531;54.09099960327149;53.900001525878906;54.05500030517578;13534;2021-05-18 13:30:00-04:00
54.08000183105469;54.15999984741211;53.93999862670898;54.15999984741211;17178;2021-05-18 14:30:00-04:00
54.15999984741211;54.18000030517578;53.9900016784668;54.040000915527344;23743;2021-05-18 15:30:00-04:00
53.68000030517578;53.77999877929688;53.150001525878906;53.400001525878906;20606;2021-05-19 09:30:00-04:00
53.40999984741211;53.560001373291016;53.290000915527344;53.560001373291016;11870;2021-05-19 10:30:00-04:00
53.63999938964844;53.81999969482422;53.58000183105469;53.75;5468;2021-05-19 11:30:00-04:00
53.68999862670898;53.970001220703125;53.68999862670898;53.84999847412109;13037;2021-05-19 12:30:00-04:00
53.880001068115234;53.880001068115234;53.52000045776367;53.75;5689;2021-05-19 13:30:00-04:00
53.619998931884766;53.67499923706055;53.470001220703125;53.66999816894531;12876;2021-05-19 14:30:00-04:00
53.650001525878906;53.79999923706055;53.60499954223633;53.77999877929688;23858;2021-05-19 15:30:00-04:00
52.900001525878906;53.03549957275391;52.560001373291016;52.70000076293945;26379;2021-05-20 09:30:00-04:00
52.66609954833984;52.80989837646485;52.59999847412109;52.65999984741211;11621;2021-05-20 10:30:00-04:00
52.75;52.81999969482422;52.671199798583984;52.68000030517578;6375;2021-05-20 11:30:00-04:00
52.650001525878906;52.70000076293945;52.560001373291016;52.560001373291016;3659;2021-05-20 12:30:00-04:00
52.54999923706055;52.65999984741211;52.54999923706055;52.58000183105469;10051;2021-05-20 13:30:00-04:00
52.58000183105469;52.73199844360352;52.52000045776367;52.72150039672852;9406;2021-05-20 14:30:00-04:00
52.72999954223633;52.81999969482422;52.61000061035156;52.66999816894531;15765;2021-05-20 15:30:00-04:00
53.0099983215332;53.33000183105469;52.91999816894531;53.09999847412109;9739;2021-05-21 09:30:00-04:00
53.150001525878906;53.15999984741211;53.0;53.0;7977;2021-05-21 10:30:00-04:00
52.93000030517578;53.0;52.81999969482422;52.845001220703125;11227;2021-05-21 11:30:00-04:00
52.845001220703125;52.84999847412109;52.68999862670898;52.71929931640625;11099;2021-05-21 12:30:00-04:00
52.68999862670898;52.77999877929688;52.68999862670898;52.755001068115234;4050;2021-05-21 13:30:00-04:00
52.810001373291016;52.81999969482422;52.720001220703125;52.720001220703125;4182;2021-05-21 14:30:00-04:00
52.720001220703125;52.76499938964844;52.59999847412109;52.709999084472656;13762;2021-05-21 15:30:00-04:00
52.900001525878906;52.97999954223633;52.72999954223633;52.83000183105469;7858;2021-05-24 09:30:00-04:00
52.957401275634766;53.0;52.83000183105469;52.95000076293945;9118;2021-05-24 10:30:00-04:00
52.90999984741211;52.959999084472656;52.79999923706055;52.86000061035156;5207;2021-05-24 11:30:00-04:00
52.82500076293945;52.959999084472656;52.79999923706055;52.95000076293945;3317;2021-05-24 12:30:00-04:00
52.95000076293945;53.08000183105469;52.93000030517578;53.040000915527344;5578;2021-05-24 13:30:00-04:00
53.060001373291016;53.08000183105469;53.03499984741211;53.06999969482422;5105;2021-05-24 14:30:00-04:00
53.06999969482422;53.09000015258789;53.01900100708008;53.09000015258789;8395;2021-05-24 15:30:00-04:00
53.22999954223633;53.47999954223633;53.18999862670898;53.25;16811;2021-05-25 09:30:00-04:00
53.25;53.25899887084961;53.02000045776367;53.02000045776367;8637;2021-05-25 10:30:00-04:00
53.02999877929688;53.09999847412109;52.977298736572266;53.02999877929688;9084;2021-05-25 11:30:00-04:00
53.02999877929688;53.09999847412109;52.97999954223633;53.040000915527344;9028;2021-05-25 12:30:00-04:00
53.040000915527344;53.04100036621094;52.93999862670898;52.95000076293945;5766;2021-05-25 13:30:00-04:00
52.9900016784668;53.02999877929688;52.91999816894531;52.97999954223633;8736;2021-05-25 14:30:00-04:00
52.970001220703125;53.0099983215332;52.93000030517578;52.93000030517578;37214;2021-05-25 15:30:00-04:00
52.84999847412109;52.970001220703125;52.68999862670898;52.70000076293945;9722;2021-05-26 09:30:00-04:00
52.7400016784668;52.84000015258789;52.709999084472656;52.790000915527344;6705;2021-05-26 10:30:00-04:00
52.81499862670898;52.91999816894531;52.7599983215332;52.81999969482422;4442;2021-05-26 11:30:00-04:00
52.83200073242188;52.900001525878906;52.83000183105469;52.900001525878906;4170;2021-05-26 12:30:00-04:00
52.880001068115234;52.915000915527344;52.81999969482422;52.875;6512;2021-05-26 13:30:00-04:00
52.86000061035156;52.90999984741211;52.83000183105469;52.900001525878906;8549;2021-05-26 14:30:00-04:00
52.900001525878906;53.06999969482422;52.900001525878906;53.02999877929688;18998;2021-05-26 15:30:00-04:00
53.70000076293945;53.880001068115234;53.70000076293945;53.70000076293945;19812;2021-05-27 09:30:00-04:00
53.72999954223633;53.72999954223633;53.5099983215332;53.53499984741211;11961;2021-05-27 10:30:00-04:00
53.52999877929688;53.630001068115234;53.43000030517578;53.43000030517578;6105;2021-05-27 11:30:00-04:00
53.43999862670898;53.56900024414063;53.380001068115234;53.380001068115234;11806;2021-05-27 12:30:00-04:00
53.48899841308594;53.48899841308594;53.36000061035156;53.47999954223633;6918;2021-05-27 13:30:00-04:00
53.459999084472656;53.540000915527344;53.43999862670898;53.5099983215332;8639;2021-05-27 14:30:00-04:00
53.525001525878906;53.7400016784668;53.47999954223633;53.66999816894531;20813;2021-05-27 15:30:00-04:00
53.959999084472656;54.22999954223633;53.90850067138672;54.03279876708984;25192;2021-05-28 09:30:00-04:00
54.02999877929688;54.16999816894531;53.97529983520508;54.16999816894531;14353;2021-05-28 10:30:00-04:00
54.084999084472656;54.084999084472656;53.95000076293945;54.04990005493164;18520;2021-05-28 11:30:00-04:00
54.0099983215332;54.08000183105469;54.0;54.04999923706055;5198;2021-05-28 12:30:00-04:00
54.11000061035156;54.13999938964844;54.0;54.06999969482422;5837;2021-05-28 13:30:00-04:00
54.089298248291016;54.09000015258789;53.959999084472656;53.959999084472656;11506;2021-05-28 14:30:00-04:00
54.02669906616211;54.150001525878906;54.0099983215332;54.0099983215332;30395;2021-05-28 15:30:00-04:00
54.9900016784668;55.0;54.619998931884766;54.880001068115234;46507;2021-06-01 09:30:00-04:00
54.9900016784668;54.9900016784668;54.84000015258789;54.84000015258789;15523;2021-06-01 10:30:00-04:00
54.82099914550781;54.90560150146485;54.72999954223633;54.880001068115234;15323;2021-06-01 11:30:00-04:00
54.880001068115234;54.880001068115234;54.59999847412109;54.77000045776367;10589;2021-06-01 12:30:00-04:00
54.72999954223633;54.7400016784668;54.619998931884766;54.70000076293945;8888;2021-06-01 13:30:00-04:00
54.70040130615234;54.869998931884766;54.619998931884766;54.869998931884766;15353;2021-06-01 14:30:00-04:00
54.83000183105469;54.88999938964844;54.79999923706055;54.880001068115234;28489;2021-06-01 15:30:00-04:00
55.0;55.31499862670898;54.7672004699707;55.31499862670898;26374;2021-06-02 09:30:00-04:00
55.31499862670898;55.34999847412109;55.21500015258789;55.31499862670898;12710;2021-06-02 10:30:00-04:00
55.34999847412109;55.5;55.34999847412109;55.494998931884766;7807;2021-06-02 11:30:00-04:00
55.494998931884766;55.494998931884766;55.380001068115234;55.38999938964844;4177;2021-06-02 12:30:00-04:00
55.34999847412109;55.34999847412109;55.220001220703125;55.31999969482422;7023;2021-06-02 13:30:00-04:00
55.34000015258789;55.470001220703125;55.310001373291016;55.369998931884766;10887;2021-06-02 14:30:00-04:00
55.3849983215332;55.40999984741211;55.29499816894531;55.369998931884766;23433;2021-06-02 15:30:00-04:00
54.880001068115234;55.220001220703125;54.63010025024414;54.970001220703125;28642;2021-06-03 09:30:00-04:00
54.93000030517578;54.95000076293945;54.79999923706055;54.875;10300;2021-06-03 10:30:00-04:00
54.8650016784668;54.97999954223633;54.81999969482422;54.81999969482422;7889;2021-06-03 11:30:00-04:00
54.810001373291016;54.93999862670898;54.810001373291016;54.84999847412109;13242;2021-06-03 12:30:00-04:00
54.8849983215332;54.959999084472656;54.84999847412109;54.900001525878906;11674;2021-06-03 13:30:00-04:00
54.900001525878906;54.900001525878906;54.79999923706055;54.81999969482422;13543;2021-06-03 14:30:00-04:00
54.84000015258789;54.959999084472656;54.84000015258789;54.84999847412109;25920;2021-06-03 15:30:00-04:00
55.22999954223633;55.43000030517578;55.10010147094727;55.310001373291016;32615;2021-06-04 09:30:00-04:00
55.33000183105469;55.33000183105469;55.220001220703125;55.22999954223633;20530;2021-06-04 10:30:00-04:00
55.220001220703125;55.33000183105469;55.15999984741211;55.15999984741211;16779;2021-06-04 11:30:00-04:00
55.2599983215332;55.33000183105469;55.19110107421875;55.33000183105469;7140;2021-06-04 12:30:00-04:00
55.34999847412109;55.54999923706055;55.34999847412109;55.525001525878906;11344;2021-06-04 13:30:00-04:00
55.54999923706055;55.56999969482422;55.4900016784668;55.54999923706055;8769;2021-06-04 14:30:00-04:00
55.59000015258789;55.619998931884766;55.5;55.61000061035156;21105;2021-06-04 15:30:00-04:00
55.59999847412109;55.77330017089844;55.38999938964844;55.68000030517578;56935;2021-06-07 09:30:00-04:00
55.65999984741211;55.68000030517578;55.45000076293945;55.45000076293945;22233;2021-06-07 10:30:00-04:00
55.43999862670898;55.45000076293945;55.2599983215332;55.28499984741211;26509;2021-06-07 11:30:00-04:00
55.27099990844727;55.310001373291016;55.20000076293945;55.27000045776367;29787;2021-06-07 12:30:00-04:00
55.22999954223633;55.290000915527344;55.15999984741211;55.2400016784668;23125;2021-06-07 13:30:00-04:00
55.23500061035156;55.27000045776367;55.13999938964844;55.20000076293945;51371;2021-06-07 14:30:00-04:00
55.18999862670898;55.20000076293945;55.060001373291016;55.060001373291016;48410;2021-06-07 15:30:00-04:00
52.59000015258789;52.970001220703125;52.18000030517578;52.40999984741211;61032;2021-06-08 09:30:00-04:00
52.400001525878906;52.47999954223633;52.310001373291016;52.47999954223633;16529;2021-06-08 10:30:00-04:00
52.47999954223633;52.619998931884766;52.470001220703125;52.52000045776367;10823;2021-06-08 11:30:00-04:00
52.560001373291016;52.70000076293945;52.5099983215332;52.68000030517578;15798;2021-06-08 12:30:00-04:00
52.68000030517578;52.75;52.59000015258789;52.619998931884766;11685;2021-06-08 13:30:00-04:00
52.630001068115234;52.75;52.58000183105469;52.720001220703125;14616;2021-06-08 14:30:00-04:00
52.709999084472656;52.93999862670898;52.70000076293945;52.93999862670898;45138;2021-06-08 15:30:00-04:00
53.47999954223633;53.880001068115234;53.29999923706055;53.36000061035156;60169;2021-06-09 09:30:00-04:00
53.32500076293945;53.41999816894531;53.209999084472656;53.25;17566;2021-06-09 10:30:00-04:00
53.28499984741211;53.38999938964844;53.21009826660156;53.2599983215332;8994;2021-06-09 11:30:00-04:00
53.26620101928711;53.31689834594727;53.22999954223633;53.27320098876953;5485;2021-06-09 12:30:00-04:00
53.2599983215332;53.36000061035156;53.18999862670898;53.36000061035156;12200;2021-06-09 13:30:00-04:00
53.31999969482422;53.36000061035156;53.22999954223633;53.27000045776367;13752;2021-06-09 14:30:00-04:00
53.22999954223633;53.33000183105469;53.13999938964844;53.150001525878906;25736;2021-06-09 15:30:00-04:00
53.310001373291016;53.70000076293945;53.310001373291016;53.470001220703125;25158;2021-06-10 09:30:00-04:00
53.45000076293945;53.47999954223633;53.290000915527344;53.41999816894531;6969;2021-06-10 10:30:00-04:00
53.400001525878906;53.41999816894531;53.0;53.2400016784668;8651;2021-06-10 11:30:00-04:00
53.290000915527344;53.34999847412109;53.27999877929688;53.34000015258789;4833;2021-06-10 12:30:00-04:00
53.34000015258789;53.47999954223633;53.34000015258789;53.45090103149414;10557;2021-06-10 13:30:00-04:00
53.459999084472656;53.459999084472656;53.380001068115234;53.415000915527344;9085;2021-06-10 14:30:00-04:00
53.40999984741211;53.43999862670898;53.27999877929688;53.310001373291016;22515;2021-06-10 15:30:00-04:00
54.22999954223633;54.36000061035156;53.91999816894531;53.91999816894531;48553;2021-06-11 09:30:00-04:00
53.90999984741211;53.970001220703125;53.62779998779297;53.68999862670898;11231;2021-06-11 10:30:00-04:00
53.70500183105469;53.77999877929688;53.63999938964844;53.68999862670898;21763;2021-06-11 11:30:00-04:00
53.69499969482422;53.7400016784668;53.63999938964844;53.70000076293945;12089;2021-06-11 12:30:00-04:00
53.709999084472656;53.90999984741211;53.70000076293945;53.84000015258789;15101;2021-06-11 13:30:00-04:00
53.84000015258789;53.899898529052734;53.79999923706055;53.84000015258789;12158;2021-06-11 14:30:00-04:00
53.84999847412109;53.93000030517578;53.790000915527344;53.900001525878906;27136;2021-06-11 15:30:00-04:00
53.869998931884766;54.369998931884766;53.869998931884766;54.2599983215332;41342;2021-06-14 09:30:00-04:00
54.31999969482422;54.72999954223633;54.31999969482422;54.709999084472656;44402;2021-06-14 10:30:00-04:00
54.68999862670898;54.68999862670898;54.459999084472656;54.52999877929688;11615;2021-06-14 11:30:00-04:00
54.459999084472656;54.4900016784668;54.27999877929688;54.36000061035156;15577;2021-06-14 12:30:00-04:00
54.27999877929688;54.334999084472656;54.18000030517578;54.18999862670898;9691;2021-06-14 13:30:00-04:00
54.16999816894531;54.40999984741211;54.040000915527344;54.310001373291016;25371;2021-06-14 14:30:00-04:00
54.310001373291016;54.5;54.310001373291016;54.43999862670898;15093;2021-06-14 15:30:00-04:00
54.0;54.33000183105469;53.84999847412109;53.84999847412109;36444;2021-06-15 09:30:00-04:00
53.81050109863281;53.88719940185547;53.7400016784668;53.77999877929688;16490;2021-06-15 10:30:00-04:00
53.72999954223633;53.77999877929688;53.68000030517578;53.72999954223633;5477;2021-06-15 11:30:00-04:00
53.720001220703125;53.86000061035156;53.709999084472656;53.76100158691406;11196;2021-06-15 12:30:00-04:00
53.775001525878906;53.86000061035156;53.720001220703125;53.86000061035156;15395;2021-06-15 13:30:00-04:00
53.86000061035156;53.880001068115234;53.7400016784668;53.7599983215332;23825;2021-06-15 14:30:00-04:00
53.79999923706055;53.959999084472656;53.77000045776367;53.93999862670898;30899;2021-06-15 15:30:00-04:00
53.95000076293945;53.95000076293945;53.52000045776367;53.59000015258789;12135;2021-06-16 09:30:00-04:00
53.560001373291016;53.84999847412109;53.560001373291016;53.84999847412109;5119;2021-06-16 10:30:00-04:00
53.86000061035156;53.90499877929688;53.755001068115234;53.790000915527344;10289;2021-06-16 11:30:00-04:00
53.77000045776367;53.810001373291016;53.59999847412109;53.619998931884766;5647;2021-06-16 12:30:00-04:00
53.64500045776367;53.68999862670898;53.22999954223633;53.470001220703125;11566;2021-06-16 13:30:00-04:00
53.43999862670898;53.65999984741211;53.34099960327149;53.63999938964844;10082;2021-06-16 14:30:00-04:00
53.65999984741211;53.65999984741211;53.45000076293945;53.45000076293945;21851;2021-06-16 15:30:00-04:00
53.27000045776367;53.310001373291016;52.91999816894531;52.959999084472656;13066;2021-06-17 09:30:00-04:00
52.97999954223633;53.0536003112793;52.59999847412109;52.625;18473;2021-06-17 10:30:00-04:00
52.61000061035156;52.650001525878906;52.27000045776367;52.380001068115234;35038;2021-06-17 11:30:00-04:00
52.31999969482422;52.7400016784668;52.31999969482422;52.7400016784668;20420;2021-06-17 12:30:00-04:00
52.7400016784668;52.75;52.540000915527344;52.67919921875;9896;2021-06-17 13:30:00-04:00
52.61650085449219;52.77000045776367;52.560001373291016;52.7599983215332;14831;2021-06-17 14:30:00-04:00
52.810001373291016;52.90999984741211;52.63999938964844;52.720001220703125;23314;2021-06-17 15:30:00-04:00
51.58000183105469;51.58000183105469;50.70000076293945;50.88999938964844;40100;2021-06-18 09:30:00-04:00
50.84000015258789;51.0;50.83000183105469;50.86000061035156;17543;2021-06-18 10:30:00-04:00
50.810001373291016;50.979000091552734;50.810001373291016;50.84999847412109;14187;2021-06-18 11:30:00-04:00
50.83000183105469;50.83000183105469;50.66999816894531;50.75;11029;2021-06-18 12:30:00-04:00
50.75;51.08520126342773;50.70000076293945;51.02000045776367;12863;2021-06-18 13:30:00-04:00
51.0;51.04999923706055;50.84999847412109;50.90999984741211;24926;2021-06-18 14:30:00-04:00
50.90999984741211;50.959999084472656;50.65999984741211;50.65999984741211;36300;2021-06-18 15:30:00-04:00
50.880001068115234;51.290000915527344;50.880001068115234;51.209999084472656;18048;2021-06-21 09:30:00-04:00
51.220001220703125;51.255001068115234;51.09000015258789;51.119998931884766;6612;2021-06-21 10:30:00-04:00
51.15999984741211;51.31999969482422;51.130001068115234;51.31999969482422;6303;2021-06-21 11:30:00-04:00
51.29999923706055;51.400001525878906;51.2400016784668;51.400001525878906;6954;2021-06-21 12:30:00-04:00
51.380001068115234;51.43999862670898;51.36000061035156;51.369998931884766;7932;2021-06-21 13:30:00-04:00
51.38999938964844;51.47999954223633;51.380001068115234;51.459999084472656;6951;2021-06-21 14:30:00-04:00
51.47999954223633;51.560001373291016;51.400001525878906;51.470001220703125;23264;2021-06-21 15:30:00-04:00
52.54999923706055;52.560001373291016;52.29999923706055;52.459999084472656;42363;2021-06-22 09:30:00-04:00
52.47999954223633;52.5099983215332;52.369998931884766;52.40499877929688;16948;2021-06-22 10:30:00-04:00
52.40999984741211;52.40999984741211;52.22999954223633;52.27999877929688;13563;2021-06-22 11:30:00-04:00
52.27000045776367;52.32500076293945;52.18000030517578;52.209999084472656;17558;2021-06-22 12:30:00-04:00
52.209999084472656;52.27999877929688;52.18000030517578;52.220001220703125;28542;2021-06-22 13:30:00-04:00
52.2599983215332;52.4900016784668;52.18999862670898;52.4900016784668;17974;2021-06-22 14:30:00-04:00
52.43999862670898;52.459999084472656;52.310001373291016;52.33000183105469;23519;2021-06-22 15:30:00-04:00
52.7400016784668;53.119998931884766;52.69010162353516;52.93000030517578;21240;2021-06-23 09:30:00-04:00
52.880001068115234;52.880001068115234;52.68000030517578;52.72999954223633;9388;2021-06-23 10:30:00-04:00
52.66999816894531;52.66999816894531;52.52999877929688;52.650001525878906;3356;2021-06-23 11:30:00-04:00
52.63999938964844;52.63999938964844;52.5099983215332;52.56999969482422;6885;2021-06-23 12:30:00-04:00
52.61000061035156;52.720001220703125;52.60969924926758;52.720001220703125;9197;2021-06-23 13:30:00-04:00
52.65999984741211;52.72999954223633;52.59000015258789;52.61000061035156;5590;2021-06-23 14:30:00-04:00
52.61000061035156;52.61000061035156;52.47999954223633;52.5099983215332;11707;2021-06-23 15:30:00-04:00
53.209999084472656;53.2599983215332;52.91999816894531;52.93999862670898;23779;2021-06-24 09:30:00-04:00
52.959999084472656;53.09999847412109;52.93000030517578;53.02000045776367;8516;2021-06-24 10:30:00-04:00
53.0;53.02000045776367;52.93999862670898;53.0;8613;2021-06-24 11:30:00-04:00
53.0;53.220001220703125;52.995601654052734;53.209999084472656;10820;2021-06-24 12:30:00-04:00
53.18000030517578;53.310001373291016;53.15999984741211;53.23500061035156;20958;2021-06-24 13:30:00-04:00
53.2599983215332;53.27000045776367;53.18000030517578;53.18000030517578;6062;2021-06-24 14:30:00-04:00
53.20000076293945;53.36000061035156;53.15999984741211;53.310001373291016;22837;2021-06-24 15:30:00-04:00
53.11000061035156;53.29999923706055;53.08000183105469;53.150001525878906;0;2021-06-25 09:30:00-04:00
53.20000076293945;53.20000076293945;53.10499954223633;53.10499954223633;5846;2021-06-25 10:30:00-04:00
53.13999938964844;53.2400016784668;53.08000183105469;53.20000076293945;9895;2021-06-25 11:30:00-04:00
53.18999862670898;53.220001220703125;53.11000061035156;53.11000061035156;5552;2021-06-25 12:30:00-04:00
53.130001068115234;53.18000030517578;53.08000183105469;53.18000030517578;5514;2021-06-25 13:30:00-04:00
53.18000030517578;53.2400016784668;53.15999984741211;53.220001220703125;5066;2021-06-25 14:30:00-04:00
53.2400016784668;53.27000045776367;53.150001525878906;53.22999954223633;9265;2021-06-25 15:30:00-04:00
53.380001068115234;53.380001068115234;52.5;52.5;19652;2021-06-28 09:30:00-04:00
52.61000061035156;52.70000076293945;52.4900016784668;52.4900016784668;15198;2021-06-28 10:30:00-04:00
52.47999954223633;52.540000915527344;52.43000030517578;52.43999862670898;8739;2021-06-28 11:30:00-04:00
52.400001525878906;52.52999877929688;52.380001068115234;52.43000030517578;5997;2021-06-28 12:30:00-04:00
52.47999954223633;52.54999923706055;52.47999954223633;52.53400039672852;3698;2021-06-28 13:30:00-04:00
52.53010177612305;52.56499862670898;52.459999084472656;52.52999877929688;5153;2021-06-28 14:30:00-04:00
52.47999954223633;52.59000015258789;52.43999862670898;52.59000015258789;21552;2021-06-28 15:30:00-04:00
51.41999816894531;51.41999816894531;50.720001220703125;50.880001068115234;35022;2021-06-29 09:30:00-04:00
50.880001068115234;50.90999984741211;50.73270034790039;50.810001373291016;15758;2021-06-29 10:30:00-04:00
50.84000015258789;51.0099983215332;50.84000015258789;50.959999084472656;7380;2021-06-29 11:30:00-04:00
50.93000030517578;50.93999862670898;50.84999847412109;50.880001068115234;4437;2021-06-29 12:30:00-04:00
50.84999847412109;50.93000030517578;50.84999847412109;50.91999816894531;17297;2021-06-29 13:30:00-04:00
50.93999862670898;51.0;50.900001525878906;50.915000915527344;16154;2021-06-29 14:30:00-04:00
50.91999816894531;51.03070068359375;50.900001525878906;51.0099983215332;19501;2021-06-29 15:30:00-04:00
51.0099983215332;51.18999862670898;50.77999877929688;51.02000045776367;21155;2021-06-30 09:30:00-04:00
51.02000045776367;51.060001373291016;50.79999923706055;50.880001068115234;10434;2021-06-30 10:30:00-04:00
50.95869827270508;51.060001373291016;50.90999984741211;51.0099983215332;2666;2021-06-30 11:30:00-04:00
51.040000915527344;51.13809967041016;51.01940155029297;51.04999923706055;7874;2021-06-30 12:30:00-04:00
51.040000915527344;51.05009841918945;50.81999969482422;51.0;10594;2021-06-30 13:30:00-04:00
51.02999877929688;51.06859970092773;51.02000045776367;51.02999877929688;8972;2021-06-30 14:30:00-04:00
51.025001525878906;51.08000183105469;51.0099983215332;51.0099983215332;23110;2021-06-30 15:30:00-04:00
51.84000015258789;52.040000915527344;51.65999984741211;52.0;32707;2021-07-01 09:30:00-04:00
51.93000030517578;52.13999938964844;51.880001068115234;52.13999938964844;22975;2021-07-01 10:30:00-04:00
52.1349983215332;52.43000030517578;52.11009979248047;52.31999969482422;10541;2021-07-01 11:30:00-04:00
52.345001220703125;52.54999923706055;52.2599983215332;52.4900016784668;5390;2021-07-01 12:30:00-04:00
52.54249954223633;52.54249954223633;52.09000015258789;52.25;13732;2021-07-01 13:30:00-04:00
52.2400016784668;52.36000061035156;52.16999816894531;52.290000915527344;7366;2021-07-01 14:30:00-04:00
52.27000045776367;52.29999923706055;52.04999923706055;52.04999923706055;15742;2021-07-01 15:30:00-04:00
48.97999954223633;48.97999954223633;48.900001525878906;48.95000076293945;197468;2021-07-07 14:30:00-04:00
47.959999084472656;48.0;47.56499862670898;47.68000030517578;56514;2021-07-08 09:30:00-04:00
47.71440124511719;47.79999923706055;47.58000183105469;47.66999816894531;27244;2021-07-08 10:30:00-04:00
47.81999969482422;47.869998931884766;47.7400016784668;47.790000915527344;32854;2021-07-08 11:30:00-04:00
47.79999923706055;47.81999969482422;47.7400016784668;47.77000045776367;18733;2021-07-08 12:30:00-04:00
47.79999923706055;47.81999969482422;47.72999954223633;47.755001068115234;30558;2021-07-08 13:30:00-04:00
47.7599983215332;47.88999938964844;47.75;47.88999938964844;24363;2021-07-08 14:30:00-04:00
47.90999984741211;47.91999816894531;47.75;47.79999923706055;27352;2021-07-08 15:30:00-04:00
48.0099983215332;48.18999862670898;47.20000076293945;47.43999862670898;152860;2021-07-09 09:30:00-04:00
47.5;47.84999847412109;47.38999938964844;47.84999847412109;41307;2021-07-09 10:30:00-04:00
47.84000015258789;47.9900016784668;47.84000015258789;47.93999862670898;31802;2021-07-09 11:30:00-04:00
47.900001525878906;48.03499984741211;47.86000061035156;48.03499984741211;14365;2021-07-09 12:30:00-04:00
48.02000045776367;48.119998931884766;47.900001525878906;48.0099983215332;23296;2021-07-09 13:30:00-04:00
47.994998931884766;48.06999969482422;47.900001525878906;48.06499862670898;33337;2021-07-09 14:30:00-04:00
48.05500030517578;48.08000183105469;47.95000076293945;48.08000183105469;48041;2021-07-09 15:30:00-04:00
47.45000076293945;47.56999969482422;47.04999923706055;47.43999862670898;66820;2021-07-12 09:30:00-04:00
47.52000045776367;47.52000045776367;47.220001220703125;47.2599983215332;24391;2021-07-12 10:30:00-04:00
47.25;47.29999923706055;47.15999984741211;47.18000030517578;18258;2021-07-12 11:30:00-04:00
47.18000030517578;47.249000549316406;47.119998931884766;47.209999084472656;14333;2021-07-12 12:30:00-04:00
47.25;47.29999923706055;47.220001220703125;47.290000915527344;14412;2021-07-12 13:30:00-04:00
47.290000915527344;47.310001373291016;47.255001068115234;47.27999877929688;31494;2021-07-12 14:30:00-04:00
47.2599983215332;47.2599983215332;47.150001525878906;47.150001525878906;33871;2021-07-12 15:30:00-04:00
48.0099983215332;48.13999938964844;47.84000015258789;47.970001220703125;40506;2021-07-13 09:30:00-04:00
48.02000045776367;48.119998931884766;47.95489883422852;48.0;20834;2021-07-13 10:30:00-04:00
48.0;48.25;48.0;48.14500045776367;24469;2021-07-13 11:30:00-04:00
48.130001068115234;48.15999984741211;48.060001373291016;48.150001525878906;23337;2021-07-13 12:30:00-04:00
48.13999938964844;48.290000915527344;48.130001068115234;48.22499847412109;28304;2021-07-13 13:30:00-04:00
48.20000076293945;48.2400016784668;48.13999938964844;48.15999984741211;26838;2021-07-13 14:30:00-04:00
48.18000030517578;48.220001220703125;48.150001525878906;48.209999084472656;39068;2021-07-13 15:30:00-04:00
48.59000015258789;48.720001220703125;48.27000045776367;48.36000061035156;24623;2021-07-14 09:30:00-04:00
48.380001068115234;48.380001068115234;48.27000045776367;48.34000015258789;8113;2021-07-14 10:30:00-04:00
48.34999847412109;48.34999847412109;48.09000015258789;48.25;22292;2021-07-14 11:30:00-04:00
48.2400016784668;48.27000045776367;48.13999938964844;48.2400016784668;21023;2021-07-14 12:30:00-04:00
48.29999923706055;48.310001373291016;48.150001525878906;48.16999816894531;16137;2021-07-14 13:30:00-04:00
48.150001525878906;48.150001525878906;48.0;48.0;18309;2021-07-14 14:30:00-04:00
48.0;48.02999877929688;47.93999862670898;47.970001220703125;24840;2021-07-14 15:30:00-04:00
48.15999984741211;48.22999954223633;48.025001525878906;48.13999938964844;15778;2021-07-15 09:30:00-04:00
48.130001068115234;48.209999084472656;48.09999847412109;48.20000076293945;7181;2021-07-15 10:30:00-04:00
48.20000076293945;48.209999084472656;48.119998931884766;48.209999084472656;12979;2021-07-15 11:30:00-04:00
48.20000076293945;48.209999084472656;48.119998931884766;48.18999862670898;9326;2021-07-15 12:30:00-04:00
48.13999938964844;48.18000030517578;48.084999084472656;48.11000061035156;29946;2021-07-15 13:30:00-04:00
48.09999847412109;48.119998931884766;48.02439880371094;48.08000183105469;27731;2021-07-15 14:30:00-04:00
48.09000015258789;48.11000061035156;48.06999969482422;48.06999969482422;33305;2021-07-15 15:30:00-04:00
48.31999969482422;48.34999847412109;47.52999877929688;47.52999877929688;17733;2021-07-16 09:30:00-04:00
47.58000183105469;47.7599983215332;47.52999877929688;47.720001220703125;21004;2021-07-16 10:30:00-04:00
47.70000076293945;47.79380035400391;47.560001373291016;47.560001373291016;18869;2021-07-16 11:30:00-04:00
47.56999969482422;47.66999816894531;47.56999969482422;47.65999984741211;17748;2021-07-16 12:30:00-04:00
47.63999938964844;47.63999938964844;47.45000076293945;47.45000076293945;22085;2021-07-16 13:30:00-04:00
47.43999862670898;47.4900016784668;47.369998931884766;47.41999816894531;16111;2021-07-16 14:30:00-04:00
47.40999984741211;47.4900016784668;47.38999938964844;47.45000076293945;22664;2021-07-16 15:30:00-04:00
46.380001068115234;46.4900016784668;45.93999862670898;46.060001373291016;52784;2021-07-19 09:30:00-04:00
46.02999877929688;46.150001525878906;45.91999816894531;46.040000915527344;11021;2021-07-19 10:30:00-04:00
45.9900016784668;46.13999938964844;45.91999816894531;45.980899810791016;17465;2021-07-19 11:30:00-04:00
46.0;46.18999862670898;45.959999084472656;46.18999862670898;15337;2021-07-19 12:30:00-04:00
46.18000030517578;46.255001068115234;46.130001068115234;46.22600173950195;16851;2021-07-19 13:30:00-04:00
46.27000045776367;46.290000915527344;46.18000030517578;46.22999954223633;16150;2021-07-19 14:30:00-04:00
46.22999954223633;46.459999084472656;46.209999084472656;46.459999084472656;39094;2021-07-19 15:30:00-04:00
45.86000061035156;46.18000030517578;45.619998931884766;46.18000030517578;29600;2021-07-20 09:30:00-04:00
46.220001220703125;46.290000915527344;46.02000045776367;46.02000045776367;19531;2021-07-20 10:30:00-04:00
46.04999923706055;46.130001068115234;45.93999862670898;46.0;13848;2021-07-20 11:30:00-04:00
46.02000045776367;46.060001373291016;45.90999984741211;45.93000030517578;14587;2021-07-20 12:30:00-04:00
45.91999816894531;46.08000183105469;45.880001068115234;45.95000076293945;22765;2021-07-20 13:30:00-04:00
45.959999084472656;46.15999984741211;45.95000076293945;46.13999938964844;17744;2021-07-20 14:30:00-04:00
46.15999984741211;46.27000045776367;46.119998931884766;46.18000030517578;21696;2021-07-20 15:30:00-04:00
