Open;High;Low;Close;Volume;Time
71.20999908447266;71.51000213623047;71.02999877929688;71.44000244140625;0;2019-07-23 09:30:00-04:00
71.5;71.83499908447266;71.23999786376953;71.4800033569336;33484;2019-07-23 10:30:00-04:00
71.44000244140625;71.7300033569336;71.22000122070312;71.67500305175781;74726;2019-07-23 11:30:00-04:00
71.68000030517578;71.76000213623047;71.55000305175781;71.66000366210938;77432;2019-07-23 12:30:00-04:00
71.66999816894531;71.9800033569336;71.52999877929688;71.62000274658203;27070;2019-07-23 13:30:00-04:00
71.63999938964844;71.75;71.55999755859375;71.6500015258789;26165;2019-07-23 14:30:00-04:00
71.6500015258789;71.7699966430664;71.51000213623047;71.75;41698;2019-07-23 15:30:00-04:00
71.61000061035156;71.6500015258789;71.11000061035156;71.2699966430664;48372;2019-07-24 09:30:00-04:00
71.2300033569336;71.81999969482422;71.04000091552734;71.5999984741211;66563;2019-07-24 10:30:00-04:00
71.55500030517578;71.9000015258789;71.52999877929688;71.76000213623047;50545;2019-07-24 11:30:00-04:00
71.72000122070312;72.37000274658203;71.69999694824219;72.26000213623047;48201;2019-07-24 12:30:00-04:00
72.19999694824219;72.20999908447266;71.86000061035156;72.01000213623047;21281;2019-07-24 13:30:00-04:00
71.98999786376953;72.31999969482422;71.8499984741211;72.27999877929688;41013;2019-07-24 14:30:00-04:00
72.27999877929688;72.38999938964844;72.26000213623047;72.37999725341797;62167;2019-07-24 15:30:00-04:00
72.37999725341797;72.83000183105469;71.88999938964844;72.4000015258789;23156;2019-07-25 09:30:00-04:00
72.45500183105469;72.97000122070312;72.30000305175781;72.5199966430664;45649;2019-07-25 10:30:00-04:00
72.5999984741211;73.0199966430664;72.51000213623047;72.94499969482422;24042;2019-07-25 11:30:00-04:00
73.0199966430664;73.0199966430664;72.41000366210938;72.4800033569336;27400;2019-07-25 12:30:00-04:00
72.5;73.08999633789062;72.44999694824219;73.08999633789062;52658;2019-07-25 13:30:00-04:00
73.05999755859375;73.05999755859375;72.61000061035156;72.66500091552734;90015;2019-07-25 14:30:00-04:00
72.66999816894531;72.68000030517578;72.11000061035156;72.25;74376;2019-07-25 15:30:00-04:00
72.80000305175781;76.38279724121094;72.72000122070312;75.83589935302734;111531;2019-07-26 09:30:00-04:00
75.88330078125;76.56999969482422;75.22000122070312;75.55999755859375;32932;2019-07-26 10:30:00-04:00
75.58499908447266;75.81999969482422;75.03500366210938;75.41999816894531;37370;2019-07-26 11:30:00-04:00
75.41999816894531;75.91999816894531;75.38500213623047;75.76000213623047;37257;2019-07-26 12:30:00-04:00
75.77999877929688;75.97000122070312;75.45999908447266;75.69000244140625;27966;2019-07-26 13:30:00-04:00
75.66000366210938;76.4000015258789;75.66000366210938;76.19499969482422;79323;2019-07-26 14:30:00-04:00
76.19499969482422;76.9000015258789;76.1449966430664;76.77999877929688;165897;2019-07-26 15:30:00-04:00
76.23999786376953;76.91999816894531;72.94999694824219;73.16000366210938;182077;2019-07-29 09:30:00-04:00
73.16539764404297;74.16000366210938;73.0;73.37999725341797;91782;2019-07-29 10:30:00-04:00
73.29550170898438;73.33000183105469;72.20999908447266;72.25;147158;2019-07-29 11:30:00-04:00
72.25;73.2699966430664;72.11000061035156;72.6500015258789;77569;2019-07-29 12:30:00-04:00
72.6500015258789;73.23999786376953;72.5999984741211;72.84500122070312;80421;2019-07-29 13:30:00-04:00
72.83000183105469;73.0199966430664;72.62999725341797;72.94000244140625;92154;2019-07-29 14:30:00-04:00
72.94999694824219;73.52999877929688;72.94999694824219;73.4800033569336;108060;2019-07-29 15:30:00-04:00
72.80000305175781;72.80000305175781;70.61000061035156;70.875;103625;2019-07-30 09:30:00-04:00
70.875;71.69999694824219;70.76000213623047;71.38999938964844;75635;2019-07-30 10:30:00-04:00
71.41000366210938;71.57499694824219;71.12000274658203;71.2249984741211;62667;2019-07-30 11:30:00-04:00
71.29000091552734;71.29000091552734;71.01000213623047;71.16000366210938;48003;2019-07-30 12:30:00-04:00
71.1500015258789;72.0;71.1500015258789;71.99500274658203;122880;2019-07-30 13:30:00-04:00
71.99500274658203;72.48500061035156;71.99500274658203;72.38999938964844;39573;2019-07-30 14:30:00-04:00
72.38500213623047;72.87000274658203;72.3499984741211;72.87000274658203;89952;2019-07-30 15:30:00-04:00
73.04000091552734;73.91999816894531;73.04000091552734;73.80000305175781;30917;2019-07-31 09:30:00-04:00
73.86000061035156;74.20999908447266;73.55999755859375;73.80000305175781;43103;2019-07-31 10:30:00-04:00
73.80000305175781;73.9800033569336;73.506103515625;73.506103515625;40466;2019-07-31 11:30:00-04:00
73.48999786376953;74.05000305175781;73.45999908447266;73.94999694824219;58781;2019-07-31 12:30:00-04:00
73.88999938964844;74.36000061035156;73.68499755859375;74.23500061035156;37840;2019-07-31 13:30:00-04:00
74.25;74.5;72.98999786376953;74.06999969482422;75036;2019-07-31 14:30:00-04:00
74.08000183105469;74.08000183105469;73.52999877929688;73.55000305175781;116479;2019-07-31 15:30:00-04:00
73.66999816894531;74.06999969482422;73.38999938964844;74.06999969482422;32624;2019-08-01 09:30:00-04:00
74.0199966430664;75.30000305175781;73.98999786376953;75.29000091552734;53261;2019-08-01 10:30:00-04:00
75.31999969482422;75.31999969482422;74.66000366210938;74.68000030517578;20288;2019-08-01 11:30:00-04:00
74.69000244140625;74.91000366210938;74.44999694824219;74.44999694824219;27353;2019-08-01 12:30:00-04:00
74.38999938964844;74.52999877929688;73.47000122070312;73.62000274658203;50731;2019-08-01 13:30:00-04:00
73.54000091552734;73.69000244140625;73.01000213623047;73.66439819335938;60825;2019-08-01 14:30:00-04:00
73.66000366210938;73.66000366210938;73.04000091552734;73.1500015258789;65108;2019-08-01 15:30:00-04:00
72.68000030517578;73.04000091552734;71.30999755859375;71.45999908447266;36628;2019-08-02 09:30:00-04:00
71.43000030517578;71.43000030517578;70.6500015258789;70.83000183105469;57056;2019-08-02 10:30:00-04:00
70.72000122070312;70.98999786376953;70.44000244140625;70.98999786376953;24755;2019-08-02 11:30:00-04:00
70.9749984741211;71.12000274658203;70.76000213623047;71.0199966430664;17912;2019-08-02 12:30:00-04:00
71.0;71.4000015258789;71.0;71.16999816894531;29468;2019-08-02 13:30:00-04:00
71.23500061035156;72.0;71.16999816894531;71.94000244140625;52032;2019-08-02 14:30:00-04:00
71.94499969482422;72.04000091552734;71.5;71.58000183105469;46174;2019-08-02 15:30:00-04:00
70.20999908447266;70.20999908447266;69.08999633789062;69.44000244140625;32440;2019-08-05 09:30:00-04:00
69.2300033569336;69.79499816894531;69.08999633789062;69.79499816894531;36179;2019-08-05 10:30:00-04:00
69.79499816894531;70.2300033569336;69.33999633789062;69.3499984741211;53434;2019-08-05 11:30:00-04:00
69.37000274658203;69.44000244140625;68.51499938964844;68.66000366210938;53199;2019-08-05 12:30:00-04:00
68.61000061035156;68.87999725341797;67.83000183105469;67.8949966430664;44647;2019-08-05 13:30:00-04:00
67.8499984741211;68.20999908447266;67.51000213623047;68.06999969482422;42542;2019-08-05 14:30:00-04:00
68.04000091552734;68.59500122070312;67.94000244140625;68.19000244140625;77888;2019-08-05 15:30:00-04:00
68.66000366210938;69.91999816894531;68.66000366210938;69.81999969482422;100232;2019-08-06 09:30:00-04:00
69.80000305175781;70.37999725341797;68.83999633789062;69.20999908447266;39300;2019-08-06 10:30:00-04:00
69.20999908447266;69.41999816894531;68.9000015258789;69.18000030517578;28925;2019-08-06 11:30:00-04:00
69.18000030517578;69.41999816894531;69.16000366210938;69.2750015258789;26585;2019-08-06 12:30:00-04:00
69.30000305175781;69.68250274658203;69.20999908447266;69.66000366210938;44672;2019-08-06 13:30:00-04:00
69.69000244140625;69.69000244140625;69.29000091552734;69.31999969482422;36684;2019-08-06 14:30:00-04:00
69.33000183105469;69.4800033569336;69.30999755859375;69.33999633789062;62488;2019-08-06 15:30:00-04:00
68.33999633789062;69.08999633789062;68.19000244140625;68.44999694824219;49693;2019-08-07 09:30:00-04:00
68.43000030517578;68.8949966430664;68.43000030517578;68.66500091552734;28550;2019-08-07 10:30:00-04:00
68.66999816894531;68.83999633789062;68.4800033569336;68.61000061035156;70074;2019-08-07 11:30:00-04:00
68.58999633789062;69.23999786376953;68.58999633789062;69.16000366210938;29024;2019-08-07 12:30:00-04:00
69.15499877929688;69.5999984741211;69.12999725341797;69.5199966430664;38349;2019-08-07 13:30:00-04:00
69.5999984741211;69.70999908447266;69.12000274658203;69.55000305175781;47837;2019-08-07 14:30:00-04:00
69.52999877929688;69.62999725341797;69.16000366210938;69.5199966430664;113069;2019-08-07 15:30:00-04:00
70.05000305175781;70.9800033569336;70.05000305175781;70.83999633789062;31817;2019-08-08 09:30:00-04:00
70.87000274658203;71.58000183105469;70.83999633789062;71.52999877929688;31525;2019-08-08 10:30:00-04:00
71.52999877929688;72.12999725341797;71.52999877929688;72.08999633789062;21067;2019-08-08 11:30:00-04:00
72.12000274658203;72.5199966430664;71.8550033569336;72.27999877929688;31014;2019-08-08 12:30:00-04:00
72.38999938964844;72.7300033569336;72.33499908447266;72.5999984741211;34284;2019-08-08 13:30:00-04:00
72.55999755859375;72.6500015258789;72.41000366210938;72.56999969482422;48152;2019-08-08 14:30:00-04:00
72.56999969482422;72.88999938964844;72.52999877929688;72.7300033569336;57425;2019-08-08 15:30:00-04:00
72.36000061035156;72.75;72.02010345458984;72.27010345458984;26296;2019-08-09 09:30:00-04:00
72.33000183105469;72.48999786376953;72.16000366210938;72.19000244140625;35325;2019-08-09 10:30:00-04:00
72.22000122070312;72.33999633789062;72.05999755859375;72.22000122070312;42332;2019-08-09 11:30:00-04:00
72.18000030517578;72.62000274658203;72.11000061035156;72.55000305175781;36449;2019-08-09 12:30:00-04:00
72.5999984741211;72.94999694824219;72.41999816894531;72.93000030517578;122332;2019-08-09 13:30:00-04:00
72.93000030517578;73.19000244140625;72.81500244140625;73.05999755859375;46287;2019-08-09 14:30:00-04:00
73.07749938964844;73.20999908447266;72.77999877929688;72.80500030517578;79838;2019-08-09 15:30:00-04:00
72.13999938964844;72.80000305175781;71.24210357666016;71.55999755859375;25326;2019-08-12 09:30:00-04:00
71.48500061035156;71.8949966430664;71.41999816894531;71.8499984741211;28181;2019-08-12 10:30:00-04:00
71.87999725341797;71.93000030517578;71.70500183105469;71.93000030517578;14966;2019-08-12 11:30:00-04:00
71.94000244140625;71.94999694824219;71.66000366210938;71.75;22138;2019-08-12 12:30:00-04:00
71.73500061035156;71.93000030517578;71.69000244140625;71.77999877929688;29358;2019-08-12 13:30:00-04:00
71.62999725341797;71.91999816894531;71.62999725341797;71.83000183105469;31219;2019-08-12 14:30:00-04:00
71.9000015258789;71.9000015258789;71.9000015258789;71.9000015258789;100;2019-08-12 15:30:00-04:00
71.62000274658203;74.0;71.44000244140625;74.0;0;2019-08-13 09:30:00-04:00
73.95999908447266;74.06999969482422;73.19000244140625;73.3499984741211;30950;2019-08-13 10:30:00-04:00
73.33999633789062;73.44499969482422;73.04000091552734;73.29000091552734;25426;2019-08-13 11:30:00-04:00
73.33999633789062;73.36000061035156;72.9000015258789;73.08000183105469;20273;2019-08-13 12:30:00-04:00
73.08999633789062;73.31999969482422;73.08999633789062;73.11000061035156;20146;2019-08-13 13:30:00-04:00
73.08999633789062;73.12000274658203;72.7300033569336;72.83000183105469;24707;2019-08-13 14:30:00-04:00
72.81999969482422;72.88999938964844;72.55000305175781;72.69000244140625;100610;2019-08-13 15:30:00-04:00
71.31999969482422;71.31999969482422;69.95999908447266;70.19000244140625;41475;2019-08-14 09:30:00-04:00
70.1500015258789;70.1500015258789;69.23999786376953;69.3499984741211;21052;2019-08-14 10:30:00-04:00
69.3499984741211;69.3499984741211;68.5199966430664;68.55000305175781;22367;2019-08-14 11:30:00-04:00
68.56500244140625;68.66999816894531;67.73999786376953;68.08999633789062;23097;2019-08-14 12:30:00-04:00
68.01499938964844;68.31999969482422;67.9800033569336;68.0199966430664;29100;2019-08-14 13:30:00-04:00
67.9749984741211;68.04000091552734;67.58000183105469;68.04000091552734;42196;2019-08-14 14:30:00-04:00
67.97000122070312;68.0199966430664;67.6500015258789;67.68000030517578;64759;2019-08-14 15:30:00-04:00
68.12000274658203;68.5;67.33100128173828;67.97000122070312;21733;2019-08-15 09:30:00-04:00
67.88999938964844;68.18000030517578;67.6500015258789;67.90499877929688;31170;2019-08-15 10:30:00-04:00
67.83999633789062;68.16999816894531;67.83999633789062;67.94999694824219;15866;2019-08-15 11:30:00-04:00
67.94999694824219;68.08000183105469;67.80000305175781;67.80000305175781;9576;2019-08-15 12:30:00-04:00
67.8499984741211;67.94000244140625;67.05999755859375;67.4800033569336;25117;2019-08-15 13:30:00-04:00
67.51000213623047;67.70999908447266;67.26000213623047;67.4800033569336;24289;2019-08-15 14:30:00-04:00
67.45999908447266;67.51499938964844;67.18000030517578;67.25;54956;2019-08-15 15:30:00-04:00
67.79000091552734;68.5199966430664;67.79000091552734;68.27999877929688;28560;2019-08-16 09:30:00-04:00
68.28500366210938;69.04000091552734;68.26139831542969;68.99500274658203;13195;2019-08-16 10:30:00-04:00
69.04000091552734;69.07499694824219;68.69999694824219;68.69999694824219;24325;2019-08-16 11:30:00-04:00
68.69999694824219;68.80999755859375;68.44000244140625;68.48500061035156;15812;2019-08-16 12:30:00-04:00
68.51000213623047;68.51000213623047;68.37999725341797;68.47000122070312;17465;2019-08-16 13:30:00-04:00
68.43000030517578;68.61000061035156;68.43000030517578;68.51000213623047;20157;2019-08-16 14:30:00-04:00
68.47000122070312;68.70999908447266;68.38999938964844;68.5199966430664;84671;2019-08-16 15:30:00-04:00
68.80999755859375;69.08000183105469;67.43000030517578;68.98999786376953;54854;2019-08-19 09:30:00-04:00
69.16999816894531;69.23999786376953;68.75;68.98999786376953;16973;2019-08-19 10:30:00-04:00
68.98999786376953;69.16000366210938;68.9000015258789;69.16000366210938;16072;2019-08-19 11:30:00-04:00
69.16000366210938;69.20999908447266;69.04000091552734;69.20999908447266;20702;2019-08-19 12:30:00-04:00
69.16999816894531;69.23999786376953;69.0;69.1500015258789;42089;2019-08-19 13:30:00-04:00
69.13999938964844;69.25;69.05000305175781;69.05999755859375;37940;2019-08-19 14:30:00-04:00
69.02999877929688;69.08000183105469;68.73999786376953;68.77999877929688;58145;2019-08-19 15:30:00-04:00
68.73999786376953;68.76000213623047;68.16999816894531;68.25;44844;2019-08-20 09:30:00-04:00
68.38999938964844;68.45999908447266;68.2699966430664;68.31999969482422;24758;2019-08-20 10:30:00-04:00
68.27999877929688;68.36000061035156;68.20999908447266;68.25;23456;2019-08-20 11:30:00-04:00
68.31999969482422;68.41999816894531;68.22000122070312;68.36000061035156;16362;2019-08-20 12:30:00-04:00
68.37000274658203;68.37000274658203;67.99500274658203;68.0;13318;2019-08-20 13:30:00-04:00
68.06999969482422;68.33999633789062;68.06999969482422;68.31999969482422;22188;2019-08-20 14:30:00-04:00
68.30000305175781;68.36000061035156;67.97000122070312;68.0;34175;2019-08-20 15:30:00-04:00
68.80999755859375;69.17500305175781;68.37000274658203;68.88500213623047;32927;2019-08-21 09:30:00-04:00
68.9000015258789;69.0199966430664;68.75;68.80999755859375;16504;2019-08-21 10:30:00-04:00
68.83999633789062;69.01000213623047;68.68000030517578;68.75;11895;2019-08-21 11:30:00-04:00
68.77999877929688;68.91999816894531;68.6500015258789;68.76000213623047;8305;2019-08-21 12:30:00-04:00
68.7300033569336;68.7300033569336;68.4800033569336;68.51000213623047;12084;2019-08-21 13:30:00-04:00
68.51000213623047;68.52999877929688;68.30999755859375;68.37000274658203;21039;2019-08-21 14:30:00-04:00
68.375;68.6050033569336;68.33999633789062;68.37999725341797;62002;2019-08-21 15:30:00-04:00
68.54000091552734;68.98999786376953;68.30000305175781;68.54000091552734;31780;2019-08-22 09:30:00-04:00
68.51000213623047;68.51000213623047;67.75;67.86000061035156;25237;2019-08-22 10:30:00-04:00
67.87000274658203;68.26000213623047;67.80000305175781;67.91000366210938;39334;2019-08-22 11:30:00-04:00
67.93000030517578;68.03500366210938;67.77999877929688;67.9800033569336;17312;2019-08-22 12:30:00-04:00
68.0199966430664;68.12000274658203;67.9000015258789;67.9000015258789;20822;2019-08-22 13:30:00-04:00
67.87000274658203;67.94000244140625;67.69999694824219;67.84500122070312;59172;2019-08-22 14:30:00-04:00
67.83999633789062;67.91999816894531;67.56999969482422;67.5999984741211;64720;2019-08-22 15:30:00-04:00
66.80999755859375;67.58999633789062;66.79000091552734;67.44999694824219;15936;2019-08-23 09:30:00-04:00
67.44999694824219;67.6500015258789;65.5;65.62999725341797;67113;2019-08-23 10:30:00-04:00
65.74800109863281;65.74800109863281;65.16000366210938;65.40499877929688;28201;2019-08-23 11:30:00-04:00
65.37999725341797;65.55999755859375;65.13999938964844;65.43000030517578;29630;2019-08-23 12:30:00-04:00
65.37999725341797;65.69999694824219;65.33999633789062;65.69000244140625;41863;2019-08-23 13:30:00-04:00
65.72000122070312;65.80000305175781;65.25;65.25;42608;2019-08-23 14:30:00-04:00
65.20999908447266;65.20999908447266;64.68000030517578;64.95999908447266;73147;2019-08-23 15:30:00-04:00
65.88999938964844;66.23999786376953;65.4000015258789;66.20999908447266;36969;2019-08-26 09:30:00-04:00
66.1500015258789;66.27999877929688;65.75499725341797;66.11000061035156;31162;2019-08-26 10:30:00-04:00
66.05500030517578;66.27999877929688;65.95999908447266;66.2300033569336;46371;2019-08-26 11:30:00-04:00
66.25;66.2699966430664;66.02999877929688;66.05000305175781;34777;2019-08-26 12:30:00-04:00
66.05999755859375;66.16999816894531;65.8949966430664;65.98999786376953;32693;2019-08-26 13:30:00-04:00
66.02999877929688;66.26000213623047;66.0;66.19999694824219;46076;2019-08-26 14:30:00-04:00
66.20999908447266;66.30999755859375;66.06999969482422;66.30999755859375;56066;2019-08-26 15:30:00-04:00
66.86000061035156;67.1500015258789;66.77999877929688;66.83999633789062;35270;2019-08-27 09:30:00-04:00
66.88999938964844;66.88999938964844;65.8550033569336;66.0199966430664;24799;2019-08-27 10:30:00-04:00
66.0199966430664;66.29000091552734;65.77999877929688;65.88999938964844;14529;2019-08-27 11:30:00-04:00
65.91000366210938;65.91999816894531;65.51000213623047;65.66000366210938;14745;2019-08-27 12:30:00-04:00
65.66999816894531;65.9800033569336;65.6500015258789;65.70999908447266;14280;2019-08-27 13:30:00-04:00
65.6500015258789;65.88999938964844;65.5999984741211;65.66000366210938;22054;2019-08-27 14:30:00-04:00
65.62999725341797;66.0199966430664;65.61000061035156;65.69999694824219;62605;2019-08-27 15:30:00-04:00
65.36000061035156;65.87999725341797;64.92500305175781;65.79000091552734;42319;2019-08-28 09:30:00-04:00
65.83999633789062;66.19000244140625;65.81500244140625;66.01000213623047;27677;2019-08-28 10:30:00-04:00
66.06500244140625;66.62000274658203;65.94999694824219;66.45999908447266;42496;2019-08-28 11:30:00-04:00
66.4800033569336;66.58000183105469;66.2300033569336;66.45999908447266;35517;2019-08-28 12:30:00-04:00
66.43000030517578;66.66999816894531;66.37999725341797;66.55000305175781;15480;2019-08-28 13:30:00-04:00
66.63999938964844;66.74500274658203;66.4800033569336;66.66999816894531;34514;2019-08-28 14:30:00-04:00
66.66999816894531;66.77999877929688;66.5199966430664;66.66999816894531;37617;2019-08-28 15:30:00-04:00
67.25;68.23999786376953;67.25;68.02999877929688;26083;2019-08-29 09:30:00-04:00
68.01000213623047;68.12999725341797;67.37000274658203;67.37000274658203;30665;2019-08-29 10:30:00-04:00
67.33000183105469;67.61000061035156;67.33000183105469;67.58999633789062;23036;2019-08-29 11:30:00-04:00
67.6500015258789;67.73999786376953;67.45999908447266;67.73999786376953;24658;2019-08-29 12:30:00-04:00
67.73999786376953;68.16000366210938;67.69999694824219;68.01000213623047;19784;2019-08-29 13:30:00-04:00
68.04000091552734;68.19999694824219;67.7699966430664;67.7699966430664;27307;2019-08-29 14:30:00-04:00
67.79000091552734;67.83999633789062;67.66999816894531;67.75;40165;2019-08-29 15:30:00-04:00
68.04000091552734;68.5199966430664;67.86000061035156;67.87000274658203;31823;2019-08-30 09:30:00-04:00
67.80000305175781;68.12000274658203;67.06500244140625;67.26000213623047;23510;2019-08-30 10:30:00-04:00
67.26000213623047;67.61000061035156;67.26000213623047;67.44000244140625;13148;2019-08-30 11:30:00-04:00
67.47000122070312;67.47000122070312;67.06999969482422;67.19000244140625;15765;2019-08-30 12:30:00-04:00
67.16500091552734;67.16500091552734;66.77999877929688;66.97000122070312;12188;2019-08-30 13:30:00-04:00
66.97000122070312;67.00499725341797;66.75;66.9000015258789;16242;2019-08-30 14:30:00-04:00
66.91000366210938;67.26499938964844;66.91000366210938;67.08000183105469;59790;2019-08-30 15:30:00-04:00
66.37000274658203;67.26000213623047;66.05000305175781;66.29000091552734;54595;2019-09-03 09:30:00-04:00
66.36000061035156;66.50499725341797;65.83999633789062;66.04000091552734;34479;2019-09-03 10:30:00-04:00
66.12999725341797;66.44000244140625;66.05999755859375;66.20999908447266;22456;2019-09-03 11:30:00-04:00
66.23999786376953;66.27999877929688;65.54499816894531;65.55999755859375;36332;2019-09-03 12:30:00-04:00
65.54000091552734;65.58000183105469;64.62000274658203;65.16999816894531;157149;2019-09-03 13:30:00-04:00
65.16000366210938;65.22000122070312;64.83000183105469;65.17500305175781;84723;2019-09-03 14:30:00-04:00
65.17500305175781;65.31999969482422;65.02999877929688;65.04000091552734;109307;2019-09-03 15:30:00-04:00
65.88999938964844;65.88999938964844;64.61000061035156;64.88999938964844;45393;2019-09-04 09:30:00-04:00
64.83999633789062;65.02999877929688;64.58000183105469;64.75;51617;2019-09-04 10:30:00-04:00
64.74500274658203;64.91999816894531;64.31999969482422;64.4000015258789;36697;2019-09-04 11:30:00-04:00
64.4000015258789;64.47000122070312;64.19000244140625;64.47000122070312;26977;2019-09-04 12:30:00-04:00
64.44000244140625;64.7300033569336;63.9900016784668;64.69999694824219;64805;2019-09-04 13:30:00-04:00
64.75;64.7699966430664;64.5;64.53500366210938;53521;2019-09-04 14:30:00-04:00
64.52999877929688;64.53500366210938;64.13999938964844;64.37000274658203;154278;2019-09-04 15:30:00-04:00
64.75;66.2699966430664;64.55999755859375;66.19999694824219;143978;2019-09-05 09:30:00-04:00
66.20999908447266;66.30000305175781;65.7300033569336;65.91999816894531;59741;2019-09-05 10:30:00-04:00
65.94000244140625;65.94000244140625;65.20500183105469;65.2699966430664;30018;2019-09-05 11:30:00-04:00
65.26000213623047;65.7052993774414;65.26000213623047;65.68000030517578;21437;2019-09-05 12:30:00-04:00
65.67500305175781;65.67500305175781;65.41000366210938;65.43000030517578;29087;2019-09-05 13:30:00-04:00
65.38999938964844;65.91999816894531;65.36000061035156;65.76499938964844;41008;2019-09-05 14:30:00-04:00
65.80999755859375;65.88999938964844;65.43000030517578;65.51000213623047;75543;2019-09-05 15:30:00-04:00
65.5;65.86990356445312;65.11000061035156;65.6500015258789;38904;2019-09-06 09:30:00-04:00
65.61499786376953;65.68000030517578;64.93000030517578;64.94000244140625;18505;2019-09-06 10:30:00-04:00
64.87000274658203;65.26000213623047;64.87000274658203;64.9800033569336;37816;2019-09-06 11:30:00-04:00
64.9800033569336;65.27999877929688;64.69999694824219;65.27999877929688;40913;2019-09-06 12:30:00-04:00
65.2699966430664;65.31999969482422;65.06999969482422;65.12000274658203;21785;2019-09-06 13:30:00-04:00
65.13999938964844;65.22000122070312;64.66999816894531;64.66999816894531;42623;2019-09-06 14:30:00-04:00
64.68000030517578;64.7300033569336;64.33000183105469;64.41000366210938;85002;2019-09-06 15:30:00-04:00
64.79000091552734;64.79000091552734;62.880001068115234;63.58000183105469;97127;2019-09-09 09:30:00-04:00
63.59000015258789;64.33999633789062;63.209999084472656;64.11000061035156;95959;2019-09-09 10:30:00-04:00
64.12000274658203;64.36000061035156;63.66999816894531;63.7599983215332;62681;2019-09-09 11:30:00-04:00
63.7400016784668;63.84000015258789;63.43000030517578;63.5;20733;2019-09-09 12:30:00-04:00
63.470001220703125;63.65999984741211;63.25;63.34999847412109;60726;2019-09-09 13:30:00-04:00
63.36000061035156;63.720001220703125;63.34999847412109;63.650001525878906;25183;2019-09-09 14:30:00-04:00
63.63999938964844;63.790000915527344;63.52000045776367;63.56999969482422;66444;2019-09-09 15:30:00-04:00
63.18999862670898;63.18999862670898;61.68000030517578;62.310001373291016;54055;2019-09-10 09:30:00-04:00
62.34999847412109;62.83000183105469;62.220001220703125;62.43999862670898;40030;2019-09-10 10:30:00-04:00
62.43000030517578;62.84000015258789;62.119998931884766;62.84000015258789;41248;2019-09-10 11:30:00-04:00
62.86000061035156;63.0;62.310001373291016;62.470001220703125;34308;2019-09-10 12:30:00-04:00
62.43999862670898;62.95000076293945;62.290000915527344;62.36000061035156;61713;2019-09-10 13:30:00-04:00
62.369998931884766;62.43000030517578;62.04999923706055;62.40999984741211;51074;2019-09-10 14:30:00-04:00
62.38999938964844;62.52000045776367;62.04999923706055;62.369998931884766;116531;2019-09-10 15:30:00-04:00
62.72999954223633;63.79999923706055;62.540000915527344;63.45000076293945;78856;2019-09-11 09:30:00-04:00
63.5;63.58000183105469;62.810001373291016;62.810001373291016;23873;2019-09-11 10:30:00-04:00
62.90999984741211;63.34999847412109;62.90999984741211;63.130001068115234;20770;2019-09-11 11:30:00-04:00
63.11000061035156;63.20000076293945;62.90999984741211;63.17499923706055;30351;2019-09-11 12:30:00-04:00
63.150001525878906;63.2599983215332;62.2599983215332;62.34999847412109;62781;2019-09-11 13:30:00-04:00
62.400001525878906;62.68000030517578;62.25;62.45500183105469;45638;2019-09-11 14:30:00-04:00
62.38999938964844;62.650001525878906;62.34000015258789;62.43000030517578;62440;2019-09-11 15:30:00-04:00
62.47999954223633;63.38999938964844;62.220001220703125;63.34999847412109;42730;2019-09-12 09:30:00-04:00
63.31999969482422;63.560001373291016;62.5;62.8849983215332;39841;2019-09-12 10:30:00-04:00
62.93000030517578;63.09000015258789;62.619998931884766;62.630001068115234;35358;2019-09-12 11:30:00-04:00
62.70000076293945;62.75;62.31999969482422;62.34999847412109;22374;2019-09-12 12:30:00-04:00
62.34000015258789;62.43999862670898;62.02999877929688;62.11000061035156;27785;2019-09-12 13:30:00-04:00
62.060001373291016;62.54999923706055;62.060001373291016;62.43999862670898;28987;2019-09-12 14:30:00-04:00
62.5;62.70000076293945;62.08000183105469;62.119998931884766;117041;2019-09-12 15:30:00-04:00
62.810001373291016;64.16999816894531;62.54999923706055;63.84999847412109;68486;2019-09-13 09:30:00-04:00
63.915000915527344;64.66999816894531;63.915000915527344;64.55999755859375;35984;2019-09-13 10:30:00-04:00
64.55999755859375;64.80999755859375;64.44999694824219;64.7249984741211;23689;2019-09-13 11:30:00-04:00
64.75;65.11000061035156;64.7300033569336;65.06999969482422;38038;2019-09-13 12:30:00-04:00
65.06999969482422;65.11000061035156;64.87000274658203;65.02999877929688;42845;2019-09-13 13:30:00-04:00
65.05999755859375;65.1500015258789;64.77999877929688;64.87999725341797;42043;2019-09-13 14:30:00-04:00
64.88500213623047;65.0;64.73999786376953;64.83999633789062;96291;2019-09-13 15:30:00-04:00
64.20999908447266;65.41999816894531;64.05999755859375;65.4000015258789;23878;2019-09-16 09:30:00-04:00
65.3949966430664;65.87999725341797;65.30000305175781;65.56999969482422;23621;2019-09-16 10:30:00-04:00
65.54000091552734;65.58999633789062;64.98999786376953;65.22000122070312;15010;2019-09-16 11:30:00-04:00
65.23500061035156;65.72000122070312;65.23500061035156;65.44999694824219;19694;2019-09-16 12:30:00-04:00
65.42500305175781;65.51000213623047;65.2699966430664;65.5;25687;2019-09-16 13:30:00-04:00
65.4800033569336;65.54000091552734;65.04000091552734;65.16999816894531;31949;2019-09-16 14:30:00-04:00
65.16000366210938;65.27999877929688;65.12999725341797;65.18000030517578;58324;2019-09-16 15:30:00-04:00
65.12999725341797;66.33999633789062;65.01000213623047;65.55999755859375;52687;2019-09-17 09:30:00-04:00
65.66000366210938;66.17500305175781;65.44000244140625;65.76000213623047;25900;2019-09-17 10:30:00-04:00
65.86000061035156;66.0;65.68000030517578;65.69999694824219;24062;2019-09-17 11:30:00-04:00
65.69999694824219;65.69999694824219;65.52999877929688;65.61000061035156;19094;2019-09-17 12:30:00-04:00
65.62000274658203;65.9800033569336;65.62000274658203;65.75499725341797;57732;2019-09-17 13:30:00-04:00
65.7300033569336;65.87000274658203;65.55999755859375;65.6500015258789;40273;2019-09-17 14:30:00-04:00
65.6449966430664;65.79000091552734;65.6449966430664;65.69999694824219;67405;2019-09-17 15:30:00-04:00
65.68000030517578;66.79499816894531;65.30000305175781;66.59500122070312;50403;2019-09-18 09:30:00-04:00
66.41000366210938;66.49500274658203;65.73999786376953;65.80000305175781;17362;2019-09-18 10:30:00-04:00
65.75;65.75;65.36000061035156;65.61000061035156;24935;2019-09-18 11:30:00-04:00
65.55999755859375;65.6500015258789;65.37999725341797;65.42500305175781;21698;2019-09-18 12:30:00-04:00
65.37999725341797;65.98500061035156;65.16999816894531;65.16999816894531;45979;2019-09-18 13:30:00-04:00
65.16500091552734;65.43000030517578;65.0;65.41000366210938;38338;2019-09-18 14:30:00-04:00
65.44999694824219;65.63999938964844;65.44999694824219;65.47000122070312;63651;2019-09-18 15:30:00-04:00
65.52999877929688;66.8949966430664;65.52999877929688;66.86000061035156;45007;2019-09-19 09:30:00-04:00
66.87000274658203;67.2300033569336;66.41999816894531;67.19000244140625;76719;2019-09-19 10:30:00-04:00
67.16999816894531;67.23999786376953;66.2249984741211;66.2249984741211;39132;2019-09-19 11:30:00-04:00
66.12000274658203;66.31999969482422;66.02999877929688;66.1500015258789;15628;2019-09-19 12:30:00-04:00
66.13999938964844;66.30999755859375;65.95500183105469;66.19499969482422;14823;2019-09-19 13:30:00-04:00
66.16999816894531;66.16999816894531;65.72000122070312;65.77999877929688;22521;2019-09-19 14:30:00-04:00
65.70999908447266;65.70999908447266;65.41000366210938;65.45999908447266;48699;2019-09-19 15:30:00-04:00
65.48999786376953;66.18000030517578;65.48999786376953;65.81999969482422;141903;2019-09-20 09:30:00-04:00
65.81999969482422;65.93000030517578;65.58000183105469;65.61499786376953;17080;2019-09-20 10:30:00-04:00
65.62000274658203;65.95999908447266;65.4800033569336;65.70999908447266;15700;2019-09-20 11:30:00-04:00
65.69999694824219;66.0;65.1449966430664;65.58000183105469;25992;2019-09-20 12:30:00-04:00
65.63500213623047;65.81500244140625;65.44999694824219;65.55999755859375;33017;2019-09-20 13:30:00-04:00
65.58000183105469;65.98999786376953;65.38999938964844;65.41999816894531;33244;2019-09-20 14:30:00-04:00
65.44999694824219;65.68000030517578;65.33999633789062;65.45999908447266;86148;2019-09-20 15:30:00-04:00
64.77999877929688;64.92500305175781;63.970001220703125;64.02999877929688;27590;2019-09-23 09:30:00-04:00
64.01000213623047;64.06999969482422;63.45000076293945;64.06999969482422;27056;2019-09-23 10:30:00-04:00
64.13629913330078;64.62000274658203;64.13629913330078;64.55500030517578;23589;2019-09-23 11:30:00-04:00
64.58999633789062;64.75;64.44000244140625;64.45999908447266;13325;2019-09-23 12:30:00-04:00
64.44560241699219;64.56999969482422;64.12000274658203;64.19000244140625;25307;2019-09-23 13:30:00-04:00
64.1500015258789;64.37999725341797;64.0999984741211;64.37000274658203;30663;2019-09-23 14:30:00-04:00
64.32499694824219;64.37999725341797;64.05000305175781;64.05000305175781;59376;2019-09-23 15:30:00-04:00
64.38999938964844;65.2699966430664;64.38999938964844;64.55999755859375;16390;2019-09-24 09:30:00-04:00
64.625;64.68000030517578;64.16000366210938;64.20999908447266;14405;2019-09-24 10:30:00-04:00
64.27999877929688;64.30999755859375;63.77000045776367;63.84000015258789;19952;2019-09-24 11:30:00-04:00
63.75;63.77000045776367;63.380001068115234;63.4900016784668;15503;2019-09-24 12:30:00-04:00
63.49570083618164;63.7599983215332;63.10499954223633;63.52999877929688;35906;2019-09-24 13:30:00-04:00
63.540000915527344;63.58000183105469;62.92499923706055;62.970001220703125;22742;2019-09-24 14:30:00-04:00
62.959999084472656;63.130001068115234;62.7599983215332;63.09999847412109;78360;2019-09-24 15:30:00-04:00
62.900001525878906;63.459999084472656;62.04999923706055;62.25;17945;2019-09-25 09:30:00-04:00
62.2599983215332;62.97999954223633;61.97010040283203;62.84999847412109;24319;2019-09-25 10:30:00-04:00
62.83000183105469;63.220001220703125;62.77000045776367;63.220001220703125;16909;2019-09-25 11:30:00-04:00
63.21500015258789;63.540000915527344;63.16999816894531;63.33000183105469;22739;2019-09-25 12:30:00-04:00
63.36000061035156;63.70000076293945;63.33000183105469;63.70000076293945;47679;2019-09-25 13:30:00-04:00
63.68000030517578;63.7400016784668;63.470001220703125;63.68000030517578;45653;2019-09-25 14:30:00-04:00
63.70000076293945;63.72999954223633;63.38999938964844;63.400001525878906;55843;2019-09-25 15:30:00-04:00
63.34999847412109;64.51000213623047;63.34999847412109;63.63999938964844;30620;2019-09-26 09:30:00-04:00
63.61000061035156;63.630001068115234;63.0;63.0;15309;2019-09-26 10:30:00-04:00
63.09999847412109;63.34000015258789;63.0;63.18999862670898;40904;2019-09-26 11:30:00-04:00
63.27000045776367;63.47999954223633;63.0;63.06499862670898;9005;2019-09-26 12:30:00-04:00
63.08000183105469;63.41999816894531;63.06999969482422;63.41999816894531;12575;2019-09-26 13:30:00-04:00
63.43000030517578;63.43000030517578;63.2400016784668;63.34000015258789;15314;2019-09-26 14:30:00-04:00
63.36000061035156;63.45000076293945;62.97999954223633;62.9900016784668;46869;2019-09-26 15:30:00-04:00
63.38999938964844;63.5099983215332;62.58000183105469;62.84999847412109;21253;2019-09-27 09:30:00-04:00
62.88999938964844;63.36000061035156;62.86000061035156;62.93000030517578;18827;2019-09-27 10:30:00-04:00
62.97999954223633;63.04999923706055;62.459999084472656;62.47999954223633;15846;2019-09-27 11:30:00-04:00
62.45000076293945;62.630001068115234;62.06999969482422;62.130001068115234;17288;2019-09-27 12:30:00-04:00
62.15999984741211;62.16999816894531;61.70000076293945;61.84999847412109;47173;2019-09-27 13:30:00-04:00
61.83000183105469;61.88999938964844;61.27000045776367;61.720001220703125;69240;2019-09-27 14:30:00-04:00
61.66999816894531;61.81999969482422;61.619998931884766;61.77000045776367;59924;2019-09-27 15:30:00-04:00
61.77999877929688;62.76499938964844;61.77999877929688;62.15999984741211;49871;2019-09-30 09:30:00-04:00
62.13999938964844;62.70000076293945;62.040000915527344;62.650001525878906;26869;2019-09-30 10:30:00-04:00
62.63999938964844;62.720001220703125;62.43999862670898;62.720001220703125;18566;2019-09-30 11:30:00-04:00
62.77000045776367;62.9900016784668;62.720001220703125;62.869998931884766;16214;2019-09-30 12:30:00-04:00
62.86000061035156;63.01499938964844;62.84999847412109;62.900001525878906;16853;2019-09-30 13:30:00-04:00
62.88999938964844;62.88999938964844;62.47999954223633;62.5;20234;2019-09-30 14:30:00-04:00
62.47999954223633;62.59999847412109;62.18000030517578;62.18999862670898;76871;2019-09-30 15:30:00-04:00
62.77000045776367;63.61000061035156;61.9900016784668;62.11000061035156;0;2019-10-01 09:30:00-04:00
62.02999877929688;62.060001373291016;61.65999984741211;61.880001068115234;81519;2019-10-01 10:30:00-04:00
61.84000015258789;61.97999954223633;61.18000030517578;61.27000045776367;52551;2019-10-01 11:30:00-04:00
61.290000915527344;61.290000915527344;60.68000030517578;60.68000030517578;24603;2019-10-01 12:30:00-04:00
60.65999984741211;60.65999984741211;59.900001525878906;60.06999969482422;40717;2019-10-01 13:30:00-04:00
60.09999847412109;60.560001373291016;60.09999847412109;60.40999984741211;42498;2019-10-01 14:30:00-04:00
60.400001525878906;60.400001525878906;60.09000015258789;60.09999847412109;54784;2019-10-01 15:30:00-04:00
59.540000915527344;59.59000015258789;58.95000076293945;59.2400016784668;48665;2019-10-02 09:30:00-04:00
59.20000076293945;59.400001525878906;58.95000076293945;59.16999816894531;41815;2019-10-02 10:30:00-04:00
59.220001220703125;59.220001220703125;58.83000183105469;58.95500183105469;36175;2019-10-02 11:30:00-04:00
58.93000030517578;58.96500015258789;58.52999877929688;58.810001373291016;29906;2019-10-02 12:30:00-04:00
58.77999877929688;58.79999923706055;58.630001068115234;58.72999954223633;47957;2019-10-02 13:30:00-04:00
58.72999954223633;58.935001373291016;58.64500045776367;58.81499862670898;71144;2019-10-02 14:30:00-04:00
58.79999923706055;58.810001373291016;58.56999969482422;58.59999847412109;91489;2019-10-02 15:30:00-04:00
58.2599983215332;58.39500045776367;56.869998931884766;57.209999084472656;72207;2019-10-03 09:30:00-04:00
57.209999084472656;58.80500030517578;57.15999984741211;58.540000915527344;47575;2019-10-03 10:30:00-04:00
58.540000915527344;58.540000915527344;58.0;58.40999984741211;21484;2019-10-03 11:30:00-04:00
58.40999984741211;58.52999877929688;58.16999816894531;58.27999877929688;25343;2019-10-03 12:30:00-04:00
58.27999877929688;58.56999969482422;58.18000030517578;58.22999954223633;46054;2019-10-03 13:30:00-04:00
58.220001220703125;58.40499877929688;57.98500061035156;58.18000030517578;81126;2019-10-03 14:30:00-04:00
58.15999984741211;58.369998931884766;58.06999969482422;58.27000045776367;130154;2019-10-03 15:30:00-04:00
58.63999938964844;60.0099983215332;58.63999938964844;59.05500030517578;46940;2019-10-04 09:30:00-04:00
59.06499862670898;59.09000015258789;58.209999084472656;58.7400016784668;57967;2019-10-04 10:30:00-04:00
58.7400016784668;59.04999923706055;58.619998931884766;58.73500061035156;28118;2019-10-04 11:30:00-04:00
58.70000076293945;58.97100067138672;58.650001525878906;58.970001220703125;22151;2019-10-04 12:30:00-04:00
58.93999862670898;59.220001220703125;58.81999969482422;59.19499969482422;21375;2019-10-04 13:30:00-04:00
59.21500015258789;59.25;59.04999923706055;59.15999984741211;27194;2019-10-04 14:30:00-04:00
59.16999816894531;59.22999954223633;58.93000030517578;58.9900016784668;108322;2019-10-04 15:30:00-04:00
58.66999816894531;59.79499816894531;58.560001373291016;59.45000076293945;42824;2019-10-07 09:30:00-04:00
59.494998931884766;59.54999923706055;58.720001220703125;58.720001220703125;52468;2019-10-07 10:30:00-04:00
58.70500183105469;58.90999984741211;58.58000183105469;58.59000015258789;25275;2019-10-07 11:30:00-04:00
58.54999923706055;58.77999877929688;58.290000915527344;58.43999862670898;27458;2019-10-07 12:30:00-04:00
58.44499969482422;58.7400016784668;58.310001373291016;58.40499877929688;34871;2019-10-07 13:30:00-04:00
58.380001068115234;58.380001068115234;57.67499923706055;57.93999862670898;126502;2019-10-07 14:30:00-04:00
57.970001220703125;58.060001373291016;57.75;57.84999847412109;147095;2019-10-07 15:30:00-04:00
57.09999847412109;57.84000015258789;57.0099983215332;57.25;35244;2019-10-08 09:30:00-04:00
57.209999084472656;57.70000076293945;57.040000915527344;57.2599983215332;31133;2019-10-08 10:30:00-04:00
57.25;57.52000045776367;57.08000183105469;57.5099983215332;30849;2019-10-08 11:30:00-04:00
57.4900016784668;57.810001373291016;57.459999084472656;57.7400016784668;22886;2019-10-08 12:30:00-04:00
57.75;57.86000061035156;57.52000045776367;57.560001373291016;30255;2019-10-08 13:30:00-04:00
57.56999969482422;58.0099983215332;57.27999877929688;57.400001525878906;51066;2019-10-08 14:30:00-04:00
57.3849983215332;57.45000076293945;56.970001220703125;57.0;72104;2019-10-08 15:30:00-04:00
57.56999969482422;57.81499862670898;57.26499938964844;57.43000030517578;26855;2019-10-09 09:30:00-04:00
57.494998931884766;57.5;56.540000915527344;56.81999969482422;90602;2019-10-09 10:30:00-04:00
56.81999969482422;56.880001068115234;56.400001525878906;56.40999984741211;32082;2019-10-09 11:30:00-04:00
56.43999862670898;56.540000915527344;56.18000030517578;56.43000030517578;34756;2019-10-09 12:30:00-04:00
56.43000030517578;56.59999847412109;56.150001525878906;56.43000030517578;87190;2019-10-09 13:30:00-04:00
56.44499969482422;56.65999984741211;56.38999938964844;56.61000061035156;45467;2019-10-09 14:30:00-04:00
56.61000061035156;56.65999984741211;56.25;56.27999877929688;142418;2019-10-09 15:30:00-04:00
56.06999969482422;57.18999862670898;56.06999969482422;56.95500183105469;33299;2019-10-10 09:30:00-04:00
56.95000076293945;57.43000030517578;56.72999954223633;57.37300109863281;59133;2019-10-10 10:30:00-04:00
57.3650016784668;57.5099983215332;57.27000045776367;57.27999877929688;19242;2019-10-10 11:30:00-04:00
57.27000045776367;57.560001373291016;57.20000076293945;57.540000915527344;50026;2019-10-10 12:30:00-04:00
57.52000045776367;57.7400016784668;57.220001220703125;57.560001373291016;37759;2019-10-10 13:30:00-04:00
57.56999969482422;57.650001525878906;57.369998931884766;57.525001525878906;32866;2019-10-10 14:30:00-04:00
57.54999923706055;57.56499862670898;57.310001373291016;57.369998931884766;51629;2019-10-10 15:30:00-04:00
58.5099983215332;59.459999084472656;58.43000030517578;59.459999084472656;37435;2019-10-11 09:30:00-04:00
59.5;59.93999862670898;59.310001373291016;59.665000915527344;49101;2019-10-11 10:30:00-04:00
59.665000915527344;59.72999954223633;59.09000015258789;59.650001525878906;21312;2019-10-11 11:30:00-04:00
59.56499862670898;59.709999084472656;59.2400016784668;59.55500030517578;28418;2019-10-11 12:30:00-04:00
59.470001220703125;59.84000015258789;59.290000915527344;59.720001220703125;42838;2019-10-11 13:30:00-04:00
59.7400016784668;59.93000030517578;59.560001373291016;59.66999816894531;52082;2019-10-11 14:30:00-04:00
59.650001525878906;59.650001525878906;58.900001525878906;59.02000045776367;115045;2019-10-11 15:30:00-04:00
58.63999938964844;59.02999877929688;58.33000183105469;59.0099983215332;28459;2019-10-14 09:30:00-04:00
59.130001068115234;59.59999847412109;59.11000061035156;59.40999984741211;27537;2019-10-14 10:30:00-04:00
59.33000183105469;59.5099983215332;59.27000045776367;59.34000015258789;20297;2019-10-14 11:30:00-04:00
59.31999969482422;59.33000183105469;58.9900016784668;59.02999877929688;14096;2019-10-14 12:30:00-04:00
59.02999877929688;59.06999969482422;58.79999923706055;58.88999938964844;20078;2019-10-14 13:30:00-04:00
58.8849983215332;59.040000915527344;58.810001373291016;58.93000030517578;19465;2019-10-14 14:30:00-04:00
58.935001373291016;58.970001220703125;58.720001220703125;58.84000015258789;93730;2019-10-14 15:30:00-04:00
59.13999938964844;60.15999984741211;58.994998931884766;60.15999984741211;27355;2019-10-15 09:30:00-04:00
60.10499954223633;60.470001220703125;59.93999862670898;60.07500076293945;43312;2019-10-15 10:30:00-04:00
60.11000061035156;60.5;60.02000045776367;60.47999954223633;17052;2019-10-15 11:30:00-04:00
60.5;60.88999938964844;60.41999816894531;60.7599983215332;40216;2019-10-15 12:30:00-04:00
60.775001525878906;61.0099983215332;60.67499923706055;60.83000183105469;44254;2019-10-15 13:30:00-04:00
60.810001373291016;60.810001373291016;60.27999877929688;60.41999816894531;21465;2019-10-15 14:30:00-04:00
60.43999862670898;60.46500015258789;60.31999969482422;60.400001525878906;55968;2019-10-15 15:30:00-04:00
60.040000915527344;60.560001373291016;59.69499969482422;60.130001068115234;39410;2019-10-16 09:30:00-04:00
60.05500030517578;60.65999984741211;60.02000045776367;60.23500061035156;21445;2019-10-16 10:30:00-04:00
60.27999877929688;60.75;60.18999862670898;60.65999984741211;27473;2019-10-16 11:30:00-04:00
60.65999984741211;60.79999923706055;60.5099983215332;60.58000183105469;22274;2019-10-16 12:30:00-04:00
60.63999938964844;60.63999938964844;60.369998931884766;60.59999847412109;36873;2019-10-16 13:30:00-04:00
60.619998931884766;60.720001220703125;60.22999954223633;60.29999923706055;52505;2019-10-16 14:30:00-04:00
60.31499862670898;60.63999938964844;60.31499862670898;60.54999923706055;76968;2019-10-16 15:30:00-04:00
60.970001220703125;61.69499969482422;60.77000045776367;61.244998931884766;33057;2019-10-17 09:30:00-04:00
61.244998931884766;61.52999877929688;61.02999877929688;61.33000183105469;18111;2019-10-17 10:30:00-04:00
61.27999877929688;61.41999816894531;61.09999847412109;61.20000076293945;19154;2019-10-17 11:30:00-04:00
61.20500183105469;61.369998931884766;61.09000015258789;61.20000076293945;22018;2019-10-17 12:30:00-04:00
61.220001220703125;61.2599983215332;60.810001373291016;60.84999847412109;47246;2019-10-17 13:30:00-04:00
60.81499862670898;60.84999847412109;60.4900016784668;60.52999877929688;41832;2019-10-17 14:30:00-04:00
60.54999923706055;60.69499969482422;60.459999084472656;60.5;74824;2019-10-17 15:30:00-04:00
60.130001068115234;60.81999969482422;60.130001068115234;60.65999984741211;25878;2019-10-18 09:30:00-04:00
60.720001220703125;60.79999923706055;60.43000030517578;60.68000030517578;22617;2019-10-18 10:30:00-04:00
60.68000030517578;60.709999084472656;59.880001068115234;60.040000915527344;27754;2019-10-18 11:30:00-04:00
60.040000915527344;60.40999984741211;60.0099983215332;60.33000183105469;55760;2019-10-18 12:30:00-04:00
60.34000015258789;60.755001068115234;60.27000045776367;60.66999816894531;92037;2019-10-18 13:30:00-04:00
60.68999862670898;60.76499938964844;60.43000030517578;60.43000030517578;30960;2019-10-18 14:30:00-04:00
60.43000030517578;60.48500061035156;60.2400016784668;60.25;49089;2019-10-18 15:30:00-04:00
60.959999084472656;61.31999969482422;60.09000015258789;60.27000045776367;50758;2019-10-21 09:30:00-04:00
60.2599983215332;60.43000030517578;59.92499923706055;59.959999084472656;33854;2019-10-21 10:30:00-04:00
59.93000030517578;59.994998931884766;59.709999084472656;59.93999862670898;18131;2019-10-21 11:30:00-04:00
59.97999954223633;60.02999877929688;59.65999984741211;59.75;21480;2019-10-21 12:30:00-04:00
59.75;59.84999847412109;59.56499862670898;59.75;21102;2019-10-21 13:30:00-04:00
59.75;59.900001525878906;59.7400016784668;59.79999923706055;29488;2019-10-21 14:30:00-04:00
59.810001373291016;59.84999847412109;59.41999816894531;59.470001220703125;76632;2019-10-21 15:30:00-04:00
59.459999084472656;59.73500061035156;59.3031005859375;59.470001220703125;24134;2019-10-22 09:30:00-04:00
59.470001220703125;59.51499938964844;59.22999954223633;59.33000183105469;19623;2019-10-22 10:30:00-04:00
59.310001373291016;59.310001373291016;58.810001373291016;58.94499969482422;25183;2019-10-22 11:30:00-04:00
58.91999816894531;59.04999923706055;58.81999969482422;59.02000045776367;15061;2019-10-22 12:30:00-04:00
59.02999877929688;59.02999877929688;58.71500015258789;58.71500015258789;26832;2019-10-22 13:30:00-04:00
58.72999954223633;58.72999954223633;58.369998931884766;58.459999084472656;74608;2019-10-22 14:30:00-04:00
58.46500015258789;58.560001373291016;58.20000076293945;58.2400016784668;49954;2019-10-22 15:30:00-04:00
57.95000076293945;58.56999969482422;57.810001373291016;57.970001220703125;34858;2019-10-23 09:30:00-04:00
58.11000061035156;58.13999938964844;57.810001373291016;57.869998931884766;34957;2019-10-23 10:30:00-04:00
57.93999862670898;58.119998931884766;57.7599983215332;57.90999984741211;38183;2019-10-23 11:30:00-04:00
57.88999938964844;58.290000915527344;57.84000015258789;58.16999816894531;36531;2019-10-23 12:30:00-04:00
58.17499923706055;58.290000915527344;57.959999084472656;58.02000045776367;28153;2019-10-23 13:30:00-04:00
58.02000045776367;58.09999847412109;57.79999923706055;58.09000015258789;36762;2019-10-23 14:30:00-04:00
58.150001525878906;58.18000030517578;57.78099822998047;57.869998931884766;78993;2019-10-23 15:30:00-04:00
58.2599983215332;58.34000015258789;57.95500183105469;58.11000061035156;72479;2019-10-24 09:30:00-04:00
58.09000015258789;58.97999954223633;58.060001373291016;58.72999954223633;88984;2019-10-24 10:30:00-04:00
58.72999954223633;58.89730072021485;58.45000076293945;58.59999847412109;46812;2019-10-24 11:30:00-04:00
58.540000915527344;58.79999923706055;58.43999862670898;58.470001220703125;46527;2019-10-24 12:30:00-04:00
58.470001220703125;58.77989959716797;58.400001525878906;58.744998931884766;74450;2019-10-24 13:30:00-04:00
58.720001220703125;58.88999938964844;58.5;58.5;79891;2019-10-24 14:30:00-04:00
58.47999954223633;58.709999084472656;58.36000061035156;58.52999877929688;189014;2019-10-24 15:30:00-04:00
54.97999954223633;54.97999954223633;49.83000183105469;52.58000183105469;495395;2019-10-25 09:30:00-04:00
52.494998931884766;52.560001373291016;51.08000183105469;51.33000183105469;245171;2019-10-25 10:30:00-04:00
51.36000061035156;51.91999816894531;50.790000915527344;50.93999862670898;124124;2019-10-25 11:30:00-04:00
51.0;51.34000015258789;50.93999862670898;51.0099983215332;136210;2019-10-25 12:30:00-04:00
50.97999954223633;51.040000915527344;50.2400016784668;50.3650016784668;175127;2019-10-25 13:30:00-04:00
50.34999847412109;51.02999877929688;50.230098724365234;50.5099983215332;187928;2019-10-25 14:30:00-04:00
50.52999877929688;50.58000183105469;50.060001373291016;50.29999923706055;255223;2019-10-25 15:30:00-04:00
50.650001525878906;51.91569900512695;50.09999847412109;50.27159881591797;102363;2019-10-28 09:30:00-04:00
50.2599983215332;50.34999847412109;49.900001525878906;50.33000183105469;120952;2019-10-28 10:30:00-04:00
50.36000061035156;50.93999862670898;50.31999969482422;50.790000915527344;71356;2019-10-28 11:30:00-04:00
50.79999923706055;51.04999923706055;50.59999847412109;50.72999954223633;65053;2019-10-28 12:30:00-04:00
50.72999954223633;50.90499877929688;50.43000030517578;50.59000015258789;90806;2019-10-28 13:30:00-04:00
50.56999969482422;50.56999969482422;50.09999847412109;50.20000076293945;116553;2019-10-28 14:30:00-04:00
50.220001220703125;50.220001220703125;49.900001525878906;49.9900016784668;133423;2019-10-28 15:30:00-04:00
49.86000061035156;50.65999984741211;49.86000061035156;50.595001220703125;82054;2019-10-29 09:30:00-04:00
50.630001068115234;50.79999923706055;50.47999954223633;50.540000915527344;63520;2019-10-29 10:30:00-04:00
50.5099983215332;50.5099983215332;50.13999938964844;50.18999862670898;55872;2019-10-29 11:30:00-04:00
50.220001220703125;50.220001220703125;49.54999923706055;49.54999923706055;67811;2019-10-29 12:30:00-04:00
49.52000045776367;49.77999877929688;49.40999984741211;49.77999877929688;60133;2019-10-29 13:30:00-04:00
49.77999877929688;49.83000183105469;49.45000076293945;49.65999984741211;102906;2019-10-29 14:30:00-04:00
49.68000030517578;49.720001220703125;49.52999877929688;49.59999847412109;119256;2019-10-29 15:30:00-04:00
49.380001068115234;49.5;48.68999862670898;49.31999969482422;101386;2019-10-30 09:30:00-04:00
49.310001373291016;49.875;49.209999084472656;49.83000183105469;63177;2019-10-30 10:30:00-04:00
49.84999847412109;50.060001373291016;49.685001373291016;50.04999923706055;57509;2019-10-30 11:30:00-04:00
50.060001373291016;50.290000915527344;50.02999877929688;50.14500045776367;50805;2019-10-30 12:30:00-04:00
50.150001525878906;50.56999969482422;50.150001525878906;50.470001220703125;98323;2019-10-30 13:30:00-04:00
50.45000076293945;51.20000076293945;50.45000076293945;51.13999938964844;165732;2019-10-30 14:30:00-04:00
51.13999938964844;51.2400016784668;50.77999877929688;51.150001525878906;234615;2019-10-30 15:30:00-04:00
51.90999984741211;52.98789978027344;51.58000183105469;52.290000915527344;162384;2019-10-31 09:30:00-04:00
52.27000045776367;52.790000915527344;51.9900016784668;52.68000030517578;98140;2019-10-31 10:30:00-04:00
52.68000030517578;52.93000030517578;52.38999938964844;52.415000915527344;78870;2019-10-31 11:30:00-04:00
52.40999984741211;52.630001068115234;52.18000030517578;52.61000061035156;74780;2019-10-31 12:30:00-04:00
52.6150016784668;53.08000183105469;52.6150016784668;53.040000915527344;87476;2019-10-31 13:30:00-04:00
53.04999923706055;53.130001068115234;52.95000076293945;52.970001220703125;177632;2019-10-31 14:30:00-04:00
52.970001220703125;53.130001068115234;52.970001220703125;53.0;185901;2019-10-31 15:30:00-04:00
53.209999084472656;53.290000915527344;52.47999954223633;53.09999847412109;84584;2019-11-01 09:30:00-04:00
53.06999969482422;53.290000915527344;52.900001525878906;53.09999847412109;51090;2019-11-01 10:30:00-04:00
53.1150016784668;53.15999984741211;52.84000015258789;53.09999847412109;90526;2019-11-01 11:30:00-04:00
53.08200073242188;53.25;52.95000076293945;53.25;58761;2019-11-01 12:30:00-04:00
53.27000045776367;53.36000061035156;52.84000015258789;52.84999847412109;53871;2019-11-01 13:30:00-04:00
52.880001068115234;53.125;52.8650016784668;53.02999877929688;97013;2019-11-01 14:30:00-04:00
53.02000045776367;53.06999969482422;52.900001525878906;53.0;124849;2019-11-01 15:30:00-04:00
52.150001525878906;52.20000076293945;50.88999938964844;50.904598236083984;249892;2019-11-04 09:30:00-05:00
50.88999938964844;51.45000076293945;50.84999847412109;51.22010040283203;73238;2019-11-04 10:30:00-05:00
51.220001220703125;51.47999954223633;51.0099983215332;51.369998931884766;52797;2019-11-04 11:30:00-05:00
51.369998931884766;51.97999954223633;51.369998931884766;51.84000015258789;86005;2019-11-04 12:30:00-05:00
51.880001068115234;52.02999877929688;51.755001068115234;51.9900016784668;61138;2019-11-04 13:30:00-05:00
51.97999954223633;52.02000045776367;51.77000045776367;51.845001220703125;89626;2019-11-04 14:30:00-05:00
51.84999847412109;52.0099983215332;51.77999877929688;51.84999847412109;127819;2019-11-04 15:30:00-05:00
52.150001525878906;52.869998931884766;51.9900016784668;52.68999862670898;64076;2019-11-05 09:30:00-05:00
52.68999862670898;52.84999847412109;52.34999847412109;52.650001525878906;62384;2019-11-05 10:30:00-05:00
52.65499877929688;53.0;52.56999969482422;52.650001525878906;63575;2019-11-05 11:30:00-05:00
52.65999984741211;52.935001373291016;52.58000183105469;52.775001525878906;56810;2019-11-05 12:30:00-05:00
52.77000045776367;53.0099983215332;52.67499923706055;53.0;84426;2019-11-05 13:30:00-05:00
53.0099983215332;53.08000183105469;52.834999084472656;52.935001373291016;161502;2019-11-05 14:30:00-05:00
52.93999862670898;53.02999877929688;52.720001220703125;52.7400016784668;196784;2019-11-05 15:30:00-05:00
52.81999969482422;53.27000045776367;52.43999862670898;52.68999862670898;69431;2019-11-06 09:30:00-05:00
52.77000045776367;53.06999969482422;52.75;53.0;77808;2019-11-06 10:30:00-05:00
53.0;53.06999969482422;52.84000015258789;52.959999084472656;58993;2019-11-06 11:30:00-05:00
52.959999084472656;53.06499862670898;52.88999938964844;52.96500015258789;42804;2019-11-06 12:30:00-05:00
52.96500015258789;53.06999969482422;52.869998931884766;52.900001525878906;48214;2019-11-06 13:30:00-05:00
52.900001525878906;53.04999923706055;52.84000015258789;52.970001220703125;86685;2019-11-06 14:30:00-05:00
52.970001220703125;53.060001373291016;52.91999816894531;53.040000915527344;124570;2019-11-06 15:30:00-05:00
53.470001220703125;53.9900016784668;53.380001068115234;53.869998931884766;46540;2019-11-07 09:30:00-05:00
53.880001068115234;53.935001373291016;53.43999862670898;53.48500061035156;66101;2019-11-07 10:30:00-05:00
53.47999954223633;53.54999923706055;53.27000045776367;53.345001220703125;59132;2019-11-07 11:30:00-05:00
53.33000183105469;53.400001525878906;53.2599983215332;53.32500076293945;67010;2019-11-07 12:30:00-05:00
53.32500076293945;53.560001373291016;53.29999923706055;53.52000045776367;52135;2019-11-07 13:30:00-05:00
53.525001525878906;53.665000915527344;53.41999816894531;53.56999969482422;103405;2019-11-07 14:30:00-05:00
53.57500076293945;53.650001525878906;53.220001220703125;53.40999984741211;119684;2019-11-07 15:30:00-05:00
53.5;54.220001220703125;53.5;54.13999938964844;33598;2019-11-08 09:30:00-05:00
54.1150016784668;54.16999816894531;53.77999877929688;54.02000045776367;46562;2019-11-08 10:30:00-05:00
54.01499938964844;54.15999984741211;53.880001068115234;53.880001068115234;31094;2019-11-08 11:30:00-05:00
53.83000183105469;53.834999084472656;53.56999969482422;53.68000030517578;54841;2019-11-08 12:30:00-05:00
53.68999862670898;53.77000045776367;53.63999938964844;53.68000030517578;47872;2019-11-08 13:30:00-05:00
53.68999862670898;53.93999862670898;53.68999862670898;53.880001068115234;48350;2019-11-08 14:30:00-05:00
53.8849983215332;54.130001068115234;53.8849983215332;53.9900016784668;90109;2019-11-08 15:30:00-05:00
53.41999816894531;54.43999862670898;53.38999938964844;54.41999816894531;49602;2019-11-11 09:30:00-05:00
54.470001220703125;54.58000183105469;54.31999969482422;54.369998931884766;38085;2019-11-11 10:30:00-05:00
54.34999847412109;54.35499954223633;54.130001068115234;54.165000915527344;32095;2019-11-11 11:30:00-05:00
54.15999984741211;54.415000915527344;54.15999984741211;54.400001525878906;35161;2019-11-11 12:30:00-05:00
54.39500045776367;54.53499984741211;54.290000915527344;54.53499984741211;33519;2019-11-11 13:30:00-05:00
54.53499984741211;54.81999969482422;54.52000045776367;54.63999938964844;104945;2019-11-11 14:30:00-05:00
54.61000061035156;54.61000061035156;54.29999923706055;54.4900016784668;69588;2019-11-11 15:30:00-05:00
54.470001220703125;54.68999862670898;54.290000915527344;54.52000045776367;22764;2019-11-12 09:30:00-05:00
54.459999084472656;54.459999084472656;54.33000183105469;54.400001525878906;42899;2019-11-12 10:30:00-05:00
54.3849983215332;54.3849983215332;54.19499969482422;54.255001068115234;36407;2019-11-12 11:30:00-05:00
54.2400016784668;54.4900016784668;54.18000030517578;54.46500015258789;29497;2019-11-12 12:30:00-05:00
54.46500015258789;54.68000030517578;54.45000076293945;54.4900016784668;36343;2019-11-12 13:30:00-05:00
54.5;54.5099983215332;54.220001220703125;54.31999969482422;64945;2019-11-12 14:30:00-05:00
54.310001373291016;54.34999847412109;54.11000061035156;54.130001068115234;157448;2019-11-12 15:30:00-05:00
53.7599983215332;54.22999954223633;53.36000061035156;54.09999847412109;34813;2019-11-13 09:30:00-05:00
54.11000061035156;54.40999984741211;54.04999923706055;54.33000183105469;34487;2019-11-13 10:30:00-05:00
54.31999969482422;54.79999923706055;54.25;54.7599983215332;37390;2019-11-13 11:30:00-05:00
54.7599983215332;54.81999969482422;54.54999923706055;54.79499816894531;23305;2019-11-13 12:30:00-05:00
54.810001373291016;54.83000183105469;54.470001220703125;54.56999969482422;34818;2019-11-13 13:30:00-05:00
54.61000061035156;54.7599983215332;54.560001373291016;54.66999816894531;45946;2019-11-13 14:30:00-05:00
54.685001373291016;54.7599983215332;54.43000030517578;54.61000061035156;85570;2019-11-13 15:30:00-05:00
54.54999923706055;54.86000061035156;54.375;54.72999954223633;27586;2019-11-14 09:30:00-05:00
54.70989990234375;54.93000030517578;54.630001068115234;54.81499862670898;34194;2019-11-14 10:30:00-05:00
54.81999969482422;54.869998931884766;54.5099983215332;54.66999816894531;35784;2019-11-14 11:30:00-05:00
54.63999938964844;54.83000183105469;54.5;54.54999923706055;32690;2019-11-14 12:30:00-05:00
54.53499984741211;54.70000076293945;54.494998931884766;54.58000183105469;39929;2019-11-14 13:30:00-05:00
54.560001373291016;54.72999954223633;54.4900016784668;54.70500183105469;70006;2019-11-14 14:30:00-05:00
54.709999084472656;54.7400016784668;54.52000045776367;54.58000183105469;82534;2019-11-14 15:30:00-05:00
55.0;55.09000015258789;54.40999984741211;54.41999816894531;38563;2019-11-15 09:30:00-05:00
54.45500183105469;54.77999877929688;54.36000061035156;54.56999969482422;33005;2019-11-15 10:30:00-05:00
54.60499954223633;54.70000076293945;54.380001068115234;54.5;37524;2019-11-15 11:30:00-05:00
54.5099983215332;54.66999816894531;54.44499969482422;54.54999923706055;23064;2019-11-15 12:30:00-05:00
54.52000045776367;54.64500045776367;54.52000045776367;54.64500045776367;20132;2019-11-15 13:30:00-05:00
54.630001068115234;54.63999938964844;54.5;54.56999969482422;30372;2019-11-15 14:30:00-05:00
54.58000183105469;54.68000030517578;54.5099983215332;54.66999816894531;75479;2019-11-15 15:30:00-05:00
54.290000915527344;54.650001525878906;54.11000061035156;54.375;30428;2019-11-18 09:30:00-05:00
54.40999984741211;54.5099983215332;54.220001220703125;54.40999984741211;46907;2019-11-18 10:30:00-05:00
54.40999984741211;54.4900016784668;54.25;54.290000915527344;34465;2019-11-18 11:30:00-05:00
54.27999877929688;54.380001068115234;54.20500183105469;54.27000045776367;29111;2019-11-18 12:30:00-05:00
54.25;54.31999969482422;54.18999862670898;54.25;48844;2019-11-18 13:30:00-05:00
54.2599983215332;54.40999984741211;54.2599983215332;54.33000183105469;41142;2019-11-18 14:30:00-05:00
54.334999084472656;54.5099983215332;54.310001373291016;54.34000015258789;104500;2019-11-18 15:30:00-05:00
54.27999877929688;54.38999938964844;53.709999084472656;54.05500030517578;76058;2019-11-19 09:30:00-05:00
54.040000915527344;54.20000076293945;53.709999084472656;54.18999862670898;53813;2019-11-19 10:30:00-05:00
54.20000076293945;54.29999923706055;54.130001068115234;54.222900390625;30881;2019-11-19 11:30:00-05:00
54.20000076293945;54.380001068115234;54.119998931884766;54.380001068115234;44844;2019-11-19 12:30:00-05:00
54.380001068115234;54.5099983215332;54.29999923706055;54.45000076293945;50392;2019-11-19 13:30:00-05:00
54.45500183105469;54.459999084472656;54.13999938964844;54.150001525878906;40288;2019-11-19 14:30:00-05:00
54.150001525878906;54.20500183105469;53.970001220703125;54.060001373291016;90605;2019-11-19 15:30:00-05:00
54.02999877929688;54.7599983215332;54.02999877929688;54.459999084472656;56200;2019-11-20 09:30:00-05:00
54.47499847412109;54.81650161743164;54.43000030517578;54.54499816894531;27070;2019-11-20 10:30:00-05:00
54.59000015258789;54.630001068115234;54.2599983215332;54.40499877929688;22846;2019-11-20 11:30:00-05:00
54.400001525878906;54.5;53.77000045776367;54.02999877929688;49618;2019-11-20 12:30:00-05:00
54.0;54.220001220703125;53.959999084472656;54.119998931884766;31260;2019-11-20 13:30:00-05:00
54.13999938964844;54.220001220703125;54.02999877929688;54.1349983215332;34614;2019-11-20 14:30:00-05:00
54.11000061035156;54.2400016784668;54.06999969482422;54.209999084472656;63192;2019-11-20 15:30:00-05:00
54.220001220703125;54.40999984741211;53.84000015258789;54.09000015258789;35927;2019-11-21 09:30:00-05:00
54.0;54.119998931884766;53.86000061035156;53.9900016784668;36446;2019-11-21 10:30:00-05:00
54.02000045776367;54.18999862670898;53.96500015258789;54.06999969482422;31976;2019-11-21 11:30:00-05:00
54.09000015258789;54.310001373291016;54.084999084472656;54.150001525878906;22637;2019-11-21 12:30:00-05:00
54.18999862670898;54.220001220703125;54.0099983215332;54.18999862670898;46463;2019-11-21 13:30:00-05:00
54.20000076293945;54.2400016784668;54.119998931884766;54.13999938964844;32914;2019-11-21 14:30:00-05:00
54.150001525878906;54.310001373291016;54.150001525878906;54.18000030517578;82933;2019-11-21 15:30:00-05:00
54.2599983215332;54.79999923706055;54.209999084472656;54.209999084472656;22455;2019-11-22 09:30:00-05:00
54.18000030517578;54.18000030517578;53.97999954223633;54.0;31603;2019-11-22 10:30:00-05:00
53.97999954223633;54.2599983215332;53.97499847412109;54.16999816894531;16388;2019-11-22 11:30:00-05:00
54.13999938964844;54.400001525878906;54.060001373291016;54.400001525878906;13890;2019-11-22 12:30:00-05:00
54.380001068115234;54.5;54.25;54.41999816894531;22274;2019-11-22 13:30:00-05:00
54.43999862670898;54.52949905395508;54.2400016784668;54.29999923706055;25920;2019-11-22 14:30:00-05:00
54.29999923706055;54.38999938964844;54.18000030517578;54.27000045776367;56111;2019-11-22 15:30:00-05:00
54.47999954223633;55.5;54.47999954223633;55.5;25944;2019-11-25 09:30:00-05:00
55.47999954223633;55.59999847412109;55.27000045776367;55.400001525878906;20518;2019-11-25 10:30:00-05:00
55.400001525878906;55.54999923706055;55.08000183105469;55.08000183105469;21946;2019-11-25 11:30:00-05:00
55.095001220703125;55.130001068115234;54.84999847412109;54.93999862670898;28968;2019-11-25 12:30:00-05:00
54.93999862670898;54.95000076293945;54.77999877929688;54.91999816894531;26652;2019-11-25 13:30:00-05:00
54.90499877929688;54.9900016784668;54.7400016784668;54.84999847412109;37676;2019-11-25 14:30:00-05:00
54.84999847412109;54.93000030517578;54.68000030517578;54.7400016784668;88189;2019-11-25 15:30:00-05:00
54.720001220703125;55.5099983215332;54.33000183105469;55.45000076293945;19565;2019-11-26 09:30:00-05:00
55.45000076293945;55.470001220703125;55.2400016784668;55.40999984741211;15595;2019-11-26 10:30:00-05:00
55.42499923706055;55.68000030517578;55.119998931884766;55.34000015258789;34827;2019-11-26 11:30:00-05:00
55.400001525878906;55.400001525878906;55.27000045776367;55.33000183105469;25457;2019-11-26 12:30:00-05:00
55.33000183105469;55.380001068115234;54.98500061035156;55.09000015258789;46626;2019-11-26 13:30:00-05:00
55.11000061035156;55.19499969482422;55.02000045776367;55.18999862670898;41179;2019-11-26 14:30:00-05:00
55.19499969482422;55.290000915527344;55.09999847412109;55.150001525878906;76459;2019-11-26 15:30:00-05:00
54.970001220703125;55.18999862670898;54.16999816894531;54.75;77512;2019-11-27 09:30:00-05:00
54.7599983215332;54.810001373291016;54.4900016784668;54.619998931884766;44866;2019-11-27 10:30:00-05:00
54.68999862670898;54.83000183105469;54.619998931884766;54.75;24288;2019-11-27 11:30:00-05:00
54.7400016784668;54.95000076293945;54.66999816894531;54.709999084472656;30970;2019-11-27 12:30:00-05:00
54.7400016784668;54.79499816894531;54.540000915527344;54.630001068115234;28164;2019-11-27 13:30:00-05:00
54.619998931884766;54.790000915527344;54.619998931884766;54.72999954223633;33351;2019-11-27 14:30:00-05:00
54.70500183105469;54.869998931884766;54.68000030517578;54.84000015258789;52737;2019-11-27 15:30:00-05:00
54.68000030517578;55.04999923706055;54.470001220703125;54.90999984741211;26469;2019-11-29 09:30:00-05:00
54.90999984741211;55.27999877929688;54.90999984741211;55.15999984741211;25239;2019-11-29 10:30:00-05:00
55.18000030517578;55.27999877929688;54.93999862670898;54.970001220703125;26692;2019-11-29 11:30:00-05:00
54.93000030517578;54.97999954223633;54.720001220703125;54.75;120891;2019-11-29 13:00:00-05:00
54.77000045776367;55.56999969482422;54.77000045776367;54.88999938964844;35564;2019-12-02 09:30:00-05:00
54.91999816894531;54.91999816894531;53.97999954223633;54.185001373291016;39027;2019-12-02 10:30:00-05:00
54.11000061035156;54.220001220703125;53.869998931884766;53.95000076293945;28471;2019-12-02 11:30:00-05:00
53.94499969482422;54.459999084472656;53.94499969482422;54.45000076293945;38868;2019-12-02 12:30:00-05:00
54.41999816894531;54.41999816894531;54.040000915527344;54.22999954223633;23751;2019-12-02 13:30:00-05:00
54.2400016784668;54.5;54.22999954223633;54.334999084472656;33936;2019-12-02 14:30:00-05:00
54.34000015258789;54.380001068115234;54.209999084472656;54.22999954223633;52377;2019-12-02 15:30:00-05:00
53.650001525878906;54.310001373291016;53.650001525878906;54.08000183105469;30700;2019-12-03 09:30:00-05:00
54.0;54.060001373291016;53.6150016784668;53.78499984741211;36135;2019-12-03 10:30:00-05:00
53.68000030517578;53.86000061035156;53.68000030517578;53.77999877929688;24197;2019-12-03 11:30:00-05:00
53.810001373291016;53.9900016784668;53.77000045776367;53.93999862670898;28982;2019-12-03 12:30:00-05:00
53.915000915527344;53.95000076293945;53.7400016784668;53.7599983215332;25151;2019-12-03 13:30:00-05:00
53.7599983215332;54.08000183105469;53.72999954223633;54.06999969482422;35540;2019-12-03 14:30:00-05:00
54.06999969482422;54.08000183105469;53.84000015258789;54.0;55466;2019-12-03 15:30:00-05:00
54.275001525878906;54.61000061035156;54.09000015258789;54.27999877929688;70480;2019-12-04 09:30:00-05:00
54.29999923706055;54.29999923706055;54.0;54.02000045776367;40873;2019-12-04 10:30:00-05:00
54.02000045776367;54.05500030517578;53.75;53.79999923706055;44964;2019-12-04 11:30:00-05:00
53.81999969482422;54.0;53.790000915527344;53.93000030517578;26513;2019-12-04 12:30:00-05:00
53.91999816894531;53.95500183105469;53.7599983215332;53.95000076293945;22619;2019-12-04 13:30:00-05:00
53.95000076293945;54.02000045776367;53.90999984741211;53.90999984741211;26851;2019-12-04 14:30:00-05:00
53.90999984741211;53.95000076293945;53.77000045776367;53.880001068115234;101131;2019-12-04 15:30:00-05:00
54.08000183105469;54.5099983215332;54.0;54.47949981689453;18980;2019-12-05 09:30:00-05:00
54.47999954223633;54.5099983215332;54.2599983215332;54.2599983215332;31884;2019-12-05 10:30:00-05:00
54.29999923706055;54.29999923706055;54.060001373291016;54.19499969482422;13275;2019-12-05 11:30:00-05:00
54.18000030517578;54.20500183105469;54.04999923706055;54.09000015258789;13112;2019-12-05 12:30:00-05:00
54.06999969482422;54.20500183105469;54.040000915527344;54.20000076293945;20371;2019-12-05 13:30:00-05:00
54.18999862670898;54.310001373291016;54.0;54.040000915527344;36866;2019-12-05 14:30:00-05:00
54.02000045776367;54.13999938964844;53.93999862670898;54.02000045776367;65473;2019-12-05 15:30:00-05:00
54.540000915527344;55.02000045776367;54.310001373291016;55.02000045776367;26638;2019-12-06 09:30:00-05:00
54.9900016784668;55.150001525878906;54.790000915527344;55.0099983215332;27865;2019-12-06 10:30:00-05:00
55.0;55.0099983215332;54.77000045776367;54.93000030517578;23851;2019-12-06 11:30:00-05:00
54.91999816894531;54.93000030517578;54.68999862670898;54.71009826660156;18167;2019-12-06 12:30:00-05:00
54.68999862670898;54.84000015258789;54.650001525878906;54.79999923706055;18857;2019-12-06 13:30:00-05:00
54.810001373291016;54.869998931884766;54.7400016784668;54.869998931884766;25411;2019-12-06 14:30:00-05:00
54.86000061035156;54.88999938964844;54.70000076293945;54.72999954223633;43622;2019-12-06 15:30:00-05:00
54.540000915527344;54.7599983215332;54.060001373291016;54.16999816894531;22085;2019-12-09 09:30:00-05:00
54.15999984741211;54.326698303222656;54.11000061035156;54.13349914550781;22790;2019-12-09 10:30:00-05:00
54.1150016784668;54.40999984741211;54.09999847412109;54.34000015258789;18143;2019-12-09 11:30:00-05:00
54.33000183105469;54.77000045776367;54.29999923706055;54.77000045776367;29536;2019-12-09 12:30:00-05:00
54.709999084472656;54.77999877929688;54.59999847412109;54.67499923706055;24538;2019-12-09 13:30:00-05:00
54.65999984741211;54.75;54.59999847412109;54.68000030517578;30429;2019-12-09 14:30:00-05:00
54.68000030517578;54.68000030517578;54.52999877929688;54.540000915527344;63522;2019-12-09 15:30:00-05:00
54.47999954223633;55.09000015258789;54.47999954223633;55.09000015258789;22099;2019-12-10 09:30:00-05:00
55.09000015258789;55.16999816894531;54.77000045776367;55.150001525878906;28989;2019-12-10 10:30:00-05:00
55.119998931884766;55.119998931884766;54.84000015258789;54.959999084472656;16450;2019-12-10 11:30:00-05:00
54.97999954223633;55.2599983215332;54.880001068115234;55.130001068115234;34221;2019-12-10 12:30:00-05:00
55.1150016784668;55.18000030517578;54.97999954223633;55.040000915527344;20478;2019-12-10 13:30:00-05:00
55.02999877929688;55.04999923706055;54.86000061035156;54.900001525878906;23930;2019-12-10 14:30:00-05:00
54.91999816894531;55.09000015258789;54.86000061035156;55.09000015258789;72374;2019-12-10 15:30:00-05:00
54.93999862670898;55.04999923706055;54.470001220703125;54.470001220703125;25696;2019-12-11 09:30:00-05:00
54.494998931884766;54.869998931884766;54.459999084472656;54.630001068115234;28049;2019-12-11 10:30:00-05:00
54.63999938964844;54.7599983215332;54.4900016784668;54.66999816894531;18391;2019-12-11 11:30:00-05:00
54.66999816894531;54.86000061035156;54.63999938964844;54.81999969482422;13507;2019-12-11 12:30:00-05:00
54.84000015258789;54.93000030517578;54.66999816894531;54.93000030517578;21620;2019-12-11 13:30:00-05:00
54.93000030517578;55.25;54.86000061035156;55.20000076293945;30630;2019-12-11 14:30:00-05:00
55.18000030517578;55.2599983215332;55.09999847412109;55.13999938964844;67461;2019-12-11 15:30:00-05:00
55.20000076293945;56.400001525878906;54.970001220703125;56.31499862670898;44934;2019-12-12 09:30:00-05:00
56.31499862670898;56.369998931884766;55.97999954223633;55.97999954223633;25274;2019-12-12 10:30:00-05:00
55.93999862670898;56.02000045776367;55.7400016784668;55.880001068115234;17970;2019-12-12 11:30:00-05:00
55.91999816894531;56.125;55.915000915527344;56.06999969482422;27772;2019-12-12 12:30:00-05:00
56.04999923706055;56.130001068115234;55.93000030517578;56.05500030517578;21700;2019-12-12 13:30:00-05:00
56.040000915527344;56.38999938964844;56.03499984741211;56.33000183105469;30231;2019-12-12 14:30:00-05:00
56.29999923706055;56.36909866333008;56.18999862670898;56.18999862670898;65005;2019-12-12 15:30:00-05:00
55.93000030517578;56.13050079345703;55.400001525878906;55.73500061035156;44704;2019-12-13 09:30:00-05:00
55.709999084472656;55.768798828125;55.29999923706055;55.619998931884766;36595;2019-12-13 10:30:00-05:00
55.650001525878906;55.970001220703125;55.54999923706055;55.83000183105469;32939;2019-12-13 11:30:00-05:00
55.83000183105469;56.02000045776367;55.7599983215332;55.94499969482422;22829;2019-12-13 12:30:00-05:00
55.95000076293945;56.13999938964844;55.95000076293945;56.119998931884766;21694;2019-12-13 13:30:00-05:00
56.11000061035156;56.20000076293945;56.060001373291016;56.16999816894531;26484;2019-12-13 14:30:00-05:00
56.17499923706055;56.27999877929688;56.13999938964844;56.16999816894531;46669;2019-12-13 15:30:00-05:00
56.5;56.93999862670898;56.41999816894531;56.494998931884766;29163;2019-12-16 09:30:00-05:00
56.470001220703125;56.900001525878906;56.2400016784668;56.84000015258789;33215;2019-12-16 10:30:00-05:00
56.810001373291016;56.84000015258789;56.63999938964844;56.78499984741211;20480;2019-12-16 11:30:00-05:00
56.77999877929688;56.88999938964844;56.70000076293945;56.7400016784668;15505;2019-12-16 12:30:00-05:00
56.71500015258789;56.71500015258789;56.0099983215332;56.02999877929688;26793;2019-12-16 13:30:00-05:00
56.04999923706055;56.04999923706055;55.880001068115234;55.959999084472656;23666;2019-12-16 14:30:00-05:00
55.95000076293945;56.13999938964844;55.869998931884766;55.900001525878906;78007;2019-12-16 15:30:00-05:00
56.0099983215332;56.15999984741211;55.310001373291016;55.43999862670898;13848;2019-12-17 09:30:00-05:00
55.38999938964844;55.38999938964844;54.994998931884766;55.16999816894531;23568;2019-12-17 10:30:00-05:00
55.209999084472656;55.77159881591797;55.209999084472656;55.61000061035156;21143;2019-12-17 11:30:00-05:00
55.619998931884766;55.845001220703125;55.59000015258789;55.72999954223633;15874;2019-12-17 12:30:00-05:00
55.720001220703125;55.77000045776367;55.650001525878906;55.73500061035156;30074;2019-12-17 13:30:00-05:00
55.7599983215332;55.77999877929688;55.52000045776367;55.63999938964844;25718;2019-12-17 14:30:00-05:00
55.63999938964844;55.7599983215332;55.59999847412109;55.66999816894531;53390;2019-12-17 15:30:00-05:00
55.959999084472656;55.994998931884766;55.560001373291016;55.88999938964844;23107;2019-12-18 09:30:00-05:00
55.900001525878906;55.959999084472656;55.59000015258789;55.65999984741211;24435;2019-12-18 10:30:00-05:00
55.63999938964844;55.790000915527344;55.630001068115234;55.68999862670898;17837;2019-12-18 11:30:00-05:00
55.709999084472656;55.75;55.48500061035156;55.48500061035156;16530;2019-12-18 12:30:00-05:00
55.4900016784668;55.650001525878906;55.45000076293945;55.47999954223633;20115;2019-12-18 13:30:00-05:00
55.4900016784668;55.75;55.470001220703125;55.68999862670898;24841;2019-12-18 14:30:00-05:00
55.68999862670898;55.84000015258789;55.619998931884766;55.70000076293945;52577;2019-12-18 15:30:00-05:00
55.720001220703125;55.77999877929688;55.0099983215332;55.4900016784668;33006;2019-12-19 09:30:00-05:00
55.4900016784668;55.810001373291016;55.4900016784668;55.75;18480;2019-12-19 10:30:00-05:00
55.79499816894531;55.9984016418457;55.72999954223633;55.98500061035156;15628;2019-12-19 11:30:00-05:00
56.0099983215332;56.02999877929688;55.7400016784668;55.86000061035156;22232;2019-12-19 12:30:00-05:00
55.869998931884766;56.2599983215332;55.77000045776367;56.13999938964844;37992;2019-12-19 13:30:00-05:00
56.09999847412109;56.31999969482422;56.09999847412109;56.22999954223633;20669;2019-12-19 14:30:00-05:00
56.22999954223633;56.31499862670898;56.119998931884766;56.25;52775;2019-12-19 15:30:00-05:00
56.45000076293945;56.63999938964844;56.040000915527344;56.33000183105469;65768;2019-12-20 09:30:00-05:00
56.34999847412109;56.70000076293945;56.345001220703125;56.66999816894531;17437;2019-12-20 10:30:00-05:00
56.68000030517578;56.75;56.54499816894531;56.720001220703125;26703;2019-12-20 11:30:00-05:00
56.720001220703125;57.0;56.720001220703125;56.97999954223633;36962;2019-12-20 12:30:00-05:00
56.970001220703125;56.970001220703125;56.81999969482422;56.84999847412109;18497;2019-12-20 13:30:00-05:00
56.86000061035156;56.970001220703125;56.81999969482422;56.88999938964844;46440;2019-12-20 14:30:00-05:00
56.900001525878906;56.97499847412109;56.4900016784668;56.63999938964844;93084;2019-12-20 15:30:00-05:00
56.70000076293945;56.70000076293945;55.78049850463867;55.875;29535;2019-12-23 09:30:00-05:00
55.83000183105469;55.91999816894531;55.720001220703125;55.86000061035156;35769;2019-12-23 10:30:00-05:00
55.88999938964844;56.0099983215332;55.81999969482422;55.86000061035156;19246;2019-12-23 11:30:00-05:00
55.86000061035156;56.58000183105469;55.77999877929688;56.5099983215332;46809;2019-12-23 12:30:00-05:00
56.5099983215332;56.65999984741211;56.380001068115234;56.59999847412109;16701;2019-12-23 13:30:00-05:00
56.619998931884766;56.790000915527344;56.59000015258789;56.70000076293945;30016;2019-12-23 14:30:00-05:00
56.68999862670898;56.810001373291016;56.52000045776367;56.790000915527344;47925;2019-12-23 15:30:00-05:00
56.86000061035156;56.900001525878906;56.5;56.61000061035156;17310;2019-12-24 09:30:00-05:00
56.625;56.65999984741211;56.43000030517578;56.584999084472656;22554;2019-12-24 10:30:00-05:00
56.58000183105469;56.9900016784668;56.56999969482422;56.84999847412109;19318;2019-12-24 11:30:00-05:00
56.79999923706055;56.84999847412109;56.68999862670898;56.77000045776367;0;2019-12-24 13:00:00-05:00
56.91999816894531;56.91999816894531;56.400001525878906;56.63999938964844;23770;2019-12-26 09:30:00-05:00
56.630001068115234;56.630001068115234;56.36000061035156;56.45000076293945;18542;2019-12-26 10:30:00-05:00
56.45000076293945;56.58000183105469;56.41999816894531;56.5;21883;2019-12-26 11:30:00-05:00
56.5099983215332;56.75;56.5099983215332;56.68999862670898;15040;2019-12-26 12:30:00-05:00
56.650001525878906;56.79999923706055;56.630001068115234;56.66999816894531;18155;2019-12-26 13:30:00-05:00
56.650001525878906;56.68000030517578;56.46500015258789;56.619998931884766;21880;2019-12-26 14:30:00-05:00
56.630001068115234;56.810001373291016;56.57500076293945;56.77000045776367;53620;2019-12-26 15:30:00-05:00
57.0;57.0;56.22999954223633;56.68999862670898;36726;2019-12-27 09:30:00-05:00
56.67499923706055;57.02000045776367;56.5;56.77000045776367;135230;2019-12-27 10:30:00-05:00
56.78499984741211;56.915000915527344;56.72999954223633;56.75;12836;2019-12-27 11:30:00-05:00
56.7599983215332;56.90499877929688;56.65999984741211;56.810001373291016;11656;2019-12-27 12:30:00-05:00
56.810001373291016;56.84000015258789;56.66999816894531;56.709598541259766;14208;2019-12-27 13:30:00-05:00
56.70000076293945;56.75;56.63999938964844;56.68000030517578;29561;2019-12-27 14:30:00-05:00
56.68000030517578;56.69499969482422;56.43999862670898;56.61000061035156;58400;2019-12-27 15:30:00-05:00
56.52999877929688;56.52999877929688;55.06999969482422;55.16999816894531;31470;2019-12-30 09:30:00-05:00
55.2599983215332;56.209999084472656;55.18000030517578;56.16999816894531;28780;2019-12-30 10:30:00-05:00
56.185001373291016;56.54999923706055;56.09999847412109;56.369998931884766;39862;2019-12-30 11:30:00-05:00
56.275001525878906;56.81999969482422;56.25;56.7599983215332;48865;2019-12-30 12:30:00-05:00
56.77000045776367;56.9900016784668;56.77000045776367;56.95000076293945;46777;2019-12-30 13:30:00-05:00
56.95000076293945;56.959999084472656;56.75;56.88999938964844;48421;2019-12-30 14:30:00-05:00
56.900001525878906;57.005001068115234;56.84000015258789;56.91999816894531;105813;2019-12-30 15:30:00-05:00
56.7400016784668;56.88999938964844;56.310001373291016;56.32590103149414;23530;2019-12-31 09:30:00-05:00
56.310001373291016;56.5;56.310001373291016;56.380001068115234;14199;2019-12-31 10:30:00-05:00
56.369998931884766;56.56999969482422;56.290000915527344;56.45000076293945;28659;2019-12-31 11:30:00-05:00
56.5;56.54999923706055;56.20000076293945;56.20000076293945;22234;2019-12-31 12:30:00-05:00
56.18000030517578;56.2400016784668;56.02999877929688;56.20000076293945;18392;2019-12-31 13:30:00-05:00
56.209999084472656;56.290000915527344;56.130001068115234;56.290000915527344;23989;2019-12-31 14:30:00-05:00
56.29999923706055;56.77000045776367;56.15499877929688;56.560001373291016;166792;2019-12-31 15:30:00-05:00
57.040000915527344;57.22999954223633;56.5099983215332;56.595001220703125;27474;2020-01-02 09:30:00-05:00
56.63999938964844;56.720001220703125;56.400001525878906;56.68000030517578;35963;2020-01-02 10:30:00-05:00
56.70000076293945;57.0;56.560001373291016;56.95000076293945;18052;2020-01-02 11:30:00-05:00
56.959999084472656;56.9900016784668;56.630001068115234;56.630001068115234;36706;2020-01-02 12:30:00-05:00
56.630001068115234;56.83000183105469;56.40999984741211;56.810001373291016;27047;2020-01-02 13:30:00-05:00
56.875;57.005001068115234;56.7599983215332;56.91999816894531;52766;2020-01-02 14:30:00-05:00
56.93000030517578;57.18999862670898;56.81499862670898;57.18000030517578;67389;2020-01-02 15:30:00-05:00
56.2599983215332;56.869998931884766;55.95000076293945;56.21580123901367;47149;2020-01-03 09:30:00-05:00
56.33000183105469;56.560001373291016;56.2400016784668;56.4900016784668;18951;2020-01-03 10:30:00-05:00
56.540000915527344;56.880001068115234;56.5;56.869998931884766;13332;2020-01-03 11:30:00-05:00
56.84000015258789;57.02999877929688;56.810001373291016;56.95000076293945;14846;2020-01-03 12:30:00-05:00
56.93999862670898;56.97999954223633;56.65999984741211;56.90999984741211;15362;2020-01-03 13:30:00-05:00
56.90999984741211;56.90999984741211;56.290000915527344;56.38999938964844;85116;2020-01-03 14:30:00-05:00
56.40999984741211;56.5;56.29999923706055;56.459999084472656;46911;2020-01-03 15:30:00-05:00
56.04999923706055;56.20000076293945;55.61000061035156;56.02000045776367;36356;2020-01-06 09:30:00-05:00
56.130001068115234;56.43999862670898;56.130001068115234;56.2400016784668;13360;2020-01-06 10:30:00-05:00
56.310001373291016;56.52000045776367;56.27999877929688;56.52000045776367;14576;2020-01-06 11:30:00-05:00
56.52000045776367;56.650001525878906;56.43000030517578;56.560001373291016;14384;2020-01-06 12:30:00-05:00
56.59999847412109;56.79999923706055;56.56999969482422;56.77999877929688;12717;2020-01-06 13:30:00-05:00
56.790000915527344;56.96500015258789;56.790000915527344;56.86000061035156;22268;2020-01-06 14:30:00-05:00
56.84000015258789;56.95000076293945;56.79999923706055;56.880001068115234;35776;2020-01-06 15:30:00-05:00
56.630001068115234;56.97999954223633;56.470001220703125;56.65499877929688;23128;2020-01-07 09:30:00-05:00
56.7400016784668;56.93999862670898;56.630001068115234;56.84000015258789;27930;2020-01-07 10:30:00-05:00
56.82500076293945;56.91999816894531;56.630001068115234;56.67499923706055;14624;2020-01-07 11:30:00-05:00
56.65999984741211;56.79999923706055;56.54999923706055;56.560001373291016;11203;2020-01-07 12:30:00-05:00
56.560001373291016;56.560001373291016;56.33000183105469;56.345001220703125;10519;2020-01-07 13:30:00-05:00
56.33000183105469;56.35499954223633;56.16999816894531;56.290000915527344;18159;2020-01-07 14:30:00-05:00
56.29999923706055;56.36000061035156;56.119998931884766;56.130001068115234;39542;2020-01-07 15:30:00-05:00
56.04999923706055;56.2599983215332;55.290000915527344;55.59999847412109;42475;2020-01-08 09:30:00-05:00
55.65999984741211;55.810001373291016;55.51499938964844;55.60499954223633;24667;2020-01-08 10:30:00-05:00
55.68000030517578;55.93000030517578;55.494998931884766;55.86000061035156;20915;2020-01-08 11:30:00-05:00
55.845001220703125;55.935001373291016;55.744998931884766;55.869998931884766;19912;2020-01-08 12:30:00-05:00
55.89500045776367;56.02999877929688;55.7400016784668;55.790000915527344;40921;2020-01-08 13:30:00-05:00
55.77000045776367;56.09999847412109;55.77000045776367;56.06999969482422;31991;2020-01-08 14:30:00-05:00
56.07500076293945;56.07500076293945;55.619998931884766;55.650001525878906;57655;2020-01-08 15:30:00-05:00
55.91999816894531;56.34000015258789;55.7599983215332;56.29999923706055;17063;2020-01-09 09:30:00-05:00
56.369998931884766;56.459999084472656;56.22999954223633;56.34000015258789;15592;2020-01-09 10:30:00-05:00
56.375;56.40999984741211;56.13999938964844;56.20000076293945;14774;2020-01-09 11:30:00-05:00
56.18999862670898;56.22999954223633;55.84000015258789;56.0099983215332;33792;2020-01-09 12:30:00-05:00
55.9900016784668;56.15999984741211;55.9900016784668;56.060001373291016;16996;2020-01-09 13:30:00-05:00
56.06999969482422;56.25;55.970001220703125;56.0099983215332;29956;2020-01-09 14:30:00-05:00
56.02999877929688;56.040000915527344;55.880001068115234;55.90999984741211;37954;2020-01-09 15:30:00-05:00
56.0;56.34999847412109;55.67499923706055;55.67499923706055;15672;2020-01-10 09:30:00-05:00
55.650001525878906;55.84000015258789;55.46500015258789;55.4900016784668;24274;2020-01-10 10:30:00-05:00
55.45000076293945;55.459999084472656;55.119998931884766;55.27000045776367;26648;2020-01-10 11:30:00-05:00
55.36000061035156;55.369998931884766;55.2599983215332;55.31999969482422;16709;2020-01-10 12:30:00-05:00
55.33000183105469;55.43000030517578;55.33000183105469;55.380001068115234;18531;2020-01-10 13:30:00-05:00
55.3650016784668;55.869998931884766;55.310001373291016;55.81999969482422;29406;2020-01-10 14:30:00-05:00
55.81999969482422;55.97999954223633;55.77999877929688;55.97999954223633;37596;2020-01-10 15:30:00-05:00
56.08000183105469;56.68000030517578;56.08000183105469;56.5;32124;2020-01-13 09:30:00-05:00
56.5;56.63999938964844;56.43000030517578;56.59000015258789;12866;2020-01-13 10:30:00-05:00
56.58000183105469;56.77999877929688;56.52999877929688;56.75;10235;2020-01-13 11:30:00-05:00
56.7599983215332;56.84000015258789;56.400001525878906;56.400001525878906;16955;2020-01-13 12:30:00-05:00
56.400001525878906;56.43999862670898;56.31060028076172;56.41999816894531;12569;2020-01-13 13:30:00-05:00
56.39500045776367;56.41999816894531;56.09999847412109;56.09999847412109;20069;2020-01-13 14:30:00-05:00
56.09000015258789;56.31499862670898;56.09000015258789;56.25;45938;2020-01-13 15:30:00-05:00
56.25;56.41999816894531;56.0099983215332;56.11000061035156;17119;2020-01-14 09:30:00-05:00
56.22999954223633;56.43999862670898;56.13999938964844;56.43999862670898;0;2020-01-14 10:30:00-05:00
56.43000030517578;56.54999923706055;56.29499816894531;56.540000915527344;42494;2020-01-14 11:30:00-05:00
56.5099983215332;56.80400085449219;56.5099983215332;56.790000915527344;15014;2020-01-14 12:30:00-05:00
56.79499816894531;56.81999969482422;56.43000030517578;56.61000061035156;21548;2020-01-14 13:30:00-05:00
56.65999984741211;56.68999862670898;56.43999862670898;56.459999084472656;15587;2020-01-14 14:30:00-05:00
56.470001220703125;56.540000915527344;56.369998931884766;56.459999084472656;38494;2020-01-14 15:30:00-05:00
56.15999984741211;57.38999938964844;56.15999984741211;57.18000030517578;19292;2020-01-15 09:30:00-05:00
57.13999938964844;57.165000915527344;56.78499984741211;57.165000915527344;28602;2020-01-15 10:30:00-05:00
57.130001068115234;57.27000045776367;57.04999923706055;57.150001525878906;21185;2020-01-15 11:30:00-05:00
57.150001525878906;57.15999984741211;56.84999847412109;57.02000045776367;21050;2020-01-15 12:30:00-05:00
57.040000915527344;57.400001525878906;57.0099983215332;57.38999938964844;28076;2020-01-15 13:30:00-05:00
57.39500045776367;57.459999084472656;57.13999938964844;57.25;32461;2020-01-15 14:30:00-05:00
57.25;57.400001525878906;57.150001525878906;57.400001525878906;51107;2020-01-15 15:30:00-05:00
57.56999969482422;58.48500061035156;57.56999969482422;58.0099983215332;45539;2020-01-16 09:30:00-05:00
58.01499938964844;58.11000061035156;57.650001525878906;57.7400016784668;19736;2020-01-16 10:30:00-05:00
57.720001220703125;57.91999816894531;57.619998931884766;57.91999816894531;9483;2020-01-16 11:30:00-05:00
57.900001525878906;57.93999862670898;57.810001373291016;57.88999938964844;10121;2020-01-16 12:30:00-05:00
57.880001068115234;58.0099983215332;57.86000061035156;57.970001220703125;13587;2020-01-16 13:30:00-05:00
57.959999084472656;57.970001220703125;57.77000045776367;57.869998931884766;23142;2020-01-16 14:30:00-05:00
57.869998931884766;58.09000015258789;57.83000183105469;58.04999923706055;105282;2020-01-16 15:30:00-05:00
58.41999816894531;58.900001525878906;58.16999816894531;58.790000915527344;38246;2020-01-17 09:30:00-05:00
58.790000915527344;58.790000915527344;58.47999954223633;58.73500061035156;21172;2020-01-17 10:30:00-05:00
58.73500061035156;58.97999954223633;58.66999816894531;58.90999984741211;25421;2020-01-17 11:30:00-05:00
58.900001525878906;59.18999862670898;58.869998931884766;59.18000030517578;21943;2020-01-17 12:30:00-05:00
59.18000030517578;59.27000045776367;59.02999877929688;59.060001373291016;26409;2020-01-17 13:30:00-05:00
59.060001373291016;59.09000015258789;58.650001525878906;58.84000015258789;40631;2020-01-17 14:30:00-05:00
58.869998931884766;58.97999954223633;58.810001373291016;58.83000183105469;48049;2020-01-17 15:30:00-05:00
58.630001068115234;58.81999969482422;58.18000030517578;58.20500183105469;18317;2020-01-21 09:30:00-05:00
58.29729843139648;58.470001220703125;58.040000915527344;58.470001220703125;41281;2020-01-21 10:30:00-05:00
58.47999954223633;58.47999954223633;57.72999954223633;57.83000183105469;22510;2020-01-21 11:30:00-05:00
57.83000183105469;57.900001525878906;57.400001525878906;57.400001525878906;18934;2020-01-21 12:30:00-05:00
57.415000915527344;57.619998931884766;57.2400016784668;57.43000030517578;38552;2020-01-21 13:30:00-05:00
57.40999984741211;57.81999969482422;57.40999984741211;57.755001068115234;27646;2020-01-21 14:30:00-05:00
57.709999084472656;57.720001220703125;57.400001525878906;57.43999862670898;59645;2020-01-21 15:30:00-05:00
57.84000015258789;58.36000061035156;57.84000015258789;58.27000045776367;19565;2020-01-22 09:30:00-05:00
58.22999954223633;58.33000183105469;57.88999938964844;57.96009826660156;13931;2020-01-22 10:30:00-05:00
57.98500061035156;58.119998931884766;57.93000030517578;58.02999877929688;12300;2020-01-22 11:30:00-05:00
58.06999969482422;58.09000015258789;57.93000030517578;58.04999923706055;9947;2020-01-22 12:30:00-05:00
58.0099983215332;58.11980056762695;57.88999938964844;57.88999938964844;20402;2020-01-22 13:30:00-05:00
57.880001068115234;57.95000076293945;57.650001525878906;57.77999877929688;89196;2020-01-22 14:30:00-05:00
57.810001373291016;57.88999938964844;57.65999984741211;57.68999862670898;38685;2020-01-22 15:30:00-05:00
57.459999084472656;57.54999923706055;57.060001373291016;57.45000076293945;19042;2020-01-23 09:30:00-05:00
57.47999954223633;57.52000045776367;56.810001373291016;56.810001373291016;22097;2020-01-23 10:30:00-05:00
56.900001525878906;56.91999816894531;56.66999816894531;56.86000061035156;14276;2020-01-23 11:30:00-05:00
56.88999938964844;57.02000045776367;56.68000030517578;56.93000030517578;14802;2020-01-23 12:30:00-05:00
56.90999984741211;57.29999923706055;56.880001068115234;57.16999816894531;23786;2020-01-23 13:30:00-05:00
57.22999954223633;57.33000183105469;57.130001068115234;57.209999084472656;20130;2020-01-23 14:30:00-05:00
57.20000076293945;57.29999923706055;56.9900016784668;57.02999877929688;50712;2020-01-23 15:30:00-05:00
57.09000015258789;57.130001068115234;56.70000076293945;56.77999877929688;14825;2020-01-24 09:30:00-05:00
56.7599983215332;56.88999938964844;56.52000045776367;56.65999984741211;15390;2020-01-24 10:30:00-05:00
56.68000030517578;56.790000915527344;56.3650016784668;56.494998931884766;17326;2020-01-24 11:30:00-05:00
56.525001525878906;56.61000061035156;56.33000183105469;56.45000076293945;11569;2020-01-24 12:30:00-05:00
56.33000183105469;56.34000015258789;56.040000915527344;56.06999969482422;22219;2020-01-24 13:30:00-05:00
56.06999969482422;56.400001525878906;56.04999923706055;56.33000183105469;23962;2020-01-24 14:30:00-05:00
56.31999969482422;56.34999847412109;56.119998931884766;56.31999969482422;68135;2020-01-24 15:30:00-05:00
55.38999938964844;56.06999969482422;55.20000076293945;55.77000045776367;15670;2020-01-27 09:30:00-05:00
55.709999084472656;55.77999877929688;55.290000915527344;55.45000076293945;14820;2020-01-27 10:30:00-05:00
55.47999954223633;55.619998931884766;55.43000030517578;55.5099983215332;12352;2020-01-27 11:30:00-05:00
55.52000045776367;55.525001525878906;55.16999816894531;55.40999984741211;22130;2020-01-27 12:30:00-05:00
55.47999954223633;55.650001525878906;55.345001220703125;55.5;21776;2020-01-27 13:30:00-05:00
55.47499847412109;55.47999954223633;55.27000045776367;55.31999969482422;27389;2020-01-27 14:30:00-05:00
55.31499862670898;55.31999969482422;55.02999877929688;55.04999923706055;56626;2020-01-27 15:30:00-05:00
55.16999816894531;55.2599983215332;54.58000183105469;55.2599983215332;41192;2020-01-28 09:30:00-05:00
55.27000045776367;55.47499847412109;55.22999954223633;55.40999984741211;24748;2020-01-28 10:30:00-05:00
55.39300155639648;55.470001220703125;55.290000915527344;55.34999847412109;38113;2020-01-28 11:30:00-05:00
55.34000015258789;55.56999969482422;55.32500076293945;55.54999923706055;40149;2020-01-28 12:30:00-05:00
55.52000045776367;55.58000183105469;55.36000061035156;55.43999862670898;23443;2020-01-28 13:30:00-05:00
55.435001373291016;55.54999923706055;55.38999938964844;55.52000045776367;24100;2020-01-28 14:30:00-05:00
55.52000045776367;55.540000915527344;55.310001373291016;55.31999969482422;62472;2020-01-28 15:30:00-05:00
55.459999084472656;56.15999984741211;55.33000183105469;56.08000183105469;67213;2020-01-29 09:30:00-05:00
56.119998931884766;56.560001373291016;56.04999923706055;56.459999084472656;24407;2020-01-29 10:30:00-05:00
56.40999984741211;56.40999984741211;56.05500030517578;56.095001220703125;14279;2020-01-29 11:30:00-05:00
56.09000015258789;56.290000915527344;55.900001525878906;55.9900016784668;51782;2020-01-29 12:30:00-05:00
56.005001068115234;56.18999862670898;55.994998931884766;56.1349983215332;12227;2020-01-29 13:30:00-05:00
56.1349983215332;56.1349983215332;55.77999877929688;55.97999954223633;89764;2020-01-29 14:30:00-05:00
56.0099983215332;56.09000015258789;55.900001525878906;56.0;51520;2020-01-29 15:30:00-05:00
55.5;56.345001220703125;55.5;56.150001525878906;27669;2020-01-30 09:30:00-05:00
56.130001068115234;56.20000076293945;55.65999984741211;56.20000076293945;19570;2020-01-30 10:30:00-05:00
56.150001525878906;56.34000015258789;56.08000183105469;56.22999954223633;13541;2020-01-30 11:30:00-05:00
56.220001220703125;56.43000030517578;56.08000183105469;56.36000061035156;18640;2020-01-30 12:30:00-05:00
56.36000061035156;56.560001373291016;56.34000015258789;56.560001373291016;20698;2020-01-30 13:30:00-05:00
56.540000915527344;57.13999938964844;56.38999938964844;57.11000061035156;38826;2020-01-30 14:30:00-05:00
57.13999938964844;57.52999877929688;57.09000015258789;57.43000030517578;62168;2020-01-30 15:30:00-05:00
57.29999923706055;57.66999816894531;57.29999923706055;57.45000076293945;28308;2020-01-31 09:30:00-05:00
57.400001525878906;57.59000015258789;57.08000183105469;57.09999847412109;42796;2020-01-31 10:30:00-05:00
57.0099983215332;57.34999847412109;56.93999862670898;57.18000030517578;35441;2020-01-31 11:30:00-05:00
57.11000061035156;57.18000030517578;56.790000915527344;57.119998931884766;32246;2020-01-31 12:30:00-05:00
57.119998931884766;57.33000183105469;57.04999923706055;57.150001525878906;22573;2020-01-31 13:30:00-05:00
57.13999938964844;57.2400016784668;56.9900016784668;57.0;37755;2020-01-31 14:30:00-05:00
56.959999084472656;57.22999954223633;56.77999877929688;57.060001373291016;126954;2020-01-31 15:30:00-05:00
57.02000045776367;58.70909881591797;57.02000045776367;58.630001068115234;58986;2020-02-03 09:30:00-05:00
58.619998931884766;58.869998931884766;58.45000076293945;58.45000076293945;38366;2020-02-03 10:30:00-05:00
58.459999084472656;58.459999084472656;57.84999847412109;57.84999847412109;46396;2020-02-03 11:30:00-05:00
57.869998931884766;58.09000015258789;57.79999923706055;57.79999923706055;30648;2020-02-03 12:30:00-05:00
57.81999969482422;57.93999862670898;57.79999923706055;57.85499954223633;28477;2020-02-03 13:30:00-05:00
57.86000061035156;58.0;57.79499816894531;57.900001525878906;52173;2020-02-03 14:30:00-05:00
57.93000030517578;57.93000030517578;57.68000030517578;57.70000076293945;103187;2020-02-03 15:30:00-05:00
58.34000015258789;58.4900016784668;58.060001373291016;58.34000015258789;27238;2020-02-04 09:30:00-05:00
58.34000015258789;59.040000915527344;58.310001373291016;59.0099983215332;120286;2020-02-04 10:30:00-05:00
59.04999923706055;59.47999954223633;59.04999923706055;59.459999084472656;30516;2020-02-04 11:30:00-05:00
59.43000030517578;59.5;59.345001220703125;59.34999847412109;17440;2020-02-04 12:30:00-05:00
59.380001068115234;59.7599983215332;59.380001068115234;59.7400016784668;62963;2020-02-04 13:30:00-05:00
59.7400016784668;59.7400016784668;59.34000015258789;59.59000015258789;26664;2020-02-04 14:30:00-05:00
59.595001220703125;59.61000061035156;58.86000061035156;58.86000061035156;92282;2020-02-04 15:30:00-05:00
59.4900016784668;59.88999938964844;59.48500061035156;59.58000183105469;20067;2020-02-05 09:30:00-05:00
59.56999969482422;59.720001220703125;59.0099983215332;59.15999984741211;19306;2020-02-05 10:30:00-05:00
59.119998931884766;59.16999816894531;58.66999816894531;59.06499862670898;23010;2020-02-05 11:30:00-05:00
59.05500030517578;59.369998931884766;59.05500030517578;59.27000045776367;13689;2020-02-05 12:30:00-05:00
59.255001068115234;59.369998931884766;59.119998931884766;59.27999877929688;16213;2020-02-05 13:30:00-05:00
59.290000915527344;59.43999862670898;59.27000045776367;59.400001525878906;23414;2020-02-05 14:30:00-05:00
59.369998931884766;59.5;59.33000183105469;59.45000076293945;33318;2020-02-05 15:30:00-05:00
59.400001525878906;59.66999816894531;58.2599983215332;58.459999084472656;23745;2020-02-06 09:30:00-05:00
58.43999862670898;58.43999862670898;58.02000045776367;58.29999923706055;29930;2020-02-06 10:30:00-05:00
58.35210037231445;58.54499816894531;58.35210037231445;58.43999862670898;14835;2020-02-06 11:30:00-05:00
58.41999816894531;58.41999816894531;58.220001220703125;58.2599983215332;11631;2020-02-06 12:30:00-05:00
58.220001220703125;58.2599983215332;58.130001068115234;58.18999862670898;17087;2020-02-06 13:30:00-05:00
58.20000076293945;58.290000915527344;58.11000061035156;58.125;16314;2020-02-06 14:30:00-05:00
58.13999938964844;58.18000030517578;57.86000061035156;58.02999877929688;51224;2020-02-06 15:30:00-05:00
57.970001220703125;57.970001220703125;57.06999969482422;57.31499862670898;31226;2020-02-07 09:30:00-05:00
57.27999877929688;57.459999084472656;57.15999984741211;57.38999938964844;22413;2020-02-07 10:30:00-05:00
57.400001525878906;57.52999877929688;57.29999923706055;57.43000030517578;8617;2020-02-07 11:30:00-05:00
57.43000030517578;57.470001220703125;57.27000045776367;57.27000045776367;9639;2020-02-07 12:30:00-05:00
57.27000045776367;57.34000015258789;56.90999984741211;57.209999084472656;20197;2020-02-07 13:30:00-05:00
57.13999938964844;57.33000183105469;57.08000183105469;57.18999862670898;16239;2020-02-07 14:30:00-05:00
57.18999862670898;57.27000045776367;56.970001220703125;57.09000015258789;40312;2020-02-07 15:30:00-05:00
56.20000076293945;56.54499816894531;55.400001525878906;55.52999877929688;70391;2020-02-10 09:30:00-05:00
55.58000183105469;56.02999877929688;55.45000076293945;55.93000030517578;54123;2020-02-10 10:30:00-05:00
55.93999862670898;55.970001220703125;55.41999816894531;55.54999923706055;67497;2020-02-10 11:30:00-05:00
55.54999923706055;55.630001068115234;55.09999847412109;55.1349983215332;77470;2020-02-10 12:30:00-05:00
55.15999984741211;55.400001525878906;55.125;55.2400016784668;40402;2020-02-10 13:30:00-05:00
55.22999954223633;55.380001068115234;55.150001525878906;55.2400016784668;46106;2020-02-10 14:30:00-05:00
55.2599983215332;55.369998931884766;55.150001525878906;55.36000061035156;73518;2020-02-10 15:30:00-05:00
55.56999969482422;55.84999847412109;55.220001220703125;55.744998931884766;34096;2020-02-11 09:30:00-05:00
55.790000915527344;55.83000183105469;54.95000076293945;55.06380081176758;41701;2020-02-11 10:30:00-05:00
55.06499862670898;55.40499877929688;54.90999984741211;55.27999877929688;76899;2020-02-11 11:30:00-05:00
55.310001373291016;55.34000015258789;55.0;55.02000045776367;20022;2020-02-11 12:30:00-05:00
55.025001525878906;55.09000015258789;54.59000015258789;54.650001525878906;77502;2020-02-11 13:30:00-05:00
54.67499923706055;54.790000915527344;54.36000061035156;54.4900016784668;36336;2020-02-11 14:30:00-05:00
54.47999954223633;54.47999954223633;54.08000183105469;54.22999954223633;74626;2020-02-11 15:30:00-05:00
52.95000076293945;53.087501525878906;52.165000915527344;52.63999938964844;410557;2020-02-12 09:30:00-05:00
52.68000030517578;52.72999954223633;52.43999862670898;52.5099983215332;125149;2020-02-12 10:30:00-05:00
52.5;52.720001220703125;52.209999084472656;52.6150016784668;120579;2020-02-12 11:30:00-05:00
52.622501373291016;52.84000015258789;52.16999816894531;52.400001525878906;293322;2020-02-12 12:30:00-05:00
52.38999938964844;52.40499877929688;52.13999938964844;52.16999816894531;52607;2020-02-12 13:30:00-05:00
52.150001525878906;52.150001525878906;51.66999816894531;51.70000076293945;111575;2020-02-12 14:30:00-05:00
51.70000076293945;51.709999084472656;50.959999084472656;51.0099983215332;200364;2020-02-12 15:30:00-05:00
51.150001525878906;52.5;50.95000076293945;52.369998931884766;161149;2020-02-13 09:30:00-05:00
52.43000030517578;52.720001220703125;52.34999847412109;52.59999847412109;62597;2020-02-13 10:30:00-05:00
52.595001220703125;52.69499969482422;52.20000076293945;52.400001525878906;84696;2020-02-13 11:30:00-05:00
52.38999938964844;52.38999938964844;51.630001068115234;51.95000076293945;71925;2020-02-13 12:30:00-05:00
51.98500061035156;52.05500030517578;51.5;51.61000061035156;176406;2020-02-13 13:30:00-05:00
51.60499954223633;51.63999938964844;50.97999954223633;50.9900016784668;172080;2020-02-13 14:30:00-05:00
51.0;51.040000915527344;50.52000045776367;50.81999969482422;237705;2020-02-13 15:30:00-05:00
55.22999954223633;59.7400016784668;54.7400016784668;58.36000061035156;423815;2020-02-14 09:30:00-05:00
58.43000030517578;58.959999084472656;57.16999816894531;58.70000076293945;285116;2020-02-14 10:30:00-05:00
58.65999984741211;60.380001068115234;57.869998931884766;59.80500030517578;274132;2020-02-14 11:30:00-05:00
59.90999984741211;60.44499969482422;59.77799987792969;59.94499969482422;156084;2020-02-14 12:30:00-05:00
59.93000030517578;60.380001068115234;59.790000915527344;60.15499877929688;159049;2020-02-14 13:30:00-05:00
60.150001525878906;60.72999954223633;59.93999862670898;60.084999084472656;209214;2020-02-14 14:30:00-05:00
60.150001525878906;61.58000183105469;60.130001068115234;61.0099983215332;306779;2020-02-14 15:30:00-05:00
60.72999954223633;60.83000183105469;58.06999969482422;58.20000076293945;214625;2020-02-18 09:30:00-05:00
58.17499923706055;59.25;58.09999847412109;58.220001220703125;110240;2020-02-18 10:30:00-05:00
58.21500015258789;58.29999923706055;57.52000045776367;58.2599983215332;72896;2020-02-18 11:30:00-05:00
58.2400016784668;58.2400016784668;57.7400016784668;57.959999084472656;43789;2020-02-18 12:30:00-05:00
58.0099983215332;58.5;57.95000076293945;58.40499877929688;429487;2020-02-18 13:30:00-05:00
58.40499877929688;58.900001525878906;58.16999816894531;58.70000076293945;133254;2020-02-18 14:30:00-05:00
58.68000030517578;58.70000076293945;58.29999923706055;58.560001373291016;138167;2020-02-18 15:30:00-05:00
59.119998931884766;61.83000183105469;58.880001068115234;61.459999084472656;239327;2020-02-19 09:30:00-05:00
61.5;61.9900016784668;61.06999969482422;61.459999084472656;118414;2020-02-19 10:30:00-05:00
61.43000030517578;61.720001220703125;61.130001068115234;61.58000183105469;69968;2020-02-19 11:30:00-05:00
61.619998931884766;62.13999938964844;61.540000915527344;62.09000015258789;61080;2020-02-19 12:30:00-05:00
62.06999969482422;62.19620132446289;61.790000915527344;62.03499984741211;88060;2020-02-19 13:30:00-05:00
62.02000045776367;62.810001373291016;61.97999954223633;62.31999969482422;113566;2020-02-19 14:30:00-05:00
62.334999084472656;62.4900016784668;61.9900016784668;61.9900016784668;183288;2020-02-19 15:30:00-05:00
61.470001220703125;62.209999084472656;60.29499816894531;60.720001220703125;97596;2020-02-20 09:30:00-05:00
60.84999847412109;60.880001068115234;60.25;60.29999923706055;53711;2020-02-20 10:30:00-05:00
60.290000915527344;60.720001220703125;59.8849983215332;60.65999984741211;75187;2020-02-20 11:30:00-05:00
60.70000076293945;61.02999877929688;60.64500045776367;60.95000076293945;52506;2020-02-20 12:30:00-05:00
60.93999862670898;61.43999862670898;60.810001373291016;61.220001220703125;78287;2020-02-20 13:30:00-05:00
61.21500015258789;61.61000061035156;61.21500015258789;61.459999084472656;84687;2020-02-20 14:30:00-05:00
61.470001220703125;61.83000183105469;61.38999938964844;61.58000183105469;128653;2020-02-20 15:30:00-05:00
61.16999816894531;61.16999816894531;59.5099983215332;60.20000076293945;58381;2020-02-21 09:30:00-05:00
60.150001525878906;60.630001068115234;60.060001373291016;60.41999816894531;52270;2020-02-21 10:30:00-05:00
60.43999862670898;60.5099983215332;59.75;59.77000045776367;49866;2020-02-21 11:30:00-05:00
59.790000915527344;60.209999084472656;59.34000015258789;59.38999938964844;62031;2020-02-21 12:30:00-05:00
59.34000015258789;59.68999862670898;59.13999938964844;59.275001525878906;38608;2020-02-21 13:30:00-05:00
59.29999923706055;59.4900016784668;59.16999816894531;59.310001373291016;45129;2020-02-21 14:30:00-05:00
59.29999923706055;59.70989990234375;59.2599983215332;59.59999847412109;85606;2020-02-21 15:30:00-05:00
57.59999847412109;58.400001525878906;57.31499862670898;57.58599853515625;42255;2020-02-24 09:30:00-05:00
57.4900016784668;58.54999923706055;57.400001525878906;58.220001220703125;38433;2020-02-24 10:30:00-05:00
58.16999816894531;58.16999816894531;57.88999938964844;58.06999969482422;38461;2020-02-24 11:30:00-05:00
58.09999847412109;58.20000076293945;57.810001373291016;58.08000183105469;35885;2020-02-24 12:30:00-05:00
58.04999923706055;58.834999084472656;58.04499816894531;58.77999877929688;63981;2020-02-24 13:30:00-05:00
58.75;59.20000076293945;58.75;59.11000061035156;57774;2020-02-24 14:30:00-05:00
59.130001068115234;59.15499877929688;58.70000076293945;58.7599983215332;85736;2020-02-24 15:30:00-05:00
58.790000915527344;58.790000915527344;57.02000045776367;57.20500183105469;28692;2020-02-25 09:30:00-05:00
57.27000045776367;57.33000183105469;56.720001220703125;57.0;68220;2020-02-25 10:30:00-05:00
57.01499938964844;57.40999984741211;56.83000183105469;57.17499923706055;49823;2020-02-25 11:30:00-05:00
57.20000076293945;57.33000183105469;56.5099983215332;56.63999938964844;37755;2020-02-25 12:30:00-05:00
56.59999847412109;56.77000045776367;56.09000015258789;56.18000030517578;32445;2020-02-25 13:30:00-05:00
56.18999862670898;56.7599983215332;55.88999938964844;56.2400016784668;65635;2020-02-25 14:30:00-05:00
56.209999084472656;56.34000015258789;55.810001373291016;56.02000045776367;87564;2020-02-25 15:30:00-05:00
56.560001373291016;56.81999969482422;55.36000061035156;55.5;27137;2020-02-26 09:30:00-05:00
55.52000045776367;55.84999847412109;55.34999847412109;55.56999969482422;36320;2020-02-26 10:30:00-05:00
55.5;55.540000915527344;54.61000061035156;54.619998931884766;25166;2020-02-26 11:30:00-05:00
54.709999084472656;54.83000183105469;54.04999923706055;54.209999084472656;44717;2020-02-26 12:30:00-05:00
54.22999954223633;54.22999954223633;53.32500076293945;53.900001525878906;39496;2020-02-26 13:30:00-05:00
53.790000915527344;53.93000030517578;53.400001525878906;53.5;54339;2020-02-26 14:30:00-05:00
53.459999084472656;53.470001220703125;53.14500045776367;53.209999084472656;105254;2020-02-26 15:30:00-05:00
51.709999084472656;52.1349983215332;51.2599983215332;51.80500030517578;36891;2020-02-27 09:30:00-05:00
51.84999847412109;52.70000076293945;51.68999862670898;52.43000030517578;58727;2020-02-27 10:30:00-05:00
52.48500061035156;52.90999984741211;52.119998931884766;52.90999984741211;64650;2020-02-27 11:30:00-05:00
53.040000915527344;53.34000015258789;52.970001220703125;53.0;31651;2020-02-27 12:30:00-05:00
53.0;53.13999938964844;52.36000061035156;52.68999862670898;42217;2020-02-27 13:30:00-05:00
52.70000076293945;52.70000076293945;52.040000915527344;52.125;60980;2020-02-27 14:30:00-05:00
52.125;52.2599983215332;51.369998931884766;51.4900016784668;110319;2020-02-27 15:30:00-05:00
49.56999969482422;51.290000915527344;49.56999969482422;50.63999938964844;68673;2020-02-28 09:30:00-05:00
50.52000045776367;51.81999969482422;50.34999847412109;51.6349983215332;81781;2020-02-28 10:30:00-05:00
51.65999984741211;52.34999847412109;51.56999969482422;52.18000030517578;93643;2020-02-28 11:30:00-05:00
52.25;52.59999847412109;51.834999084472656;51.834999084472656;89949;2020-02-28 12:30:00-05:00
51.7599983215332;52.41999816894531;51.43000030517578;51.845001220703125;135294;2020-02-28 13:30:00-05:00
51.834999084472656;52.380001068115234;51.7400016784668;51.7400016784668;123053;2020-02-28 14:30:00-05:00
51.709999084472656;53.0;51.70000076293945;52.869998931884766;155132;2020-02-28 15:30:00-05:00
52.935001373291016;53.31999969482422;52.54999923706055;52.80500030517578;107370;2020-03-02 09:30:00-05:00
52.76499938964844;53.56999969482422;52.560001373291016;53.38999938964844;61041;2020-03-02 10:30:00-05:00
53.310001373291016;53.65999984741211;53.16999816894531;53.38999938964844;54282;2020-03-02 11:30:00-05:00
53.36000061035156;53.57500076293945;53.27000045776367;53.310001373291016;35857;2020-03-02 12:30:00-05:00
53.41999816894531;53.68999862670898;53.22999954223633;53.31999969482422;35137;2020-03-02 13:30:00-05:00
53.33000183105469;53.86000061035156;53.08000183105469;53.86000061035156;59839;2020-03-02 14:30:00-05:00
53.81999969482422;54.58000183105469;53.77000045776367;54.4900016784668;112372;2020-03-02 15:30:00-05:00
54.16999816894531;55.61000061035156;52.9900016784668;54.459999084472656;183574;2020-03-03 09:30:00-05:00
54.56999969482422;54.86000061035156;53.47999954223633;53.54999923706055;40047;2020-03-03 10:30:00-05:00
53.5;54.47999954223633;53.4900016784668;53.84999847412109;33405;2020-03-03 11:30:00-05:00
53.88999938964844;54.08000183105469;53.0;53.14500045776367;49376;2020-03-03 12:30:00-05:00
53.11000061035156;53.66999816894531;52.81499862670898;53.31999969482422;118183;2020-03-03 13:30:00-05:00
53.2599983215332;54.27999877929688;52.9900016784668;54.20000076293945;82820;2020-03-03 14:30:00-05:00
54.22999954223633;54.22999954223633;53.2400016784668;53.310001373291016;104725;2020-03-03 15:30:00-05:00
54.20000076293945;54.4900016784668;53.060001373291016;53.86000061035156;19082;2020-03-04 09:30:00-05:00
53.86000061035156;54.0;53.45000076293945;53.75;33973;2020-03-04 10:30:00-05:00
53.83000183105469;53.97999954223633;53.630001068115234;53.95000076293945;27743;2020-03-04 11:30:00-05:00
53.96969985961914;54.68000030517578;53.935001373291016;54.65999984741211;12877;2020-03-04 12:30:00-05:00
54.65999984741211;54.994998931884766;54.54999923706055;54.959999084472656;26028;2020-03-04 13:30:00-05:00
54.93999862670898;55.84999847412109;54.88999938964844;55.84999847412109;36705;2020-03-04 14:30:00-05:00
55.85499954223633;56.34999847412109;55.650001525878906;56.18000030517578;187948;2020-03-04 15:30:00-05:00
54.93999862670898;55.18000030517578;54.34999847412109;54.79499816894531;34620;2020-03-05 09:30:00-05:00
54.68999862670898;55.16999816894531;54.44499969482422;54.959999084472656;30477;2020-03-05 10:30:00-05:00
54.95000076293945;54.95000076293945;54.040000915527344;54.2400016784668;24004;2020-03-05 11:30:00-05:00
54.22999954223633;54.5099983215332;53.5;53.7400016784668;46998;2020-03-05 12:30:00-05:00
53.790000915527344;54.08000183105469;52.73500061035156;52.93999862670898;46506;2020-03-05 13:30:00-05:00
52.93000030517578;53.15999984741211;52.63999938964844;52.83000183105469;65001;2020-03-05 14:30:00-05:00
52.755001068115234;53.630001068115234;52.72999954223633;53.56999969482422;104695;2020-03-05 15:30:00-05:00
51.540000915527344;53.415000915527344;51.32500076293945;53.40999984741211;107503;2020-03-06 09:30:00-05:00
53.5;53.5;52.900001525878906;52.900001525878906;53230;2020-03-06 10:30:00-05:00
52.900001525878906;53.2400016784668;52.75;52.92499923706055;86173;2020-03-06 11:30:00-05:00
53.06999969482422;53.52000045776367;53.0;53.11000061035156;28834;2020-03-06 12:30:00-05:00
53.11000061035156;53.25;52.84999847412109;52.84999847412109;58904;2020-03-06 13:30:00-05:00
52.709999084472656;52.93999862670898;52.400001525878906;52.88999938964844;66937;2020-03-06 14:30:00-05:00
52.86000061035156;54.119998931884766;52.83000183105469;53.88999938964844;94512;2020-03-06 15:30:00-05:00
50.11000061035156;51.34999847412109;49.61000061035156;50.84999847412109;44773;2020-03-09 09:30:00-04:00
50.81999969482422;51.459999084472656;50.20000076293945;51.40999984741211;82158;2020-03-09 10:30:00-04:00
51.31499862670898;52.23500061035156;51.29999923706055;51.59000015258789;73623;2020-03-09 11:30:00-04:00
51.54999923706055;52.0;51.369998931884766;51.77999877929688;63465;2020-03-09 12:30:00-04:00
51.70000076293945;51.7599983215332;50.93000030517578;51.04999923706055;75506;2020-03-09 13:30:00-04:00
51.02999877929688;51.77999877929688;50.77000045776367;51.720001220703125;71505;2020-03-09 14:30:00-04:00
51.69499969482422;52.36000061035156;51.290000915527344;51.38999938964844;129149;2020-03-09 15:30:00-04:00
53.33000183105469;54.0;52.34000015258789;53.65499877929688;83452;2020-03-10 09:30:00-04:00
53.65999984741211;53.900001525878906;52.27000045776367;52.27000045776367;93963;2020-03-10 10:30:00-04:00
52.27000045776367;53.14500045776367;52.040000915527344;52.720001220703125;57362;2020-03-10 11:30:00-04:00
52.68999862670898;52.84000015258789;52.0099983215332;52.459999084472656;91390;2020-03-10 12:30:00-04:00
52.45500183105469;52.83000183105469;51.630001068115234;52.83000183105469;89586;2020-03-10 13:30:00-04:00
52.75;54.61000061035156;52.630001068115234;54.37630081176758;85373;2020-03-10 14:30:00-04:00
54.41999816894531;55.040000915527344;54.08000183105469;55.040000915527344;113025;2020-03-10 15:30:00-04:00
53.59000015258789;54.290000915527344;53.4900016784668;53.75;56760;2020-03-11 09:30:00-04:00
53.71500015258789;53.71500015258789;51.52000045776367;51.58000183105469;65178;2020-03-11 10:30:00-04:00
51.720001220703125;51.7400016784668;50.790000915527344;51.22999954223633;130013;2020-03-11 11:30:00-04:00
51.09000015258789;51.09000015258789;50.08000183105469;50.97999954223633;97079;2020-03-11 12:30:00-04:00
50.94499969482422;51.1150016784668;50.369998931884766;50.47999954223633;157558;2020-03-11 13:30:00-04:00
50.52000045776367;50.922000885009766;49.84999847412109;50.15999984741211;130034;2020-03-11 14:30:00-04:00
50.11000061035156;50.630001068115234;49.88999938964844;50.060001373291016;163222;2020-03-11 15:30:00-04:00
46.68000030517578;46.755001068115234;44.97999954223633;45.595001220703125;94395;2020-03-12 09:30:00-04:00
45.5;46.68000030517578;45.5;45.70000076293945;75559;2020-03-12 10:30:00-04:00
45.630001068115234;47.18999862670898;45.57500076293945;47.18999862670898;97697;2020-03-12 11:30:00-04:00
47.16999816894531;48.880001068115234;46.619998931884766;47.25;88989;2020-03-12 12:30:00-04:00
47.34000015258789;47.34999847412109;46.415000915527344;47.150001525878906;90337;2020-03-12 13:30:00-04:00
47.07500076293945;47.810001373291016;46.86000061035156;46.86000061035156;159342;2020-03-12 14:30:00-04:00
46.869998931884766;47.900001525878906;46.84000015258789;47.0099983215332;147956;2020-03-12 15:30:00-04:00
49.25;49.470001220703125;47.02000045776367;47.290000915527344;108190;2020-03-13 09:30:00-04:00
47.43999862670898;47.56999969482422;46.95500183105469;47.040000915527344;127736;2020-03-13 10:30:00-04:00
47.04499816894531;47.04499816894531;45.77000045776367;45.90999984741211;74992;2020-03-13 11:30:00-04:00
45.90999984741211;47.09999847412109;45.90999984741211;47.040000915527344;51941;2020-03-13 12:30:00-04:00
46.91999816894531;47.185001373291016;46.040000915527344;46.06999969482422;61238;2020-03-13 13:30:00-04:00
46.04999923706055;46.04999923706055;44.810001373291016;45.26499938964844;82311;2020-03-13 14:30:00-04:00
45.22999954223633;47.09999847412109;44.959999084472656;47.09999847412109;230588;2020-03-13 15:30:00-04:00
42.09999847412109;43.34000015258789;41.63999938964844;42.47999954223633;49313;2020-03-16 09:30:00-04:00
42.42499923706055;42.650001525878906;41.2400016784668;42.41999816894531;71703;2020-03-16 10:30:00-04:00
42.5;46.84999847412109;42.5;46.720001220703125;157472;2020-03-16 11:30:00-04:00
46.75;46.84999847412109;44.720001220703125;44.83000183105469;89703;2020-03-16 12:30:00-04:00
44.775001525878906;44.83000183105469;43.2599983215332;43.38999938964844;103284;2020-03-16 13:30:00-04:00
43.38999938964844;44.119998931884766;43.369998931884766;43.43000030517578;88285;2020-03-16 14:30:00-04:00
43.400001525878906;43.400001525878906;41.02000045776367;41.040000915527344;178531;2020-03-16 15:30:00-04:00
41.88999938964844;41.88999938964844;39.47999954223633;39.935001373291016;61428;2020-03-17 09:30:00-04:00
39.93999862670898;40.0099983215332;38.83000183105469;39.165000915527344;63678;2020-03-17 10:30:00-04:00
39.119998931884766;41.25;39.08000183105469;40.18000030517578;66431;2020-03-17 11:30:00-04:00
40.2400016784668;40.494998931884766;39.150001525878906;39.2400016784668;63506;2020-03-17 12:30:00-04:00
39.18000030517578;39.5099983215332;38.619998931884766;38.83000183105469;112306;2020-03-17 13:30:00-04:00
38.81999969482422;39.0;37.900001525878906;37.959999084472656;98847;2020-03-17 14:30:00-04:00
37.95500183105469;38.58000183105469;37.77999877929688;38.459999084472656;169960;2020-03-17 15:30:00-04:00
36.13999938964844;36.61000061035156;33.939998626708984;34.09000015258789;54200;2020-03-18 09:30:00-04:00
34.27000045776367;34.29999923706055;29.825000762939453;29.825000762939453;65483;2020-03-18 10:30:00-04:00
29.93000030517578;30.8700008392334;29.3799991607666;29.82999992370605;78347;2020-03-18 11:30:00-04:00
29.88500022888184;29.907699584960938;27.790000915527344;29.65999984741211;62508;2020-03-18 12:30:00-04:00
29.649999618530277;32.15999984741211;28.8799991607666;29.0;206471;2020-03-18 13:30:00-04:00
28.86000061035156;31.0;28.71999931335449;29.38500022888184;175268;2020-03-18 14:30:00-04:00
29.38500022888184;29.940000534057617;28.799999237060547;29.489999771118164;173660;2020-03-18 15:30:00-04:00
28.75;31.040000915527344;28.75;29.979999542236328;0;2020-03-19 09:30:00-04:00
30.11000061035156;33.20840072631836;30.01000022888184;32.91999816894531;37279;2020-03-19 10:30:00-04:00
33.060001373291016;33.71500015258789;32.31999969482422;32.400001525878906;63743;2020-03-19 11:30:00-04:00
32.400001525878906;34.02000045776367;32.08000183105469;33.650001525878906;42800;2020-03-19 12:30:00-04:00
33.75;33.900001525878906;33.150001525878906;33.369998931884766;79616;2020-03-19 13:30:00-04:00
33.38999938964844;34.790000915527344;33.34000015258789;34.56010055541992;128800;2020-03-19 14:30:00-04:00
34.64500045776367;35.73500061035156;33.9900016784668;34.9900016784668;165571;2020-03-19 15:30:00-04:00
35.33000183105469;38.34999847412109;35.33000183105469;38.27000045776367;0;2020-03-20 09:30:00-04:00
37.92499923706055;39.119998931884766;37.13999938964844;38.33000183105469;115533;2020-03-20 10:30:00-04:00
38.33000183105469;38.59999847412109;36.869998931884766;37.150001525878906;66587;2020-03-20 11:30:00-04:00
37.27999877929688;39.09000015258789;37.18000030517578;38.93000030517578;71884;2020-03-20 12:30:00-04:00
39.18999862670898;39.4900016784668;37.310001373291016;37.41999816894531;85045;2020-03-20 13:30:00-04:00
37.59999847412109;37.935001373291016;36.75;37.459999084472656;99817;2020-03-20 14:30:00-04:00
37.470001220703125;37.650001525878906;35.709999084472656;36.16999816894531;213649;2020-03-20 15:30:00-04:00
35.83000183105469;35.939998626708984;33.470001220703125;34.650001525878906;122396;2020-03-23 09:30:00-04:00
34.654998779296875;34.685001373291016;32.2400016784668;32.65999984741211;146587;2020-03-23 10:30:00-04:00
32.84000015258789;33.06999969482422;30.979999542236328;32.38999938964844;264811;2020-03-23 11:30:00-04:00
32.369998931884766;34.650001525878906;32.330101013183594;34.349998474121094;70173;2020-03-23 12:30:00-04:00
34.33000183105469;34.33000183105469;32.02000045776367;33.560001373291016;81312;2020-03-23 13:30:00-04:00
33.56999969482422;33.779998779296875;31.959999084472656;32.18000030517578;49959;2020-03-23 14:30:00-04:00
32.11000061035156;32.7599983215332;31.924999237060547;32.25;171574;2020-03-23 15:30:00-04:00
33.349998474121094;35.189998626708984;33.349998474121094;35.119998931884766;238619;2020-03-24 09:30:00-04:00
35.11000061035156;35.939998626708984;34.2400016784668;34.40999984741211;72035;2020-03-24 10:30:00-04:00
34.43000030517578;36.0099983215332;34.310001373291016;35.68000030517578;181274;2020-03-24 11:30:00-04:00
35.72999954223633;36.16999816894531;34.959999084472656;35.15999984741211;41778;2020-03-24 12:30:00-04:00
35.060001373291016;35.25;34.13999938964844;34.935001373291016;56918;2020-03-24 13:30:00-04:00
34.924198150634766;35.65999984741211;34.79999923706055;35.43000030517578;86359;2020-03-24 14:30:00-04:00
35.47999954223633;36.27999877929688;35.369998931884766;36.02999877929688;186844;2020-03-24 15:30:00-04:00
36.400001525878906;36.8849983215332;34.025001525878906;34.8650016784668;0;2020-03-25 09:30:00-04:00
34.90999984741211;35.599998474121094;34.459999084472656;35.165000915527344;103412;2020-03-25 10:30:00-04:00
35.11000061035156;35.9900016784668;34.119998931884766;35.90999984741211;80434;2020-03-25 11:30:00-04:00
35.79999923706055;36.150001525878906;34.974998474121094;35.2400016784668;74217;2020-03-25 12:30:00-04:00
35.36000061035156;35.810001373291016;34.41999816894531;35.720001220703125;91774;2020-03-25 13:30:00-04:00
35.72999954223633;35.77000045776367;35.189998626708984;35.349998474121094;94610;2020-03-25 14:30:00-04:00
35.400001525878906;35.66999816894531;34.3849983215332;34.70000076293945;145340;2020-03-25 15:30:00-04:00
35.150001525878906;36.775001525878906;34.349998474121094;36.40499877929688;35185;2020-03-26 09:30:00-04:00
36.400001525878906;38.02999877929688;36.27000045776367;37.8849983215332;69714;2020-03-26 10:30:00-04:00
37.81999969482422;38.470001220703125;37.38999938964844;38.08000183105469;45476;2020-03-26 11:30:00-04:00
38.15999984741211;38.77999877929688;37.97999954223633;38.22999954223633;38483;2020-03-26 12:30:00-04:00
38.209999084472656;38.7400016784668;38.157501220703125;38.29999923706055;26110;2020-03-26 13:30:00-04:00
38.29999923706055;38.67499923706055;38.244998931884766;38.5;37824;2020-03-26 14:30:00-04:00
38.47999954223633;40.34000015258789;38.380001068115234;39.790000915527344;166430;2020-03-26 15:30:00-04:00
37.959999084472656;39.34000015258789;36.27999877929688;38.040000915527344;54172;2020-03-27 09:30:00-04:00
38.290000915527344;39.060001373291016;37.619998931884766;38.470001220703125;27336;2020-03-27 10:30:00-04:00
38.63999938964844;38.9900016784668;37.709999084472656;38.880001068115234;24176;2020-03-27 11:30:00-04:00
38.90499877929688;39.619998931884766;38.79999923706055;38.900001525878906;32222;2020-03-27 12:30:00-04:00
38.90499877929688;39.83000183105469;38.90499877929688;39.09999847412109;26534;2020-03-27 13:30:00-04:00
39.0;40.15999984741211;39.0;39.84000015258789;39426;2020-03-27 14:30:00-04:00
39.744998931884766;39.81999969482422;38.31999969482422;38.56999969482422;90396;2020-03-27 15:30:00-04:00
39.4900016784668;39.4900016784668;36.90999984741211;37.52999877929688;36090;2020-03-30 09:30:00-04:00
37.459999084472656;38.16999816894531;37.310001373291016;37.845001220703125;35008;2020-03-30 10:30:00-04:00
37.875;38.40999984741211;37.41999816894531;38.15999984741211;32145;2020-03-30 11:30:00-04:00
38.310001373291016;38.54499816894531;37.81999969482422;38.54499816894531;21170;2020-03-30 12:30:00-04:00
38.68999862670898;39.18999862670898;38.13999938964844;38.79999923706055;54384;2020-03-30 13:30:00-04:00
38.959999084472656;39.08000183105469;38.29999923706055;38.47999954223633;40222;2020-03-30 14:30:00-04:00
38.47999954223633;39.15999984741211;38.310001373291016;38.880001068115234;72710;2020-03-30 15:30:00-04:00
38.59999847412109;39.459999084472656;37.63999938964844;38.58000183105469;19780;2020-03-31 09:30:00-04:00
38.68000030517578;38.95000076293945;38.060001373291016;38.43000030517578;24533;2020-03-31 10:30:00-04:00
38.43000030517578;38.58000183105469;37.30390167236328;37.380001068115234;34120;2020-03-31 11:30:00-04:00
37.400001525878906;37.41999816894531;36.48500061035156;36.77000045776367;26079;2020-03-31 12:30:00-04:00
36.650001525878906;37.13999938964844;36.56999969482422;37.09999847412109;26365;2020-03-31 13:30:00-04:00
37.1150016784668;37.27000045776367;36.209999084472656;36.38999938964844;38898;2020-03-31 14:30:00-04:00
36.42499923706055;40.13999938964844;36.41999816894531;37.65999984741211;189845;2020-03-31 15:30:00-04:00
35.61000061035156;36.75;35.029998779296875;35.47999954223633;67856;2020-04-01 09:30:00-04:00
35.57500076293945;36.39500045776367;35.4900016784668;35.560001373291016;66910;2020-04-01 10:30:00-04:00
35.56999969482422;35.959999084472656;35.18000030517578;35.18000030517578;55071;2020-04-01 11:30:00-04:00
35.2400016784668;35.45000076293945;34.8650016784668;35.099998474121094;37715;2020-04-01 12:30:00-04:00
35.04999923706055;35.709999084472656;34.970001220703125;35.150001525878906;55320;2020-04-01 13:30:00-04:00
35.06999969482422;35.435001373291016;34.58000183105469;34.76499938964844;69843;2020-04-01 14:30:00-04:00
34.7400016784668;34.880001068115234;34.279998779296875;34.849998474121094;169753;2020-04-01 15:30:00-04:00
34.380001068115234;35.61000061035156;34.290000915527344;35.040000915527344;60356;2020-04-02 09:30:00-04:00
35.16999816894531;35.4900016784668;34.7400016784668;34.849998474121094;67758;2020-04-02 10:30:00-04:00
34.939998626708984;35.279998779296875;34.369998931884766;34.369998931884766;63122;2020-04-02 11:30:00-04:00
34.2599983215332;34.685001373291016;34.130001068115234;34.130001068115234;26362;2020-04-02 12:30:00-04:00
34.09000015258789;34.43000030517578;33.7599983215332;34.0;45820;2020-04-02 13:30:00-04:00
34.040000915527344;34.5;33.56999969482422;34.29499816894531;59075;2020-04-02 14:30:00-04:00
34.369998931884766;35.04499816894531;34.02000045776367;34.56999969482422;194804;2020-04-02 15:30:00-04:00
34.189998626708984;36.13999938964844;33.790000915527344;34.834999084472656;48788;2020-04-03 09:30:00-04:00
34.81999969482422;34.81999969482422;33.31999969482422;33.790000915527344;29538;2020-04-03 10:30:00-04:00
33.59000015258789;34.130001068115234;32.849998474121094;33.349998474121094;31203;2020-04-03 11:30:00-04:00
33.349998474121094;33.86000061035156;33.22999954223633;33.40999984741211;20075;2020-04-03 12:30:00-04:00
33.20000076293945;33.5099983215332;32.7400016784668;33.185001373291016;34074;2020-04-03 13:30:00-04:00
33.185001373291016;34.58000183105469;32.93000030517578;34.29999923706055;103828;2020-04-03 14:30:00-04:00
34.36000061035156;34.650001525878906;33.040000915527344;33.689998626708984;132297;2020-04-03 15:30:00-04:00
35.36000061035156;36.09000015258789;35.36000061035156;35.47999954223633;108258;2020-04-06 09:30:00-04:00
35.57500076293945;36.010501861572266;34.95000076293945;35.7400016784668;113845;2020-04-06 10:30:00-04:00
35.7599983215332;36.61000061035156;35.72999954223633;36.5;73779;2020-04-06 11:30:00-04:00
36.5;36.56499862670898;36.27000045776367;36.33000183105469;39869;2020-04-06 12:30:00-04:00
36.27000045776367;36.45000076293945;35.849998474121094;36.269901275634766;43776;2020-04-06 13:30:00-04:00
36.209999084472656;37.060001373291016;36.060001373291016;37.0;90178;2020-04-06 14:30:00-04:00
37.0;38.25;36.86000061035156;37.95000076293945;214195;2020-04-06 15:30:00-04:00
39.72999954223633;41.560001373291016;39.18999862670898;40.47999954223633;65675;2020-04-07 09:30:00-04:00
40.66999816894531;41.4900016784668;40.2400016784668;41.2400016784668;63379;2020-04-07 10:30:00-04:00
41.21500015258789;42.119998931884766;40.970001220703125;41.41999816894531;86481;2020-04-07 11:30:00-04:00
41.459999084472656;41.4900016784668;40.68999862670898;41.025001525878906;51343;2020-04-07 12:30:00-04:00
41.02999877929688;41.09000015258789;40.5099983215332;40.790000915527344;69074;2020-04-07 13:30:00-04:00
40.91999816894531;40.959999084472656;39.625;39.80500030517578;71317;2020-04-07 14:30:00-04:00
39.75;40.630001068115234;39.119998931884766;39.58000183105469;110692;2020-04-07 15:30:00-04:00
40.94499969482422;41.04010009765625;39.7599983215332;40.400001525878906;48822;2020-04-08 09:30:00-04:00
40.33000183105469;41.400001525878906;40.275001525878906;41.22499847412109;100250;2020-04-08 10:30:00-04:00
41.119998931884766;41.22499847412109;40.29999923706055;40.31499862670898;66128;2020-04-08 11:30:00-04:00
40.31999969482422;40.88999938964844;40.16999816894531;40.880001068115234;47053;2020-04-08 12:30:00-04:00
40.93999862670898;42.10499954223633;40.560001373291016;42.09000015258789;46331;2020-04-08 13:30:00-04:00
42.01499938964844;42.2400016784668;41.595001220703125;41.59999847412109;82189;2020-04-08 14:30:00-04:00
41.6150016784668;41.77999877929688;41.13999938964844;41.18000030517578;122368;2020-04-08 15:30:00-04:00
42.93000030517578;44.83250045776367;41.630001068115234;43.17499923706055;48197;2020-04-09 09:30:00-04:00
43.40999984741211;43.52999877929688;42.84000015258789;43.36000061035156;40090;2020-04-09 10:30:00-04:00
43.33000183105469;44.16999816894531;43.27999877929688;43.810001373291016;27961;2020-04-09 11:30:00-04:00
43.84000015258789;44.119998931884766;43.61000061035156;43.84000015258789;31003;2020-04-09 12:30:00-04:00
44.08000183105469;44.56499862670898;43.86000061035156;44.18000030517578;51474;2020-04-09 13:30:00-04:00
44.150001525878906;44.25;43.060001373291016;43.630001068115234;75859;2020-04-09 14:30:00-04:00
43.81999969482422;44.095001220703125;43.25;43.7599983215332;87093;2020-04-09 15:30:00-04:00
42.869998931884766;43.869998931884766;42.720001220703125;42.900001525878906;49857;2020-04-13 09:30:00-04:00
42.84000015258789;43.084999084472656;41.86000061035156;42.43000030517578;31511;2020-04-13 10:30:00-04:00
42.56999969482422;43.0099983215332;42.209999084472656;42.970001220703125;59013;2020-04-13 11:30:00-04:00
42.76649856567383;42.76649856567383;41.720001220703125;41.84000015258789;21577;2020-04-13 12:30:00-04:00
41.869998931884766;42.27000045776367;41.869998931884766;42.16999816894531;29227;2020-04-13 13:30:00-04:00
42.15999984741211;42.52000045776367;41.95000076293945;42.43000030517578;43551;2020-04-13 14:30:00-04:00
42.459999084472656;42.709999084472656;42.320098876953125;42.43000030517578;54636;2020-04-13 15:30:00-04:00
43.40999984741211;46.0;43.22999954223633;45.34999847412109;49538;2020-04-14 09:30:00-04:00
45.275001525878906;45.275001525878906;44.29999923706055;44.43000030517578;67302;2020-04-14 10:30:00-04:00
44.470001220703125;44.77999877929688;44.31999969482422;44.61000061035156;28480;2020-04-14 11:30:00-04:00
44.682498931884766;44.810001373291016;44.369998931884766;44.625;24975;2020-04-14 12:30:00-04:00
44.7599983215332;45.14500045776367;44.45000076293945;44.45000076293945;53669;2020-04-14 13:30:00-04:00
44.380001068115234;44.584999084472656;44.25;44.40499877929688;48052;2020-04-14 14:30:00-04:00
44.40999984741211;44.52999877929688;44.13999938964844;44.22999954223633;99526;2020-04-14 15:30:00-04:00
42.709999084472656;43.560001373291016;42.54999923706055;43.06999969482422;55933;2020-04-15 09:30:00-04:00
43.2400016784668;43.67499923706055;42.9900016784668;43.25;46807;2020-04-15 10:30:00-04:00
43.369998931884766;43.54999923706055;42.7400016784668;43.11000061035156;44045;2020-04-15 11:30:00-04:00
43.157501220703125;43.43000030517578;42.93000030517578;42.93000030517578;27492;2020-04-15 12:30:00-04:00
42.90999984741211;43.69499969482422;42.83000183105469;43.43000030517578;45128;2020-04-15 13:30:00-04:00
43.43000030517578;43.68999862670898;43.13999938964844;43.34000015258789;64697;2020-04-15 14:30:00-04:00
43.36000061035156;43.79999923706055;42.880001068115234;43.13999938964844;104658;2020-04-15 15:30:00-04:00
43.40999984741211;44.34000015258789;42.84999847412109;43.505001068115234;73213;2020-04-16 09:30:00-04:00
43.4900016784668;43.83000183105469;43.040000915527344;43.11000061035156;114350;2020-04-16 10:30:00-04:00
43.130001068115234;43.47999954223633;42.61000061035156;43.0099983215332;51011;2020-04-16 11:30:00-04:00
42.97999954223633;43.46500015258789;42.66999816894531;43.130001068115234;52431;2020-04-16 12:30:00-04:00
43.11000061035156;43.209999084472656;42.5;42.72999954223633;39313;2020-04-16 13:30:00-04:00
42.65999984741211;43.06999969482422;42.459999084472656;43.06999969482422;50854;2020-04-16 14:30:00-04:00
43.060001373291016;43.34999847412109;42.83000183105469;43.27000045776367;193120;2020-04-16 15:30:00-04:00
44.70000076293945;47.20000076293945;44.70000076293945;45.52000045776367;47166;2020-04-17 09:30:00-04:00
45.52000045776367;45.84999847412109;45.2599983215332;45.2599983215332;0;2020-04-17 10:30:00-04:00
45.20500183105469;46.16999816894531;45.20500183105469;45.81999969482422;107608;2020-04-17 11:30:00-04:00
45.7400016784668;46.47499847412109;45.7400016784668;46.26499938964844;36625;2020-04-17 12:30:00-04:00
46.33000183105469;46.33000183105469;45.97999954223633;46.02000045776367;30537;2020-04-17 13:30:00-04:00
45.97999954223633;46.2400016784668;45.88999938964844;46.13999938964844;52254;2020-04-17 14:30:00-04:00
46.150001525878906;46.45000076293945;46.09999847412109;46.209999084472656;107442;2020-04-17 15:30:00-04:00
45.0;46.130001068115234;45.0;45.72999954223633;31995;2020-04-20 09:30:00-04:00
45.62409973144531;46.16999816894531;45.38999938964844;45.91999816894531;72975;2020-04-20 10:30:00-04:00
45.93999862670898;46.34000015258789;45.77000045776367;46.09999847412109;26276;2020-04-20 11:30:00-04:00
46.119998931884766;46.20000076293945;45.77000045776367;46.060001373291016;29799;2020-04-20 12:30:00-04:00
46.060001373291016;46.13999938964844;45.630001068115234;45.72999954223633;45223;2020-04-20 13:30:00-04:00
45.685001373291016;46.11000061035156;45.68000030517578;46.08000183105469;78341;2020-04-20 14:30:00-04:00
46.040000915527344;46.15999984741211;45.2400016784668;45.38999938964844;73825;2020-04-20 15:30:00-04:00
43.880001068115234;45.09999847412109;43.311798095703125;44.84000015258789;50766;2020-04-21 09:30:00-04:00
44.91999816894531;44.91999816894531;43.59999847412109;43.72999954223633;108107;2020-04-21 10:30:00-04:00
43.790000915527344;44.4468002319336;43.68999862670898;44.150001525878906;35241;2020-04-21 11:30:00-04:00
44.150001525878906;44.70000076293945;43.91999816894531;44.630001068115234;32078;2020-04-21 12:30:00-04:00
44.58000183105469;45.01499938964844;44.52999877929688;44.98500061035156;47793;2020-04-21 13:30:00-04:00
44.95000076293945;44.970001220703125;44.34000015258789;44.59000015258789;75267;2020-04-21 14:30:00-04:00
44.56999969482422;44.92499923706055;44.369998931884766;44.59999847412109;114570;2020-04-21 15:30:00-04:00
45.650001525878906;46.025001525878906;45.310001373291016;45.84000015258789;17761;2020-04-22 09:30:00-04:00
45.790000915527344;46.08000183105469;45.540000915527344;45.80500030517578;24133;2020-04-22 10:30:00-04:00
45.79999923706055;46.16999816894531;45.79999923706055;46.04999923706055;18679;2020-04-22 11:30:00-04:00
46.119998931884766;46.119998931884766;45.83000183105469;45.970001220703125;36509;2020-04-22 12:30:00-04:00
46.03499984741211;46.03499984741211;45.75;45.7599983215332;34581;2020-04-22 13:30:00-04:00
45.790000915527344;45.97499847412109;45.7400016784668;45.880001068115234;49464;2020-04-22 14:30:00-04:00
45.86000061035156;46.08000183105469;45.59999847412109;45.810001373291016;151513;2020-04-22 15:30:00-04:00
45.88999938964844;46.22999954223633;45.02000045776367;45.119998931884766;32285;2020-04-23 09:30:00-04:00
45.09999847412109;45.6150016784668;45.09999847412109;45.33000183105469;40932;2020-04-23 10:30:00-04:00
45.19499969482422;45.290000915527344;44.7599983215332;45.11000061035156;39139;2020-04-23 11:30:00-04:00
45.10499954223633;45.1349983215332;44.150001525878906;44.4900016784668;49091;2020-04-23 12:30:00-04:00
44.59999847412109;44.630001068115234;44.040000915527344;44.13999938964844;56374;2020-04-23 13:30:00-04:00
44.130001068115234;44.18000030517578;43.880001068115234;44.0099983215332;70508;2020-04-23 14:30:00-04:00
44.02999877929688;44.06999969482422;43.58000183105469;43.70000076293945;130393;2020-04-23 15:30:00-04:00
43.77999877929688;44.48500061035156;43.43000030517578;43.505001068115234;61290;2020-04-24 09:30:00-04:00
43.5;43.56999969482422;42.90999984741211;43.09999847412109;27761;2020-04-24 10:30:00-04:00
43.18999862670898;43.58000183105469;43.15999984741211;43.43999862670898;17694;2020-04-24 11:30:00-04:00
43.5;43.54999923706055;43.13999938964844;43.33000183105469;16772;2020-04-24 12:30:00-04:00
43.3301010131836;43.810001373291016;43.33000183105469;43.619998931884766;20485;2020-04-24 13:30:00-04:00
43.6431999206543;43.77000045776367;43.52000045776367;43.65999984741211;54459;2020-04-24 14:30:00-04:00
43.68000030517578;43.68000030517578;42.84000015258789;43.16999816894531;102519;2020-04-24 15:30:00-04:00
43.43000030517578;44.02000045776367;43.20500183105469;43.661399841308594;34300;2020-04-27 09:30:00-04:00
43.64500045776367;44.36000061035156;43.64500045776367;43.900001525878906;82941;2020-04-27 10:30:00-04:00
43.90999984741211;44.66999816894531;43.70000076293945;44.52999877929688;57647;2020-04-27 11:30:00-04:00
44.619998931884766;44.91999816894531;44.43000030517578;44.4900016784668;36594;2020-04-27 12:30:00-04:00
44.47999954223633;44.56999969482422;44.310001373291016;44.47499847412109;49204;2020-04-27 13:30:00-04:00
44.45000076293945;45.36000061035156;44.41999816894531;45.150001525878906;77815;2020-04-27 14:30:00-04:00
45.20000076293945;45.22999954223633;44.709999084472656;44.810001373291016;59637;2020-04-27 15:30:00-04:00
46.36000061035156;47.47999954223633;46.09000015258789;47.06999969482422;52699;2020-04-28 09:30:00-04:00
47.33000183105469;47.900001525878906;46.709999084472656;47.345001220703125;81232;2020-04-28 10:30:00-04:00
47.34999847412109;47.59000015258789;46.31999969482422;47.040000915527344;55295;2020-04-28 11:30:00-04:00
47.04999923706055;47.31999969482422;46.58000183105469;46.79999923706055;26042;2020-04-28 12:30:00-04:00
46.79999923706055;47.02000045776367;46.68000030517578;47.02000045776367;42457;2020-04-28 13:30:00-04:00
47.01499938964844;47.08000183105469;46.38999938964844;46.525001525878906;57851;2020-04-28 14:30:00-04:00
46.4900016784668;46.98400115966797;46.244998931884766;46.68000030517578;127234;2020-04-28 15:30:00-04:00
50.0;50.72499847412109;49.34000015258789;50.400001525878906;277737;2020-04-29 09:30:00-04:00
50.540000915527344;51.47499847412109;50.28499984741211;50.959999084472656;163137;2020-04-29 10:30:00-04:00
50.92499923706055;51.55500030517578;50.77000045776367;51.45000076293945;78940;2020-04-29 11:30:00-04:00
51.470001220703125;52.93000030517578;50.84000015258789;52.25;165214;2020-04-29 12:30:00-04:00
52.150001525878906;52.31999969482422;51.02999877929688;52.040000915527344;77502;2020-04-29 13:30:00-04:00
51.90999984741211;54.45000076293945;51.59000015258789;54.45000076293945;165717;2020-04-29 14:30:00-04:00
54.47499847412109;54.630001068115234;53.41999816894531;53.5;390057;2020-04-29 15:30:00-04:00
51.380001068115234;51.64500045776367;49.54999923706055;50.040000915527344;74339;2020-04-30 09:30:00-04:00
49.90999984741211;49.90999984741211;49.02999877929688;49.18999862670898;131333;2020-04-30 10:30:00-04:00
49.18000030517578;49.375;48.31999969482422;48.380001068115234;46009;2020-04-30 11:30:00-04:00
48.400001525878906;48.93999862670898;48.150001525878906;48.630001068115234;34306;2020-04-30 12:30:00-04:00
48.52000045776367;48.619998931884766;48.16999816894531;48.59999847412109;45391;2020-04-30 13:30:00-04:00
48.61000061035156;49.04999923706055;48.5099983215332;48.970001220703125;83997;2020-04-30 14:30:00-04:00
48.97999954223633;49.380001068115234;48.91999816894531;49.04999923706055;148879;2020-04-30 15:30:00-04:00
48.220001220703125;48.58000183105469;46.900001525878906;47.27000045776367;150849;2020-05-01 09:30:00-04:00
47.5;48.09999847412109;47.40999984741211;47.58000183105469;43881;2020-05-01 10:30:00-04:00
47.58000183105469;47.60499954223633;47.07500076293945;47.10499954223633;39555;2020-05-01 11:30:00-04:00
47.06999969482422;47.29579925537109;46.92499923706055;47.18000030517578;41227;2020-05-01 12:30:00-04:00
47.13999938964844;47.27000045776367;46.93999862670898;47.2599983215332;31108;2020-05-01 13:30:00-04:00
47.310001373291016;47.33000183105469;46.93000030517578;47.2400016784668;55184;2020-05-01 14:30:00-04:00
47.244998931884766;47.5;47.150001525878906;47.5;83687;2020-05-01 15:30:00-04:00
46.58000183105469;47.209999084472656;45.88010025024414;46.70000076293945;29593;2020-05-04 09:30:00-04:00
46.44499969482422;47.040000915527344;46.16999816894531;46.95000076293945;75980;2020-05-04 10:30:00-04:00
46.95000076293945;47.31999969482422;46.845001220703125;47.22999954223633;23639;2020-05-04 11:30:00-04:00
47.290000915527344;47.290000915527344;46.790000915527344;46.900001525878906;23077;2020-05-04 12:30:00-04:00
46.880001068115234;47.45000076293945;46.77000045776367;47.39500045776367;39728;2020-05-04 13:30:00-04:00
47.40499877929688;47.869998931884766;47.40499877929688;47.845001220703125;48970;2020-05-04 14:30:00-04:00
47.86000061035156;48.2599983215332;47.79999923706055;48.220001220703125;75479;2020-05-04 15:30:00-04:00
49.150001525878906;50.630001068115234;48.70000076293945;50.15499877929688;72159;2020-05-05 09:30:00-04:00
50.18999862670898;50.65499877929688;49.86000061035156;50.459999084472656;26433;2020-05-05 10:30:00-04:00
50.43000030517578;50.90999984741211;50.43000030517578;50.810001373291016;21060;2020-05-05 11:30:00-04:00
50.76060104370117;50.900001525878906;50.52999877929688;50.66999816894531;26242;2020-05-05 12:30:00-04:00
50.70000076293945;50.77999877929688;50.52000045776367;50.75;21434;2020-05-05 13:30:00-04:00
50.65999984741211;50.83000183105469;50.290000915527344;50.43000030517578;41946;2020-05-05 14:30:00-04:00
50.38999938964844;50.619998931884766;50.19499969482422;50.34999847412109;82585;2020-05-05 15:30:00-04:00
50.16999816894531;50.52000045776367;48.33000183105469;48.77000045776367;40122;2020-05-06 09:30:00-04:00
48.755001068115234;48.880001068115234;47.9900016784668;48.13999938964844;41037;2020-05-06 10:30:00-04:00
48.09999847412109;48.36000061035156;47.970001220703125;48.27999877929688;34133;2020-05-06 11:30:00-04:00
48.29999923706055;48.54999923706055;48.02999877929688;48.369998931884766;62311;2020-05-06 12:30:00-04:00
48.38999938964844;48.560001373291016;48.02999877929688;48.11000061035156;28224;2020-05-06 13:30:00-04:00
48.060001373291016;48.4900016784668;48.02000045776367;48.470001220703125;43133;2020-05-06 14:30:00-04:00
48.45000076293945;48.459999084472656;48.09999847412109;48.09999847412109;77061;2020-05-06 15:30:00-04:00
49.45000076293945;50.13999938964844;49.25;49.76499938964844;0;2020-05-07 09:30:00-04:00
49.75;50.29999923706055;49.75;50.18999862670898;19118;2020-05-07 10:30:00-04:00
50.209999084472656;50.64500045776367;50.15499877929688;50.560001373291016;14506;2020-05-07 11:30:00-04:00
50.470001220703125;50.650001525878906;50.15999984741211;50.52000045776367;12438;2020-05-07 12:30:00-04:00
50.64500045776367;50.79999923706055;50.52000045776367;50.709999084472656;18304;2020-05-07 13:30:00-04:00
50.7599983215332;50.79999923706055;50.470001220703125;50.58000183105469;33156;2020-05-07 14:30:00-04:00
50.59999847412109;50.59999847412109;50.34999847412109;50.43000030517578;41473;2020-05-07 15:30:00-04:00
51.459999084472656;51.459999084472656;50.59349822998047;50.7400016784668;36102;2020-05-08 09:30:00-04:00
50.720001220703125;51.04999923706055;50.45000076293945;51.040000915527344;27971;2020-05-08 10:30:00-04:00
51.040000915527344;51.169898986816406;50.84999847412109;51.15499877929688;14199;2020-05-08 11:30:00-04:00
51.14500045776367;51.52000045776367;51.11000061035156;51.345001220703125;14632;2020-05-08 12:30:00-04:00
51.345001220703125;51.65999984741211;51.209999084472656;51.54999923706055;20955;2020-05-08 13:30:00-04:00
51.54999923706055;52.15499877929688;51.415000915527344;52.09000015258789;43903;2020-05-08 14:30:00-04:00
52.09000015258789;52.11000061035156;51.59999847412109;51.68000030517578;51678;2020-05-08 15:30:00-04:00
50.290000915527344;50.310001373291016;48.84000015258789;49.400001525878906;57452;2020-05-11 09:30:00-04:00
49.40999984741211;50.34000015258789;49.38999938964844;50.310001373291016;33640;2020-05-11 10:30:00-04:00
50.220001220703125;50.63999938964844;50.060001373291016;50.56999969482422;14924;2020-05-11 11:30:00-04:00
50.63999938964844;50.84999847412109;50.56999969482422;50.72499847412109;9224;2020-05-11 12:30:00-04:00
50.72999954223633;50.790000915527344;50.20000076293945;50.36000061035156;42637;2020-05-11 13:30:00-04:00
50.380001068115234;50.63999938964844;50.27000045776367;50.52999877929688;40872;2020-05-11 14:30:00-04:00
50.47999954223633;50.56999969482422;50.11000061035156;50.13999938964844;55532;2020-05-11 15:30:00-04:00
50.34999847412109;50.9900016784668;49.15999984741211;49.18000030517578;37060;2020-05-12 09:30:00-04:00
49.18999862670898;49.790000915527344;49.18999862670898;49.5099983215332;31358;2020-05-12 10:30:00-04:00
49.52000045776367;49.619998931884766;49.20000076293945;49.45000076293945;15244;2020-05-12 11:30:00-04:00
49.43999862670898;49.4900016784668;48.65999984741211;48.65999984741211;22850;2020-05-12 12:30:00-04:00
48.68000030517578;48.91999816894531;48.43000030517578;48.5;20825;2020-05-12 13:30:00-04:00
48.470001220703125;48.470001220703125;47.68000030517578;47.68000030517578;48260;2020-05-12 14:30:00-04:00
47.68000030517578;47.744998931884766;47.0099983215332;47.08000183105469;64347;2020-05-12 15:30:00-04:00
46.709999084472656;47.040000915527344;45.70000076293945;46.66999816894531;18746;2020-05-13 09:30:00-04:00
46.77000045776367;46.77000045776367;45.790000915527344;45.790000915527344;15766;2020-05-13 10:30:00-04:00
45.56499862670898;45.72999954223633;45.060001373291016;45.40499877929688;26812;2020-05-13 11:30:00-04:00
45.43999862670898;45.77000045776367;45.130001068115234;45.150001525878906;51112;2020-05-13 12:30:00-04:00
45.119998931884766;45.22999954223633;44.709999084472656;44.959999084472656;23416;2020-05-13 13:30:00-04:00
44.95000076293945;45.0099983215332;44.47999954223633;44.59999847412109;0;2020-05-13 14:30:00-04:00
44.650001525878906;45.13999938964844;44.650001525878906;44.93999862670898;191344;2020-05-13 15:30:00-04:00
43.869998931884766;44.619998931884766;42.27999877929688;42.93999862670898;35389;2020-05-14 09:30:00-04:00
42.93999862670898;44.40999984741211;42.93999862670898;43.5;50371;2020-05-14 10:30:00-04:00
43.59999847412109;43.709999084472656;43.0099983215332;43.119998931884766;31386;2020-05-14 11:30:00-04:00
43.119998931884766;43.79999923706055;43.0099983215332;43.790000915527344;36003;2020-05-14 12:30:00-04:00
43.869998931884766;43.880001068115234;43.34999847412109;43.630001068115234;0;2020-05-14 13:30:00-04:00
43.6150016784668;43.68999862670898;43.08000183105469;43.29999923706055;200136;2020-05-14 14:30:00-04:00
43.38999938964844;43.79999923706055;43.150001525878906;43.790000915527344;70078;2020-05-14 15:30:00-04:00
43.68000030517578;44.29999923706055;42.68000030517578;44.29999923706055;44608;2020-05-15 09:30:00-04:00
44.2599983215332;44.68000030517578;44.02999877929688;44.52999877929688;35040;2020-05-15 10:30:00-04:00
44.47999954223633;44.70000076293945;44.2599983215332;44.650001525878906;29418;2020-05-15 11:30:00-04:00
44.630001068115234;44.959999084472656;44.540000915527344;44.959999084472656;22192;2020-05-15 12:30:00-04:00
44.90999984741211;45.20000076293945;44.81999969482422;45.150001525878906;25622;2020-05-15 13:30:00-04:00
45.13999938964844;45.15999984741211;44.70000076293945;44.810001373291016;38316;2020-05-15 14:30:00-04:00
44.83000183105469;44.86489868164063;44.68000030517578;44.84999847412109;46647;2020-05-15 15:30:00-04:00
46.58000183105469;48.13999938964844;46.58000183105469;47.68999862670898;34487;2020-05-18 09:30:00-04:00
47.720001220703125;49.06999969482422;47.70500183105469;49.03749847412109;29316;2020-05-18 10:30:00-04:00
48.970001220703125;49.27000045776367;48.68999862670898;49.071998596191406;32861;2020-05-18 11:30:00-04:00
49.08000183105469;49.220001220703125;48.72949981689453;48.900001525878906;24760;2020-05-18 12:30:00-04:00
48.86000061035156;48.869998931884766;48.02999877929688;48.380001068115234;39445;2020-05-18 13:30:00-04:00
48.43999862670898;48.540000915527344;48.310001373291016;48.38999938964844;36157;2020-05-18 14:30:00-04:00
48.38999938964844;48.52000045776367;48.220001220703125;48.380001068115234;77824;2020-05-18 15:30:00-04:00
47.150001525878906;48.33000183105469;47.119998931884766;48.119998931884766;47028;2020-05-19 09:30:00-04:00
48.220001220703125;48.650001525878906;48.02000045776367;48.59000015258789;19277;2020-05-19 10:30:00-04:00
48.595001220703125;48.75;48.369998931884766;48.369998931884766;18598;2020-05-19 11:30:00-04:00
48.40999984741211;48.470001220703125;48.150001525878906;48.25;15369;2020-05-19 12:30:00-04:00
48.2400016784668;48.369998931884766;47.95000076293945;48.27999877929688;18638;2020-05-19 13:30:00-04:00
48.2599983215332;48.369998931884766;47.540000915527344;48.11000061035156;40226;2020-05-19 14:30:00-04:00
48.150001525878906;48.150001525878906;47.459999084472656;47.52999877929688;84712;2020-05-19 15:30:00-04:00
48.59999847412109;49.22999954223633;47.59999847412109;48.79999923706055;32560;2020-05-20 09:30:00-04:00
48.72999954223633;49.310001373291016;48.720001220703125;49.310001373291016;23965;2020-05-20 10:30:00-04:00
49.31999969482422;49.46500015258789;49.02999877929688;49.11000061035156;19972;2020-05-20 11:30:00-04:00
49.08000183105469;49.25;48.86000061035156;49.02000045776367;22407;2020-05-20 12:30:00-04:00
49.06999969482422;49.06999969482422;48.59000015258789;48.630001068115234;17481;2020-05-20 13:30:00-04:00
48.70000076293945;49.0;48.60499954223633;48.720001220703125;24627;2020-05-20 14:30:00-04:00
48.68000030517578;48.91999816894531;48.63999938964844;48.869998931884766;48681;2020-05-20 15:30:00-04:00
48.68999862670898;49.58000183105469;48.4900016784668;49.244998931884766;19696;2020-05-21 09:30:00-04:00
49.220001220703125;49.38999938964844;48.810001373291016;48.84999847412109;17151;2020-05-21 10:30:00-04:00
48.84999847412109;49.4900016784668;48.84999847412109;49.38999938964844;20248;2020-05-21 11:30:00-04:00
49.310001373291016;49.79999923706055;49.310001373291016;49.45500183105469;53511;2020-05-21 12:30:00-04:00
49.4900016784668;49.54999923706055;49.36000061035156;49.43000030517578;15955;2020-05-21 13:30:00-04:00
49.45000076293945;49.45000076293945;49.18999862670898;49.20500183105469;36861;2020-05-21 14:30:00-04:00
49.18999862670898;49.27000045776367;49.04999923706055;49.06999969482422;61746;2020-05-21 15:30:00-04:00
49.560001373291016;49.560001373291016;48.59000015258789;48.81999969482422;24558;2020-05-22 09:30:00-04:00
49.01499938964844;49.01499938964844;48.63999938964844;48.84000015258789;30836;2020-05-22 10:30:00-04:00
48.77999877929688;48.93000030517578;48.7599983215332;48.88999938964844;16846;2020-05-22 11:30:00-04:00
48.93999862670898;49.08000183105469;48.79999923706055;48.86000061035156;15269;2020-05-22 12:30:00-04:00
48.810001373291016;49.18999862670898;48.810001373291016;49.09999847412109;25350;2020-05-22 13:30:00-04:00
49.09999847412109;49.25;49.08000183105469;49.130001068115234;27970;2020-05-22 14:30:00-04:00
49.119998931884766;49.25;48.88999938964844;49.18000030517578;30962;2020-05-22 15:30:00-04:00
50.90999984741211;51.59999847412109;50.40999984741211;50.79999923706055;51186;2020-05-26 09:30:00-04:00
50.68999862670898;51.060001373291016;50.52000045776367;50.84999847412109;38260;2020-05-26 10:30:00-04:00
50.84000015258789;51.0099983215332;50.70000076293945;51.0;26118;2020-05-26 11:30:00-04:00
51.08000183105469;51.75;50.9900016784668;51.72499847412109;22341;2020-05-26 12:30:00-04:00
51.709999084472656;52.34999847412109;51.68999862670898;52.28499984741211;39640;2020-05-26 13:30:00-04:00
52.29999923706055;52.45000076293945;52.02999877929688;52.31499862670898;34949;2020-05-26 14:30:00-04:00
52.25;52.38999938964844;51.65999984741211;51.86000061035156;99475;2020-05-26 15:30:00-04:00
53.16999816894531;55.52000045776367;53.16999816894531;55.2400016784668;80918;2020-05-27 09:30:00-04:00
55.220001220703125;55.43000030517578;54.54499816894531;55.23500061035156;79767;2020-05-27 10:30:00-04:00
55.2599983215332;55.77999877929688;55.08000183105469;55.66999816894531;45047;2020-05-27 11:30:00-04:00
55.65999984741211;56.36000061035156;55.584999084472656;55.97999954223633;70773;2020-05-27 12:30:00-04:00
55.95500183105469;56.43000030517578;55.7599983215332;56.400001525878906;67144;2020-05-27 13:30:00-04:00
56.380001068115234;57.040000915527344;56.2400016784668;56.90299987792969;54257;2020-05-27 14:30:00-04:00
56.84999847412109;57.0;56.31499862670898;56.84000015258789;118785;2020-05-27 15:30:00-04:00
57.47999954223633;57.47999954223633;56.0;56.52000045776367;53778;2020-05-28 09:30:00-04:00
56.59000015258789;57.0;56.040000915527344;56.19499969482422;24997;2020-05-28 10:30:00-04:00
56.13999938964844;56.18999862670898;55.83000183105469;56.09999847412109;18550;2020-05-28 11:30:00-04:00
55.91999816894531;56.06999969482422;55.48500061035156;55.540000915527344;14363;2020-05-28 12:30:00-04:00
55.540000915527344;55.79499816894531;55.0;55.02000045776367;44884;2020-05-28 13:30:00-04:00
55.06999969482422;55.06999969482422;54.06999969482422;54.25;45435;2020-05-28 14:30:00-04:00
54.27999877929688;54.47999954223633;53.560001373291016;53.810001373291016;79791;2020-05-28 15:30:00-04:00
52.9900016784668;54.31999969482422;52.68999862670898;53.31999969482422;42682;2020-05-29 09:30:00-04:00
53.32749938964844;53.540000915527344;52.7599983215332;52.88999938964844;33398;2020-05-29 10:30:00-04:00
52.915000915527344;53.595001220703125;52.8650016784668;53.19499969482422;26200;2020-05-29 11:30:00-04:00
53.16999816894531;53.71500015258789;53.0;53.65999984741211;19296;2020-05-29 12:30:00-04:00
53.709999084472656;54.100399017333984;53.2400016784668;54.0099983215332;45836;2020-05-29 13:30:00-04:00
54.0;54.150001525878906;53.220001220703125;53.75;30661;2020-05-29 14:30:00-04:00
53.77000045776367;53.900001525878906;53.29499816894531;53.77000045776367;95571;2020-05-29 15:30:00-04:00
54.0;54.369998931884766;53.68000030517578;54.09999847412109;34591;2020-06-01 09:30:00-04:00
54.2400016784668;54.61000061035156;54.040000915527344;54.380001068115234;33686;2020-06-01 10:30:00-04:00
54.40999984741211;54.68999862670898;54.380001068115234;54.5099983215332;20144;2020-06-01 11:30:00-04:00
54.5099983215332;54.70000076293945;54.369998931884766;54.5099983215332;21086;2020-06-01 12:30:00-04:00
54.47999954223633;54.65999984741211;54.38999938964844;54.459999084472656;24245;2020-06-01 13:30:00-04:00
54.41999816894531;54.68000030517578;54.36000061035156;54.66999816894531;36892;2020-06-01 14:30:00-04:00
54.66999816894531;54.81999969482422;54.220001220703125;54.47999954223633;101334;2020-06-01 15:30:00-04:00
54.86000061035156;55.59999847412109;54.7599983215332;55.27999877929688;26324;2020-06-02 09:30:00-04:00
55.25;55.290000915527344;54.11000061035156;54.650001525878906;23826;2020-06-02 10:30:00-04:00
54.61000061035156;55.02999877929688;54.540000915527344;54.93000030517578;15396;2020-06-02 11:30:00-04:00
55.02000045776367;55.290000915527344;54.83000183105469;55.18000030517578;13932;2020-06-02 12:30:00-04:00
55.18000030517578;55.27999877929688;55.07500076293945;55.119998931884766;16162;2020-06-02 13:30:00-04:00
55.09999847412109;55.43000030517578;54.970001220703125;55.290000915527344;24645;2020-06-02 14:30:00-04:00
55.31999969482422;55.5099983215332;55.209999084472656;55.5;85863;2020-06-02 15:30:00-04:00
56.709999084472656;56.984500885009766;56.43000030517578;56.984500885009766;22193;2020-06-03 09:30:00-04:00
56.90999984741211;57.75;56.90999984741211;57.44499969482422;30779;2020-06-03 10:30:00-04:00
57.459999084472656;58.10499954223633;57.415000915527344;58.040000915527344;58940;2020-06-03 11:30:00-04:00
58.09000015258789;58.33000183105469;57.95000076293945;58.209999084472656;16212;2020-06-03 12:30:00-04:00
58.209999084472656;58.38999938964844;57.91999816894531;58.31999969482422;19921;2020-06-03 13:30:00-04:00
58.2400016784668;58.43999862670898;57.900001525878906;57.900001525878906;50345;2020-06-03 14:30:00-04:00
57.89500045776367;58.29999923706055;57.869998931884766;58.02999877929688;100425;2020-06-03 15:30:00-04:00
57.40999984741211;57.79999923706055;56.709999084472656;57.79999923706055;16026;2020-06-04 09:30:00-04:00
57.79999923706055;58.2400016784668;57.47999954223633;57.709999084472656;16547;2020-06-04 10:30:00-04:00
57.66999816894531;57.84000015258789;57.540000915527344;57.720001220703125;15455;2020-06-04 11:30:00-04:00
57.5;57.70000076293945;57.36000061035156;57.59000015258789;15737;2020-06-04 12:30:00-04:00
57.630001068115234;57.92499923706055;57.630001068115234;57.7400016784668;17005;2020-06-04 13:30:00-04:00
57.720001220703125;57.84999847412109;56.790000915527344;57.11000061035156;63972;2020-06-04 14:30:00-04:00
57.09999847412109;57.22999954223633;56.8650016784668;57.09000015258789;55313;2020-06-04 15:30:00-04:00
59.31999969482422;60.43999862670898;59.31999969482422;60.04499816894531;90221;2020-06-05 09:30:00-04:00
60.025001525878906;60.220001220703125;59.56999969482422;59.86000061035156;49089;2020-06-05 10:30:00-04:00
59.869998931884766;60.20000076293945;59.61000061035156;59.630001068115234;37153;2020-06-05 11:30:00-04:00
59.66999816894531;60.28499984741211;59.66999816894531;60.25;26862;2020-06-05 12:30:00-04:00
60.22999954223633;60.48500061035156;60.13999938964844;60.27999877929688;40248;2020-06-05 13:30:00-04:00
60.27999877929688;60.27999877929688;59.43999862670898;60.02999877929688;44817;2020-06-05 14:30:00-04:00
59.9900016784668;60.22999954223633;59.81999969482422;60.040000915527344;128853;2020-06-05 15:30:00-04:00
60.65999984741211;61.0;60.07500076293945;60.13999938964844;26453;2020-06-08 09:30:00-04:00
60.14500045776367;60.59000015258789;60.02000045776367;60.40999984741211;29302;2020-06-08 10:30:00-04:00
60.310001373291016;60.310001373291016;59.9900016784668;60.2599983215332;22731;2020-06-08 11:30:00-04:00
60.25;60.34999847412109;59.77000045776367;59.79999923706055;17753;2020-06-08 12:30:00-04:00
59.810001373291016;60.040000915527344;59.52000045776367;59.93999862670898;25958;2020-06-08 13:30:00-04:00
60.0099983215332;60.34999847412109;59.959999084472656;60.31999969482422;41225;2020-06-08 14:30:00-04:00
60.29999923706055;60.52999877929688;60.16999816894531;60.33000183105469;61981;2020-06-08 15:30:00-04:00
59.13999938964844;59.13999938964844;58.52999877929688;58.709999084472656;23326;2020-06-09 09:30:00-04:00
58.86000061035156;59.04999923706055;58.31999969482422;58.40999984741211;19171;2020-06-09 10:30:00-04:00
58.40999984741211;58.665000915527344;58.22499847412109;58.52999877929688;21044;2020-06-09 11:30:00-04:00
58.619998931884766;58.709999084472656;57.84999847412109;58.130001068115234;69115;2020-06-09 12:30:00-04:00
58.130001068115234;58.630001068115234;58.09000015258789;58.130001068115234;64212;2020-06-09 13:30:00-04:00
58.14500045776367;58.95000076293945;58.14500045776367;58.93000030517578;74852;2020-06-09 14:30:00-04:00
58.95000076293945;58.970001220703125;58.470001220703125;58.56999969482422;85000;2020-06-09 15:30:00-04:00
58.11000061035156;58.53499984741211;56.47999954223633;57.2400016784668;100377;2020-06-10 09:30:00-04:00
57.15999984741211;57.369998931884766;56.63999938964844;56.93000030517578;82915;2020-06-10 10:30:00-04:00
56.91999816894531;57.83000183105469;56.88999938964844;57.65999984741211;48450;2020-06-10 11:30:00-04:00
57.540000915527344;57.540000915527344;57.22999954223633;57.290000915527344;29944;2020-06-10 12:30:00-04:00
57.310001373291016;57.900001525878906;57.19499969482422;57.540000915527344;25609;2020-06-10 13:30:00-04:00
57.470001220703125;57.52000045776367;56.630001068115234;56.97999954223633;50054;2020-06-10 14:30:00-04:00
57.0099983215332;57.04999923706055;56.65999984741211;56.81999969482422;88928;2020-06-10 15:30:00-04:00
53.970001220703125;54.415000915527344;53.54499816894531;53.59999847412109;32286;2020-06-11 09:30:00-04:00
53.369998931884766;53.59000015258789;52.58000183105469;52.59000015258789;32596;2020-06-11 10:30:00-04:00
52.560001373291016;52.58000183105469;51.68000030517578;51.68999862670898;28272;2020-06-11 11:30:00-04:00
51.75339889526367;52.31499862670898;51.59000015258789;51.720001220703125;26060;2020-06-11 12:30:00-04:00
51.7599983215332;51.869998931884766;51.52000045776367;51.59999847412109;25113;2020-06-11 13:30:00-04:00
51.54999923706055;51.59999847412109;50.84000015258789;51.09999847412109;59728;2020-06-11 14:30:00-04:00
51.02000045776367;51.459999084472656;50.66999816894531;50.88999938964844;91827;2020-06-11 15:30:00-04:00
53.25;53.959999084472656;52.77000045776367;52.93000030517578;0;2020-06-12 09:30:00-04:00
53.0;53.025001525878906;51.790000915527344;52.38999938964844;25535;2020-06-12 10:30:00-04:00
52.400001525878906;53.45000076293945;52.400001525878906;53.1150016784668;24954;2020-06-12 11:30:00-04:00
52.83000183105469;53.1150016784668;52.19499969482422;52.34000015258789;29552;2020-06-12 12:30:00-04:00
52.27000045776367;52.31999969482422;51.45000076293945;52.27999877929688;41429;2020-06-12 13:30:00-04:00
52.38999938964844;52.86000061035156;51.959999084472656;52.52000045776367;32263;2020-06-12 14:30:00-04:00
52.630001068115234;53.61000061035156;52.470001220703125;53.470001220703125;73859;2020-06-12 15:30:00-04:00
51.43000030517578;52.65999984741211;50.81999969482422;52.560001373291016;0;2020-06-15 09:30:00-04:00
52.41999816894531;53.36000061035156;51.900001525878906;53.22499847412109;19583;2020-06-15 10:30:00-04:00
53.22999954223633;53.77999877929688;52.900001525878906;53.709999084472656;24630;2020-06-15 11:30:00-04:00
53.75;54.52000045776367;53.68000030517578;54.34000015258789;10785;2020-06-15 12:30:00-04:00
54.290000915527344;54.790000915527344;53.959999084472656;54.375;25424;2020-06-15 13:30:00-04:00
54.41999816894531;54.52000045776367;53.84000015258789;53.84000015258789;35504;2020-06-15 14:30:00-04:00
53.869998931884766;54.52000045776367;53.5;54.47999954223633;56459;2020-06-15 15:30:00-04:00
56.93000030517578;57.040000915527344;55.619998931884766;55.68999862670898;27764;2020-06-16 09:30:00-04:00
55.72999954223633;55.810001373291016;53.7400016784668;55.290000915527344;49211;2020-06-16 10:30:00-04:00
55.22999954223633;55.56999969482422;54.88999938964844;55.525001525878906;20857;2020-06-16 11:30:00-04:00
55.58000183105469;55.88999938964844;55.540000915527344;55.810001373291016;23489;2020-06-16 12:30:00-04:00
55.7599983215332;56.06999969482422;55.380001068115234;55.625;41304;2020-06-16 13:30:00-04:00
55.72999954223633;56.0099983215332;55.20000076293945;55.709999084472656;33347;2020-06-16 14:30:00-04:00
55.59000015258789;55.91999816894531;55.43999862670898;55.790000915527344;62721;2020-06-16 15:30:00-04:00
56.060001373291016;56.27000045776367;55.54999923706055;55.720001220703125;38550;2020-06-17 09:30:00-04:00
55.77000045776367;56.18999862670898;55.77000045776367;55.93999862670898;16257;2020-06-17 10:30:00-04:00
55.91999816894531;56.66999816894531;55.91999816894531;56.59999847412109;17456;2020-06-17 11:30:00-04:00
56.59999847412109;56.790000915527344;56.56999969482422;56.70000076293945;19833;2020-06-17 12:30:00-04:00
56.7400016784668;56.77999877929688;56.40499877929688;56.40499877929688;10523;2020-06-17 13:30:00-04:00
56.34999847412109;56.470001220703125;55.630001068115234;55.77000045776367;33694;2020-06-17 14:30:00-04:00
55.790000915527344;55.95000076293945;55.68000030517578;55.86000061035156;66465;2020-06-17 15:30:00-04:00
55.29999923706055;56.2599983215332;55.119998931884766;56.22999954223633;0;2020-06-18 09:30:00-04:00
56.369998931884766;56.970001220703125;56.2599983215332;56.43000030517578;12978;2020-06-18 10:30:00-04:00
56.459999084472656;56.650001525878906;56.08000183105469;56.43000030517578;11637;2020-06-18 11:30:00-04:00
56.369998931884766;56.61000061035156;56.16999816894531;56.560001373291016;11528;2020-06-18 12:30:00-04:00
56.630001068115234;56.869998931884766;56.52000045776367;56.68000030517578;11553;2020-06-18 13:30:00-04:00
56.66999816894531;56.77000045776367;56.27000045776367;56.47990036010742;23303;2020-06-18 14:30:00-04:00
56.470001220703125;56.90999984741211;56.380001068115234;56.88999938964844;49565;2020-06-18 15:30:00-04:00
57.040000915527344;58.77999877929688;56.900001525878906;58.75;136004;2020-06-19 09:30:00-04:00
58.68999862670898;59.2599983215332;58.650001525878906;59.16999816894531;45318;2020-06-19 10:30:00-04:00
59.20000076293945;59.34999847412109;58.209999084472656;58.220001220703125;21401;2020-06-19 11:30:00-04:00
58.5099983215332;58.5099983215332;58.09999847412109;58.27999877929688;22842;2020-06-19 12:30:00-04:00
58.2400016784668;58.519901275634766;57.744998931884766;57.744998931884766;51045;2020-06-19 13:30:00-04:00
57.77000045776367;58.80500030517578;57.72999954223633;58.79999923706055;31958;2020-06-19 14:30:00-04:00
58.75;59.27000045776367;58.75;58.97999954223633;125743;2020-06-19 15:30:00-04:00
58.20000076293945;58.650001525878906;57.459999084472656;58.58000183105469;27262;2020-06-22 09:30:00-04:00
58.52000045776367;58.59999847412109;57.619998931884766;57.619998931884766;19852;2020-06-22 10:30:00-04:00
57.630001068115234;57.7599983215332;57.380001068115234;57.619998931884766;27285;2020-06-22 11:30:00-04:00
57.619998931884766;57.93999862670898;57.540000915527344;57.810001373291016;19956;2020-06-22 12:30:00-04:00
57.79999923706055;58.18000030517578;57.63999938964844;58.16999816894531;17967;2020-06-22 13:30:00-04:00
58.209999084472656;58.560001373291016;58.119998931884766;58.34000015258789;25337;2020-06-22 14:30:00-04:00
58.380001068115234;58.65999984741211;58.34000015258789;58.52000045776367;47475;2020-06-22 15:30:00-04:00
59.5099983215332;59.5099983215332;58.869998931884766;59.40999984741211;19622;2020-06-23 09:30:00-04:00
59.375;59.435001373291016;58.880001068115234;59.435001373291016;15209;2020-06-23 10:30:00-04:00
59.29999923706055;59.709999084472656;59.20000076293945;59.709999084472656;20175;2020-06-23 11:30:00-04:00
59.61000061035156;59.73899841308594;59.5;59.68000030517578;19104;2020-06-23 12:30:00-04:00
59.720001220703125;60.040000915527344;59.720001220703125;60.02999877929688;25699;2020-06-23 13:30:00-04:00
59.970001220703125;60.11000061035156;59.59999847412109;59.709999084472656;23812;2020-06-23 14:30:00-04:00
59.70000076293945;59.880001068115234;59.34000015258789;59.525001525878906;62070;2020-06-23 15:30:00-04:00
58.38999938964844;58.93999862670898;57.22999954223633;57.41999816894531;20334;2020-06-24 09:30:00-04:00
57.32500076293945;57.32500076293945;56.11000061035156;56.33000183105469;28145;2020-06-24 10:30:00-04:00
56.29999923706055;56.345001220703125;55.77000045776367;56.10499954223633;25282;2020-06-24 11:30:00-04:00
56.095001220703125;56.45000076293945;56.04999923706055;56.18000030517578;32348;2020-06-24 12:30:00-04:00
56.11000061035156;56.70000076293945;56.04999923706055;56.68999862670898;21827;2020-06-24 13:30:00-04:00
56.7400016784668;57.34999847412109;56.709999084472656;57.119998931884766;39403;2020-06-24 14:30:00-04:00
57.06999969482422;57.43999862670898;56.65999984741211;56.75;78711;2020-06-24 15:30:00-04:00
56.54999923706055;57.4900016784668;56.11000061035156;57.310001373291016;26988;2020-06-25 09:30:00-04:00
57.15499877929688;57.15499877929688;56.459999084472656;56.59999847412109;20984;2020-06-25 10:30:00-04:00
56.68000030517578;57.15999984741211;56.31999969482422;57.04999923706055;21121;2020-06-25 11:30:00-04:00
57.11000061035156;57.52000045776367;57.0;57.28499984741211;16693;2020-06-25 12:30:00-04:00
57.27000045776367;57.34999847412109;57.04999923706055;57.16999816894531;21274;2020-06-25 13:30:00-04:00
57.18999862670898;57.77999877929688;56.9900016784668;57.69499969482422;30660;2020-06-25 14:30:00-04:00
57.66999816894531;58.5099983215332;57.66999816894531;58.43999862670898;86545;2020-06-25 15:30:00-04:00
58.5;59.560001373291016;57.88999938964844;58.04999923706055;40952;2020-06-26 09:30:00-04:00
58.13119888305664;58.220001220703125;57.470001220703125;58.209999084472656;23892;2020-06-26 10:30:00-04:00
58.209999084472656;58.25;57.72999954223633;58.09000015258789;21831;2020-06-26 11:30:00-04:00
58.11000061035156;58.310001373291016;57.97999954223633;58.13999938964844;14728;2020-06-26 12:30:00-04:00
58.130001068115234;58.20000076293945;57.869998931884766;57.98500061035156;29039;2020-06-26 13:30:00-04:00
57.97999954223633;58.334999084472656;57.900001525878906;58.18999862670898;45860;2020-06-26 14:30:00-04:00
58.18000030517578;58.97999954223633;58.06999969482422;58.709999084472656;156368;2020-06-26 15:30:00-04:00
59.400001525878906;59.400001525878906;58.4900016784668;58.86000061035156;25504;2020-06-29 09:30:00-04:00
58.91999816894531;59.44499969482422;58.7599983215332;59.18000030517578;16812;2020-06-29 10:30:00-04:00
59.16999816894531;59.400001525878906;58.97999954223633;59.345001220703125;29035;2020-06-29 11:30:00-04:00
59.345001220703125;59.880001068115234;59.345001220703125;59.880001068115234;16664;2020-06-29 12:30:00-04:00
59.900001525878906;60.0;59.56499862670898;59.56499862670898;24817;2020-06-29 13:30:00-04:00
59.540000915527344;59.97999954223633;59.470001220703125;59.810001373291016;38692;2020-06-29 14:30:00-04:00
59.900001525878906;59.90999984741211;59.63999938964844;59.77999877929688;77537;2020-06-29 15:30:00-04:00
59.15999984741211;60.290000915527344;59.15999984741211;59.90999984741211;31221;2020-06-30 09:30:00-04:00
59.91999816894531;60.88999938964844;59.790000915527344;60.77000045776367;15673;2020-06-30 10:30:00-04:00
60.810001373291016;61.36000061035156;60.685001373291016;61.09000015258789;25089;2020-06-30 11:30:00-04:00
61.08000183105469;61.18999862670898;60.63999938964844;60.77000045776367;19933;2020-06-30 12:30:00-04:00
60.7599983215332;60.880001068115234;60.52000045776367;60.880001068115234;19731;2020-06-30 13:30:00-04:00
60.869998931884766;60.959999084472656;60.68999862670898;60.90999984741211;20825;2020-06-30 14:30:00-04:00
60.844200134277344;61.2400016784668;60.81999969482422;61.02000045776367;44531;2020-06-30 15:30:00-04:00
61.38999938964844;61.68999862670898;60.06999969482422;60.2599983215332;40111;2020-07-01 09:30:00-04:00
60.2599983215332;60.43000030517578;59.81999969482422;60.02999877929688;24082;2020-07-01 10:30:00-04:00
60.08000183105469;60.68000030517578;60.060001373291016;60.68000030517578;26322;2020-07-01 11:30:00-04:00
60.68999862670898;61.14500045776367;60.6775016784668;61.04999923706055;35440;2020-07-01 12:30:00-04:00
61.0;61.244998931884766;60.84999847412109;61.02000045776367;31171;2020-07-01 13:30:00-04:00
61.05500030517578;61.369998931884766;60.93999862670898;61.29999923706055;41822;2020-07-01 14:30:00-04:00
61.290000915527344;61.380001068115234;60.810001373291016;60.810001373291016;55854;2020-07-01 15:30:00-04:00
61.97999954223633;62.34999847412109;61.869998931884766;61.97999954223633;14017;2020-07-02 09:30:00-04:00
61.9900016784668;62.345001220703125;61.70000076293945;62.095001220703125;29105;2020-07-02 10:30:00-04:00
62.150001525878906;62.43999862670898;61.97499847412109;62.20000076293945;17050;2020-07-02 11:30:00-04:00
62.150001525878906;62.150001525878906;61.845001220703125;61.93999862670898;18222;2020-07-02 12:30:00-04:00
61.959999084472656;62.15999984741211;61.91999816894531;62.05500030517578;21195;2020-07-02 13:30:00-04:00
62.1349983215332;62.209999084472656;61.90999984741211;62.0;29687;2020-07-02 14:30:00-04:00
62.005001068115234;62.06499862670898;61.5;61.72999954223633;67299;2020-07-02 15:30:00-04:00
63.0;63.0;61.9900016784668;61.9900016784668;29978;2020-07-06 09:30:00-04:00
61.959999084472656;62.650001525878906;61.88999938964844;62.650001525878906;46576;2020-07-06 10:30:00-04:00
62.584999084472656;62.61000061035156;62.02000045776367;62.22999954223633;41403;2020-07-06 11:30:00-04:00
62.244998931884766;62.34999847412109;61.959999084472656;62.13999938964844;45202;2020-07-06 12:30:00-04:00
62.130001068115234;62.33000183105469;61.82500076293945;61.84999847412109;26143;2020-07-06 13:30:00-04:00
61.810001373291016;62.0;61.540000915527344;61.970001220703125;92591;2020-07-06 14:30:00-04:00
61.970001220703125;61.9900016784668;61.720001220703125;61.7400016784668;57178;2020-07-06 15:30:00-04:00
60.95000076293945;61.18999862670898;60.70000076293945;60.93999862670898;17786;2020-07-07 09:30:00-04:00
60.869998931884766;61.1150016784668;60.44499969482422;61.08000183105469;17698;2020-07-07 10:30:00-04:00
61.095001220703125;61.18999862670898;60.69499969482422;60.709999084472656;22094;2020-07-07 11:30:00-04:00
60.68000030517578;60.80500030517578;60.220001220703125;60.22499847412109;18986;2020-07-07 12:30:00-04:00
60.20000076293945;60.3849983215332;59.959999084472656;59.959999084472656;19983;2020-07-07 13:30:00-04:00
59.97999954223633;60.02999877929688;59.619998931884766;59.68999862670898;48570;2020-07-07 14:30:00-04:00
59.75;59.77000045776367;59.04999923706055;59.220001220703125;109778;2020-07-07 15:30:00-04:00
58.810001373291016;59.619998931884766;58.810001373291016;59.34000015258789;62781;2020-07-08 09:30:00-04:00
59.27000045776367;59.459999084472656;58.560001373291016;58.75;33165;2020-07-08 10:30:00-04:00
58.86000061035156;59.18000030517578;58.77000045776367;59.01499938964844;27601;2020-07-08 11:30:00-04:00
59.040000915527344;59.130001068115234;58.95000076293945;59.02000045776367;16808;2020-07-08 12:30:00-04:00
59.040000915527344;59.20000076293945;58.95000076293945;59.20000076293945;14930;2020-07-08 13:30:00-04:00
59.150001525878906;59.59000015258789;58.95000076293945;59.494998931884766;25317;2020-07-08 14:30:00-04:00
59.54999923706055;59.650001525878906;59.33000183105469;59.59000015258789;42895;2020-07-08 15:30:00-04:00
59.5;59.56999969482422;58.75149917602539;58.95000076293945;48286;2020-07-09 09:30:00-04:00
59.130001068115234;59.130001068115234;57.880001068115234;58.45000076293945;24235;2020-07-09 10:30:00-04:00
58.54999923706055;58.95000076293945;58.25;58.4900016784668;26959;2020-07-09 11:30:00-04:00
58.4900016784668;58.97999954223633;58.41999816894531;58.880001068115234;18513;2020-07-09 12:30:00-04:00
58.88999938964844;59.22499847412109;58.77000045776367;59.130001068115234;45892;2020-07-09 13:30:00-04:00
59.13999938964844;59.13999938964844;58.66999816894531;58.68999862670898;22594;2020-07-09 14:30:00-04:00
58.68999862670898;58.97999954223633;58.52999877929688;58.77999877929688;42705;2020-07-09 15:30:00-04:00
59.0099983215332;59.40999984741211;58.5;59.29999923706055;26272;2020-07-10 09:30:00-04:00
59.380001068115234;59.459999084472656;58.9900016784668;59.34999847412109;27085;2020-07-10 10:30:00-04:00
59.34000015258789;59.810001373291016;59.20000076293945;59.709999084472656;16592;2020-07-10 11:30:00-04:00
59.630001068115234;59.869998931884766;59.459999084472656;59.47999954223633;10623;2020-07-10 12:30:00-04:00
59.52000045776367;59.70000076293945;59.310001373291016;59.4900016784668;29283;2020-07-10 13:30:00-04:00
59.470001220703125;59.970001220703125;59.470001220703125;59.95000076293945;16785;2020-07-10 14:30:00-04:00
59.91999816894531;60.209999084472656;59.84999847412109;59.869998931884766;62000;2020-07-10 15:30:00-04:00
60.63999938964844;60.91999816894531;59.9109992980957;60.83000183105469;22148;2020-07-13 09:30:00-04:00
60.97999954223633;61.09999847412109;60.400001525878906;60.84000015258789;18829;2020-07-13 10:30:00-04:00
60.86000061035156;60.86000061035156;60.58000183105469;60.75;11225;2020-07-13 11:30:00-04:00
60.75;61.93000030517578;60.7400016784668;61.7400016784668;23526;2020-07-13 12:30:00-04:00
61.7599983215332;61.959999084472656;61.290000915527344;61.630001068115234;293032;2020-07-13 13:30:00-04:00
61.59999847412109;62.040000915527344;60.77999877929688;60.77999877929688;42078;2020-07-13 14:30:00-04:00
60.72999954223633;60.77000045776367;59.81999969482422;60.02999877929688;67789;2020-07-13 15:30:00-04:00
59.91999816894531;60.36000061035156;59.34000015258789;60.18000030517578;40899;2020-07-14 09:30:00-04:00
60.11000061035156;60.66999816894531;60.04999923706055;60.04999923706055;18234;2020-07-14 10:30:00-04:00
60.060001373291016;60.9900016784668;60.060001373291016;60.7400016784668;20400;2020-07-14 11:30:00-04:00
60.75;60.86000061035156;60.459999084472656;60.619998931884766;12780;2020-07-14 12:30:00-04:00
60.56999969482422;60.95000076293945;60.56999969482422;60.83000183105469;29040;2020-07-14 13:30:00-04:00
60.84999847412109;60.86000061035156;60.40999984741211;60.744998931884766;40785;2020-07-14 14:30:00-04:00
60.77999877929688;61.31999969482422;60.75;61.27000045776367;91153;2020-07-14 15:30:00-04:00
63.0;63.0;62.025001525878906;62.540000915527344;38306;2020-07-15 09:30:00-04:00
62.53499984741211;62.68000030517578;61.900001525878906;62.15999984741211;39285;2020-07-15 10:30:00-04:00
62.16999816894531;62.27999877929688;61.630001068115234;62.125;33609;2020-07-15 11:30:00-04:00
62.040000915527344;62.63999938964844;62.0;62.38999938964844;35356;2020-07-15 12:30:00-04:00
62.38999938964844;62.75;62.34999847412109;62.70000076293945;27241;2020-07-15 13:30:00-04:00
62.709999084472656;63.09999847412109;62.70000076293945;62.96749877929688;36949;2020-07-15 14:30:00-04:00
62.97499847412109;63.28499984741211;62.97499847412109;63.119998931884766;96967;2020-07-15 15:30:00-04:00
62.79999923706055;63.470001220703125;62.29999923706055;63.470001220703125;14260;2020-07-16 09:30:00-04:00
63.470001220703125;63.470001220703125;62.369998931884766;63.0099983215332;24887;2020-07-16 10:30:00-04:00
62.900001525878906;62.900001525878906;62.220001220703125;62.43999862670898;37123;2020-07-16 11:30:00-04:00
62.47999954223633;62.72999954223633;62.16999816894531;62.68000030517578;22247;2020-07-16 12:30:00-04:00
62.66999816894531;62.93000030517578;62.400001525878906;62.84999847412109;28319;2020-07-16 13:30:00-04:00
62.88999938964844;63.060001373291016;62.13999938964844;62.4900016784668;43059;2020-07-16 14:30:00-04:00
62.48500061035156;62.72999954223633;62.0099983215332;62.400001525878906;95972;2020-07-16 15:30:00-04:00
62.5099983215332;62.9900016784668;61.95500183105469;61.95500183105469;16865;2020-07-17 09:30:00-04:00
62.09000015258789;62.68000030517578;61.93999862670898;62.56999969482422;26070;2020-07-17 10:30:00-04:00
62.61000061035156;62.790000915527344;62.47999954223633;62.584999084472656;27094;2020-07-17 11:30:00-04:00
62.540000915527344;62.61000061035156;62.34999847412109;62.5099983215332;25793;2020-07-17 12:30:00-04:00
62.5099983215332;62.52000045776367;62.380001068115234;62.4900016784668;17573;2020-07-17 13:30:00-04:00
62.43999862670898;62.56999969482422;62.310001373291016;62.56999969482422;28776;2020-07-17 14:30:00-04:00
62.560001373291016;62.66999816894531;62.290000915527344;62.31999969482422;67585;2020-07-17 15:30:00-04:00
62.34999847412109;62.34999847412109;61.68999862670898;62.0;131379;2020-07-20 09:30:00-04:00
62.02999877929688;62.31499862670898;61.80500030517578;62.04999923706055;23248;2020-07-20 10:30:00-04:00
62.040000915527344;62.08000183105469;61.75;61.790000915527344;16057;2020-07-20 11:30:00-04:00
61.720001220703125;61.93000030517578;61.709999084472656;61.84000015258789;9640;2020-07-20 12:30:00-04:00
61.880001068115234;62.2400016784668;61.86000061035156;62.04999923706055;22644;2020-07-20 13:30:00-04:00
62.06999969482422;62.380001068115234;62.005001068115234;62.31999969482422;21642;2020-07-20 14:30:00-04:00
62.345001220703125;62.345001220703125;62.04999923706055;62.04999923706055;37731;2020-07-20 15:30:00-04:00
63.02999877929688;63.47999954223633;62.290000915527344;62.84999847412109;52064;2020-07-21 09:30:00-04:00
62.68999862670898;63.290000915527344;62.68999862670898;63.18999862670898;30016;2020-07-21 10:30:00-04:00
63.255001068115234;63.27000045776367;62.790000915527344;62.959999084472656;17893;2020-07-21 11:30:00-04:00
63.02000045776367;63.41999816894531;62.970001220703125;63.40999984741211;20866;2020-07-21 12:30:00-04:00
63.38999938964844;63.68999862670898;63.36000061035156;63.5;31647;2020-07-21 13:30:00-04:00
63.40999984741211;63.619998931884766;63.15999984741211;63.36000061035156;46880;2020-07-21 14:30:00-04:00
63.40999984741211;63.46500015258789;62.9900016784668;63.08000183105469;95851;2020-07-21 15:30:00-04:00
63.09999847412109;63.33000183105469;62.720001220703125;62.810001373291016;28459;2020-07-22 09:30:00-04:00
62.810001373291016;63.16999816894531;62.459999084472656;62.59000015258789;18270;2020-07-22 10:30:00-04:00
62.52000045776367;63.09999847412109;62.38999938964844;63.09999847412109;12487;2020-07-22 11:30:00-04:00
63.06999969482422;63.06999969482422;62.68999862670898;62.810001373291016;14734;2020-07-22 12:30:00-04:00
62.81999969482422;63.06999969482422;62.720001220703125;62.959999084472656;12721;2020-07-22 13:30:00-04:00
62.875;63.09000015258789;62.83000183105469;63.0;12085;2020-07-22 14:30:00-04:00
63.060001373291016;63.18999862670898;62.95000076293945;63.18999862670898;28222;2020-07-22 15:30:00-04:00
62.70000076293945;63.43999862670898;62.560001373291016;63.220001220703125;23820;2020-07-23 09:30:00-04:00
63.41999816894531;63.68000030517578;63.400001525878906;63.560001373291016;11824;2020-07-23 10:30:00-04:00
63.54999923706055;63.790000915527344;63.38999938964844;63.65499877929688;11944;2020-07-23 11:30:00-04:00
63.61000061035156;63.61000061035156;63.09999847412109;63.27000045776367;32446;2020-07-23 12:30:00-04:00
63.2599983215332;63.34000015258789;62.84000015258789;63.165000915527344;30624;2020-07-23 13:30:00-04:00
63.18999862670898;63.369998931884766;62.935001373291016;62.9900016784668;21388;2020-07-23 14:30:00-04:00
62.93000030517578;63.33000183105469;62.720001220703125;62.959999084472656;32309;2020-07-23 15:30:00-04:00
63.040000915527344;63.040000915527344;62.040000915527344;62.59999847412109;17440;2020-07-24 09:30:00-04:00
62.63999938964844;63.0099983215332;62.40999984741211;62.584999084472656;16219;2020-07-24 10:30:00-04:00
62.72999954223633;62.72999954223633;62.38999938964844;62.470001220703125;12806;2020-07-24 11:30:00-04:00
62.52999877929688;62.58000183105469;62.040000915527344;62.09999847412109;58004;2020-07-24 12:30:00-04:00
62.040000915527344;62.84000015258789;61.95000076293945;62.84000015258789;41597;2020-07-24 13:30:00-04:00
62.86320114135742;62.90879821777344;62.06999969482422;62.06999969482422;34367;2020-07-24 14:30:00-04:00
62.13999938964844;62.369998931884766;61.84000015258789;61.869998931884766;70697;2020-07-24 15:30:00-04:00
61.790000915527344;62.66999816894531;61.75;62.66999816894531;14465;2020-07-27 09:30:00-04:00
62.66999816894531;63.310001373291016;62.29999923706055;63.125;85579;2020-07-27 10:30:00-04:00
63.130001068115234;63.29999923706055;62.79999923706055;62.97999954223633;39234;2020-07-27 11:30:00-04:00
62.98249816894531;63.08000183105469;62.79999923706055;63.0;24563;2020-07-27 12:30:00-04:00
63.0;63.00249862670898;62.84999847412109;62.86000061035156;44128;2020-07-27 13:30:00-04:00
62.84999847412109;63.02000045776367;62.18000030517578;62.900001525878906;63715;2020-07-27 14:30:00-04:00
62.88999938964844;63.27999877929688;62.869998931884766;63.150001525878906;67665;2020-07-27 15:30:00-04:00
69.0;73.81999969482422;68.16000366210938;71.30000305175781;487654;2020-07-28 09:30:00-04:00
71.23999786376953;72.37999725341797;71.11000061035156;72.0999984741211;172628;2020-07-28 10:30:00-04:00
72.0999984741211;72.2300033569336;70.7300033569336;70.80000305175781;154825;2020-07-28 11:30:00-04:00
70.7699966430664;71.4800033569336;70.7699966430664;71.43000030517578;110551;2020-07-28 12:30:00-04:00
71.44000244140625;71.83000183105469;71.01000213623047;71.6500015258789;271956;2020-07-28 13:30:00-04:00
71.6500015258789;71.7699966430664;71.01000213623047;71.2249984741211;111531;2020-07-28 14:30:00-04:00
71.26000213623047;71.31999969482422;70.02999877929688;70.30000305175781;235136;2020-07-28 15:30:00-04:00
70.30000305175781;70.5;67.16999816894531;67.7699966430664;100135;2020-07-29 09:30:00-04:00
67.76000213623047;67.93000030517578;66.87000274658203;67.11000061035156;84168;2020-07-29 10:30:00-04:00
67.12000274658203;67.31999969482422;66.83000183105469;66.9000015258789;81497;2020-07-29 11:30:00-04:00
66.93000030517578;67.62000274658203;66.91999816894531;67.54000091552734;111946;2020-07-29 12:30:00-04:00
67.5250015258789;67.52999877929688;67.0199966430664;67.18000030517578;40303;2020-07-29 13:30:00-04:00
67.16999816894531;67.22000122070312;66.61959838867188;67.0;78200;2020-07-29 14:30:00-04:00
66.9800033569336;68.12999725341797;66.86000061035156;68.04000091552734;183681;2020-07-29 15:30:00-04:00
66.87999725341797;67.13999938964844;66.11000061035156;66.66999816894531;40868;2020-07-30 09:30:00-04:00
66.62000274658203;67.62000274658203;66.62000274658203;67.58000183105469;30828;2020-07-30 10:30:00-04:00
67.55000305175781;68.05999755859375;67.5199966430664;67.98999786376953;29836;2020-07-30 11:30:00-04:00
67.95999908447266;68.19000244140625;67.80999755859375;67.80999755859375;27793;2020-07-30 12:30:00-04:00
67.79000091552734;67.86000061035156;67.45500183105469;67.5250015258789;27099;2020-07-30 13:30:00-04:00
67.54000091552734;67.75;67.43000030517578;67.72000122070312;32895;2020-07-30 14:30:00-04:00
67.70999908447266;67.93000030517578;67.5999984741211;67.8499984741211;94538;2020-07-30 15:30:00-04:00
67.02999877929688;67.27999877929688;64.62999725341797;64.62999725341797;42147;2020-07-31 09:30:00-04:00
64.70999908447266;65.4800033569336;64.63999938964844;65.43000030517578;33031;2020-07-31 10:30:00-04:00
65.4800033569336;65.81999969482422;65.12999725341797;65.81999969482422;47275;2020-07-31 11:30:00-04:00
65.81999969482422;66.04000091552734;65.4800033569336;66.00499725341797;32598;2020-07-31 12:30:00-04:00
66.08999633789062;66.29000091552734;65.72000122070312;65.91500091552734;23180;2020-07-31 13:30:00-04:00
65.93499755859375;66.31999969482422;65.5;65.6500015258789;48748;2020-07-31 14:30:00-04:00
65.66000366210938;66.08000183105469;65.4749984741211;66.01000213623047;138184;2020-07-31 15:30:00-04:00
66.0999984741211;66.69999694824219;65.87999725341797;65.87999725341797;25378;2020-08-03 09:30:00-04:00
65.87999725341797;65.98999786376953;65.23999786376953;65.79000091552734;35084;2020-08-03 10:30:00-04:00
65.87000274658203;66.6500015258789;65.84500122070312;66.55000305175781;34880;2020-08-03 11:30:00-04:00
66.51000213623047;66.94000244140625;66.44000244140625;66.87000274658203;31596;2020-08-03 12:30:00-04:00
66.87000274658203;66.93000030517578;66.16999816894531;66.23999786376953;37767;2020-08-03 13:30:00-04:00
66.25;66.2750015258789;65.76499938964844;65.76499938964844;54132;2020-08-03 14:30:00-04:00
65.77999877929688;65.77999877929688;65.25;65.29000091552734;112994;2020-08-03 15:30:00-04:00
64.75;65.43000030517578;64.33999633789062;65.37000274658203;52365;2020-08-04 09:30:00-04:00
65.4000015258789;65.79000091552734;65.31999969482422;65.58999633789062;29023;2020-08-04 10:30:00-04:00
65.55999755859375;65.61000061035156;65.06999969482422;65.51000213623047;80856;2020-08-04 11:30:00-04:00
65.5999984741211;65.73999786376953;65.47000122070312;65.54000091552734;28224;2020-08-04 12:30:00-04:00
65.48999786376953;65.5999984741211;65.25;65.2699966430664;20541;2020-08-04 13:30:00-04:00
65.28500366210938;65.61000061035156;65.08499908447266;65.54499816894531;48040;2020-08-04 14:30:00-04:00
65.5199966430664;65.6500015258789;65.37000274658203;65.47000122070312;110513;2020-08-04 15:30:00-04:00
66.31999969482422;67.83999633789062;66.31999969482422;67.43000030517578;38014;2020-08-05 09:30:00-04:00
67.51000213623047;67.83000183105469;66.83999633789062;66.93000030517578;34906;2020-08-05 10:30:00-04:00
66.87999725341797;66.87999725341797;66.41999816894531;66.54000091552734;28249;2020-08-05 11:30:00-04:00
66.5;67.12000274658203;66.48999786376953;67.12000274658203;25671;2020-08-05 12:30:00-04:00
67.1500015258789;67.43499755859375;67.03500366210938;67.30000305175781;31329;2020-08-05 13:30:00-04:00
67.30000305175781;67.4000015258789;67.17500305175781;67.18000030517578;32589;2020-08-05 14:30:00-04:00
67.16500091552734;67.37000274658203;66.91000366210938;66.95999908447266;71791;2020-08-05 15:30:00-04:00
66.94999694824219;67.91999816894531;66.9000015258789;67.83000183105469;27074;2020-08-06 09:30:00-04:00
67.82499694824219;67.83999633789062;67.2925033569336;67.2925033569336;26265;2020-08-06 10:30:00-04:00
67.37000274658203;67.44499969482422;67.19999694824219;67.41999816894531;27535;2020-08-06 11:30:00-04:00
67.41000366210938;67.54000091552734;67.31500244140625;67.33000183105469;31211;2020-08-06 12:30:00-04:00
67.30000305175781;67.91999816894531;67.19000244140625;67.83999633789062;28928;2020-08-06 13:30:00-04:00
67.8499984741211;68.06999969482422;67.81999969482422;67.98989868164062;38252;2020-08-06 14:30:00-04:00
68.05000305175781;68.05999755859375;67.72000122070312;67.87000274658203;44217;2020-08-06 15:30:00-04:00
67.79000091552734;68.91999816894531;67.79000091552734;68.91999816894531;18503;2020-08-07 09:30:00-04:00
68.88999938964844;69.05180358886719;68.59459686279297;68.80000305175781;19045;2020-08-07 10:30:00-04:00
68.73999786376953;68.83000183105469;68.34500122070312;68.5999984741211;13131;2020-08-07 11:30:00-04:00
68.5999984741211;68.72000122070312;68.22000122070312;68.27999877929688;17043;2020-08-07 12:30:00-04:00
68.30000305175781;68.44000244140625;67.9800033569336;68.0199966430664;11736;2020-08-07 13:30:00-04:00
68.02999877929688;68.47000122070312;68.02999877929688;68.36000061035156;14620;2020-08-07 14:30:00-04:00
68.36000061035156;68.8499984741211;68.36000061035156;68.72000122070312;39496;2020-08-07 15:30:00-04:00
68.56999969482422;69.76000213623047;68.56999969482422;69.76000213623047;26108;2020-08-10 09:30:00-04:00
69.71009826660156;69.75;69.28500366210938;69.62000274658203;19486;2020-08-10 10:30:00-04:00
69.6050033569336;70.02999877929688;69.4000015258789;70.0199966430664;96968;2020-08-10 11:30:00-04:00
70.0199966430664;70.08999633789062;69.75;69.91000366210938;20943;2020-08-10 12:30:00-04:00
69.91999816894531;69.94000244140625;69.44999694824219;69.58999633789062;28663;2020-08-10 13:30:00-04:00
69.55000305175781;69.62000274658203;69.08000183105469;69.16000366210938;33467;2020-08-10 14:30:00-04:00
69.13999938964844;69.2300033569336;69.02999877929688;69.08999633789062;58628;2020-08-10 15:30:00-04:00
69.9000015258789;70.43000030517578;69.52999877929688;70.04499816894531;65581;2020-08-11 09:30:00-04:00
69.98999786376953;70.16000366210938;69.7249984741211;69.81999969482422;26071;2020-08-11 10:30:00-04:00
69.79000091552734;70.11000061035156;69.43000030517578;70.09500122070312;25153;2020-08-11 11:30:00-04:00
70.06999969482422;70.375;70.0250015258789;70.19000244140625;32874;2020-08-11 12:30:00-04:00
70.20999908447266;70.33999633789062;70.01000213623047;70.05999755859375;48961;2020-08-11 13:30:00-04:00
70.08000183105469;70.38500213623047;69.55000305175781;69.86000061035156;95710;2020-08-11 14:30:00-04:00
69.86000061035156;69.8949966430664;69.05999755859375;69.44000244140625;46785;2020-08-11 15:30:00-04:00
70.51000213623047;70.51000213623047;69.68000030517578;70.20999908447266;13834;2020-08-12 09:30:00-04:00
70.19000244140625;70.4800033569336;70.00499725341797;70.12000274658203;15067;2020-08-12 10:30:00-04:00
70.15499877929688;70.31500244140625;69.88999938964844;70.01499938964844;11441;2020-08-12 11:30:00-04:00
69.9800033569336;70.05999755859375;69.56999969482422;69.58999633789062;16648;2020-08-12 12:30:00-04:00
69.63999938964844;69.79989624023438;69.58000183105469;69.61000061035156;12443;2020-08-12 13:30:00-04:00
69.55999755859375;69.80000305175781;69.47000122070312;69.80000305175781;19378;2020-08-12 14:30:00-04:00
69.76000213623047;69.88999938964844;69.63999938964844;69.77999877929688;32053;2020-08-12 15:30:00-04:00
69.12999725341797;70.30000305175781;68.97000122070312;70.16999816894531;20250;2020-08-13 09:30:00-04:00
70.0999984741211;70.25;69.91000366210938;69.95999908447266;9134;2020-08-13 10:30:00-04:00
69.97000122070312;70.55999755859375;69.97000122070312;70.20999908447266;21194;2020-08-13 11:30:00-04:00
70.20999908447266;70.4800033569336;70.0999984741211;70.14569854736328;11610;2020-08-13 12:30:00-04:00
70.16999816894531;70.30500030517578;69.91000366210938;70.05999755859375;12684;2020-08-13 13:30:00-04:00
70.0999984741211;70.13999938964844;69.87000274658203;70.0;29940;2020-08-13 14:30:00-04:00
69.95999908447266;70.31999969482422;69.88999938964844;70.30000305175781;57200;2020-08-13 15:30:00-04:00
70.3499984741211;70.55999755859375;69.44999694824219;70.46499633789062;28487;2020-08-14 09:30:00-04:00
70.42120361328125;70.62000274658203;70.18000030517578;70.41000366210938;29497;2020-08-14 10:30:00-04:00
70.41999816894531;70.43000030517578;70.12999725341797;70.30999755859375;21743;2020-08-14 11:30:00-04:00
70.30000305175781;70.30000305175781;70.04000091552734;70.04000091552734;8116;2020-08-14 12:30:00-04:00
70.02999877929688;70.33000183105469;69.98999786376953;70.12999725341797;12869;2020-08-14 13:30:00-04:00
70.16999816894531;70.16999816894531;69.625;69.81999969482422;16226;2020-08-14 14:30:00-04:00
69.81999969482422;69.83000183105469;69.52999877929688;69.80000305175781;27820;2020-08-14 15:30:00-04:00
69.94999694824219;70.48999786376953;69.56500244140625;69.68000030517578;25295;2020-08-17 09:30:00-04:00
69.83499908447266;70.05999755859375;69.5999984741211;69.91999816894531;23853;2020-08-17 10:30:00-04:00
69.87999725341797;69.9000015258789;69.62000274658203;69.66999816894531;12827;2020-08-17 11:30:00-04:00
69.69999694824219;69.91000366210938;69.69999694824219;69.87999725341797;12808;2020-08-17 12:30:00-04:00
69.87999725341797;69.91000366210938;69.55999755859375;69.6500015258789;33416;2020-08-17 13:30:00-04:00
69.66999816894531;69.69999694824219;69.38999938964844;69.55999755859375;51928;2020-08-17 14:30:00-04:00
69.58000183105469;69.88999938964844;69.56749725341797;69.80000305175781;78183;2020-08-17 15:30:00-04:00
69.55000305175781;70.12000274658203;69.36000061035156;69.58999633789062;33334;2020-08-18 09:30:00-04:00
69.51129913330078;69.51129913330078;68.75;68.87999725341797;31893;2020-08-18 10:30:00-04:00
68.9749984741211;68.99500274658203;68.52999877929688;68.68499755859375;32555;2020-08-18 11:30:00-04:00
68.68000030517578;69.06999969482422;68.5999984741211;68.88999938964844;26350;2020-08-18 12:30:00-04:00
68.88999938964844;69.30000305175781;68.88999938964844;69.11000061035156;27129;2020-08-18 13:30:00-04:00
69.08000183105469;69.19999694824219;68.81999969482422;69.13999938964844;38334;2020-08-18 14:30:00-04:00
69.06999969482422;69.19999694824219;68.75;68.87999725341797;77086;2020-08-18 15:30:00-04:00
68.54000091552734;69.16500091552734;68.33999633789062;68.80999755859375;31343;2020-08-19 09:30:00-04:00
68.93000030517578;69.4800033569336;68.93000030517578;69.44999694824219;14404;2020-08-19 10:30:00-04:00
69.37999725341797;69.5199966430664;69.30000305175781;69.30000305175781;15460;2020-08-19 11:30:00-04:00
69.4000015258789;69.55000305175781;69.22000122070312;69.27999877929688;12710;2020-08-19 12:30:00-04:00
69.24500274658203;69.37000274658203;68.95999908447266;68.95999908447266;12363;2020-08-19 13:30:00-04:00
68.98999786376953;69.0999984741211;68.62000274658203;68.62000274658203;21119;2020-08-19 14:30:00-04:00
68.61000061035156;68.61499786376953;68.12999725341797;68.22000122070312;35258;2020-08-19 15:30:00-04:00
67.20999908447266;68.2699966430664;66.70999908447266;68.08000183105469;34340;2020-08-20 09:30:00-04:00
68.16999816894531;68.80000305175781;68.12000274658203;68.27999877929688;24764;2020-08-20 10:30:00-04:00
68.12999725341797;68.4000015258789;68.11000061035156;68.23999786376953;17959;2020-08-20 11:30:00-04:00
68.23999786376953;68.36000061035156;68.12000274658203;68.16000366210938;9202;2020-08-20 12:30:00-04:00
68.31999969482422;68.45999908447266;68.06999969482422;68.1500015258789;11832;2020-08-20 13:30:00-04:00
68.13999938964844;68.37000274658203;68.06999969482422;68.2300033569336;17614;2020-08-20 14:30:00-04:00
68.22000122070312;68.26000213623047;67.88999938964844;67.95999908447266;41327;2020-08-20 15:30:00-04:00
67.69000244140625;68.01000213623047;67.37999725341797;67.37999725341797;25187;2020-08-21 09:30:00-04:00
67.44000244140625;67.80000305175781;67.43000030517578;67.6500015258789;15507;2020-08-21 10:30:00-04:00
67.62999725341797;67.93000030517578;67.5;67.83000183105469;12715;2020-08-21 11:30:00-04:00
67.72000122070312;67.72000122070312;67.33000183105469;67.51000213623047;17718;2020-08-21 12:30:00-04:00
67.61000061035156;67.86000061035156;67.58999633789062;67.69999694824219;12680;2020-08-21 13:30:00-04:00
67.70999908447266;67.70999908447266;67.5199966430664;67.69000244140625;12951;2020-08-21 14:30:00-04:00
67.69999694824219;68.05000305175781;67.68000030517578;68.0199966430664;48216;2020-08-21 15:30:00-04:00
68.62999725341797;69.40499877929688;68.37999725341797;68.93000030517578;15480;2020-08-24 09:30:00-04:00
69.04000091552734;69.05000305175781;68.55000305175781;68.6500015258789;15501;2020-08-24 10:30:00-04:00
68.68000030517578;69.05999755859375;68.6500015258789;68.9800033569336;21654;2020-08-24 11:30:00-04:00
68.97000122070312;69.55999755859375;68.97000122070312;69.26000213623047;30420;2020-08-24 12:30:00-04:00
69.26000213623047;69.37000274658203;68.76000213623047;68.76000213623047;15372;2020-08-24 13:30:00-04:00
68.77999877929688;68.91000366210938;68.5916976928711;68.91000366210938;18171;2020-08-24 14:30:00-04:00
68.94000244140625;69.19999694824219;68.83999633789062;69.19999694824219;38344;2020-08-24 15:30:00-04:00
69.12000274658203;69.31999969482422;67.9000015258789;67.98999786376953;29065;2020-08-25 09:30:00-04:00
68.0;68.08999633789062;67.66999816894531;68.08999633789062;21797;2020-08-25 10:30:00-04:00
68.11000061035156;68.12000274658203;67.58000183105469;67.8499984741211;14400;2020-08-25 11:30:00-04:00
67.76000213623047;67.93000030517578;67.69000244140625;67.9000015258789;14834;2020-08-25 12:30:00-04:00
67.88999938964844;67.95999908447266;67.73999786376953;67.83499908447266;10833;2020-08-25 13:30:00-04:00
67.87000274658203;68.16999816894531;67.83000183105469;68.16999816894531;22482;2020-08-25 14:30:00-04:00
68.19000244140625;68.29000091552734;67.91000366210938;67.95999908447266;71933;2020-08-25 15:30:00-04:00
67.8499984741211;68.55000305175781;67.82499694824219;67.93000030517578;25605;2020-08-26 09:30:00-04:00
68.16000366210938;68.18000030517578;67.81999969482422;67.88999938964844;13578;2020-08-26 10:30:00-04:00
67.91999816894531;68.08000183105469;67.76000213623047;68.04000091552734;15799;2020-08-26 11:30:00-04:00
68.03500366210938;68.13999938964844;67.94000244140625;67.99500274658203;13136;2020-08-26 12:30:00-04:00
68.02999877929688;68.18000030517578;68.0199966430664;68.12000274658203;10805;2020-08-26 13:30:00-04:00
67.9800033569336;68.0;67.65499877929688;67.98999786376953;14618;2020-08-26 14:30:00-04:00
67.9800033569336;68.0999984741211;67.93000030517578;68.01000213623047;23841;2020-08-26 15:30:00-04:00
68.37999725341797;69.02999877929688;68.29000091552734;68.95999908447266;20539;2020-08-27 09:30:00-04:00
68.94999694824219;69.41000366210938;68.91999816894531;69.17500305175781;20088;2020-08-27 10:30:00-04:00
69.13999938964844;69.37000274658203;68.93000030517578;69.05000305175781;26878;2020-08-27 11:30:00-04:00
69.02999877929688;69.16999816894531;68.87000274658203;69.1500015258789;20924;2020-08-27 12:30:00-04:00
69.19000244140625;69.29000091552734;69.0;69.19999694824219;24540;2020-08-27 13:30:00-04:00
69.20500183105469;69.47000122070312;69.16999816894531;69.36000061035156;37634;2020-08-27 14:30:00-04:00
69.33999633789062;69.38999938964844;68.7300033569336;68.80000305175781;45166;2020-08-27 15:30:00-04:00
69.70999908447266;69.8499984741211;69.02999877929688;69.19999694824219;28244;2020-08-28 09:30:00-04:00
69.30000305175781;69.37999725341797;68.83999633789062;69.3550033569336;15795;2020-08-28 10:30:00-04:00
69.3499984741211;69.5999984741211;68.94999694824219;68.94999694824219;32718;2020-08-28 11:30:00-04:00
68.95999908447266;69.12999725341797;68.86000061035156;69.05000305175781;11959;2020-08-28 12:30:00-04:00
68.9800033569336;69.19999694824219;68.88999938964844;69.16000366210938;15257;2020-08-28 13:30:00-04:00
69.16999816894531;69.54000091552734;69.11000061035156;69.47000122070312;20442;2020-08-28 14:30:00-04:00
69.55999755859375;69.72000122070312;69.37000274658203;69.5;41374;2020-08-28 15:30:00-04:00
68.94999694824219;68.9800033569336;68.43000030517578;68.43000030517578;25917;2020-08-31 09:30:00-04:00
68.51000213623047;68.69000244140625;68.19000244140625;68.2699966430664;18397;2020-08-31 10:30:00-04:00
68.22000122070312;68.59500122070312;68.20999908447266;68.20999908447266;10411;2020-08-31 11:30:00-04:00
68.16999816894531;68.20999908447266;67.94999694824219;68.18499755859375;12277;2020-08-31 12:30:00-04:00
68.2300033569336;68.41000366210938;68.2300033569336;68.38999938964844;13322;2020-08-31 13:30:00-04:00
68.41999816894531;68.48999786376953;68.20500183105469;68.25;14450;2020-08-31 14:30:00-04:00
68.23999786376953;68.3499984741211;67.81999969482422;67.81999969482422;54029;2020-08-31 15:30:00-04:00
67.4000015258789;68.05000305175781;67.06999969482422;68.05000305175781;36484;2020-09-01 09:30:00-04:00
67.97000122070312;68.01000213623047;67.11000061035156;67.17990112304688;28311;2020-09-01 10:30:00-04:00
67.16000366210938;67.83999633789062;67.16000366210938;67.79000091552734;22624;2020-09-01 11:30:00-04:00
67.79000091552734;67.91000366210938;67.66000366210938;67.75;22605;2020-09-01 12:30:00-04:00
67.7699966430664;67.86000061035156;67.66000366210938;67.80000305175781;16760;2020-09-01 13:30:00-04:00
67.80999755859375;67.87000274658203;67.58999633789062;67.69999694824219;20851;2020-09-01 14:30:00-04:00
67.7300033569336;67.73999786376953;67.38999938964844;67.58000183105469;54300;2020-09-01 15:30:00-04:00
67.66999816894531;67.81999969482422;67.15499877929688;67.55000305175781;22932;2020-09-02 09:30:00-04:00
67.56999969482422;67.77999877929688;67.41999816894531;67.6449966430664;43746;2020-09-02 10:30:00-04:00
67.63999938964844;67.73500061035156;67.45999908447266;67.5999984741211;15562;2020-09-02 11:30:00-04:00
67.59500122070312;67.9000015258789;67.5000991821289;67.9000015258789;17695;2020-09-02 12:30:00-04:00
67.93000030517578;68.0199966430664;67.75;67.87000274658203;35692;2020-09-02 13:30:00-04:00
67.81999969482422;68.12999725341797;67.56999969482422;68.08000183105469;46380;2020-09-02 14:30:00-04:00
68.04000091552734;68.06999969482422;67.66999816894531;67.87999725341797;106199;2020-09-02 15:30:00-04:00
67.93000030517578;68.19000244140625;66.16999816894531;66.3499984741211;25589;2020-09-03 09:30:00-04:00
66.33000183105469;66.41000366210938;64.77999877929688;65.04499816894531;26435;2020-09-03 10:30:00-04:00
65.22000122070312;65.91000366210938;65.06999969482422;65.72000122070312;21759;2020-09-03 11:30:00-04:00
65.70999908447266;65.7300033569336;65.12999725341797;65.54000091552734;24473;2020-09-03 12:30:00-04:00
65.5199966430664;65.5199966430664;65.04010009765625;65.1500015258789;29466;2020-09-03 13:30:00-04:00
65.16999816894531;65.58999633789062;64.9000015258789;64.95999908447266;56453;2020-09-03 14:30:00-04:00
64.98999786376953;65.23999786376953;64.79000091552734;64.93000030517578;89180;2020-09-03 15:30:00-04:00
66.1500015258789;66.19000244140625;64.29000091552734;64.29000091552734;25561;2020-09-04 09:30:00-04:00
64.33999633789062;64.4800033569336;63.4900016784668;63.970001220703125;26777;2020-09-04 10:30:00-04:00
64.04000091552734;64.1500015258789;63.47999954223633;63.68999862670898;23735;2020-09-04 11:30:00-04:00
63.71500015258789;63.790000915527344;63.45000076293945;63.47999954223633;34314;2020-09-04 12:30:00-04:00
63.369998931884766;63.369998931884766;63.060001373291016;63.34000015258789;38636;2020-09-04 13:30:00-04:00
63.33000183105469;63.84000015258789;63.310001373291016;63.84000015258789;48237;2020-09-04 14:30:00-04:00
63.71500015258789;63.720001220703125;63.09000015258789;63.220001220703125;118033;2020-09-04 15:30:00-04:00
62.2599983215332;62.41999816894531;60.98720169067383;62.380001068115234;31504;2020-09-08 09:30:00-04:00
62.41999816894531;62.68999862670898;61.72499847412109;62.130001068115234;22808;2020-09-08 10:30:00-04:00
62.09999847412109;62.17399978637695;61.720001220703125;62.09999847412109;15600;2020-09-08 11:30:00-04:00
62.119998931884766;62.630001068115234;62.040000915527344;62.619998931884766;18570;2020-09-08 12:30:00-04:00
62.619998931884766;62.77000045776367;62.18000030517578;62.20000076293945;20872;2020-09-08 13:30:00-04:00
62.16999816894531;62.18000030517578;61.72999954223633;62.09999847412109;36424;2020-09-08 14:30:00-04:00
62.08000183105469;62.119998931884766;61.29999923706055;61.34999847412109;59639;2020-09-08 15:30:00-04:00
61.83000183105469;62.459999084472656;61.5;62.02000045776367;22511;2020-09-09 09:30:00-04:00
62.08000183105469;62.220001220703125;61.630001068115234;61.93999862670898;16042;2020-09-09 10:30:00-04:00
62.0099983215332;62.34999847412109;61.970001220703125;62.33000183105469;18797;2020-09-09 11:30:00-04:00
62.34000015258789;62.7400016784668;62.31499862670898;62.650001525878906;16185;2020-09-09 12:30:00-04:00
62.68000030517578;62.7400016784668;62.43000030517578;62.4900016784668;16748;2020-09-09 13:30:00-04:00
62.5099983215332;62.84000015258789;62.5099983215332;62.77999877929688;31729;2020-09-09 14:30:00-04:00
62.790000915527344;62.84000015258789;62.369998931884766;62.560001373291016;73381;2020-09-09 15:30:00-04:00
62.83000183105469;63.45000076293945;62.64500045776367;62.709999084472656;22734;2020-09-10 09:30:00-04:00
62.64500045776367;62.97999954223633;62.5;62.66999816894531;29402;2020-09-10 10:30:00-04:00
62.65999984741211;62.7400016784668;62.33000183105469;62.459999084472656;18476;2020-09-10 11:30:00-04:00
62.49100112915039;62.75;62.18999862670898;62.650001525878906;26043;2020-09-10 12:30:00-04:00
62.650001525878906;62.7599983215332;62.09000015258789;62.09000015258789;24233;2020-09-10 13:30:00-04:00
62.09000015258789;62.16999816894531;61.560001373291016;61.75;52948;2020-09-10 14:30:00-04:00
61.68999862670898;62.130001068115234;61.630001068115234;61.81999969482422;71362;2020-09-10 15:30:00-04:00
62.20000076293945;62.20000076293945;61.54999923706055;61.79999923706055;18091;2020-09-11 09:30:00-04:00
61.709999084472656;62.33000183105469;61.650001525878906;61.9900016784668;15971;2020-09-11 10:30:00-04:00
61.95000076293945;61.959999084472656;61.77000045776367;61.810001373291016;11556;2020-09-11 11:30:00-04:00
61.72999954223633;61.72999954223633;61.15999984741211;61.16999816894531;15008;2020-09-11 12:30:00-04:00
61.18000030517578;61.38999938964844;61.0099983215332;61.09000015258789;25107;2020-09-11 13:30:00-04:00
61.119998931884766;61.790000915527344;61.06999969482422;61.77000045776367;22004;2020-09-11 14:30:00-04:00
61.79999923706055;61.88999938964844;61.43999862670898;61.4900016784668;55037;2020-09-11 15:30:00-04:00
62.119998931884766;62.65999984741211;61.77000045776367;62.1150016784668;20446;2020-09-14 09:30:00-04:00
62.09000015258789;62.09999847412109;61.15499877929688;61.42499923706055;25755;2020-09-14 10:30:00-04:00
61.400001525878906;61.4900016784668;61.2599983215332;61.4900016784668;17240;2020-09-14 11:30:00-04:00
61.54999923706055;61.61000061035156;61.15999984741211;61.20000076293945;21045;2020-09-14 12:30:00-04:00
61.220001220703125;61.53499984741211;61.130001068115234;61.39500045776367;16743;2020-09-14 13:30:00-04:00
61.400001525878906;61.54499816894531;61.31999969482422;61.4900016784668;23201;2020-09-14 14:30:00-04:00
61.4900016784668;61.7599983215332;61.40499877929688;61.52000045776367;54169;2020-09-14 15:30:00-04:00
61.90999984741211;62.310001373291016;61.65999984741211;62.02000045776367;9440;2020-09-15 09:30:00-04:00
62.01499938964844;62.459999084472656;61.84999847412109;62.43000030517578;24690;2020-09-15 10:30:00-04:00
62.43000030517578;62.560001373291016;62.11000061035156;62.15999984741211;13927;2020-09-15 11:30:00-04:00
62.165000915527344;62.165000915527344;61.83000183105469;61.900001525878906;32241;2020-09-15 12:30:00-04:00
61.900001525878906;61.900001525878906;61.54999923706055;61.755001068115234;15122;2020-09-15 13:30:00-04:00
61.78499984741211;61.88999938964844;61.7400016784668;61.86000061035156;20394;2020-09-15 14:30:00-04:00
61.83000183105469;61.93000030517578;61.560001373291016;61.91999816894531;52183;2020-09-15 15:30:00-04:00
62.41999816894531;63.619998931884766;62.07640075683594;63.540000915527344;25461;2020-09-16 09:30:00-04:00
63.525001525878906;63.720001220703125;62.9900016784668;63.66999816894531;31503;2020-09-16 10:30:00-04:00
63.619998931884766;63.619998931884766;63.11000061035156;63.20000076293945;14669;2020-09-16 11:30:00-04:00
63.209999084472656;63.44499969482422;63.13999938964844;63.209999084472656;17424;2020-09-16 12:30:00-04:00
63.200801849365234;63.72999954223633;63.200801849365234;63.4900016784668;18259;2020-09-16 13:30:00-04:00
63.5099983215332;63.880001068115234;62.790000915527344;62.799800872802734;22452;2020-09-16 14:30:00-04:00
62.84000015258789;62.970001220703125;62.43000030517578;62.52000045776367;57824;2020-09-16 15:30:00-04:00
61.58000183105469;62.040000915527344;61.20000076293945;61.988399505615234;13546;2020-09-17 09:30:00-04:00
62.03499984741211;62.27999877929688;61.970001220703125;62.13999938964844;10353;2020-09-17 10:30:00-04:00
62.15499877929688;62.16059875488281;61.47999954223633;61.59999847412109;12954;2020-09-17 11:30:00-04:00
61.619998931884766;61.959999084472656;61.619998931884766;61.84999847412109;10090;2020-09-17 12:30:00-04:00
61.810001373291016;62.18999862670898;61.810001373291016;61.880001068115234;17808;2020-09-17 13:30:00-04:00
61.84999847412109;62.060001373291016;61.685001373291016;61.77000045776367;24866;2020-09-17 14:30:00-04:00
61.78499984741211;62.15999984741211;61.70000076293945;62.08000183105469;75227;2020-09-17 15:30:00-04:00
62.619998931884766;62.762298583984375;61.84000015258789;62.2400016784668;67592;2020-09-18 09:30:00-04:00
62.2599983215332;62.2599983215332;62.07500076293945;62.09000015258789;7477;2020-09-18 10:30:00-04:00
62.02000045776367;62.02000045776367;61.18999862670898;61.2599983215332;18968;2020-09-18 11:30:00-04:00
61.2400016784668;61.2599983215332;60.77999877929688;60.77999877929688;19659;2020-09-18 12:30:00-04:00
60.66999816894531;61.0;60.560001373291016;60.95000076293945;14978;2020-09-18 13:30:00-04:00
60.95500183105469;61.220001220703125;60.7599983215332;61.209999084472656;27107;2020-09-18 14:30:00-04:00
61.220001220703125;61.5099983215332;61.08000183105469;61.150001525878906;54497;2020-09-18 15:30:00-04:00
59.54999923706055;59.59999847412109;57.7400016784668;57.875;36536;2020-09-21 09:30:00-04:00
57.84000015258789;58.47999954223633;57.58000183105469;58.20000076293945;26522;2020-09-21 10:30:00-04:00
58.380001068115234;58.66999816894531;58.06999969482422;58.4900016784668;18858;2020-09-21 11:30:00-04:00
58.27000045776367;58.40999984741211;58.02000045776367;58.32500076293945;23438;2020-09-21 12:30:00-04:00
58.380001068115234;58.5;58.11000061035156;58.5;14542;2020-09-21 13:30:00-04:00
58.4900016784668;59.16999816894531;58.369998931884766;59.150001525878906;20942;2020-09-21 14:30:00-04:00
59.220001220703125;59.369998931884766;59.09999847412109;59.29999923706055;37485;2020-09-21 15:30:00-04:00
59.790000915527344;60.09000015258789;58.65999984741211;59.65999984741211;18486;2020-09-22 09:30:00-04:00
59.709999084472656;59.77999877929688;59.209999084472656;59.220001220703125;17278;2020-09-22 10:30:00-04:00
59.220001220703125;59.58000183105469;58.95000076293945;59.47999954223633;16951;2020-09-22 11:30:00-04:00
59.47999954223633;59.5;59.060001373291016;59.290000915527344;13692;2020-09-22 12:30:00-04:00
59.290000915527344;59.93999862670898;59.290000915527344;59.84000015258789;14126;2020-09-22 13:30:00-04:00
59.86000061035156;60.040000915527344;59.77000045776367;60.02999877929688;17576;2020-09-22 14:30:00-04:00
60.005001068115234;60.16999816894531;59.93000030517578;60.130001068115234;29776;2020-09-22 15:30:00-04:00
60.31999969482422;60.63999938964844;59.40999984741211;59.44499969482422;13938;2020-09-23 09:30:00-04:00
59.435001373291016;59.55500030517578;59.09999847412109;59.185001373291016;17496;2020-09-23 10:30:00-04:00
59.18999862670898;59.310001373291016;58.93000030517578;59.02999877929688;13594;2020-09-23 11:30:00-04:00
58.9900016784668;59.2400016784668;58.90999984741211;58.93999862670898;19121;2020-09-23 12:30:00-04:00
58.90999984741211;59.08000183105469;58.20000076293945;58.31999969482422;15738;2020-09-23 13:30:00-04:00
58.33000183105469;58.33000183105469;57.790000915527344;58.02000045776367;21028;2020-09-23 14:30:00-04:00
58.08000183105469;58.15999984741211;57.595001220703125;57.65999984741211;48856;2020-09-23 15:30:00-04:00
57.54999923706055;58.560001373291016;56.90999984741211;58.40999984741211;20022;2020-09-24 09:30:00-04:00
58.40999984741211;58.84000015258789;58.31999969482422;58.79999923706055;22048;2020-09-24 10:30:00-04:00
58.77999877929688;59.09000015258789;58.68999862670898;58.90999984741211;9361;2020-09-24 11:30:00-04:00
58.90999984741211;59.560001373291016;58.70000076293945;59.5099983215332;10842;2020-09-24 12:30:00-04:00
59.59000015258789;59.59999847412109;58.84999847412109;58.86000061035156;12251;2020-09-24 13:30:00-04:00
58.84000015258789;58.95000076293945;58.28499984741211;58.34999847412109;17651;2020-09-24 14:30:00-04:00
58.33000183105469;58.56999969482422;58.20500183105469;58.459999084472656;42092;2020-09-24 15:30:00-04:00
58.0099983215332;58.709999084472656;58.0099983215332;58.540000915527344;7974;2020-09-25 09:30:00-04:00
58.43999862670898;58.68999862670898;58.244998931884766;58.56999969482422;13391;2020-09-25 10:30:00-04:00
58.60499954223633;58.68000030517578;58.2400016784668;58.38999938964844;10281;2020-09-25 11:30:00-04:00
58.369998931884766;58.81999969482422;58.369998931884766;58.72999954223633;7320;2020-09-25 12:30:00-04:00
58.75;58.959999084472656;58.709999084472656;58.880001068115234;10883;2020-09-25 13:30:00-04:00
58.83000183105469;59.16999816894531;58.720001220703125;59.09000015258789;13237;2020-09-25 14:30:00-04:00
59.10499954223633;59.10499954223633;58.709999084472656;58.84000015258789;44844;2020-09-25 15:30:00-04:00
59.56999969482422;60.43000030517578;59.290000915527344;60.38999938964844;16617;2020-09-28 09:30:00-04:00
60.32500076293945;61.2400016784668;60.32500076293945;60.91999816894531;19247;2020-09-28 10:30:00-04:00
60.90999984741211;60.91999816894531;60.130001068115234;60.20000076293945;54454;2020-09-28 11:30:00-04:00
60.22999954223633;60.470001220703125;60.0099983215332;60.02000045776367;11162;2020-09-28 12:30:00-04:00
60.02000045776367;60.435001373291016;60.0;60.290000915527344;12340;2020-09-28 13:30:00-04:00
60.40999984741211;60.41999816894531;60.25;60.38999938964844;13716;2020-09-28 14:30:00-04:00
60.380001068115234;60.56999969482422;60.2400016784668;60.290000915527344;39356;2020-09-28 15:30:00-04:00
60.27999877929688;60.38999938964844;59.34999847412109;59.34999847412109;17012;2020-09-29 09:30:00-04:00
59.185001373291016;59.40999984741211;58.54999923706055;58.869998931884766;20230;2020-09-29 10:30:00-04:00
58.803001403808594;59.040000915527344;58.43999862670898;59.040000915527344;26071;2020-09-29 11:30:00-04:00
59.04999923706055;59.130001068115234;58.81999969482422;59.09999847412109;19701;2020-09-29 12:30:00-04:00
59.09000015258789;59.369998931884766;58.959999084472656;59.31999969482422;20603;2020-09-29 13:30:00-04:00
59.400001525878906;59.5;59.220001220703125;59.34999847412109;26648;2020-09-29 14:30:00-04:00
59.34000015258789;59.34999847412109;58.93999862670898;58.970001220703125;66669;2020-09-29 15:30:00-04:00
59.060001373291016;60.619998931884766;59.060001373291016;59.9900016784668;16273;2020-09-30 09:30:00-04:00
60.0;60.36000061035156;59.81999969482422;59.85499954223633;14799;2020-09-30 10:30:00-04:00
59.77999877929688;60.33000183105469;59.7400016784668;60.18000030517578;15435;2020-09-30 11:30:00-04:00
60.18000030517578;60.27000045776367;59.869998931884766;59.93000030517578;12306;2020-09-30 12:30:00-04:00
59.900001525878906;60.40999984741211;59.77999877929688;59.83000183105469;17992;2020-09-30 13:30:00-04:00
59.81999969482422;59.9900016784668;58.88999938964844;59.22999954223633;21337;2020-09-30 14:30:00-04:00
59.06999969482422;59.47999954223633;59.02000045776367;59.31999969482422;65635;2020-09-30 15:30:00-04:00
59.4900016784668;60.43000030517578;58.84000015258789;59.16999816894531;33920;2020-10-01 09:30:00-04:00
59.165000915527344;59.70500183105469;59.165000915527344;59.40999984741211;31308;2020-10-01 10:30:00-04:00
59.40999984741211;59.61000061035156;59.13999938964844;59.595001220703125;22326;2020-10-01 11:30:00-04:00
59.64500045776367;59.7599983215332;59.41070175170898;59.625;18175;2020-10-01 12:30:00-04:00
59.630001068115234;59.720001220703125;58.97999954223633;59.5099983215332;28225;2020-10-01 13:30:00-04:00
59.5;59.709999084472656;59.47999954223633;59.54999923706055;22909;2020-10-01 14:30:00-04:00
59.4900016784668;59.66999816894531;59.34000015258789;59.66999816894531;41094;2020-10-01 15:30:00-04:00
58.65999984741211;60.0099983215332;58.65999984741211;59.77000045776367;18652;2020-10-02 09:30:00-04:00
59.81999969482422;60.29999923706055;59.720001220703125;60.23500061035156;14413;2020-10-02 10:30:00-04:00
60.27000045776367;60.7599983215332;59.900001525878906;60.709999084472656;14647;2020-10-02 11:30:00-04:00
60.61000061035156;61.18000030517578;60.61000061035156;60.96500015258789;17089;2020-10-02 12:30:00-04:00
60.84999847412109;61.0;60.494998931884766;60.91999816894531;14056;2020-10-02 13:30:00-04:00
60.72999954223633;60.9900016784668;60.540000915527344;60.9900016784668;29989;2020-10-02 14:30:00-04:00
60.97999954223633;61.025001525878906;60.560001373291016;60.61000061035156;34683;2020-10-02 15:30:00-04:00
61.02000045776367;61.77000045776367;61.02000045776367;61.52000045776367;16517;2020-10-05 09:30:00-04:00
61.41999816894531;61.65999984741211;61.2599983215332;61.43999862670898;12405;2020-10-05 10:30:00-04:00
61.56999969482422;61.810001373291016;61.2599983215332;61.720001220703125;13233;2020-10-05 11:30:00-04:00
61.720001220703125;61.91999816894531;61.65999984741211;61.720001220703125;13286;2020-10-05 12:30:00-04:00
61.68000030517578;61.720001220703125;61.31499862670898;61.68000030517578;15975;2020-10-05 13:30:00-04:00
61.66999816894531;62.09999847412109;61.66999816894531;62.040000915527344;18848;2020-10-05 14:30:00-04:00
62.0;62.04999923706055;61.88999938964844;61.97999954223633;27499;2020-10-05 15:30:00-04:00
62.70000076293945;62.84000015258789;61.84000015258789;62.310001373291016;15369;2020-10-06 09:30:00-04:00
62.540000915527344;62.72999954223633;62.31999969482422;62.72999954223633;14273;2020-10-06 10:30:00-04:00
62.72999954223633;62.72999954223633;62.34000015258789;62.630001068115234;8670;2020-10-06 11:30:00-04:00
62.7400016784668;63.380001068115234;62.58000183105469;63.380001068115234;10618;2020-10-06 12:30:00-04:00
63.38999938964844;63.720001220703125;63.31999969482422;63.470001220703125;19029;2020-10-06 13:30:00-04:00
63.41999816894531;63.75;61.90999984741211;62.165000915527344;28381;2020-10-06 14:30:00-04:00
62.27999877929688;62.75;61.970001220703125;61.970001220703125;46232;2020-10-06 15:30:00-04:00
62.59999847412109;63.68000030517578;62.290000915527344;63.56499862670898;16765;2020-10-07 09:30:00-04:00
63.41999816894531;63.93999862670898;63.27000045776367;63.7599983215332;24164;2020-10-07 10:30:00-04:00
63.81999969482422;64.29000091552734;63.75;64.02999877929688;70975;2020-10-07 11:30:00-04:00
64.08000183105469;64.44000244140625;63.869998931884766;63.97999954223633;20875;2020-10-07 12:30:00-04:00
63.959999084472656;64.4800033569336;63.83000183105469;64.38999938964844;21546;2020-10-07 13:30:00-04:00
64.41999816894531;64.5999984741211;64.32440185546875;64.4000015258789;28501;2020-10-07 14:30:00-04:00
64.38999938964844;64.38999938964844;64.02999877929688;64.05999755859375;63593;2020-10-07 15:30:00-04:00
64.61000061035156;65.41000366210938;64.12999725341797;65.2699966430664;19457;2020-10-08 09:30:00-04:00
65.30999755859375;65.75;65.08999633789062;65.08999633789062;25266;2020-10-08 10:30:00-04:00
64.95999908447266;65.16000366210938;64.69999694824219;64.95999908447266;14794;2020-10-08 11:30:00-04:00
65.08000183105469;65.08000183105469;64.77999877929688;64.97000122070312;14758;2020-10-08 12:30:00-04:00
64.98999786376953;65.48999786376953;64.98999786376953;65.41999816894531;20041;2020-10-08 13:30:00-04:00
65.40499877929688;65.40499877929688;64.99500274658203;65.20999908447266;20620;2020-10-08 14:30:00-04:00
65.2699966430664;65.41999816894531;65.16999816894531;65.38999938964844;49361;2020-10-08 15:30:00-04:00
66.12999725341797;66.12999725341797;65.51000213623047;65.51000213623047;6782;2020-10-09 09:30:00-04:00
65.45999908447266;65.6050033569336;65.04000091552734;65.1500015258789;12488;2020-10-09 10:30:00-04:00
65.12000274658203;66.18000030517578;65.05000305175781;66.07499694824219;16867;2020-10-09 11:30:00-04:00
66.06999969482422;66.33000183105469;65.86100006103516;66.01000213623047;16672;2020-10-09 12:30:00-04:00
66.01000213623047;66.12000274658203;65.88999938964844;65.93000030517578;10339;2020-10-09 13:30:00-04:00
65.93000030517578;65.9800033569336;65.7300033569336;65.79000091552734;12031;2020-10-09 14:30:00-04:00
65.7300033569336;65.80000305175781;65.58000183105469;65.80000305175781;40492;2020-10-09 15:30:00-04:00
65.94999694824219;66.77999877929688;65.87999725341797;66.62000274658203;12032;2020-10-12 09:30:00-04:00
66.81999969482422;67.43000030517578;66.76000213623047;67.29000091552734;16553;2020-10-12 10:30:00-04:00
67.2490005493164;67.30999755859375;66.97000122070312;66.9800033569336;22877;2020-10-12 11:30:00-04:00
66.95999908447266;67.01000213623047;66.69000244140625;66.96900177001953;9057;2020-10-12 12:30:00-04:00
66.98999786376953;67.06999969482422;66.77999877929688;67.0;11230;2020-10-12 13:30:00-04:00
67.0199966430664;67.5;66.94999694824219;67.4800033569336;22392;2020-10-12 14:30:00-04:00
67.4739990234375;67.5199966430664;66.95999908447266;67.12000274658203;37169;2020-10-12 15:30:00-04:00
66.19000244140625;67.11000061035156;66.19000244140625;66.44000244140625;11555;2020-10-13 09:30:00-04:00
66.55999755859375;66.77999877929688;66.37000274658203;66.77999877929688;14970;2020-10-13 10:30:00-04:00
66.81999969482422;66.98999786376953;66.56999969482422;66.98999786376953;9067;2020-10-13 11:30:00-04:00
66.94999694824219;67.12000274658203;66.81999969482422;67.04000091552734;12746;2020-10-13 12:30:00-04:00
67.12000274658203;67.5;66.83000183105469;67.41999816894531;21678;2020-10-13 13:30:00-04:00
67.41999816894531;67.86000061035156;67.33999633789062;67.63999938964844;35496;2020-10-13 14:30:00-04:00
67.6500015258789;67.70999908447266;67.51000213623047;67.68000030517578;59202;2020-10-13 15:30:00-04:00
67.88999938964844;69.05000305175781;67.88999938964844;68.45999908447266;15699;2020-10-14 09:30:00-04:00
68.0999984741211;68.36000061035156;68.08000183105469;68.30000305175781;15827;2020-10-14 10:30:00-04:00
68.2699966430664;68.5199966430664;67.94000244140625;68.22000122070312;22985;2020-10-14 11:30:00-04:00
68.25;68.31999969482422;68.0999984741211;68.23500061035156;10700;2020-10-14 12:30:00-04:00
68.19000244140625;68.52999877929688;68.1624984741211;68.33000183105469;19309;2020-10-14 13:30:00-04:00
68.37000274658203;69.05999755859375;68.33000183105469;68.92500305175781;29741;2020-10-14 14:30:00-04:00
68.91500091552734;69.18000030517578;68.44000244140625;68.45999908447266;73340;2020-10-14 15:30:00-04:00
67.4800033569336;68.2699966430664;67.11000061035156;67.95999908447266;20692;2020-10-15 09:30:00-04:00
68.08000183105469;68.43499755859375;67.94999694824219;68.41000366210938;12831;2020-10-15 10:30:00-04:00
68.44000244140625;68.77999877929688;68.3949966430664;68.56999969482422;19066;2020-10-15 11:30:00-04:00
68.44999694824219;69.29000091552734;68.43000030517578;69.2699966430664;15287;2020-10-15 12:30:00-04:00
69.05999755859375;69.5199966430664;69.05000305175781;69.46499633789062;17988;2020-10-15 13:30:00-04:00
69.43000030517578;69.68000030517578;69.2249984741211;69.61000061035156;22162;2020-10-15 14:30:00-04:00
69.61000061035156;69.83999633789062;69.37000274658203;69.63999938964844;53108;2020-10-15 15:30:00-04:00
69.48999786376953;71.05000305175781;69.48999786376953;70.91000366210938;42247;2020-10-16 09:30:00-04:00
70.86000061035156;70.98999786376953;70.27999877929688;70.33000183105469;25474;2020-10-16 10:30:00-04:00
70.4000015258789;70.66000366210938;70.4000015258789;70.53500366210938;24084;2020-10-16 11:30:00-04:00
70.51000213623047;70.55000305175781;70.0;70.55000305175781;16135;2020-10-16 12:30:00-04:00
70.54000091552734;70.875;70.41000366210938;70.47000122070312;30217;2020-10-16 13:30:00-04:00
70.4749984741211;70.61499786376953;70.13999938964844;70.20999908447266;21080;2020-10-16 14:30:00-04:00
70.22000122070312;70.33000183105469;70.05999755859375;70.1500015258789;64145;2020-10-16 15:30:00-04:00
70.61000061035156;71.38999938964844;70.3499984741211;71.2249984741211;19475;2020-10-19 09:30:00-04:00
71.25;71.47000122070312;70.72000122070312;70.76000213623047;60604;2020-10-19 10:30:00-04:00
70.7300033569336;70.7300033569336;70.30500030517578;70.36000061035156;15474;2020-10-19 11:30:00-04:00
70.30999755859375;70.4800033569336;70.16000366210938;70.2300033569336;26016;2020-10-19 12:30:00-04:00
70.1500015258789;70.36000061035156;69.86000061035156;70.05000305175781;20724;2020-10-19 13:30:00-04:00
70.01000213623047;70.01000213623047;69.56999969482422;69.98999786376953;34986;2020-10-19 14:30:00-04:00
70.00499725341797;70.06999969482422;69.56999969482422;69.81999969482422;64967;2020-10-19 15:30:00-04:00
70.54000091552734;71.19000244140625;70.30000305175781;70.73999786376953;26617;2020-10-20 09:30:00-04:00
70.68000030517578;71.01000213623047;70.0;70.15499877929688;16907;2020-10-20 10:30:00-04:00
70.13999938964844;70.29000091552734;70.01000213623047;70.11000061035156;23164;2020-10-20 11:30:00-04:00
70.05999755859375;70.83999633789062;70.04499816894531;70.76000213623047;10910;2020-10-20 12:30:00-04:00
70.66999816894531;70.69000244140625;70.26000213623047;70.26000213623047;11982;2020-10-20 13:30:00-04:00
70.29000091552734;70.91999816894531;70.29000091552734;70.91999816894531;55410;2020-10-20 14:30:00-04:00
70.91999816894531;70.95999908447266;70.40129852294922;70.44999694824219;55417;2020-10-20 15:30:00-04:00
70.33000183105469;71.25;70.04000091552734;70.86499786376953;21297;2020-10-21 09:30:00-04:00
70.93000030517578;70.93000030517578;69.45999908447266;69.7699966430664;25332;2020-10-21 10:30:00-04:00
69.7699966430664;70.0;69.33000183105469;69.69999694824219;23393;2020-10-21 11:30:00-04:00
69.69000244140625;70.0;69.66000366210938;69.8499984741211;16570;2020-10-21 12:30:00-04:00
69.91500091552734;70.05999755859375;69.69000244140625;70.05999755859375;16988;2020-10-21 13:30:00-04:00
70.06999969482422;70.29000091552734;69.87999725341797;70.17500305175781;18139;2020-10-21 14:30:00-04:00
70.18499755859375;70.19999694824219;69.54000091552734;69.91000366210938;41439;2020-10-21 15:30:00-04:00
70.43000030517578;71.23999786376953;70.29000091552734;70.37000274658203;19847;2020-10-22 09:30:00-04:00
70.32250213623047;71.30000305175781;70.16000366210938;71.0199966430664;18239;2020-10-22 10:30:00-04:00
70.91000366210938;71.04000091552734;70.6500015258789;70.80000305175781;21348;2020-10-22 11:30:00-04:00
70.79000091552734;71.27999877929688;70.77999877929688;71.17500305175781;8187;2020-10-22 12:30:00-04:00
71.20999908447266;71.4000015258789;71.08000183105469;71.33000183105469;11606;2020-10-22 13:30:00-04:00
71.22000122070312;71.44000244140625;71.16000366210938;71.4000015258789;12883;2020-10-22 14:30:00-04:00
71.44000244140625;71.56999969482422;71.08999633789062;71.2699966430664;43724;2020-10-22 15:30:00-04:00
71.81999969482422;71.81999969482422;70.77999877929688;70.87000274658203;11293;2020-10-23 09:30:00-04:00
70.95999908447266;71.51000213623047;70.72000122070312;71.51000213623047;16478;2020-10-23 10:30:00-04:00
71.38999938964844;71.48999786376953;71.16999816894531;71.3550033569336;10614;2020-10-23 11:30:00-04:00
71.4000015258789;72.25;71.4000015258789;72.1500015258789;17201;2020-10-23 12:30:00-04:00
72.11000061035156;72.61000061035156;71.98500061035156;72.5199966430664;32875;2020-10-23 13:30:00-04:00
72.58999633789062;72.62000274658203;72.2300033569336;72.30500030517578;50798;2020-10-23 14:30:00-04:00
72.30999755859375;72.55999755859375;72.19999694824219;72.25;146540;2020-10-23 15:30:00-04:00
70.95999908447266;71.2499008178711;69.0999984741211;70.50499725341797;73853;2020-10-26 09:30:00-04:00
70.38999938964844;70.77999877929688;70.08999633789062;70.56999969482422;43695;2020-10-26 10:30:00-04:00
70.48999786376953;70.93990325927734;70.31999969482422;70.7300033569336;39270;2020-10-26 11:30:00-04:00
70.7300033569336;70.7300033569336;70.30000305175781;70.51000213623047;26725;2020-10-26 12:30:00-04:00
70.45999908447266;70.54000091552734;70.2970962524414;70.41500091552734;36274;2020-10-26 13:30:00-04:00
70.36000061035156;71.48999786376953;70.36000061035156;71.24500274658203;62004;2020-10-26 14:30:00-04:00
71.31999969482422;71.58000183105469;70.31500244140625;70.55999755859375;149060;2020-10-26 15:30:00-04:00
66.80000305175781;71.55999755859375;64.5999984741211;67.19000244140625;160015;2020-10-27 09:30:00-04:00
67.20999908447266;67.87000274658203;64.80000305175781;67.44999694824219;140833;2020-10-27 10:30:00-04:00
67.44999694824219;67.86000061035156;66.80999755859375;67.55000305175781;41657;2020-10-27 11:30:00-04:00
67.62000274658203;68.62999725341797;67.5999984741211;68.51000213623047;36243;2020-10-27 12:30:00-04:00
68.45999908447266;69.30000305175781;68.19999694824219;69.23500061035156;85891;2020-10-27 13:30:00-04:00
69.2300033569336;70.12999725341797;69.04000091552734;70.0;101433;2020-10-27 14:30:00-04:00
69.94999694824219;70.2249984741211;69.94000244140625;70.0;101280;2020-10-27 15:30:00-04:00
68.37000274658203;70.41999816894531;68.1500015258789;69.80999755859375;64121;2020-10-28 09:30:00-04:00
69.93000030517578;70.23999786376953;69.83499908447266;70.0;46139;2020-10-28 10:30:00-04:00
69.94999694824219;70.41000366210938;69.839599609375;69.98999786376953;40027;2020-10-28 11:30:00-04:00
70.05999755859375;70.18000030517578;69.93499755859375;70.18000030517578;52241;2020-10-28 12:30:00-04:00
70.1500015258789;71.02999877929688;70.11000061035156;71.02999877929688;24083;2020-10-28 13:30:00-04:00
71.04000091552734;71.69000244140625;70.75;70.94999694824219;74008;2020-10-28 14:30:00-04:00
71.0;71.0;70.41000366210938;70.52999877929688;78179;2020-10-28 15:30:00-04:00
70.4000015258789;72.16999816894531;70.0;71.8499984741211;39334;2020-10-29 09:30:00-04:00
71.87000274658203;72.12000274658203;71.23999786376953;71.81999969482422;43047;2020-10-29 10:30:00-04:00
71.83999633789062;71.83999633789062;71.01180267333984;71.02999877929688;57322;2020-10-29 11:30:00-04:00
71.05000305175781;71.13999938964844;69.79000091552734;70.22000122070312;49730;2020-10-29 12:30:00-04:00
70.22000122070312;71.06999969482422;70.0199966430664;70.97000122070312;33815;2020-10-29 13:30:00-04:00
70.95999908447266;71.05000305175781;70.30999755859375;70.83999633789062;85155;2020-10-29 14:30:00-04:00
70.9000015258789;71.05000305175781;70.56999969482422;70.62999725341797;84255;2020-10-29 15:30:00-04:00
70.11000061035156;70.48999786376953;69.04000091552734;69.1500015258789;25971;2020-10-30 09:30:00-04:00
69.19999694824219;69.95999908447266;69.0199966430664;69.80999755859375;29565;2020-10-30 10:30:00-04:00
69.83499908447266;70.08999633789062;69.47000122070312;70.0250015258789;30134;2020-10-30 11:30:00-04:00
69.95999908447266;69.98999786376953;69.64299774169922;69.80500030517578;20056;2020-10-30 12:30:00-04:00
69.76000213623047;69.76000213623047;68.55000305175781;68.62999725341797;22198;2020-10-30 13:30:00-04:00
68.46800231933594;68.81500244140625;68.30000305175781;68.44999694824219;39064;2020-10-30 14:30:00-04:00
68.48500061035156;68.9800033569336;68.1500015258789;68.95999908447266;88367;2020-10-30 15:30:00-04:00
69.87999725341797;70.86000061035156;69.66000366210938;70.62999725341797;74529;2020-11-02 09:30:00-05:00
70.69000244140625;70.7699966430664;70.2300033569336;70.69000244140625;37730;2020-11-02 10:30:00-05:00
70.55999755859375;70.69999694824219;70.50499725341797;70.58999633789062;11003;2020-11-02 11:30:00-05:00
70.66500091552734;70.66999816894531;69.31500244140625;69.54499816894531;15896;2020-11-02 12:30:00-05:00
69.55000305175781;70.05000305175781;69.27999877929688;70.05000305175781;32223;2020-11-02 13:30:00-05:00
70.0;70.22000122070312;69.75499725341797;69.81999969482422;18894;2020-11-02 14:30:00-05:00
69.94000244140625;70.20999908447266;69.76000213623047;69.95999908447266;73760;2020-11-02 15:30:00-05:00
71.38999938964844;71.38999938964844;70.0199966430664;70.83999633789062;110697;2020-11-03 09:30:00-05:00
70.77999877929688;71.25;70.77999877929688;71.12000274658203;50161;2020-11-03 10:30:00-05:00
71.0999984741211;71.16999816894531;70.41999816894531;70.47000122070312;30078;2020-11-03 11:30:00-05:00
70.44499969482422;71.08000183105469;70.44499969482422;70.91999816894531;16688;2020-11-03 12:30:00-05:00
70.97000122070312;71.25;70.69999694824219;71.08999633789062;20967;2020-11-03 13:30:00-05:00
71.06999969482422;71.34500122070312;70.76000213623047;71.30000305175781;104273;2020-11-03 14:30:00-05:00
71.30000305175781;71.41999816894531;71.04000091552734;71.08999633789062;113179;2020-11-03 15:30:00-05:00
70.19999694824219;72.39399719238281;69.66999816894531;71.4000015258789;47018;2020-11-04 09:30:00-05:00
71.58999633789062;72.01499938964844;71.19999694824219;71.87000274658203;31061;2020-11-04 10:30:00-05:00
71.94000244140625;72.48500061035156;71.79000091552734;72.02999877929688;63571;2020-11-04 11:30:00-05:00
72.01000213623047;72.13999938964844;71.62999725341797;71.68000030517578;22707;2020-11-04 12:30:00-05:00
71.7300033569336;72.0;71.62000274658203;71.9000015258789;45412;2020-11-04 13:30:00-05:00
71.91999816894531;72.04499816894531;71.50499725341797;71.58000183105469;41602;2020-11-04 14:30:00-05:00
71.5250015258789;72.08000183105469;71.4000015258789;71.91000366210938;141244;2020-11-04 15:30:00-05:00
72.62999725341797;74.91500091552734;72.62999725341797;74.91500091552734;79845;2020-11-05 09:30:00-05:00
74.83999633789062;75.5199966430664;74.83000183105469;75.0;30790;2020-11-05 10:30:00-05:00
75.01000213623047;75.02999877929688;74.3499984741211;74.66000366210938;46490;2020-11-05 11:30:00-05:00
74.73999786376953;74.83000183105469;74.36990356445312;74.75;43339;2020-11-05 12:30:00-05:00
74.75;75.27999877929688;74.70999908447266;75.0199966430664;18034;2020-11-05 13:30:00-05:00
74.93000030517578;75.61000061035156;74.91500091552734;75.26000213623047;34559;2020-11-05 14:30:00-05:00
75.30999755859375;75.3499984741211;74.87840270996094;75.23999786376953;96459;2020-11-05 15:30:00-05:00
75.4000015258789;75.4000015258789;74.7699966430664;75.25;10665;2020-11-06 09:30:00-05:00
75.02999877929688;75.22000122070312;74.76499938964844;74.91999816894531;16412;2020-11-06 10:30:00-05:00
74.87999725341797;75.01000213623047;74.66999816894531;74.82499694824219;12021;2020-11-06 11:30:00-05:00
74.8499984741211;74.8499984741211;74.48999786376953;74.58999633789062;13433;2020-11-06 12:30:00-05:00
74.69999694824219;74.69999694824219;74.47000122070312;74.6449966430664;9073;2020-11-06 13:30:00-05:00
74.63999938964844;74.63999938964844;73.94499969482422;74.13500213623047;15147;2020-11-06 14:30:00-05:00
74.20999908447266;74.55000305175781;74.20999908447266;74.41999816894531;58325;2020-11-06 15:30:00-05:00
77.25;80.16000366210938;77.25;78.86000061035156;94916;2020-11-09 09:30:00-05:00
78.61000061035156;78.94499969482422;77.97000122070312;78.79000091552734;41728;2020-11-09 10:30:00-05:00
78.80999755859375;78.91999816894531;77.7300033569336;78.41000366210938;32272;2020-11-09 11:30:00-05:00
78.36000061035156;79.125;78.19000244140625;78.94000244140625;43476;2020-11-09 12:30:00-05:00
78.91999816894531;79.0999984741211;78.16000366210938;78.37000274658203;44152;2020-11-09 13:30:00-05:00
78.37000274658203;78.80500030517578;77.37000274658203;77.37000274658203;40637;2020-11-09 14:30:00-05:00
77.52999877929688;77.56999969482422;76.37999725341797;76.44999694824219;95163;2020-11-09 15:30:00-05:00
76.73999786376953;77.20999908447266;75.58000183105469;76.25;31657;2020-11-10 09:30:00-05:00
76.26000213623047;76.26000213623047;74.88999938964844;76.08000183105469;38558;2020-11-10 10:30:00-05:00
76.08999633789062;76.44999694824219;75.38999938964844;75.94000244140625;36128;2020-11-10 11:30:00-05:00
75.93000030517578;76.18000030517578;75.31999969482422;75.375;32609;2020-11-10 12:30:00-05:00
75.375;75.83999633789062;75.0199966430664;75.0199966430664;34594;2020-11-10 13:30:00-05:00
75.0199966430664;75.66999816894531;75.0199966430664;75.12999725341797;38545;2020-11-10 14:30:00-05:00
75.0999984741211;75.44000244140625;75.05000305175781;75.16000366210938;65103;2020-11-10 15:30:00-05:00
75.54000091552734;75.54000091552734;73.52999877929688;74.11000061035156;38909;2020-11-11 09:30:00-05:00
74.11000061035156;74.76000213623047;73.95999908447266;74.11000061035156;19558;2020-11-11 10:30:00-05:00
74.11000061035156;74.69000244140625;74.11000061035156;74.37999725341797;18318;2020-11-11 11:30:00-05:00
74.37999725341797;74.86000061035156;74.30999755859375;74.83000183105469;17473;2020-11-11 12:30:00-05:00
74.70999908447266;74.83000183105469;74.5;74.69999694824219;19060;2020-11-11 13:30:00-05:00
74.69499969482422;74.79000091552734;74.23999786376953;74.41000366210938;24482;2020-11-11 14:30:00-05:00
74.41000366210938;74.98999786376953;74.38999938964844;74.87999725341797;52989;2020-11-11 15:30:00-05:00
74.5;74.83999633789062;73.66999816894531;73.66999816894531;40919;2020-11-12 09:30:00-05:00
73.69000244140625;74.59100341796875;73.62999725341797;74.41999816894531;15803;2020-11-12 10:30:00-05:00
74.41000366210938;74.5999984741211;74.08999633789062;74.33999633789062;16204;2020-11-12 11:30:00-05:00
74.16000366210938;74.16000366210938;73.16000366210938;73.62000274658203;22288;2020-11-12 12:30:00-05:00
73.9000015258789;74.18000030517578;73.76000213623047;73.8499984741211;15684;2020-11-12 13:30:00-05:00
73.88999938964844;74.08999633789062;73.46499633789062;73.83999633789062;17419;2020-11-12 14:30:00-05:00
73.81999969482422;74.08000183105469;73.58000183105469;74.08000183105469;38763;2020-11-12 15:30:00-05:00
74.75;75.44000244140625;74.56999969482422;75.0199966430664;18084;2020-11-13 09:30:00-05:00
74.97000122070312;75.0;74.33999633789062;74.81999969482422;21924;2020-11-13 10:30:00-05:00
74.66000366210938;74.69999694824219;74.19499969482422;74.19999694824219;13962;2020-11-13 11:30:00-05:00
74.23999786376953;74.57499694824219;74.23999786376953;74.41000366210938;16586;2020-11-13 12:30:00-05:00
74.41999816894531;74.87000274658203;74.19999694824219;74.69999694824219;20901;2020-11-13 13:30:00-05:00
74.7699966430664;75.18000030517578;74.7699966430664;75.04000091552734;26570;2020-11-13 14:30:00-05:00
75.04000091552734;75.36000061035156;74.94000244140625;74.94000244140625;50594;2020-11-13 15:30:00-05:00
76.13999938964844;76.13999938964844;74.3550033569336;75.16000366210938;51890;2020-11-16 09:30:00-05:00
75.43000030517578;76.0;75.43000030517578;75.98500061035156;18136;2020-11-16 10:30:00-05:00
75.88999938964844;76.2699966430664;75.87000274658203;76.04000091552734;11070;2020-11-16 11:30:00-05:00
75.73999786376953;75.95999908447266;75.44000244140625;75.44000244140625;10290;2020-11-16 12:30:00-05:00
75.44999694824219;75.68499755859375;75.38999938964844;75.5;9523;2020-11-16 13:30:00-05:00
75.51000213623047;75.58499908447266;75.16000366210938;75.44999694824219;17282;2020-11-16 14:30:00-05:00
75.44999694824219;75.94999694824219;75.36000061035156;75.9000015258789;70074;2020-11-16 15:30:00-05:00
74.9800033569336;74.9800033569336;73.11000061035156;73.75;35597;2020-11-17 09:30:00-05:00
73.82499694824219;74.11000061035156;73.37999725341797;73.88999938964844;20772;2020-11-17 10:30:00-05:00
73.9800033569336;74.87000274658203;73.87000274658203;74.56999969482422;24048;2020-11-17 11:30:00-05:00
74.61000061035156;75.06999969482422;74.4800033569336;75.05999755859375;20428;2020-11-17 12:30:00-05:00
75.0999984741211;75.30000305175781;74.81999969482422;75.0;27056;2020-11-17 13:30:00-05:00
75.0250015258789;75.16999816894531;74.86499786376953;75.08999633789062;26740;2020-11-17 14:30:00-05:00
75.05000305175781;75.05999755859375;74.0999984741211;74.62999725341797;59805;2020-11-17 15:30:00-05:00
74.0;74.83499908447266;73.91999816894531;74.5;32599;2020-11-18 09:30:00-05:00
74.52999877929688;75.22000122070312;74.45999908447266;75.08999633789062;21764;2020-11-18 10:30:00-05:00
75.15499877929688;75.19000244140625;74.7699966430664;74.87000274658203;17618;2020-11-18 11:30:00-05:00
74.93000030517578;75.1500015258789;74.86000061035156;74.93000030517578;18649;2020-11-18 12:30:00-05:00
74.86000061035156;75.13999938964844;74.66000366210938;74.72000122070312;20433;2020-11-18 13:30:00-05:00
74.7699966430664;74.93000030517578;74.41999816894531;74.45500183105469;19354;2020-11-18 14:30:00-05:00
74.4800033569336;74.53500366210938;73.75;73.80000305175781;40819;2020-11-18 15:30:00-05:00
73.31999969482422;74.93000030517578;73.26000213623047;74.73999786376953;70318;2020-11-19 09:30:00-05:00
74.80999755859375;75.19000244140625;74.37000274658203;74.87000274658203;25805;2020-11-19 10:30:00-05:00
74.83999633789062;74.83999633789062;74.243896484375;74.50499725341797;23901;2020-11-19 11:30:00-05:00
74.54000091552734;75.1500015258789;74.54000091552734;74.95999908447266;17229;2020-11-19 12:30:00-05:00
74.94999694824219;75.16000366210938;74.9000015258789;75.05999755859375;20709;2020-11-19 13:30:00-05:00
75.05999755859375;75.38999938964844;74.98999786376953;75.11499786376953;18980;2020-11-19 14:30:00-05:00
75.17500305175781;75.375;74.83999633789062;75.01000213623047;47167;2020-11-19 15:30:00-05:00
74.79000091552734;75.0;74.0999984741211;74.56500244140625;31695;2020-11-20 09:30:00-05:00
74.48999786376953;74.68000030517578;74.19999694824219;74.33000183105469;14392;2020-11-20 10:30:00-05:00
74.41000366210938;75.19000244140625;74.41000366210938;74.91000366210938;14570;2020-11-20 11:30:00-05:00
74.81999969482422;74.95999908447266;74.5999984741211;74.94499969482422;14589;2020-11-20 12:30:00-05:00
74.95999908447266;75.66999816894531;74.72959899902344;75.25;76249;2020-11-20 13:30:00-05:00
75.1500015258789;75.31999969482422;74.41000366210938;74.41000366210938;23018;2020-11-20 14:30:00-05:00
74.3499984741211;74.97000122070312;74.2699966430664;74.87999725341797;60868;2020-11-20 15:30:00-05:00
75.61000061035156;75.99620056152344;74.54000091552734;74.87999725341797;60971;2020-11-23 09:30:00-05:00
74.86000061035156;75.26000213623047;74.5;74.81999969482422;28240;2020-11-23 10:30:00-05:00
74.72000122070312;75.04000091552734;74.37000274658203;75.04000091552734;21931;2020-11-23 11:30:00-05:00
74.94999694824219;75.5199966430664;74.93000030517578;75.4800033569336;10119;2020-11-23 12:30:00-05:00
75.45500183105469;75.51000213623047;75.0;75.2300033569336;18174;2020-11-23 13:30:00-05:00
75.30999755859375;75.77999877929688;75.26499938964844;75.3499984741211;43842;2020-11-23 14:30:00-05:00
75.30999755859375;75.52999877929688;75.08999633789062;75.08999633789062;98501;2020-11-23 15:30:00-05:00
76.0999984741211;76.23999786376953;75.63249969482422;75.69000244140625;13162;2020-11-24 09:30:00-05:00
75.69000244140625;76.37999725341797;75.5999984741211;76.3550033569336;8995;2020-11-24 10:30:00-05:00
76.44000244140625;76.95999908447266;76.44000244140625;76.56009674072266;18961;2020-11-24 11:30:00-05:00
76.55999755859375;76.81500244140625;76.27999877929688;76.81500244140625;14760;2020-11-24 12:30:00-05:00
76.9000015258789;76.9000015258789;76.25499725341797;76.25499725341797;13045;2020-11-24 13:30:00-05:00
76.27999877929688;76.63999938964844;76.27999877929688;76.63999938964844;13808;2020-11-24 14:30:00-05:00
76.56999969482422;76.88999938964844;76.48999786376953;76.68000030517578;35363;2020-11-24 15:30:00-05:00
76.73999786376953;77.18000030517578;76.44000244140625;76.44000244140625;25086;2020-11-25 09:30:00-05:00
76.46209716796875;77.08999633789062;76.43000030517578;77.08999633789062;18864;2020-11-25 10:30:00-05:00
77.05000305175781;77.37000274658203;77.05000305175781;77.29000091552734;9393;2020-11-25 11:30:00-05:00
77.11849975585938;77.16999816894531;76.72899627685547;76.72899627685547;7076;2020-11-25 12:30:00-05:00
76.80000305175781;77.2300033569336;76.79000091552734;77.16999816894531;21622;2020-11-25 13:30:00-05:00
77.16999816894531;77.54000091552734;77.06500244140625;77.30000305175781;18283;2020-11-25 14:30:00-05:00
77.21399688720703;77.33000183105469;76.72000122070312;76.8499984741211;45476;2020-11-25 15:30:00-05:00
76.69999694824219;77.66000366210938;76.25;77.46499633789062;28460;2020-11-27 09:30:00-05:00
77.37999725341797;77.5199966430664;76.7699966430664;76.7699966430664;24140;2020-11-27 10:30:00-05:00
76.83999633789062;76.94999694824219;76.37999725341797;76.7699966430664;15727;2020-11-27 11:30:00-05:00
76.63999938964844;76.8499984741211;76.44000244140625;76.51000213623047;0;2020-11-27 13:00:00-05:00
76.33999633789062;76.33999633789062;75.0199966430664;75.06999969482422;19555;2020-11-30 09:30:00-05:00
74.8550033569336;75.7300033569336;74.73500061035156;75.20999908447266;18635;2020-11-30 10:30:00-05:00
75.1500015258789;75.19000244140625;74.87000274658203;74.9000015258789;10236;2020-11-30 11:30:00-05:00
75.0;75.0999984741211;74.7699966430664;74.7699966430664;15277;2020-11-30 12:30:00-05:00
74.79499816894531;75.0199966430664;74.58000183105469;74.7699966430664;36590;2020-11-30 13:30:00-05:00
74.84500122070312;75.33999633789062;74.66999816894531;75.29000091552734;42992;2020-11-30 14:30:00-05:00
75.20999908447266;75.38999938964844;74.94999694824219;75.01000213623047;57297;2020-11-30 15:30:00-05:00
76.44000244140625;76.51000213623047;75.2300033569336;76.18000030517578;95447;2020-12-01 09:30:00-05:00
76.22000122070312;77.5;75.81999969482422;77.35749816894531;26106;2020-12-01 10:30:00-05:00
77.30000305175781;77.4000015258789;76.95999908447266;77.36000061035156;17463;2020-12-01 11:30:00-05:00
77.37000274658203;77.37000274658203;76.79000091552734;77.05500030517578;13491;2020-12-01 12:30:00-05:00
77.08999633789062;77.625;77.0;77.48999786376953;18432;2020-12-01 13:30:00-05:00
77.5031967163086;77.5199966430664;76.83000183105469;77.48999786376953;37169;2020-12-01 14:30:00-05:00
77.55000305175781;78.1500015258789;77.41500091552734;78.0199966430664;93309;2020-12-01 15:30:00-05:00
77.66999816894531;77.73999786376953;76.27999877929688;76.30999755859375;21807;2020-12-02 09:30:00-05:00
76.31999969482422;76.7300033569336;76.08000183105469;76.68000030517578;22231;2020-12-02 10:30:00-05:00
76.62999725341797;76.69999694824219;76.3499984741211;76.6500015258789;18687;2020-12-02 11:30:00-05:00
76.66999816894531;76.80000305175781;76.31999969482422;76.56999969482422;17131;2020-12-02 12:30:00-05:00
76.61000061035156;76.73999786376953;76.29000091552734;76.58999633789062;33240;2020-12-02 13:30:00-05:00
76.63999938964844;76.83999633789062;76.16000366210938;76.25;34134;2020-12-02 14:30:00-05:00
76.2699966430664;76.54000091552734;76.20999908447266;76.41999816894531;76491;2020-12-02 15:30:00-05:00
76.4000015258789;77.05000305175781;76.33499908447266;76.79000091552734;12469;2020-12-03 09:30:00-05:00
76.79000091552734;77.31999969482422;76.7699966430664;77.0999984741211;23205;2020-12-03 10:30:00-05:00
77.06999969482422;77.12000274658203;76.83999633789062;77.08499908447266;14156;2020-12-03 11:30:00-05:00
77.0999984741211;77.11000061035156;76.7300033569336;76.91999816894531;12030;2020-12-03 12:30:00-05:00
76.93499755859375;76.94999694824219;76.4800033569336;76.5;14953;2020-12-03 13:30:00-05:00
76.5999984741211;77.27999877929688;76.5;76.95999908447266;25204;2020-12-03 14:30:00-05:00
77.0199966430664;77.05999755859375;76.40499877929688;76.47000122070312;41684;2020-12-03 15:30:00-05:00
76.91999816894531;77.78500366210938;76.91999816894531;77.78500366210938;7624;2020-12-04 09:30:00-05:00
77.7699966430664;78.44000244140625;77.73999786376953;78.31999969482422;16475;2020-12-04 10:30:00-05:00
78.05999755859375;78.36000061035156;77.61000061035156;78.05000305175781;18517;2020-12-04 11:30:00-05:00
78.08000183105469;78.08000183105469;77.62000274658203;77.69000244140625;7089;2020-12-04 12:30:00-05:00
77.61000061035156;77.61000061035156;77.23999786376953;77.2750015258789;9963;2020-12-04 13:30:00-05:00
77.31999969482422;77.7300033569336;77.30999755859375;77.63999938964844;14508;2020-12-04 14:30:00-05:00
77.70999908447266;77.75;77.33000183105469;77.37999725341797;45686;2020-12-04 15:30:00-05:00
76.87000274658203;77.40499877929688;76.44000244140625;77.40499877929688;15281;2020-12-07 09:30:00-05:00
77.51300048828125;77.51300048828125;76.81999969482422;77.09500122070312;21070;2020-12-07 10:30:00-05:00
77.08499908447266;77.11000061035156;76.875;77.01000213623047;10432;2020-12-07 11:30:00-05:00
77.01000213623047;77.12999725341797;76.86499786376953;76.9000015258789;9669;2020-12-07 12:30:00-05:00
76.9000015258789;77.05999755859375;76.58999633789062;76.79000091552734;9348;2020-12-07 13:30:00-05:00
76.90699768066406;77.25;76.90699768066406;77.1500015258789;12923;2020-12-07 14:30:00-05:00
77.16000366210938;77.43000030517578;76.93000030517578;77.18000030517578;64585;2020-12-07 15:30:00-05:00
76.86499786376953;77.2300033569336;75.9800033569336;76.54000091552734;47797;2020-12-08 09:30:00-05:00
76.51000213623047;76.80999755859375;76.36499786376953;76.63999938964844;14140;2020-12-08 10:30:00-05:00
76.66999816894531;77.20999908447266;76.37000274658203;77.20999908447266;16041;2020-12-08 11:30:00-05:00
77.19000244140625;77.26000213623047;76.95500183105469;77.0199966430664;20149;2020-12-08 12:30:00-05:00
77.05999755859375;77.69000244140625;77.02749633789062;77.62999725341797;23549;2020-12-08 13:30:00-05:00
77.66999816894531;77.7750015258789;77.18000030517578;77.23999786376953;15349;2020-12-08 14:30:00-05:00
77.20999908447266;77.81999969482422;77.20999908447266;77.77999877929688;41453;2020-12-08 15:30:00-05:00
78.0;78.48999786376953;77.44000244140625;77.93000030517578;31705;2020-12-09 09:30:00-05:00
77.77999877929688;78.0999984741211;77.37999725341797;77.58000183105469;23269;2020-12-09 10:30:00-05:00
77.56999969482422;77.73999786376953;77.23999786376953;77.5;18608;2020-12-09 11:30:00-05:00
77.51499938964844;77.58000183105469;76.94999694824219;76.94999694824219;25994;2020-12-09 12:30:00-05:00
76.80500030517578;76.8499984741211;76.02999877929688;76.19999694824219;32865;2020-12-09 13:30:00-05:00
76.18000030517578;77.16999816894531;75.8499984741211;77.05940246582031;50350;2020-12-09 14:30:00-05:00
77.01499938964844;77.54499816894531;76.86000061035156;77.19000244140625;62085;2020-12-09 15:30:00-05:00
76.6500015258789;76.80500030517578;76.05000305175781;76.45999908447266;23816;2020-12-10 09:30:00-05:00
76.5;76.66999816894531;76.29499816894531;76.54000091552734;20078;2020-12-10 10:30:00-05:00
76.54000091552734;76.58000183105469;76.22000122070312;76.25;17062;2020-12-10 11:30:00-05:00
76.27999877929688;77.08999633789062;76.26499938964844;77.01499938964844;54930;2020-12-10 12:30:00-05:00
77.00499725341797;77.08999633789062;76.4000015258789;76.43499755859375;12106;2020-12-10 13:30:00-05:00
76.37999725341797;76.8949966430664;76.37999725341797;76.8499984741211;11721;2020-12-10 14:30:00-05:00
76.9000015258789;77.05000305175781;76.66999816894531;76.81999969482422;31211;2020-12-10 15:30:00-05:00
76.66999816894531;78.44000244140625;76.45999908447266;78.02999877929688;26818;2020-12-11 09:30:00-05:00
77.9749984741211;77.98999786376953;77.66000366210938;77.66500091552734;13024;2020-12-11 10:30:00-05:00
77.55000305175781;77.70999908447266;77.1500015258789;77.41500091552734;14196;2020-12-11 11:30:00-05:00
77.43000030517578;77.99500274658203;77.20999908447266;77.99500274658203;19646;2020-12-11 12:30:00-05:00
77.98500061035156;78.0999984741211;77.77559661865234;77.87999725341797;17154;2020-12-11 13:30:00-05:00
77.94000244140625;78.33000183105469;77.73999786376953;78.1500015258789;18006;2020-12-11 14:30:00-05:00
78.1449966430664;78.2300033569336;77.8550033569336;77.91999816894531;61792;2020-12-11 15:30:00-05:00
78.5199966430664;79.08999633789062;78.33999633789062;78.63999938964844;15179;2020-12-14 09:30:00-05:00
78.69000244140625;78.98999786376953;78.61000061035156;78.7699966430664;10281;2020-12-14 10:30:00-05:00
78.63999938964844;78.68000030517578;77.97000122070312;78.06999969482422;12873;2020-12-14 11:30:00-05:00
78.12999725341797;78.25499725341797;77.86000061035156;78.01000213623047;10313;2020-12-14 12:30:00-05:00
78.05999755859375;78.41999816894531;78.05999755859375;78.08499908447266;9328;2020-12-14 13:30:00-05:00
78.13999938964844;78.56999969482422;78.0199966430664;78.5;21723;2020-12-14 14:30:00-05:00
78.5199966430664;78.5999984741211;78.16999816894531;78.22000122070312;56206;2020-12-14 15:30:00-05:00
79.0;79.62000274658203;78.8499984741211;79.30000305175781;18573;2020-12-15 09:30:00-05:00
79.41999816894531;79.81500244140625;79.37999725341797;79.81500244140625;13856;2020-12-15 10:30:00-05:00
79.83000183105469;79.94000244140625;79.62999725341797;79.80000305175781;30746;2020-12-15 11:30:00-05:00
79.83999633789062;80.69999694824219;79.83999633789062;80.6500015258789;30675;2020-12-15 12:30:00-05:00
80.68000030517578;80.97000122070312;80.68000030517578;80.83999633789062;16774;2020-12-15 13:30:00-05:00
80.79010009765625;81.0;79.91000366210938;79.91000366210938;29045;2020-12-15 14:30:00-05:00
79.93000030517578;80.38999938964844;79.73999786376953;80.08000183105469;72890;2020-12-15 15:30:00-05:00
80.19999694824219;80.55999755859375;79.2300033569336;79.45999908447266;25667;2020-12-16 09:30:00-05:00
79.5199966430664;79.79000091552734;79.13999938964844;79.44999694824219;12357;2020-12-16 10:30:00-05:00
79.4800033569336;79.76000213623047;79.4000015258789;79.68499755859375;11532;2020-12-16 11:30:00-05:00
79.6675033569336;80.0250015258789;79.56999969482422;79.83999633789062;26245;2020-12-16 12:30:00-05:00
79.9000015258789;80.19000244140625;79.87999725341797;79.88999938964844;18984;2020-12-16 13:30:00-05:00
79.87999725341797;80.19000244140625;79.87999725341797;80.08000183105469;19082;2020-12-16 14:30:00-05:00
80.11499786376953;80.52999877929688;80.06999969482422;80.43000030517578;47238;2020-12-16 15:30:00-05:00
81.16999816894531;81.69999694824219;80.65010070800781;81.69999694824219;12992;2020-12-17 09:30:00-05:00
81.46499633789062;82.18000030517578;81.26000213623047;81.94599914550781;64117;2020-12-17 10:30:00-05:00
81.87999725341797;82.3550033569336;81.70999908447266;82.02999877929688;24870;2020-12-17 11:30:00-05:00
82.00499725341797;82.2699966430664;81.93000030517578;82.18000030517578;33766;2020-12-17 12:30:00-05:00
82.18000030517578;82.55999755859375;82.18000030517578;82.54000091552734;24146;2020-12-17 13:30:00-05:00
82.54499816894531;82.71499633789062;82.28500366210938;82.61000061035156;27454;2020-12-17 14:30:00-05:00
82.58999633789062;82.75;81.58999633789062;82.44999694824219;81561;2020-12-17 15:30:00-05:00
82.63999938964844;83.69000244140625;82.58999633789062;83.69000244140625;112829;2020-12-18 09:30:00-05:00
83.68000030517578;83.81999969482422;82.63999938964844;82.8499984741211;42051;2020-12-18 10:30:00-05:00
82.8499984741211;82.91000366210938;82.1500015258789;82.81999969482422;21401;2020-12-18 11:30:00-05:00
82.79000091552734;83.01499938964844;82.54499816894531;83.01499938964844;24329;2020-12-18 12:30:00-05:00
82.98999786376953;83.01000213623047;82.38500213623047;82.62999725341797;20785;2020-12-18 13:30:00-05:00
82.69000244140625;82.8499984741211;82.20999908447266;82.48500061035156;34980;2020-12-18 14:30:00-05:00
82.5250015258789;82.9800033569336;82.4000015258789;82.83000183105469;88246;2020-12-18 15:30:00-05:00
81.41000366210938;82.75;79.75;79.9800033569336;77283;2020-12-21 09:30:00-05:00
80.08999633789062;81.04000091552734;79.63999938964844;80.02999877929688;46012;2020-12-21 10:30:00-05:00
80.18000030517578;81.0999984741211;80.18000030517578;80.9800033569336;12275;2020-12-21 11:30:00-05:00
81.20999908447266;81.48999786376953;80.98999786376953;81.41000366210938;13481;2020-12-21 12:30:00-05:00
81.48999786376953;81.54000091552734;81.11000061035156;81.37000274658203;10324;2020-12-21 13:30:00-05:00
81.5250015258789;81.84500122070312;81.3499984741211;81.62000274658203;12262;2020-12-21 14:30:00-05:00
81.55000305175781;82.0;81.37000274658203;82.0;31690;2020-12-21 15:30:00-05:00
82.13999938964844;82.82499694824219;81.91500091552734;82.19000244140625;19398;2020-12-22 09:30:00-05:00
82.29000091552734;82.41000366210938;81.79000091552734;82.05030059814453;24758;2020-12-22 10:30:00-05:00
81.9800033569336;82.05999755859375;81.48999786376953;81.55000305175781;10038;2020-12-22 11:30:00-05:00
81.5199966430664;81.88999938964844;81.33000183105469;81.69999694824219;8889;2020-12-22 12:30:00-05:00
81.73999786376953;81.86000061035156;81.58999633789062;81.79000091552734;7128;2020-12-22 13:30:00-05:00
81.73999786376953;82.12000274658203;81.45999908447266;81.9000015258789;29508;2020-12-22 14:30:00-05:00
81.9000015258789;82.37999725341797;81.7699966430664;82.30000305175781;45185;2020-12-22 15:30:00-05:00
82.94000244140625;83.41999816894531;82.6500015258789;82.81999969482422;11463;2020-12-23 09:30:00-05:00
82.7300033569336;83.2699966430664;82.7300033569336;83.2699966430664;10204;2020-12-23 10:30:00-05:00
83.15499877929688;83.4800033569336;83.05000305175781;83.36000061035156;6678;2020-12-23 11:30:00-05:00
83.3499984741211;83.37000274658203;82.97000122070312;83.2925033569336;11006;2020-12-23 12:30:00-05:00
83.4800033569336;83.58999633789062;83.19999694824219;83.2300033569336;9915;2020-12-23 13:30:00-05:00
83.29000091552734;83.41000366210938;83.0999984741211;83.1500015258789;14886;2020-12-23 14:30:00-05:00
83.0999984741211;83.0999984741211;82.70999908447266;82.80000305175781;38034;2020-12-23 15:30:00-05:00
83.2699966430664;83.2699966430664;82.04000091552734;82.27999877929688;12074;2020-12-24 09:30:00-05:00
82.16999816894531;82.2300033569336;81.62999725341797;81.72000122070312;11273;2020-12-24 10:30:00-05:00
81.63999938964844;82.08999633789062;81.63999938964844;82.08999633789062;13557;2020-12-24 11:30:00-05:00
82.16000366210938;82.3198013305664;81.93000030517578;82.13999938964844;0;2020-12-24 13:00:00-05:00
83.37000274658203;83.49500274658203;82.58000183105469;83.1500015258789;21436;2020-12-28 09:30:00-05:00
83.16500091552734;83.23999786376953;82.58999633789062;82.58999633789062;13733;2020-12-28 10:30:00-05:00
82.58000183105469;82.58999633789062;82.0;82.58499908447266;7937;2020-12-28 11:30:00-05:00
82.5999984741211;83.06999969482422;82.58000183105469;83.06999969482422;8639;2020-12-28 12:30:00-05:00
83.05999755859375;83.51000213623047;83.05999755859375;83.26000213623047;9153;2020-12-28 13:30:00-05:00
83.25499725341797;83.55999755859375;82.75;82.75;21035;2020-12-28 14:30:00-05:00
82.70999908447266;82.83000183105469;82.37000274658203;82.55999755859375;48719;2020-12-28 15:30:00-05:00
82.5999984741211;82.5999984741211;80.63999938964844;81.11000061035156;15059;2020-12-29 09:30:00-05:00
81.20999908447266;81.23999786376953;81.0;81.08000183105469;9712;2020-12-29 10:30:00-05:00
80.87999725341797;80.93000030517578;80.61000061035156;80.69499969482422;8203;2020-12-29 11:30:00-05:00
80.68000030517578;80.8499984741211;80.48999786376953;80.79000091552734;8174;2020-12-29 12:30:00-05:00
80.75;80.77999877929688;80.38999938964844;80.4800033569336;11597;2020-12-29 13:30:00-05:00
80.47000122070312;81.16000366210938;80.31999969482422;81.16000366210938;18849;2020-12-29 14:30:00-05:00
81.11000061035156;81.11000061035156;80.70999908447266;80.8499984741211;34004;2020-12-29 15:30:00-05:00
80.94999694824219;82.22000122070312;80.94999694824219;81.66999816894531;13820;2020-12-30 09:30:00-05:00
81.40499877929688;81.5199966430664;80.83000183105469;80.94999694824219;10194;2020-12-30 10:30:00-05:00
80.87000274658203;81.77999877929688;80.87000274658203;81.69999694824219;7614;2020-12-30 11:30:00-05:00
81.76000213623047;81.76000213623047;81.44000244140625;81.44000244140625;11617;2020-12-30 12:30:00-05:00
81.41999816894531;81.44000244140625;80.9800033569336;80.9800033569336;9801;2020-12-30 13:30:00-05:00
80.94999694824219;81.08999633789062;80.81999969482422;81.04000091552734;11174;2020-12-30 14:30:00-05:00
81.08499908447266;81.12999725341797;80.83000183105469;80.87000274658203;25110;2020-12-30 15:30:00-05:00
80.80000305175781;80.94999694824219;79.58999633789062;80.44000244140625;13961;2020-12-31 09:30:00-05:00
80.46790313720703;80.71499633789062;80.45999908447266;80.55999755859375;7387;2020-12-31 10:30:00-05:00
80.48999786376953;80.48999786376953;80.16000366210938;80.41000366210938;12353;2020-12-31 11:30:00-05:00
80.30000305175781;80.7300033569336;80.2699966430664;80.59369659423828;7293;2020-12-31 12:30:00-05:00
80.6500015258789;80.6500015258789;80.05000305175781;80.06999969482422;21018;2020-12-31 13:30:00-05:00
80.11000061035156;80.94999694824219;80.08000183105469;80.52999877929688;34750;2020-12-31 14:30:00-05:00
80.4800033569336;80.97000122070312;80.4800033569336;80.62999725341797;39468;2020-12-31 15:30:00-05:00
80.80000305175781;81.95500183105469;80.80000305175781;81.33000183105469;48496;2021-01-04 09:30:00-05:00
81.19000244140625;81.29000091552734;79.25;79.6449966430664;29839;2021-01-04 10:30:00-05:00
79.58999633789062;79.66999816894531;78.61000061035156;79.0999984741211;24981;2021-01-04 11:30:00-05:00
79.05000305175781;79.61949920654297;78.72000122070312;79.45999908447266;21820;2021-01-04 12:30:00-05:00
79.41000366210938;79.83000183105469;79.0199966430664;79.22000122070312;28150;2021-01-04 13:30:00-05:00
79.11000061035156;79.35079956054688;78.94000244140625;79.08499908447266;21985;2021-01-04 14:30:00-05:00
78.97000122070312;79.41000366210938;78.8550033569336;79.29000091552734;48159;2021-01-04 15:30:00-05:00
78.75;79.45999908447266;78.16000366210938;78.38999938964844;47356;2021-01-05 09:30:00-05:00
78.28250122070312;78.6449966430664;78.10700225830078;78.31500244140625;26160;2021-01-05 10:30:00-05:00
78.51000213623047;78.77999877929688;78.5;78.66999816894531;17665;2021-01-05 11:30:00-05:00
78.72000122070312;79.0199966430664;78.625;78.80500030517578;28012;2021-01-05 12:30:00-05:00
78.70999908447266;79.30000305175781;78.69999694824219;79.27999877929688;16464;2021-01-05 13:30:00-05:00
79.36000061035156;79.51499938964844;79.0199966430664;79.02999877929688;16435;2021-01-05 14:30:00-05:00
79.05999755859375;79.25;78.66999816894531;78.83000183105469;70470;2021-01-05 15:30:00-05:00
79.43000030517578;79.97000122070312;79.1500015258789;79.33000183105469;33092;2021-01-06 09:30:00-05:00
79.33000183105469;80.87999725341797;79.13999938964844;80.55500030517578;29695;2021-01-06 10:30:00-05:00
80.5999984741211;81.81999969482422;80.47000122070312;81.81999969482422;30676;2021-01-06 11:30:00-05:00
82.08000183105469;82.3499984741211;81.6500015258789;81.80999755859375;26028;2021-01-06 12:30:00-05:00
81.80000305175781;82.2699966430664;81.47000122070312;81.55000305175781;22927;2021-01-06 13:30:00-05:00
81.59750366210938;81.9000015258789;80.91000366210938;81.9000015258789;30230;2021-01-06 14:30:00-05:00
81.75;82.12999725341797;81.36000061035156;81.9800033569336;73605;2021-01-06 15:30:00-05:00
82.5;83.55999755859375;82.5;83.12000274658203;12104;2021-01-07 09:30:00-05:00
83.13749694824219;83.20999908447266;82.83000183105469;83.0199966430664;7955;2021-01-07 10:30:00-05:00
83.04000091552734;83.73999786376953;82.94000244140625;83.70999908447266;21345;2021-01-07 11:30:00-05:00
83.73999786376953;84.04000091552734;83.51000213623047;83.55999755859375;9150;2021-01-07 12:30:00-05:00
83.66999816894531;83.87999725341797;83.48999786376953;83.69999694824219;11982;2021-01-07 13:30:00-05:00
83.66000366210938;83.77999877929688;83.44000244140625;83.61000061035156;24050;2021-01-07 14:30:00-05:00
83.66999816894531;83.93000030517578;83.66000366210938;83.91000366210938;25988;2021-01-07 15:30:00-05:00
84.18000030517578;85.08000183105469;83.94000244140625;84.3499984741211;15549;2021-01-08 09:30:00-05:00
84.19999694824219;84.43000030517578;83.66000366210938;83.66000366210938;12564;2021-01-08 10:30:00-05:00
83.7300033569336;83.73999786376953;82.97000122070312;83.25;15474;2021-01-08 11:30:00-05:00
83.36000061035156;83.42500305175781;82.2300033569336;82.2300033569336;12057;2021-01-08 12:30:00-05:00
82.4000015258789;82.58999633789062;81.93000030517578;82.41000366210938;18307;2021-01-08 13:30:00-05:00
82.3550033569336;82.88999938964844;82.20999908447266;82.4749984741211;16309;2021-01-08 14:30:00-05:00
82.37999725341797;82.66999816894531;82.23500061035156;82.58999633789062;35285;2021-01-08 15:30:00-05:00
81.69999694824219;82.69000244140625;81.69999694824219;82.41000366210938;13381;2021-01-11 09:30:00-05:00
82.38999938964844;82.62999725341797;81.8499984741211;82.3499984741211;11292;2021-01-11 10:30:00-05:00
82.36000061035156;83.02999877929688;82.36000061035156;82.9800033569336;10095;2021-01-11 11:30:00-05:00
82.9000015258789;83.11000061035156;82.83999633789062;83.0;14067;2021-01-11 12:30:00-05:00
83.08999633789062;83.12000274658203;82.91000366210938;82.94000244140625;16662;2021-01-11 13:30:00-05:00
82.98999786376953;83.19000244140625;82.88999938964844;82.95500183105469;15774;2021-01-11 14:30:00-05:00
82.94000244140625;83.2699966430664;82.91999816894531;83.04000091552734;25024;2021-01-11 15:30:00-05:00
82.73999786376953;83.91000366210938;82.6500015258789;83.91000366210938;19207;2021-01-12 09:30:00-05:00
83.79000091552734;84.55999755859375;83.43000030517578;84.27999877929688;16041;2021-01-12 10:30:00-05:00
84.27999877929688;84.51000213623047;83.37000274658203;83.56500244140625;48287;2021-01-12 11:30:00-05:00
83.58000183105469;84.16000366210938;83.33000183105469;84.12000274658203;42445;2021-01-12 12:30:00-05:00
84.12000274658203;84.20999908447266;83.6500015258789;83.72000122070312;13504;2021-01-12 13:30:00-05:00
83.80000305175781;84.21499633789062;83.75;84.21499633789062;20268;2021-01-12 14:30:00-05:00
84.2300033569336;84.54000091552734;84.0199966430664;84.36000061035156;60936;2021-01-12 15:30:00-05:00
84.33999633789062;84.75499725341797;83.70999908447266;84.23500061035156;17656;2021-01-13 09:30:00-05:00
84.18000030517578;84.37000274658203;83.80000305175781;83.86000061035156;22104;2021-01-13 10:30:00-05:00
83.80500030517578;84.0199966430664;83.5999984741211;83.67500305175781;12673;2021-01-13 11:30:00-05:00
83.77999877929688;84.41000366210938;83.77999877929688;84.19999694824219;8962;2021-01-13 12:30:00-05:00
84.11000061035156;84.12999725341797;83.5199966430664;83.79000091552734;19960;2021-01-13 13:30:00-05:00
83.80500030517578;83.80999755859375;83.00499725341797;83.00499725341797;71858;2021-01-13 14:30:00-05:00
82.97489929199219;83.29000091552734;82.82009887695312;82.94999694824219;44667;2021-01-13 15:30:00-05:00
83.3499984741211;84.26499938964844;83.25;83.31999969482422;14985;2021-01-14 09:30:00-05:00
83.44000244140625;83.44999694824219;82.80999755859375;82.9000015258789;19893;2021-01-14 10:30:00-05:00
82.96499633789062;83.3499984741211;82.66000366210938;83.33000183105469;9039;2021-01-14 11:30:00-05:00
83.37999725341797;83.62000274658203;82.93000030517578;83.61000061035156;10984;2021-01-14 12:30:00-05:00
83.61000061035156;83.98999786376953;83.54499816894531;83.9000015258789;11196;2021-01-14 13:30:00-05:00
83.95999908447266;83.97869873046875;83.48999786376953;83.9000015258789;17596;2021-01-14 14:30:00-05:00
83.8499984741211;84.02999877929688;83.03500366210938;83.25;61139;2021-01-14 15:30:00-05:00
82.2300033569336;82.2300033569336;80.16999816894531;80.29000091552734;36425;2021-01-15 09:30:00-05:00
80.31999969482422;80.72000122070312;79.95999908447266;80.51000213623047;18996;2021-01-15 10:30:00-05:00
80.49500274658203;80.5199966430664;79.95999908447266;80.05500030517578;11781;2021-01-15 11:30:00-05:00
80.04000091552734;80.48999786376953;80.04000091552734;80.45999908447266;11317;2021-01-15 12:30:00-05:00
80.46499633789062;80.95999908447266;80.43000030517578;80.76000213623047;12980;2021-01-15 13:30:00-05:00
80.87999725341797;80.95999908447266;80.62000274658203;80.62000274658203;16952;2021-01-15 14:30:00-05:00
80.55000305175781;80.66999816894531;80.23999786376953;80.3499984741211;36728;2021-01-15 15:30:00-05:00
80.51000213623047;81.09500122070312;79.95999908447266;80.4000015258789;48898;2021-01-19 09:30:00-05:00
80.41500091552734;80.66000366210938;80.12000274658203;80.26000213623047;27465;2021-01-19 10:30:00-05:00
80.19000244140625;80.54000091552734;80.04499816894531;80.33000183105469;33290;2021-01-19 11:30:00-05:00
80.33000183105469;80.62999725341797;80.2300033569336;80.43499755859375;32985;2021-01-19 12:30:00-05:00
80.4000015258789;80.51000213623047;80.26000213623047;80.43000030517578;30332;2021-01-19 13:30:00-05:00
80.43000030517578;81.4000015258789;80.36000061035156;81.36499786376953;55145;2021-01-19 14:30:00-05:00
81.38999938964844;81.66000366210938;81.16999816894531;81.33000183105469;88870;2021-01-19 15:30:00-05:00
81.80000305175781;82.91500091552734;81.80000305175781;82.80999755859375;19069;2021-01-20 09:30:00-05:00
82.69999694824219;82.7699966430664;82.4000015258789;82.73999786376953;15835;2021-01-20 10:30:00-05:00
82.62000274658203;83.1050033569336;82.55999755859375;82.83999633789062;16547;2021-01-20 11:30:00-05:00
82.83999633789062;83.0999984741211;82.70999908447266;82.80000305175781;12549;2021-01-20 12:30:00-05:00
82.83000183105469;83.01000213623047;82.58000183105469;82.63999938964844;37018;2021-01-20 13:30:00-05:00
82.66999816894531;83.19000244140625;82.66999816894531;83.0199966430664;14223;2021-01-20 14:30:00-05:00
83.11000061035156;83.26000213623047;83.04000091552734;83.13999938964844;42892;2021-01-20 15:30:00-05:00
83.62000274658203;83.62000274658203;81.80000305175781;81.98999786376953;32216;2021-01-21 09:30:00-05:00
81.98999786376953;81.98999786376953;81.2300033569336;81.51000213623047;12330;2021-01-21 10:30:00-05:00
81.54000091552734;81.54000091552734;81.05999755859375;81.13999938964844;11073;2021-01-21 11:30:00-05:00
81.06999969482422;81.36000061035156;80.80999755859375;81.33499908447266;9042;2021-01-21 12:30:00-05:00
81.4000015258789;81.5999984741211;81.37000274658203;81.37999725341797;10529;2021-01-21 13:30:00-05:00
81.43000030517578;81.63999938964844;81.30000305175781;81.30000305175781;15369;2021-01-21 14:30:00-05:00
81.37000274658203;81.5199966430664;80.87999725341797;80.9000015258789;33231;2021-01-21 15:30:00-05:00
80.1500015258789;80.44000244140625;79.73040008544922;79.94999694824219;18311;2021-01-22 09:30:00-05:00
79.9574966430664;80.26000213623047;79.73999786376953;79.9800033569336;13570;2021-01-22 10:30:00-05:00
79.94999694824219;80.68000030517578;79.94000244140625;80.6500015258789;9975;2021-01-22 11:30:00-05:00
80.58499908447266;80.70999908447266;80.36000061035156;80.44999694824219;9652;2021-01-22 12:30:00-05:00
80.49500274658203;80.71489715576172;80.33999633789062;80.61000061035156;11882;2021-01-22 13:30:00-05:00
80.66000366210938;80.83000183105469;80.51000213623047;80.58000183105469;14303;2021-01-22 14:30:00-05:00
80.62999725341797;80.81500244140625;80.52999877929688;80.68000030517578;40237;2021-01-22 15:30:00-05:00
80.06999969482422;80.12000274658203;78.5199966430664;79.72000122070312;66590;2021-01-25 09:30:00-05:00
80.19999694824219;80.88500213623047;79.62000274658203;79.62000274658203;38976;2021-01-25 10:30:00-05:00
79.75;79.87999725341797;79.12000274658203;79.13999938964844;94355;2021-01-25 11:30:00-05:00
79.18000030517578;81.04000091552734;78.92019653320312;80.70500183105469;67631;2021-01-25 12:30:00-05:00
80.69999694824219;81.30999755859375;80.13999938964844;80.13999938964844;36112;2021-01-25 13:30:00-05:00
80.22000122070312;80.22000122070312;79.55999755859375;79.75499725341797;42551;2021-01-25 14:30:00-05:00
79.73999786376953;79.91000366210938;79.44999694824219;79.9000015258789;66179;2021-01-25 15:30:00-05:00
80.0;80.7249984741211;79.77999877929688;80.41000366210938;42993;2021-01-26 09:30:00-05:00
80.43000030517578;80.83000183105469;80.23999786376953;80.79000091552734;30351;2021-01-26 10:30:00-05:00
80.7750015258789;81.16999816894531;80.41999816894531;80.58000183105469;49244;2021-01-26 11:30:00-05:00
80.56999969482422;80.9800033569336;80.37999725341797;80.9000015258789;28228;2021-01-26 12:30:00-05:00
80.87000274658203;81.26000213623047;80.67500305175781;81.13999938964844;37003;2021-01-26 13:30:00-05:00
81.13999938964844;81.45999908447266;80.66000366210938;80.86000061035156;29227;2021-01-26 14:30:00-05:00
80.80999755859375;80.8499984741211;80.37999725341797;80.58999633789062;81766;2021-01-26 15:30:00-05:00
78.63999938964844;79.3499984741211;76.54000091552734;77.5;58982;2021-01-27 09:30:00-05:00
77.56999969482422;77.63999938964844;75.3499984741211;75.3499984741211;80499;2021-01-27 10:30:00-05:00
75.22000122070312;76.49500274658203;74.26000213623047;76.30999755859375;58506;2021-01-27 11:30:00-05:00
76.16999816894531;77.06999969482422;76.16999816894531;77.0199966430664;25023;2021-01-27 12:30:00-05:00
76.98999786376953;77.0250015258789;76.12000274658203;76.66000366210938;58539;2021-01-27 13:30:00-05:00
76.62999725341797;76.69000244140625;75.04000091552734;75.27999877929688;35221;2021-01-27 14:30:00-05:00
75.20999908447266;75.68000030517578;74.75;74.91000366210938;69768;2021-01-27 15:30:00-05:00
76.01000213623047;76.5199966430664;75.04000091552734;76.34500122070312;43432;2021-01-28 09:30:00-05:00
76.25;77.19000244140625;75.97000122070312;76.94000244140625;54107;2021-01-28 10:30:00-05:00
77.02999877929688;78.0;76.93000030517578;77.49500274658203;44364;2021-01-28 11:30:00-05:00
77.42620086669922;77.66999816894531;76.87000274658203;77.37999725341797;18794;2021-01-28 12:30:00-05:00
77.41999816894531;77.75;77.20999908447266;77.3949966430664;22257;2021-01-28 13:30:00-05:00
77.40499877929688;77.6500015258789;77.16000366210938;77.18000030517578;24937;2021-01-28 14:30:00-05:00
76.97000122070312;77.37999725341797;76.80999755859375;77.1500015258789;82784;2021-01-28 15:30:00-05:00
76.62000274658203;77.37999725341797;76.04000091552734;77.08999633789062;24441;2021-01-29 09:30:00-05:00
77.08999633789062;77.0999984741211;75.70999908447266;75.70999908447266;29267;2021-01-29 10:30:00-05:00
75.97000122070312;76.2699966430664;75.51000213623047;75.80999755859375;27261;2021-01-29 11:30:00-05:00
75.75;75.7699966430664;75.01000213623047;75.56999969482422;22954;2021-01-29 12:30:00-05:00
75.66120147705078;75.95500183105469;75.08999633789062;75.08999633789062;24117;2021-01-29 13:30:00-05:00
75.0;75.2300033569336;74.30500030517578;75.12000274658203;53846;2021-01-29 14:30:00-05:00
75.02999877929688;75.4800033569336;74.0999984741211;74.12000274658203;97535;2021-01-29 15:30:00-05:00
74.87999725341797;76.47000122070312;74.87999725341797;76.38500213623047;42301;2021-02-01 09:30:00-05:00
76.23999786376953;76.5;75.43000030517578;76.11000061035156;19689;2021-02-01 10:30:00-05:00
76.01000213623047;76.58000183105469;75.91999816894531;76.33999633789062;33543;2021-02-01 11:30:00-05:00
76.33999633789062;76.55999755859375;76.1500015258789;76.55999755859375;16550;2021-02-01 12:30:00-05:00
76.55999755859375;76.56999969482422;76.16000366210938;76.56999969482422;31598;2021-02-01 13:30:00-05:00
76.6050033569336;76.72000122070312;76.33000183105469;76.47000122070312;19681;2021-02-01 14:30:00-05:00
76.51499938964844;76.7300033569336;76.3499984741211;76.3499984741211;38495;2021-02-01 15:30:00-05:00
77.5999984741211;77.94000244140625;76.69999694824219;77.1050033569336;18388;2021-02-02 09:30:00-05:00
77.0;77.18499755859375;76.7699966430664;77.0;25556;2021-02-02 10:30:00-05:00
77.0199966430664;77.18000030517578;76.91000366210938;77.12000274658203;17875;2021-02-02 11:30:00-05:00
77.12999725341797;77.4000015258789;76.98500061035156;77.09500122070312;18011;2021-02-02 12:30:00-05:00
77.12999725341797;77.55500030517578;77.12999725341797;77.5199966430664;29210;2021-02-02 13:30:00-05:00
77.68000030517578;77.94000244140625;77.54499816894531;77.7300033569336;44423;2021-02-02 14:30:00-05:00
77.7300033569336;78.0;77.69499969482422;77.80000305175781;60002;2021-02-02 15:30:00-05:00
77.5199966430664;77.6449966430664;76.44000244140625;76.63999938964844;24366;2021-02-03 09:30:00-05:00
76.62999725341797;77.05999755859375;76.4000015258789;76.9800033569336;57553;2021-02-03 10:30:00-05:00
76.97000122070312;77.26100158691406;76.80999755859375;77.01000213623047;21257;2021-02-03 11:30:00-05:00
77.0;77.23999786376953;76.87139892578125;77.11000061035156;21952;2021-02-03 12:30:00-05:00
77.06999969482422;77.2300033569336;76.83999633789062;77.16999816894531;17988;2021-02-03 13:30:00-05:00
77.18000030517578;77.18000030517578;76.69999694824219;76.91999816894531;30142;2021-02-03 14:30:00-05:00
76.95999908447266;77.2699966430664;76.91999816894531;77.04000091552734;42526;2021-02-03 15:30:00-05:00
77.05000305175781;78.41999816894531;76.83999633789062;78.38999938964844;13515;2021-02-04 09:30:00-05:00
78.48999786376953;78.8499984741211;78.30999755859375;78.76000213623047;16598;2021-02-04 10:30:00-05:00
78.8499984741211;79.30999755859375;78.6500015258789;78.9749984741211;28782;2021-02-04 11:30:00-05:00
78.91000366210938;78.91000366210938;78.5;78.73999786376953;19886;2021-02-04 12:30:00-05:00
78.83999633789062;79.45999908447266;78.83999633789062;79.22000122070312;12415;2021-02-04 13:30:00-05:00
79.25;79.25;78.72000122070312;78.72000122070312;25627;2021-02-04 14:30:00-05:00
78.66000366210938;78.93000030517578;78.44000244140625;78.91999816894531;81397;2021-02-04 15:30:00-05:00
79.66000366210938;80.18000030517578;78.4800033569336;79.0;32492;2021-02-05 09:30:00-05:00
78.93000030517578;79.23999786376953;78.37000274658203;78.63999938964844;32096;2021-02-05 10:30:00-05:00
78.73999786376953;78.8499984741211;77.93000030517578;78.17500305175781;20004;2021-02-05 11:30:00-05:00
78.06999969482422;78.09500122070312;77.12999725341797;77.12999725341797;25159;2021-02-05 12:30:00-05:00
77.08000183105469;77.8499984741211;76.83999633789062;77.8499984741211;35735;2021-02-05 13:30:00-05:00
77.93000030517578;78.22000122070312;77.92500305175781;78.12999725341797;17540;2021-02-05 14:30:00-05:00
78.08000183105469;78.25;77.93000030517578;77.93000030517578;38982;2021-02-05 15:30:00-05:00
78.5;79.08999633789062;77.65859985351562;78.48999786376953;54679;2021-02-08 09:30:00-05:00
78.58000183105469;79.44000244140625;78.33000183105469;79.44000244140625;23026;2021-02-08 10:30:00-05:00
79.36000061035156;79.5;78.88999938964844;79.48999786376953;37319;2021-02-08 11:30:00-05:00
79.48999786376953;79.48999786376953;79.06500244140625;79.06500244140625;14046;2021-02-08 12:30:00-05:00
79.06500244140625;79.625;78.80000305175781;79.4749984741211;33037;2021-02-08 13:30:00-05:00
79.4749984741211;79.72000122070312;79.2699966430664;79.72000122070312;50636;2021-02-08 14:30:00-05:00
79.80999755859375;79.86990356445312;79.54000091552734;79.6500015258789;57401;2021-02-08 15:30:00-05:00
79.62999725341797;80.11000061035156;79.30000305175781;79.95500183105469;23140;2021-02-09 09:30:00-05:00
79.8499984741211;80.03839874267578;79.29000091552734;80.03839874267578;17290;2021-02-09 10:30:00-05:00
80.11900329589844;80.61000061035156;80.03009796142578;80.45500183105469;18525;2021-02-09 11:30:00-05:00
80.45500183105469;80.83000183105469;80.20999908447266;80.20999908447266;11581;2021-02-09 12:30:00-05:00
80.19999694824219;80.54000091552734;80.16000366210938;80.4800033569336;10604;2021-02-09 13:30:00-05:00
80.5;80.97000122070312;80.30000305175781;80.69999694824219;24375;2021-02-09 14:30:00-05:00
80.79000091552734;81.1500015258789;80.66000366210938;80.97000122070312;63517;2021-02-09 15:30:00-05:00
81.5;82.22000122070312;80.76000213623047;80.93000030517578;29880;2021-02-10 09:30:00-05:00
80.86000061035156;82.0999984741211;80.66339874267578;81.8499984741211;35249;2021-02-10 10:30:00-05:00
81.86000061035156;82.06999969482422;81.76000213623047;81.95999908447266;49962;2021-02-10 11:30:00-05:00
81.9800033569336;82.48999786376953;81.96499633789062;82.33999633789062;24042;2021-02-10 12:30:00-05:00
82.34500122070312;82.38500213623047;82.01000213623047;82.27999877929688;20394;2021-02-10 13:30:00-05:00
82.26000213623047;82.59249877929688;81.93000030517578;81.96499633789062;17733;2021-02-10 14:30:00-05:00
81.98999786376953;82.41999816894531;81.90499877929688;82.37000274658203;92031;2021-02-10 15:30:00-05:00
82.95999908447266;84.37999725341797;82.95999908447266;83.96499633789062;56498;2021-02-11 09:30:00-05:00
83.91000366210938;85.0;83.9000015258789;84.94000244140625;36900;2021-02-11 10:30:00-05:00
85.0;85.13999938964844;83.7300033569336;83.7300033569336;37827;2021-02-11 11:30:00-05:00
83.74500274658203;84.18000030517578;83.45500183105469;83.9800033569336;47201;2021-02-11 12:30:00-05:00
84.05500030517578;84.16000366210938;83.4000015258789;83.52999877929688;49573;2021-02-11 13:30:00-05:00
83.48999786376953;84.16999816894531;83.45500183105469;83.76000213623047;34282;2021-02-11 14:30:00-05:00
83.80999755859375;84.16000366210938;83.55000305175781;84.0999984741211;88723;2021-02-11 15:30:00-05:00
84.13999938964844;85.36000061035156;84.05999755859375;84.08000183105469;39752;2021-02-12 09:30:00-05:00
84.05999755859375;84.61000061035156;83.81999969482422;84.26000213623047;35150;2021-02-12 10:30:00-05:00
84.2699966430664;84.41000366210938;83.9800033569336;84.02249908447266;42187;2021-02-12 11:30:00-05:00
83.95999908447266;84.25;83.0199966430664;83.04000091552734;50001;2021-02-12 12:30:00-05:00
83.05000305175781;83.58000183105469;83.01000213623047;83.53500366210938;34606;2021-02-12 13:30:00-05:00
83.5;83.94000244140625;83.3499984741211;83.83000183105469;70548;2021-02-12 14:30:00-05:00
83.81999969482422;84.54000091552734;83.81999969482422;84.44999694824219;129444;2021-02-12 15:30:00-05:00
84.37999725341797;84.81500244140625;80.51000213623047;81.38999938964844;62109;2021-02-16 09:30:00-05:00
81.45999908447266;82.45999908447266;81.26000213623047;82.41000366210938;56932;2021-02-16 10:30:00-05:00
82.4000015258789;82.48999786376953;81.27999877929688;81.55000305175781;42512;2021-02-16 11:30:00-05:00
81.49500274658203;82.06999969482422;81.31999969482422;81.98750305175781;36941;2021-02-16 12:30:00-05:00
81.97750091552734;82.16000366210938;81.31999969482422;81.66999816894531;40552;2021-02-16 13:30:00-05:00
81.65499877929688;81.77999877929688;80.58000183105469;80.65499877929688;56317;2021-02-16 14:30:00-05:00
80.66500091552734;80.91000366210938;79.25;79.47000122070312;162245;2021-02-16 15:30:00-05:00
76.04000091552734;79.9000015258789;75.25;79.0199966430664;66708;2021-02-17 09:30:00-05:00
79.12000274658203;79.45999908447266;78.5999984741211;79.01499938964844;33505;2021-02-17 10:30:00-05:00
78.87999725341797;79.38999938964844;78.56999969482422;79.1500015258789;39315;2021-02-17 11:30:00-05:00
78.98999786376953;79.02999877929688;78.54000091552734;78.94000244140625;23874;2021-02-17 12:30:00-05:00
78.91999816894531;79.02999877929688;78.45249938964844;78.70999908447266;25356;2021-02-17 13:30:00-05:00
78.63999938964844;78.8499984741211;78.44000244140625;78.50499725341797;48894;2021-02-17 14:30:00-05:00
78.56999969482422;78.58000183105469;78.1500015258789;78.5199966430664;107035;2021-02-17 15:30:00-05:00
77.22000122070312;79.27999877929688;77.22000122070312;78.62999725341797;39734;2021-02-18 09:30:00-05:00
78.6072006225586;78.87999725341797;78.20999908447266;78.72000122070312;25799;2021-02-18 10:30:00-05:00
78.76000213623047;79.97000122070312;78.62999725341797;79.74500274658203;33611;2021-02-18 11:30:00-05:00
79.83000183105469;80.32499694824219;79.83000183105469;80.16999816894531;62210;2021-02-18 12:30:00-05:00
80.18000030517578;80.22000122070312;79.76000213623047;79.76000213623047;23419;2021-02-18 13:30:00-05:00
79.81999969482422;80.23999786376953;79.66000366210938;80.20999908447266;34758;2021-02-18 14:30:00-05:00
80.20999908447266;80.22000122070312;79.29499816894531;79.30000305175781;102802;2021-02-18 15:30:00-05:00
79.13999938964844;80.38999938964844;79.13999938964844;79.83999633789062;37849;2021-02-19 09:30:00-05:00
79.77999877929688;80.2699966430664;79.62000274658203;80.20999908447266;37612;2021-02-19 10:30:00-05:00
80.25;80.33000183105469;79.91000366210938;80.29000091552734;64020;2021-02-19 11:30:00-05:00
80.23999786376953;80.31999969482422;79.69999694824219;79.79000091552734;37378;2021-02-19 12:30:00-05:00
79.81999969482422;80.04000091552734;79.6500015258789;79.6500015258789;22642;2021-02-19 13:30:00-05:00
79.68000030517578;79.9749984741211;79.31999969482422;79.44999694824219;24577;2021-02-19 14:30:00-05:00
79.47000122070312;80.05000305175781;79.3499984741211;80.01000213623047;148838;2021-02-19 15:30:00-05:00
79.0;80.80999755859375;79.0;80.37999725341797;29868;2021-02-22 09:30:00-05:00
80.30000305175781;80.37000274658203;79.41000366210938;80.36000061035156;33336;2021-02-22 10:30:00-05:00
80.48999786376953;81.55000305175781;80.41500091552734;81.48999786376953;26141;2021-02-22 11:30:00-05:00
81.52999877929688;81.87000274658203;81.30000305175781;81.7750015258789;22339;2021-02-22 12:30:00-05:00
81.83000183105469;82.22000122070312;81.83000183105469;82.13999938964844;20645;2021-02-22 13:30:00-05:00
82.06999969482422;82.41000366210938;81.76499938964844;81.76499938964844;25236;2021-02-22 14:30:00-05:00
81.75;82.20999908447266;81.75;81.9000015258789;49529;2021-02-22 15:30:00-05:00
81.13999938964844;82.54000091552734;80.47000122070312;81.5999984741211;39757;2021-02-23 09:30:00-05:00
81.58999633789062;82.4000015258789;81.5199966430664;82.0999984741211;22482;2021-02-23 10:30:00-05:00
82.19000244140625;82.79000091552734;82.11000061035156;82.79000091552734;23616;2021-02-23 11:30:00-05:00
82.80000305175781;82.9800033569336;82.25;82.83999633789062;27598;2021-02-23 12:30:00-05:00
82.69999694824219;83.3499984741211;82.69999694824219;83.28500366210938;28032;2021-02-23 13:30:00-05:00
83.24500274658203;84.5;83.0250015258789;84.49299621582031;47577;2021-02-23 14:30:00-05:00
84.5199966430664;84.56999969482422;83.83000183105469;83.83999633789062;87154;2021-02-23 15:30:00-05:00
83.75;84.65840148925781;83.29000091552734;83.91999816894531;20434;2021-02-24 09:30:00-05:00
84.08999633789062;85.27999877929688;83.76000213623047;85.05500030517578;27650;2021-02-24 10:30:00-05:00
85.05999755859375;85.3499984741211;84.87000274658203;85.16000366210938;19250;2021-02-24 11:30:00-05:00
85.16999816894531;85.61000061035156;85.16000366210938;85.58000183105469;20044;2021-02-24 12:30:00-05:00
85.62000274658203;85.7699966430664;85.43000030517578;85.62999725341797;15307;2021-02-24 13:30:00-05:00
85.73370361328125;85.75;85.42440032958984;85.69000244140625;22580;2021-02-24 14:30:00-05:00
85.69999694824219;85.98999786376953;85.62999725341797;85.62999725341797;41385;2021-02-24 15:30:00-05:00
85.5999984741211;86.30999755859375;85.30999755859375;86.05000305175781;0;2021-02-25 09:30:00-05:00
85.95500183105469;85.95999908447266;84.48999786376953;84.54499816894531;26512;2021-02-25 10:30:00-05:00
84.51799774169922;84.58000183105469;83.37999725341797;83.37999725341797;24091;2021-02-25 11:30:00-05:00
83.20999908447266;83.69999694824219;82.62000274658203;83.69999694824219;23320;2021-02-25 12:30:00-05:00
83.52999877929688;83.93000030517578;83.2699966430664;83.81500244140625;18339;2021-02-25 13:30:00-05:00
83.66999816894531;83.8499984741211;82.80000305175781;82.94999694824219;24588;2021-02-25 14:30:00-05:00
83.0199966430664;83.13999938964844;82.48999786376953;82.5999984741211;57482;2021-02-25 15:30:00-05:00
82.80999755859375;83.30000305175781;80.70999908447266;80.70999908447266;37191;2021-02-26 09:30:00-05:00
80.58999633789062;81.1500015258789;80.54000091552734;80.93000030517578;39803;2021-02-26 10:30:00-05:00
80.9800033569336;81.5999984741211;80.33000183105469;81.44000244140625;58237;2021-02-26 11:30:00-05:00
81.47000122070312;81.9800033569336;81.12000274658203;81.79000091552734;32151;2021-02-26 12:30:00-05:00
81.62999725341797;81.62999725341797;80.37999725341797;80.75499725341797;31344;2021-02-26 13:30:00-05:00
80.76000213623047;81.33999633789062;80.44000244140625;80.83999633789062;40546;2021-02-26 14:30:00-05:00
80.77999877929688;81.2300033569336;80.19000244140625;80.19000244140625;81933;2021-02-26 15:30:00-05:00
81.73999786376953;83.12000274658203;81.4229965209961;83.06500244140625;30691;2021-03-01 09:30:00-05:00
83.0199966430664;83.56999969482422;82.89109802246094;83.12999725341797;20948;2021-03-01 10:30:00-05:00
83.08499908447266;83.22000122070312;82.73999786376953;82.93000030517578;28642;2021-03-01 11:30:00-05:00
82.94000244140625;83.2699966430664;82.875;83.12999725341797;16784;2021-03-01 12:30:00-05:00
83.12000274658203;83.7699966430664;83.06999969482422;83.6500015258789;18839;2021-03-01 13:30:00-05:00
83.66999816894531;83.87000274658203;83.58999633789062;83.75;22829;2021-03-01 14:30:00-05:00
83.80999755859375;84.04000091552734;83.55000305175781;83.72000122070312;43852;2021-03-01 15:30:00-05:00
83.48999786376953;83.58000183105469;82.41999816894531;82.41999816894531;22289;2021-03-02 09:30:00-05:00
82.41000366210938;83.41000366210938;82.2300033569336;83.41000366210938;24349;2021-03-02 10:30:00-05:00
83.33999633789062;83.88500213623047;82.83000183105469;83.625;57847;2021-03-02 11:30:00-05:00
83.6050033569336;83.80000305175781;83.1500015258789;83.33999633789062;45888;2021-03-02 12:30:00-05:00
83.33999633789062;83.43000030517578;82.96499633789062;83.05500030517578;14408;2021-03-02 13:30:00-05:00
82.87999725341797;83.01000213623047;82.66999816894531;82.66999816894531;28602;2021-03-02 14:30:00-05:00
82.62999725341797;82.75499725341797;81.80000305175781;81.80000305175781;70405;2021-03-02 15:30:00-05:00
81.68000030517578;82.2300033569336;81.19999694824219;81.75;0;2021-03-03 09:30:00-05:00
81.58000183105469;83.36499786376953;81.58000183105469;83.36499786376953;20814;2021-03-03 10:30:00-05:00
83.30999755859375;83.41000366210938;82.5999984741211;82.87999725341797;22399;2021-03-03 11:30:00-05:00
82.86000061035156;83.09500122070312;82.54000091552734;83.05500030517578;15282;2021-03-03 12:30:00-05:00
83.0;83.12999725341797;81.70500183105469;81.70500183105469;21222;2021-03-03 13:30:00-05:00
81.7699966430664;82.05000305175781;80.54000091552734;80.76000213623047;82704;2021-03-03 14:30:00-05:00
80.70500183105469;80.87000274658203;80.23999786376953;80.26000213623047;63832;2021-03-03 15:30:00-05:00
80.31999969482422;80.52999877929688;79.0;79.3499984741211;59953;2021-03-04 09:30:00-05:00
79.16999816894531;79.66999816894531;78.80000305175781;79.19999694824219;24873;2021-03-04 10:30:00-05:00
79.37999725341797;79.5999984741211;78.31999969482422;78.38500213623047;21485;2021-03-04 11:30:00-05:00
78.375;78.41999816894531;76.66000366210938;77.21499633789062;32892;2021-03-04 12:30:00-05:00
77.1500015258789;77.1500015258789;75.50499725341797;76.13999938964844;33709;2021-03-04 13:30:00-05:00
76.06999969482422;76.66999816894531;75.58999633789062;76.13500213623047;40990;2021-03-04 14:30:00-05:00
76.13999938964844;76.68000030517578;76.08999633789062;76.25;56250;2021-03-04 15:30:00-05:00
77.56999969482422;77.94000244140625;75.20999908447266;76.87999725341797;45654;2021-03-05 09:30:00-05:00
76.80999755859375;77.7300033569336;76.63999938964844;77.11000061035156;45833;2021-03-05 10:30:00-05:00
77.33999633789062;77.7300033569336;76.94999694824219;77.5999984741211;24831;2021-03-05 11:30:00-05:00
77.70999908447266;77.94999694824219;77.5;77.81999969482422;18434;2021-03-05 12:30:00-05:00
77.9800033569336;78.44000244140625;77.8499984741211;78.44000244140625;24218;2021-03-05 13:30:00-05:00
78.58999633789062;78.80999755859375;78.22000122070312;78.75;24879;2021-03-05 14:30:00-05:00
78.7300033569336;79.7300033569336;78.66999816894531;79.6500015258789;64289;2021-03-05 15:30:00-05:00
79.91999816894531;80.45999908447266;79.12000274658203;80.29499816894531;26294;2021-03-08 09:30:00-05:00
80.3499984741211;81.19000244140625;80.12999725341797;80.98500061035156;32613;2021-03-08 10:30:00-05:00
80.9800033569336;81.21499633789062;80.68499755859375;81.21499633789062;27318;2021-03-08 11:30:00-05:00
81.2699966430664;81.62000274658203;81.04000091552734;81.61499786376953;21668;2021-03-08 12:30:00-05:00
81.55000305175781;81.55000305175781;80.76000213623047;81.23999786376953;22768;2021-03-08 13:30:00-05:00
81.2249984741211;81.43000030517578;80.66999816894531;81.0250015258789;34712;2021-03-08 14:30:00-05:00
81.01000213623047;81.43000030517578;80.87000274658203;80.87000274658203;59905;2021-03-08 15:30:00-05:00
82.08999633789062;83.34500122070312;81.2300033569336;83.0199966430664;21129;2021-03-09 09:30:00-05:00
82.97000122070312;83.81999969482422;82.8499984741211;83.5;17566;2021-03-09 10:30:00-05:00
83.30999755859375;83.31999969482422;82.83000183105469;83.08999633789062;10853;2021-03-09 11:30:00-05:00
83.19000244140625;83.41000366210938;82.76499938964844;83.08999633789062;12398;2021-03-09 12:30:00-05:00
83.06999969482422;83.98999786376953;82.9800033569336;83.83999633789062;26279;2021-03-09 13:30:00-05:00
83.88999938964844;84.12000274658203;83.7699966430664;83.92669677734375;20889;2021-03-09 14:30:00-05:00
83.91000366210938;84.13999938964844;83.61000061035156;83.66000366210938;69910;2021-03-09 15:30:00-05:00
84.04000091552734;84.83000183105469;82.63999938964844;84.63999938964844;25970;2021-03-10 09:30:00-05:00
84.25;84.81999969482422;83.69000244140625;83.73999786376953;30393;2021-03-10 10:30:00-05:00
83.68000030517578;84.20999908447266;83.37999725341797;84.0999984741211;33551;2021-03-10 11:30:00-05:00
84.23999786376953;84.44000244140625;83.61000061035156;83.93000030517578;19718;2021-03-10 12:30:00-05:00
83.91999816894531;84.41000366210938;83.30999755859375;84.25;27515;2021-03-10 13:30:00-05:00
84.24500274658203;84.69999694824219;83.94999694824219;83.95999908447266;51421;2021-03-10 14:30:00-05:00
83.66000366210938;83.87999725341797;83.41000366210938;83.54000091552734;42872;2021-03-10 15:30:00-05:00
84.26000213623047;84.26000213623047;83.15499877929688;83.57499694824219;16991;2021-03-11 09:30:00-05:00
83.5199966430664;83.94999694824219;83.07499694824219;83.87000274658203;21667;2021-03-11 10:30:00-05:00
83.93000030517578;84.54000091552734;83.93000030517578;84.06500244140625;18240;2021-03-11 11:30:00-05:00
84.02999877929688;84.54000091552734;84.02999877929688;84.1500015258789;16997;2021-03-11 12:30:00-05:00
84.19000244140625;84.5;84.12999725341797;84.5;13729;2021-03-11 13:30:00-05:00
84.6500015258789;84.72000122070312;84.31999969482422;84.66999816894531;19814;2021-03-11 14:30:00-05:00
84.63999938964844;84.91999816894531;84.36000061035156;84.79000091552734;54777;2021-03-11 15:30:00-05:00
84.63999938964844;87.5;84.63999938964844;87.19999694824219;36393;2021-03-12 09:30:00-05:00
87.36000061035156;87.5999984741211;86.41999816894531;87.19499969482422;42852;2021-03-12 10:30:00-05:00
87.19000244140625;87.30000305175781;86.33999633789062;86.58000183105469;17164;2021-03-12 11:30:00-05:00
86.52400207519531;86.79000091552734;86.0999984741211;86.62000274658203;18619;2021-03-12 12:30:00-05:00
86.58989715576172;86.87999725341797;86.36000061035156;86.51000213623047;18352;2021-03-12 13:30:00-05:00
86.48999786376953;86.8499984741211;86.05999755859375;86.83999633789062;32359;2021-03-12 14:30:00-05:00
86.91000366210938;87.25;86.80999755859375;87.08000183105469;44300;2021-03-12 15:30:00-05:00
87.0;87.0;84.19999694824219;84.80500030517578;25546;2021-03-15 09:30:00-04:00
84.84500122070312;85.13999938964844;83.76000213623047;83.86000061035156;22191;2021-03-15 10:30:00-04:00
83.8499984741211;84.08999633789062;83.66999816894531;83.66999816894531;16644;2021-03-15 11:30:00-04:00
83.63999938964844;84.11499786376953;83.51000213623047;83.91999816894531;18686;2021-03-15 12:30:00-04:00
83.84750366210938;83.9000015258789;83.55999755859375;83.70999908447266;12534;2021-03-15 13:30:00-04:00
83.83000183105469;83.87000274658203;83.25499725341797;83.2699966430664;19628;2021-03-15 14:30:00-04:00
83.41000366210938;83.74500274658203;83.31999969482422;83.69999694824219;45619;2021-03-15 15:30:00-04:00
83.72000122070312;83.87999725341797;82.94999694824219;83.4800033569336;20799;2021-03-16 09:30:00-04:00
83.48500061035156;83.86499786376953;83.41000366210938;83.69000244140625;14474;2021-03-16 10:30:00-04:00
83.5199966430664;83.79000091552734;83.46499633789062;83.58000183105469;13204;2021-03-16 11:30:00-04:00
83.67500305175781;83.80999755859375;83.41000366210938;83.48999786376953;12342;2021-03-16 12:30:00-04:00
83.47000122070312;83.86000061035156;83.41000366210938;83.5;16533;2021-03-16 13:30:00-04:00
83.61000061035156;84.01000213623047;83.43000030517578;83.58000183105469;15894;2021-03-16 14:30:00-04:00
83.6500015258789;83.88999938964844;83.51000213623047;83.77999877929688;30846;2021-03-16 15:30:00-04:00
83.5999984741211;83.5999984741211;82.41000366210938;83.38999938964844;12691;2021-03-17 09:30:00-04:00
83.23500061035156;83.7300033569336;83.02999877929688;83.55000305175781;12539;2021-03-17 10:30:00-04:00
83.56999969482422;83.56999969482422;82.80999755859375;83.01499938964844;11770;2021-03-17 11:30:00-04:00
82.87999725341797;82.87999725341797;82.43000030517578;82.76000213623047;10474;2021-03-17 12:30:00-04:00
82.66000366210938;82.98249816894531;82.18000030517578;82.43000030517578;22926;2021-03-17 13:30:00-04:00
82.48999786376953;83.20999908447266;82.48999786376953;82.72000122070312;24434;2021-03-17 14:30:00-04:00
82.70999908447266;83.06999969482422;82.22000122070312;82.87000274658203;55525;2021-03-17 15:30:00-04:00
82.37000274658203;82.37000274658203;81.08000183105469;81.75;22311;2021-03-18 09:30:00-04:00
81.79499816894531;82.25;81.22000122070312;82.16000366210938;15238;2021-03-18 10:30:00-04:00
82.08000183105469;83.08000183105469;82.08000183105469;83.02999877929688;10922;2021-03-18 11:30:00-04:00
83.08999633789062;83.33000183105469;82.98999786376953;83.29000091552734;7053;2021-03-18 12:30:00-04:00
83.2300033569336;83.2300033569336;82.02999877929688;82.33999633789062;17836;2021-03-18 13:30:00-04:00
82.3499984741211;82.3499984741211;81.30000305175781;81.69000244140625;32357;2021-03-18 14:30:00-04:00
81.72000122070312;81.72000122070312;80.73999786376953;80.9000015258789;58061;2021-03-18 15:30:00-04:00
81.16999816894531;82.66000366210938;79.30999755859375;79.91000366210938;146701;2021-03-19 09:30:00-04:00
79.80000305175781;80.5;79.58000183105469;80.31999969482422;18640;2021-03-19 10:30:00-04:00
80.41999816894531;81.13999938964844;80.4000015258789;81.13999938964844;12518;2021-03-19 11:30:00-04:00
81.08000183105469;81.27999877929688;80.93000030517578;80.98999786376953;14952;2021-03-19 12:30:00-04:00
81.02999877929688;81.02999877929688;80.08999633789062;80.19000244140625;12032;2021-03-19 13:30:00-04:00
80.2300033569336;80.58999633789062;80.11000061035156;80.36000061035156;21562;2021-03-19 14:30:00-04:00
80.37999725341797;80.94000244140625;80.37999725341797;80.70999908447266;63233;2021-03-19 15:30:00-04:00
80.76000213623047;80.76000213623047;79.37000274658203;79.62000274658203;11422;2021-03-22 09:30:00-04:00
79.55999755859375;79.73999786376953;78.69000244140625;79.1449966430664;19626;2021-03-22 10:30:00-04:00
79.12000274658203;79.4800033569336;79.12000274658203;79.29000091552734;5132;2021-03-22 11:30:00-04:00
79.2300033569336;79.56999969482422;79.16999816894531;79.52999877929688;7754;2021-03-22 12:30:00-04:00
79.62000274658203;79.80000305175781;79.56999969482422;79.79000091552734;4683;2021-03-22 13:30:00-04:00
79.7750015258789;79.94999694824219;79.55999755859375;79.68000030517578;13576;2021-03-22 14:30:00-04:00
79.77999877929688;79.79000091552734;79.5199966430664;79.63999938964844;29994;2021-03-22 15:30:00-04:00
78.66999816894531;79.95999908447266;78.66999816894531;79.4800033569336;37714;2021-03-23 09:30:00-04:00
79.5999984741211;79.7699966430664;78.84010314941406;79.54000091552734;11138;2021-03-23 10:30:00-04:00
79.58000183105469;79.5875015258789;79.0199966430664;79.08000183105469;21855;2021-03-23 11:30:00-04:00
79.07499694824219;79.30000305175781;78.9800033569336;79.30000305175781;13776;2021-03-23 12:30:00-04:00
79.27999877929688;79.30000305175781;78.79000091552734;79.13999938964844;10653;2021-03-23 13:30:00-04:00
79.04000091552734;79.04000091552734;78.36000061035156;78.5199966430664;17205;2021-03-23 14:30:00-04:00
78.61000061035156;78.62000274658203;77.88999938964844;78.31999969482422;54899;2021-03-23 15:30:00-04:00
78.91999816894531;80.12999725341797;78.91999816894531;79.73999786376953;27624;2021-03-24 09:30:00-04:00
79.81999969482422;80.55000305175781;79.81999969482422;80.0;21620;2021-03-24 10:30:00-04:00
80.00749969482422;80.27999877929688;79.8499984741211;80.0999984741211;28567;2021-03-24 11:30:00-04:00
80.05000305175781;80.05000305175781;79.41000366210938;79.7300033569336;11141;2021-03-24 12:30:00-04:00
79.72000122070312;79.97000122070312;79.41519927978516;79.47000122070312;15287;2021-03-24 13:30:00-04:00
79.30999755859375;79.62999725341797;78.51000213623047;78.51000213623047;26860;2021-03-24 14:30:00-04:00
78.5999984741211;78.5999984741211;77.55999755859375;77.62999725341797;78876;2021-03-24 15:30:00-04:00
76.91999816894531;77.54000091552734;76.54000091552734;76.94999694824219;18980;2021-03-25 09:30:00-04:00
77.0199966430664;77.0199966430664;75.76229858398438;76.19499969482422;18285;2021-03-25 10:30:00-04:00
76.43000030517578;77.32499694824219;76.2699966430664;77.1500015258789;18600;2021-03-25 11:30:00-04:00
77.2750015258789;77.36499786376953;77.04000091552734;77.08000183105469;13379;2021-03-25 12:30:00-04:00
77.11000061035156;77.44000244140625;76.61499786376953;76.61499786376953;12374;2021-03-25 13:30:00-04:00
76.56999969482422;77.79499816894531;76.54000091552734;77.79499816894531;22385;2021-03-25 14:30:00-04:00
77.75;78.02999877929688;77.6500015258789;77.80999755859375;48831;2021-03-25 15:30:00-04:00
78.41999816894531;78.62999725341797;77.5999984741211;78.44999694824219;17644;2021-03-26 09:30:00-04:00
78.36000061035156;78.5999984741211;77.68009948730469;78.18000030517578;18153;2021-03-26 10:30:00-04:00
78.1500015258789;78.56999969482422;78.04000091552734;78.38999938964844;17750;2021-03-26 11:30:00-04:00
78.3499984741211;78.44999694824219;78.04000091552734;78.29499816894531;17590;2021-03-26 12:30:00-04:00
78.29000091552734;78.29000091552734;77.62000274658203;77.97000122070312;19597;2021-03-26 13:30:00-04:00
78.0199966430664;78.33000183105469;77.70999908447266;78.0999984741211;24297;2021-03-26 14:30:00-04:00
78.08000183105469;78.87999725341797;78.08000183105469;78.68000030517578;99326;2021-03-26 15:30:00-04:00
78.31999969482422;80.02999877929688;78.31999969482422;78.91500091552734;16890;2021-03-29 09:30:00-04:00
78.93000030517578;79.03260040283203;78.20999908447266;78.54499816894531;18775;2021-03-29 10:30:00-04:00
78.4800033569336;78.97000122070312;77.91000366210938;78.12000274658203;15518;2021-03-29 11:30:00-04:00
78.30999755859375;78.4749984741211;78.12999725341797;78.12999725341797;16264;2021-03-29 12:30:00-04:00
78.2699966430664;78.38500213623047;77.8499984741211;78.15039825439453;11471;2021-03-29 13:30:00-04:00
78.15499877929688;78.39859771728516;77.83000183105469;78.25;23275;2021-03-29 14:30:00-04:00
78.20999908447266;78.33499908447266;77.33000183105469;77.33000183105469;55595;2021-03-29 15:30:00-04:00
77.26000213623047;77.45999908447266;76.5999984741211;77.13999938964844;11998;2021-03-30 09:30:00-04:00
77.05000305175781;77.9000015258789;77.04000091552734;77.5;14860;2021-03-30 10:30:00-04:00
77.54000091552734;77.80000305175781;77.23999786376953;77.54000091552734;15541;2021-03-30 11:30:00-04:00
77.5199966430664;77.73999786376953;77.33000183105469;77.5;11973;2021-03-30 12:30:00-04:00
77.48999786376953;77.81999969482422;77.44000244140625;77.80999755859375;13052;2021-03-30 13:30:00-04:00
77.88999938964844;78.1500015258789;77.79000091552734;78.0199966430664;15127;2021-03-30 14:30:00-04:00
78.05999755859375;78.05999755859375;77.29000091552734;77.5;44864;2021-03-30 15:30:00-04:00
77.83000183105469;78.47000122070312;77.43000030517578;77.98999786376953;17117;2021-03-31 09:30:00-04:00
77.77999877929688;78.20500183105469;77.58999633789062;77.98999786376953;11800;2021-03-31 10:30:00-04:00
77.83999633789062;78.31999969482422;77.73999786376953;78.04000091552734;13043;2021-03-31 11:30:00-04:00
77.98999786376953;78.22000122070312;77.98999786376953;78.12999725341797;14872;2021-03-31 12:30:00-04:00
78.19000244140625;78.4000015258789;77.94000244140625;78.16999816894531;14629;2021-03-31 13:30:00-04:00
78.18000030517578;78.37999725341797;78.12000274658203;78.26000213623047;18652;2021-03-31 14:30:00-04:00
78.23999786376953;78.48999786376953;77.80999755859375;77.81999969482422;74371;2021-03-31 15:30:00-04:00
78.62999725341797;79.80000305175781;78.62999725341797;79.2300033569336;18709;2021-04-01 09:30:00-04:00
79.19999694824219;79.83000183105469;79.12000274658203;79.22000122070312;19467;2021-04-01 10:30:00-04:00
79.41999816894531;79.5250015258789;79.23999786376953;79.36000061035156;10152;2021-04-01 11:30:00-04:00
79.41999816894531;79.44000244140625;79.20999908447266;79.41000366210938;34418;2021-04-01 12:30:00-04:00
79.45999908447266;79.69999694824219;79.3550033569336;79.58000183105469;11415;2021-04-01 13:30:00-04:00
79.58000183105469;79.58000183105469;79.26000213623047;79.37000274658203;22337;2021-04-01 14:30:00-04:00
79.31999969482422;79.41999816894531;79.15499877929688;79.38999938964844;63511;2021-04-01 15:30:00-04:00
80.36000061035156;81.31999969482422;80.19999694824219;80.83000183105469;26204;2021-04-05 09:30:00-04:00
80.7750015258789;81.0199966430664;79.94999694824219;79.94999694824219;12659;2021-04-05 10:30:00-04:00
80.01000213623047;80.01000213623047;79.58999633789062;79.68000030517578;7368;2021-04-05 11:30:00-04:00
79.66999816894531;80.1500015258789;79.6500015258789;79.98999786376953;31276;2021-04-05 12:30:00-04:00
80.08000183105469;80.33999633789062;80.05999755859375;80.19999694824219;6448;2021-04-05 13:30:00-04:00
80.19000244140625;80.32849884033203;79.7300033569336;79.91000366210938;17066;2021-04-05 14:30:00-04:00
79.87000274658203;80.29000091552734;79.80000305175781;79.9000015258789;26645;2021-04-05 15:30:00-04:00
79.48999786376953;80.69000244140625;79.48999786376953;80.55500030517578;14832;2021-04-06 09:30:00-04:00
80.55999755859375;80.66000366210938;79.8499984741211;80.0;10466;2021-04-06 10:30:00-04:00
80.08000183105469;80.13500213623047;79.79000091552734;80.0250015258789;30494;2021-04-06 11:30:00-04:00
79.9800033569336;80.08999633789062;79.83999633789062;80.01000213623047;23210;2021-04-06 12:30:00-04:00
80.01000213623047;80.21499633789062;79.83000183105469;79.83000183105469;40246;2021-04-06 13:30:00-04:00
79.92500305175781;79.92500305175781;79.51000213623047;79.77999877929688;15580;2021-04-06 14:30:00-04:00
79.81999969482422;79.91999816894531;79.62000274658203;79.75;28799;2021-04-06 15:30:00-04:00
79.37999725341797;79.69000244140625;78.30999755859375;78.8499984741211;11480;2021-04-07 09:30:00-04:00
79.18499755859375;79.44999694824219;78.87000274658203;78.91000366210938;11859;2021-04-07 10:30:00-04:00
78.87000274658203;78.87000274658203;78.44999694824219;78.81999969482422;10512;2021-04-07 11:30:00-04:00
78.80000305175781;79.04000091552734;78.58000183105469;78.58000183105469;8474;2021-04-07 12:30:00-04:00
78.62000274658203;78.76000213623047;78.43000030517578;78.58000183105469;12504;2021-04-07 13:30:00-04:00
78.48999786376953;78.52999877929688;78.0999984741211;78.12000274658203;12978;2021-04-07 14:30:00-04:00
78.11000061035156;78.4000015258789;77.97000122070312;78.31999969482422;39930;2021-04-07 15:30:00-04:00
78.86000061035156;79.30999755859375;78.77999877929688;79.0999984741211;10638;2021-04-08 09:30:00-04:00
79.08999633789062;79.83000183105469;79.04000091552734;79.61000061035156;20783;2021-04-08 10:30:00-04:00
79.56999969482422;79.91000366210938;79.41000366210938;79.76000213623047;8807;2021-04-08 11:30:00-04:00
79.8499984741211;79.8499984741211;79.47000122070312;79.63500213623047;11244;2021-04-08 12:30:00-04:00
79.5999984741211;79.75;79.31999969482422;79.66000366210938;14095;2021-04-08 13:30:00-04:00
79.6500015258789;80.08000183105469;79.58000183105469;79.87999725341797;24183;2021-04-08 14:30:00-04:00
79.87999725341797;79.94000244140625;79.58999633789062;79.5999984741211;42988;2021-04-08 15:30:00-04:00
79.81999969482422;79.9000015258789;79.44999694824219;79.66000366210938;5617;2021-04-09 09:30:00-04:00
79.69999694824219;80.11000061035156;79.62000274658203;79.83000183105469;6894;2021-04-09 10:30:00-04:00
79.81500244140625;80.61000061035156;79.81500244140625;80.61000061035156;28024;2021-04-09 11:30:00-04:00
80.69999694824219;80.7300033569336;80.36000061035156;80.38999938964844;8923;2021-04-09 12:30:00-04:00
80.33999633789062;80.54000091552734;80.33000183105469;80.43000030517578;20243;2021-04-09 13:30:00-04:00
80.44999694824219;80.58000183105469;80.37999725341797;80.4800033569336;18488;2021-04-09 14:30:00-04:00
80.5;81.29000091552734;80.5;81.1500015258789;69702;2021-04-09 15:30:00-04:00
81.16000366210938;81.81999969482422;81.16000366210938;81.81999969482422;9984;2021-04-12 09:30:00-04:00
81.7699966430664;81.91999816894531;81.47000122070312;81.91000366210938;9721;2021-04-12 10:30:00-04:00
81.83000183105469;81.83000183105469;81.45999908447266;81.80000305175781;8142;2021-04-12 11:30:00-04:00
81.8499984741211;81.94000244140625;81.61000061035156;81.66500091552734;12415;2021-04-12 12:30:00-04:00
81.61000061035156;81.9000015258789;81.5199966430664;81.61000061035156;6411;2021-04-12 13:30:00-04:00
81.58000183105469;81.75;81.4800033569336;81.52999877929688;10975;2021-04-12 14:30:00-04:00
81.69999694824219;82.02999877929688;81.6449966430664;82.0;30170;2021-04-12 15:30:00-04:00
81.98999786376953;81.98999786376953;80.87000274658203;81.7699966430664;9724;2021-04-13 09:30:00-04:00
81.95999908447266;82.05999755859375;81.4000015258789;81.4000015258789;8900;2021-04-13 10:30:00-04:00
81.4800033569336;81.55999755859375;81.2699966430664;81.33999633789062;8467;2021-04-13 11:30:00-04:00
81.2699966430664;81.27999877929688;80.93000030517578;81.11000061035156;8389;2021-04-13 12:30:00-04:00
81.19499969482422;81.61499786376953;81.19499969482422;81.5999984741211;8074;2021-04-13 13:30:00-04:00
81.62000274658203;81.83999633789062;81.43000030517578;81.6500015258789;15357;2021-04-13 14:30:00-04:00
81.62000274658203;81.66000366210938;81.31999969482422;81.48999786376953;24068;2021-04-13 15:30:00-04:00
81.86000061035156;83.31999969482422;81.86000061035156;83.05000305175781;9795;2021-04-14 09:30:00-04:00
83.01409912109375;83.5;82.9800033569336;82.9800033569336;12006;2021-04-14 10:30:00-04:00
83.08999633789062;83.31999969482422;82.9000015258789;82.91999816894531;8413;2021-04-14 11:30:00-04:00
82.94000244140625;82.95999908447266;82.70999908447266;82.91000366210938;5354;2021-04-14 12:30:00-04:00
82.91999816894531;83.11000061035156;82.77999877929688;82.9000015258789;7868;2021-04-14 13:30:00-04:00
82.70999908447266;82.93000030517578;82.37999725341797;82.81999969482422;16379;2021-04-14 14:30:00-04:00
82.80999755859375;82.8499984741211;82.47000122070312;82.73999786376953;43193;2021-04-14 15:30:00-04:00
83.56999969482422;83.56999969482422;82.2699966430664;82.45999908447266;7787;2021-04-15 09:30:00-04:00
82.5199966430664;83.2699966430664;82.5199966430664;83.20500183105469;5345;2021-04-15 10:30:00-04:00
83.23999786376953;83.30999755859375;83.02999877929688;83.05000305175781;7237;2021-04-15 11:30:00-04:00
83.04000091552734;83.12999725341797;82.91000366210938;83.0199966430664;8057;2021-04-15 12:30:00-04:00
83.02999877929688;83.47000122070312;83.0;83.38999938964844;8237;2021-04-15 13:30:00-04:00
83.33999633789062;83.38999938964844;83.09500122070312;83.20999908447266;14715;2021-04-15 14:30:00-04:00
83.31999969482422;83.83000183105469;83.31999969482422;83.79000091552734;35237;2021-04-15 15:30:00-04:00
84.18000030517578;84.58000183105469;83.80000305175781;84.21499633789062;0;2021-04-16 09:30:00-04:00
84.23500061035156;84.61000061035156;84.05999755859375;84.29499816894531;15374;2021-04-16 10:30:00-04:00
84.30000305175781;84.52999877929688;84.15499877929688;84.22000122070312;13640;2021-04-16 11:30:00-04:00
84.25;84.40499877929688;84.18000030517578;84.27999877929688;12558;2021-04-16 12:30:00-04:00
84.30000305175781;84.68000030517578;84.30000305175781;84.47000122070312;10049;2021-04-16 13:30:00-04:00
84.5;84.54000091552734;84.2249984741211;84.50499725341797;24019;2021-04-16 14:30:00-04:00
84.44999694824219;84.54000091552734;84.22000122070312;84.3499984741211;28372;2021-04-16 15:30:00-04:00
84.11000061035156;84.43000030517578;82.7300033569336;82.86000061035156;21800;2021-04-19 09:30:00-04:00
82.83999633789062;83.41000366210938;82.69999694824219;83.41000366210938;16741;2021-04-19 10:30:00-04:00
83.37999725341797;83.56999969482422;83.2300033569336;83.31999969482422;27459;2021-04-19 11:30:00-04:00
83.22000122070312;83.37000274658203;83.0999984741211;83.25;28476;2021-04-19 12:30:00-04:00
83.20999908447266;83.42780303955078;83.19000244140625;83.39990234375;7081;2021-04-19 13:30:00-04:00
83.26000213623047;83.44000244140625;83.0999984741211;83.30999755859375;26707;2021-04-19 14:30:00-04:00
83.43000030517578;83.66000366210938;83.16000366210938;83.33999633789062;30637;2021-04-19 15:30:00-04:00
83.18000030517578;83.91000366210938;82.8550033569336;83.63999938964844;23293;2021-04-20 09:30:00-04:00
83.5999984741211;83.5999984741211;82.29000091552734;82.49500274658203;35638;2021-04-20 10:30:00-04:00
82.55000305175781;82.87000274658203;82.22000122070312;82.87000274658203;20743;2021-04-20 11:30:00-04:00
82.875;82.875;82.18000030517578;82.38999938964844;36460;2021-04-20 12:30:00-04:00
82.37999725341797;82.5;82.18499755859375;82.37999725341797;12511;2021-04-20 13:30:00-04:00
82.37000274658203;82.91000366210938;82.31999969482422;82.75;14696;2021-04-20 14:30:00-04:00
82.73999786376953;82.91999816894531;82.5999984741211;82.5999984741211;37818;2021-04-20 15:30:00-04:00
82.66999816894531;83.5999984741211;82.52999877929688;83.57499694824219;6270;2021-04-21 09:30:00-04:00
83.56999969482422;83.91510009765625;83.4000015258789;83.54000091552734;45504;2021-04-21 10:30:00-04:00
83.54000091552734;84.1050033569336;83.44000244140625;83.94999694824219;19957;2021-04-21 11:30:00-04:00
83.87000274658203;83.94000244140625;83.55000305175781;83.69999694824219;29629;2021-04-21 12:30:00-04:00
83.78500366210938;83.91000366210938;83.55000305175781;83.55000305175781;11065;2021-04-21 13:30:00-04:00
83.58999633789062;83.81999969482422;83.48999786376953;83.6500015258789;49118;2021-04-21 14:30:00-04:00
83.66999816894531;83.93000030517578;83.54000091552734;83.69000244140625;61796;2021-04-21 15:30:00-04:00
84.13999938964844;84.62000274658203;83.87999725341797;83.95999908447266;9373;2021-04-22 09:30:00-04:00
84.16000366210938;84.55000305175781;84.05000305175781;84.42500305175781;10317;2021-04-22 10:30:00-04:00
84.43000030517578;84.94000244140625;84.43000030517578;84.76000213623047;14937;2021-04-22 11:30:00-04:00
84.79499816894531;85.05999755859375;84.2249984741211;84.51000213623047;15205;2021-04-22 12:30:00-04:00
84.45999908447266;84.54499816894531;83.63999938964844;84.16000366210938;23365;2021-04-22 13:30:00-04:00
84.2699966430664;84.33000183105469;83.83999633789062;83.9000015258789;31449;2021-04-22 14:30:00-04:00
83.83000183105469;84.0199966430664;83.63999938964844;83.75;87904;2021-04-22 15:30:00-04:00
83.9000015258789;84.54000091552734;83.9000015258789;84.48500061035156;7775;2021-04-23 09:30:00-04:00
84.55999755859375;84.9800033569336;84.36000061035156;84.93000030517578;6463;2021-04-23 10:30:00-04:00
84.94000244140625;85.45999908447266;84.94000244140625;85.4000015258789;16441;2021-04-23 11:30:00-04:00
85.44999694824219;85.47000122070312;85.22000122070312;85.37000274658203;3612;2021-04-23 12:30:00-04:00
85.37999725341797;85.55999755859375;85.29000091552734;85.55999755859375;8907;2021-04-23 13:30:00-04:00
85.58000183105469;85.9000015258789;85.56999969482422;85.9000015258789;9602;2021-04-23 14:30:00-04:00
85.91000366210938;85.98999786376953;85.66000366210938;85.7300033569336;50847;2021-04-23 15:30:00-04:00
85.93000030517578;86.37999725341797;85.55000305175781;86.19000244140625;24459;2021-04-26 09:30:00-04:00
86.2249984741211;86.2249984741211;85.18000030517578;85.44000244140625;41783;2021-04-26 10:30:00-04:00
85.41999816894531;85.66500091552734;85.3499984741211;85.4000015258789;29483;2021-04-26 11:30:00-04:00
85.4000015258789;85.4800033569336;84.94499969482422;85.05000305175781;37309;2021-04-26 12:30:00-04:00
85.0;85.0;84.66500091552734;84.88999938964844;18001;2021-04-26 13:30:00-04:00
84.87000274658203;84.98999786376953;84.62000274658203;84.6500015258789;32610;2021-04-26 14:30:00-04:00
84.4800033569336;84.8499984741211;84.30000305175781;84.30000305175781;52430;2021-04-26 15:30:00-04:00
82.68000030517578;84.37000274658203;77.41000366210938;78.38999938964844;106734;2021-04-27 09:30:00-04:00
78.41999816894531;78.6500015258789;77.57499694824219;78.19000244140625;78963;2021-04-27 10:30:00-04:00
78.19000244140625;78.55999755859375;77.83499908447266;78.41999816894531;68680;2021-04-27 11:30:00-04:00
78.41999816894531;78.55999755859375;76.61000061035156;76.79499816894531;89172;2021-04-27 12:30:00-04:00
76.87000274658203;76.98999786376953;76.24220275878906;76.83180236816406;33971;2021-04-27 13:30:00-04:00
76.86499786376953;77.22000122070312;76.75;77.18000030517578;76327;2021-04-27 14:30:00-04:00
77.19000244140625;78.0;77.11000061035156;77.86000061035156;138837;2021-04-27 15:30:00-04:00
77.29000091552734;79.47000122070312;77.29000091552734;78.81500244140625;65010;2021-04-28 09:30:00-04:00
78.87999725341797;79.11000061035156;78.56999969482422;78.97000122070312;103473;2021-04-28 10:30:00-04:00
79.0;79.08999633789062;78.55000305175781;78.88500213623047;47086;2021-04-28 11:30:00-04:00
78.91200256347656;79.22000122070312;78.81839752197266;79.01000213623047;39757;2021-04-28 12:30:00-04:00
79.01000213623047;79.06999969482422;78.7300033569336;79.06999969482422;25432;2021-04-28 13:30:00-04:00
79.05000305175781;79.1500015258789;78.80500030517578;79.02999877929688;45717;2021-04-28 14:30:00-04:00
79.08999633789062;79.18000030517578;78.63999938964844;78.9800033569336;137351;2021-04-28 15:30:00-04:00
78.87999725341797;80.19499969482422;78.48999786376953;79.93499755859375;56909;2021-04-29 09:30:00-04:00
79.93000030517578;79.98999786376953;78.95999908447266;79.33999633789062;64690;2021-04-29 10:30:00-04:00
79.4000015258789;79.5999984741211;79.13999938964844;79.4000015258789;32890;2021-04-29 11:30:00-04:00
79.36000061035156;79.58000183105469;79.30000305175781;79.36000061035156;29444;2021-04-29 12:30:00-04:00
79.4260025024414;79.80999755859375;79.33999633789062;79.61000061035156;25906;2021-04-29 13:30:00-04:00
79.68000030517578;80.18000030517578;79.55999755859375;79.5999984741211;51283;2021-04-29 14:30:00-04:00
79.66000366210938;79.76000213623047;78.98999786376953;79.76000213623047;113068;2021-04-29 15:30:00-04:00
78.88999938964844;79.51000213623047;78.38999938964844;78.83999633789062;36014;2021-04-30 09:30:00-04:00
78.91999816894531;78.91999816894531;77.6050033569336;78.18499755859375;54366;2021-04-30 10:30:00-04:00
78.16000366210938;79.16000366210938;78.16000366210938;78.94999694824219;22184;2021-04-30 11:30:00-04:00
79.01000213623047;79.11000061035156;78.875;79.08999633789062;22775;2021-04-30 12:30:00-04:00
79.22000122070312;79.2300033569336;78.72000122070312;79.05000305175781;34180;2021-04-30 13:30:00-04:00
79.0999984741211;79.19999694824219;78.63999938964844;79.0;56258;2021-04-30 14:30:00-04:00
79.01499938964844;79.01499938964844;78.51000213623047;78.75;78299;2021-04-30 15:30:00-04:00
79.76000213623047;80.29000091552734;79.30999755859375;79.83999633789062;29920;2021-05-03 09:30:00-04:00
79.77999877929688;80.19999694824219;79.62999725341797;79.66000366210938;22324;2021-05-03 10:30:00-04:00
79.625;80.05999755859375;79.625;79.94000244140625;18960;2021-05-03 11:30:00-04:00
79.9800033569336;80.05999755859375;79.83000183105469;80.04000091552734;16476;2021-05-03 12:30:00-04:00
80.0199966430664;80.09500122070312;79.88999938964844;80.0;28424;2021-05-03 13:30:00-04:00
80.04000091552734;80.5;79.9000015258789;79.9000015258789;34474;2021-05-03 14:30:00-04:00
79.91000366210938;80.01000213623047;79.3499984741211;79.69999694824219;71388;2021-05-03 15:30:00-04:00
78.9800033569336;79.30000305175781;78.27999877929688;79.30000305175781;14413;2021-05-04 09:30:00-04:00
79.37000274658203;79.69999694824219;78.4000015258789;78.70999908447266;19984;2021-05-04 10:30:00-04:00
78.91000366210938;78.98500061035156;78.18000030517578;78.63999938964844;17572;2021-05-04 11:30:00-04:00
78.62999725341797;78.67500305175781;78.3499984741211;78.67500305175781;20433;2021-05-04 12:30:00-04:00
78.69000244140625;78.8499984741211;78.5199966430664;78.58999633789062;13248;2021-05-04 13:30:00-04:00
78.62999725341797;78.97000122070312;78.58999633789062;78.87000274658203;19917;2021-05-04 14:30:00-04:00
78.8499984741211;79.06999969482422;78.58000183105469;78.98999786376953;45570;2021-05-04 15:30:00-04:00
79.19999694824219;79.19999694824219;77.66999816894531;77.66999816894531;13505;2021-05-05 09:30:00-04:00
77.75;78.81999969482422;77.66000366210938;78.69499969482422;13327;2021-05-05 10:30:00-04:00
78.62999725341797;79.1500015258789;78.54000091552734;79.13999938964844;13822;2021-05-05 11:30:00-04:00
79.08999633789062;79.33000183105469;78.93000030517578;79.05000305175781;14890;2021-05-05 12:30:00-04:00
79.12000274658203;79.51000213623047;79.12000274658203;79.41000366210938;17862;2021-05-05 13:30:00-04:00
79.37000274658203;79.50499725341797;78.86009979248047;78.95500183105469;20246;2021-05-05 14:30:00-04:00
78.9000015258789;79.16000366210938;78.80500030517578;79.11000061035156;40961;2021-05-05 15:30:00-04:00
79.19999694824219;79.31999969482422;78.2699966430664;78.5;13740;2021-05-06 09:30:00-04:00
78.37999725341797;79.02999877929688;78.30000305175781;79.02999877929688;9658;2021-05-06 10:30:00-04:00
79.04000091552734;79.76000213623047;79.02999877929688;79.76000213623047;10878;2021-05-06 11:30:00-04:00
79.73500061035156;79.73500061035156;79.2750015258789;79.33000183105469;7714;2021-05-06 12:30:00-04:00
79.3499984741211;79.40499877929688;78.94999694824219;79.12000274658203;8973;2021-05-06 13:30:00-04:00
78.91000366210938;79.2300033569336;78.86000061035156;79.12000274658203;11987;2021-05-06 14:30:00-04:00
79.29000091552734;79.77999877929688;79.19999694824219;79.75;53025;2021-05-06 15:30:00-04:00
80.30000305175781;80.70999908447266;79.78500366210938;80.63500213623047;15224;2021-05-07 09:30:00-04:00
80.7300033569336;81.4800033569336;80.62000274658203;81.0999984741211;22051;2021-05-07 10:30:00-04:00
81.13999938964844;81.37000274658203;81.05000305175781;81.30000305175781;12437;2021-05-07 11:30:00-04:00
81.41999816894531;81.51000213623047;81.33999633789062;81.33999633789062;11564;2021-05-07 12:30:00-04:00
81.27999877929688;81.41000366210938;81.08499908447266;81.30000305175781;13649;2021-05-07 13:30:00-04:00
81.30999755859375;81.5;81.11000061035156;81.41999816894531;17715;2021-05-07 14:30:00-04:00
81.45999908447266;81.9000015258789;81.41999816894531;81.7699966430664;46014;2021-05-07 15:30:00-04:00
81.69999694824219;81.91000366210938;81.01000213623047;81.5739974975586;12863;2021-05-10 09:30:00-04:00
81.4000015258789;81.4000015258789;80.66999816894531;81.12000274658203;8867;2021-05-10 10:30:00-04:00
81.11000061035156;81.69000244140625;81.06999969482422;81.68000030517578;6630;2021-05-10 11:30:00-04:00
81.5199966430664;81.5199966430664;80.91000366210938;81.04000091552734;11284;2021-05-10 12:30:00-04:00
80.94000244140625;80.95999908447266;79.88999938964844;80.0199966430664;16792;2021-05-10 13:30:00-04:00
80.05000305175781;80.1500015258789;79.5;79.66999816894531;25117;2021-05-10 14:30:00-04:00
79.5999984741211;79.91000366210938;79.41000366210938;79.41000366210938;40835;2021-05-10 15:30:00-04:00
77.87000274658203;78.69999694824219;77.47000122070312;77.55999755859375;13415;2021-05-11 09:30:00-04:00
77.4000015258789;78.41000366210938;77.2300033569336;78.2300033569336;12422;2021-05-11 10:30:00-04:00
78.1500015258789;78.18000030517578;77.55999755859375;77.58000183105469;6825;2021-05-11 11:30:00-04:00
77.30999755859375;77.6500015258789;77.06999969482422;77.6500015258789;7800;2021-05-11 12:30:00-04:00
77.55999755859375;77.76000213623047;77.26000213623047;77.66999816894531;15398;2021-05-11 13:30:00-04:00
77.63999938964844;77.6500015258789;77.08999633789062;77.6500015258789;14896;2021-05-11 14:30:00-04:00
77.58999633789062;77.58999633789062;77.0999984741211;77.43000030517578;40865;2021-05-11 15:30:00-04:00
76.94000244140625;77.3499984741211;76.2300033569336;76.7300033569336;14102;2021-05-12 09:30:00-04:00
76.80000305175781;77.44999694824219;76.80000305175781;77.20999908447266;12808;2021-05-12 10:30:00-04:00
77.12000274658203;77.12000274658203;76.55999755859375;76.81999969482422;11772;2021-05-12 11:30:00-04:00
76.83999633789062;77.37000274658203;76.69000244140625;77.2699966430664;12391;2021-05-12 12:30:00-04:00
77.19999694824219;77.25;76.9000015258789;76.9000015258789;11713;2021-05-12 13:30:00-04:00
76.79000091552734;77.06999969482422;75.91999816894531;76.02999877929688;24545;2021-05-12 14:30:00-04:00
75.9800033569336;76.5;75.87999725341797;76.16000366210938;47341;2021-05-12 15:30:00-04:00
76.41000366210938;77.88999938964844;76.41000366210938;77.83499908447266;13897;2021-05-13 09:30:00-04:00
77.91999816894531;77.91999816894531;77.4000015258789;77.4000015258789;9508;2021-05-13 10:30:00-04:00
77.47000122070312;77.8499984741211;77.43000030517578;77.70899963378906;9338;2021-05-13 11:30:00-04:00
77.6969985961914;77.95999908447266;77.38999938964844;77.80500030517578;10689;2021-05-13 12:30:00-04:00
77.76499938964844;78.69000244140625;77.41999816894531;78.69000244140625;22250;2021-05-13 13:30:00-04:00
78.77999877929688;78.94499969482422;78.44000244140625;78.91999816894531;34668;2021-05-13 14:30:00-04:00
78.9800033569336;79.79000091552734;78.9800033569336;79.0199966430664;113129;2021-05-13 15:30:00-04:00
79.5999984741211;79.87999725341797;79.06999969482422;79.72000122070312;7675;2021-05-14 09:30:00-04:00
79.45999908447266;79.72000122070312;79.2249984741211;79.2249984741211;9942;2021-05-14 10:30:00-04:00
79.17500305175781;79.58000183105469;79.17500305175781;79.47000122070312;6091;2021-05-14 11:30:00-04:00
79.47000122070312;79.66000366210938;79.47000122070312;79.59500122070312;4128;2021-05-14 12:30:00-04:00
79.61000061035156;79.93000030517578;79.52999877929688;79.93000030517578;5692;2021-05-14 13:30:00-04:00
79.94999694824219;80.22000122070312;79.83000183105469;80.0199966430664;11404;2021-05-14 14:30:00-04:00
80.04000091552734;80.30999755859375;79.8499984741211;80.23999786376953;36098;2021-05-14 15:30:00-04:00
79.41999816894531;79.93000030517578;78.5999984741211;78.92500305175781;10717;2021-05-17 09:30:00-04:00
78.80500030517578;79.19499969482422;78.58000183105469;79.05999755859375;8705;2021-05-17 10:30:00-04:00
79.02999877929688;79.08000183105469;78.69999694824219;79.06999969482422;6580;2021-05-17 11:30:00-04:00
79.04000091552734;79.12000274658203;78.54000091552734;78.54000091552734;5789;2021-05-17 12:30:00-04:00
78.72000122070312;79.1500015258789;78.72000122070312;79.0;6471;2021-05-17 13:30:00-04:00
79.02999877929688;79.37999725341797;78.87000274658203;79.31600189208984;11025;2021-05-17 14:30:00-04:00
79.3499984741211;79.75;79.26000213623047;79.75;32127;2021-05-17 15:30:00-04:00
79.20999908447266;79.31500244140625;78.1500015258789;79.2699966430664;16901;2021-05-18 09:30:00-04:00
79.08000183105469;79.29000091552734;78.82499694824219;79.05000305175781;8775;2021-05-18 10:30:00-04:00
78.9800033569336;79.01000213623047;78.75;78.87000274658203;7383;2021-05-18 11:30:00-04:00
78.88999938964844;79.0;78.77999877929688;78.94999694824219;6366;2021-05-18 12:30:00-04:00
78.88999938964844;79.08000183105469;78.70999908447266;78.70999908447266;12290;2021-05-18 13:30:00-04:00
78.68000030517578;78.68000030517578;78.30000305175781;78.58000183105469;18431;2021-05-18 14:30:00-04:00
78.61000061035156;78.7300033569336;78.12999725341797;78.20999908447266;51877;2021-05-18 15:30:00-04:00
76.12999725341797;76.55000305175781;75.6260986328125;76.29000091552734;18910;2021-05-19 09:30:00-04:00
76.25;76.29000091552734;75.77999877929688;75.93000030517578;20504;2021-05-19 10:30:00-04:00
76.0;76.1500015258789;75.6500015258789;75.9800033569336;15309;2021-05-19 11:30:00-04:00
75.98500061035156;76.62999725341797;75.94000244140625;76.58000183105469;16150;2021-05-19 12:30:00-04:00
76.54000091552734;76.91500091552734;76.12999725341797;76.80000305175781;18104;2021-05-19 13:30:00-04:00
76.91000366210938;77.30999755859375;76.56009674072266;77.25;19382;2021-05-19 14:30:00-04:00
77.13999938964844;77.47000122070312;76.87999725341797;77.45999908447266;26711;2021-05-19 15:30:00-04:00
76.62000274658203;78.16999816894531;76.0199966430664;78.01000213623047;43911;2021-05-20 09:30:00-04:00
77.9749984741211;78.69499969482422;77.7699966430664;78.37000274658203;20389;2021-05-20 10:30:00-04:00
78.4800033569336;78.73500061035156;78.0;78.08999633789062;22330;2021-05-20 11:30:00-04:00
78.12000274658203;78.17500305175781;77.69999694824219;77.90499877929688;22697;2021-05-20 12:30:00-04:00
78.01000213623047;78.01000213623047;77.5;77.75;19095;2021-05-20 13:30:00-04:00
77.79000091552734;78.05000305175781;77.5199966430664;78.05000305175781;31742;2021-05-20 14:30:00-04:00
78.0199966430664;78.1500015258789;77.75;77.80000305175781;47023;2021-05-20 15:30:00-04:00
78.72000122070312;78.72000122070312;77.125;77.7699966430664;51514;2021-05-21 09:30:00-04:00
77.86000061035156;78.0199966430664;77.62999725341797;77.6500015258789;11940;2021-05-21 10:30:00-04:00
77.5999984741211;77.7699966430664;77.05999755859375;77.05999755859375;10637;2021-05-21 11:30:00-04:00
77.05999755859375;77.2699966430664;76.87000274658203;77.20999908447266;9038;2021-05-21 12:30:00-04:00
77.16999816894531;77.30000305175781;76.91999816894531;77.0;10717;2021-05-21 13:30:00-04:00
76.9749984741211;77.1500015258789;76.84500122070312;77.0;15592;2021-05-21 14:30:00-04:00
77.12999725341797;77.54499816894531;77.0999984741211;77.30000305175781;60436;2021-05-21 15:30:00-04:00
77.66999816894531;78.52999877929688;77.05999755859375;78.13999938964844;15452;2021-05-24 09:30:00-04:00
78.12999725341797;78.83999633789062;78.11000061035156;78.6500015258789;22291;2021-05-24 10:30:00-04:00
78.6500015258789;78.81159973144531;78.08999633789062;78.08999633789062;31199;2021-05-24 11:30:00-04:00
78.12000274658203;78.3499984741211;78.02999877929688;78.2240982055664;37353;2021-05-24 12:30:00-04:00
78.29000091552734;78.7699966430664;78.2699966430664;78.4000015258789;46343;2021-05-24 13:30:00-04:00
78.3499984741211;78.66999816894531;78.26000213623047;78.4800033569336;28582;2021-05-24 14:30:00-04:00
78.4800033569336;78.77999877929688;78.43000030517578;78.58000183105469;52347;2021-05-24 15:30:00-04:00
78.77999877929688;79.44999694824219;78.38469696044922;78.58999633789062;14350;2021-05-25 09:30:00-04:00
78.54000091552734;79.02999877929688;78.3499984741211;78.5;36318;2021-05-25 10:30:00-04:00
78.41999816894531;78.79000091552734;78.30000305175781;78.68499755859375;14555;2021-05-25 11:30:00-04:00
78.70999908447266;78.70999908447266;78.44999694824219;78.5;13049;2021-05-25 12:30:00-04:00
78.55000305175781;78.62000274658203;78.26000213623047;78.38999938964844;10642;2021-05-25 13:30:00-04:00
78.43000030517578;78.46499633789062;77.93000030517578;78.16999816894531;20696;2021-05-25 14:30:00-04:00
78.13999938964844;78.22000122070312;77.69999694824219;77.75;50035;2021-05-25 15:30:00-04:00
77.91000366210938;78.12000274658203;76.81009674072266;77.30500030517578;26913;2021-05-26 09:30:00-04:00
77.26000213623047;77.45999908447266;77.19999694824219;77.2249984741211;13960;2021-05-26 10:30:00-04:00
77.25;77.7699966430664;77.16000366210938;77.7699966430664;61817;2021-05-26 11:30:00-04:00
77.75499725341797;77.83499908447266;77.48999786376953;77.5;11592;2021-05-26 12:30:00-04:00
77.55000305175781;77.5999984741211;77.36000061035156;77.5199966430664;14861;2021-05-26 13:30:00-04:00
77.5199966430664;77.70999908447266;77.3499984741211;77.70999908447266;26596;2021-05-26 14:30:00-04:00
77.68000030517578;77.68000030517578;77.13999938964844;77.45999908447266;94182;2021-05-26 15:30:00-04:00
77.7300033569336;78.13999938964844;77.18000030517578;77.43000030517578;47557;2021-05-27 09:30:00-04:00
77.41999816894531;77.58999633789062;77.13999938964844;77.1500015258789;25675;2021-05-27 10:30:00-04:00
77.13500213623047;77.62999725341797;77.01000213623047;77.4749984741211;19773;2021-05-27 11:30:00-04:00
77.51000213623047;77.7249984741211;77.45999908447266;77.48999786376953;15054;2021-05-27 12:30:00-04:00
77.45999908447266;77.45999908447266;77.20999908447266;77.4000015258789;23527;2021-05-27 13:30:00-04:00
77.4000015258789;77.4000015258789;76.94999694824219;77.01000213623047;24811;2021-05-27 14:30:00-04:00
76.98999786376953;77.13999938964844;76.6500015258789;76.6500015258789;74135;2021-05-27 15:30:00-04:00
77.16999816894531;77.30000305175781;75.56999969482422;75.94000244140625;23039;2021-05-28 09:30:00-04:00
75.87999725341797;76.0999984741211;75.6500015258789;75.83999633789062;32208;2021-05-28 10:30:00-04:00
75.9000015258789;76.2300033569336;75.83999633789062;75.98999786376953;31968;2021-05-28 11:30:00-04:00
75.98999786376953;76.04000091552734;75.66999816894531;75.73999786376953;24230;2021-05-28 12:30:00-04:00
75.63999938964844;75.69000244140625;75.2699966430664;75.44000244140625;24329;2021-05-28 13:30:00-04:00
75.44000244140625;75.58999633789062;75.26000213623047;75.41999816894531;27634;2021-05-28 14:30:00-04:00
75.41000366210938;75.5199966430664;75.33999633789062;75.43000030517578;63412;2021-05-28 15:30:00-04:00
76.05999755859375;76.05999755859375;75.0199966430664;75.0199966430664;15479;2021-06-01 09:30:00-04:00
75.08999633789062;75.37000274658203;74.76000213623047;75.37000274658203;33135;2021-06-01 10:30:00-04:00
75.38999938964844;75.48999786376953;75.04000091552734;75.16000366210938;20178;2021-06-01 11:30:00-04:00
75.18000030517578;75.3499984741211;74.83000183105469;75.05000305175781;25493;2021-06-01 12:30:00-04:00
75.07250213623047;75.12000274658203;74.94000244140625;75.0999984741211;14252;2021-06-01 13:30:00-04:00
75.09500122070312;75.30500030517578;75.02999877929688;75.18000030517578;26819;2021-06-01 14:30:00-04:00
75.19999694824219;75.19999694824219;74.83999633789062;75.0199966430664;53125;2021-06-01 15:30:00-04:00
75.12999725341797;75.19999694824219;73.63999938964844;73.66000366210938;28140;2021-06-02 09:30:00-04:00
73.58000183105469;73.7750015258789;72.91999816894531;72.91999816894531;19987;2021-06-02 10:30:00-04:00
72.90499877929688;73.01000213623047;71.7300033569336;71.75499725341797;42163;2021-06-02 11:30:00-04:00
71.76499938964844;71.86499786376953;71.41999816894531;71.5999984741211;41146;2021-06-02 12:30:00-04:00
71.5999984741211;72.2699966430664;71.52999877929688;72.23500061035156;48895;2021-06-02 13:30:00-04:00
72.19999694824219;72.54000091552734;72.06999969482422;72.25;67424;2021-06-02 14:30:00-04:00
72.25;73.11750030517578;72.19000244140625;73.08000183105469;147691;2021-06-02 15:30:00-04:00
72.7300033569336;73.0;72.30000305175781;72.72000122070312;26799;2021-06-03 09:30:00-04:00
72.5999984741211;73.31999969482422;72.48999786376953;73.11499786376953;24629;2021-06-03 10:30:00-04:00
73.06999969482422;73.2699966430664;72.80000305175781;72.97000122070312;247805;2021-06-03 11:30:00-04:00
72.94999694824219;72.94999694824219;72.45999908447266;72.83000183105469;17737;2021-06-03 12:30:00-04:00
72.73999786376953;73.18000030517578;72.63500213623047;73.16999816894531;27998;2021-06-03 13:30:00-04:00
73.12000274658203;73.41000366210938;73.12000274658203;73.38500213623047;16621;2021-06-03 14:30:00-04:00
73.37999725341797;73.46499633789062;73.16000366210938;73.19999694824219;59377;2021-06-03 15:30:00-04:00
73.62000274658203;74.12000274658203;73.53919982910156;73.95999908447266;22732;2021-06-04 09:30:00-04:00
73.95999908447266;73.95999908447266;73.62000274658203;73.65499877929688;15632;2021-06-04 10:30:00-04:00
73.66999816894531;73.66999816894531;73.19999694824219;73.23999786376953;18621;2021-06-04 11:30:00-04:00
73.27999877929688;73.55000305175781;73.16999816894531;73.19000244140625;32722;2021-06-04 12:30:00-04:00
73.16999816894531;73.30000305175781;73.06999969482422;73.19499969482422;60058;2021-06-04 13:30:00-04:00
73.19999694824219;73.23999786376953;73.01000213623047;73.18499755859375;27159;2021-06-04 14:30:00-04:00
73.16999816894531;73.27999877929688;73.12999725341797;73.12999725341797;67765;2021-06-04 15:30:00-04:00
72.6500015258789;73.18000030517578;72.6500015258789;72.94000244140625;24764;2021-06-07 09:30:00-04:00
72.9000015258789;73.1500015258789;72.7300033569336;72.93000030517578;32698;2021-06-07 10:30:00-04:00
72.97000122070312;73.12000274658203;72.94000244140625;73.02999877929688;26976;2021-06-07 11:30:00-04:00
73.0;73.25;72.94000244140625;72.9749984741211;28262;2021-06-07 12:30:00-04:00
72.9800033569336;73.05999755859375;72.83000183105469;72.86000061035156;20811;2021-06-07 13:30:00-04:00
72.8499984741211;72.98999786376953;72.8499984741211;72.93000030517578;34515;2021-06-07 14:30:00-04:00
72.94999694824219;72.9800033569336;72.7699966430664;72.97000122070312;53679;2021-06-07 15:30:00-04:00
73.33000183105469;73.41999816894531;72.87999725341797;73.34500122070312;27759;2021-06-08 09:30:00-04:00
73.33000183105469;74.02999877929688;73.30000305175781;73.4000015258789;36108;2021-06-08 10:30:00-04:00
73.4800033569336;74.1500015258789;73.4800033569336;74.13999938964844;19367;2021-06-08 11:30:00-04:00
74.08999633789062;74.19999694824219;74.0;74.02999877929688;16476;2021-06-08 12:30:00-04:00
74.06999969482422;74.12999725341797;73.87000274658203;73.98500061035156;22529;2021-06-08 13:30:00-04:00
73.98999786376953;74.05000305175781;73.87000274658203;74.01000213623047;28241;2021-06-08 14:30:00-04:00
73.99500274658203;74.03500366210938;73.7300033569336;73.7300033569336;64421;2021-06-08 15:30:00-04:00
74.19999694824219;74.19999694824219;73.4800033569336;74.01000213623047;13244;2021-06-09 09:30:00-04:00
74.01000213623047;74.01000213623047;73.56999969482422;73.62999725341797;8284;2021-06-09 10:30:00-04:00
73.6874008178711;73.72000122070312;73.41000366210938;73.45999908447266;8989;2021-06-09 11:30:00-04:00
73.41999816894531;73.47000122070312;73.36000061035156;73.36000061035156;7466;2021-06-09 12:30:00-04:00
73.30999755859375;73.30999755859375;72.94000244140625;73.02999877929688;7834;2021-06-09 13:30:00-04:00
73.09700012207031;73.0999984741211;72.68000030517578;72.70999908447266;13190;2021-06-09 14:30:00-04:00
72.66999816894531;72.81999969482422;72.56999969482422;72.69000244140625;47355;2021-06-09 15:30:00-04:00
72.88999938964844;72.88999938964844;72.27999877929688;72.27999877929688;6021;2021-06-10 09:30:00-04:00
72.45999908447266;72.61000061035156;72.20349884033203;72.47000122070312;17712;2021-06-10 10:30:00-04:00
72.4800033569336;72.83999633789062;72.47000122070312;72.66999816894531;10535;2021-06-10 11:30:00-04:00
72.65499877929688;72.66000366210938;72.54499816894531;72.61000061035156;22669;2021-06-10 12:30:00-04:00
72.55999755859375;72.94000244140625;72.55000305175781;72.79499816894531;28566;2021-06-10 13:30:00-04:00
72.7300033569336;72.76000213623047;72.36000061035156;72.4000015258789;20628;2021-06-10 14:30:00-04:00
72.38500213623047;72.41000366210938;72.16000366210938;72.30000305175781;47996;2021-06-10 15:30:00-04:00
72.56999969482422;73.12000274658203;72.56999969482422;72.9800033569336;8658;2021-06-11 09:30:00-04:00
72.94999694824219;73.37999725341797;72.82499694824219;72.87999725341797;18112;2021-06-11 10:30:00-04:00
72.88999938964844;73.33999633789062;72.8499984741211;73.0;33413;2021-06-11 11:30:00-04:00
73.05000305175781;73.42500305175781;72.99500274658203;73.2699966430664;26115;2021-06-11 12:30:00-04:00
73.22000122070312;73.41999816894531;73.0;73.41000366210938;29927;2021-06-11 13:30:00-04:00
73.37100219726562;73.43000030517578;73.0199966430664;73.41000366210938;33772;2021-06-11 14:30:00-04:00
73.41999816894531;73.93000030517578;73.41999816894531;73.93000030517578;80038;2021-06-11 15:30:00-04:00
74.0;74.0;73.18499755859375;73.43000030517578;16951;2021-06-14 09:30:00-04:00
73.33999633789062;73.41500091552734;72.95999908447266;72.98999786376953;15765;2021-06-14 10:30:00-04:00
73.0;73.08000183105469;72.83000183105469;72.87999725341797;14360;2021-06-14 11:30:00-04:00
72.87999725341797;72.87999725341797;72.66000366210938;72.80000305175781;12339;2021-06-14 12:30:00-04:00
72.73999786376953;72.8949966430664;72.69000244140625;72.79000091552734;15322;2021-06-14 13:30:00-04:00
72.79000091552734;72.86000061035156;72.66000366210938;72.72000122070312;19937;2021-06-14 14:30:00-04:00
72.7300033569336;72.91999816894531;72.5999984741211;72.88999938964844;38580;2021-06-14 15:30:00-04:00
73.08999633789062;73.08999633789062;72.54000091552734;72.7699966430664;13759;2021-06-15 09:30:00-04:00
72.83000183105469;73.01000213623047;72.77999877929688;72.83999633789062;14505;2021-06-15 10:30:00-04:00
72.83000183105469;73.20999908447266;72.7699966430664;73.18000030517578;13978;2021-06-15 11:30:00-04:00
73.16999816894531;73.5199966430664;73.1500015258789;73.3499984741211;19817;2021-06-15 12:30:00-04:00
73.3499984741211;73.83000183105469;73.3499984741211;73.73999786376953;12162;2021-06-15 13:30:00-04:00
73.77999877929688;74.05999755859375;73.6500015258789;73.72000122070312;24020;2021-06-15 14:30:00-04:00
73.66999816894531;73.95999908447266;73.62000274658203;73.94999694824219;50966;2021-06-15 15:30:00-04:00
73.76000213623047;73.76000213623047;73.25;73.45999908447266;18886;2021-06-16 09:30:00-04:00
73.48999786376953;73.48999786376953;72.87000274658203;73.12999725341797;13657;2021-06-16 10:30:00-04:00
73.11000061035156;73.20999908447266;72.83999633789062;72.9000015258789;13045;2021-06-16 11:30:00-04:00
72.91999816894531;73.01000213623047;72.76000213623047;72.76000213623047;11020;2021-06-16 12:30:00-04:00
72.75;72.94999694824219;72.2750015258789;72.61000061035156;17447;2021-06-16 13:30:00-04:00
72.55000305175781;72.95999908447266;72.30999755859375;72.91999816894531;19782;2021-06-16 14:30:00-04:00
72.8949966430664;72.95500183105469;72.62000274658203;72.75;33495;2021-06-16 15:30:00-04:00
72.51000213623047;72.5999984741211;71.8499984741211;71.8949966430664;16077;2021-06-17 09:30:00-04:00
71.79000091552734;72.20999908447266;71.70999908447266;71.91999816894531;14964;2021-06-17 10:30:00-04:00
71.95999908447266;72.13999938964844;71.27999877929688;71.30500030517578;15009;2021-06-17 11:30:00-04:00
71.2699966430664;72.02999877929688;71.20999908447266;71.9800033569336;9605;2021-06-17 12:30:00-04:00
71.9375;71.98999786376953;71.79000091552734;71.875;10576;2021-06-17 13:30:00-04:00
71.76000213623047;71.9800033569336;71.66999816894531;71.9800033569336;12410;2021-06-17 14:30:00-04:00
72.0;72.23999786376953;71.86000061035156;71.98999786376953;27191;2021-06-17 15:30:00-04:00
70.81999969482422;71.4000015258789;70.25;70.58000183105469;66455;2021-06-18 09:30:00-04:00
70.5;70.76000213623047;70.19999694824219;70.2699966430664;16347;2021-06-18 10:30:00-04:00
70.29499816894531;71.05000305175781;70.26000213623047;71.00499725341797;16959;2021-06-18 11:30:00-04:00
70.97000122070312;70.97000122070312;70.75;70.94000244140625;17603;2021-06-18 12:30:00-04:00
70.91000366210938;70.97000122070312;70.73999786376953;70.83000183105469;16579;2021-06-18 13:30:00-04:00
70.80999755859375;70.87000274658203;70.58999633789062;70.81999969482422;26016;2021-06-18 14:30:00-04:00
70.81999969482422;70.83499908447266;70.30000305175781;70.36000061035156;43139;2021-06-18 15:30:00-04:00
71.0199966430664;72.11000061035156;70.70999908447266;72.08000183105469;21899;2021-06-21 09:30:00-04:00
72.22000122070312;72.36000061035156;71.71499633789062;72.12999725341797;17014;2021-06-21 10:30:00-04:00
72.06999969482422;72.45999908447266;72.04499816894531;72.0999984741211;14515;2021-06-21 11:30:00-04:00
72.12999725341797;72.38500213623047;72.08000183105469;72.18000030517578;17693;2021-06-21 12:30:00-04:00
72.21499633789062;72.61000061035156;72.19499969482422;72.44000244140625;16690;2021-06-21 13:30:00-04:00
72.47000122070312;72.47000122070312;71.99500274658203;71.99500274658203;19315;2021-06-21 14:30:00-04:00
72.02999877929688;72.22000122070312;71.97000122070312;72.19000244140625;50188;2021-06-21 15:30:00-04:00
71.77999877929688;71.98500061035156;71.12999725341797;71.87999725341797;15306;2021-06-22 09:30:00-04:00
71.87999725341797;72.54499816894531;71.7699966430664;72.36000061035156;11311;2021-06-22 10:30:00-04:00
72.32990264892578;72.33000183105469;72.05000305175781;72.08999633789062;7101;2021-06-22 11:30:00-04:00
72.08999633789062;72.08999633789062;71.91000366210938;71.94000244140625;8530;2021-06-22 12:30:00-04:00
71.94999694824219;72.16000366210938;71.94999694824219;72.08000183105469;6022;2021-06-22 13:30:00-04:00
72.08999633789062;72.58000183105469;72.08000183105469;72.5;11880;2021-06-22 14:30:00-04:00
72.51000213623047;72.5999984741211;72.27999877929688;72.27999877929688;33702;2021-06-22 15:30:00-04:00
72.27999877929688;72.36000061035156;71.66999816894531;72.05999755859375;10471;2021-06-23 09:30:00-04:00
72.08000183105469;72.22000122070312;71.93000030517578;72.11000061035156;10731;2021-06-23 10:30:00-04:00
72.02999877929688;72.02999877929688;71.87999725341797;72.0199966430664;8940;2021-06-23 11:30:00-04:00
72.11000061035156;72.26000213623047;72.01000213623047;72.17500305175781;11317;2021-06-23 12:30:00-04:00
72.33999633789062;72.51000213623047;72.23999786376953;72.3499984741211;14724;2021-06-23 13:30:00-04:00
72.37999725341797;72.43499755859375;72.20999908447266;72.38999938964844;14366;2021-06-23 14:30:00-04:00
72.4000015258789;72.4000015258789;71.95999908447266;72.11000061035156;34281;2021-06-23 15:30:00-04:00
72.7300033569336;72.7300033569336;72.28500366210938;72.4271011352539;9523;2021-06-24 09:30:00-04:00
72.48999786376953;72.70999908447266;72.34500122070312;72.5999984741211;10639;2021-06-24 10:30:00-04:00
72.69999694824219;72.80999755859375;72.62000274658203;72.80999755859375;11013;2021-06-24 11:30:00-04:00
72.79000091552734;73.33000183105469;72.79000091552734;73.19000244140625;21802;2021-06-24 12:30:00-04:00
73.25499725341797;73.45999908447266;73.19999694824219;73.31999969482422;16998;2021-06-24 13:30:00-04:00
73.36000061035156;73.48999786376953;73.05999755859375;73.13999938964844;16453;2021-06-24 14:30:00-04:00
73.13999938964844;73.26000213623047;73.05000305175781;73.26000213623047;29900;2021-06-24 15:30:00-04:00
73.5;73.9000015258789;72.86000061035156;73.75;0;2021-06-25 09:30:00-04:00
73.7750015258789;74.38999938964844;73.69499969482422;74.37000274658203;44729;2021-06-25 10:30:00-04:00
74.41999816894531;74.7300033569336;74.37000274658203;74.44000244140625;28066;2021-06-25 11:30:00-04:00
74.4800033569336;74.52999877929688;73.9800033569336;74.11000061035156;14832;2021-06-25 12:30:00-04:00
74.12000274658203;74.13999938964844;73.87000274658203;73.87000274658203;13704;2021-06-25 13:30:00-04:00
73.8499984741211;74.27249908447266;73.8499984741211;74.27249908447266;26318;2021-06-25 14:30:00-04:00
74.25;74.55999755859375;74.125;74.47000122070312;87121;2021-06-25 15:30:00-04:00
74.2300033569336;74.2300033569336;72.9000015258789;73.16000366210938;32630;2021-06-28 09:30:00-04:00
73.19999694824219;73.2699966430664;72.87930297851562;73.11000061035156;15708;2021-06-28 10:30:00-04:00
73.08000183105469;73.26499938964844;72.68000030517578;72.68000030517578;11239;2021-06-28 11:30:00-04:00
72.6500015258789;72.95999908447266;72.56999969482422;72.83999633789062;17429;2021-06-28 12:30:00-04:00
72.87999725341797;73.48999786376953;72.87999725341797;73.44999694824219;9092;2021-06-28 13:30:00-04:00
73.44999694824219;73.45999908447266;73.25;73.44999694824219;23154;2021-06-28 14:30:00-04:00
73.45999908447266;73.56500244140625;73.30999755859375;73.38999938964844;45657;2021-06-28 15:30:00-04:00
73.5;73.91999816894531;73.26000213623047;73.91999816894531;12898;2021-06-29 09:30:00-04:00
74.00499725341797;74.13999938964844;73.80999755859375;74.0250015258789;15046;2021-06-29 10:30:00-04:00
74.03500366210938;74.06500244140625;73.5999984741211;73.66999816894531;20776;2021-06-29 11:30:00-04:00
73.63999938964844;73.81999969482422;73.62000274658203;73.73999786376953;6311;2021-06-29 12:30:00-04:00
73.69000244140625;73.77999877929688;73.58000183105469;73.6500015258789;8132;2021-06-29 13:30:00-04:00
73.58999633789062;73.83999633789062;73.4800033569336;73.82499694824219;21449;2021-06-29 14:30:00-04:00
73.77999877929688;73.98999786376953;73.72000122070312;73.81999969482422;43263;2021-06-29 15:30:00-04:00
73.37000274658203;73.7699966430664;72.83000183105469;72.91999816894531;11429;2021-06-30 09:30:00-04:00
72.88999938964844;72.97000122070312;72.44999694824219;72.52999877929688;12599;2021-06-30 10:30:00-04:00
72.61000061035156;72.75299835205078;72.5999984741211;72.62000274658203;6945;2021-06-30 11:30:00-04:00
72.68000030517578;72.70999908447266;72.52999877929688;72.58999633789062;6463;2021-06-30 12:30:00-04:00
72.58000183105469;72.83000183105469;72.55000305175781;72.56999969482422;23546;2021-06-30 13:30:00-04:00
72.58999633789062;72.69000244140625;72.44999694824219;72.47000122070312;9053;2021-06-30 14:30:00-04:00
72.45999908447266;72.54000091552734;72.19999694824219;72.41999816894531;49304;2021-06-30 15:30:00-04:00
73.11000061035156;73.11000061035156;72.4000015258789;73.01000213623047;17952;2021-07-01 09:30:00-04:00
72.93000030517578;73.0199966430664;72.62999725341797;72.68000030517578;16118;2021-07-01 10:30:00-04:00
72.69999694824219;72.80999755859375;72.38999938964844;72.44999694824219;29414;2021-07-01 11:30:00-04:00
72.48999786376953;72.73999786376953;72.44999694824219;72.63999938964844;20671;2021-07-01 12:30:00-04:00
72.6500015258789;72.75;72.49500274658203;72.5999984741211;17742;2021-07-01 13:30:00-04:00
72.62000274658203;72.69999694824219;72.56410217285156;72.6050033569336;27234;2021-07-01 14:30:00-04:00
72.5999984741211;72.73999786376953;72.43000030517578;72.72000122070312;69036;2021-07-01 15:30:00-04:00
72.76000213623047;72.87000274658203;72.4000015258789;72.61000061035156;6855;2021-07-02 09:30:00-04:00
72.63999938964844;72.63999938964844;72.16000366210938;72.30999755859375;6499;2021-07-02 10:30:00-04:00
72.31999969482422;72.45999908447266;72.02999877929688;72.04499816894531;8449;2021-07-02 11:30:00-04:00
71.94499969482422;72.98999786376953;71.91500091552734;72.7300033569336;29324;2021-07-02 12:30:00-04:00
72.6968994140625;72.9800033569336;72.56999969482422;72.93620300292969;7018;2021-07-02 13:30:00-04:00
72.94499969482422;73.01000213623047;72.69000244140625;72.79000091552734;11468;2021-07-02 14:30:00-04:00
72.76000213623047;72.95999908447266;72.62000274658203;72.81999969482422;43989;2021-07-02 15:30:00-04:00
72.45999908447266;72.68000030517578;71.05000305175781;71.16000366210938;0;2021-07-06 09:30:00-04:00
71.12000274658203;71.19999694824219;70.47000122070312;70.69999694824219;18521;2021-07-06 10:30:00-04:00
70.88999938964844;71.19999694824219;70.88999938964844;71.0199966430664;9118;2021-07-06 11:30:00-04:00
70.9800033569336;71.0250015258789;70.77999877929688;70.97000122070312;10618;2021-07-06 12:30:00-04:00
71.06999969482422;71.41999816894531;70.98999786376953;71.36499786376953;12713;2021-07-06 13:30:00-04:00
71.41999816894531;71.56999969482422;71.37000274658203;71.5199966430664;14629;2021-07-06 14:30:00-04:00
71.51000213623047;71.51000213623047;71.26000213623047;71.30999755859375;38237;2021-07-06 15:30:00-04:00
71.12000274658203;71.81999969482422;70.62000274658203;70.62000274658203;30065;2021-07-07 09:30:00-04:00
70.5999984741211;71.0999984741211;70.31999969482422;71.0999984741211;23602;2021-07-07 10:30:00-04:00
71.18000030517578;71.5199966430664;71.1500015258789;71.30000305175781;19659;2021-07-07 11:30:00-04:00
71.3499984741211;71.38999938964844;70.95999908447266;70.95999908447266;14171;2021-07-07 12:30:00-04:00
70.95999908447266;71.13999938964844;70.87999725341797;71.02999877929688;12492;2021-07-07 13:30:00-04:00
70.94000244140625;71.0999984741211;70.7300033569336;71.04499816894531;17862;2021-07-07 14:30:00-04:00
71.01000213623047;71.12999725341797;70.87000274658203;70.87999725341797;30351;2021-07-07 15:30:00-04:00
69.77999877929688;70.41999816894531;69.43000030517578;70.16000366210938;18383;2021-07-08 09:30:00-04:00
70.41999816894531;71.0;70.06999969482422;70.95500183105469;15362;2021-07-08 10:30:00-04:00
71.0;71.4800033569336;70.83000183105469;71.4800033569336;21343;2021-07-08 11:30:00-04:00
71.37999725341797;71.63999938964844;71.0;71.13999938964844;7449;2021-07-08 12:30:00-04:00
71.19000244140625;71.19000244140625;70.74500274658203;70.74500274658203;10207;2021-07-08 13:30:00-04:00
70.6500015258789;70.79209899902344;70.52999877929688;70.7699966430664;7210;2021-07-08 14:30:00-04:00
70.79000091552734;70.80000305175781;70.30000305175781;70.5;24775;2021-07-08 15:30:00-04:00
71.33000183105469;71.62999725341797;71.13500213623047;71.26000213623047;6442;2021-07-09 09:30:00-04:00
71.2300033569336;71.4000015258789;71.08499908447266;71.30999755859375;69161;2021-07-09 10:30:00-04:00
71.45999908447266;71.63999938964844;71.09500122070312;71.1050033569336;97759;2021-07-09 11:30:00-04:00
71.08000183105469;71.12999725341797;70.94000244140625;71.05000305175781;19877;2021-07-09 12:30:00-04:00
71.01000213623047;71.26000213623047;70.93000030517578;70.98999786376953;67620;2021-07-09 13:30:00-04:00
70.98999786376953;71.20999908447266;70.94999694824219;71.01000213623047;46446;2021-07-09 14:30:00-04:00
71.0199966430664;71.20999908447266;70.94999694824219;71.0;77976;2021-07-09 15:30:00-04:00
70.44000244140625;71.33999633789062;70.38999938964844;71.33999633789062;10121;2021-07-12 09:30:00-04:00
71.3949966430664;71.41999816894531;70.91000366210938;71.19999694824219;11381;2021-07-12 10:30:00-04:00
71.1500015258789;71.69000244140625;70.97000122070312;71.30500030517578;63198;2021-07-12 11:30:00-04:00
71.33000183105469;71.51000213623047;71.30000305175781;71.5;10011;2021-07-12 12:30:00-04:00
71.5;71.80999755859375;71.4800033569336;71.6709976196289;100581;2021-07-12 13:30:00-04:00
71.69000244140625;71.91999816894531;71.58000183105469;71.81999969482422;33210;2021-07-12 14:30:00-04:00
71.8499984741211;72.08000183105469;71.69000244140625;71.91999816894531;59814;2021-07-12 15:30:00-04:00
71.97000122070312;72.33000183105469;71.37999725341797;71.72000122070312;29439;2021-07-13 09:30:00-04:00
71.78500366210938;71.91500091552734;71.58000183105469;71.83999633789062;25862;2021-07-13 10:30:00-04:00
71.83999633789062;71.86499786376953;71.51000213623047;71.72000122070312;25176;2021-07-13 11:30:00-04:00
71.7249984741211;71.7249984741211;71.29000091552734;71.37000274658203;12560;2021-07-13 12:30:00-04:00
71.37000274658203;71.72000122070312;71.36000061035156;71.69999694824219;11557;2021-07-13 13:30:00-04:00
71.66999816894531;71.76499938964844;71.46489715576172;71.56999969482422;14178;2021-07-13 14:30:00-04:00
71.55000305175781;71.63999938964844;71.4000015258789;71.51000213623047;33383;2021-07-13 15:30:00-04:00
71.95999908447266;72.31500244140625;71.83000183105469;72.06999969482422;36469;2021-07-14 09:30:00-04:00
71.97000122070312;72.12999725341797;71.55999755859375;71.55999755859375;13549;2021-07-14 10:30:00-04:00
71.58999633789062;72.12999725341797;71.56500244140625;71.97000122070312;33803;2021-07-14 11:30:00-04:00
72.01000213623047;72.33999633789062;71.98999786376953;72.2699966430664;10281;2021-07-14 12:30:00-04:00
72.2300033569336;72.44999694824219;72.2300033569336;72.37000274658203;10025;2021-07-14 13:30:00-04:00
72.30000305175781;72.62999725341797;72.19999694824219;72.55500030517578;17437;2021-07-14 14:30:00-04:00
72.52999877929688;72.55000305175781;72.2699966430664;72.37999725341797;37924;2021-07-14 15:30:00-04:00
72.2699966430664;72.5199966430664;72.02999877929688;72.29000091552734;40555;2021-07-15 09:30:00-04:00
72.3550033569336;72.5;72.11000061035156;72.11000061035156;11815;2021-07-15 10:30:00-04:00
72.13500213623047;72.88999938964844;72.0999984741211;72.86499786376953;8712;2021-07-15 11:30:00-04:00
72.86000061035156;73.12000274658203;72.5199966430664;72.5199966430664;9426;2021-07-15 12:30:00-04:00
72.41000366210938;72.41000366210938;72.0999984741211;72.23999786376953;10014;2021-07-15 13:30:00-04:00
72.23999786376953;72.58999633789062;72.19000244140625;72.47000122070312;23859;2021-07-15 14:30:00-04:00
72.4800033569336;72.70999908447266;72.44000244140625;72.62000274658203;30859;2021-07-15 15:30:00-04:00
73.44000244140625;73.44000244140625;72.7300033569336;72.93000030517578;24818;2021-07-16 09:30:00-04:00
72.95999908447266;73.52989959716797;72.83499908447266;73.52989959716797;21282;2021-07-16 10:30:00-04:00
73.45999908447266;73.61000061035156;73.44999694824219;73.46499633789062;6945;2021-07-16 11:30:00-04:00
73.44000244140625;73.44000244140625;73.08000183105469;73.1050033569336;10561;2021-07-16 12:30:00-04:00
73.0;73.05000305175781;72.86000061035156;72.9000015258789;9119;2021-07-16 13:30:00-04:00
72.87999725341797;73.01000213623047;72.51000213623047;72.56999969482422;13852;2021-07-16 14:30:00-04:00
72.48999786376953;72.63999938964844;72.33999633789062;72.33999633789062;41933;2021-07-16 15:30:00-04:00
71.05999755859375;71.55999755859375;70.45999908447266;70.98999786376953;17795;2021-07-19 09:30:00-04:00
70.97000122070312;71.6500015258789;70.9000015258789;71.52999877929688;10339;2021-07-19 10:30:00-04:00
71.55000305175781;72.08999633789062;71.22000122070312;71.22000122070312;14367;2021-07-19 11:30:00-04:00
71.0999984741211;71.20999908447266;70.8499984741211;70.8499984741211;10774;2021-07-19 12:30:00-04:00
70.76000213623047;70.81999969482422;70.48999786376953;70.66999816894531;16868;2021-07-19 13:30:00-04:00
70.66000366210938;70.66000366210938;70.02999877929688;70.37000274658203;21790;2021-07-19 14:30:00-04:00
70.30000305175781;70.7699966430664;70.27999877929688;70.66000366210938;41689;2021-07-19 15:30:00-04:00
71.16000366210938;72.9000015258789;71.16000366210938;72.48999786376953;11586;2021-07-20 09:30:00-04:00
72.54000091552734;73.2300033569336;72.3499984741211;73.08999633789062;15569;2021-07-20 10:30:00-04:00
73.02999877929688;73.33999633789062;72.7699966430664;73.33000183105469;11732;2021-07-20 11:30:00-04:00
73.30999755859375;73.62000274658203;73.05999755859375;73.16000366210938;15012;2021-07-20 12:30:00-04:00
73.12999725341797;73.29000091552734;72.86000061035156;73.27999877929688;17700;2021-07-20 13:30:00-04:00
73.36000061035156;73.37000274658203;73.05000305175781;73.16000366210938;18675;2021-07-20 14:30:00-04:00
73.12999725341797;73.1500015258789;72.56999969482422;72.58000183105469;54531;2021-07-20 15:30:00-04:00
