Open;High;Low;Close;Volume;Time
8.554699897766113;8.570099830627441;8.4399995803833;8.494500160217285;0;2019-07-23 09:30:00-04:00
8.5;8.5600004196167;8.489999771118164;8.53499984741211;302182;2019-07-23 10:30:00-04:00
8.53499984741211;8.59000015258789;8.505000114440918;8.545000076293945;105597;2019-07-23 11:30:00-04:00
8.550000190734863;8.569999694824219;8.529999732971191;8.545000076293945;96977;2019-07-23 12:30:00-04:00
8.545000076293945;8.545000076293945;8.399999618530273;8.4350004196167;332025;2019-07-23 13:30:00-04:00
8.4350004196167;8.46500015258789;8.380000114440918;8.390000343322754;247005;2019-07-23 14:30:00-04:00
8.395000457763672;8.4350004196167;8.369999885559082;8.390000343322754;308582;2019-07-23 15:30:00-04:00
8.380000114440918;8.625;8.279999732971191;8.59000015258789;378463;2019-07-24 09:30:00-04:00
8.59000015258789;8.654999732971191;8.569999694824219;8.640000343322754;171038;2019-07-24 10:30:00-04:00
8.640000343322754;8.739999771118164;8.539999961853027;8.704999923706055;297830;2019-07-24 11:30:00-04:00
8.710000038146973;8.744999885559082;8.6899995803833;8.725000381469727;90730;2019-07-24 12:30:00-04:00
8.720000267028809;8.829999923706055;8.710000038146973;8.8149995803833;244957;2019-07-24 13:30:00-04:00
8.8149995803833;8.850000381469727;8.789999961853027;8.8100004196167;259534;2019-07-24 14:30:00-04:00
8.8100004196167;8.869999885559082;8.800000190734863;8.850000381469727;349728;2019-07-24 15:30:00-04:00
8.829999923706055;8.869999885559082;8.539999961853027;8.649999618530273;663493;2019-07-25 09:30:00-04:00
8.649999618530273;8.65999984741211;8.579999923706055;8.640000343322754;188759;2019-07-25 10:30:00-04:00
8.643600463867188;8.645000457763672;8.579999923706055;8.585000038146973;110776;2019-07-25 11:30:00-04:00
8.579999923706055;8.579999923706055;8.479999542236328;8.545000076293945;166295;2019-07-25 12:30:00-04:00
8.539999961853027;8.6899995803833;8.520099639892578;8.654999732971191;162407;2019-07-25 13:30:00-04:00
8.649999618530273;8.670000076293945;8.600000381469727;8.609999656677246;134189;2019-07-25 14:30:00-04:00
8.609999656677246;8.65999984741211;8.5600004196167;8.609999656677246;261853;2019-07-25 15:30:00-04:00
8.600000381469727;8.6899995803833;8.520000457763672;8.619999885559082;167396;2019-07-26 09:30:00-04:00
8.619999885559082;8.619999885559082;8.524999618530273;8.5600004196167;111090;2019-07-26 10:30:00-04:00
8.55620002746582;8.614999771118164;8.524999618530273;8.595000267028809;226806;2019-07-26 11:30:00-04:00
8.59000015258789;8.630000114440918;8.579999923706055;8.585000038146973;190975;2019-07-26 12:30:00-04:00
8.579999923706055;8.59000015258789;8.539999961853027;8.545000076293945;119287;2019-07-26 13:30:00-04:00
8.550000190734863;8.600000381469727;8.539999961853027;8.5600004196167;178563;2019-07-26 14:30:00-04:00
8.555000305175781;8.609999656677246;8.555000305175781;8.600000381469727;255396;2019-07-26 15:30:00-04:00
8.600000381469727;8.670000076293945;8.430000305175781;8.550000190734863;273462;2019-07-29 09:30:00-04:00
8.550000190734863;8.640000343322754;8.510000228881836;8.571999549865723;532015;2019-07-29 10:30:00-04:00
8.59000015258789;8.625;8.510000228881836;8.5600004196167;140013;2019-07-29 11:30:00-04:00
8.5600004196167;8.619999885559082;8.550000190734863;8.550000190734863;130159;2019-07-29 12:30:00-04:00
8.555000305175781;8.609999656677246;8.515000343322754;8.581600189208984;183625;2019-07-29 13:30:00-04:00
8.579999923706055;8.600000381469727;8.520000457763672;8.5600004196167;147723;2019-07-29 14:30:00-04:00
8.5649995803833;8.59000015258789;8.529999732971191;8.569999694824219;250089;2019-07-29 15:30:00-04:00
8.539999961853027;8.5600004196167;8.369999885559082;8.395000457763672;346647;2019-07-30 09:30:00-04:00
8.395000457763672;8.414999961853027;8.319999694824219;8.399999618530273;396023;2019-07-30 10:30:00-04:00
8.390000343322754;8.460000038146973;8.369999885559082;8.4399995803833;251750;2019-07-30 11:30:00-04:00
8.449999809265137;8.529999732971191;8.4399995803833;8.505000114440918;204713;2019-07-30 12:30:00-04:00
8.505000114440918;8.5600004196167;8.470000267028809;8.555000305175781;223069;2019-07-30 13:30:00-04:00
8.555000305175781;8.5600004196167;8.524999618530273;8.550000190734863;158046;2019-07-30 14:30:00-04:00
8.545000076293945;8.579999923706055;8.524999618530273;8.569999694824219;609661;2019-07-30 15:30:00-04:00
8.5600004196167;8.65999984741211;8.460000038146973;8.579999923706055;475612;2019-07-31 09:30:00-04:00
8.579999923706055;8.630000114440918;8.5600004196167;8.625;241734;2019-07-31 10:30:00-04:00
8.619999885559082;8.654999732971191;8.550000190734863;8.59000015258789;336624;2019-07-31 11:30:00-04:00
8.585000038146973;8.649999618530273;8.579999923706055;8.630000114440918;163102;2019-07-31 12:30:00-04:00
8.630000114440918;8.649999618530273;8.5649995803833;8.614999771118164;199785;2019-07-31 13:30:00-04:00
8.609999656677246;8.649900436401367;8.369999885559082;8.5600004196167;265030;2019-07-31 14:30:00-04:00
8.555000305175781;8.5600004196167;8.40999984741211;8.40999984741211;326993;2019-07-31 15:30:00-04:00
8.350000381469727;8.5;8.350000381469727;8.4350004196167;237942;2019-08-01 09:30:00-04:00
8.4350004196167;8.489999771118164;8.375;8.430000305175781;199879;2019-08-01 10:30:00-04:00
8.430000305175781;8.4399995803833;8.324999809265137;8.380000114440918;139790;2019-08-01 11:30:00-04:00
8.385000228881836;8.414999961853027;8.289999961853027;8.300000190734863;139555;2019-08-01 12:30:00-04:00
8.289999961853027;8.345000267028809;8.229999542236328;8.270000457763672;494779;2019-08-01 13:30:00-04:00
8.270000457763672;8.345000267028809;8.210000038146973;8.335000038146973;279759;2019-08-01 14:30:00-04:00
8.329999923706055;8.329999923706055;8.229999542236328;8.260000228881836;313957;2019-08-01 15:30:00-04:00
8.239999771118164;8.25;8.119999885559082;8.135000228881836;258746;2019-08-02 09:30:00-04:00
8.130000114440918;8.1899995803833;8.09000015258789;8.170000076293945;293827;2019-08-02 10:30:00-04:00
8.170000076293945;8.229999542236328;8.135000228881836;8.199999809265137;403575;2019-08-02 11:30:00-04:00
8.210000038146973;8.239999771118164;8.15999984741211;8.164999961853027;517319;2019-08-02 12:30:00-04:00
8.164999961853027;8.194999694824219;8.125;8.164999961853027;158128;2019-08-02 13:30:00-04:00
8.164999961853027;8.25;8.140000343322754;8.239999771118164;190402;2019-08-02 14:30:00-04:00
8.239999771118164;8.279999732971191;8.1899995803833;8.229999542236328;834040;2019-08-02 15:30:00-04:00
8.079999923706055;8.125;7.96999979019165;8.0600004196167;631219;2019-08-05 09:30:00-04:00
8.055000305175781;8.079999923706055;7.840000152587891;8.015000343322754;489098;2019-08-05 10:30:00-04:00
8.020000457763672;8.140000343322754;8.010000228881836;8.015000343322754;388313;2019-08-05 11:30:00-04:00
8.020000457763672;8.039999961853027;8.0;8.020000457763672;332657;2019-08-05 12:30:00-04:00
8.024999618530273;8.09000015258789;7.960000038146973;8.0600004196167;431376;2019-08-05 13:30:00-04:00
8.0600004196167;8.109999656677246;8.03499984741211;8.109999656677246;520425;2019-08-05 14:30:00-04:00
8.100000381469727;8.25;8.079999923706055;8.170000076293945;724699;2019-08-05 15:30:00-04:00
8.239999771118164;8.392499923706055;8.095000267028809;8.180000305175781;259161;2019-08-06 09:30:00-04:00
8.170000076293945;8.359999656677246;8.149999618530273;8.324999809265137;618335;2019-08-06 10:30:00-04:00
8.319999694824219;8.350000381469727;8.3100004196167;8.329999923706055;253097;2019-08-06 11:30:00-04:00
8.324999809265137;8.470000267028809;8.300000190734863;8.425000190734863;366163;2019-08-06 12:30:00-04:00
8.425000190734863;8.484999656677246;8.420000076293945;8.444999694824219;297512;2019-08-06 13:30:00-04:00
8.444999694824219;8.470000267028809;8.399999618530273;8.454999923706055;379681;2019-08-06 14:30:00-04:00
8.449999809265137;8.460000038146973;8.420000076293945;8.430000305175781;570979;2019-08-06 15:30:00-04:00
8.335000038146973;8.369999885559082;8.069999694824219;8.1899995803833;374121;2019-08-07 09:30:00-04:00
8.1899995803833;8.300000190734863;8.149999618530273;8.274999618530273;247859;2019-08-07 10:30:00-04:00
8.274999618530273;8.279999732971191;8.149999618530273;8.199999809265137;153246;2019-08-07 11:30:00-04:00
8.199999809265137;8.244999885559082;8.15999984741211;8.18340015411377;142374;2019-08-07 12:30:00-04:00
8.180000305175781;8.244999885559082;8.175000190734863;8.225000381469727;199899;2019-08-07 13:30:00-04:00
8.239999771118164;8.260000228881836;8.140000343322754;8.149999618530273;341186;2019-08-07 14:30:00-04:00
8.15999984741211;8.279999732971191;8.149999618530273;8.220000267028809;606515;2019-08-07 15:30:00-04:00
8.279999732971191;8.390000343322754;8.210000038146973;8.289999961853027;335473;2019-08-08 09:30:00-04:00
8.300000190734863;8.529999732971191;8.300000190734863;8.489999771118164;454606;2019-08-08 10:30:00-04:00
8.489999771118164;8.515000343322754;8.390000343322754;8.444999694824219;320657;2019-08-08 11:30:00-04:00
8.4399995803833;8.489999771118164;8.40999984741211;8.475000381469727;178441;2019-08-08 12:30:00-04:00
8.470000267028809;8.539999961853027;8.40999984741211;8.5;246537;2019-08-08 13:30:00-04:00
8.510000228881836;8.53499984741211;8.449999809265137;8.470000267028809;254338;2019-08-08 14:30:00-04:00
8.475000381469727;8.539999961853027;8.470000267028809;8.539999961853027;524018;2019-08-08 15:30:00-04:00
8.739999771118164;8.819999694824219;8.359999656677246;8.800000190734863;626674;2019-08-09 09:30:00-04:00
8.805000305175781;8.805000305175781;8.609999656677246;8.640000343322754;294514;2019-08-09 10:30:00-04:00
8.649999618530273;8.6899995803833;8.5;8.670000076293945;221630;2019-08-09 11:30:00-04:00
8.6899995803833;8.779999732971191;8.670000076293945;8.760000228881836;386193;2019-08-09 12:30:00-04:00
8.760000228881836;8.819999694824219;8.739999771118164;8.770000457763672;235436;2019-08-09 13:30:00-04:00
8.770000457763672;8.824999809265137;8.760000228881836;8.770000457763672;248119;2019-08-09 14:30:00-04:00
8.770000457763672;8.930000305175781;8.765000343322754;8.880000114440918;617078;2019-08-09 15:30:00-04:00
8.789999961853027;8.899999618530273;8.520000457763672;8.704999923706055;402401;2019-08-12 09:30:00-04:00
8.710000038146973;8.829999923706055;8.710000038146973;8.795000076293945;194940;2019-08-12 10:30:00-04:00
8.789999961853027;8.845000267028809;8.765000343322754;8.800000190734863;128412;2019-08-12 11:30:00-04:00
8.805000305175781;8.84000015258789;8.755000114440918;8.8100004196167;133027;2019-08-12 12:30:00-04:00
8.8149995803833;8.895000457763672;8.800000190734863;8.863699913024902;155767;2019-08-12 13:30:00-04:00
8.869999885559082;8.899999618530273;8.84000015258789;8.890000343322754;171350;2019-08-12 14:30:00-04:00
8.890000343322754;8.890000343322754;8.835000038146973;8.869999885559082;267621;2019-08-12 15:30:00-04:00
8.84000015258789;8.960000038146973;8.710100173950195;8.960000038146973;383333;2019-08-13 09:30:00-04:00
8.960000038146973;8.960000038146973;8.8149995803833;8.829999923706055;293151;2019-08-13 10:30:00-04:00
8.8149995803833;8.949999809265137;8.800000190734863;8.944999694824219;111166;2019-08-13 11:30:00-04:00
8.9399995803833;8.954999923706055;8.914999961853027;8.9399995803833;91165;2019-08-13 12:30:00-04:00
8.9399995803833;8.949999809265137;8.904999732971191;8.920000076293945;130583;2019-08-13 13:30:00-04:00
8.920000076293945;8.9399995803833;8.899999618530273;8.90999984741211;156013;2019-08-13 14:30:00-04:00
8.899999618530273;8.920000076293945;8.850000381469727;8.859999656677246;277173;2019-08-13 15:30:00-04:00
8.729999542236328;8.729999542236328;8.5600004196167;8.604999542236328;223889;2019-08-14 09:30:00-04:00
8.600000381469727;8.604999542236328;8.470000267028809;8.5;203162;2019-08-14 10:30:00-04:00
8.505000114440918;8.510000228881836;8.449999809265137;8.5;131635;2019-08-14 11:30:00-04:00
8.505000114440918;8.53499984741211;8.4350004196167;8.515000343322754;165447;2019-08-14 12:30:00-04:00
8.510000228881836;8.5600004196167;8.449999809265137;8.460000038146973;112078;2019-08-14 13:30:00-04:00
8.470000267028809;8.5;8.414999961853027;8.449999809265137;158447;2019-08-14 14:30:00-04:00
8.4399995803833;8.460000038146973;8.40999984741211;8.430000305175781;259253;2019-08-14 15:30:00-04:00
8.40999984741211;8.520000457763672;8.319999694824219;8.380000114440918;139722;2019-08-15 09:30:00-04:00
8.390000343322754;8.425000190734863;8.260000228881836;8.324999809265137;112364;2019-08-15 10:30:00-04:00
8.329999923706055;8.380000114440918;8.295000076293945;8.3100004196167;93251;2019-08-15 11:30:00-04:00
8.3100004196167;8.345000267028809;8.3100004196167;8.329999923706055;99634;2019-08-15 12:30:00-04:00
8.319999694824219;8.324999809265137;8.229999542236328;8.289999961853027;138189;2019-08-15 13:30:00-04:00
8.279999732971191;8.324999809265137;8.220000267028809;8.295000076293945;127152;2019-08-15 14:30:00-04:00
8.295000076293945;8.3100004196167;8.260000228881836;8.279999732971191;254456;2019-08-15 15:30:00-04:00
8.359999656677246;8.4350004196167;8.3100004196167;8.40999984741211;167986;2019-08-16 09:30:00-04:00
8.420000076293945;8.579999923706055;8.404800415039062;8.569999694824219;164812;2019-08-16 10:30:00-04:00
8.5600004196167;8.597299575805664;8.529999732971191;8.5600004196167;153011;2019-08-16 11:30:00-04:00
8.5600004196167;8.604999542236328;8.5;8.5;147972;2019-08-16 12:30:00-04:00
8.5;8.555000305175781;8.489999771118164;8.529999732971191;127468;2019-08-16 13:30:00-04:00
8.53499984741211;8.550000190734863;8.479999542236328;8.510000228881836;149195;2019-08-16 14:30:00-04:00
8.510000228881836;8.529999732971191;8.5;8.510000228881836;204393;2019-08-16 15:30:00-04:00
8.5600004196167;8.630000114440918;8.489999771118164;8.520000457763672;191288;2019-08-19 09:30:00-04:00
8.520000457763672;8.550000190734863;8.414999961853027;8.444999694824219;236525;2019-08-19 10:30:00-04:00
8.444999694824219;8.460000038146973;8.369999885559082;8.390000343322754;180421;2019-08-19 11:30:00-04:00
8.385000228881836;8.385000228881836;8.319999694824219;8.380000114440918;114813;2019-08-19 12:30:00-04:00
8.390000343322754;8.399999618530273;8.329999923706055;8.329999923706055;107397;2019-08-19 13:30:00-04:00
8.335000038146973;8.350000381469727;8.274999618530273;8.274999618530273;179813;2019-08-19 14:30:00-04:00
8.274999618530273;8.329999923706055;8.270000457763672;8.279999732971191;228801;2019-08-19 15:30:00-04:00
8.239999771118164;8.274999618530273;8.029999732971191;8.029999732971191;224130;2019-08-20 09:30:00-04:00
8.03499984741211;8.255000114440918;8.010000228881836;8.244999885559082;204718;2019-08-20 10:30:00-04:00
8.239999771118164;8.329999923706055;8.239999771118164;8.319999694824219;96276;2019-08-20 11:30:00-04:00
8.320099830627441;8.359999656677246;8.270000457763672;8.300000190734863;185195;2019-08-20 12:30:00-04:00
8.289999961853027;8.34000015258789;8.28499984741211;8.324999809265137;75650;2019-08-20 13:30:00-04:00
8.322199821472168;8.345000267028809;8.300000190734863;8.3149995803833;87909;2019-08-20 14:30:00-04:00
8.319999694824219;8.329999923706055;8.300000190734863;8.3100004196167;267527;2019-08-20 15:30:00-04:00
8.260000228881836;8.460000038146973;8.25;8.300000190734863;114891;2019-08-21 09:30:00-04:00
8.296299934387207;8.319999694824219;8.199999809265137;8.270000457763672;112702;2019-08-21 10:30:00-04:00
8.274999618530273;8.34000015258789;8.1899995803833;8.204999923706055;923840;2019-08-21 11:30:00-04:00
8.199999809265137;8.220000267028809;8.175000190734863;8.21500015258789;75260;2019-08-21 12:30:00-04:00
8.220000267028809;8.265000343322754;8.199999809265137;8.255000114440918;69674;2019-08-21 13:30:00-04:00
8.255000114440918;8.260000228881836;8.220000267028809;8.260000228881836;737390;2019-08-21 14:30:00-04:00
8.25;8.279999732971191;8.239999771118164;8.279999732971191;214584;2019-08-21 15:30:00-04:00
8.319999694824219;8.40999984741211;8.229999542236328;8.260000228881836;372487;2019-08-22 09:30:00-04:00
8.25;8.270000457763672;8.050000190734863;8.057999610900879;309498;2019-08-22 10:30:00-04:00
8.0600004196167;8.175000190734863;8.0600004196167;8.170000076293945;89783;2019-08-22 11:30:00-04:00
8.180000305175781;8.229999542236328;8.15999984741211;8.210000038146973;100457;2019-08-22 12:30:00-04:00
8.21500015258789;8.234999656677246;8.130000114440918;8.135000228881836;72761;2019-08-22 13:30:00-04:00
8.130000114440918;8.15999984741211;8.109999656677246;8.15999984741211;87873;2019-08-22 14:30:00-04:00
8.15999984741211;8.170000076293945;8.09000015258789;8.100000381469727;152953;2019-08-22 15:30:00-04:00
8.050000190734863;8.069999694824219;7.960000038146973;8.003999710083008;184276;2019-08-23 09:30:00-04:00
8.005000114440918;8.09000015258789;7.869999885559082;7.900000095367432;261017;2019-08-23 10:30:00-04:00
7.900000095367432;7.920000076293945;7.769999980926514;7.795000076293945;149644;2019-08-23 11:30:00-04:00
7.795000076293945;7.880000114440918;7.789999961853027;7.864999771118164;247349;2019-08-23 12:30:00-04:00
7.860000133514404;7.875;7.835000038146973;7.84499979019165;156586;2019-08-23 13:30:00-04:00
7.84499979019165;7.929999828338623;7.840000152587891;7.84499979019165;226260;2019-08-23 14:30:00-04:00
7.849999904632568;7.849999904632568;7.704999923706055;7.75;643000;2019-08-23 15:30:00-04:00
7.869999885559082;7.920000076293945;7.78000020980835;7.860000133514404;181581;2019-08-26 09:30:00-04:00
7.860000133514404;7.920000076293945;7.824999809265137;7.909999847412109;98912;2019-08-26 10:30:00-04:00
7.914999961853027;7.980000019073486;7.900000095367432;7.974999904632568;177217;2019-08-26 11:30:00-04:00
7.974999904632568;8.029999732971191;7.96999979019165;8.015000343322754;134364;2019-08-26 12:30:00-04:00
8.015000343322754;8.069999694824219;8.0;8.045000076293945;145093;2019-08-26 13:30:00-04:00
8.045000076293945;8.09000015258789;8.039999961853027;8.074999809265137;191095;2019-08-26 14:30:00-04:00
8.079999923706055;8.130000114440918;8.0600004196167;8.119999885559082;348600;2019-08-26 15:30:00-04:00
8.149999618530273;8.229999542236328;8.100000381469727;8.114999771118164;127160;2019-08-27 09:30:00-04:00
8.109999656677246;8.109999656677246;8.0;8.005000114440918;114978;2019-08-27 10:30:00-04:00
8.008299827575684;8.029999732971191;7.875;7.90500020980835;115126;2019-08-27 11:30:00-04:00
7.900000095367432;7.909999847412109;7.78000020980835;7.824999809265137;194957;2019-08-27 12:30:00-04:00
7.820000171661377;7.869999885559082;7.789999961853027;7.809999942779541;142886;2019-08-27 13:30:00-04:00
7.804999828338623;7.864999771118164;7.800000190734863;7.840099811553955;161591;2019-08-27 14:30:00-04:00
7.84499979019165;7.849999904632568;7.769999980926514;7.769999980926514;610915;2019-08-27 15:30:00-04:00
7.739999771118164;7.78000020980835;7.650000095367432;7.730000019073486;149974;2019-08-28 09:30:00-04:00
7.730000019073486;7.909999847412109;7.730000019073486;7.90500020980835;217890;2019-08-28 10:30:00-04:00
7.90500020980835;7.920000076293945;7.829999923706055;7.840000152587891;79439;2019-08-28 11:30:00-04:00
7.840000152587891;7.880000114440918;7.809999942779541;7.815000057220459;66218;2019-08-28 12:30:00-04:00
7.820000171661377;7.849999904632568;7.769999980926514;7.800000190734863;73029;2019-08-28 13:30:00-04:00
7.804999828338623;7.804999828338623;7.730000019073486;7.739999771118164;91345;2019-08-28 14:30:00-04:00
7.739999771118164;7.744999885559082;7.690000057220459;7.699999809265137;244877;2019-08-28 15:30:00-04:00
7.769999980926514;7.822999954223633;7.730000019073486;7.78000020980835;172045;2019-08-29 09:30:00-04:00
7.78000020980835;7.809999942779541;7.735000133514404;7.769999980926514;214773;2019-08-29 10:30:00-04:00
7.760000228881836;7.760000228881836;7.690000057220459;7.690000057220459;84512;2019-08-29 11:30:00-04:00
7.690000057220459;7.789999961853027;7.679999828338623;7.735000133514404;198964;2019-08-29 12:30:00-04:00
7.735000133514404;7.739999771118164;7.659999847412109;7.679999828338623;237146;2019-08-29 13:30:00-04:00
7.679999828338623;7.730000019073486;7.619999885559082;7.619999885559082;132858;2019-08-29 14:30:00-04:00
7.625;7.659999847412109;7.579999923706055;7.610000133514404;253922;2019-08-29 15:30:00-04:00
7.619999885559082;7.661300182342529;7.409999847412109;7.53000020980835;249010;2019-08-30 09:30:00-04:00
7.53000020980835;7.599999904632568;7.440000057220459;7.480000019073486;246897;2019-08-30 10:30:00-04:00
7.480000019073486;7.5;7.445000171661377;7.474999904632568;146928;2019-08-30 11:30:00-04:00
7.46999979019165;7.519999980926514;7.46999979019165;7.480000019073486;103634;2019-08-30 12:30:00-04:00
7.480000019073486;7.5;7.460000038146973;7.498899936676025;81091;2019-08-30 13:30:00-04:00
7.5;7.53000020980835;7.409999847412109;7.420000076293945;189518;2019-08-30 14:30:00-04:00
7.425000190734863;7.440000057220459;7.360000133514404;7.400000095367432;410627;2019-08-30 15:30:00-04:00
7.369999885559082;7.446499824523926;7.090000152587891;7.099999904632568;281957;2019-09-03 09:30:00-04:00
7.105000019073486;7.215000152587891;7.050000190734863;7.190000057220459;245543;2019-09-03 10:30:00-04:00
7.195000171661377;7.239999771118164;7.170000076293945;7.190000057220459;111372;2019-09-03 11:30:00-04:00
7.179999828338623;7.179999828338623;7.150000095367432;7.159999847412109;124592;2019-09-03 12:30:00-04:00
7.159999847412109;7.199999809265137;7.079999923706055;7.199999809265137;367072;2019-09-03 13:30:00-04:00
7.190000057220459;7.255000114440918;7.170000076293945;7.190000057220459;226647;2019-09-03 14:30:00-04:00
7.190000057220459;7.230000019073486;7.179999828338623;7.21999979019165;405165;2019-09-03 15:30:00-04:00
7.289999961853027;7.5;7.269999980926514;7.345399856567383;283918;2019-09-04 09:30:00-04:00
7.34499979019165;7.369999885559082;7.289999961853027;7.300099849700928;115738;2019-09-04 10:30:00-04:00
7.304999828338623;7.440000057220459;7.300000190734863;7.420000076293945;193160;2019-09-04 11:30:00-04:00
7.409999847412109;7.429999828338623;7.380000114440918;7.400000095367432;152430;2019-09-04 12:30:00-04:00
7.40500020980835;7.409999847412109;7.349999904632568;7.402500152587891;625740;2019-09-04 13:30:00-04:00
7.409999847412109;7.412499904632568;7.369999885559082;7.385000228881836;171521;2019-09-04 14:30:00-04:00
7.389999866485596;7.400000095367432;7.369999885559082;7.389999866485596;166659;2019-09-04 15:30:00-04:00
7.460000038146973;7.679999828338623;7.460000038146973;7.65500020980835;357079;2019-09-05 09:30:00-04:00
7.650000095367432;7.659999847412109;7.599999904632568;7.644999980926514;189216;2019-09-05 10:30:00-04:00
7.650000095367432;7.65500020980835;7.605000019073486;7.619999885559082;143863;2019-09-05 11:30:00-04:00
7.614999771118164;7.650000095367432;7.599999904632568;7.650000095367432;151389;2019-09-05 12:30:00-04:00
7.650000095367432;7.690000057220459;7.630000114440918;7.664999961853027;183648;2019-09-05 13:30:00-04:00
7.664999961853027;7.664999961853027;7.519999980926514;7.53000020980835;256433;2019-09-05 14:30:00-04:00
7.539999961853027;7.539999961853027;7.489999771118164;7.489999771118164;363211;2019-09-05 15:30:00-04:00
7.489999771118164;7.559999942779541;7.34499979019165;7.559999942779541;149276;2019-09-06 09:30:00-04:00
7.565000057220459;7.570000171661377;7.480000019073486;7.494999885559082;178786;2019-09-06 10:30:00-04:00
7.489999771118164;7.53000020980835;7.480000019073486;7.494999885559082;88420;2019-09-06 11:30:00-04:00
7.494999885559082;7.5100998878479;7.46999979019165;7.46999979019165;165011;2019-09-06 12:30:00-04:00
7.480000019073486;7.480000019073486;7.369999885559082;7.380000114440918;158343;2019-09-06 13:30:00-04:00
7.380000114440918;7.46999979019165;7.360000133514404;7.380000114440918;831426;2019-09-06 14:30:00-04:00
7.380000114440918;7.389999866485596;7.300000190734863;7.320000171661377;280558;2019-09-06 15:30:00-04:00
7.389999866485596;7.53000020980835;7.309999942779541;7.514999866485596;358788;2019-09-09 09:30:00-04:00
7.512499809265137;7.539999961853027;7.429999828338623;7.489999771118164;134044;2019-09-09 10:30:00-04:00
7.489999771118164;7.519999980926514;7.454999923706055;7.465000152587891;115185;2019-09-09 11:30:00-04:00
7.460000038146973;7.514999866485596;7.409999847412109;7.514999866485596;88636;2019-09-09 12:30:00-04:00
7.514999866485596;7.53000020980835;7.46999979019165;7.46999979019165;99878;2019-09-09 13:30:00-04:00
7.46999979019165;7.525000095367432;7.46999979019165;7.514999866485596;157218;2019-09-09 14:30:00-04:00
7.519999980926514;7.53000020980835;7.510000228881836;7.53000020980835;195527;2019-09-09 15:30:00-04:00
7.480000019073486;7.949999809265137;7.460000038146973;7.872499942779541;644315;2019-09-10 09:30:00-04:00
7.875;7.960000038146973;7.829999923706055;7.840000152587891;490165;2019-09-10 10:30:00-04:00
7.829999923706055;7.920000076293945;7.789999961853027;7.869999885559082;456029;2019-09-10 11:30:00-04:00
7.875;7.880000114440918;7.644999980926514;7.735000133514404;326944;2019-09-10 12:30:00-04:00
7.735000133514404;7.809999942779541;7.730000019073486;7.743299961090088;149545;2019-09-10 13:30:00-04:00
7.739999771118164;7.760000228881836;7.710000038146973;7.755000114440918;201520;2019-09-10 14:30:00-04:00
7.755000114440918;7.840000152587891;7.75;7.840000152587891;232091;2019-09-10 15:30:00-04:00
7.860000133514404;7.940000057220459;7.8125;7.869999885559082;665365;2019-09-11 09:30:00-04:00
7.869999885559082;7.963200092315674;7.820000171661377;7.900000095367432;344472;2019-09-11 10:30:00-04:00
7.90500020980835;7.960000038146973;7.829999923706055;7.840000152587891;233185;2019-09-11 11:30:00-04:00
7.840000152587891;7.909999847412109;7.800000190734863;7.804999828338623;141713;2019-09-11 12:30:00-04:00
7.804999828338623;7.880000114440918;7.796199798583984;7.860000133514404;211203;2019-09-11 13:30:00-04:00
7.864999771118164;7.980000019073486;7.849999904632568;7.980000019073486;183238;2019-09-11 14:30:00-04:00
7.980000019073486;8.039999961853027;7.980000019073486;8.0;276627;2019-09-11 15:30:00-04:00
7.980000019073486;8.170000076293945;7.869999885559082;8.109999656677246;242452;2019-09-12 09:30:00-04:00
8.109999656677246;8.164999961853027;8.039999961853027;8.140000343322754;201655;2019-09-12 10:30:00-04:00
8.140000343322754;8.220000267028809;8.140000343322754;8.180000305175781;138606;2019-09-12 11:30:00-04:00
8.180000305175781;8.220000267028809;8.170000076293945;8.19480037689209;132559;2019-09-12 12:30:00-04:00
8.199999809265137;8.3100004196167;8.1899995803833;8.270000457763672;216695;2019-09-12 13:30:00-04:00
8.274999618530273;8.279999732971191;8.199999809265137;8.25;180225;2019-09-12 14:30:00-04:00
8.255000114440918;8.350000381469727;8.239999771118164;8.25;838248;2019-09-12 15:30:00-04:00
8.163999557495117;8.350000381469727;8.010000228881836;8.079999923706055;173973;2019-09-13 09:30:00-04:00
8.074999809265137;8.140000343322754;8.055000305175781;8.0600004196167;91795;2019-09-13 10:30:00-04:00
8.069999694824219;8.074999809265137;8.0;8.010000228881836;123138;2019-09-13 11:30:00-04:00
8.010000228881836;8.050000190734863;8.010000228881836;8.03499984741211;93357;2019-09-13 12:30:00-04:00
8.029999732971191;8.039999961853027;7.989999771118164;8.020000457763672;134693;2019-09-13 13:30:00-04:00
8.020000457763672;8.069999694824219;8.0;8.069899559020996;194449;2019-09-13 14:30:00-04:00
8.0600004196167;8.09000015258789;8.029999732971191;8.039999961853027;193173;2019-09-13 15:30:00-04:00
8.050000190734863;8.1850004196167;8.045000076293945;8.119999885559082;223451;2019-09-16 09:30:00-04:00
8.125;8.149999618530273;8.069999694824219;8.085000038146973;181549;2019-09-16 10:30:00-04:00
8.079999923706055;8.09000015258789;7.989999771118164;8.0600004196167;116768;2019-09-16 11:30:00-04:00
8.079999923706055;8.1899995803833;8.0649995803833;8.149999618530273;90876;2019-09-16 12:30:00-04:00
8.154999732971191;8.170000076293945;8.039999961853027;8.041299819946289;159471;2019-09-16 13:30:00-04:00
8.039999961853027;8.0600004196167;7.980000019073486;8.020000457763672;237470;2019-09-16 14:30:00-04:00
8.010000228881836;8.029999732971191;7.985000133514404;8.010000228881836;222248;2019-09-16 15:30:00-04:00
7.96999979019165;7.96999979019165;7.75;7.820000171661377;193864;2019-09-17 09:30:00-04:00
7.824999809265137;8.029999732971191;7.824999809265137;7.994999885559082;206216;2019-09-17 10:30:00-04:00
7.994999885559082;8.0649995803833;7.994999885559082;8.020000457763672;91779;2019-09-17 11:30:00-04:00
8.029999732971191;8.0600004196167;8.010000228881836;8.020000457763672;102493;2019-09-17 12:30:00-04:00
8.020000457763672;8.0600004196167;8.010000228881836;8.045000076293945;128133;2019-09-17 13:30:00-04:00
8.045000076293945;8.050000190734863;7.985000133514404;8.0;104444;2019-09-17 14:30:00-04:00
8.0;8.039999961853027;7.989999771118164;8.039999961853027;205427;2019-09-17 15:30:00-04:00
7.994999885559082;8.100000381469727;7.909999847412109;7.920000076293945;120239;2019-09-18 09:30:00-04:00
7.914999961853027;7.965000152587891;7.880000114440918;7.900000095367432;103409;2019-09-18 10:30:00-04:00
7.90500020980835;8.0;7.849999904632568;7.989999771118164;155375;2019-09-18 11:30:00-04:00
7.989999771118164;8.0600004196167;7.980000019073486;8.005000114440918;89829;2019-09-18 12:30:00-04:00
8.0;8.079999923706055;7.960000038146973;7.96999979019165;99903;2019-09-18 13:30:00-04:00
7.974999904632568;8.024999618530273;7.954999923706055;8.0;61941;2019-09-18 14:30:00-04:00
8.005000114440918;8.055000305175781;8.0;8.010000228881836;149817;2019-09-18 15:30:00-04:00
8.039999961853027;8.085000038146973;7.980000019073486;7.985000133514404;90192;2019-09-19 09:30:00-04:00
7.989999771118164;8.140000343322754;7.989999771118164;8.050000190734863;98205;2019-09-19 10:30:00-04:00
8.039999961853027;8.069999694824219;8.020000457763672;8.033699989318848;79390;2019-09-19 11:30:00-04:00
8.029999732971191;8.055000305175781;8.005000114440918;8.015000343322754;56279;2019-09-19 12:30:00-04:00
8.016500473022461;8.020000457763672;7.980000019073486;8.015000343322754;50116;2019-09-19 13:30:00-04:00
8.010000228881836;8.020000457763672;7.949999809265137;7.980000019073486;93143;2019-09-19 14:30:00-04:00
7.985000133514404;7.989999771118164;7.894999980926514;7.914999961853027;239796;2019-09-19 15:30:00-04:00
7.900000095367432;7.940000057220459;7.849999904632568;7.920000076293945;640415;2019-09-20 09:30:00-04:00
7.929999828338623;8.010000228881836;7.920000076293945;7.940000057220459;111642;2019-09-20 10:30:00-04:00
7.945000171661377;8.029999732971191;7.940000057220459;7.989999771118164;126939;2019-09-20 11:30:00-04:00
8.0;8.0600004196167;7.900000095367432;7.929999828338623;115452;2019-09-20 12:30:00-04:00
7.929999828338623;8.0;7.920000076293945;7.980000019073486;72718;2019-09-20 13:30:00-04:00
7.989999771118164;8.020000457763672;7.96999979019165;7.96999979019165;61574;2019-09-20 14:30:00-04:00
7.96999979019165;8.020000457763672;7.929999828338623;7.960000038146973;393219;2019-09-20 15:30:00-04:00
7.900000095367432;7.909999847412109;7.730000019073486;7.764999866485596;224066;2019-09-23 09:30:00-04:00
7.760000228881836;7.789999961853027;7.679999828338623;7.730000019073486;290146;2019-09-23 10:30:00-04:00
7.730000019073486;7.78000020980835;7.730000019073486;7.744999885559082;148444;2019-09-23 11:30:00-04:00
7.75;7.860000133514404;7.75;7.829999923706055;207006;2019-09-23 12:30:00-04:00
7.835000038146973;7.849999904632568;7.769999980926514;7.820000171661377;156413;2019-09-23 13:30:00-04:00
7.820000171661377;7.849999904632568;7.75;7.755000114440918;816857;2019-09-23 14:30:00-04:00
7.760000228881836;7.789999961853027;7.730000019073486;7.730000019073486;317030;2019-09-23 15:30:00-04:00
7.75;7.820000171661377;7.510000228881836;7.570000171661377;318780;2019-09-24 09:30:00-04:00
7.570000171661377;7.675000190734863;7.570000171661377;7.630000114440918;107431;2019-09-24 10:30:00-04:00
7.622799873352051;7.690000057220459;7.550000190734863;7.65500020980835;212563;2019-09-24 11:30:00-04:00
7.650000095367432;7.670000076293945;7.619999885559082;7.639999866485596;119727;2019-09-24 12:30:00-04:00
7.650000095367432;7.760000228881836;7.639999866485596;7.75;133980;2019-09-24 13:30:00-04:00
7.744999885559082;7.75;7.659999847412109;7.670000076293945;135925;2019-09-24 14:30:00-04:00
7.670000076293945;7.670000076293945;7.630000114440918;7.659999847412109;227522;2019-09-24 15:30:00-04:00
7.679999828338623;7.769999980926514;7.610000133514404;7.699999809265137;196924;2019-09-25 09:30:00-04:00
7.704999923706055;7.800000190734863;7.679999828338623;7.735000133514404;185427;2019-09-25 10:30:00-04:00
7.735000133514404;7.760000228881836;7.699999809265137;7.750100135803223;107854;2019-09-25 11:30:00-04:00
7.760000228881836;7.78000020980835;7.710000038146973;7.775000095367432;222689;2019-09-25 12:30:00-04:00
7.775000095367432;7.78000020980835;7.724999904632568;7.75;153373;2019-09-25 13:30:00-04:00
7.75;7.760000228881836;7.699999809265137;7.710000038146973;122645;2019-09-25 14:30:00-04:00
7.704999923706055;7.730000019073486;7.699999809265137;7.710000038146973;213188;2019-09-25 15:30:00-04:00
7.75;7.880000114440918;7.710000038146973;7.840000152587891;238143;2019-09-26 09:30:00-04:00
7.842199802398682;7.849999904632568;7.795000076293945;7.820000171661377;127217;2019-09-26 10:30:00-04:00
7.820000171661377;7.909999847412109;7.820000171661377;7.852499961853027;170233;2019-09-26 11:30:00-04:00
7.853000164031982;7.900000095367432;7.809999942779541;7.829999923706055;166555;2019-09-26 12:30:00-04:00
7.829999923706055;7.869999885559082;7.789999961853027;7.789999961853027;107742;2019-09-26 13:30:00-04:00
7.789999961853027;7.820000171661377;7.769999980926514;7.800000190734863;81551;2019-09-26 14:30:00-04:00
7.800000190734863;7.855000019073486;7.800000190734863;7.800000190734863;191734;2019-09-26 15:30:00-04:00
7.789999961853027;7.885000228881836;7.735000133514404;7.829999923706055;150153;2019-09-27 09:30:00-04:00
7.835000038146973;7.849999904632568;7.794099807739258;7.84499979019165;68475;2019-09-27 10:30:00-04:00
7.845699787139893;7.849999904632568;7.744999885559082;7.769999980926514;100653;2019-09-27 11:30:00-04:00
7.769999980926514;7.784999847412109;7.704999923706055;7.760000228881836;96876;2019-09-27 12:30:00-04:00
7.760000228881836;7.789999961853027;7.75;7.760000228881836;76133;2019-09-27 13:30:00-04:00
7.760000228881836;7.760000228881836;7.659999847412109;7.685100078582764;77065;2019-09-27 14:30:00-04:00
7.684999942779541;7.769999980926514;7.679999828338623;7.760000228881836;178737;2019-09-27 15:30:00-04:00
7.71999979019165;7.769999980926514;7.670000076293945;7.690000057220459;118137;2019-09-30 09:30:00-04:00
7.687399864196777;7.75;7.650000095367432;7.744999885559082;153625;2019-09-30 10:30:00-04:00
7.744999885559082;7.793499946594238;7.730000019073486;7.789999961853027;72210;2019-09-30 11:30:00-04:00
7.795000076293945;7.795000076293945;7.715000152587891;7.715000152587891;93929;2019-09-30 12:30:00-04:00
7.710000038146973;7.769999980926514;7.679999828338623;7.769999980926514;69294;2019-09-30 13:30:00-04:00
7.769999980926514;7.809999942779541;7.769999980926514;7.799900054931641;122035;2019-09-30 14:30:00-04:00
7.789999961853027;7.800000190734863;7.75;7.769999980926514;308157;2019-09-30 15:30:00-04:00
7.760000228881836;7.789999961853027;7.510000228881836;7.539999961853027;213273;2019-10-01 09:30:00-04:00
7.539999961853027;7.559999942779541;7.480000019073486;7.494999885559082;203493;2019-10-01 10:30:00-04:00
7.5;7.510000228881836;7.239999771118164;7.315000057220459;528616;2019-10-01 11:30:00-04:00
7.315000057220459;7.400000095367432;7.199999809265137;7.199999809265137;510815;2019-10-01 12:30:00-04:00
7.199999809265137;7.239999771118164;7.125;7.166500091552734;363233;2019-10-01 13:30:00-04:00
7.170000076293945;7.244999885559082;7.15500020980835;7.224999904632568;237742;2019-10-01 14:30:00-04:00
7.224999904632568;7.25;7.190000057220459;7.239999771118164;451319;2019-10-01 15:30:00-04:00
7.159999847412109;7.230000019073486;6.940000057220459;7.110000133514404;183321;2019-10-02 09:30:00-04:00
7.110000133514404;7.230000019073486;7.090000152587891;7.190000057220459;155216;2019-10-02 10:30:00-04:00
7.199999809265137;7.210000038146973;7.09499979019165;7.119999885559082;128001;2019-10-02 11:30:00-04:00
7.119999885559082;7.159999847412109;7.09499979019165;7.139999866485596;78649;2019-10-02 12:30:00-04:00
7.130000114440918;7.139999866485596;7.09499979019165;7.139999866485596;109064;2019-10-02 13:30:00-04:00
7.135000228881836;7.179999828338623;7.119999885559082;7.170000076293945;135923;2019-10-02 14:30:00-04:00
7.159999847412109;7.195000171661377;7.119999885559082;7.179999828338623;307621;2019-10-02 15:30:00-04:00
7.150000095367432;7.199999809265137;7.019999980926514;7.184999942779541;271393;2019-10-03 09:30:00-04:00
7.179999828338623;7.215000152587891;7.09499979019165;7.199999809265137;146322;2019-10-03 10:30:00-04:00
7.204999923706055;7.315000057220459;7.179999828338623;7.284999847412109;398509;2019-10-03 11:30:00-04:00
7.284999847412109;7.309999942779541;7.235000133514404;7.269999980926514;173418;2019-10-03 12:30:00-04:00
7.269999980926514;7.300000190734863;7.25;7.284999847412109;61869;2019-10-03 13:30:00-04:00
7.28000020980835;7.289999961853027;7.210000038146973;7.235000133514404;187403;2019-10-03 14:30:00-04:00
7.230000019073486;7.260000228881836;7.195000171661377;7.25;203836;2019-10-03 15:30:00-04:00
7.269999980926514;7.369999885559082;7.179999828338623;7.21999979019165;114106;2019-10-04 09:30:00-04:00
7.215000152587891;7.215000152587891;7.119999885559082;7.135000228881836;122693;2019-10-04 10:30:00-04:00
7.135000228881836;7.239999771118164;7.119999885559082;7.210000038146973;128774;2019-10-04 11:30:00-04:00
7.215000152587891;7.260000228881836;7.199999809265137;7.255000114440918;60519;2019-10-04 12:30:00-04:00
7.25;7.264999866485596;7.210000038146973;7.235000133514404;102720;2019-10-04 13:30:00-04:00
7.235000133514404;7.239999771118164;7.204999923706055;7.224999904632568;91795;2019-10-04 14:30:00-04:00
7.224999904632568;7.269999980926514;7.21999979019165;7.25;230532;2019-10-04 15:30:00-04:00
7.239999771118164;7.289999961853027;7.111499786376953;7.190000057220459;100883;2019-10-07 09:30:00-04:00
7.204999923706055;7.210000038146973;7.159999847412109;7.164999961853027;126198;2019-10-07 10:30:00-04:00
7.164999961853027;7.25;7.150000095367432;7.21999979019165;124366;2019-10-07 11:30:00-04:00
7.21999979019165;7.239999771118164;7.159999847412109;7.195000171661377;53185;2019-10-07 12:30:00-04:00
7.199999809265137;7.235000133514404;7.170000076293945;7.190000057220459;64310;2019-10-07 13:30:00-04:00
7.195000171661377;7.25;7.130000114440918;7.232999801635742;174584;2019-10-07 14:30:00-04:00
7.230000019073486;7.329999923706055;7.224999904632568;7.28000020980835;479971;2019-10-07 15:30:00-04:00
7.210000038146973;7.211699962615967;7.090000152587891;7.139999866485596;121571;2019-10-08 09:30:00-04:00
7.139999866485596;7.260000228881836;7.090000152587891;7.21999979019165;107197;2019-10-08 10:30:00-04:00
7.21999979019165;7.224999904632568;7.15500020980835;7.199999809265137;200566;2019-10-08 11:30:00-04:00
7.195000171661377;7.210000038146973;7.150000095367432;7.184999942779541;72278;2019-10-08 12:30:00-04:00
7.190000057220459;7.277200222015381;7.163000106811523;7.264999866485596;542799;2019-10-08 13:30:00-04:00
7.264999866485596;7.304999828338623;7.179999828338623;7.210000038146973;211457;2019-10-08 14:30:00-04:00
7.20389986038208;7.25;7.190000057220459;7.230000019073486;217375;2019-10-08 15:30:00-04:00
7.300000190734863;7.340000152587891;7.170000076293945;7.235000133514404;114716;2019-10-09 09:30:00-04:00
7.230000019073486;7.269999980926514;7.199999809265137;7.267000198364258;126444;2019-10-09 10:30:00-04:00
7.264999866485596;7.264999866485596;7.195000171661377;7.210000038146973;77860;2019-10-09 11:30:00-04:00
7.210000038146973;7.230000019073486;7.195000171661377;7.215000152587891;55717;2019-10-09 12:30:00-04:00
7.210000038146973;7.260000228881836;7.210000038146973;7.21999979019165;101875;2019-10-09 13:30:00-04:00
7.215000152587891;7.25;7.159999847412109;7.170000076293945;211480;2019-10-09 14:30:00-04:00
7.170000076293945;7.21999979019165;7.170000076293945;7.199999809265137;235716;2019-10-09 15:30:00-04:00
7.210000038146973;7.264999866485596;7.150000095367432;7.199999809265137;0;2019-10-10 09:30:00-04:00
7.199999809265137;7.269999980926514;7.170000076293945;7.170000076293945;188135;2019-10-10 10:30:00-04:00
7.179999828338623;7.190000057220459;7.119999885559082;7.135000228881836;82444;2019-10-10 11:30:00-04:00
7.139999866485596;7.150000095367432;7.088699817657471;7.088699817657471;73345;2019-10-10 12:30:00-04:00
7.090000152587891;7.099999904632568;7.03000020980835;7.065000057220459;134996;2019-10-10 13:30:00-04:00
7.059999942779541;7.130000114440918;7.054999828338623;7.130000114440918;137174;2019-10-10 14:30:00-04:00
7.130000114440918;7.179999828338623;7.110000133514404;7.139999866485596;305498;2019-10-10 15:30:00-04:00
7.230000019073486;7.420000076293945;7.150000095367432;7.394999980926514;261613;2019-10-11 09:30:00-04:00
7.409999847412109;7.46999979019165;7.399600028991699;7.414999961853027;181597;2019-10-11 10:30:00-04:00
7.414999961853027;7.429999828338623;7.340000152587891;7.394999980926514;111125;2019-10-11 11:30:00-04:00
7.400000095367432;7.409999847412109;7.360000133514404;7.389999866485596;100225;2019-10-11 12:30:00-04:00
7.389999866485596;7.409999847412109;7.360000133514404;7.380000114440918;96750;2019-10-11 13:30:00-04:00
7.380000114440918;7.400000095367432;7.375;7.389999866485596;67387;2019-10-11 14:30:00-04:00
7.400000095367432;7.400000095367432;7.309999942779541;7.309999942779541;174155;2019-10-11 15:30:00-04:00
7.289999961853027;7.409999847412109;7.21999979019165;7.389999866485596;0;2019-10-14 09:30:00-04:00
7.389999866485596;7.46999979019165;7.380000114440918;7.465000152587891;96824;2019-10-14 10:30:00-04:00
7.460000038146973;7.514999866485596;7.440000057220459;7.5;130150;2019-10-14 11:30:00-04:00
7.5;7.5;7.440000057220459;7.480000019073486;105367;2019-10-14 12:30:00-04:00
7.480000019073486;7.539999961853027;7.474999904632568;7.534999847412109;158980;2019-10-14 13:30:00-04:00
7.530499935150146;7.539999961853027;7.454999923706055;7.510000228881836;187758;2019-10-14 14:30:00-04:00
7.510000228881836;7.605000019073486;7.5;7.590000152587891;360314;2019-10-14 15:30:00-04:00
7.639999866485596;7.735000133514404;7.5;7.699999809265137;369640;2019-10-15 09:30:00-04:00
7.699999809265137;7.760000228881836;7.650000095367432;7.755000114440918;217910;2019-10-15 10:30:00-04:00
7.755000114440918;7.800000190734863;7.710000038146973;7.769999980926514;148077;2019-10-15 11:30:00-04:00
7.769999980926514;7.804999828338623;7.760000228881836;7.800000190734863;119526;2019-10-15 12:30:00-04:00
7.800000190734863;7.809999942779541;7.755000114440918;7.769999980926514;210361;2019-10-15 13:30:00-04:00
7.760000228881836;7.800000190734863;7.724999904632568;7.795000076293945;179419;2019-10-15 14:30:00-04:00
7.800000190734863;7.809999942779541;7.769999980926514;7.809999942779541;241819;2019-10-15 15:30:00-04:00
7.800000190734863;7.900000095367432;7.710000038146973;7.840499877929687;240553;2019-10-16 09:30:00-04:00
7.84499979019165;7.880000114440918;7.829999923706055;7.835000038146973;66529;2019-10-16 10:30:00-04:00
7.835000038146973;7.860000133514404;7.809999942779541;7.820000171661377;62025;2019-10-16 11:30:00-04:00
7.829999923706055;7.835000038146973;7.75;7.75;59196;2019-10-16 12:30:00-04:00
7.755000114440918;7.789999961853027;7.724999904632568;7.75;77033;2019-10-16 13:30:00-04:00
7.75;7.800000190734863;7.75;7.78000020980835;121871;2019-10-16 14:30:00-04:00
7.78000020980835;7.809999942779541;7.78000020980835;7.800000190734863;143113;2019-10-16 15:30:00-04:00
7.78000020980835;7.929999828338623;7.755000114440918;7.909999847412109;91811;2019-10-17 09:30:00-04:00
7.900000095367432;7.920000076293945;7.849999904632568;7.885000228881836;171042;2019-10-17 10:30:00-04:00
7.885000228881836;7.885000228881836;7.71999979019165;7.755000114440918;169268;2019-10-17 11:30:00-04:00
7.760000228881836;7.829999923706055;7.758999824523926;7.795000076293945;93322;2019-10-17 12:30:00-04:00
7.800000190734863;7.800000190734863;7.75;7.755000114440918;89361;2019-10-17 13:30:00-04:00
7.755000114440918;7.809999942779541;7.730000019073486;7.789999961853027;104563;2019-10-17 14:30:00-04:00
7.795000076293945;7.800000190734863;7.739999771118164;7.760000228881836;286926;2019-10-17 15:30:00-04:00
7.710000038146973;7.730000019073486;7.565000057220459;7.579999923706055;162298;2019-10-18 09:30:00-04:00
7.579999923706055;7.599999904632568;7.489999771118164;7.5;113244;2019-10-18 10:30:00-04:00
7.494999885559082;7.519999980926514;7.409999847412109;7.460000038146973;175175;2019-10-18 11:30:00-04:00
7.449999809265137;7.559999942779541;7.449999809265137;7.559999942779541;160358;2019-10-18 12:30:00-04:00
7.559999942779541;7.630000114440918;7.539999961853027;7.630000114440918;90047;2019-10-18 13:30:00-04:00
7.630000114440918;7.659999847412109;7.625;7.639999866485596;60559;2019-10-18 14:30:00-04:00
7.639999866485596;7.684999942779541;7.599999904632568;7.650000095367432;304132;2019-10-18 15:30:00-04:00
7.730000019073486;7.804100036621094;7.690000057220459;7.764999866485596;181837;2019-10-21 09:30:00-04:00
7.760000228881836;7.800000190734863;7.730000019073486;7.744999885559082;87035;2019-10-21 10:30:00-04:00
7.739999771118164;7.760000228881836;7.71999979019165;7.744999885559082;54978;2019-10-21 11:30:00-04:00
7.75;7.75;7.710000038146973;7.730000019073486;76676;2019-10-21 12:30:00-04:00
7.730000019073486;7.760000228881836;7.690000057220459;7.695000171661377;86921;2019-10-21 13:30:00-04:00
7.695000171661377;7.739999771118164;7.695000171661377;7.730000019073486;86060;2019-10-21 14:30:00-04:00
7.730000019073486;7.755000114440918;7.724999904632568;7.739999771118164;200098;2019-10-21 15:30:00-04:00
7.75;7.75;7.59499979019165;7.699999809265137;0;2019-10-22 09:30:00-04:00
7.695000171661377;7.710000038146973;7.635000228881836;7.695000171661377;110510;2019-10-22 10:30:00-04:00
7.690000057220459;7.744999885559082;7.670000076293945;7.730000019073486;150170;2019-10-22 11:30:00-04:00
7.739999771118164;7.755000114440918;7.710000038146973;7.710000038146973;105051;2019-10-22 12:30:00-04:00
7.715000152587891;7.730000019073486;7.659999847412109;7.695000171661377;245503;2019-10-22 13:30:00-04:00
7.695000171661377;7.710000038146973;7.670000076293945;7.695000171661377;232754;2019-10-22 14:30:00-04:00
7.690000057220459;7.699999809265137;7.659999847412109;7.679999828338623;129379;2019-10-22 15:30:00-04:00
7.699999809265137;7.820000171661377;7.650000095367432;7.75;254642;2019-10-23 09:30:00-04:00
7.75;7.769999980926514;7.715000152587891;7.739999771118164;218536;2019-10-23 10:30:00-04:00
7.75;7.760000228881836;7.710000038146973;7.724999904632568;153421;2019-10-23 11:30:00-04:00
7.724999904632568;7.75;7.699999809265137;7.710000038146973;192739;2019-10-23 12:30:00-04:00
7.715000152587891;7.730000019073486;7.704999923706055;7.715000152587891;100346;2019-10-23 13:30:00-04:00
7.71999979019165;7.7332000732421875;7.710000038146973;7.724999904632568;314837;2019-10-23 14:30:00-04:00
7.730000019073486;7.764999866485596;7.71999979019165;7.760000228881836;365955;2019-10-23 15:30:00-04:00
7.769999980926514;7.860000133514404;7.710000038146973;7.793499946594238;116279;2019-10-24 09:30:00-04:00
7.795000076293945;7.795000076293945;7.65500020980835;7.775000095367432;2248201;2019-10-24 10:30:00-04:00
7.775000095367432;7.900000095367432;7.775000095367432;7.860000133514404;194862;2019-10-24 11:30:00-04:00
7.864999771118164;7.864999771118164;7.789999961853027;7.800000190734863;108731;2019-10-24 12:30:00-04:00
7.800000190734863;7.849999904632568;7.795000076293945;7.849999904632568;80600;2019-10-24 13:30:00-04:00
7.84499979019165;7.880000114440918;7.829999923706055;7.875;138460;2019-10-24 14:30:00-04:00
7.875;7.875;7.835000038146973;7.849999904632568;245571;2019-10-24 15:30:00-04:00
7.78000020980835;7.849999904632568;7.75;7.849999904632568;104169;2019-10-25 09:30:00-04:00
7.849999904632568;7.909999847412109;7.820000171661377;7.889999866485596;131390;2019-10-25 10:30:00-04:00
7.900000095367432;7.929999828338623;7.889999866485596;7.90500020980835;182710;2019-10-25 11:30:00-04:00
7.900000095367432;7.940000057220459;7.889999866485596;7.934999942779541;65101;2019-10-25 12:30:00-04:00
7.934999942779541;7.989999771118164;7.920000076293945;7.985000133514404;92156;2019-10-25 13:30:00-04:00
7.980000019073486;8.024999618530273;7.90500020980835;7.909999847412109;233509;2019-10-25 14:30:00-04:00
7.909999847412109;7.909999847412109;7.789999961853027;7.789999961853027;547897;2019-10-25 15:30:00-04:00
7.869999885559082;7.869999885559082;7.789999961853027;7.849999904632568;0;2019-10-28 09:30:00-04:00
7.849999904632568;7.920000076293945;7.820000171661377;7.835000038146973;163521;2019-10-28 10:30:00-04:00
7.840000152587891;7.840000152587891;7.769999980926514;7.800000190734863;205415;2019-10-28 11:30:00-04:00
7.800000190734863;7.800000190734863;7.764999866485596;7.795000076293945;60692;2019-10-28 12:30:00-04:00
7.800000190734863;7.800000190734863;7.739999771118164;7.739999771118164;111296;2019-10-28 13:30:00-04:00
7.75;7.75;7.710000038146973;7.75;150407;2019-10-28 14:30:00-04:00
7.739999771118164;7.75;7.630000114440918;7.65500020980835;606744;2019-10-28 15:30:00-04:00
7.659999847412109;7.684999942779541;7.494999885559082;7.539999961853027;171065;2019-10-29 09:30:00-04:00
7.539999961853027;7.619999885559082;7.489999771118164;7.590000152587891;134111;2019-10-29 10:30:00-04:00
7.590000152587891;7.619999885559082;7.583499908447266;7.599999904632568;110597;2019-10-29 11:30:00-04:00
7.599999904632568;7.599999904632568;7.539999961853027;7.59499979019165;91543;2019-10-29 12:30:00-04:00
7.590000152587891;7.619999885559082;7.579999923706055;7.590000152587891;204773;2019-10-29 13:30:00-04:00
7.59499979019165;7.610000133514404;7.494999885559082;7.583000183105469;482079;2019-10-29 14:30:00-04:00
7.590000152587891;7.599999904632568;7.559999942779541;7.579999923706055;758940;2019-10-29 15:30:00-04:00
7.579999923706055;7.579999923706055;7.320000171661377;7.377699851989746;207898;2019-10-30 09:30:00-04:00
7.369999885559082;7.425000190734863;7.239999771118164;7.28000020980835;262452;2019-10-30 10:30:00-04:00
7.28000020980835;7.349999904632568;7.255000114440918;7.324999809265137;196087;2019-10-30 11:30:00-04:00
7.324999809265137;7.369999885559082;7.320099830627441;7.34499979019165;85736;2019-10-30 12:30:00-04:00
7.349999904632568;7.394999980926514;7.320000171661377;7.389999866485596;133687;2019-10-30 13:30:00-04:00
7.382599830627441;7.460000038146973;7.380000114440918;7.445000171661377;148248;2019-10-30 14:30:00-04:00
7.445000171661377;7.460000038146973;7.289999961853027;7.300000190734863;799509;2019-10-30 15:30:00-04:00
7.300000190734863;7.348100185394287;6.96999979019165;7.039999961853027;471454;2019-10-31 09:30:00-04:00
7.034999847412109;7.065000057220459;6.949999809265137;6.965000152587891;202069;2019-10-31 10:30:00-04:00
6.960000038146973;6.989999771118164;6.909999847412109;6.934999942779541;241521;2019-10-31 11:30:00-04:00
6.929999828338623;6.940000057220459;6.815000057220459;6.860000133514404;310116;2019-10-31 12:30:00-04:00
6.860000133514404;6.869999885559082;6.809999942779541;6.849999904632568;355080;2019-10-31 13:30:00-04:00
6.84499979019165;6.985000133514404;6.820000171661377;6.96999979019165;538134;2019-10-31 14:30:00-04:00
6.965000152587891;6.96999979019165;6.909999847412109;6.920000076293945;392076;2019-10-31 15:30:00-04:00
6.920000076293945;7.067699909210205;6.909999847412109;7.036699771881104;213864;2019-11-01 09:30:00-04:00
7.034999847412109;7.099999904632568;6.954999923706055;6.965000152587891;150098;2019-11-01 10:30:00-04:00
6.965000152587891;7.010000228881836;6.925000190734863;6.965000152587891;110132;2019-11-01 11:30:00-04:00
6.960000038146973;7.010000228881836;6.960000038146973;7.0;101530;2019-11-01 12:30:00-04:00
6.994999885559082;7.114999771118164;6.940000057220459;7.050000190734863;427111;2019-11-01 13:30:00-04:00
7.050000190734863;7.070000171661377;6.960000038146973;6.960000038146973;213014;2019-11-01 14:30:00-04:00
6.96999979019165;7.0;6.909999847412109;6.920000076293945;536655;2019-11-01 15:30:00-04:00
6.989999771118164;7.10860013961792;6.960000038146973;7.0233001708984375;241293;2019-11-04 09:30:00-05:00
7.019999980926514;7.139999866485596;7.014999866485596;7.125;139151;2019-11-04 10:30:00-05:00
7.130000114440918;7.150000095367432;7.099999904632568;7.125;100287;2019-11-04 11:30:00-05:00
7.125;7.125;7.059999942779541;7.09499979019165;133869;2019-11-04 12:30:00-05:00
7.099999904632568;7.099999904632568;6.994999885559082;7.019999980926514;149188;2019-11-04 13:30:00-05:00
7.014999866485596;7.059999942779541;6.980000019073486;7.045000076293945;637093;2019-11-04 14:30:00-05:00
7.045000076293945;7.054999828338623;6.960000038146973;6.96999979019165;634790;2019-11-04 15:30:00-05:00
6.989999771118164;7.09499979019165;6.960000038146973;7.010000228881836;210399;2019-11-05 09:30:00-05:00
7.010000228881836;7.03000020980835;6.954999923706055;6.960000038146973;132570;2019-11-05 10:30:00-05:00
6.960000038146973;7.019999980926514;6.860000133514404;6.96999979019165;593535;2019-11-05 11:30:00-05:00
6.974999904632568;7.019999980926514;6.923500061035156;6.934999942779541;464632;2019-11-05 12:30:00-05:00
6.934999942779541;7.03000020980835;6.929999828338623;7.010000228881836;192782;2019-11-05 13:30:00-05:00
7.010000228881836;7.050000190734863;6.994999885559082;7.03000020980835;216876;2019-11-05 14:30:00-05:00
7.034999847412109;7.034999847412109;6.909999847412109;6.920000076293945;682641;2019-11-05 15:30:00-05:00
6.889999866485596;6.920000076293945;6.670000076293945;6.88700008392334;615344;2019-11-06 09:30:00-05:00
6.885000228881836;6.889999866485596;6.739999771118164;6.760000228881836;322172;2019-11-06 10:30:00-05:00
6.75;6.78000020980835;6.675000190734863;6.675000190734863;340108;2019-11-06 11:30:00-05:00
6.675000190734863;6.860000133514404;6.670000076293945;6.860000133514404;380515;2019-11-06 12:30:00-05:00
6.860000133514404;6.869999885559082;6.820000171661377;6.829999923706055;173282;2019-11-06 13:30:00-05:00
6.829999923706055;6.860000133514404;6.809999942779541;6.837500095367432;205380;2019-11-06 14:30:00-05:00
6.829999923706055;6.840000152587891;6.78000020980835;6.789999961853027;547576;2019-11-06 15:30:00-05:00
7.090000152587891;7.130000114440918;6.84499979019165;6.864999771118164;522328;2019-11-07 09:30:00-05:00
6.864999771118164;6.869999885559082;6.630000114440918;6.699999809265137;618687;2019-11-07 10:30:00-05:00
6.699999809265137;6.809999942779541;6.699999809265137;6.760000228881836;335054;2019-11-07 11:30:00-05:00
6.75;6.789999961853027;6.710000038146973;6.724999904632568;261096;2019-11-07 12:30:00-05:00
6.730000019073486;6.75;6.675000190734863;6.75;232967;2019-11-07 13:30:00-05:00
6.739999771118164;6.769999980926514;6.599999904632568;6.605000019073486;360671;2019-11-07 14:30:00-05:00
6.605000019073486;6.610000133514404;6.519999980926514;6.605000019073486;906976;2019-11-07 15:30:00-05:00
6.46999979019165;6.5;5.929999828338623;5.985000133514404;1152851;2019-11-08 09:30:00-05:00
5.985000133514404;6.170000076293945;5.950099945068359;6.09499979019165;582075;2019-11-08 10:30:00-05:00
6.099999904632568;6.130000114440918;6.0;6.03000020980835;344608;2019-11-08 11:30:00-05:00
6.025000095367432;6.079999923706055;6.0;6.079999923706055;327757;2019-11-08 12:30:00-05:00
6.079999923706055;6.090000152587891;6.0;6.039999961853027;375616;2019-11-08 13:30:00-05:00
6.034999847412109;6.039999961853027;6.014999866485596;6.019999980926514;233658;2019-11-08 14:30:00-05:00
6.012499809265137;6.050000190734863;6.0;6.049900054931641;704660;2019-11-08 15:30:00-05:00
6.0;6.269999980926514;5.965000152587891;6.260000228881836;457277;2019-11-11 09:30:00-05:00
6.255000114440918;6.289999961853027;6.119999885559082;6.150000095367432;196250;2019-11-11 10:30:00-05:00
6.144999980926514;6.150000095367432;6.074999809265137;6.09499979019165;128786;2019-11-11 11:30:00-05:00
6.09499979019165;6.099999904632568;6.019999980926514;6.045000076293945;157294;2019-11-11 12:30:00-05:00
6.045000076293945;6.079999923706055;6.039999961853027;6.065000057220459;152862;2019-11-11 13:30:00-05:00
6.070000171661377;6.079999923706055;6.034999847412109;6.039999961853027;209481;2019-11-11 14:30:00-05:00
6.045000076293945;6.059999942779541;6.039999961853027;6.059999942779541;359825;2019-11-11 15:30:00-05:00
5.639999866485596;5.809999942779541;5.239999771118164;5.809500217437744;2720681;2019-11-12 09:30:00-05:00
5.804999828338623;6.050000190734863;5.710000038146973;6.034999847412109;1861494;2019-11-12 10:30:00-05:00
6.039999961853027;6.090000152587891;6.010200023651123;6.070000171661377;597585;2019-11-12 11:30:00-05:00
6.070000171661377;6.079999923706055;6.010000228881836;6.034999847412109;466863;2019-11-12 12:30:00-05:00
6.034999847412109;6.110000133514404;6.03000020980835;6.09499979019165;602663;2019-11-12 13:30:00-05:00
6.09499979019165;6.120100021362305;6.079999923706055;6.105000019073486;588073;2019-11-12 14:30:00-05:00
6.105000019073486;6.25;6.070000171661377;6.159999847412109;1377121;2019-11-12 15:30:00-05:00
6.099999904632568;6.260000228881836;6.010000228881836;6.255000114440918;418977;2019-11-13 09:30:00-05:00
6.255000114440918;6.389999866485596;6.239999771118164;6.375;244265;2019-11-13 10:30:00-05:00
6.380000114440918;6.409999847412109;6.25;6.25;203813;2019-11-13 11:30:00-05:00
6.244999885559082;6.28000020980835;6.175000190734863;6.264999866485596;686669;2019-11-13 12:30:00-05:00
6.269999980926514;6.409999847412109;6.260000228881836;6.389999866485596;257920;2019-11-13 13:30:00-05:00
6.385000228881836;6.53000020980835;6.380099773406982;6.510000228881836;431410;2019-11-13 14:30:00-05:00
6.505000114440918;6.550000190734863;6.480000019073486;6.550000190734863;775220;2019-11-13 15:30:00-05:00
6.53000020980835;6.670000076293945;6.47599983215332;6.659999847412109;523178;2019-11-14 09:30:00-05:00
6.65500020980835;6.849999904632568;6.650000095367432;6.849999904632568;665555;2019-11-14 10:30:00-05:00
6.84499979019165;7.019999980926514;6.800000190734863;6.989999771118164;690797;2019-11-14 11:30:00-05:00
6.994999885559082;7.039999961853027;6.889999866485596;7.0;746258;2019-11-14 12:30:00-05:00
7.0;7.059999942779541;6.920000076293945;7.014999866485596;615253;2019-11-14 13:30:00-05:00
7.010000228881836;7.03000020980835;6.965000152587891;7.001999855041504;552780;2019-11-14 14:30:00-05:00
7.005000114440918;7.110000133514404;6.994999885559082;7.099999904632568;816004;2019-11-14 15:30:00-05:00
7.119999885559082;7.119999885559082;7.039999961853027;7.090000152587891;326130;2019-11-15 09:30:00-05:00
7.085000038146973;7.25;7.085000038146973;7.139999866485596;527486;2019-11-15 10:30:00-05:00
7.139999866485596;7.175000190734863;7.079999923706055;7.090000152587891;602929;2019-11-15 11:30:00-05:00
7.079999923706055;7.21999979019165;7.070000171661377;7.190000057220459;513860;2019-11-15 12:30:00-05:00
7.199999809265137;7.25;7.114999771118164;7.119999885559082;586865;2019-11-15 13:30:00-05:00
7.110000133514404;7.150000095367432;7.090000152587891;7.114999771118164;567417;2019-11-15 14:30:00-05:00
7.119999885559082;7.210000038146973;7.110000133514404;7.199999809265137;784187;2019-11-15 15:30:00-05:00
7.150000095367432;7.25;7.079999923706055;7.085000038146973;537822;2019-11-18 09:30:00-05:00
7.090000152587891;7.150000095367432;7.050000190734863;7.059999942779541;544170;2019-11-18 10:30:00-05:00
7.050000190734863;7.079999923706055;6.980000019073486;6.994999885559082;518243;2019-11-18 11:30:00-05:00
6.989999771118164;7.03000020980835;6.940000057220459;6.949999809265137;502110;2019-11-18 12:30:00-05:00
6.949999809265137;6.960000038146973;6.679999828338623;6.744999885559082;746081;2019-11-18 13:30:00-05:00
6.739999771118164;6.789999961853027;6.659999847412109;6.789999961853027;580563;2019-11-18 14:30:00-05:00
6.789999961853027;6.789999961853027;6.710000038146973;6.730000019073486;472838;2019-11-18 15:30:00-05:00
6.789000034332275;6.889999866485596;6.703700065612793;6.88129997253418;552479;2019-11-19 09:30:00-05:00
6.885000228881836;6.889999866485596;6.570000171661377;6.573299884796143;532356;2019-11-19 10:30:00-05:00
6.579999923706055;6.78000020980835;6.570000171661377;6.769999980926514;563109;2019-11-19 11:30:00-05:00
6.769999980926514;6.849999904632568;6.739999771118164;6.769999980926514;476392;2019-11-19 12:30:00-05:00
6.769999980926514;6.860000133514404;6.739999771118164;6.855000019073486;478640;2019-11-19 13:30:00-05:00
6.8557000160217285;6.864999771118164;6.78000020980835;6.800000190734863;522283;2019-11-19 14:30:00-05:00
6.804999828338623;6.829999923706055;6.78000020980835;6.800000190734863;421869;2019-11-19 15:30:00-05:00
6.75;6.903200149536133;6.659999847412109;6.670000076293945;532821;2019-11-20 09:30:00-05:00
6.684999942779541;6.710000038146973;6.460000038146973;6.505000114440918;695132;2019-11-20 10:30:00-05:00
6.5;6.519999980926514;6.380000114440918;6.429999828338623;611187;2019-11-20 11:30:00-05:00
6.429999828338623;6.46999979019165;6.309999942779541;6.315000057220459;648428;2019-11-20 12:30:00-05:00
6.309999942779541;6.315000057220459;6.230000019073486;6.25;678754;2019-11-20 13:30:00-05:00
6.260000228881836;6.260000228881836;6.190000057220459;6.230000019073486;755975;2019-11-20 14:30:00-05:00
6.239999771118164;6.239999771118164;6.090199947357178;6.159999847412109;697791;2019-11-20 15:30:00-05:00
6.21999979019165;6.289999961853027;6.119999885559082;6.139999866485596;425074;2019-11-21 09:30:00-05:00
6.130000114440918;6.230000019073486;6.119999885559082;6.204999923706055;450669;2019-11-21 10:30:00-05:00
6.204999923706055;6.275000095367432;6.199999809265137;6.235000133514404;438710;2019-11-21 11:30:00-05:00
6.230000019073486;6.260000228881836;6.199999809265137;6.230000019073486;387007;2019-11-21 12:30:00-05:00
6.230000019073486;6.260000228881836;6.179999828338623;6.199999809265137;414095;2019-11-21 13:30:00-05:00
6.190000057220459;6.25;6.139999866485596;6.239999771118164;409358;2019-11-21 14:30:00-05:00
6.239999771118164;6.260000228881836;6.21999979019165;6.230000019073486;301066;2019-11-21 15:30:00-05:00
6.289999961853027;6.300000190734863;6.179999828338623;6.215000152587891;230140;2019-11-22 09:30:00-05:00
6.215000152587891;6.239999771118164;6.139999866485596;6.175000190734863;231428;2019-11-22 10:30:00-05:00
6.179999828338623;6.260000228881836;6.173900127410889;6.215000152587891;92510;2019-11-22 11:30:00-05:00
6.212399959564209;6.230000019073486;6.170000076293945;6.179999828338623;203418;2019-11-22 12:30:00-05:00
6.184999942779541;6.190000057220459;6.130000114440918;6.170000076293945;133771;2019-11-22 13:30:00-05:00
6.170000076293945;6.300000190734863;6.164999961853027;6.260000228881836;183975;2019-11-22 14:30:00-05:00
6.25;6.25;6.204999923706055;6.230000019073486;190977;2019-11-22 15:30:00-05:00
6.230000019073486;6.429999828338623;6.199999809265137;6.389999866485596;546833;2019-11-25 09:30:00-05:00
6.389999866485596;6.440000057220459;6.320000171661377;6.355000019073486;277404;2019-11-25 10:30:00-05:00
6.34499979019165;6.429999828338623;6.340000152587891;6.349999904632568;289783;2019-11-25 11:30:00-05:00
6.340000152587891;6.400000095367432;6.329999923706055;6.369999885559082;255126;2019-11-25 12:30:00-05:00
6.364999771118164;6.369999885559082;6.295000076293945;6.315000057220459;251258;2019-11-25 13:30:00-05:00
6.320000171661377;6.420000076293945;6.289999961853027;6.409999847412109;349396;2019-11-25 14:30:00-05:00
6.409999847412109;6.460000038146973;6.400000095367432;6.429999828338623;372670;2019-11-25 15:30:00-05:00
6.409999847412109;6.5;6.2820000648498535;6.340000152587891;631260;2019-11-26 09:30:00-05:00
6.349999904632568;6.389999866485596;6.340000152587891;6.349999904632568;233419;2019-11-26 10:30:00-05:00
6.3420000076293945;6.349999904632568;6.320000171661377;6.329999923706055;87395;2019-11-26 11:30:00-05:00
6.329999923706055;6.420000076293945;6.320799827575684;6.420000076293945;144703;2019-11-26 12:30:00-05:00
6.414999961853027;6.46999979019165;6.394899845123291;6.429999828338623;192104;2019-11-26 13:30:00-05:00
6.429999828338623;6.449999809265137;6.335000038146973;6.340000152587891;315030;2019-11-26 14:30:00-05:00
6.34499979019165;6.360000133514404;6.269999980926514;6.320000171661377;470266;2019-11-26 15:30:00-05:00
6.340000152587891;6.425000190734863;6.289999961853027;6.425000190734863;128883;2019-11-27 09:30:00-05:00
6.429999828338623;6.480000019073486;6.420000076293945;6.474999904632568;94773;2019-11-27 10:30:00-05:00
6.474999904632568;6.519999980926514;6.449999809265137;6.454999923706055;100737;2019-11-27 11:30:00-05:00
6.454999923706055;6.539999961853027;6.449999809265137;6.525000095367432;111094;2019-11-27 12:30:00-05:00
6.525000095367432;6.639999866485596;6.510000228881836;6.635000228881836;190843;2019-11-27 13:30:00-05:00
6.635000228881836;6.670000076293945;6.610000133514404;6.619999885559082;159051;2019-11-27 14:30:00-05:00
6.630000114440918;6.659999847412109;6.619999885559082;6.659999847412109;214693;2019-11-27 15:30:00-05:00
6.670000076293945;6.690000057220459;6.599999904632568;6.679999828338623;87239;2019-11-29 09:30:00-05:00
6.690000057220459;6.744999885559082;6.659999847412109;6.744999885559082;112052;2019-11-29 10:30:00-05:00
6.739999771118164;6.789999961853027;6.735000133514404;6.784999847412109;106385;2019-11-29 11:30:00-05:00
6.784999847412109;6.784999847412109;6.690000057220459;6.716100215911865;0;2019-11-29 13:00:00-05:00
6.730000019073486;6.769999980926514;6.633200168609619;6.679999828338623;221918;2019-12-02 09:30:00-05:00
6.679999828338623;6.78000020980835;6.670000076293945;6.78000020980835;158368;2019-12-02 10:30:00-05:00
6.775000095367432;6.809999942779541;6.699999809265137;6.699999809265137;141551;2019-12-02 11:30:00-05:00
6.704999923706055;6.71999979019165;6.65500020980835;6.659999847412109;112384;2019-12-02 12:30:00-05:00
6.664999961853027;6.735000133514404;6.644999980926514;6.65500020980835;117125;2019-12-02 13:30:00-05:00
6.659999847412109;6.739999771118164;6.65500020980835;6.699999809265137;215323;2019-12-02 14:30:00-05:00
6.699999809265137;6.78000020980835;6.670000076293945;6.690000057220459;487036;2019-12-02 15:30:00-05:00
6.53000020980835;6.760000228881836;6.53000020980835;6.744999885559082;275355;2019-12-03 09:30:00-05:00
6.735000133514404;6.78000020980835;6.699999809265137;6.710000038146973;262677;2019-12-03 10:30:00-05:00
6.715000152587891;6.755000114440918;6.704999923706055;6.744999885559082;133963;2019-12-03 11:30:00-05:00
6.744100093841553;6.860000133514404;6.735000133514404;6.775000095367432;289787;2019-12-03 12:30:00-05:00
6.774199962615967;6.789999961853027;6.75;6.775000095367432;123470;2019-12-03 13:30:00-05:00
6.769999980926514;6.78000020980835;6.710000038146973;6.735000133514404;216837;2019-12-03 14:30:00-05:00
6.735000133514404;6.760000228881836;6.730000019073486;6.739999771118164;436718;2019-12-03 15:30:00-05:00
6.730000019073486;6.929999828338623;6.730000019073486;6.885000228881836;488237;2019-12-04 09:30:00-05:00
6.885000228881836;6.90500020980835;6.855000019073486;6.900000095367432;193968;2019-12-04 10:30:00-05:00
6.889999866485596;6.949999809265137;6.869999885559082;6.934999942779541;139380;2019-12-04 11:30:00-05:00
6.934999942779541;7.010000228881836;6.920000076293945;6.989999771118164;273800;2019-12-04 12:30:00-05:00
6.989999771118164;7.0;6.960000038146973;6.98199987411499;70768;2019-12-04 13:30:00-05:00
6.980000019073486;6.980000019073486;6.900000095367432;6.909999847412109;115081;2019-12-04 14:30:00-05:00
6.909999847412109;6.909999847412109;6.860000133514404;6.889999866485596;407394;2019-12-04 15:30:00-05:00
6.900000095367432;6.960000038146973;6.710000038146973;6.78000020980835;290530;2019-12-05 09:30:00-05:00
6.77869987487793;6.800000190734863;6.730000019073486;6.75;106377;2019-12-05 10:30:00-05:00
6.755000114440918;6.820000171661377;6.739999771118164;6.804999828338623;75109;2019-12-05 11:30:00-05:00
6.800000190734863;6.840000152587891;6.775000095367432;6.840000152587891;75492;2019-12-05 12:30:00-05:00
6.835000038146973;6.860000133514404;6.800000190734863;6.815000057220459;116338;2019-12-05 13:30:00-05:00
6.815000057220459;6.840000152587891;6.755000114440918;6.835000038146973;161769;2019-12-05 14:30:00-05:00
6.840000152587891;6.849999904632568;6.775000095367432;6.809999942779541;302879;2019-12-05 15:30:00-05:00
6.800000190734863;6.949999809265137;6.800000190734863;6.90500020980835;229499;2019-12-06 09:30:00-05:00
6.90500020980835;6.929999828338623;6.869999885559082;6.915800094604492;322680;2019-12-06 10:30:00-05:00
6.909999847412109;6.920000076293945;6.880000114440918;6.885000228881836;276607;2019-12-06 11:30:00-05:00
6.885000228881836;6.889999866485596;6.804999828338623;6.824999809265137;135625;2019-12-06 12:30:00-05:00
6.824999809265137;6.829999923706055;6.789999961853027;6.820000171661377;168528;2019-12-06 13:30:00-05:00
6.824999809265137;6.929999828338623;6.824999809265137;6.909999847412109;160717;2019-12-06 14:30:00-05:00
6.920000076293945;6.960000038146973;6.920000076293945;6.960000038146973;217357;2019-12-06 15:30:00-05:00
6.960000038146973;7.034999847412109;6.917799949645996;7.0233001708984375;235361;2019-12-09 09:30:00-05:00
7.019999980926514;7.21999979019165;7.019999980926514;7.196800231933594;363358;2019-12-09 10:30:00-05:00
7.195000171661377;7.260000228881836;7.179999828338623;7.244999885559082;157627;2019-12-09 11:30:00-05:00
7.244999885559082;7.244999885559082;7.164999961853027;7.170000076293945;258272;2019-12-09 12:30:00-05:00
7.170000076293945;7.199999809265137;7.139999866485596;7.15500020980835;125427;2019-12-09 13:30:00-05:00
7.159999847412109;7.204999923706055;7.150000095367432;7.195000171661377;227090;2019-12-09 14:30:00-05:00
7.190000057220459;7.210000038146973;7.139999866485596;7.150000095367432;426068;2019-12-09 15:30:00-05:00
7.150000095367432;7.269999980926514;7.099999904632568;7.150000095367432;147648;2019-12-10 09:30:00-05:00
7.144999980926514;7.25;7.130000114440918;7.244999885559082;132305;2019-12-10 10:30:00-05:00
7.25;7.260000228881836;7.159999847412109;7.190000057220459;174556;2019-12-10 11:30:00-05:00
7.184999942779541;7.21999979019165;7.170000076293945;7.199999809265137;127505;2019-12-10 12:30:00-05:00
7.197299957275391;7.224999904632568;7.179999828338623;7.204999923706055;70823;2019-12-10 13:30:00-05:00
7.210000038146973;7.224999904632568;7.190000057220459;7.210000038146973;104003;2019-12-10 14:30:00-05:00
7.215000152587891;7.21999979019165;7.119999885559082;7.159999847412109;323713;2019-12-10 15:30:00-05:00
7.179999828338623;7.364999771118164;7.150000095367432;7.349999904632568;296325;2019-12-11 09:30:00-05:00
7.340000152587891;7.340000152587891;7.204999923706055;7.224999904632568;133464;2019-12-11 10:30:00-05:00
7.224999904632568;7.239999771118164;7.179999828338623;7.179999828338623;72733;2019-12-11 11:30:00-05:00
7.184999942779541;7.199999809265137;7.164999961853027;7.179999828338623;72822;2019-12-11 12:30:00-05:00
7.175000190734863;7.204999923706055;7.133900165557861;7.195000171661377;111541;2019-12-11 13:30:00-05:00
7.190000057220459;7.21999979019165;7.179999828338623;7.190000057220459;104862;2019-12-11 14:30:00-05:00
7.184999942779541;7.204999923706055;7.159999847412109;7.190000057220459;196750;2019-12-11 15:30:00-05:00
7.179999828338623;7.400000095367432;7.170000076293945;7.340000152587891;316771;2019-12-12 09:30:00-05:00
7.349999904632568;7.460000038146973;7.340000152587891;7.445000171661377;148821;2019-12-12 10:30:00-05:00
7.445000171661377;7.454999923706055;7.070000171661377;7.230000019073486;671409;2019-12-12 11:30:00-05:00
7.230000019073486;7.303199768066406;7.079999923706055;7.090000152587891;273377;2019-12-12 12:30:00-05:00
7.09499979019165;7.289999961853027;7.039999961853027;7.244999885559082;371174;2019-12-12 13:30:00-05:00
7.239999771118164;7.295000076293945;7.210000038146973;7.25;231535;2019-12-12 14:30:00-05:00
7.246799945831299;7.284999847412109;7.21999979019165;7.239999771118164;406703;2019-12-12 15:30:00-05:00
7.179999828338623;7.369999885559082;7.170000076293945;7.340000152587891;190279;2019-12-13 09:30:00-05:00
7.329999923706055;7.348000049591064;7.239999771118164;7.244999885559082;121337;2019-12-13 10:30:00-05:00
7.243100166320801;7.269999980926514;7.210000038146973;7.260000228881836;109044;2019-12-13 11:30:00-05:00
7.255000114440918;7.355000019073486;7.210000038146973;7.335000038146973;280979;2019-12-13 12:30:00-05:00
7.335000038146973;7.360000133514404;7.28000020980835;7.284999847412109;161480;2019-12-13 13:30:00-05:00
7.28000020980835;7.304999828338623;7.25;7.269999980926514;107082;2019-12-13 14:30:00-05:00
7.275000095367432;7.309999942779541;7.269999980926514;7.309999942779541;255034;2019-12-13 15:30:00-05:00
7.320000171661377;7.559999942779541;7.300000190734863;7.489999771118164;523605;2019-12-16 09:30:00-05:00
7.5;7.5;7.400000095367432;7.46999979019165;190495;2019-12-16 10:30:00-05:00
7.457499980926514;7.485000133514404;7.420000076293945;7.460000038146973;139582;2019-12-16 11:30:00-05:00
7.460000038146973;7.489999771118164;7.400000095367432;7.474999904632568;183144;2019-12-16 12:30:00-05:00
7.474999904632568;7.510000228881836;7.449999809265137;7.494999885559082;283659;2019-12-16 13:30:00-05:00
7.494999885559082;7.519999980926514;7.420000076293945;7.420000076293945;310677;2019-12-16 14:30:00-05:00
7.425000190734863;7.440000057220459;7.389999866485596;7.429999828338623;258000;2019-12-16 15:30:00-05:00
7.46999979019165;7.525000095367432;7.409999847412109;7.46999979019165;0;2019-12-17 09:30:00-05:00
7.474999904632568;7.550000190734863;7.46999979019165;7.494999885559082;201271;2019-12-17 10:30:00-05:00
7.494999885559082;7.639999866485596;7.489999771118164;7.625;184648;2019-12-17 11:30:00-05:00
7.625;7.639999866485596;7.554999828338623;7.605000019073486;154073;2019-12-17 12:30:00-05:00
7.599999904632568;7.670000076293945;7.590000152587891;7.599999904632568;398976;2019-12-17 13:30:00-05:00
7.610000133514404;7.659999847412109;7.599999904632568;7.614999771118164;169929;2019-12-17 14:30:00-05:00
7.614999771118164;7.616099834442139;7.545000076293945;7.579999923706055;306578;2019-12-17 15:30:00-05:00
7.900000095367432;8.420000076293945;7.869999885559082;8.295000076293945;1887309;2019-12-18 09:30:00-05:00
8.300000190734863;8.569999694824219;8.300000190734863;8.555000305175781;831635;2019-12-18 10:30:00-05:00
8.5600004196167;8.8100004196167;8.449999809265137;8.774999618530273;1778965;2019-12-18 11:30:00-05:00
8.770000457763672;8.800000190734863;8.619999885559082;8.619999885559082;1339373;2019-12-18 12:30:00-05:00
8.619999885559082;8.649999618530273;8.25;8.25;1204000;2019-12-18 13:30:00-05:00
8.255000114440918;8.3100004196167;8.170000076293945;8.21500015258789;890737;2019-12-18 14:30:00-05:00
8.220000267028809;8.260000228881836;8.194999694824219;8.199999809265137;854090;2019-12-18 15:30:00-05:00
8.210000038146973;8.470000267028809;8.168100357055664;8.460000038146973;636018;2019-12-19 09:30:00-05:00
8.463899612426758;8.510000228881836;8.279999732971191;8.404999732971191;528895;2019-12-19 10:30:00-05:00
8.404999732971191;8.40999984741211;8.079999923706055;8.265000343322754;582760;2019-12-19 11:30:00-05:00
8.265000343322754;8.3100004196167;8.180000305175781;8.279999732971191;319719;2019-12-19 12:30:00-05:00
8.279999732971191;8.289799690246582;8.204999923706055;8.273200035095215;302600;2019-12-19 13:30:00-05:00
8.276599884033203;8.289999961853027;8.180000305175781;8.1899995803833;432658;2019-12-19 14:30:00-05:00
8.1899995803833;8.289999961853027;8.180000305175781;8.25;895484;2019-12-19 15:30:00-05:00
8.199999809265137;8.300000190734863;8.010000228881836;8.289999961853027;993714;2019-12-20 09:30:00-05:00
8.295000076293945;8.34000015258789;8.130000114440918;8.135000228881836;506858;2019-12-20 10:30:00-05:00
8.135000228881836;8.154999732971191;7.980000019073486;8.0600004196167;612945;2019-12-20 11:30:00-05:00
8.0649995803833;8.260000228881836;8.0600004196167;8.244999885559082;576399;2019-12-20 12:30:00-05:00
8.239999771118164;8.399999618530273;8.220000267028809;8.319999694824219;717811;2019-12-20 13:30:00-05:00
8.319999694824219;8.329999923706055;8.220000267028809;8.270000457763672;597808;2019-12-20 14:30:00-05:00
8.270000457763672;8.350000381469727;8.225000381469727;8.25;1106687;2019-12-20 15:30:00-05:00
8.1899995803833;8.395000457763672;8.15999984741211;8.289999961853027;277921;2019-12-23 09:30:00-05:00
8.295000076293945;8.390000343322754;8.260000228881836;8.3100004196167;235204;2019-12-23 10:30:00-05:00
8.305000305175781;8.3100004196167;8.199999809265137;8.274999618530273;197028;2019-12-23 11:30:00-05:00
8.270000457763672;8.300000190734863;8.229999542236328;8.28499984741211;119459;2019-12-23 12:30:00-05:00
8.279999732971191;8.3100004196167;8.270000457763672;8.3100004196167;140955;2019-12-23 13:30:00-05:00
8.305000305175781;8.390000343322754;8.279999732971191;8.359999656677246;372315;2019-12-23 14:30:00-05:00
8.359999656677246;8.420000076293945;8.34000015258789;8.40999984741211;535555;2019-12-23 15:30:00-05:00
8.460000038146973;8.494999885559082;8.3100004196167;8.479999542236328;234065;2019-12-24 09:30:00-05:00
8.489999771118164;8.569999694824219;8.484999656677246;8.550000190734863;166797;2019-12-24 10:30:00-05:00
8.550000190734863;8.555000305175781;8.460000038146973;8.505000114440918;262317;2019-12-24 11:30:00-05:00
8.505000114440918;8.515000343322754;8.380000114440918;8.380000114440918;183973;2019-12-24 13:00:00-05:00
8.380000114440918;8.510000228881836;8.380000114440918;8.4350004196167;0;2019-12-26 09:30:00-05:00
8.4399995803833;8.5;8.390000343322754;8.420000076293945;116832;2019-12-26 10:30:00-05:00
8.414999961853027;8.430000305175781;8.331399917602539;8.359999656677246;142101;2019-12-26 11:30:00-05:00
8.354999542236328;8.369999885559082;8.239999771118164;8.270000457763672;328710;2019-12-26 12:30:00-05:00
8.265000343322754;8.324999809265137;8.220000267028809;8.319999694824219;95513;2019-12-26 13:30:00-05:00
8.3149995803833;8.350000381469727;8.3100004196167;8.34000015258789;121219;2019-12-26 14:30:00-05:00
8.34000015258789;8.34000015258789;8.295000076293945;8.335000038146973;191197;2019-12-26 15:30:00-05:00
8.369999885559082;8.4350004196167;8.260000228881836;8.3149995803833;195773;2019-12-27 09:30:00-05:00
8.3100004196167;8.329999923706055;8.25;8.3149995803833;202084;2019-12-27 10:30:00-05:00
8.3100004196167;8.3100004196167;8.25;8.300000190734863;116077;2019-12-27 11:30:00-05:00
8.295000076293945;8.300000190734863;8.270000457763672;8.273200035095215;73218;2019-12-27 12:30:00-05:00
8.270000457763672;8.3100004196167;8.260000228881836;8.295000076293945;165251;2019-12-27 13:30:00-05:00
8.295000076293945;8.305000305175781;8.239999771118164;8.279999732971191;182844;2019-12-27 14:30:00-05:00
8.28499984741211;8.3100004196167;8.260000228881836;8.300000190734863;211022;2019-12-27 15:30:00-05:00
8.121999740600586;8.15999984741211;7.900000095367432;7.96999979019165;524681;2019-12-30 09:30:00-05:00
7.980000019073486;8.0;7.949999809265137;7.954999923706055;168353;2019-12-30 10:30:00-05:00
7.954999923706055;8.010000228881836;7.949999809265137;7.994999885559082;155999;2019-12-30 11:30:00-05:00
7.991300106048584;8.100000381469727;7.989999771118164;8.100000381469727;220995;2019-12-30 12:30:00-05:00
8.109999656677246;8.125;7.989999771118164;7.989999771118164;148739;2019-12-30 13:30:00-05:00
7.989999771118164;8.0;7.940000057220459;8.0;126927;2019-12-30 14:30:00-05:00
7.994999885559082;8.020000457763672;7.96999979019165;8.0;302967;2019-12-30 15:30:00-05:00
7.920000076293945;8.114999771118164;7.920000076293945;8.03499984741211;301193;2019-12-31 09:30:00-05:00
8.031999588012695;8.09000015258789;7.980000019073486;8.085000038146973;216949;2019-12-31 10:30:00-05:00
8.085000038146973;8.220000267028809;8.0802001953125;8.220000267028809;193422;2019-12-31 11:30:00-05:00
8.210000038146973;8.229999542236328;8.164999961853027;8.204999923706055;134644;2019-12-31 12:30:00-05:00
8.201800346374512;8.229999542236328;8.180000305175781;8.1850004196167;154054;2019-12-31 13:30:00-05:00
8.1850004196167;8.199999809265137;8.149999618530273;8.175000190734863;152948;2019-12-31 14:30:00-05:00
8.180000305175781;8.279999732971191;8.170000076293945;8.199999809265137;536723;2019-12-31 15:30:00-05:00
8.25;8.350000381469727;8.180000305175781;8.210000038146973;163554;2020-01-02 09:30:00-05:00
8.204999923706055;8.289999961853027;8.175000190734863;8.289999961853027;116902;2020-01-02 10:30:00-05:00
8.28499984741211;8.324999809265137;8.234999656677246;8.3149995803833;178658;2020-01-02 11:30:00-05:00
8.319999694824219;8.350000381469727;8.3149995803833;8.350000381469727;113765;2020-01-02 12:30:00-05:00
8.350000381469727;8.350000381469727;8.300000190734863;8.329999923706055;107008;2020-01-02 13:30:00-05:00
8.329999923706055;8.380000114440918;8.32129955291748;8.329999923706055;170838;2020-01-02 14:30:00-05:00
8.329999923706055;8.399999618530273;8.300000190734863;8.399999618530273;376715;2020-01-02 15:30:00-05:00
8.350000381469727;8.449999809265137;8.319999694824219;8.380000114440918;244181;2020-01-03 09:30:00-05:00
8.380000114440918;8.430000305175781;8.364999771118164;8.430000305175781;125829;2020-01-03 10:30:00-05:00
8.430000305175781;8.460000038146973;8.359999656677246;8.40999984741211;162204;2020-01-03 11:30:00-05:00
8.404999732971191;8.420000076293945;8.359999656677246;8.359999656677246;119203;2020-01-03 12:30:00-05:00
8.359999656677246;8.359999656677246;8.25;8.260000228881836;97716;2020-01-03 13:30:00-05:00
8.260000228881836;8.319999694824219;8.25;8.319999694824219;113544;2020-01-03 14:30:00-05:00
8.319999694824219;8.329999923706055;8.244999885559082;8.260000228881836;250516;2020-01-03 15:30:00-05:00
8.0;8.210000038146973;8.0;8.170000076293945;157240;2020-01-06 09:30:00-05:00
8.170000076293945;8.170000076293945;8.069999694824219;8.074999809265137;109911;2020-01-06 10:30:00-05:00
8.074999809265137;8.109999656677246;8.0600004196167;8.104999542236328;145924;2020-01-06 11:30:00-05:00
8.109999656677246;8.199999809265137;8.104999542236328;8.170000076293945;116494;2020-01-06 12:30:00-05:00
8.170000076293945;8.194999694824219;8.149999618530273;8.1899995803833;148703;2020-01-06 13:30:00-05:00
8.1850004196167;8.229999542236328;8.175000190734863;8.220000267028809;116515;2020-01-06 14:30:00-05:00
8.21500015258789;8.220000267028809;8.130000114440918;8.149999618530273;227285;2020-01-06 15:30:00-05:00
8.140000343322754;8.1899995803833;8.069999694824219;8.100000381469727;91727;2020-01-07 09:30:00-05:00
8.100000381469727;8.149999618530273;8.069999694824219;8.085000038146973;103205;2020-01-07 10:30:00-05:00
8.085000038146973;8.085000038146973;8.010000228881836;8.024999618530273;97202;2020-01-07 11:30:00-05:00
8.020000457763672;8.029999732971191;7.994999885559082;8.015000343322754;88575;2020-01-07 12:30:00-05:00
8.015000343322754;8.029999732971191;7.920000076293945;7.954999923706055;121296;2020-01-07 13:30:00-05:00
7.949999809265137;7.980000019073486;7.929999828338623;7.954999923706055;191144;2020-01-07 14:30:00-05:00
7.954999923706055;7.989999771118164;7.909999847412109;7.949999809265137;387952;2020-01-07 15:30:00-05:00
7.96999979019165;8.039999961853027;7.90500020980835;7.925000190734863;145837;2020-01-08 09:30:00-05:00
7.925000190734863;8.0;7.900100231170654;7.929999828338623;143929;2020-01-08 10:30:00-05:00
7.909999847412109;8.005000114440918;7.909999847412109;7.965000152587891;147711;2020-01-08 11:30:00-05:00
7.96999979019165;8.005000114440918;7.960000038146973;8.0;98387;2020-01-08 12:30:00-05:00
8.0;8.0;7.909999847412109;7.909999847412109;87357;2020-01-08 13:30:00-05:00
7.909999847412109;7.980000019073486;7.900000095367432;7.974999904632568;109311;2020-01-08 14:30:00-05:00
7.974999904632568;7.980000019073486;7.909999847412109;7.940000057220459;511055;2020-01-08 15:30:00-05:00
7.949999809265137;8.010000228881836;7.840000152587891;7.880000114440918;152107;2020-01-09 09:30:00-05:00
7.885000228881836;7.960000038146973;7.849999904632568;7.940000057220459;137518;2020-01-09 10:30:00-05:00
7.96999979019165;7.96999979019165;7.885000228881836;7.894999980926514;111418;2020-01-09 11:30:00-05:00
7.889999866485596;7.940000057220459;7.840000152587891;7.929999828338623;105487;2020-01-09 12:30:00-05:00
7.929999828338623;7.960000038146973;7.900000095367432;7.900000095367432;112687;2020-01-09 13:30:00-05:00
7.900000095367432;7.920000076293945;7.885000228881836;7.900000095367432;62986;2020-01-09 14:30:00-05:00
7.900000095367432;7.909999847412109;7.849999904632568;7.869999885559082;235782;2020-01-09 15:30:00-05:00
7.920000076293945;7.920000076293945;7.75;7.860000133514404;173700;2020-01-10 09:30:00-05:00
7.860000133514404;7.885000228881836;7.835000038146973;7.849999904632568;86090;2020-01-10 10:30:00-05:00
7.849999904632568;7.860000133514404;7.769999980926514;7.815000057220459;143873;2020-01-10 11:30:00-05:00
7.809999942779541;7.829999923706055;7.769999980926514;7.797299861907959;100570;2020-01-10 12:30:00-05:00
7.800000190734863;7.860000133514404;7.784999847412109;7.860000133514404;114010;2020-01-10 13:30:00-05:00
7.860000133514404;7.909999847412109;7.855000019073486;7.900000095367432;152378;2020-01-10 14:30:00-05:00
7.900000095367432;7.940000057220459;7.889999866485596;7.934999942779541;190765;2020-01-10 15:30:00-05:00
7.960000038146973;8.0;7.900000095367432;7.949999809265137;216471;2020-01-13 09:30:00-05:00
7.949999809265137;8.09000015258789;7.920000076293945;8.069999694824219;443407;2020-01-13 10:30:00-05:00
8.0600004196167;8.149999618530273;8.0600004196167;8.140000343322754;86853;2020-01-13 11:30:00-05:00
8.140000343322754;8.15999984741211;8.100000381469727;8.104999542236328;120408;2020-01-13 12:30:00-05:00
8.100000381469727;8.119999885559082;8.09000015258789;8.104999542236328;103452;2020-01-13 13:30:00-05:00
8.104999542236328;8.109999656677246;8.0600004196167;8.095000267028809;96046;2020-01-13 14:30:00-05:00
8.095000267028809;8.119999885559082;8.079999923706055;8.100000381469727;221719;2020-01-13 15:30:00-05:00
8.100000381469727;8.130000114440918;7.980000019073486;8.074999809265137;157644;2020-01-14 09:30:00-05:00
8.079999923706055;8.265000343322754;8.070199966430664;8.15999984741211;135179;2020-01-14 10:30:00-05:00
8.170000076293945;8.220000267028809;8.145000457763672;8.210000038146973;70767;2020-01-14 11:30:00-05:00
8.220000267028809;8.289999961853027;8.210000038146973;8.25;96536;2020-01-14 12:30:00-05:00
8.255000114440918;8.270000457763672;8.140000343322754;8.210000038146973;130808;2020-01-14 13:30:00-05:00
8.204999923706055;8.25;8.181500434875488;8.210000038146973;101493;2020-01-14 14:30:00-05:00
8.210000038146973;8.239999771118164;8.203800201416016;8.229999542236328;223991;2020-01-14 15:30:00-05:00
8.260000228881836;8.40999984741211;8.260000228881836;8.350000381469727;201131;2020-01-15 09:30:00-05:00
8.350000381469727;8.59000015258789;8.329999923706055;8.574999809265137;253995;2020-01-15 10:30:00-05:00
8.579999923706055;8.619999885559082;8.544699668884277;8.614999771118164;245105;2020-01-15 11:30:00-05:00
8.609999656677246;8.619999885559082;8.560700416564941;8.585000038146973;104865;2020-01-15 12:30:00-05:00
8.585000038146973;8.604999542236328;8.539999961853027;8.585000038146973;288322;2020-01-15 13:30:00-05:00
8.585000038146973;8.600000381469727;8.385000228881836;8.40999984741211;573339;2020-01-15 14:30:00-05:00
8.40999984741211;8.430000305175781;8.359999656677246;8.369999885559082;393362;2020-01-15 15:30:00-05:00
8.489999771118164;8.5;7.829999923706055;8.0;993702;2020-01-16 09:30:00-05:00
7.989999771118164;8.1899995803833;7.989999771118164;8.074999809265137;358237;2020-01-16 10:30:00-05:00
8.069999694824219;8.069999694824219;7.920000076293945;7.954999923706055;299963;2020-01-16 11:30:00-05:00
7.960000038146973;8.0;7.920000076293945;7.956600189208984;145486;2020-01-16 12:30:00-05:00
7.954999923706055;7.985000133514404;7.929999828338623;7.940000057220459;137623;2020-01-16 13:30:00-05:00
7.934999942779541;7.949999809265137;7.860000133514404;7.889999866485596;420312;2020-01-16 14:30:00-05:00
7.889999866485596;7.965000152587891;7.889999866485596;7.940000057220459;241543;2020-01-16 15:30:00-05:00
7.940000057220459;8.0;7.599999904632568;7.635000228881836;465909;2020-01-17 09:30:00-05:00
7.630000114440918;7.635000228881836;7.429999828338623;7.480000019073486;445835;2020-01-17 10:30:00-05:00
7.489999771118164;7.518199920654297;7.460000038146973;7.499000072479248;124573;2020-01-17 11:30:00-05:00
7.494999885559082;7.519999980926514;7.449999809265137;7.465000152587891;196976;2020-01-17 12:30:00-05:00
7.460000038146973;7.510000228881836;7.429999828338623;7.5;200575;2020-01-17 13:30:00-05:00
7.510000228881836;7.510000228881836;7.380000114440918;7.454999923706055;361620;2020-01-17 14:30:00-05:00
7.449999809265137;7.489999771118164;7.440000057220459;7.465000152587891;609342;2020-01-17 15:30:00-05:00
7.449999809265137;7.5;7.380000114440918;7.440000057220459;396155;2020-01-21 09:30:00-05:00
7.440000057220459;7.53000020980835;7.425000190734863;7.519999980926514;409593;2020-01-21 10:30:00-05:00
7.519999980926514;7.545000076293945;7.5;7.539999961853027;89756;2020-01-21 11:30:00-05:00
7.539999961853027;7.550000190734863;7.335000038146973;7.385000228881836;295849;2020-01-21 12:30:00-05:00
7.385000228881836;7.385000228881836;7.289999961853027;7.295000076293945;306630;2020-01-21 13:30:00-05:00
7.295000076293945;7.295000076293945;7.179999828338623;7.199999809265137;385157;2020-01-21 14:30:00-05:00
7.199999809265137;7.210000038146973;7.110000133514404;7.179999828338623;934406;2020-01-21 15:30:00-05:00
7.199999809265137;7.429999828338623;7.199999809265137;7.320000171661377;239780;2020-01-22 09:30:00-05:00
7.324999809265137;7.376900196075439;7.199999809265137;7.235000133514404;220403;2020-01-22 10:30:00-05:00
7.235000133514404;7.25;7.164999961853027;7.175000190734863;145677;2020-01-22 11:30:00-05:00
7.175000190734863;7.179999828338623;7.130000114440918;7.15500020980835;116379;2020-01-22 12:30:00-05:00
7.15500020980835;7.175000190734863;7.135000228881836;7.15500020980835;169917;2020-01-22 13:30:00-05:00
7.151100158691406;7.170000076293945;7.079999923706055;7.110000133514404;209869;2020-01-22 14:30:00-05:00
7.110000133514404;7.119999885559082;7.079999923706055;7.090000152587891;437472;2020-01-22 15:30:00-05:00
6.989999771118164;6.989999771118164;6.480000019073486;6.639999866485596;1497682;2020-01-23 09:30:00-05:00
6.650000095367432;6.760000228881836;6.554999828338623;6.747099876403809;527739;2020-01-23 10:30:00-05:00
6.75;6.795000076293945;6.684999942779541;6.690000057220459;324580;2020-01-23 11:30:00-05:00
6.690000057220459;6.789999961853027;6.690000057220459;6.752500057220459;455868;2020-01-23 12:30:00-05:00
6.75;6.829999923706055;6.739999771118164;6.804999828338623;609944;2020-01-23 13:30:00-05:00
6.809999942779541;6.815000057220459;6.550000190734863;6.610000133514404;1019439;2020-01-23 14:30:00-05:00
6.614999771118164;6.630000114440918;6.5;6.53000020980835;998623;2020-01-23 15:30:00-05:00
6.519999980926514;6.5518999099731445;6.400000095367432;6.409999847412109;491497;2020-01-24 09:30:00-05:00
6.409999847412109;6.670000076293945;6.40500020980835;6.644999980926514;553049;2020-01-24 10:30:00-05:00
6.650000095367432;6.675000190734863;6.550000190734863;6.574999809265137;556399;2020-01-24 11:30:00-05:00
6.579999923706055;6.639999866485596;6.574999809265137;6.610000133514404;186201;2020-01-24 12:30:00-05:00
6.610000133514404;6.614999771118164;6.449999809265137;6.46999979019165;161323;2020-01-24 13:30:00-05:00
6.46999979019165;6.599999904632568;6.460000038146973;6.550000190734863;434035;2020-01-24 14:30:00-05:00
6.554999828338623;6.559800148010254;6.460000038146973;6.519999980926514;297023;2020-01-24 15:30:00-05:00
6.420000076293945;6.619999885559082;6.340000152587891;6.590000152587891;266238;2020-01-27 09:30:00-05:00
6.610000133514404;6.619999885559082;6.505000114440918;6.570000171661377;181603;2020-01-27 10:30:00-05:00
6.571899890899658;6.639999866485596;6.559999942779541;6.599999904632568;171251;2020-01-27 11:30:00-05:00
6.599999904632568;6.699999809265137;6.599999904632568;6.64109992980957;301986;2020-01-27 12:30:00-05:00
6.639999866485596;6.784999847412109;6.619999885559082;6.764999866485596;454877;2020-01-27 13:30:00-05:00
6.764999866485596;6.809999942779541;6.739999771118164;6.739999771118164;454428;2020-01-27 14:30:00-05:00
6.739999771118164;6.78000020980835;6.699999809265137;6.710000038146973;484782;2020-01-27 15:30:00-05:00
6.760000228881836;6.925000190734863;6.650000095367432;6.90500020980835;197596;2020-01-28 09:30:00-05:00
6.909999847412109;6.920000076293945;6.840000152587891;6.894999980926514;159829;2020-01-28 10:30:00-05:00
6.889999866485596;6.90500020980835;6.849999904632568;6.864999771118164;122839;2020-01-28 11:30:00-05:00
6.864999771118164;6.900000095367432;6.860000133514404;6.885000228881836;77505;2020-01-28 12:30:00-05:00
6.885000228881836;6.885000228881836;6.829999923706055;6.855000019073486;125050;2020-01-28 13:30:00-05:00
6.855000019073486;6.860000133514404;6.809999942779541;6.835000038146973;107915;2020-01-28 14:30:00-05:00
6.829999923706055;6.840000152587891;6.789999961853027;6.829999923706055;270875;2020-01-28 15:30:00-05:00
6.900000095367432;6.929999828338623;6.699999809265137;6.829999923706055;156059;2020-01-29 09:30:00-05:00
6.829999923706055;6.829999923706055;6.690000057220459;6.699999809265137;103266;2020-01-29 10:30:00-05:00
6.699999809265137;6.710000038146973;6.590000152587891;6.625;93299;2020-01-29 11:30:00-05:00
6.625;6.630000114440918;6.579999923706055;6.610000133514404;77100;2020-01-29 12:30:00-05:00
6.610000133514404;6.630000114440918;6.570000171661377;6.585000038146973;104827;2020-01-29 13:30:00-05:00
6.590000152587891;6.609000205993652;6.550000190734863;6.565000057220459;144143;2020-01-29 14:30:00-05:00
6.565000057220459;6.570000171661377;6.489999771118164;6.519999980926514;446334;2020-01-29 15:30:00-05:00
6.46999979019165;6.610000133514404;6.380000114440918;6.579999923706055;217882;2020-01-30 09:30:00-05:00
6.579999923706055;6.579999923706055;6.440000057220459;6.494999885559082;98581;2020-01-30 10:30:00-05:00
6.489999771118164;6.53000020980835;6.440000057220459;6.449999809265137;84448;2020-01-30 11:30:00-05:00
6.449999809265137;6.454999923706055;6.400000095367432;6.40500020980835;68750;2020-01-30 12:30:00-05:00
6.400000095367432;6.414999961853027;6.320000171661377;6.34499979019165;134494;2020-01-30 13:30:00-05:00
6.349999904632568;6.385000228881836;6.320000171661377;6.34499979019165;196778;2020-01-30 14:30:00-05:00
6.349999904632568;6.380000114440918;6.289999961853027;6.369999885559082;449519;2020-01-30 15:30:00-05:00
6.420000076293945;6.425000190734863;6.239999771118164;6.25;259299;2020-01-31 09:30:00-05:00
6.25;6.289999961853027;6.239999771118164;6.284999847412109;396091;2020-01-31 10:30:00-05:00
6.284999847412109;6.349999904632568;6.28000020980835;6.340000152587891;227486;2020-01-31 11:30:00-05:00
6.335000038146973;6.369999885559082;6.289999961853027;6.289999961853027;134246;2020-01-31 12:30:00-05:00
6.295000076293945;6.329999923706055;6.289999961853027;6.320000171661377;119376;2020-01-31 13:30:00-05:00
6.320000171661377;6.349999904632568;6.239999771118164;6.28000020980835;375768;2020-01-31 14:30:00-05:00
6.275000095367432;6.340000152587891;6.269999980926514;6.329999923706055;297105;2020-01-31 15:30:00-05:00
6.360000133514404;6.570000171661377;6.360000133514404;6.519999980926514;174321;2020-02-03 09:30:00-05:00
6.520699977874756;6.520699977874756;6.389999866485596;6.400000095367432;130559;2020-02-03 10:30:00-05:00
6.40500020980835;6.46999979019165;6.400000095367432;6.46999979019165;89445;2020-02-03 11:30:00-05:00
6.46999979019165;6.510000228881836;6.465000152587891;6.5;142975;2020-02-03 12:30:00-05:00
6.494999885559082;6.514999866485596;6.480000019073486;6.5;169810;2020-02-03 13:30:00-05:00
6.5;6.53000020980835;6.46999979019165;6.489999771118164;123641;2020-02-03 14:30:00-05:00
6.489999771118164;6.5;6.429999828338623;6.489999771118164;494266;2020-02-03 15:30:00-05:00
6.550000190734863;6.679999828338623;6.541999816894531;6.610000133514404;126879;2020-02-04 09:30:00-05:00
6.599999904632568;6.679999828338623;6.589000225067139;6.670000076293945;141860;2020-02-04 10:30:00-05:00
6.661200046539307;6.690000057220459;6.625;6.639999866485596;221085;2020-02-04 11:30:00-05:00
6.635000228881836;6.659999847412109;6.619999885559082;6.639999866485596;80766;2020-02-04 12:30:00-05:00
6.635000228881836;6.670000076293945;6.610000133514404;6.670000076293945;109591;2020-02-04 13:30:00-05:00
6.664999961853027;6.679999828338623;6.639999866485596;6.664999961853027;130893;2020-02-04 14:30:00-05:00
6.664999961853027;6.670000076293945;6.625;6.650000095367432;207709;2020-02-04 15:30:00-05:00
6.730000019073486;7.059999942779541;6.650000095367432;6.945000171661377;404516;2020-02-05 09:30:00-05:00
6.940000057220459;7.25;6.920000076293945;7.227499961853027;635513;2020-02-05 10:30:00-05:00
7.230000019073486;7.510000228881836;7.195000171661377;7.385000228881836;844755;2020-02-05 11:30:00-05:00
7.385000228881836;7.59499979019165;7.340000152587891;7.534999847412109;437681;2020-02-05 12:30:00-05:00
7.534999847412109;7.579999923706055;7.480000019073486;7.574999809265137;330418;2020-02-05 13:30:00-05:00
7.574999809265137;7.579999923706055;7.235000133514404;7.289999961853027;742743;2020-02-05 14:30:00-05:00
7.289999961853027;7.304999828338623;7.170000076293945;7.25;741293;2020-02-05 15:30:00-05:00
7.230000019073486;7.369999885559082;7.110000133514404;7.125100135803223;276963;2020-02-06 09:30:00-05:00
7.120999813079834;7.179999828338623;6.960000038146973;7.170000076293945;465909;2020-02-06 10:30:00-05:00
7.170000076293945;7.224999904632568;7.125;7.215000152587891;108620;2020-02-06 11:30:00-05:00
7.215000152587891;7.21999979019165;7.150000095367432;7.195000171661377;235922;2020-02-06 12:30:00-05:00
7.199999809265137;7.239999771118164;7.159999847412109;7.21999979019165;138152;2020-02-06 13:30:00-05:00
7.21999979019165;7.269999980926514;7.210000038146973;7.215000152587891;146501;2020-02-06 14:30:00-05:00
7.212600231170654;7.25;7.210000038146973;7.230000019073486;683516;2020-02-06 15:30:00-05:00
7.170000076293945;7.300000190734863;7.03000020980835;7.124499797821045;288337;2020-02-07 09:30:00-05:00
7.119999885559082;7.139999866485596;7.034999847412109;7.034999847412109;102817;2020-02-07 10:30:00-05:00
7.034999847412109;7.070000171661377;6.920000076293945;6.920000076293945;352830;2020-02-07 11:30:00-05:00
6.920000076293945;7.045000076293945;6.869999885559082;6.96999979019165;294062;2020-02-07 12:30:00-05:00
6.965000152587891;7.105000019073486;6.929999828338623;6.954999923706055;287871;2020-02-07 13:30:00-05:00
6.949999809265137;7.099899768829346;6.943399906158447;7.019999980926514;340415;2020-02-07 14:30:00-05:00
7.019999980926514;7.090000152587891;6.994999885559082;7.070000171661377;353795;2020-02-07 15:30:00-05:00
7.059999942779541;7.300000190734863;7.059999942779541;7.300000190734863;184996;2020-02-10 09:30:00-05:00
7.300000190734863;7.300000190734863;7.230000019073486;7.260000228881836;148057;2020-02-10 10:30:00-05:00
7.260000228881836;7.340000152587891;7.25;7.295000076293945;162105;2020-02-10 11:30:00-05:00
7.289999961853027;7.289999961853027;7.184999942779541;7.190000057220459;168853;2020-02-10 12:30:00-05:00
7.195000171661377;7.304999828338623;7.190000057220459;7.295000076293945;375661;2020-02-10 13:30:00-05:00
7.295000076293945;7.340000152587891;7.269999980926514;7.269999980926514;112869;2020-02-10 14:30:00-05:00
7.275000095367432;7.329999923706055;7.269999980926514;7.300000190734863;332292;2020-02-10 15:30:00-05:00
7.340000152587891;7.900000095367432;7.340000152587891;7.889999866485596;619903;2020-02-11 09:30:00-05:00
7.894999980926514;7.960000038146973;7.739999771118164;7.755000114440918;291208;2020-02-11 10:30:00-05:00
7.75;7.755000114440918;7.599999904632568;7.610000133514404;250565;2020-02-11 11:30:00-05:00
7.605000019073486;7.679999828338623;7.590000152587891;7.679999828338623;310971;2020-02-11 12:30:00-05:00
7.679999828338623;7.769999980926514;7.679999828338623;7.769999980926514;313512;2020-02-11 13:30:00-05:00
7.764999866485596;7.820000171661377;7.71999979019165;7.791999816894531;605289;2020-02-11 14:30:00-05:00
7.795000076293945;7.809999942779541;7.619999885559082;7.699999809265137;962416;2020-02-11 15:30:00-05:00
7.699999809265137;8.319999694824219;7.699999809265137;8.210000038146973;1145969;2020-02-12 09:30:00-05:00
8.199999809265137;8.430000305175781;8.164999961853027;8.300000190734863;1465750;2020-02-12 10:30:00-05:00
8.305000305175781;8.600000381469727;8.300000190734863;8.470000267028809;604038;2020-02-12 11:30:00-05:00
8.479999542236328;8.630000114440918;8.449999809265137;8.619999885559082;452240;2020-02-12 12:30:00-05:00
8.619999885559082;8.949000358581543;8.5600004196167;8.694999694824219;795723;2020-02-12 13:30:00-05:00
8.697600364685059;8.75;8.569999694824219;8.68340015411377;620924;2020-02-12 14:30:00-05:00
8.6899995803833;8.819999694824219;8.630000114440918;8.729999542236328;783112;2020-02-12 15:30:00-05:00
8.670000076293945;8.880000114440918;8.625;8.675000190734863;450616;2020-02-13 09:30:00-05:00
8.675000190734863;8.675000190734863;8.430000305175781;8.609999656677246;309406;2020-02-13 10:30:00-05:00
8.600000381469727;8.75;8.600000381469727;8.6899995803833;201545;2020-02-13 11:30:00-05:00
8.6850004196167;8.710000038146973;8.649999618530273;8.704999923706055;267310;2020-02-13 12:30:00-05:00
8.710000038146973;8.729999542236328;8.680000305175781;8.6899995803833;333327;2020-02-13 13:30:00-05:00
8.699999809265137;8.774999618530273;8.670000076293945;8.6850004196167;248698;2020-02-13 14:30:00-05:00
8.680000305175781;8.819999694824219;8.680000305175781;8.739999771118164;378000;2020-02-13 15:30:00-05:00
8.75;8.970000267028809;8.720000267028809;8.729999542236328;271032;2020-02-14 09:30:00-05:00
8.729999542236328;8.880000114440918;8.729999542236328;8.880000114440918;96699;2020-02-14 10:30:00-05:00
8.880000114440918;8.979999542236328;8.8100004196167;8.859999656677246;1324135;2020-02-14 11:30:00-05:00
8.859999656677246;8.875;8.789999961853027;8.8100004196167;155323;2020-02-14 12:30:00-05:00
8.8100004196167;8.850000381469727;8.760000228881836;8.829999923706055;631583;2020-02-14 13:30:00-05:00
8.819999694824219;8.829999923706055;8.789999961853027;8.805000305175781;112816;2020-02-14 14:30:00-05:00
8.8100004196167;8.859999656677246;8.800000190734863;8.850000381469727;270379;2020-02-14 15:30:00-05:00
8.800000190734863;8.960000038146973;8.75;8.944999694824219;173802;2020-02-18 09:30:00-05:00
8.944999694824219;9.199999809265137;8.9399995803833;9.1850004196167;571120;2020-02-18 10:30:00-05:00
9.1850004196167;9.1850004196167;8.979999542236328;9.109999656677246;218146;2020-02-18 11:30:00-05:00
9.109999656677246;9.199999809265137;9.050000190734863;9.192999839782717;327362;2020-02-18 12:30:00-05:00
9.199899673461914;9.43000030517578;9.1899995803833;9.354999542236328;663894;2020-02-18 13:30:00-05:00
9.354999542236328;9.404999732971191;9.154999732971191;9.217700004577637;549578;2020-02-18 14:30:00-05:00
9.212200164794922;9.25;9.15999984741211;9.1899995803833;451951;2020-02-18 15:30:00-05:00
9.380000114440918;10.279999732971191;9.380000114440918;10.024999618530272;1851905;2020-02-19 09:30:00-05:00
10.03499984741211;10.31999969482422;10.03499984741211;10.275500297546388;1082800;2020-02-19 10:30:00-05:00
10.279999732971191;10.529999732971191;10.145000457763672;10.484999656677246;1259742;2020-02-19 11:30:00-05:00
10.475000381469728;10.765000343322754;10.470000267028809;10.510000228881836;2003714;2020-02-19 12:30:00-05:00
10.524999618530272;10.64900016784668;10.5;10.625;247851;2020-02-19 13:30:00-05:00
10.619999885559082;10.739999771118164;10.55500030517578;10.56999969482422;474924;2020-02-19 14:30:00-05:00
10.56999969482422;10.600000381469728;10.43000030517578;10.449999809265137;967120;2020-02-19 15:30:00-05:00
10.59000015258789;11.029999732971191;10.539999961853027;10.710000038146973;992451;2020-02-20 09:30:00-05:00
10.71500015258789;10.84000015258789;10.640000343322754;10.75;701119;2020-02-20 10:30:00-05:00
10.760000228881836;10.93000030517578;10.710000038146973;10.864999771118164;689271;2020-02-20 11:30:00-05:00
10.864999771118164;10.880000114440918;10.770000457763672;10.774999618530272;253108;2020-02-20 12:30:00-05:00
10.774999618530272;10.81999969482422;10.739999771118164;10.80500030517578;146137;2020-02-20 13:30:00-05:00
10.80500030517578;10.875;10.770000457763672;10.8149995803833;251400;2020-02-20 14:30:00-05:00
10.8149995803833;10.949999809265137;10.8100004196167;10.9399995803833;464070;2020-02-20 15:30:00-05:00
10.93000030517578;10.93000030517578;10.675000190734863;10.744999885559082;834957;2020-02-21 09:30:00-05:00
10.744999885559082;10.80500030517578;10.699999809265137;10.755000114440918;292514;2020-02-21 10:30:00-05:00
10.755000114440918;10.869999885559082;10.720000267028809;10.850000381469728;369405;2020-02-21 11:30:00-05:00
10.850000381469728;10.90999984741211;10.845000267028809;10.864999771118164;410987;2020-02-21 12:30:00-05:00
10.864999771118164;10.914999961853027;10.829999923706056;10.890000343322754;289016;2020-02-21 13:30:00-05:00
10.885000228881836;10.890000343322754;10.789999961853027;10.789999961853027;811789;2020-02-21 14:30:00-05:00
10.795000076293944;10.81999969482422;10.760000228881836;10.81999969482422;797939;2020-02-21 15:30:00-05:00
10.520000457763672;10.635000228881836;10.369999885559082;10.414999961853027;845815;2020-02-24 09:30:00-05:00
10.414999961853027;10.619999885559082;10.279999732971191;10.608799934387209;358766;2020-02-24 10:30:00-05:00
10.600000381469728;10.65999984741211;10.56999969482422;10.645000457763672;149882;2020-02-24 11:30:00-05:00
10.645000457763672;10.670000076293944;10.579999923706056;10.609999656677246;167987;2020-02-24 12:30:00-05:00
10.604999542236328;10.710000038146973;10.600000381469728;10.68000030517578;207152;2020-02-24 13:30:00-05:00
10.68000030517578;10.739999771118164;10.609999656677246;10.649999618530272;255260;2020-02-24 14:30:00-05:00
10.649999618530272;10.65999984741211;10.59000015258789;10.640000343322754;347591;2020-02-24 15:30:00-05:00
10.720000267028809;10.739999771118164;10.489999771118164;10.510000228881836;369052;2020-02-25 09:30:00-05:00
10.520000457763672;10.6899995803833;10.5;10.563400268554688;200023;2020-02-25 10:30:00-05:00
10.5600004196167;10.600000381469728;10.300000190734863;10.30500030517578;325338;2020-02-25 11:30:00-05:00
10.30500030517578;10.380000114440918;10.279999732971191;10.34000015258789;181237;2020-02-25 12:30:00-05:00
10.34000015258789;10.369999885559082;10.149999618530272;10.175000190734863;278229;2020-02-25 13:30:00-05:00
10.18000030517578;10.329999923706056;10.15999984741211;10.270000457763672;345819;2020-02-25 14:30:00-05:00
10.270000457763672;10.390000343322754;10.204999923706056;10.350000381469728;423826;2020-02-25 15:30:00-05:00
10.40999984741211;10.68000030517578;10.369999885559082;10.479999542236328;236051;2020-02-26 09:30:00-05:00
10.489999771118164;10.574999809265137;10.470000267028809;10.53499984741211;291798;2020-02-26 10:30:00-05:00
10.53499984741211;10.545000076293944;10.274999618530272;10.335000038146973;213959;2020-02-26 11:30:00-05:00
10.34000015258789;10.470000267028809;10.34000015258789;10.454999923706056;172570;2020-02-26 12:30:00-05:00
10.454999923706056;10.460000038146973;10.244999885559082;10.273599624633787;249523;2020-02-26 13:30:00-05:00
10.279999732971191;10.380000114440918;10.239999771118164;10.364999771118164;215746;2020-02-26 14:30:00-05:00
10.359999656677246;10.414999961853027;10.34000015258789;10.399999618530272;364655;2020-02-26 15:30:00-05:00
10.300000190734863;10.380000114440918;9.90999984741211;9.984999656677246;701715;2020-02-27 09:30:00-05:00
9.984999656677246;10.289999961853027;9.949999809265137;10.210000038146973;207106;2020-02-27 10:30:00-05:00
10.199999809265137;10.43000030517578;10.199999809265137;10.31999969482422;151587;2020-02-27 11:30:00-05:00
10.324999809265137;10.443900108337402;10.279999732971191;10.300000190734863;182055;2020-02-27 12:30:00-05:00
10.295000076293944;10.300000190734863;10.06999969482422;10.1850004196167;202532;2020-02-27 13:30:00-05:00
10.18000030517578;10.18000030517578;10.045000076293944;10.079999923706056;171198;2020-02-27 14:30:00-05:00
10.079999923706056;10.085000038146973;9.9399995803833;9.949999809265137;310599;2020-02-27 15:30:00-05:00
9.630000114440918;9.890000343322754;9.489999771118164;9.720000267028809;529408;2020-02-28 09:30:00-05:00
9.720000267028809;9.890000343322754;9.670000076293944;9.795000076293944;299874;2020-02-28 10:30:00-05:00
9.795000076293944;9.90999984741211;9.699999809265137;9.84000015258789;293916;2020-02-28 11:30:00-05:00
9.850000381469728;9.890000343322754;9.789999961853027;9.8100004196167;210762;2020-02-28 12:30:00-05:00
9.800000190734863;9.800000190734863;9.609999656677246;9.710000038146973;180569;2020-02-28 13:30:00-05:00
9.710000038146973;9.920000076293944;9.704999923706056;9.779999732971191;369587;2020-02-28 14:30:00-05:00
9.770000457763672;9.860099792480469;9.670000076293944;9.779999732971191;608739;2020-02-28 15:30:00-05:00
9.890000343322754;10.100000381469728;9.385000228881836;9.529999732971191;939161;2020-03-02 09:30:00-05:00
9.529999732971191;9.664999961853027;9.4399995803833;9.625;580243;2020-03-02 10:30:00-05:00
9.630000114440918;9.630000114440918;9.5;9.515000343322754;431975;2020-03-02 11:30:00-05:00
9.515000343322754;10.050000190734863;9.513500213623049;10.029999732971191;1530494;2020-03-02 12:30:00-05:00
10.036100387573242;10.310500144958496;9.949999809265137;10.279999732971191;546957;2020-03-02 13:30:00-05:00
10.279999732971191;10.380000114440918;10.130000114440918;10.220000267028809;488050;2020-03-02 14:30:00-05:00
10.21500015258789;10.329999923706056;10.109999656677246;10.329999923706056;757292;2020-03-02 15:30:00-05:00
10.5;11.079999923706056;10.335000038146973;10.699999809265137;977183;2020-03-03 09:30:00-05:00
10.699999809265137;10.890000343322754;10.489999771118164;10.579999923706056;535580;2020-03-03 10:30:00-05:00
10.579999923706056;10.699999809265137;10.529999732971191;10.619999885559082;388385;2020-03-03 11:30:00-05:00
10.619999885559082;10.65999984741211;10.5;10.614999771118164;335768;2020-03-03 12:30:00-05:00
10.609999656677246;10.640000343322754;10.369999885559082;10.505000114440918;492754;2020-03-03 13:30:00-05:00
10.510000228881836;10.510000228881836;10.3100004196167;10.420000076293944;535246;2020-03-03 14:30:00-05:00
10.420000076293944;10.449999809265137;10.270000457763672;10.390000343322754;846251;2020-03-03 15:30:00-05:00
10.670000076293944;10.8100004196167;10.390000343322754;10.510000228881836;332623;2020-03-04 09:30:00-05:00
10.505000114440918;10.5649995803833;10.354999542236328;10.399999618530272;483536;2020-03-04 10:30:00-05:00
10.40999984741211;10.40999984741211;10.15999984741211;10.289999961853027;230188;2020-03-04 11:30:00-05:00
10.297800064086914;10.380000114440918;10.295000076293944;10.34000015258789;169200;2020-03-04 12:30:00-05:00
10.345000267028809;10.345000267028809;10.229999542236328;10.270000457763672;184360;2020-03-04 13:30:00-05:00
10.274999618530272;10.31999969482422;10.15999984741211;10.31999969482422;207356;2020-03-04 14:30:00-05:00
10.31999969482422;10.364999771118164;10.270000457763672;10.34000015258789;432140;2020-03-04 15:30:00-05:00
10.18000030517578;10.239999771118164;9.649999618530272;9.71500015258789;530288;2020-03-05 09:30:00-05:00
9.71500015258789;9.869999885559082;9.6899995803833;9.835000038146973;297279;2020-03-05 10:30:00-05:00
9.829999923706056;10.0;9.800000190734863;9.835000038146973;277959;2020-03-05 11:30:00-05:00
9.829999923706056;9.859999656677246;9.68000030517578;9.739999771118164;202829;2020-03-05 12:30:00-05:00
9.739999771118164;9.779999732971191;9.6899995803833;9.720000267028809;205942;2020-03-05 13:30:00-05:00
9.729999542236328;9.920000076293944;9.68000030517578;9.920000076293944;336807;2020-03-05 14:30:00-05:00
9.90999984741211;10.029999732971191;9.895000457763672;10.010000228881836;461990;2020-03-05 15:30:00-05:00
9.6899995803833;9.908699989318848;9.529999732971191;9.8100004196167;272612;2020-03-06 09:30:00-05:00
9.812399864196776;9.90999984741211;9.6899995803833;9.744999885559082;258902;2020-03-06 10:30:00-05:00
9.744999885559082;9.774999618530272;9.510000228881836;9.510000228881836;167026;2020-03-06 11:30:00-05:00
9.510000228881836;9.789999961853027;9.489999771118164;9.729999542236328;247102;2020-03-06 12:30:00-05:00
9.729999542236328;9.729999542236328;9.489999771118164;9.529999732971191;183327;2020-03-06 13:30:00-05:00
9.524999618530272;9.539999961853027;9.294300079345703;9.324999809265137;301755;2020-03-06 14:30:00-05:00
9.324999809265137;9.640000343322754;9.31999969482422;9.579999923706056;536541;2020-03-06 15:30:00-05:00
9.010000228881836;9.385000228881836;8.621899604797363;9.149999618530272;404044;2020-03-09 09:30:00-04:00
9.140000343322754;9.229999542236328;8.970000267028809;9.104999542236328;251095;2020-03-09 10:30:00-04:00
9.100000381469728;9.119999885559082;8.989999771118164;9.03499984741211;191598;2020-03-09 11:30:00-04:00
9.03499984741211;9.09000015258789;8.819999694824219;8.960000038146973;161929;2020-03-09 12:30:00-04:00
8.970000267028809;8.975000381469727;8.3100004196167;8.430000305175781;373062;2020-03-09 13:30:00-04:00
8.420000076293945;8.420000076293945;8.0;8.114999771118164;588510;2020-03-09 14:30:00-04:00
8.114999771118164;8.199999809265137;8.069999694824219;8.079999923706055;489866;2020-03-09 15:30:00-04:00
8.5;8.739999771118164;7.920000076293945;8.390000343322754;441795;2020-03-10 09:30:00-04:00
8.395000457763672;8.460000038146973;8.100000381469727;8.140000343322754;811932;2020-03-10 10:30:00-04:00
8.140000343322754;8.430000305175781;8.140000343322754;8.1899995803833;484781;2020-03-10 11:30:00-04:00
8.1850004196167;8.460000038146973;8.175000190734863;8.4375;351939;2020-03-10 12:30:00-04:00
8.4350004196167;8.5600004196167;8.420000076293945;8.529999732971191;551512;2020-03-10 13:30:00-04:00
8.523500442504883;8.739999771118164;8.5;8.699999809265137;313148;2020-03-10 14:30:00-04:00
8.699999809265137;8.899999618530273;8.6899995803833;8.899999618530273;948500;2020-03-10 15:30:00-04:00
8.550000190734863;8.640000343322754;8.289999961853027;8.520000457763672;607849;2020-03-11 09:30:00-04:00
8.510000228881836;8.510000228881836;8.229999542236328;8.404999732971191;579709;2020-03-11 10:30:00-04:00
8.404999732971191;8.822999954223633;8.399999618530273;8.800000190734863;519843;2020-03-11 11:30:00-04:00
8.800000190734863;8.819999694824219;8.505000114440918;8.640000343322754;1220849;2020-03-11 12:30:00-04:00
8.645000457763672;8.704999923706055;8.619999885559082;8.694999694824219;369459;2020-03-11 13:30:00-04:00
8.6899995803833;8.765000343322754;8.545000076293945;8.765000343322754;1210756;2020-03-11 14:30:00-04:00
8.765000343322754;8.90999984741211;8.675000190734863;8.839500427246094;1195840;2020-03-11 15:30:00-04:00
8.09000015258789;8.369999885559082;7.28000020980835;7.760000228881836;640345;2020-03-12 09:30:00-04:00
7.775000095367432;7.800000190734863;7.309999942779541;7.324999809265137;406840;2020-03-12 10:30:00-04:00
7.324999809265137;7.389999866485596;7.019999980926514;7.170000076293945;268931;2020-03-12 11:30:00-04:00
7.170000076293945;7.710000038146973;7.010000228881836;7.195000171661377;500253;2020-03-12 12:30:00-04:00
7.199999809265137;7.260000228881836;6.840000152587891;6.855000019073486;324534;2020-03-12 13:30:00-04:00
6.855000019073486;6.929999828338623;6.679999828338623;6.679999828338623;401307;2020-03-12 14:30:00-04:00
6.679999828338623;6.699999809265137;6.46999979019165;6.550000190734863;831275;2020-03-12 15:30:00-04:00
7.099999904632568;7.46999979019165;6.829999923706055;7.289999961853027;829526;2020-03-13 09:30:00-04:00
7.289999961853027;7.349999904632568;6.690000057220459;6.735000133514404;532238;2020-03-13 10:30:00-04:00
6.735000133514404;6.905900001525879;6.599999904632568;6.78000020980835;343254;2020-03-13 11:30:00-04:00
6.78000020980835;6.829999923706055;6.465000152587891;6.559999942779541;271132;2020-03-13 12:30:00-04:00
6.550099849700928;6.559999942779541;6.230000019073486;6.460000038146973;420747;2020-03-13 13:30:00-04:00
6.460000038146973;6.619999885559082;6.420000076293945;6.615200042724609;630088;2020-03-13 14:30:00-04:00
6.610000133514404;6.690000057220459;6.46999979019165;6.690000057220459;552087;2020-03-13 15:30:00-04:00
6.070000171661377;6.070000171661377;5.170000076293945;5.519999980926514;894282;2020-03-16 09:30:00-04:00
5.53000020980835;5.806399822235107;5.460000038146973;5.46999979019165;459031;2020-03-16 10:30:00-04:00
5.460000038146973;5.46999979019165;5.159999847412109;5.230000019073486;352513;2020-03-16 11:30:00-04:00
5.235000133514404;5.320000171661377;5.222499847412109;5.315000057220459;366113;2020-03-16 12:30:00-04:00
5.320000171661377;5.320000171661377;5.050000190734863;5.065000057220459;688493;2020-03-16 13:30:00-04:00
5.065000057220459;5.289999961853027;5.059999942779541;5.195000171661377;626632;2020-03-16 14:30:00-04:00
5.195000171661377;5.260000228881836;5.190000057220459;5.230000019073486;777875;2020-03-16 15:30:00-04:00
5.300099849700928;5.400000095367432;5.0;5.210000038146973;635046;2020-03-17 09:30:00-04:00
5.210000038146973;5.349999904632568;5.005000114440918;5.320000171661377;1003474;2020-03-17 10:30:00-04:00
5.320000171661377;6.159999847412109;5.304999828338623;6.105000019073486;634906;2020-03-17 11:30:00-04:00
6.099999904632568;6.53000020980835;6.025000095367432;6.03000020980835;420595;2020-03-17 12:30:00-04:00
6.03000020980835;6.440000057220459;6.005000114440918;6.239999771118164;404810;2020-03-17 13:30:00-04:00
6.239999771118164;6.400000095367432;6.179999828338623;6.364999771118164;314330;2020-03-17 14:30:00-04:00
6.364999771118164;6.724999904632568;6.364999771118164;6.699999809265137;622790;2020-03-17 15:30:00-04:00
6.239999771118164;6.650000095367432;6.0;6.570000171661377;540253;2020-03-18 09:30:00-04:00
6.570000171661377;6.849999904632568;5.75;5.800000190734863;476512;2020-03-18 10:30:00-04:00
5.829999923706055;6.21999979019165;5.71999979019165;6.150000095367432;326722;2020-03-18 11:30:00-04:00
6.150000095367432;6.150000095367432;5.565000057220459;5.659999847412109;264265;2020-03-18 12:30:00-04:00
5.650000095367432;5.679999828338623;5.105000019073486;5.269999980926514;415707;2020-03-18 13:30:00-04:00
5.269999980926514;5.864999771118164;5.235000133514404;5.695000171661377;449477;2020-03-18 14:30:00-04:00
5.695000171661377;5.710000038146973;5.5;5.519999980926514;336676;2020-03-18 15:30:00-04:00
5.559999942779541;6.230000019073486;5.389999866485596;6.072000026702881;316838;2020-03-19 09:30:00-04:00
6.099999904632568;6.159999847412109;5.760000228881836;6.065000057220459;213071;2020-03-19 10:30:00-04:00
6.070000171661377;6.414999961853027;5.989999771118164;6.09499979019165;397811;2020-03-19 11:30:00-04:00
6.099999904632568;6.240099906921387;5.929999828338623;6.010000228881836;296129;2020-03-19 12:30:00-04:00
6.010000228881836;6.269999980926514;5.929999828338623;6.150000095367432;204259;2020-03-19 13:30:00-04:00
6.139999866485596;6.380000114440918;6.130000114440918;6.320000171661377;545229;2020-03-19 14:30:00-04:00
6.329999923706055;6.389999866485596;6.139999866485596;6.195000171661377;613566;2020-03-19 15:30:00-04:00
6.320000171661377;6.329999923706055;5.25;5.635000228881836;1002541;2020-03-20 09:30:00-04:00
5.635000228881836;6.099999904632568;5.599999904632568;5.699999809265137;460300;2020-03-20 10:30:00-04:00
5.664999961853027;5.880000114440918;5.349999904632568;5.394999980926514;292032;2020-03-20 11:30:00-04:00
5.394999980926514;5.610000133514404;5.360000133514404;5.550000190734863;272732;2020-03-20 12:30:00-04:00
5.570000171661377;5.630000114440918;5.480000019073486;5.514999866485596;245785;2020-03-20 13:30:00-04:00
5.519999980926514;5.619999885559082;5.320000171661377;5.505000114440918;694761;2020-03-20 14:30:00-04:00
5.505000114440918;5.559999942779541;5.090000152587891;5.199999809265137;1310436;2020-03-20 15:30:00-04:00
5.5;5.800000190734863;5.269999980926514;5.710000038146973;481814;2020-03-23 09:30:00-04:00
5.690000057220459;5.739999771118164;5.440000057220459;5.454999923706055;220679;2020-03-23 10:30:00-04:00
5.454999923706055;5.559999942779541;5.25;5.554999828338623;183775;2020-03-23 11:30:00-04:00
5.550000190734863;5.739999771118164;5.519999980926514;5.703000068664551;291839;2020-03-23 12:30:00-04:00
5.699999809265137;5.78000020980835;5.46999979019165;5.670000076293945;270184;2020-03-23 13:30:00-04:00
5.664999961853027;5.670000076293945;5.400000095367432;5.425000190734863;216809;2020-03-23 14:30:00-04:00
5.425000190734863;5.559999942779541;5.360000133514404;5.53000020980835;393423;2020-03-23 15:30:00-04:00
5.900000095367432;6.269999980926514;5.699999809265137;6.15500020980835;435008;2020-03-24 09:30:00-04:00
6.1585001945495605;6.230000019073486;5.960000038146973;6.139999866485596;268170;2020-03-24 10:30:00-04:00
6.139999866485596;6.210000038146973;6.039999961853027;6.059999942779541;212868;2020-03-24 11:30:00-04:00
6.059999942779541;6.090000152587891;5.789999961853027;5.840000152587891;157515;2020-03-24 12:30:00-04:00
5.849999904632568;5.940000057220459;5.71999979019165;5.849999904632568;159759;2020-03-24 13:30:00-04:00
5.840000152587891;6.130000114440918;5.800000190734863;6.119999885559082;290589;2020-03-24 14:30:00-04:00
6.125;6.260000228881836;6.059999942779541;6.25;441763;2020-03-24 15:30:00-04:00
6.28000020980835;6.559999942779541;6.025000095367432;6.199999809265137;237866;2020-03-25 09:30:00-04:00
6.199999809265137;6.789899826049805;6.199999809265137;6.730000019073486;330063;2020-03-25 10:30:00-04:00
6.71999979019165;6.880000114440918;6.454999923706055;6.679999828338623;273198;2020-03-25 11:30:00-04:00
6.699900150299072;6.730000019073486;6.505000114440918;6.599999904632568;364518;2020-03-25 12:30:00-04:00
6.599999904632568;6.730000019073486;6.519999980926514;6.605000019073486;304352;2020-03-25 13:30:00-04:00
6.599999904632568;6.690000057220459;6.454999923706055;6.614999771118164;407412;2020-03-25 14:30:00-04:00
6.619999885559082;6.84499979019165;6.585000038146973;6.599999904632568;455754;2020-03-25 15:30:00-04:00
6.800000190734863;7.099999904632568;6.489999771118164;7.010000228881836;183751;2020-03-26 09:30:00-04:00
7.0;7.25;6.829999923706055;7.15500020980835;304638;2020-03-26 10:30:00-04:00
7.139999866485596;7.210100173950195;6.75;6.880000114440918;216671;2020-03-26 11:30:00-04:00
6.869999885559082;6.949999809265137;6.614999771118164;6.650000095367432;176229;2020-03-26 12:30:00-04:00
6.659900188446045;6.730000019073486;6.46999979019165;6.559999942779541;355765;2020-03-26 13:30:00-04:00
6.559999942779541;6.650000095367432;6.505000114440918;6.590000152587891;270515;2020-03-26 14:30:00-04:00
6.585000038146973;6.619999885559082;6.380000114440918;6.494999885559082;535055;2020-03-26 15:30:00-04:00
6.239999771118164;6.239999771118164;5.670000076293945;5.755000114440918;323955;2020-03-27 09:30:00-04:00
5.75;5.954999923706055;5.619999885559082;5.840000152587891;290898;2020-03-27 10:30:00-04:00
5.84499979019165;5.949999809265137;5.699999809265137;5.715000152587891;223706;2020-03-27 11:30:00-04:00
5.710000038146973;5.78000020980835;5.639999866485596;5.639999866485596;171310;2020-03-27 12:30:00-04:00
5.639999866485596;5.71999979019165;5.625;5.65500020980835;208651;2020-03-27 13:30:00-04:00
5.659999847412109;5.710000038146973;5.570000171661377;5.679999828338623;332255;2020-03-27 14:30:00-04:00
5.670000076293945;5.679999828338623;5.550000190734863;5.550000190734863;340454;2020-03-27 15:30:00-04:00
5.480000019073486;5.864999771118164;5.400000095367432;5.820000171661377;293225;2020-03-30 09:30:00-04:00
5.815000057220459;6.03000020980835;5.78000020980835;5.909999847412109;238673;2020-03-30 10:30:00-04:00
5.914999961853027;6.070000171661377;5.8429999351501465;5.909999847412109;221261;2020-03-30 11:30:00-04:00
5.909999847412109;5.909999847412109;5.855000019073486;5.875;135614;2020-03-30 12:30:00-04:00
5.880000114440918;5.909999847412109;5.75;5.764999866485596;159581;2020-03-30 13:30:00-04:00
5.764999866485596;5.909999847412109;5.75;5.90500020980835;192705;2020-03-30 14:30:00-04:00
5.90500020980835;5.954999923706055;5.880000114440918;5.940000057220459;388906;2020-03-30 15:30:00-04:00
5.940000057220459;6.130000114440918;5.743000030517578;6.059999942779541;349124;2020-03-31 09:30:00-04:00
6.070000171661377;6.28000020980835;6.0;6.059999942779541;356219;2020-03-31 10:30:00-04:00
6.059999942779541;6.105000019073486;5.829999923706055;5.849999904632568;140014;2020-03-31 11:30:00-04:00
5.849999904632568;5.869999885559082;5.71999979019165;5.75;182346;2020-03-31 12:30:00-04:00
5.75;5.894999980926514;5.699999809265137;5.835000038146973;143614;2020-03-31 13:30:00-04:00
5.840000152587891;5.945000171661377;5.809999942779541;5.840000152587891;178320;2020-03-31 14:30:00-04:00
5.835000038146973;6.03000020980835;5.809999942779541;6.03000020980835;479354;2020-03-31 15:30:00-04:00
5.710000038146973;5.75;5.480000019073486;5.699999809265137;316215;2020-04-01 09:30:00-04:00
5.696000099182129;5.880000114440918;5.696000099182129;5.849999904632568;161382;2020-04-01 10:30:00-04:00
5.840000152587891;5.960000038146973;5.730000019073486;5.730000019073486;192486;2020-04-01 11:30:00-04:00
5.735000133514404;5.840000152587891;5.735000133514404;5.829999923706055;133555;2020-04-01 12:30:00-04:00
5.829999923706055;5.880000114440918;5.735000133514404;5.760000228881836;152052;2020-04-01 13:30:00-04:00
5.75;5.824999809265137;5.710000038146973;5.739999771118164;171146;2020-04-01 14:30:00-04:00
5.730000019073486;5.880000114440918;5.724999904632568;5.849999904632568;402948;2020-04-01 15:30:00-04:00
5.820000171661377;5.929999828338623;5.670000076293945;5.929999828338623;296364;2020-04-02 09:30:00-04:00
5.880000114440918;6.110000133514404;5.829999923706055;5.860000133514404;167528;2020-04-02 10:30:00-04:00
5.864999771118164;5.96999979019165;5.809999942779541;5.90500020980835;241126;2020-04-02 11:30:00-04:00
5.909999847412109;5.96999979019165;5.78000020980835;5.78000020980835;206409;2020-04-02 12:30:00-04:00
5.784999847412109;5.809999942779541;5.559999942779541;5.670000076293945;229038;2020-04-02 13:30:00-04:00
5.675000190734863;5.875;5.599999904632568;5.800000190734863;370552;2020-04-02 14:30:00-04:00
5.809999942779541;5.940000057220459;5.78000020980835;5.900000095367432;316754;2020-04-02 15:30:00-04:00
5.869999885559082;6.059999942779541;5.679999828338623;5.900000095367432;418118;2020-04-03 09:30:00-04:00
5.900000095367432;5.929999828338623;5.829999923706055;5.909999847412109;230473;2020-04-03 10:30:00-04:00
5.909999847412109;5.909999847412109;5.73420000076294;5.744999885559082;153357;2020-04-03 11:30:00-04:00
5.75;5.829999923706055;5.510000228881836;5.519999980926514;206608;2020-04-03 12:30:00-04:00
5.510000228881836;5.625;5.485000133514404;5.599999904632568;745256;2020-04-03 13:30:00-04:00
5.59499979019165;5.789999961853027;5.590000152587891;5.75;237849;2020-04-03 14:30:00-04:00
5.75;5.789999961853027;5.670000076293945;5.78000020980835;361069;2020-04-03 15:30:00-04:00
5.900000095367432;6.010000228881836;5.769999980926514;5.849999904632568;611360;2020-04-06 09:30:00-04:00
5.849999904632568;5.869999885559082;5.579999923706055;5.650000095367432;318861;2020-04-06 10:30:00-04:00
5.650000095367432;5.690000057220459;5.53000020980835;5.550000190734863;246911;2020-04-06 11:30:00-04:00
5.550000190734863;5.590000152587891;5.400000095367432;5.409999847412109;239465;2020-04-06 12:30:00-04:00
5.40500020980835;5.460000038146973;5.25;5.28000020980835;472182;2020-04-06 13:30:00-04:00
5.28000020980835;5.489999771118164;5.28000020980835;5.480000019073486;304055;2020-04-06 14:30:00-04:00
5.480000019073486;5.695000171661377;5.449999809265137;5.630000114440918;686541;2020-04-06 15:30:00-04:00
5.889999866485596;5.96999979019165;5.28000020980835;5.300000190734863;869918;2020-04-07 09:30:00-04:00
5.304999828338623;5.510000228881836;5.300000190734863;5.420000076293945;614878;2020-04-07 10:30:00-04:00
5.409999847412109;5.474999904632568;5.309999942779541;5.329999923706055;231762;2020-04-07 11:30:00-04:00
5.340000152587891;5.360000133514404;5.150000095367432;5.170000076293945;588567;2020-04-07 12:30:00-04:00
5.17080020904541;5.210000038146973;5.059999942779541;5.090000152587891;2218359;2020-04-07 13:30:00-04:00
5.090000152587891;5.114999771118164;4.900000095367432;4.90500020980835;634027;2020-04-07 14:30:00-04:00
4.909900188446045;5.070000171661377;4.860000133514404;5.038000106811523;1705458;2020-04-07 15:30:00-04:00
5.170000076293945;5.190000057220459;5.070000171661377;5.105000019073486;217307;2020-04-08 09:30:00-04:00
5.105000019073486;5.139999866485596;5.005000114440918;5.034999847412109;216603;2020-04-08 10:30:00-04:00
5.039999961853027;5.184999942779541;5.025000095367432;5.162799835205078;209523;2020-04-08 11:30:00-04:00
5.170000076293945;5.210000038146973;5.099999904632568;5.159999847412109;151802;2020-04-08 12:30:00-04:00
5.150000095367432;5.156000137329102;5.045000076293945;5.099999904632568;170740;2020-04-08 13:30:00-04:00
5.110000133514404;5.119999885559082;5.039999961853027;5.070000171661377;175825;2020-04-08 14:30:00-04:00
5.065000057220459;5.289999961853027;5.065000057220459;5.195000171661377;508708;2020-04-08 15:30:00-04:00
5.409999847412109;5.489999771118164;5.09499979019165;5.179999828338623;484314;2020-04-09 09:30:00-04:00
5.191699981689453;5.420000076293945;5.150000095367432;5.394999980926514;254425;2020-04-09 10:30:00-04:00
5.394999980926514;5.570000171661377;5.360000133514404;5.519999980926514;338199;2020-04-09 11:30:00-04:00
5.519999980926514;5.659999847412109;5.489999771118164;5.570000171661377;364743;2020-04-09 12:30:00-04:00
5.570000171661377;5.590000152587891;5.409999847412109;5.460000038146973;276883;2020-04-09 13:30:00-04:00
5.460000038146973;5.539999961853027;5.329999923706055;5.539999961853027;180965;2020-04-09 14:30:00-04:00
5.539999961853027;5.565000057220459;5.465000152587891;5.489999771118164;234043;2020-04-09 15:30:00-04:00
5.460000038146973;5.519999980926514;5.28000020980835;5.34499979019165;353788;2020-04-13 09:30:00-04:00
5.329999923706055;5.349999904632568;5.079999923706055;5.119999885559082;372512;2020-04-13 10:30:00-04:00
5.119900226593018;5.148799896240234;5.019999980926514;5.025000095367432;451462;2020-04-13 11:30:00-04:00
5.019999980926514;5.074999809265137;4.989999771118164;4.994999885559082;479889;2020-04-13 12:30:00-04:00
4.989999771118164;5.239999771118164;4.96999979019165;5.230000019073486;484272;2020-04-13 13:30:00-04:00
5.239999771118164;5.329999923706055;5.184599876403809;5.300000190734863;233942;2020-04-13 14:30:00-04:00
5.304999828338623;5.375;5.295000076293945;5.329999923706055;607216;2020-04-13 15:30:00-04:00
5.480000019073486;5.539999961853027;5.300000190734863;5.519999980926514;506292;2020-04-14 09:30:00-04:00
5.53000020980835;5.570000171661377;5.289999961853027;5.324999809265137;406101;2020-04-14 10:30:00-04:00
5.324999809265137;5.389999866485596;5.25;5.329999923706055;184703;2020-04-14 11:30:00-04:00
5.329999923706055;5.380000114440918;5.28000020980835;5.289999961853027;98793;2020-04-14 12:30:00-04:00
5.300000190734863;5.369999885559082;5.28000020980835;5.340000152587891;137817;2020-04-14 13:30:00-04:00
5.349999904632568;5.355000019073486;5.25;5.269999980926514;174688;2020-04-14 14:30:00-04:00
5.28000020980835;5.28000020980835;5.230000019073486;5.230000019073486;278540;2020-04-14 15:30:00-04:00
5.0;5.110000133514404;4.940000057220459;5.010000228881836;900308;2020-04-15 09:30:00-04:00
5.010000228881836;5.159999847412109;4.96999979019165;5.135000228881836;485726;2020-04-15 10:30:00-04:00
5.139999866485596;5.159999847412109;4.989999771118164;5.014999866485596;225987;2020-04-15 11:30:00-04:00
5.014999866485596;5.135000228881836;4.989999771118164;5.09499979019165;193482;2020-04-15 12:30:00-04:00
5.090000152587891;5.09499979019165;5.010000228881836;5.039999961853027;322755;2020-04-15 13:30:00-04:00
5.039999961853027;5.065000057220459;5.0;5.010000228881836;284013;2020-04-15 14:30:00-04:00
5.019999980926514;5.050000190734863;4.985000133514404;4.994999885559082;337462;2020-04-15 15:30:00-04:00
4.960000038146973;5.150000095367432;4.860000133514404;5.054999828338623;893221;2020-04-16 09:30:00-04:00
5.050000190734863;5.099999904632568;4.96999979019165;4.980000019073486;332223;2020-04-16 10:30:00-04:00
4.980000019073486;5.029900074005127;4.889999866485596;4.985000133514404;406094;2020-04-16 11:30:00-04:00
4.980000019073486;5.059999942779541;4.940000057220459;5.03000020980835;276970;2020-04-16 12:30:00-04:00
5.03000020980835;5.050000190734863;4.963699817657471;5.010000228881836;258935;2020-04-16 13:30:00-04:00
5.010000228881836;5.070000171661377;4.989999771118164;5.059999942779541;450431;2020-04-16 14:30:00-04:00
5.054999828338623;5.159999847412109;5.039999961853027;5.139999866485596;341550;2020-04-16 15:30:00-04:00
5.28000020980835;5.400000095367432;5.204999923706055;5.210000038146973;407214;2020-04-17 09:30:00-04:00
5.199999809265137;5.230000019073486;5.135000228881836;5.170000076293945;191275;2020-04-17 10:30:00-04:00
5.179999828338623;5.21999979019165;5.159999847412109;5.184999942779541;129496;2020-04-17 11:30:00-04:00
5.179999828338623;5.210000038146973;5.090000152587891;5.09499979019165;133635;2020-04-17 12:30:00-04:00
5.09499979019165;5.139999866485596;5.059999942779541;5.090000152587891;134365;2020-04-17 13:30:00-04:00
5.09499979019165;5.127999782562256;5.050000190734863;5.070000171661377;731092;2020-04-17 14:30:00-04:00
5.059999942779541;5.164999961853027;5.005000114440918;5.099999904632568;762462;2020-04-17 15:30:00-04:00
5.0;5.228700160980225;4.900000095367432;5.139999866485596;320484;2020-04-20 09:30:00-04:00
5.139999866485596;5.244999885559082;5.059999942779541;5.15500020980835;261545;2020-04-20 10:30:00-04:00
5.15500020980835;5.230000019073486;5.099999904632568;5.119999885559082;492806;2020-04-20 11:30:00-04:00
5.130000114440918;5.15500020980835;5.03000020980835;5.070000171661377;139509;2020-04-20 12:30:00-04:00
5.070000171661377;5.070000171661377;4.925000190734863;4.929999828338623;299367;2020-04-20 13:30:00-04:00
4.933599948883057;5.0;4.914999961853027;4.980000019073486;210292;2020-04-20 14:30:00-04:00
4.980000019073486;4.994999885559082;4.945000171661377;4.960000038146973;280633;2020-04-20 15:30:00-04:00
4.880000114440918;5.480000019073486;4.880000114440918;5.460000038146973;987670;2020-04-21 09:30:00-04:00
5.460400104522705;5.610000133514404;5.420000076293945;5.449999809265137;825349;2020-04-21 10:30:00-04:00
5.449999809265137;5.650000095367432;5.427299976348877;5.5;598228;2020-04-21 11:30:00-04:00
5.5;5.648799896240234;5.474999904632568;5.630000114440918;599035;2020-04-21 12:30:00-04:00
5.635000228881836;5.679999828338623;5.579999923706055;5.619999885559082;302051;2020-04-21 13:30:00-04:00
5.625;5.699999809265137;5.599999904632568;5.699999809265137;375615;2020-04-21 14:30:00-04:00
5.690000057220459;5.809999942779541;5.690000057220459;5.760000228881836;1286373;2020-04-21 15:30:00-04:00
5.820000171661377;5.889999866485596;5.635000228881836;5.703400135040283;593062;2020-04-22 09:30:00-04:00
5.710000038146973;5.864999771118164;5.710000038146973;5.769100189208984;233952;2020-04-22 10:30:00-04:00
5.760000228881836;5.829999923706055;5.71999979019165;5.735000133514404;118257;2020-04-22 11:30:00-04:00
5.730000019073486;5.820000171661377;5.730000019073486;5.800000190734863;96427;2020-04-22 12:30:00-04:00
5.800000190734863;5.860000133514404;5.789999961853027;5.849999904632568;134146;2020-04-22 13:30:00-04:00
5.849999904632568;5.949999809265137;5.849999904632568;5.940000057220459;206377;2020-04-22 14:30:00-04:00
5.949999809265137;6.0;5.920000076293945;5.96999979019165;773744;2020-04-22 15:30:00-04:00
6.099999904632568;6.414999961853027;6.019999980926514;6.400000095367432;379790;2020-04-23 09:30:00-04:00
6.394999980926514;6.550000190734863;6.349999904632568;6.53000020980835;291487;2020-04-23 10:30:00-04:00
6.53000020980835;6.619999885559082;6.409999847412109;6.616000175476074;170243;2020-04-23 11:30:00-04:00
6.610000133514404;6.630000114440918;6.360000133514404;6.460000038146973;265660;2020-04-23 12:30:00-04:00
6.46999979019165;6.570000171661377;6.420000076293945;6.554999828338623;203567;2020-04-23 13:30:00-04:00
6.550000190734863;6.59499979019165;6.440000057220459;6.494999885559082;253556;2020-04-23 14:30:00-04:00
6.5;6.539999961853027;6.449999809265137;6.449999809265137;301880;2020-04-23 15:30:00-04:00
6.539999961853027;6.599999904632568;6.019999980926514;6.070000171661377;448484;2020-04-24 09:30:00-04:00
6.070000171661377;6.28000020980835;6.059999942779541;6.114999771118164;393376;2020-04-24 10:30:00-04:00
6.110000133514404;6.275000095367432;6.090000152587891;6.184999942779541;170268;2020-04-24 11:30:00-04:00
6.179999828338623;6.239999771118164;6.179999828338623;6.235000133514404;66542;2020-04-24 12:30:00-04:00
6.230000019073486;6.309999942779541;6.210000038146973;6.269999980926514;104201;2020-04-24 13:30:00-04:00
6.267000198364258;6.420000076293945;6.267000198364258;6.40500020980835;297754;2020-04-24 14:30:00-04:00
6.409999847412109;6.429999828338623;6.324999809265137;6.329999923706055;256644;2020-04-24 15:30:00-04:00
6.389999866485596;6.570000171661377;6.389999866485596;6.480000019073486;284599;2020-04-27 09:30:00-04:00
6.485000133514404;6.5;6.329999923706055;6.335000038146973;143082;2020-04-27 10:30:00-04:00
6.329999923706055;6.389999866485596;6.289999961853027;6.380000114440918;180530;2020-04-27 11:30:00-04:00
6.380000114440918;6.420000076293945;6.340000152587891;6.369999885559082;78883;2020-04-27 12:30:00-04:00
6.380000114440918;6.480000019073486;6.369999885559082;6.474999904632568;76230;2020-04-27 13:30:00-04:00
6.46999979019165;6.480000019073486;6.429999828338623;6.454999923706055;129533;2020-04-27 14:30:00-04:00
6.460000038146973;6.480000019073486;6.420000076293945;6.449999809265137;142316;2020-04-27 15:30:00-04:00
6.619999885559082;6.739999771118164;6.510000228881836;6.590000152587891;326649;2020-04-28 09:30:00-04:00
6.590000152587891;6.610000133514404;6.349999904632568;6.460000038146973;158451;2020-04-28 10:30:00-04:00
6.449999809265137;6.534999847412109;6.449999809265137;6.480000019073486;101072;2020-04-28 11:30:00-04:00
6.489999771118164;6.550000190734863;6.480000019073486;6.510000228881836;85117;2020-04-28 12:30:00-04:00
6.510000228881836;6.769999980926514;6.505000114440918;6.715499877929688;214394;2020-04-28 13:30:00-04:00
6.715000152587891;6.760000228881836;6.670000076293945;6.699999809265137;167065;2020-04-28 14:30:00-04:00
6.704999923706055;6.75;6.619999885559082;6.650000095367432;272631;2020-04-28 15:30:00-04:00
6.889999866485596;7.110000133514404;6.789999961853027;6.875;328662;2020-04-29 09:30:00-04:00
6.880000114440918;6.900000095367432;6.769999980926514;6.894999980926514;227579;2020-04-29 10:30:00-04:00
6.894999980926514;7.118000030517578;6.880000114440918;7.054999828338623;441085;2020-04-29 11:30:00-04:00
7.050000190734863;7.170000076293945;7.050000190734863;7.085000038146973;226882;2020-04-29 12:30:00-04:00
7.079999923706055;7.079999923706055;6.920000076293945;6.96999979019165;186478;2020-04-29 13:30:00-04:00
6.980000019073486;7.150000095367432;6.90500020980835;6.925000190734863;439629;2020-04-29 14:30:00-04:00
6.929999828338623;7.010000228881836;6.909999847412109;6.989999771118164;377166;2020-04-29 15:30:00-04:00
6.880000114440918;7.239999771118164;6.730000019073486;7.230000019073486;409730;2020-04-30 09:30:00-04:00
7.230000019073486;7.340000152587891;7.230000019073486;7.230000019073486;158687;2020-04-30 10:30:00-04:00
7.239999771118164;7.304999828338623;7.099999904632568;7.135000228881836;135807;2020-04-30 11:30:00-04:00
7.130000114440918;7.289999961853027;7.099999904632568;7.255000114440918;122970;2020-04-30 12:30:00-04:00
7.255000114440918;7.369999885559082;7.150000095367432;7.170000076293945;176754;2020-04-30 13:30:00-04:00
7.159999847412109;7.199999809265137;7.050000190734863;7.09499979019165;160322;2020-04-30 14:30:00-04:00
7.090000152587891;7.139999866485596;7.03000020980835;7.085000038146973;357929;2020-04-30 15:30:00-04:00
6.860000133514404;6.989999771118164;6.630000114440918;6.710000038146973;281196;2020-05-01 09:30:00-04:00
6.709000110626221;6.789999961853027;6.690000057220459;6.744999885559082;135496;2020-05-01 10:30:00-04:00
6.730000019073486;6.75;6.5;6.630000114440918;280836;2020-05-01 11:30:00-04:00
6.619999885559082;6.659999847412109;6.574999809265137;6.59499979019165;111455;2020-05-01 12:30:00-04:00
6.599999904632568;6.675000190734863;6.590000152587891;6.639999866485596;106369;2020-05-01 13:30:00-04:00
6.639999866485596;6.650000095367432;6.554999828338623;6.559999942779541;138289;2020-05-01 14:30:00-04:00
6.565000057220459;6.659999847412109;6.554999828338623;6.650000095367432;251495;2020-05-01 15:30:00-04:00
6.510000228881836;6.769999980926514;6.460000038146973;6.630000114440918;262946;2020-05-04 09:30:00-04:00
6.605000019073486;6.650000095367432;6.5;6.614999771118164;159746;2020-05-04 10:30:00-04:00
6.619999885559082;6.710000038146973;6.610000133514404;6.679999828338623;78216;2020-05-04 11:30:00-04:00
6.675000190734863;6.690000057220459;6.519899845123291;6.519999980926514;93410;2020-05-04 12:30:00-04:00
6.519999980926514;6.599999904632568;6.519999980926514;6.534999847412109;94145;2020-05-04 13:30:00-04:00
6.53000020980835;6.730000019073486;6.519999980926514;6.71999979019165;129465;2020-05-04 14:30:00-04:00
6.710000038146973;6.769999980926514;6.679999828338623;6.75;225337;2020-05-04 15:30:00-04:00
6.880000114440918;6.96999979019165;6.760000228881836;6.760000228881836;149020;2020-05-05 09:30:00-04:00
6.760000228881836;6.840000152587891;6.679999828338623;6.829999923706055;108118;2020-05-05 10:30:00-04:00
6.840000152587891;6.909999847412109;6.83650016784668;6.860000133514404;72206;2020-05-05 11:30:00-04:00
6.864999771118164;6.875;6.75;6.78000020980835;86490;2020-05-05 12:30:00-04:00
6.78000020980835;6.820000171661377;6.71999979019165;6.803500175476074;104450;2020-05-05 13:30:00-04:00
6.804999828338623;6.804999828338623;6.630000114440918;6.65500020980835;158366;2020-05-05 14:30:00-04:00
6.650000095367432;6.669899940490723;6.550000190734863;6.630000114440918;207636;2020-05-05 15:30:00-04:00
6.599999904632568;6.75;6.53000020980835;6.550000190734863;147012;2020-05-06 09:30:00-04:00
6.539999961853027;6.570000171661377;6.434999942779541;6.465000152587891;134267;2020-05-06 10:30:00-04:00
6.449999809265137;6.510000228881836;6.441699981689453;6.489999771118164;149781;2020-05-06 11:30:00-04:00
6.489999771118164;6.559999942779541;6.460000038146973;6.53000020980835;117062;2020-05-06 12:30:00-04:00
6.525000095367432;6.550000190734863;6.489999771118164;6.510000228881836;86290;2020-05-06 13:30:00-04:00
6.5;6.599999904632568;6.5;6.570000171661377;103924;2020-05-06 14:30:00-04:00
6.559999942779541;6.570000171661377;6.5;6.53000020980835;227589;2020-05-06 15:30:00-04:00
6.599999904632568;6.789999961853027;6.599999904632568;6.639999866485596;140882;2020-05-07 09:30:00-04:00
6.644999980926514;6.769999980926514;6.579999923706055;6.769999980926514;209095;2020-05-07 10:30:00-04:00
6.769999980926514;6.889999866485596;6.730000019073486;6.849999904632568;140425;2020-05-07 11:30:00-04:00
6.849999904632568;6.880000114440918;6.784999847412109;6.829999923706055;105791;2020-05-07 12:30:00-04:00
6.840000152587891;6.880000114440918;6.760000228881836;6.815000057220459;126060;2020-05-07 13:30:00-04:00
6.820000171661377;6.900000095367432;6.804999828338623;6.875;234955;2020-05-07 14:30:00-04:00
6.875;6.949999809265137;6.849999904632568;6.940000057220459;252765;2020-05-07 15:30:00-04:00
6.989999771118164;7.239999771118164;6.940000057220459;7.025000095367432;240597;2020-05-08 09:30:00-04:00
7.025000095367432;7.179999828338623;6.96999979019165;7.15500020980835;100825;2020-05-08 10:30:00-04:00
7.15500020980835;7.179999828338623;7.100100040435791;7.119999885559082;89640;2020-05-08 11:30:00-04:00
7.125;7.170000076293945;7.079999923706055;7.09499979019165;89870;2020-05-08 12:30:00-04:00
7.090000152587891;7.099999904632568;7.03000020980835;7.070000171661377;97032;2020-05-08 13:30:00-04:00
7.065000057220459;7.28000020980835;6.989999771118164;7.179999828338623;364120;2020-05-08 14:30:00-04:00
7.184999942779541;7.764999866485596;7.170000076293945;7.400000095367432;872663;2020-05-08 15:30:00-04:00
7.489999771118164;7.529399871826172;7.025000095367432;7.139999866485596;606350;2020-05-11 09:30:00-04:00
7.139999866485596;7.25;7.059999942779541;7.210000038146973;155707;2020-05-11 10:30:00-04:00
7.239999771118164;7.53000020980835;7.233799934387207;7.53000020980835;138192;2020-05-11 11:30:00-04:00
7.53000020980835;7.550000190734863;7.440000057220459;7.525000095367432;161551;2020-05-11 12:30:00-04:00
7.525000095367432;7.550000190734863;7.440000057220459;7.451099872589111;151617;2020-05-11 13:30:00-04:00
7.454999923706055;7.525000095367432;7.440000057220459;7.474999904632568;215390;2020-05-11 14:30:00-04:00
7.46999979019165;7.474999904632568;7.150000095367432;7.150000095367432;708702;2020-05-11 15:30:00-04:00
8.819999694824219;9.050000190734863;7.96999979019165;8.959699630737305;1663383;2020-05-12 09:30:00-04:00
8.949999809265137;9.279999732971191;8.84000015258789;9.239999771118164;886294;2020-05-12 10:30:00-04:00
9.239999771118164;9.420000076293944;9.130000114440918;9.229999542236328;1032514;2020-05-12 11:30:00-04:00
9.239999771118164;9.279999732971191;9.029999732971191;9.100000381469728;559831;2020-05-12 12:30:00-04:00
9.100000381469728;9.100000381469728;8.750200271606445;8.779999732971191;542366;2020-05-12 13:30:00-04:00
8.779999732971191;8.819999694824219;8.420000076293945;8.510000228881836;482931;2020-05-12 14:30:00-04:00
8.5;8.630000114440918;8.420000076293945;8.479999542236328;963653;2020-05-12 15:30:00-04:00
8.520000457763672;8.869999885559082;8.430000305175781;8.819999694824219;789077;2020-05-13 09:30:00-04:00
8.829999923706055;8.859999656677246;8.350000381469727;8.420000076293945;591458;2020-05-13 10:30:00-04:00
8.420000076293945;8.4399995803833;8.109999656677246;8.21500015258789;273413;2020-05-13 11:30:00-04:00
8.210000038146973;8.3149995803833;8.130000114440918;8.229999542236328;179691;2020-05-13 12:30:00-04:00
8.220000267028809;8.34000015258789;8.175000190734863;8.34000015258789;157393;2020-05-13 13:30:00-04:00
8.319999694824219;8.354999542236328;8.239999771118164;8.335000038146973;169800;2020-05-13 14:30:00-04:00
8.335000038146973;8.529999732971191;8.335000038146973;8.5;356170;2020-05-13 15:30:00-04:00
8.359999656677246;8.479999542236328;7.78000020980835;7.900000095367432;534690;2020-05-14 09:30:00-04:00
7.900000095367432;8.162400245666504;7.820000171661377;7.880000114440918;285425;2020-05-14 10:30:00-04:00
7.869999885559082;7.929999828338623;7.820000171661377;7.829999923706055;201052;2020-05-14 11:30:00-04:00
7.840000152587891;8.050000190734863;7.829999923706055;8.050000190734863;138296;2020-05-14 12:30:00-04:00
8.050000190734863;8.09000015258789;7.929999828338623;8.005000114440918;132343;2020-05-14 13:30:00-04:00
8.010000228881836;8.039999961853027;7.900000095367432;7.960000038146973;155386;2020-05-14 14:30:00-04:00
7.96999979019165;7.985000133514404;7.869999885559082;7.949999809265137;226213;2020-05-14 15:30:00-04:00
7.909999847412109;7.915900230407715;7.686200141906738;7.775000095367432;0;2020-05-15 09:30:00-04:00
7.775000095367432;7.925000190734863;7.75;7.840000152587891;182135;2020-05-15 10:30:00-04:00
7.840000152587891;7.840000152587891;7.710000038146973;7.769999980926514;97234;2020-05-15 11:30:00-04:00
7.78000020980835;7.839900016784668;7.755000114440918;7.835000038146973;68945;2020-05-15 12:30:00-04:00
7.829999923706055;7.949999809265137;7.815000057220459;7.920000076293945;120824;2020-05-15 13:30:00-04:00
7.920000076293945;7.920000076293945;7.769999980926514;7.800000190734863;391393;2020-05-15 14:30:00-04:00
7.804999828338623;7.829999923706055;7.760000228881836;7.764999866485596;289890;2020-05-15 15:30:00-04:00
7.989999771118164;8.350000381469727;7.960000038146973;7.989999771118164;502624;2020-05-18 09:30:00-04:00
7.989999771118164;8.199999809265137;7.900000095367432;7.934999942779541;377094;2020-05-18 10:30:00-04:00
7.934999942779541;7.940000057220459;7.78000020980835;7.815000057220459;237152;2020-05-18 11:30:00-04:00
7.809999942779541;7.949999809265137;7.800000190734863;7.889999866485596;322687;2020-05-18 12:30:00-04:00
7.889999866485596;8.0;7.880000114440918;7.980000019073486;173225;2020-05-18 13:30:00-04:00
7.96999979019165;8.069999694824219;7.875;7.920000076293945;460366;2020-05-18 14:30:00-04:00
7.920000076293945;7.949999809265137;7.840000152587891;7.880000114440918;471820;2020-05-18 15:30:00-04:00
7.880000114440918;8.140399932861328;7.670000076293945;8.1318998336792;430845;2020-05-19 09:30:00-04:00
8.149999618530273;8.239999771118164;8.0649995803833;8.140000343322754;360456;2020-05-19 10:30:00-04:00
8.140000343322754;8.194999694824219;8.050000190734863;8.095000267028809;312263;2020-05-19 11:30:00-04:00
8.095000267028809;8.170000076293945;8.005000114440918;8.140000343322754;170980;2020-05-19 12:30:00-04:00
8.130000114440918;8.335000038146973;8.130000114440918;8.270000457763672;192756;2020-05-19 13:30:00-04:00
8.270000457763672;8.270000457763672;8.109999656677246;8.175000190734863;332247;2020-05-19 14:30:00-04:00
8.170000076293945;8.199999809265137;8.0;8.020000457763672;401451;2020-05-19 15:30:00-04:00
8.199999809265137;8.234999656677246;8.020000457763672;8.15999984741211;384484;2020-05-20 09:30:00-04:00
8.15999984741211;8.335000038146973;8.149999618530273;8.28499984741211;185776;2020-05-20 10:30:00-04:00
8.279999732971191;8.3100004196167;8.220000267028809;8.255000114440918;139660;2020-05-20 11:30:00-04:00
8.260000228881836;8.3149995803833;8.225000381469727;8.239999771118164;136595;2020-05-20 12:30:00-04:00
8.239999771118164;8.289999961853027;8.210000038146973;8.25;145230;2020-05-20 13:30:00-04:00
8.25;8.3149995803833;8.104999542236328;8.140000343322754;213596;2020-05-20 14:30:00-04:00
8.140000343322754;8.300000190734863;8.125;8.300000190734863;244431;2020-05-20 15:30:00-04:00
8.300000190734863;8.300000190734863;8.020000457763672;8.050000190734863;547308;2020-05-21 09:30:00-04:00
8.039999961853027;8.09000015258789;7.96999979019165;7.980000019073486;126011;2020-05-21 10:30:00-04:00
7.980000019073486;8.099699974060059;7.980000019073486;8.074999809265137;74105;2020-05-21 11:30:00-04:00
8.069999694824219;8.109999656677246;8.029999732971191;8.081000328063965;92142;2020-05-21 12:30:00-04:00
8.079999923706055;8.085000038146973;8.024999618530273;8.055000305175781;73767;2020-05-21 13:30:00-04:00
8.053000450134277;8.34000015258789;8.0;8.270000457763672;302515;2020-05-21 14:30:00-04:00
8.274999618530273;8.279999732971191;8.199999809265137;8.210000038146973;197532;2020-05-21 15:30:00-04:00
8.239999771118164;8.25;8.079999923706055;8.239999771118164;184491;2020-05-22 09:30:00-04:00
8.234999656677246;8.34000015258789;8.175000190734863;8.28499984741211;167036;2020-05-22 10:30:00-04:00
8.279999732971191;8.319999694824219;8.239999771118164;8.255000114440918;122757;2020-05-22 11:30:00-04:00
8.260000228881836;8.329999923706055;8.240099906921387;8.265000343322754;84670;2020-05-22 12:30:00-04:00
8.265000343322754;8.350000381469727;8.234999656677246;8.330100059509277;154016;2020-05-22 13:30:00-04:00
8.329999923706055;8.579999923706055;8.305000305175781;8.579999923706055;254800;2020-05-22 14:30:00-04:00
8.574999809265137;8.680000305175781;8.5;8.609999656677246;419083;2020-05-22 15:30:00-04:00
8.949999809265137;9.079999923706056;8.6899995803833;8.710000038146973;229218;2020-05-26 09:30:00-04:00
8.710000038146973;8.720000267028809;8.54010009765625;8.569999694824219;168484;2020-05-26 10:30:00-04:00
8.5600004196167;8.5600004196167;8.460000038146973;8.515000343322754;157150;2020-05-26 11:30:00-04:00
8.515000343322754;8.59000015258789;8.489999771118164;8.59000015258789;106202;2020-05-26 12:30:00-04:00
8.59000015258789;8.59000015258789;8.470000267028809;8.477999687194824;90540;2020-05-26 13:30:00-04:00
8.479999542236328;8.529999732971191;8.449999809265137;8.489999771118164;115259;2020-05-26 14:30:00-04:00
8.485899925231934;8.520000457763672;8.420000076293945;8.430000305175781;160470;2020-05-26 15:30:00-04:00
8.640000343322754;8.699999809265137;8.095000267028809;8.130000114440918;706942;2020-05-27 09:30:00-04:00
8.130000114440918;8.130000114440918;7.940000057220459;8.114999771118164;197832;2020-05-27 10:30:00-04:00
8.119999885559082;8.199999809265137;8.069999694824219;8.130000114440918;208640;2020-05-27 11:30:00-04:00
8.140000343322754;8.199999809265137;8.109999656677246;8.145000457763672;209514;2020-05-27 12:30:00-04:00
8.140000343322754;8.149999618530273;8.095000267028809;8.140000343322754;129397;2020-05-27 13:30:00-04:00
8.130000114440918;8.140000343322754;8.050000190734863;8.074999809265137;213320;2020-05-27 14:30:00-04:00
8.074999809265137;8.180000305175781;8.050000190734863;8.109999656677246;466357;2020-05-27 15:30:00-04:00
8.199999809265137;8.345000267028809;8.0;8.324299812316895;243398;2020-05-28 09:30:00-04:00
8.324999809265137;8.430000305175781;8.289999961853027;8.350000381469727;174299;2020-05-28 10:30:00-04:00
8.350000381469727;8.569999694824219;8.3100004196167;8.550000190734863;126591;2020-05-28 11:30:00-04:00
8.555000305175781;8.579999923706055;8.460000038146973;8.460000038146973;154710;2020-05-28 12:30:00-04:00
8.460000038146973;8.560099601745605;8.414999961853027;8.475000381469727;160207;2020-05-28 13:30:00-04:00
8.479999542236328;8.479999542236328;8.359999656677246;8.380000114440918;177965;2020-05-28 14:30:00-04:00
8.380000114440918;8.399999618530273;8.260000228881836;8.34000015258789;350190;2020-05-28 15:30:00-04:00
8.350000381469727;8.359999656677246;8.069999694824219;8.25;194558;2020-05-29 09:30:00-04:00
8.260000228881836;8.364999771118164;8.180000305175781;8.3100004196167;161901;2020-05-29 10:30:00-04:00
8.3100004196167;8.380000114440918;8.289999961853027;8.305000305175781;169708;2020-05-29 11:30:00-04:00
8.305000305175781;8.390000343322754;8.279999732971191;8.3100004196167;214423;2020-05-29 12:30:00-04:00
8.300000190734863;8.380000114440918;8.210000038146973;8.369999885559082;137095;2020-05-29 13:30:00-04:00
8.369999885559082;8.390000343322754;8.210000038146973;8.3100004196167;247128;2020-05-29 14:30:00-04:00
8.3100004196167;8.335000038146973;8.140000343322754;8.260000228881836;608494;2020-05-29 15:30:00-04:00
8.270000457763672;8.569999694824219;8.270000457763672;8.555000305175781;258976;2020-06-01 09:30:00-04:00
8.5600004196167;8.739999771118164;8.484999656677246;8.680000305175781;287086;2020-06-01 10:30:00-04:00
8.680000305175781;8.850000381469727;8.664999961853027;8.8100004196167;184641;2020-06-01 11:30:00-04:00
8.819000244140625;8.819000244140625;8.765000343322754;8.774999618530273;112510;2020-06-01 12:30:00-04:00
8.770000457763672;8.84000015258789;8.75;8.78499984741211;159334;2020-06-01 13:30:00-04:00
8.789999961853027;8.84000015258789;8.770000457763672;8.8100004196167;235204;2020-06-01 14:30:00-04:00
8.800000190734863;8.835000038146973;8.729999542236328;8.739999771118164;385629;2020-06-01 15:30:00-04:00
8.779999732971191;8.84000015258789;8.555000305175781;8.630000114440918;191131;2020-06-02 09:30:00-04:00
8.630000114440918;8.727999687194824;8.619999885559082;8.710000038146973;218726;2020-06-02 10:30:00-04:00
8.720000267028809;8.779999732971191;8.652000427246094;8.725000381469727;88828;2020-06-02 11:30:00-04:00
8.725000381469727;8.75;8.6899995803833;8.704999923706055;84268;2020-06-02 12:30:00-04:00
8.704999923706055;8.73799991607666;8.654999732971191;8.710000038146973;184529;2020-06-02 13:30:00-04:00
8.71500015258789;8.835000038146973;8.694999694824219;8.829999923706055;192786;2020-06-02 14:30:00-04:00
8.8302001953125;8.84000015258789;8.774999618530273;8.800000190734863;353963;2020-06-02 15:30:00-04:00
8.920000076293945;8.979999542236328;8.829999923706055;8.885000228881836;184657;2020-06-03 09:30:00-04:00
8.885000228881836;9.039999961853027;8.880000114440918;8.970000267028809;248120;2020-06-03 10:30:00-04:00
8.96500015258789;9.0;8.864999771118164;8.920000076293945;142960;2020-06-03 11:30:00-04:00
8.9399995803833;8.9399995803833;8.864999771118164;8.875;125624;2020-06-03 12:30:00-04:00
8.875;9.0;8.869999885559082;9.0;216314;2020-06-03 13:30:00-04:00
8.996600151062012;9.010000228881836;8.880000114440918;8.944999694824219;232446;2020-06-03 14:30:00-04:00
8.949999809265137;8.970000267028809;8.899999618530273;8.9350004196167;356360;2020-06-03 15:30:00-04:00
8.899999618530273;8.979999542236328;8.8100004196167;8.854999542236328;147370;2020-06-04 09:30:00-04:00
8.854999542236328;8.930000305175781;8.739999771118164;8.75;110667;2020-06-04 10:30:00-04:00
8.760000228881836;8.760000228881836;8.670000076293945;8.710000038146973;95137;2020-06-04 11:30:00-04:00
8.699999809265137;8.770000457763672;8.619999885559082;8.760000228881836;141054;2020-06-04 12:30:00-04:00
8.760000228881836;8.850000381469727;8.760000228881836;8.829999923706055;102819;2020-06-04 13:30:00-04:00
8.829999923706055;8.829999923706055;8.649999618530273;8.671799659729004;130682;2020-06-04 14:30:00-04:00
8.680000305175781;8.729999542236328;8.680000305175781;8.6850004196167;153596;2020-06-04 15:30:00-04:00
9.050000190734863;9.1850004196167;8.84000015258789;9.024999618530272;396401;2020-06-05 09:30:00-04:00
9.020000457763672;9.050000190734863;8.984999656677246;9.039999961853027;175470;2020-06-05 10:30:00-04:00
9.039999961853027;9.050000190734863;8.960000038146973;9.0;118689;2020-06-05 11:30:00-04:00
9.010000228881836;9.039999961853027;8.949999809265137;9.010000228881836;118507;2020-06-05 12:30:00-04:00
9.020000457763672;9.05500030517578;8.979999542236328;9.050000190734863;197978;2020-06-05 13:30:00-04:00
9.045000076293944;9.0600004196167;8.960000038146973;8.970000267028809;349409;2020-06-05 14:30:00-04:00
8.96500015258789;8.975000381469727;8.899999618530273;8.920000076293945;193060;2020-06-05 15:30:00-04:00
9.149999618530272;9.149999618530272;8.979999542236328;9.038200378417969;354276;2020-06-08 09:30:00-04:00
9.039999961853027;9.05500030517578;8.970000267028809;8.994999885559082;226518;2020-06-08 10:30:00-04:00
8.999500274658203;9.050000190734863;8.989999771118164;9.020000457763672;222937;2020-06-08 11:30:00-04:00
9.024999618530272;9.0649995803833;9.010000228881836;9.020000457763672;270716;2020-06-08 12:30:00-04:00
9.020000457763672;9.039999961853027;8.979999542236328;9.005000114440918;156252;2020-06-08 13:30:00-04:00
9.00819969177246;9.010000228881836;8.925000190734863;8.954500198364258;118872;2020-06-08 14:30:00-04:00
8.954999923706055;9.005000114440918;8.925000190734863;9.0;211987;2020-06-08 15:30:00-04:00
9.0;9.04990005493164;8.869999885559082;9.04990005493164;373947;2020-06-09 09:30:00-04:00
9.041899681091309;9.074999809265137;9.010000228881836;9.03499984741211;191813;2020-06-09 10:30:00-04:00
9.029999732971191;9.050000190734863;8.984999656677246;9.0;84711;2020-06-09 11:30:00-04:00
9.010000228881836;9.029999732971191;8.949999809265137;9.020000457763672;88052;2020-06-09 12:30:00-04:00
9.010000228881836;9.05500030517578;8.979999542236328;9.0;136738;2020-06-09 13:30:00-04:00
9.010000228881836;9.05500030517578;9.0;9.045000076293944;201165;2020-06-09 14:30:00-04:00
9.045000076293944;9.0600004196167;8.96500015258789;9.010000228881836;247803;2020-06-09 15:30:00-04:00
9.020000457763672;9.079899787902832;8.723299980163574;8.779999732971191;396704;2020-06-10 09:30:00-04:00
8.78499984741211;8.854999542236328;8.725000381469727;8.770000457763672;270528;2020-06-10 10:30:00-04:00
8.779999732971191;8.989999771118164;8.739999771118164;8.970000267028809;152991;2020-06-10 11:30:00-04:00
8.970000267028809;9.010000228881836;8.880000114440918;8.890000343322754;165840;2020-06-10 12:30:00-04:00
8.890000343322754;9.0600004196167;8.800000190734863;9.031000137329102;178472;2020-06-10 13:30:00-04:00
9.03499984741211;9.050000190734863;8.829999923706055;9.010000228881836;1237031;2020-06-10 14:30:00-04:00
9.010000228881836;9.029999732971191;8.920000076293945;8.989999771118164;653689;2020-06-10 15:30:00-04:00
8.729999542236328;8.729999542236328;8.42770004272461;8.449999809265137;409432;2020-06-11 09:30:00-04:00
8.449999809265137;8.529999732971191;8.25;8.324999809265137;228550;2020-06-11 10:30:00-04:00
8.329999923706055;8.34000015258789;8.130000114440918;8.140000343322754;207669;2020-06-11 11:30:00-04:00
8.140000343322754;8.380000114440918;8.140000343322754;8.345199584960938;152759;2020-06-11 12:30:00-04:00
8.345000267028809;8.4399995803833;8.34000015258789;8.399999618530273;136890;2020-06-11 13:30:00-04:00
8.40999984741211;8.40999984741211;8.109999656677246;8.130000114440918;271769;2020-06-11 14:30:00-04:00
8.119999885559082;8.204999923706055;8.069999694824219;8.09000015258789;330310;2020-06-11 15:30:00-04:00
8.619999885559082;8.699999809265137;8.4399995803833;8.614999771118164;262296;2020-06-12 09:30:00-04:00
8.609999656677246;8.670000076293945;8.510000228881836;8.555000305175781;86621;2020-06-12 10:30:00-04:00
8.529999732971191;8.550000190734863;8.460000038146973;8.515000343322754;260384;2020-06-12 12:30:00-04:00
8.510000228881836;8.529999732971191;8.359999656677246;8.484999656677246;186395;2020-06-12 13:30:00-04:00
8.5;8.529999732971191;8.380000114440918;8.470000267028809;161050;2020-06-12 14:30:00-04:00
8.470000267028809;8.640000343322754;8.430000305175781;8.619999885559082;303861;2020-06-12 15:30:00-04:00
8.399999618530273;8.687000274658203;8.270099639892578;8.579999923706055;254331;2020-06-15 09:30:00-04:00
8.579999923706055;8.8100004196167;8.579999923706055;8.789999961853027;200234;2020-06-15 10:30:00-04:00
8.789999961853027;8.8100004196167;8.725000381469727;8.779999732971191;120437;2020-06-15 11:30:00-04:00
8.760000228881836;8.920000076293945;8.739999771118164;8.875;130143;2020-06-15 12:30:00-04:00
8.875;9.062000274658203;8.789999961853027;9.050000190734863;225870;2020-06-15 13:30:00-04:00
9.050000190734863;9.06999969482422;8.930000305175781;8.979999542236328;246629;2020-06-15 14:30:00-04:00
8.975000381469727;8.989999771118164;8.925000190734863;8.979999542236328;280022;2020-06-15 15:30:00-04:00
9.25;9.449999809265137;9.0600004196167;9.244999885559082;343207;2020-06-16 09:30:00-04:00
9.25;9.279999732971191;8.869999885559082;9.164999961853027;250953;2020-06-16 10:30:00-04:00
9.170000076293944;9.19499969482422;9.015000343322754;9.149999618530272;99223;2020-06-16 11:30:00-04:00
9.149999618530272;9.1899995803833;9.079999923706056;9.1850004196167;86452;2020-06-16 12:30:00-04:00
9.18000030517578;9.229999542236328;9.100000381469728;9.21500015258789;91652;2020-06-16 13:30:00-04:00
9.220000267028809;9.239999771118164;9.024999618530272;9.0649995803833;186014;2020-06-16 14:30:00-04:00
9.05500030517578;9.140000343322754;9.05500030517578;9.140000343322754;165947;2020-06-16 15:30:00-04:00
9.0600004196167;9.239999771118164;9.050000190734863;9.06999969482422;173578;2020-06-17 09:30:00-04:00
9.060099601745604;9.119999885559082;8.979999542236328;9.020000457763672;141374;2020-06-17 10:30:00-04:00
9.010000228881836;9.074999809265137;8.979999542236328;9.05500030517578;142499;2020-06-17 11:30:00-04:00
9.056099891662598;9.109999656677246;9.050000190734863;9.100000381469728;76712;2020-06-17 12:30:00-04:00
9.109999656677246;9.130000114440918;9.09000015258789;9.100000381469728;54921;2020-06-17 13:30:00-04:00
9.100000381469728;9.140000343322754;8.979999542236328;8.989999771118164;148463;2020-06-17 14:30:00-04:00
8.989999771118164;9.03499984741211;8.979999542236328;9.010000228881836;189393;2020-06-17 15:30:00-04:00
8.869999885559082;8.920000076293945;8.770000457763672;8.819999694824219;207893;2020-06-18 09:30:00-04:00
8.819999694824219;8.829999923706055;8.654999732971191;8.6850004196167;141364;2020-06-18 10:30:00-04:00
8.6899995803833;8.704999923706055;8.619999885559082;8.664999961853027;128806;2020-06-18 11:30:00-04:00
8.65999984741211;8.75;8.630000114440918;8.75;69584;2020-06-18 12:30:00-04:00
8.75;8.850000381469727;8.739999771118164;8.829999923706055;67278;2020-06-18 13:30:00-04:00
8.829999923706055;8.84000015258789;8.755000114440918;8.774999618530273;116769;2020-06-18 14:30:00-04:00
8.770000457763672;8.789999961853027;8.699999809265137;8.779999732971191;179283;2020-06-18 15:30:00-04:00
8.890000343322754;9.129300117492676;8.869999885559082;8.9350004196167;705439;2020-06-19 09:30:00-04:00
8.930000305175781;9.039999961853027;8.850000381469727;9.029999732971191;93664;2020-06-19 10:30:00-04:00
9.029999732971191;9.039999961853027;8.829999923706055;8.890000343322754;104552;2020-06-19 11:30:00-04:00
8.898099899291992;8.899999618530273;8.729999542236328;8.734999656677246;137253;2020-06-19 12:30:00-04:00
8.729999542236328;8.75;8.600000381469727;8.649999618530273;203123;2020-06-19 13:30:00-04:00
8.654999732971191;8.729999542236328;8.630000114440918;8.710000038146973;108074;2020-06-19 14:30:00-04:00
8.71500015258789;9.0600004196167;8.710000038146973;9.050000190734863;683225;2020-06-19 15:30:00-04:00
9.06999969482422;9.1899995803833;8.90999984741211;9.1899995803833;386294;2020-06-22 09:30:00-04:00
9.1899995803833;9.324999809265137;9.09000015258789;9.300000190734863;204347;2020-06-22 10:30:00-04:00
9.3100004196167;9.31999969482422;9.220000267028809;9.260000228881836;228299;2020-06-22 11:30:00-04:00
9.260000228881836;9.380000114440918;9.244999885559082;9.31999969482422;124532;2020-06-22 12:30:00-04:00
9.329999923706056;9.4399995803833;9.31999969482422;9.4350004196167;140354;2020-06-22 13:30:00-04:00
9.4350004196167;9.475000381469728;9.380000114440918;9.380000114440918;191214;2020-06-22 14:30:00-04:00
9.390000343322754;9.4399995803833;9.345000267028809;9.43000030517578;268406;2020-06-22 15:30:00-04:00
9.479999542236328;9.585000038146973;9.300000190734863;9.315099716186523;336432;2020-06-23 09:30:00-04:00
9.30500030517578;9.345000267028809;9.119999885559082;9.279999732971191;274633;2020-06-23 10:30:00-04:00
9.270000457763672;9.270000457763672;9.18000030517578;9.206100463867188;182833;2020-06-23 11:30:00-04:00
9.210000038146973;9.265000343322754;9.170000076293944;9.175999641418455;231750;2020-06-23 12:30:00-04:00
9.18000030517578;9.18000030517578;9.06999969482422;9.119999885559082;182977;2020-06-23 13:30:00-04:00
9.119999885559082;9.1899995803833;9.079999923706056;9.140000343322754;278015;2020-06-23 14:30:00-04:00
9.149999618530272;9.199999809265137;9.130000114440918;9.1850004196167;258519;2020-06-23 15:30:00-04:00
9.0600004196167;9.23009967803955;9.0;9.119999885559082;377383;2020-06-24 09:30:00-04:00
9.123000144958496;9.125;8.914999961853027;9.0;341606;2020-06-24 10:30:00-04:00
9.0;9.0;8.789999961853027;8.805000305175781;299541;2020-06-24 11:30:00-04:00
8.8100004196167;8.920000076293945;8.760000228881836;8.8100004196167;160881;2020-06-24 12:30:00-04:00
8.800000190734863;8.890000343322754;8.739999771118164;8.890000343322754;268929;2020-06-24 13:30:00-04:00
8.890000343322754;8.9399995803833;8.8100004196167;8.89009952545166;272695;2020-06-24 14:30:00-04:00
8.895000457763672;8.944999694824219;8.859999656677246;8.880000114440918;237449;2020-06-24 15:30:00-04:00
8.800000190734863;8.857799530029297;8.539999961853027;8.65999984741211;350862;2020-06-25 09:30:00-04:00
8.65999984741211;8.739999771118164;8.59000015258789;8.720000267028809;220055;2020-06-25 10:30:00-04:00
8.720000267028809;8.744999885559082;8.640000343322754;8.670000076293945;103478;2020-06-25 11:30:00-04:00
8.670000076293945;8.770000457763672;8.649999618530273;8.770000457763672;67227;2020-06-25 12:30:00-04:00
8.765000343322754;8.765000343322754;8.645000457763672;8.694999694824219;76022;2020-06-25 13:30:00-04:00
8.694999694824219;8.779999732971191;8.647000312805176;8.765000343322754;85850;2020-06-25 14:30:00-04:00
8.760000228881836;8.880000114440918;8.75;8.880000114440918;185238;2020-06-25 15:30:00-04:00
8.850000381469727;8.979999542236328;8.710000038146973;8.880000114440918;428766;2020-06-26 09:30:00-04:00
8.880000114440918;8.880000114440918;8.760000228881836;8.854999542236328;179155;2020-06-26 10:30:00-04:00
8.854999542236328;8.904999732971191;8.8100004196167;8.87909984588623;102838;2020-06-26 11:30:00-04:00
8.875;8.890000343322754;8.798999786376953;8.800000190734863;90482;2020-06-26 12:30:00-04:00
8.8100004196167;8.850000381469727;8.770000457763672;8.778599739074707;95830;2020-06-26 13:30:00-04:00
8.779999732971191;8.999300003051758;8.739999771118164;8.989999771118164;268784;2020-06-26 14:30:00-04:00
8.989999771118164;8.994999885559082;8.819999694824219;8.899999618530273;545339;2020-06-26 15:30:00-04:00
8.979999542236328;9.09000015258789;8.920000076293945;9.074999809265137;216102;2020-06-29 09:30:00-04:00
9.074999809265137;9.164999961853027;9.03499984741211;9.109999656677246;189950;2020-06-29 10:30:00-04:00
9.119999885559082;9.125;8.960000038146973;9.0;136181;2020-06-29 11:30:00-04:00
8.994999885559082;9.114999771118164;8.994999885559082;9.079999923706056;87640;2020-06-29 12:30:00-04:00
9.079999923706056;9.085000038146973;8.970000267028809;8.979999542236328;81161;2020-06-29 13:30:00-04:00
8.979999542236328;9.0;8.949999809265137;8.949999809265137;100735;2020-06-29 14:30:00-04:00
8.960000038146973;8.984999656677246;8.859999656677246;8.970000267028809;339766;2020-06-29 15:30:00-04:00
8.930000305175781;9.09000015258789;8.890000343322754;9.029999732971191;131412;2020-06-30 09:30:00-04:00
9.029999732971191;9.225000381469728;8.960000038146973;9.170000076293944;154700;2020-06-30 10:30:00-04:00
9.170000076293944;9.260000228881836;9.06999969482422;9.15999984741211;253277;2020-06-30 11:30:00-04:00
9.160300254821776;9.210000038146973;9.160300254821776;9.204999923706056;44238;2020-06-30 12:30:00-04:00
9.199999809265137;9.199999809265137;9.140000343322754;9.1899995803833;50289;2020-06-30 13:30:00-04:00
9.1899995803833;9.220000267028809;9.149999618530272;9.204999923706056;82287;2020-06-30 14:30:00-04:00
9.199999809265137;9.390000343322754;9.197999954223633;9.350000381469728;232653;2020-06-30 15:30:00-04:00
9.390000343322754;9.48799991607666;9.270000457763672;9.354999542236328;157050;2020-07-01 09:30:00-04:00
9.354999542236328;9.420000076293944;9.28499984741211;9.289999961853027;86856;2020-07-01 10:30:00-04:00
9.289999961853027;9.34000015258789;9.247699737548828;9.3100004196167;58108;2020-07-01 11:30:00-04:00
9.3100004196167;9.345000267028809;9.239999771118164;9.279999732971191;57273;2020-07-01 12:30:00-04:00
9.274999618530272;9.359999656677246;9.244999885559082;9.359999656677246;70110;2020-07-01 13:30:00-04:00
9.359000205993652;9.470000267028809;9.352999687194824;9.449999809265137;88571;2020-07-01 14:30:00-04:00
9.454999923706056;9.5;9.44499969482422;9.460000038146973;200725;2020-07-01 15:30:00-04:00
9.5;9.550000190734863;9.4399995803833;9.479999542236328;181410;2020-07-02 09:30:00-04:00
9.475000381469728;9.520000457763672;9.369999885559082;9.4399995803833;147995;2020-07-02 10:30:00-04:00
9.449999809265137;9.5;9.4399995803833;9.479999542236328;70416;2020-07-02 11:30:00-04:00
9.479999542236328;9.5;9.449999809265137;9.489999771118164;95064;2020-07-02 12:30:00-04:00
9.494999885559082;9.510000228881836;9.470000267028809;9.489999771118164;85030;2020-07-02 13:30:00-04:00
9.489999771118164;9.539999961853027;9.489999771118164;9.489999771118164;91309;2020-07-02 14:30:00-04:00
9.49820041656494;9.529999732971191;9.470000267028809;9.520000457763672;295801;2020-07-02 15:30:00-04:00
9.729999542236328;9.74820041656494;9.475000381469728;9.5;325981;2020-07-06 09:30:00-04:00
9.5;9.510000228881836;9.369999885559082;9.385000228881836;177859;2020-07-06 10:30:00-04:00
9.380000114440918;9.40999984741211;9.220000267028809;9.229999542236328;220821;2020-07-06 11:30:00-04:00
9.234999656677246;9.350000381469728;9.204999923706056;9.239999771118164;252342;2020-07-06 12:30:00-04:00
9.239999771118164;9.260000228881836;9.109999656677246;9.114999771118164;133346;2020-07-06 13:30:00-04:00
9.11989974975586;9.260000228881836;9.109999656677246;9.260000228881836;181010;2020-07-06 14:30:00-04:00
9.260000228881836;9.279999732971191;9.220000267028809;9.239999771118164;127110;2020-07-06 15:30:00-04:00
9.220000267028809;9.4399995803833;9.170000076293944;9.43000030517578;201613;2020-07-07 09:30:00-04:00
9.4399995803833;9.510000228881836;9.390000343322754;9.45009994506836;110289;2020-07-07 10:30:00-04:00
9.454999923706056;9.489999771118164;9.385000228881836;9.40999984741211;74066;2020-07-07 11:30:00-04:00
9.40999984741211;9.40999984741211;9.350000381469728;9.350000381469728;46927;2020-07-07 12:30:00-04:00
9.350000381469728;9.369999885559082;9.300000190734863;9.31999969482422;58743;2020-07-07 13:30:00-04:00
9.31999969482422;9.369999885559082;9.279999732971191;9.329999923706056;93986;2020-07-07 14:30:00-04:00
9.324999809265137;9.359999656677246;9.199999809265137;9.329999923706056;379064;2020-07-07 15:30:00-04:00
9.359999656677246;9.510000228881836;9.279999732971191;9.354999542236328;214295;2020-07-08 09:30:00-04:00
9.354999542236328;9.359999656677246;9.229999542236328;9.265000343322754;256806;2020-07-08 10:30:00-04:00
9.260000228881836;9.28499984741211;9.175000190734863;9.255000114440918;96441;2020-07-08 11:30:00-04:00
9.255000114440918;9.329999923706056;9.255000114440918;9.274999618530272;70970;2020-07-08 12:30:00-04:00
9.274999618530272;9.335000038146973;9.244999885559082;9.335000038146973;244375;2020-07-08 13:30:00-04:00
9.329999923706056;9.4399995803833;9.295000076293944;9.385000228881836;176361;2020-07-08 14:30:00-04:00
9.380000114440918;9.510000228881836;9.354999542236328;9.5;267840;2020-07-08 15:30:00-04:00
9.5;9.53950023651123;9.40999984741211;9.4350004196167;119390;2020-07-09 09:30:00-04:00
9.4399995803833;9.44499969482422;9.154999732971191;9.21500015258789;212046;2020-07-09 10:30:00-04:00
9.220000267028809;9.239999771118164;9.149999618530272;9.234999656677246;127554;2020-07-09 11:30:00-04:00
9.234999656677246;9.260000228881836;9.18000030517578;9.255000114440918;91052;2020-07-09 12:30:00-04:00
9.255000114440918;9.279999732971191;9.18000030517578;9.260000228881836;95704;2020-07-09 13:30:00-04:00
9.270000457763672;9.329999923706056;9.25;9.25;86167;2020-07-09 14:30:00-04:00
9.25;9.350000381469728;9.220000267028809;9.279999732971191;185002;2020-07-09 15:30:00-04:00
9.350000381469728;9.404999732971191;9.220000267028809;9.259499549865724;179965;2020-07-10 09:30:00-04:00
9.25;9.335000038146973;9.15999984741211;9.199999809265137;86205;2020-07-10 10:30:00-04:00
9.19499969482422;9.239999771118164;9.1850004196167;9.199999809265137;68086;2020-07-10 11:30:00-04:00
9.196399688720703;9.234999656677246;9.140000343322754;9.229999542236328;100493;2020-07-10 12:30:00-04:00
9.229999542236328;9.229999542236328;9.09000015258789;9.095000267028809;60915;2020-07-10 13:30:00-04:00
9.09000015258789;9.225000381469728;9.0600004196167;9.19499969482422;103178;2020-07-10 14:30:00-04:00
9.19499969482422;9.25;9.19499969482422;9.229999542236328;134549;2020-07-10 15:30:00-04:00
9.4399995803833;9.4399995803833;9.199999809265137;9.295000076293944;142978;2020-07-13 09:30:00-04:00
9.295000076293944;9.3149995803833;9.15999984741211;9.1899995803833;86183;2020-07-13 10:30:00-04:00
9.1850004196167;9.1899995803833;9.138099670410156;9.154999732971191;56849;2020-07-13 11:30:00-04:00
9.15999984741211;9.289999961853027;9.15999984741211;9.225000381469728;66937;2020-07-13 12:30:00-04:00
9.225000381469728;9.250100135803224;9.135000228881836;9.140000343322754;87850;2020-07-13 13:30:00-04:00
9.140000343322754;9.170000076293944;8.96500015258789;8.979999542236328;153126;2020-07-13 14:30:00-04:00
8.979999542236328;8.979999542236328;8.859999656677246;8.869999885559082;229838;2020-07-13 15:30:00-04:00
8.859999656677246;8.979999542236328;8.762999534606934;8.84000015258789;226855;2020-07-14 09:30:00-04:00
8.84000015258789;8.890000343322754;8.720000267028809;8.789999961853027;188463;2020-07-14 10:30:00-04:00
8.789999961853027;8.845000267028809;8.75;8.753600120544434;75370;2020-07-14 11:30:00-04:00
8.75;8.800000190734863;8.729999542236328;8.770000457763672;56343;2020-07-14 12:30:00-04:00
8.770000457763672;8.84000015258789;8.75;8.819999694824219;70443;2020-07-14 13:30:00-04:00
8.819999694824219;8.850000381469727;8.760000228881836;8.8149995803833;128931;2020-07-14 14:30:00-04:00
8.819999694824219;8.949999809265137;8.800000190734863;8.90999984741211;216079;2020-07-14 15:30:00-04:00
9.130000114440918;9.204999923706056;9.010000228881836;9.170000076293944;240442;2020-07-15 09:30:00-04:00
9.170000076293944;9.1899995803833;9.029999732971191;9.06999969482422;162324;2020-07-15 10:30:00-04:00
9.0649995803833;9.0649995803833;8.970000267028809;9.0600004196167;76538;2020-07-15 11:30:00-04:00
9.05500030517578;9.135000228881836;9.050000190734863;9.119999885559082;78947;2020-07-15 12:30:00-04:00
9.119999885559082;9.204999923706056;9.119999885559082;9.1899995803833;77807;2020-07-15 13:30:00-04:00
9.18000030517578;9.220000267028809;9.15999984741211;9.21500015258789;136618;2020-07-15 14:30:00-04:00
9.220000267028809;9.220000267028809;9.149999618530272;9.149999618530272;148641;2020-07-15 15:30:00-04:00
8.949999809265137;8.966099739074707;8.64009952545166;8.90999984741211;393582;2020-07-16 09:30:00-04:00
8.920000076293945;8.920000076293945;8.800000190734863;8.869999885559082;101073;2020-07-16 10:30:00-04:00
8.875;8.993599891662598;8.869999885559082;8.970000267028809;79370;2020-07-16 11:30:00-04:00
8.970000267028809;9.0;8.930000305175781;8.975000381469727;65444;2020-07-16 12:30:00-04:00
8.970000267028809;9.0600004196167;8.944999694824219;9.015000343322754;80872;2020-07-16 13:30:00-04:00
9.011899948120115;9.0600004196167;8.960000038146973;9.0;95528;2020-07-16 14:30:00-04:00
9.0;9.020000457763672;8.960000038146973;9.0;203760;2020-07-16 15:30:00-04:00
9.016799926757812;9.104999542236328;8.90999984741211;8.949999809265137;151598;2020-07-17 09:30:00-04:00
8.948200225830078;9.076299667358398;8.90999984741211;9.050000190734863;94508;2020-07-17 10:30:00-04:00
9.050000190734863;9.130000114440918;9.029999732971191;9.092499732971191;62024;2020-07-17 11:30:00-04:00
9.09000015258789;9.109999656677246;9.039999961853027;9.06999969482422;654877;2020-07-17 12:30:00-04:00
9.074999809265137;9.125;9.06999969482422;9.109999656677246;32199;2020-07-17 13:30:00-04:00
9.109999656677246;9.199999809265137;9.109999656677246;9.18000030517578;65943;2020-07-17 14:30:00-04:00
9.1850004196167;9.1850004196167;9.109999656677246;9.130000114440918;117098;2020-07-17 15:30:00-04:00
9.130000114440918;9.25;9.085000038146973;9.149999618530272;131011;2020-07-20 09:30:00-04:00
9.149999618530272;9.220000267028809;9.09000015258789;9.1899995803833;112479;2020-07-20 10:30:00-04:00
9.199999809265137;9.210000038146973;9.114999771118164;9.1850004196167;118393;2020-07-20 11:30:00-04:00
9.18000030517578;9.210000038146973;9.15999984741211;9.204999923706056;55574;2020-07-20 12:30:00-04:00
9.204999923706056;9.25;9.15999984741211;9.15999984741211;100056;2020-07-20 13:30:00-04:00
9.154999732971191;9.264300346374512;9.154999732971191;9.25;228188;2020-07-20 14:30:00-04:00
9.25;9.279999732971191;9.229999542236328;9.270000457763672;244664;2020-07-20 15:30:00-04:00
9.519700050354004;10.239999771118164;9.519700050354004;10.225000381469728;1155404;2020-07-21 09:30:00-04:00
10.225000381469728;10.3100004196167;10.06999969482422;10.149999618530272;1483455;2020-07-21 10:30:00-04:00
10.154999732971191;10.21500015258789;9.989999771118164;10.085000038146973;761247;2020-07-21 11:30:00-04:00
10.079999923706056;10.104999542236328;9.96500015258789;10.039999961853027;318969;2020-07-21 12:30:00-04:00
10.039999961853027;10.0600004196167;9.954999923706056;9.984999656677246;173581;2020-07-21 13:30:00-04:00
9.989999771118164;10.010000228881836;9.949999809265137;9.949999809265137;176320;2020-07-21 14:30:00-04:00
9.949999809265137;10.039999961853027;9.9399995803833;10.010000228881836;423624;2020-07-21 15:30:00-04:00
9.96090030670166;10.010000228881836;9.859999656677246;9.920000076293944;160912;2020-07-22 09:30:00-04:00
9.93000030517578;10.010000228881836;9.885000228881836;9.925000190734863;106308;2020-07-22 10:30:00-04:00
9.93000030517578;9.960000038146973;9.885000228881836;9.914999961853027;50909;2020-07-22 11:30:00-04:00
9.960000038146973;9.970000267028809;9.920000076293944;9.9399995803833;62501;2020-07-22 12:30:00-04:00
9.9399995803833;10.005000114440918;9.925000190734863;9.979999542236328;66001;2020-07-22 13:30:00-04:00
9.970000267028809;10.010000228881836;9.93000030517578;9.9350004196167;81447;2020-07-22 14:30:00-04:00
9.93000030517578;10.029999732971191;9.920000076293944;9.979999542236328;138657;2020-07-22 15:30:00-04:00
9.970000267028809;10.130000114440918;9.9399995803833;10.015000343322754;217586;2020-07-23 09:30:00-04:00
10.015000343322754;10.0600004196167;9.984999656677246;10.005000114440918;114495;2020-07-23 10:30:00-04:00
10.005000114440918;10.024999618530272;9.984999656677246;10.015000343322754;87437;2020-07-23 11:30:00-04:00
10.015000343322754;10.015000343322754;9.949999809265137;9.989999771118164;67488;2020-07-23 12:30:00-04:00
9.989999771118164;10.0;9.784199714660645;9.84000015258789;126767;2020-07-23 13:30:00-04:00
9.84000015258789;9.90999984741211;9.824999809265137;9.895000457763672;117835;2020-07-23 14:30:00-04:00
9.895000457763672;9.93000030517578;9.875;9.895000457763672;643749;2020-07-23 15:30:00-04:00
9.854999542236328;9.920000076293944;9.770000457763672;9.850000381469728;120620;2020-07-24 09:30:00-04:00
9.854999542236328;9.90999984741211;9.80500030517578;9.850000381469728;43185;2020-07-24 10:30:00-04:00
9.850000381469728;9.890000343322754;9.81999969482422;9.880000114440918;35017;2020-07-24 11:30:00-04:00
9.880000114440918;9.90999984741211;9.779999732971191;9.795000076293944;47796;2020-07-24 12:30:00-04:00
9.789999961853027;9.869999885559082;9.789999961853027;9.869999885559082;25445;2020-07-24 13:30:00-04:00
9.859999656677246;9.875;9.739999771118164;9.749899864196776;72209;2020-07-24 14:30:00-04:00
9.75;9.850000381469728;9.729999542236328;9.770000457763672;163143;2020-07-24 15:30:00-04:00
9.760000228881836;9.875;9.720000267028809;9.85990047454834;136637;2020-07-27 09:30:00-04:00
9.859999656677246;9.899999618530272;9.829999923706056;9.880000114440918;88983;2020-07-27 10:30:00-04:00
9.875;9.899999618530272;9.845000267028809;9.864999771118164;59831;2020-07-27 11:30:00-04:00
9.864999771118164;9.994999885559082;9.854999542236328;9.987500190734863;52608;2020-07-27 12:30:00-04:00
9.989999771118164;10.020000457763672;9.9399995803833;9.994999885559082;54252;2020-07-27 13:30:00-04:00
9.989999771118164;10.09000015258789;9.979999542236328;10.079999923706056;70196;2020-07-27 14:30:00-04:00
10.09000015258789;10.140000343322754;10.085000038146973;10.109999656677246;176100;2020-07-27 15:30:00-04:00
10.109999656677246;10.229999542236328;10.010000228881836;10.130000114440918;168095;2020-07-28 09:30:00-04:00
10.130000114440918;10.18000030517578;10.020000457763672;10.095000267028809;106430;2020-07-28 10:30:00-04:00
10.100000381469728;10.104999542236328;9.979999542236328;9.989999771118164;66497;2020-07-28 11:30:00-04:00
10.0;10.05500030517578;9.979999542236328;10.024999618530272;113768;2020-07-28 12:30:00-04:00
10.024999618530272;10.050000190734863;9.989999771118164;10.0;185229;2020-07-28 13:30:00-04:00
10.005000114440918;10.015000343322754;9.949999809265137;9.954999923706056;123647;2020-07-28 14:30:00-04:00
9.960000038146973;9.989999771118164;9.954999923706056;9.960000038146973;160486;2020-07-28 15:30:00-04:00
9.960000038146973;10.140000343322754;9.899999618530272;9.970000267028809;173458;2020-07-29 09:30:00-04:00
9.989999771118164;10.010000228881836;9.9399995803833;9.975000381469728;75199;2020-07-29 10:30:00-04:00
9.970000267028809;9.996500015258787;9.9399995803833;9.976699829101562;59855;2020-07-29 11:30:00-04:00
9.970000267028809;10.0;9.9399995803833;9.9399995803833;60761;2020-07-29 12:30:00-04:00
9.9350004196167;9.9399995803833;9.880000114440918;9.920000076293944;92307;2020-07-29 13:30:00-04:00
9.914999961853027;9.93000030517578;9.75;9.800000190734863;314503;2020-07-29 14:30:00-04:00
9.795000076293944;9.84000015258789;9.760000228881836;9.800000190734863;193110;2020-07-29 15:30:00-04:00
9.760000228881836;9.779999732971191;9.630000114440918;9.71500015258789;150799;2020-07-30 09:30:00-04:00
9.71500015258789;9.835000038146973;9.664999961853027;9.670000076293944;116310;2020-07-30 10:30:00-04:00
9.670000076293944;9.710000038146973;9.619999885559082;9.6899995803833;78369;2020-07-30 11:30:00-04:00
9.6899995803833;9.760000228881836;9.670000076293944;9.75;63497;2020-07-30 12:30:00-04:00
9.747300148010254;9.78499984741211;9.6899995803833;9.755000114440918;96034;2020-07-30 13:30:00-04:00
9.760000228881836;9.789999961853027;9.710000038146973;9.774999618530272;113356;2020-07-30 14:30:00-04:00
9.774999618530272;9.829999923706056;9.75;9.81999969482422;166509;2020-07-30 15:30:00-04:00
9.850000381469728;9.869999885559082;9.539999961853027;9.619999885559082;157060;2020-07-31 09:30:00-04:00
9.609999656677246;9.649999618530272;9.56999969482422;9.614999771118164;64246;2020-07-31 10:30:00-04:00
9.619999885559082;9.625;9.53499984741211;9.609999656677246;80771;2020-07-31 11:30:00-04:00
9.609999656677246;9.729999542236328;9.550000190734863;9.71500015258789;107243;2020-07-31 12:30:00-04:00
9.71500015258789;9.729999542236328;9.670000076293944;9.710000038146973;69838;2020-07-31 13:30:00-04:00
9.71500015258789;9.75;9.710000038146973;9.739999771118164;66752;2020-07-31 14:30:00-04:00
9.75;9.899999618530272;9.739999771118164;9.899999618530272;185066;2020-07-31 15:30:00-04:00
9.922200202941896;9.922200202941896;9.65999984741211;9.859999656677246;159614;2020-08-03 09:30:00-04:00
9.864999771118164;9.914999961853027;9.789999961853027;9.79800033569336;126736;2020-08-03 10:30:00-04:00
9.789999961853027;9.885000228881836;9.789999961853027;9.854999542236328;89514;2020-08-03 11:30:00-04:00
9.852299690246582;9.885000228881836;9.845000267028809;9.864999771118164;47288;2020-08-03 12:30:00-04:00
9.869999885559082;9.869999885559082;9.829999923706056;9.869999885559082;116363;2020-08-03 13:30:00-04:00
9.869999885559082;9.9399995803833;9.869999885559082;9.90999984741211;157369;2020-08-03 14:30:00-04:00
9.914999961853027;9.93000030517578;9.895000457763672;9.90999984741211;457814;2020-08-03 15:30:00-04:00
9.9399995803833;10.0;9.78499984741211;9.829999923706056;208475;2020-08-04 09:30:00-04:00
9.824999809265137;9.880000114440918;9.770000457763672;9.829999923706056;303522;2020-08-04 10:30:00-04:00
9.829999923706056;9.845000267028809;9.720000267028809;9.755000114440918;106456;2020-08-04 11:30:00-04:00
9.75;9.845000267028809;9.718099594116213;9.845000267028809;51641;2020-08-04 12:30:00-04:00
9.84000015258789;9.860099792480469;9.8100004196167;9.854999542236328;123686;2020-08-04 13:30:00-04:00
9.850000381469728;9.880000114440918;9.81999969482422;9.864999771118164;249699;2020-08-04 14:30:00-04:00
9.869999885559082;10.039999961853027;9.850000381469728;9.989999771118164;403774;2020-08-04 15:30:00-04:00
10.130000114440918;10.149999618530272;9.789999961853027;9.8100004196167;219802;2020-08-05 09:30:00-04:00
9.8149995803833;9.949999809265137;9.813599586486816;9.880000114440918;114444;2020-08-05 10:30:00-04:00
9.880000114440918;9.989999771118164;9.864999771118164;9.96500015258789;92325;2020-08-05 11:30:00-04:00
9.96500015258789;9.989999771118164;9.890000343322754;9.954999923706056;121368;2020-08-05 12:30:00-04:00
9.954999923706056;10.100000381469728;9.9399995803833;10.09000015258789;109987;2020-08-05 13:30:00-04:00
10.085000038146973;10.220000267028809;10.079999923706056;10.220000267028809;103194;2020-08-05 14:30:00-04:00
10.220000267028809;10.229999542236328;10.060099601745604;10.170000076293944;253908;2020-08-05 15:30:00-04:00
10.09000015258789;10.152299880981444;9.899999618530272;10.06999969482422;194960;2020-08-06 09:30:00-04:00
10.078200340270996;10.089099884033203;9.96500015258789;10.010000228881836;91371;2020-08-06 10:30:00-04:00
10.005000114440918;10.100000381469728;9.960000038146973;10.06999969482422;116921;2020-08-06 11:30:00-04:00
10.0600004196167;10.114999771118164;10.039999961853027;10.100000381469728;129903;2020-08-06 12:30:00-04:00
10.09570026397705;10.15999984741211;10.079999923706056;10.119999885559082;171106;2020-08-06 13:30:00-04:00
10.128199577331545;10.18000030517578;10.109999656677246;10.175000190734863;223120;2020-08-06 14:30:00-04:00
10.175000190734863;10.210000038146973;10.104999542236328;10.130000114440918;419081;2020-08-06 15:30:00-04:00
9.949999809265137;10.300000190734863;9.949999809265137;10.260000228881836;130854;2020-08-07 09:30:00-04:00
10.265000343322754;10.5;10.25;10.425000190734863;236598;2020-08-07 10:30:00-04:00
10.420000076293944;10.449999809265137;10.369999885559082;10.44499969482422;116805;2020-08-07 11:30:00-04:00
10.44499969482422;10.460000038146973;10.270000457763672;10.295000076293944;281455;2020-08-07 12:30:00-04:00
10.300000190734863;10.34000015258789;10.229999542236328;10.324999809265137;95602;2020-08-07 13:30:00-04:00
10.31999969482422;10.43000030517578;10.31999969482422;10.40999984741211;123964;2020-08-07 14:30:00-04:00
10.404999732971191;10.43000030517578;10.369999885559082;10.420000076293944;262728;2020-08-07 15:30:00-04:00
10.479999542236328;10.479999542236328;9.9350004196167;9.960000038146973;304983;2020-08-10 09:30:00-04:00
9.970000267028809;10.06999969482422;9.925000190734863;10.039999961853027;255512;2020-08-10 10:30:00-04:00
10.029999732971191;10.05500030517578;9.93000030517578;9.949999809265137;153056;2020-08-10 11:30:00-04:00
9.949999809265137;10.05500030517578;9.93000030517578;10.039999961853027;159191;2020-08-10 12:30:00-04:00
10.039999961853027;10.079999923706056;9.983799934387209;9.997300148010254;248537;2020-08-10 13:30:00-04:00
10.0;10.074999809265137;9.960000038146973;10.074999809265137;143023;2020-08-10 14:30:00-04:00
10.0649995803833;10.117799758911133;9.979999542236328;10.06130027770996;288598;2020-08-10 15:30:00-04:00
9.604999542236328;9.65999984741211;9.340100288391112;9.425000190734863;465859;2020-08-11 09:30:00-04:00
9.415900230407717;9.529999732971191;9.415900230407717;9.528599739074709;236365;2020-08-11 10:30:00-04:00
9.524999618530272;9.710000038146973;9.4399995803833;9.56999969482422;181454;2020-08-11 11:30:00-04:00
9.569899559020996;9.710000038146973;9.515000343322754;9.699999809265137;113676;2020-08-11 12:30:00-04:00
9.699999809265137;9.770000457763672;9.619999885559082;9.625;88648;2020-08-11 13:30:00-04:00
9.625;9.75;9.604999542236328;9.6899995803833;184375;2020-08-11 14:30:00-04:00
9.6899995803833;9.710000038146973;9.520000457763672;9.59000015258789;320394;2020-08-11 15:30:00-04:00
10.010000228881836;10.420000076293944;9.960000038146973;10.225000381469728;514510;2020-08-12 09:30:00-04:00
10.225000381469728;10.239999771118164;10.119999885559082;10.15999984741211;474827;2020-08-12 10:30:00-04:00
10.170000076293944;10.170000076293944;10.050000190734863;10.09000015258789;170039;2020-08-12 11:30:00-04:00
10.079999923706056;10.135000228881836;10.050000190734863;10.074999809265137;98169;2020-08-12 12:30:00-04:00
10.06999969482422;10.109999656677246;10.029999732971191;10.09000015258789;86013;2020-08-12 13:30:00-04:00
10.088199615478516;10.140000343322754;10.079999923706056;10.100000381469728;136238;2020-08-12 14:30:00-04:00
10.104999542236328;10.104999542236328;10.050000190734863;10.095000267028809;236650;2020-08-12 15:30:00-04:00
10.039999961853027;10.079999923706056;9.859999656677246;9.899999618530272;166631;2020-08-13 09:30:00-04:00
9.899999618530272;9.989999771118164;9.8100004196167;9.829999923706056;114394;2020-08-13 10:30:00-04:00
9.829999923706056;9.90999984741211;9.75;9.779999732971191;87599;2020-08-13 11:30:00-04:00
9.779999732971191;9.8100004196167;9.729999542236328;9.734999656677246;81791;2020-08-13 12:30:00-04:00
9.739999771118164;9.800000190734863;9.725000381469728;9.760000228881836;84891;2020-08-13 13:30:00-04:00
9.760000228881836;9.8100004196167;9.739999771118164;9.770000457763672;94343;2020-08-13 14:30:00-04:00
9.770000457763672;9.800000190734863;9.699999809265137;9.75;143931;2020-08-13 15:30:00-04:00
9.81999969482422;9.90999984741211;9.710000038146973;9.725000381469728;105366;2020-08-14 09:30:00-04:00
9.729999542236328;9.81999969482422;9.71500015258789;9.78499984741211;111038;2020-08-14 10:30:00-04:00
9.779999732971191;9.795000076293944;9.69499969482422;9.69499969482422;52351;2020-08-14 11:30:00-04:00
9.695199966430664;9.779999732971191;9.695199966430664;9.770000457763672;72393;2020-08-14 12:30:00-04:00
9.770000457763672;9.789999961853027;9.729999542236328;9.75;62182;2020-08-14 13:30:00-04:00
9.75;9.75;9.65999984741211;9.699999809265137;89067;2020-08-14 14:30:00-04:00
9.699999809265137;9.704999923706056;9.649999618530272;9.704999923706056;180066;2020-08-14 15:30:00-04:00
9.720000267028809;10.095000267028809;9.720000267028809;10.085000038146973;359114;2020-08-17 09:30:00-04:00
10.09000015258789;10.100000381469728;10.0;10.0;210542;2020-08-17 10:30:00-04:00
10.005000114440918;10.03499984741211;9.960000038146973;10.010000228881836;112665;2020-08-17 11:30:00-04:00
10.01200008392334;10.029999732971191;9.984999656677246;10.020000457763672;69544;2020-08-17 12:30:00-04:00
10.020000457763672;10.050000190734863;10.010000228881836;10.015000343322754;80037;2020-08-17 13:30:00-04:00
10.015000343322754;10.029999732971191;9.975000381469728;10.015000343322754;95592;2020-08-17 14:30:00-04:00
10.020000457763672;10.0600004196167;9.989999771118164;10.020000457763672;214259;2020-08-17 15:30:00-04:00
10.029999732971191;10.039999961853027;9.823100090026855;9.823100090026855;167220;2020-08-18 09:30:00-04:00
9.81999969482422;9.989999771118164;9.8149995803833;9.96500015258789;124938;2020-08-18 10:30:00-04:00
9.96500015258789;10.010000228881836;9.9350004196167;10.0;59702;2020-08-18 11:30:00-04:00
10.010000228881836;10.079999923706056;9.984999656677246;10.045000076293944;260651;2020-08-18 12:30:00-04:00
10.045000076293944;10.0600004196167;9.96500015258789;9.96500015258789;148308;2020-08-18 13:30:00-04:00
9.96500015258789;9.973600387573242;9.90999984741211;9.9350004196167;70058;2020-08-18 14:30:00-04:00
9.9350004196167;9.970000267028809;9.920000076293944;9.970000267028809;97711;2020-08-18 15:30:00-04:00
9.850000381469728;9.899999618530272;9.70009994506836;9.71500015258789;152191;2020-08-19 09:30:00-04:00
9.71500015258789;9.81999969482422;9.71500015258789;9.800000190734863;109805;2020-08-19 10:30:00-04:00
9.8100004196167;9.829999923706056;9.774700164794922;9.795000076293944;71350;2020-08-19 11:30:00-04:00
9.800000190734863;9.859999656677246;9.795000076293944;9.854999542236328;62555;2020-08-19 12:30:00-04:00
9.854999542236328;9.890000343322754;9.789999961853027;9.81999969482422;90968;2020-08-19 13:30:00-04:00
9.81999969482422;9.829999923706056;9.789999961853027;9.8149995803833;68609;2020-08-19 14:30:00-04:00
9.8149995803833;9.859999656677246;9.789999961853027;9.84000015258789;182372;2020-08-19 15:30:00-04:00
9.789999961853027;10.048100471496582;9.789999961853027;10.039999961853027;151669;2020-08-20 09:30:00-04:00
10.039999961853027;10.0600004196167;10.0;10.037500381469728;170093;2020-08-20 10:30:00-04:00
10.039999961853027;10.050000190734863;9.994999885559082;9.994999885559082;119328;2020-08-20 11:30:00-04:00
10.0;10.010000228881836;9.94499969482422;9.949999809265137;56979;2020-08-20 12:30:00-04:00
9.949999809265137;9.978099822998049;9.90999984741211;9.93000030517578;59967;2020-08-20 13:30:00-04:00
9.93000030517578;9.979999542236328;9.920000076293944;9.920000076293944;64283;2020-08-20 14:30:00-04:00
9.90999984741211;9.979999542236328;9.89900016784668;9.949999809265137;100290;2020-08-20 15:30:00-04:00
9.93000030517578;9.960000038146973;9.8100004196167;9.854999542236328;140254;2020-08-21 09:30:00-04:00
9.859999656677246;9.928199768066406;9.800000190734863;9.84000015258789;119151;2020-08-21 10:30:00-04:00
9.84000015258789;9.890000343322754;9.829999923706056;9.845000267028809;60746;2020-08-21 11:30:00-04:00
9.845000267028809;9.850000381469728;9.779999732971191;9.81999969482422;83109;2020-08-21 12:30:00-04:00
9.81999969482422;9.850000381469728;9.8100004196167;9.8149995803833;54794;2020-08-21 13:30:00-04:00
9.8100004196167;9.84000015258789;9.770000457763672;9.800000190734863;68583;2020-08-21 14:30:00-04:00
9.8100004196167;9.90999984741211;9.808099746704102;9.899999618530272;126488;2020-08-21 15:30:00-04:00
9.949999809265137;10.039999961853027;9.88249969482422;9.9399995803833;194880;2020-08-24 09:30:00-04:00
9.933199882507324;9.933199882507324;9.779999732971191;9.800000190734863;157871;2020-08-24 10:30:00-04:00
9.800000190734863;9.890000343322754;9.78499984741211;9.852499961853027;70339;2020-08-24 11:30:00-04:00
9.845000267028809;9.880000114440918;9.768199920654297;9.80500030517578;148707;2020-08-24 12:30:00-04:00
9.81999969482422;9.869999885559082;9.8100004196167;9.845000267028809;62968;2020-08-24 13:30:00-04:00
9.843000411987305;9.90999984741211;9.84000015258789;9.895000457763672;65320;2020-08-24 14:30:00-04:00
9.899999618530272;9.93000030517578;9.859999656677246;9.899999618530272;142835;2020-08-24 15:30:00-04:00
9.989999771118164;10.05500030517578;9.8149995803833;9.816800117492676;229420;2020-08-25 09:30:00-04:00
9.8125;9.829999923706056;9.699999809265137;9.706199645996094;116108;2020-08-25 10:30:00-04:00
9.704999923706056;9.8100004196167;9.6899995803833;9.774999618530272;80173;2020-08-25 11:30:00-04:00
9.771900177001951;9.800000190734863;9.75;9.800000190734863;26774;2020-08-25 12:30:00-04:00
9.80500030517578;9.80500030517578;9.699999809265137;9.720000267028809;79550;2020-08-25 13:30:00-04:00
9.71500015258789;9.84000015258789;9.710000038146973;9.84000015258789;103878;2020-08-25 14:30:00-04:00
9.845000267028809;9.93000030517578;9.84000015258789;9.880000114440918;125677;2020-08-25 15:30:00-04:00
9.829999923706056;9.829999923706056;9.739999771118164;9.795000076293944;103096;2020-08-26 09:30:00-04:00
9.795000076293944;9.829999923706056;9.739999771118164;9.774999618530272;66426;2020-08-26 10:30:00-04:00
9.779999732971191;9.78499984741211;9.68000030517578;9.729999542236328;101296;2020-08-26 11:30:00-04:00
9.725000381469728;9.734999656677246;9.68000030517578;9.6899995803833;59235;2020-08-26 12:30:00-04:00
9.684000015258787;9.770000457763672;9.68000030517578;9.770000457763672;51646;2020-08-26 13:30:00-04:00
9.770000457763672;9.779999732971191;9.734999656677246;9.774999618530272;36890;2020-08-26 14:30:00-04:00
9.774999618530272;9.84000015258789;9.770000457763672;9.829999923706056;124039;2020-08-26 15:30:00-04:00
9.895000457763672;10.00749969482422;9.84000015258789;9.899999618530272;195966;2020-08-27 09:30:00-04:00
9.899999618530272;9.90999984741211;9.829999923706056;9.835000038146973;45936;2020-08-27 10:30:00-04:00
9.84000015258789;9.869999885559082;9.81999969482422;9.829999923706056;51607;2020-08-27 11:30:00-04:00
9.84000015258789;9.850000381469728;9.75;9.789999961853027;72015;2020-08-27 12:30:00-04:00
9.789999961853027;9.84000015258789;9.781900405883787;9.829999923706056;29143;2020-08-27 13:30:00-04:00
9.81999969482422;9.880000114440918;9.789999961853027;9.880000114440918;55286;2020-08-27 14:30:00-04:00
9.880000114440918;9.880000114440918;9.82919979095459;9.829999923706056;131647;2020-08-27 15:30:00-04:00
9.789999961853027;9.8100004196167;9.710000038146973;9.80500030517578;0;2020-08-28 09:30:00-04:00
9.8100004196167;9.895000457763672;9.8100004196167;9.81999969482422;46446;2020-08-28 10:30:00-04:00
9.81999969482422;9.81999969482422;9.720000267028809;9.739999771118164;60144;2020-08-28 11:30:00-04:00
9.739999771118164;9.755000114440918;9.670000076293944;9.739999771118164;88129;2020-08-28 12:30:00-04:00
9.739999771118164;9.779999732971191;9.722999572753906;9.760000228881836;44642;2020-08-28 13:30:00-04:00
9.75730037689209;9.78499984741211;9.729999542236328;9.760000228881836;40253;2020-08-28 14:30:00-04:00
9.770000457763672;9.850000381469728;9.760000228881836;9.84000015258789;100021;2020-08-28 15:30:00-04:00
9.755000114440918;9.92990016937256;9.755000114440918;9.906200408935549;160631;2020-08-31 09:30:00-04:00
9.90999984741211;9.9399995803833;9.760000228881836;9.770000457763672;74547;2020-08-31 10:30:00-04:00
9.770000457763672;9.829999923706056;9.760000228881836;9.78499984741211;89478;2020-08-31 11:30:00-04:00
9.789999961853027;9.789999961853027;9.75;9.755000114440918;78635;2020-08-31 12:30:00-04:00
9.755000114440918;9.795000076293944;9.729999542236328;9.774999618530272;57262;2020-08-31 13:30:00-04:00
9.770000457763672;9.800000190734863;9.75;9.770000457763672;49615;2020-08-31 14:30:00-04:00
9.770000457763672;9.880000114440918;9.755000114440918;9.81999969482422;145214;2020-08-31 15:30:00-04:00
9.789999961853027;9.84000015258789;9.699999809265137;9.710000038146973;146716;2020-09-01 09:30:00-04:00
9.70989990234375;9.824999809265137;9.70989990234375;9.80500030517578;101110;2020-09-01 10:30:00-04:00
9.8100004196167;10.0;9.8100004196167;9.941900253295898;201596;2020-09-01 11:30:00-04:00
9.94499969482422;10.109999656677246;9.9399995803833;10.06999969482422;319541;2020-09-01 12:30:00-04:00
10.060999870300291;10.130000114440918;9.994999885559082;10.015000343322754;152860;2020-09-01 13:30:00-04:00
10.015000343322754;10.039999961853027;9.989999771118164;10.015000343322754;70393;2020-09-01 14:30:00-04:00
10.015000343322754;10.050000190734863;10.015000343322754;10.039999961853027;209532;2020-09-01 15:30:00-04:00
10.079999923706056;10.119999885559082;9.9399995803833;10.010000228881836;0;2020-09-02 09:30:00-04:00
10.010000228881836;10.029999732971191;9.989999771118164;10.010000228881836;66128;2020-09-02 10:30:00-04:00
10.014599800109863;10.029999732971191;9.989999771118164;10.024999618530272;70023;2020-09-02 11:30:00-04:00
10.024999618530272;10.029999732971191;10.0;10.015000343322754;66932;2020-09-02 12:30:00-04:00
10.015000343322754;10.020000457763672;9.960000038146973;10.015000343322754;87391;2020-09-02 13:30:00-04:00
10.020000457763672;10.029999732971191;10.0;10.010000228881836;123746;2020-09-02 14:30:00-04:00
10.015000343322754;10.050000190734863;10.0;10.029999732971191;273861;2020-09-02 15:30:00-04:00
10.029999732971191;10.029999732971191;9.718099594116213;9.729999542236328;0;2020-09-03 09:30:00-04:00
9.729999542236328;9.800000190734863;9.5600004196167;9.619999885559082;198939;2020-09-03 10:30:00-04:00
9.630000114440918;9.770000457763672;9.609999656677246;9.76550006866455;86501;2020-09-03 11:30:00-04:00
9.765000343322754;9.770000457763672;9.65999984741211;9.710100173950195;85516;2020-09-03 12:30:00-04:00
9.720000267028809;9.760000228881836;9.654999732971191;9.744999885559082;75308;2020-09-03 13:30:00-04:00
9.745569229125977;9.789999961853027;9.734999656677246;9.739999771118164;86075;2020-09-03 14:30:00-04:00
9.75;9.779999732971191;9.710000038146973;9.739999771118164;265015;2020-09-03 15:30:00-04:00
9.789999961853027;9.869999885559082;9.279999732971191;9.279999732971191;284843;2020-09-04 09:30:00-04:00
9.289999961853027;9.350000381469728;9.170000076293944;9.289999961853027;194970;2020-09-04 10:30:00-04:00
9.289999961853027;9.470000267028809;9.289999961853027;9.470000267028809;114917;2020-09-04 11:30:00-04:00
9.475000381469728;9.479900360107422;9.335000038146973;9.354999542236328;152037;2020-09-04 12:30:00-04:00
9.350000381469728;9.43000030517578;9.329999923706056;9.354999542236328;132270;2020-09-04 13:30:00-04:00
9.350000381469728;9.46500015258789;9.31999969482422;9.454999923706056;101411;2020-09-04 14:30:00-04:00
9.449999809265137;9.484999656677246;9.420000076293944;9.43000030517578;191521;2020-09-04 15:30:00-04:00
9.09000015258789;9.399999618530272;8.960000038146973;9.300000190734863;392001;2020-09-08 09:30:00-04:00
9.28499984741211;9.28499984741211;9.149999618530272;9.220000267028809;131219;2020-09-08 10:30:00-04:00
9.220000267028809;9.300000190734863;9.199999809265137;9.25819969177246;76864;2020-09-08 11:30:00-04:00
9.260000228881836;9.329999923706056;9.25;9.279999732971191;75956;2020-09-08 12:30:00-04:00
9.279999732971191;9.31999969482422;9.164999961853027;9.164999961853027;90729;2020-09-08 13:30:00-04:00
9.15999984741211;9.170000076293944;9.039999961853027;9.06999969482422;194707;2020-09-08 14:30:00-04:00
9.06999969482422;9.140000343322754;9.029999732971191;9.03499984741211;364203;2020-09-08 15:30:00-04:00
9.130000114440918;9.34000015258789;9.109999656677246;9.239999771118164;254040;2020-09-09 09:30:00-04:00
9.239999771118164;9.289999961853027;9.1899995803833;9.274999618530272;96639;2020-09-09 10:30:00-04:00
9.270000457763672;9.329999923706056;9.25;9.3149995803833;64063;2020-09-09 11:30:00-04:00
9.3149995803833;9.31999969482422;9.239999771118164;9.3100004196167;58225;2020-09-09 12:30:00-04:00
9.3100004196167;9.3100004196167;9.25;9.270000457763672;44600;2020-09-09 13:30:00-04:00
9.270000457763672;9.449999809265137;9.270000457763672;9.4350004196167;162389;2020-09-09 14:30:00-04:00
9.4350004196167;9.460000038146973;9.340100288391112;9.369999885559082;233724;2020-09-09 15:30:00-04:00
9.470000267028809;9.47700023651123;9.130000114440918;9.239999771118164;168368;2020-09-10 09:30:00-04:00
9.239999771118164;9.270000457763672;9.15999984741211;9.227499961853027;83344;2020-09-10 10:30:00-04:00
9.225000381469728;9.300000190734863;9.225000381469728;9.260000228881836;72581;2020-09-10 11:30:00-04:00
9.270000457763672;9.28499984741211;9.1899995803833;9.1899995803833;79256;2020-09-10 12:30:00-04:00
9.19499969482422;9.239999771118164;9.119999885559082;9.119999885559082;119587;2020-09-10 13:30:00-04:00
9.130000114440918;9.170000076293944;8.960000038146973;8.979999542236328;273658;2020-09-10 14:30:00-04:00
8.979999542236328;9.0649995803833;8.970000267028809;9.010000228881836;412677;2020-09-10 15:30:00-04:00
9.0600004196167;9.34000015258789;8.929900169372559;9.300000190734863;290300;2020-09-11 09:30:00-04:00
9.30500030517578;9.359999656677246;9.210000038146973;9.329999923706056;156967;2020-09-11 10:30:00-04:00
9.33240032196045;9.494999885559082;9.289999961853027;9.479999542236328;162409;2020-09-11 11:30:00-04:00
9.486499786376951;9.489999771118164;9.404999732971191;9.404999732971191;108938;2020-09-11 12:30:00-04:00
9.404999732971191;9.550000190734863;9.3100004196167;9.520000457763672;210863;2020-09-11 13:30:00-04:00
9.515000343322754;9.539999961853027;9.380000114440918;9.395000457763672;298425;2020-09-11 14:30:00-04:00
9.390000343322754;9.399999618530272;9.34000015258789;9.345000267028809;154465;2020-09-11 15:30:00-04:00
9.529999732971191;9.529999732971191;9.234999656677246;9.300000190734863;226571;2020-09-14 09:30:00-04:00
9.308199882507324;9.3100004196167;9.18000030517578;9.2391996383667;106061;2020-09-14 10:30:00-04:00
9.234999656677246;9.30500030517578;9.199999809265137;9.274999618530272;112922;2020-09-14 11:30:00-04:00
9.274999618530272;9.300000190734863;9.234999656677246;9.260000228881836;117442;2020-09-14 12:30:00-04:00
9.255000114440918;9.319000244140623;9.229999542236328;9.295000076293944;81734;2020-09-14 13:30:00-04:00
9.289999961853027;9.380000114440918;9.279999732971191;9.30500030517578;102482;2020-09-14 14:30:00-04:00
9.300000190734863;9.399999618530272;9.291000366210938;9.385000228881836;143740;2020-09-14 15:30:00-04:00
9.40999984741211;9.449999809265137;9.260000228881836;9.380000114440918;267617;2020-09-15 09:30:00-04:00
9.380000114440918;9.516799926757812;9.380000114440918;9.510000228881836;177367;2020-09-15 10:30:00-04:00
9.515000343322754;9.664999961853027;9.515000343322754;9.595000267028809;101962;2020-09-15 11:30:00-04:00
9.598299980163574;9.619999885559082;9.550000190734863;9.614999771118164;77957;2020-09-15 12:30:00-04:00
9.614999771118164;9.65999984741211;9.585000038146973;9.625;90265;2020-09-15 13:30:00-04:00
9.620800018310549;9.640000343322754;9.56999969482422;9.585000038146973;98606;2020-09-15 14:30:00-04:00
9.585000038146973;9.619999885559082;9.5649995803833;9.59000015258789;189379;2020-09-15 15:30:00-04:00
9.649999618530272;9.760000228881836;9.550000190734863;9.729999542236328;192767;2020-09-16 09:30:00-04:00
9.725000381469728;9.729999542236328;9.630000114440918;9.675000190734863;84347;2020-09-16 10:30:00-04:00
9.670000076293944;9.75;9.635000228881836;9.721799850463867;139847;2020-09-16 11:30:00-04:00
9.720000267028809;9.779999732971191;9.710000038146973;9.744999885559082;102527;2020-09-16 12:30:00-04:00
9.744999885559082;9.8100004196167;9.720000267028809;9.80500030517578;92071;2020-09-16 13:30:00-04:00
9.800000190734863;9.875;9.689900398254396;9.690099716186523;130829;2020-09-16 14:30:00-04:00
9.6899995803833;9.75;9.664999961853027;9.68000030517578;168128;2020-09-16 15:30:00-04:00
9.43000030517578;9.5;9.049799919128418;9.170000076293944;456226;2020-09-17 09:30:00-04:00
9.170000076293944;9.380000114440918;9.170000076293944;9.375;169095;2020-09-17 10:30:00-04:00
9.375;9.399999618530272;9.279999732971191;9.369999885559082;740498;2020-09-17 11:30:00-04:00
9.369999885559082;9.399999618530272;9.34000015258789;9.36750030517578;190489;2020-09-17 12:30:00-04:00
9.364999771118164;9.479999542236328;9.364999771118164;9.475000381469728;134655;2020-09-17 13:30:00-04:00
9.470000267028809;9.505000114440918;9.390000343322754;9.412799835205078;178082;2020-09-17 14:30:00-04:00
9.40999984741211;9.539999961853027;9.40999984741211;9.510000228881836;315143;2020-09-17 15:30:00-04:00
9.670000076293944;9.760000228881836;9.460000038146973;9.619999885559082;524790;2020-09-18 09:30:00-04:00
9.619999885559082;9.770000457763672;9.600000381469728;9.710000038146973;164088;2020-09-18 10:30:00-04:00
9.704999923706056;9.704999923706056;9.4399995803833;9.505000114440918;269172;2020-09-18 11:30:00-04:00
9.505000114440918;9.508299827575684;9.380000114440918;9.385000228881836;145147;2020-09-18 12:30:00-04:00
9.380000114440918;9.479999542236328;9.369999885559082;9.46500015258789;159298;2020-09-18 13:30:00-04:00
9.460000038146973;9.600000381469728;9.399999618530272;9.574999809265137;240187;2020-09-18 14:30:00-04:00
9.574999809265137;9.630000114440918;9.470000267028809;9.510000228881836;1774428;2020-09-18 15:30:00-04:00
9.420000076293944;9.420000076293944;9.220000267028809;9.31999969482422;263519;2020-09-21 09:30:00-04:00
9.31999969482422;9.31999969482422;9.199999809265137;9.279999732971191;182767;2020-09-21 10:30:00-04:00
9.28689956665039;9.3100004196167;9.229999542236328;9.25;149302;2020-09-21 11:30:00-04:00
9.244999885559082;9.244999885559082;9.100000381469728;9.109999656677246;152359;2020-09-21 12:30:00-04:00
9.114999771118164;9.15999984741211;9.100000381469728;9.15999984741211;120720;2020-09-21 13:30:00-04:00
9.149999618530272;9.1899995803833;9.109999656677246;9.1850004196167;136486;2020-09-21 14:30:00-04:00
9.1850004196167;9.279999732971191;9.15999984741211;9.18000030517578;333779;2020-09-21 15:30:00-04:00
9.4399995803833;10.050000190734863;9.3100004196167;10.005000114440918;791447;2020-09-22 09:30:00-04:00
10.0;10.020000457763672;9.90999984741211;9.94499969482422;384169;2020-09-22 10:30:00-04:00
9.94499969482422;9.949999809265137;9.80500030517578;9.890000343322754;382395;2020-09-22 11:30:00-04:00
9.899999618530272;9.920000076293944;9.829999923706056;9.885000228881836;136649;2020-09-22 12:30:00-04:00
9.890000343322754;9.899999618530272;9.789999961853027;9.795000076293944;180971;2020-09-22 13:30:00-04:00
9.795000076293944;9.835000038146973;9.71500015258789;9.824999809265137;158032;2020-09-22 14:30:00-04:00
9.824999809265137;9.869999885559082;9.779999732971191;9.800000190734863;271166;2020-09-22 15:30:00-04:00
9.729999542236328;9.729999542236328;9.489999771118164;9.630000114440918;284143;2020-09-23 09:30:00-04:00
9.630000114440918;9.720000267028809;9.61460018157959;9.6274995803833;134112;2020-09-23 10:30:00-04:00
9.635000228881836;9.664999961853027;9.609999656677246;9.649999618530272;154808;2020-09-23 11:30:00-04:00
9.645000457763672;9.717000007629396;9.640000343322754;9.645000457763672;81474;2020-09-23 12:30:00-04:00
9.641799926757812;9.649999618530272;9.520000457763672;9.5600004196167;457951;2020-09-23 13:30:00-04:00
9.5600004196167;9.56999969482422;9.40999984741211;9.460000038146973;386843;2020-09-23 14:30:00-04:00
9.46500015258789;9.484999656677246;9.420000076293944;9.460000038146973;472231;2020-09-23 15:30:00-04:00
9.399999618530272;9.604999542236328;9.329999923706056;9.479999542236328;296037;2020-09-24 09:30:00-04:00
9.454999923706056;9.489999771118164;9.300000190734863;9.460000038146973;157025;2020-09-24 10:30:00-04:00
9.454999923706056;9.550000190734863;9.454999923706056;9.520000457763672;56024;2020-09-24 11:30:00-04:00
9.510000228881836;9.609999656677246;9.470000267028809;9.609999656677246;96318;2020-09-24 12:30:00-04:00
9.609999656677246;9.609999656677246;9.539999961853027;9.545000076293944;157580;2020-09-24 13:30:00-04:00
9.545000076293944;9.5649995803833;9.510000228881836;9.539999961853027;110027;2020-09-24 14:30:00-04:00
9.545000076293944;9.600000381469728;9.510000228881836;9.5600004196167;301794;2020-09-24 15:30:00-04:00
9.510000228881836;9.739999771118164;9.470000267028809;9.720000267028809;502186;2020-09-25 09:30:00-04:00
9.710000038146973;9.765000343322754;9.68000030517578;9.725000381469728;320254;2020-09-25 10:30:00-04:00
9.729999542236328;9.770000457763672;9.699999809265137;9.734999656677246;120743;2020-09-25 11:30:00-04:00
9.734999656677246;9.850000381469728;9.720000267028809;9.829999923706056;83738;2020-09-25 12:30:00-04:00
9.835000038146973;9.850000381469728;9.729999542236328;9.734999656677246;140141;2020-09-25 13:30:00-04:00
9.739999771118164;9.81029987335205;9.710000038146973;9.78499984741211;120776;2020-09-25 14:30:00-04:00
9.779999732971191;9.8100004196167;9.71500015258789;9.800000190734863;238773;2020-09-25 15:30:00-04:00
9.9399995803833;10.020000457763672;9.880000114440918;9.920000076293944;397840;2020-09-28 09:30:00-04:00
9.920000076293944;10.035599708557127;9.880000114440918;9.994999885559082;150775;2020-09-28 10:30:00-04:00
9.989999771118164;10.0;9.885000228881836;9.94499969482422;83450;2020-09-28 11:30:00-04:00
9.941800117492676;9.989999771118164;9.914999961853027;9.975000381469728;71101;2020-09-28 12:30:00-04:00
9.979999542236328;10.0;9.914999961853027;9.920000076293944;82608;2020-09-28 13:30:00-04:00
9.925000190734863;9.989999771118164;9.890000343322754;9.90999984741211;143132;2020-09-28 14:30:00-04:00
9.90999984741211;9.970000267028809;9.869999885559082;9.949999809265137;426624;2020-09-28 15:30:00-04:00
9.9399995803833;10.1899995803833;9.93000030517578;10.1899995803833;203858;2020-09-29 09:30:00-04:00
10.19499969482422;10.329999923706056;10.109999656677246;10.170000076293944;0;2020-09-29 10:30:00-04:00
10.19499969482422;10.279999732971191;10.100000381469728;10.164999961853027;745274;2020-09-29 11:30:00-04:00
10.164999961853027;10.25;10.164999961853027;10.239999771118164;145734;2020-09-29 12:30:00-04:00
10.234999656677246;10.25;10.170000076293944;10.204999923706056;108049;2020-09-29 13:30:00-04:00
10.210000038146973;10.239999771118164;10.170000076293944;10.204999923706056;238414;2020-09-29 14:30:00-04:00
10.207599639892578;10.214699745178224;10.149999618530272;10.170000076293944;280163;2020-09-29 15:30:00-04:00
10.239999771118164;10.59000015258789;10.220000267028809;10.4399995803833;584069;2020-09-30 09:30:00-04:00
10.4399995803833;10.470000267028809;10.420000076293944;10.454999923706056;207682;2020-09-30 10:30:00-04:00
10.454999923706056;10.460000038146973;10.40999984741211;10.44499969482422;178276;2020-09-30 11:30:00-04:00
10.449999809265137;10.470000267028809;10.385000228881836;10.4399995803833;188541;2020-09-30 12:30:00-04:00
10.449999809265137;10.579999923706056;10.4399995803833;10.56999969482422;262945;2020-09-30 13:30:00-04:00
10.5649995803833;10.619999885559082;10.510000228881836;10.604999542236328;256649;2020-09-30 14:30:00-04:00
10.604999542236328;10.640000343322754;10.529999732971191;10.539999961853027;715061;2020-09-30 15:30:00-04:00
10.65999984741211;10.6899995803833;10.31999969482422;10.31999969482422;253331;2020-10-01 09:30:00-04:00
10.329999923706056;10.449999809265137;10.329999923706056;10.438300132751465;85399;2020-10-01 10:30:00-04:00
10.4399995803833;10.542123794555664;10.4350004196167;10.539999961853027;121051;2020-10-01 11:30:00-04:00
10.53499984741211;10.5600004196167;10.5;10.529999732971191;113396;2020-10-01 12:30:00-04:00
10.538200378417969;10.56999969482422;10.380000114440918;10.484999656677246;133912;2020-10-01 13:30:00-04:00
10.489999771118164;10.550000190734863;10.470000267028809;10.479999542236328;239098;2020-10-01 14:30:00-04:00
10.479999542236328;10.550000190734863;10.479999542236328;10.550000190734863;177168;2020-10-01 15:30:00-04:00
10.3100004196167;10.850000381469728;10.300000190734863;10.779999732971191;557339;2020-10-02 09:30:00-04:00
10.789999961853027;10.800000190734863;10.699999809265137;10.75;402253;2020-10-02 10:30:00-04:00
10.75;10.795000076293944;10.699999809265137;10.734999656677246;458852;2020-10-02 11:30:00-04:00
10.739999771118164;10.760000228881836;10.550000190734863;10.609999656677246;375616;2020-10-02 12:30:00-04:00
10.609999656677246;10.649999618530272;10.550000190734863;10.619999885559082;212177;2020-10-02 13:30:00-04:00
10.619999885559082;10.630000114440918;10.55500030517578;10.609999656677246;493556;2020-10-02 14:30:00-04:00
10.609999656677246;10.6850004196167;10.5600004196167;10.579999923706056;774335;2020-10-02 15:30:00-04:00
10.65999984741211;10.720000267028809;10.010000228881836;10.0600004196167;545850;2020-10-05 09:30:00-04:00
10.0649995803833;10.25;10.029999732971191;10.1899995803833;153904;2020-10-05 10:30:00-04:00
10.194600105285645;10.350000381469728;10.175000190734863;10.335000038146973;121649;2020-10-05 11:30:00-04:00
10.329999923706056;10.359999656677246;10.170000076293944;10.175000190734863;122506;2020-10-05 12:30:00-04:00
10.171099662780762;10.18000030517578;10.06999969482422;10.149999618530272;230742;2020-10-05 13:30:00-04:00
10.149999618530272;10.324999809265137;10.140000343322754;10.295000076293944;189182;2020-10-05 14:30:00-04:00
10.289999961853027;10.359999656677246;10.270000457763672;10.34000015258789;252732;2020-10-05 15:30:00-04:00
10.399999618530272;10.720000267028809;10.329999923706056;10.649999618530272;314207;2020-10-06 09:30:00-04:00
10.649999618530272;10.6850004196167;10.5649995803833;10.609999656677246;155392;2020-10-06 10:30:00-04:00
10.600000381469728;10.630000114440918;10.56999969482422;10.586099624633787;105633;2020-10-06 11:30:00-04:00
10.585000038146973;10.635000228881836;10.5;10.585000038146973;371322;2020-10-06 12:30:00-04:00
10.585000038146973;10.600000381469728;10.484999656677246;10.550000190734863;254229;2020-10-06 13:30:00-04:00
10.550000190734863;10.550000190734863;10.3149995803833;10.390000343322754;252974;2020-10-06 14:30:00-04:00
10.380000114440918;10.48330020904541;10.371700286865234;10.390000343322754;232757;2020-10-06 15:30:00-04:00
10.4399995803833;10.59000015258789;10.4399995803833;10.505000114440918;232452;2020-10-07 09:30:00-04:00
10.505000114440918;10.51550006866455;10.479999542236328;10.494999885559082;127770;2020-10-07 10:30:00-04:00
10.5;10.539899826049805;10.399999618530272;10.494999885559082;508626;2020-10-07 11:30:00-04:00
10.494999885559082;10.5600004196167;10.390000343322754;10.494999885559082;326920;2020-10-07 12:30:00-04:00
10.494999885559082;10.529999732971191;10.470000267028809;10.510000228881836;167098;2020-10-07 13:30:00-04:00
10.505000114440918;10.537500381469728;10.43000030517578;10.529999732971191;202605;2020-10-07 14:30:00-04:00
10.524999618530272;10.579999923706056;10.399999618530272;10.399999618530272;628076;2020-10-07 15:30:00-04:00
10.550000190734863;10.699999809265137;10.399999618530272;10.420000076293944;249463;2020-10-08 09:30:00-04:00
10.425000190734863;10.489999771118164;10.399999618530272;10.449999809265137;216846;2020-10-08 10:30:00-04:00
10.4483003616333;10.539999961853027;10.399999618530272;10.475000381469728;382881;2020-10-08 11:30:00-04:00
10.470000267028809;10.529999732971191;10.40999984741211;10.520000457763672;431189;2020-10-08 12:30:00-04:00
10.515899658203123;10.539999961853027;10.505000114440918;10.524999618530272;199228;2020-10-08 13:30:00-04:00
10.529999732971191;10.539999961853027;10.510000228881836;10.529999732971191;123724;2020-10-08 14:30:00-04:00
10.529999732971191;10.529999732971191;10.420000076293944;10.460000038146973;453634;2020-10-08 15:30:00-04:00
10.5;10.579999923706056;10.350000381469728;10.43000030517578;206554;2020-10-09 09:30:00-04:00
10.43000030517578;10.475000381469728;10.399999618530272;10.4399995803833;154770;2020-10-09 10:30:00-04:00
10.4399995803833;10.475000381469728;10.40999984741211;10.449999809265137;149551;2020-10-09 11:30:00-04:00
10.454999923706056;10.460000038146973;10.399999618530272;10.4350004196167;161346;2020-10-09 12:30:00-04:00
10.43000030517578;10.484999656677246;10.425000190734863;10.460000038146973;84822;2020-10-09 13:30:00-04:00
10.460000038146973;10.50759983062744;10.460000038146973;10.494999885559082;90419;2020-10-09 14:30:00-04:00
10.494999885559082;10.510000228881836;10.449999809265137;10.479999542236328;162928;2020-10-09 15:30:00-04:00
10.470000267028809;10.529999732971191;10.4399995803833;10.5;126969;2020-10-12 09:30:00-04:00
10.494999885559082;10.520000457763672;10.460000038146973;10.489999771118164;107051;2020-10-12 10:30:00-04:00
10.489999771118164;10.489999771118164;10.449999809265137;10.479999542236328;43067;2020-10-12 11:30:00-04:00
10.470000267028809;10.529999732971191;10.449999809265137;10.505000114440918;212631;2020-10-12 12:30:00-04:00
10.510000228881836;10.510000228881836;10.449999809265137;10.494999885559082;266400;2020-10-12 13:30:00-04:00
10.489999771118164;10.529999732971191;10.460000038146973;10.520000457763672;250973;2020-10-12 14:30:00-04:00
10.520000457763672;10.539999961853027;10.479999542236328;10.5;260748;2020-10-12 15:30:00-04:00
10.420000076293944;10.489999771118164;10.255000114440918;10.411700248718262;255861;2020-10-13 09:30:00-04:00
10.40999984741211;10.414999961853027;10.390000343322754;10.399999618530272;126843;2020-10-13 10:30:00-04:00
10.404999732971191;10.425000190734863;10.390000343322754;10.40999984741211;132650;2020-10-13 11:30:00-04:00
10.414999961853027;10.420000076293944;10.380000114440918;10.395000457763672;83054;2020-10-13 12:30:00-04:00
10.390000343322754;10.399999618530272;10.31999969482422;10.324999809265137;76433;2020-10-13 13:30:00-04:00
10.31999969482422;10.339500427246094;10.289999961853027;10.295000076293944;144537;2020-10-13 14:30:00-04:00
10.300000190734863;10.375;10.300000190734863;10.34000015258789;182454;2020-10-13 15:30:00-04:00
10.40999984741211;10.40999984741211;9.824999809265137;9.904999732971191;0;2020-10-14 09:30:00-04:00
9.905599594116213;10.020000457763672;9.869999885559082;9.9399995803833;184523;2020-10-14 10:30:00-04:00
9.9399995803833;9.989999771118164;9.859999656677246;9.864999771118164;174301;2020-10-14 11:30:00-04:00
9.864999771118164;10.020000457763672;9.84000015258789;9.954999923706056;116218;2020-10-14 12:30:00-04:00
9.960000038146973;9.989999771118164;9.93000030517578;9.93000030517578;103712;2020-10-14 13:30:00-04:00
9.93000030517578;10.020000457763672;9.899999618530272;10.0;424897;2020-10-14 14:30:00-04:00
10.005000114440918;10.0600004196167;9.989999771118164;10.039999961853027;305939;2020-10-14 15:30:00-04:00
9.949999809265137;10.029999732971191;9.890000343322754;9.970000267028809;117584;2020-10-15 09:30:00-04:00
9.960000038146973;9.994999885559082;9.875;9.960000038146973;76399;2020-10-15 10:30:00-04:00
9.960000038146973;10.020000457763672;9.94499969482422;9.989999771118164;69225;2020-10-15 11:30:00-04:00
9.989999771118164;10.010000228881836;9.9399995803833;10.010000228881836;70385;2020-10-15 12:30:00-04:00
10.005499839782717;10.029999732971191;9.979999542236328;10.024999618530272;75868;2020-10-15 13:30:00-04:00
10.020000457763672;10.0600004196167;9.994999885559082;10.045000076293944;66175;2020-10-15 14:30:00-04:00
10.050000190734863;10.079999923706056;9.960000038146973;9.960000038146973;147732;2020-10-15 15:30:00-04:00
9.920000076293944;10.020000457763672;9.850000381469728;9.979999542236328;125842;2020-10-16 09:30:00-04:00
9.979999542236328;10.010000228881836;9.94849967956543;9.960000038146973;92061;2020-10-16 10:30:00-04:00
9.960000038146973;10.0;9.949999809265137;9.994999885559082;47587;2020-10-16 11:30:00-04:00
10.0;10.015000343322754;9.96280002593994;9.989999771118164;62374;2020-10-16 12:30:00-04:00
9.989999771118164;9.989999771118164;9.90999984741211;9.949999809265137;58163;2020-10-16 13:30:00-04:00
9.9399995803833;10.0;9.925000190734863;9.970000267028809;53932;2020-10-16 14:30:00-04:00
9.96500015258789;9.979999542236328;9.9399995803833;9.970000267028809;130432;2020-10-16 15:30:00-04:00
10.010000228881836;10.239999771118164;9.979999542236328;10.220000267028809;180054;2020-10-19 09:30:00-04:00
10.229999542236328;10.255000114440918;10.154999732971191;10.239999771118164;108094;2020-10-19 10:30:00-04:00
10.239999771118164;10.289999961853027;10.229999542236328;10.239999771118164;98804;2020-10-19 11:30:00-04:00
10.244999885559082;10.295000076293944;10.229999542236328;10.270000457763672;45591;2020-10-19 12:30:00-04:00
10.265000343322754;10.270000457763672;10.210000038146973;10.21500015258789;231868;2020-10-19 13:30:00-04:00
10.21500015258789;10.220000267028809;10.0600004196167;10.0649995803833;102037;2020-10-19 14:30:00-04:00
10.0649995803833;10.079999923706056;10.039999961853027;10.050000190734863;168558;2020-10-19 15:30:00-04:00
10.149999618530272;10.220000267028809;10.109999656677246;10.125;108815;2020-10-20 09:30:00-04:00
10.125;10.19499969482422;10.125;10.145000457763672;47762;2020-10-20 10:30:00-04:00
10.149999618530272;10.1850004196167;10.125;10.175000190734863;56221;2020-10-20 11:30:00-04:00
10.175000190734863;10.289999961853027;10.109999656677246;10.244999885559082;389627;2020-10-20 12:30:00-04:00
10.244999885559082;10.300000190734863;10.225000381469728;10.25;76878;2020-10-20 13:30:00-04:00
10.25;10.265000343322754;10.15999984741211;10.1850004196167;86729;2020-10-20 14:30:00-04:00
10.18000030517578;10.229999542236328;10.15999984741211;10.15999984741211;184452;2020-10-20 15:30:00-04:00
10.220000267028809;10.34000015258789;10.1899995803833;10.279500007629396;171311;2020-10-21 09:30:00-04:00
10.270000457763672;10.34000015258789;10.25;10.295000076293944;119991;2020-10-21 10:30:00-04:00
10.289999961853027;10.3149995803833;10.175000190734863;10.175000190734863;74995;2020-10-21 11:30:00-04:00
10.175000190734863;10.225000381469728;10.130000114440918;10.210000038146973;57431;2020-10-21 12:30:00-04:00
10.21500015258789;10.220000267028809;10.15999984741211;10.210000038146973;30662;2020-10-21 13:30:00-04:00
10.21500015258789;10.279999732971191;10.199999809265137;10.244999885559082;79878;2020-10-21 14:30:00-04:00
10.239999771118164;10.255000114440918;10.21500015258789;10.220000267028809;118671;2020-10-21 15:30:00-04:00
10.229999542236328;10.239999771118164;10.06999969482422;10.06999969482422;150884;2020-10-22 09:30:00-04:00
10.079999923706056;10.09000015258789;9.883399963378906;10.0;228419;2020-10-22 10:30:00-04:00
10.010000228881836;10.010000228881836;9.947500228881836;9.975000381469728;83741;2020-10-22 11:30:00-04:00
9.973899841308594;10.010000228881836;9.9399995803833;9.994999885559082;98487;2020-10-22 12:30:00-04:00
10.0;10.0;9.901800155639648;9.904999732971191;75056;2020-10-22 13:30:00-04:00
9.899999618530272;9.970000267028809;9.869999885559082;9.949999809265137;190356;2020-10-22 14:30:00-04:00
9.954999923706056;10.017999649047852;9.9399995803833;9.979999542236328;248655;2020-10-22 15:30:00-04:00
9.960000038146973;9.989999771118164;9.770000457763672;9.954999923706056;164196;2020-10-23 09:30:00-04:00
9.960000038146973;9.970000267028809;9.862799644470217;9.864999771118164;77144;2020-10-23 10:30:00-04:00
9.864999771118164;9.875;9.800000190734863;9.845000267028809;90588;2020-10-23 11:30:00-04:00
9.845000267028809;9.90999984741211;9.829999923706056;9.90999984741211;38226;2020-10-23 12:30:00-04:00
9.907400131225586;9.979999542236328;9.874500274658203;9.975000381469728;84298;2020-10-23 13:30:00-04:00
9.975000381469728;10.010000228881836;9.960000038146973;9.989999771118164;71458;2020-10-23 14:30:00-04:00
9.989999771118164;10.0;9.960000038146973;9.970000267028809;173441;2020-10-23 15:30:00-04:00
9.886500358581545;10.0;9.880000114440918;9.904999732971191;110132;2020-10-26 09:30:00-04:00
9.90999984741211;9.90999984741211;9.729999542236328;9.789999961853027;195978;2020-10-26 10:30:00-04:00
9.779999732971191;9.850000381469728;9.75;9.8100004196167;109567;2020-10-26 11:30:00-04:00
9.8100004196167;9.8100004196167;9.65999984741211;9.664999961853027;123418;2020-10-26 12:30:00-04:00
9.65999984741211;9.795000076293944;9.65999984741211;9.770000457763672;122197;2020-10-26 13:30:00-04:00
9.774999618530272;9.8100004196167;9.75;9.78499984741211;82069;2020-10-26 14:30:00-04:00
9.789999961853027;9.81999969482422;9.75;9.789999961853027;250066;2020-10-26 15:30:00-04:00
9.84000015258789;9.949999809265137;9.800000190734863;9.880000114440918;126421;2020-10-27 09:30:00-04:00
9.880000114440918;9.899999618530272;9.779999732971191;9.78499984741211;71500;2020-10-27 10:30:00-04:00
9.78499984741211;9.81999969482422;9.765000343322754;9.789999961853027;82157;2020-10-27 11:30:00-04:00
9.789999961853027;9.8100004196167;9.770000457763672;9.800000190734863;82333;2020-10-27 12:30:00-04:00
9.789999961853027;9.829999923706056;9.739999771118164;9.779999732971191;74969;2020-10-27 13:30:00-04:00
9.789999961853027;9.829999923706056;9.755000114440918;9.81999969482422;97531;2020-10-27 14:30:00-04:00
9.8100004196167;9.829999923706056;9.760000228881836;9.779999732971191;150577;2020-10-27 15:30:00-04:00
9.579999923706056;9.774999618530272;9.510000228881836;9.59000015258789;197828;2020-10-28 09:30:00-04:00
9.59000015258789;9.600000381469728;9.510000228881836;9.550000190734863;152103;2020-10-28 10:30:00-04:00
9.539999961853027;9.55500030517578;9.494999885559082;9.529999732971191;155612;2020-10-28 11:30:00-04:00
9.524999618530272;9.550000190734863;9.390000343322754;9.454999923706056;161142;2020-10-28 12:30:00-04:00
9.449999809265137;9.5;9.399999618530272;9.44499969482422;107837;2020-10-28 13:30:00-04:00
9.44499969482422;9.510000228881836;9.375;9.505000114440918;168132;2020-10-28 14:30:00-04:00
9.5;9.529999732971191;9.43000030517578;9.489999771118164;351763;2020-10-28 15:30:00-04:00
9.449999809265137;9.550000190734863;9.329999923706056;9.510000228881836;161824;2020-10-29 09:30:00-04:00
9.510000228881836;9.56999969482422;9.449999809265137;9.489999771118164;173899;2020-10-29 10:30:00-04:00
9.489999771118164;9.494999885559082;9.359999656677246;9.414999961853027;147657;2020-10-29 11:30:00-04:00
9.40999984741211;9.40999984741211;9.260000228881836;9.28439998626709;186777;2020-10-29 12:30:00-04:00
9.28499984741211;9.399999618530272;9.28499984741211;9.399999618530272;152694;2020-10-29 13:30:00-04:00
9.390000343322754;9.399999618530272;9.329999923706056;9.390000343322754;192185;2020-10-29 14:30:00-04:00
9.385000228881836;9.40999984741211;9.270000457763672;9.279999732971191;309739;2020-10-29 15:30:00-04:00
9.25;9.3100004196167;8.9399995803833;8.984999656677246;231312;2020-10-30 09:30:00-04:00
8.984999656677246;9.0;8.760000228881836;8.789999961853027;344861;2020-10-30 10:30:00-04:00
8.779999732971191;8.920000076293945;8.699999809265137;8.895000457763672;245194;2020-10-30 11:30:00-04:00
8.890000343322754;8.899999618530273;8.760000228881836;8.789999961853027;98666;2020-10-30 12:30:00-04:00
8.779999732971191;8.850000381469727;8.739999771118164;8.789999961853027;161535;2020-10-30 13:30:00-04:00
8.789999961853027;8.805000305175781;8.75;8.774999618530273;179334;2020-10-30 14:30:00-04:00
8.770000457763672;8.819999694824219;8.699999809265137;8.819999694824219;304882;2020-10-30 15:30:00-04:00
9.010000228881836;9.100000381469728;8.90999984741211;9.09000015258789;262282;2020-11-02 09:30:00-05:00
9.085000038146973;9.25;9.05500030517578;9.244999885559082;133510;2020-11-02 10:30:00-05:00
9.25;9.300000190734863;9.21500015258789;9.289999961853027;135329;2020-11-02 11:30:00-05:00
9.28499984741211;9.329999923706056;9.145000457763672;9.1850004196167;155779;2020-11-02 12:30:00-05:00
9.1899995803833;9.199999809265137;9.140000343322754;9.18000030517578;128779;2020-11-02 13:30:00-05:00
9.1899995803833;9.3100004196167;9.184700012207031;9.270000457763672;174445;2020-11-02 14:30:00-05:00
9.270000457763672;9.350000381469728;9.239999771118164;9.31999969482422;313294;2020-11-02 15:30:00-05:00
9.529999732971191;9.619999885559082;9.420000076293944;9.4399995803833;295078;2020-11-03 09:30:00-05:00
9.4350004196167;9.4350004196167;9.279999732971191;9.350000381469728;213858;2020-11-03 10:30:00-05:00
9.34000015258789;9.460000038146973;9.34000015258789;9.414999961853027;170504;2020-11-03 11:30:00-05:00
9.414999961853027;9.5;9.414999961853027;9.466699600219728;101797;2020-11-03 12:30:00-05:00
9.470000267028809;9.5;9.4399995803833;9.44499969482422;129725;2020-11-03 13:30:00-05:00
9.449999809265137;9.520000457763672;9.44499969482422;9.460000038146973;148268;2020-11-03 14:30:00-05:00
9.460000038146973;9.59000015258789;9.44499969482422;9.5600004196167;255685;2020-11-03 15:30:00-05:00
9.5600004196167;9.649999618530272;9.460000038146973;9.510000228881836;226194;2020-11-04 09:30:00-05:00
9.510000228881836;9.604999542236328;9.4399995803833;9.600000381469728;114303;2020-11-04 10:30:00-05:00
9.600000381469728;9.779999732971191;9.600000381469728;9.770000457763672;122507;2020-11-04 11:30:00-05:00
9.770000457763672;9.779999732971191;9.649999618530272;9.649999618530272;64648;2020-11-04 12:30:00-05:00
9.649999618530272;9.670000076293944;9.572999954223633;9.579999923706056;82464;2020-11-04 13:30:00-05:00
9.579999923706056;9.645000457763672;9.55500030517578;9.5600004196167;121501;2020-11-04 14:30:00-05:00
9.5649995803833;9.59000015258789;9.494999885559082;9.550000190734863;248558;2020-11-04 15:30:00-05:00
9.739999771118164;9.800000190734863;9.630000114440918;9.770000457763672;141989;2020-11-05 09:30:00-05:00
9.760000228881836;9.859999656677246;9.710000038146973;9.8149995803833;106005;2020-11-05 10:30:00-05:00
9.81999969482422;9.829999923706056;9.720000267028809;9.722000122070312;89753;2020-11-05 11:30:00-05:00
9.720000267028809;9.760000228881836;9.699999809265137;9.720000267028809;58493;2020-11-05 12:30:00-05:00
9.729999542236328;9.789999961853027;9.69499969482422;9.704999923706056;86964;2020-11-05 13:30:00-05:00
9.699999809265137;9.710000038146973;9.640000343322754;9.65999984741211;79277;2020-11-05 14:30:00-05:00
9.654999732971191;9.710000038146973;9.630000114440918;9.65999984741211;203400;2020-11-05 15:30:00-05:00
9.65999984741211;9.710000038146973;9.595000267028809;9.625;88920;2020-11-06 09:30:00-05:00
9.625;9.630000114440918;9.56999969482422;9.574999809265137;104789;2020-11-06 10:30:00-05:00
9.579999923706056;9.581700325012209;9.505000114440918;9.55500030517578;112446;2020-11-06 11:30:00-05:00
9.5600004196167;9.604999542236328;9.510000228881836;9.55500030517578;143676;2020-11-06 12:30:00-05:00
9.55500030517578;9.65999984741211;9.550000190734863;9.649999618530272;125143;2020-11-06 13:30:00-05:00
9.649999618530272;9.675000190734863;9.5600004196167;9.579999923706056;129074;2020-11-06 14:30:00-05:00
9.585000038146973;9.600000381469728;9.550000190734863;9.56999969482422;122385;2020-11-06 15:30:00-05:00
9.899999618530272;10.039999961853027;9.699999809265137;9.8100004196167;417100;2020-11-09 09:30:00-05:00
9.795000076293944;9.84000015258789;9.6899995803833;9.84000015258789;156943;2020-11-09 10:30:00-05:00
9.835000038146973;9.90999984741211;9.729999542236328;9.81999969482422;154584;2020-11-09 11:30:00-05:00
9.8100004196167;9.850000381469728;9.770000457763672;9.81999969482422;132564;2020-11-09 12:30:00-05:00
9.824999809265137;9.829999923706056;9.68000030517578;9.699999809265137;152284;2020-11-09 13:30:00-05:00
9.6899995803833;9.699999809265137;9.510000228881836;9.518199920654297;169600;2020-11-09 14:30:00-05:00
9.515000343322754;9.635000228881836;9.43000030517578;9.479999542236328;498212;2020-11-09 15:30:00-05:00
9.600000381469728;9.600000381469728;9.329999923706056;9.516799926757812;255172;2020-11-10 09:30:00-05:00
9.520000457763672;9.524999618530272;9.170000076293944;9.260000228881836;197399;2020-11-10 10:30:00-05:00
9.239999771118164;9.329999923706056;9.050000190734863;9.289999961853027;246275;2020-11-10 11:30:00-05:00
9.289999961853027;9.329999923706056;9.255000114440918;9.3149995803833;127584;2020-11-10 12:30:00-05:00
9.312700271606444;9.460000038146973;9.270000457763672;9.364999771118164;159357;2020-11-10 13:30:00-05:00
9.369999885559082;9.369999885559082;9.30500030517578;9.3149995803833;171052;2020-11-10 14:30:00-05:00
9.3149995803833;9.369999885559082;9.279999732971191;9.329999923706056;359797;2020-11-10 15:30:00-05:00
9.350000381469728;9.505000114440918;9.3100004196167;9.414999961853027;313950;2020-11-11 09:30:00-05:00
9.40999984741211;9.40999984741211;9.28499984741211;9.345000267028809;189978;2020-11-11 10:30:00-05:00
9.350000381469728;9.4399995803833;9.34000015258789;9.380000114440918;141814;2020-11-11 11:30:00-05:00
9.380000114440918;9.399999618530272;9.329999923706056;9.385000228881836;93175;2020-11-11 12:30:00-05:00
9.385000228881836;9.40999984741211;9.300000190734863;9.300000190734863;109184;2020-11-11 13:30:00-05:00
9.300000190734863;9.31999969482422;9.255000114440918;9.260000228881836;128379;2020-11-11 14:30:00-05:00
9.255000114440918;9.369999885559082;9.25;9.359999656677246;225816;2020-11-11 15:30:00-05:00
9.289999961853027;9.470000267028809;9.199999809265137;9.425800323486328;230709;2020-11-12 09:30:00-05:00
9.43000030517578;9.479999542236328;9.380000114440918;9.454999923706056;77669;2020-11-12 10:30:00-05:00
9.449999809265137;9.520000457763672;9.395000457763672;9.449999809265137;119016;2020-11-12 11:30:00-05:00
9.449999809265137;9.510000228881836;9.359999656677246;9.380000114440918;127047;2020-11-12 12:30:00-05:00
9.369999885559082;9.43000030517578;9.300000190734863;9.350000381469728;106453;2020-11-12 13:30:00-05:00
9.350000381469728;9.399999618530272;9.300000190734863;9.395000457763672;144177;2020-11-12 14:30:00-05:00
9.395000457763672;9.43000030517578;9.350000381469728;9.380000114440918;287721;2020-11-12 15:30:00-05:00
9.4399995803833;9.470000267028809;9.220000267028809;9.279999732971191;233683;2020-11-13 09:30:00-05:00
9.279999732971191;9.289999961853027;9.234999656677246;9.255000114440918;126461;2020-11-13 10:30:00-05:00
9.25;9.31999969482422;9.244999885559082;9.295000076293944;186187;2020-11-13 11:30:00-05:00
9.289999961853027;9.44499969482422;9.244999885559082;9.395000457763672;232392;2020-11-13 12:30:00-05:00
9.395000457763672;9.635000228881836;9.390000343322754;9.614999771118164;226902;2020-11-13 13:30:00-05:00
9.619999885559082;9.65999984741211;9.5600004196167;9.612000465393066;251349;2020-11-13 14:30:00-05:00
9.614999771118164;9.635000228881836;9.579999923706056;9.59000015258789;211162;2020-11-13 15:30:00-05:00
9.829999923706056;9.899999618530272;9.550000190734863;9.65999984741211;268317;2020-11-16 09:30:00-05:00
9.661299705505373;9.720000267028809;9.649900436401367;9.649900436401367;207784;2020-11-16 10:30:00-05:00
9.640000343322754;9.71500015258789;9.640000343322754;9.675000190734863;116631;2020-11-16 11:30:00-05:00
9.68000030517578;9.800000190734863;9.664999961853027;9.699999809265137;276544;2020-11-16 12:30:00-05:00
9.699999809265137;9.734999656677246;9.619999885559082;9.619999885559082;145378;2020-11-16 13:30:00-05:00
9.625;9.720000267028809;9.59000015258789;9.649999618530272;225280;2020-11-16 14:30:00-05:00
9.649999618530272;9.670000076293944;9.630000114440918;9.65999984741211;225495;2020-11-16 15:30:00-05:00
9.75;9.954999923706056;9.68000030517578;9.9399995803833;289122;2020-11-17 09:30:00-05:00
9.93000030517578;9.989999771118164;9.890000343322754;9.984999656677246;295011;2020-11-17 10:30:00-05:00
9.979999542236328;10.039999961853027;9.920000076293944;10.015000343322754;205132;2020-11-17 11:30:00-05:00
10.020000457763672;10.199999809265137;10.0;10.1850004196167;352842;2020-11-17 12:30:00-05:00
10.189499855041504;10.289999961853027;10.140000343322754;10.244999885559082;508853;2020-11-17 13:30:00-05:00
10.25;10.339799880981444;10.229999542236328;10.270000457763672;450526;2020-11-17 14:30:00-05:00
10.270000457763672;10.350000381469728;10.25;10.34000015258789;529550;2020-11-17 15:30:00-05:00
10.079999923706056;10.710000038146973;10.079999923706056;10.69499969482422;390927;2020-11-18 09:30:00-05:00
10.699999809265137;10.720000267028809;10.604999542236328;10.720000267028809;263434;2020-11-18 10:30:00-05:00
10.720000267028809;10.84000015258789;10.640000343322754;10.640000343322754;430317;2020-11-18 11:30:00-05:00
10.645000457763672;10.664999961853027;10.520000457763672;10.5649995803833;280345;2020-11-18 12:30:00-05:00
10.5600004196167;10.5600004196167;10.329999923706056;10.449999809265137;489582;2020-11-18 13:30:00-05:00
10.449999809265137;10.479999542236328;10.399999618530272;10.4350004196167;218027;2020-11-18 14:30:00-05:00
10.43000030517578;10.4350004196167;10.31999969482422;10.31999969482422;260365;2020-11-18 15:30:00-05:00
10.28219985961914;10.318400382995604;10.020000457763672;10.244999885559082;194692;2020-11-19 09:30:00-05:00
10.244999885559082;10.350000381469728;10.220000267028809;10.295000076293944;105822;2020-11-19 10:30:00-05:00
10.289999961853027;10.34000015258789;10.270000457763672;10.3125;70288;2020-11-19 11:30:00-05:00
10.31999969482422;10.489999771118164;10.3149995803833;10.475000381469728;144545;2020-11-19 12:30:00-05:00
10.475000381469728;10.5600004196167;10.460000038146973;10.515000343322754;100457;2020-11-19 13:30:00-05:00
10.515000343322754;10.609999656677246;10.5;10.53499984741211;162538;2020-11-19 14:30:00-05:00
10.53499984741211;10.619999885559082;10.529999732971191;10.609999656677246;223291;2020-11-19 15:30:00-05:00
10.739999771118164;10.739999771118164;10.30500030517578;10.369999885559082;279399;2020-11-20 09:30:00-05:00
10.375;10.40999984741211;10.270000457763672;10.359999656677246;223635;2020-11-20 10:30:00-05:00
10.364999771118164;10.369999885559082;10.329999923706056;10.350000381469728;152184;2020-11-20 11:30:00-05:00
10.345000267028809;10.364999771118164;10.270000457763672;10.31999969482422;146210;2020-11-20 12:30:00-05:00
10.324999809265137;10.329999923706056;10.260000228881836;10.28499984741211;183620;2020-11-20 13:30:00-05:00
10.28499984741211;10.289999961853027;10.06999969482422;10.100000381469728;275641;2020-11-20 14:30:00-05:00
10.100000381469728;10.199999809265137;10.100000381469728;10.149999618530272;321110;2020-11-20 15:30:00-05:00
10.130000114440918;10.25;9.93000030517578;10.074999809265137;297006;2020-11-23 09:30:00-05:00
10.074999809265137;10.220000267028809;10.0600004196167;10.210000038146973;165156;2020-11-23 10:30:00-05:00
10.199999809265137;10.220000267028809;10.109999656677246;10.21500015258789;127244;2020-11-23 11:30:00-05:00
10.21500015258789;10.260000228881836;10.140000343322754;10.244999885559082;161316;2020-11-23 12:30:00-05:00
10.25;10.300000190734863;10.239999771118164;10.255000114440918;129409;2020-11-23 13:30:00-05:00
10.260000228881836;10.350000381469728;10.255000114440918;10.3100004196167;311891;2020-11-23 14:30:00-05:00
10.3100004196167;10.329999923706056;10.220000267028809;10.239999771118164;400185;2020-11-23 15:30:00-05:00
10.31999969482422;10.479999542236328;10.239999771118164;10.43000030517578;228067;2020-11-24 09:30:00-05:00
10.425000190734863;10.675000190734863;10.399999618530272;10.654999732971191;235491;2020-11-24 10:30:00-05:00
10.65999984741211;10.65999984741211;10.520000457763672;10.550000190734863;192354;2020-11-24 11:30:00-05:00
10.545000076293944;10.59000015258789;10.505000114440918;10.55500030517578;121579;2020-11-24 12:30:00-05:00
10.5600004196167;10.574999809265137;10.5;10.5;106868;2020-11-24 13:30:00-05:00
10.5;10.600000381469728;10.5;10.585000038146973;155907;2020-11-24 14:30:00-05:00
10.585000038146973;10.59000015258789;10.520000457763672;10.550000190734863;241460;2020-11-24 15:30:00-05:00
10.579999923706056;10.68000030517578;10.359999656677246;10.458200454711914;228876;2020-11-25 09:30:00-05:00
10.460000038146973;10.574999809265137;10.449999809265137;10.550000190734863;166811;2020-11-25 10:30:00-05:00
10.550000190734863;10.670000076293944;10.550000190734863;10.635000228881836;120793;2020-11-25 11:30:00-05:00
10.640000343322754;10.710000038146973;10.63249969482422;10.65250015258789;116404;2020-11-25 12:30:00-05:00
10.654999732971191;10.75;10.654999732971191;10.69499969482422;142380;2020-11-25 13:30:00-05:00
10.69499969482422;10.729999542236328;10.649999618530272;10.685199737548828;116837;2020-11-25 14:30:00-05:00
10.6850004196167;10.729999542236328;10.649999618530272;10.720000267028809;174048;2020-11-25 15:30:00-05:00
10.800000190734863;10.81999969482422;10.420000076293944;10.46500015258789;442081;2020-11-27 09:30:00-05:00
10.46500015258789;10.59000015258789;10.449999809265137;10.505000114440918;279349;2020-11-27 10:30:00-05:00
10.505000114440918;10.59000015258789;10.470000267028809;10.539999961853027;231637;2020-11-27 11:30:00-05:00
10.53499984741211;10.625;10.489999771118164;10.5600004196167;0;2020-11-27 13:00:00-05:00
10.5600004196167;10.614999771118164;10.3149995803833;10.420000076293944;241875;2020-11-30 09:30:00-05:00
10.414999961853027;10.414999961853027;10.229999542236328;10.229999542236328;192654;2020-11-30 10:30:00-05:00
10.229999542236328;10.239999771118164;10.125;10.175000190734863;159175;2020-11-30 11:30:00-05:00
10.170000076293944;10.204999923706056;10.119999885559082;10.175000190734863;101420;2020-11-30 12:30:00-05:00
10.175000190734863;10.239999771118164;10.15999984741211;10.204999923706056;132801;2020-11-30 13:30:00-05:00
10.204999923706056;10.255000114440918;10.170000076293944;10.18000030517578;184604;2020-11-30 14:30:00-05:00
10.18000030517578;10.3100004196167;10.18000030517578;10.279999732971191;475859;2020-11-30 15:30:00-05:00
10.359999656677246;10.539999961853027;10.3149995803833;10.359999656677246;450800;2020-12-01 09:30:00-05:00
10.359999656677246;10.390000343322754;10.229999542236328;10.3149995803833;430932;2020-12-01 10:30:00-05:00
10.3149995803833;10.390000343322754;10.260000228881836;10.375;170177;2020-12-01 11:30:00-05:00
10.369999885559082;10.369999885559082;10.270000457763672;10.300000190734863;218712;2020-12-01 12:30:00-05:00
10.300000190734863;10.3100004196167;10.260000228881836;10.295000076293944;179173;2020-12-01 13:30:00-05:00
10.295000076293944;10.460000038146973;10.279999732971191;10.454999923706056;350875;2020-12-01 14:30:00-05:00
10.46500015258789;10.479999542236328;10.43000030517578;10.460000038146973;292024;2020-12-01 15:30:00-05:00
10.350000381469728;10.460000038146973;10.25;10.369999885559082;195462;2020-12-02 09:30:00-05:00
10.364999771118164;10.449999809265137;10.3100004196167;10.324999809265137;403959;2020-12-02 10:30:00-05:00
10.324999809265137;10.420000076293944;10.28660011291504;10.40999984741211;147525;2020-12-02 11:30:00-05:00
10.40999984741211;10.460000038146973;10.350000381469728;10.354999542236328;258214;2020-12-02 12:30:00-05:00
10.359999656677246;10.460000038146973;10.34000015258789;10.425000190734863;175351;2020-12-02 13:30:00-05:00
10.43000030517578;10.479999542236328;10.414999961853027;10.470000267028809;190268;2020-12-02 14:30:00-05:00
10.470000267028809;10.470000267028809;10.43000030517578;10.43000030517578;173342;2020-12-02 15:30:00-05:00
10.460000038146973;10.609999656677246;10.460000038146973;10.5;387578;2020-12-03 09:30:00-05:00
10.489999771118164;10.65999984741211;10.489999771118164;10.604999542236328;485823;2020-12-03 10:30:00-05:00
10.600000381469728;10.68000030517578;10.5649995803833;10.604999542236328;361753;2020-12-03 11:30:00-05:00
10.600000381469728;10.670000076293944;10.595000267028809;10.640000343322754;133938;2020-12-03 12:30:00-05:00
10.630000114440918;10.640000343322754;10.539999961853027;10.55500030517578;127558;2020-12-03 13:30:00-05:00
10.55500030517578;10.630000114440918;10.550000190734863;10.604999542236328;94100;2020-12-03 14:30:00-05:00
10.604999542236328;10.609999656677246;10.5;10.550000190734863;285646;2020-12-03 15:30:00-05:00
10.579999923706056;10.94499969482422;10.515000343322754;10.899999618530272;420946;2020-12-04 09:30:00-05:00
10.90999984741211;11.3100004196167;10.890000343322754;11.270000457763672;474266;2020-12-04 10:30:00-05:00
11.270000457763672;11.34000015258789;11.170000076293944;11.1899995803833;279924;2020-12-04 11:30:00-05:00
11.199999809265137;11.279999732971191;11.182100296020508;11.229999542236328;183688;2020-12-04 12:30:00-05:00
11.239999771118164;11.260000228881836;11.130000114440918;11.140000343322754;220972;2020-12-04 13:30:00-05:00
11.130000114440918;11.15999984741211;11.06999969482422;11.140000343322754;261855;2020-12-04 14:30:00-05:00
11.140000343322754;11.218199729919434;11.109999656677246;11.199999809265137;335038;2020-12-04 15:30:00-05:00
11.25;11.859999656677246;11.25;11.470000267028809;923730;2020-12-07 09:30:00-05:00
11.478799819946287;11.478799819946287;11.31999969482422;11.40999984741211;308622;2020-12-07 10:30:00-05:00
11.414999961853027;11.420000076293944;11.260000228881836;11.359999656677246;210729;2020-12-07 11:30:00-05:00
11.359999656677246;11.364999771118164;11.270000457763672;11.274999618530272;126830;2020-12-07 12:30:00-05:00
11.279999732971191;11.34000015258789;11.225000381469728;11.31999969482422;162424;2020-12-07 13:30:00-05:00
11.329999923706056;11.4350004196167;11.3100004196167;11.380000114440918;375318;2020-12-07 14:30:00-05:00
11.390000343322754;11.395000457763672;11.199999809265137;11.270000457763672;981003;2020-12-07 15:30:00-05:00
11.38319969177246;11.385000228881836;10.859999656677246;10.989999771118164;704441;2020-12-08 09:30:00-05:00
10.989999771118164;11.065099716186523;10.979999542236328;11.039999961853027;290115;2020-12-08 10:30:00-05:00
11.03499984741211;11.100000381469728;11.0;11.020000457763672;351940;2020-12-08 11:30:00-05:00
11.020000457763672;11.029999732971191;10.890000343322754;10.899999618530272;217440;2020-12-08 12:30:00-05:00
10.899999618530272;10.949999809265137;10.850000381469728;10.899999618530272;235000;2020-12-08 13:30:00-05:00
10.89459991455078;10.9399995803833;10.770000457763672;10.899999618530272;483477;2020-12-08 14:30:00-05:00
10.899999618530272;11.06999969482422;10.880000114440918;11.024999618530272;422618;2020-12-08 15:30:00-05:00
11.06999969482422;11.210000038146973;11.020000457763672;11.119999885559082;0;2020-12-09 09:30:00-05:00
11.119999885559082;11.149999618530272;10.979999542236328;11.06999969482422;235852;2020-12-09 10:30:00-05:00
11.064000129699709;11.095000267028809;10.994999885559082;11.029999732971191;142216;2020-12-09 11:30:00-05:00
11.039999961853027;11.050000190734863;10.920000076293944;10.9350004196167;123256;2020-12-09 12:30:00-05:00
10.93000030517578;11.075499534606934;10.899999618530272;11.0649995803833;203423;2020-12-09 13:30:00-05:00
11.0600004196167;11.06999969482422;10.989999771118164;11.045000076293944;116379;2020-12-09 14:30:00-05:00
11.050000190734863;11.100000381469728;11.024999618530272;11.0600004196167;225959;2020-12-09 15:30:00-05:00
11.0;11.140000343322754;10.93000030517578;11.079999923706056;337921;2020-12-10 09:30:00-05:00
11.079999923706056;11.170000076293944;11.050000190734863;11.114999771118164;291276;2020-12-10 10:30:00-05:00
11.119999885559082;11.119999885559082;10.970000267028809;11.012999534606934;303924;2020-12-10 11:30:00-05:00
11.020000457763672;11.06999969482422;10.989999771118164;11.03499984741211;133271;2020-12-10 12:30:00-05:00
11.029999732971191;11.050000190734863;10.970000267028809;10.989999771118164;180360;2020-12-10 13:30:00-05:00
10.989999771118164;11.050000190734863;10.970000267028809;11.020000457763672;252945;2020-12-10 14:30:00-05:00
11.029999732971191;11.0600004196167;10.989999771118164;11.029999732971191;810544;2020-12-10 15:30:00-05:00
11.050000190734863;11.149999618530272;10.979999542236328;11.050000190734863;203138;2020-12-11 09:30:00-05:00
11.0600004196167;11.0600004196167;10.960000038146973;11.0;159248;2020-12-11 10:30:00-05:00
11.0;11.020000457763672;10.93000030517578;10.979999542236328;245836;2020-12-11 11:30:00-05:00
10.979999542236328;11.03499984741211;10.975000381469728;11.01360034942627;224519;2020-12-11 12:30:00-05:00
11.020000457763672;11.029999732971191;10.970000267028809;11.019200325012209;132639;2020-12-11 13:30:00-05:00
11.015000343322754;11.050000190734863;10.970000267028809;11.015000343322754;282112;2020-12-11 14:30:00-05:00
11.020000457763672;11.045000076293944;10.960000038146973;10.970000267028809;565657;2020-12-11 15:30:00-05:00
10.989999771118164;11.289999961853027;10.9399995803833;11.239999771118164;1061267;2020-12-14 09:30:00-05:00
11.229999542236328;11.300000190734863;10.989999771118164;11.0;587426;2020-12-14 10:30:00-05:00
10.994999885559082;11.095000267028809;10.9399995803833;11.03499984741211;594745;2020-12-14 11:30:00-05:00
11.039999961853027;11.050000190734863;10.9350004196167;10.994999885559082;218522;2020-12-14 12:30:00-05:00
10.989999771118164;11.0600004196167;10.970000267028809;11.045000076293944;283881;2020-12-14 13:30:00-05:00
11.050000190734863;11.079999923706056;10.960000038146973;11.029999732971191;402214;2020-12-14 14:30:00-05:00
11.024999618530272;11.0600004196167;10.989999771118164;11.005000114440918;502303;2020-12-14 15:30:00-05:00
11.010000228881836;11.170000076293944;10.920000076293944;11.06999969482422;541684;2020-12-15 09:30:00-05:00
11.06999969482422;11.100000381469728;10.941200256347656;10.954999923706056;443352;2020-12-15 10:30:00-05:00
10.954999923706056;11.050000190734863;10.859999656677246;11.020000457763672;362375;2020-12-15 11:30:00-05:00
11.024999618530272;11.085000038146973;10.994999885559082;11.029999732971191;282092;2020-12-15 12:30:00-05:00
11.029999732971191;11.0600004196167;10.979999542236328;11.010000228881836;280721;2020-12-15 13:30:00-05:00
11.015000343322754;11.050000190734863;10.970000267028809;11.029999732971191;351799;2020-12-15 14:30:00-05:00
11.024999618530272;11.050000190734863;10.984999656677246;11.050000190734863;628975;2020-12-15 15:30:00-05:00
11.029999732971191;11.229999542236328;11.0;11.119999885559082;529341;2020-12-16 09:30:00-05:00
11.119999885559082;11.130000114440918;11.020000457763672;11.095000267028809;664169;2020-12-16 10:30:00-05:00
11.09000015258789;11.140000343322754;11.029999732971191;11.053500175476074;366700;2020-12-16 11:30:00-05:00
11.050000190734863;11.095000267028809;11.029999732971191;11.085000038146973;136443;2020-12-16 12:30:00-05:00
11.09000015258789;11.135000228881836;11.029999732971191;11.104999542236328;404969;2020-12-16 13:30:00-05:00
11.109999656677246;11.140000343322754;11.029999732971191;11.095000267028809;534613;2020-12-16 14:30:00-05:00
11.095000267028809;11.109999656677246;11.0600004196167;11.079999923706056;396189;2020-12-16 15:30:00-05:00
11.10099983215332;11.890000343322754;11.10099983215332;11.529999732971191;1080810;2020-12-17 09:30:00-05:00
11.529999732971191;11.670000076293944;11.460000038146973;11.539999961853027;443187;2020-12-17 10:30:00-05:00
11.53499984741211;11.600000381469728;11.479999542236328;11.5600004196167;381881;2020-12-17 11:30:00-05:00
11.5600004196167;11.6899995803833;11.489999771118164;11.652999877929688;572387;2020-12-17 12:30:00-05:00
11.654999732971191;11.69499969482422;11.5;11.670000076293944;672198;2020-12-17 13:30:00-05:00
11.675000190734863;11.720000267028809;11.630000114440918;11.649999618530272;424716;2020-12-17 14:30:00-05:00
11.645000457763672;11.710000038146973;11.489999771118164;11.6899995803833;969223;2020-12-17 15:30:00-05:00
11.710000038146973;11.720000267028809;11.385000228881836;11.494999885559082;747854;2020-12-18 09:30:00-05:00
11.491700172424316;11.494999885559082;11.350000381469728;11.385000228881836;293488;2020-12-18 10:30:00-05:00
11.385000228881836;11.4399995803833;11.279999732971191;11.43000030517578;242605;2020-12-18 11:30:00-05:00
11.43000030517578;11.454999923706056;11.31999969482422;11.34000015258789;265711;2020-12-18 12:30:00-05:00
11.34000015258789;11.404999732971191;11.300000190734863;11.31999969482422;209325;2020-12-18 13:30:00-05:00
11.31999969482422;11.324999809265137;11.125;11.1899995803833;389379;2020-12-18 14:30:00-05:00
11.19499969482422;11.3100004196167;11.15999984741211;11.239999771118164;852204;2020-12-18 15:30:00-05:00
11.020000457763672;11.1899995803833;10.869999885559082;11.029999732971191;301761;2020-12-21 09:30:00-05:00
11.020000457763672;11.050000190734863;10.914999961853027;10.960000038146973;202663;2020-12-21 10:30:00-05:00
10.965499877929688;11.029999732971191;10.899999618530272;11.01449966430664;236745;2020-12-21 11:30:00-05:00
11.020000457763672;11.119999885559082;11.012399673461914;11.09000015258789;122302;2020-12-21 12:30:00-05:00
11.100000381469728;11.225000381469728;11.100000381469728;11.210000038146973;141557;2020-12-21 13:30:00-05:00
11.210000038146973;11.210000038146973;11.0;11.039999961853027;364287;2020-12-21 14:30:00-05:00
11.04599952697754;11.199999809265137;11.020000457763672;11.1899995803833;235173;2020-12-21 15:30:00-05:00
11.170000076293944;11.529999732971191;11.09000015258789;11.529999732971191;251836;2020-12-22 09:30:00-05:00
11.524999618530272;11.6850004196167;11.494999885559082;11.670000076293944;184445;2020-12-22 10:30:00-05:00
11.68000030517578;11.739999771118164;11.529999732971191;11.574999809265137;290154;2020-12-22 11:30:00-05:00
11.574999809265137;11.59000015258789;11.5;11.55500030517578;246851;2020-12-22 12:30:00-05:00
11.550000190734863;11.59000015258789;11.449999809265137;11.550000190734863;473668;2020-12-22 13:30:00-05:00
11.5600004196167;11.56999969482422;11.5;11.5;185192;2020-12-22 14:30:00-05:00
11.489999771118164;11.550000190734863;11.460000038146973;11.529999732971191;322737;2020-12-22 15:30:00-05:00
11.539999961853027;11.729999542236328;11.529999732971191;11.664999961853027;460706;2020-12-23 09:30:00-05:00
11.664999961853027;11.699999809265137;11.489999771118164;11.649999618530272;508395;2020-12-23 10:30:00-05:00
11.65999984741211;11.670000076293944;11.579999923706056;11.640000343322754;207013;2020-12-23 11:30:00-05:00
11.640000343322754;11.649999618530272;11.529999732971191;11.56999969482422;389347;2020-12-23 12:30:00-05:00
11.574999809265137;11.579999923706056;11.484999656677246;11.574999809265137;388986;2020-12-23 13:30:00-05:00
11.56999969482422;11.6899995803833;11.529999732971191;11.645000457763672;515426;2020-12-23 14:30:00-05:00
11.645000457763672;11.720000267028809;11.600000381469728;11.68000030517578;782770;2020-12-23 15:30:00-05:00
11.670000076293944;11.770000457763672;11.579999923706056;11.68000030517578;432137;2020-12-24 09:30:00-05:00
11.670000076293944;11.704999923706056;11.609999656677246;11.649999618530272;262696;2020-12-24 10:30:00-05:00
11.635000228881836;11.68000030517578;11.579999923706056;11.614999771118164;257640;2020-12-24 11:30:00-05:00
11.619999885559082;11.649999618530272;11.539999961853027;11.59000015258789;0;2020-12-24 13:00:00-05:00
11.710000038146973;11.789999961853027;11.614999771118164;11.619999885559082;217150;2020-12-28 09:30:00-05:00
11.619999885559082;11.619999885559082;11.491299629211426;11.524999618530272;168419;2020-12-28 10:30:00-05:00
11.524700164794922;11.65999984741211;11.510000228881836;11.649999618530272;133321;2020-12-28 11:30:00-05:00
11.65999984741211;11.725000381469728;11.635000228881836;11.710000038146973;181586;2020-12-28 12:30:00-05:00
11.710000038146973;11.710000038146973;11.5600004196167;11.619999885559082;332473;2020-12-28 13:30:00-05:00
11.619999885559082;11.675000190734863;11.609999656677246;11.65999984741211;314716;2020-12-28 14:30:00-05:00
11.649999618530272;11.704999923706056;11.609999656677246;11.640000343322754;828737;2020-12-28 15:30:00-05:00
11.68000030517578;11.800000190734863;11.470000267028809;11.59000015258789;199386;2020-12-29 09:30:00-05:00
11.595000267028809;11.625;11.541799545288086;11.609999656677246;114919;2020-12-29 10:30:00-05:00
11.6072998046875;11.649999618530272;11.510000228881836;11.515000343322754;109865;2020-12-29 11:30:00-05:00
11.510000228881836;11.59000015258789;11.449999809265137;11.5649995803833;144620;2020-12-29 12:30:00-05:00
11.56999969482422;11.625;11.55500030517578;11.604999542236328;111948;2020-12-29 13:30:00-05:00
11.601699829101562;11.6850004196167;11.59000015258789;11.678999900817873;168804;2020-12-29 14:30:00-05:00
11.670000076293944;11.6850004196167;11.630000114440918;11.649999618530272;191037;2020-12-29 15:30:00-05:00
11.670000076293944;11.720000267028809;11.600000381469728;11.670000076293944;280411;2020-12-30 09:30:00-05:00
11.664999961853027;11.6850004196167;11.609999656677246;11.65999984741211;160182;2020-12-30 10:30:00-05:00
11.654999732971191;11.699999809265137;11.600000381469728;11.664999961853027;531025;2020-12-30 11:30:00-05:00
11.670000076293944;11.720000267028809;11.609999656677246;11.654999732971191;433771;2020-12-30 12:30:00-05:00
11.65999984741211;11.720000267028809;11.640000343322754;11.699999809265137;497600;2020-12-30 13:30:00-05:00
11.699999809265137;11.699999809265137;11.609999656677246;11.649999618530272;277729;2020-12-30 14:30:00-05:00
11.649999618530272;11.68000030517578;11.619999885559082;11.640000343322754;397739;2020-12-30 15:30:00-05:00
11.640000343322754;11.800000190734863;11.539999961853027;11.725000381469728;240016;2020-12-31 09:30:00-05:00
11.729999542236328;11.779999732971191;11.630000114440918;11.699999809265137;334400;2020-12-31 10:30:00-05:00
11.699999809265137;11.720000267028809;11.670000076293944;11.68000030517578;163388;2020-12-31 11:30:00-05:00
11.68000030517578;11.699999809265137;11.645000457763672;11.68000030517578;216950;2020-12-31 12:30:00-05:00
11.68000030517578;11.71500015258789;11.630000114440918;11.6850004196167;425288;2020-12-31 13:30:00-05:00
11.6899995803833;11.739999771118164;11.640000343322754;11.729999542236328;572567;2020-12-31 14:30:00-05:00
11.729999542236328;11.789999961853027;11.68000030517578;11.729999542236328;643480;2020-12-31 15:30:00-05:00
11.85420036315918;11.899999618530272;11.57009983062744;11.600000381469728;626069;2021-01-04 09:30:00-05:00
11.600000381469728;11.609999656677246;11.449999809265137;11.5;267168;2021-01-04 10:30:00-05:00
11.5;11.55500030517578;11.449999809265137;11.484999656677246;208569;2021-01-04 11:30:00-05:00
11.489999771118164;11.60830020904541;11.44499969482422;11.56999969482422;161636;2021-01-04 12:30:00-05:00
11.574999809265137;11.625;11.550000190734863;11.56999969482422;146046;2021-01-04 13:30:00-05:00
11.574999809265137;11.635000228881836;11.550000190734863;11.59000015258789;165089;2021-01-04 14:30:00-05:00
11.59000015258789;11.6899995803833;11.579999923706056;11.649999618530272;316319;2021-01-04 15:30:00-05:00
11.699999809265137;12.028300285339355;11.699999809265137;12.028300285339355;335580;2021-01-05 09:30:00-05:00
12.029999732971191;12.190099716186523;12.029999732971191;12.18000030517578;262371;2021-01-05 10:30:00-05:00
12.18000030517578;12.399999618530272;12.18000030517578;12.390600204467772;252937;2021-01-05 11:30:00-05:00
12.399900436401367;12.449999809265137;12.1899995803833;12.204999923706056;402045;2021-01-05 12:30:00-05:00
12.204999923706056;12.229999542236328;12.010000228881836;12.010000228881836;639554;2021-01-05 13:30:00-05:00
12.015000343322754;12.119999885559082;11.979999542236328;12.039899826049805;346995;2021-01-05 14:30:00-05:00
12.039999961853027;12.0600004196167;11.970000267028809;11.970000267028809;425199;2021-01-05 15:30:00-05:00
12.09000015258789;12.149999618530272;11.899999618530272;11.899999618530272;366912;2021-01-06 09:30:00-05:00
11.899999618530272;12.0649995803833;11.850000381469728;12.0;280887;2021-01-06 10:30:00-05:00
11.989999771118164;12.0600004196167;11.949999809265137;12.050000190734863;371072;2021-01-06 11:30:00-05:00
12.050000190734863;12.100000381469728;12.029999732971191;12.060099601745604;212957;2021-01-06 12:30:00-05:00
12.06999969482422;12.140000343322754;11.949999809265137;11.96500015258789;685304;2021-01-06 13:30:00-05:00
11.954999923706056;11.979999542236328;11.760000228881836;11.845000267028809;255545;2021-01-06 14:30:00-05:00
11.84000015258789;11.989999771118164;11.789999961853027;11.93000030517578;636005;2021-01-06 15:30:00-05:00
11.9399995803833;12.100000381469728;11.789999961853027;11.984999656677246;334826;2021-01-07 09:30:00-05:00
12.015000343322754;12.020000457763672;11.9350004196167;11.949999809265137;119904;2021-01-07 10:30:00-05:00
11.94499969482422;11.94499969482422;11.859999656677246;11.9350004196167;117257;2021-01-07 11:30:00-05:00
11.9350004196167;11.949999809265137;11.739999771118164;11.744999885559082;166289;2021-01-07 12:30:00-05:00
11.744999885559082;11.899999618530272;11.710000038146973;11.854999542236328;218819;2021-01-07 13:30:00-05:00
11.859999656677246;11.9399995803833;11.789999961853027;11.789999961853027;259329;2021-01-07 14:30:00-05:00
11.795000076293944;11.845000267028809;11.770000457763672;11.800000190734863;304310;2021-01-07 15:30:00-05:00
11.869999885559082;11.989999771118164;11.760000228881836;11.899999618530272;166682;2021-01-08 09:30:00-05:00
11.899999618530272;11.979999542236328;11.875;11.90470027923584;190395;2021-01-08 10:30:00-05:00
11.899999618530272;11.920000076293944;11.79580020904541;11.854999542236328;101078;2021-01-08 11:30:00-05:00
11.854999542236328;11.899999618530272;11.78499984741211;11.81999969482422;108428;2021-01-08 12:30:00-05:00
11.8149995803833;11.829999923706056;11.619999885559082;11.74489974975586;352685;2021-01-08 13:30:00-05:00
11.75;11.829999923706056;11.739999771118164;11.81999969482422;127910;2021-01-08 14:30:00-05:00
11.814000129699709;11.869999885559082;11.789999961853027;11.829999923706056;208020;2021-01-08 15:30:00-05:00
11.84000015258789;11.989999771118164;11.81999969482422;11.869999885559082;244058;2021-01-11 09:30:00-05:00
11.869999885559082;11.90999984741211;11.789999961853027;11.800000190734863;243183;2021-01-11 10:30:00-05:00
11.789999961853027;11.899999618530272;11.770000457763672;11.869999885559082;213042;2021-01-11 11:30:00-05:00
11.880000114440918;11.899999618530272;11.8100004196167;11.829999923706056;190044;2021-01-11 12:30:00-05:00
11.829999923706056;11.84000015258789;11.755000114440918;11.775099754333496;84752;2021-01-11 13:30:00-05:00
11.779999732971191;11.81999969482422;11.770000457763672;11.81999969482422;85924;2021-01-11 14:30:00-05:00
11.81999969482422;11.84000015258789;11.770000457763672;11.8100004196167;214417;2021-01-11 15:30:00-05:00
11.81999969482422;11.859999656677246;11.710000038146973;11.845000267028809;117722;2021-01-12 09:30:00-05:00
11.850000381469728;11.875;11.774999618530272;11.84000015258789;331529;2021-01-12 10:30:00-05:00
11.838700294494627;11.859999656677246;11.779999732971191;11.850000381469728;87913;2021-01-12 11:30:00-05:00
11.845000267028809;11.90999984741211;11.829999923706056;11.89050006866455;108118;2021-01-12 12:30:00-05:00
11.895000457763672;12.0;11.890000343322754;11.979999542236328;174157;2021-01-12 13:30:00-05:00
11.984999656677246;11.989999771118164;11.859999656677246;11.899999618530272;260758;2021-01-12 14:30:00-05:00
11.899999618530272;11.90999984741211;11.84000015258789;11.890000343322754;253335;2021-01-12 15:30:00-05:00
11.890000343322754;12.010000228881836;11.84000015258789;11.960000038146973;170055;2021-01-13 09:30:00-05:00
11.949999809265137;11.989999771118164;11.90999984741211;11.90999984741211;146076;2021-01-13 10:30:00-05:00
11.914999961853027;12.0;11.859999656677246;11.970000267028809;268074;2021-01-13 11:30:00-05:00
11.960000038146973;12.039999961853027;11.869999885559082;12.03499984741211;441591;2021-01-13 12:30:00-05:00
12.039999961853027;12.039999961853027;11.979999542236328;12.024999618530272;99428;2021-01-13 13:30:00-05:00
12.020000457763672;12.050000190734863;11.949999809265137;12.020000457763672;236604;2021-01-13 14:30:00-05:00
12.015000343322754;12.100000381469728;12.010000228881836;12.0600004196167;202415;2021-01-13 15:30:00-05:00
12.15999984741211;12.5;12.15999984741211;12.395000457763672;572384;2021-01-14 09:30:00-05:00
12.390000343322754;12.56999969482422;12.31999969482422;12.520000457763672;689926;2021-01-14 10:30:00-05:00
12.529999732971191;12.600000381469728;12.399999618530272;12.460000038146973;236419;2021-01-14 11:30:00-05:00
12.460000038146973;12.585000038146973;12.399999618530272;12.520000457763672;422020;2021-01-14 12:30:00-05:00
12.520000457763672;12.550000190734863;12.470000267028809;12.545000076293944;518771;2021-01-14 13:30:00-05:00
12.545000076293944;12.600000381469728;12.524999618530272;12.600000381469728;205735;2021-01-14 14:30:00-05:00
12.595000267028809;12.630000114440918;12.498299598693848;12.520000457763672;472387;2021-01-14 15:30:00-05:00
12.566800117492676;12.74820041656494;12.375;12.609999656677246;403745;2021-01-15 09:30:00-05:00
12.619999885559082;12.630000114440918;12.479999542236328;12.626299858093262;201883;2021-01-15 10:30:00-05:00
12.625;12.648300170898438;12.489999771118164;12.56999969482422;197742;2021-01-15 11:30:00-05:00
12.5649995803833;12.609999656677246;12.520000457763672;12.59000015258789;143327;2021-01-15 12:30:00-05:00
12.595000267028809;12.630000114440918;12.53499984741211;12.55500030517578;139312;2021-01-15 13:30:00-05:00
12.550999641418455;12.5600004196167;12.449999809265137;12.494999885559082;142834;2021-01-15 14:30:00-05:00
12.494999885559082;12.550000190734863;12.46500015258789;12.539999961853027;583893;2021-01-15 15:30:00-05:00
12.710000038146973;12.81999969482422;12.484999656677246;12.8100004196167;823851;2021-01-19 09:30:00-05:00
12.800000190734863;12.880000114440918;12.6899995803833;12.8149995803833;329342;2021-01-19 10:30:00-05:00
12.8149995803833;12.869999885559082;12.649999618530272;12.6899995803833;307817;2021-01-19 11:30:00-05:00
12.699999809265137;12.899999618530272;12.6899995803833;12.864999771118164;368787;2021-01-19 12:30:00-05:00
12.869999885559082;12.920000076293944;12.779999732971191;12.850000381469728;230438;2021-01-19 13:30:00-05:00
12.850000381469728;12.880000114440918;12.800000190734863;12.859999656677246;193451;2021-01-19 14:30:00-05:00
12.854999542236328;12.90999984741211;12.8100004196167;12.850000381469728;429151;2021-01-19 15:30:00-05:00
12.90999984741211;13.279999732971191;12.899999618530272;13.220000267028809;598815;2021-01-20 09:30:00-05:00
13.204999923706056;13.210000038146973;13.100000381469728;13.18000030517578;169798;2021-01-20 10:30:00-05:00
13.175000190734863;13.234999656677246;13.100000381469728;13.19499969482422;241518;2021-01-20 11:30:00-05:00
13.192899703979492;13.220000267028809;13.109999656677246;13.109999656677246;152442;2021-01-20 12:30:00-05:00
13.114999771118164;13.15999984741211;13.09000015258789;13.119999885559082;217352;2021-01-20 13:30:00-05:00
13.130000114440918;13.149999618530272;12.989999771118164;13.010000228881836;359201;2021-01-20 14:30:00-05:00
13.0;13.029999732971191;12.975000381469728;13.0;319407;2021-01-20 15:30:00-05:00
12.960000038146973;13.140000343322754;12.670000076293944;12.710000038146973;264908;2021-01-21 09:30:00-05:00
12.704999923706056;12.708900451660156;12.529999732971191;12.55500030517578;141610;2021-01-21 10:30:00-05:00
12.5600004196167;12.56999969482422;12.470000267028809;12.5600004196167;176792;2021-01-21 11:30:00-05:00
12.5600004196167;12.5600004196167;12.460000038146973;12.548199653625488;207911;2021-01-21 12:30:00-05:00
12.539999961853027;12.630000114440918;12.510000228881836;12.619999885559082;185118;2021-01-21 13:30:00-05:00
12.630000114440918;12.734999656677246;12.619999885559082;12.720000267028809;161194;2021-01-21 14:30:00-05:00
12.725000381469728;12.789999961853027;12.710000038146973;12.739999771118164;244032;2021-01-21 15:30:00-05:00
12.699999809265137;13.010000228881836;12.649999618530272;12.960000038146973;378781;2021-01-22 09:30:00-05:00
12.949999809265137;12.949999809265137;12.854999542236328;12.868200302124023;128911;2021-01-22 10:30:00-05:00
12.864999771118164;12.970000267028809;12.755000114440918;12.755000114440918;205233;2021-01-22 11:30:00-05:00
12.760000228881836;12.779999732971191;12.5600004196167;12.569100379943848;224258;2021-01-22 12:30:00-05:00
12.5649995803833;12.609999656677246;12.43000030517578;12.494999885559082;252360;2021-01-22 13:30:00-05:00
12.489999771118164;12.640000343322754;12.470000267028809;12.630000114440918;174517;2021-01-22 14:30:00-05:00
12.635000228881836;12.699999809265137;12.550000190734863;12.6899995803833;333973;2021-01-22 15:30:00-05:00
12.6899995803833;12.864999771118164;12.59000015258789;12.864999771118164;230920;2021-01-25 09:30:00-05:00
12.850000381469728;12.93000030517578;12.649999618530272;12.699999809265137;163688;2021-01-25 10:30:00-05:00
12.699999809265137;12.795000076293944;12.670000076293944;12.779999732971191;246222;2021-01-25 11:30:00-05:00
12.779999732971191;12.859999656677246;12.739999771118164;12.765000343322754;406033;2021-01-25 12:30:00-05:00
12.765000343322754;12.800000190734863;12.699999809265137;12.795000076293944;308269;2021-01-25 13:30:00-05:00
12.795000076293944;12.84000015258789;12.68000030517578;12.81999969482422;541726;2021-01-25 14:30:00-05:00
12.8149995803833;12.850000381469728;12.760000228881836;12.770000457763672;529796;2021-01-25 15:30:00-05:00
12.92389965057373;12.970000267028809;12.729999542236328;12.90999984741211;387698;2021-01-26 09:30:00-05:00
12.920000076293944;12.949999809265137;12.779999732971191;12.795000076293944;150633;2021-01-26 10:30:00-05:00
12.795000076293944;12.795000076293944;12.699999809265137;12.755000114440918;76784;2021-01-26 11:30:00-05:00
12.75;12.81999969482422;12.734999656677246;12.817700386047363;66411;2021-01-26 12:30:00-05:00
12.81999969482422;12.890000343322754;12.8100004196167;12.850000381469728;103840;2021-01-26 13:30:00-05:00
12.850000381469728;12.890000343322754;12.81999969482422;12.84000015258789;137846;2021-01-26 14:30:00-05:00
12.850000381469728;12.859999656677246;12.75;12.779999732971191;329961;2021-01-26 15:30:00-05:00
12.59000015258789;12.760000228881836;12.510000228881836;12.75;520088;2021-01-27 09:30:00-05:00
12.75;12.96500015258789;12.739999771118164;12.890000343322754;599293;2021-01-27 10:30:00-05:00
12.890000343322754;12.93000030517578;12.68000030517578;12.69499969482422;333119;2021-01-27 11:30:00-05:00
12.6899995803833;12.854999542236328;12.640000343322754;12.710000038146973;416287;2021-01-27 12:30:00-05:00
12.710000038146973;12.770000457763672;12.579999923706056;12.645000457763672;339280;2021-01-27 13:30:00-05:00
12.645000457763672;12.649999618530272;12.52180004119873;12.56999969482422;266399;2021-01-27 14:30:00-05:00
12.5600004196167;12.5600004196167;12.449999809265137;12.460000038146973;461030;2021-01-27 15:30:00-05:00
12.449999809265137;12.609999656677246;12.420000076293944;12.529999732971191;232308;2021-01-28 09:30:00-05:00
12.550000190734863;12.5600004196167;12.354999542236328;12.385000228881836;198600;2021-01-28 10:30:00-05:00
12.390000343322754;12.420000076293944;12.234999656677246;12.239999771118164;204873;2021-01-28 11:30:00-05:00
12.234999656677246;12.34000015258789;12.149999618530272;12.308199882507324;195196;2021-01-28 12:30:00-05:00
12.30500030517578;12.40999984741211;12.260000228881836;12.31999969482422;312497;2021-01-28 13:30:00-05:00
12.31999969482422;12.364999771118164;12.265000343322754;12.270000457763672;313112;2021-01-28 14:30:00-05:00
12.270000457763672;12.3100004196167;12.199999809265137;12.229999542236328;399868;2021-01-28 15:30:00-05:00
12.239999771118164;12.390000343322754;12.09000015258789;12.390000343322754;277217;2021-01-29 09:30:00-05:00
12.390000343322754;12.529999732971191;12.380000114440918;12.470000267028809;222818;2021-01-29 10:30:00-05:00
12.46500015258789;12.470000267028809;12.345000267028809;12.370100021362305;198174;2021-01-29 11:30:00-05:00
12.375;12.375;12.239999771118164;12.31999969482422;224161;2021-01-29 12:30:00-05:00
12.324999809265137;12.380000114440918;12.229999542236328;12.329999923706056;274392;2021-01-29 13:30:00-05:00
12.324999809265137;12.369999885559082;12.234999656677246;12.335000038146973;182538;2021-01-29 14:30:00-05:00
12.335000038146973;12.369999885559082;12.210000038146973;12.279999732971191;1141174;2021-01-29 15:30:00-05:00
12.31999969482422;12.5;12.210100173950195;12.460000038146973;591214;2021-02-01 09:30:00-05:00
12.470000267028809;12.56999969482422;12.3100004196167;12.539999961853027;747918;2021-02-01 10:30:00-05:00
12.54010009765625;12.579999923706056;12.399999618530272;12.470000267028809;200890;2021-02-01 11:30:00-05:00
12.460100173950195;12.470000267028809;12.390000343322754;12.43000030517578;93326;2021-02-01 12:30:00-05:00
12.4399995803833;12.470000267028809;12.390000343322754;12.46500015258789;147643;2021-02-01 13:30:00-05:00
12.460000038146973;12.59000015258789;12.385000228881836;12.55500030517578;443671;2021-02-01 14:30:00-05:00
12.550000190734863;12.640000343322754;12.520000457763672;12.630000114440918;331738;2021-02-01 15:30:00-05:00
12.699999809265137;12.880000114440918;12.609999656677246;12.729999542236328;532552;2021-02-02 09:30:00-05:00
12.729999542236328;12.7524995803833;12.640000343322754;12.711799621582031;145711;2021-02-02 10:30:00-05:00
12.710100173950195;12.789999961853027;12.670000076293944;12.75;186405;2021-02-02 11:30:00-05:00
12.744999885559082;12.779999732971191;12.630000114440918;12.75;277710;2021-02-02 12:30:00-05:00
12.744999885559082;12.755000114440918;12.640000343322754;12.734999656677246;447237;2021-02-02 13:30:00-05:00
12.734999656677246;12.869999885559082;12.734999656677246;12.779999732971191;470927;2021-02-02 14:30:00-05:00
12.779999732971191;12.78499984741211;12.56999969482422;12.609999656677246;762670;2021-02-02 15:30:00-05:00
12.56999969482422;12.699999809265137;12.510000228881836;12.574999809265137;201050;2021-02-03 09:30:00-05:00
12.5600004196167;12.579999923706056;12.475000381469728;12.550000190734863;161897;2021-02-03 10:30:00-05:00
12.550000190734863;12.625;12.510000228881836;12.579999923706056;205694;2021-02-03 11:30:00-05:00
12.579999923706056;12.630000114440918;12.529999732971191;12.59000015258789;227658;2021-02-03 12:30:00-05:00
12.59000015258789;12.619999885559082;12.5600004196167;12.59000015258789;101343;2021-02-03 13:30:00-05:00
12.59000015258789;12.600000381469728;12.460000038146973;12.46500015258789;215256;2021-02-03 14:30:00-05:00
12.46500015258789;12.510000228881836;12.43000030517578;12.4399995803833;360721;2021-02-03 15:30:00-05:00
12.399999618530272;12.489999771118164;12.170000076293944;12.470000267028809;294113;2021-02-04 09:30:00-05:00
12.460000038146973;12.520000457763672;12.420000076293944;12.4399995803833;175231;2021-02-04 10:30:00-05:00
12.44499969482422;12.520000457763672;12.43000030517578;12.510000228881836;115645;2021-02-04 11:30:00-05:00
12.515000343322754;12.55500030517578;12.460000038146973;12.550000190734863;256346;2021-02-04 12:30:00-05:00
12.5600004196167;12.579999923706056;12.449999809265137;12.460000038146973;312084;2021-02-04 13:30:00-05:00
12.470000267028809;12.529999732971191;12.470000267028809;12.489999771118164;110544;2021-02-04 14:30:00-05:00
12.484999656677246;12.520000457763672;12.460000038146973;12.510000228881836;275995;2021-02-04 15:30:00-05:00
12.59000015258789;12.779999732971191;12.510000228881836;12.75;491437;2021-02-05 09:30:00-05:00
12.75;12.770000457763672;12.630000114440918;12.666500091552734;283548;2021-02-05 10:30:00-05:00
12.670000076293944;12.739999771118164;12.649999618530272;12.670000076293944;88302;2021-02-05 11:30:00-05:00
12.665399551391602;12.68000030517578;12.619999885559082;12.640000343322754;96393;2021-02-05 12:30:00-05:00
12.645000457763672;12.645000457763672;12.579999923706056;12.604999542236328;95000;2021-02-05 13:30:00-05:00
12.609999656677246;12.710000038146973;12.59000015258789;12.630000114440918;256970;2021-02-05 14:30:00-05:00
12.640000343322754;12.675000190734863;12.56999969482422;12.579999923706056;254028;2021-02-05 15:30:00-05:00
12.84000015258789;12.90999984741211;12.630000114440918;12.800000190734863;690107;2021-02-08 09:30:00-05:00
12.800000190734863;12.84000015258789;12.739999771118164;12.80500030517578;190890;2021-02-08 10:30:00-05:00
12.80500030517578;12.864999771118164;12.744999885559082;12.774999618530272;346702;2021-02-08 11:30:00-05:00
12.774999618530272;12.81999969482422;12.739999771118164;12.744999885559082;148046;2021-02-08 12:30:00-05:00
12.739999771118164;12.81999969482422;12.670000076293944;12.8100004196167;437078;2021-02-08 13:30:00-05:00
12.800000190734863;12.850000381469728;12.789999961853027;12.829999923706056;265418;2021-02-08 14:30:00-05:00
12.837599754333496;12.880000114440918;12.699999809265137;12.81999969482422;453089;2021-02-08 15:30:00-05:00
12.880000114440918;12.960000038146973;12.774999618530272;12.774999618530272;240089;2021-02-09 09:30:00-05:00
12.770000457763672;12.954999923706056;12.739999771118164;12.948200225830078;203637;2021-02-09 10:30:00-05:00
12.949999809265137;13.15999984741211;12.854999542236328;13.109999656677246;805148;2021-02-09 11:30:00-05:00
13.109999656677246;13.244999885559082;13.09000015258789;13.19499969482422;223870;2021-02-09 12:30:00-05:00
13.1899995803833;13.25;13.1899995803833;13.229999542236328;157312;2021-02-09 13:30:00-05:00
13.239999771118164;13.289999961853027;13.130000114440918;13.220000267028809;446141;2021-02-09 14:30:00-05:00
13.21500015258789;13.270000457763672;13.130000114440918;13.15999984741211;327322;2021-02-09 15:30:00-05:00
13.270000457763672;13.390000343322754;13.25;13.32830047607422;405821;2021-02-10 09:30:00-05:00
13.329999923706056;13.390000343322754;13.210000038146973;13.3100004196167;310210;2021-02-10 10:30:00-05:00
13.3100004196167;13.3100004196167;13.15999984741211;13.220000267028809;199023;2021-02-10 11:30:00-05:00
13.21500015258789;13.220000267028809;13.029999732971191;13.170000076293944;396538;2021-02-10 12:30:00-05:00
13.15999984741211;13.19499969482422;13.050000190734863;13.079999923706056;304135;2021-02-10 13:30:00-05:00
13.079999923706056;13.149999618530272;13.050000190734863;13.079999923706056;255907;2021-02-10 14:30:00-05:00
13.079999923706056;13.09000015258789;13.05500030517578;13.079999923706056;339407;2021-02-10 15:30:00-05:00
13.06999969482422;13.282999992370604;12.94499969482422;13.170000076293944;461051;2021-02-11 09:30:00-05:00
13.15999984741211;13.270000457763672;13.125;13.168299674987791;241853;2021-02-11 10:30:00-05:00
13.15999984741211;13.1899995803833;12.960000038146973;12.975000381469728;178839;2021-02-11 11:30:00-05:00
12.97819995880127;13.085000038146973;12.97819995880127;13.05500030517578;198414;2021-02-11 12:30:00-05:00
13.050000190734863;13.050000190734863;12.9399995803833;12.989999771118164;128916;2021-02-11 13:30:00-05:00
12.998299598693848;13.020000457763672;12.970000267028809;13.001700401306152;162526;2021-02-11 14:30:00-05:00
13.0;13.079999923706056;12.979999542236328;13.029999732971191;449284;2021-02-11 15:30:00-05:00
12.989999771118164;13.024999618530272;12.920000076293944;13.005000114440918;185048;2021-02-12 09:30:00-05:00
13.0;13.09000015258789;12.9399995803833;13.085000038146973;87511;2021-02-12 10:30:00-05:00
13.09000015258789;13.119999885559082;13.029999732971191;13.029999732971191;88518;2021-02-12 11:30:00-05:00
13.03499984741211;13.03499984741211;12.960000038146973;12.984999656677246;139074;2021-02-12 12:30:00-05:00
12.984999656677246;13.0;12.970000267028809;12.989999771118164;96957;2021-02-12 13:30:00-05:00
12.984999656677246;13.0;12.970000267028809;12.989999771118164;108624;2021-02-12 14:30:00-05:00
12.989999771118164;13.06999969482422;12.96500015258789;12.989999771118164;226686;2021-02-12 15:30:00-05:00
12.949999809265137;13.079999923706056;12.84000015258789;12.899999618530272;230005;2021-02-16 09:30:00-05:00
12.899999618530272;12.899999618530272;12.720000267028809;12.739999771118164;161497;2021-02-16 10:30:00-05:00
12.729999542236328;12.774999618530272;12.65999984741211;12.729999542236328;186835;2021-02-16 11:30:00-05:00
12.729999542236328;12.75;12.65999984741211;12.720000267028809;137520;2021-02-16 12:30:00-05:00
12.710000038146973;12.845000267028809;12.710000038146973;12.84000015258789;184444;2021-02-16 13:30:00-05:00
12.829999923706056;12.920000076293944;12.8100004196167;12.920000076293944;118944;2021-02-16 14:30:00-05:00
12.914999961853027;12.9399995803833;12.75;12.760000228881836;454015;2021-02-16 15:30:00-05:00
12.75;12.960000038146973;12.6766996383667;12.789999961853027;361792;2021-02-17 09:30:00-05:00
12.78499984741211;12.849900245666504;12.729999542236328;12.800000190734863;220113;2021-02-17 10:30:00-05:00
12.8100004196167;12.880000114440918;12.729999542236328;12.80500030517578;340780;2021-02-17 11:30:00-05:00
12.8100004196167;12.859999656677246;12.739999771118164;12.8100004196167;303053;2021-02-17 12:30:00-05:00
12.800000190734863;12.829999923706056;12.744999885559082;12.789999961853027;255942;2021-02-17 13:30:00-05:00
12.78499984741211;12.84000015258789;12.729999542236328;12.774999618530272;386606;2021-02-17 14:30:00-05:00
12.779999732971191;12.84000015258789;12.779999732971191;12.81999969482422;272505;2021-02-17 15:30:00-05:00
12.75;12.869999885559082;12.720000267028809;12.765000343322754;204989;2021-02-18 09:30:00-05:00
12.770000457763672;12.829999923706056;12.72700023651123;12.789999961853027;160374;2021-02-18 10:30:00-05:00
12.789899826049805;12.8100004196167;12.729999542236328;12.779999732971191;115065;2021-02-18 11:30:00-05:00
12.774999618530272;12.774999618530272;12.640000343322754;12.690099716186523;116938;2021-02-18 12:30:00-05:00
12.699999809265137;12.729999542236328;12.675000190734863;12.710000038146973;96556;2021-02-18 13:30:00-05:00
12.710000038146973;12.710000038146973;12.65999984741211;12.670000076293944;70231;2021-02-18 14:30:00-05:00
12.664999961853027;12.670000076293944;12.579999923706056;12.59000015258789;206416;2021-02-18 15:30:00-05:00
12.630000114440918;12.829999923706056;12.600000381469728;12.789999961853027;188862;2021-02-19 09:30:00-05:00
12.78499984741211;12.829999923706056;12.75;12.81999969482422;185451;2021-02-19 10:30:00-05:00
12.819600105285645;12.829999923706056;12.760000228881836;12.774999618530272;217641;2021-02-19 11:30:00-05:00
12.774999618530272;12.8100004196167;12.739999771118164;12.765000343322754;130492;2021-02-19 12:30:00-05:00
12.765000343322754;12.800000190734863;12.739999771118164;12.739999771118164;110140;2021-02-19 13:30:00-05:00
12.739999771118164;12.770000457763672;12.720000267028809;12.739999771118164;130423;2021-02-19 14:30:00-05:00
12.734999656677246;12.760000228881836;12.720000267028809;12.729999542236328;294521;2021-02-19 15:30:00-05:00
12.619999885559082;12.729999542236328;12.5;12.508000373840332;237575;2021-02-22 09:30:00-05:00
12.505000114440918;12.619999885559082;12.489999771118164;12.619999885559082;157313;2021-02-22 10:30:00-05:00
12.625;12.625;12.5600004196167;12.588299751281738;167845;2021-02-22 11:30:00-05:00
12.585000038146973;12.609999656677246;12.489999771118164;12.5;182309;2021-02-22 12:30:00-05:00
12.5;12.520000457763672;12.448200225830078;12.460000038146973;151228;2021-02-22 13:30:00-05:00
12.46500015258789;12.539999961853027;12.460000038146973;12.510000228881836;228969;2021-02-22 14:30:00-05:00
12.5;12.5600004196167;12.5;12.5600004196167;309890;2021-02-22 15:30:00-05:00
12.449999809265137;12.489999771118164;11.920000076293944;12.239999771118164;490451;2021-02-23 09:30:00-05:00
12.229999542236328;12.265000343322754;12.149999618530272;12.15999984741211;206456;2021-02-23 10:30:00-05:00
12.151700019836426;12.204999923706056;12.039999961853027;12.09000015258789;211708;2021-02-23 11:30:00-05:00
12.09000015258789;12.140000343322754;12.0;12.130000114440918;193630;2021-02-23 12:30:00-05:00
12.130000114440918;12.130000114440918;12.005000114440918;12.050000190734863;137714;2021-02-23 13:30:00-05:00
12.039999961853027;12.19499969482422;12.0;12.175000190734863;628800;2021-02-23 14:30:00-05:00
12.170000076293944;12.170000076293944;12.005000114440918;12.079999923706056;674050;2021-02-23 15:30:00-05:00
12.100000381469728;12.100000381469728;11.920000076293944;12.029999732971191;779435;2021-02-24 09:30:00-05:00
12.020000457763672;12.100000381469728;11.979999542236328;12.007699966430664;547678;2021-02-24 10:30:00-05:00
12.010000228881836;12.079999923706056;11.982500076293944;12.050000190734863;325571;2021-02-24 11:30:00-05:00
12.0600004196167;12.239999771118164;12.0600004196167;12.1899995803833;561161;2021-02-24 12:30:00-05:00
12.19499969482422;12.265000343322754;12.119999885559082;12.140000343322754;382397;2021-02-24 13:30:00-05:00
12.140000343322754;12.149999618530272;12.079999923706056;12.095000267028809;190467;2021-02-24 14:30:00-05:00
12.095000267028809;12.109999656677246;12.050000190734863;12.079999923706056;497532;2021-02-24 15:30:00-05:00
12.140000343322754;12.210000038146973;11.989999771118164;12.020000457763672;381958;2021-02-25 09:30:00-05:00
12.010000228881836;12.100000381469728;11.970000267028809;12.029999732971191;620512;2021-02-25 10:30:00-05:00
12.029999732971191;12.05500030517578;11.960000038146973;11.984999656677246;152294;2021-02-25 11:30:00-05:00
11.984999656677246;11.984999656677246;11.725000381469728;11.93000030517578;244330;2021-02-25 12:30:00-05:00
11.93000030517578;11.960000038146973;11.880000114440918;11.94499969482422;105886;2021-02-25 13:30:00-05:00
11.9399995803833;11.960000038146973;11.710000038146973;11.720000267028809;226596;2021-02-25 14:30:00-05:00
11.720000267028809;11.760000228881836;11.630000114440918;11.739999771118164;326231;2021-02-25 15:30:00-05:00
11.710000038146973;12.010000228881836;11.710000038146973;11.779999732971191;367432;2021-02-26 09:30:00-05:00
11.789999961853027;11.90999984741211;11.779999732971191;11.829999923706056;158412;2021-02-26 10:30:00-05:00
11.845000267028809;11.960000038146973;11.8149995803833;11.90999984741211;150794;2021-02-26 11:30:00-05:00
11.914999961853027;11.984999656677246;11.904999732971191;11.975000381469728;157963;2021-02-26 12:30:00-05:00
11.979999542236328;11.989999771118164;11.800000190734863;11.824999809265137;196018;2021-02-26 13:30:00-05:00
11.81999969482422;11.899999618530272;11.81999969482422;11.84000015258789;177768;2021-02-26 14:30:00-05:00
11.84000015258789;12.0;11.779999732971191;11.90999984741211;785940;2021-02-26 15:30:00-05:00
12.100000381469728;12.119999885559082;11.880000114440918;11.960000038146973;460502;2021-03-01 09:30:00-05:00
11.955900192260742;12.020000457763672;11.914999961853027;11.949999809265137;238560;2021-03-01 10:30:00-05:00
11.949999809265137;12.029999732971191;11.925000190734863;11.94499969482422;461816;2021-03-01 11:30:00-05:00
11.9399995803833;11.960000038146973;11.850000381469728;11.885000228881836;279484;2021-03-01 12:30:00-05:00
11.890000343322754;11.960000038146973;11.864999771118164;11.93000030517578;187627;2021-03-01 13:30:00-05:00
11.93000030517578;12.010000228881836;11.899999618530272;11.984999656677246;345797;2021-03-01 14:30:00-05:00
11.989999771118164;12.050000190734863;11.885000228881836;12.039999961853027;855113;2021-03-01 15:30:00-05:00
12.239999771118164;12.239999771118164;11.449999809265137;11.460000038146973;560401;2021-03-02 09:30:00-05:00
11.449999809265137;11.539999961853027;11.270000457763672;11.380000114440918;403173;2021-03-02 10:30:00-05:00
11.375;11.43000030517578;11.34000015258789;11.399999618530272;272809;2021-03-02 11:30:00-05:00
11.404999732971191;11.520000457763672;11.34000015258789;11.390000343322754;259835;2021-03-02 12:30:00-05:00
11.390000343322754;11.449999809265137;11.350000381469728;11.359999656677246;184705;2021-03-02 13:30:00-05:00
11.369999885559082;11.56999969482422;11.369999885559082;11.5649995803833;270084;2021-03-02 14:30:00-05:00
11.5649995803833;11.619999885559082;11.479999542236328;11.520000457763672;495040;2021-03-02 15:30:00-05:00
11.5600004196167;11.75;11.420000076293944;11.4399995803833;389970;2021-03-03 09:30:00-05:00
11.43000030517578;11.5600004196167;11.40999984741211;11.5600004196167;173927;2021-03-03 10:30:00-05:00
11.550000190734863;11.65999984741211;11.515000343322754;11.649499893188477;182370;2021-03-03 11:30:00-05:00
11.645000457763672;11.664999961853027;11.510000228881836;11.579999923706056;299994;2021-03-03 12:30:00-05:00
11.574999809265137;11.574999809265137;11.369999885559082;11.375;183679;2021-03-03 13:30:00-05:00
11.385000228881836;11.43000030517578;11.279999732971191;11.300000190734863;264508;2021-03-03 14:30:00-05:00
11.300000190734863;11.3100004196167;11.199999809265137;11.199999809265137;399338;2021-03-03 15:30:00-05:00
11.1899995803833;11.289999961853027;10.779999732971191;10.84000015258789;483183;2021-03-04 09:30:00-05:00
10.84000015258789;10.990099906921388;10.829999923706056;10.93000030517578;239033;2021-03-04 10:30:00-05:00
10.920000076293944;11.020000457763672;10.76200008392334;10.800000190734863;257132;2021-03-04 11:30:00-05:00
10.800000190734863;10.800000190734863;10.479999542236328;10.545000076293944;496474;2021-03-04 12:30:00-05:00
10.5600004196167;10.614999771118164;10.19499969482422;10.604999542236328;731656;2021-03-04 13:30:00-05:00
10.609999656677246;10.770000457763672;10.520000457763672;10.76830005645752;714177;2021-03-04 14:30:00-05:00
10.760000228881836;10.880000114440918;10.699999809265137;10.75;700658;2021-03-04 15:30:00-05:00
10.8100004196167;10.84000015258789;10.3100004196167;10.350000381469728;509369;2021-03-05 09:30:00-05:00
10.329999923706056;10.359999656677246;10.0649995803833;10.09000015258789;1039792;2021-03-05 10:30:00-05:00
10.100000381469728;10.56999969482422;10.096099853515623;10.56999969482422;401584;2021-03-05 11:30:00-05:00
10.572199821472168;10.6899995803833;10.53499984741211;10.654999732971191;253127;2021-03-05 12:30:00-05:00
10.657299995422363;10.770000457763672;10.619999885559082;10.725799560546877;224193;2021-03-05 13:30:00-05:00
10.720000267028809;10.779999732971191;10.670000076293944;10.760000228881836;187664;2021-03-05 14:30:00-05:00
10.760000228881836;10.789999961853027;10.734999656677246;10.779999732971191;359460;2021-03-05 15:30:00-05:00
10.800000190734863;11.085000038146973;10.710000038146973;11.0600004196167;402883;2021-03-08 09:30:00-05:00
11.0600004196167;11.199999809265137;11.0;11.170000076293944;366519;2021-03-08 10:30:00-05:00
11.175000190734863;11.260000228881836;11.109999656677246;11.239999771118164;296416;2021-03-08 11:30:00-05:00
11.239999771118164;11.289999961853027;11.210000038146973;11.260000228881836;284403;2021-03-08 12:30:00-05:00
11.265000343322754;11.329999923706056;11.204999923706056;11.31999969482422;239474;2021-03-08 13:30:00-05:00
11.31999969482422;11.335000038146973;11.149999618530272;11.15999984741211;363828;2021-03-08 14:30:00-05:00
11.15999984741211;11.199999809265137;11.039999961853027;11.09000015258789;384488;2021-03-08 15:30:00-05:00
11.260000228881836;11.609999656677246;11.260000228881836;11.59000015258789;374575;2021-03-09 09:30:00-05:00
11.595000267028809;11.609999656677246;11.475000381469728;11.529999732971191;222323;2021-03-09 10:30:00-05:00
11.529999732971191;11.625;11.489999771118164;11.604999542236328;299144;2021-03-09 11:30:00-05:00
11.604999542236328;11.65999984741211;11.579999923706056;11.614999771118164;472457;2021-03-09 12:30:00-05:00
11.614999771118164;11.649999618530272;11.539999961853027;11.585000038146973;341307;2021-03-09 13:30:00-05:00
11.59000015258789;11.609999656677246;11.5649995803833;11.585000038146973;272229;2021-03-09 14:30:00-05:00
11.59000015258789;11.614999771118164;11.550000190734863;11.59000015258789;375072;2021-03-09 15:30:00-05:00
11.710000038146973;11.949999809265137;11.670000076293944;11.760000228881836;264250;2021-03-10 09:30:00-05:00
11.760000228881836;11.789999961853027;11.579999923706056;11.6899995803833;305613;2021-03-10 10:30:00-05:00
11.6850004196167;11.739999771118164;11.649999618530272;11.649999618530272;221694;2021-03-10 11:30:00-05:00
11.649999618530272;11.65999984741211;11.510000228881836;11.520000457763672;189351;2021-03-10 12:30:00-05:00
11.520000457763672;11.6899995803833;11.46500015258789;11.65999984741211;233288;2021-03-10 13:30:00-05:00
11.65999984741211;11.710000038146973;11.635000228881836;11.68000030517578;141488;2021-03-10 14:30:00-05:00
11.675000190734863;11.6850004196167;11.59000015258789;11.619999885559082;367989;2021-03-10 15:30:00-05:00
11.770000457763672;11.8100004196167;11.604999542236328;11.670000076293944;273364;2021-03-11 09:30:00-05:00
11.670000076293944;11.81999969482422;11.619999885559082;11.8100004196167;237850;2021-03-11 10:30:00-05:00
11.800100326538086;11.9399995803833;11.800000190734863;11.914999961853027;211379;2021-03-11 11:30:00-05:00
11.920000076293944;12.010000228881836;11.911499977111816;11.9350004196167;157036;2021-03-11 12:30:00-05:00
11.9399995803833;11.96500015258789;11.850000381469728;11.93000030517578;214990;2021-03-11 13:30:00-05:00
11.93000030517578;11.960000038146973;11.859999656677246;11.9399995803833;243365;2021-03-11 14:30:00-05:00
11.93000030517578;11.9399995803833;11.859999656677246;11.880000114440918;312141;2021-03-11 15:30:00-05:00
11.8100004196167;11.90999984741211;11.720000267028809;11.875;245940;2021-03-12 09:30:00-05:00
11.875;11.979999542236328;11.86989974975586;11.975000381469728;97579;2021-03-12 10:30:00-05:00
11.979999542236328;11.979999542236328;11.920000076293944;11.9399995803833;86900;2021-03-12 11:30:00-05:00
11.941699981689451;11.984999656677246;11.93000030517578;11.970000267028809;94874;2021-03-12 12:30:00-05:00
11.970000267028809;12.005000114440918;11.960000038146973;11.984999656677246;113321;2021-03-12 13:30:00-05:00
11.989999771118164;12.0;11.90999984741211;11.93000030517578;216177;2021-03-12 14:30:00-05:00
11.9399995803833;12.010000228881836;11.93000030517578;12.0;248538;2021-03-12 15:30:00-05:00
12.029999732971191;12.0600004196167;11.920000076293944;12.0;386006;2021-03-15 09:30:00-04:00
12.0;12.029999732971191;11.93299961090088;11.979999542236328;221279;2021-03-15 10:30:00-04:00
11.979999542236328;12.100000381469728;11.979999542236328;12.079999923706056;267882;2021-03-15 11:30:00-04:00
12.085000038146973;12.109999656677246;12.0600004196167;12.100000381469728;129709;2021-03-15 12:30:00-04:00
12.104999542236328;12.130000114440918;12.039999961853027;12.0600004196167;308030;2021-03-15 13:30:00-04:00
12.05500030517578;12.0600004196167;11.989999771118164;12.029399871826172;99450;2021-03-15 14:30:00-04:00
12.020000457763672;12.09000015258789;11.984999656677246;12.020000457763672;587085;2021-03-15 15:30:00-04:00
12.050000190734863;12.09000015258789;11.880000114440918;11.975000381469728;207432;2021-03-16 09:30:00-04:00
11.979999542236328;12.020000457763672;11.9399995803833;12.0;172153;2021-03-16 10:30:00-04:00
12.005000114440918;12.010000228881836;11.850000381469728;11.871999740600586;191950;2021-03-16 11:30:00-04:00
11.880000114440918;11.9399995803833;11.869999885559082;11.895000457763672;97967;2021-03-16 12:30:00-04:00
11.895000457763672;11.90999984741211;11.84000015258789;11.850000381469728;89303;2021-03-16 13:30:00-04:00
11.84000015258789;11.859999656677246;11.741999626159668;11.741999626159668;299186;2021-03-16 14:30:00-04:00
11.75;11.809900283813477;11.725000381469728;11.75;259840;2021-03-16 15:30:00-04:00
11.609999656677246;11.649999618530272;11.390000343322754;11.53499984741211;197900;2021-03-17 09:30:00-04:00
11.529999732971191;11.529999732971191;11.43000030517578;11.510000228881836;211970;2021-03-17 10:30:00-04:00
11.510000228881836;11.5649995803833;11.479999542236328;11.55500030517578;146795;2021-03-17 11:30:00-04:00
11.550000190734863;11.550000190734863;11.489999771118164;11.529999732971191;77559;2021-03-17 12:30:00-04:00
11.524999618530272;11.649999618530272;11.470000267028809;11.59000015258789;170879;2021-03-17 13:30:00-04:00
11.585000038146973;11.720000267028809;11.585000038146973;11.699999809265137;137612;2021-03-17 14:30:00-04:00
11.699999809265137;11.75;11.670000076293944;11.69499969482422;208338;2021-03-17 15:30:00-04:00
11.56999969482422;11.619999885559082;11.46500015258789;11.479999542236328;171111;2021-03-18 09:30:00-04:00
11.479999542236328;11.550000190734863;11.437999725341797;11.532999992370604;112805;2021-03-18 10:30:00-04:00
11.53499984741211;11.609999656677246;11.520000457763672;11.595000267028809;119710;2021-03-18 11:30:00-04:00
11.600000381469728;11.600000381469728;11.520000457763672;11.59000015258789;104838;2021-03-18 12:30:00-04:00
11.59000015258789;11.614999771118164;11.479999542236328;11.5;276950;2021-03-18 13:30:00-04:00
11.5;11.529999732971191;11.454999923706056;11.529999732971191;179926;2021-03-18 14:30:00-04:00
11.524999618530272;11.5600004196167;11.460000038146973;11.489999771118164;255148;2021-03-18 15:30:00-04:00
11.460000038146973;11.729000091552734;11.4399995803833;11.720000267028809;740509;2021-03-19 09:30:00-04:00
11.713899612426758;11.770000457763672;11.68000030517578;11.710000038146973;131118;2021-03-19 10:30:00-04:00
11.710000038146973;11.800000190734863;11.710000038146973;11.720000267028809;93291;2021-03-19 11:30:00-04:00
11.729999542236328;11.84000015258789;11.704999923706056;11.739999771118164;222707;2021-03-19 12:30:00-04:00
11.739999771118164;11.760000228881836;11.653599739074709;11.710000038146973;120348;2021-03-19 13:30:00-04:00
11.710000038146973;11.760000228881836;11.6850004196167;11.760000228881836;99265;2021-03-19 14:30:00-04:00
11.755000114440918;11.81999969482422;11.68000030517578;11.699999809265137;522845;2021-03-19 15:30:00-04:00
11.729999542236328;11.8100004196167;11.630000114440918;11.770000457763672;228962;2021-03-22 09:30:00-04:00
11.789999961853027;11.84000015258789;11.710000038146973;11.829899787902832;138426;2021-03-22 10:30:00-04:00
11.829999923706056;11.84000015258789;11.744999885559082;11.830100059509276;111975;2021-03-22 11:30:00-04:00
11.835000038146973;11.84000015258789;11.739999771118164;11.744999885559082;100761;2021-03-22 12:30:00-04:00
11.744999885559082;11.779999732971191;11.710000038146973;11.760000228881836;81078;2021-03-22 13:30:00-04:00
11.755000114440918;11.789999961853027;11.729999542236328;11.739999771118164;74430;2021-03-22 14:30:00-04:00
11.740099906921388;11.75;11.68000030517578;11.720000267028809;128251;2021-03-22 15:30:00-04:00
11.729999542236328;11.760000228881836;11.5;11.529999732971191;176929;2021-03-23 09:30:00-04:00
11.529999732971191;11.56999969482422;11.470000267028809;11.548999786376951;107221;2021-03-23 10:30:00-04:00
11.550000190734863;11.55500030517578;11.46500015258789;11.505000114440918;94521;2021-03-23 11:30:00-04:00
11.505000114440918;11.539999961853027;11.460000038146973;11.489999771118164;129846;2021-03-23 12:30:00-04:00
11.489999771118164;11.489999771118164;11.40999984741211;11.43000030517578;102081;2021-03-23 13:30:00-04:00
11.43000030517578;11.43000030517578;11.270000457763672;11.300000190734863;134662;2021-03-23 14:30:00-04:00
11.289999961853027;11.3100004196167;11.239999771118164;11.289999961853027;252906;2021-03-23 15:30:00-04:00
11.3100004196167;11.395000457763672;11.210000038146973;11.220000267028809;202405;2021-03-24 09:30:00-04:00
11.225000381469728;11.34000015258789;11.225000381469728;11.265000343322754;161228;2021-03-24 10:30:00-04:00
11.270000457763672;11.274999618530272;11.210000038146973;11.260000228881836;131393;2021-03-24 11:30:00-04:00
11.25;11.260000228881836;11.149999618530272;11.170000076293944;135426;2021-03-24 12:30:00-04:00
11.170000076293944;11.18000030517578;11.119999885559082;11.125;106444;2021-03-24 13:30:00-04:00
11.119999885559082;11.119999885559082;10.989999771118164;11.010000228881836;164155;2021-03-24 14:30:00-04:00
11.010000228881836;11.010000228881836;10.880000114440918;10.880000114440918;221932;2021-03-24 15:30:00-04:00
10.729999542236328;10.920000076293944;10.6899995803833;10.779999732971191;256342;2021-03-25 09:30:00-04:00
10.770000457763672;10.890000343322754;10.71500015258789;10.890000343322754;172493;2021-03-25 10:30:00-04:00
10.899999618530272;11.06999969482422;10.84000015258789;11.0600004196167;143922;2021-03-25 11:30:00-04:00
11.05500030517578;11.1899995803833;11.039999961853027;11.119999885559082;145749;2021-03-25 12:30:00-04:00
11.130000114440918;11.140000343322754;10.979999542236328;10.979999542236328;121862;2021-03-25 13:30:00-04:00
10.979999542236328;11.119999885559082;10.960000038146973;11.109999656677246;133155;2021-03-25 14:30:00-04:00
11.119999885559082;11.15999984741211;11.079999923706056;11.109999656677246;260385;2021-03-25 15:30:00-04:00
11.18000030517578;11.225000381469728;11.09000015258789;11.109999656677246;118373;2021-03-26 09:30:00-04:00
11.109999656677246;11.149999618530272;11.010000228881836;11.039999961853027;168250;2021-03-26 10:30:00-04:00
11.039999961853027;11.170000076293944;11.039999961853027;11.170000076293944;133832;2021-03-26 11:30:00-04:00
11.170000076293944;11.199999809265137;11.114999771118164;11.130000114440918;84165;2021-03-26 12:30:00-04:00
11.140000343322754;11.140000343322754;10.989999771118164;11.045000076293944;104171;2021-03-26 13:30:00-04:00
11.040900230407717;11.100000381469728;10.989999771118164;11.100000381469728;128262;2021-03-26 14:30:00-04:00
11.109999656677246;11.260000228881836;11.109999656677246;11.25;125198;2021-03-26 15:30:00-04:00
11.25;11.377799987792969;11.149999618530272;11.149999618530272;200698;2021-03-29 09:30:00-04:00
11.140000343322754;11.1850004196167;11.119999885559082;11.1850004196167;132627;2021-03-29 10:30:00-04:00
11.18000030517578;11.239999771118164;11.15999984741211;11.210000038146973;100053;2021-03-29 11:30:00-04:00
11.204999923706056;11.3149995803833;11.204999923706056;11.255000114440918;77623;2021-03-29 12:30:00-04:00
11.252300262451172;11.279999732971191;11.15999984741211;11.175000190734863;158169;2021-03-29 13:30:00-04:00
11.170000076293944;11.220000267028809;11.079999923706056;11.187000274658203;222269;2021-03-29 14:30:00-04:00
11.1850004196167;11.1899995803833;11.0600004196167;11.06999969482422;186353;2021-03-29 15:30:00-04:00
11.050000190734863;11.0600004196167;10.859999656677246;10.954999923706056;386373;2021-03-30 09:30:00-04:00
10.954999923706056;11.020000457763672;10.949999809265137;11.0;320788;2021-03-30 10:30:00-04:00
11.0;11.010000228881836;10.90999984741211;10.94499969482422;115335;2021-03-30 11:30:00-04:00
10.94499969482422;10.960000038146973;10.90999984741211;10.914999961853027;112763;2021-03-30 12:30:00-04:00
10.914999961853027;10.9399995803833;10.869999885559082;10.93000030517578;178462;2021-03-30 13:30:00-04:00
10.93000030517578;11.010000228881836;10.90999984741211;10.984999656677246;188502;2021-03-30 14:30:00-04:00
10.984999656677246;11.005000114440918;10.90999984741211;10.970000267028809;438686;2021-03-30 15:30:00-04:00
10.75;10.90999984741211;10.670000076293944;10.859999656677246;304608;2021-03-31 09:30:00-04:00
10.850000381469728;10.904999732971191;10.84000015258789;10.885000228881836;132103;2021-03-31 10:30:00-04:00
10.880000114440918;10.920000076293944;10.859999656677246;10.914999961853027;183376;2021-03-31 11:30:00-04:00
10.914999961853027;11.045000076293944;10.904999732971191;11.045000076293944;223398;2021-03-31 12:30:00-04:00
11.050000190734863;11.100000381469728;11.0;11.074999809265137;170173;2021-03-31 13:30:00-04:00
11.074999809265137;11.100000381469728;10.970000267028809;11.079999923706056;298088;2021-03-31 14:30:00-04:00
11.079999923706056;11.154999732971191;11.020000457763672;11.029999732971191;447759;2021-03-31 15:30:00-04:00
11.06190013885498;11.212599754333496;11.039999961853027;11.130000114440918;178603;2021-04-01 09:30:00-04:00
11.130000114440918;11.130000114440918;11.020000457763672;11.09000015258789;168434;2021-04-01 10:30:00-04:00
11.085000038146973;11.140000343322754;11.06999969482422;11.100000381469728;135089;2021-04-01 11:30:00-04:00
11.100000381469728;11.119999885559082;11.005000114440918;11.029999732971191;123121;2021-04-01 12:30:00-04:00
11.024999618530272;11.119999885559082;11.024999618530272;11.095000267028809;148259;2021-04-01 13:30:00-04:00
11.09000015258789;11.100000381469728;11.0;11.020000457763672;268105;2021-04-01 14:30:00-04:00
11.024999618530272;11.289999961853027;11.020000457763672;11.279999732971191;946236;2021-04-01 15:30:00-04:00
11.43280029296875;11.609999656677246;11.3149995803833;11.345000267028809;408367;2021-04-05 09:30:00-04:00
11.350000381469728;11.369999885559082;11.300000190734863;11.329999923706056;81248;2021-04-05 10:30:00-04:00
11.329999923706056;11.350000381469728;11.279999732971191;11.300000190734863;57961;2021-04-05 11:30:00-04:00
11.300000190734863;11.300000190734863;11.220000267028809;11.25;71528;2021-04-05 12:30:00-04:00
11.25;11.270000457763672;11.18000030517578;11.18000030517578;101873;2021-04-05 13:30:00-04:00
11.1850004196167;11.260000228881836;11.18000030517578;11.239999771118164;135362;2021-04-05 14:30:00-04:00
11.244999885559082;11.300000190734863;11.239999771118164;11.260000228881836;228587;2021-04-05 15:30:00-04:00
11.25;11.300000190734863;11.045000076293944;11.085000038146973;237992;2021-04-06 09:30:00-04:00
11.079999923706056;11.175000190734863;11.06999969482422;11.149999618530272;150320;2021-04-06 10:30:00-04:00
11.149999618530272;11.1850004196167;11.119999885559082;11.149999618530272;83064;2021-04-06 11:30:00-04:00
11.149999618530272;11.170000076293944;11.109999656677246;11.170000076293944;108962;2021-04-06 12:30:00-04:00
11.164999961853027;11.199999809265137;11.140000343322754;11.140000343322754;129179;2021-04-06 13:30:00-04:00
11.140000343322754;11.148599624633787;11.06999969482422;11.119999885559082;123290;2021-04-06 14:30:00-04:00
11.130000114440918;11.175000190734863;11.119999885559082;11.119999885559082;188681;2021-04-06 15:30:00-04:00
11.170000076293944;11.170000076293944;11.029999732971191;11.079999923706056;207351;2021-04-07 09:30:00-04:00
11.079999923706056;11.079999923706056;10.949299812316896;10.949999809265137;139023;2021-04-07 10:30:00-04:00
10.949999809265137;10.960000038146973;10.90999984741211;10.920000076293944;118507;2021-04-07 11:30:00-04:00
10.90999984741211;10.979999542236328;10.899999618530272;10.90999984741211;83078;2021-04-07 12:30:00-04:00
10.90999984741211;10.93000030517578;10.890000343322754;10.920000076293944;132916;2021-04-07 13:30:00-04:00
10.914999961853027;10.93000030517578;10.880000114440918;10.880000114440918;109897;2021-04-07 14:30:00-04:00
10.880000114440918;10.90999984741211;10.829999923706056;10.864999771118164;220373;2021-04-07 15:30:00-04:00
10.93000030517578;11.050000190734863;10.779999732971191;10.859000205993652;191953;2021-04-08 09:30:00-04:00
10.850000381469728;10.899999618530272;10.8149995803833;10.824999809265137;105762;2021-04-08 10:30:00-04:00
10.829999923706056;10.86870002746582;10.800000190734863;10.850000381469728;106849;2021-04-08 11:30:00-04:00
10.84000015258789;10.885000228881836;10.829999923706056;10.859999656677246;70810;2021-04-08 12:30:00-04:00
10.852800369262695;10.859999656677246;10.800000190734863;10.8149995803833;68747;2021-04-08 13:30:00-04:00
10.815899848937988;10.859999656677246;10.789999961853027;10.8100004196167;70892;2021-04-08 14:30:00-04:00
10.800000190734863;10.81999969482422;10.760000228881836;10.789999961853027;217048;2021-04-08 15:30:00-04:00
10.789999961853027;10.8100004196167;10.609999656677246;10.609999656677246;215471;2021-04-09 09:30:00-04:00
10.609999656677246;10.710000038146973;10.600000381469728;10.704999923706056;132711;2021-04-09 10:30:00-04:00
10.704999923706056;10.734999656677246;10.619999885559082;10.630000114440918;112530;2021-04-09 11:30:00-04:00
10.630000114440918;10.664999961853027;10.579999923706056;10.59000015258789;134153;2021-04-09 12:30:00-04:00
10.59000015258789;10.640000343322754;10.56999969482422;10.609999656677246;85494;2021-04-09 13:30:00-04:00
10.609999656677246;10.649999618530272;10.600000381469728;10.649999618530272;77915;2021-04-09 14:30:00-04:00
10.654999732971191;10.765000343322754;10.654999732971191;10.729999542236328;226916;2021-04-09 15:30:00-04:00
10.699999809265137;10.735400199890137;10.55500030517578;10.614999771118164;221456;2021-04-12 09:30:00-04:00
10.619999885559082;10.68000030517578;10.609999656677246;10.63010025024414;79490;2021-04-12 10:30:00-04:00
10.635000228881836;10.649999618530272;10.5600004196167;10.59000015258789;95702;2021-04-12 11:30:00-04:00
10.59000015258789;10.609999656677246;10.55500030517578;10.56999969482422;73808;2021-04-12 12:30:00-04:00
10.5600004196167;10.569899559020996;10.479999542236328;10.489999771118164;142843;2021-04-12 13:30:00-04:00
10.489999771118164;10.550000190734863;10.489999771118164;10.529999732971191;89584;2021-04-12 14:30:00-04:00
10.529999732971191;10.59000015258789;10.524999618530272;10.579999923706056;119615;2021-04-12 15:30:00-04:00
10.5600004196167;10.708999633789062;10.539999961853027;10.699000358581545;172890;2021-04-13 09:30:00-04:00
10.699000358581545;10.699999809265137;10.585000038146973;10.600000381469728;116751;2021-04-13 10:30:00-04:00
10.600000381469728;10.654999732971191;10.56999969482422;10.56999969482422;140883;2021-04-13 11:30:00-04:00
10.5649995803833;10.585000038146973;10.539999961853027;10.5600004196167;89848;2021-04-13 12:30:00-04:00
10.5600004196167;10.600000381469728;10.5;10.579999923706056;168908;2021-04-13 13:30:00-04:00
10.589900016784668;10.619999885559082;10.579999923706056;10.579999923706056;92969;2021-04-13 14:30:00-04:00
10.59000015258789;10.600000381469728;10.5600004196167;10.579999923706056;190678;2021-04-13 15:30:00-04:00
10.56999969482422;10.869999885559082;10.529899597167969;10.779999732971191;208334;2021-04-14 09:30:00-04:00
10.779999732971191;10.81999969482422;10.75;10.770000457763672;97594;2021-04-14 10:30:00-04:00
10.774999618530272;10.800000190734863;10.744999885559082;10.744999885559082;72562;2021-04-14 11:30:00-04:00
10.75;10.779999732971191;10.729999542236328;10.770000457763672;71582;2021-04-14 12:30:00-04:00
10.760000228881836;10.770000457763672;10.6899995803833;10.725000381469728;72528;2021-04-14 13:30:00-04:00
10.729999542236328;10.738800048828123;10.609999656677246;10.649999618530272;116237;2021-04-14 14:30:00-04:00
10.640000343322754;10.649999618530272;10.609999656677246;10.640000343322754;141872;2021-04-14 15:30:00-04:00
10.6899995803833;10.789999961853027;10.625;10.765000343322754;138198;2021-04-15 09:30:00-04:00
10.768799781799316;10.770000457763672;10.704999923706056;10.729999542236328;92214;2021-04-15 10:30:00-04:00
10.729999542236328;10.760000228881836;10.69499969482422;10.699999809265137;88481;2021-04-15 11:30:00-04:00
10.710000038146973;10.739999771118164;10.664999961853027;10.710000038146973;108913;2021-04-15 12:30:00-04:00
10.710000038146973;10.739999771118164;10.6850004196167;10.720000267028809;81847;2021-04-15 13:30:00-04:00
10.729999542236328;10.770000457763672;10.699999809265137;10.755000114440918;110538;2021-04-15 14:30:00-04:00
10.755000114440918;10.880000114440918;10.750699996948242;10.869999885559082;201510;2021-04-15 15:30:00-04:00
10.869999885559082;10.885000228881836;10.720000267028809;10.81999969482422;269810;2021-04-16 09:30:00-04:00
10.824999809265137;10.875;10.8100004196167;10.835000038146973;102449;2021-04-16 10:30:00-04:00
10.829999923706056;10.829999923706056;10.760000228881836;10.770000457763672;89560;2021-04-16 11:30:00-04:00
10.765000343322754;10.800000190734863;10.739999771118164;10.778300285339355;113140;2021-04-16 12:30:00-04:00
10.77589988708496;10.8149995803833;10.770000457763672;10.8100004196167;80408;2021-04-16 13:30:00-04:00
10.803000450134276;10.84000015258789;10.800000190734863;10.829999923706056;89477;2021-04-16 14:30:00-04:00
10.829999923706056;10.880000114440918;10.829999923706056;10.84000015258789;138105;2021-04-16 15:30:00-04:00
10.789999961853027;10.899999618530272;10.720000267028809;10.850000381469728;205218;2021-04-19 09:30:00-04:00
10.850000381469728;10.859999656677246;10.770000457763672;10.786999702453612;137757;2021-04-19 10:30:00-04:00
10.789999961853027;10.8100004196167;10.729999542236328;10.739999771118164;127431;2021-04-19 11:30:00-04:00
10.75;10.760000228881836;10.720000267028809;10.739999771118164;93245;2021-04-19 12:30:00-04:00
10.744999885559082;10.760000228881836;10.71500015258789;10.753399848937988;104674;2021-04-19 13:30:00-04:00
10.75;10.755000114440918;10.70009994506836;10.710000038146973;85165;2021-04-19 14:30:00-04:00
10.71500015258789;10.774999618530272;10.710000038146973;10.760000228881836;182296;2021-04-19 15:30:00-04:00
10.699999809265137;10.854999542236328;10.699999809265137;10.729999542236328;161762;2021-04-20 09:30:00-04:00
10.734999656677246;10.75;10.654999732971191;10.6899995803833;166313;2021-04-20 10:30:00-04:00
10.6899995803833;10.8100004196167;10.65999984741211;10.8100004196167;167311;2021-04-20 11:30:00-04:00
10.809200286865234;10.84000015258789;10.710000038146973;10.720000267028809;113341;2021-04-20 12:30:00-04:00
10.725000381469728;10.729999542236328;10.68000030517578;10.68000030517578;102642;2021-04-20 13:30:00-04:00
10.68000030517578;10.6899995803833;10.630000114440918;10.670000076293944;127054;2021-04-20 14:30:00-04:00
10.675000190734863;10.760000228881836;10.670000076293944;10.710000038146973;151098;2021-04-20 15:30:00-04:00
10.6899995803833;10.875;10.675000190734863;10.84000015258789;127257;2021-04-21 09:30:00-04:00
10.845000267028809;10.90999984741211;10.80500030517578;10.84000015258789;122608;2021-04-21 10:30:00-04:00
10.850000381469728;10.90999984741211;10.845000267028809;10.89900016784668;128800;2021-04-21 11:30:00-04:00
10.89009952545166;10.904999732971191;10.84000015258789;10.845000267028809;79392;2021-04-21 12:30:00-04:00
10.845000267028809;10.859999656677246;10.81999969482422;10.850000381469728;77935;2021-04-21 13:30:00-04:00
10.854999542236328;10.90999984741211;10.850000381469728;10.869999885559082;93985;2021-04-21 14:30:00-04:00
10.880000114440918;10.904999732971191;10.81999969482422;10.850000381469728;267716;2021-04-21 15:30:00-04:00
10.84000015258789;10.899999618530272;10.779999732971191;10.880000114440918;92559;2021-04-22 09:30:00-04:00
10.880000114440918;10.949999809265137;10.875;10.9399995803833;78957;2021-04-22 10:30:00-04:00
10.938799858093262;10.989999771118164;10.938799858093262;10.966500282287598;70427;2021-04-22 11:30:00-04:00
10.96500015258789;10.979999542236328;10.859999656677246;10.93000030517578;109000;2021-04-22 12:30:00-04:00
10.93000030517578;10.94499969482422;10.800000190734863;10.899999618530272;95442;2021-04-22 13:30:00-04:00
10.900099754333496;10.9350004196167;10.850000381469728;10.875;161008;2021-04-22 14:30:00-04:00
10.875;10.899999618530272;10.869999885559082;10.880000114440918;277278;2021-04-22 15:30:00-04:00
10.949999809265137;10.979999542236328;10.84000015258789;10.90999984741211;117856;2021-04-23 09:30:00-04:00
10.920000076293944;10.989999771118164;10.920000076293944;10.949999809265137;110408;2021-04-23 10:30:00-04:00
10.960000038146973;10.970000267028809;10.899999618530272;10.899999618530272;80455;2021-04-23 11:30:00-04:00
10.906299591064451;10.9399995803833;10.906299591064451;10.93000030517578;37936;2021-04-23 12:30:00-04:00
10.920000076293944;10.989999771118164;10.920000076293944;10.970000267028809;76458;2021-04-23 13:30:00-04:00
10.970000267028809;10.989999771118164;10.93000030517578;10.970000267028809;106211;2021-04-23 14:30:00-04:00
10.970000267028809;10.979999542236328;10.960000038146973;10.970000267028809;193944;2021-04-23 15:30:00-04:00
10.949999809265137;11.0;10.869999885559082;11.0;211554;2021-04-26 09:30:00-04:00
11.0;11.050000190734863;10.949999809265137;11.0;279321;2021-04-26 10:30:00-04:00
11.005000114440918;11.065500259399414;10.989999771118164;11.045000076293944;119027;2021-04-26 11:30:00-04:00
11.045000076293944;11.11989974975586;11.03499984741211;11.09000015258789;122969;2021-04-26 12:30:00-04:00
11.09000015258789;11.149999618530272;11.06999969482422;11.149999618530272;101322;2021-04-26 13:30:00-04:00
11.149999618530272;11.210000038146973;11.130000114440918;11.130000114440918;109408;2021-04-26 14:30:00-04:00
11.130000114440918;11.170000076293944;11.104999542236328;11.15999984741211;141949;2021-04-26 15:30:00-04:00
11.199999809265137;11.199999809265137;10.960000038146973;10.978799819946287;190759;2021-04-27 09:30:00-04:00
10.970000267028809;11.095000267028809;10.9399995803833;11.085000038146973;172257;2021-04-27 10:30:00-04:00
11.09000015258789;11.1899995803833;11.03499984741211;11.149999618530272;404071;2021-04-27 11:30:00-04:00
11.149999618530272;11.164999961853027;10.989999771118164;11.149999618530272;518188;2021-04-27 12:30:00-04:00
11.149999618530272;11.1850004196167;11.0600004196167;11.109999656677246;514535;2021-04-27 13:30:00-04:00
11.114999771118164;11.220000267028809;11.079999923706056;11.18000030517578;601694;2021-04-27 14:30:00-04:00
11.18000030517578;11.25;11.164999961853027;11.25;709092;2021-04-27 15:30:00-04:00
11.260000228881836;11.359999656677246;11.170000076293944;11.329999923706056;749798;2021-04-28 09:30:00-04:00
11.329999923706056;11.437800407409668;11.289999961853027;11.399999618530272;616191;2021-04-28 10:30:00-04:00
11.40999984741211;11.420000076293944;11.25;11.289999961853027;719835;2021-04-28 11:30:00-04:00
11.295000076293944;11.34000015258789;11.229999542236328;11.255000114440918;187823;2021-04-28 12:30:00-04:00
11.255000114440918;11.255000114440918;11.135000228881836;11.164999961853027;180557;2021-04-28 13:30:00-04:00
11.15999984741211;11.234999656677246;11.15999984741211;11.18000030517578;421013;2021-04-28 14:30:00-04:00
11.18000030517578;11.234999656677246;11.154999732971191;11.170000076293944;441195;2021-04-28 15:30:00-04:00
11.220000267028809;11.345000267028809;11.114999771118164;11.3100004196167;264495;2021-04-29 09:30:00-04:00
11.300000190734863;11.350000381469728;11.21500015258789;11.335000038146973;154286;2021-04-29 10:30:00-04:00
11.335000038146973;11.364999771118164;11.204999923706056;11.260000228881836;151057;2021-04-29 11:30:00-04:00
11.260000228881836;11.34000015258789;11.260000228881836;11.270000457763672;101942;2021-04-29 12:30:00-04:00
11.270000457763672;11.300000190734863;11.244999885559082;11.300000190734863;63923;2021-04-29 13:30:00-04:00
11.300000190734863;11.359999656677246;11.289999961853027;11.289999961853027;152296;2021-04-29 14:30:00-04:00
11.295000076293944;11.380000114440918;11.289999961853027;11.380000114440918;199719;2021-04-29 15:30:00-04:00
11.329999923706056;11.5;11.329999923706056;11.489999771118164;264864;2021-04-30 09:30:00-04:00
11.489999771118164;11.494999885559082;11.4399995803833;11.470000267028809;90476;2021-04-30 10:30:00-04:00
11.470000267028809;11.510000228881836;11.44499969482422;11.505000114440918;117775;2021-04-30 11:30:00-04:00
11.510000228881836;11.510000228881836;11.4399995803833;11.44499969482422;77972;2021-04-30 12:30:00-04:00
11.44499969482422;11.510000228881836;11.399999618530272;11.484999656677246;205344;2021-04-30 13:30:00-04:00
11.479999542236328;11.479999542236328;11.369999885559082;11.376999855041504;214992;2021-04-30 14:30:00-04:00
11.380000114440918;11.40999984741211;11.3100004196167;11.390000343322754;267128;2021-04-30 15:30:00-04:00
11.4399995803833;11.4399995803833;11.170000076293944;11.175000190734863;196072;2021-05-03 09:30:00-04:00
11.18000030517578;11.265000343322754;11.125;11.243000030517578;280016;2021-05-03 10:30:00-04:00
11.244999885559082;11.329999923706056;11.244999885559082;11.3100004196167;84016;2021-05-03 11:30:00-04:00
11.305999755859377;11.369999885559082;11.289999961853027;11.364999771118164;67613;2021-05-03 12:30:00-04:00
11.369999885559082;11.369999885559082;11.30500030517578;11.332300186157228;120193;2021-05-03 13:30:00-04:00
11.34000015258789;11.359999656677246;11.239999771118164;11.270000457763672;191261;2021-05-03 14:30:00-04:00
11.270000457763672;11.289999961853027;11.229999542236328;11.270000457763672;217585;2021-05-03 15:30:00-04:00
11.229999542236328;11.25;11.045000076293944;11.130000114440918;217472;2021-05-04 09:30:00-04:00
11.119999885559082;11.140000343322754;11.039999961853027;11.079999923706056;136698;2021-05-04 10:30:00-04:00
11.083399772644045;11.21500015258789;11.074999809265137;11.21500015258789;318635;2021-05-04 11:30:00-04:00
11.210000038146973;11.225000381469728;11.074999809265137;11.09000015258789;247173;2021-05-04 12:30:00-04:00
11.09000015258789;11.130000114440918;11.024800300598145;11.074999809265137;182530;2021-05-04 13:30:00-04:00
11.074999809265137;11.119999885559082;11.045000076293944;11.079999923706056;323546;2021-05-04 14:30:00-04:00
11.09000015258789;11.18000030517578;11.079999923706056;11.15999984741211;186207;2021-05-04 15:30:00-04:00
11.005000114440918;11.210000038146973;10.850000381469728;10.859999656677246;339463;2021-05-05 09:30:00-04:00
10.864999771118164;11.05500030517578;10.850899696350098;10.989999771118164;253677;2021-05-05 10:30:00-04:00
10.989999771118164;11.015000343322754;10.90999984741211;10.984999656677246;182690;2021-05-05 11:30:00-04:00
10.984999656677246;11.020000457763672;10.960000038146973;11.010000228881836;136612;2021-05-05 12:30:00-04:00
11.010000228881836;11.0600004196167;11.0;11.010000228881836;226180;2021-05-05 13:30:00-04:00
11.010000228881836;11.029999732971191;10.960000038146973;11.010000228881836;244817;2021-05-05 14:30:00-04:00
11.010000228881836;11.06999969482422;11.005000114440918;11.0649995803833;333018;2021-05-05 15:30:00-04:00
11.039999961853027;11.039999961853027;10.81999969482422;10.84910011291504;166635;2021-05-06 09:30:00-04:00
10.84000015258789;11.0;10.8100004196167;10.970000267028809;181280;2021-05-06 10:30:00-04:00
10.979999542236328;11.020000457763672;10.954999923706056;11.015000343322754;176031;2021-05-06 11:30:00-04:00
11.020000457763672;11.020000457763672;10.920000076293944;10.979999542236328;211577;2021-05-06 12:30:00-04:00
10.979999542236328;10.989999771118164;10.93000030517578;10.95069980621338;184615;2021-05-06 13:30:00-04:00
10.95009994506836;10.960000038146973;10.800000190734863;10.845000267028809;430849;2021-05-06 14:30:00-04:00
10.845000267028809;10.9399995803833;10.84000015258789;10.850000381469728;717005;2021-05-06 15:30:00-04:00
10.869999885559082;10.899999618530272;10.640000343322754;10.75;308977;2021-05-07 09:30:00-04:00
10.75;10.890000343322754;10.739999771118164;10.854999542236328;191519;2021-05-07 10:30:00-04:00
10.854999542236328;10.859999656677246;10.760000228881836;10.765899658203123;89342;2021-05-07 11:30:00-04:00
10.760000228881836;10.789999961853027;10.739999771118164;10.739999771118164;116582;2021-05-07 12:30:00-04:00
10.739999771118164;10.789999961853027;10.739999771118164;10.774999618530272;123265;2021-05-07 13:30:00-04:00
10.774999618530272;10.850000381469728;10.760000228881836;10.845000267028809;162383;2021-05-07 14:30:00-04:00
10.850000381469728;10.899999618530272;10.829999923706056;10.880000114440918;189250;2021-05-07 15:30:00-04:00
10.890000343322754;10.90999984741211;10.770000457763672;10.840299606323242;174423;2021-05-10 09:30:00-04:00
10.84000015258789;10.859999656677246;10.80500030517578;10.81999969482422;89865;2021-05-10 10:30:00-04:00
10.829999923706056;10.864999771118164;10.81999969482422;10.854999542236328;161002;2021-05-10 11:30:00-04:00
10.854999542236328;10.859999656677246;10.8100004196167;10.850000381469728;69232;2021-05-10 12:30:00-04:00
10.854999542236328;10.899999618530272;10.800000190734863;10.850000381469728;364401;2021-05-10 13:30:00-04:00
10.84000015258789;10.850000381469728;10.789999961853027;10.850000381469728;123561;2021-05-10 14:30:00-04:00
10.84000015258789;10.845000267028809;10.800000190734863;10.800000190734863;219722;2021-05-10 15:30:00-04:00
10.640000343322754;10.699999809265137;10.56999969482422;10.585000038146973;205243;2021-05-11 09:30:00-04:00
10.585000038146973;10.600000381469728;10.515000343322754;10.572699546813965;252483;2021-05-11 10:30:00-04:00
10.574999809265137;10.579999923706056;10.520000457763672;10.539999961853027;112650;2021-05-11 11:30:00-04:00
10.550000190734863;10.5649995803833;10.479999542236328;10.5649995803833;131761;2021-05-11 12:30:00-04:00
10.56999969482422;10.580499649047852;10.5;10.510000228881836;147107;2021-05-11 13:30:00-04:00
10.510000228881836;10.510000228881836;10.420000076293944;10.454999923706056;269345;2021-05-11 14:30:00-04:00
10.454999923706056;10.5;10.40999984741211;10.489999771118164;223214;2021-05-11 15:30:00-04:00
10.4399995803833;10.59000015258789;10.399999618530272;10.43000030517578;222923;2021-05-12 09:30:00-04:00
10.420000076293944;10.4399995803833;10.369999885559082;10.395000457763672;165468;2021-05-12 10:30:00-04:00
10.390000343322754;10.399999618530272;10.3149995803833;10.366399765014648;143922;2021-05-12 11:30:00-04:00
10.359999656677246;10.475000381469728;10.359999656677246;10.4399995803833;169621;2021-05-12 12:30:00-04:00
10.4350004196167;10.479999542236328;10.404999732971191;10.40999984741211;115957;2021-05-12 13:30:00-04:00
10.40999984741211;10.494999885559082;10.399999618530272;10.4399995803833;203900;2021-05-12 14:30:00-04:00
10.44499969482422;10.479900360107422;10.399999618530272;10.43000030517578;235622;2021-05-12 15:30:00-04:00
10.489999771118164;10.640000343322754;10.399999618530272;10.59000015258789;169447;2021-05-13 09:30:00-04:00
10.59000015258789;10.60789966583252;10.489999771118164;10.494999885559082;89921;2021-05-13 10:30:00-04:00
10.495200157165527;10.520000457763672;10.460000038146973;10.5;113653;2021-05-13 11:30:00-04:00
10.5;10.510000228881836;10.4399995803833;10.475000381469728;103045;2021-05-13 12:30:00-04:00
10.475000381469728;10.529999732971191;10.420000076293944;10.529999732971191;112785;2021-05-13 13:30:00-04:00
10.529999732971191;10.600000381469728;10.515000343322754;10.59000015258789;127197;2021-05-13 14:30:00-04:00
10.59000015258789;10.619999885559082;10.510000228881836;10.529999732971191;168982;2021-05-13 15:30:00-04:00
10.619999885559082;10.699999809265137;10.59000015258789;10.692500114440918;118512;2021-05-14 09:30:00-04:00
10.6899995803833;10.720000267028809;10.65999984741211;10.65999984741211;77167;2021-05-14 10:30:00-04:00
10.664999961853027;10.6899995803833;10.609999656677246;10.609999656677246;91917;2021-05-14 11:30:00-04:00
10.609999656677246;10.670000076293944;10.609999656677246;10.649999618530272;122705;2021-05-14 12:30:00-04:00
10.65999984741211;10.710000038146973;10.640000343322754;10.710000038146973;122091;2021-05-14 13:30:00-04:00
10.704999923706056;10.765000343322754;10.704999923706056;10.75;102379;2021-05-14 14:30:00-04:00
10.755000114440918;10.760000228881836;10.710000038146973;10.729999542236328;173944;2021-05-14 15:30:00-04:00
10.729999542236328;10.795000076293944;10.604999542236328;10.609999656677246;172999;2021-05-17 09:30:00-04:00
10.614999771118164;10.645000457763672;10.550000190734863;10.55500030517578;120423;2021-05-17 10:30:00-04:00
10.55500030517578;10.585000038146973;10.53499984741211;10.550000190734863;54422;2021-05-17 11:30:00-04:00
10.550000190734863;10.585000038146973;10.524999618530272;10.529999732971191;42455;2021-05-17 12:30:00-04:00
10.531499862670898;10.574999809265137;10.529999732971191;10.550000190734863;54693;2021-05-17 13:30:00-04:00
10.55500030517578;10.606800079345703;10.545000076293944;10.604999542236328;77032;2021-05-17 14:30:00-04:00
10.604999542236328;10.65999984741211;10.604999542236328;10.640000343322754;191009;2021-05-17 15:30:00-04:00
10.68000030517578;10.68000030517578;10.529999732971191;10.649999618530272;155978;2021-05-18 09:30:00-04:00
10.654999732971191;10.729999542236328;10.59000015258789;10.720000267028809;207384;2021-05-18 10:30:00-04:00
10.720000267028809;10.770000457763672;10.699999809265137;10.75;59185;2021-05-18 11:30:00-04:00
10.744999885559082;10.770000457763672;10.729999542236328;10.765000343322754;79404;2021-05-18 12:30:00-04:00
10.765000343322754;10.770000457763672;10.704999923706056;10.710000038146973;75668;2021-05-18 13:30:00-04:00
10.710000038146973;10.739999771118164;10.68000030517578;10.720000267028809;66586;2021-05-18 14:30:00-04:00
10.720000267028809;10.765000343322754;10.71500015258789;10.729999542236328;283272;2021-05-18 15:30:00-04:00
10.649999618530272;10.6899995803833;10.539999961853027;10.5600004196167;153842;2021-05-19 09:30:00-04:00
10.55500030517578;10.5600004196167;10.475000381469728;10.529999732971191;94398;2021-05-19 10:30:00-04:00
10.520000457763672;10.520000457763672;10.460000038146973;10.489999771118164;94464;2021-05-19 11:30:00-04:00
10.48989963531494;10.5600004196167;10.479999542236328;10.5600004196167;59916;2021-05-19 12:30:00-04:00
10.550000190734863;10.614999771118164;10.520000457763672;10.595000267028809;96971;2021-05-19 13:30:00-04:00
10.59000015258789;10.628999710083008;10.539999961853027;10.624099731445312;118762;2021-05-19 14:30:00-04:00
10.625;10.670000076293944;10.609999656677246;10.65999984741211;154661;2021-05-19 15:30:00-04:00
10.689000129699709;10.755000114440918;10.630000114440918;10.729999542236328;110212;2021-05-20 09:30:00-04:00
10.729999542236328;10.744999885559082;10.6899995803833;10.744999885559082;67708;2021-05-20 10:30:00-04:00
10.744999885559082;10.75;10.729999542236328;10.734999656677246;47520;2021-05-20 11:30:00-04:00
10.739999771118164;10.75;10.6899995803833;10.692999839782717;71779;2021-05-20 12:30:00-04:00
10.69499969482422;10.710000038146973;10.664999961853027;10.68000030517578;60846;2021-05-20 13:30:00-04:00
10.68000030517578;10.779999732971191;10.68000030517578;10.779999732971191;134858;2021-05-20 14:30:00-04:00
10.779999732971191;10.779999732971191;10.729999542236328;10.770000457763672;352202;2021-05-20 15:30:00-04:00
10.869999885559082;10.885000228881836;10.779999732971191;10.789999961853027;239835;2021-05-21 09:30:00-04:00
10.779999732971191;10.850000381469728;10.762800216674805;10.8100004196167;137917;2021-05-21 10:30:00-04:00
10.800000190734863;10.84000015258789;10.800000190734863;10.84000015258789;85029;2021-05-21 11:30:00-04:00
10.84000015258789;10.845000267028809;10.81999969482422;10.824999809265137;60808;2021-05-21 12:30:00-04:00
10.829999923706056;10.854999542236328;10.81999969482422;10.845000267028809;120063;2021-05-21 13:30:00-04:00
10.850000381469728;10.869999885559082;10.829999923706056;10.84000015258789;184001;2021-05-21 14:30:00-04:00
10.845000267028809;10.854999542236328;10.800000190734863;10.829999923706056;234394;2021-05-21 15:30:00-04:00
10.899999618530272;10.899999618530272;10.835000038146973;10.864999771118164;295532;2021-05-24 09:30:00-04:00
10.869999885559082;10.949999809265137;10.859999656677246;10.885000228881836;165615;2021-05-24 10:30:00-04:00
10.885000228881836;10.90999984741211;10.869999885559082;10.895000457763672;166306;2021-05-24 11:30:00-04:00
10.895000457763672;10.904999732971191;10.8100004196167;10.845000267028809;133239;2021-05-24 12:30:00-04:00
10.845000267028809;10.890000343322754;10.84000015258789;10.885000228881836;95844;2021-05-24 13:30:00-04:00
10.885000228881836;10.90999984741211;10.880000114440918;10.885000228881836;219449;2021-05-24 14:30:00-04:00
10.880000114440918;10.899999618530272;10.859999656677246;10.880000114440918;197091;2021-05-24 15:30:00-04:00
10.869999885559082;10.889900207519531;10.720000267028809;10.789999961853027;128669;2021-05-25 09:30:00-04:00
10.795000076293944;10.80500030517578;10.720000267028809;10.75;122422;2021-05-25 10:30:00-04:00
10.739999771118164;10.800000190734863;10.710000038146973;10.800000190734863;86205;2021-05-25 11:30:00-04:00
10.80500030517578;10.829999923706056;10.79010009765625;10.8149995803833;78955;2021-05-25 12:30:00-04:00
10.8149995803833;10.824999809265137;10.789999961853027;10.8100004196167;97759;2021-05-25 13:30:00-04:00
10.81999969482422;10.81999969482422;10.739999771118164;10.770000457763672;94636;2021-05-25 14:30:00-04:00
10.770000457763672;10.779899597167969;10.699999809265137;10.710000038146973;178767;2021-05-25 15:30:00-04:00
10.710000038146973;10.81999969482422;10.710000038146973;10.81999969482422;120467;2021-05-26 09:30:00-04:00
10.8149995803833;10.84000015258789;10.789999961853027;10.8149995803833;92667;2021-05-26 10:30:00-04:00
10.81999969482422;10.829999923706056;10.800000190734863;10.8149995803833;52252;2021-05-26 11:30:00-04:00
10.8100004196167;10.829999923706056;10.8100004196167;10.821700096130373;46165;2021-05-26 12:30:00-04:00
10.824999809265137;10.824999809265137;10.789999961853027;10.8100004196167;64055;2021-05-26 13:30:00-04:00
10.811100006103516;10.829999923706056;10.800000190734863;10.800000190734863;85494;2021-05-26 14:30:00-04:00
10.8100004196167;10.81999969482422;10.779999732971191;10.8149995803833;151524;2021-05-26 15:30:00-04:00
10.890000343322754;10.90999984741211;10.844200134277344;10.895000457763672;148564;2021-05-27 09:30:00-04:00
10.895000457763672;10.90999984741211;10.869999885559082;10.875;104930;2021-05-27 10:30:00-04:00
10.875;10.899999618530272;10.869999885559082;10.895000457763672;61507;2021-05-27 11:30:00-04:00
10.895000457763672;10.949999809265137;10.890000343322754;10.940099716186523;89325;2021-05-27 12:30:00-04:00
10.94499969482422;11.0;10.9399995803833;10.96500015258789;162049;2021-05-27 13:30:00-04:00
10.96500015258789;10.970000267028809;10.90999984741211;10.914999961853027;114594;2021-05-27 14:30:00-04:00
10.90999984741211;10.920000076293944;10.880000114440918;10.890000343322754;187724;2021-05-27 15:30:00-04:00
10.960000038146973;10.970000267028809;10.869999885559082;10.9399995803833;131141;2021-05-28 09:30:00-04:00
10.94499969482422;10.960000038146973;10.895000457763672;10.9399995803833;115920;2021-05-28 10:30:00-04:00
10.94499969482422;10.960000038146973;10.845000267028809;10.883000373840332;126365;2021-05-28 11:30:00-04:00
10.880000114440918;10.885000228881836;10.8149995803833;10.859999656677246;122655;2021-05-28 12:30:00-04:00
10.859999656677246;10.880000114440918;10.850000381469728;10.869999885559082;120110;2021-05-28 13:30:00-04:00
10.875;10.880000114440918;10.829999923706056;10.869999885559082;149141;2021-05-28 14:30:00-04:00
10.864999771118164;10.878000259399414;10.779999732971191;10.869999885559082;315206;2021-05-28 15:30:00-04:00
10.93000030517578;11.029999732971191;10.899999618530272;11.015000343322754;182118;2021-06-01 09:30:00-04:00
11.010000228881836;11.05500030517578;11.000100135803224;11.039999961853027;133152;2021-06-01 10:30:00-04:00
11.050000190734863;11.100000381469728;11.050000190734863;11.085000038146973;160510;2021-06-01 11:30:00-04:00
11.085000038146973;11.085000038146973;10.989999771118164;10.989999771118164;167547;2021-06-01 12:30:00-04:00
10.989999771118164;11.0;10.920000076293944;10.975000381469728;164022;2021-06-01 13:30:00-04:00
10.975000381469728;11.010000228881836;10.960000038146973;10.994999885559082;148772;2021-06-01 14:30:00-04:00
10.994999885559082;11.0;10.970000267028809;11.0;233452;2021-06-01 15:30:00-04:00
11.010000228881836;11.15999984741211;10.979999542236328;11.154999732971191;301992;2021-06-02 09:30:00-04:00
11.154999732971191;11.210000038146973;11.09000015258789;11.164999961853027;709567;2021-06-02 10:30:00-04:00
11.170000076293944;11.170000076293944;11.079999923706056;11.149999618530272;323401;2021-06-02 11:30:00-04:00
11.154999732971191;11.204999923706056;11.100000381469728;11.130000114440918;440996;2021-06-02 12:30:00-04:00
11.125;11.135000228881836;11.06999969482422;11.100000381469728;172637;2021-06-02 13:30:00-04:00
11.09000015258789;11.11989974975586;11.09000015258789;11.09000015258789;95170;2021-06-02 14:30:00-04:00
11.095000267028809;11.1899995803833;11.09000015258789;11.18000030517578;464614;2021-06-02 15:30:00-04:00
11.15999984741211;11.1899995803833;11.06999969482422;11.085000038146973;101803;2021-06-03 09:30:00-04:00
11.085000038146973;11.109999656677246;11.020000457763672;11.020000457763672;122435;2021-06-03 10:30:00-04:00
11.020000457763672;11.05500030517578;11.0;11.045000076293944;74001;2021-06-03 11:30:00-04:00
11.045000076293944;11.100000381469728;11.039999961853027;11.09000015258789;77277;2021-06-03 12:30:00-04:00
11.09000015258789;11.100000381469728;11.06999969482422;11.079999923706056;103066;2021-06-03 13:30:00-04:00
11.085000038146973;11.100000381469728;11.05490016937256;11.09000015258789;81174;2021-06-03 14:30:00-04:00
11.09000015258789;11.100000381469728;11.0600004196167;11.060999870300291;156842;2021-06-03 15:30:00-04:00
11.06999969482422;11.119999885559082;10.979999542236328;10.994999885559082;252680;2021-06-04 09:30:00-04:00
11.0;11.020000457763672;10.970000267028809;10.975000381469728;74617;2021-06-04 10:30:00-04:00
10.975000381469728;10.989999771118164;10.885000228881836;10.895000457763672;98900;2021-06-04 11:30:00-04:00
10.890000343322754;10.920000076293944;10.880000114440918;10.890000343322754;83547;2021-06-04 12:30:00-04:00
10.890000343322754;10.899999618530272;10.859999656677246;10.869999885559082;98489;2021-06-04 13:30:00-04:00
10.869999885559082;10.880000114440918;10.850000381469728;10.869999885559082;129393;2021-06-04 14:30:00-04:00
10.878899574279783;10.899999618530272;10.850000381469728;10.859999656677246;277377;2021-06-04 15:30:00-04:00
10.859999656677246;10.904999732971191;10.81999969482422;10.880000114440918;210412;2021-06-07 09:30:00-04:00
10.880000114440918;10.880000114440918;10.739999771118164;10.739999771118164;183431;2021-06-07 10:30:00-04:00
10.739999771118164;10.760000228881836;10.710000038146973;10.710000038146973;192431;2021-06-07 11:30:00-04:00
10.71500015258789;10.75;10.710000038146973;10.71500015258789;202254;2021-06-07 12:30:00-04:00
10.71500015258789;10.859999656677246;10.701000213623049;10.81999969482422;223394;2021-06-07 13:30:00-04:00
10.824999809265137;10.859999656677246;10.800000190734863;10.80500030517578;208529;2021-06-07 14:30:00-04:00
10.800000190734863;10.829999923706056;10.800000190734863;10.800000190734863;312082;2021-06-07 15:30:00-04:00
10.760000228881836;10.869999885559082;10.760000228881836;10.80500030517578;165005;2021-06-08 09:30:00-04:00
10.800000190734863;10.829999923706056;10.75;10.80500030517578;211383;2021-06-08 10:30:00-04:00
10.80500030517578;10.850000381469728;10.789999961853027;10.81999969482422;161438;2021-06-08 11:30:00-04:00
10.81999969482422;10.880000114440918;10.81999969482422;10.835000038146973;144766;2021-06-08 12:30:00-04:00
10.835000038146973;10.890000343322754;10.80500030517578;10.885000228881836;177321;2021-06-08 13:30:00-04:00
10.885000228881836;10.920000076293944;10.869999885559082;10.885000228881836;196466;2021-06-08 14:30:00-04:00
10.885000228881836;10.90999984741211;10.835000038146973;10.859999656677246;286102;2021-06-08 15:30:00-04:00
10.880000114440918;10.949999809265137;10.850000381469728;10.895000457763672;201454;2021-06-09 09:30:00-04:00
10.899999618530272;10.93000030517578;10.880000114440918;10.899999618530272;114045;2021-06-09 10:30:00-04:00
10.904999732971191;10.920000076293944;10.880000114440918;10.904999732971191;92146;2021-06-09 11:30:00-04:00
10.899999618530272;10.989999771118164;10.895000457763672;10.989999771118164;95912;2021-06-09 12:30:00-04:00
10.989999771118164;11.050000190734863;10.979999542236328;11.0;210469;2021-06-09 13:30:00-04:00
11.0;11.010000228881836;10.979999542236328;10.989999771118164;90015;2021-06-09 14:30:00-04:00
10.979999542236328;11.010000228881836;10.960000038146973;10.970000267028809;199434;2021-06-09 15:30:00-04:00
10.960000038146973;10.994999885559082;10.859999656677246;10.932000160217283;89680;2021-06-10 09:30:00-04:00
10.9399995803833;10.9399995803833;10.84000015258789;10.895000457763672;67561;2021-06-10 10:30:00-04:00
10.895000457763672;10.93000030517578;10.890000343322754;10.93000030517578;47911;2021-06-10 11:30:00-04:00
10.93000030517578;11.0600004196167;10.925000190734863;11.039999961853027;164003;2021-06-10 12:30:00-04:00
11.03499984741211;11.039999961853027;11.020000457763672;11.020000457763672;79917;2021-06-10 13:30:00-04:00
11.024999618530272;11.039999961853027;11.005000114440918;11.010000228881836;79334;2021-06-10 14:30:00-04:00
11.010000228881836;11.010000228881836;10.949999809265137;10.979999542236328;327252;2021-06-10 15:30:00-04:00
11.0;11.100000381469728;10.954999923706056;10.994999885559082;123931;2021-06-11 09:30:00-04:00
10.994999885559082;10.994999885559082;10.920000076293944;10.920000076293944;78037;2021-06-11 10:30:00-04:00
10.920000076293944;10.93000030517578;10.899999618530272;10.899999618530272;61781;2021-06-11 11:30:00-04:00
10.904999732971191;10.94499969482422;10.899999618530272;10.925000190734863;91270;2021-06-11 12:30:00-04:00
10.920000076293944;10.925000190734863;10.850000381469728;10.850000381469728;73100;2021-06-11 13:30:00-04:00
10.850000381469728;10.890000343322754;10.84000015258789;10.890000343322754;82497;2021-06-11 14:30:00-04:00
10.890000343322754;10.9399995803833;10.88259983062744;10.93000030517578;97075;2021-06-11 15:30:00-04:00
10.970000267028809;11.015000343322754;10.920000076293944;10.925000190734863;130259;2021-06-14 09:30:00-04:00
10.925000190734863;10.960000038146973;10.914999961853027;10.914999961853027;93671;2021-06-14 10:30:00-04:00
10.920000076293944;10.93000030517578;10.904999732971191;10.909700393676758;39105;2021-06-14 11:30:00-04:00
10.899999618530272;10.949999809265137;10.899999618530272;10.9350004196167;66511;2021-06-14 12:30:00-04:00
10.9399995803833;10.949999809265137;10.90999984741211;10.914999961853027;88770;2021-06-14 13:30:00-04:00
10.90999984741211;10.920000076293944;10.850000381469728;10.859999656677246;97545;2021-06-14 14:30:00-04:00
10.869999885559082;10.90999984741211;10.81999969482422;10.859999656677246;230897;2021-06-14 15:30:00-04:00
10.850000381469728;10.890000343322754;10.800000190734863;10.880000114440918;116688;2021-06-15 09:30:00-04:00
10.880000114440918;10.920000076293944;10.864999771118164;10.869999885559082;88445;2021-06-15 10:30:00-04:00
10.869999885559082;10.920000076293944;10.829999923706056;10.920000076293944;139009;2021-06-15 11:30:00-04:00
10.914999961853027;10.920000076293944;10.890000343322754;10.890000343322754;56735;2021-06-15 12:30:00-04:00
10.885000228881836;10.914999961853027;10.880000114440918;10.904999732971191;82041;2021-06-15 13:30:00-04:00
10.90999984741211;10.920000076293944;10.880000114440918;10.890000343322754;91585;2021-06-15 14:30:00-04:00
10.885000228881836;10.920000076293944;10.869999885559082;10.90999984741211;154472;2021-06-15 15:30:00-04:00
10.880000114440918;10.93000030517578;10.84000015258789;10.885000228881836;109225;2021-06-16 09:30:00-04:00
10.885000228881836;10.93000030517578;10.84000015258789;10.925000190734863;60958;2021-06-16 10:30:00-04:00
10.93000030517578;10.970000267028809;10.90999984741211;10.914999961853027;73813;2021-06-16 11:30:00-04:00
10.914999961853027;10.9350004196167;10.890000343322754;10.90999984741211;90814;2021-06-16 12:30:00-04:00
10.914999961853027;10.93000030517578;10.84000015258789;10.890000343322754;156097;2021-06-16 13:30:00-04:00
10.880000114440918;10.975000381469728;10.84000015258789;10.920000076293944;194782;2021-06-16 14:30:00-04:00
10.925000190734863;10.93000030517578;10.880000114440918;10.890000343322754;150169;2021-06-16 15:30:00-04:00
10.779999732971191;10.779999732971191;10.600000381469728;10.628399848937988;192260;2021-06-17 09:30:00-04:00
10.619999885559082;10.640000343322754;10.56999969482422;10.609999656677246;119937;2021-06-17 10:30:00-04:00
10.619000434875488;10.630000114440918;10.475000381469728;10.475000381469728;160572;2021-06-17 11:30:00-04:00
10.470000267028809;10.510000228881836;10.449999809265137;10.494999885559082;83395;2021-06-17 12:30:00-04:00
10.489999771118164;10.59000015258789;10.470000267028809;10.550000190734863;393342;2021-06-17 13:30:00-04:00
10.550000190734863;10.600000381469728;10.545000076293944;10.595000267028809;186433;2021-06-17 14:30:00-04:00
10.600000381469728;10.739999771118164;10.595000267028809;10.729999542236328;455641;2021-06-17 15:30:00-04:00
10.609999656677246;10.65999984741211;10.449999809265137;10.46500015258789;332170;2021-06-18 09:30:00-04:00
10.460000038146973;10.520000457763672;10.4399995803833;10.4399995803833;118388;2021-06-18 10:30:00-04:00
10.44499969482422;10.508999824523926;10.4399995803833;10.479999542236328;104756;2021-06-18 11:30:00-04:00
10.479999542236328;10.479999542236328;10.364999771118164;10.370100021362305;370545;2021-06-18 12:30:00-04:00
10.369999885559082;10.399999618530272;10.350000381469728;10.354999542236328;279102;2021-06-18 13:30:00-04:00
10.354999542236328;10.359999656677246;10.25;10.300000190734863;243996;2021-06-18 14:30:00-04:00
10.300000190734863;10.479999542236328;10.260000228881836;10.369999885559082;610103;2021-06-18 15:30:00-04:00
10.399999618530272;10.414999961853027;10.270000457763672;10.407699584960938;182963;2021-06-21 09:30:00-04:00
10.404999732971191;10.420000076293944;10.359999656677246;10.399999618530272;137273;2021-06-21 10:30:00-04:00
10.399999618530272;10.4399995803833;10.395000457763672;10.414999961853027;77354;2021-06-21 11:30:00-04:00
10.40999984741211;10.470000267028809;10.404999732971191;10.469900131225586;84593;2021-06-21 12:30:00-04:00
10.470000267028809;10.510000228881836;10.460000038146973;10.5;72871;2021-06-21 13:30:00-04:00
10.5;10.539999961853027;10.484999656677246;10.5;82665;2021-06-21 14:30:00-04:00
10.494999885559082;10.529999732971191;10.479999542236328;10.510000228881836;161245;2021-06-21 15:30:00-04:00
10.5;10.57009983062744;10.404999732971191;10.57009983062744;171447;2021-06-22 09:30:00-04:00
10.574999809265137;10.6318998336792;10.566200256347656;10.600000381469728;69773;2021-06-22 10:30:00-04:00
10.59000015258789;10.596699714660645;10.520000457763672;10.56999969482422;85429;2021-06-22 11:30:00-04:00
10.56999969482422;10.600000381469728;10.53499984741211;10.600000381469728;89269;2021-06-22 12:30:00-04:00
10.592900276184082;10.604999542236328;10.56999969482422;10.600000381469728;78891;2021-06-22 13:30:00-04:00
10.595000267028809;10.606900215148926;10.550000190734863;10.579999923706056;92126;2021-06-22 14:30:00-04:00
10.589200019836426;10.59000015258789;10.5600004196167;10.579999923706056;111661;2021-06-22 15:30:00-04:00
10.600000381469728;10.640000343322754;10.529999732971191;10.559000015258787;139394;2021-06-23 09:30:00-04:00
10.55500030517578;10.574999809265137;10.539999961853027;10.5600004196167;104977;2021-06-23 10:30:00-04:00
10.559000015258787;10.649999618530272;10.460000038146973;10.494999885559082;205472;2021-06-23 11:30:00-04:00
10.489999771118164;10.529999732971191;10.449999809265137;10.524999618530272;107278;2021-06-23 12:30:00-04:00
10.520000457763672;10.524999618530272;10.449999809265137;10.454999923706056;89928;2021-06-23 13:30:00-04:00
10.449999809265137;10.479999542236328;10.43000030517578;10.470000267028809;120234;2021-06-23 14:30:00-04:00
10.475000381469728;10.489999771118164;10.43000030517578;10.449999809265137;237310;2021-06-23 15:30:00-04:00
10.449999809265137;10.5600004196167;10.425000190734863;10.539999961853027;99293;2021-06-24 09:30:00-04:00
10.550000190734863;10.56999969482422;10.502400398254396;10.502599716186523;65936;2021-06-24 10:30:00-04:00
10.510000228881836;10.510000228881836;10.460000038146973;10.5;97000;2021-06-24 11:30:00-04:00
10.494999885559082;10.539999961853027;10.489999771118164;10.515000343322754;57557;2021-06-24 12:30:00-04:00
10.510000228881836;10.520000457763672;10.470000267028809;10.520000457763672;79753;2021-06-24 13:30:00-04:00
10.515000343322754;10.545000076293944;10.5;10.545000076293944;74258;2021-06-24 14:30:00-04:00
10.545000076293944;10.579999923706056;10.520000457763672;10.5600004196167;166207;2021-06-24 15:30:00-04:00
10.579999923706056;10.729999542236328;10.579999923706056;10.704999923706056;238273;2021-06-25 09:30:00-04:00
10.710000038146973;10.739999771118164;10.65999984741211;10.734999656677246;102089;2021-06-25 10:30:00-04:00
10.739999771118164;10.75;10.6899995803833;10.725000381469728;70366;2021-06-25 11:30:00-04:00
10.725000381469728;10.789999961853027;10.713600158691406;10.779999732971191;101285;2021-06-25 12:30:00-04:00
10.770099639892578;10.789999961853027;10.744999885559082;10.779899597167969;105511;2021-06-25 13:30:00-04:00
10.779999732971191;10.84000015258789;10.779999732971191;10.835000038146973;147652;2021-06-25 14:30:00-04:00
10.835000038146973;10.835000038146973;10.630000114440918;10.65999984741211;705690;2021-06-25 15:30:00-04:00
10.699999809265137;10.710000038146973;10.545000076293944;10.54580020904541;160108;2021-06-28 09:30:00-04:00
10.539999961853027;10.619999885559082;10.524999618530272;10.609999656677246;115534;2021-06-28 10:30:00-04:00
10.609999656677246;10.609999656677246;10.510000228881836;10.524999618530272;57998;2021-06-28 11:30:00-04:00
10.520000457763672;10.539999961853027;10.420000076293944;10.479999542236328;530859;2021-06-28 12:30:00-04:00
10.479999542236328;10.515000343322754;10.460000038146973;10.475000381469728;165295;2021-06-28 13:30:00-04:00
10.475000381469728;10.48989963531494;10.4399995803833;10.47249984741211;105606;2021-06-28 14:30:00-04:00
10.475000381469728;10.489999771118164;10.460000038146973;10.475000381469728;167671;2021-06-28 15:30:00-04:00
10.460000038146973;10.59000015258789;10.420000076293944;10.579999923706056;178396;2021-06-29 09:30:00-04:00
10.56999969482422;10.629899978637695;10.515000343322754;10.5600004196167;119260;2021-06-29 10:30:00-04:00
10.5649995803833;10.635000228881836;10.505000114440918;10.630000114440918;160338;2021-06-29 11:30:00-04:00
10.639200210571287;10.6899995803833;10.625;10.635000228881836;164006;2021-06-29 12:30:00-04:00
10.635000228881836;10.635000228881836;10.550000190734863;10.579999923706056;915979;2021-06-29 13:30:00-04:00
10.585000038146973;10.619999885559082;10.5649995803833;10.579999923706056;386454;2021-06-29 14:30:00-04:00
10.579999923706056;10.649999618530272;10.539999961853027;10.630000114440918;405539;2021-06-29 15:30:00-04:00
10.68000030517578;10.699999809265137;10.59000015258789;10.645000457763672;160019;2021-06-30 09:30:00-04:00
10.645000457763672;10.675000190734863;10.600000381469728;10.675000190734863;105447;2021-06-30 10:30:00-04:00
10.68000030517578;10.729999542236328;10.670000076293944;10.69499969482422;113173;2021-06-30 11:30:00-04:00
10.6899995803833;10.710000038146973;10.649999618530272;10.654999732971191;103279;2021-06-30 12:30:00-04:00
10.654999732971191;10.68000030517578;10.630000114440918;10.654999732971191;60041;2021-06-30 13:30:00-04:00
10.654999732971191;10.65999984741211;10.619999885559082;10.630000114440918;70995;2021-06-30 14:30:00-04:00
10.625;10.640000343322754;10.59000015258789;10.600000381469728;140209;2021-06-30 15:30:00-04:00
10.649999618530272;10.649999618530272;10.505000114440918;10.585000038146973;119426;2021-07-01 09:30:00-04:00
10.59000015258789;10.625;10.579999923706056;10.604999542236328;96665;2021-07-01 10:30:00-04:00
10.600000381469728;10.649999618530272;10.600000381469728;10.640000343322754;64938;2021-07-01 11:30:00-04:00
10.63010025024414;10.65999984741211;10.630000114440918;10.649999618530272;55647;2021-07-01 12:30:00-04:00
10.645000457763672;10.645000457763672;10.580100059509276;10.619999885559082;94133;2021-07-01 13:30:00-04:00
10.619999885559082;10.65999984741211;10.619999885559082;10.654999732971191;78290;2021-07-01 14:30:00-04:00
10.654999732971191;10.654999732971191;10.56999969482422;10.600000381469728;196402;2021-07-01 15:30:00-04:00
10.609999656677246;10.636799812316896;10.609999656677246;10.630000114440918;529482;2021-07-07 14:30:00-04:00
10.5;10.579999923706056;10.454999923706056;10.579999923706056;136458;2021-07-08 09:30:00-04:00
10.585000038146973;10.585000038146973;10.529999732971191;10.550000190734863;68013;2021-07-08 10:30:00-04:00
10.550000190734863;10.585000038146973;10.529999732971191;10.545000076293944;65456;2021-07-08 11:30:00-04:00
10.550000190734863;10.5600004196167;10.505000114440918;10.539999961853027;149276;2021-07-08 12:30:00-04:00
10.539999961853027;10.539999961853027;10.494999885559082;10.515000343322754;133725;2021-07-08 13:30:00-04:00
10.515000343322754;10.550000190734863;10.479999542236328;10.538999557495115;172203;2021-07-08 14:30:00-04:00
10.53499984741211;10.5600004196167;10.505000114440918;10.550000190734863;135053;2021-07-08 15:30:00-04:00
10.539999961853027;10.6899995803833;10.539999961853027;10.65999984741211;88248;2021-07-09 09:30:00-04:00
10.65999984741211;10.65999984741211;10.609999656677246;10.619000434875488;36790;2021-07-09 10:30:00-04:00
10.614999771118164;10.619999885559082;10.574999809265137;10.604999542236328;51683;2021-07-09 11:30:00-04:00
10.609999656677246;10.619999885559082;10.600000381469728;10.600000381469728;28070;2021-07-09 12:30:00-04:00
10.600000381469728;10.640000343322754;10.59000015258789;10.635000228881836;48815;2021-07-09 13:30:00-04:00
10.635000228881836;10.640000343322754;10.579999923706056;10.614999771118164;119403;2021-07-09 14:30:00-04:00
10.619999885559082;10.670000076293944;10.619999885559082;10.65999984741211;102223;2021-07-09 15:30:00-04:00
10.640000343322754;10.670000076293944;10.550000190734863;10.650099754333496;155423;2021-07-12 09:30:00-04:00
10.654999732971191;10.699999809265137;10.649999618530272;10.6899995803833;108430;2021-07-12 10:30:00-04:00
10.69499969482422;10.760000228881836;10.6899995803833;10.755000114440918;203520;2021-07-12 11:30:00-04:00
10.760000228881836;10.774999618530272;10.739999771118164;10.762900352478027;126128;2021-07-12 12:30:00-04:00
10.765000343322754;10.800000190734863;10.755000114440918;10.789999961853027;81867;2021-07-12 13:30:00-04:00
10.791000366210938;10.850000381469728;10.791000366210938;10.84000015258789;148252;2021-07-12 14:30:00-04:00
10.835000038146973;10.850000381469728;10.779999732971191;10.84000015258789;299424;2021-07-12 15:30:00-04:00
10.760000228881836;10.795000076293944;10.710000038146973;10.779999732971191;187887;2021-07-13 09:30:00-04:00
10.779999732971191;10.8100004196167;10.760000228881836;10.774999618530272;59275;2021-07-13 10:30:00-04:00
10.774999618530272;10.81999969482422;10.760000228881836;10.800000190734863;58422;2021-07-13 11:30:00-04:00
10.800000190734863;10.8100004196167;10.775099754333496;10.789999961853027;53685;2021-07-13 12:30:00-04:00
10.779999732971191;10.789999961853027;10.729900360107422;10.729900360107422;67658;2021-07-13 13:30:00-04:00
10.725000381469728;10.729999542236328;10.65999984741211;10.675000190734863;56310;2021-07-13 14:30:00-04:00
10.675000190734863;10.710000038146973;10.65999984741211;10.710000038146973;183267;2021-07-13 15:30:00-04:00
10.699999809265137;10.757699966430664;10.609999656677246;10.625;79577;2021-07-14 09:30:00-04:00
10.625;10.65999984741211;10.609999656677246;10.614999771118164;57311;2021-07-14 10:30:00-04:00
10.614999771118164;10.630000114440918;10.579999923706056;10.619999885559082;155205;2021-07-14 11:30:00-04:00
10.609999656677246;10.6899995803833;10.609999656677246;10.675000190734863;67906;2021-07-14 12:30:00-04:00
10.68000030517578;10.68000030517578;10.619999885559082;10.625;61245;2021-07-14 13:30:00-04:00
10.619999885559082;10.739999771118164;10.59000015258789;10.734999656677246;485660;2021-07-14 14:30:00-04:00
10.734999656677246;10.779999732971191;10.710000038146973;10.770000457763672;636223;2021-07-14 15:30:00-04:00
10.770000457763672;10.800000190734863;10.6850004196167;10.729999542236328;343517;2021-07-15 09:30:00-04:00
10.729999542236328;10.770000457763672;10.604999542236328;10.739999771118164;443008;2021-07-15 10:30:00-04:00
10.734999656677246;10.770000457763672;10.710000038146973;10.758999824523926;136755;2021-07-15 11:30:00-04:00
10.75100040435791;10.78499984741211;10.68000030517578;10.729999542236328;125125;2021-07-15 12:30:00-04:00
10.725000381469728;10.729999542236328;10.675000190734863;10.729999542236328;141526;2021-07-15 13:30:00-04:00
10.720100402832031;10.779999732971191;10.710000038146973;10.770000457763672;139601;2021-07-15 14:30:00-04:00
10.770000457763672;10.84000015258789;10.770000457763672;10.829999923706056;168875;2021-07-15 15:30:00-04:00
10.899999618530272;11.1899995803833;10.880000114440918;11.135000228881836;792605;2021-07-16 09:30:00-04:00
11.140000343322754;11.199999809265137;11.109999656677246;11.164999961853027;350264;2021-07-16 10:30:00-04:00
11.15999984741211;11.170000076293944;11.09000015258789;11.164999961853027;271544;2021-07-16 11:30:00-04:00
11.15999984741211;11.220000267028809;11.149999618530272;11.18000030517578;236607;2021-07-16 12:30:00-04:00
11.18000030517578;11.1899995803833;11.074999809265137;11.100000381469728;284576;2021-07-16 13:30:00-04:00
11.100000381469728;11.119999885559082;11.039999961853027;11.119999885559082;146555;2021-07-16 14:30:00-04:00
11.119999885559082;11.140000343322754;11.029999732971191;11.050000190734863;616692;2021-07-16 15:30:00-04:00
10.755000114440918;11.05500030517578;10.755000114440918;10.890000343322754;470378;2021-07-19 09:30:00-04:00
10.880000114440918;10.960000038146973;10.845000267028809;10.949999809265137;172827;2021-07-19 10:30:00-04:00
10.960000038146973;10.979999542236328;10.904999732971191;10.949999809265137;193934;2021-07-19 11:30:00-04:00
10.94499969482422;10.960000038146973;10.789999961853027;10.791999816894531;207613;2021-07-19 12:30:00-04:00
10.789999961853027;10.789999961853027;10.71500015258789;10.760000228881836;221669;2021-07-19 13:30:00-04:00
10.760000228881836;10.8100004196167;10.670000076293944;10.795000076293944;277811;2021-07-19 14:30:00-04:00
10.795000076293944;10.875;10.779999732971191;10.869999885559082;366243;2021-07-19 15:30:00-04:00
10.859999656677246;11.130000114440918;10.850000381469728;11.050000190734863;174718;2021-07-20 09:30:00-04:00
11.050000190734863;11.209199905395508;11.050000190734863;11.18000030517578;135182;2021-07-20 10:30:00-04:00
11.1850004196167;11.260000228881836;11.170000076293944;11.225600242614746;138476;2021-07-20 11:30:00-04:00
11.225000381469728;11.329999923706056;11.220000267028809;11.295000076293944;192423;2021-07-20 12:30:00-04:00
11.289999961853027;11.399999618530272;11.289999961853027;11.399999618530272;195890;2021-07-20 13:30:00-04:00
11.399999618530272;11.414999961853027;11.360099792480469;11.395000457763672;236566;2021-07-20 14:30:00-04:00
11.395000457763672;11.449999809265137;11.369999885559082;11.380000114440918;502129;2021-07-20 15:30:00-04:00
