Date;Open;High;Low;Close;Volume
2013-09-26;10.0;10.09000015258789;9.369999885559082;9.960000038146973;946000
2013-09-27;10.4399995803833;10.4399995803833;10.0;10.100000381469727;253300
2013-09-30;10.0;10.180000305175781;9.710000038146973;10.0;84900
2013-10-01;9.949999809265137;10.020000457763672;9.920000076293945;10.0;74500
2013-10-02;9.989999771118164;10.0;9.890000343322754;9.970000267028809;94000
2013-10-03;10.0;10.010000228881836;9.800000190734863;10.0;72400
2013-10-04;10.100000381469727;10.199999809265137;9.819999694824219;10.199999809265137;109800
2013-10-07;10.399999618530273;10.399999618530273;10.0600004196167;10.180000305175781;52700
2013-10-08;10.199999809265137;10.199999809265137;10.100000381469727;10.119999885559082;13900
2013-10-09;10.140000343322754;10.210000038146973;10.140000343322754;10.149999618530273;14800
2013-10-10;10.5;10.550000190734863;10.010000228881836;10.199999809265137;80300
2013-10-11;10.3100004196167;10.40999984741211;10.149999618530273;10.180000305175781;23700
2013-10-14;9.510000228881836;10.050000190734863;9.069999694824219;10.0;64400
2013-10-15;9.779999732971191;10.289999961853027;9.770000457763672;10.180000305175781;10200
2013-10-16;10.279999732971191;10.279999732971191;10.010000228881836;10.25;7100
2013-10-17;10.09000015258789;10.550000190734863;10.0;10.4399995803833;63100
2013-10-18;10.489999771118164;12.0;10.479999542236328;11.010000228881836;154200
2013-10-21;12.979999542236328;13.0;11.550000190734863;12.899999618530273;252600
2013-10-22;13.0;13.5;12.670000076293945;13.130000114440918;321200
2013-10-23;12.989999771118164;13.40999984741211;12.899999618530273;13.109999656677246;65000
2013-10-24;13.100000381469727;13.489999771118164;12.449999809265137;12.609999656677246;74700
2013-10-25;12.449999809265137;12.800000190734863;12.260000228881836;12.359999656677246;130200
2013-10-28;12.25;12.380000114440918;11.529999732971191;11.869999885559082;67800
2013-10-29;11.90999984741211;13.180000305175781;11.90999984741211;13.0600004196167;180100
2013-10-30;13.050000190734863;13.180000305175781;11.600000381469727;12.550000190734863;133500
2013-10-31;12.649999618530273;13.020000457763672;12.550000190734863;12.680000305175781;89300
2013-11-01;12.869999885559082;12.949999809265137;12.289999961853027;12.760000228881836;46400
2013-11-04;12.850000381469727;13.0;12.850000381469727;13.0;67700
2013-11-05;12.850000381469727;13.0;12.75;13.0;29200
2013-11-06;12.5;13.3100004196167;12.5;13.119999885559082;99900
2013-11-07;13.0;13.479999542236328;12.75;13.0;75100
2013-11-08;12.899999618530273;12.989999771118164;12.420000076293945;12.800000190734863;88200
2013-11-11;12.800000190734863;13.0600004196167;12.6899995803833;12.899999618530273;17200
2013-11-12;12.920000076293945;13.100000381469727;12.859999656677246;13.0;12200
2013-11-13;12.880000114440918;12.989999771118164;12.520000457763672;12.619999885559082;13500
2013-11-14;12.510000228881836;12.579999923706055;12.210000038146973;12.390000343322754;20900
2013-11-15;12.390000343322754;12.6899995803833;12.25;12.65999984741211;16500
2013-11-18;12.520000457763672;12.779999732971191;12.199999809265137;12.210000038146973;79900
2013-11-19;12.34000015258789;12.489999771118164;12.239999771118164;12.430000305175781;10400
2013-11-20;12.489999771118164;12.569999694824219;12.3100004196167;12.5;22000
2013-11-21;12.5;12.5600004196167;12.380000114440918;12.5600004196167;27200
2013-11-22;12.579999923706055;12.579999923706055;12.3100004196167;12.569999694824219;39300
2013-11-25;12.569999694824219;12.800000190734863;12.569999694824219;12.569999694824219;59600
2013-11-26;12.640000343322754;12.640000343322754;12.229999542236328;12.630000114440918;46600
2013-11-27;12.5;12.989999771118164;12.239999771118164;12.960000038146973;36200
2013-11-29;12.960000038146973;13.239999771118164;12.25;13.1899995803833;54600
2013-12-02;13.069999694824219;13.270000457763672;12.579999923706055;12.579999923706055;18600
2013-12-03;12.609999656677246;13.0;12.199999809265137;12.3100004196167;47300
2013-12-04;12.380000114440918;12.90999984741211;12.300000190734863;12.890000343322754;75000
2013-12-05;12.75;13.199999809265137;12.75;13.119999885559082;126000
2013-12-06;13.15999984741211;14.739999771118164;13.15999984741211;14.369999885559082;192100
2013-12-09;14.710000038146973;15.84000015258789;14.5;14.880000114440918;195100
2013-12-10;14.729999542236328;15.75;14.729999542236328;15.59000015258789;100600
2013-12-11;15.600000381469727;16.610000610351562;15.510000228881836;15.8100004196167;127900
2013-12-12;16.0;16.100000381469727;14.6899995803833;15.140000343322754;97400
2013-12-13;15.260000228881836;15.960000038146973;14.289999961853027;14.779999732971191;68800
2013-12-16;14.930000305175781;15.869999885559082;14.710000038146973;15.479999542236328;92400
2013-12-17;15.510000228881836;15.829999923706055;14.890000343322754;15.140000343322754;77500
2013-12-18;15.149999618530273;15.430000305175781;14.850000381469727;15.199999809265137;77200
2013-12-19;15.199999809265137;15.649999618530273;14.75;15.390000343322754;80800
2013-12-20;15.0600004196167;15.319999694824219;14.5;14.800000190734863;693700
2013-12-23;14.720000267028809;15.029999732971191;14.720000267028809;14.930000305175781;32400
2013-12-24;14.899999618530273;15.1899995803833;14.850000381469727;15.020000457763672;51900
2013-12-26;15.020000457763672;15.050000190734863;14.880000114440918;14.970000267028809;22700
2013-12-27;15.0;15.079999923706055;14.850000381469727;14.890000343322754;66800
2013-12-30;14.850000381469727;15.0;14.670000076293945;14.979999542236328;37200
2013-12-31;15.0;15.100000381469727;14.710000038146973;15.010000228881836;83900
2014-01-02;14.880000114440918;14.920000076293945;14.609999656677246;14.630000114440918;22500
2014-01-03;14.630000114440918;14.75;14.260000228881836;14.350000381469727;47300
2014-01-06;14.350000381469727;14.489999771118164;14.100000381469727;14.329999923706055;64100
2014-01-07;14.890000343322754;14.890000343322754;14.350000381469727;14.739999771118164;49300
2014-01-08;14.75;14.819999694824219;14.5;14.65999984741211;37600
2014-01-09;14.649999618530273;14.649999618530273;14.010000228881836;14.15999984741211;42600
2014-01-10;14.15999984741211;14.319999694824219;13.579999923706055;14.0;48200
2014-01-13;13.829999923706055;14.0600004196167;13.6899995803833;13.699999809265137;43300
2014-01-14;13.720000267028809;14.130000114440918;13.59000015258789;13.880000114440918;116600
2014-01-15;14.0;14.109999656677246;13.59000015258789;13.970000267028809;63600
2014-01-16;13.899999618530273;14.5600004196167;13.850000381469727;14.289999961853027;71400
2014-01-17;14.149999618530273;14.5;14.149999618530273;14.420000076293945;45000
2014-01-21;14.350000381469727;14.479999542236328;14.100000381469727;14.149999618530273;14900
2014-01-22;14.109999656677246;14.329999923706055;13.920000076293945;14.149999618530273;41600
2014-01-23;13.84000015258789;14.359999656677246;13.600000381469727;13.729999542236328;38100
2014-01-24;13.460000038146973;13.59000015258789;13.0;13.390000343322754;117200
2014-01-27;13.5;13.8100004196167;13.399999618530273;13.720000267028809;33900
2014-01-28;13.850000381469727;14.1899995803833;13.760000228881836;13.84000015258789;44000
2014-01-29;13.630000114440918;13.819999694824219;13.569999694824219;13.609999656677246;26100
2014-01-30;13.670000076293945;14.40999984741211;13.670000076293945;14.0;72700
2014-01-31;13.880000114440918;13.960000038146973;13.399999618530273;13.630000114440918;37600
2014-02-03;13.699999809265137;14.359999656677246;13.449999809265137;13.609999656677246;116600
2014-02-04;13.6899995803833;13.859999656677246;13.600000381469727;13.680000305175781;26800
2014-02-05;13.5600004196167;13.640000343322754;13.119999885559082;13.140000343322754;39700
2014-02-06;13.229999542236328;13.329999923706055;13.109999656677246;13.15999984741211;30500
2014-02-07;12.899999618530273;13.069999694824219;12.380000114440918;13.069999694824219;49000
2014-02-10;13.119999885559082;13.25;12.75;13.119999885559082;31300
2014-02-11;13.1899995803833;13.350000381469727;12.779999732971191;12.789999961853027;22400
2014-02-12;12.869999885559082;12.989999771118164;12.489999771118164;12.520000457763672;39100
2014-02-13;12.0;12.619999885559082;11.1899995803833;12.539999961853027;64100
2014-02-14;12.5;14.1899995803833;12.5;14.0;78500
2014-02-18;14.100000381469727;14.109999656677246;13.609999656677246;13.65999984741211;109100
2014-02-19;13.520000457763672;15.15999984741211;13.5;15.020000457763672;101300
2014-02-20;15.5;18.75;15.5;17.979999542236328;469000
2014-02-21;17.639999389648438;20.75;17.639999389648438;20.670000076293945;358800
2014-02-24;20.5;21.1200008392334;19.100000381469727;20.100000381469727;297900
2014-02-25;20.200000762939453;20.989999771118164;19.469999313354492;20.0;126500
2014-02-26;20.350000381469727;20.56999969482422;19.610000610351562;19.790000915527344;95600
2014-02-27;19.700000762939453;20.0;18.940000534057617;19.200000762939453;196200
2014-02-28;23.549999237060547;24.959999084472656;21.65999984741211;23.65999984741211;488100
2014-03-03;22.8799991607666;25.489999771118164;22.010000228881836;25.110000610351562;270100
2014-03-04;25.020000457763672;25.389999389648438;24.049999237060547;24.639999389648438;217000
2014-03-05;24.739999771118164;25.3700008392334;24.270000457763672;25.149999618530273;163300
2014-03-06;25.0;26.450000762939453;24.93000030517578;26.360000610351562;223800
2014-03-07;25.850000381469727;25.850000381469727;24.399999618530273;25.290000915527344;165800
2014-03-10;25.309999465942383;27.520000457763672;25.049999237060547;27.420000076293945;108800
2014-03-11;27.670000076293945;28.010000228881836;26.18000030517578;26.31999969482422;83500
2014-03-12;26.260000228881836;26.959999084472656;26.149999618530273;26.459999084472656;124900
2014-03-13;26.950000762939453;27.219999313354492;26.0;26.200000762939453;174100
2014-03-14;26.06999969482422;26.299999237060547;25.049999237060547;25.399999618530273;88100
2014-03-17;25.549999237060547;26.5;25.1200008392334;25.75;119500
2014-03-18;25.68000030517578;25.920000076293945;24.799999237060547;25.510000228881836;174800
2014-03-19;25.479999542236328;26.450000762939453;24.6200008392334;26.34000015258789;160800
2014-03-20;25.079999923706055;27.0;25.0;25.700000762939453;1383700
2014-03-21;25.68000030517578;26.030000686645508;25.049999237060547;25.469999313354492;234500
2014-03-24;26.010000228881836;26.149999618530273;24.84000015258789;25.809999465942383;213300
2014-03-25;26.0;26.75;24.920000076293945;25.43000030517578;209600
2014-03-26;25.5;25.739999771118164;23.979999542236328;24.270000457763672;468900
2014-03-27;24.290000915527344;25.229999542236328;23.610000610351562;24.950000762939453;367500
2014-03-28;25.0;25.350000381469727;24.059999465942383;24.959999084472656;274700
2014-03-31;24.700000762939453;24.84000015258789;24.5;24.670000076293945;511700
2014-04-01;24.549999237060547;24.549999237060547;23.68000030517578;24.360000610351562;405600
2014-04-02;24.399999618530273;24.579999923706055;23.600000381469727;24.290000915527344;319400
2014-04-03;24.290000915527344;24.56999969482422;23.399999618530273;23.559999465942383;234100
2014-04-04;23.639999389648438;23.639999389648438;22.219999313354492;22.3799991607666;329500
2014-04-07;22.190000534057617;22.520000457763672;20.739999771118164;20.989999771118164;304800
2014-04-08;20.06999969482422;22.139999389648438;20.0;21.989999771118164;396900
2014-04-09;21.940000534057617;23.639999389648438;21.940000534057617;23.299999237060547;352200
2014-04-10;23.0;23.1299991607666;21.260000228881836;21.790000915527344;394100
2014-04-11;21.56999969482422;22.100000381469727;20.420000076293945;20.729999542236328;227600
2014-04-14;20.84000015258789;21.75;20.649999618530273;21.530000686645508;158500
2014-04-15;21.510000228881836;21.700000762939453;20.84000015258789;21.510000228881836;206800
2014-04-16;21.5;22.969999313354492;21.25;22.700000762939453;121200
2014-04-17;22.700000762939453;23.899999618530273;22.360000610351562;23.610000610351562;216700
2014-04-21;23.649999618530273;24.0;23.15999984741211;23.389999389648438;107200
2014-04-22;23.34000015258789;23.950000762939453;23.040000915527344;23.850000381469727;250600
2014-04-23;23.809999465942383;24.239999771118164;23.43000030517578;23.6299991607666;227600
2014-04-24;23.790000915527344;23.790000915527344;23.09000015258789;23.510000228881836;216500
2014-04-25;23.34000015258789;23.799999237060547;23.010000228881836;23.549999237060547;205000
2014-04-28;23.530000686645508;24.25;22.187999725341797;22.68000030517578;192400
2014-04-29;22.600000381469727;23.09000015258789;22.1299991607666;22.84000015258789;92800
2014-04-30;22.760000228881836;22.760000228881836;22.06999969482422;22.5;189400
2014-05-01;22.559999465942383;22.56999969482422;21.549999237060547;21.969999313354492;234400
2014-05-02;21.920000076293945;22.139999389648438;21.350000381469727;21.809999465942383;129800
2014-05-05;21.700000762939453;21.770000457763672;20.8799991607666;21.450000762939453;115700
2014-05-06;21.399999618530273;21.459999084472656;20.889999389648438;20.899999618530273;133200
2014-05-07;21.049999237060547;21.049999237060547;19.510000228881836;20.0;307500
2014-05-08;19.5;20.010000228881836;18.010000228881836;19.0;222000
2014-05-09;18.030000686645508;18.8799991607666;15.520000457763672;17.56999969482422;1153800
2014-05-12;17.56999969482422;17.639999389648438;17.079999923706055;17.440000534057617;276500
2014-05-13;17.399999618530273;17.950000762939453;17.209999084472656;17.260000228881836;176000
2014-05-14;17.170000076293945;17.5;16.93000030517578;17.219999313354492;179800
2014-05-15;17.43000030517578;18.479999542236328;17.34000015258789;18.149999618530273;303300
2014-05-16;18.040000915527344;18.29400062561035;17.670000076293945;18.149999618530273;135500
2014-05-19;17.989999771118164;19.600000381469727;17.989999771118164;19.280000686645508;235700
2014-05-20;19.239999771118164;19.239999771118164;18.020000457763672;18.149999618530273;141500
2014-05-21;18.110000610351562;19.655000686645508;17.809999465942383;18.350000381469727;117700
2014-05-22;18.350000381469727;19.040000915527344;18.016000747680664;18.65999984741211;106600
2014-05-23;18.700000762939453;18.8799991607666;18.31999969482422;18.760000228881836;60000
2014-05-27;18.780000686645508;19.3799991607666;18.559999465942383;19.100000381469727;81700
2014-05-28;19.3799991607666;20.579999923706055;19.3799991607666;20.389999389648438;208600
2014-05-29;20.489999771118164;22.049999237060547;20.479999542236328;21.6299991607666;346700
2014-05-30;21.520000457763672;21.799999237060547;20.799999237060547;21.40999984741211;244300
2014-06-02;21.360000610351562;21.5;20.020000457763672;20.5;177800
2014-06-03;20.34000015258789;20.799999237060547;19.989999771118164;20.1299991607666;147300
2014-06-04;20.079999923706055;20.690000534057617;19.700000762939453;20.34000015258789;107300
2014-06-05;20.420000076293945;20.969999313354492;20.309999465942383;20.899999618530273;152000
2014-06-06;20.93000030517578;21.170000076293945;20.760000228881836;21.1200008392334;115000
2014-06-09;21.030000686645508;21.440000534057617;20.729999542236328;21.389999389648438;91600
2014-06-10;21.229999542236328;22.31999969482422;21.020000457763672;22.280000686645508;201200
2014-06-11;22.100000381469727;22.420000076293945;21.69099998474121;22.329999923706055;194600
2014-06-12;22.200000762939453;22.450000762939453;21.8700008392334;22.299999237060547;160700
2014-06-13;22.010000228881836;22.010000228881836;21.270000457763672;21.860000610351562;113500
2014-06-16;21.899999618530273;22.799999237060547;21.75;22.709999084472656;172200
2014-06-17;22.610000610351562;22.809999465942383;21.65999984741211;21.780000686645508;203000
2014-06-18;21.860000610351562;23.100000381469727;21.68000030517578;23.040000915527344;353000
2014-06-19;23.1299991607666;23.200000762939453;22.40999984741211;23.149999618530273;238400
2014-06-20;23.149999618530273;23.729999542236328;22.969999313354492;23.579999923706055;474500
2014-06-23;23.56999969482422;23.56999969482422;22.850000381469727;23.059999465942383;237700
2014-06-24;23.31999969482422;24.18000030517578;23.190000534057617;23.459999084472656;426600
2014-06-25;23.260000228881836;23.850000381469727;22.93000030517578;23.25;267900
2014-06-26;23.270000457763672;23.43000030517578;22.6299991607666;22.68000030517578;109700
2014-06-27;22.75;23.21500015258789;21.8799991607666;22.920000076293945;1636000
2014-06-30;22.959999084472656;23.31999969482422;22.350000381469727;23.200000762939453;163400
2014-07-01;23.229999542236328;23.690000534057617;22.670000076293945;23.34000015258789;188100
2014-07-02;23.350000381469727;23.510000228881836;23.049999237060547;23.200000762939453;129700
2014-07-03;23.25;23.31999969482422;22.959999084472656;23.25;37100
2014-07-07;23.100000381469727;23.200000762939453;22.1200008392334;22.239999771118164;98900
2014-07-08;22.25;22.5;21.610000610351562;22.450000762939453;220300
2014-07-09;22.479999542236328;23.3799991607666;22.219999313354492;22.969999313354492;213800
2014-07-10;22.540000915527344;23.06999969482422;22.329999923706055;22.690000534057617;169100
2014-07-11;22.760000228881836;23.639999389648438;22.489999771118164;23.3799991607666;263200
2014-07-14;23.610000610351562;24.100000381469727;22.850000381469727;22.969999313354492;332500
2014-07-15;23.049999237060547;23.399999618530273;22.695999145507812;23.360000610351562;196500
2014-07-16;23.299999237060547;23.299999237060547;22.479999542236328;22.510000228881836;159300
2014-07-17;22.43000030517578;22.989999771118164;21.06999969482422;21.459999084472656;258400
2014-07-18;21.389999389648438;22.010000228881836;21.389999389648438;21.540000915527344;191000
2014-07-21;21.5;22.670000076293945;21.5;22.31999969482422;97800
2014-07-22;22.399999618530273;23.23200035095215;22.13800048828125;22.729999542236328;204100
2014-07-23;22.709999084472656;23.079999923706055;21.010000228881836;21.350000381469727;206700
2014-07-24;21.520000457763672;21.950000762939453;21.18000030517578;21.299999237060547;140700
2014-07-25;21.059999465942383;21.059999465942383;19.530000686645508;20.420000076293945;409200
2014-07-28;20.510000228881836;20.68000030517578;19.81999969482422;20.309999465942383;83800
2014-07-29;20.299999237060547;20.299999237060547;19.110000610351562;19.15999984741211;204400
2014-07-30;19.309999465942383;19.549999237060547;18.75;19.0;251600
2014-07-31;18.719999313354492;18.989999771118164;17.989999771118164;18.0;199600
2014-08-01;17.979999542236328;18.25;17.847999572753906;18.1200008392334;209000
2014-08-04;19.0;20.1299991607666;18.75;19.229999542236328;363700
2014-08-05;19.15999984741211;19.40999984741211;18.850000381469727;19.15999984741211;127400
2014-08-06;18.989999771118164;19.700000762939453;18.799999237060547;19.540000915527344;148000
2014-08-07;19.68000030517578;19.68000030517578;19.020000457763672;19.049999237060547;53700
2014-08-08;19.0;19.170000076293945;18.139999389648438;18.200000762939453;183700
2014-08-11;18.3799991607666;18.610000610351562;18.1299991607666;18.25;155700
2014-08-12;18.15999984741211;18.229999542236328;16.829999923706055;16.979999542236328;311400
2014-08-13;18.489999771118164;19.0;17.6200008392334;18.010000228881836;886400
2014-08-14;18.100000381469727;18.4060001373291;17.520000457763672;18.030000686645508;234900
2014-08-15;18.190000534057617;18.760000228881836;18.040000915527344;18.420000076293945;283300
2014-08-18;18.610000610351562;19.0;18.290000915527344;18.889999389648438;300800
2014-08-19;19.0;19.75;19.0;19.540000915527344;309600
2014-08-20;19.479999542236328;19.93000030517578;19.299999237060547;19.559999465942383;169400
2014-08-21;19.610000610351562;19.770000457763672;19.43000030517578;19.56999969482422;158600
2014-08-22;19.420000076293945;19.59000015258789;19.040000915527344;19.229999542236328;112100
2014-08-25;19.360000610351562;19.739999771118164;19.360000610351562;19.420000076293945;114000
2014-08-26;19.5;19.600000381469727;19.34000015258789;19.579999923706055;106700
2014-08-27;19.579999923706055;21.489999771118164;19.559999465942383;21.200000762939453;668900
2014-08-28;21.170000076293945;22.260000228881836;21.059999465942383;21.670000076293945;374100
2014-08-29;21.709999084472656;21.858999252319336;20.790000915527344;21.239999771118164;209400
2014-09-02;21.200000762939453;21.200000762939453;20.0;20.510000228881836;345100
2014-09-03;20.600000381469727;20.739999771118164;19.549999237060547;19.670000076293945;308100
2014-09-04;19.600000381469727;20.739999771118164;19.530000686645508;20.489999771118164;230500
2014-09-05;20.399999618530273;20.469999313354492;19.733999252319336;20.299999237060547;155300
2014-09-08;20.25;20.559999465942383;19.8700008392334;20.020000457763672;133500
2014-09-09;19.950000762939453;20.0049991607666;19.0;19.100000381469727;214900
2014-09-10;19.1200008392334;19.549999237060547;18.75;19.209999084472656;101100
2014-09-11;19.15999984741211;19.235000610351562;18.6200008392334;18.989999771118164;223900
2014-09-12;18.93000030517578;19.170000076293945;18.25;18.899999618530273;321900
2014-09-15;18.93000030517578;19.18000030517578;17.799999237060547;17.8799991607666;182700
2014-09-16;17.760000228881836;18.113000869750977;17.600000381469727;17.8700008392334;231300
2014-09-17;17.940000534057617;18.540000915527344;17.7549991607666;18.06999969482422;158800
2014-09-18;18.18000030517578;18.559999465942383;18.100000381469727;18.510000228881836;153400
2014-09-19;18.559999465942383;18.719999313354492;17.790000915527344;18.079999923706055;172000
2014-09-22;17.940000534057617;17.940000534057617;17.030000686645508;17.100000381469727;165900
2014-09-23;17.020000457763672;17.350000381469727;16.899999618530273;17.100000381469727;169200
2014-09-24;17.15999984741211;17.899999618530273;17.0;17.770000457763672;167500
2014-09-25;17.75;17.940000534057617;16.90999984741211;16.959999084472656;177700
2014-09-26;17.049999237060547;17.100000381469727;16.56999969482422;16.809999465942383;230300
2014-09-29;16.579999923706055;16.809999465942383;16.329999923706055;16.6299991607666;162900
2014-09-30;16.649999618530273;16.790000915527344;15.609999656677246;16.100000381469727;534000
2014-10-01;16.010000228881836;16.100000381469727;15.199999809265137;15.210000038146973;230700
2014-10-02;15.220000267028809;15.520000457763672;14.369999885559082;15.1899995803833;531400
2014-10-03;15.369999885559082;16.139999389648438;15.119999885559082;15.789999961853027;165200
2014-10-06;15.859999656677246;16.0;14.630000114440918;14.670000076293945;263500
2014-10-07;14.65999984741211;15.0;14.281999588012695;14.520000457763672;194600
2014-10-08;14.489999771118164;14.979999542236328;14.069999694824219;14.699999809265137;184200
2014-10-09;14.649999618530273;14.90999984741211;13.899999618530273;14.0;143300
2014-10-10;14.0;14.029999732971191;13.0;13.069999694824219;415300
2014-10-13;13.149999618530273;13.510000228881836;12.119999885559082;12.130000114440918;287800
2014-10-14;12.369999885559082;13.460000038146973;12.140000343322754;13.399999618530273;715100
2014-10-15;13.029999732971191;13.779999732971191;12.829999923706055;13.40999984741211;314200
2014-10-16;13.029999732971191;15.350000381469727;13.029999732971191;15.100000381469727;472700
2014-10-17;15.359999656677246;15.600000381469727;14.4399995803833;14.859999656677246;368700
2014-10-20;14.8100004196167;15.130000114440918;14.529999732971191;14.890000343322754;218100
2014-10-21;15.100000381469727;15.460000038146973;14.720000267028809;14.90999984741211;193900
2014-10-22;15.0;15.3100004196167;14.6899995803833;14.729999542236328;233600
2014-10-23;14.899999618530273;15.380000114440918;14.529999732971191;14.8100004196167;280700
2014-10-24;14.819999694824219;15.600000381469727;14.819999694824219;15.220000267028809;327100
2014-10-27;15.199999809265137;15.550000190734863;14.770000457763672;15.0600004196167;340400
2014-10-28;15.199999809265137;15.579999923706055;15.145000457763672;15.34000015258789;231400
2014-10-29;15.479999542236328;15.520000457763672;15.145999908447266;15.380000114440918;105900
2014-10-30;15.399999618530273;15.489999771118164;15.109999656677246;15.25;189600
2014-10-31;15.579999923706055;16.190000534057617;15.260000228881836;16.139999389648438;243700
2014-11-03;16.100000381469727;16.65999984741211;15.954999923706055;16.200000762939453;217600
2014-11-04;16.139999389648438;16.299999237060547;15.819999694824219;15.859999656677246;162900
2014-11-05;15.819999694824219;16.09000015258789;15.300000190734863;15.850000381469727;169500
2014-11-06;15.880000114440918;16.049999237060547;15.569999694824219;15.949999809265137;392100
2014-11-07;15.930000305175781;16.280000686645508;15.430000305175781;15.729999542236328;286600
2014-11-10;15.800000190734863;16.06999969482422;15.630000114440918;15.680000305175781;489300
2014-11-11;13.0;13.930000305175781;11.510000228881836;11.739999771118164;3403100
2014-11-12;11.710000038146973;12.350000381469727;11.699999809265137;12.319999694824219;997400
2014-11-13;12.399999618530273;12.579999923706055;12.0600004196167;12.100000381469727;655800
2014-11-14;12.029999732971191;12.342000007629395;12.0;12.170000076293945;276600
2014-11-17;12.15999984741211;12.210000038146973;11.800000190734863;11.880000114440918;348700
2014-11-18;11.899999618530273;12.699999809265137;11.899999618530273;12.609999656677246;550700
2014-11-19;12.630000114440918;12.630000114440918;12.1899995803833;12.329999923706055;317700
2014-11-20;12.25;12.649999618530273;12.029999732971191;12.609999656677246;390400
2014-11-21;12.84000015258789;12.84000015258789;12.359999656677246;12.489999771118164;256300
2014-11-24;12.510000228881836;12.619999885559082;12.239999771118164;12.34000015258789;400400
2014-11-25;12.350000381469727;12.5;11.899999618530273;11.9399995803833;412500
2014-11-26;11.859999656677246;11.989999771118164;11.350000381469727;11.619999885559082;690200
2014-11-28;11.619999885559082;11.619999885559082;10.75;10.850000381469727;394500
2014-12-01;10.800000190734863;11.010000228881836;10.170000076293945;10.270000457763672;807400
2014-12-02;10.25;10.300000190734863;9.5;10.0;822500
2014-12-03;9.970000267028809;10.199999809265137;9.859999656677246;10.149999618530273;316200
2014-12-04;10.149999618530273;10.149999618530273;9.930000305175781;9.989999771118164;316300
2014-12-05;10.050000190734863;10.329999923706055;9.930000305175781;10.140000343322754;401000
2014-12-08;10.109999656677246;10.170000076293945;9.59000015258789;9.779999732971191;428700
2014-12-09;9.59000015258789;10.25;9.380000114440918;10.25;368400
2014-12-10;10.1899995803833;10.1899995803833;9.579999923706055;9.770000457763672;395100
2014-12-11;9.850000381469727;10.177000045776367;9.649999618530273;9.9399995803833;306400
2014-12-12;9.8100004196167;9.960000038146973;9.479999542236328;9.640000343322754;250500
2014-12-15;9.6899995803833;9.890000343322754;9.260000228881836;9.479999542236328;288900
2014-12-16;9.470000267028809;9.979999542236328;9.289999961853027;9.779999732971191;282600
2014-12-17;9.770000457763672;10.199999809265137;9.670000076293945;10.109999656677246;192100
2014-12-18;10.270000457763672;10.8100004196167;10.069999694824219;10.710000038146973;249700
2014-12-19;10.65999984741211;10.84000015258789;10.039999961853027;10.640000343322754;246200
2014-12-22;10.699999809265137;10.710000038146973;10.3100004196167;10.430000305175781;220100
2014-12-23;10.5600004196167;10.84000015258789;10.449999809265137;10.800000190734863;276600
2014-12-24;10.890000343322754;10.9399995803833;10.600000381469727;10.75;67000
2014-12-26;10.729999542236328;10.729999542236328;10.34000015258789;10.630000114440918;109800
2014-12-29;10.710000038146973;11.100000381469727;10.529999732971191;10.9399995803833;234300
2014-12-30;10.869999885559082;11.180000305175781;10.869999885559082;11.010000228881836;156500
2014-12-31;11.050000190734863;11.479999542236328;10.843000411987305;11.220000267028809;248400
2015-01-02;11.279999732971191;11.279999732971191;10.720000267028809;10.789999961853027;184600
2015-01-05;10.75;10.850000381469727;10.399999618530273;10.649999618530273;204700
2015-01-06;10.649999618530273;10.6899995803833;10.149999618530273;10.25;183500
2015-01-07;10.350000381469727;10.390000343322754;9.70300006866455;9.850000381469727;351500
2015-01-08;9.989999771118164;10.229999542236328;9.84000015258789;9.960000038146973;214200
2015-01-09;10.0;10.15999984741211;9.869999885559082;10.109999656677246;114700
2015-01-12;10.0600004196167;10.0600004196167;9.569999694824219;9.699999809265137;159900
2015-01-13;9.84000015258789;10.210000038146973;9.069999694824219;9.25;484100
2015-01-14;9.010000228881836;9.119999885559082;8.510000228881836;8.800000190734863;557900
2015-01-15;8.859999656677246;8.859999656677246;8.359999656677246;8.380000114440918;313700
2015-01-16;8.350000381469727;8.699999809265137;8.170000076293945;8.59000015258789;210700
2015-01-20;8.579999923706055;8.6899995803833;8.380000114440918;8.600000381469727;143900
2015-01-21;8.619999885559082;8.890000343322754;8.5600004196167;8.739999771118164;144200
2015-01-22;8.779999732971191;9.0600004196167;8.612000465393066;8.979999542236328;172500
2015-01-23;9.0;9.470000267028809;8.960000038146973;9.210000038146973;180900
2015-01-26;9.210000038146973;9.520000457763672;9.09000015258789;9.25;174200
2015-01-27;9.119999885559082;9.489999771118164;9.050000190734863;9.40999984741211;194800
2015-01-28;9.399999618530273;9.399999618530273;8.9399995803833;9.079999923706055;235500
2015-01-29;9.15999984741211;9.300000190734863;8.899999618530273;9.199999809265137;246000
2015-01-30;9.119999885559082;9.279999732971191;8.859999656677246;8.9399995803833;138200
2015-02-02;8.970000267028809;8.970000267028809;8.630000114440918;8.710000038146973;132900
2015-02-03;8.760000228881836;9.15999984741211;8.760000228881836;9.020000457763672;206500
2015-02-04;9.029999732971191;9.300000190734863;8.779999732971191;9.149999618530273;161100
2015-02-05;9.239999771118164;9.479999542236328;9.098999977111816;9.369999885559082;110300
2015-02-06;9.420000076293945;9.710000038146973;9.359999656677246;9.600000381469727;111800
2015-02-09;9.529999732971191;9.890000343322754;9.430000305175781;9.850000381469727;90600
2015-02-10;9.880000114440918;10.289999961853027;9.640000343322754;10.199999809265137;166900
2015-02-11;10.149999618530273;10.359999656677246;9.970000267028809;10.210000038146973;162800
2015-02-12;10.270000457763672;10.774999618530273;10.104999542236328;10.199999809265137;310500
2015-02-13;10.170000076293945;10.359999656677246;10.020000457763672;10.149999618530273;143800
2015-02-17;10.149999618530273;10.375;10.079999923706055;10.25;215900
2015-02-18;10.229999542236328;10.3100004196167;10.109999656677246;10.170000076293945;107200
2015-02-19;10.119999885559082;10.289999961853027;10.050000190734863;10.210000038146973;152900
2015-02-20;10.220000267028809;10.300000190734863;10.109999656677246;10.220000267028809;93700
2015-02-23;10.210000038146973;10.234999656677246;9.970000267028809;10.0600004196167;216200
2015-02-24;10.029999732971191;10.739999771118164;9.829999923706055;10.350000381469727;304000
2015-02-25;10.399999618530273;10.810999870300293;9.979999542236328;10.510000228881836;316600
2015-02-26;10.649999618530273;12.300000190734863;10.600000381469727;11.819999694824219;1558200
2015-02-27;11.699999809265137;12.65999984741211;11.550000190734863;12.479999542236328;457600
2015-03-02;12.5;13.350000381469727;12.454999923706055;13.270000457763672;665100
2015-03-03;13.180000305175781;13.460000038146973;12.979999542236328;13.020000457763672;490400
2015-03-04;12.989999771118164;12.989999771118164;12.529999732971191;12.880000114440918;303100
2015-03-05;12.960000038146973;13.100000381469727;12.670000076293945;12.739999771118164;260500
2015-03-06;12.720000267028809;12.970000267028809;12.390000343322754;12.40999984741211;266400
2015-03-09;12.479999542236328;12.479999542236328;11.869999885559082;12.0;198100
2015-03-10;11.90999984741211;12.279999732971191;11.899999618530273;12.119999885559082;140500
2015-03-11;12.079999923706055;12.430000305175781;11.899999618530273;12.34000015258789;169700
2015-03-12;12.390000343322754;12.979999542236328;12.329999923706055;12.949999809265137;237700
2015-03-13;12.930000305175781;13.130000114440918;12.5600004196167;12.979999542236328;293600
2015-03-16;13.010000228881836;13.09000015258789;12.5;12.729999542236328;238900
2015-03-17;12.6899995803833;13.0;12.5;12.850000381469727;140700
2015-03-18;12.760000228881836;13.399999618530273;12.670000076293945;13.270000457763672;225700
2015-03-19;13.25;13.930000305175781;13.142999649047852;13.779999732971191;239600
2015-03-20;13.890000343322754;14.008000373840332;13.534000396728516;13.800000190734863;244200
2015-03-23;13.850000381469727;14.460000038146973;13.770000457763672;13.949999809265137;232200
2015-03-24;14.0;14.218999862670898;13.899999618530273;14.079999923706055;149000
2015-03-25;14.100000381469727;14.15999984741211;13.6850004196167;13.710000038146973;146100
2015-03-26;13.710000038146973;13.720000267028809;13.119999885559082;13.319999694824219;241200
2015-03-27;13.270000457763672;13.380000114440918;12.850000381469727;13.1899995803833;133300
2015-03-30;13.300000190734863;14.050000190734863;13.272000312805176;13.890000343322754;182700
2015-03-31;13.850000381469727;13.989999771118164;13.670000076293945;13.880000114440918;184400
2015-04-01;13.829999923706055;13.890000343322754;13.15999984741211;13.430000305175781;192800
2015-04-02;13.399999618530273;13.789999961853027;13.163999557495117;13.460000038146973;178700
2015-04-06;13.460000038146973;13.789999961853027;13.0;13.6899995803833;140200
2015-04-07;13.699999809265137;13.869999885559082;13.149999618530273;13.1899995803833;180600
2015-04-08;13.239999771118164;13.550000190734863;13.199999809265137;13.279999732971191;118200
2015-04-09;13.300000190734863;13.720000267028809;13.300000190734863;13.699999809265137;300500
2015-04-10;13.75;13.75;13.260000228881836;13.449999809265137;204200
2015-04-13;13.449999809265137;13.454999923706055;13.149999618530273;13.1899995803833;105000
2015-04-14;13.239999771118164;13.460000038146973;12.75;13.020000457763672;529500
2015-04-15;13.050000190734863;13.850000381469727;13.050000190734863;13.609999656677246;220600
2015-04-16;13.630000114440918;14.729999542236328;13.630000114440918;14.529999732971191;299400
2015-04-17;14.640000343322754;15.244999885559082;14.40999984741211;14.760000228881836;557000
2015-04-20;14.800000190734863;15.039999961853027;14.600000381469727;14.760000228881836;219100
2015-04-21;14.880000114440918;14.970000267028809;14.720000267028809;14.970000267028809;197000
2015-04-22;14.9399995803833;14.970000267028809;14.260000228881836;14.600000381469727;157500
2015-04-23;14.579999923706055;15.029999732971191;14.420000076293945;15.0;115400
2015-04-24;14.960000038146973;15.09000015258789;14.579999923706055;14.850000381469727;122600
2015-04-27;14.819999694824219;15.25;14.776000022888184;14.869999885559082;162900
2015-04-28;14.8100004196167;15.149999618530273;14.642000198364258;15.100000381469727;146900
2015-04-29;14.9399995803833;15.470000267028809;14.793999671936035;15.010000228881836;194900
2015-04-30;14.729999542236328;14.75;13.753000259399414;14.279999732971191;614000
2015-05-01;14.09000015258789;14.430000305175781;13.420000076293945;13.609999656677246;395400
2015-05-04;13.579999923706055;14.25;13.359999656677246;13.670000076293945;165600
2015-05-05;13.710000038146973;14.069999694824219;13.210000038146973;13.4399995803833;252600
2015-05-06;13.520000457763672;13.6899995803833;13.282999992370605;13.649999618530273;234800
2015-05-07;13.670000076293945;13.890000343322754;13.5;13.850000381469727;169400
2015-05-08;14.5;15.399999618530273;14.0;15.140000343322754;566000
2015-05-11;15.0600004196167;15.246000289916992;14.420000076293945;14.779999732971191;170600
2015-05-12;14.800000190734863;14.890000343322754;14.369999885559082;14.8100004196167;140900
2015-05-13;14.850000381469727;15.029999732971191;14.420000076293945;14.680000305175781;136700
2015-05-14;14.850000381469727;14.920000076293945;14.630000114440918;14.720000267028809;131600
2015-05-15;14.640000343322754;14.850000381469727;14.1899995803833;14.520000457763672;124300
2015-05-18;14.479999542236328;14.949999809265137;14.460000038146973;14.800000190734863;166300
2015-05-19;14.670000076293945;14.890000343322754;14.465999603271484;14.529999732971191;89500
2015-05-20;14.649999618530273;15.15999984741211;14.529999732971191;15.15999984741211;220300
2015-05-21;15.109999656677246;15.640000343322754;15.109999656677246;15.619999885559082;295100
2015-05-22;15.680000305175781;16.959999084472656;15.449999809265137;16.670000076293945;613200
2015-05-26;17.309999465942383;19.350000381469727;16.389999389648438;19.18000030517578;1411700
2015-05-27;19.0;19.0;18.059999465942383;18.770000457763672;577200
2015-05-28;18.649999618530273;18.950000762939453;17.329999923706055;18.010000228881836;431800
2015-05-29;18.049999237060547;18.68000030517578;17.735000610351562;17.860000610351562;279400
2015-06-01;17.790000915527344;18.25;17.360000610351562;17.850000381469727;294400
2015-06-02;17.739999771118164;18.389999389648438;17.6299991607666;18.15999984741211;297400
2015-06-03;18.31999969482422;18.729999542236328;18.010000228881836;18.600000381469727;261800
2015-06-04;18.469999313354492;18.549999237060547;17.420000076293945;17.670000076293945;330600
2015-06-05;17.670000076293945;18.219999313354492;17.219999313354492;18.209999084472656;189000
2015-06-08;18.1200008392334;18.43899917602539;17.520000457763672;17.690000534057617;193000
2015-06-09;17.770000457763672;17.889999389648438;17.100000381469727;17.540000915527344;165800
2015-06-10;17.639999389648438;18.420000076293945;17.520000457763672;18.290000915527344;239600
2015-06-11;18.25;18.6299991607666;18.020000457763672;18.309999465942383;143800
2015-06-12;18.329999923706055;18.59000015258789;18.049999237060547;18.43000030517578;119000
2015-06-15;18.229999542236328;19.280000686645508;17.93000030517578;19.049999237060547;327900
2015-06-16;19.030000686645508;19.25;18.549999237060547;18.860000610351562;170100
2015-06-17;18.979999542236328;19.18000030517578;18.420000076293945;18.65999984741211;150300
2015-06-18;18.760000228881836;19.100000381469727;18.59000015258789;18.989999771118164;267500
2015-06-19;18.739999771118164;18.889999389648438;17.049999237060547;18.360000610351562;607600
2015-06-22;18.40999984741211;18.790000915527344;17.520000457763672;18.010000228881836;251100
2015-06-23;18.06999969482422;18.469999313354492;17.93000030517578;17.989999771118164;104900
2015-06-24;18.440000534057617;19.989999771118164;18.290000915527344;19.200000762939453;1158500
2015-06-25;19.110000610351562;19.6200008392334;18.549999237060547;19.1299991607666;274300
2015-06-26;19.18000030517578;19.760000228881836;18.15999984741211;18.709999084472656;557100
2015-06-29;18.559999465942383;18.559999465942383;17.18000030517578;17.329999923706055;259400
2015-06-30;17.5;18.024999618530273;17.219999313354492;17.360000610351562;148300
2015-07-01;17.59000015258789;18.06999969482422;17.239999771118164;18.06999969482422;296700
2015-07-02;17.959999084472656;17.959999084472656;17.020000457763672;17.059999465942383;326200
2015-07-06;16.93000030517578;17.59000015258789;16.68000030517578;17.059999465942383;166100
2015-07-07;17.149999618530273;17.426000595092773;15.880000114440918;17.190000534057617;314100
2015-07-08;17.049999237060547;17.049999237060547;15.800000190734863;16.049999237060547;250200
2015-07-09;16.280000686645508;16.559999465942383;15.539999961853027;16.190000534057617;193900
2015-07-10;16.510000228881836;17.065000534057617;16.350000381469727;16.90999984741211;235000
2015-07-13;19.260000228881836;20.93000030517578;18.6299991607666;19.959999084472656;1830200
2015-07-14;19.850000381469727;20.329999923706055;19.334999084472656;19.700000762939453;456200
2015-07-15;19.700000762939453;19.850000381469727;19.290000915527344;19.530000686645508;251800
2015-07-16;19.299999237060547;19.540000915527344;18.834999084472656;19.280000686645508;499000
2015-07-17;19.34000015258789;19.520000457763672;19.059999465942383;19.280000686645508;355000
2015-07-20;19.25;19.59000015258789;18.06999969482422;18.579999923706055;270100
2015-07-21;18.510000228881836;18.93000030517578;18.229999542236328;18.670000076293945;176600
2015-07-22;18.510000228881836;18.809999465942383;17.950000762939453;18.309999465942383;171600
2015-07-23;18.360000610351562;19.0;18.360000610351562;18.719999313354492;298900
2015-07-24;18.709999084472656;18.920000076293945;18.399999618530273;18.549999237060547;198100
2015-07-27;18.270000457763672;18.59000015258789;18.0;18.239999771118164;257800
2015-07-28;18.40999984741211;18.459999084472656;17.43000030517578;18.420000076293945;209200
2015-07-29;18.440000534057617;18.469999313354492;18.020000457763672;18.200000762939453;152000
2015-07-30;18.149999618530273;18.68000030517578;18.049999237060547;18.559999465942383;206500
2015-07-31;18.530000686645508;19.83300018310547;18.510000228881836;19.450000762939453;361400
2015-08-03;19.59000015258789;19.790000915527344;18.600000381469727;19.020000457763672;291500
2015-08-04;18.979999542236328;19.200000762939453;18.530000686645508;18.729999542236328;250000
2015-08-05;19.100000381469727;19.549999237060547;18.860000610351562;19.0;435800
2015-08-06;19.950000762939453;21.559999465942383;19.700000762939453;20.950000762939453;1646300
2015-08-07;20.709999084472656;21.8700008392334;20.40999984741211;21.850000381469727;582000
2015-08-10;21.8700008392334;22.229999542236328;21.40999984741211;21.989999771118164;520300
2015-08-11;21.649999618530273;22.360000610351562;21.299999237060547;22.100000381469727;816900
2015-08-12;21.799999237060547;22.489999771118164;21.549999237060547;22.3799991607666;489200
2015-08-13;22.31999969482422;22.790000915527344;22.209999084472656;22.510000228881836;623900
2015-08-14;22.3799991607666;22.756000518798828;21.75;22.110000610351562;326200
2015-08-17;21.959999084472656;22.700000762939453;21.5;21.8700008392334;1874800
2015-08-18;22.0;22.290000915527344;21.770000457763672;21.829999923706055;405500
2015-08-19;21.6299991607666;22.0;21.239999771118164;21.719999313354492;338600
2015-08-20;21.440000534057617;21.600000381469727;20.309999465942383;20.329999923706055;402100
2015-08-21;19.799999237060547;20.229999542236328;19.579999923706055;19.889999389648438;458100
2015-08-24;18.56999969482422;19.93000030517578;17.989999771118164;19.059999465942383;771400
2015-08-25;19.760000228881836;19.989999771118164;19.049999237060547;19.18000030517578;431800
2015-08-26;19.549999237060547;19.729999542236328;18.94499969482422;19.700000762939453;434500
2015-08-27;19.790000915527344;20.760000228881836;19.600000381469727;20.489999771118164;350900
2015-08-28;20.479999542236328;21.600000381469727;20.450000762939453;21.110000610351562;314600
2015-08-31;21.0;21.209999084472656;20.510000228881836;20.610000610351562;422900
2015-09-01;20.1299991607666;20.5;19.510000228881836;19.670000076293945;334300
2015-09-02;20.040000915527344;20.479999542236328;19.68000030517578;20.469999313354492;295900
2015-09-03;20.479999542236328;20.639999389648438;20.290000915527344;20.510000228881836;210300
2015-09-04;20.229999542236328;20.549999237060547;20.09000015258789;20.170000076293945;217700
2015-09-08;20.690000534057617;22.200000762939453;20.510000228881836;21.65999984741211;436600
2015-09-09;22.0;22.399999618530273;20.65999984741211;20.770000457763672;363900
2015-09-10;20.719999313354492;21.59000015258789;20.6299991607666;21.260000228881836;223300
2015-09-11;21.0;21.15999984741211;19.773000717163086;20.31999969482422;354400
2015-09-14;20.040000915527344;20.200000762939453;18.639999389648438;18.860000610351562;664900
2015-09-15;18.860000610351562;19.1299991607666;18.639999389648438;19.010000228881836;352500
2015-09-16;19.170000076293945;20.299999237060547;19.1299991607666;19.889999389648438;313400
2015-09-17;19.81999969482422;20.09000015258789;19.530000686645508;19.56999969482422;239200
2015-09-18;19.219999313354492;19.719999313354492;19.049999237060547;19.540000915527344;614400
2015-09-21;19.6200008392334;19.799999237060547;18.8700008392334;19.719999313354492;274600
2015-09-22;19.389999389648438;19.479999542236328;18.709999084472656;18.899999618530273;217600
2015-09-23;18.979999542236328;19.31999969482422;18.549999237060547;18.780000686645508;202700
2015-09-24;18.6299991607666;18.719999313354492;18.25;18.639999389648438;236900
2015-09-25;18.889999389648438;19.1200008392334;17.5;17.639999389648438;386000
2015-09-28;17.489999771118164;17.739999771118164;17.200000762939453;17.6200008392334;308200
2015-09-29;17.690000534057617;18.200000762939453;16.670000076293945;16.889999389648438;365500
2015-09-30;17.100000381469727;18.920000076293945;16.889999389648438;18.780000686645508;468700
2015-10-01;18.739999771118164;18.790000915527344;17.700000762939453;18.040000915527344;348600
2015-10-02;17.940000534057617;18.260000228881836;17.639999389648438;18.170000076293945;154800
2015-10-05;18.440000534057617;19.450000762939453;18.399999618530273;19.440000534057617;233300
2015-10-06;19.469999313354492;19.920000076293945;18.700000762939453;19.079999923706055;120400
2015-10-07;19.290000915527344;19.829999923706055;18.860000610351562;19.809999465942383;203900
2015-10-08;19.670000076293945;20.350000381469727;19.280000686645508;20.309999465942383;197700
2015-10-09;20.290000915527344;20.610000610351562;20.040000915527344;20.100000381469727;206400
2015-10-12;19.56999969482422;19.56999969482422;17.600000381469727;18.940000534057617;697800
2015-10-13;18.90999984741211;18.90999984741211;18.309999465942383;18.3700008392334;256500
2015-10-14;18.31999969482422;18.420000076293945;17.15999984741211;17.239999771118164;363000
2015-10-15;17.40999984741211;18.940000534057617;17.399999618530273;18.90999984741211;251200
2015-10-16;18.8700008392334;18.8700008392334;18.06999969482422;18.579999923706055;178200
2015-10-19;18.43000030517578;18.56999969482422;17.510000228881836;17.899999618530273;263200
2015-10-20;17.940000534057617;18.280000686645508;17.700000762939453;18.239999771118164;274200
2015-10-21;18.3799991607666;18.649999618530273;17.875;17.940000534057617;172000
2015-10-22;18.190000534057617;19.65999984741211;17.864999771118164;19.3799991607666;484000
2015-10-23;19.530000686645508;19.950000762939453;19.059999465942383;19.760000228881836;370000
2015-10-26;19.6200008392334;20.0049991607666;19.530000686645508;19.809999465942383;240200
2015-10-27;19.729999542236328;20.670000076293945;19.469999313354492;20.450000762939453;512200
2015-10-28;20.3799991607666;21.59000015258789;20.145000457763672;21.299999237060547;580500
2015-10-29;20.739999771118164;21.0;20.239999771118164;20.40999984741211;428800
2015-10-30;20.440000534057617;20.75;19.829999923706055;20.6200008392334;261400
2015-11-02;20.6200008392334;21.18000030517578;20.09000015258789;20.329999923706055;550500
2015-11-03;20.389999389648438;20.90999984741211;20.1299991607666;20.43000030517578;312200
2015-11-04;20.100000381469727;20.21500015258789;17.75;18.309999465942383;1261200
2015-11-05;18.219999313354492;18.729999542236328;17.31999969482422;17.729999542236328;732200
2015-11-06;17.690000534057617;20.200000762939453;16.94499969482422;17.6299991607666;1311600
2015-11-09;17.43000030517578;17.579999923706055;16.600000381469727;16.760000228881836;549800
2015-11-10;16.739999771118164;16.969999313354492;16.510000228881836;16.90999984741211;470400
2015-11-11;17.020000457763672;17.399999618530273;16.75;16.760000228881836;277100
2015-11-12;16.59000015258789;16.71299934387207;15.989999771118164;16.110000610351562;379800
2015-11-13;16.059999465942383;16.700000762939453;15.729999542236328;16.600000381469727;568700
2015-11-16;16.670000076293945;17.190000534057617;16.350000381469727;16.93000030517578;421200
2015-11-17;17.030000686645508;17.149999618530273;16.190000534057617;16.68000030517578;477800
2015-11-18;16.700000762939453;16.700000762939453;16.1200008392334;16.639999389648438;389800
2015-11-19;17.31999969482422;18.0;17.209999084472656;17.329999923706055;434200
2015-11-20;17.389999389648438;18.25;17.31999969482422;17.959999084472656;425100
2015-11-23;17.860000610351562;18.6200008392334;17.770000457763672;18.559999465942383;440900
2015-11-24;18.3700008392334;18.87700080871582;18.34000015258789;18.520000457763672;224500
2015-11-25;18.459999084472656;18.579999923706055;18.139999389648438;18.3799991607666;159600
2015-11-27;18.459999084472656;18.75;18.110000610351562;18.559999465942383;129800
2015-11-30;18.719999313354492;18.8700008392334;18.3799991607666;18.75;232900
2015-12-01;18.780000686645508;18.850000381469727;18.1299991607666;18.829999923706055;337700
2015-12-02;18.709999084472656;18.899999618530273;18.3700008392334;18.489999771118164;191900
2015-12-03;18.5;18.799999237060547;17.75;17.81999969482422;281200
2015-12-04;17.829999923706055;18.110000610351562;17.510000228881836;17.979999542236328;279600
2015-12-07;17.969999313354492;17.969999313354492;17.329999923706055;17.43000030517578;224700
2015-12-08;17.09000015258789;17.3799991607666;16.790000915527344;17.229999542236328;333400
2015-12-09;17.1299991607666;17.709999084472656;17.0;17.469999313354492;259900
2015-12-10;17.3700008392334;17.450000762939453;16.950000762939453;17.170000076293945;157100
2015-12-11;16.84000015258789;17.059999465942383;16.56999969482422;16.729999542236328;213400
2015-12-14;16.799999237060547;17.290000915527344;16.559999465942383;17.010000228881836;253800
2015-12-15;17.18000030517578;17.18000030517578;16.5;16.770000457763672;233400
2015-12-16;16.809999465942383;17.100000381469727;16.6299991607666;16.90999984741211;200800
2015-12-17;16.93000030517578;17.15999984741211;16.84000015258789;16.8700008392334;244900
2015-12-18;16.770000457763672;17.059999465942383;16.670000076293945;16.920000076293945;303900
2015-12-21;17.139999389648438;17.360000610351562;16.850000381469727;17.0;263000
2015-12-22;17.010000228881836;17.1299991607666;16.6200008392334;16.920000076293945;155900
2015-12-23;16.989999771118164;17.25;16.920000076293945;17.1200008392334;188300
2015-12-24;17.18000030517578;17.729999542236328;17.09000015258789;17.579999923706055;149300
2015-12-28;17.520000457763672;17.600000381469727;16.950000762939453;17.559999465942383;230200
2015-12-29;17.65999984741211;18.09000015258789;17.559999465942383;18.040000915527344;199100
2015-12-30;17.969999313354492;18.260000228881836;17.799999237060547;17.799999237060547;128900
2015-12-31;17.719999313354492;17.739999771118164;17.149999618530273;17.15999984741211;103200
2016-01-04;16.959999084472656;17.100000381469727;16.280000686645508;16.290000915527344;385500
2016-01-05;16.299999237060547;16.360000610351562;15.600000381469727;16.079999923706055;322600
2016-01-06;15.699999809265137;16.110000610351562;15.687999725341797;16.049999237060547;258700
2016-01-07;15.479999542236328;16.030000686645508;14.920000076293945;15.289999961853027;374300
2016-01-08;15.420000076293945;15.6899995803833;14.649999618530273;14.789999961853027;222400
2016-01-11;14.930000305175781;15.119999885559082;14.359999656677246;14.710000038146973;239700
2016-01-12;14.930000305175781;15.100000381469727;14.3100004196167;14.930000305175781;207800
2016-01-13;15.050000190734863;15.15999984741211;13.800000190734863;13.970000267028809;241800
2016-01-14;14.050000190734863;14.529999732971191;13.619999885559082;14.15999984741211;259100
2016-01-15;13.640000343322754;13.829999923706055;12.9399995803833;13.420000076293945;212800
2016-01-19;13.600000381469727;13.819999694824219;12.149999618530273;12.609999656677246;472100
2016-01-20;12.369999885559082;12.609999656677246;11.34000015258789;12.359999656677246;531900
2016-01-21;12.430000305175781;13.050000190734863;12.220000267028809;12.930000305175781;214700
2016-01-22;13.25;14.282999992370605;13.079999923706055;13.890000343322754;334200
2016-01-25;13.8100004196167;14.25;13.140000343322754;13.3100004196167;190700
2016-01-26;13.489999771118164;15.40999984741211;13.375;15.140000343322754;497400
2016-01-27;15.470000267028809;16.389999389648438;15.244999885559082;16.280000686645508;542000
2016-01-28;16.5;17.049999237060547;15.930000305175781;16.270000457763672;597200
2016-01-29;16.260000228881836;16.65999984741211;15.869999885559082;16.3700008392334;227300
2016-02-01;15.899999618530273;16.010000228881836;15.5;15.970000267028809;263800
2016-02-02;15.649999618530273;15.800000190734863;15.260000228881836;15.40999984741211;278200
2016-02-03;15.699999809265137;15.699999809265137;15.020000457763672;15.420000076293945;197600
2016-02-04;15.300000190734863;16.3799991607666;15.300000190734863;16.149999618530273;226800
2016-02-05;16.06999969482422;16.139999389648438;15.430000305175781;15.449999809265137;184600
2016-02-08;15.220000267028809;15.220000267028809;13.960000038146973;14.680000305175781;360300
2016-02-09;14.4399995803833;15.550000190734863;14.289999961853027;14.529999732971191;371200
2016-02-10;14.609999656677246;15.260000228881836;14.15999984741211;14.539999961853027;366600
2016-02-11;14.15999984741211;14.619999885559082;13.829999923706055;14.550000190734863;262700
2016-02-12;14.649999618530273;15.34000015258789;14.4399995803833;15.300000190734863;149100
2016-02-16;15.520000457763672;16.089000701904297;15.3100004196167;15.979999542236328;220400
2016-02-17;16.170000076293945;17.110000610351562;16.170000076293945;16.43000030517578;365700
2016-02-18;16.600000381469727;16.670000076293945;15.729999542236328;16.469999313354492;184200
2016-02-19;16.260000228881836;16.469999313354492;15.90999984741211;15.979999542236328;219800
2016-02-22;16.239999771118164;16.56999969482422;16.010000228881836;16.31999969482422;140400
2016-02-23;16.299999237060547;16.780000686645508;16.070999145507812;16.450000762939453;233400
2016-02-24;16.170000076293945;16.280000686645508;15.600000381469727;15.970000267028809;287500
2016-02-25;16.0;17.0;15.010000228881836;16.889999389648438;1009700
2016-02-26;17.0;18.959999084472656;16.579999923706055;18.219999313354492;568000
2016-02-29;18.229999542236328;18.75;17.141000747680664;17.989999771118164;273900
2016-03-01;18.170000076293945;18.420000076293945;17.700000762939453;18.329999923706055;267200
2016-03-02;18.31999969482422;18.5;18.1200008392334;18.290000915527344;252800
2016-03-03;18.290000915527344;18.56999969482422;18.010000228881836;18.31999969482422;154600
2016-03-04;18.270000457763672;18.790000915527344;17.959999084472656;18.239999771118164;210100
2016-03-07;18.149999618530273;18.479999542236328;17.889999389648438;18.1200008392334;196100
2016-03-08;17.84000015258789;17.84000015258789;16.959999084472656;16.989999771118164;164800
2016-03-09;17.139999389648438;17.219999313354492;16.770000457763672;17.020000457763672;161600
2016-03-10;17.049999237060547;17.270000457763672;16.700000762939453;17.040000915527344;151100
2016-03-11;17.540000915527344;17.6299991607666;17.18000030517578;17.610000610351562;128600
2016-03-14;17.56999969482422;18.09000015258789;17.440000534057617;17.450000762939453;163100
2016-03-15;17.229999542236328;17.329999923706055;16.809999465942383;16.90999984741211;148300
2016-03-16;16.829999923706055;17.5;16.5;17.399999618530273;175100
2016-03-17;17.290000915527344;17.940000534057617;17.190000534057617;17.649999618530273;159400
2016-03-18;17.760000228881836;17.93000030517578;17.31999969482422;17.559999465942383;193600
2016-03-21;17.530000686645508;17.90999984741211;17.450000762939453;17.459999084472656;159900
2016-03-22;17.280000686645508;17.31999969482422;15.8100004196167;16.15999984741211;540200
2016-03-23;16.15999984741211;16.829999923706055;15.789999961853027;16.020000457763672;506000
2016-03-24;15.890000343322754;16.1299991607666;15.399999618530273;15.789999961853027;375300
2016-03-28;15.899999618530273;15.979999542236328;15.109999656677246;15.199999809265137;243200
2016-03-29;15.100000381469727;15.199999809265137;14.640000343322754;15.050000190734863;546900
2016-03-30;15.300000190734863;15.550000190734863;15.140000343322754;15.270000457763672;433400
2016-03-31;15.210000038146973;15.25;14.710000038146973;14.90999984741211;237300
2016-04-01;14.720000267028809;15.380000114440918;14.6899995803833;15.039999961853027;190300
2016-04-04;15.050000190734863;15.539999961853027;14.829999923706055;15.09000015258789;243100
2016-04-05;14.890000343322754;15.180000305175781;14.260000228881836;14.739999771118164;282900
2016-04-06;14.800000190734863;15.130000114440918;14.270000457763672;14.880000114440918;179400
2016-04-07;14.739999771118164;15.029999732971191;14.529999732971191;14.699999809265137;175600
2016-04-08;15.050000190734863;15.859999656677246;14.819999694824219;15.729999542236328;383100
2016-04-11;15.819999694824219;16.440000534057617;15.579999923706055;15.90999984741211;274900
2016-04-12;16.0;16.01799964904785;15.229999542236328;15.420000076293945;254700
2016-04-13;15.579999923706055;16.309999465942383;15.510000228881836;16.040000915527344;268200
2016-04-14;16.100000381469727;16.479999542236328;15.920000076293945;16.25;126600
2016-04-15;16.18000030517578;16.18000030517578;15.760000228881836;15.819999694824219;125100
2016-04-18;15.789999961853027;16.110000610351562;15.640000343322754;16.110000610351562;160400
2016-04-19;12.739999771118164;12.859999656677246;11.609999656677246;11.720000267028809;5064100
2016-04-20;11.699999809265137;11.819999694824219;11.25;11.380000114440918;1118100
2016-04-21;11.539999961853027;11.539999961853027;11.010000228881836;11.010000228881836;567900
2016-04-22;11.050000190734863;11.600000381469727;11.050000190734863;11.59000015258789;515800
2016-04-25;11.510000228881836;11.529999732971191;11.050000190734863;11.079999923706055;392000
2016-04-26;11.149999618530273;11.149999618530273;10.649999618530273;10.899999618530273;706100
2016-04-27;10.899999618530273;11.5;10.819999694824219;11.4399995803833;330400
2016-04-28;11.3100004196167;11.779999732971191;11.220000267028809;11.34000015258789;588000
2016-04-29;11.3100004196167;11.475000381469727;11.0;11.199999809265137;526800
2016-05-02;11.210000038146973;11.369999885559082;10.760000228881836;11.119999885559082;509000
2016-05-03;11.039999961853027;11.21500015258789;10.5600004196167;10.649999618530273;445600
2016-05-04;10.640000343322754;10.920000076293945;10.539999961853027;10.609999656677246;375300
2016-05-05;10.649999618530273;10.869999885559082;10.350000381469727;10.600000381469727;316700
2016-05-06;10.579999923706055;10.699999809265137;10.34000015258789;10.5600004196167;268200
2016-05-09;10.600000381469727;10.725000381469727;10.260000228881836;10.260000228881836;455800
2016-05-10;8.899999618530273;9.149999618530273;8.079999923706055;8.489999771118164;1899100
2016-05-11;8.449999809265137;9.239999771118164;8.4350004196167;9.140000343322754;951700
2016-05-12;9.079999923706055;9.34000015258789;8.739999771118164;8.84000015258789;801500
2016-05-13;8.84000015258789;9.479999542236328;8.8149995803833;9.149999618530273;534700
2016-05-16;9.149999618530273;9.600000381469727;9.149999618530273;9.319999694824219;498500
2016-05-17;9.289999961853027;9.555000305175781;9.170000076293945;9.229999542236328;379300
2016-05-18;9.119999885559082;9.600000381469727;9.119999885559082;9.369999885559082;368000
2016-05-19;9.229999542236328;9.505000114440918;8.699999809265137;8.800000190734863;474500
2016-05-20;8.880000114440918;9.1899995803833;8.84000015258789;9.119999885559082;326800
2016-05-23;9.1899995803833;10.116999626159668;9.15999984741211;9.970000267028809;480700
2016-05-24;10.0;10.350000381469727;9.779999732971191;10.199999809265137;483100
2016-05-25;10.180000305175781;10.265000343322754;9.795000076293945;10.109999656677246;471700
2016-05-26;10.109999656677246;10.354999542236328;10.050000190734863;10.199999809265137;425100
2016-05-27;10.130000114440918;10.295000076293945;9.850000381469727;10.180000305175781;371900
2016-05-31;10.350000381469727;10.760000228881836;10.300000190734863;10.550000190734863;419200
2016-06-01;10.5;10.699999809265137;10.279999732971191;10.470000267028809;666300
2016-06-02;10.600000381469727;11.170999526977539;10.5600004196167;11.039999961853027;411100
2016-06-03;10.949999809265137;11.135000228881836;10.609999656677246;10.960000038146973;406800
2016-06-06;10.9399995803833;11.550000190734863;10.9399995803833;11.40999984741211;505700
2016-06-07;11.359999656677246;11.640000343322754;11.25;11.40999984741211;258100
2016-06-08;11.329999923706055;11.539999961853027;11.289999961853027;11.4399995803833;306700
2016-06-09;11.380000114440918;11.524999618530273;10.630000114440918;10.760000228881836;327900
2016-06-10;10.649999618530273;10.89799976348877;10.119999885559082;10.260000228881836;438200
2016-06-13;10.170000076293945;10.550000190734863;9.899999618530273;9.949999809265137;340600
2016-06-14;9.869999885559082;10.329999923706055;9.779999732971191;9.949999809265137;353500
2016-06-15;9.899999618530273;10.539999961853027;9.859999656677246;10.1899995803833;292700
2016-06-16;10.140000343322754;10.1899995803833;9.800000190734863;10.149999618530273;499600
2016-06-17;10.25;10.260000228881836;9.850000381469727;9.869999885559082;412500
2016-06-20;10.279999732971191;10.670000076293945;10.170000076293945;10.199999809265137;327700
2016-06-21;10.25;10.265000343322754;9.920000076293945;10.100000381469727;152400
2016-06-22;10.100000381469727;10.350000381469727;10.0600004196167;10.300000190734863;278600
2016-06-23;10.390000343322754;10.529999732971191;10.289999961853027;10.510000228881836;227000
2016-06-24;9.859999656677246;9.965999603271484;9.699999809265137;9.819999694824219;589600
2016-06-27;9.770000457763672;9.770000457763672;9.069999694824219;9.199999809265137;452000
2016-06-28;9.529999732971191;9.920000076293945;9.520000457763672;9.899999618530273;204600
2016-06-29;10.180000305175781;10.48900032043457;10.0;10.399999618530273;210600
2016-06-30;10.4399995803833;11.170000076293945;10.4399995803833;11.149999618530273;399500
2016-07-01;11.100000381469727;11.5;10.960000038146973;11.220000267028809;196300
2016-07-05;11.069999694824219;11.069999694824219;10.369999885559082;10.600000381469727;283700
2016-07-06;10.4399995803833;11.005000114440918;10.34000015258789;10.770000457763672;294000
2016-07-07;10.819999694824219;11.199999809265137;10.819999694824219;11.100000381469727;177600
2016-07-08;11.199999809265137;11.479999542236328;11.1899995803833;11.300000190734863;227800
2016-07-11;11.489999771118164;11.529999732971191;10.859999656677246;11.069999694824219;458800
2016-07-12;11.239999771118164;11.600000381469727;10.779999732971191;11.5600004196167;343300
2016-07-13;11.619999885559082;11.789999961853027;11.520000457763672;11.579999923706055;201700
2016-07-14;11.710000038146973;11.78499984741211;11.451000213623047;11.5600004196167;217000
2016-07-15;11.649999618530273;11.880000114440918;11.383999824523926;11.760000228881836;214500
2016-07-18;11.899999618530273;12.050000190734863;11.65999984741211;11.760000228881836;206500
2016-07-19;11.729999542236328;11.779999732971191;11.5;11.510000228881836;97600
2016-07-20;11.9399995803833;11.949999809265137;11.510000228881836;11.859999656677246;252400
2016-07-21;11.859999656677246;12.210000038146973;11.75100040435791;12.0600004196167;243600
2016-07-22;12.109999656677246;12.270000457763672;12.020000457763672;12.239999771118164;157300
2016-07-25;12.270000457763672;12.489999771118164;12.164999961853027;12.329999923706055;190800
2016-07-26;12.359999656677246;12.789999961853027;12.359999656677246;12.670000076293945;253000
2016-07-27;13.3100004196167;13.520000457763672;12.510000228881836;12.739999771118164;201100
2016-07-28;12.600000381469727;12.779999732971191;12.220000267028809;12.229999542236328;185100
2016-07-29;12.229999542236328;12.279999732971191;11.770000457763672;11.84000015258789;303200
2016-08-01;11.75;12.210000038146973;11.75;12.100000381469727;380400
2016-08-02;12.119999885559082;12.300000190734863;11.600000381469727;11.640000343322754;199400
2016-08-03;11.789999961853027;12.364999771118164;11.670000076293945;12.270000457763672;240700
2016-08-04;12.279999732971191;12.888999938964844;12.279999732971191;12.819999694824219;367700
2016-08-05;14.65999984741211;15.25;14.020000457763672;14.789999961853027;1520100
2016-08-08;14.789999961853027;14.9399995803833;14.199999809265137;14.289999961853027;339200
2016-08-09;14.25;14.40999984741211;13.930000305175781;13.970000267028809;402200
2016-08-10;14.09000015258789;14.09000015258789;13.460000038146973;13.600000381469727;297000
2016-08-11;13.739999771118164;13.819999694824219;13.470000267028809;13.550000190734863;372000
2016-08-12;13.579999923706055;14.050000190734863;13.430000305175781;14.010000228881836;493800
2016-08-15;14.050000190734863;14.180000305175781;13.850000381469727;14.029999732971191;240200
2016-08-16;14.020000457763672;14.180000305175781;13.920000076293945;14.0;265200
2016-08-17;13.970000267028809;13.970000267028809;13.270000457763672;13.3100004196167;241900
2016-08-18;13.170000076293945;13.437000274658203;13.0600004196167;13.34000015258789;447600
2016-08-19;13.329999923706055;13.819999694824219;13.079999923706055;13.739999771118164;285600
2016-08-22;13.65999984741211;13.680000305175781;13.342000007629395;13.640000343322754;100800
2016-08-23;13.819999694824219;14.1899995803833;13.739999771118164;14.020000457763672;176000
2016-08-24;13.970000267028809;14.227999687194824;13.859999656677246;13.880000114440918;143700
2016-08-25;15.350000381469727;16.43000030517578;14.65999984741211;16.110000610351562;1753100
2016-08-26;16.0;16.420000076293945;15.59000015258789;16.3700008392334;609500
2016-08-29;16.469999313354492;17.170000076293945;16.09000015258789;16.850000381469727;643100
2016-08-30;15.930000305175781;17.079999923706055;15.930000305175781;16.989999771118164;274800
2016-08-31;17.059999465942383;17.25;16.670000076293945;16.850000381469727;367900
2016-09-01;16.940000534057617;17.450000762939453;16.639999389648438;17.139999389648438;259900
2016-09-02;17.360000610351562;17.850000381469727;17.170000076293945;17.510000228881836;352100
2016-09-06;17.389999389648438;17.639999389648438;17.040000915527344;17.40999984741211;286100
2016-09-07;21.149999618530273;21.18000030517578;19.579999923706055;19.850000381469727;1721200
2016-09-08;20.399999618530273;20.399999618530273;19.639999389648438;20.020000457763672;537300
2016-09-09;20.100000381469727;20.530000686645508;19.56999969482422;19.6299991607666;629100
2016-09-12;19.309999465942383;20.6299991607666;18.700000762939453;20.420000076293945;811000
2016-09-13;20.06999969482422;20.459999084472656;19.670000076293945;20.299999237060547;394800
2016-09-14;20.229999542236328;21.719999313354492;20.049999237060547;21.600000381469727;893200
2016-09-15;21.639999389648438;22.31999969482422;21.309999465942383;21.649999618530273;589000
2016-09-16;21.40999984741211;21.75;20.90999984741211;21.700000762939453;449200
2016-09-19;21.809999465942383;22.299999237060547;21.65999984741211;22.030000686645508;421300
2016-09-20;22.100000381469727;22.18000030517578;20.649999618530273;21.260000228881836;631300
2016-09-21;21.31999969482422;21.809999465942383;21.200000762939453;21.760000228881836;507600
2016-09-22;22.0;22.469999313354492;20.6299991607666;20.84000015258789;757900
2016-09-23;20.760000228881836;21.540000915527344;20.700000762939453;21.139999389648438;427800
2016-09-26;21.110000610351562;21.600000381469727;20.850000381469727;21.010000228881836;409300
2016-09-27;21.040000915527344;21.489999771118164;21.040000915527344;21.309999465942383;242400
2016-09-28;21.350000381469727;21.6200008392334;20.959999084472656;21.219999313354492;398700
2016-09-29;21.219999313354492;21.31999969482422;20.899999618530273;20.959999084472656;187900
2016-09-30;20.770000457763672;22.399999618530273;20.770000457763672;22.209999084472656;636400
2016-10-03;22.0;22.079999923706055;21.1299991607666;21.440000534057617;282400
2016-10-04;21.579999923706055;22.030000686645508;21.264999389648438;21.6299991607666;262200
2016-10-05;22.059999465942383;24.18000030517578;21.785999298095703;23.260000228881836;763200
2016-10-06;23.020000457763672;23.399999618530273;22.90999984741211;23.049999237060547;317200
2016-10-07;23.049999237060547;23.100000381469727;22.6200008392334;22.719999313354492;162800
2016-10-10;23.040000915527344;23.350000381469727;22.93000030517578;23.149999618530273;198600
2016-10-11;23.079999923706055;23.200000762939453;21.81999969482422;22.040000915527344;358500
2016-10-12;22.0;22.062000274658203;20.56999969482422;21.43000030517578;348100
2016-10-13;21.200000762939453;21.200000762939453;19.829999923706055;20.15999984741211;502700
2016-10-14;20.399999618530273;21.219999313354492;20.170000076293945;20.290000915527344;207100
2016-10-17;20.25;20.33799934387207;20.0;20.030000686645508;143800
2016-10-18;20.100000381469727;20.360000610351562;19.81399917602539;20.049999237060547;443600
2016-10-19;20.010000228881836;20.329999923706055;19.979999542236328;20.295000076293945;241400
2016-10-20;20.1299991607666;21.030000686645508;20.1299991607666;20.75;194500
2016-10-21;20.6299991607666;20.709999084472656;20.219999313354492;20.565000534057617;181100
2016-10-24;20.719999313354492;21.610000610351562;20.66200065612793;21.59000015258789;216200
2016-10-25;21.520000457763672;21.613000869750977;20.829999923706055;21.149999618530273;142700
2016-10-26;21.25;21.868999481201172;20.975000381469727;21.389999389648438;131100
2016-10-27;21.6299991607666;21.889999389648438;19.90999984741211;19.989999771118164;347000
2016-10-28;19.799999237060547;20.3700008392334;19.549999237060547;19.690000534057617;156400
2016-10-31;19.5;20.010000228881836;19.149999618530273;19.229999542236328;332000
2016-11-01;19.25;19.860000610351562;18.850000381469727;19.149999618530273;249200
2016-11-02;19.510000228881836;21.100000381469727;19.204999923706055;20.100000381469727;612200
2016-11-03;20.5;21.010000228881836;19.716999053955078;20.850000381469727;505500
2016-11-04;23.299999237060547;23.299999237060547;20.6299991607666;21.649999618530273;1533500
2016-11-07;22.25;23.670000076293945;22.054000854492188;23.5;884600
2016-11-08;23.18000030517578;23.3700008392334;22.010000228881836;22.760000228881836;706500
2016-11-09;22.0;23.780000686645508;21.65999984741211;23.549999237060547;443000
2016-11-10;23.6200008392334;24.06599998474121;22.729999542236328;23.579999923706055;474900
2016-11-11;23.25;25.200000762939453;23.25;24.969999313354492;704500
2016-11-14;25.219999313354492;25.5;24.469999313354492;24.600000381469727;547700
2016-11-15;24.139999389648438;25.270000457763672;24.030000686645508;24.700000762939453;443200
2016-11-16;25.299999237060547;26.09000015258789;24.700000762939453;26.079999923706055;635000
2016-11-17;25.979999542236328;26.149999618530273;25.360000610351562;26.149999618530273;532300
2016-11-18;26.1299991607666;26.8700008392334;25.899999618530273;26.6299991607666;379000
2016-11-21;26.899999618530273;27.280000686645508;25.540000915527344;26.209999084472656;301500
2016-11-22;26.200000762939453;26.43000030517578;24.850000381469727;26.0;1509400
2016-11-23;25.850000381469727;25.850000381469727;24.850000381469727;25.149999618530273;559400
2016-11-25;25.139999389648438;25.5;25.059999465942383;25.469999313354492;153500
2016-11-28;25.299999237060547;25.56999969482422;24.920000076293945;25.139999389648438;218900
2016-11-29;25.06999969482422;25.40999984741211;24.950000762939453;25.040000915527344;301400
2016-11-30;25.18000030517578;25.624000549316406;24.639999389648438;24.770000457763672;285400
2016-12-01;24.790000915527344;25.110000610351562;23.209999084472656;23.395000457763672;373800
2016-12-02;23.399999618530273;23.739999771118164;22.90399932861328;23.270000457763672;456200
2016-12-05;23.270000457763672;24.0;23.139999389648438;23.899999618530273;424300
2016-12-06;23.93000030517578;23.93000030517578;22.920000076293945;23.399999618530273;280400
2016-12-07;23.649999618530273;24.549999237060547;23.6299991607666;24.389999389648438;552100
2016-12-08;24.5;25.329999923706055;24.398000717163086;24.899999618530273;358900
2016-12-09;25.579999923706055;26.260000228881836;24.229999542236328;24.739999771118164;581400
2016-12-12;24.700000762939453;24.940000534057617;23.729999542236328;24.1299991607666;261000
2016-12-13;23.860000610351562;24.719999313354492;23.729999542236328;24.290000915527344;215600
2016-12-14;24.299999237060547;24.450000762939453;23.3799991607666;23.770000457763672;300700
2016-12-15;23.81999969482422;24.450000762939453;23.809999465942383;24.399999618530273;332000
2016-12-16;24.59000015258789;24.850000381469727;24.030000686645508;24.68000030517578;483400
2016-12-19;24.75;25.520000457763672;24.75;24.959999084472656;321500
2016-12-20;25.170000076293945;25.200000762939453;24.239999771118164;24.420000076293945;219700
2016-12-21;24.489999771118164;24.959999084472656;24.229999542236328;24.739999771118164;148600
2016-12-22;24.780000686645508;25.450000762939453;24.329999923706055;24.84000015258789;193300
2016-12-23;24.729999542236328;25.100000381469727;24.34000015258789;24.81999969482422;200200
2016-12-27;24.950000762939453;25.450000762939453;24.6299991607666;24.719999313354492;249000
2016-12-28;24.899999618530273;24.93000030517578;24.309999465942383;24.389999389648438;240900
2016-12-29;24.40999984741211;24.944000244140625;23.860000610351562;24.270000457763672;112400
2016-12-30;24.25;24.25;23.209999084472656;23.440000534057617;197100
2017-01-03;23.709999084472656;24.09000015258789;22.8700008392334;23.100000381469727;268200
2017-01-04;23.1299991607666;23.610000610351562;23.1299991607666;23.510000228881836;199100
2017-01-05;23.5;23.510000228881836;22.611000061035156;22.809999465942383;160800
2017-01-06;22.989999771118164;23.075000762939453;22.270999908447266;22.420000076293945;221100
2017-01-09;22.360000610351562;22.729999542236328;21.8799991607666;22.239999771118164;346800
2017-01-10;22.360000610351562;23.31999969482422;22.309999465942383;22.8700008392334;197900
2017-01-11;22.860000610351562;23.459999084472656;22.5;22.719999313354492;382500
2017-01-12;27.100000381469727;30.5;26.110000610351562;29.860000610351562;4415900
2017-01-13;30.5;30.540000915527344;27.81999969482422;28.219999313354492;1532400
2017-01-17;28.889999389648438;30.899999618530273;28.09000015258789;30.440000534057617;1412500
2017-01-18;30.489999771118164;31.610000610351562;29.809999465942383;30.84000015258789;911400
2017-01-19;31.149999618530273;31.149999618530273;30.030000686645508;30.479999542236328;350600
2017-01-20;30.579999923706055;31.06999969482422;29.780000686645508;30.579999923706055;547700
2017-01-23;30.579999923706055;31.389999389648438;30.010000228881836;31.290000915527344;410300
2017-01-24;31.25;32.560001373291016;31.079999923706055;32.0;758100
2017-01-25;32.25;32.25;31.200000762939453;31.709999084472656;445800
2017-01-26;31.8799991607666;32.15999984741211;31.260000228881836;31.280000686645508;364400
2017-01-27;31.200000762939453;31.46500015258789;30.30500030517578;31.149999618530273;339800
2017-01-30;31.31999969482422;31.44499969482422;29.540000915527344;30.40999984741211;491200
2017-01-31;30.110000610351562;30.920000076293945;29.399999618530273;30.760000228881836;520500
2017-02-01;31.299999237060547;31.360000610351562;30.510000228881836;30.93000030517578;256500
2017-02-02;30.950000762939453;31.700000762939453;30.444000244140625;31.309999465942383;384500
2017-02-03;31.40999984741211;32.68000030517578;31.110000610351562;32.599998474121094;418300
2017-02-06;31.90999984741211;32.790000915527344;31.375999450683594;31.790000915527344;439500
2017-02-07;32.20000076293945;32.209999084472656;31.229999542236328;31.559999465942383;383500
2017-02-08;31.5;31.575000762939453;30.68000030517578;31.34000015258789;387000
2017-02-09;31.399999618530273;32.599998474121094;31.149999618530273;31.75;441400
2017-02-10;31.739999771118164;32.880001068115234;31.040000915527344;32.65999984741211;527800
2017-02-13;33.529998779296875;35.56999969482422;33.119998931884766;33.91999816894531;1043100
2017-02-14;34.0099983215332;36.70000076293945;34.0099983215332;36.380001068115234;1005300
2017-02-15;36.650001525878906;36.650001525878906;35.36000061035156;35.970001220703125;709800
2017-02-16;36.18000030517578;36.18000030517578;35.15999984741211;35.790000915527344;357500
2017-02-17;35.43000030517578;37.72999954223633;35.05699920654297;37.27000045776367;628900
2017-02-21;38.029998779296875;38.88999938964844;37.18000030517578;37.56999969482422;974200
2017-02-22;37.70000076293945;38.29999923706055;37.06999969482422;37.119998931884766;654900
2017-02-23;37.72999954223633;38.2599983215332;36.33000183105469;37.470001220703125;1023400
2017-02-24;42.11000061035156;49.34000015258789;40.54999923706055;45.97999954223633;6549800
2017-02-27;46.04999923706055;47.779998779296875;44.41999816894531;47.459999084472656;1876200
2017-02-28;47.560001373291016;48.75;45.599998474121094;45.91999816894531;1405700
2017-03-01;46.41999816894531;47.720001220703125;45.89799880981445;46.849998474121094;1025100
2017-03-02;46.970001220703125;49.25;46.689998626708984;49.22999954223633;1533700
2017-03-03;50.0;53.97999954223633;49.880001068115234;53.31999969482422;2676100
2017-03-06;52.75;52.75;50.5;51.459999084472656;1296200
2017-03-07;51.310001373291016;56.13999938964844;50.540000915527344;54.540000915527344;1902200
2017-03-08;54.849998474121094;54.946998596191406;51.5;52.560001373291016;1283100
2017-03-09;52.439998626708984;54.310001373291016;51.52000045776367;52.65999984741211;1019800
2017-03-10;52.0099983215332;52.459999084472656;49.41999816894531;50.91999816894531;1418100
2017-03-13;51.150001525878906;51.54999923706055;49.810001373291016;51.060001373291016;766500
2017-03-14;50.56999969482422;50.650001525878906;47.869998931884766;48.189998626708984;1139400
2017-03-15;48.27000045776367;49.150001525878906;46.900001525878906;47.400001525878906;1448200
2017-03-16;47.79999923706055;48.29999923706055;46.61000061035156;47.959999084472656;1216100
2017-03-17;48.0;50.9900016784668;47.70100021362305;50.77000045776367;1828500
2017-03-20;51.369998931884766;51.4900016784668;49.09000015258789;50.33000183105469;1098400
2017-03-21;50.47999954223633;51.970001220703125;48.060001373291016;48.22999954223633;1315000
2017-03-22;48.02000045776367;53.09000015258789;47.060001373291016;52.630001068115234;2207300
2017-03-23;52.900001525878906;53.150001525878906;50.90999984741211;51.5099983215332;1399500
2017-03-24;51.779998779296875;55.71900177001953;51.779998779296875;55.02000045776367;2127600
2017-03-27;53.84000015258789;60.189998626708984;52.56999969482422;59.880001068115234;3697700
2017-03-28;60.02000045776367;60.09000015258789;57.119998931884766;58.560001373291016;2109400
2017-03-29;59.18000030517578;59.417999267578125;57.5;58.02000045776367;1129300
2017-03-30;58.06999969482422;58.5369987487793;53.279998779296875;55.349998474121094;2586100
2017-03-31;55.349998474121094;56.540000915527344;54.17100143432617;56.150001525878906;2467500
2017-04-03;56.91999816894531;57.900001525878906;53.16999816894531;53.470001220703125;1627400
2017-04-04;53.209999084472656;53.900001525878906;50.560001373291016;51.189998626708984;1896700
2017-04-05;51.29999923706055;51.54999923706055;44.540000915527344;44.68000030517578;6126900
2017-04-06;44.7599983215332;47.709999084472656;44.599998474121094;46.310001373291016;2988700
2017-04-07;46.0;47.13800048828125;44.02000045776367;44.68000030517578;1867700
2017-04-10;45.31999969482422;46.099998474121094;43.70000076293945;44.459999084472656;1386300
2017-04-11;44.43000030517578;44.70000076293945;41.790000915527344;42.380001068115234;1960500
2017-04-12;42.040000915527344;42.48899841308594;40.279998779296875;40.81999969482422;2503000
2017-04-13;49.849998474121094;50.0;44.63999938964844;45.29999923706055;13208400
2017-04-17;45.5099983215332;46.36899948120117;43.189998626708984;43.33000183105469;3987100
2017-04-18;42.599998474121094;44.650001525878906;42.43000030517578;44.20000076293945;2232900
2017-04-19;44.34000015258789;44.89899826049805;43.08000183105469;43.72999954223633;1678300
2017-04-20;43.93000030517578;44.349998474121094;43.5;44.310001373291016;972600
2017-04-21;45.86000061035156;47.13999938964844;44.75;45.540000915527344;4223900
2017-04-24;46.83000183105469;48.88999938964844;45.83000183105469;48.779998779296875;6052100
2017-04-25;48.209999084472656;49.849998474121094;47.7400016784668;49.400001525878906;3409800
2017-04-26;49.45000076293945;49.84000015258789;46.75;47.470001220703125;3035300
2017-04-27;47.849998474121094;49.83000183105469;46.91999816894531;49.36000061035156;2356200
2017-04-28;48.84000015258789;49.79999923706055;48.20000076293945;49.38999938964844;1383200
2017-05-01;50.25;52.099998474121094;49.33000183105469;50.130001068115234;3243700
2017-05-02;49.97999954223633;50.29999923706055;46.27000045776367;47.29999923706055;2694000
2017-05-03;45.9900016784668;46.91999816894531;45.0099983215332;46.470001220703125;2121300
2017-05-04;47.29999923706055;48.75;46.34000015258789;46.810001373291016;2998200
2017-05-05;51.529998779296875;56.29999923706055;48.5;55.959999084472656;10854900
2017-05-08;57.150001525878906;60.0;56.54999923706055;57.38999938964844;5314600
2017-05-09;57.75;62.63999938964844;56.0099983215332;62.11000061035156;5046800
2017-05-10;61.810001373291016;65.0;61.36000061035156;64.97000122070312;3932300
2017-05-11;64.05000305175781;65.33000183105469;62.08000183105469;64.2300033569336;3543900
2017-05-12;64.23999786376953;67.01000213623047;63.21500015258789;65.44999694824219;3004300
2017-05-15;65.80000305175781;66.4000015258789;63.25;64.01000213623047;3112500
2017-05-16;64.11000061035156;65.23999786376953;62.529998779296875;64.97000122070312;2528000
2017-05-17;63.040000915527344;64.0;60.099998474121094;61.380001068115234;3507000
2017-05-18;60.060001373291016;65.30000305175781;58.959999084472656;63.97999954223633;3947300
2017-05-19;64.73999786376953;65.93000030517578;63.5;63.540000915527344;2271300
2017-05-22;66.0;71.33999633789062;65.80000305175781;71.23999786376953;6771200
2017-05-23;71.5999984741211;71.69999694824219;67.05999755859375;69.1500015258789;3771600
2017-05-24;68.25;70.2300033569336;67.86000061035156;68.62999725341797;2010100
2017-05-25;68.80000305175781;69.88999938964844;66.30000305175781;67.87999725341797;2555900
2017-05-26;67.37000274658203;72.94999694824219;67.11599731445312;71.51000213623047;3885000
2017-05-30;71.19999694824219;71.80999755859375;69.11000061035156;70.4800033569336;2283700
2017-05-31;71.06999969482422;71.6500015258789;68.72000122070312;69.81999969482422;2395600
2017-06-01;70.05000305175781;71.36000061035156;69.44000244140625;70.01000213623047;1857300
2017-06-02;72.05000305175781;74.7300033569336;71.76000213623047;74.68000030517578;3986800
2017-06-05;74.95999908447266;75.0;71.80000305175781;72.44000244140625;2754700
2017-06-06;71.3499984741211;75.58999633789062;70.5;73.41000366210938;2964600
2017-06-07;73.30000305175781;73.87000274658203;70.02999877929688;71.4800033569336;2756500
2017-06-08;71.7300033569336;73.16999816894531;70.70999908447266;73.13999938964844;2063600
2017-06-09;73.88999938964844;74.0;62.040000915527344;64.70999908447266;5292300
2017-06-12;63.52000045776367;66.88999938964844;60.02000045776367;64.61000061035156;4931200
2017-06-13;66.70999908447266;67.8479995727539;63.25;63.849998474121094;3186000
2017-06-14;64.0;64.9000015258789;59.61000061035156;60.95000076293945;3749400
2017-06-15;58.25;62.9900016784668;57.54999923706055;62.22999954223633;4006600
2017-06-16;62.22999954223633;63.150001525878906;60.099998474121094;62.880001068115234;2978300
2017-06-19;63.29999923706055;65.2300033569336;62.29100036621094;63.20000076293945;2596600
2017-06-20;63.22999954223633;63.75;60.88999938964844;61.08000183105469;2002100
2017-06-21;61.099998474121094;64.30000305175781;61.09000015258789;63.099998474121094;1830400
2017-06-22;63.060001373291016;63.94499969482422;61.91999816894531;63.58000183105469;1315700
2017-06-23;63.599998474121094;67.18000030517578;63.349998474121094;65.87000274658203;2987900
2017-06-26;65.01000213623047;65.01000213623047;60.76499938964844;61.59000015258789;4653100
2017-06-27;61.29999923706055;62.229000091552734;58.268001556396484;58.439998626708984;2748300
2017-06-28;59.619998931884766;61.189998626708984;58.0;61.0;1986100
2017-06-29;60.15999984741211;60.854000091552734;58.77000045776367;60.0;1379000
2017-06-30;61.7400016784668;63.619998931884766;60.43000030517578;61.790000915527344;2414000
2017-07-03;62.40999984741211;63.75;61.040000915527344;61.38999938964844;970600
2017-07-05;61.650001525878906;62.599998474121094;60.20000076293945;60.619998931884766;1480200
2017-07-06;59.70000076293945;62.81700134277344;59.150001525878906;61.470001220703125;1540700
2017-07-07;62.119998931884766;68.37999725341797;62.119998931884766;67.30000305175781;3757800
2017-07-10;67.38999938964844;69.05000305175781;64.79000091552734;68.63999938964844;2811200
2017-07-11;68.5;71.0;67.80000305175781;70.04000091552734;2988400
2017-07-12;70.55000305175781;72.94999694824219;69.80000305175781;72.63999938964844;2641900
2017-07-13;77.05000305175781;79.9800033569336;74.01000213623047;78.04000091552734;8239800
2017-07-14;78.0;86.36000061035156;77.68000030517578;84.19999694824219;6861400
2017-07-17;85.7699966430664;85.87899780273438;82.08999633789062;84.18000030517578;4192900
2017-07-18;83.5;91.45999908447266;83.06999969482422;90.18000030517578;5531700
2017-07-19;91.80000305175781;95.43000030517578;91.0;92.54000091552734;5879600
2017-07-20;93.19999694824219;95.66999816894531;88.0999984741211;88.80000305175781;6140600
2017-07-21;90.4800033569336;91.76799774169922;85.62000274658203;89.94999694824219;5134600
2017-07-24;90.62999725341797;97.75;90.5999984741211;95.62999725341797;6768000
2017-07-25;97.69000244140625;97.70999908447266;93.56999969482422;96.80000305175781;2911300
2017-07-26;96.0;99.9800033569336;95.2030029296875;98.76000213623047;3394700
2017-07-27;99.58999633789062;103.41000366210938;92.93000030517578;97.81999969482422;5875500
2017-07-28;94.81999969482422;99.0;94.4000015258789;96.63999938964844;2629700
2017-07-31;98.19999694824219;98.37000274658203;95.08000183105469;97.48999786376953;2091300
2017-08-01;97.66000366210938;100.5;97.1500015258789;99.61000061035156;3135900
2017-08-02;100.0;101.30000305175781;92.36000061035156;93.5;4473700
2017-08-03;95.47000122070312;98.12999725341797;93.0;97.98999786376953;6711100
2017-08-04;75.0;75.0;64.4000015258789;64.5999984741211;17035300
2017-08-07;64.13999938964844;73.01000213623047;63.099998474121094;69.69000244140625;10880500
2017-08-08;71.75;74.43000030517578;70.0999984741211;71.19999694824219;6353400
2017-08-09;70.2300033569336;71.19999694824219;66.66000366210938;67.47000122070312;4086300
2017-08-10;66.66999816894531;66.7699966430664;63.0;63.54999923706055;3461400
2017-08-11;63.61000061035156;66.88999938964844;63.02000045776367;65.83999633789062;2857000
2017-08-14;67.81999969482422;69.20999908447266;66.16999816894531;68.91999816894531;3258000
2017-08-15;71.06999969482422;71.44999694824219;67.44999694824219;68.18000030517578;3691000
2017-08-16;67.87999725341797;68.16999816894531;64.80000305175781;65.79000091552734;3373100
2017-08-17;65.0;66.56999969482422;64.26000213623047;64.51000213623047;2047500
2017-08-18;64.16000366210938;65.55000305175781;62.560001373291016;64.0999984741211;1952300
2017-08-21;63.93000030517578;64.41799926757812;60.04999923706055;60.599998474121094;3114200
2017-08-22;60.939998626708984;62.400001525878906;60.40999984741211;61.02000045776367;1934300
2017-08-23;60.290000915527344;64.25;60.12099838256836;63.5099983215332;2280600
2017-08-24;64.79000091552734;64.9000015258789;61.720001220703125;62.38999938964844;2697100
2017-08-25;62.380001068115234;62.900001525878906;61.70000076293945;62.29999923706055;1011900
2017-08-28;61.84000015258789;62.29999923706055;60.5;61.25;1468300
2017-08-29;60.029998779296875;63.34000015258789;60.0099983215332;62.689998626708984;2719200
2017-08-30;63.099998474121094;64.0;61.459999084472656;61.5;1939600
2017-08-31;61.0099983215332;61.189998626708984;58.81999969482422;59.119998931884766;3770400
2017-09-01;59.25;60.16999816894531;58.400001525878906;58.97999954223633;1870800
2017-09-05;58.38999938964844;59.0;55.130001068115234;56.09000015258789;2746600
2017-09-06;56.36000061035156;58.72999954223633;56.36000061035156;58.060001373291016;2290000
2017-09-07;58.52000045776367;59.25;56.099998474121094;56.15999984741211;1889700
2017-09-08;55.97999954223633;57.81999969482422;55.880001068115234;56.7599983215332;1726300
2017-09-11;58.0;58.38999938964844;56.939998626708984;58.11000061035156;1248000
2017-09-12;58.650001525878906;59.290000915527344;57.5;57.9900016784668;1391300
2017-09-13;57.25;60.553001403808594;56.310001373291016;59.689998626708984;2150900
2017-09-14;59.310001373291016;59.5;56.79999923706055;57.27000045776367;2058000
2017-09-15;57.25;58.900001525878906;56.900001525878906;58.29999923706055;1873700
2017-09-18;58.459999084472656;66.69999694824219;58.349998474121094;66.29000091552734;6230900
2017-09-19;67.25;71.29000091552734;65.36000061035156;67.2300033569336;6938000
2017-09-20;67.25;68.94999694824219;63.70000076293945;63.959999084472656;3490600
2017-09-21;63.9900016784668;65.38999938964844;61.29999923706055;63.599998474121094;2622000
2017-09-22;62.869998931884766;64.68000030517578;62.720001220703125;63.79999923706055;1108400
2017-09-25;62.56999969482422;63.79999923706055;59.290000915527344;61.11000061035156;2185600
2017-09-26;62.04999923706055;63.939998626708984;61.61000061035156;62.849998474121094;1741200
2017-09-27;63.959999084472656;65.68000030517578;63.87300109863281;64.7300033569336;1906000
2017-09-28;64.36000061035156;65.33999633789062;63.45000076293945;64.20999908447266;1216600
2017-09-29;64.0;66.2300033569336;64.0;64.66999816894531;1788800
2017-10-02;64.36000061035156;65.75;63.0;64.5199966430664;1226700
2017-10-03;61.970001220703125;62.779998779296875;59.81999969482422;61.72999954223633;3393100
2017-10-04;61.38999938964844;61.9900016784668;59.349998474121094;59.43000030517578;2200900
2017-10-05;59.0;59.2400016784668;56.75;56.9900016784668;2576200
2017-10-06;56.72999954223633;59.43000030517578;56.54999923706055;58.16999816894531;2021500
2017-10-09;59.2400016784668;59.39899826049805;57.900001525878906;58.790000915527344;1461100
2017-10-10;59.060001373291016;60.650001525878906;59.029998779296875;60.349998474121094;1724700
2017-10-11;60.45000076293945;62.29999923706055;60.380001068115234;61.439998626708984;1639900
2017-10-12;60.619998931884766;61.0;58.630001068115234;58.84000015258789;3651300
2017-10-13;46.54999923706055;49.77000045776367;46.0;47.0099983215332;8691000
2017-10-16;47.0;47.75;43.1349983215332;43.380001068115234;4536700
2017-10-17;42.790000915527344;45.5;42.2400016784668;43.7400016784668;2840500
2017-10-18;43.5;44.59000015258789;41.95000076293945;42.290000915527344;2004400
2017-10-19;41.63999938964844;42.83000183105469;41.04999923706055;42.16999816894531;1826300
2017-10-20;42.29999923706055;42.599998474121094;41.209999084472656;41.470001220703125;1303200
2017-10-23;41.40999984741211;42.2400016784668;40.79999923706055;41.810001373291016;1316700
2017-10-24;42.040000915527344;42.834999084472656;41.54999923706055;41.65999984741211;1076400
2017-10-25;41.5099983215332;41.97999954223633;39.599998474121094;40.43000030517578;2321800
2017-10-26;40.349998474121094;40.79999923706055;38.5;38.68000030517578;1825500
2017-10-27;38.650001525878906;39.38999938964844;37.27000045776367;39.27000045776367;2050900
2017-10-30;39.29999923706055;42.25;38.88999938964844;42.119998931884766;1850700
2017-10-31;42.439998626708984;42.9900016784668;40.56999969482422;40.7400016784668;1612100
2017-11-01;40.40999984741211;41.465999603271484;38.83000183105469;38.970001220703125;1270600
2017-11-02;39.08000183105469;42.5;39.0099983215332;39.279998779296875;2239400
2017-11-03;39.29999923706055;39.87300109863281;37.560001373291016;37.81999969482422;2730700
2017-11-06;37.58000183105469;38.720001220703125;36.70000076293945;37.79999923706055;2389000
2017-11-07;37.97999954223633;38.599998474121094;36.970001220703125;37.88999938964844;3508200
2017-11-08;40.470001220703125;44.643001556396484;39.099998474121094;43.63999938964844;7672500
2017-11-09;43.0;44.2400016784668;41.34400177001953;43.20000076293945;2868200
2017-11-10;42.66999816894531;46.071998596191406;42.54999923706055;45.29999923706055;2969900
2017-11-13;45.2400016784668;46.599998474121094;43.63999938964844;44.58000183105469;2423400
2017-11-14;43.88999938964844;44.26900100708008;42.790000915527344;43.900001525878906;1331500
2017-11-15;45.79999923706055;45.79999923706055;44.130001068115234;45.400001525878906;1819800
2017-11-16;46.0;46.11199951171875;44.209999084472656;44.79999923706055;1191000
2017-11-17;44.540000915527344;45.27000045776367;44.279998779296875;45.040000915527344;1026200
2017-11-20;44.54999923706055;45.709999084472656;43.45000076293945;43.47999954223633;1672600
2017-11-21;43.150001525878906;43.869998931884766;42.310001373291016;42.900001525878906;1619400
2017-11-22;43.0;43.53900146484375;41.689998626708984;41.95000076293945;1062200
2017-11-24;42.0;43.040000915527344;42.0;42.220001220703125;508800
2017-11-27;42.209999084472656;42.45000076293945;41.18000030517578;41.2400016784668;945600
2017-11-28;41.5;43.33000183105469;41.2599983215332;42.68000030517578;1180000
2017-11-29;43.060001373291016;43.720001220703125;42.31999969482422;43.29999923706055;1360800
2017-11-30;43.29999923706055;45.02000045776367;43.060001373291016;43.65999984741211;1254200
2017-12-01;43.209999084472656;43.88999938964844;41.83000183105469;43.380001068115234;1137800
2017-12-04;43.470001220703125;44.04999923706055;41.529998779296875;44.04999923706055;1098800
2017-12-05;43.81999969482422;44.20000076293945;41.58000183105469;42.459999084472656;1133200
2017-12-06;41.9900016784668;42.37900161743164;40.66999816894531;40.7400016784668;1071100
2017-12-07;40.43000030517578;40.70000076293945;38.20000076293945;38.84000015258789;2192800
2017-12-08;39.099998474121094;39.709999084472656;38.099998474121094;38.689998626708984;1335800
2017-12-11;38.779998779296875;40.564998626708984;38.75;40.52000045776367;1000300
2017-12-12;40.0;40.99599838256836;39.5;40.150001525878906;885200
2017-12-13;40.66999816894531;41.43000030517578;40.189998626708984;40.349998474121094;887200
2017-12-14;40.16999816894531;40.75;39.0;39.09000015258789;877900
2017-12-15;39.349998474121094;39.54899978637695;38.7599983215332;38.9900016784668;1535000
2017-12-18;39.099998474121094;40.39899826049805;39.099998474121094;39.27000045776367;1128100
2017-12-19;39.40999984741211;42.56999969482422;39.310001373291016;42.06999969482422;2169600
2017-12-20;42.40999984741211;42.880001068115234;40.75;41.29999923706055;907000
2017-12-21;41.349998474121094;41.939998626708984;40.20000076293945;40.52000045776367;1076000
2017-12-22;40.02000045776367;40.2599983215332;39.59000015258789;39.959999084472656;597500
2017-12-26;39.5099983215332;39.90999984741211;38.58000183105469;38.90999984741211;734000
2017-12-27;38.650001525878906;39.75;38.40999984741211;38.65999984741211;902800
2017-12-28;38.7599983215332;39.400001525878906;38.34000015258789;38.86000061035156;848500
2017-12-29;38.599998474121094;38.86000061035156;37.36000061035156;37.81999969482422;1493400
2018-01-02;37.79999923706055;38.77000045776367;37.619998931884766;37.90999984741211;964200
2018-01-03;38.27000045776367;38.34000015258789;37.41999816894531;37.88999938964844;1037800
2018-01-04;37.95000076293945;38.650001525878906;37.90999984741211;38.380001068115234;696600
2018-01-05;38.70000076293945;39.16999816894531;38.040000915527344;38.88999938964844;679900
2018-01-08;38.900001525878906;38.9900016784668;37.439998626708984;38.369998931884766;899700
2018-01-09;38.13999938964844;38.29999923706055;35.099998474121094;35.540000915527344;3015300
2018-01-10;35.040000915527344;35.91999816894531;33.779998779296875;35.310001373291016;1725900
2018-01-11;35.369998931884766;36.279998779296875;35.0099983215332;35.939998626708984;871000
2018-01-12;36.310001373291016;36.66999816894531;35.349998474121094;35.849998474121094;837300
2018-01-16;35.689998626708984;35.72999954223633;33.630001068115234;34.16999816894531;1510400
2018-01-17;34.0;35.4900016784668;33.9900016784668;34.0;1242700
2018-01-18;33.72999954223633;33.928001403808594;32.31999969482422;32.790000915527344;1629800
2018-01-19;34.869998931884766;36.18000030517578;34.01499938964844;35.029998779296875;2505700
2018-01-22;34.97999954223633;35.439998626708984;34.099998474121094;34.5;785900
2018-01-23;34.41999816894531;35.09000015258789;33.849998474121094;35.09000015258789;695200
2018-01-24;34.91999816894531;35.45000076293945;33.619998931884766;34.220001220703125;1423900
2018-01-25;34.31999969482422;35.11000061035156;34.09000015258789;35.099998474121094;627600
2018-01-26;34.90999984741211;36.290000915527344;34.90999984741211;35.9900016784668;1007000
2018-01-29;34.630001068115234;34.880001068115234;33.04999923706055;33.33000183105469;1725400
2018-01-30;32.7400016784668;33.41999816894531;32.119998931884766;32.84000015258789;960600
2018-01-31;33.0099983215332;33.37300109863281;32.13999938964844;32.38999938964844;701300
2018-02-01;32.5;33.599998474121094;32.34199905395508;33.4900016784668;627300
2018-02-02;33.61000061035156;33.8489990234375;32.79999923706055;32.810001373291016;668900
2018-02-05;32.5;33.70000076293945;32.369998931884766;32.47999954223633;661200
2018-02-06;32.0;33.79999923706055;31.229999542236328;33.41999816894531;1561500
2018-02-07;33.86000061035156;33.86000061035156;30.850000381469727;31.530000686645508;2218400
2018-02-08;31.299999237060547;32.58000183105469;31.299999237060547;32.04999923706055;1453600
2018-02-09;32.18000030517578;32.65999984741211;30.299999237060547;30.719999313354492;1931700
2018-02-12;30.770000457763672;31.04800033569336;28.969999313354492;30.25;1524200
2018-02-13;29.299999237060547;29.709999084472656;28.559999465942383;29.510000228881836;1388800
2018-02-14;29.100000381469727;31.309999465942383;29.041000366210938;31.280000686645508;994000
2018-02-15;31.280000686645508;32.5099983215332;31.280000686645508;31.989999771118164;1150900
2018-02-16;31.6299991607666;32.20000076293945;30.59000015258789;31.989999771118164;1267400
2018-02-20;32.20000076293945;33.97999954223633;32.0;33.33000183105469;1211200
2018-02-21;33.65999984741211;34.97999954223633;32.310001373291016;34.54999923706055;2319700
2018-02-22;28.65999984741211;29.0;26.110000610351562;27.510000228881836;10601700
2018-02-23;27.0;28.09000015258789;26.68000030517578;28.020000457763672;1885100
2018-02-26;28.059999465942383;28.75;27.799999237060547;28.0;1360200
2018-02-27;28.0;28.280000686645508;27.18000030517578;27.329999923706055;942800
2018-02-28;27.56999969482422;28.040000915527344;26.350000381469727;27.93000030517578;1139800
2018-03-01;27.899999618530273;28.200000762939453;27.111000061035156;27.81999969482422;1138200
2018-03-02;27.5;28.104999542236328;27.010000228881836;27.950000762939453;1041900
2018-03-05;27.950000762939453;28.549999237060547;27.479999542236328;27.530000686645508;949400
2018-03-06;28.139999389648438;28.43000030517578;27.299999237060547;27.450000762939453;1596200
2018-03-07;27.18000030517578;27.440000534057617;26.280000686645508;26.780000686645508;1542700
2018-03-08;26.649999618530273;29.5;26.649999618530273;27.950000762939453;2456400
2018-03-09;28.049999237060547;29.3799991607666;28.049999237060547;28.700000762939453;1307000
2018-03-12;30.0;31.969999313354492;29.93000030517578;30.950000762939453;3293500
2018-03-13;30.84000015258789;31.0;28.799999237060547;29.510000228881836;1906000
2018-03-14;29.739999771118164;30.110000610351562;29.030000686645508;29.1200008392334;917400
2018-03-15;28.940000534057617;29.15999984741211;26.610000610351562;26.790000915527344;2254200
2018-03-16;27.3799991607666;27.3799991607666;26.56999969482422;26.780000686645508;1338700
2018-03-19;26.790000915527344;26.8799991607666;25.799999237060547;26.219999313354492;1265100
2018-03-20;26.06999969482422;26.8700008392334;25.950000762939453;26.670000076293945;565000
2018-03-21;26.510000228881836;27.239999771118164;26.459999084472656;26.709999084472656;920700
2018-03-22;26.5;26.969999313354492;25.90999984741211;25.959999084472656;947900
2018-03-23;26.0;26.325000762939453;25.229999542236328;25.360000610351562;1127900
2018-03-26;25.549999237060547;25.84000015258789;23.510000228881836;24.530000686645508;1839400
2018-03-27;24.540000915527344;25.23900032043457;24.149999618530273;24.600000381469727;756500
2018-03-28;24.540000915527344;24.579999923706055;23.559999465942383;23.649999618530273;1210400
2018-03-29;23.979999542236328;25.190000534057617;23.8799991607666;25.059999465942383;872900
2018-04-02;24.8700008392334;25.329999923706055;24.020000457763672;24.020000457763672;598000
2018-04-03;24.100000381469727;24.65999984741211;23.760000228881836;24.0;721900
2018-04-04;23.010000228881836;24.610000610351562;22.540000915527344;24.290000915527344;919000
2018-04-05;24.43000030517578;25.06999969482422;24.104999542236328;24.610000610351562;791500
2018-04-06;24.5;24.976999282836914;23.75;24.09000015258789;597100
2018-04-09;24.219999313354492;25.030000686645508;23.489999771118164;24.360000610351562;677600
2018-04-10;24.510000228881836;26.077999114990234;24.509000778198242;25.43000030517578;684800
2018-04-11;27.0;29.809999465942383;26.600000381469727;29.1200008392334;3359400
2018-04-12;29.190000534057617;30.979999542236328;28.260000228881836;29.59000015258789;2556000
2018-04-13;30.280000686645508;30.59000015258789;29.270000457763672;30.190000534057617;1413400
2018-04-16;29.93000030517578;30.420000076293945;28.440000534057617;29.969999313354492;1795200
2018-04-17;30.09000015258789;30.115999221801758;28.290000915527344;28.329999923706055;1217400
2018-04-18;28.209999084472656;28.600000381469727;27.600000381469727;28.290000915527344;1074400
2018-04-19;28.309999465942383;31.719999313354492;28.115999221801758;31.639999389648438;1787200
2018-04-20;31.790000915527344;34.16999816894531;30.780000686645508;32.9900016784668;3099300
2018-04-23;32.84000015258789;33.470001220703125;31.3700008392334;32.459999084472656;1880200
2018-04-24;32.70000076293945;34.10499954223633;31.790000915527344;32.900001525878906;1564600
2018-04-25;32.79999923706055;33.130001068115234;31.670000076293945;32.619998931884766;815700
2018-04-26;32.630001068115234;33.88999938964844;32.189998626708984;33.84000015258789;801300
2018-04-27;34.22999954223633;34.52000045776367;32.709999084472656;33.7599983215332;1182900
2018-04-30;33.7599983215332;33.900001525878906;31.5;31.959999084472656;1382200
2018-05-01;31.639999389648438;32.150001525878906;30.100000381469727;31.530000686645508;1886200
2018-05-02;32.040000915527344;32.400001525878906;30.216999053955078;30.75;1424600
2018-05-03;30.600000381469727;32.16999816894531;30.469999313354492;32.13999938964844;1051000
2018-05-04;31.860000610351562;32.540000915527344;31.299999237060547;31.84000015258789;857500
2018-05-07;32.0;33.9900016784668;31.59000015258789;33.63999938964844;1249300
2018-05-08;33.88999938964844;35.7400016784668;33.76599884033203;35.130001068115234;2567600
2018-05-09;31.639999389648438;32.630001068115234;30.65999984741211;32.2599983215332;3177300
2018-05-10;32.2599983215332;32.58000183105469;31.399999618530273;32.09000015258789;1185100
2018-05-11;32.09000015258789;32.470001220703125;31.610000610351562;31.780000686645508;620000
2018-05-14;32.599998474121094;33.33000183105469;31.861000061035156;32.189998626708984;907100
2018-05-15;31.90999984741211;32.5;31.399999618530273;32.400001525878906;434000
2018-05-16;32.22999954223633;33.55500030517578;32.17399978637695;33.31999969482422;586800
2018-05-17;33.040000915527344;34.099998474121094;32.91999816894531;33.7400016784668;607400
2018-05-18;33.58000183105469;34.058998107910156;33.18000030517578;33.220001220703125;672800
2018-05-21;33.650001525878906;33.880001068115234;33.06999969482422;33.5099983215332;640700
2018-05-22;33.83000183105469;33.90999984741211;33.220001220703125;33.2599983215332;535500
2018-05-23;33.0;33.75;32.77000045776367;33.66999816894531;508100
2018-05-24;33.369998931884766;34.560001373291016;33.369998931884766;33.93000030517578;478500
2018-05-25;34.08000183105469;35.2599983215332;34.08000183105469;34.4900016784668;693100
2018-05-29;34.31999969482422;35.86000061035156;34.31999969482422;35.720001220703125;1039300
2018-05-30;36.0;40.66999816894531;35.84000015258789;40.619998931884766;3521200
2018-05-31;41.0099983215332;46.790000915527344;41.0099983215332;46.77000045776367;4887600
2018-06-01;46.869998931884766;46.9900016784668;42.5;45.02000045776367;3614600
2018-06-04;45.470001220703125;49.75;45.28099822998047;46.95000076293945;3245100
2018-06-05;46.83000183105469;48.029998779296875;46.005001068115234;47.040000915527344;1212300
2018-06-06;47.0;47.0;44.25;44.86000061035156;1488000
2018-06-07;45.369998931884766;45.79999923706055;44.0;44.97999954223633;1137900
2018-06-08;44.4900016784668;46.85900115966797;44.277000427246094;45.36000061035156;913200
2018-06-11;43.06999969482422;43.380001068115234;41.301998138427734;42.52000045776367;3258600
2018-06-12;42.5;44.150001525878906;41.81999969482422;43.52000045776367;962300
2018-06-13;43.18000030517578;44.650001525878906;42.5;43.58000183105469;902600
2018-06-14;43.59000015258789;44.56999969482422;43.29999923706055;43.7400016784668;791200
2018-06-15;43.560001373291016;44.220001220703125;43.0;43.380001068115234;873000
2018-06-18;42.88999938964844;43.4900016784668;42.150001525878906;43.470001220703125;656700
2018-06-19;42.900001525878906;43.275001525878906;40.630001068115234;42.099998474121094;1195100
2018-06-20;42.11000061035156;42.970001220703125;41.650001525878906;42.150001525878906;772000
2018-06-21;42.439998626708984;45.400001525878906;42.439998626708984;43.130001068115234;1302500
2018-06-22;43.189998626708984;44.279998779296875;41.808998107910156;43.75;1154100
2018-06-25;43.27000045776367;43.319000244140625;40.018001556396484;40.25;945700
2018-06-26;40.599998474121094;42.75;40.40999984741211;42.75;597600
2018-06-27;42.709999084472656;44.75;41.08000183105469;41.2599983215332;1054600
2018-06-28;41.20000076293945;43.130001068115234;40.665000915527344;42.630001068115234;571800
2018-06-29;43.0;45.3650016784668;43.0;44.900001525878906;1236600
2018-07-02;44.54999923706055;47.79999923706055;44.0;45.97999954223633;1637700
2018-07-03;46.95000076293945;46.95000076293945;45.38100051879883;45.970001220703125;804700
2018-07-05;46.119998931884766;46.900001525878906;44.380001068115234;46.0;824400
2018-07-06;45.58000183105469;46.5099983215332;45.209999084472656;46.02000045776367;727500
2018-07-09;45.400001525878906;47.11000061035156;44.369998931884766;45.33000183105469;1007800
2018-07-10;45.349998474121094;47.0;45.0099983215332;45.790000915527344;934200
2018-07-11;45.400001525878906;46.0;44.5;45.7599983215332;645900
2018-07-12;45.7599983215332;49.5;45.54800033569336;48.79999923706055;2173500
2018-07-13;48.84000015258789;50.29999923706055;46.650001525878906;47.779998779296875;1857000
2018-07-16;47.43000030517578;49.069000244140625;47.0099983215332;48.66999816894531;1103300
2018-07-17;48.279998779296875;49.43000030517578;47.0099983215332;47.400001525878906;941600
2018-07-18;46.9900016784668;47.09000015258789;42.880001068115234;43.0;3865300
2018-07-19;42.5;43.93000030517578;42.130001068115234;42.5;1171500
2018-07-20;42.369998931884766;42.5;41.150001525878906;41.779998779296875;1309900
2018-07-23;41.38999938964844;42.31800079345703;40.599998474121094;41.9900016784668;1080900
2018-07-24;42.310001373291016;42.380001068115234;37.90999984741211;38.2599983215332;1866200
2018-07-25;38.2599983215332;39.4010009765625;37.220001220703125;38.29999923706055;1115700
2018-07-26;38.130001068115234;40.08000183105469;38.099998474121094;39.720001220703125;765400
2018-07-27;39.75;40.209999084472656;37.54999923706055;38.22999954223633;985900
2018-07-30;38.310001373291016;38.310001373291016;37.2400016784668;37.90999984741211;439000
2018-07-31;37.9900016784668;39.143001556396484;37.43000030517578;38.43000030517578;476700
2018-08-01;38.18000030517578;38.959999084472656;37.400001525878906;37.400001525878906;942700
2018-08-02;36.38999938964844;38.25;35.560001373291016;38.13999938964844;634300
2018-08-03;38.34000015258789;39.68000030517578;38.20500183105469;39.41999816894531;1219100
2018-08-06;39.709999084472656;39.849998474121094;38.619998931884766;38.97999954223633;1006900
2018-08-07;39.290000915527344;39.45000076293945;36.880001068115234;37.22999954223633;2884300
2018-08-08;46.0;46.0;40.279998779296875;40.91999816894531;5947100
2018-08-09;41.16999816894531;42.150001525878906;39.75;40.099998474121094;1707300
2018-08-10;39.45000076293945;43.150001525878906;38.900001525878906;42.5;2055800
2018-08-13;42.189998626708984;43.349998474121094;41.529998779296875;42.279998779296875;849200
2018-08-14;42.72999954223633;43.18000030517578;41.150001525878906;41.68000030517578;973000
2018-08-15;41.25;41.65999984741211;40.04999923706055;41.34000015258789;786200
2018-08-16;41.5099983215332;41.849998474121094;39.369998931884766;39.58000183105469;1275100
2018-08-17;39.90999984741211;40.33000183105469;39.18000030517578;40.15999984741211;700500
2018-08-20;40.04999923706055;40.7599983215332;39.5;40.27000045776367;603800
2018-08-21;40.45000076293945;41.13999938964844;40.145999908447266;40.61000061035156;531700
2018-08-22;40.650001525878906;41.86000061035156;40.150001525878906;41.83000183105469;764400
2018-08-23;41.720001220703125;43.369998931884766;41.720001220703125;42.790000915527344;1142400
2018-08-24;43.099998474121094;43.29999923706055;42.46500015258789;42.869998931884766;734500
2018-08-27;42.95000076293945;43.209999084472656;42.06999969482422;42.11000061035156;570900
2018-08-28;42.20000076293945;42.77000045776367;41.68000030517578;42.7400016784668;374100
2018-08-29;42.95000076293945;43.95000076293945;42.310001373291016;42.38999938964844;1455000
2018-08-30;42.4900016784668;42.84000015258789;41.540000915527344;41.619998931884766;505100
2018-08-31;41.5099983215332;41.869998931884766;41.22100067138672;41.36000061035156;380800
2018-09-04;41.27000045776367;41.27000045776367;36.04999923706055;36.720001220703125;3086500
2018-09-05;36.7400016784668;37.2599983215332;33.439998626708984;34.25;2443600
2018-09-06;34.060001373291016;34.52000045776367;32.04999923706055;32.2400016784668;1519900
2018-09-07;32.150001525878906;33.13999938964844;31.649999618530273;32.040000915527344;1558100
2018-09-10;32.06999969482422;33.36000061035156;31.899999618530273;33.130001068115234;752000
2018-09-11;32.88999938964844;33.20000076293945;32.41999816894531;33.04999923706055;472600
2018-09-12;32.86000061035156;33.9630012512207;32.369998931884766;33.65999984741211;669200
2018-09-13;33.630001068115234;34.59000015258789;33.400001525878906;33.790000915527344;807500
2018-09-14;35.0;35.5099983215332;34.029998779296875;34.189998626708984;1434100
2018-09-17;34.06999969482422;34.34000015258789;33.051998138427734;34.040000915527344;711400
2018-09-18;33.83000183105469;34.41999816894531;32.5;32.540000915527344;1230200
2018-09-19;32.650001525878906;32.779998779296875;31.100000381469727;31.18000030517578;1404000
2018-09-20;31.010000228881836;32.900001525878906;30.43000030517578;32.869998931884766;1434000
2018-09-21;32.849998474121094;33.09000015258789;32.49700164794922;32.720001220703125;841300
2018-09-24;32.63999938964844;33.470001220703125;32.540000915527344;33.209999084472656;743200
2018-09-25;33.32699966430664;33.790000915527344;32.66899871826172;33.560001373291016;738100
2018-09-26;33.380001068115234;33.65999984741211;31.260000228881836;31.34000015258789;1215000
2018-09-27;28.18000030517578;28.520000457763672;26.711999893188477;28.360000610351562;4045300
2018-09-28;24.0;25.780000686645508;23.799999237060547;24.65999984741211;6187700
2018-10-01;25.3700008392334;25.479999542236328;23.93000030517578;24.0;2171000
2018-10-02;23.899999618530273;24.690000534057617;23.049999237060547;23.360000610351562;1385700
2018-10-03;23.280000686645508;25.263999938964844;22.149999618530273;24.90999984741211;2168600
2018-10-04;25.479999542236328;25.860000610351562;24.110000610351562;24.540000915527344;1533000
2018-10-05;24.469999313354492;24.64699935913086;23.600000381469727;23.989999771118164;787600
2018-10-08;23.729999542236328;24.229999542236328;22.1200008392334;22.850000381469727;1107800
2018-10-09;22.68000030517578;23.329999923706055;22.25;22.559999465942383;1008500
2018-10-10;22.3799991607666;22.527999877929688;21.2549991607666;21.31999969482422;1003400
2018-10-11;20.759000778198242;23.18000030517578;20.759000778198242;22.020000457763672;1687500
2018-10-12;22.540000915527344;23.219999313354492;22.290000915527344;22.920000076293945;971600
2018-10-15;22.90999984741211;24.1200008392334;22.31999969482422;22.350000381469727;938200
2018-10-16;22.530000686645508;23.56999969482422;22.246000289916992;23.3700008392334;642000
2018-10-17;23.209999084472656;23.399999618530273;22.520000457763672;23.149999618530273;468700
2018-10-18;22.979999542236328;23.3799991607666;22.209999084472656;22.850000381469727;841200
2018-10-19;22.899999618530273;23.469999313354492;21.850000381469727;21.90999984741211;1074900
2018-10-22;21.850000381469727;22.78499984741211;21.850000381469727;22.309999465942383;801900
2018-10-23;21.860000610351562;22.559999465942383;21.45400047302246;22.25;685500
2018-10-24;22.280000686645508;22.540000915527344;20.510000228881836;20.549999237060547;963700
2018-10-25;20.719999313354492;21.81999969482422;20.708999633789062;21.559999465942383;686400
2018-10-26;21.049999237060547;21.389999389648438;20.440000534057617;20.520000457763672;1184100
2018-10-29;20.860000610351562;21.452999114990234;20.084999084472656;20.31999969482422;1067300
2018-10-30;20.219999313354492;20.299999237060547;19.06999969482422;20.040000915527344;1026100
2018-10-31;20.31999969482422;20.5;19.600000381469727;19.6299991607666;901600
2018-11-01;18.670000076293945;20.309999465942383;18.15999984741211;20.139999389648438;1711300
2018-11-02;20.110000610351562;20.850000381469727;19.719999313354492;20.489999771118164;871000
2018-11-05;20.389999389648438;20.459999084472656;18.40999984741211;19.440000534057617;1678400
2018-11-06;19.399999618530273;20.440000534057617;19.010000228881836;20.299999237060547;828500
2018-11-07;20.0;20.0;18.566999435424805;19.3799991607666;2371100
2018-11-08;18.0;22.829999923706055;17.950000762939453;21.700000762939453;4030200
2018-11-09;21.399999618530273;23.3799991607666;21.1299991607666;21.65999984741211;2006000
2018-11-12;21.1299991607666;21.268999099731445;19.229999542236328;19.625;1586300
2018-11-13;19.549999237060547;20.81999969482422;19.549999237060547;20.15999984741211;1159700
2018-11-14;20.5;21.40999984741211;20.18000030517578;20.190000534057617;999500
2018-11-15;20.110000610351562;21.489999771118164;20.059999465942383;21.34000015258789;640500
2018-11-16;21.1299991607666;21.389999389648438;20.469999313354492;20.989999771118164;477900
2018-11-19;20.829999923706055;20.829999923706055;19.440000534057617;19.690000534057617;549600
2018-11-20;19.18000030517578;20.1299991607666;19.020000457763672;19.649999618530273;507600
2018-11-21;19.899999618530273;20.690000534057617;19.899999618530273;20.260000228881836;508500
2018-11-23;20.139999389648438;20.979999542236328;20.1200008392334;20.329999923706055;250900
2018-11-26;20.5;21.31999969482422;20.1200008392334;20.40999984741211;1169000
2018-11-27;20.18000030517578;20.8700008392334;19.829999923706055;20.0;447600
2018-11-28;20.15999984741211;20.729999542236328;19.809999465942383;20.65999984741211;337300
2018-11-29;20.59000015258789;20.799999237060547;20.06800079345703;20.280000686645508;300500
2018-11-30;20.290000915527344;20.59000015258789;19.940000534057617;20.59000015258789;574000
2018-12-03;21.1200008392334;21.920000076293945;20.8799991607666;21.579999923706055;704000
2018-12-04;21.5;21.90999984741211;21.040000915527344;21.15999984741211;614500
2018-12-06;20.610000610351562;20.81999969482422;18.68000030517578;20.020000457763672;973600
2018-12-07;19.93000030517578;20.389999389648438;19.049999237060547;19.139999389648438;834900
2018-12-10;19.079999923706055;19.81999969482422;18.940000534057617;19.739999771118164;511500
2018-12-11;20.0;20.31999969482422;19.25;19.770000457763672;506700
2018-12-12;20.040000915527344;20.200000762939453;19.540000915527344;19.84000015258789;441100
2018-12-13;20.030000686645508;20.1299991607666;19.020000457763672;19.100000381469727;406600
2018-12-14;18.920000076293945;19.06999969482422;17.549999237060547;17.600000381469727;934000
2018-12-17;17.5;17.979999542236328;16.927000045776367;17.110000610351562;838500
2018-12-18;17.309999465942383;17.68000030517578;15.140000343322754;15.40999984741211;1744800
2018-12-19;15.40999984741211;16.100000381469727;14.630000114440918;14.90999984741211;1467800
2018-12-20;14.880000114440918;15.970000267028809;14.880000114440918;15.220000267028809;932200
2018-12-21;15.199999809265137;15.399999618530273;14.140999794006348;14.529999732971191;1762900
2018-12-24;14.0;14.470000267028809;13.420000076293945;13.84000015258789;842500
2018-12-26;14.0;14.975000381469727;13.88700008392334;14.930000305175781;667400
2018-12-27;14.720000267028809;15.430000305175781;14.329999923706055;14.920000076293945;651700
2018-12-28;14.9399995803833;15.319999694824219;14.569999694824219;15.029999732971191;662400
2018-12-31;15.109999656677246;15.539999961853027;14.40999984741211;15.430000305175781;774100
2019-01-02;15.0;16.290000915527344;14.850000381469727;15.880000114440918;478300
2019-01-03;15.510000228881836;15.800000190734863;15.015000343322754;15.0600004196167;398400
2019-01-04;15.329999923706055;15.770000457763672;15.15999984741211;15.539999961853027;765400
2019-01-07;15.680000305175781;16.033000946044922;15.329999923706055;15.680000305175781;546300
2019-01-08;15.899999618530273;16.389999389648438;15.770000457763672;16.010000228881836;477500
2019-01-09;16.219999313354492;16.56999969482422;15.90999984741211;16.1200008392334;597400
2019-01-10;16.010000228881836;16.489999771118164;16.010000228881836;16.270000457763672;385600
2019-01-11;16.209999084472656;16.479999542236328;15.911999702453613;16.389999389648438;516800
2019-01-14;16.219999313354492;16.299999237060547;15.595000267028809;15.949999809265137;426500
2019-01-15;16.0;16.360000610351562;15.680000305175781;16.15999984741211;324300
2019-01-16;16.18000030517578;16.290000915527344;15.84000015258789;15.949999809265137;377200
2019-01-17;15.890000343322754;16.239999771118164;15.449999809265137;16.040000915527344;568300
2019-01-18;16.219999313354492;17.049999237060547;15.930000305175781;16.59000015258789;839400
2019-01-22;16.1200008392334;16.65999984741211;16.049999237060547;16.270000457763672;680400
2019-01-23;16.40999984741211;16.625;16.010000228881836;16.209999084472656;384400
2019-01-24;16.34000015258789;16.809999465942383;16.110000610351562;16.719999313354492;520900
2019-01-25;16.760000228881836;17.73900032043457;16.709999084472656;17.450000762939453;804400
2019-01-28;17.09000015258789;17.489999771118164;16.709999084472656;16.889999389648438;587300
2019-01-29;16.93000030517578;17.190000534057617;16.790000915527344;16.850000381469727;411800
2019-01-30;17.040000915527344;17.469999313354492;16.15999984741211;17.31999969482422;670500
2019-01-31;17.389999389648438;17.860000610351562;17.149999618530273;17.3799991607666;524100
2019-02-01;17.3700008392334;17.65999984741211;17.200000762939453;17.290000915527344;395100
2019-02-04;17.280000686645508;18.040000915527344;17.15999984741211;17.790000915527344;742700
2019-02-05;17.780000686645508;18.0;17.1200008392334;17.290000915527344;539000
2019-02-06;17.309999465942383;17.709999084472656;17.219999313354492;17.389999389648438;366500
2019-02-07;17.25;17.309999465942383;15.649999618530273;15.824999809265137;1334400
2019-02-08;15.65999984741211;16.094999313354492;15.59000015258789;15.880000114440918;563100
2019-02-11;15.960000038146973;16.0;15.34000015258789;15.770000457763672;549200
2019-02-12;15.449999809265137;15.449999809265137;14.420000076293945;14.65999984741211;2233100
2019-02-13;14.579999923706055;15.220000267028809;14.579999923706055;14.9399995803833;788200
2019-02-14;14.829999923706055;14.979999542236328;14.369999885559082;14.720000267028809;820700
2019-02-15;14.8100004196167;15.050000190734863;14.630000114440918;15.029999732971191;614900
2019-02-19;15.039999961853027;15.079999923706055;14.100000381469727;14.930000305175781;1598300
2019-02-20;14.949999809265137;15.649999618530273;14.609999656677246;14.609999656677246;1263600
2019-02-21;14.779999732971191;15.100000381469727;14.239999771118164;14.600000381469727;2179700
2019-02-22;13.0;15.489999771118164;12.899999618530273;15.420000076293945;3756500
2019-02-25;15.65999984741211;16.850000381469727;15.5;16.80500030517578;2073400
2019-02-26;16.81999969482422;17.049999237060547;16.07900047302246;16.530000686645508;1008400
2019-02-27;16.3700008392334;16.809999465942383;15.930000305175781;16.350000381469727;953400
2019-02-28;14.890000343322754;14.949999809265137;13.489999771118164;13.5;5094000
2019-03-01;13.630000114440918;13.788999557495117;13.229999542236328;13.239999771118164;3147800
2019-03-04;13.390000343322754;14.119999885559082;13.109999656677246;13.970000267028809;1758200
2019-03-05;13.949999809265137;13.970000267028809;13.460000038146973;13.640000343322754;839400
2019-03-06;13.579999923706055;13.710000038146973;13.109999656677246;13.300000190734863;973100
2019-03-07;13.260000228881836;13.4399995803833;13.010000228881836;13.010000228881836;633300
2019-03-08;12.949999809265137;13.09000015258789;12.850000381469727;12.880000114440918;709100
2019-03-11;13.010000228881836;13.319999694824219;12.920000076293945;13.300000190734863;628700
2019-03-12;13.289999961853027;13.75;13.109999656677246;13.489999771118164;721000
2019-03-13;13.760000228881836;14.770000457763672;13.699999809265137;14.079999923706055;2287800
2019-03-14;14.130000114440918;14.5;13.75;13.84000015258789;707100
2019-03-15;13.9399995803833;14.380000114440918;13.869999885559082;14.0;1412100
2019-03-18;13.989999771118164;14.25;13.920000076293945;14.069999694824219;573400
2019-03-19;14.170000076293945;14.170000076293945;13.770000457763672;13.819999694824219;461300
2019-03-20;13.819999694824219;13.9399995803833;13.289999961853027;13.4399995803833;456800
2019-03-21;13.420000076293945;13.819999694824219;13.399999618530273;13.75;515000
2019-03-22;13.720000267028809;13.739999771118164;12.65999984741211;12.710000038146973;1105800
2019-03-25;12.649999618530273;12.760000228881836;12.130000114440918;12.319999694824219;816400
2019-03-26;12.430000305175781;12.579999923706055;12.010000228881836;12.350000381469727;738900
2019-03-27;12.390000343322754;12.489999771118164;11.770000457763672;12.199999809265137;752500
2019-03-28;12.210000038146973;12.460000038146973;12.079999923706055;12.1899995803833;376000
2019-03-29;12.3100004196167;12.390000343322754;12.119999885559082;12.199999809265137;660200
2019-04-01;12.3100004196167;12.746000289916992;12.265999794006348;12.600000381469727;566000
2019-04-02;12.649999618530273;12.739999771118164;12.130000114440918;12.130000114440918;644600
2019-04-03;12.3100004196167;12.90999984741211;12.305999755859375;12.460000038146973;886500
2019-04-04;12.420000076293945;12.930000305175781;12.420000076293945;12.75;716200
2019-04-05;12.770000457763672;13.0;12.6899995803833;12.720000267028809;404400
2019-04-08;12.699999809265137;12.899999618530273;12.262999534606934;12.5;639100
2019-04-09;12.390000343322754;12.479999542236328;11.899999618530273;12.0600004196167;849500
2019-04-10;12.100000381469727;12.420000076293945;11.979999542236328;12.300000190734863;404300
2019-04-11;12.329999923706055;12.40999984741211;12.180000305175781;12.369999885559082;293700
2019-04-12;12.5;13.239999771118164;12.470000267028809;13.09000015258789;946700
2019-04-15;12.75;12.760000228881836;12.100000381469727;12.359999656677246;1121300
2019-04-16;12.359999656677246;12.880000114440918;12.359999656677246;12.640000343322754;613400
2019-04-17;12.829999923706055;12.949999809265137;12.350000381469727;12.569999694824219;609500
2019-04-18;12.520000457763672;12.829999923706055;12.520000457763672;12.59000015258789;349700
2019-04-22;12.460000038146973;12.539999961853027;12.0600004196167;12.369999885559082;630400
2019-04-23;12.40999984741211;12.579999923706055;12.300000190734863;12.399999618530273;460900
2019-04-24;12.399999618530273;12.8100004196167;12.239999771118164;12.779999732971191;493500
2019-04-25;12.75;12.75;12.329999923706055;12.40999984741211;370800
2019-04-26;12.40999984741211;12.649999618530273;12.305000305175781;12.579999923706055;405800
2019-04-29;12.609999656677246;12.699999809265137;12.430000305175781;12.4399995803833;264400
2019-04-30;12.420000076293945;12.539999961853027;12.220000267028809;12.520000457763672;337200
2019-05-01;12.59000015258789;12.779999732971191;12.25;12.270000457763672;617600
2019-05-02;12.289999961853027;12.550000190734863;11.869999885559082;12.09000015258789;719900
2019-05-03;12.100000381469727;12.630000114440918;12.050000190734863;12.600000381469727;574400
2019-05-06;12.25;12.75;12.1899995803833;12.6899995803833;493300
2019-05-07;12.5;12.630000114440918;12.010000228881836;12.079999923706055;799300
2019-05-08;12.069999694824219;12.34000015258789;11.899999618530273;12.0600004196167;1155900
2019-05-09;11.119999885559082;11.600000381469727;10.425000190734863;10.930000305175781;2239600
2019-05-10;10.8100004196167;11.0600004196167;10.305000305175781;10.710000038146973;965200
2019-05-13;10.369999885559082;10.449999809265137;9.916999816894531;10.15999984741211;830900
2019-05-14;10.25;10.531000137329102;10.1899995803833;10.380000114440918;600200
2019-05-15;10.25;10.430000305175781;9.989999771118164;10.010000228881836;601800
2019-05-16;9.979999542236328;10.100000381469727;9.699999809265137;9.710000038146973;614000
2019-05-17;9.569999694824219;9.62399959564209;9.15999984741211;9.170000076293945;997700
2019-05-20;9.029999732971191;9.430000305175781;8.960000038146973;9.270000457763672;680800
2019-05-21;9.460000038146973;9.710000038146973;9.40999984741211;9.520000457763672;584300
2019-05-22;9.420000076293945;9.460000038146973;9.0;9.079999923706055;545300
2019-05-23;8.9399995803833;9.029999732971191;8.720000267028809;8.859999656677246;805500
2019-05-24;8.920000076293945;9.15999984741211;8.890999794006348;9.029999732971191;297000
2019-05-28;9.050000190734863;9.093000411987305;8.720000267028809;8.84000015258789;442400
2019-05-29;8.739999771118164;9.09000015258789;8.630000114440918;8.949999809265137;612100
2019-05-30;8.960000038146973;9.329999923706055;8.890000343322754;8.979999542236328;365200
2019-05-31;8.869999885559082;8.989999771118164;8.640000343322754;8.65999984741211;390600
2019-06-03;8.649999618530273;8.9399995803833;8.560999870300293;8.8100004196167;400200
2019-06-04;8.920000076293945;9.199999809265137;8.920000076293945;9.1899995803833;321400
2019-06-05;9.260000228881836;9.329999923706055;8.935999870300293;9.229999542236328;741000
2019-06-06;9.210000038146973;9.380000114440918;8.989999771118164;9.300000190734863;485400
2019-06-07;9.329999923706055;9.550000190734863;9.229999542236328;9.5;298900
2019-06-10;9.680000305175781;9.890000343322754;9.4399995803833;9.600000381469727;533000
2019-06-11;9.720000267028809;9.8100004196167;9.100000381469727;9.119999885559082;427400
2019-06-12;9.100000381469727;9.199999809265137;8.918000221252441;9.050000190734863;278500
2019-06-13;9.109999656677246;9.180000305175781;8.90999984741211;8.9399995803833;392100
2019-06-14;8.869999885559082;8.914999961853027;8.5600004196167;8.890000343322754;393500
2019-06-17;8.869999885559082;9.0600004196167;8.779999732971191;8.869999885559082;272300
2019-06-18;8.970000267028809;9.25;8.892999649047852;8.920000076293945;494400
2019-06-19;8.979999542236328;9.029999732971191;8.739999771118164;8.789999961853027;446100
2019-06-20;8.930000305175781;9.09000015258789;8.770000457763672;8.880000114440918;299500
2019-06-21;8.859999656677246;9.329999923706055;8.859999656677246;9.289999961853027;1019500
2019-06-24;9.260000228881836;9.420000076293945;8.989999771118164;9.109999656677246;631200
2019-06-25;9.109999656677246;9.25;8.930000305175781;9.100000381469727;424800
2019-06-26;9.229999542236328;9.609999656677246;9.173999786376953;9.489999771118164;709700
2019-06-27;11.25;11.399999618530273;10.359999656677246;10.5600004196167;2291100
2019-06-28;10.640000343322754;10.890000343322754;10.229999542236328;10.279999732971191;1465000
2019-07-01;10.699999809265137;10.890000343322754;10.010000228881836;10.180000305175781;881700
2019-07-02;10.100000381469727;10.15999984741211;9.920000076293945;10.029999732971191;225400
2019-07-03;10.0600004196167;10.0600004196167;9.854999542236328;9.880000114440918;175600
2019-07-05;9.880000114440918;9.930000305175781;9.619999885559082;9.850000381469727;265800
2019-07-08;9.720000267028809;9.779999732971191;9.390000343322754;9.59000015258789;368200
2019-07-09;10.109999656677246;11.180000305175781;9.890000343322754;10.850000381469727;2767700
2019-07-10;10.84000015258789;11.095000267028809;10.180000305175781;10.3100004196167;1013400
2019-07-11;10.449999809265137;10.449999809265137;9.869999885559082;9.899999618530273;610700
2019-07-12;9.920000076293945;10.055000305175781;9.8149995803833;9.970000267028809;424200
2019-07-15;10.010000228881836;10.140000343322754;9.579999923706055;9.970000267028809;541700
2019-07-16;9.960000038146973;10.302000045776367;9.800000190734863;9.819999694824219;455700
2019-07-17;9.829999923706055;10.010000228881836;9.65999984741211;9.680000305175781;425200
2019-07-18;9.680000305175781;9.829999923706055;9.539999961853027;9.600000381469727;499500
2019-07-19;9.680000305175781;9.739999771118164;9.479999542236328;9.619999885559082;497000
2019-07-22;9.630000114440918;9.649999618530273;9.010000228881836;9.09000015258789;795400
2019-07-23;9.1899995803833;9.329999923706055;9.010000228881836;9.3100004196167;618100
2019-07-24;9.329999923706055;9.729999542236328;9.319999694824219;9.5;577000
2019-07-25;9.510000228881836;9.520000457763672;9.15999984741211;9.180000305175781;445500
2019-07-26;9.180000305175781;9.399999618530273;9.140000343322754;9.3100004196167;385600
2019-07-29;9.279999732971191;9.380000114440918;8.979999542236328;9.279999732971191;643900
2019-07-30;9.210000038146973;9.529999732971191;8.979999542236328;9.479999542236328;611200
2019-07-31;9.539999961853027;10.3100004196167;9.539999961853027;10.010000228881836;870700
2019-08-01;10.020000457763672;10.289999961853027;9.729999542236328;9.930000305175781;743200
2019-08-02;9.9399995803833;10.020000457763672;9.449999809265137;9.960000038146973;623800
2019-08-05;9.579999923706055;9.854999542236328;9.470000267028809;9.800000190734863;565700
2019-08-06;9.829999923706055;10.140000343322754;9.59000015258789;10.119999885559082;723200
2019-08-07;10.0;10.899999618530273;9.954000473022461;10.210000038146973;1642100
2019-08-08;11.0;11.0;10.050000190734863;10.899999618530273;1273500
2019-08-09;10.779999732971191;10.859999656677246;10.270000457763672;10.569999694824219;535100
2019-08-12;10.550000190734863;10.550000190734863;9.65999984741211;9.75;678600
2019-08-13;9.739999771118164;10.1899995803833;9.699999809265137;9.850000381469727;347600
2019-08-14;9.619999885559082;9.720000267028809;9.289999961853027;9.3100004196167;468700
2019-08-15;9.210000038146973;9.279999732971191;8.786999702453613;8.880000114440918;658300
2019-08-16;8.989999771118164;9.420000076293945;8.973999977111816;9.239999771118164;480300
2019-08-19;9.449999809265137;9.600000381469727;9.25;9.529999732971191;359300
2019-08-20;9.520000457763672;9.720000267028809;9.34000015258789;9.670000076293945;228000
2019-08-21;9.729999542236328;9.774999618530273;9.543000221252441;9.65999984741211;231700
2019-08-22;9.649999618530273;9.800000190734863;9.350000381469727;9.380000114440918;256100
2019-08-23;9.3100004196167;9.312000274658203;8.789999961853027;9.119999885559082;664200
2019-08-26;9.25;9.420000076293945;9.050000190734863;9.119999885559082;489800
2019-08-27;9.15999984741211;9.180000305175781;8.42199993133545;8.5;901400
2019-08-28;8.489999771118164;8.734999656677246;8.34000015258789;8.670000076293945;497300
2019-08-29;8.710000038146973;9.109999656677246;8.710000038146973;8.920000076293945;394200
2019-08-30;8.979999542236328;9.039999961853027;8.760000228881836;8.899999618530273;238200
2019-09-03;8.770000457763672;8.989999771118164;8.640000343322754;8.739999771118164;520500
2019-09-04;8.859999656677246;9.390000343322754;8.854999542236328;9.100000381469727;550700
2019-09-05;9.260000228881836;9.819999694824219;9.260000228881836;9.789999961853027;687200
2019-09-06;9.800000190734863;10.300000190734863;9.75;10.300000190734863;697400
2019-09-09;10.380000114440918;10.850000381469727;10.289999961853027;10.579999923706055;771800
2019-09-10;10.510000228881836;11.600000381469727;10.510000228881836;11.4399995803833;935800
2019-09-11;11.5;11.680000305175781;11.020000457763672;11.539999961853027;887200
2019-09-12;11.5;11.600000381469727;10.970000267028809;11.0600004196167;552500
2019-09-13;11.09000015258789;11.303000450134277;11.050000190734863;11.170000076293945;281700
2019-09-16;11.149999618530273;11.670000076293945;11.149999618530273;11.399999618530273;387600
2019-09-17;11.289999961853027;11.350000381469727;10.930000305175781;11.300000190734863;343900
2019-09-18;11.1899995803833;11.380000114440918;10.8100004196167;11.029999732971191;358300
2019-09-19;11.010000228881836;11.123000144958496;10.880000114440918;10.949999809265137;202500
2019-09-20;10.949999809265137;11.470000267028809;10.9399995803833;11.149999618530273;618700
2019-09-23;11.069999694824219;11.300000190734863;10.670000076293945;11.220000267028809;323800
2019-09-24;11.34000015258789;11.399999618530273;10.899999618530273;11.125;352600
2019-09-25;11.0600004196167;11.75;10.930000305175781;11.694999694824219;842300
2019-09-26;11.720000267028809;11.850000381469727;11.109999656677246;11.194999694824219;443000
2019-09-27;11.1899995803833;11.295999526977539;10.770000457763672;11.125;418800
2019-09-30;11.130000114440918;11.260000228881836;10.84000015258789;11.220000267028809;514200
2019-10-01;11.279999732971191;11.385000228881836;10.164999961853027;10.229999542236328;505200
2019-10-02;10.0600004196167;10.319999694824219;9.800000190734863;10.25;405500
2019-10-03;10.25;10.444999694824219;9.789999961853027;10.220000267028809;379200
2019-10-04;10.140000343322754;10.529999732971191;10.140000343322754;10.484999656677246;223400
2019-10-07;10.449999809265137;10.729999542236328;10.380000114440918;10.470000267028809;196200
2019-10-08;10.359999656677246;10.359999656677246;10.010000228881836;10.074999809265137;300700
2019-10-09;10.239999771118164;10.520000457763672;10.210000038146973;10.390000343322754;198600
2019-10-10;10.430000305175781;10.430000305175781;9.970000267028809;10.15999984741211;325100
2019-10-11;10.329999923706055;10.526000022888184;10.28499984741211;10.395000457763672;228700
2019-10-14;10.369999885559082;10.75;10.140000343322754;10.5600004196167;419400
2019-10-15;10.5600004196167;11.21500015258789;10.5600004196167;10.960000038146973;531800
2019-10-16;10.84000015258789;11.329999923706055;10.779999732971191;10.84000015258789;484200
2019-10-17;11.0;11.199999809265137;10.630000114440918;10.649999618530273;349500
2019-10-18;10.619999885559082;10.880000114440918;10.510000228881836;10.850000381469727;330400
2019-10-21;10.979999542236328;11.25;10.729999542236328;10.84000015258789;418400
2019-10-22;10.100000381469727;10.489999771118164;9.649999618530273;10.300000190734863;960700
2019-10-23;10.289999961853027;10.319999694824219;9.859999656677246;10.140000343322754;487800
2019-10-24;10.149999618530273;10.149999618530273;9.84000015258789;9.84000015258789;409700
2019-10-25;9.8100004196167;10.100000381469727;9.770000457763672;9.90999984741211;465600
2019-10-28;9.979999542236328;10.399999618530273;9.961999893188477;10.15999984741211;363800
2019-10-29;10.130000114440918;10.130000114440918;9.739999771118164;9.84000015258789;481000
2019-10-30;9.8100004196167;9.913000106811523;9.305000305175781;9.359999656677246;647600
2019-10-31;9.350000381469727;9.4399995803833;9.15999984741211;9.359999656677246;525000
2019-11-01;9.069999694824219;9.829999923706055;9.03499984741211;9.569999694824219;789200
2019-11-04;9.720000267028809;10.760000228881836;9.711000442504883;10.600000381469727;1131600
2019-11-05;11.520000457763672;11.739999771118164;11.270000457763672;11.329999923706055;1944900
2019-11-06;11.449999809265137;12.130000114440918;11.369999885559082;11.710000038146973;2131800
2019-11-07;10.449999809265137;11.350000381469727;9.720000267028809;10.6899995803833;2450000
2019-11-08;10.619999885559082;11.199999809265137;10.520000457763672;10.880000114440918;986800
2019-11-11;10.760000228881836;12.579999923706055;10.670000076293945;12.149999618530273;1920400
2019-11-12;12.199999809265137;12.579999923706055;11.260000228881836;11.65999984741211;1408700
2019-11-13;11.529999732971191;11.654999732971191;11.260000228881836;11.34000015258789;705400
2019-11-14;11.270000457763672;11.399999618530273;10.850000381469727;10.899999618530273;939400
2019-11-15;10.989999771118164;11.109999656677246;10.800000190734863;10.864999771118164;496500
2019-11-18;10.819999694824219;10.895000457763672;10.460000038146973;10.539999961853027;545700
2019-11-19;10.550000190734863;10.550000190734863;10.020000457763672;10.25;624500
2019-11-20;10.140000343322754;10.520000457763672;10.050000190734863;10.279999732971191;430500
2019-11-21;10.270000457763672;10.3100004196167;9.850000381469727;10.199999809265137;483200
2019-11-22;10.220000267028809;10.289999961853027;10.020000457763672;10.239999771118164;281800
2019-11-25;10.244999885559082;10.420000076293945;10.020000457763672;10.289999961853027;326000
2019-11-26;10.210000038146973;10.850000381469727;10.210000038146973;10.550000190734863;934000
2019-11-27;10.649999618530273;10.819999694824219;10.449999809265137;10.680000305175781;339300
2019-11-29;10.680000305175781;10.819999694824219;10.510000228881836;10.699999809265137;191200
2019-12-02;10.8100004196167;10.8100004196167;10.289999961853027;10.710000038146973;533000
2019-12-03;10.470000267028809;10.550000190734863;10.15999984741211;10.350000381469727;568500
2019-12-04;10.420000076293945;10.729999542236328;10.319999694824219;10.390000343322754;544500
2019-12-05;10.479999542236328;10.604999542236328;10.369999885559082;10.460000038146973;286800
2019-12-06;10.579999923706055;10.779999732971191;10.354999542236328;10.369999885559082;353900
2019-12-09;10.359999656677246;10.449999809265137;10.1899995803833;10.319999694824219;351000
2019-12-10;10.300000190734863;10.390000343322754;10.15999984741211;10.279999732971191;214000
2019-12-11;10.279999732971191;10.970000267028809;10.279999732971191;10.960000038146973;1017200
2019-12-12;10.920000076293945;11.420000076293945;10.831000328063965;11.279999732971191;583800
2019-12-13;11.300000190734863;11.434000015258789;10.869999885559082;10.9350004196167;551100
2019-12-16;11.0;11.279999732971191;10.989999771118164;11.069999694824219;471000
2019-12-17;11.199999809265137;11.449999809265137;11.100000381469727;11.239999771118164;543900
2019-12-18;11.270000457763672;11.34000015258789;10.9399995803833;11.180000305175781;471500
2019-12-19;11.149999618530273;11.399999618530273;11.029999732971191;11.300000190734863;289900
2019-12-20;11.300000190734863;11.3100004196167;11.085000038146973;11.119999885559082;609700
2019-12-23;11.170000076293945;11.229999542236328;10.90999984741211;11.149999618530273;466600
2019-12-24;11.119999885559082;11.180000305175781;10.899999618530273;11.119999885559082;165100
2019-12-26;11.109999656677246;11.75;11.039999961853027;11.609999656677246;579400
2019-12-27;11.670000076293945;12.0;11.425000190734863;11.520000457763672;931600
2019-12-30;11.5;11.829999923706055;11.21399974822998;11.609999656677246;484700
2019-12-31;11.5600004196167;12.0600004196167;11.5;11.880000114440918;559800
2020-01-02;12.130000114440918;12.529999732971191;11.800000190734863;12.5;885000
2020-01-03;12.25;12.324999809265137;12.010000228881836;12.119999885559082;498400
2020-01-06;12.0;12.199999809265137;11.859999656677246;12.149999618530273;361600
2020-01-07;12.199999809265137;12.46500015258789;12.055000305175781;12.430000305175781;330500
2020-01-08;12.40999984741211;12.819999694824219;12.369999885559082;12.699999809265137;520600
2020-01-09;12.890000343322754;13.880000114440918;12.859999656677246;13.0600004196167;1633300
2020-01-10;13.100000381469727;13.25;12.59000015258789;12.930000305175781;855300
2020-01-13;13.0;13.579999923706055;12.859999656677246;13.539999961853027;696500
2020-01-14;13.8100004196167;13.880000114440918;13.399999618530273;13.859999656677246;778900
2020-01-15;13.920000076293945;15.680000305175781;13.899999618530273;15.600000381469727;2104000
2020-01-16;15.90999984741211;15.979999542236328;14.029999732971191;14.345000267028809;2333200
2020-01-17;14.579999923706055;14.890000343322754;13.609999656677246;14.119999885559082;988400
2020-01-21;14.0600004196167;14.100000381469727;13.5;13.699999809265137;1156800
2020-01-22;13.75;14.420000076293945;13.470000267028809;14.25;792200
2020-01-23;14.220000267028809;14.574000358581543;13.91100025177002;14.229999542236328;518200
2020-01-24;14.329999923706055;14.800000190734863;13.800000190734863;13.960000038146973;649600
2020-01-27;13.470000267028809;13.5600004196167;13.069999694824219;13.260000228881836;585700
2020-01-28;13.350000381469727;13.380000114440918;12.90999984741211;12.9399995803833;602600
2020-01-29;12.890000343322754;12.984999656677246;11.899999618530273;11.930000305175781;1142000
2020-01-30;11.739999771118164;11.880000114440918;11.199999809265137;11.649999618530273;984300
2020-01-31;11.550000190734863;11.6899995803833;11.210000038146973;11.300000190734863;731500
2020-02-03;11.430000305175781;11.960000038146973;11.154999732971191;11.619999885559082;785600
2020-02-04;11.859999656677246;12.40999984741211;11.640000343322754;12.399999618530273;953900
2020-02-05;12.40999984741211;12.50100040435791;11.8100004196167;12.130000114440918;663800
2020-02-06;12.109999656677246;12.140000343322754;11.579999923706055;11.579999923706055;668200
2020-02-07;11.600000381469727;11.600000381469727;11.239999771118164;11.270000457763672;594900
2020-02-10;11.210000038146973;11.520000457763672;11.010000228881836;11.300000190734863;566600
2020-02-11;11.399999618530273;11.65999984741211;11.109999656677246;11.510000228881836;649200
2020-02-12;11.600000381469727;12.479999542236328;11.5;12.460000038146973;995200
2020-02-13;12.199999809265137;12.890000343322754;12.0600004196167;12.75;1002300
2020-02-14;12.699999809265137;12.729999542236328;11.8100004196167;11.899999618530273;1006400
2020-02-18;11.770000457763672;12.100000381469727;11.579999923706055;11.75;653300
2020-02-19;11.779999732971191;12.199999809265137;11.449999809265137;12.079999923706055;978700
2020-02-20;12.020000457763672;12.298999786376953;11.586999893188477;11.819999694824219;827500
2020-02-21;11.699999809265137;11.699999809265137;10.87399959564209;11.279999732971191;1419700
2020-02-24;10.539999961853027;10.75;10.420000076293945;10.585000038146973;725600
2020-02-25;10.720000267028809;10.824999809265137;10.100000381469727;10.194999694824219;664500
2020-02-26;10.270000457763672;10.470000267028809;10.020000457763672;10.180000305175781;713200
2020-02-27;9.899999618530273;10.020000457763672;9.369999885559082;9.5600004196167;1027100
2020-02-28;8.949999809265137;9.729999542236328;8.539999961853027;8.930000305175781;1483400
2020-03-02;8.949999809265137;9.279999732971191;8.649999618530273;9.029999732971191;934700
2020-03-03;9.029999732971191;9.470000267028809;8.850000381469727;9.399999618530273;703600
2020-03-04;9.609999656677246;9.609999656677246;9.130000114440918;9.380000114440918;540500
2020-03-05;9.1899995803833;9.25;8.859999656677246;9.039999961853027;558300
2020-03-06;8.75;8.9399995803833;8.53499984741211;8.789999961853027;800700
2020-03-09;8.069999694824219;8.270000457763672;7.5879998207092285;7.71999979019165;1214700
2020-03-10;8.09000015258789;8.215999603271484;7.71999979019165;8.119999885559082;828800
2020-03-11;7.829999923706055;8.039999961853027;6.989999771118164;7.039999961853027;933700
2020-03-12;6.309999942779541;6.5;5.664999961853027;5.679999828338623;1065200
2020-03-13;6.199999809265137;6.230000019073486;5.610000133514404;6.110000133514404;990700
2020-03-16;5.53000020980835;6.159999847412109;5.360000133514404;5.639999866485596;763000
2020-03-17;5.800000190734863;6.139999866485596;5.510000228881836;5.960000038146973;1246500
2020-03-18;5.559999942779541;5.809999942779541;5.0;5.5;1207400
2020-03-19;5.510000228881836;6.599999904632568;5.447999954223633;6.550000190734863;1028700
2020-03-20;6.659999847412109;7.960000038146973;6.539999961853027;6.739999771118164;1171700
2020-03-23;7.050000190734863;7.5;6.775000095367432;6.900000095367432;959600
2020-03-24;7.329999923706055;7.699999809265137;7.050000190734863;7.699999809265137;842800
2020-03-25;7.78000020980835;8.149999618530273;7.340000152587891;7.449999809265137;495700
2020-03-26;7.519999980926514;7.747000217437744;6.940000057220459;6.960000038146973;936900
2020-03-27;6.760000228881836;8.039999961853027;6.320000171661377;7.480000019073486;1425900
2020-03-30;7.5;7.619999885559082;7.03000020980835;7.599999904632568;707100
2020-03-31;7.630000114440918;7.889999866485596;7.309999942779541;7.590000152587891;466100
2020-04-01;7.340000152587891;7.48799991607666;7.179999828338623;7.320000171661377;348900
2020-04-02;7.340000152587891;7.800000190734863;7.190000057220459;7.690000057220459;653300
2020-04-03;7.690000057220459;7.840000152587891;7.059999942779541;7.449999809265137;557800
2020-04-06;7.78000020980835;7.945000171661377;7.5;7.920000076293945;728400
2020-04-07;8.109999656677246;8.350000381469727;7.820000171661377;7.940000057220459;578500
2020-04-08;8.050000190734863;8.5;7.949999809265137;8.010000228881836;537600
2020-04-09;8.130000114440918;8.190999984741211;7.585000038146973;7.760000228881836;710700
2020-04-13;7.730000019073486;8.0;7.559999942779541;7.989999771118164;379900
2020-04-14;8.079999923706055;8.5;8.079999923706055;8.1899995803833;456500
2020-04-15;8.0;8.859999656677246;7.820000171661377;8.720000267028809;726900
2020-04-16;8.800000190734863;9.140000343322754;8.399999618530273;8.59000015258789;750900
2020-04-17;8.779999732971191;8.854999542236328;8.34000015258789;8.4399995803833;620800
2020-04-20;8.300000190734863;8.652000427246094;8.210000038146973;8.369999885559082;673300
2020-04-21;8.149999618530273;8.501999855041504;8.100000381469727;8.279999732971191;755000
2020-04-22;8.449999809265137;8.569999694824219;8.3100004196167;8.420000076293945;566800
2020-04-23;8.489999771118164;8.994999885559082;8.40999984741211;8.760000228881836;495900
2020-04-24;8.649999618530273;9.289999961853027;8.369999885559082;9.09000015258789;783500
2020-04-27;9.119999885559082;9.890000343322754;9.119999885559082;9.770000457763672;703500
2020-04-28;9.920000076293945;10.177000045776367;9.65999984741211;9.760000228881836;393300
2020-04-29;10.0;11.170000076293945;9.9399995803833;10.979999542236328;868900
2020-04-30;11.005000114440918;11.449999809265137;10.470000267028809;10.720000267028809;782200
2020-05-01;10.380000114440918;10.65999984741211;9.920000076293945;10.109999656677246;679100
2020-05-04;10.010000228881836;10.539999961853027;9.765000343322754;10.420000076293945;499000
2020-05-05;10.619999885559082;10.850000381469727;10.199999809265137;10.34000015258789;472600
2020-05-06;10.359999656677246;10.899999618530273;10.289999961853027;10.779999732971191;574600
2020-05-07;11.0;12.562999725341797;10.970000267028809;12.199999809265137;1642500
2020-05-08;10.789999961853027;11.039999961853027;10.109999656677246;10.1899995803833;2428700
2020-05-11;10.020000457763672;10.09000015258789;9.630000114440918;9.710000038146973;935600
2020-05-12;9.770000457763672;10.010000228881836;9.279999732971191;9.279999732971191;667900
2020-05-13;9.210000038146973;9.300000190734863;8.3100004196167;8.699999809265137;1052500
2020-05-14;8.5;8.609999656677246;8.270000457763672;8.5;640100
2020-05-15;8.3100004196167;8.399999618530273;8.09000015258789;8.149999618530273;556100
2020-05-18;8.449999809265137;8.640000343322754;8.170000076293945;8.350000381469727;782900
2020-05-19;8.369999885559082;8.65999984741211;8.25;8.4399995803833;675300
2020-05-20;8.59000015258789;8.859999656677246;8.5;8.609999656677246;485100
2020-05-21;8.640000343322754;8.829999923706055;8.510000228881836;8.65999984741211;348000
2020-05-22;8.680000305175781;8.734999656677246;8.520000457763672;8.609999656677246;452700
2020-05-26;8.819999694824219;9.140000343322754;8.755000114440918;8.960000038146973;726000
2020-05-27;9.0600004196167;9.109999656677246;8.65999984741211;9.050000190734863;633100
2020-05-28;9.0;9.069999694824219;8.770000457763672;8.899999618530273;791200
2020-05-29;8.819999694824219;8.890000343322754;8.619999885559082;8.829999923706055;568100
2020-06-01;8.819999694824219;9.25;8.819999694824219;9.149999618530273;698600
2020-06-02;9.1899995803833;9.34000015258789;9.0;9.050000190734863;813300
2020-06-03;9.109999656677246;9.569999694824219;9.109999656677246;9.539999961853027;661900
2020-06-04;9.449999809265137;9.975000381469727;9.390000343322754;9.8100004196167;645800
2020-06-05;10.0;10.145000457763672;9.729999542236328;9.979999542236328;1014300
2020-06-08;10.0600004196167;10.260000228881836;9.885000228881836;10.239999771118164;647500
2020-06-09;10.069999694824219;10.14799976348877;9.520000457763672;9.694999694824219;689200
2020-06-10;9.729999542236328;9.8100004196167;9.380000114440918;9.390000343322754;308800
2020-06-11;9.0;9.319999694824219;8.649999618530273;8.649999618530273;542500
2020-06-12;9.020000457763672;9.270000457763672;8.569999694824219;8.8100004196167;481500
2020-06-15;8.5600004196167;9.25;8.5600004196167;9.029999732971191;367400
2020-06-16;9.300000190734863;9.460000038146973;9.0600004196167;9.1899995803833;466400
2020-06-17;9.399999618530273;10.279999732971191;9.170000076293945;10.180000305175781;1299500
2020-06-18;10.09000015258789;10.140000343322754;9.520000457763672;9.899999618530273;792600
2020-06-19;9.979999542236328;10.180000305175781;9.619999885559082;9.800000190734863;943700
2020-06-22;9.760000228881836;10.15999984741211;9.75;9.9399995803833;635800
2020-06-23;10.010000228881836;10.039999961853027;9.520000457763672;9.800000190734863;522800
2020-06-24;9.6899995803833;9.789999961853027;9.3100004196167;9.34000015258789;480700
2020-06-25;9.319999694824219;9.425000190734863;9.109999656677246;9.380000114440918;354900
2020-06-26;9.350000381469727;9.40999984741211;9.140000343322754;9.3100004196167;473300
2020-06-29;9.390000343322754;9.569999694824219;9.15999984741211;9.40999984741211;330700
2020-06-30;9.350000381469727;11.170000076293945;9.350000381469727;10.869999885559082;1792800
2020-07-01;10.670000076293945;10.718999862670898;9.899999618530273;10.1899995803833;1267900
2020-07-02;10.479999542236328;11.029999732971191;10.390000343322754;10.789999961853027;881000
2020-07-06;11.050000190734863;12.020000457763672;11.050000190734863;11.579999923706055;1390600
2020-07-07;11.470000267028809;11.520000457763672;11.0600004196167;11.149999618530273;697700
2020-07-08;11.180000305175781;11.640000343322754;11.020000457763672;11.289999961853027;466900
2020-07-09;11.289999961853027;12.25;11.15999984741211;12.0;1474700
2020-07-10;12.0;12.0600004196167;11.220000267028809;11.510000228881836;884600
2020-07-13;11.699999809265137;11.800000190734863;10.765000343322754;10.800000190734863;833500
2020-07-14;10.800000190734863;10.835000038146973;10.119999885559082;10.710000038146973;645400
2020-07-15;10.890000343322754;11.40999984741211;10.800000190734863;11.119999885559082;542000
2020-07-16;10.979999542236328;11.029999732971191;10.350000381469727;10.664999961853027;730500
2020-07-17;10.649999618530273;11.40999984741211;10.609999656677246;11.239999771118164;746000
2020-07-20;11.220000267028809;12.199999809265137;11.15999984741211;12.015000343322754;862800
2020-07-21;13.010000228881836;14.26200008392334;12.430000305175781;13.925000190734863;3153100
2020-07-22;13.930000305175781;15.130000114440918;13.329999923706055;14.390000343322754;2532600
2020-07-23;14.430000305175781;14.5;13.619999885559082;14.229999542236328;1056000
2020-07-24;13.949999809265137;13.960000038146973;13.130000114440918;13.619999885559082;1090700
2020-07-27;13.770000457763672;14.220000267028809;13.640000343322754;13.970000267028809;821600
2020-07-28;13.920000076293945;13.920000076293945;13.140000343322754;13.239999771118164;693800
2020-07-29;13.289999961853027;13.75;13.199999809265137;13.529999732971191;761100
2020-07-30;13.25;14.050000190734863;13.069999694824219;13.869999885559082;803500
2020-07-31;14.069999694824219;14.800000190734863;13.720000267028809;14.210000038146973;1207300
2020-08-03;14.40999984741211;16.75;14.210000038146973;16.059999465942383;3122400
2020-08-04;15.960000038146973;16.540000915527344;15.430000305175781;16.360000610351562;1316400
2020-08-05;16.479999542236328;16.5;15.84000015258789;16.110000610351562;1693100
2020-08-06;16.040000915527344;16.040000915527344;14.92199993133545;15.050000190734863;1921100
2020-08-07;17.309999465942383;17.56999969482422;15.630000114440918;15.800000190734863;4356400
2020-08-10;15.890000343322754;15.920000076293945;13.704999923706055;13.819999694824219;1967400
2020-08-11;14.0;14.539999961853027;13.449999809265137;13.569999694824219;1293000
2020-08-12;13.6899995803833;13.890000343322754;13.199999809265137;13.380000114440918;786500
2020-08-13;13.289999961853027;13.779999732971191;13.229999542236328;13.460000038146973;776700
2020-08-14;13.4399995803833;13.729999542236328;12.979999542236328;13.279999732971191;991300
2020-08-17;13.359999656677246;13.520000457763672;12.960000038146973;13.350000381469727;1010000
2020-08-18;13.239999771118164;13.300000190734863;12.640000343322754;13.020000457763672;682000
2020-08-19;12.970000267028809;13.40999984741211;12.970000267028809;13.09000015258789;702400
2020-08-20;13.029999732971191;13.029999732971191;12.444999694824219;12.569999694824219;618400
2020-08-21;12.520000457763672;12.609999656677246;11.569999694824219;11.649999618530273;1479000
2020-08-24;11.739999771118164;12.079999923706055;11.640000343322754;11.649999618530273;827500
2020-08-25;11.699999809265137;12.385000228881836;11.5600004196167;12.0;832400
2020-08-26;12.0;12.140000343322754;11.739999771118164;11.789999961853027;732200
2020-08-27;11.640000343322754;11.859999656677246;11.449999809265137;11.550000190734863;663200
2020-08-28;11.460000038146973;11.770000457763672;11.390000343322754;11.649999618530273;573300
2020-08-31;11.680000305175781;11.800000190734863;11.460000038146973;11.630000114440918;558200
2020-09-01;11.630000114440918;11.776000022888184;11.329999923706055;11.675000190734863;516800
2020-09-02;11.739999771118164;12.680000305175781;11.739999771118164;12.630000114440918;1122200
2020-09-03;12.40999984741211;12.40999984741211;10.510000228881836;10.949999809265137;1604400
2020-09-04;11.0;11.069999694824219;9.880000114440918;10.520000457763672;948600
2020-09-08;10.170000076293945;10.460000038146973;9.930000305175781;9.9399995803833;607900
2020-09-09;10.109999656677246;10.380000114440918;9.90999984741211;10.239999771118164;594900
2020-09-10;10.390000343322754;10.460000038146973;9.859999656677246;9.859999656677246;506400
2020-09-11;9.880000114440918;10.029999732971191;9.579999923706055;9.699999809265137;531100
2020-09-14;9.84000015258789;10.319999694824219;9.729999542236328;10.210000038146973;545300
2020-09-15;10.369999885559082;10.710000038146973;10.312999725341797;10.40999984741211;462100
2020-09-16;10.470000267028809;10.670000076293945;10.359999656677246;10.4399995803833;342500
2020-09-17;10.1899995803833;10.520000457763672;10.057000160217285;10.430000305175781;321800
2020-09-18;10.520000457763672;10.539999961853027;10.170000076293945;10.289999961853027;778000
2020-09-21;10.180000305175781;11.09000015258789;10.0;11.039999961853027;804100
2020-09-22;11.1899995803833;11.680000305175781;10.84000015258789;11.109999656677246;814500
2020-09-23;11.100000381469727;11.319999694824219;10.399999618530273;10.460000038146973;737800
2020-09-24;10.390000343322754;10.729999542236328;10.050000190734863;10.420000076293945;479100
2020-09-25;10.380000114440918;10.770000457763672;10.300000190734863;10.729999542236328;275100
2020-09-28;10.949999809265137;11.180000305175781;10.65999984741211;10.949999809265137;453700
2020-09-29;10.949999809265137;11.359999656677246;10.855999946594238;11.239999771118164;386300
2020-09-30;11.229999542236328;11.600000381469727;11.100000381469727;11.25;443300
2020-10-01;11.399999618530273;11.406999588012695;11.036999702453613;11.220000267028809;275200
2020-10-02;10.770000457763672;11.359999656677246;10.550000190734863;11.329999923706055;347100
2020-10-05;11.489999771118164;11.619999885559082;11.170000076293945;11.489999771118164;345900
2020-10-06;11.489999771118164;11.850000381469727;11.010000228881836;11.199999809265137;482800
2020-10-07;11.279999732971191;11.609999656677246;11.260000228881836;11.479999542236328;364400
2020-10-08;11.510000228881836;11.850000381469727;11.300000190734863;11.59000015258789;361200
2020-10-09;11.789999961853027;11.9399995803833;11.460000038146973;11.829999923706055;333900
2020-10-12;11.789999961853027;11.84000015258789;11.359999656677246;11.399999618530273;360100
2020-10-13;11.369999885559082;11.710000038146973;11.199999809265137;11.5;254700
2020-10-14;11.5;11.5600004196167;11.109999656677246;11.180000305175781;311900
2020-10-15;11.0;11.279999732971191;10.770000457763672;11.220000267028809;283500
2020-10-16;11.210000038146973;11.399999618530273;10.960000038146973;10.979999542236328;263100
2020-10-19;11.0600004196167;11.175000190734863;10.859999656677246;10.890000343322754;296200
2020-10-20;11.0;11.093000411987305;10.75;10.859999656677246;246700
2020-10-21;10.850000381469727;10.949999809265137;10.640000343322754;10.645000457763672;396400
2020-10-22;10.630000114440918;10.645000457763672;10.289999961853027;10.390000343322754;604900
2020-10-23;10.4399995803833;10.539999961853027;10.069999694824219;10.170000076293945;669300
2020-10-26;10.40999984741211;10.439000129699707;9.899999618530273;10.020000457763672;359200
2020-10-27;10.069999694824219;10.199999809265137;9.789999961853027;9.960000038146973;353100
2020-10-28;9.75;9.854999542236328;9.430000305175781;9.569999694824219;420000
2020-10-29;9.569999694824219;9.619999885559082;9.329999923706055;9.359999656677246;534100
2020-10-30;9.149999618530273;9.220000267028809;8.468999862670898;8.779999732971191;1044700
2020-11-02;8.819999694824219;8.979999542236328;8.510000228881836;8.71500015258789;535300
2020-11-03;8.800000190734863;9.359999656677246;8.630000114440918;9.140000343322754;583600
2020-11-04;9.170000076293945;9.300000190734863;8.824999809265137;9.069999694824219;579000
2020-11-05;9.170000076293945;10.199999809265137;9.015000343322754;10.020000457763672;1102500
2020-11-06;8.11400032043457;8.5;7.590000152587891;7.690000057220459;2623100
2020-11-09;7.909999847412109;8.130000114440918;7.699999809265137;7.715000152587891;883800
2020-11-10;7.699999809265137;7.735000133514404;7.199999809265137;7.400000095367432;1074000
2020-11-11;7.429999828338623;7.75;7.349999904632568;7.650000095367432;674600
2020-11-12;7.630000114440918;7.880000114440918;7.590000152587891;7.630000114440918;710700
2020-11-13;7.670000076293945;7.723999977111816;7.380000114440918;7.590000152587891;708900
2020-11-16;7.639999866485596;7.699999809265137;7.239999771118164;7.510000228881836;963600
2020-11-17;7.5;7.619999885559082;7.369999885559082;7.480000019073486;625700
2020-11-18;7.510000228881836;7.809999942779541;7.289999961853027;7.539999961853027;1158700
2020-11-19;7.539999961853027;7.78000020980835;7.414999961853027;7.769999980926514;929300
2020-11-20;7.739999771118164;8.130000114440918;7.739999771118164;7.920000076293945;690000
2020-11-23;8.029999732971191;8.149999618530273;7.800000190734863;7.840000152587891;762100
2020-11-24;7.900000095367432;7.949999809265137;7.619999885559082;7.909999847412109;868200
2020-11-25;7.96999979019165;8.59000015258789;7.880000114440918;8.430000305175781;1077500
2020-11-27;8.520000457763672;8.600000381469727;8.100000381469727;8.140000343322754;527500
2020-11-30;8.180000305175781;8.385000228881836;8.140000343322754;8.3100004196167;587400
2020-12-01;8.329999923706055;8.380000114440918;8.020000457763672;8.149999618530273;694500
2020-12-02;8.069999694824219;8.369999885559082;8.020000457763672;8.319999694824219;411100
2020-12-03;8.350000381469727;8.4399995803833;8.180000305175781;8.199999809265137;533900
2020-12-04;8.180000305175781;8.484999656677246;8.180000305175781;8.449999809265137;461100
2020-12-07;8.4399995803833;8.470000267028809;8.25;8.390000343322754;500300
2020-12-08;8.390000343322754;8.529999732971191;8.260000228881836;8.399999618530273;700800
2020-12-09;8.399999618530273;8.449999809265137;7.809999942779541;7.880000114440918;781500
2020-12-10;7.96999979019165;8.039999961853027;7.760000228881836;7.900000095367432;489400
2020-12-11;7.840000152587891;7.909999847412109;7.619999885559082;7.760000228881836;721100
2020-12-14;7.869999885559082;8.069999694824219;7.820000171661377;7.929999828338623;543300
2020-12-15;8.260000228881836;8.520000457763672;8.199999809265137;8.40999984741211;1128700
2020-12-16;8.489999771118164;8.510000228881836;8.25;8.319999694824219;453800
2020-12-17;8.399999618530273;8.65999984741211;8.3100004196167;8.5;673100
2020-12-18;8.5600004196167;8.59000015258789;8.420000076293945;8.510000228881836;697500
2020-12-21;8.34000015258789;8.449999809265137;8.180000305175781;8.380000114440918;627000
2020-12-22;8.380000114440918;9.114999771118164;8.260000228881836;8.890000343322754;1000300
2020-12-23;8.989999771118164;9.199999809265137;8.710000038146973;9.0;625600
2020-12-24;9.020000457763672;9.039999961853027;8.65999984741211;8.770000457763672;477200
2020-12-28;8.869999885559082;9.109999656677246;8.829999923706055;8.930000305175781;514700
2020-12-29;8.920000076293945;9.09000015258789;8.680000305175781;8.800000190734863;1173200
2020-12-30;8.850000381469727;8.899999618530273;8.579999923706055;8.600000381469727;535300
2020-12-31;8.600000381469727;8.696000099182129;8.454999923706055;8.510000228881836;637500
2021-01-04;8.579999923706055;8.970000267028809;8.489999771118164;8.760000228881836;782800
2021-01-05;8.470000267028809;8.989999771118164;8.420000076293945;8.90999984741211;863900
2021-01-06;8.920000076293945;9.699999809265137;8.800000190734863;9.579999923706055;1487800
2021-01-07;9.774999618530273;9.869999885559082;9.539999961853027;9.640000343322754;646100
2021-01-08;10.109999656677246;10.420000076293945;9.930000305175781;10.1899995803833;1473400
2021-01-11;10.0600004196167;10.329999923706055;9.739999771118164;10.279999732971191;771100
2021-01-12;10.34000015258789;10.5600004196167;10.234999656677246;10.399999618530273;897900
2021-01-13;10.430000305175781;10.4399995803833;9.845000267028809;10.170000076293945;806600
2021-01-14;10.199999809265137;10.550000190734863;10.1899995803833;10.470000267028809;756500
2021-01-15;10.5;10.9399995803833;10.369999885559082;10.789999961853027;945700
2021-01-19;10.949999809265137;10.949999809265137;10.520000457763672;10.710000038146973;754000
2021-01-20;10.869999885559082;11.109999656677246;10.680000305175781;10.770000457763672;796900
2021-01-21;10.75;10.75;10.25;10.489999771118164;486000
2021-01-22;10.350000381469727;10.539999961853027;10.154999732971191;10.470000267028809;489600
2021-01-25;10.430000305175781;11.149999618530273;10.430000305175781;10.949999809265137;818400
2021-01-26;11.130000114440918;11.1899995803833;10.65999984741211;11.140000343322754;1228700
2021-01-27;11.0600004196167;13.949000358581543;11.0;12.170000076293945;3545900
2021-01-28;12.010000228881836;12.170000076293945;10.869999885559082;11.300000190734863;1231900
2021-01-29;11.40999984741211;12.0;10.946999549865723;11.010000228881836;892500
2021-02-01;11.460000038146973;11.460000038146973;10.449999809265137;11.0;758600
2021-02-02;11.050000190734863;11.079999923706055;10.260000228881836;10.630000114440918;654000
2021-02-03;10.720000267028809;11.029999732971191;10.609999656677246;10.859999656677246;439800
2021-02-04;10.75;11.449999809265137;10.739999771118164;11.390000343322754;666400
2021-02-05;11.510000228881836;11.819999694824219;11.369999885559082;11.729999542236328;509700
2021-02-08;11.850000381469727;12.5;11.850000381469727;12.34000015258789;571400
2021-02-09;12.479999542236328;12.5;12.079999923706055;12.369999885559082;405200
2021-02-10;12.390000343322754;12.539999961853027;11.630000114440918;11.75;612800
2021-02-11;11.899999618530273;12.380000114440918;11.600000381469727;12.359999656677246;524200
2021-02-12;12.59000015258789;12.640000343322754;12.020000457763672;12.25;455300
2021-02-16;12.300000190734863;12.970000267028809;12.079999923706055;12.829999923706055;746000
2021-02-17;12.770000457763672;12.819999694824219;12.079999923706055;12.359999656677246;422800
2021-02-18;12.220000267028809;12.390000343322754;11.899999618530273;11.9399995803833;605600
2021-02-19;12.0;12.5;11.899999618530273;12.300000190734863;572500
2021-02-22;12.1899995803833;12.373000144958496;11.739999771118164;11.739999771118164;554800
2021-02-23;11.40999984741211;11.539999961853027;10.40999984741211;11.399999618530273;784300
2021-02-24;11.359999656677246;11.729999542236328;11.050000190734863;11.609999656677246;485300
2021-02-25;11.609999656677246;11.800000190734863;10.970000267028809;11.170000076293945;652200
2021-02-26;10.529999732971191;10.720000267028809;9.201000213623047;9.324999809265137;1833000
2021-03-01;9.520000457763672;9.635000228881836;8.819999694824219;9.020000457763672;1276500
2021-03-02;8.699999809265137;8.84000015258789;8.380000114440918;8.625;1585500
2021-03-03;8.670000076293945;8.789999961853027;8.350000381469727;8.359999656677246;1044200
2021-03-04;8.350000381469727;8.630000114440918;7.699999809265137;7.989999771118164;1238400
2021-03-05;7.960000038146973;8.100000381469727;7.329999923706055;8.045000076293945;1237400
2021-03-08;8.0600004196167;8.229999542236328;7.75;7.760000228881836;636800
2021-03-09;7.96999979019165;8.550000190734863;7.940000057220459;8.449999809265137;810600
2021-03-10;8.619999885559082;8.869999885559082;8.350000381469727;8.470000267028809;821900
2021-03-11;8.600000381469727;8.989999771118164;8.569999694824219;8.850000381469727;646900
2021-03-12;8.800000190734863;9.055000305175781;8.710000038146973;8.949999809265137;516300
2021-03-15;8.949999809265137;9.109999656677246;8.859999656677246;9.039999961853027;595500
2021-03-16;9.020000457763672;9.220000267028809;8.770000457763672;8.899999618530273;707100
2021-03-17;8.739999771118164;8.850000381469727;8.5649995803833;8.770000457763672;555600
2021-03-18;8.739999771118164;9.020000457763672;8.270000457763672;8.369999885559082;582800
2021-03-19;8.489999771118164;8.619999885559082;8.34000015258789;8.479999542236328;1006800
2021-03-22;8.510000228881836;8.661999702453613;8.369999885559082;8.479999542236328;529000
2021-03-23;8.350000381469727;8.449999809265137;8.050000190734863;8.09000015258789;642400
2021-03-24;8.229999542236328;8.260000228881836;7.690000057220459;7.699999809265137;924300
2021-03-25;7.679999828338623;7.979000091552734;7.53000020980835;7.840000152587891;496600
2021-03-26;7.880000114440918;8.289999961853027;7.880000114440918;8.289999961853027;511100
2021-03-29;8.289999961853027;8.40999984741211;7.960000038146973;8.010000228881836;686400
2021-03-30;7.940000057220459;8.020000457763672;7.789999961853027;7.96999979019165;472600
2021-03-31;8.0600004196167;8.430000305175781;7.989999771118164;8.359999656677246;480100
2021-04-01;8.319999694824219;8.880000114440918;8.319999694824219;8.819999694824219;618100
2021-04-05;8.920000076293945;8.930000305175781;8.420000076293945;8.6899995803833;1359000
2021-04-06;8.640000343322754;8.739999771118164;8.449999809265137;8.470000267028809;444900
2021-04-07;8.449999809265137;8.600000381469727;8.3100004196167;8.479999542236328;382800
2021-04-08;8.520000457763672;8.520000457763672;8.279999732971191;8.40999984741211;301900
2021-04-09;8.319999694824219;8.510000228881836;8.270000457763672;8.4399995803833;350900
2021-04-12;8.40999984741211;8.449999809265137;8.170000076293945;8.270000457763672;342400
2021-04-13;8.239999771118164;8.390000343322754;8.109999656677246;8.220000267028809;649900
2021-04-14;8.220000267028809;8.529999732971191;8.100000381469727;8.289999961853027;341800
2021-04-15;8.350000381469727;8.350000381469727;7.800000190734863;7.880000114440918;696400
2021-04-16;7.900000095367432;7.954999923706055;7.679999828338623;7.889999866485596;432700
2021-04-19;7.880000114440918;8.020000457763672;7.590000152587891;7.71999979019165;544300
2021-04-20;7.670000076293945;7.710000038146973;7.394999980926514;7.579999923706055;633200
2021-04-21;7.550000190734863;7.929999828338623;7.449999809265137;7.920000076293945;385400
2021-04-22;7.900000095367432;8.09000015258789;7.809999942779541;8.010000228881836;427600
2021-04-23;8.079999923706055;8.3100004196167;7.989999771118164;8.270000457763672;487700
2021-04-26;8.289999961853027;8.460000038146973;8.170000076293945;8.279999732971191;511300
2021-04-27;8.289999961853027;8.289999961853027;8.100000381469727;8.130000114440918;360100
2021-04-28;8.09000015258789;8.239999771118164;7.980000019073486;8.199999809265137;261100
2021-04-29;8.260000228881836;8.260000228881836;7.809999942779541;7.909999847412109;480100
2021-04-30;7.809999942779541;7.828000068664551;7.400000095367432;7.409999847412109;1011400
2021-05-03;7.489999771118164;7.545000076293945;7.21999979019165;7.300000190734863;852600
2021-05-04;7.190000057220459;7.329999923706055;6.869999885559082;7.260000228881836;903300
2021-05-05;7.360000133514404;7.400000095367432;7.0;7.050000190734863;640500
2021-05-06;7.0;7.239999771118164;6.75;7.21999979019165;989600
2021-05-07;7.159999847412109;7.900000095367432;6.809999942779541;7.579999923706055;1067100
2021-05-10;7.570000171661377;7.675000190734863;7.25;7.53000020980835;873400
2021-05-11;7.300000190734863;7.599999904632568;7.110000133514404;7.349999904632568;683300
2021-05-12;7.199999809265137;7.380000114440918;7.039999961853027;7.130000114440918;783400
2021-05-13;7.079999923706055;7.46999979019165;7.040999889373779;7.170000076293945;717800
2021-05-14;7.239999771118164;7.525000095367432;7.110000133514404;7.46999979019165;430100
2021-05-17;7.46999979019165;7.909999847412109;7.360000133514404;7.78000020980835;535500
2021-05-18;7.789999961853027;8.039999961853027;7.730000019073486;7.78000020980835;405700
2021-05-19;7.619999885559082;7.820000171661377;7.53000020980835;7.78000020980835;343600
2021-05-20;7.78000020980835;8.149999618530273;7.78000020980835;7.889999866485596;658200
2021-05-21;7.980000019073486;8.229999542236328;7.909999847412109;8.0600004196167;588500
2021-05-24;8.100000381469727;8.15999984741211;7.824999809265137;7.849999904632568;581100
2021-05-25;7.909999847412109;7.989999771118164;7.699999809265137;7.710000038146973;509000
2021-05-26;7.75;8.09000015258789;7.699999809265137;8.039999961853027;469600
2021-05-27;8.079999923706055;8.319999694824219;8.010000228881836;8.210000038146973;513900
2021-05-28;8.300000190734863;8.579999923706055;8.210000038146973;8.229999542236328;415900
2021-06-01;8.289999961853027;8.5600004196167;8.130000114440918;8.539999961853027;580600
2021-06-02;8.5600004196167;8.744000434875488;8.5600004196167;8.640000343322754;761000
2021-06-03;8.619999885559082;8.6899995803833;8.369999885559082;8.390000343322754;509500
2021-06-04;8.390000343322754;8.548999786376953;8.380000114440918;8.4399995803833;413100
2021-06-07;8.420000076293945;8.739999771118164;8.420000076293945;8.680000305175781;510200
2021-06-08;8.729999542236328;9.029999732971191;8.729999542236328;8.850000381469727;583300
2021-06-09;8.850000381469727;8.979999542236328;8.652000427246094;8.6899995803833;368100
2021-06-10;8.699999809265137;8.800000190734863;8.529999732971191;8.630000114440918;388000
2021-06-11;8.845000267028809;8.845000267028809;8.654999732971191;8.789999961853027;279600
2021-06-14;8.779999732971191;9.029999732971191;8.760000228881836;8.789999961853027;446000
2021-06-15;8.755000114440918;8.880000114440918;8.640000343322754;8.6899995803833;358200
2021-06-16;8.640000343322754;8.850000381469727;8.510000228881836;8.779999732971191;356000
2021-06-17;8.800000190734863;8.899999618530273;8.619999885559082;8.619999885559082;384200
2021-06-18;8.649999618530273;8.649999618530273;8.109999656677246;8.239999771118164;836500
2021-06-21;8.300000190734863;8.470000267028809;8.15999984741211;8.34000015258789;497400
2021-06-22;8.329999923706055;8.529999732971191;8.291000366210938;8.470000267028809;531500
2021-06-23;8.449999809265137;8.640000343322754;8.329999923706055;8.359999656677246;334900
2021-06-24;8.430000305175781;8.539999961853027;8.369999885559082;8.399999618530273;475600
2021-06-25;8.470000267028809;8.84000015258789;8.461000442504883;8.819999694824219;3761300
2021-06-28;8.869999885559082;9.25;8.84000015258789;8.859999656677246;762100
2021-06-29;8.850000381469727;9.1899995803833;8.5600004196167;8.670000076293945;550700
2021-06-30;8.630000114440918;8.729999542236328;8.420000076293945;8.470000267028809;483500
2021-07-01;8.579999923706055;8.600000381469727;8.34000015258789;8.399999618530273;387600
2021-07-02;8.470000267028809;8.5;8.289999961853027;8.390000343322754;326200
2021-07-06;8.430000305175781;8.430000305175781;8.02299976348877;8.15999984741211;561000
2021-07-07;8.140000343322754;8.265000343322754;7.760000228881836;7.800000190734863;526200
2021-07-08;7.659999847412109;7.861999988555908;7.559999942779541;7.760000228881836;561800
2021-07-09;7.78000020980835;8.09000015258789;7.769999980926514;8.020000457763672;415200
2021-07-12;8.050000190734863;8.100000381469727;7.920000076293945;7.954999923706055;358200
2021-07-13;7.940000057220459;7.989999771118164;7.820000171661377;7.829999923706055;248700
2021-07-14;7.869999885559082;7.960000038146973;7.619999885559082;7.619999885559082;425900
2021-07-15;7.630000114440918;7.690000057220459;7.389999866485596;7.519999980926514;489700
2021-07-16;7.559999942779541;7.659999847412109;7.300000190734863;7.309999942779541;406000
2021-07-19;7.21999979019165;7.309999942779541;6.949999809265137;7.269999980926514;685200
2021-07-20;7.300000190734863;7.494999885559082;7.144999980926514;7.409999847412109;453900
