Date;Open;High;Low;Close;Volume
2013-09-23;14.611521466390034;15.598865682927752;14.255142540716534;15.248329162597656;720200
2013-09-24;15.189908027648926;15.48202164356525;15.014640303829134;15.189908027648926;716400
2013-09-25;15.189907694688438;15.365175414666387;14.599838069752696;15.265856742858887;448000
2013-09-26;15.306747781857144;15.534595954322507;14.868577533685562;15.458645820617676;336800
2013-09-27;15.774131831457025;16.638787679224873;15.774131831457025;16.118825912475586;440600
2013-09-30;16.066244183855336;16.124667112843383;15.832553582227833;16.031190872192383;227500
2013-10-01;16.066241088041714;16.066241088041714;15.955237655786211;16.042871475219727;194200
2013-10-02;16.06624432088501;16.072086725266114;16.00782139139867;16.060401916503906;242800
2013-10-03;16.066246425282948;16.066246425282948;16.01366589329058;16.054561614990234;192100
2013-10-04;16.066241440132664;16.1071371491429;16.066241440132664;16.089611053466797;148700
2013-10-07;16.095454922889683;16.586205738338396;16.095454922889683;16.416780471801758;336600
2013-10-08;16.615416816445254;16.615416816445254;16.346671806896605;16.3875675201416;180500
2013-10-09;16.358357257052482;16.445991090921762;16.29993432969808;16.33498764038086;191000
2013-10-10;16.405095800205284;16.44599151611328;16.358357679978337;16.44599151611328;107400
2013-10-11;16.445989986257732;16.5920467376709;16.43430517870678;16.5920467376709;117200
2013-10-14;16.48104329458601;16.609573948997326;16.48104329458601;16.5920467376709;66600
2013-10-15;16.592048001121665;16.644628524780273;16.533625073242696;16.644628524780273;333900
2013-10-16;16.592046848447865;16.679680677015938;16.410936787497235;16.521940231323242;555500
2013-10-17;16.562837315137884;16.562837315137884;16.46351867071705;16.48104476928711;142300
2013-10-18;16.48104693573844;16.55115468220846;16.39341308839454;16.44015121459961;905300
2013-10-21;16.440148686753854;16.445991090921762;16.2648810190153;16.33498764038086;216500
2013-10-22;16.498576398593197;16.498576398593197;16.12467133801431;16.36420440673828;141000
2013-10-23;16.416775978620542;16.510252192710215;16.38756396526479;16.504409790039062;50800
2013-10-24;16.50441430720517;16.562837235582336;16.370042351964962;16.416780471801758;43000
2013-10-25;16.375883921543373;16.504413465962145;16.270722878689554;16.475202560424805;50300
2013-10-28;16.621257678321875;16.621257678321875;16.422620420139665;16.53362274169922;18300
2013-10-29;16.53362392462762;16.53362392462762;16.48688580843634;16.521940231323242;49700
2013-10-30;16.59205239703233;16.59205239703233;16.475207624642113;16.527788162231445;24900
2013-10-31;16.475202047342645;16.854949379124832;16.475202047342645;16.71473503112793;88800
2013-11-01;16.907532198102555;16.907532198102555;16.562838127864868;16.580364227294922;77300
2013-11-04;16.56867510509735;16.592043601457583;16.504409790039062;16.504409790039062;54800
2013-11-05;16.685528660674485;16.685528660674485;16.504418539158426;16.527788162231445;15900
2013-11-06;16.64462617758328;16.64462617758328;16.50441183904134;16.53362274169922;33800
2013-11-07;16.504415256202993;16.586206692039198;16.504415256202993;16.545310974121094;22800
2013-11-08;16.53362529364665;16.53362529364665;16.42846535925225;16.48104476928711;26700
2013-11-11;16.5628327024262;16.621255614813336;16.45182928032308;16.504409790039062;21200
2013-11-12;16.486891647286296;16.551156997680664;16.41678500533333;16.551156997680664;20600
2013-11-13;16.50441519634031;16.59204903646478;16.475204287740397;16.580364227294922;27500
2013-11-14;16.65047685056017;16.65047685056017;16.562842984738023;16.638792037963867;11800
2013-11-15;16.53946850952515;16.621261059389425;16.533626104940222;16.580364227294922;30000
2013-11-18;16.73226108530859;16.73226108530859;16.53946621801619;16.5920467376709;108200
2013-11-19;16.545309881683423;16.650470929000637;16.545309881683423;16.644628524780273;16600
2013-11-20;16.679679587662537;16.679679587662537;16.59204576481785;16.621257781982422;30500
2013-11-21;16.60957692156846;16.65047264099121;16.592049707105232;16.65047264099121;10200
2013-11-22;16.691366369194654;16.843265533447266;16.533624800817943;16.843265533447266;74600
2013-11-25;16.93090138645417;16.93090138645417;16.55699639250356;16.65047264099121;57000
2013-11-26;16.796525955200195;16.86663368427253;16.76731505144271;16.796525955200195;10900
2013-11-27;16.767315105661666;16.843264124271446;16.708892183633232;16.761472702026367;15800
2013-11-29;16.738107681274414;16.738107681274414;16.738107681274414;16.738107681274414;400
2013-12-02;16.790684247636865;16.790684247636865;16.708892822265625;16.708892822265625;22100
2013-12-03;16.743948889478865;16.743948889478865;16.65047264099121;16.65047264099121;24000
2013-12-04;16.650476061370615;16.732267517017906;16.586210709462023;16.662160873413086;35200
2013-12-05;16.75563197631785;16.75563197631785;16.627101312119184;16.644628524780273;25000
2013-12-06;16.73810372723404;16.73810372723404;16.615416589177183;16.708892822265625;12200
2013-12-09;16.73810622655045;16.825740068865684;16.679683293565375;16.691368103027344;29800
2013-12-10;16.743945436977082;16.814053166049415;16.743945436977082;16.796525955200195;11100
2013-12-11;16.743951730110666;16.849112806081177;16.650475465764654;16.77900505065918;40900
2013-12-12;16.857467030529865;16.857467030529865;16.73264034788467;16.762361526489258;64400
2013-12-13;17.05956516290407;17.05956516290407;16.702918984041677;16.988235473632812;32100
2013-12-16;16.988232898664116;17.04172987407209;16.762357662077942;17.023897171020508;27500
2013-12-17;17.03579075110669;17.03579075110669;16.89907672126547;16.928796768188477;17400
2013-12-18;16.970397402654967;16.970397402654967;16.91095733642578;16.91095733642578;9600
2013-12-19;16.94068085809613;17.012010539505138;16.94068085809613;17.0001220703125;17900
2013-12-20;17.11899983572111;17.11899983572111;16.91095733642578;16.91095733642578;27900
2013-12-23;16.940677369540374;17.00011856951615;16.857460369822242;16.91095733642578;10300
2013-12-24;16.94067987727036;17.23788478739791;16.851518630981445;16.851518630981445;13400
2013-12-26;16.857462865233607;16.964456814279007;16.851518630981445;16.851518630981445;14400
2013-12-27;16.792072296142578;16.910954677401442;16.792072296142578;16.792072296142578;12000
2013-12-30;16.792076795046835;17.17249870300293;16.78018832698653;17.17249870300293;16300
2013-12-31;17.16655182203041;17.16655182203041;16.863403869462537;16.92284393310547;9100
2014-01-02;16.845569254334425;17.000115896472387;16.76235226770107;16.792072296142578;47200
2014-01-03;16.85746628583853;16.85746628583853;16.732639608707647;16.774248123168945;22600
2014-01-06;16.85746252410031;16.85746252410031;16.780188614132705;16.79802131652832;19000
2014-01-07;16.84557144272687;16.863404142356256;16.78613024437549;16.821794509887695;19000
2014-01-08;16.821792324584088;16.85151348677201;16.792072296142578;16.792072296142578;13700
2014-01-09;16.84557878893261;16.869354598393645;16.76236175519841;16.780193328857422;39400
2014-01-10;16.821794584998994;17.023893980048157;16.809907252272886;16.845571517944336;32900
2014-01-13;16.8812354350568;16.994173596722142;16.8812354350568;16.92284393310547;9200
2014-01-14;16.92284751480286;17.05956263785817;16.88123900794781;16.90501594543457;18700
2014-01-15;16.827741962003138;16.99417712247436;16.827741962003138;16.88123893737793;10300
2014-01-16;16.88123991071022;17.029842376708984;16.857464105698774;17.029842376708984;19300
2014-01-17;17.006066906645795;17.029842712125525;16.94068145751953;16.94068145751953;37400
2014-01-21;17.08928422886368;17.08928422886368;16.970401798120655;16.982290267944336;8800
2014-01-22;17.071452499660158;17.071452499660158;16.976347003129778;16.988235473632812;8200
2014-01-23;17.089284563905963;17.10117303396272;16.98823483591734;17.03578758239746;13200
2014-01-24;17.11900241852427;17.11900241852427;17.006065368652344;17.006065368652344;6600
2014-01-27;17.006066537072563;17.071450851031045;17.006066537072563;17.017953872680664;10200
2014-01-28;17.000119842387075;17.08928108215332;17.000119842387075;17.08928108215332;10000
2014-01-29;17.089282357924855;17.14872356678873;17.059562320366297;17.1368350982666;4600
2014-01-30;17.04767265168816;17.11900119030587;17.000119914694125;17.11305809020996;25000
2014-01-31;17.119003664365163;17.119003664365163;17.029842411333988;17.041730880737305;5500
2014-02-03;17.0417299799431;17.113059658845792;17.0417299799431;17.05956268310547;14500
2014-02-04;17.113060195071544;17.119003295898438;17.089283256776685;17.119003295898438;12700
2014-02-05;17.065504219469247;17.11900119030587;17.05956111937334;17.11305809020996;10800
2014-02-06;17.13089250479348;17.148725209284674;17.071451290236357;17.10711669921875;16100
2014-02-07;17.148723602294922;17.148723602294922;17.12494666520144;17.148723602294922;12000
2014-02-10;17.23788807296389;17.23788807296389;17.101174060346555;17.208168029785156;10800
2014-02-11;17.19627694999165;17.23788545762781;17.190332715508365;17.23194122314453;7700
2014-02-12;17.23788176460082;17.23788176460082;16.809907177214665;16.821794509887695;72100
2014-02-13;16.82180382001451;16.94068628251348;16.803972244262695;16.803972244262695;21600
2014-02-14;16.76236078599928;16.89907480029983;16.72669537324932;16.774248123168945;44500
2014-02-18;16.64347263871993;16.649416872140495;16.441373237407177;16.50081443786621;83400
2014-02-19;16.524592439218438;16.54836937606827;16.352214182044158;16.39976692199707;77100
2014-02-20;16.346273405545105;16.482987420110387;16.078788478137387;16.191726684570312;67900
2014-02-21;16.197667712411107;16.340325934195576;16.17983500953301;16.274940490722656;37800
2014-02-24;16.14417516124842;16.393827401216058;16.14417516124842;16.227392196655273;44800
2014-02-25;16.286829965779418;16.340326943972876;16.227388752925933;16.292774200439453;28500
2014-02-26;16.346271143785263;16.37599118327523;16.280885696411133;16.280885696411133;29900
2014-02-27;16.38193770134967;16.399770407777396;16.322496480337577;16.34627342224121;32700
2014-02-28;16.375994698402874;16.471100205681484;16.298721898894158;16.381938934326172;25600
2014-03-03;16.46515464782715;16.494874689263998;16.364104919696196;16.46515464782715;18500
2014-03-04;16.387883783633402;16.631591796875;16.358163736651594;16.631591796875;72900
2014-03-05;16.643479306652072;16.786137564659445;16.63753507085005;16.780193328857422;24000
2014-03-06;16.79207898859392;17.023898477318877;16.79207898859392;16.94068145751953;41200
2014-03-07;16.910966264966806;16.94663055028343;16.762363753442482;16.815860748291016;20000
2014-03-10;16.9347410043225;16.97040528737953;16.833691257538312;16.928796768188477;9300
2014-03-11;16.97040119806426;17.04767511543896;16.97040119806426;17.041730880737305;11600
2014-03-12;17.047677075627252;17.208168029785156;17.006068561678237;17.208168029785156;41800
2014-03-13;17.281936440330657;17.759639227118356;17.19728071744584;17.705217361450195;60500
2014-03-14;17.554043924926294;17.838246074294666;17.35449748955114;17.789871215820312;16800
2014-03-17;17.78987473788228;17.801968743232155;17.44520365884565;17.71731185913086;16100
2014-03-18;17.687078881375783;17.687078881375783;17.396829658587468;17.56614112854004;14400
2014-03-19;17.638702773173904;17.68707764024408;17.469390161754394;17.47543716430664;7200
2014-03-20;17.41496829213197;17.62660876806941;17.41496829213197;17.47543716430664;21200
2014-03-21;17.45124785586089;17.699169158935547;17.45124785586089;17.699169158935547;28900
2014-03-24;17.68707918386613;17.711267196186103;17.43915782432592;17.681032180786133;26700
2014-03-25;17.71731185913086;17.71731185913086;17.644750133727268;17.71731185913086;12000
2014-03-26;17.656843399843435;17.656843399843435;17.566139516864673;17.638702392578125;10500
2014-03-27;17.650799025679326;17.71731375552747;17.57823613916104;17.674985885620117;10300
2014-03-28;17.71731042618511;17.959185900228817;17.53590497400007;17.687076568603516;12900
2014-03-31;17.777782635401387;17.777782635401387;17.662891878975746;17.674985885620117;12400
2014-04-01;17.566143132641386;17.838252530892515;17.566143132641386;17.82615852355957;28300
2014-04-02;17.814058068383687;17.826152071339177;17.75963736177919;17.789871215820312;8300
2014-04-03;17.838247792754427;17.89266965794929;17.80801393580071;17.850341796875;4600
2014-04-04;17.89871928222545;17.9410471495009;17.844297409057617;17.844297409057617;12800
2014-04-07;17.844298597458398;17.965235204392737;17.80801773071289;17.80801773071289;20700
2014-04-08;17.826152071339177;17.838246074294666;17.789871215820312;17.789871215820312;12400
2014-04-09;17.801969528198242;17.880578259742972;17.78987552231509;17.801969528198242;8400
2014-04-10;17.9350008461762;17.9350008461762;17.747548360923545;17.795923233032227;10200
2014-04-11;17.84429307577241;17.898714935724506;17.78382421434257;17.789871215820312;9000
2014-04-14;17.705215501827094;17.96522964528449;17.705215501827094;17.789871215820312;24100
2014-04-15;17.795919931680135;18.013607392459594;17.783825927559562;17.850341796875;4100
2014-04-16;17.844297075192028;17.971280674642525;17.614515580927517;17.644750595092773;29200
2014-04-17;17.662887458369596;17.814059043545704;17.088436126708984;17.088436126708984;148400
2014-04-21;17.294033781151658;17.46334525958712;17.257752914822337;17.372642517089844;37500
2014-04-22;17.43915819400408;17.469392056697043;17.36659530885386;17.4331111907959;13200
2014-04-23;17.487527193210102;17.584276905352123;17.457293340671047;17.578229904174805;18400
2014-04-24;17.578233702051563;17.632655571058045;17.535905838012695;17.535905838012695;12100
2014-04-25;17.50567041688925;17.69312286376953;17.50567041688925;17.69312286376953;34500
2014-04-28;17.687076568603516;17.765685290324306;17.523810969628336;17.687076568603516;26100
2014-04-29;17.68102919923012;17.947091523144156;17.626607334035256;17.850341796875;18100
2014-04-30;17.94104310107355;17.947090102655224;17.777777518411217;17.86243438720703;11000
2014-05-01;17.868483774705638;17.87453077748506;17.759641184719587;17.832202911376953;20400
2014-05-02;17.892667461467017;17.892667461467017;17.820104598999023;17.820104598999023;2900
2014-05-05;17.832204098776756;17.832204098776756;17.705220491996936;17.795923233032227;13300
2014-05-06;17.898718788602746;17.898718788602746;17.747547179160744;17.832202911376953;8000
2014-05-07;17.86847945619516;17.86847945619516;17.668933026092642;17.820104598999023;11400
2014-05-08;17.898714065551758;17.898714065551758;17.808011354490446;17.898714065551758;22400
2014-05-09;17.88662510209432;17.989421844482422;17.88662510209432;17.989421844482422;5900
2014-05-12;17.99546837010134;18.019655227661133;17.922905490726276;18.019655227661133;17900
2014-05-13;18.007563358029405;18.04384422302246;18.001516354972576;18.04384422302246;17600
2014-05-14;17.989417261095266;18.442931981963213;17.989417261095266;18.2675724029541;26700
2014-05-15;18.17082554827272;18.261529429401566;18.043841960048745;18.249435424804688;4500
2014-05-16;18.297814622407383;18.346189498901367;18.140595985464923;18.346189498901367;13300
2014-05-19;18.237347424087304;18.461081969393756;18.237347424087304;18.44898796081543;13300
2014-05-20;18.45503204210004;18.50945391873474;18.24943854222405;18.297813415527344;5100
2014-05-21;18.382464613184336;18.485261337721372;18.303855895996094;18.303855895996094;2500
2014-05-22;18.26152992248535;18.352232652715525;18.26152992248535;18.26152992248535;1100
2014-05-23;18.261534677223157;18.322002410888672;18.261534677223157;18.322002410888672;4100
2014-05-27;18.352234116303467;18.43688985082321;18.207109505691964;18.376420974731445;10800
2014-05-28;18.249439745913396;18.400611379125603;18.249439745913396;18.346189498901367;6200
2014-05-29;18.321996968170858;18.352231979370117;18.261529252467835;18.352231979370117;2300
2014-05-30;18.267579603756122;18.35223650263162;18.267579603756122;18.346189498901367;4900
2014-06-02;18.291765213012695;18.32199907433968;18.273624204207778;18.291765213012695;7700
2014-06-03;18.291765896847675;18.321999759304948;18.20106315612793;18.20106315612793;19500
2014-06-04;18.20710790342503;18.20710790342503;17.747546100257143;18.001514434814453;33000
2014-06-05;17.995463777796832;18.285712914532052;17.51776106440768;17.898714065551758;60400
2014-06-06;17.94709608892097;18.055939847000765;17.928955078125;17.928955078125;12700
2014-06-09;17.95918819906382;18.110359813017734;17.95918819906382;17.971281051635742;18000
2014-06-10;18.055934061688536;18.092214918307693;17.844293616939435;17.886621475219727;25600
2014-06-11;17.898720016181663;17.941047885192813;17.886626009793353;17.92290687561035;13600
2014-06-12;18.17624099609826;18.17624099609826;17.924134901052078;18.157794952392578;25800
2014-06-13;18.047113420273877;18.047113420273877;17.905688283258524;17.973325729370117;5400
2014-06-16;17.997922897338867;18.127049896715054;17.997922897338867;17.997922897338867;11100
2014-06-17;18.016367178934587;18.04711253731341;17.973324850019733;18.02251625061035;17900
2014-06-18;18.077856651354143;18.139346195053015;18.022516179306706;18.114749908447266;11800
2014-06-19;18.139348764294848;18.145497836817235;18.077859211886647;18.13319969177246;5300
2014-06-20;18.127046499552876;18.127046499552876;17.98562138212638;18.010217666625977;5200
2014-06-23;17.99177243125786;18.133197564232564;17.99177243125786;18.12704849243164;12300
2014-06-24;18.133199911167864;18.13934898376465;18.120901765974295;18.13934898376465;10200
2014-06-25;18.07785943061248;18.13934898376465;18.059413385637804;18.13934898376465;3800
2014-06-26;18.139349345595445;18.22543401803623;18.139349345595445;18.170093536376953;13200
2014-06-27;18.225432404765044;18.225432404765044;18.084007263183594;18.084007263183594;5700
2014-06-30;18.225432325391807;18.225432325391807;18.084007184426277;18.176240921020508;9000
2014-07-01;18.17009082222259;18.225431295615394;18.12704849243164;18.12704849243164;42200
2014-07-02;18.12705083857108;18.13934898376465;18.096306648402834;18.13934898376465;22400
2014-07-03;18.139347739944263;18.157794956469687;18.077858191008453;18.084007263183594;8900
2014-07-07;18.077858191008453;18.12704959559398;18.077858191008453;18.084007263183594;4300
2014-07-08;18.120899420630714;18.12704849243164;18.084006162640687;18.12704849243164;10600
2014-07-09;18.120901765974295;18.13934898376465;18.120901765974295;18.13934898376465;6900
2014-07-10;18.1393456700533;18.1393456700533;17.911834716796875;17.911834716796875;38000
2014-07-11;18.077858491312373;18.139348041269628;17.97332660822972;17.997922897338867;16900
2014-07-14;18.016367546055253;18.200836181640625;18.016367546055253;18.200836181640625;7400
2014-07-15;18.19468982725472;18.19468982725472;18.102456082094495;18.170093536376953;11900
2014-07-16;18.163945636473212;18.200838899974162;18.139349345595445;18.170093536376953;7600
2014-07-17;18.200838844287915;18.200838844287915;18.053264617919922;18.053264617919922;5600
2014-07-18;18.07785833085784;18.182390213012695;18.034815998114478;18.182390213012695;21900
2014-07-21;18.077859791216724;18.176242609096395;18.06556164577784;18.170093536376953;2500
2014-07-22;18.170088697971636;18.194684982299805;18.139344515376813;18.194684982299805;2300
2014-07-23;18.20083383232233;18.20083383232233;18.034812433569783;18.188535690307617;13300
2014-07-24;18.17624224652968;18.19468946432003;18.09015757580605;18.13934898376465;6500
2014-07-25;18.200834053381847;18.200834053381847;18.139344515376813;18.194684982299805;9000
2014-07-28;18.139349345595445;18.200838899974162;18.139349345595445;18.170093536376953;25200
2014-07-29;18.200838536916816;18.200838536916816;18.108604793596403;18.13934898376465;17400
2014-07-30;18.170087885308856;18.188535097729925;18.13934370408908;18.151641845703125;3500
2014-07-31;18.213131427841386;18.213131427841386;17.985620498657227;17.985620498657227;21300
2014-08-01;17.98562262644773;18.114749610557976;17.98562262644773;17.991771697998047;13200
2014-08-04;17.9917706096969;18.120897585996406;17.9917706096969;18.108600616455078;10800
2014-08-05;18.065559095531512;18.065559095531512;17.84419837295876;17.868793487548828;23700
2014-08-06;17.85034890514541;17.967177761433174;17.83190168808204;17.93028450012207;11100
2014-08-07;18.08400557622562;18.133196976222354;17.979473704630625;18.09015464782715;13600
2014-08-08;18.127046657174773;18.13934479953151;18.047111077486804;18.108600616455078;5200
2014-08-11;18.13934898376465;18.157796201555;18.133199911167864;18.13934898376465;6400
2014-08-12;18.07786080295085;18.225435038029396;18.07786080295085;18.21928596496582;14900
2014-08-13;18.1885417724637;18.225435038029396;18.1885417724637;18.21928596496582;5900
2014-08-14;18.225435553981775;18.225435553981775;18.163947167236834;18.213138580322266;2600
2014-08-15;18.225432400672748;18.225432400672748;18.157794952392578;18.157794952392578;6800
2014-08-18;18.225435553981775;18.225435553981775;18.20084043384696;18.213138580322266;5500
2014-08-19;18.225435038029396;18.225435038029396;18.151648506898006;18.21928596496582;6700
2014-08-20;18.1762425534854;18.200838844287915;17.930285509538745;18.053264617919922;27100
2014-08-21;17.911835235211836;18.114749908447266;17.905687336375895;18.114749908447266;20700
2014-08-22;18.19468982725472;18.19468982725472;18.139349345595445;18.170093536376953;3700
2014-08-25;18.18853678237429;18.20698399650396;18.040962587783245;18.071706771850586;121200
2014-08-26;17.99792361472695;18.13319969177246;17.99792361472695;18.13319969177246;10800
2014-08-27;18.139349345595445;18.206987972693604;18.139349345595445;18.170093536376953;3400
2014-08-28;18.225435667011016;18.225435667011016;18.040968160000578;18.047117233276367;18800
2014-08-29;18.059408175716108;18.059408175716108;17.979471427834376;17.985620498657227;22900
2014-09-02;18.06556439494848;18.06556439494848;17.997926930373126;18.00407600402832;8300
2014-09-03;17.985625562388808;18.096306522730938;17.961029272172482;17.967178344726562;14900
2014-09-04;17.961029665062664;18.04711550988723;17.721221694286125;17.788860321044922;45200
2014-09-05;17.708918707072048;18.219279872529032;17.708918707072048;18.188535690307617;9800
2014-09-08;18.11475423747871;18.11475423747871;17.715073867144387;17.770414352416992;38400
2014-09-09;17.73966709010122;17.73966709010122;17.62283706665039;17.62283706665039;41300
2014-09-10;17.70892377829165;18.01637037980932;17.678179587266165;17.721221923828125;22900
2014-09-11;18.040964279661413;18.040964279661413;17.721219574987494;17.7827091217041;14900
2014-09-12;17.921582341670966;17.921582341670966;17.577538476188273;17.74643325805664;51400
2014-09-15;17.746432916778364;17.746432916778364;17.59004912763659;17.69639015197754;28300
2014-09-16;17.733917236328125;17.85276921870899;17.69638547093381;17.733917236328125;28800
2014-09-17;17.69013125765286;17.765194793872013;17.565023773136414;17.615066528320312;24600
2014-09-18;17.7026397709051;17.82774724637057;17.64008722628568;17.733917236328125;18600
2014-09-19;17.765192538910917;17.984130012467958;17.596297814185778;17.6776180267334;56800
2014-09-22;17.596303436506854;17.68387916977957;17.54626067168543;17.58379364013672;24700
2014-09-23;17.583787963999374;17.583787963999374;17.333573027549292;17.452425003051758;63300
2014-09-24;17.389873608922596;17.527492081110744;17.27727830410511;17.38361930847168;45400
2014-09-25;17.421152544826604;17.57753631777278;17.421152544826604;17.565025329589844;15900
2014-09-26;17.59630039723722;17.683876115383672;17.57753510936638;17.665109634399414;7600
2014-09-29;17.590047037137037;17.69638804883983;17.47745053143838;17.4962158203125;28800
2014-09-30;17.514977975071396;17.60880797560093;17.458679736131042;17.483701705932617;80900
2014-10-01;17.546255901855528;17.571277874021003;17.464936878544343;17.527490615844727;40100
2014-10-02;17.565018995864136;17.590040963207397;17.50872076245487;17.55876350402832;16600
2014-10-03;17.52749069185197;17.58378893635512;17.471192447348823;17.508724212646484;32200
2014-10-06;17.514985008472138;17.602559551718123;17.464942241886764;17.477453231811523;80000
2014-10-07;17.452423022862924;17.502465765852335;17.40238027987351;17.471189498901367;47000
2014-10-08;17.421147974541867;17.48995600526982;17.283529526859578;17.483701705932617;148300
2014-10-09;17.48370663206751;17.48370663206751;17.371110122462085;17.389875411987305;15200
2014-10-10;17.38987551539102;17.38987551539102;17.152172699454432;17.271024703979492;108700
2014-10-13;17.1834473384935;17.396129350255823;17.1834473384935;17.227235794067383;20000
2014-10-14;17.383620422887383;17.477450446140505;17.246001941876894;17.402385711669922;24600
2014-10-15;17.31480911244193;17.602554641767405;17.31480911244193;17.327320098876953;33700
2014-10-16;17.208468228563753;17.68387497824032;17.208468228563753;17.53374671936035;26600
2014-10-17;17.514978737164277;17.677617968611536;17.452425003051758;17.452425003051758;56800
2014-10-20;17.3898749072539;17.552514172728593;17.35859863021063;17.377365112304688;55600
2014-10-21;17.471189498901367;17.49621027383952;17.452423022862924;17.471189498901367;25400
2014-10-22;17.508723882017804;17.60255389004676;17.4899574031667;17.571277618408203;24500
2014-10-23;17.602557791488397;17.602557791488397;17.477451484092242;17.552515029907227;23500
2014-10-24;17.640089383430205;17.733919404946793;17.602556420332803;17.69013214111328;46000
2014-10-27;17.58378958668748;17.74017333984375;17.577534093387627;17.74017333984375;35000
2014-10-28;17.765195846557617;17.927835108820915;17.75268485874195;17.765195846557617;23800
2014-10-29;17.79647419295176;17.909069509500092;17.79647419295176;17.840261459350586;12700
2014-10-30;17.80898251102463;18.03417551166871;17.608811485169195;17.871536254882812;13600
2014-10-31;17.971622108994634;17.971622108994634;17.808982849121094;17.808982849121094;15200
2014-11-03;17.82774764195006;18.009153366088867;17.79647136894636;18.009153366088867;16100
2014-11-04;18.10298317572298;18.121748462069966;17.852769415152125;17.92157745361328;21300
2014-11-05;18.052939449152163;18.052939449152163;17.8089800017898;17.865278244018555;15000
2014-11-06;17.902812264224174;18.10923876695226;17.84025852546435;18.01540756225586;12200
2014-11-07;17.952854919380467;18.090472189416108;17.884045687805983;17.92157745361328;35300
2014-11-10;18.002898637163927;18.009154130652906;17.977876663208008;17.977876663208008;10000
2014-11-11;17.97787414495649;17.97787414495649;17.952853367618747;17.97161865234375;15200
2014-11-12;17.977876663208008;17.977876663208008;17.95285588236548;17.977876663208008;15600
2014-11-13;17.97162150678963;17.97162150678963;17.852770707610052;17.91532325744629;24000
2014-11-14;17.959107667118268;17.97161865234375;17.859022171540854;17.97161865234375;5300
2014-11-17;17.97161865234375;17.97787414495649;17.946597875006006;17.97161865234375;9800
2014-11-18;17.971619647692417;17.977875140651616;17.277276632807435;17.683874130249023;66100
2014-11-19;17.76519680107043;17.852772527372036;17.658855785150543;17.821495056152344;32800
2014-11-20;17.77144823800838;17.877789229650116;17.683873724813985;17.865278244018555;47900
2014-11-21;17.934089998740994;17.934089998740994;17.796472716743736;17.871536254882812;12100
2014-11-24;17.971621076731243;17.971621076731243;17.827748306569298;17.88404655456543;9600
2014-11-25;17.946600296018172;17.946600296018172;17.827748306569298;17.88404655456543;10600
2014-11-26;17.946598052978516;17.95285354565329;17.87778882666922;17.946598052978516;29100
2014-11-28;17.946599760517625;17.959109553944195;17.859024047851562;17.859024047851562;14200
2014-12-01;17.90281140650648;18.052939656469462;17.90281140650648;17.95285415649414;17600
2014-12-02;17.977876663208008;18.052941391962374;17.95285588236548;17.977876663208008;18400
2014-12-03;17.952856491331225;18.027920029518377;17.952856491331225;17.984132766723633;15900
2014-12-04;18.04043285017332;18.046688344510166;17.733920786349206;17.890304565429688;15700
2014-12-05;17.984132248783233;18.077962265371596;17.89655772571588;18.071706771850586;24100
2014-12-08;18.06545084934623;18.109239302953497;17.98413182173089;18.040430068969727;24800
2014-12-09;18.084222185115557;18.1029886702718;18.027923922760518;18.077966690063477;10100
2014-12-10;18.109235660715598;18.115489959716797;18.0279154563425;18.115489959716797;10000
2014-12-11;18.115494906267383;18.14051688155709;18.015409391335453;18.034175872802734;37900
2014-12-12;18.128009457366435;18.128009457366435;18.04669040791676;18.077966690063477;15600
2014-12-15;18.352876338685746;18.352876338685746;18.104692894423927;18.136510848999023;17900
2014-12-16;18.136505970363135;18.20014307617241;18.117414474487305;18.117414474487305;12900
2014-12-17;18.181053161621094;18.181053161621094;18.117416050276887;18.181053161621094;13800
2014-12-18;18.29559894310763;18.29559894310763;18.130142946142822;18.212871551513672;7900
2014-12-19;18.200148567008167;18.28923981375315;18.19378473312964;18.276512145996094;6900
2014-12-22;18.072874316992024;18.28287597987462;18.072874316992024;18.276512145996094;8500
2014-12-23;18.29560053687735;18.29560053687735;18.072871244107795;18.079235076904297;45400
2014-12-24;18.07923541248838;18.07923541248838;18.01559829711914;18.01559829711914;6800
2014-12-26;18.066505032595252;18.117414474487305;18.015595590703203;18.117414474487305;6700
2014-12-29;18.187416921654602;18.187416921654602;18.085598029420407;18.168325424194336;5900
2014-12-30;18.149236272144165;18.23832750495983;18.136508606377067;18.200145721435547;15700
2014-12-31;18.200141310285854;18.225595421873752;18.142868041992188;18.142868041992188;15800
2015-01-02;18.23832427621351;18.257415771484375;18.174687172420764;18.257415771484375;7000
2015-01-05;18.276509522797568;18.276509522797568;17.983780489063452;18.041053771972656;26400
2015-01-06;18.066508328745574;18.142873112404466;18.04105421004398;18.072872161865234;11800
2015-01-07;18.117417003674806;18.123780836521806;18.009234272829808;18.104690551757812;8200
2015-01-08;18.111049874247957;18.161960527757188;18.021958658160376;18.149232864379883;21300
2015-01-09;18.13650887017586;18.212873652112176;18.091963253120102;18.123781204223633;8800
2015-01-12;18.187418016505788;18.270145416259766;18.13650856732403;18.270145416259766;2500
2015-01-13;18.270144243639063;18.270144243639063;17.748322119573547;17.80559539794922;177200
2015-01-14;17.77378184578794;17.77378184578794;17.341050841591574;17.50014305114746;81700
2015-01-15;17.506502335658777;17.646503006725304;17.4046834451055;17.61468505859375;52500
2015-01-16;17.646505188506126;17.81832504272461;17.63377752216911;17.81832504272461;79400
2015-01-20;17.81831872035016;17.824682551260626;17.697408360604612;17.761045455932617;20500
2015-01-21;17.697412673659276;17.881960173709093;17.697412673659276;17.80559539794922;31900
2015-01-22;17.818322071883927;17.913777125942218;17.691047857288297;17.799230575561523;39800
2015-01-23;17.76741515379646;17.824688437126134;17.761051320784603;17.78650665283203;18200
2015-01-26;17.818326969740962;17.90105438232422;17.79287163431399;17.90105438232422;20300
2015-01-27;17.850142994790076;17.939235445372105;17.767415591153622;17.81832504272461;20500
2015-01-28;17.84377623144568;17.894685671193702;17.79922940961147;17.8819580078125;9400
2015-01-29;17.875596486617866;17.90741443540669;17.818323207776427;17.831050872802734;13800
2015-01-30;17.824686565106774;17.901050125674974;17.824686565106774;17.869232177734375;22800
2015-02-02;17.881959987797416;17.907414103601447;17.78650492942268;17.89468765258789;15400
2015-02-03;17.869232177734375;17.92014162270548;17.869232177734375;17.869232177734375;10200
2015-02-04;17.773777666077724;17.901050675526363;17.773777666077724;17.843778610229492;8900
2015-02-05;17.77377704773291;17.869232104942775;17.729231435286767;17.856504440307617;21200
2015-02-06;17.85014207534952;17.856505908190233;17.81832412492296;17.824687957763672;9900
2015-02-09;17.843779403167083;18.123780764662897;17.843779403167083;18.091962814331055;29100
2015-02-10;18.14287233506281;18.14287233506281;18.002871653759815;18.104690551757812;9500
2015-02-11;18.047417737686967;18.257419371973047;18.04105390467502;18.219236373901367;11100
2015-02-12;18.276505904791566;18.276505904791566;18.225596464925502;18.23196029663086;4000
2015-02-13;18.200141310285854;18.231959253214903;18.142868041992188;18.142868041992188;22500
2015-02-17;18.231960025147384;18.231960025147384;18.085595539433996;18.11104965209961;16700
2015-02-18;18.00923412991978;18.079235076904297;17.901051399933248;18.079235076904297;5700
2015-02-19;18.111053235844643;18.270145416259766;18.098326783881962;18.270145416259766;14000
2015-02-20;18.17469075659478;18.30832882229158;18.17469075659478;18.219236373901367;21000
2015-02-23;18.321052477080055;18.321052477080055;18.225596216577216;18.308324813842773;14500
2015-02-24;18.219237024221222;18.352875094688116;18.219237024221222;18.28923797607422;18100
2015-02-25;18.244687168889545;18.41014314472371;18.244687168889545;18.333778381347656;22600
2015-02-26;18.359234253015124;18.42287135542476;18.263779206289062;18.308324813842773;16900
2015-02-27;18.40378141663738;18.44196319580078;18.31469019399715;18.44196319580078;24200
2015-03-02;18.441965653887227;18.441965653887227;18.314692635119677;18.41651153564453;15900
2015-03-03;18.384696540996906;18.435606002807617;18.384696540996906;18.435606002807617;8600
2015-03-04;18.42923927307129;18.454694606866195;18.40378515305351;18.42923927307129;13100
2015-03-05;18.435599363644066;18.44196319580078;18.416509080950803;18.44196319580078;6600
2015-03-06;18.422874977582055;18.422874977582055;18.20014568224548;18.270145416259766;17900
2015-03-09;18.441964225733095;18.441964225733095;18.181053161621094;18.181053161621094;9800
2015-03-10;18.231959529335768;18.263778686523438;18.136504485326242;18.263778686523438;18200
2015-03-11;18.225597788676197;18.378326119367255;18.21287133811793;18.371963500976562;19000
2015-03-12;18.365601767541893;18.40378355113367;18.276509320791725;18.282873153686523;14100
2015-03-13;18.452506984063866;18.452506984063866;18.2776934636223;18.323015213012695;8300
2015-03-16;18.45250221645331;18.45250221645331;18.323010478859185;18.38775634765625;5900
2015-03-17;18.452507087000516;18.452507087000516;18.32301531522698;18.413660049438477;9200
2015-03-18;18.35538667071769;18.510776037224968;18.35538667071769;18.39423370361328;11900
2015-03-19;18.38775634765625;18.446027506081133;18.38128163728407;18.38775634765625;9800
2015-03-20;18.439555421272935;18.730911254882812;18.38775896584506;18.730911254882812;28200
2015-03-23;18.504303313619335;18.711489157884554;18.48487917762258;18.69853973388672;20700
2015-03-24;18.70501492077296;18.70501492077296;18.413660282974906;18.47193145751953;41000
2015-03-25;18.44603040030626;18.47840395724664;18.420132789678878;18.452505111694336;19500
2015-03-26;18.452504247091863;18.4978259897599;18.42013192659323;18.478403091430664;12400
2015-03-27;18.543148601277558;18.575522158217943;18.420132789678878;18.452505111694336;12100
2015-03-30;18.420134995138206;18.48487964692106;18.420134995138206;18.47193145751953;6900
2015-03-31;18.536674999318794;18.627319729252076;18.458980927861695;18.484878540039062;30000
2015-04-01;18.517250061035156;18.58846941287875;18.49135121678304;18.517250061035156;14200
2015-04-02;18.61437158582603;18.61437158582603;18.504303947921535;18.569049835205078;7400
2015-04-06;18.601419946053014;18.653216402726144;18.51077645560627;18.549623489379883;24300
2015-04-07;18.523730123267296;18.62732306035215;18.504305984466924;18.536678314208984;19600
2015-04-08;18.54962826452671;18.620848873883116;18.53020536010242;18.6143741607666;12300
2015-04-09;18.620848137879396;18.620848137879396;18.575526382780428;18.607898712158203;10500
2015-04-10;18.6143741607666;18.64027301323266;18.536678838293682;18.6143741607666;18700
2015-04-13;18.614371448473705;18.646743774414062;18.530202660073726;18.646743774414062;14800
2015-04-14;18.575521163763995;18.646740515370208;18.55609703063965;18.55609703063965;7600
2015-04-15;18.640271768503563;18.65969467163086;18.62084763045109;18.65969467163086;9100
2015-04-16;18.659695480533728;18.659695480533728;18.620848437669927;18.627323150634766;16300
2015-04-17;18.659690234795754;18.743860244750977;18.54962261518692;18.743860244750977;30200
2015-04-20;18.76328507933343;18.76328507933343;18.562573952839422;18.575523376464844;20500
2015-04-21;18.601422161384306;18.63379572248862;18.54962569854249;18.569049835205078;13500
2015-04-22;18.620849086176097;18.620849086176097;18.504306718600663;18.543153762817383;47200
2015-04-23;18.581995010375977;18.69853609892601;18.581995010375977;18.581995010375977;9400
2015-04-24;18.633797262974603;18.75033838780952;18.58847427368164;18.58847427368164;27900
2015-04-27;18.607894657502772;18.743861128097826;18.549623489379883;18.549623489379883;10300
2015-04-28;18.594946276977968;18.6143704124161;18.575523376464844;18.575523376464844;4300
2015-04-29;18.61436936895253;18.692064671424696;18.536674066480366;18.549623489379883;51200
2015-04-30;18.51725173019775;18.581997611739432;18.458980560302734;18.458980560302734;25800
2015-05-01;18.458979823082412;18.497826856485947;18.452505111694336;18.452505111694336;20600
2015-05-04;18.458980560302734;18.510777018551085;18.452505848656067;18.458980560302734;10500
2015-05-05;18.5107762792621;18.5107762792621;18.420132789678878;18.452505111694336;17500
2015-05-06;18.504304259198907;18.504304259198907;18.2906436920166;18.2906436920166;35400
2015-05-07;18.31654173589268;18.426608135883612;18.25827056241216;18.323015213012695;13400
2015-05-08;18.51725209891702;18.52372681069261;18.420133892133144;18.484878540039062;10900
2015-05-11;18.48487638888346;18.491351099905565;18.329487029127517;18.426605224609375;10300
2015-05-12;18.361864914560563;18.549626638782474;18.361864914560563;18.504304885864258;8000
2015-05-13;18.517252570823466;18.614370780082368;18.458981398283118;18.601421356201172;29600
2015-05-14;18.61437312470619;18.756813100565658;18.58200079585069;18.58847427368164;52800
2015-05-15;18.59494681175411;18.75033619495302;18.581998622681315;18.69853973388672;16200
2015-05-18;18.530204926012654;18.7114919493272;18.530204926012654;18.627323150634766;9900
2015-05-19;18.679119756525477;18.679119756525477;18.58847500927768;18.59494972229004;4900
2015-05-20;18.646738790534027;18.73738350180475;18.646738790534027;18.653213500976562;5100
2015-05-21;18.594947311954442;18.730913797739117;18.594947311954442;18.646743774414062;4300
2015-05-22;18.737390710370462;18.737390710370462;18.523730123267296;18.536678314208984;19800
2015-05-26;18.56256911210963;18.737382580690106;18.56256911210963;18.717958450317383;12300
2015-05-27;18.717963701281867;18.73738783710366;18.601421356201172;18.601421356201172;4100
2015-05-28;18.70501591859482;18.737389481138294;18.582000085705044;18.711490631103516;7900
2015-05-29;18.679118444873307;18.679118444873307;18.63379669189453;18.63379669189453;4700
2015-06-01;18.711484850536152;18.763281299679015;18.646738980376387;18.75033187866211;8200
2015-06-02;18.69853523914955;18.73738350180475;18.627315894131172;18.653213500976562;5600
2015-06-03;18.69206876304435;18.737390518188477;18.646745772975017;18.737390518188477;2200
2015-06-04;18.750339431437645;18.75681414455416;18.569052403876256;18.6143741607666;21400
2015-06-05;18.730913260892514;18.730913260892514;18.458981532042078;18.523727416992188;28800
2015-06-08;18.58200020152773;18.614372529347843;18.4784072705932;18.504304885864258;10700
2015-06-09;18.549623297045155;18.737386222366492;18.446030384773014;18.6208438873291;26900
2015-06-10;18.65321848658715;18.743863222085288;18.614371448473705;18.646743774414062;10400
2015-06-11;18.73091580532143;18.776237560465553;18.530204646143787;18.737390518188477;49800
2015-06-12;18.837501246482383;18.837501246482383;18.666251086680965;18.745288848876953;9500
2015-06-15;18.514760235303164;18.699182510375977;18.5081735460102;18.699182510375977;8500
2015-06-16;18.765046689146764;18.765046689146764;18.613556616025654;18.639902114868164;10800
2015-06-17;18.69259872510422;18.751877681667732;18.462070845449144;18.600387573242188;25400
2015-06-18;18.705773737303552;18.705773737303552;18.462072455759714;18.495004653930664;16900
2015-06-19;18.49500455613004;18.574043590118336;18.139332043889777;18.224956512451172;26200
2015-06-22;18.38303000058482;18.58062566540701;18.18543433576263;18.402790069580078;38300
2015-06-23;18.310580121080523;18.40937922299663;18.16567669790381;18.376445770263672;11700
2015-06-24;18.376443248101573;18.38302993774414;18.185434273597416;18.38302993774414;14200
2015-06-25;18.35010528564453;18.409384260502062;18.244720720627388;18.35010528564453;8700
2015-06-26;18.290818643169956;18.343510903589625;18.19860624522359;18.330337524414062;21900
2015-06-29;18.36985857913397;18.36985857913397;18.1986083984375;18.1986083984375;9200
2015-06-30;18.356684435456454;18.42913550895954;18.277645416028207;18.38302993774414;18100
2015-07-01;18.44231027182617;18.44231027182617;18.383031316878398;18.422550201416016;8400
2015-07-02;18.442312240600586;18.442312240600586;18.415965477241116;18.442312240600586;12400
2015-07-06;18.317167627208747;18.442312240600586;18.317167627208747;18.442312240600586;11000
2015-07-07;18.435723704365703;18.508176040069024;18.435723704365703;18.46207046508789;8400
2015-07-08;18.396203406497072;18.508174618400133;18.396203406497072;18.41596221923828;11100
2015-07-09;18.396206661004335;18.475244438517098;18.389619970164468;18.442312240600586;10400
2015-07-10;18.38961730486575;18.475241760808405;18.3764439250953;18.396203994750977;11200
2015-07-13;18.442312240600586;18.475244438517098;18.415965477241116;18.442312240600586;13200
2015-07-14;18.435723090111555;18.475241973595423;18.389617516666597;18.468656539916992;12800
2015-07-15;18.541108260360062;18.56745502111873;18.442310420080457;18.475242614746094;23200
2015-07-16;18.5081735460102;18.725529267547824;18.5081735460102;18.699182510375977;15000
2015-07-17;18.705771318781842;18.771636962890625;18.672839124868787;18.771636962890625;14000
2015-07-20;18.758464813232422;18.77163819417479;18.686013730614896;18.758464813232422;8400
2015-07-21;18.765048302401055;18.765048302401055;18.72552942259859;18.751874923706055;10200
2015-07-22;18.71235466003418;18.74528684805365;18.69259459345303;18.71235466003418;16800
2015-07-23;18.718947119085065;18.725533809975822;18.35010122318251;18.495004653930664;81600
2015-07-24;18.50817437132601;18.587212133800943;18.50817437132601;18.547693252563477;6700
2015-07-27;18.541108530605364;18.639906372324994;18.508176335459726;18.567455291748047;9300
2015-07-28;18.475244922717646;18.62673630343925;18.475244922717646;18.620149612426758;8000
2015-07-29;18.5872161573643;18.67942857525633;18.5872161573643;18.620149612426758;8100
2015-07-30;18.60038581794887;18.653078079223633;18.60038581794887;18.653078079223633;7800
2015-07-31;18.672838975936934;18.718944549560547;18.620146712326708;18.718944549560547;5700
2015-08-03;18.620143304806888;18.6662488699931;18.613556616025654;18.639902114868164;9100
2015-08-04;18.639902245575506;18.699181188739864;18.639902245575506;18.67942237854004;9600
2015-08-05;18.672835689712617;18.699181188739864;18.639902245575506;18.67942237854004;11300
2015-08-06;18.64649512019387;18.672841884243837;18.527937194534726;18.620149612426758;12100
2015-08-07;18.666249000885195;18.68600906736746;18.620143435375677;18.67942237854004;5400
2015-08-10;18.71235800882099;18.771636962890625;18.580626720603423;18.771636962890625;16800
2015-08-11;18.758459223807034;18.7979793548584;18.64648803172626;18.7979793548584;12200
2015-08-12;18.75187689277319;18.771636962890625;18.672839124868787;18.771636962890625;10400
2015-08-13;18.725530036469245;18.765048917567242;18.725530036469245;18.745288848876953;4800
2015-08-14;18.771636962890625;18.771636962890625;18.725531388899277;18.771636962890625;2900
2015-08-17;18.738705444244655;18.791397710173964;18.738705444244655;18.78481101989746;5000
2015-08-18;18.765048917567242;18.765048917567242;18.70576996777896;18.745288848876953;9600
2015-08-19;18.712356657342387;18.751875538440384;18.712356657342387;18.745288848876953;5400
2015-08-20;18.74528807914418;18.75187476843714;18.67942369877962;18.699182510375977;4000
2015-08-21;18.65307937125046;18.705771636175015;18.65307937125046;18.659666061401367;9300
2015-08-24;18.541108582620705;18.541108582620705;18.277647251868334;18.363271713256836;32100
2015-08-25;18.5608674730337;18.63331980548854;18.277646089382195;18.396203994750977;13300
2015-08-26;18.606976647751054;18.606976647751054;18.442313137593963;18.54111099243164;15200
2015-08-27;18.60697229253171;18.63990448434174;18.48182770234494;18.580625534057617;12800
2015-08-28;18.61355919733821;18.653078079223633;18.534520177284758;18.653078079223633;3100
2015-08-31;18.626731440718455;18.7123558889619;18.613558062132533;18.699182510375977;9900
2015-09-01;18.527929859769085;18.712353366261425;18.527929859769085;18.705766677856445;3600
2015-09-02;18.692595821083014;18.699182510375977;18.593797994253645;18.699182510375977;2000
2015-09-03;18.692597789614105;18.718944549560547;18.679425665923542;18.718944549560547;5000
2015-09-04;18.71235923621688;18.765051503703607;18.7057725457457;18.758464813232422;2600
2015-09-08;18.70576697202093;18.7979793548584;18.679421474269063;18.7979793548584;7300
2015-09-09;18.79798190391695;18.804567337036133;18.712356197976955;18.804567337036133;7800
2015-09-10;18.791398411278507;18.86384949445775;18.784811720756256;18.8111572265625;15300
2015-09-11;18.778223503157385;18.811155696807777;18.692597789614105;18.718944549560547;7600
2015-09-14;18.894555449132767;18.894555449132767;18.720288381082877;18.7672061920166;21700
2015-09-15;18.83422889598974;18.83422889598974;18.726987838745117;18.726987838745117;4800
2015-09-16;18.77390564148786;18.77390564148786;18.726987838745117;18.726987838745117;1400
2015-09-17;18.700177777204978;18.814121565459505;18.646557246168395;18.680070877075195;12000
2015-09-18;18.6867714834677;18.76050018972872;18.680070036002377;18.726987838745117;20000
2015-09-21;18.73369140811178;18.73369140811178;18.673368150893836;18.680070877075195;11400
2015-09-22;18.693474511697495;18.726988141637396;18.6800703381358;18.720285415649414;4400
2015-09-23;18.733686805147624;18.995086669921875;18.65995811368248;18.995086669921875;28600
2015-09-24;18.8342272381185;19.088924407051355;18.8342272381185;18.961576461791992;12200
2015-09-25;19.102330161051377;19.102330161051377;18.834227537280853;19.08222198486328;12400
2015-09-28;19.04200712225798;19.04200712225798;18.834227746331347;18.907955169677734;21900
2015-09-29;18.914660194712244;19.088927242887546;18.914660194712244;18.941471099853516;12500
2015-09-30;19.102334312668344;19.102334312668344;18.94817543029785;18.94817543029785;14500
2015-10-01;19.095631837804344;19.095631837804344;18.773908615112305;18.773908615112305;6000
2015-10-02;18.907959076592967;18.907959076592967;18.773908374728247;18.80742073059082;3300
2015-10-05;18.995093239852835;18.995093239852835;18.807420723218478;18.94817543029785;6500
2015-10-06;18.847634427892714;18.96157821150142;18.820823524260433;18.89455223083496;12200
2015-10-07;18.84093033248339;18.988386456499967;18.84093033248339;18.9816837310791;12200
2015-10-08;18.901254653930664;18.995090258311837;18.854335573325848;18.901254653930664;2500
2015-10-09;18.94147270344508;19.001795966705608;18.90125762074287;18.94817543029785;9600
2015-10-12;18.94147331117427;19.001796576370246;18.867744591842644;18.934770584106445;5800
2015-10-13;18.968282332441742;19.001795966705608;18.87444671333178;18.94817543029785;4800
2015-10-14;18.907960185304912;19.03530944619608;18.907960185304912;19.02190399169922;12600
2015-10-15;19.068820412498038;19.10903549194336;19.068820412498038;19.10903549194336;4900
2015-10-16;18.981685112418504;19.162654876708984;18.981685112418504;19.162654876708984;16500
2015-10-19;19.075520416980318;19.176060025607445;19.075520416980318;19.169357299804688;14000
2015-10-20;19.24978767873018;19.269895856374653;19.176060250862257;19.263193130493164;12800
2015-10-21;19.256490246210472;19.256490246210472;18.95487525450985;19.1961669921875;5700
2015-10-22;19.256492614746094;19.256492614746094;19.24308716144452;19.256492614746094;7400
2015-10-23;19.256493914080025;19.269899368286133;19.062119941749362;19.269899368286133;10400
2015-10-26;19.256493914080025;19.269899368286133;19.20287337567007;19.269899368286133;4300
2015-10-27;19.189466929256444;19.269898371919844;19.16265730064492;19.24979019165039;17700
2015-10-28;19.269898457214783;19.296709364359394;19.20957519455383;19.290006637573242;12000
2015-10-29;19.290003496092435;19.303407669067383;19.21627479186629;19.303407669067383;9900
2015-10-30;19.256492918406874;19.42405725207574;19.24979019165039;19.24979019165039;14300
2015-11-02;19.2430830742286;19.424052820118842;19.2430830742286;19.403945922851562;11700
2015-11-03;19.363734342989;19.631838304482496;19.363734342989;19.551406860351562;10000
2015-11-04;19.63183577066867;19.63183577066867;19.397245473846844;19.424055099487305;19300
2015-11-05;19.316814129257057;19.4709729930405;19.316814129257057;19.464271545410156;7600
2015-11-06;19.37712860107422;19.40393949309861;19.283293035816254;19.37712860107422;4100
2015-11-09;19.20286942427521;19.470972061157227;19.20286942427521;19.470972061157227;16600
2015-11-10;19.4039469911113;19.53129494219546;19.350326464756343;19.450864791870117;20800
2015-11-11;19.470971061465256;19.470971061465256;19.189462987588964;19.323514938354492;25600
2015-11-12;19.403948977278066;19.403948977278066;19.202871024054218;19.35032844543457;11300
2015-11-13;19.330221326370463;19.437462395936965;19.330221326370463;19.397247314453125;5900
2015-11-16;19.3704295174407;19.383834965971552;19.31010627746582;19.31010627746582;2300
2015-11-17;19.29671027669835;19.303411725386926;19.243088459873917;19.269899368286133;4900
2015-11-18;19.26319573042863;19.37043680217824;19.26319573042863;19.290006637573242;7800
2015-11-19;19.243088459873917;19.34362808800525;19.23638701118534;19.269899368286133;6900
2015-11-20;19.336923599243164;19.403949585752937;19.33022087275075;19.336923599243164;5600
2015-11-23;19.303405857248844;19.403945454816647;19.303405857248844;19.3436222076416;5300
2015-11-24;19.269897008462166;19.37043534586693;19.209573750336446;19.35032844543457;29600
2015-11-25;19.222979568947764;19.37043571472168;19.222979568947764;19.37043571472168;1100
2015-11-27;19.424052820118842;19.430755545345974;19.330217223767214;19.403945922851562;6600
2015-11-30;19.430752757415586;19.430752757415586;19.283296658818056;19.31010627746582;15500
2015-12-01;19.31681404009692;19.43075782550099;19.31681404009692;19.424055099487305;5900
2015-12-02;19.350322623058364;19.417347308884736;19.296702107348906;19.31010627746582;9300
2015-12-03;19.430752703990986;19.430752703990986;19.34361984560791;19.41064453125;5800
2015-12-04;19.41735207076463;19.437460248492197;19.36373154190536;19.430757522583008;6300
2015-12-07;19.437460248492197;19.437460248492197;19.390542445542117;19.430757522583008;2800
2015-12-08;19.28329932870179;19.537996493982526;19.21627335518135;19.23638153076172;30000
2015-12-09;19.26989685467144;19.424055722689378;19.202870870798417;19.283302307128906;11500
2015-12-10;19.3637320796275;19.39724571010411;19.323517001469856;19.39054298400879;10300
2015-12-11;19.202869955327547;19.437460248492197;19.202869955327547;19.430757522583008;8900
2015-12-14;19.541212490258864;19.541212490258864;18.757109663006204;18.934385299682617;45000
2015-12-15;19.13893653866835;19.425304721561773;19.09120872493368;19.234392166137695;13700
2015-12-16;19.30939618326967;19.357124002995455;19.159394278347843;19.350305557250977;14100
2015-12-17;19.38439568161888;19.4253050511591;19.2412109375;19.2412109375;15700
2015-12-18;19.22075713300463;19.323031208321886;19.193483352661133;19.193483352661133;8000
2015-12-21;19.282123565673828;19.282123565673828;19.241212891493618;19.282123565673828;4500
2015-12-22;19.29575450294034;19.766216738664994;19.29575450294034;19.513940811157227;136500
2015-12-23;19.534398799882844;19.69803758882965;19.432124719351773;19.58212661743164;65900
2015-12-24;19.45258037931212;19.7321301443082;19.45258037931212;19.588945388793945;16800
2015-12-28;19.67075696494987;19.70484787751993;19.52757227108871;19.663938522338867;6600
2015-12-29;19.711669931966714;19.711669931966714;19.520757405331942;19.55484962463379;11900
2015-12-30;19.5207576751709;19.548031450989388;19.438938948685855;19.5207576751709;6000
2015-12-31;19.616213221635117;19.636667251586914;19.513939170420784;19.636667251586914;14900
2016-01-04;19.643484115600586;19.643484115600586;19.568483844332654;19.643484115600586;13300
2016-01-05;19.725311605144622;19.773039423261018;19.629855968911826;19.73213005065918;8700
2016-01-06;19.725311605144622;19.759402532231903;19.643491559455434;19.73213005065918;18400
2016-01-07;19.568485417767437;19.718487272849455;19.568485417767437;19.636667251586914;8700
2016-01-08;19.602580519740926;19.698036147855642;19.568489595552926;19.68440055847168;6000
2016-01-11;19.643485695065888;19.643485695065888;19.507120726941814;19.636667251586914;4300
2016-01-12;19.636669401680894;19.636669401680894;19.227573152030043;19.43212127685547;66200
2016-01-13;19.438943915241342;19.568491782507593;19.241212891493618;19.282123565673828;29100
2016-01-14;19.295756869649527;19.684400425386258;19.1934827972916;19.234392166137695;27700
2016-01-15;19.193484004750687;19.29575808354266;19.098028371276243;19.207120895385742;29300
2016-01-19;19.29575380656002;19.316209137978593;19.220753525662275;19.30257225036621;12100
2016-01-20;19.16620867621593;19.3843936920166;18.84574829633408;19.3843936920166;37400
2016-01-21;19.17984590751444;19.609398832097266;18.907114614398182;19.234392166137695;80700
2016-01-22;19.28894070640165;19.425305709653458;19.091209696031168;19.25484848022461;26200
2016-01-25;19.18666381170414;19.41848572944134;18.92756941566657;18.94802474975586;37800
2016-01-26;19.023021539407093;19.21393405431511;18.97529373580137;19.11166000366211;35900
2016-01-27;19.193481173217236;19.248027427225004;19.091207109513327;19.22757339477539;18100
2016-01-28;19.357117197881358;19.459392547607422;18.83211006498169;19.459392547607422;38700
2016-01-29;19.193479157525864;19.59575822626796;18.988931051599604;19.329845428466797;101800
2016-02-01;19.22757109972361;19.261662016727307;19.104841717734097;19.179841995239258;5300
2016-02-02;19.17984319970591;19.186661643631865;19.009386003012708;19.152570724487305;23500
2016-02-03;19.15938796523109;19.19347888223479;19.084386387240805;19.179841995239258;9700
2016-02-04;19.152574633330993;19.207120895385742;19.091209925958715;19.207120895385742;3000
2016-02-05;19.09120805821332;19.125298980980276;19.0502986907959;19.0502986907959;16700
2016-02-08;19.091210531053143;19.091210531053143;18.811660766601562;18.811660766601562;21300
2016-02-09;18.954840499450544;18.954840499450544;18.60029050471807;18.709383010864258;26600
2016-02-10;18.86620322159218;18.968477282978178;18.607108846048636;18.654836654663086;27400
2016-02-11;18.600292153781165;18.913932811636858;18.53210900627351;18.55938148498535;28500
2016-02-12;18.70256574812114;18.804839816533242;18.4843807220459;18.4843807220459;5700
2016-02-16;18.675292037932646;19.09120805821332;18.675292037932646;19.0502986907959;18800
2016-02-17;19.084384816176115;19.241205102259567;19.084384816176115;19.18665885925293;12900
2016-02-18;19.207115769230317;19.207115769230317;18.92074764474983;19.179841995239258;15000
2016-02-19;19.24120795489059;19.268481730679927;18.859384197236352;19.00938606262207;43900
2016-02-22;18.98893203126528;19.295754205984053;18.82529327798489;19.00938606262207;9900
2016-02-23;18.92757159860722;19.070755052289716;18.859388444264628;18.9139347076416;9900
2016-02-24;18.859387451020325;19.08439093816105;17.768460940449824;18.525291442871094;119200
2016-02-25;18.627566129848436;18.838932733675794;18.218468512403035;18.695749282836914;10400
2016-02-26;18.68210700201287;18.845745741681167;18.63437919883692;18.70256233215332;8600
2016-02-29;18.702561306787764;18.948020053075517;18.702561306787764;18.82529067993164;36500
2016-03-01;18.941206502083908;19.0775714959749;18.723020170984665;19.057117462158203;18600
2016-03-02;19.02984395756101;19.14575491930712;19.009388622963915;19.023025512695312;14300
2016-03-03;19.125295747742268;19.18666043873702;19.009384809250523;19.179841995239258;10500
2016-03-04;19.227572094594603;19.28211834491392;19.02302268053327;19.04347801208496;15700
2016-03-07;18.988929216035757;19.248023545196023;18.988929216035757;19.18665885925293;11100
2016-03-08;19.24120767192334;19.25484455961746;19.159388946729003;19.200298309326172;16100
2016-03-09;19.248027427225004;19.261664315848268;19.200299617528866;19.22757339477539;5200
2016-03-10;19.26848306479972;19.391212463378906;19.23439084270256;19.391212463378906;10900
2016-03-11;19.432119966469266;19.58212182786033;19.40484619140625;19.40484619140625;9700
2016-03-14;19.513940588659636;19.582122427434452;19.432120561450564;19.561668395996094;9400
2016-03-15;19.306377963811897;19.896044822562413;19.306377963811897;19.56305694580078;42800
2016-03-16;19.472870770981107;19.556118396923623;19.41043538231825;19.54918098449707;11500
2016-03-17;19.493684948176398;19.729551701447008;19.493684948176398;19.722614288330078;6400
2016-03-18;19.431247236610087;19.597741162037416;19.42430982432027;19.55611801147461;5500
2016-03-21;19.458992995546176;19.736484157827615;19.458992995546176;19.7087345123291;15800
2016-03-22;19.694859689579847;19.778107302899464;19.646299133133372;19.7087345123291;7400
2016-03-23;19.8336088676917;19.8336088676917;19.68098975929905;19.77117347717285;11000
2016-03-24;19.7572994576542;19.798923935148416;19.500621795654297;19.500621795654297;18700
2016-03-28;19.653241865253598;19.91685695297868;19.50756015647359;19.71567726135254;28300
2016-03-29;19.771177944578508;19.9099235822321;19.583871730699094;19.87523651123047;14000
2016-03-30;19.87523267446398;19.944605479898872;19.805859869029092;19.90991973876953;6800
2016-03-31;19.979292019578242;19.979292019578242;19.819735486924042;19.861358642578125;20900
2016-04-01;19.791985329145405;19.96541667205464;19.771173091652887;19.77811050415039;9900
2016-04-04;19.771178711246563;19.771178711246563;19.611622147981322;19.687931060791016;6800
2016-04-05;19.611621469437683;19.646307217407763;19.500625488121653;19.618558883666992;11300
2016-04-06;19.63242697804319;19.73648683962637;19.625490888902007;19.694862365722656;20600
2016-04-07;19.632429240986237;19.819735425614592;19.618555737928634;19.722614288330078;16800
2016-04-08;19.73649090913103;19.868297800808662;19.708741254140133;19.84054946899414;7500
2016-04-11;19.909921561594864;20.034791034998467;19.78505076501493;19.993167877197266;16900
2016-04-12;19.916856173093855;19.916856173093855;19.632428856747687;19.729551315307617;65600
2016-04-13;19.701803704602643;19.847486745948018;19.674055372979375;19.785051345825195;34800
2016-04-14;19.73649011102603;19.882171824308024;19.6463050591289;19.680992126464844;44700
2016-04-15;19.604678869440388;19.6671142578125;19.569991807469147;19.6671142578125;49500
2016-04-18;19.604684733511984;19.736492962076387;19.597747319042647;19.687931060791016;15000
2016-04-19;19.764237057037157;19.77117447001831;19.72261390232646;19.729551315307617;14100
2016-04-20;19.736486434936523;19.76423476046059;19.694861961886303;19.736486434936523;12900
2016-04-21;19.771172172635627;19.771172172635627;19.701799374061338;19.736486434936523;22200
2016-04-22;19.70179999660762;19.771172797373982;19.639364608235507;19.6671142578125;32100
2016-04-25;19.64630172489004;19.660176549469675;19.493682624042346;19.55611801147461;45900
2016-04-26;19.50755836304565;19.66711488366243;19.50755836304565;19.597742080688477;54600
2016-04-27;19.63243023219452;19.722615284091653;19.528371676539333;19.680992126464844;34700
2016-04-28;19.73648895618586;19.73648895618586;19.45899772644043;19.45899772644043;74500
2016-04-29;19.52143095002552;19.569991512878143;19.45899556259326;19.55611801147461;34100
2016-05-02;19.493682624042346;19.61855339890687;19.493682624042346;19.55611801147461;12700
2016-05-03;19.611615382590752;19.646301119795442;19.52836776085302;19.590803146362305;50600
2016-05-04;19.54918098449707;19.611616373159926;19.54918098449707;19.54918098449707;11700
2016-05-05;19.576930372030702;19.646303176879883;19.576930372030702;19.646303176879883;20900
2016-05-06;19.646300435235563;19.74342155456543;19.639363023401142;19.74342155456543;12900
2016-05-09;19.687924568336996;19.743422542613715;19.632426594060277;19.701799392700195;12600
2016-05-10;19.736485465907023;19.75035896639985;19.667112670738828;19.74342155456543;23600
2016-05-11;19.736490799346967;19.750364303588867;19.667117985431986;19.750364303588867;16800
2016-05-12;19.74342155456543;19.757296378234273;19.70179840673492;19.74342155456543;18600
2016-05-13;19.750359718649378;19.76423454284668;19.67405083191633;19.76423454284668;8800
2016-05-16;19.76423454284668;19.76423454284668;19.69486174503622;19.76423454284668;13500
2016-05-17;19.76424065215811;19.771178066401184;19.729554904119222;19.75730323791504;18900
2016-05-18;19.715674198411413;19.778109584810665;19.715674198411413;19.736486434936523;24000
2016-05-19;19.75036328400572;19.82667350769043;19.729552367129013;19.82667350769043;70100
2016-05-20;19.80586051940918;19.80586051940918;19.743425124785162;19.80586051940918;5700
2016-05-23;19.805861267637425;19.896046318024144;19.771175524058723;19.82667350769043;24800
2016-05-24;19.889108657836914;19.889108657836914;19.81279843509926;19.889108657836914;26200
2016-05-25;19.889110042051833;19.889110042051833;19.819737227750966;19.84054946899414;19300
2016-05-26;19.889106365000668;19.944604341545748;19.875231540070363;19.89604377746582;14200
2016-05-27;19.9446012882656;19.9446012882656;19.882165908813477;19.882165908813477;11200
2016-05-31;19.937664016959427;19.97235107421875;19.909915694327907;19.97235107421875;33700
2016-06-01;19.965420292366666;20.013980865478516;19.944608051100282;20.013980865478516;18800
2016-06-02;19.993165947950825;20.048663927389242;19.95848020699289;20.02785301208496;21800
2016-06-03;20.020914007885242;20.10416030883789;20.013976595609837;20.10416030883789;19400
2016-06-06;20.10416030883789;20.10416030883789;20.041724921535355;20.10416030883789;18600
2016-06-07;20.104160546732746;20.104160546732746;20.041725158691406;20.041725158691406;21800
2016-06-08;20.083351907585357;20.083351907585357;20.048664841869037;20.069477081298828;21800
2016-06-09;20.06947724580733;20.090288162231445;19.965418694157936;20.090288162231445;24900
2016-06-10;20.062543094317643;20.083355337301626;20.034793437005668;20.076417922973633;11100
2016-06-13;20.07640953959119;20.09028303927748;20.05559730529785;20.05559730529785;17400
2016-06-14;20.162874197722367;20.205217974293912;20.10641538026551;20.134645462036133;34400
2016-06-15;20.282846506110985;20.282846506110985;20.09229751915853;20.11347007751465;67800
2016-06-16;20.113474554374907;20.113474554374907;19.98644186813165;20.0993595123291;21600
2016-06-17;20.099356027489694;20.099356027489694;20.014668482067037;20.09229850769043;32200
2016-06-20;20.10641226941495;20.11346978876567;20.04995346069336;20.04995346069336;76000
2016-06-21;20.0570115691336;20.09229782083941;20.014667797869784;20.078184127807617;39600
2016-06-22;20.057012866550014;20.155815454584843;20.049955346535484;20.148757934570312;31800
2016-06-23;20.14170237156154;20.282848737880386;20.14170237156154;20.205217361450195;20300
2016-06-24;20.03583969538057;20.19110243879588;19.965267189556442;20.09229850769043;36800
2016-06-27;20.191103408836856;20.191103408836856;19.92998054805597;20.042898178100586;40100
2016-06-28;20.057012254778364;20.169929879398083;20.042897215179835;20.09229850769043;39600
2016-06-29;20.16287196815756;20.32519088213662;20.134643235592794;20.26873207092285;31600
2016-06-30;20.325196778592975;20.52986086991977;20.212279123407374;20.501630783081055;47600
2016-07-01;20.50162750023098;20.60748896284033;20.39576738370605;20.600431442260742;103200
2016-07-05;20.543978014573433;20.635723114013672;20.480461658774512;20.635723114013672;39200
2016-07-06;20.480456284576643;20.741577815599182;20.480456284576643;20.600431442260742;70300
2016-07-07;20.642772977834912;20.649830497648047;20.501625273740796;20.607486724853516;32800
2016-07-08;20.663943234105552;20.98858103282046;20.642770677026014;20.981523513793945;22700
2016-07-11;20.94624022639545;20.94624022639545;20.76980626403846;20.790977478027344;29200
2016-07-12;20.91800818626203;20.91800818626203;20.734516721073955;20.861549377441406;47200
2016-07-13;20.734517694322108;20.8827229157354;20.473396196051624;20.713346481323242;65200
2016-07-14;20.798035683818235;20.81215072433244;20.593372980699694;20.67806053161621;38000
2016-07-15;20.685116668725563;20.87566566467285;20.656887935669072;20.87566566467285;346700
2016-07-18;20.87566660696937;20.925067901611328;20.798035231912404;20.925067901611328;47000
2016-07-19;20.96035453772737;20.981525750980204;20.798034274978164;20.974468231201172;41100
2016-07-20;20.97446758713501;20.98858262625964;20.854492446744086;20.889780044555664;58600
2016-07-21;20.93212542171508;21.02387183697956;20.889781647176882;20.925067901611328;42000
2016-07-22;20.91095286140382;20.925067901611328;20.861551566761865;20.925067901611328;15300
2016-07-25;20.967411324297455;21.087386471879334;20.86155121668622;21.030927658081055;48900
2016-07-26;21.052098898303786;21.08738514993404;20.932123758243016;21.05915641784668;29000
2016-07-27;21.09444265461791;21.157958984375;20.960353821650024;21.157958984375;20200
2016-07-28;21.157959227366902;21.341450699207584;21.157959227366902;21.292049407958984;32100
2016-07-29;21.313226932377837;21.560233446168493;21.10856285399753;21.47554588317871;31100
2016-08-01;21.517883630123848;21.531998668691855;21.376737282696265;21.510826110839844;12400
2016-08-02;21.48259716015731;21.50376837170871;20.925065257178492;21.0803279876709;57200
2016-08-03;20.974470036514226;21.256765467636164;20.96741251612774;21.115617752075195;45900
2016-08-04;21.037983516780468;21.256762580796448;20.960353495240657;21.165016174316406;97900
2016-08-05;21.172073735330198;21.2073599864554;21.09444236755371;21.09444236755371;25200
2016-08-08;21.17207478810892;21.503770141865626;21.14384470893766;21.489656448364258;74000
2016-08-09;21.49671601668793;21.729610168375082;21.440257195514086;21.666093826293945;33100
2016-08-10;21.602576189759276;21.73666504070959;21.55317489245291;21.722551345825195;22300
2016-08-11;21.722548246111742;21.877809636360112;21.24264769032779;21.5390567779541;86700
2016-08-12;21.482599541381216;21.651975982987587;21.34850935366123;21.54611587524414;15700
2016-08-15;21.553169284121182;21.666086890320514;21.46848040642966;21.482595443725586;18900
2016-08-16;21.46142801899257;21.750779622319914;21.327337824789737;21.454370498657227;18600
2016-08-17;21.46848267002215;21.602572846303566;21.426138899753774;21.503768920898438;31300
2016-08-18;21.503772249062145;21.72960886630959;21.503772249062145;21.722551345825195;31400
2016-08-19;21.722550380304455;21.77195167541504;21.666091565023166;21.77195167541504;21500
2016-08-22;21.771952336302096;21.771952336302096;21.630804620772167;21.757837295532227;328200
2016-08-23;21.76489481591716;21.76489481591716;21.6378621411571;21.757837295532227;22600
2016-08-24;21.750777538806393;21.764892578125;21.6943187276162;21.764892578125;11900
2016-08-25;21.687262476067126;21.80723762512207;21.687262476067126;21.80723762512207;20700
2016-08-26;21.80017944542959;21.821352005004883;21.743720632646408;21.821352005004883;19100
2016-08-29;21.821349104530984;21.98366800144681;21.786062856013316;21.94132423400879;208900
2016-08-30;21.941327766309243;21.941327766309243;21.786066363318476;21.877811431884766;41200
2016-08-31;21.807237269083807;21.941327456093465;21.78606605529785;21.78606605529785;66000
2016-09-01;21.78606400163863;21.800177694137407;21.313220977783203;21.313220977783203;63100
2016-09-02;21.56022641720628;21.56022641720628;21.249703659366162;21.433195114135742;17700
2016-09-06;21.531998600052397;21.567284850275765;21.348507137505717;21.553171157836914;29000
2016-09-07;21.412023166714775;21.59551462670721;21.38379309006172;21.588457107543945;30400
2016-09-08;21.560229357982433;21.581401917757475;21.38379539810996;21.44025421142578;25700
2016-09-09;21.532001746490167;21.532001746490167;21.052101135253906;21.052101135253906;43000
2016-09-12;21.03798318938061;21.23558969203732;21.03798318938061;21.172073364257812;7200
2016-09-13;21.172077985592697;21.270880585445102;20.889783881668354;20.918012619018555;45500
2016-09-14;21.220860972206758;21.25674421011373;20.833331584450434;21.127567291259766;109200
2016-09-15;21.213680870828618;21.49356460571289;21.12756385148372;21.49356460571289;17900
2016-09-16;21.378743155052952;21.565330505371094;21.17062449452086;21.565330505371094;37700
2016-09-19;21.507918386841467;21.708860397338867;21.486389814549025;21.708860397338867;10400
2016-09-20;21.70168075552496;21.76626920110016;21.536622002968457;21.672975540161133;19900
2016-09-21;21.744741556423413;21.88827175479671;21.622741298447743;21.701683044433594;19000
2016-09-22;21.75909254418374;21.87391614319221;21.594033791709727;21.780622482299805;18500
2016-09-23;21.68015121140811;21.873916551655157;21.529445748197272;21.59403419494629;12200
2016-09-26;21.53662230674011;21.830857954597175;21.407445413767686;21.421798706054688;27400
2016-09-27;21.479210606630627;21.773446255860748;21.40744551366602;21.486387252807617;16600
2016-09-28;21.74474067215141;21.76627061167349;21.414623145644985;21.45768165588379;17800
2016-09-29;21.472035444113384;21.780624407020152;21.40744699286288;21.443328857421875;21200
2016-09-30;21.55815287284466;21.91697697763524;21.19215212170163;21.25674057006836;50700
2016-10-03;21.34285795261245;21.515093361592143;21.34285795261245;21.39309310913086;19100
2016-10-04;21.479210518896704;21.493563811192057;21.271091887029954;21.314151763916016;21900
2016-10-05;21.378737151115153;21.393089072551437;21.156265258789062;21.156265258789062;10700
2016-10-06;21.228037089653846;21.31415548967435;21.113213468830196;21.24956703186035;12800
2016-10-07;21.149093931751572;21.28544748572151;21.048623612408164;21.235212326049805;11500
2016-10-10;21.170620960753194;21.170620960753194;20.95532705782696;21.03426742553711;36300
2016-10-11;20.955329112857374;20.991210977262163;20.668268722397514;20.775917053222656;46800
2016-10-12;20.797446120020723;20.840506000899207;20.632387349736135;20.761564254760742;32700
2016-10-13;20.804617860705847;21.278265488230595;20.646735774465963;21.156265258789062;25900
2016-10-14;21.24956703186035;21.321330768270986;21.077331600624877;21.24956703186035;17800
2016-10-17;21.249564320914136;21.292622831028364;21.00556381559124;21.177799224853516;21300
2016-10-18;21.17062143200785;21.751916077892414;21.034267893756557;21.680150985717773;32000
2016-10-19;21.644271800521803;21.85956573486328;21.500741598423854;21.85956573486328;33000
2016-10-20;21.84521152305928;21.84521152305928;21.708857982219524;21.83085823059082;9200
2016-10-21;21.658623169887708;22.857095733850247;21.658623169887708;22.749448776245117;636800
2016-10-24;22.605919096116395;22.87862481944598;22.548507292846725;22.62744903564453;266400
2016-10-25;22.562863566031282;22.706392408760465;22.46239187043476;22.663333892822266;142800
2016-10-26;22.54850306120525;22.627444789188186;22.47673797838486;22.58438491821289;39300
2016-10-27;22.613094228535495;22.613094228535495;22.390623676862017;22.548505783081055;50500
2016-10-28;22.58439187291316;22.58439187291316;22.426509737133728;22.469568252563477;52100
2016-10-31;22.50544548034668;22.50544548034668;22.354738663373826;22.50544548034668;64600
2016-11-01;22.462391546391785;22.462391546391785;22.189685790976526;22.297332763671875;89000
2016-11-02;22.247094815648822;22.247094815648822;21.99591766493688;22.053329467773438;13500
2016-11-03;22.132269925363897;22.132269925363897;21.75909254418374;21.780622482299805;33300
2016-11-04;21.65144558050004;22.19685835992301;21.65144558050004;21.888269424438477;15500
2016-11-07;22.089211508877302;22.23274032382615;21.852387663846685;21.952857971191406;22200
2016-11-08;22.010270166110583;22.08203525927614;21.85956333358239;21.873916625976562;14600
2016-11-09;21.651445770131087;21.859563031751737;21.52944552407578;21.680150985717773;34600
2016-11-10;21.66579899566453;21.680150919011073;21.005562613538782;21.292621612548828;68500
2016-11-11;21.292623006829313;21.49356500369704;21.01274063556796;21.414623260498047;33500
2016-11-14;21.29262113689862;21.29262113689862;20.51756117248271;20.539091110229492;35500
2016-11-15;20.546269262400116;20.811799723212044;20.546269262400116;20.61803436279297;22500
2016-11-16;20.618035341811623;21.407448746006327;20.618035341811623;21.206506729125977;41800
2016-11-17;21.256738640172912;21.845209899593414;20.75438439155262;20.811796188354492;35100
2016-11-18;20.883563122263855;21.393092692812452;20.53191566467285;20.53191566467285;32900
2016-11-21;20.632388859250753;20.818977583625855;20.60368226989819;20.610858917236328;11900
2016-11-22;20.668268511833787;20.840505291877147;20.653916587501318;20.75438690185547;16900
2016-11-23;20.596507138281872;20.862036247659525;20.55344725394588;20.84768295288086;74800
2016-11-25;20.811798080153793;20.919445037841797;20.768739570839656;20.919445037841797;23100
2016-11-28;20.905095814458;21.170626305994084;20.869213944512452;21.11321449279785;13600
2016-11-29;21.163441195644815;21.170617840525328;21.05579426004722;21.14908790588379;7400
2016-11-30;21.134738400868283;21.443325953175094;20.811796188354492;20.811796188354492;19800
2016-12-01;20.740035694507696;21.027094742106716;20.668270590406564;20.88356590270996;19800
2016-12-02;20.933799860728147;21.31415393242053;20.811799601415906;20.8907413482666;15900
2016-12-05;21.041450003027542;21.292627206451453;20.840509335332925;21.055803298950195;17800
2016-12-06;21.184976503267077;21.24956495476771;20.969681208663168;21.012741088867188;6000
2016-12-07;20.976852964214412;21.314148436472102;20.976852964214412;21.192148208618164;31500
2016-12-08;21.170619851731406;21.342855238810905;21.163443206169113;21.321325302124023;17600
2016-12-09;21.378741237868788;21.436153041004033;21.034269050251968;21.070152282714844;18800
2016-12-12;21.106035542309943;21.106035542309943;20.81179986068062;20.962505340576172;27000
2016-12-13;20.99316267132907;21.168348839481656;20.876371892560677;21.088054656982422;16200
2016-12-14;21.285139099392023;21.285139099392023;20.759580607745555;20.876371383666992;41700
2016-12-15;20.8106763981792;20.978562964534284;20.48220147074024;20.876371383666992;25200
2016-12-16;20.93476364759192;20.93476364759192;20.78877450334774;20.90556526184082;13800
2016-12-19;20.978563483205594;21.175648444541675;20.766880718710325;20.971263885498047;33600
2016-12-20;21.30704155612429;21.30704155612429;20.985866170980188;21.11725616455078;23600
2016-12-21;21.01506319070991;21.277841768396577;21.01506319070991;21.095355987548828;15500
2016-12-22;21.13915184950683;21.182949438639273;20.9931640625;20.9931640625;11900
2016-12-23;21.10265298333238;21.39462991822902;21.007761001586914;21.007761001586914;7100
2016-12-27;21.30704071281738;21.30704071281738;20.817978751803384;20.956666946411133;26900
2016-12-28;20.97126338060715;21.277839515663704;20.525999069213867;20.525999069213867;33000
2016-12-29;20.628190647886225;20.854472602323966;20.555196064832025;20.584394454956055;17800
2016-12-30;20.766882485341203;20.861774479099942;20.55519831058213;20.628192901611328;22500
2017-01-03;20.912865901652683;21.088052048132603;20.847170922690747;21.000459671020508;10600
2017-01-04;20.920166707820844;21.803398480336558;20.920166707820844;21.788799285888672;15600
2017-01-05;21.752300071335938;21.752300071335938;21.2340412280063;21.467622756958008;15900
2017-01-06;21.401926007307964;21.42382479593138;21.168344497680664;21.168344497680664;10000
2017-01-09;21.28514045501303;21.620915001364075;21.08075588800561;21.423830032348633;22700
2017-01-10;21.48222735903224;21.489526957681726;21.28514237226444;21.30704116821289;16500
2017-01-11;21.423826907328543;21.423826907328543;21.2778377532959;21.2778377532959;14500
2017-01-12;21.285133203485845;21.504115499617257;21.219438236195327;21.350828170776367;7000
2017-01-13;21.182947844035866;21.526020579544983;21.182947844035866;21.387331008911133;3100
2017-01-17;21.190249356392748;21.365435538796476;21.190249356392748;21.212146759033203;13000
2017-01-18;21.292440246055428;21.42383022659032;21.073457873334586;21.241344451904297;9100
2017-01-19;21.05885416489013;21.263237297701018;20.664684307745116;20.781475067138672;39200
2017-01-20;20.774175284361156;20.927464024850444;20.54789336409718;20.67198371887207;80800
2017-01-23;20.67198717196719;20.920167922973633;20.67198717196719;20.920167922973633;23600
2017-01-24;20.92016601132376;21.066155166430562;20.75957905451089;20.803375244140625;17700
2017-01-25;20.89097267063786;20.89097267063786;20.752283088247527;20.810678482055664;10100
2017-01-26;20.83257294109917;21.05885487097931;20.81067415088275;20.890968322753906;5900
2017-01-27;21.022357072746672;21.0661546535659;20.898266711603654;21.058855056762695;3800
2017-01-30;20.92017122332352;21.044261618403148;20.86907542398299;20.88367462158203;10700
2017-01-31;20.912864858278596;21.029655616771677;20.80337369622329;20.90556526184082;26300
2017-02-01;20.890973004236777;20.942068800602822;20.883673405862194;20.912870407104492;7900
2017-02-02;21.0296573638916;21.09535234503378;20.949364580916765;21.0296573638916;6400
2017-02-03;21.24864455944917;21.42383074027754;21.1537511746738;21.33623695373535;21100
2017-02-06;21.146452608386543;21.42383178575956;21.146452608386543;21.314340591430664;12100
2017-02-07;21.336228979766144;21.358127766281477;21.263234416970512;21.350828170776367;31700
2017-02-08;21.35083680237467;21.591717982403527;21.35083680237467;21.56252098083496;17200
2017-02-09;21.569819148831893;21.79610252380371;21.54062214731504;21.79610252380371;35200
2017-02-10;21.533319988526376;21.82529693025861;21.533319988526376;21.686607360839844;25900
2017-02-13;21.737702451914846;21.737702451914846;21.431126344535727;21.57711410522461;9100
2017-02-14;21.5844154324592;21.723104999649372;21.445725865269026;21.70120620727539;24500
2017-02-15;21.27783964755273;21.876392726312314;21.27783964755273;21.56981658935547;17200
2017-02-16;21.63551296876404;21.657411762905628;21.416530596372038;21.533321380615234;23100
2017-02-17;21.562518391951013;21.56981659727487;21.1318518805379;21.394630432128906;25500
2017-02-21;21.328936831173724;21.49682480189773;21.31433902732222;21.358135223388672;10700
2017-02-22;21.401933166144005;21.467628161733273;21.26324357631599;21.30704116821289;17300
2017-02-23;21.31433902732222;21.423830213616334;21.270541438999796;21.358135223388672;7900
2017-02-24;21.37273320278327;21.547919369331996;21.299738618657326;21.44572639465332;9500
2017-02-27;21.48222542402847;21.57711741341223;21.423830032348633;21.423830032348633;21200
2017-02-28;21.642812040191643;21.642812040191643;21.46032627021995;21.555219650268555;8100
2017-03-01;21.496822357177734;21.496822357177734;21.248641620598843;21.496822357177734;16500
2017-03-02;21.328936985290394;21.66471153690865;21.328936985290394;21.52602195739746;15700
2017-03-03;21.42383139468015;21.569819187035066;21.42383139468015;21.56252098083496;6000
2017-03-06;21.431129618525663;21.562519597796857;21.423830020537714;21.540620803833008;2700
2017-03-07;21.547918497551443;21.715805059669673;21.248641967773438;21.248641967773438;68700
2017-03-08;21.263239074923703;21.358132445022136;20.88366977129734;20.96396255493164;43700
2017-03-09;20.95666295782747;20.96396255493164;20.876370174193166;20.96396255493164;23700
2017-03-10;20.98586479749138;21.095355987548828;20.912870206701076;21.095355987548828;13200
2017-03-13;21.036960387454887;21.42383074027754;21.036960387454887;21.33623695373535;18700
2017-03-14;21.16834967165335;21.71580699074783;21.03695969230972;21.423830032348633;30700
2017-03-15;21.63318247796272;21.67772677049946;21.202597562055182;21.57379150390625;16100
2017-03-16;21.633185041104944;21.648033140376423;21.455012097825254;21.566370010375977;8900
2017-03-17;21.61833314816769;21.729691033883014;21.529245990000025;21.54409408569336;15400
2017-03-20;21.603485107421875;21.744539184882633;21.581212963825227;21.603485107421875;13100
2017-03-21;21.640608267868878;21.77423832424561;21.291686444212786;21.33622932434082;37100
2017-03-22;21.29910845667571;21.48470542478479;21.210021288946656;21.239717483520508;30200
2017-03-23;21.2397189066696;21.380771592369022;21.2397189066696;21.321380615234375;24800
2017-03-24;21.39561900352096;21.403043052423435;21.247142273449033;21.351076126098633;20900
2017-03-27;21.284254044759358;21.351069046735297;21.261981905436688;21.30652618408203;21100
2017-03-28;21.37334957110804;21.455011282010666;21.321381225633935;21.33622932434082;14600
2017-03-29;21.380770905716002;21.492130223260624;21.351076126098633;21.351076126098633;13000
2017-03-30;21.432741971142423;21.5589479865344;21.35107883883211;21.499555587768555;11700
2017-03-31;21.55894737673292;21.596066208918934;21.395621116732023;21.566370010375977;22200
2017-04-03;21.56636634393336;22.019223382775607;21.551519663178613;21.930137634277344;24100
2017-04-04;22.01179796010556;22.01179796010556;21.64060406055575;21.803930282592773;16000
2017-04-05;21.63318565300626;21.81878265117136;21.469860804378353;21.499555587768555;13800
2017-04-06;21.544097196376892;21.558945294214094;21.32137997679647;21.41046714782715;28900
2017-04-07;21.625755736746022;21.625755736746022;21.365921142594342;21.380767822265625;20500
2017-04-10;21.5069756863597;21.521823783323274;21.388193742636034;21.40304183959961;33600
2017-04-11;21.410469052840032;21.44758788474317;21.321381873882753;21.328805923461914;20400
2017-04-12;21.388193742636034;21.40304183959961;21.306532041321304;21.40304183959961;5900
2017-04-13;21.32137685560348;21.417888061424676;21.32137685560348;21.380767822265625;23900
2017-04-17;21.395617230204014;21.5069751225265;21.395617230204014;21.44758415222168;26600
2017-04-18;21.425312130775495;21.506973825022754;21.313952829178827;21.462430953979492;35400
2017-04-19;21.447588536986064;21.670305783155978;21.410469703954103;21.484708786010742;26300
2017-04-20;21.499555587768555;21.5589479865344;21.380773622222307;21.499555587768555;13900
2017-04-21;21.514403529790652;21.514403529790652;21.321382483194387;21.34365463256836;57300
2017-04-24;21.44015878892777;21.558942138244404;21.34364899909891;21.380767822265625;118400
2017-04-25;21.34365078250003;21.447584628845053;21.34365078250003;21.365922927856445;85600
2017-04-26;21.351071755718653;21.417886766171954;21.343647708335816;21.395614624023438;40700
2017-04-27;21.358497116214433;21.462430953979492;21.351073068375165;21.462430953979492;14500
2017-04-28;21.447587318414723;21.506978297487116;21.388196339342326;21.45501136779785;25000
2017-05-01;21.455008079206998;21.492128320432908;21.37334638049483;21.432737350463867;45000
2017-05-02;21.447584679001;21.447584679001;21.358498929351924;21.42531394958496;60000
2017-05-03;21.43273689658493;21.59606170654297;21.380768559969187;21.59606170654297;55300
2017-05-04;21.425316628737463;21.529250488322063;21.425316628737463;21.514402389526367;11600
2017-05-05;21.44016460499543;21.551523936688668;21.44016460499543;21.499555587768555;5700
2017-05-08;21.514403569237768;21.59606670109934;21.462436636595935;21.484708786010742;28100
2017-05-09;21.492130399364765;21.588640203902678;21.462434203511524;21.506977081298828;32600
2017-05-10;21.52182517922545;21.558945424041994;21.469858252474836;21.506977081298828;38400
2017-05-11;21.4772796096277;21.521822481832313;21.40304054529176;21.417888641357422;27900
2017-05-12;21.42531398504497;21.521823783323274;21.365923013183135;21.40304183959961;32300
2017-05-15;21.42531658625797;21.46243541718098;21.410468487491713;21.45501136779785;29100
2017-05-16;21.45501007168639;21.48470626742494;21.417891243005755;21.469858169555664;13500
2017-05-17;21.447583470880694;21.51439848735011;21.44015942282938;21.477279663085938;24900
2017-05-18;21.403040704233078;21.60348575463093;21.403040704233078;21.59606170654297;20200
2017-05-19;21.61090848458116;21.64060325912942;21.492126554403512;21.529245376586914;15100
2017-05-22;21.581212317727626;21.61090850830078;21.558941590790063;21.61090850830078;6600
2017-05-23;21.588639612772383;21.677726781900198;21.506976492404593;21.655454635620117;17700
2017-05-24;21.633183182483293;21.737118452461328;21.610912451482154;21.707422256469727;13700
2017-05-25;21.737118452461328;21.744542501459225;21.610912451482154;21.707422256469727;4000
2017-05-26;21.648030586860088;21.759388486275473;21.648030586860088;21.655454635620117;4400
2017-05-30;21.67772738461745;21.77423718919609;21.536673286240156;21.588640213012695;32500
2017-05-31;21.60348821839403;21.670303242813215;21.469858169555664;21.469858169555664;24400
2017-06-01;21.529248627362026;21.640606526718845;21.521824578605905;21.57379150390625;18400
2017-06-02;21.573791562583676;21.714845657348633;21.56636751380736;21.714845657348633;22600
2017-06-05;21.699995619422996;21.796506828892728;21.685147523198054;21.73711585998535;11500
2017-06-06;21.744541852453892;21.781660680342952;21.677726829459573;21.714845657348633;11800
2017-06-07;21.677724838256836;21.774234631499013;21.655452693973693;21.677724838256836;23600
2017-06-08;21.677724258644435;21.69999498633972;21.64060401916504;21.64060401916504;15800
2017-06-09;21.677724245833183;21.781658084329365;21.640604006375725;21.744539260864258;13000
2017-06-12;21.7742367155066;21.803932910726342;21.66287881541762;21.751964569091797;9600
2017-06-13;21.744541936279383;21.751964569091797;21.670302864222556;21.751964569091797;16200
2017-06-14;21.866733005060983;22.00264525431995;21.821429402033186;21.987545013427734;24600
2017-06-15;21.904488237960393;22.070602416992188;21.904488237960393;22.070602416992188;17600
2017-06-16;21.97999396366263;22.07060116885572;21.934688920890522;21.94223976135254;7500
2017-06-19;21.92713956660979;22.093253736596022;21.92713956660979;22.085702896118164;14800
2017-06-20;21.995095448277503;22.070602416992188;21.995095448277503;22.070602416992188;5600
2017-06-21;21.97244497688631;22.070603030822436;21.9497924535892;22.03285026550293;24300
2017-06-22;22.03284956074334;22.09325484742779;22.01019703817081;22.01774787902832;30800
2017-06-23;21.979995429878578;21.979995429878578;21.859184854778526;21.8818359375;11300
2017-06-26;22.010200332033936;22.010200332033936;21.86673721462301;21.904491424560547;62600
2017-06-27;21.904488630849723;21.97244475989427;21.73082360781396;21.78367805480957;50300
2017-06-28;21.761022920867802;21.783675441223377;21.730821000569197;21.768573760986328;33800
2017-06-29;21.73082419523845;21.80632972717285;21.73082419523845;21.80632972717285;65200
2017-06-30;21.83653174285063;21.92714039181937;21.768575616167983;21.85918426513672;57300
2017-07-03;21.761024661262685;21.889386073192657;21.761024661262685;21.86673355102539;4900
2017-07-05;21.783673735588554;21.89693344814734;21.783673735588554;21.87428092956543;13400
2017-07-06;21.761025531736166;21.806329137707305;21.74592384968723;21.78367805480957;33400
2017-07-07;21.745920985618575;21.896934905867163;21.745920985618575;21.81387710571289;18900
2017-07-10;21.82142895708309;21.949790363190807;21.82142895708309;21.927139282226562;23200
2017-07-11;21.866733499546992;21.972443829236443;21.866733499546992;21.95734214782715;53400
2017-07-12;21.972446528364614;22.03285182124646;21.957344845100206;22.025300979614258;31200
2017-07-13;22.017746820800202;22.040399342283997;21.979994058502776;21.995094299316406;20400
2017-07-14;22.017747970944598;22.093254939659285;22.017747970944598;22.070602416992188;9100
2017-07-17;22.05550073521412;22.123456863039774;22.04795133450073;22.070602416992188;136000
2017-07-18;22.070604411480723;22.123458862304688;22.063053569909332;22.123458862304688;8200
2017-07-19;22.12345774884796;22.297124215897917;22.12345774884796;22.19141387939453;20000
2017-07-20;22.198963465559725;22.312223196675593;22.198963465559725;22.297122955322266;12000
2017-07-21;22.274469916287014;22.38772964477539;22.100804903259796;22.38772964477539;34600
2017-07-24;22.387727483167296;22.54629223988155;22.229164166628493;22.43303108215332;58100
2017-07-25;22.28202672138644;22.395286480192482;22.28202672138644;22.342432022094727;3800
2017-07-26;22.30467505708928;22.342427822870395;22.085704983066844;22.19141387939453;10800
2017-07-27;22.236715908811316;22.33487395062667;22.176310627653674;22.259366989135742;6300
2017-07-28;22.22916551686125;22.37262716239364;22.16876023448563;22.319772720336914;10400
2017-07-31;22.244264602661133;22.244264602661133;22.244264602661133;22.244264602661133;13800
2017-08-01;22.27446711466399;22.31977071232606;22.123453202223228;22.266916275024414;8200
2017-08-02;22.274468376264426;22.357526176828685;21.995093054478133;22.10080337524414;33400
2017-08-03;22.236716068478405;22.236716068478405;22.11590550529566;22.161209106445312;23300
2017-08-04;22.327324030707434;22.327324030707434;22.085702896118164;22.085702896118164;11500
2017-08-07;22.14610707310747;22.206512353736287;22.123454552805853;22.153657913208008;12600
2017-08-08;22.093255734641946;22.236718836344522;22.093255734641946;22.138559341430664;20500
2017-08-09;22.123457659109192;22.146110182591396;22.08570489348121;22.138559341430664;12300
2017-08-10;22.123457179866055;22.13100802086322;21.91203939264803;21.934690475463867;24500
2017-08-11;21.972441567022923;22.100802965435022;21.851631008538057;21.94978904724121;34500
2017-08-14;22.047951947701005;22.138559160538094;22.017748583304854;22.03285026550293;4300
2017-08-15;22.017745418135465;22.214062937961696;22.017745418135465;22.19896125793457;8400
2017-08-16;22.21407065229014;22.251823425292972;22.191418124382857;22.25182342529297;8000
2017-08-17;22.198962316525574;22.229165678020124;22.14610787408566;22.221614837646484;3400
2017-08-18;22.108356268365554;22.18386179569877;22.03284930085672;22.063051223754883;30200
2017-08-21;22.085706094623504;22.183864154700046;22.017749960656754;22.123458862304688;10100
2017-08-22;22.055500382986438;22.093254586828664;22.025298460088276;22.063051223754883;15600
2017-08-23;22.108357826971588;22.108357826971588;21.97999640520997;22.05550193786621;39000
2017-08-24;22.0630521897234;22.09325555411955;22.025299424403894;22.03285026550293;12500
2017-08-25;22.078152905291773;22.10080542759711;22.047950982393612;22.063051223754883;5900
2017-08-28;22.047949383483427;22.161209106445312;22.047949383483427;22.161209106445312;15000
2017-08-29;22.05550073521412;22.131007703928805;22.05550073521412;22.070602416992188;15900
2017-08-30;22.100803472679726;22.161208753308546;22.055498432076494;22.153657913208008;12000
2017-08-31;22.09326005046991;22.251823425292972;22.09326005046991;22.25182342529297;6800
2017-09-01;22.146110215452776;22.28957331736823;22.146110215452776;22.28202247619629;23100
2017-09-05;22.274468669469027;22.29712118996896;22.161208947320386;22.259366989135742;12000
2017-09-06;22.244268621686363;22.289573669433594;22.21406669669726;22.289573669433594;5200
2017-09-07;22.28202403200678;22.28202403200678;22.23672042198758;22.274473190307617;8400
2017-09-08;22.259366282515018;22.297120482149733;22.244264602661133;22.244264602661133;5500
2017-09-11;22.23671790635011;22.334875956983062;22.23671790635011;22.312223434448242;15700
2017-09-12;22.327324008421385;22.410381813419377;22.319773167951062;22.380178451538086;10600
2017-09-13;22.36508152248123;22.44813789960223;22.36508152248123;22.410385131835938;21700
2017-09-14;22.33487695694161;22.425485610961914;22.31977527457561;22.425485610961914;30600
2017-09-15;22.526829720010003;22.56521841440454;22.49611759294652;22.549863815307617;14700
2017-09-18;22.549865723644764;22.549865723644764;22.47308686392327;22.534509658813477;3800
2017-09-19;22.434694803254366;22.557540382638667;22.434694803254366;22.549863815307617;130800
2017-09-20;22.542187246792512;22.572897911414657;22.442374291791978;22.56521987915039;11900
2017-09-21;22.549866677149485;22.572899310935387;22.503798480707662;22.54218864440918;7600
2017-09-22;22.54218864768932;22.54986668043074;22.442375686485853;22.511476516723633;9300
2017-09-25;22.488443882934376;22.54218864768932;22.434697653744433;22.511476516723633;11000
2017-09-26;22.473085403442383;22.473085403442383;22.473085403442383;22.473085403442383;900
2017-09-27;22.51147792501475;22.534512024679998;22.43469905723235;22.4423770904541;15100
2017-09-28;22.457729339609056;22.496118034757522;22.434695243859064;22.473085403442383;19300
2017-09-29;22.473085913017318;22.526830673217773;22.457729848835797;22.526830673217773;20000
2017-10-02;22.57289784901467;22.57289784901467;22.434696197509766;22.434696197509766;54000
2017-10-03;22.419342042912465;22.457730740455506;22.380951880934482;22.388629913330078;15900
2017-10-04;22.388630864603066;22.511476459282328;22.388630864603066;22.411664962768555;11500
2017-10-05;22.465409223587812;22.465409223587812;22.28881886825088;22.311851501464844;17200
2017-10-06;22.3348836212067;22.3348836212067;22.081514427245864;22.212038040161133;87800
2017-10-09;22.181328718525194;22.2197188827299;21.95099359103706;22.07383918762207;41800
2017-10-10;22.050802299869595;22.273460830787496;22.050802299869595;22.227394104003906;17400
2017-10-11;22.242751513116485;22.304174311398768;22.08919524962829;22.104551315307617;24100
2017-10-12;22.150614808765066;22.33488317666584;22.081513987747922;22.242748260498047;30100
2017-10-13;22.173648389819924;22.28881740607439;22.158293790162887;22.265783309936523;10900
2017-10-16;22.327206101869297;22.334884133915253;22.265783309936523;22.265783309936523;6600
2017-10-17;22.273460830683916;22.273460830683916;22.196681976421726;22.212038040161133;9100
2017-10-18;22.227396971599216;22.242751572884774;22.17365074157715;22.17365074157715;14300
2017-10-19;22.15062190464935;22.227400781979256;22.15062190464935;22.219722747802734;7500
2017-10-20;22.135261146127913;22.311851501464844;22.112227048478974;22.311851501464844;37200
2017-10-23;22.304173466406482;22.34256362915039;22.21204000469104;22.34256362915039;15900
2017-10-24;22.258106736799665;22.33488559785683;22.258106736799665;22.327207565307617;5000
2017-10-25;22.258109044800854;22.33488791381942;22.150619506835938;22.150619506835938;7000
2017-10-26;22.189004960818604;22.342562676375994;22.17364889637588;22.319528579711914;18400
2017-10-27;22.250433914536693;22.319534759225682;22.250433914536693;22.273468017578125;11200
2017-10-30;22.242752068535292;22.30417486835135;22.212041400844797;22.288820266723633;5300
2017-10-31;22.2043666794497;22.342568365756474;22.2043666794497;22.219722747802734;12500
2017-11-01;22.258111948883837;22.30417869053139;22.219723241583424;22.273468017578125;9600
2017-11-02;22.258111948883837;22.288824086272417;22.21204520723628;22.273468017578125;6200
2017-11-03;22.265787130401794;22.319531899510384;22.21972039465659;22.235074996948242;6200
2017-11-06;22.212038039954113;22.242748702997797;22.089192458909693;22.181325912475586;15400
2017-11-07;22.142942432101623;22.21204327076633;22.104553728147984;22.127586364746094;9500
2017-11-08;22.119904072154956;22.288817851673173;22.119904072154956;22.204360961914062;13000
2017-11-09;22.127581596272744;22.25042717977351;22.08919290059183;22.1352596282959;20600
2017-11-10;22.112224362224445;22.142936488692033;21.712976969189363;21.78207778930664;56900
2017-11-13;21.805114341958845;22.01241683959961;21.805114341958845;22.01241683959961;10000
2017-11-14;22.043130374249223;22.043130374249223;21.858861951635134;22.004741668701172;30600
2017-11-15;22.01241970269783;22.150621385767206;21.789761110100446;22.004741668701172;33300
2017-11-16;22.05848311826964;22.204362813353193;22.012416385666683;22.104551315307617;28000
2017-11-17;22.181331136055267;22.219721304444096;22.081519627114687;22.127586364746094;22700
2017-11-20;22.08919245921829;22.342561653180304;22.08919245921829;22.227394104003906;19800
2017-11-21;22.15829284048195;22.296494482516234;22.15829284048195;22.242748260498047;7000
2017-11-22;22.227397466907576;22.3425650335083;22.227397466907576;22.288820266723633;9300
2017-11-24;22.273468017578125;22.273468017578125;22.258111948883837;22.273468017578125;1500
2017-11-27;22.31184966205276;22.45772933959961;22.265782934987648;22.45772933959961;8600
2017-11-28;22.357917853552724;22.45772933959961;22.357917853552724;22.45772933959961;5600
2017-11-29;22.37327665993119;22.37327665993119;22.22739841938884;22.281143188476562;8700
2017-11-30;22.26578279891776;22.450051170486965;22.227394104003906;22.227394104003906;13900
2017-12-01;22.265783943018626;22.56521987915039;22.265783943018626;22.56521987915039;13000
2017-12-04;22.611289477927098;22.611289477927098;22.457731751968694;22.511476516723633;21100
2017-12-05;22.496121451176034;22.726458050351926;22.496121451176034;22.64967918395996;28900
2017-12-06;22.649680136150177;22.74949164155124;22.611291433557874;22.657358169555664;29500
2017-12-07;22.64967683151446;22.703421593076264;22.5498653406761;22.695743560791016;21000
2017-12-08;22.795558883661183;22.795558883661183;22.595934416816107;22.64967918395996;28200
2017-12-11;22.703428263193388;22.810917817896716;22.62664938221872;22.71878433227539;87700
2017-12-12;22.711098159672357;22.75716488597594;22.611286675275455;22.680387496948242;32100
2017-12-13;22.672713333431425;22.764846801757812;22.350243265418918;22.764846801757812;82300
2017-12-14;22.44630201362448;22.797636032104492;22.44630201362448;22.797636032104492;25000
2017-12-15;22.75859833365328;22.836672726272994;22.516569056762833;22.586835861206055;32300
2017-12-18;22.6336799757335;22.836672801555864;22.563413171058635;22.688331604003906;17900
2017-12-19;22.66491162475564;22.883518150339448;22.66491162475564;22.78202247619629;6800
2017-12-20;22.774218079177782;22.906944126516454;22.649299621582035;22.64929962158203;11500
2017-12-21;22.813248697805793;22.828863873293635;22.65710141036268;22.719560623168945;10100
2017-12-22;22.789827947894853;22.813249222520216;22.68833079403451;22.696138381958008;6400
2017-12-26;22.719561956812818;22.782021173285454;22.688331604003906;22.688331604003906;4700
2017-12-27;22.758600520388843;22.78202328716886;22.649297253706067;22.774215698242188;9900
2017-12-28;22.696138014569826;22.805441265439217;22.571219588106207;22.57902717590332;16100
2017-12-29;22.922556440200832;22.922556440200832;22.4619191269763;22.50095558166504;29000
2018-01-02;22.532185680405597;22.86009695915468;22.508762914371637;22.711755752563477;190200
2018-01-03;22.719561956812818;22.92255478263518;22.649295152137956;22.688331604003906;20500
2018-01-04;22.688331529210057;22.73517705826899;22.586835861206055;22.586835861206055;7400
2018-01-05;22.649294996690227;22.76640584062951;22.649294996690227;22.657102584838867;10800
2018-01-08;22.657104036106894;22.84448169624099;22.657104036106894;22.78202247619629;22400
2018-01-09;22.672718643448327;22.813250768157193;22.5634138942589;22.750791549682617;44600
2018-01-10;22.688332986529513;22.782022561520083;22.641488943606866;22.711755752563477;23400
2018-01-11;22.711754052221565;22.797636032104492;22.657102424712487;22.797636032104492;15300
2018-01-12;22.68833405653171;22.899134493343073;22.68833405653171;22.891326904296875;11400
2018-01-16;22.828866265581244;23.008436335073664;22.68052506119195;22.992822647094727;34100
2018-01-17;22.93817013695395;22.992823258341524;22.688333252906205;22.899133682250977;19900
2018-01-18;22.89132609348132;22.899133682250973;22.727371196754472;22.899133682250977;15500
2018-01-19;22.86009670388076;23.28950365235803;22.86009670388076;22.922555923461914;147800
2018-01-22;23.078702855590702;23.21923646966785;22.883517611404713;22.97720718383789;6600
2018-01-23;23.016245699516073;23.10993528034483;22.99282442116791;23.008438110351562;11300
2018-01-24;23.00062846008726;23.008436048552127;22.875710022939845;22.97720718383789;9700
2018-01-25;22.899134340957715;22.96159356376633;22.821059940160616;22.860097885131836;6900
2018-01-26;22.85229125819643;22.992824887718466;22.80544572225882;22.883520126342773;13300
2018-01-29;22.75859707274345;22.789827423719128;22.64148623487484;22.719560623168945;41700
2018-01-30;22.64149083406371;22.64149083406371;22.297964349275826;22.485342025756836;67000
2018-01-31;22.5243770947112;22.563413547227956;22.399458659683333;22.461917877197266;6800
2018-02-01;22.42287810785473;22.500952495669637;22.336997621488912;22.39164924621582;17300
2018-02-02;22.36823113549008;22.45411312886356;22.173045869928835;22.21208381652832;23900
2018-02-05;22.321384632896628;22.44630306998055;22.251117825893765;22.40726661682129;15700
2018-02-06;22.49314637295971;22.555605589450607;22.32919148810055;22.516569137573242;12000
2018-02-07;22.52437814739206;22.618066233468884;22.376036940434258;22.41507339477539;29700
2018-02-08;22.430685927593544;22.430685927593544;22.180849075317383;22.180849075317383;19500
2018-02-09;22.173046620087533;22.173046620087533;21.81390643409419;21.876365661621094;63200
2018-02-12;21.946633293259637;21.993477343357025;21.85294370391936;21.868558883666992;11100
2018-02-13;22.11839513356207;22.11839513356207;21.891980990656606;21.907594680786133;9400
2018-02-14;21.884169598705785;21.954436404089105;21.728020811377256;21.735828399658203;25500
2018-02-15;21.688986698243625;21.899785647982743;21.688986698243625;21.78267478942871;22500
2018-02-16;21.782673918135387;22.0871639251709;21.774866329324702;22.0871639251709;8100
2018-02-20;22.009088956151725;22.094969452554267;21.993473778934803;22.055932998657227;12300
2018-02-21;22.087164252896446;22.126200708383788;21.946630630509503;21.977859497070312;9500
2018-02-22;21.977856984423422;22.251116609030014;21.923205357331135;22.243309020996094;8600
2018-02-23;22.141812044303173;22.742981395881134;22.141812044303173;22.61806297302246;16200
2018-02-26;22.461919564270687;22.727371630928825;22.438496797514265;22.547800064086914;13500
2018-02-27;22.532185936732265;22.66491196747739;22.25892628647521;22.50095558166504;29700
2018-02-28;22.727368365758284;22.758597227801637;22.40726471180212;22.57902717590332;22900
2018-03-01;22.469725941431697;22.836673665954752;22.469725941431697;22.735177993774414;15500
2018-03-02;22.649295348789572;22.945976257324215;22.493146561679634;22.94597625732422;11900
2018-03-05;22.789831224986965;22.914749671435473;22.735179590808908;22.891326904296875;29100
2018-03-06;22.875710545340567;22.953784942626957;22.758599693983623;22.953784942626953;15000
2018-03-07;22.727371196754472;22.992823258341524;22.727371196754472;22.899133682250977;8900
2018-03-08;23.031860877845094;23.102127691180318;23.008438110351562;23.008438110351562;19000
2018-03-09;23.094318389892578;23.102125978478263;22.852289100317343;23.094318389892578;4900
2018-03-12;23.109933497235644;23.109933497235644;22.977207469970537;22.992822647094727;3900
2018-03-13;23.07089828253708;23.07089828253708;22.87571301284;22.985017776489258;34800
2018-03-14;22.93816947937012;22.992822599190916;22.88351784869457;22.938169479370117;28400
2018-03-15;23.042982909366508;23.05886403270069;22.94769768386869;23.019161224365234;8700
2018-03-16;23.02710242798687;23.02710242798687;22.87623478112077;22.955638885498047;7200
2018-03-19;22.900058296290652;22.900058296290652;22.669786526650668;22.812713623046875;11100
2018-03-20;22.828594854868868;22.884177278281268;22.757131306336507;22.765071868896484;9200
2018-03-21;22.812710370536653;22.892114469936594;22.701545540081067;22.852413177490234;9800
2018-03-22;22.725369684166935;22.844475088905835;22.645965576171875;22.645965576171875;7300
2018-03-23;22.796829885728712;22.844473255406324;22.653904320217688;22.788890838623047;6000
2018-03-26;22.796828979470487;22.884173639233232;22.788889932680426;22.860353469848633;3100
2018-03-27;22.963578728589436;23.122386932373047;22.83653277136546;23.122386932373047;9500
2018-03-28;23.07474136352539;23.07474136352539;22.907994128500054;23.07474136352539;7300
2018-03-29;23.312958303894117;23.312958303894117;22.92387982993224;23.297077178955078;28500
2018-04-02;23.249435515266182;23.30501793851545;23.082686731010934;23.146209716796875;3600
2018-04-03;23.106506617215473;23.106506617215473;22.907997112796966;23.09856605529785;32000
2018-04-04;23.019159781950034;23.11444500147714;22.93975568476198;23.106504440307617;25500
2018-04-05;23.10650734123997;23.177970886230472;22.955639689092532;23.17797088623047;8700
2018-04-06;22.915940793586447;23.138270499509677;22.733310873639827;22.828596115112305;26600
2018-04-09;22.884177171244975;22.907998858813492;22.804773060524035;22.812713623046875;12200
2018-04-10;22.828594477834105;22.87623633789968;22.75713093048203;22.820653915405273;6600
2018-04-11;22.915937079950695;22.915937079950695;22.574500498891393;22.590381622314453;13400
2018-04-12;22.78095346529841;22.78095346529841;22.598323551655632;22.606264114379883;8000
2018-04-13;22.590383424251407;22.709488830410283;22.57450229956158;22.638025283813477;18700
2018-04-16;22.566557474705643;22.74124526977539;22.566557474705643;22.74124526977539;15800
2018-04-17;22.757124423200576;22.84446907043457;22.56655552292304;22.84446907043457;25400
2018-04-18;22.685667219661312;22.78095245361328;22.622144235195808;22.78095245361328;7500
2018-04-19;22.828594236569163;22.836534798914077;22.614203596778736;22.638025283813477;11200
2018-04-20;22.645967506864793;22.979463577270508;22.638026943937568;22.979463577270508;31700
2018-04-23;22.87623695122024;22.94770050048828;22.773012665892775;22.94770050048828;17200
2018-04-24;22.93181676329446;22.93181676329446;22.820651927986834;22.923877716064453;9400
2018-04-25;22.828596276140114;22.923881518284716;22.645967869412804;22.868297576904297;14300
2018-04-26;22.86829523457876;22.900057483542835;22.796831688916974;22.83653450012207;7200
2018-04-27;22.77301384926724;22.908000392176024;22.65390843246715;22.868297576904297;8600
2018-04-30;22.9159389078558;22.9159389078558;22.59832247208891;22.638025283813477;33600
2018-05-01;22.645964850690547;22.725368956141835;22.566560745239258;22.566560745239258;9300
2018-05-02;22.566560745239258;22.669785022170792;22.566560745239258;22.566560745239258;9400
2018-05-03;22.622145619079916;22.622145619079916;22.542741505013723;22.550682067871094;16600
2018-05-04;22.495098114013672;22.685667066120384;22.479216989377928;22.495098114013672;35600
2018-05-07;22.582442861906493;22.6539064085033;22.534799487837013;22.638025283813477;5200
2018-05-08;22.57449983739492;22.63802281471846;22.558618714437223;22.59832000732422;10900
2018-05-09;22.558621174871753;22.661846970848213;22.558621174871753;22.638025283813477;22900
2018-05-10;22.65390493674767;22.669784545898438;22.64596437491863;22.669784545898438;6500
2018-05-11;22.709487085195573;22.73330725589233;22.677724838256836;22.677724838256836;15700
2018-05-14;22.606261398795283;22.725368310843788;22.606261398795283;22.630083084106445;4500
2018-05-15;22.582442785002858;22.59038334732073;22.495098114013672;22.495098114013672;15900
2018-05-16;22.526857645099962;22.542737253312204;22.50303596102077;22.518917083740234;19500
2018-05-17;22.518921871565837;22.5745042983943;22.510981308517835;22.534801483154297;9900
2018-05-18;22.574500498891393;22.60626123123022;22.558619375468336;22.590381622314453;18300
2018-05-21;22.630086181937287;22.630086181937287;22.52686189380649;22.550682067871094;18300
2018-05-22;22.542737792264045;22.55067835381362;22.479214814374714;22.503036499023438;19200
2018-05-23;22.495095399661043;22.550677814671932;22.47127371558185;22.518917083740234;11500
2018-05-24;22.487154569774084;22.582439790445793;22.47127344724427;22.526857376098633;37200
2018-05-25;22.56655884224884;22.6539035023304;22.360108791287924;22.37598991394043;36700
2018-05-29;22.320407230959322;22.471273350823648;22.320407230959322;22.383930206298828;15400
2018-05-30;22.407751825768642;22.431573511002952;22.288646428611678;22.296586990356445;25900
2018-05-31;22.312474816573353;22.407758557119497;22.312474816573353;22.368057250976562;22400
2018-06-01;22.368049790472817;22.447453890782473;22.368049790472817;22.407751083374023;10700
2018-06-04;22.439513521134106;22.55067835381362;22.42363239803496;22.503036499023438;11900
2018-06-05;22.503035325974434;22.773008346557617;22.503035325974434;22.773008346557617;19600
2018-06-06;22.70948933926486;22.83653531061539;22.70948933926486;22.812713623046875;2100
2018-06-07;22.78095315734521;22.804773330688477;22.7174301709174;22.804773330688477;4900
2018-06-08;22.860353738880953;22.868292785764442;22.788890200871727;22.852413177490234;20000
2018-06-11;22.796830527268796;22.796830527268796;22.701546814246672;22.72536849975586;14600
2018-06-12;22.796830778918288;22.979460674156776;22.796830778918288;22.907997131347656;16300
2018-06-13;22.907997131347656;22.939757864536528;22.892116007499556;22.907997131347656;15400
2018-06-14;22.85240963059284;22.93975276331984;22.812706829801485;22.84446907043457;16300
2018-06-15;22.97534739382512;23.023818158508107;22.878404323601327;23.01573944091797;14900
2018-06-18;22.943030215717588;23.0480519929678;22.943030215717588;22.951108932495117;5200
2018-06-19;23.096522062997998;23.096522062997998;22.959186963596853;23.023815155029297;6000
2018-06-20;22.95918846041478;23.0884448517065;22.943031026288885;23.080366134643555;5500
2018-06-21;23.072289723092315;23.144996643066406;23.072289723092315;23.144996643066406;6100
2018-06-22;23.088446474629926;23.120761345153184;23.088446474629926;23.096525192260742;6500
2018-06-25;23.15307524700086;23.15307524700086;23.05613371475104;23.064210891723633;1700
2018-06-26;23.03189797338307;23.064211304425253;23.007661819458008;23.007661819458008;5400
2018-06-27;22.983425702986903;23.072288513183594;22.96726826809376;23.072288513183594;6300
2018-06-28;23.104603507740507;23.104603507740507;22.959189674632544;23.031896591186523;12000
2018-06-29;23.056133144964505;23.104603909891555;23.04805442733369;23.096525192260742;7300
2018-07-02;23.395427416492932;23.468134326158278;23.201542837671226;23.290407180786133;25600
2018-07-03;23.241937231367935;23.427743099940923;23.241937231367935;23.41966438293457;18800
2018-07-05;23.322722860573755;23.41966438293457;23.241937231367935;23.41966438293457;12600
2018-07-06;23.38735008737499;23.508527755737305;23.38735008737499;23.508527755737305;24900
2018-07-09;23.468137285417885;23.67010060643132;23.395430366584417;23.58123779296875;55300
2018-07-10;23.629708432666256;23.63778715036669;23.597393561864518;23.62162971496582;45200
2018-07-11;23.629704891762064;23.637783608251908;23.45197775155841;23.484291076660156;20700
2018-07-12;23.581235479294886;23.581235479294886;23.403506788091892;23.5166072845459;14400
2018-07-13;23.58931656684109;23.58931656684109;23.338880938770885;23.40350914001465;23600
2018-07-16;23.241941214635197;23.290411984122656;23.18539172675683;23.201547622680664;12000
2018-07-17;23.177307538962218;23.266170338576302;23.177307538962218;23.24193572998047;8500
2018-07-18;23.185392249750134;23.33080456149258;23.185392249750134;23.225784301757812;4400
2018-07-19;23.225783708382615;23.38735499400151;23.225783708382615;23.379276275634766;21900
2018-07-20;23.468139731059846;23.670103073120114;23.443905116161748;23.670103073120117;33800
2018-07-23;23.589312447036452;23.589312447036452;23.427741201716064;23.54084014892578;8700
2018-07-24;23.508530930071924;23.55700169579028;23.395430422251945;23.40350914001465;10400
2018-07-25;23.32272738377746;23.32272738377746;23.03997839714967;23.225784301757812;10300
2018-07-26;23.15307449754836;23.33888037906097;23.1449957799794;23.314645767211914;10000
2018-07-27;23.27425084222135;23.306565710640644;23.233858797554966;23.282329559326172;5400
2018-07-30;23.225781698791558;23.338880664424206;23.153074780639756;23.29848861694336;21900
2018-07-31;23.23386249624429;23.338882753610115;23.17731300836592;23.201547622680664;9400
2018-08-01;23.088447158832754;23.144996643066406;23.088447158832754;23.144996643066406;24500
2018-08-02;23.14499294841748;23.14499294841748;23.039972714584838;23.10460090637207;7800
2018-08-03;23.104606083705743;23.241941214635197;23.104606083705743;23.201547622680664;11500
2018-08-06;23.241938741312847;23.26617335304863;23.1046036249981;23.112682342529297;4200
2018-08-07;23.17730879151455;23.17730879151455;23.064208295477204;23.13691520690918;5800
2018-08-08;23.11268262752237;23.128838521926163;23.096525192260742;23.096525192260742;1900
2018-08-09;23.13691821076778;23.13691821076778;23.096526161776023;23.12883949279785;2900
2018-08-10;23.10460021273726;23.112678929075333;23.031893306552185;23.056129455566406;14400
2018-08-13;23.064209511411203;23.088445663452145;23.064209511411203;23.08844566345215;3200
2018-08-14;23.06420963537809;23.161152703205136;23.039975024064674;23.048053741455078;16200
2018-08-15;23.02381868444576;23.12883893380086;23.02381868444576;23.039976119995117;15800
2018-08-16;23.144994330289414;23.18538791560416;23.056131524312438;23.080366134643555;13600
2018-08-17;23.064210037342104;23.144995671796277;23.064210037342104;23.112682342529297;4800
2018-08-20;23.161152413195737;23.38735187472132;23.161152413195737;23.185388565063477;16100
2018-08-21;23.282330648164724;23.395429611206055;23.282330648164724;23.395429611206055;6700
2018-08-22;23.355039183383145;23.427746104908387;23.338881747297997;23.411588668823242;9600
2018-08-23;23.34695884716803;23.411587046171334;23.33888012968539;23.395429611206055;4000
2018-08-24;23.419667386865815;23.419667386865815;23.338881747297997;23.411588668823242;12400
2018-08-27;23.38734805804917;23.4277400970459;23.355033194165774;23.4277400970459;11300
2018-08-28;23.419663413204702;23.508527755737305;23.3307990706721;23.508527755737305;32500
2018-08-29;23.44390118191585;23.65394320731322;23.42774374745657;23.524686813354492;65900
2018-08-30;23.50852722612968;23.589312850170476;23.44389903506857;23.484291076660156;6800
2018-08-31;23.484297478217698;23.613553895573784;23.484297478217698;23.53276824951172;21400
2018-09-04;23.468139006759678;23.540845930926054;23.177312850952152;23.17731285095215;10600
2018-09-05;23.225779960061175;23.314644306895882;23.072287417580608;23.080366134643555;17600
2018-09-06;23.14499514402323;23.209623341941295;23.02381746553408;23.08844566345215;23100
2018-09-07;23.104601469552833;23.12075890310789;22.951108932495117;22.951108932495117;26800
2018-09-10;22.9591927522763;23.484297132666182;22.9591927522763;23.225784301757812;21600
2018-09-11;23.217700395252795;23.371192932128906;23.17730835227061;23.371192932128906;16300
2018-09-12;23.29040718078613;23.29040718078613;23.169229511629773;23.290407180786133;8700
2018-09-13;23.481083895734155;23.604365438074375;23.341364396385945;23.45642852783203;26000
2018-09-14;23.464649563462967;23.464649563462967;23.22630542046796;23.39068031311035;6400
2018-09-17;23.33314463884573;23.366020551764066;23.250957991769504;23.292051315307617;11700
2018-09-18;23.21808630900826;23.324929910239327;23.21808630900826;23.275617599487305;11400
2018-09-19;23.27561583529082;23.27561583529082;23.135896325741847;23.20986557006836;22100
2018-09-20;23.25917957358338;23.26739855328692;23.185210323861625;23.21808624267578;4900
2018-09-21;23.201647495613756;23.38246190773309;23.201647495613756;23.30849266052246;16400
2018-09-24;23.30027291383977;23.374242158614656;23.226303669064883;23.324928283691406;8600
2018-09-25;23.25917957358338;23.27561753299046;23.185210323861625;23.21808624267578;7600
2018-09-26;23.259178161621094;23.39067869367471;23.201646874798886;23.259178161621094;8600
2018-09-27;23.259179722214043;23.259179722214043;23.14411714084941;23.15233612060547;24600
2018-09-28;23.292053292463372;23.324927640562453;23.152333785919904;23.168771743774414;27400
2018-10-01;23.17699305987365;23.2673987019701;23.13589816109335;23.15233612060547;16700
2018-10-02;23.20986742756458;23.250962326373696;22.94686634562664;22.97152328491211;18600
2018-10-03;23.1441176551808;23.1441176551808;22.198956908771077;22.519489288330078;52500
2018-10-04;22.437301141687573;22.856459714491383;22.28114522508999;22.396207809448242;51600
2018-10-05;22.396202007866865;22.922204048801834;22.19895124251625;22.33867073059082;63300
2018-10-08;22.494832342757373;22.757833411960334;22.371549219909713;22.700302124023438;21600
2018-10-09;22.47839397838277;22.72495708440854;22.47839397838277;22.64276885986328;13000
2018-10-10;22.618113063497862;22.733175635126408;22.39620533169141;22.4783935546875;25200
2018-10-11;22.478390646803742;22.552359881170304;22.207170643329594;22.322233200073242;27500
2018-10-12;22.36333006027125;22.80714553668109;22.26470544392018;22.272924423217773;24800
2018-10-15;22.346896355452213;22.58524051329201;22.231832199064883;22.363332748413086;25900
2018-10-16;22.396206691800003;22.42908261003896;22.256487174504553;22.30579948425293;21900
2018-10-17;22.322234530945405;22.322234530945405;22.034576554326087;22.223609924316406;28100
2018-10-18;22.190735433227303;22.190735433227303;22.067453883231366;22.10854721069336;24500
2018-10-19;22.051016049195802;22.4783935546875;22.051016049195802;22.4783935546875;40800
2018-10-22;22.174297883288197;22.478393841977304;22.174297883288197;22.346893310546875;19900
2018-10-23;22.31401620203009;22.53592392481997;22.083891068123464;22.3797664642334;19000
2018-10-24;22.338674475397024;22.429081679192038;22.272924209257923;22.281143188476562;5200
2018-10-25;22.355111095663347;22.519485967366663;22.272922876006735;22.3797664642334;18500
2018-10-26;22.35511024398371;22.478391784966924;22.314015351916076;22.412641525268555;12900
2018-10-29;22.075672862245757;22.64276830574906;21.812671804225097;22.10854721069336;20500
2018-10-30;22.034575930305937;22.190733381924304;21.960606693624072;22.17429542541504;10500
2018-10-31;22.059235739364848;22.174298314702586;22.034578801388182;22.149642944335938;16700
2018-11-01;22.16608073104824;22.478395694643957;22.16608073104824;22.289363861083984;13900
2018-11-02;22.289359908980796;22.355110168457028;22.075671173780577;22.35511016845703;14600
2018-11-05;22.338675402491887;22.338675402491887;22.190736905636697;22.30579948425293;5400
2018-11-06;22.30579736338482;22.37976660477931;22.30579736338482;22.314016342163086;9100
2018-11-07;22.314018317392637;22.453737833771275;22.18251778051981;22.371549606323242;7900
2018-11-08;22.420864749357925;22.437301141687573;22.387988829478346;22.396207809448242;5500
2018-11-09;22.37154663320092;22.42907948209561;22.33867228715666;22.412641525268555;12500
2018-11-12;22.39620780944824;22.42908372932782;22.34689549723901;22.396207809448242;3700
2018-11-13;22.42086410522461;22.429083084958382;22.31401893629569;22.42086410522461;16200
2018-11-14;22.305800597389535;22.39620780944824;22.190738013031282;22.396207809448242;10600
2018-11-15;22.3879838056593;22.3879838056593;22.075670474936476;22.24826431274414;21900
2018-11-16;22.322235320941353;22.346892257276153;22.223610710821976;22.314016342163086;4500
2018-11-19;22.17429747519852;22.182516454212912;22.083891841260144;22.10854721069336;24400
2018-11-20;22.174300527482288;22.174300527482288;21.99348766710676;22.018144607543945;16200
2018-11-21;22.13320513093255;22.13320513093255;22.02635996660918;22.083892822265625;7200
2018-11-23;22.14964146402225;22.14964146402225;22.10854657014094;22.133203506469727;2200
2018-11-26;22.149641536874697;22.207172820887838;22.04279638004179;22.19073486328125;16500
2018-11-27;22.026358775277586;22.166078281951933;22.026358775277586;22.11676597595215;22800
2018-11-28;22.10854776010517;22.330455496178388;22.10854776010517;22.281143188476562;15800
2018-11-29;22.314018826246095;22.314018826246095;22.149643935211646;22.231830596923828;8700
2018-11-30;22.23182804306114;22.32223524169119;22.075672149658203;22.075672149658203;7500
2018-12-03;22.157861347294794;22.297580866859622;22.067455705889376;22.231830596923828;11600
2018-12-04;22.19073507376815;22.19073507376815;21.968827346804083;22.0017032623291;28300
2018-12-06;21.968830625859074;22.02636191900501;21.82089211913515;21.829111099243164;51200
2018-12-07;21.861985618480976;21.993486156560646;21.631858893036522;21.689390182495117;79000
2018-12-10;21.77979902644811;21.77979902644811;21.46748561694941;21.640079498291016;33800
2018-12-11;21.664733619816293;21.853765436957943;21.54145050048828;21.54145050048828;66600
2018-12-12;21.681169365430264;21.73048323873833;21.516794490566518;21.56610679626465;49000
2018-12-13;21.582543135006063;21.705824673808316;21.500354919934622;21.61541748046875;58200
2018-12-14;21.7762270695319;21.926985820227777;21.70084769418396;21.818103790283203;34000
2018-12-17;21.81810419706427;21.81810419706427;21.44120891079216;21.48308563232422;46800
2018-12-18;21.566842118528413;21.81810565955225;21.256948926937355;21.550090789794922;55300
2018-12-19;21.42445948097228;21.516590193497233;20.955433448789616;21.273700714111328;97900
2018-12-20;21.240200150061483;21.315579535254503;20.813050833132614;21.055938720703125;87800
2018-12-21;20.9386821153566;21.148068936510164;20.846551402850736;21.064313888549805;89400
2018-12-24;20.955436308394127;21.307206279907753;20.955436308394127;21.2569522857666;17800
2018-12-26;21.273700139089126;21.608718724449854;21.189945093375286;21.31557846069336;29400
2018-12-27;21.298830051020506;21.382585108212837;20.997312484126063;21.08944320678711;34100
2018-12-28;21.1648206846083;21.407708571257743;21.148069355185662;21.298828125;38900
2018-12-31;21.69247570245767;21.77623075563213;21.44121214042905;21.524967193603516;63000
2019-01-02;21.516592021858408;22.128001208308962;21.516592021858408;21.993993759155273;32800
2019-01-03;21.985618093896317;22.086124479508985;21.792982585424742;21.993993759155273;22300
2019-01-04;22.111246482781628;22.412763995829167;22.111246482781628;22.228504180908203;34900
2019-01-07;22.26200438326403;22.47976684570312;22.111245632537393;22.479766845703125;52400
2019-01-08;22.571897598202668;22.571897598202668;22.21175204789267;22.23687744140625;21100
2019-01-09;22.337383314529518;22.555145772639193;22.094493865966797;22.094493865966797;41700
2019-01-10;22.00236621630667;22.370885848999023;21.876734450729977;22.370885848999023;33400
2019-01-11;22.412765946569138;22.605401442229457;22.228506115610752;22.49652099609375;25100
2019-01-14;22.421140786825877;22.781286368292545;22.421140786825877;22.65565299987793;20700
2019-01-15;22.806413178821092;22.940420622448435;22.571900951220606;22.873416900634766;24700
2019-01-16;22.973920931008948;23.032548981909223;22.881790223883048;22.999046325683594;19400
2019-01-17;23.024174678422163;23.166557780805785;22.865040246935838;23.09955406188965;21600
2019-01-18;23.091178946359605;23.493201269415;23.057677884852342;23.417821884155273;37400
2019-01-22;23.25031429687634;23.34244501526377;23.174934908649313;23.225187301635742;22200
2019-01-23;23.241938631796142;23.32569368510337;23.116306850582685;23.225187301635742;13900
2019-01-24;23.133055725965832;23.17493244942829;22.9655456371268;23.116304397583008;24300
2019-01-25;23.158178713869834;23.225182422941828;23.082799341477035;23.124677658081055;45400
2019-01-28;23.11630438420176;23.11630438420176;22.71428208821433;22.906917572021484;32100
2019-01-29;22.932045895439927;22.990675552232698;22.798038446331766;22.94879722595215;12800
2019-01-30;22.99067164312154;23.367566930594062;22.99067164312154;23.133054733276367;25400
2019-01-31;23.24193855856288;23.476452387585233;23.04930305480957;23.04930305480957;96800
2019-02-01;23.258690356336487;23.258690356336487;22.59702718123431;22.714284896850586;27600
2019-02-04;22.61377808926643;22.98229936468634;22.61377808926643;22.898544311523438;17000
2019-02-05;22.91529569006224;23.141432257336582;22.839916301805868;23.01580047607422;15100
2019-02-06;22.873417259400032;23.2084358737231;22.781288138895416;22.99067497253418;20300
2019-02-07;22.82316395941993;22.990674058670432;22.74778457450667;22.764535903930664;22500
2019-02-08;22.756162085088206;22.90692086714354;22.672407028669152;22.85666847229004;13100
2019-02-11;22.789658927504878;22.957169009312704;22.789658927504878;22.8315372467041;9500
2019-02-12;22.856666591795435;23.091178813480887;22.856666591795435;22.915294647216797;8700
2019-02-13;22.990674085653154;23.116305861491128;22.96554709148768;23.032550811767578;13600
2019-02-14;23.032551700264026;23.183310476083097;22.95717231235449;22.99067497253418;15700
2019-02-15;23.09955356536501;23.17493294721222;22.957170466041912;23.107929229736328;5500
2019-02-19;23.057675959397063;23.149805068969727;22.990672244483047;23.149805068969727;9800
2019-02-20;23.13305526106113;23.191683311728163;23.015797562232496;23.183307647705078;8600
2019-02-21;23.116305861491128;23.250313302050927;23.116305861491128;23.2419376373291;13800
2019-02-22;23.342442538267317;23.426195985192233;23.116304397583008;23.116304397583008;31400
2019-02-25;23.11630199476025;23.36756550440662;23.11630199476025;23.124677658081055;7000
2019-02-26;23.200059442002523;23.275438822230626;23.116304397583008;23.116304397583008;18500
2019-02-27;23.158181618469587;23.275439322173373;23.03254984788912;23.107929229736328;25800
2019-02-28;23.166560628974583;23.20843735938512;22.948798116351075;23.174936294555664;36800
2019-03-01;23.317316500612357;23.49320066335122;23.317316500612357;23.401071548461914;23800
2019-03-04;23.493198224194902;23.53507654251904;23.174930992403954;23.200057983398438;4100
2019-03-05;23.200057983398438;23.334065407046676;23.141428337744642;23.200057983398438;9700
2019-03-06;23.216807713233592;23.451321503365264;23.166555328739125;23.200057983398438;4700
2019-03-07;23.208436800378355;23.392698243734216;23.208436800378355;23.275442123413086;4400
2019-03-08;23.2503103678929;23.25868603155773;23.200057983398438;23.200057983398438;3300
2019-03-11;23.2503113623952;23.39269445579852;23.00742189820941;23.183307647705078;21300
2019-03-12;23.20005897575125;23.375943127752347;23.15818065563582;23.183307647705078;18100
2019-03-13;23.216809293912647;23.375943719389785;23.216809293912647;23.35081672668457;16000
2019-03-14;23.770294101238207;23.770294101238207;23.44630944981982;23.514516830444336;17600
2019-03-15;23.548618869792936;23.565669493520765;23.39515187289807;23.531566619873047;13500
2019-03-18;23.52304319482574;23.70208696095855;23.446309687571034;23.557146072387695;8200
2019-03-19;23.548618869792936;23.66798136684803;23.53156661987305;23.531566619873047;14300
2019-03-20;23.48041411730897;23.667984008789062;23.40368061029615;23.667984008789062;11100
2019-03-21;23.667984883138544;23.667984883138544;23.40368147488166;23.591251373291016;18300
2019-03-22;23.531570156717546;23.616829792939626;23.531570156717546;23.540096282958984;8300
2019-03-25;23.53156661987305;23.633876867008254;23.53156661987305;23.531566619873047;10500
2019-03-26;23.54009496843134;23.608302348361704;23.446309211205012;23.471887588500977;18200
2019-03-27;23.47189050614516;23.548624021379112;23.216111579967862;23.233163833618164;21500
2019-03-28;23.292842864990234;23.47188825879059;23.21610935710326;23.292842864990234;52300
2019-03-29;23.43778431385996;23.54862232842617;23.19905765849545;23.27579116821289;104500
2019-04-01;23.42073316606099;23.616830825805664;23.36957803256743;23.616830825805664;17200
2019-04-02;23.61683069715705;23.787348349937517;23.420733038480584;23.770296096801758;24100
2019-04-03;23.770293634860852;23.8214503889697;23.565671497002032;23.78734588623047;20300
2019-04-04;23.855552673339844;23.872604924286165;23.761768545519384;23.855552673339844;20000
2019-04-05;23.84702654786668;23.855552673339844;23.77029304480039;23.855552673339844;20800
2019-04-08;23.70208633079794;23.838501089803426;23.685035705566406;23.685035705566406;14200
2019-04-09;23.719136456987805;23.744714831831587;23.48893596196993;23.582721710205078;9600
2019-04-10;23.497462086917857;23.73618870688366;23.497462086917857;23.582721710205078;8600
2019-04-11;23.744717237479392;23.744717237479392;23.61682860268781;23.676509857177734;6400
2019-04-12;23.71913833793412;23.744716714806287;23.56567132908548;23.633878707885742;12400
2019-04-15;23.667983488117606;23.667983488117606;23.548620980364515;23.62535285949707;7500
2019-04-16;23.667983526088477;23.702086402847414;23.57419776916504;23.57419776916504;14600
2019-04-17;23.633882096633915;23.68503885771337;23.488941192626953;23.488941192626953;8000
2019-04-18;23.497467319473532;24.196593458968596;23.488941192626953;23.488941192626953;15300
2019-04-22;23.53156661987305;23.565669493520765;23.48893599507333;23.531566619873047;7800
2019-04-23;23.50598824499322;23.616826243280425;23.480411496305447;23.531566619873047;18400
2019-04-24;23.497462120033276;23.58272174344065;23.480411496305447;23.531566619873047;13400
2019-04-25;23.6168301135687;23.6168301135687;23.480415344238285;23.48041534423828;14900
2019-04-26;23.471888977907728;23.57419924076337;23.318421957431955;23.429258346557617;22800
2019-04-29;23.540095485866605;23.61682899324897;23.49746485610293;23.505990982055664;11400
2019-04-30;23.574197918316198;23.633879172666088;23.36104965209961;23.36104965209961;62200
2019-05-01;23.403681199352306;23.62535397386622;23.369576694847225;23.599777221679688;10300
2019-05-02;23.454836646736904;23.65093267171308;23.454836646736904;23.540096282958984;5800
2019-05-03;23.540095246715108;23.6083026274518;23.446309488380074;23.463361740112305;12500
2019-05-06;23.403680762113993;23.56567227690989;23.403680762113993;23.454835891723633;10200
2019-05-07;23.420731463079306;23.48041434503987;23.335473455520155;23.343997955322266;26500
2019-05-08;23.35252297210879;23.446308727399884;23.3439968465194;23.378101348876953;20300
2019-05-09;23.343996257686573;23.446308135986328;23.343996257686573;23.446308135986328;13200
2019-05-10;23.540095208000615;23.540095208000615;23.343997565786935;23.514516830444336;8500
2019-05-13;23.446312184586493;23.565674708053724;23.446312184586493;23.488941192626953;24700
2019-05-14;23.463364438279644;23.565674708053724;23.463364438279644;23.488941192626953;9100
2019-05-15;23.4718865121093;23.55714451346827;23.446308135986328;23.446308135986328;20300
2019-05-16;23.446309064210705;23.685035705566406;23.446309064210705;23.685035705566406;6500
2019-05-17;23.51451436995316;23.608300118320482;23.463359246385558;23.531566619873047;8000
2019-05-20;23.463360386734976;23.650930266393697;23.446308135986328;23.446308135986328;19900
2019-05-21;23.480414269624575;23.56567227690989;23.44630976575665;23.454835891723633;6000
2019-05-22;23.463361462735655;23.55714559376977;23.454835336970334;23.471887588500977;9200
2019-05-23;23.48893948476354;23.599777499517664;23.463362732275897;23.591251373291016;19500
2019-05-24;23.591248388871875;23.599774514019924;23.403678514191114;23.565670013427734;19100
2019-05-28;23.55714583351257;23.67650996924964;23.514516830444336;23.514516830444336;18900
2019-05-29;23.633879023137336;23.67650965182626;23.565671643427255;23.57419776916504;13300
2019-05-30;23.557146511073775;23.70208740234375;23.557146511073775;23.70208740234375;11200
2019-05-31;23.685035365326232;23.69356149091562;23.378101348876953;23.378101348876953;101000
2019-06-03;23.599774514019924;23.616826764316016;23.412203013147067;23.565670013427734;18300
2019-06-04;23.58272710886575;23.736194140676677;23.58272710886575;23.64240837097168;20000
2019-06-05;23.736190758313814;23.804398137600085;23.702086255574578;23.78734588623047;17300
2019-06-06;23.812923985790047;23.812923985790047;23.659456977636253;23.79587173461914;14000
2019-06-07;23.787346683251844;23.829977313104276;23.770294431310873;23.82145118713379;11800
2019-06-10;23.847027735201728;23.847027735201728;23.719139099121094;23.719139099121094;19500
2019-06-11;23.77029454616776;23.81292517622618;23.659458160400387;23.65945816040039;10300
2019-06-12;23.753244082448276;23.812925338745117;23.667984447941816;23.812925338745117;28000
2019-06-13;23.901448073533892;23.901448073533892;23.736550188720773;23.832015991210938;5600
2019-06-14;23.875413319814477;23.944843753407508;23.85805529757819;23.884092330932617;24600
2019-06-17;23.823337795873776;24.01427104947064;23.823337795873776;23.92748260498047;21900
2019-06-18;23.90144723037974;24.031629069439052;23.892768220395535;23.92748260498047;12800
2019-06-19;23.92748435564045;24.07502422546296;23.92748435564045;24.06634521484375;9700
2019-06-20;24.02295296453599;24.109741419521438;23.962201542651805;24.048988342285156;18500
2019-06-21;24.031630254414225;24.161812099892668;23.918804774408123;24.075023651123047;16600
2019-06-24;24.118420665066143;24.118420665066143;23.884092330932617;23.884092330932617;9700
2019-06-25;23.892769063243524;24.040308927475905;23.823338636272517;23.832015991210938;24300
2019-06-26;23.910124423487474;23.910124423487474;23.701833151329307;23.710512161254883;30100
2019-06-27;23.727869938216585;23.771263332048388;23.52825767802732;23.606367111206055;27400
2019-06-28;23.87541104154933;23.918804437647204;23.476184844970703;23.476184844970703;135600
2019-07-01;23.69315414140373;23.78862159523318;23.57165131314944;23.710512161254883;33700
2019-07-02;23.73655320507212;23.953523523847274;23.701837159499057;23.901451110839844;37700
2019-07-03;23.84937580572868;23.901449871387882;23.779945373535156;23.779945373535156;10900
2019-07-05;23.80598113908564;23.814660149566826;23.615046219203553;23.745229721069336;30500
2019-07-08;23.823339092647007;23.866732489578173;23.7105136120628;23.771265029907227;29200
2019-07-09;23.79730206127712;23.840695458208284;23.74522965388932;23.771265029907227;18800
2019-07-10;23.779943160844336;23.814659201386856;23.658440329649356;23.701833724975586;21900
2019-07-11;23.719191745246846;23.771264150708703;23.649761319513726;23.701833724975586;9000
2019-07-12;23.701834213948842;23.823338703002406;23.649761807412723;23.805980682373047;12600
2019-07-15;23.788622661743688;23.840695068279807;23.771264641114325;23.805980682373047;7900
2019-07-16;23.840695760551466;23.901448834518337;23.82333939477008;23.849374771118164;7400
2019-07-17;23.884093088053312;23.927486489667476;23.823341663652613;23.901451110839844;17900
2019-07-18;23.90144677878565;24.05766398949412;23.892767768965427;23.98823356628418;22400
2019-07-19;24.005593223177744;24.109739692771686;23.97087883688108;24.075023651123047;17800
2019-07-22;24.04030697490841;24.109737396240238;23.962197543991127;24.109737396240234;31300
2019-07-23;23.98823356628418;24.101059038595245;23.979554556463953;23.98823356628418;24600
2019-07-24;24.109741142325557;24.170492563511267;24.005594666470003;24.13577651977539;22900
2019-07-25;24.092382431030273;24.1357758291063;24.04898737760222;24.092382431030273;13500
2019-07-26;24.014271475876175;24.101059921907392;24.014271475876175;24.05766487121582;15700
2019-07-29;24.092379377069324;24.135772769644785;24.031627965322954;24.109737396240234;13600
2019-07-30;24.16181186220755;24.16181186220755;23.97087860107422;23.97087860107422;29200
2019-07-31;23.88409184950148;24.04031073577493;23.779945373535156;23.779945373535156;113400
2019-08-01;23.849374314968955;24.031630222679684;23.840695304568257;23.910125732421875;30700
2019-08-02;23.875411346171052;23.94484177402467;23.77994388711534;23.910125732421875;12200
2019-08-05;23.805981990846554;23.805981990846554;23.54561663315129;23.649763107299805;20400
2019-08-06;23.684477933702414;23.710513309387967;23.64108288197322;23.69315528869629;41800
2019-08-07;23.65844035922282;23.65844035922282;23.484863466997083;23.510900497436523;29100
2019-08-08;23.519578218808036;23.684476091851575;23.519578218808036;23.667118072509766;8200
2019-08-09;23.667119913010733;23.701834299042126;23.606368495941826;23.69315528869629;7500
2019-08-12;23.710514226288197;23.762586635024938;23.562974355407402;23.571653366088867;57200
2019-08-13;23.65843949219424;23.82333736823036;23.65843949219424;23.797300338745117;18000
2019-08-14;23.736552042760707;23.814661486123136;23.606370188940684;23.753910064697266;24400
2019-08-15;23.805979535138782;23.92748236298504;23.76258448565663;23.82333755493164;9400
2019-08-16;23.866733827615082;23.99691568105893;23.719193952284833;23.779945373535156;20400
2019-08-19;23.797301605401408;23.892769063243524;23.78862259511104;23.832015991210938;5800
2019-08-20;23.875414176105068;23.953523623617635;23.77994670573367;23.788625717163086;29700
2019-08-21;23.89276867412383;24.014271505506294;23.84069461322969;23.866731643676758;15500
2019-08-22;23.823341663652613;23.936165501060742;23.77126759529302;23.901451110839844;18900
2019-08-23;23.87540995895834;23.96219840257076;23.81465854503521;23.82333755493164;17500
2019-08-26;23.94484245781386;23.94484245781386;23.623725685225814;23.684478759765625;41600
2019-08-27;23.75390694495492;23.86673076202056;23.649760482365828;23.797300338745117;46600
2019-08-28;23.858056040873862;23.866735052262396;23.701837146584523;23.736553192138672;57100
2019-08-29;23.771265184900088;23.832016603140623;23.52825951193794;23.632404327392578;61400
2019-08-30;23.623724438442462;23.72787090537646;23.519579626860402;23.562973022460938;131600
2019-09-03;23.64108288197322;23.727871330079644;23.64108288197322;23.69315528869629;26500
2019-09-04;23.736550710588155;23.849374536139578;23.736550710588155;23.745229721069336;27400
2019-09-05;23.805982406364755;23.84937580572868;23.753909996057633;23.779945373535156;23300
2019-09-06;23.823336916744925;23.86673030971276;23.779941868425258;23.858051300048828;21600
2019-09-09;23.892767791505797;23.892767791505797;23.788621328916705;23.797300338745117;22400
2019-09-10;23.84937714181682;23.884093187534482;23.736553303938763;23.788625717163086;29100
2019-09-11;23.81466275145133;23.875414176105068;23.736553303938763;23.788625717163086;28000
2019-09-12;23.849373290291553;23.979555130004886;23.80597989550441;23.979555130004883;16000
2019-09-13;23.981322395193676;24.06968427587163;23.716238438522506;23.8222713470459;75400
2019-09-16;23.87529167567372;24.06968648269813;23.866455318259494;23.963653564453125;32800
2019-09-17;24.01666793013032;24.02550428677431;23.94597876234108;24.007831573486328;6600
2019-09-18;24.02550599104093;24.06968609203214;23.95481681823731;23.954816818237305;48300
2019-09-19;24.034342738404078;24.052013767869678;23.963653564453125;23.963653564453125;13100
2019-09-20;24.07852226408183;24.07852226408183;23.981324020213474;23.99899673461914;13600
2019-09-23;24.007829143649744;24.14037110916963;24.007829143649744;24.08735466003418;31900
2019-09-24;24.113866376406477;24.131537404484593;24.025504494565034;24.060848236083984;13600
2019-09-25;24.087357902503612;24.166883429593213;24.016668732353164;24.12270164489746;12500
2019-09-26;24.15804921986533;24.21990203857422;24.078523685707356;24.21990203857422;19400
2019-09-27;24.211060662131956;24.211060662131956;24.09619140625;24.09619140625;18700
2019-09-30;24.202225438730338;24.202225438730338;24.00783065607899;24.078519821166992;106100
2019-10-01;24.16688017641862;24.16688017641862;24.007829143649744;24.08735466003418;22200
2019-10-02;24.025505089292313;24.140374358775762;24.00783237541401;24.12270164489746;33700
2019-10-03;24.122699390609935;24.202224910267805;24.078519295405606;24.158044815063477;11900
2019-10-04;24.175719253923226;24.237572065771865;24.16688289717875;24.202226638793945;26100
2019-10-07;24.113865456360756;24.158045552914462;24.087356387210942;24.13153648376465;10400
2019-10-08;24.1315368734545;24.21106239682552;24.096193132713317;24.14037322998047;14600
2019-10-09;24.13154045134768;24.21106598650965;24.00783481236814;24.04317855834961;12600
2019-10-10;24.078519821166992;24.122699917336007;24.078519821166992;24.078519821166992;10500
2019-10-11;24.113867400536627;24.237573029150866;24.113867400536627;24.17572021484375;14800
2019-10-14;24.24640959178262;24.24640959178262;24.184556776951176;24.228736877441406;14000
2019-10-15;24.228735749006294;24.255244819283472;24.166882937055597;24.246408462524414;28100
2019-10-16;24.255243301391605;24.39662162996367;24.202225164155116;24.2552433013916;18800
2019-10-17;24.23757329299859;24.484984552920363;24.193391507039127;24.370115280151367;38100
2019-10-18;24.34360437398965;24.34360437398965;24.14037322998047;24.14037322998047;7800
2019-10-21;24.237571576123916;24.34360448419015;24.202226149860046;24.3259334564209;15000
2019-10-22;24.31709765656184;24.343605041503906;24.184555675763338;24.343605041503906;17700
2019-10-23;24.343604372256653;24.5114917755127;24.325933344568657;24.511491775512695;20000
2019-10-24;24.317099082886543;24.573346702745543;24.317099082886543;24.564510345458984;12200
2019-10-25;24.50265502929687;24.564507838627843;24.50265502929687;24.502655029296875;13000
2019-10-28;24.47614743562632;24.538000244426915;24.405458270516693;24.44963836669922;9800
2019-10-29;24.52032735181356;24.52032735181356;24.440801830978668;24.493818283081055;14400
2019-10-30;24.458477428745887;24.56451034545898;24.41429564231308;24.564510345458984;35800
2019-10-31;24.423130996858742;24.74123310466335;24.361278183755125;24.396623611450195;180400
2019-11-01;24.42313021686367;24.449639286788358;24.343604692452303;24.378950119018555;29500
2019-11-04;24.378950119018555;24.511492097916598;24.36127740573543;24.378950119018555;16100
2019-11-05;24.42313173793992;24.502657267304148;24.361278922959478;24.370115280151367;16200
2019-11-06;24.467310477347837;24.467310477347837;24.361275889610848;24.387784957885742;14300
2019-11-07;24.387787254526426;24.467312781477577;24.299425370651505;24.396623611450195;427500
2019-11-08;24.42313003540039;24.42313003540039;24.317097127214858;24.42313003540039;18400
2019-11-11;24.440803710706277;24.440803710706277;24.396623611450195;24.396623611450195;14400
2019-11-12;24.45847564342992;24.45847564342992;24.36127740573543;24.378950119018555;13600
2019-11-13;24.39662479685917;24.52033042907715;24.39662479685917;24.52033042907715;15000
2019-11-14;24.52032774206648;24.52032774206648;24.46731128912031;24.502655029296875;12700
2019-11-15;24.493821172529312;24.56451034545898;24.493821172529312;24.564510345458984;5200
2019-11-18;24.555675858489618;24.5645105304799;24.493821357017794;24.52033042907715;16500
2019-11-19;24.564510082284592;24.564510082284592;24.37011528015137;24.370115280151367;18400
2019-11-20;24.493821357017794;24.52033042907715;24.493821357017794;24.52033042907715;7700
2019-11-21;24.5645075547365;24.5645075547365;24.299423607706576;24.308259963989258;20100
2019-11-22;24.546839649888646;24.546839649888646;24.431968688964844;24.431968688964844;18600
2019-11-25;24.44080469464099;24.467313766479492;24.40546095088581;24.467313766479492;23000
2019-11-26;24.431965052981308;24.440801409072943;24.361275889610848;24.387784957885742;35800
2019-11-27;24.467311217531655;24.476147573890607;24.36127662658691;24.361276626586914;62700
2019-11-29;24.36127662658691;24.476147573890607;24.36127662658691;24.361276626586914;69600
2019-12-02;24.396621313977377;24.396621313977377;24.325932150606913;24.387784957885742;12000
2019-12-03;24.378950858448455;24.431967314543158;24.317098045444176;24.352441787719727;13700
2019-12-04;24.35244139827217;24.37895046857696;24.343605041503906;24.343605041503906;17100
2019-12-05;24.396623182113487;24.414294210287288;24.343605041503906;24.343605041503906;21200
2019-12-06;24.34360678202255;24.34360678202255;24.29942668038517;24.33477210998535;34300
2019-12-09;24.47614814731697;24.47614814731697;24.325933456420902;24.3259334564209;10200
2019-12-10;24.46731235089687;24.46731235089687;24.31709765656184;24.343605041503906;34300
2019-12-11;24.405461283822866;24.405461283822866;24.31709939518526;24.33477210998535;28800
2019-12-12;24.308262260436244;24.34360600354333;24.308262260436244;24.31709861755371;7400
2019-12-13;24.31709939518526;24.405461283822866;24.28175396558508;24.33477210998535;55800
2019-12-16;24.74142848212894;24.74142848212894;24.561490134033022;24.624469757080078;21600
2019-12-17;24.696443557739258;24.696443557739258;24.597477299474814;24.696443557739258;30400
2019-12-18;24.696444879033187;24.777416964487273;24.6154727935791;24.6154727935791;15800
2019-12-19;24.597480647630857;24.66045856018276;24.597480647630857;24.606477737426758;13500
2019-12-20;24.660456522822805;24.660456522822805;24.606475704526506;24.6154727935791;6700
2019-12-23;24.72343514281532;24.72343514281532;24.660457233651112;24.687448501586914;4800
2019-12-24;24.714438305584128;24.714438305584128;24.669454574584964;24.66945457458496;2600
2019-12-26;24.705442999574608;24.705442999574608;24.588484260922357;24.67845344543457;22300
2019-12-27;24.678453445434567;24.687450535487734;24.624472621135027;24.67845344543457;27000
2019-12-30;24.633465758974427;24.69644538362939;24.579484939575195;24.579484939575195;31900
2019-12-31;24.696446590071947;24.696446590071947;24.507511138916016;24.507511138916016;54400
2020-01-02;24.5704874911017;24.73243166295097;24.5704874911017;24.71443748474121;34500
2020-01-03;24.61547233223494;24.86738395690918;24.61547233223494;24.86738395690918;29900
2020-01-06;24.903374096344166;24.948357827967094;24.74142991687064;24.87638282775879;22200
2020-01-07;24.966350788969457;24.966350788969457;24.73243162070004;24.840394973754883;36000
2020-01-08;24.831400626671588;25.011337280273438;24.822403536588574;25.011337280273438;50300
2020-01-09;25.011336948203162;25.011336948203162;24.741431113374134;24.80440902709961;25600
2020-01-10;24.867386569650897;24.957355751924162;24.768422013567783;24.939361572265625;14900
2020-01-13;24.94835808093431;24.966352260173682;24.858388900756836;24.858388900756836;29900
2020-01-14;24.84039415596381;25.002338322204928;24.8313970671705;24.885377883911133;9200
2020-01-15;24.885376072295927;25.00233650207519;24.78640981879333;25.002336502075195;18500
2020-01-16;25.002338911441306;25.002338911441306;24.939359288403885;24.966350555419922;8400
2020-01-17;24.95735645579483;25.011337280273438;24.95735645579483;25.011337280273438;25400
2020-01-21;25.011337280273438;25.011337280273438;24.993344816126882;25.011337280273438;18600
2020-01-22;25.011335121313973;25.04732347853954;24.993342658720515;25.029329299926758;42700
2020-01-23;25.04732335268892;25.04732335268892;24.975348354618752;25.038326263427734;21600
2020-01-24;25.056320441950106;25.074314620472478;24.9483570868352;25.038326263427734;16100
2020-01-27;25.029329299926758;25.03832638923315;24.948357212188558;25.029329299926758;11000
2020-01-28;25.002336655147918;25.119295369624144;25.002336655147918;25.101301193237305;30500
2020-01-29;25.128297679224186;25.146291859350033;25.101306409035413;25.13729476928711;24600
2020-01-30;25.146289825439453;25.146289825439453;25.11030146809861;25.146289825439453;16500
2020-01-31;25.146289366119095;25.146289366119095;25.056320190429684;25.056320190429688;49800
2020-02-03;25.146289825439453;25.146289825439453;25.1013043787634;25.146289825439453;12100
2020-02-04;25.14629091034684;25.191274642944336;25.11030255145332;25.191274642944336;36700
2020-02-05;25.245254516601562;25.245254516601562;25.14628996540207;25.245254516601562;56600
2020-02-06;25.155283878695005;25.2542501401696;25.155283878695005;25.22726058959961;36000
2020-02-07;25.23625750634462;25.362215042114258;25.20027086470997;25.362215042114258;35200
2020-02-10;25.40719864707129;25.40719864707129;25.344220737508692;25.371212005615234;13300
2020-02-11;25.371211769328127;25.524158855135443;25.317229233617795;25.497167587280273;24300
2020-02-12;25.47017533641984;25.677104949951172;25.443185785625634;25.677104949951172;24800
2020-02-13;25.66811072473391;25.812060731760617;25.461181088116007;25.731088638305664;15500
2020-02-14;25.596133341442957;25.982997876846696;25.596133341442957;25.875036239624023;23100
2020-02-18;25.893029578418833;25.902026667232263;25.722088323002115;25.812057495117188;15100
2020-02-19;25.80306338840763;25.866041301360877;25.7220912957479;25.749082565307617;44700
2020-02-20;25.767072089526067;25.812057533660393;25.56914128339273;25.686100006103516;19800
2020-02-21;25.64111686802828;25.64111686802828;25.42519187927246;25.42519187927246;13200
2020-02-24;25.425189348462382;25.425189348462382;25.00233650207519;25.002336502075195;29700
2020-02-25;25.101303353862022;25.263247523244882;24.678450468488418;24.74142837524414;51500
2020-02-26;24.97534787805897;24.97534787805897;24.606475805485466;24.840394973754883;41200
2020-02-27;24.98434352794217;24.98434352794217;24.426536048659646;24.696443557739258;43700
2020-02-28;24.51650884507248;24.6064780280748;24.24660301208496;24.24660301208496;131000
2020-03-02;24.354562129722698;24.768419642147702;24.354562129722698;24.74142837524414;18100
2020-03-03;25.26324701614559;25.317227832849923;24.7684191449809;25.11929702758789;30400
2020-03-04;25.056321729132442;25.290240913882112;25.056321729132442;25.191274642944336;30200
2020-03-05;25.14629007728814;25.164282540119434;24.939360452544474;25.1282958984375;7300
2020-03-06;25.056321931105423;25.056321931105423;24.606477737426758;24.606477737426758;19600
2020-03-09;24.201616539273008;24.300582807992974;23.841741538499527;24.183622360229492;51900
2020-03-10;24.33656883239746;25.011335085229398;24.075660106965824;24.33656883239746;27700
2020-03-11;24.417540793854513;24.471523329336055;24.156632069770982;24.345565795898438;18000
2020-03-12;23.922713657809926;24.00368574758668;22.582178205756044;22.807100296020508;92900
2020-03-13;23.391897180746305;24.075660535028902;23.032022182707923;23.73377799987793;44300
2020-03-16;23.19470529389737;23.552253334248054;23.057187623900358;23.148866653442383;62300
2020-03-17;23.11219696849447;23.313891206132567;22.552958147140707;22.92884063720703;57500
2020-03-18;22.40627004590734;22.442940608887557;17.9598536835783;18.317399978637695;152300
2020-03-19;19.252523060620362;22.644634965992015;19.243354982660406;20.306827545166016;62800
2020-03-20;20.902740452367194;23.0388538422351;20.902740452367194;21.929542541503906;77200
2020-03-23;22.03038739603361;22.03038739603361;19.38087235947067;20.93024253845215;59700
2020-03-24;22.067058735394387;22.22291256656027;21.461979567016744;21.672840118408203;19400
2020-03-25;22.012051927382046;23.020517786866932;22.012051927382046;22.59879493713379;49900
2020-03-26;22.745481719842346;23.497246672296452;21.617834291161188;23.04802131652832;38500
2020-03-27;23.048020101556105;23.14886721134602;22.54378804987071;22.993013381958008;14000
2020-03-30;22.882997215220495;23.506412506103516;22.763815703084394;23.506412506103516;25300
2020-03-31;23.561423528127197;26.339286656896874;22.9196720123291;22.9196720123291;37800
2020-04-01;23.60726449637644;23.698943543176224;21.562829971313473;21.562829971313477;49600
2020-04-02;21.63616884194763;22.424604301323185;21.535321734328413;22.222911834716797;18900
2020-04-03;22.232081178464433;22.974678039550778;22.232081178464433;22.97467803955078;38200
2020-04-06;22.965508872586124;23.332224995196988;22.83715927885156;23.18553924560547;14700
2020-04-07;23.222209887745585;23.653099060058594;22.919670309604093;23.653099060058594;39600
2020-04-08;23.854795455932617;24.15733506169702;23.3780658502941;23.854795455932617;24700
2020-04-09;24.019817536702217;24.689071555625592;24.019817536702217;24.423202514648438;44100
2020-04-13;24.120662063657118;24.120662063657118;22.974678475987307;23.744779586791992;18000
2020-04-14;24.230676667023054;24.230676667023054;23.6989403652468;24.065654754638672;6900
2020-04-15;23.73560866612698;23.86396000164695;23.313887595705282;23.561420440673828;44600
2020-04-16;23.607259204132646;23.946471076658064;23.433069229125977;23.433069229125977;22400
2020-04-17;23.955637818973457;23.955637818973457;23.460573866504713;23.506412506103516;16500
2020-04-20;23.71727605843163;23.744778544203523;23.231378409086894;23.29555320739746;14500
2020-04-21;23.148866503846413;23.3780632019043;22.763815981163884;23.378063201904297;24900
2020-04-22;23.4697430244817;24.065654109856492;23.22221016253719;23.68977165222168;26000
2020-04-23;24.01981675555428;24.27651596069336;23.68977292193868;24.27651596069336;24300
2020-04-24;24.276515146596346;24.313187459604826;23.973975558804906;24.294851303100586;18000
2020-04-27;24.46904241551486;24.46904241551486;23.96480858030167;24.14816665649414;9500
2020-04-28;24.148165652356685;24.524048119152184;24.12066141748184;24.496543884277344;21300
2020-04-29;24.404866174162937;24.75324440002441;24.32235521960562;24.753244400024414;32200
2020-04-30;24.560720150578796;24.7715807029707;24.469041117346457;24.689069747924805;29100
2020-05-01;24.615724015843725;24.670730729949955;24.038147397516596;24.606555938720703;10000
2020-05-04;24.698237853952605;24.698237853952605;23.909800615350658;24.359025955200195;22800
2020-05-05;24.377360755149223;24.377360755149223;23.964806002410725;24.203170776367188;17000
2020-05-06;24.18483599473713;24.386530218035677;24.028982162475586;24.028982162475586;15600
2020-05-07;24.221509807101626;24.359027491461987;23.891465965730973;24.120662689208984;33900
2020-05-08;24.157332247898466;24.569885253906246;24.157332247898466;24.56988525390625;5700
2020-05-11;24.24901302351606;24.707406451192114;24.15733398825442;24.698238372802734;12400
2020-05-12;24.661566059245217;24.698238372802734;24.42320126701781;24.698238372802734;10700
2020-05-13;24.340691018010933;24.478210449218754;24.276516216051125;24.47821044921875;6400
2020-05-14;24.340691190702874;24.55155350402252;23.928138140049054;24.249013900756836;21200
2020-05-15;24.203169288467205;24.6065559387207;24.203169288467205;24.606555938720703;7100
2020-05-18;24.72574041830057;24.97327328450206;24.588222742177116;24.890762329101562;21200
2020-05-19;24.96410667416314;25.18413531862475;24.96410667416314;25.147464752197266;8900
2020-05-20;25.119960515902477;25.147464752197262;24.94577051663328;25.147464752197266;18800
2020-05-21;25.184133262898566;25.211637496948242;25.110790387398183;25.211637496948242;10100
2020-05-22;25.21163900721321;25.21163900721321;25.028280933162424;25.138296127319336;9200
2020-05-26;25.266643668161624;25.422497493797124;25.11995792034375;25.202468872070312;5700
2020-05-27;25.211638338556533;25.211638338556533;24.99160970471044;25.092456817626953;5300
2020-05-28;24.99160820683078;25.16579818725586;24.99160820683078;25.16579818725586;7800
2020-05-29;25.147464155794534;25.404163360595703;25.083289354594243;25.404163360595703;16300
2020-06-01;25.440835535801618;25.532514572143555;25.330820342464857;25.532514572143555;9400
2020-06-02;25.339988420962268;25.532514572143555;25.339988420962268;25.532514572143555;8500
2020-06-03;25.486674179656497;25.532514572143555;25.376660734951916;25.532514572143555;8700
2020-06-04;25.440835535801618;25.532514572143555;25.440835535801618;25.532514572143555;7600
2020-06-05;25.53251429357;25.578352936924755;25.394996614873573;25.49584197998047;24300
2020-06-08;25.624193311410448;25.862556355050966;25.550850432913638;25.660863876342773;28700
2020-06-09;25.71586801337655;25.972568936630665;25.642525142251372;25.780044555664062;7300
2020-06-10;25.853388936853246;26.064249485075237;25.706703186035156;25.706703186035156;11900
2020-06-11;25.578354336520217;25.578354336520217;25.27581472738087;25.38582992553711;14900
2020-06-12;25.725038183245537;25.725038183245537;25.220806121826172;25.220806121826172;9700
2020-06-15;25.41870511056816;25.41870511056816;25.204004756622037;25.30668830871582;17700
2020-06-16;25.390701211188507;25.55872641006824;25.390701211188507;25.42803955078125;2500
2020-06-17;25.754758363089913;25.754758363089913;25.269347487253317;25.652074813842773;6200
2020-06-18;25.37203204326854;25.773429445735;25.37203204326854;25.708086013793945;5900
2020-06-19;25.44670903395456;25.661409378051754;25.40003388492807;25.661409378051758;4300
2020-06-22;25.484048969258925;25.558727431904977;25.33469204396682;25.372032165527344;10900
2020-06-23;25.344026406916278;25.64274024963379;25.334691376771985;25.64274024963379;14100
2020-06-24;25.344025671715276;25.5680610472544;25.241343904056652;25.28801727294922;13900
2020-06-25;25.362695686573403;25.362695686573403;25.250677108764652;25.25067710876465;3300
2020-06-26;25.381364951572394;25.381364951572394;24.97063255310059;24.970632553100586;10100
2020-06-29;24.998638330658995;25.05464672911562;24.513227462768555;24.513227462768555;17800
2020-06-30;25.147994350708146;25.36269468753674;24.270521163940426;24.27052116394043;121200
2020-07-01;24.606576448076936;24.718593247118683;24.335865919522032;24.50389289855957;19800
2020-07-02;24.606577342855868;24.681255805090903;24.531898880620833;24.55990219116211;9500
2020-07-06;24.606576377224364;24.765268325805664;24.494557798030247;24.765268325805664;16000
2020-07-07;24.73726217948101;24.97996760697441;24.73726217948101;24.783935546875;16500
2020-07-08;24.737262249963138;24.839945795092294;24.58790533730701;24.634578704833984;26400
2020-07-09;24.53189705662221;24.66258391069793;24.41987848136099;24.52256202697754;32100
2020-07-10;24.61591039093393;24.727927185028545;24.578570272585832;24.709257125854492;10000
2020-07-13;24.61591089132309;24.709257628141195;24.559900712662376;24.625244140625;17700
2020-07-14;24.625244140625;24.625244140625;24.485222254922967;24.625244140625;5500
2020-07-15;24.76526734924769;24.81194071679442;24.64391374486644;24.746597290039062;27600
2020-07-16;24.75593267606447;25.007973137585175;24.75593267606447;24.9612979888916;6300
2020-07-17;24.7559346516482;25.026643413774682;24.7559346516482;24.923961639404297;26800
2020-07-20;24.867950867431297;25.129326373357667;24.783937375543356;25.045312881469727;7800
2020-07-21;25.1013212850939;25.204004837517253;24.923961051512606;25.157331466674805;11600
2020-07-22;25.091985820473653;25.091985820473653;24.774603699384105;24.867950439453125;20300
2020-07-23;24.839947559616217;25.16666471646332;24.839947559616217;25.157331466674805;8500
2020-07-24;25.185332891663755;25.185332891663755;24.942627464406545;24.970632553100586;5000
2020-07-27;24.97063441984433;25.08265300251991;24.92396104900657;25.045312881469727;11100
2020-07-28;24.942628787468696;25.204004287719727;24.942628787468696;25.204004287719727;20300
2020-07-29;25.204003249069714;25.44670867919922;25.204003249069714;25.44670867919922;11000
2020-07-30;25.40003295189131;25.6054000391142;25.39069970290374;25.56805992126465;8800
2020-07-31;25.65207485225704;25.717418281703107;25.474714623896272;25.577396392822266;16500
2020-08-03;25.530723023353623;25.577396392822266;25.37203107449536;25.577396392822266;8100
2020-08-04;25.577394950727037;25.577394950727037;25.437373069740858;25.56805992126465;6700
2020-08-05;25.372031540433458;25.6894154439785;25.372031540433458;25.68008041381836;13200
2020-08-06;25.726753389422893;25.726753389422893;25.42803955078125;25.42803955078125;34900
2020-08-07;25.437374580798167;25.596066530135904;25.40936949074742;25.42803955078125;20900
2020-08-10;25.50271805462325;25.52138811468943;25.36269616507677;25.46537971496582;32100
2020-08-11;25.428040906580836;25.689416419566037;25.390702564997248;25.586732864379883;92000
2020-08-12;25.48404759676295;25.56806108527441;25.21333885192871;25.21333885192871;62700
2020-08-13;25.278683558284758;25.474715634877533;25.213340126245495;25.40937042236328;12400
2020-08-14;25.390699736969744;25.624070132418087;25.344024589595186;25.49338150024414;14000
2020-08-17;25.568060942204994;25.661409460081487;25.437374085462835;25.62407112121582;9000
2020-08-18;25.698748067173288;25.829434916225146;25.67074297931584;25.76409149169922;29300
2020-08-19;25.80143356127583;25.95079049050803;25.62407332060949;25.9134521484375;15300
2020-08-20;25.74542418905942;25.932121233811255;25.74542418905942;25.8947811126709;6800
2020-08-21;25.98812811493387;26.034801483154293;25.698749314922516;26.034801483154297;15600
2020-08-24;26.044136594685362;26.044136594685362;25.8947796793411;25.99746322631836;12400
2020-08-25;25.922785702173492;26.09081268310547;25.838772211707504;26.09081268310547;19000
2020-08-26;26.006800038763526;26.22150039672852;26.006800038763526;26.221500396728516;24500
2020-08-27;26.174826095085525;26.277507864977775;26.174826095085525;26.240169525146484;25700
2020-08-28;26.193494839968103;26.324183482886024;26.193494839968103;26.2308349609375;11000
2020-08-31;26.156156148617566;26.174826208851826;25.904115676879883;25.904115676879883;41200
2020-09-01;26.090812639276358;26.156156069423485;25.95078896841831;26.0534725189209;11400
2020-09-02;26.04413698554059;26.137485504150394;26.01613367629008;26.13748550415039;8400
2020-09-03;26.128152382310926;26.128152382310926;25.941457111932365;26.025468826293945;17900
2020-09-04;26.025467472373634;26.09081268310547;25.885445581755302;26.09081268310547;13000
2020-09-08;25.885445144932028;25.94145532461413;25.782763376464665;25.80143165588379;10000
2020-09-09;25.904114164729975;26.11881450346603;25.84810576777162;26.04413604736328;24900
2020-09-10;26.044136948010365;26.314847473541203;26.044136948010365;26.2121639251709;15000
2020-09-11;26.314847946166992;26.314847946166992;26.146820965988624;26.314847946166992;17200
2020-09-14;26.20283013013803;26.604227532166004;26.20283013013803;26.594892501831055;25800
2020-09-15;26.786770256406808;26.919753638856864;26.786770256406808;26.853261947631836;9900
2020-09-16;26.82476147230715;26.957744838597;26.767768859863285;26.76776885986328;12900
2020-09-17;26.596790474876368;26.862759031859657;26.273829302740435;26.444808959960938;8800
2020-09-18;26.596789997357106;26.596789997357106;26.2928269729836;26.454307556152344;5000
2020-09-21;26.245332724480026;26.53029943066523;26.055356732119165;26.283329010009766;6900
2020-09-22;26.169342917311287;26.501803180742073;26.169342917311287;26.30232810974121;6600
2020-09-23;26.397314125844836;26.397314125844836;25.72289460107627;25.836881637573242;13300
2020-09-24;25.789388347245595;25.960368009787935;25.64690589904785;25.64690589904785;6600
2020-09-25;25.75139244558099;26.283327734851756;25.75139244558099;26.12184715270996;8000
2020-09-28;26.34032035928773;26.62528705176296;26.330821288362305;26.60628890991211;10500
2020-09-29;26.54929677771789;26.78676811987364;26.39731526367921;26.63478660583496;34300
2020-09-30;26.777267839594384;26.777267839594384;26.397314071655273;26.397314071655273;74800
2020-10-01;26.51130182351083;26.64428520202637;26.178841565459336;26.644285202026367;10900
2020-10-02;26.587291555505992;26.77726935611612;26.568293413092466;26.739273071289062;17200
2020-10-05;26.739272990506986;26.82476281934701;26.587291475183072;26.815263748168945;14700
2020-10-06;26.834263154610962;26.976745605468754;26.834263154610962;26.97674560546875;25100
2020-10-07;26.862758950710496;27.052734937899604;26.815263595091295;27.00524139404297;11400
2020-10-08;27.005241306199384;27.04323577880859;26.976744092920562;27.043235778808594;8500
2020-10-09;27.04323530407381;27.052734375;26.891253792779853;27.052734375;13200
2020-10-12;26.976746470148466;27.090733521545896;26.78677046683637;27.03373908996582;15500
2020-10-13;27.062234403469148;27.109729759780617;27.005241787657976;27.071733474731445;4000
2020-10-14;26.99574192750017;27.014740069469575;26.84376041527;26.938749313354492;4100
2020-10-15;26.834263413767083;26.843762485484362;26.729775436639684;26.78676986694336;9900
2020-10-16;26.786770114549846;26.786770114549846;26.4828052520752;26.482805252075195;4200
2020-10-19;26.50180261155743;26.52080075460549;26.22633678441114;26.349821090698242;10100
2020-10-20;26.387818726904783;26.492304895489774;26.311827962587188;26.473308563232422;9900
2020-10-21;26.283327326289516;26.41631069359941;26.017358779907227;26.017358779907227;9400
2020-10-22;26.06485510062665;26.21683661512199;25.979365272252704;26.07435417175293;5000
2020-10-23;26.435311068441745;26.68228149414062;26.397316593898733;26.682281494140625;6400
2020-10-26;26.454309848422636;26.4828052520752;26.292829251261576;26.482805252075195;7200
2020-10-27;26.292827999183118;26.35931968688965;26.207338168771116;26.35931968688965;6500
2020-10-28;26.32132381778413;26.32132381778413;25.979366302490234;25.979366302490234;5600
2020-10-29;26.00786170523652;26.159845037521475;25.979366302490234;25.979366302490234;7300
2020-10-30;26.178839768791292;26.625287043332367;25.931869360095973;26.56829261779785;42100
2020-11-02;26.596791181550838;26.72027548628963;26.596791181550838;26.653783798217773;14200
2020-11-03;26.748772061685052;26.815263748168945;26.54929700223338;26.815263748168945;11500
2020-11-04;26.71077696666557;27.01473999023438;26.69177882475189;27.014739990234375;16500
2020-11-05;26.97674464831432;26.97674464831432;26.910252961057367;26.957746505737305;4900
2020-11-06;26.89125386203266;26.99574183072729;26.49230194091797;26.49230194091797;20500
2020-11-09;26.74877182197765;27.04323577880859;26.69177920718256;27.043235778808594;21200
2020-11-10;26.900754928588867;27.043237379893487;26.67278264414894;26.900754928588867;15000
2020-11-11;26.824763131223403;27.043236335571272;26.767770515254956;26.957746505737305;8300
2020-11-12;26.88175575412269;27.02424001172443;26.88175575412269;26.995742797851562;3700
2020-11-13;26.986243719602825;26.986243719602825;26.957746505737305;26.957746505737305;4500
2020-11-16;27.043236824932578;27.043236824932578;26.739273785250376;27.024240493774414;21000
2020-11-17;26.94824885946745;27.17622113183212;26.92925071716309;26.929250717163086;20800
2020-11-18;26.80576515869673;27.176221694248213;26.80576515869673;26.843761444091797;6300
2020-11-19;26.97674401324032;27.119226455688477;26.82476249972728;27.119226455688477;13100
2020-11-20;27.11922622677623;27.11922622677623;26.84376041527;26.938749313354492;9400
2020-11-23;26.948249651278896;27.119227501754253;26.948249651278896;27.100231170654297;11700
2020-11-24;27.11922724853817;27.290206909179688;27.11922724853817;27.290206909179688;62500
2020-11-25;27.337702742036537;27.337702742036537;27.07173417509926;27.28070831298828;12300
2020-11-27;27.252212910226792;27.385196287814114;27.195218481178536;27.28070831298828;7900
2020-11-30;27.23321200162665;27.309202754211352;27.147722178498558;27.261709213256836;49100
2020-12-01;27.07173323973761;27.356698128082453;27.024239695600997;27.33770179748535;35200
2020-12-02;27.385194778442383;27.385194778442383;27.223714195231153;27.385194778442383;9300
2020-12-03;27.39469576296126;27.42319297790527;27.280708714947878;27.423192977905273;6400
2020-12-04;27.442187788009498;27.461185930252224;27.40419331528661;27.45168685913086;13700
2020-12-07;27.347201653505675;27.48018503031476;27.347201653505675;27.470685958862305;19700
2020-12-08;27.442188827625912;27.442188827625912;27.35669899605752;27.394695281982422;45800
2020-12-09;27.423192490221698;27.480185107333522;27.32820358719357;27.356698989868164;124700
2020-12-10;27.43268879738383;27.4516869396823;27.356698039952505;27.375696182250977;118200
2020-12-11;27.413692860844765;27.44218826293945;27.271208603320964;27.442188262939453;189000
2020-12-14;27.394695449325383;27.404194520864635;27.176222239210542;27.242713928222656;34400
2020-12-15;27.404194908464667;27.48018567009083;27.16672355191257;27.271209716796875;104600
2020-12-16;27.582405901581215;27.582405901581215;27.2731412275396;27.311800003051758;33000
2020-12-17;27.398781493404567;27.58240699768066;27.34079517118389;27.582406997680664;10200
2020-12-18;27.408444764066573;27.630727190493744;27.398780070306454;27.55341148376465;21500
2020-12-21;27.495424640024037;27.524416877399453;27.166832431855983;27.36012077331543;12900
2020-12-22;27.427772221615598;27.514752621830123;27.070187770379757;27.22481918334961;41500
2020-12-23;27.186161422391685;27.253814281022105;27.07985347410485;27.166833877563477;17500
2020-12-24;27.253813941465797;27.408445358276367;27.253813941465797;27.408445358276367;4100
2020-12-28;27.447101131087294;27.485759905332444;27.147503004094645;27.253812789916992;22800
2020-12-29;27.46643129731439;27.46643129731439;27.147503774152565;27.427772521972656;20400
2020-12-30;27.43743779123737;27.50508880615234;27.34079453755993;27.505088806152344;10500
2020-12-31;27.543746146615725;27.81435203552246;27.331128418915167;27.81435203552246;59800
2021-01-04;27.708043497927864;27.775694512363504;27.26347679208355;27.408445358276367;20900
2021-01-05;27.485761959978642;27.485761959978642;27.44710318284363;27.466432571411133;6900
2021-01-06;27.456766883771046;27.456766883771046;27.147504051287545;27.302135467529297;15400
2021-01-07;27.41810947463923;27.41810947463923;27.09918195376716;27.33112907409668;6700
2021-01-08;27.360120773315426;27.418108934769897;27.282805068061286;27.36012077331543;10400
2021-01-11;27.253814021598284;27.26347687224445;27.07018852233887;27.070188522338867;13900
2021-01-12;27.108846019445068;27.16683418464089;26.664281146388703;26.702938079833984;22300
2021-01-13;26.9058906721961;27.060522079467777;26.818910275186813;27.060522079467773;20200
2021-01-14;27.244148831349907;27.35045677668842;27.07018802925724;27.32146453857422;14300
2021-01-15;27.350456618276915;27.350456618276915;27.118509497947397;27.33112907409668;15600
2021-01-19;27.350456499129997;27.447101593017578;27.128174073534854;27.447101593017578;11000
2021-01-20;27.408445774283386;27.543747805208287;27.408445774283386;27.495426177978516;7400
2021-01-21;27.601734575967754;27.7273737581739;27.524418865130105;27.6887149810791;6600
2021-01-22;27.679048815942483;27.69837820346272;27.485760470795668;27.55341148376465;18100
2021-01-25;27.688714406131627;27.727373182423687;27.563077069886248;27.611398696899414;7500
2021-01-26;27.679048712336662;27.679048712336662;27.447101593017578;27.447101593017578;8100
2021-01-27;27.43743797400062;27.62106347524433;27.224820233801317;27.273141860961914;21200
2021-01-28;27.437436741203527;27.45676612854004;27.321464103888122;27.45676612854004;7100
2021-01-29;27.30213576140743;27.543747582304842;27.128174955424992;27.505088806152344;41200
2021-02-01;27.437437018819466;27.495425181415737;27.302134992798543;27.33112907409668;10800
2021-02-02;27.524417140865996;27.553411221870764;27.45676612854004;27.45676612854004;10600
2021-02-03;27.398779389397696;27.53408141197315;27.36012061531796;27.36978530883789;11500
2021-02-04;27.447102132188334;27.447102132188334;27.418109893798828;27.418109893798828;4800
2021-02-05;27.52441841697561;27.669385142016846;27.398781080167048;27.495426177978516;6800
2021-02-08;27.40844360875801;27.543745628992777;27.398778915405273;27.398778915405273;8200
2021-02-09;27.485762532033398;27.621064568118047;27.408446819506167;27.54374885559082;21200
2021-02-10;27.55341265830885;27.55341265830885;27.48576164245605;27.485761642456055;17300
2021-02-11;27.49542502227717;27.49542502227717;27.340793609619137;27.34079360961914;26400
2021-02-12;27.369785902589864;27.466430996533987;27.12817408940549;27.22481918334961;38700
2021-02-16;27.224821025921173;27.253815109072278;26.8865640958995;26.896228790283203;28800
2021-02-17;27.041193705271166;27.28280551859922;26.963877998740262;27.00253677368164;21900
2021-02-18;27.002537824089348;27.07985353362786;26.867233949883015;27.050859451293945;28200
2021-02-19;26.896228155750272;27.012202642266665;26.896228155750272;26.934886932373047;23500
2021-02-22;26.963877565907442;27.147503057227663;26.963877565907442;27.13783836364746;22800
2021-02-23;27.17649857165354;27.186161422391685;26.983208376556167;27.166833877563477;17000
2021-02-24;27.166833677783263;27.166833677783263;26.91555716334529;26.954214096069336;22000
2021-02-25;26.915556112098542;27.099181604583602;26.770589394179527;26.90589141845703;53200
2021-02-26;26.9832079411117;27.321464855397487;26.9832079411117;27.302135467529297;13300
2021-03-01;27.234483402794417;27.302134414371615;27.07018729895616;27.253812789916992;15100
2021-03-02;27.311798979949135;27.592067718505863;27.302134286433134;27.59206771850586;9400
2021-03-03;27.456765695985496;27.640391186085854;27.25381266220495;27.59206771850586;21200
2021-03-04;27.601732832254704;27.688713231871148;27.45676611401124;27.679048538208008;24100
2021-03-05;27.6887149810791;27.6887149810791;27.553412947951205;27.6887149810791;15500
2021-03-08;27.679048918751892;27.708043000139945;27.563076279903413;27.65972137451172;9200
2021-03-09;27.73703575134277;27.73703575134277;27.650055354701802;27.737035751342773;18600
2021-03-10;27.81435251005282;27.910995760341628;27.737036803810675;27.785358428955078;17900
2021-03-11;27.920661013328118;28.08495712280273;27.80468837331773;28.084957122802734;21500
2021-03-12;27.910996319435274;28.123615898374112;27.83368061164439;28.084957122802734;14500
2021-03-15;27.99797723526824;28.27824783325195;27.939990914198198;28.278247833251953;30900
2021-03-16;28.407999934009684;28.427659899765054;28.063958032800794;28.349021911621094;46900
2021-03-17;28.034470192617796;28.54561805725098;27.936172237899488;28.545618057250977;22500
2021-03-18;28.437489298393487;28.437489298393487;28.20157533880847;28.26055335998535;24100
2021-03-19;28.250723128731977;28.65374304050323;28.093447157059167;28.44731903076172;215000
2021-03-22;28.496467905031327;28.496467905031327;28.270383923477137;28.349021911621094;19100
2021-03-23;28.319531813327554;28.358851744630503;28.21140575199948;28.231063842773438;12800
2021-03-24;28.388340575060965;28.663574476886765;28.358852500675123;28.476808547973633;20400
2021-03-25;28.48663835612048;28.496468339147917;28.29987430323186;28.31953239440918;11700
2021-03-26;28.309701398486506;28.33919134651369;28.20157533880847;28.26055335998535;12800
2021-03-29;28.30970133693163;28.30970133693163;28.211405260143053;28.221233367919922;3400
2021-03-30;28.240893455868523;28.329361425264416;28.201575399957846;28.29987335205078;22800
2021-03-31;28.329362289722404;28.408000278820857;28.231064334629952;28.240894317626953;55800
2021-04-01;28.29004458008723;28.555446624755863;28.014810677423284;28.55544662475586;26900
2021-04-05;28.506296868137593;28.506296868137593;28.270382912145198;28.290042877197266;24900
2021-04-06;28.162255469169676;28.47680741596507;28.162255469169676;28.29987335205078;26600
2021-04-07;28.27038294157394;28.368680892059125;28.26055295903767;28.329360961914062;18000
2021-04-08;28.27038334266108;28.309701398486506;28.2114053214842;28.26055335998535;14900
2021-04-09;28.3195309498979;28.368680862528063;28.290042877197266;28.290042877197266;6300
2021-04-12;28.309700813209744;28.309700813209744;28.132766753337048;28.17208480834961;7700
2021-04-13;28.21140630344476;28.30970238386848;28.201576320426877;28.280214309692383;21800
2021-04-14;28.290043155601765;28.309701245969826;28.142595291137695;28.142595291137695;14800
2021-04-15;28.191745294834345;28.29987322915476;28.142595381562572;28.221233367919922;10600
2021-04-16;28.221234411585087;28.280214309692386;28.14259642231958;28.280214309692383;12400
2021-04-19;28.260553359985355;28.329361363837965;28.20157533880847;28.26055335998535;10000
2021-04-20;28.260553207733455;28.299873138224537;28.113107218146865;28.142595291137695;12500
2021-04-21;28.10327819021452;28.280214133680076;28.10327819021452;28.12293815612793;9700
2021-04-22;28.162254917469042;28.29004281514973;28.142594952460097;28.250722885131836;17500
2021-04-23;28.231064334629952;28.329362289722404;28.1622563285285;28.240894317626953;11700
2021-04-26;28.2114053214842;28.299873290688268;28.191745356132746;28.26055335998535;27200
2021-04-27;28.211405723688387;28.28021372852198;28.191745758056644;28.19174575805664;13500
2021-04-28;28.191745294834345;28.260553298537342;28.10327732582264;28.221233367919922;12600
2021-04-29;28.172086628900374;28.260554601992467;28.09344863891602;28.093448638916016;11900
2021-04-30;28.093447536060843;28.20157547112368;27.936171562266267;27.95583152770996;67000
2021-05-03;27.975489245913867;28.093447162128495;27.975489245913867;28.06395721435547;39000
2021-05-04;28.06395721435547;28.15242518279707;27.985319228504874;28.06395721435547;11300
2021-05-05;28.02464005308961;28.19174601271388;28.004980087280273;28.004980087280273;10200
2021-05-06;27.965662434491534;28.004980491800605;27.71008849991113;27.936172485351562;46200
2021-05-07;27.926341608180756;28.054129508818324;27.818213673007048;27.995149612426758;13800
2021-05-10;27.96566144914606;28.063957526394137;27.837873548919575;27.91651153564453;13300
2021-05-11;27.85753388828283;27.87719385394736;27.670767964224833;27.808385848999023;18800
2021-05-12;27.719918450760023;27.828044514392538;27.474174499511715;27.47417449951172;54600
2021-05-13;27.53315113427288;27.75923510804867;27.454513148834458;27.5233211517334;66700
2021-05-14;27.621618884973362;27.89685089440409;27.621618884973362;27.749404907226562;19800
2021-05-17;27.739575078236573;27.887022941107315;27.719916988080936;27.86736297607422;9800
2021-05-18;27.91651260623851;28.01481056213379;27.857534582652367;28.01481056213379;11900
2021-05-19;28.0148094877701;28.093447474495058;27.81821358351896;27.91651153564453;14500
2021-05-20;27.93617257239308;28.181916524692497;27.906682623161224;28.01481056213379;9600
2021-05-21;28.10327830542405;28.240894317626953;28.07378835643305;28.240894317626953;3600
2021-05-24;28.132766906535668;28.290042877197266;28.113106941483604;28.290042877197266;22000
2021-05-25;28.26055283800842;28.28021280299675;28.103276867856653;28.21140480041504;14800
2021-05-26;28.181916206777515;28.181916206777515;28.044300195003082;28.162256240844727;23400
2021-05-27;28.152424843404603;28.201574755767115;28.083616840974535;28.17208480834961;16100
2021-05-28;28.142596274911938;28.2114061556767;28.07378826902472;28.162256240844727;25000
2021-06-01;28.16225540810556;28.29004330801254;28.122937352280136;28.26055335998535;26900
2021-06-02;28.260553140326497;28.486637115478516;28.260553140326497;28.486637115478516;20800
2021-06-03;28.48663717706165;28.525957107543945;28.37851111799029;28.525957107543945;4100
2021-06-04;28.525958119030538;28.584936141967773;28.368682141279542;28.584936141967773;6400
2021-06-07;28.525958550280222;28.575106590991336;28.3981706446272;28.55544662475586;12200
2021-06-08;28.506297634027042;28.535787582397457;28.349021659139854;28.53578758239746;21700
2021-06-09;28.40800011067492;28.604596019696178;28.40800011067492;28.506298065185547;27400
2021-06-10;28.643912747007896;28.643912747007896;28.52595670697234;28.594764709472656;9100
2021-06-11;28.604595184326175;28.74221119169559;28.535787180641467;28.604595184326172;70600
2021-06-14;28.53578693720128;28.604594940298984;28.280213015068764;28.40799903869629;35800
2021-06-15;28.700000762939453;28.700000762939453;28.219999313354492;28.229999542236328;26100
2021-06-16;28.219999313354492;28.520000457763672;28.020000457763672;28.15999984741211;25500
2021-06-17;28.06999969482422;28.360000610351562;28.059999465942383;28.1299991607666;35700
2021-06-18;28.100000381469727;28.309999465942383;27.799999237060547;27.979999542236328;214600
2021-06-21;28.0;28.229999542236328;28.0;28.079999923706055;25800
2021-06-22;28.049999237060547;28.15999984741211;27.950000762939453;28.09000015258789;9500
2021-06-23;28.149999618530273;28.31999969482422;28.149999618530273;28.18000030517578;9200
2021-06-24;28.280000686645508;28.329999923706055;28.219999313354492;28.25;8900
2021-06-25;28.190000534057617;28.239999771118164;28.110000610351562;28.18000030517578;14400
2021-06-28;28.229999542236328;28.229999542236328;28.100000381469727;28.15999984741211;9800
2021-06-29;28.15999984741211;28.25;28.040000915527344;28.079999923706055;25600
2021-06-30;28.219999313354492;28.479999542236328;28.1200008392334;28.440000534057617;85100
2021-07-01;28.360000610351562;28.479999542236328;28.31999969482422;28.469999313354492;9800
2021-07-02;28.5;28.709999084472656;28.469999313354492;28.649999618530273;17700
2021-07-06;28.6200008392334;28.709999084472656;28.600000381469727;28.709999084472656;11700
2021-07-07;28.65999984741211;28.739999771118164;28.510000228881836;28.739999771118164;7800
2021-07-08;28.3799991607666;28.729999542236328;28.3799991607666;28.700000762939453;5800
2021-07-09;28.510000228881836;28.700000762939453;28.450000762939453;28.559999465942383;11000
2021-07-12;28.559999465942383;28.649999618530273;28.540000915527344;28.56999969482422;12400
2021-07-13;28.559999465942383;28.639999389648438;28.360000610351562;28.459999084472656;10500
2021-07-14;28.389999389648438;28.610000610351562;28.389999389648438;28.610000610351562;8900
2021-07-15;28.5;28.6299991607666;28.3700008392334;28.549999237060547;12100
2021-07-16;28.459999084472656;28.579999923706055;28.399999618530273;28.43000030517578;5800
2021-07-19;28.3700008392334;28.469999313354492;28.270000457763672;28.309999465942383;7900
2021-07-20;28.329999923706055;28.459999084472656;28.280000686645508;28.399999618530273;6900
