Date;Open;High;Low;Close;Volume
2010-05-14;11.0;11.399999618530273;10.800000190734863;11.010000228881836;1560600
2010-05-17;11.050000190734863;11.140000343322754;10.430000305175781;10.739999771118164;234000
2010-05-18;10.739999771118164;10.989999771118164;10.119999885559082;10.25;184300
2010-05-19;10.25;10.350000381469727;9.739999771118164;9.739999771118164;176700
2010-05-20;9.550000190734863;9.609999656677246;8.229999542236328;8.470000267028809;419900
2010-05-21;8.460000038146973;9.350000381469727;8.449999809265137;9.0;141100
2010-05-24;9.489999771118164;9.489999771118164;8.920000076293945;9.100000381469727;105700
2010-05-25;9.25;9.25;8.75;9.050000190734863;141000
2010-05-26;9.0;9.5;9.0;9.430000305175781;63500
2010-05-27;9.829999923706055;10.260000228881836;9.5;10.199999809265137;121800
2010-05-28;10.300000190734863;10.75;10.300000190734863;10.449999809265137;110300
2010-06-01;10.65999984741211;10.65999984741211;10.279999732971191;10.34000015258789;24400
2010-06-02;10.289999961853027;10.289999961853027;9.899999618530273;9.90999984741211;37500
2010-06-03;9.899999618530273;9.899999618530273;9.699999809265137;9.739999771118164;5000
2010-06-04;9.430000305175781;9.84000015258789;9.430000305175781;9.649999618530273;27800
2010-06-07;9.920000076293945;9.920000076293945;9.449999809265137;9.449999809265137;16000
2010-06-08;9.300000190734863;9.300000190734863;8.649999618530273;8.800000190734863;47300
2010-06-09;8.710000038146973;8.710000038146973;8.449999809265137;8.609999656677246;31300
2010-06-10;8.880000114440918;9.0600004196167;8.649999618530273;9.029999732971191;30800
2010-06-11;8.800000190734863;9.84000015258789;8.800000190734863;9.649999618530273;62000
2010-06-14;9.880000114440918;10.350000381469727;9.829999923706055;10.130000114440918;64300
2010-06-15;10.300000190734863;10.399999618530273;10.050000190734863;10.399999618530273;63300
2010-06-16;10.300000190734863;10.699999809265137;10.220000267028809;10.319999694824219;96800
2010-06-17;10.550000190734863;10.550000190734863;9.899999618530273;10.510000228881836;53800
2010-06-18;10.300000190734863;10.630000114440918;10.300000190734863;10.619999885559082;16800
2010-06-21;10.680000305175781;10.829999923706055;10.569999694824219;10.829999923706055;19300
2010-06-22;11.0;11.050000190734863;10.770000457763672;10.890000343322754;60000
2010-06-23;10.930000305175781;11.010000228881836;10.6899995803833;10.899999618530273;64100
2010-06-24;10.949999809265137;10.949999809265137;10.619999885559082;10.829999923706055;3600
2010-06-25;10.75;11.0;10.600000381469727;11.0;19400
2010-06-28;11.0;11.020000457763672;10.670000076293945;10.670000076293945;6400
2010-06-29;10.5;10.5;9.960000038146973;9.960000038146973;15000
2010-06-30;9.859999656677246;10.109999656677246;9.699999809265137;9.699999809265137;8400
2010-07-01;9.850000381469727;10.050000190734863;9.65999984741211;9.800000190734863;61400
2010-07-02;9.90999984741211;10.510000228881836;9.90999984741211;10.210000038146973;30900
2010-07-06;10.359999656677246;10.869999885559082;10.359999656677246;10.789999961853027;46000
2010-07-07;10.8100004196167;12.489999771118164;10.8100004196167;12.390000343322754;262100
2010-07-08;12.75;13.029999732971191;12.100000381469727;12.390000343322754;111700
2010-07-09;12.539999961853027;12.65999984741211;12.449999809265137;12.5;33300
2010-07-12;12.619999885559082;12.619999885559082;12.25;12.399999618530273;9700
2010-07-13;12.489999771118164;12.800000190734863;12.220000267028809;12.649999618530273;141200
2010-07-14;12.729999542236328;12.920000076293945;12.270000457763672;12.640000343322754;17400
2010-07-15;12.579999923706055;12.9399995803833;12.34000015258789;12.8100004196167;5000
2010-07-16;12.800000190734863;12.949999809265137;12.600000381469727;12.789999961853027;5800
2010-07-19;12.789999961853027;13.470000267028809;12.40999984741211;13.470000267028809;19600
2010-07-20;13.600000381469727;14.369999885559082;13.600000381469727;14.050000190734863;132200
2010-07-21;14.3100004196167;14.90999984741211;14.25;14.390000343322754;153800
2010-07-22;14.760000228881836;14.779999732971191;14.279999732971191;14.329999923706055;167000
2010-07-23;14.34000015258789;14.729999542236328;14.0;14.109999656677246;116400
2010-07-26;14.239999771118164;15.199999809265137;14.0600004196167;14.880000114440918;234300
2010-07-27;15.5;15.930000305175781;14.859999656677246;15.079999923706055;120500
2010-07-28;15.130000114440918;15.130000114440918;14.539999961853027;14.6899995803833;61500
2010-07-29;14.890000343322754;15.0;13.15999984741211;14.789999961853027;188200
2010-07-30;14.649999618530273;14.850000381469727;14.390000343322754;14.6899995803833;18100
2010-08-02;15.0;15.949999809265137;14.6899995803833;15.609999656677246;191600
2010-08-03;16.09000015258789;16.75;15.729999542236328;16.549999237060547;236000
2010-08-04;16.760000228881836;17.989999771118164;16.68000030517578;17.5;393400
2010-08-05;17.479999542236328;18.25;17.299999237060547;17.81999969482422;162400
2010-08-06;18.049999237060547;18.450000762939453;17.889999389648438;18.270000457763672;161500
2010-08-09;18.610000610351562;20.450000762939453;18.600000381469727;19.799999237060547;485700
2010-08-10;20.280000686645508;20.700000762939453;19.68000030517578;20.59000015258789;362100
2010-08-11;20.110000610351562;20.489999771118164;18.459999084472656;19.739999771118164;340900
2010-08-12;19.149999618530273;19.799999237060547;18.850000381469727;19.09000015258789;168500
2010-08-13;19.040000915527344;19.639999389648438;18.719999313354492;18.90999984741211;250200
2010-08-16;19.8799991607666;19.920000076293945;18.920000076293945;19.5;434700
2010-08-17;20.15999984741211;21.899999618530273;19.90999984741211;21.729999542236328;518800
2010-08-18;22.510000228881836;24.979999542236328;22.389999389648438;24.459999084472656;989900
2010-08-19;24.969999313354492;25.0;22.510000228881836;22.8799991607666;800300
2010-08-20;22.280000686645508;24.829999923706055;21.420000076293945;24.729999542236328;873900
2010-08-23;26.0;26.799999237060547;24.90999984741211;25.59000015258789;1062700
2010-08-24;24.5;25.5;23.899999618530273;24.229999542236328;498000
2010-08-25;24.8700008392334;25.280000686645508;22.219999313354492;24.209999084472656;537600
2010-08-26;24.229999542236328;25.299999237060547;23.600000381469727;24.010000228881836;433500
2010-08-27;24.1299991607666;25.649999618530273;23.700000762939453;25.18000030517578;411000
2010-08-30;25.860000610351562;26.450000762939453;25.010000228881836;25.239999771118164;609500
2010-08-31;25.1200008392334;25.5;24.3700008392334;24.719999313354492;377600
2010-09-01;25.110000610351562;25.940000534057617;25.110000610351562;25.360000610351562;229800
2010-09-02;25.81999969482422;27.600000381469727;25.729999542236328;27.0;1085800
2010-09-03;27.8799991607666;28.3799991607666;26.75;27.3799991607666;762400
2010-09-07;27.15999984741211;29.0;26.600000381469727;28.799999237060547;1174800
2010-09-08;30.360000610351562;30.639999389648438;27.610000610351562;27.959999084472656;1487000
2010-09-09;28.850000381469727;28.850000381469727;24.0;24.68000030517578;1528200
2010-09-10;25.0;27.0;23.350000381469727;24.40999984741211;1812800
2010-09-13;25.760000228881836;26.559999465942383;24.799999237060547;26.459999084472656;793900
2010-09-14;26.81999969482422;27.8799991607666;25.940000534057617;26.670000076293945;931000
2010-09-15;27.239999771118164;28.290000915527344;26.989999771118164;27.6200008392334;816800
2010-09-16;27.8700008392334;29.1299991607666;27.579999923706055;28.90999984741211;765400
2010-09-17;29.59000015258789;29.979999542236328;27.100000381469727;28.950000762939453;948800
2010-09-20;29.549999237060547;29.899999618530273;28.200000762939453;29.420000076293945;703900
2010-09-21;29.75;31.209999084472656;28.899999618530273;30.809999465942383;1020800
2010-09-22;31.200000762939453;31.889999389648438;29.420000076293945;30.450000762939453;912400
2010-09-23;30.0;30.649999618530273;28.149999618530273;29.25;687300
2010-09-24;30.040000915527344;30.270000457763672;29.350000381469727;29.579999923706055;512500
2010-09-27;30.059999465942383;30.5;29.5;30.200000762939453;510300
2010-09-28;30.440000534057617;30.440000534057617;28.670000076293945;29.450000762939453;412800
2010-09-29;29.549999237060547;32.400001525878906;28.799999237060547;31.6299991607666;1138800
2010-09-30;32.33000183105469;33.529998779296875;30.799999237060547;31.610000610351562;1148000
2010-10-01;32.5;32.720001220703125;30.8799991607666;31.889999389648438;397500
2010-10-04;31.84000015258789;31.93000030517578;29.110000610351562;29.420000076293945;789800
2010-10-05;29.989999771118164;30.719999313354492;29.350000381469727;30.399999618530273;474800
2010-10-06;30.639999389648438;31.0;29.25;29.75;493000
2010-10-07;30.0;30.139999389648438;27.219999313354492;28.56999969482422;644800
2010-10-08;27.770000457763672;27.799999237060547;26.450000762939453;26.760000228881836;950300
2010-10-11;27.65999984741211;30.729999542236328;27.360000610351562;30.6299991607666;1073800
2010-10-12;31.899999618530273;32.689998626708984;29.579999923706055;29.75;1207800
2010-10-13;30.0;30.889999389648438;29.6299991607666;30.40999984741211;593300
2010-10-14;30.299999237060547;31.75;30.0;30.81999969482422;653000
2010-10-15;31.309999465942383;31.5;29.610000610351562;30.200000762939453;416700
2010-10-18;30.049999237060547;30.100000381469727;28.760000228881836;28.959999084472656;451600
2010-10-19;28.8799991607666;29.290000915527344;27.1299991607666;27.670000076293945;603900
2010-10-20;28.110000610351562;29.260000228881836;28.100000381469727;28.68000030517578;618700
2010-10-21;29.3799991607666;29.5;26.610000610351562;27.020000457763672;626400
2010-10-22;27.100000381469727;27.100000381469727;25.3700008392334;26.09000015258789;927500
2010-10-25;26.860000610351562;27.829999923706055;26.75;27.1200008392334;474100
2010-10-26;27.149999618530273;28.450000762939453;26.899999618530273;28.0;542500
2010-10-27;26.899999618530273;30.600000381469727;26.799999237060547;30.479999542236328;1260200
2010-10-28;31.360000610351562;31.5;29.719999313354492;30.309999465942383;812900
2010-10-29;29.989999771118164;30.989999771118164;29.299999237060547;30.149999618530273;980600
2010-11-01;36.06999969482422;37.34000015258789;31.8700008392334;35.13999938964844;6228800
2010-11-02;35.91999816894531;36.349998474121094;34.099998474121094;35.33000183105469;1629800
2010-11-03;35.720001220703125;39.43000030517578;35.15999984741211;38.91999816894531;2531000
2010-11-04;40.380001068115234;41.75;36.54999923706055;37.52000045776367;2725800
2010-11-05;36.5;38.869998931884766;35.400001525878906;35.9900016784668;4377000
2010-11-08;36.439998626708984;37.0;34.2400016784668;36.279998779296875;1570700
2010-11-09;36.65999984741211;36.7599983215332;35.04999923706055;35.25;840100
2010-11-10;35.630001068115234;35.630001068115234;32.5;33.54999923706055;1906000
2010-11-11;33.20000076293945;34.310001373291016;32.5099983215332;33.2599983215332;1081600
2010-11-12;32.470001220703125;33.91999816894531;32.25;32.63999938964844;1619100
2010-11-15;33.209999084472656;33.4900016784668;30.65999984741211;31.440000534057617;1533300
2010-11-16;31.25;31.540000915527344;28.399999618530273;29.190000534057617;1969200
2010-11-17;28.510000228881836;28.780000686645508;25.5;25.610000610351562;4056300
2010-11-18;26.18000030517578;26.850000381469727;24.100000381469727;24.600000381469727;4188500
2010-11-19;24.3700008392334;26.139999389648438;22.8799991607666;26.059999465942383;4509800
2010-11-22;25.950000762939453;26.329999923706055;24.510000228881836;25.780000686645508;1706600
2010-11-23;25.280000686645508;26.3799991607666;24.84000015258789;25.469999313354492;1736300
2010-11-24;25.959999084472656;27.229999542236328;25.600000381469727;27.200000762939453;1592400
2010-11-26;26.81999969482422;27.450000762939453;26.479999542236328;26.950000762939453;551400
2010-11-29;27.0;27.190000534057617;25.15999984741211;25.40999984741211;1186200
2010-11-30;24.40999984741211;25.209999084472656;22.200000762939453;22.969999313354492;2137900
2010-12-01;23.610000610351562;24.209999084472656;21.84000015258789;22.010000228881836;1742600
2010-12-02;22.420000076293945;23.56999969482422;21.530000686645508;23.469999313354492;1706300
2010-12-03;23.510000228881836;24.25;23.100000381469727;23.700000762939453;1022300
2010-12-06;23.649999618530273;24.5;23.200000762939453;23.65999984741211;1116900
2010-12-07;23.3799991607666;23.639999389648438;21.110000610351562;21.540000915527344;2685100
2010-12-08;21.309999465942383;22.09000015258789;20.959999084472656;21.1200008392334;1040000
2010-12-09;21.93000030517578;22.489999771118164;21.149999618530273;21.260000228881836;1341500
2010-12-10;21.700000762939453;22.989999771118164;21.639999389648438;22.790000915527344;1411600
2010-12-13;23.399999618530273;23.489999771118164;21.149999618530273;21.309999465942383;1350100
2010-12-14;21.229999542236328;21.790000915527344;20.3799991607666;21.489999771118164;1234700
2010-12-15;21.459999084472656;22.25;21.440000534057617;21.549999237060547;619600
2010-12-16;21.709999084472656;21.760000228881836;21.0;21.489999771118164;422200
2010-12-17;21.3799991607666;22.0;21.010000228881836;22.0;695900
2010-12-20;21.969999313354492;22.1200008392334;21.139999389648438;21.59000015258789;556400
2010-12-21;21.6200008392334;22.90999984741211;21.59000015258789;22.299999237060547;1293200
2010-12-22;22.3700008392334;22.510000228881836;21.329999923706055;21.84000015258789;584500
2010-12-23;21.90999984741211;22.440000534057617;21.510000228881836;22.270000457763672;543700
2010-12-27;22.1200008392334;22.149999618530273;21.540000915527344;21.65999984741211;272700
2010-12-28;21.75;21.829999923706055;20.610000610351562;20.940000534057617;574900
2010-12-29;21.059999465942383;21.059999465942383;20.639999389648438;20.799999237060547;422900
2010-12-30;20.899999618530273;21.139999389648438;19.709999084472656;20.43000030517578;883900
2010-12-31;20.34000015258789;20.34000015258789;19.649999618530273;20.1200008392334;488300
2011-01-03;20.520000457763672;20.90999984741211;20.149999618530273;20.610000610351562;429200
2011-01-04;20.709999084472656;20.770000457763672;19.850000381469727;20.530000686645508;323100
2011-01-05;20.219999313354492;21.649999618530273;20.219999313354492;21.59000015258789;729200
2011-01-06;21.469999313354492;22.950000762939453;21.459999084472656;22.389999389648438;1012900
2011-01-07;22.510000228881836;23.559999465942383;22.15999984741211;23.520000457763672;1258600
2011-01-10;23.649999618530273;25.649999618530273;23.649999618530273;25.56999969482422;2022200
2011-01-11;26.110000610351562;26.5;25.149999618530273;25.940000534057617;1233400
2011-01-12;26.209999084472656;27.850000381469727;26.209999084472656;27.440000534057617;1507100
2011-01-13;27.440000534057617;27.979999542236328;26.399999618530273;27.239999771118164;1025200
2011-01-14;26.809999465942383;27.100000381469727;25.75;26.6200008392334;1026600
2011-01-18;26.84000015258789;28.989999771118164;26.510000228881836;28.719999313354492;1257100
2011-01-19;28.770000457763672;29.700000762939453;28.1200008392334;28.969999313354492;1625500
2011-01-20;28.0;29.450000762939453;27.239999771118164;28.829999923706055;1185800
2011-01-21;28.8799991607666;29.40999984741211;28.75;29.15999984741211;672400
2011-01-24;29.59000015258789;31.850000381469727;29.309999465942383;31.6200008392334;1540900
2011-01-25;31.290000915527344;31.600000381469727;27.469999313354492;27.959999084472656;2122400
2011-01-26;28.899999618530273;29.43000030517578;26.530000686645508;26.6200008392334;2395900
2011-01-27;27.059999465942383;27.940000534057617;26.200000762939453;27.200000762939453;1070400
2011-01-28;27.420000076293945;27.739999771118164;24.81999969482422;25.030000686645508;1215200
2011-01-31;25.280000686645508;26.420000076293945;25.059999465942383;26.110000610351562;875300
2011-02-01;26.549999237060547;27.420000076293945;26.520000457763672;27.170000076293945;992300
2011-02-02;27.079999923706055;28.719999313354492;27.0;28.31999969482422;1868100
2011-02-03;28.190000534057617;28.56999969482422;27.100000381469727;28.139999389648438;995800
2011-02-04;27.84000015258789;27.84000015258789;26.59000015258789;27.149999618530273;831900
2011-02-07;27.6200008392334;29.450000762939453;27.559999465942383;28.790000915527344;1233500
2011-02-08;28.68000030517578;28.690000534057617;27.760000228881836;28.06999969482422;706100
2011-02-09;28.549999237060547;28.700000762939453;27.479999542236328;27.860000610351562;622500
2011-02-10;27.299999237060547;28.31999969482422;27.149999618530273;28.31999969482422;463600
2011-02-11;28.049999237060547;29.270000457763672;27.899999618530273;28.579999923706055;1060500
2011-02-14;29.389999389648438;30.950000762939453;29.0;30.520000457763672;1404200
2011-02-15;30.399999618530273;31.25;28.56999969482422;28.969999313354492;1513500
2011-02-16;29.799999237060547;30.200000762939453;28.799999237060547;29.540000915527344;845900
2011-02-17;29.360000610351562;30.09000015258789;29.149999618530273;29.479999542236328;637100
2011-02-18;30.40999984741211;30.75;29.420000076293945;29.670000076293945;1093900
2011-02-22;29.149999618530273;30.3700008392334;28.049999237060547;28.3799991607666;1456700
2011-02-23;28.40999984741211;29.200000762939453;26.0;27.540000915527344;1241900
2011-02-24;27.739999771118164;28.719999313354492;27.020000457763672;28.020000457763672;942700
2011-02-25;28.90999984741211;29.290000915527344;27.850000381469727;29.239999771118164;1526600
2011-02-28;32.06999969482422;32.209999084472656;27.760000228881836;28.18000030517578;7363800
2011-03-01;27.93000030517578;29.280000686645508;26.25;27.610000610351562;2790400
2011-03-02;27.780000686645508;28.100000381469727;26.399999618530273;27.1200008392334;1753400
2011-03-03;28.020000457763672;28.030000686645508;25.360000610351562;26.280000686645508;3202000
2011-03-04;26.200000762939453;26.729999542236328;25.5;25.540000915527344;1467300
2011-03-07;25.8700008392334;25.8700008392334;23.780000686645508;23.889999389648438;2187500
2011-03-08;24.139999389648438;24.360000610351562;23.290000915527344;23.8799991607666;1046200
2011-03-09;23.510000228881836;24.34000015258789;23.5;23.81999969482422;1000000
2011-03-10;23.219999313354492;23.219999313354492;22.209999084472656;22.700000762939453;1677100
2011-03-11;21.90999984741211;22.850000381469727;21.700000762939453;22.610000610351562;965800
2011-03-14;23.719999313354492;25.459999084472656;23.719999313354492;24.81999969482422;2275100
2011-03-15;25.610000610351562;26.989999771118164;25.25;26.719999313354492;2612100
2011-03-16;26.940000534057617;26.940000534057617;25.270000457763672;25.290000915527344;1372700
2011-03-17;25.540000915527344;26.0;25.010000228881836;25.31999969482422;894100
2011-03-18;25.510000228881836;25.510000228881836;23.510000228881836;24.149999618530273;1268200
2011-03-21;24.760000228881836;25.200000762939453;24.459999084472656;25.030000686645508;670200
2011-03-22;24.940000534057617;25.049999237060547;24.520000457763672;24.829999923706055;534100
2011-03-23;24.600000381469727;25.579999923706055;24.510000228881836;25.549999237060547;528100
2011-03-24;25.700000762939453;25.860000610351562;25.15999984741211;25.59000015258789;425500
2011-03-25;25.510000228881836;25.770000457763672;25.170000076293945;25.399999618530273;490800
2011-03-28;25.75;27.200000762939453;25.75;26.75;1584900
2011-03-29;26.760000228881836;27.18000030517578;26.100000381469727;26.65999984741211;752900
2011-03-30;26.979999542236328;27.3700008392334;26.5;27.200000762939453;706900
2011-03-31;27.56999969482422;27.600000381469727;26.540000915527344;27.0;692500
2011-04-01;27.280000686645508;27.290000915527344;26.010000228881836;26.18000030517578;623100
2011-04-04;26.190000534057617;26.450000762939453;25.049999237060547;25.3700008392334;598900
2011-04-05;25.489999771118164;26.0;25.170000076293945;25.760000228881836;849300
2011-04-06;25.790000915527344;26.100000381469727;25.15999984741211;25.639999389648438;416300
2011-04-07;25.700000762939453;25.950000762939453;25.25;25.790000915527344;417900
2011-04-08;25.829999923706055;26.0;25.100000381469727;25.239999771118164;431600
2011-04-11;25.290000915527344;25.530000686645508;23.799999237060547;24.290000915527344;785000
2011-04-12;24.0;24.0;23.260000228881836;23.68000030517578;580900
2011-04-13;24.0;24.579999923706055;23.770000457763672;24.399999618530273;655600
2011-04-14;24.34000015258789;24.639999389648438;23.5;23.799999237060547;532500
2011-04-15;23.760000228881836;23.950000762939453;23.350000381469727;23.729999542236328;307900
2011-04-18;23.5;23.600000381469727;22.450000762939453;22.850000381469727;737400
2011-04-19;23.059999465942383;23.360000610351562;22.530000686645508;23.200000762939453;399200
2011-04-20;23.790000915527344;24.200000762939453;23.40999984741211;24.010000228881836;570200
2011-04-21;24.31999969482422;24.739999771118164;23.780000686645508;24.739999771118164;409900
2011-04-25;24.56999969482422;24.65999984741211;23.93000030517578;24.280000686645508;395600
2011-04-26;24.389999389648438;25.09000015258789;23.950000762939453;25.059999465942383;790400
2011-04-27;24.899999618530273;25.0;24.469999313354492;24.75;507000
2011-04-28;24.6200008392334;26.079999923706055;24.40999984741211;25.90999984741211;1454800
2011-04-29;27.43000030517578;27.649999618530273;26.450000762939453;27.149999618530273;1671900
2011-05-02;27.690000534057617;28.299999237060547;26.170000076293945;27.110000610351562;1528500
2011-05-03;26.989999771118164;27.0;25.399999618530273;25.979999542236328;1120900
2011-05-04;25.540000915527344;26.0;24.940000534057617;25.989999771118164;600500
2011-05-05;26.0;26.790000915527344;25.729999542236328;26.299999237060547;471700
2011-05-06;26.700000762939453;27.139999389648438;26.420000076293945;26.81999969482422;347300
2011-05-09;27.030000686645508;27.040000915527344;26.09000015258789;26.440000534057617;393500
2011-05-10;26.5;27.469999313354492;26.190000534057617;27.190000534057617;817400
2011-05-11;26.889999389648438;28.059999465942383;26.65999984741211;27.549999237060547;949700
2011-05-12;27.350000381469727;28.489999771118164;27.0;28.40999984741211;1135600
2011-05-13;28.950000762939453;28.989999771118164;27.59000015258789;28.5;715700
2011-05-16;28.25;28.290000915527344;27.280000686645508;27.5;893900
2011-05-17;27.209999084472656;27.40999984741211;24.350000381469727;25.790000915527344;1466300
2011-05-18;26.219999313354492;26.8799991607666;25.6299991607666;26.09000015258789;1123900
2011-05-19;26.25;26.6200008392334;25.450000762939453;25.770000457763672;597200
2011-05-20;25.709999084472656;26.09000015258789;24.399999618530273;24.59000015258789;714100
2011-05-23;24.149999618530273;24.6299991607666;23.010000228881836;24.270000457763672;685100
2011-05-24;24.530000686645508;24.8700008392334;23.93000030517578;24.100000381469727;444500
2011-05-25;23.920000076293945;24.15999984741211;23.5;23.899999618530273;680300
2011-05-26;24.0;25.450000762939453;24.0;25.3700008392334;604400
2011-05-27;25.639999389648438;25.68000030517578;25.010000228881836;25.290000915527344;433800
2011-05-31;26.639999389648438;26.68000030517578;25.799999237060547;26.020000457763672;551500
2011-06-01;26.100000381469727;26.729999542236328;24.600000381469727;24.8700008392334;606000
2011-06-02;24.440000534057617;25.520000457763672;24.389999389648438;24.950000762939453;648500
2011-06-03;24.299999237060547;24.579999923706055;23.309999465942383;23.459999084472656;1005100
2011-06-06;23.450000762939453;23.690000534057617;22.040000915527344;22.229999542236328;1014500
2011-06-07;23.0;23.5;22.729999542236328;23.219999313354492;895800
2011-06-08;22.860000610351562;23.1200008392334;20.739999771118164;21.25;1299900
2011-06-09;21.579999923706055;21.889999389648438;21.0;21.690000534057617;540600
2011-06-10;21.600000381469727;22.34000015258789;20.299999237060547;22.200000762939453;1128600
2011-06-13;23.030000686645508;23.969999313354492;22.6200008392334;23.5;1049900
2011-06-14;23.979999542236328;25.059999465942383;23.860000610351562;24.829999923706055;702000
2011-06-15;24.440000534057617;25.799999237060547;24.190000534057617;25.0;1059300
2011-06-16;25.1200008392334;25.75;24.25;24.6200008392334;378400
2011-06-17;25.139999389648438;25.329999923706055;23.350000381469727;23.59000015258789;582600
2011-06-20;24.040000915527344;24.040000915527344;22.5;23.0;366000
2011-06-21;23.200000762939453;23.780000686645508;23.200000762939453;23.489999771118164;240400
2011-06-22;23.440000534057617;25.920000076293945;23.15999984741211;24.979999542236328;1102500
2011-06-23;24.510000228881836;26.209999084472656;23.399999618530273;25.670000076293945;1116100
2011-06-24;25.6200008392334;26.440000534057617;24.690000534057617;24.969999313354492;467300
2011-06-27;25.229999542236328;25.43000030517578;24.799999237060547;25.1299991607666;290000
2011-06-28;25.239999771118164;25.649999618530273;24.8700008392334;25.5;212000
2011-06-29;25.559999465942383;25.700000762939453;25.170000076293945;25.65999984741211;412500
2011-06-30;26.299999237060547;27.100000381469727;26.270000457763672;26.520000457763672;612300
2011-07-01;26.639999389648438;27.299999237060547;25.889999389648438;26.6200008392334;293800
2011-07-05;26.979999542236328;26.979999542236328;26.040000915527344;26.68000030517578;221800
2011-07-06;26.600000381469727;26.940000534057617;25.5;25.75;378800
2011-07-07;26.170000076293945;26.200000762939453;24.780000686645508;26.040000915527344;866400
2011-07-08;26.18000030517578;26.25;25.15999984741211;25.59000015258789;632500
2011-07-11;25.260000228881836;25.360000610351562;23.59000015258789;24.059999465942383;763500
2011-07-12;23.809999465942383;23.8700008392334;21.809999465942383;22.799999237060547;1234000
2011-07-13;23.010000228881836;24.670000076293945;23.010000228881836;24.010000228881836;713100
2011-07-14;23.860000610351562;24.15999984741211;23.31999969482422;23.68000030517578;679900
2011-07-15;23.899999618530273;24.239999771118164;23.200000762939453;23.950000762939453;372600
2011-07-18;23.530000686645508;24.489999771118164;22.940000534057617;24.469999313354492;510600
2011-07-19;24.739999771118164;25.100000381469727;24.389999389648438;24.59000015258789;439000
2011-07-20;25.0;25.09000015258789;24.719999313354492;24.899999618530273;510400
2011-07-21;24.799999237060547;25.350000381469727;23.760000228881836;24.040000915527344;974800
2011-07-22;24.100000381469727;24.450000762939453;23.950000762939453;24.329999923706055;397700
2011-07-25;24.020000457763672;24.389999389648438;23.350000381469727;23.489999771118164;197600
2011-07-26;23.190000534057617;23.530000686645508;22.84000015258789;23.299999237060547;533300
2011-07-27;23.209999084472656;23.209999084472656;21.829999923706055;22.010000228881836;480100
2011-07-28;21.969999313354492;22.18000030517578;21.450000762939453;21.719999313354492;460200
2011-07-29;21.479999542236328;21.959999084472656;20.760000228881836;21.700000762939453;638000
2011-08-01;22.260000228881836;22.90999984741211;21.010000228881836;21.559999465942383;708600
2011-08-02;21.219999313354492;22.350000381469727;21.110000610351562;21.920000076293945;457700
2011-08-03;21.899999618530273;22.149999618530273;20.850000381469727;21.899999618530273;305000
2011-08-04;21.510000228881836;21.770000457763672;19.600000381469727;19.6200008392334;814200
2011-08-05;19.010000228881836;19.389999389648438;17.479999542236328;18.6299991607666;1388700
2011-08-08;17.290000915527344;17.469999313354492;14.09000015258789;15.279999732971191;1823000
2011-08-09;15.529999732971191;16.5;14.5;15.649999618530273;1170600
2011-08-10;15.550000190734863;16.299999237060547;14.789999961853027;15.300000190734863;975400
2011-08-11;15.520000457763672;16.489999771118164;15.25;15.899999618530273;1205300
2011-08-12;16.489999771118164;16.489999771118164;15.0;15.229999542236328;915400
2011-08-15;16.25;16.93000030517578;15.5;16.760000228881836;902300
2011-08-16;16.510000228881836;18.65999984741211;16.219999313354492;17.25;1115100
2011-08-17;17.270000457763672;17.479999542236328;16.0;16.1299991607666;844000
2011-08-18;15.720000267028809;15.800000190734863;14.510000228881836;14.6899995803833;414400
2011-08-19;14.65999984741211;15.100000381469727;14.0;14.220000267028809;576500
2011-08-22;14.899999618530273;14.90999984741211;13.5;14.430000305175781;1274500
2011-08-23;14.34000015258789;16.950000762939453;14.34000015258789;16.610000610351562;785300
2011-08-24;16.260000228881836;17.469999313354492;15.710000038146973;17.3700008392334;553400
2011-08-25;17.200000762939453;17.260000228881836;16.270000457763672;16.420000076293945;477000
2011-08-26;15.970000267028809;16.8799991607666;15.859999656677246;16.579999923706055;424800
2011-08-29;17.100000381469727;17.170000076293945;16.329999923706055;16.770000457763672;478900
2011-08-30;16.5;16.75;16.100000381469727;16.229999542236328;555000
2011-08-31;16.420000076293945;16.690000534057617;16.110000610351562;16.40999984741211;360900
2011-09-01;16.260000228881836;16.5;15.649999618530273;15.6899995803833;325900
2011-09-02;15.4399995803833;15.4399995803833;13.84000015258789;14.029999732971191;703100
2011-09-06;13.390000343322754;13.5;12.850000381469727;13.0;546400
2011-09-07;13.729999542236328;13.850000381469727;12.8100004196167;12.899999618530273;532300
2011-09-08;13.199999809265137;13.25;11.649999618530273;11.819999694824219;833600
2011-09-09;11.300000190734863;11.350000381469727;10.3100004196167;10.59000015258789;921000
2011-09-12;10.460000038146973;10.460000038146973;9.59000015258789;9.970000267028809;782900
2011-09-13;9.979999542236328;10.640000343322754;9.90999984741211;10.239999771118164;790800
2011-09-14;10.380000114440918;10.5;9.84000015258789;10.020000457763672;593600
2011-09-15;10.199999809265137;10.359999656677246;9.699999809265137;9.819999694824219;392600
2011-09-16;9.739999771118164;9.779999732971191;8.800000190734863;9.039999961853027;1058600
2011-09-19;7.599999904632568;7.699999809265137;6.440000057220459;6.5;4200100
2011-09-20;6.53000020980835;6.619999885559082;5.880000114440918;5.889999866485596;2976200
2011-09-21;6.03000020980835;6.300000190734863;5.760000228881836;5.760000228881836;3576200
2011-09-22;5.730000019073486;6.449999809265137;5.409999847412109;6.099999904632568;2315200
2011-09-23;6.070000171661377;6.349999904632568;5.889999866485596;6.050000190734863;1351400
2011-09-26;6.190000057220459;6.269999980926514;5.699999809265137;5.940000057220459;1271200
2011-09-27;6.190000057220459;6.269999980926514;5.800000190734863;5.829999923706055;1385300
2011-09-28;6.0;6.0;5.019999980926514;5.099999904632568;1545100
2011-09-29;5.260000228881836;5.28000020980835;4.550000190734863;4.960000038146973;1602400
2011-09-30;4.889999866485596;5.159999847412109;4.699999809265137;4.860000133514404;1149700
2011-10-03;4.659999847412109;5.0;4.639999866485596;4.710000038146973;856600
2011-10-04;4.559999942779541;5.869999885559082;4.559999942779541;5.71999979019165;1800000
2011-10-05;5.739999771118164;6.489999771118164;5.679999828338623;6.360000133514404;2414600
2011-10-06;6.599999904632568;6.949999809265137;6.5;6.789999961853027;1355400
2011-10-07;6.989999771118164;7.090000152587891;6.289999961853027;6.300000190734863;1298700
2011-10-10;6.559999942779541;6.75;6.440000057220459;6.710000038146973;659400
2011-10-11;6.829999923706055;7.480000019073486;6.75;7.190000057220459;1515600
2011-10-12;7.239999771118164;7.880000114440918;7.019999980926514;7.840000152587891;1419800
2011-10-13;7.800000190734863;9.0;7.800000190734863;8.970000267028809;1539600
2011-10-14;9.300000190734863;9.680000305175781;8.300000190734863;8.420000076293945;1507700
2011-10-17;8.25;8.850000381469727;7.599999904632568;8.289999961853027;1319500
2011-10-18;8.59000015258789;8.970000267028809;7.929999828338623;8.890000343322754;950000
2011-10-19;8.819999694824219;8.979999542236328;8.050000190734863;8.34000015258789;903900
2011-10-20;8.149999618530273;8.380000114440918;7.619999885559082;8.319999694824219;812000
2011-10-21;8.600000381469727;8.949999809265137;7.940000057220459;8.279999732971191;641200
2011-10-24;8.949999809265137;8.949999809265137;8.260000228881836;8.5600004196167;1068900
2011-10-25;8.260000228881836;8.579999923706055;8.069999694824219;8.140000343322754;693400
2011-10-26;8.449999809265137;8.449999809265137;7.900000095367432;8.199999809265137;558600
2011-10-27;8.75;9.380000114440918;8.40999984741211;9.140000343322754;1304400
2011-10-28;9.4399995803833;9.880000114440918;9.050000190734863;9.84000015258789;667000
2011-10-31;9.699999809265137;9.699999809265137;9.069999694824219;9.25;416400
2011-11-01;8.630000114440918;8.739999771118164;8.170000076293945;8.550000190734863;564800
2011-11-02;8.609999656677246;8.989999771118164;8.600000381469727;8.859999656677246;360700
2011-11-03;8.979999542236328;9.0;8.25;8.6899995803833;373100
2011-11-04;8.6899995803833;8.880000114440918;8.460000038146973;8.600000381469727;358800
2011-11-07;8.369999885559082;8.640000343322754;8.34000015258789;8.550000190734863;181400
2011-11-08;8.609999656677246;8.84000015258789;8.350000381469727;8.640000343322754;324100
2011-11-09;8.4399995803833;8.5;7.940000057220459;8.220000267028809;404800
2011-11-10;8.510000228881836;8.510000228881836;7.670000076293945;7.769999980926514;293500
2011-11-11;7.869999885559082;8.149999618530273;7.710000038146973;7.760000228881836;311400
2011-11-14;7.389999866485596;7.389999866485596;6.630000114440918;6.75;954300
2011-11-15;6.960000038146973;6.960000038146973;6.449999809265137;6.590000152587891;393200
2011-11-16;6.519999980926514;6.639999866485596;6.400000095367432;6.519999980926514;289500
2011-11-17;6.519999980926514;6.599999904632568;6.159999847412109;6.190000057220459;290500
2011-11-18;6.230000019073486;6.289999961853027;5.829999923706055;5.829999923706055;458500
2011-11-21;5.510000228881836;5.789999961853027;5.21999979019165;5.699999809265137;633300
2011-11-22;4.949999809265137;5.559999942779541;4.860000133514404;5.25;940100
2011-11-23;5.260000228881836;5.800000190734863;5.139999866485596;5.760000228881836;623100
2011-11-25;5.78000020980835;6.0;5.050000190734863;5.21999979019165;563600
2011-11-28;5.539999961853027;5.639999866485596;5.369999885559082;5.449999809265137;538200
2011-11-29;5.489999771118164;5.570000171661377;5.119999885559082;5.159999847412109;310600
2011-11-30;5.5;6.170000076293945;5.28000020980835;6.079999923706055;946000
2011-12-01;5.980000019073486;6.389999866485596;5.849999904632568;6.159999847412109;377800
2011-12-02;6.300000190734863;6.400000095367432;5.809999942779541;5.849999904632568;337200
2011-12-05;6.0;6.139999866485596;5.659999847412109;5.960000038146973;308300
2011-12-06;5.860000133514404;6.0;5.650000095367432;5.670000076293945;251400
2011-12-07;5.599999904632568;5.96999979019165;5.570000171661377;5.929999828338623;265200
2011-12-08;6.059999942779541;6.059999942779541;5.650000095367432;5.739999771118164;243000
2011-12-09;5.900000095367432;5.900000095367432;5.599999904632568;5.699999809265137;172000
2011-12-12;5.5;5.630000114440918;5.349999904632568;5.400000095367432;192500
2011-12-13;5.369999885559082;5.5;5.03000020980835;5.090000152587891;239800
2011-12-14;4.909999847412109;5.019999980926514;4.860000133514404;4.909999847412109;499500
2011-12-15;4.909999847412109;5.079999923706055;4.849999904632568;4.900000095367432;188200
2011-12-16;4.920000076293945;5.050000190734863;4.849999904632568;4.949999809265137;215000
2011-12-19;5.039999961853027;5.090000152587891;4.829999923706055;4.909999847412109;248000
2011-12-20;5.03000020980835;5.5;5.0;5.349999904632568;367800
2011-12-21;5.449999809265137;5.489999771118164;5.150000095367432;5.349999904632568;227100
2011-12-22;5.440000057220459;5.880000114440918;5.409999847412109;5.829999923706055;468500
2011-12-23;5.900000095367432;5.900000095367432;5.519999980926514;5.550000190734863;273300
2011-12-27;5.510000228881836;5.570000171661377;5.099999904632568;5.190000057220459;282400
2011-12-28;5.230000019073486;5.230000019073486;4.949999809265137;5.0;450500
2011-12-29;5.0;5.380000114440918;4.940000057220459;4.960000038146973;264400
2011-12-30;4.900000095367432;5.079999923706055;4.880000114440918;5.0;342000
2012-01-03;5.239999771118164;5.5;5.170000076293945;5.25;812100
2012-01-04;5.190000057220459;5.320000171661377;5.03000020980835;5.070000171661377;583100
2012-01-05;5.059999942779541;5.139999866485596;4.949999809265137;4.989999771118164;398200
2012-01-06;5.0;5.059999942779541;4.960000038146973;5.059999942779541;348200
2012-01-09;5.25;5.25;5.010000228881836;5.170000076293945;228800
2012-01-10;5.300000190734863;5.400000095367432;5.150000095367432;5.210000038146973;560200
2012-01-11;5.300000190734863;7.710000038146973;5.269999980926514;6.880000114440918;3789000
2012-01-12;6.880000114440918;7.349999904632568;6.369999885559082;7.019999980926514;1430500
2012-01-13;6.880000114440918;7.5;6.5;6.650000095367432;1386100
2012-01-17;6.800000190734863;7.179999828338623;6.659999847412109;6.800000190734863;802300
2012-01-18;6.800000190734863;7.429999828338623;6.710000038146973;7.239999771118164;1193000
2012-01-19;7.239999771118164;7.599999904632568;6.46999979019165;6.5;1462100
2012-01-20;6.550000190734863;6.590000152587891;6.150000095367432;6.25;774400
2012-01-23;6.260000228881836;6.449999809265137;5.920000076293945;6.170000076293945;406500
2012-01-24;6.150000095367432;6.349999904632568;5.909999847412109;6.079999923706055;311100
2012-01-25;6.110000133514404;6.25;5.860000133514404;5.920000076293945;454700
2012-01-26;6.159999847412109;6.46999979019165;5.960000038146973;6.179999828338623;661000
2012-01-27;6.289999961853027;6.949999809265137;6.079999923706055;6.829999923706055;1310200
2012-01-30;6.78000020980835;7.0;6.550000190734863;6.599999904632568;817700
2012-01-31;6.989999771118164;6.989999771118164;6.150000095367432;6.389999866485596;698200
2012-02-01;6.449999809265137;6.630000114440918;6.449999809265137;6.510000228881836;406800
2012-02-02;6.5;7.170000076293945;6.5;7.090000152587891;909300
2012-02-03;7.21999979019165;7.300000190734863;6.670000076293945;7.170000076293945;1778100
2012-02-06;7.070000171661377;7.78000020980835;7.03000020980835;7.599999904632568;1243200
2012-02-07;7.53000020980835;8.170000076293945;7.320000171661377;7.960000038146973;1247100
2012-02-08;8.119999885559082;8.619999885559082;7.710000038146973;8.600000381469727;1775700
2012-02-09;8.800000190734863;10.170000076293945;8.649999618530273;10.069999694824219;3657700
2012-02-10;9.800000190734863;10.050000190734863;9.100000381469727;9.380000114440918;1016300
2012-02-13;10.029999732971191;10.199999809265137;8.899999618530273;9.0;575200
2012-02-14;8.600000381469727;8.850000381469727;7.800000190734863;7.960000038146973;901600
2012-02-15;8.100000381469727;8.5;8.0;8.180000305175781;412500
2012-02-16;8.09000015258789;8.289999961853027;7.71999979019165;8.109999656677246;345200
2012-02-17;8.420000076293945;9.130000114440918;8.420000076293945;8.8100004196167;1212300
2012-02-21;9.270000457763672;9.449999809265137;8.819999694824219;9.279999732971191;657000
2012-02-22;9.020000457763672;9.079999923706055;8.520000457763672;8.779999732971191;509800
2012-02-23;8.25;8.460000038146973;8.0;8.029999732971191;658100
2012-02-24;8.069999694824219;8.229999542236328;7.599999904632568;7.809999942779541;640700
2012-02-27;7.699999809265137;7.710000038146973;7.25;7.460000038146973;795500
2012-02-28;7.599999904632568;7.860000133514404;7.440000057220459;7.639999866485596;541300
2012-02-29;7.599999904632568;7.730000019073486;7.199999809265137;7.28000020980835;322200
2012-03-01;7.300000190734863;7.489999771118164;7.119999885559082;7.210000038146973;223000
2012-03-02;7.210000038146973;7.309999942779541;6.920000076293945;6.989999771118164;366600
2012-03-05;7.239999771118164;7.239999771118164;6.5;6.650000095367432;291900
2012-03-06;6.480000019073486;6.480000019073486;6.210000038146973;6.289999961853027;619900
2012-03-07;6.389999866485596;6.400000095367432;5.900000095367432;5.949999809265137;582000
2012-03-08;5.300000190734863;5.75;5.210000038146973;5.539999961853027;1066300
2012-03-09;5.539999961853027;6.079999923706055;5.539999961853027;6.010000228881836;596500
2012-03-12;6.179999828338623;6.369999885559082;6.050000190734863;6.25;748800
2012-03-13;6.300000190734863;6.730000019073486;6.210000038146973;6.619999885559082;587700
2012-03-14;6.619999885559082;6.789999961853027;6.400000095367432;6.440000057220459;393100
2012-03-15;6.369999885559082;6.670000076293945;6.199999809265137;6.53000020980835;260400
2012-03-16;6.630000114440918;6.920000076293945;6.539999961853027;6.75;735900
2012-03-19;6.75;6.900000095367432;6.460000038146973;6.570000171661377;221400
2012-03-20;6.579999923706055;7.139999866485596;6.110000133514404;6.940000057220459;1334300
2012-03-21;6.940000057220459;6.940000057220459;6.420000076293945;6.420000076293945;415900
2012-03-22;6.230000019073486;6.539999961853027;6.139999866485596;6.420000076293945;218100
2012-03-23;6.400000095367432;6.599999904632568;6.210000038146973;6.590000152587891;257400
2012-03-26;6.769999980926514;6.889999866485596;6.5;6.539999961853027;485400
2012-03-27;6.570000171661377;6.75;6.329999923706055;6.510000228881836;240900
2012-03-28;6.420000076293945;6.679999828338623;6.230000019073486;6.590000152587891;544700
2012-03-29;6.46999979019165;6.559999942779541;6.190000057220459;6.46999979019165;612500
2012-03-30;6.489999771118164;6.579999923706055;6.019999980926514;6.099999904632568;310400
2012-04-02;6.079999923706055;6.090000152587891;5.590000152587891;5.789999961853027;547100
2012-04-03;5.829999923706055;5.949999809265137;5.619999885559082;5.699999809265137;370800
2012-04-04;5.53000020980835;5.630000114440918;5.369999885559082;5.579999923706055;384600
2012-04-05;5.510000228881836;5.710000038146973;5.25;5.460000038146973;325800
2012-04-09;5.25;5.289999961853027;5.130000114440918;5.170000076293945;215200
2012-04-10;5.21999979019165;5.650000095367432;5.21999979019165;5.389999866485596;282800
2012-04-11;5.650000095367432;5.849999904632568;5.579999923706055;5.699999809265137;257600
2012-04-12;5.690000057220459;5.869999885559082;5.579999923706055;5.710000038146973;135500
2012-04-13;5.849999904632568;5.860000133514404;5.28000020980835;5.340000152587891;348600
2012-04-16;5.570000171661377;5.599999904632568;5.300000190734863;5.340000152587891;164300
2012-04-17;5.539999961853027;5.889999866485596;5.360000133514404;5.820000171661377;413100
2012-04-18;5.940000057220459;5.940000057220459;5.590000152587891;5.679999828338623;112000
2012-04-19;5.75;5.880000114440918;5.690000057220459;5.730000019073486;89300
2012-04-20;5.730000019073486;5.769999980926514;5.409999847412109;5.5;222900
2012-04-23;5.340000152587891;5.389999866485596;5.139999866485596;5.239999771118164;219200
2012-04-24;5.150000095367432;5.349999904632568;5.150000095367432;5.300000190734863;191400
2012-04-25;5.400000095367432;5.480000019073486;5.260000228881836;5.389999866485596;106800
2012-04-26;5.349999904632568;5.550000190734863;5.320000171661377;5.5;92600
2012-04-27;5.460000038146973;5.489999771118164;5.349999904632568;5.409999847412109;185800
2012-04-30;5.300000190734863;5.760000228881836;5.300000190734863;5.480000019073486;397200
2012-05-01;5.960000038146973;5.960000038146973;5.659999847412109;5.739999771118164;330300
2012-05-02;5.690000057220459;5.760000228881836;5.5;5.550000190734863;110000
2012-05-03;5.489999771118164;5.639999866485596;5.449999809265137;5.539999961853027;126000
2012-05-04;5.590000152587891;5.650000095367432;5.380000114440918;5.519999980926514;199800
2012-05-07;5.460000038146973;5.639999866485596;5.380000114440918;5.429999828338623;194000
2012-05-08;5.389999866485596;5.679999828338623;5.369999885559082;5.369999885559082;286000
2012-05-09;5.300000190734863;5.460000038146973;5.25;5.349999904632568;240900
2012-05-10;5.349999904632568;5.440000057220459;5.309999942779541;5.369999885559082;248600
2012-05-11;5.309999942779541;5.550000190734863;5.309999942779541;5.409999847412109;304900
2012-05-14;5.309999942779541;5.610000133514404;5.309999942779541;5.539999961853027;293400
2012-05-15;5.460000038146973;5.699999809265137;5.25;5.260000228881836;224000
2012-05-16;5.320000171661377;5.550000190734863;5.300000190734863;5.320000171661377;302800
2012-05-17;5.679999828338623;5.679999828338623;4.630000114440918;4.739999771118164;550900
2012-05-18;4.78000020980835;4.78000020980835;4.170000076293945;4.320000171661377;601700
2012-05-21;4.320000171661377;4.369999885559082;4.190000057220459;4.300000190734863;188300
2012-05-22;4.349999904632568;4.460000038146973;4.010000228881836;4.139999866485596;272500
2012-05-23;3.9100000858306885;4.139999866485596;3.759999990463257;4.070000171661377;295000
2012-05-24;4.289999961853027;4.289999961853027;3.619999885559082;3.7300000190734863;280400
2012-05-25;3.75;3.940000057220459;3.700000047683716;3.799999952316284;145200
2012-05-29;3.8299999237060547;3.930000066757202;3.700000047683716;3.9000000953674316;254100
2012-05-30;3.8299999237060547;3.930000066757202;3.7200000286102295;3.9000000953674316;128600
2012-05-31;3.869999885559082;3.9100000858306885;3.7699999809265137;3.9000000953674316;143600
2012-06-01;3.8499999046325684;3.990000009536743;3.7300000190734863;3.8499999046325684;185500
2012-06-04;3.930000066757202;3.9800000190734863;3.859999895095825;3.940000057220459;125000
2012-06-05;3.9600000381469727;4.230000019073486;3.8399999141693115;4.150000095367432;128200
2012-06-06;4.199999809265137;4.309999942779541;4.010000228881836;4.039999961853027;170000
2012-06-07;4.070000171661377;4.230000019073486;3.9600000381469727;3.9600000381469727;61000
2012-06-08;3.9800000190734863;4.159999847412109;3.9000000953674316;4.070000171661377;45300
2012-06-11;4.199999809265137;4.199999809265137;3.940000057220459;3.950000047683716;211400
2012-06-12;4.010000228881836;4.369999885559082;4.0;4.239999771118164;179600
2012-06-13;4.269999980926514;4.269999980926514;4.050000190734863;4.079999923706055;88700
2012-06-14;4.019999980926514;4.070000171661377;3.7799999713897705;3.799999952316284;138300
2012-06-15;3.700000047683716;4.070000171661377;3.700000047683716;4.039999961853027;389000
2012-06-18;4.010000228881836;4.269999980926514;3.9100000858306885;4.260000228881836;250000
2012-06-19;4.210000038146973;4.53000020980835;4.190000057220459;4.53000020980835;227600
2012-06-20;4.199999809265137;4.300000190734863;4.039999961853027;4.110000133514404;255100
2012-06-21;4.070000171661377;4.300000190734863;4.010000228881836;4.300000190734863;130100
2012-06-22;4.28000020980835;4.329999923706055;3.9600000381469727;4.150000095367432;94500
2012-06-25;4.03000020980835;4.110000133514404;3.9000000953674316;3.9600000381469727;93700
2012-06-26;3.950000047683716;3.950000047683716;3.450000047683716;3.509999990463257;433600
2012-06-27;3.5999999046325684;3.609999895095825;3.4000000953674316;3.4100000858306885;128300
2012-06-28;3.359999895095825;3.4600000381469727;3.059999942779541;3.299999952316284;409200
2012-06-29;3.6500000953674316;3.700000047683716;3.4000000953674316;3.440000057220459;99100
2012-07-02;3.4700000286102295;3.549999952316284;3.359999895095825;3.4200000762939453;92100
2012-07-03;3.450000047683716;3.6500000953674316;3.4200000762939453;3.5799999237060547;183600
2012-07-05;3.5299999713897705;3.549999952316284;3.4100000858306885;3.4100000858306885;94500
2012-07-06;3.4700000286102295;3.619999885559082;3.4100000858306885;3.490000009536743;52900
2012-07-09;3.2899999618530273;3.450000047683716;3.2699999809265137;3.369999885559082;62900
2012-07-10;3.359999895095825;3.369999885559082;3.130000114440918;3.2200000286102295;96600
2012-07-11;3.200000047683716;3.3399999141693115;3.109999895095825;3.2799999713897705;91100
2012-07-12;3.1600000858306885;3.2699999809265137;3.130000114440918;3.1500000953674316;57100
2012-07-13;3.2200000286102295;3.2799999713897705;3.2200000286102295;3.2799999713897705;26500
2012-07-16;3.25;3.3299999237060547;3.200000047683716;3.2300000190734863;58100
2012-07-17;3.200000047683716;3.240000009536743;3.119999885559082;3.180000066757202;67000
2012-07-18;3.140000104904175;3.200000047683716;3.109999895095825;3.180000066757202;86500
2012-07-19;3.200000047683716;3.299999952316284;3.109999895095825;3.1600000858306885;57000
2012-07-20;3.109999895095825;3.130000114440918;2.9200000762939453;2.9200000762939453;201200
2012-07-23;2.809999942779541;2.809999942779541;2.700000047683716;2.75;89900
2012-07-24;2.799999952316284;2.799999952316284;2.619999885559082;2.700000047683716;123100
2012-07-25;2.7300000190734863;2.7300000190734863;2.559999942779541;2.569999933242798;91700
2012-07-26;2.549999952316284;2.7100000381469727;2.5299999713897705;2.5899999141693115;99500
2012-07-27;2.619999885559082;2.619999885559082;2.5299999713897705;2.569999933242798;74300
2012-07-30;2.549999952316284;2.680000066757202;2.319999933242798;2.4000000953674316;147600
2012-07-31;2.390000104904175;2.680000066757202;2.140000104904175;2.2100000381469727;219000
2012-08-01;2.319999933242798;2.5299999713897705;2.2300000190734863;2.259999990463257;126200
2012-08-02;2.319999933242798;2.3399999141693115;2.059999942779541;2.0999999046325684;119700
2012-08-03;2.119999885559082;2.1600000858306885;2.0;2.009999990463257;85600
2012-08-06;2.049999952316284;2.2200000286102295;2.049999952316284;2.2100000381469727;211500
2012-08-07;2.319999933242798;2.569999933242798;2.319999933242798;2.4800000190734863;297300
2012-08-08;2.559999942779541;2.640000104904175;2.359999895095825;2.5999999046325684;134500
2012-08-09;2.569999933242798;2.690000057220459;2.430000066757202;2.5;112900
2012-08-10;2.369999885559082;2.5999999046325684;2.359999895095825;2.5899999141693115;39200
2012-08-13;2.5199999809265137;2.5999999046325684;2.4100000858306885;2.430000066757202;56200
2012-08-14;2.4100000858306885;2.5399999618530273;2.380000114440918;2.450000047683716;25100
2012-08-15;2.4200000762939453;2.5;2.4000000953674316;2.4600000381469727;27700
2012-08-16;2.440000057220459;2.5399999618530273;2.359999895095825;2.4200000762939453;78500
2012-08-17;2.4800000190734863;2.5399999618530273;2.369999885559082;2.4200000762939453;47900
2012-08-20;2.440000057220459;2.8499999046325684;2.440000057220459;2.7799999713897705;289300
2012-08-21;2.75;2.9800000190734863;2.7100000381469727;2.759999990463257;205800
2012-08-22;2.7200000286102295;2.9800000190734863;2.6500000953674316;2.9700000286102295;112600
2012-08-23;3.0;3.0;2.869999885559082;2.930000066757202;143100
2012-08-24;3.009999990463257;3.0299999713897705;2.8399999141693115;2.8499999046325684;105000
2012-08-27;2.7699999809265137;3.380000114440918;2.7699999809265137;3.319999933242798;254400
2012-08-28;3.390000104904175;3.6700000762939453;3.369999885559082;3.6500000953674316;329800
2012-08-29;3.5999999046325684;3.5999999046325684;3.1500000953674316;3.1500000953674316;205000
2012-08-30;3.1600000858306885;3.190000057220459;2.9600000381469727;3.0199999809265137;106800
2012-08-31;3.0299999713897705;3.2699999809265137;3.0299999713897705;3.2100000381469727;74200
2012-09-04;3.2100000381469727;3.2100000381469727;3.0;3.0399999618530273;207200
2012-09-05;2.799999952316284;2.940000057220459;2.7200000286102295;2.9100000858306885;151600
2012-09-06;2.8499999046325684;2.9700000286102295;2.75;2.940000057220459;84200
2012-09-07;2.9000000953674316;3.109999895095825;2.9000000953674316;3.0999999046325684;56800
2012-09-10;3.1700000762939453;3.390000104904175;3.0999999046325684;3.3499999046325684;130000
2012-09-11;3.3499999046325684;3.549999952316284;3.309999942779541;3.549999952316284;106100
2012-09-12;3.5199999809265137;3.5999999046325684;3.4600000381469727;3.549999952316284;84500
2012-09-13;3.549999952316284;3.6500000953674316;3.549999952316284;3.630000114440918;94200
2012-09-14;3.640000104904175;3.6700000762939453;3.4000000953674316;3.490000009536743;141400
2012-09-17;3.450000047683716;3.490000009536743;3.25;3.319999933242798;84400
2012-09-18;3.25;3.4000000953674316;3.25;3.380000114440918;30700
2012-09-19;3.4200000762939453;3.549999952316284;3.200000047683716;3.319999933242798;132300
2012-09-20;3.2300000190734863;3.390000104904175;3.1600000858306885;3.309999942779541;61100
2012-09-21;3.4200000762939453;3.6500000953674316;3.3499999046325684;3.6500000953674316;176600
2012-09-24;3.5899999141693115;3.9000000953674316;3.5399999618530273;3.859999895095825;171000
2012-09-25;3.819999933242798;3.9600000381469727;3.7799999713897705;3.9600000381469727;185200
2012-09-26;3.7699999809265137;3.9600000381469727;3.700000047683716;3.880000114440918;62900
2012-09-27;3.880000114440918;3.880000114440918;3.700000047683716;3.759999990463257;38900
2012-09-28;3.7100000381469727;3.809999942779541;3.7100000381469727;3.7899999618530273;26200
2012-10-01;3.8399999141693115;3.9000000953674316;3.759999990463257;3.819999933242798;26500
2012-10-02;3.869999885559082;3.869999885559082;3.8299999237060547;3.8499999046325684;17300
2012-10-03;3.809999942779541;3.8399999141693115;3.700000047683716;3.7300000190734863;20600
2012-10-04;3.7100000381469727;4.659999847412109;3.450000047683716;4.309999942779541;518000
2012-10-05;4.25;4.25;3.9700000286102295;3.9700000286102295;171300
2012-10-08;4.0;4.0;3.819999933242798;3.869999885559082;28900
2012-10-09;3.8399999141693115;3.940000057220459;3.5899999141693115;3.630000114440918;91500
2012-10-10;3.5999999046325684;3.5999999046325684;3.4100000858306885;3.490000009536743;101700
2012-10-11;3.4700000286102295;4.0;3.4700000286102295;3.7899999618530273;142000
2012-10-12;3.8499999046325684;3.8499999046325684;3.6600000858306885;3.7300000190734863;31200
2012-10-15;3.700000047683716;3.9800000190734863;3.6600000858306885;3.9700000286102295;81100
2012-10-16;4.0;4.0;3.8499999046325684;3.940000057220459;42100
2012-10-17;3.940000057220459;3.950000047683716;3.6700000762939453;3.7799999713897705;60000
2012-10-18;3.9100000858306885;4.0;3.809999942779541;3.930000066757202;61700
2012-10-19;3.9200000762939453;3.9200000762939453;3.5999999046325684;3.630000114440918;107300
2012-10-22;3.75;3.7799999713897705;3.549999952316284;3.759999990463257;39900
2012-10-23;3.75;3.7899999618530273;3.559999942779541;3.680000066757202;25600
2012-10-24;3.7200000286102295;3.740000009536743;3.680000066757202;3.690000057220459;12700
2012-10-25;3.6600000858306885;3.7899999618530273;3.6600000858306885;3.7699999809265137;26600
2012-10-26;3.7200000286102295;3.7899999618530273;3.700000047683716;3.7899999618530273;33800
2012-10-31;3.7200000286102295;3.940000057220459;3.7200000286102295;3.940000057220459;33100
2012-11-01;3.9600000381469727;3.990000009536743;3.8299999237060547;3.930000066757202;24000
2012-11-02;3.890000104904175;3.940000057220459;3.6600000858306885;3.8499999046325684;25700
2012-11-05;3.7699999809265137;3.950000047683716;3.740000009536743;3.9200000762939453;14400
2012-11-06;3.9800000190734863;3.9800000190734863;3.680000066757202;3.880000114440918;121700
2012-11-07;3.8299999237060547;3.869999885559082;3.7300000190734863;3.8499999046325684;22600
2012-11-08;3.809999942779541;3.819999933242798;3.680000066757202;3.700000047683716;40000
2012-11-09;3.680000066757202;3.7899999618530273;3.5999999046325684;3.7899999618530273;31000
2012-11-12;3.740000009536743;3.869999885559082;3.5;3.759999990463257;46200
2012-11-13;3.7100000381469727;3.859999895095825;3.5399999618530273;3.7200000286102295;121600
2012-11-14;3.630000114440918;3.6500000953674316;3.4700000286102295;3.4800000190734863;64900
2012-11-15;3.5;3.509999990463257;3.319999933242798;3.509999990463257;42900
2012-11-16;3.450000047683716;3.509999990463257;3.319999933242798;3.3299999237060547;50300
2012-11-19;3.3499999046325684;3.630000114440918;3.180000066757202;3.509999990463257;64100
2012-11-20;3.549999952316284;3.690000057220459;3.4800000190734863;3.549999952316284;56200
2012-11-21;3.4000000953674316;3.5899999141693115;3.4000000953674316;3.509999990463257;32900
2012-11-23;3.4700000286102295;3.5199999809265137;3.4600000381469727;3.5;23000
2012-11-26;3.5;3.9600000381469727;3.5;3.9600000381469727;93700
2012-11-27;3.940000057220459;4.099999904632568;3.799999952316284;4.099999904632568;132300
2012-11-28;4.099999904632568;4.5;4.099999904632568;4.440000057220459;148600
2012-11-29;4.320000171661377;4.570000171661377;4.03000020980835;4.380000114440918;115800
2012-11-30;4.380000114440918;4.480000019073486;4.099999904632568;4.25;103100
2012-12-03;4.190000057220459;4.320000171661377;4.110000133514404;4.190000057220459;39900
2012-12-04;4.199999809265137;4.260000228881836;4.119999885559082;4.159999847412109;31500
2012-12-05;4.159999847412109;4.349999904632568;4.159999847412109;4.25;55500
2012-12-06;4.25;4.25;4.099999904632568;4.119999885559082;78800
2012-12-07;4.53000020980835;5.139999866485596;4.329999923706055;4.679999828338623;784800
2012-12-10;5.090000152587891;5.400000095367432;4.840000152587891;5.119999885559082;542500
2012-12-11;5.119999885559082;5.289999961853027;5.059999942779541;5.289999961853027;289900
2012-12-12;5.53000020980835;6.699999809265137;5.46999979019165;6.320000171661377;979200
2012-12-13;6.210000038146973;6.340000152587891;5.860000133514404;6.059999942779541;333000
2012-12-14;5.960000038146973;6.340000152587891;5.889999866485596;5.949999809265137;362700
2012-12-17;6.019999980926514;6.340000152587891;5.860000133514404;6.199999809265137;325900
2012-12-18;6.199999809265137;6.599999904632568;6.099999904632568;6.519999980926514;351800
2012-12-19;6.630000114440918;7.139999866485596;6.619999885559082;6.809999942779541;511400
2012-12-20;6.869999885559082;7.0;5.949999809265137;6.239999771118164;460500
2012-12-21;5.949999809265137;6.179999828338623;5.699999809265137;5.699999809265137;542000
2012-12-24;5.869999885559082;5.869999885559082;5.53000020980835;5.550000190734863;104200
2012-12-26;5.610000133514404;6.099999904632568;5.610000133514404;5.840000152587891;360000
2012-12-27;5.960000038146973;6.0;5.599999904632568;5.809999942779541;179900
2012-12-28;5.639999866485596;6.360000133514404;5.630000114440918;5.989999771118164;370400
2012-12-31;5.989999771118164;6.239999771118164;5.989999771118164;6.210000038146973;222600
2013-01-02;6.559999942779541;6.659999847412109;6.300000190734863;6.510000228881836;225300
2013-01-03;6.739999771118164;7.400000095367432;6.630000114440918;7.159999847412109;735800
2013-01-04;7.170000076293945;7.420000076293945;6.460000038146973;6.590000152587891;527100
2013-01-07;6.699999809265137;6.869999885559082;6.53000020980835;6.650000095367432;282700
2013-01-08;6.53000020980835;7.099999904632568;6.5;7.050000190734863;301500
2013-01-09;7.119999885559082;7.550000190734863;7.050000190734863;7.440000057220459;724100
2013-01-10;7.46999979019165;7.550000190734863;7.119999885559082;7.489999771118164;404900
2013-01-11;7.550000190734863;7.550000190734863;7.349999904632568;7.449999809265137;163800
2013-01-14;7.46999979019165;7.5;7.110000133514404;7.440000057220459;190600
2013-01-15;7.409999847412109;7.409999847412109;7.150000095367432;7.21999979019165;137700
2013-01-16;7.21999979019165;7.300000190734863;6.860000133514404;6.940000057220459;158400
2013-01-17;7.03000020980835;7.300000190734863;7.03000020980835;7.119999885559082;158000
2013-01-18;7.119999885559082;7.25;6.849999904632568;6.889999866485596;164000
2013-01-22;6.929999828338623;7.75;6.929999828338623;7.730000019073486;401000
2013-01-23;7.800000190734863;7.800000190734863;7.260000228881836;7.340000152587891;343400
2013-01-24;7.380000114440918;7.670000076293945;7.380000114440918;7.630000114440918;269600
2013-01-25;7.639999866485596;7.900000095367432;7.460000038146973;7.550000190734863;280800
2013-01-28;7.619999885559082;7.639999866485596;7.449999809265137;7.579999923706055;315100
2013-01-29;7.550000190734863;7.75;7.400000095367432;7.559999942779541;139400
2013-01-30;7.559999942779541;7.849999904632568;7.429999828338623;7.46999979019165;162000
2013-01-31;7.409999847412109;7.630000114440918;7.239999771118164;7.579999923706055;150700
2013-02-01;7.659999847412109;7.78000020980835;7.460000038146973;7.53000020980835;78700
2013-02-04;7.449999809265137;8.239999771118164;7.409999847412109;7.550000190734863;364000
2013-02-05;7.639999866485596;8.170000076293945;7.639999866485596;8.130000114440918;286000
2013-02-06;8.260000228881836;8.479999542236328;8.119999885559082;8.430000305175781;248400
2013-02-07;8.470000267028809;8.65999984741211;8.0600004196167;8.109999656677246;265200
2013-02-08;8.039999961853027;8.319999694824219;7.75;8.010000228881836;223300
2013-02-11;8.170000076293945;8.710000038146973;8.09000015258789;8.630000114440918;334500
2013-02-12;8.699999809265137;9.300000190734863;8.699999809265137;9.119999885559082;447100
2013-02-13;9.300000190734863;9.510000228881836;8.699999809265137;8.930000305175781;390000
2013-02-14;9.069999694824219;9.850000381469727;8.949999809265137;9.680000305175781;400300
2013-02-15;9.880000114440918;9.899999618530273;9.199999809265137;9.369999885559082;412500
2013-02-19;9.449999809265137;9.949999809265137;9.420000076293945;9.649999618530273;439900
2013-02-20;10.0;10.069999694824219;9.510000228881836;9.630000114440918;478700
2013-02-21;9.630000114440918;9.739999771118164;8.100000381469727;8.460000038146973;764800
2013-02-22;8.680000305175781;8.949999809265137;8.609999656677246;8.75;264600
2013-02-25;9.069999694824219;9.350000381469727;8.600000381469727;8.619999885559082;285700
2013-02-26;8.720000267028809;8.869999885559082;8.130000114440918;8.300000190734863;230400
2013-02-27;7.940000057220459;8.300000190734863;7.760000228881836;8.239999771118164;335900
2013-02-28;8.5;8.670000076293945;8.100000381469727;8.140000343322754;234500
2013-03-01;8.100000381469727;8.25;7.769999980926514;7.840000152587891;133800
2013-03-04;8.039999961853027;8.039999961853027;6.809999942779541;6.820000171661377;616400
2013-03-05;6.900000095367432;7.429999828338623;6.849999904632568;7.199999809265137;331000
2013-03-06;7.320000171661377;7.599999904632568;7.25;7.449999809265137;275900
2013-03-07;7.349999904632568;7.539999961853027;7.340000152587891;7.409999847412109;102400
2013-03-08;7.380000114440918;7.380000114440918;7.130000114440918;7.300000190734863;96400
2013-03-11;7.349999904632568;7.360000133514404;6.550000190734863;6.559999942779541;421100
2013-03-12;6.5;7.0;6.260000228881836;6.949999809265137;455200
2013-03-13;6.96999979019165;7.079999923706055;6.730000019073486;6.96999979019165;301600
2013-03-14;6.980000019073486;7.050000190734863;6.579999923706055;6.739999771118164;285900
2013-03-15;6.619999885559082;6.679999828338623;6.099999904632568;6.159999847412109;698300
2013-03-18;6.079999923706055;6.079999923706055;5.760000228881836;5.789999961853027;608700
2013-03-19;5.75;6.179999828338623;5.670000076293945;5.739999771118164;344300
2013-03-20;5.869999885559082;6.130000114440918;5.739999771118164;5.96999979019165;343700
2013-03-21;5.900000095367432;6.079999923706055;5.760000228881836;5.820000171661377;253900
2013-03-22;5.800000190734863;5.869999885559082;5.5;5.510000228881836;456700
2013-03-25;5.420000076293945;5.53000020980835;5.070000171661377;5.130000114440918;441600
2013-03-26;5.150000095367432;5.369999885559082;5.070000171661377;5.119999885559082;231500
2013-03-27;5.099999904632568;5.159999847412109;4.920000076293945;4.940000057220459;303500
2013-03-28;4.980000019073486;5.039999961853027;4.570000171661377;4.639999866485596;443100
2013-04-01;4.670000076293945;4.690000057220459;4.130000114440918;4.199999809265137;445000
2013-04-02;4.199999809265137;4.449999809265137;4.179999828338623;4.210000038146973;274100
2013-04-03;4.269999980926514;4.389999866485596;3.9600000381469727;4.039999961853027;392800
2013-04-04;4.099999904632568;4.369999885559082;4.070000171661377;4.230000019073486;291200
2013-04-05;4.210000038146973;4.320000171661377;4.010000228881836;4.150000095367432;437900
2013-04-08;4.349999904632568;5.179999828338623;4.28000020980835;5.0;1133400
2013-04-09;5.400000095367432;6.230000019073486;5.199999809265137;5.800000190734863;2112900
2013-04-10;5.550000190734863;6.079999923706055;5.199999809265137;5.400000095367432;1245800
2013-04-11;5.429999828338623;5.900000095367432;5.119999885559082;5.619999885559082;644600
2013-04-12;5.510000228881836;5.849999904632568;5.349999904632568;5.710000038146973;378200
2013-04-15;5.690000057220459;5.800000190734863;4.800000190734863;4.820000171661377;626300
2013-04-16;5.070000171661377;5.139999866485596;4.909999847412109;5.019999980926514;223100
2013-04-17;4.920000076293945;5.28000020980835;4.800000190734863;4.869999885559082;275500
2013-04-18;5.130000114440918;5.130000114440918;4.809999942779541;4.909999847412109;131300
2013-04-19;5.010000228881836;5.110000133514404;4.809999942779541;5.110000133514404;147500
2013-04-22;5.110000133514404;5.400000095367432;5.099999904632568;5.400000095367432;245800
2013-04-23;5.400000095367432;5.929999828338623;5.320000171661377;5.670000076293945;318400
2013-04-24;5.699999809265137;6.590000152587891;5.699999809265137;6.539999961853027;666900
2013-04-25;6.699999809265137;6.789999961853027;6.260000228881836;6.599999904632568;414400
2013-04-26;6.559999942779541;7.510000228881836;6.429999828338623;7.449999809265137;749600
2013-04-29;7.559999942779541;8.1899995803833;7.309999942779541;7.429999828338623;901300
2013-04-30;7.449999809265137;7.699999809265137;6.849999904632568;7.050000190734863;636900
2013-05-01;6.849999904632568;6.920000076293945;6.489999771118164;6.539999961853027;386100
2013-05-02;6.599999904632568;7.300000190734863;6.590000152587891;7.159999847412109;376900
2013-05-03;7.159999847412109;7.320000171661377;6.809999942779541;6.860000133514404;386000
2013-05-06;6.909999847412109;7.150000095367432;6.659999847412109;6.909999847412109;278600
2013-05-07;6.849999904632568;6.869999885559082;6.28000020980835;6.360000133514404;425300
2013-05-08;6.300000190734863;6.300000190734863;6.039999961853027;6.130000114440918;496600
2013-05-09;6.050000190734863;6.690000057220459;5.880000114440918;6.420000076293945;501900
2013-05-10;6.480000019073486;7.25;6.420000076293945;7.059999942779541;753300
2013-05-13;7.099999904632568;7.860000133514404;7.099999904632568;7.329999923706055;999900
2013-05-14;7.099999904632568;7.300000190734863;6.820000171661377;6.920000076293945;675000
2013-05-15;7.019999980926514;7.800000190734863;6.96999979019165;7.079999923706055;825400
2013-05-16;7.260000228881836;7.519999980926514;7.050000190734863;7.260000228881836;426300
2013-05-17;7.190000057220459;7.610000133514404;7.179999828338623;7.53000020980835;436700
2013-05-20;7.849999904632568;9.199999809265137;7.829999923706055;9.09000015258789;1931900
2013-05-21;9.600000381469727;10.4399995803833;8.859999656677246;9.170000076293945;2238500
2013-05-22;9.25;9.25;7.96999979019165;8.3100004196167;761600
2013-05-23;7.71999979019165;8.6899995803833;7.679999828338623;8.539999961853027;506900
2013-05-24;8.720000267028809;9.029999732971191;8.359999656677246;8.75;404900
2013-05-28;9.520000457763672;9.529999732971191;8.359999656677246;8.800000190734863;629400
2013-05-29;8.5;9.0;8.390000343322754;8.5;344300
2013-05-30;8.789999961853027;8.880000114440918;8.420000076293945;8.600000381469727;172000
2013-05-31;8.399999618530273;8.619999885559082;7.78000020980835;7.940000057220459;304600
2013-06-03;8.020000457763672;8.329999923706055;7.510000228881836;8.0;332700
2013-06-04;8.020000457763672;8.779999732971191;8.020000457763672;8.329999923706055;509500
2013-06-05;8.0;8.4399995803833;7.800000190734863;8.09000015258789;301100
2013-06-06;8.010000228881836;8.5600004196167;8.010000228881836;8.470000267028809;360600
2013-06-07;9.59000015258789;10.25;8.930000305175781;9.199999809265137;2096100
2013-06-10;9.170000076293945;9.729999542236328;8.5600004196167;9.520000457763672;1328100
2013-06-11;9.220000267028809;9.3100004196167;8.680000305175781;9.0600004196167;551700
2013-06-12;9.0;9.15999984741211;8.380000114440918;8.510000228881836;414400
2013-06-13;8.5;9.050000190734863;8.40999984741211;8.960000038146973;325700
2013-06-14;8.979999542236328;9.029999732971191;8.569999694824219;8.760000228881836;219600
2013-06-17;9.050000190734863;9.5;8.869999885559082;9.130000114440918;581500
2013-06-18;9.010000228881836;9.34000015258789;8.960000038146973;9.0;232300
2013-06-19;8.989999771118164;8.989999771118164;8.4399995803833;8.550000190734863;505800
2013-06-20;8.40999984741211;8.75;7.96999979019165;8.0600004196167;465200
2013-06-21;8.300000190734863;8.5;7.949999809265137;8.5;494400
2013-06-24;8.170000076293945;8.170000076293945;7.25;7.440000057220459;793000
2013-06-25;7.639999866485596;7.71999979019165;7.409999847412109;7.449999809265137;463500
2013-06-26;7.670000076293945;8.399999618530273;7.519999980926514;8.270000457763672;878000
2013-06-27;8.220000267028809;9.300000190734863;8.220000267028809;9.119999885559082;1272200
2013-06-28;8.859999656677246;9.399999618530273;8.800000190734863;9.039999961853027;613100
2013-07-01;9.300000190734863;9.949999809265137;9.25;9.819999694824219;1380500
2013-07-02;9.800000190734863;10.210000038146973;9.180000305175781;9.319999694824219;1297800
2013-07-03;9.100000381469727;9.800000190734863;9.0;9.579999923706055;726800
2013-07-05;9.869999885559082;11.0;9.760000228881836;11.0;1604600
2013-07-08;11.399999618530273;11.640000343322754;10.510000228881836;10.880000114440918;1258600
2013-07-09;10.930000305175781;11.0;9.600000381469727;9.729999542236328;1567400
2013-07-10;9.829999923706055;10.380000114440918;9.779999732971191;10.279999732971191;542900
2013-07-11;10.5;10.59000015258789;10.149999618530273;10.229999542236328;491300
2013-07-12;10.170000076293945;10.5;10.119999885559082;10.199999809265137;282900
2013-07-15;10.550000190734863;12.199999809265137;10.430000305175781;12.029999732971191;1933600
2013-07-16;11.960000038146973;12.619999885559082;11.34000015258789;12.430000305175781;1353100
2013-07-17;12.350000381469727;12.779999732971191;11.9399995803833;12.600000381469727;580800
2013-07-18;12.550000190734863;12.9399995803833;12.15999984741211;12.180000305175781;455700
2013-07-19;12.0;12.399999618530273;11.649999618530273;12.3100004196167;346000
2013-07-22;12.520000457763672;13.760000228881836;12.5;13.609999656677246;893800
2013-07-23;13.859999656677246;14.199999809265137;13.010000228881836;13.149999618530273;918500
2013-07-24;13.25;13.59000015258789;13.010000228881836;13.079999923706055;478800
2013-07-25;12.890000343322754;13.350000381469727;12.34000015258789;13.300000190734863;493200
2013-07-26;12.819999694824219;13.3100004196167;12.739999771118164;12.890000343322754;349400
2013-07-29;13.5;14.25;13.199999809265137;13.84000015258789;927700
2013-07-30;14.140000343322754;14.329999923706055;13.65999984741211;13.789999961853027;514300
2013-07-31;13.899999618530273;14.789999961853027;13.899999618530273;14.579999923706055;609400
2013-08-01;14.800000190734863;15.050000190734863;14.109999656677246;14.289999961853027;525100
2013-08-02;14.399999618530273;14.699999809265137;13.430000305175781;13.550000190734863;473200
2013-08-05;13.600000381469727;14.479999542236328;13.600000381469727;14.140000343322754;503300
2013-08-06;14.25;14.5;12.5;12.979999542236328;829500
2013-08-07;12.869999885559082;13.5;12.420000076293945;12.470000267028809;991800
2013-08-08;13.390000343322754;13.470000267028809;12.510000228881836;12.539999961853027;636600
2013-08-09;12.5;13.140000343322754;12.0;12.90999984741211;644800
2013-08-12;12.890000343322754;14.039999961853027;12.829999923706055;13.8100004196167;773200
2013-08-13;14.0;14.550000190734863;13.550000190734863;13.550000190734863;927500
2013-08-14;15.170000076293945;15.619999885559082;14.050000190734863;14.210000038146973;2896600
2013-08-15;14.529999732971191;14.529999732971191;13.680000305175781;13.920000076293945;960800
2013-08-16;14.010000228881836;14.550000190734863;13.850000381469727;14.420000076293945;566600
2013-08-19;14.399999618530273;14.460000038146973;12.6899995803833;12.880000114440918;952400
2013-08-20;13.130000114440918;14.0;12.90999984741211;13.829999923706055;579400
2013-08-21;13.40999984741211;14.819999694824219;13.399999618530273;14.539999961853027;1473800
2013-08-22;14.800000190734863;14.949999809265137;13.930000305175781;14.65999984741211;866800
2013-08-23;14.789999961853027;14.949999809265137;14.40999984741211;14.649999618530273;376600
2013-08-26;14.850000381469727;15.880000114440918;14.819999694824219;14.960000038146973;1825000
2013-08-27;14.260000228881836;14.850000381469727;14.100000381469727;14.59000015258789;632000
2013-08-28;14.470000267028809;14.9399995803833;14.100000381469727;14.710000038146973;408500
2013-08-29;15.039999961853027;15.5;14.829999923706055;15.239999771118164;963400
2013-08-30;15.5600004196167;16.239999771118164;15.390000343322754;15.949999809265137;1202200
2013-09-03;16.479999542236328;18.450000762939453;16.010000228881836;18.270000457763672;2147700
2013-09-04;18.110000610351562;19.0;17.450000762939453;18.889999389648438;1629400
2013-09-05;19.0;19.520000457763672;18.559999465942383;18.8799991607666;890800
2013-09-06;18.790000915527344;18.799999237060547;17.75;18.389999389648438;1090400
2013-09-09;18.899999618530273;19.5;18.700000762939453;19.40999984741211;1054500
2013-09-10;19.899999618530273;20.059999465942383;18.8700008392334;19.149999618530273;956900
2013-09-11;19.100000381469727;19.530000686645508;18.399999618530273;18.6200008392334;722500
2013-09-12;18.59000015258789;18.68000030517578;17.079999923706055;17.969999313354492;1097200
2013-09-13;17.920000076293945;19.1299991607666;17.510000228881836;19.1299991607666;837000
2013-09-16;19.600000381469727;19.8700008392334;18.489999771118164;18.719999313354492;958300
2013-09-17;17.600000381469727;17.780000686645508;16.579999923706055;17.670000076293945;1947200
2013-09-18;17.709999084472656;17.950000762939453;16.899999618530273;17.18000030517578;1262900
2013-09-19;17.200000762939453;17.299999237060547;16.43000030517578;16.479999542236328;1645800
2013-09-20;17.270000457763672;18.899999618530273;17.010000228881836;17.360000610351562;6957900
2013-09-23;17.5;17.969999313354492;16.81999969482422;17.899999618530273;1304900
2013-09-24;17.850000381469727;19.350000381469727;17.799999237060547;18.780000686645508;1505100
2013-09-25;18.81999969482422;20.190000534057617;18.81999969482422;19.940000534057617;1779700
2013-09-26;20.43000030517578;21.850000381469727;20.200000762939453;21.3700008392334;2126500
2013-09-27;21.65999984741211;22.579999923706055;21.5;22.5;1374000
2013-09-30;21.940000534057617;23.399999618530273;21.780000686645508;22.549999237060547;1435500
2013-10-01;22.829999923706055;23.829999923706055;22.6200008392334;23.799999237060547;1471300
2013-10-02;23.649999618530273;24.200000762939453;22.780000686645508;24.149999618530273;1850300
2013-10-03;23.950000762939453;24.889999389648438;23.09000015258789;23.81999969482422;968900
2013-10-04;24.270000457763672;24.299999237060547;22.65999984741211;23.399999618530273;1446100
2013-10-07;23.229999542236328;23.75;22.920000076293945;23.18000030517578;922300
2013-10-08;23.420000076293945;23.979999542236328;20.770000457763672;21.8799991607666;2231300
2013-10-09;21.959999084472656;22.3799991607666;19.829999923706055;20.700000762939453;1791700
2013-10-10;21.549999237060547;22.690000534057617;21.43000030517578;22.40999984741211;1242700
2013-10-11;22.780000686645508;23.549999237060547;22.40999984741211;22.93000030517578;1055200
2013-10-14;22.229999542236328;23.139999389648438;21.780000686645508;22.84000015258789;789400
2013-10-15;23.18000030517578;23.979999542236328;22.440000534057617;22.75;1219400
2013-10-16;23.229999542236328;23.469999313354492;22.670000076293945;23.290000915527344;659900
2013-10-17;24.549999237060547;26.25;24.420000076293945;26.0;3243400
2013-10-18;26.8700008392334;26.8799991607666;26.010000228881836;26.200000762939453;1772900
2013-10-21;26.739999771118164;27.139999389648438;25.25;25.530000686645508;1945100
2013-10-22;25.8799991607666;26.739999771118164;23.90999984741211;26.670000076293945;2265800
2013-10-23;26.149999618530273;26.219999313354492;24.739999771118164;24.829999923706055;1363200
2013-10-24;25.329999923706055;26.25;24.920000076293945;25.389999389648438;1127400
2013-10-25;25.260000228881836;25.56999969482422;22.899999618530273;23.0;1893900
2013-10-28;23.43000030517578;23.459999084472656;19.059999465942383;20.15999984741211;4108800
2013-10-29;20.850000381469727;22.43000030517578;20.65999984741211;22.389999389648438;2081300
2013-10-30;23.219999313354492;24.18000030517578;21.190000534057617;21.68000030517578;2141400
2013-10-31;21.0;22.969999313354492;20.65999984741211;22.520000457763672;1315000
2013-11-01;23.299999237060547;23.84000015258789;22.729999542236328;23.59000015258789;1529300
2013-11-04;24.959999084472656;26.530000686645508;24.760000228881836;26.520000457763672;2359900
2013-11-05;26.75;26.8700008392334;25.110000610351562;25.860000610351562;1866900
2013-11-06;25.979999542236328;26.350000381469727;24.719999313354492;25.18000030517578;1183000
2013-11-07;24.59000015258789;24.850000381469727;23.049999237060547;23.360000610351562;1236800
2013-11-08;24.170000076293945;26.0;23.540000915527344;25.979999542236328;1281000
2013-11-11;26.299999237060547;29.389999389648438;25.579999923706055;28.93000030517578;3082200
2013-11-12;27.3700008392334;28.75;26.8799991607666;27.6200008392334;1569700
2013-11-13;28.299999237060547;29.540000915527344;28.1200008392334;29.190000534057617;1900400
2013-11-14;30.18000030517578;30.350000381469727;28.739999771118164;29.239999771118164;1318500
2013-11-15;29.920000076293945;29.920000076293945;29.0;29.5;1769600
2013-11-18;33.130001068115234;34.880001068115234;32.439998626708984;33.29999923706055;6037000
2013-11-19;33.7400016784668;34.29999923706055;30.829999923706055;31.1299991607666;3249800
2013-11-20;31.979999542236328;33.18000030517578;31.68000030517578;32.5099983215332;1739300
2013-11-21;32.90999984741211;33.97999954223633;32.0;33.72999954223633;1266400
2013-11-22;34.380001068115234;34.43000030517578;32.810001373291016;33.88999938964844;1219900
2013-11-25;34.349998474121094;34.349998474121094;30.59000015258789;30.600000381469727;2708400
2013-11-26;30.290000915527344;32.439998626708984;28.729999542236328;32.310001373291016;3341800
2013-11-27;32.599998474121094;32.779998779296875;31.170000076293945;31.59000015258789;1402600
2013-11-29;31.6200008392334;31.729999542236328;29.25;29.389999389648438;2194800
2013-12-02;29.739999771118164;31.100000381469727;29.600000381469727;30.440000534057617;1509100
2013-12-03;30.350000381469727;30.639999389648438;28.510000228881836;30.440000534057617;2115300
2013-12-04;29.709999084472656;31.299999237060547;29.6200008392334;30.90999984741211;1337400
2013-12-05;30.799999237060547;30.84000015258789;29.260000228881836;29.520000457763672;1139600
2013-12-06;29.950000762939453;30.059999465942383;27.690000534057617;27.8799991607666;1799200
2013-12-09;27.56999969482422;28.209999084472656;26.0;26.079999923706055;2699100
2013-12-10;25.3799991607666;27.799999237060547;25.350000381469727;27.360000610351562;2426400
2013-12-11;27.559999465942383;27.639999389648438;25.0;25.309999465942383;2015500
2013-12-12;24.93000030517578;26.610000610351562;24.93000030517578;25.809999465942383;1497600
2013-12-13;26.100000381469727;26.670000076293945;25.579999923706055;25.979999542236328;958900
2013-12-16;26.200000762939453;27.440000534057617;26.18000030517578;26.850000381469727;1198500
2013-12-17;26.959999084472656;29.389999389648438;26.6200008392334;29.360000610351562;1886100
2013-12-18;29.639999389648438;29.700000762939453;27.899999618530273;29.139999389648438;1788600
2013-12-19;29.059999465942383;29.969999313354492;28.81999969482422;29.360000610351562;1640300
2013-12-20;29.639999389648438;29.899999618530273;27.93000030517578;28.700000762939453;1291600
2013-12-23;28.989999771118164;29.040000915527344;28.229999542236328;28.309999465942383;668600
2013-12-24;28.229999542236328;28.489999771118164;27.5;27.579999923706055;550600
2013-12-26;27.729999542236328;29.0;27.729999542236328;28.25;904300
2013-12-27;28.950000762939453;29.649999618530273;28.639999389648438;29.18000030517578;1388200
2013-12-30;29.600000381469727;31.239999771118164;29.5;31.209999084472656;1845400
2013-12-31;31.309999465942383;31.469999313354492;29.049999237060547;29.299999237060547;1624200
2014-01-02;29.709999084472656;32.06999969482422;29.229999542236328;32.0099983215332;2387900
2014-01-03;31.719999313354492;32.97999954223633;31.200000762939453;32.540000915527344;1744300
2014-01-06;34.13999938964844;35.849998474121094;34.040000915527344;35.560001373291016;3339100
2014-01-07;36.040000915527344;37.630001068115234;35.06999969482422;36.47999954223633;3193100
2014-01-08;35.36000061035156;37.97999954223633;35.2400016784668;36.849998474121094;2268200
2014-01-09;37.0;37.0;34.54999923706055;34.779998779296875;2048900
2014-01-10;35.060001373291016;36.2599983215332;34.779998779296875;35.40999984741211;2185900
2014-01-13;36.31999969482422;36.400001525878906;32.65999984741211;33.13999938964844;2282100
2014-01-14;33.630001068115234;36.279998779296875;33.56999969482422;36.25;2700900
2014-01-15;35.900001525878906;37.4900016784668;35.5099983215332;36.2599983215332;3783800
2014-01-16;36.540000915527344;37.25;35.20000076293945;35.38999938964844;5495300
2014-01-17;35.77000045776367;36.58000183105469;34.7400016784668;35.400001525878906;2386000
2014-01-21;36.130001068115234;36.349998474121094;33.810001373291016;34.380001068115234;2601900
2014-01-22;34.529998779296875;35.779998779296875;34.0099983215332;35.43000030517578;1585500
2014-01-23;34.11000061035156;34.5;32.900001525878906;33.79999923706055;2585200
2014-01-24;32.38999938964844;32.38999938964844;29.600000381469727;29.700000762939453;4518200
2014-01-27;28.059999465942383;30.489999771118164;27.920000076293945;29.100000381469727;3063900
2014-01-28;30.290000915527344;31.399999618530273;30.290000915527344;30.84000015258789;2021300
2014-01-29;29.899999618530273;30.6299991607666;28.809999465942383;29.440000534057617;2169700
2014-01-30;30.299999237060547;30.739999771118164;29.649999618530273;30.34000015258789;1352300
2014-01-31;29.06999969482422;30.200000762939453;28.940000534057617;29.149999618530273;1227300
2014-02-03;29.110000610351562;29.989999771118164;26.530000686645508;27.34000015258789;2012100
2014-02-04;27.979999542236328;28.299999237060547;27.299999237060547;27.84000015258789;919700
2014-02-05;28.100000381469727;28.110000610351562;25.450000762939453;27.219999313354492;1583900
2014-02-06;27.90999984741211;29.3799991607666;26.719999313354492;26.84000015258789;1808200
2014-02-07;27.229999542236328;28.56999969482422;26.84000015258789;28.15999984741211;2065800
2014-02-10;28.389999389648438;29.540000915527344;28.389999389648438;29.350000381469727;1456300
2014-02-11;30.219999313354492;30.56999969482422;29.219999313354492;29.420000076293945;2343600
2014-02-12;30.110000610351562;30.600000381469727;29.649999618530273;29.979999542236328;1965000
2014-02-13;28.780000686645508;31.40999984741211;28.649999618530273;31.149999618530273;2055700
2014-02-14;31.239999771118164;31.549999237060547;29.40999984741211;30.030000686645508;2368700
2014-02-18;30.639999389648438;31.979999542236328;30.559999465942383;31.6299991607666;1998500
2014-02-19;31.600000381469727;32.099998474121094;30.25;30.719999313354492;1708200
2014-02-20;30.600000381469727;31.200000762939453;30.0;30.959999084472656;2134200
2014-02-21;30.989999771118164;31.59000015258789;29.059999465942383;29.43000030517578;2675400
2014-02-24;30.479999542236328;30.600000381469727;29.700000762939453;30.479999542236328;1561000
2014-02-25;30.489999771118164;30.760000228881836;29.610000610351562;29.940000534057617;1065300
2014-02-26;29.799999237060547;31.450000762939453;29.75;30.59000015258789;1714700
2014-02-27;31.0;31.760000228881836;30.610000610351562;30.809999465942383;1916500
2014-02-28;31.420000076293945;32.79999923706055;30.860000610351562;32.720001220703125;4710000
2014-03-03;33.5099983215332;33.560001373291016;30.3799991607666;30.719999313354492;7006100
2014-03-04;32.279998779296875;36.09000015258789;32.20000076293945;35.95000076293945;7077600
2014-03-05;35.43000030517578;36.2400016784668;33.400001525878906;34.93000030517578;3998200
2014-03-06;35.099998474121094;37.47999954223633;35.08000183105469;36.619998931884766;4435100
2014-03-07;36.72999954223633;37.400001525878906;35.66999816894531;35.9900016784668;2057400
2014-03-10;35.029998779296875;35.630001068115234;33.33000183105469;33.709999084472656;2681700
2014-03-11;33.709999084472656;34.400001525878906;31.649999618530273;32.459999084472656;2897500
2014-03-12;31.360000610351562;33.59000015258789;31.25;32.599998474121094;2009000
2014-03-13;33.16999816894531;33.279998779296875;30.760000228881836;31.43000030517578;1890800
2014-03-14;30.690000534057617;31.389999389648438;30.030000686645508;30.399999618530273;1848900
2014-03-17;31.8700008392334;32.060001373291016;30.489999771118164;31.299999237060547;1756900
2014-03-18;31.5;33.97999954223633;31.100000381469727;33.95000076293945;2888600
2014-03-19;33.709999084472656;34.93000030517578;33.52000045776367;33.90999984741211;1536700
2014-03-20;34.31999969482422;34.939998626708984;32.709999084472656;33.06999969482422;1627500
2014-03-21;33.939998626708984;33.939998626708984;31.360000610351562;31.520000457763672;2240900
2014-03-24;32.11000061035156;32.130001068115234;28.989999771118164;29.459999084472656;2805500
2014-03-25;30.040000915527344;30.489999771118164;28.530000686645508;29.06999969482422;2499500
2014-03-26;29.549999237060547;29.600000381469727;26.649999618530273;26.739999771118164;3371600
2014-03-27;27.020000457763672;27.8799991607666;26.010000228881836;27.219999313354492;2220500
2014-03-28;28.350000381469727;29.0;27.760000228881836;28.290000915527344;2148200
2014-03-31;28.6200008392334;29.389999389648438;27.280000686645508;27.950000762939453;2190800
2014-04-01;28.219999313354492;31.440000534057617;28.219999313354492;31.239999771118164;2977900
2014-04-02;31.299999237060547;32.279998779296875;30.579999923706055;32.0;2105800
2014-04-03;32.2400016784668;32.91999816894531;30.450000762939453;30.829999923706055;2591900
2014-04-04;31.299999237060547;31.969999313354492;29.170000076293945;29.989999771118164;2067900
2014-04-07;28.790000915527344;30.440000534057617;26.799999237060547;27.299999237060547;3314400
2014-04-08;28.549999237060547;29.399999618530273;28.270000457763672;29.0;2304500
2014-04-09;29.459999084472656;30.06999969482422;28.649999618530273;30.059999465942383;1613000
2014-04-10;29.899999618530273;30.100000381469727;27.219999313354492;27.639999389648438;2995100
2014-04-11;26.719999313354492;27.860000610351562;25.34000015258789;25.43000030517578;3605500
2014-04-14;25.139999389648438;26.940000534057617;25.139999389648438;25.8700008392334;2601400
2014-04-15;25.90999984741211;26.649999618530273;23.420000076293945;25.75;3360400
2014-04-16;26.360000610351562;27.440000534057617;25.40999984741211;27.350000381469727;1838800
2014-04-17;27.030000686645508;28.149999618530273;26.559999465942383;27.1200008392334;1481100
2014-04-21;27.149999618530273;27.780000686645508;26.639999389648438;27.780000686645508;1374600
2014-04-22;28.389999389648438;29.979999542236328;27.81999969482422;29.979999542236328;2892200
2014-04-23;29.959999084472656;30.469999313354492;29.360000610351562;29.8700008392334;2038600
2014-04-24;30.3700008392334;31.0;28.959999084472656;30.799999237060547;2641500
2014-04-25;29.360000610351562;30.399999618530273;29.0;29.520000457763672;2457400
2014-04-28;29.809999465942383;29.850000381469727;26.020000457763672;26.760000228881836;3160800
2014-04-29;27.15999984741211;27.690000534057617;26.360000610351562;27.040000915527344;1354000
2014-04-30;26.8799991607666;26.989999771118164;26.100000381469727;26.899999618530273;1326900
2014-05-01;26.780000686645508;28.709999084472656;26.639999389648438;27.350000381469727;1489200
2014-05-02;27.829999923706055;28.329999923706055;27.399999618530273;27.940000534057617;1370600
2014-05-05;27.299999237060547;27.940000534057617;27.049999237060547;27.360000610351562;1266000
2014-05-06;28.020000457763672;29.09000015258789;27.549999237060547;27.6299991607666;1689700
2014-05-07;28.43000030517578;28.729999542236328;26.139999389648438;27.299999237060547;1674700
2014-05-08;27.520000457763672;27.690000534057617;25.299999237060547;25.540000915527344;1942500
2014-05-09;25.600000381469727;26.309999465942383;25.309999465942383;26.15999984741211;1272200
2014-05-12;26.950000762939453;27.959999084472656;26.6200008392334;27.829999923706055;1808000
2014-05-13;28.100000381469727;28.399999618530273;26.829999923706055;26.979999542236328;1387400
2014-05-14;27.010000228881836;27.31999969482422;26.18000030517578;26.260000228881836;1327800
2014-05-15;26.190000534057617;26.260000228881836;23.530000686645508;23.850000381469727;3655500
2014-05-16;23.450000762939453;23.899999618530273;22.190000534057617;22.989999771118164;3055100
2014-05-19;23.8700008392334;24.0;22.950000762939453;23.09000015258789;1555500
2014-05-20;23.049999237060547;23.100000381469727;22.030000686645508;22.3700008392334;1350300
2014-05-21;23.1299991607666;24.799999237060547;22.81999969482422;24.700000762939453;3466600
2014-05-22;25.200000762939453;26.0;24.809999465942383;24.90999984741211;2529800
2014-05-23;25.200000762939453;25.950000762939453;24.209999084472656;25.860000610351562;2612300
2014-05-27;24.149999618530273;25.920000076293945;24.09000015258789;25.079999923706055;4971600
2014-05-28;24.649999618530273;26.5;24.0;26.209999084472656;1938400
2014-05-29;26.280000686645508;29.209999084472656;26.280000686645508;29.209999084472656;3681000
2014-05-30;28.84000015258789;29.0;27.540000915527344;28.030000686645508;2281900
2014-06-02;28.6299991607666;28.75;27.31999969482422;28.200000762939453;964700
2014-06-03;27.690000534057617;27.81999969482422;26.719999313354492;27.020000457763672;1379100
2014-06-04;24.850000381469727;26.200000762939453;24.1299991607666;24.989999771118164;3857000
2014-06-05;25.40999984741211;25.729999542236328;24.690000534057617;24.700000762939453;1235000
2014-06-06;25.1299991607666;25.68000030517578;24.350000381469727;24.469999313354492;1286400
2014-06-09;24.56999969482422;25.700000762939453;24.049999237060547;24.93000030517578;1328800
2014-06-10;25.100000381469727;25.610000610351562;24.6299991607666;24.940000534057617;850400
2014-06-11;24.520000457763672;25.700000762939453;24.440000534057617;25.1299991607666;681100
2014-06-12;25.15999984741211;26.200000762939453;24.90999984741211;25.75;1863300
2014-06-13;25.75;26.399999618530273;25.299999237060547;26.389999389648438;856400
2014-06-16;26.31999969482422;27.170000076293945;26.040000915527344;26.68000030517578;1602500
2014-06-17;27.1200008392334;28.600000381469727;26.530000686645508;28.489999771118164;2362000
2014-06-18;28.079999923706055;28.799999237060547;27.68000030517578;28.31999969482422;1534100
2014-06-19;28.31999969482422;28.420000076293945;27.079999923706055;27.809999465942383;2137000
2014-06-20;27.93000030517578;29.610000610351562;27.799999237060547;29.610000610351562;2735300
2014-06-23;29.549999237060547;29.739999771118164;28.6200008392334;29.520000457763672;1467400
2014-06-24;29.450000762939453;30.84000015258789;28.889999389648438;29.1299991607666;2167800
2014-06-25;28.889999389648438;30.0;28.780000686645508;29.84000015258789;834500
2014-06-26;30.09000015258789;30.639999389648438;29.8799991607666;30.360000610351562;867800
2014-06-27;30.18000030517578;30.530000686645508;29.43000030517578;29.729999542236328;1157600
2014-06-30;29.899999618530273;30.780000686645508;29.43000030517578;30.170000076293945;1394300
2014-07-01;30.40999984741211;30.68000030517578;29.75;30.079999923706055;874400
2014-07-02;30.559999465942383;30.920000076293945;29.760000228881836;29.93000030517578;1014700
2014-07-03;30.0;30.09000015258789;29.309999465942383;30.010000228881836;665700
2014-07-07;30.1200008392334;30.93000030517578;29.219999313354492;29.610000610351562;1484200
2014-07-08;29.34000015258789;29.420000076293945;26.959999084472656;26.989999771118164;2298200
2014-07-09;27.31999969482422;27.65999984741211;26.5;26.700000762939453;1608300
2014-07-10;25.149999618530273;26.850000381469727;24.75;26.219999313354492;2078900
2014-07-11;26.219999313354492;26.799999237060547;25.760000228881836;26.6200008392334;1176700
2014-07-14;27.299999237060547;27.850000381469727;26.59000015258789;27.25;1682700
2014-07-15;27.700000762939453;28.040000915527344;26.889999389648438;27.65999984741211;981600
2014-07-16;28.170000076293945;28.75;27.65999984741211;27.770000457763672;1366000
2014-07-17;27.440000534057617;27.90999984741211;25.799999237060547;26.030000686645508;1446500
2014-07-18;26.299999237060547;27.1299991607666;26.190000534057617;26.75;977600
2014-07-21;26.270000457763672;27.010000228881836;25.649999618530273;26.989999771118164;1576500
2014-07-22;27.270000457763672;27.389999389648438;26.18000030517578;26.219999313354492;1429800
2014-07-23;26.200000762939453;26.360000610351562;25.360000610351562;25.389999389648438;1320900
2014-07-24;25.649999618530273;25.8799991607666;25.049999237060547;25.299999237060547;1147100
2014-07-25;25.100000381469727;25.8799991607666;24.8700008392334;25.850000381469727;1276900
2014-07-28;24.860000610351562;27.68000030517578;24.799999237060547;27.510000228881836;4209900
2014-07-29;27.299999237060547;28.200000762939453;26.520000457763672;26.56999969482422;2342400
2014-07-30;27.549999237060547;27.799999237060547;26.15999984741211;26.25;2839000
2014-07-31;26.149999618530273;26.299999237060547;24.65999984741211;24.760000228881836;1905300
2014-08-01;24.700000762939453;24.860000610351562;23.040000915527344;23.93000030517578;2068300
2014-08-04;24.0;24.600000381469727;23.25;23.68000030517578;1866100
2014-08-05;23.989999771118164;25.790000915527344;23.81999969482422;25.3700008392334;3086800
2014-08-06;24.920000076293945;25.989999771118164;24.6299991607666;25.420000076293945;1731100
2014-08-07;25.899999618530273;26.350000381469727;25.34000015258789;25.799999237060547;1700000
2014-08-08;25.649999618530273;25.790000915527344;25.0;25.3799991607666;745900
2014-08-11;25.530000686645508;26.239999771118164;25.420000076293945;25.760000228881836;1001700
2014-08-12;25.809999465942383;25.829999923706055;24.75;25.06999969482422;1367100
2014-08-13;26.0;27.399999618530273;25.329999923706055;27.31999969482422;3754000
2014-08-14;26.959999084472656;27.84000015258789;26.329999923706055;27.5;1852200
2014-08-15;27.850000381469727;28.239999771118164;27.149999618530273;27.81999969482422;2798000
2014-08-18;28.0;28.59000015258789;26.65999984741211;27.3799991607666;4755300
2014-08-19;27.68000030517578;28.270000457763672;27.399999618530273;28.010000228881836;1976000
2014-08-20;27.75;28.829999923706055;27.489999771118164;28.459999084472656;2426700
2014-08-21;28.540000915527344;29.149999618530273;27.739999771118164;28.84000015258789;2837400
2014-08-22;28.43000030517578;29.1299991607666;28.260000228881836;29.100000381469727;1301500
2014-08-25;29.389999389648438;29.989999771118164;29.079999923706055;29.1200008392334;1372700
2014-08-26;28.549999237060547;29.389999389648438;28.479999542236328;29.239999771118164;1215500
2014-08-27;29.09000015258789;29.489999771118164;28.639999389648438;29.299999237060547;967900
2014-08-28;28.829999923706055;29.399999618530273;28.649999618530273;29.010000228881836;908200
2014-08-29;29.059999465942383;29.270000457763672;28.520000457763672;29.219999313354492;892200
2014-09-02;29.270000457763672;29.899999618530273;27.950000762939453;29.56999969482422;1931700
2014-09-03;29.979999542236328;31.399999618530273;29.940000534057617;31.360000610351562;4517900
2014-09-04;31.350000381469727;32.970001220703125;30.65999984741211;30.739999771118164;3962900
2014-09-05;31.200000762939453;32.95000076293945;30.809999465942383;32.66999816894531;2658400
2014-09-08;33.029998779296875;34.189998626708984;32.630001068115234;33.279998779296875;2116100
2014-09-09;33.29999923706055;33.43000030517578;31.59000015258789;31.809999465942383;1525200
2014-09-10;32.0;33.5;31.329999923706055;33.5;1927600
2014-09-11;32.86000061035156;33.5099983215332;32.380001068115234;33.45000076293945;1517900
2014-09-12;33.29999923706055;33.970001220703125;32.9900016784668;33.279998779296875;2001200
2014-09-15;33.43000030517578;33.470001220703125;31.510000228881836;31.93000030517578;1829500
2014-09-16;31.5;32.060001373291016;30.709999084472656;31.770000457763672;1658900
2014-09-17;32.5;33.75;32.5;33.0;2138100
2014-09-18;33.22999954223633;34.77000045776367;32.560001373291016;32.65999984741211;2433200
2014-09-19;32.79999923706055;32.97999954223633;31.899999618530273;32.22999954223633;1981300
2014-09-22;32.0;32.150001525878906;30.18000030517578;30.209999084472656;2307300
2014-09-23;30.219999313354492;31.350000381469727;30.079999923706055;30.309999465942383;1720400
2014-09-24;31.040000915527344;31.34000015258789;30.190000534057617;30.25;1909600
2014-09-25;30.229999542236328;30.5;28.809999465942383;28.969999313354492;2335400
2014-09-26;28.979999542236328;30.309999465942383;28.700000762939453;30.239999771118164;2919400
2014-09-29;29.299999237060547;30.299999237060547;29.0;29.170000076293945;1539200
2014-09-30;29.43000030517578;29.459999084472656;27.290000915527344;27.489999771118164;3279000
2014-10-01;27.56999969482422;27.68000030517578;25.8799991607666;25.979999542236328;2463700
2014-10-02;25.969999313354492;27.139999389648438;25.649999618530273;26.860000610351562;2040900
2014-10-03;27.040000915527344;27.8799991607666;26.399999618530273;26.59000015258789;1797200
2014-10-06;26.770000457763672;26.8700008392334;24.860000610351562;25.899999618530273;2972400
2014-10-07;25.639999389648438;26.3799991607666;25.079999923706055;25.549999237060547;1840800
2014-10-08;25.479999542236328;26.43000030517578;24.489999771118164;26.25;2635200
2014-10-09;26.100000381469727;26.309999465942383;23.690000534057617;23.709999084472656;2840300
2014-10-10;23.5;24.18000030517578;22.1299991607666;22.84000015258789;3280900
2014-10-13;23.0;23.489999771118164;21.229999542236328;21.31999969482422;2464200
2014-10-14;21.600000381469727;21.969999313354492;19.93000030517578;20.290000915527344;4161200
2014-10-15;20.030000686645508;22.0;19.420000076293945;21.84000015258789;3242100
2014-10-16;21.420000076293945;23.420000076293945;21.010000228881836;22.780000686645508;2944600
2014-10-17;23.700000762939453;24.469999313354492;22.239999771118164;22.56999969482422;2304600
2014-10-20;22.260000228881836;23.530000686645508;22.040000915527344;23.3799991607666;2153900
2014-10-21;24.020000457763672;24.700000762939453;23.270000457763672;24.09000015258789;2902400
2014-10-22;24.0;24.31999969482422;22.719999313354492;22.81999969482422;2206900
2014-10-23;23.06999969482422;23.6299991607666;22.520000457763672;23.350000381469727;1950500
2014-10-24;23.0;23.75;22.93000030517578;23.229999542236328;1133300
2014-10-27;22.950000762939453;23.020000457763672;22.190000534057617;22.709999084472656;1893800
2014-10-28;22.899999618530273;23.899999618530273;22.770000457763672;23.59000015258789;1478200
2014-10-29;23.56999969482422;23.56999969482422;22.719999313354492;23.399999618530273;1179400
2014-10-30;23.049999237060547;23.600000381469727;22.56999969482422;23.059999465942383;1040900
2014-10-31;23.40999984741211;24.700000762939453;23.270000457763672;24.670000076293945;2025100
2014-11-03;24.600000381469727;25.200000762939453;24.020000457763672;24.209999084472656;1577000
2014-11-04;23.729999542236328;24.520000457763672;23.59000015258789;23.760000228881836;1060500
2014-11-05;24.209999084472656;24.299999237060547;22.469999313354492;22.860000610351562;1369800
2014-11-06;22.959999084472656;23.989999771118164;22.93000030517578;23.360000610351562;1120900
2014-11-07;23.0;23.549999237060547;22.549999237060547;23.239999771118164;1082300
2014-11-10;23.239999771118164;23.920000076293945;22.889999389648438;23.739999771118164;1307200
2014-11-11;23.709999084472656;23.8799991607666;23.059999465942383;23.40999984741211;1088700
2014-11-12;23.969999313354492;24.0;22.059999465942383;22.270000457763672;1773500
2014-11-13;22.079999923706055;22.200000762939453;20.700000762939453;21.25;2937300
2014-11-14;21.040000915527344;22.09000015258789;20.739999771118164;21.969999313354492;1752700
2014-11-17;21.770000457763672;21.90999984741211;20.5;20.920000076293945;1977300
2014-11-18;21.520000457763672;22.40999984741211;21.520000457763672;22.200000762939453;2604400
2014-11-19;22.399999618530273;23.90999984741211;22.049999237060547;23.530000686645508;3047700
2014-11-20;23.030000686645508;23.09000015258789;21.8700008392334;22.860000610351562;4445800
2014-11-21;23.389999389648438;25.479999542236328;23.389999389648438;25.09000015258789;3591300
2014-11-24;25.270000457763672;25.56999969482422;24.34000015258789;24.81999969482422;1995800
2014-11-25;24.940000534057617;25.079999923706055;24.43000030517578;24.6299991607666;1065100
2014-11-26;24.75;25.0;24.420000076293945;24.760000228881836;973600
2014-11-28;24.299999237060547;24.299999237060547;22.799999237060547;22.889999389648438;1039400
2014-12-01;22.860000610351562;22.8799991607666;20.950000762939453;21.3799991607666;2136000
2014-12-02;21.559999465942383;22.600000381469727;21.540000915527344;21.860000610351562;1415600
2014-12-03;22.139999389648438;22.790000915527344;22.020000457763672;22.68000030517578;1094700
2014-12-04;22.860000610351562;23.479999542236328;22.309999465942383;22.65999984741211;1208500
2014-12-05;22.989999771118164;23.56999969482422;22.850000381469727;23.450000762939453;1045200
2014-12-08;23.200000762939453;23.479999542236328;21.420000076293945;21.520000457763672;1586700
2014-12-09;21.299999237060547;21.459999084472656;20.110000610351562;21.190000534057617;3268900
2014-12-10;21.170000076293945;21.549999237060547;20.15999984741211;20.309999465942383;1412000
2014-12-11;20.520000457763672;20.969999313354492;20.110000610351562;20.280000686645508;934100
2014-12-12;20.1200008392334;20.489999771118164;19.450000762939453;19.59000015258789;1821300
2014-12-15;19.829999923706055;20.149999618530273;18.610000610351562;18.6200008392334;1597700
2014-12-16;18.170000076293945;19.329999923706055;17.68000030517578;17.739999771118164;1806200
2014-12-17;17.600000381469727;18.18000030517578;16.829999923706055;17.829999923706055;2351900
2014-12-18;18.65999984741211;18.719999313354492;17.719999313354492;18.149999618530273;1483800
2014-12-19;18.350000381469727;19.110000610351562;18.299999237060547;19.110000610351562;1786100
2014-12-22;19.260000228881836;19.309999465942383;18.719999313354492;19.049999237060547;940000
2014-12-23;19.239999771118164;19.25;18.65999984741211;18.989999771118164;703500
2014-12-24;18.81999969482422;19.229999542236328;18.639999389648438;18.799999237060547;617200
2014-12-26;18.959999084472656;19.920000076293945;18.959999084472656;19.610000610351562;687400
2014-12-29;19.579999923706055;20.18000030517578;19.0;19.260000228881836;942600
2014-12-30;19.110000610351562;19.350000381469727;18.850000381469727;19.059999465942383;1034700
2014-12-31;19.100000381469727;19.889999389648438;18.68000030517578;19.709999084472656;1171800
2015-01-02;19.8799991607666;20.15999984741211;18.93000030517578;20.06999969482422;943300
2015-01-05;19.75;20.149999618530273;18.799999237060547;18.920000076293945;787300
2015-01-06;18.920000076293945;19.200000762939453;17.459999084472656;17.799999237060547;1434900
2015-01-07;18.309999465942383;18.420000076293945;17.15999984741211;17.420000076293945;966400
2015-01-08;17.600000381469727;18.649999618530273;17.350000381469727;18.59000015258789;979500
2015-01-09;18.5;18.940000534057617;18.06999969482422;18.8799991607666;740100
2015-01-12;18.6200008392334;18.639999389648438;17.600000381469727;18.450000762939453;1155200
2015-01-13;18.600000381469727;19.219999313354492;17.84000015258789;18.1299991607666;1426900
2015-01-14;17.799999237060547;18.350000381469727;17.360000610351562;18.020000457763672;1058100
2015-01-15;18.299999237060547;18.579999923706055;17.40999984741211;17.510000228881836;942200
2015-01-16;17.549999237060547;18.040000915527344;17.420000076293945;17.65999984741211;802900
2015-01-20;17.489999771118164;17.56999969482422;16.100000381469727;16.5;2028500
2015-01-21;16.600000381469727;17.1200008392334;16.350000381469727;16.639999389648438;1477000
2015-01-22;16.770000457763672;16.979999542236328;16.329999923706055;16.700000762939453;708400
2015-01-23;16.530000686645508;17.059999465942383;16.440000534057617;16.729999542236328;688400
2015-01-26;16.799999237060547;18.020000457763672;16.799999237060547;17.860000610351562;1143300
2015-01-27;17.5;18.790000915527344;17.5;18.649999618530273;1186800
2015-01-28;18.989999771118164;18.989999771118164;17.940000534057617;18.010000228881836;1178100
2015-01-29;18.049999237060547;18.350000381469727;17.06999969482422;17.68000030517578;1475500
2015-01-30;17.510000228881836;18.3799991607666;17.299999237060547;17.81999969482422;1358600
2015-02-02;18.09000015258789;18.8799991607666;18.079999923706055;18.670000076293945;1218500
2015-02-03;19.040000915527344;21.389999389648438;18.920000076293945;20.920000076293945;2842800
2015-02-04;20.15999984741211;20.950000762939453;19.81999969482422;20.299999237060547;1536000
2015-02-05;20.520000457763672;20.959999084472656;20.020000457763672;20.709999084472656;948400
2015-02-06;20.770000457763672;21.059999465942383;20.34000015258789;20.559999465942383;876800
2015-02-09;20.219999313354492;21.389999389648438;20.219999313354492;21.1299991607666;1004900
2015-02-10;21.489999771118164;21.489999771118164;20.540000915527344;20.8700008392334;841900
2015-02-11;20.81999969482422;21.0;19.950000762939453;20.8700008392334;1173500
2015-02-12;21.110000610351562;22.1200008392334;21.010000228881836;21.8700008392334;1144900
2015-02-13;21.850000381469727;22.459999084472656;21.670000076293945;21.899999618530273;859100
2015-02-17;21.860000610351562;22.56999969482422;21.68000030517578;22.18000030517578;775100
2015-02-18;22.1200008392334;22.520000457763672;21.84000015258789;21.90999984741211;605700
2015-02-19;21.43000030517578;21.68000030517578;20.81999969482422;21.5;553100
2015-02-20;21.510000228881836;21.75;21.139999389648438;21.6200008392334;331600
2015-02-23;21.5;21.579999923706055;20.90999984741211;21.270000457763672;703700
2015-02-24;22.260000228881836;22.969999313354492;22.100000381469727;22.270000457763672;1321400
2015-02-25;22.5;22.579999923706055;21.56999969482422;21.610000610351562;1385200
2015-02-26;21.670000076293945;21.989999771118164;21.450000762939453;21.799999237060547;735500
2015-02-27;22.149999618530273;22.239999771118164;21.649999618530273;21.889999389648438;1114300
2015-03-02;20.809999465942383;23.139999389648438;20.649999618530273;22.809999465942383;2332600
2015-03-03;22.469999313354492;22.5;21.790000915527344;22.100000381469727;1283200
2015-03-04;22.270000457763672;22.700000762939453;22.15999984741211;22.649999618530273;1166600
2015-03-05;22.780000686645508;24.350000381469727;22.709999084472656;24.299999237060547;2082700
2015-03-06;24.399999618530273;24.719999313354492;23.690000534057617;23.989999771118164;1566700
2015-03-09;24.1299991607666;24.229999542236328;23.25;23.459999084472656;952100
2015-03-10;23.079999923706055;23.079999923706055;22.030000686645508;22.110000610351562;1130100
2015-03-11;22.110000610351562;22.889999389648438;22.030000686645508;22.450000762939453;815200
2015-03-12;22.56999969482422;23.5;22.56999969482422;22.809999465942383;799600
2015-03-13;22.579999923706055;22.770000457763672;21.84000015258789;22.59000015258789;885500
2015-03-16;22.600000381469727;22.600000381469727;22.0;22.25;799500
2015-03-17;22.0;24.34000015258789;22.0;24.299999237060547;2206000
2015-03-18;23.75;25.290000915527344;23.579999923706055;24.8799991607666;1708700
2015-03-19;24.809999465942383;25.459999084472656;24.68000030517578;25.06999969482422;776400
2015-03-20;25.399999618530273;25.540000915527344;24.93000030517578;25.31999969482422;1059200
2015-03-23;25.280000686645508;26.59000015258789;25.040000915527344;26.06999969482422;1126600
2015-03-24;26.3799991607666;27.329999923706055;26.299999237060547;27.09000015258789;1102100
2015-03-25;27.420000076293945;27.56999969482422;25.690000534057617;26.079999923706055;1356800
2015-03-26;25.579999923706055;26.09000015258789;25.299999237060547;25.81999969482422;920400
2015-03-27;25.780000686645508;26.420000076293945;25.670000076293945;26.389999389648438;571800
2015-03-30;26.809999465942383;26.899999618530273;25.579999923706055;26.040000915527344;658000
2015-03-31;25.670000076293945;26.1299991607666;25.549999237060547;25.639999389648438;732000
2015-04-01;25.65999984741211;27.010000228881836;25.350000381469727;26.709999084472656;1214800
2015-04-02;26.739999771118164;27.350000381469727;26.43000030517578;26.760000228881836;667700
2015-04-06;26.739999771118164;27.43000030517578;26.479999542236328;27.209999084472656;545200
2015-04-07;27.5;28.260000228881836;27.200000762939453;27.3799991607666;1083200
2015-04-08;27.59000015258789;28.479999542236328;27.290000915527344;27.920000076293945;1105800
2015-04-09;28.040000915527344;28.559999465942383;27.8700008392334;28.329999923706055;942600
2015-04-10;28.360000610351562;29.200000762939453;28.219999313354492;28.799999237060547;835200
2015-04-13;28.979999542236328;29.459999084472656;28.860000610351562;29.260000228881836;869400
2015-04-14;29.25;29.25;28.18000030517578;28.700000762939453;906600
2015-04-15;28.799999237060547;29.34000015258789;28.43000030517578;29.209999084472656;598600
2015-04-16;29.100000381469727;29.579999923706055;29.0;29.459999084472656;877300
2015-04-17;28.700000762939453;28.829999923706055;27.59000015258789;27.93000030517578;1161800
2015-04-20;28.799999237060547;28.920000076293945;28.360000610351562;28.559999465942383;639900
2015-04-21;28.8700008392334;29.299999237060547;28.719999313354492;28.780000686645508;721200
2015-04-22;28.75;29.520000457763672;28.729999542236328;29.1299991607666;565800
2015-04-23;28.889999389648438;29.540000915527344;28.799999237060547;29.40999984741211;603900
2015-04-24;29.440000534057617;29.530000686645508;28.920000076293945;29.06999969482422;449900
2015-04-27;29.239999771118164;29.520000457763672;28.3799991607666;28.6299991607666;574700
2015-04-28;28.549999237060547;29.540000915527344;28.010000228881836;29.420000076293945;858300
2015-04-29;28.93000030517578;29.8799991607666;28.899999618530273;29.190000534057617;700900
2015-04-30;28.799999237060547;29.010000228881836;27.899999618530273;28.020000457763672;1081100
2015-05-01;28.040000915527344;29.1200008392334;28.040000915527344;28.770000457763672;589800
2015-05-04;29.219999313354492;30.0;28.899999618530273;28.920000076293945;1103700
2015-05-05;29.010000228881836;29.190000534057617;27.610000610351562;28.06999969482422;849300
2015-05-06;28.110000610351562;28.290000915527344;26.829999923706055;27.139999389648438;1037800
2015-05-07;27.010000228881836;27.280000686645508;26.200000762939453;26.920000076293945;855900
2015-05-08;28.030000686645508;28.399999618530273;27.350000381469727;28.100000381469727;774900
2015-05-11;28.190000534057617;29.18000030517578;28.190000534057617;28.56999969482422;793100
2015-05-12;28.3799991607666;28.969999313354492;27.90999984741211;28.690000534057617;619300
2015-05-13;29.100000381469727;29.850000381469727;28.959999084472656;29.299999237060547;879400
2015-05-14;29.700000762939453;29.969999313354492;28.729999542236328;28.8799991607666;739600
2015-05-15;29.0;29.799999237060547;28.719999313354492;29.399999618530273;769700
2015-05-18;29.31999969482422;29.950000762939453;28.959999084472656;28.969999313354492;666800
2015-05-19;29.030000686645508;29.290000915527344;27.6200008392334;27.65999984741211;1415200
2015-05-20;27.760000228881836;27.860000610351562;26.68000030517578;27.170000076293945;1146600
2015-05-21;27.860000610351562;28.8700008392334;27.799999237060547;28.670000076293945;1056800
2015-05-22;28.639999389648438;28.75;28.1200008392334;28.239999771118164;763800
2015-05-26;28.100000381469727;28.559999465942383;27.700000762939453;27.920000076293945;782500
2015-05-27;27.959999084472656;28.440000534057617;27.450000762939453;28.399999618530273;1177300
2015-05-28;29.670000076293945;30.3799991607666;29.1299991607666;29.600000381469727;1699200
2015-05-29;29.59000015258789;29.729999542236328;28.610000610351562;28.75;1035800
2015-06-01;28.93000030517578;29.010000228881836;28.09000015258789;28.40999984741211;803900
2015-06-02;28.18000030517578;29.049999237060547;27.739999771118164;29.0;1038800
2015-06-03;29.209999084472656;29.790000915527344;28.81999969482422;29.719999313354492;881300
2015-06-04;29.420000076293945;29.65999984741211;28.860000610351562;29.059999465942383;505100
2015-06-05;29.399999618530273;30.719999313354492;29.329999923706055;30.719999313354492;1574800
2015-06-08;30.799999237060547;30.829999923706055;29.31999969482422;29.450000762939453;1177500
2015-06-09;29.420000076293945;29.549999237060547;28.719999313354492;28.8799991607666;637400
2015-06-10;29.239999771118164;30.3799991607666;29.15999984741211;29.959999084472656;923700
2015-06-11;30.010000228881836;30.729999542236328;29.84000015258789;30.68000030517578;648800
2015-06-12;30.31999969482422;31.229999542236328;30.1299991607666;30.459999084472656;833900
2015-06-15;30.020000457763672;30.979999542236328;29.860000610351562;30.899999618530273;699800
2015-06-16;30.68000030517578;31.0;30.209999084472656;30.850000381469727;721600
2015-06-17;30.850000381469727;31.200000762939453;30.40999984741211;30.690000534057617;658800
2015-06-18;30.899999618530273;31.09000015258789;30.510000228881836;30.780000686645508;827700
2015-06-19;30.65999984741211;30.93000030517578;29.649999618530273;30.170000076293945;1016100
2015-06-22;30.420000076293945;30.979999542236328;30.1200008392334;30.850000381469727;929100
2015-06-23;30.8700008392334;31.450000762939453;30.670000076293945;31.360000610351562;681700
2015-06-24;31.290000915527344;31.989999771118164;31.25;31.860000610351562;948400
2015-06-25;32.04999923706055;32.279998779296875;31.299999237060547;31.549999237060547;628200
2015-06-26;31.25;31.469999313354492;30.170000076293945;30.520000457763672;771400
2015-06-29;29.360000610351562;30.149999618530273;28.170000076293945;28.270000457763672;1984200
2015-06-30;28.969999313354492;29.860000610351562;28.84000015258789;29.520000457763672;1151500
2015-07-01;30.190000534057617;30.3700008392334;28.729999542236328;28.81999969482422;811400
2015-07-02;28.809999465942383;28.920000076293945;28.420000076293945;28.760000228881836;598800
2015-07-06;28.020000457763672;28.06999969482422;26.360000610351562;26.469999313354492;1819800
2015-07-07;25.889999389648438;25.93000030517578;23.81999969482422;25.520000457763672;2950200
2015-07-08;23.709999084472656;24.280000686645508;23.1200008392334;23.15999984741211;2102000
2015-07-09;25.270000457763672;25.290000915527344;24.200000762939453;24.450000762939453;1499200
2015-07-10;25.860000610351562;26.200000762939453;25.0;25.34000015258789;1201400
2015-07-13;25.959999084472656;26.700000762939453;25.90999984741211;26.479999542236328;1045600
2015-07-14;26.309999465942383;27.420000076293945;25.940000534057617;26.399999618530273;1478800
2015-07-15;26.200000762939453;26.68000030517578;25.59000015258789;25.920000076293945;1076400
2015-07-16;26.299999237060547;26.989999771118164;26.25;26.84000015258789;934300
2015-07-17;27.010000228881836;27.350000381469727;26.610000610351562;26.93000030517578;933200
2015-07-20;27.190000534057617;27.280000686645508;26.15999984741211;26.389999389648438;665000
2015-07-21;26.3700008392334;27.0;26.030000686645508;26.639999389648438;446300
2015-07-22;26.1299991607666;26.489999771118164;25.540000915527344;25.690000534057617;673000
2015-07-23;25.899999618530273;26.030000686645508;24.84000015258789;24.899999618530273;809000
2015-07-24;24.81999969482422;24.850000381469727;23.56999969482422;23.940000534057617;1257300
2015-07-27;22.3700008392334;22.8799991607666;21.530000686645508;22.860000610351562;1428200
2015-07-28;23.309999465942383;23.8799991607666;22.5;23.59000015258789;653300
2015-07-29;23.59000015258789;24.360000610351562;23.3799991607666;23.979999542236328;751200
2015-07-30;23.81999969482422;23.969999313354492;23.309999465942383;23.799999237060547;546400
2015-07-31;24.040000915527344;24.34000015258789;23.639999389648438;23.860000610351562;471400
2015-08-03;23.610000610351562;23.719999313354492;22.260000228881836;22.3799991607666;805900
2015-08-04;22.59000015258789;23.0;22.079999923706055;22.31999969482422;702800
2015-08-05;23.0;23.969999313354492;22.420000076293945;23.649999618530273;859500
2015-08-06;23.690000534057617;24.100000381469727;22.90999984741211;23.1200008392334;839000
2015-08-07;23.18000030517578;23.610000610351562;22.520000457763672;22.799999237060547;686900
2015-08-10;23.010000228881836;23.700000762939453;22.829999923706055;23.700000762939453;485900
2015-08-11;23.639999389648438;23.709999084472656;22.25;22.809999465942383;924400
2015-08-12;22.270000457763672;22.31999969482422;20.75;21.8700008392334;1876100
2015-08-13;21.950000762939453;22.65999984741211;21.799999237060547;22.059999465942383;649800
2015-08-14;22.020000457763672;22.610000610351562;22.020000457763672;22.489999771118164;502300
2015-08-17;22.670000076293945;22.979999542236328;22.239999771118164;22.979999542236328;594200
2015-08-18;23.850000381469727;24.190000534057617;22.780000686645508;23.309999465942383;1177000
2015-08-19;22.950000762939453;22.950000762939453;21.139999389648438;21.420000076293945;1803800
2015-08-20;21.700000762939453;21.700000762939453;18.079999923706055;18.350000381469727;2937700
2015-08-21;17.729999542236328;17.8799991607666;16.799999237060547;16.81999969482422;2227300
2015-08-24;14.5600004196167;17.190000534057617;14.319999694824219;15.670000076293945;2259500
2015-08-25;17.969999313354492;20.280000686645508;17.1299991607666;17.350000381469727;3454900
2015-08-26;18.950000762939453;19.100000381469727;17.770000457763672;19.0;1678600
2015-08-27;20.010000228881836;20.350000381469727;18.649999618530273;19.110000610351562;2199400
2015-08-28;19.100000381469727;20.329999923706055;18.989999771118164;19.969999313354492;1138800
2015-08-31;19.59000015258789;20.780000686645508;19.329999923706055;20.350000381469727;895900
2015-09-01;19.299999237060547;19.950000762939453;18.81999969482422;19.079999923706055;1204400
2015-09-02;19.579999923706055;19.75;18.68000030517578;19.649999618530273;746600
2015-09-03;19.809999465942383;20.149999618530273;19.260000228881836;19.729999542236328;619400
2015-09-04;19.329999923706055;19.989999771118164;19.09000015258789;19.639999389648438;525600
2015-09-08;21.09000015258789;22.0;20.899999618530273;21.270000457763672;1177100
2015-09-09;22.059999465942383;22.5;20.68000030517578;20.979999542236328;1157800
2015-09-10;20.860000610351562;21.899999618530273;20.860000610351562;21.579999923706055;620700
2015-09-11;21.149999618530273;22.290000915527344;21.06999969482422;22.280000686645508;599200
2015-09-14;21.8700008392334;22.209999084472656;21.469999313354492;22.079999923706055;687300
2015-09-15;21.899999618530273;22.479999542236328;21.690000534057617;22.420000076293945;553400
2015-09-16;22.530000686645508;23.59000015258789;22.479999542236328;23.309999465942383;1051400
2015-09-17;23.3799991607666;24.209999084472656;23.040000915527344;23.850000381469727;745000
2015-09-18;23.1299991607666;23.329999923706055;21.84000015258789;21.889999389648438;1447200
2015-09-21;22.170000076293945;23.389999389648438;21.760000228881836;22.729999542236328;843000
2015-09-22;21.940000534057617;22.399999618530273;21.420000076293945;21.459999084472656;884500
2015-09-23;21.3700008392334;21.540000915527344;20.399999618530273;20.399999618530273;899700
2015-09-24;19.68000030517578;20.479999542236328;18.770000457763672;20.420000076293945;1236600
2015-09-25;21.0;21.3799991607666;20.09000015258789;20.440000534057617;641400
2015-09-28;20.09000015258789;20.09000015258789;18.5;18.84000015258789;1373300
2015-09-29;19.25;19.8700008392334;18.84000015258789;19.280000686645508;483800
2015-09-30;20.010000228881836;22.0;19.920000076293945;21.940000534057617;1215800
2015-10-01;21.850000381469727;22.190000534057617;21.200000762939453;22.190000534057617;835800
2015-10-02;21.579999923706055;24.850000381469727;21.079999923706055;24.799999237060547;1876400
2015-10-05;24.579999923706055;25.6200008392334;24.15999984741211;24.739999771118164;1438400
2015-10-06;24.350000381469727;25.649999618530273;24.100000381469727;25.139999389648438;898100
2015-10-07;25.5;26.149999618530273;24.709999084472656;25.8799991607666;1280000
2015-10-08;25.729999542236328;26.5;25.290000915527344;26.15999984741211;649200
2015-10-09;26.5;26.93000030517578;25.75;26.350000381469727;644300
2015-10-12;26.5;27.139999389648438;25.770000457763672;26.440000534057617;879700
2015-10-13;25.899999618530273;26.59000015258789;25.450000762939453;25.559999465942383;852400
2015-10-14;25.290000915527344;27.450000762939453;25.239999771118164;27.049999237060547;1126600
2015-10-15;27.5;27.600000381469727;26.729999542236328;27.56999969482422;710000
2015-10-16;27.510000228881836;27.540000915527344;26.510000228881836;27.020000457763672;771800
2015-10-19;26.889999389648438;27.280000686645508;26.0;26.469999313354492;686000
2015-10-20;26.200000762939453;27.170000076293945;26.100000381469727;26.799999237060547;422300
2015-10-21;26.790000915527344;26.969999313354492;25.760000228881836;25.84000015258789;770700
2015-10-22;26.229999542236328;26.56999969482422;25.389999389648438;26.469999313354492;831000
2015-10-23;26.770000457763672;26.770000457763672;25.739999771118164;26.510000228881836;784500
2015-10-26;26.799999237060547;27.1200008392334;25.899999618530273;26.079999923706055;746000
2015-10-27;25.860000610351562;26.030000686645508;25.049999237060547;25.25;485400
2015-10-28;25.360000610351562;26.059999465942383;25.190000534057617;26.030000686645508;552900
2015-10-29;25.850000381469727;25.940000534057617;25.299999237060547;25.56999969482422;378300
2015-10-30;25.68000030517578;25.959999084472656;24.459999084472656;25.889999389648438;862400
2015-11-02;25.670000076293945;26.899999618530273;25.56999969482422;26.690000534057617;692000
2015-11-03;26.450000762939453;27.43000030517578;26.25;26.850000381469727;731800
2015-11-04;27.09000015258789;27.299999237060547;26.1200008392334;26.65999984741211;439900
2015-11-05;26.760000228881836;26.940000534057617;25.139999389648438;25.350000381469727;902400
2015-11-06;25.09000015258789;26.0;24.969999313354492;25.790000915527344;707600
2015-11-09;25.729999542236328;25.899999618530273;24.959999084472656;25.3799991607666;696600
2015-11-10;25.5;25.700000762939453;21.8799991607666;23.049999237060547;2462200
2015-11-11;23.68000030517578;24.09000015258789;22.65999984741211;22.979999542236328;922400
2015-11-12;22.780000686645508;23.610000610351562;22.139999389648438;22.559999465942383;643000
2015-11-13;22.510000228881836;22.899999618530273;22.049999237060547;22.299999237060547;526200
2015-11-16;22.5;23.559999465942383;22.3700008392334;23.559999465942383;766200
2015-11-17;24.739999771118164;24.739999771118164;23.219999313354492;23.670000076293945;879300
2015-11-18;23.979999542236328;25.100000381469727;23.709999084472656;25.049999237060547;1082800
2015-11-19;23.100000381469727;23.100000381469727;21.760000228881836;22.670000076293945;2332200
2015-11-20;22.760000228881836;24.5;22.68000030517578;24.5;1371200
2015-11-23;23.829999923706055;25.1200008392334;23.65999984741211;25.1200008392334;846500
2015-11-24;24.43000030517578;25.18000030517578;24.229999542236328;25.15999984741211;569900
2015-11-25;25.209999084472656;25.649999618530273;24.93000030517578;25.6200008392334;437100
2015-11-27;24.65999984741211;25.31999969482422;24.56999969482422;25.0;278200
2015-11-30;25.030000686645508;25.5;24.530000686645508;25.5;566600
2015-12-01;25.219999313354492;25.5;25.040000915527344;25.290000915527344;476900
2015-12-02;24.920000076293945;25.31999969482422;24.6200008392334;24.6299991607666;558500
2015-12-03;24.350000381469727;25.59000015258789;24.350000381469727;24.969999313354492;664000
2015-12-04;25.010000228881836;25.43000030517578;24.579999923706055;24.600000381469727;586600
2015-12-07;24.510000228881836;25.010000228881836;24.209999084472656;24.540000915527344;539400
2015-12-08;23.610000610351562;24.729999542236328;23.600000381469727;24.440000534057617;414600
2015-12-09;24.610000610351562;25.43000030517578;23.739999771118164;23.809999465942383;678300
2015-12-10;23.5;24.770000457763672;23.389999389648438;24.40999984741211;599400
2015-12-11;23.549999237060547;23.899999618530273;23.260000228881836;23.290000915527344;573900
2015-12-14;24.0;24.15999984741211;23.0;24.1299991607666;731100
2015-12-15;24.329999923706055;26.149999618530273;24.290000915527344;26.1200008392334;1155200
2015-12-16;26.850000381469727;28.34000015258789;26.809999465942383;28.299999237060547;2299300
2015-12-17;28.549999237060547;28.549999237060547;26.329999923706055;26.459999084472656;1343800
2015-12-18;26.459999084472656;27.440000534057617;26.299999237060547;26.920000076293945;735800
2015-12-21;27.3700008392334;28.520000457763672;27.329999923706055;28.469999313354492;1058200
2015-12-22;28.1299991607666;28.5;27.1299991607666;27.68000030517578;848400
2015-12-23;27.989999771118164;28.600000381469727;27.790000915527344;28.520000457763672;816100
2015-12-24;28.43000030517578;29.5;28.3799991607666;29.479999542236328;605600
2015-12-28;28.75;29.040000915527344;27.600000381469727;28.09000015258789;1108200
2015-12-29;28.270000457763672;28.65999984741211;27.5;28.25;519900
2015-12-30;27.979999542236328;28.31999969482422;27.579999923706055;27.780000686645508;391300
2015-12-31;27.639999389648438;28.239999771118164;27.549999237060547;27.670000076293945;496000
2016-01-04;25.149999618530273;27.43000030517578;24.850000381469727;27.270000457763672;1298700
2016-01-05;27.219999313354492;27.399999618530273;25.93000030517578;26.020000457763672;744000
2016-01-06;25.6299991607666;26.170000076293945;25.299999237060547;25.760000228881836;642600
2016-01-07;24.520000457763672;25.229999542236328;20.84000015258789;20.850000381469727;3299700
2016-01-08;23.110000610351562;23.899999618530273;22.059999465942383;22.200000762939453;1468900
2016-01-11;22.020000457763672;22.219999313354492;20.920000076293945;21.489999771118164;1278300
2016-01-12;22.360000610351562;22.709999084472656;20.709999084472656;21.399999618530273;1159000
2016-01-13;21.829999923706055;22.299999237060547;20.299999237060547;20.43000030517578;922800
2016-01-14;20.440000534057617;20.90999984741211;18.700000762939453;20.280000686645508;1291700
2016-01-15;18.93000030517578;19.290000915527344;17.899999618530273;18.139999389648438;1820500
2016-01-19;19.68000030517578;19.739999771118164;18.579999923706055;18.770000457763672;1223100
2016-01-20;18.43000030517578;19.729999542236328;17.899999618530273;19.270000457763672;1161900
2016-01-21;19.309999465942383;19.780000686645508;18.920000076293945;19.200000762939453;744700
2016-01-22;20.459999084472656;21.010000228881836;20.209999084472656;20.809999465942383;714100
2016-01-25;20.579999923706055;20.6200008392334;19.989999771118164;20.239999771118164;549700
2016-01-26;20.450000762939453;20.899999618530273;19.8700008392334;20.579999923706055;397000
2016-01-27;20.469999313354492;21.540000915527344;20.440000534057617;20.479999542236328;505100
2016-01-28;21.0;21.170000076293945;19.649999618530273;19.829999923706055;519900
2016-01-29;20.139999389648438;20.59000015258789;20.059999465942383;20.579999923706055;321100
2016-02-01;20.540000915527344;20.600000381469727;19.809999465942383;20.190000534057617;503700
2016-02-02;19.889999389648438;20.09000015258789;19.6200008392334;19.709999084472656;311700
2016-02-03;19.93000030517578;20.010000228881836;19.0;19.780000686645508;580100
2016-02-04;19.979999542236328;21.149999618530273;19.760000228881836;20.959999084472656;581000
2016-02-05;20.969999313354492;21.100000381469727;20.079999923706055;20.079999923706055;291900
2016-02-08;19.329999923706055;19.479999542236328;18.360000610351562;18.6200008392334;704300
2016-02-09;17.84000015258789;18.520000457763672;17.610000610351562;17.809999465942383;703400
2016-02-10;18.190000534057617;19.290000915527344;18.0;18.079999923706055;520700
2016-02-11;18.0;18.040000915527344;16.950000762939453;17.1200008392334;745900
2016-02-12;17.549999237060547;18.100000381469727;17.15999984741211;17.989999771118164;381300
2016-02-16;19.290000915527344;20.360000610351562;19.290000915527344;20.200000762939453;880800
2016-02-17;20.75;20.899999618530273;20.290000915527344;20.670000076293945;519100
2016-02-18;20.979999542236328;21.100000381469727;20.399999618530273;20.93000030517578;391900
2016-02-19;20.399999618530273;21.31999969482422;20.31999969482422;21.219999313354492;322700
2016-02-22;21.690000534057617;22.59000015258789;21.690000534057617;22.420000076293945;597500
2016-02-23;22.270000457763672;22.440000534057617;21.579999923706055;22.139999389648438;314100
2016-02-24;21.100000381469727;23.079999923706055;21.100000381469727;22.969999313354492;799800
2016-02-25;22.979999542236328;23.25;21.829999923706055;22.84000015258789;726500
2016-02-26;23.5;23.65999984741211;23.059999465942383;23.549999237060547;759600
2016-02-29;23.56999969482422;24.43000030517578;23.43000030517578;23.899999618530273;935200
2016-03-01;24.709999084472656;24.790000915527344;23.40999984741211;24.18000030517578;1000000
2016-03-02;24.329999923706055;24.93000030517578;24.15999984741211;24.649999618530273;711600
2016-03-03;24.600000381469727;24.700000762939453;23.360000610351562;23.690000534057617;1311200
2016-03-04;24.049999237060547;24.280000686645508;23.139999389648438;23.350000381469727;872700
2016-03-07;23.239999771118164;24.139999389648438;23.010000228881836;24.049999237060547;867500
2016-03-08;23.799999237060547;23.979999542236328;22.799999237060547;22.920000076293945;945700
2016-03-09;23.18000030517578;23.729999542236328;22.770000457763672;23.719999313354492;818100
2016-03-10;23.829999923706055;24.0;22.40999984741211;22.760000228881836;696500
2016-03-11;23.229999542236328;23.479999542236328;23.1299991607666;23.31999969482422;472900
2016-03-14;23.3700008392334;23.75;23.200000762939453;23.200000762939453;334100
2016-03-15;22.950000762939453;22.959999084472656;22.520000457763672;22.739999771118164;582600
2016-03-16;22.739999771118164;23.75;22.709999084472656;23.75;560400
2016-03-17;23.6200008392334;23.700000762939453;23.1299991607666;23.1299991607666;584200
2016-03-18;23.270000457763672;23.59000015258789;22.8799991607666;22.93000030517578;655400
2016-03-21;22.899999618530273;23.1299991607666;22.6299991607666;22.889999389648438;845100
2016-03-22;22.600000381469727;22.600000381469727;21.889999389648438;21.93000030517578;1310800
2016-03-23;22.010000228881836;22.06999969482422;20.329999923706055;20.549999237060547;1153900
2016-03-24;20.209999084472656;20.65999984741211;19.649999618530273;20.299999237060547;584000
2016-03-28;20.3799991607666;20.3799991607666;19.600000381469727;19.809999465942383;528500
2016-03-29;19.75;20.790000915527344;19.520000457763672;20.59000015258789;542400
2016-03-30;21.030000686645508;21.25;20.389999389648438;20.59000015258789;734600
2016-03-31;20.600000381469727;21.010000228881836;20.600000381469727;20.90999984741211;846800
2016-04-01;20.40999984741211;20.68000030517578;20.15999984741211;20.200000762939453;755700
2016-04-04;20.219999313354492;20.5;19.3700008392334;19.43000030517578;1008000
2016-04-05;19.010000228881836;20.25;19.0;19.739999771118164;622600
2016-04-06;19.899999618530273;20.350000381469727;19.600000381469727;20.31999969482422;537100
2016-04-07;20.040000915527344;20.489999771118164;19.540000915527344;19.780000686645508;395400
2016-04-08;20.5;20.75;20.100000381469727;20.299999237060547;610300
2016-04-11;20.780000686645508;20.809999465942383;20.260000228881836;20.290000915527344;251400
2016-04-12;20.34000015258789;20.850000381469727;20.110000610351562;20.68000030517578;388800
2016-04-13;21.100000381469727;21.690000534057617;21.040000915527344;21.579999923706055;847500
2016-04-14;21.600000381469727;21.780000686645508;21.219999313354492;21.3799991607666;263200
2016-04-15;21.110000610351562;21.329999923706055;20.90999984741211;20.93000030517578;658300
2016-04-18;21.049999237060547;21.920000076293945;20.93000030517578;21.90999984741211;483300
2016-04-19;22.139999389648438;22.350000381469727;21.809999465942383;21.8799991607666;520300
2016-04-20;21.559999465942383;22.700000762939453;21.559999465942383;22.40999984741211;688800
2016-04-21;22.350000381469727;22.649999618530273;22.149999618530273;22.25;319700
2016-04-22;22.25;22.920000076293945;22.139999389648438;22.84000015258789;452100
2016-04-25;22.850000381469727;23.100000381469727;22.110000610351562;22.200000762939453;364100
2016-04-26;22.459999084472656;23.040000915527344;22.40999984741211;22.950000762939453;424500
2016-04-27;22.770000457763672;23.670000076293945;22.770000457763672;23.489999771118164;448100
2016-04-28;23.350000381469727;23.729999542236328;22.790000915527344;22.8799991607666;284900
2016-04-29;22.690000534057617;23.059999465942383;22.040000915527344;22.270000457763672;393000
2016-05-02;22.530000686645508;22.530000686645508;21.93000030517578;22.399999618530273;271100
2016-05-03;22.0;22.100000381469727;20.979999542236328;21.040000915527344;810700
2016-05-04;20.739999771118164;21.559999465942383;20.549999237060547;20.639999389648438;367100
2016-05-05;20.90999984741211;21.059999465942383;20.420000076293945;20.5;544400
2016-05-06;20.420000076293945;20.979999542236328;20.010000228881836;20.219999313354492;451600
2016-05-09;20.450000762939453;20.639999389648438;19.190000534057617;19.600000381469727;716300
2016-05-10;19.440000534057617;20.469999313354492;19.329999923706055;20.43000030517578;394600
2016-05-11;21.239999771118164;22.329999923706055;21.0;21.270000457763672;613900
2016-05-12;21.770000457763672;21.850000381469727;20.360000610351562;20.6200008392334;572300
2016-05-13;20.540000915527344;21.030000686645508;20.100000381469727;20.670000076293945;604400
2016-05-16;20.979999542236328;21.309999465942383;20.670000076293945;20.920000076293945;237300
2016-05-17;20.959999084472656;21.229999542236328;20.610000610351562;20.75;322700
2016-05-18;20.75;21.170000076293945;20.6299991607666;20.690000534057617;365800
2016-05-19;20.549999237060547;20.899999618530273;20.1200008392334;20.760000228881836;451300
2016-05-20;20.790000915527344;21.540000915527344;20.790000915527344;21.43000030517578;297400
2016-05-23;21.520000457763672;22.040000915527344;21.520000457763672;21.860000610351562;247600
2016-05-24;22.020000457763672;22.989999771118164;22.020000457763672;22.81999969482422;429200
2016-05-25;23.110000610351562;23.790000915527344;22.969999313354492;23.75;609300
2016-05-26;23.450000762939453;23.670000076293945;22.899999618530273;23.399999618530273;762800
2016-05-27;24.0;24.040000915527344;21.950000762939453;22.709999084472656;1363700
2016-05-31;22.299999237060547;22.700000762939453;21.389999389648438;21.739999771118164;1188800
2016-06-01;21.360000610351562;21.860000610351562;20.81999969482422;21.65999984741211;788300
2016-06-02;21.6299991607666;21.75;21.329999923706055;21.700000762939453;488000
2016-06-03;21.540000915527344;21.540000915527344;20.899999618530273;21.06999969482422;558700
2016-06-06;21.139999389648438;21.549999237060547;20.719999313354492;21.420000076293945;633800
2016-06-07;21.600000381469727;21.860000610351562;21.549999237060547;21.600000381469727;265200
2016-06-08;21.540000915527344;22.0;21.520000457763672;21.809999465942383;702800
2016-06-09;21.360000610351562;22.0;20.81999969482422;21.299999237060547;1135700
2016-06-10;20.81999969482422;20.84000015258789;20.0;20.0;1268800
2016-06-13;19.68000030517578;20.579999923706055;19.459999084472656;20.399999618530273;528500
2016-06-14;20.260000228881836;20.670000076293945;19.93000030517578;20.280000686645508;363300
2016-06-15;20.5;20.809999465942383;20.030000686645508;20.049999237060547;507700
2016-06-16;19.8700008392334;20.690000534057617;19.459999084472656;20.540000915527344;636500
2016-06-17;20.579999923706055;21.0;20.450000762939453;20.559999465942383;600500
2016-06-20;20.959999084472656;21.280000686645508;20.799999237060547;20.829999923706055;238900
2016-06-21;20.8700008392334;21.030000686645508;20.56999969482422;20.670000076293945;204800
2016-06-22;20.68000030517578;21.15999984741211;20.450000762939453;20.489999771118164;289900
2016-06-23;20.700000762939453;20.989999771118164;20.59000015258789;20.8700008392334;215500
2016-06-24;19.5;20.31999969482422;19.399999618530273;20.030000686645508;479200
2016-06-27;19.600000381469727;19.75;18.8799991607666;19.110000610351562;504400
2016-06-28;19.450000762939453;19.780000686645508;19.190000534057617;19.670000076293945;441500
2016-06-29;19.899999618530273;20.43000030517578;19.75;20.18000030517578;342500
2016-06-30;20.0;20.59000015258789;19.90999984741211;20.3799991607666;295500
2016-07-01;20.309999465942383;20.889999389648438;20.15999984741211;20.649999618530273;267800
2016-07-05;20.399999618530273;20.639999389648438;20.110000610351562;20.420000076293945;256100
2016-07-06;20.15999984741211;20.25;19.610000610351562;20.0;423100
2016-07-07;20.020000457763672;20.290000915527344;19.459999084472656;19.729999542236328;437200
2016-07-08;19.8700008392334;20.1299991607666;19.40999984741211;19.479999542236328;569300
2016-07-11;19.649999618530273;20.010000228881836;19.5;19.709999084472656;633900
2016-07-12;19.850000381469727;20.139999389648438;19.68000030517578;19.799999237060547;506600
2016-07-13;19.799999237060547;19.93000030517578;19.510000228881836;19.530000686645508;287400
2016-07-14;19.90999984741211;19.969999313354492;19.0;19.049999237060547;475400
2016-07-15;19.110000610351562;19.209999084472656;18.209999084472656;18.399999618530273;820600
2016-07-18;18.450000762939453;18.93000030517578;18.100000381469727;18.729999542236328;677500
2016-07-19;18.81999969482422;18.860000610351562;18.049999237060547;18.139999389648438;526100
2016-07-20;18.299999237060547;19.059999465942383;18.219999313354492;18.860000610351562;490200
2016-07-21;18.940000534057617;19.149999618530273;18.75;18.81999969482422;354800
2016-07-22;18.850000381469727;19.09000015258789;18.690000534057617;18.719999313354492;174200
2016-07-25;18.81999969482422;18.850000381469727;18.479999542236328;18.56999969482422;144500
2016-07-26;18.469999313354492;19.06999969482422;18.469999313354492;18.950000762939453;214400
2016-07-27;18.940000534057617;19.190000534057617;18.520000457763672;18.729999542236328;239300
2016-07-28;18.739999771118164;18.739999771118164;18.329999923706055;18.3700008392334;405200
2016-07-29;18.420000076293945;18.639999389648438;18.100000381469727;18.280000686645508;402100
2016-08-01;18.229999542236328;19.360000610351562;18.219999313354492;19.049999237060547;641500
2016-08-02;19.049999237060547;19.18000030517578;18.829999923706055;18.93000030517578;461200
2016-08-03;18.940000534057617;19.329999923706055;18.790000915527344;19.030000686645508;329700
2016-08-04;19.110000610351562;19.239999771118164;18.860000610351562;19.059999465942383;254300
2016-08-05;18.559999465942383;19.34000015258789;18.540000915527344;19.15999984741211;324700
2016-08-08;19.170000076293945;19.299999237060547;18.8799991607666;18.920000076293945;219200
2016-08-09;19.059999465942383;19.18000030517578;18.5;18.84000015258789;230900
2016-08-10;18.510000228881836;18.93000030517578;18.100000381469727;18.299999237060547;600800
2016-08-11;18.299999237060547;18.479999542236328;18.15999984741211;18.31999969482422;252200
2016-08-12;18.40999984741211;18.520000457763672;18.270000457763672;18.479999542236328;150900
2016-08-15;18.799999237060547;19.530000686645508;18.780000686645508;19.43000030517578;450300
2016-08-16;19.479999542236328;19.709999084472656;19.190000534057617;19.479999542236328;320800
2016-08-17;19.3799991607666;19.399999618530273;18.549999237060547;18.81999969482422;389800
2016-08-18;19.209999084472656;20.0;19.209999084472656;19.809999465942383;499600
2016-08-19;19.790000915527344;19.950000762939453;19.579999923706055;19.639999389648438;178800
2016-08-22;19.979999542236328;20.149999618530273;19.81999969482422;20.010000228881836;321000
2016-08-23;20.610000610351562;20.969999313354492;20.440000534057617;20.809999465942383;674400
2016-08-24;20.760000228881836;21.170000076293945;20.059999465942383;20.170000076293945;614700
2016-08-25;19.3799991607666;19.479999542236328;18.549999237060547;18.81999969482422;1058400
2016-08-26;18.93000030517578;19.700000762939453;18.790000915527344;19.0;518500
2016-08-29;19.0;19.110000610351562;18.81999969482422;18.920000076293945;244700
2016-08-30;18.93000030517578;19.299999237060547;18.760000228881836;18.780000686645508;304900
2016-08-31;18.780000686645508;18.84000015258789;18.25;18.459999084472656;437000
2016-09-01;18.540000915527344;18.739999771118164;18.100000381469727;18.520000457763672;325600
2016-09-02;18.559999465942383;18.760000228881836;18.399999618530273;18.440000534057617;259000
2016-09-06;18.399999618530273;18.6299991607666;18.3700008392334;18.530000686645508;271000
2016-09-07;18.43000030517578;18.65999984741211;18.209999084472656;18.3799991607666;268000
2016-09-08;17.899999618530273;18.440000534057617;17.8799991607666;18.239999771118164;363300
2016-09-09;18.06999969482422;18.270000457763672;17.899999618530273;17.93000030517578;522600
2016-09-12;17.510000228881836;17.809999465942383;17.309999465942383;17.6200008392334;349300
2016-09-13;17.489999771118164;17.489999771118164;16.540000915527344;16.690000534057617;595900
2016-09-14;16.780000686645508;16.899999618530273;15.300000190734863;15.5600004196167;1025000
2016-09-15;15.529999732971191;16.40999984741211;15.489999771118164;15.9399995803833;694100
2016-09-16;15.899999618530273;16.079999923706055;15.180000305175781;15.75;659500
2016-09-19;15.890000343322754;15.979999542236328;15.3100004196167;15.34000015258789;487000
2016-09-20;15.34000015258789;15.390000343322754;14.760000228881836;14.819999694824219;564400
2016-09-21;14.449999809265137;14.989999771118164;14.319999694824219;14.550000190734863;668400
2016-09-22;14.600000381469727;15.25;14.600000381469727;15.170000076293945;416800
2016-09-23;15.109999656677246;15.449999809265137;14.84000015258789;15.180000305175781;527100
2016-09-26;14.989999771118164;15.149999618530273;14.8100004196167;15.029999732971191;318200
2016-09-27;14.600000381469727;15.649999618530273;14.600000381469727;15.489999771118164;482500
2016-09-28;15.5;16.059999465942383;15.399999618530273;15.770000457763672;394300
2016-09-29;15.710000038146973;16.799999237060547;15.699999809265137;16.5;926800
2016-09-30;16.420000076293945;16.6200008392334;15.770000457763672;15.800000190734863;424700
2016-10-03;15.8100004196167;16.31999969482422;15.729999542236328;15.930000305175781;339500
2016-10-04;15.9399995803833;16.0;15.210000038146973;15.329999923706055;431700
2016-10-05;15.399999618530273;16.860000610351562;15.399999618530273;16.719999313354492;757300
2016-10-06;16.729999542236328;17.239999771118164;16.450000762939453;16.889999389648438;530200
2016-10-07;16.899999618530273;16.950000762939453;16.06999969482422;16.09000015258789;318300
2016-10-10;16.219999313354492;16.8799991607666;16.200000762939453;16.790000915527344;493600
2016-10-11;17.489999771118164;17.690000534057617;16.149999618530273;16.549999237060547;812500
2016-10-12;16.350000381469727;16.90999984741211;16.239999771118164;16.549999237060547;431600
2016-10-13;16.219999313354492;16.649999618530273;16.010000228881836;16.440000534057617;383800
2016-10-14;16.579999923706055;16.790000915527344;16.31999969482422;16.399999618530273;399000
2016-10-17;16.350000381469727;16.56999969482422;16.219999313354492;16.260000228881836;340700
2016-10-18;16.469999313354492;16.700000762939453;16.34000015258789;16.479999542236328;298400
2016-10-19;16.40999984741211;17.270000457763672;16.360000610351562;17.0;418800
2016-10-20;16.8700008392334;17.489999771118164;16.649999618530273;17.15999984741211;330200
2016-10-21;17.170000076293945;17.329999923706055;16.8799991607666;17.020000457763672;239500
2016-10-24;17.31999969482422;17.31999969482422;16.760000228881836;16.889999389648438;240200
2016-10-25;16.959999084472656;16.959999084472656;16.5;16.600000381469727;182500
2016-10-26;16.56999969482422;16.729999542236328;16.5;16.610000610351562;160200
2016-10-27;16.649999618530273;16.780000686645508;16.059999465942383;16.219999313354492;265800
2016-10-28;16.1200008392334;16.15999984741211;15.5;15.779999732971191;364200
2016-10-31;15.779999732971191;15.880000114440918;15.029999732971191;15.40999984741211;285100
2016-11-01;15.520000457763672;15.729999542236328;15.15999984741211;15.520000457763672;322100
2016-11-02;15.5;15.59000015258789;15.100000381469727;15.229999542236328;189900
2016-11-03;15.09000015258789;15.180000305175781;14.609999656677246;14.670000076293945;397000
2016-11-04;14.670000076293945;14.920000076293945;14.0600004196167;14.680000305175781;347800
2016-11-07;14.90999984741211;15.720000267028809;14.890000343322754;14.989999771118164;377900
2016-11-08;15.260000228881836;15.600000381469727;15.050000190734863;15.399999618530273;577800
2016-11-09;14.100000381469727;14.65999984741211;13.520000457763672;14.100000381469727;1036700
2016-11-10;14.119999885559082;14.329999923706055;13.5;13.710000038146973;734700
2016-11-11;13.289999961853027;13.609999656677246;13.079999923706055;13.270000457763672;700500
2016-11-14;13.229999542236328;13.399999618530273;12.920000076293945;13.149999618530273;462900
2016-11-15;13.25;13.800000190734863;13.220000267028809;13.75;467100
2016-11-16;14.989999771118164;15.149999618530273;14.180000305175781;14.630000114440918;1355900
2016-11-17;14.539999961853027;14.5600004196167;13.9399995803833;14.100000381469727;617600
2016-11-18;13.84000015258789;14.0;13.329999923706055;13.34000015258789;684200
2016-11-21;13.319999694824219;13.449999809265137;12.720000267028809;12.869999885559082;742700
2016-11-22;12.979999542236328;13.4399995803833;12.970000267028809;13.069999694824219;479400
2016-11-23;13.279999732971191;13.4399995803833;12.949999809265137;13.430000305175781;499600
2016-11-25;13.869999885559082;14.350000381469727;13.770000457763672;14.100000381469727;555800
2016-11-28;14.15999984741211;14.220000267028809;13.75;13.920000076293945;482100
2016-11-29;14.039999961853027;14.039999961853027;13.5600004196167;13.680000305175781;284100
2016-11-30;13.899999618530273;14.25;13.850000381469727;14.140000343322754;478100
2016-12-01;14.289999961853027;14.399999618530273;13.760000228881836;14.130000114440918;451800
2016-12-02;14.289999961853027;14.350000381469727;13.90999984741211;14.279999732971191;581400
2016-12-05;14.270000457763672;15.220000267028809;14.25;15.130000114440918;778800
2016-12-06;15.020000457763672;15.430000305175781;14.75;14.979999542236328;564700
2016-12-07;15.0600004196167;16.3799991607666;15.0;15.930000305175781;919800
2016-12-08;16.0;16.0;15.380000114440918;15.6899995803833;413300
2016-12-09;15.720000267028809;16.43000030517578;15.720000267028809;15.920000076293945;462400
2016-12-12;15.960000038146973;16.200000762939453;15.84000015258789;16.049999237060547;469800
2016-12-13;16.15999984741211;16.260000228881836;15.8100004196167;16.0;314600
2016-12-14;16.209999084472656;16.209999084472656;15.670000076293945;15.710000038146973;298200
2016-12-15;15.649999618530273;15.899999618530273;15.380000114440918;15.6899995803833;407600
2016-12-16;15.90999984741211;16.31999969482422;15.609999656677246;15.789999961853027;690200
2016-12-19;15.869999885559082;16.049999237060547;15.649999618530273;15.75;388700
2016-12-20;15.779999732971191;16.190000534057617;15.569999694824219;15.739999771118164;202000
2016-12-21;15.850000381469727;15.850000381469727;15.460000038146973;15.510000228881836;274600
2016-12-22;15.449999809265137;15.819999694824219;15.430000305175781;15.710000038146973;259600
2016-12-23;15.65999984741211;15.90999984741211;15.380000114440918;15.460000038146973;197700
2016-12-27;15.479999542236328;16.219999313354492;15.479999542236328;15.949999809265137;364700
2016-12-28;15.989999771118164;16.200000762939453;15.4399995803833;15.539999961853027;303500
2016-12-29;15.579999923706055;15.760000228881836;15.180000305175781;15.260000228881836;206800
2016-12-30;15.199999809265137;15.680000305175781;15.15999984741211;15.229999542236328;358900
2017-01-03;15.460000038146973;15.84000015258789;15.300000190734863;15.630000114440918;269000
2017-01-04;15.640000343322754;16.15999984741211;15.630000114440918;15.90999984741211;440900
2017-01-05;15.9399995803833;16.290000915527344;15.84000015258789;15.850000381469727;255700
2017-01-06;15.6899995803833;16.059999465942383;15.680000305175781;15.720000267028809;200700
2017-01-09;15.65999984741211;15.859999656677246;15.470000267028809;15.550000190734863;206200
2017-01-10;15.5600004196167;15.720000267028809;15.460000038146973;15.649999618530273;146200
2017-01-11;15.680000305175781;16.139999389648438;15.630000114440918;15.859999656677246;425500
2017-01-12;15.789999961853027;15.899999618530273;15.369999885559082;15.59000015258789;325600
2017-01-13;15.600000381469727;15.989999771118164;15.529999732971191;15.710000038146973;215200
2017-01-17;15.720000267028809;16.93000030517578;15.649999618530273;16.450000762939453;786200
2017-01-18;16.450000762939453;16.719999313354492;15.670000076293945;15.819999694824219;349500
2017-01-19;15.829999923706055;16.459999084472656;15.819999694824219;15.880000114440918;267700
2017-01-20;15.890000343322754;16.139999389648438;15.510000228881836;15.75;384200
2017-01-23;15.770000457763672;15.829999923706055;15.050000190734863;15.289999961853027;630200
2017-01-24;15.149999618530273;15.329999923706055;14.579999923706055;14.720000267028809;660100
2017-01-25;14.680000305175781;15.050000190734863;14.5600004196167;14.890000343322754;504200
2017-01-26;14.899999618530273;14.949999809265137;14.479999542236328;14.5600004196167;353900
2017-01-27;14.550000190734863;15.039999961853027;14.550000190734863;14.850000381469727;510300
2017-01-30;14.75;14.800000190734863;14.010000228881836;14.079999923706055;525600
2017-01-31;14.1899995803833;14.380000114440918;13.699999809265137;14.319999694824219;395700
2017-02-01;14.329999923706055;14.550000190734863;14.180000305175781;14.5;266900
2017-02-02;14.460000038146973;14.720000267028809;14.220000267028809;14.319999694824219;259700
2017-02-03;14.329999923706055;14.619999885559082;14.279999732971191;14.470000267028809;212800
2017-02-06;14.479999542236328;14.640000343322754;14.25;14.479999542236328;170500
2017-02-07;14.420000076293945;14.529999732971191;14.199999809265137;14.329999923706055;256500
2017-02-08;14.319999694824219;14.520000457763672;14.130000114440918;14.5;232700
2017-02-09;14.5;14.720000267028809;14.359999656677246;14.460000038146973;233300
2017-02-10;14.4399995803833;15.069999694824219;14.380000114440918;15.020000457763672;304400
2017-02-13;14.979999542236328;15.6899995803833;14.979999542236328;15.600000381469727;509700
2017-02-14;15.609999656677246;16.059999465942383;15.260000228881836;16.030000686645508;459400
2017-02-15;16.040000915527344;16.510000228881836;16.010000228881836;16.40999984741211;532800
2017-02-16;16.25;16.549999237060547;15.779999732971191;16.139999389648438;524500
2017-02-17;16.100000381469727;16.860000610351562;15.859999656677246;16.770000457763672;678900
2017-02-21;17.030000686645508;17.920000076293945;16.979999542236328;17.530000686645508;1221600
2017-02-22;17.540000915527344;17.829999923706055;16.600000381469727;16.979999542236328;1025600
2017-02-23;17.030000686645508;17.799999237060547;17.030000686645508;17.469999313354492;528900
2017-02-24;17.1200008392334;17.260000228881836;16.899999618530273;17.149999618530273;603300
2017-02-27;16.850000381469727;17.979999542236328;16.3700008392334;17.950000762939453;1579000
2017-02-28;17.639999389648438;17.719999313354492;16.450000762939453;16.8799991607666;965200
2017-03-01;17.100000381469727;17.489999771118164;16.549999237060547;16.739999771118164;560800
2017-03-02;16.760000228881836;17.25;16.649999618530273;16.81999969482422;590300
2017-03-03;16.829999923706055;16.989999771118164;16.170000076293945;16.34000015258789;536000
2017-03-06;16.40999984741211;16.440000534057617;15.460000038146973;15.630000114440918;842500
2017-03-07;15.670000076293945;15.760000228881836;15.289999961853027;15.550000190734863;628400
2017-03-08;15.479999542236328;15.8100004196167;15.25;15.300000190734863;459000
2017-03-09;15.210000038146973;15.600000381469727;15.0;15.079999923706055;426700
2017-03-10;15.170000076293945;15.569999694824219;14.949999809265137;15.489999771118164;492800
2017-03-13;15.550000190734863;15.84000015258789;15.430000305175781;15.8100004196167;277600
2017-03-14;15.8100004196167;16.270000457763672;15.609999656677246;16.020000457763672;446200
2017-03-15;16.18000030517578;17.09000015258789;16.0;17.079999923706055;579400
2017-03-16;17.299999237060547;17.5;17.1200008392334;17.459999084472656;657400
2017-03-17;17.299999237060547;17.579999923706055;16.860000610351562;16.920000076293945;773900
2017-03-20;16.93000030517578;16.93000030517578;16.139999389648438;16.56999969482422;469800
2017-03-21;16.579999923706055;16.739999771118164;15.5600004196167;15.890000343322754;785100
2017-03-22;15.859999656677246;15.979999542236328;15.329999923706055;15.789999961853027;346300
2017-03-23;15.800000190734863;16.049999237060547;15.579999923706055;15.890000343322754;286500
2017-03-24;15.899999618530273;16.389999389648438;15.880000114440918;16.190000534057617;250200
2017-03-27;16.020000457763672;16.700000762939453;15.869999885559082;16.610000610351562;371100
2017-03-28;16.56999969482422;16.829999923706055;16.350000381469727;16.709999084472656;354900
2017-03-29;16.56999969482422;16.90999984741211;16.239999771118164;16.270000457763672;352600
2017-03-30;16.280000686645508;16.479999542236328;16.139999389648438;16.260000228881836;175900
2017-03-31;16.25;16.93000030517578;16.209999084472656;16.56999969482422;235400
2017-04-03;16.65999984741211;16.93000030517578;16.459999084472656;16.729999542236328;343900
2017-04-04;16.559999465942383;16.969999313354492;16.559999465942383;16.65999984741211;263000
2017-04-05;16.8799991607666;17.350000381469727;16.3799991607666;16.520000457763672;500700
2017-04-06;16.520000457763672;16.90999984741211;16.420000076293945;16.770000457763672;221000
2017-04-07;16.729999542236328;16.969999313354492;16.670000076293945;16.690000534057617;131100
2017-04-10;16.700000762939453;17.350000381469727;16.600000381469727;17.15999984741211;696500
2017-04-11;17.170000076293945;17.530000686645508;16.790000915527344;17.25;559100
2017-04-12;17.260000228881836;17.389999389648438;16.93000030517578;17.030000686645508;610500
2017-04-13;16.959999084472656;17.389999389648438;16.940000534057617;17.25;429200
2017-04-17;17.299999237060547;17.579999923706055;17.06999969482422;17.260000228881836;344200
2017-04-18;17.1200008392334;17.6299991607666;17.049999237060547;17.530000686645508;598400
2017-04-19;17.59000015258789;17.600000381469727;16.93000030517578;16.950000762939453;343700
2017-04-20;17.1200008392334;17.25;16.6299991607666;16.639999389648438;367900
2017-04-21;16.649999618530273;16.90999984741211;16.510000228881836;16.649999618530273;394800
2017-04-24;17.040000915527344;17.389999389648438;16.790000915527344;17.209999084472656;387500
2017-04-25;17.0;17.31999969482422;16.8799991607666;17.030000686645508;211000
2017-04-26;17.020000457763672;17.5;16.989999771118164;17.260000228881836;366600
2017-04-27;17.3799991607666;17.860000610351562;17.25;17.799999237060547;794800
2017-04-28;17.799999237060547;17.81999969482422;16.899999618530273;17.34000015258789;623500
2017-05-01;17.389999389648438;17.709999084472656;17.049999237060547;17.100000381469727;338600
2017-05-02;17.110000610351562;17.329999923706055;17.049999237060547;17.229999542236328;272800
2017-05-03;17.459999084472656;18.100000381469727;17.309999465942383;17.34000015258789;420800
2017-05-04;17.40999984741211;17.40999984741211;16.299999237060547;16.3700008392334;889300
2017-05-05;16.559999465942383;17.040000915527344;16.5;16.920000076293945;451300
2017-05-08;16.979999542236328;16.979999542236328;16.739999771118164;16.81999969482422;165000
2017-05-09;16.8799991607666;17.450000762939453;16.8700008392334;17.420000076293945;483500
2017-05-10;17.459999084472656;17.899999618530273;17.31999969482422;17.6200008392334;417000
2017-05-11;17.469999313354492;17.610000610351562;16.8700008392334;17.389999389648438;419600
2017-05-12;17.40999984741211;17.450000762939453;17.010000228881836;17.290000915527344;322700
2017-05-15;17.399999618530273;17.709999084472656;17.290000915527344;17.450000762939453;377400
2017-05-16;17.43000030517578;17.459999084472656;17.110000610351562;17.3700008392334;330600
2017-05-17;17.200000762939453;17.200000762939453;16.90999984741211;16.979999542236328;441400
2017-05-18;16.93000030517578;17.299999237060547;16.6299991607666;17.25;393200
2017-05-19;17.299999237060547;18.690000534057617;17.219999313354492;18.389999389648438;1657800
2017-05-22;19.049999237060547;19.299999237060547;18.540000915527344;19.0;1209900
2017-05-23;19.299999237060547;19.850000381469727;19.0;19.40999984741211;1038300
2017-05-24;19.540000915527344;19.8799991607666;19.1200008392334;19.299999237060547;1058900
2017-05-25;19.299999237060547;22.190000534057617;19.299999237060547;21.459999084472656;2309400
2017-05-26;20.190000534057617;20.889999389648438;18.790000915527344;19.030000686645508;4017900
2017-05-30;19.209999084472656;19.829999923706055;18.690000534057617;18.84000015258789;1585300
2017-05-31;18.809999465942383;19.1299991607666;17.34000015258789;17.860000610351562;1805500
2017-06-01;18.229999542236328;19.030000686645508;18.059999465942383;18.34000015258789;1072800
2017-06-02;18.350000381469727;18.889999389648438;17.799999237060547;18.780000686645508;1360300
2017-06-05;18.209999084472656;18.399999618530273;17.100000381469727;17.209999084472656;1812300
2017-06-06;17.280000686645508;17.700000762939453;17.200000762939453;17.600000381469727;879800
2017-06-07;17.700000762939453;18.260000228881836;17.6299991607666;18.010000228881836;884500
2017-06-08;18.0;18.219999313354492;17.530000686645508;18.190000534057617;650300
2017-06-09;18.18000030517578;18.690000534057617;17.15999984741211;17.3700008392334;1237000
2017-06-12;17.450000762939453;18.270000457763672;17.3799991607666;18.200000762939453;1068100
2017-06-13;18.190000534057617;18.6200008392334;18.190000534057617;18.540000915527344;472900
2017-06-14;18.59000015258789;18.68000030517578;18.100000381469727;18.270000457763672;619900
2017-06-15;18.010000228881836;18.399999618530273;17.700000762939453;17.780000686645508;557100
2017-06-16;17.75;18.399999618530273;17.75;18.329999923706055;720600
2017-06-19;18.469999313354492;18.989999771118164;18.399999618530273;18.729999542236328;825700
2017-06-20;18.489999771118164;19.170000076293945;18.360000610351562;18.90999984741211;721400
2017-06-21;18.920000076293945;19.450000762939453;18.729999542236328;19.399999618530273;642300
2017-06-22;19.209999084472656;20.989999771118164;19.200000762939453;20.260000228881836;1640500
2017-06-23;20.110000610351562;21.0;20.100000381469727;20.770000457763672;929500
2017-06-26;20.899999618530273;21.06999969482422;19.8700008392334;20.25;849000
2017-06-27;20.200000762939453;20.739999771118164;20.059999465942383;20.219999313354492;641100
2017-06-28;20.149999618530273;21.0;20.1299991607666;20.6299991607666;995000
2017-06-29;20.639999389648438;20.920000076293945;20.270000457763672;20.600000381469727;1172200
2017-06-30;20.639999389648438;21.15999984741211;20.059999465942383;20.799999237060547;504700
2017-07-03;20.809999465942383;21.75;20.709999084472656;21.219999313354492;781700
2017-07-05;21.170000076293945;21.700000762939453;20.219999313354492;20.350000381469727;782000
2017-07-06;20.170000076293945;20.719999313354492;19.770000457763672;19.81999969482422;767100
2017-07-07;19.809999465942383;20.34000015258789;19.610000610351562;20.18000030517578;602100
2017-07-10;20.18000030517578;20.84000015258789;20.110000610351562;20.6200008392334;470000
2017-07-11;20.770000457763672;21.100000381469727;20.559999465942383;20.899999618530273;523800
2017-07-12;21.100000381469727;21.860000610351562;21.100000381469727;21.690000534057617;842000
2017-07-13;21.700000762939453;22.18000030517578;21.520000457763672;21.81999969482422;558800
2017-07-14;21.940000534057617;23.229999542236328;21.940000534057617;23.110000610351562;1167200
2017-07-17;23.020000457763672;24.450000762939453;23.020000457763672;23.700000762939453;1513000
2017-07-18;23.700000762939453;25.600000381469727;23.700000762939453;25.520000457763672;2025400
2017-07-19;25.700000762939453;28.18000030517578;25.690000534057617;28.100000381469727;4056800
2017-07-20;27.5;27.979999542236328;26.719999313354492;27.829999923706055;2786200
2017-07-21;27.450000762939453;27.549999237060547;26.56999969482422;27.360000610351562;1921400
2017-07-24;27.209999084472656;28.260000228881836;27.170000076293945;28.0;1734900
2017-07-25;28.25;28.25;25.729999542236328;25.760000228881836;1586200
2017-07-26;26.149999618530273;26.770000457763672;26.0;26.3700008392334;969000
2017-07-27;26.25;27.649999618530273;26.200000762939453;26.760000228881836;1004900
2017-07-28;27.65999984741211;28.1299991607666;27.100000381469727;28.020000457763672;1433100
2017-07-31;28.200000762939453;28.440000534057617;26.739999771118164;27.6200008392334;1369900
2017-08-01;28.0;28.0;27.139999389648438;27.520000457763672;470600
2017-08-02;27.200000762939453;27.520000457763672;26.1200008392334;26.459999084472656;1067000
2017-08-03;26.770000457763672;28.079999923706055;26.719999313354492;27.170000076293945;1526100
2017-08-04;27.25;27.93000030517578;27.18000030517578;27.899999618530273;577900
2017-08-07;28.049999237060547;29.100000381469727;27.5;29.020000457763672;1454900
2017-08-08;28.799999237060547;29.360000610351562;28.34000015258789;28.489999771118164;817500
2017-08-09;28.139999389648438;28.530000686645508;27.75;28.520000457763672;528100
2017-08-10;28.25;28.280000686645508;26.6200008392334;26.889999389648438;917300
2017-08-11;26.549999237060547;27.610000610351562;26.1200008392334;27.489999771118164;888500
2017-08-14;27.600000381469727;28.479999542236328;26.940000534057617;28.110000610351562;835500
2017-08-15;28.100000381469727;28.690000534057617;27.719999313354492;28.239999771118164;722700
2017-08-16;28.309999465942383;28.700000762939453;27.299999237060547;27.450000762939453;659500
2017-08-17;27.459999084472656;27.920000076293945;26.010000228881836;26.059999465942383;1083400
2017-08-18;26.6299991607666;26.729999542236328;26.030000686645508;26.329999923706055;953500
2017-08-21;26.510000228881836;26.559999465942383;23.690000534057617;23.700000762939453;2820300
2017-08-22;24.0;24.399999618530273;23.520000457763672;23.579999923706055;1693900
2017-08-23;23.649999618530273;24.200000762939453;23.520000457763672;23.700000762939453;890100
2017-08-24;23.700000762939453;24.639999389648438;23.65999984741211;24.549999237060547;1076000
2017-08-25;24.700000762939453;24.8700008392334;23.940000534057617;24.700000762939453;1016500
2017-08-28;24.899999618530273;25.100000381469727;24.31999969482422;24.790000915527344;947100
2017-08-29;24.290000915527344;26.450000762939453;24.290000915527344;25.59000015258789;1419500
2017-08-30;26.110000610351562;26.579999923706055;26.0;26.450000762939453;660900
2017-08-31;26.600000381469727;28.299999237060547;26.530000686645508;27.829999923706055;1267900
2017-09-01;27.979999542236328;28.540000915527344;27.899999618530273;28.520000457763672;863300
2017-09-05;28.399999618530273;28.479999542236328;26.790000915527344;26.950000762939453;1796500
2017-09-06;24.700000762939453;27.459999084472656;24.40999984741211;27.149999618530273;2203300
2017-09-07;27.149999618530273;28.889999389648438;26.579999923706055;28.81999969482422;1791400
2017-09-08;28.110000610351562;30.059999465942383;27.3799991607666;28.290000915527344;2229000
2017-09-11;28.399999618530273;28.950000762939453;27.8799991607666;28.700000762939453;1572000
2017-09-12;28.81999969482422;29.239999771118164;28.209999084472656;28.309999465942383;806200
2017-09-13;28.700000762939453;29.56999969482422;28.450000762939453;28.989999771118164;1458500
2017-09-14;28.75;30.110000610351562;28.299999237060547;29.889999389648438;1879000
2017-09-15;29.649999618530273;30.5;28.68000030517578;28.709999084472656;2388100
2017-09-18;29.360000610351562;29.540000915527344;27.329999923706055;27.639999389648438;1687000
2017-09-19;27.84000015258789;28.149999618530273;27.549999237060547;27.709999084472656;628000
2017-09-20;27.979999542236328;28.059999465942383;26.0;26.290000915527344;1371300
2017-09-21;25.6299991607666;26.8799991607666;24.610000610351562;26.010000228881836;1728600
2017-09-22;26.030000686645508;26.690000534057617;25.31999969482422;26.030000686645508;1104000
2017-09-25;25.959999084472656;26.170000076293945;24.700000762939453;25.170000076293945;1126700
2017-09-26;25.469999313354492;25.790000915527344;25.1200008392334;25.559999465942383;549500
2017-09-27;24.950000762939453;26.479999542236328;24.709999084472656;26.1200008392334;788100
2017-09-28;26.049999237060547;26.399999618530273;24.31999969482422;25.040000915527344;915500
2017-09-29;25.1200008392334;25.600000381469727;24.850000381469727;24.950000762939453;449600
2017-10-02;24.920000076293945;24.969999313354492;24.389999389648438;24.760000228881836;377100
2017-10-03;24.969999313354492;25.690000534057617;24.860000610351562;25.209999084472656;504600
2017-10-04;25.299999237060547;25.719999313354492;25.0;25.229999542236328;367600
2017-10-05;25.600000381469727;25.600000381469727;24.420000076293945;24.75;517900
2017-10-06;24.75;24.81999969482422;24.079999923706055;24.260000228881836;521300
2017-10-09;24.290000915527344;24.420000076293945;23.18000030517578;23.739999771118164;841500
2017-10-10;23.700000762939453;23.729999542236328;22.8799991607666;22.969999313354492;668100
2017-10-11;22.329999923706055;22.940000534057617;21.899999618530273;22.600000381469727;907900
2017-10-12;23.030000686645508;23.860000610351562;23.010000228881836;23.520000457763672;698700
2017-10-13;23.6200008392334;24.1200008392334;23.440000534057617;23.520000457763672;541400
2017-10-16;23.6299991607666;23.809999465942383;23.239999771118164;23.450000762939453;234800
2017-10-17;23.40999984741211;24.0;23.040000915527344;23.68000030517578;357900
2017-10-18;23.59000015258789;24.280000686645508;23.59000015258789;23.829999923706055;395500
2017-10-19;23.799999237060547;23.799999237060547;23.100000381469727;23.75;378300
2017-10-20;23.969999313354492;24.329999923706055;23.700000762939453;24.309999465942383;384000
2017-10-23;24.399999618530273;25.200000762939453;24.399999618530273;24.920000076293945;548200
2017-10-24;24.760000228881836;25.739999771118164;24.760000228881836;25.459999084472656;593100
2017-10-25;25.440000534057617;25.600000381469727;24.100000381469727;24.81999969482422;583400
2017-10-26;24.68000030517578;25.5;24.25;25.06999969482422;606400
2017-10-27;25.09000015258789;26.079999923706055;25.09000015258789;25.81999969482422;802300
2017-10-30;25.670000076293945;27.100000381469727;25.670000076293945;26.670000076293945;696800
2017-10-31;26.700000762939453;26.989999771118164;26.229999542236328;26.6299991607666;386900
2017-11-01;26.6299991607666;27.5;26.6299991607666;27.149999618530273;430600
2017-11-02;26.739999771118164;27.3799991607666;26.34000015258789;27.200000762939453;523100
2017-11-03;26.799999237060547;27.020000457763672;26.100000381469727;26.440000534057617;336300
2017-11-06;26.5;27.360000610351562;26.479999542236328;26.899999618530273;383800
2017-11-07;27.229999542236328;27.399999618530273;26.649999618530273;27.100000381469727;319800
2017-11-08;27.0;27.299999237060547;26.610000610351562;26.920000076293945;290600
2017-11-09;26.610000610351562;27.219999313354492;26.280000686645508;27.09000015258789;698300
2017-11-10;27.09000015258789;28.600000381469727;27.09000015258789;28.40999984741211;779300
2017-11-13;28.290000915527344;29.3799991607666;28.15999984741211;28.389999389648438;764300
2017-11-14;28.420000076293945;29.18000030517578;27.90999984741211;28.100000381469727;383400
2017-11-15;27.389999389648438;27.559999465942383;26.899999618530273;27.020000457763672;954500
2017-11-16;27.280000686645508;27.889999389648438;27.229999542236328;27.5;434900
2017-11-17;27.290000915527344;27.549999237060547;27.100000381469727;27.170000076293945;274000
2017-11-20;27.350000381469727;28.200000762939453;27.219999313354492;27.940000534057617;428900
2017-11-21;28.079999923706055;28.6299991607666;26.75;26.90999984741211;786700
2017-11-22;27.049999237060547;27.260000228881836;25.229999542236328;25.90999984741211;1188200
2017-11-24;26.020000457763672;26.06999969482422;24.25;24.600000381469727;992800
2017-11-27;24.770000457763672;25.65999984741211;24.5;25.170000076293945;356400
2017-11-28;25.200000762939453;25.399999618530273;24.3799991607666;25.059999465942383;426800
2017-11-29;25.09000015258789;25.190000534057617;23.8799991607666;24.18000030517578;729500
2017-11-30;24.25;24.729999542236328;23.700000762939453;24.540000915527344;681100
2017-12-01;24.049999237060547;25.200000762939453;24.010000228881836;24.420000076293945;427400
2017-12-04;24.579999923706055;24.790000915527344;22.549999237060547;22.579999923706055;873300
2017-12-05;22.6200008392334;23.719999313354492;22.6200008392334;23.479999542236328;362600
2017-12-06;23.239999771118164;24.149999618530273;22.68000030517578;23.81999969482422;854200
2017-12-07;23.110000610351562;25.81999969482422;23.110000610351562;24.479999542236328;1248000
2017-12-08;24.719999313354492;26.90999984741211;24.559999465942383;26.65999984741211;868300
2017-12-11;26.239999771118164;26.649999618530273;25.350000381469727;25.600000381469727;749700
2017-12-12;25.25;25.950000762939453;25.049999237060547;25.100000381469727;342700
2017-12-13;25.079999923706055;25.399999618530273;24.299999237060547;24.399999618530273;360600
2017-12-14;24.06999969482422;24.459999084472656;23.700000762939453;23.75;467600
2017-12-15;23.75;24.540000915527344;23.75;24.3700008392334;456200
2017-12-18;24.6299991607666;24.860000610351562;24.149999618530273;24.59000015258789;258100
2017-12-19;24.170000076293945;24.450000762939453;23.8700008392334;23.8799991607666;435200
2017-12-20;24.059999465942383;24.1299991607666;23.190000534057617;23.329999923706055;389800
2017-12-21;23.5;24.1299991607666;23.420000076293945;23.780000686645508;316600
2017-12-22;24.100000381469727;24.450000762939453;23.729999542236328;24.219999313354492;537400
2017-12-26;23.84000015258789;24.25;23.200000762939453;24.040000915527344;557800
2017-12-27;23.600000381469727;24.899999618530273;23.600000381469727;24.739999771118164;540900
2017-12-28;24.75;25.040000915527344;24.5;24.729999542236328;455900
2017-12-29;24.81999969482422;24.81999969482422;23.979999542236328;24.049999237060547;359400
2018-01-02;24.1200008392334;25.440000534057617;24.1200008392334;25.059999465942383;396600
2018-01-03;25.209999084472656;25.209999084472656;24.079999923706055;24.329999923706055;534000
2018-01-04;24.209999084472656;24.420000076293945;24.0;24.190000534057617;422800
2018-01-05;24.299999237060547;24.959999084472656;24.06999969482422;24.229999542236328;328500
2018-01-08;24.25;24.5;23.959999084472656;24.1299991607666;358300
2018-01-09;23.700000762939453;24.540000915527344;23.700000762939453;24.0;798600
2018-01-10;24.059999465942383;24.239999771118164;23.81999969482422;24.09000015258789;248900
2018-01-11;24.1299991607666;24.899999618530273;24.09000015258789;24.770000457763672;370800
2018-01-12;24.889999389648438;25.559999465942383;24.59000015258789;24.59000015258789;431500
2018-01-16;24.780000686645508;25.06999969482422;24.010000228881836;24.15999984741211;418300
2018-01-17;24.540000915527344;24.59000015258789;24.040000915527344;24.25;220200
2018-01-18;24.219999313354492;24.40999984741211;23.75;24.06999969482422;436000
2018-01-19;24.049999237060547;24.43000030517578;23.899999618530273;24.170000076293945;266000
2018-01-22;24.190000534057617;24.200000762939453;23.25;23.3700008392334;634300
2018-01-23;23.0;23.100000381469727;21.459999084472656;21.520000457763672;1556800
2018-01-24;21.389999389648438;21.989999771118164;20.170000076293945;20.940000534057617;1145500
2018-01-25;21.43000030517578;22.75;21.3799991607666;22.420000076293945;706300
2018-01-26;22.799999237060547;22.799999237060547;22.049999237060547;22.6299991607666;386200
2018-01-29;23.299999237060547;23.81999969482422;22.899999618530273;23.190000534057617;420400
2018-01-30;23.030000686645508;23.139999389648438;22.530000686645508;22.799999237060547;283500
2018-01-31;22.969999313354492;23.40999984741211;22.139999389648438;22.219999313354492;354700
2018-02-01;22.1200008392334;22.450000762939453;21.6200008392334;21.799999237060547;504400
2018-02-02;21.579999923706055;21.719999313354492;21.34000015258789;21.469999313354492;291200
2018-02-05;21.190000534057617;21.600000381469727;20.90999984741211;20.93000030517578;331000
2018-02-06;20.440000534057617;21.139999389648438;20.079999923706055;20.350000381469727;655800
2018-02-07;19.049999237060547;19.06999969482422;18.139999389648438;18.15999984741211;4424500
2018-02-08;18.5;18.510000228881836;17.260000228881836;17.260000228881836;1839700
2018-02-09;17.469999313354492;17.729999542236328;16.059999465942383;17.18000030517578;1500500
2018-02-12;17.600000381469727;18.079999923706055;17.260000228881836;17.59000015258789;1126000
2018-02-13;17.600000381469727;17.989999771118164;17.5;17.649999618530273;498400
2018-02-14;17.510000228881836;18.170000076293945;17.5;18.15999984741211;476500
2018-02-15;18.68000030517578;19.020000457763672;18.350000381469727;18.8700008392334;410200
2018-02-16;19.5;19.510000228881836;18.780000686645508;18.969999313354492;450600
2018-02-20;18.969999313354492;18.969999313354492;18.450000762939453;18.579999923706055;342900
2018-02-21;18.670000076293945;18.829999923706055;18.209999084472656;18.520000457763672;313800
2018-02-22;18.450000762939453;18.5;18.010000228881836;18.3700008392334;597000
2018-02-23;18.5;18.510000228881836;17.459999084472656;17.829999923706055;453300
2018-02-26;17.950000762939453;18.75;17.950000762939453;18.6299991607666;309200
2018-02-27;18.479999542236328;18.489999771118164;17.559999465942383;17.56999969482422;381100
2018-02-28;17.799999237060547;18.0;17.649999618530273;17.8700008392334;254400
2018-03-01;17.90999984741211;18.649999618530273;17.84000015258789;18.010000228881836;559100
2018-03-02;17.790000915527344;18.610000610351562;17.260000228881836;18.3799991607666;651200
2018-03-05;18.309999465942383;18.549999237060547;18.1200008392334;18.260000228881836;223300
2018-03-06;18.40999984741211;18.75;18.1299991607666;18.1299991607666;342100
2018-03-07;18.139999389648438;18.399999618530273;17.889999389648438;18.010000228881836;257600
2018-03-08;18.1200008392334;18.479999542236328;17.899999618530273;18.440000534057617;207600
2018-03-09;18.479999542236328;18.479999542236328;18.149999618530273;18.350000381469727;205100
2018-03-12;18.399999618530273;19.219999313354492;18.399999618530273;18.6299991607666;345700
2018-03-13;18.860000610351562;19.209999084472656;18.690000534057617;18.790000915527344;192100
2018-03-14;18.93000030517578;19.25;18.690000534057617;18.8799991607666;137600
2018-03-15;18.950000762939453;19.0;18.40999984741211;18.530000686645508;254700
2018-03-16;18.799999237060547;19.829999923706055;18.420000076293945;19.350000381469727;1039900
2018-03-19;20.40999984741211;21.350000381469727;19.6299991607666;20.239999771118164;1391800
2018-03-20;20.299999237060547;20.670000076293945;20.1299991607666;20.5;568600
2018-03-21;20.649999618530273;20.770000457763672;20.030000686645508;20.209999084472656;466000
2018-03-22;19.110000610351562;19.399999618530273;18.299999237060547;18.600000381469727;1000100
2018-03-23;18.40999984741211;18.93000030517578;16.809999465942383;18.459999084472656;1266900
2018-03-26;18.959999084472656;19.600000381469727;18.809999465942383;19.479999542236328;532300
2018-03-27;19.079999923706055;19.850000381469727;18.020000457763672;18.18000030517578;521400
2018-03-28;18.229999542236328;18.229999542236328;17.420000076293945;17.5;550200
2018-03-29;17.639999389648438;18.3799991607666;17.559999465942383;18.25;247900
2018-04-02;18.299999237060547;18.809999465942383;18.260000228881836;18.809999465942383;301800
2018-04-03;18.889999389648438;19.43000030517578;18.190000534057617;18.84000015258789;631000
2018-04-04;18.280000686645508;19.6200008392334;18.15999984741211;19.3700008392334;478200
2018-04-05;19.40999984741211;20.469999313354492;19.350000381469727;20.040000915527344;715400
2018-04-06;19.81999969482422;20.350000381469727;19.020000457763672;19.110000610351562;800200
2018-04-09;19.729999542236328;20.09000015258789;19.229999542236328;19.739999771118164;680400
2018-04-10;20.309999465942383;20.440000534057617;19.649999618530273;19.850000381469727;1040300
2018-04-11;19.899999618530273;20.399999618530273;19.459999084472656;19.59000015258789;722400
2018-04-12;19.540000915527344;19.760000228881836;19.309999465942383;19.389999389648438;242900
2018-04-13;19.469999313354492;19.739999771118164;19.1299991607666;19.270000457763672;449100
2018-04-16;19.360000610351562;19.360000610351562;18.719999313354492;18.90999984741211;354400
2018-04-17;18.84000015258789;19.25;18.65999984741211;19.020000457763672;712800
2018-04-18;19.079999923706055;19.65999984741211;18.899999618530273;19.6200008392334;376300
2018-04-19;19.6200008392334;19.709999084472656;19.010000228881836;19.1200008392334;322800
2018-04-20;19.06999969482422;19.440000534057617;18.950000762939453;19.260000228881836;216700
2018-04-23;19.149999618530273;19.350000381469727;18.799999237060547;18.8799991607666;331100
2018-04-24;19.06999969482422;19.549999237060547;18.899999618530273;19.1200008392334;293500
2018-04-25;19.010000228881836;19.049999237060547;18.209999084472656;18.489999771118164;406800
2018-04-26;18.450000762939453;18.799999237060547;18.360000610351562;18.6200008392334;230600
2018-04-27;18.639999389648438;19.0;18.5;18.729999542236328;208900
2018-04-30;18.84000015258789;18.84000015258789;18.299999237060547;18.3799991607666;281000
2018-05-01;18.34000015258789;18.489999771118164;17.670000076293945;17.729999542236328;285100
2018-05-02;17.729999542236328;18.389999389648438;17.399999618530273;18.200000762939453;278500
2018-05-03;18.06999969482422;18.100000381469727;17.350000381469727;17.860000610351562;243800
2018-05-04;17.559999465942383;17.950000762939453;17.049999237060547;17.549999237060547;466300
2018-05-07;17.559999465942383;18.40999984741211;17.559999465942383;18.190000534057617;512300
2018-05-08;18.290000915527344;18.34000015258789;17.899999618530273;17.899999618530273;180000
2018-05-09;17.950000762939453;18.40999984741211;17.639999389648438;18.40999984741211;376900
2018-05-10;18.489999771118164;19.170000076293945;18.200000762939453;19.110000610351562;348300
2018-05-11;19.149999618530273;19.25;18.510000228881836;18.739999771118164;220700
2018-05-14;18.829999923706055;19.700000762939453;18.770000457763672;19.209999084472656;348300
2018-05-15;19.0;19.639999389648438;19.0;19.610000610351562;342400
2018-05-16;19.549999237060547;20.790000915527344;19.510000228881836;20.209999084472656;842000
2018-05-17;20.1200008392334;20.350000381469727;19.729999542236328;19.920000076293945;344300
2018-05-18;19.959999084472656;19.959999084472656;19.219999313354492;19.479999542236328;319200
2018-05-21;19.709999084472656;20.010000228881836;19.56999969482422;19.760000228881836;203100
2018-05-22;19.780000686645508;19.8799991607666;19.309999465942383;19.329999923706055;143100
2018-05-23;19.1299991607666;19.309999465942383;17.850000381469727;17.989999771118164;878400
2018-05-24;17.950000762939453;18.459999084472656;17.760000228881836;18.170000076293945;309600
2018-05-25;18.170000076293945;18.399999618530273;17.84000015258789;18.209999084472656;242200
2018-05-29;17.940000534057617;18.09000015258789;17.459999084472656;18.010000228881836;452600
2018-05-30;17.899999618530273;17.979999542236328;17.520000457763672;17.729999542236328;458100
2018-05-31;17.790000915527344;18.100000381469727;17.5;17.6200008392334;304000
2018-06-01;17.549999237060547;17.579999923706055;15.130000114440918;15.140000343322754;2018700
2018-06-04;15.300000190734863;15.350000381469727;12.5600004196167;13.770000457763672;4275400
2018-06-05;13.34000015258789;13.699999809265137;12.819999694824219;12.960000038146973;2121700
2018-06-06;13.069999694824219;13.100000381469727;11.90999984741211;12.010000228881836;2830900
2018-06-07;12.199999809265137;12.649999618530273;11.479999542236328;11.920000076293945;2629400
2018-06-08;11.899999618530273;12.239999771118164;11.550000190734863;11.800000190734863;1827600
2018-06-11;11.920000076293945;12.5600004196167;11.800000190734863;12.5;1186700
2018-06-12;12.550000190734863;12.789999961853027;12.039999961853027;12.069999694824219;1272200
2018-06-13;12.170000076293945;12.420000076293945;11.960000038146973;12.119999885559082;992000
2018-06-14;12.020000457763672;12.369999885559082;12.020000457763672;12.369999885559082;381700
2018-06-15;12.199999809265137;12.199999809265137;11.600000381469727;12.1899995803833;1032600
2018-06-18;12.050000190734863;12.989999771118164;12.050000190734863;12.880000114440918;922300
2018-06-19;12.5;12.550000190734863;11.920000076293945;12.15999984741211;988300
2018-06-20;12.5;13.149999618530273;12.300000190734863;13.09000015258789;1132900
2018-06-21;13.399999618530273;14.279999732971191;13.329999923706055;14.149999618530273;1483100
2018-06-22;14.229999542236328;14.779999732971191;14.039999961853027;14.140000343322754;1094700
2018-06-25;14.100000381469727;14.460000038146973;13.800000190734863;13.899999618530273;761800
2018-06-26;13.149999618530273;14.569999694824219;12.720000267028809;14.569999694824219;1142800
2018-06-27;14.600000381469727;14.699999809265137;13.899999618530273;13.979999542236328;706400
2018-06-28;13.859999656677246;14.40999984741211;13.670000076293945;14.300000190734863;823300
2018-06-29;14.3100004196167;14.449999809265137;13.649999618530273;13.770000457763672;672600
2018-07-02;13.710000038146973;14.600000381469727;13.710000038146973;14.130000114440918;489100
2018-07-03;14.369999885559082;14.369999885559082;13.920000076293945;14.039999961853027;292300
2018-07-05;14.130000114440918;14.239999771118164;13.550000190734863;13.720000267028809;446400
2018-07-06;13.760000228881836;14.050000190734863;13.720000267028809;13.960000038146973;471700
2018-07-09;13.960000038146973;14.84000015258789;13.90999984741211;14.84000015258789;617600
2018-07-10;14.630000114440918;15.100000381469727;14.34000015258789;14.520000457763672;757800
2018-07-11;14.479999542236328;14.710000038146973;14.050000190734863;14.199999809265137;529900
2018-07-12;14.3100004196167;14.3100004196167;13.619999885559082;13.850000381469727;515300
2018-07-13;13.880000114440918;14.229999542236328;13.609999656677246;14.119999885559082;225500
2018-07-16;14.300000190734863;14.390000343322754;13.979999542236328;14.050000190734863;296300
2018-07-17;13.979999542236328;14.210000038146973;13.680000305175781;13.789999961853027;439300
2018-07-18;13.859999656677246;13.90999984741211;13.520000457763672;13.6899995803833;451500
2018-07-19;13.489999771118164;13.770000457763672;13.25;13.670000076293945;241300
2018-07-20;13.609999656677246;13.630000114440918;13.3100004196167;13.3100004196167;270800
2018-07-23;13.319999694824219;13.359999656677246;12.529999732971191;12.979999542236328;546800
2018-07-24;13.050000190734863;13.890000343322754;12.739999771118164;13.770000457763672;707600
2018-07-25;13.850000381469727;14.300000190734863;13.720000267028809;14.260000228881836;456300
2018-07-26;13.970000267028809;14.210000038146973;13.770000457763672;13.920000076293945;237200
2018-07-27;13.899999618530273;14.0600004196167;13.649999618530273;13.84000015258789;266100
2018-07-30;13.510000228881836;13.989999771118164;13.149999618530273;13.449999809265137;442000
2018-07-31;13.550000190734863;14.09000015258789;13.5;13.869999885559082;226700
2018-08-01;13.829999923706055;14.029999732971191;13.670000076293945;13.90999984741211;113800
2018-08-02;13.640000343322754;14.1899995803833;13.609999656677246;14.149999618530273;247500
2018-08-03;14.239999771118164;14.260000228881836;13.680000305175781;13.930000305175781;164900
2018-08-06;13.899999618530273;14.319999694824219;13.829999923706055;14.25;241500
2018-08-07;14.380000114440918;14.989999771118164;14.199999809265137;14.880000114440918;620500
2018-08-08;14.949999809265137;15.479999542236328;14.789999961853027;15.329999923706055;845700
2018-08-09;15.5;16.299999237060547;15.329999923706055;15.890000343322754;985100
2018-08-10;15.75;16.299999237060547;15.609999656677246;15.84000015258789;970100
2018-08-13;14.489999771118164;14.489999771118164;12.600000381469727;13.899999618530273;2534300
2018-08-14;14.0;14.050000190734863;12.619999885559082;12.8100004196167;1441700
2018-08-15;12.59000015258789;12.670000076293945;11.470000267028809;12.399999618530273;1660000
2018-08-16;12.5;13.199999809265137;12.5;12.90999984741211;807400
2018-08-17;12.770000457763672;12.899999618530273;12.15999984741211;12.229999542236328;481900
2018-08-20;12.3100004196167;12.800000190734863;12.220000267028809;12.319999694824219;588700
2018-08-21;12.449999809265137;12.850000381469727;12.359999656677246;12.489999771118164;407300
2018-08-22;12.569999694824219;12.8100004196167;12.34000015258789;12.359999656677246;380500
2018-08-23;12.359999656677246;12.430000305175781;12.029999732971191;12.130000114440918;527900
2018-08-24;12.399999618530273;13.140000343322754;12.220000267028809;13.119999885559082;603000
2018-08-27;13.140000343322754;13.850000381469727;13.119999885559082;13.359999656677246;427300
2018-08-28;13.40999984741211;13.550000190734863;12.960000038146973;13.229999542236328;278400
2018-08-29;13.399999618530273;13.699999809265137;13.100000381469727;13.59000015258789;319000
2018-08-30;13.489999771118164;13.649999618530273;12.970000267028809;12.970000267028809;295500
2018-08-31;13.010000228881836;13.130000114440918;12.770000457763672;13.130000114440918;218500
2018-09-04;13.050000190734863;13.300000190734863;12.869999885559082;13.180000305175781;441900
2018-09-05;13.199999809265137;13.300000190734863;12.899999618530273;12.930000305175781;332900
2018-09-06;12.90999984741211;13.149999618530273;12.260000228881836;12.319999694824219;455700
2018-09-07;12.34000015258789;12.59000015258789;11.869999885559082;12.3100004196167;394300
2018-09-10;12.460000038146973;12.460000038146973;12.010000228881836;12.1899995803833;339900
2018-09-11;12.1899995803833;12.720000267028809;12.09000015258789;12.489999771118164;349600
2018-09-12;12.390000343322754;12.84000015258789;12.180000305175781;12.84000015258789;207800
2018-09-13;12.960000038146973;12.960000038146973;12.359999656677246;12.380000114440918;369300
2018-09-14;12.34000015258789;12.720000267028809;12.260000228881836;12.420000076293945;223400
2018-09-17;12.369999885559082;12.529999732971191;12.09000015258789;12.149999618530273;270500
2018-09-18;12.140000343322754;12.649999618530273;12.0;12.449999809265137;455300
2018-09-19;12.59000015258789;12.680000305175781;12.329999923706055;12.649999618530273;235100
2018-09-20;12.75;12.779999732971191;12.350000381469727;12.460000038146973;247600
2018-09-21;12.350000381469727;12.5;12.149999618530273;12.359999656677246;383300
2018-09-24;12.300000190734863;12.5;12.010000228881836;12.029999732971191;329400
2018-09-25;12.029999732971191;12.300000190734863;11.699999809265137;11.770000457763672;478200
2018-09-26;11.800000190734863;11.949999809265137;11.699999809265137;11.720000267028809;384000
2018-09-27;11.710000038146973;11.789999961853027;11.380000114440918;11.390000343322754;653000
2018-09-28;11.350000381469727;11.390000343322754;10.369999885559082;10.770000457763672;833900
2018-10-01;10.739999771118164;11.1899995803833;10.630000114440918;10.670000076293945;405300
2018-10-02;10.510000228881836;10.949999809265137;10.399999618530273;10.819999694824219;323200
2018-10-03;10.880000114440918;11.0;10.569999694824219;10.8100004196167;215000
2018-10-04;10.739999771118164;10.970000267028809;10.40999984741211;10.4399995803833;359300
2018-10-05;10.5;10.859999656677246;9.5;9.619999885559082;947800
2018-10-08;9.520000457763672;9.739999771118164;9.119999885559082;9.6899995803833;796400
2018-10-09;9.699999809265137;10.109999656677246;9.520000457763672;9.850000381469727;425500
2018-10-10;9.869999885559082;10.020000457763672;9.109999656677246;9.210000038146973;756900
2018-10-11;9.0;9.119999885559082;8.270000457763672;8.960000038146973;1315400
2018-10-12;9.270000457763672;9.300000190734863;8.640000343322754;9.050000190734863;607300
2018-10-15;9.039999961853027;9.6899995803833;8.949999809265137;9.5;698100
2018-10-16;9.3100004196167;9.960000038146973;9.3100004196167;9.699999809265137;440800
2018-10-17;9.699999809265137;9.770000457763672;9.25;9.380000114440918;390900
2018-10-18;9.270000457763672;9.579999923706055;9.119999885559082;9.220000267028809;357100
2018-10-19;9.239999771118164;9.420000076293945;9.0;9.0;525600
2018-10-22;9.140000343322754;9.140000343322754;8.3100004196167;8.649999618530273;688100
2018-10-23;8.300000190734863;8.380000114440918;7.900000095367432;8.199999809265137;683200
2018-10-24;8.199999809265137;8.350000381469727;7.840000152587891;7.840000152587891;477900
2018-10-25;8.050000190734863;8.1899995803833;7.920000076293945;8.050000190734863;467400
2018-10-26;7.909999847412109;8.119999885559082;7.440000057220459;7.519999980926514;674800
2018-10-29;7.599999904632568;7.75;7.139999866485596;7.260000228881836;554000
2018-10-30;7.230000019073486;7.710000038146973;7.110000133514404;7.639999866485596;711200
2018-10-31;7.75;8.319999694824219;7.650000095367432;8.0600004196167;525500
2018-11-01;8.199999809265137;8.819999694824219;8.109999656677246;8.710000038146973;740800
2018-11-02;9.199999809265137;9.8100004196167;8.649999618530273;8.970000267028809;1190900
2018-11-05;9.90999984741211;10.920000076293945;9.899999618530273;10.489999771118164;2738900
2018-11-06;10.300000190734863;10.329999923706055;9.3100004196167;9.609999656677246;1185400
2018-11-07;9.75;10.0;9.550000190734863;9.569999694824219;510200
2018-11-08;9.460000038146973;9.5600004196167;9.010000228881836;9.100000381469727;453000
2018-11-09;9.0;9.100000381469727;8.729999542236328;8.989999771118164;389300
2018-11-12;9.210000038146973;9.270000457763672;8.920000076293945;8.930000305175781;303300
2018-11-13;9.050000190734863;9.149999618530273;8.3100004196167;8.380000114440918;650100
2018-11-14;8.59000015258789;8.84000015258789;8.319999694824219;8.640000343322754;467000
2018-11-15;8.550000190734863;9.34000015258789;8.380000114440918;9.079999923706055;539100
2018-11-16;8.869999885559082;9.4399995803833;8.84000015258789;9.279999732971191;332300
2018-11-19;9.149999618530273;9.399999618530273;8.9399995803833;9.0600004196167;270700
2018-11-20;8.880000114440918;9.0;8.350000381469727;8.90999984741211;342700
2018-11-21;8.970000267028809;9.300000190734863;8.949999809265137;9.180000305175781;204000
2018-11-23;9.020000457763672;9.479999542236328;9.020000457763672;9.220000267028809;277900
2018-11-26;10.430000305175781;11.109999656677246;9.8100004196167;10.649999618530273;3460400
2018-11-27;10.449999809265137;11.949999809265137;10.359999656677246;11.470000267028809;1995900
2018-11-28;11.800000190734863;12.34000015258789;11.600000381469727;12.010000228881836;1410900
2018-11-29;12.210000038146973;12.239999771118164;11.329999923706055;11.729999542236328;838100
2018-11-30;11.75;11.859999656677246;11.489999771118164;11.569999694824219;509000
2018-12-03;12.220000267028809;12.25;11.65999984741211;11.960000038146973;627800
2018-12-04;11.920000076293945;12.020000457763672;11.300000190734863;11.369999885559082;625700
2018-12-06;11.0600004196167;11.880000114440918;10.859999656677246;11.800000190734863;647200
2018-12-07;11.729999542236328;12.199999809265137;11.600000381469727;11.789999961853027;524200
2018-12-10;11.619999885559082;12.199999809265137;11.489999771118164;12.010000228881836;484700
2018-12-11;12.239999771118164;12.3100004196167;11.920000076293945;12.1899995803833;430500
2018-12-12;12.25;12.699999809265137;12.100000381469727;12.369999885559082;727600
2018-12-13;12.300000190734863;12.829999923706055;12.279999732971191;12.630000114440918;434700
2018-12-14;12.489999771118164;12.579999923706055;11.350000381469727;11.369999885559082;796000
2018-12-17;11.359999656677246;11.489999771118164;11.010000228881836;11.149999618530273;368800
2018-12-18;11.1899995803833;11.539999961853027;10.979999542236328;11.050000190734863;353200
2018-12-19;10.899999618530273;11.180000305175781;10.5600004196167;10.680000305175781;595200
2018-12-20;10.529999732971191;10.9399995803833;10.039999961853027;10.260000228881836;497500
2018-12-21;10.229999542236328;10.399999618530273;9.569999694824219;9.59000015258789;772300
2018-12-24;9.520000457763672;9.819999694824219;9.260000228881836;9.5;299300
2018-12-26;9.5;10.279999732971191;9.430000305175781;10.15999984741211;498000
2018-12-27;9.880000114440918;10.199999809265137;9.569999694824219;9.949999809265137;419500
2018-12-28;9.90999984741211;10.140000343322754;9.649999618530273;9.829999923706055;245600
2018-12-31;9.890000343322754;10.130000114440918;9.59000015258789;9.890000343322754;300900
2019-01-02;9.630000114440918;10.329999923706055;9.520000457763672;10.1899995803833;414500
2019-01-03;10.0;10.640000343322754;10.0;10.100000381469727;395200
2019-01-04;10.350000381469727;11.149999618530273;10.300000190734863;10.930000305175781;522800
2019-01-07;11.010000228881836;11.680000305175781;10.84000015258789;11.399999618530273;480300
2019-01-08;11.699999809265137;11.710000038146973;11.220000267028809;11.470000267028809;354200
2019-01-09;11.640000343322754;11.960000038146973;11.59000015258789;11.75;426400
2019-01-10;11.600000381469727;12.579999923706055;11.600000381469727;12.539999961853027;845600
2019-01-11;12.489999771118164;12.569999694824219;12.170000076293945;12.319999694824219;436700
2019-01-14;12.130000114440918;12.970000267028809;11.90999984741211;12.3100004196167;624900
2019-01-15;12.569999694824219;12.859999656677246;12.260000228881836;12.319999694824219;441800
2019-01-16;12.359999656677246;12.699999809265137;12.25;12.619999885559082;500700
2019-01-17;12.520000457763672;13.100000381469727;12.460000038146973;12.970000267028809;546000
2019-01-18;13.100000381469727;13.300000190734863;12.579999923706055;12.699999809265137;559900
2019-01-22;12.619999885559082;12.890000343322754;11.949999809265137;12.170000076293945;587200
2019-01-23;12.699999809265137;12.979999542236328;12.300000190734863;12.569999694824219;506600
2019-01-24;12.600000381469727;13.579999923706055;12.600000381469727;13.5600004196167;944200
2019-01-25;13.75;15.729999542236328;13.75;15.239999771118164;1844200
2019-01-28;15.180000305175781;16.0;14.920000076293945;15.760000228881836;1336200
2019-01-29;15.510000228881836;15.899999618530273;15.039999961853027;15.260000228881836;656200
2019-01-30;15.430000305175781;15.930000305175781;15.319999694824219;15.890000343322754;462600
2019-01-31;15.84000015258789;16.889999389648438;15.550000190734863;16.65999984741211;1342800
2019-02-01;16.760000228881836;16.93000030517578;15.020000457763672;15.149999618530273;1326000
2019-02-04;15.710000038146973;16.399999618530273;15.600000381469727;16.049999237060547;850800
2019-02-05;16.1299991607666;16.59000015258789;15.720000267028809;15.850000381469727;595200
2019-02-06;16.25;16.989999771118164;16.25;16.600000381469727;1242600
2019-02-07;16.260000228881836;16.700000762939453;15.550000190734863;15.630000114440918;793300
2019-02-08;15.300000190734863;15.960000038146973;15.149999618530273;15.699999809265137;530500
2019-02-11;16.100000381469727;16.489999771118164;15.859999656677246;16.200000762939453;530500
2019-02-12;16.350000381469727;16.510000228881836;15.770000457763672;16.170000076293945;661400
2019-02-13;16.219999313354492;16.729999542236328;16.219999313354492;16.420000076293945;946500
2019-02-14;16.190000534057617;16.6299991607666;16.15999984741211;16.520000457763672;405100
2019-02-15;16.59000015258789;16.700000762939453;15.65999984741211;16.0;718900
2019-02-19;16.290000915527344;18.59000015258789;16.290000915527344;18.579999923706055;2036700
2019-02-20;18.899999618530273;19.190000534057617;17.719999313354492;17.860000610351562;1712900
2019-02-21;17.93000030517578;18.780000686645508;17.920000076293945;18.31999969482422;703900
2019-02-22;19.25;20.950000762939453;19.020000457763672;20.940000534057617;2436300
2019-02-25;21.18000030517578;21.799999237060547;20.09000015258789;20.510000228881836;1644700
2019-02-26;20.190000534057617;20.68000030517578;20.1299991607666;20.5;720400
2019-02-27;19.700000762939453;20.200000762939453;19.100000381469727;20.06999969482422;1025900
2019-02-28;19.969999313354492;20.770000457763672;19.3799991607666;20.59000015258789;800000
2019-03-01;20.649999618530273;21.399999618530273;20.469999313354492;20.809999465942383;889900
2019-03-04;20.809999465942383;21.149999618530273;18.780000686645508;19.18000030517578;1384800
2019-03-05;19.31999969482422;19.719999313354492;18.209999084472656;18.360000610351562;1211800
2019-03-06;17.700000762939453;17.940000534057617;16.06999969482422;16.670000076293945;2909400
2019-03-07;16.850000381469727;17.389999389648438;16.100000381469727;16.729999542236328;2575500
2019-03-08;16.450000762939453;16.75;16.15999984741211;16.670000076293945;910200
2019-03-11;17.100000381469727;18.559999465942383;17.100000381469727;18.420000076293945;1575700
2019-03-12;18.5;18.75;18.170000076293945;18.459999084472656;1147900
2019-03-13;18.200000762939453;18.479999542236328;17.809999465942383;18.440000534057617;807600
2019-03-14;18.450000762939453;19.40999984741211;18.25;19.309999465942383;1596300
2019-03-15;19.270000457763672;19.5;18.799999237060547;19.219999313354492;891900
2019-03-18;19.309999465942383;19.940000534057617;19.299999237060547;19.920000076293945;820800
2019-03-19;19.93000030517578;20.899999618530273;19.709999084472656;20.829999923706055;1391700
2019-03-20;20.5;21.59000015258789;20.5;21.549999237060547;1520300
2019-03-21;21.0;21.200000762939453;18.75;19.610000610351562;2855300
2019-03-22;18.510000228881836;18.979999542236328;16.75;17.139999389648438;3538900
2019-03-25;17.309999465942383;18.200000762939453;17.25;17.350000381469727;1070000
2019-03-26;17.600000381469727;17.719999313354492;16.1200008392334;16.81999969482422;2089300
2019-03-27;16.799999237060547;17.299999237060547;16.520000457763672;16.979999542236328;820100
2019-03-28;17.010000228881836;18.0;16.979999542236328;17.610000610351562;941600
2019-03-29;17.850000381469727;18.299999237060547;17.579999923706055;18.0;714800
2019-04-01;18.5;18.93000030517578;18.149999618530273;18.850000381469727;1093600
2019-04-02;18.850000381469727;19.600000381469727;18.59000015258789;19.299999237060547;968500
2019-04-03;19.3700008392334;20.440000534057617;19.260000228881836;19.8700008392334;884800
2019-04-04;19.719999313354492;19.8700008392334;19.3799991607666;19.81999969482422;934100
2019-04-05;19.8700008392334;20.030000686645508;19.59000015258789;19.8700008392334;517200
2019-04-08;18.790000915527344;19.8700008392334;18.5;19.860000610351562;1130500
2019-04-09;19.829999923706055;19.93000030517578;19.459999084472656;19.530000686645508;435500
2019-04-10;19.5;19.709999084472656;18.260000228881836;18.56999969482422;1356700
2019-04-11;18.450000762939453;18.579999923706055;17.139999389648438;17.170000076293945;1158800
2019-04-12;17.530000686645508;18.260000228881836;17.5;17.709999084472656;971600
2019-04-15;17.81999969482422;18.170000076293945;17.469999313354492;17.979999542236328;560100
2019-04-16;18.06999969482422;18.829999923706055;18.020000457763672;18.56999969482422;515600
2019-04-17;18.700000762939453;19.299999237060547;18.700000762939453;19.030000686645508;735300
2019-04-18;19.079999923706055;19.270000457763672;18.579999923706055;19.030000686645508;502300
2019-04-22;18.889999389648438;19.81999969482422;18.780000686645508;19.760000228881836;533900
2019-04-23;19.190000534057617;19.90999984741211;19.190000534057617;19.700000762939453;871600
2019-04-24;19.780000686645508;20.579999923706055;19.610000610351562;19.709999084472656;584000
2019-04-25;19.56999969482422;19.81999969482422;19.100000381469727;19.729999542236328;570600
2019-04-26;19.579999923706055;19.899999618530273;19.270000457763672;19.790000915527344;269200
2019-04-29;19.780000686645508;20.100000381469727;19.389999389648438;19.420000076293945;427800
2019-04-30;19.610000610351562;20.1299991607666;19.200000762939453;19.459999084472656;1014600
2019-05-01;19.43000030517578;19.8799991607666;19.18000030517578;19.18000030517578;351200
2019-05-02;19.350000381469727;19.829999923706055;19.1200008392334;19.530000686645508;642400
2019-05-03;19.649999618530273;21.18000030517578;19.489999771118164;20.989999771118164;1337400
2019-05-06;19.799999237060547;20.09000015258789;19.020000457763672;19.25;1260300
2019-05-07;19.260000228881836;19.690000534057617;19.0;19.690000534057617;652500
2019-05-08;19.219999313354492;19.399999618530273;18.489999771118164;18.540000915527344;1681900
2019-05-09;18.670000076293945;18.729999542236328;17.790000915527344;18.420000076293945;951800
2019-05-10;18.229999542236328;19.0;18.219999313354492;18.610000610351562;836800
2019-05-13;18.1200008392334;18.389999389648438;17.190000534057617;17.3799991607666;957800
2019-05-14;18.079999923706055;18.290000915527344;17.399999618530273;17.690000534057617;868400
2019-05-15;16.700000762939453;17.68000030517578;16.510000228881836;17.399999618530273;6795300
2019-05-16;17.420000076293945;18.739999771118164;17.360000610351562;17.989999771118164;1842300
2019-05-17;17.690000534057617;18.360000610351562;17.510000228881836;17.6299991607666;588600
2019-05-20;17.59000015258789;18.270000457763672;17.299999237060547;17.940000534057617;1002700
2019-05-21;18.190000534057617;19.1200008392334;18.010000228881836;18.860000610351562;849900
2019-05-22;18.34000015258789;19.520000457763672;18.34000015258789;19.06999969482422;1708400
2019-05-23;18.809999465942383;19.030000686645508;17.56999969482422;17.649999618530273;1176900
2019-05-24;18.030000686645508;18.350000381469727;17.709999084472656;18.15999984741211;491900
2019-05-28;18.350000381469727;19.5;18.290000915527344;19.479999542236328;1586900
2019-05-29;19.059999465942383;19.5;18.889999389648438;19.260000228881836;1114100
2019-05-30;19.260000228881836;20.100000381469727;19.260000228881836;19.8799991607666;964500
2019-05-31;19.549999237060547;20.190000534057617;19.399999618530273;20.110000610351562;999800
2019-06-03;20.25;21.43000030517578;20.219999313354492;21.270000457763672;1179600
2019-06-04;21.0;23.0;20.920000076293945;23.0;1942600
2019-06-05;22.850000381469727;23.190000534057617;22.020000457763672;22.700000762939453;1296500
2019-06-06;22.65999984741211;22.850000381469727;22.18000030517578;22.780000686645508;556900
2019-06-07;22.75;23.0;22.420000076293945;23.0;489600
2019-06-10;23.190000534057617;24.40999984741211;23.18000030517578;23.780000686645508;1140300
2019-06-11;23.850000381469727;24.010000228881836;23.079999923706055;23.56999969482422;474500
2019-06-12;23.540000915527344;24.350000381469727;23.139999389648438;24.020000457763672;626300
2019-06-13;24.3700008392334;24.84000015258789;24.020000457763672;24.709999084472656;463700
2019-06-14;24.520000457763672;24.780000686645508;24.309999465942383;24.6299991607666;267100
2019-06-17;24.34000015258789;24.469999313354492;22.1200008392334;22.600000381469727;1290100
2019-06-18;22.690000534057617;23.479999542236328;22.6200008392334;23.270000457763672;644600
2019-06-19;23.229999542236328;23.579999923706055;22.889999389648438;23.399999618530273;416800
2019-06-20;23.969999313354492;24.0;22.56999969482422;22.649999618530273;544600
2019-06-21;22.600000381469727;22.65999984741211;21.600000381469727;22.25;1100400
2019-06-24;22.690000534057617;23.1299991607666;22.139999389648438;22.450000762939453;376000
2019-06-25;22.639999389648438;22.639999389648438;20.920000076293945;20.979999542236328;852700
2019-06-26;21.360000610351562;22.170000076293945;21.049999237060547;21.75;711400
2019-06-27;21.799999237060547;22.56999969482422;21.530000686645508;22.280000686645508;960300
2019-06-28;22.719999313354492;22.75;20.56999969482422;21.690000534057617;1415800
2019-07-01;22.360000610351562;23.200000762939453;21.899999618530273;22.43000030517578;1146100
2019-07-02;22.440000534057617;22.780000686645508;21.719999313354492;22.770000457763672;496400
2019-07-03;22.760000228881836;23.270000457763672;22.6200008392334;22.6200008392334;306500
2019-07-05;22.350000381469727;23.18000030517578;21.559999465942383;23.15999984741211;733300
2019-07-08;22.790000915527344;22.799999237060547;21.65999984741211;22.389999389648438;729800
2019-07-09;22.260000228881836;22.600000381469727;21.829999923706055;22.239999771118164;351000
2019-07-10;22.350000381469727;22.579999923706055;21.559999465942383;21.610000610351562;511500
2019-07-11;21.65999984741211;21.799999237060547;19.8700008392334;19.989999771118164;1483700
2019-07-12;20.5;21.440000534057617;19.950000762939453;20.09000015258789;1018600
2019-07-15;20.329999923706055;20.479999542236328;20.059999465942383;20.299999237060547;377100
2019-07-16;20.299999237060547;20.56999969482422;20.030000686645508;20.260000228881836;390100
2019-07-17;20.360000610351562;20.860000610351562;20.299999237060547;20.700000762939453;576300
2019-07-18;20.549999237060547;20.709999084472656;20.200000762939453;20.43000030517578;351700
2019-07-19;20.549999237060547;20.799999237060547;20.190000534057617;20.229999542236328;305400
2019-07-22;20.479999542236328;21.1299991607666;20.260000228881836;20.8799991607666;779400
2019-07-23;21.059999465942383;21.299999237060547;19.93000030517578;20.43000030517578;591300
2019-07-24;20.530000686645508;20.610000610351562;20.0;20.030000686645508;600800
2019-07-25;20.209999084472656;20.209999084472656;19.110000610351562;19.209999084472656;850600
2019-07-26;19.290000915527344;19.610000610351562;19.020000457763672;19.540000915527344;628400
2019-07-29;19.59000015258789;19.959999084472656;19.25;19.950000762939453;299700
2019-07-30;19.690000534057617;20.100000381469727;19.520000457763672;20.079999923706055;298400
2019-07-31;20.100000381469727;20.469999313354492;19.270000457763672;19.59000015258789;363500
2019-08-01;19.950000762939453;21.18000030517578;19.860000610351562;20.049999237060547;959300
2019-08-02;19.940000534057617;20.079999923706055;19.450000762939453;19.899999618530273;358900
2019-08-05;19.309999465942383;19.3700008392334;18.0;18.610000610351562;979400
2019-08-06;19.0;19.770000457763672;18.649999618530273;18.93000030517578;681700
2019-08-07;19.0;19.950000762939453;19.0;19.950000762939453;658300
2019-08-08;20.15999984741211;21.100000381469727;20.040000915527344;20.739999771118164;638400
2019-08-09;20.3799991607666;20.75;20.100000381469727;20.350000381469727;367400
2019-08-12;20.280000686645508;20.299999237060547;19.299999237060547;19.8799991607666;351500
2019-08-13;19.700000762939453;20.260000228881836;19.399999618530273;19.600000381469727;598400
2019-08-14;19.110000610351562;19.299999237060547;17.809999465942383;18.049999237060547;1042800
2019-08-15;18.65999984741211;19.1299991607666;18.030000686645508;18.280000686645508;654100
2019-08-16;18.780000686645508;19.3700008392334;18.520000457763672;19.34000015258789;470100
2019-08-19;19.690000534057617;19.8700008392334;18.030000686645508;19.6299991607666;397200
2019-08-20;19.65999984741211;20.049999237060547;19.5;19.729999542236328;337500
2019-08-21;20.690000534057617;20.829999923706055;19.209999084472656;19.829999923706055;1339800
2019-08-22;19.75;19.889999389648438;19.1200008392334;19.25;659200
2019-08-23;19.049999237060547;19.100000381469727;18.270000457763672;18.5;995200
2019-08-26;18.959999084472656;19.06999969482422;18.549999237060547;19.0;663400
2019-08-27;19.0;19.489999771118164;18.770000457763672;19.229999542236328;502800
2019-08-28;19.110000610351562;19.8700008392334;19.049999237060547;19.799999237060547;474700
2019-08-29;20.110000610351562;20.469999313354492;19.530000686645508;20.190000534057617;1142800
2019-08-30;21.149999618530273;22.09000015258789;19.5;21.8700008392334;3453100
2019-09-03;21.399999618530273;21.940000534057617;20.790000915527344;21.0;976500
2019-09-04;21.239999771118164;22.809999465942383;21.09000015258789;22.469999313354492;1604600
2019-09-05;22.670000076293945;23.280000686645508;22.40999984741211;22.450000762939453;1131900
2019-09-06;22.43000030517578;22.510000228881836;21.100000381469727;21.139999389648438;722600
2019-09-09;21.3700008392334;21.3700008392334;19.59000015258789;19.639999389648438;894700
2019-09-10;19.799999237060547;19.799999237060547;18.350000381469727;19.15999984741211;1389000
2019-09-11;19.299999237060547;19.68000030517578;18.979999542236328;19.399999618530273;668600
2019-09-12;19.469999313354492;19.5;18.739999771118164;19.139999389648438;550900
2019-09-13;19.260000228881836;20.030000686645508;19.100000381469727;19.559999465942383;429900
2019-09-16;19.700000762939453;20.350000381469727;19.5;20.309999465942383;507900
2019-09-17;20.0;20.729999542236328;19.920000076293945;20.329999923706055;474900
2019-09-18;20.209999084472656;20.59000015258789;19.780000686645508;20.3799991607666;461300
2019-09-19;20.59000015258789;20.940000534057617;20.3799991607666;20.770000457763672;622800
2019-09-20;20.829999923706055;21.040000915527344;20.030000686645508;20.3700008392334;994700
2019-09-23;20.440000534057617;21.100000381469727;20.209999084472656;20.920000076293945;724100
2019-09-24;20.940000534057617;21.0;18.81999969482422;18.920000076293945;1368000
2019-09-25;19.06999969482422;19.3799991607666;18.75;19.270000457763672;763700
2019-09-26;19.270000457763672;19.299999237060547;17.709999084472656;17.969999313354492;1403300
2019-09-27;18.219999313354492;18.389999389648438;16.559999465942383;16.81999969482422;1568300
2019-09-30;17.030000686645508;17.190000534057617;15.930000305175781;15.949999809265137;1539800
2019-10-01;16.030000686645508;16.18000030517578;15.210000038146973;15.260000228881836;1033100
2019-10-02;15.199999809265137;15.510000228881836;14.6899995803833;14.84000015258789;1120200
2019-10-03;14.949999809265137;15.649999618530273;14.6899995803833;15.579999923706055;709600
2019-10-04;15.800000190734863;16.149999618530273;15.350000381469727;16.020000457763672;541700
2019-10-07;15.390000343322754;16.149999618530273;15.300000190734863;15.649999618530273;737600
2019-10-08;15.619999885559082;16.079999923706055;15.600000381469727;16.020000457763672;571300
2019-10-09;16.200000762939453;16.209999084472656;15.359999656677246;15.369999885559082;707600
2019-10-10;15.59000015258789;16.06999969482422;15.420000076293945;15.789999961853027;443100
2019-10-11;16.139999389648438;16.450000762939453;15.609999656677246;15.710000038146973;746300
2019-10-14;15.760000228881836;16.270000457763672;15.760000228881836;16.010000228881836;491200
2019-10-15;15.920000076293945;16.270000457763672;15.710000038146973;16.010000228881836;589700
2019-10-16;15.970000267028809;16.200000762939453;14.869999885559082;14.960000038146973;929800
2019-10-17;15.020000457763672;15.789999961853027;15.020000457763672;15.399999618530273;611000
2019-10-18;15.390000343322754;15.609999656677246;15.229999542236328;15.329999923706055;716000
2019-10-21;15.319999694824219;15.529999732971191;15.229999542236328;15.319999694824219;377100
2019-10-22;15.380000114440918;15.5;14.569999694824219;14.65999984741211;772100
2019-10-23;14.59000015258789;14.970000267028809;14.5;14.649999618530273;805700
2019-10-24;14.800000190734863;15.300000190734863;14.729999542236328;15.260000228881836;742900
2019-10-25;15.220000267028809;15.289999961853027;14.449999809265137;14.779999732971191;821000
2019-10-28;14.90999984741211;14.970000267028809;14.59000015258789;14.739999771118164;639800
2019-10-29;14.800000190734863;14.970000267028809;14.550000190734863;14.649999618530273;516000
2019-10-30;14.649999618530273;14.680000305175781;14.109999656677246;14.279999732971191;718500
2019-10-31;14.350000381469727;14.5600004196167;14.25;14.4399995803833;496500
2019-11-01;14.5;15.100000381469727;14.4399995803833;14.789999961853027;395200
2019-11-04;15.15999984741211;15.34000015258789;14.609999656677246;14.609999656677246;527300
2019-11-05;14.75;14.960000038146973;14.5;14.600000381469727;483400
2019-11-06;14.619999885559082;14.850000381469727;14.359999656677246;14.609999656677246;342500
2019-11-07;14.779999732971191;15.640000343322754;14.75;14.829999923706055;788400
2019-11-08;14.800000190734863;15.170000076293945;14.529999732971191;15.140000343322754;701900
2019-11-11;15.140000343322754;15.5;15.100000381469727;15.5;550800
2019-11-12;15.699999809265137;16.309999465942383;15.670000076293945;16.049999237060547;979400
2019-11-13;15.800000190734863;16.079999923706055;14.789999961853027;14.8100004196167;1238600
2019-11-14;15.0;15.289999961853027;14.65999984741211;15.029999732971191;833400
2019-11-15;15.109999656677246;15.550000190734863;14.829999923706055;14.949999809265137;603500
2019-11-18;14.989999771118164;15.0;14.449999809265137;14.869999885559082;810700
2019-11-19;16.059999465942383;17.739999771118164;15.779999732971191;16.440000534057617;3754700
2019-11-20;16.940000534057617;17.559999465942383;16.729999542236328;17.40999984741211;1672400
2019-11-21;17.459999084472656;18.270000457763672;17.170000076293945;17.459999084472656;1595900
2019-11-22;17.729999542236328;17.729999542236328;16.549999237060547;17.290000915527344;1336400
2019-11-25;17.25;17.540000915527344;16.760000228881836;16.950000762939453;767900
2019-11-26;17.399999618530273;17.399999618530273;16.780000686645508;17.350000381469727;733900
2019-11-27;17.6200008392334;18.420000076293945;17.309999465942383;18.3799991607666;846600
2019-11-29;18.799999237060547;18.850000381469727;18.030000686645508;18.350000381469727;685700
2019-12-02;18.469999313354492;18.729999542236328;18.25;18.600000381469727;503500
2019-12-03;18.209999084472656;18.649999618530273;17.940000534057617;18.56999969482422;1277500
2019-12-04;18.75;19.0;18.350000381469727;18.989999771118164;752900
2019-12-05;19.200000762939453;19.899999618530273;19.149999618530273;19.770000457763672;1041600
2019-12-06;19.860000610351562;20.3700008392334;19.65999984741211;20.280000686645508;959500
2019-12-09;20.290000915527344;20.520000457763672;20.100000381469727;20.420000076293945;818500
2019-12-10;20.5;20.5;20.100000381469727;20.280000686645508;847600
2019-12-11;20.479999542236328;21.31999969482422;20.40999984741211;21.299999237060547;1223000
2019-12-12;21.299999237060547;21.93000030517578;21.110000610351562;21.829999923706055;1126300
2019-12-13;21.350000381469727;21.950000762939453;21.110000610351562;21.690000534057617;1034100
2019-12-16;21.649999618530273;21.889999389648438;21.329999923706055;21.799999237060547;876700
2019-12-17;21.860000610351562;22.5;21.75;22.299999237060547;1307600
2019-12-18;22.229999542236328;22.479999542236328;21.25;21.540000915527344;1299900
2019-12-19;21.610000610351562;21.989999771118164;21.610000610351562;21.84000015258789;1049500
2019-12-20;21.950000762939453;22.65999984741211;21.8700008392334;22.010000228881836;1207100
2019-12-23;22.1299991607666;22.93000030517578;22.020000457763672;22.899999618530273;997800
2019-12-24;22.729999542236328;23.149999618530273;22.65999984741211;22.979999542236328;427400
2019-12-26;22.90999984741211;23.450000762939453;22.84000015258789;22.90999984741211;849800
2019-12-27;23.010000228881836;23.1299991607666;22.469999313354492;22.649999618530273;922600
2019-12-30;22.520000457763672;22.670000076293945;22.06999969482422;22.219999313354492;898800
2019-12-31;22.09000015258789;22.649999618530273;22.09000015258789;22.489999771118164;657300
2020-01-02;22.790000915527344;23.850000381469727;22.59000015258789;23.84000015258789;1130300
2020-01-03;23.170000076293945;23.649999618530273;22.479999542236328;22.59000015258789;1319300
2020-01-06;21.969999313354492;22.56999969482422;21.799999237060547;22.489999771118164;997800
2020-01-07;22.649999618530273;23.0;22.559999465942383;22.739999771118164;592700
2020-01-08;22.479999542236328;22.540000915527344;21.959999084472656;22.229999542236328;856900
2020-01-09;22.56999969482422;23.25;22.40999984741211;22.780000686645508;993000
2020-01-10;22.860000610351562;23.030000686645508;22.489999771118164;22.540000915527344;860800
2020-01-13;23.110000610351562;23.25;22.780000686645508;23.09000015258789;761400
2020-01-14;23.15999984741211;24.360000610351562;23.149999618530273;24.350000381469727;1372000
2020-01-15;24.290000915527344;24.299999237060547;23.170000076293945;23.200000762939453;1099800
2020-01-16;23.530000686645508;23.739999771118164;22.559999465942383;22.6200008392334;1073400
2020-01-17;23.079999923706055;23.190000534057617;22.530000686645508;22.829999923706055;780000
2020-01-21;22.459999084472656;22.639999389648438;21.899999618530273;22.209999084472656;1056400
2020-01-22;22.40999984741211;22.530000686645508;21.030000686645508;21.200000762939453;1107300
2020-01-23;20.950000762939453;21.18000030517578;20.309999465942383;20.719999313354492;844900
2020-01-24;20.8799991607666;21.030000686645508;20.239999771118164;20.389999389648438;645100
2020-01-27;19.280000686645508;19.760000228881836;19.010000228881836;19.389999389648438;1305000
2020-01-28;19.579999923706055;19.790000915527344;19.420000076293945;19.65999984741211;742400
2020-01-29;19.649999618530273;19.969999313354492;19.450000762939453;19.600000381469727;528600
2020-01-30;19.420000076293945;19.450000762939453;19.079999923706055;19.440000534057617;637200
2020-01-31;19.280000686645508;19.3700008392334;18.65999984741211;18.700000762939453;877800
2020-02-03;18.610000610351562;19.489999771118164;18.389999389648438;19.360000610351562;1258600
2020-02-04;20.149999618530273;20.860000610351562;20.010000228881836;20.510000228881836;2720600
2020-02-05;20.860000610351562;21.559999465942383;20.530000686645508;21.540000915527344;1254600
2020-02-06;21.6299991607666;22.690000534057617;21.6299991607666;22.25;1345600
2020-02-07;21.899999618530273;22.18000030517578;21.5;21.639999389648438;743100
2020-02-10;21.649999618530273;21.969999313354492;21.510000228881836;21.690000534057617;620700
2020-02-11;22.549999237060547;25.8700008392334;22.520000457763672;25.739999771118164;4487500
2020-02-12;25.459999084472656;28.760000228881836;25.270000457763672;28.639999389648438;3829000
2020-02-13;26.90999984741211;27.149999618530273;25.200000762939453;25.729999542236328;2816600
2020-02-14;25.81999969482422;26.700000762939453;25.450000762939453;25.5;2160500
2020-02-18;25.709999084472656;26.149999618530273;25.440000534057617;25.65999984741211;1088700
2020-02-19;26.309999465942383;28.290000915527344;26.25;28.219999313354492;1822500
2020-02-20;28.59000015258789;28.84000015258789;26.8799991607666;28.239999771118164;1854900
2020-02-21;27.799999237060547;27.950000762939453;27.09000015258789;27.209999084472656;1313100
2020-02-24;24.579999923706055;26.950000762939453;24.579999923706055;26.549999237060547;1902800
2020-02-25;26.56999969482422;27.049999237060547;25.65999984741211;25.829999923706055;1132600
2020-02-26;25.299999237060547;26.290000915527344;25.15999984741211;25.420000076293945;829600
2020-02-27;25.09000015258789;25.15999984741211;23.139999389648438;23.59000015258789;1851900
2020-02-28;22.450000762939453;23.700000762939453;22.209999084472656;22.84000015258789;1254600
2020-03-02;23.520000457763672;23.729999542236328;21.84000015258789;22.889999389648438;1604100
2020-03-03;23.59000015258789;24.43000030517578;21.75;21.899999618530273;2049800
2020-03-04;22.799999237060547;22.799999237060547;21.100000381469727;22.600000381469727;2299800
2020-03-05;21.989999771118164;23.639999389648438;21.8799991607666;23.0;1487000
2020-03-06;22.700000762939453;23.15999984741211;21.760000228881836;22.190000534057617;1589200
2020-03-09;20.1200008392334;20.3799991607666;18.34000015258789;18.350000381469727;2481500
2020-03-10;19.940000534057617;20.100000381469727;18.549999237060547;19.25;1957300
2020-03-11;19.110000610351562;19.889999389648438;18.610000610351562;19.0;1683900
2020-03-12;17.770000457763672;19.329999923706055;17.479999542236328;17.809999465942383;2607700
2020-03-13;18.59000015258789;18.780000686645508;14.5;17.40999984741211;5654600
2020-03-16;15.579999923706055;15.579999923706055;11.920000076293945;12.359999656677246;3837800
2020-03-17;12.8100004196167;13.739999771118164;12.65999984741211;13.550000190734863;2204200
2020-03-18;12.600000381469727;15.109999656677246;11.420000076293945;12.510000228881836;2950400
2020-03-19;12.229999542236328;14.050000190734863;11.8100004196167;13.020000457763672;1743500
2020-03-20;13.8100004196167;14.09000015258789;12.609999656677246;13.319999694824219;1927800
2020-03-23;13.239999771118164;14.130000114440918;12.640000343322754;13.920000076293945;1493200
2020-03-24;15.020000457763672;16.940000534057617;14.979999542236328;16.75;2373200
2020-03-25;16.940000534057617;17.719999313354492;15.75;16.479999542236328;1332500
2020-03-26;16.809999465942383;17.950000762939453;16.68000030517578;17.290000915527344;1060100
2020-03-27;16.479999542236328;16.540000915527344;14.800000190734863;14.850000381469727;1964400
2020-03-30;15.220000267028809;15.40999984741211;14.529999732971191;14.930000305175781;1041100
2020-03-31;15.260000228881836;15.350000381469727;14.609999656677246;14.850000381469727;1195300
2020-04-01;14.399999618530273;14.579999923706055;13.5;13.600000381469727;1035500
2020-04-02;14.0;14.489999771118164;13.5;14.180000305175781;746200
2020-04-03;14.119999885559082;14.529999732971191;13.65999984741211;14.069999694824219;535900
2020-04-06;14.699999809265137;15.90999984741211;14.65999984741211;14.899999618530273;1273300
2020-04-07;16.329999923706055;16.469999313354492;15.210000038146973;15.229999542236328;1159600
2020-04-08;15.5;15.819999694824219;15.229999542236328;15.699999809265137;927900
2020-04-09;15.949999809265137;16.399999618530273;15.470000267028809;15.930000305175781;926900
2020-04-13;16.149999618530273;16.56999969482422;15.680000305175781;16.56999969482422;657700
2020-04-14;17.290000915527344;17.719999313354492;16.799999237060547;17.079999923706055;869200
2020-04-15;16.489999771118164;16.670000076293945;15.890000343322754;16.40999984741211;1967200
2020-04-16;16.549999237060547;16.719999313354492;15.84000015258789;16.18000030517578;690100
2020-04-17;16.520000457763672;16.850000381469727;16.149999618530273;16.56999969482422;613100
2020-04-20;16.18000030517578;16.450000762939453;15.829999923706055;15.90999984741211;716400
2020-04-21;15.5;15.600000381469727;14.619999885559082;14.800000190734863;1451500
2020-04-22;15.300000190734863;15.529999732971191;14.850000381469727;15.470000267028809;661400
2020-04-23;15.350000381469727;16.18000030517578;15.300000190734863;15.770000457763672;865800
2020-04-24;15.869999885559082;16.059999465942383;15.020000457763672;15.1899995803833;751600
2020-04-27;15.579999923706055;15.760000228881836;15.350000381469727;15.680000305175781;790500
2020-04-28;15.930000305175781;16.049999237060547;15.109999656677246;15.220000267028809;1033000
2020-04-29;15.5;16.34000015258789;15.300000190734863;16.239999771118164;950200
2020-04-30;16.100000381469727;16.260000228881836;15.460000038146973;15.819999694824219;816000
2020-05-01;15.220000267028809;15.5600004196167;14.470000267028809;14.800000190734863;966300
2020-05-04;14.8100004196167;15.420000076293945;14.619999885559082;15.359999656677246;556600
2020-05-05;15.489999771118164;15.75;15.010000228881836;15.029999732971191;619700
2020-05-06;15.300000190734863;15.75;15.079999923706055;15.619999885559082;613600
2020-05-07;15.640000343322754;16.1200008392334;15.430000305175781;15.920000076293945;536100
2020-05-08;16.149999618530273;16.31999969482422;15.720000267028809;15.819999694824219;474500
2020-05-11;15.760000228881836;16.100000381469727;15.449999809265137;15.8100004196167;436200
2020-05-12;15.90999984741211;16.049999237060547;15.0600004196167;15.130000114440918;695600
2020-05-13;15.199999809265137;15.300000190734863;14.25;14.619999885559082;816100
2020-05-14;14.289999961853027;14.760000228881836;13.670000076293945;14.75;849600
2020-05-15;14.539999961853027;14.710000038146973;14.050000190734863;14.529999732971191;559700
2020-05-18;14.8100004196167;15.949999809265137;14.8100004196167;15.600000381469727;951200
2020-05-19;15.800000190734863;17.350000381469727;15.760000228881836;17.100000381469727;1528000
2020-05-20;17.479999542236328;18.25;16.600000381469727;16.770000457763672;1126300
2020-05-21;16.940000534057617;17.270000457763672;15.8100004196167;15.890000343322754;837500
2020-05-22;15.829999923706055;15.84000015258789;14.979999542236328;15.050000190734863;1679800
2020-05-26;15.789999961853027;16.25;15.489999771118164;15.84000015258789;1030600
2020-05-27;16.0;16.170000076293945;15.119999885559082;15.779999732971191;1352900
2020-05-28;15.779999732971191;15.930000305175781;15.130000114440918;15.220000267028809;509400
2020-05-29;15.25;16.139999389648438;15.119999885559082;15.8100004196167;1187700
2020-06-01;15.8100004196167;16.200000762939453;15.260000228881836;15.600000381469727;1131500
2020-06-02;15.800000190734863;16.100000381469727;15.550000190734863;15.579999923706055;810000
2020-06-03;15.979999542236328;16.950000762939453;15.800000190734863;16.860000610351562;1277500
2020-06-04;18.3700008392334;18.950000762939453;17.1200008392334;17.420000076293945;2929000
2020-06-05;18.34000015258789;18.899999618530273;17.959999084472656;18.049999237060547;1527100
2020-06-08;18.799999237060547;19.25;18.200000762939453;19.1299991607666;1367700
2020-06-09;18.649999618530273;18.799999237060547;17.6200008392334;17.969999313354492;1609300
2020-06-10;18.389999389648438;18.559999465942383;17.84000015258789;18.190000534057617;1213400
2020-06-11;17.510000228881836;17.719999313354492;16.81999969482422;16.959999084472656;1174400
2020-06-12;17.479999542236328;17.989999771118164;17.059999465942383;17.850000381469727;988400
2020-06-15;16.770000457763672;16.93000030517578;15.8100004196167;16.270000457763672;2642400
2020-06-16;17.010000228881836;17.100000381469727;16.200000762939453;16.280000686645508;1257800
2020-06-17;16.31999969482422;16.420000076293945;15.729999542236328;15.869999885559082;1154000
2020-06-18;15.720000267028809;16.239999771118164;15.569999694824219;15.649999618530273;1203200
2020-06-19;15.800000190734863;16.399999618530273;15.640000343322754;16.040000915527344;1277100
2020-06-22;15.989999771118164;16.06999969482422;15.270000457763672;15.670000076293945;1093500
2020-06-23;15.819999694824219;17.0;15.779999732971191;16.899999618530273;1759300
2020-06-24;16.59000015258789;17.489999771118164;16.239999771118164;17.40999984741211;1498300
2020-06-25;17.0;17.709999084472656;16.889999389648438;17.68000030517578;1345300
2020-06-26;17.440000534057617;17.559999465942383;16.889999389648438;16.979999542236328;817700
2020-06-29;17.030000686645508;18.290000915527344;17.030000686645508;17.899999618530273;1516200
2020-06-30;17.8799991607666;18.170000076293945;17.579999923706055;17.709999084472656;562600
2020-07-01;17.799999237060547;18.8700008392334;17.799999237060547;18.799999237060547;1545700
2020-07-02;18.799999237060547;19.3799991607666;18.530000686645508;19.139999389648438;1423900
2020-07-06;19.56999969482422;21.530000686645508;19.520000457763672;21.469999313354492;3013600
2020-07-07;20.850000381469727;21.959999084472656;20.649999618530273;21.360000610351562;1759300
2020-07-08;21.6299991607666;23.010000228881836;21.469999313354492;22.899999618530273;2717500
2020-07-09;23.09000015258789;23.09000015258789;21.299999237060547;21.940000534057617;1791000
2020-07-10;21.639999389648438;21.700000762939453;20.530000686645508;21.0;1286400
2020-07-13;21.6299991607666;21.959999084472656;20.690000534057617;20.719999313354492;1226000
2020-07-14;20.270000457763672;20.979999542236328;19.81999969482422;20.899999618530273;1219900
2020-07-15;21.459999084472656;21.950000762939453;20.959999084472656;21.65999984741211;944600
2020-07-16;20.68000030517578;20.84000015258789;19.610000610351562;19.860000610351562;1597700
2020-07-17;20.110000610351562;20.68000030517578;19.940000534057617;20.530000686645508;1104400
2020-07-20;20.799999237060547;22.34000015258789;20.65999984741211;22.25;2187600
2020-07-21;22.280000686645508;22.350000381469727;20.260000228881836;20.329999923706055;2207400
2020-07-22;20.520000457763672;20.889999389648438;19.510000228881836;19.979999542236328;2299400
2020-07-23;20.020000457763672;20.969999313354492;19.940000534057617;20.360000610351562;2247000
2020-07-24;19.809999465942383;20.010000228881836;19.030000686645508;19.100000381469727;1910500
2020-07-27;19.670000076293945;20.3700008392334;19.479999542236328;20.290000915527344;1184000
2020-07-28;20.200000762939453;20.43000030517578;19.260000228881836;19.280000686645508;1036900
2020-07-29;19.549999237060547;19.8799991607666;19.309999465942383;19.510000228881836;601400
2020-07-30;19.299999237060547;19.479999542236328;18.559999465942383;19.43000030517578;1252200
2020-07-31;19.34000015258789;19.729999542236328;18.81999969482422;19.149999618530273;964000
2020-08-03;19.350000381469727;20.110000610351562;19.1299991607666;19.950000762939453;1187500
2020-08-04;20.270000457763672;21.469999313354492;20.030000686645508;21.299999237060547;1593400
2020-08-05;21.5;21.5;20.309999465942383;21.270000457763672;984300
2020-08-06;20.93000030517578;21.049999237060547;20.59000015258789;20.950000762939453;791500
2020-08-07;20.719999313354492;22.75;20.719999313354492;21.8799991607666;1975400
2020-08-10;21.90999984741211;22.209999084472656;21.040000915527344;21.06999969482422;1118700
2020-08-11;21.049999237060547;21.149999618530273;19.760000228881836;20.40999984741211;1319100
2020-08-12;20.610000610351562;21.670000076293945;20.459999084472656;21.489999771118164;948200
2020-08-13;21.18000030517578;22.06999969482422;21.18000030517578;22.0;1154500
2020-08-14;21.8700008392334;22.020000457763672;21.09000015258789;21.350000381469727;1148800
2020-08-17;21.3799991607666;22.170000076293945;21.350000381469727;21.6200008392334;907600
2020-08-18;21.790000915527344;22.899999618530273;21.670000076293945;22.899999618530273;1625800
2020-08-19;22.979999542236328;23.59000015258789;22.219999313354492;22.579999923706055;1560700
2020-08-20;22.18000030517578;22.3799991607666;21.31999969482422;21.360000610351562;855000
2020-08-21;21.450000762939453;22.190000534057617;21.25;21.520000457763672;1080100
2020-08-24;21.770000457763672;22.420000076293945;21.510000228881836;22.219999313354492;701300
2020-08-25;22.149999618530273;22.40999984741211;21.579999923706055;22.31999969482422;723100
2020-08-26;22.56999969482422;22.65999984741211;21.81999969482422;21.90999984741211;881800
2020-08-27;22.270000457763672;22.469999313354492;21.219999313354492;21.6200008392334;1289200
2020-08-28;22.0;23.280000686645508;21.780000686645508;23.25;1689400
2020-08-31;23.200000762939453;23.90999984741211;22.440000534057617;22.84000015258789;1344400
2020-09-01;22.979999542236328;23.25;22.579999923706055;23.15999984741211;661300
2020-09-02;23.239999771118164;23.600000381469727;22.170000076293945;22.920000076293945;659400
2020-09-03;22.420000076293945;22.450000762939453;20.31999969482422;20.40999984741211;1863000
2020-09-04;21.010000228881836;21.190000534057617;19.100000381469727;20.110000610351562;1548400
2020-09-08;19.520000457763672;20.56999969482422;18.940000534057617;20.059999465942383;1239600
2020-09-09;20.510000228881836;20.81999969482422;20.079999923706055;20.75;481300
2020-09-10;20.639999389648438;20.8700008392334;20.350000381469727;20.479999542236328;673300
2020-09-11;21.260000228881836;22.440000534057617;20.969999313354492;21.139999389648438;1703700
2020-09-14;21.579999923706055;22.8799991607666;21.280000686645508;22.809999465942383;1210000
2020-09-15;22.59000015258789;23.559999465942383;22.459999084472656;23.350000381469727;1254200
2020-09-16;23.299999237060547;23.950000762939453;22.559999465942383;23.700000762939453;1154500
2020-09-17;23.25;23.959999084472656;22.959999084472656;23.43000030517578;942600
2020-09-18;23.700000762939453;25.06999969482422;23.489999771118164;24.5;1851500
2020-09-21;24.229999542236328;27.84000015258789;23.850000381469727;27.450000762939453;11648600
2020-09-22;26.600000381469727;27.790000915527344;26.170000076293945;27.65999984741211;6173000
2020-09-23;28.420000076293945;33.7400016784668;28.299999237060547;33.459999084472656;13264100
2020-09-24;32.38999938964844;33.66999816894531;31.260000228881836;32.83000183105469;4836900
2020-09-25;32.5;35.66999816894531;32.45000076293945;35.59000015258789;4718100
2020-09-28;36.279998779296875;37.790000915527344;35.15999984741211;37.77000045776367;2689300
2020-09-29;37.86000061035156;39.40999984741211;36.77000045776367;39.25;4581600
2020-09-30;39.25;41.119998931884766;38.619998931884766;39.7599983215332;4071600
2020-10-01;40.47999954223633;43.279998779296875;39.540000915527344;42.7400016784668;4191700
2020-10-02;41.52000045776367;44.97999954223633;41.099998474121094;44.130001068115234;4910600
2020-10-05;45.25;48.5099983215332;43.709999084472656;48.31999969482422;6031700
2020-10-06;47.7599983215332;48.66999816894531;44.220001220703125;47.77000045776367;8761200
2020-10-07;48.84000015258789;56.400001525878906;48.15999984741211;55.90999984741211;13540900
2020-10-08;56.0;59.619998931884766;52.06999969482422;54.959999084472656;30575700
2020-10-09;53.689998626708984;63.290000915527344;52.61000061035156;62.84000015258789;22814700
2020-10-12;61.13999938964844;63.47999954223633;56.83000183105469;59.400001525878906;21008300
2020-10-13;57.959999084472656;65.69000244140625;57.790000915527344;62.650001525878906;19268800
2020-10-14;63.93000030517578;68.9000015258789;61.02000045776367;68.02999877929688;13760900
2020-10-15;65.73999786376953;69.47000122070312;62.689998626708984;66.87000274658203;13300500
2020-10-16;68.33999633789062;70.6500015258789;64.80000305175781;69.91000366210938;14839900
2020-10-19;70.0;77.0999984741211;67.75;75.62999725341797;13672700
2020-10-20;77.0;87.8499984741211;75.76000213623047;87.55000305175781;29337500
2020-10-21;86.2699966430664;90.19999694824219;68.30000305175781;68.61000061035156;37296400
2020-10-22;68.66000366210938;71.3499984741211;61.58000183105469;69.37000274658203;30111400
2020-10-23;72.30999755859375;73.5999984741211;60.560001373291016;64.38999938964844;23022900
2020-10-26;62.11000061035156;66.80000305175781;62.0;64.91999816894531;8348100
2020-10-27;64.0999984741211;65.75;58.22999954223633;59.459999084472656;7524300
2020-10-28;60.04999923706055;63.20000076293945;57.11000061035156;59.720001220703125;6584900
2020-10-29;61.099998474121094;62.369998931884766;59.279998779296875;61.02000045776367;3488000
2020-10-30;60.38999938964844;60.810001373291016;56.220001220703125;58.29999923706055;3039100
2020-11-02;60.22999954223633;63.88999938964844;59.5099983215332;62.77000045776367;4619200
2020-11-03;60.31999969482422;64.54000091552734;59.81999969482422;64.12000274658203;3583300
2020-11-04;61.40999984741211;61.880001068115234;55.81999969482422;56.33000183105469;8845800
2020-11-05;60.5;73.06999969482422;60.5;72.3499984741211;11596900
2020-11-06;75.5;80.98999786376953;63.06999969482422;65.33000183105469;14303600
2020-11-09;69.98999786376953;70.0;62.0;62.4900016784668;5333100
2020-11-10;62.540000915527344;64.80000305175781;58.869998931884766;61.16999816894531;3549500
2020-11-11;61.86000061035156;68.73999786376953;61.75;67.76000213623047;4547900
2020-11-12;67.8499984741211;67.8499984741211;62.54999923706055;63.439998626708984;3214200
2020-11-13;63.79999923706055;66.98999786376953;62.79999923706055;64.5;2205000
2020-11-16;62.599998474121094;65.33000183105469;61.099998474121094;62.470001220703125;2192900
2020-11-17;62.459999084472656;63.7400016784668;59.79999923706055;61.70000076293945;2222800
2020-11-18;61.5;63.2599983215332;59.0099983215332;59.439998626708984;2366800
2020-11-19;60.0;60.20000076293945;56.5099983215332;59.22999954223633;2990900
2020-11-20;60.400001525878906;65.06999969482422;59.65999984741211;62.709999084472656;4479600
2020-11-23;64.70999908447266;67.55000305175781;61.630001068115234;67.05000305175781;5223200
2020-11-24;67.83999633789062;72.3499984741211;65.30999755859375;67.04000091552734;5347100
2020-11-25;64.51000213623047;70.19000244140625;63.560001373291016;68.51000213623047;2580700
2020-11-27;68.7699966430664;76.63999938964844;68.7699966430664;72.37000274658203;4673600
2020-11-30;74.87000274658203;76.47000122070312;65.05000305175781;69.04000091552734;3863100
2020-12-01;70.7300033569336;70.7300033569336;64.30000305175781;64.5999984741211;2624100
2020-12-02;64.0;64.83999633789062;59.61000061035156;63.06999969482422;3027100
2020-12-03;64.44000244140625;64.69999694824219;61.0;61.380001068115234;2251800
2020-12-04;62.11000061035156;65.22000122070312;60.099998474121094;61.400001525878906;3266400
2020-12-07;59.15999984741211;64.68000030517578;56.939998626708984;58.36000061035156;7089400
2020-12-08;58.36000061035156;63.77000045776367;58.29999923706055;62.41999816894531;3517200
2020-12-09;60.45000076293945;61.29999923706055;56.0;57.86000061035156;4877600
2020-12-10;57.61000061035156;59.02000045776367;56.369998931884766;57.5;3140400
2020-12-11;55.869998931884766;56.040000915527344;51.630001068115234;53.0;5346400
2020-12-14;54.599998474121094;54.790000915527344;52.619998931884766;53.70000076293945;2459400
2020-12-15;54.40999984741211;63.25;54.0;63.25;5808000
2020-12-16;58.70000076293945;63.599998474121094;57.2400016784668;61.650001525878906;4222300
2020-12-17;61.27000045776367;62.119998931884766;58.709999084472656;59.290000915527344;5371600
2020-12-18;60.40999984741211;69.19000244140625;60.15999984741211;65.25;6868800
2020-12-21;68.41000366210938;72.75;66.5199966430664;71.30999755859375;5703400
2020-12-22;71.30000305175781;78.98999786376953;71.01000213623047;78.5199966430664;6174500
2020-12-23;81.56999969482422;85.31999969482422;78.43000030517578;79.95999908447266;7518100
2020-12-24;77.01000213623047;77.94999694824219;70.91000366210938;72.20999908447266;4064900
2020-12-28;74.79000091552734;76.30000305175781;67.62999725341797;68.86000061035156;3995600
2020-12-29;68.73999786376953;68.77999877929688;64.2699966430664;65.5;3027000
2020-12-30;67.08999633789062;68.73999786376953;63.900001525878906;64.08999633789062;4068500
2020-12-31;65.66000366210938;65.69000244140625;61.119998931884766;61.869998931884766;2714900
2021-01-04;65.02999877929688;67.62000274658203;62.220001220703125;64.06999969482422;3106400
2021-01-05;63.650001525878906;66.8499984741211;63.54999923706055;64.7300033569336;2111700
2021-01-06;71.0;73.81999969482422;67.41000366210938;68.66000366210938;6266800
2021-01-07;71.7699966430664;73.97000122070312;69.20999908447266;72.30999755859375;3600700
2021-01-08;72.62999725341797;73.83000183105469;65.04000091552734;66.4000015258789;6296700
2021-01-11;64.69999694824219;68.37000274658203;63.849998474121094;66.2699966430664;2674200
2021-01-12;66.5999984741211;69.62000274658203;64.2699966430664;65.97000122070312;3392800
2021-01-13;66.13999938964844;66.80000305175781;63.0;63.0;3018000
2021-01-14;63.900001525878906;65.44000244140625;61.849998474121094;62.41999816894531;3271500
2021-01-15;62.0;62.15999984741211;57.66999816894531;57.9900016784668;3392400
2021-01-19;59.9900016784668;63.75;59.15999984741211;63.38999938964844;3112900
2021-01-20;64.0;67.4000015258789;63.41999816894531;67.02999877929688;4138800
2021-01-21;67.19999694824219;68.9800033569336;64.19000244140625;68.3499984741211;3514100
2021-01-22;65.79000091552734;68.5999984741211;64.9000015258789;68.5;2434600
2021-01-25;68.7699966430664;75.2699966430664;66.4000015258789;67.9000015258789;5724900
2021-01-26;68.0;69.9800033569336;65.75;69.83999633789062;3314100
2021-01-27;66.94000244140625;76.52999877929688;66.94000244140625;70.48999786376953;5915500
2021-01-28;72.18000030517578;72.37999725341797;65.0999984741211;66.5199966430664;3145600
2021-01-29;66.83000183105469;68.5199966430664;61.0099983215332;61.9900016784668;2894700
2021-02-01;63.93000030517578;64.11000061035156;60.619998931884766;63.689998626708984;2665300
2021-02-02;65.0;65.75;63.0;65.13999938964844;1614000
2021-02-03;65.13999938964844;65.80999755859375;64.12999725341797;65.55000305175781;1388300
2021-02-04;65.5999984741211;65.66999816894531;62.04999923706055;62.43000030517578;2524900
2021-02-05;63.16999816894531;64.08000183105469;61.2400016784668;63.650001525878906;1468400
2021-02-08;63.65999984741211;67.04000091552734;63.65999984741211;64.91000366210938;1539600
2021-02-09;65.20999908447266;67.61000061035156;63.939998626708984;64.12000274658203;2087300
2021-02-10;65.93000030517578;67.19999694824219;62.33000183105469;62.849998474121094;2379700
2021-02-11;64.0;65.27999877929688;62.529998779296875;64.98999786376953;1716700
2021-02-12;65.4000015258789;66.58999633789062;64.12000274658203;65.3499984741211;1299300
2021-02-16;66.91000366210938;68.3499984741211;63.68000030517578;63.869998931884766;2483900
2021-02-17;64.19999694824219;64.19999694824219;59.77000045776367;61.029998779296875;1977300
2021-02-18;60.20000076293945;60.279998779296875;56.81999969482422;57.560001373291016;2225500
2021-02-19;60.0;60.060001373291016;57.349998474121094;58.13999938964844;2571500
2021-02-22;56.470001220703125;56.54999923706055;52.150001525878906;52.29999923706055;3790200
2021-02-23;48.470001220703125;51.0;43.65999984741211;50.40999984741211;4518100
2021-02-24;51.869998931884766;54.220001220703125;49.7599983215332;53.970001220703125;2475500
2021-02-25;53.45000076293945;55.400001525878906;49.529998779296875;49.939998626708984;2054300
2021-02-26;51.560001373291016;52.31999969482422;47.91999816894531;51.34000015258789;3015500
2021-03-01;53.59000015258789;54.27000045776367;51.90999984741211;53.40999984741211;1704700
2021-03-02;52.349998474121094;54.290000915527344;51.02000045776367;51.040000915527344;1252200
2021-03-03;51.720001220703125;52.18000030517578;45.779998779296875;46.0;2591800
2021-03-04;45.709999084472656;46.5;39.529998779296875;40.900001525878906;4319000
2021-03-05;43.22999954223633;43.29999923706055;37.68000030517578;42.45000076293945;3560400
2021-03-08;39.189998626708984;41.849998474121094;38.060001373291016;38.08000183105469;3464800
2021-03-09;40.650001525878906;47.34000015258789;40.47999954223633;46.47999954223633;3743900
2021-03-10;47.70000076293945;48.4900016784668;44.029998779296875;44.52000045776367;2573400
2021-03-11;47.40999984741211;50.29999923706055;47.0;50.119998931884766;3219100
2021-03-12;47.099998474121094;50.04999923706055;46.369998931884766;49.380001068115234;1425800
2021-03-15;48.40999984741211;48.619998931884766;46.02000045776367;46.790000915527344;1855200
2021-03-16;47.20000076293945;47.88999938964844;45.16999816894531;45.91999816894531;1389100
2021-03-17;44.27000045776367;45.25;42.209999084472656;44.66999816894531;2352700
2021-03-18;44.63999938964844;45.939998626708984;42.45000076293945;42.540000915527344;1968800
2021-03-19;43.060001373291016;44.529998779296875;42.5099983215332;43.619998931884766;2265300
2021-03-22;45.349998474121094;45.97999954223633;43.79999923706055;45.08000183105469;1269000
2021-03-23;44.869998931884766;46.43000030517578;43.52000045776367;43.70000076293945;1931300
2021-03-24;44.15999984741211;44.9900016784668;39.20000076293945;39.38999938964844;3161000
2021-03-25;38.72999954223633;41.97999954223633;37.79999923706055;41.290000915527344;3749400
2021-03-26;41.81999969482422;44.06999969482422;41.060001373291016;43.959999084472656;1891900
2021-03-29;42.720001220703125;42.9900016784668;38.5;38.810001373291016;3002900
2021-03-30;40.84000015258789;44.52000045776367;40.209999084472656;44.27000045776367;4034700
2021-03-31;44.209999084472656;45.119998931884766;41.400001525878906;41.689998626708984;3525800
2021-04-01;42.36000061035156;42.810001373291016;40.79999923706055;42.54999923706055;2175200
2021-04-05;43.5;43.58000183105469;39.65999984741211;40.25;1620800
2021-04-06;41.29999923706055;43.06999969482422;40.5;41.939998626708984;1707300
2021-04-07;41.5099983215332;41.83000183105469;39.599998474121094;39.72999954223633;1812200
2021-04-08;40.43000030517578;40.630001068115234;38.779998779296875;38.86000061035156;2319600
2021-04-09;34.779998779296875;38.79999923706055;34.63999938964844;38.650001525878906;7132400
2021-04-12;36.65999984741211;38.02000045776367;35.5;36.36000061035156;3746200
2021-04-13;35.86000061035156;36.439998626708984;34.45000076293945;36.16999816894531;2034600
2021-04-14;36.470001220703125;38.20000076293945;35.689998626708984;36.560001373291016;1627200
2021-04-15;37.0;37.04999923706055;34.709999084472656;35.810001373291016;1606600
2021-04-16;36.529998779296875;38.13999938964844;35.720001220703125;37.880001068115234;3284800
2021-04-19;39.5;40.349998474121094;36.66999816894531;37.0099983215332;2650200
2021-04-20;36.95000076293945;38.70000076293945;36.20000076293945;36.970001220703125;1921500
2021-04-21;36.15999984741211;38.209999084472656;35.58000183105469;38.209999084472656;1244100
2021-04-22;39.86000061035156;40.349998474121094;37.9900016784668;39.650001525878906;1941400
2021-04-23;39.68000030517578;40.439998626708984;38.630001068115234;39.22999954223633;1459200
2021-04-26;38.619998931884766;40.099998474121094;38.220001220703125;39.95000076293945;1438000
2021-04-27;40.209999084472656;40.349998474121094;39.279998779296875;39.65999984741211;792900
2021-04-28;39.36000061035156;39.4900016784668;38.22999954223633;38.7599983215332;963200
2021-04-29;39.540000915527344;39.65999984741211;37.400001525878906;37.93000030517578;853700
2021-04-30;36.79999923706055;37.869998931884766;36.52000045776367;36.959999084472656;800900
2021-05-03;37.18000030517578;37.7400016784668;36.310001373291016;36.88999938964844;779000
2021-05-04;34.9900016784668;35.36000061035156;33.66999816894531;34.15999984741211;1555600
2021-05-05;35.83000183105469;35.91999816894531;33.2400016784668;33.52000045776367;1502900
2021-05-06;32.68000030517578;32.90999984741211;31.25;31.989999771118164;2228000
2021-05-07;32.470001220703125;33.54999923706055;32.209999084472656;32.40999984741211;934300
2021-05-10;32.279998779296875;32.279998779296875;30.25;30.260000228881836;1502300
2021-05-11;29.030000686645508;31.68000030517578;28.389999389648438;31.3799991607666;1774400
2021-05-12;31.149999618530273;31.889999389648438;30.149999618530273;30.510000228881836;1671600
2021-05-13;30.90999984741211;31.350000381469727;29.520000457763672;30.709999084472656;2088000
2021-05-14;31.3700008392334;32.040000915527344;30.950000762939453;31.469999313354492;926700
2021-05-17;31.520000457763672;31.520000457763672;29.780000686645508;30.440000534057617;1736900
2021-05-18;30.59000015258789;31.549999237060547;28.450000762939453;30.719999313354492;1410300
2021-05-19;29.959999084472656;31.920000076293945;29.75;31.709999084472656;1022000
2021-05-20;32.56999969482422;34.459999084472656;32.459999084472656;34.16999816894531;1716300
2021-05-21;34.54999923706055;35.2400016784668;33.40999984741211;34.09000015258789;1284200
2021-05-24;34.439998626708984;34.439998626708984;32.83000183105469;33.27000045776367;899800
2021-05-25;33.619998931884766;33.97999954223633;32.650001525878906;33.119998931884766;676400
2021-05-26;33.290000915527344;35.97999954223633;33.209999084472656;35.97999954223633;1192800
2021-05-27;35.61000061035156;36.36000061035156;35.15999984741211;35.34000015258789;1197600
2021-05-28;35.90999984741211;36.939998626708984;35.68000030517578;36.61000061035156;1418100
2021-06-01;37.939998626708984;39.95000076293945;37.20000076293945;39.41999816894531;2311000
2021-06-02;39.25;42.16999816894531;38.56999969482422;41.83000183105469;1912000
2021-06-03;40.45000076293945;42.33000183105469;39.91999816894531;40.11000061035156;1549100
2021-06-04;40.560001373291016;41.9900016784668;39.810001373291016;41.209999084472656;1166500
2021-06-07;40.709999084472656;41.209999084472656;38.02000045776367;38.38999938964844;1639700
2021-06-08;39.29999923706055;39.29999923706055;36.849998474121094;39.11000061035156;2310500
2021-06-09;39.0;41.939998626708984;39.0;40.25;1971900
2021-06-10;41.4900016784668;43.09000015258789;40.70000076293945;41.209999084472656;3366900
2021-06-11;42.02000045776367;47.099998474121094;41.189998626708984;46.209999084472656;4309900
2021-06-14;46.41999816894531;46.779998779296875;43.90999984741211;45.29999923706055;1947900
2021-06-15;45.29999923706055;45.58000183105469;40.099998474121094;40.310001373291016;3193600
2021-06-16;40.91999816894531;42.0;39.38999938964844;40.29999923706055;1670900
2021-06-17;39.81999969482422;41.7599983215332;39.529998779296875;39.959999084472656;1563400
2021-06-18;39.599998474121094;40.709999084472656;38.34000015258789;39.349998474121094;1674000
2021-06-21;39.41999816894531;42.65999984741211;39.150001525878906;41.25;2726700
2021-06-22;39.58000183105469;40.22999954223633;37.060001373291016;37.13999938964844;3236100
2021-06-23;37.66999816894531;38.689998626708984;37.40999984741211;38.369998931884766;2146800
2021-06-24;37.0099983215332;39.25;35.63999938964844;37.86000061035156;4380200
2021-06-25;36.959999084472656;43.06999969482422;36.709999084472656;43.0;5017600
2021-06-28;43.36000061035156;53.689998626708984;43.31999969482422;52.849998474121094;8419200
2021-06-29;51.619998931884766;58.38999938964844;51.529998779296875;57.560001373291016;5996500
2021-06-30;54.939998626708984;57.150001525878906;54.060001373291016;56.02000045776367;2806800
2021-07-01;55.130001068115234;55.5;51.209999084472656;52.06999969482422;2381000
2021-07-02;50.13999938964844;53.25;50.119998931884766;50.400001525878906;1884200
2021-07-06;50.0;54.459999084472656;48.790000915527344;54.349998474121094;2468600
2021-07-07;57.59000015258789;63.459999084472656;57.040000915527344;60.13999938964844;7720900
2021-07-08;56.86000061035156;59.29999923706055;55.349998474121094;58.790000915527344;2622500
2021-07-09;59.560001373291016;59.65999984741211;54.790000915527344;56.7599983215332;3107500
2021-07-12;57.790000915527344;62.529998779296875;57.15999984741211;61.900001525878906;2864300
2021-07-13;60.90999984741211;62.650001525878906;58.65999984741211;61.779998779296875;1809600
2021-07-14;61.689998626708984;61.75;56.70000076293945;56.720001220703125;1539700
2021-07-15;59.93000030517578;63.0;58.63999938964844;60.2599983215332;3174800
2021-07-16;59.369998931884766;59.88999938964844;56.18000030517578;58.0;1934300
2021-07-19;56.029998779296875;57.0;51.36000061035156;54.209999084472656;3061900
2021-07-20;54.66999816894531;56.77000045776367;53.349998474121094;56.189998626708984;1207400
