Date;Open;High;Low;Close;Volume
2015-11-11;15.100000381469727;17.93000030517578;14.75;17.75;1261000
2015-11-12;17.75;18.030000686645508;17.399999618530273;17.5;91900
2015-11-13;18.0;18.360000610351562;17.709999084472656;18.100000381469727;27000
2015-11-16;17.829999923706055;18.100000381469727;17.75;17.799999237060547;9400
2015-11-17;17.799999237060547;20.899999618530273;17.799999237060547;19.149999618530273;13900
2015-11-18;19.0;20.0;18.969999313354492;20.0;17300
2015-11-19;20.0;23.479999542236328;19.969999313354492;21.959999084472656;240700
2015-11-20;22.200000762939453;23.3799991607666;21.510000228881836;22.889999389648438;126900
2015-11-23;22.200000762939453;23.979999542236328;21.559999465942383;23.360000610351562;96800
2015-11-24;23.34000015258789;29.530000686645508;22.549999237060547;26.0;95600
2015-11-25;27.829999923706055;28.1200008392334;25.350000381469727;27.270000457763672;50900
2015-11-27;26.06999969482422;26.979999542236328;25.399999618530273;26.40999984741211;20700
2015-11-30;26.200000762939453;26.3799991607666;22.989999771118164;25.190000534057617;90500
2015-12-01;25.25;28.25;24.170000076293945;27.850000381469727;64200
2015-12-02;27.510000228881836;27.950000762939453;24.290000915527344;27.860000610351562;45900
2015-12-03;27.489999771118164;28.5;26.860000610351562;28.280000686645508;32200
2015-12-04;28.15999984741211;29.959999084472656;28.100000381469727;29.25;73700
2015-12-07;28.950000762939453;30.540000915527344;28.950000762939453;30.200000762939453;65600
2015-12-08;30.0;30.18000030517578;29.139999389648438;30.110000610351562;36000
2015-12-09;29.790000915527344;29.790000915527344;23.18000030517578;24.719999313354492;403500
2015-12-10;24.469999313354492;25.43000030517578;22.059999465942383;24.59000015258789;91000
2015-12-11;24.479999542236328;24.479999542236328;22.59000015258789;23.719999313354492;69200
2015-12-14;23.0;23.950000762939453;20.0;21.0;76300
2015-12-15;21.440000534057617;22.0;20.0;21.0;87800
2015-12-16;21.0;21.469999313354492;18.799999237060547;19.639999389648438;132500
2015-12-17;19.639999389648438;21.299999237060547;19.100000381469727;20.690000534057617;90600
2015-12-18;20.670000076293945;21.799999237060547;19.280000686645508;21.440000534057617;805500
2015-12-21;21.889999389648438;21.93000030517578;20.579999923706055;20.989999771118164;58900
2015-12-22;21.309999465942383;21.5;20.25;20.729999542236328;25800
2015-12-23;21.09000015258789;21.09000015258789;19.90999984741211;20.700000762939453;18000
2015-12-24;20.510000228881836;21.09000015258789;20.239999771118164;20.959999084472656;13000
2015-12-28;20.860000610351562;21.989999771118164;20.0;21.350000381469727;33000
2015-12-29;20.950000762939453;23.649999618530273;20.549999237060547;22.979999542236328;113400
2015-12-30;23.0;24.479999542236328;22.100000381469727;22.899999618530273;344200
2015-12-31;23.110000610351562;23.40999984741211;21.770000457763672;21.899999618530273;56500
2016-01-04;21.700000762939453;21.920000076293945;19.31999969482422;21.149999618530273;50800
2016-01-05;21.079999923706055;21.079999923706055;19.760000228881836;20.440000534057617;28000
2016-01-06;20.0;21.0;19.420000076293945;20.950000762939453;30000
2016-01-07;20.459999084472656;20.799999237060547;18.799999237060547;18.90999984741211;24400
2016-01-08;18.950000762939453;20.43000030517578;18.829999923706055;18.829999923706055;22200
2016-01-11;18.889999389648438;19.049999237060547;15.289999961853027;16.510000228881836;58000
2016-01-12;16.670000076293945;17.600000381469727;15.920000076293945;16.360000610351562;55400
2016-01-13;16.350000381469727;16.389999389648438;14.59000015258789;14.779999732971191;47500
2016-01-14;15.319999694824219;15.319999694824219;13.5;14.0;100300
2016-01-15;13.329999923706055;14.15999984741211;12.630000114440918;13.779999732971191;42000
2016-01-19;14.100000381469727;14.84000015258789;12.359999656677246;12.640000343322754;67900
2016-01-20;12.430000305175781;12.65999984741211;11.5600004196167;12.329999923706055;42200
2016-01-21;12.369999885559082;12.649999618530273;11.479999542236328;11.510000228881836;51200
2016-01-22;11.800000190734863;12.489999771118164;11.489999771118164;12.369999885559082;48800
2016-01-25;12.479999542236328;12.770000457763672;12.119999885559082;12.319999694824219;69900
2016-01-26;12.3100004196167;12.399999618530273;10.779999732971191;11.5600004196167;32700
2016-01-27;11.430000305175781;11.970000267028809;10.600000381469727;11.039999961853027;59500
2016-01-28;11.079999923706055;11.279999732971191;9.960000038146973;10.460000038146973;32900
2016-01-29;10.630000114440918;10.890000343322754;9.960000038146973;10.680000305175781;23000
2016-02-01;10.569999694824219;11.149999618530273;10.210000038146973;11.09000015258789;16700
2016-02-02;10.9399995803833;12.4399995803833;10.9399995803833;11.90999984741211;36000
2016-02-03;11.949999809265137;12.489999771118164;11.380000114440918;11.529999732971191;30100
2016-02-04;11.319999694824219;12.25;10.119999885559082;10.5;132000
2016-02-05;10.380000114440918;10.970000267028809;10.25;10.359999656677246;86400
2016-02-08;10.350000381469727;10.489999771118164;9.289999961853027;10.109999656677246;23300
2016-02-09;9.90999984741211;10.720000267028809;8.760000228881836;10.390000343322754;9100
2016-02-10;10.479999542236328;10.550000190734863;9.130000114440918;10.420000076293945;12800
2016-02-11;10.510000228881836;10.510000228881836;9.920000076293945;10.109999656677246;30500
2016-02-12;10.170000076293945;10.5600004196167;9.9399995803833;10.210000038146973;76100
2016-02-16;10.350000381469727;10.359999656677246;9.75;9.90999984741211;46900
2016-02-17;10.079999923706055;10.229999542236328;8.789999961853027;9.930000305175781;235700
2016-02-18;9.890000343322754;10.300000190734863;9.890000343322754;10.0600004196167;142800
2016-02-19;10.029999732971191;10.210000038146973;9.949999809265137;10.09000015258789;19000
2016-02-22;10.119999885559082;10.270000457763672;9.399999618530273;10.0;94100
2016-02-23;9.760000228881836;10.199999809265137;9.5;9.800000190734863;27400
2016-02-24;9.819999694824219;10.350000381469727;9.069999694824219;9.739999771118164;48200
2016-02-25;9.930000305175781;10.180000305175781;9.600000381469727;9.989999771118164;27800
2016-02-26;10.350000381469727;10.890000343322754;9.649999618530273;10.029999732971191;48500
2016-02-29;9.9399995803833;10.729999542236328;9.369999885559082;9.569999694824219;27500
2016-03-01;9.510000228881836;10.520000457763672;8.119999885559082;8.5600004196167;44100
2016-03-02;8.479999542236328;9.369999885559082;8.25;9.25;44900
2016-03-03;9.199999809265137;10.430000305175781;9.039999961853027;10.069999694824219;70900
2016-03-04;9.989999771118164;9.989999771118164;9.039999961853027;9.210000038146973;31800
2016-03-07;9.239999771118164;9.520000457763672;9.180000305175781;9.210000038146973;20300
2016-03-08;9.369999885559082;10.0;9.140000343322754;9.149999618530273;31400
2016-03-09;9.100000381469727;9.359999656677246;8.760000228881836;9.039999961853027;41000
2016-03-10;9.0600004196167;9.449999809265137;8.670000076293945;8.800000190734863;112300
2016-03-11;8.90999984741211;9.6899995803833;8.90999984741211;9.65999984741211;22300
2016-03-14;9.6899995803833;10.600000381469727;9.6899995803833;10.039999961853027;104600
2016-03-15;9.930000305175781;10.5;9.770000457763672;9.90999984741211;61700
2016-03-16;9.9399995803833;10.420000076293945;9.9399995803833;10.329999923706055;25000
2016-03-17;10.5;10.979999542236328;10.170000076293945;10.5600004196167;69400
2016-03-18;10.600000381469727;10.600000381469727;9.569999694824219;9.59000015258789;78700
2016-03-21;9.5600004196167;10.069999694824219;9.279999732971191;9.34000015258789;30600
2016-03-22;9.399999618530273;9.649999618530273;9.010000228881836;9.350000381469727;65900
2016-03-23;9.420000076293945;9.6899995803833;9.0600004196167;9.199999809265137;53300
2016-03-24;9.260000228881836;9.359999656677246;8.600000381469727;8.739999771118164;32400
2016-03-28;8.680000305175781;9.1899995803833;8.300000190734863;8.739999771118164;15300
2016-03-29;8.789999961853027;9.039999961853027;8.739999771118164;9.0;15200
2016-03-30;8.920000076293945;9.020000457763672;8.819999694824219;8.84000015258789;6000
2016-03-31;9.1899995803833;9.1899995803833;8.520000457763672;8.729999542236328;20400
2016-04-01;8.899999618530273;9.569999694824219;8.529999732971191;9.210000038146973;60900
2016-04-04;9.229999542236328;9.59000015258789;8.770000457763672;8.90999984741211;13800
2016-04-05;8.9399995803833;8.970000267028809;8.710000038146973;8.770000457763672;15000
2016-04-06;8.720000267028809;9.319999694824219;8.600000381469727;9.289999961853027;22100
2016-04-07;9.329999923706055;9.5;9.010000228881836;9.270000457763672;34100
2016-04-08;9.3100004196167;9.489999771118164;8.949999809265137;9.170000076293945;33400
2016-04-11;9.119999885559082;9.819999694824219;9.119999885559082;9.640000343322754;35400
2016-04-12;9.569999694824219;10.989999771118164;9.550000190734863;10.979999542236328;402200
2016-04-13;11.0;14.90999984741211;11.0;13.489999771118164;96500
2016-04-14;13.430000305175781;14.75;11.600000381469727;12.430000305175781;72900
2016-04-15;12.3100004196167;12.550000190734863;11.770000457763672;12.15999984741211;22700
2016-04-18;12.039999961853027;13.319999694824219;12.039999961853027;12.390000343322754;44600
2016-04-19;12.369999885559082;12.640000343322754;12.119999885559082;12.470000267028809;19500
2016-04-20;12.449999809265137;12.739999771118164;11.210000038146973;11.510000228881836;34900
2016-04-21;11.40999984741211;11.859999656677246;11.319999694824219;11.829999923706055;33900
2016-04-22;11.859999656677246;12.420000076293945;11.5600004196167;12.15999984741211;27200
2016-04-25;12.270000457763672;13.25;12.020000457763672;12.970000267028809;19600
2016-04-26;12.9399995803833;13.25;12.020000457763672;13.0;39900
2016-04-27;13.079999923706055;13.079999923706055;11.819999694824219;12.489999771118164;27100
2016-04-28;12.5;12.9399995803833;12.180000305175781;12.670000076293945;30500
2016-04-29;12.449999809265137;12.880000114440918;11.399999618530273;11.649999618530273;23800
2016-05-02;11.779999732971191;12.65999984741211;11.350000381469727;12.479999542236328;41000
2016-05-03;12.5;12.529999732971191;11.720000267028809;12.069999694824219;25000
2016-05-04;11.989999771118164;12.399999618530273;11.800000190734863;12.029999732971191;12400
2016-05-05;12.239999771118164;12.239999771118164;11.5;11.8100004196167;35800
2016-05-06;12.1899995803833;12.579999923706055;11.65999984741211;12.149999618530273;33300
2016-05-09;12.4399995803833;12.479999542236328;11.520000457763672;12.220000267028809;63900
2016-05-10;12.229999542236328;13.1899995803833;12.140000343322754;13.029999732971191;96500
2016-05-11;12.4399995803833;13.930000305175781;12.239999771118164;12.680000305175781;190200
2016-05-12;12.640000343322754;13.279999732971191;11.609999656677246;11.819999694824219;198700
2016-05-13;11.779999732971191;13.829999923706055;11.539999961853027;11.859999656677246;188000
2016-05-16;11.869999885559082;12.359999656677246;10.039999961853027;11.039999961853027;161500
2016-05-17;10.8100004196167;11.25;10.8100004196167;11.010000228881836;79300
2016-05-18;11.09000015258789;11.279999732971191;10.800000190734863;11.0;173600
2016-05-19;10.920000076293945;11.5;10.770000457763672;11.329999923706055;58100
2016-05-20;11.800000190734863;13.729999542236328;11.59000015258789;11.829999923706055;238800
2016-05-23;11.800000190734863;12.75;11.800000190734863;12.0;145200
2016-05-24;12.170000076293945;13.210000038146973;11.819999694824219;12.5;180500
2016-05-25;12.890000343322754;13.369999885559082;12.529999732971191;12.760000228881836;148300
2016-05-26;12.789999961853027;13.170000076293945;12.640000343322754;12.779999732971191;78500
2016-05-27;12.890000343322754;14.079999923706055;12.890000343322754;13.65999984741211;148900
2016-05-31;13.800000190734863;14.25;13.760000228881836;13.880000114440918;93800
2016-06-01;13.84000015258789;14.119999885559082;13.600000381469727;13.710000038146973;38000
2016-06-02;13.880000114440918;14.279999732971191;13.5;13.779999732971191;82100
2016-06-03;13.819999694824219;13.819999694824219;13.220000267028809;13.399999618530273;47600
2016-06-06;13.880000114440918;14.699999809265137;13.449999809265137;13.989999771118164;87600
2016-06-07;14.109999656677246;14.4399995803833;13.369999885559082;13.789999961853027;108200
2016-06-08;13.460000038146973;14.399999618530273;13.020000457763672;14.0600004196167;242800
2016-06-09;14.0;15.430000305175781;13.949999809265137;15.1899995803833;113500
2016-06-10;14.829999923706055;15.350000381469727;14.520000457763672;14.890000343322754;99000
2016-06-13;14.9399995803833;15.130000114440918;13.850000381469727;14.140000343322754;152500
2016-06-14;14.210000038146973;14.680000305175781;13.289999961853027;13.710000038146973;106700
2016-06-15;14.079999923706055;14.15999984741211;13.399999618530273;13.699999809265137;105900
2016-06-16;14.069999694824219;14.239999771118164;13.319999694824219;14.029999732971191;112700
2016-06-17;14.100000381469727;14.390000343322754;13.5600004196167;14.270000457763672;310800
2016-06-20;14.4399995803833;14.8100004196167;14.09000015258789;14.479999542236328;81500
2016-06-21;14.539999961853027;14.539999961853027;12.779999732971191;13.140000343322754;90900
2016-06-22;12.970000267028809;13.210000038146973;11.520000457763672;12.239999771118164;121600
2016-06-23;12.319999694824219;13.199999809265137;11.920000076293945;12.510000228881836;63100
2016-06-24;12.029999732971191;12.90999984741211;11.430000305175781;12.520000457763672;730100
2016-06-27;12.539999961853027;12.539999961853027;10.520000457763672;10.699999809265137;114300
2016-06-28;10.930000305175781;11.130000114440918;10.300000190734863;10.8100004196167;79300
2016-06-29;10.850000381469727;11.180000305175781;10.289999961853027;10.630000114440918;110300
2016-06-30;10.600000381469727;11.170000076293945;10.039999961853027;10.989999771118164;52600
2016-07-01;11.100000381469727;11.630000114440918;10.979999542236328;11.15999984741211;75100
2016-07-05;10.960000038146973;11.1899995803833;10.529999732971191;10.9399995803833;68700
2016-07-06;10.9399995803833;11.520000457763672;10.75;11.319999694824219;26100
2016-07-07;11.0;11.920000076293945;10.970000267028809;11.350000381469727;86000
2016-07-08;11.489999771118164;11.899999618530273;11.029999732971191;11.710000038146973;59900
2016-07-11;11.869999885559082;12.170000076293945;11.5;12.09000015258789;45200
2016-07-12;12.109999656677246;12.699999809265137;12.039999961853027;12.329999923706055;56300
2016-07-13;12.489999771118164;12.65999984741211;11.75;11.8100004196167;43800
2016-07-14;11.9399995803833;12.359999656677246;11.6899995803833;11.930000305175781;43900
2016-07-15;12.329999923706055;12.899999618530273;12.029999732971191;12.6899995803833;199100
2016-07-18;12.710000038146973;12.779999732971191;12.359999656677246;12.539999961853027;47600
2016-07-19;12.5600004196167;12.699999809265137;12.170000076293945;12.460000038146973;37700
2016-07-20;12.5;12.710000038146973;12.270000457763672;12.710000038146973;25600
2016-07-21;12.710000038146973;13.09000015258789;12.350000381469727;12.65999984741211;34000
2016-07-22;12.760000228881836;13.930000305175781;12.6899995803833;13.859999656677246;87600
2016-07-25;13.90999984741211;14.229999542236328;13.699999809265137;13.789999961853027;62800
2016-07-26;13.649999618530273;14.489999771118164;13.460000038146973;14.270000457763672;57400
2016-07-27;14.300000190734863;14.550000190734863;13.920000076293945;14.239999771118164;42100
2016-07-28;14.180000305175781;14.949999809265137;14.029999732971191;14.279999732971191;24800
2016-07-29;13.760000228881836;14.75;13.680000305175781;14.739999771118164;54500
2016-08-01;14.569999694824219;14.890000343322754;14.359999656677246;14.479999542236328;26000
2016-08-02;14.5600004196167;14.779999732971191;13.770000457763672;14.020000457763672;49400
2016-08-03;14.109999656677246;14.640000343322754;14.029999732971191;14.270000457763672;52100
2016-08-04;13.130000114440918;15.170000076293945;12.90999984741211;15.109999656677246;52200
2016-08-05;14.970000267028809;16.34000015258789;14.829999923706055;16.1299991607666;33600
2016-08-08;16.31999969482422;16.420000076293945;15.720000267028809;16.260000228881836;30200
2016-08-09;16.459999084472656;16.709999084472656;15.989999771118164;16.209999084472656;31800
2016-08-10;16.520000457763672;16.520000457763672;15.420000076293945;15.520000457763672;37500
2016-08-11;15.229999542236328;15.710000038146973;15.229999542236328;15.670000076293945;22200
2016-08-12;15.670000076293945;16.059999465942383;15.670000076293945;15.979999542236328;22000
2016-08-15;16.030000686645508;16.190000534057617;15.890000343322754;16.020000457763672;28500
2016-08-16;16.030000686645508;16.030000686645508;15.739999771118164;15.960000038146973;24800
2016-08-17;15.84000015258789;16.479999542236328;15.84000015258789;16.260000228881836;65600
2016-08-18;16.18000030517578;16.469999313354492;15.84000015258789;15.970000267028809;51700
2016-08-19;15.970000267028809;16.290000915527344;15.300000190734863;15.329999923706055;67000
2016-08-22;15.25;15.899999618530273;14.149999618530273;14.279999732971191;49300
2016-08-23;14.300000190734863;14.75;13.260000228881836;13.760000228881836;60800
2016-08-24;14.119999885559082;14.119999885559082;13.069999694824219;13.149999618530273;30400
2016-08-25;13.619999885559082;13.779999732971191;12.529999732971191;12.829999923706055;45800
2016-08-26;12.75;13.5600004196167;12.199999809265137;12.569999694824219;42700
2016-08-29;12.600000381469727;12.800000190734863;12.399999618530273;12.470000267028809;42000
2016-08-30;13.020000457763672;13.050000190734863;12.149999618530273;12.270000457763672;24800
2016-08-31;12.359999656677246;12.9399995803833;12.100000381469727;12.170000076293945;47900
2016-09-01;12.199999809265137;12.329999923706055;12.069999694824219;12.229999542236328;25200
2016-09-02;12.25;12.270000457763672;11.489999771118164;11.6899995803833;36500
2016-09-06;11.829999923706055;12.220000267028809;11.140000343322754;11.770000457763672;24400
2016-09-07;11.979999542236328;12.710000038146973;11.40999984741211;12.520000457763672;107900
2016-09-08;12.579999923706055;13.380000114440918;11.770000457763672;12.859999656677246;88200
2016-09-09;12.8100004196167;12.989999771118164;12.210000038146973;12.680000305175781;65800
2016-09-12;13.470000267028809;14.050000190734863;13.050000190734863;13.579999923706055;79000
2016-09-13;13.460000038146973;13.680000305175781;12.979999542236328;13.4399995803833;34000
2016-09-14;12.90999984741211;13.989999771118164;12.90999984741211;13.670000076293945;26800
2016-09-15;13.229999542236328;14.09000015258789;13.229999542236328;14.09000015258789;102900
2016-09-16;14.25;14.869999885559082;13.989999771118164;14.260000228881836;134600
2016-09-19;14.289999961853027;14.520000457763672;13.449999809265137;13.75;47100
2016-09-20;13.899999618530273;14.0;13.449999809265137;13.710000038146973;30700
2016-09-21;13.850000381469727;14.079999923706055;13.399999618530273;13.859999656677246;57700
2016-09-22;13.899999618530273;14.40999984741211;13.619999885559082;13.890000343322754;123200
2016-09-23;13.930000305175781;14.039999961853027;13.5;13.850000381469727;28400
2016-09-26;14.0;14.119999885559082;13.619999885559082;13.739999771118164;30200
2016-09-27;13.779999732971191;14.109999656677246;13.600000381469727;13.899999618530273;22600
2016-09-28;13.890000343322754;14.0;13.239999771118164;13.479999542236328;21500
2016-09-29;13.279999732971191;13.449999809265137;11.770000457763672;11.859999656677246;53400
2016-09-30;11.989999771118164;12.380000114440918;11.520000457763672;12.010000228881836;95500
2016-10-03;12.0;12.329999923706055;11.510000228881836;11.9399995803833;62300
2016-10-04;11.979999542236328;12.529999732971191;11.859999656677246;12.050000190734863;72200
2016-10-05;12.149999618530273;12.760000228881836;12.079999923706055;12.3100004196167;93400
2016-10-06;12.350000381469727;12.380000114440918;12.039999961853027;12.100000381469727;99700
2016-10-07;11.850000381469727;12.140000343322754;10.649999618530273;11.84000015258789;156400
2016-10-10;11.699999809265137;12.270000457763672;11.539999961853027;12.079999923706055;29700
2016-10-11;12.5;12.65999984741211;11.579999923706055;11.640000343322754;43500
2016-10-12;11.920000076293945;11.920000076293945;11.15999984741211;11.270000457763672;31100
2016-10-13;11.1899995803833;11.229999542236328;11.0;11.100000381469727;18300
2016-10-14;11.130000114440918;11.25;11.020000457763672;11.069999694824219;16900
2016-10-17;11.010000228881836;11.5;11.0;11.0600004196167;26200
2016-10-18;11.229999542236328;12.449999809265137;11.15999984741211;12.319999694824219;72400
2016-10-19;12.039999961853027;12.5;11.75;12.109999656677246;35000
2016-10-20;12.039999961853027;12.9399995803833;11.979999542236328;12.819999694824219;49300
2016-10-21;12.699999809265137;12.729999542236328;12.359999656677246;12.449999809265137;18800
2016-10-24;12.600000381469727;12.890000343322754;11.640000343322754;12.75;15100
2016-10-25;12.520000457763672;12.84000015258789;12.180000305175781;12.760000228881836;34700
2016-10-26;12.239999771118164;12.920000076293945;12.010000228881836;12.449999809265137;18600
2016-10-27;12.529999732971191;12.720000267028809;11.710000038146973;12.050000190734863;49100
2016-10-28;11.949999809265137;12.40999984741211;11.489999771118164;12.199999809265137;37800
2016-10-31;12.1899995803833;12.300000190734863;11.850000381469727;12.0;26800
2016-11-01;12.210000038146973;12.229999542236328;11.739999771118164;11.9399995803833;33000
2016-11-02;11.949999809265137;12.359999656677246;11.329999923706055;11.59000015258789;46900
2016-11-03;11.680000305175781;11.960000038146973;11.0;11.010000228881836;37100
2016-11-04;11.109999656677246;12.029999732971191;11.0;11.460000038146973;36800
2016-11-07;11.800000190734863;12.569999694824219;11.579999923706055;11.960000038146973;52600
2016-11-08;11.800000190734863;12.420000076293945;11.430000305175781;11.600000381469727;56400
2016-11-09;11.920000076293945;12.430000305175781;10.930000305175781;11.890000343322754;114500
2016-11-10;12.699999809265137;12.699999809265137;12.149999618530273;12.460000038146973;112900
2016-11-11;12.420000076293945;12.420000076293945;12.020000457763672;12.239999771118164;130000
2016-11-14;12.449999809265137;13.319999694824219;12.279999732971191;13.239999771118164;124600
2016-11-15;13.09000015258789;14.279999732971191;12.380000114440918;13.949999809265137;85900
2016-11-16;13.949999809265137;14.100000381469727;13.539999961853027;13.970000267028809;52800
2016-11-17;14.0;14.899999618530273;12.220000267028809;14.710000038146973;46800
2016-11-18;14.739999771118164;14.739999771118164;13.890000343322754;13.989999771118164;30700
2016-11-21;14.649999618530273;14.649999618530273;13.350000381469727;14.0;25600
2016-11-22;14.149999618530273;14.5;13.880000114440918;14.069999694824219;37800
2016-11-23;13.9399995803833;14.430000305175781;13.359999656677246;14.350000381469727;40800
2016-11-25;14.390000343322754;14.390000343322754;13.640000343322754;13.979999542236328;15300
2016-11-28;14.069999694824219;14.119999885559082;13.539999961853027;13.59000015258789;29800
2016-11-29;13.90999984741211;13.90999984741211;12.800000190734863;12.930000305175781;28700
2016-11-30;13.079999923706055;13.600000381469727;12.25;12.460000038146973;34800
2016-12-01;12.569999694824219;13.65999984741211;12.420000076293945;13.010000228881836;98600
2016-12-02;13.0;13.890000343322754;12.800000190734863;13.510000228881836;89500
2016-12-05;13.550000190734863;14.069999694824219;13.25;14.029999732971191;138300
2016-12-06;14.199999809265137;14.289999961853027;13.75;14.0;88900
2016-12-07;13.90999984741211;14.34000015258789;13.449999809265137;13.729999542236328;97100
2016-12-08;17.5;18.25;14.449999809265137;15.020000457763672;944100
2016-12-09;15.25;15.9399995803833;14.390000343322754;14.430000305175781;127600
2016-12-12;14.25;14.449999809265137;13.390000343322754;13.539999961853027;91000
2016-12-13;13.59000015258789;13.789999961853027;13.3100004196167;13.670000076293945;65600
2016-12-14;13.6899995803833;14.300000190734863;13.4399995803833;13.890000343322754;66100
2016-12-15;14.020000457763672;14.8100004196167;13.800000190734863;14.6899995803833;93000
2016-12-16;14.770000457763672;15.229999542236328;14.130000114440918;14.260000228881836;130100
2016-12-19;14.25;14.739999771118164;13.739999771118164;13.819999694824219;31400
2016-12-20;13.40999984741211;13.779999732971191;13.220000267028809;13.3100004196167;94600
2016-12-21;13.350000381469727;13.789999961853027;12.40999984741211;12.770000457763672;128700
2016-12-22;12.75;12.920000076293945;12.510000228881836;12.640000343322754;81400
2016-12-23;12.600000381469727;13.260000228881836;12.600000381469727;13.149999618530273;86900
2016-12-27;13.010000228881836;13.369999885559082;13.010000228881836;13.130000114440918;45300
2016-12-28;13.100000381469727;13.149999618530273;12.869999885559082;13.079999923706055;42500
2016-12-29;13.09000015258789;13.350000381469727;12.859999656677246;13.020000457763672;54700
2016-12-30;13.0600004196167;13.430000305175781;12.329999923706055;12.739999771118164;67700
2017-01-03;12.5;12.550000190734863;11.270000457763672;11.970000267028809;302600
2017-01-04;11.789999961853027;13.5600004196167;11.739999771118164;12.880000114440918;267500
2017-01-05;12.869999885559082;13.390000343322754;12.579999923706055;12.640000343322754;168400
2017-01-06;12.699999809265137;12.75;11.640000343322754;11.84000015258789;102000
2017-01-09;11.930000305175781;12.100000381469727;11.369999885559082;11.989999771118164;56500
2017-01-10;12.0;12.40999984741211;11.920000076293945;12.1899995803833;36100
2017-01-11;12.130000114440918;12.140000343322754;11.5;11.850000381469727;68600
2017-01-12;11.649999618530273;12.170000076293945;11.5;11.920000076293945;46000
2017-01-13;12.010000228881836;12.289999961853027;11.75;11.90999984741211;36600
2017-01-17;11.800000190734863;11.890000343322754;11.539999961853027;11.569999694824219;128100
2017-01-18;11.630000114440918;11.720000267028809;11.239999771118164;11.579999923706055;114200
2017-01-19;11.699999809265137;11.75;11.109999656677246;11.300000190734863;88600
2017-01-20;11.319999694824219;11.359999656677246;10.989999771118164;11.050000190734863;78400
2017-01-23;11.010000228881836;11.600000381469727;11.0;11.510000228881836;68300
2017-01-24;11.609999656677246;12.0;11.25;11.510000228881836;45600
2017-01-25;11.600000381469727;12.039999961853027;11.600000381469727;11.920000076293945;85900
2017-01-26;11.899999618530273;11.930000305175781;11.5600004196167;11.739999771118164;13300
2017-01-27;11.550000190734863;11.829999923706055;11.550000190734863;11.760000228881836;36300
2017-01-30;11.699999809265137;11.779999732971191;11.5;11.65999984741211;40300
2017-01-31;11.550000190734863;12.09000015258789;11.5;11.920000076293945;79700
2017-02-01;12.079999923706055;12.25;12.0;12.130000114440918;43200
2017-02-02;12.0;12.90999984741211;11.890000343322754;12.399999618530273;131000
2017-02-03;12.619999885559082;12.710000038146973;12.239999771118164;12.420000076293945;189300
2017-02-06;12.350000381469727;12.609999656677246;11.989999771118164;12.020000457763672;84600
2017-02-07;12.0;12.180000305175781;11.720000267028809;11.760000228881836;49200
2017-02-08;11.710000038146973;12.100000381469727;11.600000381469727;11.829999923706055;33000
2017-02-09;11.779999732971191;12.350000381469727;11.779999732971191;12.039999961853027;43600
2017-02-10;12.010000228881836;12.170000076293945;11.800000190734863;12.050000190734863;33000
2017-02-13;12.170000076293945;12.300000190734863;12.100000381469727;12.229999542236328;32100
2017-02-14;12.279999732971191;12.850000381469727;12.239999771118164;12.680000305175781;91700
2017-02-15;12.619999885559082;13.210000038146973;12.350000381469727;13.100000381469727;86400
2017-02-16;13.149999618530273;13.470000267028809;12.420000076293945;12.550000190734863;52200
2017-02-17;12.649999618530273;12.90999984741211;12.199999809265137;12.4399995803833;49300
2017-02-21;12.489999771118164;13.279999732971191;12.109999656677246;12.460000038146973;26200
2017-02-22;12.369999885559082;12.520000457763672;12.119999885559082;12.460000038146973;68200
2017-02-23;12.470000267028809;12.859999656677246;12.229999542236328;12.460000038146973;126000
2017-02-24;12.649999618530273;12.649999618530273;11.859999656677246;12.289999961853027;45000
2017-02-27;12.199999809265137;13.109999656677246;12.199999809265137;12.9399995803833;38600
2017-02-28;12.949999809265137;13.239999771118164;12.75;12.949999809265137;56900
2017-03-01;12.930000305175781;13.850000381469727;12.930000305175781;13.739999771118164;98800
2017-03-02;14.0;14.300000190734863;13.6899995803833;14.0;179700
2017-03-03;13.930000305175781;14.109999656677246;13.890000343322754;14.020000457763672;82300
2017-03-06;13.880000114440918;14.350000381469727;13.760000228881836;13.90999984741211;31900
2017-03-07;13.779999732971191;14.4399995803833;13.420000076293945;13.5;61900
2017-03-08;13.630000114440918;13.800000190734863;12.210000038146973;12.270000457763672;79100
2017-03-09;12.520000457763672;12.729999542236328;11.739999771118164;11.770000457763672;80900
2017-03-10;11.859999656677246;12.710000038146973;11.770000457763672;12.229999542236328;63900
2017-03-13;12.300000190734863;12.569999694824219;11.800000190734863;11.850000381469727;51100
2017-03-14;11.850000381469727;12.0;11.289999961853027;11.489999771118164;68300
2017-03-15;11.220000267028809;11.619999885559082;10.34000015258789;11.210000038146973;96700
2017-03-16;11.479999542236328;11.720000267028809;11.220000267028809;11.270000457763672;78300
2017-03-17;11.25;11.260000228881836;10.710000038146973;11.109999656677246;198100
2017-03-20;11.170000076293945;11.600000381469727;11.0;11.449999809265137;73400
2017-03-21;11.489999771118164;11.489999771118164;10.670000076293945;10.90999984741211;116500
2017-03-22;10.970000267028809;10.970000267028809;10.619999885559082;10.920000076293945;89200
2017-03-23;11.0;11.489999771118164;10.899999618530273;11.4399995803833;83200
2017-03-24;11.460000038146973;11.699999809265137;11.239999771118164;11.5600004196167;72800
2017-03-27;11.5600004196167;12.369999885559082;11.520000457763672;12.130000114440918;72200
2017-03-28;12.039999961853027;12.210000038146973;11.390000343322754;11.710000038146973;58900
2017-03-29;12.020000457763672;12.699999809265137;12.0;12.1899995803833;139600
2017-03-30;12.430000305175781;12.800000190734863;12.210000038146973;12.520000457763672;92700
2017-03-31;12.65999984741211;13.579999923706055;12.520000457763672;13.239999771118164;125600
2017-04-03;13.210000038146973;13.479999542236328;13.050000190734863;13.329999923706055;90800
2017-04-04;13.390000343322754;13.569999694824219;13.25;13.369999885559082;86800
2017-04-05;13.529999732971191;13.779999732971191;13.220000267028809;13.380000114440918;74200
2017-04-06;13.399999618530273;13.550000190734863;12.619999885559082;12.9399995803833;75800
2017-04-07;12.930000305175781;12.949999809265137;12.390000343322754;12.520000457763672;58100
2017-04-10;12.520000457763672;12.670000076293945;12.199999809265137;12.329999923706055;83800
2017-04-11;12.260000228881836;12.359999656677246;11.210000038146973;11.5600004196167;132700
2017-04-12;11.5600004196167;11.5600004196167;11.0;11.010000228881836;184000
2017-04-13;11.050000190734863;11.399999618530273;10.670000076293945;11.199999809265137;210100
2017-04-17;11.239999771118164;11.699999809265137;11.199999809265137;11.600000381469727;130400
2017-04-18;11.600000381469727;11.65999984741211;11.050000190734863;11.59000015258789;65000
2017-04-19;11.739999771118164;11.949999809265137;11.359999656677246;11.609999656677246;81800
2017-04-20;11.609999656677246;11.789999961853027;11.0600004196167;11.170000076293945;89700
2017-04-21;11.130000114440918;11.279999732971191;10.260000228881836;10.34000015258789;232800
2017-04-24;10.550000190734863;10.550000190734863;10.170000076293945;10.319999694824219;141600
2017-04-25;10.40999984741211;10.880000114440918;9.65999984741211;10.75;328000
2017-04-26;10.84000015258789;10.850000381469727;10.25;10.449999809265137;199100
2017-04-27;10.399999618530273;10.720000267028809;10.279999732971191;10.600000381469727;137000
2017-04-28;10.609999656677246;10.989999771118164;10.399999618530273;10.4399995803833;108500
2017-05-01;10.510000228881836;10.600000381469727;10.399999618530273;10.5600004196167;110800
2017-05-02;10.510000228881836;10.619999885559082;10.100000381469727;10.199999809265137;38900
2017-05-03;10.109999656677246;10.140000343322754;9.649999618530273;9.75;105900
2017-05-04;9.869999885559082;9.869999885559082;9.350000381469727;9.380000114440918;164500
2017-05-05;9.399999618530273;9.399999618530273;8.90999984741211;9.229999542236328;116700
2017-05-08;9.1899995803833;9.329999923706055;8.739999771118164;9.010000228881836;107300
2017-05-09;9.010000228881836;9.010000228881836;8.529999732971191;8.970000267028809;93400
2017-05-10;8.479999542236328;9.920000076293945;8.479999542236328;9.5600004196167;176700
2017-05-11;9.510000228881836;9.970000267028809;9.119999885559082;9.829999923706055;114500
2017-05-12;9.779999732971191;9.880000114440918;9.329999923706055;9.369999885559082;50900
2017-05-15;9.369999885559082;9.65999984741211;9.369999885559082;9.420000076293945;54300
2017-05-16;9.460000038146973;9.550000190734863;9.270000457763672;9.350000381469727;81400
2017-05-17;9.199999809265137;9.319999694824219;9.020000457763672;9.229999542236328;99200
2017-05-18;9.220000267028809;9.460000038146973;9.079999923706055;9.25;111300
2017-05-19;9.229999542236328;9.550000190734863;9.100000381469727;9.1899995803833;57600
2017-05-22;9.1899995803833;9.34000015258789;9.069999694824219;9.229999542236328;59300
2017-05-23;9.239999771118164;9.529999732971191;9.130000114440918;9.359999656677246;86600
2017-05-24;9.359999656677246;9.420000076293945;9.109999656677246;9.149999618530273;55500
2017-05-25;9.199999809265137;9.449999809265137;9.0;9.329999923706055;223100
2017-05-26;9.300000190734863;9.470000267028809;8.949999809265137;8.960000038146973;92700
2017-05-30;8.9399995803833;9.020000457763672;8.710000038146973;8.84000015258789;85500
2017-05-31;8.930000305175781;8.970000267028809;8.779999732971191;8.859999656677246;89100
2017-06-01;8.869999885559082;9.399999618530273;8.869999885559082;9.289999961853027;48400
2017-06-02;9.199999809265137;9.5;9.199999809265137;9.399999618530273;40900
2017-06-05;9.470000267028809;9.489999771118164;8.699999809265137;9.09000015258789;91700
2017-06-06;9.050000190734863;9.199999809265137;8.699999809265137;8.75;91800
2017-06-07;8.8100004196167;8.8100004196167;8.359999656677246;8.630000114440918;248300
2017-06-08;8.399999618530273;9.109999656677246;8.369999885559082;9.0;124700
2017-06-09;8.880000114440918;9.100000381469727;8.670000076293945;8.710000038146973;90800
2017-06-12;8.699999809265137;9.680000305175781;8.600000381469727;9.430000305175781;92400
2017-06-13;9.420000076293945;9.670000076293945;9.09000015258789;9.520000457763672;105300
2017-06-14;9.649999618530273;9.6899995803833;9.229999542236328;9.529999732971191;51600
2017-06-15;9.399999618530273;9.949999809265137;9.399999618530273;9.84000015258789;64800
2017-06-16;9.670000076293945;9.869999885559082;9.5;9.819999694824219;83100
2017-06-19;9.829999923706055;10.229999542236328;9.770000457763672;9.989999771118164;88000
2017-06-20;10.039999961853027;10.279999732971191;10.0;10.029999732971191;66400
2017-06-21;10.050000190734863;10.25;10.050000190734863;10.119999885559082;51500
2017-06-22;10.170000076293945;10.640000343322754;10.170000076293945;10.270000457763672;69500
2017-06-23;10.279999732971191;10.470000267028809;10.020000457763672;10.380000114440918;474500
2017-06-26;10.149999618530273;10.300000190734863;9.479999542236328;9.729999542236328;217100
2017-06-27;9.800000190734863;9.800000190734863;8.869999885559082;8.930000305175781;113900
2017-06-28;8.979999542236328;9.380000114440918;8.850000381469727;9.050000190734863;152100
2017-06-29;9.079999923706055;9.180000305175781;8.710000038146973;9.0600004196167;97900
2017-06-30;9.050000190734863;9.199999809265137;8.9399995803833;8.960000038146973;56900
2017-07-03;8.8100004196167;9.539999961853027;8.8100004196167;9.470000267028809;47100
2017-07-05;9.329999923706055;9.569999694824219;8.979999542236328;9.520000457763672;106600
2017-07-06;9.529999732971191;9.600000381469727;9.069999694824219;9.380000114440918;95300
2017-07-07;9.430000305175781;9.489999771118164;9.279999732971191;9.350000381469727;27600
2017-07-10;9.350000381469727;9.350000381469727;9.0;9.020000457763672;92400
2017-07-11;9.039999961853027;9.390000343322754;8.899999618530273;9.329999923706055;58500
2017-07-12;9.350000381469727;9.699999809265137;9.300000190734863;9.460000038146973;37700
2017-07-13;9.4399995803833;9.699999809265137;9.0600004196167;9.65999984741211;46700
2017-07-14;9.630000114440918;9.869999885559082;9.489999771118164;9.720000267028809;29000
2017-07-17;9.770000457763672;9.949999809265137;9.5600004196167;9.680000305175781;46800
2017-07-18;9.65999984741211;9.819999694824219;9.270000457763672;9.3100004196167;26900
2017-07-19;9.380000114440918;9.739999771118164;9.359999656677246;9.539999961853027;19100
2017-07-20;9.5600004196167;10.100000381469727;9.5600004196167;9.899999618530273;54900
2017-07-21;10.039999961853027;10.390000343322754;9.600000381469727;9.729999542236328;70200
2017-07-24;9.699999809265137;9.710000038146973;9.369999885559082;9.5;69700
2017-07-25;9.5;9.850000381469727;9.4399995803833;9.489999771118164;34700
2017-07-26;9.510000228881836;9.9399995803833;9.25;9.880000114440918;112400
2017-07-27;9.989999771118164;10.239999771118164;9.350000381469727;9.380000114440918;141100
2017-07-28;9.489999771118164;9.5;9.050000190734863;9.09000015258789;145000
2017-07-31;9.069999694824219;9.149999618530273;8.220000267028809;8.239999771118164;1171100
2017-08-01;8.25;9.09000015258789;8.25;8.359999656677246;160200
2017-08-02;8.350000381469727;8.729999542236328;8.140000343322754;8.5;228300
2017-08-03;8.5;8.949999809265137;8.399999618530273;8.4399995803833;160000
2017-08-04;8.5;8.84000015258789;8.5;8.670000076293945;88500
2017-08-07;8.6899995803833;8.850000381469727;8.329999923706055;8.369999885559082;179700
2017-08-08;8.100000381469727;9.279999732971191;8.100000381469727;8.779999732971191;198500
2017-08-09;8.640000343322754;9.239999771118164;8.59000015258789;8.920000076293945;67500
2017-08-10;8.880000114440918;8.989999771118164;8.40999984741211;8.609999656677246;55200
2017-08-11;8.680000305175781;8.9399995803833;8.430000305175781;8.729999542236328;68900
2017-08-14;8.760000228881836;8.890000343322754;8.350000381469727;8.380000114440918;138500
2017-08-15;8.399999618530273;8.649999618530273;8.25;8.5600004196167;36900
2017-08-16;8.579999923706055;8.850000381469727;8.520000457763672;8.649999618530273;52000
2017-08-17;9.069999694824219;9.069999694824219;8.489999771118164;8.569999694824219;123700
2017-08-18;8.5;8.609999656677246;8.289999961853027;8.539999961853027;65200
2017-08-21;8.5;8.579999923706055;8.3100004196167;8.430000305175781;62600
2017-08-22;8.5;8.779999732971191;8.430000305175781;8.6899995803833;40500
2017-08-23;8.649999618530273;8.819999694824219;8.600000381469727;8.670000076293945;39200
2017-08-24;8.699999809265137;8.850000381469727;8.5;8.5;63300
2017-08-25;8.550000190734863;9.149999618530273;8.539999961853027;8.989999771118164;89500
2017-08-28;9.050000190734863;9.270000457763672;9.0;9.199999809265137;55900
2017-08-29;9.180000305175781;9.5;9.079999923706055;9.470000267028809;56600
2017-08-30;9.5;9.670000076293945;9.34000015258789;9.4399995803833;49500
2017-08-31;9.510000228881836;9.6899995803833;9.5;9.640000343322754;66500
2017-09-01;9.699999809265137;10.0;9.489999771118164;9.960000038146973;63000
2017-09-05;9.989999771118164;10.970000267028809;9.989999771118164;10.930000305175781;224300
2017-09-06;12.649999618530273;13.710000038146973;12.329999923706055;13.630000114440918;3632300
2017-09-07;13.949999809265137;14.4399995803833;13.460000038146973;14.369999885559082;762000
2017-09-08;14.449999809265137;14.9399995803833;14.1899995803833;14.59000015258789;371100
2017-09-11;14.949999809265137;14.949999809265137;13.260000228881836;14.850000381469727;347600
2017-09-12;14.949999809265137;15.0;14.119999885559082;14.319999694824219;187500
2017-09-13;14.390000343322754;15.8100004196167;14.289999961853027;15.239999771118164;280200
2017-09-14;15.25;16.1200008392334;15.170000076293945;15.869999885559082;227500
2017-09-15;15.920000076293945;16.5;15.770000457763672;16.350000381469727;553800
2017-09-18;16.489999771118164;17.420000076293945;16.059999465942383;17.360000610351562;354100
2017-09-19;17.360000610351562;17.5;16.56999969482422;17.149999618530273;327000
2017-09-20;17.149999618530273;17.84000015258789;16.90999984741211;17.5;296700
2017-09-21;17.6200008392334;18.020000457763672;17.25;17.719999313354492;323600
2017-09-22;17.850000381469727;17.959999084472656;17.34000015258789;17.5;254200
2017-09-25;18.329999923706055;19.670000076293945;17.809999465942383;18.139999389648438;750500
2017-09-26;18.450000762939453;18.450000762939453;17.56999969482422;17.65999984741211;308000
2017-09-27;17.969999313354492;18.280000686645508;17.700000762939453;17.920000076293945;479400
2017-09-28;18.040000915527344;19.790000915527344;17.860000610351562;19.530000686645508;541700
2017-09-29;19.6299991607666;22.280000686645508;19.420000076293945;20.59000015258789;666500
2017-10-02;21.079999923706055;22.950000762939453;20.799999237060547;22.760000228881836;460400
2017-10-03;22.6200008392334;22.90999984741211;21.350000381469727;22.010000228881836;344100
2017-10-04;22.209999084472656;22.3799991607666;20.15999984741211;20.25;305200
2017-10-05;20.90999984741211;21.40999984741211;19.309999465942383;20.43000030517578;484000
2017-10-06;20.450000762939453;20.760000228881836;19.739999771118164;20.709999084472656;319700
2017-10-09;20.969999313354492;21.34000015258789;19.93000030517578;20.239999771118164;174200
2017-10-10;20.280000686645508;20.93000030517578;19.93000030517578;20.760000228881836;151600
2017-10-11;20.729999542236328;24.25;20.6200008392334;24.0;536300
2017-10-12;24.530000686645508;25.889999389648438;24.5;25.8799991607666;1036900
2017-10-13;25.889999389648438;25.989999771118164;20.100000381469727;20.209999084472656;941500
2017-10-16;20.5;22.329999923706055;20.100000381469727;20.530000686645508;647600
2017-10-17;21.25;23.510000228881836;21.0;22.889999389648438;938500
2017-10-18;22.790000915527344;23.09000015258789;21.90999984741211;22.690000534057617;381000
2017-10-19;22.5;24.06999969482422;22.1200008392334;22.780000686645508;348600
2017-10-20;22.8799991607666;23.299999237060547;22.09000015258789;23.100000381469727;247900
2017-10-23;23.979999542236328;24.149999618530273;21.889999389648438;22.190000534057617;346300
2017-10-24;21.959999084472656;22.219999313354492;21.010000228881836;21.610000610351562;411300
2017-10-25;21.639999389648438;21.780000686645508;21.110000610351562;21.459999084472656;215900
2017-10-26;21.420000076293945;21.940000534057617;20.780000686645508;21.540000915527344;131600
2017-10-27;22.309999465942383;23.239999771118164;21.709999084472656;22.56999969482422;262600
2017-10-30;22.770000457763672;23.34000015258789;22.3799991607666;22.729999542236328;297800
2017-10-31;20.5;21.809999465942383;20.209999084472656;21.059999465942383;730800
2017-11-01;20.809999465942383;21.6299991607666;20.360000610351562;20.469999313354492;411600
2017-11-02;20.469999313354492;20.559999465942383;18.229999542236328;18.899999618530273;593300
2017-11-03;19.0;19.09000015258789;16.510000228881836;16.889999389648438;927200
2017-11-06;17.079999923706055;17.93000030517578;16.530000686645508;16.540000915527344;412400
2017-11-07;15.140000343322754;15.390000343322754;13.210000038146973;13.380000114440918;1751600
2017-11-08;11.960000038146973;13.6899995803833;11.960000038146973;12.850000381469727;4735800
2017-11-09;12.899999618530273;13.960000038146973;12.630000114440918;13.430000305175781;1083600
2017-11-10;13.1899995803833;13.8100004196167;12.920000076293945;13.600000381469727;1005100
2017-11-13;13.720000267028809;13.720000267028809;12.25;12.260000228881836;680700
2017-11-14;12.279999732971191;13.0;11.539999961853027;12.350000381469727;1069600
2017-11-15;12.25;13.75;12.140000343322754;13.59000015258789;998700
2017-11-16;13.369999885559082;13.770000457763672;13.25;13.5;611700
2017-11-17;13.449999809265137;13.850000381469727;12.550000190734863;12.949999809265137;1113600
2017-11-20;13.029999732971191;14.149999618530273;12.670000076293945;13.880000114440918;588400
2017-11-21;13.9399995803833;14.550000190734863;13.460000038146973;13.899999618530273;643700
2017-11-22;13.960000038146973;14.350000381469727;13.729999542236328;14.180000305175781;329700
2017-11-24;14.119999885559082;14.8100004196167;13.819999694824219;14.399999618530273;240300
2017-11-27;14.5;14.609999656677246;13.270000457763672;13.350000381469727;406500
2017-11-28;13.600000381469727;13.8100004196167;12.930000305175781;13.630000114440918;425900
2017-11-29;13.670000076293945;13.920000076293945;13.25;13.90999984741211;296400
2017-11-30;13.930000305175781;14.880000114440918;13.829999923706055;14.630000114440918;697000
2017-12-01;14.649999618530273;14.9399995803833;13.65999984741211;14.4399995803833;354900
2017-12-04;14.640000343322754;14.640000343322754;13.729999542236328;13.829999923706055;406900
2017-12-05;13.770000457763672;14.350000381469727;13.25;13.279999732971191;400800
2017-12-06;13.270000457763672;13.479999542236328;12.970000267028809;13.119999885559082;417600
2017-12-07;13.1899995803833;14.069999694824219;13.0;13.739999771118164;277400
2017-12-08;13.739999771118164;13.970000267028809;13.369999885559082;13.770000457763672;376100
2017-12-11;13.789999961853027;14.109999656677246;13.279999732971191;13.600000381469727;345900
2017-12-12;13.630000114440918;14.069999694824219;13.279999732971191;13.359999656677246;273100
2017-12-13;13.399999618530273;15.149999618530273;13.399999618530273;14.619999885559082;626700
2017-12-14;14.579999923706055;14.710000038146973;13.729999542236328;13.880000114440918;335000
2017-12-15;13.970000267028809;15.0;13.829999923706055;14.760000228881836;1137400
2017-12-18;14.9399995803833;15.729999542236328;13.949999809265137;14.029999732971191;439900
2017-12-19;14.09000015258789;14.84000015258789;13.949999809265137;14.15999984741211;349000
2017-12-20;14.699999809265137;15.920000076293945;14.170000076293945;15.739999771118164;586300
2017-12-21;15.699999809265137;15.729999542236328;14.75;15.579999923706055;544600
2017-12-22;15.4399995803833;16.350000381469727;15.210000038146973;16.299999237060547;278400
2017-12-26;16.270000457763672;17.100000381469727;16.170000076293945;16.549999237060547;273800
2017-12-27;16.549999237060547;17.040000915527344;16.3700008392334;16.809999465942383;227700
2017-12-28;16.889999389648438;17.469999313354492;16.809999465942383;16.959999084472656;281800
2017-12-29;16.989999771118164;17.229999542236328;16.40999984741211;16.600000381469727;288800
2018-01-02;16.40999984741211;17.90999984741211;16.40999984741211;17.6299991607666;311900
2018-01-03;17.700000762939453;18.350000381469727;17.329999923706055;18.170000076293945;391000
2018-01-04;18.190000534057617;18.260000228881836;17.31999969482422;17.90999984741211;385400
2018-01-05;17.90999984741211;18.239999771118164;17.399999618530273;17.860000610351562;335600
2018-01-08;17.989999771118164;17.989999771118164;15.859999656677246;16.15999984741211;334400
2018-01-09;16.440000534057617;16.719999313354492;16.18000030517578;16.559999465942383;180800
2018-01-10;16.399999618530273;17.469999313354492;16.399999618530273;17.399999618530273;241400
2018-01-11;17.5;18.450000762939453;16.860000610351562;18.270000457763672;314100
2018-01-12;18.219999313354492;18.65999984741211;18.049999237060547;18.3799991607666;212500
2018-01-16;18.40999984741211;18.760000228881836;17.110000610351562;17.469999313354492;250100
2018-01-17;17.709999084472656;18.290000915527344;17.420000076293945;18.149999618530273;221200
2018-01-18;18.049999237060547;18.6200008392334;17.6299991607666;18.520000457763672;174700
2018-01-19;18.530000686645508;18.799999237060547;18.420000076293945;18.670000076293945;239700
2018-01-22;18.75;20.329999923706055;18.670000076293945;20.229999542236328;456300
2018-01-23;21.59000015258789;22.010000228881836;19.920000076293945;21.06999969482422;726200
2018-01-24;21.190000534057617;21.190000534057617;20.239999771118164;20.899999618530273;276800
2018-01-25;21.290000915527344;21.8799991607666;21.0;21.700000762939453;201400
2018-01-26;21.799999237060547;21.889999389648438;21.040000915527344;21.850000381469727;138900
2018-01-29;21.850000381469727;23.09000015258789;21.790000915527344;22.690000534057617;321400
2018-01-30;22.200000762939453;22.43000030517578;20.56999969482422;21.290000915527344;365300
2018-01-31;21.450000762939453;21.670000076293945;20.18000030517578;20.639999389648438;342100
2018-02-01;20.6299991607666;20.6299991607666;18.5;19.31999969482422;415900
2018-02-02;20.940000534057617;20.940000534057617;18.739999771118164;18.760000228881836;445100
2018-02-05;18.65999984741211;19.719999313354492;17.670000076293945;18.399999618530273;413200
2018-02-06;17.899999618530273;19.450000762939453;17.770000457763672;19.06999969482422;266400
2018-02-07;18.93000030517578;19.649999618530273;18.40999984741211;18.8700008392334;211000
2018-02-08;19.059999465942383;19.350000381469727;18.0;18.010000228881836;251100
2018-02-09;18.200000762939453;18.309999465942383;16.829999923706055;18.18000030517578;216200
2018-02-12;18.239999771118164;19.309999465942383;18.1200008392334;18.68000030517578;224700
2018-02-13;18.520000457763672;19.079999923706055;18.010000228881836;18.899999618530273;145800
2018-02-14;18.600000381469727;19.649999618530273;18.31999969482422;18.989999771118164;198400
2018-02-15;19.079999923706055;19.450000762939453;18.649999618530273;19.170000076293945;178600
2018-02-16;19.149999618530273;19.719999313354492;19.059999465942383;19.360000610351562;169700
2018-02-20;21.670000076293945;24.81999969482422;21.670000076293945;23.65999984741211;1328900
2018-02-21;24.299999237060547;28.25;23.299999237060547;27.31999969482422;1323000
2018-02-22;27.290000915527344;28.940000534057617;25.649999618530273;25.860000610351562;789700
2018-02-23;26.1299991607666;28.829999923706055;25.719999313354492;28.75;524600
2018-02-26;29.219999313354492;30.829999923706055;28.8700008392334;29.799999237060547;498100
2018-02-27;29.81999969482422;30.360000610351562;28.459999084472656;28.600000381469727;453600
2018-02-28;28.790000915527344;29.56999969482422;28.420000076293945;28.729999542236328;487700
2018-03-01;28.780000686645508;30.239999771118164;27.729999542236328;29.549999237060547;373500
2018-03-02;29.190000534057617;30.700000762939453;28.760000228881836;30.09000015258789;507900
2018-03-05;30.0;31.90999984741211;29.639999389648438;31.260000228881836;382200
2018-03-06;31.260000228881836;31.81999969482422;30.110000610351562;31.309999465942383;284600
2018-03-07;30.899999618530273;31.079999923706055;28.0;28.719999313354492;656500
2018-03-08;29.0;29.0;26.610000610351562;26.920000076293945;639000
2018-03-09;27.399999618530273;29.670000076293945;25.139999389648438;26.889999389648438;1443600
2018-03-12;25.15999984741211;25.5;22.420000076293945;24.280000686645508;1360100
2018-03-13;25.15999984741211;25.15999984741211;23.760000228881836;24.260000228881836;431500
2018-03-14;25.579999923706055;27.0;23.049999237060547;23.15999984741211;698200
2018-03-15;23.0;23.260000228881836;21.09000015258789;21.860000610351562;652400
2018-03-16;22.0;22.65999984741211;21.239999771118164;21.81999969482422;1304100
2018-03-19;21.760000228881836;22.09000015258789;20.899999618530273;21.049999237060547;380400
2018-03-20;21.079999923706055;21.3799991607666;20.299999237060547;21.18000030517578;482100
2018-03-21;20.56999969482422;21.5;20.25;20.809999465942383;660000
2018-03-22;20.510000228881836;21.420000076293945;20.200000762939453;20.5;367500
2018-03-23;20.649999618530273;20.959999084472656;19.40999984741211;19.540000915527344;304800
2018-03-26;19.899999618530273;20.190000534057617;19.219999313354492;20.09000015258789;426700
2018-03-27;20.030000686645508;20.030000686645508;17.899999618530273;18.030000686645508;378900
2018-03-28;18.0;18.6299991607666;17.600000381469727;18.31999969482422;346700
2018-03-29;18.600000381469727;19.149999618530273;17.639999389648438;18.790000915527344;331500
2018-04-02;18.75;19.270000457763672;18.040000915527344;18.15999984741211;446700
2018-04-03;18.40999984741211;18.950000762939453;17.729999542236328;18.219999313354492;308100
2018-04-04;17.799999237060547;19.350000381469727;17.600000381469727;19.239999771118164;331200
2018-04-05;19.43000030517578;19.43000030517578;17.610000610351562;18.1299991607666;304500
2018-04-06;17.93000030517578;18.1299991607666;17.149999618530273;17.3700008392334;214500
2018-04-09;18.110000610351562;18.8799991607666;17.739999771118164;18.049999237060547;332300
2018-04-10;18.56999969482422;19.350000381469727;18.0;19.229999542236328;446800
2018-04-11;19.219999313354492;21.90999984741211;19.219999313354492;19.5;696600
2018-04-12;19.780000686645508;20.760000228881836;19.1200008392334;19.65999984741211;321700
2018-04-13;19.739999771118164;19.739999771118164;18.610000610351562;18.75;218200
2018-04-16;18.989999771118164;19.06999969482422;18.059999465942383;18.68000030517578;262800
2018-04-17;18.799999237060547;19.34000015258789;18.469999313354492;19.18000030517578;256000
2018-04-18;19.299999237060547;19.520000457763672;18.579999923706055;18.600000381469727;335400
2018-04-19;18.6299991607666;18.8799991607666;17.760000228881836;17.850000381469727;403600
2018-04-20;17.899999618530273;19.059999465942383;17.59000015258789;18.530000686645508;647300
2018-04-23;18.690000534057617;19.170000076293945;17.65999984741211;17.950000762939453;625000
2018-04-24;18.010000228881836;18.25;17.6200008392334;17.739999771118164;267300
2018-04-25;17.770000457763672;18.059999465942383;17.18000030517578;17.850000381469727;197500
2018-04-26;17.84000015258789;18.90999984741211;17.84000015258789;18.709999084472656;252100
2018-04-27;18.780000686645508;19.0;18.31999969482422;18.6200008392334;124400
2018-04-30;18.770000457763672;18.90999984741211;18.139999389648438;18.15999984741211;302900
2018-05-01;18.280000686645508;19.229999542236328;18.239999771118164;18.93000030517578;250800
2018-05-02;18.899999618530273;19.610000610351562;18.68000030517578;18.829999923706055;200500
2018-05-03;18.75;19.059999465942383;18.200000762939453;18.43000030517578;138200
2018-05-04;18.40999984741211;19.1200008392334;18.40999984741211;18.770000457763672;180300
2018-05-07;18.920000076293945;19.90999984741211;18.469999313354492;18.959999084472656;367000
2018-05-08;19.0;19.479999542236328;17.719999313354492;17.989999771118164;239600
2018-05-09;17.989999771118164;19.170000076293945;17.8700008392334;19.030000686645508;213700
2018-05-10;18.920000076293945;18.920000076293945;16.399999618530273;16.760000228881836;800500
2018-05-11;17.989999771118164;18.8700008392334;17.510000228881836;18.209999084472656;740300
2018-05-14;18.34000015258789;19.709999084472656;18.34000015258789;19.40999984741211;568800
2018-05-15;19.139999389648438;21.43000030517578;18.93000030517578;20.549999237060547;569000
2018-05-16;20.649999618530273;21.56999969482422;20.09000015258789;20.25;516500
2018-05-17;20.290000915527344;21.670000076293945;20.18000030517578;20.329999923706055;660800
2018-05-18;20.280000686645508;20.450000762939453;18.270000457763672;18.760000228881836;894300
2018-05-21;19.079999923706055;19.260000228881836;17.959999084472656;18.6299991607666;468900
2018-05-22;18.739999771118164;18.75;18.0;18.579999923706055;461600
2018-05-23;18.260000228881836;19.270000457763672;18.06999969482422;18.940000534057617;346500
2018-05-24;18.950000762939453;19.940000534057617;18.920000076293945;19.780000686645508;236200
2018-05-25;19.81999969482422;20.18000030517578;19.700000762939453;19.780000686645508;142700
2018-05-29;19.899999618530273;20.739999771118164;19.729999542236328;20.280000686645508;297000
2018-05-30;20.1299991607666;20.829999923706055;19.600000381469727;19.729999542236328;419100
2018-05-31;19.68000030517578;20.200000762939453;19.450000762939453;19.8700008392334;228300
2018-06-01;20.1299991607666;20.709999084472656;19.93000030517578;20.40999984741211;202300
2018-06-04;22.270000457763672;22.700000762939453;19.8799991607666;21.139999389648438;644700
2018-06-05;20.979999542236328;21.8700008392334;20.479999542236328;21.649999618530273;386200
2018-06-06;21.40999984741211;22.979999542236328;21.229999542236328;22.5;346100
2018-06-07;22.3700008392334;22.850000381469727;21.549999237060547;22.5;354800
2018-06-08;22.299999237060547;22.690000534057617;21.889999389648438;22.3700008392334;250900
2018-06-11;22.239999771118164;22.40999984741211;20.450000762939453;20.790000915527344;580400
2018-06-12;20.68000030517578;21.25;20.350000381469727;21.040000915527344;202300
2018-06-13;21.049999237060547;21.799999237060547;20.809999465942383;21.59000015258789;291500
2018-06-14;21.75;22.139999389648438;21.479999542236328;21.639999389648438;299700
2018-06-15;21.579999923706055;21.760000228881836;21.239999771118164;21.56999969482422;1135800
2018-06-18;21.280000686645508;21.56999969482422;20.780000686645508;21.43000030517578;281200
2018-06-19;21.149999618530273;21.790000915527344;20.90999984741211;21.770000457763672;235000
2018-06-20;21.40999984741211;21.809999465942383;20.770000457763672;21.170000076293945;375400
2018-06-21;23.0;23.889999389648438;21.15999984741211;22.5;1711900
2018-06-22;22.719999313354492;22.979999542236328;22.049999237060547;22.899999618530273;1866900
2018-06-25;22.719999313354492;24.239999771118164;22.5;23.459999084472656;867100
2018-06-26;23.540000915527344;24.200000762939453;22.770000457763672;23.920000076293945;802900
2018-06-27;23.920000076293945;24.239999771118164;21.75;21.760000228881836;713700
2018-06-28;21.850000381469727;21.969999313354492;19.780000686645508;20.299999237060547;1169700
2018-06-29;21.15999984741211;21.700000762939453;19.149999618530273;19.540000915527344;754100
2018-07-02;19.1200008392334;20.15999984741211;18.5;19.100000381469727;667500
2018-07-03;19.239999771118164;19.6200008392334;18.93000030517578;19.360000610351562;157500
2018-07-05;19.079999923706055;19.530000686645508;18.510000228881836;19.420000076293945;422100
2018-07-06;19.40999984741211;20.329999923706055;19.40999984741211;19.700000762939453;358300
2018-07-09;19.8799991607666;20.360000610351562;18.299999237060547;18.450000762939453;558900
2018-07-10;18.450000762939453;19.010000228881836;18.100000381469727;18.43000030517578;602100
2018-07-11;18.280000686645508;18.399999618530273;17.579999923706055;18.170000076293945;450100
2018-07-12;18.149999618530273;18.5;17.709999084472656;18.010000228881836;480800
2018-07-13;18.059999465942383;18.600000381469727;17.290000915527344;18.290000915527344;736400
2018-07-16;18.239999771118164;18.479999542236328;17.31999969482422;18.030000686645508;350400
2018-07-17;19.31999969482422;20.030000686645508;18.6200008392334;19.899999618530273;812100
2018-07-18;19.350000381469727;19.579999923706055;18.110000610351562;18.219999313354492;556900
2018-07-19;18.09000015258789;18.469999313354492;17.860000610351562;18.34000015258789;408200
2018-07-20;18.309999465942383;19.809999465942383;18.309999465942383;18.700000762939453;723400
2018-07-23;18.649999618530273;19.690000534057617;18.40999984741211;19.3700008392334;430000
2018-07-24;19.59000015258789;20.110000610351562;18.600000381469727;18.729999542236328;500400
2018-07-25;18.6200008392334;19.389999389648438;18.329999923706055;18.5;287700
2018-07-26;18.549999237060547;19.200000762939453;18.18000030517578;18.950000762939453;229000
2018-07-27;19.100000381469727;19.100000381469727;18.010000228881836;18.450000762939453;306800
2018-07-30;18.520000457763672;18.760000228881836;18.040000915527344;18.270000457763672;266800
2018-07-31;18.399999618530273;19.299999237060547;18.110000610351562;18.860000610351562;435200
2018-08-01;18.770000457763672;19.719999313354492;18.5;19.15999984741211;316800
2018-08-02;19.149999618530273;19.700000762939453;19.0;19.68000030517578;251100
2018-08-03;19.149999618530273;19.65999984741211;19.149999618530273;19.360000610351562;159900
2018-08-06;19.3799991607666;20.440000534057617;19.010000228881836;20.299999237060547;244200
2018-08-07;20.139999389648438;20.450000762939453;19.8700008392334;20.18000030517578;256600
2018-08-08;18.8700008392334;19.329999923706055;16.6200008392334;17.110000610351562;1014500
2018-08-09;17.40999984741211;19.280000686645508;17.31999969482422;18.3799991607666;406800
2018-08-10;18.239999771118164;18.350000381469727;17.700000762939453;18.15999984741211;279700
2018-08-13;18.270000457763672;18.399999618530273;17.510000228881836;17.700000762939453;321200
2018-08-14;17.790000915527344;18.25;17.440000534057617;18.09000015258789;332400
2018-08-15;18.06999969482422;18.510000228881836;17.920000076293945;18.280000686645508;239400
2018-08-16;18.329999923706055;18.59000015258789;18.0;18.239999771118164;176300
2018-08-17;18.309999465942383;19.360000610351562;18.260000228881836;19.309999465942383;352300
2018-08-20;19.31999969482422;19.799999237060547;18.940000534057617;19.700000762939453;253900
2018-08-21;19.81999969482422;20.40999984741211;19.600000381469727;19.809999465942383;271800
2018-08-22;20.25;21.43000030517578;20.219999313354492;21.06999969482422;355900
2018-08-23;21.139999389648438;21.6299991607666;20.809999465942383;21.5;200200
2018-08-24;21.670000076293945;22.290000915527344;21.1200008392334;21.489999771118164;236600
2018-08-27;21.559999465942383;22.200000762939453;21.309999465942383;21.530000686645508;185600
2018-08-28;21.530000686645508;21.8799991607666;20.459999084472656;21.170000076293945;281600
2018-08-29;19.93000030517578;21.639999389648438;19.920000076293945;21.200000762939453;317400
2018-08-30;21.25;21.579999923706055;21.18000030517578;21.389999389648438;170500
2018-08-31;21.469999313354492;21.860000610351562;21.229999542236328;21.739999771118164;155300
2018-09-04;21.739999771118164;21.799999237060547;20.860000610351562;21.40999984741211;147700
2018-09-05;21.399999618530273;21.399999618530273;20.670000076293945;20.979999542236328;136900
2018-09-06;20.940000534057617;21.1200008392334;19.450000762939453;19.559999465942383;276800
2018-09-07;19.40999984741211;19.950000762939453;19.040000915527344;19.309999465942383;286200
2018-09-10;19.389999389648438;19.950000762939453;19.0;19.040000915527344;226900
2018-09-11;19.079999923706055;19.170000076293945;18.219999313354492;18.440000534057617;257600
2018-09-12;18.440000534057617;18.760000228881836;18.100000381469727;18.610000610351562;137200
2018-09-13;19.229999542236328;19.649999618530273;18.920000076293945;19.549999237060547;294300
2018-09-14;19.59000015258789;19.84000015258789;18.950000762939453;19.540000915527344;322400
2018-09-17;19.43000030517578;19.540000915527344;18.43000030517578;18.600000381469727;222900
2018-09-18;18.600000381469727;18.760000228881836;18.209999084472656;18.389999389648438;193700
2018-09-19;18.100000381469727;18.600000381469727;17.690000534057617;18.020000457763672;294600
2018-09-20;18.1299991607666;18.510000228881836;18.059999465942383;18.479999542236328;165900
2018-09-21;18.450000762939453;18.639999389648438;17.8799991607666;18.209999084472656;408700
2018-09-24;18.360000610351562;18.600000381469727;17.959999084472656;18.219999313354492;161000
2018-09-25;18.200000762939453;18.43000030517578;17.950000762939453;18.270000457763672;381500
2018-09-26;18.350000381469727;18.84000015258789;18.020000457763672;18.639999389648438;245400
2018-09-27;18.579999923706055;19.15999984741211;18.549999237060547;18.780000686645508;190500
2018-09-28;18.719999313354492;19.1200008392334;18.15999984741211;18.920000076293945;305900
2018-10-01;18.899999618530273;19.149999618530273;17.889999389648438;18.049999237060547;257800
2018-10-02;18.1299991607666;18.139999389648438;15.649999618530273;16.989999771118164;769300
2018-10-03;17.09000015258789;18.170000076293945;16.959999084472656;18.0;275900
2018-10-04;17.920000076293945;17.950000762939453;16.950000762939453;17.219999313354492;295000
2018-10-05;17.229999542236328;17.809999465942383;16.350000381469727;16.670000076293945;230000
2018-10-08;16.649999618530273;17.149999618530273;16.290000915527344;16.950000762939453;226900
2018-10-09;16.75;17.81999969482422;16.579999923706055;16.729999542236328;264300
2018-10-10;16.690000534057617;17.139999389648438;16.1299991607666;16.280000686645508;266200
2018-10-11;16.170000076293945;16.8799991607666;15.369999885559082;15.699999809265137;506900
2018-10-12;16.030000686645508;16.450000762939453;15.760000228881836;16.1299991607666;256400
2018-10-15;16.079999923706055;16.18000030517578;15.0;15.170000076293945;417000
2018-10-16;15.289999961853027;16.1200008392334;15.199999809265137;16.0;432300
2018-10-17;16.030000686645508;16.190000534057617;15.65999984741211;16.010000228881836;181200
2018-10-18;15.899999618530273;16.010000228881836;14.949999809265137;15.149999618530273;330800
2018-10-19;15.1899995803833;15.65999984741211;15.100000381469727;15.359999656677246;687500
2018-10-22;15.449999809265137;15.449999809265137;14.539999961853027;15.039999961853027;206800
2018-10-23;14.670000076293945;15.65999984741211;14.25;15.1899995803833;190700
2018-10-24;15.239999771118164;15.699999809265137;13.880000114440918;13.90999984741211;315400
2018-10-25;13.90999984741211;14.880000114440918;13.699999809265137;14.510000228881836;243700
2018-10-26;14.199999809265137;14.5;13.539999961853027;13.989999771118164;311400
2018-10-29;14.25;14.369999885559082;13.109999656677246;13.40999984741211;186800
2018-10-30;13.3100004196167;13.739999771118164;13.15999984741211;13.65999984741211;156800
2018-10-31;13.800000190734863;14.239999771118164;13.550000190734863;13.569999694824219;296000
2018-11-01;13.65999984741211;14.300000190734863;13.539999961853027;13.899999618530273;376100
2018-11-02;14.119999885559082;14.760000228881836;13.920000076293945;14.140000343322754;223000
2018-11-05;14.039999961853027;14.329999923706055;13.65999984741211;14.09000015258789;209900
2018-11-06;14.029999732971191;14.199999809265137;13.539999961853027;13.630000114440918;195000
2018-11-07;13.729999542236328;14.140000343322754;13.510000228881836;13.989999771118164;348900
2018-11-08;11.199999809265137;13.449999809265137;11.0;12.319999694824219;1322100
2018-11-09;12.3100004196167;12.6899995803833;11.720000267028809;12.319999694824219;464500
2018-11-12;12.239999771118164;12.350000381469727;11.390000343322754;11.510000228881836;356700
2018-11-13;11.520000457763672;12.199999809265137;11.520000457763672;11.800000190734863;510900
2018-11-14;11.899999618530273;11.989999771118164;10.899999618530273;11.25;347800
2018-11-15;12.430000305175781;12.640000343322754;11.75;12.180000305175781;497200
2018-11-16;12.100000381469727;12.529999732971191;11.880000114440918;12.449999809265137;267300
2018-11-19;12.25;12.670000076293945;11.520000457763672;11.59000015258789;364500
2018-11-20;11.369999885559082;12.149999618530273;11.069999694824219;11.609999656677246;261800
2018-11-21;11.789999961853027;11.970000267028809;11.460000038146973;11.859999656677246;207700
2018-11-23;11.779999732971191;12.430000305175781;11.779999732971191;11.890000343322754;198300
2018-11-26;12.010000228881836;12.1899995803833;11.720000267028809;12.069999694824219;175600
2018-11-27;12.0;12.300000190734863;11.199999809265137;11.220000267028809;397400
2018-11-28;11.329999923706055;11.699999809265137;11.09000015258789;11.6899995803833;296000
2018-11-29;11.680000305175781;12.279999732971191;11.5;11.529999732971191;280700
2018-11-30;11.5;11.850000381469727;11.260000228881836;11.399999618530273;186100
2018-12-03;11.729999542236328;11.729999542236328;11.289999961853027;11.649999618530273;281600
2018-12-04;11.640000343322754;11.979999542236328;10.770000457763672;10.899999618530273;349400
2018-12-06;10.789999961853027;11.020000457763672;10.3100004196167;10.65999984741211;277800
2018-12-07;10.619999885559082;11.100000381469727;10.489999771118164;10.729999542236328;253000
2018-12-10;10.8100004196167;11.079999923706055;10.520000457763672;11.039999961853027;243700
2018-12-11;11.220000267028809;11.329999923706055;10.819999694824219;11.15999984741211;215400
2018-12-12;11.210000038146973;11.609999656677246;10.869999885559082;11.180000305175781;316800
2018-12-13;11.1899995803833;11.319999694824219;10.489999771118164;10.520000457763672;245800
2018-12-14;10.460000038146973;10.6899995803833;9.970000267028809;10.020000457763672;312600
2018-12-17;10.0;10.149999618530273;9.390000343322754;9.800000190734863;375000
2018-12-18;9.899999618530273;9.90999984741211;8.979999542236328;9.630000114440918;813200
2018-12-19;9.65999984741211;10.039999961853027;9.220000267028809;9.539999961853027;294500
2018-12-20;9.539999961853027;9.729999542236328;9.050000190734863;9.390000343322754;370900
2018-12-21;9.390000343322754;9.680000305175781;8.6899995803833;8.729999542236328;1597900
2018-12-24;8.569999694824219;8.880000114440918;8.390000343322754;8.59000015258789;164500
2018-12-26;8.720000267028809;9.34000015258789;8.300000190734863;9.270000457763672;253000
2018-12-27;9.09000015258789;9.350000381469727;8.600000381469727;8.979999542236328;383100
2018-12-28;9.0;9.350000381469727;8.760000228881836;9.119999885559082;323500
2018-12-31;9.119999885559082;9.600000381469727;9.0600004196167;9.399999618530273;271700
2019-01-02;9.25;9.539999961853027;8.949999809265137;9.420000076293945;268100
2019-01-03;9.3100004196167;9.470000267028809;8.84000015258789;8.890000343322754;227700
2019-01-04;9.079999923706055;9.640000343322754;8.9399995803833;9.470000267028809;310100
2019-01-07;9.529999732971191;10.039999961853027;9.239999771118164;9.359999656677246;367700
2019-01-08;9.510000228881836;9.899999618530273;9.289999961853027;9.489999771118164;345500
2019-01-09;9.529999732971191;9.739999771118164;9.300000190734863;9.460000038146973;176500
2019-01-10;9.329999923706055;9.4399995803833;9.039999961853027;9.260000228881836;125800
2019-01-11;9.220000267028809;9.300000190734863;9.039999961853027;9.100000381469727;187200
2019-01-14;9.050000190734863;9.260000228881836;8.90999984741211;8.920000076293945;156900
2019-01-15;8.960000038146973;9.119999885559082;8.75;8.789999961853027;173500
2019-01-16;8.789999961853027;8.829999923706055;8.449999809265137;8.539999961853027;222500
2019-01-17;8.510000228881836;8.819999694824219;8.449999809265137;8.5;232500
2019-01-18;8.479999542236328;8.510000228881836;8.079999923706055;8.260000228881836;208100
2019-01-22;8.25;8.3100004196167;7.889999866485596;8.199999809265137;356300
2019-01-23;8.260000228881836;8.670000076293945;8.09000015258789;8.210000038146973;283200
2019-01-24;8.1899995803833;8.350000381469727;7.760000228881836;8.0;268100
2019-01-25;8.039999961853027;8.539999961853027;7.940000057220459;8.449999809265137;517800
2019-01-28;8.4399995803833;8.449999809265137;7.889999866485596;8.039999961853027;383100
2019-01-29;11.239999771118164;13.100000381469727;10.399999618530273;11.119999885559082;6218400
2019-01-30;11.010000228881836;11.050000190734863;10.100000381469727;10.520000457763672;1293000
2019-01-31;10.300000190734863;10.8100004196167;10.0;10.489999771118164;510000
2019-02-01;10.510000228881836;10.859999656677246;10.199999809265137;10.550000190734863;732800
2019-02-04;10.640000343322754;10.800000190734863;10.479999542236328;10.710000038146973;313600
2019-02-05;10.770000457763672;11.09000015258789;10.420000076293945;10.760000228881836;221800
2019-02-06;10.770000457763672;11.260000228881836;10.600000381469727;11.079999923706055;244000
2019-02-07;10.979999542236328;11.390000343322754;10.729999542236328;10.90999984741211;255200
2019-02-08;10.890000343322754;10.960000038146973;10.460000038146973;10.720000267028809;214600
2019-02-11;10.710000038146973;10.800000190734863;10.520000457763672;10.550000190734863;153900
2019-02-12;10.630000114440918;10.880000114440918;10.550000190734863;10.770000457763672;116600
2019-02-13;10.8100004196167;10.850000381469727;10.550000190734863;10.649999618530273;121000
2019-02-14;10.65999984741211;10.739999771118164;10.550000190734863;10.640000343322754;143900
2019-02-15;10.720000267028809;10.789999961853027;10.5;10.729999542236328;153800
2019-02-19;10.739999771118164;10.880000114440918;10.630000114440918;10.779999732971191;144600
2019-02-20;10.8100004196167;11.220000267028809;10.760000228881836;10.890000343322754;161100
2019-02-21;10.880000114440918;11.0;10.510000228881836;10.680000305175781;150600
2019-02-22;12.899999618530273;13.670000076293945;12.369999885559082;13.119999885559082;1670400
2019-02-25;13.8100004196167;14.859999656677246;13.729999542236328;13.859999656677246;1157100
2019-02-26;13.869999885559082;14.289999961853027;13.380000114440918;13.869999885559082;496400
2019-02-27;13.779999732971191;15.489999771118164;13.779999732971191;15.460000038146973;843600
2019-02-28;15.460000038146973;15.6899995803833;14.5;15.0;557200
2019-03-01;15.010000228881836;16.56999969482422;14.84000015258789;16.5;798100
2019-03-04;17.329999923706055;18.649999618530273;17.1299991607666;18.190000534057617;1270000
2019-03-05;18.1200008392334;18.68000030517578;17.579999923706055;17.760000228881836;679400
2019-03-06;17.989999771118164;18.0;16.600000381469727;16.81999969482422;720800
2019-03-07;16.920000076293945;17.75;16.56999969482422;17.31999969482422;447800
2019-03-08;17.049999237060547;17.389999389648438;16.729999542236328;17.309999465942383;329500
2019-03-11;17.3700008392334;18.610000610351562;17.309999465942383;18.56999969482422;778600
2019-03-12;18.719999313354492;18.90999984741211;17.40999984741211;17.510000228881836;897200
2019-03-13;17.700000762939453;17.889999389648438;17.530000686645508;17.709999084472656;430900
2019-03-14;17.709999084472656;17.93000030517578;17.530000686645508;17.600000381469727;485700
2019-03-15;17.700000762939453;19.829999923706055;17.670000076293945;19.65999984741211;1822400
2019-03-18;19.799999237060547;19.799999237060547;18.700000762939453;18.899999618530273;581000
2019-03-19;18.920000076293945;19.100000381469727;18.06999969482422;18.40999984741211;470700
2019-03-20;18.190000534057617;18.56999969482422;17.90999984741211;18.09000015258789;313000
2019-03-21;17.59000015258789;19.059999465942383;17.389999389648438;18.75;422300
2019-03-22;18.639999389648438;19.25;17.81999969482422;17.969999313354492;656900
2019-03-25;17.899999618530273;19.399999618530273;17.639999389648438;19.139999389648438;550700
2019-03-26;19.34000015258789;19.489999771118164;18.780000686645508;19.290000915527344;315000
2019-03-27;19.270000457763672;19.280000686645508;18.600000381469727;18.75;448000
2019-03-28;18.81999969482422;19.209999084472656;18.520000457763672;18.989999771118164;335300
2019-03-29;19.190000534057617;19.239999771118164;18.549999237060547;19.139999389648438;559100
2019-04-01;19.350000381469727;20.149999618530273;19.1200008392334;19.790000915527344;512500
2019-04-02;19.8799991607666;21.850000381469727;19.760000228881836;21.25;978800
2019-04-03;21.6200008392334;22.639999389648438;21.110000610351562;21.700000762939453;767500
2019-04-04;21.579999923706055;21.579999923706055;20.229999542236328;20.84000015258789;464400
2019-04-05;20.989999771118164;22.139999389648438;20.450000762939453;20.829999923706055;566200
2019-04-08;20.8700008392334;21.389999389648438;20.3799991607666;20.709999084472656;463900
2019-04-09;20.610000610351562;20.889999389648438;20.40999984741211;20.5;348000
2019-04-10;20.530000686645508;21.56999969482422;20.18000030517578;21.479999542236328;329700
2019-04-11;21.510000228881836;21.969999313354492;21.049999237060547;21.389999389648438;262700
2019-04-12;21.549999237060547;21.739999771118164;20.31999969482422;20.65999984741211;349400
2019-04-15;20.809999465942383;21.229999542236328;19.709999084472656;19.989999771118164;319700
2019-04-16;20.110000610351562;20.950000762939453;19.84000015258789;20.420000076293945;555300
2019-04-17;20.399999618530273;20.43000030517578;18.90999984741211;19.329999923706055;455600
2019-04-18;19.229999542236328;19.809999465942383;18.729999542236328;19.18000030517578;329700
2019-04-22;19.170000076293945;19.81999969482422;18.950000762939453;19.68000030517578;203700
2019-04-23;19.690000534057617;20.950000762939453;19.6200008392334;20.760000228881836;240400
2019-04-24;20.770000457763672;21.219999313354492;20.239999771118164;21.010000228881836;242400
2019-04-25;20.940000534057617;21.450000762939453;20.6299991607666;21.1299991607666;249100
2019-04-26;21.1299991607666;21.5;20.690000534057617;21.3700008392334;222000
2019-04-29;21.40999984741211;22.6299991607666;21.3700008392334;21.59000015258789;410500
2019-04-30;21.3799991607666;22.3700008392334;21.049999237060547;21.100000381469727;466300
2019-05-01;21.1200008392334;21.440000534057617;20.719999313354492;20.850000381469727;299000
2019-05-02;20.770000457763672;21.8799991607666;20.770000457763672;21.600000381469727;252700
2019-05-03;21.780000686645508;22.790000915527344;21.700000762939453;22.510000228881836;464900
2019-05-06;22.420000076293945;24.600000381469727;22.170000076293945;24.040000915527344;601900
2019-05-07;23.920000076293945;24.209999084472656;22.889999389648438;23.520000457763672;403500
2019-05-08;24.110000610351562;25.25;23.600000381469727;24.489999771118164;648000
2019-05-09;24.0;24.43000030517578;23.56999969482422;23.760000228881836;343200
2019-05-10;23.450000762939453;24.579999923706055;23.3799991607666;24.43000030517578;459800
2019-05-13;23.729999542236328;24.020000457763672;21.8799991607666;22.6299991607666;497700
2019-05-14;22.799999237060547;24.030000686645508;22.3700008392334;23.780000686645508;339900
2019-05-15;23.43000030517578;24.15999984741211;23.389999389648438;23.690000534057617;256200
2019-05-16;24.020000457763672;25.739999771118164;23.700000762939453;24.479999542236328;1011700
2019-05-17;24.15999984741211;24.670000076293945;22.1200008392334;22.149999618530273;653800
2019-05-20;22.079999923706055;22.6200008392334;21.459999084472656;21.860000610351562;321000
2019-05-21;21.59000015258789;23.1200008392334;21.59000015258789;23.020000457763672;304100
2019-05-22;22.8799991607666;23.3799991607666;22.260000228881836;22.850000381469727;217600
2019-05-23;22.600000381469727;23.34000015258789;22.049999237060547;22.850000381469727;234700
2019-05-24;23.079999923706055;24.1299991607666;23.0;24.1200008392334;268100
2019-05-28;24.1299991607666;24.729999542236328;23.34000015258789;23.600000381469727;481100
2019-05-29;23.31999969482422;23.81999969482422;22.360000610351562;22.700000762939453;537100
2019-05-30;22.90999984741211;23.3799991607666;22.030000686645508;22.43000030517578;450400
2019-05-31;22.43000030517578;23.1200008392334;21.09000015258789;21.809999465942383;471400
2019-06-03;21.84000015258789;22.09000015258789;20.360000610351562;20.690000534057617;808400
2019-06-04;21.049999237060547;23.440000534057617;20.829999923706055;22.6200008392334;1039800
2019-06-05;22.75;23.809999465942383;22.530000686645508;23.56999969482422;445800
2019-06-06;23.600000381469727;23.860000610351562;22.280000686645508;23.0;405200
2019-06-07;23.079999923706055;23.860000610351562;22.690000534057617;23.65999984741211;251800
2019-06-10;23.8700008392334;24.149999618530273;23.3700008392334;23.510000228881836;170500
2019-06-11;23.760000228881836;23.950000762939453;22.309999465942383;22.8700008392334;224900
2019-06-12;22.899999618530273;23.950000762939453;22.549999237060547;23.530000686645508;248000
2019-06-13;23.6200008392334;24.760000228881836;23.389999389648438;24.68000030517578;259200
2019-06-14;24.6200008392334;24.670000076293945;24.020000457763672;24.239999771118164;169000
2019-06-17;23.530000686645508;27.579999923706055;22.920000076293945;26.75;909400
2019-06-18;27.760000228881836;28.6200008392334;26.139999389648438;27.8799991607666;841000
2019-06-19;27.709999084472656;28.239999771118164;27.06999969482422;27.8700008392334;422400
2019-06-20;28.670000076293945;28.790000915527344;26.56999969482422;26.969999313354492;521400
2019-06-21;26.790000915527344;28.15999984741211;26.219999313354492;27.729999542236328;1964900
2019-06-24;27.610000610351562;28.020000457763672;25.700000762939453;25.739999771118164;480200
2019-06-25;25.90999984741211;26.75;25.299999237060547;25.799999237060547;436100
2019-06-26;25.979999542236328;26.209999084472656;24.899999618530273;25.139999389648438;395700
2019-06-27;25.360000610351562;26.3700008392334;25.360000610351562;26.299999237060547;411600
2019-06-28;26.56999969482422;27.40999984741211;25.989999771118164;27.219999313354492;1089700
2019-07-01;27.56999969482422;28.170000076293945;26.989999771118164;27.920000076293945;400000
2019-07-02;27.969999313354492;28.079999923706055;27.0;27.420000076293945;228400
2019-07-03;27.56999969482422;28.329999923706055;27.059999465942383;28.290000915527344;180800
2019-07-05;27.979999542236328;28.3799991607666;27.420000076293945;27.520000457763672;217500
2019-07-08;27.489999771118164;28.049999237060547;26.040000915527344;26.639999389648438;430200
2019-07-09;26.450000762939453;27.25;26.260000228881836;26.989999771118164;357400
2019-07-10;27.1200008392334;27.5;26.43000030517578;27.049999237060547;455300
2019-07-11;27.309999465942383;27.309999465942383;25.479999542236328;25.670000076293945;342600
2019-07-12;26.020000457763672;26.280000686645508;25.25;25.5;433300
2019-07-15;25.520000457763672;26.030000686645508;25.059999465942383;25.649999618530273;246600
2019-07-16;25.649999618530273;26.0;23.639999389648438;24.739999771118164;429400
2019-07-17;24.65999984741211;24.889999389648438;23.770000457763672;23.950000762939453;345100
2019-07-18;23.780000686645508;24.719999313354492;23.6200008392334;24.540000915527344;418900
2019-07-19;24.90999984741211;25.530000686645508;24.229999542236328;24.31999969482422;410400
2019-07-22;24.6200008392334;25.600000381469727;24.40999984741211;24.989999771118164;314800
2019-07-23;25.139999389648438;25.139999389648438;24.100000381469727;24.18000030517578;210000
2019-07-24;24.100000381469727;24.25;23.389999389648438;23.760000228881836;268100
2019-07-25;23.739999771118164;23.739999771118164;22.239999771118164;22.770000457763672;414500
2019-07-26;22.889999389648438;23.329999923706055;22.469999313354492;23.010000228881836;280300
2019-07-29;23.0;23.139999389648438;21.989999771118164;22.479999542236328;311700
2019-07-30;22.219999313354492;23.100000381469727;21.950000762939453;22.729999542236328;228700
2019-07-31;22.780000686645508;23.260000228881836;21.860000610351562;22.010000228881836;317900
2019-08-01;21.93000030517578;22.940000534057617;21.649999618530273;22.040000915527344;360800
2019-08-02;21.920000076293945;21.920000076293945;21.260000228881836;21.280000686645508;277300
2019-08-05;20.670000076293945;21.110000610351562;19.729999542236328;20.479999542236328;647200
2019-08-06;20.770000457763672;21.09000015258789;19.34000015258789;20.520000457763672;591900
2019-08-07;20.360000610351562;21.149999618530273;20.049999237060547;20.450000762939453;268000
2019-08-08;20.5;20.719999313354492;20.25;20.68000030517578;318700
2019-08-09;23.5;23.5;19.329999923706055;20.530000686645508;831700
2019-08-12;20.200000762939453;21.579999923706055;20.06999969482422;20.110000610351562;462700
2019-08-13;19.920000076293945;20.780000686645508;19.920000076293945;20.559999465942383;673100
2019-08-14;20.1200008392334;21.34000015258789;19.649999618530273;21.149999618530273;429700
2019-08-15;21.209999084472656;21.479999542236328;20.540000915527344;20.6200008392334;291700
2019-08-16;20.84000015258789;21.530000686645508;20.549999237060547;21.43000030517578;255000
2019-08-19;21.520000457763672;22.079999923706055;21.239999771118164;21.649999618530273;263000
2019-08-20;21.530000686645508;22.1299991607666;20.299999237060547;21.1299991607666;308100
2019-08-21;21.3799991607666;21.459999084472656;20.649999618530273;21.18000030517578;215900
2019-08-22;21.15999984741211;21.18000030517578;20.3700008392334;20.479999542236328;313200
2019-08-23;20.399999618530273;20.670000076293945;19.459999084472656;19.649999618530273;383300
2019-08-26;19.8700008392334;20.0;19.020000457763672;19.610000610351562;277200
2019-08-27;19.790000915527344;19.989999771118164;18.350000381469727;18.459999084472656;418100
2019-08-28;18.139999389648438;19.270000457763672;18.079999923706055;18.81999969482422;351300
2019-08-29;18.860000610351562;19.200000762939453;18.270000457763672;18.440000534057617;292500
2019-08-30;18.530000686645508;18.639999389648438;17.700000762939453;17.8700008392334;354000
2019-09-03;17.6200008392334;18.010000228881836;17.040000915527344;17.110000610351562;477800
2019-09-04;17.329999923706055;17.459999084472656;16.309999465942383;16.770000457763672;683800
2019-09-05;16.93000030517578;17.3700008392334;16.520000457763672;17.030000686645508;309500
2019-09-06;17.030000686645508;17.110000610351562;16.18000030517578;16.309999465942383;290800
2019-09-09;16.399999618530273;16.950000762939453;15.8100004196167;16.540000915527344;313900
2019-09-10;16.5;17.270000457763672;16.329999923706055;17.06999969482422;368000
2019-09-11;17.0;17.540000915527344;16.670000076293945;17.43000030517578;327400
2019-09-12;17.440000534057617;17.440000534057617;16.790000915527344;16.969999313354492;349700
2019-09-13;17.170000076293945;17.389999389648438;16.809999465942383;17.190000534057617;400200
2019-09-16;17.040000915527344;18.18000030517578;16.780000686645508;18.139999389648438;580100
2019-09-17;18.0;18.270000457763672;17.469999313354492;17.850000381469727;452100
2019-09-18;17.889999389648438;18.34000015258789;17.399999618530273;18.110000610351562;565000
2019-09-19;18.149999618530273;18.34000015258789;17.829999923706055;18.190000534057617;452400
2019-09-20;18.15999984741211;18.799999237060547;17.780000686645508;18.1200008392334;913100
2019-09-23;17.989999771118164;18.290000915527344;17.399999618530273;17.6200008392334;756500
2019-09-24;17.639999389648438;17.799999237060547;16.299999237060547;16.440000534057617;799000
2019-09-25;16.420000076293945;16.950000762939453;16.020000457763672;16.68000030517578;374500
2019-09-26;16.530000686645508;17.06999969482422;16.200000762939453;16.520000457763672;482500
2019-09-27;16.469999313354492;17.479999542236328;16.469999313354492;17.059999465942383;360400
2019-09-30;17.020000457763672;17.450000762939453;16.75;17.209999084472656;496600
2019-10-01;17.260000228881836;17.600000381469727;15.789999961853027;15.920000076293945;602400
2019-10-02;15.789999961853027;16.040000915527344;15.170000076293945;16.020000457763672;312200
2019-10-03;15.949999809265137;16.5;15.229999542236328;16.489999771118164;287200
2019-10-04;16.549999237060547;17.139999389648438;16.329999923706055;16.850000381469727;359400
2019-10-07;16.709999084472656;17.100000381469727;16.489999771118164;16.530000686645508;265400
2019-10-08;16.309999465942383;16.329999923706055;15.5;15.600000381469727;374300
2019-10-09;15.739999771118164;15.739999771118164;15.34000015258789;15.449999809265137;196300
2019-10-10;15.4399995803833;15.729999542236328;14.800000190734863;14.930000305175781;272100
2019-10-11;15.100000381469727;15.359999656677246;14.960000038146973;15.15999984741211;215700
2019-10-14;15.039999961853027;15.149999618530273;14.65999984741211;14.890000343322754;252000
2019-10-15;14.880000114440918;15.529999732971191;14.8100004196167;15.399999618530273;256600
2019-10-16;15.369999885559082;15.600000381469727;15.050000190734863;15.170000076293945;184600
2019-10-17;15.220000267028809;15.800000190734863;15.220000267028809;15.40999984741211;284600
2019-10-18;15.319999694824219;15.319999694824219;14.329999923706055;14.729999542236328;350500
2019-10-21;14.949999809265137;15.390000343322754;14.779999732971191;15.359999656677246;276700
2019-10-22;15.380000114440918;15.8100004196167;15.270000457763672;15.529999732971191;180200
2019-10-23;15.420000076293945;15.579999923706055;15.09000015258789;15.180000305175781;157200
2019-10-24;15.199999809265137;15.359999656677246;14.75;14.850000381469727;222900
2019-10-25;14.75;15.279999732971191;14.569999694824219;15.069999694824219;206500
2019-10-28;15.170000076293945;15.270000457763672;14.850000381469727;15.25;308900
2019-10-29;15.199999809265137;15.8100004196167;15.069999694824219;15.369999885559082;190500
2019-10-30;15.350000381469727;15.430000305175781;14.890000343322754;15.0;241300
2019-10-31;14.850000381469727;15.4399995803833;14.760000228881836;15.390000343322754;190800
2019-11-01;15.460000038146973;16.530000686645508;15.399999618530273;16.149999618530273;335400
2019-11-04;16.229999542236328;16.280000686645508;14.890000343322754;14.930000305175781;439900
2019-11-05;14.960000038146973;15.210000038146973;14.479999542236328;14.859999656677246;280400
2019-11-06;14.5;15.329999923706055;13.520000457763672;13.770000457763672;675700
2019-11-07;13.899999618530273;14.779999732971191;13.680000305175781;14.479999542236328;281500
2019-11-08;14.40999984741211;15.109999656677246;14.369999885559082;14.859999656677246;263800
2019-11-11;14.770000457763672;14.800000190734863;14.09000015258789;14.119999885559082;165800
2019-11-12;14.149999618530273;14.579999923706055;14.020000457763672;14.130000114440918;154700
2019-11-13;14.029999732971191;14.359999656677246;13.890000343322754;14.239999771118164;569800
2019-11-14;14.220000267028809;14.4399995803833;13.010000228881836;13.079999923706055;369800
2019-11-15;13.170000076293945;13.3100004196167;12.8100004196167;12.850000381469727;251500
2019-11-18;12.859999656677246;12.920000076293945;12.3100004196167;12.819999694824219;315200
2019-11-19;12.890000343322754;13.619999885559082;12.850000381469727;13.539999961853027;377800
2019-11-20;13.40999984741211;14.729999542236328;13.399999618530273;14.510000228881836;726400
2019-11-21;14.600000381469727;14.670000076293945;13.960000038146973;14.319999694824219;272600
2019-11-22;14.34000015258789;14.479999542236328;13.90999984741211;14.260000228881836;224300
2019-11-25;14.34000015258789;14.4399995803833;13.710000038146973;14.039999961853027;561500
2019-11-26;14.0600004196167;14.079999923706055;13.529999732971191;13.720000267028809;347400
2019-11-27;13.859999656677246;14.09000015258789;13.720000267028809;13.819999694824219;228600
2019-11-29;13.649999618530273;14.010000228881836;13.399999618530273;13.640000343322754;213200
2019-12-02;13.630000114440918;13.8100004196167;13.149999618530273;13.199999809265137;454400
2019-12-03;13.869999885559082;14.479999542236328;13.489999771118164;14.319999694824219;1602800
2019-12-04;14.289999961853027;14.5;13.710000038146973;14.300000190734863;540200
2019-12-05;14.3100004196167;14.550000190734863;13.569999694824219;13.720000267028809;397800
2019-12-06;13.779999732971191;14.149999618530273;13.720000267028809;13.979999542236328;510500
2019-12-09;14.199999809265137;14.710000038146973;13.800000190734863;13.8100004196167;520900
2019-12-10;13.760000228881836;14.300000190734863;13.6899995803833;13.949999809265137;548100
2019-12-11;14.079999923706055;14.260000228881836;13.359999656677246;13.460000038146973;428600
2019-12-12;13.3100004196167;13.699999809265137;13.119999885559082;13.390000343322754;374000
2019-12-13;13.329999923706055;13.65999984741211;13.029999732971191;13.460000038146973;494000
2019-12-16;13.5600004196167;13.9399995803833;13.510000228881836;13.800000190734863;409700
2019-12-17;13.699999809265137;13.960000038146973;13.510000228881836;13.869999885559082;252000
2019-12-18;13.880000114440918;14.1899995803833;13.420000076293945;14.0600004196167;333800
2019-12-19;14.029999732971191;14.039999961853027;13.239999771118164;13.859999656677246;425000
2019-12-20;13.789999961853027;14.0600004196167;13.5600004196167;14.020000457763672;641400
2019-12-23;14.109999656677246;15.260000228881836;13.899999618530273;14.90999984741211;410900
2019-12-24;14.970000267028809;15.170000076293945;14.539999961853027;14.979999542236328;182600
2019-12-26;15.010000228881836;15.15999984741211;14.079999923706055;14.1899995803833;299300
2019-12-27;14.220000267028809;14.380000114440918;13.75;13.9399995803833;250200
2019-12-30;13.770000457763672;13.859999656677246;13.300000190734863;13.40999984741211;318300
2019-12-31;13.329999923706055;14.0;13.079999923706055;13.949999809265137;401800
2020-01-02;14.109999656677246;14.109999656677246;13.149999618530273;13.579999923706055;488700
2020-01-03;13.399999618530273;13.569999694824219;13.260000228881836;13.359999656677246;288800
2020-01-06;13.260000228881836;13.449999809265137;12.859999656677246;13.34000015258789;295000
2020-01-07;13.3100004196167;13.579999923706055;13.0600004196167;13.470000267028809;296400
2020-01-08;13.5;13.770000457763672;13.34000015258789;13.6899995803833;191200
2020-01-09;13.880000114440918;14.3100004196167;13.75;13.859999656677246;215400
2020-01-10;14.0600004196167;14.779999732971191;13.949999809265137;14.399999618530273;421900
2020-01-13;14.390000343322754;14.529999732971191;13.399999618530273;13.630000114440918;368700
2020-01-14;13.59000015258789;14.130000114440918;13.449999809265137;14.039999961853027;250900
2020-01-15;14.109999656677246;14.539999961853027;14.109999656677246;14.3100004196167;242700
2020-01-16;14.449999809265137;14.800000190734863;14.229999542236328;14.65999984741211;257100
2020-01-17;14.779999732971191;14.779999732971191;13.600000381469727;13.789999961853027;518200
2020-01-21;13.770000457763672;13.789999961853027;13.140000343322754;13.369999885559082;376200
2020-01-22;13.40999984741211;13.729999542236328;12.899999618530273;13.010000228881836;310600
2020-01-23;12.960000038146973;13.079999923706055;12.5;12.770000457763672;540900
2020-01-24;12.779999732971191;13.180000305175781;12.119999885559082;12.1899995803833;558000
2020-01-27;11.949999809265137;12.069999694824219;11.649999618530273;11.819999694824219;359800
2020-01-28;11.90999984741211;11.970000267028809;11.600000381469727;11.760000228881836;291200
2020-01-29;11.829999923706055;11.9399995803833;11.319999694824219;11.369999885559082;263800
2020-01-30;11.279999732971191;11.479999542236328;10.789999961853027;11.050000190734863;256900
2020-01-31;11.0;11.100000381469727;10.710000038146973;11.029999732971191;306800
2020-02-03;11.149999618530273;11.779999732971191;11.119999885559082;11.75;375600
2020-02-04;12.039999961853027;12.289999961853027;11.800000190734863;12.079999923706055;296200
2020-02-05;12.199999809265137;12.989999771118164;12.199999809265137;12.65999984741211;278600
2020-02-06;13.100000381469727;13.949999809265137;13.020000457763672;13.619999885559082;439400
2020-02-07;13.649999618530273;13.649999618530273;12.84000015258789;12.960000038146973;304100
2020-02-10;13.0;13.260000228881836;12.789999961853027;12.960000038146973;273100
2020-02-11;13.050000190734863;13.239999771118164;12.779999732971191;13.210000038146973;213100
2020-02-12;13.319999694824219;13.619999885559082;13.0600004196167;13.520000457763672;251600
2020-02-13;13.4399995803833;13.770000457763672;13.319999694824219;13.710000038146973;243400
2020-02-14;13.729999542236328;13.75;12.619999885559082;12.970000267028809;318300
2020-02-18;12.859999656677246;13.039999961853027;12.65999984741211;12.869999885559082;128400
2020-02-19;12.920000076293945;13.020000457763672;12.65999984741211;12.979999542236328;183500
2020-02-20;12.979999542236328;13.140000343322754;12.359999656677246;12.739999771118164;264700
2020-02-21;12.710000038146973;12.84000015258789;12.420000076293945;12.729999542236328;205100
2020-02-24;12.15999984741211;12.430000305175781;11.329999923706055;11.880000114440918;445200
2020-02-25;12.029999732971191;12.3100004196167;11.600000381469727;11.9399995803833;304000
2020-02-26;12.0600004196167;12.0600004196167;10.739999771118164;11.029999732971191;297700
2020-02-27;11.010000228881836;11.140000343322754;10.319999694824219;10.600000381469727;330500
2020-02-28;10.140000343322754;10.970000267028809;10.130000114440918;10.899999618530273;488300
2020-03-02;11.0;11.359999656677246;10.550000190734863;11.34000015258789;406200
2020-03-03;11.449999809265137;11.970000267028809;11.279999732971191;11.579999923706055;428300
2020-03-04;12.3100004196167;12.699999809265137;11.529999732971191;12.079999923706055;508300
2020-03-05;11.680000305175781;12.029999732971191;11.420000076293945;11.649999618530273;308000
2020-03-06;11.239999771118164;11.619999885559082;10.819999694824219;10.970000267028809;385700
2020-03-09;10.069999694824219;10.680000305175781;10.0600004196167;10.210000038146973;453600
2020-03-10;10.680000305175781;11.09000015258789;10.069999694824219;10.869999885559082;436300
2020-03-11;10.420000076293945;10.649999618530273;9.319999694824219;9.430000305175781;572600
2020-03-12;8.949999809265137;9.1899995803833;7.400000095367432;7.53000020980835;594800
2020-03-13;8.140000343322754;8.319999694824219;6.489999771118164;7.570000171661377;932800
2020-03-16;6.260000228881836;7.489999771118164;6.260000228881836;6.800000190734863;701600
2020-03-17;6.960000038146973;7.659999847412109;6.570000171661377;7.5;612300
2020-03-18;7.110000133514404;8.149999618530273;6.929999828338623;7.159999847412109;823100
2020-03-19;7.260000228881836;8.25;7.099999904632568;7.559999942779541;593300
2020-03-20;7.760000228881836;8.09000015258789;6.900000095367432;6.900000095367432;503000
2020-03-23;7.019999980926514;7.579999923706055;6.760000228881836;7.21999979019165;326600
2020-03-24;7.550000190734863;8.529999732971191;7.409999847412109;8.529999732971191;430300
2020-03-25;8.5600004196167;9.270000457763672;8.130000114440918;9.220000267028809;362500
2020-03-26;9.25;9.75;8.460000038146973;8.9399995803833;446400
2020-03-27;8.569999694824219;9.369999885559082;8.510000228881836;9.050000190734863;440800
2020-03-30;9.109999656677246;9.210000038146973;8.199999809265137;8.75;493400
2020-03-31;8.720000267028809;9.40999984741211;8.720000267028809;9.149999618530273;387100
2020-04-01;8.770000457763672;9.079999923706055;8.039999961853027;8.050000190734863;485200
2020-04-02;7.929999828338623;8.699999809265137;7.809999942779541;8.699999809265137;544000
2020-04-03;8.520000457763672;8.800000190734863;7.829999923706055;8.130000114440918;334200
2020-04-06;8.5600004196167;8.9399995803833;8.479999542236328;8.90999984741211;258200
2020-04-07;9.039999961853027;9.539999961853027;8.829999923706055;9.229999542236328;560100
2020-04-08;9.5600004196167;10.130000114440918;9.34000015258789;9.90999984741211;464000
2020-04-09;10.25;10.859999656677246;9.930000305175781;10.3100004196167;416300
2020-04-13;10.329999923706055;10.329999923706055;9.25;9.3100004196167;410000
2020-04-14;10.020000457763672;10.380000114440918;9.65999984741211;10.25;334800
2020-04-15;9.720000267028809;10.029999732971191;9.350000381469727;9.609999656677246;307600
2020-04-16;9.65999984741211;9.920000076293945;9.029999732971191;9.579999923706055;241800
2020-04-17;10.020000457763672;10.229999542236328;9.59000015258789;10.199999809265137;380800
2020-04-20;10.0;10.970000267028809;9.989999771118164;10.40999984741211;334700
2020-04-21;10.239999771118164;10.670000076293945;9.9399995803833;10.489999771118164;254300
2020-04-22;10.739999771118164;10.880000114440918;10.4399995803833;10.819999694824219;245300
2020-04-23;10.930000305175781;11.40999984741211;10.539999961853027;10.65999984741211;321600
2020-04-24;10.680000305175781;11.199999809265137;10.5600004196167;11.180000305175781;257900
2020-04-27;11.199999809265137;11.65999984741211;11.140000343322754;11.510000228881836;260600
2020-04-28;11.800000190734863;11.890000343322754;11.4399995803833;11.609999656677246;257500
2020-04-29;11.960000038146973;12.0600004196167;11.65999984741211;11.760000228881836;223600
2020-04-30;11.619999885559082;11.619999885559082;10.770000457763672;10.8100004196167;284900
2020-05-01;10.579999923706055;10.670000076293945;10.010000228881836;10.579999923706055;261100
2020-05-04;10.5;11.140000343322754;10.3100004196167;11.130000114440918;331100
2020-05-05;11.359999656677246;11.800000190734863;11.319999694824219;11.460000038146973;271400
2020-05-06;11.5;11.770000457763672;11.199999809265137;11.359999656677246;339600
2020-05-07;11.529999732971191;11.819999694824219;10.699999809265137;10.779999732971191;373200
2020-05-08;11.0600004196167;11.449999809265137;10.859999656677246;11.149999618530273;316400
2020-05-11;11.069999694824219;12.380000114440918;11.069999694824219;12.380000114440918;421900
2020-05-12;12.600000381469727;12.9399995803833;11.770000457763672;11.789999961853027;389100
2020-05-13;12.0;12.289999961853027;10.970000267028809;11.529999732971191;252700
2020-05-14;11.520000457763672;11.569999694824219;10.920000076293945;11.25;273500
2020-05-15;11.239999771118164;11.899999618530273;11.119999885559082;11.880000114440918;235800
2020-05-18;12.569999694824219;13.140000343322754;12.319999694824219;13.010000228881836;481200
2020-05-19;13.039999961853027;13.470000267028809;12.8100004196167;12.90999984741211;375500
2020-05-20;13.100000381469727;13.260000228881836;12.670000076293945;12.899999618530273;265700
2020-05-21;12.960000038146973;13.029999732971191;12.350000381469727;12.869999885559082;342000
2020-05-22;12.970000267028809;13.119999885559082;12.579999923706055;12.989999771118164;196000
2020-05-26;13.430000305175781;13.430000305175781;12.550000190734863;12.59000015258789;409000
2020-05-27;12.710000038146973;12.75;11.829999923706055;12.300000190734863;352000
2020-05-28;12.4399995803833;12.479999542236328;12.029999732971191;12.069999694824219;257200
2020-05-29;12.220000267028809;12.220000267028809;11.65999984741211;12.100000381469727;337800
2020-06-01;12.149999618530273;12.460000038146973;11.600000381469727;12.229999542236328;427300
2020-06-02;12.239999771118164;12.680000305175781;11.979999542236328;12.579999923706055;328800
2020-06-03;12.699999809265137;12.699999809265137;12.010000228881836;12.0600004196167;367600
2020-06-04;12.0;12.420000076293945;11.760000228881836;11.789999961853027;309500
2020-06-05;12.119999885559082;12.569999694824219;11.949999809265137;12.020000457763672;302700
2020-06-08;12.199999809265137;12.920000076293945;12.020000457763672;12.819999694824219;264900
2020-06-09;12.739999771118164;12.960000038146973;12.40999984741211;12.800000190734863;340400
2020-06-10;12.84000015258789;13.430000305175781;12.729999542236328;13.15999984741211;407800
2020-06-11;12.65999984741211;12.789999961853027;12.029999732971191;12.050000190734863;457700
2020-06-12;12.479999542236328;12.739999771118164;11.420000076293945;12.130000114440918;382400
2020-06-15;11.800000190734863;13.0;11.640000343322754;12.819999694824219;334100
2020-06-16;13.279999732971191;13.470000267028809;12.90999984741211;13.350000381469727;252000
2020-06-17;13.350000381469727;13.449999809265137;12.899999618530273;12.970000267028809;266300
2020-06-18;12.779999732971191;13.369999885559082;12.779999732971191;13.0600004196167;149900
2020-06-19;13.239999771118164;13.979999542236328;12.890000343322754;13.34000015258789;791700
2020-06-22;13.420000076293945;13.979999542236328;12.960000038146973;13.930000305175781;281400
2020-06-23;14.0;14.619999885559082;13.829999923706055;14.210000038146973;322000
2020-06-24;14.09000015258789;14.220000267028809;13.300000190734863;13.5;211900
2020-06-25;13.479999542236328;14.119999885559082;13.09000015258789;13.920000076293945;266100
2020-06-26;13.850000381469727;13.989999771118164;12.649999618530273;12.760000228881836;616000
2020-06-29;12.819999694824219;13.170000076293945;12.079999923706055;12.210000038146973;249200
2020-06-30;12.119999885559082;12.670000076293945;12.020000457763672;12.619999885559082;204600
2020-07-01;12.619999885559082;13.489999771118164;12.5;13.34000015258789;283500
2020-07-02;13.5;13.579999923706055;12.760000228881836;12.899999618530273;231400
2020-07-06;13.199999809265137;13.199999809265137;12.6899995803833;12.970000267028809;161400
2020-07-07;12.869999885559082;13.800000190734863;12.800000190734863;13.079999923706055;269700
2020-07-08;13.149999618530273;13.829999923706055;13.119999885559082;13.65999984741211;191000
2020-07-09;13.630000114440918;13.779999732971191;13.100000381469727;13.329999923706055;293100
2020-07-10;13.3100004196167;13.539999961853027;12.680000305175781;12.90999984741211;316500
2020-07-13;13.020000457763672;13.199999809265137;12.359999656677246;12.40999984741211;595000
2020-07-14;12.329999923706055;12.819999694824219;12.039999961853027;12.819999694824219;585200
2020-07-15;13.210000038146973;13.989999771118164;13.210000038146973;13.75;594400
2020-07-16;13.569999694824219;13.569999694824219;12.5;12.920000076293945;614100
2020-07-17;13.039999961853027;13.5;12.90999984741211;12.979999542236328;238100
2020-07-20;13.069999694824219;13.420000076293945;12.869999885559082;13.010000228881836;164400
2020-07-21;13.100000381469727;13.109999656677246;12.5600004196167;12.640000343322754;237500
2020-07-22;12.550000190734863;12.760000228881836;12.449999809265137;12.539999961853027;158600
2020-07-23;12.539999961853027;12.670000076293945;12.0600004196167;12.520000457763672;220100
2020-07-24;12.470000267028809;12.699999809265137;11.989999771118164;12.050000190734863;171100
2020-07-27;12.039999961853027;12.390000343322754;12.039999961853027;12.25;174300
2020-07-28;12.1899995803833;12.380000114440918;11.770000457763672;11.800000190734863;154800
2020-07-29;11.800000190734863;11.880000114440918;11.229999542236328;11.34000015258789;291200
2020-07-30;11.199999809265137;11.710000038146973;11.170000076293945;11.449999809265137;148800
2020-07-31;11.430000305175781;11.430000305175781;10.869999885559082;11.069999694824219;238000
2020-08-03;11.140000343322754;11.399999618530273;11.029999732971191;11.329999923706055;216000
2020-08-04;10.829999923706055;10.880000114440918;9.84000015258789;10.350000381469727;472800
2020-08-05;10.449999809265137;10.8100004196167;10.34000015258789;10.8100004196167;356000
2020-08-06;10.800000190734863;11.15999984741211;10.449999809265137;10.989999771118164;237600
2020-08-07;10.899999618530273;11.34000015258789;10.789999961853027;11.1899995803833;212100
2020-08-10;11.699999809265137;11.710000038146973;11.130000114440918;11.180000305175781;296800
2020-08-11;11.380000114440918;11.800000190734863;11.039999961853027;11.199999809265137;308000
2020-08-12;11.319999694824219;11.34000015258789;10.789999961853027;11.1899995803833;263000
2020-08-13;11.15999984741211;11.59000015258789;11.140000343322754;11.289999961853027;157900
2020-08-14;11.229999542236328;11.319999694824219;10.989999771118164;11.270000457763672;128100
2020-08-17;11.220000267028809;11.649999618530273;11.210000038146973;11.649999618530273;141300
2020-08-18;11.600000381469727;11.760000228881836;11.34000015258789;11.710000038146973;155000
2020-08-19;11.75;12.09000015258789;11.630000114440918;11.850000381469727;148900
2020-08-20;11.760000228881836;11.850000381469727;11.40999984741211;11.59000015258789;122200
2020-08-21;11.520000457763672;12.1899995803833;11.5;11.9399995803833;299700
2020-08-24;12.15999984741211;12.640000343322754;12.039999961853027;12.479999542236328;224100
2020-08-25;12.5;12.569999694824219;12.029999732971191;12.539999961853027;240900
2020-08-26;12.649999618530273;12.649999618530273;11.670000076293945;11.979999542236328;258600
2020-08-27;11.9399995803833;12.140000343322754;11.640000343322754;11.739999771118164;154600
2020-08-28;11.699999809265137;11.829999923706055;11.550000190734863;11.760000228881836;144500
2020-08-31;11.770000457763672;11.9399995803833;11.640000343322754;11.789999961853027;176000
2020-09-01;11.760000228881836;11.770000457763672;11.300000190734863;11.550000190734863;148100
2020-09-02;11.550000190734863;11.859999656677246;11.319999694824219;11.670000076293945;213100
2020-09-03;11.640000343322754;11.729999542236328;11.079999923706055;11.09000015258789;162700
2020-09-04;11.170000076293945;11.170000076293945;10.210000038146973;10.770000457763672;260300
2020-09-08;10.710000038146973;10.710000038146973;10.3100004196167;10.319999694824219;236500
2020-09-09;10.420000076293945;10.800000190734863;10.239999771118164;10.430000305175781;173300
2020-09-10;10.470000267028809;10.680000305175781;10.180000305175781;10.180000305175781;225000
2020-09-11;10.25;10.449999809265137;9.760000228881836;10.010000228881836;460500
2020-09-14;10.260000228881836;10.5;10.0600004196167;10.399999618530273;357100
2020-09-15;10.619999885559082;11.180000305175781;10.430000305175781;10.850000381469727;267100
2020-09-16;11.010000228881836;11.149999618530273;10.739999771118164;10.899999618530273;172600
2020-09-17;10.739999771118164;10.949999809265137;10.529999732971191;10.720000267028809;176900
2020-09-18;10.829999923706055;11.800000190734863;10.760000228881836;11.609999656677246;1266500
2020-09-21;11.34000015258789;11.539999961853027;11.0;11.510000228881836;216700
2020-09-22;11.600000381469727;12.109999656677246;11.260000228881836;12.0600004196167;329400
2020-09-23;12.130000114440918;12.1899995803833;11.510000228881836;11.550000190734863;156800
2020-09-24;11.510000228881836;11.779999732971191;11.380000114440918;11.579999923706055;219800
2020-09-25;11.539999961853027;11.739999771118164;11.300000190734863;11.520000457763672;213000
2020-09-28;11.640000343322754;11.65999984741211;10.960000038146973;11.15999984741211;192600
2020-09-29;11.149999618530273;11.350000381469727;10.710000038146973;11.079999923706055;191200
2020-09-30;11.109999656677246;11.220000267028809;10.510000228881836;10.670000076293945;122300
2020-10-01;10.739999771118164;10.859999656677246;10.539999961853027;10.800000190734863;177200
2020-10-02;10.430000305175781;10.760000228881836;10.380000114440918;10.510000228881836;125100
2020-10-05;10.609999656677246;11.4399995803833;10.579999923706055;11.34000015258789;203400
2020-10-06;11.229999542236328;11.359999656677246;10.899999618530273;10.960000038146973;134900
2020-10-07;11.010000228881836;11.5;10.960000038146973;11.420000076293945;137300
2020-10-08;11.600000381469727;11.979999542236328;11.449999809265137;11.899999618530273;156100
2020-10-09;11.899999618530273;11.930000305175781;11.520000457763672;11.579999923706055;120100
2020-10-12;11.550000190734863;12.050000190734863;11.3100004196167;12.020000457763672;200100
2020-10-13;10.949999809265137;12.199999809265137;10.899999618530273;12.09000015258789;261600
2020-10-14;12.069999694824219;12.649999618530273;12.069999694824219;12.170000076293945;171700
2020-10-15;12.079999923706055;12.420000076293945;11.8100004196167;12.25;124500
2020-10-16;12.220000267028809;12.649999618530273;12.010000228881836;12.279999732971191;147600
2020-10-19;12.319999694824219;12.319999694824219;11.34000015258789;11.5;145900
2020-10-20;11.539999961853027;11.8100004196167;11.210000038146973;11.5;95700
2020-10-21;11.5;11.760000228881836;10.960000038146973;10.960000038146973;247700
2020-10-22;11.079999923706055;11.739999771118164;10.920000076293945;11.020000457763672;209700
2020-10-23;11.100000381469727;11.479999542236328;10.930000305175781;11.029999732971191;173800
2020-10-26;11.0;11.289999961853027;10.789999961853027;11.050000190734863;102100
2020-10-27;11.079999923706055;11.210000038146973;10.890000343322754;11.109999656677246;170400
2020-10-28;10.850000381469727;11.09000015258789;10.510000228881836;10.710000038146973;177200
2020-10-29;10.729999542236328;11.079999923706055;10.40999984741211;10.960000038146973;156100
2020-10-30;10.819999694824219;10.979999542236328;10.270000457763672;10.630000114440918;131500
2020-11-02;10.65999984741211;10.779999732971191;10.350000381469727;10.649999618530273;107300
2020-11-03;10.819999694824219;11.300000190734863;10.220000267028809;10.779999732971191;188700
2020-11-04;10.760000228881836;11.880000114440918;10.760000228881836;11.84000015258789;168500
2020-11-05;11.90999984741211;12.0;11.510000228881836;11.9399995803833;92100
2020-11-06;11.779999732971191;11.779999732971191;10.869999885559082;10.979999542236328;109100
2020-11-09;11.65999984741211;12.0;11.180000305175781;11.199999809265137;184900
2020-11-10;10.010000228881836;10.010000228881836;8.5;8.600000381469727;1151900
2020-11-11;8.710000038146973;9.0;8.600000381469727;8.850000381469727;904100
2020-11-12;8.819999694824219;9.149999618530273;8.5;8.630000114440918;486800
2020-11-13;8.789999961853027;8.90999984741211;8.390000343322754;8.550000190734863;359600
2020-11-16;8.789999961853027;8.84000015258789;8.390000343322754;8.739999771118164;324900
2020-11-17;8.699999809265137;9.140000343322754;8.59000015258789;8.710000038146973;388400
2020-11-18;8.729999542236328;8.789999961853027;8.380000114440918;8.470000267028809;280500
2020-11-19;8.640000343322754;8.739999771118164;8.229999542236328;8.600000381469727;271000
2020-11-20;8.5;8.59000015258789;8.180000305175781;8.329999923706055;289500
2020-11-23;8.390000343322754;8.65999984741211;8.170000076293945;8.34000015258789;256500
2020-11-24;8.329999923706055;8.6899995803833;8.300000190734863;8.40999984741211;231400
2020-11-25;8.399999618530273;8.539999961853027;8.329999923706055;8.380000114440918;238100
2020-11-27;8.470000267028809;8.779999732971191;8.399999618530273;8.460000038146973;262400
2020-11-30;8.539999961853027;8.699999809265137;8.220000267028809;8.319999694824219;513300
2020-12-01;8.350000381469727;8.520000457763672;8.15999984741211;8.199999809265137;461200
2020-12-02;8.149999618530273;8.199999809265137;7.880000114440918;7.96999979019165;415700
2020-12-03;8.020000457763672;8.229999542236328;7.889999866485596;7.920000076293945;363800
2020-12-04;7.920000076293945;8.300000190734863;7.869999885559082;8.09000015258789;376000
2020-12-07;8.100000381469727;8.359999656677246;8.09000015258789;8.15999984741211;334600
2020-12-08;8.149999618530273;8.25;7.96999979019165;8.039999961853027;328900
2020-12-09;8.039999961853027;8.149999618530273;7.78000020980835;7.889999866485596;292400
2020-12-10;7.920000076293945;7.960000038146973;7.71999979019165;7.849999904632568;338400
2020-12-11;7.829999923706055;8.199999809265137;7.809999942779541;7.989999771118164;324600
2020-12-14;8.130000114440918;8.65999984741211;8.130000114440918;8.40999984741211;418000
2020-12-15;8.640000343322754;8.720000267028809;8.3100004196167;8.40999984741211;455100
2020-12-16;8.40999984741211;8.699999809265137;8.199999809265137;8.550000190734863;357600
2020-12-17;8.569999694824219;8.630000114440918;8.449999809265137;8.529999732971191;201400
2020-12-18;8.579999923706055;8.949999809265137;8.489999771118164;8.779999732971191;888200
2020-12-21;8.710000038146973;9.390000343322754;8.479999542236328;9.279999732971191;614000
2020-12-22;9.369999885559082;9.6899995803833;8.989999771118164;9.029999732971191;498400
2020-12-23;7.929999828338623;8.569999694824219;7.849999904632568;8.4399995803833;1195900
2020-12-24;8.359999656677246;8.369999885559082;7.940000057220459;7.980000019073486;554300
2020-12-28;8.050000190734863;8.09000015258789;7.480000019073486;7.53000020980835;720600
2020-12-29;7.539999961853027;7.539999961853027;7.070000171661377;7.150000095367432;800400
2020-12-30;7.039999961853027;7.599999904632568;7.019999980926514;7.28000020980835;502000
2020-12-31;7.320000171661377;7.349999904632568;7.019999980926514;7.150000095367432;371300
2021-01-04;7.110000133514404;7.389999866485596;6.820000171661377;7.260000228881836;619000
2021-01-05;7.300000190734863;7.639999866485596;7.150000095367432;7.409999847412109;439900
2021-01-06;7.429999828338623;7.789999961853027;7.349999904632568;7.71999979019165;429300
2021-01-07;7.800000190734863;8.239999771118164;7.760000228881836;8.199999809265137;391500
2021-01-08;8.239999771118164;8.369999885559082;7.949999809265137;8.329999923706055;340100
2021-01-11;8.1899995803833;8.489999771118164;8.100000381469727;8.430000305175781;335800
2021-01-12;8.5;8.859999656677246;8.449999809265137;8.6899995803833;389800
2021-01-13;8.6899995803833;8.760000228881836;8.510000228881836;8.569999694824219;231400
2021-01-14;8.600000381469727;9.0600004196167;8.579999923706055;8.920000076293945;407600
2021-01-15;8.979999542236328;9.149999618530273;8.460000038146973;8.5;542300
2021-01-19;8.760000228881836;8.800000190734863;8.520000457763672;8.670000076293945;583700
2021-01-20;8.760000228881836;8.90999984741211;8.710000038146973;8.869999885559082;273100
2021-01-21;8.9399995803833;9.0;8.369999885559082;8.649999618530273;414500
2021-01-22;8.609999656677246;9.100000381469727;8.510000228881836;9.039999961853027;318500
2021-01-25;9.050000190734863;9.069999694824219;8.350000381469727;8.6899995803833;457000
2021-01-26;8.770000457763672;8.949999809265137;8.40999984741211;8.40999984741211;267300
2021-01-27;8.319999694824219;8.359999656677246;7.630000114440918;7.730000019073486;430200
2021-01-28;7.699999809265137;8.029999732971191;7.650000095367432;7.690000057220459;283800
2021-01-29;7.909999847412109;7.96999979019165;7.420000076293945;7.550000190734863;332600
2021-02-01;7.71999979019165;7.96999979019165;7.46999979019165;7.5;365300
2021-02-02;7.630000114440918;8.020000457763672;7.550000190734863;8.0;314600
2021-02-03;7.0;7.539999961853027;6.75;7.489999771118164;1545400
2021-02-04;7.599999904632568;7.760000228881836;7.329999923706055;7.46999979019165;424300
2021-02-05;7.570000171661377;7.610000133514404;7.110000133514404;7.449999809265137;827800
2021-02-08;7.550000190734863;7.840000152587891;7.360000133514404;7.699999809265137;540700
2021-02-09;7.760000228881836;7.78000020980835;7.5;7.539999961853027;440900
2021-02-10;7.639999866485596;7.75;7.380000114440918;7.550000190734863;521900
2021-02-11;7.610000133514404;7.670000076293945;7.099999904632568;7.300000190734863;519100
2021-02-12;7.260000228881836;7.409999847412109;7.119999885559082;7.210000038146973;387900
2021-02-16;7.320000171661377;7.420000076293945;7.119999885559082;7.329999923706055;870700
2021-02-17;7.260000228881836;7.380000114440918;7.039999961853027;7.21999979019165;467300
2021-02-18;7.130000114440918;7.21999979019165;6.610000133514404;6.650000095367432;703700
2021-02-19;6.699999809265137;6.869999885559082;6.519999980926514;6.739999771118164;579800
2021-02-22;6.710000038146973;6.920000076293945;6.590000152587891;6.679999828338623;587500
2021-02-23;6.570000171661377;6.590000152587891;6.210000038146973;6.46999979019165;556400
2021-02-24;6.590000152587891;6.829999923706055;6.480000019073486;6.590000152587891;407100
2021-02-25;6.579999923706055;6.690000057220459;6.159999847412109;6.230000019073486;471900
2021-02-26;5.900000095367432;6.329999923706055;5.599999904632568;5.670000076293945;1017100
2021-03-01;5.75;6.019999980926514;5.579999923706055;5.96999979019165;803900
2021-03-02;5.960000038146973;6.119999885559082;5.630000114440918;5.670000076293945;1200800
2021-03-03;5.699999809265137;5.789999961853027;5.420000076293945;5.539999961853027;593400
2021-03-04;5.510000228881836;5.75;5.369999885559082;5.579999923706055;559600
2021-03-05;5.710000038146973;5.78000020980835;5.179999828338623;5.53000020980835;491900
2021-03-08;5.590000152587891;5.730000019073486;5.400000095367432;5.5;519700
2021-03-09;5.519999980926514;5.929999828338623;5.519999980926514;5.840000152587891;466600
2021-03-10;5.949999809265137;6.079999923706055;5.590000152587891;5.699999809265137;545400
2021-03-11;5.840000152587891;5.849999904632568;5.559999942779541;5.78000020980835;442500
2021-03-12;5.78000020980835;5.78000020980835;5.559999942779541;5.730000019073486;402600
2021-03-15;5.75;5.800000190734863;5.559999942779541;5.800000190734863;422700
2021-03-16;5.889999866485596;5.900000095367432;5.5;5.599999904632568;600700
2021-03-17;5.579999923706055;5.579999923706055;5.260000228881836;5.460000038146973;652000
2021-03-18;5.420000076293945;5.550000190734863;5.179999828338623;5.190000057220459;462100
2021-03-19;5.260000228881836;5.579999923706055;5.179999828338623;5.539999961853027;580000
2021-03-22;5.610000133514404;5.900000095367432;5.519999980926514;5.679999828338623;574300
2021-03-23;5.590000152587891;5.710000038146973;5.050000190734863;5.079999923706055;611000
2021-03-24;5.139999866485596;5.179999828338623;4.599999904632568;4.610000133514404;637200
2021-03-25;4.579999923706055;4.909999847412109;4.559999942779541;4.889999866485596;413000
2021-03-26;4.929999828338623;4.949999809265137;4.679999828338623;4.820000171661377;261600
2021-03-29;4.760000228881836;4.889999866485596;4.690000057220459;4.800000190734863;335500
2021-03-30;4.78000020980835;4.900000095367432;4.559999942779541;4.800000190734863;369100
2021-03-31;4.820000171661377;4.949999809265137;4.710000038146973;4.710000038146973;495700
2021-04-01;4.760000228881836;5.0;4.75;4.849999904632568;559300
2021-04-05;4.949999809265137;5.090000152587891;4.849999904632568;5.039999961853027;584300
2021-04-06;5.039999961853027;5.130000114440918;4.860000133514404;4.909999847412109;363100
2021-04-07;5.070000171661377;5.070000171661377;4.690000057220459;4.769999980926514;400300
2021-04-08;4.78000020980835;4.829999923706055;4.690000057220459;4.769999980926514;274600
2021-04-09;4.760000228881836;4.809999942779541;4.630000114440918;4.760000228881836;285700
2021-04-12;4.75;4.75;4.559999942779541;4.639999866485596;475300
2021-04-13;4.670000076293945;4.699999809265137;4.449999809265137;4.599999904632568;516300
2021-04-14;4.630000114440918;4.869999885559082;4.619999885559082;4.789999961853027;213800
2021-04-15;4.820000171661377;4.829999923706055;4.659999847412109;4.71999979019165;352700
2021-04-16;4.75;4.75;4.480000019073486;4.559999942779541;357400
2021-04-19;4.559999942779541;4.579999923706055;4.349999904632568;4.46999979019165;455400
2021-04-20;4.46999979019165;4.679999828338623;4.429999828338623;4.670000076293945;305700
2021-04-21;4.75;4.800000190734863;4.550000190734863;4.789999961853027;498700
2021-04-22;4.78000020980835;4.809999942779541;4.619999885559082;4.699999809265137;290500
2021-04-23;4.710000038146973;4.739999771118164;4.610000133514404;4.670000076293945;317900
2021-04-26;5.269999980926514;5.96999979019165;5.150000095367432;5.440000057220459;7313700
2021-04-27;5.5;5.5;5.019999980926514;5.110000133514404;1272900
2021-04-28;5.079999923706055;5.150000095367432;5.010000228881836;5.050000190734863;397800
2021-04-29;5.099999904632568;5.119999885559082;4.840000152587891;4.920000076293945;444300
2021-04-30;4.869999885559082;5.0;4.71999979019165;4.820000171661377;509100
2021-05-03;4.889999866485596;4.980000019073486;4.650000095367432;4.679999828338623;405700
2021-05-04;4.610000133514404;4.630000114440918;4.269999980926514;4.460000038146973;737800
2021-05-05;4.489999771118164;4.570000171661377;4.210000038146973;4.28000020980835;418700
2021-05-06;4.28000020980835;4.389999866485596;4.210000038146973;4.380000114440918;582600
2021-05-07;4.380000114440918;4.46999979019165;4.210000038146973;4.309999942779541;321600
2021-05-10;4.28000020980835;4.320000171661377;3.890000104904175;4.110000133514404;722200
2021-05-11;3.9600000381469727;4.510000228881836;3.9600000381469727;4.400000095367432;560600
2021-05-12;4.300000190734863;4.71999979019165;4.269999980926514;4.46999979019165;390400
2021-05-13;4.489999771118164;4.639999866485596;4.21999979019165;4.289999961853027;355800
2021-05-14;4.320000171661377;4.579999923706055;4.289999961853027;4.559999942779541;355100
2021-05-17;4.489999771118164;4.579999923706055;4.380000114440918;4.539999961853027;369800
2021-05-18;4.550000190734863;4.71999979019165;4.460000038146973;4.590000152587891;260700
2021-05-19;4.539999961853027;4.590000152587891;4.300000190734863;4.389999866485596;221500
2021-05-20;4.389999866485596;4.420000076293945;3.9000000953674316;3.940000057220459;1894500
2021-05-21;4.039999961853027;4.269999980926514;4.03000020980835;4.260000228881836;586300
2021-05-24;4.269999980926514;4.269999980926514;4.090000152587891;4.110000133514404;271300
2021-05-25;4.150000095367432;4.230000019073486;4.010000228881836;4.039999961853027;387500
2021-05-26;4.039999961853027;4.210000038146973;4.03000020980835;4.199999809265137;388200
2021-05-27;4.199999809265137;4.349999904632568;4.150000095367432;4.170000076293945;633500
2021-05-28;4.230000019073486;4.420000076293945;4.230000019073486;4.260000228881836;221800
2021-06-01;4.300000190734863;4.320000171661377;4.130000114440918;4.190000057220459;1195700
2021-06-02;4.110000133514404;4.289999961853027;4.110000133514404;4.25;368800
2021-06-03;4.25;4.28000020980835;4.150000095367432;4.230000019073486;256900
2021-06-04;4.21999979019165;4.289999961853027;4.190000057220459;4.210000038146973;234400
2021-06-07;4.329999923706055;4.5;4.230000019073486;4.449999809265137;497300
2021-06-08;4.46999979019165;4.679999828338623;4.349999904632568;4.610000133514404;646800
2021-06-09;4.650000095367432;4.900000095367432;4.610000133514404;4.699999809265137;365500
2021-06-10;4.710000038146973;4.889999866485596;4.670000076293945;4.840000152587891;266300
2021-06-11;4.860000133514404;4.929999828338623;4.679999828338623;4.730000019073486;347400
2021-06-14;4.730000019073486;4.789999961853027;4.610000133514404;4.690000057220459;235000
2021-06-15;4.71999979019165;4.739999771118164;4.519999980926514;4.699999809265137;353500
2021-06-16;4.710000038146973;4.889999866485596;4.659999847412109;4.820000171661377;373400
2021-06-17;4.800000190734863;4.809999942779541;4.619999885559082;4.650000095367432;246300
2021-06-18;4.590000152587891;4.630000114440918;4.369999885559082;4.489999771118164;665200
2021-06-21;4.53000020980835;4.610000133514404;4.349999904632568;4.400000095367432;292800
2021-06-22;4.429999828338623;4.489999771118164;4.210000038146973;4.230000019073486;332800
2021-06-23;4.239999771118164;4.46999979019165;4.239999771118164;4.380000114440918;338300
2021-06-24;4.380000114440918;4.53000020980835;4.349999904632568;4.440000057220459;403000
2021-06-25;4.449999809265137;4.579999923706055;4.329999923706055;4.349999904632568;4084300
2021-06-28;4.409999847412109;4.550000190734863;4.360000133514404;4.369999885559082;400600
2021-06-29;4.380000114440918;4.380000114440918;4.099999904632568;4.139999866485596;446900
2021-06-30;4.119999885559082;4.190000057220459;3.9600000381469727;4.130000114440918;512400
2021-07-01;4.210000038146973;4.21999979019165;4.03000020980835;4.079999923706055;490300
2021-07-02;4.090000152587891;4.190000057220459;3.880000114440918;4.119999885559082;448600
2021-07-06;4.110000133514404;4.119999885559082;3.819999933242798;3.890000104904175;577100
2021-07-07;3.9200000762939453;3.9200000762939453;3.700000047683716;3.740000009536743;447400
2021-07-08;3.7100000381469727;3.890000104904175;3.5999999046325684;3.8299999237060547;381000
2021-07-09;3.8499999046325684;3.940000057220459;3.740000009536743;3.9100000858306885;230800
2021-07-12;3.930000066757202;3.940000057220459;3.759999990463257;3.799999952316284;251900
2021-07-13;3.799999952316284;3.8499999046325684;3.6600000858306885;3.680000066757202;313600
2021-07-14;3.680000066757202;3.700000047683716;3.5;3.5;334800
2021-07-15;3.5;3.559999942779541;3.380000114440918;3.4700000286102295;341100
2021-07-16;3.490000009536743;3.509999990463257;3.369999885559082;3.4100000858306885;225900
2021-07-19;3.380000114440918;3.430000066757202;3.259999990463257;3.3499999046325684;293500
2021-07-20;3.3499999046325684;3.4700000286102295;3.3299999237060547;3.4600000381469727;216800
