date,1. open,2. high,3. low,4. close,5. volume,Ticker
2023-02-10 16:02:00,30.49,30.49,30.49,30.49,130.0,ANF
2023-02-10 16:01:00,30.49,30.49,30.49,30.49,17416.0,ANF
2023-02-10 16:00:00,30.52,30.52,30.49,30.5,32688.0,ANF
2023-02-10 15:59:00,30.51,30.525,30.49,30.52,34267.0,ANF
2023-02-10 15:58:00,30.505,30.53,30.48,30.515,39474.0,ANF
2023-02-10 15:57:00,30.58,30.585,30.505,30.505,33281.0,ANF
2023-02-10 15:56:00,30.56,30.59,30.555,30.585,19132.0,ANF
2023-02-10 15:55:00,30.54,30.605,30.54,30.57,19356.0,ANF
2023-02-10 15:54:00,30.555,30.565,30.54,30.545,16169.0,ANF
2023-02-10 15:53:00,30.545,30.56,30.54,30.555,10853.0,ANF
2023-02-10 15:52:00,30.65,30.65,30.54,30.55,14333.0,ANF
2023-02-10 15:51:00,30.65,30.665,30.625,30.655,24011.0,ANF
2023-02-10 15:50:00,30.635,30.655,30.635,30.655,5876.0,ANF
2023-02-10 15:49:00,30.625,30.635,30.625,30.635,4643.0,ANF
2023-02-10 15:48:00,30.675,30.675,30.625,30.635,10413.0,ANF
2023-02-10 15:47:00,30.69,30.69,30.67,30.675,7885.0,ANF
2023-02-10 15:46:00,30.675,30.685,30.67,30.685,3841.0,ANF
2023-02-10 15:45:00,30.665,30.69,30.66,30.66,11040.0,ANF
2023-02-10 15:44:00,30.67,30.67,30.66,30.66,1884.0,ANF
2023-02-10 15:43:00,30.665,30.68,30.655,30.67,11986.0,ANF
2023-02-10 15:42:00,30.695,30.695,30.665,30.665,4064.0,ANF
2023-02-10 15:41:00,30.715,30.715,30.69,30.695,7522.0,ANF
2023-02-10 15:40:00,30.725,30.73,30.715,30.715,4624.0,ANF
2023-02-10 15:39:00,30.7125,30.725,30.7,30.725,6006.0,ANF
2023-02-10 15:38:00,30.715,30.72,30.715,30.715,3843.0,ANF
2023-02-10 15:37:00,30.715,30.715,30.713,30.715,1224.0,ANF
2023-02-10 15:36:00,30.7,30.72,30.7,30.715,2604.0,ANF
2023-02-10 15:35:00,30.725,30.725,30.71,30.71,4255.0,ANF
2023-02-10 15:34:00,30.725,30.725,30.725,30.725,2923.0,ANF
2023-02-10 15:33:00,30.715,30.725,30.715,30.725,1539.0,ANF
2023-02-10 15:32:00,30.725,30.725,30.715,30.715,5267.0,ANF
2023-02-10 15:31:00,30.7,30.7346,30.7,30.72,7172.0,ANF
2023-02-10 15:30:00,30.675,30.695,30.66,30.695,7501.0,ANF
2023-02-10 15:29:00,30.675,30.68,30.67,30.675,1155.0,ANF
2023-02-10 15:28:00,30.7,30.7,30.68,30.68,2009.0,ANF
2023-02-10 15:27:00,30.71,30.715,30.7,30.705,4504.0,ANF
2023-02-10 15:26:00,30.69,30.71,30.69,30.71,4067.0,ANF
2023-02-10 15:25:00,30.67,30.68,30.665,30.68,4002.0,ANF
2023-02-10 15:24:00,30.725,30.725,30.67,30.67,1484.0,ANF
2023-02-10 15:23:00,30.72,30.735,30.72,30.725,2495.0,ANF
2023-02-10 15:22:00,30.765,30.77,30.71,30.715,10879.0,ANF
2023-02-10 15:21:00,30.74,30.775,30.74,30.765,5183.0,ANF
2023-02-10 15:20:00,30.73,30.74,30.73,30.74,2573.0,ANF
2023-02-10 15:19:00,30.715,30.745,30.715,30.745,2976.0,ANF
2023-02-10 15:18:00,30.715,30.715,30.715,30.715,802.0,ANF
2023-02-10 15:17:00,30.735,30.735,30.71,30.71,3062.0,ANF
2023-02-10 15:16:00,30.705,30.735,30.7,30.735,3971.0,ANF
2023-02-10 15:15:00,30.7,30.705,30.7,30.705,2483.0,ANF
2023-02-10 15:14:00,30.71,30.71,30.705,30.705,727.0,ANF
2023-02-10 15:13:00,30.7,30.71,30.7,30.71,2489.0,ANF
2023-02-10 15:12:00,30.665,30.7,30.655,30.7,14012.0,ANF
2023-02-10 15:11:00,30.665,30.67,30.66,30.665,2586.0,ANF
2023-02-10 15:10:00,30.665,30.68,30.66,30.665,17992.0,ANF
2023-02-10 15:09:00,30.675,30.675,30.655,30.66,6560.0,ANF
2023-02-10 15:08:00,30.685,30.69,30.675,30.675,1596.0,ANF
2023-02-10 15:07:00,30.675,30.685,30.675,30.685,1272.0,ANF
2023-02-10 15:06:00,30.665,30.675,30.665,30.67,1772.0,ANF
2023-02-10 15:05:00,30.695,30.695,30.66,30.665,2552.0,ANF
2023-02-10 15:04:00,30.72,30.725,30.695,30.695,3177.0,ANF
2023-02-10 15:03:00,30.7,30.735,30.7,30.725,3972.0,ANF
2023-02-10 15:02:00,30.695,30.7,30.695,30.7,520.0,ANF
2023-02-10 15:01:00,30.685,30.69,30.685,30.69,2850.0,ANF
2023-02-10 15:00:00,30.665,30.685,30.665,30.685,3843.0,ANF
2023-02-10 14:59:00,30.675,30.675,30.665,30.665,1040.0,ANF
2023-02-10 14:58:00,30.69,30.695,30.68,30.68,2880.0,ANF
2023-02-10 14:57:00,30.695,30.695,30.695,30.695,808.0,ANF
2023-02-10 14:56:00,30.715,30.72,30.695,30.695,3374.0,ANF
2023-02-10 14:55:00,30.69,30.72,30.69,30.72,2022.0,ANF
2023-02-10 14:54:00,30.68,30.695,30.68,30.695,2391.0,ANF
2023-02-10 14:53:00,30.685,30.685,30.67,30.675,1917.0,ANF
2023-02-10 14:52:00,30.68,30.685,30.68,30.685,516.0,ANF
2023-02-10 14:51:00,30.685,30.695,30.68,30.68,2794.0,ANF
2023-02-10 14:50:00,30.69,30.69,30.68,30.685,3138.0,ANF
2023-02-10 14:49:00,30.67,30.685,30.6655,30.685,3100.0,ANF
2023-02-10 14:48:00,30.665,30.67,30.65,30.67,8630.0,ANF
2023-02-10 14:47:00,30.665,30.67,30.665,30.665,943.0,ANF
2023-02-10 14:46:00,30.67,30.67,30.665,30.665,1145.0,ANF
2023-02-10 14:45:00,30.67,30.675,30.66,30.67,5169.0,ANF
2023-02-10 14:44:00,30.675,30.675,30.67,30.675,651.0,ANF
2023-02-10 14:43:00,30.69,30.69,30.68,30.68,2136.0,ANF
2023-02-10 14:42:00,30.69,30.695,30.69,30.69,654.0,ANF
2023-02-10 14:41:00,30.705,30.705,30.69,30.695,1924.0,ANF
2023-02-10 14:40:00,30.705,30.705,30.7,30.705,671.0,ANF
2023-02-10 14:39:00,30.705,30.71,30.705,30.71,1313.0,ANF
2023-02-10 14:38:00,30.74,30.74,30.7,30.7,2397.0,ANF
2023-02-10 14:37:00,30.755,30.755,30.745,30.745,1206.0,ANF
2023-02-10 14:36:00,30.75,30.75,30.75,30.75,235.0,ANF
2023-02-10 14:35:00,30.77,30.77,30.75,30.75,1242.0,ANF
2023-02-10 14:34:00,30.76,30.77,30.76,30.76,2329.0,ANF
2023-02-10 14:33:00,30.72,30.7541,30.72,30.75,4948.0,ANF
2023-02-10 14:32:00,30.71,30.74,30.71,30.72,2855.0,ANF
2023-02-10 14:31:00,30.71,30.71,30.71,30.71,1134.0,ANF
2023-02-10 14:30:00,30.69,30.71,30.69,30.71,2252.0,ANF
2023-02-10 14:29:00,30.685,30.69,30.68,30.69,1485.0,ANF
2023-02-10 14:28:00,30.68,30.69,30.68,30.69,5203.0,ANF
2023-02-10 14:27:00,30.685,30.685,30.685,30.685,364.0,ANF
2023-02-10 14:26:00,30.67,30.69,30.67,30.69,3586.0,ANF
2023-02-10 14:25:00,30.7,30.7,30.675,30.675,2666.0,ANF
2023-02-10 14:24:00,30.705,30.705,30.695,30.695,4736.0,ANF
2023-02-10 14:23:00,30.7,30.7,30.7,30.7,1664.0,ANF
2023-02-10 14:22:00,30.71,30.71,30.71,30.71,1424.0,ANF
2023-02-10 14:21:00,30.69,30.7,30.69,30.695,1538.0,ANF
2023-02-10 14:20:00,30.675,30.7,30.675,30.69,2344.0,ANF
2023-02-10 14:19:00,30.68,30.68,30.66,30.67,3893.0,ANF
2023-02-10 14:18:00,30.69,30.69,30.67,30.67,1012.0,ANF
2023-02-10 14:17:00,30.7,30.7,30.7,30.7,287.0,ANF
2023-02-10 14:16:00,30.735,30.735,30.7,30.7,2325.0,ANF
2023-02-10 14:15:00,30.74,30.74,30.74,30.74,1464.0,ANF
2023-02-10 14:14:00,30.715,30.73,30.715,30.73,1557.0,ANF
2023-02-10 14:13:00,30.69,30.72,30.69,30.71,2407.0,ANF
2023-02-10 14:12:00,30.695,30.695,30.685,30.685,800.0,ANF
2023-02-10 14:11:00,30.7,30.71,30.69,30.695,3329.0,ANF
2023-02-10 14:10:00,30.705,30.705,30.7,30.7,966.0,ANF
2023-02-10 14:09:00,30.69,30.69,30.69,30.69,1043.0,ANF
2023-02-10 14:08:00,30.69,30.69,30.68,30.68,2224.0,ANF
2023-02-10 14:07:00,30.69,30.69,30.69,30.69,120.0,ANF
2023-02-10 14:06:00,30.68,30.7,30.68,30.69,1713.0,ANF
2023-02-10 14:05:00,30.7,30.7,30.6704,30.6704,1979.0,ANF
2023-02-10 14:04:00,30.69,30.71,30.69,30.705,1856.0,ANF
2023-02-10 14:03:00,30.685,30.69,30.67,30.685,2731.0,ANF
2023-02-10 14:01:00,30.71,30.71,30.69,30.69,1154.0,ANF
2023-02-10 14:00:00,30.69,30.7,30.69,30.69,950.0,ANF
2023-02-10 13:59:00,30.67,30.7,30.67,30.695,2767.0,ANF
2023-02-10 13:58:00,30.69,30.69,30.66,30.675,4743.0,ANF
2023-02-10 13:57:00,30.7,30.7,30.69,30.69,464.0,ANF
2023-02-10 13:56:00,30.71,30.71,30.7,30.7,389.0,ANF
2023-02-10 13:55:00,30.7,30.71,30.7,30.71,1385.0,ANF
2023-02-10 13:54:00,30.71,30.725,30.7,30.725,3229.0,ANF
2023-02-10 13:53:00,30.74,30.74,30.71,30.71,1745.0,ANF
2023-02-10 13:52:00,30.745,30.745,30.745,30.745,462.0,ANF
2023-02-10 13:51:00,30.75,30.75,30.7401,30.75,565.0,ANF
2023-02-10 13:50:00,30.785,30.785,30.76,30.76,1211.0,ANF
2023-02-10 13:49:00,30.825,30.83,30.785,30.785,2973.0,ANF
2023-02-10 13:48:00,30.825,30.83,30.825,30.83,489.0,ANF
2023-02-10 13:47:00,30.81,30.82,30.805,30.815,1557.0,ANF
2023-02-10 13:46:00,30.81,30.81,30.8,30.8,584.0,ANF
2023-02-10 13:45:00,30.795,30.81,30.795,30.81,1364.0,ANF
2023-02-10 13:44:00,30.76,30.79,30.76,30.79,1154.0,ANF
2023-02-10 13:43:00,30.8,30.8,30.75,30.76,3159.0,ANF
2023-02-10 13:42:00,30.81,30.82,30.81,30.81,1577.0,ANF
2023-02-10 13:41:00,30.79,30.8,30.78,30.8,1493.0,ANF
2023-02-10 13:40:00,30.785,30.8,30.785,30.8,1480.0,ANF
2023-02-10 13:39:00,30.78,30.78,30.78,30.78,606.0,ANF
2023-02-10 13:38:00,30.785,30.785,30.76,30.78,2240.0,ANF
2023-02-10 13:37:00,30.86,30.86,30.785,30.785,2544.0,ANF
2023-02-10 13:36:00,30.88,30.89,30.86,30.875,3807.0,ANF
2023-02-10 13:35:00,30.875,30.875,30.875,30.875,377.0,ANF
2023-02-10 13:34:00,30.855,30.88,30.855,30.875,1864.0,ANF
2023-02-10 13:32:00,30.85,30.85,30.84,30.85,2630.0,ANF
2023-02-10 13:31:00,30.855,30.855,30.85,30.855,464.0,ANF
2023-02-10 13:30:00,30.85,30.85,30.845,30.85,885.0,ANF
2023-02-10 13:29:00,30.85,30.8502,30.84,30.85,1887.0,ANF
2023-02-10 13:28:00,30.84,30.85,30.84,30.85,1990.0,ANF
2023-02-10 13:27:00,30.835,30.84,30.83,30.84,678.0,ANF
2023-02-10 13:26:00,30.835,30.84,30.835,30.84,395.0,ANF
2023-02-10 13:25:00,30.84,30.845,30.84,30.84,964.0,ANF
2023-02-10 13:24:00,30.82,30.83,30.82,30.83,918.0,ANF
2023-02-10 13:23:00,30.82,30.825,30.82,30.82,732.0,ANF
2023-02-10 13:22:00,30.82,30.82,30.81,30.81,1775.0,ANF
2023-02-10 13:21:00,30.79,30.83,30.79,30.82,2676.0,ANF
2023-02-10 13:20:00,30.78,30.7857,30.78,30.7857,911.0,ANF
2023-02-10 13:19:00,30.82,30.82,30.77,30.77,2225.0,ANF
2023-02-10 13:18:00,30.835,30.835,30.825,30.825,964.0,ANF
2023-02-10 13:17:00,30.83,30.85,30.83,30.83,2132.0,ANF
2023-02-10 13:16:00,30.82,30.83,30.82,30.83,2653.0,ANF
2023-02-10 13:15:00,30.81,30.82,30.81,30.815,856.0,ANF
2023-02-10 13:14:00,30.8,30.8,30.79,30.8,1703.0,ANF
2023-02-10 13:13:00,30.8,30.81,30.8,30.81,1139.0,ANF
2023-02-10 13:11:00,30.81,30.81,30.795,30.795,790.0,ANF
2023-02-10 13:10:00,30.83,30.83,30.81,30.815,1093.0,ANF
2023-02-10 13:09:00,30.84,30.84,30.84,30.84,720.0,ANF
2023-02-10 13:08:00,30.845,30.845,30.83,30.83,665.0,ANF
2023-02-10 13:07:00,30.85,30.86,30.825,30.84,3042.0,ANF
2023-02-10 13:06:00,30.83,30.84,30.83,30.84,709.0,ANF
2023-02-10 13:05:00,30.84,30.85,30.84,30.85,454.0,ANF
2023-02-10 13:04:00,30.84,30.84,30.84,30.84,365.0,ANF
2023-02-10 13:03:00,30.83,30.845,30.83,30.845,846.0,ANF
2023-02-10 13:02:00,30.805,30.82,30.805,30.82,593.0,ANF
2023-02-10 13:01:00,30.82,30.82,30.8,30.81,1371.0,ANF
2023-02-10 13:00:00,30.82,30.82,30.82,30.82,506.0,ANF
2023-02-10 12:59:00,30.84,30.84,30.8,30.815,1361.0,ANF
2023-02-10 12:58:00,30.89,30.89,30.825,30.825,3343.0,ANF
2023-02-10 12:57:00,30.89,30.925,30.89,30.905,8284.0,ANF
2023-02-10 12:56:00,30.86,30.88,30.85,30.88,4184.0,ANF
2023-02-10 12:55:00,30.82,30.85,30.82,30.84,4442.0,ANF
2023-02-10 12:54:00,30.81,30.84,30.81,30.83,3846.0,ANF
2023-02-10 12:53:00,30.81,30.82,30.7919,30.82,423.0,ANF
2023-02-10 12:52:00,30.75,30.8,30.75,30.8,3576.0,ANF
2023-02-10 12:51:00,30.76,30.76,30.76,30.76,530.0,ANF
2023-02-10 12:50:00,30.81,30.81,30.76,30.76,1241.0,ANF
2023-02-10 12:49:00,30.835,30.84,30.82,30.82,3299.0,ANF
2023-02-10 12:48:00,30.79,30.84,30.79,30.84,1101.0,ANF
2023-02-10 12:47:00,30.81,30.81,30.79,30.79,1366.0,ANF
2023-02-10 12:46:00,30.8,30.82,30.8,30.8,1793.0,ANF
2023-02-10 12:45:00,30.775,30.775,30.77,30.77,309.0,ANF
2023-02-10 12:44:00,30.7501,30.82,30.75,30.77,21729.0,ANF
2023-02-10 12:43:00,30.6855,30.74,30.685,30.74,6092.0,ANF
2023-02-10 12:42:00,30.685,30.685,30.685,30.685,284.0,ANF
2023-02-10 12:41:00,30.66,30.69,30.66,30.69,1475.0,ANF
2023-02-10 12:40:00,30.65,30.65,30.65,30.65,106.0,ANF
2023-02-10 12:39:00,30.66,30.665,30.65,30.66,1230.0,ANF
2023-02-10 12:38:00,30.66,30.66,30.6524,30.6524,228.0,ANF
2023-02-10 12:37:00,30.63,30.67,30.63,30.67,1523.0,ANF
2023-02-10 12:36:00,30.63,30.63,30.62,30.62,736.0,ANF
2023-02-10 12:35:00,30.64,30.64,30.635,30.635,670.0,ANF
2023-02-10 12:34:00,30.65,30.65,30.65,30.65,220.0,ANF
2023-02-10 12:33:00,30.67,30.68,30.66,30.66,1047.0,ANF
2023-02-10 12:32:00,30.66,30.68,30.65,30.66,2522.0,ANF
2023-02-10 12:31:00,30.65,30.65,30.64,30.65,993.0,ANF
2023-02-10 12:30:00,30.62,30.65,30.62,30.65,835.0,ANF
2023-02-10 12:29:00,30.61,30.615,30.61,30.615,866.0,ANF
2023-02-10 12:28:00,30.62,30.62,30.57,30.62,7611.0,ANF
2023-02-10 12:27:00,30.56,30.61,30.56,30.61,2262.0,ANF
2023-02-10 12:26:00,30.53,30.545,30.53,30.545,1201.0,ANF
2023-02-10 12:25:00,30.5292,30.5292,30.505,30.52,1479.0,ANF
2023-02-10 12:24:00,30.495,30.52,30.495,30.52,1102.0,ANF
2023-02-10 12:23:00,30.52,30.52,30.5,30.51,1035.0,ANF
2023-02-10 12:22:00,30.57,30.57,30.52,30.52,1721.0,ANF
2023-02-10 12:21:00,30.53,30.57,30.53,30.565,2187.0,ANF
2023-02-10 12:19:00,30.52,30.53,30.5,30.525,1984.0,ANF
2023-02-10 12:18:00,30.505,30.505,30.505,30.505,365.0,ANF
2023-02-10 12:17:00,30.52,30.52,30.51,30.51,653.0,ANF
2023-02-10 12:16:00,30.53,30.535,30.525,30.525,1603.0,ANF
2023-02-10 12:15:00,30.59,30.59,30.52,30.52,2430.0,ANF
2023-02-10 12:13:00,30.63,30.63,30.6,30.61,1129.0,ANF
2023-02-10 12:12:00,30.635,30.635,30.63,30.63,770.0,ANF
2023-02-10 12:11:00,30.64,30.64,30.64,30.64,401.0,ANF
2023-02-10 12:10:00,30.62,30.63,30.615,30.615,822.0,ANF
2023-02-10 12:09:00,30.645,30.645,30.62,30.62,544.0,ANF
2023-02-10 12:08:00,30.635,30.635,30.635,30.635,113.0,ANF
2023-02-10 12:07:00,30.6,30.63,30.59,30.63,1025.0,ANF
2023-02-10 12:06:00,30.64,30.67,30.635,30.635,3207.0,ANF
2023-02-10 12:05:00,30.64,30.64,30.625,30.63,617.0,ANF
2023-02-10 12:04:00,30.665,30.665,30.655,30.655,282.0,ANF
2023-02-10 12:03:00,30.68,30.68,30.665,30.665,651.0,ANF
2023-02-10 12:02:00,30.74,30.74,30.68,30.69,1857.0,ANF
2023-02-10 12:01:00,30.742,30.75,30.73,30.73,729.0,ANF
2023-02-10 12:00:00,30.75,30.76,30.74,30.76,510.0,ANF
2023-02-10 11:59:00,30.75,30.76,30.745,30.745,422.0,ANF
2023-02-10 11:58:00,30.795,30.8,30.79,30.79,1925.0,ANF
2023-02-10 11:57:00,30.825,30.825,30.81,30.8186,1129.0,ANF
2023-02-10 11:56:00,30.81,30.81,30.81,30.81,953.0,ANF
2023-02-10 11:55:00,30.79,30.79,30.79,30.79,445.0,ANF
2023-02-10 11:54:00,30.77,30.78,30.76,30.77,2091.0,ANF
2023-02-10 11:52:00,30.77,30.78,30.76,30.775,1770.0,ANF
2023-02-10 11:51:00,30.77,30.78,30.77,30.78,756.0,ANF
2023-02-10 11:50:00,30.7,30.76,30.7,30.76,2000.0,ANF
2023-02-10 11:49:00,30.675,30.69,30.675,30.69,926.0,ANF
2023-02-10 11:48:00,30.69,30.7,30.69,30.695,750.0,ANF
2023-02-10 11:47:00,30.71,30.71,30.69,30.69,1222.0,ANF
2023-02-10 11:46:00,30.7399,30.7399,30.72,30.72,956.0,ANF
2023-02-10 11:44:00,30.75,30.75,30.74,30.74,725.0,ANF
2023-02-10 11:43:00,30.76,30.76,30.75,30.75,1157.0,ANF
2023-02-10 11:42:00,30.72,30.72,30.72,30.72,849.0,ANF
2023-02-10 11:40:00,30.68,30.69,30.68,30.68,847.0,ANF
2023-02-10 11:39:00,30.74,30.74,30.71,30.71,1249.0,ANF
2023-02-10 11:37:00,30.75,30.75,30.73,30.75,1003.0,ANF
2023-02-10 11:36:00,30.69,30.71,30.69,30.71,1655.0,ANF
2023-02-10 11:35:00,30.69,30.69,30.68,30.68,339.0,ANF
2023-02-10 11:34:00,30.68,30.68,30.665,30.665,938.0,ANF
2023-02-10 11:33:00,30.655,30.655,30.655,30.655,264.0,ANF
2023-02-10 11:32:00,30.69,30.69,30.66,30.67,803.0,ANF
2023-02-10 11:31:00,30.72,30.72,30.71,30.71,670.0,ANF
2023-02-10 11:30:00,30.745,30.745,30.745,30.745,189.0,ANF
2023-02-10 11:29:00,30.77,30.77,30.74,30.75,1179.0,ANF
2023-02-10 11:28:00,30.7451,30.76,30.7451,30.76,432.0,ANF
2023-02-10 11:27:00,30.77,30.77,30.73,30.73,2340.0,ANF
2023-02-10 11:26:00,30.79,30.79,30.78,30.78,1267.0,ANF
2023-02-10 11:25:00,30.785,30.785,30.75,30.75,1692.0,ANF
2023-02-10 11:24:00,30.74,30.785,30.74,30.785,2330.0,ANF
2023-02-10 11:23:00,30.68,30.73,30.68,30.73,2865.0,ANF
2023-02-10 11:22:00,30.7,30.7,30.7,30.7,105.0,ANF
2023-02-10 11:21:00,30.705,30.705,30.685,30.7,1003.0,ANF
2023-02-10 11:20:00,30.705,30.72,30.705,30.71,329.0,ANF
2023-02-10 11:19:00,30.7,30.7,30.7,30.7,209.0,ANF
2023-02-10 11:17:00,30.69,30.69,30.69,30.69,732.0,ANF
2023-02-10 11:16:00,30.67,30.715,30.67,30.715,542.0,ANF
2023-02-10 11:15:00,30.64,30.67,30.61,30.67,2073.0,ANF
2023-02-10 11:14:00,30.63,30.66,30.62,30.635,26428.0,ANF
2023-02-10 11:13:00,30.64,30.67,30.64,30.64,1278.0,ANF
2023-02-10 11:12:00,30.595,30.64,30.595,30.64,1701.0,ANF
2023-02-10 11:11:00,30.6199,30.6199,30.595,30.595,234.0,ANF
2023-02-10 11:10:00,30.6,30.61,30.595,30.595,1002.0,ANF
2023-02-10 11:09:00,30.565,30.59,30.56,30.58,2698.0,ANF
2023-02-10 11:08:00,30.546,30.57,30.546,30.55,698.0,ANF
2023-02-10 11:07:00,30.55,30.6,30.5,30.58,7203.0,ANF
2023-02-10 11:06:00,30.55,30.55,30.53,30.535,482.0,ANF
2023-02-10 11:05:00,30.5,30.53,30.5,30.53,1163.0,ANF
2023-02-10 11:04:00,30.5,30.5,30.46,30.49,1749.0,ANF
2023-02-10 11:03:00,30.59,30.61,30.54,30.54,2740.0,ANF
2023-02-10 11:02:00,30.58,30.61,30.55,30.59,1844.0,ANF
2023-02-10 11:01:00,30.52,30.65,30.52,30.595,46711.0,ANF
2023-02-10 11:00:00,30.55,30.55,30.53,30.53,402.0,ANF
2023-02-10 10:59:00,30.52,30.55,30.52,30.52,1452.0,ANF
2023-02-10 10:58:00,30.59,30.595,30.52,30.52,2218.0,ANF
2023-02-10 10:57:00,30.575,30.61,30.575,30.605,1020.0,ANF
2023-02-10 10:56:00,30.68,30.68,30.54,30.575,6014.0,ANF
2023-02-10 10:55:00,30.65,30.7,30.65,30.68,8476.0,ANF
2023-02-10 10:54:00,30.84,30.84,30.61,30.63,12490.0,ANF
2023-02-10 10:53:00,30.85,30.87,30.85,30.85,2149.0,ANF
2023-02-10 10:52:00,30.885,30.885,30.83,30.86,1897.0,ANF
2023-02-10 10:51:00,30.87,30.89,30.87,30.885,1872.0,ANF
2023-02-10 10:50:00,30.86,30.89,30.855,30.89,1209.0,ANF
2023-02-10 10:49:00,30.87,30.87,30.84,30.86,2082.0,ANF
2023-02-10 10:48:00,30.85,30.9,30.85,30.87,4936.0,ANF
2023-02-10 10:47:00,30.83,30.86,30.81,30.86,4147.0,ANF
2023-02-10 10:46:00,30.79,30.82,30.78,30.82,8515.0,ANF
2023-02-10 10:45:00,30.795,30.795,30.78,30.795,931.0,ANF
2023-02-10 10:44:00,30.78,30.8,30.77,30.78,2430.0,ANF
2023-02-10 10:42:00,30.8,30.8,30.8,30.8,288.0,ANF
2023-02-10 10:41:00,30.87,30.87,30.77,30.79,2480.0,ANF
2023-02-10 10:40:00,30.86,30.875,30.83,30.86,3832.0,ANF
2023-02-10 10:39:00,30.805,30.895,30.805,30.88,3418.0,ANF
2023-02-10 10:38:00,30.8,30.8,30.8,30.8,897.0,ANF
2023-02-10 10:37:00,30.76,30.82,30.75,30.82,1568.0,ANF
2023-02-10 10:36:00,30.8,30.8,30.76,30.78,3220.0,ANF
2023-02-10 10:35:00,30.78,30.82,30.78,30.8,2928.0,ANF
2023-02-10 10:34:00,30.73,30.79,30.73,30.785,3398.0,ANF
2023-02-10 10:33:00,30.73,30.73,30.73,30.73,374.0,ANF
2023-02-10 10:32:00,30.75,30.77,30.73,30.74,587.0,ANF
2023-02-10 10:31:00,30.73,30.75,30.73,30.75,562.0,ANF
2023-02-10 10:30:00,30.75,30.75,30.73,30.745,1000.0,ANF
2023-02-10 10:29:00,30.77,30.77,30.76,30.77,1078.0,ANF
2023-02-10 10:28:00,30.76,30.79,30.76,30.79,876.0,ANF
2023-02-10 10:27:00,30.74,30.77,30.7,30.75,3601.0,ANF
2023-02-10 10:26:00,30.77,30.8,30.76,30.76,2320.0,ANF
2023-02-10 10:25:00,30.78,30.78,30.73,30.75,2835.0,ANF
2023-02-10 10:24:00,30.81,30.81,30.79,30.795,1248.0,ANF
2023-02-10 10:23:00,30.77,30.8,30.74,30.8,2429.0,ANF
2023-02-10 10:22:00,30.79,30.795,30.76,30.77,2120.0,ANF
2023-02-10 10:21:00,30.86,30.86,30.79,30.82,3480.0,ANF
2023-02-10 10:20:00,30.83,30.875,30.83,30.875,2521.0,ANF
2023-02-10 10:19:00,30.795,30.83,30.79,30.82,2712.0,ANF
2023-02-10 10:18:00,30.76,30.8,30.76,30.795,2410.0,ANF
2023-02-10 10:17:00,30.73,30.75,30.73,30.735,1930.0,ANF
2023-02-10 10:16:00,30.75,30.75,30.74,30.74,1538.0,ANF
2023-02-10 10:15:00,30.66,30.74,30.66,30.74,4525.0,ANF
2023-02-10 10:14:00,30.595,30.64,30.595,30.64,2507.0,ANF
2023-02-10 10:13:00,30.595,30.595,30.59,30.595,671.0,ANF
2023-02-10 10:12:00,30.58,30.58,30.58,30.58,118.0,ANF
2023-02-10 10:11:00,30.54,30.59,30.54,30.585,2347.0,ANF
2023-02-10 10:10:00,30.49,30.53,30.49,30.53,961.0,ANF
2023-02-10 10:09:00,30.44,30.5,30.44,30.47,1814.0,ANF
2023-02-10 10:08:00,30.4,30.4,30.4,30.4,328.0,ANF
2023-02-10 10:07:00,30.39,30.4355,30.345,30.345,1403.0,ANF
2023-02-10 10:06:00,30.35,30.38,30.35,30.38,1407.0,ANF
2023-02-10 10:05:00,30.305,30.33,30.3,30.33,592.0,ANF
2023-02-10 10:04:00,30.27,30.29,30.23,30.29,1471.0,ANF
2023-02-10 10:03:00,30.3,30.325,30.295,30.325,1141.0,ANF
2023-02-10 10:02:00,30.21,30.33,30.2,30.29,3779.0,ANF
2023-02-10 10:01:00,30.19,30.245,30.19,30.245,2281.0,ANF
2023-02-10 09:57:00,30.18,30.18,30.18,30.18,145.0,ANF
2023-02-10 09:56:00,30.19,30.19,30.15,30.175,1425.0,ANF
2023-02-10 09:54:00,30.25,30.25,30.25,30.25,154.0,ANF
2023-02-10 09:53:00,30.33,30.33,30.3,30.3,290.0,ANF
2023-02-10 09:52:00,30.415,30.415,30.415,30.415,311.0,ANF
2023-02-10 09:51:00,30.375,30.4375,30.32,30.4375,4185.0,ANF
2023-02-10 09:50:00,30.385,30.42,30.385,30.42,762.0,ANF
2023-02-10 09:48:00,30.39,30.39,30.39,30.39,155.0,ANF
2023-02-10 09:47:00,30.52,30.52,30.47,30.485,929.0,ANF
2023-02-10 09:46:00,30.42,30.55,30.42,30.52,2230.0,ANF
2023-02-10 09:45:00,30.425,30.425,30.425,30.425,100.0,ANF
2023-02-10 09:44:00,30.42,30.45,30.4,30.44,1718.0,ANF
2023-02-10 09:43:00,30.38,30.39,30.355,30.355,1033.0,ANF
2023-02-10 09:41:00,30.52,30.565,30.45,30.47,2817.0,ANF
2023-02-10 09:40:00,30.52,30.61,30.52,30.565,1522.0,ANF
2023-02-10 09:39:00,30.32,30.47,30.32,30.47,5522.0,ANF
2023-02-10 09:38:00,30.37,30.37,30.32,30.32,306.0,ANF
2023-02-10 09:37:00,30.35,30.38,30.35,30.36,782.0,ANF
2023-02-10 09:36:00,30.22,30.3,30.22,30.29,3020.0,ANF
2023-02-10 09:35:00,30.155,30.155,30.155,30.155,177.0,ANF
2023-02-10 09:34:00,30.24,30.24,30.13,30.165,2687.0,ANF
2023-02-10 09:33:00,30.175,30.32,30.175,30.24,3110.0,ANF
2023-02-10 09:32:00,30.2,30.24,30.195,30.195,757.0,ANF
2023-02-10 09:31:00,30.01,30.17,30.01,30.17,5230.0,ANF
2023-02-09 16:02:00,30.41,30.41,30.41,30.41,1112.0,ANF
2023-02-09 16:01:00,30.41,30.41,30.41,30.41,14719.0,ANF
2023-02-09 16:00:00,30.39,30.42,30.39,30.42,46892.0,ANF
2023-02-09 15:59:00,30.375,30.41,30.37,30.39,27430.0,ANF
2023-02-09 15:58:00,30.415,30.415,30.37,30.37,25523.0,ANF
2023-02-09 15:57:00,30.385,30.42,30.37,30.415,28613.0,ANF
2023-02-09 15:56:00,30.43,30.43,30.38,30.39,16010.0,ANF
2023-02-09 15:55:00,30.475,30.4775,30.43,30.435,26869.0,ANF
2023-02-09 15:54:00,30.46,30.48,30.45,30.475,10714.0,ANF
2023-02-09 15:53:00,30.45,30.47,30.44,30.455,11642.0,ANF
2023-02-09 15:52:00,30.45,30.46,30.425,30.44,10182.0,ANF
2023-02-09 15:51:00,30.32,30.45,30.32,30.45,12108.0,ANF
2023-02-09 15:50:00,30.335,30.34,30.305,30.315,9811.0,ANF
2023-02-09 15:49:00,30.31,30.36,30.305,30.34,11489.0,ANF
2023-02-09 15:48:00,30.36,30.36,30.32,30.32,5025.0,ANF
2023-02-09 15:47:00,30.375,30.4,30.36,30.37,6307.0,ANF
2023-02-09 15:46:00,30.38,30.38,30.355,30.375,18385.0,ANF
2023-02-09 15:45:00,30.42,30.43,30.37,30.38,13737.0,ANF
2023-02-09 15:44:00,30.425,30.425,30.415,30.42,3577.0,ANF
2023-02-09 15:43:00,30.41,30.43,30.41,30.42,6377.0,ANF
2023-02-09 15:42:00,30.4,30.42,30.39,30.41,6630.0,ANF
2023-02-09 15:41:00,30.395,30.41,30.385,30.4,4962.0,ANF
2023-02-09 15:40:00,30.43,30.43,30.37,30.4,9405.0,ANF
2023-02-09 15:39:00,30.43,30.44,30.43,30.435,2006.0,ANF
2023-02-09 15:38:00,30.455,30.455,30.43,30.435,3237.0,ANF
2023-02-09 15:37:00,30.41,30.46,30.41,30.455,7653.0,ANF
2023-02-09 15:36:00,30.42,30.43,30.4,30.405,4210.0,ANF
2023-02-09 15:35:00,30.45,30.45,30.41,30.42,4381.0,ANF
2023-02-09 15:34:00,30.465,30.465,30.455,30.455,4559.0,ANF
2023-02-09 15:33:00,30.48,30.48,30.455,30.465,4920.0,ANF
2023-02-09 15:32:00,30.49,30.49,30.46,30.48,3968.0,ANF
2023-02-09 15:31:00,30.48,30.505,30.48,30.48,6080.0,ANF
2023-02-09 15:30:00,30.5,30.51,30.485,30.485,2555.0,ANF
2023-02-09 15:29:00,30.49,30.49,30.485,30.49,1227.0,ANF
2023-02-09 15:28:00,30.49,30.5,30.485,30.5,2897.0,ANF
2023-02-09 15:27:00,30.445,30.485,30.445,30.485,3803.0,ANF
2023-02-09 15:26:00,30.46,30.46,30.445,30.445,2500.0,ANF
2023-02-09 15:25:00,30.51,30.51,30.44,30.46,3772.0,ANF
2023-02-09 15:24:00,30.52,30.52,30.51,30.515,2759.0,ANF
2023-02-09 15:23:00,30.5282,30.54,30.525,30.53,2914.0,ANF
2023-02-09 15:22:00,30.48,30.53,30.475,30.52,6695.0,ANF
2023-02-09 15:21:00,30.48,30.495,30.48,30.485,3499.0,ANF
2023-02-09 15:20:00,30.49,30.495,30.485,30.485,2469.0,ANF
2023-02-09 15:19:00,30.51,30.51,30.49,30.49,2869.0,ANF
2023-02-09 15:18:00,30.51,30.53,30.51,30.52,2134.0,ANF
2023-02-09 15:17:00,30.53,30.53,30.52,30.52,923.0,ANF
2023-02-09 15:16:00,30.46,30.52,30.45,30.52,4980.0,ANF
2023-02-09 15:15:00,30.46,30.46,30.42,30.46,6936.0,ANF
2023-02-09 15:14:00,30.46,30.47,30.46,30.47,1539.0,ANF
2023-02-09 15:13:00,30.47,30.47,30.47,30.47,1334.0,ANF
2023-02-09 15:12:00,30.49,30.49,30.45,30.47,4773.0,ANF
2023-02-09 15:11:00,30.575,30.575,30.49,30.49,4706.0,ANF
2023-02-09 15:10:00,30.57,30.575,30.56,30.575,2400.0,ANF
2023-02-09 15:09:00,30.56,30.56,30.555,30.56,818.0,ANF
2023-02-09 15:08:00,30.49,30.56,30.49,30.55,7366.0,ANF
2023-02-09 15:07:00,30.51,30.51,30.49,30.49,3533.0,ANF
2023-02-09 15:06:00,30.52,30.52,30.5,30.5,2158.0,ANF
2023-02-09 15:05:00,30.57,30.57,30.52,30.535,2105.0,ANF
2023-02-09 15:04:00,30.58,30.59,30.565,30.58,4262.0,ANF
2023-02-09 15:03:00,30.57,30.59,30.57,30.58,780.0,ANF
2023-02-09 15:02:00,30.595,30.595,30.57,30.59,3907.0,ANF
2023-02-09 15:01:00,30.635,30.635,30.595,30.595,1701.0,ANF
2023-02-09 15:00:00,30.63,30.64,30.63,30.64,2479.0,ANF
2023-02-09 14:59:00,30.63,30.64,30.63,30.64,2163.0,ANF
2023-02-09 14:58:00,30.64,30.64,30.62,30.62,3350.0,ANF
2023-02-09 14:57:00,30.655,30.655,30.625,30.635,1616.0,ANF
2023-02-09 14:56:00,30.67,30.67,30.65,30.65,1413.0,ANF
2023-02-09 14:55:00,30.63,30.685,30.63,30.685,4765.0,ANF
2023-02-09 14:54:00,30.665,30.665,30.645,30.645,793.0,ANF
2023-02-09 14:53:00,30.67,30.67,30.66,30.67,900.0,ANF
2023-02-09 14:52:00,30.7,30.7,30.68,30.68,1516.0,ANF
2023-02-09 14:51:00,30.71,30.71,30.71,30.71,300.0,ANF
2023-02-09 14:50:00,30.73,30.745,30.71,30.72,2313.0,ANF
2023-02-09 14:49:00,30.68,30.72,30.68,30.72,2424.0,ANF
2023-02-09 14:48:00,30.68,30.68,30.66,30.66,1221.0,ANF
2023-02-09 14:47:00,30.71,30.71,30.69,30.69,1447.0,ANF
2023-02-09 14:46:00,30.73,30.73,30.71,30.71,2450.0,ANF
2023-02-09 14:45:00,30.73,30.74,30.73,30.73,1327.0,ANF
2023-02-09 14:44:00,30.74,30.745,30.74,30.745,836.0,ANF
2023-02-09 14:43:00,30.7,30.73,30.7,30.73,2355.0,ANF
2023-02-09 14:42:00,30.7,30.705,30.7,30.705,1839.0,ANF
2023-02-09 14:41:00,30.7,30.7,30.7,30.7,110.0,ANF
2023-02-09 14:40:00,30.67,30.695,30.67,30.695,1458.0,ANF
2023-02-09 14:39:00,30.64,30.66,30.64,30.66,1317.0,ANF
2023-02-09 14:38:00,30.631,30.631,30.62,30.63,1556.0,ANF
2023-02-09 14:37:00,30.64,30.64,30.64,30.64,363.0,ANF
2023-02-09 14:36:00,30.6,30.635,30.6,30.635,1605.0,ANF
2023-02-09 14:35:00,30.6,30.6,30.6,30.6,1483.0,ANF
2023-02-09 14:34:00,30.62,30.62,30.59,30.59,1428.0,ANF
2023-02-09 14:33:00,30.64,30.66,30.63,30.63,1830.0,ANF
2023-02-09 14:32:00,30.65,30.65,30.65,30.65,331.0,ANF
2023-02-09 14:31:00,30.62,30.65,30.62,30.65,3024.0,ANF
2023-02-09 14:30:00,30.645,30.645,30.62,30.62,831.0,ANF
2023-02-09 14:29:00,30.61,30.63,30.61,30.63,972.0,ANF
2023-02-09 14:28:00,30.63,30.63,30.61,30.61,997.0,ANF
2023-02-09 14:27:00,30.615,30.62,30.61,30.62,1024.0,ANF
2023-02-09 14:26:00,30.59,30.62,30.58,30.6,2237.0,ANF
2023-02-09 14:25:00,30.59,30.59,30.57,30.57,1185.0,ANF
2023-02-09 14:24:00,30.62,30.62,30.59,30.59,1163.0,ANF
2023-02-09 14:23:00,30.64,30.65,30.63,30.63,2632.0,ANF
2023-02-09 14:22:00,30.66,30.66,30.66,30.66,480.0,ANF
2023-02-09 14:21:00,30.64,30.67,30.64,30.67,2516.0,ANF
2023-02-09 14:20:00,30.63,30.65,30.63,30.65,1267.0,ANF
2023-02-09 14:19:00,30.64,30.64,30.63,30.64,1703.0,ANF
2023-02-09 14:17:00,30.69,30.69,30.64,30.64,1109.0,ANF
2023-02-09 14:16:00,30.71,30.71,30.7,30.7,1655.0,ANF
2023-02-09 14:15:00,30.6727,30.72,30.6727,30.7,3018.0,ANF
2023-02-09 14:14:00,30.66,30.67,30.66,30.67,1780.0,ANF
2023-02-09 14:13:00,30.68,30.68,30.67,30.67,1494.0,ANF
2023-02-09 14:12:00,30.69,30.69,30.68,30.68,1437.0,ANF
2023-02-09 14:11:00,30.69,30.695,30.69,30.695,416.0,ANF
2023-02-09 14:10:00,30.68,30.695,30.67,30.69,1882.0,ANF
2023-02-09 14:09:00,30.64,30.68,30.64,30.68,3911.0,ANF
2023-02-09 14:08:00,30.61,30.64,30.61,30.64,2320.0,ANF
2023-02-09 14:07:00,30.6,30.6,30.6,30.6,270.0,ANF
2023-02-09 14:06:00,30.57,30.6,30.57,30.6,3580.0,ANF
2023-02-09 14:05:00,30.62,30.62,30.57,30.57,781.0,ANF
2023-02-09 14:04:00,30.64,30.64,30.64,30.64,803.0,ANF
2023-02-09 14:03:00,30.7,30.71,30.65,30.65,3173.0,ANF
2023-02-09 14:02:00,30.64,30.7,30.64,30.7,2010.0,ANF
2023-02-09 14:01:00,30.67,30.67,30.66,30.66,724.0,ANF
2023-02-09 14:00:00,30.67,30.67,30.65,30.66,602.0,ANF
2023-02-09 13:59:00,30.67,30.67,30.67,30.67,902.0,ANF
2023-02-09 13:58:00,30.68,30.68,30.67,30.67,724.0,ANF
2023-02-09 13:57:00,30.74,30.74,30.695,30.695,2309.0,ANF
2023-02-09 13:56:00,30.7101,30.74,30.71,30.74,3057.0,ANF
2023-02-09 13:55:00,30.71,30.72,30.7,30.72,1765.0,ANF
2023-02-09 13:54:00,30.73,30.73,30.72,30.72,1576.0,ANF
2023-02-09 13:53:00,30.7,30.71,30.69,30.71,2158.0,ANF
2023-02-09 13:52:00,30.68,30.7,30.68,30.7,1352.0,ANF
2023-02-09 13:51:00,30.67,30.695,30.67,30.67,2703.0,ANF
2023-02-09 13:50:00,30.66,30.66,30.65,30.66,1422.0,ANF
2023-02-09 13:49:00,30.65,30.65,30.65,30.65,872.0,ANF
2023-02-09 13:48:00,30.62,30.64,30.62,30.64,4260.0,ANF
2023-02-09 13:47:00,30.63,30.64,30.62,30.63,402.0,ANF
2023-02-09 13:46:00,30.61,30.63,30.61,30.625,1069.0,ANF
2023-02-09 13:45:00,30.575,30.61,30.575,30.61,2305.0,ANF
2023-02-09 13:44:00,30.575,30.575,30.575,30.575,174.0,ANF
2023-02-09 13:43:00,30.56,30.56,30.56,30.56,777.0,ANF
2023-02-09 13:42:00,30.59,30.6,30.575,30.575,3190.0,ANF
2023-02-09 13:41:00,30.6,30.6,30.575,30.575,1370.0,ANF
2023-02-09 13:40:00,30.62,30.62,30.61,30.61,831.0,ANF
2023-02-09 13:39:00,30.63,30.63,30.63,30.63,1716.0,ANF
2023-02-09 13:38:00,30.67,30.67,30.66,30.66,1039.0,ANF
2023-02-09 13:37:00,30.72,30.72,30.7,30.7,1094.0,ANF
2023-02-09 13:36:00,30.73,30.735,30.73,30.735,1040.0,ANF
2023-02-09 13:35:00,30.73,30.74,30.73,30.74,650.0,ANF
2023-02-09 13:34:00,30.73,30.73,30.72,30.72,697.0,ANF
2023-02-09 13:33:00,30.74,30.765,30.74,30.74,3219.0,ANF
2023-02-09 13:32:00,30.68,30.73,30.68,30.73,2473.0,ANF
2023-02-09 13:31:00,30.67,30.67,30.66,30.67,1504.0,ANF
2023-02-09 13:30:00,30.69,30.69,30.67,30.67,812.0,ANF
2023-02-09 13:29:00,30.72,30.72,30.695,30.695,1600.0,ANF
2023-02-09 13:28:00,30.73,30.73,30.73,30.73,136.0,ANF
2023-02-09 13:27:00,30.725,30.74,30.725,30.73,827.0,ANF
2023-02-09 13:26:00,30.63,30.73,30.63,30.725,3482.0,ANF
2023-02-09 13:25:00,30.65,30.65,30.61,30.62,2270.0,ANF
2023-02-09 13:24:00,30.66,30.66,30.65,30.65,1362.0,ANF
2023-02-09 13:23:00,30.66,30.67,30.66,30.67,1288.0,ANF
2023-02-09 13:22:00,30.66,30.67,30.66,30.67,677.0,ANF
2023-02-09 13:21:00,30.645,30.66,30.645,30.66,761.0,ANF
2023-02-09 13:20:00,30.65,30.65,30.645,30.645,2438.0,ANF
2023-02-09 13:19:00,30.66,30.66,30.66,30.66,1223.0,ANF
2023-02-09 13:18:00,30.67,30.675,30.67,30.67,1572.0,ANF
2023-02-09 13:17:00,30.65,30.66,30.6462,30.66,1597.0,ANF
2023-02-09 13:16:00,30.65,30.665,30.65,30.665,1669.0,ANF
2023-02-09 13:15:00,30.63,30.64,30.62,30.64,583.0,ANF
2023-02-09 13:14:00,30.63,30.64,30.63,30.64,883.0,ANF
2023-02-09 13:13:00,30.67,30.68,30.65,30.65,1458.0,ANF
2023-02-09 13:12:00,30.71,30.725,30.695,30.695,2668.0,ANF
2023-02-09 13:11:00,30.7,30.72,30.7,30.71,1776.0,ANF
2023-02-09 13:10:00,30.7,30.71,30.7,30.705,1570.0,ANF
2023-02-09 13:08:00,30.72,30.72,30.71,30.71,1243.0,ANF
2023-02-09 13:07:00,30.7,30.73,30.7,30.73,1538.0,ANF
2023-02-09 13:06:00,30.71,30.715,30.71,30.71,1847.0,ANF
2023-02-09 13:05:00,30.71,30.71,30.6715,30.7,2142.0,ANF
2023-02-09 13:04:00,30.72,30.73,30.72,30.73,518.0,ANF
2023-02-09 13:03:00,30.76,30.76,30.735,30.735,2506.0,ANF
2023-02-09 13:02:00,30.76,30.77,30.74,30.77,3080.0,ANF
2023-02-09 13:01:00,30.755,30.755,30.755,30.755,293.0,ANF
2023-02-09 13:00:00,30.72,30.75,30.72,30.75,828.0,ANF
2023-02-09 12:59:00,30.7,30.72,30.69,30.7,3447.0,ANF
2023-02-09 12:58:00,30.68,30.7,30.68,30.7,1418.0,ANF
2023-02-09 12:57:00,30.65,30.675,30.65,30.675,1739.0,ANF
2023-02-09 12:56:00,30.64,30.64,30.64,30.64,263.0,ANF
2023-02-09 12:55:00,30.62,30.635,30.62,30.635,1848.0,ANF
2023-02-09 12:54:00,30.61,30.61,30.6,30.61,579.0,ANF
2023-02-09 12:53:00,30.59,30.605,30.59,30.605,1062.0,ANF
2023-02-09 12:52:00,30.565,30.58,30.565,30.58,911.0,ANF
2023-02-09 12:51:00,30.545,30.56,30.545,30.55,1243.0,ANF
2023-02-09 12:50:00,30.56,30.56,30.54,30.54,1445.0,ANF
2023-02-09 12:49:00,30.56,30.585,30.56,30.56,763.0,ANF
2023-02-09 12:48:00,30.575,30.575,30.56,30.57,1230.0,ANF
2023-02-09 12:47:00,30.565,30.59,30.56,30.58,1418.0,ANF
2023-02-09 12:46:00,30.56,30.56,30.535,30.56,1468.0,ANF
2023-02-09 12:45:00,30.62,30.62,30.56,30.56,2407.0,ANF
2023-02-09 12:44:00,30.605,30.61,30.605,30.61,265.0,ANF
2023-02-09 12:43:00,30.605,30.62,30.605,30.61,1703.0,ANF
2023-02-09 12:42:00,30.54,30.6,30.54,30.6,4400.0,ANF
2023-02-09 12:39:00,30.5801,30.5805,30.55,30.55,2143.0,ANF
2023-02-09 12:38:00,30.61,30.61,30.59,30.59,1947.0,ANF
2023-02-09 12:37:00,30.64,30.64,30.62,30.62,1417.0,ANF
2023-02-09 12:36:00,30.62,30.64,30.615,30.64,4327.0,ANF
2023-02-09 12:35:00,30.645,30.645,30.63,30.63,826.0,ANF
2023-02-09 12:34:00,30.67,30.67,30.64,30.65,1735.0,ANF
2023-02-09 12:33:00,30.69,30.69,30.67,30.68,946.0,ANF
2023-02-09 12:32:00,30.72,30.72,30.7,30.7,2320.0,ANF
2023-02-09 12:31:00,30.71,30.725,30.71,30.72,852.0,ANF
2023-02-09 12:30:00,30.755,30.755,30.71,30.71,1570.0,ANF
2023-02-09 12:28:00,30.77,30.77,30.75,30.75,1076.0,ANF
2023-02-09 12:27:00,30.79,30.8,30.76,30.77,1487.0,ANF
2023-02-09 12:26:00,30.79,30.81,30.78,30.79,3971.0,ANF
2023-02-09 12:25:00,30.78,30.79,30.78,30.79,430.0,ANF
2023-02-09 12:24:00,30.78,30.78,30.775,30.775,1012.0,ANF
2023-02-09 12:23:00,30.77,30.8,30.769,30.8,3630.0,ANF
2023-02-09 12:22:00,30.79,30.79,30.775,30.775,1575.0,ANF
2023-02-09 12:21:00,30.8,30.81,30.795,30.8,1255.0,ANF
2023-02-09 12:20:00,30.78,30.81,30.78,30.81,1780.0,ANF
2023-02-09 12:19:00,30.77,30.79,30.77,30.785,1020.0,ANF
2023-02-09 12:18:00,30.78,30.78,30.78,30.78,275.0,ANF
2023-02-09 12:17:00,30.79,30.795,30.78,30.78,1407.0,ANF
2023-02-09 12:16:00,30.8,30.8,30.79,30.79,1004.0,ANF
2023-02-09 12:15:00,30.79,30.8,30.79,30.8,2385.0,ANF
2023-02-09 12:14:00,30.82,30.82,30.8,30.81,1617.0,ANF
2023-02-09 12:13:00,30.825,30.83,30.82,30.82,1453.0,ANF
2023-02-09 12:12:00,30.82,30.83,30.82,30.82,1086.0,ANF
2023-02-09 12:11:00,30.825,30.84,30.825,30.84,578.0,ANF
2023-02-09 12:10:00,30.805,30.82,30.805,30.82,2117.0,ANF
2023-02-09 12:09:00,30.765,30.8,30.765,30.8,2339.0,ANF
2023-02-09 12:08:00,30.755,30.755,30.755,30.755,221.0,ANF
2023-02-09 12:07:00,30.74,30.755,30.74,30.755,987.0,ANF
2023-02-09 12:06:00,30.7399,30.7399,30.73,30.73,1640.0,ANF
2023-02-09 12:05:00,30.78,30.79,30.75,30.75,1296.0,ANF
2023-02-09 12:04:00,30.81,30.81,30.795,30.795,2280.0,ANF
2023-02-09 12:03:00,30.83,30.845,30.805,30.81,2786.0,ANF
2023-02-09 12:02:00,30.8,30.845,30.8,30.845,2475.0,ANF
2023-02-09 12:01:00,30.7999,30.7999,30.7999,30.7999,1305.0,ANF
2023-02-09 12:00:00,30.8,30.8,30.8,30.8,188.0,ANF
2023-02-09 11:59:00,30.79,30.79,30.79,30.79,1020.0,ANF
2023-02-09 11:57:00,30.775,30.775,30.775,30.775,354.0,ANF
2023-02-09 11:54:00,30.775,30.775,30.76,30.76,1310.0,ANF
2023-02-09 11:53:00,30.75,30.78,30.75,30.78,824.0,ANF
2023-02-09 11:52:00,30.715,30.74,30.715,30.74,1395.0,ANF
2023-02-09 11:51:00,30.72,30.72,30.715,30.715,485.0,ANF
2023-02-09 11:50:00,30.755,30.76,30.74,30.74,1737.0,ANF
2023-02-09 11:49:00,30.76,30.775,30.75,30.755,1532.0,ANF
2023-02-09 11:48:00,30.77,30.775,30.77,30.775,310.0,ANF
2023-02-09 11:47:00,30.7748,30.775,30.76,30.765,2758.0,ANF
2023-02-09 11:43:00,30.765,30.77,30.735,30.77,2545.0,ANF
2023-02-09 11:42:00,30.77,30.775,30.75,30.765,2028.0,ANF
2023-02-09 11:40:00,30.755,30.755,30.755,30.755,122.0,ANF
2023-02-09 11:38:00,30.765,30.765,30.765,30.765,551.0,ANF
2023-02-09 11:37:00,30.79,30.8,30.77,30.78,1642.0,ANF
2023-02-09 11:36:00,30.84,30.85,30.83,30.83,2524.0,ANF
2023-02-09 11:35:00,30.8,30.815,30.7801,30.815,2513.0,ANF
2023-02-09 11:33:00,30.82,30.82,30.82,30.82,1300.0,ANF
2023-02-09 11:32:00,30.85,30.85,30.83,30.83,1628.0,ANF
2023-02-09 11:31:00,30.87,30.87,30.85,30.865,523.0,ANF
2023-02-09 11:30:00,30.86,30.87,30.86,30.87,1622.0,ANF
2023-02-09 11:29:00,30.865,30.865,30.83,30.83,1275.0,ANF
2023-02-09 11:28:00,30.7,30.865,30.68,30.865,4447.0,ANF
2023-02-09 11:27:00,30.68,30.68,30.68,30.68,320.0,ANF
2023-02-09 11:26:00,30.7191,30.7191,30.6615,30.6615,852.0,ANF
2023-02-09 11:25:00,30.76,30.77,30.7,30.71,8285.0,ANF
2023-02-09 11:24:00,30.81,30.81,30.776,30.776,3073.0,ANF
2023-02-09 11:23:00,30.835,30.835,30.835,30.835,408.0,ANF
2023-02-09 11:22:00,30.88,30.9,30.88,30.88,2530.0,ANF
2023-02-09 11:21:00,30.9,30.955,30.865,30.865,52109.0,ANF
2023-02-09 11:20:00,30.98,31.0,30.88,30.88,23456.0,ANF
2023-02-09 11:19:00,30.9314,30.99,30.9314,30.99,883.0,ANF
2023-02-09 11:18:00,30.98,30.98,30.95,30.955,1088.0,ANF
2023-02-09 11:17:00,31.01,31.01,30.975,30.98,1809.0,ANF
2023-02-09 11:16:00,31.04,31.04,31.02,31.02,1365.0,ANF
2023-02-09 11:15:00,31.0,31.04,31.0,31.04,1163.0,ANF
2023-02-09 11:14:00,31.035,31.035,31.01,31.01,397.0,ANF
2023-02-09 11:13:00,31.02,31.025,31.02,31.02,2852.0,ANF
2023-02-09 11:12:00,31.05,31.055,31.03,31.03,2244.0,ANF
2023-02-09 11:11:00,31.035,31.05,31.035,31.05,754.0,ANF
2023-02-09 11:10:00,31.05,31.06,31.01,31.03,6099.0,ANF
2023-02-09 11:09:00,31.03,31.04,31.03,31.04,465.0,ANF
2023-02-09 11:08:00,30.96,31.02,30.96,31.02,2483.0,ANF
2023-02-09 11:06:00,31.005,31.005,30.96,30.96,860.0,ANF
2023-02-09 11:05:00,30.9105,31.005,30.9105,31.005,1788.0,ANF
2023-02-09 11:04:00,30.93,30.93,30.89,30.9,2074.0,ANF
2023-02-09 11:03:00,30.99,30.99,30.95,30.95,1404.0,ANF
2023-02-09 11:02:00,31.03,31.04,31.01,31.01,2053.0,ANF
2023-02-09 11:01:00,31.065,31.065,31.01,31.02,1154.0,ANF
2023-02-09 11:00:00,31.08,31.08,31.0474,31.0474,598.0,ANF
2023-02-09 10:59:00,31.12,31.13,31.11,31.11,1694.0,ANF
2023-02-09 10:58:00,31.13,31.15,31.13,31.145,1233.0,ANF
2023-02-09 10:57:00,31.09,31.12,31.09,31.12,518.0,ANF
2023-02-09 10:56:00,31.03,31.08,31.03,31.08,1779.0,ANF
2023-02-09 10:55:00,31.07,31.07,31.02,31.04,3803.0,ANF
2023-02-09 10:54:00,31.065,31.0725,31.04,31.06,1988.0,ANF
2023-02-09 10:53:00,31.06,31.065,31.06,31.065,1420.0,ANF
2023-02-09 10:51:00,31.02,31.045,31.01,31.04,3545.0,ANF
2023-02-09 10:50:00,30.99,31.02,30.99,31.005,2279.0,ANF
2023-02-09 10:49:00,30.975,30.975,30.975,30.975,226.0,ANF
2023-02-09 10:48:00,31.0,31.0,30.965,30.975,1495.0,ANF
2023-02-09 10:47:00,31.01,31.04,31.01,31.04,474.0,ANF
2023-02-09 10:44:00,31.13,31.15,31.08,31.08,6330.0,ANF
2023-02-09 10:43:00,31.12,31.12,31.12,31.12,451.0,ANF
2023-02-09 10:42:00,31.15,31.15,31.125,31.125,1204.0,ANF
2023-02-09 10:41:00,31.11,31.12,31.09,31.12,1960.0,ANF
2023-02-09 10:40:00,31.08,31.105,31.08,31.105,1843.0,ANF
2023-02-09 10:39:00,31.07,31.075,31.06,31.075,1495.0,ANF
2023-02-09 10:38:00,31.07,31.11,31.07,31.07,2625.0,ANF
2023-02-09 10:37:00,31.06,31.11,31.05,31.07,6384.0,ANF
2023-02-09 10:36:00,31.05,31.09,31.045,31.045,2137.0,ANF
2023-02-09 10:35:00,30.995,31.02,30.98,31.02,2420.0,ANF
2023-02-09 10:34:00,30.985,31.02,30.985,31.015,5139.0,ANF
2023-02-09 10:33:00,31.0,31.0,31.0,31.0,186.0,ANF
2023-02-09 10:32:00,30.96,30.98,30.96,30.96,687.0,ANF
2023-02-09 10:31:00,30.965,30.97,30.95,30.97,2132.0,ANF
2023-02-09 10:30:00,30.98,30.98,30.975,30.975,579.0,ANF
2023-02-09 10:29:00,30.93,31.01,30.93,30.985,3542.0,ANF
2023-02-09 10:28:00,30.94,30.94,30.93,30.93,539.0,ANF
2023-02-09 10:26:00,31.045,31.045,30.99,30.99,3189.0,ANF
2023-02-09 10:25:00,31.05,31.05,31.045,31.045,496.0,ANF
2023-02-09 10:24:00,31.05,31.07,31.04,31.07,2628.0,ANF
2023-02-09 10:23:00,31.11,31.11,31.06,31.06,2613.0,ANF
2023-02-09 10:22:00,31.1,31.11,31.05,31.05,3301.0,ANF
2023-02-09 10:21:00,31.015,31.08,31.015,31.08,2934.0,ANF
2023-02-09 10:20:00,31.02,31.02,31.0004,31.0004,349.0,ANF
2023-02-09 10:19:00,31.07,31.085,31.01,31.015,794.0,ANF
2023-02-09 10:18:00,31.15,31.15,31.1,31.1,4473.0,ANF
2023-02-09 10:17:00,31.1501,31.175,31.1501,31.175,320.0,ANF
2023-02-09 10:16:00,31.15,31.185,31.15,31.185,642.0,ANF
2023-02-09 10:15:00,31.1,31.155,31.1,31.155,2324.0,ANF
2023-02-09 10:14:00,31.12,31.125,31.09,31.09,816.0,ANF
2023-02-09 10:13:00,31.15,31.17,31.12,31.13,2461.0,ANF
2023-02-09 10:12:00,31.15,31.16,31.15,31.15,2080.0,ANF
2023-02-09 10:11:00,31.08,31.14,31.075,31.14,1787.0,ANF
2023-02-09 10:10:00,31.2,31.2,31.0817,31.0817,3399.0,ANF
2023-02-09 10:09:00,31.12,31.2,31.11,31.19,4041.0,ANF
2023-02-09 10:08:00,31.09,31.165,31.09,31.13,9327.0,ANF
2023-02-09 10:07:00,30.99,31.06,30.99,31.06,2015.0,ANF
2023-02-09 10:06:00,31.04,31.04,31.01,31.02,2819.0,ANF
2023-02-09 10:05:00,30.99,31.05,30.99,31.02,2758.0,ANF
2023-02-09 10:04:00,30.94,31.01,30.94,31.0,3233.0,ANF
2023-02-09 10:03:00,30.96,30.975,30.94,30.94,1796.0,ANF
2023-02-09 10:02:00,31.0,31.01,30.985,30.99,1855.0,ANF
2023-02-09 10:01:00,31.01,31.01,30.985,30.985,3227.0,ANF
2023-02-09 10:00:00,30.88,30.99,30.88,30.96,2236.0,ANF
2023-02-09 09:59:00,30.99,30.99,30.884,30.884,1738.0,ANF
2023-02-09 09:58:00,31.06,31.11,31.0,31.02,3979.0,ANF
2023-02-09 09:57:00,31.0,31.07,30.975,31.04,2700.0,ANF
2023-02-09 09:56:00,30.99,31.0,30.99,30.995,1888.0,ANF
2023-02-09 09:55:00,30.89,30.94,30.89,30.93,3278.0,ANF
2023-02-09 09:54:00,30.89,30.89,30.82,30.85,1120.0,ANF
2023-02-09 09:53:00,30.955,30.955,30.92,30.925,1036.0,ANF
2023-02-09 09:52:00,30.95,31.01,30.94,30.96,11720.0,ANF
2023-02-09 09:51:00,30.9,30.95,30.87,30.94,5297.0,ANF
2023-02-09 09:50:00,30.9,30.9225,30.9,30.9225,1726.0,ANF
2023-02-09 09:49:00,30.825,30.905,30.825,30.865,1835.0,ANF
2023-02-09 09:48:00,30.88,30.89,30.825,30.83,6010.0,ANF
2023-02-09 09:47:00,30.865,30.865,30.855,30.855,683.0,ANF
2023-02-09 09:46:00,30.86,30.88,30.86,30.86,2635.0,ANF
2023-02-09 09:45:00,30.91,30.91,30.89,30.89,839.0,ANF
2023-02-09 09:44:00,30.99,31.01,30.97,30.975,2463.0,ANF
2023-02-09 09:43:00,30.9,30.98,30.89,30.89,1186.0,ANF
2023-02-09 09:42:00,31.05,31.05,30.89,30.89,1554.0,ANF
2023-02-09 09:41:00,30.93,31.02,30.93,30.99,2907.0,ANF
2023-02-09 09:40:00,30.94,31.0,30.925,30.93,3524.0,ANF
2023-02-09 09:39:00,30.96,30.99,30.89,30.95,5103.0,ANF
2023-02-09 09:38:00,30.92,30.92,30.86,30.89,2285.0,ANF
2023-02-09 09:37:00,30.9,30.9,30.83,30.86,2413.0,ANF
2023-02-09 09:36:00,30.805,30.92,30.805,30.92,7297.0,ANF
2023-02-09 09:35:00,30.785,30.84,30.785,30.84,3715.0,ANF
2023-02-09 09:34:00,30.77,30.85,30.77,30.8,3836.0,ANF
2023-02-09 09:33:00,30.85,30.85,30.79,30.85,524.0,ANF
2023-02-09 09:32:00,30.76,30.81,30.74,30.755,5966.0,ANF
2023-02-09 09:31:00,30.67,30.75,30.45,30.69,10444.0,ANF
2023-02-09 09:17:00,30.49,30.49,30.49,30.49,100.0,ANF
2023-02-09 09:08:00,30.49,30.49,30.49,30.49,200.0,ANF
2023-02-08 16:01:00,30.1,30.1,30.1,30.1,13154.0,ANF
2023-02-08 16:00:00,30.07,30.11,30.06,30.1,57202.0,ANF
2023-02-08 15:59:00,30.045,30.08,30.045,30.065,20563.0,ANF
2023-02-08 15:58:00,30.0325,30.06,30.03,30.045,28418.0,ANF
2023-02-08 15:57:00,30.055,30.055,30.03,30.04,8995.0,ANF
2023-02-08 15:56:00,30.03,30.055,30.01,30.055,28856.0,ANF
2023-02-08 15:55:00,30.0,30.035,29.995,30.025,11084.0,ANF
2023-02-08 15:54:00,29.98,30.005,29.97,30.0,11110.0,ANF
2023-02-08 15:53:00,30.01,30.02,29.975,29.975,10511.0,ANF
2023-02-08 15:52:00,30.02,30.02,30.005,30.01,10816.0,ANF
2023-02-08 15:51:00,29.99,30.035,29.99,30.01,14512.0,ANF
2023-02-08 15:50:00,30.025,30.025,29.97,29.98,6637.0,ANF
2023-02-08 15:49:00,30.0,30.025,30.0,30.025,8291.0,ANF
2023-02-08 15:48:00,30.0,30.005,29.98,30.0,12239.0,ANF
2023-02-08 15:47:00,30.01,30.03,29.99,29.99,4610.0,ANF
2023-02-08 15:46:00,30.03,30.03,30.01,30.01,5488.0,ANF
2023-02-08 15:45:00,30.05,30.0525,30.03,30.035,6895.0,ANF
2023-02-08 15:44:00,30.0925,30.105,30.04,30.04,9414.0,ANF
2023-02-08 15:43:00,30.09,30.095,30.085,30.0925,1649.0,ANF
2023-02-08 15:42:00,30.1,30.12,30.09,30.1,5328.0,ANF
2023-02-08 15:41:00,30.05,30.13,30.05,30.11,11333.0,ANF
2023-02-08 15:40:00,30.01,30.05,30.01,30.05,2674.0,ANF
2023-02-08 15:39:00,30.01,30.02,30.0,30.0119,7626.0,ANF
2023-02-08 15:38:00,29.99,30.0,29.98,30.0,2340.0,ANF
2023-02-08 15:37:00,30.07,30.07,29.98,30.0,5692.0,ANF
2023-02-08 15:36:00,30.05,30.06,30.03,30.05,5879.0,ANF
2023-02-08 15:35:00,29.98,30.06,29.98,30.045,14835.0,ANF
2023-02-08 15:34:00,29.96,29.97,29.94,29.97,5049.0,ANF
2023-02-08 15:33:00,29.94,29.975,29.935,29.96,3499.0,ANF
2023-02-08 15:32:00,29.92,29.92,29.905,29.92,5946.0,ANF
2023-02-08 15:31:00,29.86,29.93,29.86,29.93,2750.0,ANF
2023-02-08 15:30:00,29.8,29.86,29.8,29.86,3179.0,ANF
2023-02-08 15:29:00,29.805,29.805,29.7925,29.7925,2214.0,ANF
2023-02-08 15:28:00,29.73,29.8,29.73,29.8,7185.0,ANF
2023-02-08 15:27:00,29.74,29.74,29.73,29.74,654.0,ANF
2023-02-08 15:26:00,29.7409,29.7481,29.7409,29.7481,1204.0,ANF
2023-02-08 15:25:00,29.705,29.74,29.7025,29.74,11020.0,ANF
2023-02-08 15:24:00,29.7,29.705,29.7,29.705,1402.0,ANF
2023-02-08 15:23:00,29.71,29.71,29.7,29.7,1837.0,ANF
2023-02-08 15:22:00,29.72,29.73,29.71,29.73,1914.0,ANF
2023-02-08 15:21:00,29.67,29.73,29.67,29.72,5666.0,ANF
2023-02-08 15:20:00,29.71,29.71,29.67,29.67,1618.0,ANF
2023-02-08 15:19:00,29.71,29.715,29.7,29.715,3587.0,ANF
2023-02-08 15:18:00,29.75,29.755,29.71,29.71,3619.0,ANF
2023-02-08 15:17:00,29.75,29.76,29.75,29.75,752.0,ANF
2023-02-08 15:16:00,29.78,29.782,29.74,29.75,5617.0,ANF
2023-02-08 15:15:00,29.78,29.785,29.78,29.78,731.0,ANF
2023-02-08 15:14:00,29.78,29.805,29.78,29.78,1884.0,ANF
2023-02-08 15:13:00,29.78,29.78,29.77,29.77,2317.0,ANF
2023-02-08 15:12:00,29.76,29.76,29.76,29.76,613.0,ANF
2023-02-08 15:11:00,29.77,29.775,29.77,29.775,1330.0,ANF
2023-02-08 15:10:00,29.74,29.775,29.74,29.775,1176.0,ANF
2023-02-08 15:09:00,29.71,29.73,29.7,29.71,6705.0,ANF
2023-02-08 15:08:00,29.71,29.73,29.71,29.73,947.0,ANF
2023-02-08 15:07:00,29.7,29.71,29.695,29.7,3097.0,ANF
2023-02-08 15:06:00,29.7,29.705,29.7,29.705,929.0,ANF
2023-02-08 15:05:00,29.69,29.72,29.69,29.71,2121.0,ANF
2023-02-08 15:04:00,29.72,29.73,29.71,29.7164,3758.0,ANF
2023-02-08 15:03:00,29.71,29.715,29.695,29.695,726.0,ANF
2023-02-08 15:02:00,29.77,29.77,29.73,29.73,8244.0,ANF
2023-02-08 15:01:00,29.78,29.78,29.76,29.76,1784.0,ANF
2023-02-08 15:00:00,29.79,29.79,29.78,29.78,1713.0,ANF
2023-02-08 14:59:00,29.75,29.81,29.75,29.8,2773.0,ANF
2023-02-08 14:58:00,29.75,29.75,29.745,29.75,584.0,ANF
2023-02-08 14:57:00,29.755,29.76,29.755,29.755,813.0,ANF
2023-02-08 14:56:00,29.72,29.75,29.7,29.75,6180.0,ANF
2023-02-08 14:55:00,29.715,29.75,29.6975,29.74,7653.0,ANF
2023-02-08 14:54:00,29.69,29.71,29.67,29.71,25282.0,ANF
2023-02-08 14:53:00,29.78,29.78,29.69,29.69,3997.0,ANF
2023-02-08 14:52:00,29.81,29.85,29.78,29.79,100957.0,ANF
2023-02-08 14:51:00,29.8,29.818,29.8,29.81,3834.0,ANF
2023-02-08 14:50:00,29.76,29.8,29.74,29.8,9058.0,ANF
2023-02-08 14:49:00,29.87,29.87,29.77,29.77,3501.0,ANF
2023-02-08 14:48:00,29.955,29.955,29.88,29.895,8379.0,ANF
2023-02-08 14:47:00,29.92,29.96,29.85,29.96,161081.0,ANF
2023-02-08 14:46:00,29.955,29.955,29.92,29.92,2289.0,ANF
2023-02-08 14:45:00,30.05,30.05,29.96,29.96,26729.0,ANF
2023-02-08 14:44:00,30.07,30.07,30.03,30.045,1540.0,ANF
2023-02-08 14:43:00,30.1,30.1095,30.08,30.08,2644.0,ANF
2023-02-08 14:42:00,30.09,30.1,30.09,30.1,1475.0,ANF
2023-02-08 14:41:00,30.07,30.12,30.07,30.1,3738.0,ANF
2023-02-08 14:40:00,30.08,30.08,30.07,30.07,603.0,ANF
2023-02-08 14:39:00,30.07,30.07,30.07,30.07,562.0,ANF
2023-02-08 14:38:00,30.06,30.1,30.06,30.08,6630.0,ANF
2023-02-08 14:37:00,30.08,30.085,30.0612,30.0612,2071.0,ANF
2023-02-08 14:36:00,30.075,30.08,30.075,30.075,301.0,ANF
2023-02-08 14:35:00,30.075,30.08,30.075,30.08,1035.0,ANF
2023-02-08 14:34:00,30.06,30.09,30.06,30.075,3183.0,ANF
2023-02-08 14:32:00,30.06,30.06,30.06,30.06,246.0,ANF
2023-02-08 14:31:00,30.06,30.06,30.06,30.06,627.0,ANF
2023-02-08 14:30:00,30.04,30.06,30.04,30.06,1964.0,ANF
2023-02-08 14:29:00,30.0,30.03,30.0,30.03,2324.0,ANF
2023-02-08 14:28:00,30.0,30.0,30.0,30.0,2588.0,ANF
2023-02-08 14:27:00,30.01,30.01,30.0,30.0,820.0,ANF
2023-02-08 14:26:00,30.04,30.04,30.02,30.02,1386.0,ANF
2023-02-08 14:25:00,30.045,30.045,30.04,30.04,1003.0,ANF
2023-02-08 14:24:00,30.03,30.045,30.03,30.045,2340.0,ANF
2023-02-08 14:23:00,30.02,30.03,30.02,30.02,541.0,ANF
2023-02-08 14:22:00,30.04,30.04,30.015,30.02,4151.0,ANF
2023-02-08 14:21:00,30.115,30.115,30.06,30.06,2391.0,ANF
2023-02-08 14:20:00,30.12,30.12,30.12,30.12,240.0,ANF
2023-02-08 14:19:00,30.14,30.14,30.12,30.12,4928.0,ANF
2023-02-08 14:18:00,30.14,30.14,30.14,30.14,163.0,ANF
2023-02-08 14:17:00,30.13,30.13,30.13,30.13,1387.0,ANF
2023-02-08 14:16:00,30.09,30.12,30.09,30.11,2412.0,ANF
2023-02-08 14:15:00,30.08,30.09,30.08,30.09,1192.0,ANF
2023-02-08 14:14:00,30.09,30.09,30.07,30.07,711.0,ANF
2023-02-08 14:13:00,30.08,30.09,30.08,30.09,1760.0,ANF
2023-02-08 14:12:00,30.075,30.08,30.06,30.07,2616.0,ANF
2023-02-08 14:11:00,30.065,30.08,30.065,30.08,1869.0,ANF
2023-02-08 14:10:00,30.07,30.07,30.06,30.06,2313.0,ANF
2023-02-08 14:09:00,30.08,30.08,30.08,30.08,1479.0,ANF
2023-02-08 14:08:00,30.06,30.06,30.06,30.06,429.0,ANF
2023-02-08 14:07:00,30.085,30.1,30.07,30.07,2899.0,ANF
2023-02-08 14:06:00,30.08,30.09,30.07,30.08,2286.0,ANF
2023-02-08 14:05:00,30.08,30.08,30.08,30.08,306.0,ANF
2023-02-08 14:04:00,30.05,30.06,30.05,30.06,1254.0,ANF
2023-02-08 14:03:00,30.035,30.035,30.035,30.035,115.0,ANF
2023-02-08 14:02:00,30.02,30.04,30.0,30.03,2817.0,ANF
2023-02-08 14:01:00,30.08,30.08,30.01,30.02,3812.0,ANF
2023-02-08 14:00:00,30.015,30.07,30.015,30.07,3708.0,ANF
2023-02-08 13:59:00,30.03,30.03,30.01,30.01,1331.0,ANF
2023-02-08 13:58:00,30.03,30.03,30.03,30.03,411.0,ANF
2023-02-08 13:55:00,30.03,30.03,30.0,30.02,4376.0,ANF
2023-02-08 13:53:00,30.02,30.04,30.02,30.04,1341.0,ANF
2023-02-08 13:52:00,30.0,30.02,29.995,30.02,2308.0,ANF
2023-02-08 13:51:00,30.01,30.01,29.99,30.0,4755.0,ANF
2023-02-08 13:50:00,30.02,30.02,30.02,30.02,115.0,ANF
2023-02-08 13:49:00,30.0564,30.06,30.01,30.02,6736.0,ANF
2023-02-08 13:48:00,30.04,30.055,30.04,30.055,2811.0,ANF
2023-02-08 13:47:00,30.03,30.04,30.03,30.03,322.0,ANF
2023-02-08 13:46:00,30.04,30.04,30.03,30.03,525.0,ANF
2023-02-08 13:45:00,30.02,30.06,30.02,30.045,4359.0,ANF
2023-02-08 13:44:00,30.0,30.04,29.99,30.04,4478.0,ANF
2023-02-08 13:43:00,30.0,30.0,29.98,29.99,1018.0,ANF
2023-02-08 13:42:00,30.01,30.02,30.0,30.01,765.0,ANF
2023-02-08 13:41:00,30.0,30.03,30.0,30.03,3440.0,ANF
2023-02-08 13:40:00,30.0,30.01,29.99,30.01,2503.0,ANF
2023-02-08 13:39:00,30.02,30.02,30.0061,30.02,861.0,ANF
2023-02-08 13:38:00,29.98,30.02,29.98,30.02,2492.0,ANF
2023-02-08 13:37:00,29.93,29.96,29.93,29.96,1365.0,ANF
2023-02-08 13:36:00,29.915,29.94,29.9,29.94,3167.0,ANF
2023-02-08 13:35:00,29.92,29.92,29.9,29.915,1371.0,ANF
2023-02-08 13:34:00,29.955,29.955,29.94,29.94,1751.0,ANF
2023-02-08 13:33:00,29.96,29.96,29.95,29.95,720.0,ANF
2023-02-08 13:32:00,29.99,30.01,29.97,29.97,1562.0,ANF
2023-02-08 13:31:00,30.01,30.02,30.0,30.015,2639.0,ANF
2023-02-08 13:29:00,30.01,30.05,29.98,30.035,21409.0,ANF
2023-02-08 13:28:00,30.04,30.04,30.02,30.035,1083.0,ANF
2023-02-08 13:27:00,30.07,30.07,30.05,30.05,432.0,ANF
2023-02-08 13:26:00,30.04,30.07,30.035,30.07,4186.0,ANF
2023-02-08 13:25:00,30.06,30.06,30.025,30.03,2489.0,ANF
2023-02-08 13:24:00,30.12,30.12,30.05,30.05,3104.0,ANF
2023-02-08 13:23:00,30.15,30.15,30.145,30.145,1099.0,ANF
2023-02-08 13:22:00,30.17,30.17,30.155,30.155,617.0,ANF
2023-02-08 13:21:00,30.19,30.19,30.18,30.18,389.0,ANF
2023-02-08 13:20:00,30.16,30.165,30.15,30.16,1858.0,ANF
2023-02-08 13:19:00,30.1843,30.1843,30.16,30.1675,2601.0,ANF
2023-02-08 13:18:00,30.21,30.21,30.18,30.18,2283.0,ANF
2023-02-08 13:17:00,30.22,30.22,30.22,30.22,1089.0,ANF
2023-02-08 13:16:00,30.19,30.2346,30.19,30.2346,4165.0,ANF
2023-02-08 13:15:00,30.18,30.18,30.18,30.18,226.0,ANF
2023-02-08 13:14:00,30.17,30.17,30.17,30.17,116.0,ANF
2023-02-08 13:13:00,30.17,30.18,30.17,30.18,1652.0,ANF
2023-02-08 13:12:00,30.145,30.16,30.145,30.16,2100.0,ANF
2023-02-08 13:11:00,30.12,30.12,30.12,30.12,361.0,ANF
2023-02-08 13:10:00,30.18,30.18,30.16,30.16,859.0,ANF
2023-02-08 13:09:00,30.18,30.18,30.18,30.18,591.0,ANF
2023-02-08 13:08:00,30.21,30.21,30.18,30.18,2443.0,ANF
2023-02-08 13:07:00,30.19,30.21,30.18,30.21,2482.0,ANF
2023-02-08 13:06:00,30.25,30.25,30.16,30.16,2322.0,ANF
2023-02-08 13:05:00,30.23,30.23,30.23,30.23,877.0,ANF
2023-02-08 13:04:00,30.22,30.23,30.22,30.23,1579.0,ANF
2023-02-08 13:03:00,30.25,30.25,30.23,30.23,1681.0,ANF
2023-02-08 13:01:00,30.33,30.33,30.25,30.25,2820.0,ANF
2023-02-08 13:00:00,30.315,30.32,30.315,30.32,517.0,ANF
2023-02-08 12:59:00,30.39,30.39,30.32,30.32,984.0,ANF
2023-02-08 12:58:00,30.38,30.38,30.38,30.38,104.0,ANF
2023-02-08 12:57:00,30.37,30.37,30.34,30.37,1850.0,ANF
2023-02-08 12:56:00,30.43,30.46,30.38,30.38,12362.0,ANF
2023-02-08 12:55:00,30.392,30.43,30.392,30.43,3576.0,ANF
2023-02-08 12:54:00,30.47,30.47,30.38,30.405,2437.0,ANF
2023-02-08 12:53:00,30.46,30.515,30.4507,30.51,7952.0,ANF
2023-02-08 12:52:00,30.4825,30.4825,30.46,30.46,2288.0,ANF
2023-02-08 12:51:00,30.49,30.49,30.48,30.48,421.0,ANF
2023-02-08 12:50:00,30.5,30.515,30.48,30.495,6645.0,ANF
2023-02-08 12:49:00,30.5,30.5,30.5,30.5,650.0,ANF
2023-02-08 12:48:00,30.5,30.5,30.495,30.5,566.0,ANF
2023-02-08 12:46:00,30.5,30.5,30.5,30.5,129.0,ANF
2023-02-08 12:45:00,30.5,30.5,30.48,30.5,4789.0,ANF
2023-02-08 12:44:00,30.51,30.51,30.49,30.5,3249.0,ANF
2023-02-08 12:43:00,30.515,30.535,30.5,30.52,5606.0,ANF
2023-02-08 12:42:00,30.47,30.51,30.47,30.51,3130.0,ANF
2023-02-08 12:41:00,30.435,30.45,30.435,30.45,1977.0,ANF
2023-02-08 12:40:00,30.44,30.44,30.42,30.43,1537.0,ANF
2023-02-08 12:39:00,30.47,30.47,30.46,30.46,1837.0,ANF
2023-02-08 12:38:00,30.47,30.48,30.47,30.4703,1545.0,ANF
2023-02-08 12:37:00,30.445,30.48,30.445,30.48,1251.0,ANF
2023-02-08 12:36:00,30.42,30.44,30.42,30.44,1351.0,ANF
2023-02-08 12:35:00,30.46,30.46,30.43,30.43,2146.0,ANF
2023-02-08 12:34:00,30.48,30.48,30.465,30.465,2484.0,ANF
2023-02-08 12:33:00,30.45,30.47,30.45,30.47,1925.0,ANF
2023-02-08 12:32:00,30.44,30.45,30.43,30.44,4090.0,ANF
2023-02-08 12:31:00,30.45,30.455,30.45,30.45,453.0,ANF
2023-02-08 12:30:00,30.43,30.44,30.43,30.44,1774.0,ANF
2023-02-08 12:29:00,30.435,30.435,30.43,30.43,833.0,ANF
2023-02-08 12:27:00,30.43,30.43,30.43,30.43,867.0,ANF
2023-02-08 12:26:00,30.46,30.47,30.415,30.415,4326.0,ANF
2023-02-08 12:25:00,30.47,30.47,30.47,30.47,122.0,ANF
2023-02-08 12:24:00,30.47,30.47,30.47,30.47,310.0,ANF
2023-02-08 12:23:00,30.45,30.465,30.45,30.46,2070.0,ANF
2023-02-08 12:22:00,30.41,30.435,30.41,30.435,4346.0,ANF
2023-02-08 12:21:00,30.42,30.42,30.41,30.41,297.0,ANF
2023-02-08 12:20:00,30.41,30.42,30.41,30.42,743.0,ANF
2023-02-08 12:19:00,30.42,30.42,30.42,30.42,1540.0,ANF
2023-02-08 12:18:00,30.42,30.43,30.42,30.43,603.0,ANF
2023-02-08 12:17:00,30.39,30.42,30.39,30.42,2052.0,ANF
2023-02-08 12:16:00,30.365,30.39,30.36,30.38,2315.0,ANF
2023-02-08 12:15:00,30.36,30.38,30.33,30.375,4591.0,ANF
2023-02-08 12:14:00,30.4,30.4,30.38,30.38,2583.0,ANF
2023-02-08 12:13:00,30.41,30.41,30.4,30.4,2254.0,ANF
2023-02-08 12:12:00,30.405,30.43,30.405,30.43,1690.0,ANF
2023-02-08 12:11:00,30.41,30.41,30.41,30.41,675.0,ANF
2023-02-08 12:10:00,30.375,30.4,30.375,30.4,1422.0,ANF
2023-02-08 12:09:00,30.35,30.375,30.35,30.375,693.0,ANF
2023-02-08 12:08:00,30.36,30.36,30.35,30.36,1027.0,ANF
2023-02-08 12:07:00,30.39,30.39,30.35,30.36,1187.0,ANF
2023-02-08 12:06:00,30.37,30.4,30.37,30.4,3001.0,ANF
2023-02-08 12:05:00,30.35,30.36,30.34,30.35,3308.0,ANF
2023-02-08 12:04:00,30.37,30.37,30.35,30.35,1703.0,ANF
2023-02-08 12:02:00,30.35,30.37,30.35,30.36,1030.0,ANF
2023-02-08 12:01:00,30.38,30.38,30.35,30.35,2064.0,ANF
2023-02-08 12:00:00,30.41,30.415,30.4,30.4,1902.0,ANF
2023-02-08 11:59:00,30.375,30.4,30.37,30.4,827.0,ANF
2023-02-08 11:58:00,30.41,30.41,30.36,30.3614,2685.0,ANF
2023-02-08 11:57:00,30.35,30.41,30.35,30.41,1480.0,ANF
2023-02-08 11:56:00,30.345,30.345,30.34,30.34,266.0,ANF
2023-02-08 11:55:00,30.325,30.35,30.325,30.35,1545.0,ANF
2023-02-08 11:54:00,30.3,30.33,30.3,30.31,1571.0,ANF
2023-02-08 11:53:00,30.28,30.3,30.28,30.3,19581.0,ANF
2023-02-08 11:52:00,30.28,30.28,30.265,30.265,1455.0,ANF
2023-02-08 11:51:00,30.28,30.285,30.26,30.285,1019.0,ANF
2023-02-08 11:50:00,30.29,30.29,30.28,30.28,346.0,ANF
2023-02-08 11:49:00,30.29,30.3,30.29,30.3,931.0,ANF
2023-02-08 11:48:00,30.26,30.295,30.26,30.29,2066.0,ANF
2023-02-08 11:47:00,30.25,30.26,30.24,30.26,1759.0,ANF
2023-02-08 11:46:00,30.26,30.28,30.26,30.28,2038.0,ANF
2023-02-08 11:43:00,30.2575,30.28,30.235,30.25,2718.0,ANF
2023-02-08 11:42:00,30.2362,30.255,30.2362,30.255,763.0,ANF
2023-02-08 11:41:00,30.28,30.28,30.25,30.26,1609.0,ANF
2023-02-08 11:40:00,30.25,30.32,30.25,30.305,7887.0,ANF
2023-02-08 11:39:00,30.24,30.26,30.23,30.235,2247.0,ANF
2023-02-08 11:38:00,30.21,30.22,30.21,30.22,2039.0,ANF
2023-02-08 11:37:00,30.17,30.18,30.16,30.18,4462.0,ANF
2023-02-08 11:36:00,30.175,30.19,30.14,30.16,4251.0,ANF
2023-02-08 11:33:00,30.18,30.18,30.15,30.15,1032.0,ANF
2023-02-08 11:32:00,30.13,30.19,30.13,30.19,1072.0,ANF
2023-02-08 11:31:00,30.09,30.115,30.08,30.11,2134.0,ANF
2023-02-08 11:30:00,30.07,30.07,30.07,30.07,529.0,ANF
2023-02-08 11:29:00,30.09,30.09,30.09,30.09,211.0,ANF
2023-02-08 11:28:00,30.08,30.09,30.075,30.075,1924.0,ANF
2023-02-08 11:27:00,30.07,30.07,30.06,30.06,1837.0,ANF
2023-02-08 11:26:00,30.12,30.15,30.12,30.15,1989.0,ANF
2023-02-08 11:25:00,30.13,30.15,30.0701,30.0701,2684.0,ANF
2023-02-08 11:24:00,30.16,30.18,30.13,30.13,3426.0,ANF
2023-02-08 11:23:00,30.185,30.19,30.15,30.15,1314.0,ANF
2023-02-08 11:22:00,30.185,30.185,30.185,30.185,502.0,ANF
2023-02-08 11:21:00,30.16,30.2,30.16,30.2,1568.0,ANF
2023-02-08 11:20:00,30.16,30.16,30.15,30.16,386.0,ANF
2023-02-08 11:19:00,30.155,30.18,30.155,30.16,4031.0,ANF
2023-02-08 11:18:00,30.13,30.16,30.12,30.15,1961.0,ANF
2023-02-08 11:17:00,30.1,30.105,30.1,30.105,654.0,ANF
2023-02-08 11:16:00,30.08,30.12,30.065,30.11,17651.0,ANF
2023-02-08 11:15:00,30.1,30.1,30.1,30.1,126.0,ANF
2023-02-08 11:14:00,30.18,30.18,30.1,30.1,2940.0,ANF
2023-02-08 11:13:00,30.19,30.22,30.18,30.19,2666.0,ANF
2023-02-08 11:12:00,30.17,30.17,30.16,30.16,305.0,ANF
2023-02-08 11:11:00,30.18,30.18,30.17,30.17,308.0,ANF
2023-02-08 11:10:00,30.17,30.18,30.17,30.18,495.0,ANF
2023-02-08 11:09:00,30.16,30.18,30.16,30.17,1935.0,ANF
2023-02-08 11:08:00,30.2,30.2,30.15,30.15,3222.0,ANF
2023-02-08 11:07:00,30.225,30.23,30.21,30.21,412.0,ANF
2023-02-08 11:06:00,30.23,30.23,30.23,30.23,398.0,ANF
2023-02-08 11:05:00,30.215,30.22,30.21,30.22,2448.0,ANF
2023-02-08 11:04:00,30.24,30.24,30.23,30.23,947.0,ANF
2023-02-08 11:03:00,30.22,30.23,30.22,30.22,1945.0,ANF
2023-02-08 11:02:00,30.16,30.22,30.16,30.18,2924.0,ANF
2023-02-08 11:01:00,30.16,30.17,30.15,30.165,1352.0,ANF
2023-02-08 11:00:00,30.17,30.19,30.17,30.175,1230.0,ANF
2023-02-08 10:59:00,30.2,30.2,30.18,30.18,1220.0,ANF
2023-02-08 10:58:00,30.165,30.19,30.165,30.19,1246.0,ANF
2023-02-08 10:57:00,30.16,30.16,30.16,30.16,496.0,ANF
2023-02-08 10:56:00,30.155,30.155,30.145,30.145,810.0,ANF
2023-02-08 10:55:00,30.1564,30.19,30.1564,30.19,848.0,ANF
2023-02-08 10:54:00,30.14,30.18,30.135,30.165,2692.0,ANF
2023-02-08 10:53:00,30.125,30.18,30.125,30.14,4631.0,ANF
2023-02-08 10:52:00,30.14,30.14,30.14,30.14,385.0,ANF
2023-02-08 10:51:00,30.15,30.15,30.145,30.145,501.0,ANF
2023-02-08 10:50:00,30.155,30.19,30.15,30.155,28020.0,ANF
2023-02-08 10:49:00,30.16,30.16,30.16,30.16,470.0,ANF
2023-02-08 10:48:00,30.16,30.16,30.16,30.16,255.0,ANF
2023-02-08 10:47:00,30.16,30.17,30.16,30.17,680.0,ANF
2023-02-08 10:46:00,30.12,30.14,30.12,30.12,747.0,ANF
2023-02-08 10:45:00,30.17,30.17,30.14,30.15,3589.0,ANF
2023-02-08 10:44:00,30.15,30.155,30.15,30.155,561.0,ANF
2023-02-08 10:43:00,30.175,30.175,30.175,30.175,114.0,ANF
2023-02-08 10:42:00,30.205,30.205,30.16,30.175,853.0,ANF
2023-02-08 10:41:00,30.16,30.2443,30.12,30.2,2887.0,ANF
2023-02-08 10:40:00,30.14,30.17,30.12,30.16,1015.0,ANF
2023-02-08 10:39:00,30.21,30.22,30.18,30.19,4490.0,ANF
2023-02-08 10:38:00,30.155,30.19,30.12,30.19,1584.0,ANF
2023-02-08 10:37:00,30.15,30.165,30.13,30.13,333.0,ANF
2023-02-08 10:36:00,30.11,30.21,30.11,30.16,3508.0,ANF
2023-02-08 10:35:00,30.1,30.15,30.08,30.11,2982.0,ANF
2023-02-08 10:34:00,30.14,30.17,30.12,30.125,1098.0,ANF
2023-02-08 10:33:00,30.255,30.255,30.185,30.185,1349.0,ANF
2023-02-08 10:32:00,30.345,30.345,30.24,30.255,4681.0,ANF
2023-02-08 10:31:00,30.53,30.53,30.34,30.34,6486.0,ANF
2023-02-08 10:30:00,30.54,30.54,30.54,30.54,1349.0,ANF
2023-02-08 10:29:00,30.595,30.6,30.52,30.52,63688.0,ANF
2023-02-08 10:28:00,30.565,30.6,30.565,30.6,3236.0,ANF
2023-02-08 10:27:00,30.53,30.6,30.53,30.565,4776.0,ANF
2023-02-08 10:26:00,30.525,30.55,30.52,30.52,2114.0,ANF
2023-02-08 10:24:00,30.5501,30.57,30.52,30.54,3047.0,ANF
2023-02-08 10:23:00,30.58,30.58,30.55,30.5573,1175.0,ANF
2023-02-08 10:22:00,30.565,30.61,30.52,30.61,6233.0,ANF
2023-02-08 10:21:00,30.575,30.6,30.565,30.565,2769.0,ANF
2023-02-08 10:20:00,30.61,30.62,30.56,30.57,6991.0,ANF
2023-02-08 10:19:00,30.49,30.59,30.49,30.59,5380.0,ANF
2023-02-08 10:18:00,30.39,30.5,30.37,30.485,5727.0,ANF
2023-02-08 10:17:00,30.33,30.39,30.3,30.39,1366.0,ANF
2023-02-08 10:16:00,30.28,30.33,30.22,30.29,7508.0,ANF
2023-02-08 10:15:00,30.21,30.25,30.2007,30.235,3714.0,ANF
2023-02-08 10:14:00,30.17,30.25,30.14,30.21,6147.0,ANF
2023-02-08 10:13:00,30.1,30.18,30.1,30.145,2532.0,ANF
2023-02-08 10:12:00,30.19,30.205,30.15,30.19,5032.0,ANF
2023-02-08 10:11:00,30.115,30.19,30.06,30.19,5284.0,ANF
2023-02-08 10:10:00,30.14,30.14,30.08,30.09,5600.0,ANF
2023-02-08 10:09:00,30.15,30.21,30.13,30.13,6176.0,ANF
2023-02-08 10:08:00,30.14,30.15,30.13,30.15,1932.0,ANF
2023-02-08 10:07:00,30.22,30.22,30.13,30.16,11761.0,ANF
2023-02-08 10:06:00,30.13,30.22,30.13,30.21,4387.0,ANF
2023-02-08 10:05:00,30.14,30.16,30.05,30.125,18729.0,ANF
2023-02-08 10:04:00,30.22,30.22,30.12,30.14,14608.0,ANF
2023-02-08 10:03:00,30.184,30.29,30.155,30.24,8479.0,ANF
2023-02-08 10:02:00,30.075,30.21,30.075,30.18,11931.0,ANF
2023-02-08 10:01:00,30.09,30.09,30.0503,30.075,1994.0,ANF
2023-02-08 10:00:00,30.16,30.16,30.09,30.09,2706.0,ANF
2023-02-08 09:59:00,30.12,30.17,30.0908,30.165,21224.0,ANF
2023-02-08 09:58:00,30.08,30.1,30.08,30.1,1479.0,ANF
2023-02-08 09:57:00,30.06,30.06,30.06,30.06,155.0,ANF
2023-02-08 09:56:00,29.98,30.025,29.98,30.025,2714.0,ANF
2023-02-08 09:55:00,30.06,30.09,29.99,30.02,8693.0,ANF
2023-02-08 09:54:00,30.15,30.15,30.05,30.08,3418.0,ANF
2023-02-08 09:53:00,30.19,30.195,30.13,30.14,4112.0,ANF
2023-02-08 09:52:00,30.1849,30.1849,30.1849,30.1849,1286.0,ANF
2023-02-08 09:51:00,30.24,30.24,30.2,30.2,1101.0,ANF
2023-02-08 09:50:00,30.26,30.31,30.21,30.225,3070.0,ANF
2023-02-08 09:49:00,30.2401,30.31,30.2401,30.31,843.0,ANF
2023-02-08 09:48:00,30.4,30.4,30.285,30.285,1309.0,ANF
2023-02-08 09:47:00,30.3,30.365,30.25,30.365,2495.0,ANF
2023-02-08 09:46:00,30.21,30.31,30.21,30.31,3517.0,ANF
2023-02-08 09:45:00,30.27,30.27,30.16,30.2,8144.0,ANF
2023-02-08 09:44:00,30.29,30.32,30.28,30.3,2887.0,ANF
2023-02-08 09:43:00,30.26,30.32,30.26,30.32,5209.0,ANF
2023-02-08 09:42:00,30.18,30.24,30.18,30.24,1116.0,ANF
2023-02-08 09:41:00,30.26,30.26,30.185,30.185,3267.0,ANF
2023-02-08 09:40:00,30.27,30.46,30.26,30.275,13905.0,ANF
2023-02-08 09:39:00,30.24,30.27,30.16,30.27,6850.0,ANF
2023-02-08 09:38:00,30.39,30.4,30.24,30.3099,14061.0,ANF
2023-02-08 09:37:00,30.34,30.34,30.26,30.34,2300.0,ANF
2023-02-08 09:36:00,30.41,30.44,30.33,30.34,3456.0,ANF
2023-02-08 09:35:00,30.29,30.3984,30.22,30.38,5771.0,ANF
2023-02-08 09:34:00,30.4948,30.4948,30.21,30.3165,4246.0,ANF
2023-02-08 09:33:00,30.57,30.638,30.43,30.46,3508.0,ANF
2023-02-08 09:32:00,30.5,30.6799,30.45,30.5645,13503.0,ANF
2023-02-08 09:31:00,30.5,30.72,30.44,30.53,14405.0,ANF
2023-02-08 09:30:00,30.5,30.52,30.5,30.52,400.0,ANF
2023-02-08 09:22:00,30.77,30.77,30.73,30.73,1100.0,ANF
2023-02-08 09:14:00,30.75,30.75,30.75,30.75,200.0,ANF
2023-02-08 09:07:00,30.76,30.76,30.75,30.75,1500.0,ANF
2023-02-08 08:29:00,31.0,31.0,31.0,31.0,100.0,ANF
2023-02-08 07:15:00,31.0,31.0,31.0,31.0,400.0,ANF
2023-02-08 07:13:00,31.06,31.06,31.06,31.06,625.0,ANF
2023-02-07 19:55:00,31.25,31.25,31.25,31.25,100.0,ANF
2023-02-07 19:31:00,31.25,31.25,31.25,31.25,240.0,ANF
2023-02-07 16:01:00,31.25,31.25,31.25,31.25,17670.0,ANF
2023-02-07 16:00:00,31.2,31.2699,31.17,31.24,36658.0,ANF
2023-02-07 15:59:00,31.2025,31.21,31.18,31.2,26300.0,ANF
2023-02-07 15:58:00,31.215,31.23,31.2,31.21,19201.0,ANF
2023-02-07 15:57:00,31.28,31.28,31.215,31.215,12008.0,ANF
2023-02-07 15:56:00,31.26,31.27,31.24,31.27,22733.0,ANF
2023-02-07 15:55:00,31.3,31.3,31.2,31.23,20751.0,ANF
2023-02-07 15:54:00,31.33,31.33,31.29,31.295,14649.0,ANF
2023-02-07 15:53:00,31.29,31.33,31.29,31.33,16224.0,ANF
2023-02-07 15:52:00,31.25,31.29,31.25,31.29,6584.0,ANF
2023-02-07 15:51:00,31.215,31.26,31.2,31.24,17279.0,ANF
2023-02-07 15:50:00,31.185,31.215,31.185,31.2101,3850.0,ANF
2023-02-07 15:49:00,31.18,31.19,31.16,31.18,14705.0,ANF
2023-02-07 15:48:00,31.17,31.18,31.16,31.18,5439.0,ANF
2023-02-07 15:47:00,31.12,31.17,31.1,31.16,7603.0,ANF
2023-02-07 15:46:00,31.075,31.12,31.06,31.12,18406.0,ANF
2023-02-07 15:45:00,31.09,31.1,31.06,31.07,9443.0,ANF
2023-02-07 15:44:00,31.055,31.085,31.05,31.085,6701.0,ANF
2023-02-07 15:43:00,31.04,31.06,31.03,31.06,5715.0,ANF
2023-02-07 15:42:00,31.08,31.08,31.04,31.04,5007.0,ANF
2023-02-07 15:41:00,31.11,31.11,31.08,31.08,5771.0,ANF
2023-02-07 15:40:00,31.065,31.11,31.06,31.11,5063.0,ANF
2023-02-07 15:39:00,31.05,31.07,31.04,31.07,6040.0,ANF
2023-02-07 15:38:00,31.03,31.05,31.03,31.04,1425.0,ANF
2023-02-07 15:37:00,30.95,31.04,30.95,31.04,4510.0,ANF
2023-02-07 15:36:00,30.98,30.98,30.95,30.95,6642.0,ANF
2023-02-07 15:35:00,30.98,30.98,30.97,30.97,1386.0,ANF
2023-02-07 15:34:00,31.03,31.03,30.98,30.98,5178.0,ANF
2023-02-07 15:33:00,31.02,31.03,31.02,31.03,2721.0,ANF
2023-02-07 15:32:00,31.07,31.07,31.02,31.025,7460.0,ANF
2023-02-07 15:31:00,31.07,31.08,31.04,31.07,5755.0,ANF
2023-02-07 15:30:00,31.02,31.06,31.01,31.06,2315.0,ANF
2023-02-07 15:29:00,30.9776,31.01,30.97,30.99,7010.0,ANF
2023-02-07 15:28:00,30.9432,30.9799,30.9432,30.97,12713.0,ANF
2023-02-07 15:27:00,30.9,30.95,30.875,30.95,5496.0,ANF
2023-02-07 15:26:00,30.915,30.92,30.9,30.92,1887.0,ANF
2023-02-07 15:25:00,30.855,30.93,30.855,30.91,10909.0,ANF
2023-02-07 15:24:00,30.87,30.87,30.85,30.87,2118.0,ANF
2023-02-07 15:23:00,30.855,30.87,30.855,30.87,685.0,ANF
2023-02-07 15:22:00,30.76,30.85,30.76,30.85,5259.0,ANF
2023-02-07 15:21:00,30.8,30.81,30.775,30.775,3755.0,ANF
2023-02-07 15:20:00,30.775,30.8,30.775,30.79,1819.0,ANF
2023-02-07 15:19:00,30.76,30.78,30.76,30.77,2473.0,ANF
2023-02-07 15:18:00,30.715,30.75,30.715,30.75,3820.0,ANF
2023-02-07 15:17:00,30.68,30.74,30.68,30.715,14314.0,ANF
2023-02-07 15:16:00,30.6468,30.69,30.6468,30.68,4923.0,ANF
2023-02-07 15:15:00,30.62,30.65,30.62,30.65,2637.0,ANF
2023-02-07 15:14:00,30.61,30.62,30.61,30.62,2041.0,ANF
2023-02-07 15:13:00,30.64,30.64,30.62,30.62,1726.0,ANF
2023-02-07 15:12:00,30.641,30.655,30.64,30.65,2577.0,ANF
2023-02-07 15:11:00,30.66,30.66,30.65,30.655,1964.0,ANF
2023-02-07 15:10:00,30.705,30.705,30.66,30.66,2079.0,ANF
2023-02-07 15:09:00,30.71,30.71,30.71,30.71,701.0,ANF
2023-02-07 15:08:00,30.74,30.75,30.695,30.7,14926.0,ANF
2023-02-07 15:07:00,30.74,30.765,30.72,30.75,6805.0,ANF
2023-02-07 15:06:00,30.75,30.75,30.7401,30.745,745.0,ANF
2023-02-07 15:05:00,30.77,30.77,30.74,30.744,2530.0,ANF
2023-02-07 15:04:00,30.8,30.8,30.77,30.785,2929.0,ANF
2023-02-07 15:03:00,30.8301,30.8301,30.79,30.8,3290.0,ANF
2023-02-07 15:02:00,30.84,30.84,30.8301,30.8301,1464.0,ANF
2023-02-07 15:01:00,30.75,30.86,30.74,30.84,9372.0,ANF
2023-02-07 15:00:00,30.75,30.78,30.74,30.74,22822.0,ANF
2023-02-07 14:59:00,30.74,30.74,30.74,30.74,431.0,ANF
2023-02-07 14:58:00,30.76,30.76,30.74,30.74,1293.0,ANF
2023-02-07 14:57:00,30.79,30.79,30.76,30.76,2591.0,ANF
2023-02-07 14:56:00,30.775,30.775,30.775,30.775,196.0,ANF
2023-02-07 14:55:00,30.8,30.8,30.77,30.775,3697.0,ANF
2023-02-07 14:54:00,30.79,30.805,30.79,30.805,2948.0,ANF
2023-02-07 14:53:00,30.75,30.7824,30.75,30.77,13211.0,ANF
2023-02-07 14:52:00,30.73,30.74,30.71,30.74,2556.0,ANF
2023-02-07 14:51:00,30.73,30.7499,30.73,30.74,3110.0,ANF
2023-02-07 14:50:00,30.7,30.74,30.7,30.735,3215.0,ANF
2023-02-07 14:49:00,30.7,30.7,30.69,30.7,1106.0,ANF
2023-02-07 14:48:00,30.75,30.75,30.7,30.7,3109.0,ANF
2023-02-07 14:47:00,30.74,30.74,30.74,30.74,1522.0,ANF
2023-02-07 14:46:00,30.74,30.75,30.71,30.73,3523.0,ANF
2023-02-07 14:45:00,30.8,30.8,30.745,30.745,1768.0,ANF
2023-02-07 14:44:00,30.79,30.81,30.79,30.81,1816.0,ANF
2023-02-07 14:43:00,30.72,30.8,30.72,30.8,2361.0,ANF
2023-02-07 14:42:00,30.66,30.72,30.655,30.72,4591.0,ANF
2023-02-07 14:41:00,30.645,30.67,30.64,30.65,4866.0,ANF
2023-02-07 14:40:00,30.635,30.65,30.63,30.64,925.0,ANF
2023-02-07 14:39:00,30.66,30.67,30.66,30.67,1195.0,ANF
2023-02-07 14:38:00,30.66,30.67,30.65,30.65,1051.0,ANF
2023-02-07 14:37:00,30.67,30.67,30.64,30.64,1357.0,ANF
2023-02-07 14:36:00,30.67,30.69,30.655,30.69,3729.0,ANF
2023-02-07 14:35:00,30.68,30.7,30.68,30.68,3568.0,ANF
2023-02-07 14:34:00,30.65,30.7,30.65,30.695,3579.0,ANF
2023-02-07 14:33:00,30.57,30.65,30.56,30.65,3425.0,ANF
2023-02-07 14:32:00,30.58,30.58,30.56,30.56,2066.0,ANF
2023-02-07 14:31:00,30.585,30.6,30.57,30.57,7200.0,ANF
2023-02-07 14:30:00,30.58,30.585,30.58,30.58,1756.0,ANF
2023-02-07 14:29:00,30.56,30.57,30.56,30.57,801.0,ANF
2023-02-07 14:28:00,30.575,30.575,30.55,30.56,1181.0,ANF
2023-02-07 14:27:00,30.575,30.575,30.57,30.57,315.0,ANF
2023-02-07 14:26:00,30.6,30.61,30.58,30.585,2316.0,ANF
2023-02-07 14:25:00,30.58,30.59,30.58,30.59,3815.0,ANF
2023-02-07 14:24:00,30.55,30.57,30.55,30.57,924.0,ANF
2023-02-07 14:23:00,30.55,30.55,30.51,30.55,3452.0,ANF
2023-02-07 14:22:00,30.53,30.54,30.52,30.5321,2165.0,ANF
2023-02-07 14:21:00,30.54,30.55,30.53,30.54,3390.0,ANF
2023-02-07 14:20:00,30.53,30.55,30.53,30.55,5571.0,ANF
2023-02-07 14:19:00,30.53,30.53,30.53,30.53,354.0,ANF
2023-02-07 14:18:00,30.54,30.56,30.515,30.515,1903.0,ANF
2023-02-07 14:17:00,30.57,30.59,30.56,30.56,2283.0,ANF
2023-02-07 14:16:00,30.56,30.57,30.54,30.57,3896.0,ANF
2023-02-07 14:15:00,30.535,30.54,30.53,30.53,433.0,ANF
2023-02-07 14:14:00,30.535,30.535,30.535,30.535,337.0,ANF
2023-02-07 14:13:00,30.54,30.55,30.53,30.53,2059.0,ANF
2023-02-07 14:12:00,30.57,30.57,30.55,30.55,656.0,ANF
2023-02-07 14:11:00,30.535,30.59,30.535,30.58,1405.0,ANF
2023-02-07 14:10:00,30.51,30.53,30.51,30.53,1579.0,ANF
2023-02-07 14:09:00,30.56,30.56,30.49,30.49,3410.0,ANF
2023-02-07 14:08:00,30.49,30.57,30.49,30.57,5835.0,ANF
2023-02-07 14:07:00,30.43,30.48,30.4216,30.48,4086.0,ANF
2023-02-07 14:06:00,30.46,30.46,30.44,30.44,2020.0,ANF
2023-02-07 14:05:00,30.4794,30.4794,30.465,30.465,494.0,ANF
2023-02-07 14:04:00,30.42,30.47,30.42,30.47,2819.0,ANF
2023-02-07 14:03:00,30.4,30.42,30.4,30.42,589.0,ANF
2023-02-07 14:02:00,30.36,30.41,30.35,30.41,2831.0,ANF
2023-02-07 14:01:00,30.335,30.36,30.335,30.36,1672.0,ANF
2023-02-07 14:00:00,30.33,30.34,30.33,30.33,1095.0,ANF
2023-02-07 13:59:00,30.31,30.31,30.31,30.31,240.0,ANF
2023-02-07 13:58:00,30.31,30.33,30.31,30.33,672.0,ANF
2023-02-07 13:57:00,30.33,30.34,30.32,30.33,3217.0,ANF
2023-02-07 13:56:00,30.325,30.35,30.325,30.325,2666.0,ANF
2023-02-07 13:55:00,30.28,30.32,30.28,30.31,3532.0,ANF
2023-02-07 13:54:00,30.265,30.265,30.265,30.265,460.0,ANF
2023-02-07 13:53:00,30.3,30.3,30.25,30.27,1138.0,ANF
2023-02-07 13:52:00,30.31,30.32,30.31,30.32,339.0,ANF
2023-02-07 13:51:00,30.31,30.31,30.26,30.31,4556.0,ANF
2023-02-07 13:50:00,30.32,30.32,30.32,30.32,257.0,ANF
2023-02-07 13:49:00,30.38,30.38,30.31,30.32,1649.0,ANF
2023-02-07 13:48:00,30.39,30.39,30.37,30.37,731.0,ANF
2023-02-07 13:47:00,30.43,30.435,30.38,30.38,3243.0,ANF
2023-02-07 13:46:00,30.425,30.45,30.42,30.43,3001.0,ANF
2023-02-07 13:45:00,30.35,30.425,30.35,30.425,4683.0,ANF
2023-02-07 13:44:00,30.4,30.4,30.36,30.38,3153.0,ANF
2023-02-07 13:43:00,30.4,30.4,30.4,30.4,570.0,ANF
2023-02-07 13:42:00,30.35,30.4,30.35,30.4,1762.0,ANF
2023-02-07 13:41:00,30.32,30.37,30.3,30.37,2027.0,ANF
2023-02-07 13:40:00,30.32,30.32,30.295,30.295,300.0,ANF
2023-02-07 13:39:00,30.305,30.305,30.305,30.305,535.0,ANF
2023-02-07 13:38:00,30.27,30.31,30.27,30.3,1657.0,ANF
2023-02-07 13:37:00,30.24,30.26,30.24,30.26,2460.0,ANF
2023-02-07 13:36:00,30.19,30.23,30.19,30.2175,1977.0,ANF
2023-02-07 13:35:00,30.23,30.24,30.21,30.21,1690.0,ANF
2023-02-07 13:34:00,30.26,30.26,30.25,30.255,1262.0,ANF
2023-02-07 13:33:00,30.3,30.3,30.24,30.25,1992.0,ANF
2023-02-07 13:32:00,30.32,30.32,30.32,30.32,697.0,ANF
2023-02-07 13:31:00,30.335,30.37,30.28,30.28,2453.0,ANF
2023-02-07 13:30:00,30.43,30.43,30.37,30.37,1321.0,ANF
2023-02-07 13:29:00,30.46,30.46,30.44,30.44,3394.0,ANF
2023-02-07 13:28:00,30.52,30.52,30.42,30.42,2900.0,ANF
2023-02-07 13:27:00,30.48,30.52,30.48,30.52,2800.0,ANF
2023-02-07 13:26:00,30.46,30.46,30.46,30.46,219.0,ANF
2023-02-07 13:24:00,30.49,30.49,30.44,30.44,2127.0,ANF
2023-02-07 13:23:00,30.47,30.47,30.47,30.47,347.0,ANF
2023-02-07 13:22:00,30.51,30.51,30.49,30.49,1163.0,ANF
2023-02-07 13:21:00,30.52,30.53,30.5,30.525,2270.0,ANF
2023-02-07 13:20:00,30.53,30.54,30.5218,30.54,1370.0,ANF
2023-02-07 13:18:00,30.4675,30.4675,30.4675,30.4675,269.0,ANF
2023-02-07 13:17:00,30.5,30.5,30.43,30.5,918.0,ANF
2023-02-07 13:16:00,30.615,30.615,30.51,30.51,2812.0,ANF
2023-02-07 13:15:00,30.64,30.66,30.62,30.62,2429.0,ANF
2023-02-07 13:14:00,30.62,30.63,30.62,30.625,1922.0,ANF
2023-02-07 13:13:00,30.57,30.61,30.57,30.61,1029.0,ANF
2023-02-07 13:12:00,30.61,30.61,30.58,30.59,1876.0,ANF
2023-02-07 13:11:00,30.561,30.59,30.56,30.59,865.0,ANF
2023-02-07 13:10:00,30.67,30.67,30.61,30.61,1506.0,ANF
2023-02-07 13:09:00,30.65,30.68,30.6491,30.67,3345.0,ANF
2023-02-07 13:08:00,30.68,30.68,30.61,30.65,15529.0,ANF
2023-02-07 13:07:00,30.71,30.725,30.68,30.68,1273.0,ANF
2023-02-07 13:06:00,30.731,30.731,30.69,30.71,6527.0,ANF
2023-02-07 13:05:00,30.8,30.8,30.76,30.79,573.0,ANF
2023-02-07 13:04:00,30.865,30.865,30.82,30.83,1027.0,ANF
2023-02-07 13:03:00,30.87,30.87,30.87,30.87,241.0,ANF
2023-02-07 13:02:00,30.94,30.94,30.9,30.9,957.0,ANF
2023-02-07 13:01:00,30.87,30.94,30.865,30.94,3039.0,ANF
2023-02-07 13:00:00,30.935,30.935,30.86,30.87,1895.0,ANF
2023-02-07 12:59:00,30.92,30.93,30.9,30.93,1239.0,ANF
2023-02-07 12:58:00,30.8882,30.96,30.8882,30.93,4910.0,ANF
2023-02-07 12:57:00,30.89,30.89,30.88,30.88,200.0,ANF
2023-02-07 12:56:00,30.815,30.88,30.815,30.86,5744.0,ANF
2023-02-07 12:55:00,30.8,30.8,30.79,30.79,888.0,ANF
2023-02-07 12:54:00,30.71,30.86,30.71,30.8,10420.0,ANF
2023-02-07 12:53:00,30.64,30.76,30.64,30.69,12075.0,ANF
2023-02-07 12:52:00,30.6,30.64,30.6,30.64,977.0,ANF
2023-02-07 12:51:00,30.62,30.63,30.55,30.6,3463.0,ANF
2023-02-07 12:50:00,30.58,30.62,30.57,30.61,2034.0,ANF
2023-02-07 12:49:00,30.55,30.55,30.545,30.55,466.0,ANF
2023-02-07 12:48:00,30.53,30.61,30.53,30.58,8745.0,ANF
2023-02-07 12:47:00,30.51,30.56,30.48,30.56,7871.0,ANF
2023-02-07 12:46:00,30.46,30.5,30.45,30.49,1643.0,ANF
2023-02-07 12:45:00,30.38,30.4,30.38,30.4,1733.0,ANF
2023-02-07 12:44:00,30.298,30.36,30.298,30.35,700.0,ANF
2023-02-07 12:43:00,30.405,30.405,30.31,30.31,7714.0,ANF
2023-02-07 12:42:00,30.33,30.42,30.32,30.42,4255.0,ANF
2023-02-07 12:41:00,30.31,30.315,30.31,30.315,430.0,ANF
2023-02-07 12:39:00,30.3,30.305,30.3,30.305,452.0,ANF
2023-02-07 12:38:00,30.295,30.31,30.285,30.31,873.0,ANF
2023-02-07 12:37:00,30.27,30.29,30.27,30.29,2853.0,ANF
2023-02-07 12:35:00,30.23,30.26,30.22,30.26,3083.0,ANF
2023-02-07 12:33:00,30.26,30.265,30.24,30.24,2962.0,ANF
2023-02-07 12:32:00,30.2,30.25,30.2,30.25,2927.0,ANF
2023-02-07 12:31:00,30.21,30.21,30.21,30.21,347.0,ANF
2023-02-07 12:30:00,30.21,30.21,30.19,30.21,566.0,ANF
2023-02-07 12:29:00,30.21,30.21,30.21,30.21,400.0,ANF
2023-02-07 12:28:00,30.21,30.22,30.21,30.21,1941.0,ANF
2023-02-07 12:27:00,30.265,30.265,30.23,30.23,1103.0,ANF
2023-02-07 12:26:00,30.25,30.265,30.25,30.265,2133.0,ANF
2023-02-07 12:25:00,30.26,30.26,30.215,30.24,2637.0,ANF
2023-02-07 12:24:00,30.26,30.26,30.25,30.25,2415.0,ANF
2023-02-07 12:22:00,30.26,30.27,30.25,30.25,1240.0,ANF
2023-02-07 12:21:00,30.22,30.26,30.22,30.26,2480.0,ANF
2023-02-07 12:20:00,30.24,30.24,30.23,30.23,1069.0,ANF
2023-02-07 12:19:00,30.255,30.255,30.255,30.255,127.0,ANF
2023-02-07 12:18:00,30.23,30.25,30.23,30.25,1186.0,ANF
2023-02-07 12:17:00,30.23,30.23,30.225,30.225,1116.0,ANF
2023-02-07 12:16:00,30.22,30.25,30.22,30.25,4079.0,ANF
2023-02-07 12:15:00,30.21,30.21,30.205,30.205,1617.0,ANF
2023-02-07 12:14:00,30.2,30.21,30.185,30.2,4912.0,ANF
2023-02-07 12:13:00,30.21,30.21,30.21,30.21,647.0,ANF
2023-02-07 12:11:00,30.2109,30.2109,30.2109,30.2109,392.0,ANF
2023-02-07 12:10:00,30.3,30.31,30.265,30.265,3477.0,ANF
2023-02-07 12:08:00,30.295,30.31,30.29,30.29,1477.0,ANF
2023-02-07 12:06:00,30.29,30.31,30.29,30.31,1049.0,ANF
2023-02-07 12:05:00,30.27,30.28,30.27,30.275,1294.0,ANF
2023-02-07 12:04:00,30.235,30.26,30.235,30.26,2450.0,ANF
2023-02-07 12:03:00,30.23,30.24,30.23,30.24,1160.0,ANF
2023-02-07 12:02:00,30.21,30.25,30.21,30.25,1901.0,ANF
2023-02-07 12:01:00,30.22,30.22,30.2,30.2,766.0,ANF
2023-02-07 12:00:00,30.2066,30.2066,30.2,30.2,483.0,ANF
2023-02-07 11:58:00,30.22,30.22,30.21,30.21,439.0,ANF
2023-02-07 11:57:00,30.215,30.22,30.215,30.22,597.0,ANF
2023-02-07 11:56:00,30.21,30.21,30.21,30.21,911.0,ANF
2023-02-07 11:55:00,30.24,30.24,30.23,30.24,1704.0,ANF
2023-02-07 11:54:00,30.28,30.28,30.25,30.25,1532.0,ANF
2023-02-07 11:53:00,30.27,30.28,30.255,30.28,1753.0,ANF
2023-02-07 11:51:00,30.275,30.275,30.26,30.26,556.0,ANF
2023-02-07 11:49:00,30.35,30.35,30.3,30.3,1910.0,ANF
2023-02-07 11:48:00,30.37,30.37,30.36,30.36,412.0,ANF
2023-02-07 11:47:00,30.395,30.395,30.395,30.395,185.0,ANF
2023-02-07 11:46:00,30.32,30.38,30.32,30.38,2643.0,ANF
2023-02-07 11:45:00,30.34,30.34,30.33,30.33,1092.0,ANF
2023-02-07 11:44:00,30.3,30.35,30.29,30.35,11157.0,ANF
2023-02-07 11:42:00,30.3,30.3,30.3,30.3,1839.0,ANF
2023-02-07 11:41:00,30.35,30.35,30.32,30.32,2114.0,ANF
2023-02-07 11:40:00,30.35,30.38,30.32,30.38,3570.0,ANF
2023-02-07 11:39:00,30.36,30.36,30.36,30.36,100.0,ANF
2023-02-07 11:38:00,30.3,30.35,30.3,30.35,3058.0,ANF
2023-02-07 11:37:00,30.27,30.29,30.27,30.29,1658.0,ANF
2023-02-07 11:35:00,30.24,30.28,30.23,30.28,2220.0,ANF
2023-02-07 11:34:00,30.21,30.23,30.2,30.23,2549.0,ANF
2023-02-07 11:33:00,30.2199,30.2199,30.205,30.205,940.0,ANF
2023-02-07 11:32:00,30.2,30.21,30.2,30.21,1132.0,ANF
2023-02-07 11:31:00,30.29,30.295,30.24,30.24,1256.0,ANF
2023-02-07 11:30:00,30.31,30.31,30.3,30.3,743.0,ANF
2023-02-07 11:29:00,30.32,30.34,30.31,30.32,1831.0,ANF
2023-02-07 11:28:00,30.32,30.32,30.32,30.32,251.0,ANF
2023-02-07 11:27:00,30.31,30.31,30.31,30.31,296.0,ANF
2023-02-07 11:26:00,30.3,30.31,30.3,30.3,1374.0,ANF
2023-02-07 11:25:00,30.24,30.28,30.24,30.28,1618.0,ANF
2023-02-07 11:24:00,30.24,30.24,30.217,30.23,3402.0,ANF
2023-02-07 11:23:00,30.27,30.27,30.245,30.25,1849.0,ANF
2023-02-07 11:22:00,30.27,30.28,30.27,30.28,906.0,ANF
2023-02-07 11:21:00,30.26,30.26,30.23,30.26,1769.0,ANF
2023-02-07 11:20:00,30.255,30.27,30.255,30.27,1114.0,ANF
2023-02-07 11:19:00,30.27,30.28,30.24,30.25,2569.0,ANF
2023-02-07 11:18:00,30.23,30.28,30.23,30.28,2892.0,ANF
2023-02-07 11:17:00,30.21,30.21,30.2,30.21,1274.0,ANF
2023-02-07 11:16:00,30.205,30.24,30.205,30.23,1583.0,ANF
2023-02-07 11:15:00,30.2,30.22,30.2,30.2,14355.0,ANF
2023-02-07 11:14:00,30.18,30.18,30.17,30.17,840.0,ANF
2023-02-07 11:13:00,30.19,30.19,30.19,30.19,363.0,ANF
2023-02-07 11:12:00,30.16,30.18,30.15,30.18,3148.0,ANF
2023-02-07 11:11:00,30.18,30.19,30.17,30.17,461.0,ANF
2023-02-07 11:10:00,30.16,30.17,30.16,30.17,1091.0,ANF
2023-02-07 11:09:00,30.09,30.14,30.09,30.14,10069.0,ANF
2023-02-07 11:08:00,30.095,30.11,30.07,30.07,1802.0,ANF
2023-02-07 11:07:00,30.115,30.12,30.09,30.09,1499.0,ANF
2023-02-07 11:06:00,30.12,30.12,30.12,30.12,146.0,ANF
2023-02-07 11:05:00,30.09,30.12,30.08,30.11,3046.0,ANF
2023-02-07 11:04:00,30.075,30.09,30.075,30.09,1130.0,ANF
2023-02-07 11:02:00,30.065,30.09,30.065,30.08,1223.0,ANF
2023-02-07 11:01:00,30.05,30.05,30.05,30.05,428.0,ANF
2023-02-07 11:00:00,30.0298,30.04,30.0,30.03,2965.0,ANF
2023-02-07 10:59:00,30.03,30.04,30.025,30.035,914.0,ANF
2023-02-07 10:58:00,30.01,30.015,30.0,30.01,1150.0,ANF
2023-02-07 10:57:00,30.075,30.075,30.01,30.03,3350.0,ANF
2023-02-07 10:56:00,30.065,30.08,30.065,30.08,342.0,ANF
2023-02-07 10:55:00,30.105,30.11,30.06,30.06,762.0,ANF
2023-02-07 10:54:00,30.06,30.08,30.06,30.08,1239.0,ANF
2023-02-07 10:53:00,30.05,30.06,30.05,30.06,1380.0,ANF
2023-02-07 10:52:00,30.06,30.08,30.06,30.06,1103.0,ANF
2023-02-07 10:51:00,30.025,30.07,30.025,30.04,1729.0,ANF
2023-02-07 10:50:00,30.025,30.025,30.0088,30.0088,393.0,ANF
2023-02-07 10:49:00,30.05,30.06,30.01,30.01,2268.0,ANF
2023-02-07 10:48:00,30.01,30.07,30.01,30.07,1481.0,ANF
2023-02-07 10:47:00,30.01,30.07,29.975,30.03,6984.0,ANF
2023-02-07 10:46:00,29.975,30.0,29.975,29.98,2138.0,ANF
2023-02-07 10:44:00,29.945,29.98,29.945,29.98,463.0,ANF
2023-02-07 10:43:00,29.905,29.94,29.905,29.935,728.0,ANF
2023-02-07 10:42:00,29.88,29.91,29.8342,29.91,3523.0,ANF
2023-02-07 10:40:00,29.9476,29.9476,29.8893,29.91,1085.0,ANF
2023-02-07 10:39:00,29.875,29.895,29.82,29.895,6751.0,ANF
2023-02-07 10:38:00,29.85,29.85,29.85,29.85,111.0,ANF
2023-02-07 10:37:00,29.8816,29.89,29.87,29.87,2130.0,ANF
2023-02-07 10:36:00,29.87,29.89,29.86,29.86,2048.0,ANF
2023-02-07 10:35:00,29.86,29.88,29.855,29.87,3489.0,ANF
2023-02-07 10:34:00,29.95,29.95,29.88,29.88,2815.0,ANF
2023-02-07 10:33:00,29.98,29.98,29.98,29.98,110.0,ANF
2023-02-07 10:32:00,29.95,29.98,29.95,29.98,1631.0,ANF
2023-02-07 10:31:00,29.95,29.955,29.93,29.94,1788.0,ANF
2023-02-07 10:30:00,29.92,29.98,29.88,29.97,12227.0,ANF
2023-02-07 10:29:00,29.96,29.96,29.94,29.94,1519.0,ANF
2023-02-07 10:28:00,30.035,30.035,30.0,30.0,3646.0,ANF
2023-02-07 10:27:00,30.1,30.1,30.04,30.05,1934.0,ANF
2023-02-07 10:26:00,30.195,30.195,30.09,30.11,2113.0,ANF
2023-02-07 10:25:00,30.2,30.2,30.171,30.171,910.0,ANF
2023-02-07 10:24:00,30.22,30.22,30.18,30.2,3102.0,ANF
2023-02-07 10:22:00,30.205,30.21,30.18,30.2,1303.0,ANF
2023-02-07 10:21:00,30.19,30.21,30.15,30.21,2844.0,ANF
2023-02-07 10:20:00,30.25,30.27,30.195,30.195,3523.0,ANF
2023-02-07 10:19:00,30.295,30.295,30.27,30.27,741.0,ANF
2023-02-07 10:18:00,30.2532,30.29,30.2532,30.29,1400.0,ANF
2023-02-07 10:17:00,30.28,30.28,30.235,30.265,2440.0,ANF
2023-02-07 10:16:00,30.275,30.275,30.275,30.275,526.0,ANF
2023-02-07 10:15:00,30.26,30.27,30.26,30.26,774.0,ANF
2023-02-07 10:14:00,30.25,30.25,30.23,30.23,410.0,ANF
2023-02-07 10:13:00,30.29,30.29,30.245,30.25,1332.0,ANF
2023-02-07 10:12:00,30.28,30.29,30.27,30.29,1157.0,ANF
2023-02-07 10:11:00,30.2,30.27,30.2,30.27,3180.0,ANF
2023-02-07 10:10:00,30.185,30.22,30.185,30.21,1766.0,ANF
2023-02-07 10:09:00,30.18,30.205,30.17,30.1961,3679.0,ANF
2023-02-07 10:08:00,30.18,30.19,30.17,30.17,836.0,ANF
2023-02-07 10:07:00,30.19,30.19,30.19,30.19,1264.0,ANF
2023-02-07 10:06:00,30.21,30.21,30.18,30.19,601.0,ANF
2023-02-07 10:05:00,30.19,30.21,30.15,30.21,2580.0,ANF
2023-02-07 10:04:00,30.2,30.215,30.19,30.19,736.0,ANF
2023-02-07 10:03:00,30.24,30.24,30.19,30.215,2765.0,ANF
2023-02-07 10:02:00,30.26,30.26,30.26,30.26,228.0,ANF
2023-02-07 10:01:00,30.32,30.325,30.3,30.3,1596.0,ANF
2023-02-07 10:00:00,30.34,30.34,30.325,30.325,874.0,ANF
2023-02-07 09:59:00,30.36,30.37,30.36,30.37,360.0,ANF
2023-02-07 09:58:00,30.32,30.38,30.305,30.34,1690.0,ANF
2023-02-07 09:57:00,30.345,30.345,30.28,30.3,1809.0,ANF
2023-02-07 09:56:00,30.33,30.345,30.31,30.33,1670.0,ANF
2023-02-07 09:55:00,30.325,30.325,30.3,30.3,681.0,ANF
2023-02-07 09:54:00,30.26,30.36,30.26,30.3,5085.0,ANF
2023-02-07 09:53:00,30.33,30.33,30.23,30.25,11915.0,ANF
2023-02-07 09:52:00,30.36,30.38,30.33,30.33,2474.0,ANF
2023-02-07 09:51:00,30.25,30.34,30.25,30.34,2034.0,ANF
2023-02-07 09:50:00,30.21,30.25,30.21,30.24,1542.0,ANF
2023-02-07 09:49:00,30.15,30.215,30.15,30.215,1728.0,ANF
2023-02-07 09:48:00,30.17,30.19,30.16,30.19,1914.0,ANF
2023-02-07 09:47:00,30.1,30.15,30.1,30.15,1829.0,ANF
2023-02-07 09:46:00,30.14,30.18,30.12,30.12,1472.0,ANF
2023-02-07 09:45:00,30.11,30.18,30.11,30.18,2476.0,ANF
2023-02-07 09:44:00,30.225,30.225,30.15,30.15,1048.0,ANF
2023-02-07 09:43:00,30.24,30.26,30.2,30.23,843.0,ANF
2023-02-07 09:42:00,30.15,30.26,30.15,30.24,2190.0,ANF
2023-02-07 09:41:00,30.13,30.25,30.13,30.205,2306.0,ANF
2023-02-07 09:40:00,30.19,30.21,30.18,30.19,1998.0,ANF
2023-02-07 09:39:00,30.0,30.155,30.0,30.155,1585.0,ANF
2023-02-07 09:38:00,30.04,30.05,30.04,30.05,741.0,ANF
2023-02-07 09:37:00,30.03,30.08,30.03,30.065,737.0,ANF
2023-02-07 09:36:00,29.99,30.09,29.98,30.08,2020.0,ANF
2023-02-07 09:35:00,29.93,30.1099,29.93,30.1099,600.0,ANF
2023-02-07 09:34:00,30.0523,30.0523,30.0523,30.0523,496.0,ANF
2023-02-07 09:33:00,30.1,30.1,29.94,29.96,1930.0,ANF
2023-02-07 09:32:00,29.98,30.175,29.98,30.175,2165.0,ANF
2023-02-07 09:31:00,30.1,30.245,29.9,29.91,19467.0,ANF
2023-02-07 09:30:00,30.51,30.51,30.18,30.18,288.0,ANF
2023-02-07 08:56:00,30.55,30.55,30.55,30.55,431.0,ANF
2023-02-06 18:00:00,30.45,30.45,30.45,30.45,100.0,ANF
2023-02-06 16:01:00,30.51,30.51,30.51,30.51,17979.0,ANF
2023-02-06 16:00:00,30.49,30.51,30.485,30.5,29364.0,ANF
2023-02-06 15:59:00,30.485,30.5,30.48,30.48,19186.0,ANF
2023-02-06 15:58:00,30.485,30.5,30.47,30.49,17861.0,ANF
2023-02-06 15:57:00,30.475,30.5,30.47,30.49,13869.0,ANF
2023-02-06 15:56:00,30.43,30.51,30.43,30.47,23752.0,ANF
2023-02-06 15:55:00,30.435,30.44,30.435,30.44,7935.0,ANF
2023-02-06 15:54:00,30.41,30.45,30.405,30.44,9305.0,ANF
2023-02-06 15:53:00,30.395,30.41,30.385,30.405,9388.0,ANF
2023-02-06 15:52:00,30.4,30.4,30.385,30.395,7940.0,ANF
2023-02-06 15:51:00,30.36,30.405,30.36,30.405,7418.0,ANF
2023-02-06 15:50:00,30.355,30.355,30.345,30.35,14115.0,ANF
2023-02-06 15:49:00,30.325,30.37,30.325,30.355,6371.0,ANF
2023-02-06 15:48:00,30.3,30.33,30.3,30.33,4910.0,ANF
2023-02-06 15:47:00,30.32,30.32,30.295,30.3,6710.0,ANF
2023-02-06 15:46:00,30.325,30.325,30.315,30.325,5089.0,ANF
2023-02-06 15:45:00,30.35,30.355,30.33,30.33,5017.0,ANF
2023-02-06 15:44:00,30.345,30.355,30.345,30.3475,2903.0,ANF
2023-02-06 15:43:00,30.36,30.36,30.345,30.345,3841.0,ANF
2023-02-06 15:42:00,30.375,30.375,30.35,30.365,7445.0,ANF
2023-02-06 15:41:00,30.33,30.38,30.325,30.38,5843.0,ANF
2023-02-06 15:40:00,30.3,30.34,30.3,30.33,5473.0,ANF
2023-02-06 15:39:00,30.31,30.31,30.29,30.305,4753.0,ANF
2023-02-06 15:38:00,30.335,30.335,30.3,30.3,3661.0,ANF
2023-02-06 15:37:00,30.35,30.35,30.3325,30.3325,1801.0,ANF
2023-02-06 15:36:00,30.33,30.355,30.33,30.34,5357.0,ANF
2023-02-06 15:35:00,30.335,30.335,30.32,30.33,3485.0,ANF
2023-02-06 15:34:00,30.385,30.385,30.34,30.34,5561.0,ANF
2023-02-06 15:33:00,30.385,30.385,30.385,30.385,491.0,ANF
2023-02-06 15:32:00,30.33,30.4,30.33,30.39,7520.0,ANF
2023-02-06 15:31:00,30.325,30.335,30.32,30.33,5561.0,ANF
2023-02-06 15:30:00,30.375,30.375,30.32,30.32,5738.0,ANF
2023-02-06 15:29:00,30.385,30.385,30.375,30.375,2271.0,ANF
2023-02-06 15:28:00,30.36,30.39,30.36,30.39,3817.0,ANF
2023-02-06 15:27:00,30.365,30.365,30.355,30.36,3750.0,ANF
2023-02-06 15:26:00,30.36,30.37,30.36,30.365,2310.0,ANF
2023-02-06 15:25:00,30.355,30.365,30.355,30.36,4271.0,ANF
2023-02-06 15:24:00,30.33,30.355,30.33,30.355,2868.0,ANF
2023-02-06 15:23:00,30.34,30.34,30.325,30.325,3405.0,ANF
2023-02-06 15:22:00,30.34,30.345,30.34,30.345,2094.0,ANF
2023-02-06 15:21:00,30.34,30.34,30.335,30.335,1098.0,ANF
2023-02-06 15:20:00,30.35,30.355,30.345,30.345,2490.0,ANF
2023-02-06 15:19:00,30.33,30.355,30.33,30.35,3406.0,ANF
2023-02-06 15:18:00,30.31,30.33,30.31,30.33,3228.0,ANF
2023-02-06 15:17:00,30.295,30.305,30.295,30.3,1543.0,ANF
2023-02-06 15:16:00,30.32,30.32,30.295,30.295,3285.0,ANF
2023-02-06 15:15:00,30.285,30.33,30.27,30.33,14720.0,ANF
2023-02-06 15:14:00,30.27,30.28,30.27,30.28,4596.0,ANF
2023-02-06 15:13:00,30.28,30.29,30.28,30.28,1769.0,ANF
2023-02-06 15:12:00,30.31,30.31,30.28,30.28,993.0,ANF
2023-02-06 15:11:00,30.35,30.35,30.315,30.315,3686.0,ANF
2023-02-06 15:10:00,30.325,30.36,30.325,30.35,5664.0,ANF
2023-02-06 15:09:00,30.33,30.33,30.325,30.325,724.0,ANF
2023-02-06 15:08:00,30.33,30.34,30.33,30.34,1453.0,ANF
2023-02-06 15:07:00,30.35,30.35,30.315,30.315,2227.0,ANF
2023-02-06 15:06:00,30.38,30.385,30.35,30.36,2566.0,ANF
2023-02-06 15:05:00,30.395,30.395,30.38,30.385,4518.0,ANF
2023-02-06 15:04:00,30.39,30.4,30.39,30.395,1259.0,ANF
2023-02-06 15:03:00,30.4,30.4,30.38,30.39,3935.0,ANF
2023-02-06 15:02:00,30.38,30.41,30.38,30.41,4629.0,ANF
2023-02-06 15:01:00,30.425,30.425,30.37,30.375,3948.0,ANF
2023-02-06 15:00:00,30.42,30.42,30.42,30.42,500.0,ANF
2023-02-06 14:59:00,30.45,30.45,30.435,30.44,2365.0,ANF
2023-02-06 14:58:00,30.48,30.48,30.46,30.46,5015.0,ANF
2023-02-06 14:57:00,30.455,30.475,30.455,30.47,1655.0,ANF
2023-02-06 14:56:00,30.38,30.45,30.38,30.45,4137.0,ANF
2023-02-06 14:55:00,30.37,30.37,30.36,30.37,2408.0,ANF
2023-02-06 14:54:00,30.286,30.365,30.286,30.3607,8645.0,ANF
2023-02-06 14:53:00,30.3,30.3,30.275,30.275,3246.0,ANF
2023-02-06 14:52:00,30.305,30.305,30.305,30.305,679.0,ANF
2023-02-06 14:51:00,30.33,30.33,30.305,30.325,5393.0,ANF
2023-02-06 14:50:00,30.345,30.345,30.335,30.335,3992.0,ANF
2023-02-06 14:49:00,30.345,30.345,30.345,30.345,728.0,ANF
2023-02-06 14:48:00,30.36,30.36,30.34,30.34,3783.0,ANF
2023-02-06 14:47:00,30.34,30.37,30.335,30.355,5232.0,ANF
2023-02-06 14:46:00,30.35,30.355,30.35,30.35,1854.0,ANF
2023-02-06 14:45:00,30.36,30.36,30.34,30.34,1374.0,ANF
2023-02-06 14:44:00,30.37,30.37,30.36,30.365,2014.0,ANF
2023-02-06 14:43:00,30.35,30.38,30.345,30.38,3126.0,ANF
2023-02-06 14:42:00,30.4,30.4,30.33,30.33,2287.0,ANF
2023-02-06 14:41:00,30.46,30.46,30.44,30.44,3731.0,ANF
2023-02-06 14:40:00,30.445,30.47,30.445,30.47,933.0,ANF
2023-02-06 14:39:00,30.39,30.45,30.39,30.45,2466.0,ANF
2023-02-06 14:38:00,30.39,30.39,30.39,30.39,1391.0,ANF
2023-02-06 14:37:00,30.41,30.425,30.4,30.4,2733.0,ANF
2023-02-06 14:36:00,30.4099,30.41,30.39,30.41,2432.0,ANF
2023-02-06 14:35:00,30.49,30.49,30.4,30.4,3347.0,ANF
2023-02-06 14:34:00,30.475,30.52,30.4605,30.505,6619.0,ANF
2023-02-06 14:33:00,30.47,30.49,30.47,30.475,1318.0,ANF
2023-02-06 14:32:00,30.43,30.44,30.425,30.44,2177.0,ANF
2023-02-06 14:31:00,30.44,30.45,30.43,30.435,3044.0,ANF
2023-02-06 14:30:00,30.44,30.44,30.44,30.44,626.0,ANF
2023-02-06 14:29:00,30.44,30.45,30.44,30.44,3130.0,ANF
2023-02-06 14:28:00,30.43,30.43,30.425,30.43,761.0,ANF
2023-02-06 14:27:00,30.42,30.435,30.42,30.43,2177.0,ANF
2023-02-06 14:26:00,30.43,30.43,30.415,30.415,1438.0,ANF
2023-02-06 14:25:00,30.4602,30.4602,30.45,30.45,1263.0,ANF
2023-02-06 14:24:00,30.47,30.475,30.46,30.47,1913.0,ANF
2023-02-06 14:23:00,30.48,30.48,30.465,30.465,1960.0,ANF
2023-02-06 14:22:00,30.5,30.5,30.49,30.495,1546.0,ANF
2023-02-06 14:21:00,30.515,30.515,30.5,30.505,1807.0,ANF
2023-02-06 14:20:00,30.52,30.52,30.51,30.51,1999.0,ANF
2023-02-06 14:19:00,30.53,30.53,30.525,30.525,1348.0,ANF
2023-02-06 14:18:00,30.525,30.54,30.525,30.54,1626.0,ANF
2023-02-06 14:17:00,30.52,30.535,30.52,30.525,2649.0,ANF
2023-02-06 14:16:00,30.515,30.52,30.515,30.515,1002.0,ANF
2023-02-06 14:15:00,30.515,30.53,30.51,30.515,3882.0,ANF
2023-02-06 14:14:00,30.495,30.51,30.495,30.51,2413.0,ANF
2023-02-06 14:13:00,30.5099,30.5099,30.495,30.495,850.0,ANF
2023-02-06 14:12:00,30.49,30.5,30.49,30.5,1785.0,ANF
2023-02-06 14:11:00,30.485,30.5,30.485,30.485,2487.0,ANF
2023-02-06 14:10:00,30.48,30.485,30.48,30.485,900.0,ANF
2023-02-06 14:09:00,30.5,30.5,30.48,30.48,3344.0,ANF
2023-02-06 14:07:00,30.4603,30.51,30.46,30.505,5421.0,ANF
2023-02-06 14:06:00,30.475,30.475,30.465,30.465,1127.0,ANF
2023-02-06 14:05:00,30.49,30.49,30.475,30.475,1696.0,ANF
2023-02-06 14:04:00,30.48,30.49,30.48,30.49,1652.0,ANF
2023-02-06 14:03:00,30.48,30.48,30.48,30.48,1202.0,ANF
2023-02-06 14:02:00,30.44,30.48,30.44,30.47,1315.0,ANF
2023-02-06 14:01:00,30.41,30.43,30.41,30.43,3425.0,ANF
2023-02-06 14:00:00,30.4,30.405,30.4,30.405,487.0,ANF
2023-02-06 13:59:00,30.42,30.42,30.4,30.4,1860.0,ANF
2023-02-06 13:58:00,30.4,30.43,30.4,30.4108,1836.0,ANF
2023-02-06 13:57:00,30.39,30.395,30.37,30.395,1742.0,ANF
2023-02-06 13:56:00,30.38,30.385,30.38,30.385,1191.0,ANF
2023-02-06 13:55:00,30.38,30.38,30.38,30.38,217.0,ANF
2023-02-06 13:54:00,30.35,30.37,30.35,30.37,1036.0,ANF
2023-02-06 13:53:00,30.33,30.34,30.33,30.33,1162.0,ANF
2023-02-06 13:52:00,30.325,30.34,30.31,30.325,3155.0,ANF
2023-02-06 13:51:00,30.285,30.34,30.285,30.34,2189.0,ANF
2023-02-06 13:50:00,30.22,30.29,30.22,30.29,4773.0,ANF
2023-02-06 13:49:00,30.28,30.285,30.23,30.23,999.0,ANF
2023-02-06 13:48:00,30.32,30.33,30.285,30.285,3560.0,ANF
2023-02-06 13:47:00,30.335,30.335,30.335,30.335,268.0,ANF
2023-02-06 13:46:00,30.3,30.34,30.3,30.335,3265.0,ANF
2023-02-06 13:45:00,30.24,30.32,30.24,30.32,2535.0,ANF
2023-02-06 13:44:00,30.18,30.23,30.175,30.23,4238.0,ANF
2023-02-06 13:43:00,30.18,30.1999,30.18,30.18,2791.0,ANF
2023-02-06 13:42:00,30.19,30.19,30.16,30.18,2365.0,ANF
2023-02-06 13:41:00,30.21,30.215,30.18,30.18,1511.0,ANF
2023-02-06 13:40:00,30.21,30.21,30.21,30.21,448.0,ANF
2023-02-06 13:39:00,30.23,30.23,30.2,30.205,6551.0,ANF
2023-02-06 13:38:00,30.285,30.29,30.235,30.24,2494.0,ANF
2023-02-06 13:37:00,30.35,30.35,30.32,30.32,2031.0,ANF
2023-02-06 13:36:00,30.295,30.36,30.295,30.36,3833.0,ANF
2023-02-06 13:35:00,30.3,30.3,30.295,30.295,494.0,ANF
2023-02-06 13:33:00,30.31,30.31,30.31,30.31,188.0,ANF
2023-02-06 13:32:00,30.34,30.35,30.31,30.31,2542.0,ANF
2023-02-06 13:31:00,30.34,30.34,30.32,30.33,743.0,ANF
2023-02-06 13:30:00,30.37,30.37,30.36,30.36,1269.0,ANF
2023-02-06 13:29:00,30.37,30.37,30.37,30.37,1619.0,ANF
2023-02-06 13:28:00,30.36,30.38,30.36,30.38,1081.0,ANF
2023-02-06 13:27:00,30.35,30.35,30.35,30.35,608.0,ANF
2023-02-06 13:26:00,30.31,30.34,30.3,30.34,1473.0,ANF
2023-02-06 13:25:00,30.31,30.32,30.31,30.32,982.0,ANF
2023-02-06 13:24:00,30.33,30.33,30.31,30.31,1936.0,ANF
2023-02-06 13:23:00,30.35,30.35,30.335,30.34,1843.0,ANF
2023-02-06 13:22:00,30.35,30.365,30.35,30.36,1611.0,ANF
2023-02-06 13:21:00,30.3305,30.3305,30.3305,30.3305,856.0,ANF
2023-02-06 13:20:00,30.34,30.345,30.34,30.34,2155.0,ANF
2023-02-06 13:19:00,30.33,30.34,30.33,30.34,1222.0,ANF
2023-02-06 13:18:00,30.315,30.32,30.315,30.32,745.0,ANF
2023-02-06 13:17:00,30.3,30.32,30.3,30.31,3278.0,ANF
2023-02-06 13:16:00,30.285,30.29,30.285,30.29,1739.0,ANF
2023-02-06 13:15:00,30.28,30.28,30.28,30.28,498.0,ANF
2023-02-06 13:14:00,30.26,30.26,30.245,30.245,1053.0,ANF
2023-02-06 13:13:00,30.19,30.22,30.19,30.22,2133.0,ANF
2023-02-06 13:12:00,30.27,30.27,30.165,30.2,3674.0,ANF
2023-02-06 13:11:00,30.28,30.28,30.275,30.275,875.0,ANF
2023-02-06 13:10:00,30.325,30.325,30.3,30.3,3447.0,ANF
2023-02-06 13:09:00,30.32,30.32,30.32,30.32,667.0,ANF
2023-02-06 13:08:00,30.295,30.31,30.29,30.31,2096.0,ANF
2023-02-06 13:07:00,30.29,30.3,30.28,30.3,990.0,ANF
2023-02-06 13:06:00,30.295,30.31,30.29,30.29,1588.0,ANF
2023-02-06 13:05:00,30.25,30.3,30.25,30.295,3071.0,ANF
2023-02-06 13:04:00,30.27,30.275,30.265,30.265,766.0,ANF
2023-02-06 13:03:00,30.295,30.3099,30.28,30.28,1539.0,ANF
2023-02-06 13:02:00,30.35,30.35,30.3,30.3,1405.0,ANF
2023-02-06 13:01:00,30.365,30.365,30.365,30.365,141.0,ANF
2023-02-06 13:00:00,30.38,30.38,30.35,30.35,2273.0,ANF
2023-02-06 12:59:00,30.36,30.4,30.36,30.39,3683.0,ANF
2023-02-06 12:58:00,30.34,30.34,30.34,30.34,937.0,ANF
2023-02-06 12:57:00,30.33,30.335,30.33,30.335,916.0,ANF
2023-02-06 12:56:00,30.29,30.31,30.29,30.31,1662.0,ANF
2023-02-06 12:55:00,30.29,30.3,30.285,30.29,1781.0,ANF
2023-02-06 12:54:00,30.315,30.315,30.295,30.295,510.0,ANF
2023-02-06 12:53:00,30.33,30.33,30.315,30.315,462.0,ANF
2023-02-06 12:52:00,30.35,30.35,30.31,30.31,1949.0,ANF
2023-02-06 12:51:00,30.335,30.36,30.335,30.36,699.0,ANF
2023-02-06 12:50:00,30.42,30.42,30.33,30.33,3245.0,ANF
2023-02-06 12:49:00,30.45,30.45,30.425,30.425,2135.0,ANF
2023-02-06 12:48:00,30.43,30.45,30.43,30.45,1921.0,ANF
2023-02-06 12:47:00,30.34,30.43,30.34,30.4,6995.0,ANF
2023-02-06 12:46:00,30.3,30.3,30.3,30.3,405.0,ANF
2023-02-06 12:45:00,30.24,30.26,30.24,30.26,1733.0,ANF
2023-02-06 12:44:00,30.22,30.24,30.21,30.24,1460.0,ANF
2023-02-06 12:43:00,30.2,30.21,30.19,30.21,2338.0,ANF
2023-02-06 12:42:00,30.18,30.19,30.18,30.19,733.0,ANF
2023-02-06 12:41:00,30.1,30.17,30.1,30.17,2222.0,ANF
2023-02-06 12:40:00,30.13,30.13,30.09,30.11,2822.0,ANF
2023-02-06 12:39:00,30.095,30.14,30.095,30.14,2241.0,ANF
2023-02-06 12:38:00,30.055,30.1,30.055,30.095,3802.0,ANF
2023-02-06 12:37:00,30.06,30.07,30.05,30.06,2337.0,ANF
2023-02-06 12:36:00,30.07,30.07,30.06,30.07,1636.0,ANF
2023-02-06 12:35:00,30.1,30.1,30.07,30.07,1799.0,ANF
2023-02-06 12:34:00,30.135,30.135,30.1,30.1,1574.0,ANF
2023-02-06 12:33:00,30.14,30.14,30.13,30.13,1590.0,ANF
2023-02-06 12:32:00,30.1,30.16,30.1,30.14,2794.0,ANF
2023-02-06 12:31:00,30.11,30.13,30.09,30.1,5624.0,ANF
2023-02-06 12:30:00,30.13,30.135,30.125,30.125,1555.0,ANF
2023-02-06 12:29:00,30.16,30.16,30.13,30.14,1940.0,ANF
2023-02-06 12:28:00,30.16,30.175,30.16,30.16,2756.0,ANF
2023-02-06 12:27:00,30.23,30.23,30.175,30.175,2809.0,ANF
2023-02-06 12:26:00,30.25,30.25,30.225,30.23,3232.0,ANF
2023-02-06 12:25:00,30.24,30.26,30.23,30.24,2605.0,ANF
2023-02-06 12:24:00,30.24,30.24,30.23,30.23,1193.0,ANF
2023-02-06 12:23:00,30.18,30.24,30.18,30.24,4230.0,ANF
2023-02-06 12:22:00,30.18,30.18,30.17,30.18,2689.0,ANF
2023-02-06 12:21:00,30.18,30.18,30.15,30.175,4344.0,ANF
2023-02-06 12:20:00,30.19,30.19,30.18,30.19,2980.0,ANF
2023-02-06 12:19:00,30.2,30.2,30.17,30.17,3168.0,ANF
2023-02-06 12:18:00,30.21,30.22,30.2,30.215,3360.0,ANF
2023-02-06 12:17:00,30.205,30.225,30.205,30.22,2689.0,ANF
2023-02-06 12:16:00,30.16,30.21,30.16,30.21,5010.0,ANF
2023-02-06 12:15:00,30.19,30.22,30.17,30.17,3810.0,ANF
2023-02-06 12:14:00,30.235,30.26,30.19,30.21,6293.0,ANF
2023-02-06 12:13:00,30.36,30.36,30.23,30.245,3944.0,ANF
2023-02-06 12:12:00,30.37,30.37,30.36,30.36,1580.0,ANF
2023-02-06 12:11:00,30.37,30.39,30.37,30.3759,2019.0,ANF
2023-02-06 12:10:00,30.33,30.345,30.33,30.34,2054.0,ANF
2023-02-06 12:09:00,30.3275,30.34,30.3209,30.3209,1635.0,ANF
2023-02-06 12:08:00,30.33,30.35,30.3,30.335,3965.0,ANF
2023-02-06 12:07:00,30.365,30.39,30.34,30.35,3772.0,ANF
2023-02-06 12:06:00,30.36,30.365,30.36,30.365,606.0,ANF
2023-02-06 12:05:00,30.37,30.37,30.36,30.37,1659.0,ANF
2023-02-06 12:04:00,30.37,30.38,30.36,30.36,1636.0,ANF
2023-02-06 12:03:00,30.43,30.43,30.37,30.37,1429.0,ANF
2023-02-06 12:02:00,30.44,30.445,30.435,30.44,1318.0,ANF
2023-02-06 12:01:00,30.445,30.445,30.445,30.445,412.0,ANF
2023-02-06 12:00:00,30.44,30.44,30.435,30.44,1484.0,ANF
2023-02-06 11:59:00,30.47,30.475,30.45,30.45,1726.0,ANF
2023-02-06 11:58:00,30.48,30.48,30.44,30.47,3537.0,ANF
2023-02-06 11:57:00,30.51,30.52,30.49,30.49,2009.0,ANF
2023-02-06 11:56:00,30.47,30.495,30.47,30.495,1632.0,ANF
2023-02-06 11:55:00,30.5,30.5,30.47,30.47,1600.0,ANF
2023-02-06 11:54:00,30.52,30.52,30.4864,30.495,2177.0,ANF
2023-02-06 11:53:00,30.49,30.53,30.49,30.53,2635.0,ANF
2023-02-06 11:52:00,30.47,30.485,30.47,30.485,734.0,ANF
2023-02-06 11:51:00,30.47,30.47,30.47,30.47,521.0,ANF
2023-02-06 11:50:00,30.52,30.52,30.46,30.4625,5397.0,ANF
2023-02-06 11:49:00,30.51,30.53,30.51,30.53,1499.0,ANF
2023-02-06 11:48:00,30.45,30.5,30.45,30.5,1942.0,ANF
2023-02-06 11:47:00,30.44,30.44,30.44,30.44,484.0,ANF
2023-02-06 11:46:00,30.45,30.465,30.44,30.445,5334.0,ANF
2023-02-06 11:45:00,30.42,30.43,30.42,30.43,576.0,ANF
2023-02-06 11:44:00,30.41,30.42,30.41,30.42,1147.0,ANF
2023-02-06 11:43:00,30.375,30.41,30.375,30.41,787.0,ANF
2023-02-06 11:42:00,30.34,30.37,30.33,30.37,2678.0,ANF
2023-02-06 11:41:00,30.35,30.35,30.35,30.35,786.0,ANF
2023-02-06 11:40:00,30.34,30.35,30.34,30.35,2059.0,ANF
2023-02-06 11:39:00,30.35,30.36,30.345,30.35,1366.0,ANF
2023-02-06 11:38:00,30.34,30.34,30.33,30.33,1858.0,ANF
2023-02-06 11:37:00,30.33,30.33,30.31,30.325,1336.0,ANF
2023-02-06 11:36:00,30.335,30.34,30.335,30.34,1629.0,ANF
2023-02-06 11:35:00,30.405,30.405,30.35,30.355,3278.0,ANF
2023-02-06 11:34:00,30.405,30.405,30.405,30.405,272.0,ANF
2023-02-06 11:33:00,30.395,30.41,30.395,30.4,2902.0,ANF
2023-02-06 11:32:00,30.39,30.4,30.3837,30.3837,1734.0,ANF
2023-02-06 11:31:00,30.28,30.35,30.28,30.35,1616.0,ANF
2023-02-06 11:30:00,30.24,30.26,30.24,30.26,2589.0,ANF
2023-02-06 11:29:00,30.235,30.235,30.235,30.235,157.0,ANF
2023-02-06 11:28:00,30.23,30.24,30.23,30.235,1035.0,ANF
2023-02-06 11:27:00,30.25,30.25,30.21,30.21,1500.0,ANF
2023-02-06 11:25:00,30.285,30.285,30.25,30.25,683.0,ANF
2023-02-06 11:24:00,30.29,30.29,30.27,30.285,1598.0,ANF
2023-02-06 11:23:00,30.25,30.29,30.25,30.29,3262.0,ANF
2023-02-06 11:22:00,30.27,30.271,30.23,30.25,3039.0,ANF
2023-02-06 11:21:00,30.29,30.29,30.27,30.28,718.0,ANF
2023-02-06 11:20:00,30.28,30.3,30.28,30.2999,320.0,ANF
2023-02-06 11:19:00,30.25,30.28,30.25,30.28,1477.0,ANF
2023-02-06 11:18:00,30.21,30.25,30.21,30.24,1704.0,ANF
2023-02-06 11:17:00,30.19,30.23,30.185,30.23,1419.0,ANF
2023-02-06 11:16:00,30.14,30.19,30.14,30.18,5862.0,ANF
2023-02-06 11:15:00,30.12,30.16,30.12,30.16,1914.0,ANF
2023-02-06 11:14:00,30.11,30.14,30.1,30.14,2463.0,ANF
2023-02-06 11:13:00,30.07,30.11,30.07,30.11,6301.0,ANF
2023-02-06 11:12:00,30.08,30.08,30.08,30.08,569.0,ANF
2023-02-06 11:11:00,30.11,30.12,30.1,30.11,1502.0,ANF
2023-02-06 11:10:00,30.1,30.1,30.08,30.08,1642.0,ANF
2023-02-06 11:09:00,30.15,30.2,30.11,30.11,2199.0,ANF
2023-02-06 11:08:00,30.15,30.15,30.15,30.15,286.0,ANF
2023-02-06 11:07:00,30.095,30.13,30.095,30.13,2166.0,ANF
2023-02-06 11:06:00,30.065,30.085,30.05,30.085,1957.0,ANF
2023-02-06 11:05:00,30.045,30.07,30.045,30.065,3390.0,ANF
2023-02-06 11:04:00,30.05,30.065,30.04,30.04,1017.0,ANF
2023-02-06 11:03:00,30.07,30.07,30.04,30.06,1607.0,ANF
2023-02-06 11:02:00,30.06,30.07,30.06,30.06,1115.0,ANF
2023-02-06 11:01:00,30.051,30.06,30.04,30.055,867.0,ANF
2023-02-06 11:00:00,30.08,30.08,30.07,30.07,989.0,ANF
2023-02-06 10:59:00,30.075,30.075,30.075,30.075,140.0,ANF
2023-02-06 10:58:00,30.06,30.08,30.06,30.08,1079.0,ANF
2023-02-06 10:57:00,30.04,30.05,30.04,30.05,2513.0,ANF
2023-02-06 10:56:00,30.05,30.05,30.01,30.02,1790.0,ANF
2023-02-06 10:54:00,30.12,30.12,30.08,30.09,849.0,ANF
2023-02-06 10:53:00,30.15,30.16,30.12,30.13,2409.0,ANF
2023-02-06 10:52:00,30.17,30.19,30.16,30.18,1975.0,ANF
2023-02-06 10:51:00,30.125,30.17,30.125,30.16,1551.0,ANF
2023-02-06 10:50:00,30.045,30.14,30.045,30.13,5013.0,ANF
2023-02-06 10:49:00,30.04,30.045,30.04,30.045,653.0,ANF
2023-02-06 10:48:00,30.0,30.03,29.99,30.03,2115.0,ANF
2023-02-06 10:47:00,29.93,29.99,29.93,29.99,2433.0,ANF
2023-02-06 10:46:00,29.92,29.92,29.92,29.92,838.0,ANF
2023-02-06 10:45:00,29.93,29.94,29.92,29.93,1516.0,ANF
2023-02-06 10:44:00,29.89,29.94,29.89,29.93,2814.0,ANF
2023-02-06 10:43:00,29.93,29.94,29.91,29.91,4930.0,ANF
2023-02-06 10:42:00,29.9,29.96,29.9,29.94,5582.0,ANF
2023-02-06 10:41:00,29.8625,29.89,29.8625,29.885,748.0,ANF
2023-02-06 10:40:00,29.91,29.91,29.84,29.84,2248.0,ANF
2023-02-06 10:39:00,30.02,30.02,29.91,29.92,6460.0,ANF
2023-02-06 10:38:00,29.97,30.025,29.97,30.025,3706.0,ANF
2023-02-06 10:36:00,29.98,29.98,29.965,29.97,1067.0,ANF
2023-02-06 10:35:00,29.9,29.99,29.9,29.99,1719.0,ANF
2023-02-06 10:34:00,29.835,29.91,29.835,29.895,4141.0,ANF
2023-02-06 10:33:00,29.88,29.88,29.82,29.82,1012.0,ANF
2023-02-06 10:32:00,29.97,29.97,29.86,29.885,3177.0,ANF
2023-02-06 10:31:00,30.03,30.03,29.98,29.995,2856.0,ANF
2023-02-06 10:30:00,30.01,30.04,30.0,30.03,4502.0,ANF
2023-02-06 10:29:00,30.025,30.035,30.01,30.025,3659.0,ANF
2023-02-06 10:28:00,30.03,30.06,30.03,30.04,1030.0,ANF
2023-02-06 10:27:00,30.08,30.08,30.02,30.02,1039.0,ANF
2023-02-06 10:26:00,30.1,30.1,30.07,30.07,3439.0,ANF
2023-02-06 10:24:00,30.08,30.12,30.0731,30.11,3844.0,ANF
2023-02-06 10:23:00,30.01,30.06,30.005,30.06,1833.0,ANF
2023-02-06 10:22:00,30.01,30.01,29.985,29.99,1748.0,ANF
2023-02-06 10:21:00,29.94,30.02,29.94,30.02,5824.0,ANF
2023-02-06 10:20:00,29.99,29.99,29.93,29.9535,3419.0,ANF
2023-02-06 10:19:00,29.995,29.995,29.98,29.98,624.0,ANF
2023-02-06 10:18:00,30.06,30.06,30.01,30.01,875.0,ANF
2023-02-06 10:17:00,30.09,30.09,30.08,30.08,466.0,ANF
2023-02-06 10:16:00,30.11,30.11,30.09,30.09,2840.0,ANF
2023-02-06 10:15:00,30.055,30.14,30.05,30.13,5504.0,ANF
2023-02-06 10:14:00,30.065,30.08,30.065,30.07,1517.0,ANF
2023-02-06 10:13:00,30.14,30.14,30.04,30.07,3075.0,ANF
2023-02-06 10:12:00,30.14,30.14,30.125,30.13,1228.0,ANF
2023-02-06 10:11:00,30.17,30.17,30.155,30.155,954.0,ANF
2023-02-06 10:10:00,30.21,30.21,30.19,30.19,1333.0,ANF
2023-02-06 10:09:00,30.15,30.25,30.15,30.25,2505.0,ANF
2023-02-06 10:08:00,30.19,30.19,30.16,30.16,1307.0,ANF
2023-02-06 10:07:00,30.21,30.21,30.14,30.16,794.0,ANF
2023-02-06 10:06:00,30.255,30.26,30.18,30.1875,1330.0,ANF
2023-02-06 10:05:00,30.32,30.37,30.27,30.28,5963.0,ANF
2023-02-06 10:04:00,30.32,30.34,30.31,30.31,1447.0,ANF
2023-02-06 10:03:00,30.26,30.3,30.2464,30.3,4499.0,ANF
2023-02-06 10:02:00,30.19,30.22,30.19,30.22,1231.0,ANF
2023-02-06 10:01:00,30.13,30.18,30.11,30.18,5792.0,ANF
2023-02-06 10:00:00,30.1,30.16,30.1,30.15,2782.0,ANF
2023-02-06 09:59:00,30.09,30.09,30.08,30.08,702.0,ANF
2023-02-06 09:58:00,30.07,30.1,30.07,30.1,1780.0,ANF
2023-02-06 09:57:00,30.16,30.17,30.09,30.12,3593.0,ANF
2023-02-06 09:56:00,30.13,30.2,30.13,30.1922,5086.0,ANF
2023-02-06 09:55:00,30.09,30.11,30.09,30.11,801.0,ANF
2023-02-06 09:54:00,30.08,30.1,30.06,30.06,2264.0,ANF
2023-02-06 09:53:00,30.12,30.12,30.09,30.09,1919.0,ANF
2023-02-06 09:52:00,30.1,30.145,30.09,30.14,2044.0,ANF
2023-02-06 09:51:00,30.02,30.08,30.02,30.08,3870.0,ANF
2023-02-06 09:50:00,29.97,30.045,29.97,30.045,2832.0,ANF
2023-02-06 09:49:00,29.98,29.98,29.95,29.95,1088.0,ANF
2023-02-06 09:48:00,29.995,30.01,29.99,29.99,663.0,ANF
2023-02-06 09:47:00,30.01,30.01,29.98,29.98,712.0,ANF
2023-02-06 09:46:00,30.08,30.09,30.01,30.03,2582.0,ANF
2023-02-06 09:45:00,30.0,30.09,30.0,30.07,4885.0,ANF
2023-02-06 09:44:00,29.97,30.0,29.96,30.0,712.0,ANF
2023-02-06 09:43:00,29.94,29.96,29.9,29.96,2954.0,ANF
2023-02-06 09:42:00,29.925,29.925,29.925,29.925,411.0,ANF
2023-02-06 09:41:00,30.0446,30.0446,29.935,29.95,2800.0,ANF
2023-02-06 09:40:00,29.98,30.08,29.98,30.08,5348.0,ANF
2023-02-06 09:39:00,29.98,29.98,29.94,29.94,1727.0,ANF
2023-02-06 09:38:00,29.91,29.98,29.91,29.95,2891.0,ANF
2023-02-06 09:37:00,30.03,30.03,29.93,29.93,1446.0,ANF
2023-02-06 09:36:00,29.94,29.94,29.94,29.94,391.0,ANF
2023-02-06 09:35:00,29.93,29.93,29.93,29.93,429.0,ANF
2023-02-06 09:34:00,29.93,29.93,29.875,29.92,1428.0,ANF
2023-02-06 09:33:00,29.96,30.01,29.89,29.9361,3403.0,ANF
2023-02-06 09:32:00,29.88,30.07,29.88,29.96,2195.0,ANF
2023-02-06 09:31:00,29.81,29.87,29.56,29.87,8832.0,ANF
2023-02-03 16:04:00,30.07,30.07,30.07,30.07,6155.0,ANF
2023-02-03 16:02:00,30.07,30.07,30.07,30.07,2174.0,ANF
2023-02-03 16:01:00,30.07,30.07,30.07,30.07,15886.0,ANF
2023-02-03 16:00:00,29.99,30.08,29.945,30.08,57606.0,ANF
2023-02-03 15:59:00,30.0,30.0,29.95,29.98,23559.0,ANF
2023-02-03 15:58:00,29.995,30.025,29.9925,30.0,16145.0,ANF
2023-02-03 15:57:00,29.985,30.01,29.975,30.0,22844.0,ANF
2023-02-03 15:56:00,29.97,29.99,29.958,29.985,9437.0,ANF
2023-02-03 15:55:00,29.93,29.96,29.92,29.96,10703.0,ANF
2023-02-03 15:54:00,29.91,29.96,29.91,29.94,7497.0,ANF
2023-02-03 15:53:00,29.87,29.918,29.87,29.905,7887.0,ANF
2023-02-03 15:52:00,29.885,29.905,29.86,29.87,11097.0,ANF
2023-02-03 15:51:00,29.92,29.93,29.88,29.885,16376.0,ANF
2023-02-03 15:50:00,29.97,29.97,29.93,29.93,5306.0,ANF
2023-02-03 15:49:00,29.995,29.995,29.965,29.97,2861.0,ANF
2023-02-03 15:48:00,29.92,29.97,29.92,29.97,4798.0,ANF
2023-02-03 15:47:00,29.945,29.945,29.925,29.93,2445.0,ANF
2023-02-03 15:46:00,29.9,29.98,29.9,29.945,7865.0,ANF
2023-02-03 15:45:00,29.95,29.95,29.91,29.91,5309.0,ANF
2023-02-03 15:44:00,30.03,30.03,29.94,29.98,8987.0,ANF
2023-02-03 15:43:00,30.02,30.045,30.02,30.035,5911.0,ANF
2023-02-03 15:42:00,30.015,30.02,30.01,30.02,1522.0,ANF
2023-02-03 15:41:00,30.0,30.04,30.0,30.02,7080.0,ANF
2023-02-03 15:40:00,30.0235,30.035,30.01,30.01,906.0,ANF
2023-02-03 15:39:00,30.03,30.035,30.02,30.02,1218.0,ANF
2023-02-03 15:38:00,30.09,30.09,30.07,30.07,1357.0,ANF
2023-02-03 15:37:00,30.06,30.11,30.06,30.1,9640.0,ANF
2023-02-03 15:36:00,30.07,30.09,30.06,30.07,3385.0,ANF
2023-02-03 15:35:00,30.21,30.21,30.1,30.1,3016.0,ANF
2023-02-03 15:34:00,30.31,30.31,30.22,30.225,4808.0,ANF
2023-02-03 15:33:00,30.275,30.32,30.275,30.315,33740.0,ANF
2023-02-03 15:32:00,30.24,30.29,30.24,30.28,3174.0,ANF
2023-02-03 15:31:00,30.24,30.28,30.23,30.24,13301.0,ANF
2023-02-03 15:30:00,30.275,30.3,30.225,30.225,14951.0,ANF
2023-02-03 15:29:00,30.27,30.28,30.27,30.275,1066.0,ANF
2023-02-03 15:28:00,30.3,30.3,30.265,30.265,3090.0,ANF
2023-02-03 15:27:00,30.31,30.31,30.31,30.31,374.0,ANF
2023-02-03 15:26:00,30.2382,30.32,30.2382,30.32,4293.0,ANF
2023-02-03 15:25:00,30.27,30.27,30.23,30.23,2174.0,ANF
2023-02-03 15:24:00,30.26,30.3,30.26,30.27,2817.0,ANF
2023-02-03 15:23:00,30.23,30.255,30.22,30.255,4011.0,ANF
2023-02-03 15:22:00,30.255,30.255,30.24,30.24,1903.0,ANF
2023-02-03 15:21:00,30.255,30.27,30.255,30.27,626.0,ANF
2023-02-03 15:20:00,30.255,30.26,30.255,30.255,2371.0,ANF
2023-02-03 15:19:00,30.255,30.255,30.255,30.255,138.0,ANF
2023-02-03 15:18:00,30.19,30.26,30.19,30.26,2349.0,ANF
2023-02-03 15:17:00,30.175,30.175,30.175,30.175,324.0,ANF
2023-02-03 15:16:00,30.154,30.17,30.13,30.17,8142.0,ANF
2023-02-03 15:15:00,30.13,30.15,30.13,30.14,1067.0,ANF
2023-02-03 15:14:00,30.15,30.155,30.15,30.155,705.0,ANF
2023-02-03 15:13:00,30.035,30.12,30.035,30.12,3806.0,ANF
2023-02-03 15:12:00,30.02,30.04,30.02,30.04,1461.0,ANF
2023-02-03 15:11:00,30.01,30.01,30.0,30.01,2063.0,ANF
2023-02-03 15:10:00,30.0,30.01,29.99,30.01,2062.0,ANF
2023-02-03 15:09:00,29.94,29.96,29.94,29.96,1148.0,ANF
2023-02-03 15:08:00,29.92,29.945,29.92,29.94,1684.0,ANF
2023-02-03 15:07:00,29.89,29.92,29.89,29.92,2257.0,ANF
2023-02-03 15:06:00,29.89,29.905,29.89,29.8916,2281.0,ANF
2023-02-03 15:05:00,29.93,29.93,29.88,29.88,1599.0,ANF
2023-02-03 15:04:00,29.92,29.925,29.92,29.925,675.0,ANF
2023-02-03 15:03:00,29.91,29.935,29.91,29.93,2002.0,ANF
2023-02-03 15:02:00,29.935,29.935,29.93,29.93,575.0,ANF
2023-02-03 15:01:00,30.01,30.01,29.95,29.95,1468.0,ANF
2023-02-03 15:00:00,30.0,30.02,30.0,30.02,1646.0,ANF
2023-02-03 14:59:00,30.01,30.01,30.005,30.005,1301.0,ANF
2023-02-03 14:58:00,30.025,30.025,30.015,30.015,585.0,ANF
2023-02-03 14:57:00,30.03,30.03,30.01,30.03,4386.0,ANF
2023-02-03 14:56:00,30.03,30.04,30.03,30.03,1943.0,ANF
2023-02-03 14:55:00,30.01,30.02,30.01,30.02,1407.0,ANF
2023-02-03 14:54:00,29.99,30.0,29.99,30.0,1322.0,ANF
2023-02-03 14:53:00,30.0,30.0,29.99,29.99,1447.0,ANF
2023-02-03 14:52:00,29.995,30.015,29.995,30.01,1865.0,ANF
2023-02-03 14:51:00,30.0,30.0,30.0,30.0,687.0,ANF
2023-02-03 14:50:00,29.98,30.005,29.98,30.005,1643.0,ANF
2023-02-03 14:49:00,30.02,30.02,29.99,30.0,1627.0,ANF
2023-02-03 14:48:00,30.051,30.051,30.03,30.03,3137.0,ANF
2023-02-03 14:47:00,30.05,30.05,30.05,30.05,325.0,ANF
2023-02-03 14:46:00,30.02,30.04,30.01,30.04,2770.0,ANF
2023-02-03 14:45:00,30.045,30.045,30.04,30.04,1381.0,ANF
2023-02-03 14:44:00,30.04,30.05,30.04,30.045,2259.0,ANF
2023-02-03 14:42:00,30.11,30.11,30.06,30.06,1808.0,ANF
2023-02-03 14:41:00,30.08,30.11,30.08,30.11,2808.0,ANF
2023-02-03 14:40:00,30.1,30.1,30.07,30.07,2832.0,ANF
2023-02-03 14:39:00,30.14,30.14,30.12,30.12,1341.0,ANF
2023-02-03 14:38:00,30.1,30.12,30.1,30.12,1570.0,ANF
2023-02-03 14:37:00,30.04,30.11,30.04,30.11,7835.0,ANF
2023-02-03 14:36:00,30.04,30.045,30.03,30.045,1318.0,ANF
2023-02-03 14:35:00,30.05,30.05,30.05,30.05,796.0,ANF
2023-02-03 14:34:00,30.08,30.09,30.08,30.08,1107.0,ANF
2023-02-03 14:33:00,30.12,30.12,30.07,30.07,1185.0,ANF
2023-02-03 14:32:00,30.11,30.115,30.11,30.115,841.0,ANF
2023-02-03 14:31:00,30.115,30.14,30.08,30.1,3103.0,ANF
2023-02-03 14:30:00,30.13,30.15,30.12,30.12,2485.0,ANF
2023-02-03 14:29:00,30.14,30.14,30.13,30.13,474.0,ANF
2023-02-03 14:28:00,30.135,30.15,30.1301,30.14,1225.0,ANF
2023-02-03 14:27:00,30.14,30.145,30.11,30.12,2547.0,ANF
2023-02-03 14:26:00,30.15,30.18,30.15,30.16,2467.0,ANF
2023-02-03 14:24:00,30.2,30.21,30.17,30.17,3150.0,ANF
2023-02-03 14:22:00,30.195,30.205,30.195,30.2,1620.0,ANF
2023-02-03 14:21:00,30.19,30.2,30.19,30.2,1944.0,ANF
2023-02-03 14:20:00,30.235,30.235,30.18,30.18,2581.0,ANF
2023-02-03 14:19:00,30.21,30.23,30.21,30.23,2456.0,ANF
2023-02-03 14:18:00,30.235,30.235,30.2,30.2,1484.0,ANF
2023-02-03 14:17:00,30.25,30.25,30.24,30.24,1439.0,ANF
2023-02-03 14:16:00,30.265,30.265,30.255,30.26,1076.0,ANF
2023-02-03 14:14:00,30.26,30.28,30.26,30.27,1803.0,ANF
2023-02-03 14:13:00,30.25,30.26,30.25,30.255,1262.0,ANF
2023-02-03 14:12:00,30.24,30.24,30.24,30.24,762.0,ANF
2023-02-03 14:11:00,30.27,30.27,30.25,30.25,921.0,ANF
2023-02-03 14:10:00,30.29,30.29,30.255,30.26,2005.0,ANF
2023-02-03 14:09:00,30.295,30.3,30.295,30.3,630.0,ANF
2023-02-03 14:08:00,30.26,30.28,30.26,30.28,494.0,ANF
2023-02-03 14:07:00,30.24,30.25,30.24,30.25,1178.0,ANF
2023-02-03 14:06:00,30.295,30.295,30.25,30.25,818.0,ANF
2023-02-03 14:05:00,30.3,30.33,30.29,30.29,2928.0,ANF
2023-02-03 14:04:00,30.3,30.3,30.3,30.3,1113.0,ANF
2023-02-03 14:03:00,30.325,30.33,30.31,30.31,1080.0,ANF
2023-02-03 14:02:00,30.32,30.36,30.31,30.32,5613.0,ANF
2023-02-03 14:01:00,30.25,30.32,30.25,30.32,2395.0,ANF
2023-02-03 14:00:00,30.25,30.25,30.24,30.25,1067.0,ANF
2023-02-03 13:59:00,30.23,30.23,30.23,30.23,191.0,ANF
2023-02-03 13:57:00,30.26,30.285,30.26,30.28,2185.0,ANF
2023-02-03 13:56:00,30.315,30.315,30.25,30.25,1979.0,ANF
2023-02-03 13:55:00,30.3,30.31,30.3,30.31,1386.0,ANF
2023-02-03 13:54:00,30.29,30.3,30.275,30.3,2358.0,ANF
2023-02-03 13:53:00,30.285,30.295,30.28,30.29,2533.0,ANF
2023-02-03 13:52:00,30.295,30.295,30.28,30.28,914.0,ANF
2023-02-03 13:51:00,30.29,30.305,30.29,30.3,1011.0,ANF
2023-02-03 13:50:00,30.28,30.28,30.28,30.28,438.0,ANF
2023-02-03 13:49:00,30.24,30.28,30.24,30.28,1456.0,ANF
2023-02-03 13:48:00,30.23,30.24,30.21,30.24,2838.0,ANF
2023-02-03 13:47:00,30.245,30.245,30.23,30.23,1385.0,ANF
2023-02-03 13:46:00,30.24,30.25,30.23,30.24,3398.0,ANF
2023-02-03 13:45:00,30.24,30.25,30.24,30.245,717.0,ANF
2023-02-03 13:44:00,30.22,30.26,30.21,30.26,1980.0,ANF
2023-02-03 13:43:00,30.2146,30.2146,30.21,30.21,1392.0,ANF
2023-02-03 13:42:00,30.305,30.305,30.26,30.26,2450.0,ANF
2023-02-03 13:41:00,30.3,30.31,30.29,30.31,1240.0,ANF
2023-02-03 13:40:00,30.29,30.295,30.29,30.29,2642.0,ANF
2023-02-03 13:39:00,30.295,30.3,30.29,30.29,698.0,ANF
2023-02-03 13:38:00,30.3,30.31,30.28,30.31,2274.0,ANF
2023-02-03 13:37:00,30.3,30.3,30.29,30.29,538.0,ANF
2023-02-03 13:36:00,30.29,30.29,30.27,30.285,1898.0,ANF
2023-02-03 13:35:00,30.3,30.3,30.295,30.295,733.0,ANF
2023-02-03 13:34:00,30.28,30.33,30.27,30.32,3723.0,ANF
2023-02-03 13:33:00,30.285,30.29,30.285,30.29,1658.0,ANF
2023-02-03 13:32:00,30.32,30.33,30.31,30.31,1499.0,ANF
2023-02-03 13:31:00,30.33,30.35,30.3257,30.34,2276.0,ANF
2023-02-03 13:30:00,30.34,30.35,30.34,30.35,1525.0,ANF
2023-02-03 13:29:00,30.325,30.35,30.325,30.35,1655.0,ANF
2023-02-03 13:28:00,30.355,30.36,30.355,30.36,722.0,ANF
2023-02-03 13:27:00,30.3404,30.365,30.34,30.36,1083.0,ANF
2023-02-03 13:26:00,30.39,30.39,30.37,30.37,883.0,ANF
2023-02-03 13:25:00,30.415,30.415,30.38,30.38,1547.0,ANF
2023-02-03 13:24:00,30.42,30.42,30.41,30.41,513.0,ANF
2023-02-03 13:23:00,30.39,30.42,30.39,30.42,798.0,ANF
2023-02-03 13:22:00,30.37,30.4,30.37,30.39,2105.0,ANF
2023-02-03 13:21:00,30.38,30.38,30.36,30.365,1605.0,ANF
2023-02-03 13:20:00,30.415,30.43,30.4,30.4,2113.0,ANF
2023-02-03 13:19:00,30.4,30.415,30.4,30.415,627.0,ANF
2023-02-03 13:17:00,30.42,30.42,30.405,30.42,1030.0,ANF
2023-02-03 13:16:00,30.42,30.44,30.42,30.43,1558.0,ANF
2023-02-03 13:15:00,30.37,30.43,30.36,30.43,3481.0,ANF
2023-02-03 13:14:00,30.33,30.37,30.33,30.37,3546.0,ANF
2023-02-03 13:13:00,30.35,30.35,30.35,30.35,12135.0,ANF
2023-02-03 13:12:00,30.36,30.36,30.355,30.355,494.0,ANF
2023-02-03 13:11:00,30.405,30.41,30.36,30.36,986.0,ANF
2023-02-03 13:10:00,30.385,30.42,30.37,30.405,4376.0,ANF
2023-02-03 13:09:00,30.43,30.43,30.37,30.38,1563.0,ANF
2023-02-03 13:08:00,30.47,30.48,30.43,30.43,1526.0,ANF
2023-02-03 13:07:00,30.48,30.49,30.475,30.485,1145.0,ANF
2023-02-03 13:06:00,30.4936,30.4936,30.4936,30.4936,251.0,ANF
2023-02-03 13:05:00,30.53,30.53,30.5,30.5,1078.0,ANF
2023-02-03 13:04:00,30.49,30.54,30.49,30.54,2995.0,ANF
2023-02-03 13:03:00,30.55,30.55,30.5,30.5,2940.0,ANF
2023-02-03 13:02:00,30.54,30.545,30.5107,30.53,1424.0,ANF
2023-02-03 13:01:00,30.56,30.56,30.54,30.54,533.0,ANF
2023-02-03 13:00:00,30.605,30.605,30.6,30.6,815.0,ANF
2023-02-03 12:59:00,30.66,30.66,30.59,30.6,3382.0,ANF
2023-02-03 12:58:00,30.64,30.69,30.64,30.68,2764.0,ANF
2023-02-03 12:57:00,30.63,30.64,30.625,30.64,976.0,ANF
2023-02-03 12:56:00,30.64,30.645,30.64,30.645,432.0,ANF
2023-02-03 12:55:00,30.61,30.61,30.61,30.61,107.0,ANF
2023-02-03 12:54:00,30.65,30.65,30.65,30.65,295.0,ANF
2023-02-03 12:53:00,30.71,30.71,30.7,30.7,802.0,ANF
2023-02-03 12:52:00,30.705,30.7204,30.705,30.7204,1230.0,ANF
2023-02-03 12:51:00,30.74,30.74,30.73,30.73,674.0,ANF
2023-02-03 12:50:00,30.76,30.76,30.75,30.75,1066.0,ANF
2023-02-03 12:49:00,30.76,30.775,30.75,30.75,1854.0,ANF
2023-02-03 12:48:00,30.775,30.775,30.77,30.77,496.0,ANF
2023-02-03 12:47:00,30.77,30.77,30.77,30.77,476.0,ANF
2023-02-03 12:46:00,30.76,30.76,30.76,30.76,673.0,ANF
2023-02-03 12:45:00,30.765,30.765,30.765,30.765,210.0,ANF
2023-02-03 12:44:00,30.78,30.795,30.76,30.765,2293.0,ANF
2023-02-03 12:43:00,30.78,30.78,30.77,30.775,823.0,ANF
2023-02-03 12:42:00,30.78,30.785,30.78,30.785,552.0,ANF
2023-02-03 12:41:00,30.76,30.765,30.76,30.765,1294.0,ANF
2023-02-03 12:40:00,30.78,30.79,30.775,30.79,1477.0,ANF
2023-02-03 12:38:00,30.77,30.79,30.77,30.79,1071.0,ANF
2023-02-03 12:37:00,30.78,30.78,30.75,30.76,2209.0,ANF
2023-02-03 12:36:00,30.76,30.79,30.76,30.79,915.0,ANF
2023-02-03 12:35:00,30.74,30.75,30.7324,30.75,953.0,ANF
2023-02-03 12:34:00,30.71,30.73,30.71,30.73,1737.0,ANF
2023-02-03 12:32:00,30.7,30.7,30.7,30.7,154.0,ANF
2023-02-03 12:31:00,30.69,30.7,30.69,30.7,1415.0,ANF
2023-02-03 12:30:00,30.72,30.72,30.72,30.72,415.0,ANF
2023-02-03 12:28:00,30.75,30.75,30.73,30.73,1264.0,ANF
2023-02-03 12:27:00,30.75,30.76,30.75,30.76,1511.0,ANF
2023-02-03 12:26:00,30.765,30.765,30.75,30.7501,4756.0,ANF
2023-02-03 12:25:00,30.74,30.765,30.74,30.765,1459.0,ANF
2023-02-03 12:24:00,30.75,30.75,30.74,30.74,314.0,ANF
2023-02-03 12:23:00,30.71,30.74,30.71,30.74,846.0,ANF
2023-02-03 12:22:00,30.69,30.7,30.69,30.7,1030.0,ANF
2023-02-03 12:21:00,30.68,30.68,30.68,30.68,239.0,ANF
2023-02-03 12:20:00,30.68,30.69,30.67,30.68,1774.0,ANF
2023-02-03 12:19:00,30.67,30.685,30.67,30.68,574.0,ANF
2023-02-03 12:18:00,30.67,30.67,30.66,30.67,1296.0,ANF
2023-02-03 12:17:00,30.65,30.69,30.65,30.685,1947.0,ANF
2023-02-03 12:16:00,30.69,30.7,30.65,30.65,1587.0,ANF
2023-02-03 12:15:00,30.71,30.71,30.7,30.7,543.0,ANF
2023-02-03 12:14:00,30.7,30.7,30.7,30.7,220.0,ANF
2023-02-03 12:13:00,30.7,30.7,30.7,30.7,116.0,ANF
2023-02-03 12:12:00,30.71,30.71,30.71,30.71,711.0,ANF
2023-02-03 12:11:00,30.66,30.71,30.66,30.71,2009.0,ANF
2023-02-03 12:10:00,30.69,30.69,30.68,30.685,673.0,ANF
2023-02-03 12:08:00,30.73,30.73,30.72,30.73,843.0,ANF
2023-02-03 12:07:00,30.73,30.74,30.73,30.73,1769.0,ANF
2023-02-03 12:05:00,30.67,30.71,30.67,30.7,1895.0,ANF
2023-02-03 12:04:00,30.645,30.69,30.645,30.675,2454.0,ANF
2023-02-03 12:03:00,30.645,30.645,30.645,30.645,142.0,ANF
2023-02-03 12:02:00,30.65,30.65,30.63,30.645,638.0,ANF
2023-02-03 12:00:00,30.72,30.7258,30.68,30.68,1649.0,ANF
2023-02-03 11:59:00,30.72,30.735,30.72,30.735,767.0,ANF
2023-02-03 11:58:00,30.75,30.75,30.74,30.75,658.0,ANF
2023-02-03 11:57:00,30.71,30.75,30.71,30.74,1122.0,ANF
2023-02-03 11:56:00,30.71,30.71,30.695,30.695,324.0,ANF
2023-02-03 11:55:00,30.68,30.695,30.68,30.695,311.0,ANF
2023-02-03 11:54:00,30.69,30.695,30.6827,30.6827,1014.0,ANF
2023-02-03 11:53:00,30.64,30.65,30.64,30.65,1746.0,ANF
2023-02-03 11:52:00,30.6,30.62,30.6,30.62,776.0,ANF
2023-02-03 11:51:00,30.615,30.62,30.6001,30.62,1554.0,ANF
2023-02-03 11:50:00,30.63,30.652,30.63,30.652,1722.0,ANF
2023-02-03 11:49:00,30.6716,30.6716,30.66,30.66,1177.0,ANF
2023-02-03 11:48:00,30.695,30.72,30.69,30.69,412.0,ANF
2023-02-03 11:46:00,30.65,30.7,30.65,30.695,1783.0,ANF
2023-02-03 11:45:00,30.56,30.65,30.56,30.63,2225.0,ANF
2023-02-03 11:44:00,30.635,30.635,30.57,30.57,2833.0,ANF
2023-02-03 11:43:00,30.71,30.72,30.635,30.635,2544.0,ANF
2023-02-03 11:42:00,30.745,30.75,30.72,30.72,6044.0,ANF
2023-02-03 11:41:00,30.77,30.77,30.75,30.75,8306.0,ANF
2023-02-03 11:40:00,30.765,30.78,30.74,30.77,2170.0,ANF
2023-02-03 11:39:00,30.825,30.84,30.77,30.77,4702.0,ANF
2023-02-03 11:38:00,30.825,30.8256,30.825,30.825,893.0,ANF
2023-02-03 11:37:00,30.85,30.86,30.82,30.82,2607.0,ANF
2023-02-03 11:36:00,30.85,30.85,30.85,30.85,934.0,ANF
2023-02-03 11:35:00,30.835,30.835,30.835,30.835,371.0,ANF
2023-02-03 11:34:00,30.89,30.9,30.84,30.84,44670.0,ANF
2023-02-03 11:33:00,30.91,30.91,30.89,30.89,1144.0,ANF
2023-02-03 11:32:00,30.87,30.91,30.87,30.91,2656.0,ANF
2023-02-03 11:31:00,30.89,30.89,30.89,30.89,212.0,ANF
2023-02-03 11:30:00,30.885,30.89,30.88,30.89,1059.0,ANF
2023-02-03 11:29:00,30.845,30.88,30.845,30.88,998.0,ANF
2023-02-03 11:28:00,30.85,30.86,30.84,30.84,1558.0,ANF
2023-02-03 11:27:00,30.85,30.85,30.85,30.85,307.0,ANF
2023-02-03 11:26:00,30.86,30.87,30.84,30.85,1276.0,ANF
2023-02-03 11:24:00,30.82,30.88,30.82,30.88,2579.0,ANF
2023-02-03 11:23:00,30.8,30.81,30.8,30.805,1393.0,ANF
2023-02-03 11:21:00,30.82,30.82,30.79,30.79,1668.0,ANF
2023-02-03 11:20:00,30.81,30.82,30.8,30.815,1301.0,ANF
2023-02-03 11:19:00,30.81,30.81,30.7901,30.7901,484.0,ANF
2023-02-03 11:18:00,30.82,30.82,30.82,30.82,506.0,ANF
2023-02-03 11:17:00,30.83,30.85,30.815,30.815,1562.0,ANF
2023-02-03 11:16:00,30.78,30.815,30.78,30.815,2387.0,ANF
2023-02-03 11:15:00,30.77,30.77,30.77,30.77,232.0,ANF
2023-02-03 11:14:00,30.78,30.78,30.765,30.765,1620.0,ANF
2023-02-03 11:13:00,30.77,30.79,30.75,30.79,2440.0,ANF
2023-02-03 11:12:00,30.76,30.78,30.76,30.78,1020.0,ANF
2023-02-03 11:11:00,30.775,30.78,30.775,30.78,550.0,ANF
2023-02-03 11:10:00,30.76,30.775,30.75,30.775,1804.0,ANF
2023-02-03 11:09:00,30.79,30.79,30.79,30.79,200.0,ANF
2023-02-03 11:08:00,30.755,30.8,30.755,30.785,4170.0,ANF
2023-02-03 11:07:00,30.82,30.82,30.75,30.755,2678.0,ANF
2023-02-03 11:06:00,30.88,30.8808,30.84,30.845,2122.0,ANF
2023-02-03 11:05:00,30.9345,30.9345,30.88,30.895,2395.0,ANF
2023-02-03 11:04:00,30.84,30.91,30.84,30.91,1682.0,ANF
2023-02-03 11:03:00,30.82,30.83,30.82,30.83,1442.0,ANF
2023-02-03 11:02:00,30.825,30.825,30.8,30.81,2111.0,ANF
2023-02-03 11:01:00,30.825,30.84,30.825,30.84,336.0,ANF
2023-02-03 11:00:00,30.785,30.84,30.785,30.84,33282.0,ANF
2023-02-03 10:59:00,30.78,30.795,30.74,30.78,4925.0,ANF
2023-02-03 10:58:00,30.83,30.83,30.78,30.78,2747.0,ANF
2023-02-03 10:57:00,30.77,30.84,30.77,30.83,4954.0,ANF
2023-02-03 10:56:00,30.79,30.79,30.78,30.79,1150.0,ANF
2023-02-03 10:55:00,30.81,30.81,30.8,30.805,829.0,ANF
2023-02-03 10:54:00,30.825,30.825,30.81,30.81,600.0,ANF
2023-02-03 10:53:00,30.7756,30.81,30.7756,30.81,904.0,ANF
2023-02-03 10:52:00,30.795,30.795,30.785,30.79,321.0,ANF
2023-02-03 10:51:00,30.8,30.8,30.76,30.8,7745.0,ANF
2023-02-03 10:50:00,30.8621,30.8621,30.79,30.79,4241.0,ANF
2023-02-03 10:49:00,30.905,30.92,30.87,30.87,1637.0,ANF
2023-02-03 10:48:00,30.84,30.89,30.84,30.88,2045.0,ANF
2023-02-03 10:47:00,30.92,30.93,30.89,30.915,2301.0,ANF
2023-02-03 10:46:00,30.9199,30.9199,30.89,30.89,3147.0,ANF
2023-02-03 10:45:00,30.91,30.94,30.89,30.9,6017.0,ANF
2023-02-03 10:44:00,30.95,30.98,30.92,30.92,1840.0,ANF
2023-02-03 10:43:00,30.79,30.95,30.79,30.93,2997.0,ANF
2023-02-03 10:42:00,30.77,30.77,30.76,30.76,2266.0,ANF
2023-02-03 10:41:00,30.79,30.8,30.77,30.795,1158.0,ANF
2023-02-03 10:40:00,30.82,30.82,30.75,30.79,3445.0,ANF
2023-02-03 10:39:00,30.85,30.85,30.8,30.8,870.0,ANF
2023-02-03 10:38:00,30.855,30.87,30.84,30.87,1167.0,ANF
2023-02-03 10:37:00,30.77,30.85,30.745,30.85,3379.0,ANF
2023-02-03 10:36:00,30.84,30.88,30.75,30.77,4863.0,ANF
2023-02-03 10:35:00,30.85,30.8637,30.81,30.81,1955.0,ANF
2023-02-03 10:34:00,30.86,30.86,30.81,30.835,3623.0,ANF
2023-02-03 10:33:00,30.9065,30.9065,30.86,30.86,854.0,ANF
2023-02-03 10:32:00,30.93,30.98,30.91,30.91,2272.0,ANF
2023-02-03 10:31:00,30.76,30.94,30.72,30.92,66581.0,ANF
2023-02-03 10:30:00,30.75,30.765,30.75,30.76,1121.0,ANF
2023-02-03 10:29:00,30.765,30.8,30.745,30.745,2479.0,ANF
2023-02-03 10:28:00,30.865,30.865,30.76,30.76,1630.0,ANF
2023-02-03 10:27:00,30.85,30.85,30.82,30.82,1276.0,ANF
2023-02-03 10:26:00,30.895,30.9,30.86,30.86,1290.0,ANF
2023-02-03 10:25:00,31.0,31.01,30.91,30.91,2842.0,ANF
2023-02-03 10:24:00,31.1,31.14,31.08,31.08,3584.0,ANF
2023-02-03 10:23:00,31.04,31.1,31.04,31.0999,1952.0,ANF
2023-02-03 10:22:00,30.85,31.01,30.85,31.01,3540.0,ANF
2023-02-03 10:21:00,30.89,30.91,30.83,30.88,4619.0,ANF
2023-02-03 10:20:00,31.0,31.0,30.8,30.94,20637.0,ANF
2023-02-03 10:19:00,30.95,31.0,30.89,30.99,7345.0,ANF
2023-02-03 10:18:00,31.0,31.14,30.825,30.91,40839.0,ANF
2023-02-03 10:17:00,30.62,31.0,30.62,30.99,123491.0,ANF
2023-02-03 10:16:00,30.62,30.62,30.57,30.59,3434.0,ANF
2023-02-03 10:15:00,30.6,30.61,30.59,30.59,1772.0,ANF
2023-02-03 10:14:00,30.4459,30.6,30.4459,30.58,9161.0,ANF
2023-02-03 10:13:00,30.39,30.46,30.36,30.4,6956.0,ANF
2023-02-03 10:12:00,30.29,30.4,30.27,30.4,11079.0,ANF
2023-02-03 10:11:00,30.28,30.3,30.28,30.3,3071.0,ANF
2023-02-03 10:10:00,30.32,30.32,30.28,30.295,3432.0,ANF
2023-02-03 10:09:00,30.28,30.3199,30.27,30.3,2120.0,ANF
2023-02-03 10:08:00,30.26,30.31,30.26,30.31,530.0,ANF
2023-02-03 10:07:00,30.26,30.32,30.2501,30.3,2340.0,ANF
2023-02-03 10:06:00,30.19,30.25,30.15,30.25,13642.0,ANF
2023-02-03 10:05:00,30.195,30.24,30.17,30.17,2115.0,ANF
2023-02-03 10:04:00,30.07,30.2,30.06,30.195,2579.0,ANF
2023-02-03 10:03:00,30.13,30.16,30.02,30.06,3806.0,ANF
2023-02-03 10:02:00,30.05,30.09,30.05,30.09,1542.0,ANF
2023-02-03 10:01:00,29.98,30.04,29.915,30.04,10306.0,ANF
2023-02-03 10:00:00,29.945,29.98,29.94,29.98,2015.0,ANF
2023-02-03 09:59:00,29.95,29.95,29.95,29.95,325.0,ANF
2023-02-03 09:58:00,29.96,29.96,29.94,29.94,347.0,ANF
2023-02-03 09:57:00,29.955,29.955,29.955,29.955,220.0,ANF
2023-02-03 09:56:00,29.965,29.965,29.94,29.94,429.0,ANF
2023-02-03 09:55:00,29.88,29.955,29.87,29.955,1455.0,ANF
2023-02-03 09:54:00,29.85,29.86,29.84,29.84,409.0,ANF
2023-02-03 09:53:00,29.8776,29.8776,29.84,29.85,1251.0,ANF
2023-02-03 09:52:00,29.945,29.945,29.86,29.86,1170.0,ANF
2023-02-03 09:51:00,29.85,29.92,29.85,29.92,1852.0,ANF
2023-02-03 09:50:00,29.93,29.9437,29.86,29.86,4329.0,ANF
2023-02-03 09:49:00,29.93,29.93,29.86,29.86,3944.0,ANF
2023-02-03 09:48:00,29.875,29.8975,29.875,29.8975,362.0,ANF
2023-02-03 09:45:00,29.95,29.95,29.89,29.89,1105.0,ANF
2023-02-03 09:44:00,29.91,29.91,29.91,29.91,362.0,ANF
2023-02-03 09:43:00,29.81,29.9,29.8,29.8501,2648.0,ANF
2023-02-03 09:41:00,29.8059,29.82,29.775,29.775,1082.0,ANF
2023-02-03 09:36:00,29.8276,29.8276,29.8276,29.8276,631.0,ANF
2023-02-03 09:35:00,29.77,29.8468,29.77,29.77,410.0,ANF
2023-02-03 09:34:00,29.82,29.86,29.77,29.77,556.0,ANF
2023-02-03 09:33:00,29.73,29.73,29.73,29.73,365.0,ANF
2023-02-03 09:32:00,29.565,29.675,29.565,29.64,722.0,ANF
2023-02-03 09:31:00,29.43,29.67,29.43,29.67,6947.0,ANF
2023-02-02 19:47:00,29.99,30.0,29.99,30.0,300.0,ANF
2023-02-02 16:09:00,29.9,29.9,29.9,29.9,134.0,ANF
2023-02-02 16:02:00,29.87,29.87,29.87,29.87,4114.0,ANF
2023-02-02 16:01:00,29.87,29.87,29.87,29.87,21566.0,ANF
2023-02-02 16:00:00,29.845,29.87,29.83,29.86,29669.0,ANF
2023-02-02 15:59:00,29.835,29.855,29.82,29.845,28158.0,ANF
2023-02-02 15:58:00,29.8,29.84,29.79,29.835,15597.0,ANF
2023-02-02 15:57:00,29.77,29.82,29.765,29.805,17500.0,ANF
2023-02-02 15:56:00,29.73,29.775,29.73,29.775,18618.0,ANF
2023-02-02 15:55:00,29.7,29.735,29.7,29.725,12124.0,ANF
2023-02-02 15:54:00,29.75,29.76,29.7,29.7,17971.0,ANF
2023-02-02 15:53:00,29.755,29.76,29.745,29.755,13635.0,ANF
2023-02-02 15:52:00,29.72,29.76,29.72,29.75,17397.0,ANF
2023-02-02 15:51:00,29.705,29.73,29.705,29.715,9512.0,ANF
2023-02-02 15:50:00,29.705,29.715,29.7,29.705,6684.0,ANF
2023-02-02 15:49:00,29.725,29.725,29.7,29.705,5874.0,ANF
2023-02-02 15:48:00,29.74,29.74,29.725,29.725,3718.0,ANF
2023-02-02 15:47:00,29.71,29.75,29.71,29.74,3333.0,ANF
2023-02-02 15:46:00,29.75,29.75,29.705,29.71,6194.0,ANF
2023-02-02 15:45:00,29.755,29.775,29.751,29.751,5454.0,ANF
2023-02-02 15:44:00,29.75,29.76,29.74,29.75,7053.0,ANF
2023-02-02 15:43:00,29.705,29.745,29.701,29.745,8431.0,ANF
2023-02-02 15:42:00,29.735,29.735,29.7,29.705,12285.0,ANF
2023-02-02 15:41:00,29.805,29.805,29.74,29.74,4519.0,ANF
2023-02-02 15:40:00,29.801,29.81,29.79,29.8,4877.0,ANF
2023-02-02 15:39:00,29.84,29.85,29.805,29.805,4538.0,ANF
2023-02-02 15:38:00,29.815,29.84,29.81,29.835,3422.0,ANF
2023-02-02 15:37:00,29.835,29.845,29.81,29.815,8592.0,ANF
2023-02-02 15:36:00,29.835,29.84,29.83,29.84,2766.0,ANF
2023-02-02 15:35:00,29.825,29.83,29.825,29.83,2814.0,ANF
2023-02-02 15:34:00,29.82,29.825,29.815,29.825,2812.0,ANF
2023-02-02 15:33:00,29.841,29.841,29.82,29.825,1208.0,ANF
2023-02-02 15:32:00,29.83,29.87,29.83,29.85,9356.0,ANF
2023-02-02 15:31:00,29.815,29.835,29.815,29.825,5933.0,ANF
2023-02-02 15:30:00,29.805,29.815,29.805,29.815,2444.0,ANF
2023-02-02 15:29:00,29.785,29.83,29.78,29.805,8411.0,ANF
2023-02-02 15:28:00,29.77,29.79,29.77,29.781,3515.0,ANF
2023-02-02 15:27:00,29.78,29.78,29.78,29.78,580.0,ANF
2023-02-02 15:26:00,29.775,29.795,29.775,29.78,3831.0,ANF
2023-02-02 15:25:00,29.775,29.775,29.77,29.77,903.0,ANF
2023-02-02 15:24:00,29.775,29.775,29.76,29.775,2640.0,ANF
2023-02-02 15:23:00,29.8,29.8,29.77,29.77,1678.0,ANF
2023-02-02 15:22:00,29.825,29.825,29.802,29.81,2977.0,ANF
2023-02-02 15:21:00,29.77,29.825,29.767,29.825,3304.0,ANF
2023-02-02 15:20:00,29.77,29.785,29.77,29.77,3768.0,ANF
2023-02-02 15:19:00,29.765,29.77,29.755,29.76,1132.0,ANF
2023-02-02 15:18:00,29.775,29.775,29.74,29.75,1340.0,ANF
2023-02-02 15:17:00,29.78,29.8018,29.78,29.78,6661.0,ANF
2023-02-02 15:16:00,29.79,29.79,29.7707,29.785,1873.0,ANF
2023-02-02 15:15:00,29.77,29.795,29.77,29.79,991.0,ANF
2023-02-02 15:14:00,29.745,29.77,29.745,29.76,3708.0,ANF
2023-02-02 15:13:00,29.75,29.75,29.72,29.74,2907.0,ANF
2023-02-02 15:12:00,29.745,29.755,29.74,29.75,3553.0,ANF
2023-02-02 15:11:00,29.73,29.75,29.725,29.745,1561.0,ANF
2023-02-02 15:10:00,29.71,29.73,29.67,29.71,8444.0,ANF
2023-02-02 15:09:00,29.77,29.77,29.68,29.71,20073.0,ANF
2023-02-02 15:08:00,29.8,29.8,29.78,29.78,1947.0,ANF
2023-02-02 15:07:00,29.775,29.8,29.775,29.8,1502.0,ANF
2023-02-02 15:06:00,29.72,29.78,29.72,29.77,3052.0,ANF
2023-02-02 15:05:00,29.715,29.715,29.695,29.71,5735.0,ANF
2023-02-02 15:04:00,29.72,29.72,29.69,29.715,12696.0,ANF
2023-02-02 15:03:00,29.71,29.73,29.71,29.73,1492.0,ANF
2023-02-02 15:02:00,29.7,29.715,29.7,29.71,4204.0,ANF
2023-02-02 15:01:00,29.74,29.74,29.7,29.705,4910.0,ANF
2023-02-02 15:00:00,29.72,29.75,29.71,29.75,3193.0,ANF
2023-02-02 14:59:00,29.72,29.72,29.685,29.715,23946.0,ANF
2023-02-02 14:58:00,29.72,29.73,29.71,29.72,3087.0,ANF
2023-02-02 14:57:00,29.705,29.72,29.67,29.72,20936.0,ANF
2023-02-02 14:56:00,29.72,29.72,29.69,29.705,16895.0,ANF
2023-02-02 14:55:00,29.72,29.73,29.68,29.72,7073.0,ANF
2023-02-02 14:54:00,29.77,29.78,29.72,29.74,5515.0,ANF
2023-02-02 14:53:00,29.8,29.8,29.77,29.78,2131.0,ANF
2023-02-02 14:52:00,29.85,29.855,29.8,29.81,14871.0,ANF
2023-02-02 14:51:00,29.83,29.85,29.825,29.85,4581.0,ANF
2023-02-02 14:50:00,29.78,29.83,29.76,29.815,7268.0,ANF
2023-02-02 14:49:00,29.71,29.77,29.705,29.77,4596.0,ANF
2023-02-02 14:48:00,29.74,29.74,29.7,29.705,7005.0,ANF
2023-02-02 14:47:00,29.735,29.745,29.73,29.735,3514.0,ANF
2023-02-02 14:46:00,29.73,29.75,29.73,29.74,2719.0,ANF
2023-02-02 14:45:00,29.715,29.73,29.695,29.725,11788.0,ANF
2023-02-02 14:44:00,29.7,29.72,29.7,29.72,8132.0,ANF
2023-02-02 14:43:00,29.75,29.765,29.7,29.705,6987.0,ANF
2023-02-02 14:42:00,29.78,29.79,29.765,29.765,2679.0,ANF
2023-02-02 14:41:00,29.83,29.83,29.79,29.79,18067.0,ANF
2023-02-02 14:40:00,29.85,29.85,29.82,29.83,5286.0,ANF
2023-02-02 14:39:00,29.82,29.84,29.82,29.84,2339.0,ANF
2023-02-02 14:38:00,29.77,29.82,29.77,29.82,5327.0,ANF
2023-02-02 14:37:00,29.765,29.77,29.765,29.765,2099.0,ANF
2023-02-02 14:36:00,29.76,29.795,29.75,29.765,6665.0,ANF
2023-02-02 14:35:00,29.82,29.82,29.75,29.76,12137.0,ANF
2023-02-02 14:34:00,29.83,29.83,29.81,29.82,4579.0,ANF
2023-02-02 14:33:00,29.83,29.84,29.8292,29.83,1303.0,ANF
2023-02-02 14:32:00,29.84,29.845,29.83,29.83,4032.0,ANF
2023-02-02 14:31:00,29.835,29.845,29.82,29.845,6485.0,ANF
2023-02-02 14:30:00,29.82,29.84,29.82,29.835,2841.0,ANF
2023-02-02 14:29:00,29.86,29.86,29.81,29.815,5774.0,ANF
2023-02-02 14:28:00,29.86,29.865,29.86,29.86,563.0,ANF
2023-02-02 14:27:00,29.9,29.9,29.88,29.88,1502.0,ANF
2023-02-02 14:26:00,29.84,29.89,29.84,29.89,1967.0,ANF
2023-02-02 14:25:00,29.89,29.89,29.84,29.845,4432.0,ANF
2023-02-02 14:24:00,29.9,29.91,29.89,29.89,823.0,ANF
2023-02-02 14:23:00,29.94,29.96,29.87,29.89,30135.0,ANF
2023-02-02 14:22:00,29.87,29.93,29.87,29.93,2658.0,ANF
2023-02-02 14:21:00,29.86,29.86,29.84,29.86,4219.0,ANF
2023-02-02 14:20:00,29.82,29.85,29.82,29.85,1404.0,ANF
2023-02-02 14:19:00,29.85,29.85,29.82,29.84,5087.0,ANF
2023-02-02 14:18:00,29.79,29.85,29.79,29.85,2538.0,ANF
2023-02-02 14:17:00,29.78,29.79,29.78,29.78,2597.0,ANF
2023-02-02 14:16:00,29.77,29.8,29.76,29.785,3862.0,ANF
2023-02-02 14:15:00,29.74,29.767,29.74,29.767,1359.0,ANF
2023-02-02 14:14:00,29.73,29.74,29.73,29.735,788.0,ANF
2023-02-02 14:13:00,29.71,29.725,29.7,29.72,2419.0,ANF
2023-02-02 14:12:00,29.76,29.76,29.73,29.73,1339.0,ANF
2023-02-02 14:11:00,29.77,29.77,29.77,29.77,783.0,ANF
2023-02-02 14:10:00,29.79,29.81,29.78,29.78,3788.0,ANF
2023-02-02 14:09:00,29.77,29.79,29.77,29.79,563.0,ANF
2023-02-02 14:08:00,29.75,29.76,29.75,29.76,891.0,ANF
2023-02-02 14:07:00,29.73,29.73,29.73,29.73,132.0,ANF
2023-02-02 14:06:00,29.8,29.8,29.74,29.74,8311.0,ANF
2023-02-02 14:05:00,29.79,29.8,29.785,29.8,9308.0,ANF
2023-02-02 14:04:00,29.75,29.8,29.74,29.8,23126.0,ANF
2023-02-02 14:03:00,29.7,29.76,29.7,29.76,6129.0,ANF
2023-02-02 14:02:00,29.7,29.71,29.7,29.71,1485.0,ANF
2023-02-02 14:01:00,29.72,29.72,29.715,29.715,983.0,ANF
2023-02-02 14:00:00,29.72,29.73,29.72,29.73,2244.0,ANF
2023-02-02 13:59:00,29.715,29.715,29.7145,29.7145,1289.0,ANF
2023-02-02 13:58:00,29.71,29.735,29.705,29.72,3111.0,ANF
2023-02-02 13:57:00,29.7,29.71,29.7,29.71,577.0,ANF
2023-02-02 13:56:00,29.69,29.705,29.69,29.705,6318.0,ANF
2023-02-02 13:55:00,29.68,29.69,29.68,29.69,1156.0,ANF
2023-02-02 13:54:00,29.6689,29.67,29.6689,29.67,2963.0,ANF
2023-02-02 13:53:00,29.67,29.67,29.67,29.67,419.0,ANF
2023-02-02 13:52:00,29.67,29.67,29.67,29.67,1208.0,ANF
2023-02-02 13:51:00,29.6495,29.67,29.6495,29.67,2625.0,ANF
2023-02-02 13:50:00,29.69,29.69,29.65,29.65,3009.0,ANF
2023-02-02 13:49:00,29.6922,29.71,29.6922,29.695,2132.0,ANF
2023-02-02 13:48:00,29.7,29.7,29.7,29.7,592.0,ANF
2023-02-02 13:47:00,29.67,29.69,29.67,29.68,1385.0,ANF
2023-02-02 13:46:00,29.67,29.675,29.67,29.67,1739.0,ANF
2023-02-02 13:45:00,29.66,29.6676,29.66,29.6676,1868.0,ANF
2023-02-02 13:43:00,29.65,29.65,29.65,29.65,1166.0,ANF
2023-02-02 13:42:00,29.672,29.672,29.66,29.66,2038.0,ANF
2023-02-02 13:41:00,29.64,29.66,29.64,29.66,3237.0,ANF
2023-02-02 13:40:00,29.59,29.625,29.59,29.625,4250.0,ANF
2023-02-02 13:39:00,29.59,29.59,29.59,29.59,857.0,ANF
2023-02-02 13:38:00,29.57,29.605,29.57,29.59,3113.0,ANF
2023-02-02 13:37:00,29.58,29.58,29.57,29.57,527.0,ANF
2023-02-02 13:36:00,29.58,29.58,29.57,29.57,404.0,ANF
2023-02-02 13:35:00,29.58,29.585,29.57,29.57,2155.0,ANF
2023-02-02 13:34:00,29.56,29.57,29.55,29.57,2608.0,ANF
2023-02-02 13:33:00,29.54,29.55,29.54,29.55,588.0,ANF
2023-02-02 13:32:00,29.58,29.58,29.55,29.56,1875.0,ANF
2023-02-02 13:31:00,29.595,29.595,29.58,29.595,431.0,ANF
2023-02-02 13:30:00,29.56,29.61,29.54,29.61,6393.0,ANF
2023-02-02 13:29:00,29.55,29.56,29.55,29.56,498.0,ANF
2023-02-02 13:28:00,29.54,29.56,29.54,29.56,500.0,ANF
2023-02-02 13:27:00,29.5901,29.5901,29.55,29.55,1045.0,ANF
2023-02-02 13:26:00,29.62,29.63,29.5974,29.5974,2337.0,ANF
2023-02-02 13:25:00,29.5999,29.61,29.5999,29.61,900.0,ANF
2023-02-02 13:24:00,29.59,29.6,29.59,29.6,1878.0,ANF
2023-02-02 13:23:00,29.575,29.58,29.57,29.58,2609.0,ANF
2023-02-02 13:22:00,29.565,29.5756,29.55,29.5756,3381.0,ANF
2023-02-02 13:21:00,29.565,29.565,29.5588,29.5588,673.0,ANF
2023-02-02 13:20:00,29.56,29.56,29.56,29.56,488.0,ANF
2023-02-02 13:19:00,29.56,29.56,29.54,29.55,5889.0,ANF
2023-02-02 13:18:00,29.56,29.5799,29.55,29.55,663.0,ANF
2023-02-02 13:17:00,29.56,29.56,29.55,29.56,609.0,ANF
2023-02-02 13:16:00,29.56,29.56,29.55,29.56,500.0,ANF
2023-02-02 13:15:00,29.56,29.56,29.56,29.56,307.0,ANF
2023-02-02 13:14:00,29.55,29.5659,29.55,29.56,3224.0,ANF
2023-02-02 13:13:00,29.5675,29.5675,29.55,29.55,1793.0,ANF
2023-02-02 13:12:00,29.61,29.61,29.55,29.555,6382.0,ANF
2023-02-02 13:11:00,29.58,29.62,29.58,29.61,3509.0,ANF
2023-02-02 13:10:00,29.575,29.5899,29.56,29.57,1501.0,ANF
2023-02-02 13:08:00,29.56,29.58,29.56,29.58,806.0,ANF
2023-02-02 13:07:00,29.54,29.56,29.54,29.56,5205.0,ANF
2023-02-02 13:06:00,29.54,29.575,29.54,29.55,5455.0,ANF
2023-02-02 13:05:00,29.51,29.55,29.51,29.545,6050.0,ANF
2023-02-02 13:04:00,29.495,29.495,29.495,29.495,220.0,ANF
2023-02-02 13:03:00,29.48,29.51,29.48,29.495,5758.0,ANF
2023-02-02 13:01:00,29.46,29.46,29.46,29.46,804.0,ANF
2023-02-02 13:00:00,29.44,29.45,29.44,29.45,1089.0,ANF
2023-02-02 12:59:00,29.4,29.43,29.4,29.43,2514.0,ANF
2023-02-02 12:58:00,29.4,29.4,29.39,29.39,905.0,ANF
2023-02-02 12:57:00,29.4,29.42,29.4,29.405,2245.0,ANF
2023-02-02 12:56:00,29.41,29.41,29.4,29.4,1032.0,ANF
2023-02-02 12:55:00,29.365,29.42,29.365,29.42,4069.0,ANF
2023-02-02 12:54:00,29.35,29.35,29.34,29.34,307.0,ANF
2023-02-02 12:53:00,29.365,29.365,29.34,29.35,614.0,ANF
2023-02-02 12:52:00,29.38,29.38,29.34,29.365,916.0,ANF
2023-02-02 12:51:00,29.43,29.43,29.395,29.395,1368.0,ANF
2023-02-02 12:50:00,29.445,29.46,29.44,29.44,1510.0,ANF
2023-02-02 12:49:00,29.44,29.445,29.425,29.445,1940.0,ANF
2023-02-02 12:48:00,29.42,29.46,29.42,29.45,1942.0,ANF
2023-02-02 12:47:00,29.395,29.44,29.395,29.41,4667.0,ANF
2023-02-02 12:46:00,29.37,29.4,29.37,29.395,1525.0,ANF
2023-02-02 12:44:00,29.35,29.37,29.35,29.37,1779.0,ANF
2023-02-02 12:43:00,29.36,29.38,29.34,29.34,1073.0,ANF
2023-02-02 12:42:00,29.33,29.36,29.33,29.36,502.0,ANF
2023-02-02 12:41:00,29.43,29.43,29.33,29.33,1389.0,ANF
2023-02-02 12:40:00,29.465,29.48,29.43,29.44,3012.0,ANF
2023-02-02 12:39:00,29.46,29.4899,29.46,29.47,2006.0,ANF
2023-02-02 12:38:00,29.45,29.455,29.445,29.455,1192.0,ANF
2023-02-02 12:37:00,29.45,29.45,29.45,29.45,1168.0,ANF
2023-02-02 12:36:00,29.43,29.43,29.42,29.425,2861.0,ANF
2023-02-02 12:34:00,29.4,29.41,29.4,29.41,906.0,ANF
2023-02-02 12:32:00,29.39,29.4,29.39,29.4,1367.0,ANF
2023-02-02 12:31:00,29.41,29.42,29.39,29.39,2762.0,ANF
2023-02-02 12:30:00,29.4,29.42,29.4,29.41,575.0,ANF
2023-02-02 12:29:00,29.4,29.41,29.4,29.41,285.0,ANF
2023-02-02 12:28:00,29.41,29.41,29.41,29.41,206.0,ANF
2023-02-02 12:27:00,29.39,29.44,29.39,29.42,2767.0,ANF
2023-02-02 12:25:00,29.38,29.405,29.38,29.405,2062.0,ANF
2023-02-02 12:24:00,29.39,29.39,29.37,29.37,656.0,ANF
2023-02-02 12:23:00,29.41,29.41,29.395,29.4,1554.0,ANF
2023-02-02 12:22:00,29.37,29.43,29.37,29.425,3852.0,ANF
2023-02-02 12:21:00,29.36,29.38,29.36,29.36,818.0,ANF
2023-02-02 12:20:00,29.37,29.37,29.36,29.36,527.0,ANF
2023-02-02 12:19:00,29.36,29.36,29.36,29.36,305.0,ANF
2023-02-02 12:18:00,29.38,29.41,29.36,29.36,1415.0,ANF
2023-02-02 12:17:00,29.38,29.395,29.38,29.3845,618.0,ANF
2023-02-02 12:16:00,29.405,29.405,29.39,29.39,517.0,ANF
2023-02-02 12:15:00,29.43,29.43,29.4,29.4,1270.0,ANF
2023-02-02 12:14:00,29.41,29.43,29.4,29.43,2167.0,ANF
2023-02-02 12:13:00,29.4,29.41,29.4,29.4,1173.0,ANF
2023-02-02 12:12:00,29.42,29.42,29.4,29.42,718.0,ANF
2023-02-02 12:11:00,29.415,29.42,29.4,29.42,900.0,ANF
2023-02-02 12:09:00,29.45,29.465,29.44,29.44,1371.0,ANF
2023-02-02 12:08:00,29.47,29.47,29.46,29.46,788.0,ANF
2023-02-02 12:07:00,29.428,29.46,29.428,29.46,1197.0,ANF
2023-02-02 12:06:00,29.42,29.45,29.42,29.45,1755.0,ANF
2023-02-02 12:05:00,29.47,29.47,29.41,29.41,2333.0,ANF
2023-02-02 12:04:00,29.54,29.54,29.51,29.51,1355.0,ANF
2023-02-02 12:02:00,29.51,29.52,29.49,29.52,6254.0,ANF
2023-02-02 12:01:00,29.5,29.53,29.5,29.53,597.0,ANF
2023-02-02 12:00:00,29.532,29.532,29.48,29.4875,4504.0,ANF
2023-02-02 11:59:00,29.52,29.52,29.52,29.52,642.0,ANF
2023-02-02 11:58:00,29.575,29.575,29.53,29.535,3760.0,ANF
2023-02-02 11:57:00,29.45,29.5381,29.43,29.5381,12305.0,ANF
2023-02-02 11:56:00,29.42,29.45,29.42,29.44,4679.0,ANF
2023-02-02 11:55:00,29.415,29.425,29.415,29.425,392.0,ANF
2023-02-02 11:54:00,29.41,29.41,29.41,29.41,251.0,ANF
2023-02-02 11:53:00,29.322,29.41,29.322,29.41,5056.0,ANF
2023-02-02 11:52:00,29.275,29.32,29.27,29.32,1659.0,ANF
2023-02-02 11:51:00,29.26,29.275,29.26,29.275,440.0,ANF
2023-02-02 11:50:00,29.2,29.265,29.19,29.265,6468.0,ANF
2023-02-02 11:49:00,29.21,29.22,29.2,29.22,2794.0,ANF
2023-02-02 11:47:00,29.195,29.23,29.195,29.23,1850.0,ANF
2023-02-02 11:46:00,29.19,29.195,29.17,29.195,2735.0,ANF
2023-02-02 11:45:00,29.175,29.175,29.16,29.16,465.0,ANF
2023-02-02 11:44:00,29.19,29.19,29.16,29.16,1816.0,ANF
2023-02-02 11:43:00,29.14,29.16,29.13,29.16,2182.0,ANF
2023-02-02 11:42:00,29.2,29.2,29.16,29.16,1103.0,ANF
2023-02-02 11:41:00,29.23,29.23,29.22,29.22,1409.0,ANF
2023-02-02 11:40:00,29.21,29.2322,29.2,29.2322,1971.0,ANF
2023-02-02 11:39:00,29.25,29.255,29.22,29.22,1738.0,ANF
2023-02-02 11:38:00,29.27,29.27,29.235,29.235,867.0,ANF
2023-02-02 11:37:00,29.31,29.31,29.28,29.28,2916.0,ANF
2023-02-02 11:35:00,29.315,29.3693,29.305,29.305,16550.0,ANF
2023-02-02 11:34:00,29.29,29.32,29.29,29.32,1798.0,ANF
2023-02-02 11:33:00,29.27,29.305,29.27,29.305,2803.0,ANF
2023-02-02 11:32:00,29.32,29.32,29.26,29.26,2354.0,ANF
2023-02-02 11:30:00,29.37,29.38,29.35,29.35,3927.0,ANF
2023-02-02 11:29:00,29.36,29.37,29.36,29.37,1625.0,ANF
2023-02-02 11:28:00,29.4,29.42,29.39,29.39,2836.0,ANF
2023-02-02 11:27:00,29.41,29.41,29.38,29.38,1047.0,ANF
2023-02-02 11:26:00,29.47,29.47,29.41,29.41,3277.0,ANF
2023-02-02 11:25:00,29.46,29.48,29.46,29.46,2775.0,ANF
2023-02-02 11:24:00,29.47,29.47,29.45,29.46,2133.0,ANF
2023-02-02 11:23:00,29.45,29.47,29.43,29.44,3359.0,ANF
2023-02-02 11:22:00,29.445,29.47,29.43,29.455,4796.0,ANF
2023-02-02 11:21:00,29.47,29.47,29.43,29.43,879.0,ANF
2023-02-02 11:20:00,29.5,29.515,29.495,29.495,2067.0,ANF
2023-02-02 11:19:00,29.52,29.52,29.515,29.515,2428.0,ANF
2023-02-02 11:18:00,29.535,29.54,29.5,29.51,4274.0,ANF
2023-02-02 11:17:00,29.5799,29.5799,29.53,29.55,1788.0,ANF
2023-02-02 11:16:00,29.54,29.58,29.53,29.58,4504.0,ANF
2023-02-02 11:15:00,29.54,29.54,29.54,29.54,292.0,ANF
2023-02-02 11:14:00,29.505,29.52,29.49,29.52,1970.0,ANF
2023-02-02 11:13:00,29.554,29.554,29.49,29.49,2628.0,ANF
2023-02-02 11:12:00,29.61,29.61,29.55,29.57,2936.0,ANF
2023-02-02 11:11:00,29.61,29.6551,29.61,29.62,1265.0,ANF
2023-02-02 11:10:00,29.67,29.67,29.63,29.64,2208.0,ANF
2023-02-02 11:09:00,29.67,29.67,29.66,29.67,992.0,ANF
2023-02-02 11:08:00,29.655,29.68,29.655,29.68,2038.0,ANF
2023-02-02 11:07:00,29.64,29.66,29.63,29.655,1111.0,ANF
2023-02-02 11:06:00,29.62,29.64,29.58,29.64,4174.0,ANF
2023-02-02 11:05:00,29.59,29.62,29.59,29.62,985.0,ANF
2023-02-02 11:04:00,29.595,29.595,29.57,29.57,884.0,ANF
2023-02-02 11:03:00,29.625,29.63,29.61,29.61,3079.0,ANF
2023-02-02 11:02:00,29.67,29.67,29.63,29.63,1020.0,ANF
2023-02-02 11:01:00,29.7,29.7,29.66,29.7,10947.0,ANF
2023-02-02 11:00:00,29.75,29.75,29.71,29.71,2323.0,ANF
2023-02-02 10:59:00,29.73,29.77,29.73,29.76,4624.0,ANF
2023-02-02 10:58:00,29.71,29.71,29.69,29.7,3263.0,ANF
2023-02-02 10:57:00,29.71,29.71,29.71,29.71,512.0,ANF
2023-02-02 10:56:00,29.72,29.72,29.7,29.72,2469.0,ANF
2023-02-02 10:55:00,29.775,29.775,29.72,29.72,5195.0,ANF
2023-02-02 10:54:00,29.79,29.79,29.76,29.78,6636.0,ANF
2023-02-02 10:53:00,29.735,29.77,29.735,29.77,2446.0,ANF
2023-02-02 10:52:00,29.695,29.75,29.695,29.735,1668.0,ANF
2023-02-02 10:51:00,29.68,29.73,29.68,29.71,1913.0,ANF
2023-02-02 10:50:00,29.62,29.63,29.61,29.63,2904.0,ANF
2023-02-02 10:49:00,29.61,29.62,29.61,29.62,1290.0,ANF
2023-02-02 10:48:00,29.56,29.62,29.56,29.62,4033.0,ANF
2023-02-02 10:47:00,29.59,29.59,29.55,29.56,2345.0,ANF
2023-02-02 10:46:00,29.58,29.61,29.58,29.61,547.0,ANF
2023-02-02 10:45:00,29.66,29.66,29.61,29.61,3315.0,ANF
2023-02-02 10:44:00,29.58,29.64,29.575,29.64,2555.0,ANF
2023-02-02 10:43:00,29.55,29.595,29.55,29.595,2038.0,ANF
2023-02-02 10:42:00,29.49,29.54,29.49,29.54,3461.0,ANF
2023-02-02 10:41:00,29.43,29.48,29.43,29.48,3431.0,ANF
2023-02-02 10:40:00,29.44,29.45,29.43,29.43,1736.0,ANF
2023-02-02 10:39:00,29.48,29.49,29.44,29.44,6648.0,ANF
2023-02-02 10:38:00,29.61,29.63,29.48,29.49,12815.0,ANF
2023-02-02 10:37:00,29.405,29.62,29.405,29.61,32887.0,ANF
2023-02-02 10:36:00,29.42,29.42,29.41,29.42,2442.0,ANF
2023-02-02 10:35:00,29.39,29.44,29.38,29.43,6544.0,ANF
2023-02-02 10:34:00,29.38,29.39,29.37,29.38,3090.0,ANF
2023-02-02 10:33:00,29.41,29.41,29.35,29.37,4430.0,ANF
2023-02-02 10:32:00,29.4,29.4,29.38,29.39,2231.0,ANF
2023-02-02 10:31:00,29.41,29.41,29.39,29.41,2901.0,ANF
2023-02-02 10:30:00,29.38,29.41,29.36,29.39,2416.0,ANF
2023-02-02 10:29:00,29.435,29.435,29.39,29.4,1489.0,ANF
2023-02-02 10:28:00,29.48,29.48,29.42,29.42,2886.0,ANF
2023-02-02 10:27:00,29.48,29.5,29.46,29.48,9460.0,ANF
2023-02-02 10:26:00,29.46,29.46,29.44,29.44,863.0,ANF
2023-02-02 10:25:00,29.475,29.5038,29.43,29.46,4449.0,ANF
2023-02-02 10:24:00,29.35,29.48,29.34,29.48,5949.0,ANF
2023-02-02 10:23:00,29.2,29.33,29.18,29.33,6605.0,ANF
2023-02-02 10:22:00,29.18,29.18,29.18,29.18,991.0,ANF
2023-02-02 10:21:00,29.36,29.36,29.2,29.2003,4166.0,ANF
2023-02-02 10:20:00,29.37,29.37,29.35,29.35,1114.0,ANF
2023-02-02 10:19:00,29.42,29.42,29.38,29.39,1264.0,ANF
2023-02-02 10:18:00,29.43,29.44,29.43,29.44,778.0,ANF
2023-02-02 10:17:00,29.455,29.455,29.4,29.4,2035.0,ANF
2023-02-02 10:16:00,29.47,29.47,29.47,29.47,204.0,ANF
2023-02-02 10:15:00,29.45,29.48,29.45,29.48,1997.0,ANF
2023-02-02 10:14:00,29.49,29.51,29.44,29.44,2961.0,ANF
2023-02-02 10:13:00,29.42,29.475,29.41,29.475,3953.0,ANF
2023-02-02 10:12:00,29.41,29.45,29.41,29.41,3176.0,ANF
2023-02-02 10:11:00,29.4,29.42,29.4,29.4,1326.0,ANF
2023-02-02 10:10:00,29.42,29.44,29.42,29.42,2502.0,ANF
2023-02-02 10:09:00,29.38,29.44,29.38,29.44,3309.0,ANF
2023-02-02 10:08:00,29.44,29.44,29.38,29.38,2840.0,ANF
2023-02-02 10:07:00,29.44,29.44,29.43,29.43,2272.0,ANF
2023-02-02 10:06:00,29.43,29.43,29.37,29.42,4280.0,ANF
2023-02-02 10:05:00,29.5,29.5,29.43,29.43,2486.0,ANF
2023-02-02 10:04:00,29.45,29.5,29.43,29.5,3283.0,ANF
2023-02-02 10:03:00,29.48,29.48,29.435,29.435,1217.0,ANF
2023-02-02 10:02:00,29.48,29.5,29.43,29.47,10693.0,ANF
2023-02-02 10:01:00,29.35,29.47,29.35,29.47,10617.0,ANF
2023-02-02 10:00:00,29.35,29.36,29.34,29.355,13903.0,ANF
2023-02-02 09:59:00,29.35,29.355,29.27,29.35,71978.0,ANF
2023-02-02 09:58:00,29.4,29.4,29.35,29.36,3728.0,ANF
2023-02-02 09:57:00,29.42,29.42,29.37,29.4,12948.0,ANF
2023-02-02 09:56:00,29.5,29.51,29.44,29.44,4599.0,ANF
2023-02-02 09:55:00,29.49,29.5,29.48,29.485,3242.0,ANF
2023-02-02 09:54:00,29.5,29.52,29.5,29.5,4874.0,ANF
2023-02-02 09:53:00,29.52,29.53,29.5,29.5,2201.0,ANF
2023-02-02 09:52:00,29.54,29.54,29.49,29.495,5071.0,ANF
2023-02-02 09:51:00,29.515,29.54,29.495,29.54,6912.0,ANF
2023-02-02 09:50:00,29.55,29.55,29.49,29.52,2633.0,ANF
2023-02-02 09:49:00,29.57,29.585,29.54,29.58,2882.0,ANF
2023-02-02 09:48:00,29.57,29.57,29.5,29.5,873.0,ANF
2023-02-02 09:47:00,29.465,29.5,29.465,29.5,1376.0,ANF
2023-02-02 09:46:00,29.365,29.47,29.365,29.47,4492.0,ANF
2023-02-02 09:45:00,29.4,29.41,29.36,29.37,3106.0,ANF
2023-02-02 09:44:00,29.38,29.38,29.38,29.38,428.0,ANF
2023-02-02 09:43:00,29.35,29.37,29.33,29.36,73057.0,ANF
2023-02-02 09:42:00,29.35,29.37,29.35,29.35,7394.0,ANF
2023-02-02 09:41:00,29.37,29.44,29.37,29.405,2907.0,ANF
2023-02-02 09:40:00,29.35,29.42,29.35,29.4,4164.0,ANF
2023-02-02 09:39:00,29.4434,29.46,29.42,29.42,1796.0,ANF
2023-02-02 09:37:00,29.55,29.55,29.545,29.545,642.0,ANF
2023-02-02 09:36:00,29.645,29.645,29.54,29.54,2797.0,ANF
2023-02-02 09:35:00,29.5801,29.64,29.5801,29.64,604.0,ANF
2023-02-02 09:34:00,29.61,29.62,29.61,29.62,784.0,ANF
2023-02-02 09:33:00,29.74,29.74,29.63,29.63,2769.0,ANF
2023-02-02 09:32:00,29.7147,29.7147,29.69,29.69,320.0,ANF
2023-02-02 09:31:00,29.73,29.8,29.615,29.71,36555.0,ANF
2023-02-02 08:04:00,29.44,29.44,29.44,29.44,205.0,ANF
2023-02-02 08:02:00,29.44,29.44,29.44,29.44,181.0,ANF
2023-02-02 08:01:00,29.78,29.78,29.78,29.78,100.0,ANF
2023-02-01 16:02:00,29.23,29.23,29.23,29.23,1791.0,ANF
2023-02-01 16:01:00,29.23,29.23,29.23,29.23,20732.0,ANF
2023-02-01 16:00:00,29.22,29.24,29.22,29.22,37335.0,ANF
2023-02-01 15:59:00,29.22,29.25,29.215,29.22,24993.0,ANF
2023-02-01 15:58:00,29.205,29.23,29.2,29.215,20729.0,ANF
2023-02-01 15:57:00,29.235,29.2375,29.185,29.21,15398.0,ANF
2023-02-01 15:56:00,29.1975,29.24,29.18,29.235,17784.0,ANF
2023-02-01 15:55:00,29.195,29.205,29.175,29.195,14476.0,ANF
2023-02-01 15:54:00,29.19,29.2,29.18,29.2,13512.0,ANF
2023-02-01 15:53:00,29.29,29.29,29.17,29.18,14374.0,ANF
2023-02-01 15:52:00,29.325,29.325,29.29,29.3,16571.0,ANF
2023-02-01 15:51:00,29.28,29.33,29.245,29.315,17210.0,ANF
2023-02-01 15:50:00,29.295,29.305,29.28,29.28,6926.0,ANF
2023-02-01 15:49:00,29.355,29.355,29.29,29.29,7215.0,ANF
2023-02-01 15:48:00,29.43,29.43,29.36,29.36,6024.0,ANF
2023-02-01 15:47:00,29.44,29.44,29.43,29.43,4527.0,ANF
2023-02-01 15:46:00,29.45,29.455,29.44,29.45,6234.0,ANF
2023-02-01 15:45:00,29.43,29.45,29.43,29.45,4324.0,ANF
2023-02-01 15:44:00,29.49,29.495,29.45,29.45,11159.0,ANF
2023-02-01 15:43:00,29.49,29.5,29.475,29.5,3441.0,ANF
2023-02-01 15:42:00,29.43,29.485,29.415,29.475,8021.0,ANF
2023-02-01 15:41:00,29.395,29.43,29.395,29.43,1942.0,ANF
2023-02-01 15:40:00,29.38,29.395,29.375,29.395,6149.0,ANF
2023-02-01 15:39:00,29.41,29.42,29.38,29.39,5695.0,ANF
2023-02-01 15:38:00,29.405,29.43,29.405,29.425,4655.0,ANF
2023-02-01 15:37:00,29.4,29.41,29.39,29.41,3569.0,ANF
2023-02-01 15:36:00,29.31,29.39,29.3,29.385,7921.0,ANF
2023-02-01 15:35:00,29.34,29.34,29.3,29.3112,5650.0,ANF
2023-02-01 15:34:00,29.315,29.34,29.3,29.34,7348.0,ANF
2023-02-01 15:33:00,29.3,29.315,29.3,29.315,1810.0,ANF
2023-02-01 15:32:00,29.295,29.3,29.28,29.295,7052.0,ANF
2023-02-01 15:31:00,29.27,29.295,29.27,29.29,4787.0,ANF
2023-02-01 15:30:00,29.22,29.265,29.22,29.265,3546.0,ANF
2023-02-01 15:29:00,29.24,29.245,29.215,29.225,7118.0,ANF
2023-02-01 15:28:00,29.24,29.25,29.21,29.24,2736.0,ANF
2023-02-01 15:27:00,29.28,29.28,29.25,29.265,4199.0,ANF
2023-02-01 15:26:00,29.28,29.29,29.28,29.29,1353.0,ANF
2023-02-01 15:25:00,29.245,29.27,29.245,29.27,4596.0,ANF
2023-02-01 15:24:00,29.27,29.27,29.25,29.25,2172.0,ANF
2023-02-01 15:23:00,29.28,29.3,29.25,29.25,3692.0,ANF
2023-02-01 15:22:00,29.295,29.34,29.295,29.31,5633.0,ANF
2023-02-01 15:21:00,29.3,29.31,29.29,29.29,3173.0,ANF
2023-02-01 15:20:00,29.31,29.31,29.28,29.31,6243.0,ANF
2023-02-01 15:19:00,29.32,29.325,29.31,29.32,4161.0,ANF
2023-02-01 15:18:00,29.24,29.31,29.24,29.31,3282.0,ANF
2023-02-01 15:17:00,29.295,29.295,29.23,29.243,17549.0,ANF
2023-02-01 15:16:00,29.315,29.315,29.27,29.3,3119.0,ANF
2023-02-01 15:15:00,29.29,29.325,29.29,29.31,3489.0,ANF
2023-02-01 15:14:00,29.285,29.33,29.285,29.29,4603.0,ANF
2023-02-01 15:13:00,29.31,29.31,29.28,29.28,4035.0,ANF
2023-02-01 15:12:00,29.33,29.34,29.28,29.31,5807.0,ANF
2023-02-01 15:11:00,29.33,29.34,29.305,29.34,4021.0,ANF
2023-02-01 15:10:00,29.36,29.37,29.33,29.3312,3903.0,ANF
2023-02-01 15:09:00,29.29,29.36,29.29,29.36,3104.0,ANF
2023-02-01 15:08:00,29.3,29.32,29.27,29.275,5001.0,ANF
2023-02-01 15:07:00,29.28,29.31,29.26,29.3,2759.0,ANF
2023-02-01 15:06:00,29.255,29.28,29.245,29.27,3195.0,ANF
2023-02-01 15:05:00,29.24,29.25,29.24,29.25,3909.0,ANF
2023-02-01 15:04:00,29.185,29.24,29.185,29.24,2528.0,ANF
2023-02-01 15:03:00,29.125,29.17,29.125,29.17,1389.0,ANF
2023-02-01 15:02:00,29.1,29.12,29.08,29.12,2675.0,ANF
2023-02-01 15:01:00,29.12,29.13,29.1,29.11,4057.0,ANF
2023-02-01 15:00:00,29.08,29.1122,29.08,29.1122,2065.0,ANF
2023-02-01 14:59:00,29.14,29.155,29.09,29.09,2268.0,ANF
2023-02-01 14:58:00,29.15,29.15,29.13,29.13,3061.0,ANF
2023-02-01 14:57:00,29.19,29.19,29.17,29.17,2032.0,ANF
2023-02-01 14:56:00,29.14,29.175,29.14,29.17,4282.0,ANF
2023-02-01 14:55:00,29.11,29.125,29.11,29.115,2785.0,ANF
2023-02-01 14:54:00,29.1,29.125,29.06,29.1,5031.0,ANF
2023-02-01 14:53:00,29.11,29.128,29.11,29.12,3365.0,ANF
2023-02-01 14:52:00,29.06,29.11,29.06,29.11,2948.0,ANF
2023-02-01 14:51:00,29.09,29.09,29.07,29.075,1135.0,ANF
2023-02-01 14:50:00,29.12,29.12,29.07,29.075,5227.0,ANF
2023-02-01 14:49:00,29.11,29.12,29.08,29.11,5978.0,ANF
2023-02-01 14:48:00,29.11,29.11,29.09,29.105,1580.0,ANF
2023-02-01 14:47:00,29.07,29.09,29.04,29.07,3103.0,ANF
2023-02-01 14:46:00,29.05,29.1,29.045,29.0469,1826.0,ANF
2023-02-01 14:45:00,29.13,29.13,29.055,29.0625,5166.0,ANF
2023-02-01 14:44:00,29.055,29.16,29.05,29.155,4211.0,ANF
2023-02-01 14:43:00,29.03,29.055,28.99,29.055,4779.0,ANF
2023-02-01 14:42:00,29.0,29.04,29.0,29.0396,2230.0,ANF
2023-02-01 14:41:00,28.99,29.0,28.9528,28.99,2771.0,ANF
2023-02-01 14:40:00,28.885,28.97,28.885,28.9501,1811.0,ANF
2023-02-01 14:39:00,28.92,28.965,28.89,28.89,4399.0,ANF
2023-02-01 14:38:00,28.775,28.84,28.775,28.84,1247.0,ANF
2023-02-01 14:37:00,28.72,28.79,28.695,28.78,1296.0,ANF
2023-02-01 14:36:00,28.72,28.78,28.72,28.72,2483.0,ANF
2023-02-01 14:35:00,28.68,28.74,28.65,28.74,2417.0,ANF
2023-02-01 14:34:00,28.68,28.73,28.65,28.67,4281.0,ANF
2023-02-01 14:33:00,28.73,28.76,28.69,28.69,1199.0,ANF
2023-02-01 14:32:00,28.8,28.83,28.76,28.76,2356.0,ANF
2023-02-01 14:31:00,28.8,28.85,28.78,28.78,3910.0,ANF
2023-02-01 14:30:00,28.78,28.79,28.78,28.79,3754.0,ANF
2023-02-01 14:29:00,28.775,28.78,28.775,28.78,670.0,ANF
2023-02-01 14:28:00,28.79,28.795,28.78,28.78,1095.0,ANF
2023-02-01 14:27:00,28.8,28.8,28.78,28.8,2418.0,ANF
2023-02-01 14:26:00,28.79,28.81,28.76,28.81,3957.0,ANF
2023-02-01 14:25:00,28.8,28.8,28.775,28.79,2490.0,ANF
2023-02-01 14:24:00,28.8,28.8,28.78,28.78,300.0,ANF
2023-02-01 14:23:00,28.775,28.79,28.76,28.78,1575.0,ANF
2023-02-01 14:22:00,28.78,28.79,28.77,28.77,1034.0,ANF
2023-02-01 14:21:00,28.745,28.78,28.745,28.78,1581.0,ANF
2023-02-01 14:20:00,28.74,28.75,28.74,28.745,834.0,ANF
2023-02-01 14:19:00,28.72,28.72,28.72,28.72,613.0,ANF
2023-02-01 14:18:00,28.715,28.715,28.695,28.695,673.0,ANF
2023-02-01 14:17:00,28.79,28.795,28.77,28.77,3733.0,ANF
2023-02-01 14:16:00,28.79,28.81,28.79,28.805,1448.0,ANF
2023-02-01 14:15:00,28.8,28.81,28.79,28.8,1005.0,ANF
2023-02-01 14:14:00,28.7501,28.8,28.74,28.8,2126.0,ANF
2023-02-01 14:13:00,28.765,28.765,28.765,28.765,261.0,ANF
2023-02-01 14:11:00,28.71,28.79,28.71,28.77,2136.0,ANF
2023-02-01 14:10:00,28.87,28.87,28.7217,28.745,4741.0,ANF
2023-02-01 14:09:00,28.8,28.83,28.77,28.83,4230.0,ANF
2023-02-01 14:08:00,28.63,28.76,28.63,28.76,1844.0,ANF
2023-02-01 14:07:00,28.63,28.64,28.62,28.63,1777.0,ANF
2023-02-01 14:06:00,28.52,28.56,28.52,28.56,1737.0,ANF
2023-02-01 14:05:00,28.465,28.5,28.465,28.495,519.0,ANF
2023-02-01 14:04:00,28.47,28.47,28.47,28.47,536.0,ANF
2023-02-01 14:03:00,28.51,28.52,28.48,28.48,941.0,ANF
2023-02-01 14:02:00,28.475,28.58,28.475,28.53,2317.0,ANF
2023-02-01 14:01:00,28.65,28.65,28.47,28.47,4289.0,ANF
2023-02-01 14:00:00,28.6,28.71,28.6,28.69,8064.0,ANF
2023-02-01 13:59:00,28.49,28.6,28.49,28.6,5541.0,ANF
2023-02-01 13:58:00,28.49,28.505,28.49,28.49,1255.0,ANF
2023-02-01 13:57:00,28.49,28.505,28.49,28.49,1215.0,ANF
2023-02-01 13:56:00,28.5,28.52,28.5,28.515,1659.0,ANF
2023-02-01 13:55:00,28.5,28.555,28.5,28.52,3121.0,ANF
2023-02-01 13:54:00,28.575,28.5797,28.515,28.515,4395.0,ANF
2023-02-01 13:53:00,28.595,28.6,28.57,28.575,4949.0,ANF
2023-02-01 13:52:00,28.565,28.6,28.565,28.6,2973.0,ANF
2023-02-01 13:51:00,28.55,28.555,28.55,28.555,601.0,ANF
2023-02-01 13:50:00,28.555,28.555,28.55,28.55,708.0,ANF
2023-02-01 13:49:00,28.535,28.55,28.53,28.55,2968.0,ANF
2023-02-01 13:48:00,28.51,28.53,28.5,28.53,3594.0,ANF
2023-02-01 13:47:00,28.49,28.53,28.49,28.53,1000.0,ANF
2023-02-01 13:46:00,28.49,28.505,28.49,28.505,473.0,ANF
2023-02-01 13:45:00,28.45,28.51,28.45,28.5,2317.0,ANF
2023-02-01 13:44:00,28.34,28.435,28.34,28.435,4548.0,ANF
2023-02-01 13:43:00,28.36,28.36,28.34,28.34,1507.0,ANF
2023-02-01 13:42:00,28.29,28.375,28.29,28.375,4603.0,ANF
2023-02-01 13:41:00,28.29,28.31,28.29,28.29,1225.0,ANF
2023-02-01 13:40:00,28.305,28.305,28.29,28.29,483.0,ANF
2023-02-01 13:39:00,28.33,28.33,28.31,28.32,1889.0,ANF
2023-02-01 13:38:00,28.325,28.355,28.325,28.35,2770.0,ANF
2023-02-01 13:37:00,28.31,28.325,28.31,28.325,518.0,ANF
2023-02-01 13:36:00,28.335,28.335,28.31,28.31,1125.0,ANF
2023-02-01 13:35:00,28.385,28.385,28.33,28.33,1641.0,ANF
2023-02-01 13:34:00,28.385,28.395,28.37,28.38,1693.0,ANF
2023-02-01 13:33:00,28.4,28.405,28.39,28.39,1521.0,ANF
2023-02-01 13:32:00,28.42,28.42,28.395,28.42,1589.0,ANF
2023-02-01 13:31:00,28.43,28.45,28.43,28.44,5638.0,ANF
2023-02-01 13:30:00,28.43,28.43,28.4,28.415,1727.0,ANF
2023-02-01 13:29:00,28.465,28.465,28.43,28.43,3262.0,ANF
2023-02-01 13:28:00,28.465,28.465,28.45,28.465,527.0,ANF
2023-02-01 13:27:00,28.46,28.47,28.46,28.47,1102.0,ANF
2023-02-01 13:26:00,28.45,28.465,28.45,28.465,2257.0,ANF
2023-02-01 13:25:00,28.45,28.45,28.44,28.44,353.0,ANF
2023-02-01 13:24:00,28.44,28.44,28.44,28.44,1315.0,ANF
2023-02-01 13:23:00,28.43,28.43,28.4,28.43,3474.0,ANF
2023-02-01 13:22:00,28.38,28.44,28.38,28.44,3595.0,ANF
2023-02-01 13:21:00,28.395,28.395,28.38,28.395,1162.0,ANF
2023-02-01 13:20:00,28.39,28.395,28.37,28.395,1304.0,ANF
2023-02-01 13:19:00,28.435,28.435,28.39,28.39,2136.0,ANF
2023-02-01 13:18:00,28.45,28.45,28.43,28.4499,1397.0,ANF
2023-02-01 13:17:00,28.47,28.47,28.44,28.45,1817.0,ANF
2023-02-01 13:16:00,28.45,28.47,28.44,28.47,6834.0,ANF
2023-02-01 13:15:00,28.515,28.515,28.45,28.46,2601.0,ANF
2023-02-01 13:14:00,28.515,28.515,28.5,28.5,1325.0,ANF
2023-02-01 13:13:00,28.515,28.515,28.5,28.5,890.0,ANF
2023-02-01 13:12:00,28.515,28.515,28.51,28.515,707.0,ANF
2023-02-01 13:11:00,28.52,28.52,28.52,28.52,738.0,ANF
2023-02-01 13:10:00,28.54,28.55,28.53,28.54,1160.0,ANF
2023-02-01 13:09:00,28.52,28.56,28.52,28.54,5692.0,ANF
2023-02-01 13:08:00,28.46,28.5,28.45,28.5,10679.0,ANF
2023-02-01 13:07:00,28.455,28.455,28.45,28.45,319.0,ANF
2023-02-01 13:06:00,28.49,28.49,28.45,28.45,2111.0,ANF
2023-02-01 13:05:00,28.53,28.535,28.46,28.49,13792.0,ANF
2023-02-01 13:04:00,28.4892,28.53,28.4892,28.525,2853.0,ANF
2023-02-01 13:03:00,28.475,28.49,28.46,28.49,3931.0,ANF
2023-02-01 13:02:00,28.48,28.48,28.48,28.48,692.0,ANF
2023-02-01 13:01:00,28.49,28.49,28.48,28.49,671.0,ANF
2023-02-01 13:00:00,28.515,28.515,28.45,28.48,3649.0,ANF
2023-02-01 12:59:00,28.515,28.52,28.51,28.51,1957.0,ANF
2023-02-01 12:58:00,28.505,28.53,28.505,28.53,2687.0,ANF
2023-02-01 12:57:00,28.51,28.515,28.51,28.515,764.0,ANF
2023-02-01 12:56:00,28.51,28.525,28.51,28.515,2466.0,ANF
2023-02-01 12:55:00,28.5,28.5,28.48,28.48,340.0,ANF
2023-02-01 12:54:00,28.495,28.5,28.495,28.495,2025.0,ANF
2023-02-01 12:53:00,28.5,28.5,28.49,28.49,1185.0,ANF
2023-02-01 12:52:00,28.51,28.52,28.51,28.515,1925.0,ANF
2023-02-01 12:51:00,28.5,28.51,28.49,28.49,617.0,ANF
2023-02-01 12:50:00,28.505,28.53,28.5,28.525,3244.0,ANF
2023-02-01 12:49:00,28.5,28.53,28.5,28.53,415.0,ANF
2023-02-01 12:48:00,28.525,28.525,28.5,28.51,1431.0,ANF
2023-02-01 12:47:00,28.51,28.52,28.51,28.52,2124.0,ANF
2023-02-01 12:46:00,28.5,28.53,28.5,28.505,2160.0,ANF
2023-02-01 12:45:00,28.5,28.5,28.5,28.5,302.0,ANF
2023-02-01 12:44:00,28.47,28.49,28.47,28.49,770.0,ANF
2023-02-01 12:43:00,28.4914,28.5,28.49,28.49,566.0,ANF
2023-02-01 12:42:00,28.47,28.545,28.47,28.51,4236.0,ANF
2023-02-01 12:41:00,28.47,28.47,28.47,28.47,501.0,ANF
2023-02-01 12:40:00,28.48,28.48,28.45,28.47,2362.0,ANF
2023-02-01 12:39:00,28.48,28.48,28.47,28.48,930.0,ANF
2023-02-01 12:38:00,28.42,28.495,28.41,28.495,3866.0,ANF
2023-02-01 12:37:00,28.44,28.44,28.41,28.41,1118.0,ANF
2023-02-01 12:36:00,28.44,28.44,28.43,28.43,2033.0,ANF
2023-02-01 12:35:00,28.49,28.4948,28.45,28.45,2369.0,ANF
2023-02-01 12:34:00,28.5,28.5,28.49,28.49,1418.0,ANF
2023-02-01 12:33:00,28.515,28.515,28.515,28.515,309.0,ANF
2023-02-01 12:32:00,28.515,28.515,28.515,28.515,413.0,ANF
2023-02-01 12:31:00,28.46,28.5,28.46,28.5,2800.0,ANF
2023-02-01 12:30:00,28.42,28.45,28.42,28.45,1879.0,ANF
2023-02-01 12:29:00,28.4,28.43,28.4,28.43,2215.0,ANF
2023-02-01 12:28:00,28.395,28.395,28.395,28.395,402.0,ANF
2023-02-01 12:27:00,28.38,28.395,28.38,28.395,2099.0,ANF
2023-02-01 12:26:00,28.39,28.39,28.35,28.365,2644.0,ANF
2023-02-01 12:25:00,28.38,28.4,28.38,28.39,3182.0,ANF
2023-02-01 12:24:00,28.34,28.38,28.33,28.38,2893.0,ANF
2023-02-01 12:23:00,28.33,28.33,28.325,28.325,1563.0,ANF
2023-02-01 12:22:00,28.33,28.35,28.33,28.33,553.0,ANF
2023-02-01 12:21:00,28.35,28.35,28.35,28.35,114.0,ANF
2023-02-01 12:20:00,28.35,28.35,28.33,28.33,3648.0,ANF
2023-02-01 12:19:00,28.295,28.31,28.295,28.31,2175.0,ANF
2023-02-01 12:18:00,28.35,28.35,28.295,28.295,3439.0,ANF
2023-02-01 12:17:00,28.35,28.36,28.345,28.345,9013.0,ANF
2023-02-01 12:16:00,28.36,28.375,28.35,28.355,2327.0,ANF
2023-02-01 12:15:00,28.35,28.365,28.34,28.355,4569.0,ANF
2023-02-01 12:14:00,28.34,28.38,28.33,28.35,9829.0,ANF
2023-02-01 12:13:00,28.33,28.35,28.32,28.34,4547.0,ANF
2023-02-01 12:12:00,28.3075,28.34,28.295,28.33,3224.0,ANF
2023-02-01 12:11:00,28.295,28.3,28.29,28.3,1814.0,ANF
2023-02-01 12:10:00,28.27,28.3,28.27,28.295,3218.0,ANF
2023-02-01 12:09:00,28.335,28.335,28.27,28.28,2616.0,ANF
2023-02-01 12:08:00,28.375,28.375,28.335,28.335,1989.0,ANF
2023-02-01 12:07:00,28.39,28.39,28.37,28.375,1977.0,ANF
2023-02-01 12:06:00,28.36,28.415,28.36,28.41,6958.0,ANF
2023-02-01 12:05:00,28.3,28.37,28.3,28.3668,6302.0,ANF
2023-02-01 12:04:00,28.295,28.3,28.27,28.3,7266.0,ANF
2023-02-01 12:03:00,28.3,28.3,28.295,28.295,1128.0,ANF
2023-02-01 12:02:00,28.305,28.305,28.295,28.295,950.0,ANF
2023-02-01 12:01:00,28.3,28.305,28.3,28.305,717.0,ANF
2023-02-01 12:00:00,28.305,28.32,28.29,28.3,3285.0,ANF
2023-02-01 11:59:00,28.29,28.325,28.29,28.3,3770.0,ANF
2023-02-01 11:58:00,28.2701,28.31,28.2701,28.31,295.0,ANF
2023-02-01 11:57:00,28.3,28.3,28.29,28.29,2345.0,ANF
2023-02-01 11:56:00,28.3,28.31,28.29,28.295,2604.0,ANF
2023-02-01 11:55:00,28.33,28.34,28.285,28.295,3175.0,ANF
2023-02-01 11:54:00,28.355,28.355,28.34,28.35,902.0,ANF
2023-02-01 11:53:00,28.35,28.37,28.35,28.37,206.0,ANF
2023-02-01 11:52:00,28.36,28.36,28.35,28.35,1116.0,ANF
2023-02-01 11:51:00,28.345,28.365,28.34,28.365,3802.0,ANF
2023-02-01 11:50:00,28.34,28.36,28.34,28.345,2355.0,ANF
2023-02-01 11:49:00,28.35,28.37,28.35,28.36,2033.0,ANF
2023-02-01 11:48:00,28.35,28.36,28.35,28.36,2248.0,ANF
2023-02-01 11:47:00,28.35,28.355,28.35,28.355,575.0,ANF
2023-02-01 11:46:00,28.335,28.36,28.33,28.36,4061.0,ANF
2023-02-01 11:45:00,28.335,28.35,28.3254,28.335,1125.0,ANF
2023-02-01 11:44:00,28.365,28.365,28.33,28.33,1881.0,ANF
2023-02-01 11:43:00,28.365,28.365,28.365,28.365,1388.0,ANF
2023-02-01 11:42:00,28.36,28.38,28.35,28.38,1120.0,ANF
2023-02-01 11:41:00,28.3,28.37,28.285,28.37,6959.0,ANF
2023-02-01 11:40:00,28.29,28.3,28.29,28.3,3505.0,ANF
2023-02-01 11:39:00,28.3,28.32,28.28,28.3,11933.0,ANF
2023-02-01 11:38:00,28.3,28.31,28.285,28.3,3628.0,ANF
2023-02-01 11:37:00,28.32,28.32,28.295,28.3,1662.0,ANF
2023-02-01 11:36:00,28.29,28.32,28.28,28.32,11618.0,ANF
2023-02-01 11:35:00,28.31,28.4,28.26,28.26,5835.0,ANF
2023-02-01 11:34:00,28.4,28.41,28.3,28.325,16169.0,ANF
2023-02-01 11:33:00,28.42,28.42,28.4,28.4,4312.0,ANF
2023-02-01 11:32:00,28.395,28.44,28.38,28.435,8270.0,ANF
2023-02-01 11:31:00,28.4,28.405,28.39,28.39,3151.0,ANF
2023-02-01 11:30:00,28.4,28.42,28.385,28.415,4187.0,ANF
2023-02-01 11:29:00,28.45,28.45,28.39,28.4,3415.0,ANF
2023-02-01 11:28:00,28.47,28.47,28.445,28.45,4339.0,ANF
2023-02-01 11:27:00,28.445,28.46,28.44,28.46,3681.0,ANF
2023-02-01 11:26:00,28.45,28.46,28.41,28.46,8422.0,ANF
2023-02-01 11:25:00,28.5,28.5,28.45,28.45,4223.0,ANF
2023-02-01 11:24:00,28.505,28.51,28.49,28.495,2180.0,ANF
2023-02-01 11:23:00,28.49,28.52,28.47,28.52,5528.0,ANF
2023-02-01 11:22:00,28.49,28.495,28.485,28.49,1948.0,ANF
2023-02-01 11:21:00,28.485,28.49,28.485,28.485,1895.0,ANF
2023-02-01 11:20:00,28.49,28.49,28.46,28.485,4973.0,ANF
2023-02-01 11:19:00,28.48,28.5,28.48,28.49,3661.0,ANF
2023-02-01 11:18:00,28.47,28.5,28.465,28.48,4135.0,ANF
2023-02-01 11:17:00,28.47,28.485,28.46,28.46,1549.0,ANF
2023-02-01 11:16:00,28.5,28.5,28.48,28.4925,7145.0,ANF
2023-02-01 11:15:00,28.505,28.525,28.5,28.5,3541.0,ANF
2023-02-01 11:14:00,28.5059,28.535,28.495,28.5,4150.0,ANF
2023-02-01 11:13:00,28.495,28.52,28.49,28.49,3880.0,ANF
2023-02-01 11:12:00,28.49,28.515,28.455,28.495,13205.0,ANF
2023-02-01 11:11:00,28.51,28.51,28.49,28.49,1061.0,ANF
2023-02-01 11:10:00,28.59,28.59,28.51,28.51,3707.0,ANF
2023-02-01 11:09:00,28.64,28.64,28.62,28.62,1587.0,ANF
2023-02-01 11:08:00,28.64,28.64,28.64,28.64,152.0,ANF
2023-02-01 11:07:00,28.62,28.65,28.62,28.65,611.0,ANF
2023-02-01 11:06:00,28.62,28.62,28.62,28.62,657.0,ANF
2023-02-01 11:05:00,28.6,28.61,28.59,28.59,1734.0,ANF
2023-02-01 11:04:00,28.57,28.605,28.57,28.605,4543.0,ANF
2023-02-01 11:02:00,28.55,28.56,28.545,28.555,1727.0,ANF
2023-02-01 11:01:00,28.55,28.56,28.54,28.56,1896.0,ANF
2023-02-01 11:00:00,28.505,28.55,28.49,28.55,15837.0,ANF
2023-02-01 10:59:00,28.534,28.534,28.53,28.53,1774.0,ANF
2023-02-01 10:58:00,28.53,28.54,28.525,28.535,1475.0,ANF
2023-02-01 10:57:00,28.5,28.52,28.49,28.52,1983.0,ANF
2023-02-01 10:56:00,28.515,28.515,28.48,28.485,27937.0,ANF
2023-02-01 10:55:00,28.525,28.525,28.51,28.52,881.0,ANF
2023-02-01 10:54:00,28.52,28.54,28.51,28.525,15501.0,ANF
2023-02-01 10:53:00,28.5,28.52,28.5,28.51,9300.0,ANF
2023-02-01 10:52:00,28.5,28.52,28.5,28.52,965.0,ANF
2023-02-01 10:51:00,28.54,28.57,28.535,28.55,5089.0,ANF
2023-02-01 10:50:00,28.53,28.54,28.49,28.54,5891.0,ANF
2023-02-01 10:49:00,28.53,28.53,28.53,28.53,317.0,ANF
2023-02-01 10:48:00,28.53,28.53,28.52,28.53,923.0,ANF
2023-02-01 10:47:00,28.545,28.55,28.54,28.54,807.0,ANF
2023-02-01 10:46:00,28.5101,28.545,28.495,28.545,4005.0,ANF
2023-02-01 10:45:00,28.51,28.51,28.5,28.5,2370.0,ANF
2023-02-01 10:44:00,28.55,28.55,28.53,28.53,1229.0,ANF
2023-02-01 10:43:00,28.53,28.59,28.512,28.575,3253.0,ANF
2023-02-01 10:42:00,28.54,28.57,28.535,28.535,1694.0,ANF
2023-02-01 10:41:00,28.51,28.56,28.51,28.555,1669.0,ANF
2023-02-01 10:40:00,28.495,28.5,28.495,28.5,620.0,ANF
2023-02-01 10:39:00,28.47,28.5,28.47,28.495,2299.0,ANF
2023-02-01 10:38:00,28.47,28.47,28.47,28.47,235.0,ANF
2023-02-01 10:37:00,28.44,28.47,28.44,28.46,3038.0,ANF
2023-02-01 10:36:00,28.44,28.465,28.44,28.445,1234.0,ANF
2023-02-01 10:35:00,28.41,28.43,28.4,28.41,2542.0,ANF
2023-02-01 10:34:00,28.36,28.4,28.31,28.4,5634.0,ANF
2023-02-01 10:33:00,28.44,28.44,28.36,28.36,1108.0,ANF
2023-02-01 10:32:00,28.47,28.47,28.44,28.44,2392.0,ANF
2023-02-01 10:31:00,28.49,28.49,28.49,28.49,660.0,ANF
2023-02-01 10:30:00,28.49,28.49,28.49,28.49,628.0,ANF
2023-02-01 10:29:00,28.47,28.49,28.46,28.49,2311.0,ANF
2023-02-01 10:28:00,28.48,28.49,28.44,28.44,1018.0,ANF
2023-02-01 10:27:00,28.48,28.48,28.48,28.48,403.0,ANF
2023-02-01 10:26:00,28.475,28.48,28.45,28.48,574.0,ANF
2023-02-01 10:25:00,28.415,28.48,28.415,28.48,2333.0,ANF
2023-02-01 10:24:00,28.39,28.44,28.39,28.43,2603.0,ANF
2023-02-01 10:23:00,28.4261,28.4261,28.4,28.4,1086.0,ANF
2023-02-01 10:22:00,28.33,28.4,28.325,28.4,2402.0,ANF
2023-02-01 10:21:00,28.32,28.33,28.32,28.33,776.0,ANF
2023-02-01 10:20:00,28.3,28.3,28.299,28.3,1345.0,ANF
2023-02-01 10:19:00,28.24,28.29,28.24,28.29,1615.0,ANF
2023-02-01 10:18:00,28.18,28.25,28.18,28.24,3385.0,ANF
2023-02-01 10:17:00,28.3,28.3,28.18,28.22,2216.0,ANF
2023-02-01 10:16:00,28.33,28.3599,28.3,28.3,1325.0,ANF
2023-02-01 10:15:00,28.5,28.5522,28.31,28.35,67786.0,ANF
2023-02-01 10:14:00,28.54,28.54,28.535,28.535,533.0,ANF
2023-02-01 10:13:00,28.58,28.6,28.58,28.59,1164.0,ANF
2023-02-01 10:12:00,28.6399,28.6399,28.55,28.55,1317.0,ANF
2023-02-01 10:11:00,28.63,28.665,28.63,28.63,1078.0,ANF
2023-02-01 10:10:00,28.65,28.65,28.64,28.64,915.0,ANF
2023-02-01 10:09:00,28.685,28.685,28.685,28.685,350.0,ANF
2023-02-01 10:08:00,28.67,28.67,28.67,28.67,384.0,ANF
2023-02-01 10:07:00,28.685,28.69,28.685,28.685,697.0,ANF
2023-02-01 10:06:00,28.67,28.7,28.66,28.675,1380.0,ANF
2023-02-01 10:05:00,28.605,28.64,28.605,28.63,2441.0,ANF
2023-02-01 10:04:00,28.645,28.645,28.55,28.6,2533.0,ANF
2023-02-01 10:03:00,28.665,28.67,28.63,28.63,618.0,ANF
2023-02-01 10:02:00,28.655,28.665,28.655,28.665,636.0,ANF
2023-02-01 10:01:00,28.69,28.74,28.61,28.665,5690.0,ANF
2023-02-01 10:00:00,28.705,28.73,28.705,28.73,619.0,ANF
2023-02-01 09:59:00,28.715,28.715,28.705,28.705,325.0,ANF
2023-02-01 09:57:00,28.73,28.73,28.72,28.72,431.0,ANF
2023-02-01 09:56:00,28.7687,28.78,28.75,28.78,359.0,ANF
2023-02-01 09:55:00,28.665,28.73,28.665,28.73,1032.0,ANF
2023-02-01 09:54:00,28.69,28.69,28.675,28.675,578.0,ANF
2023-02-01 09:53:00,28.65,28.65,28.64,28.64,233.0,ANF
2023-02-01 09:52:00,28.575,28.63,28.54,28.63,2871.0,ANF
2023-02-01 09:51:00,28.58,28.58,28.58,28.58,185.0,ANF
2023-02-01 09:50:00,28.515,28.57,28.5,28.53,2722.0,ANF
2023-02-01 09:48:00,28.55,28.55,28.515,28.515,527.0,ANF
2023-02-01 09:47:00,28.47,28.54,28.47,28.52,2402.0,ANF
2023-02-01 09:46:00,28.46,28.46,28.375,28.44,1543.0,ANF
2023-02-01 09:45:00,28.5,28.515,28.5,28.5,456.0,ANF
2023-02-01 09:44:00,28.62,28.625,28.55,28.55,1620.0,ANF
2023-02-01 09:42:00,28.645,28.645,28.62,28.62,324.0,ANF
2023-02-01 09:41:00,28.58,28.6,28.58,28.6,723.0,ANF
2023-02-01 09:40:00,28.68,28.68,28.625,28.625,2100.0,ANF
2023-02-01 09:39:00,28.635,28.635,28.635,28.635,318.0,ANF
2023-02-01 09:38:00,28.595,28.6039,28.595,28.6039,1104.0,ANF
2023-02-01 09:37:00,28.55,28.635,28.545,28.6303,4311.0,ANF
2023-02-01 09:36:00,28.61,28.61,28.56,28.56,2342.0,ANF
2023-02-01 09:35:00,28.63,28.66,28.61,28.61,1731.0,ANF
2023-02-01 09:34:00,28.63,28.7,28.63,28.7,2793.0,ANF
2023-02-01 09:33:00,28.755,28.755,28.635,28.635,2319.0,ANF
2023-02-01 09:32:00,28.785,28.785,28.67,28.67,334.0,ANF
2023-02-01 09:31:00,28.77,28.82,28.69,28.69,6366.0,ANF
2023-02-01 08:54:00,29.04,29.04,29.04,29.04,100.0,ANF
2023-01-31 19:07:00,28.51,28.51,28.51,28.51,100.0,ANF
2023-01-31 16:53:00,28.8,28.8,28.8,28.8,150.0,ANF
2023-01-31 16:05:00,28.96,28.96,28.96,28.96,2024.0,ANF
2023-01-31 16:03:00,28.96,28.96,28.96,28.96,4453.0,ANF
2023-01-31 16:01:00,28.96,28.96,28.96,28.96,191392.0,ANF
2023-01-31 16:00:00,28.925,28.99,28.925,28.99,72163.0,ANF
2023-01-31 15:59:00,28.955,28.96,28.9,28.925,58747.0,ANF
2023-01-31 15:58:00,28.895,28.96,28.895,28.955,37336.0,ANF
2023-01-31 15:57:00,28.905,28.91,28.885,28.89,30002.0,ANF
2023-01-31 15:56:00,28.92,28.93,28.865,28.905,26556.0,ANF
2023-01-31 15:55:00,28.915,28.93,28.875,28.91,22723.0,ANF
2023-01-31 15:54:00,28.905,28.92,28.9,28.915,13835.0,ANF
2023-01-31 15:53:00,28.905,28.92,28.9,28.905,17492.0,ANF
2023-01-31 15:52:00,28.885,28.91,28.875,28.9,20482.0,ANF
2023-01-31 15:51:00,28.78,28.89,28.78,28.885,19987.0,ANF
2023-01-31 15:50:00,28.83,28.83,28.75,28.775,50802.0,ANF
2023-01-31 15:49:00,28.875,28.875,28.82,28.835,20043.0,ANF
2023-01-31 15:48:00,28.865,28.88,28.8631,28.875,6111.0,ANF
2023-01-31 15:47:00,28.86,28.865,28.845,28.865,7329.0,ANF
2023-01-31 15:46:00,28.865,28.87,28.84,28.87,14560.0,ANF
2023-01-31 15:45:00,28.865,28.87,28.8614,28.8614,5395.0,ANF
2023-01-31 15:44:00,28.835,28.87,28.835,28.87,16534.0,ANF
2023-01-31 15:43:00,28.815,28.84,28.815,28.84,16699.0,ANF
2023-01-31 15:42:00,28.815,28.82,28.795,28.815,27880.0,ANF
2023-01-31 15:41:00,28.805,28.815,28.8,28.815,6532.0,ANF
2023-01-31 15:40:00,28.805,28.81,28.805,28.805,4540.0,ANF
2023-01-31 15:39:00,28.83,28.835,28.805,28.805,10465.0,ANF
2023-01-31 15:38:00,28.83,28.84,28.82,28.835,9114.0,ANF
2023-01-31 15:37:00,28.785,28.83,28.785,28.82,4822.0,ANF
2023-01-31 15:36:00,28.76,28.785,28.76,28.775,6596.0,ANF
2023-01-31 15:35:00,28.725,28.75,28.725,28.75,4557.0,ANF
2023-01-31 15:34:00,28.715,28.73,28.71,28.725,4812.0,ANF
2023-01-31 15:33:00,28.715,28.72,28.7,28.715,7099.0,ANF
2023-01-31 15:32:00,28.685,28.715,28.685,28.715,11114.0,ANF
2023-01-31 15:31:00,28.745,28.755,28.6875,28.69,10572.0,ANF
2023-01-31 15:30:00,28.765,28.765,28.74,28.745,5692.0,ANF
2023-01-31 15:29:00,28.77,28.77,28.765,28.765,2453.0,ANF
2023-01-31 15:28:00,28.79,28.79,28.765,28.77,8893.0,ANF
2023-01-31 15:27:00,28.785,28.79,28.78,28.785,2271.0,ANF
2023-01-31 15:26:00,28.765,28.785,28.765,28.785,4698.0,ANF
2023-01-31 15:25:00,28.765,28.77,28.745,28.765,6930.0,ANF
2023-01-31 15:24:00,28.75,28.77,28.75,28.765,2750.0,ANF
2023-01-31 15:23:00,28.755,28.76,28.745,28.75,3780.0,ANF
2023-01-31 15:22:00,28.77,28.79,28.755,28.755,10665.0,ANF
2023-01-31 15:21:00,28.765,28.78,28.765,28.775,5341.0,ANF
2023-01-31 15:20:00,28.755,28.765,28.755,28.765,3252.0,ANF
2023-01-31 15:19:00,28.745,28.755,28.745,28.755,4797.0,ANF
2023-01-31 15:18:00,28.735,28.755,28.73,28.745,8749.0,ANF
2023-01-31 15:17:00,28.725,28.73,28.725,28.73,1989.0,ANF
2023-01-31 15:16:00,28.74,28.74,28.72,28.73,10939.0,ANF
2023-01-31 15:15:00,28.77,28.775,28.73,28.73,16698.0,ANF
2023-01-31 15:14:00,28.75,28.785,28.75,28.765,10203.0,ANF
2023-01-31 15:13:00,28.73,28.745,28.73,28.745,2199.0,ANF
2023-01-31 15:12:00,28.725,28.745,28.725,28.74,2784.0,ANF
2023-01-31 15:11:00,28.76,28.76,28.715,28.725,8462.0,ANF
2023-01-31 15:10:00,28.74,28.76,28.735,28.76,7196.0,ANF
2023-01-31 15:09:00,28.715,28.74,28.715,28.735,3298.0,ANF
2023-01-31 15:08:00,28.715,28.72,28.71,28.72,1755.0,ANF
2023-01-31 15:07:00,28.7,28.715,28.7,28.715,1404.0,ANF
2023-01-31 15:06:00,28.67,28.695,28.665,28.695,2262.0,ANF
2023-01-31 15:05:00,28.68,28.685,28.665,28.675,4941.0,ANF
2023-01-31 15:04:00,28.66,28.69,28.655,28.69,6745.0,ANF
2023-01-31 15:03:00,28.66,28.665,28.66,28.665,853.0,ANF
2023-01-31 15:02:00,28.635,28.655,28.633,28.655,4293.0,ANF
2023-01-31 15:01:00,28.655,28.655,28.63,28.635,10184.0,ANF
2023-01-31 15:00:00,28.65,28.66,28.65,28.66,1402.0,ANF
2023-01-31 14:59:00,28.64,28.66,28.64,28.66,1095.0,ANF
2023-01-31 14:58:00,28.635,28.64,28.635,28.64,1060.0,ANF
2023-01-31 14:57:00,28.64,28.65,28.635,28.635,1757.0,ANF
2023-01-31 14:56:00,28.665,28.675,28.65,28.66,8323.0,ANF
2023-01-31 14:55:00,28.655,28.67,28.655,28.665,1886.0,ANF
2023-01-31 14:54:00,28.64,28.66,28.63,28.655,5828.0,ANF
2023-01-31 14:53:00,28.64,28.64,28.64,28.64,143.0,ANF
2023-01-31 14:52:00,28.66,28.665,28.64,28.645,4886.0,ANF
2023-01-31 14:51:00,28.66,28.66,28.65,28.65,868.0,ANF
2023-01-31 14:50:00,28.72,28.72,28.66,28.66,7465.0,ANF
2023-01-31 14:49:00,28.7,28.72,28.695,28.72,1790.0,ANF
2023-01-31 14:48:00,28.67,28.7,28.67,28.7,1473.0,ANF
2023-01-31 14:47:00,28.651,28.67,28.65,28.67,1765.0,ANF
2023-01-31 14:46:00,28.66,28.66,28.65,28.655,1031.0,ANF
2023-01-31 14:45:00,28.62,28.675,28.62,28.67,2383.0,ANF
2023-01-31 14:44:00,28.655,28.655,28.62,28.62,1077.0,ANF
2023-01-31 14:43:00,28.67,28.68,28.655,28.655,10871.0,ANF
2023-01-31 14:42:00,28.66,28.67,28.655,28.67,1553.0,ANF
2023-01-31 14:41:00,28.66,28.66,28.66,28.66,980.0,ANF
2023-01-31 14:40:00,28.65,28.65,28.65,28.65,374.0,ANF
2023-01-31 14:39:00,28.65,28.65,28.65,28.65,478.0,ANF
2023-01-31 14:38:00,28.625,28.65,28.625,28.65,1982.0,ANF
2023-01-31 14:37:00,28.625,28.625,28.625,28.625,630.0,ANF
2023-01-31 14:36:00,28.625,28.635,28.625,28.635,505.0,ANF
2023-01-31 14:35:00,28.62,28.635,28.61,28.625,2944.0,ANF
2023-01-31 14:34:00,28.63,28.63,28.62,28.63,469.0,ANF
2023-01-31 14:33:00,28.655,28.655,28.63,28.63,3403.0,ANF
2023-01-31 14:32:00,28.63,28.65,28.63,28.65,3231.0,ANF
2023-01-31 14:31:00,28.66,28.66,28.64,28.64,1921.0,ANF
2023-01-31 14:30:00,28.7,28.7,28.67,28.67,7915.0,ANF
2023-01-31 14:29:00,28.665,28.7,28.665,28.7,2532.0,ANF
2023-01-31 14:28:00,28.62,28.67,28.62,28.67,3197.0,ANF
2023-01-31 14:27:00,28.61,28.61,28.61,28.61,2134.0,ANF
2023-01-31 14:26:00,28.6,28.62,28.6,28.62,1871.0,ANF
2023-01-31 14:25:00,28.57,28.595,28.565,28.595,2856.0,ANF
2023-01-31 14:24:00,28.56,28.57,28.5475,28.57,5027.0,ANF
2023-01-31 14:23:00,28.665,28.665,28.5501,28.56,8693.0,ANF
2023-01-31 14:22:00,28.67,28.685,28.63,28.665,17996.0,ANF
2023-01-31 14:21:00,28.665,28.68,28.665,28.675,3687.0,ANF
2023-01-31 14:20:00,28.665,28.665,28.665,28.665,998.0,ANF
2023-01-31 14:19:00,28.67,28.67,28.66,28.66,1852.0,ANF
2023-01-31 14:18:00,28.66,28.695,28.66,28.67,9805.0,ANF
2023-01-31 14:17:00,28.65,28.66,28.64,28.65,5026.0,ANF
2023-01-31 14:16:00,28.62,28.65,28.62,28.65,3137.0,ANF
2023-01-31 14:15:00,28.605,28.62,28.59,28.61,7104.0,ANF
2023-01-31 14:14:00,28.605,28.605,28.59,28.59,1470.0,ANF
2023-01-31 14:13:00,28.6,28.61,28.585,28.6,2782.0,ANF
2023-01-31 14:12:00,28.575,28.62,28.575,28.59,5516.0,ANF
2023-01-31 14:11:00,28.575,28.575,28.57,28.575,1523.0,ANF
2023-01-31 14:10:00,28.595,28.6,28.565,28.58,3896.0,ANF
2023-01-31 14:09:00,28.6,28.605,28.59,28.595,5450.0,ANF
2023-01-31 14:08:00,28.595,28.6,28.595,28.595,878.0,ANF
2023-01-31 14:07:00,28.61,28.61,28.595,28.595,1697.0,ANF
2023-01-31 14:06:00,28.6,28.6,28.587,28.587,3215.0,ANF
2023-01-31 14:05:00,28.59,28.61,28.58,28.61,7089.0,ANF
2023-01-31 14:04:00,28.62,28.62,28.6,28.6,2380.0,ANF
2023-01-31 14:03:00,28.625,28.6304,28.62,28.62,2064.0,ANF
2023-01-31 14:02:00,28.67,28.68,28.63,28.63,10339.0,ANF
2023-01-31 14:01:00,28.65,28.67,28.645,28.67,2818.0,ANF
2023-01-31 14:00:00,28.6,28.65,28.6,28.65,2435.0,ANF
2023-01-31 13:59:00,28.57,28.61,28.57,28.605,2719.0,ANF
2023-01-31 13:58:00,28.58,28.5934,28.56,28.5692,4859.0,ANF
2023-01-31 13:57:00,28.59,28.595,28.57,28.58,5095.0,ANF
2023-01-31 13:56:00,28.56,28.585,28.54,28.585,12882.0,ANF
2023-01-31 13:55:00,28.56,28.57,28.55,28.56,4860.0,ANF
2023-01-31 13:54:00,28.545,28.555,28.545,28.5548,1080.0,ANF
2023-01-31 13:53:00,28.54,28.57,28.54,28.55,8944.0,ANF
2023-01-31 13:52:00,28.54,28.54,28.51,28.53,5864.0,ANF
2023-01-31 13:51:00,28.53,28.555,28.53,28.545,1837.0,ANF
2023-01-31 13:50:00,28.525,28.53,28.515,28.52,5638.0,ANF
2023-01-31 13:49:00,28.56,28.56,28.51,28.52,11071.0,ANF
2023-01-31 13:48:00,28.49,28.56,28.49,28.56,12466.0,ANF
2023-01-31 13:47:00,28.49,28.49,28.485,28.49,3230.0,ANF
2023-01-31 13:46:00,28.41,28.49,28.41,28.49,7750.0,ANF
2023-01-31 13:45:00,28.395,28.41,28.395,28.41,2276.0,ANF
2023-01-31 13:44:00,28.4,28.4,28.395,28.395,2423.0,ANF
2023-01-31 13:43:00,28.4,28.4,28.38,28.4,11129.0,ANF
2023-01-31 13:42:00,28.38,28.395,28.38,28.395,3069.0,ANF
2023-01-31 13:41:00,28.32,28.375,28.32,28.375,7859.0,ANF
2023-01-31 13:40:00,28.27,28.32,28.27,28.32,3127.0,ANF
2023-01-31 13:39:00,28.25,28.26,28.25,28.26,1539.0,ANF
2023-01-31 13:38:00,28.255,28.27,28.255,28.26,4355.0,ANF
2023-01-31 13:37:00,28.34,28.34,28.247,28.25,4268.0,ANF
2023-01-31 13:36:00,28.355,28.355,28.34,28.3425,2192.0,ANF
2023-01-31 13:35:00,28.37,28.37,28.35,28.355,4539.0,ANF
2023-01-31 13:34:00,28.36,28.37,28.355,28.37,2944.0,ANF
2023-01-31 13:33:00,28.36,28.365,28.36,28.36,3273.0,ANF
2023-01-31 13:32:00,28.38,28.38,28.37,28.37,1432.0,ANF
2023-01-31 13:31:00,28.41,28.41,28.38,28.385,5180.0,ANF
2023-01-31 13:30:00,28.41,28.41,28.4,28.41,3188.0,ANF
2023-01-31 13:29:00,28.41,28.41,28.405,28.405,267.0,ANF
2023-01-31 13:28:00,28.41,28.42,28.405,28.41,1875.0,ANF
2023-01-31 13:27:00,28.41,28.41,28.39,28.4,2070.0,ANF
2023-01-31 13:26:00,28.42,28.44,28.41,28.42,7592.0,ANF
2023-01-31 13:25:00,28.39,28.43,28.39,28.43,2410.0,ANF
2023-01-31 13:24:00,28.4,28.41,28.38,28.39,2927.0,ANF
2023-01-31 13:23:00,28.41,28.41,28.41,28.41,235.0,ANF
2023-01-31 13:22:00,28.33,28.41,28.33,28.4,5211.0,ANF
2023-01-31 13:21:00,28.32,28.33,28.31,28.32,2685.0,ANF
2023-01-31 13:20:00,28.33,28.33,28.3,28.305,6013.0,ANF
2023-01-31 13:19:00,28.34,28.34,28.34,28.34,399.0,ANF
2023-01-31 13:18:00,28.33,28.34,28.33,28.34,928.0,ANF
2023-01-31 13:17:00,28.335,28.35,28.3218,28.34,2360.0,ANF
2023-01-31 13:16:00,28.33,28.33,28.33,28.33,169.0,ANF
2023-01-31 13:15:00,28.34,28.34,28.33,28.33,2050.0,ANF
2023-01-31 13:14:00,28.35,28.36,28.34,28.34,2493.0,ANF
2023-01-31 13:13:00,28.33,28.34,28.33,28.34,1534.0,ANF
2023-01-31 13:12:00,28.335,28.34,28.335,28.34,584.0,ANF
2023-01-31 13:11:00,28.33,28.33,28.325,28.33,1784.0,ANF
2023-01-31 13:10:00,28.33,28.33,28.33,28.33,395.0,ANF
2023-01-31 13:09:00,28.33,28.33,28.33,28.33,537.0,ANF
2023-01-31 13:08:00,28.335,28.34,28.32,28.33,1950.0,ANF
2023-01-31 13:07:00,28.34,28.34,28.33,28.33,1364.0,ANF
2023-01-31 13:06:00,28.36,28.36,28.32,28.35,2052.0,ANF
2023-01-31 13:05:00,28.38,28.38,28.345,28.35,4552.0,ANF
2023-01-31 13:04:00,28.37,28.37,28.36,28.37,949.0,ANF
2023-01-31 13:03:00,28.33,28.35,28.33,28.35,2122.0,ANF
2023-01-31 13:02:00,28.31,28.36,28.31,28.34,5643.0,ANF
2023-01-31 13:01:00,28.29,28.305,28.29,28.305,2019.0,ANF
2023-01-31 13:00:00,28.29,28.29,28.28,28.29,2914.0,ANF
2023-01-31 12:59:00,28.25,28.29,28.25,28.29,4254.0,ANF
2023-01-31 12:58:00,28.24,28.25,28.24,28.25,749.0,ANF
2023-01-31 12:57:00,28.25,28.25,28.23,28.23,312.0,ANF
2023-01-31 12:56:00,28.23,28.23,28.23,28.23,172.0,ANF
2023-01-31 12:55:00,28.22,28.22,28.22,28.22,816.0,ANF
2023-01-31 12:54:00,28.195,28.2174,28.195,28.2174,1410.0,ANF
2023-01-31 12:52:00,28.19,28.21,28.19,28.19,1921.0,ANF
2023-01-31 12:51:00,28.185,28.19,28.185,28.19,446.0,ANF
2023-01-31 12:50:00,28.195,28.195,28.19,28.19,1031.0,ANF
2023-01-31 12:49:00,28.195,28.195,28.195,28.195,388.0,ANF
2023-01-31 12:48:00,28.2,28.2,28.19,28.19,1363.0,ANF
2023-01-31 12:47:00,28.21,28.21,28.19,28.19,618.0,ANF
2023-01-31 12:46:00,28.23,28.23,28.22,28.22,1469.0,ANF
2023-01-31 12:45:00,28.23,28.23,28.23,28.23,565.0,ANF
2023-01-31 12:44:00,28.24,28.25,28.23,28.23,3624.0,ANF
2023-01-31 12:43:00,28.2212,28.24,28.2212,28.24,1221.0,ANF
2023-01-31 12:42:00,28.225,28.225,28.225,28.225,144.0,ANF
2023-01-31 12:41:00,28.22,28.225,28.22,28.22,1511.0,ANF
2023-01-31 12:40:00,28.21,28.21,28.21,28.21,391.0,ANF
2023-01-31 12:39:00,28.225,28.225,28.205,28.2177,1275.0,ANF
2023-01-31 12:38:00,28.22,28.23,28.22,28.22,641.0,ANF
2023-01-31 12:37:00,28.24,28.24,28.225,28.23,1294.0,ANF
2023-01-31 12:36:00,28.275,28.275,28.2434,28.25,3580.0,ANF
2023-01-31 12:35:00,28.27,28.275,28.27,28.275,397.0,ANF
2023-01-31 12:34:00,28.265,28.27,28.26,28.27,1401.0,ANF
2023-01-31 12:33:00,28.27,28.27,28.265,28.265,1109.0,ANF
2023-01-31 12:32:00,28.28,28.28,28.27,28.27,579.0,ANF
2023-01-31 12:31:00,28.32,28.32,28.29,28.29,2642.0,ANF
2023-01-31 12:30:00,28.32,28.34,28.32,28.34,818.0,ANF
2023-01-31 12:29:00,28.315,28.33,28.315,28.32,2232.0,ANF
2023-01-31 12:28:00,28.33,28.33,28.31,28.3169,1698.0,ANF
2023-01-31 12:27:00,28.32,28.33,28.32,28.33,1012.0,ANF
2023-01-31 12:26:00,28.3,28.31,28.295,28.3,1876.0,ANF
2023-01-31 12:25:00,28.26,28.3,28.25,28.3,1434.0,ANF
2023-01-31 12:24:00,28.25,28.25,28.25,28.25,426.0,ANF
2023-01-31 12:23:00,28.24,28.24,28.24,28.24,970.0,ANF
2023-01-31 12:22:00,28.23,28.235,28.225,28.225,1405.0,ANF
2023-01-31 12:21:00,28.24,28.24,28.225,28.23,1100.0,ANF
2023-01-31 12:20:00,28.25,28.25,28.24,28.24,1220.0,ANF
2023-01-31 12:19:00,28.26,28.265,28.24,28.24,2412.0,ANF
2023-01-31 12:18:00,28.28,28.28,28.27,28.27,859.0,ANF
2023-01-31 12:17:00,28.264,28.27,28.264,28.27,284.0,ANF
2023-01-31 12:16:00,28.27,28.27,28.27,28.27,1213.0,ANF
2023-01-31 12:15:00,28.265,28.265,28.265,28.265,113.0,ANF
2023-01-31 12:14:00,28.23,28.26,28.23,28.26,966.0,ANF
2023-01-31 12:13:00,28.2,28.2292,28.195,28.2292,2076.0,ANF
2023-01-31 12:12:00,28.21,28.21,28.21,28.21,482.0,ANF
2023-01-31 12:11:00,28.21,28.21,28.2,28.2,3381.0,ANF
2023-01-31 12:10:00,28.21,28.22,28.21,28.22,1197.0,ANF
2023-01-31 12:09:00,28.205,28.205,28.18,28.1914,2890.0,ANF
2023-01-31 12:08:00,28.2,28.205,28.19,28.205,578.0,ANF
2023-01-31 12:07:00,28.22,28.22,28.2,28.2,3503.0,ANF
2023-01-31 12:06:00,28.24,28.25,28.2,28.2,2944.0,ANF
2023-01-31 12:05:00,28.29,28.29,28.24,28.24,2628.0,ANF
2023-01-31 12:04:00,28.25,28.29,28.25,28.29,537.0,ANF
2023-01-31 12:03:00,28.24,28.25,28.24,28.25,325.0,ANF
2023-01-31 12:02:00,28.27,28.27,28.24,28.24,2024.0,ANF
2023-01-31 12:01:00,28.28,28.28,28.275,28.28,1603.0,ANF
2023-01-31 12:00:00,28.292,28.3,28.29,28.29,1029.0,ANF
2023-01-31 11:59:00,28.31,28.31,28.29,28.29,1173.0,ANF
2023-01-31 11:58:00,28.32,28.32,28.32,28.32,1932.0,ANF
2023-01-31 11:57:00,28.295,28.32,28.295,28.32,1715.0,ANF
2023-01-31 11:56:00,28.265,28.29,28.265,28.29,646.0,ANF
2023-01-31 11:55:00,28.24,28.26,28.24,28.26,1818.0,ANF
2023-01-31 11:53:00,28.21,28.23,28.21,28.22,764.0,ANF
2023-01-31 11:52:00,28.2,28.21,28.195,28.2,3057.0,ANF
2023-01-31 11:51:00,28.18,28.19,28.18,28.19,1172.0,ANF
2023-01-31 11:50:00,28.27,28.27,28.17,28.17,9524.0,ANF
2023-01-31 11:49:00,28.27,28.27,28.27,28.27,944.0,ANF
2023-01-31 11:47:00,28.31,28.32,28.28,28.28,1523.0,ANF
2023-01-31 11:46:00,28.27,28.33,28.27,28.33,4100.0,ANF
2023-01-31 11:45:00,28.3,28.3,28.29,28.29,2267.0,ANF
2023-01-31 11:44:00,28.33,28.33,28.3,28.3008,3344.0,ANF
2023-01-31 11:43:00,28.25,28.31,28.25,28.31,2483.0,ANF
2023-01-31 11:42:00,28.22,28.24,28.22,28.24,647.0,ANF
2023-01-31 11:41:00,28.155,28.19,28.155,28.18,2165.0,ANF
2023-01-31 11:40:00,28.15,28.15,28.13,28.145,1340.0,ANF
2023-01-31 11:39:00,28.155,28.155,28.155,28.155,801.0,ANF
2023-01-31 11:38:00,28.205,28.205,28.2,28.2,625.0,ANF
2023-01-31 11:37:00,28.24,28.24,28.2,28.2,1934.0,ANF
2023-01-31 11:36:00,28.245,28.245,28.245,28.245,237.0,ANF
2023-01-31 11:35:00,28.24,28.255,28.235,28.24,2369.0,ANF
2023-01-31 11:34:00,28.25,28.25,28.25,28.25,648.0,ANF
2023-01-31 11:33:00,28.22,28.265,28.2,28.265,2960.0,ANF
2023-01-31 11:32:00,28.235,28.235,28.235,28.235,407.0,ANF
2023-01-31 11:31:00,28.23,28.245,28.22,28.23,2082.0,ANF
2023-01-31 11:30:00,28.255,28.26,28.2245,28.235,1766.0,ANF
2023-01-31 11:29:00,28.29,28.29,28.23,28.26,3212.0,ANF
2023-01-31 11:28:00,28.225,28.3,28.225,28.3,11482.0,ANF
2023-01-31 11:27:00,28.1577,28.24,28.1577,28.23,1844.0,ANF
2023-01-31 11:26:00,28.17,28.17,28.14,28.15,3432.0,ANF
2023-01-31 11:25:00,28.17,28.17,28.155,28.155,239.0,ANF
2023-01-31 11:23:00,28.09,28.15,28.09,28.15,1352.0,ANF
2023-01-31 11:21:00,28.09,28.095,28.07,28.07,3719.0,ANF
2023-01-31 11:20:00,28.09,28.105,28.0813,28.0813,637.0,ANF
2023-01-31 11:19:00,28.105,28.105,28.105,28.105,334.0,ANF
2023-01-31 11:18:00,28.11,28.11,28.1,28.11,1838.0,ANF
2023-01-31 11:17:00,28.09,28.11,28.09,28.11,1953.0,ANF
2023-01-31 11:16:00,28.0993,28.11,28.0993,28.105,810.0,ANF
2023-01-31 11:15:00,28.1,28.1,28.08,28.1,1722.0,ANF
2023-01-31 11:14:00,28.09,28.09,28.09,28.09,565.0,ANF
2023-01-31 11:12:00,28.08,28.08,28.08,28.08,470.0,ANF
2023-01-31 11:11:00,28.06,28.085,28.06,28.085,999.0,ANF
2023-01-31 11:09:00,28.16,28.16,28.08,28.09,2920.0,ANF
2023-01-31 11:08:00,28.175,28.19,28.175,28.18,868.0,ANF
2023-01-31 11:07:00,28.185,28.1899,28.17,28.18,2731.0,ANF
2023-01-31 11:06:00,28.17,28.18,28.165,28.18,2080.0,ANF
2023-01-31 11:05:00,28.175,28.18,28.16,28.175,4591.0,ANF
2023-01-31 11:04:00,28.175,28.175,28.175,28.175,336.0,ANF
2023-01-31 11:03:00,28.165,28.18,28.15,28.18,2313.0,ANF
2023-01-31 11:02:00,28.17,28.17,28.165,28.165,641.0,ANF
2023-01-31 11:01:00,28.18,28.18,28.16,28.16,756.0,ANF
2023-01-31 11:00:00,28.22,28.22,28.16,28.17,5868.0,ANF
2023-01-31 10:59:00,28.185,28.21,28.185,28.21,3946.0,ANF
2023-01-31 10:58:00,28.175,28.21,28.16,28.18,2675.0,ANF
2023-01-31 10:57:00,28.24,28.26,28.18,28.185,4023.0,ANF
2023-01-31 10:56:00,28.245,28.25,28.245,28.25,1834.0,ANF
2023-01-31 10:55:00,28.23,28.26,28.23,28.245,2666.0,ANF
2023-01-31 10:54:00,28.185,28.21,28.185,28.21,2335.0,ANF
2023-01-31 10:53:00,28.195,28.21,28.18,28.185,815.0,ANF
2023-01-31 10:52:00,28.12,28.195,28.12,28.195,1515.0,ANF
2023-01-31 10:51:00,28.14,28.145,28.12,28.12,9579.0,ANF
2023-01-31 10:50:00,28.14,28.16,28.14,28.16,2639.0,ANF
2023-01-31 10:49:00,28.14,28.14,28.14,28.14,310.0,ANF
2023-01-31 10:48:00,28.22,28.22,28.15,28.15,3918.0,ANF
2023-01-31 10:47:00,28.24,28.24,28.2035,28.2035,1563.0,ANF
2023-01-31 10:46:00,28.22,28.24,28.21,28.22,3840.0,ANF
2023-01-31 10:45:00,28.2,28.21,28.2,28.2,1153.0,ANF
2023-01-31 10:44:00,28.18,28.185,28.18,28.185,391.0,ANF
2023-01-31 10:43:00,28.175,28.2,28.15,28.16,5099.0,ANF
2023-01-31 10:41:00,28.145,28.17,28.145,28.17,1086.0,ANF
2023-01-31 10:40:00,28.13,28.145,28.12,28.145,1059.0,ANF
2023-01-31 10:39:00,28.14,28.14,28.12,28.13,1913.0,ANF
2023-01-31 10:38:00,28.17,28.17,28.14,28.14,1919.0,ANF
2023-01-31 10:37:00,28.15,28.1678,28.15,28.1678,854.0,ANF
2023-01-31 10:35:00,28.15,28.18,28.11,28.15,3771.0,ANF
2023-01-31 10:34:00,28.05,28.13,28.05,28.13,1670.0,ANF
2023-01-31 10:33:00,28.025,28.05,28.025,28.05,468.0,ANF
2023-01-31 10:32:00,28.01,28.03,28.01,28.025,2546.0,ANF
2023-01-31 10:30:00,27.98,28.0,27.97,27.99,2037.0,ANF
2023-01-31 10:29:00,27.965,27.965,27.965,27.965,320.0,ANF
2023-01-31 10:28:00,27.96,27.96,27.935,27.96,2129.0,ANF
2023-01-31 10:27:00,28.03,28.03,27.98,27.98,3688.0,ANF
2023-01-31 10:26:00,27.99,28.03,27.99,28.03,6871.0,ANF
2023-01-31 10:25:00,27.96,27.97,27.95,27.95,1686.0,ANF
2023-01-31 10:24:00,27.99,27.99,27.975,27.975,1002.0,ANF
2023-01-31 10:23:00,27.95,27.99,27.94,27.96,3267.0,ANF
2023-01-31 10:22:00,27.92,27.92,27.905,27.92,3471.0,ANF
2023-01-31 10:21:00,27.93,27.93,27.93,27.93,794.0,ANF
2023-01-31 10:20:00,27.94,27.98,27.93,27.945,2439.0,ANF
2023-01-31 10:19:00,27.94,27.94,27.9,27.93,472.0,ANF
2023-01-31 10:18:00,27.9,27.9,27.9,27.9,651.0,ANF
2023-01-31 10:17:00,27.9,27.9,27.87,27.87,1517.0,ANF
2023-01-31 10:16:00,27.85,27.88,27.85,27.88,1027.0,ANF
2023-01-31 10:15:00,27.775,27.83,27.775,27.83,1158.0,ANF
2023-01-31 10:14:00,27.77,27.77,27.77,27.77,211.0,ANF
2023-01-31 10:13:00,27.77,27.78,27.77,27.77,879.0,ANF
2023-01-31 10:12:00,27.73,27.77,27.73,27.76,1101.0,ANF
2023-01-31 10:10:00,27.655,27.71,27.64,27.7,1977.0,ANF
2023-01-31 10:08:00,27.71,27.71,27.68,27.68,1741.0,ANF
2023-01-31 10:07:00,27.69,27.72,27.69,27.705,611.0,ANF
2023-01-31 10:06:00,27.73,27.74,27.67,27.67,2177.0,ANF
2023-01-31 10:05:00,27.71,27.72,27.69,27.72,2621.0,ANF
2023-01-31 10:03:00,27.7,27.7,27.7,27.7,211.0,ANF
2023-01-31 10:01:00,27.69,27.72,27.68,27.7,2460.0,ANF
2023-01-31 09:58:00,27.73,27.73,27.72,27.72,618.0,ANF
2023-01-31 09:57:00,27.742,27.742,27.742,27.742,380.0,ANF
2023-01-31 09:56:00,27.76,27.76,27.75,27.75,1005.0,ANF
2023-01-31 09:55:00,27.8,27.8,27.78,27.78,738.0,ANF
2023-01-31 09:54:00,27.75,27.77,27.75,27.77,661.0,ANF
2023-01-31 09:53:00,27.74,27.77,27.73,27.77,936.0,ANF
2023-01-31 09:52:00,27.71,27.74,27.71,27.74,2582.0,ANF
2023-01-31 09:51:00,27.74,27.74,27.71,27.71,594.0,ANF
2023-01-31 09:50:00,27.73,27.73,27.73,27.73,567.0,ANF
2023-01-31 09:49:00,27.7598,27.775,27.7598,27.775,282.0,ANF
2023-01-31 09:48:00,27.76,27.7646,27.76,27.7646,798.0,ANF
2023-01-31 09:47:00,27.81,27.83,27.8,27.8,761.0,ANF
2023-01-31 09:46:00,27.74,27.74,27.74,27.74,215.0,ANF
2023-01-31 09:45:00,27.86,27.87,27.79,27.79,1268.0,ANF
2023-01-31 09:44:00,27.84,27.84,27.82,27.82,356.0,ANF
2023-01-31 09:43:00,27.85,27.865,27.85,27.865,891.0,ANF
2023-01-31 09:42:00,27.84,27.84,27.81,27.825,1257.0,ANF
2023-01-31 09:41:00,27.82,27.83,27.8,27.83,2202.0,ANF
2023-01-31 09:40:00,27.84,27.85,27.84,27.84,1975.0,ANF
2023-01-31 09:39:00,27.73,27.81,27.73,27.81,1532.0,ANF
2023-01-31 09:38:00,27.71,27.72,27.71,27.72,467.0,ANF
2023-01-31 09:36:00,27.7,27.7,27.66,27.66,2474.0,ANF
2023-01-31 09:35:00,27.69,27.69,27.69,27.69,730.0,ANF
2023-01-31 09:33:00,27.79,27.79,27.69,27.69,730.0,ANF
2023-01-31 09:32:00,27.77,27.77,27.77,27.77,201.0,ANF
2023-01-31 09:31:00,27.69,27.84,27.69,27.8,11170.0,ANF
2023-01-31 09:30:00,27.66,27.66,27.66,27.66,449.0,ANF
2023-01-31 08:32:00,27.58,27.58,27.58,27.58,101.0,ANF
2023-01-30 16:48:00,27.55,27.55,27.55,27.55,1000.0,ANF
2023-01-30 16:01:00,27.59,27.59,27.59,27.59,19914.0,ANF
2023-01-30 16:00:00,27.6,27.61,27.58,27.6,33875.0,ANF
2023-01-30 15:59:00,27.595,27.605,27.57,27.6,35553.0,ANF
2023-01-30 15:58:00,27.595,27.605,27.58,27.595,16169.0,ANF
2023-01-30 15:57:00,27.59,27.62,27.57,27.595,23239.0,ANF
2023-01-30 15:56:00,27.65,27.6525,27.59,27.595,19306.0,ANF
2023-01-30 15:55:00,27.695,27.695,27.65,27.65,17653.0,ANF
2023-01-30 15:54:00,27.655,27.7,27.65,27.695,9150.0,ANF
2023-01-30 15:53:00,27.665,27.68,27.65,27.65,20348.0,ANF
2023-01-30 15:52:00,27.645,27.67,27.64,27.665,17596.0,ANF
2023-01-30 15:51:00,27.61,27.64,27.57,27.64,12471.0,ANF
2023-01-30 15:50:00,27.615,27.615,27.6,27.615,7072.0,ANF
2023-01-30 15:49:00,27.59,27.62,27.59,27.62,7841.0,ANF
2023-01-30 15:48:00,27.605,27.605,27.59,27.6,3215.0,ANF
2023-01-30 15:47:00,27.605,27.625,27.59,27.605,17158.0,ANF
2023-01-30 15:46:00,27.605,27.62,27.6,27.605,5312.0,ANF
2023-01-30 15:45:00,27.59,27.6,27.59,27.595,7584.0,ANF
2023-01-30 15:44:00,27.58,27.585,27.58,27.585,2039.0,ANF
2023-01-30 15:43:00,27.58,27.58,27.56,27.58,2945.0,ANF
2023-01-30 15:42:00,27.595,27.595,27.57,27.571,3545.0,ANF
2023-01-30 15:41:00,27.6,27.63,27.591,27.595,4538.0,ANF
2023-01-30 15:40:00,27.645,27.65,27.59,27.6,6119.0,ANF
2023-01-30 15:39:00,27.67,27.675,27.64,27.645,11450.0,ANF
2023-01-30 15:38:00,27.665,27.675,27.665,27.675,3678.0,ANF
2023-01-30 15:37:00,27.675,27.675,27.66,27.66,5963.0,ANF
2023-01-30 15:36:00,27.64,27.67,27.64,27.665,5641.0,ANF
2023-01-30 15:35:00,27.63,27.645,27.63,27.64,2622.0,ANF
2023-01-30 15:34:00,27.615,27.635,27.61,27.635,3800.0,ANF
2023-01-30 15:33:00,27.59,27.62,27.59,27.61,2973.0,ANF
2023-01-30 15:32:00,27.55,27.59,27.55,27.59,2932.0,ANF
2023-01-30 15:31:00,27.54,27.55,27.531,27.55,5324.0,ANF
2023-01-30 15:30:00,27.58,27.58,27.54,27.54,6387.0,ANF
2023-01-30 15:29:00,27.575,27.575,27.565,27.57,2371.0,ANF
2023-01-30 15:28:00,27.561,27.575,27.5607,27.575,1732.0,ANF
2023-01-30 15:27:00,27.56,27.565,27.56,27.565,227.0,ANF
2023-01-30 15:26:00,27.575,27.575,27.57,27.57,1381.0,ANF
2023-01-30 15:25:00,27.6,27.6,27.57,27.57,5051.0,ANF
2023-01-30 15:24:00,27.605,27.615,27.6,27.61,3092.0,ANF
2023-01-30 15:23:00,27.615,27.615,27.595,27.6,3972.0,ANF
2023-01-30 15:22:00,27.61,27.615,27.61,27.615,2135.0,ANF
2023-01-30 15:21:00,27.605,27.61,27.59,27.6,4425.0,ANF
2023-01-30 15:20:00,27.6,27.605,27.6,27.605,1265.0,ANF
2023-01-30 15:19:00,27.61,27.61,27.61,27.61,537.0,ANF
2023-01-30 15:18:00,27.61,27.61,27.6,27.605,1232.0,ANF
2023-01-30 15:17:00,27.6208,27.63,27.62,27.62,2125.0,ANF
2023-01-30 15:16:00,27.63,27.64,27.62,27.63,4126.0,ANF
2023-01-30 15:15:00,27.645,27.645,27.63,27.645,869.0,ANF
2023-01-30 15:14:00,27.655,27.665,27.635,27.64,4445.0,ANF
2023-01-30 15:13:00,27.665,27.665,27.645,27.66,5982.0,ANF
2023-01-30 15:12:00,27.655,27.665,27.655,27.665,2506.0,ANF
2023-01-30 15:11:00,27.65,27.655,27.64,27.655,3822.0,ANF
2023-01-30 15:10:00,27.655,27.655,27.655,27.655,320.0,ANF
2023-01-30 15:09:00,27.655,27.66,27.65,27.655,2671.0,ANF
2023-01-30 15:08:00,27.65,27.655,27.63,27.655,4901.0,ANF
2023-01-30 15:07:00,27.66,27.66,27.66,27.66,472.0,ANF
2023-01-30 15:06:00,27.66,27.66,27.66,27.66,118.0,ANF
2023-01-30 15:05:00,27.6533,27.6533,27.6533,27.6533,334.0,ANF
2023-01-30 15:04:00,27.65,27.67,27.64,27.65,5596.0,ANF
2023-01-30 15:03:00,27.62,27.64,27.62,27.64,1034.0,ANF
2023-01-30 15:02:00,27.62,27.62,27.6,27.62,3824.0,ANF
2023-01-30 15:01:00,27.64,27.64,27.62,27.62,2055.0,ANF
2023-01-30 15:00:00,27.65,27.655,27.63,27.64,5074.0,ANF
2023-01-30 14:59:00,27.58,27.64,27.56,27.64,6958.0,ANF
2023-01-30 14:58:00,27.555,27.585,27.555,27.585,3290.0,ANF
2023-01-30 14:57:00,27.555,27.555,27.555,27.555,300.0,ANF
2023-01-30 14:56:00,27.58,27.58,27.55,27.55,1589.0,ANF
2023-01-30 14:54:00,27.58,27.58,27.58,27.58,638.0,ANF
2023-01-30 14:52:00,27.6,27.615,27.6,27.615,2392.0,ANF
2023-01-30 14:51:00,27.61,27.61,27.58,27.58,1830.0,ANF
2023-01-30 14:50:00,27.62,27.62,27.6,27.61,3791.0,ANF
2023-01-30 14:49:00,27.63,27.63,27.63,27.63,1621.0,ANF
2023-01-30 14:48:00,27.6301,27.635,27.63,27.635,806.0,ANF
2023-01-30 14:47:00,27.65,27.65,27.64,27.64,1573.0,ANF
2023-01-30 14:46:00,27.65,27.67,27.64,27.65,2661.0,ANF
2023-01-30 14:44:00,27.605,27.63,27.605,27.63,4047.0,ANF
2023-01-30 14:43:00,27.62,27.62,27.61,27.61,1867.0,ANF
2023-01-30 14:42:00,27.61,27.635,27.61,27.615,3378.0,ANF
2023-01-30 14:41:00,27.63,27.63,27.595,27.6,3911.0,ANF
2023-01-30 14:40:00,27.64,27.645,27.64,27.64,441.0,ANF
2023-01-30 14:39:00,27.65,27.66,27.635,27.64,3099.0,ANF
2023-01-30 14:38:00,27.64,27.65,27.64,27.64,1928.0,ANF
2023-01-30 14:37:00,27.65,27.65,27.64,27.64,1687.0,ANF
2023-01-30 14:36:00,27.63,27.65,27.63,27.65,1057.0,ANF
2023-01-30 14:35:00,27.61,27.62,27.61,27.62,1457.0,ANF
2023-01-30 14:34:00,27.6164,27.6164,27.6,27.6,973.0,ANF
2023-01-30 14:33:00,27.63,27.63,27.6,27.61,3813.0,ANF
2023-01-30 14:32:00,27.575,27.63,27.565,27.62,4910.0,ANF
2023-01-30 14:31:00,27.55,27.595,27.55,27.58,12330.0,ANF
2023-01-30 14:30:00,27.55,27.56,27.55,27.56,1358.0,ANF
2023-01-30 14:28:00,27.54,27.545,27.54,27.545,896.0,ANF
2023-01-30 14:27:00,27.54,27.54,27.535,27.54,1899.0,ANF
2023-01-30 14:26:00,27.56,27.56,27.545,27.545,700.0,ANF
2023-01-30 14:25:00,27.56,27.565,27.56,27.56,977.0,ANF
2023-01-30 14:24:00,27.55,27.56,27.55,27.56,1732.0,ANF
2023-01-30 14:23:00,27.55,27.55,27.545,27.55,1596.0,ANF
2023-01-30 14:22:00,27.53,27.5459,27.53,27.5459,625.0,ANF
2023-01-30 14:21:00,27.56,27.56,27.53,27.54,2340.0,ANF
2023-01-30 14:20:00,27.58,27.58,27.55,27.56,2327.0,ANF
2023-01-30 14:19:00,27.56,27.585,27.56,27.585,2468.0,ANF
2023-01-30 14:18:00,27.53,27.54,27.53,27.54,462.0,ANF
2023-01-30 14:17:00,27.54,27.54,27.53,27.53,1045.0,ANF
2023-01-30 14:16:00,27.54,27.55,27.54,27.55,941.0,ANF
2023-01-30 14:15:00,27.525,27.55,27.52,27.545,2174.0,ANF
2023-01-30 14:14:00,27.51,27.52,27.51,27.52,1570.0,ANF
2023-01-30 14:13:00,27.515,27.515,27.5,27.5,1396.0,ANF
2023-01-30 14:12:00,27.515,27.515,27.515,27.515,415.0,ANF
2023-01-30 14:11:00,27.52,27.52,27.52,27.52,697.0,ANF
2023-01-30 14:10:00,27.535,27.535,27.53,27.53,696.0,ANF
2023-01-30 14:09:00,27.55,27.55,27.53,27.53,3411.0,ANF
2023-01-30 14:08:00,27.57,27.57,27.54,27.565,3903.0,ANF
2023-01-30 14:07:00,27.57,27.575,27.555,27.575,2346.0,ANF
2023-01-30 14:06:00,27.56,27.57,27.55,27.57,2845.0,ANF
2023-01-30 14:05:00,27.565,27.565,27.565,27.565,353.0,ANF
2023-01-30 14:04:00,27.545,27.55,27.545,27.55,802.0,ANF
2023-01-30 14:03:00,27.53,27.54,27.53,27.54,1932.0,ANF
2023-01-30 14:01:00,27.53,27.54,27.53,27.54,1738.0,ANF
2023-01-30 14:00:00,27.53,27.53,27.51,27.52,1140.0,ANF
2023-01-30 13:59:00,27.47,27.51,27.47,27.51,2499.0,ANF
2023-01-30 13:57:00,27.46,27.48,27.46,27.475,1264.0,ANF
2023-01-30 13:56:00,27.53,27.53,27.5,27.5,1547.0,ANF
2023-01-30 13:55:00,27.515,27.515,27.515,27.515,701.0,ANF
2023-01-30 13:54:00,27.54,27.54,27.52,27.53,1047.0,ANF
2023-01-30 13:53:00,27.57,27.57,27.55,27.55,1629.0,ANF
2023-01-30 13:52:00,27.6,27.6,27.57,27.58,1856.0,ANF
2023-01-30 13:51:00,27.62,27.62,27.6,27.6,2416.0,ANF
2023-01-30 13:50:00,27.62,27.62,27.61,27.62,1513.0,ANF
2023-01-30 13:49:00,27.6,27.63,27.6,27.62,2144.0,ANF
2023-01-30 13:48:00,27.61,27.61,27.58,27.58,4797.0,ANF
2023-01-30 13:47:00,27.54,27.6,27.54,27.6,11421.0,ANF
2023-01-30 13:46:00,27.55,27.55,27.53,27.53,1895.0,ANF
2023-01-30 13:45:00,27.56,27.565,27.56,27.56,1387.0,ANF
2023-01-30 13:44:00,27.5,27.56,27.495,27.56,3545.0,ANF
2023-01-30 13:43:00,27.5,27.505,27.5,27.505,1056.0,ANF
2023-01-30 13:42:00,27.485,27.51,27.485,27.505,4909.0,ANF
2023-01-30 13:41:00,27.49,27.495,27.49,27.49,1184.0,ANF
2023-01-30 13:40:00,27.49,27.49,27.48,27.485,756.0,ANF
2023-01-30 13:39:00,27.48,27.49,27.48,27.49,976.0,ANF
2023-01-30 13:38:00,27.47,27.49,27.46,27.49,1895.0,ANF
2023-01-30 13:37:00,27.5,27.5,27.5,27.5,810.0,ANF
2023-01-30 13:36:00,27.52,27.52,27.5,27.51,2477.0,ANF
2023-01-30 13:35:00,27.52,27.525,27.52,27.52,780.0,ANF
2023-01-30 13:34:00,27.52,27.525,27.52,27.525,1415.0,ANF
2023-01-30 13:33:00,27.51,27.51,27.51,27.51,217.0,ANF
2023-01-30 13:32:00,27.525,27.53,27.52,27.525,1652.0,ANF
2023-01-30 13:31:00,27.52,27.53,27.49,27.525,3728.0,ANF
2023-01-30 13:30:00,27.53,27.53,27.53,27.53,100.0,ANF
2023-01-30 13:29:00,27.54,27.545,27.525,27.525,1994.0,ANF
2023-01-30 13:28:00,27.545,27.555,27.54,27.54,2971.0,ANF
2023-01-30 13:27:00,27.555,27.555,27.55,27.55,1009.0,ANF
2023-01-30 13:26:00,27.54,27.55,27.54,27.55,2263.0,ANF
2023-01-30 13:25:00,27.54,27.54,27.53,27.53,1392.0,ANF
2023-01-30 13:23:00,27.53,27.53,27.51,27.53,2768.0,ANF
2023-01-30 13:22:00,27.55,27.55,27.54,27.54,1111.0,ANF
2023-01-30 13:21:00,27.53,27.55,27.53,27.55,1767.0,ANF
2023-01-30 13:20:00,27.5314,27.54,27.5314,27.54,1191.0,ANF
2023-01-30 13:19:00,27.53,27.53,27.53,27.53,331.0,ANF
2023-01-30 13:18:00,27.52,27.54,27.52,27.54,1091.0,ANF
2023-01-30 13:17:00,27.49,27.51,27.49,27.51,1560.0,ANF
2023-01-30 13:16:00,27.48,27.489,27.48,27.489,838.0,ANF
2023-01-30 13:15:00,27.48,27.48,27.46,27.46,2364.0,ANF
2023-01-30 13:14:00,27.48,27.48,27.47,27.48,930.0,ANF
2023-01-30 13:13:00,27.45,27.46,27.45,27.46,839.0,ANF
2023-01-30 13:12:00,27.465,27.465,27.435,27.435,1237.0,ANF
2023-01-30 13:11:00,27.48,27.48,27.46,27.46,1224.0,ANF
2023-01-30 13:10:00,27.46,27.46,27.46,27.46,490.0,ANF
2023-01-30 13:09:00,27.44,27.45,27.44,27.45,691.0,ANF
2023-01-30 13:08:00,27.46,27.46,27.45,27.45,1370.0,ANF
2023-01-30 13:07:00,27.465,27.465,27.465,27.465,245.0,ANF
2023-01-30 13:06:00,27.47,27.489,27.47,27.47,1644.0,ANF
2023-01-30 13:04:00,27.465,27.47,27.45,27.46,1204.0,ANF
2023-01-30 13:03:00,27.4501,27.46,27.4501,27.46,1416.0,ANF
2023-01-30 13:02:00,27.47,27.47,27.45,27.455,1792.0,ANF
2023-01-30 13:01:00,27.46,27.46,27.46,27.46,693.0,ANF
2023-01-30 13:00:00,27.42,27.47,27.42,27.47,1211.0,ANF
2023-01-30 12:59:00,27.43,27.43,27.41,27.41,1820.0,ANF
2023-01-30 12:57:00,27.44,27.44,27.43,27.43,965.0,ANF
2023-01-30 12:56:00,27.43,27.43,27.43,27.43,1158.0,ANF
2023-01-30 12:55:00,27.44,27.44,27.43,27.44,716.0,ANF
2023-01-30 12:54:00,27.435,27.45,27.435,27.44,1683.0,ANF
2023-01-30 12:53:00,27.4,27.42,27.4,27.42,1045.0,ANF
2023-01-30 12:52:00,27.39,27.39,27.39,27.39,602.0,ANF
2023-01-30 12:51:00,27.39,27.4,27.39,27.39,1578.0,ANF
2023-01-30 12:50:00,27.37,27.37,27.37,27.37,987.0,ANF
2023-01-30 12:49:00,27.38,27.38,27.365,27.38,2014.0,ANF
2023-01-30 12:48:00,27.39,27.39,27.375,27.385,2064.0,ANF
2023-01-30 12:47:00,27.39,27.39,27.39,27.39,324.0,ANF
2023-01-30 12:46:00,27.4,27.4,27.4,27.4,516.0,ANF
2023-01-30 12:45:00,27.405,27.41,27.39,27.39,1286.0,ANF
2023-01-30 12:44:00,27.4,27.4,27.39,27.4,1408.0,ANF
2023-01-30 12:43:00,27.41,27.419,27.41,27.4174,605.0,ANF
2023-01-30 12:42:00,27.41,27.41,27.41,27.41,524.0,ANF
2023-01-30 12:40:00,27.39,27.39,27.38,27.39,1682.0,ANF
2023-01-30 12:39:00,27.4,27.4,27.4,27.4,251.0,ANF
2023-01-30 12:38:00,27.4,27.4,27.4,27.4,387.0,ANF
2023-01-30 12:37:00,27.409,27.409,27.399,27.399,200.0,ANF
2023-01-30 12:36:00,27.38,27.38,27.38,27.38,224.0,ANF
2023-01-30 12:35:00,27.41,27.41,27.39,27.405,1523.0,ANF
2023-01-30 12:34:00,27.41,27.41,27.4,27.4,904.0,ANF
2023-01-30 12:33:00,27.39,27.4,27.39,27.4,948.0,ANF
2023-01-30 12:32:00,27.4,27.4,27.39,27.4,1409.0,ANF
2023-01-30 12:31:00,27.41,27.41,27.4,27.4,901.0,ANF
2023-01-30 12:30:00,27.38,27.41,27.38,27.4,1409.0,ANF
2023-01-30 12:29:00,27.37,27.38,27.365,27.365,1866.0,ANF
2023-01-30 12:28:00,27.34,27.38,27.33,27.38,3977.0,ANF
2023-01-30 12:27:00,27.36,27.37,27.33,27.35,4043.0,ANF
2023-01-30 12:26:00,27.37,27.37,27.345,27.365,8745.0,ANF
2023-01-30 12:25:00,27.375,27.375,27.375,27.375,101.0,ANF
2023-01-30 12:24:00,27.4,27.4,27.37,27.37,2259.0,ANF
2023-01-30 12:23:00,27.41,27.41,27.39,27.405,2309.0,ANF
2023-01-30 12:22:00,27.4,27.4,27.395,27.4,3996.0,ANF
2023-01-30 12:21:00,27.41,27.41,27.41,27.41,358.0,ANF
2023-01-30 12:20:00,27.38,27.39,27.38,27.39,2111.0,ANF
2023-01-30 12:19:00,27.38,27.38,27.38,27.38,400.0,ANF
2023-01-30 12:18:00,27.36,27.37,27.36,27.36,1009.0,ANF
2023-01-30 12:17:00,27.38,27.38,27.365,27.375,2426.0,ANF
2023-01-30 12:16:00,27.38,27.385,27.365,27.37,1510.0,ANF
2023-01-30 12:15:00,27.41,27.41,27.38,27.38,3422.0,ANF
2023-01-30 12:14:00,27.4,27.4,27.4,27.4,203.0,ANF
2023-01-30 12:13:00,27.41,27.41,27.4,27.4,258.0,ANF
2023-01-30 12:12:00,27.38,27.41,27.38,27.41,629.0,ANF
2023-01-30 12:11:00,27.36,27.36,27.36,27.36,436.0,ANF
2023-01-30 12:10:00,27.36,27.36,27.36,27.36,365.0,ANF
2023-01-30 12:07:00,27.345,27.345,27.345,27.345,342.0,ANF
2023-01-30 12:06:00,27.32,27.36,27.32,27.36,1024.0,ANF
2023-01-30 12:05:00,27.32,27.33,27.32,27.33,1164.0,ANF
2023-01-30 12:04:00,27.34,27.34,27.29,27.3,1906.0,ANF
2023-01-30 12:03:00,27.39,27.395,27.33,27.35,4686.0,ANF
2023-01-30 12:02:00,27.41,27.41,27.4,27.4,806.0,ANF
2023-01-30 12:01:00,27.39,27.4,27.39,27.4,984.0,ANF
2023-01-30 12:00:00,27.4,27.41,27.39,27.4,3147.0,ANF
2023-01-30 11:59:00,27.38,27.39,27.37,27.39,736.0,ANF
2023-01-30 11:58:00,27.35,27.38,27.35,27.37,1109.0,ANF
2023-01-30 11:57:00,27.34,27.35,27.33,27.35,1645.0,ANF
2023-01-30 11:56:00,27.32,27.34,27.3,27.34,5715.0,ANF
2023-01-30 11:55:00,27.33,27.34,27.33,27.34,645.0,ANF
2023-01-30 11:54:00,27.34,27.35,27.32,27.32,2122.0,ANF
2023-01-30 11:53:00,27.32,27.34,27.3,27.34,14703.0,ANF
2023-01-30 11:52:00,27.33,27.33,27.325,27.325,1277.0,ANF
2023-01-30 11:51:00,27.32,27.33,27.32,27.33,1358.0,ANF
2023-01-30 11:50:00,27.34,27.34,27.32,27.32,921.0,ANF
2023-01-30 11:49:00,27.35,27.35,27.33,27.33,1437.0,ANF
2023-01-30 11:48:00,27.35,27.35,27.335,27.335,1288.0,ANF
2023-01-30 11:47:00,27.36,27.385,27.345,27.37,3436.0,ANF
2023-01-30 11:46:00,27.35,27.35,27.35,27.35,772.0,ANF
2023-01-30 11:45:00,27.36,27.36,27.36,27.36,1638.0,ANF
2023-01-30 11:43:00,27.31,27.34,27.31,27.34,2064.0,ANF
2023-01-30 11:42:00,27.305,27.305,27.29,27.29,1179.0,ANF
2023-01-30 11:41:00,27.29,27.29,27.29,27.29,207.0,ANF
2023-01-30 11:40:00,27.31,27.31,27.28,27.3,510.0,ANF
2023-01-30 11:39:00,27.33,27.33,27.32,27.325,722.0,ANF
2023-01-30 11:38:00,27.41,27.42,27.36,27.36,2142.0,ANF
2023-01-30 11:37:00,27.45,27.45,27.41,27.41,1638.0,ANF
2023-01-30 11:36:00,27.45,27.455,27.44,27.455,1267.0,ANF
2023-01-30 11:35:00,27.465,27.47,27.45,27.46,2014.0,ANF
2023-01-30 11:34:00,27.46,27.48,27.46,27.48,1363.0,ANF
2023-01-30 11:33:00,27.475,27.475,27.46,27.46,1431.0,ANF
2023-01-30 11:32:00,27.46,27.46,27.44,27.46,3140.0,ANF
2023-01-30 11:31:00,27.46,27.46,27.44,27.45,3577.0,ANF
2023-01-30 11:30:00,27.41,27.43,27.41,27.43,529.0,ANF
2023-01-30 11:29:00,27.39,27.4,27.39,27.4,755.0,ANF
2023-01-30 11:28:00,27.36,27.36,27.36,27.36,755.0,ANF
2023-01-30 11:27:00,27.3,27.34,27.27,27.34,2771.0,ANF
2023-01-30 11:26:00,27.33,27.33,27.32,27.32,2183.0,ANF
2023-01-30 11:25:00,27.36,27.37,27.335,27.335,2766.0,ANF
2023-01-30 11:24:00,27.36,27.38,27.36,27.37,2456.0,ANF
2023-01-30 11:23:00,27.345,27.355,27.34,27.355,2161.0,ANF
2023-01-30 11:22:00,27.36,27.36,27.35,27.35,1357.0,ANF
2023-01-30 11:21:00,27.375,27.375,27.36,27.36,303.0,ANF
2023-01-30 11:20:00,27.325,27.36,27.32,27.36,2384.0,ANF
2023-01-30 11:19:00,27.32,27.33,27.31,27.33,1517.0,ANF
2023-01-30 11:18:00,27.31,27.315,27.31,27.315,1747.0,ANF
2023-01-30 11:17:00,27.29,27.32,27.29,27.32,1734.0,ANF
2023-01-30 11:16:00,27.26,27.28,27.26,27.28,1229.0,ANF
2023-01-30 11:15:00,27.29,27.29,27.27,27.27,1132.0,ANF
2023-01-30 11:14:00,27.27,27.27,27.27,27.27,1018.0,ANF
2023-01-30 11:13:00,27.29,27.29,27.28,27.28,1457.0,ANF
2023-01-30 11:12:00,27.28,27.28,27.27,27.27,759.0,ANF
2023-01-30 11:11:00,27.24,27.26,27.24,27.25,1873.0,ANF
2023-01-30 11:10:00,27.23,27.2387,27.22,27.2387,1294.0,ANF
2023-01-30 11:09:00,27.1823,27.22,27.1823,27.21,2213.0,ANF
2023-01-30 11:08:00,27.2,27.2,27.18,27.185,564.0,ANF
2023-01-30 11:07:00,27.19,27.19,27.19,27.19,618.0,ANF
2023-01-30 11:06:00,27.23,27.23,27.2,27.21,2508.0,ANF
2023-01-30 11:05:00,27.19,27.23,27.18,27.23,5449.0,ANF
2023-01-30 11:04:00,27.22,27.22,27.19,27.19,1776.0,ANF
2023-01-30 11:03:00,27.22,27.22,27.22,27.22,185.0,ANF
2023-01-30 11:02:00,27.23,27.23,27.21,27.229,1061.0,ANF
2023-01-30 11:01:00,27.22,27.235,27.21,27.22,2571.0,ANF
2023-01-30 11:00:00,27.22,27.229,27.22,27.229,858.0,ANF
2023-01-30 10:59:00,27.24,27.25,27.22,27.22,794.0,ANF
2023-01-30 10:58:00,27.245,27.25,27.23,27.25,1137.0,ANF
2023-01-30 10:57:00,27.25,27.26,27.23,27.25,2431.0,ANF
2023-01-30 10:56:00,27.2,27.27,27.2,27.27,3287.0,ANF
2023-01-30 10:55:00,27.1925,27.1925,27.17,27.19,1865.0,ANF
2023-01-30 10:54:00,27.22,27.2225,27.2,27.205,799.0,ANF
2023-01-30 10:53:00,27.24,27.24,27.21,27.21,1127.0,ANF
2023-01-30 10:52:00,27.265,27.2725,27.24,27.24,10344.0,ANF
2023-01-30 10:51:00,27.27,27.27,27.25,27.25,1486.0,ANF
2023-01-30 10:50:00,27.27,27.27,27.27,27.27,113.0,ANF
2023-01-30 10:49:00,27.2,27.255,27.2,27.255,1961.0,ANF
2023-01-30 10:48:00,27.22,27.24,27.205,27.24,1532.0,ANF
2023-01-30 10:47:00,27.255,27.255,27.22,27.24,1910.0,ANF
2023-01-30 10:46:00,27.2,27.22,27.2,27.22,968.0,ANF
2023-01-30 10:45:00,27.2,27.215,27.2,27.2,1639.0,ANF
2023-01-30 10:44:00,27.22,27.245,27.21,27.22,4191.0,ANF
2023-01-30 10:43:00,27.22,27.22,27.22,27.22,416.0,ANF
2023-01-30 10:42:00,27.24,27.26,27.23,27.23,1337.0,ANF
2023-01-30 10:41:00,27.28,27.3,27.27,27.27,2204.0,ANF
2023-01-30 10:40:00,27.31,27.31,27.29,27.29,1290.0,ANF
2023-01-30 10:39:00,27.295,27.295,27.295,27.295,226.0,ANF
2023-01-30 10:38:00,27.34,27.34,27.31,27.322,1431.0,ANF
2023-01-30 10:37:00,27.355,27.355,27.33,27.33,686.0,ANF
2023-01-30 10:36:00,27.36,27.395,27.355,27.355,3207.0,ANF
2023-01-30 10:35:00,27.37,27.37,27.35,27.36,1530.0,ANF
2023-01-30 10:34:00,27.38,27.38,27.37,27.37,402.0,ANF
2023-01-30 10:33:00,27.355,27.36,27.355,27.36,608.0,ANF
2023-01-30 10:32:00,27.36,27.37,27.34,27.345,2040.0,ANF
2023-01-30 10:31:00,27.31,27.36,27.31,27.35,1841.0,ANF
2023-01-30 10:30:00,27.22,27.27,27.22,27.27,2376.0,ANF
2023-01-30 10:29:00,27.22,27.24,27.2015,27.22,5713.0,ANF
2023-01-30 10:28:00,27.21,27.21,27.21,27.21,467.0,ANF
2023-01-30 10:27:00,27.25,27.25,27.22,27.235,1462.0,ANF
2023-01-30 10:26:00,27.305,27.305,27.25,27.25,1749.0,ANF
2023-01-30 10:25:00,27.33,27.33,27.3,27.3,1046.0,ANF
2023-01-30 10:24:00,27.33,27.33,27.325,27.325,517.0,ANF
2023-01-30 10:23:00,27.3294,27.35,27.3294,27.35,700.0,ANF
2023-01-30 10:22:00,27.31,27.315,27.31,27.315,407.0,ANF
2023-01-30 10:21:00,27.33,27.34,27.33,27.33,2050.0,ANF
2023-01-30 10:20:00,27.32,27.32,27.31,27.32,2042.0,ANF
2023-01-30 10:17:00,27.305,27.305,27.305,27.305,632.0,ANF
2023-01-30 10:16:00,27.34,27.34,27.325,27.325,1570.0,ANF
2023-01-30 10:14:00,27.36,27.36,27.35,27.35,799.0,ANF
2023-01-30 10:13:00,27.36,27.36,27.36,27.36,970.0,ANF
2023-01-30 10:12:00,27.35,27.35,27.33,27.33,3017.0,ANF
2023-01-30 10:11:00,27.35,27.35,27.31,27.34,5485.0,ANF
2023-01-30 10:10:00,27.33,27.33,27.32,27.33,1025.0,ANF
2023-01-30 10:09:00,27.2912,27.33,27.2912,27.33,730.0,ANF
2023-01-30 10:08:00,27.315,27.315,27.315,27.315,226.0,ANF
2023-01-30 10:07:00,27.3199,27.3199,27.3,27.3,704.0,ANF
2023-01-30 10:06:00,27.31,27.34,27.28,27.3,4150.0,ANF
2023-01-30 10:05:00,27.22,27.29,27.22,27.29,1703.0,ANF
2023-01-30 10:04:00,27.26,27.26,27.26,27.26,471.0,ANF
2023-01-30 10:03:00,27.26,27.26,27.26,27.26,227.0,ANF
2023-01-30 10:00:00,27.225,27.225,27.225,27.225,175.0,ANF
2023-01-30 09:56:00,27.23,27.24,27.23,27.24,795.0,ANF
2023-01-30 09:55:00,27.23,27.23,27.22,27.23,1139.0,ANF
2023-01-30 09:54:00,27.325,27.325,27.27,27.27,1660.0,ANF
2023-01-30 09:53:00,27.31,27.35,27.31,27.32,1151.0,ANF
2023-01-30 09:52:00,27.305,27.305,27.305,27.305,275.0,ANF
2023-01-30 09:51:00,27.28,27.31,27.28,27.295,599.0,ANF
2023-01-30 09:50:00,27.21,27.25,27.21,27.25,1405.0,ANF
2023-01-30 09:49:00,27.2,27.2,27.19,27.2,2567.0,ANF
2023-01-30 09:47:00,27.175,27.21,27.175,27.21,1048.0,ANF
2023-01-30 09:45:00,27.05,27.13,27.05,27.13,880.0,ANF
2023-01-30 09:44:00,27.1,27.1206,27.09,27.09,544.0,ANF
2023-01-30 09:43:00,27.05,27.09,27.05,27.09,368.0,ANF
2023-01-30 09:42:00,27.01,27.075,27.01,27.075,847.0,ANF
2023-01-30 09:41:00,27.0746,27.0746,27.0596,27.0596,566.0,ANF
2023-01-30 09:40:00,27.17,27.17,27.05,27.05,3122.0,ANF
2023-01-30 09:39:00,27.11,27.14,27.08,27.135,1590.0,ANF
2023-01-30 09:37:00,27.075,27.075,27.02,27.055,1927.0,ANF
2023-01-30 09:36:00,27.03,27.03,27.02,27.02,347.0,ANF
2023-01-30 09:35:00,27.175,27.1989,27.175,27.1989,590.0,ANF
2023-01-30 09:34:00,27.055,27.16,27.055,27.16,1073.0,ANF
2023-01-30 09:33:00,27.04,27.05,27.04,27.05,1455.0,ANF
2023-01-30 09:32:00,27.05,27.05,27.015,27.0356,1633.0,ANF
2023-01-30 09:31:00,27.0,27.05,26.865,26.9,16022.0,ANF
