date,1. open,2. high,3. low,4. close,5. volume,Ticker
2023-03-24 16:00:00,9.9,9.91,9.9,9.91,751.0,BFK
2023-03-24 15:59:00,9.9,9.9,9.9,9.9,628.0,BFK
2023-03-24 15:58:00,9.9,9.9,9.9,9.9,407.0,BFK
2023-03-24 15:57:00,9.9,9.9,9.9,9.9,409.0,BFK
2023-03-24 15:56:00,9.89,9.9,9.89,9.9,428.0,BFK
2023-03-24 15:55:00,9.89,9.89,9.89,9.89,2870.0,BFK
2023-03-24 15:51:00,9.89,9.89,9.89,9.89,556.0,BFK
2023-03-24 15:48:00,9.89,9.89,9.89,9.89,922.0,BFK
2023-03-24 15:47:00,9.89,9.89,9.89,9.89,834.0,BFK
2023-03-24 15:46:00,9.89,9.89,9.89,9.89,117.0,BFK
2023-03-24 15:43:00,9.9,9.9,9.9,9.9,300.0,BFK
2023-03-24 15:42:00,9.905,9.905,9.905,9.905,132.0,BFK
2023-03-24 15:37:00,9.91,9.91,9.908,9.91,1877.0,BFK
2023-03-24 15:35:00,9.915,9.915,9.905,9.91,4124.0,BFK
2023-03-24 15:31:00,9.92,9.92,9.92,9.92,110.0,BFK
2023-03-24 15:30:00,9.93,9.94,9.925,9.925,6506.0,BFK
2023-03-24 15:18:00,9.93,9.93,9.93,9.93,370.0,BFK
2023-03-24 15:11:00,9.935,9.935,9.935,9.935,100.0,BFK
2023-03-24 15:09:00,9.935,9.935,9.935,9.935,100.0,BFK
2023-03-24 14:59:00,9.9309,9.9309,9.9309,9.9309,1030.0,BFK
2023-03-24 14:58:00,9.93,9.93,9.93,9.93,1520.0,BFK
2023-03-24 14:57:00,9.915,9.92,9.915,9.92,5783.0,BFK
2023-03-24 14:47:00,9.91,9.91,9.91,9.91,995.0,BFK
2023-03-24 13:45:00,9.915,9.92,9.915,9.9199,3441.0,BFK
2023-03-24 13:19:00,9.92,9.92,9.92,9.92,1789.0,BFK
2023-03-24 13:06:00,9.925,9.925,9.925,9.925,100.0,BFK
2023-03-24 13:04:00,9.925,9.925,9.925,9.925,500.0,BFK
2023-03-24 13:00:00,9.915,9.93,9.915,9.93,18461.0,BFK
2023-03-24 12:48:00,9.92,9.92,9.915,9.915,200.0,BFK
2023-03-24 12:43:00,9.92,9.92,9.92,9.92,100.0,BFK
2023-03-24 12:42:00,9.91,9.92,9.91,9.92,1406.0,BFK
2023-03-24 12:41:00,9.9115,9.9115,9.9115,9.9115,118.0,BFK
2023-03-24 12:15:00,9.92,9.92,9.92,9.92,1101.0,BFK
2023-03-24 12:09:00,9.93,9.93,9.925,9.925,4100.0,BFK
2023-03-24 11:42:00,9.92,9.925,9.92,9.925,2600.0,BFK
2023-03-24 11:41:00,9.93,9.93,9.926,9.926,1516.0,BFK
2023-03-24 11:37:00,9.93,9.93,9.93,9.93,1600.0,BFK
2023-03-24 11:36:00,9.9225,9.9225,9.92,9.92,639.0,BFK
2023-03-24 11:33:00,9.915,9.92,9.915,9.9199,3001.0,BFK
2023-03-24 11:32:00,9.91,9.91,9.91,9.91,100.0,BFK
2023-03-24 11:31:00,9.91,9.915,9.905,9.905,3011.0,BFK
2023-03-24 11:13:00,9.91,9.91,9.91,9.91,232.0,BFK
2023-03-24 11:09:00,9.9138,9.9138,9.9138,9.9138,340.0,BFK
2023-03-24 11:01:00,9.9096,9.9096,9.9096,9.9096,105.0,BFK
2023-03-24 10:56:00,9.9,9.9,9.9,9.9,393.0,BFK
2023-03-24 10:55:00,9.895,9.895,9.885,9.89,4399.0,BFK
2023-03-24 10:38:00,9.8901,9.8901,9.8901,9.8901,441.0,BFK
2023-03-24 10:14:00,9.895,9.895,9.895,9.895,100.0,BFK
2023-03-24 10:13:00,9.89,9.8901,9.8801,9.8801,2710.0,BFK
2023-03-24 10:05:00,9.9,9.9,9.8802,9.889,1500.0,BFK
2023-03-24 10:04:00,9.9,9.9,9.9,9.9,1300.0,BFK
2023-03-24 10:01:00,9.9,9.9,9.9,9.9,204.0,BFK
2023-03-24 09:55:00,9.905,9.906,9.9,9.906,1086.0,BFK
2023-03-24 09:53:00,9.9,9.9,9.9,9.9,100.0,BFK
2023-03-24 09:49:00,9.89,9.89,9.89,9.89,100.0,BFK
2023-03-24 09:48:00,9.9,9.9,9.9,9.9,601.0,BFK
2023-03-24 09:44:00,9.8994,9.8994,9.8994,9.8994,200.0,BFK
2023-03-24 09:40:00,9.89,9.89,9.89,9.89,100.0,BFK
2023-03-24 09:36:00,9.89,9.89,9.89,9.89,110.0,BFK
2023-03-24 09:31:00,9.93,9.93,9.93,9.93,3776.0,BFK
2023-03-24 09:30:00,9.89,9.89,9.89,9.89,200.0,BFK
2023-03-23 16:00:00,9.89,9.89,9.87,9.88,1654.0,BFK
2023-03-23 15:59:00,9.89,9.89,9.89,9.89,500.0,BFK
2023-03-23 15:58:00,9.89,9.89,9.885,9.89,997.0,BFK
2023-03-23 15:57:00,9.89,9.89,9.89,9.89,871.0,BFK
2023-03-23 15:56:00,9.88,9.88,9.88,9.88,621.0,BFK
2023-03-23 15:55:00,9.88,9.88,9.88,9.88,1202.0,BFK
2023-03-23 15:54:00,9.88,9.88,9.875,9.88,1084.0,BFK
2023-03-23 15:53:00,9.875,9.875,9.875,9.875,201.0,BFK
2023-03-23 15:52:00,9.8701,9.875,9.8701,9.875,900.0,BFK
2023-03-23 15:39:00,9.875,9.875,9.875,9.875,300.0,BFK
2023-03-23 15:36:00,9.87,9.875,9.87,9.875,1035.0,BFK
2023-03-23 15:35:00,9.87,9.87,9.87,9.87,1542.0,BFK
2023-03-23 15:32:00,9.87,9.87,9.87,9.87,100.0,BFK
2023-03-23 15:30:00,9.87,9.87,9.87,9.87,100.0,BFK
2023-03-23 15:26:00,9.88,9.88,9.8701,9.875,1837.0,BFK
2023-03-23 15:01:00,9.88,9.88,9.88,9.88,1400.0,BFK
2023-03-23 15:00:00,9.875,9.875,9.875,9.875,100.0,BFK
2023-03-23 14:54:00,9.88,9.88,9.88,9.88,391.0,BFK
2023-03-23 14:53:00,9.88,9.8847,9.88,9.8847,1100.0,BFK
2023-03-23 14:45:00,9.875,9.875,9.87,9.8701,2613.0,BFK
2023-03-23 14:43:00,9.88,9.88,9.88,9.88,100.0,BFK
2023-03-23 14:38:00,9.87,9.87,9.87,9.87,2091.0,BFK
2023-03-23 14:26:00,9.88,9.88,9.88,9.88,1028.0,BFK
2023-03-23 14:22:00,9.88,9.88,9.87,9.88,7248.0,BFK
2023-03-23 14:16:00,9.885,9.885,9.8814,9.8814,425.0,BFK
2023-03-23 14:13:00,9.889,9.889,9.889,9.889,100.0,BFK
2023-03-23 14:12:00,9.89,9.89,9.89,9.89,400.0,BFK
2023-03-23 14:03:00,9.885,9.885,9.88,9.88,300.0,BFK
2023-03-23 14:02:00,9.8831,9.8831,9.8814,9.8814,700.0,BFK
2023-03-23 14:01:00,9.88,9.8823,9.88,9.8809,2968.0,BFK
2023-03-23 14:00:00,9.8693,9.87,9.869,9.87,1687.0,BFK
2023-03-23 13:51:00,9.865,9.865,9.86,9.865,1299.0,BFK
2023-03-23 13:48:00,9.865,9.865,9.865,9.865,100.0,BFK
2023-03-23 13:30:00,9.86,9.86,9.86,9.86,100.0,BFK
2023-03-23 13:29:00,9.86,9.86,9.86,9.86,200.0,BFK
2023-03-23 13:28:00,9.86,9.86,9.85,9.85,1134.0,BFK
2023-03-23 13:26:00,9.8699,9.8699,9.8699,9.8699,400.0,BFK
2023-03-23 13:25:00,9.8644,9.869,9.8644,9.869,1400.0,BFK
2023-03-23 13:24:00,9.88,9.88,9.86,9.869,5750.0,BFK
2023-03-23 13:17:00,9.89,9.89,9.89,9.89,299.0,BFK
2023-03-23 13:16:00,9.89,9.89,9.89,9.89,1101.0,BFK
2023-03-23 13:13:00,9.89,9.89,9.88,9.89,2401.0,BFK
2023-03-23 12:52:00,9.8901,9.8901,9.8901,9.8901,300.0,BFK
2023-03-23 12:51:00,9.89,9.89,9.89,9.89,1229.0,BFK
2023-03-23 12:50:00,9.89,9.89,9.89,9.89,400.0,BFK
2023-03-23 12:36:00,9.8951,9.8951,9.8951,9.8951,100.0,BFK
2023-03-23 12:35:00,9.8956,9.8956,9.8956,9.8956,200.0,BFK
2023-03-23 12:32:00,9.895,9.895,9.895,9.895,205.0,BFK
2023-03-23 12:31:00,9.89,9.89,9.89,9.89,400.0,BFK
2023-03-23 12:27:00,9.8941,9.8941,9.89,9.89,1600.0,BFK
2023-03-23 12:20:00,9.8812,9.8812,9.8812,9.8812,200.0,BFK
2023-03-23 12:16:00,9.885,9.885,9.885,9.885,355.0,BFK
2023-03-23 12:03:00,9.88,9.88,9.88,9.88,100.0,BFK
2023-03-23 12:01:00,9.88,9.88,9.88,9.88,1003.0,BFK
2023-03-23 11:57:00,9.87,9.87,9.87,9.87,300.0,BFK
2023-03-23 11:56:00,9.87,9.87,9.8652,9.8652,1800.0,BFK
2023-03-23 11:55:00,9.8693,9.8693,9.8693,9.8693,1200.0,BFK
2023-03-23 11:54:00,9.86,9.865,9.86,9.865,1800.0,BFK
2023-03-23 11:52:00,9.86,9.86,9.86,9.86,300.0,BFK
2023-03-23 11:51:00,9.86,9.86,9.86,9.86,100.0,BFK
2023-03-23 11:49:00,9.86,9.86,9.86,9.86,200.0,BFK
2023-03-23 11:48:00,9.86,9.86,9.86,9.86,100.0,BFK
2023-03-23 11:47:00,9.86,9.86,9.86,9.86,100.0,BFK
2023-03-23 11:46:00,9.86,9.86,9.86,9.86,100.0,BFK
2023-03-23 11:39:00,9.865,9.865,9.865,9.865,200.0,BFK
2023-03-23 11:37:00,9.865,9.865,9.865,9.865,250.0,BFK
2023-03-23 11:33:00,9.86,9.8687,9.86,9.865,800.0,BFK
2023-03-23 11:32:00,9.86,9.86,9.86,9.86,100.0,BFK
2023-03-23 11:30:00,9.87,9.87,9.86,9.86,2300.0,BFK
2023-03-23 11:29:00,9.87,9.87,9.87,9.87,100.0,BFK
2023-03-23 11:28:00,9.87,9.87,9.87,9.87,100.0,BFK
2023-03-23 11:27:00,9.87,9.87,9.87,9.87,100.0,BFK
2023-03-23 11:20:00,9.88,9.88,9.88,9.88,100.0,BFK
2023-03-23 11:18:00,9.88,9.88,9.88,9.88,300.0,BFK
2023-03-23 11:16:00,9.87,9.88,9.87,9.88,900.0,BFK
2023-03-23 11:10:00,9.865,9.865,9.865,9.865,300.0,BFK
2023-03-23 11:09:00,9.87,9.87,9.86,9.87,3100.0,BFK
2023-03-23 11:08:00,9.87,9.87,9.87,9.87,349.0,BFK
2023-03-23 11:06:00,9.87,9.875,9.87,9.875,423.0,BFK
2023-03-23 11:04:00,9.88,9.88,9.88,9.88,300.0,BFK
2023-03-23 11:03:00,9.88,9.88,9.88,9.88,200.0,BFK
2023-03-23 11:02:00,9.88,9.88,9.88,9.88,100.0,BFK
2023-03-23 10:51:00,9.89,9.89,9.89,9.89,100.0,BFK
2023-03-23 10:50:00,9.89,9.89,9.89,9.89,100.0,BFK
2023-03-23 10:48:00,9.89,9.89,9.89,9.89,100.0,BFK
2023-03-23 10:47:00,9.89,9.89,9.89,9.89,231.0,BFK
2023-03-23 10:39:00,9.88,9.88,9.875,9.88,3120.0,BFK
2023-03-23 10:38:00,9.89,9.89,9.89,9.89,200.0,BFK
2023-03-23 10:35:00,9.89,9.89,9.89,9.89,100.0,BFK
2023-03-23 10:34:00,9.89,9.89,9.89,9.89,2000.0,BFK
2023-03-23 10:33:00,9.88,9.89,9.88,9.89,1804.0,BFK
2023-03-23 10:30:00,9.895,9.895,9.88,9.88,1232.0,BFK
2023-03-23 10:29:00,9.89,9.89,9.89,9.89,220.0,BFK
2023-03-23 10:21:00,9.89,9.89,9.89,9.89,100.0,BFK
2023-03-23 10:20:00,9.89,9.89,9.89,9.89,100.0,BFK
2023-03-23 10:19:00,9.89,9.89,9.88,9.88,2420.0,BFK
2023-03-23 10:18:00,9.88,9.8894,9.88,9.8878,1905.0,BFK
2023-03-23 10:17:00,9.89,9.89,9.875,9.887,7601.0,BFK
2023-03-23 10:14:00,9.8999,9.8999,9.8999,9.8999,100.0,BFK
2023-03-23 10:13:00,9.8947,9.8947,9.8947,9.8947,200.0,BFK
2023-03-23 10:11:00,9.9,9.9,9.895,9.895,400.0,BFK
2023-03-23 10:10:00,9.9,9.9,9.9,9.9,286.0,BFK
2023-03-23 10:06:00,9.91,9.91,9.91,9.91,400.0,BFK
2023-03-23 10:05:00,9.91,9.91,9.91,9.91,400.0,BFK
2023-03-23 10:02:00,9.91,9.91,9.91,9.91,200.0,BFK
2023-03-23 10:01:00,9.91,9.91,9.91,9.91,1062.0,BFK
2023-03-23 10:00:00,9.9,9.91,9.9,9.91,1681.0,BFK
2023-03-23 09:59:00,9.895,9.895,9.895,9.895,100.0,BFK
2023-03-23 09:58:00,9.9,9.9,9.895,9.895,300.0,BFK
2023-03-23 09:57:00,9.89,9.9,9.89,9.9,3403.0,BFK
2023-03-23 09:56:00,9.89,9.89,9.89,9.89,307.0,BFK
2023-03-23 09:50:00,9.895,9.895,9.895,9.895,282.0,BFK
2023-03-23 09:47:00,9.89,9.9,9.89,9.9,600.0,BFK
2023-03-23 09:45:00,9.89,9.89,9.89,9.89,700.0,BFK
2023-03-23 09:43:00,9.885,9.89,9.885,9.89,1121.0,BFK
2023-03-23 09:42:00,9.88,9.885,9.88,9.88,400.0,BFK
2023-03-23 09:41:00,9.885,9.885,9.885,9.885,700.0,BFK
2023-03-23 09:39:00,9.89,9.89,9.89,9.89,220.0,BFK
2023-03-23 09:38:00,9.89,9.9,9.89,9.9,780.0,BFK
2023-03-23 09:37:00,9.89,9.89,9.89,9.89,2500.0,BFK
2023-03-23 09:36:00,9.89,9.89,9.89,9.89,921.0,BFK
2023-03-23 09:34:00,9.89,9.89,9.89,9.89,100.0,BFK
2023-03-23 09:33:00,9.9,9.9,9.9,9.9,100.0,BFK
2023-03-23 09:32:00,9.89,9.9,9.885,9.885,4300.0,BFK
2023-03-23 09:31:00,9.86,9.9,9.86,9.9,60136.0,BFK
2023-03-23 09:11:00,9.85,9.85,9.84,9.85,1631.0,BFK
2023-03-23 08:43:00,9.86,9.86,9.86,9.86,210.0,BFK
2023-03-22 16:00:00,9.96,9.96,9.94,9.955,2259.0,BFK
2023-03-22 15:49:00,9.96,9.96,9.96,9.96,100.0,BFK
2023-03-22 15:47:00,9.965,9.965,9.965,9.965,100.0,BFK
2023-03-22 15:44:00,9.98,9.98,9.98,9.98,100.0,BFK
2023-03-22 15:41:00,9.98,9.98,9.98,9.98,100.0,BFK
2023-03-22 15:38:00,9.98,9.98,9.98,9.98,100.0,BFK
2023-03-22 15:37:00,9.98,9.98,9.98,9.98,100.0,BFK
2023-03-22 15:35:00,9.98,9.98,9.98,9.98,100.0,BFK
2023-03-22 15:33:00,9.98,9.98,9.98,9.98,100.0,BFK
2023-03-22 15:32:00,9.975,9.975,9.975,9.975,586.0,BFK
2023-03-22 15:28:00,9.98,9.9801,9.97,9.97,649.0,BFK
2023-03-22 15:27:00,9.98,9.98,9.98,9.98,130.0,BFK
2023-03-22 15:26:00,9.98,9.98,9.98,9.98,100.0,BFK
2023-03-22 15:25:00,9.98,9.98,9.98,9.98,100.0,BFK
2023-03-22 15:23:00,9.98,9.98,9.96,9.96,3707.0,BFK
2023-03-22 15:22:00,9.98,9.98,9.98,9.98,300.0,BFK
2023-03-22 15:21:00,9.975,9.975,9.975,9.975,200.0,BFK
2023-03-22 15:20:00,9.97,9.97,9.97,9.97,300.0,BFK
2023-03-22 15:19:00,9.975,9.975,9.9702,9.9702,700.0,BFK
2023-03-22 15:18:00,9.96,9.98,9.96,9.98,2873.0,BFK
2023-03-22 15:12:00,9.96,9.96,9.96,9.96,100.0,BFK
2023-03-22 15:08:00,9.96,9.96,9.96,9.96,100.0,BFK
2023-03-22 15:05:00,9.9482,9.9482,9.9482,9.9482,300.0,BFK
2023-03-22 15:04:00,9.9599,9.9599,9.9599,9.9599,700.0,BFK
2023-03-22 15:03:00,9.97,9.97,9.955,9.959,1100.0,BFK
2023-03-22 15:00:00,9.98,9.98,9.975,9.975,6118.0,BFK
2023-03-22 14:44:00,9.975,9.975,9.975,9.975,100.0,BFK
2023-03-22 14:43:00,9.97,9.97,9.97,9.97,412.0,BFK
2023-03-22 14:39:00,9.965,9.965,9.965,9.965,100.0,BFK
2023-03-22 14:35:00,9.96,9.96,9.96,9.96,1933.0,BFK
2023-03-22 14:32:00,9.959,9.96,9.959,9.96,407.0,BFK
2023-03-22 14:14:00,9.955,9.955,9.955,9.955,100.0,BFK
2023-03-22 14:09:00,9.94,9.94,9.94,9.94,100.0,BFK
2023-03-22 13:57:00,9.95,9.95,9.95,9.95,150.0,BFK
2023-03-22 13:51:00,9.9422,9.9422,9.9422,9.9422,600.0,BFK
2023-03-22 13:04:00,9.945,9.945,9.945,9.945,100.0,BFK
2023-03-22 12:46:00,9.945,9.945,9.9443,9.9443,300.0,BFK
2023-03-22 12:13:00,9.945,9.945,9.935,9.935,807.0,BFK
2023-03-22 12:12:00,9.93,9.95,9.93,9.95,1919.0,BFK
2023-03-22 12:06:00,9.925,9.925,9.925,9.925,100.0,BFK
2023-03-22 12:02:00,9.92,9.92,9.92,9.92,1311.0,BFK
2023-03-22 12:00:00,9.92,9.92,9.92,9.92,395.0,BFK
2023-03-22 11:59:00,9.92,9.92,9.92,9.92,100.0,BFK
2023-03-22 11:58:00,9.92,9.92,9.92,9.92,300.0,BFK
2023-03-22 11:56:00,9.92,9.92,9.92,9.92,100.0,BFK
2023-03-22 11:55:00,9.92,9.92,9.92,9.92,100.0,BFK
2023-03-22 11:54:00,9.92,9.92,9.92,9.92,100.0,BFK
2023-03-22 11:53:00,9.92,9.92,9.92,9.92,100.0,BFK
2023-03-22 11:52:00,9.92,9.92,9.92,9.92,100.0,BFK
2023-03-22 11:51:00,9.92,9.92,9.92,9.92,200.0,BFK
2023-03-22 11:50:00,9.92,9.92,9.92,9.92,100.0,BFK
2023-03-22 11:49:00,9.92,9.92,9.92,9.92,100.0,BFK
2023-03-22 11:48:00,9.9257,9.9257,9.92,9.92,400.0,BFK
2023-03-22 11:47:00,9.92,9.92,9.92,9.92,100.0,BFK
2023-03-22 11:46:00,9.92,9.92,9.92,9.92,200.0,BFK
2023-03-22 11:45:00,9.92,9.92,9.92,9.92,100.0,BFK
2023-03-22 11:44:00,9.92,9.92,9.92,9.92,100.0,BFK
2023-03-22 11:43:00,9.92,9.92,9.92,9.92,203.0,BFK
2023-03-22 11:42:00,9.92,9.92,9.92,9.92,100.0,BFK
2023-03-22 11:41:00,9.92,9.92,9.92,9.92,200.0,BFK
2023-03-22 11:40:00,9.92,9.92,9.92,9.92,100.0,BFK
2023-03-22 11:39:00,9.93,9.93,9.92,9.92,1018.0,BFK
2023-03-22 11:38:00,9.94,9.94,9.935,9.935,1732.0,BFK
2023-03-22 11:37:00,9.94,9.952,9.94,9.95,2821.0,BFK
2023-03-22 11:36:00,9.92,9.92,9.92,9.92,300.0,BFK
2023-03-22 11:35:00,9.92,9.92,9.92,9.92,100.0,BFK
2023-03-22 11:34:00,9.92,9.92,9.92,9.92,100.0,BFK
2023-03-22 11:30:00,9.9223,9.9223,9.9223,9.9223,400.0,BFK
2023-03-22 11:29:00,9.93,9.93,9.9223,9.9223,1050.0,BFK
2023-03-22 11:26:00,9.92,9.93,9.9175,9.9265,6200.0,BFK
2023-03-22 11:20:00,9.9192,9.9192,9.9192,9.9192,200.0,BFK
2023-03-22 11:17:00,9.92,9.92,9.92,9.92,300.0,BFK
2023-03-22 11:16:00,9.915,9.92,9.915,9.92,600.0,BFK
2023-03-22 11:15:00,9.9,9.91,9.9,9.91,1400.0,BFK
2023-03-22 11:14:00,9.91,9.91,9.91,9.91,300.0,BFK
2023-03-22 11:13:00,9.91,9.9199,9.91,9.91,1100.0,BFK
2023-03-22 11:12:00,9.91,9.91,9.91,9.91,200.0,BFK
2023-03-22 11:11:00,9.91,9.91,9.91,9.91,200.0,BFK
2023-03-22 11:10:00,9.91,9.91,9.91,9.91,300.0,BFK
2023-03-22 11:09:00,9.92,9.92,9.92,9.92,200.0,BFK
2023-03-22 11:08:00,9.93,9.93,9.92,9.92,510.0,BFK
2023-03-22 11:07:00,9.93,9.93,9.93,9.93,200.0,BFK
2023-03-22 11:06:00,9.93,9.93,9.93,9.93,200.0,BFK
2023-03-22 11:02:00,9.94,9.94,9.94,9.94,1065.0,BFK
2023-03-22 11:01:00,9.94,9.94,9.94,9.94,1300.0,BFK
2023-03-22 11:00:00,9.9321,9.9435,9.9321,9.9435,3500.0,BFK
2023-03-22 10:59:00,9.935,9.935,9.93,9.9301,1000.0,BFK
2023-03-22 10:58:00,9.93,9.94,9.93,9.931,2500.0,BFK
2023-03-22 10:57:00,9.91,9.93,9.91,9.93,2870.0,BFK
2023-03-22 10:56:00,9.9,9.9,9.9,9.9,200.0,BFK
2023-03-22 10:55:00,9.9,9.9,9.9,9.9,100.0,BFK
2023-03-22 10:54:00,9.9,9.9,9.9,9.9,200.0,BFK
2023-03-22 10:53:00,9.9,9.9,9.9,9.9,100.0,BFK
2023-03-22 10:52:00,9.9,9.9,9.9,9.9,100.0,BFK
2023-03-22 10:51:00,9.9,9.9,9.9,9.9,200.0,BFK
2023-03-22 10:50:00,9.9,9.9,9.9,9.9,150.0,BFK
2023-03-22 10:49:00,9.9,9.9,9.9,9.9,100.0,BFK
2023-03-22 10:48:00,9.9,9.9,9.9,9.9,200.0,BFK
2023-03-22 10:47:00,9.9,9.9,9.9,9.9,100.0,BFK
2023-03-22 10:46:00,9.9,9.9075,9.9,9.9075,400.0,BFK
2023-03-22 10:45:00,9.9,9.9,9.9,9.9,200.0,BFK
2023-03-22 10:44:00,9.9095,9.9095,9.9,9.905,1000.0,BFK
2023-03-22 10:43:00,9.9065,9.9065,9.9,9.9,900.0,BFK
2023-03-22 10:42:00,9.91,9.91,9.9,9.9,1112.0,BFK
2023-03-22 10:41:00,9.91,9.91,9.91,9.91,201.0,BFK
2023-03-22 10:40:00,9.91,9.915,9.91,9.915,300.0,BFK
2023-03-22 10:39:00,9.91,9.91,9.91,9.91,253.0,BFK
2023-03-22 10:38:00,9.915,9.92,9.915,9.92,522.0,BFK
2023-03-22 10:37:00,9.91,9.9193,9.91,9.91,500.0,BFK
2023-03-22 10:36:00,9.91,9.9191,9.91,9.91,500.0,BFK
2023-03-22 10:35:00,9.91,9.9172,9.91,9.9172,700.0,BFK
2023-03-22 10:34:00,9.91,9.91,9.91,9.91,200.0,BFK
2023-03-22 10:33:00,9.91,9.91,9.91,9.91,100.0,BFK
2023-03-22 10:32:00,9.92,9.92,9.92,9.92,200.0,BFK
2023-03-22 10:31:00,9.91,9.92,9.91,9.92,700.0,BFK
2023-03-22 10:30:00,9.91,9.9176,9.91,9.91,500.0,BFK
2023-03-22 10:29:00,9.9,9.9187,9.9,9.915,700.0,BFK
2023-03-22 10:28:00,9.9,9.9,9.9,9.9,100.0,BFK
2023-03-22 10:27:00,9.9,9.9,9.9,9.9,200.0,BFK
2023-03-22 10:26:00,9.9,9.9,9.9,9.9,100.0,BFK
2023-03-22 10:25:00,9.9,9.9,9.9,9.9,200.0,BFK
2023-03-22 10:24:00,9.9,9.9182,9.9,9.9182,200.0,BFK
2023-03-22 10:23:00,9.9,9.9199,9.9,9.9,400.0,BFK
2023-03-22 10:22:00,9.9,9.9,9.9,9.9,155.0,BFK
2023-03-22 10:21:00,9.9,9.9174,9.9,9.9174,801.0,BFK
2023-03-22 10:20:00,9.93,9.93,9.91,9.9126,1313.0,BFK
2023-03-22 10:19:00,9.93,9.9333,9.93,9.9333,2700.0,BFK
2023-03-22 10:18:00,9.93,9.93,9.93,9.93,200.0,BFK
2023-03-22 10:17:00,9.93,9.93,9.93,9.93,100.0,BFK
2023-03-22 10:16:00,9.93,9.93,9.93,9.93,200.0,BFK
2023-03-22 10:15:00,9.93,9.93,9.93,9.93,100.0,BFK
2023-03-22 10:14:00,9.93,9.93,9.93,9.93,100.0,BFK
2023-03-22 10:12:00,9.93,9.94,9.93,9.935,700.0,BFK
2023-03-22 10:11:00,9.93,9.94,9.93,9.94,383.0,BFK
2023-03-22 10:10:00,9.93,9.93,9.93,9.93,200.0,BFK
2023-03-22 10:08:00,9.94,9.94,9.94,9.94,711.0,BFK
2023-03-22 10:07:00,9.95,9.95,9.94,9.94,432.0,BFK
2023-03-22 10:06:00,9.95,9.95,9.95,9.95,200.0,BFK
2023-03-22 10:05:00,9.95,9.95,9.95,9.95,100.0,BFK
2023-03-22 10:04:00,9.95,9.95,9.95,9.95,301.0,BFK
2023-03-22 10:03:00,9.95,9.95,9.95,9.95,100.0,BFK
2023-03-22 10:02:00,9.95,9.95,9.95,9.95,200.0,BFK
2023-03-22 10:01:00,9.95,9.95,9.95,9.95,167.0,BFK
2023-03-22 10:00:00,9.95,9.95,9.95,9.95,200.0,BFK
2023-03-22 09:59:00,9.95,9.95,9.95,9.95,200.0,BFK
2023-03-22 09:58:00,9.95,9.95,9.95,9.95,100.0,BFK
2023-03-22 09:57:00,9.95,9.95,9.95,9.95,400.0,BFK
2023-03-22 09:55:00,9.945,9.9506,9.945,9.9506,1700.0,BFK
2023-03-22 09:54:00,9.95,9.95,9.94,9.94,200.0,BFK
2023-03-22 09:53:00,9.94,9.94,9.94,9.94,200.0,BFK
2023-03-22 09:52:00,9.94,9.94,9.94,9.94,100.0,BFK
2023-03-22 09:51:00,9.93,9.95,9.93,9.95,509.0,BFK
2023-03-22 09:50:00,9.93,9.94,9.93,9.94,200.0,BFK
2023-03-22 09:49:00,9.92,9.935,9.92,9.935,400.0,BFK
2023-03-22 09:48:00,9.92,9.93,9.92,9.93,500.0,BFK
2023-03-22 09:47:00,9.92,9.92,9.92,9.92,200.0,BFK
2023-03-22 09:46:00,9.94,9.94,9.92,9.926,1100.0,BFK
2023-03-22 09:45:00,9.94,9.94,9.94,9.94,100.0,BFK
2023-03-22 09:44:00,9.94,9.94,9.94,9.94,100.0,BFK
2023-03-22 09:43:00,9.94,9.94,9.94,9.94,900.0,BFK
2023-03-22 09:42:00,9.94,9.94,9.94,9.94,200.0,BFK
2023-03-22 09:41:00,9.94,9.94,9.94,9.94,100.0,BFK
2023-03-22 09:40:00,9.94,9.94,9.94,9.94,200.0,BFK
2023-03-22 09:39:00,9.94,9.94,9.94,9.94,100.0,BFK
2023-03-22 09:38:00,9.94,9.94,9.94,9.94,100.0,BFK
2023-03-22 09:37:00,9.94,9.94,9.94,9.94,200.0,BFK
2023-03-22 09:36:00,9.93,9.94,9.93,9.94,200.0,BFK
2023-03-22 09:31:00,9.92,9.92,9.92,9.92,6017.0,BFK
2023-03-21 16:00:00,9.94,9.95,9.94,9.945,1051.0,BFK
2023-03-21 15:59:00,9.94,9.94,9.94,9.94,260.0,BFK
2023-03-21 15:58:00,9.94,9.95,9.94,9.945,650.0,BFK
2023-03-21 15:57:00,9.94,9.94,9.94,9.94,2100.0,BFK
2023-03-21 15:56:00,9.93,9.935,9.93,9.935,1226.0,BFK
2023-03-21 15:54:00,9.93,9.93,9.93,9.93,100.0,BFK
2023-03-21 15:51:00,9.935,9.935,9.93,9.93,1060.0,BFK
2023-03-21 15:49:00,9.94,9.94,9.94,9.94,100.0,BFK
2023-03-21 15:41:00,9.94,9.94,9.94,9.94,200.0,BFK
2023-03-21 15:40:00,9.94,9.94,9.94,9.94,200.0,BFK
2023-03-21 15:39:00,9.94,9.94,9.94,9.94,786.0,BFK
2023-03-21 15:35:00,9.94,9.94,9.94,9.94,100.0,BFK
2023-03-21 15:27:00,9.94,9.945,9.94,9.945,1300.0,BFK
2023-03-21 14:59:00,9.935,9.935,9.935,9.935,1000.0,BFK
2023-03-21 14:52:00,9.935,9.935,9.93,9.9333,2380.0,BFK
2023-03-21 14:34:00,9.93,9.9301,9.93,9.93,1500.0,BFK
2023-03-21 14:31:00,9.925,9.93,9.925,9.93,2148.0,BFK
2023-03-21 14:26:00,9.92,9.925,9.92,9.925,1467.0,BFK
2023-03-21 14:21:00,9.9138,9.9138,9.9138,9.9138,500.0,BFK
2023-03-21 14:13:00,9.915,9.915,9.915,9.915,2000.0,BFK
2023-03-21 14:08:00,9.915,9.915,9.91,9.91,4127.0,BFK
2023-03-21 14:05:00,9.915,9.92,9.915,9.915,9500.0,BFK
2023-03-21 13:36:00,9.91,9.91,9.91,9.91,100.0,BFK
2023-03-21 13:30:00,9.91,9.91,9.91,9.91,300.0,BFK
2023-03-21 13:25:00,9.91,9.915,9.91,9.915,2600.0,BFK
2023-03-21 13:09:00,9.9109,9.9109,9.9109,9.9109,750.0,BFK
2023-03-21 13:04:00,9.91,9.9101,9.91,9.91,1068.0,BFK
2023-03-21 13:02:00,9.9171,9.9171,9.9171,9.9171,200.0,BFK
2023-03-21 12:54:00,9.91,9.9147,9.91,9.91,500.0,BFK
2023-03-21 12:52:00,9.9136,9.9136,9.9136,9.9136,300.0,BFK
2023-03-21 12:43:00,9.91,9.91,9.91,9.91,300.0,BFK
2023-03-21 12:39:00,9.915,9.915,9.91,9.91,1707.0,BFK
2023-03-21 12:29:00,9.9114,9.9114,9.9114,9.9114,100.0,BFK
2023-03-21 12:28:00,9.91,9.9113,9.91,9.9113,800.0,BFK
2023-03-21 12:26:00,9.9198,9.9198,9.9198,9.9198,1200.0,BFK
2023-03-21 12:18:00,9.905,9.905,9.905,9.905,1556.0,BFK
2023-03-21 12:16:00,9.905,9.905,9.905,9.905,200.0,BFK
2023-03-21 12:09:00,9.9,9.9,9.8952,9.9,1466.0,BFK
2023-03-21 11:48:00,9.901,9.901,9.9008,9.9008,1000.0,BFK
2023-03-21 11:45:00,9.905,9.905,9.905,9.905,300.0,BFK
2023-03-21 11:44:00,9.9069,9.9069,9.905,9.905,700.0,BFK
2023-03-21 11:43:00,9.91,9.91,9.9,9.905,2033.0,BFK
2023-03-21 11:37:00,9.91,9.9105,9.91,9.91,3100.0,BFK
2023-03-21 11:31:00,9.911,9.913,9.91,9.9101,2187.0,BFK
2023-03-21 11:30:00,9.91,9.91,9.91,9.91,913.0,BFK
2023-03-21 11:27:00,9.92,9.92,9.9152,9.9152,600.0,BFK
2023-03-21 11:26:00,9.91,9.92,9.91,9.9152,1400.0,BFK
2023-03-21 11:25:00,9.91,9.91,9.91,9.91,100.0,BFK
2023-03-21 11:24:00,9.91,9.91,9.91,9.91,200.0,BFK
2023-03-21 11:23:00,9.93,9.93,9.91,9.91,3630.0,BFK
2023-03-21 11:22:00,9.93,9.93,9.93,9.93,2400.0,BFK
2023-03-21 11:21:00,9.93,9.93,9.93,9.93,100.0,BFK
2023-03-21 11:20:00,9.93,9.93,9.93,9.93,100.0,BFK
2023-03-21 11:19:00,9.93,9.93,9.93,9.93,300.0,BFK
2023-03-21 11:18:00,9.93,9.93,9.93,9.93,100.0,BFK
2023-03-21 11:17:00,9.93,9.93,9.93,9.93,100.0,BFK
2023-03-21 11:11:00,9.94,9.94,9.935,9.935,1603.0,BFK
2023-03-21 11:10:00,9.94,9.94,9.94,9.94,100.0,BFK
2023-03-21 11:09:00,9.94,9.94,9.94,9.94,300.0,BFK
2023-03-21 11:08:00,9.94,9.94,9.94,9.94,200.0,BFK
2023-03-21 10:59:00,9.94,9.94,9.94,9.94,2000.0,BFK
2023-03-21 10:58:00,9.93,9.93,9.93,9.93,1100.0,BFK
2023-03-21 10:57:00,9.93,9.93,9.93,9.93,400.0,BFK
2023-03-21 10:53:00,9.93,9.93,9.93,9.93,500.0,BFK
2023-03-21 10:52:00,9.93,9.93,9.925,9.93,2700.0,BFK
2023-03-21 10:51:00,9.93,9.93,9.93,9.93,700.0,BFK
2023-03-21 10:50:00,9.93,9.93,9.93,9.93,200.0,BFK
2023-03-21 10:48:00,9.93,9.93,9.93,9.93,207.0,BFK
2023-03-21 10:47:00,9.93,9.93,9.93,9.93,200.0,BFK
2023-03-21 10:46:00,9.93,9.93,9.93,9.93,200.0,BFK
2023-03-21 10:44:00,9.94,9.94,9.93,9.93,400.0,BFK
2023-03-21 10:43:00,9.94,9.94,9.94,9.94,300.0,BFK
2023-03-21 10:42:00,9.94,9.94,9.94,9.94,200.0,BFK
2023-03-21 10:40:00,9.94,9.94,9.94,9.94,2713.0,BFK
2023-03-21 10:39:00,9.9487,9.9487,9.945,9.945,400.0,BFK
2023-03-21 10:36:00,9.95,9.95,9.94,9.95,1900.0,BFK
2023-03-21 10:32:00,9.95,9.95,9.95,9.95,100.0,BFK
2023-03-21 10:30:00,9.93,9.94,9.93,9.94,2714.0,BFK
2023-03-21 10:29:00,9.92,9.92,9.92,9.92,400.0,BFK
2023-03-21 10:28:00,9.92,9.92,9.92,9.92,200.0,BFK
2023-03-21 10:27:00,9.93,9.93,9.93,9.93,200.0,BFK
2023-03-21 10:26:00,9.93,9.93,9.93,9.93,200.0,BFK
2023-03-21 10:25:00,9.93,9.93,9.93,9.93,200.0,BFK
2023-03-21 10:24:00,9.94,9.94,9.93,9.93,200.0,BFK
2023-03-21 10:22:00,9.94,9.94,9.94,9.94,100.0,BFK
2023-03-21 10:20:00,9.94,9.94,9.94,9.94,678.0,BFK
2023-03-21 10:19:00,9.95,9.95,9.94,9.945,1355.0,BFK
2023-03-21 10:18:00,9.95,9.95,9.95,9.95,200.0,BFK
2023-03-21 10:17:00,9.95,9.95,9.95,9.95,239.0,BFK
2023-03-21 10:16:00,9.95,9.95,9.95,9.95,200.0,BFK
2023-03-21 10:15:00,9.95,9.95,9.95,9.95,143.0,BFK
2023-03-21 10:11:00,9.95,9.96,9.95,9.95,3005.0,BFK
2023-03-21 10:10:00,9.95,9.95,9.95,9.95,200.0,BFK
2023-03-21 10:09:00,9.95,9.95,9.95,9.95,100.0,BFK
2023-03-21 10:08:00,9.95,9.9542,9.95,9.95,1410.0,BFK
2023-03-21 10:07:00,9.95,9.95,9.95,9.95,100.0,BFK
2023-03-21 10:03:00,9.95,9.95,9.95,9.95,400.0,BFK
2023-03-21 10:00:00,9.955,9.955,9.955,9.955,101.0,BFK
2023-03-21 09:59:00,9.95,9.95,9.95,9.95,400.0,BFK
2023-03-21 09:57:00,9.95,9.95,9.95,9.95,300.0,BFK
2023-03-21 09:55:00,9.955,9.955,9.955,9.955,100.0,BFK
2023-03-21 09:54:00,9.955,9.955,9.955,9.955,100.0,BFK
2023-03-21 09:52:00,9.955,9.955,9.955,9.955,100.0,BFK
2023-03-21 09:51:00,9.955,9.955,9.955,9.955,100.0,BFK
2023-03-21 09:48:00,9.96,9.96,9.96,9.96,1275.0,BFK
2023-03-21 09:47:00,9.96,9.9642,9.96,9.96,639.0,BFK
2023-03-21 09:46:00,9.96,9.96,9.96,9.96,2074.0,BFK
2023-03-21 09:45:00,9.98,9.98,9.97,9.97,363.0,BFK
2023-03-21 09:42:00,9.96,9.98,9.96,9.98,2892.0,BFK
2023-03-21 09:41:00,9.96,9.96,9.96,9.96,100.0,BFK
2023-03-21 09:36:00,10.0,10.0,10.0,10.0,667.0,BFK
2023-03-21 09:33:00,10.0,10.0,10.0,10.0,4433.0,BFK
2023-03-21 09:31:00,10.0,10.0,10.0,10.0,4913.0,BFK
2023-03-21 09:24:00,10.0,10.0,10.0,10.0,268.0,BFK
2023-03-20 16:00:00,9.99,10.0,9.99,9.995,1258.0,BFK
2023-03-20 15:59:00,9.99,9.99,9.99,9.99,521.0,BFK
2023-03-20 15:58:00,9.995,9.995,9.995,9.995,100.0,BFK
2023-03-20 15:53:00,9.995,9.995,9.995,9.995,200.0,BFK
2023-03-20 15:52:00,9.995,9.995,9.995,9.995,100.0,BFK
2023-03-20 15:51:00,9.995,9.995,9.995,9.995,100.0,BFK
2023-03-20 15:50:00,10.0,10.0,10.0,10.0,100.0,BFK
2023-03-20 15:46:00,9.9983,10.0,9.9983,10.0,275.0,BFK
2023-03-20 15:42:00,9.99,9.99,9.99,9.99,900.0,BFK
2023-03-20 15:41:00,9.995,9.995,9.995,9.995,100.0,BFK
2023-03-20 15:38:00,10.0,10.0,10.0,10.0,100.0,BFK
2023-03-20 15:31:00,10.0,10.0,10.0,10.0,100.0,BFK
2023-03-20 15:30:00,10.0,10.0,10.0,10.0,100.0,BFK
2023-03-20 15:29:00,10.0,10.0,10.0,10.0,243.0,BFK
2023-03-20 15:28:00,10.0,10.0,10.0,10.0,300.0,BFK
2023-03-20 15:27:00,10.0,10.0,10.0,10.0,100.0,BFK
2023-03-20 15:26:00,10.0,10.0,9.995,9.995,200.0,BFK
2023-03-20 15:25:00,10.0,10.0,9.995,9.995,200.0,BFK
2023-03-20 15:24:00,9.995,10.0,9.995,9.995,425.0,BFK
2023-03-20 15:23:00,10.0,10.0,10.0,10.0,200.0,BFK
2023-03-20 15:22:00,10.0,10.0,9.995,9.995,200.0,BFK
2023-03-20 15:21:00,10.0,10.0,10.0,10.0,3000.0,BFK
2023-03-20 15:20:00,9.995,9.995,9.995,9.995,100.0,BFK
2023-03-20 15:19:00,9.995,9.995,9.995,9.995,100.0,BFK
2023-03-20 15:14:00,9.995,9.995,9.995,9.995,100.0,BFK
2023-03-20 15:13:00,9.99,9.9901,9.99,9.99,5200.0,BFK
2023-03-20 14:58:00,9.995,9.995,9.99,9.99,296.0,BFK
2023-03-20 14:48:00,9.99,9.9901,9.99,9.99,3500.0,BFK
2023-03-20 14:40:00,9.99,9.99,9.99,9.99,1800.0,BFK
2023-03-20 14:32:00,9.995,9.995,9.995,9.995,200.0,BFK
2023-03-20 14:07:00,10.0,10.0,9.995,9.995,8100.0,BFK
2023-03-20 13:50:00,9.995,9.995,9.995,9.995,100.0,BFK
2023-03-20 13:49:00,9.99,10.0,9.99,9.99,2600.0,BFK
2023-03-20 13:46:00,10.0,10.0,10.0,10.0,2696.0,BFK
2023-03-20 13:29:00,10.0,10.0,10.0,10.0,1500.0,BFK
2023-03-20 13:10:00,10.0058,10.0058,10.0058,10.0058,150.0,BFK
2023-03-20 12:47:00,10.005,10.005,10.005,10.005,100.0,BFK
2023-03-20 12:46:00,10.015,10.015,10.0,10.005,4670.0,BFK
2023-03-20 12:44:00,10.01,10.015,10.01,10.015,658.0,BFK
2023-03-20 12:32:00,10.005,10.005,10.005,10.005,100.0,BFK
2023-03-20 12:19:00,10.005,10.005,10.005,10.005,100.0,BFK
2023-03-20 12:09:00,10.0,10.0,10.0,10.0,100.0,BFK
2023-03-20 12:08:00,10.0,10.0005,10.0,10.0,3002.0,BFK
2023-03-20 11:27:00,10.0,10.0,10.0,10.0,1500.0,BFK
2023-03-20 11:17:00,10.005,10.005,10.005,10.005,100.0,BFK
2023-03-20 11:15:00,10.0,10.0,10.0,10.0,764.0,BFK
2023-03-20 10:54:00,9.99,9.99,9.99,9.99,1296.0,BFK
2023-03-20 10:52:00,9.99,9.99,9.99,9.99,400.0,BFK
2023-03-20 10:51:00,9.99,9.99,9.99,9.99,500.0,BFK
2023-03-20 10:50:00,9.99,9.99,9.99,9.99,500.0,BFK
2023-03-20 10:49:00,9.99,9.99,9.99,9.99,600.0,BFK
2023-03-20 10:48:00,9.99,9.99,9.99,9.99,500.0,BFK
2023-03-20 10:47:00,9.99,9.99,9.99,9.99,397.0,BFK
2023-03-20 10:46:00,9.99,9.99,9.99,9.99,900.0,BFK
2023-03-20 10:45:00,9.99,9.99,9.99,9.99,500.0,BFK
2023-03-20 10:44:00,9.99,9.99,9.99,9.99,500.0,BFK
2023-03-20 10:43:00,9.99,9.99,9.99,9.99,500.0,BFK
2023-03-20 10:42:00,9.99,9.99,9.99,9.99,601.0,BFK
2023-03-20 10:41:00,9.99,9.99,9.99,9.99,200.0,BFK
2023-03-20 10:40:00,9.99,10.0,9.99,10.0,1300.0,BFK
2023-03-20 10:39:00,9.99,9.99,9.99,9.99,300.0,BFK
2023-03-20 10:38:00,9.99,10.0,9.99,9.99,1700.0,BFK
2023-03-20 10:37:00,10.0,10.0,10.0,10.0,500.0,BFK
2023-03-20 10:36:00,10.0,10.0,10.0,10.0,404.0,BFK
2023-03-20 10:35:00,10.0,10.0,10.0,10.0,1000.0,BFK
2023-03-20 10:34:00,10.0,10.0,10.0,10.0,900.0,BFK
2023-03-20 10:33:00,10.0,10.0,10.0,10.0,700.0,BFK
2023-03-20 10:32:00,10.0,10.0,10.0,10.0,100.0,BFK
2023-03-20 10:31:00,10.0,10.0,10.0,10.0,600.0,BFK
2023-03-20 10:30:00,10.005,10.005,10.0,10.0,900.0,BFK
2023-03-20 10:29:00,10.01,10.01,10.01,10.01,898.0,BFK
2023-03-20 10:28:00,10.0113,10.0113,10.01,10.01,320.0,BFK
2023-03-20 10:27:00,10.01,10.01,10.01,10.01,2300.0,BFK
2023-03-20 10:26:00,10.01,10.01,10.01,10.01,500.0,BFK
2023-03-20 10:25:00,10.01,10.01,10.01,10.01,700.0,BFK
2023-03-20 10:24:00,10.01,10.01,10.01,10.01,700.0,BFK
2023-03-20 10:23:00,10.01,10.01,10.01,10.01,300.0,BFK
2023-03-20 10:22:00,10.0125,10.0125,10.01,10.01,1405.0,BFK
2023-03-20 10:21:00,10.01,10.01,10.01,10.01,600.0,BFK
2023-03-20 10:09:00,10.015,10.015,10.015,10.015,100.0,BFK
2023-03-20 09:56:00,10.02,10.02,10.01,10.01,800.0,BFK
2023-03-20 09:50:00,10.02,10.02,10.02,10.02,5840.0,BFK
2023-03-20 09:49:00,10.02,10.02,10.02,10.02,100.0,BFK
2023-03-20 09:44:00,10.03,10.03,10.03,10.03,440.0,BFK
2023-03-20 09:36:00,10.04,10.04,10.04,10.04,100.0,BFK
2023-03-20 09:31:00,10.04,10.04,10.04,10.04,6086.0,BFK
2023-03-17 16:00:00,10.04,10.06,10.03,10.04,7676.0,BFK
2023-03-17 15:59:00,10.05,10.05,10.045,10.045,1239.0,BFK
2023-03-17 15:58:00,10.04,10.05,10.04,10.05,2171.0,BFK
2023-03-17 15:57:00,10.03,10.035,10.03,10.035,5173.0,BFK
2023-03-17 15:55:00,10.04,10.045,10.03,10.03,15288.0,BFK
2023-03-17 15:54:00,10.05,10.055,10.04,10.04,8812.0,BFK
2023-03-17 15:52:00,10.06,10.06,10.06,10.06,151.0,BFK
2023-03-17 15:44:00,10.06,10.06,10.06,10.06,100.0,BFK
2023-03-17 15:41:00,10.0594,10.0594,10.0594,10.0594,134.0,BFK
2023-03-17 15:39:00,10.06,10.06,10.06,10.06,100.0,BFK
2023-03-17 15:38:00,10.06,10.06,10.055,10.06,400.0,BFK
2023-03-17 15:37:00,10.06,10.06,10.06,10.06,100.0,BFK
2023-03-17 15:36:00,10.06,10.06,10.06,10.06,100.0,BFK
2023-03-17 15:34:00,10.06,10.06,10.06,10.06,517.0,BFK
2023-03-17 15:33:00,10.07,10.07,10.07,10.07,200.0,BFK
2023-03-17 15:32:00,10.07,10.07,10.07,10.07,100.0,BFK
2023-03-17 15:29:00,10.06,10.06,10.06,10.06,226.0,BFK
2023-03-17 15:26:00,10.06,10.06,10.06,10.06,5608.0,BFK
2023-03-17 15:24:00,10.06,10.06,10.06,10.06,100.0,BFK
2023-03-17 15:16:00,10.05,10.05,10.05,10.05,900.0,BFK
2023-03-17 15:04:00,10.04,10.04,10.04,10.04,200.0,BFK
2023-03-17 14:58:00,10.04,10.04,10.04,10.04,100.0,BFK
2023-03-17 14:51:00,10.04,10.04,10.04,10.04,200.0,BFK
2023-03-17 14:50:00,10.04,10.04,10.04,10.04,430.0,BFK
2023-03-17 14:46:00,10.04,10.04,10.04,10.04,133.0,BFK
2023-03-17 14:44:00,10.04,10.04,10.04,10.04,188.0,BFK
2023-03-17 14:22:00,10.0353,10.0353,10.0353,10.0353,1000.0,BFK
2023-03-17 13:58:00,10.04,10.04,10.04,10.04,100.0,BFK
2023-03-17 13:57:00,10.04,10.04,10.04,10.04,100.0,BFK
2023-03-17 13:44:00,10.04,10.04,10.04,10.04,319.0,BFK
2023-03-17 13:32:00,10.04,10.04,10.04,10.04,225.0,BFK
2023-03-17 13:28:00,10.04,10.04,10.04,10.04,600.0,BFK
2023-03-17 13:24:00,10.0351,10.0351,10.0351,10.0351,1500.0,BFK
2023-03-17 13:18:00,10.0351,10.0351,10.0351,10.0351,1500.0,BFK
2023-03-17 13:09:00,10.035,10.04,10.035,10.04,5300.0,BFK
2023-03-17 13:04:00,10.03,10.03,10.03,10.03,505.0,BFK
2023-03-17 12:53:00,10.025,10.025,10.025,10.025,100.0,BFK
2023-03-17 12:49:00,10.015,10.02,10.015,10.02,3658.0,BFK
2023-03-17 12:37:00,10.01,10.0101,10.01,10.0101,1494.0,BFK
2023-03-17 12:35:00,10.02,10.02,10.02,10.02,1640.0,BFK
2023-03-17 11:59:00,10.01,10.01,10.01,10.01,165.0,BFK
2023-03-17 11:58:00,10.01,10.01,10.01,10.01,959.0,BFK
2023-03-17 11:46:00,10.015,10.0176,10.01,10.01,8311.0,BFK
2023-03-17 11:34:00,10.0,10.01,10.0,10.01,2550.0,BFK
2023-03-17 11:31:00,9.995,9.995,9.995,9.995,106.0,BFK
2023-03-17 11:24:00,9.995,9.995,9.995,9.995,100.0,BFK
2023-03-17 11:20:00,9.995,9.995,9.995,9.995,110.0,BFK
2023-03-17 11:15:00,9.995,9.995,9.995,9.995,1375.0,BFK
2023-03-17 11:07:00,9.995,9.995,9.995,9.995,113.0,BFK
2023-03-17 11:06:00,9.99,9.99,9.99,9.99,191.0,BFK
2023-03-17 11:02:00,9.99,9.99,9.99,9.99,616.0,BFK
2023-03-17 11:01:00,9.99,9.99,9.99,9.99,601.0,BFK
2023-03-17 11:00:00,9.99,9.99,9.99,9.99,600.0,BFK
2023-03-17 10:59:00,9.99,9.99,9.99,9.99,500.0,BFK
2023-03-17 10:58:00,9.99,9.99,9.99,9.99,719.0,BFK
2023-03-17 10:57:00,10.0,10.0,9.99,9.99,2362.0,BFK
2023-03-17 10:56:00,10.0,10.0,10.0,10.0,800.0,BFK
2023-03-17 10:55:00,10.0,10.0,10.0,10.0,600.0,BFK
2023-03-17 10:54:00,10.0,10.0,10.0,10.0,1300.0,BFK
2023-03-17 10:53:00,10.0,10.0001,10.0,10.0,1375.0,BFK
2023-03-17 10:52:00,10.0,10.0,10.0,10.0,1139.0,BFK
2023-03-17 10:51:00,10.0,10.0,10.0,10.0,600.0,BFK
2023-03-17 10:50:00,10.005,10.005,10.0,10.0,400.0,BFK
2023-03-17 10:49:00,10.005,10.005,10.005,10.005,700.0,BFK
2023-03-17 10:48:00,10.005,10.005,10.005,10.005,600.0,BFK
2023-03-17 10:47:00,10.005,10.005,10.005,10.005,700.0,BFK
2023-03-17 10:46:00,10.0,10.005,10.0,10.005,1900.0,BFK
2023-03-17 10:45:00,10.005,10.005,10.0,10.0,700.0,BFK
2023-03-17 10:44:00,10.005,10.01,10.005,10.005,1300.0,BFK
2023-03-17 10:28:00,10.0001,10.0001,10.0001,10.0001,500.0,BFK
2023-03-17 10:27:00,10.005,10.005,10.0,10.0,1366.0,BFK
2023-03-17 10:25:00,10.005,10.005,10.005,10.005,100.0,BFK
2023-03-17 10:22:00,10.0,10.0,10.0,10.0,300.0,BFK
2023-03-17 10:21:00,10.0,10.0,10.0,10.0,268.0,BFK
2023-03-17 10:19:00,10.0,10.0,10.0,10.0,1100.0,BFK
2023-03-17 10:16:00,10.0,10.0,10.0,10.0,500.0,BFK
2023-03-17 10:15:00,10.0,10.0,10.0,10.0,100.0,BFK
2023-03-17 10:12:00,10.02,10.02,10.0,10.0,18703.0,BFK
2023-03-17 10:11:00,10.02,10.0201,10.02,10.02,1340.0,BFK
2023-03-17 10:09:00,10.02,10.0205,10.02,10.02,1710.0,BFK
2023-03-17 10:06:00,10.04,10.04,10.04,10.04,134.0,BFK
2023-03-17 10:05:00,10.03,10.03,10.03,10.03,1140.0,BFK
2023-03-17 10:03:00,10.03,10.03,10.03,10.03,590.0,BFK
2023-03-17 10:02:00,10.03,10.03,10.03,10.03,100.0,BFK
2023-03-17 10:01:00,10.035,10.04,10.03,10.03,500.0,BFK
2023-03-17 09:59:00,10.035,10.035,10.0301,10.0301,620.0,BFK
2023-03-17 09:51:00,10.03,10.03,10.03,10.03,1140.0,BFK
2023-03-17 09:50:00,10.04,10.04,10.04,10.04,1915.0,BFK
2023-03-17 09:49:00,10.05,10.05,10.04,10.04,233.0,BFK
2023-03-17 09:47:00,10.05,10.05,10.04,10.04,932.0,BFK
2023-03-17 09:44:00,10.05,10.05,10.05,10.05,200.0,BFK
2023-03-17 09:41:00,10.05,10.05,10.05,10.05,800.0,BFK
2023-03-17 09:39:00,10.05,10.05,10.05,10.05,100.0,BFK
2023-03-17 09:36:00,10.05,10.05,10.05,10.05,500.0,BFK
2023-03-17 09:34:00,10.05,10.05,10.05,10.05,1799.0,BFK
2023-03-17 09:31:00,10.05,10.05,10.05,10.05,5935.0,BFK
2023-03-16 16:00:00,10.05,10.06,10.03,10.05,2742.0,BFK
2023-03-16 15:59:00,10.06,10.06,10.05,10.05,1596.0,BFK
2023-03-16 15:58:00,10.05,10.05,10.04,10.05,3636.0,BFK
2023-03-16 15:56:00,10.06,10.06,10.06,10.06,211.0,BFK
2023-03-16 15:55:00,10.06,10.06,10.06,10.06,200.0,BFK
2023-03-16 15:54:00,10.06,10.06,10.06,10.06,100.0,BFK
2023-03-16 15:53:00,10.05,10.05,10.05,10.05,1560.0,BFK
2023-03-16 15:52:00,10.06,10.06,10.06,10.06,100.0,BFK
2023-03-16 15:51:00,10.05,10.05,10.05,10.05,810.0,BFK
2023-03-16 15:49:00,10.05,10.05,10.05,10.05,100.0,BFK
2023-03-16 15:48:00,10.05,10.05,10.05,10.05,140.0,BFK
2023-03-16 15:46:00,10.05,10.05,10.05,10.05,200.0,BFK
2023-03-16 15:42:00,10.05,10.05,10.05,10.05,191.0,BFK
2023-03-16 15:38:00,10.05,10.05,10.05,10.05,100.0,BFK
2023-03-16 15:35:00,10.05,10.05,10.05,10.05,100.0,BFK
2023-03-16 15:33:00,10.05,10.05,10.045,10.05,740.0,BFK
2023-03-16 15:31:00,10.06,10.06,10.06,10.06,100.0,BFK
2023-03-16 15:29:00,10.06,10.06,10.06,10.06,543.0,BFK
2023-03-16 15:09:00,10.06,10.06,10.06,10.06,280.0,BFK
2023-03-16 15:01:00,10.045,10.05,10.045,10.05,970.0,BFK
2023-03-16 14:59:00,10.045,10.045,10.045,10.045,1671.0,BFK
2023-03-16 14:58:00,10.045,10.045,10.045,10.045,133.0,BFK
2023-03-16 14:53:00,10.045,10.045,10.045,10.045,100.0,BFK
2023-03-16 14:41:00,10.045,10.045,10.045,10.045,140.0,BFK
2023-03-16 14:27:00,10.045,10.045,10.045,10.045,500.0,BFK
2023-03-16 14:19:00,10.04,10.04,10.04,10.04,100.0,BFK
2023-03-16 14:11:00,10.04,10.04,10.04,10.04,2080.0,BFK
2023-03-16 14:08:00,10.05,10.05,10.05,10.05,800.0,BFK
2023-03-16 14:01:00,10.06,10.06,10.05,10.06,3522.0,BFK
2023-03-16 13:57:00,10.06,10.06,10.06,10.06,640.0,BFK
2023-03-16 13:53:00,10.065,10.065,10.065,10.065,100.0,BFK
2023-03-16 13:51:00,10.06,10.06,10.06,10.06,100.0,BFK
2023-03-16 13:46:00,10.065,10.065,10.065,10.065,300.0,BFK
2023-03-16 13:42:00,10.07,10.07,10.05,10.06,3658.0,BFK
2023-03-16 13:28:00,10.075,10.075,10.075,10.075,100.0,BFK
2023-03-16 13:23:00,10.07,10.0747,10.07,10.0747,1439.0,BFK
2023-03-16 13:18:00,10.07,10.07,10.07,10.07,500.0,BFK
2023-03-16 13:16:00,10.07,10.07,10.07,10.07,100.0,BFK
2023-03-16 13:07:00,10.07,10.07,10.07,10.07,200.0,BFK
2023-03-16 12:54:00,10.0602,10.065,10.06,10.065,4020.0,BFK
2023-03-16 12:44:00,10.08,10.08,10.08,10.08,840.0,BFK
2023-03-16 12:39:00,10.09,10.09,10.085,10.085,1555.0,BFK
2023-03-16 12:38:00,10.09,10.09,10.09,10.09,100.0,BFK
2023-03-16 12:26:00,10.09,10.09,10.09,10.09,100.0,BFK
2023-03-16 12:19:00,10.0982,10.0982,10.0982,10.0982,102.0,BFK
2023-03-16 12:13:00,10.095,10.095,10.095,10.095,100.0,BFK
2023-03-16 12:07:00,10.1,10.1,10.1,10.1,1490.0,BFK
2023-03-16 12:03:00,10.1,10.1,10.1,10.1,100.0,BFK
2023-03-16 11:53:00,10.105,10.105,10.105,10.105,100.0,BFK
2023-03-16 11:52:00,10.11,10.11,10.11,10.11,260.0,BFK
2023-03-16 11:48:00,10.11,10.11,10.11,10.11,2500.0,BFK
2023-03-16 11:33:00,10.115,10.115,10.115,10.115,100.0,BFK
2023-03-16 11:31:00,10.1172,10.1172,10.1172,10.1172,254.0,BFK
2023-03-16 11:19:00,10.11,10.1128,10.11,10.1128,742.0,BFK
2023-03-16 11:09:00,10.12,10.12,10.12,10.12,211.0,BFK
2023-03-16 10:56:00,10.1106,10.1106,10.1106,10.1106,170.0,BFK
2023-03-16 10:55:00,10.125,10.125,10.125,10.125,247.0,BFK
2023-03-16 10:54:00,10.1111,10.1111,10.1111,10.1111,165.0,BFK
2023-03-16 10:53:00,10.13,10.13,10.11,10.11,500.0,BFK
2023-03-16 10:52:00,10.14,10.14,10.14,10.14,600.0,BFK
2023-03-16 10:51:00,10.15,10.15,10.14,10.14,430.0,BFK
2023-03-16 10:49:00,10.15,10.15,10.15,10.15,500.0,BFK
2023-03-16 10:48:00,10.13,10.15,10.13,10.15,3200.0,BFK
2023-03-16 10:47:00,10.12,10.12,10.11,10.12,3527.0,BFK
2023-03-16 10:43:00,10.11,10.11,10.11,10.11,855.0,BFK
2023-03-16 10:42:00,10.09,10.1,10.09,10.1,2624.0,BFK
2023-03-16 10:41:00,10.08,10.08,10.08,10.08,1150.0,BFK
2023-03-16 10:37:00,10.0736,10.0736,10.0736,10.0736,1000.0,BFK
2023-03-16 10:36:00,10.075,10.075,10.075,10.075,182.0,BFK
2023-03-16 10:35:00,10.075,10.075,10.0725,10.075,1400.0,BFK
2023-03-16 10:32:00,10.07,10.07,10.07,10.07,100.0,BFK
2023-03-16 10:31:00,10.0679,10.0679,10.0679,10.0679,165.0,BFK
2023-03-16 10:30:00,10.07,10.07,10.07,10.07,100.0,BFK
2023-03-16 10:29:00,10.07,10.07,10.07,10.07,553.0,BFK
2023-03-16 10:28:00,10.1,10.1,10.06,10.06,12405.0,BFK
2023-03-16 10:24:00,10.105,10.11,10.105,10.11,1600.0,BFK
2023-03-16 10:23:00,10.09,10.1,10.09,10.1,957.0,BFK
2023-03-16 10:22:00,10.08,10.08,10.08,10.08,365.0,BFK
2023-03-16 10:16:00,10.08,10.08,10.08,10.08,100.0,BFK
2023-03-16 10:15:00,10.07,10.07,10.07,10.07,100.0,BFK
2023-03-16 10:14:00,10.08,10.09,10.07,10.07,1305.0,BFK
2023-03-16 10:08:00,10.08,10.08,10.08,10.08,805.0,BFK
2023-03-16 10:04:00,10.08,10.08,10.08,10.08,3636.0,BFK
2023-03-16 10:02:00,10.07,10.07,10.07,10.07,100.0,BFK
2023-03-16 10:01:00,10.08,10.09,10.07,10.08,5339.0,BFK
2023-03-16 09:57:00,10.07,10.07,10.07,10.07,400.0,BFK
2023-03-16 09:56:00,10.07,10.08,10.065,10.07,2794.0,BFK
2023-03-16 09:55:00,10.09,10.09,10.07,10.07,7325.0,BFK
2023-03-16 09:54:00,10.08,10.09,10.08,10.09,3600.0,BFK
2023-03-16 09:53:00,10.075,10.075,10.075,10.075,100.0,BFK
2023-03-16 09:52:00,10.075,10.075,10.075,10.075,100.0,BFK
2023-03-16 09:49:00,10.0788,10.0788,10.0788,10.0788,226.0,BFK
2023-03-16 09:47:00,10.08,10.08,10.08,10.08,1035.0,BFK
2023-03-16 09:46:00,10.085,10.085,10.08,10.08,570.0,BFK
2023-03-16 09:44:00,10.085,10.09,10.08,10.08,1750.0,BFK
2023-03-16 09:43:00,10.08,10.08,10.08,10.08,144.0,BFK
2023-03-16 09:42:00,10.08,10.08,10.08,10.08,200.0,BFK
2023-03-16 09:41:00,10.09,10.09,10.08,10.08,3490.0,BFK
2023-03-16 09:39:00,10.09,10.09,10.08,10.085,1294.0,BFK
2023-03-16 09:31:00,10.07,10.07,10.07,10.07,6595.0,BFK
2023-03-15 16:00:00,10.08,10.09,10.08,10.09,1599.0,BFK
2023-03-15 15:54:00,10.0859,10.0859,10.0859,10.0859,500.0,BFK
2023-03-15 15:39:00,10.08,10.08,10.08,10.08,200.0,BFK
2023-03-15 15:38:00,10.1,10.1,10.1,10.1,490.0,BFK
2023-03-15 15:37:00,10.09,10.09,10.09,10.09,200.0,BFK
2023-03-15 15:36:00,10.085,10.09,10.085,10.09,200.0,BFK
2023-03-15 15:35:00,10.09,10.1,10.09,10.1,200.0,BFK
2023-03-15 15:34:00,10.09,10.09,10.09,10.09,200.0,BFK
2023-03-15 15:33:00,10.085,10.085,10.085,10.085,200.0,BFK
2023-03-15 15:32:00,10.08,10.085,10.08,10.085,200.0,BFK
2023-03-15 15:31:00,10.075,10.075,10.075,10.075,240.0,BFK
2023-03-15 15:30:00,10.07,10.07,10.07,10.07,100.0,BFK
2023-03-15 15:27:00,10.07,10.07,10.07,10.07,100.0,BFK
2023-03-15 15:26:00,10.06,10.06,10.06,10.06,194.0,BFK
2023-03-15 15:23:00,10.055,10.055,10.055,10.055,300.0,BFK
2023-03-15 15:03:00,10.07,10.07,10.07,10.07,100.0,BFK
2023-03-15 15:00:00,10.0617,10.07,10.06,10.06,6130.0,BFK
2023-03-15 14:52:00,10.06,10.07,10.06,10.07,1133.0,BFK
2023-03-15 14:14:00,10.05,10.05,10.045,10.05,1000.0,BFK
2023-03-15 14:07:00,10.05,10.05,10.05,10.05,100.0,BFK
2023-03-15 14:04:00,10.0601,10.0601,10.0601,10.0601,1200.0,BFK
2023-03-15 14:00:00,10.06,10.06,10.06,10.06,289.0,BFK
2023-03-15 13:59:00,10.061,10.065,10.0605,10.065,3423.0,BFK
2023-03-15 13:53:00,10.07,10.07,10.07,10.07,304.0,BFK
2023-03-15 13:51:00,10.08,10.08,10.08,10.08,100.0,BFK
2023-03-15 13:48:00,10.0801,10.0801,10.0801,10.0801,500.0,BFK
2023-03-15 13:40:00,10.09,10.09,10.0806,10.0806,3350.0,BFK
2023-03-15 12:30:00,10.09,10.09,10.09,10.09,880.0,BFK
2023-03-15 12:25:00,10.09,10.09,10.09,10.09,100.0,BFK
2023-03-15 12:17:00,10.09,10.09,10.09,10.09,120.0,BFK
2023-03-15 12:02:00,10.09,10.09,10.09,10.09,100.0,BFK
2023-03-15 11:54:00,10.085,10.085,10.085,10.085,1600.0,BFK
2023-03-15 11:48:00,10.09,10.09,10.09,10.09,100.0,BFK
2023-03-15 11:39:00,10.08,10.08,10.08,10.08,100.0,BFK
2023-03-15 11:34:00,10.08,10.08,10.08,10.08,100.0,BFK
2023-03-15 11:27:00,10.075,10.08,10.075,10.08,3000.0,BFK
2023-03-15 11:24:00,10.075,10.075,10.075,10.075,200.0,BFK
2023-03-15 11:21:00,10.08,10.08,10.08,10.08,2696.0,BFK
2023-03-15 11:10:00,10.06,10.07,10.06,10.07,520.0,BFK
2023-03-15 11:06:00,10.055,10.055,10.055,10.055,200.0,BFK
2023-03-15 10:49:00,10.06,10.06,10.05,10.05,1678.0,BFK
2023-03-15 10:44:00,10.0593,10.06,10.059,10.06,5083.0,BFK
2023-03-15 10:43:00,10.05,10.05,10.05,10.05,100.0,BFK
2023-03-15 10:42:00,10.05,10.05,10.05,10.05,1822.0,BFK
2023-03-15 10:41:00,10.05,10.05,10.05,10.05,3349.0,BFK
2023-03-15 10:37:00,10.0593,10.0593,10.05,10.05,3105.0,BFK
2023-03-15 10:34:00,10.05,10.05,10.05,10.05,100.0,BFK
2023-03-15 10:33:00,10.06,10.06,10.06,10.06,100.0,BFK
2023-03-15 10:27:00,10.05,10.05,10.05,10.05,100.0,BFK
2023-03-15 10:26:00,10.06,10.06,10.06,10.06,600.0,BFK
2023-03-15 10:20:00,10.0501,10.0591,10.0501,10.0591,3660.0,BFK
2023-03-15 10:18:00,10.0501,10.0501,10.0501,10.0501,520.0,BFK
2023-03-15 10:17:00,10.05,10.05,10.05,10.05,144.0,BFK
2023-03-15 10:16:00,10.05,10.05,10.05,10.05,125.0,BFK
2023-03-15 10:13:00,10.05,10.05,10.05,10.05,111.0,BFK
2023-03-15 10:12:00,10.05,10.055,10.05,10.05,1144.0,BFK
2023-03-15 10:08:00,10.04,10.05,10.04,10.05,1165.0,BFK
2023-03-15 10:06:00,10.04,10.04,10.04,10.04,210.0,BFK
2023-03-15 10:04:00,10.03,10.03,10.03,10.03,100.0,BFK
2023-03-15 10:03:00,10.03,10.03,10.03,10.03,106.0,BFK
2023-03-15 09:59:00,10.04,10.04,10.04,10.04,510.0,BFK
2023-03-15 09:58:00,10.04,10.04,10.04,10.04,520.0,BFK
2023-03-15 09:56:00,10.04,10.05,10.04,10.05,400.0,BFK
2023-03-15 09:54:00,10.05,10.05,10.05,10.05,789.0,BFK
2023-03-15 09:52:00,10.02,10.03,10.02,10.03,12085.0,BFK
2023-03-15 09:51:00,10.02,10.02,10.02,10.02,100.0,BFK
2023-03-15 09:49:00,10.01,10.01,10.01,10.01,318.0,BFK
2023-03-15 09:44:00,10.02,10.03,10.02,10.02,503.0,BFK
2023-03-15 09:43:00,10.03,10.03,10.02,10.02,900.0,BFK
2023-03-15 09:38:00,10.02,10.04,10.02,10.02,5800.0,BFK
2023-03-15 09:35:00,10.06,10.06,10.02,10.02,3100.0,BFK
2023-03-15 09:34:00,10.06,10.06,10.06,10.06,600.0,BFK
2023-03-15 09:31:00,10.02,10.02,10.02,10.02,11995.0,BFK
2023-03-14 16:00:00,10.1,10.12,10.1,10.12,3619.0,BFK
2023-03-14 15:59:00,10.105,10.105,10.105,10.105,100.0,BFK
2023-03-14 15:58:00,10.1,10.1,10.1,10.1,1446.0,BFK
2023-03-14 15:57:00,10.1,10.1,10.1,10.1,1550.0,BFK
2023-03-14 15:56:00,10.1,10.1,10.1,10.1,300.0,BFK
2023-03-14 15:53:00,10.105,10.105,10.1,10.1,232.0,BFK
2023-03-14 15:52:00,10.105,10.105,10.1,10.1,200.0,BFK
2023-03-14 15:50:00,10.11,10.115,10.11,10.115,700.0,BFK
2023-03-14 15:49:00,10.115,10.115,10.115,10.115,100.0,BFK
2023-03-14 15:46:00,10.115,10.115,10.115,10.115,100.0,BFK
2023-03-14 15:45:00,10.115,10.115,10.115,10.115,100.0,BFK
2023-03-14 15:44:00,10.11,10.12,10.11,10.115,2454.0,BFK
2023-03-14 15:43:00,10.115,10.115,10.11,10.11,200.0,BFK
2023-03-14 15:42:00,10.115,10.115,10.115,10.115,100.0,BFK
2023-03-14 15:41:00,10.115,10.115,10.115,10.115,200.0,BFK
2023-03-14 15:40:00,10.115,10.115,10.115,10.115,606.0,BFK
2023-03-14 15:39:00,10.115,10.115,10.115,10.115,300.0,BFK
2023-03-14 15:38:00,10.115,10.115,10.115,10.115,300.0,BFK
2023-03-14 15:37:00,10.115,10.115,10.115,10.115,200.0,BFK
2023-03-14 15:36:00,10.115,10.115,10.115,10.115,200.0,BFK
2023-03-14 15:35:00,10.115,10.115,10.115,10.115,200.0,BFK
2023-03-14 15:34:00,10.115,10.115,10.115,10.115,100.0,BFK
2023-03-14 15:33:00,10.115,10.115,10.115,10.115,494.0,BFK
2023-03-14 15:32:00,10.115,10.115,10.115,10.115,402.0,BFK
2023-03-14 15:31:00,10.115,10.115,10.115,10.115,100.0,BFK
2023-03-14 15:30:00,10.115,10.115,10.115,10.115,100.0,BFK
2023-03-14 15:29:00,10.115,10.115,10.115,10.115,400.0,BFK
2023-03-14 15:28:00,10.115,10.115,10.115,10.115,100.0,BFK
2023-03-14 15:27:00,10.115,10.115,10.115,10.115,384.0,BFK
2023-03-14 15:26:00,10.115,10.115,10.115,10.115,300.0,BFK
2023-03-14 15:25:00,10.115,10.115,10.115,10.115,163.0,BFK
2023-03-14 15:24:00,10.115,10.115,10.115,10.115,100.0,BFK
2023-03-14 15:23:00,10.12,10.12,10.115,10.115,300.0,BFK
2023-03-14 15:22:00,10.115,10.115,10.115,10.115,200.0,BFK
2023-03-14 15:21:00,10.115,10.115,10.115,10.115,300.0,BFK
2023-03-14 15:20:00,10.115,10.115,10.115,10.115,100.0,BFK
2023-03-14 15:19:00,10.115,10.115,10.115,10.115,100.0,BFK
2023-03-14 15:18:00,10.115,10.115,10.115,10.115,100.0,BFK
2023-03-14 15:16:00,10.115,10.12,10.115,10.115,3132.0,BFK
2023-03-14 15:14:00,10.115,10.115,10.115,10.115,200.0,BFK
2023-03-14 15:13:00,10.115,10.12,10.115,10.12,2190.0,BFK
2023-03-14 15:10:00,10.115,10.12,10.115,10.12,3346.0,BFK
2023-03-14 15:09:00,10.115,10.115,10.115,10.115,100.0,BFK
2023-03-14 15:08:00,10.115,10.115,10.115,10.115,200.0,BFK
2023-03-14 15:07:00,10.115,10.12,10.115,10.12,2100.0,BFK
2023-03-14 15:05:00,10.115,10.115,10.115,10.115,300.0,BFK
2023-03-14 15:03:00,10.11,10.11,10.11,10.11,100.0,BFK
2023-03-14 15:01:00,10.11,10.11,10.11,10.11,100.0,BFK
2023-03-14 15:00:00,10.11,10.11,10.11,10.11,100.0,BFK
2023-03-14 14:59:00,10.11,10.11,10.11,10.11,100.0,BFK
2023-03-14 14:55:00,10.115,10.115,10.115,10.115,100.0,BFK
2023-03-14 14:53:00,10.11,10.12,10.11,10.12,4707.0,BFK
2023-03-14 14:52:00,10.11,10.11,10.11,10.11,1300.0,BFK
2023-03-14 14:50:00,10.105,10.105,10.105,10.105,100.0,BFK
2023-03-14 14:49:00,10.1079,10.1079,10.1079,10.1079,100.0,BFK
2023-03-14 14:48:00,10.115,10.115,10.11,10.11,1013.0,BFK
2023-03-14 14:47:00,10.095,10.12,10.095,10.115,12181.0,BFK
2023-03-14 14:45:00,10.1,10.1,10.095,10.095,300.0,BFK
2023-03-14 14:44:00,10.095,10.095,10.095,10.095,300.0,BFK
2023-03-14 14:42:00,10.1,10.1,10.1,10.1,100.0,BFK
2023-03-14 14:40:00,10.1,10.1,10.1,10.1,200.0,BFK
2023-03-14 14:37:00,10.1,10.1,10.1,10.1,100.0,BFK
2023-03-14 14:35:00,10.1,10.1,10.1,10.1,300.0,BFK
2023-03-14 14:33:00,10.1,10.1,10.1,10.1,100.0,BFK
2023-03-14 14:32:00,10.1,10.1,10.1,10.1,100.0,BFK
2023-03-14 14:30:00,10.1,10.1,10.1,10.1,200.0,BFK
2023-03-14 14:29:00,10.1,10.1,10.1,10.1,100.0,BFK
2023-03-14 14:28:00,10.1,10.1,10.1,10.1,100.0,BFK
2023-03-14 14:26:00,10.1,10.1,10.1,10.1,300.0,BFK
2023-03-14 14:23:00,10.1,10.1,10.1,10.1,600.0,BFK
2023-03-14 14:21:00,10.1,10.1,10.1,10.1,200.0,BFK
2023-03-14 14:20:00,10.1,10.1,10.1,10.1,100.0,BFK
2023-03-14 14:19:00,10.1,10.1,10.1,10.1,100.0,BFK
2023-03-14 14:16:00,10.095,10.095,10.095,10.095,200.0,BFK
2023-03-14 14:14:00,10.095,10.095,10.095,10.095,100.0,BFK
2023-03-14 14:11:00,10.095,10.095,10.095,10.095,100.0,BFK
2023-03-14 14:09:00,10.095,10.095,10.095,10.095,100.0,BFK
2023-03-14 14:07:00,10.09,10.095,10.09,10.095,300.0,BFK
2023-03-14 14:04:00,10.095,10.095,10.095,10.095,200.0,BFK
2023-03-14 14:02:00,10.095,10.1,10.095,10.095,1265.0,BFK
2023-03-14 13:59:00,10.095,10.095,10.095,10.095,200.0,BFK
2023-03-14 13:57:00,10.095,10.095,10.095,10.095,100.0,BFK
2023-03-14 13:55:00,10.095,10.095,10.095,10.095,200.0,BFK
2023-03-14 13:52:00,10.095,10.095,10.095,10.095,243.0,BFK
2023-03-14 13:50:00,10.095,10.095,10.095,10.095,100.0,BFK
2023-03-14 13:48:00,10.095,10.095,10.095,10.095,500.0,BFK
2023-03-14 13:45:00,10.095,10.095,10.095,10.095,100.0,BFK
2023-03-14 13:44:00,10.095,10.095,10.095,10.095,494.0,BFK
2023-03-14 13:43:00,10.095,10.095,10.095,10.095,100.0,BFK
2023-03-14 13:41:00,10.095,10.095,10.095,10.095,1179.0,BFK
2023-03-14 13:38:00,10.09,10.1,10.09,10.1,600.0,BFK
2023-03-14 13:37:00,10.095,10.095,10.095,10.095,100.0,BFK
2023-03-14 13:35:00,10.095,10.095,10.095,10.095,100.0,BFK
2023-03-14 13:33:00,10.095,10.095,10.095,10.095,169.0,BFK
2023-03-14 13:31:00,10.095,10.095,10.095,10.095,200.0,BFK
2023-03-14 13:28:00,10.095,10.095,10.095,10.095,300.0,BFK
2023-03-14 13:26:00,10.095,10.1,10.095,10.095,397.0,BFK
2023-03-14 13:24:00,10.095,10.095,10.095,10.095,100.0,BFK
2023-03-14 13:21:00,10.095,10.1,10.095,10.095,600.0,BFK
2023-03-14 13:19:00,10.095,10.095,10.095,10.095,100.0,BFK
2023-03-14 13:17:00,10.095,10.095,10.095,10.095,100.0,BFK
2023-03-14 13:14:00,10.095,10.095,10.095,10.095,200.0,BFK
2023-03-14 13:12:00,10.095,10.095,10.095,10.095,100.0,BFK
2023-03-14 13:10:00,10.095,10.095,10.095,10.095,100.0,BFK
2023-03-14 13:09:00,10.095,10.095,10.095,10.095,200.0,BFK
2023-03-14 13:07:00,10.095,10.095,10.095,10.095,400.0,BFK
2023-03-14 13:05:00,10.095,10.095,10.095,10.095,100.0,BFK
2023-03-14 13:02:00,10.095,10.095,10.095,10.095,100.0,BFK
2023-03-14 13:01:00,10.09,10.095,10.09,10.095,608.0,BFK
2023-03-14 13:00:00,10.095,10.095,10.095,10.095,200.0,BFK
2023-03-14 12:58:00,10.095,10.095,10.095,10.095,100.0,BFK
2023-03-14 12:57:00,10.095,10.1,10.095,10.1,365.0,BFK
2023-03-14 12:55:00,10.095,10.095,10.095,10.095,292.0,BFK
2023-03-14 12:53:00,10.095,10.095,10.095,10.095,100.0,BFK
2023-03-14 12:51:00,10.095,10.095,10.095,10.095,500.0,BFK
2023-03-14 12:49:00,10.095,10.095,10.095,10.095,100.0,BFK
2023-03-14 12:46:00,10.095,10.095,10.095,10.095,100.0,BFK
2023-03-14 12:44:00,10.095,10.095,10.095,10.095,509.0,BFK
2023-03-14 12:42:00,10.095,10.095,10.095,10.095,100.0,BFK
2023-03-14 12:41:00,10.095,10.095,10.095,10.095,1000.0,BFK
2023-03-14 12:40:00,10.095,10.095,10.095,10.095,108.0,BFK
2023-03-14 12:39:00,10.1,10.1,10.1,10.1,200.0,BFK
2023-03-14 12:38:00,10.095,10.095,10.095,10.095,100.0,BFK
2023-03-14 12:35:00,10.095,10.095,10.095,10.095,100.0,BFK
2023-03-14 12:33:00,10.095,10.095,10.095,10.095,200.0,BFK
2023-03-14 12:31:00,10.09,10.095,10.09,10.095,601.0,BFK
2023-03-14 12:29:00,10.095,10.095,10.095,10.095,200.0,BFK
2023-03-14 12:27:00,10.095,10.095,10.095,10.095,100.0,BFK
2023-03-14 12:26:00,10.095,10.095,10.095,10.095,200.0,BFK
2023-03-14 12:25:00,10.095,10.095,10.095,10.095,200.0,BFK
2023-03-14 12:22:00,10.095,10.095,10.095,10.095,200.0,BFK
2023-03-14 12:20:00,10.095,10.095,10.095,10.095,100.0,BFK
2023-03-14 12:18:00,10.095,10.095,10.095,10.095,100.0,BFK
2023-03-14 12:16:00,10.095,10.095,10.095,10.095,100.0,BFK
2023-03-14 12:14:00,10.095,10.095,10.095,10.095,100.0,BFK
2023-03-14 12:12:00,10.095,10.095,10.095,10.095,100.0,BFK
2023-03-14 12:10:00,10.095,10.095,10.095,10.095,100.0,BFK
2023-03-14 12:08:00,10.095,10.095,10.095,10.095,100.0,BFK
2023-03-14 12:06:00,10.095,10.1,10.095,10.1,400.0,BFK
2023-03-14 12:05:00,10.095,10.095,10.095,10.095,300.0,BFK
2023-03-14 12:04:00,10.095,10.095,10.095,10.095,100.0,BFK
2023-03-14 12:03:00,10.095,10.095,10.095,10.095,100.0,BFK
2023-03-14 12:01:00,10.095,10.095,10.095,10.095,100.0,BFK
2023-03-14 11:59:00,10.095,10.095,10.095,10.095,100.0,BFK
2023-03-14 11:58:00,10.095,10.095,10.095,10.095,100.0,BFK
2023-03-14 11:56:00,10.095,10.095,10.09,10.095,500.0,BFK
2023-03-14 11:54:00,10.095,10.095,10.095,10.095,200.0,BFK
2023-03-14 11:52:00,10.095,10.095,10.095,10.095,100.0,BFK
2023-03-14 11:51:00,10.095,10.1,10.095,10.1,400.0,BFK
2023-03-14 11:49:00,10.095,10.095,10.095,10.095,100.0,BFK
2023-03-14 11:48:00,10.09,10.095,10.09,10.095,1332.0,BFK
2023-03-14 11:47:00,10.09,10.09,10.09,10.09,100.0,BFK
2023-03-14 11:46:00,10.095,10.095,10.09,10.09,200.0,BFK
2023-03-14 11:45:00,10.095,10.095,10.095,10.095,546.0,BFK
2023-03-14 11:44:00,10.095,10.1,10.095,10.1,1058.0,BFK
2023-03-14 11:43:00,10.095,10.095,10.095,10.095,100.0,BFK
2023-03-14 11:42:00,10.09,10.09,10.09,10.09,100.0,BFK
2023-03-14 11:41:00,10.095,10.095,10.095,10.095,100.0,BFK
2023-03-14 11:39:00,10.095,10.095,10.095,10.095,100.0,BFK
2023-03-14 11:37:00,10.095,10.095,10.095,10.095,100.0,BFK
2023-03-14 11:35:00,10.095,10.095,10.095,10.095,100.0,BFK
2023-03-14 11:34:00,10.1,10.1,10.1,10.1,400.0,BFK
2023-03-14 11:31:00,10.1,10.1099,10.1,10.1099,400.0,BFK
2023-03-14 11:29:00,10.11,10.11,10.11,10.11,100.0,BFK
2023-03-14 11:23:00,10.095,10.1,10.095,10.1,700.0,BFK
2023-03-14 11:22:00,10.1,10.1,10.1,10.1,100.0,BFK
2023-03-14 11:21:00,10.095,10.095,10.095,10.095,1100.0,BFK
2023-03-14 11:20:00,10.095,10.095,10.095,10.095,100.0,BFK
2023-03-14 11:18:00,10.095,10.095,10.095,10.095,100.0,BFK
2023-03-14 11:17:00,10.095,10.095,10.095,10.095,100.0,BFK
2023-03-14 11:16:00,10.095,10.0999,10.095,10.0999,247.0,BFK
2023-03-14 11:14:00,10.1,10.1,10.095,10.095,300.0,BFK
2023-03-14 11:13:00,10.095,10.095,10.095,10.095,100.0,BFK
2023-03-14 11:12:00,10.099,10.099,10.095,10.095,200.0,BFK
2023-03-14 11:11:00,10.095,10.095,10.095,10.095,100.0,BFK
2023-03-14 11:10:00,10.095,10.095,10.095,10.095,100.0,BFK
2023-03-14 11:09:00,10.095,10.095,10.095,10.095,100.0,BFK
2023-03-14 11:08:00,10.095,10.095,10.095,10.095,100.0,BFK
2023-03-14 11:07:00,10.095,10.095,10.095,10.095,100.0,BFK
2023-03-14 11:06:00,10.095,10.095,10.09,10.095,300.0,BFK
2023-03-14 11:04:00,10.095,10.095,10.095,10.095,100.0,BFK
2023-03-14 11:03:00,10.095,10.095,10.095,10.095,100.0,BFK
2023-03-14 11:02:00,10.095,10.095,10.095,10.095,326.0,BFK
2023-03-14 11:01:00,10.095,10.095,10.095,10.095,400.0,BFK
2023-03-14 11:00:00,10.095,10.095,10.095,10.095,300.0,BFK
2023-03-14 10:59:00,10.095,10.095,10.095,10.095,1000.0,BFK
2023-03-14 10:58:00,10.1,10.1,10.095,10.095,512.0,BFK
2023-03-14 10:57:00,10.095,10.095,10.095,10.095,500.0,BFK
2023-03-14 10:56:00,10.095,10.095,10.095,10.095,500.0,BFK
2023-03-14 10:55:00,10.095,10.095,10.095,10.095,200.0,BFK
2023-03-14 10:54:00,10.095,10.095,10.095,10.095,300.0,BFK
2023-03-14 10:52:00,10.095,10.095,10.095,10.095,590.0,BFK
2023-03-14 10:51:00,10.095,10.1,10.095,10.095,579.0,BFK
2023-03-14 10:50:00,10.095,10.095,10.095,10.095,500.0,BFK
2023-03-14 10:49:00,10.095,10.095,10.095,10.095,700.0,BFK
2023-03-14 10:48:00,10.095,10.095,10.095,10.095,400.0,BFK
2023-03-14 10:47:00,10.095,10.095,10.095,10.095,500.0,BFK
2023-03-14 10:46:00,10.095,10.095,10.09,10.095,1467.0,BFK
2023-03-14 10:45:00,10.095,10.1,10.095,10.095,600.0,BFK
2023-03-14 10:44:00,10.095,10.095,10.095,10.095,856.0,BFK
2023-03-14 10:43:00,10.095,10.095,10.095,10.095,801.0,BFK
2023-03-14 10:42:00,10.095,10.095,10.095,10.095,400.0,BFK
2023-03-14 10:41:00,10.095,10.095,10.095,10.095,400.0,BFK
2023-03-14 10:40:00,10.1,10.1,10.095,10.095,542.0,BFK
2023-03-14 10:39:00,10.095,10.095,10.095,10.095,902.0,BFK
2023-03-14 10:38:00,10.095,10.095,10.095,10.095,2472.0,BFK
2023-03-14 10:37:00,10.095,10.095,10.095,10.095,500.0,BFK
2023-03-14 10:36:00,10.095,10.095,10.095,10.095,400.0,BFK
2023-03-14 10:35:00,10.095,10.095,10.095,10.095,700.0,BFK
2023-03-14 10:34:00,10.095,10.095,10.095,10.095,500.0,BFK
2023-03-14 10:33:00,10.095,10.095,10.095,10.095,400.0,BFK
2023-03-14 10:32:00,10.095,10.1,10.095,10.095,400.0,BFK
2023-03-14 10:31:00,10.095,10.1,10.095,10.095,1050.0,BFK
2023-03-14 10:30:00,10.1,10.1,10.1,10.1,300.0,BFK
2023-03-14 10:29:00,10.1,10.1,10.1,10.1,300.0,BFK
2023-03-14 10:28:00,10.1,10.1,10.1,10.1,300.0,BFK
2023-03-14 10:27:00,10.1,10.1,10.1,10.1,500.0,BFK
2023-03-14 10:26:00,10.1,10.1,10.1,10.1,300.0,BFK
2023-03-14 10:25:00,10.1,10.1,10.1,10.1,300.0,BFK
2023-03-14 10:24:00,10.1,10.1,10.1,10.1,300.0,BFK
2023-03-14 10:23:00,10.1,10.1,10.1,10.1,407.0,BFK
2023-03-14 10:22:00,10.1,10.1,10.1,10.1,200.0,BFK
2023-03-14 10:21:00,10.11,10.11,10.11,10.11,200.0,BFK
2023-03-14 10:20:00,10.1,10.11,10.1,10.11,1468.0,BFK
2023-03-14 10:18:00,10.1,10.1,10.09,10.09,2200.0,BFK
2023-03-14 10:17:00,10.1,10.1,10.1,10.1,300.0,BFK
2023-03-14 10:16:00,10.105,10.105,10.1,10.1,1766.0,BFK
2023-03-14 10:10:00,10.09,10.09,10.09,10.09,100.0,BFK
2023-03-14 10:09:00,10.09,10.1,10.09,10.1,310.0,BFK
2023-03-14 10:05:00,10.085,10.085,10.0815,10.085,1329.0,BFK
2023-03-14 10:02:00,10.082,10.085,10.08,10.085,1203.0,BFK
2023-03-14 10:00:00,10.085,10.085,10.08,10.08,303.0,BFK
2023-03-14 09:56:00,10.08,10.08,10.08,10.08,279.0,BFK
2023-03-14 09:55:00,10.08,10.08,10.08,10.08,100.0,BFK
2023-03-14 09:51:00,10.09,10.09,10.09,10.09,1494.0,BFK
2023-03-14 09:48:00,10.09,10.09,10.09,10.09,203.0,BFK
2023-03-14 09:47:00,10.092,10.092,10.092,10.092,500.0,BFK
2023-03-14 09:46:00,10.09,10.09,10.09,10.09,1800.0,BFK
2023-03-14 09:45:00,10.1,10.1,10.1,10.1,100.0,BFK
2023-03-14 09:43:00,10.1,10.1,10.09,10.09,2900.0,BFK
2023-03-14 09:41:00,10.09,10.1,10.09,10.1,3356.0,BFK
2023-03-14 09:39:00,10.08,10.09,10.08,10.08,600.0,BFK
2023-03-14 09:37:00,10.085,10.09,10.08,10.08,767.0,BFK
2023-03-14 09:35:00,10.1,10.1,10.1,10.1,128.0,BFK
2023-03-14 09:31:00,10.06,10.06,10.06,10.06,7830.0,BFK
2023-03-13 16:00:00,10.0995,10.1094,10.0895,10.0995,8081.0,BFK
2023-03-13 15:59:00,10.0995,10.1018,10.0995,10.0995,954.0,BFK
2023-03-13 15:58:00,10.1045,10.1045,10.0995,10.0995,1235.0,BFK
2023-03-13 15:57:00,10.0995,10.0995,10.0995,10.0995,476.0,BFK
2023-03-13 15:56:00,10.0995,10.0995,10.0995,10.0995,100.0,BFK
2023-03-13 15:55:00,10.1045,10.1045,10.0995,10.0995,300.0,BFK
2023-03-13 15:54:00,10.0995,10.0995,10.0995,10.0995,100.0,BFK
2023-03-13 15:53:00,10.0995,10.0995,10.0995,10.0995,100.0,BFK
2023-03-13 15:52:00,10.1045,10.1045,10.0995,10.0995,320.0,BFK
2023-03-13 15:51:00,10.1045,10.1045,10.1045,10.1045,326.0,BFK
2023-03-13 15:50:00,10.1045,10.1045,10.1045,10.1045,100.0,BFK
2023-03-13 15:49:00,10.1045,10.1045,10.0995,10.1045,2817.0,BFK
2023-03-13 15:48:00,10.0995,10.1045,10.0995,10.1045,1460.0,BFK
2023-03-13 15:47:00,10.1045,10.1045,10.1045,10.1045,200.0,BFK
2023-03-13 15:45:00,10.1045,10.1045,10.1045,10.1045,1486.0,BFK
2023-03-13 15:40:00,10.1045,10.1045,10.1045,10.1045,1700.0,BFK
2023-03-13 15:39:00,10.1045,10.1045,10.1045,10.1045,3099.0,BFK
2023-03-13 15:29:00,10.1045,10.1045,10.1045,10.1045,300.0,BFK
2023-03-13 15:28:00,10.0895,10.1094,10.0895,10.1094,4226.0,BFK
2023-03-13 15:27:00,10.0845,10.0845,10.0845,10.0845,201.0,BFK
2023-03-13 15:24:00,10.0845,10.0845,10.0845,10.0845,300.0,BFK
2023-03-13 15:22:00,10.0845,10.0895,10.0845,10.0895,600.0,BFK
2023-03-13 15:21:00,10.0845,10.0895,10.0845,10.0895,955.0,BFK
2023-03-13 15:20:00,10.0845,10.0845,10.0845,10.0845,1001.0,BFK
2023-03-13 15:19:00,10.0845,10.0895,10.0845,10.0845,3247.0,BFK
2023-03-13 15:18:00,10.0845,10.0895,10.0845,10.0895,5086.0,BFK
2023-03-13 15:16:00,10.0895,10.0895,10.0845,10.0845,1355.0,BFK
2023-03-13 15:14:00,10.0845,10.0845,10.0845,10.0845,1111.0,BFK
2023-03-13 15:13:00,10.0795,10.0895,10.0795,10.0895,1900.0,BFK
2023-03-13 15:12:00,10.0845,10.0845,10.0845,10.0845,393.0,BFK
2023-03-13 15:10:00,10.0845,10.0895,10.0795,10.0845,1759.0,BFK
2023-03-13 15:08:00,10.0895,10.0895,10.0845,10.0845,2241.0,BFK
2023-03-13 15:05:00,10.0845,10.0845,10.0845,10.0845,105.0,BFK
2023-03-13 15:04:00,10.0895,10.0895,10.0845,10.0895,600.0,BFK
2023-03-13 14:59:00,10.0895,10.0895,10.0895,10.0895,200.0,BFK
2023-03-13 14:48:00,10.0845,10.0845,10.0845,10.0845,200.0,BFK
2023-03-13 14:45:00,10.0845,10.0895,10.0845,10.0895,303.0,BFK
2023-03-13 14:44:00,10.0845,10.0845,10.0845,10.0845,787.0,BFK
2023-03-13 14:43:00,10.0795,10.1992,10.0795,10.0845,75593.0,BFK
2023-03-13 14:42:00,10.0696,10.0696,10.0696,10.0696,124.0,BFK
2023-03-13 14:41:00,10.0745,10.0745,10.0745,10.0745,100.0,BFK
2023-03-13 14:36:00,10.0745,10.0745,10.0745,10.0745,100.0,BFK
2023-03-13 14:32:00,10.0696,10.0745,10.0696,10.0745,434.0,BFK
2023-03-13 14:31:00,10.0745,10.0745,10.0696,10.0696,5065.0,BFK
2023-03-13 14:18:00,10.0745,10.0745,10.0696,10.0745,3362.0,BFK
2023-03-13 14:07:00,10.0745,10.0795,10.0696,10.0795,1220.0,BFK
2023-03-13 14:01:00,10.0745,10.0745,10.0745,10.0745,279.0,BFK
2023-03-13 14:00:00,10.0745,10.0745,10.0696,10.0696,847.0,BFK
2023-03-13 13:57:00,10.0696,10.0696,10.0696,10.0696,686.0,BFK
2023-03-13 13:47:00,10.0695,10.0695,10.0695,10.0695,300.0,BFK
2023-03-13 13:23:00,10.0696,10.0696,10.0696,10.0696,100.0,BFK
2023-03-13 13:20:00,10.0696,10.0696,10.0696,10.0696,100.0,BFK
2023-03-13 13:17:00,10.0696,10.0696,10.0696,10.0696,500.0,BFK
2023-03-13 13:14:00,10.0696,10.0696,10.0696,10.0696,100.0,BFK
2023-03-13 13:09:00,10.0646,10.0646,10.0646,10.0646,400.0,BFK
2023-03-13 12:59:00,10.0696,10.0696,10.0696,10.0696,200.0,BFK
2023-03-13 12:55:00,10.0696,10.0696,10.0646,10.0646,8958.0,BFK
2023-03-13 12:51:00,10.0696,10.0696,10.0696,10.0696,100.0,BFK
2023-03-13 12:50:00,10.0646,10.0696,10.0646,10.0696,1323.0,BFK
2023-03-13 12:49:00,10.0696,10.0696,10.0646,10.0696,1426.0,BFK
2023-03-13 12:48:00,10.0646,10.0696,10.0646,10.0646,3641.0,BFK
2023-03-13 12:47:00,10.0646,10.0646,10.0646,10.0646,1236.0,BFK
2023-03-13 12:45:00,10.0696,10.0696,10.0696,10.0696,300.0,BFK
2023-03-13 12:44:00,10.0696,10.0696,10.0696,10.0696,100.0,BFK
2023-03-13 12:43:00,10.0696,10.0696,10.0696,10.0696,242.0,BFK
2023-03-13 12:42:00,10.0646,10.0646,10.0646,10.0646,100.0,BFK
2023-03-13 12:41:00,10.0646,10.0646,10.0646,10.0646,100.0,BFK
2023-03-13 12:40:00,10.0646,10.0646,10.0646,10.0646,100.0,BFK
2023-03-13 12:39:00,10.0646,10.0646,10.0646,10.0646,3860.0,BFK
2023-03-13 12:36:00,10.0646,10.0646,10.0646,10.0646,1017.0,BFK
2023-03-13 12:35:00,10.0646,10.0646,10.0646,10.0646,1034.0,BFK
2023-03-13 12:34:00,10.0646,10.0696,10.0646,10.0646,4308.0,BFK
2023-03-13 12:28:00,10.0696,10.0696,10.0696,10.0696,200.0,BFK
2023-03-13 12:26:00,10.0696,10.0696,10.0696,10.0696,1933.0,BFK
2023-03-13 12:25:00,10.0745,10.0745,10.0696,10.0696,600.0,BFK
2023-03-13 12:24:00,10.0697,10.0697,10.0697,10.0697,2000.0,BFK
2023-03-13 12:23:00,10.0745,10.0745,10.0745,10.0745,200.0,BFK
2023-03-13 12:22:00,10.0745,10.0795,10.0745,10.0795,1687.0,BFK
2023-03-13 12:18:00,10.0745,10.0745,10.0745,10.0745,2000.0,BFK
2023-03-13 12:15:00,10.0745,10.0745,10.0745,10.0745,201.0,BFK
2023-03-13 12:06:00,10.0795,10.0795,10.0795,10.0795,300.0,BFK
2023-03-13 12:04:00,10.0745,10.0795,10.0745,10.0795,3099.0,BFK
2023-03-13 12:02:00,10.0795,10.0795,10.0795,10.0795,2000.0,BFK
2023-03-13 12:01:00,10.0696,10.0696,10.0696,10.0696,999.0,BFK
2023-03-13 11:59:00,10.0646,10.0646,10.0646,10.0646,503.0,BFK
2023-03-13 11:58:00,10.0696,10.0696,10.0696,10.0696,146.0,BFK
2023-03-13 11:56:00,10.0596,10.0646,10.0596,10.0646,1149.0,BFK
2023-03-13 11:55:00,10.0646,10.0646,10.0646,10.0646,100.0,BFK
2023-03-13 11:54:00,10.0646,10.0646,10.0602,10.0646,5216.0,BFK
2023-03-13 11:52:00,10.0646,10.0646,10.0646,10.0646,115.0,BFK
2023-03-13 11:51:00,10.0646,10.0646,10.0646,10.0646,200.0,BFK
2023-03-13 11:42:00,10.0695,10.0695,10.0695,10.0695,2033.0,BFK
2023-03-13 11:41:00,10.0646,10.0646,10.0646,10.0646,100.0,BFK
2023-03-13 11:37:00,10.0695,10.0695,10.0695,10.0695,400.0,BFK
2023-03-13 11:36:00,10.0596,10.0596,10.0596,10.0596,100.0,BFK
2023-03-13 11:34:00,10.0695,10.0695,10.0695,10.0695,310.0,BFK
2023-03-13 11:32:00,10.0695,10.0695,10.0695,10.0695,450.0,BFK
2023-03-13 11:30:00,10.0695,10.0695,10.0695,10.0695,947.0,BFK
2023-03-13 11:29:00,10.0696,10.0696,10.0696,10.0696,100.0,BFK
2023-03-13 11:27:00,10.0646,10.0646,10.0646,10.0646,1000.0,BFK
2023-03-13 11:09:00,10.0795,10.0795,10.0696,10.0696,5828.0,BFK
2023-03-13 11:08:00,10.0795,10.0795,10.0795,10.0795,100.0,BFK
2023-03-13 11:07:00,10.0839,10.0839,10.0839,10.0839,2000.0,BFK
2023-03-13 11:06:00,10.0878,10.0878,10.0878,10.0878,2000.0,BFK
2023-03-13 10:59:00,10.0802,10.0802,10.0802,10.0802,539.0,BFK
2023-03-13 10:58:00,10.0795,10.0895,10.0795,10.0895,1212.0,BFK
2023-03-13 10:56:00,10.0696,10.0696,10.0696,10.0696,1108.0,BFK
2023-03-13 10:52:00,10.0696,10.0696,10.0696,10.0696,1182.0,BFK
2023-03-13 10:47:00,10.0588,10.0696,10.0588,10.0696,1296.0,BFK
2023-03-13 10:42:00,10.0596,10.0596,10.0596,10.0596,101.0,BFK
2023-03-13 10:35:00,10.0496,10.0496,10.0496,10.0496,649.0,BFK
2023-03-13 10:33:00,10.0795,10.0795,10.0596,10.0596,5212.0,BFK
2023-03-13 10:32:00,10.0795,10.0845,10.0795,10.0795,1978.0,BFK
2023-03-13 10:31:00,10.0795,10.0795,10.0795,10.0795,776.0,BFK
2023-03-13 10:26:00,10.0795,10.0795,10.0795,10.0795,1689.0,BFK
2023-03-13 10:25:00,10.0795,10.0795,10.0795,10.0795,1442.0,BFK
2023-03-13 10:17:00,10.0795,10.0795,10.0795,10.0795,810.0,BFK
2023-03-13 10:16:00,10.0546,10.0795,10.0546,10.0795,27266.0,BFK
2023-03-13 10:12:00,10.0596,10.0596,10.0596,10.0596,2200.0,BFK
2023-03-13 10:09:00,10.0546,10.0546,10.0546,10.0546,200.0,BFK
2023-03-13 10:04:00,10.0496,10.0496,10.0496,10.0496,429.0,BFK
2023-03-13 10:02:00,10.0496,10.0496,10.0496,10.0496,140.0,BFK
2023-03-13 10:01:00,10.0618,10.0618,10.0618,10.0618,252.0,BFK
2023-03-13 09:59:00,10.0596,10.0696,10.0546,10.0596,1100.0,BFK
2023-03-13 09:57:00,10.0596,10.0596,10.0496,10.0496,1100.0,BFK
2023-03-13 09:49:00,10.0596,10.0646,10.0496,10.0496,1049.0,BFK
2023-03-13 09:48:00,10.0496,10.0496,10.0496,10.0496,100.0,BFK
2023-03-13 09:42:00,10.0596,10.0596,10.0596,10.0596,750.0,BFK
2023-03-13 09:41:00,10.0646,10.0646,10.0646,10.0646,100.0,BFK
2023-03-13 09:40:00,10.0596,10.0596,10.0546,10.0546,7420.0,BFK
2023-03-13 09:38:00,10.0795,10.0795,10.0795,10.0795,255.0,BFK
2023-03-13 09:36:00,10.0596,10.0696,10.0596,10.0696,512.0,BFK
2023-03-13 09:35:00,10.0703,10.0703,10.0703,10.0703,1000.0,BFK
2023-03-13 09:34:00,10.0696,10.0696,10.0696,10.0696,300.0,BFK
2023-03-13 09:31:00,10.0596,10.0596,10.0596,10.0596,7030.0,BFK
