date,1. open,2. high,3. low,4. close,5. volume,Ticker
2025-02-11 19:59:00,2.93,2.93,2.93,2.93,4515.0,BTBT
2025-02-11 19:58:00,2.91,2.92,2.91,2.92,436.0,BTBT
2025-02-11 19:57:00,2.9198,2.9198,2.9198,2.9198,100.0,BTBT
2025-02-11 19:56:00,2.92,2.92,2.92,2.92,200.0,BTBT
2025-02-11 19:55:00,2.92,2.92,2.91,2.91,600.0,BTBT
2025-02-11 19:54:00,2.92,2.92,2.92,2.92,145.0,BTBT
2025-02-11 19:53:00,2.9202,2.9202,2.9202,2.9202,5000.0,BTBT
2025-02-11 19:50:00,2.92,2.93,2.91,2.93,520.0,BTBT
2025-02-11 19:49:00,2.9299,2.93,2.92,2.93,439.0,BTBT
2025-02-11 19:46:00,2.92,2.92,2.92,2.92,499.0,BTBT
2025-02-11 19:45:00,2.93,2.93,2.93,2.93,220.0,BTBT
2025-02-11 19:44:00,2.93,2.93,2.92,2.92,575.0,BTBT
2025-02-11 19:35:00,2.93,2.93,2.9298,2.93,1000.0,BTBT
2025-02-11 19:34:00,2.93,2.93,2.93,2.93,100.0,BTBT
2025-02-11 19:31:00,2.9298,2.93,2.9298,2.93,110.0,BTBT
2025-02-11 19:29:00,2.9299,2.9299,2.9299,2.9299,30.0,BTBT
2025-02-11 19:28:00,2.93,2.93,2.93,2.93,100.0,BTBT
2025-02-11 19:25:00,2.93,2.93,2.93,2.93,100.0,BTBT
2025-02-11 19:24:00,2.9201,2.9201,2.9201,2.9201,200.0,BTBT
2025-02-11 19:21:00,2.93,2.93,2.93,2.93,160.0,BTBT
2025-02-11 19:16:00,2.9398,2.9398,2.9398,2.9398,50.0,BTBT
2025-02-11 19:09:00,2.94,2.94,2.94,2.94,2.0,BTBT
2025-02-11 19:05:00,2.94,2.94,2.9399,2.9399,2000.0,BTBT
2025-02-11 19:02:00,2.94,2.94,2.94,2.94,500.0,BTBT
2025-02-11 19:01:00,2.94,2.94,2.94,2.94,2000.0,BTBT
2025-02-11 18:54:00,2.9398,2.9398,2.9398,2.9398,50.0,BTBT
2025-02-11 18:52:00,2.935,2.94,2.935,2.9399,1800.0,BTBT
2025-02-11 18:44:00,2.94,2.94,2.94,2.94,5.0,BTBT
2025-02-11 18:42:00,2.94,2.94,2.9399,2.9399,171.0,BTBT
2025-02-11 18:40:00,2.9399,2.9399,2.9399,2.9399,43.0,BTBT
2025-02-11 18:38:00,2.93,2.93,2.93,2.93,20.0,BTBT
2025-02-11 18:33:00,2.9395,2.9395,2.9395,2.9395,1000.0,BTBT
2025-02-11 18:30:00,2.94,2.94,2.94,2.94,250.0,BTBT
2025-02-11 18:23:00,2.9399,2.9399,2.9399,2.9399,200.0,BTBT
2025-02-11 18:22:00,2.94,2.94,2.94,2.94,5.0,BTBT
2025-02-11 18:21:00,2.93,2.94,2.93,2.94,1300.0,BTBT
2025-02-11 18:15:00,2.92,2.92,2.92,2.92,1118.0,BTBT
2025-02-11 18:10:00,2.9299,2.9299,2.9299,2.9299,50.0,BTBT
2025-02-11 18:07:00,2.9203,2.9297,2.9203,2.9297,189.0,BTBT
2025-02-11 18:05:00,2.92,2.92,2.92,2.92,300.0,BTBT
2025-02-11 18:03:00,2.93,2.93,2.92,2.92,500.0,BTBT
2025-02-11 17:59:00,2.93,2.94,2.93,2.9399,2366.0,BTBT
2025-02-11 17:57:00,2.93,2.93,2.93,2.93,114.0,BTBT
2025-02-11 17:55:00,2.93,2.93,2.93,2.93,421.0,BTBT
2025-02-11 17:52:00,2.9397,2.9397,2.9397,2.9397,1.0,BTBT
2025-02-11 17:50:00,2.93,2.93,2.93,2.93,219.0,BTBT
2025-02-11 17:49:00,2.93,2.93,2.93,2.93,2.0,BTBT
2025-02-11 17:47:00,2.94,2.94,2.94,2.94,500.0,BTBT
2025-02-11 17:44:00,2.94,2.94,2.94,2.94,2.0,BTBT
2025-02-11 17:41:00,2.9398,2.9398,2.9398,2.9398,200.0,BTBT
2025-02-11 17:39:00,2.93,2.93,2.93,2.93,200.0,BTBT
2025-02-11 17:38:00,2.94,2.94,2.94,2.94,500.0,BTBT
2025-02-11 17:34:00,2.94,2.94,2.94,2.94,10.0,BTBT
2025-02-11 17:30:00,2.94,2.94,2.94,2.94,280.0,BTBT
2025-02-11 17:29:00,2.93,2.93,2.93,2.93,257.0,BTBT
2025-02-11 17:28:00,2.94,2.94,2.9399,2.94,206.0,BTBT
2025-02-11 17:27:00,2.9397,2.9397,2.9397,2.9397,125.0,BTBT
2025-02-11 17:26:00,2.9398,2.9398,2.9398,2.9398,14.0,BTBT
2025-02-11 17:25:00,2.9397,2.9397,2.9397,2.9397,31.0,BTBT
2025-02-11 17:24:00,2.94,2.94,2.94,2.94,2288.0,BTBT
2025-02-11 17:23:00,2.9398,2.94,2.9398,2.94,114.0,BTBT
2025-02-11 17:21:00,2.9303,2.9303,2.9303,2.9303,300.0,BTBT
2025-02-11 17:20:00,2.94,2.94,2.94,2.94,1003.0,BTBT
2025-02-11 17:18:00,2.94,2.94,2.94,2.94,44.0,BTBT
2025-02-11 17:16:00,2.9302,2.9302,2.9302,2.9302,3500.0,BTBT
2025-02-11 17:15:00,2.94,2.94,2.94,2.94,100.0,BTBT
2025-02-11 17:14:00,2.9301,2.94,2.9301,2.94,800.0,BTBT
2025-02-11 17:08:00,2.94,2.94,2.94,2.94,224.0,BTBT
2025-02-11 17:07:00,2.94,2.94,2.94,2.94,4.0,BTBT
2025-02-11 17:05:00,2.94,2.94,2.94,2.94,2.0,BTBT
2025-02-11 17:03:00,2.94,2.95,2.94,2.95,359.0,BTBT
2025-02-11 17:02:00,2.94,2.94,2.94,2.94,18.0,BTBT
2025-02-11 16:59:00,2.94,2.94,2.94,2.94,185.0,BTBT
2025-02-11 16:58:00,2.9395,2.9395,2.9395,2.9395,1.0,BTBT
2025-02-11 16:53:00,2.9303,2.9303,2.93,2.93,2500.0,BTBT
2025-02-11 16:51:00,2.9399,2.9399,2.9399,2.9399,128.0,BTBT
2025-02-11 16:50:00,2.93,2.93,2.93,2.93,454.0,BTBT
2025-02-11 16:49:00,2.93,2.93,2.9298,2.93,50.0,BTBT
2025-02-11 16:47:00,2.93,2.93,2.9299,2.9299,100.0,BTBT
2025-02-11 16:45:00,2.93,2.93,2.93,2.93,499.0,BTBT
2025-02-11 16:44:00,2.93,2.93,2.93,2.93,5.0,BTBT
2025-02-11 16:43:00,2.9297,2.9297,2.9297,2.9297,1.0,BTBT
2025-02-11 16:40:00,2.9297,2.9297,2.9297,2.9297,6.0,BTBT
2025-02-11 16:39:00,2.93,2.93,2.93,2.93,5.0,BTBT
2025-02-11 16:36:00,2.93,2.93,2.93,2.93,500.0,BTBT
2025-02-11 16:35:00,2.93,2.93,2.93,2.93,300.0,BTBT
2025-02-11 16:34:00,2.93,2.93,2.93,2.93,255.0,BTBT
2025-02-11 16:33:00,2.92,2.9299,2.92,2.9299,4826.0,BTBT
2025-02-11 16:32:00,2.93,2.93,2.93,2.93,10.0,BTBT
2025-02-11 16:31:00,2.93,2.93,2.9299,2.9299,320.0,BTBT
2025-02-11 16:30:00,2.9297,2.9298,2.9297,2.9298,1499.0,BTBT
2025-02-11 16:29:00,2.9297,2.93,2.9297,2.93,61.0,BTBT
2025-02-11 16:26:00,2.93,2.93,2.93,2.93,1.0,BTBT
2025-02-11 16:25:00,2.9202,2.9202,2.9202,2.9202,4024.0,BTBT
2025-02-11 16:24:00,2.9297,2.93,2.9297,2.93,51.0,BTBT
2025-02-11 16:23:00,2.9299,2.9299,2.9299,2.9299,10.0,BTBT
2025-02-11 16:21:00,2.93,2.93,2.93,2.93,350.0,BTBT
2025-02-11 16:19:00,2.93,2.93,2.93,2.93,9433.0,BTBT
2025-02-11 16:17:00,2.92,2.93,2.92,2.93,5638.0,BTBT
2025-02-11 16:16:00,2.92,2.9203,2.9199,2.9202,8510.0,BTBT
2025-02-11 16:15:00,2.9202,2.9202,2.92,2.92,4220.0,BTBT
2025-02-11 16:14:00,2.92,2.93,2.92,2.9299,5004.0,BTBT
2025-02-11 16:12:00,2.92,2.92,2.92,2.92,11.0,BTBT
2025-02-11 16:11:00,2.92,2.92,2.92,2.92,2.0,BTBT
2025-02-11 16:10:00,2.9198,2.92,2.9198,2.92,2168.0,BTBT
2025-02-11 16:09:00,2.9199,2.92,2.91,2.9197,8.0,BTBT
2025-02-11 16:08:00,2.92,2.92,2.9198,2.9198,860.0,BTBT
2025-02-11 16:07:00,2.92,2.92,2.92,2.92,100.0,BTBT
2025-02-11 16:06:00,2.9295,2.9295,2.92,2.92,24.0,BTBT
2025-02-11 16:05:00,2.91,2.93,2.91,2.92,8082.0,BTBT
2025-02-11 16:04:00,2.915,2.93,2.915,2.92,9460.0,BTBT
2025-02-11 16:03:00,2.94,2.94,2.91,2.92,4701.0,BTBT
2025-02-11 16:02:00,2.94,2.94,2.94,2.94,51.0,BTBT
2025-02-11 16:01:00,2.91,2.94,2.91,2.91,2243.0,BTBT
2025-02-11 16:00:00,2.905,2.94,2.905,2.94,432429.0,BTBT
2025-02-11 15:59:00,2.906,2.91,2.9,2.905,91475.0,BTBT
2025-02-11 15:58:00,2.905,2.91,2.9,2.905,50455.0,BTBT
2025-02-11 15:57:00,2.905,2.91,2.9,2.905,50681.0,BTBT
2025-02-11 15:56:00,2.915,2.9164,2.9,2.9,100508.0,BTBT
2025-02-11 15:55:00,2.9101,2.9199,2.91,2.91,27553.0,BTBT
2025-02-11 15:54:00,2.915,2.9175,2.91,2.91,13702.0,BTBT
2025-02-11 15:53:00,2.9199,2.92,2.91,2.9144,4722.0,BTBT
2025-02-11 15:52:00,2.929,2.929,2.915,2.9182,50050.0,BTBT
2025-02-11 15:51:00,2.925,2.9267,2.92,2.925,8538.0,BTBT
2025-02-11 15:50:00,2.92,2.93,2.92,2.9299,50636.0,BTBT
2025-02-11 15:49:00,2.9143,2.92,2.91,2.918,49327.0,BTBT
2025-02-11 15:48:00,2.91,2.9199,2.91,2.915,18567.0,BTBT
2025-02-11 15:47:00,2.918,2.9198,2.91,2.915,13304.0,BTBT
2025-02-11 15:46:00,2.921,2.93,2.91,2.915,47764.0,BTBT
2025-02-11 15:45:00,2.9182,2.93,2.91,2.9229,74098.0,BTBT
2025-02-11 15:44:00,2.9146,2.9172,2.91,2.915,21863.0,BTBT
2025-02-11 15:43:00,2.915,2.915,2.91,2.91,5049.0,BTBT
2025-02-11 15:42:00,2.91,2.9199,2.91,2.915,2802.0,BTBT
2025-02-11 15:41:00,2.9199,2.92,2.91,2.915,31143.0,BTBT
2025-02-11 15:40:00,2.915,2.9199,2.91,2.915,9969.0,BTBT
2025-02-11 15:39:00,2.915,2.9183,2.905,2.915,97123.0,BTBT
2025-02-11 15:38:00,2.915,2.92,2.91,2.91,102161.0,BTBT
2025-02-11 15:37:00,2.91,2.9176,2.91,2.91,2796.0,BTBT
2025-02-11 15:36:00,2.9171,2.9171,2.91,2.91,6914.0,BTBT
2025-02-11 15:35:00,2.915,2.915,2.914,2.914,2899.0,BTBT
2025-02-11 15:34:00,2.9201,2.923,2.91,2.915,42814.0,BTBT
2025-02-11 15:33:00,2.9211,2.9299,2.92,2.92,23947.0,BTBT
2025-02-11 15:32:00,2.925,2.927,2.9201,2.925,2354.0,BTBT
2025-02-11 15:31:00,2.925,2.925,2.92,2.92,844.0,BTBT
2025-02-11 15:30:00,2.925,2.925,2.92,2.925,8205.0,BTBT
2025-02-11 15:29:00,2.91,2.9299,2.91,2.928,55235.0,BTBT
2025-02-11 15:28:00,2.92,2.925,2.91,2.91,99896.0,BTBT
2025-02-11 15:27:00,2.925,2.93,2.92,2.925,17443.0,BTBT
2025-02-11 15:26:00,2.92,2.93,2.92,2.925,3676.0,BTBT
2025-02-11 15:25:00,2.925,2.93,2.92,2.9226,19584.0,BTBT
2025-02-11 15:24:00,2.925,2.9287,2.92,2.92,5731.0,BTBT
2025-02-11 15:23:00,2.925,2.93,2.92,2.92,4274.0,BTBT
2025-02-11 15:22:00,2.925,2.925,2.92,2.925,3623.0,BTBT
2025-02-11 15:21:00,2.925,2.93,2.92,2.92,9009.0,BTBT
2025-02-11 15:20:00,2.92,2.9298,2.92,2.9293,12104.0,BTBT
2025-02-11 15:19:00,2.925,2.928,2.92,2.925,22141.0,BTBT
2025-02-11 15:18:00,2.9258,2.93,2.92,2.92,8168.0,BTBT
2025-02-11 15:17:00,2.92,2.93,2.92,2.925,7150.0,BTBT
2025-02-11 15:16:00,2.92,2.9299,2.92,2.926,8380.0,BTBT
2025-02-11 15:15:00,2.9313,2.935,2.92,2.92,123917.0,BTBT
2025-02-11 15:14:00,2.93,2.9371,2.93,2.93,3614.0,BTBT
2025-02-11 15:13:00,2.9385,2.939,2.935,2.935,13696.0,BTBT
2025-02-11 15:12:00,2.94,2.94,2.935,2.9371,38268.0,BTBT
2025-02-11 15:11:00,2.9441,2.945,2.94,2.94,673.0,BTBT
2025-02-11 15:10:00,2.945,2.945,2.9428,2.9428,1288.0,BTBT
2025-02-11 15:09:00,2.945,2.945,2.945,2.945,880.0,BTBT
2025-02-11 15:08:00,2.9449,2.945,2.9449,2.945,2439.0,BTBT
2025-02-11 15:07:00,2.936,2.945,2.93,2.945,42940.0,BTBT
2025-02-11 15:06:00,2.9369,2.945,2.93,2.935,235087.0,BTBT
2025-02-11 15:05:00,2.935,2.94,2.93,2.9399,17934.0,BTBT
2025-02-11 15:04:00,2.94,2.94,2.9301,2.9388,45566.0,BTBT
2025-02-11 15:03:00,2.94,2.9409,2.94,2.9409,11315.0,BTBT
2025-02-11 15:02:00,2.945,2.945,2.94,2.94,3548.0,BTBT
2025-02-11 15:01:00,2.945,2.945,2.9418,2.9418,2933.0,BTBT
2025-02-11 15:00:00,2.945,2.95,2.9433,2.95,7245.0,BTBT
2025-02-11 14:59:00,2.94,2.945,2.94,2.945,3013.0,BTBT
2025-02-11 14:58:00,2.9448,2.95,2.94,2.945,2352.0,BTBT
2025-02-11 14:57:00,2.9382,2.945,2.935,2.94,29684.0,BTBT
2025-02-11 14:56:00,2.935,2.935,2.9334,2.935,5910.0,BTBT
2025-02-11 14:55:00,2.936,2.9372,2.936,2.9372,438.0,BTBT
2025-02-11 14:54:00,2.945,2.949,2.9301,2.935,89578.0,BTBT
2025-02-11 14:53:00,2.935,2.9499,2.935,2.9499,53820.0,BTBT
2025-02-11 14:52:00,2.935,2.9373,2.93,2.9352,9715.0,BTBT
2025-02-11 14:51:00,2.93,2.9399,2.93,2.935,22661.0,BTBT
2025-02-11 14:50:00,2.935,2.935,2.93,2.93,2702.0,BTBT
2025-02-11 14:49:00,2.93,2.93,2.93,2.93,290.0,BTBT
2025-02-11 14:48:00,2.9399,2.9399,2.933,2.933,1670.0,BTBT
2025-02-11 14:47:00,2.9343,2.94,2.9301,2.9301,3382.0,BTBT
2025-02-11 14:46:00,2.93,2.94,2.93,2.9379,6611.0,BTBT
2025-02-11 14:45:00,2.94,2.94,2.9318,2.94,20640.0,BTBT
2025-02-11 14:44:00,2.94,2.94,2.93,2.9356,10047.0,BTBT
2025-02-11 14:43:00,2.94,2.94,2.935,2.94,12651.0,BTBT
2025-02-11 14:42:00,2.935,2.94,2.93,2.935,15346.0,BTBT
2025-02-11 14:41:00,2.935,2.94,2.93,2.935,2708.0,BTBT
2025-02-11 14:40:00,2.93,2.945,2.93,2.9349,133685.0,BTBT
2025-02-11 14:39:00,2.9397,2.9397,2.93,2.9392,6199.0,BTBT
2025-02-11 14:38:00,2.935,2.9399,2.93,2.9346,2447.0,BTBT
2025-02-11 14:37:00,2.93,2.9399,2.93,2.935,2079.0,BTBT
2025-02-11 14:36:00,2.93,2.94,2.93,2.94,16993.0,BTBT
2025-02-11 14:35:00,2.9372,2.94,2.93,2.9301,52544.0,BTBT
2025-02-11 14:34:00,2.949,2.949,2.93,2.935,22471.0,BTBT
2025-02-11 14:33:00,2.945,2.945,2.945,2.945,424.0,BTBT
2025-02-11 14:32:00,2.945,2.95,2.945,2.9463,2389.0,BTBT
2025-02-11 14:31:00,2.94,2.945,2.93,2.945,53495.0,BTBT
2025-02-11 14:30:00,2.935,2.9399,2.93,2.9368,3884.0,BTBT
2025-02-11 14:29:00,2.9302,2.94,2.93,2.93,18811.0,BTBT
2025-02-11 14:28:00,2.93,2.9356,2.93,2.935,9106.0,BTBT
2025-02-11 14:27:00,2.9446,2.9485,2.93,2.9399,73936.0,BTBT
2025-02-11 14:26:00,2.945,2.9499,2.94,2.9499,2489.0,BTBT
2025-02-11 14:25:00,2.945,2.945,2.94,2.945,3936.0,BTBT
2025-02-11 14:24:00,2.945,2.945,2.94,2.9403,3768.0,BTBT
2025-02-11 14:23:00,2.9473,2.9474,2.9411,2.9411,6364.0,BTBT
2025-02-11 14:22:00,2.9401,2.946,2.94,2.945,5268.0,BTBT
2025-02-11 14:21:00,2.945,2.9473,2.94,2.94,2171.0,BTBT
2025-02-11 14:20:00,2.945,2.95,2.9439,2.945,14261.0,BTBT
2025-02-11 14:19:00,2.9475,2.9499,2.94,2.94,2303.0,BTBT
2025-02-11 14:18:00,2.945,2.95,2.94,2.95,9161.0,BTBT
2025-02-11 14:17:00,2.9488,2.9488,2.9474,2.9474,5352.0,BTBT
2025-02-11 14:16:00,2.945,2.9459,2.94,2.94,3857.0,BTBT
2025-02-11 14:15:00,2.946,2.95,2.94,2.9434,5656.0,BTBT
2025-02-11 14:14:00,2.946,2.95,2.945,2.9489,6102.0,BTBT
2025-02-11 14:13:00,2.945,2.945,2.945,2.945,2869.0,BTBT
2025-02-11 14:12:00,2.94,2.9465,2.94,2.94,6977.0,BTBT
2025-02-11 14:11:00,2.9485,2.9485,2.9444,2.9444,2472.0,BTBT
2025-02-11 14:09:00,2.955,2.955,2.9417,2.9476,35960.0,BTBT
2025-02-11 14:08:00,2.9597,2.9597,2.955,2.955,9168.0,BTBT
2025-02-11 14:07:00,2.9546,2.9546,2.95,2.95,1236.0,BTBT
2025-02-11 14:06:00,2.96,2.96,2.955,2.9582,10720.0,BTBT
2025-02-11 14:05:00,2.966,2.966,2.9613,2.965,1376.0,BTBT
2025-02-11 14:04:00,2.9689,2.9689,2.96,2.9615,1133.0,BTBT
2025-02-11 14:03:00,2.9587,2.9633,2.955,2.9633,24624.0,BTBT
2025-02-11 14:02:00,2.955,2.96,2.95,2.96,22256.0,BTBT
2025-02-11 14:01:00,2.9489,2.9599,2.9409,2.9599,16349.0,BTBT
2025-02-11 14:00:00,2.9482,2.9482,2.9415,2.945,2361.0,BTBT
2025-02-11 13:59:00,2.94,2.9495,2.94,2.945,2032.0,BTBT
2025-02-11 13:58:00,2.945,2.945,2.94,2.945,14868.0,BTBT
2025-02-11 13:57:00,2.9425,2.9425,2.94,2.94,557.0,BTBT
2025-02-11 13:56:00,2.954,2.955,2.94,2.9448,53224.0,BTBT
2025-02-11 13:55:00,2.955,2.955,2.955,2.955,640.0,BTBT
2025-02-11 13:54:00,2.9582,2.9598,2.9531,2.9598,1563.0,BTBT
2025-02-11 13:53:00,2.9446,2.95,2.94,2.95,14790.0,BTBT
2025-02-11 13:52:00,2.945,2.95,2.94,2.945,3160.0,BTBT
2025-02-11 13:51:00,2.95,2.95,2.94,2.944,11387.0,BTBT
2025-02-11 13:50:00,2.955,2.955,2.94,2.945,263503.0,BTBT
2025-02-11 13:49:00,2.96,2.965,2.95,2.9562,55325.0,BTBT
2025-02-11 13:47:00,2.96,2.965,2.96,2.965,1178.0,BTBT
2025-02-11 13:46:00,2.96,2.9659,2.96,2.965,4882.0,BTBT
2025-02-11 13:45:00,2.9614,2.9614,2.9614,2.9614,3344.0,BTBT
2025-02-11 13:44:00,2.968,2.968,2.96,2.9611,19867.0,BTBT
2025-02-11 13:43:00,2.965,2.9699,2.964,2.9699,3341.0,BTBT
2025-02-11 13:42:00,2.9665,2.9699,2.965,2.965,2343.0,BTBT
2025-02-11 13:41:00,2.975,2.975,2.9646,2.9652,25521.0,BTBT
2025-02-11 13:40:00,2.97,2.97,2.97,2.97,1187.0,BTBT
2025-02-11 13:39:00,2.97,2.975,2.97,2.97,23107.0,BTBT
2025-02-11 13:38:00,2.97,2.97,2.965,2.97,17074.0,BTBT
2025-02-11 13:37:00,2.97,2.97,2.96,2.9699,12039.0,BTBT
2025-02-11 13:36:00,2.9687,2.97,2.96,2.9639,4338.0,BTBT
2025-02-11 13:35:00,2.97,2.97,2.965,2.97,4775.0,BTBT
2025-02-11 13:34:00,2.97,2.97,2.97,2.97,2186.0,BTBT
2025-02-11 13:33:00,2.97,2.97,2.9601,2.965,8783.0,BTBT
2025-02-11 13:32:00,2.965,2.97,2.96,2.96,8171.0,BTBT
2025-02-11 13:31:00,2.965,2.97,2.965,2.97,25182.0,BTBT
2025-02-11 13:30:00,2.955,2.965,2.95,2.965,38978.0,BTBT
2025-02-11 13:29:00,2.9542,2.9542,2.9535,2.9535,688.0,BTBT
2025-02-11 13:28:00,2.9583,2.96,2.955,2.955,6558.0,BTBT
2025-02-11 13:27:00,2.95,2.95,2.95,2.95,322.0,BTBT
2025-02-11 13:26:00,2.955,2.955,2.95,2.95,5480.0,BTBT
2025-02-11 13:25:00,2.956,2.956,2.956,2.956,1123.0,BTBT
2025-02-11 13:24:00,2.95,2.96,2.95,2.96,514.0,BTBT
2025-02-11 13:23:00,2.955,2.96,2.95,2.96,5227.0,BTBT
2025-02-11 13:22:00,2.95,2.9591,2.95,2.9591,870.0,BTBT
2025-02-11 13:21:00,2.9597,2.9597,2.9509,2.955,2087.0,BTBT
2025-02-11 13:20:00,2.956,2.96,2.95,2.955,2335.0,BTBT
2025-02-11 13:19:00,2.9571,2.9599,2.9556,2.9599,1712.0,BTBT
2025-02-11 13:18:00,2.9575,2.96,2.95,2.96,2532.0,BTBT
2025-02-11 13:17:00,2.96,2.96,2.955,2.96,1886.0,BTBT
2025-02-11 13:16:00,2.955,2.96,2.95,2.955,10670.0,BTBT
2025-02-11 13:15:00,2.955,2.9599,2.955,2.9599,2786.0,BTBT
2025-02-11 13:14:00,2.9599,2.96,2.955,2.9591,10645.0,BTBT
2025-02-11 13:13:00,2.9572,2.96,2.955,2.955,6462.0,BTBT
2025-02-11 13:12:00,2.9573,2.9573,2.95,2.955,19394.0,BTBT
2025-02-11 13:11:00,2.96,2.96,2.95,2.95,3229.0,BTBT
2025-02-11 13:10:00,2.9561,2.9598,2.95,2.95,24997.0,BTBT
2025-02-11 13:09:00,2.9573,2.96,2.95,2.95,12190.0,BTBT
2025-02-11 13:08:00,2.9504,2.955,2.95,2.955,17451.0,BTBT
2025-02-11 13:07:00,2.95,2.955,2.95,2.9515,5258.0,BTBT
2025-02-11 13:06:00,2.95,2.956,2.95,2.956,2281.0,BTBT
2025-02-11 13:05:00,2.955,2.955,2.955,2.955,488.0,BTBT
2025-02-11 13:04:00,2.96,2.96,2.9518,2.9526,6838.0,BTBT
2025-02-11 13:03:00,2.955,2.9571,2.95,2.9571,1380.0,BTBT
2025-02-11 13:02:00,2.955,2.96,2.95,2.955,5829.0,BTBT
2025-02-11 13:01:00,2.9501,2.9593,2.95,2.9593,9051.0,BTBT
2025-02-11 13:00:00,2.955,2.9554,2.955,2.955,4140.0,BTBT
2025-02-11 12:59:00,2.955,2.955,2.955,2.955,2697.0,BTBT
2025-02-11 12:58:00,2.955,2.96,2.9516,2.96,6946.0,BTBT
2025-02-11 12:57:00,2.955,2.96,2.95,2.955,15346.0,BTBT
2025-02-11 12:56:00,2.9501,2.96,2.95,2.955,33481.0,BTBT
2025-02-11 12:55:00,2.9531,2.955,2.95,2.9501,3584.0,BTBT
2025-02-11 12:54:00,2.955,2.955,2.95,2.9518,2399.0,BTBT
2025-02-11 12:53:00,2.955,2.96,2.95,2.95,16294.0,BTBT
2025-02-11 12:52:00,2.955,2.9599,2.95,2.9589,2798.0,BTBT
2025-02-11 12:51:00,2.95,2.9575,2.95,2.95,4411.0,BTBT
2025-02-11 12:50:00,2.9572,2.96,2.95,2.96,1290.0,BTBT
2025-02-11 12:49:00,2.955,2.965,2.95,2.955,65183.0,BTBT
2025-02-11 12:48:00,2.9527,2.9599,2.95,2.95,19264.0,BTBT
2025-02-11 12:47:00,2.955,2.96,2.955,2.955,1175.0,BTBT
2025-02-11 12:46:00,2.9614,2.9677,2.95,2.955,99193.0,BTBT
2025-02-11 12:45:00,2.955,2.9646,2.955,2.9646,10173.0,BTBT
2025-02-11 12:44:00,2.965,2.965,2.95,2.955,39983.0,BTBT
2025-02-11 12:43:00,2.97,2.97,2.965,2.965,1034.0,BTBT
2025-02-11 12:42:00,2.965,2.9691,2.96,2.965,8741.0,BTBT
2025-02-11 12:41:00,2.96,2.965,2.96,2.9602,3892.0,BTBT
2025-02-11 12:40:00,2.96,2.9691,2.96,2.9691,21652.0,BTBT
2025-02-11 12:39:00,2.96,2.96,2.96,2.96,1050.0,BTBT
2025-02-11 12:38:00,2.97,2.975,2.96,2.96,7869.0,BTBT
2025-02-11 12:37:00,2.97,2.979,2.97,2.97,33509.0,BTBT
2025-02-11 12:36:00,2.975,2.975,2.97,2.97,4600.0,BTBT
2025-02-11 12:35:00,2.98,2.98,2.97,2.975,33193.0,BTBT
2025-02-11 12:34:00,2.98,2.99,2.98,2.985,12738.0,BTBT
2025-02-11 12:33:00,2.9849,2.9882,2.98,2.9801,34064.0,BTBT
2025-02-11 12:32:00,2.99,2.99,2.98,2.98,70537.0,BTBT
2025-02-11 12:31:00,2.99,2.995,2.99,2.995,1865.0,BTBT
2025-02-11 12:30:00,3.0,3.006,2.99,2.991,55318.0,BTBT
2025-02-11 12:29:00,3.0,3.0,3.0,3.0,10096.0,BTBT
2025-02-11 12:28:00,2.9994,3.0,2.99,2.9994,60144.0,BTBT
2025-02-11 12:27:00,2.995,2.9993,2.9944,2.995,4315.0,BTBT
2025-02-11 12:26:00,2.998,2.998,2.9971,2.9971,1914.0,BTBT
2025-02-11 12:25:00,2.9999,3.0,2.9901,2.9949,22527.0,BTBT
2025-02-11 12:24:00,2.995,2.995,2.995,2.995,2372.0,BTBT
2025-02-11 12:23:00,2.995,3.0,2.995,2.9992,39800.0,BTBT
2025-02-11 12:22:00,2.985,2.9999,2.985,2.999,15864.0,BTBT
2025-02-11 12:21:00,2.985,2.99,2.985,2.985,4519.0,BTBT
2025-02-11 12:20:00,2.9899,2.9899,2.98,2.9899,6982.0,BTBT
2025-02-11 12:19:00,2.975,2.99,2.975,2.985,108165.0,BTBT
2025-02-11 12:18:00,2.98,2.98,2.975,2.975,34638.0,BTBT
2025-02-11 12:17:00,2.965,2.98,2.96,2.9763,97606.0,BTBT
2025-02-11 12:16:00,2.97,2.98,2.97,2.9701,322271.0,BTBT
2025-02-11 12:15:00,2.98,2.98,2.97,2.9752,53758.0,BTBT
2025-02-11 12:14:00,2.96,2.98,2.96,2.9785,149197.0,BTBT
2025-02-11 12:13:00,2.9699,2.97,2.96,2.97,15681.0,BTBT
2025-02-11 12:12:00,2.97,2.97,2.96,2.965,7054.0,BTBT
2025-02-11 12:11:00,2.951,2.97,2.951,2.96,31271.0,BTBT
2025-02-11 12:10:00,2.955,2.96,2.9503,2.9598,12688.0,BTBT
2025-02-11 12:09:00,2.95,2.96,2.95,2.955,24387.0,BTBT
2025-02-11 12:08:00,2.9606,2.97,2.95,2.9574,50810.0,BTBT
2025-02-11 12:07:00,2.9646,2.965,2.96,2.96,5259.0,BTBT
2025-02-11 12:06:00,2.9705,2.9705,2.96,2.965,33868.0,BTBT
2025-02-11 12:05:00,2.98,2.98,2.97,2.97,123247.0,BTBT
2025-02-11 12:04:00,2.98,2.981,2.98,2.98,9918.0,BTBT
2025-02-11 12:03:00,2.98,2.99,2.98,2.99,5345.0,BTBT
2025-02-11 12:02:00,2.99,2.99,2.98,2.985,12662.0,BTBT
2025-02-11 12:01:00,2.995,2.995,2.99,2.99,18597.0,BTBT
2025-02-11 12:00:00,2.995,2.995,2.99,2.99,7951.0,BTBT
2025-02-11 11:59:00,2.995,2.995,2.99,2.99,1240.0,BTBT
2025-02-11 11:58:00,3.0,3.0,2.99,2.99,62354.0,BTBT
2025-02-11 11:57:00,3.002,3.0097,3.0,3.0,2167.0,BTBT
2025-02-11 11:56:00,3.0,3.0086,3.0,3.005,5159.0,BTBT
2025-02-11 11:55:00,3.0,3.005,3.0,3.0001,10715.0,BTBT
2025-02-11 11:54:00,3.0026,3.0052,3.0,3.0023,13445.0,BTBT
2025-02-11 11:53:00,3.005,3.007,3.0,3.0003,4212.0,BTBT
2025-02-11 11:52:00,3.0113,3.015,3.0,3.005,24155.0,BTBT
2025-02-11 11:51:00,3.01,3.015,3.01,3.01,1716.0,BTBT
2025-02-11 11:50:00,3.01,3.015,3.01,3.015,1360.0,BTBT
2025-02-11 11:49:00,3.01,3.015,3.01,3.015,3155.0,BTBT
2025-02-11 11:48:00,3.01,3.0182,3.01,3.01,14148.0,BTBT
2025-02-11 11:47:00,3.02,3.02,3.01,3.01,3482.0,BTBT
2025-02-11 11:46:00,3.015,3.0152,3.01,3.0101,35432.0,BTBT
2025-02-11 11:45:00,3.015,3.02,3.015,3.015,1703.0,BTBT
2025-02-11 11:44:00,3.01,3.02,3.01,3.01,2672.0,BTBT
2025-02-11 11:43:00,3.01,3.0152,3.01,3.0101,1507.0,BTBT
2025-02-11 11:42:00,3.0127,3.0172,3.01,3.011,4311.0,BTBT
2025-02-11 11:41:00,3.015,3.0199,3.015,3.015,4093.0,BTBT
2025-02-11 11:40:00,3.02,3.025,3.015,3.019,20387.0,BTBT
2025-02-11 11:39:00,3.025,3.03,3.0241,3.025,3006.0,BTBT
2025-02-11 11:38:00,3.025,3.025,3.0201,3.0201,10965.0,BTBT
2025-02-11 11:37:00,3.0228,3.0299,3.0221,3.025,2175.0,BTBT
2025-02-11 11:36:00,3.025,3.025,3.025,3.025,514.0,BTBT
2025-02-11 11:35:00,3.0299,3.0299,3.02,3.02,1757.0,BTBT
2025-02-11 11:34:00,3.0213,3.025,3.0213,3.025,2281.0,BTBT
2025-02-11 11:33:00,3.025,3.03,3.02,3.025,14645.0,BTBT
2025-02-11 11:32:00,3.025,3.025,3.02,3.02,1457.0,BTBT
2025-02-11 11:31:00,3.0201,3.0283,3.01,3.0283,89723.0,BTBT
2025-02-11 11:30:00,3.025,3.025,3.02,3.025,1659.0,BTBT
2025-02-11 11:29:00,3.03,3.03,3.02,3.02,21107.0,BTBT
2025-02-11 11:28:00,3.035,3.035,3.03,3.03,1188.0,BTBT
2025-02-11 11:27:00,3.035,3.035,3.035,3.035,581.0,BTBT
2025-02-11 11:26:00,3.03,3.035,3.03,3.035,3399.0,BTBT
2025-02-11 11:25:00,3.035,3.035,3.03,3.0349,8190.0,BTBT
2025-02-11 11:24:00,3.045,3.045,3.03,3.0399,27917.0,BTBT
2025-02-11 11:23:00,3.0471,3.0499,3.0403,3.0403,3379.0,BTBT
2025-02-11 11:22:00,3.045,3.045,3.04,3.04,2472.0,BTBT
2025-02-11 11:21:00,3.05,3.05,3.04,3.04,30818.0,BTBT
2025-02-11 11:20:00,3.035,3.05,3.03,3.045,42190.0,BTBT
2025-02-11 11:19:00,3.03,3.0376,3.03,3.035,1476.0,BTBT
2025-02-11 11:18:00,3.03,3.035,3.03,3.03,2544.0,BTBT
2025-02-11 11:17:00,3.0399,3.0399,3.0399,3.0399,689.0,BTBT
2025-02-11 11:16:00,3.035,3.0399,3.03,3.0399,7703.0,BTBT
2025-02-11 11:15:00,3.0361,3.04,3.035,3.035,931.0,BTBT
2025-02-11 11:14:00,3.0305,3.0305,3.0305,3.0305,1414.0,BTBT
2025-02-11 11:13:00,3.03,3.0377,3.03,3.0377,5772.0,BTBT
2025-02-11 11:12:00,3.0327,3.0387,3.03,3.03,2619.0,BTBT
2025-02-11 11:11:00,3.035,3.035,3.03,3.0348,23098.0,BTBT
2025-02-11 11:10:00,3.03,3.0324,3.03,3.03,838.0,BTBT
2025-02-11 11:09:00,3.025,3.035,3.025,3.03,35616.0,BTBT
2025-02-11 11:08:00,3.025,3.025,3.02,3.025,3112.0,BTBT
2025-02-11 11:07:00,3.0297,3.0297,3.02,3.02,699.0,BTBT
2025-02-11 11:06:00,3.02,3.0273,3.02,3.0273,2716.0,BTBT
2025-02-11 11:05:00,3.02,3.0278,3.02,3.02,12282.0,BTBT
2025-02-11 11:04:00,3.02,3.03,3.02,3.02,10457.0,BTBT
2025-02-11 11:03:00,3.02,3.0282,3.02,3.025,23677.0,BTBT
2025-02-11 11:02:00,3.03,3.03,3.02,3.02,9297.0,BTBT
2025-02-11 11:01:00,3.03,3.035,3.03,3.035,4828.0,BTBT
2025-02-11 11:00:00,3.03,3.035,3.02,3.03,130373.0,BTBT
2025-02-11 10:59:00,3.03,3.03,3.025,3.0252,14643.0,BTBT
2025-02-11 10:58:00,3.035,3.035,3.035,3.035,706.0,BTBT
2025-02-11 10:57:00,3.03,3.035,3.03,3.035,1076.0,BTBT
2025-02-11 10:56:00,3.04,3.04,3.03,3.035,9120.0,BTBT
2025-02-11 10:55:00,3.04,3.04,3.03,3.035,3038.0,BTBT
2025-02-11 10:54:00,3.035,3.04,3.03,3.04,4118.0,BTBT
2025-02-11 10:53:00,3.034,3.0399,3.034,3.0399,2942.0,BTBT
2025-02-11 10:52:00,3.035,3.035,3.03,3.0301,7303.0,BTBT
2025-02-11 10:51:00,3.0313,3.0389,3.0313,3.0389,2449.0,BTBT
2025-02-11 10:50:00,3.035,3.0352,3.035,3.0352,643.0,BTBT
2025-02-11 10:49:00,3.036,3.0399,3.036,3.0399,821.0,BTBT
2025-02-11 10:48:00,3.03,3.04,3.03,3.04,11532.0,BTBT
2025-02-11 10:47:00,3.045,3.05,3.03,3.0301,16066.0,BTBT
2025-02-11 10:46:00,3.04,3.0499,3.04,3.0499,30488.0,BTBT
2025-02-11 10:45:00,3.04,3.04,3.03,3.0351,3061.0,BTBT
2025-02-11 10:44:00,3.03,3.04,3.03,3.035,9150.0,BTBT
2025-02-11 10:43:00,3.0303,3.035,3.0303,3.035,3955.0,BTBT
2025-02-11 10:42:00,3.025,3.0354,3.02,3.03,46154.0,BTBT
2025-02-11 10:41:00,3.025,3.03,3.0206,3.025,5982.0,BTBT
2025-02-11 10:40:00,3.025,3.03,3.0219,3.03,3259.0,BTBT
2025-02-11 10:39:00,3.0223,3.03,3.0202,3.025,18864.0,BTBT
2025-02-11 10:38:00,3.025,3.025,3.02,3.025,4621.0,BTBT
2025-02-11 10:37:00,3.0202,3.025,3.02,3.025,2060.0,BTBT
2025-02-11 10:36:00,3.02,3.0204,3.02,3.0203,19520.0,BTBT
2025-02-11 10:35:00,3.02,3.025,3.02,3.0232,1535.0,BTBT
2025-02-11 10:34:00,3.0248,3.03,3.0209,3.025,11542.0,BTBT
2025-02-11 10:33:00,3.025,3.0299,3.02,3.025,11252.0,BTBT
2025-02-11 10:32:00,3.04,3.04,3.02,3.0251,12445.0,BTBT
2025-02-11 10:31:00,3.05,3.0601,3.04,3.0454,86093.0,BTBT
2025-02-11 10:30:00,3.055,3.06,3.05,3.055,19556.0,BTBT
2025-02-11 10:29:00,3.055,3.06,3.05,3.055,19873.0,BTBT
2025-02-11 10:28:00,3.052,3.055,3.05,3.055,23726.0,BTBT
2025-02-11 10:27:00,3.065,3.0673,3.055,3.055,47055.0,BTBT
2025-02-11 10:26:00,3.068,3.068,3.06,3.065,5885.0,BTBT
2025-02-11 10:25:00,3.065,3.07,3.05,3.0651,290591.0,BTBT
2025-02-11 10:24:00,3.065,3.065,3.065,3.065,998.0,BTBT
2025-02-11 10:23:00,3.065,3.07,3.06,3.065,5073.0,BTBT
2025-02-11 10:22:00,3.065,3.07,3.06,3.065,28010.0,BTBT
2025-02-11 10:21:00,3.0652,3.07,3.0652,3.07,4835.0,BTBT
2025-02-11 10:20:00,3.08,3.09,3.06,3.06,40253.0,BTBT
2025-02-11 10:19:00,3.0799,3.085,3.07,3.08,13445.0,BTBT
2025-02-11 10:18:00,3.07,3.075,3.07,3.0717,6696.0,BTBT
2025-02-11 10:17:00,3.08,3.08,3.07,3.0756,7588.0,BTBT
2025-02-11 10:16:00,3.085,3.095,3.08,3.08,88076.0,BTBT
2025-02-11 10:15:00,3.06,3.085,3.06,3.08,283837.0,BTBT
2025-02-11 10:14:00,3.052,3.0599,3.0501,3.055,14779.0,BTBT
2025-02-11 10:13:00,3.055,3.055,3.05,3.0511,4349.0,BTBT
2025-02-11 10:12:00,3.0611,3.0648,3.05,3.05,20752.0,BTBT
2025-02-11 10:11:00,3.065,3.0651,3.0618,3.0618,2008.0,BTBT
2025-02-11 10:10:00,3.075,3.0799,3.06,3.065,62845.0,BTBT
2025-02-11 10:09:00,3.045,3.08,3.045,3.075,78283.0,BTBT
2025-02-11 10:08:00,3.05,3.05,3.04,3.045,30211.0,BTBT
2025-02-11 10:07:00,3.05,3.06,3.05,3.055,28475.0,BTBT
2025-02-11 10:06:00,3.045,3.06,3.0424,3.06,41339.0,BTBT
2025-02-11 10:05:00,3.0552,3.06,3.04,3.045,88040.0,BTBT
2025-02-11 10:04:00,3.0628,3.0628,3.05,3.055,76552.0,BTBT
2025-02-11 10:03:00,3.06,3.0699,3.06,3.06,17242.0,BTBT
2025-02-11 10:02:00,3.04,3.065,3.0399,3.065,69609.0,BTBT
2025-02-11 10:01:00,3.04,3.04,3.03,3.04,8049.0,BTBT
2025-02-11 10:00:00,3.02,3.035,3.015,3.035,47025.0,BTBT
2025-02-11 09:59:00,3.035,3.04,3.02,3.0275,13749.0,BTBT
2025-02-11 09:58:00,3.0301,3.035,3.03,3.035,3480.0,BTBT
2025-02-11 09:57:00,3.03,3.0399,3.03,3.0399,19136.0,BTBT
2025-02-11 09:56:00,3.025,3.0354,3.02,3.0354,58426.0,BTBT
2025-02-11 09:55:00,3.0204,3.0254,3.015,3.0254,18674.0,BTBT
2025-02-11 09:54:00,3.02,3.0254,3.01,3.02,56228.0,BTBT
2025-02-11 09:53:00,3.018,3.0254,3.01,3.0246,8806.0,BTBT
2025-02-11 09:52:00,3.01,3.03,3.01,3.0194,51854.0,BTBT
2025-02-11 09:51:00,3.005,3.02,3.005,3.0184,42392.0,BTBT
2025-02-11 09:50:00,2.9998,3.005,2.99,3.005,35682.0,BTBT
2025-02-11 09:49:00,2.9945,3.0,2.9945,2.9977,4767.0,BTBT
2025-02-11 09:48:00,2.98,2.9904,2.98,2.9904,26588.0,BTBT
2025-02-11 09:47:00,2.98,2.9886,2.98,2.9886,1734.0,BTBT
2025-02-11 09:46:00,2.9899,2.994,2.98,2.98,82881.0,BTBT
2025-02-11 09:45:00,2.99,2.995,2.98,2.98,21654.0,BTBT
2025-02-11 09:44:00,2.99,3.0,2.99,2.9999,9844.0,BTBT
2025-02-11 09:43:00,2.97,3.0,2.97,2.9904,19431.0,BTBT
2025-02-11 09:42:00,2.966,2.98,2.966,2.98,7179.0,BTBT
2025-02-11 09:41:00,2.97,2.97,2.96,2.9648,12701.0,BTBT
2025-02-11 09:40:00,2.9798,2.9798,2.97,2.975,22665.0,BTBT
2025-02-11 09:39:00,2.97,2.9705,2.96,2.9705,20388.0,BTBT
2025-02-11 09:38:00,2.979,2.98,2.9701,2.975,41030.0,BTBT
2025-02-11 09:37:00,2.975,2.9799,2.97,2.97,7800.0,BTBT
2025-02-11 09:36:00,2.955,2.9706,2.955,2.9706,27466.0,BTBT
2025-02-11 09:35:00,2.945,2.96,2.945,2.955,20644.0,BTBT
2025-02-11 09:34:00,2.94,2.96,2.94,2.9498,41567.0,BTBT
2025-02-11 09:33:00,2.9556,2.9556,2.94,2.95,46556.0,BTBT
2025-02-11 09:32:00,2.96,2.98,2.95,2.96,38008.0,BTBT
2025-02-11 09:31:00,2.945,2.96,2.93,2.959,98587.0,BTBT
2025-02-11 09:30:00,3.015,3.015,2.94,2.945,280500.0,BTBT
2025-02-11 09:29:00,3.01,3.01,3.01,3.01,220.0,BTBT
2025-02-11 09:28:00,2.9907,3.0,2.99,3.0,811.0,BTBT
2025-02-11 09:27:00,3.0098,3.01,3.0,3.0,926.0,BTBT
2025-02-11 09:26:00,3.01,3.01,3.0098,3.0098,35.0,BTBT
2025-02-11 09:25:00,3.01,3.01,3.0001,3.0001,1650.0,BTBT
2025-02-11 09:24:00,2.999,3.01,2.99,3.01,3429.0,BTBT
2025-02-11 09:22:00,3.0,3.0,3.0,3.0,500.0,BTBT
2025-02-11 09:21:00,2.9998,2.9998,2.9998,2.9998,15.0,BTBT
2025-02-11 09:20:00,2.9998,3.0,2.9998,3.0,2198.0,BTBT
2025-02-11 09:19:00,2.99,3.0,2.99,3.0,1371.0,BTBT
2025-02-11 09:18:00,2.9899,2.99,2.98,2.98,2541.0,BTBT
2025-02-11 09:17:00,2.99,2.99,2.9899,2.9899,281.0,BTBT
2025-02-11 09:16:00,3.02,3.02,2.9898,2.9898,30183.0,BTBT
2025-02-11 09:14:00,3.02,3.02,3.02,3.02,2.0,BTBT
2025-02-11 09:13:00,3.0199,3.0199,3.0199,3.0199,500.0,BTBT
2025-02-11 09:12:00,3.02,3.02,3.02,3.02,100.0,BTBT
2025-02-11 09:09:00,3.03,3.03,3.02,3.02,7017.0,BTBT
2025-02-11 09:08:00,3.01,3.02,3.01,3.02,4780.0,BTBT
2025-02-11 09:07:00,3.0,3.01,3.0,3.01,2330.0,BTBT
2025-02-11 09:06:00,3.02,3.02,3.0097,3.0097,3305.0,BTBT
2025-02-11 09:05:00,3.01,3.02,3.0,3.02,3857.0,BTBT
2025-02-11 09:04:00,3.01,3.01,3.005,3.01,8808.0,BTBT
2025-02-11 09:03:00,3.03,3.03,3.02,3.02,2229.0,BTBT
2025-02-11 09:02:00,3.02,3.02,3.02,3.02,500.0,BTBT
2025-02-11 09:01:00,3.0197,3.02,3.01,3.02,1665.0,BTBT
2025-02-11 09:00:00,3.02,3.03,3.02,3.02,9912.0,BTBT
2025-02-11 08:59:00,3.025,3.025,3.025,3.025,2.0,BTBT
2025-02-11 08:56:00,3.04,3.04,3.03,3.03,12815.0,BTBT
2025-02-11 08:55:00,3.04,3.04,3.04,3.04,5.0,BTBT
2025-02-11 08:54:00,3.04,3.04,3.04,3.04,500.0,BTBT
2025-02-11 08:53:00,3.04,3.04,3.0398,3.04,166.0,BTBT
2025-02-11 08:52:00,3.03,3.03,3.03,3.03,150.0,BTBT
2025-02-11 08:51:00,3.0302,3.0302,3.0302,3.0302,500.0,BTBT
2025-02-11 08:50:00,3.0398,3.04,3.03,3.03,4008.0,BTBT
2025-02-11 08:49:00,3.04,3.0401,3.04,3.04,1233.0,BTBT
2025-02-11 08:48:00,3.0402,3.0402,3.0402,3.0402,200.0,BTBT
2025-02-11 08:47:00,3.05,3.05,3.05,3.05,400.0,BTBT
2025-02-11 08:42:00,3.05,3.05,3.05,3.05,17.0,BTBT
2025-02-11 08:41:00,3.05,3.05,3.05,3.05,2.0,BTBT
2025-02-11 08:36:00,3.0497,3.0497,3.0497,3.0497,100.0,BTBT
2025-02-11 08:34:00,3.0498,3.0498,3.0498,3.0498,1.0,BTBT
2025-02-11 08:33:00,3.0497,3.05,3.0497,3.05,2002.0,BTBT
2025-02-11 08:32:00,3.0497,3.0497,3.0497,3.0497,100.0,BTBT
2025-02-11 08:31:00,3.05,3.05,3.05,3.05,200.0,BTBT
2025-02-11 08:30:00,3.04,3.04,3.03,3.04,3906.0,BTBT
2025-02-11 08:29:00,3.04,3.04,3.04,3.04,2403.0,BTBT
2025-02-11 08:28:00,3.05,3.05,3.0499,3.0499,305.0,BTBT
2025-02-11 08:26:00,3.05,3.05,3.05,3.05,49.0,BTBT
2025-02-11 08:25:00,3.05,3.05,3.0499,3.05,850.0,BTBT
2025-02-11 08:24:00,3.04,3.0401,3.04,3.0401,416.0,BTBT
2025-02-11 08:22:00,3.04,3.0499,3.04,3.0498,22.0,BTBT
2025-02-11 08:21:00,3.05,3.05,3.05,3.05,3.0,BTBT
2025-02-11 08:20:00,3.05,3.05,3.05,3.05,5236.0,BTBT
2025-02-11 08:19:00,3.0691,3.0691,3.0691,3.0691,2.0,BTBT
2025-02-11 08:18:00,3.07,3.07,3.07,3.07,3.0,BTBT
2025-02-11 08:14:00,3.06,3.06,3.06,3.06,50.0,BTBT
2025-02-11 08:13:00,3.06,3.06,3.06,3.06,150.0,BTBT
2025-02-11 08:12:00,3.06,3.0602,3.06,3.0601,6015.0,BTBT
2025-02-11 08:11:00,3.06,3.06,3.06,3.06,2000.0,BTBT
2025-02-11 08:10:00,3.06,3.06,3.0501,3.0501,2045.0,BTBT
2025-02-11 08:08:00,3.06,3.06,3.06,3.06,2.0,BTBT
2025-02-11 08:07:00,3.0599,3.06,3.05,3.06,208.0,BTBT
2025-02-11 08:06:00,3.0598,3.06,3.0598,3.06,45.0,BTBT
2025-02-11 08:05:00,3.06,3.06,3.06,3.06,1.0,BTBT
2025-02-11 08:04:00,3.0599,3.06,3.0598,3.0598,515.0,BTBT
2025-02-11 08:00:00,3.08,3.1,3.05,3.0501,23901.0,BTBT
2025-02-11 07:58:00,3.05,3.05,3.05,3.05,1202.0,BTBT
2025-02-11 07:50:00,3.06,3.06,3.06,3.06,540.0,BTBT
2025-02-11 07:36:00,3.05,3.05,3.05,3.05,25.0,BTBT
2025-02-11 07:29:00,3.06,3.06,3.06,3.06,25.0,BTBT
2025-02-11 07:24:00,3.06,3.06,3.06,3.06,25.0,BTBT
2025-02-11 07:17:00,3.06,3.06,3.06,3.06,1424.0,BTBT
2025-02-11 07:13:00,3.07,3.07,3.07,3.07,768.0,BTBT
2025-02-11 07:04:00,3.07,3.07,3.07,3.07,1102.0,BTBT
2025-02-11 07:00:00,3.07,3.08,3.07,3.08,2412.0,BTBT
2025-02-11 06:42:00,3.07,3.07,3.07,3.07,124.0,BTBT
2025-02-11 06:41:00,3.07,3.07,3.07,3.07,5.0,BTBT
2025-02-11 06:06:00,3.07,3.07,3.07,3.07,1.0,BTBT
2025-02-11 05:59:00,3.07,3.07,3.07,3.07,822.0,BTBT
2025-02-11 05:55:00,3.07,3.07,3.07,3.07,5.0,BTBT
2025-02-11 05:38:00,3.07,3.07,3.07,3.07,100.0,BTBT
2025-02-11 05:36:00,3.07,3.07,3.07,3.07,100.0,BTBT
2025-02-11 05:34:00,3.07,3.07,3.07,3.07,19.0,BTBT
2025-02-11 05:31:00,3.07,3.07,3.07,3.07,50.0,BTBT
2025-02-11 05:22:00,3.07,3.07,3.07,3.07,20.0,BTBT
2025-02-11 05:21:00,3.07,3.07,3.07,3.07,25.0,BTBT
2025-02-11 05:17:00,3.07,3.07,3.07,3.07,10.0,BTBT
2025-02-11 05:10:00,3.065,3.07,3.06,3.06,2004.0,BTBT
2025-02-11 05:06:00,3.065,3.065,3.065,3.065,1.0,BTBT
2025-02-11 05:03:00,3.065,3.065,3.065,3.065,1.0,BTBT
2025-02-11 04:55:00,3.07,3.07,3.07,3.07,3.0,BTBT
2025-02-11 04:52:00,3.07,3.07,3.07,3.07,2.0,BTBT
2025-02-11 04:51:00,3.07,3.07,3.07,3.07,2.0,BTBT
2025-02-11 04:49:00,3.07,3.07,3.07,3.07,200.0,BTBT
2025-02-11 04:45:00,3.07,3.07,3.07,3.07,1.0,BTBT
2025-02-11 04:38:00,3.09,3.09,3.07,3.07,6664.0,BTBT
2025-02-11 04:37:00,3.1,3.1,3.1,3.1,1.0,BTBT
2025-02-11 04:35:00,3.09,3.09,3.09,3.09,18.0,BTBT
2025-02-11 04:33:00,3.1,3.1,3.1,3.1,1.0,BTBT
2025-02-11 04:31:00,3.09,3.09,3.09,3.09,1284.0,BTBT
2025-02-11 04:27:00,3.09,3.09,3.09,3.09,10.0,BTBT
2025-02-11 04:24:00,3.09,3.09,3.09,3.09,1.0,BTBT
2025-02-11 04:19:00,3.08,3.08,3.08,3.08,1.0,BTBT
2025-02-11 04:13:00,3.09,3.09,3.09,3.09,5.0,BTBT
2025-02-11 04:08:00,3.08,3.08,3.08,3.08,1.0,BTBT
2025-02-11 04:07:00,3.08,3.08,3.08,3.08,1.0,BTBT
2025-02-11 04:05:00,3.08,3.08,3.08,3.08,154.0,BTBT
2025-02-11 04:04:00,3.08,3.08,3.08,3.08,100.0,BTBT
2025-02-11 04:01:00,3.08,3.08,3.08,3.08,1.0,BTBT
2025-02-11 04:00:00,3.09,3.09,3.09,3.09,202.0,BTBT
2025-02-10 19:59:00,3.0929,3.0929,3.0929,3.0929,35.0,BTBT
2025-02-10 19:58:00,3.09,3.09,3.09,3.09,1000.0,BTBT
2025-02-10 19:54:00,3.07,3.08,3.07,3.08,21714.0,BTBT
2025-02-10 19:52:00,3.07,3.0798,3.07,3.0798,613.0,BTBT
2025-02-10 19:45:00,3.0798,3.0798,3.0798,3.0798,10.0,BTBT
2025-02-10 19:44:00,3.0798,3.0798,3.0798,3.0798,10.0,BTBT
2025-02-10 19:43:00,3.0701,3.0701,3.0701,3.0701,750.0,BTBT
2025-02-10 19:38:00,3.08,3.08,3.0799,3.0799,100.0,BTBT
2025-02-10 19:34:00,3.0798,3.0798,3.0798,3.0798,2.0,BTBT
2025-02-10 19:33:00,3.08,3.08,3.08,3.08,4.0,BTBT
2025-02-10 19:28:00,3.07,3.07,3.07,3.07,795.0,BTBT
2025-02-10 19:24:00,3.07,3.07,3.07,3.07,1000.0,BTBT
2025-02-10 19:22:00,3.07,3.07,3.07,3.07,1511.0,BTBT
2025-02-10 19:21:00,3.07,3.07,3.07,3.07,35.0,BTBT
2025-02-10 19:20:00,3.0697,3.07,3.06,3.07,29.0,BTBT
2025-02-10 19:19:00,3.07,3.07,3.07,3.07,100.0,BTBT
2025-02-10 19:17:00,3.07,3.07,3.07,3.07,30.0,BTBT
2025-02-10 19:09:00,3.07,3.07,3.07,3.07,10.0,BTBT
2025-02-10 18:56:00,3.07,3.07,3.07,3.07,5.0,BTBT
2025-02-10 18:53:00,3.05,3.05,3.05,3.05,400.0,BTBT
2025-02-10 18:52:00,3.06,3.06,3.06,3.06,90.0,BTBT
2025-02-10 18:51:00,3.06,3.06,3.06,3.06,20.0,BTBT
2025-02-10 18:50:00,3.07,3.07,3.07,3.07,1.0,BTBT
2025-02-10 18:49:00,3.07,3.07,3.07,3.07,100.0,BTBT
2025-02-10 18:46:00,3.07,3.07,3.07,3.07,5.0,BTBT
2025-02-10 18:44:00,3.07,3.07,3.0699,3.0699,101.0,BTBT
2025-02-10 18:43:00,3.07,3.07,3.07,3.07,50.0,BTBT
2025-02-10 18:39:00,3.0694,3.0694,3.0694,3.0694,10.0,BTBT
2025-02-10 18:35:00,3.07,3.07,3.07,3.07,3.0,BTBT
2025-02-10 18:33:00,3.07,3.07,3.07,3.07,3.0,BTBT
2025-02-10 18:28:00,3.06,3.06,3.06,3.06,300.0,BTBT
2025-02-10 18:24:00,3.06,3.06,3.06,3.06,839.0,BTBT
2025-02-10 18:23:00,3.06,3.06,3.06,3.06,400.0,BTBT
2025-02-10 18:21:00,3.0697,3.0697,3.0697,3.0697,2.0,BTBT
2025-02-10 18:16:00,3.07,3.07,3.07,3.07,16.0,BTBT
2025-02-10 18:11:00,3.0795,3.0795,3.07,3.07,43.0,BTBT
2025-02-10 18:08:00,3.0798,3.0798,3.0795,3.0795,120.0,BTBT
2025-02-10 18:06:00,3.08,3.08,3.08,3.08,20.0,BTBT
2025-02-10 18:02:00,3.08,3.08,3.08,3.08,330.0,BTBT
2025-02-10 18:01:00,3.0799,3.0799,3.0799,3.0799,1.0,BTBT
2025-02-10 17:53:00,3.08,3.08,3.08,3.08,7.0,BTBT
2025-02-10 17:49:00,3.08,3.08,3.08,3.08,15.0,BTBT
2025-02-10 17:46:00,3.0791,3.0791,3.0791,3.0791,3.0,BTBT
2025-02-10 17:43:00,3.08,3.08,3.08,3.08,1.0,BTBT
2025-02-10 17:41:00,3.08,3.08,3.08,3.08,100.0,BTBT
2025-02-10 17:38:00,3.08,3.08,3.08,3.08,305.0,BTBT
2025-02-10 17:33:00,3.06,3.06,3.06,3.06,1.0,BTBT
2025-02-10 17:28:00,3.06,3.06,3.0503,3.06,504.0,BTBT
2025-02-10 17:27:00,3.055,3.06,3.055,3.06,1000.0,BTBT
2025-02-10 17:26:00,3.06,3.06,3.06,3.06,4803.0,BTBT
2025-02-10 17:25:00,3.07,3.07,3.07,3.07,92.0,BTBT
2025-02-10 17:24:00,3.0799,3.0799,3.07,3.07,3500.0,BTBT
2025-02-10 17:02:00,3.08,3.08,3.08,3.08,50.0,BTBT
2025-02-10 16:48:00,3.05,3.05,3.05,3.05,250.0,BTBT
2025-02-10 16:45:00,3.0793,3.0793,3.0793,3.0793,100.0,BTBT
2025-02-10 16:40:00,3.08,3.08,3.08,3.08,280.0,BTBT
2025-02-10 16:39:00,3.05,3.05,3.05,3.05,120.0,BTBT
2025-02-10 16:38:00,3.05,3.0502,3.05,3.0502,1500.0,BTBT
2025-02-10 16:34:00,3.06,3.06,3.06,3.06,10.0,BTBT
2025-02-10 16:29:00,3.05,3.05,3.05,3.05,100.0,BTBT
2025-02-10 16:27:00,3.0501,3.0501,3.0501,3.0501,5000.0,BTBT
2025-02-10 16:26:00,3.08,3.08,3.08,3.08,2.0,BTBT
2025-02-10 16:25:00,3.06,3.06,3.06,3.06,1200.0,BTBT
2025-02-10 16:22:00,3.06,3.06,3.06,3.06,515.0,BTBT
2025-02-10 16:21:00,3.06,3.06,3.06,3.06,10.0,BTBT
2025-02-10 16:20:00,3.06,3.06,3.06,3.06,136.0,BTBT
2025-02-10 16:19:00,3.0599,3.0599,3.05,3.0599,87.0,BTBT
2025-02-10 16:16:00,3.06,3.06,3.06,3.06,3000.0,BTBT
2025-02-10 16:15:00,3.05,3.0599,3.05,3.0599,1015.0,BTBT
2025-02-10 16:12:00,3.0598,3.0599,3.0598,3.0599,67.0,BTBT
2025-02-10 16:10:00,3.05,3.05,3.05,3.05,1022.0,BTBT
2025-02-10 16:09:00,3.0598,3.0598,3.0598,3.0598,10.0,BTBT
2025-02-10 16:05:00,3.06,3.06,3.06,3.06,2.0,BTBT
2025-02-10 16:03:00,3.05,3.05,3.05,3.05,648.0,BTBT
2025-02-10 16:02:00,3.06,3.06,3.05,3.05,2689.0,BTBT
2025-02-10 16:01:00,3.06,3.06,3.05,3.05,4151.0,BTBT
2025-02-10 16:00:00,3.05,3.06,3.05,3.06,506137.0,BTBT
2025-02-10 15:59:00,3.055,3.06,3.05,3.06,63389.0,BTBT
2025-02-10 15:58:00,3.0599,3.06,3.0501,3.06,10906.0,BTBT
2025-02-10 15:57:00,3.055,3.06,3.05,3.055,10631.0,BTBT
2025-02-10 15:56:00,3.0572,3.0599,3.0501,3.0599,11905.0,BTBT
2025-02-10 15:55:00,3.06,3.069,3.05,3.055,51145.0,BTBT
2025-02-10 15:54:00,3.06,3.07,3.06,3.065,29130.0,BTBT
2025-02-10 15:53:00,3.065,3.0699,3.06,3.065,5352.0,BTBT
2025-02-10 15:52:00,3.065,3.07,3.065,3.07,6471.0,BTBT
2025-02-10 15:51:00,3.065,3.07,3.06,3.06,35770.0,BTBT
2025-02-10 15:50:00,3.05,3.0699,3.05,3.0601,67721.0,BTBT
2025-02-10 15:49:00,3.04,3.05,3.04,3.045,22751.0,BTBT
2025-02-10 15:48:00,3.0446,3.0499,3.04,3.04,7384.0,BTBT
2025-02-10 15:47:00,3.05,3.0595,3.04,3.0499,13548.0,BTBT
2025-02-10 15:46:00,3.05,3.056,3.05,3.055,1899.0,BTBT
2025-02-10 15:45:00,3.05,3.0599,3.05,3.0599,10239.0,BTBT
2025-02-10 15:44:00,3.0554,3.0555,3.05,3.0505,4901.0,BTBT
2025-02-10 15:43:00,3.0501,3.0599,3.05,3.0599,40492.0,BTBT
2025-02-10 15:42:00,3.05,3.06,3.05,3.05,23627.0,BTBT
2025-02-10 15:41:00,3.0599,3.06,3.05,3.055,19423.0,BTBT
2025-02-10 15:40:00,3.055,3.0599,3.05,3.05,9647.0,BTBT
2025-02-10 15:39:00,3.055,3.0599,3.05,3.055,8203.0,BTBT
2025-02-10 15:38:00,3.055,3.055,3.05,3.05,1996.0,BTBT
2025-02-10 15:37:00,3.055,3.055,3.05,3.055,1040.0,BTBT
2025-02-10 15:36:00,3.056,3.056,3.0532,3.055,969.0,BTBT
2025-02-10 15:35:00,3.058,3.058,3.05,3.05,2239.0,BTBT
2025-02-10 15:34:00,3.055,3.06,3.05,3.055,10628.0,BTBT
2025-02-10 15:33:00,3.055,3.055,3.055,3.055,1411.0,BTBT
2025-02-10 15:32:00,3.055,3.0599,3.05,3.05,34833.0,BTBT
2025-02-10 15:31:00,3.04,3.0599,3.04,3.0554,73850.0,BTBT
2025-02-10 15:30:00,3.045,3.05,3.0425,3.0499,6680.0,BTBT
2025-02-10 15:29:00,3.045,3.0499,3.04,3.0446,7247.0,BTBT
2025-02-10 15:28:00,3.0439,3.05,3.04,3.045,9699.0,BTBT
2025-02-10 15:27:00,3.0345,3.0454,3.0345,3.0406,81836.0,BTBT
2025-02-10 15:26:00,3.035,3.04,3.03,3.03,18351.0,BTBT
2025-02-10 15:25:00,3.035,3.0399,3.035,3.0399,34662.0,BTBT
2025-02-10 15:24:00,3.035,3.04,3.03,3.04,28936.0,BTBT
2025-02-10 15:23:00,3.035,3.0399,3.03,3.035,25799.0,BTBT
2025-02-10 15:22:00,3.03,3.04,3.03,3.035,25127.0,BTBT
2025-02-10 15:21:00,3.03,3.04,3.03,3.03,51071.0,BTBT
2025-02-10 15:20:00,3.03,3.0399,3.03,3.03,3458.0,BTBT
2025-02-10 15:19:00,3.04,3.0405,3.03,3.03,48775.0,BTBT
2025-02-10 15:18:00,3.04,3.0484,3.04,3.0401,13482.0,BTBT
2025-02-10 15:17:00,3.05,3.055,3.04,3.045,32558.0,BTBT
2025-02-10 15:16:00,3.051,3.051,3.05,3.05,9229.0,BTBT
2025-02-10 15:15:00,3.05,3.0598,3.05,3.05,9219.0,BTBT
2025-02-10 15:14:00,3.055,3.055,3.05,3.05,3880.0,BTBT
2025-02-10 15:13:00,3.0566,3.0566,3.05,3.05,1153.0,BTBT
2025-02-10 15:12:00,3.05,3.05,3.05,3.05,765.0,BTBT
2025-02-10 15:11:00,3.05,3.055,3.05,3.05,2073.0,BTBT
2025-02-10 15:10:00,3.055,3.055,3.055,3.055,1184.0,BTBT
2025-02-10 15:09:00,3.055,3.0583,3.055,3.055,2333.0,BTBT
2025-02-10 15:08:00,3.055,3.06,3.05,3.051,3637.0,BTBT
2025-02-10 15:07:00,3.0599,3.0599,3.05,3.05,754.0,BTBT
2025-02-10 15:06:00,3.045,3.0599,3.045,3.0539,122248.0,BTBT
2025-02-10 15:05:00,3.045,3.045,3.04,3.045,5079.0,BTBT
2025-02-10 15:04:00,3.04,3.05,3.04,3.045,7174.0,BTBT
2025-02-10 15:03:00,3.045,3.0499,3.04,3.045,20318.0,BTBT
2025-02-10 15:02:00,3.045,3.05,3.04,3.05,3621.0,BTBT
2025-02-10 15:01:00,3.045,3.05,3.04,3.045,10720.0,BTBT
2025-02-10 15:00:00,3.045,3.05,3.04,3.045,20668.0,BTBT
2025-02-10 14:59:00,3.045,3.045,3.04,3.04,2493.0,BTBT
2025-02-10 14:58:00,3.04,3.045,3.04,3.04,6053.0,BTBT
2025-02-10 14:57:00,3.04,3.05,3.04,3.04,3345.0,BTBT
2025-02-10 14:56:00,3.045,3.0487,3.04,3.045,4502.0,BTBT
2025-02-10 14:55:00,3.04,3.0468,3.04,3.04,1064.0,BTBT
2025-02-10 14:54:00,3.04,3.0489,3.04,3.045,2329.0,BTBT
2025-02-10 14:53:00,3.04,3.05,3.04,3.045,8237.0,BTBT
2025-02-10 14:52:00,3.0489,3.0489,3.04,3.04,2744.0,BTBT
2025-02-10 14:51:00,3.0499,3.0499,3.04,3.045,3643.0,BTBT
2025-02-10 14:50:00,3.04,3.0489,3.04,3.045,18009.0,BTBT
2025-02-10 14:49:00,3.04,3.05,3.04,3.04,4950.0,BTBT
2025-02-10 14:48:00,3.04,3.05,3.04,3.045,4218.0,BTBT
2025-02-10 14:47:00,3.044,3.05,3.04,3.04,5770.0,BTBT
2025-02-10 14:46:00,3.045,3.05,3.04,3.045,10215.0,BTBT
2025-02-10 14:45:00,3.05,3.0501,3.04,3.0495,67588.0,BTBT
2025-02-10 14:44:00,3.06,3.065,3.0515,3.055,17149.0,BTBT
2025-02-10 14:43:00,3.06,3.06,3.06,3.06,2684.0,BTBT
2025-02-10 14:42:00,3.065,3.0696,3.06,3.06,2332.0,BTBT
2025-02-10 14:41:00,3.07,3.07,3.06,3.06,3186.0,BTBT
2025-02-10 14:40:00,3.06,3.065,3.06,3.06,912.0,BTBT
2025-02-10 14:39:00,3.065,3.065,3.06,3.06,708.0,BTBT
2025-02-10 14:38:00,3.06,3.069,3.06,3.06,6099.0,BTBT
2025-02-10 14:37:00,3.0609,3.0609,3.0609,3.0609,1454.0,BTBT
2025-02-10 14:36:00,3.065,3.07,3.06,3.0699,5311.0,BTBT
2025-02-10 14:35:00,3.065,3.0699,3.06,3.0688,15383.0,BTBT
2025-02-10 14:34:00,3.0693,3.07,3.065,3.065,12476.0,BTBT
2025-02-10 14:33:00,3.065,3.0699,3.06,3.065,17400.0,BTBT
2025-02-10 14:32:00,3.07,3.075,3.0612,3.065,44303.0,BTBT
2025-02-10 14:31:00,3.07,3.075,3.07,3.07,11870.0,BTBT
2025-02-10 14:30:00,3.085,3.085,3.07,3.075,81928.0,BTBT
2025-02-10 14:29:00,3.0821,3.085,3.08,3.085,12108.0,BTBT
2025-02-10 14:28:00,3.09,3.09,3.08,3.08,1995.0,BTBT
2025-02-10 14:27:00,3.08,3.0899,3.08,3.0849,3084.0,BTBT
2025-02-10 14:26:00,3.08,3.0838,3.08,3.08,4434.0,BTBT
2025-02-10 14:25:00,3.08,3.0899,3.08,3.0899,1564.0,BTBT
2025-02-10 14:24:00,3.0801,3.09,3.08,3.08,2063.0,BTBT
2025-02-10 14:23:00,3.08,3.0881,3.08,3.0828,2189.0,BTBT
2025-02-10 14:22:00,3.0828,3.085,3.081,3.085,4693.0,BTBT
2025-02-10 14:21:00,3.0954,3.0954,3.08,3.085,12869.0,BTBT
2025-02-10 14:20:00,3.1,3.1,3.09,3.09,2244.0,BTBT
2025-02-10 14:19:00,3.095,3.095,3.09,3.095,2035.0,BTBT
2025-02-10 14:18:00,3.095,3.0955,3.0908,3.095,5099.0,BTBT
2025-02-10 14:17:00,3.09,3.095,3.09,3.09,2692.0,BTBT
2025-02-10 14:16:00,3.0918,3.1,3.0918,3.095,1557.0,BTBT
2025-02-10 14:15:00,3.095,3.1,3.095,3.1,4672.0,BTBT
2025-02-10 14:14:00,3.09,3.095,3.09,3.09,2094.0,BTBT
2025-02-10 14:13:00,3.095,3.1,3.095,3.095,1506.0,BTBT
2025-02-10 14:12:00,3.0946,3.0975,3.0916,3.095,2830.0,BTBT
2025-02-10 14:11:00,3.09,3.095,3.09,3.095,2326.0,BTBT
2025-02-10 14:10:00,3.0944,3.0944,3.0944,3.0944,1025.0,BTBT
2025-02-10 14:09:00,3.09,3.0975,3.09,3.0975,778.0,BTBT
2025-02-10 14:08:00,3.09,3.1,3.0801,3.0902,167768.0,BTBT
2025-02-10 14:07:00,3.1,3.1,3.09,3.095,25358.0,BTBT
2025-02-10 14:06:00,3.1013,3.11,3.1001,3.11,4337.0,BTBT
2025-02-10 14:05:00,3.105,3.11,3.1,3.1001,3168.0,BTBT
2025-02-10 14:04:00,3.095,3.11,3.095,3.1001,99035.0,BTBT
2025-02-10 14:03:00,3.09,3.1,3.09,3.0999,30693.0,BTBT
2025-02-10 14:02:00,3.0919,3.0919,3.09,3.09,8844.0,BTBT
2025-02-10 14:01:00,3.09,3.0905,3.09,3.0905,5576.0,BTBT
2025-02-10 14:00:00,3.095,3.095,3.09,3.09,5377.0,BTBT
2025-02-10 13:59:00,3.095,3.095,3.09,3.09,2897.0,BTBT
2025-02-10 13:58:00,3.09,3.095,3.09,3.09,1151.0,BTBT
2025-02-10 13:57:00,3.0967,3.1,3.0902,3.1,24000.0,BTBT
2025-02-10 13:56:00,3.09,3.0999,3.0801,3.095,62809.0,BTBT
2025-02-10 13:54:00,3.095,3.1,3.09,3.095,1022.0,BTBT
2025-02-10 13:53:00,3.085,3.0999,3.085,3.09,24439.0,BTBT
2025-02-10 13:52:00,3.085,3.085,3.0803,3.085,2310.0,BTBT
2025-02-10 13:51:00,3.08,3.09,3.08,3.08,1413.0,BTBT
2025-02-10 13:50:00,3.085,3.085,3.08,3.085,13133.0,BTBT
2025-02-10 13:49:00,3.085,3.085,3.085,3.085,1031.0,BTBT
2025-02-10 13:48:00,3.08,3.085,3.08,3.0803,966.0,BTBT
2025-02-10 13:47:00,3.0814,3.085,3.08,3.085,3086.0,BTBT
2025-02-10 13:46:00,3.085,3.0878,3.085,3.085,1208.0,BTBT
2025-02-10 13:45:00,3.0885,3.0899,3.08,3.085,3977.0,BTBT
2025-02-10 13:44:00,3.1,3.1,3.08,3.0891,25562.0,BTBT
2025-02-10 13:43:00,3.095,3.1,3.095,3.0999,2466.0,BTBT
2025-02-10 13:42:00,3.095,3.0974,3.09,3.0974,11164.0,BTBT
2025-02-10 13:41:00,3.1,3.1,3.09,3.095,5355.0,BTBT
2025-02-10 13:40:00,3.095,3.095,3.09,3.09,1021.0,BTBT
2025-02-10 13:39:00,3.0999,3.0999,3.095,3.095,3048.0,BTBT
2025-02-10 13:38:00,3.1,3.1099,3.095,3.095,44511.0,BTBT
2025-02-10 13:37:00,3.105,3.11,3.1,3.11,1784.0,BTBT
2025-02-10 13:36:00,3.105,3.1092,3.1,3.105,11715.0,BTBT
2025-02-10 13:35:00,3.1,3.11,3.1,3.1,6429.0,BTBT
2025-02-10 13:34:00,3.1,3.105,3.1,3.1,2067.0,BTBT
2025-02-10 13:33:00,3.1043,3.11,3.1,3.1,1898.0,BTBT
2025-02-10 13:32:00,3.1,3.11,3.1,3.105,11164.0,BTBT
2025-02-10 13:31:00,3.105,3.1071,3.1,3.1,2962.0,BTBT
2025-02-10 13:30:00,3.105,3.11,3.105,3.105,1324.0,BTBT
2025-02-10 13:29:00,3.1,3.11,3.1,3.105,3679.0,BTBT
2025-02-10 13:28:00,3.1005,3.105,3.1005,3.105,13226.0,BTBT
2025-02-10 13:27:00,3.105,3.11,3.104,3.105,23325.0,BTBT
2025-02-10 13:26:00,3.1,3.105,3.1,3.105,6039.0,BTBT
2025-02-10 13:25:00,3.105,3.1086,3.105,3.105,3711.0,BTBT
2025-02-10 13:24:00,3.1081,3.1099,3.1011,3.1099,2211.0,BTBT
2025-02-10 13:23:00,3.1023,3.11,3.1,3.1,39054.0,BTBT
2025-02-10 13:22:00,3.1085,3.1085,3.1,3.1,4594.0,BTBT
2025-02-10 13:21:00,3.1001,3.1054,3.1,3.105,2638.0,BTBT
2025-02-10 13:20:00,3.0999,3.11,3.0946,3.1001,42183.0,BTBT
2025-02-10 13:19:00,3.105,3.105,3.095,3.095,11654.0,BTBT
2025-02-10 13:18:00,3.11,3.11,3.1,3.11,19924.0,BTBT
2025-02-10 13:17:00,3.105,3.105,3.1,3.105,1863.0,BTBT
2025-02-10 13:16:00,3.11,3.11,3.1,3.1,21109.0,BTBT
2025-02-10 13:15:00,3.1031,3.105,3.1031,3.105,1933.0,BTBT
2025-02-10 13:14:00,3.105,3.1066,3.105,3.1066,734.0,BTBT
2025-02-10 13:13:00,3.1002,3.1054,3.1,3.105,11083.0,BTBT
2025-02-10 13:12:00,3.11,3.11,3.1,3.1,588.0,BTBT
2025-02-10 13:11:00,3.1,3.11,3.095,3.1001,81888.0,BTBT
2025-02-10 13:10:00,3.1076,3.1076,3.1,3.1,12058.0,BTBT
2025-02-10 13:08:00,3.105,3.108,3.105,3.105,4398.0,BTBT
2025-02-10 13:07:00,3.1043,3.105,3.1,3.1,2527.0,BTBT
2025-02-10 13:06:00,3.115,3.12,3.105,3.1099,49227.0,BTBT
2025-02-10 13:05:00,3.115,3.12,3.11,3.115,13036.0,BTBT
2025-02-10 13:04:00,3.1105,3.12,3.11,3.11,26069.0,BTBT
2025-02-10 13:03:00,3.11,3.12,3.11,3.1101,19651.0,BTBT
2025-02-10 13:02:00,3.1103,3.12,3.1103,3.12,8068.0,BTBT
2025-02-10 13:01:00,3.11,3.115,3.1001,3.115,31905.0,BTBT
2025-02-10 13:00:00,3.105,3.11,3.1001,3.105,6268.0,BTBT
2025-02-10 12:59:00,3.1,3.11,3.0911,3.1099,61435.0,BTBT
2025-02-10 12:58:00,3.095,3.1,3.09,3.09,10867.0,BTBT
2025-02-10 12:57:00,3.095,3.0974,3.0939,3.095,1299.0,BTBT
2025-02-10 12:56:00,3.095,3.1,3.0924,3.0983,2879.0,BTBT
2025-02-10 12:55:00,3.1,3.1,3.1,3.1,2409.0,BTBT
2025-02-10 12:54:00,3.09,3.0954,3.0895,3.0901,55879.0,BTBT
2025-02-10 12:53:00,3.09,3.09,3.085,3.09,14008.0,BTBT
2025-02-10 12:52:00,3.0882,3.0882,3.08,3.08,2053.0,BTBT
2025-02-10 12:51:00,3.09,3.09,3.0811,3.0899,1897.0,BTBT
2025-02-10 12:50:00,3.075,3.0801,3.07,3.0801,25050.0,BTBT
2025-02-10 12:49:00,3.0799,3.0799,3.07,3.0701,20860.0,BTBT
2025-02-10 12:48:00,3.0696,3.08,3.065,3.0799,53695.0,BTBT
2025-02-10 12:47:00,3.075,3.0799,3.0601,3.0699,47791.0,BTBT
2025-02-10 12:46:00,3.08,3.08,3.07,3.07,15438.0,BTBT
2025-02-10 12:45:00,3.09,3.09,3.08,3.085,3785.0,BTBT
2025-02-10 12:44:00,3.09,3.09,3.08,3.09,2698.0,BTBT
2025-02-10 12:43:00,3.0805,3.0874,3.08,3.08,28157.0,BTBT
2025-02-10 12:42:00,3.08,3.0889,3.08,3.0871,8170.0,BTBT
2025-02-10 12:41:00,3.085,3.0898,3.08,3.085,2505.0,BTBT
2025-02-10 12:40:00,3.0866,3.0866,3.08,3.08,3756.0,BTBT
2025-02-10 12:39:00,3.085,3.09,3.08,3.09,3786.0,BTBT
2025-02-10 12:38:00,3.085,3.085,3.08,3.0803,1644.0,BTBT
2025-02-10 12:37:00,3.0846,3.085,3.08,3.082,3002.0,BTBT
2025-02-10 12:36:00,3.0899,3.0899,3.081,3.085,3701.0,BTBT
2025-02-10 12:35:00,3.09,3.09,3.08,3.08,22467.0,BTBT
2025-02-10 12:34:00,3.0902,3.095,3.09,3.09,31560.0,BTBT
2025-02-10 12:33:00,3.1,3.1,3.095,3.1,9501.0,BTBT
2025-02-10 12:32:00,3.095,3.1,3.09,3.095,13878.0,BTBT
2025-02-10 12:31:00,3.095,3.095,3.09,3.09,5838.0,BTBT
2025-02-10 12:30:00,3.09,3.095,3.09,3.095,707.0,BTBT
2025-02-10 12:29:00,3.0901,3.0972,3.09,3.0972,4330.0,BTBT
2025-02-10 12:28:00,3.095,3.095,3.085,3.0905,34177.0,BTBT
2025-02-10 12:27:00,3.0898,3.1,3.0846,3.0915,72224.0,BTBT
2025-02-10 12:26:00,3.0895,3.09,3.085,3.085,26096.0,BTBT
2025-02-10 12:25:00,3.075,3.09,3.07,3.0899,11358.0,BTBT
2025-02-10 12:24:00,3.0701,3.08,3.07,3.08,6625.0,BTBT
2025-02-10 12:23:00,3.075,3.08,3.07,3.075,15390.0,BTBT
2025-02-10 12:22:00,3.08,3.08,3.07,3.07,4304.0,BTBT
2025-02-10 12:21:00,3.07,3.08,3.07,3.075,15182.0,BTBT
2025-02-10 12:20:00,3.075,3.075,3.075,3.075,4673.0,BTBT
2025-02-10 12:19:00,3.075,3.08,3.07,3.075,8719.0,BTBT
2025-02-10 12:18:00,3.075,3.08,3.0729,3.08,1524.0,BTBT
2025-02-10 12:17:00,3.075,3.08,3.07,3.075,4236.0,BTBT
2025-02-10 12:16:00,3.08,3.08,3.0709,3.0709,3341.0,BTBT
2025-02-10 12:15:00,3.075,3.08,3.0708,3.08,3705.0,BTBT
2025-02-10 12:14:00,3.075,3.075,3.0739,3.075,2374.0,BTBT
2025-02-10 12:13:00,3.08,3.08,3.07,3.07,7076.0,BTBT
2025-02-10 12:12:00,3.0701,3.075,3.0701,3.075,3480.0,BTBT
2025-02-10 12:11:00,3.075,3.0769,3.07,3.0701,5324.0,BTBT
2025-02-10 12:10:00,3.0701,3.08,3.07,3.07,13349.0,BTBT
2025-02-10 12:09:00,3.09,3.09,3.07,3.0797,52321.0,BTBT
2025-02-10 12:08:00,3.085,3.085,3.08,3.0804,21851.0,BTBT
2025-02-10 12:07:00,3.0799,3.0893,3.0798,3.085,31614.0,BTBT
2025-02-10 12:06:00,3.085,3.085,3.0701,3.0766,27150.0,BTBT
2025-02-10 12:05:00,3.085,3.085,3.08,3.085,4077.0,BTBT
2025-02-10 12:04:00,3.0801,3.0888,3.08,3.085,14493.0,BTBT
2025-02-10 12:03:00,3.07,3.0894,3.07,3.0841,50117.0,BTBT
2025-02-10 12:02:00,3.0701,3.08,3.07,3.075,12937.0,BTBT
2025-02-10 12:01:00,3.07,3.0799,3.07,3.0704,14601.0,BTBT
2025-02-10 12:00:00,3.0899,3.0899,3.07,3.0709,28716.0,BTBT
2025-02-10 11:59:00,3.0809,3.085,3.08,3.085,45022.0,BTBT
2025-02-10 11:58:00,3.0899,3.0899,3.08,3.0846,48121.0,BTBT
2025-02-10 11:57:00,3.09,3.09,3.085,3.085,13482.0,BTBT
2025-02-10 11:56:00,3.0903,3.0999,3.09,3.09,23061.0,BTBT
2025-02-10 11:55:00,3.1,3.1,3.09,3.09,11237.0,BTBT
2025-02-10 11:54:00,3.105,3.11,3.1,3.1001,26440.0,BTBT
2025-02-10 11:53:00,3.105,3.1091,3.1,3.1073,52041.0,BTBT
2025-02-10 11:52:00,3.105,3.11,3.1,3.1,8946.0,BTBT
2025-02-10 11:51:00,3.1,3.11,3.1,3.1012,40381.0,BTBT
2025-02-10 11:50:00,3.101,3.101,3.09,3.0999,42409.0,BTBT
2025-02-10 11:49:00,3.1101,3.12,3.1008,3.1008,88745.0,BTBT
2025-02-10 11:48:00,3.0826,3.12,3.0826,3.1112,123433.0,BTBT
2025-02-10 11:47:00,3.065,3.09,3.065,3.085,91541.0,BTBT
2025-02-10 11:46:00,3.0607,3.0654,3.06,3.065,47318.0,BTBT
2025-02-10 11:45:00,3.055,3.07,3.055,3.07,67423.0,BTBT
2025-02-10 11:44:00,3.055,3.06,3.055,3.06,1502.0,BTBT
2025-02-10 11:43:00,3.0501,3.06,3.05,3.055,5252.0,BTBT
2025-02-10 11:42:00,3.0501,3.06,3.05,3.0581,16971.0,BTBT
2025-02-10 11:41:00,3.0401,3.0599,3.0401,3.055,21592.0,BTBT
2025-02-10 11:40:00,3.0399,3.05,3.03,3.0478,102691.0,BTBT
2025-02-10 11:39:00,3.035,3.04,3.0309,3.0386,23813.0,BTBT
2025-02-10 11:38:00,3.04,3.05,3.03,3.035,16989.0,BTBT
2025-02-10 11:37:00,3.0401,3.05,3.04,3.05,3855.0,BTBT
2025-02-10 11:36:00,3.05,3.05,3.04,3.0454,10007.0,BTBT
2025-02-10 11:35:00,3.045,3.05,3.045,3.05,11997.0,BTBT
2025-02-10 11:34:00,3.04,3.05,3.035,3.045,48277.0,BTBT
2025-02-10 11:33:00,3.0399,3.04,3.03,3.04,5220.0,BTBT
2025-02-10 11:32:00,3.0399,3.04,3.03,3.04,36705.0,BTBT
2025-02-10 11:31:00,3.04,3.05,3.035,3.0386,16187.0,BTBT
2025-02-10 11:30:00,3.045,3.05,3.04,3.045,8393.0,BTBT
2025-02-10 11:29:00,3.05,3.05,3.045,3.05,2108.0,BTBT
2025-02-10 11:28:00,3.04,3.05,3.04,3.0499,6161.0,BTBT
2025-02-10 11:27:00,3.045,3.045,3.04,3.045,1381.0,BTBT
2025-02-10 11:26:00,3.045,3.05,3.04,3.04,2076.0,BTBT
2025-02-10 11:25:00,3.0499,3.05,3.04,3.0469,3621.0,BTBT
2025-02-10 11:24:00,3.0417,3.05,3.04,3.0413,69076.0,BTBT
2025-02-10 11:23:00,3.0399,3.045,3.0312,3.045,18223.0,BTBT
2025-02-10 11:22:00,3.035,3.04,3.03,3.035,5370.0,BTBT
2025-02-10 11:21:00,3.035,3.035,3.03,3.035,7000.0,BTBT
2025-02-10 11:20:00,3.035,3.04,3.03,3.035,6147.0,BTBT
2025-02-10 11:19:00,3.035,3.0386,3.03,3.0335,8386.0,BTBT
2025-02-10 11:18:00,3.04,3.04,3.035,3.0399,8506.0,BTBT
2025-02-10 11:17:00,3.035,3.04,3.03,3.04,18410.0,BTBT
2025-02-10 11:16:00,3.05,3.05,3.03,3.035,107534.0,BTBT
2025-02-10 11:15:00,3.055,3.055,3.05,3.05,3349.0,BTBT
2025-02-10 11:14:00,3.055,3.0595,3.0516,3.055,4585.0,BTBT
2025-02-10 11:13:00,3.06,3.065,3.055,3.055,7547.0,BTBT
2025-02-10 11:12:00,3.05,3.07,3.05,3.0602,37934.0,BTBT
2025-02-10 11:11:00,3.06,3.06,3.055,3.0599,30244.0,BTBT
2025-02-10 11:10:00,3.0599,3.06,3.05,3.0599,6828.0,BTBT
2025-02-10 11:09:00,3.055,3.0572,3.05,3.055,1642.0,BTBT
2025-02-10 11:08:00,3.065,3.0699,3.055,3.055,34783.0,BTBT
2025-02-10 11:07:00,3.065,3.07,3.065,3.068,3220.0,BTBT
2025-02-10 11:06:00,3.0503,3.06,3.0503,3.06,13198.0,BTBT
2025-02-10 11:05:00,3.055,3.055,3.05,3.055,7161.0,BTBT
2025-02-10 11:04:00,3.055,3.0599,3.05,3.055,85851.0,BTBT
2025-02-10 11:03:00,3.055,3.0573,3.05,3.05,2986.0,BTBT
2025-02-10 11:02:00,3.0629,3.065,3.05,3.05,82488.0,BTBT
2025-02-10 11:01:00,3.0514,3.0699,3.0514,3.06,129493.0,BTBT
2025-02-10 11:00:00,3.06,3.0699,3.05,3.05,96258.0,BTBT
2025-02-10 10:59:00,3.0597,3.06,3.0501,3.056,55861.0,BTBT
2025-02-10 10:58:00,3.0596,3.07,3.055,3.06,157050.0,BTBT
2025-02-10 10:57:00,3.055,3.06,3.05,3.05,6928.0,BTBT
2025-02-10 10:56:00,3.0601,3.0699,3.0508,3.06,110232.0,BTBT
2025-02-10 10:55:00,3.0601,3.07,3.06,3.06,22449.0,BTBT
2025-02-10 10:54:00,3.05,3.065,3.045,3.065,141133.0,BTBT
2025-02-10 10:53:00,3.055,3.055,3.04,3.045,25953.0,BTBT
2025-02-10 10:52:00,3.0592,3.0592,3.05,3.055,5733.0,BTBT
2025-02-10 10:51:00,3.0576,3.0599,3.05,3.0599,5619.0,BTBT
2025-02-10 10:50:00,3.05,3.0594,3.05,3.055,9333.0,BTBT
2025-02-10 10:49:00,3.0578,3.06,3.05,3.055,2319.0,BTBT
2025-02-10 10:48:00,3.0596,3.0596,3.05,3.05,16383.0,BTBT
2025-02-10 10:47:00,3.055,3.0593,3.05,3.055,15869.0,BTBT
2025-02-10 10:46:00,3.0599,3.06,3.0524,3.06,5414.0,BTBT
2025-02-10 10:45:00,3.055,3.07,3.055,3.055,93536.0,BTBT
2025-02-10 10:44:00,3.051,3.0599,3.051,3.055,6198.0,BTBT
2025-02-10 10:43:00,3.0511,3.055,3.0503,3.055,2010.0,BTBT
2025-02-10 10:42:00,3.055,3.0586,3.05,3.055,10006.0,BTBT
2025-02-10 10:41:00,3.0598,3.07,3.0501,3.055,105926.0,BTBT
2025-02-10 10:40:00,3.055,3.06,3.055,3.0599,37224.0,BTBT
2025-02-10 10:39:00,3.055,3.0574,3.05,3.05,4339.0,BTBT
2025-02-10 10:38:00,3.0594,3.06,3.05,3.05,25020.0,BTBT
2025-02-10 10:37:00,3.062,3.07,3.0526,3.0588,10610.0,BTBT
2025-02-10 10:36:00,3.0701,3.08,3.065,3.0694,82801.0,BTBT
2025-02-10 10:35:00,3.055,3.0799,3.055,3.075,224263.0,BTBT
2025-02-10 10:34:00,3.06,3.06,3.0446,3.06,133662.0,BTBT
2025-02-10 10:33:00,3.0508,3.07,3.0508,3.06,120827.0,BTBT
2025-02-10 10:32:00,3.045,3.06,3.04,3.055,98562.0,BTBT
2025-02-10 10:31:00,3.045,3.06,3.035,3.0499,176861.0,BTBT
2025-02-10 10:30:00,3.0693,3.07,3.04,3.04,64939.0,BTBT
2025-02-10 10:29:00,3.0699,3.0699,3.06,3.0689,5303.0,BTBT
2025-02-10 10:28:00,3.065,3.08,3.0627,3.0627,46753.0,BTBT
2025-02-10 10:27:00,3.045,3.065,3.045,3.065,51733.0,BTBT
2025-02-10 10:26:00,3.0597,3.06,3.041,3.045,18414.0,BTBT
2025-02-10 10:25:00,3.07,3.07,3.0546,3.055,27491.0,BTBT
2025-02-10 10:24:00,3.0854,3.09,3.07,3.0784,13657.0,BTBT
2025-02-10 10:23:00,3.07,3.09,3.07,3.085,70327.0,BTBT
2025-02-10 10:22:00,3.07,3.07,3.065,3.0653,46130.0,BTBT
2025-02-10 10:21:00,3.07,3.07,3.06,3.06,2670.0,BTBT
2025-02-10 10:20:00,3.08,3.08,3.065,3.0683,6865.0,BTBT
2025-02-10 10:19:00,3.0686,3.08,3.06,3.075,84637.0,BTBT
2025-02-10 10:18:00,3.0601,3.065,3.06,3.06,2642.0,BTBT
2025-02-10 10:17:00,3.061,3.07,3.06,3.0689,94949.0,BTBT
2025-02-10 10:16:00,3.0675,3.07,3.06,3.065,2725.0,BTBT
2025-02-10 10:15:00,3.06,3.065,3.05,3.065,25473.0,BTBT
2025-02-10 10:14:00,3.0699,3.07,3.06,3.06,4391.0,BTBT
2025-02-10 10:13:00,3.065,3.07,3.06,3.065,7026.0,BTBT
2025-02-10 10:12:00,3.085,3.09,3.06,3.0699,59818.0,BTBT
2025-02-10 10:11:00,3.065,3.08,3.065,3.08,46910.0,BTBT
2025-02-10 10:10:00,3.06,3.07,3.0597,3.065,40610.0,BTBT
2025-02-10 10:09:00,3.055,3.06,3.0401,3.055,33969.0,BTBT
2025-02-10 10:08:00,3.05,3.06,3.04,3.05,19556.0,BTBT
2025-02-10 10:07:00,3.055,3.06,3.05,3.055,3290.0,BTBT
2025-02-10 10:06:00,3.0501,3.06,3.05,3.06,45117.0,BTBT
2025-02-10 10:05:00,3.05,3.06,3.035,3.06,41260.0,BTBT
2025-02-10 10:04:00,3.0311,3.05,3.0311,3.0401,122659.0,BTBT
2025-02-10 10:03:00,3.025,3.04,3.0237,3.035,44570.0,BTBT
2025-02-10 10:02:00,3.0401,3.05,3.03,3.03,48906.0,BTBT
2025-02-10 10:01:00,3.04,3.05,3.035,3.04,43771.0,BTBT
2025-02-10 10:00:00,3.04,3.0401,3.03,3.0311,31321.0,BTBT
2025-02-10 09:59:00,3.045,3.05,3.04,3.049,5536.0,BTBT
2025-02-10 09:58:00,3.035,3.05,3.035,3.045,37499.0,BTBT
2025-02-10 09:57:00,3.04,3.05,3.03,3.0399,37348.0,BTBT
2025-02-10 09:56:00,3.05,3.05,3.04,3.05,43711.0,BTBT
2025-02-10 09:55:00,3.055,3.06,3.049,3.06,63593.0,BTBT
2025-02-10 09:54:00,3.07,3.07,3.05,3.0599,41067.0,BTBT
2025-02-10 09:53:00,3.055,3.07,3.055,3.06,39296.0,BTBT
2025-02-10 09:52:00,3.0507,3.06,3.046,3.055,63131.0,BTBT
2025-02-10 09:51:00,3.06,3.06,3.045,3.0599,31322.0,BTBT
2025-02-10 09:50:00,3.045,3.07,3.045,3.065,90035.0,BTBT
2025-02-10 09:49:00,3.04,3.05,3.03,3.044,95902.0,BTBT
2025-02-10 09:48:00,3.0492,3.0492,3.03,3.045,43691.0,BTBT
2025-02-10 09:47:00,3.045,3.05,3.04,3.0494,6528.0,BTBT
2025-02-10 09:46:00,3.045,3.06,3.04,3.0462,42534.0,BTBT
2025-02-10 09:45:00,3.045,3.05,3.04,3.045,17467.0,BTBT
2025-02-10 09:44:00,3.065,3.07,3.045,3.045,14423.0,BTBT
2025-02-10 09:43:00,3.0501,3.07,3.0446,3.07,44555.0,BTBT
2025-02-10 09:42:00,3.0499,3.05,3.03,3.05,17532.0,BTBT
2025-02-10 09:41:00,3.035,3.05,3.035,3.0466,65901.0,BTBT
2025-02-10 09:40:00,3.035,3.04,3.03,3.035,18108.0,BTBT
2025-02-10 09:39:00,3.025,3.05,3.025,3.036,73980.0,BTBT
2025-02-10 09:38:00,3.035,3.0373,3.02,3.025,33968.0,BTBT
2025-02-10 09:37:00,3.0789,3.0789,3.035,3.035,23700.0,BTBT
2025-02-10 09:36:00,3.08,3.0899,3.0749,3.0791,51046.0,BTBT
2025-02-10 09:35:00,3.09,3.095,3.07,3.09,29653.0,BTBT
2025-02-10 09:34:00,3.105,3.11,3.085,3.095,32268.0,BTBT
2025-02-10 09:33:00,3.0799,3.1101,3.075,3.105,42877.0,BTBT
2025-02-10 09:32:00,3.055,3.1,3.05,3.075,29259.0,BTBT
2025-02-10 09:31:00,3.05,3.06,3.03,3.055,48663.0,BTBT
2025-02-10 09:30:00,3.14,3.14,3.025,3.055,385581.0,BTBT
2025-02-10 09:29:00,3.14,3.14,3.1204,3.1204,7129.0,BTBT
2025-02-10 09:28:00,3.13,3.13,3.13,3.13,1.0,BTBT
2025-02-10 09:27:00,3.14,3.14,3.14,3.14,1170.0,BTBT
2025-02-10 09:26:00,3.14,3.14,3.14,3.14,500.0,BTBT
2025-02-10 09:25:00,3.16,3.16,3.14,3.1592,4018.0,BTBT
2025-02-10 09:24:00,3.13,3.13,3.1299,3.1299,763.0,BTBT
2025-02-10 09:22:00,3.12,3.13,3.12,3.13,1400.0,BTBT
2025-02-10 09:20:00,3.1203,3.1203,3.1203,3.1203,300.0,BTBT
2025-02-10 09:18:00,3.1298,3.1298,3.1298,3.1298,4.0,BTBT
2025-02-10 09:17:00,3.13,3.13,3.13,3.13,10.0,BTBT
2025-02-10 09:16:00,3.12,3.12,3.12,3.12,10.0,BTBT
2025-02-10 09:14:00,3.12,3.12,3.12,3.12,21.0,BTBT
2025-02-10 09:13:00,3.12,3.13,3.12,3.13,401.0,BTBT
2025-02-10 09:12:00,3.121,3.121,3.12,3.12,16770.0,BTBT
2025-02-10 09:11:00,3.13,3.13,3.13,3.13,500.0,BTBT
2025-02-10 09:10:00,3.13,3.13,3.1299,3.13,1377.0,BTBT
2025-02-10 09:08:00,3.121,3.13,3.12,3.13,1465.0,BTBT
2025-02-10 09:07:00,3.1302,3.135,3.13,3.13,709.0,BTBT
2025-02-10 09:05:00,3.1399,3.1399,3.1399,3.1399,500.0,BTBT
2025-02-10 09:04:00,3.14,3.14,3.14,3.14,5000.0,BTBT
2025-02-10 09:03:00,3.13,3.14,3.13,3.14,315.0,BTBT
2025-02-10 09:02:00,3.14,3.14,3.13,3.14,17965.0,BTBT
2025-02-10 09:01:00,3.14,3.15,3.14,3.15,7500.0,BTBT
2025-02-10 09:00:00,3.14,3.14,3.14,3.14,2672.0,BTBT
2025-02-10 08:59:00,3.1303,3.1303,3.1302,3.1302,10.0,BTBT
2025-02-10 08:58:00,3.15,3.15,3.14,3.14,3600.0,BTBT
2025-02-10 08:57:00,3.15,3.15,3.15,3.15,1500.0,BTBT
2025-02-10 08:56:00,3.15,3.15,3.15,3.15,1.0,BTBT
2025-02-10 08:55:00,3.1497,3.1497,3.1497,3.1497,1.0,BTBT
2025-02-10 08:54:00,3.15,3.15,3.15,3.15,80.0,BTBT
2025-02-10 08:53:00,3.14,3.16,3.14,3.15,15305.0,BTBT
2025-02-10 08:52:00,3.13,3.15,3.13,3.14,18150.0,BTBT
2025-02-10 08:51:00,3.1299,3.13,3.1298,3.1298,3000.0,BTBT
2025-02-10 08:50:00,3.13,3.13,3.1298,3.1298,1010.0,BTBT
2025-02-10 08:49:00,3.1299,3.1299,3.1299,3.1299,1000.0,BTBT
2025-02-10 08:48:00,3.13,3.13,3.1299,3.13,4351.0,BTBT
2025-02-10 08:47:00,3.13,3.13,3.1299,3.1299,210.0,BTBT
2025-02-10 08:46:00,3.12,3.12,3.12,3.12,402.0,BTBT
2025-02-10 08:45:00,3.12,3.12,3.12,3.12,2338.0,BTBT
2025-02-10 08:44:00,3.11,3.12,3.11,3.12,5020.0,BTBT
2025-02-10 08:43:00,3.11,3.11,3.11,3.11,770.0,BTBT
2025-02-10 08:42:00,3.11,3.11,3.11,3.11,2000.0,BTBT
2025-02-10 08:41:00,3.11,3.11,3.11,3.11,101.0,BTBT
2025-02-10 08:39:00,3.11,3.11,3.11,3.11,200.0,BTBT
2025-02-10 08:35:00,3.11,3.11,3.11,3.11,10.0,BTBT
2025-02-10 08:34:00,3.11,3.11,3.11,3.11,1000.0,BTBT
2025-02-10 08:32:00,3.1097,3.1097,3.1,3.1,3.0,BTBT
2025-02-10 08:31:00,3.11,3.11,3.1,3.1,70.0,BTBT
2025-02-10 08:30:00,3.11,3.11,3.11,3.11,250.0,BTBT
2025-02-10 08:29:00,3.11,3.11,3.11,3.11,50.0,BTBT
2025-02-10 08:28:00,3.11,3.11,3.11,3.11,200.0,BTBT
2025-02-10 08:27:00,3.11,3.11,3.11,3.11,1481.0,BTBT
2025-02-10 08:26:00,3.11,3.11,3.11,3.11,4.0,BTBT
2025-02-10 08:24:00,3.11,3.11,3.1098,3.1098,2342.0,BTBT
2025-02-10 08:23:00,3.11,3.11,3.11,3.11,2350.0,BTBT
2025-02-10 08:22:00,3.1,3.11,3.1,3.11,3020.0,BTBT
2025-02-10 08:21:00,3.11,3.11,3.11,3.11,100.0,BTBT
2025-02-10 08:20:00,3.11,3.11,3.1,3.1,1471.0,BTBT
2025-02-10 08:19:00,3.11,3.11,3.11,3.11,100.0,BTBT
2025-02-10 08:18:00,3.1001,3.11,3.1001,3.11,2050.0,BTBT
2025-02-10 08:17:00,3.11,3.11,3.1,3.11,2604.0,BTBT
2025-02-10 08:16:00,3.1,3.1,3.1,3.1,1001.0,BTBT
2025-02-10 08:15:00,3.1001,3.1001,3.1001,3.1001,1.0,BTBT
2025-02-10 08:14:00,3.1,3.11,3.1,3.11,5114.0,BTBT
2025-02-10 08:13:00,3.09,3.09,3.09,3.09,4537.0,BTBT
2025-02-10 08:12:00,3.09,3.09,3.09,3.09,3108.0,BTBT
2025-02-10 08:11:00,3.09,3.09,3.09,3.09,74.0,BTBT
2025-02-10 08:10:00,3.09,3.09,3.09,3.09,1000.0,BTBT
2025-02-10 08:09:00,3.09,3.09,3.0898,3.0898,201.0,BTBT
2025-02-10 08:08:00,3.09,3.09,3.09,3.09,1001.0,BTBT
2025-02-10 08:07:00,3.1,3.11,3.09,3.09,24875.0,BTBT
2025-02-10 08:06:00,3.1,3.1,3.1,3.1,40.0,BTBT
2025-02-10 08:05:00,3.1,3.11,3.1,3.11,1401.0,BTBT
2025-02-10 08:04:00,3.1098,3.11,3.1098,3.11,200.0,BTBT
2025-02-10 08:03:00,3.1099,3.11,3.1099,3.11,1660.0,BTBT
2025-02-10 08:02:00,3.1,3.11,3.1,3.11,7178.0,BTBT
2025-02-10 08:01:00,3.1,3.11,3.1,3.11,115.0,BTBT
2025-02-10 08:00:00,3.1299,3.13,3.1,3.1,52275.0,BTBT
2025-02-10 07:59:00,3.11,3.11,3.11,3.11,3881.0,BTBT
2025-02-10 07:53:00,3.11,3.11,3.11,3.11,1000.0,BTBT
2025-02-10 07:47:00,3.11,3.11,3.11,3.11,500.0,BTBT
2025-02-10 07:46:00,3.11,3.11,3.11,3.11,2004.0,BTBT
2025-02-10 07:45:00,3.11,3.11,3.11,3.11,4.0,BTBT
2025-02-10 07:44:00,3.11,3.11,3.11,3.11,2.0,BTBT
2025-02-10 07:42:00,3.11,3.11,3.11,3.11,20.0,BTBT
2025-02-10 07:41:00,3.11,3.11,3.11,3.11,1.0,BTBT
2025-02-10 07:38:00,3.11,3.11,3.11,3.11,1470.0,BTBT
2025-02-10 07:36:00,3.11,3.11,3.11,3.11,700.0,BTBT
2025-02-10 07:34:00,3.11,3.11,3.11,3.11,800.0,BTBT
2025-02-10 07:32:00,3.11,3.11,3.11,3.11,2686.0,BTBT
2025-02-10 07:25:00,3.12,3.12,3.12,3.12,100.0,BTBT
2025-02-10 07:10:00,3.12,3.12,3.12,3.12,3.0,BTBT
2025-02-10 07:04:00,3.12,3.12,3.12,3.12,2252.0,BTBT
2025-02-10 07:00:00,3.12,3.12,3.12,3.12,1.0,BTBT
2025-02-10 06:51:00,3.12,3.12,3.12,3.12,36.0,BTBT
2025-02-10 06:49:00,3.125,3.13,3.125,3.125,1500.0,BTBT
2025-02-10 06:36:00,3.125,3.125,3.12,3.12,635.0,BTBT
2025-02-10 06:23:00,3.13,3.13,3.13,3.13,100.0,BTBT
2025-02-10 06:16:00,3.13,3.13,3.13,3.13,200.0,BTBT
2025-02-10 06:09:00,3.12,3.12,3.12,3.12,1600.0,BTBT
2025-02-10 06:06:00,3.12,3.12,3.12,3.12,1560.0,BTBT
2025-02-10 06:05:00,3.11,3.11,3.11,3.11,1500.0,BTBT
2025-02-10 06:02:00,3.12,3.12,3.12,3.12,501.0,BTBT
2025-02-10 06:01:00,3.12,3.12,3.12,3.12,770.0,BTBT
2025-02-10 05:55:00,3.12,3.12,3.12,3.12,1.0,BTBT
2025-02-10 05:50:00,3.12,3.12,3.12,3.12,1886.0,BTBT
2025-02-10 05:47:00,3.12,3.12,3.12,3.12,3090.0,BTBT
2025-02-10 05:45:00,3.12,3.12,3.12,3.12,23.0,BTBT
2025-02-10 05:41:00,3.12,3.12,3.12,3.12,20.0,BTBT
2025-02-10 05:39:00,3.13,3.13,3.13,3.13,19.0,BTBT
2025-02-10 05:38:00,3.13,3.13,3.13,3.13,700.0,BTBT
2025-02-10 05:35:00,3.13,3.13,3.13,3.13,100.0,BTBT
2025-02-10 05:20:00,3.13,3.13,3.13,3.13,44.0,BTBT
2025-02-10 05:18:00,3.13,3.13,3.13,3.13,36.0,BTBT
2025-02-10 05:15:00,3.13,3.13,3.13,3.13,1596.0,BTBT
2025-02-10 05:14:00,3.13,3.13,3.13,3.13,900.0,BTBT
2025-02-10 05:12:00,3.12,3.12,3.12,3.12,2.0,BTBT
2025-02-10 05:02:00,3.115,3.12,3.115,3.12,2624.0,BTBT
2025-02-10 05:01:00,3.11,3.11,3.11,3.11,468.0,BTBT
2025-02-10 04:59:00,3.115,3.115,3.115,3.115,100.0,BTBT
2025-02-10 04:57:00,3.11,3.11,3.11,3.11,454.0,BTBT
2025-02-10 04:56:00,3.13,3.13,3.12,3.12,1154.0,BTBT
2025-02-10 04:55:00,3.14,3.14,3.14,3.14,1832.0,BTBT
2025-02-10 04:54:00,3.14,3.14,3.14,3.14,100.0,BTBT
2025-02-10 04:52:00,3.15,3.15,3.15,3.15,1181.0,BTBT
2025-02-10 04:51:00,3.15,3.15,3.15,3.15,418.0,BTBT
2025-02-10 04:50:00,3.14,3.14,3.14,3.14,582.0,BTBT
2025-02-10 04:45:00,3.14,3.14,3.14,3.14,5.0,BTBT
2025-02-10 04:41:00,3.135,3.14,3.135,3.14,1000.0,BTBT
2025-02-10 04:39:00,3.14,3.14,3.14,3.14,400.0,BTBT
2025-02-10 04:38:00,3.14,3.14,3.13,3.13,750.0,BTBT
2025-02-10 04:35:00,3.14,3.15,3.14,3.15,31.0,BTBT
2025-02-10 04:34:00,3.14,3.14,3.14,3.14,500.0,BTBT
2025-02-10 04:33:00,3.15,3.15,3.15,3.15,1.0,BTBT
2025-02-10 04:18:00,3.15,3.15,3.15,3.15,33.0,BTBT
2025-02-10 04:14:00,3.13,3.13,3.13,3.13,25.0,BTBT
2025-02-10 04:10:00,3.13,3.13,3.13,3.13,13.0,BTBT
2025-02-10 04:07:00,3.13,3.13,3.13,3.13,28.0,BTBT
2025-02-10 04:04:00,3.13,3.15,3.12,3.15,1005.0,BTBT
2025-02-10 04:03:00,3.12,3.12,3.12,3.12,60.0,BTBT
2025-02-10 04:01:00,3.15,3.15,3.15,3.15,399.0,BTBT
2025-02-10 04:00:00,3.12,3.15,3.12,3.15,2.0,BTBT
2025-02-07 19:59:00,3.09,3.09,3.09,3.09,7.0,BTBT
2025-02-07 19:57:00,3.1,3.1,3.1,3.1,498.0,BTBT
2025-02-07 19:56:00,3.09,3.09,3.09,3.09,845.0,BTBT
2025-02-07 19:55:00,3.1,3.1,3.1,3.1,55.0,BTBT
2025-02-07 19:54:00,3.1,3.1,3.1,3.1,300.0,BTBT
2025-02-07 19:53:00,3.1,3.1,3.1,3.1,17.0,BTBT
2025-02-07 19:52:00,3.1,3.1198,3.1,3.1198,1043.0,BTBT
2025-02-07 19:51:00,3.1,3.1,3.1,3.1,45.0,BTBT
2025-02-07 19:49:00,3.1,3.1,3.1,3.1,5.0,BTBT
2025-02-07 19:40:00,3.0996,3.0996,3.0996,3.0996,2.0,BTBT
2025-02-07 19:39:00,3.1,3.1,3.1,3.1,10.0,BTBT
2025-02-07 19:38:00,3.08,3.08,3.08,3.08,200.0,BTBT
2025-02-07 19:37:00,3.08,3.08,3.08,3.08,20.0,BTBT
2025-02-07 19:36:00,3.08,3.08,3.08,3.08,5.0,BTBT
2025-02-07 19:35:00,3.0806,3.0806,3.0806,3.0806,57.0,BTBT
2025-02-07 19:30:00,3.1,3.1,3.1,3.1,10.0,BTBT
2025-02-07 19:29:00,3.1,3.1,3.08,3.08,42.0,BTBT
2025-02-07 19:26:00,3.08,3.0805,3.08,3.0805,150.0,BTBT
2025-02-07 19:24:00,3.08,3.08,3.08,3.08,100.0,BTBT
2025-02-07 19:23:00,3.09,3.0992,3.08,3.08,439.0,BTBT
2025-02-07 19:19:00,3.08,3.11,3.08,3.11,1466.0,BTBT
2025-02-07 19:18:00,3.11,3.11,3.11,3.11,15.0,BTBT
2025-02-07 19:13:00,3.08,3.08,3.08,3.08,26.0,BTBT
2025-02-07 19:12:00,3.09,3.09,3.09,3.09,1.0,BTBT
2025-02-07 19:03:00,3.09,3.09,3.09,3.09,500.0,BTBT
2025-02-07 18:58:00,3.09,3.09,3.09,3.09,100.0,BTBT
2025-02-07 18:55:00,3.1,3.11,3.1,3.11,2533.0,BTBT
2025-02-07 18:54:00,3.0991,3.0991,3.0991,3.0991,3.0,BTBT
2025-02-07 18:51:00,3.1,3.1,3.1,3.1,999.0,BTBT
2025-02-07 18:45:00,3.1086,3.1086,3.1086,3.1086,150.0,BTBT
2025-02-07 18:44:00,3.1097,3.11,3.1097,3.11,3300.0,BTBT
2025-02-07 18:43:00,3.07,3.07,3.07,3.07,1.0,BTBT
2025-02-07 18:42:00,3.11,3.11,3.0701,3.0701,1701.0,BTBT
2025-02-07 18:39:00,3.1,3.11,3.1,3.11,3800.0,BTBT
2025-02-07 18:37:00,3.09,3.09,3.09,3.09,1200.0,BTBT
2025-02-07 18:32:00,3.0899,3.0899,3.0899,3.0899,3000.0,BTBT
2025-02-07 18:22:00,3.09,3.09,3.09,3.09,100.0,BTBT
2025-02-07 18:20:00,3.09,3.09,3.0701,3.0701,2800.0,BTBT
2025-02-07 18:19:00,3.0701,3.08,3.0701,3.08,400.0,BTBT
2025-02-07 18:16:00,3.08,3.08,3.075,3.08,1010.0,BTBT
2025-02-07 18:15:00,3.07,3.07,3.07,3.07,20.0,BTBT
2025-02-07 18:12:00,3.09,3.09,3.09,3.09,125.0,BTBT
2025-02-07 18:08:00,3.08,3.08,3.08,3.08,101.0,BTBT
2025-02-07 18:06:00,3.09,3.09,3.09,3.09,5.0,BTBT
2025-02-07 18:04:00,3.0999,3.1,3.05,3.06,30030.0,BTBT
2025-02-07 18:01:00,3.09,3.12,3.09,3.12,10000.0,BTBT
2025-02-07 18:00:00,3.0897,3.0897,3.0897,3.0897,1600.0,BTBT
2025-02-07 17:55:00,3.08,3.08,3.08,3.08,20.0,BTBT
2025-02-07 17:53:00,3.08,3.08,3.08,3.08,2.0,BTBT
2025-02-07 17:48:00,3.07,3.07,3.07,3.07,283.0,BTBT
2025-02-07 17:45:00,3.08,3.08,3.0799,3.0799,340.0,BTBT
2025-02-07 17:44:00,3.0702,3.08,3.0702,3.075,510.0,BTBT
2025-02-07 17:40:00,3.0797,3.0799,3.0797,3.0799,26.0,BTBT
2025-02-07 17:39:00,3.08,3.08,3.08,3.08,2.0,BTBT
2025-02-07 17:36:00,3.08,3.08,3.08,3.08,1717.0,BTBT
2025-02-07 17:32:00,3.0899,3.0899,3.0899,3.0899,5.0,BTBT
2025-02-07 17:30:00,3.09,3.09,3.09,3.09,10.0,BTBT
2025-02-07 17:29:00,3.08,3.08,3.08,3.08,6.0,BTBT
2025-02-07 17:27:00,3.08,3.08,3.08,3.08,1000.0,BTBT
2025-02-07 17:25:00,3.08,3.08,3.08,3.08,10005.0,BTBT
2025-02-07 17:24:00,3.0803,3.09,3.0803,3.09,72.0,BTBT
2025-02-07 17:22:00,3.085,3.085,3.0801,3.0801,152.0,BTBT
2025-02-07 17:20:00,3.08,3.08,3.08,3.08,3.0,BTBT
2025-02-07 17:19:00,3.085,3.085,3.085,3.085,4.0,BTBT
2025-02-07 17:18:00,3.0898,3.0898,3.0898,3.0898,82.0,BTBT
2025-02-07 17:17:00,3.09,3.09,3.09,3.09,3.0,BTBT
2025-02-07 17:16:00,3.08,3.09,3.08,3.09,150.0,BTBT
2025-02-07 17:15:00,3.08,3.09,3.08,3.09,311.0,BTBT
2025-02-07 17:14:00,3.0899,3.0899,3.0899,3.0899,100.0,BTBT
2025-02-07 17:13:00,3.0801,3.0801,3.0801,3.0801,75.0,BTBT
2025-02-07 17:12:00,3.09,3.09,3.09,3.09,1.0,BTBT
2025-02-07 17:11:00,3.09,3.09,3.09,3.09,20.0,BTBT
2025-02-07 17:05:00,3.09,3.09,3.09,3.09,200.0,BTBT
2025-02-07 17:04:00,3.09,3.09,3.0898,3.09,370.0,BTBT
2025-02-07 17:01:00,3.09,3.09,3.09,3.09,35.0,BTBT
2025-02-07 17:00:00,3.08,3.08,3.08,3.08,100.0,BTBT
2025-02-07 16:55:00,3.0801,3.0801,3.0801,3.0801,338.0,BTBT
2025-02-07 16:54:00,3.09,3.09,3.09,3.09,2.0,BTBT
2025-02-07 16:52:00,3.0801,3.09,3.0801,3.09,1001.0,BTBT
2025-02-07 16:51:00,3.08,3.08,3.08,3.08,100.0,BTBT
2025-02-07 16:45:00,3.08,3.08,3.08,3.08,2.0,BTBT
2025-02-07 16:44:00,3.08,3.08,3.08,3.08,2000.0,BTBT
2025-02-07 16:42:00,3.09,3.09,3.09,3.09,20.0,BTBT
2025-02-07 16:41:00,3.09,3.09,3.09,3.09,11.0,BTBT
2025-02-07 16:39:00,3.09,3.09,3.09,3.09,11.0,BTBT
2025-02-07 16:38:00,3.09,3.09,3.09,3.09,250.0,BTBT
2025-02-07 16:37:00,3.09,3.09,3.0897,3.09,751.0,BTBT
2025-02-07 16:36:00,3.09,3.09,3.0899,3.0899,1013.0,BTBT
2025-02-07 16:35:00,3.0897,3.0897,3.0897,3.0897,2.0,BTBT
2025-02-07 16:34:00,3.1,3.1,3.1,3.1,10.0,BTBT
2025-02-07 16:31:00,3.0899,3.09,3.0899,3.09,2460.0,BTBT
2025-02-07 16:27:00,3.08,3.08,3.08,3.08,100.0,BTBT
2025-02-07 16:25:00,3.08,3.08,3.08,3.08,251.0,BTBT
2025-02-07 16:19:00,3.0801,3.0801,3.0801,3.0801,6.0,BTBT
2025-02-07 16:18:00,3.0811,3.12,3.0811,3.12,2561.0,BTBT
2025-02-07 16:17:00,3.09,3.09,3.09,3.09,48.0,BTBT
2025-02-07 16:15:00,3.09,3.09,3.09,3.09,539.0,BTBT
2025-02-07 16:11:00,3.08,3.12,3.08,3.12,11000.0,BTBT
2025-02-07 16:09:00,3.09,3.09,3.08,3.09,115.0,BTBT
2025-02-07 16:08:00,3.0801,3.0801,3.08,3.08,342.0,BTBT
2025-02-07 16:07:00,3.09,3.09,3.0801,3.0801,661.0,BTBT
2025-02-07 16:06:00,3.0898,3.09,3.08,3.08,3200.0,BTBT
2025-02-07 16:05:00,3.09,3.09,3.0898,3.09,202.0,BTBT
2025-02-07 16:04:00,3.0801,3.0898,3.0801,3.0898,1100.0,BTBT
2025-02-07 16:03:00,3.08,3.08,3.08,3.08,10.0,BTBT
2025-02-07 16:02:00,3.08,3.09,3.08,3.08,6027.0,BTBT
2025-02-07 16:01:00,3.09,3.09,3.09,3.09,15517.0,BTBT
2025-02-07 16:00:00,3.08,3.09,3.08,3.09,484544.0,BTBT
2025-02-07 15:59:00,3.08,3.09,3.08,3.085,67295.0,BTBT
2025-02-07 15:58:00,3.085,3.09,3.08,3.085,55651.0,BTBT
2025-02-07 15:57:00,3.085,3.0889,3.0842,3.0842,14201.0,BTBT
2025-02-07 15:56:00,3.085,3.0864,3.08,3.085,19019.0,BTBT
2025-02-07 15:55:00,3.0999,3.1,3.08,3.085,55381.0,BTBT
2025-02-07 15:54:00,3.095,3.1,3.09,3.096,11239.0,BTBT
2025-02-07 15:53:00,3.0968,3.0988,3.095,3.095,4992.0,BTBT
2025-02-07 15:52:00,3.095,3.1,3.09,3.095,33248.0,BTBT
2025-02-07 15:51:00,3.095,3.0986,3.0919,3.0919,13942.0,BTBT
2025-02-07 15:50:00,3.09,3.1,3.09,3.0955,50489.0,BTBT
2025-02-07 15:49:00,3.0856,3.09,3.085,3.09,17450.0,BTBT
2025-02-07 15:48:00,3.085,3.09,3.081,3.088,7028.0,BTBT
2025-02-07 15:47:00,3.0892,3.09,3.08,3.085,24955.0,BTBT
2025-02-07 15:46:00,3.085,3.09,3.08,3.085,17327.0,BTBT
2025-02-07 15:45:00,3.08,3.09,3.08,3.085,43734.0,BTBT
2025-02-07 15:44:00,3.08,3.08,3.07,3.079,14231.0,BTBT
2025-02-07 15:43:00,3.075,3.0799,3.0718,3.075,19139.0,BTBT
2025-02-07 15:42:00,3.065,3.08,3.0601,3.075,21142.0,BTBT
2025-02-07 15:41:00,3.075,3.075,3.065,3.065,83440.0,BTBT
2025-02-07 15:40:00,3.078,3.08,3.07,3.07,8754.0,BTBT
2025-02-07 15:39:00,3.08,3.08,3.075,3.075,6243.0,BTBT
2025-02-07 15:38:00,3.075,3.0773,3.07,3.075,6625.0,BTBT
2025-02-07 15:37:00,3.075,3.075,3.075,3.075,2522.0,BTBT
2025-02-07 15:36:00,3.075,3.075,3.075,3.075,3622.0,BTBT
2025-02-07 15:35:00,3.072,3.0789,3.0711,3.075,3293.0,BTBT
2025-02-07 15:34:00,3.07,3.0785,3.07,3.075,8931.0,BTBT
2025-02-07 15:33:00,3.07,3.0797,3.065,3.07,55698.0,BTBT
2025-02-07 15:32:00,3.075,3.08,3.065,3.07,76607.0,BTBT
2025-02-07 15:31:00,3.075,3.075,3.075,3.075,2905.0,BTBT
2025-02-07 15:30:00,3.08,3.08,3.075,3.075,1959.0,BTBT
2025-02-07 15:29:00,3.0814,3.0899,3.0701,3.0735,14277.0,BTBT
2025-02-07 15:28:00,3.08,3.0864,3.08,3.085,2276.0,BTBT
2025-02-07 15:27:00,3.0816,3.085,3.0816,3.085,1446.0,BTBT
2025-02-07 15:26:00,3.0836,3.09,3.08,3.0838,11189.0,BTBT
2025-02-07 15:25:00,3.085,3.0891,3.08,3.085,11096.0,BTBT
2025-02-07 15:24:00,3.085,3.0872,3.085,3.0872,3151.0,BTBT
2025-02-07 15:23:00,3.08,3.085,3.08,3.085,2081.0,BTBT
2025-02-07 15:22:00,3.09,3.09,3.085,3.085,1040.0,BTBT
2025-02-07 15:21:00,3.09,3.09,3.08,3.08,11396.0,BTBT
2025-02-07 15:20:00,3.085,3.087,3.0814,3.0861,7087.0,BTBT
2025-02-07 15:19:00,3.085,3.09,3.085,3.0887,8109.0,BTBT
2025-02-07 15:18:00,3.08,3.09,3.08,3.085,11291.0,BTBT
2025-02-07 15:17:00,3.0782,3.08,3.07,3.08,4228.0,BTBT
2025-02-07 15:16:00,3.07,3.08,3.07,3.075,45870.0,BTBT
2025-02-07 15:15:00,3.065,3.0685,3.065,3.065,4053.0,BTBT
2025-02-07 15:14:00,3.06,3.0689,3.06,3.0689,1861.0,BTBT
2025-02-07 15:13:00,3.0687,3.0687,3.06,3.0618,3865.0,BTBT
2025-02-07 15:12:00,3.0695,3.07,3.06,3.065,29873.0,BTBT
2025-02-07 15:11:00,3.07,3.07,3.065,3.07,32176.0,BTBT
2025-02-07 15:10:00,3.0816,3.087,3.0701,3.0743,124239.0,BTBT
2025-02-07 15:09:00,3.09,3.095,3.08,3.085,126512.0,BTBT
2025-02-07 15:08:00,3.09,3.09,3.085,3.0895,25786.0,BTBT
2025-02-07 15:07:00,3.0893,3.0899,3.0859,3.0859,30409.0,BTBT
2025-02-07 15:06:00,3.085,3.1,3.08,3.09,77505.0,BTBT
2025-02-07 15:05:00,3.085,3.085,3.08,3.08,1734.0,BTBT
2025-02-07 15:04:00,3.085,3.085,3.0801,3.085,11206.0,BTBT
2025-02-07 15:03:00,3.09,3.095,3.085,3.085,82683.0,BTBT
2025-02-07 15:01:00,3.1,3.105,3.0901,3.095,119490.0,BTBT
2025-02-07 15:00:00,3.105,3.1099,3.105,3.1099,9940.0,BTBT
2025-02-07 14:59:00,3.1135,3.1135,3.105,3.105,71378.0,BTBT
2025-02-07 14:58:00,3.115,3.1174,3.11,3.11,5275.0,BTBT
2025-02-07 14:57:00,3.1101,3.1185,3.1101,3.115,3134.0,BTBT
2025-02-07 14:56:00,3.115,3.115,3.11,3.11,1386.0,BTBT
2025-02-07 14:55:00,3.1174,3.1174,3.1174,3.1174,1230.0,BTBT
2025-02-07 14:54:00,3.11,3.12,3.105,3.115,64332.0,BTBT
2025-02-07 14:53:00,3.11,3.11,3.105,3.1095,50197.0,BTBT
2025-02-07 14:52:00,3.115,3.118,3.11,3.1139,2534.0,BTBT
2025-02-07 14:51:00,3.11,3.12,3.11,3.115,48111.0,BTBT
2025-02-07 14:50:00,3.105,3.11,3.105,3.1099,46379.0,BTBT
2025-02-07 14:49:00,3.105,3.115,3.1,3.1101,66807.0,BTBT
2025-02-07 14:48:00,3.1099,3.11,3.105,3.105,17076.0,BTBT
2025-02-07 14:47:00,3.105,3.1093,3.101,3.105,10323.0,BTBT
2025-02-07 14:46:00,3.1101,3.1101,3.1011,3.1011,58087.0,BTBT
2025-02-07 14:45:00,3.11,3.12,3.11,3.115,32968.0,BTBT
2025-02-07 14:44:00,3.1046,3.11,3.1046,3.1076,28165.0,BTBT
2025-02-07 14:43:00,3.1048,3.1064,3.1,3.1,8951.0,BTBT
2025-02-07 14:42:00,3.1095,3.12,3.1039,3.105,111172.0,BTBT
2025-02-07 14:41:00,3.12,3.12,3.105,3.1095,56021.0,BTBT
2025-02-07 14:40:00,3.115,3.12,3.11,3.115,23885.0,BTBT
2025-02-07 14:39:00,3.13,3.13,3.1148,3.1195,36606.0,BTBT
2025-02-07 14:38:00,3.135,3.1399,3.13,3.13,40263.0,BTBT
2025-02-07 14:37:00,3.13,3.1389,3.13,3.135,1497.0,BTBT
2025-02-07 14:36:00,3.135,3.1369,3.13,3.13,1511.0,BTBT
2025-02-07 14:35:00,3.135,3.1372,3.1305,3.135,11453.0,BTBT
2025-02-07 14:34:00,3.135,3.145,3.13,3.14,29954.0,BTBT
2025-02-07 14:33:00,3.1499,3.15,3.13,3.13,26831.0,BTBT
2025-02-07 14:32:00,3.135,3.15,3.13,3.15,31754.0,BTBT
2025-02-07 14:31:00,3.135,3.135,3.13,3.135,2525.0,BTBT
2025-02-07 14:30:00,3.135,3.1373,3.13,3.13,10845.0,BTBT
2025-02-07 14:29:00,3.135,3.1391,3.1311,3.1311,12079.0,BTBT
2025-02-07 14:28:00,3.1379,3.1379,3.1307,3.1307,15003.0,BTBT
2025-02-07 14:27:00,3.13,3.14,3.1296,3.135,91273.0,BTBT
2025-02-07 14:26:00,3.13,3.13,3.12,3.12,12316.0,BTBT
2025-02-07 14:25:00,3.125,3.13,3.124,3.125,13078.0,BTBT
2025-02-07 14:24:00,3.11,3.13,3.1099,3.1292,93297.0,BTBT
2025-02-07 14:23:00,3.0957,3.11,3.0901,3.1,115256.0,BTBT
2025-02-07 14:22:00,3.09,3.1,3.09,3.095,47722.0,BTBT
2025-02-07 14:21:00,3.0993,3.1,3.09,3.0964,32844.0,BTBT
2025-02-07 14:20:00,3.09,3.1,3.09,3.095,20479.0,BTBT
2025-02-07 14:19:00,3.0901,3.1,3.09,3.0989,12433.0,BTBT
2025-02-07 14:18:00,3.09,3.095,3.09,3.09,8915.0,BTBT
2025-02-07 14:17:00,3.0997,3.1,3.09,3.09,28865.0,BTBT
2025-02-07 14:16:00,3.095,3.1,3.095,3.095,29115.0,BTBT
2025-02-07 14:15:00,3.1,3.11,3.095,3.095,67498.0,BTBT
2025-02-07 14:14:00,3.0992,3.0993,3.09,3.095,18505.0,BTBT
2025-02-07 14:13:00,3.09,3.0985,3.09,3.095,2328.0,BTBT
2025-02-07 14:12:00,3.09,3.1,3.0882,3.09,65955.0,BTBT
2025-02-07 14:11:00,3.09,3.1,3.085,3.095,63868.0,BTBT
2025-02-07 14:10:00,3.095,3.1,3.09,3.095,34269.0,BTBT
2025-02-07 14:09:00,3.1,3.1099,3.0911,3.0987,97268.0,BTBT
2025-02-07 14:08:00,3.105,3.12,3.1,3.1,66303.0,BTBT
2025-02-07 14:07:00,3.1,3.1099,3.09,3.105,192919.0,BTBT
2025-02-07 14:06:00,3.1,3.11,3.1,3.105,44122.0,BTBT
2025-02-07 14:05:00,3.1092,3.1092,3.1,3.105,15964.0,BTBT
2025-02-07 14:04:00,3.1055,3.11,3.1,3.1,43785.0,BTBT
2025-02-07 14:03:00,3.105,3.1095,3.1,3.1088,12020.0,BTBT
2025-02-07 14:02:00,3.11,3.11,3.1,3.1049,55587.0,BTBT
2025-02-07 14:01:00,3.11,3.1175,3.11,3.1175,27715.0,BTBT
2025-02-07 14:00:00,3.12,3.13,3.11,3.11,24005.0,BTBT
2025-02-07 13:59:00,3.125,3.13,3.115,3.125,52703.0,BTBT
2025-02-07 13:58:00,3.14,3.145,3.12,3.125,70518.0,BTBT
2025-02-07 13:57:00,3.15,3.15,3.14,3.14,31945.0,BTBT
2025-02-07 13:56:00,3.16,3.16,3.15,3.15,7103.0,BTBT
2025-02-07 13:55:00,3.1601,3.17,3.1548,3.1548,24453.0,BTBT
2025-02-07 13:54:00,3.16,3.165,3.16,3.16,13076.0,BTBT
2025-02-07 13:53:00,3.17,3.17,3.165,3.1693,18022.0,BTBT
2025-02-07 13:52:00,3.185,3.1888,3.175,3.175,12588.0,BTBT
2025-02-07 13:51:00,3.1748,3.19,3.17,3.185,36112.0,BTBT
2025-02-07 13:50:00,3.1801,3.1801,3.17,3.1799,36943.0,BTBT
2025-02-07 13:49:00,3.1792,3.1811,3.1706,3.1802,52179.0,BTBT
2025-02-07 13:48:00,3.18,3.1899,3.175,3.1766,106885.0,BTBT
2025-02-07 13:47:00,3.18,3.19,3.18,3.19,11065.0,BTBT
2025-02-07 13:46:00,3.19,3.19,3.185,3.185,901.0,BTBT
2025-02-07 13:45:00,3.1848,3.19,3.1848,3.185,31664.0,BTBT
2025-02-07 13:44:00,3.1599,3.19,3.1598,3.1821,95889.0,BTBT
2025-02-07 13:43:00,3.175,3.18,3.1505,3.155,38856.0,BTBT
2025-02-07 13:42:00,3.1692,3.18,3.165,3.175,64770.0,BTBT
2025-02-07 13:41:00,3.16,3.165,3.1548,3.165,51585.0,BTBT
2025-02-07 13:40:00,3.165,3.165,3.155,3.165,80742.0,BTBT
2025-02-07 13:39:00,3.17,3.17,3.165,3.165,27465.0,BTBT
2025-02-07 13:38:00,3.16,3.17,3.16,3.16,1426.0,BTBT
2025-02-07 13:37:00,3.16,3.17,3.155,3.17,95637.0,BTBT
2025-02-07 13:36:00,3.165,3.165,3.165,3.165,367.0,BTBT
2025-02-07 13:35:00,3.165,3.1699,3.16,3.1601,11029.0,BTBT
2025-02-07 13:34:00,3.165,3.1699,3.16,3.1643,18971.0,BTBT
2025-02-07 13:33:00,3.155,3.1652,3.15,3.165,59537.0,BTBT
2025-02-07 13:32:00,3.145,3.15,3.14,3.15,9910.0,BTBT
2025-02-07 13:31:00,3.145,3.1488,3.1436,3.145,2739.0,BTBT
2025-02-07 13:30:00,3.145,3.15,3.14,3.145,1155.0,BTBT
2025-02-07 13:29:00,3.16,3.16,3.145,3.145,18016.0,BTBT
2025-02-07 13:28:00,3.15,3.16,3.145,3.15,80152.0,BTBT
2025-02-07 13:27:00,3.155,3.155,3.15,3.1523,1140.0,BTBT
2025-02-07 13:26:00,3.1564,3.1574,3.15,3.155,4156.0,BTBT
2025-02-07 13:25:00,3.155,3.16,3.155,3.16,670.0,BTBT
2025-02-07 13:24:00,3.165,3.17,3.1528,3.155,17573.0,BTBT
2025-02-07 13:23:00,3.15,3.17,3.15,3.17,67256.0,BTBT
2025-02-07 13:22:00,3.155,3.155,3.15,3.15,2337.0,BTBT
2025-02-07 13:21:00,3.155,3.155,3.15,3.15,1273.0,BTBT
2025-02-07 13:20:00,3.17,3.17,3.153,3.153,16669.0,BTBT
2025-02-07 13:19:00,3.16,3.17,3.16,3.17,2744.0,BTBT
2025-02-07 13:18:00,3.16,3.16,3.155,3.16,1227.0,BTBT
2025-02-07 13:17:00,3.165,3.1689,3.159,3.159,15511.0,BTBT
2025-02-07 13:16:00,3.155,3.165,3.155,3.165,25456.0,BTBT
2025-02-07 13:15:00,3.1582,3.1589,3.155,3.155,4044.0,BTBT
2025-02-07 13:14:00,3.1718,3.175,3.15,3.1584,172039.0,BTBT
2025-02-07 13:13:00,3.18,3.18,3.175,3.175,20601.0,BTBT
2025-02-07 13:12:00,3.1709,3.1752,3.1701,3.1752,8413.0,BTBT
2025-02-07 13:11:00,3.17,3.1799,3.17,3.1718,21473.0,BTBT
2025-02-07 13:10:00,3.1699,3.1699,3.1624,3.1624,17958.0,BTBT
2025-02-07 13:09:00,3.1718,3.1748,3.1625,3.1699,17168.0,BTBT
2025-02-07 13:08:00,3.17,3.175,3.165,3.1717,24309.0,BTBT
2025-02-07 13:07:00,3.165,3.1652,3.16,3.16,23826.0,BTBT
2025-02-07 13:06:00,3.155,3.1687,3.155,3.1601,29006.0,BTBT
2025-02-07 13:05:00,3.15,3.16,3.15,3.16,6147.0,BTBT
2025-02-07 13:03:00,3.1505,3.16,3.15,3.1596,54144.0,BTBT
2025-02-07 13:02:00,3.145,3.1599,3.131,3.1548,103776.0,BTBT
2025-02-07 13:01:00,3.1351,3.145,3.1351,3.145,32489.0,BTBT
2025-02-07 13:00:00,3.1378,3.14,3.135,3.135,3190.0,BTBT
2025-02-07 12:59:00,3.1429,3.1429,3.1301,3.1301,29585.0,BTBT
2025-02-07 12:58:00,3.1408,3.1475,3.14,3.1425,8503.0,BTBT
2025-02-07 12:57:00,3.1553,3.16,3.1401,3.145,65485.0,BTBT
2025-02-07 12:56:00,3.155,3.155,3.15,3.15,6443.0,BTBT
2025-02-07 12:55:00,3.155,3.1581,3.1507,3.155,2703.0,BTBT
2025-02-07 12:54:00,3.15,3.1595,3.15,3.155,26782.0,BTBT
2025-02-07 12:53:00,3.1505,3.16,3.143,3.143,46632.0,BTBT
2025-02-07 12:52:00,3.1501,3.1599,3.1448,3.1588,85645.0,BTBT
2025-02-07 12:51:00,3.1597,3.1597,3.15,3.15,10628.0,BTBT
2025-02-07 12:50:00,3.1691,3.1691,3.1548,3.155,42169.0,BTBT
2025-02-07 12:49:00,3.165,3.17,3.16,3.1601,5406.0,BTBT
2025-02-07 12:48:00,3.165,3.1695,3.16,3.165,10169.0,BTBT
2025-02-07 12:47:00,3.165,3.165,3.16,3.165,1309.0,BTBT
2025-02-07 12:46:00,3.165,3.17,3.1649,3.165,5778.0,BTBT
2025-02-07 12:45:00,3.1601,3.17,3.1601,3.1652,9904.0,BTBT
2025-02-07 12:44:00,3.1507,3.17,3.1507,3.16,16345.0,BTBT
2025-02-07 12:43:00,3.155,3.1599,3.1401,3.1548,36305.0,BTBT
2025-02-07 12:42:00,3.155,3.1652,3.1501,3.1598,30988.0,BTBT
2025-02-07 12:41:00,3.1305,3.155,3.1305,3.1501,72801.0,BTBT
2025-02-07 12:40:00,3.15,3.15,3.1311,3.135,130451.0,BTBT
2025-02-07 12:39:00,3.125,3.1499,3.125,3.1496,60979.0,BTBT
2025-02-07 12:38:00,3.125,3.13,3.125,3.125,9795.0,BTBT
2025-02-07 12:37:00,3.12,3.13,3.12,3.125,7623.0,BTBT
2025-02-07 12:36:00,3.1194,3.1288,3.115,3.1288,20896.0,BTBT
2025-02-07 12:35:00,3.11,3.12,3.1099,3.11,49309.0,BTBT
2025-02-07 12:34:00,3.1098,3.11,3.1095,3.11,9221.0,BTBT
2025-02-07 12:33:00,3.12,3.12,3.105,3.105,42731.0,BTBT
2025-02-07 12:32:00,3.12,3.12,3.11,3.115,15112.0,BTBT
2025-02-07 12:31:00,3.115,3.12,3.115,3.1199,7320.0,BTBT
2025-02-07 12:30:00,3.115,3.119,3.11,3.11,1353.0,BTBT
2025-02-07 12:29:00,3.11,3.12,3.105,3.1174,138596.0,BTBT
2025-02-07 12:28:00,3.1099,3.11,3.105,3.11,6557.0,BTBT
2025-02-07 12:27:00,3.1052,3.1099,3.1025,3.1096,12533.0,BTBT
2025-02-07 12:26:00,3.108,3.11,3.105,3.11,6552.0,BTBT
2025-02-07 12:25:00,3.11,3.11,3.105,3.105,2783.0,BTBT
2025-02-07 12:24:00,3.12,3.12,3.1018,3.105,45241.0,BTBT
2025-02-07 12:23:00,3.1098,3.12,3.105,3.1101,117370.0,BTBT
2025-02-07 12:22:00,3.125,3.125,3.1001,3.1099,137350.0,BTBT
2025-02-07 12:21:00,3.135,3.135,3.11,3.12,388895.0,BTBT
2025-02-07 12:20:00,3.135,3.1399,3.135,3.1399,2008.0,BTBT
2025-02-07 12:19:00,3.13,3.1399,3.125,3.135,69441.0,BTBT
2025-02-07 12:18:00,3.135,3.135,3.125,3.13,41271.0,BTBT
2025-02-07 12:17:00,3.15,3.15,3.1319,3.1319,42466.0,BTBT
2025-02-07 12:16:00,3.15,3.1505,3.1401,3.1505,32382.0,BTBT
2025-02-07 12:15:00,3.1588,3.1588,3.1448,3.1448,3253.0,BTBT
2025-02-07 12:14:00,3.1499,3.16,3.1499,3.1552,15891.0,BTBT
2025-02-07 12:13:00,3.1499,3.16,3.1448,3.1496,20047.0,BTBT
2025-02-07 12:12:00,3.145,3.145,3.145,3.145,415.0,BTBT
2025-02-07 12:11:00,3.1464,3.15,3.14,3.1499,17421.0,BTBT
2025-02-07 12:10:00,3.16,3.16,3.14,3.145,19357.0,BTBT
2025-02-07 12:09:00,3.165,3.1698,3.165,3.165,7005.0,BTBT
2025-02-07 12:08:00,3.1577,3.17,3.1577,3.17,9317.0,BTBT
2025-02-07 12:07:00,3.1352,3.16,3.135,3.155,18947.0,BTBT
2025-02-07 12:06:00,3.1248,3.14,3.1248,3.1352,23165.0,BTBT
2025-02-07 12:05:00,3.13,3.13,3.1111,3.125,44588.0,BTBT
2025-02-07 12:04:00,3.13,3.14,3.125,3.1348,65801.0,BTBT
2025-02-07 12:03:00,3.135,3.135,3.1224,3.1299,30956.0,BTBT
2025-02-07 12:02:00,3.135,3.14,3.135,3.135,7774.0,BTBT
2025-02-07 12:01:00,3.132,3.14,3.13,3.139,17155.0,BTBT
2025-02-07 12:00:00,3.135,3.14,3.125,3.13,54546.0,BTBT
2025-02-07 11:59:00,3.145,3.145,3.1301,3.1301,6090.0,BTBT
2025-02-07 11:58:00,3.155,3.17,3.1401,3.1495,43062.0,BTBT
2025-02-07 11:57:00,3.145,3.16,3.145,3.1501,32533.0,BTBT
2025-02-07 11:56:00,3.14,3.15,3.135,3.145,12577.0,BTBT
2025-02-07 11:55:00,3.1327,3.1397,3.1301,3.1301,3971.0,BTBT
2025-02-07 11:54:00,3.135,3.1384,3.1312,3.135,13258.0,BTBT
2025-02-07 11:53:00,3.14,3.14,3.13,3.13,22053.0,BTBT
2025-02-07 11:52:00,3.13,3.135,3.13,3.135,843.0,BTBT
2025-02-07 11:51:00,3.145,3.145,3.14,3.14,4315.0,BTBT
2025-02-07 11:50:00,3.14,3.1482,3.135,3.145,18085.0,BTBT
2025-02-07 11:49:00,3.135,3.14,3.1311,3.1311,6580.0,BTBT
2025-02-07 11:48:00,3.13,3.135,3.1282,3.1301,32002.0,BTBT
2025-02-07 11:47:00,3.1201,3.13,3.1201,3.13,29778.0,BTBT
2025-02-07 11:46:00,3.135,3.14,3.12,3.12,57656.0,BTBT
2025-02-07 11:45:00,3.1399,3.15,3.135,3.135,36221.0,BTBT
2025-02-07 11:44:00,3.14,3.1499,3.1382,3.1399,25256.0,BTBT
2025-02-07 11:43:00,3.13,3.14,3.1252,3.13,51538.0,BTBT
2025-02-07 11:42:00,3.1399,3.1399,3.13,3.13,11462.0,BTBT
2025-02-07 11:41:00,3.14,3.15,3.1341,3.1401,67795.0,BTBT
2025-02-07 11:40:00,3.1395,3.14,3.135,3.1399,14961.0,BTBT
2025-02-07 11:39:00,3.1499,3.1499,3.13,3.1399,48815.0,BTBT
2025-02-07 11:38:00,3.14,3.145,3.14,3.145,20682.0,BTBT
2025-02-07 11:37:00,3.135,3.14,3.135,3.1398,22304.0,BTBT
2025-02-07 11:36:00,3.1306,3.135,3.1306,3.135,21150.0,BTBT
2025-02-07 11:35:00,3.155,3.155,3.1348,3.135,19088.0,BTBT
2025-02-07 11:34:00,3.145,3.16,3.145,3.155,27546.0,BTBT
2025-02-07 11:33:00,3.145,3.1499,3.14,3.1496,7337.0,BTBT
2025-02-07 11:32:00,3.15,3.15,3.1401,3.1401,16052.0,BTBT
2025-02-07 11:31:00,3.145,3.15,3.14,3.145,17803.0,BTBT
2025-02-07 11:30:00,3.13,3.145,3.13,3.1405,9034.0,BTBT
2025-02-07 11:29:00,3.13,3.135,3.125,3.1265,11987.0,BTBT
2025-02-07 11:28:00,3.125,3.14,3.125,3.13,35757.0,BTBT
2025-02-07 11:27:00,3.1291,3.13,3.125,3.125,3088.0,BTBT
2025-02-07 11:26:00,3.125,3.13,3.125,3.129,4601.0,BTBT
2025-02-07 11:25:00,3.1297,3.13,3.1201,3.13,29948.0,BTBT
2025-02-07 11:24:00,3.13,3.1318,3.1221,3.125,31468.0,BTBT
2025-02-07 11:23:00,3.13,3.14,3.13,3.135,27162.0,BTBT
2025-02-07 11:22:00,3.15,3.15,3.1318,3.135,50887.0,BTBT
2025-02-07 11:21:00,3.1599,3.16,3.15,3.155,7672.0,BTBT
2025-02-07 11:20:00,3.1548,3.165,3.1507,3.1507,12188.0,BTBT
2025-02-07 11:19:00,3.155,3.18,3.155,3.155,37661.0,BTBT
2025-02-07 11:18:00,3.18,3.18,3.155,3.155,14396.0,BTBT
2025-02-07 11:17:00,3.16,3.18,3.155,3.18,95664.0,BTBT
2025-02-07 11:16:00,3.16,3.169,3.1596,3.1648,23325.0,BTBT
2025-02-07 11:15:00,3.155,3.16,3.155,3.16,2793.0,BTBT
2025-02-07 11:14:00,3.165,3.165,3.15,3.15,7944.0,BTBT
2025-02-07 11:13:00,3.165,3.17,3.1521,3.17,37306.0,BTBT
2025-02-07 11:12:00,3.1648,3.175,3.16,3.17,11453.0,BTBT
2025-02-07 11:11:00,3.165,3.1699,3.16,3.165,47195.0,BTBT
2025-02-07 11:10:00,3.185,3.1874,3.16,3.165,43166.0,BTBT
2025-02-07 11:09:00,3.2,3.2,3.1813,3.1813,44255.0,BTBT
2025-02-07 11:08:00,3.19,3.2,3.1801,3.195,31111.0,BTBT
2025-02-07 11:07:00,3.1599,3.19,3.1597,3.18,36901.0,BTBT
2025-02-07 11:06:00,3.1296,3.16,3.1249,3.155,30971.0,BTBT
2025-02-07 11:05:00,3.13,3.135,3.12,3.1208,24920.0,BTBT
2025-02-07 11:04:00,3.1348,3.135,3.1348,3.135,6146.0,BTBT
2025-02-07 11:03:00,3.135,3.1399,3.12,3.135,37075.0,BTBT
2025-02-07 11:02:00,3.135,3.14,3.1209,3.1348,50635.0,BTBT
2025-02-07 11:01:00,3.1391,3.14,3.13,3.135,100815.0,BTBT
2025-02-07 11:00:00,3.16,3.16,3.1303,3.1303,77434.0,BTBT
2025-02-07 10:59:00,3.1599,3.17,3.1408,3.16,20004.0,BTBT
2025-02-07 10:58:00,3.16,3.1701,3.155,3.1588,11593.0,BTBT
2025-02-07 10:57:00,3.1648,3.17,3.15,3.155,36382.0,BTBT
2025-02-07 10:56:00,3.205,3.205,3.1601,3.1695,61063.0,BTBT
2025-02-07 10:55:00,3.1775,3.21,3.1701,3.21,21652.0,BTBT
2025-02-07 10:54:00,3.175,3.19,3.1667,3.175,52098.0,BTBT
2025-02-07 10:53:00,3.235,3.235,3.17,3.1702,120032.0,BTBT
2025-02-07 10:52:00,3.245,3.25,3.2348,3.235,28372.0,BTBT
2025-02-07 10:51:00,3.22,3.245,3.22,3.245,34105.0,BTBT
2025-02-07 10:50:00,3.205,3.23,3.205,3.225,65381.0,BTBT
2025-02-07 10:49:00,3.21,3.21,3.2004,3.2052,10221.0,BTBT
2025-02-07 10:48:00,3.22,3.22,3.205,3.205,37464.0,BTBT
2025-02-07 10:47:00,3.2118,3.22,3.21,3.2185,30730.0,BTBT
2025-02-07 10:46:00,3.195,3.21,3.1915,3.21,39470.0,BTBT
2025-02-07 10:45:00,3.2,3.2,3.1989,3.1989,11472.0,BTBT
2025-02-07 10:44:00,3.2,3.2083,3.1911,3.2079,22663.0,BTBT
2025-02-07 10:43:00,3.21,3.22,3.2001,3.2005,26655.0,BTBT
2025-02-07 10:42:00,3.205,3.2189,3.2,3.2101,27777.0,BTBT
2025-02-07 10:41:00,3.2152,3.22,3.2082,3.2082,25334.0,BTBT
2025-02-07 10:40:00,3.195,3.22,3.195,3.21,86496.0,BTBT
2025-02-07 10:39:00,3.2,3.2,3.1906,3.195,7918.0,BTBT
2025-02-07 10:38:00,3.1919,3.2,3.19,3.1909,42846.0,BTBT
2025-02-07 10:37:00,3.1999,3.2,3.1901,3.195,20520.0,BTBT
2025-02-07 10:36:00,3.21,3.21,3.19,3.2,74454.0,BTBT
2025-02-07 10:35:00,3.21,3.21,3.1914,3.2052,32568.0,BTBT
2025-02-07 10:34:00,3.1901,3.21,3.19,3.2001,19127.0,BTBT
2025-02-07 10:33:00,3.2,3.21,3.195,3.195,27904.0,BTBT
2025-02-07 10:32:00,3.1936,3.2,3.19,3.1999,82786.0,BTBT
2025-02-07 10:31:00,3.195,3.2,3.19,3.195,16974.0,BTBT
2025-02-07 10:30:00,3.1852,3.2,3.175,3.1933,37324.0,BTBT
2025-02-07 10:29:00,3.2,3.2,3.18,3.1819,15783.0,BTBT
2025-02-07 10:28:00,3.175,3.2,3.17,3.1901,28984.0,BTBT
2025-02-07 10:27:00,3.17,3.175,3.1601,3.175,31754.0,BTBT
2025-02-07 10:26:00,3.16,3.17,3.16,3.17,21117.0,BTBT
2025-02-07 10:25:00,3.16,3.16,3.1547,3.1595,17225.0,BTBT
2025-02-07 10:24:00,3.1595,3.16,3.155,3.16,17441.0,BTBT
2025-02-07 10:23:00,3.1499,3.1552,3.1401,3.155,39429.0,BTBT
2025-02-07 10:22:00,3.13,3.1499,3.12,3.145,30575.0,BTBT
2025-02-07 10:21:00,3.125,3.1281,3.125,3.128,2150.0,BTBT
2025-02-07 10:20:00,3.135,3.135,3.12,3.1248,5801.0,BTBT
2025-02-07 10:19:00,3.13,3.14,3.13,3.135,14807.0,BTBT
2025-02-07 10:18:00,3.13,3.14,3.1248,3.1248,53854.0,BTBT
2025-02-07 10:17:00,3.1352,3.14,3.1308,3.135,34760.0,BTBT
2025-02-07 10:16:00,3.1495,3.1495,3.13,3.14,11921.0,BTBT
2025-02-07 10:15:00,3.1407,3.15,3.14,3.1484,5962.0,BTBT
2025-02-07 10:14:00,3.14,3.145,3.1309,3.145,9866.0,BTBT
2025-02-07 10:13:00,3.15,3.16,3.135,3.1399,43515.0,BTBT
2025-02-07 10:12:00,3.1693,3.1693,3.14,3.145,45559.0,BTBT
2025-02-07 10:11:00,3.15,3.1699,3.15,3.1604,42088.0,BTBT
2025-02-07 10:10:00,3.1481,3.1597,3.1318,3.15,69311.0,BTBT
2025-02-07 10:09:00,3.14,3.15,3.13,3.14,62202.0,BTBT
2025-02-07 10:08:00,3.12,3.14,3.117,3.14,78496.0,BTBT
2025-02-07 10:07:00,3.13,3.13,3.11,3.125,59088.0,BTBT
2025-02-07 10:06:00,3.1097,3.13,3.1096,3.125,77673.0,BTBT
2025-02-07 10:05:00,3.12,3.12,3.1,3.11,102778.0,BTBT
2025-02-07 10:04:00,3.1256,3.1291,3.11,3.12,40872.0,BTBT
2025-02-07 10:03:00,3.145,3.15,3.13,3.135,26189.0,BTBT
2025-02-07 10:02:00,3.155,3.1599,3.14,3.1493,34726.0,BTBT
2025-02-07 10:01:00,3.17,3.17,3.155,3.1596,39390.0,BTBT
2025-02-07 10:00:00,3.2,3.2,3.14,3.1603,153162.0,BTBT
2025-02-07 09:59:00,3.2012,3.21,3.2001,3.2001,18467.0,BTBT
2025-02-07 09:58:00,3.215,3.215,3.2012,3.21,17787.0,BTBT
2025-02-07 09:57:00,3.22,3.2201,3.21,3.215,21559.0,BTBT
2025-02-07 09:56:00,3.215,3.23,3.215,3.22,32773.0,BTBT
2025-02-07 09:55:00,3.1996,3.215,3.1948,3.21,55531.0,BTBT
2025-02-07 09:54:00,3.2099,3.2099,3.1948,3.1993,46576.0,BTBT
2025-02-07 09:53:00,3.215,3.225,3.2,3.2064,61019.0,BTBT
2025-02-07 09:52:00,3.2452,3.2452,3.2048,3.22,68597.0,BTBT
2025-02-07 09:51:00,3.255,3.255,3.24,3.2401,16481.0,BTBT
2025-02-07 09:50:00,3.25,3.2595,3.25,3.255,4333.0,BTBT
2025-02-07 09:49:00,3.26,3.26,3.25,3.255,60199.0,BTBT
2025-02-07 09:48:00,3.245,3.26,3.245,3.26,11816.0,BTBT
2025-02-07 09:47:00,3.235,3.25,3.225,3.25,20552.0,BTBT
2025-02-07 09:46:00,3.255,3.2555,3.235,3.235,50753.0,BTBT
2025-02-07 09:45:00,3.245,3.26,3.24,3.26,54035.0,BTBT
2025-02-07 09:44:00,3.23,3.25,3.2232,3.245,45664.0,BTBT
2025-02-07 09:43:00,3.225,3.2399,3.21,3.2399,34387.0,BTBT
2025-02-07 09:42:00,3.24,3.25,3.225,3.225,58855.0,BTBT
2025-02-07 09:41:00,3.2323,3.24,3.2218,3.235,45571.0,BTBT
2025-02-07 09:40:00,3.27,3.2721,3.23,3.23,43537.0,BTBT
2025-02-07 09:39:00,3.255,3.2695,3.25,3.265,29522.0,BTBT
2025-02-07 09:38:00,3.25,3.26,3.25,3.26,27144.0,BTBT
2025-02-07 09:37:00,3.275,3.28,3.23,3.24,140831.0,BTBT
2025-02-07 09:36:00,3.26,3.285,3.26,3.28,103444.0,BTBT
2025-02-07 09:35:00,3.265,3.3,3.24,3.2552,132186.0,BTBT
2025-02-07 09:34:00,3.311,3.311,3.26,3.26,125997.0,BTBT
2025-02-07 09:33:00,3.2848,3.325,3.2801,3.315,206054.0,BTBT
2025-02-07 09:32:00,3.2828,3.2952,3.26,3.2805,128671.0,BTBT
2025-02-07 09:31:00,3.22,3.29,3.215,3.2827,371311.0,BTBT
2025-02-07 09:30:00,3.16,3.22,3.16,3.215,282710.0,BTBT
2025-02-07 09:29:00,3.18,3.1894,3.17,3.17,3512.0,BTBT
2025-02-07 09:28:00,3.17,3.19,3.17,3.1899,5203.0,BTBT
2025-02-07 09:27:00,3.17,3.17,3.16,3.17,756.0,BTBT
2025-02-07 09:26:00,3.17,3.17,3.1697,3.17,3501.0,BTBT
2025-02-07 09:25:00,3.18,3.1899,3.15,3.1899,6143.0,BTBT
2025-02-07 09:24:00,3.1802,3.19,3.18,3.1899,4589.0,BTBT
2025-02-07 09:23:00,3.18,3.19,3.18,3.1897,1821.0,BTBT
2025-02-07 09:22:00,3.1602,3.17,3.1602,3.17,40707.0,BTBT
2025-02-07 09:21:00,3.17,3.17,3.16,3.16,351.0,BTBT
2025-02-07 09:20:00,3.17,3.17,3.17,3.17,15000.0,BTBT
2025-02-07 09:19:00,3.1699,3.17,3.1699,3.17,5280.0,BTBT
2025-02-07 09:18:00,3.1697,3.1698,3.1697,3.1698,34.0,BTBT
2025-02-07 09:17:00,3.1602,3.17,3.16,3.17,760.0,BTBT
2025-02-07 09:16:00,3.17,3.17,3.16,3.1601,8049.0,BTBT
2025-02-07 09:15:00,3.1699,3.17,3.16,3.1601,1985.0,BTBT
2025-02-07 09:14:00,3.17,3.17,3.1699,3.17,21739.0,BTBT
2025-02-07 09:13:00,3.16,3.17,3.16,3.17,1100.0,BTBT
2025-02-07 09:11:00,3.17,3.17,3.17,3.17,3.0,BTBT
2025-02-07 09:10:00,3.16,3.1601,3.16,3.1601,3816.0,BTBT
2025-02-07 09:09:00,3.15,3.16,3.15,3.155,20836.0,BTBT
2025-02-07 09:08:00,3.16,3.16,3.1599,3.16,5378.0,BTBT
2025-02-07 09:07:00,3.15,3.15,3.15,3.15,150.0,BTBT
2025-02-07 09:06:00,3.1599,3.1599,3.15,3.15,3420.0,BTBT
2025-02-07 09:05:00,3.15,3.16,3.15,3.16,648.0,BTBT
2025-02-07 09:03:00,3.15,3.15,3.15,3.15,20.0,BTBT
2025-02-07 09:00:00,3.1402,3.15,3.1402,3.15,525.0,BTBT
2025-02-07 08:58:00,3.15,3.1501,3.15,3.1501,1218.0,BTBT
2025-02-07 08:57:00,3.15,3.15,3.15,3.15,2.0,BTBT
2025-02-07 08:55:00,3.15,3.15,3.15,3.15,25.0,BTBT
2025-02-07 08:54:00,3.14,3.15,3.14,3.15,673.0,BTBT
2025-02-07 08:53:00,3.1401,3.1401,3.1401,3.1401,5000.0,BTBT
2025-02-07 08:52:00,3.14,3.1402,3.14,3.1402,2.0,BTBT
2025-02-07 08:51:00,3.1497,3.15,3.1497,3.15,1007.0,BTBT
2025-02-07 08:50:00,3.15,3.15,3.15,3.15,600.0,BTBT
2025-02-07 08:49:00,3.15,3.15,3.15,3.15,262.0,BTBT
2025-02-07 08:48:00,3.15,3.15,3.15,3.15,29102.0,BTBT
2025-02-07 08:46:00,3.15,3.15,3.14,3.15,191.0,BTBT
2025-02-07 08:45:00,3.14,3.14,3.14,3.14,1000.0,BTBT
2025-02-07 08:43:00,3.14,3.1499,3.14,3.1401,1015.0,BTBT
2025-02-07 08:42:00,3.13,3.1403,3.13,3.1401,3268.0,BTBT
2025-02-07 08:41:00,3.13,3.14,3.125,3.1398,3846.0,BTBT
2025-02-07 08:40:00,3.1196,3.12,3.11,3.12,1828.0,BTBT
2025-02-07 08:36:00,3.11,3.12,3.11,3.11,154.0,BTBT
2025-02-07 08:35:00,3.11,3.12,3.11,3.11,450.0,BTBT
2025-02-07 08:34:00,3.12,3.12,3.11,3.11,156.0,BTBT
2025-02-07 08:32:00,3.11,3.12,3.11,3.11,1832.0,BTBT
2025-02-07 08:30:00,3.12,3.12,3.11,3.11,2509.0,BTBT
2025-02-07 08:26:00,3.1201,3.1201,3.1201,3.1201,101.0,BTBT
2025-02-07 08:21:00,3.12,3.12,3.12,3.12,165.0,BTBT
2025-02-07 08:19:00,3.13,3.13,3.13,3.13,5149.0,BTBT
2025-02-07 08:18:00,3.13,3.14,3.13,3.14,55.0,BTBT
2025-02-07 08:16:00,3.1301,3.1301,3.1301,3.1301,750.0,BTBT
2025-02-07 08:11:00,3.12,3.1302,3.12,3.13,4776.0,BTBT
2025-02-07 08:09:00,3.12,3.12,3.12,3.12,70.0,BTBT
2025-02-07 08:07:00,3.12,3.12,3.12,3.12,7.0,BTBT
2025-02-07 08:05:00,3.12,3.1201,3.12,3.1201,6000.0,BTBT
2025-02-07 08:02:00,3.12,3.13,3.12,3.13,2100.0,BTBT
2025-02-07 08:01:00,3.2,3.2,3.2,3.2,75.0,BTBT
2025-02-07 08:00:00,3.12,3.14,3.0989,3.11,19642.0,BTBT
2025-02-07 07:52:00,3.125,3.13,3.125,3.13,300.0,BTBT
2025-02-07 07:38:00,3.13,3.13,3.13,3.13,35.0,BTBT
2025-02-07 07:31:00,3.13,3.13,3.13,3.13,2.0,BTBT
2025-02-07 07:24:00,3.13,3.13,3.13,3.13,2413.0,BTBT
2025-02-07 07:14:00,3.13,3.13,3.13,3.13,800.0,BTBT
2025-02-07 07:12:00,3.13,3.13,3.13,3.13,1000.0,BTBT
2025-02-07 07:10:00,3.13,3.13,3.13,3.13,500.0,BTBT
2025-02-07 07:00:00,3.12,3.12,3.12,3.12,81.0,BTBT
2025-02-07 06:48:00,3.12,3.12,3.12,3.12,400.0,BTBT
2025-02-07 06:34:00,3.12,3.12,3.12,3.12,100.0,BTBT
2025-02-07 06:27:00,3.12,3.12,3.12,3.12,2165.0,BTBT
2025-02-07 06:13:00,3.11,3.11,3.11,3.11,100.0,BTBT
2025-02-07 06:11:00,3.12,3.12,3.12,3.12,8.0,BTBT
2025-02-07 06:05:00,3.11,3.11,3.11,3.11,10.0,BTBT
2025-02-07 06:04:00,3.12,3.12,3.12,3.12,1.0,BTBT
2025-02-07 06:03:00,3.12,3.12,3.12,3.12,50.0,BTBT
2025-02-07 05:54:00,3.11,3.11,3.11,3.11,2.0,BTBT
2025-02-07 05:28:00,3.12,3.12,3.12,3.12,33.0,BTBT
2025-02-07 05:25:00,3.12,3.12,3.12,3.12,1.0,BTBT
2025-02-07 05:21:00,3.12,3.12,3.12,3.12,263.0,BTBT
2025-02-07 05:20:00,3.12,3.12,3.12,3.12,838.0,BTBT
2025-02-07 05:19:00,3.1,3.11,3.1,3.11,1222.0,BTBT
2025-02-07 05:17:00,3.1,3.1,3.1,3.1,3.0,BTBT
2025-02-07 05:05:00,3.1,3.1,3.1,3.1,50.0,BTBT
2025-02-07 05:03:00,3.1,3.1,3.1,3.1,1.0,BTBT
2025-02-07 05:01:00,3.1,3.1,3.1,3.1,50.0,BTBT
2025-02-07 04:57:00,3.1,3.1,3.1,3.1,5.0,BTBT
2025-02-07 04:56:00,3.1,3.1,3.1,3.1,943.0,BTBT
2025-02-07 04:45:00,3.1,3.1,3.1,3.1,300.0,BTBT
2025-02-07 04:43:00,3.1,3.1,3.1,3.1,1.0,BTBT
2025-02-07 04:40:00,3.1,3.1,3.1,3.1,15.0,BTBT
2025-02-07 04:34:00,3.1,3.1,3.1,3.1,3.0,BTBT
2025-02-07 04:33:00,3.1,3.1,3.1,3.1,3.0,BTBT
2025-02-07 04:32:00,3.1,3.1,3.1,3.1,1.0,BTBT
2025-02-07 04:29:00,3.1,3.1,3.1,3.1,5.0,BTBT
2025-02-07 04:28:00,3.1,3.1,3.1,3.1,150.0,BTBT
2025-02-07 04:27:00,3.11,3.11,3.1,3.1,2690.0,BTBT
2025-02-07 04:25:00,3.12,3.12,3.12,3.12,5.0,BTBT
2025-02-07 04:13:00,3.11,3.11,3.11,3.11,400.0,BTBT
2025-02-07 04:12:00,3.11,3.11,3.11,3.11,2000.0,BTBT
2025-02-07 04:11:00,3.12,3.12,3.1,3.1,1500.0,BTBT
2025-02-07 04:08:00,3.12,3.12,3.12,3.12,10.0,BTBT
2025-02-07 04:06:00,3.12,3.12,3.12,3.12,516.0,BTBT
2025-02-07 04:04:00,3.12,3.12,3.12,3.12,24.0,BTBT
2025-02-06 19:54:00,3.1,3.1,3.1,3.1,29.0,BTBT
2025-02-06 19:53:00,3.1,3.1,3.1,3.1,50.0,BTBT
2025-02-06 19:50:00,3.1,3.1,3.1,3.1,12.0,BTBT
2025-02-06 19:48:00,3.0803,3.0803,3.0803,3.0803,200.0,BTBT
2025-02-06 19:47:00,3.0993,3.0993,3.0993,3.0993,5.0,BTBT
2025-02-06 19:46:00,3.09,3.09,3.08,3.08,243.0,BTBT
2025-02-06 19:41:00,3.0993,3.0993,3.0993,3.0993,100.0,BTBT
2025-02-06 19:36:00,3.0801,3.0801,3.0801,3.0801,874.0,BTBT
2025-02-06 19:22:00,3.0805,3.0805,3.0805,3.0805,3.0,BTBT
2025-02-06 19:18:00,3.09,3.09,3.0801,3.0801,339.0,BTBT
2025-02-06 19:17:00,3.0807,3.0807,3.0807,3.0807,1809.0,BTBT
2025-02-06 19:16:00,3.0803,3.0803,3.0803,3.0803,1015.0,BTBT
2025-02-06 19:11:00,3.1094,3.1094,3.1094,3.1094,137.0,BTBT
2025-02-06 19:06:00,3.08,3.08,3.08,3.08,1.0,BTBT
2025-02-06 18:55:00,3.1091,3.1091,3.1091,3.1091,20.0,BTBT
2025-02-06 18:46:00,3.11,3.11,3.09,3.09,200.0,BTBT
2025-02-06 18:43:00,3.12,3.12,3.12,3.12,200.0,BTBT
2025-02-06 18:40:00,3.12,3.12,3.1197,3.1197,50.0,BTBT
2025-02-06 18:28:00,3.0844,3.0844,3.0844,3.0844,200.0,BTBT
2025-02-06 18:26:00,3.1183,3.1183,3.1183,3.1183,17.0,BTBT
2025-02-06 18:16:00,3.12,3.12,3.12,3.12,5.0,BTBT
2025-02-06 18:11:00,3.11,3.11,3.11,3.11,28.0,BTBT
2025-02-06 18:09:00,3.1099,3.1099,3.1099,3.1099,470.0,BTBT
2025-02-06 18:05:00,3.1189,3.1189,3.1189,3.1189,1000.0,BTBT
2025-02-06 18:04:00,3.11,3.12,3.11,3.12,500.0,BTBT
2025-02-06 17:59:00,3.08,3.08,3.08,3.08,1.0,BTBT
2025-02-06 17:58:00,3.11,3.11,3.09,3.09,2.0,BTBT
2025-02-06 17:56:00,3.11,3.11,3.11,3.11,1.0,BTBT
2025-02-06 17:47:00,3.08,3.08,3.08,3.08,5.0,BTBT
2025-02-06 17:46:00,3.08,3.08,3.08,3.08,28.0,BTBT
2025-02-06 17:43:00,3.11,3.11,3.11,3.11,5.0,BTBT
2025-02-06 17:36:00,3.08,3.08,3.08,3.08,5.0,BTBT
2025-02-06 17:35:00,3.1,3.1,3.1,3.1,50.0,BTBT
2025-02-06 17:29:00,3.09,3.11,3.08,3.08,432.0,BTBT
2025-02-06 17:26:00,3.08,3.08,3.08,3.08,300.0,BTBT
2025-02-06 17:22:00,3.12,3.12,3.12,3.12,115.0,BTBT
2025-02-06 17:19:00,3.11,3.11,3.1,3.1,105.0,BTBT
2025-02-06 17:18:00,3.09,3.12,3.09,3.1,646.0,BTBT
2025-02-06 17:15:00,3.0899,3.1,3.0899,3.1,877.0,BTBT
2025-02-06 17:14:00,3.0898,3.0898,3.0898,3.0898,100.0,BTBT
2025-02-06 17:09:00,3.09,3.09,3.09,3.09,5.0,BTBT
2025-02-06 17:08:00,3.08,3.08,3.08,3.08,60.0,BTBT
2025-02-06 17:06:00,3.08,3.08,3.08,3.08,9.0,BTBT
2025-02-06 17:04:00,3.08,3.08,3.08,3.08,1.0,BTBT
2025-02-06 17:03:00,3.0898,3.0898,3.0898,3.0898,15.0,BTBT
2025-02-06 17:02:00,3.09,3.09,3.0897,3.0897,501.0,BTBT
2025-02-06 16:59:00,3.09,3.09,3.09,3.09,52.0,BTBT
2025-02-06 16:58:00,3.09,3.09,3.09,3.09,2.0,BTBT
2025-02-06 16:57:00,3.0898,3.09,3.0898,3.09,2.0,BTBT
2025-02-06 16:53:00,3.08,3.08,3.08,3.08,10.0,BTBT
2025-02-06 16:50:00,3.08,3.08,3.08,3.08,10.0,BTBT
2025-02-06 16:47:00,3.08,3.08,3.08,3.08,10.0,BTBT
2025-02-06 16:46:00,3.08,3.08,3.08,3.08,14.0,BTBT
2025-02-06 16:45:00,3.08,3.08,3.08,3.08,106.0,BTBT
2025-02-06 16:44:00,3.08,3.08,3.08,3.08,10.0,BTBT
2025-02-06 16:43:00,3.08,3.08,3.08,3.08,200.0,BTBT
2025-02-06 16:42:00,3.08,3.08,3.08,3.08,100.0,BTBT
2025-02-06 16:39:00,3.0802,3.09,3.0802,3.09,14.0,BTBT
2025-02-06 16:38:00,3.08,3.08,3.08,3.08,3.0,BTBT
2025-02-06 16:36:00,3.0803,3.0803,3.0803,3.0803,665.0,BTBT
2025-02-06 16:35:00,3.09,3.09,3.0898,3.0898,1670.0,BTBT
2025-02-06 16:32:00,3.0897,3.0897,3.0897,3.0897,50.0,BTBT
2025-02-06 16:31:00,3.08,3.08,3.08,3.08,1000.0,BTBT
2025-02-06 16:29:00,3.09,3.09,3.09,3.09,11.0,BTBT
2025-02-06 16:28:00,3.09,3.09,3.09,3.09,12.0,BTBT
2025-02-06 16:24:00,3.08,3.08,3.08,3.08,35.0,BTBT
2025-02-06 16:23:00,3.0898,3.0898,3.0898,3.0898,10.0,BTBT
2025-02-06 16:22:00,3.09,3.09,3.09,3.09,167.0,BTBT
2025-02-06 16:21:00,3.1,3.1,3.1,3.1,220.0,BTBT
2025-02-06 16:19:00,3.1,3.1,3.1,3.1,1.0,BTBT
2025-02-06 16:18:00,3.11,3.11,3.11,3.11,320.0,BTBT
2025-02-06 16:17:00,3.1091,3.1091,3.1091,3.1091,300.0,BTBT
2025-02-06 16:15:00,3.1,3.1,3.1,3.1,103.0,BTBT
2025-02-06 16:14:00,3.11,3.11,3.1,3.1,263.0,BTBT
2025-02-06 16:13:00,3.11,3.11,3.11,3.11,125.0,BTBT
2025-02-06 16:09:00,3.11,3.11,3.09,3.09,501.0,BTBT
2025-02-06 16:08:00,3.09,3.09,3.09,3.09,10.0,BTBT
2025-02-06 16:07:00,3.1,3.1,3.1,3.1,34.0,BTBT
2025-02-06 16:06:00,3.09,3.09,3.08,3.08,600.0,BTBT
2025-02-06 16:05:00,3.09,3.11,3.08,3.11,2666.0,BTBT
2025-02-06 16:04:00,3.09,3.09,3.09,3.09,10.0,BTBT
2025-02-06 16:03:00,3.09,3.09,3.09,3.09,250.0,BTBT
2025-02-06 16:02:00,3.08,3.09,3.08,3.09,4510.0,BTBT
2025-02-06 16:01:00,3.09,3.09,3.0801,3.09,3624.0,BTBT
2025-02-06 16:00:00,3.08,3.09,3.08,3.09,264153.0,BTBT
2025-02-06 15:59:00,3.085,3.09,3.08,3.08,62942.0,BTBT
2025-02-06 15:58:00,3.09,3.09,3.08,3.085,19209.0,BTBT
2025-02-06 15:57:00,3.09,3.09,3.0839,3.09,19476.0,BTBT
2025-02-06 15:56:00,3.085,3.09,3.0801,3.085,10044.0,BTBT
2025-02-06 15:55:00,3.09,3.09,3.0842,3.085,17658.0,BTBT
2025-02-06 15:54:00,3.08,3.09,3.08,3.085,12029.0,BTBT
2025-02-06 15:53:00,3.08,3.09,3.08,3.08,53911.0,BTBT
2025-02-06 15:52:00,3.09,3.095,3.08,3.085,39034.0,BTBT
2025-02-06 15:51:00,3.095,3.1,3.09,3.09,14927.0,BTBT
2025-02-06 15:50:00,3.095,3.1,3.09,3.0938,11310.0,BTBT
2025-02-06 15:49:00,3.095,3.095,3.095,3.095,1494.0,BTBT
2025-02-06 15:48:00,3.1,3.1,3.09,3.09,2187.0,BTBT
2025-02-06 15:47:00,3.1,3.1,3.092,3.095,5914.0,BTBT
2025-02-06 15:46:00,3.095,3.1,3.09,3.095,2628.0,BTBT
2025-02-06 15:45:00,3.09,3.095,3.08,3.095,16069.0,BTBT
2025-02-06 15:44:00,3.085,3.09,3.08,3.08,27748.0,BTBT
2025-02-06 15:43:00,3.085,3.09,3.08,3.09,3686.0,BTBT
2025-02-06 15:42:00,3.09,3.09,3.0801,3.085,10433.0,BTBT
2025-02-06 15:41:00,3.0818,3.085,3.0801,3.085,3384.0,BTBT
2025-02-06 15:40:00,3.085,3.09,3.085,3.085,12059.0,BTBT
2025-02-06 15:39:00,3.085,3.0875,3.085,3.0875,755.0,BTBT
2025-02-06 15:38:00,3.085,3.09,3.0801,3.09,25735.0,BTBT
2025-02-06 15:37:00,3.075,3.09,3.075,3.0812,51707.0,BTBT
2025-02-06 15:36:00,3.064,3.08,3.064,3.075,16032.0,BTBT
2025-02-06 15:35:00,3.065,3.07,3.0608,3.07,3090.0,BTBT
2025-02-06 15:34:00,3.075,3.075,3.0601,3.0658,24479.0,BTBT
2025-02-06 15:33:00,3.0701,3.08,3.0701,3.08,2203.0,BTBT
2025-02-06 15:32:00,3.075,3.08,3.0712,3.08,3368.0,BTBT
2025-02-06 15:31:00,3.065,3.08,3.065,3.075,93617.0,BTBT
2025-02-06 15:30:00,3.055,3.07,3.055,3.07,39987.0,BTBT
2025-02-06 15:29:00,3.04,3.06,3.04,3.055,30567.0,BTBT
2025-02-06 15:28:00,3.045,3.05,3.04,3.045,5743.0,BTBT
2025-02-06 15:27:00,3.045,3.05,3.04,3.045,6725.0,BTBT
2025-02-06 15:26:00,3.045,3.05,3.04,3.045,12543.0,BTBT
2025-02-06 15:25:00,3.045,3.045,3.04,3.045,4085.0,BTBT
2025-02-06 15:24:00,3.045,3.05,3.045,3.045,1516.0,BTBT
2025-02-06 15:23:00,3.045,3.045,3.04,3.04,26152.0,BTBT
2025-02-06 15:21:00,3.0405,3.0489,3.0405,3.0489,1615.0,BTBT
2025-02-06 15:20:00,3.045,3.05,3.045,3.05,1423.0,BTBT
2025-02-06 15:19:00,3.0449,3.05,3.04,3.04,1581.0,BTBT
2025-02-06 15:18:00,3.0473,3.05,3.045,3.0468,4250.0,BTBT
2025-02-06 15:17:00,3.05,3.055,3.045,3.05,22313.0,BTBT
2025-02-06 15:16:00,3.045,3.055,3.04,3.0538,32120.0,BTBT
2025-02-06 15:15:00,3.045,3.05,3.04,3.05,9734.0,BTBT
2025-02-06 15:14:00,3.045,3.05,3.04,3.045,7420.0,BTBT
2025-02-06 15:13:00,3.045,3.05,3.04,3.045,7137.0,BTBT
2025-02-06 15:12:00,3.045,3.05,3.04,3.05,7226.0,BTBT
2025-02-06 15:11:00,3.045,3.05,3.04,3.05,4052.0,BTBT
2025-02-06 15:10:00,3.045,3.05,3.04,3.05,32827.0,BTBT
2025-02-06 15:09:00,3.045,3.045,3.04,3.045,2606.0,BTBT
2025-02-06 15:08:00,3.045,3.05,3.04,3.045,8309.0,BTBT
2025-02-06 15:07:00,3.0448,3.045,3.04,3.04,8935.0,BTBT
2025-02-06 15:06:00,3.0498,3.0499,3.04,3.04,5068.0,BTBT
2025-02-06 15:05:00,3.045,3.05,3.04,3.05,13561.0,BTBT
2025-02-06 15:04:00,3.045,3.05,3.045,3.0499,4036.0,BTBT
2025-02-06 15:03:00,3.0389,3.0485,3.035,3.045,52701.0,BTBT
2025-02-06 15:02:00,3.04,3.04,3.0336,3.0386,14946.0,BTBT
2025-02-06 15:01:00,3.035,3.04,3.03,3.035,9812.0,BTBT
2025-02-06 15:00:00,3.035,3.0373,3.03,3.03,27822.0,BTBT
2025-02-06 14:59:00,3.0301,3.04,3.0301,3.04,3235.0,BTBT
2025-02-06 14:58:00,3.04,3.04,3.0301,3.035,18358.0,BTBT
2025-02-06 14:57:00,3.04,3.05,3.0336,3.0415,65542.0,BTBT
2025-02-06 14:56:00,3.04,3.045,3.04,3.045,920.0,BTBT
2025-02-06 14:55:00,3.045,3.0497,3.045,3.045,682.0,BTBT
2025-02-06 14:54:00,3.045,3.0474,3.04,3.0474,3242.0,BTBT
2025-02-06 14:53:00,3.0488,3.05,3.045,3.045,2193.0,BTBT
2025-02-06 14:52:00,3.045,3.0476,3.04,3.0476,11724.0,BTBT
2025-02-06 14:51:00,3.05,3.05,3.05,3.05,236.0,BTBT
2025-02-06 14:50:00,3.045,3.06,3.04,3.045,41191.0,BTBT
2025-02-06 14:49:00,3.04,3.045,3.04,3.04,2316.0,BTBT
2025-02-06 14:48:00,3.045,3.05,3.04,3.04,10837.0,BTBT
2025-02-06 14:47:00,3.045,3.05,3.04,3.0499,29790.0,BTBT
2025-02-06 14:46:00,3.04,3.0489,3.04,3.045,1504.0,BTBT
2025-02-06 14:45:00,3.045,3.045,3.04,3.04,1051.0,BTBT
2025-02-06 14:44:00,3.0499,3.05,3.045,3.045,2545.0,BTBT
2025-02-06 14:43:00,3.0475,3.05,3.04,3.05,7723.0,BTBT
2025-02-06 14:42:00,3.0448,3.05,3.0421,3.05,5901.0,BTBT
2025-02-06 14:41:00,3.055,3.06,3.05,3.05,9628.0,BTBT
2025-02-06 14:40:00,3.055,3.06,3.0501,3.055,1730.0,BTBT
2025-02-06 14:39:00,3.0508,3.0548,3.0501,3.0548,4054.0,BTBT
2025-02-06 14:38:00,3.0574,3.06,3.055,3.055,2305.0,BTBT
2025-02-06 14:37:00,3.055,3.0599,3.055,3.0551,1621.0,BTBT
2025-02-06 14:36:00,3.05,3.0578,3.0418,3.0545,13353.0,BTBT
2025-02-06 14:35:00,3.045,3.05,3.045,3.0487,10262.0,BTBT
2025-02-06 14:34:00,3.04,3.05,3.0384,3.04,17256.0,BTBT
2025-02-06 14:33:00,3.05,3.05,3.035,3.035,51399.0,BTBT
2025-02-06 14:32:00,3.0542,3.06,3.05,3.055,3526.0,BTBT
2025-02-06 14:31:00,3.0593,3.06,3.05,3.05,33768.0,BTBT
2025-02-06 14:30:00,3.06,3.0699,3.05,3.055,22362.0,BTBT
2025-02-06 14:29:00,3.06,3.07,3.06,3.07,17060.0,BTBT
2025-02-06 14:28:00,3.0629,3.07,3.06,3.06,13998.0,BTBT
2025-02-06 14:27:00,3.075,3.08,3.06,3.065,13713.0,BTBT
2025-02-06 14:26:00,3.085,3.09,3.07,3.079,42950.0,BTBT
2025-02-06 14:25:00,3.085,3.09,3.08,3.085,1746.0,BTBT
2025-02-06 14:24:00,3.09,3.09,3.0868,3.0868,1457.0,BTBT
2025-02-06 14:23:00,3.08,3.09,3.08,3.0882,2257.0,BTBT
2025-02-06 14:22:00,3.085,3.0884,3.085,3.085,5074.0,BTBT
2025-02-06 14:21:00,3.089,3.0897,3.08,3.08,3410.0,BTBT
2025-02-06 14:20:00,3.085,3.09,3.085,3.09,4187.0,BTBT
2025-02-06 14:19:00,3.0899,3.0899,3.0899,3.0899,39281.0,BTBT
2025-02-06 14:18:00,3.09,3.09,3.085,3.085,85169.0,BTBT
2025-02-06 14:17:00,3.11,3.11,3.0965,3.0965,61913.0,BTBT
2025-02-06 14:16:00,3.1,3.1099,3.095,3.1099,50508.0,BTBT
2025-02-06 14:15:00,3.095,3.095,3.0901,3.0901,1316.0,BTBT
2025-02-06 14:14:00,3.095,3.1,3.095,3.1,772.0,BTBT
2025-02-06 14:13:00,3.0975,3.1,3.095,3.098,7029.0,BTBT
2025-02-06 14:12:00,3.0994,3.105,3.0941,3.0941,54524.0,BTBT
2025-02-06 14:11:00,3.095,3.1,3.09,3.0997,18144.0,BTBT
2025-02-06 14:10:00,3.09,3.0999,3.09,3.09,7907.0,BTBT
2025-02-06 14:09:00,3.09,3.095,3.09,3.09,5533.0,BTBT
2025-02-06 14:08:00,3.095,3.1,3.09,3.09,787.0,BTBT
2025-02-06 14:07:00,3.1,3.1,3.09,3.09,1003.0,BTBT
2025-02-06 14:06:00,3.09,3.095,3.09,3.09,1683.0,BTBT
2025-02-06 14:05:00,3.0947,3.1,3.09,3.095,7955.0,BTBT
2025-02-06 14:04:00,3.095,3.1,3.09,3.095,10524.0,BTBT
2025-02-06 14:03:00,3.0914,3.1,3.09,3.095,97464.0,BTBT
2025-02-06 14:02:00,3.095,3.1,3.09,3.09,454.0,BTBT
2025-02-06 14:01:00,3.095,3.1,3.09,3.0936,24504.0,BTBT
2025-02-06 14:00:00,3.0997,3.1,3.09,3.095,8844.0,BTBT
2025-02-06 13:59:00,3.0948,3.1,3.09,3.0985,7163.0,BTBT
2025-02-06 13:58:00,3.095,3.1,3.09,3.09,13150.0,BTBT
2025-02-06 13:57:00,3.095,3.0972,3.092,3.0944,2798.0,BTBT
2025-02-06 13:56:00,3.11,3.11,3.095,3.095,40563.0,BTBT
2025-02-06 13:55:00,3.105,3.105,3.1,3.1,331.0,BTBT
2025-02-06 13:54:00,3.105,3.105,3.1032,3.105,989.0,BTBT
2025-02-06 13:53:00,3.105,3.11,3.105,3.11,437.0,BTBT
2025-02-06 13:52:00,3.1001,3.1087,3.1001,3.1076,4681.0,BTBT
2025-02-06 13:51:00,3.1089,3.1095,3.1076,3.1095,3727.0,BTBT
2025-02-06 13:50:00,3.115,3.12,3.105,3.105,21653.0,BTBT
2025-02-06 13:49:00,3.105,3.1199,3.105,3.115,23492.0,BTBT
2025-02-06 13:48:00,3.1018,3.1095,3.1,3.1,5295.0,BTBT
2025-02-06 13:47:00,3.1001,3.11,3.1001,3.105,4571.0,BTBT
2025-02-06 13:46:00,3.1,3.105,3.1,3.105,30825.0,BTBT
2025-02-06 13:45:00,3.1,3.105,3.1,3.105,15819.0,BTBT
2025-02-06 13:44:00,3.1152,3.1152,3.1,3.1,15151.0,BTBT
2025-02-06 13:43:00,3.105,3.12,3.1001,3.12,47289.0,BTBT
2025-02-06 13:42:00,3.1,3.105,3.095,3.105,18717.0,BTBT
2025-02-06 13:41:00,3.1,3.1,3.095,3.0997,4167.0,BTBT
2025-02-06 13:40:00,3.095,3.1,3.09,3.09,17487.0,BTBT
2025-02-06 13:39:00,3.095,3.1,3.095,3.095,13692.0,BTBT
2025-02-06 13:38:00,3.1,3.1,3.09,3.095,10246.0,BTBT
2025-02-06 13:37:00,3.0943,3.0999,3.09,3.095,8426.0,BTBT
2025-02-06 13:36:00,3.1,3.1,3.09,3.095,19779.0,BTBT
2025-02-06 13:35:00,3.095,3.1,3.09,3.09,18790.0,BTBT
2025-02-06 13:34:00,3.098,3.1,3.09,3.09,7943.0,BTBT
2025-02-06 13:33:00,3.09,3.1,3.09,3.095,8847.0,BTBT
2025-02-06 13:32:00,3.095,3.1,3.09,3.095,1498.0,BTBT
2025-02-06 13:31:00,3.09,3.095,3.09,3.09,12046.0,BTBT
2025-02-06 13:30:00,3.095,3.095,3.0902,3.095,2144.0,BTBT
2025-02-06 13:29:00,3.1,3.1,3.095,3.095,456.0,BTBT
2025-02-06 13:28:00,3.0976,3.0999,3.0976,3.0999,3568.0,BTBT
2025-02-06 13:27:00,3.1,3.1,3.095,3.095,12354.0,BTBT
2025-02-06 13:26:00,3.11,3.1101,3.1,3.11,9575.0,BTBT
2025-02-06 13:25:00,3.1178,3.1178,3.11,3.11,2743.0,BTBT
2025-02-06 13:24:00,3.115,3.12,3.1101,3.115,10011.0,BTBT
2025-02-06 13:23:00,3.11,3.12,3.11,3.1117,12844.0,BTBT
2025-02-06 13:22:00,3.115,3.12,3.105,3.11,20148.0,BTBT
2025-02-06 13:21:00,3.115,3.115,3.11,3.11,4990.0,BTBT
2025-02-06 13:20:00,3.115,3.115,3.115,3.115,1751.0,BTBT
2025-02-06 13:19:00,3.1195,3.12,3.1101,3.115,10028.0,BTBT
2025-02-06 13:18:00,3.115,3.12,3.1101,3.1101,51528.0,BTBT
2025-02-06 13:17:00,3.11,3.12,3.11,3.12,2549.0,BTBT
2025-02-06 13:16:00,3.12,3.12,3.12,3.12,418.0,BTBT
2025-02-06 13:15:00,3.115,3.12,3.115,3.115,1216.0,BTBT
2025-02-06 13:14:00,3.12,3.12,3.115,3.1153,4477.0,BTBT
2025-02-06 13:13:00,3.115,3.12,3.11,3.12,16749.0,BTBT
2025-02-06 13:12:00,3.115,3.12,3.1141,3.115,22251.0,BTBT
2025-02-06 13:11:00,3.12,3.125,3.115,3.115,13292.0,BTBT
2025-02-06 13:10:00,3.125,3.13,3.1201,3.13,9330.0,BTBT
2025-02-06 13:09:00,3.1201,3.13,3.1201,3.1273,10242.0,BTBT
2025-02-06 13:08:00,3.1294,3.13,3.12,3.12,19094.0,BTBT
2025-02-06 13:07:00,3.125,3.13,3.125,3.125,15250.0,BTBT
2025-02-06 13:06:00,3.135,3.14,3.1201,3.1297,20102.0,BTBT
2025-02-06 13:05:00,3.135,3.14,3.1349,3.1349,2724.0,BTBT
2025-02-06 13:04:00,3.1301,3.135,3.1301,3.1301,4834.0,BTBT
2025-02-06 13:03:00,3.1352,3.14,3.125,3.1301,35872.0,BTBT
2025-02-06 13:02:00,3.13,3.14,3.125,3.14,41878.0,BTBT
2025-02-06 13:01:00,3.1399,3.14,3.125,3.125,12735.0,BTBT
2025-02-06 13:00:00,3.125,3.14,3.1233,3.1301,40247.0,BTBT
2025-02-06 12:59:00,3.1384,3.1384,3.125,3.125,4069.0,BTBT
2025-02-06 12:58:00,3.13,3.13,3.13,3.13,309.0,BTBT
2025-02-06 12:57:00,3.13,3.1392,3.13,3.1392,5128.0,BTBT
2025-02-06 12:56:00,3.1377,3.14,3.1335,3.1352,1701.0,BTBT
2025-02-06 12:55:00,3.14,3.145,3.13,3.135,43999.0,BTBT
2025-02-06 12:54:00,3.145,3.15,3.1401,3.15,13463.0,BTBT
2025-02-06 12:53:00,3.1549,3.1549,3.1436,3.1436,12316.0,BTBT
2025-02-06 12:52:00,3.1507,3.16,3.1507,3.16,2263.0,BTBT
2025-02-06 12:51:00,3.165,3.165,3.1527,3.1527,13698.0,BTBT
2025-02-06 12:50:00,3.15,3.1691,3.15,3.1679,22121.0,BTBT
2025-02-06 12:49:00,3.155,3.16,3.155,3.155,559.0,BTBT
2025-02-06 12:48:00,3.16,3.16,3.15,3.155,853.0,BTBT
2025-02-06 12:47:00,3.15,3.155,3.15,3.155,270.0,BTBT
2025-02-06 12:46:00,3.155,3.16,3.1512,3.155,2071.0,BTBT
2025-02-06 12:45:00,3.155,3.155,3.155,3.155,876.0,BTBT
2025-02-06 12:44:00,3.155,3.16,3.155,3.16,3780.0,BTBT
2025-02-06 12:43:00,3.1501,3.155,3.1501,3.155,2968.0,BTBT
2025-02-06 12:42:00,3.155,3.1596,3.155,3.155,5115.0,BTBT
2025-02-06 12:41:00,3.16,3.16,3.1501,3.1511,17870.0,BTBT
2025-02-06 12:40:00,3.165,3.165,3.165,3.165,1054.0,BTBT
2025-02-06 12:39:00,3.1703,3.1752,3.16,3.17,24413.0,BTBT
2025-02-06 12:38:00,3.165,3.17,3.1601,3.17,11311.0,BTBT
2025-02-06 12:37:00,3.18,3.18,3.165,3.17,35542.0,BTBT
2025-02-06 12:36:00,3.1705,3.18,3.165,3.17,38291.0,BTBT
2025-02-06 12:35:00,3.17,3.18,3.17,3.1735,29036.0,BTBT
2025-02-06 12:34:00,3.17,3.17,3.165,3.165,3876.0,BTBT
2025-02-06 12:33:00,3.17,3.17,3.165,3.17,8771.0,BTBT
2025-02-06 12:32:00,3.165,3.17,3.165,3.17,5382.0,BTBT
2025-02-06 12:31:00,3.16,3.17,3.16,3.1687,19746.0,BTBT
2025-02-06 12:30:00,3.165,3.17,3.165,3.165,2428.0,BTBT
2025-02-06 12:29:00,3.16,3.17,3.16,3.1644,4327.0,BTBT
2025-02-06 12:28:00,3.1699,3.17,3.155,3.165,17123.0,BTBT
2025-02-06 12:27:00,3.1601,3.1652,3.155,3.1651,46326.0,BTBT
2025-02-06 12:26:00,3.17,3.17,3.1606,3.1606,10477.0,BTBT
2025-02-06 12:25:00,3.1699,3.17,3.165,3.17,834.0,BTBT
2025-02-06 12:24:00,3.1679,3.17,3.1601,3.1601,3123.0,BTBT
2025-02-06 12:23:00,3.165,3.165,3.162,3.165,1153.0,BTBT
2025-02-06 12:22:00,3.16,3.17,3.16,3.165,13210.0,BTBT
2025-02-06 12:21:00,3.1589,3.16,3.1536,3.155,4441.0,BTBT
2025-02-06 12:20:00,3.1525,3.16,3.15,3.1508,16414.0,BTBT
2025-02-06 12:19:00,3.1599,3.16,3.15,3.155,21408.0,BTBT
2025-02-06 12:18:00,3.15,3.155,3.15,3.155,3459.0,BTBT
2025-02-06 12:17:00,3.1548,3.16,3.15,3.16,14212.0,BTBT
2025-02-06 12:16:00,3.155,3.165,3.1511,3.1592,16960.0,BTBT
2025-02-06 12:15:00,3.16,3.16,3.155,3.1591,8823.0,BTBT
2025-02-06 12:14:00,3.17,3.17,3.1501,3.1603,19364.0,BTBT
2025-02-06 12:13:00,3.165,3.17,3.1611,3.163,2780.0,BTBT
2025-02-06 12:12:00,3.155,3.1699,3.1548,3.1683,24777.0,BTBT
2025-02-06 12:11:00,3.155,3.16,3.15,3.1501,51750.0,BTBT
2025-02-06 12:10:00,3.16,3.16,3.1501,3.155,6911.0,BTBT
2025-02-06 12:09:00,3.1652,3.17,3.16,3.165,45615.0,BTBT
2025-02-06 12:08:00,3.155,3.17,3.155,3.1606,27957.0,BTBT
2025-02-06 12:07:00,3.155,3.16,3.1548,3.155,1244.0,BTBT
2025-02-06 12:06:00,3.1552,3.1552,3.15,3.155,2538.0,BTBT
2025-02-06 12:05:00,3.145,3.155,3.1401,3.155,29251.0,BTBT
2025-02-06 12:04:00,3.1452,3.15,3.1401,3.1499,6313.0,BTBT
2025-02-06 12:03:00,3.135,3.1499,3.1327,3.145,34857.0,BTBT
2025-02-06 12:02:00,3.13,3.1393,3.13,3.1384,33641.0,BTBT
2025-02-06 12:01:00,3.115,3.13,3.115,3.1248,56097.0,BTBT
2025-02-06 12:00:00,3.1248,3.1271,3.115,3.115,111611.0,BTBT
2025-02-06 11:59:00,3.13,3.13,3.12,3.1293,45423.0,BTBT
2025-02-06 11:58:00,3.149,3.149,3.13,3.1303,25007.0,BTBT
2025-02-06 11:57:00,3.1406,3.1442,3.1406,3.1442,1103.0,BTBT
2025-02-06 11:56:00,3.1599,3.1599,3.145,3.145,22801.0,BTBT
2025-02-06 11:55:00,3.155,3.16,3.155,3.155,1655.0,BTBT
2025-02-06 11:54:00,3.1526,3.155,3.1526,3.155,521.0,BTBT
2025-02-06 11:53:00,3.155,3.1552,3.155,3.1552,2489.0,BTBT
2025-02-06 11:52:00,3.155,3.16,3.155,3.16,1280.0,BTBT
2025-02-06 11:51:00,3.15,3.1583,3.15,3.1502,2086.0,BTBT
2025-02-06 11:50:00,3.1499,3.155,3.145,3.155,15189.0,BTBT
2025-02-06 11:49:00,3.15,3.16,3.1401,3.1401,19464.0,BTBT
2025-02-06 11:48:00,3.15,3.155,3.15,3.1501,9008.0,BTBT
2025-02-06 11:47:00,3.145,3.15,3.14,3.15,14538.0,BTBT
2025-02-06 11:46:00,3.14,3.15,3.14,3.1473,16063.0,BTBT
2025-02-06 11:45:00,3.13,3.14,3.13,3.1396,16547.0,BTBT
2025-02-06 11:44:00,3.135,3.14,3.13,3.13,24774.0,BTBT
2025-02-06 11:43:00,3.145,3.145,3.1301,3.135,10741.0,BTBT
2025-02-06 11:42:00,3.1499,3.15,3.1401,3.1406,22293.0,BTBT
2025-02-06 11:41:00,3.17,3.17,3.1415,3.1499,17598.0,BTBT
2025-02-06 11:40:00,3.15,3.17,3.1499,3.16,43668.0,BTBT
2025-02-06 11:39:00,3.145,3.15,3.145,3.1499,7715.0,BTBT
2025-02-06 11:38:00,3.15,3.15,3.1401,3.145,9333.0,BTBT
2025-02-06 11:37:00,3.16,3.16,3.1401,3.1495,50904.0,BTBT
2025-02-06 11:36:00,3.155,3.1552,3.14,3.1518,79150.0,BTBT
2025-02-06 11:35:00,3.1599,3.1599,3.1501,3.1501,47083.0,BTBT
2025-02-06 11:34:00,3.16,3.17,3.1513,3.16,77047.0,BTBT
2025-02-06 11:33:00,3.1448,3.16,3.1448,3.155,57704.0,BTBT
2025-02-06 11:32:00,3.1509,3.16,3.145,3.1497,70437.0,BTBT
2025-02-06 11:31:00,3.1497,3.1552,3.1448,3.155,82266.0,BTBT
2025-02-06 11:30:00,3.1606,3.165,3.1452,3.1505,52962.0,BTBT
2025-02-06 11:29:00,3.165,3.1703,3.16,3.165,61771.0,BTBT
2025-02-06 11:28:00,3.175,3.18,3.1601,3.1683,35303.0,BTBT
2025-02-06 11:27:00,3.17,3.18,3.165,3.175,20634.0,BTBT
2025-02-06 11:26:00,3.165,3.1788,3.1601,3.1689,44548.0,BTBT
2025-02-06 11:25:00,3.1599,3.17,3.1501,3.17,66100.0,BTBT
2025-02-06 11:24:00,3.1604,3.1604,3.1501,3.1597,42466.0,BTBT
2025-02-06 11:23:00,3.1548,3.1699,3.1548,3.1652,63583.0,BTBT
2025-02-06 11:22:00,3.16,3.16,3.15,3.155,37424.0,BTBT
2025-02-06 11:21:00,3.155,3.16,3.15,3.155,5934.0,BTBT
2025-02-06 11:20:00,3.1501,3.1577,3.1501,3.155,10045.0,BTBT
2025-02-06 11:19:00,3.17,3.18,3.1548,3.155,65699.0,BTBT
2025-02-06 11:18:00,3.165,3.17,3.16,3.17,22073.0,BTBT
2025-02-06 11:17:00,3.17,3.17,3.1608,3.165,8301.0,BTBT
2025-02-06 11:16:00,3.16,3.17,3.16,3.165,865.0,BTBT
2025-02-06 11:15:00,3.165,3.17,3.16,3.165,7257.0,BTBT
2025-02-06 11:14:00,3.165,3.1683,3.16,3.165,41103.0,BTBT
2025-02-06 11:13:00,3.17,3.17,3.16,3.1656,10048.0,BTBT
2025-02-06 11:12:00,3.1707,3.175,3.1636,3.165,21999.0,BTBT
2025-02-06 11:11:00,3.175,3.18,3.1748,3.175,11219.0,BTBT
2025-02-06 11:10:00,3.1799,3.18,3.17,3.175,2365.0,BTBT
2025-02-06 11:09:00,3.175,3.18,3.17,3.17,29208.0,BTBT
2025-02-06 11:08:00,3.1799,3.18,3.17,3.1701,6067.0,BTBT
2025-02-06 11:07:00,3.19,3.1901,3.17,3.17,21036.0,BTBT
2025-02-06 11:06:00,3.185,3.1989,3.1809,3.195,30602.0,BTBT
2025-02-06 11:05:00,3.195,3.1952,3.18,3.185,34192.0,BTBT
2025-02-06 11:04:00,3.19,3.1952,3.1801,3.195,64209.0,BTBT
2025-02-06 11:03:00,3.1981,3.1997,3.1801,3.19,77927.0,BTBT
2025-02-06 11:02:00,3.19,3.21,3.19,3.195,107663.0,BTBT
2025-02-06 11:01:00,3.185,3.19,3.1807,3.19,7283.0,BTBT
2025-02-06 11:00:00,3.17,3.19,3.17,3.19,110418.0,BTBT
2025-02-06 10:59:00,3.18,3.18,3.1701,3.18,50209.0,BTBT
2025-02-06 10:58:00,3.19,3.19,3.1701,3.18,86904.0,BTBT
2025-02-06 10:57:00,3.18,3.19,3.1709,3.19,68762.0,BTBT
2025-02-06 10:56:00,3.185,3.19,3.18,3.1804,49147.0,BTBT
2025-02-06 10:55:00,3.185,3.1899,3.175,3.185,38905.0,BTBT
2025-02-06 10:54:00,3.18,3.19,3.175,3.1852,12156.0,BTBT
2025-02-06 10:53:00,3.19,3.19,3.17,3.17,28345.0,BTBT
2025-02-06 10:52:00,3.1801,3.2,3.18,3.195,104726.0,BTBT
2025-02-06 10:51:00,3.1599,3.185,3.155,3.185,80676.0,BTBT
2025-02-06 10:50:00,3.14,3.155,3.14,3.155,98894.0,BTBT
2025-02-06 10:49:00,3.12,3.145,3.12,3.145,93409.0,BTBT
2025-02-06 10:48:00,3.11,3.13,3.1096,3.1246,145902.0,BTBT
2025-02-06 10:47:00,3.1,3.12,3.095,3.1101,174184.0,BTBT
2025-02-06 10:46:00,3.085,3.0999,3.08,3.095,53187.0,BTBT
2025-02-06 10:45:00,3.0801,3.09,3.08,3.085,11906.0,BTBT
2025-02-06 10:44:00,3.0899,3.0999,3.08,3.09,101215.0,BTBT
2025-02-06 10:43:00,3.105,3.105,3.085,3.085,63449.0,BTBT
2025-02-06 10:42:00,3.1094,3.11,3.1,3.1097,67350.0,BTBT
2025-02-06 10:41:00,3.09,3.1099,3.09,3.1001,208861.0,BTBT
2025-02-06 10:40:00,3.0997,3.1093,3.09,3.095,116411.0,BTBT
2025-02-06 10:39:00,3.1252,3.1252,3.0901,3.095,176188.0,BTBT
2025-02-06 10:38:00,3.145,3.15,3.12,3.121,353894.0,BTBT
2025-02-06 10:37:00,3.15,3.1579,3.14,3.15,116521.0,BTBT
2025-02-06 10:36:00,3.155,3.18,3.1548,3.1596,172403.0,BTBT
2025-02-06 10:35:00,3.13,3.16,3.13,3.155,121347.0,BTBT
2025-02-06 10:34:00,3.115,3.13,3.11,3.125,146075.0,BTBT
2025-02-06 10:33:00,3.1001,3.1175,3.0901,3.115,131931.0,BTBT
2025-02-06 10:32:00,3.1101,3.115,3.09,3.105,269221.0,BTBT
2025-02-06 10:31:00,3.1195,3.12,3.105,3.1107,161663.0,BTBT
2025-02-06 10:30:00,3.125,3.13,3.11,3.115,94466.0,BTBT
2025-02-06 10:29:00,3.135,3.135,3.125,3.13,22717.0,BTBT
2025-02-06 10:28:00,3.125,3.1399,3.125,3.135,39514.0,BTBT
2025-02-06 10:27:00,3.1199,3.13,3.115,3.13,82225.0,BTBT
2025-02-06 10:26:00,3.1249,3.13,3.115,3.115,42105.0,BTBT
2025-02-06 10:25:00,3.135,3.135,3.12,3.1299,54550.0,BTBT
2025-02-06 10:24:00,3.14,3.15,3.12,3.14,88972.0,BTBT
2025-02-06 10:23:00,3.125,3.14,3.12,3.1399,53967.0,BTBT
2025-02-06 10:22:00,3.11,3.12,3.11,3.12,21652.0,BTBT
2025-02-06 10:21:00,3.12,3.12,3.11,3.12,23143.0,BTBT
2025-02-06 10:20:00,3.125,3.13,3.1,3.1151,106830.0,BTBT
2025-02-06 10:19:00,3.13,3.13,3.12,3.1201,167383.0,BTBT
2025-02-06 10:18:00,3.115,3.13,3.115,3.1201,222308.0,BTBT
2025-02-06 10:17:00,3.115,3.13,3.11,3.115,51264.0,BTBT
2025-02-06 10:16:00,3.125,3.13,3.11,3.115,44450.0,BTBT
2025-02-06 10:15:00,3.13,3.14,3.12,3.125,134563.0,BTBT
2025-02-06 10:14:00,3.12,3.136,3.115,3.1299,123257.0,BTBT
2025-02-06 10:13:00,3.115,3.12,3.115,3.115,38379.0,BTBT
2025-02-06 10:12:00,3.102,3.12,3.1,3.11,36237.0,BTBT
2025-02-06 10:11:00,3.105,3.1099,3.1,3.105,10001.0,BTBT
2025-02-06 10:10:00,3.11,3.11,3.1,3.1089,22819.0,BTBT
2025-02-06 10:09:00,3.11,3.12,3.105,3.1152,51392.0,BTBT
2025-02-06 10:08:00,3.1101,3.12,3.11,3.115,19964.0,BTBT
2025-02-06 10:07:00,3.11,3.12,3.1048,3.115,25445.0,BTBT
2025-02-06 10:06:00,3.11,3.12,3.1099,3.11,33779.0,BTBT
2025-02-06 10:05:00,3.105,3.1099,3.1,3.105,9605.0,BTBT
2025-02-06 10:04:00,3.105,3.11,3.1,3.1096,14121.0,BTBT
2025-02-06 10:03:00,3.11,3.115,3.1,3.1055,51172.0,BTBT
2025-02-06 10:02:00,3.12,3.12,3.1101,3.1195,25304.0,BTBT
2025-02-06 10:01:00,3.115,3.12,3.11,3.115,19262.0,BTBT
2025-02-06 10:00:00,3.1069,3.12,3.1069,3.115,86952.0,BTBT
2025-02-06 09:59:00,3.11,3.11,3.1,3.105,17643.0,BTBT
2025-02-06 09:58:00,3.12,3.125,3.105,3.1099,55519.0,BTBT
2025-02-06 09:57:00,3.1293,3.13,3.12,3.12,5351.0,BTBT
2025-02-06 09:56:00,3.12,3.13,3.12,3.129,27984.0,BTBT
2025-02-06 09:55:00,3.11,3.12,3.105,3.115,14966.0,BTBT
2025-02-06 09:54:00,3.125,3.13,3.11,3.12,3444.0,BTBT
2025-02-06 09:53:00,3.14,3.145,3.13,3.135,13354.0,BTBT
2025-02-06 09:52:00,3.1499,3.16,3.14,3.1401,73014.0,BTBT
2025-02-06 09:51:00,3.1649,3.165,3.15,3.15,33198.0,BTBT
2025-02-06 09:50:00,3.175,3.175,3.15,3.16,28769.0,BTBT
2025-02-06 09:49:00,3.17,3.1878,3.17,3.175,24435.0,BTBT
2025-02-06 09:48:00,3.185,3.1952,3.1696,3.1696,69034.0,BTBT
2025-02-06 09:47:00,3.185,3.2,3.1848,3.185,27578.0,BTBT
2025-02-06 09:46:00,3.155,3.19,3.155,3.185,96757.0,BTBT
2025-02-06 09:45:00,3.13,3.16,3.13,3.155,40522.0,BTBT
2025-02-06 09:44:00,3.105,3.14,3.105,3.125,62010.0,BTBT
2025-02-06 09:43:00,3.11,3.12,3.1,3.11,89918.0,BTBT
2025-02-06 09:42:00,3.1399,3.1399,3.11,3.1129,92851.0,BTBT
2025-02-06 09:41:00,3.1795,3.1795,3.13,3.14,98200.0,BTBT
2025-02-06 09:40:00,3.2192,3.2192,3.18,3.18,78145.0,BTBT
2025-02-06 09:39:00,3.2312,3.24,3.21,3.2288,79233.0,BTBT
2025-02-06 09:38:00,3.2508,3.251,3.2214,3.2303,84492.0,BTBT
2025-02-06 09:37:00,3.26,3.27,3.25,3.255,129288.0,BTBT
2025-02-06 09:36:00,3.23,3.26,3.225,3.26,169574.0,BTBT
2025-02-06 09:35:00,3.205,3.23,3.205,3.225,86997.0,BTBT
2025-02-06 09:34:00,3.2,3.21,3.191,3.205,107828.0,BTBT
2025-02-06 09:33:00,3.21,3.24,3.21,3.21,141716.0,BTBT
2025-02-06 09:32:00,3.2,3.21,3.19,3.2052,124852.0,BTBT
2025-02-06 09:31:00,3.17,3.21,3.17,3.2,122805.0,BTBT
2025-02-06 09:30:00,3.13,3.175,3.13,3.175,156502.0,BTBT
2025-02-06 09:28:00,3.13,3.1301,3.13,3.13,648.0,BTBT
2025-02-06 09:27:00,3.13,3.13,3.13,3.13,40.0,BTBT
2025-02-06 09:25:00,3.135,3.14,3.13,3.1301,523.0,BTBT
2025-02-06 09:22:00,3.14,3.14,3.13,3.13,213.0,BTBT
2025-02-06 09:21:00,3.1398,3.1398,3.1398,3.1398,104.0,BTBT
2025-02-06 09:20:00,3.1302,3.1397,3.1302,3.1397,1004.0,BTBT
2025-02-06 09:19:00,3.1302,3.1302,3.1302,3.1302,2000.0,BTBT
2025-02-06 09:17:00,3.1302,3.1302,3.13,3.13,25.0,BTBT
2025-02-06 09:15:00,3.1399,3.1399,3.1399,3.1399,200.0,BTBT
2025-02-06 09:13:00,3.14,3.14,3.14,3.14,200.0,BTBT
2025-02-06 09:12:00,3.13,3.14,3.13,3.14,101.0,BTBT
2025-02-06 09:09:00,3.14,3.14,3.14,3.14,1500.0,BTBT
2025-02-06 09:08:00,3.13,3.13,3.13,3.13,200.0,BTBT
2025-02-06 09:07:00,3.13,3.13,3.13,3.13,200.0,BTBT
2025-02-06 09:05:00,3.13,3.13,3.13,3.13,30.0,BTBT
2025-02-06 09:04:00,3.14,3.14,3.13,3.13,110.0,BTBT
2025-02-06 09:03:00,3.1397,3.1399,3.1397,3.1399,1000.0,BTBT
2025-02-06 09:02:00,3.14,3.14,3.14,3.14,103.0,BTBT
2025-02-06 09:01:00,3.13,3.13,3.13,3.13,2123.0,BTBT
2025-02-06 09:00:00,3.1302,3.1302,3.1302,3.1302,2000.0,BTBT
2025-02-06 08:58:00,3.14,3.14,3.14,3.14,5.0,BTBT
2025-02-06 08:57:00,3.1399,3.1399,3.1399,3.1399,1.0,BTBT
2025-02-06 08:52:00,3.1397,3.1397,3.1397,3.1397,10.0,BTBT
2025-02-06 08:49:00,3.13,3.1302,3.13,3.1301,16.0,BTBT
2025-02-06 08:48:00,3.14,3.14,3.14,3.14,33.0,BTBT
2025-02-06 08:47:00,3.14,3.14,3.14,3.14,15.0,BTBT
2025-02-06 08:45:00,3.14,3.14,3.14,3.14,25.0,BTBT
2025-02-06 08:44:00,3.1399,3.1399,3.1399,3.1399,100.0,BTBT
2025-02-06 08:43:00,3.14,3.14,3.13,3.13,340.0,BTBT
2025-02-06 08:42:00,3.14,3.14,3.14,3.14,1.0,BTBT
2025-02-06 08:41:00,3.14,3.14,3.14,3.14,3.0,BTBT
2025-02-06 08:39:00,3.14,3.14,3.14,3.14,100.0,BTBT
2025-02-06 08:37:00,3.1399,3.1399,3.1399,3.1399,100.0,BTBT
2025-02-06 08:36:00,3.12,3.13,3.12,3.13,3519.0,BTBT
2025-02-06 08:33:00,3.13,3.13,3.13,3.13,99.0,BTBT
2025-02-06 08:30:00,3.12,3.12,3.12,3.12,123.0,BTBT
2025-02-06 08:29:00,3.13,3.13,3.13,3.13,1000.0,BTBT
2025-02-06 08:27:00,3.13,3.13,3.13,3.13,1.0,BTBT
2025-02-06 08:25:00,3.13,3.13,3.13,3.13,100.0,BTBT
2025-02-06 08:24:00,3.11,3.1102,3.11,3.1102,605.0,BTBT
2025-02-06 08:21:00,3.12,3.12,3.11,3.11,2087.0,BTBT
2025-02-06 08:20:00,3.12,3.12,3.12,3.12,662.0,BTBT
2025-02-06 08:19:00,3.13,3.13,3.13,3.13,1.0,BTBT
2025-02-06 08:17:00,3.13,3.13,3.1298,3.1298,60.0,BTBT
2025-02-06 08:13:00,3.1299,3.1299,3.1299,3.1299,400.0,BTBT
2025-02-06 08:12:00,3.1199,3.125,3.1199,3.125,1309.0,BTBT
2025-02-06 08:07:00,3.11,3.11,3.11,3.11,1.0,BTBT
2025-02-06 08:06:00,3.12,3.12,3.12,3.12,104.0,BTBT
2025-02-06 08:05:00,3.1199,3.1199,3.1198,3.1198,4.0,BTBT
2025-02-06 08:04:00,3.1199,3.12,3.11,3.12,1011.0,BTBT
2025-02-06 08:03:00,3.12,3.12,3.12,3.12,3.0,BTBT
2025-02-06 08:01:00,3.12,3.2,3.12,3.2,29.0,BTBT
2025-02-06 08:00:00,3.15,3.1702,3.11,3.12,12255.0,BTBT
2025-02-06 07:57:00,3.12,3.12,3.12,3.12,50.0,BTBT
2025-02-06 07:46:00,3.11,3.11,3.11,3.11,2.0,BTBT
2025-02-06 07:41:00,3.12,3.12,3.12,3.12,1399.0,BTBT
2025-02-06 07:36:00,3.13,3.13,3.13,3.13,501.0,BTBT
2025-02-06 07:34:00,3.13,3.13,3.125,3.13,2243.0,BTBT
2025-02-06 07:33:00,3.13,3.13,3.13,3.13,1.0,BTBT
2025-02-06 07:32:00,3.13,3.13,3.13,3.13,2.0,BTBT
2025-02-06 07:28:00,3.12,3.12,3.12,3.12,349.0,BTBT
2025-02-06 07:27:00,3.13,3.13,3.12,3.12,840.0,BTBT
2025-02-06 07:26:00,3.14,3.14,3.14,3.14,1083.0,BTBT
2025-02-06 07:22:00,3.145,3.145,3.145,3.145,2.0,BTBT
2025-02-06 07:18:00,3.14,3.14,3.14,3.14,500.0,BTBT
2025-02-06 07:13:00,3.14,3.14,3.14,3.14,347.0,BTBT
2025-02-06 07:12:00,3.145,3.145,3.145,3.145,50.0,BTBT
2025-02-06 07:11:00,3.145,3.15,3.145,3.15,300.0,BTBT
2025-02-06 07:10:00,3.14,3.14,3.14,3.14,1006.0,BTBT
2025-02-06 07:08:00,3.15,3.15,3.15,3.15,1.0,BTBT
2025-02-06 07:03:00,3.15,3.15,3.15,3.15,2.0,BTBT
2025-02-06 07:00:00,3.15,3.15,3.15,3.15,310.0,BTBT
2025-02-06 06:51:00,3.15,3.15,3.15,3.15,369.0,BTBT
2025-02-06 06:45:00,3.15,3.15,3.15,3.15,30.0,BTBT
2025-02-06 06:42:00,3.15,3.15,3.15,3.15,496.0,BTBT
2025-02-06 06:40:00,3.15,3.15,3.15,3.15,1.0,BTBT
2025-02-06 06:39:00,3.15,3.15,3.15,3.15,2.0,BTBT
2025-02-06 06:29:00,3.15,3.15,3.15,3.15,509.0,BTBT
2025-02-06 06:27:00,3.15,3.15,3.15,3.15,300.0,BTBT
2025-02-06 06:22:00,3.14,3.14,3.14,3.14,500.0,BTBT
2025-02-06 06:16:00,3.15,3.15,3.15,3.15,500.0,BTBT
2025-02-06 06:14:00,3.15,3.15,3.15,3.15,40.0,BTBT
2025-02-06 06:11:00,3.14,3.14,3.14,3.14,6.0,BTBT
2025-02-06 06:06:00,3.14,3.14,3.14,3.14,2289.0,BTBT
2025-02-06 06:05:00,3.16,3.16,3.15,3.15,1700.0,BTBT
2025-02-06 05:52:00,3.17,3.17,3.17,3.17,539.0,BTBT
2025-02-06 05:47:00,3.17,3.17,3.17,3.17,453.0,BTBT
2025-02-06 05:45:00,3.17,3.17,3.17,3.17,345.0,BTBT
2025-02-06 05:44:00,3.16,3.16,3.16,3.16,210.0,BTBT
2025-02-06 05:43:00,3.16,3.16,3.16,3.16,325.0,BTBT
2025-02-06 05:39:00,3.17,3.17,3.17,3.17,250.0,BTBT
2025-02-06 05:25:00,3.16,3.16,3.16,3.16,32.0,BTBT
2025-02-06 05:23:00,3.17,3.17,3.165,3.17,2806.0,BTBT
2025-02-06 05:22:00,3.16,3.17,3.16,3.17,2009.0,BTBT
2025-02-06 05:21:00,3.15,3.15,3.15,3.15,1.0,BTBT
2025-02-06 05:20:00,3.15,3.15,3.15,3.15,20.0,BTBT
2025-02-06 05:14:00,3.16,3.16,3.15,3.15,1125.0,BTBT
2025-02-06 05:12:00,3.16,3.16,3.16,3.16,330.0,BTBT
2025-02-06 05:02:00,3.15,3.15,3.15,3.15,200.0,BTBT
2025-02-06 04:54:00,3.16,3.16,3.16,3.16,398.0,BTBT
2025-02-06 04:42:00,3.16,3.17,3.16,3.16,1489.0,BTBT
2025-02-06 04:39:00,3.16,3.16,3.16,3.16,112.0,BTBT
2025-02-06 04:37:00,3.17,3.17,3.17,3.17,1590.0,BTBT
2025-02-06 04:36:00,3.16,3.16,3.16,3.16,30.0,BTBT
2025-02-06 04:33:00,3.18,3.19,3.18,3.19,200.0,BTBT
2025-02-06 04:25:00,3.18,3.19,3.18,3.19,700.0,BTBT
2025-02-06 04:13:00,3.15,3.16,3.15,3.16,1985.0,BTBT
2025-02-06 04:12:00,3.15,3.15,3.15,3.15,2100.0,BTBT
2025-02-06 04:06:00,3.15,3.15,3.15,3.15,3.0,BTBT
2025-02-06 04:05:00,3.12,3.12,3.12,3.12,10.0,BTBT
2025-02-06 04:03:00,3.15,3.15,3.15,3.15,50.0,BTBT
2025-02-06 04:02:00,3.15,3.15,3.15,3.15,11.0,BTBT
2025-02-06 04:00:00,3.2,3.2,3.16,3.16,195.0,BTBT
2025-02-05 19:59:00,3.1,3.1,3.1,3.1,30.0,BTBT
2025-02-05 19:56:00,3.09,3.1,3.09,3.1,1483.0,BTBT
2025-02-05 19:54:00,3.1,3.1,3.1,3.1,390.0,BTBT
2025-02-05 19:52:00,3.11,3.11,3.1099,3.1099,97.0,BTBT
2025-02-05 19:51:00,3.1,3.1099,3.1,3.1099,1340.0,BTBT
2025-02-05 19:50:00,3.11,3.11,3.11,3.11,18.0,BTBT
2025-02-05 19:45:00,3.1,3.1,3.1,3.1,15.0,BTBT
2025-02-05 19:44:00,3.1,3.1,3.1,3.1,45.0,BTBT
2025-02-05 19:43:00,3.1,3.1099,3.1,3.1099,801.0,BTBT
2025-02-05 19:37:00,3.105,3.11,3.105,3.11,150.0,BTBT
2025-02-05 19:35:00,3.11,3.11,3.11,3.11,50.0,BTBT
2025-02-05 19:33:00,3.1,3.1,3.1,3.1,33.0,BTBT
2025-02-05 19:30:00,3.11,3.11,3.11,3.11,800.0,BTBT
2025-02-05 19:25:00,3.11,3.11,3.11,3.11,3.0,BTBT
2025-02-05 19:21:00,3.11,3.11,3.11,3.11,300.0,BTBT
2025-02-05 19:17:00,3.1002,3.1002,3.1002,3.1002,80.0,BTBT
2025-02-05 19:09:00,3.1098,3.1098,3.1098,3.1098,200.0,BTBT
2025-02-05 19:08:00,3.11,3.11,3.1,3.1001,207.0,BTBT
2025-02-05 19:05:00,3.11,3.11,3.11,3.11,1500.0,BTBT
2025-02-05 18:59:00,3.1,3.1,3.1,3.1,40.0,BTBT
2025-02-05 18:56:00,3.1099,3.1099,3.1,3.1,454.0,BTBT
2025-02-05 18:53:00,3.1,3.1,3.1,3.1,732.0,BTBT
2025-02-05 18:51:00,3.1,3.1,3.1,3.1,20.0,BTBT
2025-02-05 18:50:00,3.0998,3.0998,3.0998,3.0998,50.0,BTBT
2025-02-05 18:49:00,3.1,3.1,3.1,3.1,1.0,BTBT
2025-02-05 18:35:00,3.11,3.11,3.11,3.11,200.0,BTBT
2025-02-05 18:32:00,3.11,3.11,3.11,3.11,2.0,BTBT
2025-02-05 18:29:00,3.1,3.1,3.0909,3.0909,50.0,BTBT
2025-02-05 18:27:00,3.11,3.11,3.11,3.11,4.0,BTBT
2025-02-05 18:24:00,3.11,3.11,3.11,3.11,1205.0,BTBT
2025-02-05 18:23:00,3.1002,3.1002,3.1002,3.1002,925.0,BTBT
2025-02-05 18:21:00,3.1,3.1,3.1,3.1,795.0,BTBT
2025-02-05 18:06:00,3.09,3.09,3.09,3.09,1.0,BTBT
2025-02-05 18:05:00,3.09,3.09,3.09,3.09,12.0,BTBT
2025-02-05 18:02:00,3.09,3.09,3.09,3.09,200.0,BTBT
2025-02-05 18:00:00,3.0899,3.0899,3.08,3.08,50.0,BTBT
2025-02-05 17:59:00,3.09,3.09,3.09,3.09,2.0,BTBT
2025-02-05 17:57:00,3.1,3.1,3.1,3.1,3.0,BTBT
2025-02-05 17:51:00,3.0801,3.0801,3.0801,3.0801,1500.0,BTBT
2025-02-05 17:48:00,3.1,3.1,3.1,3.1,5.0,BTBT
2025-02-05 17:47:00,3.0996,3.1,3.0996,3.1,212.0,BTBT
2025-02-05 17:46:00,3.08,3.08,3.08,3.08,100.0,BTBT
2025-02-05 17:36:00,3.1,3.1,3.08,3.08,426.0,BTBT
2025-02-05 17:33:00,3.08,3.08,3.08,3.08,1.0,BTBT
2025-02-05 17:32:00,3.1,3.1,3.1,3.1,320.0,BTBT
2025-02-05 17:30:00,3.1,3.1,3.1,3.1,100.0,BTBT
2025-02-05 17:29:00,3.08,3.08,3.08,3.08,200.0,BTBT
2025-02-05 17:27:00,3.1,3.1,3.1,3.1,30.0,BTBT
2025-02-05 17:25:00,3.08,3.08,3.08,3.08,100.0,BTBT
2025-02-05 17:24:00,3.1,3.1,3.1,3.1,1.0,BTBT
2025-02-05 17:22:00,3.1,3.1,3.08,3.08,610.0,BTBT
2025-02-05 17:20:00,3.09,3.09,3.09,3.09,800.0,BTBT
2025-02-05 17:17:00,3.1,3.1,3.095,3.1,1924.0,BTBT
2025-02-05 17:16:00,3.11,3.11,3.0998,3.0998,163.0,BTBT
2025-02-05 17:14:00,3.1,3.1,3.1,3.1,49.0,BTBT
2025-02-05 17:13:00,3.1,3.1,3.1,3.1,3.0,BTBT
2025-02-05 17:12:00,3.1,3.1,3.1,3.1,151.0,BTBT
2025-02-05 17:09:00,3.1097,3.1097,3.1,3.1,55.0,BTBT
2025-02-05 17:06:00,3.1098,3.1098,3.1098,3.1098,4.0,BTBT
2025-02-05 17:05:00,3.1098,3.1098,3.1098,3.1098,3.0,BTBT
2025-02-05 17:04:00,3.1098,3.1098,3.1098,3.1098,3.0,BTBT
2025-02-05 17:02:00,3.11,3.11,3.11,3.11,3.0,BTBT
2025-02-05 17:01:00,3.11,3.11,3.1,3.1,1730.0,BTBT
2025-02-05 16:57:00,3.1,3.1,3.1,3.1,2218.0,BTBT
2025-02-05 16:56:00,3.1002,3.1099,3.1002,3.1099,1017.0,BTBT
2025-02-05 16:55:00,3.1001,3.1001,3.1001,3.1001,1.0,BTBT
2025-02-05 16:51:00,3.11,3.11,3.11,3.11,17.0,BTBT
2025-02-05 16:48:00,3.11,3.11,3.11,3.11,1.0,BTBT
2025-02-05 16:47:00,3.1198,3.12,3.1198,3.12,150.0,BTBT
2025-02-05 16:46:00,3.11,3.1198,3.11,3.1198,1275.0,BTBT
2025-02-05 16:45:00,3.12,3.12,3.12,3.12,140.0,BTBT
2025-02-05 16:44:00,3.12,3.12,3.11,3.12,1450.0,BTBT
2025-02-05 16:43:00,3.12,3.12,3.12,3.12,1001.0,BTBT
2025-02-05 16:42:00,3.11,3.11,3.11,3.11,12.0,BTBT
2025-02-05 16:40:00,3.11,3.11,3.1099,3.11,2602.0,BTBT
2025-02-05 16:39:00,3.11,3.11,3.11,3.11,200.0,BTBT
2025-02-05 16:37:00,3.1,3.11,3.1,3.11,414.0,BTBT
2025-02-05 16:35:00,3.1,3.1,3.1,3.1,12.0,BTBT
2025-02-05 16:31:00,3.1092,3.1092,3.1092,3.1092,20.0,BTBT
2025-02-05 16:30:00,3.11,3.11,3.11,3.11,50.0,BTBT
2025-02-05 16:29:00,3.1,3.11,3.1,3.11,423.0,BTBT
2025-02-05 16:28:00,3.1,3.1,3.09,3.09,51.0,BTBT
2025-02-05 16:26:00,3.1,3.1,3.1,3.1,2.0,BTBT
2025-02-05 16:25:00,3.1,3.1,3.1,3.1,11.0,BTBT
2025-02-05 16:24:00,3.1,3.1,3.1,3.1,20.0,BTBT
2025-02-05 16:23:00,3.1,3.1,3.1,3.1,1.0,BTBT
2025-02-05 16:21:00,3.1,3.1,3.0999,3.0999,519.0,BTBT
2025-02-05 16:19:00,3.1,3.1,3.09,3.0999,1102.0,BTBT
2025-02-05 16:17:00,3.09,3.09,3.09,3.09,80.0,BTBT
2025-02-05 16:15:00,3.0997,3.1,3.0997,3.0999,3020.0,BTBT
2025-02-05 16:14:00,3.1,3.1,3.0999,3.0999,2.0,BTBT
2025-02-05 16:13:00,3.09,3.09,3.09,3.09,1200.0,BTBT
2025-02-05 16:11:00,3.1,3.1,3.0999,3.0999,4.0,BTBT
2025-02-05 16:08:00,3.1,3.1,3.0908,3.0908,100.0,BTBT
2025-02-05 16:07:00,3.11,3.11,3.1,3.1,78.0,BTBT
2025-02-05 16:06:00,3.09,3.09,3.09,3.09,60.0,BTBT
2025-02-05 16:05:00,3.1,3.1,3.1,3.1,73.0,BTBT
2025-02-05 16:04:00,3.09,3.09,3.09,3.09,463.0,BTBT
2025-02-05 16:03:00,3.11,3.11,3.1,3.1,36.0,BTBT
2025-02-05 16:02:00,3.12,3.12,3.06,3.11,234.0,BTBT
2025-02-05 16:01:00,3.1,3.12,3.06,3.06,16064.0,BTBT
2025-02-05 16:00:00,3.105,3.13,3.1,3.13,663806.0,BTBT
2025-02-05 15:59:00,3.08,3.12,3.07,3.105,684165.0,BTBT
2025-02-05 15:58:00,3.075,3.08,3.07,3.08,18081.0,BTBT
2025-02-05 15:57:00,3.075,3.08,3.07,3.07,37203.0,BTBT
2025-02-05 15:56:00,3.065,3.08,3.065,3.075,69048.0,BTBT
2025-02-05 15:55:00,3.07,3.07,3.06,3.0667,95986.0,BTBT
2025-02-05 15:54:00,3.075,3.0775,3.07,3.075,97478.0,BTBT
2025-02-05 15:53:00,3.0789,3.08,3.07,3.08,30787.0,BTBT
2025-02-05 15:52:00,3.07,3.08,3.07,3.08,16698.0,BTBT
2025-02-05 15:51:00,3.09,3.09,3.075,3.075,41934.0,BTBT
2025-02-05 15:50:00,3.08,3.09,3.08,3.085,56574.0,BTBT
2025-02-05 15:49:00,3.075,3.08,3.0702,3.08,118822.0,BTBT
2025-02-05 15:48:00,3.075,3.08,3.075,3.075,45730.0,BTBT
2025-02-05 15:47:00,3.075,3.08,3.07,3.075,8280.0,BTBT
2025-02-05 15:46:00,3.0768,3.09,3.075,3.08,85421.0,BTBT
2025-02-05 15:45:00,3.0799,3.08,3.0701,3.0789,12189.0,BTBT
2025-02-05 15:44:00,3.085,3.085,3.07,3.0791,89538.0,BTBT
2025-02-05 15:43:00,3.0901,3.0963,3.08,3.085,23561.0,BTBT
2025-02-05 15:42:00,3.095,3.095,3.09,3.0914,10210.0,BTBT
2025-02-05 15:41:00,3.095,3.1,3.0917,3.0917,9071.0,BTBT
2025-02-05 15:40:00,3.1,3.1,3.09,3.095,11295.0,BTBT
2025-02-05 15:39:00,3.1,3.1,3.09,3.095,15314.0,BTBT
2025-02-05 15:38:00,3.095,3.1,3.09,3.1,6436.0,BTBT
2025-02-05 15:37:00,3.095,3.1,3.0945,3.0945,19657.0,BTBT
2025-02-05 15:36:00,3.09,3.095,3.09,3.095,16516.0,BTBT
2025-02-05 15:35:00,3.09,3.0964,3.09,3.095,45813.0,BTBT
2025-02-05 15:34:00,3.09,3.09,3.09,3.09,823.0,BTBT
2025-02-05 15:33:00,3.09,3.0989,3.09,3.0982,8401.0,BTBT
2025-02-05 15:32:00,3.0999,3.1,3.09,3.1,35052.0,BTBT
2025-02-05 15:31:00,3.1032,3.105,3.095,3.0999,47319.0,BTBT
2025-02-05 15:30:00,3.1,3.11,3.0967,3.105,42131.0,BTBT
2025-02-05 15:29:00,3.095,3.1,3.095,3.0952,3987.0,BTBT
2025-02-05 15:28:00,3.09,3.0999,3.09,3.0922,22779.0,BTBT
2025-02-05 15:27:00,3.0964,3.0964,3.095,3.095,3862.0,BTBT
2025-02-05 15:26:00,3.0987,3.0987,3.09,3.09,18019.0,BTBT
2025-02-05 15:25:00,3.09,3.0999,3.08,3.09,118637.0,BTBT
2025-02-05 15:24:00,3.09,3.095,3.0814,3.09,70749.0,BTBT
2025-02-05 15:23:00,3.088,3.09,3.08,3.0891,62892.0,BTBT
2025-02-05 15:22:00,3.095,3.095,3.09,3.09,16361.0,BTBT
2025-02-05 15:21:00,3.0886,3.0998,3.0867,3.0998,88268.0,BTBT
2025-02-05 15:20:00,3.085,3.09,3.085,3.0899,12917.0,BTBT
2025-02-05 15:19:00,3.085,3.085,3.085,3.085,566.0,BTBT
2025-02-05 15:18:00,3.085,3.0899,3.08,3.0852,11333.0,BTBT
2025-02-05 15:17:00,3.085,3.0899,3.08,3.0873,20442.0,BTBT
2025-02-05 15:16:00,3.085,3.09,3.08,3.08,21994.0,BTBT
2025-02-05 15:15:00,3.085,3.0871,3.085,3.0871,3487.0,BTBT
2025-02-05 15:14:00,3.08,3.085,3.08,3.08,1243.0,BTBT
2025-02-05 15:13:00,3.085,3.085,3.08,3.0802,1076.0,BTBT
2025-02-05 15:12:00,3.0899,3.0899,3.08,3.088,14572.0,BTBT
2025-02-05 15:11:00,3.0972,3.0972,3.08,3.09,99831.0,BTBT
2025-02-05 15:10:00,3.085,3.1,3.085,3.095,51769.0,BTBT
2025-02-05 15:09:00,3.089,3.09,3.085,3.09,8934.0,BTBT
2025-02-05 15:08:00,3.0812,3.09,3.0801,3.085,14141.0,BTBT
2025-02-05 15:07:00,3.0897,3.0897,3.085,3.0879,6152.0,BTBT
2025-02-05 15:06:00,3.0844,3.09,3.08,3.08,16298.0,BTBT
2025-02-05 15:05:00,3.085,3.085,3.085,3.085,6166.0,BTBT
2025-02-05 15:04:00,3.0999,3.0999,3.08,3.085,21868.0,BTBT
2025-02-05 15:03:00,3.1,3.1,3.09,3.095,47253.0,BTBT
2025-02-05 15:02:00,3.0957,3.0957,3.09,3.09,6468.0,BTBT
2025-02-05 15:01:00,3.0991,3.1,3.09,3.1,41700.0,BTBT
2025-02-05 15:00:00,3.0888,3.0995,3.085,3.0995,87926.0,BTBT
2025-02-05 14:59:00,3.08,3.085,3.08,3.08,5234.0,BTBT
2025-02-05 14:58:00,3.0877,3.0877,3.08,3.086,4721.0,BTBT
2025-02-05 14:57:00,3.08,3.086,3.08,3.086,738.0,BTBT
2025-02-05 14:56:00,3.08,3.085,3.08,3.08,5605.0,BTBT
2025-02-05 14:55:00,3.075,3.0899,3.075,3.0801,73654.0,BTBT
2025-02-05 14:54:00,3.07,3.075,3.07,3.075,1094.0,BTBT
2025-02-05 14:53:00,3.08,3.0816,3.07,3.07,30397.0,BTBT
2025-02-05 14:52:00,3.085,3.085,3.085,3.085,401.0,BTBT
2025-02-05 14:51:00,3.07,3.0864,3.07,3.085,39597.0,BTBT
2025-02-05 14:50:00,3.075,3.08,3.0727,3.08,4738.0,BTBT
2025-02-05 14:49:00,3.0731,3.0788,3.07,3.075,4147.0,BTBT
2025-02-05 14:48:00,3.075,3.0797,3.07,3.075,3355.0,BTBT
2025-02-05 14:47:00,3.07,3.0785,3.07,3.075,2734.0,BTBT
2025-02-05 14:46:00,3.075,3.0799,3.07,3.0799,4483.0,BTBT
2025-02-05 14:45:00,3.0716,3.0774,3.07,3.0774,1988.0,BTBT
2025-02-05 14:44:00,3.08,3.08,3.07,3.075,2914.0,BTBT
2025-02-05 14:43:00,3.07,3.075,3.07,3.075,2025.0,BTBT
2025-02-05 14:42:00,3.08,3.08,3.07,3.07,12119.0,BTBT
2025-02-05 14:41:00,3.075,3.0769,3.07,3.075,2523.0,BTBT
2025-02-05 14:40:00,3.075,3.08,3.075,3.075,18817.0,BTBT
2025-02-05 14:39:00,3.07,3.0799,3.07,3.075,25814.0,BTBT
2025-02-05 14:38:00,3.075,3.0795,3.07,3.0795,1328.0,BTBT
2025-02-05 14:37:00,3.075,3.0789,3.07,3.07,7958.0,BTBT
2025-02-05 14:36:00,3.0745,3.075,3.07,3.07,2584.0,BTBT
2025-02-05 14:35:00,3.079,3.079,3.07,3.07,13405.0,BTBT
2025-02-05 14:34:00,3.0729,3.075,3.07,3.075,925.0,BTBT
2025-02-05 14:33:00,3.075,3.075,3.07,3.07,1988.0,BTBT
2025-02-05 14:32:00,3.074,3.075,3.07,3.07,6376.0,BTBT
2025-02-05 14:31:00,3.07,3.075,3.07,3.07,2043.0,BTBT
2025-02-05 14:30:00,3.07,3.075,3.07,3.07,18326.0,BTBT
2025-02-05 14:29:00,3.07,3.08,3.07,3.07,5242.0,BTBT
2025-02-05 14:28:00,3.0718,3.075,3.0718,3.0726,945.0,BTBT
2025-02-05 14:27:00,3.0735,3.075,3.07,3.07,5153.0,BTBT
2025-02-05 14:26:00,3.085,3.085,3.075,3.075,18716.0,BTBT
2025-02-05 14:25:00,3.0837,3.0888,3.08,3.0888,5382.0,BTBT
2025-02-05 14:24:00,3.0874,3.0882,3.0874,3.0882,2557.0,BTBT
2025-02-05 14:23:00,3.08,3.085,3.08,3.085,7932.0,BTBT
2025-02-05 14:22:00,3.085,3.085,3.08,3.08,2529.0,BTBT
2025-02-05 14:21:00,3.075,3.086,3.075,3.086,30063.0,BTBT
2025-02-05 14:20:00,3.0767,3.0787,3.07,3.075,4591.0,BTBT
2025-02-05 14:19:00,3.073,3.08,3.07,3.0799,3249.0,BTBT
2025-02-05 14:18:00,3.075,3.075,3.075,3.075,1144.0,BTBT
2025-02-05 14:17:00,3.075,3.075,3.07,3.0728,11911.0,BTBT
2025-02-05 14:16:00,3.075,3.08,3.07,3.0788,7598.0,BTBT
2025-02-05 14:15:00,3.0795,3.0795,3.07,3.07,1503.0,BTBT
2025-02-05 14:14:00,3.075,3.08,3.07,3.08,846.0,BTBT
2025-02-05 14:13:00,3.075,3.0752,3.07,3.07,6581.0,BTBT
2025-02-05 14:12:00,3.075,3.0799,3.07,3.0752,2028.0,BTBT
2025-02-05 14:11:00,3.075,3.08,3.07,3.07,2015.0,BTBT
2025-02-05 14:10:00,3.08,3.0899,3.075,3.075,68827.0,BTBT
2025-02-05 14:09:00,3.075,3.08,3.07,3.0748,43708.0,BTBT
2025-02-05 14:08:00,3.07,3.0752,3.07,3.075,15031.0,BTBT
2025-02-05 14:07:00,3.0796,3.0796,3.07,3.073,15045.0,BTBT
2025-02-05 14:06:00,3.075,3.075,3.075,3.075,1260.0,BTBT
2025-02-05 14:05:00,3.075,3.08,3.075,3.075,6992.0,BTBT
2025-02-05 14:04:00,3.075,3.0757,3.07,3.0748,1549.0,BTBT
2025-02-05 14:03:00,3.0701,3.075,3.07,3.07,3334.0,BTBT
2025-02-05 14:02:00,3.08,3.08,3.07,3.075,10342.0,BTBT
2025-02-05 14:01:00,3.08,3.08,3.08,3.08,1932.0,BTBT
2025-02-05 14:00:00,3.0811,3.085,3.08,3.085,1661.0,BTBT
2025-02-05 13:59:00,3.09,3.09,3.0801,3.0801,2826.0,BTBT
2025-02-05 13:58:00,3.07,3.0852,3.07,3.0852,17241.0,BTBT
2025-02-05 13:57:00,3.07,3.08,3.07,3.08,4577.0,BTBT
2025-02-05 13:56:00,3.075,3.08,3.07,3.075,25489.0,BTBT
2025-02-05 13:55:00,3.07,3.0787,3.07,3.07,25012.0,BTBT
2025-02-05 13:54:00,3.075,3.0771,3.07,3.07,5029.0,BTBT
2025-02-05 13:53:00,3.08,3.085,3.07,3.075,8518.0,BTBT
2025-02-05 13:52:00,3.0819,3.0899,3.08,3.0899,3550.0,BTBT
2025-02-05 13:51:00,3.085,3.085,3.08,3.08,2444.0,BTBT
2025-02-05 13:50:00,3.08,3.0889,3.08,3.085,27518.0,BTBT
2025-02-05 13:49:00,3.085,3.085,3.08,3.082,5138.0,BTBT
2025-02-05 13:48:00,3.08,3.0887,3.08,3.08,5314.0,BTBT
2025-02-05 13:47:00,3.09,3.09,3.08,3.08,35846.0,BTBT
2025-02-05 13:46:00,3.09,3.09,3.0848,3.0892,29695.0,BTBT
2025-02-05 13:45:00,3.0901,3.095,3.0901,3.095,15357.0,BTBT
2025-02-05 13:44:00,3.085,3.0914,3.08,3.0914,10801.0,BTBT
2025-02-05 13:43:00,3.085,3.09,3.08,3.085,7928.0,BTBT
2025-02-05 13:42:00,3.085,3.0897,3.08,3.0897,24714.0,BTBT
2025-02-05 13:41:00,3.09,3.095,3.08,3.0899,58454.0,BTBT
2025-02-05 13:40:00,3.095,3.1,3.09,3.09,3862.0,BTBT
2025-02-05 13:39:00,3.0909,3.1,3.09,3.095,5897.0,BTBT
2025-02-05 13:38:00,3.095,3.095,3.09,3.095,4359.0,BTBT
2025-02-05 13:37:00,3.0964,3.0987,3.095,3.095,7692.0,BTBT
2025-02-05 13:36:00,3.095,3.0974,3.09,3.095,9788.0,BTBT
2025-02-05 13:35:00,3.0883,3.0999,3.08,3.092,82402.0,BTBT
2025-02-05 13:34:00,3.0882,3.09,3.08,3.08,50554.0,BTBT
2025-02-05 13:33:00,3.0827,3.09,3.0827,3.085,5914.0,BTBT
2025-02-05 13:32:00,3.09,3.09,3.08,3.085,8518.0,BTBT
2025-02-05 13:31:00,3.085,3.09,3.08,3.0891,62082.0,BTBT
2025-02-05 13:30:00,3.07,3.0872,3.07,3.085,13426.0,BTBT
2025-02-05 13:29:00,3.075,3.08,3.07,3.07,11628.0,BTBT
2025-02-05 13:28:00,3.075,3.0799,3.07,3.075,4857.0,BTBT
2025-02-05 13:27:00,3.07,3.0752,3.07,3.07,7012.0,BTBT
2025-02-05 13:26:00,3.075,3.0789,3.07,3.0787,3987.0,BTBT
2025-02-05 13:25:00,3.075,3.08,3.07,3.075,3645.0,BTBT
2025-02-05 13:24:00,3.0866,3.0866,3.08,3.08,12655.0,BTBT
2025-02-05 13:23:00,3.0899,3.0899,3.0899,3.0899,416.0,BTBT
2025-02-05 13:22:00,3.09,3.09,3.08,3.085,3744.0,BTBT
2025-02-05 13:21:00,3.085,3.09,3.08,3.09,8594.0,BTBT
2025-02-05 13:20:00,3.0848,3.0896,3.08,3.085,3504.0,BTBT
2025-02-05 13:19:00,3.075,3.0899,3.07,3.0887,40504.0,BTBT
2025-02-05 13:18:00,3.065,3.08,3.06,3.0799,27929.0,BTBT
2025-02-05 13:17:00,3.07,3.0715,3.06,3.065,49323.0,BTBT
2025-02-05 13:16:00,3.0652,3.0768,3.06,3.07,57553.0,BTBT
2025-02-05 13:15:00,3.07,3.0752,3.06,3.069,56073.0,BTBT
2025-02-05 13:14:00,3.0701,3.0701,3.06,3.06,27221.0,BTBT
2025-02-05 13:13:00,3.07,3.075,3.07,3.0703,17786.0,BTBT
2025-02-05 13:12:00,3.08,3.085,3.07,3.075,43349.0,BTBT
2025-02-05 13:11:00,3.09,3.095,3.08,3.085,35579.0,BTBT
2025-02-05 13:10:00,3.095,3.095,3.09,3.09,12428.0,BTBT
2025-02-05 13:09:00,3.09,3.1,3.09,3.1,6319.0,BTBT
2025-02-05 13:08:00,3.0948,3.1,3.09,3.095,5641.0,BTBT
2025-02-05 13:07:00,3.09,3.1,3.09,3.095,7039.0,BTBT
2025-02-05 13:06:00,3.105,3.1099,3.09,3.0988,90626.0,BTBT
2025-02-05 13:05:00,3.1,3.1043,3.1,3.1043,869.0,BTBT
2025-02-05 13:04:00,3.1064,3.1064,3.1,3.1063,4606.0,BTBT
2025-02-05 13:03:00,3.1,3.1056,3.1,3.1056,1553.0,BTBT
2025-02-05 13:02:00,3.1073,3.11,3.1,3.1,11261.0,BTBT
2025-02-05 13:01:00,3.115,3.1155,3.1,3.1097,54979.0,BTBT
2025-02-05 13:00:00,3.105,3.12,3.1,3.12,29581.0,BTBT
2025-02-05 12:59:00,3.1088,3.1088,3.1,3.1,8347.0,BTBT
2025-02-05 12:58:00,3.11,3.1127,3.1,3.1,92760.0,BTBT
2025-02-05 12:57:00,3.11,3.1167,3.11,3.1167,23678.0,BTBT
2025-02-05 12:56:00,3.12,3.12,3.1134,3.1134,10449.0,BTBT
2025-02-05 12:55:00,3.1246,3.1246,3.11,3.1182,40871.0,BTBT
2025-02-05 12:54:00,3.12,3.12,3.12,3.12,11491.0,BTBT
2025-02-05 12:53:00,3.11,3.12,3.11,3.115,17807.0,BTBT
2025-02-05 12:52:00,3.1148,3.12,3.11,3.11,4200.0,BTBT
2025-02-05 12:51:00,3.12,3.1263,3.11,3.11,71991.0,BTBT
2025-02-05 12:50:00,3.13,3.13,3.12,3.125,1891.0,BTBT
2025-02-05 12:49:00,3.1241,3.13,3.12,3.12,11239.0,BTBT
2025-02-05 12:48:00,3.1293,3.13,3.12,3.12,5752.0,BTBT
2025-02-05 12:47:00,3.13,3.13,3.12,3.1201,7114.0,BTBT
2025-02-05 12:46:00,3.1282,3.13,3.12,3.125,26765.0,BTBT
2025-02-05 12:45:00,3.125,3.1298,3.12,3.125,1066.0,BTBT
2025-02-05 12:44:00,3.12,3.13,3.12,3.1238,1263.0,BTBT
2025-02-05 12:43:00,3.13,3.13,3.12,3.1275,59922.0,BTBT
2025-02-05 12:42:00,3.12,3.125,3.12,3.125,901.0,BTBT
2025-02-05 12:41:00,3.13,3.13,3.12,3.12,14198.0,BTBT
2025-02-05 12:40:00,3.14,3.14,3.13,3.1301,5802.0,BTBT
2025-02-05 12:39:00,3.13,3.13,3.13,3.13,718.0,BTBT
2025-02-05 12:38:00,3.135,3.135,3.1348,3.1348,417.0,BTBT
2025-02-05 12:37:00,3.13,3.132,3.13,3.132,642.0,BTBT
2025-02-05 12:36:00,3.125,3.1391,3.12,3.135,61540.0,BTBT
2025-02-05 12:35:00,3.1299,3.13,3.12,3.1277,6562.0,BTBT
2025-02-05 12:34:00,3.12,3.12,3.12,3.12,347.0,BTBT
2025-02-05 12:33:00,3.1399,3.1399,3.12,3.125,28439.0,BTBT
2025-02-05 12:32:00,3.1301,3.14,3.1301,3.135,5314.0,BTBT
2025-02-05 12:31:00,3.1364,3.14,3.13,3.14,3678.0,BTBT
2025-02-05 12:30:00,3.13,3.138,3.13,3.138,6551.0,BTBT
2025-02-05 12:29:00,3.135,3.14,3.13,3.13,8295.0,BTBT
2025-02-05 12:28:00,3.135,3.14,3.1324,3.135,3564.0,BTBT
2025-02-05 12:27:00,3.14,3.14,3.13,3.135,20759.0,BTBT
2025-02-05 12:26:00,3.14,3.14,3.1301,3.1301,13948.0,BTBT
2025-02-05 12:25:00,3.14,3.14,3.135,3.14,25875.0,BTBT
2025-02-05 12:24:00,3.14,3.15,3.1318,3.1448,65207.0,BTBT
2025-02-05 12:23:00,3.135,3.14,3.1305,3.1386,51215.0,BTBT
2025-02-05 12:22:00,3.1399,3.1399,3.13,3.13,4329.0,BTBT
2025-02-05 12:21:00,3.135,3.1399,3.13,3.1399,2705.0,BTBT
2025-02-05 12:20:00,3.14,3.1499,3.135,3.135,16148.0,BTBT
2025-02-05 12:19:00,3.145,3.15,3.14,3.15,1731.0,BTBT
2025-02-05 12:18:00,3.14,3.1407,3.14,3.14,5960.0,BTBT
2025-02-05 12:17:00,3.15,3.15,3.14,3.14,12422.0,BTBT
2025-02-05 12:16:00,3.15,3.157,3.145,3.15,20088.0,BTBT
2025-02-05 12:15:00,3.1599,3.1599,3.15,3.15,1378.0,BTBT
2025-02-05 12:14:00,3.15,3.16,3.15,3.1586,2873.0,BTBT
2025-02-05 12:13:00,3.16,3.16,3.15,3.15,2942.0,BTBT
2025-02-05 12:12:00,3.16,3.16,3.15,3.15,7265.0,BTBT
2025-02-05 12:11:00,3.165,3.165,3.16,3.16,2193.0,BTBT
2025-02-05 12:10:00,3.16,3.165,3.16,3.165,4251.0,BTBT
2025-02-05 12:09:00,3.1705,3.173,3.16,3.165,18926.0,BTBT
2025-02-05 12:08:00,3.17,3.1789,3.16,3.175,57897.0,BTBT
2025-02-05 12:07:00,3.1666,3.1666,3.16,3.1629,16261.0,BTBT
2025-02-05 12:06:00,3.1601,3.165,3.16,3.16,23245.0,BTBT
2025-02-05 12:05:00,3.1617,3.17,3.16,3.165,27679.0,BTBT
2025-02-05 12:04:00,3.185,3.185,3.16,3.17,114822.0,BTBT
2025-02-05 12:03:00,3.17,3.19,3.17,3.185,58528.0,BTBT
2025-02-05 12:02:00,3.1852,3.19,3.17,3.17,54473.0,BTBT
2025-02-05 12:01:00,3.18,3.19,3.175,3.1852,90064.0,BTBT
2025-02-05 12:00:00,3.16,3.1852,3.155,3.185,162607.0,BTBT
2025-02-05 11:59:00,3.16,3.1652,3.15,3.16,64121.0,BTBT
2025-02-05 11:58:00,3.16,3.175,3.16,3.165,117369.0,BTBT
2025-02-05 11:57:00,3.16,3.17,3.16,3.165,52471.0,BTBT
2025-02-05 11:56:00,3.155,3.16,3.1518,3.155,40244.0,BTBT
2025-02-05 11:55:00,3.15,3.1599,3.145,3.155,61270.0,BTBT
2025-02-05 11:54:00,3.145,3.15,3.14,3.1486,40617.0,BTBT
2025-02-05 11:53:00,3.1464,3.15,3.14,3.1494,37690.0,BTBT
2025-02-05 11:52:00,3.1448,3.1483,3.14,3.1421,20773.0,BTBT
2025-02-05 11:51:00,3.155,3.155,3.145,3.145,71822.0,BTBT
2025-02-05 11:50:00,3.14,3.1583,3.135,3.1583,88202.0,BTBT
2025-02-05 11:49:00,3.145,3.15,3.13,3.135,25706.0,BTBT
2025-02-05 11:48:00,3.155,3.155,3.14,3.14,9103.0,BTBT
2025-02-05 11:47:00,3.155,3.16,3.15,3.155,10869.0,BTBT
2025-02-05 11:46:00,3.15,3.16,3.1448,3.155,66227.0,BTBT
2025-02-05 11:45:00,3.155,3.1552,3.1401,3.15,47280.0,BTBT
2025-02-05 11:44:00,3.155,3.16,3.15,3.1508,39138.0,BTBT
2025-02-05 11:43:00,3.15,3.16,3.14,3.1587,76415.0,BTBT
2025-02-05 11:42:00,3.1409,3.15,3.14,3.15,7841.0,BTBT
2025-02-05 11:41:00,3.1499,3.1499,3.1499,3.1499,4443.0,BTBT
2025-02-05 11:40:00,3.1401,3.145,3.14,3.145,2524.0,BTBT
2025-02-05 11:39:00,3.145,3.15,3.145,3.145,1921.0,BTBT
2025-02-05 11:38:00,3.145,3.1482,3.14,3.14,5628.0,BTBT
2025-02-05 11:37:00,3.155,3.1573,3.145,3.145,61401.0,BTBT
2025-02-05 11:36:00,3.16,3.16,3.1501,3.151,31692.0,BTBT
2025-02-05 11:35:00,3.158,3.16,3.151,3.155,6391.0,BTBT
2025-02-05 11:34:00,3.15,3.1568,3.1403,3.15,35400.0,BTBT
2025-02-05 11:33:00,3.1479,3.15,3.14,3.1499,36040.0,BTBT
2025-02-05 11:32:00,3.1449,3.15,3.135,3.14,53724.0,BTBT
2025-02-05 11:31:00,3.1399,3.15,3.1397,3.1474,57346.0,BTBT
2025-02-05 11:30:00,3.125,3.14,3.125,3.1383,90310.0,BTBT
2025-02-05 11:29:00,3.125,3.13,3.12,3.1297,27598.0,BTBT
2025-02-05 11:28:00,3.1211,3.13,3.12,3.125,8490.0,BTBT
2025-02-05 11:27:00,3.125,3.128,3.12,3.125,1686.0,BTBT
2025-02-05 11:26:00,3.125,3.13,3.1206,3.125,17691.0,BTBT
2025-02-05 11:25:00,3.12,3.13,3.115,3.1218,64127.0,BTBT
2025-02-05 11:24:00,3.1199,3.125,3.1138,3.115,31809.0,BTBT
2025-02-05 11:23:00,3.1077,3.12,3.1,3.12,135864.0,BTBT
2025-02-05 11:22:00,3.115,3.1199,3.1,3.1099,43054.0,BTBT
2025-02-05 11:21:00,3.1156,3.12,3.1,3.1182,158909.0,BTBT
2025-02-05 11:20:00,3.1199,3.12,3.11,3.1199,46033.0,BTBT
2025-02-05 11:19:00,3.1177,3.12,3.1,3.1152,45848.0,BTBT
2025-02-05 11:18:00,3.1082,3.1199,3.105,3.115,18779.0,BTBT
2025-02-05 11:17:00,3.12,3.12,3.1043,3.1043,42480.0,BTBT
2025-02-05 11:16:00,3.1282,3.13,3.1101,3.1176,49213.0,BTBT
2025-02-05 11:15:00,3.135,3.135,3.12,3.1248,7789.0,BTBT
2025-02-05 11:14:00,3.125,3.1352,3.12,3.1352,43133.0,BTBT
2025-02-05 11:13:00,3.13,3.13,3.12,3.1209,41659.0,BTBT
2025-02-05 11:12:00,3.1301,3.1352,3.125,3.125,35192.0,BTBT
2025-02-05 11:11:00,3.135,3.1452,3.13,3.1307,100590.0,BTBT
2025-02-05 11:10:00,3.135,3.14,3.13,3.135,39075.0,BTBT
2025-02-05 11:09:00,3.1295,3.14,3.12,3.1372,42885.0,BTBT
2025-02-05 11:08:00,3.12,3.1285,3.12,3.125,39268.0,BTBT
2025-02-05 11:07:00,3.12,3.13,3.12,3.1299,33325.0,BTBT
2025-02-05 11:06:00,3.1316,3.1382,3.1248,3.1248,77060.0,BTBT
2025-02-05 11:05:00,3.1382,3.15,3.1348,3.1352,79233.0,BTBT
2025-02-05 11:04:00,3.165,3.165,3.1334,3.1386,78773.0,BTBT
2025-02-05 11:03:00,3.1699,3.1699,3.16,3.165,4285.0,BTBT
2025-02-05 11:02:00,3.165,3.1652,3.16,3.165,1552.0,BTBT
2025-02-05 11:01:00,3.175,3.18,3.17,3.17,9769.0,BTBT
2025-02-05 11:00:00,3.165,3.179,3.165,3.175,27458.0,BTBT
2025-02-05 10:59:00,3.165,3.1799,3.1648,3.1648,88996.0,BTBT
2025-02-05 10:58:00,3.1648,3.165,3.16,3.165,21170.0,BTBT
2025-02-05 10:57:00,3.1613,3.17,3.1602,3.165,33884.0,BTBT
2025-02-05 10:56:00,3.16,3.17,3.1548,3.1619,41635.0,BTBT
2025-02-05 10:55:00,3.17,3.17,3.165,3.165,4107.0,BTBT
2025-02-05 10:54:00,3.18,3.18,3.165,3.1682,6068.0,BTBT
2025-02-05 10:53:00,3.18,3.18,3.17,3.1705,7035.0,BTBT
2025-02-05 10:52:00,3.175,3.18,3.1748,3.175,2557.0,BTBT
2025-02-05 10:51:00,3.1689,3.18,3.1601,3.18,30324.0,BTBT
2025-02-05 10:50:00,3.1752,3.19,3.1648,3.165,69462.0,BTBT
2025-02-05 10:49:00,3.1682,3.18,3.16,3.18,78531.0,BTBT
2025-02-05 10:48:00,3.1697,3.17,3.16,3.1699,42124.0,BTBT
2025-02-05 10:47:00,3.1693,3.17,3.16,3.1648,23808.0,BTBT
2025-02-05 10:46:00,3.165,3.17,3.16,3.165,18863.0,BTBT
2025-02-05 10:45:00,3.17,3.1799,3.1601,3.17,34334.0,BTBT
2025-02-05 10:44:00,3.17,3.18,3.1648,3.1701,108054.0,BTBT
2025-02-05 10:43:00,3.1983,3.1983,3.1706,3.175,58681.0,BTBT
2025-02-05 10:42:00,3.18,3.1994,3.18,3.195,112490.0,BTBT
2025-02-05 10:41:00,3.185,3.1898,3.1617,3.1748,173681.0,BTBT
2025-02-05 10:40:00,3.18,3.19,3.18,3.1899,26517.0,BTBT
2025-02-05 10:39:00,3.175,3.18,3.17,3.1795,22517.0,BTBT
2025-02-05 10:38:00,3.1705,3.1799,3.17,3.175,56046.0,BTBT
2025-02-05 10:37:00,3.1805,3.19,3.1749,3.175,100583.0,BTBT
2025-02-05 10:36:00,3.1992,3.2,3.1812,3.1894,93060.0,BTBT
2025-02-05 10:35:00,3.21,3.21,3.19,3.1901,36199.0,BTBT
2025-02-05 10:34:00,3.2,3.2105,3.2,3.2083,47911.0,BTBT
2025-02-05 10:33:00,3.1899,3.2,3.1899,3.195,70770.0,BTBT
2025-02-05 10:32:00,3.1795,3.19,3.17,3.185,77938.0,BTBT
2025-02-05 10:31:00,3.1801,3.2,3.175,3.1796,99152.0,BTBT
2025-02-05 10:30:00,3.19,3.2,3.1848,3.1908,41521.0,BTBT
2025-02-05 10:29:00,3.1799,3.19,3.17,3.1899,71355.0,BTBT
2025-02-05 10:28:00,3.18,3.1852,3.1711,3.18,65884.0,BTBT
2025-02-05 10:27:00,3.18,3.1852,3.17,3.1799,85623.0,BTBT
2025-02-05 10:26:00,3.1852,3.19,3.17,3.1799,95033.0,BTBT
2025-02-05 10:25:00,3.2018,3.205,3.1801,3.1801,87230.0,BTBT
2025-02-05 10:24:00,3.1901,3.21,3.1901,3.205,57601.0,BTBT
2025-02-05 10:23:00,3.2048,3.2083,3.1901,3.1908,113483.0,BTBT
2025-02-05 10:22:00,3.19,3.21,3.18,3.205,53209.0,BTBT
2025-02-05 10:21:00,3.1907,3.1998,3.18,3.1998,60997.0,BTBT
2025-02-05 10:20:00,3.19,3.1982,3.18,3.1948,75751.0,BTBT
2025-02-05 10:19:00,3.18,3.187,3.18,3.18,20349.0,BTBT
2025-02-05 10:18:00,3.185,3.185,3.17,3.1748,23433.0,BTBT
2025-02-05 10:17:00,3.19,3.19,3.18,3.185,31172.0,BTBT
2025-02-05 10:16:00,3.195,3.2,3.19,3.195,45727.0,BTBT
2025-02-05 10:15:00,3.185,3.2,3.18,3.1948,62474.0,BTBT
2025-02-05 10:14:00,3.18,3.19,3.17,3.19,58943.0,BTBT
2025-02-05 10:13:00,3.155,3.18,3.15,3.18,52393.0,BTBT
2025-02-05 10:12:00,3.15,3.16,3.15,3.155,17039.0,BTBT
2025-02-05 10:11:00,3.16,3.17,3.155,3.1565,13147.0,BTBT
2025-02-05 10:10:00,3.16,3.17,3.1548,3.1599,66849.0,BTBT
2025-02-05 10:09:00,3.1497,3.16,3.145,3.155,25982.0,BTBT
2025-02-05 10:08:00,3.1694,3.17,3.1487,3.15,46844.0,BTBT
2025-02-05 10:07:00,3.1593,3.17,3.15,3.17,58656.0,BTBT
2025-02-05 10:06:00,3.16,3.17,3.15,3.1594,89948.0,BTBT
2025-02-05 10:05:00,3.14,3.17,3.135,3.17,79459.0,BTBT
2025-02-05 10:04:00,3.1587,3.16,3.1303,3.135,29299.0,BTBT
2025-02-05 10:03:00,3.185,3.185,3.15,3.155,36826.0,BTBT
2025-02-05 10:02:00,3.205,3.21,3.1799,3.185,33868.0,BTBT
2025-02-05 10:01:00,3.2182,3.22,3.2018,3.21,56383.0,BTBT
2025-02-05 10:00:00,3.19,3.23,3.19,3.215,42117.0,BTBT
2025-02-05 09:59:00,3.18,3.19,3.1762,3.1812,11874.0,BTBT
2025-02-05 09:58:00,3.175,3.18,3.1601,3.1797,58232.0,BTBT
2025-02-05 09:57:00,3.185,3.185,3.1617,3.17,34949.0,BTBT
2025-02-05 09:56:00,3.185,3.195,3.18,3.18,86433.0,BTBT
2025-02-05 09:55:00,3.185,3.19,3.1748,3.1892,62235.0,BTBT
2025-02-05 09:54:00,3.185,3.19,3.17,3.1852,29871.0,BTBT
2025-02-05 09:53:00,3.186,3.2,3.1848,3.19,46011.0,BTBT
2025-02-05 09:52:00,3.1895,3.2,3.175,3.185,37659.0,BTBT
2025-02-05 09:51:00,3.205,3.21,3.18,3.1895,27145.0,BTBT
2025-02-05 09:50:00,3.21,3.21,3.2018,3.2018,49183.0,BTBT
2025-02-05 09:49:00,3.235,3.2352,3.21,3.2182,107981.0,BTBT
2025-02-05 09:48:00,3.2201,3.24,3.2201,3.24,49245.0,BTBT
2025-02-05 09:47:00,3.23,3.24,3.2201,3.2201,30891.0,BTBT
2025-02-05 09:46:00,3.22,3.24,3.22,3.24,20804.0,BTBT
2025-02-05 09:45:00,3.23,3.24,3.2148,3.2148,16150.0,BTBT
2025-02-05 09:44:00,3.2112,3.228,3.21,3.228,39204.0,BTBT
2025-02-05 09:43:00,3.215,3.23,3.2101,3.215,69144.0,BTBT
2025-02-05 09:42:00,3.22,3.2299,3.2152,3.2152,9372.0,BTBT
2025-02-05 09:41:00,3.21,3.225,3.205,3.22,28233.0,BTBT
2025-02-05 09:40:00,3.23,3.23,3.205,3.215,15678.0,BTBT
2025-02-05 09:39:00,3.23,3.25,3.2248,3.235,74711.0,BTBT
2025-02-05 09:38:00,3.23,3.2392,3.225,3.225,41256.0,BTBT
2025-02-05 09:37:00,3.24,3.2405,3.23,3.23,44293.0,BTBT
2025-02-05 09:36:00,3.2405,3.26,3.24,3.2492,76558.0,BTBT
2025-02-05 09:35:00,3.225,3.25,3.21,3.25,81963.0,BTBT
2025-02-05 09:34:00,3.2348,3.24,3.211,3.2287,106485.0,BTBT
2025-02-05 09:33:00,3.245,3.25,3.23,3.2315,71296.0,BTBT
2025-02-05 09:32:00,3.25,3.2594,3.24,3.245,15585.0,BTBT
2025-02-05 09:31:00,3.28,3.29,3.25,3.2596,56089.0,BTBT
2025-02-05 09:30:00,3.22,3.28,3.21,3.265,105707.0,BTBT
2025-02-05 09:29:00,3.21,3.21,3.21,3.21,515.0,BTBT
2025-02-05 09:27:00,3.2,3.21,3.19,3.2,31.0,BTBT
2025-02-05 09:26:00,3.21,3.21,3.2,3.209,187.0,BTBT
2025-02-05 09:23:00,3.2101,3.2101,3.2101,3.2101,283.0,BTBT
2025-02-05 09:22:00,3.21,3.21,3.21,3.21,24.0,BTBT
2025-02-05 09:19:00,3.2102,3.2102,3.2101,3.2102,1500.0,BTBT
2025-02-05 09:18:00,3.21,3.21,3.2,3.21,7523.0,BTBT
2025-02-05 09:17:00,3.2,3.21,3.2,3.2,750.0,BTBT
2025-02-05 09:16:00,3.21,3.21,3.2,3.2095,87.0,BTBT
2025-02-05 09:14:00,3.1909,3.1909,3.1909,3.1909,7.0,BTBT
2025-02-05 09:12:00,3.1901,3.1901,3.1901,3.1901,1000.0,BTBT
2025-02-05 09:11:00,3.2,3.2,3.2,3.2,2241.0,BTBT
2025-02-05 09:09:00,3.2,3.2,3.2,3.2,2.0,BTBT
2025-02-05 09:06:00,3.21,3.21,3.21,3.21,100.0,BTBT
2025-02-05 09:04:00,3.19,3.19,3.19,3.19,100.0,BTBT
2025-02-05 09:03:00,3.19,3.2,3.19,3.2,1500.0,BTBT
2025-02-05 09:01:00,3.19,3.19,3.19,3.19,150.0,BTBT
2025-02-05 09:00:00,3.2095,3.2095,3.2095,3.2095,2.0,BTBT
2025-02-05 08:57:00,3.2092,3.2092,3.2092,3.2092,100.0,BTBT
2025-02-05 08:56:00,3.2,3.209,3.2,3.209,320.0,BTBT
2025-02-05 08:55:00,3.2,3.2,3.1903,3.2,275.0,BTBT
2025-02-05 08:50:00,3.2,3.2,3.2,3.2,275.0,BTBT
2025-02-05 08:49:00,3.19,3.21,3.19,3.21,223.0,BTBT
2025-02-05 08:48:00,3.2,3.2,3.2,3.2,1258.0,BTBT
2025-02-05 08:47:00,3.19,3.1903,3.19,3.1903,5.0,BTBT
2025-02-05 08:44:00,3.2,3.2,3.2,3.2,4.0,BTBT
2025-02-05 08:43:00,3.2,3.2,3.2,3.2,54.0,BTBT
2025-02-05 08:42:00,3.1902,3.1902,3.1902,3.1902,1000.0,BTBT
2025-02-05 08:40:00,3.2,3.2,3.2,3.2,10.0,BTBT
2025-02-05 08:39:00,3.1999,3.1999,3.1999,3.1999,100.0,BTBT
2025-02-05 08:38:00,3.19,3.2,3.19,3.2,14383.0,BTBT
2025-02-05 08:37:00,3.1798,3.18,3.1798,3.18,9268.0,BTBT
2025-02-05 08:36:00,3.18,3.18,3.1797,3.1799,6960.0,BTBT
2025-02-05 08:34:00,3.1997,3.1997,3.18,3.18,248.0,BTBT
2025-02-05 08:33:00,3.2,3.2,3.19,3.19,1666.0,BTBT
2025-02-05 08:31:00,3.2,3.21,3.2,3.21,331.0,BTBT
2025-02-05 08:28:00,3.2,3.21,3.2,3.2099,1740.0,BTBT
2025-02-05 08:27:00,3.19,3.1901,3.19,3.19,3199.0,BTBT
2025-02-05 08:25:00,3.18,3.19,3.18,3.18,140.0,BTBT
2025-02-05 08:22:00,3.1801,3.1801,3.1801,3.1801,1000.0,BTBT
2025-02-05 08:20:00,3.19,3.19,3.19,3.19,18.0,BTBT
2025-02-05 08:19:00,3.19,3.19,3.19,3.19,18.0,BTBT
2025-02-05 08:18:00,3.19,3.19,3.19,3.19,4442.0,BTBT
2025-02-05 08:17:00,3.19,3.19,3.19,3.19,48.0,BTBT
2025-02-05 08:15:00,3.2,3.2,3.19,3.1901,818.0,BTBT
2025-02-05 08:14:00,3.2003,3.2003,3.2001,3.2001,1015.0,BTBT
2025-02-05 08:13:00,3.2,3.2,3.2,3.2,527.0,BTBT
2025-02-05 08:09:00,3.21,3.21,3.21,3.21,1.0,BTBT
2025-02-05 08:08:00,3.2,3.2,3.2,3.2,10.0,BTBT
2025-02-05 08:07:00,3.2002,3.21,3.2002,3.21,1005.0,BTBT
2025-02-05 08:06:00,3.21,3.21,3.21,3.21,1022.0,BTBT
2025-02-05 08:03:00,3.21,3.21,3.21,3.21,20.0,BTBT
2025-02-05 08:02:00,3.21,3.21,3.21,3.21,8.0,BTBT
2025-02-05 08:01:00,3.2001,3.2003,3.2001,3.2001,1500.0,BTBT
2025-02-05 08:00:00,3.21,3.23,3.18,3.23,9000.0,BTBT
2025-02-05 07:54:00,3.21,3.21,3.21,3.21,306.0,BTBT
2025-02-05 07:40:00,3.22,3.22,3.22,3.22,15.0,BTBT
2025-02-05 07:24:00,3.21,3.21,3.21,3.21,746.0,BTBT
2025-02-05 07:22:00,3.21,3.21,3.21,3.21,388.0,BTBT
2025-02-05 07:19:00,3.21,3.21,3.2,3.21,2889.0,BTBT
2025-02-05 07:15:00,3.2,3.2,3.19,3.19,4.0,BTBT
2025-02-05 07:10:00,3.2,3.2,3.2,3.2,2.0,BTBT
2025-02-05 07:06:00,3.2,3.2,3.2,3.2,1200.0,BTBT
2025-02-05 07:05:00,3.2,3.2,3.2,3.2,120.0,BTBT
2025-02-05 07:04:00,3.19,3.19,3.19,3.19,1753.0,BTBT
2025-02-05 07:03:00,3.19,3.19,3.19,3.19,500.0,BTBT
2025-02-05 07:00:00,3.19,3.19,3.17,3.18,1943.0,BTBT
2025-02-05 06:59:00,3.18,3.18,3.18,3.18,604.0,BTBT
2025-02-05 06:58:00,3.18,3.18,3.18,3.18,25.0,BTBT
2025-02-05 06:57:00,3.18,3.18,3.18,3.18,400.0,BTBT
2025-02-05 06:56:00,3.19,3.19,3.19,3.19,19.0,BTBT
2025-02-05 06:49:00,3.19,3.19,3.19,3.19,1508.0,BTBT
2025-02-05 06:42:00,3.19,3.19,3.19,3.19,3.0,BTBT
2025-02-05 06:30:00,3.19,3.19,3.19,3.19,1000.0,BTBT
2025-02-05 06:29:00,3.19,3.19,3.19,3.19,313.0,BTBT
2025-02-05 06:28:00,3.19,3.19,3.19,3.19,3.0,BTBT
2025-02-05 06:11:00,3.19,3.19,3.19,3.19,1.0,BTBT
2025-02-05 06:09:00,3.19,3.19,3.19,3.19,1.0,BTBT
2025-02-05 06:08:00,3.19,3.19,3.19,3.19,2.0,BTBT
2025-02-05 06:07:00,3.19,3.19,3.19,3.19,2.0,BTBT
2025-02-05 06:06:00,3.19,3.19,3.19,3.19,3.0,BTBT
2025-02-05 06:05:00,3.19,3.19,3.19,3.19,5.0,BTBT
2025-02-05 05:35:00,3.18,3.18,3.18,3.18,2.0,BTBT
2025-02-05 05:31:00,3.2,3.2,3.2,3.2,1639.0,BTBT
2025-02-05 05:25:00,3.18,3.2,3.18,3.19,868.0,BTBT
2025-02-05 05:20:00,3.17,3.17,3.17,3.17,1303.0,BTBT
2025-02-05 05:15:00,3.16,3.16,3.16,3.16,116.0,BTBT
2025-02-05 05:14:00,3.17,3.17,3.15,3.15,1947.0,BTBT
2025-02-05 05:11:00,3.17,3.17,3.17,3.17,245.0,BTBT
2025-02-05 05:04:00,3.17,3.17,3.17,3.17,135.0,BTBT
2025-02-05 04:49:00,3.17,3.17,3.17,3.17,3.0,BTBT
2025-02-05 04:48:00,3.17,3.17,3.17,3.17,102.0,BTBT
2025-02-05 04:44:00,3.18,3.18,3.18,3.18,1.0,BTBT
2025-02-05 04:39:00,3.19,3.19,3.18,3.18,313.0,BTBT
2025-02-05 04:38:00,3.19,3.19,3.19,3.19,68.0,BTBT
2025-02-05 04:35:00,3.19,3.19,3.19,3.19,132.0,BTBT
2025-02-05 04:34:00,3.19,3.19,3.19,3.19,100.0,BTBT
2025-02-05 04:32:00,3.19,3.19,3.19,3.19,461.0,BTBT
2025-02-05 04:31:00,3.18,3.18,3.18,3.18,10.0,BTBT
2025-02-05 04:30:00,3.19,3.19,3.19,3.19,4.0,BTBT
2025-02-05 04:27:00,3.19,3.19,3.19,3.19,4.0,BTBT
2025-02-05 04:25:00,3.19,3.19,3.19,3.19,50.0,BTBT
2025-02-05 04:17:00,3.2,3.2,3.2,3.2,53.0,BTBT
2025-02-05 04:14:00,3.22,3.22,3.21,3.21,2159.0,BTBT
2025-02-05 04:13:00,3.22,3.22,3.22,3.22,50.0,BTBT
2025-02-05 04:12:00,3.22,3.22,3.22,3.22,1728.0,BTBT
2025-02-05 04:10:00,3.22,3.22,3.22,3.22,2.0,BTBT
2025-02-05 04:09:00,3.22,3.22,3.22,3.22,113.0,BTBT
2025-02-05 04:08:00,3.225,3.225,3.225,3.225,10.0,BTBT
2025-02-05 04:04:00,3.22,3.225,3.22,3.22,4.0,BTBT
2025-02-05 04:03:00,3.22,3.22,3.22,3.22,17.0,BTBT
2025-02-05 04:02:00,3.22,3.22,3.21,3.22,1448.0,BTBT
2025-02-05 04:01:00,3.22,3.22,3.22,3.22,950.0,BTBT
2025-02-05 04:00:00,3.2,3.24,3.2,3.23,36.0,BTBT
2025-02-04 19:59:00,3.18,3.18,3.18,3.18,6106.0,BTBT
2025-02-04 19:58:00,3.17,3.1702,3.17,3.1702,515.0,BTBT
2025-02-04 19:52:00,3.18,3.18,3.18,3.18,10345.0,BTBT
2025-02-04 19:51:00,3.18,3.18,3.1799,3.1799,2000.0,BTBT
2025-02-04 19:48:00,3.18,3.18,3.18,3.18,4.0,BTBT
2025-02-04 19:46:00,3.17,3.1701,3.17,3.1701,2000.0,BTBT
2025-02-04 19:45:00,3.17,3.18,3.17,3.1701,1121.0,BTBT
2025-02-04 19:44:00,3.16,3.1701,3.16,3.1701,4983.0,BTBT
2025-02-04 19:43:00,3.1503,3.16,3.1503,3.16,200.0,BTBT
2025-02-04 19:42:00,3.16,3.16,3.1502,3.1502,95.0,BTBT
2025-02-04 19:41:00,3.15,3.16,3.15,3.16,3055.0,BTBT
2025-02-04 19:40:00,3.15,3.15,3.15,3.15,50.0,BTBT
2025-02-04 19:39:00,3.1599,3.1599,3.1599,3.1599,20.0,BTBT
2025-02-04 19:37:00,3.16,3.16,3.1599,3.1599,2025.0,BTBT
2025-02-04 19:35:00,3.15,3.15,3.15,3.15,10.0,BTBT
2025-02-04 19:34:00,3.16,3.16,3.1599,3.1599,24.0,BTBT
2025-02-04 19:33:00,3.16,3.16,3.16,3.16,5.0,BTBT
2025-02-04 19:32:00,3.16,3.16,3.16,3.16,5.0,BTBT
2025-02-04 19:29:00,3.1501,3.1501,3.1501,3.1501,400.0,BTBT
2025-02-04 19:26:00,3.16,3.16,3.1598,3.1598,4.0,BTBT
2025-02-04 19:25:00,3.16,3.16,3.1598,3.1598,203.0,BTBT
2025-02-04 19:24:00,3.1599,3.1599,3.1599,3.1599,1400.0,BTBT
2025-02-04 19:22:00,3.1599,3.1599,3.1599,3.1599,200.0,BTBT
2025-02-04 19:21:00,3.16,3.16,3.16,3.16,4.0,BTBT
2025-02-04 19:20:00,3.1599,3.1599,3.1599,3.1599,1.0,BTBT
2025-02-04 19:19:00,3.1598,3.1598,3.1598,3.1598,1.0,BTBT
2025-02-04 19:18:00,3.16,3.16,3.16,3.16,10.0,BTBT
2025-02-04 19:17:00,3.16,3.16,3.16,3.16,3.0,BTBT
2025-02-04 19:16:00,3.17,3.17,3.17,3.17,3.0,BTBT
2025-02-04 19:14:00,3.15,3.15,3.15,3.15,600.0,BTBT
2025-02-04 19:13:00,3.18,3.18,3.18,3.18,3.0,BTBT
2025-02-04 19:09:00,3.17,3.17,3.15,3.15,638.0,BTBT
2025-02-04 19:03:00,3.1505,3.1505,3.1505,3.1505,20.0,BTBT
2025-02-04 19:01:00,3.15,3.15,3.15,3.15,25.0,BTBT
2025-02-04 19:00:00,3.16,3.16,3.16,3.16,13.0,BTBT
2025-02-04 18:56:00,3.155,3.155,3.15,3.15,45.0,BTBT
2025-02-04 18:55:00,3.15,3.15,3.15,3.15,25.0,BTBT
2025-02-04 18:53:00,3.15,3.15,3.15,3.15,25.0,BTBT
2025-02-04 18:50:00,3.16,3.16,3.16,3.16,2.0,BTBT
2025-02-04 18:49:00,3.16,3.16,3.16,3.16,16.0,BTBT
2025-02-04 18:48:00,3.16,3.16,3.16,3.16,1.0,BTBT
2025-02-04 18:47:00,3.17,3.19,3.17,3.19,40.0,BTBT
2025-02-04 18:45:00,3.15,3.15,3.15,3.15,75.0,BTBT
2025-02-04 18:41:00,3.15,3.15,3.15,3.15,5000.0,BTBT
2025-02-04 18:39:00,3.15,3.15,3.15,3.15,3000.0,BTBT
2025-02-04 18:34:00,3.16,3.16,3.1507,3.1507,1000.0,BTBT
2025-02-04 18:28:00,3.15,3.15,3.15,3.15,1.0,BTBT
2025-02-04 18:26:00,3.15,3.15,3.15,3.15,1.0,BTBT
2025-02-04 18:25:00,3.2,3.2,3.2,3.2,4.0,BTBT
2025-02-04 18:20:00,3.17,3.17,3.1609,3.1609,2000.0,BTBT
2025-02-04 18:14:00,3.18,3.18,3.18,3.18,100.0,BTBT
2025-02-04 18:11:00,3.18,3.18,3.18,3.18,1.0,BTBT
2025-02-04 18:09:00,3.1988,3.1988,3.1988,3.1988,1.0,BTBT
2025-02-04 18:08:00,3.2,3.2,3.2,3.2,5.0,BTBT
2025-02-04 18:06:00,3.15,3.15,3.15,3.15,99.0,BTBT
2025-02-04 18:04:00,3.17,3.17,3.17,3.17,21.0,BTBT
2025-02-04 18:02:00,3.2,3.2,3.2,3.2,500.0,BTBT
2025-02-04 17:59:00,3.19,3.19,3.19,3.19,20.0,BTBT
2025-02-04 17:57:00,3.1707,3.1707,3.1707,3.1707,1000.0,BTBT
2025-02-04 17:56:00,3.19,3.19,3.19,3.19,3.0,BTBT
2025-02-04 17:55:00,3.18,3.19,3.18,3.19,91.0,BTBT
2025-02-04 17:54:00,3.19,3.19,3.18,3.19,17.0,BTBT
2025-02-04 17:53:00,3.18,3.18,3.18,3.18,4.0,BTBT
2025-02-04 17:52:00,3.15,3.18,3.14,3.18,13381.0,BTBT
2025-02-04 17:51:00,3.16,3.16,3.16,3.16,3000.0,BTBT
2025-02-04 17:50:00,3.16,3.16,3.16,3.16,95.0,BTBT
2025-02-04 17:46:00,3.17,3.17,3.17,3.17,10.0,BTBT
2025-02-04 17:44:00,3.17,3.17,3.17,3.17,54.0,BTBT
2025-02-04 17:41:00,3.15,3.15,3.15,3.15,2.0,BTBT
2025-02-04 17:38:00,3.17,3.2,3.17,3.2,2020.0,BTBT
2025-02-04 17:37:00,3.1699,3.1699,3.1699,3.1699,200.0,BTBT
2025-02-04 17:36:00,3.16,3.17,3.16,3.17,512.0,BTBT
2025-02-04 17:35:00,3.17,3.17,3.17,3.17,500.0,BTBT
2025-02-04 17:34:00,3.17,3.17,3.17,3.17,500.0,BTBT
2025-02-04 17:33:00,3.17,3.17,3.17,3.17,30.0,BTBT
2025-02-04 17:30:00,3.17,3.17,3.17,3.17,2.0,BTBT
2025-02-04 17:28:00,3.17,3.17,3.17,3.17,250.0,BTBT
2025-02-04 17:27:00,3.16,3.17,3.16,3.17,1085.0,BTBT
2025-02-04 17:26:00,3.17,3.17,3.1699,3.1699,11.0,BTBT
2025-02-04 17:25:00,3.17,3.17,3.17,3.17,81.0,BTBT
2025-02-04 17:24:00,3.17,3.17,3.17,3.17,501.0,BTBT
2025-02-04 17:20:00,3.1601,3.1601,3.1601,3.1601,30.0,BTBT
2025-02-04 17:19:00,3.1601,3.17,3.1601,3.17,1749.0,BTBT
2025-02-04 17:18:00,3.16,3.16,3.16,3.16,1.0,BTBT
2025-02-04 17:17:00,3.16,3.16,3.16,3.16,6574.0,BTBT
2025-02-04 17:16:00,3.16,3.16,3.1598,3.1598,2050.0,BTBT
2025-02-04 17:14:00,3.16,3.16,3.16,3.16,15.0,BTBT
2025-02-04 17:12:00,3.15,3.15,3.15,3.15,900.0,BTBT
2025-02-04 17:11:00,3.1599,3.1599,3.1599,3.1599,100.0,BTBT
2025-02-04 17:08:00,3.16,3.16,3.15,3.16,698.0,BTBT
2025-02-04 17:02:00,3.16,3.16,3.16,3.16,100.0,BTBT
2025-02-04 16:59:00,3.15,3.15,3.15,3.15,1.0,BTBT
2025-02-04 16:58:00,3.15,3.16,3.15,3.1599,6580.0,BTBT
2025-02-04 16:57:00,3.1597,3.1597,3.1597,3.1597,14.0,BTBT
2025-02-04 16:56:00,3.16,3.16,3.15,3.16,5075.0,BTBT
2025-02-04 16:55:00,3.16,3.16,3.1598,3.16,55.0,BTBT
2025-02-04 16:54:00,3.16,3.16,3.15,3.15,1750.0,BTBT
2025-02-04 16:53:00,3.15,3.15,3.15,3.15,700.0,BTBT
2025-02-04 16:52:00,3.15,3.15,3.15,3.15,5.0,BTBT
2025-02-04 16:51:00,3.16,3.17,3.16,3.17,103.0,BTBT
2025-02-04 16:49:00,3.18,3.18,3.16,3.16,385.0,BTBT
2025-02-04 16:48:00,3.1497,3.2,3.1497,3.17,12189.0,BTBT
2025-02-04 16:47:00,3.15,3.15,3.1402,3.1402,8743.0,BTBT
2025-02-04 16:46:00,3.1497,3.15,3.1497,3.1498,4470.0,BTBT
2025-02-04 16:45:00,3.1491,3.15,3.1491,3.1492,1029.0,BTBT
2025-02-04 16:44:00,3.15,3.15,3.14,3.1496,155.0,BTBT
2025-02-04 16:43:00,3.2,3.2,3.13,3.14,7652.0,BTBT
2025-02-04 16:42:00,3.2,3.2,3.1905,3.1905,704.0,BTBT
2025-02-04 16:41:00,3.2095,3.2095,3.2095,3.2095,50.0,BTBT
2025-02-04 16:40:00,3.2,3.2,3.2,3.2,1200.0,BTBT
2025-02-04 16:39:00,3.2,3.2001,3.2,3.2,632.0,BTBT
2025-02-04 16:37:00,3.2,3.2099,3.2,3.2099,607.0,BTBT
2025-02-04 16:36:00,3.2,3.2001,3.2,3.2001,1600.0,BTBT
2025-02-04 16:35:00,3.2,3.2,3.2,3.2,53.0,BTBT
2025-02-04 16:34:00,3.21,3.21,3.21,3.21,25.0,BTBT
2025-02-04 16:33:00,3.2,3.21,3.2,3.21,136.0,BTBT
2025-02-04 16:32:00,3.2,3.2,3.19,3.19,1316.0,BTBT
2025-02-04 16:30:00,3.21,3.22,3.2,3.2005,1400.0,BTBT
2025-02-04 16:28:00,3.21,3.21,3.21,3.21,628.0,BTBT
2025-02-04 16:26:00,3.21,3.22,3.21,3.22,16.0,BTBT
2025-02-04 16:25:00,3.22,3.22,3.21,3.21,1025.0,BTBT
2025-02-04 16:24:00,3.22,3.22,3.2102,3.2102,2692.0,BTBT
2025-02-04 16:23:00,3.21,3.22,3.21,3.22,439.0,BTBT
2025-02-04 16:22:00,3.21,3.21,3.21,3.21,5.0,BTBT
2025-02-04 16:15:00,3.2297,3.23,3.2297,3.23,260.0,BTBT
2025-02-04 16:12:00,3.23,3.23,3.23,3.23,40.0,BTBT
2025-02-04 16:10:00,3.22,3.23,3.22,3.23,200.0,BTBT
2025-02-04 16:09:00,3.22,3.22,3.21,3.21,221.0,BTBT
2025-02-04 16:08:00,3.2198,3.22,3.2198,3.22,311.0,BTBT
2025-02-04 16:07:00,3.22,3.2201,3.21,3.2199,2420.0,BTBT
2025-02-04 16:06:00,3.2298,3.2298,3.2203,3.2203,117.0,BTBT
2025-02-04 16:05:00,3.23,3.23,3.2298,3.2299,252.0,BTBT
2025-02-04 16:03:00,3.23,3.23,3.23,3.23,107.0,BTBT
2025-02-04 16:02:00,3.23,3.23,3.23,3.23,4195.0,BTBT
2025-02-04 16:01:00,3.23,3.23,3.23,3.23,1996.0,BTBT
2025-02-04 16:00:00,3.23,3.23,3.23,3.23,366988.0,BTBT
2025-02-04 15:59:00,3.225,3.23,3.22,3.23,46208.0,BTBT
2025-02-04 15:58:00,3.225,3.23,3.22,3.23,16681.0,BTBT
2025-02-04 15:57:00,3.225,3.23,3.22,3.225,16864.0,BTBT
2025-02-04 15:56:00,3.2364,3.2364,3.22,3.225,66474.0,BTBT
2025-02-04 15:55:00,3.235,3.235,3.23,3.23,38319.0,BTBT
2025-02-04 15:54:00,3.2377,3.24,3.23,3.23,12721.0,BTBT
2025-02-04 15:53:00,3.235,3.24,3.23,3.2352,5850.0,BTBT
2025-02-04 15:52:00,3.2332,3.24,3.23,3.235,12248.0,BTBT
2025-02-04 15:51:00,3.235,3.24,3.23,3.23,38198.0,BTBT
2025-02-04 15:50:00,3.245,3.245,3.23,3.235,136462.0,BTBT
2025-02-04 15:49:00,3.2543,3.2558,3.2401,3.245,79924.0,BTBT
2025-02-04 15:48:00,3.25,3.26,3.2401,3.255,72682.0,BTBT
2025-02-04 15:47:00,3.245,3.25,3.2401,3.245,64135.0,BTBT
2025-02-04 15:46:00,3.2405,3.25,3.2405,3.245,8630.0,BTBT
2025-02-04 15:45:00,3.235,3.25,3.235,3.245,94217.0,BTBT
2025-02-04 15:44:00,3.24,3.24,3.2349,3.24,6542.0,BTBT
2025-02-04 15:43:00,3.235,3.24,3.23,3.24,11635.0,BTBT
2025-02-04 15:42:00,3.23,3.24,3.23,3.2387,10670.0,BTBT
2025-02-04 15:41:00,3.235,3.24,3.2327,3.235,4940.0,BTBT
2025-02-04 15:40:00,3.24,3.24,3.2301,3.2325,23432.0,BTBT
2025-02-04 15:39:00,3.24,3.24,3.2305,3.2305,61384.0,BTBT
2025-02-04 15:38:00,3.235,3.24,3.2305,3.24,10073.0,BTBT
2025-02-04 15:37:00,3.235,3.24,3.23,3.235,22411.0,BTBT
2025-02-04 15:36:00,3.2302,3.24,3.2302,3.235,22970.0,BTBT
2025-02-04 15:35:00,3.2273,3.24,3.225,3.2301,76107.0,BTBT
2025-02-04 15:34:00,3.215,3.2299,3.21,3.225,66621.0,BTBT
2025-02-04 15:33:00,3.21,3.22,3.205,3.215,33421.0,BTBT
2025-02-04 15:32:00,3.21,3.21,3.203,3.21,4474.0,BTBT
2025-02-04 15:31:00,3.21,3.2152,3.205,3.205,35694.0,BTBT
2025-02-04 15:30:00,3.2008,3.22,3.1912,3.21,158100.0,BTBT
2025-02-04 15:29:00,3.21,3.22,3.2,3.2,45449.0,BTBT
2025-02-04 15:28:00,3.21,3.21,3.205,3.205,38753.0,BTBT
2025-02-04 15:27:00,3.219,3.22,3.2036,3.2089,72528.0,BTBT
2025-02-04 15:26:00,3.204,3.22,3.204,3.2164,44473.0,BTBT
2025-02-04 15:25:00,3.2001,3.22,3.2,3.21,104288.0,BTBT
2025-02-04 15:24:00,3.21,3.21,3.205,3.21,3920.0,BTBT
2025-02-04 15:23:00,3.2022,3.21,3.2,3.205,8291.0,BTBT
2025-02-04 15:22:00,3.195,3.21,3.195,3.21,21860.0,BTBT
2025-02-04 15:21:00,3.2,3.2032,3.19,3.195,42826.0,BTBT
2025-02-04 15:20:00,3.2075,3.2152,3.2,3.2011,72618.0,BTBT
2025-02-04 15:19:00,3.215,3.215,3.2,3.21,80797.0,BTBT
2025-02-04 15:18:00,3.215,3.22,3.2101,3.215,14203.0,BTBT
2025-02-04 15:17:00,3.215,3.22,3.21,3.22,24776.0,BTBT
2025-02-04 15:16:00,3.21,3.22,3.21,3.2112,20963.0,BTBT
2025-02-04 15:15:00,3.2,3.21,3.2,3.21,11555.0,BTBT
2025-02-04 15:14:00,3.195,3.2,3.19,3.195,44215.0,BTBT
2025-02-04 15:13:00,3.18,3.2,3.18,3.1929,37466.0,BTBT
2025-02-04 15:12:00,3.2,3.2,3.18,3.185,57729.0,BTBT
2025-02-04 15:11:00,3.1999,3.2,3.19,3.195,2604.0,BTBT
2025-02-04 15:10:00,3.195,3.2052,3.195,3.1999,23294.0,BTBT
2025-02-04 15:09:00,3.17,3.1952,3.17,3.195,50584.0,BTBT
2025-02-04 15:08:00,3.1794,3.185,3.17,3.18,46758.0,BTBT
2025-02-04 15:07:00,3.172,3.18,3.17,3.1799,6785.0,BTBT
2025-02-04 15:06:00,3.185,3.1881,3.17,3.175,32464.0,BTBT
2025-02-04 15:05:00,3.185,3.19,3.18,3.19,43849.0,BTBT
2025-02-04 15:04:00,3.185,3.19,3.18,3.18,33143.0,BTBT
2025-02-04 15:03:00,3.185,3.185,3.185,3.185,13074.0,BTBT
2025-02-04 15:02:00,3.1801,3.19,3.18,3.185,6998.0,BTBT
2025-02-04 15:01:00,3.18,3.1952,3.18,3.1801,91421.0,BTBT
2025-02-04 15:00:00,3.18,3.18,3.17,3.18,45213.0,BTBT
2025-02-04 14:59:00,3.18,3.1865,3.17,3.18,48014.0,BTBT
2025-02-04 14:58:00,3.19,3.19,3.18,3.185,19364.0,BTBT
2025-02-04 14:56:00,3.195,3.2,3.1909,3.195,9170.0,BTBT
2025-02-04 14:55:00,3.19,3.1999,3.18,3.19,34389.0,BTBT
2025-02-04 14:54:00,3.185,3.1899,3.18,3.1884,17683.0,BTBT
2025-02-04 14:53:00,3.18,3.2,3.18,3.1848,94415.0,BTBT
2025-02-04 14:52:00,3.1917,3.1952,3.185,3.185,25999.0,BTBT
2025-02-04 14:51:00,3.195,3.1997,3.19,3.1901,40114.0,BTBT
2025-02-04 14:50:00,3.2,3.205,3.19,3.1989,22382.0,BTBT
2025-02-04 14:49:00,3.195,3.208,3.19,3.205,22446.0,BTBT
2025-02-04 14:48:00,3.2,3.2,3.19,3.1903,105895.0,BTBT
2025-02-04 14:47:00,3.2,3.21,3.1901,3.21,87084.0,BTBT
2025-02-04 14:46:00,3.21,3.2152,3.2048,3.2092,51976.0,BTBT
2025-02-04 14:45:00,3.2136,3.22,3.21,3.2101,13539.0,BTBT
2025-02-04 14:44:00,3.215,3.22,3.21,3.2101,47028.0,BTBT
2025-02-04 14:43:00,3.21,3.2152,3.21,3.215,5886.0,BTBT
2025-02-04 14:42:00,3.205,3.215,3.2,3.2109,66722.0,BTBT
2025-02-04 14:41:00,3.21,3.2152,3.2,3.205,39914.0,BTBT
2025-02-04 14:40:00,3.2199,3.2199,3.21,3.21,19579.0,BTBT
2025-02-04 14:39:00,3.22,3.22,3.21,3.2171,38473.0,BTBT
2025-02-04 14:38:00,3.225,3.2264,3.22,3.2206,21412.0,BTBT
2025-02-04 14:37:00,3.225,3.2287,3.225,3.2287,1730.0,BTBT
2025-02-04 14:36:00,3.225,3.2299,3.225,3.2299,9272.0,BTBT
2025-02-04 14:35:00,3.215,3.23,3.21,3.2299,49595.0,BTBT
2025-02-04 14:34:00,3.215,3.215,3.215,3.215,1681.0,BTBT
2025-02-04 14:33:00,3.215,3.215,3.21,3.215,3265.0,BTBT
2025-02-04 14:32:00,3.2201,3.2232,3.21,3.215,33312.0,BTBT
2025-02-04 14:31:00,3.225,3.2252,3.22,3.225,45723.0,BTBT
2025-02-04 14:30:00,3.2193,3.23,3.21,3.22,37597.0,BTBT
2025-02-04 14:29:00,3.22,3.22,3.21,3.2101,38706.0,BTBT
2025-02-04 14:28:00,3.22,3.2242,3.22,3.22,2162.0,BTBT
2025-02-04 14:27:00,3.23,3.23,3.22,3.22,44012.0,BTBT
2025-02-04 14:26:00,3.235,3.2352,3.23,3.2309,15579.0,BTBT
2025-02-04 14:25:00,3.225,3.24,3.225,3.235,58776.0,BTBT
2025-02-04 14:24:00,3.225,3.2285,3.22,3.225,7787.0,BTBT
2025-02-04 14:23:00,3.2299,3.23,3.22,3.2212,13093.0,BTBT
2025-02-04 14:22:00,3.235,3.236,3.2201,3.2212,29718.0,BTBT
2025-02-04 14:21:00,3.22,3.24,3.22,3.23,130264.0,BTBT
2025-02-04 14:20:00,3.22,3.23,3.21,3.2299,52251.0,BTBT
2025-02-04 14:19:00,3.2195,3.22,3.2101,3.215,23299.0,BTBT
2025-02-04 14:18:00,3.215,3.22,3.21,3.21,26298.0,BTBT
2025-02-04 14:17:00,3.22,3.225,3.21,3.215,105897.0,BTBT
2025-02-04 14:16:00,3.2,3.225,3.2,3.21,102828.0,BTBT
2025-02-04 14:15:00,3.19,3.2099,3.19,3.205,45437.0,BTBT
2025-02-04 14:14:00,3.195,3.195,3.19,3.195,12278.0,BTBT
2025-02-04 14:13:00,3.195,3.2,3.19,3.195,43883.0,BTBT
2025-02-04 14:12:00,3.1905,3.2,3.1905,3.1999,21254.0,BTBT
2025-02-04 14:11:00,3.195,3.1988,3.19,3.1988,2561.0,BTBT
2025-02-04 14:10:00,3.19,3.1969,3.19,3.1969,21170.0,BTBT
2025-02-04 14:09:00,3.185,3.19,3.185,3.1899,8216.0,BTBT
2025-02-04 14:08:00,3.18,3.18,3.18,3.18,577.0,BTBT
2025-02-04 14:07:00,3.18,3.19,3.18,3.1811,26861.0,BTBT
2025-02-04 14:06:00,3.18,3.18,3.17,3.18,675.0,BTBT
2025-02-04 14:05:00,3.175,3.175,3.17,3.1711,1869.0,BTBT
2025-02-04 14:04:00,3.175,3.175,3.175,3.175,2893.0,BTBT
2025-02-04 14:03:00,3.1727,3.18,3.1727,3.1791,7097.0,BTBT
2025-02-04 14:02:00,3.17,3.175,3.17,3.17,28799.0,BTBT
2025-02-04 14:01:00,3.155,3.17,3.155,3.165,25592.0,BTBT
2025-02-04 14:00:00,3.16,3.16,3.155,3.155,34502.0,BTBT
2025-02-04 13:59:00,3.16,3.16,3.16,3.16,2631.0,BTBT
2025-02-04 13:58:00,3.16,3.165,3.16,3.165,10935.0,BTBT
2025-02-04 13:57:00,3.16,3.16,3.16,3.16,3109.0,BTBT
2025-02-04 13:56:00,3.16,3.165,3.16,3.16,10571.0,BTBT
2025-02-04 13:55:00,3.17,3.17,3.16,3.165,25562.0,BTBT
2025-02-04 13:54:00,3.17,3.179,3.17,3.179,3452.0,BTBT
2025-02-04 13:53:00,3.1701,3.1755,3.17,3.17,11523.0,BTBT
2025-02-04 13:52:00,3.17,3.1799,3.17,3.1709,5700.0,BTBT
2025-02-04 13:51:00,3.18,3.18,3.173,3.175,23119.0,BTBT
2025-02-04 13:50:00,3.18,3.1877,3.18,3.18,3598.0,BTBT
2025-02-04 13:49:00,3.18,3.185,3.18,3.1811,8950.0,BTBT
2025-02-04 13:48:00,3.18,3.185,3.18,3.18,2010.0,BTBT
2025-02-04 13:47:00,3.18,3.185,3.18,3.185,2339.0,BTBT
2025-02-04 13:46:00,3.185,3.185,3.18,3.185,2203.0,BTBT
2025-02-04 13:45:00,3.18,3.19,3.18,3.19,969.0,BTBT
2025-02-04 13:44:00,3.1899,3.1899,3.18,3.185,3717.0,BTBT
2025-02-04 13:43:00,3.18,3.19,3.175,3.182,45040.0,BTBT
2025-02-04 13:42:00,3.175,3.1752,3.175,3.175,3456.0,BTBT
2025-02-04 13:41:00,3.16,3.1752,3.16,3.175,50452.0,BTBT
2025-02-04 13:40:00,3.17,3.17,3.165,3.165,2985.0,BTBT
2025-02-04 13:39:00,3.165,3.165,3.165,3.165,333.0,BTBT
2025-02-04 13:38:00,3.1636,3.17,3.16,3.1603,2180.0,BTBT
2025-02-04 13:37:00,3.16,3.17,3.16,3.16,2654.0,BTBT
2025-02-04 13:36:00,3.1638,3.165,3.16,3.1601,3056.0,BTBT
2025-02-04 13:35:00,3.16,3.165,3.16,3.1644,3558.0,BTBT
2025-02-04 13:34:00,3.16,3.1652,3.16,3.16,5046.0,BTBT
2025-02-04 13:33:00,3.155,3.1674,3.155,3.165,23832.0,BTBT
2025-02-04 13:32:00,3.155,3.16,3.15,3.15,56280.0,BTBT
2025-02-04 13:31:00,3.1567,3.1567,3.15,3.155,2341.0,BTBT
2025-02-04 13:30:00,3.15,3.1518,3.15,3.1518,1008.0,BTBT
2025-02-04 13:29:00,3.15,3.155,3.15,3.1515,1705.0,BTBT
2025-02-04 13:28:00,3.15,3.155,3.15,3.155,10219.0,BTBT
2025-02-04 13:27:00,3.1508,3.155,3.15,3.15,5010.0,BTBT
2025-02-04 13:26:00,3.15,3.155,3.15,3.15,7537.0,BTBT
2025-02-04 13:25:00,3.15,3.1597,3.15,3.1597,6260.0,BTBT
2025-02-04 13:24:00,3.155,3.155,3.15,3.155,29999.0,BTBT
2025-02-04 13:23:00,3.155,3.1599,3.15,3.155,11402.0,BTBT
2025-02-04 13:22:00,3.1552,3.1552,3.15,3.15,1514.0,BTBT
2025-02-04 13:21:00,3.1501,3.1565,3.15,3.15,2613.0,BTBT
2025-02-04 13:20:00,3.1536,3.155,3.14,3.155,103919.0,BTBT
2025-02-04 13:19:00,3.15,3.155,3.14,3.1508,27680.0,BTBT
2025-02-04 13:18:00,3.1401,3.145,3.14,3.14,7640.0,BTBT
2025-02-04 13:17:00,3.15,3.15,3.14,3.14,15069.0,BTBT
2025-02-04 13:16:00,3.135,3.15,3.13,3.145,39958.0,BTBT
2025-02-04 13:15:00,3.135,3.14,3.13,3.135,3355.0,BTBT
2025-02-04 13:14:00,3.13,3.1375,3.13,3.135,2722.0,BTBT
2025-02-04 13:13:00,3.13,3.14,3.13,3.13,3466.0,BTBT
2025-02-04 13:12:00,3.135,3.1368,3.13,3.13,911.0,BTBT
2025-02-04 13:11:00,3.135,3.1388,3.13,3.1388,4387.0,BTBT
2025-02-04 13:10:00,3.1399,3.14,3.13,3.1389,7800.0,BTBT
2025-02-04 13:09:00,3.1316,3.135,3.13,3.13,7141.0,BTBT
2025-02-04 13:08:00,3.13,3.135,3.13,3.13,13042.0,BTBT
2025-02-04 13:07:00,3.14,3.14,3.13,3.13,40681.0,BTBT
2025-02-04 13:06:00,3.135,3.1395,3.135,3.135,6202.0,BTBT
2025-02-04 13:05:00,3.13,3.1386,3.13,3.13,7529.0,BTBT
2025-02-04 13:04:00,3.14,3.1432,3.13,3.1315,54214.0,BTBT
2025-02-04 13:03:00,3.14,3.1415,3.14,3.1406,21549.0,BTBT
2025-02-04 13:02:00,3.1405,3.145,3.13,3.14,43131.0,BTBT
2025-02-04 13:01:00,3.1505,3.155,3.14,3.14,16207.0,BTBT
2025-02-04 13:00:00,3.145,3.16,3.145,3.15,50938.0,BTBT
2025-02-04 12:59:00,3.145,3.145,3.14,3.145,3218.0,BTBT
2025-02-04 12:58:00,3.14,3.15,3.14,3.1495,4226.0,BTBT
2025-02-04 12:57:00,3.145,3.1497,3.14,3.14,5287.0,BTBT
2025-02-04 12:56:00,3.145,3.145,3.14,3.14,4122.0,BTBT
2025-02-04 12:55:00,3.145,3.148,3.14,3.148,3452.0,BTBT
2025-02-04 12:54:00,3.14,3.14,3.14,3.14,818.0,BTBT
2025-02-04 12:53:00,3.145,3.1499,3.14,3.1499,3182.0,BTBT
2025-02-04 12:52:00,3.145,3.145,3.14,3.145,2076.0,BTBT
2025-02-04 12:51:00,3.14,3.142,3.14,3.142,741.0,BTBT
2025-02-04 12:50:00,3.14,3.145,3.14,3.145,27315.0,BTBT
2025-02-04 12:49:00,3.145,3.15,3.14,3.14,2321.0,BTBT
2025-02-04 12:48:00,3.145,3.15,3.145,3.145,3069.0,BTBT
2025-02-04 12:47:00,3.14,3.15,3.14,3.1492,28786.0,BTBT
2025-02-04 12:46:00,3.1409,3.1469,3.14,3.1469,3219.0,BTBT
2025-02-04 12:45:00,3.1507,3.155,3.14,3.14,13959.0,BTBT
2025-02-04 12:43:00,3.145,3.155,3.145,3.15,12259.0,BTBT
2025-02-04 12:42:00,3.15,3.15,3.15,3.15,146.0,BTBT
2025-02-04 12:41:00,3.145,3.15,3.14,3.14,4002.0,BTBT
2025-02-04 12:40:00,3.1501,3.155,3.14,3.14,12865.0,BTBT
2025-02-04 12:39:00,3.15,3.1569,3.15,3.1569,2711.0,BTBT
2025-02-04 12:38:00,3.15,3.1582,3.15,3.1582,13579.0,BTBT
2025-02-04 12:37:00,3.155,3.16,3.1526,3.155,4034.0,BTBT
2025-02-04 12:36:00,3.15,3.1599,3.15,3.155,29241.0,BTBT
2025-02-04 12:35:00,3.15,3.15,3.145,3.145,587.0,BTBT
2025-02-04 12:34:00,3.14,3.145,3.14,3.14,2253.0,BTBT
2025-02-04 12:33:00,3.145,3.15,3.145,3.1452,3208.0,BTBT
2025-02-04 12:32:00,3.14,3.1452,3.14,3.1452,3008.0,BTBT
2025-02-04 12:31:00,3.1403,3.15,3.14,3.1407,21107.0,BTBT
2025-02-04 12:30:00,3.13,3.145,3.13,3.1404,76857.0,BTBT
2025-02-04 12:29:00,3.1452,3.1452,3.13,3.13,11280.0,BTBT
2025-02-04 12:28:00,3.145,3.1452,3.14,3.1404,14105.0,BTBT
2025-02-04 12:27:00,3.135,3.1499,3.13,3.145,39924.0,BTBT
2025-02-04 12:26:00,3.13,3.135,3.13,3.135,9696.0,BTBT
2025-02-04 12:25:00,3.1399,3.14,3.13,3.13,8588.0,BTBT
2025-02-04 12:24:00,3.14,3.14,3.13,3.135,32563.0,BTBT
2025-02-04 12:23:00,3.1463,3.1499,3.14,3.145,11279.0,BTBT
2025-02-04 12:22:00,3.1406,3.145,3.14,3.1432,10726.0,BTBT
2025-02-04 12:21:00,3.15,3.15,3.13,3.145,143704.0,BTBT
2025-02-04 12:20:00,3.15,3.154,3.15,3.15,3106.0,BTBT
2025-02-04 12:19:00,3.155,3.155,3.15,3.1501,4392.0,BTBT
2025-02-04 12:18:00,3.15,3.155,3.15,3.155,6354.0,BTBT
2025-02-04 12:17:00,3.155,3.155,3.15,3.155,5071.0,BTBT
2025-02-04 12:16:00,3.165,3.1693,3.15,3.155,63363.0,BTBT
2025-02-04 12:15:00,3.16,3.165,3.15,3.165,28439.0,BTBT
2025-02-04 12:14:00,3.155,3.16,3.15,3.155,13344.0,BTBT
2025-02-04 12:13:00,3.155,3.155,3.15,3.155,11707.0,BTBT
2025-02-04 12:12:00,3.15,3.1599,3.15,3.1599,2456.0,BTBT
2025-02-04 12:11:00,3.1565,3.1565,3.15,3.155,10515.0,BTBT
2025-02-04 12:10:00,3.15,3.16,3.15,3.15,12346.0,BTBT
2025-02-04 12:09:00,3.15,3.16,3.15,3.155,4386.0,BTBT
2025-02-04 12:08:00,3.1527,3.155,3.15,3.15,11225.0,BTBT
2025-02-04 12:07:00,3.16,3.16,3.15,3.155,37422.0,BTBT
2025-02-04 12:06:00,3.15,3.1582,3.15,3.155,3750.0,BTBT
2025-02-04 12:05:00,3.155,3.16,3.15,3.15,31398.0,BTBT
2025-02-04 12:04:00,3.165,3.165,3.15,3.155,19046.0,BTBT
2025-02-04 12:03:00,3.155,3.165,3.15,3.1607,30583.0,BTBT
2025-02-04 12:02:00,3.156,3.156,3.15,3.15,5833.0,BTBT
2025-02-04 12:01:00,3.175,3.175,3.15,3.15,53008.0,BTBT
2025-02-04 12:00:00,3.1701,3.18,3.17,3.175,5535.0,BTBT
2025-02-04 11:59:00,3.185,3.185,3.17,3.17,8677.0,BTBT
2025-02-04 11:58:00,3.185,3.185,3.18,3.185,5885.0,BTBT
2025-02-04 11:57:00,3.185,3.19,3.18,3.19,3171.0,BTBT
2025-02-04 11:56:00,3.185,3.19,3.185,3.185,11208.0,BTBT
2025-02-04 11:55:00,3.19,3.1901,3.1814,3.185,6236.0,BTBT
2025-02-04 11:54:00,3.1901,3.195,3.19,3.1929,24204.0,BTBT
2025-02-04 11:53:00,3.1801,3.2,3.18,3.19,40564.0,BTBT
2025-02-04 11:52:00,3.18,3.1865,3.18,3.18,26288.0,BTBT
2025-02-04 11:51:00,3.1808,3.19,3.18,3.18,14268.0,BTBT
2025-02-04 11:50:00,3.185,3.19,3.18,3.185,48655.0,BTBT
2025-02-04 11:49:00,3.195,3.195,3.18,3.18,43223.0,BTBT
2025-02-04 11:48:00,3.175,3.1999,3.17,3.195,60727.0,BTBT
2025-02-04 11:47:00,3.17,3.18,3.17,3.175,10494.0,BTBT
2025-02-04 11:46:00,3.19,3.19,3.17,3.17,100923.0,BTBT
2025-02-04 11:45:00,3.205,3.205,3.19,3.195,75578.0,BTBT
2025-02-04 11:44:00,3.185,3.205,3.18,3.205,71132.0,BTBT
2025-02-04 11:43:00,3.185,3.185,3.18,3.185,6120.0,BTBT
2025-02-04 11:42:00,3.17,3.185,3.17,3.185,36361.0,BTBT
2025-02-04 11:41:00,3.18,3.18,3.17,3.175,44218.0,BTBT
2025-02-04 11:40:00,3.19,3.19,3.18,3.1814,14334.0,BTBT
2025-02-04 11:39:00,3.18,3.18,3.18,3.18,1057.0,BTBT
2025-02-04 11:38:00,3.195,3.2,3.18,3.18,41331.0,BTBT
2025-02-04 11:37:00,3.185,3.195,3.18,3.195,18069.0,BTBT
2025-02-04 11:36:00,3.1908,3.195,3.18,3.185,33785.0,BTBT
2025-02-04 11:35:00,3.19,3.1989,3.19,3.195,5838.0,BTBT
2025-02-04 11:34:00,3.195,3.195,3.1848,3.195,46035.0,BTBT
2025-02-04 11:33:00,3.191,3.2,3.1908,3.195,14422.0,BTBT
2025-02-04 11:32:00,3.175,3.195,3.175,3.195,32275.0,BTBT
2025-02-04 11:31:00,3.17,3.175,3.17,3.175,2925.0,BTBT
2025-02-04 11:30:00,3.18,3.185,3.17,3.175,16903.0,BTBT
2025-02-04 11:29:00,3.165,3.18,3.165,3.17,28205.0,BTBT
2025-02-04 11:28:00,3.16,3.17,3.16,3.165,5166.0,BTBT
2025-02-04 11:27:00,3.165,3.17,3.16,3.165,4805.0,BTBT
2025-02-04 11:26:00,3.1652,3.1652,3.16,3.165,3969.0,BTBT
2025-02-04 11:25:00,3.16,3.166,3.16,3.166,6122.0,BTBT
2025-02-04 11:24:00,3.155,3.1699,3.15,3.1688,28210.0,BTBT
2025-02-04 11:23:00,3.16,3.165,3.15,3.15,20318.0,BTBT
2025-02-04 11:22:00,3.165,3.17,3.16,3.165,21618.0,BTBT
2025-02-04 11:21:00,3.16,3.165,3.16,3.165,9383.0,BTBT
2025-02-04 11:20:00,3.155,3.1567,3.152,3.152,4166.0,BTBT
2025-02-04 11:19:00,3.16,3.16,3.15,3.155,22188.0,BTBT
2025-02-04 11:18:00,3.17,3.17,3.16,3.16,13775.0,BTBT
2025-02-04 11:17:00,3.17,3.18,3.17,3.17,4255.0,BTBT
2025-02-04 11:16:00,3.17,3.18,3.17,3.17,1053.0,BTBT
2025-02-04 11:15:00,3.1701,3.1793,3.17,3.175,14704.0,BTBT
2025-02-04 11:14:00,3.165,3.1764,3.16,3.1701,84966.0,BTBT
2025-02-04 11:13:00,3.165,3.1787,3.16,3.1699,43221.0,BTBT
2025-02-04 11:12:00,3.1596,3.165,3.155,3.1608,33938.0,BTBT
2025-02-04 11:11:00,3.14,3.16,3.14,3.16,22447.0,BTBT
2025-02-04 11:10:00,3.1596,3.16,3.14,3.1452,31091.0,BTBT
2025-02-04 11:09:00,3.16,3.16,3.155,3.155,2940.0,BTBT
2025-02-04 11:08:00,3.17,3.17,3.16,3.16,40465.0,BTBT
2025-02-04 11:07:00,3.17,3.175,3.16,3.175,49483.0,BTBT
2025-02-04 11:06:00,3.17,3.18,3.17,3.17,3836.0,BTBT
2025-02-04 11:05:00,3.17,3.18,3.17,3.1711,22023.0,BTBT
2025-02-04 11:04:00,3.18,3.18,3.17,3.17,4133.0,BTBT
2025-02-04 11:03:00,3.17,3.1763,3.17,3.175,7132.0,BTBT
2025-02-04 11:02:00,3.185,3.185,3.17,3.17,16516.0,BTBT
2025-02-04 11:01:00,3.195,3.195,3.18,3.1869,15359.0,BTBT
2025-02-04 11:00:00,3.2,3.2092,3.19,3.195,27321.0,BTBT
2025-02-04 10:59:00,3.19,3.21,3.19,3.195,88115.0,BTBT
2025-02-04 10:58:00,3.19,3.2,3.18,3.195,60815.0,BTBT
2025-02-04 10:57:00,3.1899,3.2,3.18,3.195,68410.0,BTBT
2025-02-04 10:56:00,3.18,3.19,3.18,3.185,45442.0,BTBT
2025-02-04 10:55:00,3.205,3.205,3.18,3.185,39126.0,BTBT
2025-02-04 10:54:00,3.1899,3.2099,3.1895,3.2,123661.0,BTBT
2025-02-04 10:53:00,3.1793,3.19,3.17,3.185,43122.0,BTBT
2025-02-04 10:52:00,3.1782,3.18,3.17,3.18,23210.0,BTBT
2025-02-04 10:51:00,3.191,3.195,3.17,3.1748,59709.0,BTBT
2025-02-04 10:50:00,3.215,3.215,3.18,3.1907,76071.0,BTBT
2025-02-04 10:49:00,3.215,3.22,3.21,3.215,57846.0,BTBT
2025-02-04 10:48:00,3.201,3.22,3.201,3.2101,48695.0,BTBT
2025-02-04 10:47:00,3.19,3.205,3.184,3.205,109534.0,BTBT
2025-02-04 10:46:00,3.195,3.1999,3.19,3.1903,34322.0,BTBT
2025-02-04 10:45:00,3.1898,3.2,3.1829,3.19,38558.0,BTBT
2025-02-04 10:44:00,3.1876,3.19,3.18,3.1848,72035.0,BTBT
2025-02-04 10:43:00,3.2,3.21,3.18,3.185,43355.0,BTBT
2025-02-04 10:42:00,3.1949,3.2073,3.19,3.205,34032.0,BTBT
2025-02-04 10:41:00,3.2093,3.2093,3.19,3.1901,47315.0,BTBT
2025-02-04 10:40:00,3.185,3.205,3.18,3.2,100913.0,BTBT
2025-02-04 10:39:00,3.185,3.1972,3.18,3.18,33533.0,BTBT
2025-02-04 10:38:00,3.175,3.1899,3.17,3.185,103329.0,BTBT
2025-02-04 10:37:00,3.18,3.1899,3.17,3.1796,99301.0,BTBT
2025-02-04 10:36:00,3.19,3.1952,3.1711,3.185,74333.0,BTBT
2025-02-04 10:35:00,3.17,3.191,3.17,3.1906,49194.0,BTBT
2025-02-04 10:34:00,3.1895,3.1895,3.17,3.1799,138627.0,BTBT
2025-02-04 10:33:00,3.1627,3.19,3.16,3.185,160334.0,BTBT
2025-02-04 10:32:00,3.165,3.1699,3.155,3.16,73673.0,BTBT
2025-02-04 10:31:00,3.1508,3.1699,3.14,3.165,166239.0,BTBT
2025-02-04 10:30:00,3.185,3.19,3.15,3.155,165992.0,BTBT
2025-02-04 10:29:00,3.1909,3.1999,3.18,3.1806,80612.0,BTBT
2025-02-04 10:28:00,3.19,3.2,3.18,3.1999,92989.0,BTBT
2025-02-04 10:27:00,3.19,3.2,3.185,3.195,85161.0,BTBT
2025-02-04 10:26:00,3.16,3.1899,3.16,3.1836,49528.0,BTBT
2025-02-04 10:25:00,3.145,3.165,3.14,3.165,96907.0,BTBT
2025-02-04 10:24:00,3.14,3.15,3.13,3.145,279509.0,BTBT
2025-02-04 10:23:00,3.1348,3.1499,3.13,3.1436,349377.0,BTBT
2025-02-04 10:22:00,3.165,3.17,3.1301,3.1301,37250.0,BTBT
2025-02-04 10:21:00,3.145,3.17,3.145,3.1605,159515.0,BTBT
2025-02-04 10:20:00,3.1499,3.1599,3.135,3.145,193487.0,BTBT
2025-02-04 10:19:00,3.1406,3.16,3.1301,3.15,193002.0,BTBT
2025-02-04 10:18:00,3.1312,3.15,3.13,3.1495,67704.0,BTBT
2025-02-04 10:17:00,3.145,3.1499,3.1301,3.14,152692.0,BTBT
2025-02-04 10:16:00,3.165,3.1699,3.14,3.145,233668.0,BTBT
2025-02-04 10:15:00,3.1304,3.1699,3.13,3.165,126680.0,BTBT
2025-02-04 10:14:00,3.14,3.14,3.13,3.13,56422.0,BTBT
2025-02-04 10:13:00,3.15,3.16,3.13,3.13,170799.0,BTBT
2025-02-04 10:12:00,3.17,3.175,3.15,3.1524,88637.0,BTBT
2025-02-04 10:11:00,3.17,3.1799,3.17,3.175,28235.0,BTBT
2025-02-04 10:10:00,3.17,3.18,3.17,3.1701,60499.0,BTBT
2025-02-04 10:09:00,3.1703,3.1789,3.17,3.17,49732.0,BTBT
2025-02-04 10:08:00,3.1899,3.19,3.175,3.175,63205.0,BTBT
2025-02-04 10:07:00,3.185,3.1899,3.18,3.1899,27953.0,BTBT
2025-02-04 10:06:00,3.1849,3.1895,3.17,3.1802,50286.0,BTBT
2025-02-04 10:05:00,3.1715,3.19,3.1715,3.1893,14940.0,BTBT
2025-02-04 10:04:00,3.165,3.1701,3.16,3.17,18955.0,BTBT
2025-02-04 10:03:00,3.16,3.17,3.15,3.1691,28360.0,BTBT
2025-02-04 10:02:00,3.1623,3.18,3.1601,3.1601,23178.0,BTBT
2025-02-04 10:01:00,3.185,3.185,3.16,3.165,49604.0,BTBT
2025-02-04 10:00:00,3.17,3.2,3.17,3.18,94510.0,BTBT
2025-02-04 09:59:00,3.165,3.17,3.15,3.16,88498.0,BTBT
2025-02-04 09:58:00,3.145,3.17,3.14,3.165,64095.0,BTBT
2025-02-04 09:57:00,3.15,3.15,3.14,3.1436,26907.0,BTBT
2025-02-04 09:56:00,3.1712,3.1712,3.15,3.155,44194.0,BTBT
2025-02-04 09:55:00,3.17,3.1799,3.17,3.175,37608.0,BTBT
2025-02-04 09:54:00,3.18,3.185,3.17,3.1704,81031.0,BTBT
2025-02-04 09:53:00,3.18,3.1999,3.18,3.1883,54348.0,BTBT
2025-02-04 09:52:00,3.1699,3.19,3.1611,3.1899,74655.0,BTBT
2025-02-04 09:51:00,3.16,3.1699,3.15,3.165,99169.0,BTBT
2025-02-04 09:50:00,3.16,3.1752,3.1599,3.16,25203.0,BTBT
2025-02-04 09:49:00,3.14,3.1588,3.14,3.1579,39132.0,BTBT
2025-02-04 09:48:00,3.145,3.165,3.14,3.14,51471.0,BTBT
2025-02-04 09:47:00,3.16,3.16,3.145,3.145,17684.0,BTBT
2025-02-04 09:46:00,3.165,3.1698,3.16,3.1625,20132.0,BTBT
2025-02-04 09:45:00,3.174,3.1764,3.1699,3.1699,6748.0,BTBT
2025-02-04 09:44:00,3.18,3.18,3.165,3.175,21326.0,BTBT
2025-02-04 09:43:00,3.175,3.19,3.175,3.1848,10824.0,BTBT
2025-02-04 09:42:00,3.165,3.1768,3.16,3.1768,14543.0,BTBT
2025-02-04 09:41:00,3.165,3.18,3.165,3.165,17481.0,BTBT
2025-02-04 09:40:00,3.165,3.1699,3.16,3.165,16284.0,BTBT
2025-02-04 09:39:00,3.175,3.175,3.16,3.16,60823.0,BTBT
2025-02-04 09:38:00,3.18,3.18,3.17,3.175,9694.0,BTBT
2025-02-04 09:37:00,3.148,3.1799,3.14,3.1789,61540.0,BTBT
2025-02-04 09:36:00,3.16,3.16,3.145,3.1476,11690.0,BTBT
2025-02-04 09:35:00,3.2091,3.2091,3.16,3.165,67694.0,BTBT
2025-02-04 09:34:00,3.19,3.205,3.19,3.205,7921.0,BTBT
2025-02-04 09:33:00,3.1601,3.2,3.1601,3.2,60016.0,BTBT
2025-02-04 09:32:00,3.16,3.1701,3.16,3.165,8835.0,BTBT
2025-02-04 09:31:00,3.125,3.16,3.12,3.16,41415.0,BTBT
2025-02-04 09:30:00,3.17,3.18,3.115,3.125,183121.0,BTBT
2025-02-04 09:29:00,3.18,3.18,3.18,3.18,100.0,BTBT
2025-02-04 09:27:00,3.18,3.19,3.17,3.18,5521.0,BTBT
2025-02-04 09:26:00,3.16,3.19,3.16,3.19,101.0,BTBT
2025-02-04 09:24:00,3.1697,3.1697,3.1697,3.1697,500.0,BTBT
2025-02-04 09:23:00,3.16,3.17,3.16,3.17,645.0,BTBT
2025-02-04 09:22:00,3.169,3.169,3.169,3.169,1.0,BTBT
2025-02-04 09:21:00,3.17,3.17,3.17,3.17,4.0,BTBT
2025-02-04 09:20:00,3.17,3.17,3.15,3.1696,1615.0,BTBT
2025-02-04 09:19:00,3.15,3.17,3.15,3.16,7743.0,BTBT
2025-02-04 09:18:00,3.16,3.16,3.16,3.16,4.0,BTBT
2025-02-04 09:17:00,3.1694,3.1694,3.15,3.15,7.0,BTBT
2025-02-04 09:15:00,3.17,3.17,3.15,3.16,4308.0,BTBT
2025-02-04 09:14:00,3.18,3.18,3.15,3.1693,8785.0,BTBT
2025-02-04 09:13:00,3.1899,3.1899,3.1899,3.1899,100.0,BTBT
2025-02-04 09:12:00,3.1899,3.1899,3.18,3.18,2010.0,BTBT
2025-02-04 09:09:00,3.2,3.2,3.2,3.2,2.0,BTBT
2025-02-04 09:08:00,3.19,3.19,3.19,3.19,1100.0,BTBT
2025-02-04 09:07:00,3.19,3.19,3.18,3.18,4894.0,BTBT
2025-02-04 09:06:00,3.18,3.19,3.18,3.18,945.0,BTBT
2025-02-04 09:04:00,3.19,3.1999,3.18,3.19,530.0,BTBT
2025-02-04 09:03:00,3.19,3.19,3.19,3.19,1.0,BTBT
2025-02-04 09:02:00,3.1996,3.2,3.1994,3.1994,14.0,BTBT
2025-02-04 09:01:00,3.19,3.19,3.19,3.19,5.0,BTBT
2025-02-04 09:00:00,3.2099,3.2099,3.2,3.2,704.0,BTBT
2025-02-04 08:58:00,3.21,3.21,3.21,3.21,250.0,BTBT
2025-02-04 08:57:00,3.2,3.2,3.2,3.2,626.0,BTBT
2025-02-04 08:56:00,3.2,3.2,3.2,3.2,579.0,BTBT
2025-02-04 08:55:00,3.21,3.21,3.21,3.21,786.0,BTBT
2025-02-04 08:54:00,3.2098,3.21,3.2098,3.21,390.0,BTBT
2025-02-04 08:51:00,3.2097,3.2097,3.2097,3.2097,1.0,BTBT
2025-02-04 08:47:00,3.21,3.2101,3.21,3.2101,4703.0,BTBT
2025-02-04 08:46:00,3.21,3.21,3.21,3.21,3331.0,BTBT
2025-02-04 08:45:00,3.2,3.2,3.2,3.2,500.0,BTBT
2025-02-04 08:44:00,3.2002,3.2002,3.2002,3.2002,500.0,BTBT
2025-02-04 08:42:00,3.2,3.2,3.2,3.2,280.0,BTBT
2025-02-04 08:41:00,3.2,3.2,3.2,3.2,100.0,BTBT
2025-02-04 08:40:00,3.2099,3.2099,3.2099,3.2099,5.0,BTBT
2025-02-04 08:38:00,3.21,3.21,3.21,3.21,2000.0,BTBT
2025-02-04 08:36:00,3.21,3.21,3.21,3.21,7158.0,BTBT
2025-02-04 08:35:00,3.21,3.21,3.21,3.21,30.0,BTBT
2025-02-04 08:34:00,3.2199,3.2199,3.2199,3.2199,10.0,BTBT
2025-02-04 08:33:00,3.22,3.22,3.22,3.22,385.0,BTBT
2025-02-04 08:30:00,3.22,3.22,3.22,3.22,2.0,BTBT
2025-02-04 08:29:00,3.22,3.22,3.22,3.22,78.0,BTBT
2025-02-04 08:27:00,3.22,3.22,3.22,3.22,27.0,BTBT
2025-02-04 08:24:00,3.22,3.22,3.22,3.22,500.0,BTBT
2025-02-04 08:23:00,3.21,3.21,3.21,3.21,1.0,BTBT
2025-02-04 08:22:00,3.22,3.22,3.22,3.22,5313.0,BTBT
2025-02-04 08:21:00,3.21,3.22,3.21,3.22,10228.0,BTBT
2025-02-04 08:20:00,3.2095,3.2099,3.2,3.2099,702.0,BTBT
2025-02-04 08:18:00,3.2,3.2,3.2,3.2,500.0,BTBT
2025-02-04 08:17:00,3.2191,3.2191,3.2,3.2,1400.0,BTBT
2025-02-04 08:16:00,3.21,3.21,3.2,3.2,570.0,BTBT
2025-02-04 08:15:00,3.201,3.201,3.2,3.2001,2000.0,BTBT
2025-02-04 08:13:00,3.24,3.24,3.24,3.24,1000.0,BTBT
2025-02-04 08:12:00,3.21,3.22,3.21,3.22,300.0,BTBT
2025-02-04 08:11:00,3.2,3.2,3.2,3.2,800.0,BTBT
2025-02-04 08:10:00,3.2,3.21,3.2,3.21,10550.0,BTBT
2025-02-04 08:06:00,3.19,3.19,3.19,3.19,4063.0,BTBT
2025-02-04 08:04:00,3.18,3.19,3.18,3.19,21.0,BTBT
2025-02-04 08:02:00,3.19,3.19,3.18,3.18,3.0,BTBT
2025-02-04 08:01:00,3.17,3.17,3.17,3.17,100.0,BTBT
2025-02-04 08:00:00,3.15,3.2373,3.15,3.17,22439.0,BTBT
2025-02-04 07:56:00,3.19,3.19,3.19,3.19,70.0,BTBT
2025-02-04 07:54:00,3.18,3.18,3.18,3.18,80.0,BTBT
2025-02-04 07:53:00,3.17,3.18,3.17,3.18,6753.0,BTBT
2025-02-04 07:52:00,3.17,3.17,3.17,3.17,618.0,BTBT
2025-02-04 07:51:00,3.18,3.18,3.17,3.17,152.0,BTBT
2025-02-04 07:47:00,3.18,3.18,3.18,3.18,440.0,BTBT
2025-02-04 07:43:00,3.18,3.18,3.18,3.18,560.0,BTBT
2025-02-04 07:42:00,3.18,3.18,3.18,3.18,3252.0,BTBT
2025-02-04 07:36:00,3.18,3.18,3.18,3.18,5679.0,BTBT
2025-02-04 07:34:00,3.18,3.18,3.18,3.18,424.0,BTBT
2025-02-04 07:33:00,3.18,3.18,3.18,3.18,996.0,BTBT
2025-02-04 07:24:00,3.169,3.18,3.169,3.17,3127.0,BTBT
2025-02-04 07:20:00,3.16,3.16,3.16,3.16,299.0,BTBT
2025-02-04 07:16:00,3.15,3.15,3.15,3.15,11.0,BTBT
2025-02-04 07:10:00,3.16,3.16,3.16,3.16,130.0,BTBT
2025-02-04 07:07:00,3.151,3.151,3.151,3.151,100.0,BTBT
2025-02-04 07:05:00,3.16,3.16,3.16,3.16,1500.0,BTBT
2025-02-04 07:02:00,3.16,3.16,3.15,3.15,3279.0,BTBT
2025-02-04 07:00:00,3.16,3.17,3.15,3.15,1222.0,BTBT
2025-02-04 06:55:00,3.16,3.16,3.16,3.16,140.0,BTBT
2025-02-04 06:53:00,3.165,3.165,3.165,3.165,1.0,BTBT
2025-02-04 06:49:00,3.16,3.165,3.16,3.165,194.0,BTBT
2025-02-04 06:48:00,3.17,3.17,3.165,3.165,500.0,BTBT
2025-02-04 06:46:00,3.17,3.17,3.16,3.16,940.0,BTBT
2025-02-04 06:41:00,3.17,3.17,3.165,3.165,405.0,BTBT
2025-02-04 06:39:00,3.16,3.16,3.16,3.16,1361.0,BTBT
2025-02-04 06:37:00,3.16,3.16,3.16,3.16,532.0,BTBT
2025-02-04 06:25:00,3.16,3.16,3.16,3.16,1.0,BTBT
2025-02-04 06:17:00,3.16,3.16,3.16,3.16,966.0,BTBT
2025-02-04 06:16:00,3.16,3.16,3.16,3.16,10.0,BTBT
2025-02-04 06:11:00,3.16,3.16,3.16,3.16,25.0,BTBT
2025-02-04 06:10:00,3.15,3.16,3.15,3.16,9.0,BTBT
2025-02-04 06:04:00,3.15,3.15,3.15,3.15,1297.0,BTBT
2025-02-04 06:03:00,3.145,3.145,3.145,3.145,24.0,BTBT
2025-02-04 05:52:00,3.15,3.15,3.15,3.15,5.0,BTBT
2025-02-04 05:44:00,3.14,3.15,3.14,3.15,2800.0,BTBT
2025-02-04 05:43:00,3.15,3.15,3.15,3.15,1139.0,BTBT
2025-02-04 05:35:00,3.155,3.155,3.155,3.155,49.0,BTBT
2025-02-04 05:34:00,3.15,3.15,3.15,3.15,1.0,BTBT
2025-02-04 05:32:00,3.15,3.15,3.15,3.15,1.0,BTBT
2025-02-04 05:17:00,3.155,3.155,3.155,3.155,1.0,BTBT
2025-02-04 05:09:00,3.15,3.15,3.15,3.15,410.0,BTBT
2025-02-04 05:00:00,3.15,3.15,3.15,3.15,412.0,BTBT
2025-02-04 04:57:00,3.14,3.15,3.14,3.15,2545.0,BTBT
2025-02-04 04:52:00,3.14,3.14,3.14,3.14,3.0,BTBT
2025-02-04 04:50:00,3.14,3.14,3.14,3.14,2762.0,BTBT
2025-02-04 04:47:00,3.14,3.14,3.14,3.14,500.0,BTBT
2025-02-04 04:44:00,3.15,3.15,3.15,3.15,2.0,BTBT
2025-02-04 04:43:00,3.14,3.15,3.14,3.15,1702.0,BTBT
2025-02-04 04:42:00,3.16,3.17,3.14,3.15,6889.0,BTBT
2025-02-04 04:39:00,3.15,3.15,3.15,3.15,1.0,BTBT
2025-02-04 04:36:00,3.155,3.155,3.15,3.15,4207.0,BTBT
2025-02-04 04:32:00,3.15,3.15,3.15,3.15,2993.0,BTBT
2025-02-04 04:26:00,3.14,3.14,3.14,3.14,300.0,BTBT
2025-02-04 04:24:00,3.14,3.14,3.14,3.14,2524.0,BTBT
2025-02-04 04:23:00,3.13,3.13,3.13,3.13,205.0,BTBT
2025-02-04 04:21:00,3.11,3.12,3.11,3.12,523.0,BTBT
2025-02-04 04:20:00,3.11,3.11,3.11,3.11,3.0,BTBT
2025-02-04 04:19:00,3.11,3.11,3.11,3.11,1.0,BTBT
2025-02-04 04:18:00,3.12,3.12,3.11,3.11,32.0,BTBT
2025-02-04 04:17:00,3.11,3.12,3.11,3.12,301.0,BTBT
2025-02-04 04:16:00,3.11,3.11,3.11,3.11,957.0,BTBT
2025-02-04 04:14:00,3.11,3.11,3.1,3.11,107.0,BTBT
2025-02-04 04:10:00,3.12,3.12,3.12,3.12,20.0,BTBT
2025-02-04 04:08:00,3.1,3.12,3.1,3.12,2.0,BTBT
2025-02-04 04:06:00,3.13,3.13,3.11,3.11,1051.0,BTBT
2025-02-04 04:05:00,3.12,3.12,3.12,3.12,5062.0,BTBT
2025-02-04 04:04:00,3.12,3.12,3.12,3.12,3.0,BTBT
2025-02-04 04:03:00,3.11,3.11,3.11,3.11,4.0,BTBT
2025-02-04 04:02:00,3.16,3.16,3.12,3.12,2507.0,BTBT
2025-02-04 04:01:00,3.16,3.16,3.16,3.16,6.0,BTBT
2025-02-04 04:00:00,3.19,3.21,3.16,3.16,2152.0,BTBT
2025-02-03 19:59:00,3.21,3.25,3.21,3.22,964.0,BTBT
2025-02-03 19:58:00,3.22,3.22,3.22,3.22,1030.0,BTBT
2025-02-03 19:57:00,3.23,3.23,3.2298,3.23,1007.0,BTBT
2025-02-03 19:56:00,3.22,3.23,3.22,3.22,182.0,BTBT
2025-02-03 19:55:00,3.22,3.22,3.22,3.22,278.0,BTBT
2025-02-03 19:54:00,3.23,3.23,3.2297,3.2297,850.0,BTBT
2025-02-03 19:53:00,3.22,3.23,3.22,3.22,180.0,BTBT
2025-02-03 19:50:00,3.21,3.21,3.21,3.21,11000.0,BTBT
2025-02-03 19:48:00,3.23,3.23,3.2004,3.22,335.0,BTBT
2025-02-03 19:44:00,3.23,3.23,3.21,3.22,700.0,BTBT
2025-02-03 19:42:00,3.21,3.23,3.21,3.23,33.0,BTBT
2025-02-03 19:40:00,3.24,3.24,3.23,3.23,1417.0,BTBT
2025-02-03 19:39:00,3.2398,3.2398,3.2398,3.2398,5000.0,BTBT
2025-02-03 19:34:00,3.23,3.23,3.23,3.23,106.0,BTBT
2025-02-03 19:32:00,3.24,3.24,3.2399,3.24,2502.0,BTBT
2025-02-03 19:30:00,3.24,3.24,3.24,3.24,50.0,BTBT
2025-02-03 19:26:00,3.24,3.24,3.24,3.24,35.0,BTBT
2025-02-03 19:25:00,3.24,3.24,3.23,3.23,101.0,BTBT
2025-02-03 19:24:00,3.24,3.24,3.24,3.24,250.0,BTBT
2025-02-03 19:23:00,3.24,3.24,3.2399,3.2399,200.0,BTBT
2025-02-03 19:22:00,3.23,3.23,3.23,3.23,90.0,BTBT
2025-02-03 19:18:00,3.24,3.24,3.24,3.24,50.0,BTBT
2025-02-03 19:17:00,3.24,3.24,3.24,3.24,100.0,BTBT
2025-02-03 19:16:00,3.24,3.24,3.24,3.24,300.0,BTBT
2025-02-03 19:14:00,3.25,3.25,3.25,3.25,1.0,BTBT
2025-02-03 19:11:00,3.25,3.25,3.25,3.25,100.0,BTBT
2025-02-03 19:09:00,3.24,3.24,3.23,3.23,100.0,BTBT
2025-02-03 19:08:00,3.24,3.25,3.24,3.25,139.0,BTBT
2025-02-03 19:07:00,3.25,3.25,3.2491,3.2491,2010.0,BTBT
2025-02-03 19:05:00,3.25,3.25,3.2499,3.25,420.0,BTBT
2025-02-03 19:04:00,3.24,3.24,3.24,3.24,269.0,BTBT
2025-02-03 19:03:00,3.2497,3.25,3.2497,3.25,65.0,BTBT
2025-02-03 19:02:00,3.24,3.25,3.24,3.25,200.0,BTBT
2025-02-03 19:00:00,3.25,3.25,3.25,3.25,5.0,BTBT
2025-02-03 18:59:00,3.25,3.25,3.25,3.25,334.0,BTBT
2025-02-03 18:57:00,3.25,3.25,3.25,3.25,10.0,BTBT
2025-02-03 18:55:00,3.25,3.25,3.24,3.25,350.0,BTBT
2025-02-03 18:52:00,3.2498,3.2498,3.2498,3.2498,1200.0,BTBT
2025-02-03 18:51:00,3.2497,3.2497,3.2497,3.2497,25.0,BTBT
2025-02-03 18:47:00,3.24,3.25,3.24,3.2497,2329.0,BTBT
2025-02-03 18:46:00,3.25,3.25,3.25,3.25,824.0,BTBT
2025-02-03 18:45:00,3.27,3.27,3.27,3.27,20.0,BTBT
2025-02-03 18:44:00,3.25,3.25,3.25,3.25,530.0,BTBT
2025-02-03 18:42:00,3.2699,3.2699,3.2699,3.2699,1.0,BTBT
2025-02-03 18:39:00,3.27,3.27,3.27,3.27,3.0,BTBT
2025-02-03 18:36:00,3.26,3.26,3.25,3.2501,5999.0,BTBT
2025-02-03 18:35:00,3.27,3.27,3.26,3.26,6010.0,BTBT
2025-02-03 18:33:00,3.28,3.28,3.27,3.2797,1080.0,BTBT
2025-02-03 18:32:00,3.27,3.27,3.27,3.27,2075.0,BTBT
2025-02-03 18:31:00,3.2899,3.2899,3.27,3.27,1025.0,BTBT
2025-02-03 18:30:00,3.27,3.27,3.27,3.27,500.0,BTBT
2025-02-03 18:28:00,3.29,3.29,3.29,3.29,230.0,BTBT
2025-02-03 18:27:00,3.28,3.28,3.28,3.28,200.0,BTBT
2025-02-03 18:26:00,3.29,3.29,3.29,3.29,3.0,BTBT
2025-02-03 18:24:00,3.28,3.28,3.27,3.27,1199.0,BTBT
2025-02-03 18:23:00,3.2898,3.2898,3.27,3.27,141.0,BTBT
2025-02-03 18:21:00,3.29,3.29,3.29,3.29,150.0,BTBT
2025-02-03 18:20:00,3.29,3.29,3.29,3.29,199.0,BTBT
2025-02-03 18:16:00,3.2992,3.2996,3.2992,3.2996,6.0,BTBT
2025-02-03 18:15:00,3.3,3.3,3.3,3.3,30.0,BTBT
2025-02-03 18:13:00,3.28,3.28,3.27,3.2701,30.0,BTBT
2025-02-03 18:11:00,3.3,3.3,3.3,3.3,5.0,BTBT
2025-02-03 18:09:00,3.29,3.29,3.29,3.29,50.0,BTBT
2025-02-03 18:08:00,3.28,3.3,3.28,3.3,3011.0,BTBT
2025-02-03 18:06:00,3.2999,3.2999,3.2999,3.2999,5000.0,BTBT
2025-02-03 18:03:00,3.3,3.3,3.3,3.3,162.0,BTBT
2025-02-03 18:02:00,3.28,3.28,3.28,3.28,65.0,BTBT
2025-02-03 18:00:00,3.3,3.3,3.29,3.29,52.0,BTBT
2025-02-03 17:58:00,3.2995,3.3,3.2995,3.3,219.0,BTBT
2025-02-03 17:57:00,3.3,3.3,3.3,3.3,50.0,BTBT
2025-02-03 17:56:00,3.3,3.3,3.2994,3.3,53.0,BTBT
2025-02-03 17:55:00,3.2996,3.3,3.28,3.3,530.0,BTBT
2025-02-03 17:54:00,3.3,3.3,3.28,3.28,265.0,BTBT
2025-02-03 17:53:00,3.29,3.3,3.29,3.2991,425.0,BTBT
2025-02-03 17:52:00,3.27,3.3,3.27,3.29,599.0,BTBT
2025-02-03 17:50:00,3.2998,3.2998,3.2998,3.2998,500.0,BTBT
2025-02-03 17:49:00,3.2701,3.3,3.2701,3.2999,5327.0,BTBT
2025-02-03 17:47:00,3.28,3.28,3.28,3.28,307.0,BTBT
2025-02-03 17:46:00,3.29,3.3,3.28,3.28,2573.0,BTBT
2025-02-03 17:45:00,3.29,3.3,3.29,3.29,592.0,BTBT
2025-02-03 17:44:00,3.2897,3.29,3.28,3.29,902.0,BTBT
2025-02-03 17:43:00,3.2897,3.29,3.2897,3.2899,275.0,BTBT
2025-02-03 17:42:00,3.28,3.28,3.28,3.28,484.0,BTBT
2025-02-03 17:41:00,3.29,3.31,3.29,3.3,5600.0,BTBT
2025-02-03 17:40:00,3.29,3.29,3.2899,3.29,550.0,BTBT
2025-02-03 17:39:00,3.28,3.29,3.28,3.2898,6203.0,BTBT
2025-02-03 17:38:00,3.28,3.28,3.2797,3.28,2228.0,BTBT
2025-02-03 17:37:00,3.28,3.28,3.28,3.28,2.0,BTBT
2025-02-03 17:36:00,3.27,3.28,3.2604,3.28,3735.0,BTBT
2025-02-03 17:35:00,3.27,3.27,3.26,3.27,11825.0,BTBT
2025-02-03 17:34:00,3.27,3.27,3.2698,3.2698,1573.0,BTBT
2025-02-03 17:33:00,3.27,3.27,3.2697,3.27,3110.0,BTBT
2025-02-03 17:32:00,3.28,3.28,3.26,3.27,5012.0,BTBT
2025-02-03 17:31:00,3.26,3.2798,3.26,3.2701,4442.0,BTBT
2025-02-03 17:30:00,3.25,3.27,3.25,3.27,4302.0,BTBT
2025-02-03 17:29:00,3.25,3.25,3.24,3.24,1019.0,BTBT
2025-02-03 17:28:00,3.25,3.25,3.25,3.25,844.0,BTBT
2025-02-03 17:27:00,3.24,3.2401,3.24,3.2401,2000.0,BTBT
2025-02-03 17:26:00,3.24,3.2401,3.24,3.2401,2000.0,BTBT
2025-02-03 17:25:00,3.25,3.25,3.24,3.2401,2020.0,BTBT
2025-02-03 17:24:00,3.2498,3.2498,3.2498,3.2498,6.0,BTBT
2025-02-03 17:23:00,3.2572,3.2572,3.25,3.25,88.0,BTBT
2025-02-03 17:22:00,3.26,3.26,3.2595,3.2599,2305.0,BTBT
2025-02-03 17:21:00,3.25,3.26,3.2406,3.2592,350.0,BTBT
2025-02-03 17:20:00,3.24,3.25,3.24,3.25,125.0,BTBT
2025-02-03 17:19:00,3.25,3.25,3.25,3.25,82.0,BTBT
2025-02-03 17:18:00,3.25,3.25,3.25,3.25,50.0,BTBT
2025-02-03 17:17:00,3.2498,3.25,3.2498,3.25,1150.0,BTBT
2025-02-03 17:16:00,3.25,3.25,3.25,3.25,125.0,BTBT
2025-02-03 17:15:00,3.25,3.25,3.24,3.24,227.0,BTBT
2025-02-03 17:11:00,3.24,3.24,3.24,3.24,100.0,BTBT
2025-02-03 17:10:00,3.26,3.26,3.25,3.25,1403.0,BTBT
2025-02-03 17:09:00,3.2695,3.2695,3.26,3.26,1001.0,BTBT
2025-02-03 17:08:00,3.27,3.27,3.25,3.26,12045.0,BTBT
2025-02-03 17:07:00,3.2597,3.2699,3.25,3.2699,1556.0,BTBT
2025-02-03 17:06:00,3.25,3.25,3.25,3.25,1874.0,BTBT
2025-02-03 17:05:00,3.24,3.25,3.24,3.25,2089.0,BTBT
2025-02-03 17:04:00,3.24,3.24,3.24,3.24,204.0,BTBT
2025-02-03 17:03:00,3.2399,3.2399,3.2208,3.2208,425.0,BTBT
2025-02-03 17:02:00,3.2394,3.24,3.23,3.24,5843.0,BTBT
2025-02-03 17:01:00,3.24,3.24,3.24,3.24,100.0,BTBT
2025-02-03 17:00:00,3.22,3.22,3.22,3.22,3871.0,BTBT
2025-02-03 16:59:00,3.22,3.22,3.22,3.22,5016.0,BTBT
2025-02-03 16:57:00,3.22,3.22,3.22,3.22,8550.0,BTBT
2025-02-03 16:56:00,3.21,3.21,3.21,3.21,1450.0,BTBT
2025-02-03 16:54:00,3.2095,3.2095,3.2095,3.2095,100.0,BTBT
2025-02-03 16:53:00,3.1903,3.2,3.1903,3.2,3647.0,BTBT
2025-02-03 16:52:00,3.2,3.2,3.1997,3.1997,1103.0,BTBT
2025-02-03 16:51:00,3.2,3.2,3.2,3.2,3.0,BTBT
2025-02-03 16:49:00,3.19,3.19,3.19,3.19,30.0,BTBT
2025-02-03 16:47:00,3.1897,3.19,3.1897,3.19,4100.0,BTBT
2025-02-03 16:46:00,3.19,3.19,3.1897,3.1897,4.0,BTBT
2025-02-03 16:45:00,3.1803,3.19,3.1803,3.1899,2675.0,BTBT
2025-02-03 16:44:00,3.2099,3.2099,3.1898,3.1898,2427.0,BTBT
2025-02-03 16:43:00,3.2098,3.2098,3.2098,3.2098,25.0,BTBT
2025-02-03 16:42:00,3.2097,3.2097,3.2,3.2,178.0,BTBT
2025-02-03 16:41:00,3.21,3.21,3.2098,3.2098,320.0,BTBT
2025-02-03 16:39:00,3.2098,3.21,3.2098,3.21,2520.0,BTBT
2025-02-03 16:36:00,3.2,3.2,3.2,3.2,6.0,BTBT
2025-02-03 16:33:00,3.2,3.2,3.2,3.2,100.0,BTBT
2025-02-03 16:30:00,3.21,3.21,3.21,3.21,100.0,BTBT
2025-02-03 16:29:00,3.2,3.21,3.2,3.2,10.0,BTBT
2025-02-03 16:28:00,3.1907,3.1907,3.1907,3.1907,8.0,BTBT
2025-02-03 16:22:00,3.19,3.19,3.19,3.19,496.0,BTBT
2025-02-03 16:20:00,3.18,3.18,3.18,3.18,19.0,BTBT
2025-02-03 16:18:00,3.2,3.2,3.19,3.19,22.0,BTBT
2025-02-03 16:17:00,3.21,3.22,3.195,3.2,1100.0,BTBT
2025-02-03 16:14:00,3.1998,3.1998,3.1998,3.1998,50.0,BTBT
2025-02-03 16:13:00,3.22,3.22,3.1814,3.1814,49.0,BTBT
2025-02-03 16:12:00,3.2183,3.22,3.2183,3.22,110.0,BTBT
2025-02-03 16:10:00,3.18,3.18,3.18,3.18,1.0,BTBT
2025-02-03 16:05:00,3.18,3.18,3.18,3.18,2.0,BTBT
2025-02-03 16:04:00,3.18,3.18,3.18,3.18,150.0,BTBT
2025-02-03 16:03:00,3.219,3.219,3.219,3.219,100.0,BTBT
2025-02-03 16:01:00,3.18,3.18,3.1706,3.18,20934.0,BTBT
2025-02-03 16:00:00,3.2,3.2,3.18,3.18,1684839.0,BTBT
2025-02-03 15:59:00,3.185,3.2,3.18,3.2,168090.0,BTBT
2025-02-03 15:58:00,3.1801,3.19,3.18,3.19,32815.0,BTBT
2025-02-03 15:57:00,3.185,3.19,3.18,3.1812,85310.0,BTBT
2025-02-03 15:56:00,3.1888,3.19,3.18,3.185,35323.0,BTBT
2025-02-03 15:55:00,3.22,3.22,3.1852,3.1899,318796.0,BTBT
2025-02-03 15:54:00,3.22,3.22,3.21,3.22,43478.0,BTBT
2025-02-03 15:53:00,3.2179,3.22,3.21,3.2101,35485.0,BTBT
2025-02-03 15:52:00,3.215,3.22,3.21,3.2113,36654.0,BTBT
2025-02-03 15:51:00,3.2189,3.225,3.2119,3.215,168214.0,BTBT
2025-02-03 15:50:00,3.23,3.2381,3.2101,3.215,150384.0,BTBT
2025-02-03 15:49:00,3.2299,3.24,3.225,3.2321,38884.0,BTBT
2025-02-03 15:48:00,3.22,3.23,3.22,3.2274,41750.0,BTBT
2025-02-03 15:47:00,3.225,3.2299,3.2244,3.225,13123.0,BTBT
2025-02-03 15:46:00,3.23,3.23,3.22,3.225,32048.0,BTBT
2025-02-03 15:45:00,3.2381,3.24,3.23,3.2399,31598.0,BTBT
2025-02-03 15:44:00,3.235,3.2352,3.23,3.235,7242.0,BTBT
2025-02-03 15:43:00,3.245,3.245,3.2301,3.2301,30136.0,BTBT
2025-02-03 15:42:00,3.26,3.26,3.2443,3.245,43906.0,BTBT
2025-02-03 15:41:00,3.265,3.27,3.25,3.25,72069.0,BTBT
2025-02-03 15:40:00,3.2632,3.27,3.26,3.265,33773.0,BTBT
2025-02-03 15:39:00,3.27,3.27,3.26,3.265,30779.0,BTBT
2025-02-03 15:38:00,3.265,3.27,3.26,3.27,26222.0,BTBT
2025-02-03 15:37:00,3.27,3.27,3.26,3.27,28809.0,BTBT
2025-02-03 15:36:00,3.265,3.27,3.265,3.2672,13960.0,BTBT
2025-02-03 15:35:00,3.255,3.27,3.25,3.265,124195.0,BTBT
2025-02-03 15:34:00,3.2545,3.26,3.25,3.255,30215.0,BTBT
2025-02-03 15:33:00,3.26,3.26,3.25,3.26,22860.0,BTBT
2025-02-03 15:32:00,3.2479,3.26,3.245,3.26,88103.0,BTBT
2025-02-03 15:31:00,3.2464,3.25,3.24,3.245,22622.0,BTBT
2025-02-03 15:30:00,3.235,3.2499,3.23,3.245,85854.0,BTBT
2025-02-03 15:29:00,3.245,3.245,3.23,3.235,52578.0,BTBT
2025-02-03 15:28:00,3.245,3.25,3.2401,3.245,29935.0,BTBT
2025-02-03 15:27:00,3.25,3.25,3.2433,3.245,11537.0,BTBT
2025-02-03 15:26:00,3.255,3.26,3.24,3.25,39369.0,BTBT
2025-02-03 15:25:00,3.26,3.26,3.25,3.2563,44619.0,BTBT
2025-02-03 15:24:00,3.25,3.26,3.24,3.255,76374.0,BTBT
2025-02-03 15:23:00,3.245,3.25,3.23,3.2401,171548.0,BTBT
2025-02-03 15:22:00,3.2368,3.24,3.23,3.24,33667.0,BTBT
2025-02-03 15:21:00,3.2336,3.24,3.2336,3.24,33310.0,BTBT
2025-02-03 15:20:00,3.23,3.24,3.225,3.235,56872.0,BTBT
2025-02-03 15:19:00,3.2273,3.23,3.2219,3.2219,3340.0,BTBT
2025-02-03 15:18:00,3.2299,3.23,3.2201,3.23,69807.0,BTBT
2025-02-03 15:17:00,3.2183,3.23,3.2148,3.23,24276.0,BTBT
2025-02-03 15:16:00,3.215,3.2199,3.21,3.215,50822.0,BTBT
2025-02-03 15:15:00,3.215,3.22,3.21,3.2177,21424.0,BTBT
2025-02-03 15:14:00,3.215,3.22,3.2101,3.22,966.0,BTBT
2025-02-03 15:13:00,3.2301,3.24,3.2101,3.2101,86626.0,BTBT
2025-02-03 15:12:00,3.225,3.235,3.225,3.23,29090.0,BTBT
2025-02-03 15:11:00,3.23,3.24,3.2201,3.225,66161.0,BTBT
2025-02-03 15:10:00,3.215,3.2299,3.215,3.2282,33902.0,BTBT
2025-02-03 15:09:00,3.2122,3.22,3.21,3.215,22384.0,BTBT
2025-02-03 15:08:00,3.21,3.22,3.21,3.21,9694.0,BTBT
2025-02-03 15:07:00,3.215,3.22,3.21,3.22,21451.0,BTBT
2025-02-03 15:06:00,3.22,3.225,3.2113,3.218,48568.0,BTBT
2025-02-03 15:05:00,3.23,3.23,3.22,3.225,50712.0,BTBT
2025-02-03 15:04:00,3.2298,3.24,3.2236,3.235,25485.0,BTBT
2025-02-03 15:03:00,3.225,3.23,3.2201,3.23,31418.0,BTBT
2025-02-03 15:02:00,3.235,3.24,3.22,3.225,35359.0,BTBT
2025-02-03 15:01:00,3.225,3.24,3.225,3.24,43611.0,BTBT
2025-02-03 15:00:00,3.225,3.23,3.2148,3.2215,105525.0,BTBT
2025-02-03 14:59:00,3.22,3.23,3.22,3.225,14920.0,BTBT
2025-02-03 14:58:00,3.245,3.245,3.22,3.221,105044.0,BTBT
2025-02-03 14:57:00,3.245,3.25,3.24,3.2414,9038.0,BTBT
2025-02-03 14:56:00,3.245,3.25,3.24,3.245,25282.0,BTBT
2025-02-03 14:55:00,3.245,3.25,3.245,3.245,19755.0,BTBT
2025-02-03 14:54:00,3.24,3.2495,3.24,3.2448,6757.0,BTBT
2025-02-03 14:53:00,3.2493,3.25,3.24,3.245,3473.0,BTBT
2025-02-03 14:52:00,3.24,3.25,3.23,3.2412,96398.0,BTBT
2025-02-03 14:51:00,3.24,3.2497,3.23,3.2426,73920.0,BTBT
2025-02-03 14:50:00,3.235,3.245,3.23,3.2408,50985.0,BTBT
2025-02-03 14:49:00,3.24,3.24,3.23,3.24,19083.0,BTBT
2025-02-03 14:48:00,3.24,3.24,3.23,3.2348,49702.0,BTBT
2025-02-03 14:47:00,3.2399,3.24,3.23,3.2385,37546.0,BTBT
2025-02-03 14:46:00,3.24,3.245,3.23,3.239,80917.0,BTBT
2025-02-03 14:45:00,3.2352,3.2452,3.23,3.2452,60746.0,BTBT
2025-02-03 14:44:00,3.245,3.2485,3.2315,3.235,32236.0,BTBT
2025-02-03 14:43:00,3.24,3.245,3.2301,3.2401,73249.0,BTBT
2025-02-03 14:42:00,3.235,3.238,3.235,3.235,3667.0,BTBT
2025-02-03 14:41:00,3.2399,3.24,3.23,3.2341,66814.0,BTBT
2025-02-03 14:40:00,3.225,3.24,3.2207,3.24,87465.0,BTBT
2025-02-03 14:39:00,3.225,3.23,3.22,3.2288,10717.0,BTBT
2025-02-03 14:38:00,3.225,3.23,3.22,3.22,25505.0,BTBT
2025-02-03 14:37:00,3.225,3.23,3.22,3.2288,31296.0,BTBT
2025-02-03 14:36:00,3.2218,3.2299,3.21,3.225,93008.0,BTBT
2025-02-03 14:35:00,3.22,3.23,3.2152,3.2236,68054.0,BTBT
2025-02-03 14:34:00,3.21,3.22,3.21,3.2199,45127.0,BTBT
2025-02-03 14:33:00,3.2116,3.22,3.21,3.2183,50616.0,BTBT
2025-02-03 14:32:00,3.2099,3.2152,3.2,3.215,120067.0,BTBT
2025-02-03 14:31:00,3.195,3.21,3.19,3.2092,46393.0,BTBT
2025-02-03 14:30:00,3.2,3.2,3.19,3.198,66704.0,BTBT
2025-02-03 14:29:00,3.2022,3.21,3.19,3.2,27328.0,BTBT
2025-02-03 14:28:00,3.2001,3.2054,3.2,3.205,17793.0,BTBT
2025-02-03 14:27:00,3.2054,3.2089,3.2,3.2005,40596.0,BTBT
2025-02-03 14:26:00,3.19,3.21,3.19,3.2099,62352.0,BTBT
2025-02-03 14:25:00,3.1927,3.1999,3.19,3.1983,50847.0,BTBT
2025-02-03 14:24:00,3.2,3.2,3.19,3.195,21320.0,BTBT
2025-02-03 14:23:00,3.19,3.2,3.19,3.195,21313.0,BTBT
2025-02-03 14:22:00,3.2,3.2,3.1911,3.1999,25561.0,BTBT
2025-02-03 14:21:00,3.19,3.2086,3.19,3.205,58095.0,BTBT
2025-02-03 14:20:00,3.2,3.2,3.1948,3.1948,50880.0,BTBT
2025-02-03 14:19:00,3.2,3.2,3.19,3.195,39543.0,BTBT
2025-02-03 14:18:00,3.2001,3.205,3.19,3.195,73904.0,BTBT
2025-02-03 14:17:00,3.1952,3.205,3.19,3.205,47311.0,BTBT
2025-02-03 14:16:00,3.195,3.195,3.18,3.19,90338.0,BTBT
2025-02-03 14:15:00,3.19,3.195,3.1801,3.1908,52650.0,BTBT
2025-02-03 14:14:00,3.1848,3.19,3.18,3.1811,24291.0,BTBT
2025-02-03 14:13:00,3.1748,3.185,3.1701,3.1809,107825.0,BTBT
2025-02-03 14:12:00,3.175,3.175,3.175,3.175,1559.0,BTBT
2025-02-03 14:11:00,3.1773,3.18,3.17,3.175,28458.0,BTBT
2025-02-03 14:10:00,3.1692,3.18,3.165,3.1751,77305.0,BTBT
2025-02-03 14:09:00,3.165,3.1682,3.16,3.165,26294.0,BTBT
2025-02-03 14:08:00,3.17,3.17,3.16,3.1677,10266.0,BTBT
2025-02-03 14:07:00,3.1616,3.17,3.1601,3.1652,26306.0,BTBT
2025-02-03 14:06:00,3.165,3.1652,3.16,3.16,21424.0,BTBT
2025-02-03 14:05:00,3.1612,3.17,3.16,3.165,12695.0,BTBT
2025-02-03 14:04:00,3.155,3.1624,3.15,3.1624,63170.0,BTBT
2025-02-03 14:03:00,3.1582,3.16,3.15,3.155,7112.0,BTBT
2025-02-03 14:02:00,3.16,3.16,3.15,3.16,5913.0,BTBT
2025-02-03 14:01:00,3.1599,3.1599,3.1504,3.155,21482.0,BTBT
2025-02-03 14:00:00,3.152,3.16,3.15,3.155,27210.0,BTBT
2025-02-03 13:59:00,3.155,3.16,3.155,3.16,12629.0,BTBT
2025-02-03 13:58:00,3.15,3.155,3.15,3.155,8653.0,BTBT
2025-02-03 13:57:00,3.16,3.165,3.155,3.155,18903.0,BTBT
2025-02-03 13:56:00,3.16,3.17,3.16,3.161,18305.0,BTBT
2025-02-03 13:55:00,3.155,3.16,3.15,3.16,20755.0,BTBT
2025-02-03 13:54:00,3.1501,3.1552,3.15,3.15,23302.0,BTBT
2025-02-03 13:53:00,3.1492,3.1515,3.145,3.1515,21551.0,BTBT
2025-02-03 13:52:00,3.14,3.145,3.14,3.145,11356.0,BTBT
2025-02-03 13:51:00,3.145,3.15,3.14,3.15,22478.0,BTBT
2025-02-03 13:50:00,3.1399,3.1499,3.13,3.145,67455.0,BTBT
2025-02-03 13:49:00,3.135,3.135,3.13,3.13,2357.0,BTBT
2025-02-03 13:48:00,3.155,3.1552,3.13,3.135,75561.0,BTBT
2025-02-03 13:47:00,3.15,3.1591,3.145,3.155,94871.0,BTBT
2025-02-03 13:46:00,3.145,3.1452,3.14,3.1428,8996.0,BTBT
2025-02-03 13:45:00,3.1499,3.15,3.1348,3.145,34954.0,BTBT
2025-02-03 13:44:00,3.135,3.145,3.135,3.1417,56325.0,BTBT
2025-02-03 13:43:00,3.1282,3.135,3.12,3.1301,18908.0,BTBT
2025-02-03 13:42:00,3.13,3.135,3.1235,3.125,28040.0,BTBT
2025-02-03 13:41:00,3.1399,3.14,3.13,3.13,37091.0,BTBT
2025-02-03 13:40:00,3.1349,3.14,3.1329,3.135,7152.0,BTBT
2025-02-03 13:39:00,3.13,3.136,3.13,3.13,7565.0,BTBT
2025-02-03 13:38:00,3.1426,3.15,3.1327,3.1369,37856.0,BTBT
2025-02-03 13:37:00,3.135,3.14,3.13,3.14,30104.0,BTBT
2025-02-03 13:36:00,3.135,3.14,3.1348,3.135,12557.0,BTBT
2025-02-03 13:35:00,3.135,3.14,3.1336,3.135,6484.0,BTBT
2025-02-03 13:34:00,3.1348,3.14,3.1301,3.1301,11126.0,BTBT
2025-02-03 13:33:00,3.1372,3.1372,3.13,3.135,13667.0,BTBT
2025-02-03 13:32:00,3.13,3.135,3.125,3.1309,52001.0,BTBT
2025-02-03 13:31:00,3.1312,3.135,3.12,3.125,9688.0,BTBT
2025-02-03 13:30:00,3.13,3.1352,3.125,3.1348,29122.0,BTBT
2025-02-03 13:29:00,3.1383,3.14,3.13,3.1331,28185.0,BTBT
2025-02-03 13:28:00,3.1288,3.1399,3.1201,3.1352,47470.0,BTBT
2025-02-03 13:27:00,3.125,3.13,3.12,3.125,17245.0,BTBT
2025-02-03 13:26:00,3.125,3.13,3.125,3.125,34850.0,BTBT
2025-02-03 13:25:00,3.1194,3.125,3.1152,3.1218,41230.0,BTBT
2025-02-03 13:24:00,3.115,3.1199,3.1101,3.1199,20010.0,BTBT
2025-02-03 13:23:00,3.11,3.12,3.11,3.11,24840.0,BTBT
2025-02-03 13:22:00,3.1227,3.13,3.11,3.12,24511.0,BTBT
2025-02-03 13:21:00,3.125,3.125,3.12,3.125,34010.0,BTBT
2025-02-03 13:20:00,3.125,3.13,3.1206,3.1265,33299.0,BTBT
2025-02-03 13:19:00,3.1225,3.1252,3.1126,3.1252,55224.0,BTBT
2025-02-03 13:18:00,3.12,3.125,3.11,3.125,57144.0,BTBT
2025-02-03 13:17:00,3.125,3.1299,3.11,3.11,65166.0,BTBT
2025-02-03 13:16:00,3.101,3.13,3.101,3.13,60442.0,BTBT
2025-02-03 13:15:00,3.105,3.11,3.1,3.11,22743.0,BTBT
2025-02-03 13:14:00,3.115,3.12,3.1,3.1,50513.0,BTBT
2025-02-03 13:13:00,3.1052,3.1184,3.1,3.1152,57071.0,BTBT
2025-02-03 13:12:00,3.095,3.105,3.095,3.1,20902.0,BTBT
2025-02-03 13:11:00,3.1,3.1,3.0867,3.0907,21721.0,BTBT
2025-02-03 13:10:00,3.1,3.1,3.09,3.0967,23441.0,BTBT
2025-02-03 13:09:00,3.105,3.105,3.0901,3.0994,86096.0,BTBT
2025-02-03 13:08:00,3.1305,3.1305,3.1001,3.1001,120227.0,BTBT
2025-02-03 13:07:00,3.125,3.1388,3.115,3.1301,110508.0,BTBT
2025-02-03 13:06:00,3.12,3.135,3.12,3.125,104633.0,BTBT
2025-02-03 13:05:00,3.1133,3.12,3.11,3.1135,57215.0,BTBT
2025-02-03 13:04:00,3.09,3.12,3.09,3.115,116336.0,BTBT
2025-02-03 13:03:00,3.08,3.0989,3.08,3.0989,46681.0,BTBT
2025-02-03 13:02:00,3.0801,3.085,3.07,3.075,66217.0,BTBT
2025-02-03 13:01:00,3.0701,3.09,3.06,3.09,122479.0,BTBT
2025-02-03 13:00:00,3.0801,3.09,3.0748,3.0748,41047.0,BTBT
2025-02-03 12:59:00,3.075,3.09,3.065,3.0899,86837.0,BTBT
2025-02-03 12:58:00,3.06,3.08,3.06,3.0752,82290.0,BTBT
2025-02-03 12:57:00,3.06,3.0652,3.05,3.06,19610.0,BTBT
2025-02-03 12:56:00,3.05,3.075,3.05,3.0606,53620.0,BTBT
2025-02-03 12:55:00,3.08,3.085,3.04,3.0567,121493.0,BTBT
2025-02-03 12:54:00,3.0799,3.09,3.07,3.085,68553.0,BTBT
2025-02-03 12:53:00,3.06,3.075,3.06,3.075,42177.0,BTBT
2025-02-03 12:52:00,3.07,3.07,3.0601,3.0645,33859.0,BTBT
2025-02-03 12:51:00,3.08,3.08,3.07,3.07,88861.0,BTBT
2025-02-03 12:50:00,3.07,3.08,3.07,3.075,85282.0,BTBT
2025-02-03 12:49:00,3.055,3.08,3.055,3.06,51873.0,BTBT
2025-02-03 12:48:00,3.055,3.055,3.05,3.055,878.0,BTBT
2025-02-03 12:47:00,3.05,3.06,3.05,3.05,1726.0,BTBT
2025-02-03 12:46:00,3.065,3.0664,3.05,3.05,30786.0,BTBT
2025-02-03 12:45:00,3.05,3.065,3.05,3.0613,18114.0,BTBT
2025-02-03 12:44:00,3.06,3.06,3.05,3.0536,67941.0,BTBT
2025-02-03 12:43:00,3.0676,3.07,3.06,3.06,5271.0,BTBT
2025-02-03 12:42:00,3.062,3.0666,3.0618,3.065,3865.0,BTBT
2025-02-03 12:41:00,3.065,3.0682,3.06,3.06,8358.0,BTBT
2025-02-03 12:40:00,3.065,3.07,3.06,3.06,7733.0,BTBT
2025-02-03 12:39:00,3.075,3.0752,3.07,3.07,43293.0,BTBT
2025-02-03 12:38:00,3.07,3.08,3.06,3.07,50392.0,BTBT
2025-02-03 12:37:00,3.0699,3.08,3.065,3.08,28273.0,BTBT
2025-02-03 12:36:00,3.065,3.07,3.06,3.0605,17531.0,BTBT
2025-02-03 12:35:00,3.07,3.075,3.06,3.0699,60977.0,BTBT
2025-02-03 12:34:00,3.08,3.08,3.0702,3.075,6835.0,BTBT
2025-02-03 12:33:00,3.09,3.09,3.07,3.0701,35117.0,BTBT
2025-02-03 12:32:00,3.08,3.085,3.08,3.08,3178.0,BTBT
2025-02-03 12:31:00,3.08,3.085,3.07,3.0848,20236.0,BTBT
2025-02-03 12:30:00,3.08,3.0852,3.07,3.085,26329.0,BTBT
2025-02-03 12:29:00,3.0905,3.0905,3.08,3.08,32398.0,BTBT
2025-02-03 12:28:00,3.0952,3.1,3.09,3.1,2626.0,BTBT
2025-02-03 12:27:00,3.1,3.1099,3.09,3.095,48203.0,BTBT
2025-02-03 12:26:00,3.1,3.105,3.1,3.105,4143.0,BTBT
2025-02-03 12:25:00,3.115,3.12,3.1007,3.1016,40938.0,BTBT
2025-02-03 12:24:00,3.115,3.1218,3.1116,3.1126,19357.0,BTBT
2025-02-03 12:23:00,3.11,3.1195,3.11,3.1195,13923.0,BTBT
2025-02-03 12:22:00,3.11,3.11,3.1094,3.1096,6863.0,BTBT
2025-02-03 12:21:00,3.11,3.11,3.1,3.1,10104.0,BTBT
2025-02-03 12:20:00,3.1,3.115,3.1,3.111,28715.0,BTBT
2025-02-03 12:19:00,3.1004,3.1088,3.1,3.1088,6004.0,BTBT
2025-02-03 12:18:00,3.11,3.11,3.1,3.1005,37423.0,BTBT
2025-02-03 12:17:00,3.1,3.1052,3.09,3.1012,45983.0,BTBT
2025-02-03 12:16:00,3.1,3.1,3.09,3.09,8951.0,BTBT
2025-02-03 12:15:00,3.1001,3.1028,3.0903,3.0903,9862.0,BTBT
2025-02-03 12:14:00,3.09,3.105,3.09,3.1,15599.0,BTBT
2025-02-03 12:13:00,3.105,3.1052,3.09,3.0992,60414.0,BTBT
2025-02-03 12:12:00,3.09,3.1098,3.09,3.1048,36641.0,BTBT
2025-02-03 12:11:00,3.1,3.105,3.09,3.0911,23386.0,BTBT
2025-02-03 12:10:00,3.11,3.11,3.1001,3.11,17300.0,BTBT
2025-02-03 12:09:00,3.09,3.11,3.09,3.11,27580.0,BTBT
2025-02-03 12:08:00,3.09,3.0986,3.09,3.0986,38337.0,BTBT
2025-02-03 12:07:00,3.1,3.1,3.09,3.1,17813.0,BTBT
2025-02-03 12:06:00,3.105,3.1099,3.0948,3.1006,25235.0,BTBT
2025-02-03 12:05:00,3.1,3.1,3.09,3.1,13362.0,BTBT
2025-02-03 12:04:00,3.0905,3.1052,3.09,3.105,27910.0,BTBT
2025-02-03 12:03:00,3.0915,3.095,3.09,3.0948,25906.0,BTBT
2025-02-03 12:02:00,3.1008,3.1052,3.0905,3.0905,25443.0,BTBT
2025-02-03 12:01:00,3.1001,3.105,3.1,3.1018,8726.0,BTBT
2025-02-03 12:00:00,3.08,3.105,3.0701,3.105,24409.0,BTBT
2025-02-03 11:59:00,3.075,3.0799,3.07,3.07,7029.0,BTBT
2025-02-03 11:58:00,3.0899,3.0899,3.07,3.0782,51840.0,BTBT
2025-02-03 11:57:00,3.0901,3.095,3.08,3.08,37215.0,BTBT
2025-02-03 11:56:00,3.1,3.1,3.08,3.095,37346.0,BTBT
2025-02-03 11:55:00,3.115,3.12,3.1,3.1048,72396.0,BTBT
2025-02-03 11:54:00,3.12,3.13,3.11,3.11,38477.0,BTBT
2025-02-03 11:53:00,3.14,3.14,3.12,3.12,39211.0,BTBT
2025-02-03 11:52:00,3.13,3.15,3.13,3.14,27240.0,BTBT
2025-02-03 11:51:00,3.1348,3.14,3.13,3.1364,40710.0,BTBT
2025-02-03 11:50:00,3.115,3.1326,3.11,3.1301,32076.0,BTBT
2025-02-03 11:49:00,3.1252,3.1252,3.1082,3.1145,61340.0,BTBT
2025-02-03 11:48:00,3.115,3.125,3.115,3.1201,24515.0,BTBT
2025-02-03 11:47:00,3.11,3.12,3.11,3.12,9470.0,BTBT
2025-02-03 11:46:00,3.1198,3.12,3.11,3.12,24402.0,BTBT
2025-02-03 11:45:00,3.1248,3.1248,3.11,3.12,31788.0,BTBT
2025-02-03 11:44:00,3.1152,3.1252,3.11,3.1208,59316.0,BTBT
2025-02-03 11:43:00,3.11,3.12,3.1,3.11,42400.0,BTBT
2025-02-03 11:42:00,3.1104,3.115,3.1,3.105,31744.0,BTBT
2025-02-03 11:41:00,3.12,3.12,3.115,3.115,9374.0,BTBT
2025-02-03 11:40:00,3.1201,3.14,3.12,3.1298,32005.0,BTBT
2025-02-03 11:39:00,3.125,3.13,3.12,3.13,12568.0,BTBT
2025-02-03 11:38:00,3.1099,3.1256,3.105,3.125,36331.0,BTBT
2025-02-03 11:37:00,3.1252,3.1252,3.1,3.1052,26681.0,BTBT
2025-02-03 11:36:00,3.115,3.1256,3.11,3.1252,26290.0,BTBT
2025-02-03 11:35:00,3.125,3.125,3.1107,3.1144,33094.0,BTBT
2025-02-03 11:34:00,3.1201,3.13,3.12,3.125,20310.0,BTBT
2025-02-03 11:33:00,3.11,3.125,3.11,3.125,23698.0,BTBT
2025-02-03 11:32:00,3.095,3.1208,3.095,3.1102,22451.0,BTBT
2025-02-03 11:31:00,3.0905,3.095,3.08,3.095,32221.0,BTBT
2025-02-03 11:30:00,3.09,3.0997,3.09,3.09,33308.0,BTBT
2025-02-03 11:29:00,3.0901,3.0999,3.08,3.0995,61398.0,BTBT
2025-02-03 11:28:00,3.0999,3.105,3.09,3.0909,41353.0,BTBT
2025-02-03 11:27:00,3.111,3.12,3.09,3.0948,59081.0,BTBT
2025-02-03 11:26:00,3.1199,3.1199,3.1,3.115,72547.0,BTBT
2025-02-03 11:25:00,3.115,3.1299,3.11,3.11,102755.0,BTBT
2025-02-03 11:24:00,3.11,3.115,3.11,3.11,17051.0,BTBT
2025-02-03 11:23:00,3.1006,3.1099,3.1,3.1,17289.0,BTBT
2025-02-03 11:22:00,3.0999,3.1152,3.0952,3.1099,30752.0,BTBT
2025-02-03 11:21:00,3.095,3.0952,3.08,3.0952,26747.0,BTBT
2025-02-03 11:20:00,3.1,3.105,3.09,3.095,25385.0,BTBT
2025-02-03 11:19:00,3.0952,3.11,3.09,3.105,81302.0,BTBT
2025-02-03 11:18:00,3.105,3.115,3.095,3.095,77350.0,BTBT
2025-02-03 11:17:00,3.09,3.1099,3.09,3.1017,73128.0,BTBT
2025-02-03 11:16:00,3.1,3.1044,3.09,3.0948,40326.0,BTBT
2025-02-03 11:15:00,3.11,3.1189,3.1,3.1007,20222.0,BTBT
2025-02-03 11:14:00,3.1203,3.1203,3.11,3.11,19274.0,BTBT
2025-02-03 11:13:00,3.105,3.125,3.1,3.1201,41218.0,BTBT
2025-02-03 11:12:00,3.1,3.1199,3.1,3.105,71542.0,BTBT
2025-02-03 11:11:00,3.11,3.1152,3.1,3.105,41270.0,BTBT
2025-02-03 11:10:00,3.11,3.1299,3.1,3.1199,101504.0,BTBT
2025-02-03 11:09:00,3.1309,3.135,3.1,3.1099,76752.0,BTBT
2025-02-03 11:08:00,3.11,3.14,3.11,3.135,99647.0,BTBT
2025-02-03 11:07:00,3.1307,3.1307,3.11,3.1104,81542.0,BTBT
2025-02-03 11:06:00,3.0999,3.1399,3.0952,3.1308,215172.0,BTBT
2025-02-03 11:05:00,3.13,3.1301,3.09,3.0906,108820.0,BTBT
2025-02-03 11:04:00,3.14,3.155,3.12,3.125,164313.0,BTBT
2025-02-03 11:03:00,3.1559,3.1599,3.13,3.1418,121897.0,BTBT
2025-02-03 11:02:00,3.1699,3.18,3.15,3.15,118587.0,BTBT
2025-02-03 11:01:00,3.1705,3.1799,3.15,3.1686,113562.0,BTBT
2025-02-03 11:00:00,3.1505,3.18,3.15,3.1708,138436.0,BTBT
2025-02-03 10:59:00,3.15,3.1599,3.15,3.1533,44178.0,BTBT
2025-02-03 10:58:00,3.15,3.1701,3.15,3.15,90089.0,BTBT
2025-02-03 10:57:00,3.175,3.1752,3.1552,3.1552,19840.0,BTBT
2025-02-03 10:56:00,3.17,3.18,3.16,3.1701,96580.0,BTBT
2025-02-03 10:55:00,3.1406,3.1799,3.1405,3.175,80550.0,BTBT
2025-02-03 10:54:00,3.15,3.1526,3.13,3.15,99520.0,BTBT
2025-02-03 10:53:00,3.16,3.1699,3.15,3.15,75565.0,BTBT
2025-02-03 10:52:00,3.17,3.17,3.15,3.1601,83576.0,BTBT
2025-02-03 10:51:00,3.1799,3.185,3.16,3.1752,107652.0,BTBT
2025-02-03 10:50:00,3.165,3.18,3.155,3.1752,202218.0,BTBT
2025-02-03 10:49:00,3.155,3.16,3.13,3.16,71118.0,BTBT
2025-02-03 10:48:00,3.1482,3.1699,3.1482,3.15,49232.0,BTBT
2025-02-03 10:47:00,3.1605,3.165,3.14,3.141,60855.0,BTBT
2025-02-03 10:46:00,3.15,3.1689,3.14,3.1611,123828.0,BTBT
2025-02-03 10:45:00,3.145,3.1589,3.14,3.155,104944.0,BTBT
2025-02-03 10:44:00,3.1399,3.16,3.13,3.145,173249.0,BTBT
2025-02-03 10:43:00,3.1405,3.1561,3.13,3.135,102525.0,BTBT
2025-02-03 10:42:00,3.145,3.155,3.14,3.145,173723.0,BTBT
2025-02-03 10:41:00,3.105,3.15,3.09,3.145,169079.0,BTBT
2025-02-03 10:40:00,3.11,3.1299,3.1052,3.1052,147611.0,BTBT
2025-02-03 10:39:00,3.1199,3.12,3.1048,3.11,84529.0,BTBT
2025-02-03 10:38:00,3.11,3.1199,3.0917,3.11,108106.0,BTBT
2025-02-03 10:37:00,3.1007,3.1248,3.1,3.115,151580.0,BTBT
2025-02-03 10:36:00,3.11,3.12,3.1,3.1008,118504.0,BTBT
2025-02-03 10:35:00,3.135,3.135,2.88,3.1048,119180.0,BTBT
2025-02-03 10:34:00,3.14,3.14,3.12,3.135,193604.0,BTBT
2025-02-03 10:33:00,3.12,3.1361,3.12,3.1311,81957.0,BTBT
2025-02-03 10:32:00,3.0903,3.1199,3.09,3.11,109073.0,BTBT
2025-02-03 10:31:00,3.08,3.105,3.0767,3.095,238041.0,BTBT
2025-02-03 10:30:00,3.09,3.1,3.08,3.0804,302504.0,BTBT
2025-02-03 10:29:00,3.085,3.1151,3.0801,3.0995,143054.0,BTBT
2025-02-03 10:28:00,3.0999,3.0999,3.07,3.085,123283.0,BTBT
2025-02-03 10:27:00,3.072,3.105,3.072,3.0906,146695.0,BTBT
2025-02-03 10:26:00,3.09,3.1099,3.05,3.08,389052.0,BTBT
2025-02-03 10:25:00,3.1099,3.12,3.0895,3.0952,311014.0,BTBT
2025-02-03 10:24:00,3.0599,3.11,3.05,3.105,301160.0,BTBT
2025-02-03 10:23:00,3.05,3.065,3.0401,3.0599,175173.0,BTBT
2025-02-03 10:22:00,3.0396,3.0432,3.02,3.0423,82882.0,BTBT
2025-02-03 10:21:00,2.98,3.0382,2.98,3.0382,101198.0,BTBT
2025-02-03 10:20:00,2.98,2.9899,2.975,2.9814,48105.0,BTBT
2025-02-03 10:19:00,2.9798,2.9899,2.97,2.9701,104625.0,BTBT
2025-02-03 10:18:00,2.9748,2.985,2.97,2.9791,122139.0,BTBT
2025-02-03 10:17:00,2.99,2.99,2.96,2.9752,169734.0,BTBT
2025-02-03 10:16:00,2.975,2.995,2.97,2.985,77673.0,BTBT
2025-02-03 10:15:00,2.97,2.98,2.96,2.975,129944.0,BTBT
2025-02-03 10:14:00,2.9862,2.9862,2.96,2.9679,43452.0,BTBT
2025-02-03 10:13:00,2.965,2.99,2.965,2.9801,55667.0,BTBT
2025-02-03 10:12:00,2.965,2.97,2.96,2.9698,14447.0,BTBT
2025-02-03 10:11:00,2.9599,2.97,2.95,2.9605,56601.0,BTBT
2025-02-03 10:10:00,2.9811,2.985,2.9548,2.9548,45928.0,BTBT
2025-02-03 10:09:00,2.98,2.99,2.97,2.985,9992.0,BTBT
2025-02-03 10:08:00,2.9752,2.998,2.97,2.975,68725.0,BTBT
2025-02-03 10:07:00,2.96,2.9848,2.96,2.975,29560.0,BTBT
2025-02-03 10:06:00,2.98,2.98,2.96,2.97,31689.0,BTBT
2025-02-03 10:05:00,2.965,2.9895,2.9601,2.98,38763.0,BTBT
2025-02-03 10:04:00,2.955,2.9693,2.95,2.9693,38907.0,BTBT
2025-02-03 10:03:00,2.9405,2.96,2.9405,2.95,25444.0,BTBT
2025-02-03 10:02:00,2.96,2.96,2.93,2.948,33013.0,BTBT
2025-02-03 10:01:00,2.97,2.99,2.9648,2.965,67534.0,BTBT
2025-02-03 10:00:00,2.98,2.98,2.96,2.97,33482.0,BTBT
2025-02-03 09:59:00,3.0008,3.005,2.98,2.9867,13686.0,BTBT
2025-02-03 09:58:00,3.0,3.01,2.9911,3.005,54346.0,BTBT
2025-02-03 09:57:00,3.0083,3.0252,3.0,3.0008,102352.0,BTBT
2025-02-03 09:56:00,2.99,3.01,2.99,3.0,115682.0,BTBT
2025-02-03 09:55:00,2.9695,2.99,2.96,2.9812,94702.0,BTBT
2025-02-03 09:54:00,2.9511,2.98,2.95,2.9699,129778.0,BTBT
2025-02-03 09:53:00,2.96,2.96,2.95,2.9501,53878.0,BTBT
2025-02-03 09:52:00,2.955,2.96,2.9344,2.9507,95169.0,BTBT
2025-02-03 09:51:00,2.935,2.9588,2.9301,2.9522,114577.0,BTBT
2025-02-03 09:50:00,2.9364,2.94,2.92,2.935,88511.0,BTBT
2025-02-03 09:49:00,2.935,2.94,2.93,2.93,24184.0,BTBT
2025-02-03 09:48:00,2.935,2.94,2.93,2.935,10956.0,BTBT
2025-02-03 09:47:00,2.9296,2.9398,2.9203,2.935,18364.0,BTBT
2025-02-03 09:46:00,2.9201,2.93,2.91,2.92,34333.0,BTBT
2025-02-03 09:45:00,2.9301,2.94,2.92,2.925,50061.0,BTBT
2025-02-03 09:44:00,2.945,2.96,2.93,2.93,89098.0,BTBT
2025-02-03 09:43:00,2.9448,2.95,2.92,2.945,68973.0,BTBT
2025-02-03 09:42:00,2.9595,2.96,2.93,2.9499,99050.0,BTBT
2025-02-03 09:41:00,2.93,2.955,2.93,2.955,90173.0,BTBT
2025-02-03 09:40:00,2.95,2.9599,2.9197,2.9269,48456.0,BTBT
2025-02-03 09:39:00,2.9396,2.95,2.93,2.945,56068.0,BTBT
2025-02-03 09:38:00,2.92,2.94,2.92,2.94,78588.0,BTBT
2025-02-03 09:37:00,2.9095,2.9197,2.88,2.9197,163578.0,BTBT
2025-02-03 09:36:00,2.9006,2.92,2.89,2.9094,143879.0,BTBT
2025-02-03 09:35:00,2.905,2.9098,2.88,2.905,137508.0,BTBT
2025-02-03 09:34:00,2.88,2.905,2.88,2.905,114312.0,BTBT
2025-02-03 09:33:00,2.88,2.89,2.84,2.8799,185562.0,BTBT
2025-02-03 09:32:00,2.865,2.8895,2.8506,2.88,26809.0,BTBT
2025-02-03 09:31:00,2.8701,2.8852,2.84,2.865,163747.0,BTBT
2025-02-03 09:30:00,2.88,2.9,2.85,2.8789,503299.0,BTBT
2025-02-03 09:29:00,2.88,2.89,2.88,2.89,839.0,BTBT
2025-02-03 09:28:00,2.86,2.8844,2.86,2.8844,5979.0,BTBT
2025-02-03 09:27:00,2.86,2.87,2.86,2.87,653.0,BTBT
2025-02-03 09:26:00,2.86,2.86,2.86,2.86,1358.0,BTBT
2025-02-03 09:24:00,2.86,2.86,2.86,2.86,2047.0,BTBT
2025-02-03 09:23:00,2.87,2.88,2.87,2.8701,5956.0,BTBT
2025-02-03 09:22:00,2.8798,2.8798,2.87,2.8702,213.0,BTBT
2025-02-03 09:21:00,2.87,2.88,2.87,2.88,415.0,BTBT
2025-02-03 09:20:00,2.88,2.88,2.8797,2.8797,751.0,BTBT
2025-02-03 09:19:00,2.88,2.88,2.88,2.88,1504.0,BTBT
2025-02-03 09:18:00,2.87,2.8802,2.86,2.8802,9556.0,BTBT
2025-02-03 09:17:00,2.8697,2.8697,2.8697,2.8697,20.0,BTBT
2025-02-03 09:16:00,2.86,2.87,2.86,2.8698,429.0,BTBT
2025-02-03 09:15:00,2.86,2.86,2.86,2.86,1814.0,BTBT
2025-02-03 09:14:00,2.87,2.87,2.86,2.87,991.0,BTBT
2025-02-03 09:13:00,2.87,2.87,2.86,2.86,235.0,BTBT
2025-02-03 09:12:00,2.86,2.87,2.86,2.8699,703.0,BTBT
2025-02-03 09:11:00,2.87,2.87,2.8699,2.87,8762.0,BTBT
2025-02-03 09:10:00,2.87,2.88,2.87,2.87,2475.0,BTBT
2025-02-03 09:09:00,2.87,2.88,2.87,2.88,961.0,BTBT
2025-02-03 09:08:00,2.8799,2.88,2.8799,2.88,1050.0,BTBT
2025-02-03 09:07:00,2.88,2.885,2.87,2.879,14179.0,BTBT
2025-02-03 09:06:00,2.89,2.89,2.8898,2.89,3703.0,BTBT
2025-02-03 09:05:00,2.89,2.89,2.88,2.88,200.0,BTBT
2025-02-03 09:04:00,2.88,2.89,2.88,2.89,3362.0,BTBT
2025-02-03 09:03:00,2.8897,2.89,2.88,2.89,696.0,BTBT
2025-02-03 09:02:00,2.89,2.89,2.89,2.89,25.0,BTBT
2025-02-03 09:01:00,2.89,2.89,2.8898,2.8898,1584.0,BTBT
2025-02-03 09:00:00,2.8803,2.8899,2.8803,2.8899,29.0,BTBT
2025-02-03 08:59:00,2.8899,2.89,2.88,2.89,530.0,BTBT
2025-02-03 08:58:00,2.8803,2.8803,2.88,2.88,19.0,BTBT
2025-02-03 08:57:00,2.9,2.9,2.89,2.89,24957.0,BTBT
2025-02-03 08:56:00,2.8997,2.8997,2.8997,2.8997,5.0,BTBT
2025-02-03 08:55:00,2.89,2.89,2.89,2.89,240.0,BTBT
2025-02-03 08:53:00,2.89,2.89,2.89,2.89,15.0,BTBT
2025-02-03 08:52:00,2.8997,2.9,2.8997,2.9,1100.0,BTBT
2025-02-03 08:51:00,2.9,2.9,2.9,2.9,5.0,BTBT
2025-02-03 08:50:00,2.9,2.9,2.9,2.9,40.0,BTBT
2025-02-03 08:49:00,2.89,2.8999,2.89,2.8997,370.0,BTBT
2025-02-03 08:47:00,2.9,2.9,2.8998,2.8998,1005.0,BTBT
2025-02-03 08:46:00,2.9,2.9,2.89,2.8902,1033.0,BTBT
2025-02-03 08:45:00,2.89,2.9,2.89,2.9,213.0,BTBT
2025-02-03 08:44:00,2.9,2.9,2.89,2.89,862.0,BTBT
2025-02-03 08:43:00,2.89,2.9,2.89,2.9,53.0,BTBT
2025-02-03 08:42:00,2.8999,2.9,2.89,2.8998,1055.0,BTBT
2025-02-03 08:41:00,2.9,2.9,2.9,2.9,3.0,BTBT
2025-02-03 08:40:00,2.8998,2.9,2.8998,2.9,610.0,BTBT
2025-02-03 08:39:00,2.8897,2.9,2.88,2.8897,1960.0,BTBT
2025-02-03 08:38:00,2.89,2.89,2.89,2.89,1910.0,BTBT
2025-02-03 08:37:00,2.88,2.89,2.8799,2.89,3678.0,BTBT
2025-02-03 08:36:00,2.88,2.88,2.8701,2.8701,12.0,BTBT
2025-02-03 08:35:00,2.88,2.88,2.87,2.87,604.0,BTBT
2025-02-03 08:34:00,2.88,2.88,2.8795,2.88,3705.0,BTBT
2025-02-03 08:33:00,2.8797,2.88,2.8797,2.88,600.0,BTBT
2025-02-03 08:32:00,2.8797,2.88,2.87,2.88,10767.0,BTBT
2025-02-03 08:31:00,2.88,2.88,2.88,2.88,300.0,BTBT
2025-02-03 08:30:00,2.88,2.88,2.879,2.879,2950.0,BTBT
2025-02-03 08:29:00,2.88,2.88,2.8798,2.8798,4410.0,BTBT
2025-02-03 08:28:00,2.88,2.88,2.87,2.8798,8116.0,BTBT
2025-02-03 08:27:00,2.87,2.8702,2.87,2.8702,4272.0,BTBT
2025-02-03 08:26:00,2.8701,2.8701,2.87,2.8701,2594.0,BTBT
2025-02-03 08:25:00,2.87,2.88,2.87,2.88,705.0,BTBT
2025-02-03 08:24:00,2.8798,2.8798,2.87,2.87,833.0,BTBT
2025-02-03 08:23:00,2.88,2.88,2.8798,2.8798,415.0,BTBT
2025-02-03 08:20:00,2.88,2.88,2.87,2.87,5095.0,BTBT
2025-02-03 08:19:00,2.88,2.89,2.87,2.87,14241.0,BTBT
2025-02-03 08:17:00,2.8898,2.89,2.8802,2.8899,2061.0,BTBT
2025-02-03 08:15:00,2.8898,2.8898,2.88,2.88,165.0,BTBT
2025-02-03 08:14:00,2.88,2.89,2.88,2.89,6817.0,BTBT
2025-02-03 08:13:00,2.9,2.9,2.89,2.89,1519.0,BTBT
2025-02-03 08:12:00,2.9,2.9,2.9,2.9,10.0,BTBT
2025-02-03 08:11:00,2.88,2.89,2.88,2.89,4372.0,BTBT
2025-02-03 08:10:00,2.9,2.9,2.89,2.89,9687.0,BTBT
2025-02-03 08:09:00,2.91,2.91,2.9,2.9099,1316.0,BTBT
2025-02-03 08:08:00,2.9002,2.91,2.9,2.9002,6251.0,BTBT
2025-02-03 08:07:00,2.9001,2.91,2.9001,2.91,45.0,BTBT
2025-02-03 08:06:00,2.9,2.9,2.9,2.9,3151.0,BTBT
2025-02-03 08:05:00,2.89,2.91,2.88,2.9,4084.0,BTBT
2025-02-03 08:04:00,2.88,2.8899,2.88,2.8899,1324.0,BTBT
2025-02-03 08:03:00,2.8799,2.88,2.87,2.87,253.0,BTBT
2025-02-03 08:02:00,2.8899,2.8899,2.88,2.88,4845.0,BTBT
2025-02-03 08:01:00,2.91,2.929,2.81,2.88,6957.0,BTBT
2025-02-03 08:00:00,2.92,2.99,2.869,2.89,165842.0,BTBT
2025-02-03 07:57:00,2.89,2.89,2.88,2.88,2380.0,BTBT
2025-02-03 07:56:00,2.88,2.89,2.88,2.88,2300.0,BTBT
2025-02-03 07:55:00,2.871,2.89,2.871,2.89,1150.0,BTBT
2025-02-03 07:54:00,2.87,2.871,2.87,2.87,530.0,BTBT
2025-02-03 07:52:00,2.88,2.88,2.88,2.88,100.0,BTBT
2025-02-03 07:50:00,2.88,2.88,2.88,2.88,25.0,BTBT
2025-02-03 07:49:00,2.88,2.88,2.88,2.88,3111.0,BTBT
2025-02-03 07:48:00,2.88,2.89,2.85,2.89,32174.0,BTBT
2025-02-03 07:47:00,2.89,2.895,2.89,2.89,3226.0,BTBT
2025-02-03 07:46:00,2.9,2.9,2.9,2.9,2690.0,BTBT
2025-02-03 07:45:00,2.9,2.9,2.9,2.9,3969.0,BTBT
2025-02-03 07:44:00,2.91,2.91,2.91,2.91,5.0,BTBT
2025-02-03 07:43:00,2.9,2.91,2.9,2.91,1523.0,BTBT
2025-02-03 07:42:00,2.9,2.9,2.9,2.9,12634.0,BTBT
2025-02-03 07:40:00,2.91,2.91,2.91,2.91,100.0,BTBT
2025-02-03 07:39:00,2.9,2.9,2.9,2.9,10.0,BTBT
2025-02-03 07:37:00,2.91,2.91,2.9,2.905,19113.0,BTBT
2025-02-03 07:36:00,2.91,2.91,2.91,2.91,2000.0,BTBT
2025-02-03 07:33:00,2.91,2.91,2.91,2.91,100.0,BTBT
2025-02-03 07:32:00,2.905,2.905,2.905,2.905,700.0,BTBT
2025-02-03 07:31:00,2.915,2.915,2.9,2.9,12758.0,BTBT
2025-02-03 07:30:00,2.92,2.92,2.92,2.92,5.0,BTBT
2025-02-03 07:29:00,2.91,2.915,2.91,2.915,1925.0,BTBT
2025-02-03 07:25:00,2.92,2.92,2.92,2.92,200.0,BTBT
2025-02-03 07:18:00,2.92,2.92,2.92,2.92,620.0,BTBT
2025-02-03 07:15:00,2.92,2.92,2.92,2.92,60.0,BTBT
2025-02-03 07:13:00,2.91,2.91,2.91,2.91,500.0,BTBT
2025-02-03 07:11:00,2.91,2.91,2.91,2.91,3213.0,BTBT
2025-02-03 07:09:00,2.9,2.9,2.9,2.9,700.0,BTBT
2025-02-03 07:08:00,2.9,2.9,2.9,2.9,2500.0,BTBT
2025-02-03 07:07:00,2.91,2.91,2.91,2.91,357.0,BTBT
2025-02-03 07:04:00,2.921,2.921,2.92,2.92,2179.0,BTBT
2025-02-03 07:03:00,2.93,2.93,2.93,2.93,5550.0,BTBT
2025-02-03 07:02:00,2.96,2.96,2.93,2.93,1842.0,BTBT
2025-02-03 07:01:00,2.97,2.975,2.97,2.97,9664.0,BTBT
2025-02-03 07:00:00,2.93,2.99,2.92,2.97,19794.0,BTBT
2025-02-03 06:59:00,2.91,2.93,2.91,2.93,2548.0,BTBT
2025-02-03 06:57:00,2.91,2.91,2.91,2.91,7660.0,BTBT
2025-02-03 06:55:00,2.91,2.91,2.91,2.91,2311.0,BTBT
2025-02-03 06:49:00,2.91,2.91,2.91,2.91,93.0,BTBT
2025-02-03 06:47:00,2.9,2.9,2.9,2.9,300.0,BTBT
2025-02-03 06:44:00,2.91,2.91,2.91,2.91,7.0,BTBT
2025-02-03 06:40:00,2.91,2.91,2.91,2.91,107.0,BTBT
2025-02-03 06:39:00,2.92,2.92,2.92,2.92,502.0,BTBT
2025-02-03 06:38:00,2.93,2.93,2.92,2.92,32590.0,BTBT
2025-02-03 06:33:00,2.93,2.93,2.93,2.93,100.0,BTBT
2025-02-03 06:32:00,2.93,2.93,2.93,2.93,173.0,BTBT
2025-02-03 06:31:00,2.93,2.93,2.93,2.93,752.0,BTBT
2025-02-03 06:30:00,2.93,2.93,2.93,2.93,1313.0,BTBT
2025-02-03 06:29:00,2.93,2.93,2.92,2.92,175.0,BTBT
2025-02-03 06:28:00,2.93,2.93,2.92,2.93,7.0,BTBT
2025-02-03 06:26:00,2.93,2.93,2.92,2.92,502.0,BTBT
2025-02-03 06:24:00,2.93,2.93,2.93,2.93,40.0,BTBT
2025-02-03 06:20:00,2.93,2.93,2.93,2.93,500.0,BTBT
2025-02-03 06:19:00,2.93,2.93,2.93,2.93,2145.0,BTBT
2025-02-03 06:18:00,2.93,2.93,2.93,2.93,5.0,BTBT
2025-02-03 06:14:00,2.93,2.93,2.93,2.93,5.0,BTBT
2025-02-03 06:13:00,2.92,2.92,2.92,2.92,200.0,BTBT
2025-02-03 06:12:00,2.93,2.93,2.93,2.93,501.0,BTBT
2025-02-03 06:11:00,2.91,2.91,2.91,2.91,1290.0,BTBT
2025-02-03 06:09:00,2.91,2.91,2.91,2.91,10.0,BTBT
2025-02-03 06:08:00,2.9,2.9,2.9,2.9,4122.0,BTBT
2025-02-03 06:06:00,2.88,2.9,2.88,2.9,1282.0,BTBT
2025-02-03 05:58:00,2.89,2.9,2.85,2.87,30303.0,BTBT
2025-02-03 05:57:00,2.89,2.89,2.89,2.89,100.0,BTBT
2025-02-03 05:54:00,2.89,2.89,2.89,2.89,100.0,BTBT
2025-02-03 05:51:00,2.89,2.89,2.89,2.89,510.0,BTBT
2025-02-03 05:50:00,2.89,2.89,2.89,2.89,100.0,BTBT
2025-02-03 05:49:00,2.89,2.89,2.89,2.89,4.0,BTBT
2025-02-03 05:44:00,2.9,2.9,2.88,2.88,864.0,BTBT
2025-02-03 05:43:00,2.905,2.905,2.9,2.9,5205.0,BTBT
2025-02-03 05:42:00,2.91,2.91,2.91,2.91,2.0,BTBT
2025-02-03 05:41:00,2.91,2.91,2.91,2.91,100.0,BTBT
2025-02-03 05:38:00,2.91,2.91,2.91,2.91,341.0,BTBT
2025-02-03 05:37:00,2.905,2.905,2.905,2.905,591.0,BTBT
2025-02-03 05:33:00,2.905,2.905,2.905,2.905,59.0,BTBT
2025-02-03 05:32:00,2.88,2.9,2.88,2.9,6185.0,BTBT
2025-02-03 05:27:00,2.86,2.87,2.86,2.87,29847.0,BTBT
2025-02-03 05:26:00,2.87,2.87,2.86,2.86,807.0,BTBT
2025-02-03 05:25:00,2.88,2.88,2.87,2.87,2046.0,BTBT
2025-02-03 05:24:00,2.88,2.88,2.88,2.88,3.0,BTBT
2025-02-03 05:22:00,2.87,2.87,2.87,2.87,100.0,BTBT
2025-02-03 05:20:00,2.86,2.87,2.86,2.87,359.0,BTBT
2025-02-03 05:19:00,2.88,2.88,2.855,2.87,18243.0,BTBT
2025-02-03 05:18:00,2.9,2.9,2.88,2.89,3184.0,BTBT
2025-02-03 05:16:00,2.9,2.91,2.9,2.91,1903.0,BTBT
2025-02-03 05:15:00,2.91,2.91,2.9,2.91,1500.0,BTBT
2025-02-03 05:14:00,2.92,2.92,2.92,2.92,2.0,BTBT
2025-02-03 05:12:00,2.92,2.92,2.92,2.92,383.0,BTBT
2025-02-03 05:11:00,2.92,2.92,2.92,2.92,2200.0,BTBT
2025-02-03 05:10:00,2.91,2.91,2.91,2.91,1.0,BTBT
2025-02-03 05:09:00,2.91,2.91,2.91,2.91,1004.0,BTBT
2025-02-03 05:04:00,2.9,2.9,2.9,2.9,411.0,BTBT
2025-02-03 05:01:00,2.9,2.9,2.9,2.9,21.0,BTBT
2025-02-03 05:00:00,2.9,2.9,2.9,2.9,2037.0,BTBT
2025-02-03 04:59:00,2.91,2.91,2.91,2.91,3061.0,BTBT
2025-02-03 04:58:00,2.9,2.91,2.9,2.91,8585.0,BTBT
2025-02-03 04:57:00,2.9,2.9,2.9,2.9,20.0,BTBT
2025-02-03 04:56:00,2.89,2.89,2.89,2.89,3244.0,BTBT
2025-02-03 04:55:00,2.89,2.89,2.89,2.89,53.0,BTBT
2025-02-03 04:53:00,2.89,2.89,2.88,2.88,37.0,BTBT
2025-02-03 04:52:00,2.89,2.89,2.89,2.89,1.0,BTBT
2025-02-03 04:51:00,2.88,2.88,2.88,2.88,1.0,BTBT
2025-02-03 04:50:00,2.89,2.89,2.89,2.89,2.0,BTBT
2025-02-03 04:49:00,2.89,2.89,2.89,2.89,50.0,BTBT
2025-02-03 04:47:00,2.89,2.89,2.89,2.89,14.0,BTBT
2025-02-03 04:46:00,2.87,2.88,2.87,2.88,1372.0,BTBT
2025-02-03 04:44:00,2.88,2.88,2.88,2.88,300.0,BTBT
2025-02-03 04:43:00,2.86,2.87,2.86,2.87,1255.0,BTBT
2025-02-03 04:42:00,2.87,2.875,2.87,2.87,11019.0,BTBT
2025-02-03 04:40:00,2.87,2.87,2.86,2.86,625.0,BTBT
2025-02-03 04:39:00,2.87,2.87,2.86,2.86,3710.0,BTBT
2025-02-03 04:38:00,2.86,2.86,2.86,2.86,25.0,BTBT
2025-02-03 04:37:00,2.87,2.87,2.87,2.87,22.0,BTBT
2025-02-03 04:36:00,2.87,2.87,2.87,2.87,300.0,BTBT
2025-02-03 04:35:00,2.87,2.87,2.87,2.87,8.0,BTBT
2025-02-03 04:34:00,2.87,2.87,2.87,2.87,200.0,BTBT
2025-02-03 04:33:00,2.87,2.87,2.87,2.87,84.0,BTBT
2025-02-03 04:32:00,2.87,2.87,2.87,2.87,100.0,BTBT
2025-02-03 04:31:00,2.87,2.87,2.87,2.87,20.0,BTBT
2025-02-03 04:28:00,2.86,2.87,2.86,2.86,3398.0,BTBT
2025-02-03 04:25:00,2.87,2.87,2.87,2.87,1300.0,BTBT
2025-02-03 04:22:00,2.865,2.865,2.865,2.865,30.0,BTBT
2025-02-03 04:21:00,2.865,2.865,2.865,2.865,2.0,BTBT
2025-02-03 04:20:00,2.86,2.87,2.85,2.865,8799.0,BTBT
2025-02-03 04:19:00,2.86,2.86,2.85,2.86,4449.0,BTBT
2025-02-03 04:18:00,2.86,2.86,2.86,2.86,1191.0,BTBT
2025-02-03 04:17:00,2.86,2.87,2.86,2.86,590.0,BTBT
2025-02-03 04:15:00,2.87,2.87,2.86,2.86,7575.0,BTBT
2025-02-03 04:14:00,2.87,2.87,2.86,2.86,1300.0,BTBT
2025-02-03 04:13:00,2.88,2.88,2.87,2.87,1789.0,BTBT
2025-02-03 04:12:00,2.9,2.9,2.88,2.88,1431.0,BTBT
2025-02-03 04:11:00,2.89,2.89,2.89,2.89,250.0,BTBT
2025-02-03 04:10:00,2.89,2.9,2.89,2.89,2482.0,BTBT
2025-02-03 04:09:00,2.88,2.89,2.88,2.88,10483.0,BTBT
2025-02-03 04:08:00,2.88,2.88,2.86,2.88,7187.0,BTBT
2025-02-03 04:07:00,2.87,2.88,2.86,2.88,28768.0,BTBT
2025-02-03 04:06:00,2.88,2.88,2.87,2.87,1041.0,BTBT
2025-02-03 04:05:00,2.87,2.89,2.86,2.89,8082.0,BTBT
2025-02-03 04:04:00,2.85,2.87,2.85,2.87,23796.0,BTBT
2025-02-03 04:03:00,2.85,2.85,2.84,2.85,2485.0,BTBT
2025-02-03 04:02:00,2.86,2.865,2.83,2.86,19102.0,BTBT
2025-02-03 04:01:00,2.88,2.88,2.86,2.86,3087.0,BTBT
2025-02-03 04:00:00,3.08,3.08,2.9,2.9,14979.0,BTBT
2025-01-31 19:59:00,3.17,3.17,3.17,3.17,100.0,BTBT
2025-01-31 19:55:00,3.16,3.16,3.16,3.16,132.0,BTBT
2025-01-31 19:49:00,3.17,3.17,3.17,3.17,1000.0,BTBT
2025-01-31 19:47:00,3.17,3.17,3.15,3.15,3084.0,BTBT
2025-01-31 19:40:00,3.16,3.19,3.16,3.19,222.0,BTBT
2025-01-31 19:39:00,3.16,3.16,3.16,3.16,1.0,BTBT
2025-01-31 19:32:00,3.15,3.15,3.15,3.15,459.0,BTBT
2025-01-31 19:29:00,3.15,3.15,3.15,3.15,1895.0,BTBT
2025-01-31 19:28:00,3.15,3.15,3.15,3.15,44.0,BTBT
2025-01-31 19:25:00,3.15,3.15,3.15,3.15,4.0,BTBT
2025-01-31 19:24:00,3.16,3.16,3.16,3.16,25.0,BTBT
2025-01-31 19:22:00,3.15,3.15,3.14,3.14,267.0,BTBT
2025-01-31 19:20:00,3.16,3.16,3.15,3.15,316.0,BTBT
2025-01-31 19:19:00,3.16,3.16,3.16,3.16,100.0,BTBT
2025-01-31 19:18:00,3.16,3.16,3.16,3.16,100.0,BTBT
2025-01-31 19:16:00,3.16,3.16,3.16,3.16,100.0,BTBT
2025-01-31 19:15:00,3.13,3.15,3.13,3.15,3150.0,BTBT
2025-01-31 19:14:00,3.13,3.13,3.13,3.13,27.0,BTBT
2025-01-31 19:12:00,3.14,3.14,3.13,3.13,5023.0,BTBT
2025-01-31 19:11:00,3.14,3.14,3.14,3.14,100.0,BTBT
2025-01-31 19:10:00,3.15,3.15,3.14,3.14,5000.0,BTBT
2025-01-31 19:08:00,3.1599,3.16,3.1599,3.16,502.0,BTBT
2025-01-31 19:07:00,3.16,3.16,3.16,3.16,6.0,BTBT
2025-01-31 19:06:00,3.16,3.16,3.16,3.16,4.0,BTBT
2025-01-31 19:03:00,3.16,3.16,3.16,3.16,25.0,BTBT
2025-01-31 19:00:00,3.16,3.16,3.16,3.16,1.0,BTBT
2025-01-31 18:56:00,3.1597,3.1597,3.1597,3.1597,35.0,BTBT
2025-01-31 18:55:00,3.15,3.15,3.15,3.15,44.0,BTBT
2025-01-31 18:50:00,3.16,3.16,3.16,3.16,1.0,BTBT
2025-01-31 18:49:00,3.16,3.16,3.1598,3.1598,4.0,BTBT
2025-01-31 18:48:00,3.16,3.16,3.16,3.16,541.0,BTBT
2025-01-31 18:47:00,3.16,3.1602,3.16,3.1602,195.0,BTBT
2025-01-31 18:46:00,3.1698,3.1698,3.1698,3.1698,1.0,BTBT
2025-01-31 18:45:00,3.17,3.17,3.1605,3.1605,2511.0,BTBT
2025-01-31 18:44:00,3.18,3.18,3.18,3.18,3.0,BTBT
2025-01-31 18:41:00,3.1791,3.1791,3.1791,3.1791,1.0,BTBT
2025-01-31 18:39:00,3.18,3.18,3.1794,3.1794,8.0,BTBT
2025-01-31 18:38:00,3.18,3.18,3.18,3.18,2.0,BTBT
2025-01-31 18:37:00,3.1793,3.1793,3.1793,3.1793,2.0,BTBT
2025-01-31 18:34:00,3.18,3.18,3.18,3.18,1.0,BTBT
2025-01-31 18:33:00,3.1898,3.1898,3.1898,3.1898,500.0,BTBT
2025-01-31 18:31:00,3.19,3.19,3.19,3.19,658.0,BTBT
2025-01-31 18:29:00,3.19,3.19,3.19,3.19,4.0,BTBT
2025-01-31 18:25:00,3.19,3.19,3.19,3.19,25.0,BTBT
2025-01-31 18:17:00,3.18,3.18,3.1604,3.1604,3600.0,BTBT
2025-01-31 18:15:00,3.1894,3.1894,3.1894,3.1894,3500.0,BTBT
2025-01-31 18:14:00,3.18,3.18,3.18,3.18,60.0,BTBT
2025-01-31 18:13:00,3.17,3.17,3.1601,3.1604,5960.0,BTBT
2025-01-31 18:10:00,3.19,3.19,3.19,3.19,3.0,BTBT
2025-01-31 18:08:00,3.19,3.1994,3.19,3.1994,3.0,BTBT
2025-01-31 18:07:00,3.16,3.2,3.16,3.2,252.0,BTBT
2025-01-31 18:06:00,3.2,3.2,3.2,3.2,2.0,BTBT
2025-01-31 18:04:00,3.2097,3.2097,3.2097,3.2097,640.0,BTBT
2025-01-31 18:02:00,3.2,3.2,3.2,3.2,50.0,BTBT
2025-01-31 18:01:00,3.2,3.2,3.2,3.2,5.0,BTBT
2025-01-31 17:59:00,3.2,3.2,3.2,3.2,12.0,BTBT
2025-01-31 17:57:00,3.19,3.19,3.19,3.19,2.0,BTBT
2025-01-31 17:56:00,3.2,3.2,3.2,3.2,1.0,BTBT
2025-01-31 17:54:00,3.21,3.21,3.2,3.2,26.0,BTBT
2025-01-31 17:53:00,3.18,3.18,3.18,3.18,100.0,BTBT
2025-01-31 17:52:00,3.2047,3.2047,3.19,3.2047,205.0,BTBT
2025-01-31 17:49:00,3.2095,3.2095,3.2095,3.2095,512.0,BTBT
2025-01-31 17:48:00,3.21,3.21,3.21,3.21,1.0,BTBT
2025-01-31 17:47:00,3.21,3.21,3.21,3.21,450.0,BTBT
2025-01-31 17:46:00,3.19,3.19,3.19,3.19,1.0,BTBT
2025-01-31 17:45:00,3.21,3.21,3.21,3.21,4.0,BTBT
2025-01-31 17:41:00,3.2,3.2,3.2,3.2,20.0,BTBT
2025-01-31 17:40:00,3.21,3.21,3.21,3.21,3.0,BTBT
2025-01-31 17:39:00,3.19,3.19,3.19,3.19,1.0,BTBT
2025-01-31 17:34:00,3.17,3.17,3.17,3.17,900.0,BTBT
2025-01-31 17:29:00,3.17,3.17,3.17,3.17,1634.0,BTBT
2025-01-31 17:28:00,3.1698,3.1698,3.1698,3.1698,1000.0,BTBT
2025-01-31 17:25:00,3.17,3.17,3.17,3.17,5.0,BTBT
2025-01-31 17:24:00,3.16,3.16,3.15,3.15,123.0,BTBT
2025-01-31 17:23:00,3.17,3.17,3.1699,3.1699,5.0,BTBT
2025-01-31 17:22:00,3.1698,3.17,3.1698,3.17,13.0,BTBT
2025-01-31 17:21:00,3.15,3.15,3.15,3.15,40.0,BTBT
2025-01-31 17:20:00,3.16,3.16,3.16,3.16,1.0,BTBT
2025-01-31 17:19:00,3.16,3.16,3.16,3.16,1.0,BTBT
2025-01-31 17:15:00,3.16,3.16,3.16,3.16,1.0,BTBT
2025-01-31 17:13:00,3.16,3.16,3.16,3.16,100.0,BTBT
2025-01-31 17:11:00,3.17,3.17,3.17,3.17,1.0,BTBT
2025-01-31 17:10:00,3.16,3.16,3.16,3.16,50.0,BTBT
2025-01-31 17:08:00,3.17,3.17,3.17,3.17,5.0,BTBT
2025-01-31 17:07:00,3.1692,3.1692,3.1692,3.1692,50.0,BTBT
2025-01-31 17:06:00,3.16,3.16,3.16,3.16,1.0,BTBT
2025-01-31 17:05:00,3.1696,3.1696,3.1696,3.1696,1.0,BTBT
2025-01-31 17:03:00,3.1505,3.1505,3.15,3.15,613.0,BTBT
2025-01-31 17:02:00,3.1698,3.17,3.1694,3.1694,275.0,BTBT
2025-01-31 17:00:00,3.16,3.16,3.16,3.16,1000.0,BTBT
2025-01-31 16:59:00,3.16,3.16,3.16,3.16,10.0,BTBT
2025-01-31 16:57:00,3.15,3.15,3.15,3.15,1.0,BTBT
2025-01-31 16:55:00,3.17,3.17,3.17,3.17,50.0,BTBT
2025-01-31 16:54:00,3.1691,3.1691,3.1691,3.1691,50.0,BTBT
2025-01-31 16:53:00,3.17,3.17,3.17,3.17,400.0,BTBT
2025-01-31 16:50:00,3.1696,3.1696,3.1696,3.1696,53.0,BTBT
2025-01-31 16:49:00,3.17,3.17,3.17,3.17,44.0,BTBT
2025-01-31 16:48:00,3.16,3.16,3.15,3.15,25254.0,BTBT
2025-01-31 16:47:00,3.1699,3.17,3.1699,3.17,200.0,BTBT
2025-01-31 16:45:00,3.1698,3.1698,3.1698,3.1698,400.0,BTBT
2025-01-31 16:44:00,3.1698,3.1698,3.1698,3.1698,2000.0,BTBT
2025-01-31 16:43:00,3.17,3.17,3.17,3.17,2800.0,BTBT
2025-01-31 16:40:00,3.15,3.15,3.15,3.15,7.0,BTBT
2025-01-31 16:37:00,3.16,3.16,3.16,3.16,2801.0,BTBT
2025-01-31 16:36:00,3.16,3.16,3.16,3.16,35.0,BTBT
2025-01-31 16:35:00,3.1602,3.1602,3.1602,3.1602,1000.0,BTBT
2025-01-31 16:31:00,3.18,3.18,3.1799,3.1799,960.0,BTBT
2025-01-31 16:30:00,3.1605,3.1797,3.1605,3.1797,3810.0,BTBT
2025-01-31 16:29:00,3.1606,3.1606,3.1606,3.1606,330.0,BTBT
2025-01-31 16:28:00,3.1605,3.1605,3.16,3.16,46.0,BTBT
2025-01-31 16:27:00,3.1699,3.17,3.1699,3.17,653.0,BTBT
2025-01-31 16:22:00,3.17,3.17,3.16,3.16,1000.0,BTBT
2025-01-31 16:20:00,3.18,3.18,3.17,3.17,302.0,BTBT
2025-01-31 16:17:00,3.17,3.1898,3.17,3.1897,3170.0,BTBT
2025-01-31 16:16:00,3.19,3.19,3.19,3.19,300.0,BTBT
2025-01-31 16:14:00,3.17,3.17,3.17,3.17,131.0,BTBT
2025-01-31 16:13:00,3.1894,3.1894,3.1894,3.1894,500.0,BTBT
2025-01-31 16:12:00,3.15,3.19,3.15,3.19,900.0,BTBT
2025-01-31 16:11:00,3.15,3.1501,3.15,3.1501,4000.0,BTBT
2025-01-31 16:10:00,3.15,3.1501,3.15,3.1501,4560.0,BTBT
2025-01-31 16:09:00,3.15,3.15,3.15,3.15,1002.0,BTBT
2025-01-31 16:07:00,3.17,3.17,3.15,3.1501,3100.0,BTBT
2025-01-31 16:06:00,3.2,3.2,3.2,3.2,3.0,BTBT
2025-01-31 16:05:00,3.15,3.15,3.15,3.15,2.0,BTBT
2025-01-31 16:03:00,3.1999,3.1999,3.1999,3.1999,1000.0,BTBT
2025-01-31 16:02:00,3.15,3.15,3.15,3.15,858.0,BTBT
2025-01-31 16:01:00,3.15,3.15,3.15,3.15,8938.0,BTBT
2025-01-31 16:00:00,3.14,3.15,3.14,3.15,495679.0,BTBT
2025-01-31 15:59:00,3.155,3.16,3.14,3.14,131675.0,BTBT
2025-01-31 15:58:00,3.155,3.16,3.15,3.155,29152.0,BTBT
2025-01-31 15:57:00,3.16,3.16,3.15,3.15,28800.0,BTBT
2025-01-31 15:56:00,3.155,3.16,3.15,3.15,16015.0,BTBT
2025-01-31 15:55:00,3.16,3.16,3.15,3.15,7366.0,BTBT
2025-01-31 15:54:00,3.16,3.165,3.15,3.155,67526.0,BTBT
2025-01-31 15:53:00,3.1716,3.175,3.16,3.165,59148.0,BTBT
2025-01-31 15:52:00,3.1748,3.18,3.17,3.175,11218.0,BTBT
2025-01-31 15:51:00,3.175,3.18,3.17,3.1799,27888.0,BTBT
2025-01-31 15:50:00,3.17,3.195,3.17,3.17,69618.0,BTBT
2025-01-31 15:49:00,3.165,3.17,3.1643,3.17,4549.0,BTBT
2025-01-31 15:48:00,3.17,3.17,3.1637,3.1695,6767.0,BTBT
2025-01-31 15:47:00,3.17,3.17,3.16,3.1699,6829.0,BTBT
2025-01-31 15:46:00,3.1601,3.17,3.1601,3.17,19257.0,BTBT
2025-01-31 15:45:00,3.16,3.17,3.155,3.17,36002.0,BTBT
2025-01-31 15:44:00,3.155,3.16,3.15,3.155,3352.0,BTBT
2025-01-31 15:43:00,3.15,3.16,3.15,3.1518,8055.0,BTBT
2025-01-31 15:42:00,3.16,3.16,3.15,3.155,9483.0,BTBT
2025-01-31 15:41:00,3.1569,3.16,3.1501,3.155,3425.0,BTBT
2025-01-31 15:40:00,3.155,3.155,3.15,3.155,898.0,BTBT
2025-01-31 15:39:00,3.155,3.1599,3.15,3.15,9143.0,BTBT
2025-01-31 15:38:00,3.152,3.16,3.15,3.16,5740.0,BTBT
2025-01-31 15:37:00,3.165,3.165,3.15,3.1599,37067.0,BTBT
2025-01-31 15:36:00,3.165,3.17,3.16,3.17,4238.0,BTBT
2025-01-31 15:35:00,3.15,3.165,3.15,3.165,25040.0,BTBT
2025-01-31 15:34:00,3.15,3.16,3.1467,3.156,25019.0,BTBT
2025-01-31 15:33:00,3.15,3.15,3.14,3.1475,17091.0,BTBT
2025-01-31 15:32:00,3.14,3.145,3.1348,3.14,21670.0,BTBT
2025-01-31 15:31:00,3.13,3.14,3.13,3.14,6658.0,BTBT
2025-01-31 15:30:00,3.14,3.145,3.13,3.133,52535.0,BTBT
2025-01-31 15:29:00,3.125,3.14,3.12,3.135,46285.0,BTBT
2025-01-31 15:28:00,3.125,3.13,3.125,3.125,7564.0,BTBT
2025-01-31 15:27:00,3.1299,3.1299,3.125,3.125,5229.0,BTBT
2025-01-31 15:26:00,3.125,3.13,3.12,3.125,9086.0,BTBT
2025-01-31 15:25:00,3.14,3.145,3.13,3.13,40786.0,BTBT
2025-01-31 15:24:00,3.135,3.14,3.1343,3.14,4512.0,BTBT
2025-01-31 15:23:00,3.1316,3.14,3.1316,3.14,19005.0,BTBT
2025-01-31 15:22:00,3.14,3.145,3.13,3.14,50279.0,BTBT
2025-01-31 15:21:00,3.14,3.15,3.14,3.14,7095.0,BTBT
2025-01-31 15:20:00,3.155,3.155,3.15,3.15,14127.0,BTBT
2025-01-31 15:19:00,3.155,3.16,3.15,3.155,10009.0,BTBT
2025-01-31 15:18:00,3.145,3.16,3.145,3.16,16983.0,BTBT
2025-01-31 15:17:00,3.145,3.15,3.14,3.145,6735.0,BTBT
2025-01-31 15:16:00,3.145,3.15,3.14,3.145,13842.0,BTBT
2025-01-31 15:15:00,3.145,3.15,3.14,3.145,18899.0,BTBT
2025-01-31 15:14:00,3.145,3.15,3.1438,3.15,9883.0,BTBT
2025-01-31 15:13:00,3.1593,3.16,3.14,3.1444,75412.0,BTBT
2025-01-31 15:12:00,3.15,3.1589,3.1401,3.1589,36765.0,BTBT
2025-01-31 15:11:00,3.155,3.16,3.15,3.155,17586.0,BTBT
2025-01-31 15:10:00,3.15,3.16,3.15,3.155,34246.0,BTBT
2025-01-31 15:09:00,3.1405,3.15,3.1405,3.15,52441.0,BTBT
2025-01-31 15:08:00,3.15,3.155,3.14,3.1474,25662.0,BTBT
2025-01-31 15:07:00,3.1585,3.1585,3.15,3.15,9265.0,BTBT
2025-01-31 15:06:00,3.155,3.1599,3.145,3.15,62024.0,BTBT
2025-01-31 15:05:00,3.1557,3.1599,3.15,3.153,10783.0,BTBT
2025-01-31 15:04:00,3.165,3.165,3.15,3.157,19103.0,BTBT
2025-01-31 15:03:00,3.17,3.17,3.15,3.16,25097.0,BTBT
2025-01-31 15:02:00,3.175,3.175,3.16,3.165,24747.0,BTBT
2025-01-31 15:01:00,3.185,3.185,3.175,3.175,14571.0,BTBT
2025-01-31 15:00:00,3.19,3.19,3.18,3.18,3327.0,BTBT
2025-01-31 14:59:00,3.19,3.2,3.19,3.195,12698.0,BTBT
2025-01-31 14:58:00,3.19,3.2,3.18,3.195,32747.0,BTBT
2025-01-31 14:57:00,3.195,3.2,3.19,3.2,50541.0,BTBT
2025-01-31 14:56:00,3.195,3.2,3.19,3.1907,12716.0,BTBT
2025-01-31 14:55:00,3.19,3.2,3.185,3.195,42101.0,BTBT
2025-01-31 14:54:00,3.175,3.185,3.175,3.185,15353.0,BTBT
2025-01-31 14:53:00,3.19,3.19,3.18,3.18,34898.0,BTBT
2025-01-31 14:52:00,3.18,3.185,3.18,3.185,17481.0,BTBT
2025-01-31 14:51:00,3.17,3.175,3.17,3.175,5299.0,BTBT
2025-01-31 14:50:00,3.16,3.1701,3.16,3.17,41616.0,BTBT
2025-01-31 14:49:00,3.1556,3.16,3.15,3.1589,15428.0,BTBT
2025-01-31 14:48:00,3.155,3.16,3.15,3.1511,40300.0,BTBT
2025-01-31 14:47:00,3.145,3.16,3.145,3.16,21642.0,BTBT
2025-01-31 14:46:00,3.16,3.16,3.14,3.1409,65434.0,BTBT
2025-01-31 14:45:00,3.169,3.169,3.16,3.165,18997.0,BTBT
2025-01-31 14:44:00,3.175,3.175,3.16,3.165,19195.0,BTBT
2025-01-31 14:43:00,3.1801,3.1801,3.17,3.175,17731.0,BTBT
2025-01-31 14:42:00,3.19,3.19,3.18,3.19,16707.0,BTBT
2025-01-31 14:41:00,3.19,3.1901,3.185,3.19,25090.0,BTBT
2025-01-31 14:40:00,3.195,3.195,3.18,3.18,16896.0,BTBT
2025-01-31 14:39:00,3.19,3.1957,3.19,3.1913,28516.0,BTBT
2025-01-31 14:38:00,3.19,3.2,3.19,3.195,11088.0,BTBT
2025-01-31 14:37:00,3.2,3.2,3.19,3.1913,14170.0,BTBT
2025-01-31 14:36:00,3.205,3.2099,3.19,3.1912,21499.0,BTBT
2025-01-31 14:35:00,3.215,3.215,3.2,3.2,12494.0,BTBT
2025-01-31 14:34:00,3.2101,3.2101,3.21,3.21,8176.0,BTBT
2025-01-31 14:33:00,3.2006,3.215,3.2001,3.215,38895.0,BTBT
2025-01-31 14:32:00,3.2105,3.2132,3.2,3.205,51158.0,BTBT
2025-01-31 14:31:00,3.22,3.23,3.21,3.215,38020.0,BTBT
2025-01-31 14:30:00,3.205,3.2199,3.2,3.2105,51419.0,BTBT
2025-01-31 14:29:00,3.21,3.21,3.2001,3.205,28077.0,BTBT
2025-01-31 14:28:00,3.205,3.21,3.2,3.205,9681.0,BTBT
2025-01-31 14:27:00,3.205,3.205,3.19,3.2,22775.0,BTBT
2025-01-31 14:26:00,3.21,3.21,3.2,3.202,24597.0,BTBT
2025-01-31 14:25:00,3.205,3.2199,3.2,3.2099,81939.0,BTBT
2025-01-31 14:24:00,3.2006,3.205,3.1901,3.2032,40143.0,BTBT
2025-01-31 14:23:00,3.185,3.205,3.185,3.2007,132866.0,BTBT
2025-01-31 14:22:00,3.185,3.19,3.17,3.19,67257.0,BTBT
2025-01-31 14:21:00,3.195,3.195,3.18,3.1899,46779.0,BTBT
2025-01-31 14:20:00,3.195,3.2,3.19,3.195,13721.0,BTBT
2025-01-31 14:19:00,3.2,3.2,3.19,3.1999,44236.0,BTBT
2025-01-31 14:18:00,3.215,3.2157,3.2,3.2001,25844.0,BTBT
2025-01-31 14:17:00,3.2143,3.22,3.21,3.2195,25561.0,BTBT
2025-01-31 14:16:00,3.22,3.22,3.21,3.215,13465.0,BTBT
2025-01-31 14:15:00,3.225,3.23,3.21,3.21,55962.0,BTBT
2025-01-31 14:14:00,3.2157,3.23,3.2127,3.225,64599.0,BTBT
2025-01-31 14:13:00,3.205,3.22,3.2,3.215,28448.0,BTBT
2025-01-31 14:12:00,3.195,3.205,3.19,3.205,42283.0,BTBT
2025-01-31 14:11:00,3.195,3.205,3.195,3.195,23710.0,BTBT
2025-01-31 14:10:00,3.185,3.195,3.18,3.195,27304.0,BTBT
2025-01-31 14:09:00,3.1703,3.185,3.1703,3.185,13224.0,BTBT
2025-01-31 14:08:00,3.175,3.18,3.17,3.175,20856.0,BTBT
2025-01-31 14:07:00,3.185,3.19,3.17,3.17,70842.0,BTBT
2025-01-31 14:06:00,3.195,3.195,3.18,3.185,6364.0,BTBT
2025-01-31 14:05:00,3.2,3.2075,3.19,3.195,10928.0,BTBT
2025-01-31 14:04:00,3.21,3.215,3.2,3.2,5665.0,BTBT
2025-01-31 14:03:00,3.2008,3.22,3.2008,3.2186,41382.0,BTBT
2025-01-31 14:02:00,3.2137,3.225,3.2,3.205,97455.0,BTBT
2025-01-31 14:01:00,3.2043,3.22,3.2043,3.2101,25319.0,BTBT
2025-01-31 14:00:00,3.205,3.2099,3.195,3.205,22893.0,BTBT
2025-01-31 13:59:00,3.2031,3.21,3.2031,3.207,2525.0,BTBT
2025-01-31 13:58:00,3.215,3.215,3.2,3.2099,20730.0,BTBT
2025-01-31 13:57:00,3.215,3.22,3.21,3.215,7979.0,BTBT
2025-01-31 13:56:00,3.195,3.21,3.195,3.21,40477.0,BTBT
2025-01-31 13:55:00,3.185,3.2,3.185,3.195,24209.0,BTBT
2025-01-31 13:54:00,3.18,3.1899,3.18,3.185,10735.0,BTBT
2025-01-31 13:53:00,3.185,3.185,3.17,3.17,33295.0,BTBT
2025-01-31 13:52:00,3.19,3.2,3.185,3.185,31718.0,BTBT
2025-01-31 13:51:00,3.19,3.19,3.18,3.187,15717.0,BTBT
2025-01-31 13:50:00,3.19,3.2,3.19,3.19,15358.0,BTBT
2025-01-31 13:49:00,3.195,3.1999,3.18,3.185,27924.0,BTBT
2025-01-31 13:48:00,3.1909,3.2,3.19,3.19,8316.0,BTBT
2025-01-31 13:47:00,3.19,3.1995,3.18,3.19,21780.0,BTBT
2025-01-31 13:46:00,3.195,3.195,3.1805,3.1841,24337.0,BTBT
2025-01-31 13:45:00,3.19,3.1999,3.19,3.195,11988.0,BTBT
2025-01-31 13:44:00,3.2,3.2,3.18,3.195,86435.0,BTBT
2025-01-31 13:43:00,3.2048,3.21,3.1999,3.1999,34088.0,BTBT
2025-01-31 13:42:00,3.205,3.21,3.2,3.2,6237.0,BTBT
2025-01-31 13:41:00,3.21,3.22,3.2,3.2,54382.0,BTBT
2025-01-31 13:40:00,3.22,3.225,3.2,3.21,80378.0,BTBT
2025-01-31 13:39:00,3.2001,3.2299,3.2,3.225,39916.0,BTBT
2025-01-31 13:38:00,3.1901,3.22,3.1901,3.205,94947.0,BTBT
2025-01-31 13:37:00,3.205,3.2078,3.19,3.195,40557.0,BTBT
2025-01-31 13:36:00,3.2101,3.22,3.2,3.2,28207.0,BTBT
2025-01-31 13:35:00,3.2,3.22,3.2,3.215,25287.0,BTBT
2025-01-31 13:34:00,3.215,3.22,3.205,3.2099,47328.0,BTBT
2025-01-31 13:33:00,3.235,3.2399,3.215,3.215,38335.0,BTBT
2025-01-31 13:32:00,3.25,3.25,3.23,3.235,73667.0,BTBT
2025-01-31 13:31:00,3.24,3.2499,3.23,3.245,43764.0,BTBT
2025-01-31 13:30:00,3.24,3.24,3.23,3.235,2304.0,BTBT
2025-01-31 13:29:00,3.23,3.2397,3.23,3.2397,32072.0,BTBT
2025-01-31 13:28:00,3.24,3.25,3.23,3.23,27253.0,BTBT
2025-01-31 13:27:00,3.235,3.2486,3.235,3.245,9591.0,BTBT
2025-01-31 13:26:00,3.26,3.26,3.235,3.2397,80359.0,BTBT
2025-01-31 13:25:00,3.265,3.265,3.25,3.2596,23011.0,BTBT
2025-01-31 13:24:00,3.27,3.27,3.26,3.2678,36706.0,BTBT
2025-01-31 13:23:00,3.28,3.2844,3.27,3.2701,36839.0,BTBT
2025-01-31 13:22:00,3.28,3.295,3.27,3.2852,90209.0,BTBT
2025-01-31 13:21:00,3.2801,3.285,3.27,3.28,34163.0,BTBT
2025-01-31 13:20:00,3.29,3.3,3.28,3.28,44899.0,BTBT
2025-01-31 13:19:00,3.31,3.315,3.29,3.2906,52063.0,BTBT
2025-01-31 13:18:00,3.32,3.32,3.31,3.315,21292.0,BTBT
2025-01-31 13:17:00,3.32,3.32,3.31,3.32,3461.0,BTBT
2025-01-31 13:16:00,3.32,3.32,3.31,3.32,10533.0,BTBT
2025-01-31 13:15:00,3.315,3.32,3.31,3.315,2734.0,BTBT
2025-01-31 13:14:00,3.315,3.32,3.31,3.32,3316.0,BTBT
2025-01-31 13:13:00,3.31,3.32,3.31,3.32,2816.0,BTBT
2025-01-31 13:12:00,3.31,3.32,3.31,3.32,2084.0,BTBT
2025-01-31 13:11:00,3.315,3.32,3.31,3.31,23893.0,BTBT
2025-01-31 13:10:00,3.315,3.3199,3.31,3.3143,24562.0,BTBT
2025-01-31 13:09:00,3.315,3.315,3.31,3.315,2604.0,BTBT
2025-01-31 13:08:00,3.318,3.32,3.31,3.32,5041.0,BTBT
2025-01-31 13:07:00,3.32,3.32,3.31,3.31,2039.0,BTBT
2025-01-31 13:06:00,3.32,3.32,3.31,3.3199,4909.0,BTBT
2025-01-31 13:05:00,3.31,3.3199,3.31,3.3183,5886.0,BTBT
2025-01-31 13:04:00,3.33,3.33,3.31,3.32,25288.0,BTBT
2025-01-31 13:03:00,3.315,3.33,3.31,3.325,20179.0,BTBT
2025-01-31 13:02:00,3.31,3.32,3.31,3.32,881.0,BTBT
2025-01-31 13:01:00,3.31,3.32,3.31,3.32,7390.0,BTBT
2025-01-31 13:00:00,3.32,3.32,3.31,3.31,21249.0,BTBT
2025-01-31 12:59:00,3.325,3.33,3.32,3.325,7827.0,BTBT
2025-01-31 12:58:00,3.325,3.33,3.32,3.32,17848.0,BTBT
2025-01-31 12:57:00,3.325,3.3282,3.32,3.325,4975.0,BTBT
2025-01-31 12:56:00,3.325,3.33,3.32,3.325,10593.0,BTBT
2025-01-31 12:55:00,3.33,3.33,3.32,3.325,17004.0,BTBT
2025-01-31 12:54:00,3.3215,3.33,3.32,3.33,24094.0,BTBT
2025-01-31 12:53:00,3.325,3.3266,3.32,3.3266,5525.0,BTBT
2025-01-31 12:52:00,3.315,3.325,3.31,3.32,30838.0,BTBT
2025-01-31 12:51:00,3.325,3.325,3.31,3.31,17575.0,BTBT
2025-01-31 12:50:00,3.325,3.33,3.32,3.325,14497.0,BTBT
2025-01-31 12:49:00,3.325,3.3295,3.31,3.322,84518.0,BTBT
2025-01-31 12:48:00,3.325,3.33,3.32,3.325,43246.0,BTBT
2025-01-31 12:47:00,3.315,3.3289,3.31,3.325,30229.0,BTBT
2025-01-31 12:46:00,3.315,3.32,3.31,3.31,15895.0,BTBT
2025-01-31 12:45:00,3.315,3.3195,3.31,3.31,21795.0,BTBT
2025-01-31 12:44:00,3.315,3.315,3.3,3.31,99223.0,BTBT
2025-01-31 12:43:00,3.31,3.32,3.31,3.315,42980.0,BTBT
2025-01-31 12:42:00,3.3163,3.3163,3.31,3.31,5977.0,BTBT
2025-01-31 12:41:00,3.32,3.33,3.31,3.31,34965.0,BTBT
2025-01-31 12:40:00,3.32,3.33,3.32,3.325,12010.0,BTBT
2025-01-31 12:39:00,3.325,3.33,3.32,3.32,18851.0,BTBT
2025-01-31 12:38:00,3.321,3.33,3.32,3.33,17818.0,BTBT
2025-01-31 12:37:00,3.335,3.335,3.32,3.32,47736.0,BTBT
2025-01-31 12:36:00,3.335,3.34,3.33,3.3399,18522.0,BTBT
2025-01-31 12:35:00,3.34,3.34,3.33,3.33,27612.0,BTBT
2025-01-31 12:34:00,3.335,3.34,3.33,3.34,3253.0,BTBT
2025-01-31 12:33:00,3.3301,3.335,3.33,3.335,7122.0,BTBT
2025-01-31 12:32:00,3.34,3.35,3.33,3.335,92071.0,BTBT
2025-01-31 12:31:00,3.33,3.34,3.32,3.335,40302.0,BTBT
2025-01-31 12:30:00,3.33,3.33,3.32,3.33,5000.0,BTBT
2025-01-31 12:29:00,3.321,3.33,3.32,3.3299,23013.0,BTBT
2025-01-31 12:28:00,3.325,3.33,3.32,3.32,6642.0,BTBT
2025-01-31 12:27:00,3.315,3.325,3.31,3.3243,45119.0,BTBT
2025-01-31 12:26:00,3.3152,3.3152,3.31,3.315,16929.0,BTBT
2025-01-31 12:25:00,3.305,3.32,3.3,3.315,38658.0,BTBT
2025-01-31 12:24:00,3.295,3.305,3.29,3.3,27140.0,BTBT
2025-01-31 12:23:00,3.295,3.295,3.29,3.295,10146.0,BTBT
2025-01-31 12:22:00,3.29,3.3,3.29,3.295,11924.0,BTBT
2025-01-31 12:21:00,3.29,3.295,3.29,3.295,25044.0,BTBT
2025-01-31 12:20:00,3.295,3.295,3.28,3.29,21640.0,BTBT
2025-01-31 12:19:00,3.29,3.3,3.29,3.295,9938.0,BTBT
2025-01-31 12:18:00,3.285,3.2999,3.285,3.295,37898.0,BTBT
2025-01-31 12:17:00,3.285,3.29,3.28,3.285,37981.0,BTBT
2025-01-31 12:16:00,3.295,3.3,3.285,3.285,24430.0,BTBT
2025-01-31 12:15:00,3.295,3.295,3.29,3.295,15155.0,BTBT
2025-01-31 12:14:00,3.295,3.3,3.29,3.3,2769.0,BTBT
2025-01-31 12:13:00,3.285,3.295,3.28,3.295,41419.0,BTBT
2025-01-31 12:12:00,3.28,3.29,3.2767,3.285,28247.0,BTBT
2025-01-31 12:11:00,3.2799,3.28,3.27,3.2741,23266.0,BTBT
2025-01-31 12:10:00,3.2775,3.29,3.27,3.27,85096.0,BTBT
2025-01-31 12:09:00,3.29,3.29,3.27,3.27,26778.0,BTBT
2025-01-31 12:08:00,3.285,3.29,3.26,3.2801,120328.0,BTBT
2025-01-31 12:07:00,3.2727,3.2873,3.27,3.285,62869.0,BTBT
2025-01-31 12:06:00,3.285,3.29,3.27,3.2799,60069.0,BTBT
2025-01-31 12:05:00,3.29,3.295,3.28,3.2801,44829.0,BTBT
2025-01-31 12:04:00,3.3,3.31,3.29,3.2901,75896.0,BTBT
2025-01-31 12:03:00,3.2926,3.2926,3.2926,3.2926,597.0,BTBT
2025-01-31 12:02:00,3.3,3.3,3.29,3.295,13003.0,BTBT
2025-01-31 12:01:00,3.295,3.3,3.2912,3.2973,7615.0,BTBT
2025-01-31 12:00:00,3.299,3.3,3.2801,3.2999,120976.0,BTBT
2025-01-31 11:59:00,3.29,3.2998,3.29,3.29,18806.0,BTBT
2025-01-31 11:58:00,3.3,3.305,3.29,3.2994,75825.0,BTBT
2025-01-31 11:57:00,3.305,3.31,3.29,3.3,84762.0,BTBT
2025-01-31 11:56:00,3.315,3.315,3.3,3.3,54050.0,BTBT
2025-01-31 11:55:00,3.32,3.32,3.31,3.315,32724.0,BTBT
2025-01-31 11:54:00,3.3129,3.32,3.31,3.31,19106.0,BTBT
2025-01-31 11:53:00,3.31,3.3199,3.3,3.31,27059.0,BTBT
2025-01-31 11:52:00,3.305,3.31,3.3,3.305,24833.0,BTBT
2025-01-31 11:51:00,3.305,3.31,3.3,3.3017,15127.0,BTBT
2025-01-31 11:50:00,3.315,3.315,3.3,3.3,43847.0,BTBT
2025-01-31 11:49:00,3.305,3.315,3.3,3.31,60692.0,BTBT
2025-01-31 11:48:00,3.3,3.31,3.3,3.3004,46289.0,BTBT
2025-01-31 11:47:00,3.305,3.305,3.29,3.295,82009.0,BTBT
2025-01-31 11:46:00,3.3,3.3099,3.29,3.3,41038.0,BTBT
2025-01-31 11:45:00,3.29,3.3,3.29,3.295,3401.0,BTBT
2025-01-31 11:44:00,3.3,3.3,3.29,3.295,32527.0,BTBT
2025-01-31 11:43:00,3.305,3.305,3.29,3.295,29546.0,BTBT
2025-01-31 11:42:00,3.305,3.31,3.3,3.305,54770.0,BTBT
2025-01-31 11:41:00,3.305,3.31,3.3,3.31,32094.0,BTBT
2025-01-31 11:40:00,3.31,3.32,3.3,3.3,53385.0,BTBT
2025-01-31 11:39:00,3.3,3.31,3.3,3.31,38314.0,BTBT
2025-01-31 11:38:00,3.3,3.31,3.295,3.31,77654.0,BTBT
2025-01-31 11:37:00,3.3,3.31,3.3,3.3,19363.0,BTBT
2025-01-31 11:36:00,3.3,3.3087,3.3,3.305,4052.0,BTBT
2025-01-31 11:35:00,3.315,3.315,3.3,3.3,33300.0,BTBT
2025-01-31 11:34:00,3.315,3.32,3.31,3.3188,4416.0,BTBT
2025-01-31 11:33:00,3.315,3.3252,3.31,3.3119,60891.0,BTBT
2025-01-31 11:32:00,3.315,3.3199,3.31,3.3134,19956.0,BTBT
2025-01-31 11:31:00,3.31,3.32,3.3,3.3106,58477.0,BTBT
2025-01-31 11:30:00,3.3,3.3099,3.3,3.305,16696.0,BTBT
2025-01-31 11:29:00,3.29,3.31,3.29,3.3001,62259.0,BTBT
2025-01-31 11:28:00,3.3,3.305,3.28,3.295,104317.0,BTBT
2025-01-31 11:27:00,3.31,3.31,3.3,3.305,21721.0,BTBT
2025-01-31 11:26:00,3.31,3.315,3.31,3.31,6590.0,BTBT
2025-01-31 11:25:00,3.325,3.3251,3.31,3.3141,25757.0,BTBT
2025-01-31 11:24:00,3.3299,3.33,3.32,3.325,23034.0,BTBT
2025-01-31 11:23:00,3.315,3.33,3.31,3.325,11889.0,BTBT
2025-01-31 11:22:00,3.315,3.32,3.31,3.315,22500.0,BTBT
2025-01-31 11:21:00,3.325,3.325,3.31,3.31,35612.0,BTBT
2025-01-31 11:20:00,3.325,3.325,3.32,3.32,11133.0,BTBT
2025-01-31 11:19:00,3.325,3.33,3.32,3.32,8647.0,BTBT
2025-01-31 11:18:00,3.31,3.33,3.3,3.32,48592.0,BTBT
2025-01-31 11:17:00,3.3099,3.31,3.3,3.305,33213.0,BTBT
2025-01-31 11:16:00,3.315,3.32,3.3,3.305,85389.0,BTBT
2025-01-31 11:15:00,3.315,3.32,3.31,3.315,37830.0,BTBT
2025-01-31 11:14:00,3.3101,3.315,3.31,3.315,13891.0,BTBT
2025-01-31 11:13:00,3.32,3.32,3.31,3.31,23288.0,BTBT
2025-01-31 11:12:00,3.31,3.3199,3.3,3.311,20031.0,BTBT
2025-01-31 11:11:00,3.32,3.32,3.3,3.305,61645.0,BTBT
2025-01-31 11:10:00,3.33,3.34,3.32,3.3278,50073.0,BTBT
2025-01-31 11:09:00,3.325,3.3288,3.32,3.3224,5493.0,BTBT
2025-01-31 11:08:00,3.315,3.3269,3.31,3.32,18039.0,BTBT
2025-01-31 11:07:00,3.32,3.32,3.31,3.315,17341.0,BTBT
2025-01-31 11:06:00,3.32,3.32,3.31,3.31,33385.0,BTBT
2025-01-31 11:05:00,3.335,3.335,3.32,3.325,30879.0,BTBT
2025-01-31 11:04:00,3.34,3.34,3.33,3.335,76593.0,BTBT
2025-01-31 11:03:00,3.315,3.335,3.31,3.33,37970.0,BTBT
2025-01-31 11:02:00,3.315,3.315,3.31,3.31,56331.0,BTBT
2025-01-31 11:01:00,3.32,3.32,3.31,3.31,17330.0,BTBT
2025-01-31 11:00:00,3.309,3.3289,3.3,3.325,67869.0,BTBT
2025-01-31 10:59:00,3.33,3.3301,3.3,3.305,53800.0,BTBT
2025-01-31 10:58:00,3.335,3.335,3.33,3.335,13300.0,BTBT
2025-01-31 10:57:00,3.34,3.34,3.33,3.335,21204.0,BTBT
2025-01-31 10:56:00,3.335,3.3391,3.33,3.335,46955.0,BTBT
2025-01-31 10:55:00,3.335,3.34,3.33,3.335,85428.0,BTBT
2025-01-31 10:54:00,3.33,3.345,3.32,3.34,82933.0,BTBT
2025-01-31 10:53:00,3.325,3.33,3.32,3.3245,17090.0,BTBT
2025-01-31 10:52:00,3.32,3.3298,3.32,3.325,10110.0,BTBT
2025-01-31 10:51:00,3.3206,3.325,3.32,3.32,8189.0,BTBT
2025-01-31 10:50:00,3.325,3.3288,3.32,3.32,33076.0,BTBT
2025-01-31 10:49:00,3.3283,3.33,3.32,3.325,9438.0,BTBT
2025-01-31 10:48:00,3.32,3.33,3.32,3.32,31651.0,BTBT
2025-01-31 10:47:00,3.325,3.33,3.32,3.3212,50374.0,BTBT
2025-01-31 10:46:00,3.305,3.32,3.3,3.31,50580.0,BTBT
2025-01-31 10:45:00,3.3092,3.31,3.29,3.3,127012.0,BTBT
2025-01-31 10:44:00,3.315,3.33,3.3,3.3,75615.0,BTBT
2025-01-31 10:43:00,3.315,3.32,3.3,3.3199,100896.0,BTBT
2025-01-31 10:42:00,3.33,3.3395,3.31,3.3111,106630.0,BTBT
2025-01-31 10:41:00,3.32,3.34,3.32,3.3309,95308.0,BTBT
2025-01-31 10:40:00,3.3305,3.34,3.32,3.32,122692.0,BTBT
2025-01-31 10:39:00,3.3199,3.3388,3.31,3.335,57088.0,BTBT
2025-01-31 10:38:00,3.32,3.32,3.31,3.31,44900.0,BTBT
2025-01-31 10:37:00,3.31,3.33,3.3,3.325,85823.0,BTBT
2025-01-31 10:36:00,3.315,3.325,3.3,3.305,100375.0,BTBT
2025-01-31 10:35:00,3.31,3.32,3.31,3.31,44489.0,BTBT
2025-01-31 10:34:00,3.315,3.32,3.31,3.31,32578.0,BTBT
2025-01-31 10:33:00,3.315,3.32,3.31,3.31,37292.0,BTBT
2025-01-31 10:32:00,3.315,3.32,3.31,3.31,78076.0,BTBT
2025-01-31 10:31:00,3.3199,3.32,3.31,3.315,29350.0,BTBT
2025-01-31 10:30:00,3.3,3.3199,3.3,3.31,141849.0,BTBT
2025-01-31 10:29:00,3.3089,3.3089,3.3,3.3,12221.0,BTBT
2025-01-31 10:28:00,3.295,3.305,3.295,3.305,30053.0,BTBT
2025-01-31 10:27:00,3.295,3.305,3.29,3.295,56988.0,BTBT
2025-01-31 10:26:00,3.295,3.3,3.29,3.2907,25683.0,BTBT
2025-01-31 10:25:00,3.295,3.31,3.295,3.295,135438.0,BTBT
2025-01-31 10:24:00,3.3,3.3,3.29,3.3,29220.0,BTBT
2025-01-31 10:23:00,3.2853,3.3,3.28,3.2985,97436.0,BTBT
2025-01-31 10:22:00,3.28,3.285,3.27,3.285,83830.0,BTBT
2025-01-31 10:21:00,3.2701,3.28,3.27,3.275,24477.0,BTBT
2025-01-31 10:20:00,3.2519,3.2799,3.25,3.27,82956.0,BTBT
2025-01-31 10:19:00,3.265,3.265,3.25,3.25,25691.0,BTBT
2025-01-31 10:18:00,3.275,3.28,3.2601,3.265,28685.0,BTBT
2025-01-31 10:17:00,3.265,3.305,3.265,3.2732,254843.0,BTBT
2025-01-31 10:16:00,3.245,3.2651,3.24,3.265,83113.0,BTBT
2025-01-31 10:15:00,3.26,3.27,3.24,3.245,64048.0,BTBT
2025-01-31 10:14:00,3.255,3.2599,3.25,3.255,77035.0,BTBT
2025-01-31 10:13:00,3.275,3.275,3.24,3.26,93365.0,BTBT
2025-01-31 10:12:00,3.27,3.28,3.27,3.275,13609.0,BTBT
2025-01-31 10:11:00,3.25,3.28,3.25,3.27,34312.0,BTBT
2025-01-31 10:10:00,3.2408,3.265,3.24,3.2567,110136.0,BTBT
2025-01-31 10:09:00,3.2499,3.25,3.24,3.245,79485.0,BTBT
2025-01-31 10:08:00,3.255,3.26,3.24,3.245,64745.0,BTBT
2025-01-31 10:07:00,3.245,3.265,3.245,3.26,16891.0,BTBT
2025-01-31 10:06:00,3.25,3.25,3.24,3.2406,70666.0,BTBT
2025-01-31 10:05:00,3.26,3.27,3.255,3.255,70306.0,BTBT
2025-01-31 10:04:00,3.27,3.27,3.25,3.265,80515.0,BTBT
2025-01-31 10:03:00,3.2849,3.285,3.27,3.2701,80736.0,BTBT
2025-01-31 10:02:00,3.29,3.29,3.28,3.285,117013.0,BTBT
2025-01-31 10:01:00,3.27,3.29,3.26,3.2801,124866.0,BTBT
2025-01-31 10:00:00,3.255,3.265,3.2527,3.26,24454.0,BTBT
2025-01-31 09:59:00,3.255,3.26,3.25,3.255,4482.0,BTBT
2025-01-31 09:58:00,3.2401,3.255,3.2401,3.255,10382.0,BTBT
2025-01-31 09:57:00,3.26,3.26,3.24,3.245,46393.0,BTBT
2025-01-31 09:56:00,3.265,3.2699,3.26,3.2605,17671.0,BTBT
2025-01-31 09:55:00,3.27,3.27,3.25,3.265,94566.0,BTBT
2025-01-31 09:54:00,3.2705,3.2852,3.25,3.2671,103553.0,BTBT
2025-01-31 09:53:00,3.2624,3.2799,3.2624,3.275,13816.0,BTBT
2025-01-31 09:52:00,3.225,3.28,3.225,3.2612,56294.0,BTBT
2025-01-31 09:51:00,3.225,3.23,3.22,3.22,25060.0,BTBT
2025-01-31 09:50:00,3.22,3.2299,3.22,3.225,42149.0,BTBT
2025-01-31 09:49:00,3.2498,3.2498,3.22,3.2208,56079.0,BTBT
2025-01-31 09:48:00,3.255,3.255,3.23,3.25,66097.0,BTBT
2025-01-31 09:47:00,3.245,3.26,3.24,3.255,31973.0,BTBT
2025-01-31 09:46:00,3.2326,3.2499,3.23,3.2499,28591.0,BTBT
2025-01-31 09:45:00,3.265,3.265,3.23,3.2312,134083.0,BTBT
2025-01-31 09:44:00,3.28,3.285,3.26,3.26,63510.0,BTBT
2025-01-31 09:43:00,3.275,3.275,3.27,3.275,7400.0,BTBT
2025-01-31 09:42:00,3.27,3.28,3.27,3.275,4780.0,BTBT
2025-01-31 09:41:00,3.275,3.28,3.2725,3.28,8159.0,BTBT
2025-01-31 09:40:00,3.285,3.285,3.25,3.275,59900.0,BTBT
2025-01-31 09:39:00,3.27,3.29,3.27,3.285,30522.0,BTBT
2025-01-31 09:38:00,3.255,3.2699,3.2501,3.2699,18210.0,BTBT
2025-01-31 09:37:00,3.26,3.27,3.2511,3.255,30455.0,BTBT
2025-01-31 09:36:00,3.275,3.28,3.255,3.2598,48467.0,BTBT
2025-01-31 09:35:00,3.29,3.29,3.26,3.27,36566.0,BTBT
2025-01-31 09:34:00,3.2895,3.3,3.28,3.29,22280.0,BTBT
2025-01-31 09:33:00,3.27,3.29,3.2648,3.285,10083.0,BTBT
2025-01-31 09:32:00,3.3,3.3,3.26,3.275,49048.0,BTBT
2025-01-31 09:31:00,3.265,3.31,3.265,3.305,26371.0,BTBT
2025-01-31 09:30:00,3.26,3.2798,3.25,3.265,87983.0,BTBT
2025-01-31 09:29:00,3.26,3.27,3.26,3.26,203.0,BTBT
2025-01-31 09:27:00,3.28,3.28,3.27,3.27,6805.0,BTBT
2025-01-31 09:26:00,3.28,3.28,3.2797,3.2797,616.0,BTBT
2025-01-31 09:23:00,3.2797,3.2797,3.2797,3.2797,1.0,BTBT
2025-01-31 09:22:00,3.2798,3.28,3.2798,3.28,6900.0,BTBT
2025-01-31 09:21:00,3.2799,3.28,3.2799,3.28,5218.0,BTBT
2025-01-31 09:20:00,3.28,3.28,3.28,3.28,500.0,BTBT
2025-01-31 09:19:00,3.27,3.27,3.27,3.27,53.0,BTBT
2025-01-31 09:18:00,3.28,3.28,3.27,3.27,100.0,BTBT
2025-01-31 09:17:00,3.28,3.28,3.28,3.28,50.0,BTBT
2025-01-31 09:16:00,3.27,3.2701,3.27,3.27,367.0,BTBT
2025-01-31 09:15:00,3.27,3.27,3.27,3.27,400.0,BTBT
2025-01-31 09:13:00,3.28,3.28,3.28,3.28,100.0,BTBT
2025-01-31 09:12:00,3.2799,3.2799,3.27,3.27,661.0,BTBT
2025-01-31 09:11:00,3.27,3.27,3.27,3.27,10.0,BTBT
2025-01-31 09:10:00,3.27,3.27,3.27,3.27,250.0,BTBT
2025-01-31 09:09:00,3.2797,3.2797,3.2797,3.2797,33.0,BTBT
2025-01-31 09:06:00,3.27,3.27,3.27,3.27,1270.0,BTBT
2025-01-31 09:05:00,3.27,3.27,3.27,3.27,1794.0,BTBT
2025-01-31 09:04:00,3.27,3.27,3.27,3.27,800.0,BTBT
2025-01-31 09:03:00,3.27,3.27,3.26,3.27,1603.0,BTBT
2025-01-31 09:01:00,3.27,3.27,3.2698,3.2698,310.0,BTBT
2025-01-31 09:00:00,3.26,3.26,3.26,3.26,5.0,BTBT
2025-01-31 08:59:00,3.27,3.27,3.27,3.27,1000.0,BTBT
2025-01-31 08:58:00,3.2699,3.2699,3.2699,3.2699,100.0,BTBT
2025-01-31 08:56:00,3.2697,3.2697,3.2697,3.2697,14.0,BTBT
2025-01-31 08:55:00,3.2697,3.27,3.2697,3.27,3027.0,BTBT
2025-01-31 08:53:00,3.2697,3.27,3.2697,3.27,10003.0,BTBT
2025-01-31 08:51:00,3.27,3.27,3.27,3.27,8.0,BTBT
2025-01-31 08:50:00,3.27,3.27,3.27,3.27,1000.0,BTBT
2025-01-31 08:48:00,3.2688,3.27,3.2688,3.27,611.0,BTBT
2025-01-31 08:47:00,3.27,3.27,3.27,3.27,200.0,BTBT
2025-01-31 08:45:00,3.2698,3.27,3.26,3.26,7644.0,BTBT
2025-01-31 08:44:00,3.28,3.28,3.27,3.27,3811.0,BTBT
2025-01-31 08:43:00,3.29,3.29,3.29,3.29,5.0,BTBT
2025-01-31 08:40:00,3.29,3.29,3.29,3.29,950.0,BTBT
2025-01-31 08:38:00,3.29,3.29,3.29,3.29,50.0,BTBT
2025-01-31 08:37:00,3.28,3.28,3.28,3.28,1783.0,BTBT
2025-01-31 08:35:00,3.2801,3.2801,3.28,3.28,16.0,BTBT
2025-01-31 08:34:00,3.28,3.29,3.28,3.2897,181.0,BTBT
2025-01-31 08:33:00,3.29,3.29,3.29,3.29,5.0,BTBT
2025-01-31 08:32:00,3.2898,3.2898,3.2898,3.2898,2000.0,BTBT
2025-01-31 08:29:00,3.29,3.29,3.28,3.2802,5012.0,BTBT
2025-01-31 08:28:00,3.29,3.29,3.29,3.29,1340.0,BTBT
2025-01-31 08:26:00,3.29,3.29,3.29,3.29,1505.0,BTBT
2025-01-31 08:25:00,3.29,3.29,3.2803,3.2899,1200.0,BTBT
2025-01-31 08:24:00,3.29,3.29,3.29,3.29,110.0,BTBT
2025-01-31 08:23:00,3.29,3.29,3.2898,3.2898,602.0,BTBT
2025-01-31 08:22:00,3.28,3.28,3.28,3.28,100.0,BTBT
2025-01-31 08:19:00,3.29,3.29,3.29,3.29,500.0,BTBT
2025-01-31 08:18:00,3.2897,3.2897,3.2897,3.2897,1074.0,BTBT
2025-01-31 08:17:00,3.2899,3.2899,3.2899,3.2899,30.0,BTBT
2025-01-31 08:16:00,3.29,3.29,3.2898,3.2898,8040.0,BTBT
2025-01-31 08:15:00,3.29,3.29,3.29,3.29,8.0,BTBT
2025-01-31 08:14:00,3.29,3.29,3.29,3.29,8.0,BTBT
2025-01-31 08:13:00,3.29,3.29,3.29,3.29,4.0,BTBT
2025-01-31 08:09:00,3.29,3.29,3.29,3.29,450.0,BTBT
2025-01-31 08:08:00,3.29,3.29,3.29,3.29,1000.0,BTBT
2025-01-31 08:07:00,3.28,3.28,3.27,3.27,341.0,BTBT
2025-01-31 08:06:00,3.28,3.28,3.27,3.28,1941.0,BTBT
2025-01-31 08:05:00,3.29,3.29,3.28,3.28,7.0,BTBT
2025-01-31 08:03:00,3.27,3.27,3.27,3.27,2.0,BTBT
2025-01-31 08:02:00,3.28,3.28,3.28,3.28,5300.0,BTBT
2025-01-31 08:01:00,3.28,3.28,3.28,3.28,100.0,BTBT
2025-01-31 08:00:00,3.28,3.3,3.2698,3.3,24731.0,BTBT
2025-01-31 07:57:00,3.28,3.28,3.28,3.28,65.0,BTBT
2025-01-31 07:56:00,3.289,3.289,3.289,3.289,100.0,BTBT
2025-01-31 07:55:00,3.28,3.28,3.28,3.28,100.0,BTBT
2025-01-31 07:54:00,3.3,3.3,3.28,3.28,10039.0,BTBT
2025-01-31 07:53:00,3.29,3.3,3.29,3.3,738.0,BTBT
2025-01-31 07:50:00,3.29,3.29,3.29,3.29,1900.0,BTBT
2025-01-31 07:48:00,3.28,3.28,3.28,3.28,56.0,BTBT
2025-01-31 07:46:00,3.28,3.28,3.28,3.28,4.0,BTBT
2025-01-31 07:45:00,3.28,3.28,3.28,3.28,420.0,BTBT
2025-01-31 07:44:00,3.27,3.27,3.27,3.27,557.0,BTBT
2025-01-31 07:37:00,3.27,3.27,3.27,3.27,500.0,BTBT
2025-01-31 07:33:00,3.27,3.27,3.27,3.27,100.0,BTBT
2025-01-31 07:31:00,3.27,3.27,3.26,3.26,2800.0,BTBT
2025-01-31 07:26:00,3.27,3.27,3.27,3.27,1001.0,BTBT
2025-01-31 07:25:00,3.27,3.27,3.27,3.27,4.0,BTBT
2025-01-31 07:24:00,3.27,3.27,3.27,3.27,200.0,BTBT
2025-01-31 07:22:00,3.28,3.29,3.28,3.29,24.0,BTBT
2025-01-31 07:21:00,3.28,3.28,3.28,3.28,302.0,BTBT
2025-01-31 07:20:00,3.28,3.28,3.28,3.28,100.0,BTBT
2025-01-31 07:17:00,3.28,3.28,3.28,3.28,1.0,BTBT
2025-01-31 07:16:00,3.28,3.28,3.28,3.28,2.0,BTBT
2025-01-31 07:11:00,3.275,3.275,3.275,3.275,20.0,BTBT
2025-01-31 07:03:00,3.28,3.28,3.28,3.28,489.0,BTBT
2025-01-31 07:00:00,3.29,3.29,3.29,3.29,600.0,BTBT
2025-01-31 06:59:00,3.3,3.3,3.3,3.3,600.0,BTBT
2025-01-31 06:54:00,3.29,3.29,3.29,3.29,856.0,BTBT
2025-01-31 06:51:00,3.29,3.29,3.29,3.29,100.0,BTBT
2025-01-31 06:49:00,3.3,3.3,3.3,3.3,10.0,BTBT
2025-01-31 06:47:00,3.3,3.3,3.3,3.3,1050.0,BTBT
2025-01-31 06:46:00,3.31,3.31,3.31,3.31,150.0,BTBT
2025-01-31 06:43:00,3.3,3.3,3.3,3.3,3299.0,BTBT
2025-01-31 06:40:00,3.3,3.3,3.3,3.3,2.0,BTBT
2025-01-31 06:34:00,3.28,3.29,3.28,3.29,189.0,BTBT
2025-01-31 06:33:00,3.29,3.29,3.29,3.29,16.0,BTBT
2025-01-31 06:32:00,3.28,3.28,3.28,3.28,11.0,BTBT
2025-01-31 06:31:00,3.29,3.29,3.29,3.29,200.0,BTBT
2025-01-31 06:30:00,3.28,3.28,3.28,3.28,2429.0,BTBT
2025-01-31 06:29:00,3.28,3.28,3.28,3.28,1271.0,BTBT
2025-01-31 06:28:00,3.28,3.28,3.28,3.28,500.0,BTBT
2025-01-31 06:27:00,3.28,3.28,3.28,3.28,1058.0,BTBT
2025-01-31 06:25:00,3.27,3.28,3.27,3.28,238.0,BTBT
2025-01-31 06:23:00,3.28,3.28,3.28,3.28,257.0,BTBT
2025-01-31 06:22:00,3.28,3.28,3.28,3.28,56.0,BTBT
2025-01-31 06:21:00,3.28,3.28,3.28,3.28,101.0,BTBT
2025-01-31 06:20:00,3.28,3.28,3.28,3.28,1079.0,BTBT
2025-01-31 06:19:00,3.26,3.27,3.26,3.27,186.0,BTBT
2025-01-31 06:18:00,3.25,3.25,3.25,3.25,500.0,BTBT
2025-01-31 06:17:00,3.25,3.25,3.25,3.25,99.0,BTBT
2025-01-31 06:16:00,3.25,3.25,3.25,3.25,1.0,BTBT
2025-01-31 06:09:00,3.24,3.24,3.24,3.24,820.0,BTBT
2025-01-31 06:08:00,3.24,3.24,3.24,3.24,478.0,BTBT
2025-01-31 06:01:00,3.24,3.24,3.24,3.24,333.0,BTBT
2025-01-31 05:53:00,3.23,3.23,3.23,3.23,300.0,BTBT
2025-01-31 05:52:00,3.24,3.24,3.24,3.24,2.0,BTBT
2025-01-31 05:46:00,3.24,3.24,3.24,3.24,389.0,BTBT
2025-01-31 05:38:00,3.24,3.24,3.24,3.24,5.0,BTBT
2025-01-31 05:31:00,3.24,3.24,3.24,3.24,500.0,BTBT
2025-01-31 05:27:00,3.24,3.24,3.24,3.24,20.0,BTBT
2025-01-31 05:23:00,3.24,3.24,3.24,3.24,1.0,BTBT
2025-01-31 05:16:00,3.235,3.24,3.235,3.24,1215.0,BTBT
2025-01-31 05:15:00,3.245,3.245,3.23,3.23,2120.0,BTBT
2025-01-31 05:11:00,3.25,3.25,3.25,3.25,5024.0,BTBT
2025-01-31 05:10:00,3.25,3.25,3.25,3.25,110.0,BTBT
2025-01-31 05:07:00,3.25,3.25,3.25,3.25,1050.0,BTBT
2025-01-31 05:01:00,3.26,3.26,3.25,3.25,35.0,BTBT
2025-01-31 04:58:00,3.26,3.26,3.255,3.255,303.0,BTBT
2025-01-31 04:52:00,3.26,3.26,3.26,3.26,3.0,BTBT
2025-01-31 04:51:00,3.25,3.25,3.25,3.25,49.0,BTBT
2025-01-31 04:50:00,3.25,3.25,3.25,3.25,150.0,BTBT
2025-01-31 04:45:00,3.25,3.25,3.25,3.25,1188.0,BTBT
2025-01-31 04:40:00,3.25,3.25,3.25,3.25,57.0,BTBT
2025-01-31 04:39:00,3.25,3.25,3.25,3.25,116.0,BTBT
2025-01-31 04:36:00,3.25,3.25,3.25,3.25,100.0,BTBT
2025-01-31 04:28:00,3.25,3.25,3.24,3.25,312.0,BTBT
2025-01-31 04:25:00,3.24,3.24,3.24,3.24,415.0,BTBT
2025-01-31 04:18:00,3.25,3.25,3.25,3.25,200.0,BTBT
2025-01-31 04:13:00,3.24,3.24,3.24,3.24,173.0,BTBT
2025-01-31 04:08:00,3.24,3.24,3.24,3.24,127.0,BTBT
2025-01-31 04:07:00,3.26,3.26,3.25,3.25,256.0,BTBT
2025-01-31 04:04:00,3.25,3.25,3.25,3.25,170.0,BTBT
2025-01-31 04:00:00,3.26,3.26,3.24,3.24,254.0,BTBT
2025-01-30 19:58:00,3.26,3.26,3.26,3.26,12.0,BTBT
2025-01-30 19:57:00,3.2505,3.26,3.2505,3.26,7005.0,BTBT
2025-01-30 19:56:00,3.25,3.25,3.25,3.25,29.0,BTBT
2025-01-30 19:55:00,3.26,3.26,3.26,3.26,50.0,BTBT
2025-01-30 19:52:00,3.26,3.26,3.25,3.25,106.0,BTBT
2025-01-30 19:51:00,3.27,3.27,3.27,3.27,15000.0,BTBT
2025-01-30 19:47:00,3.27,3.27,3.27,3.27,16.0,BTBT
2025-01-30 19:46:00,3.25,3.2502,3.25,3.2502,18.0,BTBT
2025-01-30 19:45:00,3.25,3.25,3.25,3.25,11.0,BTBT
2025-01-30 19:43:00,3.26,3.26,3.26,3.26,75.0,BTBT
2025-01-30 19:42:00,3.2682,3.2682,3.2682,3.2682,150.0,BTBT
2025-01-30 19:41:00,3.2506,3.2506,3.25,3.25,572.0,BTBT
2025-01-30 19:39:00,3.25,3.25,3.25,3.25,1.0,BTBT
2025-01-30 19:31:00,3.25,3.2504,3.25,3.2504,82.0,BTBT
2025-01-30 19:30:00,3.2509,3.2509,3.2509,3.2509,17.0,BTBT
2025-01-30 19:23:00,3.27,3.27,3.27,3.27,31.0,BTBT
2025-01-30 19:21:00,3.25,3.25,3.25,3.25,4601.0,BTBT
2025-01-30 19:15:00,3.2695,3.2695,3.2695,3.2695,7000.0,BTBT
2025-01-30 19:11:00,3.25,3.27,3.25,3.27,7.0,BTBT
2025-01-30 19:10:00,3.26,3.26,3.25,3.25,1001.0,BTBT
2025-01-30 19:09:00,3.27,3.27,3.27,3.27,150.0,BTBT
2025-01-30 19:07:00,3.2699,3.27,3.2699,3.27,31.0,BTBT
2025-01-30 19:05:00,3.27,3.27,3.27,3.27,276.0,BTBT
2025-01-30 19:04:00,3.26,3.26,3.26,3.26,300.0,BTBT
2025-01-30 19:03:00,3.2598,3.2598,3.2598,3.2598,1.0,BTBT
2025-01-30 19:01:00,3.2502,3.2502,3.2502,3.2502,400.0,BTBT
2025-01-30 19:00:00,3.25,3.25,3.25,3.25,300.0,BTBT
2025-01-30 18:58:00,3.26,3.26,3.25,3.25,3200.0,BTBT
2025-01-30 18:53:00,3.26,3.26,3.2599,3.2599,200.0,BTBT
2025-01-30 18:52:00,3.26,3.26,3.26,3.26,1.0,BTBT
2025-01-30 18:50:00,3.2597,3.2597,3.2597,3.2597,805.0,BTBT
2025-01-30 18:49:00,3.26,3.26,3.26,3.26,2.0,BTBT
2025-01-30 18:45:00,3.26,3.26,3.26,3.26,2.0,BTBT
2025-01-30 18:44:00,3.26,3.26,3.25,3.25,110.0,BTBT
2025-01-30 18:37:00,3.26,3.2601,3.26,3.2601,9200.0,BTBT
2025-01-30 18:35:00,3.2794,3.2794,3.2794,3.2794,250.0,BTBT
2025-01-30 18:33:00,3.28,3.28,3.28,3.28,25.0,BTBT
2025-01-30 18:30:00,3.2607,3.2607,3.2607,3.2607,180.0,BTBT
2025-01-30 18:28:00,3.26,3.26,3.26,3.26,9.0,BTBT
2025-01-30 18:26:00,3.27,3.27,3.26,3.26,405.0,BTBT
2025-01-30 18:24:00,3.2795,3.2795,3.2795,3.2795,320.0,BTBT
2025-01-30 18:22:00,3.26,3.26,3.26,3.26,7140.0,BTBT
2025-01-30 18:21:00,3.27,3.27,3.27,3.27,5.0,BTBT
2025-01-30 18:18:00,3.26,3.26,3.26,3.26,8.0,BTBT
2025-01-30 18:15:00,3.27,3.27,3.26,3.26,6.0,BTBT
2025-01-30 18:10:00,3.26,3.28,3.26,3.28,510.0,BTBT
2025-01-30 18:08:00,3.25,3.26,3.25,3.26,2159.0,BTBT
2025-01-30 18:05:00,3.25,3.25,3.24,3.24,16.0,BTBT
2025-01-30 17:55:00,3.25,3.25,3.25,3.25,646.0,BTBT
2025-01-30 17:49:00,3.2503,3.2503,3.2503,3.2503,1.0,BTBT
2025-01-30 17:47:00,3.26,3.27,3.26,3.27,731.0,BTBT
2025-01-30 17:46:00,3.2599,3.2599,3.2599,3.2599,50.0,BTBT
2025-01-30 17:45:00,3.2598,3.2598,3.2598,3.2598,500.0,BTBT
2025-01-30 17:42:00,3.26,3.26,3.26,3.26,500.0,BTBT
2025-01-30 17:41:00,3.26,3.26,3.26,3.26,500.0,BTBT
2025-01-30 17:39:00,3.3,3.3,3.3,3.3,1010.0,BTBT
2025-01-30 17:38:00,3.25,3.25,3.25,3.25,100.0,BTBT
2025-01-30 17:37:00,3.26,3.26,3.25,3.26,954.0,BTBT
2025-01-30 17:36:00,3.25,3.25,3.25,3.25,954.0,BTBT
2025-01-30 17:35:00,3.2401,3.2401,3.2401,3.2401,150.0,BTBT
2025-01-30 17:34:00,3.24,3.24,3.24,3.24,1.0,BTBT
2025-01-30 17:32:00,3.25,3.25,3.25,3.25,80.0,BTBT
2025-01-30 17:30:00,3.24,3.24,3.24,3.24,2.0,BTBT
2025-01-30 17:27:00,3.25,3.25,3.25,3.25,10.0,BTBT
2025-01-30 17:23:00,3.24,3.24,3.24,3.24,200.0,BTBT
2025-01-30 17:21:00,3.2402,3.2402,3.2402,3.2402,30.0,BTBT
2025-01-30 17:20:00,3.25,3.25,3.25,3.25,69.0,BTBT
2025-01-30 17:19:00,3.25,3.25,3.25,3.25,250.0,BTBT
2025-01-30 17:17:00,3.2401,3.2401,3.2401,3.2401,483.0,BTBT
2025-01-30 17:13:00,3.2499,3.2499,3.2499,3.2499,20.0,BTBT
2025-01-30 17:11:00,3.24,3.24,3.24,3.24,2107.0,BTBT
2025-01-30 17:09:00,3.25,3.25,3.24,3.24,205.0,BTBT
2025-01-30 17:08:00,3.2497,3.25,3.2497,3.25,2325.0,BTBT
2025-01-30 17:06:00,3.25,3.25,3.25,3.25,5.0,BTBT
2025-01-30 17:00:00,3.245,3.245,3.245,3.245,29.0,BTBT
2025-01-30 16:57:00,3.24,3.24,3.24,3.24,1.0,BTBT
2025-01-30 16:56:00,3.25,3.25,3.25,3.25,10.0,BTBT
2025-01-30 16:52:00,3.25,3.25,3.25,3.25,32.0,BTBT
2025-01-30 16:50:00,3.2402,3.2402,3.2402,3.2402,485.0,BTBT
2025-01-30 16:49:00,3.24,3.24,3.24,3.24,100.0,BTBT
2025-01-30 16:48:00,3.25,3.25,3.2402,3.25,1285.0,BTBT
2025-01-30 16:46:00,3.2499,3.25,3.24,3.25,1107.0,BTBT
2025-01-30 16:45:00,3.25,3.25,3.25,3.25,5.0,BTBT
2025-01-30 16:43:00,3.24,3.24,3.24,3.24,2.0,BTBT
2025-01-30 16:41:00,3.25,3.25,3.24,3.24,800.0,BTBT
2025-01-30 16:38:00,3.2498,3.2498,3.2498,3.2498,200.0,BTBT
2025-01-30 16:37:00,3.24,3.25,3.24,3.2498,144.0,BTBT
2025-01-30 16:36:00,3.25,3.25,3.25,3.25,1.0,BTBT
2025-01-30 16:35:00,3.24,3.24,3.24,3.24,4.0,BTBT
2025-01-30 16:34:00,3.24,3.24,3.24,3.24,100.0,BTBT
2025-01-30 16:32:00,3.24,3.24,3.24,3.24,101.0,BTBT
2025-01-30 16:31:00,3.24,3.25,3.24,3.24,1004.0,BTBT
2025-01-30 16:30:00,3.2498,3.2498,3.2498,3.2498,1000.0,BTBT
2025-01-30 16:29:00,3.2498,3.2498,3.2498,3.2498,1000.0,BTBT
2025-01-30 16:28:00,3.2402,3.2402,3.2401,3.2401,5.0,BTBT
2025-01-30 16:24:00,3.2499,3.2499,3.2499,3.2499,125.0,BTBT
2025-01-30 16:23:00,3.24,3.24,3.24,3.24,400.0,BTBT
2025-01-30 16:20:00,3.2403,3.2403,3.2403,3.2403,9.0,BTBT
2025-01-30 16:19:00,3.2499,3.25,3.2499,3.2499,5.0,BTBT
2025-01-30 16:17:00,3.24,3.24,3.24,3.24,11.0,BTBT
2025-01-30 16:16:00,3.24,3.24,3.24,3.24,5.0,BTBT
2025-01-30 16:15:00,3.2499,3.2499,3.2499,3.2499,500.0,BTBT
2025-01-30 16:14:00,3.2497,3.2497,3.2497,3.2497,200.0,BTBT
2025-01-30 16:13:00,3.2401,3.2401,3.2401,3.2401,1.0,BTBT
2025-01-30 16:12:00,3.25,3.25,3.25,3.25,40.0,BTBT
2025-01-30 16:11:00,3.24,3.24,3.24,3.24,200.0,BTBT
2025-01-30 16:09:00,3.24,3.24,3.24,3.24,200.0,BTBT
2025-01-30 16:06:00,3.2499,3.2499,3.2499,3.2499,20.0,BTBT
2025-01-30 16:05:00,3.25,3.25,3.24,3.2497,1003.0,BTBT
2025-01-30 16:04:00,3.25,3.25,3.25,3.25,386.0,BTBT
2025-01-30 16:01:00,3.25,3.25,3.25,3.25,1289.0,BTBT
2025-01-30 16:00:00,3.24,3.25,3.24,3.25,595822.0,BTBT
2025-01-30 15:59:00,3.235,3.25,3.23,3.245,167515.0,BTBT
2025-01-30 15:58:00,3.2437,3.25,3.235,3.235,158404.0,BTBT
2025-01-30 15:57:00,3.245,3.25,3.24,3.245,39639.0,BTBT
2025-01-30 15:56:00,3.245,3.25,3.24,3.245,28305.0,BTBT
2025-01-30 15:55:00,3.245,3.26,3.24,3.24,131719.0,BTBT
2025-01-30 15:54:00,3.245,3.25,3.24,3.25,36916.0,BTBT
2025-01-30 15:53:00,3.245,3.25,3.24,3.24,21831.0,BTBT
2025-01-30 15:52:00,3.2446,3.25,3.24,3.24,16788.0,BTBT
2025-01-30 15:51:00,3.245,3.25,3.24,3.24,14360.0,BTBT
2025-01-30 15:50:00,3.25,3.26,3.23,3.245,97405.0,BTBT
2025-01-30 15:49:00,3.24,3.25,3.23,3.25,54639.0,BTBT
2025-01-30 15:48:00,3.235,3.24,3.23,3.23,8732.0,BTBT
2025-01-30 15:47:00,3.23,3.24,3.23,3.23,55935.0,BTBT
2025-01-30 15:46:00,3.2383,3.24,3.23,3.23,69185.0,BTBT
2025-01-30 15:45:00,3.23,3.24,3.23,3.24,37882.0,BTBT
2025-01-30 15:44:00,3.24,3.245,3.23,3.23,58477.0,BTBT
2025-01-30 15:43:00,3.25,3.26,3.24,3.24,32569.0,BTBT
2025-01-30 15:42:00,3.255,3.27,3.24,3.25,67362.0,BTBT
2025-01-30 15:41:00,3.245,3.26,3.23,3.255,184555.0,BTBT
2025-01-30 15:40:00,3.26,3.26,3.24,3.24,45080.0,BTBT
2025-01-30 15:39:00,3.26,3.27,3.25,3.25,141636.0,BTBT
2025-01-30 15:38:00,3.275,3.275,3.25,3.26,201424.0,BTBT
2025-01-30 15:37:00,3.29,3.2918,3.27,3.275,68826.0,BTBT
2025-01-30 15:36:00,3.3,3.3,3.29,3.2919,62675.0,BTBT
2025-01-30 15:35:00,3.295,3.3,3.29,3.29,12133.0,BTBT
2025-01-30 15:34:00,3.295,3.3,3.29,3.295,28944.0,BTBT
2025-01-30 15:33:00,3.295,3.3,3.29,3.295,42075.0,BTBT
2025-01-30 15:32:00,3.2983,3.3,3.29,3.29,2288.0,BTBT
2025-01-30 15:31:00,3.295,3.295,3.29,3.295,27072.0,BTBT
2025-01-30 15:30:00,3.29,3.295,3.29,3.29,4735.0,BTBT
2025-01-30 15:29:00,3.29,3.295,3.29,3.29,8267.0,BTBT
2025-01-30 15:28:00,3.29,3.3,3.28,3.29,38925.0,BTBT
2025-01-30 15:27:00,3.285,3.2885,3.28,3.285,16310.0,BTBT
2025-01-30 15:26:00,3.285,3.2895,3.28,3.2883,10890.0,BTBT
2025-01-30 15:25:00,3.285,3.285,3.28,3.2848,2145.0,BTBT
2025-01-30 15:24:00,3.28,3.2876,3.28,3.2876,2090.0,BTBT
2025-01-30 15:23:00,3.3,3.3,3.28,3.28,111042.0,BTBT
2025-01-30 15:22:00,3.295,3.3,3.29,3.29,12036.0,BTBT
2025-01-30 15:21:00,3.295,3.3,3.29,3.295,93934.0,BTBT
2025-01-30 15:20:00,3.3,3.3,3.29,3.295,17104.0,BTBT
2025-01-30 15:19:00,3.295,3.298,3.29,3.29,7526.0,BTBT
2025-01-30 15:18:00,3.285,3.2952,3.28,3.29,42476.0,BTBT
2025-01-30 15:17:00,3.285,3.29,3.28,3.29,1893.0,BTBT
2025-01-30 15:16:00,3.29,3.29,3.28,3.285,3367.0,BTBT
2025-01-30 15:15:00,3.285,3.29,3.281,3.29,1537.0,BTBT
2025-01-30 15:14:00,3.2825,3.285,3.28,3.285,2496.0,BTBT
2025-01-30 15:13:00,3.285,3.285,3.27,3.28,123334.0,BTBT
2025-01-30 15:12:00,3.285,3.29,3.28,3.29,7401.0,BTBT
2025-01-30 15:11:00,3.285,3.29,3.28,3.28,5106.0,BTBT
2025-01-30 15:10:00,3.285,3.29,3.28,3.28,2401.0,BTBT
2025-01-30 15:09:00,3.28,3.29,3.28,3.29,2509.0,BTBT
2025-01-30 15:08:00,3.285,3.2888,3.28,3.2877,3505.0,BTBT
2025-01-30 15:07:00,3.285,3.29,3.28,3.285,9457.0,BTBT
2025-01-30 15:06:00,3.28,3.285,3.28,3.28,1722.0,BTBT
2025-01-30 15:05:00,3.28,3.2899,3.28,3.2835,7277.0,BTBT
2025-01-30 15:04:00,3.2883,3.2888,3.28,3.2852,19900.0,BTBT
2025-01-30 15:03:00,3.2888,3.29,3.28,3.28,37748.0,BTBT
2025-01-30 15:02:00,3.29,3.3,3.28,3.28,92425.0,BTBT
2025-01-30 15:01:00,3.295,3.295,3.29,3.295,6105.0,BTBT
2025-01-30 15:00:00,3.2815,3.3,3.28,3.29,76219.0,BTBT
2025-01-30 14:59:00,3.295,3.3,3.28,3.2801,95401.0,BTBT
2025-01-30 14:58:00,3.295,3.3,3.29,3.295,7865.0,BTBT
2025-01-30 14:57:00,3.2975,3.3,3.29,3.3,12466.0,BTBT
2025-01-30 14:56:00,3.295,3.3,3.29,3.29,85946.0,BTBT
2025-01-30 14:54:00,3.295,3.3,3.29,3.295,5449.0,BTBT
2025-01-30 14:53:00,3.305,3.31,3.29,3.29,30953.0,BTBT
2025-01-30 14:52:00,3.295,3.31,3.29,3.3,65116.0,BTBT
2025-01-30 14:51:00,3.295,3.3,3.29,3.29,57810.0,BTBT
2025-01-30 14:50:00,3.3,3.3,3.29,3.2999,19486.0,BTBT
2025-01-30 14:49:00,3.3061,3.31,3.3,3.3,11574.0,BTBT
2025-01-30 14:48:00,3.305,3.31,3.3,3.31,17383.0,BTBT
2025-01-30 14:47:00,3.3,3.31,3.3,3.3,15103.0,BTBT
2025-01-30 14:46:00,3.31,3.31,3.3,3.305,16790.0,BTBT
2025-01-30 14:45:00,3.31,3.31,3.3,3.31,15832.0,BTBT
2025-01-30 14:44:00,3.2918,3.31,3.29,3.31,99758.0,BTBT
2025-01-30 14:43:00,3.3,3.3,3.29,3.2943,14874.0,BTBT
2025-01-30 14:42:00,3.305,3.31,3.29,3.29,104422.0,BTBT
2025-01-30 14:41:00,3.305,3.31,3.3,3.3,3531.0,BTBT
2025-01-30 14:40:00,3.285,3.31,3.28,3.3,203383.0,BTBT
2025-01-30 14:39:00,3.295,3.3,3.28,3.285,65882.0,BTBT
2025-01-30 14:38:00,3.295,3.3,3.29,3.29,9712.0,BTBT
2025-01-30 14:37:00,3.295,3.3,3.29,3.29,221434.0,BTBT
2025-01-30 14:36:00,3.29,3.2955,3.29,3.295,5289.0,BTBT
2025-01-30 14:35:00,3.29,3.295,3.29,3.29,6042.0,BTBT
2025-01-30 14:34:00,3.2935,3.3,3.29,3.2939,4961.0,BTBT
2025-01-30 14:33:00,3.285,3.3,3.28,3.2951,79831.0,BTBT
2025-01-30 14:32:00,3.29,3.29,3.28,3.29,33690.0,BTBT
2025-01-30 14:31:00,3.285,3.29,3.28,3.2845,58539.0,BTBT
2025-01-30 14:30:00,3.285,3.29,3.28,3.285,9783.0,BTBT
2025-01-30 14:29:00,3.3,3.3,3.28,3.29,53377.0,BTBT
2025-01-30 14:28:00,3.3,3.3,3.29,3.29,18273.0,BTBT
2025-01-30 14:27:00,3.295,3.295,3.29,3.29,15293.0,BTBT
2025-01-30 14:26:00,3.295,3.3,3.29,3.29,11735.0,BTBT
2025-01-30 14:25:00,3.29,3.295,3.29,3.295,1463.0,BTBT
2025-01-30 14:24:00,3.295,3.3,3.29,3.2928,43681.0,BTBT
2025-01-30 14:23:00,3.28,3.3,3.28,3.29,91059.0,BTBT
2025-01-30 14:22:00,3.29,3.29,3.28,3.29,28243.0,BTBT
2025-01-30 14:21:00,3.2867,3.2867,3.28,3.2801,3051.0,BTBT
2025-01-30 14:20:00,3.29,3.29,3.28,3.29,6769.0,BTBT
2025-01-30 14:19:00,3.295,3.3,3.28,3.285,50073.0,BTBT
2025-01-30 14:18:00,3.2828,3.3,3.28,3.295,49960.0,BTBT
2025-01-30 14:17:00,3.29,3.29,3.28,3.285,11693.0,BTBT
2025-01-30 14:16:00,3.28,3.29,3.27,3.27,41307.0,BTBT
2025-01-30 14:15:00,3.285,3.29,3.285,3.29,704.0,BTBT
2025-01-30 14:14:00,3.285,3.29,3.27,3.28,103699.0,BTBT
2025-01-30 14:13:00,3.28,3.29,3.27,3.285,45025.0,BTBT
2025-01-30 14:12:00,3.2799,3.28,3.27,3.28,3397.0,BTBT
2025-01-30 14:11:00,3.2741,3.28,3.27,3.27,2369.0,BTBT
2025-01-30 14:10:00,3.275,3.275,3.27,3.27,2106.0,BTBT
2025-01-30 14:09:00,3.275,3.28,3.27,3.275,9727.0,BTBT
2025-01-30 14:08:00,3.275,3.28,3.27,3.27,5350.0,BTBT
2025-01-30 14:07:00,3.28,3.28,3.27,3.275,56725.0,BTBT
2025-01-30 14:06:00,3.265,3.28,3.26,3.28,30706.0,BTBT
2025-01-30 14:05:00,3.2652,3.27,3.26,3.265,42597.0,BTBT
2025-01-30 14:04:00,3.275,3.275,3.265,3.265,31282.0,BTBT
2025-01-30 14:03:00,3.275,3.275,3.275,3.275,796.0,BTBT
2025-01-30 14:02:00,3.275,3.28,3.27,3.2768,16945.0,BTBT
2025-01-30 14:01:00,3.2761,3.2761,3.27,3.27,22335.0,BTBT
2025-01-30 14:00:00,3.28,3.28,3.27,3.27,93869.0,BTBT
2025-01-30 13:59:00,3.27,3.28,3.26,3.275,122228.0,BTBT
2025-01-30 13:58:00,3.27,3.27,3.26,3.26,17711.0,BTBT
2025-01-30 13:57:00,3.265,3.27,3.26,3.27,3076.0,BTBT
2025-01-30 13:56:00,3.265,3.27,3.26,3.27,2007.0,BTBT
2025-01-30 13:55:00,3.275,3.28,3.26,3.265,140343.0,BTBT
2025-01-30 13:54:00,3.2797,3.28,3.27,3.27,32976.0,BTBT
2025-01-30 13:53:00,3.27,3.28,3.26,3.28,36466.0,BTBT
2025-01-30 13:52:00,3.269,3.27,3.26,3.26,41844.0,BTBT
2025-01-30 13:51:00,3.275,3.28,3.26,3.27,52890.0,BTBT
2025-01-30 13:50:00,3.275,3.28,3.27,3.27,20660.0,BTBT
2025-01-30 13:49:00,3.275,3.28,3.27,3.28,37051.0,BTBT
2025-01-30 13:48:00,3.28,3.28,3.27,3.27,97065.0,BTBT
2025-01-30 13:47:00,3.275,3.28,3.27,3.2721,28710.0,BTBT
2025-01-30 13:46:00,3.27,3.28,3.26,3.28,39506.0,BTBT
2025-01-30 13:45:00,3.275,3.275,3.26,3.265,71598.0,BTBT
2025-01-30 13:44:00,3.2729,3.28,3.26,3.27,126715.0,BTBT
2025-01-30 13:43:00,3.2699,3.28,3.26,3.27,61237.0,BTBT
2025-01-30 13:42:00,3.275,3.28,3.26,3.26,92819.0,BTBT
2025-01-30 13:41:00,3.2701,3.28,3.27,3.28,39488.0,BTBT
2025-01-30 13:40:00,3.265,3.28,3.26,3.2715,29065.0,BTBT
2025-01-30 13:39:00,3.265,3.28,3.26,3.265,106367.0,BTBT
2025-01-30 13:38:00,3.27,3.28,3.26,3.2666,156897.0,BTBT
2025-01-30 13:37:00,3.2418,3.27,3.24,3.27,108197.0,BTBT
2025-01-30 13:36:00,3.2358,3.2483,3.23,3.245,29941.0,BTBT
2025-01-30 13:35:00,3.2223,3.23,3.22,3.22,20581.0,BTBT
2025-01-30 13:34:00,3.225,3.23,3.22,3.22,21259.0,BTBT
2025-01-30 13:33:00,3.21,3.225,3.2,3.22,100588.0,BTBT
2025-01-30 13:32:00,3.2086,3.21,3.2,3.21,8741.0,BTBT
2025-01-30 13:31:00,3.2,3.21,3.19,3.2,57159.0,BTBT
2025-01-30 13:30:00,3.19,3.2,3.19,3.195,8407.0,BTBT
2025-01-30 13:29:00,3.2,3.2,3.19,3.19,9020.0,BTBT
2025-01-30 13:28:00,3.2,3.2099,3.1915,3.1915,98431.0,BTBT
2025-01-30 13:27:00,3.195,3.2,3.185,3.2,77905.0,BTBT
2025-01-30 13:26:00,3.195,3.2,3.19,3.195,6790.0,BTBT
2025-01-30 13:25:00,3.195,3.2,3.1948,3.1952,5463.0,BTBT
2025-01-30 13:24:00,3.205,3.2078,3.19,3.1952,56108.0,BTBT
2025-01-30 13:23:00,3.2047,3.21,3.195,3.2,139536.0,BTBT
2025-01-30 13:22:00,3.2189,3.2189,3.2,3.2,103014.0,BTBT
2025-01-30 13:21:00,3.215,3.2199,3.21,3.215,1198.0,BTBT
2025-01-30 13:20:00,3.215,3.215,3.215,3.215,241.0,BTBT
2025-01-30 13:19:00,3.215,3.215,3.21,3.215,6915.0,BTBT
2025-01-30 13:18:00,3.21,3.215,3.21,3.215,13225.0,BTBT
2025-01-30 13:17:00,3.225,3.225,3.21,3.215,60992.0,BTBT
2025-01-30 13:16:00,3.225,3.225,3.22,3.22,15114.0,BTBT
2025-01-30 13:15:00,3.22,3.23,3.22,3.225,17668.0,BTBT
2025-01-30 13:14:00,3.235,3.24,3.22,3.2248,109915.0,BTBT
2025-01-30 13:13:00,3.2267,3.235,3.22,3.23,19648.0,BTBT
2025-01-30 13:12:00,3.2309,3.2309,3.22,3.22,24742.0,BTBT
2025-01-30 13:11:00,3.235,3.2499,3.23,3.23,197889.0,BTBT
2025-01-30 13:10:00,3.23,3.2399,3.22,3.23,116488.0,BTBT
2025-01-30 13:09:00,3.22,3.23,3.21,3.2299,105760.0,BTBT
2025-01-30 13:08:00,3.215,3.22,3.21,3.21,6251.0,BTBT
2025-01-30 13:07:00,3.21,3.215,3.21,3.2149,3117.0,BTBT
2025-01-30 13:06:00,3.22,3.22,3.21,3.215,5439.0,BTBT
2025-01-30 13:05:00,3.2035,3.22,3.2,3.215,51442.0,BTBT
2025-01-30 13:04:00,3.21,3.21,3.2,3.2,20683.0,BTBT
2025-01-30 13:03:00,3.205,3.21,3.2,3.21,14869.0,BTBT
2025-01-30 13:02:00,3.2,3.2099,3.19,3.2,96063.0,BTBT
2025-01-30 13:01:00,3.205,3.205,3.2,3.2,1986.0,BTBT
2025-01-30 13:00:00,3.203,3.21,3.2,3.2057,4463.0,BTBT
2025-01-30 12:59:00,3.205,3.21,3.2,3.205,4941.0,BTBT
2025-01-30 12:58:00,3.205,3.205,3.205,3.205,1734.0,BTBT
2025-01-30 12:57:00,3.21,3.21,3.2,3.2,14434.0,BTBT
2025-01-30 12:56:00,3.195,3.21,3.195,3.2,42767.0,BTBT
2025-01-30 12:55:00,3.2,3.2056,3.19,3.19,24192.0,BTBT
2025-01-30 12:54:00,3.19,3.21,3.19,3.21,44533.0,BTBT
2025-01-30 12:53:00,3.195,3.2,3.19,3.2,25279.0,BTBT
2025-01-30 12:52:00,3.195,3.205,3.195,3.2,35509.0,BTBT
2025-01-30 12:51:00,3.195,3.1999,3.195,3.195,6751.0,BTBT
2025-01-30 12:50:00,3.195,3.2,3.1929,3.1929,1809.0,BTBT
2025-01-30 12:49:00,3.195,3.2,3.195,3.2,5612.0,BTBT
2025-01-30 12:48:00,3.2,3.2,3.19,3.195,6007.0,BTBT
2025-01-30 12:47:00,3.19,3.2,3.18,3.2,53549.0,BTBT
2025-01-30 12:46:00,3.185,3.19,3.185,3.185,4539.0,BTBT
2025-01-30 12:45:00,3.185,3.185,3.18,3.18,4059.0,BTBT
2025-01-30 12:44:00,3.18,3.1856,3.18,3.185,59076.0,BTBT
2025-01-30 12:43:00,3.18,3.19,3.175,3.1899,119549.0,BTBT
2025-01-30 12:42:00,3.175,3.19,3.17,3.185,23364.0,BTBT
2025-01-30 12:41:00,3.1801,3.181,3.17,3.1748,68735.0,BTBT
2025-01-30 12:40:00,3.185,3.19,3.18,3.1812,12052.0,BTBT
2025-01-30 12:39:00,3.195,3.2,3.18,3.185,26466.0,BTBT
2025-01-30 12:38:00,3.2043,3.2094,3.19,3.195,75211.0,BTBT
2025-01-30 12:37:00,3.185,3.21,3.185,3.205,117503.0,BTBT
2025-01-30 12:36:00,3.185,3.19,3.18,3.185,19612.0,BTBT
2025-01-30 12:35:00,3.192,3.2,3.18,3.18,80157.0,BTBT
2025-01-30 12:34:00,3.205,3.21,3.19,3.19,93302.0,BTBT
2025-01-30 12:33:00,3.195,3.21,3.195,3.2,32160.0,BTBT
2025-01-30 12:32:00,3.2,3.2002,3.19,3.1994,44920.0,BTBT
2025-01-30 12:31:00,3.2,3.21,3.2,3.2,7962.0,BTBT
2025-01-30 12:30:00,3.2,3.21,3.2,3.2,19138.0,BTBT
2025-01-30 12:29:00,3.215,3.215,3.2,3.205,23234.0,BTBT
2025-01-30 12:28:00,3.205,3.22,3.2,3.22,12100.0,BTBT
2025-01-30 12:27:00,3.2,3.2099,3.2,3.2,15929.0,BTBT
2025-01-30 12:26:00,3.2097,3.2097,3.2,3.205,41339.0,BTBT
2025-01-30 12:25:00,3.21,3.21,3.2,3.2,29262.0,BTBT
2025-01-30 12:24:00,3.2052,3.2099,3.2,3.205,9551.0,BTBT
2025-01-30 12:23:00,3.205,3.21,3.2,3.205,36833.0,BTBT
2025-01-30 12:22:00,3.22,3.22,3.2,3.2,45165.0,BTBT
2025-01-30 12:21:00,3.215,3.22,3.21,3.2109,41667.0,BTBT
2025-01-30 12:20:00,3.2101,3.2299,3.21,3.21,115351.0,BTBT
2025-01-30 12:19:00,3.205,3.215,3.2,3.21,72917.0,BTBT
2025-01-30 12:18:00,3.195,3.21,3.195,3.2,33183.0,BTBT
2025-01-30 12:17:00,3.1901,3.2,3.19,3.2,94511.0,BTBT
2025-01-30 12:16:00,3.195,3.2,3.19,3.19,6694.0,BTBT
2025-01-30 12:15:00,3.2,3.2,3.195,3.195,2837.0,BTBT
2025-01-30 12:14:00,3.185,3.2,3.18,3.2,99319.0,BTBT
2025-01-30 12:13:00,3.185,3.19,3.17,3.18,85228.0,BTBT
2025-01-30 12:12:00,3.2,3.2,3.18,3.1899,119949.0,BTBT
2025-01-30 12:11:00,3.2,3.205,3.19,3.1999,66457.0,BTBT
2025-01-30 12:10:00,3.2,3.2,3.19,3.1999,45886.0,BTBT
2025-01-30 12:09:00,3.19,3.195,3.18,3.19,64109.0,BTBT
2025-01-30 12:08:00,3.21,3.21,3.19,3.19,21206.0,BTBT
2025-01-30 12:07:00,3.18,3.21,3.18,3.2,44847.0,BTBT
2025-01-30 12:06:00,3.1707,3.1799,3.17,3.175,71786.0,BTBT
2025-01-30 12:05:00,3.17,3.18,3.16,3.175,37925.0,BTBT
2025-01-30 12:04:00,3.16,3.17,3.16,3.16,20757.0,BTBT
2025-01-30 12:03:00,3.16,3.17,3.15,3.16,81347.0,BTBT
2025-01-30 12:02:00,3.175,3.18,3.155,3.16,140147.0,BTBT
2025-01-30 12:01:00,3.17,3.18,3.16,3.1701,181730.0,BTBT
2025-01-30 12:00:00,3.18,3.18,3.17,3.1757,124146.0,BTBT
2025-01-30 11:59:00,3.18,3.19,3.18,3.1809,22356.0,BTBT
2025-01-30 11:58:00,3.18,3.19,3.18,3.185,28299.0,BTBT
2025-01-30 11:57:00,3.185,3.1888,3.18,3.185,5261.0,BTBT
2025-01-30 11:56:00,3.175,3.19,3.175,3.18,195759.0,BTBT
2025-01-30 11:55:00,3.185,3.19,3.1715,3.175,111181.0,BTBT
2025-01-30 11:54:00,3.2003,3.21,3.18,3.185,151436.0,BTBT
2025-01-30 11:53:00,3.195,3.21,3.19,3.2,102480.0,BTBT
2025-01-30 11:52:00,3.2,3.2,3.195,3.195,16039.0,BTBT
2025-01-30 11:51:00,3.2099,3.21,3.195,3.2,59693.0,BTBT
2025-01-30 11:50:00,3.215,3.2197,3.2,3.205,19240.0,BTBT
2025-01-30 11:49:00,3.205,3.22,3.2,3.22,77676.0,BTBT
2025-01-30 11:48:00,3.205,3.21,3.2,3.2,7751.0,BTBT
2025-01-30 11:47:00,3.205,3.21,3.2,3.205,13521.0,BTBT
2025-01-30 11:46:00,3.205,3.21,3.2,3.21,66852.0,BTBT
2025-01-30 11:45:00,3.218,3.218,3.2,3.205,26190.0,BTBT
2025-01-30 11:44:00,3.225,3.23,3.21,3.215,40499.0,BTBT
2025-01-30 11:43:00,3.225,3.23,3.22,3.225,5692.0,BTBT
2025-01-30 11:42:00,3.2209,3.23,3.21,3.22,97446.0,BTBT
2025-01-30 11:41:00,3.22,3.23,3.21,3.22,99141.0,BTBT
2025-01-30 11:40:00,3.215,3.22,3.21,3.22,60695.0,BTBT
2025-01-30 11:39:00,3.22,3.23,3.21,3.21,177094.0,BTBT
2025-01-30 11:38:00,3.21,3.22,3.2,3.21,174662.0,BTBT
2025-01-30 11:37:00,3.215,3.22,3.21,3.21,19780.0,BTBT
2025-01-30 11:36:00,3.225,3.23,3.21,3.215,89142.0,BTBT
2025-01-30 11:35:00,3.235,3.235,3.21,3.21,109427.0,BTBT
2025-01-30 11:34:00,3.23,3.24,3.23,3.235,9983.0,BTBT
2025-01-30 11:33:00,3.245,3.25,3.23,3.235,60566.0,BTBT
2025-01-30 11:32:00,3.2552,3.26,3.24,3.24,26387.0,BTBT
2025-01-30 11:31:00,3.25,3.2589,3.25,3.255,26933.0,BTBT
2025-01-30 11:30:00,3.25,3.26,3.24,3.2506,110000.0,BTBT
2025-01-30 11:29:00,3.24,3.25,3.24,3.24,16616.0,BTBT
2025-01-30 11:28:00,3.24,3.2499,3.24,3.24,8397.0,BTBT
2025-01-30 11:27:00,3.245,3.25,3.24,3.24,22303.0,BTBT
2025-01-30 11:26:00,3.26,3.26,3.24,3.245,41257.0,BTBT
2025-01-30 11:25:00,3.245,3.26,3.24,3.2582,91976.0,BTBT
2025-01-30 11:24:00,3.245,3.25,3.24,3.24,29210.0,BTBT
2025-01-30 11:23:00,3.235,3.25,3.23,3.24,95352.0,BTBT
2025-01-30 11:22:00,3.235,3.24,3.23,3.235,68416.0,BTBT
2025-01-30 11:21:00,3.23,3.24,3.22,3.23,72128.0,BTBT
2025-01-30 11:20:00,3.22,3.23,3.22,3.22,17102.0,BTBT
2025-01-30 11:19:00,3.215,3.23,3.21,3.22,49211.0,BTBT
2025-01-30 11:18:00,3.2118,3.2261,3.2,3.22,103237.0,BTBT
2025-01-30 11:17:00,3.21,3.22,3.2,3.21,110059.0,BTBT
2025-01-30 11:16:00,3.215,3.22,3.21,3.21,4529.0,BTBT
2025-01-30 11:15:00,3.205,3.23,3.2,3.22,166562.0,BTBT
2025-01-30 11:14:00,3.2101,3.2109,3.2,3.2,100738.0,BTBT
2025-01-30 11:13:00,3.2248,3.23,3.21,3.215,75004.0,BTBT
2025-01-30 11:12:00,3.2193,3.23,3.21,3.2299,69342.0,BTBT
2025-01-30 11:11:00,3.215,3.22,3.2,3.2112,105540.0,BTBT
2025-01-30 11:10:00,3.2048,3.22,3.2,3.215,122243.0,BTBT
2025-01-30 11:09:00,3.2095,3.21,3.2,3.2,28997.0,BTBT
2025-01-30 11:08:00,3.23,3.23,3.2,3.2077,144023.0,BTBT
2025-01-30 11:07:00,3.225,3.23,3.22,3.2201,54268.0,BTBT
2025-01-30 11:06:00,3.23,3.24,3.22,3.22,133596.0,BTBT
2025-01-30 11:05:00,3.22,3.24,3.22,3.23,93612.0,BTBT
2025-01-30 11:04:00,3.225,3.23,3.22,3.22,14705.0,BTBT
2025-01-30 11:03:00,3.23,3.23,3.22,3.225,112433.0,BTBT
2025-01-30 11:02:00,3.23,3.23,3.21,3.22,85281.0,BTBT
2025-01-30 11:01:00,3.2503,3.26,3.22,3.23,184597.0,BTBT
2025-01-30 11:00:00,3.23,3.26,3.22,3.2599,315485.0,BTBT
2025-01-30 10:59:00,3.22,3.23,3.215,3.2202,77468.0,BTBT
2025-01-30 10:58:00,3.245,3.245,3.22,3.22,167002.0,BTBT
2025-01-30 10:57:00,3.235,3.26,3.23,3.2401,100562.0,BTBT
2025-01-30 10:56:00,3.21,3.235,3.21,3.2323,211932.0,BTBT
2025-01-30 10:55:00,3.2286,3.2286,3.21,3.215,134804.0,BTBT
2025-01-30 10:54:00,3.2544,3.26,3.22,3.22,74350.0,BTBT
2025-01-30 10:53:00,3.265,3.27,3.25,3.255,153681.0,BTBT
2025-01-30 10:52:00,3.295,3.3,3.26,3.2619,125457.0,BTBT
2025-01-30 10:51:00,3.2947,3.3,3.29,3.29,12445.0,BTBT
2025-01-30 10:50:00,3.2974,3.2983,3.29,3.29,25271.0,BTBT
2025-01-30 10:49:00,3.305,3.31,3.29,3.295,43191.0,BTBT
2025-01-30 10:48:00,3.2987,3.31,3.29,3.3,186511.0,BTBT
2025-01-30 10:47:00,3.296,3.3,3.29,3.295,73738.0,BTBT
2025-01-30 10:46:00,3.2895,3.3,3.28,3.295,130898.0,BTBT
2025-01-30 10:45:00,3.295,3.3,3.28,3.28,196828.0,BTBT
2025-01-30 10:44:00,3.28,3.3,3.27,3.29,47995.0,BTBT
2025-01-30 10:43:00,3.275,3.28,3.27,3.275,6471.0,BTBT
2025-01-30 10:42:00,3.2767,3.28,3.26,3.27,117170.0,BTBT
2025-01-30 10:41:00,3.2601,3.28,3.26,3.27,140219.0,BTBT
2025-01-30 10:40:00,3.2648,3.28,3.26,3.26,137382.0,BTBT
2025-01-30 10:39:00,3.25,3.27,3.25,3.27,151676.0,BTBT
2025-01-30 10:38:00,3.245,3.26,3.235,3.255,137604.0,BTBT
2025-01-30 10:37:00,3.24,3.25,3.24,3.2499,18704.0,BTBT
2025-01-30 10:36:00,3.245,3.25,3.24,3.24,147047.0,BTBT
2025-01-30 10:35:00,3.2501,3.26,3.24,3.24,28029.0,BTBT
2025-01-30 10:34:00,3.2415,3.26,3.24,3.25,42678.0,BTBT
2025-01-30 10:33:00,3.231,3.2485,3.23,3.2471,17446.0,BTBT
2025-01-30 10:32:00,3.24,3.25,3.23,3.24,44951.0,BTBT
2025-01-30 10:31:00,3.23,3.25,3.23,3.2487,197206.0,BTBT
2025-01-30 10:30:00,3.23,3.24,3.22,3.23,91415.0,BTBT
2025-01-30 10:29:00,3.24,3.25,3.22,3.22,72093.0,BTBT
2025-01-30 10:28:00,3.23,3.24,3.22,3.235,41674.0,BTBT
2025-01-30 10:27:00,3.24,3.24,3.22,3.22,126630.0,BTBT
2025-01-30 10:26:00,3.255,3.255,3.24,3.2438,34631.0,BTBT
2025-01-30 10:25:00,3.275,3.275,3.25,3.255,42667.0,BTBT
2025-01-30 10:24:00,3.2792,3.285,3.27,3.27,38179.0,BTBT
2025-01-30 10:23:00,3.27,3.28,3.26,3.28,6912.0,BTBT
2025-01-30 10:22:00,3.275,3.28,3.2605,3.275,25204.0,BTBT
2025-01-30 10:21:00,3.285,3.3,3.275,3.28,34225.0,BTBT
2025-01-30 10:20:00,3.2688,3.285,3.25,3.285,87141.0,BTBT
2025-01-30 10:19:00,3.26,3.27,3.25,3.26,55075.0,BTBT
2025-01-30 10:18:00,3.26,3.27,3.2555,3.26,7301.0,BTBT
2025-01-30 10:17:00,3.27,3.27,3.25,3.27,66607.0,BTBT
2025-01-30 10:16:00,3.2899,3.29,3.26,3.26,43912.0,BTBT
2025-01-30 10:15:00,3.2801,3.29,3.27,3.2799,99417.0,BTBT
2025-01-30 10:14:00,3.27,3.29,3.27,3.2801,142116.0,BTBT
2025-01-30 10:13:00,3.29,3.29,3.26,3.27,65962.0,BTBT
2025-01-30 10:12:00,3.285,3.3,3.28,3.2905,122805.0,BTBT
2025-01-30 10:11:00,3.2734,3.29,3.27,3.28,23280.0,BTBT
2025-01-30 10:10:00,3.26,3.28,3.26,3.2745,17805.0,BTBT
2025-01-30 10:09:00,3.2599,3.26,3.245,3.25,27016.0,BTBT
2025-01-30 10:08:00,3.28,3.2852,3.2535,3.2565,41811.0,BTBT
2025-01-30 10:07:00,3.285,3.3,3.2704,3.275,101421.0,BTBT
2025-01-30 10:06:00,3.275,3.2852,3.27,3.2852,26885.0,BTBT
2025-01-30 10:05:00,3.2804,3.29,3.26,3.2723,58882.0,BTBT
2025-01-30 10:04:00,3.26,3.29,3.25,3.285,26582.0,BTBT
2025-01-30 10:03:00,3.25,3.26,3.25,3.2548,28261.0,BTBT
2025-01-30 10:02:00,3.255,3.2752,3.25,3.258,35395.0,BTBT
2025-01-30 10:01:00,3.23,3.26,3.23,3.2505,29171.0,BTBT
2025-01-30 10:00:00,3.23,3.245,3.2209,3.2209,55562.0,BTBT
2025-01-30 09:59:00,3.2497,3.25,3.2301,3.24,98474.0,BTBT
2025-01-30 09:58:00,3.2556,3.26,3.24,3.2497,45718.0,BTBT
2025-01-30 09:57:00,3.27,3.275,3.25,3.255,161018.0,BTBT
2025-01-30 09:56:00,3.275,3.28,3.2715,3.275,6320.0,BTBT
2025-01-30 09:55:00,3.295,3.3,3.27,3.275,168086.0,BTBT
2025-01-30 09:54:00,3.285,3.295,3.2841,3.295,28127.0,BTBT
2025-01-30 09:53:00,3.292,3.3,3.2799,3.2799,125163.0,BTBT
2025-01-30 09:52:00,3.315,3.32,3.28,3.3,147189.0,BTBT
2025-01-30 09:51:00,3.295,3.32,3.295,3.3119,49369.0,BTBT
2025-01-30 09:50:00,3.3008,3.31,3.2918,3.3,10358.0,BTBT
2025-01-30 09:49:00,3.295,3.32,3.2907,3.3,153145.0,BTBT
2025-01-30 09:48:00,3.2801,3.3,3.28,3.3,33521.0,BTBT
2025-01-30 09:47:00,3.26,3.3,3.26,3.29,142172.0,BTBT
2025-01-30 09:46:00,3.235,3.255,3.225,3.255,127017.0,BTBT
2025-01-30 09:45:00,3.2505,3.2599,3.23,3.2394,32675.0,BTBT
2025-01-30 09:44:00,3.2606,3.2606,3.24,3.25,32108.0,BTBT
2025-01-30 09:43:00,3.26,3.27,3.245,3.2606,36126.0,BTBT
2025-01-30 09:42:00,3.26,3.2774,3.2501,3.265,37536.0,BTBT
2025-01-30 09:41:00,3.265,3.275,3.255,3.265,33323.0,BTBT
2025-01-30 09:40:00,3.2457,3.275,3.24,3.26,62059.0,BTBT
2025-01-30 09:39:00,3.245,3.25,3.2324,3.2499,17050.0,BTBT
2025-01-30 09:38:00,3.245,3.25,3.2306,3.24,41580.0,BTBT
2025-01-30 09:37:00,3.2101,3.25,3.2021,3.245,317901.0,BTBT
2025-01-30 09:36:00,3.2452,3.2452,3.2002,3.215,97929.0,BTBT
2025-01-30 09:35:00,3.25,3.26,3.2307,3.249,84460.0,BTBT
2025-01-30 09:34:00,3.2308,3.255,3.2301,3.249,79052.0,BTBT
2025-01-30 09:33:00,3.185,3.25,3.185,3.2348,277505.0,BTBT
2025-01-30 09:32:00,3.1703,3.19,3.16,3.1839,56657.0,BTBT
2025-01-30 09:31:00,3.155,3.17,3.135,3.17,134667.0,BTBT
2025-01-30 09:30:00,3.14,3.155,3.12,3.155,139699.0,BTBT
2025-01-30 09:28:00,3.15,3.15,3.15,3.15,1.0,BTBT
2025-01-30 09:26:00,3.16,3.16,3.16,3.16,500.0,BTBT
2025-01-30 09:25:00,3.14,3.15,3.14,3.15,1300.0,BTBT
2025-01-30 09:24:00,3.1502,3.1502,3.12,3.13,3120.0,BTBT
2025-01-30 09:23:00,3.1405,3.1405,3.1405,3.1405,1500.0,BTBT
2025-01-30 09:22:00,3.15,3.1599,3.15,3.1599,1595.0,BTBT
2025-01-30 09:21:00,3.16,3.16,3.15,3.15,210.0,BTBT
2025-01-30 09:20:00,3.141,3.16,3.141,3.1597,2625.0,BTBT
2025-01-30 09:19:00,3.15,3.1595,3.15,3.1595,1246.0,BTBT
2025-01-30 09:18:00,3.16,3.16,3.15,3.16,3200.0,BTBT
2025-01-30 09:16:00,3.17,3.17,3.17,3.17,100.0,BTBT
2025-01-30 09:15:00,3.15,3.17,3.1306,3.17,5290.0,BTBT
2025-01-30 09:14:00,3.13,3.14,3.13,3.14,1150.0,BTBT
2025-01-30 09:13:00,3.1498,3.1498,3.12,3.12,622.0,BTBT
2025-01-30 09:12:00,3.1502,3.16,3.1402,3.1402,2948.0,BTBT
2025-01-30 09:11:00,3.15,3.16,3.15,3.15,2064.0,BTBT
2025-01-30 09:09:00,3.15,3.15,3.15,3.15,3290.0,BTBT
2025-01-30 09:08:00,3.15,3.15,3.14,3.14,1305.0,BTBT
2025-01-30 09:07:00,3.14,3.14,3.14,3.14,20.0,BTBT
2025-01-30 09:05:00,3.15,3.15,3.14,3.1401,1943.0,BTBT
2025-01-30 09:04:00,3.17,3.17,3.15,3.15,4715.0,BTBT
2025-01-30 09:03:00,3.19,3.19,3.17,3.17,1100.0,BTBT
2025-01-30 09:02:00,3.17,3.2,3.17,3.17,2424.0,BTBT
2025-01-30 09:01:00,3.1797,3.1799,3.17,3.17,671.0,BTBT
2025-01-30 09:00:00,3.16,3.17,3.16,3.17,14917.0,BTBT
2025-01-30 08:59:00,3.16,3.17,3.16,3.1699,1640.0,BTBT
2025-01-30 08:58:00,3.15,3.16,3.15,3.16,4320.0,BTBT
2025-01-30 08:57:00,3.1498,3.15,3.1497,3.15,2621.0,BTBT
2025-01-30 08:56:00,3.13,3.14,3.13,3.14,1572.0,BTBT
2025-01-30 08:55:00,3.13,3.13,3.13,3.13,500.0,BTBT
2025-01-30 08:54:00,3.13,3.13,3.13,3.13,1100.0,BTBT
2025-01-30 08:53:00,3.14,3.14,3.14,3.14,250.0,BTBT
2025-01-30 08:52:00,3.14,3.14,3.13,3.13,246.0,BTBT
2025-01-30 08:51:00,3.14,3.14,3.1399,3.1399,200.0,BTBT
2025-01-30 08:50:00,3.13,3.13,3.13,3.13,20.0,BTBT
2025-01-30 08:49:00,3.13,3.1399,3.13,3.1399,2957.0,BTBT
2025-01-30 08:48:00,3.1399,3.1399,3.1399,3.1399,1689.0,BTBT
2025-01-30 08:47:00,3.1497,3.1497,3.14,3.14,18930.0,BTBT
2025-01-30 08:46:00,3.1401,3.1499,3.1401,3.1499,2501.0,BTBT
2025-01-30 08:45:00,3.15,3.15,3.1499,3.1499,1307.0,BTBT
2025-01-30 08:44:00,3.14,3.1499,3.14,3.1499,282.0,BTBT
2025-01-30 08:43:00,3.15,3.15,3.1497,3.1497,220.0,BTBT
2025-01-30 08:42:00,3.1502,3.1502,3.15,3.15,5774.0,BTBT
2025-01-30 08:41:00,3.15,3.1599,3.15,3.1599,6162.0,BTBT
2025-01-30 08:40:00,3.15,3.15,3.15,3.15,132.0,BTBT
2025-01-30 08:39:00,3.1497,3.1497,3.1497,3.1497,25.0,BTBT
2025-01-30 08:38:00,3.15,3.15,3.15,3.15,150.0,BTBT
2025-01-30 08:37:00,3.1402,3.15,3.1402,3.15,1003.0,BTBT
2025-01-30 08:36:00,3.1401,3.15,3.14,3.14,3088.0,BTBT
2025-01-30 08:35:00,3.1498,3.1498,3.14,3.1401,2760.0,BTBT
2025-01-30 08:34:00,3.15,3.15,3.15,3.15,600.0,BTBT
2025-01-30 08:32:00,3.1499,3.15,3.14,3.1498,1410.0,BTBT
2025-01-30 08:31:00,3.15,3.15,3.1498,3.15,371.0,BTBT
2025-01-30 08:30:00,3.14,3.15,3.14,3.1401,4112.0,BTBT
2025-01-30 08:29:00,3.1399,3.1399,3.1399,3.1399,2000.0,BTBT
2025-01-30 08:28:00,3.14,3.14,3.14,3.14,1325.0,BTBT
2025-01-30 08:27:00,3.14,3.14,3.14,3.14,5086.0,BTBT
2025-01-30 08:26:00,3.14,3.1498,3.14,3.1498,1422.0,BTBT
2025-01-30 08:25:00,3.1301,3.14,3.1301,3.14,2503.0,BTBT
2025-01-30 08:24:00,3.15,3.15,3.14,3.14,8700.0,BTBT
2025-01-30 08:23:00,3.1399,3.15,3.13,3.15,12332.0,BTBT
2025-01-30 08:22:00,3.13,3.1399,3.13,3.1302,19350.0,BTBT
2025-01-30 08:21:00,3.12,3.13,3.12,3.13,11200.0,BTBT
2025-01-30 08:20:00,3.12,3.1202,3.1199,3.1202,2168.0,BTBT
2025-01-30 08:19:00,3.1102,3.12,3.1102,3.12,4910.0,BTBT
2025-01-30 08:18:00,3.11,3.11,3.11,3.11,1640.0,BTBT
2025-01-30 08:17:00,3.1102,3.12,3.11,3.1101,9749.0,BTBT
2025-01-30 08:16:00,3.11,3.11,3.1099,3.11,291.0,BTBT
2025-01-30 08:13:00,3.1,3.1,3.1,3.1,1260.0,BTBT
2025-01-30 08:11:00,3.1,3.1,3.1,3.1,581.0,BTBT
2025-01-30 08:10:00,3.0999,3.0999,3.0998,3.0998,970.0,BTBT
2025-01-30 08:09:00,3.09,3.1,3.09,3.0999,9.0,BTBT
2025-01-30 08:08:00,3.1,3.1,3.1,3.1,1525.0,BTBT
2025-01-30 08:07:00,3.1,3.11,3.1,3.11,1500.0,BTBT
2025-01-30 08:06:00,3.1,3.1002,3.1,3.1002,6136.0,BTBT
2025-01-30 08:04:00,3.12,3.12,3.12,3.12,500.0,BTBT
2025-01-30 08:03:00,3.12,3.12,3.1197,3.1197,103.0,BTBT
2025-01-30 08:01:00,3.16,3.16,3.119,3.1199,1941.0,BTBT
2025-01-30 08:00:00,3.08,3.17,3.08,3.1289,46700.0,BTBT
2025-01-30 07:57:00,3.11,3.11,3.11,3.11,55.0,BTBT
2025-01-30 07:44:00,3.091,3.091,3.091,3.091,4.0,BTBT
2025-01-30 07:36:00,3.1,3.1,3.1,3.1,500.0,BTBT
2025-01-30 07:35:00,3.1,3.1,3.1,3.1,6.0,BTBT
2025-01-30 07:34:00,3.09,3.09,3.09,3.09,2604.0,BTBT
2025-01-30 07:33:00,3.09,3.09,3.09,3.09,440.0,BTBT
2025-01-30 07:30:00,3.09,3.09,3.09,3.09,300.0,BTBT
2025-01-30 07:19:00,3.1,3.1,3.1,3.1,1753.0,BTBT
2025-01-30 07:18:00,3.1,3.1,3.1,3.1,1.0,BTBT
2025-01-30 07:17:00,3.1,3.1,3.1,3.1,110.0,BTBT
2025-01-30 07:16:00,3.1,3.1,3.1,3.1,2.0,BTBT
2025-01-30 07:12:00,3.11,3.11,3.11,3.11,15.0,BTBT
2025-01-30 07:09:00,3.11,3.13,3.11,3.13,23.0,BTBT
2025-01-30 07:03:00,3.1,3.1,3.1,3.1,3190.0,BTBT
2025-01-30 07:02:00,3.1,3.1,3.09,3.09,1824.0,BTBT
2025-01-30 07:00:00,3.12,3.12,3.12,3.12,3404.0,BTBT
2025-01-30 06:57:00,3.11,3.11,3.11,3.11,35.0,BTBT
2025-01-30 06:55:00,3.11,3.11,3.11,3.11,3156.0,BTBT
2025-01-30 06:53:00,3.11,3.11,3.1,3.1,201.0,BTBT
2025-01-30 06:51:00,3.11,3.11,3.1,3.11,218.0,BTBT
2025-01-30 06:42:00,3.12,3.12,3.11,3.11,5123.0,BTBT
2025-01-30 06:36:00,3.125,3.125,3.125,3.125,10.0,BTBT
2025-01-30 06:30:00,3.12,3.12,3.12,3.12,2.0,BTBT
2025-01-30 06:23:00,3.13,3.13,3.13,3.13,37.0,BTBT
2025-01-30 06:16:00,3.13,3.13,3.13,3.13,2800.0,BTBT
2025-01-30 06:12:00,3.14,3.14,3.14,3.14,1.0,BTBT
2025-01-30 06:11:00,3.13,3.13,3.13,3.13,1000.0,BTBT
2025-01-30 06:09:00,3.13,3.13,3.13,3.13,755.0,BTBT
2025-01-30 06:07:00,3.13,3.13,3.13,3.13,40.0,BTBT
2025-01-30 06:03:00,3.12,3.12,3.12,3.12,150.0,BTBT
2025-01-30 05:54:00,3.13,3.13,3.13,3.13,100.0,BTBT
2025-01-30 05:49:00,3.13,3.13,3.13,3.13,2200.0,BTBT
2025-01-30 05:46:00,3.13,3.13,3.13,3.13,800.0,BTBT
2025-01-30 05:37:00,3.125,3.125,3.125,3.125,50.0,BTBT
2025-01-30 05:31:00,3.13,3.13,3.13,3.13,23.0,BTBT
2025-01-30 05:30:00,3.13,3.13,3.13,3.13,800.0,BTBT
2025-01-30 05:26:00,3.13,3.13,3.13,3.13,200.0,BTBT
2025-01-30 05:24:00,3.13,3.13,3.13,3.13,816.0,BTBT
2025-01-30 05:23:00,3.12,3.12,3.12,3.12,900.0,BTBT
2025-01-30 05:22:00,3.13,3.13,3.12,3.12,1120.0,BTBT
2025-01-30 05:16:00,3.12,3.12,3.12,3.12,40.0,BTBT
2025-01-30 05:15:00,3.12,3.12,3.12,3.12,30.0,BTBT
2025-01-30 05:13:00,3.13,3.13,3.13,3.13,100.0,BTBT
2025-01-30 05:11:00,3.13,3.13,3.13,3.13,131.0,BTBT
2025-01-30 05:04:00,3.13,3.13,3.13,3.13,10.0,BTBT
2025-01-30 05:03:00,3.13,3.13,3.13,3.13,1400.0,BTBT
2025-01-30 05:02:00,3.13,3.13,3.13,3.13,5545.0,BTBT
2025-01-30 04:55:00,3.13,3.13,3.13,3.13,1000.0,BTBT
2025-01-30 04:54:00,3.12,3.13,3.12,3.13,2050.0,BTBT
2025-01-30 04:53:00,3.12,3.12,3.12,3.12,50.0,BTBT
2025-01-30 04:52:00,3.12,3.12,3.12,3.12,160.0,BTBT
2025-01-30 04:49:00,3.11,3.11,3.11,3.11,100.0,BTBT
2025-01-30 04:47:00,3.12,3.12,3.12,3.12,10.0,BTBT
2025-01-30 04:46:00,3.11,3.12,3.11,3.12,600.0,BTBT
2025-01-30 04:36:00,3.11,3.11,3.11,3.11,200.0,BTBT
2025-01-30 04:34:00,3.11,3.11,3.11,3.11,5.0,BTBT
2025-01-30 04:32:00,3.11,3.11,3.11,3.11,260.0,BTBT
2025-01-30 04:30:00,3.12,3.12,3.12,3.12,150.0,BTBT
2025-01-30 04:24:00,3.12,3.12,3.12,3.12,10.0,BTBT
2025-01-30 04:22:00,3.12,3.12,3.12,3.12,690.0,BTBT
2025-01-30 04:13:00,3.1,3.11,3.1,3.11,6842.0,BTBT
2025-01-30 04:12:00,3.1,3.1,3.1,3.1,340.0,BTBT
2025-01-30 04:11:00,3.09,3.09,3.09,3.09,3100.0,BTBT
2025-01-30 04:08:00,3.08,3.08,3.08,3.08,1441.0,BTBT
2025-01-30 04:07:00,3.08,3.08,3.08,3.08,601.0,BTBT
2025-01-30 04:06:00,3.09,3.09,3.09,3.09,850.0,BTBT
2025-01-30 04:05:00,3.09,3.09,3.09,3.09,11.0,BTBT
2025-01-30 04:04:00,3.09,3.09,3.09,3.09,3229.0,BTBT
2025-01-30 04:03:00,3.09,3.09,3.09,3.09,120.0,BTBT
2025-01-30 04:02:00,3.09,3.09,3.09,3.09,60.0,BTBT
2025-01-30 04:00:00,3.1,3.16,3.09,3.09,10468.0,BTBT
2025-01-29 19:59:00,3.0695,3.0695,3.0694,3.0694,600.0,BTBT
2025-01-29 19:54:00,3.07,3.07,3.07,3.07,50.0,BTBT
2025-01-29 19:49:00,3.07,3.07,3.07,3.07,5.0,BTBT
2025-01-29 19:33:00,3.06,3.06,3.06,3.06,800.0,BTBT
2025-01-29 19:31:00,3.05,3.0501,3.0499,3.0501,3200.0,BTBT
2025-01-29 19:28:00,3.05,3.05,3.0496,3.05,10310.0,BTBT
2025-01-29 19:27:00,3.0591,3.06,3.0591,3.0599,3524.0,BTBT
2025-01-29 19:12:00,3.0501,3.0598,3.05,3.05,510.0,BTBT
2025-01-29 19:10:00,3.06,3.06,3.06,3.06,920.0,BTBT
2025-01-29 19:09:00,3.06,3.06,3.06,3.06,200.0,BTBT
2025-01-29 19:06:00,3.06,3.06,3.06,3.06,1.0,BTBT
2025-01-29 19:05:00,3.06,3.06,3.06,3.06,1854.0,BTBT
2025-01-29 19:03:00,3.07,3.07,3.07,3.07,25.0,BTBT
2025-01-29 19:02:00,3.07,3.07,3.07,3.07,1.0,BTBT
2025-01-29 19:01:00,3.06,3.06,3.06,3.06,50.0,BTBT
2025-01-29 18:58:00,3.0602,3.0602,3.0602,3.0602,699.0,BTBT
2025-01-29 18:56:00,3.06,3.06,3.06,3.06,200.0,BTBT
2025-01-29 18:41:00,3.06,3.06,3.06,3.06,50.0,BTBT
2025-01-29 18:40:00,3.05,3.05,3.05,3.05,4.0,BTBT
2025-01-29 18:39:00,3.06,3.06,3.05,3.05,1000.0,BTBT
2025-01-29 18:36:00,3.07,3.07,3.07,3.07,5.0,BTBT
2025-01-29 18:33:00,3.07,3.07,3.07,3.07,100.0,BTBT
2025-01-29 18:30:00,3.0501,3.06,3.0501,3.06,301.0,BTBT
2025-01-29 18:29:00,3.07,3.07,3.07,3.07,100.0,BTBT
2025-01-29 18:28:00,3.05,3.07,3.05,3.07,103.0,BTBT
2025-01-29 18:27:00,3.07,3.07,3.07,3.07,1.0,BTBT
2025-01-29 18:25:00,3.06,3.06,3.06,3.06,500.0,BTBT
2025-01-29 18:24:00,3.05,3.05,3.05,3.05,1000.0,BTBT
2025-01-29 18:19:00,3.06,3.06,3.0326,3.0326,480.0,BTBT
2025-01-29 18:18:00,3.07,3.07,3.07,3.07,100.0,BTBT
2025-01-29 18:16:00,3.07,3.07,3.07,3.07,100.0,BTBT
2025-01-29 18:13:00,3.07,3.07,3.07,3.07,2.0,BTBT
2025-01-29 18:12:00,3.0691,3.0691,3.0506,3.0506,37.0,BTBT
2025-01-29 18:11:00,3.05,3.05,3.05,3.05,4389.0,BTBT
2025-01-29 18:10:00,3.07,3.07,3.07,3.07,1000.0,BTBT
2025-01-29 18:06:00,3.06,3.06,3.06,3.06,2.0,BTBT
2025-01-29 18:05:00,3.07,3.07,3.07,3.07,1000.0,BTBT
2025-01-29 18:03:00,3.06,3.06,3.06,3.06,30.0,BTBT
2025-01-29 18:00:00,3.05,3.05,3.05,3.05,1.0,BTBT
2025-01-29 17:57:00,3.0698,3.0698,3.0698,3.0698,2.0,BTBT
2025-01-29 17:56:00,3.05,3.05,3.04,3.04,3000.0,BTBT
2025-01-29 17:54:00,3.07,3.07,3.07,3.07,2.0,BTBT
2025-01-29 17:53:00,3.07,3.07,3.0699,3.0699,2000.0,BTBT
2025-01-29 17:52:00,3.05,3.05,3.05,3.05,1.0,BTBT
2025-01-29 17:50:00,3.07,3.07,3.07,3.07,100.0,BTBT
2025-01-29 17:49:00,3.07,3.07,3.07,3.07,2000.0,BTBT
2025-01-29 17:48:00,3.05,3.07,3.05,3.07,1152.0,BTBT
2025-01-29 17:47:00,3.0498,3.0498,3.0498,3.0498,300.0,BTBT
2025-01-29 17:46:00,3.05,3.05,3.05,3.05,80.0,BTBT
2025-01-29 17:38:00,3.05,3.05,3.0499,3.0499,2.0,BTBT
2025-01-29 17:36:00,3.05,3.05,3.05,3.05,50.0,BTBT
2025-01-29 17:34:00,3.06,3.06,3.03,3.04,17885.0,BTBT
2025-01-29 17:32:00,3.07,3.07,3.07,3.07,120.0,BTBT
2025-01-29 17:31:00,3.07,3.07,3.07,3.07,14.0,BTBT
2025-01-29 17:29:00,3.07,3.07,3.07,3.07,53.0,BTBT
2025-01-29 17:28:00,3.06,3.06,3.06,3.06,808.0,BTBT
2025-01-29 17:27:00,3.07,3.07,3.07,3.07,1.0,BTBT
2025-01-29 17:26:00,3.07,3.07,3.07,3.07,2.0,BTBT
2025-01-29 17:24:00,3.0698,3.0698,3.0698,3.0698,10.0,BTBT
2025-01-29 17:20:00,3.07,3.07,3.07,3.07,10.0,BTBT
2025-01-29 17:18:00,3.06,3.06,3.06,3.06,500.0,BTBT
2025-01-29 17:15:00,3.07,3.07,3.07,3.07,5.0,BTBT
2025-01-29 17:14:00,3.06,3.06,3.06,3.06,2.0,BTBT
2025-01-29 17:13:00,3.0699,3.0699,3.0699,3.0699,1.0,BTBT
2025-01-29 17:11:00,3.06,3.06,3.06,3.06,200.0,BTBT
2025-01-29 17:09:00,3.07,3.07,3.07,3.07,428.0,BTBT
2025-01-29 17:08:00,3.05,3.05,3.05,3.05,4.0,BTBT
2025-01-29 17:07:00,3.06,3.06,3.06,3.06,7.0,BTBT
2025-01-29 17:05:00,3.07,3.07,3.07,3.07,200.0,BTBT
2025-01-29 17:02:00,3.06,3.0696,3.06,3.0696,601.0,BTBT
2025-01-29 17:01:00,3.07,3.07,3.06,3.06,506.0,BTBT
2025-01-29 17:00:00,3.06,3.06,3.06,3.06,1.0,BTBT
2025-01-29 16:59:00,3.06,3.06,3.06,3.06,75.0,BTBT
2025-01-29 16:58:00,3.06,3.06,3.06,3.06,25.0,BTBT
2025-01-29 16:57:00,3.07,3.07,3.07,3.07,150.0,BTBT
2025-01-29 16:56:00,3.07,3.07,3.07,3.07,3.0,BTBT
2025-01-29 16:55:00,3.06,3.06,3.06,3.06,4000.0,BTBT
2025-01-29 16:54:00,3.07,3.07,3.07,3.07,525.0,BTBT
2025-01-29 16:53:00,3.07,3.07,3.07,3.07,50.0,BTBT
2025-01-29 16:52:00,3.05,3.05,3.05,3.05,30.0,BTBT
2025-01-29 16:51:00,3.06,3.06,3.0509,3.06,101.0,BTBT
2025-01-29 16:50:00,3.06,3.06,3.06,3.06,1000.0,BTBT
2025-01-29 16:49:00,3.07,3.07,3.07,3.07,110.0,BTBT
2025-01-29 16:48:00,3.0698,3.07,3.0698,3.07,1150.0,BTBT
2025-01-29 16:47:00,3.0699,3.0699,3.0699,3.0699,350.0,BTBT
2025-01-29 16:46:00,3.0698,3.0698,3.0698,3.0698,100.0,BTBT
2025-01-29 16:44:00,3.07,3.07,3.07,3.07,1115.0,BTBT
2025-01-29 16:43:00,3.07,3.0794,3.06,3.0699,109.0,BTBT
2025-01-29 16:42:00,3.0699,3.0797,3.0601,3.0797,1176.0,BTBT
2025-01-29 16:41:00,3.0699,3.07,3.0698,3.07,805.0,BTBT
2025-01-29 16:40:00,3.07,3.07,3.0699,3.0699,2002.0,BTBT
2025-01-29 16:39:00,3.0698,3.07,3.0698,3.07,150.0,BTBT
2025-01-29 16:38:00,3.06,3.07,3.06,3.07,15001.0,BTBT
2025-01-29 16:36:00,3.06,3.06,3.06,3.06,1877.0,BTBT
2025-01-29 16:35:00,3.06,3.06,3.06,3.06,5050.0,BTBT
2025-01-29 16:32:00,3.06,3.06,3.0597,3.0597,410.0,BTBT
2025-01-29 16:31:00,3.0599,3.0599,3.0599,3.0599,25.0,BTBT
2025-01-29 16:29:00,3.06,3.06,3.06,3.06,70.0,BTBT
2025-01-29 16:28:00,3.05,3.0599,3.05,3.0599,304.0,BTBT
2025-01-29 16:27:00,3.05,3.05,3.05,3.05,701.0,BTBT
2025-01-29 16:23:00,3.06,3.06,3.06,3.06,784.0,BTBT
2025-01-29 16:22:00,3.05,3.05,3.05,3.05,300.0,BTBT
2025-01-29 16:15:00,3.05,3.05,3.05,3.05,1.0,BTBT
2025-01-29 16:14:00,3.06,3.06,3.0502,3.0502,4500.0,BTBT
2025-01-29 16:13:00,3.0502,3.0502,3.0502,3.0502,1200.0,BTBT
2025-01-29 16:11:00,3.05,3.06,3.05,3.05,3783.0,BTBT
2025-01-29 16:10:00,3.06,3.06,3.03,3.05,5904.0,BTBT
2025-01-29 16:09:00,3.06,3.06,3.06,3.06,651.0,BTBT
2025-01-29 16:08:00,3.0607,3.0607,3.06,3.06,122.0,BTBT
2025-01-29 16:07:00,3.08,3.0801,3.05,3.06,6056.0,BTBT
2025-01-29 16:05:00,3.05,3.05,3.05,3.05,2.0,BTBT
2025-01-29 16:02:00,3.0797,3.0797,3.0797,3.0797,2300.0,BTBT
2025-01-29 16:01:00,3.05,3.08,3.05,3.05,3402.0,BTBT
2025-01-29 16:00:00,3.06,3.06,3.05,3.05,534190.0,BTBT
2025-01-29 15:59:00,3.07,3.07,3.05,3.06,79543.0,BTBT
2025-01-29 15:58:00,3.06,3.07,3.06,3.0684,25924.0,BTBT
2025-01-29 15:57:00,3.075,3.0752,3.06,3.065,62904.0,BTBT
2025-01-29 15:56:00,3.0653,3.07,3.06,3.07,49502.0,BTBT
2025-01-29 15:55:00,3.0615,3.065,3.0615,3.0628,2711.0,BTBT
2025-01-29 15:54:00,3.06,3.07,3.055,3.065,110864.0,BTBT
2025-01-29 15:53:00,3.05,3.055,3.05,3.0508,9249.0,BTBT
2025-01-29 15:52:00,3.065,3.07,3.05,3.055,57714.0,BTBT
2025-01-29 15:51:00,3.0731,3.0788,3.0627,3.07,43683.0,BTBT
2025-01-29 15:50:00,3.06,3.08,3.06,3.0765,39337.0,BTBT
2025-01-29 15:49:00,3.055,3.06,3.055,3.06,4871.0,BTBT
2025-01-29 15:48:00,3.055,3.0597,3.05,3.055,4443.0,BTBT
2025-01-29 15:47:00,3.06,3.0652,3.05,3.0568,18778.0,BTBT
2025-01-29 15:46:00,3.06,3.06,3.05,3.055,13790.0,BTBT
2025-01-29 15:45:00,3.055,3.065,3.05,3.06,37559.0,BTBT
2025-01-29 15:44:00,3.06,3.06,3.05,3.05,3024.0,BTBT
2025-01-29 15:43:00,3.0501,3.06,3.05,3.06,7820.0,BTBT
2025-01-29 15:42:00,3.06,3.06,3.05,3.0501,13822.0,BTBT
2025-01-29 15:41:00,3.06,3.065,3.06,3.065,25059.0,BTBT
2025-01-29 15:40:00,3.05,3.055,3.0401,3.055,21400.0,BTBT
2025-01-29 15:39:00,3.065,3.065,3.05,3.05,43284.0,BTBT
2025-01-29 15:38:00,3.065,3.0652,3.06,3.0603,11478.0,BTBT
2025-01-29 15:37:00,3.0646,3.0687,3.055,3.06,25355.0,BTBT
2025-01-29 15:36:00,3.06,3.065,3.05,3.065,35298.0,BTBT
2025-01-29 15:35:00,3.07,3.07,3.06,3.0621,15838.0,BTBT
2025-01-29 15:34:00,3.08,3.0802,3.07,3.075,47786.0,BTBT
2025-01-29 15:33:00,3.08,3.0899,3.075,3.085,17133.0,BTBT
2025-01-29 15:32:00,3.0713,3.09,3.0713,3.08,10161.0,BTBT
2025-01-29 15:31:00,3.0617,3.08,3.0601,3.07,41358.0,BTBT
2025-01-29 15:30:00,3.075,3.075,3.06,3.0625,23284.0,BTBT
2025-01-29 15:29:00,3.085,3.09,3.08,3.08,70607.0,BTBT
2025-01-29 15:28:00,3.075,3.085,3.0613,3.085,54423.0,BTBT
2025-01-29 15:27:00,3.07,3.08,3.07,3.0793,29841.0,BTBT
2025-01-29 15:26:00,3.06,3.07,3.0511,3.06,27713.0,BTBT
2025-01-29 15:25:00,3.04,3.06,3.04,3.06,10520.0,BTBT
2025-01-29 15:24:00,3.035,3.05,3.035,3.0495,21935.0,BTBT
2025-01-29 15:23:00,3.035,3.0352,3.03,3.035,22467.0,BTBT
2025-01-29 15:22:00,3.02,3.035,3.02,3.035,65376.0,BTBT
2025-01-29 15:21:00,3.005,3.0199,3.005,3.015,11596.0,BTBT
2025-01-29 15:20:00,3.0,3.01,3.0,3.005,11381.0,BTBT
2025-01-29 15:19:00,3.0,3.0,2.99,2.9985,15478.0,BTBT
2025-01-29 15:18:00,2.9882,2.995,2.985,2.995,11396.0,BTBT
2025-01-29 15:17:00,2.98,2.985,2.98,2.9805,5772.0,BTBT
2025-01-29 15:16:00,2.995,2.995,2.9848,2.988,8607.0,BTBT
2025-01-29 15:15:00,3.0,3.0052,2.99,2.995,22295.0,BTBT
2025-01-29 15:14:00,2.995,3.0,2.985,3.0,19611.0,BTBT
2025-01-29 15:13:00,3.015,3.015,2.99,2.9901,53704.0,BTBT
2025-01-29 15:12:00,3.0124,3.02,3.0124,3.015,11191.0,BTBT
2025-01-29 15:11:00,3.0209,3.0209,3.01,3.0143,33222.0,BTBT
2025-01-29 15:10:00,3.005,3.025,3.005,3.025,63875.0,BTBT
2025-01-29 15:09:00,3.01,3.02,3.0,3.0,63477.0,BTBT
2025-01-29 15:08:00,3.0,3.0199,3.0,3.0,46106.0,BTBT
2025-01-29 15:07:00,3.0065,3.01,3.0,3.005,29156.0,BTBT
2025-01-29 15:06:00,3.0,3.005,2.995,3.0005,33584.0,BTBT
2025-01-29 15:05:00,2.97,2.9982,2.97,2.9982,21912.0,BTBT
2025-01-29 15:04:00,2.98,2.985,2.97,2.97,54405.0,BTBT
2025-01-29 15:03:00,2.9853,2.9969,2.98,2.98,54486.0,BTBT
2025-01-29 15:02:00,3.005,3.005,2.985,2.985,34526.0,BTBT
2025-01-29 15:01:00,2.995,3.0048,2.99,3.0001,37379.0,BTBT
2025-01-29 15:00:00,3.005,3.01,2.99,2.995,52901.0,BTBT
2025-01-29 14:59:00,3.0152,3.0152,3.0,3.0001,32335.0,BTBT
2025-01-29 14:58:00,3.0201,3.0201,3.01,3.015,32303.0,BTBT
2025-01-29 14:57:00,3.01,3.0248,3.0,3.0243,106270.0,BTBT
2025-01-29 14:56:00,3.0066,3.015,3.0017,3.005,88041.0,BTBT
2025-01-29 14:55:00,3.025,3.0285,3.005,3.01,72068.0,BTBT
2025-01-29 14:54:00,3.025,3.03,3.01,3.0257,96338.0,BTBT
2025-01-29 14:53:00,3.035,3.04,3.025,3.0333,32066.0,BTBT
2025-01-29 14:52:00,3.025,3.0399,3.025,3.0348,42323.0,BTBT
2025-01-29 14:51:00,3.01,3.03,3.01,3.02,44626.0,BTBT
2025-01-29 14:50:00,3.025,3.03,3.01,3.01,82609.0,BTBT
2025-01-29 14:49:00,3.035,3.035,3.015,3.03,16301.0,BTBT
2025-01-29 14:48:00,3.065,3.069,3.04,3.04,64435.0,BTBT
2025-01-29 14:47:00,3.055,3.065,3.05,3.065,18977.0,BTBT
2025-01-29 14:46:00,3.0415,3.0599,3.04,3.0509,42817.0,BTBT
2025-01-29 14:45:00,3.05,3.05,3.03,3.0401,49301.0,BTBT
2025-01-29 14:44:00,3.04,3.0499,3.0348,3.0478,36750.0,BTBT
2025-01-29 14:43:00,3.0489,3.05,3.02,3.03,38282.0,BTBT
2025-01-29 14:42:00,3.055,3.055,3.045,3.045,30200.0,BTBT
2025-01-29 14:41:00,3.035,3.0599,3.035,3.0599,42545.0,BTBT
2025-01-29 14:40:00,3.01,3.035,3.01,3.0335,115128.0,BTBT
2025-01-29 14:39:00,2.995,3.01,2.99,3.0,66861.0,BTBT
2025-01-29 14:38:00,2.98,2.9999,2.98,2.99,51742.0,BTBT
2025-01-29 14:37:00,2.9685,2.975,2.96,2.975,13748.0,BTBT
2025-01-29 14:36:00,2.965,2.97,2.965,2.97,1449.0,BTBT
2025-01-29 14:35:00,2.975,2.975,2.965,2.965,8369.0,BTBT
2025-01-29 14:34:00,2.96,2.97,2.96,2.97,7517.0,BTBT
2025-01-29 14:33:00,2.97,2.9799,2.96,2.9687,43711.0,BTBT
2025-01-29 14:32:00,2.96,2.97,2.9501,2.965,49412.0,BTBT
2025-01-29 14:31:00,2.94,2.96,2.94,2.95,18411.0,BTBT
2025-01-29 14:30:00,2.935,2.9452,2.93,2.93,17435.0,BTBT
2025-01-29 14:29:00,2.95,2.95,2.93,2.9309,19629.0,BTBT
2025-01-29 14:28:00,2.9489,2.9489,2.94,2.94,3896.0,BTBT
2025-01-29 14:27:00,2.945,2.95,2.9448,2.9448,8396.0,BTBT
2025-01-29 14:26:00,2.94,2.9497,2.94,2.9497,1278.0,BTBT
2025-01-29 14:25:00,2.945,2.945,2.94,2.945,3896.0,BTBT
2025-01-29 14:24:00,2.945,2.95,2.945,2.945,1365.0,BTBT
2025-01-29 14:23:00,2.9469,2.95,2.94,2.94,3917.0,BTBT
2025-01-29 14:22:00,2.9418,2.95,2.9418,2.943,2944.0,BTBT
2025-01-29 14:21:00,2.9383,2.945,2.9383,2.945,13405.0,BTBT
2025-01-29 14:20:00,2.9372,2.94,2.93,2.9333,3354.0,BTBT
2025-01-29 14:19:00,2.93,2.94,2.93,2.94,16652.0,BTBT
2025-01-29 14:18:00,2.9267,2.93,2.92,2.9289,3513.0,BTBT
2025-01-29 14:17:00,2.9387,2.9387,2.9282,2.9293,7076.0,BTBT
2025-01-29 14:16:00,2.93,2.9352,2.9274,2.9321,28053.0,BTBT
2025-01-29 14:15:00,2.94,2.94,2.93,2.9382,9566.0,BTBT
2025-01-29 14:14:00,2.9324,2.95,2.9324,2.9474,10544.0,BTBT
2025-01-29 14:13:00,2.925,2.94,2.92,2.9399,18378.0,BTBT
2025-01-29 14:12:00,2.925,2.93,2.92,2.925,9616.0,BTBT
2025-01-29 14:11:00,2.925,2.925,2.92,2.925,45141.0,BTBT
2025-01-29 14:10:00,2.94,2.94,2.92,2.9291,86712.0,BTBT
2025-01-29 14:09:00,2.9464,2.9484,2.93,2.94,79353.0,BTBT
2025-01-29 14:08:00,2.96,2.96,2.9492,2.9492,12548.0,BTBT
2025-01-29 14:07:00,2.955,2.9557,2.95,2.955,6468.0,BTBT
2025-01-29 14:06:00,2.955,2.9691,2.95,2.9581,22615.0,BTBT
2025-01-29 14:05:00,2.955,2.955,2.95,2.955,14065.0,BTBT
2025-01-29 14:04:00,2.955,2.955,2.95,2.955,39277.0,BTBT
2025-01-29 14:03:00,2.96,2.96,2.9513,2.9595,2453.0,BTBT
2025-01-29 14:02:00,2.965,2.9685,2.96,2.96,10668.0,BTBT
2025-01-29 14:01:00,2.96,2.96,2.95,2.96,22705.0,BTBT
2025-01-29 14:00:00,3.0,3.0,2.96,2.96,129769.0,BTBT
2025-01-29 13:59:00,3.0,3.01,3.0,3.01,883.0,BTBT
2025-01-29 13:58:00,3.005,3.005,3.005,3.005,1239.0,BTBT
2025-01-29 13:57:00,3.005,3.01,3.0,3.005,3808.0,BTBT
2025-01-29 13:56:00,3.005,3.01,3.005,3.0089,11199.0,BTBT
2025-01-29 13:55:00,3.005,3.01,3.0005,3.005,1402.0,BTBT
2025-01-29 13:54:00,3.005,3.01,3.0,3.0,11367.0,BTBT
2025-01-29 13:53:00,3.005,3.01,3.0001,3.0001,7119.0,BTBT
2025-01-29 13:52:00,3.005,3.01,3.0008,3.0008,5242.0,BTBT
2025-01-29 13:51:00,3.0,3.005,3.0,3.005,357.0,BTBT
2025-01-29 13:50:00,3.0,3.005,3.0,3.0,9647.0,BTBT
2025-01-29 13:49:00,3.0,3.005,3.0,3.005,3981.0,BTBT
2025-01-29 13:48:00,3.01,3.01,3.005,3.0052,11113.0,BTBT
2025-01-29 13:47:00,3.005,3.0063,3.005,3.0063,1539.0,BTBT
2025-01-29 13:46:00,3.005,3.005,3.005,3.005,2752.0,BTBT
2025-01-29 13:45:00,3.005,3.005,3.0,3.0,2603.0,BTBT
2025-01-29 13:44:00,3.01,3.01,3.005,3.005,4974.0,BTBT
2025-01-29 13:43:00,3.0012,3.005,3.0,3.002,3200.0,BTBT
2025-01-29 13:42:00,3.0099,3.0099,3.0,3.0,2951.0,BTBT
2025-01-29 13:41:00,3.015,3.015,3.005,3.005,13152.0,BTBT
2025-01-29 13:40:00,3.02,3.02,3.01,3.01,855.0,BTBT
2025-01-29 13:39:00,3.0148,3.02,3.01,3.02,1361.0,BTBT
2025-01-29 13:38:00,3.01,3.01,3.01,3.01,5537.0,BTBT
2025-01-29 13:37:00,3.015,3.015,3.01,3.01,11751.0,BTBT
2025-01-29 13:36:00,3.02,3.025,3.01,3.0193,53222.0,BTBT
2025-01-29 13:35:00,3.0287,3.03,3.025,3.025,1457.0,BTBT
2025-01-29 13:34:00,3.03,3.03,3.02,3.025,16814.0,BTBT
2025-01-29 13:33:00,3.025,3.03,3.0201,3.025,20842.0,BTBT
2025-01-29 13:32:00,3.0292,3.03,3.02,3.025,12852.0,BTBT
2025-01-29 13:31:00,3.015,3.03,3.015,3.0295,42657.0,BTBT
2025-01-29 13:30:00,3.01,3.02,3.01,3.02,20898.0,BTBT
2025-01-29 13:29:00,3.005,3.005,3.005,3.005,307.0,BTBT
2025-01-29 13:28:00,3.01,3.01,3.0,3.0099,15134.0,BTBT
2025-01-29 13:27:00,3.0,3.0093,3.0,3.005,1738.0,BTBT
2025-01-29 13:26:00,3.01,3.01,3.0005,3.0005,6080.0,BTBT
2025-01-29 13:25:00,3.0094,3.0199,3.0,3.005,54733.0,BTBT
2025-01-29 13:24:00,2.9999,3.005,2.995,3.0048,9825.0,BTBT
2025-01-29 13:23:00,2.995,2.995,2.995,2.995,11204.0,BTBT
2025-01-29 13:22:00,2.99,2.99,2.99,2.99,135.0,BTBT
2025-01-29 13:21:00,2.995,2.995,2.99,2.99,8918.0,BTBT
2025-01-29 13:20:00,2.995,2.9989,2.995,2.995,2519.0,BTBT
2025-01-29 13:19:00,2.995,2.9991,2.99,2.9983,2846.0,BTBT
2025-01-29 13:18:00,3.0052,3.0074,2.9993,2.9993,10382.0,BTBT
2025-01-29 13:17:00,3.005,3.0052,3.0,3.0048,1839.0,BTBT
2025-01-29 13:16:00,3.005,3.005,3.0,3.005,3054.0,BTBT
2025-01-29 13:15:00,3.0,3.01,2.99,3.0001,29216.0,BTBT
2025-01-29 13:14:00,2.9997,3.0099,2.9997,3.005,32095.0,BTBT
2025-01-29 13:13:00,2.99,3.0,2.99,2.995,17521.0,BTBT
2025-01-29 13:12:00,2.99,2.99,2.99,2.99,318.0,BTBT
2025-01-29 13:11:00,2.9912,2.9983,2.98,2.9899,101377.0,BTBT
2025-01-29 13:10:00,3.0,3.0053,2.9994,2.9994,10317.0,BTBT
2025-01-29 13:09:00,3.005,3.0082,3.0,3.005,4606.0,BTBT
2025-01-29 13:08:00,3.0,3.005,2.9999,3.005,17064.0,BTBT
2025-01-29 13:07:00,2.99,3.0,2.99,3.0,37676.0,BTBT
2025-01-29 13:06:00,2.9751,2.99,2.97,2.9848,34376.0,BTBT
2025-01-29 13:05:00,2.9798,2.98,2.97,2.9795,37214.0,BTBT
2025-01-29 13:04:00,2.98,2.9899,2.97,2.97,48300.0,BTBT
2025-01-29 13:03:00,2.9811,2.99,2.97,2.975,71788.0,BTBT
2025-01-29 13:02:00,2.99,3.0,2.98,2.9881,88826.0,BTBT
2025-01-29 13:01:00,3.01,3.015,2.99,2.9918,63628.0,BTBT
2025-01-29 13:00:00,3.0,3.015,3.0,3.0103,32639.0,BTBT
2025-01-29 12:59:00,3.005,3.01,3.0,3.01,30334.0,BTBT
2025-01-29 12:58:00,3.0105,3.0132,3.0,3.0082,56248.0,BTBT
2025-01-29 12:57:00,3.01,3.02,3.01,3.015,4994.0,BTBT
2025-01-29 12:56:00,3.015,3.015,3.01,3.015,1192.0,BTBT
2025-01-29 12:55:00,3.02,3.02,3.0118,3.015,22977.0,BTBT
2025-01-29 12:54:00,3.02,3.02,3.02,3.02,286.0,BTBT
2025-01-29 12:53:00,3.005,3.0156,3.005,3.0156,18867.0,BTBT
2025-01-29 12:52:00,3.02,3.02,3.0,3.0,26520.0,BTBT
2025-01-29 12:51:00,3.0244,3.0262,3.015,3.015,66708.0,BTBT
2025-01-29 12:50:00,3.025,3.03,3.015,3.0299,79124.0,BTBT
2025-01-29 12:49:00,3.025,3.03,3.02,3.0284,17665.0,BTBT
2025-01-29 12:48:00,3.025,3.025,3.025,3.025,4634.0,BTBT
2025-01-29 12:47:00,3.02,3.0267,3.02,3.0267,741.0,BTBT
2025-01-29 12:46:00,3.025,3.025,3.02,3.025,2182.0,BTBT
2025-01-29 12:45:00,3.025,3.03,3.025,3.03,13237.0,BTBT
2025-01-29 12:44:00,3.0208,3.025,3.02,3.02,28258.0,BTBT
2025-01-29 12:43:00,3.0328,3.035,3.0213,3.0252,39263.0,BTBT
2025-01-29 12:42:00,3.035,3.05,3.03,3.04,71284.0,BTBT
2025-01-29 12:41:00,3.04,3.04,3.025,3.0386,43873.0,BTBT
2025-01-29 12:40:00,3.0348,3.04,3.03,3.035,7160.0,BTBT
2025-01-29 12:39:00,3.045,3.05,3.035,3.035,17616.0,BTBT
2025-01-29 12:38:00,3.0287,3.05,3.0274,3.0407,68461.0,BTBT
2025-01-29 12:37:00,3.02,3.03,3.02,3.025,5349.0,BTBT
2025-01-29 12:36:00,3.02,3.029,3.02,3.025,7549.0,BTBT
2025-01-29 12:35:00,3.03,3.03,3.02,3.025,3862.0,BTBT
2025-01-29 12:34:00,3.0299,3.03,3.025,3.025,8101.0,BTBT
2025-01-29 12:33:00,3.0182,3.0287,3.0182,3.025,37461.0,BTBT
2025-01-29 12:32:00,3.0299,3.0299,3.015,3.015,8767.0,BTBT
2025-01-29 12:31:00,3.015,3.0293,3.015,3.0233,54805.0,BTBT
2025-01-29 12:30:00,3.01,3.02,3.01,3.015,15957.0,BTBT
2025-01-29 12:29:00,3.005,3.0099,3.0,3.0098,55085.0,BTBT
2025-01-29 12:28:00,3.01,3.01,3.0,3.01,46673.0,BTBT
2025-01-29 12:27:00,3.015,3.0172,3.015,3.0172,571.0,BTBT
2025-01-29 12:26:00,3.02,3.025,3.01,3.02,45513.0,BTBT
2025-01-29 12:25:00,3.015,3.025,3.01,3.025,36978.0,BTBT
2025-01-29 12:24:00,3.0275,3.0275,3.015,3.015,2403.0,BTBT
2025-01-29 12:23:00,3.02,3.0248,3.01,3.0248,40071.0,BTBT
2025-01-29 12:22:00,3.025,3.025,3.02,3.025,3402.0,BTBT
2025-01-29 12:21:00,3.025,3.025,3.025,3.025,906.0,BTBT
2025-01-29 12:20:00,3.0292,3.0387,3.02,3.0248,51770.0,BTBT
2025-01-29 12:19:00,3.025,3.03,3.02,3.025,1607.0,BTBT
2025-01-29 12:18:00,3.02,3.025,3.015,3.025,23982.0,BTBT
2025-01-29 12:17:00,3.015,3.02,3.01,3.015,24247.0,BTBT
2025-01-29 12:16:00,3.02,3.02,3.02,3.02,581.0,BTBT
2025-01-29 12:15:00,3.015,3.0199,3.015,3.0199,1625.0,BTBT
2025-01-29 12:14:00,3.015,3.0174,3.015,3.0174,3422.0,BTBT
2025-01-29 12:13:00,3.02,3.03,3.015,3.015,78636.0,BTBT
2025-01-29 12:12:00,3.015,3.0199,3.0117,3.0117,9530.0,BTBT
2025-01-29 12:11:00,3.01,3.015,3.0,3.01,56909.0,BTBT
2025-01-29 12:10:00,3.012,3.0172,3.012,3.0172,1792.0,BTBT
2025-01-29 12:09:00,3.0175,3.0289,3.015,3.02,41452.0,BTBT
2025-01-29 12:08:00,3.015,3.015,3.0108,3.015,15989.0,BTBT
2025-01-29 12:07:00,3.0103,3.015,3.005,3.0115,50175.0,BTBT
2025-01-29 12:06:00,3.0282,3.03,3.01,3.015,74233.0,BTBT
2025-01-29 12:05:00,3.015,3.03,3.015,3.0299,42804.0,BTBT
2025-01-29 12:04:00,3.011,3.02,3.01,3.01,1659.0,BTBT
2025-01-29 12:03:00,3.0,3.015,3.0,3.015,13863.0,BTBT
2025-01-29 12:02:00,2.995,3.005,2.995,3.0011,42574.0,BTBT
2025-01-29 12:01:00,2.9885,3.0,2.985,2.99,44779.0,BTBT
2025-01-29 12:00:00,2.97,2.98,2.97,2.98,14803.0,BTBT
2025-01-29 11:59:00,2.9774,2.98,2.97,2.9701,22730.0,BTBT
2025-01-29 11:58:00,2.97,2.975,2.97,2.971,35517.0,BTBT
2025-01-29 11:57:00,2.9712,2.9732,2.9622,2.965,49606.0,BTBT
2025-01-29 11:56:00,2.975,2.975,2.97,2.9716,19700.0,BTBT
2025-01-29 11:55:00,2.985,2.985,2.9752,2.9752,68410.0,BTBT
2025-01-29 11:54:00,2.983,2.995,2.98,2.9899,127521.0,BTBT
2025-01-29 11:53:00,2.9899,2.99,2.98,2.9895,6063.0,BTBT
2025-01-29 11:52:00,2.9897,2.9899,2.985,2.9857,7966.0,BTBT
2025-01-29 11:51:00,2.9848,2.99,2.98,2.9852,60105.0,BTBT
2025-01-29 11:50:00,3.0,3.0167,2.98,2.9895,147250.0,BTBT
2025-01-29 11:49:00,2.995,2.9999,2.9848,2.9999,46145.0,BTBT
2025-01-29 11:48:00,3.0,3.0,3.0,3.0,818.0,BTBT
2025-01-29 11:47:00,3.0,3.0,2.99,2.995,19411.0,BTBT
2025-01-29 11:46:00,3.015,3.0175,3.0,3.0004,93471.0,BTBT
2025-01-29 11:45:00,3.0,3.0188,3.0,3.015,45643.0,BTBT
2025-01-29 11:44:00,2.98,2.9952,2.98,2.9908,40843.0,BTBT
2025-01-29 11:43:00,2.985,2.9889,2.985,2.985,1358.0,BTBT
2025-01-29 11:42:00,2.9787,2.985,2.9787,2.9811,11936.0,BTBT
2025-01-29 11:41:00,2.9801,2.985,2.98,2.98,18946.0,BTBT
2025-01-29 11:40:00,2.97,2.9899,2.97,2.985,22118.0,BTBT
2025-01-29 11:39:00,2.9773,2.98,2.97,2.98,28250.0,BTBT
2025-01-29 11:38:00,2.985,2.9898,2.975,2.975,27561.0,BTBT
2025-01-29 11:37:00,2.99,3.0,2.98,2.98,63549.0,BTBT
2025-01-29 11:36:00,2.98,2.985,2.975,2.9827,48107.0,BTBT
2025-01-29 11:35:00,2.975,2.9799,2.975,2.9799,3704.0,BTBT
2025-01-29 11:34:00,2.97,2.98,2.97,2.975,18153.0,BTBT
2025-01-29 11:33:00,2.97,2.98,2.97,2.9774,19096.0,BTBT
2025-01-29 11:32:00,2.9609,2.97,2.9609,2.97,2089.0,BTBT
2025-01-29 11:31:00,2.975,2.98,2.97,2.97,6833.0,BTBT
2025-01-29 11:30:00,2.97,2.975,2.97,2.975,1694.0,BTBT
2025-01-29 11:29:00,2.97,2.97,2.97,2.97,490.0,BTBT
2025-01-29 11:28:00,2.9763,2.98,2.97,2.975,56470.0,BTBT
2025-01-29 11:27:00,2.97,2.9799,2.97,2.9766,8599.0,BTBT
2025-01-29 11:26:00,2.9848,2.9848,2.975,2.975,5478.0,BTBT
2025-01-29 11:25:00,2.98,2.9865,2.98,2.9865,4510.0,BTBT
2025-01-29 11:24:00,2.9899,2.9999,2.9801,2.9901,102347.0,BTBT
2025-01-29 11:23:00,2.985,2.99,2.98,2.9824,20243.0,BTBT
2025-01-29 11:22:00,2.9752,2.9991,2.975,2.9896,126109.0,BTBT
2025-01-29 11:21:00,2.975,2.98,2.9736,2.9736,5883.0,BTBT
2025-01-29 11:20:00,2.9772,2.9772,2.97,2.97,4374.0,BTBT
2025-01-29 11:19:00,2.97,2.9799,2.97,2.97,7014.0,BTBT
2025-01-29 11:18:00,2.9831,2.99,2.97,2.97,12884.0,BTBT
2025-01-29 11:17:00,2.985,2.9899,2.98,2.9873,32942.0,BTBT
2025-01-29 11:16:00,2.975,3.0,2.9715,2.9856,88318.0,BTBT
2025-01-29 11:15:00,2.98,2.985,2.97,2.9701,29462.0,BTBT
2025-01-29 11:14:00,2.98,2.9883,2.975,2.9883,29444.0,BTBT
2025-01-29 11:13:00,2.985,2.9999,2.9801,2.9801,57969.0,BTBT
2025-01-29 11:12:00,2.985,2.9995,2.97,2.98,143963.0,BTBT
2025-01-29 11:11:00,2.99,3.0,2.98,2.985,89235.0,BTBT
2025-01-29 11:10:00,2.97,2.9999,2.97,2.991,134626.0,BTBT
2025-01-29 11:09:00,2.9748,2.975,2.97,2.97,3066.0,BTBT
2025-01-29 11:08:00,2.975,2.98,2.97,2.975,17914.0,BTBT
2025-01-29 11:07:00,2.9867,2.9885,2.9741,2.9741,15285.0,BTBT
2025-01-29 11:06:00,2.9706,2.99,2.9706,2.9801,119031.0,BTBT
2025-01-29 11:05:00,2.9901,3.0,2.975,2.975,56087.0,BTBT
2025-01-29 11:04:00,3.005,3.005,2.99,2.99,2993.0,BTBT
2025-01-29 11:03:00,2.99,3.01,2.98,3.005,59810.0,BTBT
2025-01-29 11:02:00,2.98,2.9899,2.98,2.985,18037.0,BTBT
2025-01-29 11:01:00,2.99,3.0,2.9801,2.985,76683.0,BTBT
2025-01-29 11:00:00,2.98,2.985,2.98,2.985,2644.0,BTBT
2025-01-29 10:59:00,2.99,2.99,2.98,2.985,6134.0,BTBT
2025-01-29 10:58:00,3.005,3.005,2.99,2.9904,18016.0,BTBT
2025-01-29 10:57:00,3.0081,3.0099,3.0,3.0028,68034.0,BTBT
2025-01-29 10:56:00,3.01,3.02,2.99,3.005,328590.0,BTBT
2025-01-29 10:55:00,3.01,3.01,3.0,3.005,72842.0,BTBT
2025-01-29 10:54:00,3.0092,3.02,3.0,3.015,206483.0,BTBT
2025-01-29 10:53:00,3.02,3.02,3.0001,3.0047,97598.0,BTBT
2025-01-29 10:52:00,3.035,3.035,3.0148,3.02,143107.0,BTBT
2025-01-29 10:51:00,3.035,3.04,3.03,3.03,78935.0,BTBT
2025-01-29 10:50:00,3.02,3.04,3.02,3.04,22776.0,BTBT
2025-01-29 10:49:00,3.015,3.03,3.015,3.0201,205909.0,BTBT
2025-01-29 10:48:00,2.9887,3.02,2.9887,3.0198,54576.0,BTBT
2025-01-29 10:47:00,3.0,3.0,2.98,2.985,32133.0,BTBT
2025-01-29 10:46:00,3.035,3.035,3.0001,3.0009,72856.0,BTBT
2025-01-29 10:45:00,3.045,3.06,3.04,3.04,160308.0,BTBT
2025-01-29 10:44:00,3.035,3.0499,3.025,3.04,182197.0,BTBT
2025-01-29 10:43:00,3.05,3.05,3.025,3.0301,103316.0,BTBT
2025-01-29 10:42:00,3.02,3.05,3.02,3.05,177090.0,BTBT
2025-01-29 10:41:00,2.98,3.015,2.98,3.0106,170422.0,BTBT
2025-01-29 10:40:00,3.0,3.0,2.9805,2.9815,35747.0,BTBT
2025-01-29 10:39:00,3.0,3.01,3.0,3.005,15832.0,BTBT
2025-01-29 10:38:00,3.005,3.0083,3.0,3.0,6162.0,BTBT
2025-01-29 10:37:00,3.0199,3.02,3.0,3.005,62655.0,BTBT
2025-01-29 10:36:00,3.02,3.0299,3.015,3.0192,131263.0,BTBT
2025-01-29 10:35:00,3.0252,3.03,3.02,3.025,131988.0,BTBT
2025-01-29 10:34:00,3.03,3.035,3.0211,3.025,112047.0,BTBT
2025-01-29 10:33:00,3.02,3.0352,3.02,3.0201,177104.0,BTBT
2025-01-29 10:32:00,3.0292,3.03,3.02,3.025,102317.0,BTBT
2025-01-29 10:31:00,3.0508,3.0573,3.02,3.0282,138591.0,BTBT
2025-01-29 10:30:00,3.045,3.0599,3.04,3.0548,117736.0,BTBT
2025-01-29 10:29:00,3.0299,3.05,3.025,3.0483,146969.0,BTBT
2025-01-29 10:28:00,3.0291,3.0399,3.02,3.02,83259.0,BTBT
2025-01-29 10:27:00,3.0152,3.0299,3.01,3.0205,243042.0,BTBT
2025-01-29 10:26:00,3.02,3.02,3.015,3.015,17170.0,BTBT
2025-01-29 10:25:00,3.015,3.02,3.01,3.015,9757.0,BTBT
2025-01-29 10:24:00,3.025,3.03,3.0105,3.02,67621.0,BTBT
2025-01-29 10:23:00,3.025,3.03,3.02,3.02,14438.0,BTBT
2025-01-29 10:22:00,3.025,3.03,3.02,3.025,3965.0,BTBT
2025-01-29 10:21:00,3.025,3.025,3.02,3.025,1943.0,BTBT
2025-01-29 10:20:00,3.045,3.045,3.0257,3.03,32429.0,BTBT
2025-01-29 10:19:00,3.02,3.05,3.02,3.0406,49139.0,BTBT
2025-01-29 10:18:00,3.01,3.0245,3.01,3.0245,6683.0,BTBT
2025-01-29 10:17:00,3.025,3.025,3.01,3.0199,92639.0,BTBT
2025-01-29 10:16:00,3.0201,3.03,3.02,3.0252,220430.0,BTBT
2025-01-29 10:15:00,3.015,3.0299,3.01,3.02,124960.0,BTBT
2025-01-29 10:14:00,3.015,3.02,3.005,3.0188,73534.0,BTBT
2025-01-29 10:13:00,3.0099,3.02,3.0,3.02,101780.0,BTBT
2025-01-29 10:12:00,3.0292,3.03,3.01,3.01,199987.0,BTBT
2025-01-29 10:11:00,3.04,3.04,3.025,3.0252,132654.0,BTBT
2025-01-29 10:10:00,3.03,3.04,3.03,3.035,15989.0,BTBT
2025-01-29 10:09:00,3.0373,3.05,3.0302,3.035,11738.0,BTBT
2025-01-29 10:08:00,3.0301,3.05,3.0299,3.035,72527.0,BTBT
2025-01-29 10:07:00,3.0289,3.04,3.025,3.035,26036.0,BTBT
2025-01-29 10:06:00,3.0174,3.03,3.0174,3.02,90268.0,BTBT
2025-01-29 10:05:00,3.005,3.03,3.005,3.0111,93883.0,BTBT
2025-01-29 10:04:00,2.9957,3.01,2.9957,3.0082,30070.0,BTBT
2025-01-29 10:03:00,3.01,3.015,3.0,3.0,47627.0,BTBT
2025-01-29 10:02:00,3.005,3.01,3.0,3.005,14026.0,BTBT
2025-01-29 10:01:00,3.01,3.015,3.0,3.005,33811.0,BTBT
2025-01-29 10:00:00,3.01,3.0295,3.0093,3.015,25416.0,BTBT
2025-01-29 09:59:00,3.0,3.0099,3.0,3.0,20283.0,BTBT
2025-01-29 09:58:00,3.005,3.01,2.9948,3.005,39029.0,BTBT
2025-01-29 09:57:00,3.038,3.04,3.0,3.0099,67769.0,BTBT
2025-01-29 09:56:00,3.02,3.04,3.02,3.04,71870.0,BTBT
2025-01-29 09:55:00,3.02,3.02,3.01,3.0199,22334.0,BTBT
2025-01-29 09:54:00,2.995,3.02,2.995,3.015,222224.0,BTBT
2025-01-29 09:53:00,3.01,3.02,2.9948,3.0,42313.0,BTBT
2025-01-29 09:52:00,2.99,3.02,2.99,3.005,127543.0,BTBT
2025-01-29 09:51:00,2.9757,2.985,2.97,2.985,7650.0,BTBT
2025-01-29 09:50:00,2.975,2.98,2.97,2.975,28443.0,BTBT
2025-01-29 09:49:00,3.01,3.02,2.9697,2.975,131754.0,BTBT
2025-01-29 09:48:00,2.985,3.01,2.98,3.01,46376.0,BTBT
2025-01-29 09:47:00,2.9701,2.99,2.97,2.988,46189.0,BTBT
2025-01-29 09:46:00,2.965,2.98,2.965,2.9748,20596.0,BTBT
2025-01-29 09:45:00,2.9599,2.97,2.95,2.97,50698.0,BTBT
2025-01-29 09:44:00,2.97,2.98,2.95,2.9599,184954.0,BTBT
2025-01-29 09:43:00,2.97,2.97,2.96,2.9605,22630.0,BTBT
2025-01-29 09:42:00,2.965,2.9696,2.96,2.965,7150.0,BTBT
2025-01-29 09:41:00,2.955,2.97,2.95,2.9681,56031.0,BTBT
2025-01-29 09:40:00,2.94,2.96,2.94,2.9518,95604.0,BTBT
2025-01-29 09:39:00,2.93,2.94,2.93,2.9397,29358.0,BTBT
2025-01-29 09:38:00,2.935,2.9384,2.92,2.9299,29838.0,BTBT
2025-01-29 09:37:00,2.94,2.95,2.93,2.9352,153926.0,BTBT
2025-01-29 09:36:00,2.94,2.95,2.9301,2.95,61870.0,BTBT
2025-01-29 09:35:00,2.95,2.99,2.94,2.95,95585.0,BTBT
2025-01-29 09:34:00,2.96,2.96,2.9399,2.9494,35303.0,BTBT
2025-01-29 09:33:00,2.955,2.97,2.945,2.97,91057.0,BTBT
2025-01-29 09:32:00,2.95,2.9595,2.93,2.9507,131507.0,BTBT
2025-01-29 09:31:00,2.9289,2.98,2.925,2.955,80859.0,BTBT
2025-01-29 09:30:00,2.97,2.97,2.92,2.93,332419.0,BTBT
2025-01-29 09:29:00,2.97,2.97,2.97,2.97,1292.0,BTBT
2025-01-29 09:28:00,2.96,2.9708,2.96,2.9708,108.0,BTBT
2025-01-29 09:27:00,2.97,2.98,2.96,2.96,14117.0,BTBT
2025-01-29 09:26:00,2.96,2.96,2.95,2.96,1389.0,BTBT
2025-01-29 09:25:00,2.96,2.97,2.96,2.97,1010.0,BTBT
2025-01-29 09:24:00,2.96,2.96,2.9501,2.9501,2200.0,BTBT
2025-01-29 09:23:00,2.96,2.96,2.9503,2.9503,3010.0,BTBT
2025-01-29 09:22:00,2.9502,2.9502,2.9502,2.9502,785.0,BTBT
2025-01-29 09:21:00,2.95,2.95,2.95,2.95,924.0,BTBT
2025-01-29 09:20:00,2.96,2.96,2.9502,2.9502,290.0,BTBT
2025-01-29 09:19:00,2.96,2.96,2.95,2.95,221.0,BTBT
2025-01-29 09:18:00,2.96,2.96,2.96,2.96,67.0,BTBT
2025-01-29 09:17:00,2.96,2.96,2.96,2.96,927.0,BTBT
2025-01-29 09:15:00,2.97,2.97,2.96,2.96,35.0,BTBT
2025-01-29 09:13:00,2.97,2.97,2.97,2.97,40.0,BTBT
2025-01-29 09:12:00,2.96,2.96,2.9598,2.96,4202.0,BTBT
2025-01-29 09:11:00,2.96,2.96,2.96,2.96,283.0,BTBT
2025-01-29 09:10:00,2.97,2.97,2.95,2.95,483.0,BTBT
2025-01-29 09:08:00,2.97,2.97,2.96,2.96,1757.0,BTBT
2025-01-29 09:06:00,2.97,2.97,2.97,2.97,260.0,BTBT
2025-01-29 09:05:00,2.9698,2.97,2.9689,2.97,2213.0,BTBT
2025-01-29 09:04:00,2.97,2.97,2.97,2.97,36.0,BTBT
2025-01-29 09:01:00,2.96,2.97,2.96,2.97,702.0,BTBT
2025-01-29 09:00:00,2.96,2.96,2.96,2.96,30.0,BTBT
2025-01-29 08:58:00,2.97,2.97,2.97,2.97,1148.0,BTBT
2025-01-29 08:57:00,2.97,2.97,2.97,2.97,50.0,BTBT
2025-01-29 08:56:00,2.97,2.97,2.97,2.97,8774.0,BTBT
2025-01-29 08:55:00,2.97,2.97,2.97,2.97,10.0,BTBT
2025-01-29 08:54:00,2.96,2.97,2.96,2.97,8305.0,BTBT
2025-01-29 08:53:00,2.97,2.97,2.9697,2.9697,180.0,BTBT
2025-01-29 08:52:00,2.97,2.97,2.9697,2.9697,36.0,BTBT
2025-01-29 08:51:00,2.97,2.97,2.97,2.97,222.0,BTBT
2025-01-29 08:50:00,2.96,2.97,2.96,2.97,305.0,BTBT
2025-01-29 08:49:00,2.96,2.97,2.96,2.97,475.0,BTBT
2025-01-29 08:48:00,2.97,2.98,2.965,2.965,2650.0,BTBT
2025-01-29 08:46:00,2.98,2.98,2.97,2.97,553.0,BTBT
2025-01-29 08:45:00,2.9798,2.98,2.9701,2.98,5528.0,BTBT
2025-01-29 08:44:00,2.97,2.98,2.97,2.9798,75.0,BTBT
2025-01-29 08:43:00,2.975,2.98,2.9701,2.975,1971.0,BTBT
2025-01-29 08:42:00,2.9798,2.9798,2.975,2.975,159.0,BTBT
2025-01-29 08:41:00,2.98,2.98,2.975,2.975,201.0,BTBT
2025-01-29 08:39:00,2.9701,2.98,2.9701,2.975,6091.0,BTBT
2025-01-29 08:38:00,2.985,2.985,2.975,2.975,14899.0,BTBT
2025-01-29 08:37:00,2.9899,2.9899,2.985,2.985,23.0,BTBT
2025-01-29 08:35:00,2.99,2.99,2.99,2.99,10.0,BTBT
2025-01-29 08:34:00,2.9898,2.9898,2.9898,2.9898,1.0,BTBT
2025-01-29 08:33:00,2.9899,2.99,2.985,2.99,1003.0,BTBT
2025-01-29 08:32:00,2.9898,2.99,2.9898,2.9899,500.0,BTBT
2025-01-29 08:31:00,2.99,2.99,2.98,2.98,1009.0,BTBT
2025-01-29 08:30:00,2.99,2.99,2.98,2.98,11361.0,BTBT
2025-01-29 08:29:00,2.99,2.99,2.9801,2.9801,41830.0,BTBT
2025-01-29 08:24:00,2.9902,2.9902,2.9902,2.9902,18.0,BTBT
2025-01-29 08:23:00,3.0,3.0,2.9998,2.9998,1014.0,BTBT
2025-01-29 08:22:00,3.0,3.0,2.99,2.99,501.0,BTBT
2025-01-29 08:21:00,3.0,3.0,3.0,3.0,57.0,BTBT
2025-01-29 08:20:00,3.0,3.0,3.0,3.0,1.0,BTBT
2025-01-29 08:19:00,3.0101,3.0198,2.9997,2.9997,3786.0,BTBT
2025-01-29 08:17:00,3.0198,3.0198,3.0198,3.0198,71.0,BTBT
2025-01-29 08:15:00,3.02,3.02,3.02,3.02,4.0,BTBT
2025-01-29 08:14:00,3.02,3.02,3.01,3.01,944.0,BTBT
2025-01-29 08:12:00,3.02,3.02,3.01,3.01,1451.0,BTBT
2025-01-29 08:11:00,3.02,3.02,3.02,3.02,10.0,BTBT
2025-01-29 08:10:00,3.02,3.02,3.0103,3.0103,1122.0,BTBT
2025-01-29 08:05:00,3.0299,3.0299,3.0299,3.0299,8.0,BTBT
2025-01-29 08:04:00,3.01,3.03,3.01,3.02,1184.0,BTBT
2025-01-29 08:03:00,3.01,3.01,3.01,3.01,5.0,BTBT
2025-01-29 08:02:00,3.0295,3.0295,3.02,3.02,2635.0,BTBT
2025-01-29 08:01:00,3.0101,3.0101,3.0101,3.0101,47.0,BTBT
2025-01-29 08:00:00,3.0,3.12,2.99,3.0001,43821.0,BTBT
2025-01-29 07:57:00,3.03,3.03,3.03,3.03,28.0,BTBT
2025-01-29 07:53:00,3.03,3.03,3.02,3.02,663.0,BTBT
2025-01-29 07:52:00,3.03,3.03,3.03,3.03,1429.0,BTBT
2025-01-29 07:51:00,3.04,3.04,3.04,3.04,1060.0,BTBT
2025-01-29 07:48:00,3.04,3.04,3.04,3.04,1.0,BTBT
2025-01-29 07:44:00,3.03,3.03,3.03,3.03,200.0,BTBT
2025-01-29 07:43:00,3.03,3.03,3.03,3.03,200.0,BTBT
2025-01-29 07:41:00,3.0,3.04,3.0,3.04,5594.0,BTBT
2025-01-29 07:36:00,3.0,3.0,3.0,3.0,1945.0,BTBT
2025-01-29 07:34:00,3.0,3.0,3.0,3.0,2.0,BTBT
2025-01-29 07:32:00,3.0,3.0,2.995,3.0,900.0,BTBT
2025-01-29 07:31:00,3.0,3.0,3.0,3.0,70.0,BTBT
2025-01-29 07:30:00,2.995,2.995,2.995,2.995,6.0,BTBT
2025-01-29 07:28:00,3.0,3.0,3.0,3.0,3746.0,BTBT
2025-01-29 07:23:00,3.01,3.01,3.01,3.01,50.0,BTBT
2025-01-29 07:22:00,3.01,3.01,3.01,3.01,446.0,BTBT
2025-01-29 07:20:00,3.01,3.01,3.01,3.01,1.0,BTBT
2025-01-29 07:12:00,3.005,3.01,3.005,3.01,800.0,BTBT
2025-01-29 07:11:00,3.005,3.005,3.005,3.005,3.0,BTBT
2025-01-29 07:10:00,3.005,3.005,3.005,3.005,10.0,BTBT
2025-01-29 07:09:00,3.01,3.01,3.01,3.01,300.0,BTBT
2025-01-29 07:08:00,3.01,3.01,3.01,3.01,507.0,BTBT
2025-01-29 07:06:00,3.01,3.01,3.01,3.01,100.0,BTBT
2025-01-29 07:05:00,3.005,3.01,3.005,3.01,1070.0,BTBT
2025-01-29 07:03:00,3.0,3.0,3.0,3.0,88.0,BTBT
2025-01-29 07:02:00,3.02,3.02,3.01,3.01,3064.0,BTBT
2025-01-29 07:00:00,3.01,3.01,3.01,3.01,83.0,BTBT
2025-01-29 06:45:00,3.01,3.01,3.01,3.01,897.0,BTBT
2025-01-29 06:44:00,3.01,3.01,3.01,3.01,1.0,BTBT
2025-01-29 06:43:00,3.01,3.01,3.01,3.01,2.0,BTBT
2025-01-29 06:38:00,3.005,3.005,3.005,3.005,1000.0,BTBT
2025-01-29 06:37:00,3.0,3.0,3.0,3.0,177.0,BTBT
2025-01-29 06:35:00,3.005,3.005,3.005,3.005,41.0,BTBT
2025-01-29 06:34:00,3.005,3.005,3.005,3.005,30.0,BTBT
2025-01-29 06:30:00,3.0,3.0,3.0,3.0,50.0,BTBT
2025-01-29 06:27:00,3.0,3.0,3.0,3.0,476.0,BTBT
2025-01-29 06:24:00,3.01,3.01,2.99,3.0,15098.0,BTBT
2025-01-29 06:23:00,3.015,3.015,3.015,3.015,29.0,BTBT
2025-01-29 06:22:00,3.02,3.02,3.02,3.02,3395.0,BTBT
2025-01-29 06:14:00,3.02,3.02,3.02,3.02,10.0,BTBT
2025-01-29 06:09:00,3.02,3.02,3.02,3.02,3.0,BTBT
2025-01-29 06:07:00,3.02,3.02,3.02,3.02,25.0,BTBT
2025-01-29 05:52:00,3.02,3.02,3.02,3.02,140.0,BTBT
2025-01-29 05:51:00,3.02,3.02,3.02,3.02,250.0,BTBT
2025-01-29 05:49:00,3.02,3.02,3.02,3.02,10.0,BTBT
2025-01-29 05:46:00,3.02,3.02,3.02,3.02,2.0,BTBT
2025-01-29 05:32:00,3.02,3.02,3.02,3.02,1.0,BTBT
2025-01-29 05:23:00,3.02,3.02,3.02,3.02,10.0,BTBT
2025-01-29 05:15:00,3.015,3.02,3.015,3.02,2831.0,BTBT
2025-01-29 05:11:00,3.01,3.015,3.01,3.015,2.0,BTBT
2025-01-29 05:10:00,3.02,3.02,3.02,3.02,183.0,BTBT
2025-01-29 05:05:00,3.02,3.02,3.02,3.02,100.0,BTBT
2025-01-29 04:48:00,3.02,3.02,3.02,3.02,800.0,BTBT
2025-01-29 04:47:00,3.02,3.02,3.02,3.02,1.0,BTBT
2025-01-29 04:46:00,3.02,3.02,3.02,3.02,100.0,BTBT
2025-01-29 04:43:00,3.02,3.02,3.02,3.02,465.0,BTBT
2025-01-29 04:36:00,3.03,3.03,2.99,3.02,4531.0,BTBT
2025-01-29 04:31:00,3.05,3.05,3.05,3.05,50.0,BTBT
2025-01-29 04:30:00,3.03,3.04,3.03,3.04,175.0,BTBT
2025-01-29 04:18:00,3.04,3.05,3.04,3.05,82.0,BTBT
2025-01-29 04:17:00,3.04,3.04,3.04,3.04,500.0,BTBT
2025-01-29 04:13:00,3.05,3.05,3.05,3.05,51.0,BTBT
2025-01-29 04:12:00,3.05,3.05,3.05,3.05,10.0,BTBT
2025-01-29 04:09:00,3.05,3.05,3.05,3.05,200.0,BTBT
2025-01-29 04:08:00,3.05,3.05,3.05,3.05,10.0,BTBT
2025-01-29 04:06:00,3.06,3.06,3.05,3.05,2000.0,BTBT
2025-01-29 04:05:00,3.06,3.08,3.06,3.08,1563.0,BTBT
2025-01-29 04:01:00,3.04,3.08,3.04,3.08,486.0,BTBT
2025-01-29 04:00:00,3.0,3.18,3.0,3.06,1406.0,BTBT
2025-01-28 19:55:00,3.0,3.0,3.0,3.0,100.0,BTBT
2025-01-28 19:54:00,2.99,3.0,2.99,3.0,39.0,BTBT
2025-01-28 19:52:00,2.99,2.99,2.99,2.99,22.0,BTBT
2025-01-28 19:51:00,2.99,2.99,2.99,2.99,6100.0,BTBT
2025-01-28 19:50:00,2.99,2.99,2.99,2.99,60.0,BTBT
2025-01-28 19:46:00,2.9897,2.9897,2.9897,2.9897,1.0,BTBT
2025-01-28 19:45:00,2.99,2.99,2.99,2.99,500.0,BTBT
2025-01-28 19:44:00,2.99,2.99,2.99,2.99,30.0,BTBT
2025-01-28 19:43:00,2.99,2.99,2.99,2.99,5.0,BTBT
2025-01-28 19:42:00,2.9899,2.9899,2.98,2.98,12.0,BTBT
2025-01-28 19:40:00,2.99,2.99,2.99,2.99,5.0,BTBT
2025-01-28 19:39:00,2.98,2.98,2.98,2.98,4.0,BTBT
2025-01-28 19:38:00,2.99,2.99,2.99,2.99,40.0,BTBT
2025-01-28 19:37:00,2.9802,2.99,2.9802,2.99,5923.0,BTBT
2025-01-28 19:36:00,2.98,2.98,2.98,2.98,10.0,BTBT
2025-01-28 19:35:00,2.9897,2.9897,2.98,2.98,170.0,BTBT
2025-01-28 19:33:00,2.99,2.99,2.99,2.99,5.0,BTBT
2025-01-28 19:30:00,2.98,2.98,2.98,2.98,25.0,BTBT
2025-01-28 19:27:00,2.9996,2.9996,2.9996,2.9996,100.0,BTBT
2025-01-28 19:26:00,2.9999,3.0,2.9999,3.0,100.0,BTBT
2025-01-28 19:24:00,2.98,3.0,2.98,3.0,1800.0,BTBT
2025-01-28 19:23:00,2.98,2.98,2.98,2.98,1200.0,BTBT
2025-01-28 19:22:00,2.97,2.97,2.97,2.97,900.0,BTBT
2025-01-28 19:19:00,2.98,2.98,2.98,2.98,18.0,BTBT
2025-01-28 19:17:00,2.9798,2.9798,2.9798,2.9798,26.0,BTBT
2025-01-28 19:14:00,2.98,2.98,2.98,2.98,313.0,BTBT
2025-01-28 19:11:00,2.97,2.97,2.97,2.97,32.0,BTBT
2025-01-28 19:10:00,2.98,2.98,2.98,2.98,25.0,BTBT
2025-01-28 19:08:00,2.98,2.98,2.98,2.98,500.0,BTBT
2025-01-28 19:07:00,2.98,2.98,2.98,2.98,35.0,BTBT
2025-01-28 19:02:00,2.99,2.99,2.99,2.99,500.0,BTBT
2025-01-28 19:00:00,2.9799,2.9899,2.9799,2.9899,72.0,BTBT
2025-01-28 18:59:00,2.98,2.98,2.98,2.98,200.0,BTBT
2025-01-28 18:58:00,2.98,2.98,2.98,2.98,100.0,BTBT
2025-01-28 18:57:00,2.98,2.99,2.98,2.99,1001.0,BTBT
2025-01-28 18:56:00,2.99,2.99,2.99,2.99,1.0,BTBT
2025-01-28 18:55:00,2.99,2.99,2.99,2.99,3.0,BTBT
2025-01-28 18:54:00,2.99,2.99,2.99,2.99,2.0,BTBT
2025-01-28 18:53:00,2.9898,2.9898,2.9898,2.9898,1810.0,BTBT
2025-01-28 18:52:00,2.99,2.99,2.9897,2.99,1113.0,BTBT
2025-01-28 18:48:00,2.99,2.99,2.99,2.99,100.0,BTBT
2025-01-28 18:47:00,2.99,2.99,2.99,2.99,25.0,BTBT
2025-01-28 18:46:00,2.99,2.99,2.99,2.99,50.0,BTBT
2025-01-28 18:42:00,2.9801,2.9801,2.9801,2.9801,840.0,BTBT
2025-01-28 18:41:00,2.98,2.98,2.98,2.98,1.0,BTBT
2025-01-28 18:40:00,2.9898,2.9898,2.98,2.98,1225.0,BTBT
2025-01-28 18:38:00,2.9898,2.99,2.985,2.99,1500.0,BTBT
2025-01-28 18:36:00,2.9899,2.99,2.9899,2.99,252.0,BTBT
2025-01-28 18:35:00,2.9897,2.9897,2.9897,2.9897,1000.0,BTBT
2025-01-28 18:33:00,2.9897,2.9897,2.9897,2.9897,100.0,BTBT
2025-01-28 18:32:00,2.99,2.99,2.99,2.99,20.0,BTBT
2025-01-28 18:28:00,2.985,2.99,2.985,2.99,221.0,BTBT
2025-01-28 18:27:00,2.99,2.99,2.99,2.99,3.0,BTBT
2025-01-28 18:25:00,2.99,2.99,2.99,2.99,1.0,BTBT
2025-01-28 18:24:00,2.99,2.99,2.99,2.99,501.0,BTBT
2025-01-28 18:23:00,2.99,2.99,2.99,2.99,16.0,BTBT
2025-01-28 18:21:00,2.99,2.99,2.99,2.99,1.0,BTBT
2025-01-28 18:19:00,2.99,2.99,2.9899,2.9899,2.0,BTBT
2025-01-28 18:18:00,2.99,2.99,2.99,2.99,1.0,BTBT
2025-01-28 18:17:00,2.9898,2.9898,2.9898,2.9898,1.0,BTBT
2025-01-28 18:16:00,2.9898,2.99,2.9898,2.9899,550.0,BTBT
2025-01-28 18:14:00,2.9897,2.99,2.985,2.985,26.0,BTBT
2025-01-28 18:13:00,2.99,2.99,2.99,2.99,1.0,BTBT
2025-01-28 18:12:00,2.99,2.99,2.99,2.99,2.0,BTBT
2025-01-28 18:11:00,2.99,2.99,2.99,2.99,1.0,BTBT
2025-01-28 18:10:00,2.99,2.99,2.99,2.99,2.0,BTBT
2025-01-28 18:09:00,2.99,2.99,2.99,2.99,1.0,BTBT
2025-01-28 18:08:00,2.98,2.99,2.98,2.99,26.0,BTBT
2025-01-28 18:07:00,2.99,2.99,2.98,2.9802,1001.0,BTBT
2025-01-28 18:06:00,2.99,2.99,2.9899,2.9899,3.0,BTBT
2025-01-28 18:05:00,2.99,2.99,2.99,2.99,3.0,BTBT
2025-01-28 18:04:00,2.99,2.99,2.99,2.99,3.0,BTBT
2025-01-28 18:03:00,2.99,2.99,2.99,2.99,27.0,BTBT
2025-01-28 18:02:00,2.98,3.0,2.98,3.0,60.0,BTBT
2025-01-28 18:01:00,3.0,3.0,2.9992,2.9992,76.0,BTBT
2025-01-28 18:00:00,3.0,3.0,3.0,3.0,1.0,BTBT
2025-01-28 17:59:00,2.99,2.99,2.9898,2.9898,1111.0,BTBT
2025-01-28 17:58:00,3.0,3.0,3.0,3.0,500.0,BTBT
2025-01-28 17:50:00,3.0,3.0,2.9998,3.0,351.0,BTBT
2025-01-28 17:49:00,3.0,3.0,2.98,2.98,24.0,BTBT
2025-01-28 17:48:00,2.98,2.98,2.98,2.98,1000.0,BTBT
2025-01-28 17:46:00,2.96,2.96,2.96,2.96,11.0,BTBT
2025-01-28 17:41:00,2.98,2.98,2.98,2.98,5.0,BTBT
2025-01-28 17:39:00,2.97,2.97,2.97,2.97,33.0,BTBT
2025-01-28 17:34:00,2.9905,2.9905,2.97,2.97,211.0,BTBT
2025-01-28 17:30:00,2.97,2.9996,2.97,2.9996,5030.0,BTBT
2025-01-28 17:29:00,2.96,2.97,2.96,2.97,32.0,BTBT
2025-01-28 17:28:00,2.97,2.97,2.97,2.97,1.0,BTBT
2025-01-28 17:26:00,2.98,2.98,2.98,2.98,13.0,BTBT
2025-01-28 17:24:00,2.98,2.98,2.97,2.97,25.0,BTBT
2025-01-28 17:22:00,2.98,2.98,2.98,2.98,5.0,BTBT
2025-01-28 17:18:00,2.95,2.95,2.95,2.95,4.0,BTBT
2025-01-28 17:17:00,2.96,2.96,2.96,2.96,510.0,BTBT
2025-01-28 17:15:00,2.96,2.96,2.96,2.96,45.0,BTBT
2025-01-28 17:14:00,2.97,2.97,2.95,2.96,5558.0,BTBT
2025-01-28 17:13:00,2.98,2.98,2.98,2.98,10.0,BTBT
2025-01-28 17:11:00,2.97,2.98,2.97,2.98,1001.0,BTBT
2025-01-28 17:09:00,2.98,2.98,2.98,2.98,1548.0,BTBT
2025-01-28 17:08:00,2.98,2.98,2.98,2.98,11.0,BTBT
2025-01-28 17:05:00,2.98,2.98,2.98,2.98,200.0,BTBT
2025-01-28 17:04:00,2.98,2.98,2.9798,2.9798,62.0,BTBT
2025-01-28 17:03:00,2.97,2.98,2.97,2.98,200.0,BTBT
2025-01-28 17:02:00,2.97,2.98,2.97,2.9798,10052.0,BTBT
2025-01-28 17:01:00,2.9799,2.98,2.9799,2.98,11.0,BTBT
2025-01-28 16:56:00,2.98,2.98,2.97,2.97,1160.0,BTBT
2025-01-28 16:55:00,2.9701,2.98,2.9701,2.98,2250.0,BTBT
2025-01-28 16:54:00,2.9797,2.9797,2.9797,2.9797,67.0,BTBT
2025-01-28 16:53:00,2.9797,2.9797,2.9797,2.9797,600.0,BTBT
2025-01-28 16:52:00,2.97,2.97,2.97,2.97,101.0,BTBT
2025-01-28 16:51:00,2.98,2.98,2.98,2.98,15.0,BTBT
2025-01-28 16:50:00,2.98,2.98,2.9701,2.9701,224.0,BTBT
2025-01-28 16:49:00,2.9702,2.9702,2.9702,2.9702,10.0,BTBT
2025-01-28 16:47:00,2.98,2.98,2.98,2.98,2.0,BTBT
2025-01-28 16:46:00,2.98,2.98,2.98,2.98,1.0,BTBT
2025-01-28 16:44:00,2.9798,2.98,2.97,2.98,3079.0,BTBT
2025-01-28 16:43:00,2.97,2.98,2.97,2.98,102.0,BTBT
2025-01-28 16:41:00,2.98,2.98,2.97,2.97,52.0,BTBT
2025-01-28 16:38:00,2.98,2.98,2.98,2.98,400.0,BTBT
2025-01-28 16:37:00,2.9799,2.9799,2.9799,2.9799,1.0,BTBT
2025-01-28 16:36:00,2.9797,2.9797,2.9797,2.9797,10.0,BTBT
2025-01-28 16:35:00,2.97,2.98,2.97,2.98,605.0,BTBT
2025-01-28 16:34:00,2.97,2.97,2.97,2.97,1000.0,BTBT
2025-01-28 16:33:00,2.9799,2.98,2.97,2.98,6918.0,BTBT
2025-01-28 16:32:00,2.9799,2.9799,2.9799,2.9799,15.0,BTBT
2025-01-28 16:31:00,2.9798,2.98,2.9797,2.98,608.0,BTBT
2025-01-28 16:30:00,2.98,2.98,2.97,2.97,177.0,BTBT
2025-01-28 16:29:00,2.98,2.98,2.98,2.98,120.0,BTBT
2025-01-28 16:28:00,2.9797,2.9797,2.9797,2.9797,100.0,BTBT
2025-01-28 16:27:00,2.9799,2.9799,2.9799,2.9799,100.0,BTBT
2025-01-28 16:26:00,2.98,2.98,2.98,2.98,3.0,BTBT
2025-01-28 16:25:00,2.98,2.98,2.98,2.98,400.0,BTBT
2025-01-28 16:22:00,2.9797,2.9797,2.9797,2.9797,4.0,BTBT
2025-01-28 16:21:00,2.98,2.98,2.9798,2.9798,627.0,BTBT
2025-01-28 16:20:00,2.98,2.98,2.9797,2.9797,1814.0,BTBT
2025-01-28 16:19:00,2.97,2.98,2.97,2.98,1300.0,BTBT
2025-01-28 16:17:00,2.9799,2.9799,2.9799,2.9799,500.0,BTBT
2025-01-28 16:16:00,2.98,2.98,2.9797,2.98,697.0,BTBT
2025-01-28 16:15:00,2.98,2.98,2.97,2.9798,130.0,BTBT
2025-01-28 16:13:00,2.97,2.97,2.95,2.96,6427.0,BTBT
2025-01-28 16:12:00,2.98,2.98,2.98,2.98,43.0,BTBT
2025-01-28 16:11:00,2.98,2.98,2.9797,2.9797,41.0,BTBT
2025-01-28 16:10:00,2.97,2.98,2.97,2.98,181.0,BTBT
2025-01-28 16:08:00,2.9703,2.98,2.9703,2.98,1015.0,BTBT
2025-01-28 16:07:00,2.9799,2.9799,2.9799,2.9799,2000.0,BTBT
2025-01-28 16:05:00,2.98,2.98,2.9798,2.98,52.0,BTBT
2025-01-28 16:04:00,2.97,2.97,2.97,2.97,10.0,BTBT
2025-01-28 16:02:00,2.98,2.98,2.9794,2.9799,412.0,BTBT
2025-01-28 16:01:00,2.98,2.98,2.98,2.98,1.0,BTBT
2025-01-28 16:00:00,2.98,2.98,2.97,2.97,416309.0,BTBT
2025-01-28 15:59:00,2.98,2.98,2.97,2.97,68933.0,BTBT
2025-01-28 15:58:00,2.98,2.98,2.9743,2.98,48125.0,BTBT
2025-01-28 15:57:00,2.98,2.98,2.97,2.975,52969.0,BTBT
2025-01-28 15:56:00,2.975,2.98,2.972,2.975,125555.0,BTBT
2025-01-28 15:55:00,2.975,2.98,2.975,2.975,8039.0,BTBT
2025-01-28 15:54:00,2.975,2.98,2.975,2.975,13584.0,BTBT
2025-01-28 15:53:00,2.985,2.99,2.975,2.975,126042.0,BTBT
2025-01-28 15:52:00,2.985,2.99,2.98,2.985,36295.0,BTBT
2025-01-28 15:51:00,2.9889,2.9899,2.98,2.985,18081.0,BTBT
2025-01-28 15:50:00,2.985,2.99,2.98,2.985,89289.0,BTBT
2025-01-28 15:49:00,2.9801,2.99,2.98,2.985,15659.0,BTBT
2025-01-28 15:48:00,2.985,2.99,2.98,2.9869,29077.0,BTBT
2025-01-28 15:47:00,2.985,2.99,2.98,2.985,37739.0,BTBT
2025-01-28 15:46:00,2.985,2.99,2.98,2.985,6592.0,BTBT
2025-01-28 15:45:00,2.985,2.99,2.9815,2.99,25694.0,BTBT
2025-01-28 15:44:00,2.985,2.99,2.9843,2.985,22412.0,BTBT
2025-01-28 15:43:00,2.985,2.99,2.98,2.985,13979.0,BTBT
2025-01-28 15:42:00,2.985,2.985,2.985,2.985,10606.0,BTBT
2025-01-28 15:41:00,2.9812,2.9878,2.9801,2.9857,12394.0,BTBT
2025-01-28 15:40:00,2.985,2.99,2.98,2.985,20209.0,BTBT
2025-01-28 15:39:00,2.995,2.995,2.985,2.985,30613.0,BTBT
2025-01-28 15:38:00,2.995,3.0,2.99,2.99,14589.0,BTBT
2025-01-28 15:37:00,2.995,3.0,2.99,2.99,20000.0,BTBT
2025-01-28 15:36:00,2.9852,3.0,2.985,2.9957,41784.0,BTBT
2025-01-28 15:35:00,2.98,2.99,2.98,2.985,24976.0,BTBT
2025-01-28 15:34:00,2.9899,2.9899,2.98,2.985,24866.0,BTBT
2025-01-28 15:33:00,2.99,2.99,2.985,2.9862,44023.0,BTBT
2025-01-28 15:32:00,2.995,2.9989,2.99,2.99,1894.0,BTBT
2025-01-28 15:31:00,2.995,3.0,2.99,2.99,7994.0,BTBT
2025-01-28 15:30:00,2.995,2.995,2.99,2.99,1228.0,BTBT
2025-01-28 15:29:00,3.0,3.0,2.99,2.9963,32398.0,BTBT
2025-01-28 15:28:00,2.9901,3.0,2.99,2.99,39283.0,BTBT
2025-01-28 15:27:00,3.0,3.0,2.99,2.995,30050.0,BTBT
2025-01-28 15:26:00,2.9886,3.0,2.9886,2.995,103422.0,BTBT
2025-01-28 15:25:00,2.995,3.0,2.985,2.985,70989.0,BTBT
2025-01-28 15:24:00,2.99,3.0,2.99,2.995,106996.0,BTBT
2025-01-28 15:23:00,2.982,2.99,2.98,2.99,39069.0,BTBT
2025-01-28 15:22:00,2.964,2.99,2.964,2.985,174036.0,BTBT
2025-01-28 15:21:00,2.97,2.97,2.9629,2.97,32297.0,BTBT
2025-01-28 15:20:00,2.965,2.97,2.96,2.97,77832.0,BTBT
2025-01-28 15:19:00,2.98,2.98,2.96,2.965,116323.0,BTBT
2025-01-28 15:18:00,2.98,2.98,2.97,2.9757,7751.0,BTBT
2025-01-28 15:17:00,2.975,2.98,2.9701,2.9785,47215.0,BTBT
2025-01-28 15:16:00,2.97,2.9794,2.97,2.975,109240.0,BTBT
2025-01-28 15:15:00,2.975,2.975,2.97,2.973,3780.0,BTBT
2025-01-28 15:14:00,2.9699,2.98,2.9699,2.9701,43224.0,BTBT
2025-01-28 15:13:00,2.96,2.97,2.96,2.97,2419.0,BTBT
2025-01-28 15:12:00,2.965,2.9686,2.96,2.965,8802.0,BTBT
2025-01-28 15:11:00,2.975,2.98,2.96,2.96,97622.0,BTBT
2025-01-28 15:10:00,2.975,2.98,2.975,2.975,36576.0,BTBT
2025-01-28 15:09:00,2.98,2.98,2.97,2.98,22842.0,BTBT
2025-01-28 15:08:00,2.965,2.98,2.965,2.9739,81587.0,BTBT
2025-01-28 15:07:00,2.9698,2.9698,2.96,2.965,11939.0,BTBT
2025-01-28 15:06:00,2.985,2.985,2.96,2.96,69506.0,BTBT
2025-01-28 15:05:00,2.985,2.99,2.98,2.9801,13888.0,BTBT
2025-01-28 15:04:00,2.985,2.9883,2.985,2.985,4023.0,BTBT
2025-01-28 15:03:00,2.985,2.99,2.98,2.985,3367.0,BTBT
2025-01-28 15:02:00,2.985,2.99,2.985,2.985,11404.0,BTBT
2025-01-28 15:01:00,3.0,3.0,2.9801,2.985,127187.0,BTBT
2025-01-28 15:00:00,2.995,3.0,2.995,2.995,15086.0,BTBT
2025-01-28 14:59:00,3.0,3.0,2.9943,2.995,128793.0,BTBT
2025-01-28 14:58:00,3.005,3.0099,3.0,3.0,6712.0,BTBT
2025-01-28 14:57:00,3.005,3.0079,3.0,3.005,57680.0,BTBT
2025-01-28 14:56:00,3.0151,3.0162,3.0,3.01,100836.0,BTBT
2025-01-28 14:55:00,3.01,3.0167,3.01,3.0134,2908.0,BTBT
2025-01-28 14:54:00,3.019,3.0199,3.01,3.015,19212.0,BTBT
2025-01-28 14:53:00,3.025,3.025,3.01,3.01,57609.0,BTBT
2025-01-28 14:52:00,3.025,3.03,3.025,3.025,12522.0,BTBT
2025-01-28 14:51:00,3.025,3.03,3.025,3.025,35321.0,BTBT
2025-01-28 14:50:00,3.035,3.04,3.025,3.0272,118500.0,BTBT
2025-01-28 14:49:00,3.045,3.045,3.03,3.035,57890.0,BTBT
2025-01-28 14:48:00,3.03,3.05,3.03,3.045,132909.0,BTBT
2025-01-28 14:47:00,3.035,3.05,3.035,3.0399,133251.0,BTBT
2025-01-28 14:46:00,3.0213,3.04,3.0213,3.03,103349.0,BTBT
2025-01-28 14:45:00,3.025,3.03,3.02,3.0201,18310.0,BTBT
2025-01-28 14:44:00,3.0169,3.03,3.01,3.03,76134.0,BTBT
2025-01-28 14:43:00,3.01,3.02,3.0001,3.015,106747.0,BTBT
2025-01-28 14:42:00,2.9983,3.01,2.9901,3.0089,110060.0,BTBT
2025-01-28 14:41:00,2.985,3.0,2.985,2.999,70552.0,BTBT
2025-01-28 14:40:00,2.9799,2.99,2.975,2.99,74785.0,BTBT
2025-01-28 14:39:00,2.975,2.98,2.975,2.975,57233.0,BTBT
2025-01-28 14:38:00,2.975,2.9798,2.975,2.9798,2966.0,BTBT
2025-01-28 14:37:00,2.98,2.98,2.97,2.97,24479.0,BTBT
2025-01-28 14:36:00,2.975,2.99,2.975,2.98,130356.0,BTBT
2025-01-28 14:35:00,2.98,2.98,2.975,2.98,22090.0,BTBT
2025-01-28 14:34:00,2.98,2.98,2.97,2.975,18334.0,BTBT
2025-01-28 14:33:00,2.9889,2.99,2.9701,2.98,84129.0,BTBT
2025-01-28 14:32:00,2.99,2.99,2.985,2.985,13176.0,BTBT
2025-01-28 14:31:00,2.975,2.99,2.975,2.98,74964.0,BTBT
2025-01-28 14:30:00,2.975,2.98,2.9712,2.9712,2897.0,BTBT
2025-01-28 14:29:00,2.9767,2.98,2.975,2.9799,14775.0,BTBT
2025-01-28 14:28:00,2.975,2.98,2.97,2.975,30319.0,BTBT
2025-01-28 14:27:00,2.974,2.98,2.97,2.975,7295.0,BTBT
2025-01-28 14:26:00,2.9689,2.98,2.9612,2.9788,114030.0,BTBT
2025-01-28 14:25:00,2.965,2.97,2.9601,2.9665,32341.0,BTBT
2025-01-28 14:24:00,2.9698,2.97,2.965,2.965,11578.0,BTBT
2025-01-28 14:23:00,2.965,2.97,2.961,2.968,34745.0,BTBT
2025-01-28 14:22:00,2.965,2.97,2.96,2.965,15559.0,BTBT
2025-01-28 14:21:00,2.965,2.9699,2.965,2.965,1674.0,BTBT
2025-01-28 14:20:00,2.965,2.97,2.965,2.965,13331.0,BTBT
2025-01-28 14:19:00,2.9512,2.97,2.9512,2.9633,71769.0,BTBT
2025-01-28 14:18:00,2.95,2.96,2.94,2.96,97196.0,BTBT
2025-01-28 14:17:00,2.9361,2.95,2.935,2.945,56224.0,BTBT
2025-01-28 14:16:00,2.935,2.94,2.935,2.94,13568.0,BTBT
2025-01-28 14:15:00,2.935,2.945,2.935,2.935,75264.0,BTBT
2025-01-28 14:14:00,2.925,2.94,2.92,2.935,91375.0,BTBT
2025-01-28 14:13:00,2.92,2.93,2.92,2.925,64273.0,BTBT
2025-01-28 14:12:00,2.9267,2.929,2.925,2.926,7579.0,BTBT
2025-01-28 14:11:00,2.9275,2.93,2.92,2.9275,12332.0,BTBT
2025-01-28 14:10:00,2.9299,2.93,2.92,2.925,12926.0,BTBT
2025-01-28 14:09:00,2.925,2.9295,2.9206,2.925,7066.0,BTBT
2025-01-28 14:08:00,2.925,2.93,2.92,2.925,10292.0,BTBT
2025-01-28 14:07:00,2.925,2.9295,2.92,2.925,21325.0,BTBT
2025-01-28 14:06:00,2.93,2.93,2.925,2.925,4064.0,BTBT
2025-01-28 14:05:00,2.93,2.93,2.92,2.93,4822.0,BTBT
2025-01-28 14:04:00,2.9257,2.9273,2.9203,2.9273,1137.0,BTBT
2025-01-28 14:03:00,2.93,2.93,2.92,2.9257,16121.0,BTBT
2025-01-28 14:02:00,2.925,2.93,2.9201,2.925,13809.0,BTBT
2025-01-28 14:01:00,2.925,2.93,2.925,2.925,11199.0,BTBT
2025-01-28 14:00:00,2.9257,2.9299,2.92,2.925,7452.0,BTBT
2025-01-28 13:59:00,2.925,2.93,2.92,2.93,13611.0,BTBT
2025-01-28 13:58:00,2.925,2.93,2.92,2.9289,11179.0,BTBT
2025-01-28 13:57:00,2.925,2.93,2.92,2.925,26567.0,BTBT
2025-01-28 13:56:00,2.925,2.93,2.925,2.925,32274.0,BTBT
2025-01-28 13:55:00,2.9267,2.9275,2.925,2.925,4495.0,BTBT
2025-01-28 13:54:00,2.925,2.93,2.925,2.9267,9831.0,BTBT
2025-01-28 13:53:00,2.93,2.93,2.9201,2.925,9511.0,BTBT
2025-01-28 13:52:00,2.9275,2.93,2.92,2.9201,9927.0,BTBT
2025-01-28 13:51:00,2.925,2.9299,2.92,2.925,10198.0,BTBT
2025-01-28 13:50:00,2.9274,2.93,2.925,2.9265,7279.0,BTBT
2025-01-28 13:49:00,2.92,2.93,2.92,2.9257,68329.0,BTBT
2025-01-28 13:48:00,2.915,2.92,2.91,2.92,4786.0,BTBT
2025-01-28 13:47:00,2.915,2.92,2.91,2.9192,22609.0,BTBT
2025-01-28 13:46:00,2.915,2.92,2.91,2.91,8931.0,BTBT
2025-01-28 13:45:00,2.9195,2.92,2.912,2.912,7913.0,BTBT
2025-01-28 13:44:00,2.915,2.92,2.91,2.9199,42198.0,BTBT
2025-01-28 13:43:00,2.915,2.92,2.9101,2.915,7689.0,BTBT
2025-01-28 13:42:00,2.915,2.92,2.91,2.9101,49519.0,BTBT
2025-01-28 13:41:00,2.93,2.93,2.91,2.9199,39789.0,BTBT
2025-01-28 13:40:00,2.935,2.935,2.92,2.92,69179.0,BTBT
2025-01-28 13:39:00,2.94,2.94,2.93,2.9397,17500.0,BTBT
2025-01-28 13:38:00,2.935,2.94,2.935,2.935,5844.0,BTBT
2025-01-28 13:37:00,2.9399,2.94,2.935,2.935,24265.0,BTBT
2025-01-28 13:36:00,2.94,2.94,2.9303,2.9352,6643.0,BTBT
2025-01-28 13:35:00,2.935,2.94,2.93,2.94,36391.0,BTBT
2025-01-28 13:34:00,2.935,2.94,2.93,2.93,8232.0,BTBT
2025-01-28 13:33:00,2.935,2.94,2.93,2.9339,2249.0,BTBT
2025-01-28 13:32:00,2.94,2.94,2.93,2.94,22753.0,BTBT
2025-01-28 13:31:00,2.935,2.94,2.9301,2.935,11264.0,BTBT
2025-01-28 13:30:00,2.935,2.94,2.935,2.94,34023.0,BTBT
2025-01-28 13:29:00,2.9359,2.9374,2.93,2.935,6309.0,BTBT
2025-01-28 13:28:00,2.9386,2.94,2.93,2.9358,10872.0,BTBT
2025-01-28 13:27:00,2.94,2.94,2.9301,2.935,6782.0,BTBT
2025-01-28 13:26:00,2.9303,2.94,2.9303,2.94,4057.0,BTBT
2025-01-28 13:25:00,2.92,2.94,2.92,2.9395,70157.0,BTBT
2025-01-28 13:24:00,2.925,2.94,2.925,2.93,121514.0,BTBT
2025-01-28 13:23:00,2.93,2.93,2.925,2.9291,69335.0,BTBT
2025-01-28 13:22:00,2.9399,2.94,2.93,2.94,6134.0,BTBT
2025-01-28 13:21:00,2.94,2.94,2.93,2.93,1965.0,BTBT
2025-01-28 13:20:00,2.935,2.94,2.93,2.94,6195.0,BTBT
2025-01-28 13:19:00,2.94,2.94,2.9329,2.9386,10176.0,BTBT
2025-01-28 13:18:00,2.93,2.94,2.925,2.935,59916.0,BTBT
2025-01-28 13:17:00,2.925,2.93,2.92,2.9299,42928.0,BTBT
2025-01-28 13:16:00,2.929,2.93,2.92,2.9299,5624.0,BTBT
2025-01-28 13:15:00,2.925,2.93,2.925,2.9273,6933.0,BTBT
2025-01-28 13:14:00,2.9274,2.9274,2.92,2.925,6371.0,BTBT
2025-01-28 13:13:00,2.925,2.9278,2.925,2.925,8844.0,BTBT
2025-01-28 13:12:00,2.9299,2.93,2.925,2.93,38874.0,BTBT
2025-01-28 13:11:00,2.9398,2.9398,2.92,2.9233,128370.0,BTBT
2025-01-28 13:10:00,2.935,2.94,2.93,2.935,6894.0,BTBT
2025-01-28 13:09:00,2.935,2.94,2.93,2.931,32765.0,BTBT
2025-01-28 13:08:00,2.946,2.95,2.935,2.9392,38647.0,BTBT
2025-01-28 13:07:00,2.9499,2.96,2.9401,2.945,54778.0,BTBT
2025-01-28 13:06:00,2.935,2.9497,2.93,2.94,59533.0,BTBT
2025-01-28 13:05:00,2.935,2.9399,2.9305,2.935,13794.0,BTBT
2025-01-28 13:04:00,2.93,2.935,2.92,2.935,25002.0,BTBT
2025-01-28 13:03:00,2.925,2.93,2.925,2.9299,26011.0,BTBT
2025-01-28 13:02:00,2.92,2.93,2.91,2.9261,137796.0,BTBT
2025-01-28 13:01:00,2.915,2.92,2.915,2.92,34105.0,BTBT
2025-01-28 13:00:00,2.915,2.9167,2.9116,2.915,13138.0,BTBT
2025-01-28 12:59:00,2.915,2.92,2.9101,2.915,17517.0,BTBT
2025-01-28 12:58:00,2.915,2.92,2.9139,2.9198,5023.0,BTBT
2025-01-28 12:57:00,2.9164,2.92,2.91,2.915,6680.0,BTBT
2025-01-28 12:56:00,2.9199,2.9199,2.914,2.9161,13430.0,BTBT
2025-01-28 12:55:00,2.915,2.92,2.915,2.915,4946.0,BTBT
2025-01-28 12:54:00,2.915,2.9199,2.91,2.91,208538.0,BTBT
2025-01-28 12:53:00,2.9245,2.925,2.91,2.915,79358.0,BTBT
2025-01-28 12:52:00,2.94,2.94,2.92,2.925,131489.0,BTBT
2025-01-28 12:51:00,2.945,2.9473,2.945,2.945,5680.0,BTBT
2025-01-28 12:50:00,2.945,2.9457,2.94,2.9457,5724.0,BTBT
2025-01-28 12:49:00,2.9457,2.9457,2.94,2.94,2203.0,BTBT
2025-01-28 12:48:00,2.945,2.95,2.9401,2.945,8771.0,BTBT
2025-01-28 12:47:00,2.945,2.9473,2.945,2.945,2850.0,BTBT
2025-01-28 12:46:00,2.945,2.9499,2.94,2.945,17612.0,BTBT
2025-01-28 12:45:00,2.945,2.95,2.9401,2.9499,45406.0,BTBT
2025-01-28 12:44:00,2.9495,2.9495,2.941,2.941,2010.0,BTBT
2025-01-28 12:43:00,2.95,2.95,2.9444,2.9444,5620.0,BTBT
2025-01-28 12:42:00,2.945,2.945,2.945,2.945,633.0,BTBT
2025-01-28 12:41:00,2.9457,2.9457,2.9411,2.9411,994.0,BTBT
2025-01-28 12:40:00,2.955,2.9579,2.945,2.945,13548.0,BTBT
2025-01-28 12:39:00,2.955,2.96,2.955,2.96,2894.0,BTBT
2025-01-28 12:38:00,2.9501,2.9563,2.95,2.9561,3804.0,BTBT
2025-01-28 12:37:00,2.95,2.96,2.95,2.9599,14682.0,BTBT
2025-01-28 12:36:00,2.96,2.96,2.955,2.955,3308.0,BTBT
2025-01-28 12:35:00,2.945,2.96,2.945,2.955,44656.0,BTBT
2025-01-28 12:34:00,2.945,2.95,2.94,2.9489,20721.0,BTBT
2025-01-28 12:33:00,2.945,2.9499,2.945,2.945,22916.0,BTBT
2025-01-28 12:32:00,2.945,2.95,2.94,2.94,26523.0,BTBT
2025-01-28 12:31:00,2.95,2.96,2.94,2.945,39430.0,BTBT
2025-01-28 12:30:00,2.958,2.9589,2.955,2.9589,3884.0,BTBT
2025-01-28 12:29:00,2.9585,2.96,2.95,2.9567,47884.0,BTBT
2025-01-28 12:28:00,2.955,2.96,2.955,2.955,7213.0,BTBT
2025-01-28 12:27:00,2.955,2.9599,2.95,2.9522,26838.0,BTBT
2025-01-28 12:26:00,2.967,2.9699,2.95,2.9592,57309.0,BTBT
2025-01-28 12:25:00,2.97,2.98,2.964,2.965,77834.0,BTBT
2025-01-28 12:24:00,2.965,2.97,2.96,2.965,21652.0,BTBT
2025-01-28 12:23:00,2.96,2.97,2.96,2.965,21234.0,BTBT
2025-01-28 12:22:00,2.9579,2.97,2.955,2.9699,61383.0,BTBT
2025-01-28 12:21:00,2.955,2.96,2.95,2.955,47266.0,BTBT
2025-01-28 12:20:00,2.9699,2.97,2.95,2.955,74757.0,BTBT
2025-01-28 12:19:00,2.965,2.9686,2.9635,2.9686,13764.0,BTBT
2025-01-28 12:18:00,2.965,2.97,2.96,2.965,52851.0,BTBT
2025-01-28 12:17:00,2.965,2.97,2.96,2.9675,56255.0,BTBT
2025-01-28 12:16:00,2.968,2.97,2.965,2.965,12819.0,BTBT
2025-01-28 12:15:00,2.965,2.97,2.965,2.965,30240.0,BTBT
2025-01-28 12:14:00,2.96,2.97,2.96,2.9695,113257.0,BTBT
2025-01-28 12:13:00,2.96,2.96,2.955,2.955,16649.0,BTBT
2025-01-28 12:12:00,2.9595,2.96,2.95,2.955,57045.0,BTBT
2025-01-28 12:11:00,2.9668,2.9668,2.955,2.9599,55379.0,BTBT
2025-01-28 12:10:00,2.965,2.97,2.96,2.965,26565.0,BTBT
2025-01-28 12:09:00,2.955,2.97,2.955,2.97,65585.0,BTBT
2025-01-28 12:08:00,2.9567,2.96,2.955,2.955,10928.0,BTBT
2025-01-28 12:07:00,2.9498,2.96,2.945,2.955,79431.0,BTBT
2025-01-28 12:06:00,2.945,2.95,2.94,2.945,16797.0,BTBT
2025-01-28 12:05:00,2.9301,2.95,2.9301,2.94,66931.0,BTBT
2025-01-28 12:04:00,2.9399,2.94,2.93,2.93,26720.0,BTBT
2025-01-28 12:03:00,2.93,2.9362,2.925,2.935,39984.0,BTBT
2025-01-28 12:02:00,2.9205,2.93,2.92,2.9237,19152.0,BTBT
2025-01-28 12:01:00,2.925,2.93,2.92,2.9276,25829.0,BTBT
2025-01-28 12:00:00,2.9227,2.93,2.92,2.9285,16401.0,BTBT
2025-01-28 11:59:00,2.925,2.93,2.92,2.92,5861.0,BTBT
2025-01-28 11:58:00,2.925,2.9299,2.92,2.92,5108.0,BTBT
2025-01-28 11:57:00,2.925,2.9299,2.92,2.925,9964.0,BTBT
2025-01-28 11:56:00,2.925,2.93,2.92,2.9285,18350.0,BTBT
2025-01-28 11:55:00,2.92,2.93,2.92,2.92,18048.0,BTBT
2025-01-28 11:54:00,2.935,2.94,2.92,2.925,7070.0,BTBT
2025-01-28 11:53:00,2.9268,2.94,2.9243,2.935,24007.0,BTBT
2025-01-28 11:52:00,2.925,2.93,2.92,2.925,8552.0,BTBT
2025-01-28 11:51:00,2.935,2.935,2.924,2.9269,87979.0,BTBT
2025-01-28 11:50:00,2.945,2.95,2.935,2.935,54871.0,BTBT
2025-01-28 11:49:00,2.9471,2.95,2.94,2.945,15149.0,BTBT
2025-01-28 11:48:00,2.93,2.95,2.93,2.9437,53921.0,BTBT
2025-01-28 11:47:00,2.9382,2.94,2.93,2.935,8184.0,BTBT
2025-01-28 11:46:00,2.925,2.9368,2.92,2.9368,80478.0,BTBT
2025-01-28 11:45:00,2.93,2.93,2.92,2.92,21236.0,BTBT
2025-01-28 11:44:00,2.92,2.93,2.91,2.925,104206.0,BTBT
2025-01-28 11:43:00,2.915,2.92,2.91,2.9161,22244.0,BTBT
2025-01-28 11:42:00,2.92,2.93,2.91,2.915,135773.0,BTBT
2025-01-28 11:41:00,2.9268,2.93,2.92,2.9267,6884.0,BTBT
2025-01-28 11:40:00,2.925,2.93,2.92,2.9298,8850.0,BTBT
2025-01-28 11:39:00,2.9374,2.94,2.92,2.9216,69436.0,BTBT
2025-01-28 11:38:00,2.925,2.94,2.92,2.9307,128896.0,BTBT
2025-01-28 11:37:00,2.93,2.93,2.9201,2.93,48145.0,BTBT
2025-01-28 11:36:00,2.9271,2.93,2.9201,2.925,13236.0,BTBT
2025-01-28 11:35:00,2.9266,2.9295,2.925,2.925,17939.0,BTBT
2025-01-28 11:34:00,2.93,2.93,2.92,2.9218,50978.0,BTBT
2025-01-28 11:33:00,2.925,2.93,2.92,2.925,70426.0,BTBT
2025-01-28 11:32:00,2.925,2.93,2.92,2.925,37911.0,BTBT
2025-01-28 11:31:00,2.925,2.93,2.92,2.925,78438.0,BTBT
2025-01-28 11:30:00,2.925,2.93,2.92,2.925,37846.0,BTBT
2025-01-28 11:29:00,2.92,2.9279,2.92,2.92,18949.0,BTBT
2025-01-28 11:28:00,2.925,2.93,2.92,2.925,14268.0,BTBT
2025-01-28 11:27:00,2.925,2.93,2.92,2.925,18892.0,BTBT
2025-01-28 11:26:00,2.9201,2.93,2.92,2.925,18058.0,BTBT
2025-01-28 11:25:00,2.93,2.94,2.92,2.92,31666.0,BTBT
2025-01-28 11:24:00,2.945,2.95,2.93,2.94,26709.0,BTBT
2025-01-28 11:23:00,2.9465,2.95,2.935,2.945,96268.0,BTBT
2025-01-28 11:22:00,2.955,2.96,2.945,2.945,49064.0,BTBT
2025-01-28 11:21:00,2.955,2.96,2.95,2.955,38030.0,BTBT
2025-01-28 11:20:00,2.9501,2.9578,2.95,2.955,27081.0,BTBT
2025-01-28 11:19:00,2.965,2.97,2.9589,2.9589,42751.0,BTBT
2025-01-28 11:18:00,2.97,2.97,2.9601,2.965,34033.0,BTBT
2025-01-28 11:17:00,2.955,2.9682,2.95,2.9601,69305.0,BTBT
2025-01-28 11:16:00,2.985,2.987,2.94,2.957,980562.0,BTBT
2025-01-28 11:15:00,2.985,2.99,2.98,2.9889,23346.0,BTBT
2025-01-28 11:14:00,2.995,3.0,2.98,2.9899,42739.0,BTBT
2025-01-28 11:13:00,3.01,3.0169,2.99,2.995,214656.0,BTBT
2025-01-28 11:12:00,3.0148,3.02,3.0113,3.015,17011.0,BTBT
2025-01-28 11:11:00,3.01,3.017,3.01,3.015,9479.0,BTBT
2025-01-28 11:10:00,3.015,3.02,3.01,3.01,8970.0,BTBT
2025-01-28 11:09:00,3.01,3.02,3.0,3.0171,70413.0,BTBT
2025-01-28 11:08:00,3.005,3.01,3.0,3.009,44429.0,BTBT
2025-01-28 11:07:00,3.005,3.0099,3.0,3.005,12594.0,BTBT
2025-01-28 11:06:00,3.0,3.01,3.0,3.005,27848.0,BTBT
2025-01-28 11:05:00,3.0,3.01,3.0,3.0,33146.0,BTBT
2025-01-28 11:04:00,3.01,3.01,3.0,3.0,49648.0,BTBT
2025-01-28 11:03:00,3.005,3.01,3.0,3.005,29219.0,BTBT
2025-01-28 11:02:00,3.013,3.018,3.0,3.0067,177281.0,BTBT
2025-01-28 11:01:00,3.015,3.02,3.01,3.01,36145.0,BTBT
2025-01-28 11:00:00,3.0285,3.0285,3.01,3.015,14657.0,BTBT
2025-01-28 10:59:00,3.015,3.03,3.01,3.02,70538.0,BTBT
2025-01-28 10:58:00,3.02,3.02,3.01,3.01,51817.0,BTBT
2025-01-28 10:57:00,3.015,3.018,3.01,3.015,4030.0,BTBT
2025-01-28 10:56:00,3.015,3.0195,3.01,3.01,12632.0,BTBT
2025-01-28 10:55:00,3.015,3.02,3.01,3.015,28011.0,BTBT
2025-01-28 10:54:00,3.025,3.0289,3.0118,3.0118,24014.0,BTBT
2025-01-28 10:53:00,3.035,3.036,3.0225,3.025,22637.0,BTBT
2025-01-28 10:52:00,3.03,3.04,3.03,3.035,5419.0,BTBT
2025-01-28 10:51:00,3.045,3.045,3.03,3.035,17595.0,BTBT
2025-01-28 10:50:00,3.045,3.046,3.04,3.045,3880.0,BTBT
2025-01-28 10:49:00,3.04,3.045,3.04,3.0402,17027.0,BTBT
2025-01-28 10:48:00,3.0392,3.0499,3.03,3.04,113169.0,BTBT
2025-01-28 10:47:00,3.045,3.0485,3.03,3.035,38992.0,BTBT
2025-01-28 10:46:00,3.03,3.05,3.03,3.05,127041.0,BTBT
2025-01-28 10:45:00,3.065,3.065,3.03,3.04,181260.0,BTBT
2025-01-28 10:44:00,3.065,3.0661,3.06,3.065,25664.0,BTBT
2025-01-28 10:43:00,3.06,3.07,3.06,3.06,50270.0,BTBT
2025-01-28 10:42:00,3.08,3.08,3.06,3.0699,118394.0,BTBT
2025-01-28 10:41:00,3.0811,3.085,3.07,3.075,71878.0,BTBT
2025-01-28 10:40:00,3.075,3.09,3.07,3.0826,73965.0,BTBT
2025-01-28 10:39:00,3.0798,3.08,3.07,3.0789,21763.0,BTBT
2025-01-28 10:38:00,3.09,3.09,3.07,3.075,109416.0,BTBT
2025-01-28 10:37:00,3.095,3.1,3.08,3.08,35479.0,BTBT
2025-01-28 10:36:00,3.095,3.1,3.08,3.0918,176100.0,BTBT
2025-01-28 10:35:00,3.095,3.1,3.0901,3.095,18654.0,BTBT
2025-01-28 10:34:00,3.095,3.1,3.09,3.0999,31985.0,BTBT
2025-01-28 10:33:00,3.095,3.1,3.09,3.095,5937.0,BTBT
2025-01-28 10:32:00,3.1,3.1,3.09,3.09,51884.0,BTBT
2025-01-28 10:31:00,3.115,3.12,3.1,3.105,20437.0,BTBT
2025-01-28 10:30:00,3.105,3.115,3.1,3.1101,55204.0,BTBT
2025-01-28 10:29:00,3.1009,3.1099,3.1,3.105,9266.0,BTBT
2025-01-28 10:28:00,3.1,3.11,3.09,3.105,68954.0,BTBT
2025-01-28 10:27:00,3.0997,3.11,3.09,3.1034,26652.0,BTBT
2025-01-28 10:26:00,3.105,3.1097,3.0907,3.0907,8392.0,BTBT
2025-01-28 10:25:00,3.1,3.11,3.09,3.105,71371.0,BTBT
2025-01-28 10:24:00,3.105,3.11,3.09,3.095,25302.0,BTBT
2025-01-28 10:23:00,3.1077,3.11,3.1,3.1,16231.0,BTBT
2025-01-28 10:22:00,3.0901,3.1095,3.0901,3.1002,48078.0,BTBT
2025-01-28 10:21:00,3.085,3.1,3.08,3.09,36637.0,BTBT
2025-01-28 10:20:00,3.0898,3.09,3.08,3.085,18375.0,BTBT
2025-01-28 10:19:00,3.0819,3.0898,3.0801,3.0801,16397.0,BTBT
2025-01-28 10:18:00,3.105,3.1099,3.08,3.085,31073.0,BTBT
2025-01-28 10:17:00,3.085,3.11,3.08,3.105,57070.0,BTBT
2025-01-28 10:16:00,3.085,3.0855,3.0815,3.0855,14938.0,BTBT
2025-01-28 10:15:00,3.095,3.095,3.08,3.09,34792.0,BTBT
2025-01-28 10:14:00,3.09,3.095,3.0867,3.095,17210.0,BTBT
2025-01-28 10:13:00,3.085,3.09,3.08,3.085,9058.0,BTBT
2025-01-28 10:12:00,3.095,3.095,3.08,3.0899,24830.0,BTBT
2025-01-28 10:11:00,3.095,3.1,3.09,3.096,4758.0,BTBT
2025-01-28 10:10:00,3.085,3.1,3.08,3.095,51479.0,BTBT
2025-01-28 10:09:00,3.095,3.11,3.085,3.085,41093.0,BTBT
2025-01-28 10:08:00,3.1,3.1,3.09,3.1,28969.0,BTBT
2025-01-28 10:07:00,3.11,3.1173,3.1005,3.105,20107.0,BTBT
2025-01-28 10:06:00,3.095,3.11,3.095,3.106,52023.0,BTBT
2025-01-28 10:05:00,3.0991,3.1,3.09,3.1,21964.0,BTBT
2025-01-28 10:04:00,3.1,3.1079,3.09,3.098,31258.0,BTBT
2025-01-28 10:03:00,3.1086,3.1086,3.09,3.105,36701.0,BTBT
2025-01-28 10:02:00,3.095,3.11,3.09,3.1,67228.0,BTBT
2025-01-28 10:01:00,3.085,3.1,3.0801,3.095,78031.0,BTBT
2025-01-28 10:00:00,3.09,3.09,3.08,3.08,48031.0,BTBT
2025-01-28 09:59:00,3.095,3.1,3.09,3.09,25640.0,BTBT
2025-01-28 09:58:00,3.08,3.11,3.08,3.095,58344.0,BTBT
2025-01-28 09:57:00,3.08,3.09,3.08,3.085,36824.0,BTBT
2025-01-28 09:56:00,3.075,3.08,3.07,3.075,22134.0,BTBT
2025-01-28 09:55:00,3.085,3.085,3.07,3.07,12279.0,BTBT
2025-01-28 09:54:00,3.09,3.09,3.08,3.09,17996.0,BTBT
2025-01-28 09:53:00,3.085,3.0999,3.07,3.09,55385.0,BTBT
2025-01-28 09:52:00,3.09,3.095,3.08,3.085,37436.0,BTBT
2025-01-28 09:51:00,3.06,3.085,3.06,3.085,31784.0,BTBT
2025-01-28 09:50:00,3.09,3.09,3.055,3.065,57692.0,BTBT
2025-01-28 09:49:00,3.065,3.0899,3.06,3.0815,78489.0,BTBT
2025-01-28 09:48:00,3.05,3.07,3.045,3.0699,103793.0,BTBT
2025-01-28 09:47:00,3.055,3.06,3.04,3.0473,35531.0,BTBT
2025-01-28 09:46:00,3.045,3.07,3.045,3.055,79968.0,BTBT
2025-01-28 09:45:00,3.035,3.0582,3.0305,3.045,52189.0,BTBT
2025-01-28 09:44:00,3.0376,3.04,3.03,3.03,7962.0,BTBT
2025-01-28 09:43:00,3.02,3.04,3.02,3.0376,58166.0,BTBT
2025-01-28 09:42:00,3.0299,3.03,3.02,3.02,35764.0,BTBT
2025-01-28 09:41:00,3.063,3.065,3.025,3.028,38063.0,BTBT
2025-01-28 09:40:00,3.035,3.065,3.035,3.065,102840.0,BTBT
2025-01-28 09:39:00,3.035,3.05,3.03,3.03,36009.0,BTBT
2025-01-28 09:38:00,3.0351,3.04,3.03,3.0305,15625.0,BTBT
2025-01-28 09:37:00,3.04,3.045,3.03,3.035,46080.0,BTBT
2025-01-28 09:36:00,3.055,3.0593,3.04,3.0495,42369.0,BTBT
2025-01-28 09:35:00,3.055,3.07,3.05,3.0591,85373.0,BTBT
2025-01-28 09:34:00,3.075,3.075,3.05,3.055,48455.0,BTBT
2025-01-28 09:33:00,3.085,3.095,3.07,3.07,40694.0,BTBT
2025-01-28 09:32:00,3.105,3.105,3.08,3.085,42604.0,BTBT
2025-01-28 09:31:00,3.135,3.15,3.1,3.1095,54514.0,BTBT
2025-01-28 09:30:00,3.17,3.18,3.14,3.14,89943.0,BTBT
2025-01-28 09:28:00,3.18,3.18,3.18,3.18,1553.0,BTBT
2025-01-28 09:26:00,3.1792,3.1792,3.1792,3.1792,20.0,BTBT
2025-01-28 09:25:00,3.17,3.18,3.15,3.18,2584.0,BTBT
2025-01-28 09:23:00,3.15,3.15,3.14,3.14,225.0,BTBT
2025-01-28 09:22:00,3.15,3.15,3.15,3.15,62.0,BTBT
2025-01-28 09:21:00,3.15,3.15,3.1499,3.1499,31.0,BTBT
2025-01-28 09:20:00,3.1401,3.1401,3.1401,3.1401,3.0,BTBT
2025-01-28 09:19:00,3.15,3.15,3.15,3.15,2.0,BTBT
2025-01-28 09:18:00,3.1499,3.15,3.1499,3.15,107.0,BTBT
2025-01-28 09:17:00,3.15,3.15,3.15,3.15,7502.0,BTBT
2025-01-28 09:16:00,3.15,3.16,3.15,3.16,45.0,BTBT
2025-01-28 09:15:00,3.15,3.15,3.15,3.15,10000.0,BTBT
2025-01-28 09:14:00,3.15,3.1501,3.15,3.1501,2000.0,BTBT
2025-01-28 09:12:00,3.15,3.15,3.15,3.15,300.0,BTBT
2025-01-28 09:11:00,3.16,3.16,3.16,3.16,42.0,BTBT
2025-01-28 09:10:00,3.16,3.16,3.16,3.16,14.0,BTBT
2025-01-28 09:08:00,3.15,3.15,3.15,3.15,1200.0,BTBT
2025-01-28 09:07:00,3.15,3.1501,3.15,3.1501,3550.0,BTBT
2025-01-28 09:06:00,3.15,3.1501,3.15,3.1501,1000.0,BTBT
2025-01-28 09:05:00,3.17,3.17,3.17,3.17,350.0,BTBT
2025-01-28 09:04:00,3.1699,3.17,3.1699,3.17,130.0,BTBT
2025-01-28 09:03:00,3.17,3.17,3.17,3.17,151.0,BTBT
2025-01-28 09:02:00,3.177,3.1799,3.17,3.1799,1633.0,BTBT
2025-01-28 09:01:00,3.16,3.16,3.16,3.16,1.0,BTBT
2025-01-28 08:59:00,3.17,3.17,3.17,3.17,7.0,BTBT
2025-01-28 08:57:00,3.17,3.17,3.16,3.16,960.0,BTBT
2025-01-28 08:55:00,3.1699,3.1699,3.1603,3.1603,245.0,BTBT
2025-01-28 08:54:00,3.17,3.17,3.17,3.17,10.0,BTBT
2025-01-28 08:53:00,3.15,3.17,3.15,3.16,2088.0,BTBT
2025-01-28 08:52:00,3.17,3.17,3.17,3.17,200.0,BTBT
2025-01-28 08:50:00,3.1602,3.1602,3.1602,3.1602,500.0,BTBT
2025-01-28 08:49:00,3.16,3.17,3.16,3.16,7920.0,BTBT
2025-01-28 08:48:00,3.16,3.1698,3.16,3.1602,1600.0,BTBT
2025-01-28 08:47:00,3.17,3.17,3.17,3.17,750.0,BTBT
2025-01-28 08:44:00,3.16,3.16,3.16,3.16,1.0,BTBT
2025-01-28 08:43:00,3.17,3.17,3.17,3.17,10.0,BTBT
2025-01-28 08:38:00,3.1699,3.1699,3.1697,3.1697,69.0,BTBT
2025-01-28 08:37:00,3.1699,3.1699,3.1699,3.1699,25.0,BTBT
2025-01-28 08:35:00,3.16,3.16,3.16,3.16,134.0,BTBT
2025-01-28 08:34:00,3.16,3.16,3.16,3.16,39.0,BTBT
2025-01-28 08:33:00,3.16,3.16,3.16,3.16,100.0,BTBT
2025-01-28 08:32:00,3.15,3.15,3.15,3.15,14.0,BTBT
2025-01-28 08:30:00,3.17,3.17,3.15,3.15,11310.0,BTBT
2025-01-28 08:29:00,3.15,3.16,3.15,3.16,5500.0,BTBT
2025-01-28 08:28:00,3.17,3.17,3.17,3.17,2.0,BTBT
2025-01-28 08:27:00,3.15,3.15,3.15,3.15,6001.0,BTBT
2025-01-28 08:26:00,3.15,3.16,3.15,3.1599,13415.0,BTBT
2025-01-28 08:25:00,3.155,3.16,3.15,3.1599,9106.0,BTBT
2025-01-28 08:24:00,3.1598,3.1598,3.1598,3.1598,9.0,BTBT
2025-01-28 08:23:00,3.16,3.16,3.16,3.16,99.0,BTBT
2025-01-28 08:18:00,3.16,3.16,3.16,3.16,290.0,BTBT
2025-01-28 08:17:00,3.1598,3.1599,3.1598,3.1599,1000.0,BTBT
2025-01-28 08:15:00,3.15,3.15,3.15,3.15,200.0,BTBT
2025-01-28 08:13:00,3.15,3.15,3.15,3.15,19812.0,BTBT
2025-01-28 08:12:00,3.145,3.145,3.14,3.14,1593.0,BTBT
2025-01-28 08:11:00,3.15,3.15,3.15,3.15,10.0,BTBT
2025-01-28 08:10:00,3.1498,3.15,3.1498,3.15,1009.0,BTBT
2025-01-28 08:09:00,3.15,3.1501,3.15,3.1501,1276.0,BTBT
2025-01-28 08:08:00,3.1598,3.1598,3.1598,3.1598,30.0,BTBT
2025-01-28 08:07:00,3.16,3.1601,3.16,3.1601,2800.0,BTBT
2025-01-28 08:05:00,3.17,3.17,3.17,3.17,100.0,BTBT
2025-01-28 08:04:00,3.16,3.17,3.16,3.17,120.0,BTBT
2025-01-28 08:03:00,3.17,3.17,3.1698,3.1698,3.0,BTBT
2025-01-28 08:02:00,3.17,3.17,3.17,3.17,1.0,BTBT
2025-01-28 08:01:00,3.169,3.17,3.16,3.16,4210.0,BTBT
2025-01-28 08:00:00,3.17,3.26,3.13,3.2588,29876.0,BTBT
2025-01-28 07:58:00,3.13,3.14,3.13,3.14,2417.0,BTBT
2025-01-28 07:57:00,3.13,3.13,3.13,3.13,50.0,BTBT
2025-01-28 07:56:00,3.13,3.13,3.13,3.13,50.0,BTBT
2025-01-28 07:55:00,3.13,3.13,3.13,3.13,200.0,BTBT
2025-01-28 07:50:00,3.14,3.14,3.14,3.14,1462.0,BTBT
2025-01-28 07:48:00,3.14,3.14,3.14,3.14,50.0,BTBT
2025-01-28 07:47:00,3.14,3.14,3.14,3.14,2.0,BTBT
2025-01-28 07:46:00,3.14,3.14,3.14,3.14,51.0,BTBT
2025-01-28 07:45:00,3.14,3.14,3.14,3.14,100.0,BTBT
2025-01-28 07:44:00,3.15,3.15,3.14,3.14,1390.0,BTBT
2025-01-28 07:43:00,3.16,3.16,3.15,3.15,8757.0,BTBT
2025-01-28 07:40:00,3.16,3.16,3.16,3.16,353.0,BTBT
2025-01-28 07:39:00,3.17,3.17,3.17,3.17,5.0,BTBT
2025-01-28 07:36:00,3.17,3.17,3.17,3.17,633.0,BTBT
2025-01-28 07:34:00,3.17,3.17,3.17,3.17,500.0,BTBT
2025-01-28 07:33:00,3.17,3.17,3.17,3.17,10.0,BTBT
2025-01-28 07:30:00,3.16,3.17,3.16,3.17,22.0,BTBT
2025-01-28 07:29:00,3.17,3.17,3.17,3.17,100.0,BTBT
2025-01-28 07:26:00,3.171,3.171,3.171,3.171,200.0,BTBT
2025-01-28 07:24:00,3.17,3.17,3.17,3.17,1600.0,BTBT
2025-01-28 07:23:00,3.17,3.18,3.17,3.18,412.0,BTBT
2025-01-28 07:22:00,3.18,3.18,3.18,3.18,3.0,BTBT
2025-01-28 07:20:00,3.17,3.17,3.17,3.17,600.0,BTBT
2025-01-28 07:19:00,3.18,3.18,3.17,3.17,1500.0,BTBT
2025-01-28 07:18:00,3.17,3.18,3.17,3.18,1213.0,BTBT
2025-01-28 07:17:00,3.19,3.19,3.17,3.17,2887.0,BTBT
2025-01-28 07:11:00,3.19,3.2,3.18,3.2,200.0,BTBT
2025-01-28 07:10:00,3.2,3.2,3.2,3.2,1263.0,BTBT
2025-01-28 07:08:00,3.21,3.22,3.21,3.22,313.0,BTBT
2025-01-28 07:07:00,3.2,3.2,3.2,3.2,100.0,BTBT
2025-01-28 07:06:00,3.2,3.2,3.2,3.2,337.0,BTBT
2025-01-28 07:05:00,3.2,3.2,3.2,3.2,10.0,BTBT
2025-01-28 07:04:00,3.22,3.22,3.2,3.2,280.0,BTBT
2025-01-28 07:03:00,3.21,3.21,3.21,3.21,124.0,BTBT
2025-01-28 07:02:00,3.21,3.21,3.21,3.21,102.0,BTBT
2025-01-28 07:01:00,3.22,3.22,3.21,3.21,5418.0,BTBT
2025-01-28 07:00:00,3.19,3.23,3.19,3.22,17270.0,BTBT
2025-01-28 06:58:00,3.195,3.195,3.195,3.195,27.0,BTBT
2025-01-28 06:57:00,3.22,3.22,3.2,3.2,5740.0,BTBT
2025-01-28 06:54:00,3.23,3.23,3.23,3.23,50.0,BTBT
2025-01-28 06:52:00,3.22,3.23,3.22,3.23,1000.0,BTBT
2025-01-28 06:51:00,3.225,3.225,3.22,3.22,90.0,BTBT
2025-01-28 06:49:00,3.225,3.225,3.225,3.225,101.0,BTBT
2025-01-28 06:48:00,3.23,3.23,3.23,3.23,750.0,BTBT
2025-01-28 06:36:00,3.235,3.235,3.235,3.235,30.0,BTBT
2025-01-28 06:35:00,3.23,3.23,3.23,3.23,50.0,BTBT
2025-01-28 06:32:00,3.24,3.24,3.24,3.24,999.0,BTBT
2025-01-28 06:31:00,3.22,3.23,3.22,3.23,3257.0,BTBT
2025-01-28 06:30:00,3.2,3.21,3.2,3.21,2342.0,BTBT
2025-01-28 06:29:00,3.2,3.2,3.2,3.2,50.0,BTBT
2025-01-28 06:28:00,3.2,3.2,3.2,3.2,50.0,BTBT
2025-01-28 06:27:00,3.2,3.2,3.2,3.2,210.0,BTBT
2025-01-28 06:25:00,3.2,3.2,3.2,3.2,200.0,BTBT
2025-01-28 06:22:00,3.215,3.215,3.21,3.21,676.0,BTBT
2025-01-28 06:20:00,3.21,3.21,3.21,3.21,30.0,BTBT
2025-01-28 06:18:00,3.22,3.22,3.22,3.22,2640.0,BTBT
2025-01-28 06:17:00,3.23,3.23,3.23,3.23,2.0,BTBT
2025-01-28 06:12:00,3.23,3.23,3.23,3.23,5.0,BTBT
2025-01-28 06:11:00,3.23,3.23,3.23,3.23,1.0,BTBT
2025-01-28 06:06:00,3.23,3.23,3.23,3.23,7.0,BTBT
2025-01-28 06:05:00,3.22,3.23,3.22,3.23,43.0,BTBT
2025-01-28 05:59:00,3.23,3.23,3.23,3.23,50.0,BTBT
2025-01-28 05:58:00,3.23,3.23,3.23,3.23,4.0,BTBT
2025-01-28 05:56:00,3.22,3.22,3.22,3.22,117.0,BTBT
2025-01-28 05:45:00,3.23,3.23,3.225,3.23,2464.0,BTBT
2025-01-28 05:37:00,3.235,3.235,3.23,3.23,81.0,BTBT
2025-01-28 05:34:00,3.25,3.25,3.24,3.24,1848.0,BTBT
2025-01-28 05:28:00,3.255,3.255,3.255,3.255,100.0,BTBT
2025-01-28 05:21:00,3.25,3.25,3.245,3.25,7568.0,BTBT
2025-01-28 05:12:00,3.24,3.24,3.24,3.24,100.0,BTBT
2025-01-28 05:07:00,3.24,3.24,3.23,3.23,28.0,BTBT
2025-01-28 05:06:00,3.23,3.23,3.23,3.23,311.0,BTBT
2025-01-28 05:05:00,3.23,3.23,3.23,3.23,5.0,BTBT
2025-01-28 05:03:00,3.23,3.23,3.22,3.22,50.0,BTBT
2025-01-28 04:59:00,3.23,3.23,3.22,3.22,433.0,BTBT
2025-01-28 04:47:00,3.22,3.22,3.22,3.22,55.0,BTBT
2025-01-28 04:46:00,3.21,3.21,3.21,3.21,200.0,BTBT
2025-01-28 04:44:00,3.21,3.22,3.21,3.22,50.0,BTBT
2025-01-28 04:38:00,3.21,3.21,3.21,3.21,351.0,BTBT
2025-01-28 04:36:00,3.22,3.22,3.22,3.22,30.0,BTBT
2025-01-28 04:28:00,3.23,3.23,3.21,3.21,601.0,BTBT
2025-01-28 04:26:00,3.23,3.23,3.23,3.23,140.0,BTBT
2025-01-28 04:24:00,3.24,3.24,3.24,3.24,101.0,BTBT
2025-01-28 04:23:00,3.24,3.24,3.24,3.24,990.0,BTBT
2025-01-28 04:22:00,3.24,3.24,3.24,3.24,10.0,BTBT
2025-01-28 04:20:00,3.24,3.24,3.24,3.24,1.0,BTBT
2025-01-28 04:19:00,3.24,3.24,3.24,3.24,227.0,BTBT
2025-01-28 04:18:00,3.23,3.24,3.23,3.24,2000.0,BTBT
2025-01-28 04:16:00,3.23,3.23,3.23,3.23,646.0,BTBT
2025-01-28 04:15:00,3.24,3.24,3.24,3.24,100.0,BTBT
2025-01-28 04:14:00,3.23,3.23,3.23,3.23,80.0,BTBT
2025-01-28 04:12:00,3.23,3.23,3.23,3.23,2000.0,BTBT
2025-01-28 04:09:00,3.23,3.24,3.23,3.24,52.0,BTBT
2025-01-28 04:08:00,3.23,3.23,3.23,3.23,1.0,BTBT
2025-01-28 04:07:00,3.23,3.25,3.23,3.24,2170.0,BTBT
2025-01-28 04:06:00,3.24,3.24,3.22,3.22,3654.0,BTBT
2025-01-28 04:05:00,3.24,3.24,3.24,3.24,30.0,BTBT
2025-01-28 04:03:00,3.24,3.24,3.24,3.24,2.0,BTBT
2025-01-28 04:02:00,3.25,3.25,3.25,3.25,200.0,BTBT
2025-01-28 04:01:00,3.27,3.27,3.25,3.25,3542.0,BTBT
2025-01-28 04:00:00,3.32,3.32,3.18,3.26,533.0,BTBT
2025-01-27 19:56:00,3.16,3.16,3.16,3.16,45.0,BTBT
2025-01-27 19:55:00,3.16,3.16,3.16,3.16,300.0,BTBT
2025-01-27 19:54:00,3.16,3.17,3.16,3.1697,6720.0,BTBT
2025-01-27 19:53:00,3.1699,3.17,3.16,3.16,826.0,BTBT
2025-01-27 19:52:00,3.16,3.17,3.16,3.17,2600.0,BTBT
2025-01-27 19:51:00,3.1699,3.1699,3.1699,3.1699,1.0,BTBT
2025-01-27 19:50:00,3.17,3.17,3.17,3.17,4.0,BTBT
2025-01-27 19:47:00,3.16,3.16,3.16,3.16,100.0,BTBT
2025-01-27 19:46:00,3.1697,3.1697,3.16,3.16,510.0,BTBT
2025-01-27 19:45:00,3.1697,3.1697,3.1697,3.1697,25.0,BTBT
2025-01-27 19:43:00,3.16,3.16,3.16,3.16,19.0,BTBT
2025-01-27 19:42:00,3.17,3.17,3.16,3.16,335.0,BTBT
2025-01-27 19:40:00,3.17,3.17,3.17,3.17,25.0,BTBT
2025-01-27 19:38:00,3.16,3.16,3.15,3.16,300.0,BTBT
2025-01-27 19:36:00,3.18,3.18,3.18,3.18,400.0,BTBT
2025-01-27 19:32:00,3.15,3.15,3.15,3.15,2.0,BTBT
2025-01-27 19:31:00,3.1795,3.1795,3.1795,3.1795,25.0,BTBT
2025-01-27 19:29:00,3.18,3.18,3.18,3.18,2000.0,BTBT
2025-01-27 19:28:00,3.18,3.18,3.18,3.18,150.0,BTBT
2025-01-27 19:26:00,3.18,3.18,3.1791,3.1791,153.0,BTBT
2025-01-27 19:25:00,3.18,3.18,3.18,3.18,100.0,BTBT
2025-01-27 19:24:00,3.17,3.18,3.17,3.18,356.0,BTBT
2025-01-27 19:23:00,3.17,3.1792,3.17,3.1792,58.0,BTBT
2025-01-27 19:22:00,3.18,3.18,3.18,3.18,5.0,BTBT
2025-01-27 19:21:00,3.17,3.18,3.16,3.18,16.0,BTBT
2025-01-27 19:19:00,3.17,3.17,3.17,3.17,150.0,BTBT
2025-01-27 19:18:00,3.17,3.17,3.17,3.17,1000.0,BTBT
2025-01-27 19:17:00,3.17,3.17,3.17,3.17,100.0,BTBT
2025-01-27 19:16:00,3.17,3.17,3.17,3.17,30.0,BTBT
2025-01-27 19:15:00,3.1697,3.17,3.1695,3.1695,301.0,BTBT
2025-01-27 19:14:00,3.17,3.17,3.17,3.17,10.0,BTBT
2025-01-27 19:13:00,3.1695,3.17,3.1695,3.17,503.0,BTBT
2025-01-27 19:12:00,3.155,3.16,3.155,3.16,501.0,BTBT
2025-01-27 19:10:00,3.16,3.16,3.16,3.16,20.0,BTBT
2025-01-27 19:09:00,3.155,3.155,3.155,3.155,5.0,BTBT
2025-01-27 19:08:00,3.16,3.16,3.16,3.16,10.0,BTBT
2025-01-27 19:06:00,3.1597,3.1597,3.1597,3.1597,1000.0,BTBT
2025-01-27 19:05:00,3.16,3.16,3.16,3.16,47.0,BTBT
2025-01-27 19:03:00,3.15,3.16,3.15,3.16,3294.0,BTBT
2025-01-27 19:02:00,3.16,3.16,3.1597,3.16,617.0,BTBT
2025-01-27 19:01:00,3.155,3.155,3.15,3.15,295.0,BTBT
2025-01-27 19:00:00,3.16,3.16,3.15,3.15,410.0,BTBT
2025-01-27 18:58:00,3.1599,3.16,3.1599,3.16,42.0,BTBT
2025-01-27 18:57:00,3.16,3.16,3.16,3.16,200.0,BTBT
2025-01-27 18:56:00,3.16,3.16,3.16,3.16,1.0,BTBT
2025-01-27 18:55:00,3.155,3.155,3.155,3.155,6.0,BTBT
2025-01-27 18:54:00,3.16,3.16,3.16,3.16,32.0,BTBT
2025-01-27 18:53:00,3.16,3.16,3.16,3.16,70.0,BTBT
2025-01-27 18:52:00,3.1599,3.1599,3.1599,3.1599,1.0,BTBT
2025-01-27 18:51:00,3.16,3.16,3.16,3.16,156.0,BTBT
2025-01-27 18:50:00,3.16,3.16,3.16,3.16,58.0,BTBT
2025-01-27 18:49:00,3.1799,3.1799,3.16,3.16,24195.0,BTBT
2025-01-27 18:48:00,3.17,3.17,3.17,3.17,11.0,BTBT
2025-01-27 18:46:00,3.18,3.18,3.18,3.18,200.0,BTBT
2025-01-27 18:44:00,3.17,3.17,3.17,3.17,6166.0,BTBT
2025-01-27 18:43:00,3.18,3.18,3.17,3.17,2103.0,BTBT
2025-01-27 18:41:00,3.1702,3.1798,3.1702,3.1798,300.0,BTBT
2025-01-27 18:40:00,3.17,3.17,3.17,3.17,30.0,BTBT
2025-01-27 18:38:00,3.18,3.18,3.17,3.17,101.0,BTBT
2025-01-27 18:37:00,3.17,3.17,3.17,3.17,492.0,BTBT
2025-01-27 18:36:00,3.17,3.17,3.17,3.17,1100.0,BTBT
2025-01-27 18:35:00,3.18,3.18,3.17,3.17,6110.0,BTBT
2025-01-27 18:33:00,3.1799,3.18,3.1799,3.18,2000.0,BTBT
2025-01-27 18:32:00,3.1797,3.1797,3.1797,3.1797,1000.0,BTBT
2025-01-27 18:30:00,3.1701,3.1701,3.1701,3.1701,500.0,BTBT
2025-01-27 18:29:00,3.18,3.18,3.18,3.18,100.0,BTBT
2025-01-27 18:28:00,3.1798,3.18,3.17,3.18,3002.0,BTBT
2025-01-27 18:26:00,3.18,3.18,3.18,3.18,8.0,BTBT
2025-01-27 18:25:00,3.17,3.17,3.17,3.17,3.0,BTBT
2025-01-27 18:24:00,3.17,3.17,3.17,3.17,2659.0,BTBT
2025-01-27 18:21:00,3.17,3.17,3.17,3.17,100.0,BTBT
2025-01-27 18:20:00,3.16,3.18,3.16,3.18,320.0,BTBT
2025-01-27 18:16:00,3.17,3.17,3.15,3.15,3563.0,BTBT
2025-01-27 18:15:00,3.16,3.16,3.16,3.16,195.0,BTBT
2025-01-27 18:14:00,3.18,3.18,3.16,3.17,25.0,BTBT
2025-01-27 18:13:00,3.18,3.18,3.17,3.17,20.0,BTBT
2025-01-27 18:12:00,3.17,3.18,3.17,3.18,601.0,BTBT
2025-01-27 18:11:00,3.1599,3.16,3.1599,3.16,52.0,BTBT
2025-01-27 18:10:00,3.17,3.17,3.16,3.16,1400.0,BTBT
2025-01-27 18:09:00,3.17,3.17,3.17,3.17,50.0,BTBT
2025-01-27 18:07:00,3.17,3.18,3.17,3.18,228.0,BTBT
2025-01-27 18:06:00,3.17,3.17,3.1694,3.1694,81.0,BTBT
2025-01-27 18:05:00,3.17,3.17,3.17,3.17,30.0,BTBT
2025-01-27 18:03:00,3.16,3.16,3.16,3.16,25.0,BTBT
2025-01-27 18:02:00,3.16,3.17,3.16,3.17,4649.0,BTBT
2025-01-27 18:01:00,3.1598,3.1598,3.1598,3.1598,100.0,BTBT
2025-01-27 17:59:00,3.16,3.16,3.16,3.16,10.0,BTBT
2025-01-27 17:58:00,3.15,3.15,3.15,3.15,3.0,BTBT
2025-01-27 17:57:00,3.15,3.15,3.15,3.15,329.0,BTBT
2025-01-27 17:56:00,3.1502,3.1502,3.15,3.15,1162.0,BTBT
2025-01-27 17:52:00,3.1597,3.1597,3.1597,3.1597,181.0,BTBT
2025-01-27 17:51:00,3.15,3.16,3.15,3.16,130.0,BTBT
2025-01-27 17:50:00,3.1599,3.1599,3.1599,3.1599,30.0,BTBT
2025-01-27 17:47:00,3.15,3.15,3.15,3.15,200.0,BTBT
2025-01-27 17:46:00,3.16,3.16,3.15,3.15,2375.0,BTBT
2025-01-27 17:45:00,3.15,3.15,3.15,3.15,17.0,BTBT
2025-01-27 17:43:00,3.1597,3.1597,3.1597,3.1597,1.0,BTBT
2025-01-27 17:42:00,3.16,3.16,3.16,3.16,50.0,BTBT
2025-01-27 17:41:00,3.16,3.16,3.16,3.16,500.0,BTBT
2025-01-27 17:39:00,3.16,3.16,3.16,3.16,300.0,BTBT
2025-01-27 17:38:00,3.16,3.16,3.16,3.16,309.0,BTBT
2025-01-27 17:37:00,3.16,3.16,3.16,3.16,24.0,BTBT
2025-01-27 17:36:00,3.1597,3.16,3.1597,3.16,150.0,BTBT
2025-01-27 17:35:00,3.15,3.15,3.15,3.15,11.0,BTBT
2025-01-27 17:34:00,3.16,3.16,3.15,3.15,137.0,BTBT
2025-01-27 17:33:00,3.16,3.16,3.16,3.16,441.0,BTBT
2025-01-27 17:31:00,3.16,3.16,3.15,3.15,600.0,BTBT
2025-01-27 17:29:00,3.14,3.15,3.14,3.15,1142.0,BTBT
2025-01-27 17:28:00,3.14,3.14,3.14,3.14,30.0,BTBT
2025-01-27 17:27:00,3.14,3.14,3.14,3.14,700.0,BTBT
2025-01-27 17:20:00,3.14,3.14,3.14,3.14,42.0,BTBT
2025-01-27 17:19:00,3.14,3.14,3.14,3.14,100.0,BTBT
2025-01-27 17:17:00,3.1397,3.14,3.1397,3.14,20.0,BTBT
2025-01-27 17:16:00,3.14,3.14,3.14,3.14,5.0,BTBT
2025-01-27 17:15:00,3.1398,3.14,3.1398,3.14,1294.0,BTBT
2025-01-27 17:14:00,3.14,3.14,3.13,3.13,11.0,BTBT
2025-01-27 17:13:00,3.14,3.14,3.14,3.14,1.0,BTBT
2025-01-27 17:12:00,3.1399,3.1399,3.135,3.135,900.0,BTBT
2025-01-27 17:10:00,3.1398,3.1398,3.1398,3.1398,35.0,BTBT
2025-01-27 17:07:00,3.14,3.14,3.1399,3.1399,3382.0,BTBT
2025-01-27 17:06:00,3.1399,3.1399,3.1399,3.1399,18.0,BTBT
2025-01-27 17:04:00,3.1398,3.1398,3.1398,3.1398,2000.0,BTBT
2025-01-27 17:03:00,3.14,3.14,3.14,3.14,50.0,BTBT
2025-01-27 17:02:00,3.13,3.1398,3.13,3.1398,88.0,BTBT
2025-01-27 17:01:00,3.1398,3.14,3.13,3.13,103.0,BTBT
2025-01-27 17:00:00,3.1397,3.1397,3.13,3.13,94.0,BTBT
2025-01-27 16:59:00,3.13,3.13,3.13,3.13,38.0,BTBT
2025-01-27 16:58:00,3.13,3.13,3.13,3.13,2320.0,BTBT
2025-01-27 16:55:00,3.13,3.14,3.13,3.14,1280.0,BTBT
2025-01-27 16:52:00,3.14,3.14,3.13,3.14,3200.0,BTBT
2025-01-27 16:51:00,3.1397,3.14,3.1397,3.14,208.0,BTBT
2025-01-27 16:50:00,3.14,3.14,3.14,3.14,100.0,BTBT
2025-01-27 16:49:00,3.14,3.14,3.1398,3.1398,202.0,BTBT
2025-01-27 16:48:00,3.14,3.14,3.14,3.14,550.0,BTBT
2025-01-27 16:46:00,3.14,3.14,3.14,3.14,125.0,BTBT
2025-01-27 16:44:00,3.14,3.14,3.14,3.14,100.0,BTBT
2025-01-27 16:43:00,3.1399,3.14,3.1399,3.14,3101.0,BTBT
2025-01-27 16:42:00,3.14,3.14,3.1398,3.1398,501.0,BTBT
2025-01-27 16:41:00,3.1302,3.1302,3.1302,3.1302,2805.0,BTBT
2025-01-27 16:39:00,3.14,3.14,3.13,3.1399,662.0,BTBT
2025-01-27 16:38:00,3.1599,3.16,3.15,3.15,2692.0,BTBT
2025-01-27 16:37:00,3.16,3.16,3.16,3.16,60.0,BTBT
2025-01-27 16:35:00,3.1598,3.16,3.15,3.16,3262.0,BTBT
2025-01-27 16:34:00,3.16,3.16,3.16,3.16,224.0,BTBT
2025-01-27 16:32:00,3.16,3.16,3.1599,3.1599,180.0,BTBT
2025-01-27 16:31:00,3.18,3.18,3.16,3.16,4374.0,BTBT
2025-01-27 16:30:00,3.18,3.18,3.17,3.17,51.0,BTBT
2025-01-27 16:29:00,3.18,3.18,3.18,3.18,230.0,BTBT
2025-01-27 16:28:00,3.18,3.18,3.18,3.18,50.0,BTBT
2025-01-27 16:27:00,3.18,3.18,3.16,3.16,651.0,BTBT
2025-01-27 16:26:00,3.18,3.18,3.16,3.1601,2940.0,BTBT
2025-01-27 16:25:00,3.16,3.16,3.16,3.16,100.0,BTBT
2025-01-27 16:24:00,3.18,3.18,3.1502,3.1502,95.0,BTBT
2025-01-27 16:23:00,3.18,3.18,3.16,3.16,312.0,BTBT
2025-01-27 16:22:00,3.18,3.18,3.17,3.18,750.0,BTBT
2025-01-27 16:21:00,3.1502,3.18,3.1502,3.18,1492.0,BTBT
2025-01-27 16:20:00,3.1799,3.1799,3.16,3.16,3.0,BTBT
2025-01-27 16:19:00,3.17,3.1798,3.17,3.1798,139.0,BTBT
2025-01-27 16:18:00,3.16,3.18,3.16,3.16,1911.0,BTBT
2025-01-27 16:16:00,3.15,3.16,3.15,3.16,12.0,BTBT
2025-01-27 16:15:00,3.15,3.15,3.14,3.1401,1044.0,BTBT
2025-01-27 16:14:00,3.14,3.1498,3.14,3.1498,2750.0,BTBT
2025-01-27 16:13:00,3.1493,3.15,3.13,3.15,3410.0,BTBT
2025-01-27 16:12:00,3.1299,3.15,3.1299,3.15,5115.0,BTBT
2025-01-27 16:11:00,3.13,3.13,3.1298,3.13,3051.0,BTBT
2025-01-27 16:10:00,3.1199,3.13,3.1199,3.1298,15661.0,BTBT
2025-01-27 16:09:00,3.11,3.12,3.11,3.11,40473.0,BTBT
2025-01-27 16:08:00,3.12,3.12,3.11,3.11,6113.0,BTBT
2025-01-27 16:07:00,3.13,3.1398,3.13,3.13,300.0,BTBT
2025-01-27 16:06:00,3.13,3.14,3.1201,3.14,3990.0,BTBT
2025-01-27 16:05:00,3.11,3.13,3.11,3.13,2594.0,BTBT
2025-01-27 16:04:00,3.13,3.13,3.13,3.13,1818.0,BTBT
2025-01-27 16:03:00,3.12,3.1297,3.12,3.1297,1100.0,BTBT
2025-01-27 16:02:00,3.12,3.13,3.12,3.1299,3695.0,BTBT
2025-01-27 16:01:00,3.12,3.1298,3.11,3.1291,232.0,BTBT
2025-01-27 16:00:00,3.105,3.13,3.105,3.13,550027.0,BTBT
2025-01-27 15:59:00,3.105,3.11,3.1,3.105,115545.0,BTBT
2025-01-27 15:58:00,3.1099,3.11,3.1001,3.105,39672.0,BTBT
2025-01-27 15:57:00,3.1043,3.11,3.1,3.105,29643.0,BTBT
2025-01-27 15:56:00,3.1,3.11,3.1,3.105,54831.0,BTBT
2025-01-27 15:55:00,3.105,3.11,3.1,3.1,91671.0,BTBT
2025-01-27 15:54:00,3.1095,3.11,3.1,3.1077,73067.0,BTBT
2025-01-27 15:53:00,3.11,3.11,3.1001,3.105,20799.0,BTBT
2025-01-27 15:52:00,3.115,3.1179,3.1002,3.1099,152125.0,BTBT
2025-01-27 15:51:00,3.115,3.12,3.11,3.115,34611.0,BTBT
2025-01-27 15:50:00,3.115,3.12,3.11,3.115,36474.0,BTBT
2025-01-27 15:49:00,3.115,3.12,3.11,3.12,27952.0,BTBT
2025-01-27 15:48:00,3.1198,3.12,3.11,3.12,24086.0,BTBT
2025-01-27 15:47:00,3.11,3.12,3.1,3.115,91355.0,BTBT
2025-01-27 15:46:00,3.12,3.125,3.1,3.105,119186.0,BTBT
2025-01-27 15:45:00,3.115,3.12,3.1101,3.12,43216.0,BTBT
2025-01-27 15:44:00,3.105,3.12,3.1033,3.115,54438.0,BTBT
2025-01-27 15:43:00,3.105,3.11,3.1,3.105,9214.0,BTBT
2025-01-27 15:42:00,3.11,3.11,3.105,3.1073,6713.0,BTBT
2025-01-27 15:41:00,3.1199,3.1199,3.105,3.11,26573.0,BTBT
2025-01-27 15:40:00,3.1189,3.12,3.1101,3.115,33129.0,BTBT
2025-01-27 15:39:00,3.13,3.14,3.115,3.115,136539.0,BTBT
2025-01-27 15:38:00,3.12,3.13,3.115,3.125,79092.0,BTBT
2025-01-27 15:37:00,3.115,3.12,3.11,3.115,64468.0,BTBT
2025-01-27 15:36:00,3.1066,3.12,3.1,3.1126,86695.0,BTBT
2025-01-27 15:35:00,3.1,3.105,3.095,3.105,47052.0,BTBT
2025-01-27 15:34:00,3.09,3.1,3.09,3.0992,34698.0,BTBT
2025-01-27 15:33:00,3.0811,3.1,3.0811,3.1,40214.0,BTBT
2025-01-27 15:32:00,3.09,3.095,3.08,3.08,81645.0,BTBT
2025-01-27 15:31:00,3.075,3.095,3.07,3.0901,86401.0,BTBT
2025-01-27 15:30:00,3.07,3.085,3.07,3.0785,79582.0,BTBT
2025-01-27 15:29:00,3.07,3.07,3.06,3.065,36298.0,BTBT
2025-01-27 15:28:00,3.075,3.075,3.065,3.065,21588.0,BTBT
2025-01-27 15:27:00,3.0697,3.08,3.06,3.0701,41333.0,BTBT
2025-01-27 15:26:00,3.07,3.07,3.06,3.07,21401.0,BTBT
2025-01-27 15:25:00,3.0682,3.07,3.06,3.07,89534.0,BTBT
2025-01-27 15:24:00,3.0599,3.07,3.055,3.0637,64877.0,BTBT
2025-01-27 15:23:00,3.0599,3.06,3.05,3.055,27033.0,BTBT
2025-01-27 15:22:00,3.06,3.06,3.051,3.055,23436.0,BTBT
2025-01-27 15:21:00,3.055,3.058,3.05,3.051,11568.0,BTBT
2025-01-27 15:20:00,3.055,3.06,3.05,3.055,13392.0,BTBT
2025-01-27 15:19:00,3.0567,3.06,3.051,3.055,10982.0,BTBT
2025-01-27 15:18:00,3.0583,3.0595,3.0516,3.0516,3431.0,BTBT
2025-01-27 15:17:00,3.05,3.07,3.05,3.055,61088.0,BTBT
2025-01-27 15:16:00,3.06,3.06,3.055,3.0593,26507.0,BTBT
2025-01-27 15:15:00,3.065,3.065,3.055,3.0599,33916.0,BTBT
2025-01-27 15:14:00,3.07,3.07,3.065,3.065,12761.0,BTBT
2025-01-27 15:13:00,3.065,3.07,3.065,3.066,8134.0,BTBT
2025-01-27 15:12:00,3.065,3.0683,3.06,3.06,8534.0,BTBT
2025-01-27 15:11:00,3.065,3.07,3.06,3.0699,55286.0,BTBT
2025-01-27 15:10:00,3.0599,3.065,3.05,3.0601,71028.0,BTBT
2025-01-27 15:09:00,3.0479,3.06,3.04,3.0599,42928.0,BTBT
2025-01-27 15:08:00,3.0364,3.05,3.035,3.05,11772.0,BTBT
2025-01-27 15:07:00,3.03,3.05,3.03,3.035,51146.0,BTBT
2025-01-27 15:06:00,3.045,3.0495,3.03,3.0361,26402.0,BTBT
2025-01-27 15:05:00,3.0483,3.05,3.04,3.045,11312.0,BTBT
2025-01-27 15:04:00,3.045,3.05,3.04,3.045,23380.0,BTBT
2025-01-27 15:03:00,3.0482,3.05,3.04,3.05,10280.0,BTBT
2025-01-27 15:02:00,3.035,3.045,3.035,3.04,24968.0,BTBT
2025-01-27 15:01:00,3.0301,3.036,3.0301,3.035,2545.0,BTBT
2025-01-27 15:00:00,3.0399,3.0399,3.02,3.031,133206.0,BTBT
2025-01-27 14:59:00,3.0308,3.0386,3.0308,3.035,11122.0,BTBT
2025-01-27 14:58:00,3.0367,3.0399,3.035,3.035,6724.0,BTBT
2025-01-27 14:57:00,3.025,3.035,3.02,3.03,81034.0,BTBT
2025-01-27 14:56:00,3.02,3.03,3.02,3.025,6269.0,BTBT
2025-01-27 14:55:00,3.025,3.0289,3.02,3.025,5792.0,BTBT
2025-01-27 14:54:00,3.0211,3.0297,3.02,3.02,14361.0,BTBT
2025-01-27 14:53:00,3.025,3.0297,3.025,3.025,5772.0,BTBT
2025-01-27 14:52:00,3.02,3.03,3.02,3.025,6626.0,BTBT
2025-01-27 14:51:00,3.0201,3.0261,3.02,3.02,9188.0,BTBT
2025-01-27 14:50:00,3.02,3.03,3.02,3.0217,8696.0,BTBT
2025-01-27 14:49:00,3.0309,3.035,3.025,3.025,13046.0,BTBT
2025-01-27 14:48:00,3.045,3.0455,3.03,3.035,15864.0,BTBT
2025-01-27 14:47:00,3.0495,3.05,3.04,3.0437,15308.0,BTBT
2025-01-27 14:46:00,3.045,3.0457,3.04,3.045,13259.0,BTBT
2025-01-27 14:45:00,3.065,3.065,3.045,3.045,33984.0,BTBT
2025-01-27 14:44:00,3.065,3.0699,3.06,3.065,9830.0,BTBT
2025-01-27 14:43:00,3.065,3.0652,3.06,3.0606,38578.0,BTBT
2025-01-27 14:42:00,3.06,3.07,3.0523,3.06,139208.0,BTBT
2025-01-27 14:41:00,3.065,3.065,3.06,3.06,12143.0,BTBT
2025-01-27 14:40:00,3.0682,3.0699,3.05,3.065,156093.0,BTBT
2025-01-27 14:39:00,3.065,3.0799,3.06,3.0661,120382.0,BTBT
2025-01-27 14:38:00,3.075,3.075,3.0601,3.063,16877.0,BTBT
2025-01-27 14:37:00,3.08,3.08,3.07,3.0764,23158.0,BTBT
2025-01-27 14:36:00,3.075,3.08,3.071,3.0785,30019.0,BTBT
2025-01-27 14:35:00,3.075,3.08,3.07,3.08,25497.0,BTBT
2025-01-27 14:34:00,3.075,3.0764,3.07,3.0764,13637.0,BTBT
2025-01-27 14:33:00,3.075,3.08,3.07,3.075,31700.0,BTBT
2025-01-27 14:32:00,3.07,3.08,3.07,3.079,31012.0,BTBT
2025-01-27 14:31:00,3.065,3.07,3.0601,3.07,7071.0,BTBT
2025-01-27 14:30:00,3.0701,3.08,3.06,3.07,54595.0,BTBT
2025-01-27 14:29:00,3.065,3.08,3.0647,3.08,76884.0,BTBT
2025-01-27 14:28:00,3.0678,3.0699,3.06,3.065,7876.0,BTBT
2025-01-27 14:27:00,3.0596,3.07,3.05,3.065,79500.0,BTBT
2025-01-27 14:26:00,3.055,3.06,3.05,3.06,54629.0,BTBT
2025-01-27 14:25:00,3.045,3.06,3.04,3.0599,87075.0,BTBT
2025-01-27 14:24:00,3.0345,3.0401,3.0309,3.0401,40755.0,BTBT
2025-01-27 14:23:00,3.0399,3.04,3.03,3.0361,35348.0,BTBT
2025-01-27 14:22:00,3.03,3.0499,3.03,3.04,75954.0,BTBT
2025-01-27 14:21:00,3.035,3.04,3.035,3.035,13475.0,BTBT
2025-01-27 14:20:00,3.0398,3.04,3.03,3.04,12715.0,BTBT
2025-01-27 14:19:00,3.02,3.04,3.01,3.035,56795.0,BTBT
2025-01-27 14:18:00,3.015,3.02,3.01,3.0101,59660.0,BTBT
2025-01-27 14:17:00,3.015,3.02,3.011,3.0197,14446.0,BTBT
2025-01-27 14:16:00,3.015,3.02,3.015,3.015,14724.0,BTBT
2025-01-27 14:15:00,3.005,3.02,3.0,3.01,46246.0,BTBT
2025-01-27 14:14:00,3.0112,3.0168,3.0,3.005,39938.0,BTBT
2025-01-27 14:13:00,3.015,3.02,3.01,3.015,6632.0,BTBT
2025-01-27 14:12:00,3.0211,3.03,3.01,3.015,57570.0,BTBT
2025-01-27 14:11:00,3.0299,3.03,3.02,3.0299,110009.0,BTBT
2025-01-27 14:10:00,3.011,3.03,3.01,3.022,56494.0,BTBT
2025-01-27 14:09:00,3.0209,3.025,3.0141,3.0141,21391.0,BTBT
2025-01-27 14:08:00,3.02,3.025,3.01,3.0204,44178.0,BTBT
2025-01-27 14:07:00,3.015,3.02,3.01,3.0177,78190.0,BTBT
2025-01-27 14:06:00,3.015,3.02,3.01,3.0184,27160.0,BTBT
2025-01-27 14:05:00,3.025,3.0287,3.01,3.015,33958.0,BTBT
2025-01-27 14:04:00,3.025,3.0283,3.02,3.025,30612.0,BTBT
2025-01-27 14:03:00,3.025,3.03,3.02,3.03,48306.0,BTBT
2025-01-27 14:02:00,3.02,3.0275,3.015,3.02,56910.0,BTBT
2025-01-27 14:01:00,3.0299,3.0389,3.01,3.02,119168.0,BTBT
2025-01-27 14:00:00,3.025,3.03,3.02,3.0266,21006.0,BTBT
2025-01-27 13:59:00,3.03,3.035,3.02,3.03,78657.0,BTBT
2025-01-27 13:58:00,3.02,3.03,3.015,3.0292,138163.0,BTBT
2025-01-27 13:57:00,3.015,3.02,3.01,3.015,5055.0,BTBT
2025-01-27 13:56:00,3.0101,3.02,3.01,3.015,58955.0,BTBT
2025-01-27 13:55:00,3.0014,3.02,3.0,3.015,96347.0,BTBT
2025-01-27 13:54:00,3.0,3.01,3.0,3.005,7449.0,BTBT
2025-01-27 13:53:00,3.0079,3.01,3.0,3.01,3274.0,BTBT
2025-01-27 13:52:00,3.01,3.01,2.99,3.0014,210849.0,BTBT
2025-01-27 13:51:00,3.005,3.0099,3.0,3.0,5216.0,BTBT
2025-01-27 13:50:00,3.015,3.0173,3.0,3.005,72975.0,BTBT
2025-01-27 13:49:00,3.03,3.03,3.01,3.02,14415.0,BTBT
2025-01-27 13:48:00,3.025,3.03,3.02,3.0283,8126.0,BTBT
2025-01-27 13:47:00,3.02,3.03,3.02,3.03,28303.0,BTBT
2025-01-27 13:46:00,3.015,3.02,3.01,3.015,40241.0,BTBT
2025-01-27 13:45:00,3.025,3.03,3.0118,3.0118,16242.0,BTBT
2025-01-27 13:44:00,3.0275,3.03,3.021,3.03,4143.0,BTBT
2025-01-27 13:43:00,3.015,3.03,3.01,3.02,64610.0,BTBT
2025-01-27 13:42:00,3.0201,3.0288,3.01,3.01,17225.0,BTBT
2025-01-27 13:41:00,3.035,3.035,3.0202,3.025,29261.0,BTBT
2025-01-27 13:40:00,3.0263,3.04,3.02,3.04,57439.0,BTBT
2025-01-27 13:39:00,3.01,3.03,3.01,3.025,73226.0,BTBT
2025-01-27 13:38:00,3.015,3.0199,3.0,3.0199,101114.0,BTBT
2025-01-27 13:37:00,3.04,3.04,3.01,3.016,122720.0,BTBT
2025-01-27 13:36:00,3.035,3.04,3.0301,3.0362,42873.0,BTBT
2025-01-27 13:35:00,3.03,3.04,3.02,3.04,102475.0,BTBT
2025-01-27 13:34:00,3.025,3.03,3.02,3.025,27816.0,BTBT
2025-01-27 13:33:00,3.03,3.03,3.0205,3.025,17812.0,BTBT
2025-01-27 13:32:00,3.025,3.03,3.02,3.025,26845.0,BTBT
2025-01-27 13:31:00,3.0063,3.025,3.0,3.02,106454.0,BTBT
2025-01-27 13:30:00,3.0,3.01,2.995,3.0083,110598.0,BTBT
2025-01-27 13:29:00,3.0,3.0199,3.0,3.0,110790.0,BTBT
2025-01-27 13:28:00,3.01,3.02,3.0,3.0014,398659.0,BTBT
2025-01-27 13:27:00,3.0312,3.0357,3.0,3.01,388370.0,BTBT
2025-01-27 13:26:00,3.045,3.045,3.03,3.03,25777.0,BTBT
2025-01-27 13:25:00,3.041,3.05,3.04,3.04,45989.0,BTBT
2025-01-27 13:24:00,3.055,3.0589,3.04,3.04,74942.0,BTBT
2025-01-27 13:23:00,3.0766,3.08,3.05,3.0599,75793.0,BTBT
2025-01-27 13:22:00,3.075,3.0799,3.07,3.07,19969.0,BTBT
2025-01-27 13:21:00,3.0716,3.08,3.07,3.07,17417.0,BTBT
2025-01-27 13:20:00,3.065,3.08,3.06,3.08,89733.0,BTBT
2025-01-27 13:19:00,3.0789,3.0799,3.06,3.065,48204.0,BTBT
2025-01-27 13:18:00,3.08,3.08,3.07,3.075,14051.0,BTBT
2025-01-27 13:17:00,3.08,3.08,3.0701,3.075,16103.0,BTBT
2025-01-27 13:16:00,3.0766,3.08,3.07,3.075,15728.0,BTBT
2025-01-27 13:15:00,3.0799,3.08,3.07,3.08,42102.0,BTBT
2025-01-27 13:14:00,3.0756,3.08,3.07,3.0769,2828.0,BTBT
2025-01-27 13:13:00,3.075,3.075,3.0711,3.075,6003.0,BTBT
2025-01-27 13:12:00,3.07,3.08,3.07,3.075,33596.0,BTBT
2025-01-27 13:11:00,3.06,3.075,3.06,3.075,75506.0,BTBT
2025-01-27 13:10:00,3.07,3.07,3.06,3.06,40883.0,BTBT
2025-01-27 13:09:00,3.065,3.07,3.06,3.06,6109.0,BTBT
2025-01-27 13:08:00,3.0695,3.0695,3.06,3.0676,15328.0,BTBT
2025-01-27 13:07:00,3.065,3.0699,3.06,3.06,5801.0,BTBT
2025-01-27 13:06:00,3.075,3.08,3.065,3.0689,11910.0,BTBT
2025-01-27 13:05:00,3.07,3.08,3.06,3.075,119396.0,BTBT
2025-01-27 13:04:00,3.065,3.07,3.06,3.06,31069.0,BTBT
2025-01-27 13:03:00,3.065,3.07,3.06,3.06,18759.0,BTBT
2025-01-27 13:02:00,3.066,3.07,3.06,3.065,31480.0,BTBT
2025-01-27 13:01:00,3.065,3.07,3.06,3.065,29204.0,BTBT
2025-01-27 13:00:00,3.06,3.07,3.06,3.0648,31999.0,BTBT
2025-01-27 12:59:00,3.075,3.0774,3.06,3.06,23276.0,BTBT
2025-01-27 12:58:00,3.075,3.0799,3.07,3.075,22014.0,BTBT
2025-01-27 12:57:00,3.07,3.0799,3.07,3.075,7330.0,BTBT
2025-01-27 12:56:00,3.075,3.0795,3.075,3.075,3908.0,BTBT
2025-01-27 12:55:00,3.06,3.08,3.06,3.075,51977.0,BTBT
2025-01-27 12:54:00,3.076,3.08,3.065,3.065,37195.0,BTBT
2025-01-27 12:53:00,3.0764,3.08,3.07,3.0799,7638.0,BTBT
2025-01-27 12:52:00,3.07,3.08,3.06,3.075,67784.0,BTBT
2025-01-27 12:51:00,3.0782,3.0799,3.07,3.0799,15284.0,BTBT
2025-01-27 12:50:00,3.075,3.08,3.065,3.075,34521.0,BTBT
2025-01-27 12:49:00,3.0899,3.0899,3.07,3.0782,48271.0,BTBT
2025-01-27 12:48:00,3.09,3.09,3.08,3.08,14777.0,BTBT
2025-01-27 12:47:00,3.0817,3.0817,3.08,3.08,18459.0,BTBT
2025-01-27 12:46:00,3.0961,3.1,3.08,3.085,11721.0,BTBT
2025-01-27 12:45:00,3.0909,3.1,3.09,3.095,16254.0,BTBT
2025-01-27 12:44:00,3.09,3.095,3.08,3.0901,74842.0,BTBT
2025-01-27 12:43:00,3.1,3.105,3.09,3.09,52430.0,BTBT
2025-01-27 12:42:00,3.105,3.1089,3.1,3.105,295341.0,BTBT
2025-01-27 12:41:00,3.11,3.1183,3.1,3.105,63180.0,BTBT
2025-01-27 12:40:00,3.12,3.125,3.11,3.1115,58486.0,BTBT
2025-01-27 12:39:00,3.1224,3.125,3.12,3.125,2821.0,BTBT
2025-01-27 12:38:00,3.1305,3.1305,3.12,3.12,14222.0,BTBT
2025-01-27 12:37:00,3.14,3.1401,3.13,3.13,24092.0,BTBT
2025-01-27 12:36:00,3.14,3.15,3.14,3.145,19541.0,BTBT
2025-01-27 12:35:00,3.14,3.1491,3.14,3.14,29333.0,BTBT
2025-01-27 12:34:00,3.16,3.16,3.14,3.1408,48741.0,BTBT
2025-01-27 12:33:00,3.155,3.16,3.15,3.155,62693.0,BTBT
2025-01-27 12:32:00,3.1501,3.17,3.1501,3.151,82120.0,BTBT
2025-01-27 12:31:00,3.17,3.17,3.15,3.155,63604.0,BTBT
2025-01-27 12:30:00,3.175,3.1755,3.17,3.175,36407.0,BTBT
2025-01-27 12:29:00,3.17,3.18,3.16,3.175,133536.0,BTBT
2025-01-27 12:28:00,3.165,3.17,3.165,3.165,22897.0,BTBT
2025-01-27 12:27:00,3.125,3.17,3.1201,3.17,125081.0,BTBT
2025-01-27 12:26:00,3.13,3.13,3.12,3.12,30475.0,BTBT
2025-01-27 12:25:00,3.14,3.14,3.12,3.12,49778.0,BTBT
2025-01-27 12:24:00,3.125,3.14,3.12,3.135,59267.0,BTBT
2025-01-27 12:23:00,3.12,3.125,3.11,3.1201,58005.0,BTBT
2025-01-27 12:22:00,3.115,3.12,3.11,3.1194,62283.0,BTBT
2025-01-27 12:21:00,3.135,3.1399,3.11,3.1113,49189.0,BTBT
2025-01-27 12:20:00,3.12,3.14,3.12,3.1301,143652.0,BTBT
2025-01-27 12:19:00,3.13,3.135,3.12,3.12,18727.0,BTBT
2025-01-27 12:18:00,3.135,3.14,3.13,3.135,24258.0,BTBT
2025-01-27 12:17:00,3.1399,3.1399,3.13,3.1397,16435.0,BTBT
2025-01-27 12:16:00,3.12,3.14,3.12,3.1387,27460.0,BTBT
2025-01-27 12:15:00,3.1297,3.1298,3.12,3.1298,17049.0,BTBT
2025-01-27 12:14:00,3.1447,3.1447,3.12,3.12,42441.0,BTBT
2025-01-27 12:13:00,3.135,3.15,3.135,3.1401,42408.0,BTBT
2025-01-27 12:12:00,3.135,3.14,3.13,3.14,23643.0,BTBT
2025-01-27 12:11:00,3.1399,3.14,3.13,3.1359,11537.0,BTBT
2025-01-27 12:10:00,3.14,3.14,3.13,3.13,26864.0,BTBT
2025-01-27 12:09:00,3.135,3.14,3.13,3.135,25522.0,BTBT
2025-01-27 12:08:00,3.16,3.16,3.132,3.132,55907.0,BTBT
2025-01-27 12:07:00,3.165,3.165,3.16,3.16,6757.0,BTBT
2025-01-27 12:06:00,3.1649,3.1685,3.16,3.165,7918.0,BTBT
2025-01-27 12:05:00,3.175,3.18,3.16,3.16,22698.0,BTBT
2025-01-27 12:04:00,3.175,3.175,3.175,3.175,8167.0,BTBT
2025-01-27 12:03:00,3.1799,3.18,3.17,3.175,30894.0,BTBT
2025-01-27 12:02:00,3.1599,3.1788,3.155,3.1774,62001.0,BTBT
2025-01-27 12:01:00,3.16,3.16,3.15,3.1587,31208.0,BTBT
2025-01-27 12:00:00,3.135,3.155,3.1321,3.155,34674.0,BTBT
2025-01-27 11:59:00,3.135,3.1399,3.13,3.1375,6191.0,BTBT
2025-01-27 11:58:00,3.1483,3.1483,3.13,3.135,25104.0,BTBT
2025-01-27 11:57:00,3.14,3.15,3.135,3.1499,56124.0,BTBT
2025-01-27 11:56:00,3.125,3.15,3.125,3.1398,125864.0,BTBT
2025-01-27 11:55:00,3.135,3.1381,3.125,3.125,16652.0,BTBT
2025-01-27 11:54:00,3.135,3.1399,3.13,3.135,11348.0,BTBT
2025-01-27 11:53:00,3.135,3.14,3.13,3.1376,47180.0,BTBT
2025-01-27 11:52:00,3.14,3.14,3.13,3.135,37698.0,BTBT
2025-01-27 11:51:00,3.15,3.15,3.14,3.1499,17602.0,BTBT
2025-01-27 11:50:00,3.1417,3.1499,3.13,3.1401,77479.0,BTBT
2025-01-27 11:49:00,3.1617,3.17,3.1445,3.1497,37303.0,BTBT
2025-01-27 11:48:00,3.155,3.165,3.15,3.1619,88700.0,BTBT
2025-01-27 11:47:00,3.148,3.16,3.14,3.158,88287.0,BTBT
2025-01-27 11:46:00,3.1309,3.15,3.13,3.145,64680.0,BTBT
2025-01-27 11:45:00,3.1301,3.14,3.12,3.1307,86349.0,BTBT
2025-01-27 11:44:00,3.13,3.135,3.12,3.135,53628.0,BTBT
2025-01-27 11:43:00,3.115,3.13,3.11,3.125,55694.0,BTBT
2025-01-27 11:42:00,3.1199,3.12,3.11,3.1189,52130.0,BTBT
2025-01-27 11:41:00,3.115,3.13,3.11,3.11,86933.0,BTBT
2025-01-27 11:40:00,3.1102,3.1282,3.11,3.1199,91397.0,BTBT
2025-01-27 11:39:00,3.12,3.1299,3.11,3.115,46247.0,BTBT
2025-01-27 11:38:00,3.1458,3.1458,3.125,3.1282,34448.0,BTBT
2025-01-27 11:37:00,3.13,3.15,3.13,3.145,50742.0,BTBT
2025-01-27 11:36:00,3.1499,3.1499,3.13,3.13,64932.0,BTBT
2025-01-27 11:35:00,3.155,3.17,3.14,3.14,74816.0,BTBT
2025-01-27 11:34:00,3.155,3.16,3.15,3.16,56742.0,BTBT
2025-01-27 11:33:00,3.155,3.16,3.15,3.155,21440.0,BTBT
2025-01-27 11:32:00,3.154,3.16,3.15,3.155,46108.0,BTBT
2025-01-27 11:31:00,3.1601,3.17,3.155,3.1565,27702.0,BTBT
2025-01-27 11:30:00,3.155,3.17,3.15,3.17,47996.0,BTBT
2025-01-27 11:29:00,3.1489,3.17,3.13,3.16,151596.0,BTBT
2025-01-27 11:28:00,3.145,3.15,3.14,3.14,111833.0,BTBT
2025-01-27 11:27:00,3.1482,3.15,3.14,3.14,39405.0,BTBT
2025-01-27 11:26:00,3.1517,3.1575,3.14,3.1401,59373.0,BTBT
2025-01-27 11:25:00,3.1569,3.1599,3.1401,3.155,98164.0,BTBT
2025-01-27 11:24:00,3.1699,3.1699,3.15,3.15,66843.0,BTBT
2025-01-27 11:23:00,3.1815,3.185,3.1601,3.162,77974.0,BTBT
2025-01-27 11:22:00,3.1939,3.1999,3.18,3.185,36158.0,BTBT
2025-01-27 11:21:00,3.1982,3.2,3.19,3.195,34054.0,BTBT
2025-01-27 11:20:00,3.1965,3.1965,3.18,3.19,115393.0,BTBT
2025-01-27 11:19:00,3.19,3.2,3.19,3.195,21235.0,BTBT
2025-01-27 11:18:00,3.195,3.2,3.19,3.194,31256.0,BTBT
2025-01-27 11:17:00,3.1901,3.2,3.1901,3.195,37934.0,BTBT
2025-01-27 11:16:00,3.185,3.2,3.18,3.19,122281.0,BTBT
2025-01-27 11:15:00,3.1801,3.1959,3.18,3.1882,83219.0,BTBT
2025-01-27 11:14:00,3.185,3.1899,3.17,3.18,111165.0,BTBT
2025-01-27 11:13:00,3.185,3.19,3.18,3.1823,24463.0,BTBT
2025-01-27 11:12:00,3.2099,3.2099,3.18,3.185,55582.0,BTBT
2025-01-27 11:11:00,3.2001,3.2199,3.2,3.205,60484.0,BTBT
2025-01-27 11:10:00,3.2,3.2086,3.195,3.2032,33742.0,BTBT
2025-01-27 11:09:00,3.2086,3.2086,3.1901,3.196,128090.0,BTBT
2025-01-27 11:08:00,3.215,3.22,3.2,3.2,49996.0,BTBT
2025-01-27 11:07:00,3.21,3.2189,3.21,3.21,10972.0,BTBT
2025-01-27 11:06:00,3.21,3.22,3.21,3.21,35466.0,BTBT
2025-01-27 11:05:00,3.225,3.225,3.2,3.21,148533.0,BTBT
2025-01-27 11:04:00,3.235,3.236,3.22,3.2206,57433.0,BTBT
2025-01-27 11:03:00,3.24,3.2499,3.22,3.2304,168225.0,BTBT
2025-01-27 11:02:00,3.245,3.25,3.24,3.24,5325.0,BTBT
2025-01-27 11:01:00,3.245,3.261,3.245,3.245,111385.0,BTBT
2025-01-27 11:00:00,3.255,3.26,3.24,3.245,154699.0,BTBT
2025-01-27 10:59:00,3.265,3.27,3.25,3.255,36068.0,BTBT
2025-01-27 10:58:00,3.2608,3.27,3.26,3.265,60937.0,BTBT
2025-01-27 10:57:00,3.265,3.27,3.26,3.26,67390.0,BTBT
2025-01-27 10:56:00,3.28,3.28,3.265,3.265,37667.0,BTBT
2025-01-27 10:55:00,3.285,3.3,3.281,3.281,95103.0,BTBT
2025-01-27 10:54:00,3.285,3.29,3.28,3.285,17489.0,BTBT
2025-01-27 10:53:00,3.3096,3.31,3.28,3.29,148743.0,BTBT
2025-01-27 10:52:00,3.315,3.32,3.3,3.3001,48796.0,BTBT
2025-01-27 10:51:00,3.345,3.345,3.315,3.315,37160.0,BTBT
2025-01-27 10:50:00,3.34,3.35,3.34,3.345,41057.0,BTBT
2025-01-27 10:49:00,3.345,3.35,3.34,3.345,37799.0,BTBT
2025-01-27 10:48:00,3.35,3.35,3.3401,3.345,23397.0,BTBT
2025-01-27 10:47:00,3.355,3.355,3.34,3.35,36720.0,BTBT
2025-01-27 10:46:00,3.365,3.37,3.355,3.36,52768.0,BTBT
2025-01-27 10:45:00,3.365,3.37,3.36,3.36,30516.0,BTBT
2025-01-27 10:44:00,3.3795,3.3795,3.35,3.3601,95445.0,BTBT
2025-01-27 10:43:00,3.39,3.39,3.37,3.375,32521.0,BTBT
2025-01-27 10:42:00,3.38,3.39,3.37,3.3827,88594.0,BTBT
2025-01-27 10:41:00,3.375,3.38,3.37,3.37,31997.0,BTBT
2025-01-27 10:40:00,3.345,3.38,3.34,3.38,137293.0,BTBT
2025-01-27 10:39:00,3.3399,3.35,3.33,3.34,63777.0,BTBT
2025-01-27 10:38:00,3.33,3.34,3.325,3.33,52396.0,BTBT
2025-01-27 10:37:00,3.325,3.33,3.32,3.3227,22287.0,BTBT
2025-01-27 10:36:00,3.33,3.34,3.32,3.325,62794.0,BTBT
2025-01-27 10:35:00,3.345,3.345,3.32,3.335,106189.0,BTBT
2025-01-27 10:34:00,3.345,3.35,3.33,3.34,58048.0,BTBT
2025-01-27 10:33:00,3.35,3.35,3.33,3.3482,97822.0,BTBT
2025-01-27 10:32:00,3.3385,3.34,3.33,3.34,44273.0,BTBT
2025-01-27 10:31:00,3.3388,3.34,3.33,3.34,11429.0,BTBT
2025-01-27 10:30:00,3.355,3.355,3.33,3.335,35427.0,BTBT
2025-01-27 10:29:00,3.36,3.36,3.35,3.355,15558.0,BTBT
2025-01-27 10:28:00,3.348,3.36,3.345,3.3501,65375.0,BTBT
2025-01-27 10:27:00,3.34,3.35,3.34,3.348,23950.0,BTBT
2025-01-27 10:26:00,3.35,3.35,3.345,3.345,30904.0,BTBT
2025-01-27 10:25:00,3.35,3.35,3.335,3.3498,52226.0,BTBT
2025-01-27 10:24:00,3.3489,3.36,3.34,3.3504,108956.0,BTBT
2025-01-27 10:23:00,3.305,3.34,3.3,3.34,146416.0,BTBT
2025-01-27 10:22:00,3.315,3.315,3.3,3.305,128245.0,BTBT
2025-01-27 10:21:00,3.325,3.33,3.3101,3.3199,62930.0,BTBT
2025-01-27 10:20:00,3.315,3.33,3.31,3.32,142717.0,BTBT
2025-01-27 10:19:00,3.325,3.3281,3.31,3.31,59585.0,BTBT
2025-01-27 10:18:00,3.34,3.34,3.3226,3.3226,47748.0,BTBT
2025-01-27 10:17:00,3.3484,3.35,3.3342,3.3342,38679.0,BTBT
2025-01-27 10:16:00,3.35,3.35,3.34,3.345,61314.0,BTBT
2025-01-27 10:15:00,3.355,3.37,3.35,3.355,67038.0,BTBT
2025-01-27 10:14:00,3.355,3.36,3.35,3.355,50287.0,BTBT
2025-01-27 10:13:00,3.36,3.3688,3.35,3.3578,45798.0,BTBT
2025-01-27 10:12:00,3.375,3.38,3.3601,3.361,89038.0,BTBT
2025-01-27 10:11:00,3.38,3.39,3.37,3.3792,122240.0,BTBT
2025-01-27 10:10:00,3.385,3.4,3.37,3.38,150258.0,BTBT
2025-01-27 10:09:00,3.395,3.395,3.385,3.385,43917.0,BTBT
2025-01-27 10:08:00,3.43,3.43,3.39,3.395,39134.0,BTBT
2025-01-27 10:07:00,3.425,3.43,3.41,3.42,158827.0,BTBT
2025-01-27 10:06:00,3.41,3.43,3.41,3.425,111679.0,BTBT
2025-01-27 10:05:00,3.39,3.4001,3.38,3.4001,92808.0,BTBT
2025-01-27 10:04:00,3.405,3.4199,3.38,3.3899,78900.0,BTBT
2025-01-27 10:03:00,3.405,3.42,3.39,3.4,127390.0,BTBT
2025-01-27 10:02:00,3.4198,3.43,3.4,3.4,100021.0,BTBT
2025-01-27 10:01:00,3.432,3.44,3.41,3.41,24286.0,BTBT
2025-01-27 10:00:00,3.46,3.465,3.43,3.4399,53749.0,BTBT
2025-01-27 09:59:00,3.445,3.46,3.435,3.4599,37348.0,BTBT
2025-01-27 09:58:00,3.445,3.45,3.43,3.4403,59088.0,BTBT
2025-01-27 09:57:00,3.435,3.4499,3.43,3.445,46188.0,BTBT
2025-01-27 09:56:00,3.43,3.44,3.42,3.44,42407.0,BTBT
2025-01-27 09:55:00,3.42,3.44,3.42,3.43,38389.0,BTBT
2025-01-27 09:54:00,3.405,3.4197,3.405,3.4197,7930.0,BTBT
2025-01-27 09:53:00,3.4099,3.41,3.4,3.41,18289.0,BTBT
2025-01-27 09:52:00,3.395,3.41,3.39,3.41,49816.0,BTBT
2025-01-27 09:51:00,3.408,3.41,3.39,3.3979,62278.0,BTBT
2025-01-27 09:50:00,3.4101,3.43,3.405,3.405,100026.0,BTBT
2025-01-27 09:49:00,3.4,3.425,3.4,3.42,40821.0,BTBT
2025-01-27 09:48:00,3.39,3.42,3.39,3.41,58130.0,BTBT
2025-01-27 09:47:00,3.38,3.3999,3.38,3.385,26861.0,BTBT
2025-01-27 09:46:00,3.38,3.39,3.38,3.39,26867.0,BTBT
2025-01-27 09:45:00,3.38,3.385,3.36,3.3794,28367.0,BTBT
2025-01-27 09:44:00,3.35,3.3888,3.35,3.38,37764.0,BTBT
2025-01-27 09:43:00,3.34,3.3699,3.33,3.3521,37704.0,BTBT
2025-01-27 09:42:00,3.3301,3.35,3.3301,3.3445,28408.0,BTBT
2025-01-27 09:41:00,3.34,3.35,3.31,3.33,239258.0,BTBT
2025-01-27 09:40:00,3.38,3.38,3.34,3.34,74479.0,BTBT
2025-01-27 09:39:00,3.3788,3.39,3.3606,3.3785,147935.0,BTBT
2025-01-27 09:38:00,3.35,3.39,3.35,3.37,47335.0,BTBT
2025-01-27 09:37:00,3.33,3.36,3.31,3.3405,257037.0,BTBT
2025-01-27 09:36:00,3.355,3.375,3.335,3.34,97458.0,BTBT
2025-01-27 09:35:00,3.3603,3.37,3.35,3.355,94405.0,BTBT
2025-01-27 09:34:00,3.366,3.37,3.34,3.365,114776.0,BTBT
2025-01-27 09:33:00,3.35,3.37,3.33,3.365,84741.0,BTBT
2025-01-27 09:32:00,3.374,3.39,3.34,3.35,86844.0,BTBT
2025-01-27 09:31:00,3.39,3.3988,3.35,3.385,148888.0,BTBT
2025-01-27 09:30:00,3.44,3.46,3.35,3.38,703565.0,BTBT
2025-01-27 09:29:00,3.45,3.4501,3.45,3.4501,6.0,BTBT
2025-01-27 09:28:00,3.441,3.46,3.44,3.45,838.0,BTBT
2025-01-27 09:27:00,3.4408,3.4695,3.4408,3.4695,204.0,BTBT
2025-01-27 09:26:00,3.47,3.47,3.4406,3.4406,110.0,BTBT
2025-01-27 09:25:00,3.45,3.45,3.45,3.45,820.0,BTBT
2025-01-27 09:24:00,3.45,3.45,3.44,3.44,2208.0,BTBT
2025-01-27 09:22:00,3.44,3.45,3.44,3.45,1470.0,BTBT
2025-01-27 09:21:00,3.44,3.44,3.4397,3.44,480.0,BTBT
2025-01-27 09:20:00,3.43,3.44,3.43,3.43,1399.0,BTBT
2025-01-27 09:19:00,3.43,3.43,3.4299,3.43,720.0,BTBT
2025-01-27 09:17:00,3.43,3.43,3.42,3.4299,121.0,BTBT
2025-01-27 09:16:00,3.42,3.43,3.42,3.42,2150.0,BTBT
2025-01-27 09:15:00,3.45,3.45,3.42,3.43,23012.0,BTBT
2025-01-27 09:14:00,3.45,3.45,3.45,3.45,2146.0,BTBT
2025-01-27 09:13:00,3.46,3.47,3.46,3.46,3253.0,BTBT
2025-01-27 09:12:00,3.45,3.4599,3.45,3.4599,600.0,BTBT
2025-01-27 09:11:00,3.46,3.46,3.46,3.46,5029.0,BTBT
2025-01-27 09:10:00,3.46,3.46,3.45,3.46,2517.0,BTBT
2025-01-27 09:09:00,3.45,3.46,3.45,3.46,1256.0,BTBT
2025-01-27 09:08:00,3.46,3.46,3.46,3.46,299.0,BTBT
2025-01-27 09:07:00,3.46,3.46,3.4598,3.46,1802.0,BTBT
2025-01-27 09:06:00,3.46,3.46,3.46,3.46,217.0,BTBT
2025-01-27 09:05:00,3.4502,3.46,3.4502,3.46,476.0,BTBT
2025-01-27 09:03:00,3.46,3.46,3.46,3.46,300.0,BTBT
2025-01-27 09:02:00,3.46,3.46,3.4501,3.46,176.0,BTBT
2025-01-27 09:01:00,3.46,3.46,3.4598,3.4598,3360.0,BTBT
2025-01-27 09:00:00,3.46,3.46,3.46,3.46,1204.0,BTBT
2025-01-27 08:59:00,3.4598,3.4598,3.4598,3.4598,1000.0,BTBT
2025-01-27 08:58:00,3.46,3.46,3.46,3.46,220.0,BTBT
2025-01-27 08:57:00,3.46,3.46,3.46,3.46,201.0,BTBT
2025-01-27 08:55:00,3.46,3.46,3.46,3.46,762.0,BTBT
2025-01-27 08:54:00,3.4599,3.46,3.4599,3.46,103.0,BTBT
2025-01-27 08:53:00,3.4598,3.4598,3.4598,3.4598,1500.0,BTBT
2025-01-27 08:52:00,3.46,3.46,3.45,3.46,487.0,BTBT
2025-01-27 08:51:00,3.4598,3.4598,3.4598,3.4598,10.0,BTBT
2025-01-27 08:50:00,3.47,3.47,3.46,3.46,2672.0,BTBT
2025-01-27 08:49:00,3.47,3.48,3.4605,3.4605,1455.0,BTBT
2025-01-27 08:48:00,3.47,3.47,3.47,3.47,42.0,BTBT
2025-01-27 08:47:00,3.46,3.47,3.46,3.47,217.0,BTBT
2025-01-27 08:46:00,3.46,3.47,3.46,3.47,248.0,BTBT
2025-01-27 08:45:00,3.46,3.46,3.46,3.46,550.0,BTBT
2025-01-27 08:43:00,3.48,3.48,3.47,3.47,15858.0,BTBT
2025-01-27 08:42:00,3.48,3.48,3.4799,3.4799,375.0,BTBT
2025-01-27 08:41:00,3.48,3.48,3.47,3.48,1110.0,BTBT
2025-01-27 08:40:00,3.4702,3.4702,3.4702,3.4702,275.0,BTBT
2025-01-27 08:39:00,3.47,3.47,3.47,3.47,1050.0,BTBT
2025-01-27 08:38:00,3.4799,3.48,3.47,3.47,133.0,BTBT
2025-01-27 08:37:00,3.47,3.48,3.47,3.48,51.0,BTBT
2025-01-27 08:36:00,3.47,3.47,3.47,3.47,56.0,BTBT
2025-01-27 08:35:00,3.46,3.47,3.46,3.47,1402.0,BTBT
2025-01-27 08:34:00,3.47,3.47,3.46,3.47,35.0,BTBT
2025-01-27 08:32:00,3.47,3.47,3.47,3.47,30.0,BTBT
2025-01-27 08:31:00,3.47,3.47,3.47,3.47,3547.0,BTBT
2025-01-27 08:30:00,3.46,3.46,3.4599,3.46,1547.0,BTBT
2025-01-27 08:29:00,3.46,3.46,3.46,3.46,12.0,BTBT
2025-01-27 08:28:00,3.45,3.4599,3.45,3.4599,100.0,BTBT
2025-01-27 08:27:00,3.4692,3.4692,3.45,3.46,4315.0,BTBT
2025-01-27 08:26:00,3.46,3.46,3.46,3.46,36.0,BTBT
2025-01-27 08:25:00,3.46,3.46,3.46,3.46,23.0,BTBT
2025-01-27 08:24:00,3.47,3.47,3.47,3.47,700.0,BTBT
2025-01-27 08:23:00,3.46,3.47,3.46,3.47,10116.0,BTBT
2025-01-27 08:22:00,3.46,3.47,3.46,3.47,6977.0,BTBT
2025-01-27 08:21:00,3.47,3.47,3.46,3.47,37061.0,BTBT
2025-01-27 08:20:00,3.47,3.47,3.47,3.47,4.0,BTBT
2025-01-27 08:19:00,3.45,3.45,3.45,3.45,16399.0,BTBT
2025-01-27 08:18:00,3.4598,3.46,3.4598,3.46,5720.0,BTBT
2025-01-27 08:17:00,3.46,3.46,3.4598,3.46,519.0,BTBT
2025-01-27 08:16:00,3.47,3.47,3.46,3.46,10853.0,BTBT
2025-01-27 08:15:00,3.47,3.47,3.4698,3.4698,965.0,BTBT
2025-01-27 08:14:00,3.47,3.47,3.4698,3.4699,1570.0,BTBT
2025-01-27 08:13:00,3.46,3.47,3.46,3.47,3957.0,BTBT
2025-01-27 08:12:00,3.4505,3.47,3.45,3.45,2316.0,BTBT
2025-01-27 08:11:00,3.47,3.47,3.45,3.45,1030.0,BTBT
2025-01-27 08:10:00,3.4506,3.47,3.4506,3.47,225.0,BTBT
2025-01-27 08:09:00,3.46,3.47,3.46,3.4699,2501.0,BTBT
2025-01-27 08:08:00,3.46,3.46,3.4599,3.4599,1010.0,BTBT
2025-01-27 08:07:00,3.45,3.46,3.45,3.46,5340.0,BTBT
2025-01-27 08:06:00,3.489,3.49,3.46,3.46,6119.0,BTBT
2025-01-27 08:05:00,3.49,3.49,3.49,3.49,9.0,BTBT
2025-01-27 08:04:00,3.48,3.48,3.48,3.48,1003.0,BTBT
2025-01-27 08:03:00,3.48,3.48,3.4795,3.4795,300.0,BTBT
2025-01-27 08:02:00,3.46,3.46,3.35,3.35,103.0,BTBT
2025-01-27 08:01:00,3.49,3.49,3.4798,3.4798,1302.0,BTBT
2025-01-27 08:00:00,3.529,3.53,3.28,3.28,230283.0,BTBT
2025-01-27 07:59:00,3.48,3.48,3.48,3.48,1872.0,BTBT
2025-01-27 07:58:00,3.47,3.47,3.47,3.47,1695.0,BTBT
2025-01-27 07:57:00,3.48,3.48,3.48,3.48,1245.0,BTBT
2025-01-27 07:56:00,3.48,3.48,3.48,3.48,337.0,BTBT
2025-01-27 07:52:00,3.48,3.48,3.48,3.48,693.0,BTBT
2025-01-27 07:51:00,3.48,3.48,3.48,3.48,251.0,BTBT
2025-01-27 07:50:00,3.47,3.47,3.47,3.47,835.0,BTBT
2025-01-27 07:49:00,3.46,3.479,3.46,3.479,3013.0,BTBT
2025-01-27 07:48:00,3.44,3.44,3.44,3.44,100.0,BTBT
2025-01-27 07:47:00,3.44,3.44,3.44,3.44,100.0,BTBT
2025-01-27 07:46:00,3.46,3.46,3.46,3.46,1.0,BTBT
2025-01-27 07:43:00,3.469,3.469,3.45,3.45,105.0,BTBT
2025-01-27 07:42:00,3.46,3.46,3.46,3.46,500.0,BTBT
2025-01-27 07:40:00,3.45,3.45,3.43,3.43,360.0,BTBT
2025-01-27 07:39:00,3.46,3.46,3.46,3.46,800.0,BTBT
2025-01-27 07:38:00,3.45,3.46,3.45,3.46,100.0,BTBT
2025-01-27 07:37:00,3.46,3.46,3.46,3.46,500.0,BTBT
2025-01-27 07:32:00,3.44,3.47,3.44,3.47,2801.0,BTBT
2025-01-27 07:30:00,3.46,3.46,3.45,3.45,1887.0,BTBT
2025-01-27 07:27:00,3.47,3.47,3.47,3.47,1235.0,BTBT
2025-01-27 07:25:00,3.48,3.48,3.48,3.48,1.0,BTBT
2025-01-27 07:23:00,3.48,3.48,3.48,3.48,700.0,BTBT
2025-01-27 07:22:00,3.49,3.49,3.49,3.49,1401.0,BTBT
2025-01-27 07:20:00,3.48,3.48,3.48,3.48,820.0,BTBT
2025-01-27 07:19:00,3.48,3.48,3.48,3.48,380.0,BTBT
2025-01-27 07:15:00,3.47,3.47,3.47,3.47,77.0,BTBT
2025-01-27 07:14:00,3.46,3.46,3.46,3.46,7.0,BTBT
2025-01-27 07:13:00,3.47,3.47,3.47,3.47,2.0,BTBT
2025-01-27 07:11:00,3.45,3.45,3.45,3.45,101.0,BTBT
2025-01-27 07:10:00,3.44,3.44,3.44,3.44,501.0,BTBT
2025-01-27 07:09:00,3.44,3.44,3.44,3.44,1200.0,BTBT
2025-01-27 07:07:00,3.43,3.44,3.43,3.44,5298.0,BTBT
2025-01-27 07:06:00,3.42,3.43,3.42,3.43,1157.0,BTBT
2025-01-27 07:04:00,3.43,3.43,3.43,3.43,2.0,BTBT
2025-01-27 07:03:00,3.42,3.42,3.41,3.41,100.0,BTBT
2025-01-27 07:02:00,3.45,3.45,3.43,3.43,2625.0,BTBT
2025-01-27 07:01:00,3.49,3.5,3.45,3.45,29198.0,BTBT
2025-01-27 07:00:00,3.54,3.55,3.48,3.49,12393.0,BTBT
2025-01-27 06:57:00,3.54,3.54,3.51,3.51,150.0,BTBT
2025-01-27 06:56:00,3.51,3.54,3.51,3.54,700.0,BTBT
2025-01-27 06:53:00,3.51,3.51,3.51,3.51,1.0,BTBT
2025-01-27 06:52:00,3.5,3.5,3.5,3.5,2350.0,BTBT
2025-01-27 06:51:00,3.48,3.48,3.48,3.48,2.0,BTBT
2025-01-27 06:50:00,3.48,3.48,3.48,3.48,82.0,BTBT
2025-01-27 06:46:00,3.49,3.49,3.49,3.49,200.0,BTBT
2025-01-27 06:42:00,3.49,3.49,3.48,3.48,1290.0,BTBT
2025-01-27 06:40:00,3.5,3.5,3.5,3.5,2.0,BTBT
2025-01-27 06:38:00,3.5,3.5,3.5,3.5,300.0,BTBT
2025-01-27 06:31:00,3.5,3.5,3.5,3.5,1.0,BTBT
2025-01-27 06:30:00,3.48,3.48,3.48,3.48,15.0,BTBT
2025-01-27 06:29:00,3.5,3.5,3.5,3.5,1.0,BTBT
2025-01-27 06:27:00,3.47,3.47,3.47,3.47,200.0,BTBT
2025-01-27 06:25:00,3.5,3.5,3.5,3.5,20.0,BTBT
2025-01-27 06:24:00,3.48,3.5,3.48,3.5,520.0,BTBT
2025-01-27 06:20:00,3.5,3.5,3.5,3.5,300.0,BTBT
2025-01-27 06:19:00,3.5,3.5,3.49,3.49,210.0,BTBT
2025-01-27 06:17:00,3.5,3.5,3.5,3.5,850.0,BTBT
2025-01-27 06:16:00,3.49,3.49,3.49,3.49,600.0,BTBT
2025-01-27 06:15:00,3.47,3.48,3.47,3.48,4635.0,BTBT
2025-01-27 06:09:00,3.45,3.45,3.45,3.45,400.0,BTBT
2025-01-27 06:07:00,3.48,3.48,3.45,3.45,477.0,BTBT
2025-01-27 06:05:00,3.49,3.49,3.49,3.49,1.0,BTBT
2025-01-27 06:04:00,3.46,3.46,3.46,3.46,125.0,BTBT
2025-01-27 06:02:00,3.45,3.45,3.45,3.45,300.0,BTBT
2025-01-27 06:00:00,3.45,3.45,3.45,3.45,200.0,BTBT
2025-01-27 05:58:00,3.44,3.45,3.41,3.45,15547.0,BTBT
2025-01-27 05:57:00,3.45,3.45,3.45,3.45,60.0,BTBT
2025-01-27 05:56:00,3.42,3.45,3.42,3.44,338.0,BTBT
2025-01-27 05:55:00,3.42,3.42,3.42,3.42,1500.0,BTBT
2025-01-27 05:54:00,3.42,3.42,3.42,3.42,80.0,BTBT
2025-01-27 05:53:00,3.46,3.46,3.42,3.42,6450.0,BTBT
2025-01-27 05:52:00,3.47,3.47,3.47,3.47,596.0,BTBT
2025-01-27 05:51:00,3.47,3.47,3.45,3.45,330.0,BTBT
2025-01-27 05:50:00,3.49,3.49,3.48,3.48,306.0,BTBT
2025-01-27 05:47:00,3.5,3.5,3.49,3.49,55.0,BTBT
2025-01-27 05:46:00,3.5,3.5,3.5,3.5,50.0,BTBT
2025-01-27 05:45:00,3.48,3.5,3.48,3.5,436.0,BTBT
2025-01-27 05:44:00,3.49,3.49,3.49,3.49,39.0,BTBT
2025-01-27 05:43:00,3.55,3.57,3.51,3.51,1061.0,BTBT
2025-01-27 05:42:00,3.49,3.57,3.49,3.5,1700.0,BTBT
2025-01-27 05:41:00,3.48,3.48,3.48,3.48,500.0,BTBT
2025-01-27 05:40:00,3.48,3.48,3.48,3.48,300.0,BTBT
2025-01-27 05:39:00,3.47,3.47,3.47,3.47,4859.0,BTBT
2025-01-27 05:38:00,3.47,3.47,3.47,3.47,1.0,BTBT
2025-01-27 05:37:00,3.48,3.49,3.47,3.47,1206.0,BTBT
2025-01-27 05:32:00,3.5,3.5,3.5,3.5,2.0,BTBT
2025-01-27 05:30:00,3.51,3.51,3.49,3.49,1245.0,BTBT
2025-01-27 05:26:00,3.53,3.53,3.51,3.51,2423.0,BTBT
2025-01-27 05:25:00,3.55,3.55,3.55,3.55,1.0,BTBT
2025-01-27 05:24:00,3.54,3.54,3.53,3.53,695.0,BTBT
2025-01-27 05:22:00,3.53,3.53,3.53,3.53,400.0,BTBT
2025-01-27 05:20:00,3.52,3.52,3.52,3.52,16.0,BTBT
2025-01-27 05:18:00,3.5,3.51,3.5,3.51,5993.0,BTBT
2025-01-27 05:17:00,3.5,3.5,3.49,3.49,13.0,BTBT
2025-01-27 05:16:00,3.49,3.5,3.49,3.5,1500.0,BTBT
2025-01-27 05:13:00,3.45,3.485,3.45,3.485,22358.0,BTBT
2025-01-27 05:12:00,3.45,3.45,3.45,3.45,100.0,BTBT
2025-01-27 05:11:00,3.46,3.46,3.46,3.46,17.0,BTBT
2025-01-27 05:09:00,3.47,3.47,3.47,3.47,200.0,BTBT
2025-01-27 05:08:00,3.48,3.48,3.46,3.46,100.0,BTBT
2025-01-27 05:07:00,3.46,3.46,3.46,3.46,100.0,BTBT
2025-01-27 05:06:00,3.48,3.48,3.45,3.45,58.0,BTBT
2025-01-27 05:05:00,3.46,3.46,3.46,3.46,680.0,BTBT
2025-01-27 05:03:00,3.475,3.475,3.47,3.47,935.0,BTBT
2025-01-27 05:02:00,3.48,3.48,3.48,3.48,10.0,BTBT
2025-01-27 05:01:00,3.475,3.475,3.475,3.475,300.0,BTBT
2025-01-27 05:00:00,3.48,3.48,3.48,3.48,10.0,BTBT
2025-01-27 04:59:00,3.48,3.48,3.48,3.48,1.0,BTBT
2025-01-27 04:58:00,3.48,3.48,3.48,3.48,171.0,BTBT
2025-01-27 04:57:00,3.48,3.48,3.48,3.48,951.0,BTBT
2025-01-27 04:56:00,3.47,3.48,3.47,3.48,1632.0,BTBT
2025-01-27 04:55:00,3.48,3.48,3.48,3.48,190.0,BTBT
2025-01-27 04:54:00,3.47,3.48,3.47,3.48,660.0,BTBT
2025-01-27 04:51:00,3.46,3.46,3.46,3.46,3977.0,BTBT
2025-01-27 04:50:00,3.45,3.45,3.45,3.45,499.0,BTBT
2025-01-27 04:49:00,3.46,3.46,3.46,3.46,1.0,BTBT
2025-01-27 04:48:00,3.45,3.45,3.45,3.45,680.0,BTBT
2025-01-27 04:46:00,3.45,3.45,3.45,3.45,125.0,BTBT
2025-01-27 04:43:00,3.45,3.45,3.45,3.45,53.0,BTBT
2025-01-27 04:38:00,3.45,3.45,3.45,3.45,2158.0,BTBT
2025-01-27 04:36:00,3.46,3.46,3.46,3.46,37.0,BTBT
2025-01-27 04:34:00,3.45,3.45,3.45,3.45,100.0,BTBT
2025-01-27 04:32:00,3.46,3.46,3.46,3.46,100.0,BTBT
2025-01-27 04:31:00,3.47,3.47,3.47,3.47,2631.0,BTBT
2025-01-27 04:29:00,3.47,3.47,3.47,3.47,200.0,BTBT
2025-01-27 04:28:00,3.46,3.46,3.45,3.46,377.0,BTBT
2025-01-27 04:27:00,3.47,3.48,3.47,3.48,820.0,BTBT
2025-01-27 04:26:00,3.48,3.48,3.48,3.48,339.0,BTBT
2025-01-27 04:25:00,3.48,3.48,3.48,3.48,26.0,BTBT
2025-01-27 04:23:00,3.47,3.47,3.47,3.47,943.0,BTBT
2025-01-27 04:22:00,3.46,3.48,3.46,3.48,60.0,BTBT
2025-01-27 04:21:00,3.48,3.48,3.48,3.48,4.0,BTBT
2025-01-27 04:19:00,3.48,3.48,3.48,3.48,2.0,BTBT
2025-01-27 04:18:00,3.46,3.46,3.46,3.46,51.0,BTBT
2025-01-27 04:17:00,3.46,3.46,3.46,3.46,47.0,BTBT
2025-01-27 04:16:00,3.49,3.49,3.46,3.46,5438.0,BTBT
2025-01-27 04:13:00,3.48,3.49,3.48,3.49,5679.0,BTBT
2025-01-27 04:10:00,3.49,3.49,3.49,3.49,180.0,BTBT
2025-01-27 04:08:00,3.48,3.49,3.44,3.44,1100.0,BTBT
2025-01-27 04:06:00,3.47,3.48,3.43,3.48,715.0,BTBT
2025-01-27 04:04:00,3.41,3.43,3.41,3.43,6806.0,BTBT
2025-01-27 04:03:00,3.44,3.44,3.42,3.42,808.0,BTBT
2025-01-27 04:02:00,3.43,3.49,3.43,3.45,1996.0,BTBT
2025-01-27 04:01:00,3.44,3.48,3.42,3.42,2902.0,BTBT
2025-01-27 04:00:00,3.29,3.48,3.29,3.44,5030.0,BTBT
2025-01-24 19:58:00,3.6695,3.6897,3.65,3.6897,2371.0,BTBT
2025-01-24 19:57:00,3.68,3.68,3.67,3.67,54.0,BTBT
2025-01-24 19:56:00,3.69,3.69,3.69,3.69,26.0,BTBT
2025-01-24 19:54:00,3.7,3.7,3.69,3.69,35.0,BTBT
2025-01-24 19:53:00,3.67,3.7,3.67,3.7,26.0,BTBT
2025-01-24 19:52:00,3.72,3.72,3.6716,3.6716,83.0,BTBT
2025-01-24 19:51:00,3.67,3.67,3.67,3.67,20.0,BTBT
2025-01-24 19:48:00,3.7188,3.7188,3.7188,3.7188,1.0,BTBT
2025-01-24 19:47:00,3.72,3.72,3.72,3.72,1.0,BTBT
2025-01-24 19:46:00,3.72,3.72,3.72,3.72,2.0,BTBT
2025-01-24 19:42:00,3.68,3.68,3.68,3.68,305.0,BTBT
2025-01-24 19:39:00,3.675,3.68,3.675,3.68,334.0,BTBT
2025-01-24 19:37:00,3.68,3.68,3.68,3.68,20.0,BTBT
2025-01-24 19:35:00,3.67,3.67,3.67,3.67,9.0,BTBT
2025-01-24 19:34:00,3.68,3.68,3.68,3.68,2.0,BTBT
2025-01-24 19:32:00,3.689,3.7,3.689,3.7,178.0,BTBT
2025-01-24 19:31:00,3.7498,3.7498,3.7498,3.7498,3000.0,BTBT
2025-01-24 19:30:00,3.7,3.748,3.7,3.748,38.0,BTBT
2025-01-24 19:29:00,3.67,3.67,3.67,3.67,30.0,BTBT
2025-01-24 19:26:00,3.71,3.71,3.71,3.71,1.0,BTBT
2025-01-24 19:22:00,3.673,3.673,3.673,3.673,821.0,BTBT
2025-01-24 19:11:00,3.72,3.72,3.71,3.71,952.0,BTBT
2025-01-24 19:05:00,3.75,3.75,3.75,3.75,2.0,BTBT
2025-01-24 18:59:00,3.73,3.73,3.73,3.73,9.0,BTBT
2025-01-24 18:57:00,3.7,3.7,3.7,3.7,200.0,BTBT
2025-01-24 18:51:00,3.72,3.72,3.72,3.72,1963.0,BTBT
2025-01-24 18:48:00,3.73,3.73,3.73,3.73,2.0,BTBT
2025-01-24 18:47:00,3.73,3.73,3.73,3.73,19.0,BTBT
2025-01-24 18:46:00,3.73,3.73,3.73,3.73,1.0,BTBT
2025-01-24 18:45:00,3.72,3.73,3.72,3.73,410.0,BTBT
2025-01-24 18:40:00,3.72,3.72,3.72,3.72,800.0,BTBT
2025-01-24 18:37:00,3.72,3.72,3.72,3.72,200.0,BTBT
2025-01-24 18:36:00,3.73,3.73,3.73,3.73,5.0,BTBT
2025-01-24 18:24:00,3.72,3.72,3.72,3.72,1924.0,BTBT
2025-01-24 18:22:00,3.7205,3.7205,3.7205,3.7205,35.0,BTBT
2025-01-24 18:20:00,3.72,3.72,3.72,3.72,1146.0,BTBT
2025-01-24 18:18:00,3.73,3.73,3.73,3.73,8.0,BTBT
2025-01-24 18:15:00,3.75,3.75,3.75,3.75,30.0,BTBT
2025-01-24 18:14:00,3.72,3.72,3.72,3.72,900.0,BTBT
2025-01-24 18:12:00,3.72,3.72,3.72,3.72,480.0,BTBT
2025-01-24 18:07:00,3.75,3.75,3.75,3.75,30.0,BTBT
2025-01-24 18:06:00,3.72,3.72,3.72,3.72,1110.0,BTBT
2025-01-24 18:05:00,3.72,3.72,3.72,3.72,3.0,BTBT
2025-01-24 17:58:00,3.72,3.72,3.72,3.72,1400.0,BTBT
2025-01-24 17:57:00,3.73,3.73,3.72,3.72,100.0,BTBT
2025-01-24 17:54:00,3.73,3.73,3.73,3.73,10.0,BTBT
2025-01-24 17:49:00,3.73,3.74,3.73,3.74,15.0,BTBT
2025-01-24 17:48:00,3.75,3.75,3.75,3.75,3.0,BTBT
2025-01-24 17:47:00,3.7493,3.7493,3.7493,3.7493,100.0,BTBT
2025-01-24 17:45:00,3.72,3.72,3.72,3.72,2000.0,BTBT
2025-01-24 17:42:00,3.72,3.72,3.72,3.72,80.0,BTBT
2025-01-24 17:41:00,3.72,3.72,3.72,3.72,733.0,BTBT
2025-01-24 17:35:00,3.72,3.72,3.72,3.72,887.0,BTBT
2025-01-24 17:34:00,3.72,3.72,3.72,3.72,15.0,BTBT
2025-01-24 17:31:00,3.71,3.71,3.71,3.71,10.0,BTBT
2025-01-24 17:26:00,3.72,3.72,3.7197,3.7197,205.0,BTBT
2025-01-24 17:25:00,3.71,3.71,3.71,3.71,8.0,BTBT
2025-01-24 17:21:00,3.72,3.72,3.72,3.72,1.0,BTBT
2025-01-24 17:17:00,3.71,3.72,3.71,3.7199,366.0,BTBT
2025-01-24 17:12:00,3.7001,3.7001,3.7001,3.7001,3.0,BTBT
2025-01-24 17:09:00,3.72,3.72,3.72,3.72,400.0,BTBT
2025-01-24 17:07:00,3.72,3.72,3.72,3.72,519.0,BTBT
2025-01-24 17:02:00,3.7,3.7,3.7,3.7,50.0,BTBT
2025-01-24 16:58:00,3.72,3.72,3.72,3.72,500.0,BTBT
2025-01-24 16:51:00,3.71,3.71,3.7,3.7,300.0,BTBT
2025-01-24 16:50:00,3.73,3.73,3.73,3.73,2000.0,BTBT
2025-01-24 16:49:00,3.73,3.73,3.73,3.73,500.0,BTBT
2025-01-24 16:48:00,3.73,3.73,3.73,3.73,7.0,BTBT
2025-01-24 16:46:00,3.72,3.72,3.72,3.72,1452.0,BTBT
2025-01-24 16:45:00,3.7005,3.7005,3.7005,3.7005,447.0,BTBT
2025-01-24 16:44:00,3.71,3.71,3.71,3.71,690.0,BTBT
2025-01-24 16:43:00,3.72,3.72,3.71,3.7101,161.0,BTBT
2025-01-24 16:42:00,3.72,3.72,3.71,3.71,703.0,BTBT
2025-01-24 16:41:00,3.72,3.72,3.72,3.72,10.0,BTBT
2025-01-24 16:40:00,3.71,3.72,3.71,3.72,438.0,BTBT
2025-01-24 16:39:00,3.72,3.72,3.72,3.72,314.0,BTBT
2025-01-24 16:37:00,3.71,3.71,3.71,3.71,100.0,BTBT
2025-01-24 16:36:00,3.7012,3.7012,3.7012,3.7012,400.0,BTBT
2025-01-24 16:34:00,3.7012,3.71,3.7012,3.71,14.0,BTBT
2025-01-24 16:33:00,3.7,3.7,3.7,3.7,1148.0,BTBT
2025-01-24 16:31:00,3.6997,3.6997,3.6997,3.6997,10.0,BTBT
2025-01-24 16:29:00,3.7,3.7,3.7,3.7,100.0,BTBT
2025-01-24 16:28:00,3.69,3.69,3.69,3.69,5.0,BTBT
2025-01-24 16:25:00,3.69,3.69,3.69,3.69,108.0,BTBT
2025-01-24 16:23:00,3.6999,3.7,3.6999,3.7,250.0,BTBT
2025-01-24 16:22:00,3.69,3.69,3.69,3.69,2400.0,BTBT
2025-01-24 16:21:00,3.69,3.69,3.6801,3.6801,62.0,BTBT
2025-01-24 16:20:00,3.69,3.69,3.68,3.69,17524.0,BTBT
2025-01-24 16:17:00,3.69,3.69,3.6802,3.6802,161.0,BTBT
2025-01-24 16:16:00,3.69,3.69,3.6899,3.6899,2060.0,BTBT
2025-01-24 16:15:00,3.69,3.69,3.675,3.68,3747.0,BTBT
2025-01-24 16:14:00,3.7,3.7,3.7,3.7,10.0,BTBT
2025-01-24 16:12:00,3.69,3.69,3.69,3.69,10.0,BTBT
2025-01-24 16:10:00,3.68,3.68,3.68,3.68,1.0,BTBT
2025-01-24 16:09:00,3.7,3.7,3.69,3.69,320.0,BTBT
2025-01-24 16:07:00,3.6994,3.6994,3.6994,3.6994,100.0,BTBT
2025-01-24 16:06:00,3.68,3.68,3.68,3.68,171.0,BTBT
2025-01-24 16:05:00,3.69,3.7,3.68,3.68,1692.0,BTBT
2025-01-24 16:02:00,3.69,3.69,3.69,3.69,1404.0,BTBT
2025-01-24 16:01:00,3.69,3.69,3.6801,3.69,6626.0,BTBT
2025-01-24 16:00:00,3.69,3.69,3.68,3.68,577945.0,BTBT
2025-01-24 15:59:00,3.695,3.7,3.69,3.7,46887.0,BTBT
2025-01-24 15:58:00,3.6813,3.7,3.6813,3.695,190267.0,BTBT
2025-01-24 15:57:00,3.69,3.69,3.68,3.685,68827.0,BTBT
2025-01-24 15:56:00,3.6897,3.69,3.68,3.685,48656.0,BTBT
2025-01-24 15:55:00,3.685,3.6885,3.68,3.685,29431.0,BTBT
2025-01-24 15:54:00,3.69,3.69,3.68,3.69,57428.0,BTBT
2025-01-24 15:53:00,3.685,3.69,3.6821,3.6869,23535.0,BTBT
2025-01-24 15:52:00,3.685,3.69,3.6824,3.69,2573.0,BTBT
2025-01-24 15:51:00,3.685,3.69,3.68,3.685,18712.0,BTBT
2025-01-24 15:50:00,3.695,3.705,3.685,3.685,125008.0,BTBT
2025-01-24 15:49:00,3.685,3.7,3.68,3.695,96001.0,BTBT
2025-01-24 15:48:00,3.6752,3.69,3.6752,3.69,43667.0,BTBT
2025-01-24 15:47:00,3.6701,3.6799,3.67,3.675,48402.0,BTBT
2025-01-24 15:46:00,3.6798,3.68,3.67,3.675,57885.0,BTBT
2025-01-24 15:45:00,3.6752,3.68,3.67,3.6733,18534.0,BTBT
2025-01-24 15:44:00,3.6799,3.6799,3.67,3.6799,11109.0,BTBT
2025-01-24 15:43:00,3.675,3.68,3.665,3.68,92794.0,BTBT
2025-01-24 15:42:00,3.6745,3.675,3.67,3.675,10304.0,BTBT
2025-01-24 15:41:00,3.6858,3.6899,3.67,3.67,142681.0,BTBT
2025-01-24 15:40:00,3.685,3.685,3.68,3.685,20372.0,BTBT
2025-01-24 15:39:00,3.69,3.69,3.68,3.68,22922.0,BTBT
2025-01-24 15:38:00,3.7,3.7,3.6825,3.685,55685.0,BTBT
2025-01-24 15:37:00,3.7,3.71,3.7,3.705,26422.0,BTBT
2025-01-24 15:36:00,3.699,3.7,3.69,3.69,15880.0,BTBT
2025-01-24 15:35:00,3.7,3.7,3.695,3.7,3748.0,BTBT
2025-01-24 15:34:00,3.695,3.7,3.69,3.695,8172.0,BTBT
2025-01-24 15:33:00,3.6973,3.71,3.69,3.695,70425.0,BTBT
2025-01-24 15:32:00,3.695,3.6999,3.69,3.695,30224.0,BTBT
2025-01-24 15:31:00,3.675,3.7,3.67,3.7,41325.0,BTBT
2025-01-24 15:30:00,3.67,3.68,3.67,3.68,20323.0,BTBT
2025-01-24 15:29:00,3.665,3.67,3.6601,3.6601,13261.0,BTBT
2025-01-24 15:28:00,3.665,3.6689,3.66,3.6644,5168.0,BTBT
2025-01-24 15:27:00,3.67,3.675,3.66,3.6622,41167.0,BTBT
2025-01-24 15:26:00,3.68,3.685,3.66,3.66,61596.0,BTBT
2025-01-24 15:25:00,3.6842,3.69,3.6817,3.685,7392.0,BTBT
2025-01-24 15:24:00,3.6799,3.69,3.67,3.69,51332.0,BTBT
2025-01-24 15:23:00,3.67,3.6827,3.67,3.6792,38033.0,BTBT
2025-01-24 15:22:00,3.675,3.68,3.675,3.675,3103.0,BTBT
2025-01-24 15:21:00,3.6819,3.685,3.6701,3.6756,42875.0,BTBT
2025-01-24 15:20:00,3.685,3.685,3.68,3.68,7066.0,BTBT
2025-01-24 15:19:00,3.685,3.6885,3.685,3.685,3286.0,BTBT
2025-01-24 15:18:00,3.685,3.6893,3.683,3.685,12671.0,BTBT
2025-01-24 15:17:00,3.68,3.69,3.68,3.685,10041.0,BTBT
2025-01-24 15:16:00,3.68,3.695,3.68,3.6809,112386.0,BTBT
2025-01-24 15:15:00,3.685,3.685,3.685,3.685,2601.0,BTBT
2025-01-24 15:14:00,3.6801,3.69,3.68,3.68,29004.0,BTBT
2025-01-24 15:13:00,3.6899,3.6899,3.685,3.685,1065.0,BTBT
2025-01-24 15:12:00,3.685,3.6898,3.68,3.685,17789.0,BTBT
2025-01-24 15:11:00,3.6885,3.69,3.68,3.6833,47547.0,BTBT
2025-01-24 15:10:00,3.6989,3.7,3.68,3.6801,88637.0,BTBT
2025-01-24 15:09:00,3.695,3.7,3.6937,3.695,19388.0,BTBT
2025-01-24 15:08:00,3.69,3.7,3.69,3.695,10125.0,BTBT
2025-01-24 15:07:00,3.695,3.695,3.6903,3.6918,28220.0,BTBT
2025-01-24 15:06:00,3.7001,3.705,3.695,3.695,47625.0,BTBT
2025-01-24 15:05:00,3.71,3.71,3.7,3.705,16482.0,BTBT
2025-01-24 15:04:00,3.705,3.71,3.7,3.7,12262.0,BTBT
2025-01-24 15:03:00,3.7079,3.708,3.705,3.7074,3525.0,BTBT
2025-01-24 15:02:00,3.705,3.705,3.7,3.7,4380.0,BTBT
2025-01-24 15:01:00,3.705,3.7099,3.7001,3.705,9081.0,BTBT
2025-01-24 15:00:00,3.718,3.718,3.7,3.705,60340.0,BTBT
2025-01-24 14:59:00,3.715,3.715,3.71,3.71,26126.0,BTBT
2025-01-24 14:58:00,3.72,3.7282,3.71,3.72,31856.0,BTBT
2025-01-24 14:57:00,3.7301,3.74,3.725,3.725,29621.0,BTBT
2025-01-24 14:56:00,3.735,3.74,3.73,3.735,13843.0,BTBT
2025-01-24 14:55:00,3.74,3.74,3.73,3.74,16315.0,BTBT
2025-01-24 14:54:00,3.735,3.74,3.73,3.74,6596.0,BTBT
2025-01-24 14:53:00,3.735,3.74,3.7315,3.74,3397.0,BTBT
2025-01-24 14:52:00,3.74,3.74,3.73,3.735,9066.0,BTBT
2025-01-24 14:51:00,3.73,3.7399,3.725,3.73,25996.0,BTBT
2025-01-24 14:50:00,3.72,3.73,3.72,3.7233,26822.0,BTBT
2025-01-24 14:49:00,3.72,3.725,3.72,3.72,19636.0,BTBT
2025-01-24 14:48:00,3.73,3.73,3.72,3.725,55394.0,BTBT
2025-01-24 14:47:00,3.7303,3.7303,3.7205,3.725,5460.0,BTBT
2025-01-24 14:46:00,3.74,3.7422,3.735,3.735,14957.0,BTBT
2025-01-24 14:45:00,3.75,3.75,3.74,3.745,34731.0,BTBT
2025-01-24 14:44:00,3.755,3.76,3.753,3.753,1531.0,BTBT
2025-01-24 14:43:00,3.755,3.76,3.75,3.755,21347.0,BTBT
2025-01-24 14:42:00,3.76,3.76,3.76,3.76,293.0,BTBT
2025-01-24 14:41:00,3.77,3.77,3.75,3.7595,147859.0,BTBT
2025-01-24 14:40:00,3.77,3.78,3.77,3.7709,58444.0,BTBT
2025-01-24 14:39:00,3.78,3.78,3.77,3.775,5367.0,BTBT
2025-01-24 14:38:00,3.775,3.78,3.77,3.77,6369.0,BTBT
2025-01-24 14:37:00,3.77,3.78,3.77,3.77,45008.0,BTBT
2025-01-24 14:36:00,3.7801,3.79,3.7752,3.7752,21445.0,BTBT
2025-01-24 14:35:00,3.78,3.79,3.77,3.781,65306.0,BTBT
2025-01-24 14:34:00,3.785,3.79,3.78,3.785,80809.0,BTBT
2025-01-24 14:33:00,3.7848,3.79,3.77,3.7899,41702.0,BTBT
2025-01-24 14:32:00,3.77,3.785,3.77,3.78,85086.0,BTBT
2025-01-24 14:31:00,3.785,3.7899,3.7711,3.775,61259.0,BTBT
2025-01-24 14:30:00,3.785,3.7899,3.78,3.7815,51295.0,BTBT
2025-01-24 14:29:00,3.8,3.8,3.78,3.78,54923.0,BTBT
2025-01-24 14:28:00,3.8,3.8,3.795,3.795,13828.0,BTBT
2025-01-24 14:27:00,3.8,3.8,3.79,3.7983,9099.0,BTBT
2025-01-24 14:26:00,3.8,3.8,3.79,3.795,17135.0,BTBT
2025-01-24 14:25:00,3.8,3.8,3.7914,3.8,7561.0,BTBT
2025-01-24 14:24:00,3.795,3.8,3.795,3.8,3607.0,BTBT
2025-01-24 14:23:00,3.7961,3.7997,3.7901,3.795,15269.0,BTBT
2025-01-24 14:22:00,3.78,3.8,3.78,3.795,48664.0,BTBT
2025-01-24 14:21:00,3.79,3.7948,3.78,3.7848,60617.0,BTBT
2025-01-24 14:20:00,3.775,3.79,3.77,3.785,88237.0,BTBT
2025-01-24 14:19:00,3.785,3.785,3.77,3.78,28726.0,BTBT
2025-01-24 14:18:00,3.7895,3.79,3.78,3.7852,27853.0,BTBT
2025-01-24 14:17:00,3.81,3.8156,3.7801,3.7868,99463.0,BTBT
2025-01-24 14:16:00,3.805,3.81,3.8,3.81,33797.0,BTBT
2025-01-24 14:15:00,3.805,3.81,3.8,3.8,8146.0,BTBT
2025-01-24 14:14:00,3.8,3.81,3.8,3.8008,56932.0,BTBT
2025-01-24 14:13:00,3.796,3.81,3.79,3.8099,41414.0,BTBT
2025-01-24 14:12:00,3.785,3.8,3.785,3.8,22753.0,BTBT
2025-01-24 14:11:00,3.788,3.79,3.78,3.7848,4661.0,BTBT
2025-01-24 14:10:00,3.7801,3.785,3.78,3.7801,5347.0,BTBT
2025-01-24 14:09:00,3.785,3.785,3.77,3.7806,16684.0,BTBT
2025-01-24 14:08:00,3.781,3.7885,3.78,3.7849,8902.0,BTBT
2025-01-24 14:07:00,3.795,3.795,3.78,3.785,37771.0,BTBT
2025-01-24 14:06:00,3.795,3.7995,3.7901,3.7945,14682.0,BTBT
2025-01-24 14:05:00,3.8,3.8148,3.78,3.795,180170.0,BTBT
2025-01-24 14:04:00,3.835,3.835,3.8,3.81,55658.0,BTBT
2025-01-24 14:03:00,3.84,3.8471,3.83,3.835,37388.0,BTBT
2025-01-24 14:02:00,3.85,3.8561,3.84,3.84,51182.0,BTBT
2025-01-24 14:01:00,3.82,3.8495,3.82,3.8431,22707.0,BTBT
2025-01-24 14:00:00,3.8199,3.825,3.81,3.821,32963.0,BTBT
2025-01-24 13:59:00,3.815,3.82,3.81,3.815,43589.0,BTBT
2025-01-24 13:58:00,3.815,3.82,3.8,3.8197,84081.0,BTBT
2025-01-24 13:57:00,3.8305,3.8305,3.81,3.815,43780.0,BTBT
2025-01-24 13:56:00,3.84,3.84,3.83,3.8373,11105.0,BTBT
2025-01-24 13:55:00,3.845,3.8495,3.84,3.84,15124.0,BTBT
2025-01-24 13:54:00,3.845,3.845,3.8409,3.845,3265.0,BTBT
2025-01-24 13:53:00,3.8401,3.8452,3.8401,3.842,2044.0,BTBT
2025-01-24 13:52:00,3.835,3.845,3.835,3.845,17348.0,BTBT
2025-01-24 13:51:00,3.85,3.85,3.83,3.8336,25220.0,BTBT
2025-01-24 13:50:00,3.845,3.85,3.84,3.845,18336.0,BTBT
2025-01-24 13:49:00,3.8301,3.8408,3.83,3.8401,27568.0,BTBT
2025-01-24 13:48:00,3.83,3.84,3.83,3.8345,44522.0,BTBT
2025-01-24 13:47:00,3.8399,3.8399,3.8315,3.8315,2625.0,BTBT
2025-01-24 13:46:00,3.845,3.85,3.82,3.8301,61565.0,BTBT
2025-01-24 13:45:00,3.85,3.85,3.84,3.84,3444.0,BTBT
2025-01-24 13:44:00,3.845,3.85,3.84,3.845,62592.0,BTBT
2025-01-24 13:43:00,3.8499,3.85,3.845,3.85,19167.0,BTBT
2025-01-24 13:42:00,3.845,3.845,3.84,3.84,5110.0,BTBT
2025-01-24 13:41:00,3.845,3.846,3.84,3.8448,1833.0,BTBT
2025-01-24 13:40:00,3.85,3.85,3.84,3.844,12670.0,BTBT
2025-01-24 13:39:00,3.845,3.8582,3.845,3.8505,8498.0,BTBT
2025-01-24 13:38:00,3.845,3.8499,3.84,3.845,80914.0,BTBT
2025-01-24 13:37:00,3.8568,3.8568,3.84,3.845,17141.0,BTBT
2025-01-24 13:36:00,3.86,3.865,3.85,3.85,31579.0,BTBT
2025-01-24 13:35:00,3.865,3.865,3.86,3.8648,41608.0,BTBT
2025-01-24 13:34:00,3.87,3.87,3.86,3.86,26984.0,BTBT
2025-01-24 13:33:00,3.865,3.87,3.86,3.86,7365.0,BTBT
2025-01-24 13:32:00,3.845,3.865,3.845,3.865,88090.0,BTBT
2025-01-24 13:31:00,3.85,3.85,3.84,3.8462,8144.0,BTBT
2025-01-24 13:30:00,3.845,3.85,3.845,3.85,5707.0,BTBT
2025-01-24 13:29:00,3.845,3.85,3.84,3.845,49352.0,BTBT
2025-01-24 13:28:00,3.845,3.85,3.84,3.8403,3856.0,BTBT
2025-01-24 13:27:00,3.845,3.85,3.84,3.85,4039.0,BTBT
2025-01-24 13:26:00,3.85,3.85,3.84,3.845,6524.0,BTBT
2025-01-24 13:25:00,3.845,3.85,3.84,3.85,7526.0,BTBT
2025-01-24 13:24:00,3.84,3.85,3.84,3.845,62396.0,BTBT
2025-01-24 13:23:00,3.85,3.85,3.84,3.84,1076.0,BTBT
2025-01-24 13:22:00,3.849,3.85,3.84,3.845,5116.0,BTBT
2025-01-24 13:21:00,3.8416,3.8416,3.84,3.84,1212.0,BTBT
2025-01-24 13:20:00,3.855,3.855,3.84,3.845,19230.0,BTBT
2025-01-24 13:19:00,3.85,3.86,3.85,3.8501,12577.0,BTBT
2025-01-24 13:18:00,3.84,3.855,3.84,3.85,15523.0,BTBT
2025-01-24 13:17:00,3.84,3.85,3.84,3.85,11161.0,BTBT
2025-01-24 13:16:00,3.84,3.84,3.83,3.8348,13291.0,BTBT
2025-01-24 13:15:00,3.825,3.849,3.82,3.845,81183.0,BTBT
2025-01-24 13:14:00,3.82,3.8299,3.81,3.825,28495.0,BTBT
2025-01-24 13:13:00,3.815,3.82,3.8101,3.815,7481.0,BTBT
2025-01-24 13:12:00,3.825,3.825,3.81,3.81,18272.0,BTBT
2025-01-24 13:11:00,3.845,3.845,3.825,3.825,38160.0,BTBT
2025-01-24 13:10:00,3.845,3.85,3.84,3.845,13098.0,BTBT
2025-01-24 13:09:00,3.85,3.85,3.84,3.845,15103.0,BTBT
2025-01-24 13:08:00,3.85,3.86,3.85,3.855,12696.0,BTBT
2025-01-24 13:07:00,3.85,3.86,3.85,3.855,32096.0,BTBT
2025-01-24 13:06:00,3.845,3.85,3.84,3.8499,5036.0,BTBT
2025-01-24 13:05:00,3.845,3.85,3.84,3.85,3044.0,BTBT
2025-01-24 13:04:00,3.8365,3.845,3.835,3.84,6655.0,BTBT
2025-01-24 13:03:00,3.835,3.835,3.8315,3.8315,2654.0,BTBT
2025-01-24 13:02:00,3.8408,3.8408,3.83,3.835,12035.0,BTBT
2025-01-24 13:01:00,3.84,3.85,3.84,3.845,13583.0,BTBT
2025-01-24 13:00:00,3.8247,3.845,3.8247,3.845,30020.0,BTBT
2025-01-24 12:59:00,3.815,3.825,3.815,3.82,5969.0,BTBT
2025-01-24 12:58:00,3.825,3.8252,3.81,3.815,43704.0,BTBT
2025-01-24 12:57:00,3.815,3.83,3.81,3.825,55573.0,BTBT
2025-01-24 12:56:00,3.83,3.835,3.81,3.8149,62102.0,BTBT
2025-01-24 12:55:00,3.845,3.845,3.8318,3.835,12128.0,BTBT
2025-01-24 12:54:00,3.83,3.85,3.82,3.8406,122254.0,BTBT
2025-01-24 12:53:00,3.845,3.845,3.83,3.8301,51445.0,BTBT
2025-01-24 12:52:00,3.84,3.845,3.84,3.84,1581.0,BTBT
2025-01-24 12:51:00,3.855,3.855,3.845,3.85,32314.0,BTBT
2025-01-24 12:50:00,3.855,3.865,3.85,3.85,101863.0,BTBT
2025-01-24 12:49:00,3.85,3.86,3.85,3.85,46808.0,BTBT
2025-01-24 12:48:00,3.86,3.87,3.85,3.855,51499.0,BTBT
2025-01-24 12:47:00,3.8633,3.87,3.86,3.86,37051.0,BTBT
2025-01-24 12:46:00,3.85,3.87,3.85,3.8601,81637.0,BTBT
2025-01-24 12:45:00,3.855,3.86,3.85,3.85,29443.0,BTBT
2025-01-24 12:44:00,3.855,3.86,3.85,3.855,18165.0,BTBT
2025-01-24 12:43:00,3.85,3.8599,3.84,3.8556,42441.0,BTBT
2025-01-24 12:42:00,3.8572,3.8572,3.85,3.855,8078.0,BTBT
2025-01-24 12:41:00,3.855,3.86,3.85,3.85,30276.0,BTBT
2025-01-24 12:40:00,3.855,3.86,3.85,3.8507,3911.0,BTBT
2025-01-24 12:39:00,3.865,3.87,3.85,3.85,37981.0,BTBT
2025-01-24 12:38:00,3.87,3.87,3.86,3.87,11271.0,BTBT
2025-01-24 12:37:00,3.8552,3.8651,3.85,3.865,71464.0,BTBT
2025-01-24 12:36:00,3.85,3.86,3.85,3.86,18853.0,BTBT
2025-01-24 12:35:00,3.845,3.855,3.845,3.855,21712.0,BTBT
2025-01-24 12:34:00,3.8399,3.85,3.8399,3.8435,31084.0,BTBT
2025-01-24 12:33:00,3.84,3.84,3.83,3.835,30365.0,BTBT
2025-01-24 12:32:00,3.835,3.8499,3.83,3.84,36094.0,BTBT
2025-01-24 12:31:00,3.84,3.845,3.8312,3.8312,24532.0,BTBT
2025-01-24 12:30:00,3.8461,3.85,3.83,3.835,70639.0,BTBT
2025-01-24 12:29:00,3.841,3.85,3.84,3.84,17307.0,BTBT
2025-01-24 12:28:00,3.8452,3.85,3.84,3.845,37620.0,BTBT
2025-01-24 12:27:00,3.84,3.845,3.84,3.845,6508.0,BTBT
2025-01-24 12:26:00,3.86,3.86,3.845,3.845,39691.0,BTBT
2025-01-24 12:25:00,3.86,3.87,3.86,3.8615,28977.0,BTBT
2025-01-24 12:24:00,3.875,3.89,3.86,3.866,179018.0,BTBT
2025-01-24 12:23:00,3.875,3.885,3.87,3.8752,96585.0,BTBT
2025-01-24 12:22:00,3.88,3.88,3.87,3.88,13238.0,BTBT
2025-01-24 12:21:00,3.85,3.88,3.85,3.8701,265886.0,BTBT
2025-01-24 12:20:00,3.845,3.85,3.84,3.85,19180.0,BTBT
2025-01-24 12:19:00,3.8441,3.85,3.8441,3.845,17619.0,BTBT
2025-01-24 12:18:00,3.85,3.85,3.84,3.845,43549.0,BTBT
2025-01-24 12:17:00,3.85,3.85,3.84,3.845,43813.0,BTBT
2025-01-24 12:16:00,3.845,3.85,3.84,3.85,37088.0,BTBT
2025-01-24 12:15:00,3.845,3.85,3.84,3.8444,59888.0,BTBT
2025-01-24 12:14:00,3.845,3.85,3.84,3.85,150803.0,BTBT
2025-01-24 12:13:00,3.8441,3.85,3.84,3.845,53457.0,BTBT
2025-01-24 12:12:00,3.85,3.85,3.8401,3.85,2266.0,BTBT
2025-01-24 12:11:00,3.84,3.845,3.83,3.841,68950.0,BTBT
2025-01-24 12:10:00,3.84,3.84,3.83,3.835,26346.0,BTBT
2025-01-24 12:09:00,3.84,3.84,3.831,3.84,19312.0,BTBT
2025-01-24 12:08:00,3.835,3.84,3.83,3.84,1498.0,BTBT
2025-01-24 12:07:00,3.83,3.84,3.83,3.84,10709.0,BTBT
2025-01-24 12:06:00,3.83,3.8394,3.83,3.8394,22556.0,BTBT
2025-01-24 12:05:00,3.825,3.8399,3.82,3.83,25387.0,BTBT
2025-01-24 12:04:00,3.8399,3.85,3.82,3.825,84095.0,BTBT
2025-01-24 12:03:00,3.8448,3.85,3.83,3.8301,27572.0,BTBT
2025-01-24 12:02:00,3.85,3.85,3.83,3.845,61253.0,BTBT
2025-01-24 12:01:00,3.8399,3.85,3.83,3.85,31658.0,BTBT
2025-01-24 12:00:00,3.805,3.84,3.805,3.8399,99751.0,BTBT
2025-01-24 11:59:00,3.8,3.81,3.8,3.805,18022.0,BTBT
2025-01-24 11:58:00,3.7922,3.7952,3.79,3.79,18463.0,BTBT
2025-01-24 11:57:00,3.8,3.8,3.7925,3.8,4021.0,BTBT
2025-01-24 11:56:00,3.8,3.81,3.79,3.7952,73397.0,BTBT
2025-01-24 11:55:00,3.8206,3.8232,3.8,3.8027,129715.0,BTBT
2025-01-24 11:54:00,3.8301,3.8379,3.82,3.825,84985.0,BTBT
2025-01-24 11:53:00,3.8299,3.84,3.825,3.835,20731.0,BTBT
2025-01-24 11:52:00,3.835,3.835,3.82,3.825,34821.0,BTBT
2025-01-24 11:51:00,3.81,3.835,3.81,3.835,62568.0,BTBT
2025-01-24 11:50:00,3.805,3.81,3.8,3.8097,42639.0,BTBT
2025-01-24 11:49:00,3.805,3.81,3.8,3.8,21440.0,BTBT
2025-01-24 11:48:00,3.82,3.8275,3.81,3.81,25663.0,BTBT
2025-01-24 11:47:00,3.815,3.8295,3.8109,3.821,72375.0,BTBT
2025-01-24 11:46:00,3.83,3.835,3.815,3.8152,115495.0,BTBT
2025-01-24 11:45:00,3.835,3.8399,3.835,3.8351,14089.0,BTBT
2025-01-24 11:44:00,3.8644,3.8644,3.83,3.83,70437.0,BTBT
2025-01-24 11:43:00,3.85,3.87,3.84,3.86,395712.0,BTBT
2025-01-24 11:42:00,3.835,3.85,3.835,3.85,26992.0,BTBT
2025-01-24 11:41:00,3.845,3.845,3.83,3.8399,101522.0,BTBT
2025-01-24 11:40:00,3.845,3.85,3.8412,3.8412,3728.0,BTBT
2025-01-24 11:39:00,3.8416,3.85,3.835,3.8411,53904.0,BTBT
2025-01-24 11:38:00,3.845,3.85,3.84,3.85,13738.0,BTBT
2025-01-24 11:37:00,3.85,3.85,3.84,3.845,100272.0,BTBT
2025-01-24 11:36:00,3.85,3.85,3.84,3.845,65798.0,BTBT
2025-01-24 11:35:00,3.8448,3.8499,3.84,3.8499,11251.0,BTBT
2025-01-24 11:34:00,3.845,3.85,3.84,3.8451,89672.0,BTBT
2025-01-24 11:33:00,3.845,3.85,3.84,3.85,32173.0,BTBT
2025-01-24 11:32:00,3.84,3.8499,3.84,3.8401,34018.0,BTBT
2025-01-24 11:31:00,3.8415,3.845,3.83,3.8317,58154.0,BTBT
2025-01-24 11:30:00,3.84,3.845,3.83,3.845,58048.0,BTBT
2025-01-24 11:29:00,3.845,3.85,3.84,3.8415,17422.0,BTBT
2025-01-24 11:28:00,3.845,3.85,3.84,3.8437,25410.0,BTBT
2025-01-24 11:27:00,3.8446,3.85,3.8444,3.845,5491.0,BTBT
2025-01-24 11:26:00,3.8485,3.85,3.842,3.85,6356.0,BTBT
2025-01-24 11:25:00,3.8321,3.85,3.83,3.8427,69863.0,BTBT
2025-01-24 11:24:00,3.8452,3.85,3.83,3.8328,225704.0,BTBT
2025-01-24 11:23:00,3.84,3.85,3.835,3.8428,184967.0,BTBT
2025-01-24 11:22:00,3.8374,3.84,3.82,3.8315,34445.0,BTBT
2025-01-24 11:21:00,3.85,3.85,3.82,3.8383,115074.0,BTBT
2025-01-24 11:20:00,3.8309,3.85,3.83,3.85,54602.0,BTBT
2025-01-24 11:19:00,3.825,3.8395,3.8201,3.8309,117170.0,BTBT
2025-01-24 11:18:00,3.82,3.83,3.81,3.82,58942.0,BTBT
2025-01-24 11:17:00,3.825,3.83,3.8201,3.825,15337.0,BTBT
2025-01-24 11:16:00,3.83,3.83,3.8202,3.83,12323.0,BTBT
2025-01-24 11:15:00,3.8225,3.83,3.8225,3.83,9655.0,BTBT
2025-01-24 11:14:00,3.83,3.83,3.82,3.83,22762.0,BTBT
2025-01-24 11:13:00,3.815,3.83,3.815,3.83,53326.0,BTBT
2025-01-24 11:12:00,3.795,3.8132,3.79,3.8132,83262.0,BTBT
2025-01-24 11:11:00,3.7883,3.8,3.78,3.7952,31926.0,BTBT
2025-01-24 11:10:00,3.8,3.8,3.78,3.785,80900.0,BTBT
2025-01-24 11:09:00,3.795,3.8,3.79,3.8,32872.0,BTBT
2025-01-24 11:08:00,3.8,3.8,3.7901,3.7921,41062.0,BTBT
2025-01-24 11:07:00,3.8,3.81,3.79,3.8,70053.0,BTBT
2025-01-24 11:06:00,3.7897,3.795,3.7825,3.795,56356.0,BTBT
2025-01-24 11:05:00,3.8,3.8,3.78,3.79,43715.0,BTBT
2025-01-24 11:04:00,3.8204,3.825,3.8001,3.805,65621.0,BTBT
2025-01-24 11:03:00,3.8307,3.8307,3.81,3.8228,73353.0,BTBT
2025-01-24 11:02:00,3.83,3.8399,3.825,3.8301,55862.0,BTBT
2025-01-24 11:01:00,3.82,3.84,3.82,3.8203,69945.0,BTBT
2025-01-24 11:00:00,3.775,3.8297,3.775,3.8297,140661.0,BTBT
2025-01-24 10:59:00,3.79,3.7948,3.7708,3.7709,146323.0,BTBT
2025-01-24 10:58:00,3.785,3.79,3.78,3.785,47785.0,BTBT
2025-01-24 10:57:00,3.78,3.7999,3.78,3.785,96185.0,BTBT
2025-01-24 10:56:00,3.7895,3.7989,3.78,3.79,95112.0,BTBT
2025-01-24 10:55:00,3.795,3.795,3.7827,3.7827,31644.0,BTBT
2025-01-24 10:54:00,3.7999,3.805,3.7916,3.7947,74700.0,BTBT
2025-01-24 10:53:00,3.815,3.8184,3.795,3.795,38953.0,BTBT
2025-01-24 10:52:00,3.8017,3.82,3.8017,3.819,20187.0,BTBT
2025-01-24 10:51:00,3.8,3.8199,3.8,3.805,38910.0,BTBT
2025-01-24 10:50:00,3.825,3.825,3.8,3.8,68452.0,BTBT
2025-01-24 10:49:00,3.8301,3.8312,3.82,3.825,32768.0,BTBT
2025-01-24 10:48:00,3.845,3.85,3.835,3.835,188576.0,BTBT
2025-01-24 10:47:00,3.84,3.85,3.8391,3.8452,84543.0,BTBT
2025-01-24 10:46:00,3.815,3.835,3.81,3.835,131051.0,BTBT
2025-01-24 10:45:00,3.775,3.82,3.775,3.8101,108730.0,BTBT
2025-01-24 10:44:00,3.7652,3.775,3.7509,3.7708,138328.0,BTBT
2025-01-24 10:43:00,3.7738,3.7738,3.7511,3.77,139343.0,BTBT
2025-01-24 10:42:00,3.8,3.81,3.7705,3.775,111043.0,BTBT
2025-01-24 10:41:00,3.795,3.8,3.7801,3.795,52144.0,BTBT
2025-01-24 10:40:00,3.77,3.8,3.7501,3.795,244484.0,BTBT
2025-01-24 10:39:00,3.77,3.78,3.755,3.775,276861.0,BTBT
2025-01-24 10:38:00,3.79,3.8,3.76,3.77,137024.0,BTBT
2025-01-24 10:37:00,3.81,3.81,3.775,3.7895,251556.0,BTBT
2025-01-24 10:36:00,3.8,3.81,3.785,3.8006,226204.0,BTBT
2025-01-24 10:35:00,3.78,3.8,3.7701,3.8,177531.0,BTBT
2025-01-24 10:34:00,3.765,3.8,3.76,3.7845,217458.0,BTBT
2025-01-24 10:33:00,3.8048,3.8048,3.76,3.765,272706.0,BTBT
2025-01-24 10:32:00,3.805,3.8099,3.795,3.805,202693.0,BTBT
2025-01-24 10:31:00,3.785,3.82,3.7848,3.81,110990.0,BTBT
2025-01-24 10:30:00,3.82,3.82,3.785,3.7899,208408.0,BTBT
2025-01-24 10:29:00,3.805,3.82,3.8003,3.8196,55210.0,BTBT
2025-01-24 10:28:00,3.815,3.82,3.8,3.805,155541.0,BTBT
2025-01-24 10:27:00,3.8201,3.83,3.8,3.82,127264.0,BTBT
2025-01-24 10:26:00,3.8096,3.83,3.8,3.815,197705.0,BTBT
2025-01-24 10:25:00,3.815,3.82,3.7901,3.805,115653.0,BTBT
2025-01-24 10:24:00,3.815,3.83,3.81,3.8199,119526.0,BTBT
2025-01-24 10:23:00,3.8107,3.8399,3.8101,3.815,157350.0,BTBT
2025-01-24 10:22:00,3.801,3.8199,3.8,3.8105,181015.0,BTBT
2025-01-24 10:21:00,3.8111,3.82,3.8,3.8003,70114.0,BTBT
2025-01-24 10:20:00,3.805,3.82,3.8,3.8158,84651.0,BTBT
2025-01-24 10:19:00,3.8,3.805,3.79,3.8014,119990.0,BTBT
2025-01-24 10:18:00,3.7808,3.8,3.78,3.795,32531.0,BTBT
2025-01-24 10:17:00,3.755,3.785,3.75,3.785,56067.0,BTBT
2025-01-24 10:16:00,3.76,3.7652,3.7408,3.755,79707.0,BTBT
2025-01-24 10:15:00,3.7606,3.765,3.7409,3.7606,181503.0,BTBT
2025-01-24 10:14:00,3.77,3.7709,3.76,3.7699,34979.0,BTBT
2025-01-24 10:13:00,3.7903,3.7948,3.77,3.775,58387.0,BTBT
2025-01-24 10:12:00,3.77,3.8,3.77,3.795,208157.0,BTBT
2025-01-24 10:11:00,3.7703,3.795,3.76,3.7697,152202.0,BTBT
2025-01-24 10:10:00,3.765,3.7799,3.76,3.775,62383.0,BTBT
2025-01-24 10:09:00,3.7601,3.7699,3.76,3.7617,77372.0,BTBT
2025-01-24 10:08:00,3.775,3.775,3.75,3.7615,121655.0,BTBT
2025-01-24 10:07:00,3.76,3.78,3.76,3.7701,29739.0,BTBT
2025-01-24 10:06:00,3.77,3.775,3.76,3.765,46702.0,BTBT
2025-01-24 10:05:00,3.73,3.7799,3.73,3.77,62787.0,BTBT
2025-01-24 10:04:00,3.7301,3.7301,3.7207,3.73,16592.0,BTBT
2025-01-24 10:03:00,3.755,3.755,3.7201,3.73,85896.0,BTBT
2025-01-24 10:02:00,3.7799,3.7799,3.745,3.76,88075.0,BTBT
2025-01-24 10:01:00,3.75,3.79,3.75,3.7801,149541.0,BTBT
2025-01-24 10:00:00,3.73,3.745,3.7201,3.745,16281.0,BTBT
2025-01-24 09:59:00,3.75,3.75,3.73,3.7352,37164.0,BTBT
2025-01-24 09:58:00,3.7,3.745,3.7,3.7448,29019.0,BTBT
2025-01-24 09:57:00,3.7,3.715,3.7,3.7099,57218.0,BTBT
2025-01-24 09:56:00,3.676,3.695,3.675,3.6904,30139.0,BTBT
2025-01-24 09:55:00,3.655,3.675,3.655,3.675,55060.0,BTBT
2025-01-24 09:54:00,3.655,3.665,3.65,3.655,50905.0,BTBT
2025-01-24 09:53:00,3.67,3.676,3.65,3.66,80861.0,BTBT
2025-01-24 09:52:00,3.6699,3.68,3.66,3.675,64397.0,BTBT
2025-01-24 09:51:00,3.67,3.67,3.65,3.6699,103993.0,BTBT
2025-01-24 09:50:00,3.685,3.69,3.6712,3.68,107370.0,BTBT
2025-01-24 09:49:00,3.7051,3.7051,3.68,3.685,15186.0,BTBT
2025-01-24 09:48:00,3.6999,3.715,3.6999,3.705,18661.0,BTBT
2025-01-24 09:47:00,3.71,3.71,3.69,3.69,30367.0,BTBT
2025-01-24 09:46:00,3.725,3.73,3.7101,3.715,10742.0,BTBT
2025-01-24 09:45:00,3.71,3.74,3.71,3.725,55307.0,BTBT
2025-01-24 09:44:00,3.69,3.715,3.69,3.7,25910.0,BTBT
2025-01-24 09:43:00,3.695,3.7199,3.69,3.695,43530.0,BTBT
2025-01-24 09:42:00,3.6694,3.69,3.6691,3.6899,14864.0,BTBT
2025-01-24 09:41:00,3.67,3.69,3.66,3.66,22450.0,BTBT
2025-01-24 09:40:00,3.6745,3.68,3.66,3.68,31099.0,BTBT
2025-01-24 09:39:00,3.655,3.685,3.6508,3.675,21935.0,BTBT
2025-01-24 09:38:00,3.65,3.66,3.6401,3.655,19578.0,BTBT
2025-01-24 09:37:00,3.645,3.675,3.645,3.6577,56692.0,BTBT
2025-01-24 09:36:00,3.685,3.685,3.64,3.6401,104621.0,BTBT
2025-01-24 09:35:00,3.6748,3.69,3.66,3.6801,53476.0,BTBT
2025-01-24 09:34:00,3.69,3.6997,3.67,3.675,20409.0,BTBT
2025-01-24 09:33:00,3.6901,3.6999,3.69,3.6902,40386.0,BTBT
2025-01-24 09:32:00,3.715,3.7199,3.6828,3.6999,21071.0,BTBT
2025-01-24 09:31:00,3.7298,3.75,3.695,3.7206,60549.0,BTBT
2025-01-24 09:30:00,3.72,3.74,3.7,3.725,134034.0,BTBT
2025-01-24 09:29:00,3.72,3.73,3.72,3.72,1768.0,BTBT
2025-01-24 09:28:00,3.73,3.73,3.72,3.73,2530.0,BTBT
2025-01-24 09:27:00,3.73,3.73,3.73,3.73,100.0,BTBT
2025-01-24 09:25:00,3.73,3.76,3.73,3.7599,383.0,BTBT
2025-01-24 09:24:00,3.75,3.75,3.7491,3.75,750.0,BTBT
2025-01-24 09:23:00,3.7498,3.75,3.7498,3.75,1300.0,BTBT
2025-01-24 09:22:00,3.73,3.75,3.73,3.75,300.0,BTBT
2025-01-24 09:21:00,3.7499,3.75,3.74,3.7499,3304.0,BTBT
2025-01-24 09:20:00,3.7493,3.7494,3.74,3.7494,106.0,BTBT
2025-01-24 09:19:00,3.7499,3.7499,3.74,3.74,1050.0,BTBT
2025-01-24 09:18:00,3.74,3.75,3.74,3.74,1413.0,BTBT
2025-01-24 09:17:00,3.7399,3.74,3.7399,3.7399,1049.0,BTBT
2025-01-24 09:16:00,3.74,3.74,3.74,3.74,1.0,BTBT
2025-01-24 09:15:00,3.7302,3.74,3.7302,3.74,31.0,BTBT
2025-01-24 09:14:00,3.74,3.74,3.74,3.74,15.0,BTBT
2025-01-24 09:13:00,3.73,3.73,3.7201,3.73,1152.0,BTBT
2025-01-24 09:12:00,3.73,3.73,3.72,3.73,1584.0,BTBT
2025-01-24 09:11:00,3.7201,3.73,3.7201,3.73,104.0,BTBT
2025-01-24 09:09:00,3.73,3.73,3.73,3.73,20.0,BTBT
2025-01-24 09:08:00,3.73,3.73,3.73,3.73,150.0,BTBT
2025-01-24 09:07:00,3.7299,3.7299,3.72,3.72,206.0,BTBT
2025-01-24 09:06:00,3.73,3.73,3.73,3.73,125.0,BTBT
2025-01-24 09:05:00,3.72,3.72,3.71,3.72,3916.0,BTBT
2025-01-24 09:04:00,3.72,3.72,3.7199,3.7199,67.0,BTBT
2025-01-24 09:03:00,3.71,3.72,3.71,3.72,156.0,BTBT
2025-01-24 09:02:00,3.71,3.72,3.7,3.71,528.0,BTBT
2025-01-24 09:01:00,3.7,3.71,3.7,3.71,207.0,BTBT
2025-01-24 09:00:00,3.71,3.71,3.71,3.71,400.0,BTBT
2025-01-24 08:59:00,3.74,3.74,3.7,3.72,11750.0,BTBT
2025-01-24 08:57:00,3.73,3.73,3.73,3.73,104.0,BTBT
2025-01-24 08:56:00,3.74,3.76,3.74,3.76,1010.0,BTBT
2025-01-24 08:55:00,3.74,3.77,3.74,3.77,750.0,BTBT
2025-01-24 08:54:00,3.7692,3.7697,3.7692,3.7697,1250.0,BTBT
2025-01-24 08:53:00,3.77,3.77,3.77,3.77,75.0,BTBT
2025-01-24 08:52:00,3.75,3.75,3.75,3.75,2500.0,BTBT
2025-01-24 08:51:00,3.7697,3.7697,3.7697,3.7697,80.0,BTBT
2025-01-24 08:49:00,3.75,3.77,3.73,3.77,124.0,BTBT
2025-01-24 08:47:00,3.7694,3.77,3.7694,3.77,55.0,BTBT
2025-01-24 08:45:00,3.73,3.74,3.73,3.74,320.0,BTBT
2025-01-24 08:44:00,3.75,3.75,3.75,3.75,202.0,BTBT
2025-01-24 08:43:00,3.77,3.77,3.77,3.77,1.0,BTBT
2025-01-24 08:42:00,3.75,3.75,3.75,3.75,2818.0,BTBT
2025-01-24 08:41:00,3.7899,3.7899,3.74,3.77,337.0,BTBT
2025-01-24 08:40:00,3.73,3.73,3.73,3.73,7.0,BTBT
2025-01-24 08:39:00,3.73,3.76,3.73,3.76,580.0,BTBT
2025-01-24 08:38:00,3.77,3.79,3.77,3.79,1112.0,BTBT
2025-01-24 08:37:00,3.76,3.79,3.76,3.79,348.0,BTBT
2025-01-24 08:36:00,3.79,3.79,3.79,3.79,39.0,BTBT
2025-01-24 08:35:00,3.78,3.79,3.77,3.79,300.0,BTBT
2025-01-24 08:34:00,3.79,3.79,3.79,3.79,50.0,BTBT
2025-01-24 08:33:00,3.74,3.77,3.74,3.77,219.0,BTBT
2025-01-24 08:32:00,3.74,3.74,3.74,3.74,33.0,BTBT
2025-01-24 08:31:00,3.73,3.73,3.725,3.73,2619.0,BTBT
2025-01-24 08:30:00,3.72,3.73,3.72,3.72,3589.0,BTBT
2025-01-24 08:28:00,3.72,3.72,3.72,3.72,222.0,BTBT
2025-01-24 08:25:00,3.73,3.73,3.73,3.73,9.0,BTBT
2025-01-24 08:24:00,3.7099,3.71,3.7099,3.71,344.0,BTBT
2025-01-24 08:23:00,3.71,3.71,3.7099,3.7099,635.0,BTBT
2025-01-24 08:22:00,3.72,3.72,3.71,3.71,1188.0,BTBT
2025-01-24 08:21:00,3.73,3.73,3.7297,3.7297,101.0,BTBT
2025-01-24 08:20:00,3.72,3.7299,3.72,3.7299,110.0,BTBT
2025-01-24 08:19:00,3.72,3.73,3.72,3.73,1051.0,BTBT
2025-01-24 08:17:00,3.73,3.73,3.72,3.72,373.0,BTBT
2025-01-24 08:16:00,3.72,3.72,3.72,3.72,522.0,BTBT
2025-01-24 08:15:00,3.72,3.72,3.72,3.72,579.0,BTBT
2025-01-24 08:14:00,3.71,3.71,3.7001,3.7099,720.0,BTBT
2025-01-24 08:13:00,3.71,3.71,3.7099,3.71,2045.0,BTBT
2025-01-24 08:12:00,3.71,3.71,3.7095,3.7095,2882.0,BTBT
2025-01-24 08:11:00,3.7,3.7,3.7,3.7,2973.0,BTBT
2025-01-24 08:10:00,3.69,3.69,3.69,3.69,111.0,BTBT
2025-01-24 08:09:00,3.7,3.7,3.6801,3.69,5217.0,BTBT
2025-01-24 08:08:00,3.72,3.73,3.7,3.7099,7921.0,BTBT
2025-01-24 08:07:00,3.7594,3.76,3.73,3.74,3296.0,BTBT
2025-01-24 08:06:00,3.75,3.76,3.75,3.7597,1015.0,BTBT
2025-01-24 08:05:00,3.7599,3.7599,3.75,3.75,2050.0,BTBT
2025-01-24 08:04:00,3.74,3.76,3.73,3.75,2300.0,BTBT
2025-01-24 08:03:00,3.81,3.82,3.74,3.75,12837.0,BTBT
2025-01-24 08:02:00,3.78,3.85,3.76,3.82,28973.0,BTBT
2025-01-24 08:01:00,3.7788,3.78,3.74,3.78,302.0,BTBT
2025-01-24 08:00:00,3.77,3.85,3.67,3.7788,52573.0,BTBT
2025-01-24 07:58:00,3.74,3.74,3.74,3.74,25.0,BTBT
2025-01-24 07:56:00,3.74,3.74,3.74,3.74,114.0,BTBT
2025-01-24 07:49:00,3.74,3.74,3.74,3.74,160.0,BTBT
2025-01-24 07:48:00,3.75,3.75,3.74,3.74,280.0,BTBT
2025-01-24 07:47:00,3.74,3.74,3.74,3.74,143.0,BTBT
2025-01-24 07:43:00,3.73,3.73,3.73,3.73,8.0,BTBT
2025-01-24 07:38:00,3.721,3.73,3.721,3.73,350.0,BTBT
2025-01-24 07:34:00,3.74,3.74,3.74,3.74,100.0,BTBT
2025-01-24 07:33:00,3.73,3.73,3.73,3.73,45.0,BTBT
2025-01-24 07:32:00,3.74,3.74,3.74,3.74,300.0,BTBT
2025-01-24 07:31:00,3.74,3.74,3.74,3.74,1844.0,BTBT
2025-01-24 07:30:00,3.74,3.74,3.74,3.74,1.0,BTBT
2025-01-24 07:24:00,3.74,3.74,3.74,3.74,251.0,BTBT
2025-01-24 07:23:00,3.75,3.75,3.75,3.75,20.0,BTBT
2025-01-24 07:22:00,3.76,3.76,3.75,3.75,4317.0,BTBT
2025-01-24 07:20:00,3.751,3.751,3.751,3.751,200.0,BTBT
2025-01-24 07:19:00,3.76,3.76,3.755,3.76,563.0,BTBT
2025-01-24 07:18:00,3.76,3.76,3.76,3.76,628.0,BTBT
2025-01-24 07:11:00,3.76,3.76,3.76,3.76,9.0,BTBT
2025-01-24 07:06:00,3.77,3.77,3.77,3.77,1607.0,BTBT
2025-01-24 07:00:00,3.78,3.78,3.78,3.78,129.0,BTBT
2025-01-24 06:57:00,3.79,3.79,3.77,3.77,100.0,BTBT
2025-01-24 06:51:00,3.79,3.79,3.79,3.79,150.0,BTBT
2025-01-24 06:49:00,3.79,3.79,3.79,3.79,1000.0,BTBT
2025-01-24 06:48:00,3.79,3.79,3.79,3.79,13.0,BTBT
2025-01-24 06:46:00,3.77,3.77,3.77,3.77,5.0,BTBT
2025-01-24 06:45:00,3.8,3.8,3.8,3.8,1409.0,BTBT
2025-01-24 06:44:00,3.78,3.8,3.78,3.8,3391.0,BTBT
2025-01-24 06:40:00,3.77,3.78,3.77,3.78,70.0,BTBT
2025-01-24 06:39:00,3.775,3.775,3.775,3.775,923.0,BTBT
2025-01-24 06:30:00,3.78,3.79,3.78,3.79,2500.0,BTBT
2025-01-24 06:29:00,3.78,3.78,3.78,3.78,420.0,BTBT
2025-01-24 06:28:00,3.77,3.8,3.77,3.8,4930.0,BTBT
2025-01-24 06:21:00,3.77,3.77,3.77,3.77,200.0,BTBT
2025-01-24 06:02:00,3.75,3.76,3.75,3.76,256.0,BTBT
2025-01-24 06:01:00,3.76,3.76,3.76,3.76,211.0,BTBT
2025-01-24 05:57:00,3.76,3.76,3.76,3.76,1.0,BTBT
2025-01-24 05:49:00,3.76,3.76,3.76,3.76,270.0,BTBT
2025-01-24 05:43:00,3.76,3.76,3.76,3.76,20.0,BTBT
2025-01-24 05:41:00,3.76,3.76,3.76,3.76,29.0,BTBT
2025-01-24 05:40:00,3.77,3.77,3.77,3.77,2.0,BTBT
2025-01-24 05:38:00,3.77,3.77,3.77,3.77,1.0,BTBT
2025-01-24 05:37:00,3.76,3.77,3.76,3.77,65.0,BTBT
2025-01-24 05:35:00,3.76,3.76,3.76,3.76,564.0,BTBT
2025-01-24 05:25:00,3.755,3.76,3.755,3.76,1000.0,BTBT
2025-01-24 05:21:00,3.75,3.75,3.75,3.75,500.0,BTBT
2025-01-24 05:18:00,3.77,3.77,3.77,3.77,551.0,BTBT
2025-01-24 05:16:00,3.78,3.78,3.77,3.77,113.0,BTBT
2025-01-24 05:15:00,3.78,3.78,3.78,3.78,22.0,BTBT
2025-01-24 05:13:00,3.78,3.78,3.78,3.78,285.0,BTBT
2025-01-24 05:10:00,3.78,3.78,3.78,3.78,652.0,BTBT
2025-01-24 05:09:00,3.78,3.78,3.78,3.78,25.0,BTBT
2025-01-24 05:05:00,3.78,3.78,3.78,3.78,1891.0,BTBT
2025-01-24 05:02:00,3.78,3.78,3.78,3.78,50.0,BTBT
2025-01-24 05:01:00,3.78,3.78,3.78,3.78,3170.0,BTBT
2025-01-24 05:00:00,3.78,3.78,3.78,3.78,1000.0,BTBT
2025-01-24 04:50:00,3.78,3.78,3.77,3.78,2448.0,BTBT
2025-01-24 04:49:00,3.765,3.77,3.765,3.77,1057.0,BTBT
2025-01-24 04:46:00,3.76,3.76,3.76,3.76,500.0,BTBT
2025-01-24 04:45:00,3.765,3.78,3.765,3.77,3486.0,BTBT
2025-01-24 04:44:00,3.77,3.77,3.77,3.77,620.0,BTBT
2025-01-24 04:43:00,3.77,3.77,3.77,3.77,7.0,BTBT
2025-01-24 04:40:00,3.77,3.77,3.77,3.77,25.0,BTBT
2025-01-24 04:36:00,3.77,3.77,3.77,3.77,100.0,BTBT
2025-01-24 04:35:00,3.77,3.77,3.77,3.77,1000.0,BTBT
2025-01-24 04:34:00,3.77,3.77,3.77,3.77,846.0,BTBT
2025-01-24 04:33:00,3.77,3.77,3.77,3.77,378.0,BTBT
2025-01-24 04:29:00,3.77,3.77,3.77,3.77,200.0,BTBT
2025-01-24 04:28:00,3.77,3.77,3.77,3.77,2938.0,BTBT
2025-01-24 04:24:00,3.76,3.76,3.76,3.76,211.0,BTBT
2025-01-24 04:22:00,3.75,3.76,3.75,3.76,504.0,BTBT
2025-01-24 04:21:00,3.75,3.75,3.75,3.75,1.0,BTBT
2025-01-24 04:20:00,3.76,3.76,3.76,3.76,2.0,BTBT
2025-01-24 04:18:00,3.73,3.74,3.73,3.74,1966.0,BTBT
2025-01-24 04:15:00,3.75,3.75,3.72,3.72,4454.0,BTBT
2025-01-24 04:14:00,3.76,3.76,3.76,3.76,50.0,BTBT
2025-01-24 04:10:00,3.76,3.76,3.76,3.76,30.0,BTBT
2025-01-24 04:09:00,3.75,3.76,3.75,3.76,84.0,BTBT
2025-01-24 04:08:00,3.76,3.76,3.76,3.76,10.0,BTBT
2025-01-24 04:07:00,3.77,3.77,3.76,3.76,83.0,BTBT
2025-01-24 04:06:00,3.75,3.76,3.75,3.76,202.0,BTBT
2025-01-24 04:05:00,3.78,3.78,3.78,3.78,4.0,BTBT
2025-01-24 04:04:00,3.75,3.78,3.75,3.78,69.0,BTBT
2025-01-24 04:03:00,3.77,3.82,3.77,3.82,98.0,BTBT
2025-01-24 04:02:00,3.76,3.76,3.76,3.76,3.0,BTBT
2025-01-24 04:01:00,3.85,3.85,3.77,3.77,4198.0,BTBT
2025-01-24 04:00:00,3.85,3.85,3.85,3.85,303.0,BTBT
2025-01-23 19:59:00,3.65,3.68,3.65,3.68,52.0,BTBT
2025-01-23 19:58:00,3.68,3.68,3.68,3.68,8.0,BTBT
2025-01-23 19:57:00,3.65,3.65,3.65,3.65,1318.0,BTBT
2025-01-23 19:56:00,3.6502,3.6598,3.6502,3.6598,140.0,BTBT
2025-01-23 19:55:00,3.66,3.66,3.66,3.66,300.0,BTBT
2025-01-23 19:51:00,3.68,3.68,3.68,3.68,285.0,BTBT
2025-01-23 19:49:00,3.66,3.66,3.66,3.66,1000.0,BTBT
2025-01-23 19:46:00,3.66,3.66,3.6501,3.6501,600.0,BTBT
2025-01-23 19:42:00,3.67,3.67,3.67,3.67,70.0,BTBT
2025-01-23 19:38:00,3.66,3.66,3.66,3.66,1947.0,BTBT
2025-01-23 19:37:00,3.6692,3.6692,3.6692,3.6692,12.0,BTBT
2025-01-23 19:36:00,3.6799,3.6799,3.6799,3.6799,250.0,BTBT
2025-01-23 19:35:00,3.66,3.66,3.66,3.66,6.0,BTBT
2025-01-23 19:29:00,3.68,3.68,3.68,3.68,150.0,BTBT
2025-01-23 19:26:00,3.68,3.68,3.68,3.68,100.0,BTBT
2025-01-23 19:25:00,3.68,3.68,3.68,3.68,50.0,BTBT
2025-01-23 19:24:00,3.66,3.68,3.66,3.68,503.0,BTBT
2025-01-23 19:22:00,3.66,3.66,3.66,3.66,5.0,BTBT
2025-01-23 19:21:00,3.68,3.68,3.68,3.68,4.0,BTBT
2025-01-23 19:20:00,3.68,3.68,3.68,3.68,200.0,BTBT
2025-01-23 19:17:00,3.6898,3.69,3.6898,3.69,6000.0,BTBT
2025-01-23 19:16:00,3.69,3.69,3.69,3.69,75.0,BTBT
2025-01-23 19:15:00,3.6802,3.6802,3.6802,3.6802,2.0,BTBT
2025-01-23 19:08:00,3.68,3.68,3.68,3.68,100.0,BTBT
2025-01-23 19:06:00,3.6803,3.6803,3.6803,3.6803,50.0,BTBT
2025-01-23 19:02:00,3.67,3.6701,3.66,3.66,5337.0,BTBT
2025-01-23 19:00:00,3.69,3.69,3.69,3.69,300.0,BTBT
2025-01-23 18:57:00,3.68,3.68,3.68,3.68,32.0,BTBT
2025-01-23 18:56:00,3.68,3.68,3.68,3.68,500.0,BTBT
2025-01-23 18:55:00,3.69,3.69,3.69,3.69,335.0,BTBT
2025-01-23 18:52:00,3.7,3.7,3.6999,3.6999,2900.0,BTBT
2025-01-23 18:51:00,3.69,3.7,3.69,3.7,6.0,BTBT
2025-01-23 18:49:00,3.6903,3.6903,3.69,3.69,2008.0,BTBT
2025-01-23 18:48:00,3.69,3.6901,3.69,3.6901,6000.0,BTBT
2025-01-23 18:47:00,3.6902,3.7,3.69,3.69,4593.0,BTBT
2025-01-23 18:46:00,3.6999,3.6999,3.6999,3.6999,100.0,BTBT
2025-01-23 18:42:00,3.67,3.69,3.67,3.69,2607.0,BTBT
2025-01-23 18:41:00,3.6895,3.6895,3.6895,3.6895,1000.0,BTBT
2025-01-23 18:39:00,3.69,3.69,3.68,3.69,1030.0,BTBT
2025-01-23 18:38:00,3.69,3.69,3.6899,3.6899,55.0,BTBT
2025-01-23 18:37:00,3.69,3.69,3.6899,3.6899,512.0,BTBT
2025-01-23 18:36:00,3.69,3.69,3.69,3.69,2000.0,BTBT
2025-01-23 18:35:00,3.6899,3.6899,3.6899,3.6899,200.0,BTBT
2025-01-23 18:34:00,3.69,3.69,3.69,3.69,3.0,BTBT
2025-01-23 18:33:00,3.67,3.67,3.67,3.67,3.0,BTBT
2025-01-23 18:19:00,3.6799,3.68,3.6799,3.68,825.0,BTBT
2025-01-23 18:18:00,3.64,3.68,3.64,3.68,2203.0,BTBT
2025-01-23 18:17:00,3.65,3.66,3.65,3.66,900.0,BTBT
2025-01-23 18:14:00,3.66,3.66,3.66,3.66,29.0,BTBT
2025-01-23 18:13:00,3.65,3.66,3.65,3.66,4901.0,BTBT
2025-01-23 18:12:00,3.6595,3.6595,3.6595,3.6595,4500.0,BTBT
2025-01-23 18:10:00,3.66,3.66,3.66,3.66,130.0,BTBT
2025-01-23 18:07:00,3.65,3.65,3.65,3.65,1000.0,BTBT
2025-01-23 18:04:00,3.66,3.66,3.66,3.66,5.0,BTBT
2025-01-23 18:03:00,3.65,3.65,3.65,3.65,69.0,BTBT
2025-01-23 18:02:00,3.6599,3.66,3.65,3.65,4812.0,BTBT
2025-01-23 18:01:00,3.66,3.66,3.66,3.66,345.0,BTBT
2025-01-23 18:00:00,3.66,3.66,3.66,3.66,300.0,BTBT
2025-01-23 17:58:00,3.6597,3.6597,3.6597,3.6597,4.0,BTBT
2025-01-23 17:54:00,3.6598,3.6598,3.6598,3.6598,1000.0,BTBT
2025-01-23 17:52:00,3.65,3.65,3.65,3.65,1000.0,BTBT
2025-01-23 17:50:00,3.6699,3.6699,3.6699,3.6699,100.0,BTBT
2025-01-23 17:49:00,3.6697,3.6697,3.6697,3.6697,517.0,BTBT
2025-01-23 17:48:00,3.66,3.67,3.66,3.67,1925.0,BTBT
2025-01-23 17:47:00,3.689,3.689,3.66,3.66,1695.0,BTBT
2025-01-23 17:46:00,3.64,3.64,3.64,3.64,25.0,BTBT
2025-01-23 17:45:00,3.67,3.67,3.66,3.6697,3400.0,BTBT
2025-01-23 17:44:00,3.66,3.66,3.65,3.65,3822.0,BTBT
2025-01-23 17:38:00,3.6691,3.6691,3.6691,3.6691,300.0,BTBT
2025-01-23 17:35:00,3.67,3.67,3.66,3.67,147.0,BTBT
2025-01-23 17:34:00,3.67,3.67,3.67,3.67,2.0,BTBT
2025-01-23 17:32:00,3.66,3.66,3.66,3.66,100.0,BTBT
2025-01-23 17:30:00,3.65,3.66,3.65,3.66,1900.0,BTBT
2025-01-23 17:29:00,3.66,3.66,3.65,3.65,101.0,BTBT
2025-01-23 17:27:00,3.65,3.65,3.65,3.65,126.0,BTBT
2025-01-23 17:26:00,3.65,3.65,3.65,3.65,1.0,BTBT
2025-01-23 17:24:00,3.64,3.65,3.64,3.65,406.0,BTBT
2025-01-23 17:23:00,3.64,3.65,3.64,3.65,335.0,BTBT
2025-01-23 17:22:00,3.65,3.65,3.64,3.64,1423.0,BTBT
2025-01-23 17:21:00,3.65,3.65,3.6497,3.6497,4741.0,BTBT
2025-01-23 17:16:00,3.64,3.6403,3.64,3.6401,221.0,BTBT
2025-01-23 17:15:00,3.65,3.65,3.65,3.65,1208.0,BTBT
2025-01-23 17:12:00,3.65,3.65,3.65,3.65,1100.0,BTBT
2025-01-23 17:06:00,3.65,3.65,3.65,3.65,11.0,BTBT
2025-01-23 17:04:00,3.65,3.65,3.65,3.65,50.0,BTBT
2025-01-23 17:02:00,3.63,3.65,3.63,3.65,2035.0,BTBT
2025-01-23 17:00:00,3.65,3.65,3.65,3.65,100.0,BTBT
2025-01-23 16:58:00,3.64,3.65,3.64,3.6495,696.0,BTBT
2025-01-23 16:57:00,3.64,3.64,3.64,3.64,100.0,BTBT
2025-01-23 16:56:00,3.6305,3.6305,3.6305,3.6305,300.0,BTBT
2025-01-23 16:55:00,3.65,3.65,3.65,3.65,9.0,BTBT
2025-01-23 16:53:00,3.6301,3.6301,3.6301,3.6301,15.0,BTBT
2025-01-23 16:51:00,3.63,3.64,3.63,3.64,505.0,BTBT
2025-01-23 16:49:00,3.64,3.64,3.64,3.64,1455.0,BTBT
2025-01-23 16:48:00,3.6399,3.6399,3.6303,3.6303,406.0,BTBT
2025-01-23 16:47:00,3.64,3.64,3.64,3.64,3.0,BTBT
2025-01-23 16:44:00,3.6302,3.6302,3.6302,3.6302,100.0,BTBT
2025-01-23 16:41:00,3.64,3.64,3.64,3.64,115.0,BTBT
2025-01-23 16:40:00,3.64,3.64,3.64,3.64,12.0,BTBT
2025-01-23 16:39:00,3.6399,3.6399,3.63,3.63,350.0,BTBT
2025-01-23 16:38:00,3.64,3.64,3.64,3.64,3.0,BTBT
2025-01-23 16:37:00,3.6299,3.63,3.62,3.63,2500.0,BTBT
2025-01-23 16:36:00,3.6398,3.64,3.62,3.64,1902.0,BTBT
2025-01-23 16:35:00,3.62,3.62,3.6004,3.6004,73.0,BTBT
2025-01-23 16:31:00,3.601,3.64,3.601,3.6393,2257.0,BTBT
2025-01-23 16:30:00,3.63,3.64,3.63,3.64,37.0,BTBT
2025-01-23 16:29:00,3.61,3.6399,3.61,3.6399,2250.0,BTBT
2025-01-23 16:28:00,3.61,3.61,3.61,3.61,350.0,BTBT
2025-01-23 16:26:00,3.61,3.61,3.61,3.61,814.0,BTBT
2025-01-23 16:21:00,3.62,3.62,3.62,3.62,40.0,BTBT
2025-01-23 16:20:00,3.61,3.6387,3.61,3.6387,500.0,BTBT
2025-01-23 16:19:00,3.6,3.6,3.6,3.6,60.0,BTBT
2025-01-23 16:18:00,3.63,3.63,3.56,3.56,29613.0,BTBT
2025-01-23 16:17:00,3.6499,3.6499,3.6499,3.6499,100.0,BTBT
2025-01-23 16:16:00,3.6305,3.65,3.6305,3.65,63.0,BTBT
2025-01-23 16:15:00,3.65,3.65,3.63,3.6307,303.0,BTBT
2025-01-23 16:14:00,3.6491,3.6491,3.6491,3.6491,500.0,BTBT
2025-01-23 16:10:00,3.6306,3.6306,3.6306,3.6306,100.0,BTBT
2025-01-23 16:09:00,3.63,3.63,3.63,3.63,1.0,BTBT
2025-01-23 16:08:00,3.65,3.65,3.65,3.65,40.0,BTBT
2025-01-23 16:07:00,3.64,3.64,3.63,3.63,800.0,BTBT
2025-01-23 16:06:00,3.6401,3.6401,3.6401,3.6401,21.0,BTBT
2025-01-23 16:05:00,3.65,3.65,3.65,3.65,2.0,BTBT
2025-01-23 16:04:00,3.64,3.64,3.64,3.64,1000.0,BTBT
2025-01-23 16:03:00,3.64,3.64,3.64,3.64,1000.0,BTBT
2025-01-23 16:02:00,3.65,3.65,3.65,3.65,702.0,BTBT
2025-01-23 16:01:00,3.65,3.65,3.65,3.65,9690.0,BTBT
2025-01-23 16:00:00,3.645,3.65,3.62,3.65,562819.0,BTBT
2025-01-23 15:59:00,3.645,3.65,3.64,3.645,95659.0,BTBT
2025-01-23 15:58:00,3.65,3.65,3.64,3.65,64410.0,BTBT
2025-01-23 15:57:00,3.6286,3.65,3.62,3.645,74840.0,BTBT
2025-01-23 15:56:00,3.63,3.635,3.62,3.6257,79510.0,BTBT
2025-01-23 15:55:00,3.65,3.65,3.63,3.63,98947.0,BTBT
2025-01-23 15:54:00,3.645,3.66,3.64,3.65,106360.0,BTBT
2025-01-23 15:53:00,3.65,3.65,3.64,3.64,44596.0,BTBT
2025-01-23 15:52:00,3.655,3.66,3.645,3.6525,75021.0,BTBT
2025-01-23 15:51:00,3.67,3.67,3.65,3.656,38753.0,BTBT
2025-01-23 15:50:00,3.665,3.679,3.665,3.679,88580.0,BTBT
2025-01-23 15:49:00,3.665,3.67,3.66,3.662,9670.0,BTBT
2025-01-23 15:48:00,3.665,3.67,3.66,3.66,12387.0,BTBT
2025-01-23 15:47:00,3.65,3.67,3.65,3.665,65891.0,BTBT
2025-01-23 15:46:00,3.655,3.6583,3.6501,3.655,11442.0,BTBT
2025-01-23 15:45:00,3.67,3.68,3.6501,3.655,79658.0,BTBT
2025-01-23 15:44:00,3.6713,3.68,3.665,3.665,45506.0,BTBT
2025-01-23 15:43:00,3.665,3.68,3.665,3.68,34012.0,BTBT
2025-01-23 15:42:00,3.66,3.67,3.66,3.665,23542.0,BTBT
2025-01-23 15:41:00,3.675,3.675,3.66,3.665,37547.0,BTBT
2025-01-23 15:40:00,3.6748,3.68,3.67,3.67,20211.0,BTBT
2025-01-23 15:39:00,3.685,3.69,3.67,3.67,43507.0,BTBT
2025-01-23 15:38:00,3.685,3.69,3.68,3.685,40636.0,BTBT
2025-01-23 15:37:00,3.68,3.69,3.67,3.685,62257.0,BTBT
2025-01-23 15:36:00,3.675,3.69,3.675,3.6806,48070.0,BTBT
2025-01-23 15:35:00,3.685,3.685,3.67,3.675,61521.0,BTBT
2025-01-23 15:34:00,3.6966,3.7,3.68,3.6899,50023.0,BTBT
2025-01-23 15:33:00,3.6909,3.7,3.69,3.695,61762.0,BTBT
2025-01-23 15:32:00,3.685,3.7,3.685,3.695,27097.0,BTBT
2025-01-23 15:31:00,3.6848,3.69,3.68,3.685,28832.0,BTBT
2025-01-23 15:30:00,3.705,3.705,3.67,3.6805,112647.0,BTBT
2025-01-23 15:29:00,3.7,3.72,3.695,3.7,199050.0,BTBT
2025-01-23 15:28:00,3.6997,3.7,3.6923,3.7,4324.0,BTBT
2025-01-23 15:27:00,3.695,3.7,3.68,3.695,45227.0,BTBT
2025-01-23 15:26:00,3.685,3.7,3.68,3.695,140354.0,BTBT
2025-01-23 15:25:00,3.675,3.69,3.675,3.68,48553.0,BTBT
2025-01-23 15:24:00,3.66,3.68,3.66,3.68,40763.0,BTBT
2025-01-23 15:23:00,3.67,3.67,3.65,3.66,73097.0,BTBT
2025-01-23 15:22:00,3.665,3.68,3.66,3.675,74776.0,BTBT
2025-01-23 15:21:00,3.665,3.67,3.66,3.67,27636.0,BTBT
2025-01-23 15:20:00,3.635,3.67,3.635,3.665,184212.0,BTBT
2025-01-23 15:19:00,3.6295,3.64,3.62,3.635,72080.0,BTBT
2025-01-23 15:18:00,3.635,3.6399,3.62,3.6252,145947.0,BTBT
2025-01-23 15:17:00,3.64,3.66,3.62,3.635,154467.0,BTBT
2025-01-23 15:16:00,3.655,3.6599,3.64,3.645,88069.0,BTBT
2025-01-23 15:15:00,3.645,3.6599,3.63,3.6599,120434.0,BTBT
2025-01-23 15:14:00,3.655,3.6599,3.64,3.64,107008.0,BTBT
2025-01-23 15:13:00,3.655,3.68,3.65,3.655,127527.0,BTBT
2025-01-23 15:12:00,3.615,3.665,3.61,3.655,306186.0,BTBT
2025-01-23 15:11:00,3.635,3.635,3.61,3.615,165648.0,BTBT
2025-01-23 15:10:00,3.635,3.64,3.63,3.635,9530.0,BTBT
2025-01-23 15:09:00,3.635,3.64,3.63,3.635,6776.0,BTBT
2025-01-23 15:08:00,3.64,3.64,3.63,3.64,1705.0,BTBT
2025-01-23 15:07:00,3.62,3.6385,3.62,3.6377,19918.0,BTBT
2025-01-23 15:06:00,3.625,3.64,3.62,3.625,16987.0,BTBT
2025-01-23 15:05:00,3.6243,3.6299,3.62,3.6212,9743.0,BTBT
2025-01-23 15:04:00,3.6248,3.6299,3.62,3.62,3577.0,BTBT
2025-01-23 15:03:00,3.625,3.6272,3.62,3.6214,14073.0,BTBT
2025-01-23 15:02:00,3.615,3.6275,3.61,3.625,29851.0,BTBT
2025-01-23 15:01:00,3.62,3.63,3.61,3.61,128266.0,BTBT
2025-01-23 15:00:00,3.6277,3.6277,3.62,3.62,22209.0,BTBT
2025-01-23 14:59:00,3.635,3.6374,3.62,3.62,67635.0,BTBT
2025-01-23 14:58:00,3.6399,3.64,3.63,3.6376,5897.0,BTBT
2025-01-23 14:57:00,3.645,3.6474,3.63,3.635,19879.0,BTBT
2025-01-23 14:56:00,3.6385,3.645,3.63,3.645,15608.0,BTBT
2025-01-23 14:55:00,3.6307,3.64,3.63,3.635,36760.0,BTBT
2025-01-23 14:54:00,3.65,3.65,3.63,3.635,112957.0,BTBT
2025-01-23 14:53:00,3.655,3.6599,3.65,3.65,18810.0,BTBT
2025-01-23 14:52:00,3.6601,3.67,3.65,3.6599,66299.0,BTBT
2025-01-23 14:51:00,3.66,3.67,3.66,3.6646,7599.0,BTBT
2025-01-23 14:50:00,3.665,3.67,3.66,3.6615,19770.0,BTBT
2025-01-23 14:49:00,3.67,3.675,3.66,3.66,11155.0,BTBT
2025-01-23 14:48:00,3.675,3.675,3.67,3.67,9207.0,BTBT
2025-01-23 14:47:00,3.695,3.695,3.67,3.67,19444.0,BTBT
2025-01-23 14:46:00,3.695,3.6999,3.69,3.695,25058.0,BTBT
2025-01-23 14:45:00,3.695,3.7,3.69,3.695,18012.0,BTBT
2025-01-23 14:44:00,3.7089,3.71,3.69,3.69,9255.0,BTBT
2025-01-23 14:43:00,3.7,3.71,3.69,3.7003,74626.0,BTBT
2025-01-23 14:42:00,3.695,3.7,3.6931,3.695,9554.0,BTBT
2025-01-23 14:41:00,3.675,3.695,3.675,3.695,13185.0,BTBT
2025-01-23 14:40:00,3.675,3.6787,3.6717,3.6787,2064.0,BTBT
2025-01-23 14:39:00,3.665,3.6799,3.665,3.675,73220.0,BTBT
2025-01-23 14:38:00,3.6852,3.69,3.66,3.665,79416.0,BTBT
2025-01-23 14:37:00,3.685,3.6899,3.68,3.68,8373.0,BTBT
2025-01-23 14:36:00,3.69,3.6901,3.68,3.685,38718.0,BTBT
2025-01-23 14:35:00,3.685,3.6903,3.67,3.6903,70821.0,BTBT
2025-01-23 14:34:00,3.665,3.69,3.665,3.685,108873.0,BTBT
2025-01-23 14:33:00,3.685,3.69,3.66,3.66,62602.0,BTBT
2025-01-23 14:32:00,3.675,3.685,3.6707,3.685,22998.0,BTBT
2025-01-23 14:31:00,3.6799,3.68,3.67,3.675,39649.0,BTBT
2025-01-23 14:30:00,3.675,3.69,3.6748,3.68,46878.0,BTBT
2025-01-23 14:29:00,3.6708,3.6791,3.6708,3.6787,8665.0,BTBT
2025-01-23 14:28:00,3.685,3.69,3.67,3.675,61453.0,BTBT
2025-01-23 14:27:00,3.685,3.6932,3.6801,3.6812,62170.0,BTBT
2025-01-23 14:26:00,3.695,3.705,3.68,3.68,220497.0,BTBT
2025-01-23 14:25:00,3.68,3.695,3.68,3.695,30851.0,BTBT
2025-01-23 14:24:00,3.6838,3.69,3.68,3.6895,37290.0,BTBT
2025-01-23 14:23:00,3.69,3.69,3.685,3.685,4940.0,BTBT
2025-01-23 14:22:00,3.68,3.69,3.675,3.685,42184.0,BTBT
2025-01-23 14:21:00,3.69,3.69,3.6701,3.69,132440.0,BTBT
2025-01-23 14:20:00,3.7001,3.705,3.68,3.69,74715.0,BTBT
2025-01-23 14:19:00,3.69,3.7097,3.69,3.7079,27104.0,BTBT
2025-01-23 14:18:00,3.695,3.7,3.69,3.69,9510.0,BTBT
2025-01-23 14:17:00,3.7,3.7,3.69,3.695,27150.0,BTBT
2025-01-23 14:16:00,3.705,3.71,3.69,3.69,84373.0,BTBT
2025-01-23 14:15:00,3.715,3.7188,3.7,3.71,135344.0,BTBT
2025-01-23 14:14:00,3.724,3.724,3.715,3.7199,41831.0,BTBT
2025-01-23 14:13:00,3.7305,3.7378,3.72,3.725,16617.0,BTBT
2025-01-23 14:12:00,3.735,3.735,3.735,3.735,763.0,BTBT
2025-01-23 14:11:00,3.735,3.74,3.73,3.735,11384.0,BTBT
2025-01-23 14:10:00,3.735,3.7399,3.73,3.73,34517.0,BTBT
2025-01-23 14:09:00,3.7384,3.7399,3.73,3.735,12327.0,BTBT
2025-01-23 14:08:00,3.725,3.74,3.72,3.74,58479.0,BTBT
2025-01-23 14:07:00,3.735,3.74,3.72,3.725,41084.0,BTBT
2025-01-23 14:06:00,3.735,3.74,3.73,3.73,9955.0,BTBT
2025-01-23 14:05:00,3.7399,3.74,3.72,3.735,72011.0,BTBT
2025-01-23 14:04:00,3.745,3.75,3.7301,3.7394,64080.0,BTBT
2025-01-23 14:03:00,3.7495,3.7499,3.74,3.7417,7071.0,BTBT
2025-01-23 14:02:00,3.75,3.75,3.74,3.745,24057.0,BTBT
2025-01-23 14:01:00,3.75,3.76,3.75,3.75,8176.0,BTBT
2025-01-23 14:00:00,3.76,3.76,3.75,3.76,7306.0,BTBT
2025-01-23 13:59:00,3.755,3.76,3.75,3.755,3178.0,BTBT
2025-01-23 13:58:00,3.755,3.7589,3.755,3.7589,1199.0,BTBT
2025-01-23 13:57:00,3.75,3.76,3.7448,3.755,36646.0,BTBT
2025-01-23 13:56:00,3.755,3.76,3.75,3.755,12385.0,BTBT
2025-01-23 13:55:00,3.755,3.76,3.75,3.7599,11719.0,BTBT
2025-01-23 13:54:00,3.755,3.76,3.75,3.7514,17746.0,BTBT
2025-01-23 13:53:00,3.765,3.77,3.7501,3.76,33356.0,BTBT
2025-01-23 13:52:00,3.7401,3.7696,3.7401,3.7696,33480.0,BTBT
2025-01-23 13:51:00,3.74,3.7485,3.73,3.746,23950.0,BTBT
2025-01-23 13:50:00,3.745,3.7484,3.745,3.745,2619.0,BTBT
2025-01-23 13:49:00,3.745,3.75,3.745,3.75,1103.0,BTBT
2025-01-23 13:48:00,3.74,3.75,3.74,3.745,3798.0,BTBT
2025-01-23 13:47:00,3.75,3.75,3.73,3.75,46657.0,BTBT
2025-01-23 13:46:00,3.75,3.76,3.74,3.75,16294.0,BTBT
2025-01-23 13:45:00,3.745,3.755,3.745,3.755,12060.0,BTBT
2025-01-23 13:44:00,3.735,3.7499,3.7335,3.7499,8474.0,BTBT
2025-01-23 13:43:00,3.735,3.74,3.73,3.735,8404.0,BTBT
2025-01-23 13:42:00,3.7495,3.75,3.73,3.7308,23803.0,BTBT
2025-01-23 13:41:00,3.735,3.75,3.73,3.745,47521.0,BTBT
2025-01-23 13:40:00,3.75,3.755,3.73,3.7311,72039.0,BTBT
2025-01-23 13:39:00,3.7575,3.76,3.75,3.75,8821.0,BTBT
2025-01-23 13:38:00,3.7575,3.7575,3.7515,3.7515,6802.0,BTBT
2025-01-23 13:37:00,3.76,3.76,3.75,3.755,9868.0,BTBT
2025-01-23 13:36:00,3.765,3.77,3.76,3.77,25171.0,BTBT
2025-01-23 13:35:00,3.765,3.77,3.75,3.7655,45962.0,BTBT
2025-01-23 13:34:00,3.7693,3.77,3.7648,3.765,36757.0,BTBT
2025-01-23 13:33:00,3.77,3.77,3.765,3.765,9734.0,BTBT
2025-01-23 13:32:00,3.765,3.775,3.755,3.765,117218.0,BTBT
2025-01-23 13:31:00,3.755,3.7699,3.75,3.7696,45912.0,BTBT
2025-01-23 13:30:00,3.7699,3.77,3.75,3.7531,39023.0,BTBT
2025-01-23 13:29:00,3.761,3.77,3.76,3.7679,4428.0,BTBT
2025-01-23 13:28:00,3.7652,3.7652,3.76,3.76,2885.0,BTBT
2025-01-23 13:27:00,3.77,3.78,3.765,3.765,12034.0,BTBT
2025-01-23 13:26:00,3.785,3.785,3.77,3.775,12616.0,BTBT
2025-01-23 13:25:00,3.8,3.8,3.78,3.78,34909.0,BTBT
2025-01-23 13:24:00,3.7901,3.805,3.79,3.795,55410.0,BTBT
2025-01-23 13:23:00,3.77,3.8,3.765,3.795,27168.0,BTBT
2025-01-23 13:22:00,3.765,3.765,3.765,3.765,1279.0,BTBT
2025-01-23 13:21:00,3.7652,3.7699,3.765,3.765,4576.0,BTBT
2025-01-23 13:20:00,3.775,3.775,3.76,3.765,30077.0,BTBT
2025-01-23 13:19:00,3.77,3.78,3.77,3.77,7936.0,BTBT
2025-01-23 13:18:00,3.765,3.7793,3.765,3.7793,12914.0,BTBT
2025-01-23 13:17:00,3.765,3.77,3.7646,3.765,5787.0,BTBT
2025-01-23 13:16:00,3.7583,3.76,3.7538,3.76,10178.0,BTBT
2025-01-23 13:15:00,3.755,3.7589,3.7524,3.7524,3509.0,BTBT
2025-01-23 13:14:00,3.76,3.76,3.75,3.755,26162.0,BTBT
2025-01-23 13:13:00,3.76,3.765,3.75,3.7555,21901.0,BTBT
2025-01-23 13:12:00,3.765,3.765,3.76,3.765,2315.0,BTBT
2025-01-23 13:11:00,3.765,3.77,3.76,3.7685,6993.0,BTBT
2025-01-23 13:10:00,3.765,3.7693,3.7601,3.7693,4770.0,BTBT
2025-01-23 13:09:00,3.755,3.77,3.755,3.765,33365.0,BTBT
2025-01-23 13:08:00,3.78,3.78,3.75,3.7518,38676.0,BTBT
2025-01-23 13:07:00,3.785,3.785,3.77,3.7778,40740.0,BTBT
2025-01-23 13:06:00,3.785,3.7874,3.78,3.785,9595.0,BTBT
2025-01-23 13:05:00,3.785,3.7878,3.7849,3.7878,6493.0,BTBT
2025-01-23 13:04:00,3.785,3.7887,3.78,3.78,4011.0,BTBT
2025-01-23 13:03:00,3.785,3.785,3.78,3.785,3124.0,BTBT
2025-01-23 13:02:00,3.7819,3.785,3.7819,3.785,2630.0,BTBT
2025-01-23 13:01:00,3.7795,3.79,3.775,3.79,29036.0,BTBT
2025-01-23 13:00:00,3.785,3.785,3.77,3.77,16386.0,BTBT
2025-01-23 12:59:00,3.78,3.7897,3.775,3.785,18367.0,BTBT
2025-01-23 12:58:00,3.775,3.79,3.77,3.7844,17718.0,BTBT
2025-01-23 12:57:00,3.7789,3.7789,3.775,3.775,998.0,BTBT
2025-01-23 12:56:00,3.78,3.78,3.77,3.775,10674.0,BTBT
2025-01-23 12:55:00,3.795,3.8,3.775,3.785,31776.0,BTBT
2025-01-23 12:54:00,3.795,3.8,3.79,3.795,2695.0,BTBT
2025-01-23 12:53:00,3.7988,3.8,3.7978,3.8,2483.0,BTBT
2025-01-23 12:52:00,3.8,3.8,3.794,3.7949,10625.0,BTBT
2025-01-23 12:51:00,3.78,3.8,3.77,3.8,28452.0,BTBT
2025-01-23 12:50:00,3.775,3.78,3.775,3.775,1862.0,BTBT
2025-01-23 12:49:00,3.775,3.78,3.77,3.78,5025.0,BTBT
2025-01-23 12:48:00,3.7799,3.7799,3.77,3.775,13120.0,BTBT
2025-01-23 12:47:00,3.7701,3.7791,3.77,3.775,8105.0,BTBT
2025-01-23 12:46:00,3.775,3.78,3.7727,3.775,5931.0,BTBT
2025-01-23 12:45:00,3.775,3.78,3.7701,3.7799,5504.0,BTBT
2025-01-23 12:44:00,3.775,3.7795,3.775,3.7795,8692.0,BTBT
2025-01-23 12:43:00,3.775,3.7782,3.77,3.775,1485.0,BTBT
2025-01-23 12:42:00,3.775,3.78,3.775,3.775,2746.0,BTBT
2025-01-23 12:41:00,3.775,3.78,3.775,3.775,2227.0,BTBT
2025-01-23 12:40:00,3.775,3.78,3.775,3.779,7200.0,BTBT
2025-01-23 12:39:00,3.785,3.79,3.775,3.775,30721.0,BTBT
2025-01-23 12:38:00,3.785,3.7984,3.78,3.785,80577.0,BTBT
2025-01-23 12:37:00,3.7811,3.7887,3.7811,3.785,2459.0,BTBT
2025-01-23 12:36:00,3.79,3.79,3.77,3.785,40038.0,BTBT
2025-01-23 12:35:00,3.785,3.79,3.785,3.785,7584.0,BTBT
2025-01-23 12:34:00,3.78,3.79,3.77,3.7897,21631.0,BTBT
2025-01-23 12:33:00,3.795,3.795,3.78,3.7806,28270.0,BTBT
2025-01-23 12:32:00,3.7884,3.8,3.78,3.8,19481.0,BTBT
2025-01-23 12:31:00,3.795,3.8,3.78,3.78,21487.0,BTBT
2025-01-23 12:30:00,3.795,3.796,3.795,3.795,6158.0,BTBT
2025-01-23 12:29:00,3.775,3.8,3.77,3.7901,100668.0,BTBT
2025-01-23 12:28:00,3.7899,3.7899,3.7749,3.7749,26507.0,BTBT
2025-01-23 12:27:00,3.775,3.8,3.775,3.79,106500.0,BTBT
2025-01-23 12:26:00,3.7789,3.785,3.77,3.775,40213.0,BTBT
2025-01-23 12:25:00,3.775,3.7781,3.7705,3.7781,1515.0,BTBT
2025-01-23 12:24:00,3.78,3.78,3.77,3.775,20124.0,BTBT
2025-01-23 12:23:00,3.785,3.8,3.78,3.79,39013.0,BTBT
2025-01-23 12:22:00,3.7852,3.79,3.7801,3.785,21369.0,BTBT
2025-01-23 12:21:00,3.785,3.79,3.78,3.78,13306.0,BTBT
2025-01-23 12:20:00,3.7824,3.79,3.7824,3.7895,6896.0,BTBT
2025-01-23 12:19:00,3.78,3.79,3.78,3.7825,2461.0,BTBT
2025-01-23 12:18:00,3.79,3.8,3.785,3.785,31612.0,BTBT
2025-01-23 12:17:00,3.785,3.8,3.785,3.795,25956.0,BTBT
2025-01-23 12:16:00,3.79,3.79,3.7849,3.785,15334.0,BTBT
2025-01-23 12:15:00,3.785,3.7899,3.775,3.7852,36179.0,BTBT
2025-01-23 12:14:00,3.7852,3.7852,3.785,3.785,869.0,BTBT
2025-01-23 12:13:00,3.775,3.7892,3.765,3.785,88176.0,BTBT
2025-01-23 12:12:00,3.785,3.79,3.7715,3.7798,40106.0,BTBT
2025-01-23 12:11:00,3.79,3.79,3.785,3.785,4227.0,BTBT
2025-01-23 12:10:00,3.785,3.8,3.78,3.785,43008.0,BTBT
2025-01-23 12:09:00,3.8,3.8,3.78,3.785,50892.0,BTBT
2025-01-23 12:08:00,3.785,3.7999,3.785,3.7952,15873.0,BTBT
2025-01-23 12:07:00,3.79,3.79,3.78,3.78,37262.0,BTBT
2025-01-23 12:06:00,3.785,3.79,3.77,3.785,60103.0,BTBT
2025-01-23 12:05:00,3.775,3.79,3.77,3.785,69040.0,BTBT
2025-01-23 12:04:00,3.775,3.78,3.765,3.775,74918.0,BTBT
2025-01-23 12:03:00,3.785,3.7892,3.7701,3.78,81947.0,BTBT
2025-01-23 12:02:00,3.795,3.81,3.7801,3.7801,69912.0,BTBT
2025-01-23 12:01:00,3.7989,3.8,3.79,3.795,5251.0,BTBT
2025-01-23 12:00:00,3.8,3.805,3.79,3.8,37454.0,BTBT
2025-01-23 11:59:00,3.805,3.81,3.8,3.8,15685.0,BTBT
2025-01-23 11:58:00,3.82,3.83,3.8,3.8091,83466.0,BTBT
2025-01-23 11:57:00,3.83,3.84,3.81,3.815,70637.0,BTBT
2025-01-23 11:56:00,3.845,3.85,3.83,3.84,24011.0,BTBT
2025-01-23 11:55:00,3.855,3.8583,3.83,3.85,43363.0,BTBT
2025-01-23 11:54:00,3.84,3.86,3.835,3.855,65341.0,BTBT
2025-01-23 11:53:00,3.825,3.84,3.8207,3.835,26925.0,BTBT
2025-01-23 11:52:00,3.83,3.83,3.82,3.8293,20270.0,BTBT
2025-01-23 11:51:00,3.825,3.83,3.81,3.8297,83860.0,BTBT
2025-01-23 11:50:00,3.8585,3.86,3.825,3.825,80814.0,BTBT
2025-01-23 11:49:00,3.875,3.88,3.85,3.855,55785.0,BTBT
2025-01-23 11:48:00,3.885,3.89,3.875,3.8752,47174.0,BTBT
2025-01-23 11:47:00,3.8651,3.89,3.8601,3.885,129844.0,BTBT
2025-01-23 11:46:00,3.8675,3.87,3.86,3.865,29073.0,BTBT
2025-01-23 11:45:00,3.8491,3.87,3.84,3.865,47858.0,BTBT
2025-01-23 11:44:00,3.845,3.85,3.84,3.845,11942.0,BTBT
2025-01-23 11:43:00,3.84,3.85,3.8312,3.845,49436.0,BTBT
2025-01-23 11:42:00,3.825,3.84,3.8201,3.8352,29249.0,BTBT
2025-01-23 11:41:00,3.8201,3.84,3.8201,3.8295,83473.0,BTBT
2025-01-23 11:40:00,3.86,3.86,3.8249,3.825,53737.0,BTBT
2025-01-23 11:39:00,3.84,3.86,3.84,3.86,51870.0,BTBT
2025-01-23 11:38:00,3.835,3.84,3.83,3.8399,61026.0,BTBT
2025-01-23 11:37:00,3.85,3.85,3.8301,3.84,56803.0,BTBT
2025-01-23 11:36:00,3.8691,3.8694,3.85,3.855,91617.0,BTBT
2025-01-23 11:35:00,3.84,3.88,3.84,3.8652,113719.0,BTBT
2025-01-23 11:34:00,3.825,3.85,3.825,3.836,132003.0,BTBT
2025-01-23 11:33:00,3.8281,3.83,3.82,3.825,47982.0,BTBT
2025-01-23 11:32:00,3.83,3.84,3.825,3.83,73678.0,BTBT
2025-01-23 11:31:00,3.825,3.83,3.815,3.83,57245.0,BTBT
2025-01-23 11:30:00,3.81,3.83,3.805,3.825,66878.0,BTBT
2025-01-23 11:29:00,3.795,3.81,3.79,3.8099,54102.0,BTBT
2025-01-23 11:28:00,3.7988,3.81,3.79,3.8,100244.0,BTBT
2025-01-23 11:27:00,3.795,3.8,3.78,3.795,114616.0,BTBT
2025-01-23 11:26:00,3.785,3.8,3.785,3.7999,88338.0,BTBT
2025-01-23 11:25:00,3.8001,3.81,3.785,3.785,85010.0,BTBT
2025-01-23 11:24:00,3.805,3.81,3.795,3.8,57606.0,BTBT
2025-01-23 11:23:00,3.805,3.8105,3.795,3.805,68386.0,BTBT
2025-01-23 11:22:00,3.815,3.815,3.79,3.805,101539.0,BTBT
2025-01-23 11:21:00,3.85,3.85,3.8,3.81,66517.0,BTBT
2025-01-23 11:20:00,3.8305,3.86,3.8305,3.845,59701.0,BTBT
2025-01-23 11:19:00,3.86,3.87,3.8301,3.835,26383.0,BTBT
2025-01-23 11:18:00,3.88,3.89,3.86,3.86,83918.0,BTBT
2025-01-23 11:17:00,3.8812,3.89,3.87,3.885,85148.0,BTBT
2025-01-23 11:16:00,3.905,3.91,3.88,3.89,116565.0,BTBT
2025-01-23 11:15:00,3.9,3.9196,3.9,3.905,105905.0,BTBT
2025-01-23 11:14:00,3.8948,3.9,3.89,3.8999,92057.0,BTBT
2025-01-23 11:13:00,3.87,3.9,3.8601,3.895,113118.0,BTBT
2025-01-23 11:12:00,3.865,3.88,3.845,3.87,100505.0,BTBT
2025-01-23 11:11:00,3.865,3.89,3.855,3.86,115194.0,BTBT
2025-01-23 11:10:00,3.83,3.87,3.83,3.8648,282344.0,BTBT
2025-01-23 11:09:00,3.84,3.84,3.825,3.835,69521.0,BTBT
2025-01-23 11:08:00,3.835,3.84,3.825,3.835,48996.0,BTBT
2025-01-23 11:07:00,3.85,3.85,3.83,3.84,96313.0,BTBT
2025-01-23 11:06:00,3.8412,3.86,3.84,3.86,52001.0,BTBT
2025-01-23 11:05:00,3.8568,3.86,3.845,3.8498,33137.0,BTBT
2025-01-23 11:04:00,3.845,3.86,3.845,3.855,75911.0,BTBT
2025-01-23 11:03:00,3.84,3.85,3.84,3.845,16012.0,BTBT
2025-01-23 11:02:00,3.83,3.85,3.83,3.8426,41225.0,BTBT
2025-01-23 11:01:00,3.855,3.86,3.8301,3.835,69876.0,BTBT
2025-01-23 11:00:00,3.8576,3.86,3.84,3.86,118577.0,BTBT
2025-01-23 10:59:00,3.845,3.86,3.84,3.855,132456.0,BTBT
2025-01-23 10:58:00,3.845,3.85,3.835,3.845,74961.0,BTBT
2025-01-23 10:57:00,3.835,3.85,3.835,3.84,51642.0,BTBT
2025-01-23 10:56:00,3.825,3.84,3.82,3.84,29767.0,BTBT
2025-01-23 10:55:00,3.825,3.8281,3.81,3.825,57808.0,BTBT
2025-01-23 10:54:00,3.825,3.83,3.815,3.82,104486.0,BTBT
2025-01-23 10:53:00,3.825,3.83,3.82,3.83,54014.0,BTBT
2025-01-23 10:52:00,3.8,3.83,3.8,3.825,43120.0,BTBT
2025-01-23 10:51:00,3.795,3.81,3.785,3.7993,114388.0,BTBT
2025-01-23 10:50:00,3.8085,3.8094,3.79,3.7952,153870.0,BTBT
2025-01-23 10:49:00,3.8,3.82,3.8,3.8099,49232.0,BTBT
2025-01-23 10:48:00,3.7891,3.805,3.77,3.8001,127969.0,BTBT
2025-01-23 10:47:00,3.785,3.795,3.7701,3.785,124586.0,BTBT
2025-01-23 10:46:00,3.795,3.805,3.77,3.785,161856.0,BTBT
2025-01-23 10:45:00,3.785,3.8,3.7801,3.7902,79961.0,BTBT
2025-01-23 10:44:00,3.7699,3.79,3.765,3.7801,20234.0,BTBT
2025-01-23 10:43:00,3.775,3.78,3.76,3.7692,43546.0,BTBT
2025-01-23 10:42:00,3.76,3.78,3.7501,3.7796,52380.0,BTBT
2025-01-23 10:41:00,3.76,3.765,3.75,3.765,23458.0,BTBT
2025-01-23 10:40:00,3.77,3.77,3.74,3.7501,114705.0,BTBT
2025-01-23 10:39:00,3.779,3.79,3.77,3.77,47392.0,BTBT
2025-01-23 10:38:00,3.785,3.785,3.775,3.775,26755.0,BTBT
2025-01-23 10:37:00,3.775,3.79,3.7701,3.788,57909.0,BTBT
2025-01-23 10:36:00,3.775,3.78,3.7702,3.7752,58291.0,BTBT
2025-01-23 10:35:00,3.745,3.78,3.745,3.7748,61816.0,BTBT
2025-01-23 10:34:00,3.755,3.76,3.7433,3.747,122295.0,BTBT
2025-01-23 10:33:00,3.76,3.769,3.75,3.755,42620.0,BTBT
2025-01-23 10:32:00,3.77,3.77,3.7505,3.7596,91958.0,BTBT
2025-01-23 10:31:00,3.79,3.795,3.764,3.77,142225.0,BTBT
2025-01-23 10:30:00,3.78,3.8,3.775,3.79,75162.0,BTBT
2025-01-23 10:29:00,3.765,3.785,3.765,3.78,55112.0,BTBT
2025-01-23 10:28:00,3.75,3.77,3.75,3.765,41351.0,BTBT
2025-01-23 10:27:00,3.72,3.75,3.72,3.75,64958.0,BTBT
2025-01-23 10:26:00,3.7348,3.74,3.715,3.726,50459.0,BTBT
2025-01-23 10:25:00,3.7386,3.75,3.7328,3.735,32279.0,BTBT
2025-01-23 10:24:00,3.7295,3.74,3.7295,3.74,65736.0,BTBT
2025-01-23 10:23:00,3.73,3.7321,3.72,3.725,47961.0,BTBT
2025-01-23 10:22:00,3.74,3.75,3.725,3.7299,78939.0,BTBT
2025-01-23 10:21:00,3.715,3.75,3.715,3.7448,132302.0,BTBT
2025-01-23 10:20:00,3.682,3.725,3.682,3.71,75391.0,BTBT
2025-01-23 10:19:00,3.695,3.7,3.685,3.685,20320.0,BTBT
2025-01-23 10:18:00,3.7,3.7,3.685,3.7,17220.0,BTBT
2025-01-23 10:17:00,3.6899,3.69,3.68,3.69,7426.0,BTBT
2025-01-23 10:16:00,3.685,3.7,3.68,3.69,7560.0,BTBT
2025-01-23 10:15:00,3.69,3.69,3.67,3.6848,27455.0,BTBT
2025-01-23 10:14:00,3.675,3.7,3.67,3.695,24141.0,BTBT
2025-01-23 10:13:00,3.665,3.68,3.6501,3.68,48830.0,BTBT
2025-01-23 10:12:00,3.665,3.7,3.6601,3.665,76298.0,BTBT
2025-01-23 10:11:00,3.685,3.685,3.655,3.665,43502.0,BTBT
2025-01-23 10:10:00,3.67,3.685,3.6601,3.68,114330.0,BTBT
2025-01-23 10:09:00,3.665,3.6792,3.6505,3.6699,61954.0,BTBT
2025-01-23 10:08:00,3.7,3.71,3.66,3.665,76442.0,BTBT
2025-01-23 10:07:00,3.7696,3.77,3.7,3.705,85425.0,BTBT
2025-01-23 10:06:00,3.76,3.7699,3.75,3.7699,24784.0,BTBT
2025-01-23 10:05:00,3.77,3.78,3.751,3.755,60828.0,BTBT
2025-01-23 10:04:00,3.73,3.7695,3.73,3.7695,57705.0,BTBT
2025-01-23 10:03:00,3.735,3.7491,3.7201,3.7283,23629.0,BTBT
2025-01-23 10:02:00,3.75,3.76,3.73,3.74,39796.0,BTBT
2025-01-23 10:01:00,3.751,3.751,3.7375,3.745,20292.0,BTBT
2025-01-23 10:00:00,3.7355,3.76,3.725,3.76,61378.0,BTBT
2025-01-23 09:59:00,3.7083,3.73,3.705,3.73,36565.0,BTBT
2025-01-23 09:58:00,3.7,3.7188,3.699,3.7027,68654.0,BTBT
2025-01-23 09:57:00,3.695,3.71,3.685,3.7,97140.0,BTBT
2025-01-23 09:56:00,3.7092,3.7199,3.6905,3.7,89543.0,BTBT
2025-01-23 09:55:00,3.7,3.72,3.6999,3.71,43982.0,BTBT
2025-01-23 09:54:00,3.71,3.71,3.68,3.7066,41809.0,BTBT
2025-01-23 09:53:00,3.7099,3.73,3.695,3.72,65120.0,BTBT
2025-01-23 09:52:00,3.725,3.73,3.7,3.71,58987.0,BTBT
2025-01-23 09:51:00,3.73,3.73,3.695,3.725,99165.0,BTBT
2025-01-23 09:50:00,3.73,3.7594,3.73,3.74,191612.0,BTBT
2025-01-23 09:49:00,3.7293,3.73,3.715,3.73,40521.0,BTBT
2025-01-23 09:48:00,3.72,3.7295,3.7144,3.72,29617.0,BTBT
2025-01-23 09:47:00,3.7292,3.7297,3.7,3.71,192169.0,BTBT
2025-01-23 09:46:00,3.715,3.7353,3.715,3.72,32619.0,BTBT
2025-01-23 09:45:00,3.7,3.72,3.7,3.7183,19116.0,BTBT
2025-01-23 09:44:00,3.675,3.705,3.671,3.695,67996.0,BTBT
2025-01-23 09:43:00,3.69,3.69,3.65,3.68,44258.0,BTBT
2025-01-23 09:42:00,3.69,3.7,3.68,3.695,54341.0,BTBT
2025-01-23 09:41:00,3.69,3.7,3.68,3.685,17614.0,BTBT
2025-01-23 09:40:00,3.695,3.7,3.6813,3.696,6763.0,BTBT
2025-01-23 09:39:00,3.7195,3.72,3.68,3.69,23538.0,BTBT
2025-01-23 09:38:00,3.7212,3.73,3.705,3.715,46501.0,BTBT
2025-01-23 09:37:00,3.7175,3.7293,3.7,3.725,75625.0,BTBT
2025-01-23 09:36:00,3.705,3.72,3.695,3.7199,111569.0,BTBT
2025-01-23 09:35:00,3.7,3.72,3.693,3.705,104931.0,BTBT
2025-01-23 09:34:00,3.67,3.7,3.66,3.6801,74395.0,BTBT
2025-01-23 09:33:00,3.65,3.6682,3.635,3.6682,38660.0,BTBT
2025-01-23 09:32:00,3.62,3.655,3.6197,3.655,39616.0,BTBT
2025-01-23 09:31:00,3.6,3.63,3.58,3.6281,16433.0,BTBT
2025-01-23 09:30:00,3.57,3.595,3.54,3.59,195488.0,BTBT
2025-01-23 09:29:00,3.59,3.59,3.58,3.58,462.0,BTBT
2025-01-23 09:28:00,3.6,3.6,3.59,3.6,1600.0,BTBT
2025-01-23 09:27:00,3.59,3.59,3.59,3.59,700.0,BTBT
2025-01-23 09:26:00,3.6,3.6,3.6,3.6,10.0,BTBT
2025-01-23 09:25:00,3.6,3.6,3.6,3.6,60.0,BTBT
2025-01-23 09:23:00,3.59,3.5998,3.59,3.59,2244.0,BTBT
2025-01-23 09:21:00,3.5902,3.5902,3.5902,3.5902,12859.0,BTBT
2025-01-23 09:20:00,3.6,3.6,3.5901,3.5901,5001.0,BTBT
2025-01-23 09:19:00,3.59,3.5998,3.59,3.5998,605.0,BTBT
2025-01-23 09:16:00,3.6,3.6,3.5902,3.6,3510.0,BTBT
2025-01-23 09:15:00,3.6,3.6,3.6,3.6,104.0,BTBT
2025-01-23 09:14:00,3.6,3.6,3.6,3.6,191.0,BTBT
2025-01-23 09:13:00,3.61,3.61,3.61,3.61,15.0,BTBT
2025-01-23 09:10:00,3.61,3.61,3.61,3.61,25.0,BTBT
2025-01-23 09:08:00,3.6,3.6,3.6,3.6,240.0,BTBT
2025-01-23 09:06:00,3.6,3.6,3.6,3.6,2.0,BTBT
2025-01-23 09:04:00,3.61,3.61,3.61,3.61,1.0,BTBT
2025-01-23 09:02:00,3.61,3.61,3.61,3.61,954.0,BTBT
2025-01-23 08:57:00,3.6,3.61,3.59,3.61,7955.0,BTBT
2025-01-23 08:56:00,3.5998,3.5998,3.5998,3.5998,25.0,BTBT
2025-01-23 08:55:00,3.6,3.6,3.6,3.6,20.0,BTBT
2025-01-23 08:53:00,3.57,3.6,3.57,3.59,1063.0,BTBT
2025-01-23 08:51:00,3.6,3.6,3.58,3.58,21220.0,BTBT
2025-01-23 08:49:00,3.61,3.61,3.6,3.6,15800.0,BTBT
2025-01-23 08:48:00,3.6,3.6,3.6,3.6,570.0,BTBT
2025-01-23 08:47:00,3.6096,3.6096,3.6,3.6,706.0,BTBT
2025-01-23 08:46:00,3.5906,3.5906,3.59,3.59,1222.0,BTBT
2025-01-23 08:45:00,3.6,3.6,3.5999,3.6,6021.0,BTBT
2025-01-23 08:43:00,3.6,3.6,3.6,3.6,51.0,BTBT
2025-01-23 08:42:00,3.6,3.6,3.6,3.6,100.0,BTBT
2025-01-23 08:40:00,3.59,3.5998,3.59,3.5998,64.0,BTBT
2025-01-23 08:39:00,3.59,3.59,3.5899,3.5899,1090.0,BTBT
2025-01-23 08:38:00,3.6,3.6,3.6,3.6,100.0,BTBT
2025-01-23 08:37:00,3.61,3.61,3.6,3.6,6.0,BTBT
2025-01-23 08:36:00,3.6093,3.6093,3.6093,3.6093,1500.0,BTBT
2025-01-23 08:35:00,3.58,3.61,3.58,3.61,62.0,BTBT
2025-01-23 08:34:00,3.6,3.6001,3.6,3.6,12200.0,BTBT
2025-01-23 08:32:00,3.59,3.6,3.59,3.6,2422.0,BTBT
2025-01-23 08:31:00,3.58,3.59,3.57,3.57,2223.0,BTBT
2025-01-23 08:27:00,3.58,3.58,3.5799,3.5799,1201.0,BTBT
2025-01-23 08:26:00,3.58,3.58,3.58,3.58,25.0,BTBT
2025-01-23 08:24:00,3.58,3.58,3.5799,3.5799,200.0,BTBT
2025-01-23 08:23:00,3.58,3.58,3.58,3.58,2888.0,BTBT
2025-01-23 08:22:00,3.5899,3.5899,3.5899,3.5899,100.0,BTBT
2025-01-23 08:21:00,3.58,3.58,3.58,3.58,83.0,BTBT
2025-01-23 08:20:00,3.58,3.5801,3.58,3.5801,20000.0,BTBT
2025-01-23 08:19:00,3.5803,3.5803,3.5803,3.5803,100.0,BTBT
2025-01-23 08:18:00,3.58,3.58,3.58,3.58,100.0,BTBT
2025-01-23 08:14:00,3.58,3.58,3.58,3.58,300.0,BTBT
2025-01-23 08:12:00,3.58,3.58,3.58,3.58,600.0,BTBT
2025-01-23 08:10:00,3.59,3.59,3.59,3.59,1.0,BTBT
2025-01-23 08:09:00,3.5898,3.59,3.5898,3.59,2000.0,BTBT
2025-01-23 08:05:00,3.5899,3.5899,3.5899,3.5899,200.0,BTBT
2025-01-23 08:03:00,3.59,3.59,3.58,3.59,963.0,BTBT
2025-01-23 08:01:00,3.571,3.571,3.571,3.571,50.0,BTBT
2025-01-23 08:00:00,3.57,3.63,3.57,3.5713,28777.0,BTBT
2025-01-23 07:33:00,3.59,3.59,3.59,3.59,10.0,BTBT
2025-01-23 07:31:00,3.58,3.58,3.58,3.58,67.0,BTBT
2025-01-23 07:29:00,3.589,3.589,3.589,3.589,200.0,BTBT
2025-01-23 07:23:00,3.57,3.57,3.57,3.57,8.0,BTBT
2025-01-23 07:16:00,3.58,3.58,3.58,3.58,1.0,BTBT
2025-01-23 07:13:00,3.59,3.59,3.59,3.59,19.0,BTBT
2025-01-23 07:12:00,3.58,3.58,3.58,3.58,169.0,BTBT
2025-01-23 07:10:00,3.59,3.59,3.59,3.59,100.0,BTBT
2025-01-23 07:09:00,3.61,3.61,3.6,3.6,6424.0,BTBT
2025-01-23 07:08:00,3.6,3.6,3.6,3.6,1674.0,BTBT
2025-01-23 07:02:00,3.62,3.62,3.61,3.61,858.0,BTBT
2025-01-23 07:00:00,3.6,3.61,3.6,3.6,504.0,BTBT
2025-01-23 06:58:00,3.58,3.58,3.58,3.58,2.0,BTBT
2025-01-23 06:57:00,3.59,3.59,3.59,3.59,24.0,BTBT
2025-01-23 06:55:00,3.59,3.6,3.59,3.6,5.0,BTBT
2025-01-23 06:50:00,3.59,3.59,3.59,3.59,6.0,BTBT
2025-01-23 06:38:00,3.58,3.58,3.58,3.58,4.0,BTBT
2025-01-23 06:33:00,3.59,3.6,3.59,3.6,784.0,BTBT
2025-01-23 06:30:00,3.58,3.58,3.58,3.58,8.0,BTBT
2025-01-23 06:21:00,3.59,3.59,3.59,3.59,18.0,BTBT
2025-01-23 06:20:00,3.59,3.59,3.59,3.59,37.0,BTBT
2025-01-23 06:17:00,3.59,3.59,3.59,3.59,37.0,BTBT
2025-01-23 06:11:00,3.6,3.6,3.6,3.6,18.0,BTBT
2025-01-23 06:07:00,3.6,3.6,3.6,3.6,271.0,BTBT
2025-01-23 05:56:00,3.59,3.59,3.58,3.58,951.0,BTBT
2025-01-23 05:54:00,3.58,3.58,3.58,3.58,1000.0,BTBT
2025-01-23 05:52:00,3.58,3.58,3.58,3.58,150.0,BTBT
2025-01-23 05:50:00,3.58,3.58,3.58,3.58,100.0,BTBT
2025-01-23 05:44:00,3.59,3.59,3.57,3.58,963.0,BTBT
2025-01-23 05:43:00,3.59,3.59,3.59,3.59,318.0,BTBT
2025-01-23 05:35:00,3.59,3.59,3.59,3.59,1.0,BTBT
2025-01-23 05:32:00,3.61,3.61,3.61,3.61,1.0,BTBT
2025-01-23 05:31:00,3.6,3.61,3.6,3.61,1000.0,BTBT
2025-01-23 05:26:00,3.58,3.58,3.58,3.58,2834.0,BTBT
2025-01-23 05:22:00,3.57,3.57,3.57,3.57,300.0,BTBT
2025-01-23 05:20:00,3.57,3.57,3.56,3.56,3253.0,BTBT
2025-01-23 05:15:00,3.57,3.57,3.57,3.57,206.0,BTBT
2025-01-23 05:13:00,3.56,3.56,3.56,3.56,800.0,BTBT
2025-01-23 05:12:00,3.57,3.57,3.52,3.54,3184.0,BTBT
2025-01-23 05:11:00,3.58,3.58,3.58,3.58,1.0,BTBT
2025-01-23 05:05:00,3.58,3.58,3.58,3.58,1.0,BTBT
2025-01-23 05:04:00,3.58,3.58,3.57,3.58,17.0,BTBT
2025-01-23 05:03:00,3.58,3.58,3.58,3.58,2.0,BTBT
2025-01-23 05:02:00,3.57,3.58,3.57,3.58,1041.0,BTBT
2025-01-23 04:57:00,3.57,3.57,3.57,3.57,50.0,BTBT
2025-01-23 04:54:00,3.59,3.59,3.58,3.58,12.0,BTBT
2025-01-23 04:51:00,3.58,3.59,3.58,3.59,1190.0,BTBT
2025-01-23 04:37:00,3.58,3.58,3.58,3.58,2375.0,BTBT
2025-01-23 04:36:00,3.59,3.59,3.59,3.59,5.0,BTBT
2025-01-23 04:35:00,3.59,3.59,3.59,3.59,60.0,BTBT
2025-01-23 04:34:00,3.6,3.6,3.59,3.59,814.0,BTBT
2025-01-23 04:33:00,3.6,3.6,3.6,3.6,190.0,BTBT
2025-01-23 04:31:00,3.6,3.6,3.6,3.6,478.0,BTBT
2025-01-23 04:28:00,3.61,3.61,3.61,3.61,30.0,BTBT
2025-01-23 04:27:00,3.6,3.6,3.6,3.6,1.0,BTBT
2025-01-23 04:21:00,3.6,3.6,3.6,3.6,440.0,BTBT
2025-01-23 04:18:00,3.6,3.61,3.6,3.6,260.0,BTBT
2025-01-23 04:17:00,3.6,3.61,3.6,3.6,502.0,BTBT
2025-01-23 04:14:00,3.61,3.61,3.61,3.61,696.0,BTBT
2025-01-23 04:10:00,3.61,3.61,3.61,3.61,1335.0,BTBT
2025-01-23 04:07:00,3.62,3.62,3.62,3.62,4.0,BTBT
2025-01-23 04:06:00,3.63,3.63,3.63,3.63,308.0,BTBT
2025-01-23 04:04:00,3.63,3.63,3.63,3.63,6.0,BTBT
2025-01-23 04:03:00,3.65,3.65,3.63,3.63,7.0,BTBT
2025-01-23 04:01:00,3.63,3.66,3.63,3.66,2.0,BTBT
2025-01-23 04:00:00,3.69,3.69,3.6,3.6,85.0,BTBT
2025-01-22 19:59:00,3.65,3.65,3.6393,3.6393,7290.0,BTBT
2025-01-22 19:58:00,3.65,3.65,3.65,3.65,430.0,BTBT
2025-01-22 19:57:00,3.65,3.65,3.65,3.65,70.0,BTBT
2025-01-22 19:56:00,3.6509,3.6509,3.6509,3.6509,1.0,BTBT
2025-01-22 19:55:00,3.66,3.66,3.6506,3.6506,1000.0,BTBT
2025-01-22 19:54:00,3.66,3.66,3.66,3.66,15.0,BTBT
2025-01-22 19:51:00,3.66,3.66,3.66,3.66,800.0,BTBT
2025-01-22 19:50:00,3.67,3.67,3.66,3.66,55.0,BTBT
2025-01-22 19:48:00,3.66,3.66,3.66,3.66,9.0,BTBT
2025-01-22 19:47:00,3.6603,3.6603,3.6603,3.6603,2000.0,BTBT
2025-01-22 19:41:00,3.66,3.66,3.66,3.66,30.0,BTBT
2025-01-22 19:38:00,3.65,3.65,3.65,3.65,50.0,BTBT
2025-01-22 19:33:00,3.6699,3.6699,3.6699,3.6699,2000.0,BTBT
2025-01-22 19:32:00,3.66,3.66,3.66,3.66,50.0,BTBT
2025-01-22 19:31:00,3.67,3.67,3.67,3.67,1.0,BTBT
2025-01-22 19:27:00,3.65,3.65,3.65,3.65,5.0,BTBT
2025-01-22 19:26:00,3.66,3.66,3.66,3.66,4.0,BTBT
2025-01-22 19:25:00,3.67,3.67,3.67,3.67,655.0,BTBT
2025-01-22 19:23:00,3.67,3.67,3.67,3.67,800.0,BTBT
2025-01-22 19:20:00,3.67,3.67,3.67,3.67,100.0,BTBT
2025-01-22 19:18:00,3.6797,3.6797,3.6797,3.6797,5.0,BTBT
2025-01-22 19:14:00,3.6799,3.6799,3.6799,3.6799,4.0,BTBT
2025-01-22 19:13:00,3.67,3.67,3.67,3.67,100.0,BTBT
2025-01-22 19:11:00,3.67,3.67,3.67,3.67,100.0,BTBT
2025-01-22 19:10:00,3.6702,3.6702,3.6702,3.6702,58.0,BTBT
2025-01-22 19:08:00,3.6797,3.6797,3.6797,3.6797,200.0,BTBT
2025-01-22 19:02:00,3.67,3.67,3.67,3.67,1902.0,BTBT
2025-01-22 18:59:00,3.68,3.68,3.68,3.68,100.0,BTBT
2025-01-22 18:58:00,3.6703,3.6703,3.6703,3.6703,2909.0,BTBT
2025-01-22 18:56:00,3.67,3.67,3.67,3.67,5.0,BTBT
2025-01-22 18:54:00,3.68,3.68,3.68,3.68,3.0,BTBT
2025-01-22 18:52:00,3.68,3.68,3.68,3.68,30.0,BTBT
2025-01-22 18:50:00,3.67,3.67,3.67,3.67,822.0,BTBT
2025-01-22 18:46:00,3.6702,3.6702,3.6702,3.6702,1522.0,BTBT
2025-01-22 18:42:00,3.6896,3.69,3.6896,3.69,202.0,BTBT
2025-01-22 18:41:00,3.685,3.6898,3.685,3.6895,8101.0,BTBT
2025-01-22 18:39:00,3.68,3.69,3.68,3.69,2050.0,BTBT
2025-01-22 18:38:00,3.69,3.69,3.69,3.69,10089.0,BTBT
2025-01-22 18:37:00,3.6899,3.6899,3.6899,3.6899,6.0,BTBT
2025-01-22 18:32:00,3.68,3.68,3.68,3.68,100.0,BTBT
2025-01-22 18:29:00,3.68,3.68,3.68,3.68,1.0,BTBT
2025-01-22 18:18:00,3.68,3.68,3.68,3.68,8.0,BTBT
2025-01-22 18:09:00,3.68,3.68,3.68,3.68,10.0,BTBT
2025-01-22 18:05:00,3.69,3.69,3.69,3.69,20.0,BTBT
2025-01-22 18:04:00,3.69,3.69,3.69,3.69,200.0,BTBT
2025-01-22 18:03:00,3.69,3.69,3.69,3.69,216.0,BTBT
2025-01-22 17:59:00,3.7,3.7,3.7,3.7,2.0,BTBT
2025-01-22 17:56:00,3.69,3.69,3.6899,3.6899,10488.0,BTBT
2025-01-22 17:54:00,3.69,3.69,3.68,3.68,204.0,BTBT
2025-01-22 17:50:00,3.68,3.68,3.68,3.68,200.0,BTBT
2025-01-22 17:48:00,3.68,3.68,3.68,3.68,570.0,BTBT
2025-01-22 17:47:00,3.68,3.68,3.68,3.68,500.0,BTBT
2025-01-22 17:46:00,3.69,3.69,3.6899,3.6899,2.0,BTBT
2025-01-22 17:45:00,3.68,3.68,3.68,3.68,250.0,BTBT
2025-01-22 17:35:00,3.67,3.6897,3.67,3.6897,78.0,BTBT
2025-01-22 17:34:00,3.6899,3.6899,3.68,3.68,257.0,BTBT
2025-01-22 17:30:00,3.69,3.69,3.69,3.69,110.0,BTBT
2025-01-22 17:29:00,3.67,3.68,3.67,3.68,40.0,BTBT
2025-01-22 17:27:00,3.6705,3.6705,3.6705,3.6705,100.0,BTBT
2025-01-22 17:24:00,3.6705,3.6705,3.6705,3.6705,10.0,BTBT
2025-01-22 17:22:00,3.6702,3.6702,3.6702,3.6702,5.0,BTBT
2025-01-22 17:21:00,3.6706,3.6706,3.6706,3.6706,450.0,BTBT
2025-01-22 17:18:00,3.67,3.67,3.67,3.67,45.0,BTBT
2025-01-22 17:16:00,3.69,3.69,3.69,3.69,280.0,BTBT
2025-01-22 17:09:00,3.67,3.69,3.67,3.69,105.0,BTBT
2025-01-22 17:07:00,3.68,3.69,3.68,3.69,275.0,BTBT
2025-01-22 17:06:00,3.689,3.689,3.689,3.689,3.0,BTBT
2025-01-22 17:00:00,3.67,3.67,3.67,3.67,100.0,BTBT
2025-01-22 16:58:00,3.69,3.69,3.69,3.69,6.0,BTBT
2025-01-22 16:53:00,3.68,3.68,3.68,3.68,140.0,BTBT
2025-01-22 16:52:00,3.68,3.68,3.68,3.68,10.0,BTBT
2025-01-22 16:51:00,3.68,3.68,3.68,3.68,10.0,BTBT
2025-01-22 16:50:00,3.68,3.68,3.6799,3.6799,2.0,BTBT
2025-01-22 16:49:00,3.6702,3.6702,3.6702,3.6702,27.0,BTBT
2025-01-22 16:46:00,3.6703,3.6703,3.6703,3.6703,40.0,BTBT
2025-01-22 16:45:00,3.6703,3.6703,3.6703,3.6703,75.0,BTBT
2025-01-22 16:44:00,3.6702,3.68,3.6702,3.68,175.0,BTBT
2025-01-22 16:43:00,3.6701,3.68,3.6701,3.68,11100.0,BTBT
2025-01-22 16:42:00,3.6703,3.6703,3.6703,3.6703,315.0,BTBT
2025-01-22 16:41:00,3.67,3.68,3.67,3.67,605.0,BTBT
2025-01-22 16:40:00,3.68,3.68,3.68,3.68,25.0,BTBT
2025-01-22 16:39:00,3.68,3.68,3.68,3.68,400.0,BTBT
2025-01-22 16:37:00,3.68,3.68,3.68,3.68,100.0,BTBT
2025-01-22 16:36:00,3.67,3.67,3.67,3.67,1405.0,BTBT
2025-01-22 16:34:00,3.6702,3.6702,3.6702,3.6702,50.0,BTBT
2025-01-22 16:33:00,3.67,3.6703,3.67,3.6703,249.0,BTBT
2025-01-22 16:30:00,3.68,3.68,3.68,3.68,100.0,BTBT
2025-01-22 16:27:00,3.67,3.67,3.67,3.67,3.0,BTBT
2025-01-22 16:25:00,3.68,3.68,3.68,3.68,105.0,BTBT
2025-01-22 16:24:00,3.6701,3.6701,3.6701,3.6701,8.0,BTBT
2025-01-22 16:23:00,3.6704,3.6704,3.6704,3.6704,1000.0,BTBT
2025-01-22 16:21:00,3.67,3.67,3.67,3.67,100.0,BTBT
2025-01-22 16:19:00,3.68,3.68,3.67,3.6701,204.0,BTBT
2025-01-22 16:17:00,3.68,3.68,3.68,3.68,177.0,BTBT
2025-01-22 16:16:00,3.68,3.68,3.68,3.68,50.0,BTBT
2025-01-22 16:15:00,3.69,3.69,3.69,3.69,10.0,BTBT
2025-01-22 16:14:00,3.69,3.69,3.69,3.69,2.0,BTBT
2025-01-22 16:13:00,3.67,3.67,3.67,3.67,26.0,BTBT
2025-01-22 16:12:00,3.67,3.67,3.67,3.67,26844.0,BTBT
2025-01-22 16:11:00,3.71,3.71,3.67,3.67,1397.0,BTBT
2025-01-22 16:10:00,3.68,3.68,3.68,3.68,1.0,BTBT
2025-01-22 16:09:00,3.7,3.7,3.7,3.7,2.0,BTBT
2025-01-22 16:07:00,3.67,3.67,3.67,3.67,2770.0,BTBT
2025-01-22 16:06:00,3.671,3.671,3.671,3.671,1000.0,BTBT
2025-01-22 16:05:00,3.71,3.71,3.71,3.71,2.0,BTBT
2025-01-22 16:04:00,3.67,3.67,3.67,3.67,8.0,BTBT
2025-01-22 16:03:00,3.69,3.69,3.67,3.67,60.0,BTBT
2025-01-22 16:02:00,3.71,3.71,3.67,3.67,5987.0,BTBT
2025-01-22 16:01:00,3.71,3.71,3.71,3.71,1179.0,BTBT
2025-01-22 16:00:00,3.7,3.71,3.7,3.71,280871.0,BTBT
2025-01-22 15:59:00,3.715,3.72,3.7,3.7,126173.0,BTBT
2025-01-22 15:58:00,3.715,3.72,3.71,3.715,17534.0,BTBT
2025-01-22 15:57:00,3.725,3.725,3.71,3.7189,96737.0,BTBT
2025-01-22 15:56:00,3.725,3.73,3.72,3.725,22208.0,BTBT
2025-01-22 15:55:00,3.725,3.73,3.72,3.73,88087.0,BTBT
2025-01-22 15:54:00,3.72,3.73,3.712,3.725,111833.0,BTBT
2025-01-22 15:53:00,3.72,3.73,3.71,3.725,118670.0,BTBT
2025-01-22 15:52:00,3.73,3.735,3.72,3.725,62042.0,BTBT
2025-01-22 15:51:00,3.735,3.74,3.73,3.73,23013.0,BTBT
2025-01-22 15:50:00,3.73,3.74,3.72,3.74,173389.0,BTBT
2025-01-22 15:49:00,3.725,3.74,3.725,3.7301,33902.0,BTBT
2025-01-22 15:48:00,3.71,3.73,3.7001,3.7299,53218.0,BTBT
2025-01-22 15:47:00,3.71,3.71,3.7001,3.71,12876.0,BTBT
2025-01-22 15:46:00,3.71,3.71,3.705,3.705,6705.0,BTBT
2025-01-22 15:45:00,3.7075,3.71,3.705,3.705,20567.0,BTBT
2025-01-22 15:44:00,3.705,3.71,3.7,3.705,22005.0,BTBT
2025-01-22 15:43:00,3.7,3.71,3.695,3.71,48114.0,BTBT
2025-01-22 15:42:00,3.695,3.7,3.68,3.6991,105116.0,BTBT
2025-01-22 15:41:00,3.7,3.7,3.69,3.6901,38473.0,BTBT
2025-01-22 15:40:00,3.695,3.7,3.6929,3.7,20135.0,BTBT
2025-01-22 15:39:00,3.71,3.71,3.69,3.695,55799.0,BTBT
2025-01-22 15:38:00,3.705,3.71,3.7,3.7075,34718.0,BTBT
2025-01-22 15:37:00,3.705,3.7091,3.7001,3.705,17010.0,BTBT
2025-01-22 15:36:00,3.705,3.7099,3.7001,3.705,8886.0,BTBT
2025-01-22 15:35:00,3.715,3.72,3.71,3.71,30445.0,BTBT
2025-01-22 15:34:00,3.72,3.72,3.715,3.72,2836.0,BTBT
2025-01-22 15:33:00,3.72,3.72,3.715,3.72,5838.0,BTBT
2025-01-22 15:32:00,3.705,3.72,3.7,3.715,23303.0,BTBT
2025-01-22 15:31:00,3.695,3.71,3.695,3.7023,19710.0,BTBT
2025-01-22 15:30:00,3.6955,3.7,3.69,3.69,19898.0,BTBT
2025-01-22 15:29:00,3.695,3.7,3.695,3.7,10296.0,BTBT
2025-01-22 15:28:00,3.695,3.7,3.695,3.7,2802.0,BTBT
2025-01-22 15:27:00,3.69,3.7,3.69,3.695,27652.0,BTBT
2025-01-22 15:26:00,3.69,3.69,3.6899,3.69,5423.0,BTBT
2025-01-22 15:25:00,3.69,3.69,3.685,3.685,16205.0,BTBT
2025-01-22 15:24:00,3.69,3.69,3.6811,3.685,28454.0,BTBT
2025-01-22 15:23:00,3.685,3.69,3.68,3.69,14107.0,BTBT
2025-01-22 15:22:00,3.69,3.69,3.685,3.69,11096.0,BTBT
2025-01-22 15:21:00,3.685,3.69,3.685,3.685,15971.0,BTBT
2025-01-22 15:20:00,3.6875,3.69,3.68,3.68,18902.0,BTBT
2025-01-22 15:19:00,3.6873,3.69,3.685,3.6897,7788.0,BTBT
2025-01-22 15:18:00,3.675,3.69,3.675,3.6893,36380.0,BTBT
2025-01-22 15:17:00,3.675,3.68,3.67,3.675,34822.0,BTBT
2025-01-22 15:16:00,3.685,3.69,3.68,3.68,28732.0,BTBT
2025-01-22 15:15:00,3.685,3.69,3.68,3.685,14789.0,BTBT
2025-01-22 15:14:00,3.6693,3.69,3.6675,3.6801,28041.0,BTBT
2025-01-22 15:13:00,3.66,3.67,3.6513,3.6696,44071.0,BTBT
2025-01-22 15:12:00,3.665,3.6665,3.66,3.6601,27814.0,BTBT
2025-01-22 15:11:00,3.6702,3.675,3.6631,3.67,31452.0,BTBT
2025-01-22 15:10:00,3.675,3.68,3.67,3.675,21774.0,BTBT
2025-01-22 15:09:00,3.675,3.68,3.67,3.675,38445.0,BTBT
2025-01-22 15:08:00,3.675,3.68,3.675,3.675,1207.0,BTBT
2025-01-22 15:07:00,3.675,3.68,3.675,3.6793,19031.0,BTBT
2025-01-22 15:06:00,3.67,3.68,3.67,3.68,21361.0,BTBT
2025-01-22 15:05:00,3.67,3.6799,3.665,3.6739,21703.0,BTBT
2025-01-22 15:04:00,3.675,3.68,3.66,3.6689,42373.0,BTBT
2025-01-22 15:03:00,3.675,3.68,3.675,3.675,2785.0,BTBT
2025-01-22 15:02:00,3.675,3.675,3.6701,3.675,9947.0,BTBT
2025-01-22 15:01:00,3.675,3.68,3.672,3.68,19666.0,BTBT
2025-01-22 15:00:00,3.675,3.68,3.675,3.6799,4234.0,BTBT
2025-01-22 14:59:00,3.68,3.68,3.67,3.68,1048.0,BTBT
2025-01-22 14:58:00,3.675,3.68,3.67,3.675,5148.0,BTBT
2025-01-22 14:57:00,3.68,3.68,3.675,3.68,14239.0,BTBT
2025-01-22 14:56:00,3.68,3.68,3.675,3.675,1400.0,BTBT
2025-01-22 14:55:00,3.675,3.68,3.67,3.68,3887.0,BTBT
2025-01-22 14:54:00,3.675,3.68,3.67,3.6733,11711.0,BTBT
2025-01-22 14:53:00,3.675,3.68,3.67,3.68,2347.0,BTBT
2025-01-22 14:52:00,3.6699,3.67,3.66,3.67,13308.0,BTBT
2025-01-22 14:51:00,3.6699,3.6699,3.66,3.665,8332.0,BTBT
2025-01-22 14:50:00,3.675,3.675,3.665,3.665,15325.0,BTBT
2025-01-22 14:49:00,3.69,3.695,3.6701,3.675,32759.0,BTBT
2025-01-22 14:47:00,3.6701,3.685,3.665,3.685,38191.0,BTBT
2025-01-22 14:46:00,3.655,3.68,3.655,3.6701,74379.0,BTBT
2025-01-22 14:45:00,3.66,3.66,3.65,3.655,29484.0,BTBT
2025-01-22 14:44:00,3.655,3.656,3.6501,3.6501,11421.0,BTBT
2025-01-22 14:43:00,3.675,3.68,3.65,3.6589,37110.0,BTBT
2025-01-22 14:42:00,3.68,3.68,3.675,3.6779,6648.0,BTBT
2025-01-22 14:41:00,3.68,3.68,3.6701,3.675,12959.0,BTBT
2025-01-22 14:40:00,3.675,3.68,3.67,3.68,15229.0,BTBT
2025-01-22 14:39:00,3.6593,3.675,3.6593,3.675,52690.0,BTBT
2025-01-22 14:38:00,3.6301,3.655,3.6301,3.655,79201.0,BTBT
2025-01-22 14:37:00,3.65,3.6599,3.6301,3.635,147771.0,BTBT
2025-01-22 14:36:00,3.6515,3.66,3.645,3.6499,31682.0,BTBT
2025-01-22 14:35:00,3.66,3.66,3.6401,3.655,71716.0,BTBT
2025-01-22 14:34:00,3.63,3.655,3.625,3.655,115586.0,BTBT
2025-01-22 14:33:00,3.6199,3.645,3.6187,3.6399,69014.0,BTBT
2025-01-22 14:32:00,3.65,3.655,3.61,3.6195,126252.0,BTBT
2025-01-22 14:31:00,3.645,3.66,3.645,3.66,48544.0,BTBT
2025-01-22 14:30:00,3.66,3.66,3.6427,3.65,118754.0,BTBT
2025-01-22 14:29:00,3.665,3.67,3.65,3.655,94835.0,BTBT
2025-01-22 14:28:00,3.6728,3.675,3.665,3.6697,56260.0,BTBT
2025-01-22 14:27:00,3.7,3.709,3.67,3.675,144922.0,BTBT
2025-01-22 14:26:00,3.725,3.725,3.695,3.695,182190.0,BTBT
2025-01-22 14:25:00,3.71,3.7295,3.705,3.7291,124403.0,BTBT
2025-01-22 14:24:00,3.73,3.73,3.7001,3.705,167481.0,BTBT
2025-01-22 14:23:00,3.7201,3.74,3.7201,3.735,177411.0,BTBT
2025-01-22 14:22:00,3.698,3.74,3.6929,3.7279,89513.0,BTBT
2025-01-22 14:21:00,3.685,3.7,3.68,3.6983,108955.0,BTBT
2025-01-22 14:20:00,3.6794,3.685,3.6701,3.68,55462.0,BTBT
2025-01-22 14:19:00,3.6759,3.6792,3.67,3.67,35652.0,BTBT
2025-01-22 14:18:00,3.675,3.69,3.67,3.675,98474.0,BTBT
2025-01-22 14:17:00,3.635,3.68,3.635,3.6714,199683.0,BTBT
2025-01-22 14:16:00,3.605,3.64,3.605,3.63,74617.0,BTBT
2025-01-22 14:15:00,3.6,3.61,3.595,3.61,64985.0,BTBT
2025-01-22 14:14:00,3.6,3.6,3.59,3.5996,13974.0,BTBT
2025-01-22 14:13:00,3.6,3.6,3.5907,3.6,5859.0,BTBT
2025-01-22 14:12:00,3.6,3.6,3.5901,3.5942,14569.0,BTBT
2025-01-22 14:11:00,3.595,3.5995,3.59,3.595,22628.0,BTBT
2025-01-22 14:10:00,3.595,3.595,3.591,3.595,800.0,BTBT
2025-01-22 14:09:00,3.5919,3.595,3.59,3.595,7015.0,BTBT
2025-01-22 14:08:00,3.59,3.595,3.58,3.595,54239.0,BTBT
2025-01-22 14:07:00,3.6,3.6,3.5901,3.5901,36678.0,BTBT
2025-01-22 14:06:00,3.5901,3.6,3.5901,3.595,18126.0,BTBT
2025-01-22 14:05:00,3.595,3.6,3.59,3.59,3992.0,BTBT
2025-01-22 14:04:00,3.61,3.6132,3.59,3.595,40412.0,BTBT
2025-01-22 14:03:00,3.6001,3.62,3.6,3.6136,60178.0,BTBT
2025-01-22 14:02:00,3.595,3.605,3.59,3.605,16374.0,BTBT
2025-01-22 14:01:00,3.585,3.595,3.58,3.591,52166.0,BTBT
2025-01-22 14:00:00,3.585,3.5874,3.5815,3.585,5984.0,BTBT
2025-01-22 13:59:00,3.575,3.585,3.575,3.585,8232.0,BTBT
2025-01-22 13:58:00,3.575,3.5799,3.57,3.5718,17089.0,BTBT
2025-01-22 13:57:00,3.575,3.575,3.5701,3.5706,13650.0,BTBT
2025-01-22 13:56:00,3.5801,3.585,3.5702,3.5702,25743.0,BTBT
2025-01-22 13:55:00,3.5989,3.6,3.58,3.585,48130.0,BTBT
2025-01-22 13:54:00,3.6,3.6056,3.59,3.595,34366.0,BTBT
2025-01-22 13:53:00,3.595,3.6079,3.5901,3.6079,20046.0,BTBT
2025-01-22 13:52:00,3.6009,3.605,3.595,3.595,21680.0,BTBT
2025-01-22 13:51:00,3.605,3.61,3.605,3.605,2233.0,BTBT
2025-01-22 13:50:00,3.606,3.61,3.605,3.61,7874.0,BTBT
2025-01-22 13:49:00,3.605,3.605,3.6001,3.6012,9467.0,BTBT
2025-01-22 13:48:00,3.591,3.605,3.591,3.605,8709.0,BTBT
2025-01-22 13:47:00,3.5905,3.6,3.5901,3.595,24974.0,BTBT
2025-01-22 13:46:00,3.595,3.5962,3.59,3.5911,13588.0,BTBT
2025-01-22 13:45:00,3.605,3.61,3.595,3.5988,21204.0,BTBT
2025-01-22 13:44:00,3.6012,3.61,3.6008,3.61,5287.0,BTBT
2025-01-22 13:43:00,3.6025,3.61,3.6,3.605,8065.0,BTBT
2025-01-22 13:42:00,3.6,3.61,3.6,3.61,31795.0,BTBT
2025-01-22 13:41:00,3.6,3.6,3.59,3.6,55473.0,BTBT
2025-01-22 13:40:00,3.6,3.6,3.59,3.595,11860.0,BTBT
2025-01-22 13:39:00,3.585,3.6,3.5801,3.595,11664.0,BTBT
2025-01-22 13:38:00,3.585,3.5899,3.58,3.58,5830.0,BTBT
2025-01-22 13:37:00,3.59,3.59,3.5801,3.5805,17513.0,BTBT
2025-01-22 13:36:00,3.585,3.5899,3.5701,3.58,59187.0,BTBT
2025-01-22 13:35:00,3.585,3.59,3.582,3.59,2490.0,BTBT
2025-01-22 13:34:00,3.575,3.5891,3.5701,3.5806,41099.0,BTBT
2025-01-22 13:33:00,3.57,3.5799,3.565,3.575,36256.0,BTBT
2025-01-22 13:32:00,3.57,3.576,3.56,3.57,11551.0,BTBT
2025-01-22 13:31:00,3.576,3.58,3.5708,3.575,35455.0,BTBT
2025-01-22 13:30:00,3.57,3.576,3.565,3.576,39792.0,BTBT
2025-01-22 13:29:00,3.57,3.575,3.57,3.57,21565.0,BTBT
2025-01-22 13:28:00,3.5699,3.57,3.56,3.566,29071.0,BTBT
2025-01-22 13:27:00,3.57,3.57,3.56,3.565,53916.0,BTBT
2025-01-22 13:26:00,3.575,3.575,3.57,3.575,23886.0,BTBT
2025-01-22 13:25:00,3.575,3.58,3.575,3.5793,18716.0,BTBT
2025-01-22 13:24:00,3.5725,3.575,3.57,3.575,4749.0,BTBT
2025-01-22 13:23:00,3.5793,3.5799,3.57,3.575,10435.0,BTBT
2025-01-22 13:22:00,3.5701,3.58,3.57,3.575,11386.0,BTBT
2025-01-22 13:21:00,3.5805,3.585,3.5702,3.5799,18944.0,BTBT
2025-01-22 13:20:00,3.585,3.59,3.58,3.5811,9482.0,BTBT
2025-01-22 13:19:00,3.58,3.59,3.575,3.585,50134.0,BTBT
2025-01-22 13:18:00,3.5719,3.58,3.5719,3.58,2621.0,BTBT
2025-01-22 13:17:00,3.575,3.58,3.575,3.5799,12507.0,BTBT
2025-01-22 13:16:00,3.575,3.58,3.5706,3.58,9682.0,BTBT
2025-01-22 13:15:00,3.575,3.58,3.575,3.58,1087.0,BTBT
2025-01-22 13:14:00,3.575,3.58,3.57,3.575,16399.0,BTBT
2025-01-22 13:13:00,3.575,3.575,3.57,3.575,1250.0,BTBT
2025-01-22 13:12:00,3.5701,3.575,3.5701,3.575,26482.0,BTBT
2025-01-22 13:11:00,3.5796,3.58,3.5708,3.5799,20358.0,BTBT
2025-01-22 13:10:00,3.5799,3.58,3.5706,3.575,31576.0,BTBT
2025-01-22 13:09:00,3.575,3.5799,3.575,3.575,12451.0,BTBT
2025-01-22 13:08:00,3.579,3.579,3.5708,3.5708,6842.0,BTBT
2025-01-22 13:07:00,3.58,3.585,3.575,3.575,51047.0,BTBT
2025-01-22 13:06:00,3.575,3.58,3.575,3.575,25401.0,BTBT
2025-01-22 13:05:00,3.575,3.58,3.5707,3.5707,13801.0,BTBT
2025-01-22 13:04:00,3.575,3.58,3.57,3.575,11138.0,BTBT
2025-01-22 13:03:00,3.57,3.58,3.57,3.575,11120.0,BTBT
2025-01-22 13:02:00,3.5783,3.58,3.575,3.58,5143.0,BTBT
2025-01-22 13:01:00,3.575,3.575,3.575,3.575,2060.0,BTBT
2025-01-22 13:00:00,3.57,3.58,3.57,3.58,4570.0,BTBT
2025-01-22 12:59:00,3.5673,3.58,3.565,3.58,37889.0,BTBT
2025-01-22 12:58:00,3.56,3.57,3.5512,3.57,85677.0,BTBT
2025-01-22 12:57:00,3.5726,3.58,3.5601,3.565,58963.0,BTBT
2025-01-22 12:56:00,3.565,3.5792,3.5601,3.5792,38582.0,BTBT
2025-01-22 12:55:00,3.565,3.5699,3.56,3.565,10911.0,BTBT
2025-01-22 12:54:00,3.5609,3.57,3.56,3.565,44966.0,BTBT
2025-01-22 12:53:00,3.5699,3.57,3.5601,3.568,23677.0,BTBT
2025-01-22 12:52:00,3.5699,3.5699,3.5626,3.5626,8046.0,BTBT
2025-01-22 12:51:00,3.5506,3.57,3.55,3.565,71146.0,BTBT
2025-01-22 12:50:00,3.55,3.555,3.55,3.555,937.0,BTBT
2025-01-22 12:49:00,3.56,3.565,3.55,3.555,25616.0,BTBT
2025-01-22 12:48:00,3.565,3.565,3.5601,3.565,23395.0,BTBT
2025-01-22 12:47:00,3.5501,3.57,3.55,3.57,62309.0,BTBT
2025-01-22 12:46:00,3.5494,3.555,3.545,3.5508,73249.0,BTBT
2025-01-22 12:45:00,3.545,3.5499,3.54,3.5499,65444.0,BTBT
2025-01-22 12:44:00,3.5405,3.545,3.54,3.545,7409.0,BTBT
2025-01-22 12:43:00,3.545,3.545,3.543,3.545,1983.0,BTBT
2025-01-22 12:42:00,3.55,3.5599,3.54,3.545,167980.0,BTBT
2025-01-22 12:41:00,3.565,3.57,3.55,3.55,21782.0,BTBT
2025-01-22 12:40:00,3.565,3.57,3.565,3.565,3072.0,BTBT
2025-01-22 12:39:00,3.555,3.57,3.555,3.565,57540.0,BTBT
2025-01-22 12:38:00,3.575,3.575,3.555,3.5595,55772.0,BTBT
2025-01-22 12:37:00,3.575,3.58,3.575,3.575,1853.0,BTBT
2025-01-22 12:36:00,3.575,3.58,3.57,3.58,3108.0,BTBT
2025-01-22 12:35:00,3.575,3.575,3.575,3.575,3553.0,BTBT
2025-01-22 12:34:00,3.575,3.575,3.5703,3.575,2204.0,BTBT
2025-01-22 12:33:00,3.5699,3.58,3.5699,3.5701,35559.0,BTBT
2025-01-22 12:32:00,3.565,3.5699,3.5614,3.565,47265.0,BTBT
2025-01-22 12:31:00,3.575,3.575,3.5601,3.5651,41717.0,BTBT
2025-01-22 12:30:00,3.565,3.58,3.565,3.575,68613.0,BTBT
2025-01-22 12:29:00,3.57,3.58,3.565,3.565,97217.0,BTBT
2025-01-22 12:28:00,3.5708,3.58,3.565,3.5701,63481.0,BTBT
2025-01-22 12:27:00,3.57,3.58,3.57,3.575,33084.0,BTBT
2025-01-22 12:26:00,3.575,3.58,3.57,3.575,5688.0,BTBT
2025-01-22 12:25:00,3.575,3.575,3.57,3.574,10143.0,BTBT
2025-01-22 12:24:00,3.575,3.5799,3.575,3.5799,2884.0,BTBT
2025-01-22 12:23:00,3.5799,3.58,3.5701,3.575,5389.0,BTBT
2025-01-22 12:22:00,3.575,3.58,3.57,3.575,34948.0,BTBT
2025-01-22 12:21:00,3.57,3.58,3.5699,3.575,68511.0,BTBT
2025-01-22 12:20:00,3.565,3.565,3.565,3.565,1927.0,BTBT
2025-01-22 12:19:00,3.5667,3.5693,3.56,3.565,5273.0,BTBT
2025-01-22 12:18:00,3.555,3.5699,3.555,3.565,80960.0,BTBT
2025-01-22 12:17:00,3.555,3.56,3.55,3.555,17189.0,BTBT
2025-01-22 12:16:00,3.5527,3.57,3.55,3.555,111779.0,BTBT
2025-01-22 12:15:00,3.55,3.56,3.5499,3.555,27647.0,BTBT
2025-01-22 12:14:00,3.5399,3.55,3.53,3.5499,85590.0,BTBT
2025-01-22 12:13:00,3.5301,3.54,3.53,3.54,18708.0,BTBT
2025-01-22 12:12:00,3.53,3.5398,3.52,3.53,22209.0,BTBT
2025-01-22 12:11:00,3.535,3.535,3.52,3.5292,32947.0,BTBT
2025-01-22 12:10:00,3.535,3.538,3.5301,3.5301,7783.0,BTBT
2025-01-22 12:09:00,3.5299,3.539,3.52,3.5319,84929.0,BTBT
2025-01-22 12:08:00,3.525,3.525,3.525,3.525,2156.0,BTBT
2025-01-22 12:07:00,3.53,3.535,3.52,3.5225,38173.0,BTBT
2025-01-22 12:06:00,3.528,3.535,3.52,3.535,43845.0,BTBT
2025-01-22 12:05:00,3.515,3.53,3.51,3.52,28486.0,BTBT
2025-01-22 12:04:00,3.515,3.52,3.51,3.5199,22556.0,BTBT
2025-01-22 12:03:00,3.505,3.52,3.5,3.5113,37473.0,BTBT
2025-01-22 12:02:00,3.505,3.5097,3.5,3.5058,5708.0,BTBT
2025-01-22 12:01:00,3.505,3.505,3.505,3.505,799.0,BTBT
2025-01-22 12:00:00,3.505,3.5099,3.5001,3.5001,18523.0,BTBT
2025-01-22 11:59:00,3.505,3.5074,3.5001,3.505,21605.0,BTBT
2025-01-22 11:58:00,3.51,3.51,3.49,3.505,61063.0,BTBT
2025-01-22 11:57:00,3.515,3.5199,3.515,3.515,2888.0,BTBT
2025-01-22 11:56:00,3.51,3.52,3.505,3.515,34409.0,BTBT
2025-01-22 11:55:00,3.505,3.51,3.5,3.505,16945.0,BTBT
2025-01-22 11:54:00,3.505,3.508,3.5001,3.505,15833.0,BTBT
2025-01-22 11:53:00,3.495,3.505,3.49,3.505,13161.0,BTBT
2025-01-22 11:52:00,3.49,3.495,3.49,3.495,3687.0,BTBT
2025-01-22 11:51:00,3.495,3.4953,3.4941,3.495,5852.0,BTBT
2025-01-22 11:50:00,3.49,3.4976,3.49,3.495,11363.0,BTBT
2025-01-22 11:49:00,3.4999,3.4999,3.49,3.495,4159.0,BTBT
2025-01-22 11:48:00,3.5,3.51,3.49,3.4901,75449.0,BTBT
2025-01-22 11:47:00,3.495,3.5,3.495,3.495,20358.0,BTBT
2025-01-22 11:46:00,3.485,3.5,3.4847,3.495,24800.0,BTBT
2025-01-22 11:45:00,3.485,3.49,3.48,3.485,11826.0,BTBT
2025-01-22 11:44:00,3.4802,3.49,3.48,3.485,30705.0,BTBT
2025-01-22 11:43:00,3.485,3.49,3.48,3.48,27634.0,BTBT
2025-01-22 11:42:00,3.4891,3.4891,3.485,3.485,9271.0,BTBT
2025-01-22 11:41:00,3.5,3.5,3.48,3.485,32566.0,BTBT
2025-01-22 11:40:00,3.49,3.4999,3.49,3.495,30189.0,BTBT
2025-01-22 11:39:00,3.4993,3.5,3.49,3.4983,8026.0,BTBT
2025-01-22 11:38:00,3.495,3.5,3.4928,3.4985,19726.0,BTBT
2025-01-22 11:37:00,3.495,3.5,3.49,3.49,24308.0,BTBT
2025-01-22 11:36:00,3.48,3.5,3.48,3.495,29093.0,BTBT
2025-01-22 11:35:00,3.4773,3.4899,3.47,3.485,28714.0,BTBT
2025-01-22 11:34:00,3.4727,3.4727,3.4725,3.4725,752.0,BTBT
2025-01-22 11:33:00,3.4976,3.4976,3.47,3.47,27323.0,BTBT
2025-01-22 11:32:00,3.49,3.4995,3.48,3.49,90701.0,BTBT
2025-01-22 11:31:00,3.485,3.485,3.485,3.485,2166.0,BTBT
2025-01-22 11:30:00,3.485,3.49,3.48,3.485,37850.0,BTBT
2025-01-22 11:29:00,3.485,3.49,3.48,3.485,12305.0,BTBT
2025-01-22 11:28:00,3.48,3.4862,3.48,3.485,11897.0,BTBT
2025-01-22 11:27:00,3.485,3.495,3.4814,3.485,82142.0,BTBT
2025-01-22 11:26:00,3.475,3.49,3.475,3.485,72173.0,BTBT
2025-01-22 11:25:00,3.4795,3.48,3.47,3.48,29557.0,BTBT
2025-01-22 11:24:00,3.47,3.485,3.47,3.475,51527.0,BTBT
2025-01-22 11:23:00,3.465,3.479,3.4614,3.479,67861.0,BTBT
2025-01-22 11:22:00,3.465,3.47,3.4614,3.465,4553.0,BTBT
2025-01-22 11:21:00,3.4645,3.47,3.46,3.47,5201.0,BTBT
2025-01-22 11:20:00,3.4715,3.4799,3.46,3.465,48174.0,BTBT
2025-01-22 11:19:00,3.475,3.48,3.47,3.48,4945.0,BTBT
2025-01-22 11:18:00,3.48,3.48,3.47,3.47,15312.0,BTBT
2025-01-22 11:17:00,3.48,3.4899,3.47,3.475,34082.0,BTBT
2025-01-22 11:16:00,3.485,3.485,3.47,3.475,34617.0,BTBT
2025-01-22 11:15:00,3.475,3.49,3.475,3.48,21086.0,BTBT
2025-01-22 11:14:00,3.4774,3.4774,3.47,3.472,13475.0,BTBT
2025-01-22 11:13:00,3.475,3.4799,3.47,3.475,45091.0,BTBT
2025-01-22 11:12:00,3.4701,3.4752,3.465,3.475,105603.0,BTBT
2025-01-22 11:11:00,3.479,3.48,3.47,3.47,21450.0,BTBT
2025-01-22 11:10:00,3.4851,3.4851,3.47,3.475,61687.0,BTBT
2025-01-22 11:09:00,3.49,3.49,3.48,3.49,47270.0,BTBT
2025-01-22 11:08:00,3.49,3.5,3.49,3.5,47771.0,BTBT
2025-01-22 11:07:00,3.49,3.5,3.48,3.4801,52721.0,BTBT
2025-01-22 11:06:00,3.495,3.5,3.49,3.49,2385.0,BTBT
2025-01-22 11:05:00,3.49,3.5,3.49,3.4985,35802.0,BTBT
2025-01-22 11:04:00,3.48,3.49,3.48,3.485,30023.0,BTBT
2025-01-22 11:03:00,3.488,3.495,3.48,3.4801,82197.0,BTBT
2025-01-22 11:02:00,3.475,3.49,3.46,3.48,97067.0,BTBT
2025-01-22 11:01:00,3.475,3.4787,3.47,3.47,59773.0,BTBT
2025-01-22 11:00:00,3.485,3.4899,3.475,3.475,31965.0,BTBT
2025-01-22 10:59:00,3.48,3.49,3.48,3.4845,18969.0,BTBT
2025-01-22 10:58:00,3.5067,3.51,3.48,3.48,183581.0,BTBT
2025-01-22 10:57:00,3.5,3.51,3.5,3.505,7510.0,BTBT
2025-01-22 10:56:00,3.505,3.5099,3.5,3.5014,16396.0,BTBT
2025-01-22 10:55:00,3.52,3.52,3.5,3.5,45551.0,BTBT
2025-01-22 10:54:00,3.52,3.53,3.515,3.52,55096.0,BTBT
2025-01-22 10:53:00,3.5039,3.52,3.5001,3.52,52909.0,BTBT
2025-01-22 10:52:00,3.515,3.52,3.5,3.505,122713.0,BTBT
2025-01-22 10:51:00,3.5102,3.5183,3.51,3.5183,6615.0,BTBT
2025-01-22 10:50:00,3.525,3.525,3.51,3.5188,60489.0,BTBT
2025-01-22 10:49:00,3.525,3.53,3.52,3.525,51654.0,BTBT
2025-01-22 10:48:00,3.5288,3.53,3.52,3.525,33613.0,BTBT
2025-01-22 10:47:00,3.52,3.5288,3.52,3.5278,12807.0,BTBT
2025-01-22 10:46:00,3.5299,3.53,3.52,3.5285,22278.0,BTBT
2025-01-22 10:45:00,3.525,3.53,3.52,3.5294,50999.0,BTBT
2025-01-22 10:44:00,3.5286,3.53,3.525,3.5294,34988.0,BTBT
2025-01-22 10:43:00,3.525,3.53,3.52,3.5201,50415.0,BTBT
2025-01-22 10:42:00,3.5297,3.53,3.52,3.5299,26925.0,BTBT
2025-01-22 10:41:00,3.532,3.54,3.52,3.5299,53160.0,BTBT
2025-01-22 10:40:00,3.5395,3.54,3.535,3.535,33931.0,BTBT
2025-01-22 10:39:00,3.5409,3.55,3.535,3.535,44765.0,BTBT
2025-01-22 10:38:00,3.5498,3.55,3.53,3.5496,77767.0,BTBT
2025-01-22 10:37:00,3.545,3.56,3.54,3.545,71683.0,BTBT
2025-01-22 10:36:00,3.5499,3.5499,3.5401,3.5401,19889.0,BTBT
2025-01-22 10:35:00,3.56,3.56,3.54,3.55,35505.0,BTBT
2025-01-22 10:34:00,3.56,3.57,3.55,3.56,35252.0,BTBT
2025-01-22 10:33:00,3.545,3.56,3.54,3.555,17265.0,BTBT
2025-01-22 10:32:00,3.5485,3.5499,3.545,3.545,2632.0,BTBT
2025-01-22 10:31:00,3.54,3.545,3.53,3.5416,23307.0,BTBT
2025-01-22 10:30:00,3.515,3.55,3.515,3.5457,59771.0,BTBT
2025-01-22 10:29:00,3.52,3.53,3.52,3.52,60086.0,BTBT
2025-01-22 10:28:00,3.52,3.53,3.515,3.53,18111.0,BTBT
2025-01-22 10:27:00,3.5196,3.53,3.51,3.5184,64398.0,BTBT
2025-01-22 10:26:00,3.5254,3.5299,3.5101,3.5195,76590.0,BTBT
2025-01-22 10:25:00,3.545,3.545,3.52,3.525,125803.0,BTBT
2025-01-22 10:24:00,3.5599,3.5699,3.542,3.545,149226.0,BTBT
2025-01-22 10:23:00,3.5399,3.57,3.53,3.553,334490.0,BTBT
2025-01-22 10:22:00,3.5509,3.5597,3.53,3.53,125468.0,BTBT
2025-01-22 10:21:00,3.585,3.5874,3.55,3.555,54161.0,BTBT
2025-01-22 10:20:00,3.61,3.61,3.5801,3.586,94174.0,BTBT
2025-01-22 10:19:00,3.62,3.62,3.61,3.615,26399.0,BTBT
2025-01-22 10:18:00,3.6222,3.63,3.61,3.61,21835.0,BTBT
2025-01-22 10:17:00,3.6108,3.63,3.61,3.6212,25151.0,BTBT
2025-01-22 10:16:00,3.61,3.62,3.61,3.6199,10274.0,BTBT
2025-01-22 10:15:00,3.6,3.61,3.6,3.605,8837.0,BTBT
2025-01-22 10:14:00,3.585,3.61,3.5845,3.61,24021.0,BTBT
2025-01-22 10:13:00,3.5799,3.6,3.5799,3.59,81473.0,BTBT
2025-01-22 10:12:00,3.5648,3.5809,3.56,3.58,28646.0,BTBT
2025-01-22 10:11:00,3.5612,3.5701,3.56,3.5677,14725.0,BTBT
2025-01-22 10:10:00,3.5672,3.5799,3.56,3.565,43256.0,BTBT
2025-01-22 10:09:00,3.5774,3.58,3.56,3.5682,34770.0,BTBT
2025-01-22 10:08:00,3.56,3.575,3.56,3.5701,32189.0,BTBT
2025-01-22 10:07:00,3.5791,3.58,3.56,3.565,81786.0,BTBT
2025-01-22 10:06:00,3.58,3.585,3.5717,3.575,17045.0,BTBT
2025-01-22 10:05:00,3.5988,3.5988,3.57,3.58,16991.0,BTBT
2025-01-22 10:04:00,3.5973,3.606,3.59,3.59,18329.0,BTBT
2025-01-22 10:03:00,3.57,3.6,3.57,3.595,21899.0,BTBT
2025-01-22 10:02:00,3.59,3.59,3.56,3.5701,124565.0,BTBT
2025-01-22 10:01:00,3.59,3.6001,3.58,3.58,82198.0,BTBT
2025-01-22 10:00:00,3.6105,3.6195,3.59,3.595,19822.0,BTBT
2025-01-22 09:59:00,3.61,3.6199,3.605,3.61,41529.0,BTBT
2025-01-22 09:58:00,3.625,3.625,3.61,3.616,21413.0,BTBT
2025-01-22 09:57:00,3.645,3.645,3.62,3.62,90598.0,BTBT
2025-01-22 09:56:00,3.64,3.65,3.63,3.6486,13959.0,BTBT
2025-01-22 09:55:00,3.6301,3.645,3.62,3.64,31117.0,BTBT
2025-01-22 09:54:00,3.605,3.6405,3.605,3.64,9045.0,BTBT
2025-01-22 09:53:00,3.595,3.615,3.59,3.6101,26262.0,BTBT
2025-01-22 09:52:00,3.6,3.6,3.58,3.5901,99816.0,BTBT
2025-01-22 09:51:00,3.61,3.6203,3.6092,3.61,31616.0,BTBT
2025-01-22 09:50:00,3.6399,3.65,3.62,3.625,37891.0,BTBT
2025-01-22 09:49:00,3.6201,3.635,3.62,3.63,26400.0,BTBT
2025-01-22 09:48:00,3.6099,3.6249,3.6,3.6249,38288.0,BTBT
2025-01-22 09:47:00,3.6101,3.6199,3.59,3.6,101377.0,BTBT
2025-01-22 09:46:00,3.63,3.63,3.605,3.615,44620.0,BTBT
2025-01-22 09:45:00,3.625,3.6303,3.615,3.63,9298.0,BTBT
2025-01-22 09:44:00,3.6299,3.6299,3.61,3.6127,19564.0,BTBT
2025-01-22 09:43:00,3.645,3.6491,3.62,3.62,59821.0,BTBT
2025-01-22 09:42:00,3.6493,3.6609,3.64,3.65,28917.0,BTBT
2025-01-22 09:41:00,3.64,3.66,3.64,3.6402,23723.0,BTBT
2025-01-22 09:40:00,3.63,3.655,3.63,3.635,8924.0,BTBT
2025-01-22 09:39:00,3.6002,3.6389,3.6,3.628,57275.0,BTBT
2025-01-22 09:38:00,3.6005,3.605,3.58,3.6,51252.0,BTBT
2025-01-22 09:37:00,3.6173,3.635,3.601,3.601,19667.0,BTBT
2025-01-22 09:36:00,3.64,3.645,3.61,3.615,25422.0,BTBT
2025-01-22 09:35:00,3.6606,3.68,3.65,3.65,32130.0,BTBT
2025-01-22 09:34:00,3.6499,3.67,3.64,3.6625,27376.0,BTBT
2025-01-22 09:33:00,3.6756,3.68,3.64,3.6412,175088.0,BTBT
2025-01-22 09:32:00,3.705,3.7089,3.67,3.67,35015.0,BTBT
2025-01-22 09:31:00,3.6555,3.75,3.6555,3.705,48779.0,BTBT
2025-01-22 09:30:00,3.64,3.67,3.62,3.67,105113.0,BTBT
2025-01-22 09:27:00,3.64,3.66,3.61,3.61,3362.0,BTBT
2025-01-22 09:26:00,3.6401,3.6401,3.6401,3.6401,500.0,BTBT
2025-01-22 09:25:00,3.64,3.64,3.63,3.64,564.0,BTBT
2025-01-22 09:24:00,3.62,3.63,3.62,3.62,2289.0,BTBT
2025-01-22 09:23:00,3.63,3.63,3.62,3.62,511.0,BTBT
2025-01-22 09:22:00,3.6294,3.6294,3.6294,3.6294,1500.0,BTBT
2025-01-22 09:21:00,3.63,3.63,3.63,3.63,1.0,BTBT
2025-01-22 09:20:00,3.6299,3.6299,3.61,3.6292,1900.0,BTBT
2025-01-22 09:19:00,3.6295,3.6295,3.61,3.61,2059.0,BTBT
2025-01-22 09:18:00,3.62,3.63,3.61,3.62,801.0,BTBT
2025-01-22 09:17:00,3.63,3.63,3.63,3.63,200.0,BTBT
2025-01-22 09:16:00,3.6099,3.62,3.6099,3.62,1555.0,BTBT
2025-01-22 09:15:00,3.6298,3.6298,3.6,3.6,5886.0,BTBT
2025-01-22 09:14:00,3.62,3.6298,3.62,3.6298,504.0,BTBT
2025-01-22 09:13:00,3.63,3.63,3.63,3.63,6.0,BTBT
2025-01-22 09:12:00,3.62,3.62,3.62,3.62,1596.0,BTBT
2025-01-22 09:11:00,3.62,3.62,3.62,3.62,1100.0,BTBT
2025-01-22 09:10:00,3.62,3.62,3.62,3.62,609.0,BTBT
2025-01-22 09:09:00,3.62,3.62,3.62,3.62,400.0,BTBT
2025-01-22 09:08:00,3.62,3.62,3.62,3.62,201.0,BTBT
2025-01-22 09:07:00,3.6291,3.63,3.62,3.62,4041.0,BTBT
2025-01-22 09:05:00,3.6399,3.6399,3.62,3.62,2574.0,BTBT
2025-01-22 09:04:00,3.64,3.64,3.64,3.64,50.0,BTBT
2025-01-22 09:03:00,3.64,3.64,3.6399,3.6399,136.0,BTBT
2025-01-22 09:01:00,3.63,3.63,3.63,3.63,2500.0,BTBT
2025-01-22 09:00:00,3.64,3.64,3.63,3.63,18.0,BTBT
2025-01-22 08:59:00,3.6399,3.6399,3.6399,3.6399,4.0,BTBT
2025-01-22 08:58:00,3.6399,3.64,3.6399,3.64,802.0,BTBT
2025-01-22 08:57:00,3.635,3.64,3.63,3.63,3032.0,BTBT
2025-01-22 08:56:00,3.6499,3.6499,3.63,3.63,720.0,BTBT
2025-01-22 08:55:00,3.65,3.65,3.65,3.65,297.0,BTBT
2025-01-22 08:54:00,3.65,3.65,3.645,3.645,4678.0,BTBT
2025-01-22 08:53:00,3.66,3.66,3.65,3.65,66.0,BTBT
2025-01-22 08:52:00,3.65,3.65,3.65,3.65,120.0,BTBT
2025-01-22 08:51:00,3.65,3.66,3.65,3.6598,437.0,BTBT
2025-01-22 08:49:00,3.66,3.66,3.66,3.66,420.0,BTBT
2025-01-22 08:48:00,3.6598,3.66,3.6598,3.6599,450.0,BTBT
2025-01-22 08:47:00,3.6597,3.6597,3.6597,3.6597,400.0,BTBT
2025-01-22 08:46:00,3.6597,3.6597,3.6501,3.6501,600.0,BTBT
2025-01-22 08:44:00,3.66,3.66,3.6502,3.6599,228.0,BTBT
2025-01-22 08:43:00,3.6599,3.66,3.6598,3.66,3751.0,BTBT
2025-01-22 08:42:00,3.655,3.655,3.65,3.65,102.0,BTBT
2025-01-22 08:41:00,3.6598,3.6598,3.65,3.6598,5653.0,BTBT
2025-01-22 08:39:00,3.655,3.655,3.65,3.65,290.0,BTBT
2025-01-22 08:38:00,3.66,3.66,3.65,3.65,2642.0,BTBT
2025-01-22 08:37:00,3.6697,3.6697,3.6697,3.6697,500.0,BTBT
2025-01-22 08:33:00,3.66,3.665,3.66,3.665,31.0,BTBT
2025-01-22 08:32:00,3.665,3.665,3.66,3.66,1240.0,BTBT
2025-01-22 08:29:00,3.66,3.66,3.6599,3.66,3626.0,BTBT
2025-01-22 08:28:00,3.65,3.66,3.65,3.66,2.0,BTBT
2025-01-22 08:25:00,3.66,3.66,3.66,3.66,1.0,BTBT
2025-01-22 08:24:00,3.66,3.66,3.66,3.66,10.0,BTBT
2025-01-22 08:23:00,3.6598,3.6598,3.6598,3.6598,200.0,BTBT
2025-01-22 08:22:00,3.66,3.66,3.65,3.6598,3949.0,BTBT
2025-01-22 08:21:00,3.66,3.66,3.66,3.66,67.0,BTBT
2025-01-22 08:20:00,3.66,3.66,3.66,3.66,100.0,BTBT
2025-01-22 08:19:00,3.66,3.66,3.66,3.66,1439.0,BTBT
2025-01-22 08:18:00,3.66,3.66,3.66,3.66,300.0,BTBT
2025-01-22 08:16:00,3.68,3.68,3.68,3.68,30.0,BTBT
2025-01-22 08:14:00,3.66,3.66,3.66,3.66,2000.0,BTBT
2025-01-22 08:13:00,3.67,3.68,3.67,3.67,1588.0,BTBT
2025-01-22 08:12:00,3.67,3.67,3.67,3.67,5.0,BTBT
2025-01-22 08:09:00,3.68,3.68,3.68,3.68,50.0,BTBT
2025-01-22 08:08:00,3.67,3.67,3.67,3.67,2209.0,BTBT
2025-01-22 08:07:00,3.67,3.67,3.67,3.67,200.0,BTBT
2025-01-22 08:06:00,3.68,3.68,3.68,3.68,25.0,BTBT
2025-01-22 08:05:00,3.68,3.68,3.68,3.68,24.0,BTBT
2025-01-22 08:04:00,3.68,3.68,3.68,3.68,8.0,BTBT
2025-01-22 08:03:00,3.68,3.68,3.68,3.68,10.0,BTBT
2025-01-22 08:02:00,3.68,3.68,3.68,3.68,25.0,BTBT
2025-01-22 08:01:00,3.63,3.63,3.63,3.63,53.0,BTBT
2025-01-22 08:00:00,3.6398,3.71,3.63,3.6413,26016.0,BTBT
2025-01-22 07:58:00,3.68,3.68,3.68,3.68,200.0,BTBT
2025-01-22 07:54:00,3.68,3.68,3.67,3.67,750.0,BTBT
2025-01-22 07:53:00,3.67,3.67,3.67,3.67,186.0,BTBT
2025-01-22 07:52:00,3.67,3.67,3.67,3.67,1.0,BTBT
2025-01-22 07:50:00,3.68,3.68,3.67,3.67,945.0,BTBT
2025-01-22 07:49:00,3.68,3.68,3.68,3.68,107.0,BTBT
2025-01-22 07:46:00,3.68,3.69,3.68,3.69,1001.0,BTBT
2025-01-22 07:45:00,3.68,3.68,3.675,3.68,1500.0,BTBT
2025-01-22 07:40:00,3.67,3.67,3.67,3.67,481.0,BTBT
2025-01-22 07:39:00,3.66,3.67,3.66,3.67,1291.0,BTBT
2025-01-22 07:38:00,3.66,3.66,3.66,3.66,3000.0,BTBT
2025-01-22 07:37:00,3.66,3.66,3.66,3.66,20.0,BTBT
2025-01-22 07:34:00,3.68,3.68,3.68,3.68,228.0,BTBT
2025-01-22 07:33:00,3.68,3.68,3.68,3.68,272.0,BTBT
2025-01-22 07:31:00,3.69,3.69,3.66,3.66,1000.0,BTBT
2025-01-22 07:30:00,3.7,3.7,3.7,3.7,1.0,BTBT
2025-01-22 07:26:00,3.7,3.7,3.7,3.7,819.0,BTBT
2025-01-22 07:24:00,3.7,3.7,3.7,3.7,111.0,BTBT
2025-01-22 07:22:00,3.7,3.7,3.7,3.7,16.0,BTBT
2025-01-22 07:21:00,3.7,3.7,3.7,3.7,2.0,BTBT
2025-01-22 07:18:00,3.7,3.7,3.7,3.7,96.0,BTBT
2025-01-22 07:17:00,3.68,3.68,3.68,3.68,80.0,BTBT
2025-01-22 07:16:00,3.68,3.68,3.68,3.68,20.0,BTBT
2025-01-22 07:14:00,3.67,3.67,3.67,3.67,4.0,BTBT
2025-01-22 07:12:00,3.68,3.68,3.68,3.68,2439.0,BTBT
2025-01-22 07:11:00,3.69,3.69,3.69,3.69,500.0,BTBT
2025-01-22 07:10:00,3.69,3.69,3.69,3.69,705.0,BTBT
2025-01-22 07:09:00,3.66,3.67,3.66,3.67,62.0,BTBT
2025-01-22 07:08:00,3.65,3.65,3.645,3.65,8078.0,BTBT
2025-01-22 07:04:00,3.64,3.64,3.64,3.64,1.0,BTBT
2025-01-22 07:02:00,3.64,3.64,3.64,3.64,120.0,BTBT
2025-01-22 07:00:00,3.64,3.64,3.64,3.64,750.0,BTBT
2025-01-22 06:59:00,3.63,3.63,3.63,3.63,573.0,BTBT
2025-01-22 06:57:00,3.63,3.63,3.63,3.63,300.0,BTBT
2025-01-22 06:56:00,3.63,3.63,3.63,3.63,201.0,BTBT
2025-01-22 06:53:00,3.63,3.64,3.63,3.64,3787.0,BTBT
2025-01-22 06:51:00,3.63,3.63,3.62,3.62,131.0,BTBT
2025-01-22 06:47:00,3.62,3.63,3.62,3.63,672.0,BTBT
2025-01-22 06:46:00,3.62,3.62,3.62,3.62,100.0,BTBT
2025-01-22 06:36:00,3.62,3.62,3.615,3.615,400.0,BTBT
2025-01-22 06:35:00,3.62,3.62,3.62,3.62,2594.0,BTBT
2025-01-22 06:27:00,3.62,3.62,3.62,3.62,52.0,BTBT
2025-01-22 06:24:00,3.62,3.62,3.62,3.62,80.0,BTBT
2025-01-22 06:23:00,3.62,3.62,3.62,3.62,30.0,BTBT
2025-01-22 06:15:00,3.63,3.63,3.62,3.62,500.0,BTBT
2025-01-22 06:14:00,3.63,3.63,3.63,3.63,50.0,BTBT
2025-01-22 06:13:00,3.63,3.63,3.63,3.63,50.0,BTBT
2025-01-22 06:12:00,3.63,3.63,3.63,3.63,120.0,BTBT
2025-01-22 06:08:00,3.63,3.63,3.63,3.63,2.0,BTBT
2025-01-22 06:06:00,3.63,3.63,3.63,3.63,300.0,BTBT
2025-01-22 06:00:00,3.63,3.63,3.63,3.63,23.0,BTBT
2025-01-22 05:58:00,3.62,3.62,3.62,3.62,87.0,BTBT
2025-01-22 05:51:00,3.62,3.62,3.62,3.62,600.0,BTBT
2025-01-22 05:50:00,3.62,3.62,3.62,3.62,131.0,BTBT
2025-01-22 05:46:00,3.62,3.62,3.62,3.62,1.0,BTBT
2025-01-22 05:43:00,3.62,3.62,3.62,3.62,270.0,BTBT
2025-01-22 05:25:00,3.61,3.61,3.61,3.61,400.0,BTBT
2025-01-22 05:23:00,3.61,3.61,3.61,3.61,100.0,BTBT
2025-01-22 05:22:00,3.6,3.6,3.6,3.6,169.0,BTBT
2025-01-22 05:20:00,3.6,3.6,3.6,3.6,30.0,BTBT
2025-01-22 05:18:00,3.61,3.61,3.61,3.61,2.0,BTBT
2025-01-22 05:17:00,3.61,3.61,3.61,3.61,200.0,BTBT
2025-01-22 05:16:00,3.6,3.6,3.6,3.6,475.0,BTBT
2025-01-22 05:14:00,3.6,3.6,3.6,3.6,200.0,BTBT
2025-01-22 05:11:00,3.6,3.6,3.6,3.6,63.0,BTBT
2025-01-22 05:10:00,3.6,3.6,3.6,3.6,400.0,BTBT
2025-01-22 05:09:00,3.61,3.62,3.6,3.6,2403.0,BTBT
2025-01-22 05:07:00,3.63,3.63,3.63,3.63,2.0,BTBT
2025-01-22 05:05:00,3.63,3.63,3.63,3.63,687.0,BTBT
2025-01-22 04:59:00,3.63,3.63,3.63,3.63,14.0,BTBT
2025-01-22 04:57:00,3.63,3.63,3.63,3.63,1.0,BTBT
2025-01-22 04:50:00,3.63,3.63,3.63,3.63,203.0,BTBT
2025-01-22 04:49:00,3.63,3.63,3.63,3.63,1336.0,BTBT
2025-01-22 04:47:00,3.64,3.64,3.64,3.64,31.0,BTBT
2025-01-22 04:46:00,3.64,3.64,3.64,3.64,345.0,BTBT
2025-01-22 04:44:00,3.64,3.64,3.63,3.64,565.0,BTBT
2025-01-22 04:43:00,3.64,3.64,3.64,3.64,175.0,BTBT
2025-01-22 04:41:00,3.63,3.64,3.63,3.64,122.0,BTBT
2025-01-22 04:40:00,3.63,3.64,3.63,3.64,1015.0,BTBT
2025-01-22 04:39:00,3.64,3.64,3.64,3.64,2.0,BTBT
2025-01-22 04:38:00,3.63,3.63,3.63,3.63,100.0,BTBT
2025-01-22 04:37:00,3.63,3.64,3.63,3.64,505.0,BTBT
2025-01-22 04:36:00,3.63,3.63,3.63,3.63,500.0,BTBT
2025-01-22 04:34:00,3.64,3.64,3.63,3.63,780.0,BTBT
2025-01-22 04:30:00,3.65,3.65,3.65,3.65,315.0,BTBT
2025-01-22 04:26:00,3.64,3.64,3.64,3.64,31.0,BTBT
2025-01-22 04:21:00,3.64,3.64,3.64,3.64,1400.0,BTBT
2025-01-22 04:20:00,3.635,3.64,3.635,3.64,1507.0,BTBT
2025-01-22 04:19:00,3.63,3.63,3.63,3.63,56.0,BTBT
2025-01-22 04:18:00,3.64,3.64,3.63,3.63,10.0,BTBT
2025-01-22 04:16:00,3.64,3.64,3.64,3.64,2.0,BTBT
2025-01-22 04:15:00,3.64,3.64,3.64,3.64,34.0,BTBT
2025-01-22 04:14:00,3.64,3.64,3.64,3.64,90.0,BTBT
2025-01-22 04:12:00,3.64,3.64,3.62,3.63,386.0,BTBT
2025-01-22 04:11:00,3.69,3.69,3.58,3.65,1861.0,BTBT
2025-01-22 04:10:00,3.69,3.69,3.69,3.69,1.0,BTBT
2025-01-22 04:09:00,3.7,3.7,3.7,3.7,6.0,BTBT
2025-01-22 04:06:00,3.72,3.72,3.7,3.72,98.0,BTBT
2025-01-22 04:05:00,3.69,3.69,3.69,3.69,40.0,BTBT
2025-01-22 04:02:00,3.7,3.71,3.7,3.7,1999.0,BTBT
2025-01-22 04:01:00,3.7,3.72,3.7,3.72,102.0,BTBT
2025-01-22 04:00:00,3.72,3.72,3.7,3.7,234.0,BTBT
2025-01-21 19:54:00,3.68,3.68,3.68,3.68,25.0,BTBT
2025-01-21 19:53:00,3.71,3.71,3.71,3.71,3000.0,BTBT
2025-01-21 19:52:00,3.72,3.72,3.72,3.72,17.0,BTBT
2025-01-21 19:49:00,3.71,3.71,3.71,3.71,5000.0,BTBT
2025-01-21 19:48:00,3.7001,3.7196,3.7001,3.7196,2013.0,BTBT
2025-01-21 19:45:00,3.71,3.71,3.71,3.71,1000.0,BTBT
2025-01-21 19:37:00,3.68,3.68,3.68,3.68,1.0,BTBT
2025-01-21 19:36:00,3.72,3.72,3.72,3.72,1.0,BTBT
2025-01-21 19:35:00,3.71,3.71,3.71,3.71,10.0,BTBT
2025-01-21 19:33:00,3.68,3.68,3.68,3.68,5.0,BTBT
2025-01-21 19:32:00,3.68,3.68,3.68,3.68,22.0,BTBT
2025-01-21 19:31:00,3.68,3.68,3.68,3.68,5.0,BTBT
2025-01-21 19:30:00,3.72,3.72,3.7199,3.7199,2300.0,BTBT
2025-01-21 19:29:00,3.69,3.69,3.68,3.68,176.0,BTBT
2025-01-21 19:28:00,3.7,3.7,3.7,3.7,5000.0,BTBT
2025-01-21 19:21:00,3.7,3.7,3.6999,3.6999,468.0,BTBT
2025-01-21 19:18:00,3.7,3.7,3.7,3.7,300.0,BTBT
2025-01-21 19:17:00,3.7,3.7,3.7,3.7,16.0,BTBT
2025-01-21 19:14:00,3.71,3.71,3.71,3.71,5.0,BTBT
2025-01-21 19:13:00,3.71,3.71,3.71,3.71,1.0,BTBT
2025-01-21 19:12:00,3.71,3.71,3.71,3.71,50.0,BTBT
2025-01-21 19:03:00,3.69,3.69,3.69,3.69,1.0,BTBT
2025-01-21 19:00:00,3.72,3.72,3.72,3.72,3.0,BTBT
2025-01-21 18:58:00,3.7,3.7,3.7,3.7,4.0,BTBT
2025-01-21 18:52:00,3.7,3.7,3.7,3.7,3249.0,BTBT
2025-01-21 18:49:00,3.7,3.7,3.6805,3.6805,101.0,BTBT
2025-01-21 18:48:00,3.7,3.7,3.6804,3.7,12.0,BTBT
2025-01-21 18:45:00,3.7,3.7,3.7,3.7,5.0,BTBT
2025-01-21 18:38:00,3.68,3.68,3.68,3.68,45.0,BTBT
2025-01-21 18:37:00,3.7,3.7,3.7,3.7,300.0,BTBT
2025-01-21 18:33:00,3.7,3.7,3.7,3.7,2.0,BTBT
2025-01-21 18:31:00,3.6809,3.6809,3.6809,3.6809,1.0,BTBT
2025-01-21 18:30:00,3.7,3.7,3.7,3.7,1.0,BTBT
2025-01-21 18:18:00,3.7,3.7,3.7,3.7,100.0,BTBT
2025-01-21 18:13:00,3.68,3.7,3.68,3.7,34.0,BTBT
2025-01-21 18:11:00,3.7,3.7,3.7,3.7,800.0,BTBT
2025-01-21 18:09:00,3.68,3.68,3.68,3.68,46.0,BTBT
2025-01-21 18:08:00,3.7,3.71,3.69,3.69,1393.0,BTBT
2025-01-21 18:06:00,3.75,3.75,3.75,3.75,10.0,BTBT
2025-01-21 18:05:00,3.72,3.72,3.7,3.7,223.0,BTBT
2025-01-21 18:02:00,3.7599,3.7599,3.7599,3.7599,2800.0,BTBT
2025-01-21 17:56:00,3.69,3.69,3.69,3.69,100.0,BTBT
2025-01-21 17:53:00,3.76,3.76,3.76,3.76,7936.0,BTBT
2025-01-21 17:52:00,3.7002,3.756,3.7002,3.72,455.0,BTBT
2025-01-21 17:51:00,3.7,3.76,3.7,3.76,24.0,BTBT
2025-01-21 17:50:00,3.7,3.7,3.7,3.7,7.0,BTBT
2025-01-21 17:49:00,3.76,3.76,3.72,3.72,1018.0,BTBT
2025-01-21 17:48:00,3.7591,3.7591,3.7591,3.7591,5.0,BTBT
2025-01-21 17:45:00,3.76,3.76,3.7,3.7,19.0,BTBT
2025-01-21 17:44:00,3.71,3.7597,3.71,3.7597,1000.0,BTBT
2025-01-21 17:41:00,3.7097,3.71,3.7097,3.71,287.0,BTBT
2025-01-21 17:39:00,3.6928,3.7095,3.6928,3.7095,103.0,BTBT
2025-01-21 17:37:00,3.7,3.71,3.7,3.71,2000.0,BTBT
2025-01-21 17:34:00,3.7,3.7,3.7,3.7,633.0,BTBT
2025-01-21 17:32:00,3.69,3.6901,3.69,3.6901,1430.0,BTBT
2025-01-21 17:30:00,3.69,3.71,3.69,3.71,11.0,BTBT
2025-01-21 17:26:00,3.71,3.71,3.71,3.71,25.0,BTBT
2025-01-21 17:24:00,3.7099,3.7099,3.7099,3.7099,1.0,BTBT
2025-01-21 17:21:00,3.71,3.71,3.71,3.71,1.0,BTBT
2025-01-21 17:20:00,3.71,3.71,3.71,3.71,1.0,BTBT
2025-01-21 17:19:00,3.71,3.71,3.71,3.71,25.0,BTBT
2025-01-21 17:17:00,3.69,3.69,3.69,3.69,19.0,BTBT
2025-01-21 17:16:00,3.71,3.71,3.71,3.71,1.0,BTBT
2025-01-21 17:14:00,3.7,3.7,3.6999,3.6999,3850.0,BTBT
2025-01-21 17:12:00,3.6997,3.6999,3.6997,3.6999,1018.0,BTBT
2025-01-21 17:11:00,3.7,3.7,3.7,3.7,6.0,BTBT
2025-01-21 17:09:00,3.7,3.7,3.7,3.7,3.0,BTBT
2025-01-21 17:08:00,3.7,3.7,3.7,3.7,200.0,BTBT
2025-01-21 17:07:00,3.6998,3.6998,3.6998,3.6998,20.0,BTBT
2025-01-21 17:06:00,3.6998,3.6998,3.6998,3.6998,20.0,BTBT
2025-01-21 17:04:00,3.7,3.7,3.69,3.69,1323.0,BTBT
2025-01-21 17:03:00,3.6998,3.6998,3.6998,3.6998,30.0,BTBT
2025-01-21 17:02:00,3.7,3.7,3.69,3.69,160.0,BTBT
2025-01-21 17:00:00,3.6903,3.6903,3.69,3.69,4088.0,BTBT
2025-01-21 16:59:00,3.7,3.7,3.7,3.7,50.0,BTBT
2025-01-21 16:57:00,3.71,3.71,3.71,3.71,40.0,BTBT
2025-01-21 16:55:00,3.7094,3.7094,3.7094,3.7094,75.0,BTBT
2025-01-21 16:53:00,3.7,3.7,3.7,3.7,300.0,BTBT
2025-01-21 16:52:00,3.7,3.7,3.7,3.7,14.0,BTBT
2025-01-21 16:51:00,3.7,3.7,3.7,3.7,46.0,BTBT
2025-01-21 16:50:00,3.6907,3.6907,3.6907,3.6907,500.0,BTBT
2025-01-21 16:49:00,3.71,3.71,3.7,3.7099,132.0,BTBT
2025-01-21 16:47:00,3.7,3.7,3.7,3.7,213.0,BTBT
2025-01-21 16:46:00,3.7,3.7,3.7,3.7,10.0,BTBT
2025-01-21 16:45:00,3.7,3.7,3.7,3.7,2155.0,BTBT
2025-01-21 16:43:00,3.68,3.68,3.68,3.68,406.0,BTBT
2025-01-21 16:42:00,3.6996,3.6996,3.6996,3.6996,8.0,BTBT
2025-01-21 16:40:00,3.7,3.7,3.6999,3.6999,750.0,BTBT
2025-01-21 16:38:00,3.7,3.7,3.7,3.7,445.0,BTBT
2025-01-21 16:36:00,3.68,3.68,3.68,3.68,100.0,BTBT
2025-01-21 16:34:00,3.6898,3.71,3.67,3.71,9655.0,BTBT
2025-01-21 16:33:00,3.69,3.69,3.69,3.69,951.0,BTBT
2025-01-21 16:31:00,3.69,3.69,3.69,3.69,4501.0,BTBT
2025-01-21 16:30:00,3.69,3.69,3.69,3.69,561.0,BTBT
2025-01-21 16:29:00,3.6901,3.6901,3.69,3.69,46.0,BTBT
2025-01-21 16:28:00,3.7,3.7,3.7,3.7,500.0,BTBT
2025-01-21 16:27:00,3.7,3.7,3.6999,3.6999,200.0,BTBT
2025-01-21 16:26:00,3.7,3.7,3.7,3.7,400.0,BTBT
2025-01-21 16:25:00,3.7,3.7,3.7,3.7,1000.0,BTBT
2025-01-21 16:24:00,3.6902,3.71,3.6902,3.71,525.0,BTBT
2025-01-21 16:22:00,3.7,3.7,3.7,3.7,1500.0,BTBT
2025-01-21 16:21:00,3.7,3.7,3.69,3.69,7950.0,BTBT
2025-01-21 16:19:00,3.7,3.7,3.7,3.7,6600.0,BTBT
2025-01-21 16:18:00,3.69,3.69,3.69,3.69,144.0,BTBT
2025-01-21 16:15:00,3.7,3.7,3.7,3.7,2700.0,BTBT
2025-01-21 16:14:00,3.69,3.69,3.69,3.69,2000.0,BTBT
2025-01-21 16:11:00,3.7,3.7,3.7,3.7,3.0,BTBT
2025-01-21 16:10:00,3.7,3.7,3.7,3.7,1610.0,BTBT
2025-01-21 16:09:00,3.7,3.7098,3.7,3.7098,77.0,BTBT
2025-01-21 16:08:00,3.7001,3.7001,3.7001,3.7001,5.0,BTBT
2025-01-21 16:07:00,3.7,3.71,3.7,3.71,770.0,BTBT
2025-01-21 16:06:00,3.7,3.71,3.7,3.71,501.0,BTBT
2025-01-21 16:05:00,3.7,3.7,3.7,3.7,2.0,BTBT
2025-01-21 16:04:00,3.71,3.71,3.7099,3.7099,5335.0,BTBT
2025-01-21 16:03:00,3.7,3.7,3.7,3.7,5.0,BTBT
2025-01-21 16:02:00,3.7,3.7,3.7,3.7,3365.0,BTBT
2025-01-21 16:01:00,3.7,3.7093,3.7,3.7,8183.0,BTBT
2025-01-21 16:00:00,3.705,3.71,3.7,3.7,1017715.0,BTBT
2025-01-21 15:59:00,3.705,3.71,3.7,3.705,66777.0,BTBT
2025-01-21 15:58:00,3.705,3.71,3.7,3.705,70325.0,BTBT
2025-01-21 15:57:00,3.7,3.71,3.7,3.705,7653.0,BTBT
2025-01-21 15:56:00,3.706,3.708,3.7,3.705,10670.0,BTBT
2025-01-21 15:55:00,3.71,3.71,3.7,3.71,28113.0,BTBT
2025-01-21 15:54:00,3.71,3.72,3.71,3.715,83695.0,BTBT
2025-01-21 15:53:00,3.705,3.72,3.7042,3.72,54179.0,BTBT
2025-01-21 15:52:00,3.705,3.71,3.7,3.7097,30389.0,BTBT
2025-01-21 15:51:00,3.715,3.72,3.7016,3.705,17994.0,BTBT
2025-01-21 15:50:00,3.715,3.72,3.71,3.72,34745.0,BTBT
2025-01-21 15:49:00,3.715,3.72,3.71,3.7198,20818.0,BTBT
2025-01-21 15:48:00,3.715,3.72,3.705,3.7189,85546.0,BTBT
2025-01-21 15:47:00,3.715,3.715,3.71,3.715,10596.0,BTBT
2025-01-21 15:46:00,3.715,3.72,3.715,3.715,11780.0,BTBT
2025-01-21 15:45:00,3.725,3.73,3.715,3.715,38402.0,BTBT
2025-01-21 15:44:00,3.7257,3.73,3.72,3.725,40312.0,BTBT
2025-01-21 15:43:00,3.725,3.73,3.72,3.73,21917.0,BTBT
2025-01-21 15:42:00,3.725,3.73,3.72,3.73,25424.0,BTBT
2025-01-21 15:41:00,3.735,3.74,3.72,3.73,33504.0,BTBT
2025-01-21 15:40:00,3.735,3.74,3.73,3.735,32595.0,BTBT
2025-01-21 15:39:00,3.74,3.74,3.73,3.735,26809.0,BTBT
2025-01-21 15:38:00,3.73,3.74,3.72,3.7312,107327.0,BTBT
2025-01-21 15:37:00,3.72,3.7332,3.72,3.725,86633.0,BTBT
2025-01-21 15:36:00,3.7201,3.7299,3.72,3.72,33194.0,BTBT
2025-01-21 15:35:00,3.7406,3.7406,3.71,3.72,86098.0,BTBT
2025-01-21 15:34:00,3.735,3.745,3.725,3.7401,173169.0,BTBT
2025-01-21 15:33:00,3.7501,3.751,3.735,3.735,36366.0,BTBT
2025-01-21 15:32:00,3.7618,3.765,3.75,3.7508,44338.0,BTBT
2025-01-21 15:31:00,3.7683,3.77,3.7623,3.77,18760.0,BTBT
2025-01-21 15:30:00,3.7637,3.77,3.76,3.7665,40321.0,BTBT
2025-01-21 15:29:00,3.77,3.77,3.76,3.7665,3266.0,BTBT
2025-01-21 15:28:00,3.7603,3.77,3.75,3.7699,111253.0,BTBT
2025-01-21 15:27:00,3.765,3.765,3.76,3.76,4608.0,BTBT
2025-01-21 15:26:00,3.745,3.7683,3.745,3.765,26314.0,BTBT
2025-01-21 15:25:00,3.745,3.75,3.74,3.7499,23633.0,BTBT
2025-01-21 15:24:00,3.7414,3.75,3.7414,3.7491,18451.0,BTBT
2025-01-21 15:23:00,3.735,3.75,3.735,3.745,23330.0,BTBT
2025-01-21 15:22:00,3.7392,3.74,3.73,3.735,29902.0,BTBT
2025-01-21 15:21:00,3.74,3.74,3.7301,3.7301,22014.0,BTBT
2025-01-21 15:20:00,3.7405,3.7474,3.7405,3.7474,2978.0,BTBT
2025-01-21 15:19:00,3.7425,3.75,3.7408,3.7449,25295.0,BTBT
2025-01-21 15:18:00,3.7496,3.7496,3.7427,3.7427,12819.0,BTBT
2025-01-21 15:17:00,3.75,3.76,3.745,3.7498,48763.0,BTBT
2025-01-21 15:16:00,3.7414,3.745,3.7414,3.745,1322.0,BTBT
2025-01-21 15:15:00,3.745,3.75,3.7401,3.745,20153.0,BTBT
2025-01-21 15:14:00,3.75,3.75,3.74,3.74,1473.0,BTBT
2025-01-21 15:13:00,3.7426,3.75,3.7426,3.745,18909.0,BTBT
2025-01-21 15:12:00,3.7493,3.7499,3.745,3.745,3319.0,BTBT
2025-01-21 15:11:00,3.75,3.75,3.74,3.745,34135.0,BTBT
2025-01-21 15:10:00,3.755,3.755,3.7501,3.7501,13045.0,BTBT
2025-01-21 15:09:00,3.755,3.76,3.75,3.755,15870.0,BTBT
2025-01-21 15:08:00,3.755,3.7599,3.7515,3.755,17807.0,BTBT
2025-01-21 15:07:00,3.7501,3.76,3.75,3.75,31083.0,BTBT
2025-01-21 15:06:00,3.7495,3.76,3.7491,3.76,61592.0,BTBT
2025-01-21 15:05:00,3.745,3.75,3.74,3.75,7925.0,BTBT
2025-01-21 15:04:00,3.75,3.75,3.7484,3.7484,1621.0,BTBT
2025-01-21 15:03:00,3.745,3.75,3.7401,3.7469,10158.0,BTBT
2025-01-21 15:02:00,3.74,3.75,3.74,3.745,26041.0,BTBT
2025-01-21 15:01:00,3.7402,3.745,3.74,3.74,31540.0,BTBT
2025-01-21 15:00:00,3.745,3.75,3.7402,3.7457,11951.0,BTBT
2025-01-21 14:59:00,3.755,3.76,3.7401,3.75,34058.0,BTBT
2025-01-21 14:58:00,3.755,3.76,3.7514,3.755,7536.0,BTBT
2025-01-21 14:57:00,3.7587,3.7587,3.7509,3.7555,16914.0,BTBT
2025-01-21 14:56:00,3.765,3.765,3.759,3.759,35337.0,BTBT
2025-01-21 14:55:00,3.755,3.77,3.755,3.7613,23953.0,BTBT
2025-01-21 14:54:00,3.7501,3.7599,3.7501,3.755,12457.0,BTBT
2025-01-21 14:53:00,3.76,3.76,3.7507,3.755,13812.0,BTBT
2025-01-21 14:52:00,3.75,3.76,3.75,3.76,12504.0,BTBT
2025-01-21 14:51:00,3.765,3.765,3.7443,3.7443,66975.0,BTBT
2025-01-21 14:50:00,3.765,3.77,3.7635,3.765,8295.0,BTBT
2025-01-21 14:49:00,3.7782,3.7782,3.765,3.765,27299.0,BTBT
2025-01-21 14:48:00,3.765,3.775,3.765,3.7748,39302.0,BTBT
2025-01-21 14:47:00,3.755,3.77,3.755,3.77,8476.0,BTBT
2025-01-21 14:46:00,3.765,3.765,3.754,3.755,27243.0,BTBT
2025-01-21 14:45:00,3.77,3.77,3.76,3.7623,5799.0,BTBT
2025-01-21 14:44:00,3.77,3.77,3.7688,3.7688,7232.0,BTBT
2025-01-21 14:43:00,3.76,3.77,3.76,3.77,2146.0,BTBT
2025-01-21 14:42:00,3.765,3.7692,3.755,3.7692,11064.0,BTBT
2025-01-21 14:41:00,3.77,3.77,3.76,3.765,12390.0,BTBT
2025-01-21 14:40:00,3.7672,3.77,3.76,3.77,1652.0,BTBT
2025-01-21 14:39:00,3.7642,3.77,3.7642,3.765,3503.0,BTBT
2025-01-21 14:38:00,3.7597,3.77,3.755,3.76,40669.0,BTBT
2025-01-21 14:37:00,3.755,3.76,3.75,3.76,29105.0,BTBT
2025-01-21 14:36:00,3.755,3.758,3.7501,3.755,5344.0,BTBT
2025-01-21 14:35:00,3.76,3.7676,3.7528,3.755,24761.0,BTBT
2025-01-21 14:34:00,3.75,3.76,3.75,3.7598,7455.0,BTBT
2025-01-21 14:33:00,3.7543,3.76,3.75,3.75,5056.0,BTBT
2025-01-21 14:32:00,3.755,3.7582,3.7515,3.7515,7811.0,BTBT
2025-01-21 14:31:00,3.7501,3.76,3.7501,3.76,11363.0,BTBT
2025-01-21 14:30:00,3.755,3.76,3.75,3.755,5929.0,BTBT
2025-01-21 14:29:00,3.769,3.77,3.76,3.76,21703.0,BTBT
2025-01-21 14:28:00,3.7787,3.78,3.76,3.76,11208.0,BTBT
2025-01-21 14:27:00,3.7625,3.78,3.7625,3.78,97555.0,BTBT
2025-01-21 14:26:00,3.76,3.77,3.755,3.77,16954.0,BTBT
2025-01-21 14:25:00,3.755,3.76,3.7529,3.755,33885.0,BTBT
2025-01-21 14:24:00,3.75,3.76,3.745,3.76,80437.0,BTBT
2025-01-21 14:23:00,3.745,3.75,3.745,3.75,13504.0,BTBT
2025-01-21 14:22:00,3.735,3.745,3.735,3.745,21778.0,BTBT
2025-01-21 14:21:00,3.7204,3.74,3.72,3.735,18790.0,BTBT
2025-01-21 14:20:00,3.715,3.7297,3.715,3.725,7469.0,BTBT
2025-01-21 14:19:00,3.7099,3.715,3.705,3.715,13787.0,BTBT
2025-01-21 14:18:00,3.705,3.705,3.7,3.7003,3741.0,BTBT
2025-01-21 14:17:00,3.7,3.71,3.695,3.705,44962.0,BTBT
2025-01-21 14:16:00,3.695,3.6999,3.69,3.6901,16576.0,BTBT
2025-01-21 14:15:00,3.7112,3.7172,3.695,3.695,46410.0,BTBT
2025-01-21 14:14:00,3.715,3.72,3.71,3.71,11454.0,BTBT
2025-01-21 14:13:00,3.72,3.73,3.7101,3.7108,84897.0,BTBT
2025-01-21 14:12:00,3.7377,3.7377,3.7232,3.7232,20332.0,BTBT
2025-01-21 14:11:00,3.7364,3.7385,3.731,3.735,2960.0,BTBT
2025-01-21 14:10:00,3.76,3.76,3.73,3.74,75006.0,BTBT
2025-01-21 14:09:00,3.755,3.76,3.75,3.76,23495.0,BTBT
2025-01-21 14:08:00,3.7597,3.76,3.75,3.755,40040.0,BTBT
2025-01-21 14:07:00,3.745,3.76,3.745,3.76,29070.0,BTBT
2025-01-21 14:06:00,3.7485,3.75,3.7401,3.75,9978.0,BTBT
2025-01-21 14:05:00,3.75,3.75,3.7423,3.75,12668.0,BTBT
2025-01-21 14:04:00,3.74,3.75,3.7399,3.74,25918.0,BTBT
2025-01-21 14:03:00,3.7301,3.74,3.7301,3.74,24599.0,BTBT
2025-01-21 14:02:00,3.74,3.74,3.735,3.735,876.0,BTBT
2025-01-21 14:01:00,3.745,3.75,3.735,3.7397,35677.0,BTBT
2025-01-21 14:00:00,3.7485,3.75,3.7401,3.7411,12634.0,BTBT
2025-01-21 13:59:00,3.75,3.75,3.745,3.75,18188.0,BTBT
2025-01-21 13:58:00,3.7641,3.765,3.75,3.755,26311.0,BTBT
2025-01-21 13:57:00,3.76,3.77,3.76,3.77,15686.0,BTBT
2025-01-21 13:56:00,3.7592,3.76,3.7501,3.76,9939.0,BTBT
2025-01-21 13:55:00,3.75,3.76,3.75,3.76,21442.0,BTBT
2025-01-21 13:54:00,3.7443,3.755,3.7443,3.7535,32662.0,BTBT
2025-01-21 13:53:00,3.74,3.75,3.7367,3.7443,35509.0,BTBT
2025-01-21 13:52:00,3.74,3.745,3.7343,3.7369,45491.0,BTBT
2025-01-21 13:51:00,3.735,3.74,3.735,3.735,2335.0,BTBT
2025-01-21 13:50:00,3.725,3.74,3.725,3.735,27955.0,BTBT
2025-01-21 13:49:00,3.725,3.7264,3.72,3.7264,6935.0,BTBT
2025-01-21 13:48:00,3.7284,3.73,3.72,3.7288,21308.0,BTBT
2025-01-21 13:47:00,3.73,3.7305,3.7217,3.7217,7923.0,BTBT
2025-01-21 13:46:00,3.7199,3.7393,3.715,3.73,36889.0,BTBT
2025-01-21 13:45:00,3.725,3.725,3.715,3.7199,19006.0,BTBT
2025-01-21 13:44:00,3.735,3.7386,3.7227,3.73,20216.0,BTBT
2025-01-21 13:43:00,3.73,3.735,3.73,3.735,6062.0,BTBT
2025-01-21 13:42:00,3.7399,3.7399,3.7301,3.7327,14226.0,BTBT
2025-01-21 13:41:00,3.7401,3.75,3.735,3.7357,44322.0,BTBT
2025-01-21 13:40:00,3.76,3.76,3.75,3.75,23044.0,BTBT
2025-01-21 13:39:00,3.7696,3.7696,3.755,3.755,12866.0,BTBT
2025-01-21 13:38:00,3.765,3.77,3.76,3.7699,34078.0,BTBT
2025-01-21 13:37:00,3.765,3.77,3.765,3.765,40025.0,BTBT
2025-01-21 13:36:00,3.7501,3.769,3.7501,3.765,44747.0,BTBT
2025-01-21 13:35:00,3.7457,3.755,3.745,3.75,16383.0,BTBT
2025-01-21 13:34:00,3.7404,3.755,3.7401,3.745,51133.0,BTBT
2025-01-21 13:33:00,3.73,3.7499,3.7201,3.7402,46640.0,BTBT
2025-01-21 13:32:00,3.725,3.74,3.72,3.7301,94715.0,BTBT
2025-01-21 13:31:00,3.7328,3.7395,3.72,3.725,77072.0,BTBT
2025-01-21 13:30:00,3.75,3.75,3.73,3.73,41870.0,BTBT
2025-01-21 13:29:00,3.74,3.745,3.74,3.745,504.0,BTBT
2025-01-21 13:28:00,3.745,3.75,3.735,3.7473,61270.0,BTBT
2025-01-21 13:27:00,3.735,3.75,3.735,3.7413,29575.0,BTBT
2025-01-21 13:26:00,3.73,3.745,3.73,3.735,47351.0,BTBT
2025-01-21 13:25:00,3.738,3.74,3.73,3.735,13817.0,BTBT
2025-01-21 13:24:00,3.7299,3.7383,3.725,3.735,21674.0,BTBT
2025-01-21 13:23:00,3.725,3.73,3.725,3.73,11868.0,BTBT
2025-01-21 13:22:00,3.735,3.735,3.7201,3.7201,26749.0,BTBT
2025-01-21 13:21:00,3.7275,3.74,3.7275,3.735,20652.0,BTBT
2025-01-21 13:20:00,3.725,3.73,3.72,3.725,26487.0,BTBT
2025-01-21 13:19:00,3.725,3.73,3.721,3.725,6545.0,BTBT
2025-01-21 13:18:00,3.7299,3.73,3.725,3.725,4662.0,BTBT
2025-01-21 13:17:00,3.73,3.73,3.7206,3.7208,21110.0,BTBT
2025-01-21 13:16:00,3.735,3.7387,3.73,3.7316,18291.0,BTBT
2025-01-21 13:15:00,3.73,3.74,3.73,3.7399,25263.0,BTBT
2025-01-21 13:14:00,3.7399,3.745,3.73,3.73,109496.0,BTBT
2025-01-21 13:13:00,3.73,3.74,3.73,3.7399,24018.0,BTBT
2025-01-21 13:12:00,3.7376,3.7399,3.72,3.725,73020.0,BTBT
2025-01-21 13:11:00,3.735,3.745,3.7301,3.735,58885.0,BTBT
2025-01-21 13:10:00,3.72,3.74,3.72,3.735,62120.0,BTBT
2025-01-21 13:09:00,3.72,3.7291,3.715,3.725,38474.0,BTBT
2025-01-21 13:08:00,3.71,3.72,3.7018,3.72,46769.0,BTBT
2025-01-21 13:07:00,3.72,3.73,3.71,3.7105,146762.0,BTBT
2025-01-21 13:06:00,3.71,3.7199,3.705,3.7113,86822.0,BTBT
2025-01-21 13:05:00,3.705,3.71,3.69,3.7097,152033.0,BTBT
2025-01-21 13:04:00,3.705,3.71,3.7015,3.705,22297.0,BTBT
2025-01-21 13:03:00,3.715,3.715,3.7,3.706,16360.0,BTBT
2025-01-21 13:02:00,3.7294,3.74,3.71,3.715,119216.0,BTBT
2025-01-21 13:01:00,3.735,3.74,3.725,3.725,159501.0,BTBT
2025-01-21 13:00:00,3.735,3.735,3.725,3.735,46502.0,BTBT
2025-01-21 12:59:00,3.715,3.73,3.71,3.728,46000.0,BTBT
2025-01-21 12:58:00,3.72,3.72,3.7135,3.715,4993.0,BTBT
2025-01-21 12:57:00,3.715,3.7299,3.715,3.7197,57776.0,BTBT
2025-01-21 12:56:00,3.708,3.72,3.705,3.715,117886.0,BTBT
2025-01-21 12:55:00,3.7156,3.7156,3.705,3.71,131694.0,BTBT
2025-01-21 12:54:00,3.715,3.7199,3.71,3.7193,89554.0,BTBT
2025-01-21 12:53:00,3.705,3.7199,3.705,3.7105,199438.0,BTBT
2025-01-21 12:52:00,3.71,3.72,3.705,3.71,131488.0,BTBT
2025-01-21 12:51:00,3.71,3.715,3.6997,3.7099,92394.0,BTBT
2025-01-21 12:50:00,3.705,3.71,3.7,3.71,85577.0,BTBT
2025-01-21 12:49:00,3.7,3.705,3.69,3.705,163258.0,BTBT
2025-01-21 12:48:00,3.7004,3.71,3.695,3.6967,100091.0,BTBT
2025-01-21 12:47:00,3.71,3.71,3.695,3.7003,97574.0,BTBT
2025-01-21 12:46:00,3.6987,3.71,3.695,3.7,91218.0,BTBT
2025-01-21 12:45:00,3.695,3.705,3.6901,3.6999,69570.0,BTBT
2025-01-21 12:44:00,3.6991,3.7,3.685,3.6963,161438.0,BTBT
2025-01-21 12:43:00,3.6981,3.6995,3.6702,3.695,120711.0,BTBT
2025-01-21 12:42:00,3.69,3.6997,3.69,3.6991,4637.0,BTBT
2025-01-21 12:41:00,3.695,3.7,3.695,3.7,4133.0,BTBT
2025-01-21 12:40:00,3.7,3.705,3.6901,3.695,71378.0,BTBT
2025-01-21 12:39:00,3.6999,3.6999,3.69,3.6999,5704.0,BTBT
2025-01-21 12:38:00,3.675,3.695,3.675,3.6925,17150.0,BTBT
2025-01-21 12:37:00,3.68,3.68,3.675,3.675,23609.0,BTBT
2025-01-21 12:36:00,3.6703,3.685,3.67,3.68,33764.0,BTBT
2025-01-21 12:35:00,3.6799,3.68,3.671,3.671,20997.0,BTBT
2025-01-21 12:34:00,3.67,3.6785,3.67,3.675,26796.0,BTBT
2025-01-21 12:33:00,3.675,3.685,3.67,3.675,36436.0,BTBT
2025-01-21 12:32:00,3.6787,3.6799,3.67,3.6757,12749.0,BTBT
2025-01-21 12:31:00,3.688,3.6899,3.675,3.68,60381.0,BTBT
2025-01-21 12:30:00,3.69,3.69,3.675,3.68,63094.0,BTBT
2025-01-21 12:29:00,3.695,3.7,3.68,3.69,65775.0,BTBT
2025-01-21 12:28:00,3.705,3.705,3.69,3.695,4096.0,BTBT
2025-01-21 12:27:00,3.7,3.71,3.695,3.7057,107452.0,BTBT
2025-01-21 12:26:00,3.7,3.71,3.69,3.7001,154282.0,BTBT
2025-01-21 12:25:00,3.7,3.7096,3.6901,3.6999,71292.0,BTBT
2025-01-21 12:24:00,3.705,3.71,3.7,3.705,24411.0,BTBT
2025-01-21 12:23:00,3.71,3.71,3.69,3.705,94748.0,BTBT
2025-01-21 12:22:00,3.7,3.72,3.7,3.71,115397.0,BTBT
2025-01-21 12:21:00,3.695,3.71,3.6943,3.7043,109361.0,BTBT
2025-01-21 12:20:00,3.695,3.7,3.69,3.695,3581.0,BTBT
2025-01-21 12:19:00,3.695,3.7,3.691,3.6914,20904.0,BTBT
2025-01-21 12:18:00,3.695,3.7,3.6906,3.6915,42063.0,BTBT
2025-01-21 12:17:00,3.685,3.7,3.685,3.6909,20019.0,BTBT
2025-01-21 12:16:00,3.685,3.6899,3.675,3.6899,18907.0,BTBT
2025-01-21 12:15:00,3.69,3.69,3.6801,3.685,13305.0,BTBT
2025-01-21 12:14:00,3.69,3.69,3.68,3.6881,5396.0,BTBT
2025-01-21 12:13:00,3.665,3.69,3.66,3.685,82904.0,BTBT
2025-01-21 12:12:00,3.665,3.6681,3.66,3.664,6217.0,BTBT
2025-01-21 12:11:00,3.67,3.67,3.6601,3.665,17540.0,BTBT
2025-01-21 12:10:00,3.661,3.67,3.66,3.665,17724.0,BTBT
2025-01-21 12:09:00,3.67,3.67,3.6601,3.6612,19911.0,BTBT
2025-01-21 12:08:00,3.645,3.67,3.645,3.67,62436.0,BTBT
2025-01-21 12:07:00,3.63,3.65,3.63,3.645,42650.0,BTBT
2025-01-21 12:06:00,3.625,3.64,3.625,3.635,12716.0,BTBT
2025-01-21 12:05:00,3.6257,3.63,3.6201,3.625,18019.0,BTBT
2025-01-21 12:04:00,3.62,3.64,3.615,3.6295,55299.0,BTBT
2025-01-21 12:03:00,3.62,3.63,3.615,3.6156,72752.0,BTBT
2025-01-21 12:02:00,3.6201,3.625,3.611,3.6195,66569.0,BTBT
2025-01-21 12:01:00,3.6199,3.63,3.6199,3.625,35043.0,BTBT
2025-01-21 12:00:00,3.6108,3.62,3.61,3.6198,44570.0,BTBT
2025-01-21 11:59:00,3.62,3.63,3.615,3.6199,39464.0,BTBT
2025-01-21 11:58:00,3.6197,3.63,3.615,3.625,76835.0,BTBT
2025-01-21 11:57:00,3.6121,3.62,3.605,3.61,49769.0,BTBT
2025-01-21 11:56:00,3.625,3.6299,3.615,3.6197,62543.0,BTBT
2025-01-21 11:55:00,3.625,3.635,3.625,3.63,24295.0,BTBT
2025-01-21 11:54:00,3.639,3.6399,3.625,3.625,52557.0,BTBT
2025-01-21 11:53:00,3.66,3.66,3.62,3.6308,129252.0,BTBT
2025-01-21 11:52:00,3.65,3.66,3.645,3.655,30899.0,BTBT
2025-01-21 11:51:00,3.645,3.65,3.64,3.64,4310.0,BTBT
2025-01-21 11:50:00,3.645,3.65,3.64,3.645,17248.0,BTBT
2025-01-21 11:49:00,3.635,3.645,3.635,3.645,5262.0,BTBT
2025-01-21 11:48:00,3.625,3.64,3.615,3.6305,98745.0,BTBT
2025-01-21 11:47:00,3.615,3.6213,3.61,3.6213,37331.0,BTBT
2025-01-21 11:46:00,3.61,3.62,3.6011,3.61,68046.0,BTBT
2025-01-21 11:45:00,3.605,3.61,3.6027,3.605,22562.0,BTBT
2025-01-21 11:44:00,3.595,3.6199,3.595,3.6083,120334.0,BTBT
2025-01-21 11:43:00,3.6,3.605,3.59,3.59,60623.0,BTBT
2025-01-21 11:42:00,3.5895,3.5992,3.5801,3.5989,52243.0,BTBT
2025-01-21 11:41:00,3.5982,3.6,3.58,3.5895,94369.0,BTBT
2025-01-21 11:40:00,3.58,3.6,3.58,3.595,92577.0,BTBT
2025-01-21 11:39:00,3.589,3.59,3.58,3.58,5116.0,BTBT
2025-01-21 11:38:00,3.5801,3.596,3.58,3.59,58896.0,BTBT
2025-01-21 11:37:00,3.595,3.6,3.58,3.585,77750.0,BTBT
2025-01-21 11:36:00,3.6284,3.6284,3.595,3.5981,122995.0,BTBT
2025-01-21 11:35:00,3.615,3.63,3.61,3.63,71844.0,BTBT
2025-01-21 11:34:00,3.62,3.63,3.6101,3.6143,49033.0,BTBT
2025-01-21 11:33:00,3.635,3.635,3.62,3.6279,27038.0,BTBT
2025-01-21 11:32:00,3.64,3.64,3.6349,3.635,22082.0,BTBT
2025-01-21 11:31:00,3.615,3.64,3.615,3.6301,60837.0,BTBT
2025-01-21 11:30:00,3.615,3.6187,3.61,3.615,9070.0,BTBT
2025-01-21 11:29:00,3.63,3.63,3.61,3.62,102865.0,BTBT
2025-01-21 11:28:00,3.6299,3.63,3.615,3.6299,177487.0,BTBT
2025-01-21 11:27:00,3.635,3.6393,3.62,3.6286,159968.0,BTBT
2025-01-21 11:26:00,3.645,3.6487,3.63,3.635,72161.0,BTBT
2025-01-21 11:25:00,3.65,3.66,3.635,3.645,141110.0,BTBT
2025-01-21 11:24:00,3.66,3.66,3.65,3.66,20575.0,BTBT
2025-01-21 11:23:00,3.6597,3.67,3.655,3.67,59097.0,BTBT
2025-01-21 11:22:00,3.68,3.69,3.6501,3.6581,75158.0,BTBT
2025-01-21 11:21:00,3.685,3.69,3.67,3.685,71276.0,BTBT
2025-01-21 11:20:00,3.67,3.69,3.67,3.685,49381.0,BTBT
2025-01-21 11:19:00,3.66,3.68,3.66,3.675,76229.0,BTBT
2025-01-21 11:18:00,3.66,3.67,3.65,3.65,13468.0,BTBT
2025-01-21 11:17:00,3.655,3.6697,3.65,3.6697,33107.0,BTBT
2025-01-21 11:16:00,3.68,3.68,3.65,3.6504,152404.0,BTBT
2025-01-21 11:15:00,3.67,3.7,3.67,3.675,107694.0,BTBT
2025-01-21 11:14:00,3.655,3.6791,3.655,3.6791,62746.0,BTBT
2025-01-21 11:13:00,3.66,3.68,3.66,3.665,164463.0,BTBT
2025-01-21 11:12:00,3.675,3.68,3.665,3.6681,41161.0,BTBT
2025-01-21 11:11:00,3.665,3.68,3.665,3.675,90770.0,BTBT
2025-01-21 11:10:00,3.6416,3.6657,3.64,3.6657,170973.0,BTBT
2025-01-21 11:09:00,3.64,3.66,3.64,3.65,72581.0,BTBT
2025-01-21 11:08:00,3.61,3.64,3.61,3.6313,44723.0,BTBT
2025-01-21 11:07:00,3.6099,3.61,3.6,3.605,74808.0,BTBT
2025-01-21 11:06:00,3.6,3.61,3.595,3.6096,100265.0,BTBT
2025-01-21 11:05:00,3.565,3.6,3.565,3.5999,83172.0,BTBT
2025-01-21 11:04:00,3.565,3.565,3.5601,3.565,13089.0,BTBT
2025-01-21 11:03:00,3.57,3.57,3.56,3.5686,121949.0,BTBT
2025-01-21 11:02:00,3.5601,3.58,3.555,3.575,86210.0,BTBT
2025-01-21 11:01:00,3.5757,3.58,3.5616,3.57,102634.0,BTBT
2025-01-21 11:00:00,3.605,3.61,3.575,3.5757,174454.0,BTBT
2025-01-21 10:59:00,3.605,3.62,3.5957,3.61,113639.0,BTBT
2025-01-21 10:58:00,3.6041,3.61,3.6001,3.61,35570.0,BTBT
2025-01-21 10:57:00,3.575,3.6,3.575,3.6,101349.0,BTBT
2025-01-21 10:56:00,3.5594,3.5799,3.55,3.575,91826.0,BTBT
2025-01-21 10:55:00,3.57,3.57,3.55,3.555,30413.0,BTBT
2025-01-21 10:54:00,3.56,3.57,3.555,3.5699,88089.0,BTBT
2025-01-21 10:53:00,3.565,3.565,3.56,3.56,5238.0,BTBT
2025-01-21 10:52:00,3.57,3.58,3.565,3.5691,101611.0,BTBT
2025-01-21 10:51:00,3.566,3.59,3.56,3.575,74999.0,BTBT
2025-01-21 10:50:00,3.585,3.6,3.565,3.5699,106105.0,BTBT
2025-01-21 10:49:00,3.6001,3.6001,3.585,3.5897,107933.0,BTBT
2025-01-21 10:48:00,3.585,3.61,3.585,3.61,46726.0,BTBT
2025-01-21 10:47:00,3.5701,3.59,3.56,3.59,109371.0,BTBT
2025-01-21 10:46:00,3.5743,3.58,3.5649,3.58,173912.0,BTBT
2025-01-21 10:45:00,3.575,3.58,3.5678,3.5695,32004.0,BTBT
2025-01-21 10:44:00,3.585,3.6,3.5799,3.5799,149094.0,BTBT
2025-01-21 10:43:00,3.59,3.59,3.5801,3.5853,51393.0,BTBT
2025-01-21 10:42:00,3.5999,3.6,3.585,3.6,130860.0,BTBT
2025-01-21 10:41:00,3.58,3.5999,3.5799,3.5999,98450.0,BTBT
2025-01-21 10:40:00,3.58,3.58,3.575,3.575,27141.0,BTBT
2025-01-21 10:39:00,3.575,3.59,3.575,3.5839,153654.0,BTBT
2025-01-21 10:38:00,3.59,3.59,3.575,3.5787,19176.0,BTBT
2025-01-21 10:37:00,3.5798,3.59,3.575,3.59,50132.0,BTBT
2025-01-21 10:36:00,3.58,3.58,3.565,3.58,14015.0,BTBT
2025-01-21 10:35:00,3.565,3.59,3.565,3.58,67393.0,BTBT
2025-01-21 10:34:00,3.58,3.585,3.565,3.5657,52359.0,BTBT
2025-01-21 10:33:00,3.565,3.58,3.56,3.5795,40714.0,BTBT
2025-01-21 10:32:00,3.575,3.58,3.56,3.565,50458.0,BTBT
2025-01-21 10:31:00,3.585,3.59,3.5743,3.575,78251.0,BTBT
2025-01-21 10:30:00,3.58,3.59,3.56,3.5892,61017.0,BTBT
2025-01-21 10:29:00,3.58,3.58,3.575,3.575,4606.0,BTBT
2025-01-21 10:28:00,3.585,3.6,3.575,3.575,35566.0,BTBT
2025-01-21 10:27:00,3.5695,3.59,3.5695,3.59,49846.0,BTBT
2025-01-21 10:26:00,3.5691,3.575,3.5614,3.5699,17846.0,BTBT
2025-01-21 10:25:00,3.57,3.57,3.56,3.57,38767.0,BTBT
2025-01-21 10:24:00,3.555,3.57,3.555,3.56,10522.0,BTBT
2025-01-21 10:23:00,3.5611,3.575,3.555,3.555,15533.0,BTBT
2025-01-21 10:22:00,3.55,3.57,3.545,3.565,23100.0,BTBT
2025-01-21 10:21:00,3.565,3.5699,3.54,3.5501,39516.0,BTBT
2025-01-21 10:20:00,3.555,3.57,3.555,3.57,11616.0,BTBT
2025-01-21 10:19:00,3.555,3.56,3.55,3.56,9650.0,BTBT
2025-01-21 10:18:00,3.555,3.56,3.55,3.55,2069.0,BTBT
2025-01-21 10:17:00,3.565,3.585,3.552,3.555,50699.0,BTBT
2025-01-21 10:16:00,3.54,3.565,3.54,3.565,42963.0,BTBT
2025-01-21 10:15:00,3.53,3.54,3.53,3.53,22383.0,BTBT
2025-01-21 10:14:00,3.525,3.5399,3.52,3.525,161836.0,BTBT
2025-01-21 10:13:00,3.52,3.53,3.515,3.529,119169.0,BTBT
2025-01-21 10:12:00,3.535,3.54,3.52,3.52,109729.0,BTBT
2025-01-21 10:11:00,3.56,3.56,3.54,3.54,102274.0,BTBT
2025-01-21 10:10:00,3.5787,3.59,3.56,3.5696,40636.0,BTBT
2025-01-21 10:09:00,3.6,3.6,3.575,3.575,76564.0,BTBT
2025-01-21 10:08:00,3.57,3.6,3.57,3.6,32046.0,BTBT
2025-01-21 10:07:00,3.565,3.57,3.56,3.57,1685.0,BTBT
2025-01-21 10:06:00,3.575,3.5898,3.5614,3.5614,15523.0,BTBT
2025-01-21 10:05:00,3.56,3.5783,3.5501,3.575,56767.0,BTBT
2025-01-21 10:04:00,3.57,3.57,3.55,3.56,148737.0,BTBT
2025-01-21 10:03:00,3.5714,3.59,3.5697,3.575,27575.0,BTBT
2025-01-21 10:02:00,3.585,3.585,3.56,3.5738,112107.0,BTBT
2025-01-21 10:01:00,3.6,3.61,3.5888,3.59,22978.0,BTBT
2025-01-21 10:00:00,3.6075,3.6099,3.58,3.6013,39982.0,BTBT
2025-01-21 09:59:00,3.605,3.61,3.5935,3.605,14886.0,BTBT
2025-01-21 09:58:00,3.6,3.6091,3.59,3.6091,50408.0,BTBT
2025-01-21 09:57:00,3.595,3.61,3.595,3.6,27152.0,BTBT
2025-01-21 09:56:00,3.635,3.635,3.595,3.5961,15151.0,BTBT
2025-01-21 09:55:00,3.6,3.64,3.6,3.635,26547.0,BTBT
2025-01-21 09:54:00,3.6,3.6,3.585,3.5996,29679.0,BTBT
2025-01-21 09:53:00,3.62,3.64,3.6,3.61,27584.0,BTBT
2025-01-21 09:52:00,3.5957,3.62,3.5957,3.6193,17990.0,BTBT
2025-01-21 09:51:00,3.61,3.61,3.6,3.6,21781.0,BTBT
2025-01-21 09:50:00,3.628,3.63,3.61,3.61,24899.0,BTBT
2025-01-21 09:49:00,3.6495,3.65,3.62,3.62,42085.0,BTBT
2025-01-21 09:48:00,3.61,3.645,3.61,3.64,72814.0,BTBT
2025-01-21 09:47:00,3.5713,3.62,3.57,3.61,55106.0,BTBT
2025-01-21 09:46:00,3.565,3.585,3.565,3.575,28393.0,BTBT
2025-01-21 09:45:00,3.57,3.59,3.56,3.5615,41895.0,BTBT
2025-01-21 09:44:00,3.585,3.585,3.56,3.5693,19611.0,BTBT
2025-01-21 09:43:00,3.5999,3.5999,3.57,3.5888,64723.0,BTBT
2025-01-21 09:42:00,3.585,3.6,3.58,3.595,53449.0,BTBT
2025-01-21 09:41:00,3.58,3.59,3.5612,3.5899,63288.0,BTBT
2025-01-21 09:40:00,3.5857,3.5903,3.555,3.565,126226.0,BTBT
2025-01-21 09:39:00,3.61,3.6196,3.58,3.585,48899.0,BTBT
2025-01-21 09:38:00,3.58,3.63,3.58,3.605,96019.0,BTBT
2025-01-21 09:37:00,3.581,3.6,3.57,3.57,68202.0,BTBT
2025-01-21 09:36:00,3.61,3.615,3.58,3.59,83849.0,BTBT
2025-01-21 09:35:00,3.655,3.655,3.6,3.61,171862.0,BTBT
2025-01-21 09:34:00,3.69,3.695,3.6592,3.6592,79475.0,BTBT
2025-01-21 09:33:00,3.695,3.735,3.69,3.7001,58824.0,BTBT
2025-01-21 09:32:00,3.72,3.7288,3.695,3.7004,103105.0,BTBT
2025-01-21 09:31:00,3.73,3.765,3.71,3.73,77174.0,BTBT
2025-01-21 09:30:00,3.71,3.75,3.7,3.73,255978.0,BTBT
2025-01-21 09:29:00,3.71,3.72,3.71,3.71,1889.0,BTBT
2025-01-21 09:28:00,3.68,3.69,3.68,3.69,8586.0,BTBT
2025-01-21 09:27:00,3.69,3.69,3.68,3.68,1355.0,BTBT
2025-01-21 09:26:00,3.69,3.69,3.69,3.69,1038.0,BTBT
2025-01-21 09:25:00,3.68,3.69,3.6701,3.68,2507.0,BTBT
2025-01-21 09:24:00,3.66,3.66,3.66,3.66,250.0,BTBT
2025-01-21 09:23:00,3.66,3.67,3.66,3.67,230.0,BTBT
2025-01-21 09:22:00,3.66,3.66,3.65,3.66,330.0,BTBT
2025-01-21 09:21:00,3.65,3.66,3.65,3.66,629.0,BTBT
2025-01-21 09:20:00,3.66,3.66,3.65,3.6599,613.0,BTBT
2025-01-21 09:19:00,3.6505,3.67,3.6505,3.66,76.0,BTBT
2025-01-21 09:18:00,3.66,3.67,3.6501,3.67,1617.0,BTBT
2025-01-21 09:17:00,3.68,3.68,3.65,3.6505,14861.0,BTBT
2025-01-21 09:16:00,3.69,3.6905,3.69,3.69,2000.0,BTBT
2025-01-21 09:15:00,3.68,3.68,3.67,3.68,1452.0,BTBT
2025-01-21 09:14:00,3.66,3.6703,3.64,3.67,2555.0,BTBT
2025-01-21 09:13:00,3.66,3.66,3.66,3.66,11.0,BTBT
2025-01-21 09:12:00,3.66,3.66,3.6499,3.65,13292.0,BTBT
2025-01-21 09:11:00,3.66,3.67,3.66,3.66,1349.0,BTBT
2025-01-21 09:10:00,3.67,3.67,3.66,3.67,10081.0,BTBT
2025-01-21 09:09:00,3.6897,3.6897,3.67,3.67,4095.0,BTBT
2025-01-21 09:08:00,3.69,3.69,3.69,3.69,3145.0,BTBT
2025-01-21 09:07:00,3.7,3.7,3.69,3.69,2.0,BTBT
2025-01-21 09:06:00,3.69,3.7,3.69,3.7,1201.0,BTBT
2025-01-21 09:05:00,3.68,3.68,3.68,3.68,95.0,BTBT
2025-01-21 09:04:00,3.7,3.7,3.68,3.68,3969.0,BTBT
2025-01-21 09:03:00,3.7,3.7,3.69,3.7,3173.0,BTBT
2025-01-21 09:02:00,3.69,3.69,3.69,3.69,300.0,BTBT
2025-01-21 09:01:00,3.72,3.72,3.7,3.7,2076.0,BTBT
2025-01-21 08:59:00,3.72,3.72,3.72,3.72,1.0,BTBT
2025-01-21 08:58:00,3.7,3.72,3.7,3.72,4398.0,BTBT
2025-01-21 08:57:00,3.72,3.72,3.7195,3.7195,301.0,BTBT
2025-01-21 08:56:00,3.7,3.72,3.7,3.7003,587.0,BTBT
2025-01-21 08:55:00,3.72,3.72,3.71,3.72,2360.0,BTBT
2025-01-21 08:54:00,3.71,3.71,3.71,3.71,1859.0,BTBT
2025-01-21 08:53:00,3.7001,3.71,3.7,3.71,7178.0,BTBT
2025-01-21 08:52:00,3.71,3.71,3.7002,3.7002,2558.0,BTBT
2025-01-21 08:51:00,3.7002,3.71,3.7002,3.71,2514.0,BTBT
2025-01-21 08:50:00,3.71,3.72,3.71,3.71,756.0,BTBT
2025-01-21 08:49:00,3.71,3.71,3.71,3.71,1005.0,BTBT
2025-01-21 08:48:00,3.7,3.7,3.7,3.7,498.0,BTBT
2025-01-21 08:47:00,3.7,3.7,3.7,3.7,127.0,BTBT
2025-01-21 08:46:00,3.69,3.69,3.69,3.69,30.0,BTBT
2025-01-21 08:43:00,3.7094,3.7094,3.7094,3.7094,10.0,BTBT
2025-01-21 08:42:00,3.71,3.71,3.71,3.71,1.0,BTBT
2025-01-21 08:41:00,3.7,3.71,3.7,3.71,2293.0,BTBT
2025-01-21 08:40:00,3.72,3.72,3.7,3.71,1760.0,BTBT
2025-01-21 08:39:00,3.72,3.72,3.71,3.71,2512.0,BTBT
2025-01-21 08:37:00,3.7198,3.7198,3.7198,3.7198,10.0,BTBT
2025-01-21 08:36:00,3.7102,3.7102,3.71,3.71,2000.0,BTBT
2025-01-21 08:32:00,3.72,3.72,3.72,3.72,362.0,BTBT
2025-01-21 08:31:00,3.7283,3.7283,3.71,3.71,350.0,BTBT
2025-01-21 08:30:00,3.73,3.73,3.73,3.73,500.0,BTBT
2025-01-21 08:29:00,3.7105,3.7105,3.7105,3.7105,200.0,BTBT
2025-01-21 08:28:00,3.72,3.72,3.71,3.71,550.0,BTBT
2025-01-21 08:27:00,3.72,3.73,3.72,3.73,3060.0,BTBT
2025-01-21 08:26:00,3.73,3.73,3.73,3.73,1540.0,BTBT
2025-01-21 08:25:00,3.71,3.73,3.71,3.73,103.0,BTBT
2025-01-21 08:24:00,3.73,3.73,3.7299,3.73,53.0,BTBT
2025-01-21 08:23:00,3.72,3.73,3.71,3.73,760.0,BTBT
2025-01-21 08:22:00,3.7298,3.7298,3.7107,3.7107,500.0,BTBT
2025-01-21 08:21:00,3.72,3.73,3.7,3.73,3372.0,BTBT
2025-01-21 08:20:00,3.72,3.7294,3.72,3.7294,2496.0,BTBT
2025-01-21 08:18:00,3.72,3.72,3.72,3.72,257.0,BTBT
2025-01-21 08:16:00,3.7,3.7,3.7,3.7,500.0,BTBT
2025-01-21 08:15:00,3.72,3.72,3.72,3.72,3.0,BTBT
2025-01-21 08:14:00,3.7,3.7,3.69,3.7,28049.0,BTBT
2025-01-21 08:13:00,3.7,3.7,3.7,3.7,2000.0,BTBT
2025-01-21 08:12:00,3.6803,3.6803,3.6803,3.6803,153.0,BTBT
2025-01-21 08:11:00,3.685,3.685,3.68,3.68,746.0,BTBT
2025-01-21 08:10:00,3.67,3.7,3.67,3.68,1290.0,BTBT
2025-01-21 08:08:00,3.6701,3.7,3.6701,3.7,8501.0,BTBT
2025-01-21 08:07:00,3.73,3.73,3.7,3.7,13101.0,BTBT
2025-01-21 08:06:00,3.74,3.74,3.74,3.74,1430.0,BTBT
2025-01-21 08:05:00,3.73,3.74,3.73,3.74,2138.0,BTBT
2025-01-21 08:04:00,3.7399,3.74,3.7301,3.7301,22941.0,BTBT
2025-01-21 08:03:00,3.76,3.76,3.74,3.7401,9734.0,BTBT
2025-01-21 08:02:00,3.75,3.7599,3.75,3.7599,1000.0,BTBT
2025-01-21 08:01:00,3.76,3.76,3.76,3.76,200.0,BTBT
2025-01-21 08:00:00,3.73,3.8,3.5613,3.62,52751.0,BTBT
2025-01-21 07:59:00,3.74,3.74,3.74,3.74,1.0,BTBT
2025-01-21 07:58:00,3.74,3.74,3.74,3.74,140.0,BTBT
2025-01-21 07:56:00,3.74,3.74,3.74,3.74,100.0,BTBT
2025-01-21 07:54:00,3.73,3.73,3.73,3.73,95.0,BTBT
2025-01-21 07:50:00,3.73,3.73,3.72,3.721,655.0,BTBT
2025-01-21 07:49:00,3.74,3.74,3.74,3.74,1018.0,BTBT
2025-01-21 07:43:00,3.75,3.75,3.741,3.741,101.0,BTBT
2025-01-21 07:40:00,3.74,3.74,3.74,3.74,1606.0,BTBT
2025-01-21 07:39:00,3.75,3.75,3.74,3.74,869.0,BTBT
2025-01-21 07:37:00,3.76,3.76,3.76,3.76,54.0,BTBT
2025-01-21 07:35:00,3.76,3.76,3.76,3.76,270.0,BTBT
2025-01-21 07:33:00,3.75,3.75,3.75,3.75,30.0,BTBT
2025-01-21 07:32:00,3.75,3.75,3.75,3.75,3.0,BTBT
2025-01-21 07:29:00,3.75,3.75,3.75,3.75,1.0,BTBT
2025-01-21 07:28:00,3.75,3.75,3.75,3.75,11.0,BTBT
2025-01-21 07:21:00,3.75,3.76,3.75,3.76,150.0,BTBT
2025-01-21 07:20:00,3.77,3.77,3.73,3.74,8361.0,BTBT
2025-01-21 07:19:00,3.76,3.77,3.76,3.76,1120.0,BTBT
2025-01-21 07:17:00,3.76,3.76,3.76,3.76,139.0,BTBT
2025-01-21 07:11:00,3.78,3.78,3.78,3.78,3.0,BTBT
2025-01-21 07:10:00,3.755,3.799,3.755,3.799,33784.0,BTBT
2025-01-21 07:09:00,3.74,3.75,3.74,3.75,5356.0,BTBT
2025-01-21 07:07:00,3.67,3.74,3.66,3.74,37249.0,BTBT
2025-01-21 07:06:00,3.66,3.66,3.66,3.66,450.0,BTBT
2025-01-21 07:05:00,3.66,3.66,3.66,3.66,145.0,BTBT
2025-01-21 07:03:00,3.66,3.66,3.65,3.65,311.0,BTBT
2025-01-21 07:01:00,3.66,3.66,3.66,3.66,596.0,BTBT
2025-01-21 07:00:00,3.66,3.67,3.66,3.66,1830.0,BTBT
2025-01-21 06:58:00,3.65,3.66,3.65,3.66,2.0,BTBT
2025-01-21 06:56:00,3.65,3.65,3.65,3.65,1355.0,BTBT
2025-01-21 06:54:00,3.66,3.66,3.65,3.65,598.0,BTBT
2025-01-21 06:50:00,3.67,3.67,3.67,3.67,10.0,BTBT
2025-01-21 06:49:00,3.65,3.65,3.65,3.65,50.0,BTBT
2025-01-21 06:48:00,3.65,3.65,3.65,3.65,617.0,BTBT
2025-01-21 06:47:00,3.64,3.64,3.64,3.64,1487.0,BTBT
2025-01-21 06:43:00,3.63,3.64,3.63,3.64,503.0,BTBT
2025-01-21 06:41:00,3.64,3.64,3.64,3.64,4.0,BTBT
2025-01-21 06:39:00,3.64,3.64,3.64,3.64,80.0,BTBT
2025-01-21 06:36:00,3.64,3.64,3.64,3.64,50.0,BTBT
2025-01-21 06:35:00,3.64,3.64,3.64,3.64,1.0,BTBT
2025-01-21 06:33:00,3.64,3.64,3.64,3.64,1530.0,BTBT
2025-01-21 06:30:00,3.64,3.64,3.64,3.64,500.0,BTBT
2025-01-21 06:27:00,3.64,3.64,3.64,3.64,2.0,BTBT
2025-01-21 06:24:00,3.62,3.62,3.62,3.62,5.0,BTBT
2025-01-21 06:23:00,3.62,3.63,3.62,3.63,105.0,BTBT
2025-01-21 06:21:00,3.62,3.62,3.62,3.62,500.0,BTBT
2025-01-21 06:18:00,3.64,3.64,3.64,3.64,58.0,BTBT
2025-01-21 06:17:00,3.63,3.63,3.63,3.63,500.0,BTBT
2025-01-21 06:15:00,3.63,3.63,3.63,3.63,10.0,BTBT
2025-01-21 06:14:00,3.63,3.63,3.63,3.63,200.0,BTBT
2025-01-21 06:13:00,3.62,3.62,3.62,3.62,900.0,BTBT
2025-01-21 06:11:00,3.62,3.62,3.62,3.62,10220.0,BTBT
2025-01-21 06:08:00,3.61,3.61,3.61,3.61,50.0,BTBT
2025-01-21 06:07:00,3.61,3.61,3.61,3.61,20.0,BTBT
2025-01-21 06:06:00,3.61,3.61,3.61,3.61,500.0,BTBT
2025-01-21 06:00:00,3.63,3.63,3.63,3.63,3.0,BTBT
2025-01-21 05:56:00,3.62,3.62,3.62,3.62,100.0,BTBT
2025-01-21 05:53:00,3.62,3.62,3.61,3.61,325.0,BTBT
2025-01-21 05:49:00,3.62,3.62,3.62,3.62,60.0,BTBT
2025-01-21 05:47:00,3.62,3.62,3.6,3.61,577.0,BTBT
2025-01-21 05:44:00,3.62,3.62,3.62,3.62,350.0,BTBT
2025-01-21 05:40:00,3.63,3.63,3.63,3.63,55.0,BTBT
2025-01-21 05:39:00,3.63,3.63,3.63,3.63,40.0,BTBT
2025-01-21 05:38:00,3.62,3.63,3.62,3.63,63.0,BTBT
2025-01-21 05:32:00,3.61,3.61,3.61,3.61,25.0,BTBT
2025-01-21 05:27:00,3.63,3.63,3.63,3.63,60.0,BTBT
2025-01-21 05:26:00,3.59,3.64,3.59,3.62,12970.0,BTBT
2025-01-21 05:20:00,3.58,3.59,3.58,3.59,2650.0,BTBT
2025-01-21 05:19:00,3.58,3.58,3.58,3.58,78.0,BTBT
2025-01-21 05:18:00,3.59,3.59,3.59,3.59,8.0,BTBT
2025-01-21 05:13:00,3.58,3.58,3.58,3.58,10.0,BTBT
2025-01-21 05:07:00,3.58,3.58,3.58,3.58,20.0,BTBT
2025-01-21 04:58:00,3.59,3.59,3.58,3.58,5703.0,BTBT
2025-01-21 04:57:00,3.59,3.59,3.59,3.59,10.0,BTBT
2025-01-21 04:56:00,3.59,3.59,3.59,3.59,92.0,BTBT
2025-01-21 04:54:00,3.59,3.59,3.59,3.59,302.0,BTBT
2025-01-21 04:53:00,3.58,3.58,3.58,3.58,2158.0,BTBT
2025-01-21 04:52:00,3.58,3.58,3.58,3.58,100.0,BTBT
2025-01-21 04:48:00,3.58,3.58,3.58,3.58,200.0,BTBT
2025-01-21 04:46:00,3.58,3.59,3.58,3.58,800.0,BTBT
2025-01-21 04:43:00,3.59,3.59,3.59,3.59,8.0,BTBT
2025-01-21 04:40:00,3.58,3.58,3.58,3.58,60.0,BTBT
2025-01-21 04:36:00,3.6,3.6,3.6,3.6,200.0,BTBT
2025-01-21 04:35:00,3.57,3.57,3.57,3.57,800.0,BTBT
2025-01-21 04:33:00,3.56,3.56,3.56,3.56,458.0,BTBT
2025-01-21 04:32:00,3.56,3.56,3.56,3.56,320.0,BTBT
2025-01-21 04:31:00,3.56,3.57,3.56,3.56,800.0,BTBT
2025-01-21 04:30:00,3.58,3.58,3.57,3.57,139.0,BTBT
2025-01-21 04:28:00,3.57,3.57,3.57,3.57,5.0,BTBT
2025-01-21 04:27:00,3.57,3.57,3.55,3.57,2779.0,BTBT
2025-01-21 04:26:00,3.58,3.58,3.58,3.58,10.0,BTBT
2025-01-21 04:25:00,3.6,3.6,3.57,3.57,1598.0,BTBT
2025-01-21 04:24:00,3.6,3.6,3.6,3.6,41.0,BTBT
2025-01-21 04:23:00,3.61,3.61,3.61,3.61,195.0,BTBT
2025-01-21 04:22:00,3.6,3.6,3.6,3.6,250.0,BTBT
2025-01-21 04:21:00,3.6,3.6,3.6,3.6,962.0,BTBT
2025-01-21 04:20:00,3.6,3.6,3.59,3.6,6273.0,BTBT
2025-01-21 04:19:00,3.61,3.61,3.6,3.61,9268.0,BTBT
2025-01-21 04:18:00,3.61,3.61,3.61,3.61,3268.0,BTBT
2025-01-21 04:17:00,3.62,3.62,3.62,3.62,27.0,BTBT
2025-01-21 04:14:00,3.64,3.64,3.63,3.64,191.0,BTBT
2025-01-21 04:13:00,3.62,3.62,3.61,3.61,2100.0,BTBT
2025-01-21 04:12:00,3.64,3.64,3.64,3.64,18.0,BTBT
2025-01-21 04:11:00,3.64,3.64,3.64,3.64,1501.0,BTBT
2025-01-21 04:10:00,3.61,3.61,3.61,3.61,4954.0,BTBT
2025-01-21 04:09:00,3.64,3.64,3.6,3.61,7283.0,BTBT
2025-01-21 04:08:00,3.64,3.64,3.64,3.64,821.0,BTBT
2025-01-21 04:07:00,3.65,3.65,3.64,3.64,524.0,BTBT
2025-01-21 04:06:00,3.66,3.66,3.66,3.66,901.0,BTBT
2025-01-21 04:05:00,3.66,3.66,3.66,3.66,5.0,BTBT
2025-01-21 04:04:00,3.66,3.67,3.66,3.67,3588.0,BTBT
2025-01-21 04:03:00,3.68,3.71,3.65,3.65,4760.0,BTBT
2025-01-21 04:02:00,3.71,3.725,3.71,3.72,5400.0,BTBT
2025-01-21 04:01:00,3.72,3.72,3.7,3.71,363.0,BTBT
2025-01-21 04:00:00,3.74,3.74,3.65,3.72,6331.0,BTBT
2025-01-17 19:59:00,3.78,3.78,3.74,3.75,1945.0,BTBT
2025-01-17 19:58:00,3.76,3.76,3.74,3.74,62.0,BTBT
2025-01-17 19:57:00,3.79,3.79,3.79,3.79,50.0,BTBT
2025-01-17 19:56:00,3.79,3.79,3.79,3.79,780.0,BTBT
2025-01-17 19:55:00,3.7998,3.7998,3.7998,3.7998,2000.0,BTBT
2025-01-17 19:54:00,3.795,3.795,3.79,3.7902,455.0,BTBT
2025-01-17 19:53:00,3.79,3.79,3.79,3.79,300.0,BTBT
2025-01-17 19:52:00,3.79,3.795,3.79,3.795,20317.0,BTBT
2025-01-17 19:51:00,3.78,3.78,3.78,3.78,1000.0,BTBT
2025-01-17 19:50:00,3.78,3.79,3.78,3.79,6135.0,BTBT
2025-01-17 19:49:00,3.77,3.78,3.77,3.78,503.0,BTBT
2025-01-17 19:48:00,3.75,3.77,3.75,3.77,9628.0,BTBT
2025-01-17 19:47:00,3.74,3.75,3.74,3.75,3904.0,BTBT
2025-01-17 19:46:00,3.73,3.73,3.73,3.73,150.0,BTBT
2025-01-17 19:45:00,3.73,3.73,3.72,3.73,171.0,BTBT
2025-01-17 19:44:00,3.73,3.73,3.72,3.72,200.0,BTBT
2025-01-17 19:42:00,3.72,3.72,3.72,3.72,6479.0,BTBT
2025-01-17 19:39:00,3.72,3.72,3.72,3.72,517.0,BTBT
2025-01-17 19:38:00,3.72,3.72,3.72,3.72,5483.0,BTBT
2025-01-17 19:37:00,3.73,3.73,3.73,3.73,11000.0,BTBT
2025-01-17 19:36:00,3.71,3.71,3.7,3.7,85.0,BTBT
2025-01-17 19:35:00,3.71,3.73,3.71,3.73,9273.0,BTBT
2025-01-17 19:34:00,3.7099,3.7099,3.7099,3.7099,600.0,BTBT
2025-01-17 19:33:00,3.7,3.7,3.7,3.7,7.0,BTBT
2025-01-17 19:32:00,3.71,3.71,3.71,3.71,140.0,BTBT
2025-01-17 19:30:00,3.7002,3.71,3.7,3.71,49.0,BTBT
2025-01-17 19:27:00,3.71,3.71,3.7,3.7,2000.0,BTBT
2025-01-17 19:26:00,3.7197,3.7197,3.7197,3.7197,100.0,BTBT
2025-01-17 19:25:00,3.71,3.71,3.71,3.71,100.0,BTBT
2025-01-17 19:24:00,3.71,3.72,3.71,3.7101,2038.0,BTBT
2025-01-17 19:23:00,3.72,3.72,3.72,3.72,300.0,BTBT
2025-01-17 19:19:00,3.72,3.72,3.72,3.72,300.0,BTBT
2025-01-17 19:17:00,3.72,3.72,3.72,3.72,550.0,BTBT
2025-01-17 19:14:00,3.71,3.71,3.71,3.71,300.0,BTBT
2025-01-17 19:13:00,3.72,3.72,3.72,3.72,4.0,BTBT
2025-01-17 19:10:00,3.71,3.71,3.71,3.71,1025.0,BTBT
2025-01-17 19:08:00,3.72,3.72,3.72,3.72,25.0,BTBT
2025-01-17 19:07:00,3.72,3.72,3.7,3.7,1402.0,BTBT
2025-01-17 19:01:00,3.72,3.72,3.72,3.72,300.0,BTBT
2025-01-17 18:59:00,3.72,3.72,3.72,3.72,150.0,BTBT
2025-01-17 18:56:00,3.73,3.7392,3.73,3.7392,4200.0,BTBT
2025-01-17 18:55:00,3.72,3.7201,3.72,3.7201,80.0,BTBT
2025-01-17 18:54:00,3.74,3.74,3.72,3.72,3801.0,BTBT
2025-01-17 18:52:00,3.735,3.7399,3.73,3.73,310.0,BTBT
2025-01-17 18:51:00,3.74,3.74,3.74,3.74,3.0,BTBT
2025-01-17 18:50:00,3.7398,3.7398,3.7398,3.7398,33.0,BTBT
2025-01-17 18:48:00,3.735,3.735,3.735,3.735,25.0,BTBT
2025-01-17 18:47:00,3.75,3.75,3.73,3.73,725.0,BTBT
2025-01-17 18:46:00,3.75,3.75,3.75,3.75,150.0,BTBT
2025-01-17 18:45:00,3.75,3.75,3.73,3.73,584.0,BTBT
2025-01-17 18:40:00,3.75,3.75,3.75,3.75,2.0,BTBT
2025-01-17 18:39:00,3.73,3.73,3.73,3.73,200.0,BTBT
2025-01-17 18:38:00,3.74,3.75,3.74,3.75,510.0,BTBT
2025-01-17 18:36:00,3.7497,3.7497,3.7497,3.7497,20.0,BTBT
2025-01-17 18:35:00,3.73,3.73,3.73,3.73,509.0,BTBT
2025-01-17 18:29:00,3.75,3.75,3.75,3.75,1.0,BTBT
2025-01-17 18:28:00,3.73,3.73,3.73,3.73,18.0,BTBT
2025-01-17 18:27:00,3.74,3.74,3.73,3.73,1000.0,BTBT
2025-01-17 18:25:00,3.74,3.74,3.74,3.74,1033.0,BTBT
2025-01-17 18:24:00,3.73,3.73,3.73,3.73,1115.0,BTBT
2025-01-17 18:22:00,3.7299,3.73,3.7299,3.73,3874.0,BTBT
2025-01-17 18:18:00,3.7297,3.7297,3.7297,3.7297,2.0,BTBT
2025-01-17 18:17:00,3.72,3.72,3.72,3.72,1.0,BTBT
2025-01-17 18:15:00,3.73,3.73,3.73,3.73,300.0,BTBT
2025-01-17 18:12:00,3.72,3.72,3.72,3.72,25.0,BTBT
2025-01-17 18:10:00,3.73,3.73,3.73,3.73,850.0,BTBT
2025-01-17 18:09:00,3.72,3.72,3.72,3.72,1.0,BTBT
2025-01-17 18:00:00,3.73,3.73,3.73,3.73,300.0,BTBT
2025-01-17 17:58:00,3.73,3.73,3.73,3.73,950.0,BTBT
2025-01-17 17:56:00,3.73,3.73,3.73,3.73,50.0,BTBT
2025-01-17 17:55:00,3.73,3.73,3.73,3.73,500.0,BTBT
2025-01-17 17:54:00,3.73,3.73,3.7299,3.73,53.0,BTBT
2025-01-17 17:53:00,3.7299,3.73,3.7298,3.7298,5.0,BTBT
2025-01-17 17:52:00,3.72,3.73,3.72,3.73,1200.0,BTBT
2025-01-17 17:51:00,3.73,3.73,3.72,3.7297,1560.0,BTBT
2025-01-17 17:50:00,3.73,3.73,3.73,3.73,3000.0,BTBT
2025-01-17 17:47:00,3.7299,3.7299,3.7299,3.7299,1.0,BTBT
2025-01-17 17:45:00,3.7298,3.7298,3.7298,3.7298,1.0,BTBT
2025-01-17 17:44:00,3.73,3.73,3.73,3.73,4000.0,BTBT
2025-01-17 17:43:00,3.73,3.73,3.72,3.7201,5999.0,BTBT
2025-01-17 17:42:00,3.73,3.74,3.73,3.74,7.0,BTBT
2025-01-17 17:41:00,3.7392,3.7392,3.72,3.7391,46.0,BTBT
2025-01-17 17:37:00,3.7396,3.7396,3.7396,3.7396,2.0,BTBT
2025-01-17 17:36:00,3.73,3.74,3.73,3.74,3163.0,BTBT
2025-01-17 17:35:00,3.74,3.74,3.74,3.74,2.0,BTBT
2025-01-17 17:33:00,3.72,3.72,3.72,3.72,2790.0,BTBT
2025-01-17 17:31:00,3.73,3.73,3.73,3.73,1366.0,BTBT
2025-01-17 17:30:00,3.72,3.72,3.72,3.72,500.0,BTBT
2025-01-17 17:29:00,3.73,3.73,3.73,3.73,7.0,BTBT
2025-01-17 17:25:00,3.72,3.74,3.72,3.74,105.0,BTBT
2025-01-17 17:22:00,3.72,3.72,3.72,3.72,5000.0,BTBT
2025-01-17 17:21:00,3.7196,3.73,3.7196,3.73,5119.0,BTBT
2025-01-17 17:19:00,3.72,3.72,3.72,3.72,1219.0,BTBT
2025-01-17 17:18:00,3.71,3.71,3.71,3.71,300.0,BTBT
2025-01-17 17:17:00,3.71,3.71,3.71,3.71,100.0,BTBT
2025-01-17 17:12:00,3.7,3.7,3.7,3.7,1.0,BTBT
2025-01-17 17:08:00,3.7098,3.7098,3.7098,3.7098,10.0,BTBT
2025-01-17 17:05:00,3.7,3.7,3.7,3.7,100.0,BTBT
2025-01-17 17:02:00,3.71,3.71,3.71,3.71,2.0,BTBT
2025-01-17 16:59:00,3.71,3.71,3.71,3.71,1500.0,BTBT
2025-01-17 16:58:00,3.71,3.71,3.71,3.71,59.0,BTBT
2025-01-17 16:54:00,3.7099,3.7099,3.7099,3.7099,500.0,BTBT
2025-01-17 16:51:00,3.69,3.69,3.69,3.69,390.0,BTBT
2025-01-17 16:49:00,3.7,3.7,3.7,3.7,65.0,BTBT
2025-01-17 16:48:00,3.71,3.71,3.6902,3.6902,2203.0,BTBT
2025-01-17 16:47:00,3.7094,3.71,3.7094,3.71,510.0,BTBT
2025-01-17 16:45:00,3.71,3.71,3.71,3.71,25.0,BTBT
2025-01-17 16:44:00,3.7,3.71,3.7,3.71,1019.0,BTBT
2025-01-17 16:43:00,3.7,3.71,3.7,3.71,100.0,BTBT
2025-01-17 16:42:00,3.69,3.69,3.69,3.69,632.0,BTBT
2025-01-17 16:41:00,3.69,3.7,3.69,3.7,2963.0,BTBT
2025-01-17 16:40:00,3.69,3.69,3.69,3.69,214.0,BTBT
2025-01-17 16:39:00,3.6901,3.7,3.6901,3.7,401.0,BTBT
2025-01-17 16:38:00,3.6999,3.6999,3.6999,3.6999,2.0,BTBT
2025-01-17 16:37:00,3.6998,3.6998,3.6998,3.6998,4.0,BTBT
2025-01-17 16:36:00,3.7,3.7,3.7,3.7,312.0,BTBT
2025-01-17 16:35:00,3.7,3.7,3.7,3.7,220.0,BTBT
2025-01-17 16:34:00,3.7,3.7,3.7,3.7,4145.0,BTBT
2025-01-17 16:33:00,3.71,3.71,3.71,3.71,1.0,BTBT
2025-01-17 16:31:00,3.71,3.71,3.71,3.71,64.0,BTBT
2025-01-17 16:29:00,3.71,3.71,3.71,3.71,786.0,BTBT
2025-01-17 16:28:00,3.71,3.71,3.71,3.71,2024.0,BTBT
2025-01-17 16:27:00,3.71,3.71,3.71,3.71,1.0,BTBT
2025-01-17 16:26:00,3.71,3.71,3.7097,3.7099,199.0,BTBT
2025-01-17 16:25:00,3.7,3.71,3.7,3.71,556.0,BTBT
2025-01-17 16:24:00,3.7,3.7,3.7,3.7,1000.0,BTBT
2025-01-17 16:23:00,3.7,3.7,3.6999,3.6999,2005.0,BTBT
2025-01-17 16:22:00,3.69,3.7,3.69,3.7,12180.0,BTBT
2025-01-17 16:21:00,3.7,3.7,3.7,3.7,5.0,BTBT
2025-01-17 16:20:00,3.68,3.68,3.68,3.68,7.0,BTBT
2025-01-17 16:19:00,3.7,3.7,3.7,3.7,5.0,BTBT
2025-01-17 16:18:00,3.7,3.7,3.7,3.7,974.0,BTBT
2025-01-17 16:17:00,3.7,3.7,3.7,3.7,1.0,BTBT
2025-01-17 16:16:00,3.7,3.7,3.7,3.7,652.0,BTBT
2025-01-17 16:15:00,3.7,3.7,3.7,3.7,4462.0,BTBT
2025-01-17 16:14:00,3.7,3.7,3.7,3.7,300.0,BTBT
2025-01-17 16:13:00,3.7,3.7,3.7,3.7,100.0,BTBT
2025-01-17 16:12:00,3.7,3.7,3.7,3.7,96.0,BTBT
2025-01-17 16:11:00,3.69,3.6901,3.69,3.69,475.0,BTBT
2025-01-17 16:10:00,3.69,3.7,3.69,3.7,1009.0,BTBT
2025-01-17 16:09:00,3.69,3.69,3.69,3.69,1656.0,BTBT
2025-01-17 16:08:00,3.69,3.7,3.69,3.7,5500.0,BTBT
2025-01-17 16:07:00,3.69,3.69,3.69,3.69,380.0,BTBT
2025-01-17 16:06:00,3.7,3.7,3.6998,3.6998,44.0,BTBT
2025-01-17 16:05:00,3.68,3.72,3.68,3.6998,10484.0,BTBT
2025-01-17 16:04:00,3.6997,3.6997,3.6997,3.6997,2.0,BTBT
2025-01-17 16:03:00,3.69,3.7,3.69,3.7,1150.0,BTBT
2025-01-17 16:02:00,3.68,3.7,3.68,3.7,5804.0,BTBT
2025-01-17 16:01:00,3.68,3.6998,3.68,3.68,9046.0,BTBT
2025-01-17 16:00:00,3.675,3.7,3.67,3.67,685928.0,BTBT
2025-01-17 15:59:00,3.68,3.68,3.67,3.675,65200.0,BTBT
2025-01-17 15:58:00,3.685,3.69,3.67,3.6733,90979.0,BTBT
2025-01-17 15:57:00,3.69,3.69,3.68,3.69,109493.0,BTBT
2025-01-17 15:56:00,3.685,3.69,3.685,3.69,23153.0,BTBT
2025-01-17 15:55:00,3.68,3.69,3.68,3.69,91433.0,BTBT
2025-01-17 15:54:00,3.665,3.695,3.66,3.69,164942.0,BTBT
2025-01-17 15:53:00,3.665,3.67,3.66,3.67,46032.0,BTBT
2025-01-17 15:52:00,3.665,3.67,3.66,3.66,43638.0,BTBT
2025-01-17 15:51:00,3.6698,3.67,3.6625,3.665,14572.0,BTBT
2025-01-17 15:50:00,3.66,3.67,3.66,3.665,16959.0,BTBT
2025-01-17 15:49:00,3.67,3.67,3.66,3.6683,29195.0,BTBT
2025-01-17 15:48:00,3.6601,3.67,3.66,3.67,20314.0,BTBT
2025-01-17 15:47:00,3.65,3.67,3.645,3.6613,110271.0,BTBT
2025-01-17 15:46:00,3.6634,3.668,3.6537,3.659,21646.0,BTBT
2025-01-17 15:45:00,3.665,3.67,3.6601,3.665,12223.0,BTBT
2025-01-17 15:44:00,3.66,3.67,3.66,3.6691,45937.0,BTBT
2025-01-17 15:43:00,3.6699,3.67,3.655,3.66,26558.0,BTBT
2025-01-17 15:42:00,3.6557,3.67,3.655,3.661,85026.0,BTBT
2025-01-17 15:41:00,3.66,3.6699,3.6501,3.6549,94887.0,BTBT
2025-01-17 15:40:00,3.6478,3.66,3.645,3.655,51026.0,BTBT
2025-01-17 15:39:00,3.6498,3.65,3.6435,3.645,6330.0,BTBT
2025-01-17 15:38:00,3.645,3.65,3.64,3.65,33134.0,BTBT
2025-01-17 15:37:00,3.648,3.65,3.645,3.649,19535.0,BTBT
2025-01-17 15:36:00,3.645,3.65,3.64,3.65,8256.0,BTBT
2025-01-17 15:35:00,3.655,3.66,3.6413,3.6491,107155.0,BTBT
2025-01-17 15:34:00,3.655,3.66,3.65,3.655,29542.0,BTBT
2025-01-17 15:33:00,3.645,3.66,3.645,3.655,53226.0,BTBT
2025-01-17 15:32:00,3.64,3.65,3.64,3.6401,47544.0,BTBT
2025-01-17 15:31:00,3.655,3.655,3.64,3.644,137189.0,BTBT
2025-01-17 15:30:00,3.645,3.66,3.64,3.655,47553.0,BTBT
2025-01-17 15:29:00,3.6475,3.6499,3.6403,3.645,21376.0,BTBT
2025-01-17 15:28:00,3.655,3.655,3.65,3.65,15932.0,BTBT
2025-01-17 15:27:00,3.655,3.66,3.65,3.655,12578.0,BTBT
2025-01-17 15:26:00,3.655,3.66,3.6522,3.6548,19321.0,BTBT
2025-01-17 15:25:00,3.6423,3.66,3.64,3.655,98192.0,BTBT
2025-01-17 15:24:00,3.64,3.66,3.64,3.645,179041.0,BTBT
2025-01-17 15:23:00,3.6587,3.66,3.64,3.6401,125789.0,BTBT
2025-01-17 15:22:00,3.65,3.66,3.64,3.6593,83784.0,BTBT
2025-01-17 15:21:00,3.6601,3.67,3.6401,3.645,112066.0,BTBT
2025-01-17 15:20:00,3.66,3.6688,3.6501,3.6687,67539.0,BTBT
2025-01-17 15:19:00,3.6599,3.67,3.6528,3.67,82338.0,BTBT
2025-01-17 15:18:00,3.655,3.66,3.645,3.65,91554.0,BTBT
2025-01-17 15:17:00,3.6497,3.66,3.6497,3.6548,22594.0,BTBT
2025-01-17 15:16:00,3.66,3.66,3.6401,3.65,145794.0,BTBT
2025-01-17 15:15:00,3.65,3.66,3.65,3.66,81705.0,BTBT
2025-01-17 15:14:00,3.66,3.66,3.65,3.655,14430.0,BTBT
2025-01-17 15:13:00,3.68,3.68,3.66,3.6626,15939.0,BTBT
2025-01-17 15:12:00,3.675,3.678,3.67,3.678,2804.0,BTBT
2025-01-17 15:11:00,3.685,3.69,3.675,3.675,14363.0,BTBT
2025-01-17 15:10:00,3.68,3.69,3.68,3.688,17548.0,BTBT
2025-01-17 15:09:00,3.6798,3.685,3.6745,3.6797,50616.0,BTBT
2025-01-17 15:08:00,3.675,3.675,3.6738,3.6738,4208.0,BTBT
2025-01-17 15:07:00,3.665,3.68,3.6628,3.6788,22346.0,BTBT
2025-01-17 15:06:00,3.675,3.68,3.6627,3.665,22596.0,BTBT
2025-01-17 15:05:00,3.6791,3.68,3.66,3.6771,72547.0,BTBT
2025-01-17 15:04:00,3.677,3.68,3.67,3.675,9105.0,BTBT
2025-01-17 15:03:00,3.6773,3.68,3.67,3.68,14376.0,BTBT
2025-01-17 15:02:00,3.6803,3.69,3.6701,3.675,35379.0,BTBT
2025-01-17 15:01:00,3.685,3.69,3.675,3.685,142117.0,BTBT
2025-01-17 15:00:00,3.71,3.72,3.685,3.685,193311.0,BTBT
2025-01-17 14:59:00,3.72,3.72,3.715,3.72,18168.0,BTBT
2025-01-17 14:58:00,3.73,3.73,3.715,3.715,9890.0,BTBT
2025-01-17 14:57:00,3.7252,3.7292,3.7201,3.7201,10827.0,BTBT
2025-01-17 14:56:00,3.725,3.73,3.715,3.7298,82327.0,BTBT
2025-01-17 14:55:00,3.72,3.73,3.72,3.72,42913.0,BTBT
2025-01-17 14:54:00,3.7195,3.72,3.705,3.7199,163881.0,BTBT
2025-01-17 14:53:00,3.73,3.73,3.71,3.715,15261.0,BTBT
2025-01-17 14:52:00,3.735,3.74,3.73,3.7367,17126.0,BTBT
2025-01-17 14:51:00,3.7299,3.74,3.725,3.735,63287.0,BTBT
2025-01-17 14:50:00,3.72,3.73,3.72,3.72,23551.0,BTBT
2025-01-17 14:49:00,3.7299,3.7299,3.715,3.715,12019.0,BTBT
2025-01-17 14:48:00,3.72,3.73,3.715,3.73,78488.0,BTBT
2025-01-17 14:47:00,3.73,3.73,3.72,3.7288,68887.0,BTBT
2025-01-17 14:46:00,3.73,3.735,3.73,3.735,1994.0,BTBT
2025-01-17 14:45:00,3.73,3.7389,3.7245,3.73,22197.0,BTBT
2025-01-17 14:44:00,3.7371,3.74,3.7205,3.725,36148.0,BTBT
2025-01-17 14:43:00,3.7345,3.74,3.7301,3.738,32097.0,BTBT
2025-01-17 14:42:00,3.735,3.74,3.73,3.73,12447.0,BTBT
2025-01-17 14:41:00,3.7382,3.74,3.735,3.7361,31174.0,BTBT
2025-01-17 14:40:00,3.7313,3.74,3.7303,3.74,22375.0,BTBT
2025-01-17 14:39:00,3.7401,3.7413,3.7311,3.7385,20849.0,BTBT
2025-01-17 14:38:00,3.745,3.75,3.74,3.7465,20272.0,BTBT
2025-01-17 14:37:00,3.7413,3.75,3.735,3.7462,32494.0,BTBT
2025-01-17 14:36:00,3.74,3.75,3.74,3.7405,13039.0,BTBT
2025-01-17 14:35:00,3.74,3.7443,3.7301,3.7308,24495.0,BTBT
2025-01-17 14:34:00,3.75,3.75,3.74,3.74,12072.0,BTBT
2025-01-17 14:33:00,3.76,3.76,3.735,3.7485,90592.0,BTBT
2025-01-17 14:32:00,3.765,3.765,3.7525,3.755,14527.0,BTBT
2025-01-17 14:31:00,3.77,3.77,3.755,3.7671,54134.0,BTBT
2025-01-17 14:30:00,3.79,3.7999,3.7701,3.7701,47472.0,BTBT
2025-01-17 14:29:00,3.7989,3.7989,3.7905,3.7949,3435.0,BTBT
2025-01-17 14:28:00,3.805,3.8084,3.7922,3.8,8175.0,BTBT
2025-01-17 14:27:00,3.8092,3.8092,3.8019,3.8019,4105.0,BTBT
2025-01-17 14:26:00,3.815,3.8185,3.805,3.8099,23769.0,BTBT
2025-01-17 14:25:00,3.8099,3.82,3.805,3.8118,18067.0,BTBT
2025-01-17 14:24:00,3.7955,3.81,3.794,3.8052,38188.0,BTBT
2025-01-17 14:23:00,3.795,3.8,3.795,3.8,537.0,BTBT
2025-01-17 14:22:00,3.7997,3.7999,3.79,3.7952,43745.0,BTBT
2025-01-17 14:21:00,3.785,3.805,3.7825,3.7957,47948.0,BTBT
2025-01-17 14:20:00,3.805,3.805,3.7801,3.7827,27730.0,BTBT
2025-01-17 14:19:00,3.805,3.81,3.805,3.805,6227.0,BTBT
2025-01-17 14:18:00,3.8,3.81,3.795,3.805,35901.0,BTBT
2025-01-17 14:17:00,3.81,3.81,3.795,3.795,8897.0,BTBT
2025-01-17 14:16:00,3.8004,3.81,3.8004,3.8076,9041.0,BTBT
2025-01-17 14:15:00,3.81,3.81,3.8,3.805,24890.0,BTBT
2025-01-17 14:14:00,3.7995,3.81,3.7995,3.81,27184.0,BTBT
2025-01-17 14:13:00,3.798,3.8,3.7933,3.8,7746.0,BTBT
2025-01-17 14:12:00,3.7963,3.8,3.795,3.8,2138.0,BTBT
2025-01-17 14:11:00,3.8,3.8,3.7901,3.795,7116.0,BTBT
2025-01-17 14:10:00,3.792,3.8,3.792,3.796,4672.0,BTBT
2025-01-17 14:09:00,3.795,3.8,3.795,3.8,12298.0,BTBT
2025-01-17 14:08:00,3.795,3.8,3.79,3.795,16682.0,BTBT
2025-01-17 14:07:00,3.79,3.79,3.79,3.79,2039.0,BTBT
2025-01-17 14:06:00,3.795,3.8,3.79,3.795,3260.0,BTBT
2025-01-17 14:05:00,3.7989,3.8,3.7905,3.7905,14114.0,BTBT
2025-01-17 14:04:00,3.8099,3.81,3.795,3.795,32421.0,BTBT
2025-01-17 14:03:00,3.805,3.81,3.805,3.8099,20156.0,BTBT
2025-01-17 14:02:00,3.8054,3.81,3.8,3.805,4339.0,BTBT
2025-01-17 14:01:00,3.81,3.81,3.7945,3.805,20569.0,BTBT
2025-01-17 14:00:00,3.8101,3.8104,3.8,3.805,82001.0,BTBT
2025-01-17 13:59:00,3.8099,3.82,3.805,3.82,64901.0,BTBT
2025-01-17 13:58:00,3.805,3.81,3.805,3.805,20591.0,BTBT
2025-01-17 13:57:00,3.795,3.81,3.795,3.81,72230.0,BTBT
2025-01-17 13:56:00,3.8015,3.805,3.79,3.795,15915.0,BTBT
2025-01-17 13:55:00,3.8035,3.8099,3.8035,3.805,3720.0,BTBT
2025-01-17 13:54:00,3.802,3.8078,3.7917,3.8035,44206.0,BTBT
2025-01-17 13:53:00,3.81,3.81,3.8,3.8,20528.0,BTBT
2025-01-17 13:52:00,3.8197,3.8199,3.81,3.8183,11988.0,BTBT
2025-01-17 13:51:00,3.825,3.8272,3.81,3.82,15223.0,BTBT
2025-01-17 13:50:00,3.815,3.83,3.8112,3.83,41125.0,BTBT
2025-01-17 13:49:00,3.815,3.82,3.81,3.815,5504.0,BTBT
2025-01-17 13:48:00,3.805,3.82,3.805,3.8189,30914.0,BTBT
2025-01-17 13:47:00,3.79,3.81,3.79,3.805,25934.0,BTBT
2025-01-17 13:46:00,3.7966,3.8,3.795,3.795,6928.0,BTBT
2025-01-17 13:45:00,3.79,3.795,3.79,3.795,1146.0,BTBT
2025-01-17 13:44:00,3.795,3.7991,3.7903,3.795,7548.0,BTBT
2025-01-17 13:43:00,3.7983,3.7999,3.795,3.795,7603.0,BTBT
2025-01-17 13:42:00,3.795,3.8,3.7909,3.7909,11157.0,BTBT
2025-01-17 13:41:00,3.8,3.8,3.795,3.796,14232.0,BTBT
2025-01-17 13:40:00,3.815,3.815,3.805,3.81,9027.0,BTBT
2025-01-17 13:39:00,3.815,3.8178,3.81,3.8178,13324.0,BTBT
2025-01-17 13:38:00,3.83,3.83,3.82,3.82,12586.0,BTBT
2025-01-17 13:37:00,3.82,3.825,3.815,3.8208,16482.0,BTBT
2025-01-17 13:36:00,3.8099,3.82,3.8056,3.815,55614.0,BTBT
2025-01-17 13:35:00,3.805,3.8098,3.8,3.8,3585.0,BTBT
2025-01-17 13:34:00,3.81,3.815,3.805,3.805,18474.0,BTBT
2025-01-17 13:33:00,3.8236,3.8236,3.815,3.8179,5233.0,BTBT
2025-01-17 13:32:00,3.84,3.84,3.82,3.8217,17833.0,BTBT
2025-01-17 13:31:00,3.84,3.84,3.835,3.84,8555.0,BTBT
2025-01-17 13:30:00,3.835,3.8397,3.8301,3.835,11413.0,BTBT
2025-01-17 13:29:00,3.8352,3.84,3.8302,3.835,21011.0,BTBT
2025-01-17 13:28:00,3.84,3.845,3.835,3.8394,18900.0,BTBT
2025-01-17 13:27:00,3.8399,3.85,3.8399,3.845,35569.0,BTBT
2025-01-17 13:26:00,3.83,3.839,3.82,3.835,154350.0,BTBT
2025-01-17 13:25:00,3.83,3.83,3.8271,3.83,5148.0,BTBT
2025-01-17 13:24:00,3.825,3.83,3.825,3.825,33917.0,BTBT
2025-01-17 13:23:00,3.825,3.83,3.82,3.82,24604.0,BTBT
2025-01-17 13:22:00,3.8299,3.8299,3.825,3.825,670.0,BTBT
2025-01-17 13:21:00,3.825,3.825,3.8127,3.8208,32130.0,BTBT
2025-01-17 13:20:00,3.825,3.83,3.8207,3.8207,5416.0,BTBT
2025-01-17 13:19:00,3.83,3.83,3.825,3.8271,6933.0,BTBT
2025-01-17 13:18:00,3.8268,3.83,3.82,3.82,17674.0,BTBT
2025-01-17 13:17:00,3.825,3.83,3.8203,3.825,9552.0,BTBT
2025-01-17 13:16:00,3.82,3.83,3.8115,3.825,35895.0,BTBT
2025-01-17 13:15:00,3.815,3.82,3.815,3.8192,18076.0,BTBT
2025-01-17 13:14:00,3.81,3.82,3.81,3.8196,8694.0,BTBT
2025-01-17 13:13:00,3.82,3.82,3.815,3.815,24104.0,BTBT
2025-01-17 13:12:00,3.82,3.82,3.815,3.82,6425.0,BTBT
2025-01-17 13:11:00,3.8052,3.82,3.8043,3.815,24838.0,BTBT
2025-01-17 13:10:00,3.8055,3.81,3.805,3.805,1962.0,BTBT
2025-01-17 13:09:00,3.805,3.8097,3.8046,3.805,4419.0,BTBT
2025-01-17 13:08:00,3.7989,3.81,3.7957,3.805,27236.0,BTBT
2025-01-17 13:07:00,3.805,3.805,3.795,3.795,14100.0,BTBT
2025-01-17 13:06:00,3.8187,3.8187,3.8,3.805,26108.0,BTBT
2025-01-17 13:05:00,3.805,3.82,3.8027,3.815,28673.0,BTBT
2025-01-17 13:04:00,3.805,3.81,3.805,3.8075,19346.0,BTBT
2025-01-17 13:03:00,3.795,3.81,3.795,3.805,13854.0,BTBT
2025-01-17 13:02:00,3.8,3.8,3.795,3.8,4698.0,BTBT
2025-01-17 13:01:00,3.785,3.81,3.78,3.805,64574.0,BTBT
2025-01-17 13:00:00,3.79,3.79,3.785,3.7879,1693.0,BTBT
2025-01-17 12:59:00,3.785,3.7881,3.78,3.785,4375.0,BTBT
2025-01-17 12:58:00,3.779,3.785,3.772,3.7843,17172.0,BTBT
2025-01-17 12:57:00,3.78,3.7885,3.772,3.775,35358.0,BTBT
2025-01-17 12:56:00,3.7701,3.78,3.7701,3.78,12446.0,BTBT
2025-01-17 12:55:00,3.775,3.78,3.775,3.775,25878.0,BTBT
2025-01-17 12:54:00,3.7714,3.78,3.77,3.77,14738.0,BTBT
2025-01-17 12:53:00,3.79,3.8,3.7785,3.7785,35029.0,BTBT
2025-01-17 12:52:00,3.7905,3.8,3.79,3.791,28781.0,BTBT
2025-01-17 12:51:00,3.8,3.8,3.79,3.8,148114.0,BTBT
2025-01-17 12:50:00,3.81,3.815,3.8024,3.81,40629.0,BTBT
2025-01-17 12:49:00,3.82,3.825,3.81,3.815,53751.0,BTBT
2025-01-17 12:48:00,3.8267,3.8267,3.825,3.825,4578.0,BTBT
2025-01-17 12:47:00,3.825,3.8278,3.82,3.825,3977.0,BTBT
2025-01-17 12:46:00,3.83,3.83,3.822,3.825,17373.0,BTBT
2025-01-17 12:45:00,3.825,3.83,3.8227,3.825,8616.0,BTBT
2025-01-17 12:44:00,3.83,3.83,3.82,3.825,26056.0,BTBT
2025-01-17 12:43:00,3.835,3.835,3.825,3.825,14279.0,BTBT
2025-01-17 12:42:00,3.835,3.84,3.83,3.835,23792.0,BTBT
2025-01-17 12:41:00,3.835,3.84,3.825,3.8357,46475.0,BTBT
2025-01-17 12:40:00,3.83,3.84,3.83,3.835,4684.0,BTBT
2025-01-17 12:39:00,3.8315,3.84,3.82,3.83,49215.0,BTBT
2025-01-17 12:38:00,3.831,3.84,3.83,3.8352,20586.0,BTBT
2025-01-17 12:37:00,3.85,3.85,3.83,3.835,70949.0,BTBT
2025-01-17 12:36:00,3.86,3.8657,3.85,3.855,27141.0,BTBT
2025-01-17 12:35:00,3.865,3.865,3.86,3.865,11803.0,BTBT
2025-01-17 12:34:00,3.865,3.865,3.86,3.865,12015.0,BTBT
2025-01-17 12:33:00,3.87,3.87,3.86,3.865,9573.0,BTBT
2025-01-17 12:32:00,3.865,3.87,3.8605,3.8605,11355.0,BTBT
2025-01-17 12:31:00,3.86,3.87,3.86,3.865,5073.0,BTBT
2025-01-17 12:30:00,3.865,3.87,3.86,3.8697,32585.0,BTBT
2025-01-17 12:29:00,3.865,3.8698,3.863,3.8698,2665.0,BTBT
2025-01-17 12:28:00,3.86,3.8699,3.86,3.8699,12891.0,BTBT
2025-01-17 12:27:00,3.865,3.87,3.86,3.8642,60035.0,BTBT
2025-01-17 12:26:00,3.86,3.88,3.86,3.865,45510.0,BTBT
2025-01-17 12:25:00,3.85,3.855,3.85,3.855,3008.0,BTBT
2025-01-17 12:24:00,3.8567,3.86,3.85,3.855,7875.0,BTBT
2025-01-17 12:23:00,3.865,3.875,3.855,3.855,93178.0,BTBT
2025-01-17 12:22:00,3.865,3.87,3.865,3.865,8303.0,BTBT
2025-01-17 12:21:00,3.85,3.87,3.85,3.8686,30875.0,BTBT
2025-01-17 12:20:00,3.855,3.86,3.85,3.86,7080.0,BTBT
2025-01-17 12:19:00,3.8621,3.865,3.855,3.8599,21542.0,BTBT
2025-01-17 12:18:00,3.855,3.87,3.85,3.8634,41190.0,BTBT
2025-01-17 12:17:00,3.845,3.855,3.845,3.8507,45207.0,BTBT
2025-01-17 12:16:00,3.8511,3.86,3.845,3.845,61706.0,BTBT
2025-01-17 12:15:00,3.85,3.86,3.85,3.855,53815.0,BTBT
2025-01-17 12:14:00,3.8442,3.85,3.8426,3.85,38313.0,BTBT
2025-01-17 12:13:00,3.85,3.85,3.84,3.845,41619.0,BTBT
2025-01-17 12:12:00,3.845,3.85,3.84,3.845,19843.0,BTBT
2025-01-17 12:11:00,3.8571,3.86,3.845,3.845,30157.0,BTBT
2025-01-17 12:10:00,3.8401,3.86,3.8401,3.8534,197674.0,BTBT
2025-01-17 12:09:00,3.8499,3.85,3.84,3.845,15547.0,BTBT
2025-01-17 12:08:00,3.85,3.85,3.8402,3.8415,33154.0,BTBT
2025-01-17 12:07:00,3.835,3.85,3.83,3.845,22080.0,BTBT
2025-01-17 12:06:00,3.8372,3.84,3.83,3.83,17458.0,BTBT
2025-01-17 12:05:00,3.8374,3.85,3.8301,3.835,48295.0,BTBT
2025-01-17 12:04:00,3.825,3.835,3.815,3.835,58232.0,BTBT
2025-01-17 12:03:00,3.818,3.829,3.815,3.825,21654.0,BTBT
2025-01-17 12:02:00,3.81,3.82,3.805,3.82,28063.0,BTBT
2025-01-17 12:01:00,3.8,3.81,3.795,3.81,35173.0,BTBT
2025-01-17 12:00:00,3.795,3.8,3.79,3.795,38174.0,BTBT
2025-01-17 11:59:00,3.795,3.8,3.79,3.795,2976.0,BTBT
2025-01-17 11:58:00,3.7945,3.8,3.7945,3.795,4984.0,BTBT
2025-01-17 11:57:00,3.795,3.8,3.795,3.798,22850.0,BTBT
2025-01-17 11:56:00,3.795,3.8,3.79,3.795,12581.0,BTBT
2025-01-17 11:55:00,3.795,3.8,3.79,3.795,22992.0,BTBT
2025-01-17 11:54:00,3.79,3.8,3.79,3.79,11561.0,BTBT
2025-01-17 11:53:00,3.8,3.8,3.79,3.795,18266.0,BTBT
2025-01-17 11:52:00,3.795,3.81,3.795,3.7999,48674.0,BTBT
2025-01-17 11:51:00,3.7947,3.8,3.7947,3.8,10675.0,BTBT
2025-01-17 11:50:00,3.795,3.8,3.795,3.7971,13471.0,BTBT
2025-01-17 11:49:00,3.805,3.81,3.795,3.7996,41998.0,BTBT
2025-01-17 11:48:00,3.8098,3.8098,3.802,3.8093,2339.0,BTBT
2025-01-17 11:47:00,3.7982,3.81,3.791,3.805,21161.0,BTBT
2025-01-17 11:46:00,3.795,3.8,3.785,3.795,31025.0,BTBT
2025-01-17 11:45:00,3.8001,3.805,3.785,3.795,35165.0,BTBT
2025-01-17 11:44:00,3.8,3.8096,3.795,3.805,29673.0,BTBT
2025-01-17 11:43:00,3.795,3.8,3.79,3.8,7977.0,BTBT
2025-01-17 11:42:00,3.8001,3.81,3.79,3.8,15406.0,BTBT
2025-01-17 11:41:00,3.795,3.82,3.795,3.805,44789.0,BTBT
2025-01-17 11:40:00,3.815,3.82,3.8,3.8,53223.0,BTBT
2025-01-17 11:39:00,3.81,3.82,3.8,3.815,51689.0,BTBT
2025-01-17 11:38:00,3.7988,3.81,3.79,3.81,24725.0,BTBT
2025-01-17 11:37:00,3.8196,3.82,3.79,3.795,55222.0,BTBT
2025-01-17 11:36:00,3.8113,3.82,3.81,3.8172,17339.0,BTBT
2025-01-17 11:35:00,3.795,3.82,3.795,3.8103,56721.0,BTBT
2025-01-17 11:34:00,3.8,3.8,3.79,3.79,22909.0,BTBT
2025-01-17 11:33:00,3.8089,3.8099,3.795,3.8017,29626.0,BTBT
2025-01-17 11:32:00,3.7901,3.81,3.79,3.805,16958.0,BTBT
2025-01-17 11:31:00,3.8001,3.81,3.7939,3.8,52846.0,BTBT
2025-01-17 11:30:00,3.815,3.82,3.805,3.805,72538.0,BTBT
2025-01-17 11:29:00,3.82,3.82,3.815,3.8171,34076.0,BTBT
2025-01-17 11:28:00,3.82,3.825,3.81,3.821,49290.0,BTBT
2025-01-17 11:27:00,3.8187,3.82,3.81,3.815,13672.0,BTBT
2025-01-17 11:26:00,3.825,3.825,3.81,3.82,56503.0,BTBT
2025-01-17 11:25:00,3.8243,3.835,3.815,3.825,85107.0,BTBT
2025-01-17 11:24:00,3.82,3.83,3.82,3.82,28738.0,BTBT
2025-01-17 11:23:00,3.845,3.85,3.82,3.82,68801.0,BTBT
2025-01-17 11:22:00,3.8481,3.85,3.84,3.85,9887.0,BTBT
2025-01-17 11:21:00,3.845,3.85,3.84,3.845,24899.0,BTBT
2025-01-17 11:20:00,3.85,3.85,3.84,3.85,19678.0,BTBT
2025-01-17 11:19:00,3.8443,3.85,3.8402,3.845,45892.0,BTBT
2025-01-17 11:18:00,3.84,3.845,3.8308,3.84,61149.0,BTBT
2025-01-17 11:17:00,3.8309,3.84,3.83,3.84,20761.0,BTBT
2025-01-17 11:16:00,3.835,3.8399,3.83,3.8399,23210.0,BTBT
2025-01-17 11:15:00,3.8231,3.84,3.8231,3.835,47751.0,BTBT
2025-01-17 11:14:00,3.83,3.835,3.82,3.825,61553.0,BTBT
2025-01-17 11:13:00,3.83,3.84,3.82,3.825,56385.0,BTBT
2025-01-17 11:12:00,3.8158,3.84,3.8109,3.84,67613.0,BTBT
2025-01-17 11:11:00,3.805,3.825,3.8,3.815,57958.0,BTBT
2025-01-17 11:10:00,3.765,3.8049,3.76,3.8049,62121.0,BTBT
2025-01-17 11:09:00,3.78,3.7803,3.765,3.765,44954.0,BTBT
2025-01-17 11:08:00,3.805,3.81,3.79,3.79,127362.0,BTBT
2025-01-17 11:07:00,3.7828,3.805,3.7828,3.805,61756.0,BTBT
2025-01-17 11:06:00,3.81,3.81,3.78,3.78,87417.0,BTBT
2025-01-17 11:05:00,3.805,3.81,3.8001,3.8001,17428.0,BTBT
2025-01-17 11:04:00,3.805,3.81,3.805,3.81,5486.0,BTBT
2025-01-17 11:03:00,3.8057,3.82,3.801,3.8096,26884.0,BTBT
2025-01-17 11:02:00,3.8197,3.83,3.805,3.8097,65226.0,BTBT
2025-01-17 11:01:00,3.8101,3.83,3.805,3.82,59797.0,BTBT
2025-01-17 11:00:00,3.81,3.82,3.8,3.8127,67275.0,BTBT
2025-01-17 10:59:00,3.805,3.82,3.8017,3.815,38693.0,BTBT
2025-01-17 10:58:00,3.82,3.83,3.8,3.8052,99734.0,BTBT
2025-01-17 10:57:00,3.8343,3.845,3.82,3.83,114419.0,BTBT
2025-01-17 10:56:00,3.85,3.85,3.825,3.84,75590.0,BTBT
2025-01-17 10:55:00,3.83,3.85,3.83,3.8417,96813.0,BTBT
2025-01-17 10:54:00,3.845,3.85,3.83,3.835,45283.0,BTBT
2025-01-17 10:53:00,3.84,3.85,3.84,3.845,98446.0,BTBT
2025-01-17 10:52:00,3.8492,3.85,3.83,3.845,43329.0,BTBT
2025-01-17 10:51:00,3.815,3.85,3.815,3.845,78105.0,BTBT
2025-01-17 10:50:00,3.8243,3.83,3.805,3.8101,96944.0,BTBT
2025-01-17 10:49:00,3.8248,3.83,3.82,3.8282,24326.0,BTBT
2025-01-17 10:48:00,3.79,3.8269,3.79,3.8269,73075.0,BTBT
2025-01-17 10:47:00,3.785,3.8091,3.785,3.7915,69002.0,BTBT
2025-01-17 10:46:00,3.79,3.79,3.78,3.785,36183.0,BTBT
2025-01-17 10:45:00,3.7717,3.79,3.7717,3.785,65313.0,BTBT
2025-01-17 10:44:00,3.775,3.78,3.77,3.77,36630.0,BTBT
2025-01-17 10:43:00,3.7769,3.78,3.77,3.775,19789.0,BTBT
2025-01-17 10:42:00,3.775,3.78,3.77,3.7776,13034.0,BTBT
2025-01-17 10:41:00,3.775,3.7793,3.7701,3.775,19875.0,BTBT
2025-01-17 10:40:00,3.7695,3.78,3.765,3.775,30418.0,BTBT
2025-01-17 10:39:00,3.74,3.7687,3.7367,3.765,83716.0,BTBT
2025-01-17 10:38:00,3.731,3.74,3.7301,3.7397,29859.0,BTBT
2025-01-17 10:37:00,3.7305,3.74,3.7228,3.7328,31528.0,BTBT
2025-01-17 10:36:00,3.73,3.74,3.71,3.74,82097.0,BTBT
2025-01-17 10:35:00,3.73,3.74,3.725,3.735,37289.0,BTBT
2025-01-17 10:34:00,3.725,3.73,3.7243,3.725,17563.0,BTBT
2025-01-17 10:33:00,3.735,3.735,3.725,3.7268,31548.0,BTBT
2025-01-17 10:32:00,3.755,3.755,3.7301,3.7301,30176.0,BTBT
2025-01-17 10:31:00,3.755,3.76,3.75,3.75,15205.0,BTBT
2025-01-17 10:30:00,3.765,3.77,3.75,3.75,24616.0,BTBT
2025-01-17 10:29:00,3.745,3.78,3.745,3.77,119044.0,BTBT
2025-01-17 10:28:00,3.72,3.7499,3.72,3.7499,35107.0,BTBT
2025-01-17 10:27:00,3.705,3.72,3.7,3.7187,99448.0,BTBT
2025-01-17 10:26:00,3.75,3.76,3.69,3.705,96725.0,BTBT
2025-01-17 10:25:00,3.7501,3.77,3.74,3.7488,97339.0,BTBT
2025-01-17 10:24:00,3.7288,3.76,3.7187,3.76,73440.0,BTBT
2025-01-17 10:23:00,3.715,3.73,3.715,3.7298,65753.0,BTBT
2025-01-17 10:22:00,3.7398,3.75,3.719,3.719,81565.0,BTBT
2025-01-17 10:21:00,3.76,3.76,3.7301,3.735,54718.0,BTBT
2025-01-17 10:20:00,3.79,3.8,3.76,3.77,82141.0,BTBT
2025-01-17 10:19:00,3.7805,3.8,3.7803,3.7926,29095.0,BTBT
2025-01-17 10:18:00,3.7887,3.79,3.78,3.7886,14545.0,BTBT
2025-01-17 10:17:00,3.79,3.79,3.78,3.7899,25084.0,BTBT
2025-01-17 10:16:00,3.7843,3.79,3.7843,3.785,40305.0,BTBT
2025-01-17 10:15:00,3.76,3.7893,3.76,3.7893,48733.0,BTBT
2025-01-17 10:14:00,3.78,3.78,3.745,3.7598,116319.0,BTBT
2025-01-17 10:13:00,3.785,3.7881,3.77,3.77,33151.0,BTBT
2025-01-17 10:12:00,3.7795,3.8,3.77,3.785,72453.0,BTBT
2025-01-17 10:11:00,3.78,3.78,3.75,3.7797,76946.0,BTBT
2025-01-17 10:10:00,3.775,3.7999,3.77,3.785,71847.0,BTBT
2025-01-17 10:09:00,3.755,3.78,3.755,3.775,49811.0,BTBT
2025-01-17 10:08:00,3.78,3.78,3.7514,3.7514,85120.0,BTBT
2025-01-17 10:07:00,3.7792,3.79,3.7714,3.785,20573.0,BTBT
2025-01-17 10:06:00,3.76,3.78,3.7501,3.7786,98079.0,BTBT
2025-01-17 10:05:00,3.75,3.76,3.7401,3.7587,63640.0,BTBT
2025-01-17 10:04:00,3.74,3.76,3.73,3.76,56243.0,BTBT
2025-01-17 10:03:00,3.7399,3.7499,3.725,3.74,189831.0,BTBT
2025-01-17 10:02:00,3.76,3.76,3.735,3.739,63473.0,BTBT
2025-01-17 10:01:00,3.7816,3.79,3.75,3.755,65635.0,BTBT
2025-01-17 10:00:00,3.757,3.79,3.755,3.785,88917.0,BTBT
2025-01-17 09:59:00,3.745,3.7585,3.7301,3.7585,25621.0,BTBT
2025-01-17 09:58:00,3.78,3.78,3.7336,3.749,73555.0,BTBT
2025-01-17 09:57:00,3.7698,3.78,3.76,3.7789,60313.0,BTBT
2025-01-17 09:56:00,3.7695,3.77,3.76,3.765,35422.0,BTBT
2025-01-17 09:55:00,3.77,3.77,3.762,3.7662,35595.0,BTBT
2025-01-17 09:54:00,3.755,3.77,3.7525,3.7635,22611.0,BTBT
2025-01-17 09:53:00,3.765,3.77,3.75,3.7502,68540.0,BTBT
2025-01-17 09:52:00,3.74,3.77,3.7399,3.765,37294.0,BTBT
2025-01-17 09:51:00,3.74,3.75,3.725,3.735,64210.0,BTBT
2025-01-17 09:50:00,3.715,3.74,3.715,3.7399,40862.0,BTBT
2025-01-17 09:49:00,3.7199,3.7199,3.71,3.715,6555.0,BTBT
2025-01-17 09:48:00,3.72,3.72,3.7009,3.71,35300.0,BTBT
2025-01-17 09:47:00,3.75,3.7544,3.7102,3.725,37841.0,BTBT
2025-01-17 09:46:00,3.74,3.76,3.74,3.75,84549.0,BTBT
2025-01-17 09:45:00,3.71,3.75,3.71,3.74,20593.0,BTBT
2025-01-17 09:44:00,3.678,3.7094,3.678,3.7094,36065.0,BTBT
2025-01-17 09:43:00,3.6797,3.68,3.67,3.6795,38115.0,BTBT
2025-01-17 09:42:00,3.7099,3.72,3.67,3.69,128688.0,BTBT
2025-01-17 09:41:00,3.73,3.73,3.705,3.705,75181.0,BTBT
2025-01-17 09:40:00,3.73,3.74,3.72,3.73,63348.0,BTBT
2025-01-17 09:39:00,3.73,3.75,3.71,3.7393,110628.0,BTBT
2025-01-17 09:38:00,3.735,3.75,3.725,3.7299,35247.0,BTBT
2025-01-17 09:37:00,3.74,3.74,3.7225,3.735,81253.0,BTBT
2025-01-17 09:36:00,3.76,3.77,3.7267,3.7394,69722.0,BTBT
2025-01-17 09:35:00,3.73,3.76,3.72,3.7598,63179.0,BTBT
2025-01-17 09:34:00,3.7285,3.7378,3.71,3.72,43343.0,BTBT
2025-01-17 09:33:00,3.7379,3.7468,3.7148,3.7186,92695.0,BTBT
2025-01-17 09:32:00,3.7007,3.74,3.7007,3.7344,41197.0,BTBT
2025-01-17 09:31:00,3.745,3.745,3.685,3.705,205840.0,BTBT
2025-01-17 09:30:00,3.79,3.82,3.72,3.74,296451.0,BTBT
2025-01-17 09:29:00,3.7897,3.79,3.7897,3.7899,2201.0,BTBT
2025-01-17 09:28:00,3.79,3.79,3.79,3.79,495.0,BTBT
2025-01-17 09:27:00,3.79,3.79,3.78,3.7801,668.0,BTBT
2025-01-17 09:26:00,3.78,3.78,3.7799,3.78,24064.0,BTBT
2025-01-17 09:25:00,3.77,3.78,3.76,3.76,30037.0,BTBT
2025-01-17 09:24:00,3.76,3.77,3.76,3.77,668.0,BTBT
2025-01-17 09:23:00,3.77,3.78,3.77,3.77,7342.0,BTBT
2025-01-17 09:22:00,3.77,3.77,3.77,3.77,22.0,BTBT
2025-01-17 09:21:00,3.78,3.78,3.77,3.77,9123.0,BTBT
2025-01-17 09:19:00,3.77,3.77,3.76,3.77,1450.0,BTBT
2025-01-17 09:18:00,3.75,3.76,3.75,3.76,1262.0,BTBT
2025-01-17 09:17:00,3.76,3.76,3.7598,3.76,3308.0,BTBT
2025-01-17 09:15:00,3.76,3.76,3.76,3.76,2022.0,BTBT
2025-01-17 09:14:00,3.76,3.76,3.76,3.76,102.0,BTBT
2025-01-17 09:13:00,3.75,3.76,3.75,3.76,68.0,BTBT
2025-01-17 09:12:00,3.75,3.7598,3.75,3.7598,1802.0,BTBT
2025-01-17 09:11:00,3.75,3.75,3.75,3.75,404.0,BTBT
2025-01-17 09:10:00,3.75,3.75,3.7499,3.75,297.0,BTBT
2025-01-17 09:09:00,3.74,3.75,3.74,3.75,3327.0,BTBT
2025-01-17 09:08:00,3.74,3.74,3.7399,3.7399,10910.0,BTBT
2025-01-17 09:07:00,3.7399,3.74,3.7301,3.74,11969.0,BTBT
2025-01-17 09:06:00,3.74,3.74,3.73,3.74,1968.0,BTBT
2025-01-17 09:05:00,3.75,3.75,3.7399,3.74,24116.0,BTBT
2025-01-17 09:04:00,3.74,3.74,3.74,3.74,193.0,BTBT
2025-01-17 09:03:00,3.7498,3.7498,3.74,3.7498,14950.0,BTBT
2025-01-17 09:02:00,3.74,3.74,3.74,3.74,100.0,BTBT
2025-01-17 09:00:00,3.74,3.75,3.74,3.75,302.0,BTBT
2025-01-17 08:59:00,3.75,3.75,3.75,3.75,6.0,BTBT
2025-01-17 08:58:00,3.75,3.75,3.75,3.75,1100.0,BTBT
2025-01-17 08:57:00,3.75,3.75,3.75,3.75,26.0,BTBT
2025-01-17 08:56:00,3.7398,3.75,3.7398,3.75,9276.0,BTBT
2025-01-17 08:55:00,3.74,3.74,3.7398,3.7398,823.0,BTBT
2025-01-17 08:54:00,3.74,3.75,3.74,3.74,4526.0,BTBT
2025-01-17 08:53:00,3.75,3.75,3.75,3.75,100.0,BTBT
2025-01-17 08:52:00,3.75,3.75,3.75,3.75,110.0,BTBT
2025-01-17 08:49:00,3.75,3.75,3.74,3.74,124.0,BTBT
2025-01-17 08:48:00,3.75,3.75,3.74,3.75,1532.0,BTBT
2025-01-17 08:47:00,3.75,3.75,3.7403,3.75,3528.0,BTBT
2025-01-17 08:46:00,3.75,3.75,3.75,3.75,1688.0,BTBT
2025-01-17 08:45:00,3.76,3.76,3.76,3.76,1.0,BTBT
2025-01-17 08:44:00,3.75,3.75,3.75,3.75,1.0,BTBT
2025-01-17 08:43:00,3.7595,3.76,3.7595,3.76,956.0,BTBT
2025-01-17 08:42:00,3.74,3.76,3.74,3.76,51.0,BTBT
2025-01-17 08:41:00,3.75,3.75,3.75,3.75,4206.0,BTBT
2025-01-17 08:40:00,3.75,3.75,3.7499,3.75,1700.0,BTBT
2025-01-17 08:39:00,3.76,3.76,3.75,3.75,6432.0,BTBT
2025-01-17 08:38:00,3.76,3.76,3.75,3.75,1081.0,BTBT
2025-01-17 08:37:00,3.77,3.77,3.769,3.77,8583.0,BTBT
2025-01-17 08:36:00,3.77,3.78,3.77,3.7798,4630.0,BTBT
2025-01-17 08:35:00,3.7797,3.78,3.77,3.77,702.0,BTBT
2025-01-17 08:33:00,3.75,3.78,3.75,3.78,2357.0,BTBT
2025-01-17 08:32:00,3.76,3.77,3.76,3.77,129.0,BTBT
2025-01-17 08:31:00,3.7792,3.7792,3.7792,3.7792,10.0,BTBT
2025-01-17 08:30:00,3.78,3.78,3.7799,3.7799,222.0,BTBT
2025-01-17 08:29:00,3.7792,3.78,3.76,3.78,4861.0,BTBT
2025-01-17 08:28:00,3.78,3.78,3.78,3.78,619.0,BTBT
2025-01-17 08:27:00,3.76,3.77,3.7598,3.7696,27361.0,BTBT
2025-01-17 08:26:00,3.76,3.76,3.7599,3.76,520.0,BTBT
2025-01-17 08:25:00,3.76,3.76,3.76,3.76,300.0,BTBT
2025-01-17 08:24:00,3.76,3.76,3.7599,3.7599,251.0,BTBT
2025-01-17 08:23:00,3.76,3.76,3.76,3.76,600.0,BTBT
2025-01-17 08:22:00,3.76,3.76,3.76,3.76,2700.0,BTBT
2025-01-17 08:21:00,3.7698,3.7698,3.76,3.76,2255.0,BTBT
2025-01-17 08:20:00,3.7605,3.7605,3.76,3.76,400.0,BTBT
2025-01-17 08:19:00,3.7603,3.77,3.7602,3.77,2022.0,BTBT
2025-01-17 08:18:00,3.7799,3.7799,3.77,3.77,1341.0,BTBT
2025-01-17 08:17:00,3.78,3.79,3.78,3.78,4774.0,BTBT
2025-01-17 08:16:00,3.78,3.79,3.78,3.79,753.0,BTBT
2025-01-17 08:15:00,3.79,3.79,3.7899,3.79,1020.0,BTBT
2025-01-17 08:14:00,3.78,3.78,3.7799,3.7799,6216.0,BTBT
2025-01-17 08:13:00,3.78,3.78,3.78,3.78,549.0,BTBT
2025-01-17 08:12:00,3.78,3.78,3.78,3.78,10.0,BTBT
2025-01-17 08:11:00,3.77,3.78,3.77,3.78,3250.0,BTBT
2025-01-17 08:10:00,3.7698,3.7698,3.76,3.7698,220.0,BTBT
2025-01-17 08:09:00,3.7797,3.7797,3.77,3.77,1055.0,BTBT
2025-01-17 08:08:00,3.78,3.79,3.7798,3.7798,750.0,BTBT
2025-01-17 08:07:00,3.77,3.78,3.77,3.78,125.0,BTBT
2025-01-17 08:06:00,3.77,3.77,3.76,3.7699,3827.0,BTBT
2025-01-17 08:05:00,3.7799,3.7799,3.76,3.77,12816.0,BTBT
2025-01-17 08:04:00,3.761,3.7795,3.761,3.7795,301.0,BTBT
2025-01-17 08:03:00,3.7604,3.78,3.7604,3.7799,1930.0,BTBT
2025-01-17 08:02:00,3.77,3.7792,3.76,3.7792,3661.0,BTBT
2025-01-17 08:01:00,3.76,3.77,3.76,3.77,1036.0,BTBT
2025-01-17 08:00:00,3.76,3.8,3.73,3.7601,57156.0,BTBT
2025-01-17 07:59:00,3.76,3.76,3.76,3.76,2058.0,BTBT
2025-01-17 07:51:00,3.76,3.76,3.76,3.76,200.0,BTBT
2025-01-17 07:49:00,3.76,3.77,3.76,3.77,510.0,BTBT
2025-01-17 07:48:00,3.76,3.76,3.76,3.76,3.0,BTBT
2025-01-17 07:47:00,3.75,3.75,3.75,3.75,200.0,BTBT
2025-01-17 07:45:00,3.75,3.75,3.75,3.75,3301.0,BTBT
2025-01-17 07:43:00,3.74,3.74,3.74,3.74,441.0,BTBT
2025-01-17 07:42:00,3.74,3.74,3.74,3.74,1000.0,BTBT
2025-01-17 07:41:00,3.74,3.74,3.74,3.74,1676.0,BTBT
2025-01-17 07:40:00,3.74,3.74,3.74,3.74,28.0,BTBT
2025-01-17 07:37:00,3.74,3.74,3.74,3.74,37.0,BTBT
2025-01-17 07:36:00,3.74,3.74,3.74,3.74,6.0,BTBT
2025-01-17 07:35:00,3.74,3.74,3.74,3.74,250.0,BTBT
2025-01-17 07:34:00,3.74,3.74,3.73,3.73,400.0,BTBT
2025-01-17 07:33:00,3.74,3.74,3.74,3.74,202.0,BTBT
2025-01-17 07:28:00,3.74,3.74,3.74,3.74,95.0,BTBT
2025-01-17 07:27:00,3.75,3.75,3.75,3.75,1342.0,BTBT
2025-01-17 07:25:00,3.75,3.75,3.75,3.75,8.0,BTBT
2025-01-17 07:24:00,3.761,3.761,3.76,3.76,3963.0,BTBT
2025-01-17 07:23:00,3.77,3.77,3.77,3.77,56.0,BTBT
2025-01-17 07:21:00,3.76,3.76,3.76,3.76,100.0,BTBT
2025-01-17 07:18:00,3.76,3.76,3.76,3.76,1041.0,BTBT
2025-01-17 07:13:00,3.75,3.75,3.75,3.75,20.0,BTBT
2025-01-17 07:11:00,3.75,3.75,3.75,3.75,1278.0,BTBT
2025-01-17 07:10:00,3.74,3.74,3.74,3.74,10.0,BTBT
2025-01-17 07:09:00,3.74,3.75,3.731,3.75,473.0,BTBT
2025-01-17 07:08:00,3.74,3.74,3.74,3.74,10.0,BTBT
2025-01-17 07:07:00,3.75,3.75,3.74,3.74,9836.0,BTBT
2025-01-17 07:06:00,3.75,3.75,3.745,3.745,1848.0,BTBT
2025-01-17 07:03:00,3.74,3.74,3.74,3.74,57.0,BTBT
2025-01-17 07:01:00,3.75,3.75,3.75,3.75,1575.0,BTBT
2025-01-17 07:00:00,3.76,3.76,3.76,3.76,9161.0,BTBT
2025-01-17 06:59:00,3.77,3.77,3.77,3.77,194.0,BTBT
2025-01-17 06:56:00,3.77,3.77,3.77,3.77,303.0,BTBT
2025-01-17 06:53:00,3.76,3.76,3.76,3.76,1716.0,BTBT
2025-01-17 06:50:00,3.77,3.77,3.77,3.77,222.0,BTBT
2025-01-17 06:49:00,3.77,3.77,3.77,3.77,16.0,BTBT
2025-01-17 06:46:00,3.77,3.77,3.77,3.77,17.0,BTBT
2025-01-17 06:44:00,3.77,3.77,3.77,3.77,100.0,BTBT
2025-01-17 06:43:00,3.77,3.77,3.77,3.77,1.0,BTBT
2025-01-17 06:42:00,3.77,3.77,3.77,3.77,111.0,BTBT
2025-01-17 06:41:00,3.77,3.77,3.77,3.77,173.0,BTBT
2025-01-17 06:40:00,3.77,3.77,3.77,3.77,100.0,BTBT
2025-01-17 06:38:00,3.77,3.77,3.77,3.77,120.0,BTBT
2025-01-17 06:37:00,3.77,3.77,3.77,3.77,414.0,BTBT
2025-01-17 06:36:00,3.77,3.77,3.77,3.77,1.0,BTBT
2025-01-17 06:34:00,3.76,3.76,3.76,3.76,1.0,BTBT
2025-01-17 06:31:00,3.77,3.77,3.77,3.77,214.0,BTBT
2025-01-17 06:30:00,3.76,3.76,3.76,3.76,27.0,BTBT
2025-01-17 06:29:00,3.77,3.77,3.77,3.77,20.0,BTBT
2025-01-17 06:27:00,3.78,3.78,3.77,3.77,1664.0,BTBT
2025-01-17 06:26:00,3.77,3.77,3.77,3.77,400.0,BTBT
2025-01-17 06:25:00,3.77,3.77,3.77,3.77,27.0,BTBT
2025-01-17 06:24:00,3.77,3.77,3.77,3.77,4.0,BTBT
2025-01-17 06:22:00,3.78,3.78,3.78,3.78,20.0,BTBT
2025-01-17 06:19:00,3.77,3.77,3.77,3.77,1.0,BTBT
2025-01-17 06:18:00,3.77,3.77,3.77,3.77,533.0,BTBT
2025-01-17 06:12:00,3.76,3.76,3.76,3.76,1.0,BTBT
2025-01-17 06:10:00,3.76,3.76,3.76,3.76,1.0,BTBT
2025-01-17 06:05:00,3.75,3.75,3.75,3.75,1.0,BTBT
2025-01-17 06:01:00,3.75,3.75,3.75,3.75,1.0,BTBT
2025-01-17 06:00:00,3.76,3.76,3.75,3.75,1000.0,BTBT
2025-01-17 05:59:00,3.77,3.77,3.77,3.77,200.0,BTBT
2025-01-17 05:55:00,3.75,3.75,3.75,3.75,581.0,BTBT
2025-01-17 05:52:00,3.76,3.76,3.76,3.76,1000.0,BTBT
2025-01-17 05:51:00,3.76,3.76,3.76,3.76,620.0,BTBT
2025-01-17 05:47:00,3.76,3.76,3.76,3.76,100.0,BTBT
2025-01-17 05:42:00,3.76,3.77,3.76,3.77,1046.0,BTBT
2025-01-17 05:40:00,3.76,3.76,3.76,3.76,20.0,BTBT
2025-01-17 05:35:00,3.76,3.76,3.76,3.76,220.0,BTBT
2025-01-17 05:34:00,3.76,3.76,3.76,3.76,601.0,BTBT
2025-01-17 05:33:00,3.75,3.75,3.75,3.75,1008.0,BTBT
2025-01-17 05:29:00,3.76,3.76,3.75,3.75,1119.0,BTBT
2025-01-17 05:28:00,3.78,3.78,3.76,3.76,3775.0,BTBT
2025-01-17 05:25:00,3.79,3.79,3.79,3.79,1570.0,BTBT
2025-01-17 05:16:00,3.78,3.78,3.78,3.78,25.0,BTBT
2025-01-17 05:14:00,3.78,3.78,3.78,3.78,13.0,BTBT
2025-01-17 05:13:00,3.79,3.79,3.79,3.79,500.0,BTBT
2025-01-17 05:12:00,3.78,3.78,3.78,3.78,302.0,BTBT
2025-01-17 05:10:00,3.79,3.79,3.78,3.78,264.0,BTBT
2025-01-17 05:04:00,3.79,3.79,3.79,3.79,1200.0,BTBT
2025-01-17 05:03:00,3.79,3.79,3.79,3.79,510.0,BTBT
2025-01-17 05:02:00,3.79,3.79,3.79,3.79,100.0,BTBT
2025-01-17 05:00:00,3.79,3.79,3.79,3.79,5.0,BTBT
2025-01-17 04:59:00,3.79,3.79,3.79,3.79,657.0,BTBT
2025-01-17 04:54:00,3.79,3.79,3.79,3.79,10.0,BTBT
2025-01-17 04:52:00,3.77,3.78,3.77,3.78,803.0,BTBT
2025-01-17 04:51:00,3.77,3.77,3.76,3.76,2100.0,BTBT
2025-01-17 04:50:00,3.77,3.77,3.77,3.77,1521.0,BTBT
2025-01-17 04:49:00,3.77,3.77,3.77,3.77,50.0,BTBT
2025-01-17 04:47:00,3.77,3.78,3.77,3.78,502.0,BTBT
2025-01-17 04:43:00,3.77,3.77,3.77,3.77,2812.0,BTBT
2025-01-17 04:42:00,3.77,3.77,3.77,3.77,659.0,BTBT
2025-01-17 04:41:00,3.77,3.77,3.77,3.77,20.0,BTBT
2025-01-17 04:40:00,3.77,3.77,3.77,3.77,216.0,BTBT
2025-01-17 04:39:00,3.78,3.78,3.77,3.77,2642.0,BTBT
2025-01-17 04:38:00,3.79,3.79,3.79,3.79,50.0,BTBT
2025-01-17 04:37:00,3.78,3.78,3.78,3.78,283.0,BTBT
2025-01-17 04:36:00,3.79,3.79,3.79,3.79,37.0,BTBT
2025-01-17 04:35:00,3.79,3.79,3.79,3.79,133.0,BTBT
2025-01-17 04:34:00,3.79,3.79,3.79,3.79,2800.0,BTBT
2025-01-17 04:33:00,3.79,3.79,3.78,3.78,1120.0,BTBT
2025-01-17 04:32:00,3.79,3.79,3.79,3.79,283.0,BTBT
2025-01-17 04:30:00,3.79,3.79,3.79,3.79,870.0,BTBT
2025-01-17 04:29:00,3.79,3.79,3.79,3.79,593.0,BTBT
2025-01-17 04:28:00,3.79,3.79,3.79,3.79,200.0,BTBT
2025-01-17 04:27:00,3.79,3.8,3.79,3.79,1255.0,BTBT
2025-01-17 04:26:00,3.79,3.8,3.79,3.8,4110.0,BTBT
2025-01-17 04:25:00,3.78,3.78,3.78,3.78,373.0,BTBT
2025-01-17 04:24:00,3.77,3.78,3.77,3.78,3590.0,BTBT
2025-01-17 04:23:00,3.77,3.77,3.77,3.77,9.0,BTBT
2025-01-17 04:22:00,3.77,3.77,3.77,3.77,11.0,BTBT
2025-01-17 04:21:00,3.77,3.77,3.77,3.77,4.0,BTBT
2025-01-17 04:20:00,3.765,3.765,3.765,3.765,22.0,BTBT
2025-01-17 04:18:00,3.765,3.765,3.76,3.76,300.0,BTBT
2025-01-17 04:17:00,3.765,3.765,3.765,3.765,120.0,BTBT
2025-01-17 04:15:00,3.77,3.78,3.765,3.765,9167.0,BTBT
2025-01-17 04:14:00,3.76,3.77,3.76,3.77,1814.0,BTBT
2025-01-17 04:13:00,3.76,3.76,3.76,3.76,5182.0,BTBT
2025-01-17 04:12:00,3.76,3.76,3.76,3.76,1.0,BTBT
2025-01-17 04:11:00,3.74,3.76,3.74,3.76,855.0,BTBT
2025-01-17 04:07:00,3.74,3.76,3.74,3.76,20.0,BTBT
2025-01-17 04:06:00,3.75,3.75,3.74,3.74,232.0,BTBT
2025-01-17 04:05:00,3.74,3.76,3.74,3.76,276.0,BTBT
2025-01-17 04:04:00,3.73,3.74,3.73,3.74,301.0,BTBT
2025-01-17 04:03:00,3.74,3.74,3.74,3.74,2.0,BTBT
2025-01-17 04:02:00,3.69,3.73,3.69,3.72,2407.0,BTBT
2025-01-17 04:01:00,3.7,3.7,3.69,3.7,341.0,BTBT
2025-01-17 04:00:00,3.73,3.8,3.71,3.71,25.0,BTBT
2025-01-16 19:59:00,3.65,3.65,3.65,3.65,475.0,BTBT
2025-01-16 19:57:00,3.64,3.64,3.64,3.64,25.0,BTBT
2025-01-16 19:54:00,3.649,3.649,3.649,3.649,5000.0,BTBT
2025-01-16 19:53:00,3.64,3.64,3.64,3.64,30.0,BTBT
2025-01-16 19:48:00,3.65,3.65,3.65,3.65,4807.0,BTBT
2025-01-16 19:47:00,3.64,3.64,3.64,3.64,35.0,BTBT
2025-01-16 19:44:00,3.6299,3.63,3.6299,3.63,2035.0,BTBT
2025-01-16 19:43:00,3.63,3.63,3.63,3.63,2.0,BTBT
2025-01-16 19:40:00,3.63,3.63,3.63,3.63,1.0,BTBT
2025-01-16 19:35:00,3.6298,3.6298,3.6298,3.6298,1.0,BTBT
2025-01-16 19:33:00,3.63,3.6301,3.63,3.6301,444.0,BTBT
2025-01-16 19:27:00,3.63,3.64,3.63,3.64,201.0,BTBT
2025-01-16 19:22:00,3.64,3.64,3.64,3.64,5.0,BTBT
2025-01-16 19:20:00,3.6399,3.6399,3.6399,3.6399,550.0,BTBT
2025-01-16 19:19:00,3.6397,3.6397,3.6397,3.6397,5.0,BTBT
2025-01-16 19:18:00,3.64,3.64,3.64,3.64,205.0,BTBT
2025-01-16 19:17:00,3.64,3.64,3.64,3.64,10.0,BTBT
2025-01-16 19:13:00,3.64,3.64,3.64,3.64,2.0,BTBT
2025-01-16 19:04:00,3.64,3.64,3.64,3.64,50.0,BTBT
2025-01-16 18:53:00,3.6499,3.6499,3.6499,3.6499,25.0,BTBT
2025-01-16 18:52:00,3.64,3.64,3.64,3.64,1.0,BTBT
2025-01-16 18:50:00,3.63,3.63,3.63,3.63,2.0,BTBT
2025-01-16 18:49:00,3.6495,3.6495,3.6495,3.6495,1000.0,BTBT
2025-01-16 18:48:00,3.6204,3.6204,3.6204,3.6204,300.0,BTBT
2025-01-16 18:46:00,3.6209,3.6209,3.6209,3.6209,2.0,BTBT
2025-01-16 18:29:00,3.63,3.63,3.63,3.63,1.0,BTBT
2025-01-16 18:27:00,3.64,3.64,3.64,3.64,2.0,BTBT
2025-01-16 18:17:00,3.63,3.63,3.63,3.63,200.0,BTBT
2025-01-16 18:12:00,3.62,3.62,3.62,3.62,450.0,BTBT
2025-01-16 18:11:00,3.62,3.62,3.62,3.62,33289.0,BTBT
2025-01-16 18:09:00,3.62,3.62,3.62,3.62,15.0,BTBT
2025-01-16 18:08:00,3.6198,3.6198,3.6198,3.6198,1000.0,BTBT
2025-01-16 18:01:00,3.62,3.62,3.62,3.62,2.0,BTBT
2025-01-16 17:58:00,3.62,3.62,3.62,3.62,1.0,BTBT
2025-01-16 17:57:00,3.62,3.62,3.62,3.62,50.0,BTBT
2025-01-16 17:56:00,3.62,3.62,3.62,3.62,25.0,BTBT
2025-01-16 17:44:00,3.61,3.6101,3.61,3.6101,20.0,BTBT
2025-01-16 17:41:00,3.62,3.62,3.62,3.62,1500.0,BTBT
2025-01-16 17:40:00,3.61,3.61,3.61,3.61,13.0,BTBT
2025-01-16 17:34:00,3.6197,3.6197,3.6197,3.6197,100.0,BTBT
2025-01-16 17:32:00,3.61,3.61,3.61,3.61,200.0,BTBT
2025-01-16 17:31:00,3.62,3.62,3.62,3.62,1.0,BTBT
2025-01-16 17:26:00,3.6198,3.6198,3.6198,3.6198,600.0,BTBT
2025-01-16 17:22:00,3.62,3.62,3.62,3.62,200.0,BTBT
2025-01-16 17:21:00,3.6197,3.6197,3.6197,3.6197,2.0,BTBT
2025-01-16 17:10:00,3.61,3.61,3.61,3.61,1.0,BTBT
2025-01-16 17:09:00,3.61,3.61,3.61,3.61,4.0,BTBT
2025-01-16 17:05:00,3.61,3.61,3.61,3.61,5.0,BTBT
2025-01-16 17:00:00,3.62,3.62,3.62,3.62,1875.0,BTBT
2025-01-16 16:55:00,3.61,3.61,3.61,3.61,4.0,BTBT
2025-01-16 16:49:00,3.6198,3.6198,3.6198,3.6198,200.0,BTBT
2025-01-16 16:40:00,3.62,3.62,3.62,3.62,581.0,BTBT
2025-01-16 16:38:00,3.61,3.61,3.61,3.61,100.0,BTBT
2025-01-16 16:37:00,3.61,3.61,3.61,3.61,1074.0,BTBT
2025-01-16 16:36:00,3.61,3.61,3.61,3.61,500.0,BTBT
2025-01-16 16:34:00,3.6,3.6,3.6,3.6,10.0,BTBT
2025-01-16 16:33:00,3.6,3.6001,3.6,3.6001,3240.0,BTBT
2025-01-16 16:28:00,3.61,3.61,3.61,3.61,100.0,BTBT
2025-01-16 16:27:00,3.6,3.6,3.6,3.6,163.0,BTBT
2025-01-16 16:26:00,3.6,3.6,3.6,3.6,137.0,BTBT
2025-01-16 16:24:00,3.61,3.61,3.6099,3.6099,100.0,BTBT
2025-01-16 16:23:00,3.61,3.61,3.61,3.61,8.0,BTBT
2025-01-16 16:22:00,3.61,3.61,3.6099,3.6099,100.0,BTBT
2025-01-16 16:20:00,3.63,3.63,3.6001,3.6001,105.0,BTBT
2025-01-16 16:18:00,3.6,3.6004,3.6,3.6001,6005.0,BTBT
2025-01-16 16:17:00,3.6,3.6,3.6,3.6,1000.0,BTBT
2025-01-16 16:15:00,3.62,3.62,3.62,3.62,10.0,BTBT
2025-01-16 16:11:00,3.6004,3.62,3.6004,3.62,1380.0,BTBT
2025-01-16 16:10:00,3.6005,3.6005,3.6005,3.6005,4000.0,BTBT
2025-01-16 16:09:00,3.6,3.6,3.6,3.6,1.0,BTBT
2025-01-16 16:08:00,3.62,3.62,3.62,3.62,5.0,BTBT
2025-01-16 16:07:00,3.6,3.6,3.6,3.6,77.0,BTBT
2025-01-16 16:06:00,3.6,3.62,3.6,3.62,1655.0,BTBT
2025-01-16 16:05:00,3.63,3.65,3.63,3.63,6909.0,BTBT
2025-01-16 16:04:00,3.63,3.63,3.63,3.63,17374.0,BTBT
2025-01-16 16:03:00,3.63,3.63,3.63,3.63,2568.0,BTBT
2025-01-16 16:01:00,3.63,3.63,3.63,3.63,8675.0,BTBT
2025-01-16 16:00:00,3.63,3.63,3.63,3.63,468503.0,BTBT
2025-01-16 15:59:00,3.625,3.63,3.62,3.63,31798.0,BTBT
2025-01-16 15:58:00,3.605,3.63,3.6,3.625,209547.0,BTBT
2025-01-16 15:57:00,3.61,3.6199,3.605,3.605,71847.0,BTBT
2025-01-16 15:56:00,3.62,3.6286,3.61,3.62,53721.0,BTBT
2025-01-16 15:55:00,3.6324,3.6358,3.62,3.62,30858.0,BTBT
2025-01-16 15:54:00,3.645,3.65,3.635,3.635,48077.0,BTBT
2025-01-16 15:53:00,3.635,3.645,3.63,3.645,41530.0,BTBT
2025-01-16 15:52:00,3.63,3.639,3.63,3.6363,43665.0,BTBT
2025-01-16 15:51:00,3.6398,3.64,3.63,3.6399,26206.0,BTBT
2025-01-16 15:50:00,3.635,3.64,3.635,3.64,24862.0,BTBT
2025-01-16 15:49:00,3.6389,3.64,3.6302,3.635,14968.0,BTBT
2025-01-16 15:48:00,3.64,3.6411,3.635,3.635,31950.0,BTBT
2025-01-16 15:47:00,3.645,3.645,3.64,3.64,8716.0,BTBT
2025-01-16 15:46:00,3.64,3.65,3.64,3.64,14153.0,BTBT
2025-01-16 15:45:00,3.645,3.6499,3.64,3.645,9859.0,BTBT
2025-01-16 15:44:00,3.6499,3.65,3.64,3.645,16551.0,BTBT
2025-01-16 15:43:00,3.6601,3.67,3.64,3.64,80164.0,BTBT
2025-01-16 15:42:00,3.665,3.67,3.665,3.665,22781.0,BTBT
2025-01-16 15:41:00,3.665,3.665,3.665,3.665,4545.0,BTBT
2025-01-16 15:40:00,3.665,3.665,3.665,3.665,1607.0,BTBT
2025-01-16 15:39:00,3.68,3.68,3.665,3.665,19472.0,BTBT
2025-01-16 15:38:00,3.68,3.68,3.6704,3.68,4480.0,BTBT
2025-01-16 15:37:00,3.68,3.68,3.6721,3.68,5278.0,BTBT
2025-01-16 15:36:00,3.66,3.68,3.655,3.675,52889.0,BTBT
2025-01-16 15:35:00,3.66,3.66,3.6543,3.66,18817.0,BTBT
2025-01-16 15:34:00,3.655,3.66,3.655,3.66,2568.0,BTBT
2025-01-16 15:33:00,3.65,3.66,3.65,3.655,130704.0,BTBT
2025-01-16 15:32:00,3.635,3.65,3.635,3.65,128950.0,BTBT
2025-01-16 15:31:00,3.64,3.64,3.6345,3.6345,25318.0,BTBT
2025-01-16 15:30:00,3.64,3.645,3.64,3.645,1846.0,BTBT
2025-01-16 15:29:00,3.65,3.655,3.64,3.645,48995.0,BTBT
2025-01-16 15:28:00,3.66,3.66,3.65,3.65,17618.0,BTBT
2025-01-16 15:27:00,3.65,3.66,3.65,3.655,1993.0,BTBT
2025-01-16 15:26:00,3.65,3.66,3.65,3.65,2726.0,BTBT
2025-01-16 15:25:00,3.65,3.66,3.65,3.65,1308.0,BTBT
2025-01-16 15:24:00,3.655,3.66,3.65,3.65,6156.0,BTBT
2025-01-16 15:23:00,3.67,3.67,3.6545,3.655,17136.0,BTBT
2025-01-16 15:22:00,3.66,3.6699,3.66,3.665,7853.0,BTBT
2025-01-16 15:21:00,3.67,3.67,3.665,3.665,812.0,BTBT
2025-01-16 15:20:00,3.67,3.67,3.66,3.66,7987.0,BTBT
2025-01-16 15:19:00,3.6627,3.6688,3.66,3.66,18252.0,BTBT
2025-01-16 15:18:00,3.675,3.68,3.6601,3.6601,47059.0,BTBT
2025-01-16 15:17:00,3.6808,3.685,3.675,3.6794,39436.0,BTBT
2025-01-16 15:16:00,3.682,3.6887,3.682,3.6887,2713.0,BTBT
2025-01-16 15:15:00,3.6869,3.69,3.685,3.685,1640.0,BTBT
2025-01-16 15:14:00,3.6826,3.6862,3.6809,3.6818,3979.0,BTBT
2025-01-16 15:13:00,3.6863,3.6872,3.6835,3.6872,1804.0,BTBT
2025-01-16 15:12:00,3.6879,3.6879,3.685,3.685,1577.0,BTBT
2025-01-16 15:11:00,3.685,3.69,3.685,3.69,1749.0,BTBT
2025-01-16 15:10:00,3.685,3.685,3.685,3.685,1598.0,BTBT
2025-01-16 15:09:00,3.6872,3.6872,3.6872,3.6872,1285.0,BTBT
2025-01-16 15:08:00,3.68,3.685,3.6721,3.685,24222.0,BTBT
2025-01-16 15:07:00,3.68,3.68,3.675,3.68,8637.0,BTBT
2025-01-16 15:06:00,3.6794,3.685,3.6701,3.675,13907.0,BTBT
2025-01-16 15:05:00,3.68,3.685,3.6722,3.68,39690.0,BTBT
2025-01-16 15:04:00,3.6801,3.6811,3.6801,3.6811,17662.0,BTBT
2025-01-16 15:03:00,3.68,3.69,3.68,3.69,37846.0,BTBT
2025-01-16 15:02:00,3.68,3.68,3.6747,3.6747,3609.0,BTBT
2025-01-16 15:01:00,3.675,3.68,3.675,3.675,3334.0,BTBT
2025-01-16 15:00:00,3.6693,3.675,3.6693,3.6701,31067.0,BTBT
2025-01-16 14:59:00,3.67,3.67,3.6652,3.6652,783.0,BTBT
2025-01-16 14:58:00,3.67,3.67,3.6672,3.6672,5032.0,BTBT
2025-01-16 14:57:00,3.669,3.67,3.669,3.67,2353.0,BTBT
2025-01-16 14:56:00,3.655,3.6669,3.655,3.6628,24645.0,BTBT
2025-01-16 14:55:00,3.655,3.66,3.65,3.66,1690.0,BTBT
2025-01-16 14:54:00,3.655,3.655,3.655,3.655,6737.0,BTBT
2025-01-16 14:53:00,3.655,3.66,3.655,3.655,583.0,BTBT
2025-01-16 14:52:00,3.66,3.66,3.6514,3.6514,3479.0,BTBT
2025-01-16 14:51:00,3.66,3.6601,3.6529,3.655,17703.0,BTBT
2025-01-16 14:50:00,3.67,3.68,3.66,3.66,17453.0,BTBT
2025-01-16 14:49:00,3.675,3.675,3.675,3.675,3359.0,BTBT
2025-01-16 14:48:00,3.6718,3.68,3.67,3.67,2331.0,BTBT
2025-01-16 14:47:00,3.67,3.68,3.6698,3.675,36780.0,BTBT
2025-01-16 14:46:00,3.6695,3.67,3.6609,3.6651,40316.0,BTBT
2025-01-16 14:45:00,3.67,3.67,3.6626,3.67,5412.0,BTBT
2025-01-16 14:44:00,3.665,3.67,3.6626,3.6626,2332.0,BTBT
2025-01-16 14:43:00,3.67,3.67,3.665,3.665,12061.0,BTBT
2025-01-16 14:42:00,3.66,3.67,3.66,3.67,1164.0,BTBT
2025-01-16 14:41:00,3.6627,3.67,3.6601,3.665,14904.0,BTBT
2025-01-16 14:40:00,3.665,3.67,3.665,3.67,29300.0,BTBT
2025-01-16 14:39:00,3.665,3.6687,3.665,3.665,871.0,BTBT
2025-01-16 14:38:00,3.66,3.6687,3.66,3.665,2032.0,BTBT
2025-01-16 14:37:00,3.67,3.67,3.66,3.665,2004.0,BTBT
2025-01-16 14:36:00,3.66,3.67,3.66,3.66,3698.0,BTBT
2025-01-16 14:35:00,3.66,3.6675,3.66,3.66,19964.0,BTBT
2025-01-16 14:34:00,3.66,3.66,3.66,3.66,557.0,BTBT
2025-01-16 14:33:00,3.6673,3.6673,3.66,3.6603,2112.0,BTBT
2025-01-16 14:32:00,3.68,3.68,3.665,3.665,33346.0,BTBT
2025-01-16 14:31:00,3.675,3.68,3.6701,3.6701,12675.0,BTBT
2025-01-16 14:30:00,3.67,3.68,3.67,3.6755,3382.0,BTBT
2025-01-16 14:29:00,3.68,3.68,3.675,3.675,2581.0,BTBT
2025-01-16 14:28:00,3.68,3.68,3.67,3.68,3048.0,BTBT
2025-01-16 14:27:00,3.68,3.68,3.68,3.68,1143.0,BTBT
2025-01-16 14:26:00,3.67,3.68,3.6695,3.67,28069.0,BTBT
2025-01-16 14:25:00,3.655,3.669,3.6521,3.665,25116.0,BTBT
2025-01-16 14:24:00,3.6513,3.658,3.651,3.655,13901.0,BTBT
2025-01-16 14:23:00,3.655,3.655,3.655,3.655,554.0,BTBT
2025-01-16 14:22:00,3.65,3.66,3.65,3.6592,61951.0,BTBT
2025-01-16 14:21:00,3.6405,3.65,3.6405,3.645,8254.0,BTBT
2025-01-16 14:20:00,3.645,3.6487,3.64,3.645,7654.0,BTBT
2025-01-16 14:19:00,3.65,3.65,3.645,3.6476,3017.0,BTBT
2025-01-16 14:18:00,3.65,3.65,3.645,3.65,5854.0,BTBT
2025-01-16 14:17:00,3.65,3.65,3.64,3.64,9736.0,BTBT
2025-01-16 14:16:00,3.645,3.65,3.64,3.6408,4608.0,BTBT
2025-01-16 14:15:00,3.6406,3.645,3.64,3.645,13609.0,BTBT
2025-01-16 14:14:00,3.6487,3.65,3.6405,3.645,14357.0,BTBT
2025-01-16 14:13:00,3.65,3.65,3.6424,3.645,5421.0,BTBT
2025-01-16 14:12:00,3.65,3.65,3.645,3.645,13919.0,BTBT
2025-01-16 14:11:00,3.65,3.65,3.65,3.65,465.0,BTBT
2025-01-16 14:10:00,3.6405,3.65,3.64,3.64,20299.0,BTBT
2025-01-16 14:09:00,3.6301,3.65,3.6301,3.6405,40720.0,BTBT
2025-01-16 14:08:00,3.65,3.65,3.6399,3.6399,38598.0,BTBT
2025-01-16 14:07:00,3.6412,3.65,3.6412,3.645,1237.0,BTBT
2025-01-16 14:06:00,3.6399,3.645,3.6368,3.6443,20571.0,BTBT
2025-01-16 14:05:00,3.64,3.64,3.63,3.63,20006.0,BTBT
2025-01-16 14:04:00,3.625,3.64,3.6206,3.64,27969.0,BTBT
2025-01-16 14:03:00,3.63,3.63,3.6299,3.6299,566.0,BTBT
2025-01-16 14:02:00,3.62,3.63,3.62,3.625,1266.0,BTBT
2025-01-16 14:01:00,3.62,3.62,3.62,3.62,484.0,BTBT
2025-01-16 14:00:00,3.6201,3.6213,3.6201,3.6213,7544.0,BTBT
2025-01-16 13:59:00,3.625,3.63,3.625,3.63,7602.0,BTBT
2025-01-16 13:58:00,3.62,3.6229,3.62,3.6201,14393.0,BTBT
2025-01-16 13:57:00,3.62,3.62,3.6157,3.62,13991.0,BTBT
2025-01-16 13:56:00,3.63,3.63,3.6207,3.6207,896.0,BTBT
2025-01-16 13:55:00,3.63,3.63,3.6206,3.6206,3714.0,BTBT
2025-01-16 13:54:00,3.63,3.63,3.63,3.63,864.0,BTBT
2025-01-16 13:53:00,3.62,3.63,3.62,3.625,22224.0,BTBT
2025-01-16 13:52:00,3.615,3.62,3.61,3.6199,4442.0,BTBT
2025-01-16 13:51:00,3.62,3.62,3.615,3.615,2525.0,BTBT
2025-01-16 13:50:00,3.605,3.6143,3.605,3.61,7363.0,BTBT
2025-01-16 13:49:00,3.5999,3.61,3.595,3.61,49315.0,BTBT
2025-01-16 13:48:00,3.6,3.6,3.5985,3.5985,464.0,BTBT
2025-01-16 13:47:00,3.6043,3.6043,3.5957,3.5994,10822.0,BTBT
2025-01-16 13:46:00,3.6,3.6,3.6,3.6,1215.0,BTBT
2025-01-16 13:45:00,3.61,3.61,3.61,3.61,4119.0,BTBT
2025-01-16 13:43:00,3.62,3.62,3.6195,3.62,10657.0,BTBT
2025-01-16 13:42:00,3.615,3.625,3.615,3.6201,17372.0,BTBT
2025-01-16 13:41:00,3.6101,3.62,3.6101,3.62,9721.0,BTBT
2025-01-16 13:40:00,3.61,3.61,3.61,3.61,40226.0,BTBT
2025-01-16 13:39:00,3.6072,3.61,3.6,3.605,79864.0,BTBT
2025-01-16 13:38:00,3.6064,3.6083,3.6025,3.6057,4847.0,BTBT
2025-01-16 13:37:00,3.605,3.61,3.6,3.6057,19845.0,BTBT
2025-01-16 13:36:00,3.62,3.62,3.605,3.6097,25929.0,BTBT
2025-01-16 13:35:00,3.6125,3.62,3.6113,3.615,10364.0,BTBT
2025-01-16 13:34:00,3.615,3.62,3.605,3.6105,60198.0,BTBT
2025-01-16 13:33:00,3.6101,3.62,3.6043,3.62,34202.0,BTBT
2025-01-16 13:32:00,3.63,3.63,3.615,3.62,14453.0,BTBT
2025-01-16 13:31:00,3.615,3.62,3.615,3.62,6712.0,BTBT
2025-01-16 13:30:00,3.62,3.62,3.615,3.62,4571.0,BTBT
2025-01-16 13:29:00,3.63,3.63,3.63,3.63,8238.0,BTBT
2025-01-16 13:28:00,3.635,3.64,3.63,3.63,2831.0,BTBT
2025-01-16 13:27:00,3.64,3.64,3.635,3.635,484.0,BTBT
2025-01-16 13:26:00,3.64,3.64,3.64,3.64,1119.0,BTBT
2025-01-16 13:25:00,3.635,3.635,3.635,3.635,713.0,BTBT
2025-01-16 13:24:00,3.635,3.635,3.635,3.635,382.0,BTBT
2025-01-16 13:23:00,3.63,3.65,3.63,3.64,52827.0,BTBT
2025-01-16 13:22:00,3.63,3.6373,3.63,3.63,2555.0,BTBT
2025-01-16 13:21:00,3.638,3.64,3.63,3.63,6474.0,BTBT
2025-01-16 13:20:00,3.6301,3.6301,3.63,3.6301,2011.0,BTBT
2025-01-16 13:19:00,3.63,3.64,3.63,3.635,1750.0,BTBT
2025-01-16 13:18:00,3.635,3.635,3.63,3.6301,1075.0,BTBT
2025-01-16 13:17:00,3.635,3.635,3.63,3.63,791.0,BTBT
2025-01-16 13:16:00,3.64,3.64,3.63,3.64,4317.0,BTBT
2025-01-16 13:15:00,3.64,3.65,3.64,3.65,894.0,BTBT
2025-01-16 13:14:00,3.645,3.65,3.64,3.6467,3899.0,BTBT
2025-01-16 13:13:00,3.65,3.65,3.64,3.64,3221.0,BTBT
2025-01-16 13:12:00,3.655,3.655,3.6411,3.6411,12225.0,BTBT
2025-01-16 13:11:00,3.66,3.66,3.65,3.65,10891.0,BTBT
2025-01-16 13:09:00,3.665,3.665,3.66,3.665,1865.0,BTBT
2025-01-16 13:08:00,3.665,3.67,3.665,3.67,1292.0,BTBT
2025-01-16 13:07:00,3.6695,3.6695,3.6695,3.6695,4005.0,BTBT
2025-01-16 13:06:00,3.6696,3.67,3.6601,3.6638,12661.0,BTBT
2025-01-16 13:05:00,3.6697,3.68,3.6611,3.6696,61166.0,BTBT
2025-01-16 13:04:00,3.67,3.67,3.665,3.67,2074.0,BTBT
2025-01-16 13:03:00,3.6599,3.6699,3.6599,3.665,8605.0,BTBT
2025-01-16 13:02:00,3.655,3.67,3.655,3.655,32939.0,BTBT
2025-01-16 13:01:00,3.6696,3.67,3.66,3.6601,105720.0,BTBT
2025-01-16 13:00:00,3.66,3.67,3.655,3.6601,64305.0,BTBT
2025-01-16 12:59:00,3.6601,3.67,3.6601,3.6613,2246.0,BTBT
2025-01-16 12:58:00,3.67,3.67,3.66,3.66,12524.0,BTBT
2025-01-16 12:57:00,3.665,3.6669,3.6601,3.665,7111.0,BTBT
2025-01-16 12:56:00,3.665,3.67,3.6612,3.6693,4841.0,BTBT
2025-01-16 12:55:00,3.665,3.67,3.665,3.665,5429.0,BTBT
2025-01-16 12:54:00,3.6697,3.67,3.6629,3.6629,7820.0,BTBT
2025-01-16 12:53:00,3.67,3.6777,3.6611,3.6699,24420.0,BTBT
2025-01-16 12:52:00,3.65,3.67,3.65,3.67,8290.0,BTBT
2025-01-16 12:51:00,3.655,3.66,3.65,3.65,1817.0,BTBT
2025-01-16 12:50:00,3.6591,3.66,3.65,3.65,3642.0,BTBT
2025-01-16 12:49:00,3.66,3.66,3.655,3.6589,4156.0,BTBT
2025-01-16 12:48:00,3.66,3.66,3.65,3.66,16408.0,BTBT
2025-01-16 12:47:00,3.655,3.655,3.655,3.655,1721.0,BTBT
2025-01-16 12:46:00,3.6593,3.66,3.6546,3.66,5790.0,BTBT
2025-01-16 12:45:00,3.67,3.6701,3.66,3.66,55450.0,BTBT
2025-01-16 12:44:00,3.665,3.665,3.665,3.665,890.0,BTBT
2025-01-16 12:43:00,3.6693,3.6693,3.66,3.6691,6365.0,BTBT
2025-01-16 12:42:00,3.6602,3.6602,3.6602,3.6602,1193.0,BTBT
2025-01-16 12:41:00,3.6595,3.67,3.6575,3.6604,10497.0,BTBT
2025-01-16 12:40:00,3.65,3.66,3.645,3.655,15491.0,BTBT
2025-01-16 12:39:00,3.66,3.6601,3.6543,3.6543,4352.0,BTBT
2025-01-16 12:38:00,3.6595,3.67,3.6574,3.66,3064.0,BTBT
2025-01-16 12:37:00,3.65,3.66,3.65,3.66,18183.0,BTBT
2025-01-16 12:36:00,3.64,3.65,3.64,3.6495,21433.0,BTBT
2025-01-16 12:35:00,3.63,3.64,3.63,3.64,15692.0,BTBT
2025-01-16 12:34:00,3.6302,3.6345,3.6302,3.6321,1997.0,BTBT
2025-01-16 12:33:00,3.622,3.635,3.622,3.635,6485.0,BTBT
2025-01-16 12:32:00,3.62,3.63,3.62,3.6299,3945.0,BTBT
2025-01-16 12:31:00,3.64,3.6401,3.6213,3.6213,15344.0,BTBT
2025-01-16 12:30:00,3.6565,3.6565,3.64,3.6495,17247.0,BTBT
2025-01-16 12:29:00,3.66,3.66,3.6536,3.66,6203.0,BTBT
2025-01-16 12:28:00,3.655,3.655,3.655,3.655,3327.0,BTBT
2025-01-16 12:27:00,3.65,3.655,3.65,3.655,3610.0,BTBT
2025-01-16 12:26:00,3.6499,3.66,3.6499,3.6501,8867.0,BTBT
2025-01-16 12:25:00,3.65,3.65,3.6484,3.6484,20079.0,BTBT
2025-01-16 12:24:00,3.6399,3.65,3.6368,3.6445,20927.0,BTBT
2025-01-16 12:23:00,3.625,3.6398,3.625,3.6398,7180.0,BTBT
2025-01-16 12:22:00,3.6397,3.6397,3.6245,3.625,19660.0,BTBT
2025-01-16 12:21:00,3.6323,3.645,3.6301,3.6305,63994.0,BTBT
2025-01-16 12:20:00,3.6301,3.64,3.6301,3.635,12897.0,BTBT
2025-01-16 12:19:00,3.65,3.65,3.625,3.635,32139.0,BTBT
2025-01-16 12:18:00,3.625,3.65,3.6201,3.65,52345.0,BTBT
2025-01-16 12:17:00,3.62,3.63,3.62,3.625,17563.0,BTBT
2025-01-16 12:16:00,3.615,3.63,3.615,3.621,2775.0,BTBT
2025-01-16 12:15:00,3.62,3.63,3.615,3.615,28378.0,BTBT
2025-01-16 12:14:00,3.6199,3.6199,3.6199,3.6199,622.0,BTBT
2025-01-16 12:13:00,3.615,3.62,3.61,3.6198,3932.0,BTBT
2025-01-16 12:12:00,3.62,3.62,3.6112,3.62,8561.0,BTBT
2025-01-16 12:11:00,3.62,3.62,3.61,3.62,25717.0,BTBT
2025-01-16 12:10:00,3.62,3.62,3.61,3.6106,13319.0,BTBT
2025-01-16 12:09:00,3.615,3.615,3.61,3.61,489.0,BTBT
2025-01-16 12:08:00,3.6141,3.615,3.61,3.615,6637.0,BTBT
2025-01-16 12:07:00,3.615,3.62,3.615,3.62,17460.0,BTBT
2025-01-16 12:06:00,3.6158,3.6199,3.615,3.615,9668.0,BTBT
2025-01-16 12:05:00,3.63,3.63,3.6113,3.6113,30277.0,BTBT
2025-01-16 12:04:00,3.62,3.63,3.62,3.6293,15922.0,BTBT
2025-01-16 12:03:00,3.62,3.63,3.6197,3.6197,32912.0,BTBT
2025-01-16 12:02:00,3.619,3.629,3.61,3.62,32194.0,BTBT
2025-01-16 12:01:00,3.61,3.62,3.605,3.62,51869.0,BTBT
2025-01-16 12:00:00,3.62,3.62,3.6098,3.6098,15088.0,BTBT
2025-01-16 11:59:00,3.61,3.625,3.61,3.625,5653.0,BTBT
2025-01-16 11:58:00,3.62,3.62,3.61,3.615,1647.0,BTBT
2025-01-16 11:57:00,3.615,3.62,3.61,3.6199,6835.0,BTBT
2025-01-16 11:56:00,3.615,3.615,3.6149,3.615,6929.0,BTBT
2025-01-16 11:55:00,3.61,3.62,3.61,3.6184,9890.0,BTBT
2025-01-16 11:54:00,3.6101,3.6192,3.605,3.6101,42921.0,BTBT
2025-01-16 11:53:00,3.6097,3.62,3.605,3.61,22645.0,BTBT
2025-01-16 11:52:00,3.6117,3.615,3.6,3.6094,19119.0,BTBT
2025-01-16 11:51:00,3.605,3.62,3.6,3.62,54130.0,BTBT
2025-01-16 11:50:00,3.61,3.6101,3.605,3.605,23396.0,BTBT
2025-01-16 11:49:00,3.6099,3.62,3.6095,3.615,20009.0,BTBT
2025-01-16 11:48:00,3.605,3.62,3.605,3.6097,24595.0,BTBT
2025-01-16 11:47:00,3.615,3.615,3.605,3.6099,10442.0,BTBT
2025-01-16 11:46:00,3.605,3.61,3.6001,3.61,16324.0,BTBT
2025-01-16 11:45:00,3.6,3.61,3.6,3.609,6860.0,BTBT
2025-01-16 11:44:00,3.595,3.5974,3.5949,3.5974,1442.0,BTBT
2025-01-16 11:43:00,3.595,3.605,3.5926,3.595,31972.0,BTBT
2025-01-16 11:42:00,3.6092,3.6092,3.59,3.595,77588.0,BTBT
2025-01-16 11:41:00,3.612,3.62,3.6,3.6,42029.0,BTBT
2025-01-16 11:40:00,3.61,3.62,3.605,3.6195,27204.0,BTBT
2025-01-16 11:39:00,3.625,3.63,3.6113,3.615,17929.0,BTBT
2025-01-16 11:38:00,3.64,3.64,3.625,3.63,23942.0,BTBT
2025-01-16 11:37:00,3.63,3.65,3.625,3.64,50458.0,BTBT
2025-01-16 11:36:00,3.6287,3.635,3.62,3.6228,63118.0,BTBT
2025-01-16 11:35:00,3.635,3.635,3.62,3.63,33043.0,BTBT
2025-01-16 11:34:00,3.65,3.65,3.63,3.638,17721.0,BTBT
2025-01-16 11:33:00,3.645,3.649,3.64,3.64,17668.0,BTBT
2025-01-16 11:32:00,3.6401,3.65,3.64,3.64,34973.0,BTBT
2025-01-16 11:31:00,3.645,3.65,3.64,3.65,9898.0,BTBT
2025-01-16 11:30:00,3.645,3.6489,3.6432,3.6432,2730.0,BTBT
2025-01-16 11:29:00,3.6497,3.65,3.6401,3.6401,36838.0,BTBT
2025-01-16 11:28:00,3.655,3.658,3.64,3.6499,55236.0,BTBT
2025-01-16 11:27:00,3.66,3.665,3.6501,3.655,44330.0,BTBT
2025-01-16 11:26:00,3.65,3.66,3.645,3.6577,14505.0,BTBT
2025-01-16 11:25:00,3.6579,3.6579,3.645,3.6457,30792.0,BTBT
2025-01-16 11:24:00,3.65,3.66,3.65,3.66,20271.0,BTBT
2025-01-16 11:23:00,3.65,3.66,3.65,3.655,12191.0,BTBT
2025-01-16 11:22:00,3.635,3.65,3.6301,3.6432,36756.0,BTBT
2025-01-16 11:21:00,3.6201,3.64,3.6101,3.6301,82365.0,BTBT
2025-01-16 11:20:00,3.64,3.64,3.6201,3.6201,30713.0,BTBT
2025-01-16 11:19:00,3.6301,3.64,3.6301,3.635,40767.0,BTBT
2025-01-16 11:18:00,3.62,3.6399,3.615,3.6368,133003.0,BTBT
2025-01-16 11:17:00,3.64,3.65,3.615,3.615,103754.0,BTBT
2025-01-16 11:16:00,3.6493,3.65,3.6399,3.6399,21982.0,BTBT
2025-01-16 11:15:00,3.645,3.66,3.64,3.6496,74776.0,BTBT
2025-01-16 11:14:00,3.67,3.67,3.635,3.645,53764.0,BTBT
2025-01-16 11:13:00,3.67,3.68,3.655,3.6699,129670.0,BTBT
2025-01-16 11:12:00,3.6607,3.67,3.66,3.665,50986.0,BTBT
2025-01-16 11:11:00,3.6601,3.67,3.64,3.66,180895.0,BTBT
2025-01-16 11:10:00,3.66,3.6699,3.64,3.6657,113132.0,BTBT
2025-01-16 11:09:00,3.67,3.6799,3.665,3.665,42481.0,BTBT
2025-01-16 11:08:00,3.6503,3.68,3.6503,3.68,95093.0,BTBT
2025-01-16 11:07:00,3.65,3.66,3.64,3.655,33642.0,BTBT
2025-01-16 11:06:00,3.6404,3.65,3.6403,3.6499,12908.0,BTBT
2025-01-16 11:05:00,3.64,3.645,3.625,3.64,40736.0,BTBT
2025-01-16 11:04:00,3.64,3.649,3.635,3.649,47813.0,BTBT
2025-01-16 11:03:00,3.64,3.64,3.63,3.635,10413.0,BTBT
2025-01-16 11:02:00,3.645,3.645,3.63,3.635,40605.0,BTBT
2025-01-16 11:01:00,3.605,3.65,3.605,3.6426,71307.0,BTBT
2025-01-16 11:00:00,3.6067,3.61,3.6,3.605,59219.0,BTBT
2025-01-16 10:59:00,3.605,3.62,3.601,3.61,71035.0,BTBT
2025-01-16 10:58:00,3.61,3.6199,3.6001,3.6093,42367.0,BTBT
2025-01-16 10:57:00,3.595,3.62,3.5903,3.61,66800.0,BTBT
2025-01-16 10:56:00,3.6,3.6,3.595,3.595,21091.0,BTBT
2025-01-16 10:55:00,3.59,3.6,3.58,3.595,29324.0,BTBT
2025-01-16 10:54:00,3.59,3.59,3.58,3.585,12400.0,BTBT
2025-01-16 10:53:00,3.5901,3.5907,3.585,3.585,25736.0,BTBT
2025-01-16 10:52:00,3.595,3.6,3.595,3.5968,103917.0,BTBT
2025-01-16 10:51:00,3.5957,3.6,3.59,3.5999,26855.0,BTBT
2025-01-16 10:50:00,3.59,3.6,3.585,3.595,20850.0,BTBT
2025-01-16 10:49:00,3.5799,3.589,3.571,3.585,60102.0,BTBT
2025-01-16 10:48:00,3.58,3.585,3.575,3.5799,18483.0,BTBT
2025-01-16 10:47:00,3.595,3.595,3.575,3.575,16367.0,BTBT
2025-01-16 10:46:00,3.57,3.6,3.57,3.5901,59947.0,BTBT
2025-01-16 10:45:00,3.585,3.59,3.57,3.57,54140.0,BTBT
2025-01-16 10:44:00,3.57,3.595,3.57,3.59,26989.0,BTBT
2025-01-16 10:43:00,3.565,3.58,3.56,3.5705,78118.0,BTBT
2025-01-16 10:42:00,3.585,3.588,3.565,3.5697,26865.0,BTBT
2025-01-16 10:41:00,3.6,3.6,3.585,3.59,23657.0,BTBT
2025-01-16 10:40:00,3.62,3.625,3.6048,3.605,26119.0,BTBT
2025-01-16 10:39:00,3.63,3.63,3.6205,3.625,3001.0,BTBT
2025-01-16 10:38:00,3.6098,3.63,3.6098,3.6212,42177.0,BTBT
2025-01-16 10:37:00,3.585,3.61,3.585,3.6099,37759.0,BTBT
2025-01-16 10:36:00,3.605,3.605,3.59,3.59,30430.0,BTBT
2025-01-16 10:35:00,3.62,3.62,3.6011,3.61,24957.0,BTBT
2025-01-16 10:34:00,3.608,3.619,3.6003,3.615,18632.0,BTBT
2025-01-16 10:33:00,3.6197,3.625,3.6,3.6,35216.0,BTBT
2025-01-16 10:32:00,3.6,3.62,3.6,3.6199,31102.0,BTBT
2025-01-16 10:31:00,3.61,3.615,3.59,3.5986,33349.0,BTBT
2025-01-16 10:30:00,3.61,3.62,3.605,3.61,26260.0,BTBT
2025-01-16 10:29:00,3.6,3.6077,3.6,3.6077,2032.0,BTBT
2025-01-16 10:28:00,3.6,3.6089,3.59,3.6089,30597.0,BTBT
2025-01-16 10:27:00,3.6004,3.61,3.595,3.5999,21196.0,BTBT
2025-01-16 10:26:00,3.605,3.6055,3.58,3.6,25886.0,BTBT
2025-01-16 10:25:00,3.6243,3.6243,3.6,3.6,63042.0,BTBT
2025-01-16 10:24:00,3.6233,3.63,3.61,3.625,25077.0,BTBT
2025-01-16 10:23:00,3.63,3.63,3.62,3.625,23215.0,BTBT
2025-01-16 10:22:00,3.6327,3.64,3.62,3.625,53963.0,BTBT
2025-01-16 10:21:00,3.615,3.64,3.615,3.64,82785.0,BTBT
2025-01-16 10:20:00,3.6101,3.62,3.61,3.62,11808.0,BTBT
2025-01-16 10:19:00,3.629,3.629,3.615,3.6173,12048.0,BTBT
2025-01-16 10:18:00,3.6045,3.625,3.6,3.625,79223.0,BTBT
2025-01-16 10:17:00,3.58,3.61,3.58,3.6094,57366.0,BTBT
2025-01-16 10:16:00,3.575,3.5796,3.56,3.575,99315.0,BTBT
2025-01-16 10:15:00,3.565,3.58,3.56,3.5796,22241.0,BTBT
2025-01-16 10:14:00,3.565,3.57,3.56,3.5691,56963.0,BTBT
2025-01-16 10:13:00,3.5745,3.5899,3.565,3.5693,131227.0,BTBT
2025-01-16 10:12:00,3.6256,3.63,3.57,3.5787,41411.0,BTBT
2025-01-16 10:11:00,3.6389,3.65,3.62,3.6204,60840.0,BTBT
2025-01-16 10:10:00,3.6399,3.645,3.63,3.635,59014.0,BTBT
2025-01-16 10:09:00,3.63,3.64,3.62,3.64,21994.0,BTBT
2025-01-16 10:08:00,3.6199,3.64,3.6199,3.625,59307.0,BTBT
2025-01-16 10:07:00,3.6098,3.63,3.595,3.62,146401.0,BTBT
2025-01-16 10:06:00,3.575,3.61,3.575,3.605,67587.0,BTBT
2025-01-16 10:05:00,3.56,3.58,3.5501,3.575,122327.0,BTBT
2025-01-16 10:04:00,3.57,3.57,3.555,3.555,14362.0,BTBT
2025-01-16 10:03:00,3.545,3.57,3.54,3.565,113846.0,BTBT
2025-01-16 10:02:00,3.53,3.5496,3.53,3.5445,28472.0,BTBT
2025-01-16 10:01:00,3.52,3.53,3.52,3.525,19444.0,BTBT
2025-01-16 10:00:00,3.525,3.529,3.52,3.529,24294.0,BTBT
2025-01-16 09:59:00,3.52,3.53,3.52,3.525,42428.0,BTBT
2025-01-16 09:58:00,3.53,3.53,3.515,3.5282,38477.0,BTBT
2025-01-16 09:57:00,3.5,3.535,3.5,3.525,95329.0,BTBT
2025-01-16 09:56:00,3.51,3.5187,3.5,3.5,164293.0,BTBT
2025-01-16 09:55:00,3.52,3.52,3.51,3.51,12692.0,BTBT
2025-01-16 09:54:00,3.525,3.54,3.5145,3.5196,51459.0,BTBT
2025-01-16 09:53:00,3.5296,3.53,3.52,3.52,91256.0,BTBT
2025-01-16 09:52:00,3.52,3.6401,3.515,3.5288,28155.0,BTBT
2025-01-16 09:51:00,3.525,3.5288,3.5,3.5105,74706.0,BTBT
2025-01-16 09:50:00,3.495,3.53,3.49,3.5245,232998.0,BTBT
2025-01-16 09:49:00,3.5201,3.5201,3.49,3.495,185495.0,BTBT
2025-01-16 09:48:00,3.52,3.54,3.51,3.525,142359.0,BTBT
2025-01-16 09:47:00,3.5306,3.54,3.51,3.5112,109968.0,BTBT
2025-01-16 09:46:00,3.5401,3.55,3.52,3.5301,281279.0,BTBT
2025-01-16 09:45:00,3.5627,3.57,3.53,3.5427,203373.0,BTBT
2025-01-16 09:44:00,3.57,3.585,3.56,3.565,89396.0,BTBT
2025-01-16 09:43:00,3.6099,3.6099,3.56,3.565,121467.0,BTBT
2025-01-16 09:42:00,3.625,3.63,3.6,3.605,14842.0,BTBT
2025-01-16 09:41:00,3.665,3.668,3.62,3.62,60638.0,BTBT
2025-01-16 09:40:00,3.65,3.6606,3.64,3.6606,34909.0,BTBT
2025-01-16 09:39:00,3.645,3.6499,3.6404,3.645,1594.0,BTBT
2025-01-16 09:38:00,3.635,3.655,3.635,3.645,19370.0,BTBT
2025-01-16 09:37:00,3.65,3.655,3.63,3.63,12530.0,BTBT
2025-01-16 09:36:00,3.66,3.665,3.65,3.6501,45203.0,BTBT
2025-01-16 09:35:00,3.6685,3.6685,3.635,3.6506,52173.0,BTBT
2025-01-16 09:34:00,3.61,3.665,3.61,3.66,47200.0,BTBT
2025-01-16 09:33:00,3.615,3.6414,3.6017,3.6017,35206.0,BTBT
2025-01-16 09:32:00,3.62,3.64,3.6,3.615,55679.0,BTBT
2025-01-16 09:31:00,3.61,3.64,3.6,3.625,61343.0,BTBT
2025-01-16 09:30:00,3.64,3.69,3.6,3.615,147983.0,BTBT
2025-01-16 09:29:00,3.65,3.65,3.64,3.64,123.0,BTBT
2025-01-16 09:28:00,3.64,3.65,3.64,3.6497,327.0,BTBT
2025-01-16 09:26:00,3.64,3.64,3.64,3.64,110.0,BTBT
2025-01-16 09:25:00,3.6599,3.66,3.6592,3.6593,3035.0,BTBT
2025-01-16 09:24:00,3.6499,3.6499,3.6499,3.6499,300.0,BTBT
2025-01-16 09:23:00,3.6498,3.6498,3.64,3.64,748.0,BTBT
2025-01-16 09:21:00,3.6498,3.6498,3.6401,3.6401,483.0,BTBT
2025-01-16 09:20:00,3.64,3.64,3.64,3.64,6.0,BTBT
2025-01-16 09:19:00,3.65,3.65,3.65,3.65,100.0,BTBT
2025-01-16 09:17:00,3.64,3.64,3.63,3.6307,380.0,BTBT
2025-01-16 09:16:00,3.6301,3.64,3.6301,3.64,227.0,BTBT
2025-01-16 09:14:00,3.64,3.64,3.64,3.64,2.0,BTBT
2025-01-16 09:13:00,3.64,3.64,3.63,3.64,520.0,BTBT
2025-01-16 09:11:00,3.63,3.64,3.63,3.64,1033.0,BTBT
2025-01-16 09:10:00,3.6301,3.6301,3.6301,3.6301,1500.0,BTBT
2025-01-16 09:09:00,3.6302,3.6302,3.6301,3.6302,1500.0,BTBT
2025-01-16 09:08:00,3.6301,3.6301,3.6301,3.6301,500.0,BTBT
2025-01-16 09:07:00,3.63,3.63,3.63,3.63,60.0,BTBT
2025-01-16 09:05:00,3.63,3.6301,3.63,3.6301,2000.0,BTBT
2025-01-16 09:02:00,3.63,3.64,3.63,3.64,3009.0,BTBT
2025-01-16 09:00:00,3.64,3.64,3.64,3.64,1500.0,BTBT
2025-01-16 08:58:00,3.65,3.65,3.65,3.65,37.0,BTBT
2025-01-16 08:57:00,3.65,3.65,3.65,3.65,1250.0,BTBT
2025-01-16 08:55:00,3.65,3.65,3.65,3.65,15.0,BTBT
2025-01-16 08:54:00,3.66,3.66,3.66,3.66,30.0,BTBT
2025-01-16 08:53:00,3.6591,3.6591,3.64,3.64,41.0,BTBT
2025-01-16 08:52:00,3.66,3.66,3.66,3.66,241.0,BTBT
2025-01-16 08:51:00,3.66,3.66,3.66,3.66,10000.0,BTBT
2025-01-16 08:50:00,3.64,3.64,3.64,3.64,460.0,BTBT
2025-01-16 08:49:00,3.65,3.65,3.65,3.65,100.0,BTBT
2025-01-16 08:48:00,3.64,3.66,3.64,3.66,2.0,BTBT
2025-01-16 08:46:00,3.65,3.65,3.65,3.65,10.0,BTBT
2025-01-16 08:45:00,3.6498,3.6498,3.6498,3.6498,100.0,BTBT
2025-01-16 08:44:00,3.64,3.64,3.64,3.64,475.0,BTBT
2025-01-16 08:42:00,3.65,3.65,3.65,3.65,370.0,BTBT
2025-01-16 08:41:00,3.64,3.64,3.64,3.64,15.0,BTBT
2025-01-16 08:39:00,3.65,3.65,3.65,3.65,1.0,BTBT
2025-01-16 08:32:00,3.65,3.65,3.65,3.65,10.0,BTBT
2025-01-16 08:29:00,3.63,3.65,3.63,3.65,944.0,BTBT
2025-01-16 08:28:00,3.6301,3.6301,3.6301,3.6301,750.0,BTBT
2025-01-16 08:27:00,3.6302,3.6302,3.6302,3.6302,4.0,BTBT
2025-01-16 08:26:00,3.6399,3.64,3.6399,3.64,45.0,BTBT
2025-01-16 08:25:00,3.63,3.6399,3.63,3.6399,1101.0,BTBT
2025-01-16 08:23:00,3.6303,3.6303,3.63,3.63,256.0,BTBT
2025-01-16 08:22:00,3.6398,3.6398,3.6398,3.6398,200.0,BTBT
2025-01-16 08:20:00,3.63,3.63,3.63,3.63,77.0,BTBT
2025-01-16 08:19:00,3.6301,3.6301,3.6301,3.6301,1000.0,BTBT
2025-01-16 08:15:00,3.6398,3.64,3.63,3.6301,108.0,BTBT
2025-01-16 08:13:00,3.63,3.63,3.63,3.63,100.0,BTBT
2025-01-16 08:12:00,3.64,3.64,3.64,3.64,98.0,BTBT
2025-01-16 08:10:00,3.65,3.65,3.65,3.65,454.0,BTBT
2025-01-16 08:06:00,3.66,3.66,3.65,3.65,245.0,BTBT
2025-01-16 08:05:00,3.665,3.67,3.66,3.66,420.0,BTBT
2025-01-16 08:03:00,3.66,3.67,3.66,3.67,259.0,BTBT
2025-01-16 08:00:00,3.65,3.67,3.6113,3.6113,12967.0,BTBT
2025-01-16 07:55:00,3.66,3.66,3.66,3.66,1441.0,BTBT
2025-01-16 07:52:00,3.66,3.66,3.66,3.66,1073.0,BTBT
2025-01-16 07:49:00,3.66,3.66,3.66,3.66,1.0,BTBT
2025-01-16 07:48:00,3.66,3.67,3.66,3.66,3520.0,BTBT
2025-01-16 07:43:00,3.66,3.66,3.66,3.66,100.0,BTBT
2025-01-16 07:42:00,3.66,3.66,3.66,3.66,20.0,BTBT
2025-01-16 07:41:00,3.66,3.66,3.66,3.66,500.0,BTBT
2025-01-16 07:40:00,3.66,3.66,3.66,3.66,6000.0,BTBT
2025-01-16 07:35:00,3.66,3.66,3.66,3.66,100.0,BTBT
2025-01-16 07:27:00,3.67,3.67,3.67,3.67,300.0,BTBT
2025-01-16 07:24:00,3.66,3.66,3.66,3.66,300.0,BTBT
2025-01-16 07:20:00,3.65,3.66,3.65,3.66,2001.0,BTBT
2025-01-16 07:15:00,3.64,3.64,3.64,3.64,1.0,BTBT
2025-01-16 07:14:00,3.64,3.64,3.64,3.64,455.0,BTBT
2025-01-16 07:09:00,3.63,3.64,3.63,3.63,377.0,BTBT
2025-01-16 07:04:00,3.63,3.63,3.63,3.63,70.0,BTBT
2025-01-16 07:02:00,3.639,3.639,3.63,3.63,506.0,BTBT
2025-01-16 07:00:00,3.64,3.64,3.64,3.64,500.0,BTBT
2025-01-16 06:58:00,3.64,3.64,3.64,3.64,90.0,BTBT
2025-01-16 06:55:00,3.63,3.63,3.63,3.63,2775.0,BTBT
2025-01-16 06:50:00,3.63,3.64,3.63,3.64,700.0,BTBT
2025-01-16 06:49:00,3.64,3.64,3.64,3.64,1.0,BTBT
2025-01-16 06:48:00,3.63,3.63,3.63,3.63,10.0,BTBT
2025-01-16 06:44:00,3.63,3.63,3.63,3.63,121.0,BTBT
2025-01-16 06:43:00,3.63,3.63,3.63,3.63,101.0,BTBT
2025-01-16 06:42:00,3.63,3.63,3.63,3.63,2.0,BTBT
2025-01-16 06:32:00,3.64,3.64,3.64,3.64,100.0,BTBT
2025-01-16 06:30:00,3.63,3.63,3.63,3.63,100.0,BTBT
2025-01-16 06:28:00,3.63,3.63,3.63,3.63,100.0,BTBT
2025-01-16 06:24:00,3.62,3.62,3.62,3.62,50.0,BTBT
2025-01-16 06:23:00,3.62,3.62,3.61,3.61,1183.0,BTBT
2025-01-16 06:22:00,3.63,3.63,3.63,3.63,1000.0,BTBT
2025-01-16 06:21:00,3.64,3.64,3.63,3.63,2768.0,BTBT
2025-01-16 06:19:00,3.65,3.65,3.65,3.65,506.0,BTBT
2025-01-16 06:18:00,3.66,3.66,3.66,3.66,25.0,BTBT
2025-01-16 06:16:00,3.66,3.66,3.66,3.66,185.0,BTBT
2025-01-16 06:15:00,3.67,3.67,3.67,3.67,365.0,BTBT
2025-01-16 06:07:00,3.67,3.67,3.67,3.67,100.0,BTBT
2025-01-16 06:03:00,3.66,3.66,3.66,3.66,10.0,BTBT
2025-01-16 05:59:00,3.67,3.67,3.67,3.67,25.0,BTBT
2025-01-16 05:58:00,3.67,3.67,3.67,3.67,10.0,BTBT
2025-01-16 05:46:00,3.66,3.66,3.66,3.66,1692.0,BTBT
2025-01-16 05:43:00,3.67,3.67,3.67,3.67,915.0,BTBT
2025-01-16 05:41:00,3.66,3.67,3.66,3.67,1656.0,BTBT
2025-01-16 05:39:00,3.65,3.65,3.65,3.65,1956.0,BTBT
2025-01-16 05:34:00,3.65,3.65,3.65,3.65,100.0,BTBT
2025-01-16 05:33:00,3.65,3.65,3.65,3.65,77.0,BTBT
2025-01-16 05:27:00,3.65,3.65,3.65,3.65,160.0,BTBT
2025-01-16 05:25:00,3.65,3.65,3.65,3.65,1.0,BTBT
2025-01-16 05:23:00,3.65,3.65,3.65,3.65,900.0,BTBT
2025-01-16 05:22:00,3.65,3.65,3.65,3.65,100.0,BTBT
2025-01-16 05:21:00,3.65,3.65,3.65,3.65,1093.0,BTBT
2025-01-16 05:18:00,3.65,3.65,3.65,3.65,716.0,BTBT
2025-01-16 05:11:00,3.645,3.645,3.645,3.645,444.0,BTBT
2025-01-16 05:00:00,3.65,3.65,3.65,3.65,16.0,BTBT
2025-01-16 04:59:00,3.64,3.64,3.64,3.64,70.0,BTBT
2025-01-16 04:58:00,3.64,3.64,3.64,3.64,10.0,BTBT
2025-01-16 04:55:00,3.66,3.66,3.66,3.66,2.0,BTBT
2025-01-16 04:52:00,3.64,3.64,3.64,3.64,277.0,BTBT
2025-01-16 04:47:00,3.64,3.65,3.63,3.64,21510.0,BTBT
2025-01-16 04:45:00,3.61,3.63,3.61,3.63,2448.0,BTBT
2025-01-16 04:43:00,3.62,3.62,3.62,3.62,500.0,BTBT
2025-01-16 04:37:00,3.61,3.62,3.61,3.62,349.0,BTBT
2025-01-16 04:35:00,3.61,3.61,3.61,3.61,318.0,BTBT
2025-01-16 04:34:00,3.58,3.6,3.58,3.6,2433.0,BTBT
2025-01-16 04:33:00,3.59,3.59,3.59,3.59,110.0,BTBT
2025-01-16 04:29:00,3.6,3.6,3.6,3.6,1000.0,BTBT
2025-01-16 04:28:00,3.6,3.6,3.6,3.6,290.0,BTBT
2025-01-16 04:27:00,3.6,3.6,3.6,3.6,100.0,BTBT
2025-01-16 04:26:00,3.59,3.6,3.59,3.6,2536.0,BTBT
2025-01-16 04:25:00,3.6,3.6,3.59,3.59,10.0,BTBT
2025-01-16 04:23:00,3.6,3.6,3.6,3.6,7014.0,BTBT
2025-01-16 04:21:00,3.61,3.61,3.61,3.61,300.0,BTBT
2025-01-16 04:20:00,3.63,3.63,3.6,3.6,1707.0,BTBT
2025-01-16 04:19:00,3.63,3.63,3.63,3.63,333.0,BTBT
2025-01-16 04:16:00,3.63,3.63,3.63,3.63,10.0,BTBT
2025-01-16 04:15:00,3.63,3.63,3.63,3.63,10.0,BTBT
2025-01-16 04:14:00,3.63,3.64,3.63,3.64,129.0,BTBT
2025-01-16 04:13:00,3.64,3.64,3.64,3.64,530.0,BTBT
2025-01-16 04:12:00,3.64,3.64,3.64,3.64,90.0,BTBT
2025-01-16 04:11:00,3.65,3.65,3.64,3.64,1955.0,BTBT
2025-01-16 04:10:00,3.65,3.66,3.65,3.66,91.0,BTBT
2025-01-16 04:07:00,3.67,3.68,3.67,3.68,712.0,BTBT
2025-01-16 04:06:00,3.68,3.68,3.68,3.68,55.0,BTBT
2025-01-16 04:05:00,3.66,3.68,3.66,3.68,120.0,BTBT
2025-01-16 04:03:00,3.66,3.67,3.66,3.67,3.0,BTBT
2025-01-16 04:02:00,3.67,3.67,3.67,3.67,70.0,BTBT
2025-01-15 19:59:00,3.67,3.67,3.66,3.6699,575.0,BTBT
2025-01-15 19:58:00,3.68,3.68,3.6702,3.6702,10677.0,BTBT
2025-01-15 19:57:00,3.69,3.69,3.6797,3.68,1311.0,BTBT
2025-01-15 19:55:00,3.71,3.71,3.68,3.7,563.0,BTBT
2025-01-15 19:54:00,3.71,3.71,3.68,3.69,314.0,BTBT
2025-01-15 19:53:00,3.7098,3.7098,3.7098,3.7098,100.0,BTBT
2025-01-15 19:50:00,3.72,3.72,3.72,3.72,45.0,BTBT
2025-01-15 19:49:00,3.7,3.7,3.7,3.7,10.0,BTBT
2025-01-15 19:48:00,3.7,3.7,3.7,3.7,100.0,BTBT
2025-01-15 19:47:00,3.7,3.7197,3.7,3.7197,71.0,BTBT
2025-01-15 19:44:00,3.71,3.72,3.71,3.72,747.0,BTBT
2025-01-15 19:43:00,3.71,3.71,3.71,3.71,1458.0,BTBT
2025-01-15 19:39:00,3.72,3.72,3.72,3.72,5275.0,BTBT
2025-01-15 19:37:00,3.73,3.73,3.72,3.72,4999.0,BTBT
2025-01-15 19:35:00,3.72,3.72,3.72,3.72,30.0,BTBT
2025-01-15 19:34:00,3.72,3.72,3.72,3.72,25.0,BTBT
2025-01-15 19:33:00,3.74,3.74,3.74,3.74,1100.0,BTBT
2025-01-15 19:31:00,3.72,3.72,3.72,3.72,75.0,BTBT
2025-01-15 19:30:00,3.73,3.73,3.73,3.73,71.0,BTBT
2025-01-15 19:29:00,3.72,3.73,3.72,3.73,600.0,BTBT
2025-01-15 19:28:00,3.71,3.72,3.71,3.7199,5102.0,BTBT
2025-01-15 19:27:00,3.7,3.7,3.7,3.7,300.0,BTBT
2025-01-15 19:26:00,3.71,3.71,3.71,3.71,5.0,BTBT
2025-01-15 19:25:00,3.7,3.7,3.7,3.7,100.0,BTBT
2025-01-15 19:23:00,3.695,3.7,3.695,3.7,300.0,BTBT
2025-01-15 19:22:00,3.7,3.7,3.7,3.7,10.0,BTBT
2025-01-15 19:21:00,3.7,3.7,3.7,3.7,510.0,BTBT
2025-01-15 19:18:00,3.7099,3.7099,3.7099,3.7099,200.0,BTBT
2025-01-15 19:16:00,3.695,3.7,3.695,3.7,1200.0,BTBT
2025-01-15 19:15:00,3.7,3.7001,3.7,3.7001,400.0,BTBT
2025-01-15 19:12:00,3.71,3.71,3.71,3.71,2558.0,BTBT
2025-01-15 19:11:00,3.7,3.7,3.7,3.7,700.0,BTBT
2025-01-15 19:09:00,3.72,3.72,3.7189,3.7189,135.0,BTBT
2025-01-15 19:08:00,3.7,3.7,3.7,3.7,300.0,BTBT
2025-01-15 19:07:00,3.7199,3.7199,3.66,3.66,1200.0,BTBT
2025-01-15 19:05:00,3.71,3.72,3.64,3.64,18968.0,BTBT
2025-01-15 19:04:00,3.7399,3.7399,3.72,3.72,1895.0,BTBT
2025-01-15 19:02:00,3.7298,3.74,3.71,3.71,4639.0,BTBT
2025-01-15 19:00:00,3.73,3.73,3.73,3.73,7.0,BTBT
2025-01-15 18:58:00,3.73,3.73,3.73,3.73,25.0,BTBT
2025-01-15 18:57:00,3.7291,3.7293,3.7291,3.7293,11.0,BTBT
2025-01-15 18:55:00,3.7299,3.73,3.7299,3.73,703.0,BTBT
2025-01-15 18:54:00,3.7,3.7293,3.7,3.7293,5103.0,BTBT
2025-01-15 18:50:00,3.71,3.71,3.71,3.71,25.0,BTBT
2025-01-15 18:49:00,3.73,3.73,3.73,3.73,5.0,BTBT
2025-01-15 18:47:00,3.73,3.73,3.7003,3.7003,1020.0,BTBT
2025-01-15 18:46:00,3.74,3.74,3.74,3.74,91.0,BTBT
2025-01-15 18:45:00,3.74,3.74,3.74,3.74,590.0,BTBT
2025-01-15 18:44:00,3.73,3.74,3.73,3.74,2354.0,BTBT
2025-01-15 18:43:00,3.73,3.73,3.73,3.73,50.0,BTBT
2025-01-15 18:42:00,3.7298,3.73,3.7298,3.73,205.0,BTBT
2025-01-15 18:41:00,3.7,3.7,3.7,3.7,80.0,BTBT
2025-01-15 18:40:00,3.73,3.73,3.73,3.73,300.0,BTBT
2025-01-15 18:38:00,3.7006,3.7006,3.7006,3.7006,100.0,BTBT
2025-01-15 18:35:00,3.73,3.73,3.73,3.73,2.0,BTBT
2025-01-15 18:29:00,3.72,3.72,3.72,3.72,1000.0,BTBT
2025-01-15 18:27:00,3.72,3.72,3.72,3.72,10.0,BTBT
2025-01-15 18:25:00,3.72,3.72,3.7,3.7,2049.0,BTBT
2025-01-15 18:24:00,3.73,3.73,3.73,3.73,165.0,BTBT
2025-01-15 18:22:00,3.6907,3.6907,3.6907,3.6907,5000.0,BTBT
2025-01-15 18:20:00,3.6908,3.7193,3.6908,3.7193,9.0,BTBT
2025-01-15 18:11:00,3.7299,3.7299,3.7299,3.7299,5000.0,BTBT
2025-01-15 18:09:00,3.736,3.736,3.736,3.736,10.0,BTBT
2025-01-15 18:08:00,3.71,3.71,3.6907,3.6907,2679.0,BTBT
2025-01-15 18:03:00,3.69,3.69,3.69,3.69,2950.0,BTBT
2025-01-15 18:02:00,3.71,3.71,3.71,3.71,22.0,BTBT
2025-01-15 18:01:00,3.72,3.73,3.71,3.73,667.0,BTBT
2025-01-15 18:00:00,3.72,3.72,3.72,3.72,175.0,BTBT
2025-01-15 17:59:00,3.72,3.72,3.71,3.7195,1340.0,BTBT
2025-01-15 17:58:00,3.72,3.72,3.72,3.72,435.0,BTBT
2025-01-15 17:55:00,3.72,3.72,3.72,3.72,183.0,BTBT
2025-01-15 17:54:00,3.74,3.74,3.7107,3.7107,4002.0,BTBT
2025-01-15 17:52:00,3.7,3.71,3.7,3.71,553.0,BTBT
2025-01-15 17:51:00,3.7,3.7,3.7,3.7,3.0,BTBT
2025-01-15 17:50:00,3.739,3.739,3.739,3.739,500.0,BTBT
2025-01-15 17:48:00,3.74,3.74,3.74,3.74,8.0,BTBT
2025-01-15 17:45:00,3.7,3.74,3.7,3.74,1101.0,BTBT
2025-01-15 17:43:00,3.74,3.74,3.74,3.74,12.0,BTBT
2025-01-15 17:42:00,3.69,3.7399,3.69,3.7399,1101.0,BTBT
2025-01-15 17:39:00,3.6898,3.6898,3.6898,3.6898,1.0,BTBT
2025-01-15 17:37:00,3.69,3.69,3.69,3.69,5.0,BTBT
2025-01-15 17:35:00,3.68,3.68,3.68,3.68,369.0,BTBT
2025-01-15 17:34:00,3.69,3.69,3.69,3.69,35.0,BTBT
2025-01-15 17:33:00,3.68,3.68,3.68,3.68,80.0,BTBT
2025-01-15 17:28:00,3.6801,3.6801,3.68,3.68,1583.0,BTBT
2025-01-15 17:27:00,3.68,3.68,3.68,3.68,55.0,BTBT
2025-01-15 17:25:00,3.69,3.69,3.69,3.69,8.0,BTBT
2025-01-15 17:24:00,3.6899,3.69,3.6898,3.6898,79.0,BTBT
2025-01-15 17:20:00,3.69,3.69,3.69,3.69,10.0,BTBT
2025-01-15 17:11:00,3.6802,3.6802,3.6802,3.6802,150.0,BTBT
2025-01-15 17:07:00,3.68,3.68,3.68,3.68,100.0,BTBT
2025-01-15 17:05:00,3.69,3.69,3.68,3.68,12.0,BTBT
2025-01-15 17:04:00,3.68,3.68,3.68,3.68,15.0,BTBT
2025-01-15 17:03:00,3.68,3.69,3.68,3.69,11.0,BTBT
2025-01-15 17:02:00,3.6897,3.6897,3.6897,3.6897,1.0,BTBT
2025-01-15 16:59:00,3.69,3.69,3.6802,3.6802,1056.0,BTBT
2025-01-15 16:57:00,3.69,3.69,3.6802,3.6802,848.0,BTBT
2025-01-15 16:56:00,3.69,3.69,3.69,3.69,4.0,BTBT
2025-01-15 16:55:00,3.6802,3.69,3.6802,3.69,501.0,BTBT
2025-01-15 16:54:00,3.6801,3.6801,3.6801,3.6801,2300.0,BTBT
2025-01-15 16:53:00,3.68,3.68,3.68,3.68,750.0,BTBT
2025-01-15 16:52:00,3.69,3.69,3.69,3.69,541.0,BTBT
2025-01-15 16:51:00,3.6803,3.6803,3.68,3.68,16.0,BTBT
2025-01-15 16:50:00,3.6801,3.69,3.6801,3.69,501.0,BTBT
2025-01-15 16:49:00,3.6802,3.6802,3.6802,3.6802,5.0,BTBT
2025-01-15 16:48:00,3.6996,3.6996,3.68,3.68,9170.0,BTBT
2025-01-15 16:47:00,3.69,3.7,3.69,3.69,1401.0,BTBT
2025-01-15 16:46:00,3.69,3.69,3.69,3.69,4.0,BTBT
2025-01-15 16:44:00,3.69,3.69,3.69,3.69,3.0,BTBT
2025-01-15 16:43:00,3.69,3.69,3.69,3.69,1.0,BTBT
2025-01-15 16:42:00,3.69,3.7,3.69,3.7,1000.0,BTBT
2025-01-15 16:41:00,3.69,3.69,3.69,3.69,2.0,BTBT
2025-01-15 16:39:00,3.69,3.69,3.69,3.69,74.0,BTBT
2025-01-15 16:37:00,3.69,3.69,3.69,3.69,25.0,BTBT
2025-01-15 16:35:00,3.7,3.7,3.7,3.7,50.0,BTBT
2025-01-15 16:32:00,3.69,3.69,3.69,3.69,20.0,BTBT
2025-01-15 16:30:00,3.7,3.7,3.7,3.7,1000.0,BTBT
2025-01-15 16:28:00,3.69,3.69,3.69,3.69,600.0,BTBT
2025-01-15 16:26:00,3.69,3.69,3.69,3.69,600.0,BTBT
2025-01-15 16:23:00,3.7,3.7,3.7,3.7,1.0,BTBT
2025-01-15 16:22:00,3.6902,3.6902,3.6901,3.6901,71.0,BTBT
2025-01-15 16:21:00,3.69,3.7,3.69,3.7,271.0,BTBT
2025-01-15 16:20:00,3.7,3.7,3.7,3.7,50.0,BTBT
2025-01-15 16:19:00,3.7,3.7,3.7,3.7,100.0,BTBT
2025-01-15 16:18:00,3.7,3.7,3.69,3.69,33.0,BTBT
2025-01-15 16:17:00,3.69,3.69,3.69,3.69,120.0,BTBT
2025-01-15 16:16:00,3.7,3.7,3.7,3.7,504.0,BTBT
2025-01-15 16:15:00,3.7,3.7,3.69,3.69,142.0,BTBT
2025-01-15 16:14:00,3.7,3.7,3.7,3.7,1000.0,BTBT
2025-01-15 16:12:00,3.71,3.71,3.7001,3.7001,27.0,BTBT
2025-01-15 16:09:00,3.69,3.69,3.69,3.69,1.0,BTBT
2025-01-15 16:07:00,3.6907,3.74,3.6903,3.6903,3405.0,BTBT
2025-01-15 16:05:00,3.69,3.69,3.69,3.69,2.0,BTBT
2025-01-15 16:04:00,3.68,3.68,3.68,3.68,300.0,BTBT
2025-01-15 16:03:00,3.69,3.69,3.69,3.69,100.0,BTBT
2025-01-15 16:02:00,3.69,3.69,3.69,3.69,296.0,BTBT
2025-01-15 16:01:00,3.69,3.69,3.69,3.69,9265.0,BTBT
2025-01-15 16:00:00,3.68,3.69,3.68,3.69,672539.0,BTBT
2025-01-15 15:59:00,3.685,3.69,3.68,3.68,70768.0,BTBT
2025-01-15 15:58:00,3.695,3.6966,3.685,3.685,68067.0,BTBT
2025-01-15 15:57:00,3.7055,3.71,3.695,3.695,94437.0,BTBT
2025-01-15 15:56:00,3.705,3.71,3.7,3.705,12971.0,BTBT
2025-01-15 15:55:00,3.72,3.72,3.7,3.7001,109725.0,BTBT
2025-01-15 15:54:00,3.7189,3.725,3.7101,3.72,66105.0,BTBT
2025-01-15 15:53:00,3.71,3.72,3.71,3.72,58291.0,BTBT
2025-01-15 15:52:00,3.695,3.72,3.6901,3.715,138169.0,BTBT
2025-01-15 15:51:00,3.695,3.7,3.69,3.7,47793.0,BTBT
2025-01-15 15:50:00,3.695,3.7,3.69,3.695,41526.0,BTBT
2025-01-15 15:49:00,3.715,3.715,3.69,3.695,88231.0,BTBT
2025-01-15 15:48:00,3.715,3.715,3.71,3.715,12222.0,BTBT
2025-01-15 15:47:00,3.715,3.715,3.71,3.71,8996.0,BTBT
2025-01-15 15:46:00,3.72,3.72,3.71,3.71,18285.0,BTBT
2025-01-15 15:45:00,3.7125,3.72,3.71,3.7132,78270.0,BTBT
2025-01-15 15:44:00,3.7148,3.72,3.7101,3.715,18147.0,BTBT
2025-01-15 15:43:00,3.72,3.72,3.71,3.715,6449.0,BTBT
2025-01-15 15:42:00,3.7101,3.7151,3.7,3.71,77605.0,BTBT
2025-01-15 15:41:00,3.715,3.72,3.71,3.71,48749.0,BTBT
2025-01-15 15:40:00,3.715,3.7299,3.71,3.715,46709.0,BTBT
2025-01-15 15:39:00,3.725,3.7298,3.71,3.72,130166.0,BTBT
2025-01-15 15:38:00,3.735,3.735,3.72,3.7231,37397.0,BTBT
2025-01-15 15:37:00,3.73,3.735,3.73,3.7332,11290.0,BTBT
2025-01-15 15:36:00,3.7499,3.7499,3.73,3.735,42779.0,BTBT
2025-01-15 15:35:00,3.74,3.745,3.74,3.745,10842.0,BTBT
2025-01-15 15:34:00,3.745,3.7497,3.74,3.745,6966.0,BTBT
2025-01-15 15:33:00,3.74,3.7495,3.74,3.745,8417.0,BTBT
2025-01-15 15:32:00,3.7512,3.755,3.74,3.7409,51575.0,BTBT
2025-01-15 15:31:00,3.755,3.76,3.75,3.7513,35996.0,BTBT
2025-01-15 15:30:00,3.755,3.77,3.75,3.755,138085.0,BTBT
2025-01-15 15:29:00,3.74,3.76,3.74,3.755,57784.0,BTBT
2025-01-15 15:28:00,3.755,3.755,3.74,3.7455,58900.0,BTBT
2025-01-15 15:27:00,3.755,3.76,3.75,3.755,9294.0,BTBT
2025-01-15 15:26:00,3.755,3.76,3.75,3.7569,64197.0,BTBT
2025-01-15 15:25:00,3.75,3.76,3.75,3.7518,31470.0,BTBT
2025-01-15 15:24:00,3.755,3.76,3.74,3.7507,106024.0,BTBT
2025-01-15 15:23:00,3.76,3.76,3.75,3.7579,13893.0,BTBT
2025-01-15 15:22:00,3.7465,3.76,3.7413,3.76,50614.0,BTBT
2025-01-15 15:21:00,3.7499,3.75,3.74,3.745,7578.0,BTBT
2025-01-15 15:20:00,3.7463,3.75,3.74,3.7485,6067.0,BTBT
2025-01-15 15:19:00,3.75,3.75,3.7402,3.745,9194.0,BTBT
2025-01-15 15:18:00,3.75,3.75,3.74,3.75,7891.0,BTBT
2025-01-15 15:17:00,3.7351,3.75,3.73,3.75,63717.0,BTBT
2025-01-15 15:16:00,3.735,3.74,3.73,3.74,11908.0,BTBT
2025-01-15 15:15:00,3.7369,3.74,3.7329,3.74,10840.0,BTBT
2025-01-15 15:14:00,3.7364,3.74,3.7302,3.735,27185.0,BTBT
2025-01-15 15:13:00,3.74,3.74,3.73,3.73,11498.0,BTBT
2025-01-15 15:12:00,3.7407,3.745,3.73,3.7379,67724.0,BTBT
2025-01-15 15:11:00,3.73,3.75,3.72,3.74,116628.0,BTBT
2025-01-15 15:10:00,3.72,3.73,3.72,3.723,34674.0,BTBT
2025-01-15 15:09:00,3.73,3.74,3.72,3.72,95337.0,BTBT
2025-01-15 15:08:00,3.725,3.73,3.72,3.725,24185.0,BTBT
2025-01-15 15:07:00,3.725,3.725,3.72,3.725,14509.0,BTBT
2025-01-15 15:06:00,3.72,3.7287,3.72,3.72,8877.0,BTBT
2025-01-15 15:05:00,3.7261,3.73,3.72,3.7259,14153.0,BTBT
2025-01-15 15:04:00,3.725,3.73,3.72,3.73,7504.0,BTBT
2025-01-15 15:03:00,3.72,3.73,3.71,3.725,83243.0,BTBT
2025-01-15 15:02:00,3.72,3.72,3.7114,3.7114,9180.0,BTBT
2025-01-15 15:01:00,3.715,3.72,3.71,3.715,3688.0,BTBT
2025-01-15 15:00:00,3.705,3.715,3.7001,3.715,24534.0,BTBT
2025-01-15 14:59:00,3.705,3.705,3.7013,3.705,12555.0,BTBT
2025-01-15 14:58:00,3.705,3.71,3.7,3.705,12172.0,BTBT
2025-01-15 14:57:00,3.705,3.71,3.705,3.705,12989.0,BTBT
2025-01-15 14:56:00,3.7055,3.7083,3.705,3.705,6662.0,BTBT
2025-01-15 14:55:00,3.705,3.7085,3.7,3.7085,11683.0,BTBT
2025-01-15 14:54:00,3.701,3.71,3.7,3.705,20585.0,BTBT
2025-01-15 14:53:00,3.7,3.7084,3.6924,3.7009,40365.0,BTBT
2025-01-15 14:52:00,3.705,3.705,3.6901,3.6957,14114.0,BTBT
2025-01-15 14:51:00,3.705,3.705,3.7009,3.705,5528.0,BTBT
2025-01-15 14:50:00,3.715,3.715,3.7,3.7,18029.0,BTBT
2025-01-15 14:49:00,3.7107,3.718,3.7107,3.715,6560.0,BTBT
2025-01-15 14:48:00,3.71,3.72,3.7043,3.7127,28026.0,BTBT
2025-01-15 14:47:00,3.705,3.71,3.705,3.71,33512.0,BTBT
2025-01-15 14:46:00,3.7,3.71,3.7,3.7025,26741.0,BTBT
2025-01-15 14:45:00,3.7024,3.7024,3.69,3.69,15547.0,BTBT
2025-01-15 14:44:00,3.705,3.71,3.7,3.704,9159.0,BTBT
2025-01-15 14:43:00,3.695,3.705,3.69,3.7014,40867.0,BTBT
2025-01-15 14:42:00,3.6999,3.7,3.69,3.695,21223.0,BTBT
2025-01-15 14:41:00,3.705,3.7085,3.7,3.7,23542.0,BTBT
2025-01-15 14:40:00,3.7046,3.71,3.7,3.705,5347.0,BTBT
2025-01-15 14:39:00,3.71,3.71,3.7,3.7,4864.0,BTBT
2025-01-15 14:38:00,3.71,3.71,3.705,3.705,440.0,BTBT
2025-01-15 14:37:00,3.71,3.71,3.7,3.705,11276.0,BTBT
2025-01-15 14:36:00,3.705,3.71,3.7,3.7099,14399.0,BTBT
2025-01-15 14:35:00,3.705,3.71,3.7015,3.71,2084.0,BTBT
2025-01-15 14:34:00,3.705,3.71,3.7,3.71,17085.0,BTBT
2025-01-15 14:33:00,3.695,3.71,3.695,3.705,189332.0,BTBT
2025-01-15 14:32:00,3.7,3.7,3.695,3.7,2767.0,BTBT
2025-01-15 14:31:00,3.695,3.6969,3.6928,3.695,3086.0,BTBT
2025-01-15 14:30:00,3.69,3.695,3.68,3.695,59278.0,BTBT
2025-01-15 14:29:00,3.68,3.685,3.68,3.685,3983.0,BTBT
2025-01-15 14:28:00,3.68,3.6895,3.68,3.6895,3732.0,BTBT
2025-01-15 14:27:00,3.68,3.685,3.6701,3.6801,23163.0,BTBT
2025-01-15 14:26:00,3.68,3.685,3.675,3.6807,19871.0,BTBT
2025-01-15 14:25:00,3.68,3.68,3.675,3.68,2327.0,BTBT
2025-01-15 14:24:00,3.675,3.68,3.67,3.675,9570.0,BTBT
2025-01-15 14:23:00,3.68,3.68,3.67,3.675,6472.0,BTBT
2025-01-15 14:22:00,3.675,3.68,3.67,3.67,21209.0,BTBT
2025-01-15 14:21:00,3.6721,3.68,3.67,3.68,23494.0,BTBT
2025-01-15 14:20:00,3.68,3.68,3.675,3.68,2277.0,BTBT
2025-01-15 14:19:00,3.68,3.68,3.675,3.68,3666.0,BTBT
2025-01-15 14:18:00,3.68,3.68,3.67,3.6725,5840.0,BTBT
2025-01-15 14:17:00,3.675,3.68,3.67,3.67,31608.0,BTBT
2025-01-15 14:16:00,3.68,3.68,3.6713,3.675,9022.0,BTBT
2025-01-15 14:15:00,3.665,3.68,3.66,3.68,31552.0,BTBT
2025-01-15 14:14:00,3.6601,3.665,3.66,3.665,7600.0,BTBT
2025-01-15 14:13:00,3.68,3.68,3.66,3.665,69620.0,BTBT
2025-01-15 14:12:00,3.67,3.68,3.67,3.675,6471.0,BTBT
2025-01-15 14:11:00,3.675,3.68,3.67,3.675,2635.0,BTBT
2025-01-15 14:10:00,3.675,3.68,3.67,3.675,58600.0,BTBT
2025-01-15 14:09:00,3.655,3.67,3.645,3.67,73291.0,BTBT
2025-01-15 14:08:00,3.655,3.655,3.65,3.655,12187.0,BTBT
2025-01-15 14:07:00,3.66,3.66,3.65,3.655,9848.0,BTBT
2025-01-15 14:06:00,3.655,3.66,3.65,3.652,11653.0,BTBT
2025-01-15 14:05:00,3.655,3.66,3.65,3.655,15190.0,BTBT
2025-01-15 14:04:00,3.65,3.6599,3.65,3.65,4003.0,BTBT
2025-01-15 14:03:00,3.65,3.6598,3.65,3.655,2632.0,BTBT
2025-01-15 14:02:00,3.665,3.6732,3.65,3.6501,109494.0,BTBT
2025-01-15 14:01:00,3.665,3.67,3.6611,3.67,9015.0,BTBT
2025-01-15 14:00:00,3.665,3.67,3.66,3.668,18145.0,BTBT
2025-01-15 13:59:00,3.655,3.66,3.65,3.66,38613.0,BTBT
2025-01-15 13:58:00,3.65,3.655,3.65,3.6545,1264.0,BTBT
2025-01-15 13:57:00,3.65,3.66,3.65,3.6582,22538.0,BTBT
2025-01-15 13:56:00,3.6545,3.66,3.65,3.6545,9219.0,BTBT
2025-01-15 13:55:00,3.65,3.67,3.65,3.655,82317.0,BTBT
2025-01-15 13:54:00,3.6399,3.6599,3.63,3.65,249622.0,BTBT
2025-01-15 13:53:00,3.62,3.6399,3.62,3.6307,145853.0,BTBT
2025-01-15 13:52:00,3.62,3.625,3.61,3.6199,71278.0,BTBT
2025-01-15 13:51:00,3.615,3.62,3.615,3.6197,5785.0,BTBT
2025-01-15 13:50:00,3.61,3.62,3.61,3.62,23249.0,BTBT
2025-01-15 13:49:00,3.615,3.615,3.6101,3.6101,4226.0,BTBT
2025-01-15 13:48:00,3.6199,3.6199,3.6101,3.615,7430.0,BTBT
2025-01-15 13:47:00,3.63,3.63,3.61,3.6199,29640.0,BTBT
2025-01-15 13:46:00,3.6124,3.625,3.61,3.625,49939.0,BTBT
2025-01-15 13:45:00,3.6108,3.62,3.61,3.615,16696.0,BTBT
2025-01-15 13:44:00,3.615,3.6199,3.615,3.6177,9131.0,BTBT
2025-01-15 13:43:00,3.6055,3.62,3.6,3.6111,53830.0,BTBT
2025-01-15 13:42:00,3.59,3.61,3.59,3.605,61619.0,BTBT
2025-01-15 13:41:00,3.5989,3.6,3.59,3.5999,64733.0,BTBT
2025-01-15 13:40:00,3.6,3.6099,3.59,3.6,47503.0,BTBT
2025-01-15 13:39:00,3.6012,3.61,3.6,3.6,2898.0,BTBT
2025-01-15 13:38:00,3.605,3.61,3.6001,3.6097,27486.0,BTBT
2025-01-15 13:37:00,3.605,3.6099,3.6,3.605,31977.0,BTBT
2025-01-15 13:36:00,3.6101,3.6107,3.6001,3.605,17487.0,BTBT
2025-01-15 13:35:00,3.6208,3.6215,3.61,3.6101,29253.0,BTBT
2025-01-15 13:34:00,3.6254,3.6259,3.62,3.62,838.0,BTBT
2025-01-15 13:33:00,3.6257,3.6299,3.61,3.62,114967.0,BTBT
2025-01-15 13:32:00,3.62,3.6201,3.62,3.6201,1451.0,BTBT
2025-01-15 13:31:00,3.6296,3.6383,3.62,3.62,75102.0,BTBT
2025-01-15 13:30:00,3.6099,3.63,3.6067,3.63,59691.0,BTBT
2025-01-15 13:29:00,3.61,3.6199,3.6,3.6057,95307.0,BTBT
2025-01-15 13:28:00,3.6011,3.61,3.6,3.6098,34852.0,BTBT
2025-01-15 13:27:00,3.595,3.6099,3.5929,3.6092,44874.0,BTBT
2025-01-15 13:26:00,3.595,3.6,3.59,3.5901,20233.0,BTBT
2025-01-15 13:25:00,3.605,3.6099,3.59,3.5999,82001.0,BTBT
2025-01-15 13:24:00,3.6099,3.62,3.6,3.6099,163388.0,BTBT
2025-01-15 13:23:00,3.6,3.615,3.6,3.61,115183.0,BTBT
2025-01-15 13:22:00,3.603,3.6099,3.6,3.605,23675.0,BTBT
2025-01-15 13:21:00,3.6,3.61,3.6,3.6043,63149.0,BTBT
2025-01-15 13:20:00,3.635,3.635,3.6,3.6042,90427.0,BTBT
2025-01-15 13:19:00,3.62,3.6391,3.62,3.6301,16441.0,BTBT
2025-01-15 13:18:00,3.62,3.6299,3.62,3.625,5563.0,BTBT
2025-01-15 13:17:00,3.6214,3.6299,3.62,3.62,7859.0,BTBT
2025-01-15 13:16:00,3.62,3.63,3.62,3.6201,59136.0,BTBT
2025-01-15 13:15:00,3.6098,3.6299,3.6098,3.6294,56794.0,BTBT
2025-01-15 13:14:00,3.61,3.61,3.6,3.605,25145.0,BTBT
2025-01-15 13:13:00,3.6013,3.605,3.6,3.605,11717.0,BTBT
2025-01-15 13:12:00,3.595,3.605,3.59,3.6018,52473.0,BTBT
2025-01-15 13:11:00,3.595,3.6,3.59,3.595,5352.0,BTBT
2025-01-15 13:10:00,3.6,3.6,3.58,3.5901,85327.0,BTBT
2025-01-15 13:09:00,3.5999,3.6,3.59,3.595,21266.0,BTBT
2025-01-15 13:08:00,3.605,3.6074,3.6,3.6,5940.0,BTBT
2025-01-15 13:07:00,3.6003,3.6059,3.6,3.6,21524.0,BTBT
2025-01-15 13:06:00,3.6,3.61,3.6,3.61,1839.0,BTBT
2025-01-15 13:05:00,3.6001,3.6099,3.6001,3.6001,20240.0,BTBT
2025-01-15 13:04:00,3.6,3.6013,3.59,3.6,24457.0,BTBT
2025-01-15 13:03:00,3.61,3.61,3.6,3.6087,21879.0,BTBT
2025-01-15 13:02:00,3.6005,3.6098,3.59,3.6098,45675.0,BTBT
2025-01-15 13:01:00,3.6,3.61,3.6,3.6005,57457.0,BTBT
2025-01-15 13:00:00,3.595,3.5999,3.59,3.59,28296.0,BTBT
2025-01-15 12:59:00,3.595,3.595,3.59,3.595,6253.0,BTBT
2025-01-15 12:58:00,3.605,3.605,3.59,3.591,19303.0,BTBT
2025-01-15 12:57:00,3.6028,3.6051,3.6,3.6051,3484.0,BTBT
2025-01-15 12:56:00,3.6,3.605,3.6,3.6,3956.0,BTBT
2025-01-15 12:55:00,3.61,3.6196,3.6,3.605,115809.0,BTBT
2025-01-15 12:54:00,3.6101,3.62,3.61,3.6199,58556.0,BTBT
2025-01-15 12:53:00,3.6,3.63,3.6,3.615,179311.0,BTBT
2025-01-15 12:52:00,3.625,3.6257,3.6,3.6001,63671.0,BTBT
2025-01-15 12:51:00,3.625,3.6264,3.62,3.625,4129.0,BTBT
2025-01-15 12:50:00,3.63,3.635,3.62,3.6213,76685.0,BTBT
2025-01-15 12:49:00,3.635,3.64,3.63,3.635,22467.0,BTBT
2025-01-15 12:48:00,3.635,3.64,3.63,3.64,2241.0,BTBT
2025-01-15 12:47:00,3.645,3.645,3.63,3.6399,50599.0,BTBT
2025-01-15 12:46:00,3.645,3.65,3.64,3.645,3720.0,BTBT
2025-01-15 12:45:00,3.645,3.65,3.64,3.645,6229.0,BTBT
2025-01-15 12:44:00,3.645,3.645,3.6409,3.645,5889.0,BTBT
2025-01-15 12:43:00,3.65,3.655,3.64,3.6424,60427.0,BTBT
2025-01-15 12:42:00,3.655,3.6595,3.651,3.655,21999.0,BTBT
2025-01-15 12:41:00,3.655,3.6599,3.65,3.655,9249.0,BTBT
2025-01-15 12:40:00,3.655,3.66,3.6512,3.66,9507.0,BTBT
2025-01-15 12:39:00,3.66,3.665,3.65,3.655,51613.0,BTBT
2025-01-15 12:38:00,3.66,3.6658,3.66,3.665,7908.0,BTBT
2025-01-15 12:37:00,3.67,3.675,3.66,3.66,55887.0,BTBT
2025-01-15 12:36:00,3.6698,3.67,3.665,3.67,14900.0,BTBT
2025-01-15 12:35:00,3.675,3.675,3.66,3.66,80526.0,BTBT
2025-01-15 12:34:00,3.6899,3.6899,3.675,3.675,11169.0,BTBT
2025-01-15 12:33:00,3.6912,3.6912,3.68,3.685,28466.0,BTBT
2025-01-15 12:32:00,3.69,3.7,3.68,3.695,70066.0,BTBT
2025-01-15 12:31:00,3.69,3.69,3.68,3.69,38617.0,BTBT
2025-01-15 12:30:00,3.695,3.695,3.68,3.6812,59182.0,BTBT
2025-01-15 12:29:00,3.69,3.7,3.68,3.6901,23930.0,BTBT
2025-01-15 12:28:00,3.685,3.69,3.68,3.685,23269.0,BTBT
2025-01-15 12:27:00,3.685,3.69,3.685,3.6895,11128.0,BTBT
2025-01-15 12:26:00,3.6883,3.69,3.68,3.69,25437.0,BTBT
2025-01-15 12:25:00,3.685,3.69,3.68,3.69,16293.0,BTBT
2025-01-15 12:24:00,3.6699,3.685,3.66,3.685,72934.0,BTBT
2025-01-15 12:23:00,3.675,3.68,3.66,3.665,34805.0,BTBT
2025-01-15 12:22:00,3.685,3.685,3.67,3.6757,42108.0,BTBT
2025-01-15 12:21:00,3.685,3.69,3.6801,3.685,15883.0,BTBT
2025-01-15 12:20:00,3.6801,3.69,3.68,3.685,11509.0,BTBT
2025-01-15 12:19:00,3.69,3.69,3.68,3.69,11165.0,BTBT
2025-01-15 12:18:00,3.675,3.685,3.67,3.685,31044.0,BTBT
2025-01-15 12:17:00,3.68,3.68,3.67,3.675,17937.0,BTBT
2025-01-15 12:16:00,3.6788,3.68,3.67,3.675,4291.0,BTBT
2025-01-15 12:15:00,3.675,3.675,3.675,3.675,336.0,BTBT
2025-01-15 12:14:00,3.675,3.68,3.67,3.675,26932.0,BTBT
2025-01-15 12:13:00,3.67,3.68,3.67,3.68,13936.0,BTBT
2025-01-15 12:12:00,3.68,3.7,3.67,3.6701,126899.0,BTBT
2025-01-15 12:11:00,3.685,3.69,3.67,3.685,118318.0,BTBT
2025-01-15 12:10:00,3.6899,3.69,3.68,3.6835,10026.0,BTBT
2025-01-15 12:09:00,3.6895,3.69,3.68,3.685,32476.0,BTBT
2025-01-15 12:08:00,3.69,3.69,3.68,3.69,13547.0,BTBT
2025-01-15 12:07:00,3.69,3.69,3.68,3.685,23957.0,BTBT
2025-01-15 12:06:00,3.6899,3.7,3.68,3.6885,108113.0,BTBT
2025-01-15 12:05:00,3.6803,3.69,3.68,3.6885,22074.0,BTBT
2025-01-15 12:04:00,3.68,3.6861,3.68,3.6861,27788.0,BTBT
2025-01-15 12:03:00,3.6801,3.685,3.67,3.68,10948.0,BTBT
2025-01-15 12:02:00,3.6602,3.695,3.66,3.681,64907.0,BTBT
2025-01-15 12:01:00,3.6606,3.67,3.65,3.6607,122234.0,BTBT
2025-01-15 12:00:00,3.68,3.68,3.66,3.665,41771.0,BTBT
2025-01-15 11:59:00,3.685,3.6899,3.675,3.685,25430.0,BTBT
2025-01-15 11:58:00,3.68,3.685,3.68,3.68,43528.0,BTBT
2025-01-15 11:57:00,3.68,3.68,3.67,3.675,41253.0,BTBT
2025-01-15 11:56:00,3.68,3.685,3.675,3.68,22757.0,BTBT
2025-01-15 11:55:00,3.7001,3.705,3.685,3.685,11953.0,BTBT
2025-01-15 11:54:00,3.685,3.7105,3.68,3.705,131623.0,BTBT
2025-01-15 11:53:00,3.705,3.71,3.68,3.685,81145.0,BTBT
2025-01-15 11:52:00,3.71,3.715,3.69,3.7006,115028.0,BTBT
2025-01-15 11:51:00,3.6905,3.71,3.69,3.705,62144.0,BTBT
2025-01-15 11:50:00,3.69,3.695,3.69,3.695,8383.0,BTBT
2025-01-15 11:49:00,3.69,3.69,3.6805,3.69,1470.0,BTBT
2025-01-15 11:48:00,3.685,3.69,3.68,3.69,13903.0,BTBT
2025-01-15 11:47:00,3.66,3.6899,3.66,3.685,74855.0,BTBT
2025-01-15 11:46:00,3.6513,3.6699,3.65,3.65,90755.0,BTBT
2025-01-15 11:45:00,3.67,3.6799,3.655,3.659,122075.0,BTBT
2025-01-15 11:44:00,3.6899,3.6899,3.665,3.665,37898.0,BTBT
2025-01-15 11:43:00,3.6857,3.6857,3.68,3.685,17445.0,BTBT
2025-01-15 11:42:00,3.685,3.6899,3.68,3.6801,14452.0,BTBT
2025-01-15 11:41:00,3.6889,3.69,3.68,3.69,50640.0,BTBT
2025-01-15 11:40:00,3.675,3.69,3.67,3.6801,85065.0,BTBT
2025-01-15 11:39:00,3.675,3.6899,3.67,3.6779,25440.0,BTBT
2025-01-15 11:38:00,3.67,3.678,3.67,3.6701,7315.0,BTBT
2025-01-15 11:37:00,3.671,3.68,3.67,3.67,4887.0,BTBT
2025-01-15 11:36:00,3.675,3.68,3.6734,3.675,5473.0,BTBT
2025-01-15 11:35:00,3.665,3.6757,3.66,3.6707,45651.0,BTBT
2025-01-15 11:34:00,3.66,3.67,3.65,3.6605,63918.0,BTBT
2025-01-15 11:33:00,3.66,3.67,3.65,3.6601,146619.0,BTBT
2025-01-15 11:32:00,3.665,3.67,3.65,3.6543,61215.0,BTBT
2025-01-15 11:31:00,3.67,3.67,3.66,3.665,26594.0,BTBT
2025-01-15 11:30:00,3.6696,3.67,3.66,3.665,44748.0,BTBT
2025-01-15 11:29:00,3.65,3.669,3.64,3.66,53557.0,BTBT
2025-01-15 11:28:00,3.635,3.65,3.635,3.6457,7160.0,BTBT
2025-01-15 11:27:00,3.6323,3.64,3.63,3.635,15103.0,BTBT
2025-01-15 11:26:00,3.6398,3.65,3.63,3.635,77143.0,BTBT
2025-01-15 11:25:00,3.64,3.655,3.635,3.6357,55732.0,BTBT
2025-01-15 11:24:00,3.64,3.65,3.64,3.65,8427.0,BTBT
2025-01-15 11:23:00,3.63,3.65,3.63,3.65,58998.0,BTBT
2025-01-15 11:22:00,3.625,3.6357,3.62,3.635,55316.0,BTBT
2025-01-15 11:21:00,3.635,3.64,3.62,3.62,20049.0,BTBT
2025-01-15 11:20:00,3.6407,3.645,3.63,3.635,19797.0,BTBT
2025-01-15 11:19:00,3.6409,3.6479,3.63,3.6443,46750.0,BTBT
2025-01-15 11:18:00,3.646,3.65,3.6326,3.645,78106.0,BTBT
2025-01-15 11:17:00,3.6482,3.66,3.64,3.65,28212.0,BTBT
2025-01-15 11:16:00,3.65,3.65,3.64,3.645,24273.0,BTBT
2025-01-15 11:15:00,3.6571,3.6597,3.64,3.645,58605.0,BTBT
2025-01-15 11:14:00,3.645,3.6598,3.64,3.6555,70671.0,BTBT
2025-01-15 11:13:00,3.645,3.65,3.63,3.645,50838.0,BTBT
2025-01-15 11:12:00,3.62,3.65,3.62,3.64,69536.0,BTBT
2025-01-15 11:11:00,3.605,3.62,3.59,3.6197,115631.0,BTBT
2025-01-15 11:10:00,3.6098,3.61,3.6,3.605,55842.0,BTBT
2025-01-15 11:09:00,3.6,3.6199,3.6,3.6,196865.0,BTBT
2025-01-15 11:08:00,3.615,3.615,3.58,3.59,132011.0,BTBT
2025-01-15 11:07:00,3.631,3.631,3.61,3.61,92573.0,BTBT
2025-01-15 11:06:00,3.65,3.65,3.6301,3.6301,62399.0,BTBT
2025-01-15 11:05:00,3.64,3.655,3.64,3.645,71854.0,BTBT
2025-01-15 11:04:00,3.6001,3.64,3.6,3.63,77583.0,BTBT
2025-01-15 11:03:00,3.59,3.61,3.59,3.6006,61199.0,BTBT
2025-01-15 11:02:00,3.605,3.605,3.58,3.5999,189046.0,BTBT
2025-01-15 11:01:00,3.62,3.62,3.6,3.61,98542.0,BTBT
2025-01-15 11:00:00,3.59,3.625,3.59,3.6205,62119.0,BTBT
2025-01-15 10:59:00,3.61,3.62,3.58,3.58,129848.0,BTBT
2025-01-15 10:58:00,3.625,3.625,3.6,3.6099,77663.0,BTBT
2025-01-15 10:57:00,3.63,3.64,3.6245,3.625,61107.0,BTBT
2025-01-15 10:56:00,3.635,3.645,3.63,3.635,56000.0,BTBT
2025-01-15 10:55:00,3.645,3.655,3.63,3.6399,140065.0,BTBT
2025-01-15 10:54:00,3.645,3.65,3.64,3.6405,24868.0,BTBT
2025-01-15 10:53:00,3.64,3.645,3.63,3.645,42575.0,BTBT
2025-01-15 10:52:00,3.615,3.6399,3.61,3.635,108820.0,BTBT
2025-01-15 10:51:00,3.56,3.6199,3.56,3.6101,172405.0,BTBT
2025-01-15 10:50:00,3.58,3.58,3.56,3.5657,155439.0,BTBT
2025-01-15 10:49:00,3.595,3.595,3.57,3.585,135380.0,BTBT
2025-01-15 10:48:00,3.585,3.595,3.58,3.5904,81013.0,BTBT
2025-01-15 10:47:00,3.605,3.605,3.58,3.5806,68891.0,BTBT
2025-01-15 10:46:00,3.6107,3.62,3.6,3.6043,103975.0,BTBT
2025-01-15 10:45:00,3.6112,3.62,3.61,3.615,59594.0,BTBT
2025-01-15 10:44:00,3.61,3.62,3.61,3.62,34887.0,BTBT
2025-01-15 10:43:00,3.6198,3.6299,3.61,3.615,117307.0,BTBT
2025-01-15 10:42:00,3.6111,3.6257,3.61,3.6143,76226.0,BTBT
2025-01-15 10:41:00,3.605,3.62,3.6,3.62,47014.0,BTBT
2025-01-15 10:40:00,3.605,3.618,3.6036,3.61,87018.0,BTBT
2025-01-15 10:39:00,3.615,3.618,3.6,3.6018,74305.0,BTBT
2025-01-15 10:38:00,3.58,3.62,3.57,3.61,142724.0,BTBT
2025-01-15 10:37:00,3.57,3.575,3.56,3.57,99177.0,BTBT
2025-01-15 10:36:00,3.58,3.585,3.57,3.5795,105846.0,BTBT
2025-01-15 10:35:00,3.5901,3.597,3.58,3.58,93374.0,BTBT
2025-01-15 10:34:00,3.59,3.6,3.58,3.59,120466.0,BTBT
2025-01-15 10:33:00,3.6011,3.605,3.58,3.5901,130683.0,BTBT
2025-01-15 10:32:00,3.615,3.615,3.59,3.6088,108633.0,BTBT
2025-01-15 10:31:00,3.625,3.625,3.6101,3.6199,58549.0,BTBT
2025-01-15 10:30:00,3.61,3.63,3.61,3.6205,107537.0,BTBT
2025-01-15 10:29:00,3.59,3.62,3.59,3.62,78158.0,BTBT
2025-01-15 10:28:00,3.595,3.605,3.57,3.595,188968.0,BTBT
2025-01-15 10:27:00,3.56,3.6,3.5586,3.6,180475.0,BTBT
2025-01-15 10:26:00,3.56,3.565,3.55,3.555,86167.0,BTBT
2025-01-15 10:25:00,3.575,3.575,3.55,3.5604,157335.0,BTBT
2025-01-15 10:24:00,3.5704,3.575,3.56,3.5701,105099.0,BTBT
2025-01-15 10:23:00,3.56,3.57,3.55,3.5621,122638.0,BTBT
2025-01-15 10:22:00,3.56,3.575,3.55,3.55,105141.0,BTBT
2025-01-15 10:21:00,3.565,3.5799,3.56,3.5699,130168.0,BTBT
2025-01-15 10:20:00,3.56,3.57,3.56,3.5608,45937.0,BTBT
2025-01-15 10:19:00,3.575,3.5795,3.555,3.5657,139782.0,BTBT
2025-01-15 10:18:00,3.58,3.585,3.57,3.5704,56245.0,BTBT
2025-01-15 10:17:00,3.56,3.58,3.55,3.5707,50446.0,BTBT
2025-01-15 10:16:00,3.575,3.58,3.55,3.56,105539.0,BTBT
2025-01-15 10:15:00,3.575,3.585,3.5612,3.5733,58890.0,BTBT
2025-01-15 10:14:00,3.585,3.59,3.57,3.5799,97711.0,BTBT
2025-01-15 10:13:00,3.565,3.59,3.56,3.588,51738.0,BTBT
2025-01-15 10:12:00,3.56,3.57,3.55,3.5603,74107.0,BTBT
2025-01-15 10:11:00,3.5557,3.56,3.54,3.555,114247.0,BTBT
2025-01-15 10:10:00,3.53,3.555,3.53,3.5514,104433.0,BTBT
2025-01-15 10:09:00,3.532,3.55,3.53,3.5301,58030.0,BTBT
2025-01-15 10:08:00,3.54,3.5443,3.52,3.54,122588.0,BTBT
2025-01-15 10:07:00,3.555,3.56,3.53,3.5399,105234.0,BTBT
2025-01-15 10:06:00,3.55,3.5691,3.55,3.552,108710.0,BTBT
2025-01-15 10:05:00,3.5609,3.5654,3.54,3.55,79748.0,BTBT
2025-01-15 10:04:00,3.57,3.575,3.5601,3.565,80982.0,BTBT
2025-01-15 10:03:00,3.575,3.58,3.56,3.5601,92333.0,BTBT
2025-01-15 10:02:00,3.58,3.5901,3.57,3.575,130695.0,BTBT
2025-01-15 10:01:00,3.57,3.58,3.57,3.575,65989.0,BTBT
2025-01-15 10:00:00,3.5603,3.57,3.56,3.5693,20423.0,BTBT
2025-01-15 09:59:00,3.5892,3.5892,3.56,3.56,198596.0,BTBT
2025-01-15 09:58:00,3.59,3.59,3.57,3.585,54223.0,BTBT
2025-01-15 09:57:00,3.57,3.5868,3.56,3.58,59003.0,BTBT
2025-01-15 09:56:00,3.55,3.57,3.55,3.57,13596.0,BTBT
2025-01-15 09:55:00,3.555,3.555,3.53,3.55,16465.0,BTBT
2025-01-15 09:54:00,3.54,3.56,3.54,3.5509,58599.0,BTBT
2025-01-15 09:53:00,3.535,3.54,3.53,3.54,35502.0,BTBT
2025-01-15 09:52:00,3.55,3.55,3.53,3.54,29052.0,BTBT
2025-01-15 09:51:00,3.535,3.55,3.53,3.545,25721.0,BTBT
2025-01-15 09:50:00,3.565,3.565,3.53,3.535,27452.0,BTBT
2025-01-15 09:49:00,3.57,3.58,3.56,3.56,22457.0,BTBT
2025-01-15 09:48:00,3.56,3.57,3.54,3.57,31619.0,BTBT
2025-01-15 09:47:00,3.55,3.56,3.545,3.56,45367.0,BTBT
2025-01-15 09:46:00,3.56,3.5622,3.545,3.5499,17670.0,BTBT
2025-01-15 09:45:00,3.5698,3.57,3.545,3.5539,44457.0,BTBT
2025-01-15 09:44:00,3.5599,3.57,3.55,3.57,38687.0,BTBT
2025-01-15 09:43:00,3.5404,3.56,3.54,3.56,29466.0,BTBT
2025-01-15 09:42:00,3.545,3.565,3.5411,3.5499,41359.0,BTBT
2025-01-15 09:41:00,3.545,3.56,3.54,3.545,41617.0,BTBT
2025-01-15 09:40:00,3.525,3.55,3.51,3.545,49890.0,BTBT
2025-01-15 09:39:00,3.5373,3.545,3.521,3.521,97643.0,BTBT
2025-01-15 09:38:00,3.512,3.54,3.4905,3.535,56955.0,BTBT
2025-01-15 09:37:00,3.535,3.55,3.505,3.5293,76587.0,BTBT
2025-01-15 09:36:00,3.52,3.55,3.51,3.535,162637.0,BTBT
2025-01-15 09:35:00,3.515,3.53,3.5,3.52,40533.0,BTBT
2025-01-15 09:34:00,3.5399,3.545,3.515,3.515,48895.0,BTBT
2025-01-15 09:33:00,3.582,3.5895,3.535,3.535,63159.0,BTBT
2025-01-15 09:32:00,3.585,3.61,3.5819,3.5834,60764.0,BTBT
2025-01-15 09:31:00,3.595,3.62,3.58,3.5804,87709.0,BTBT
2025-01-15 09:30:00,3.58,3.62,3.561,3.595,160396.0,BTBT
2025-01-15 09:29:00,3.57,3.57,3.55,3.5501,6667.0,BTBT
2025-01-15 09:28:00,3.5792,3.5899,3.558,3.5899,4685.0,BTBT
2025-01-15 09:27:00,3.54,3.58,3.54,3.58,9927.0,BTBT
2025-01-15 09:26:00,3.54,3.54,3.53,3.53,410.0,BTBT
2025-01-15 09:25:00,3.57,3.57,3.56,3.56,2343.0,BTBT
2025-01-15 09:23:00,3.55,3.55,3.55,3.55,1300.0,BTBT
2025-01-15 09:22:00,3.55,3.55,3.55,3.55,1504.0,BTBT
2025-01-15 09:21:00,3.53,3.54,3.53,3.54,1520.0,BTBT
2025-01-15 09:20:00,3.54,3.54,3.54,3.54,25.0,BTBT
2025-01-15 09:19:00,3.5399,3.5399,3.53,3.53,551.0,BTBT
2025-01-15 09:18:00,3.53,3.5398,3.53,3.5398,852.0,BTBT
2025-01-15 09:17:00,3.5301,3.5499,3.5301,3.54,2100.0,BTBT
2025-01-15 09:16:00,3.54,3.54,3.53,3.53,99.0,BTBT
2025-01-15 09:15:00,3.54,3.54,3.53,3.53,501.0,BTBT
2025-01-15 09:14:00,3.53,3.53,3.53,3.53,357.0,BTBT
2025-01-15 09:13:00,3.53,3.53,3.53,3.53,450.0,BTBT
2025-01-15 09:12:00,3.53,3.55,3.5203,3.55,1001.0,BTBT
2025-01-15 09:11:00,3.52,3.53,3.52,3.53,1720.0,BTBT
2025-01-15 09:10:00,3.51,3.52,3.51,3.52,9181.0,BTBT
2025-01-15 09:09:00,3.51,3.53,3.51,3.5197,4877.0,BTBT
2025-01-15 09:08:00,3.5295,3.5299,3.51,3.5108,1370.0,BTBT
2025-01-15 09:07:00,3.53,3.53,3.5,3.5297,12831.0,BTBT
2025-01-15 09:06:00,3.57,3.5701,3.54,3.54,6734.0,BTBT
2025-01-15 09:05:00,3.5702,3.58,3.57,3.579,7144.0,BTBT
2025-01-15 09:04:00,3.56,3.5797,3.56,3.5797,4399.0,BTBT
2025-01-15 09:03:00,3.57,3.57,3.56,3.56,4384.0,BTBT
2025-01-15 09:02:00,3.5765,3.5765,3.56,3.5699,2778.0,BTBT
2025-01-15 09:01:00,3.5299,3.57,3.5201,3.57,6910.0,BTBT
2025-01-15 09:00:00,3.53,3.53,3.51,3.51,15774.0,BTBT
2025-01-15 08:59:00,3.53,3.54,3.52,3.53,6700.0,BTBT
2025-01-15 08:58:00,3.5298,3.53,3.52,3.53,625.0,BTBT
2025-01-15 08:57:00,3.5395,3.5399,3.52,3.53,1165.0,BTBT
2025-01-15 08:56:00,3.5398,3.54,3.5203,3.5203,6042.0,BTBT
2025-01-15 08:55:00,3.54,3.54,3.51,3.5399,3065.0,BTBT
2025-01-15 08:54:00,3.56,3.56,3.54,3.55,6652.0,BTBT
2025-01-15 08:53:00,3.56,3.56,3.56,3.56,329.0,BTBT
2025-01-15 08:52:00,3.5405,3.5599,3.54,3.5595,575.0,BTBT
2025-01-15 08:51:00,3.57,3.57,3.54,3.54,3912.0,BTBT
2025-01-15 08:50:00,3.57,3.57,3.56,3.56,1036.0,BTBT
2025-01-15 08:49:00,3.57,3.57,3.56,3.57,8131.0,BTBT
2025-01-15 08:48:00,3.57,3.57,3.56,3.57,1229.0,BTBT
2025-01-15 08:47:00,3.56,3.57,3.56,3.5698,2941.0,BTBT
2025-01-15 08:46:00,3.55,3.58,3.55,3.57,13829.0,BTBT
2025-01-15 08:45:00,3.55,3.57,3.55,3.57,7212.0,BTBT
2025-01-15 08:44:00,3.5505,3.5506,3.5502,3.5502,91.0,BTBT
2025-01-15 08:43:00,3.55,3.56,3.54,3.56,3808.0,BTBT
2025-01-15 08:42:00,3.54,3.55,3.5302,3.55,11191.0,BTBT
2025-01-15 08:41:00,3.53,3.55,3.52,3.52,16351.0,BTBT
2025-01-15 08:40:00,3.52,3.53,3.51,3.52,4288.0,BTBT
2025-01-15 08:39:00,3.53,3.53,3.51,3.51,11196.0,BTBT
2025-01-15 08:38:00,3.56,3.56,3.52,3.53,19612.0,BTBT
2025-01-15 08:37:00,3.57,3.57,3.56,3.5696,2564.0,BTBT
2025-01-15 08:36:00,3.55,3.57,3.55,3.57,7710.0,BTBT
2025-01-15 08:35:00,3.53,3.54,3.52,3.54,4520.0,BTBT
2025-01-15 08:34:00,3.5293,3.54,3.52,3.53,8342.0,BTBT
2025-01-15 08:33:00,3.53,3.53,3.52,3.52,7971.0,BTBT
2025-01-15 08:32:00,3.51,3.53,3.5,3.53,4653.0,BTBT
2025-01-15 08:31:00,3.51,3.52,3.5,3.5199,2172.0,BTBT
2025-01-15 08:30:00,3.42,3.51,3.42,3.51,7733.0,BTBT
2025-01-15 08:28:00,3.4101,3.4101,3.4101,3.4101,1000.0,BTBT
2025-01-15 08:27:00,3.43,3.43,3.42,3.43,256.0,BTBT
2025-01-15 08:25:00,3.43,3.45,3.43,3.45,515.0,BTBT
2025-01-15 08:24:00,3.43,3.43,3.43,3.43,1300.0,BTBT
2025-01-15 08:22:00,3.4294,3.43,3.411,3.411,1262.0,BTBT
2025-01-15 08:19:00,3.411,3.411,3.411,3.411,10.0,BTBT
2025-01-15 08:17:00,3.4103,3.4103,3.4103,3.4103,420.0,BTBT
2025-01-15 08:16:00,3.42,3.42,3.42,3.42,140.0,BTBT
2025-01-15 08:15:00,3.45,3.45,3.41,3.41,35.0,BTBT
2025-01-15 08:14:00,3.45,3.45,3.411,3.411,950.0,BTBT
2025-01-15 08:13:00,3.44,3.44,3.44,3.44,184.0,BTBT
2025-01-15 08:12:00,3.4488,3.4488,3.4488,3.4488,5.0,BTBT
2025-01-15 08:10:00,3.4108,3.4108,3.4108,3.4108,2050.0,BTBT
2025-01-15 08:08:00,3.41,3.41,3.41,3.41,20.0,BTBT
2025-01-15 08:06:00,3.41,3.41,3.41,3.41,30.0,BTBT
2025-01-15 08:05:00,3.4,3.45,3.4,3.45,8549.0,BTBT
2025-01-15 08:04:00,3.39,3.39,3.39,3.39,1.0,BTBT
2025-01-15 08:02:00,3.4,3.4,3.4,3.4,1.0,BTBT
2025-01-15 08:01:00,3.4,3.4,3.4,3.4,47.0,BTBT
2025-01-15 08:00:00,3.4006,3.42,3.39,3.4,8321.0,BTBT
2025-01-15 07:55:00,3.39,3.39,3.39,3.39,1.0,BTBT
2025-01-15 07:52:00,3.4,3.4,3.4,3.4,3.0,BTBT
2025-01-15 07:51:00,3.4,3.4,3.4,3.4,1.0,BTBT
2025-01-15 07:50:00,3.4,3.4,3.4,3.4,100.0,BTBT
2025-01-15 07:43:00,3.4,3.4,3.4,3.4,200.0,BTBT
2025-01-15 07:41:00,3.4,3.4,3.4,3.4,500.0,BTBT
2025-01-15 07:14:00,3.4,3.4,3.4,3.4,2.0,BTBT
2025-01-15 07:13:00,3.4,3.4,3.4,3.4,2775.0,BTBT
2025-01-15 07:08:00,3.41,3.41,3.41,3.41,2.0,BTBT
2025-01-15 07:01:00,3.41,3.41,3.41,3.41,148.0,BTBT
2025-01-15 06:54:00,3.41,3.42,3.41,3.41,3426.0,BTBT
2025-01-15 06:39:00,3.4,3.4,3.4,3.4,78.0,BTBT
2025-01-15 06:28:00,3.4,3.4,3.4,3.4,140.0,BTBT
2025-01-15 06:26:00,3.39,3.4,3.39,3.4,3360.0,BTBT
2025-01-15 06:24:00,3.39,3.39,3.39,3.39,250.0,BTBT
2025-01-15 06:21:00,3.38,3.38,3.38,3.38,397.0,BTBT
2025-01-15 06:16:00,3.39,3.39,3.39,3.39,2.0,BTBT
2025-01-15 06:10:00,3.38,3.38,3.38,3.38,100.0,BTBT
2025-01-15 06:09:00,3.38,3.38,3.38,3.38,676.0,BTBT
2025-01-15 05:53:00,3.39,3.39,3.39,3.39,40.0,BTBT
2025-01-15 05:48:00,3.4,3.4,3.39,3.39,190.0,BTBT
2025-01-15 05:35:00,3.4,3.4,3.4,3.4,273.0,BTBT
2025-01-15 05:33:00,3.4,3.4,3.4,3.4,2.0,BTBT
2025-01-15 05:22:00,3.4,3.4,3.4,3.4,50.0,BTBT
2025-01-15 05:16:00,3.38,3.39,3.38,3.38,1725.0,BTBT
2025-01-15 05:15:00,3.38,3.38,3.38,3.38,3000.0,BTBT
2025-01-15 05:09:00,3.37,3.37,3.35,3.35,11291.0,BTBT
2025-01-15 04:59:00,3.36,3.36,3.36,3.36,1000.0,BTBT
2025-01-15 04:58:00,3.36,3.36,3.36,3.36,1488.0,BTBT
2025-01-15 04:56:00,3.38,3.38,3.38,3.38,5.0,BTBT
2025-01-15 04:52:00,3.39,3.39,3.38,3.38,299.0,BTBT
2025-01-15 04:43:00,3.4,3.4,3.4,3.4,424.0,BTBT
2025-01-15 04:41:00,3.4,3.4,3.4,3.4,250.0,BTBT
2025-01-15 04:40:00,3.4,3.4,3.4,3.4,1262.0,BTBT
2025-01-15 04:39:00,3.4,3.4,3.4,3.4,13.0,BTBT
2025-01-15 04:36:00,3.4,3.4,3.4,3.4,9.0,BTBT
2025-01-15 04:35:00,3.4,3.4,3.4,3.4,218.0,BTBT
2025-01-15 04:33:00,3.41,3.41,3.41,3.41,1.0,BTBT
2025-01-15 04:23:00,3.4,3.4,3.4,3.4,600.0,BTBT
2025-01-15 04:22:00,3.43,3.43,3.42,3.42,1100.0,BTBT
2025-01-15 04:15:00,3.45,3.45,3.45,3.45,1.0,BTBT
2025-01-15 04:14:00,3.44,3.44,3.43,3.43,3057.0,BTBT
2025-01-15 04:13:00,3.44,3.44,3.44,3.44,315.0,BTBT
2025-01-15 04:12:00,3.47,3.47,3.47,3.47,90.0,BTBT
2025-01-15 04:11:00,3.47,3.47,3.47,3.47,1.0,BTBT
2025-01-15 04:10:00,3.48,3.48,3.48,3.48,19.0,BTBT
2025-01-15 04:02:00,3.48,3.49,3.48,3.49,1001.0,BTBT
2025-01-15 04:01:00,3.45,3.45,3.45,3.45,300.0,BTBT
2025-01-15 04:00:00,3.49,3.49,3.49,3.49,1.0,BTBT
2025-01-14 19:59:00,3.41,3.41,3.4099,3.4099,616.0,BTBT
2025-01-14 19:58:00,3.42,3.42,3.3903,3.4095,523.0,BTBT
2025-01-14 19:57:00,3.43,3.43,3.43,3.43,2.0,BTBT
2025-01-14 19:56:00,3.42,3.42,3.42,3.42,79.0,BTBT
2025-01-14 19:54:00,3.41,3.41,3.41,3.41,30.0,BTBT
2025-01-14 19:52:00,3.4085,3.4085,3.4085,3.4085,52.0,BTBT
2025-01-14 19:51:00,3.42,3.42,3.39,3.39,34.0,BTBT
2025-01-14 19:44:00,3.4,3.42,3.4,3.42,1250.0,BTBT
2025-01-14 19:43:00,3.39,3.39,3.39,3.39,100.0,BTBT
2025-01-14 19:40:00,3.4,3.4,3.4,3.4,100.0,BTBT
2025-01-14 19:38:00,3.43,3.43,3.43,3.43,50.0,BTBT
2025-01-14 19:29:00,3.425,3.425,3.425,3.425,8.0,BTBT
2025-01-14 19:25:00,3.39,3.39,3.39,3.39,1000.0,BTBT
2025-01-14 19:22:00,3.43,3.43,3.43,3.43,30.0,BTBT
2025-01-14 19:18:00,3.38,3.38,3.38,3.38,103.0,BTBT
2025-01-14 19:15:00,3.4,3.4,3.4,3.4,50.0,BTBT
2025-01-14 19:14:00,3.3701,3.3701,3.3701,3.3701,14457.0,BTBT
2025-01-14 19:12:00,3.41,3.4101,3.39,3.39,784.0,BTBT
2025-01-14 19:10:00,3.4291,3.4291,3.4291,3.4291,1.0,BTBT
2025-01-14 19:09:00,3.39,3.41,3.39,3.41,161.0,BTBT
2025-01-14 19:07:00,3.41,3.41,3.37,3.37,2442.0,BTBT
2025-01-14 19:05:00,3.37,3.4089,3.37,3.4089,70.0,BTBT
2025-01-14 19:04:00,3.4,3.4,3.37,3.37,52.0,BTBT
2025-01-14 18:57:00,3.41,3.41,3.41,3.41,5.0,BTBT
2025-01-14 18:56:00,3.41,3.41,3.39,3.39,35.0,BTBT
2025-01-14 18:52:00,3.39,3.4093,3.39,3.4093,50.0,BTBT
2025-01-14 18:49:00,3.38,3.38,3.38,3.38,25.0,BTBT
2025-01-14 18:38:00,3.38,3.38,3.38,3.38,1.0,BTBT
2025-01-14 18:35:00,3.39,3.39,3.38,3.38,875.0,BTBT
2025-01-14 18:33:00,3.39,3.39,3.3899,3.3899,4975.0,BTBT
2025-01-14 18:31:00,3.39,3.39,3.3899,3.3899,500.0,BTBT
2025-01-14 18:29:00,3.39,3.39,3.39,3.39,300.0,BTBT
2025-01-14 18:27:00,3.39,3.39,3.3803,3.3803,75.0,BTBT
2025-01-14 18:25:00,3.39,3.39,3.3803,3.3803,3000.0,BTBT
2025-01-14 18:22:00,3.41,3.41,3.41,3.41,11.0,BTBT
2025-01-14 18:19:00,3.37,3.37,3.37,3.37,1000.0,BTBT
2025-01-14 18:18:00,3.41,3.41,3.41,3.41,3000.0,BTBT
2025-01-14 18:06:00,3.409,3.409,3.409,3.409,150.0,BTBT
2025-01-14 18:05:00,3.4099,3.4099,3.4099,3.4099,50.0,BTBT
2025-01-14 18:01:00,3.37,3.37,3.37,3.37,1218.0,BTBT
2025-01-14 17:56:00,3.35,3.35,3.35,3.35,10.0,BTBT
2025-01-14 17:53:00,3.41,3.41,3.41,3.41,800.0,BTBT
2025-01-14 17:48:00,3.38,3.4098,3.38,3.4098,4310.0,BTBT
2025-01-14 17:44:00,3.3996,3.3996,3.3996,3.3996,50.0,BTBT
2025-01-14 17:42:00,3.4,3.4,3.39,3.39,6.0,BTBT
2025-01-14 17:41:00,3.4,3.4,3.39,3.3999,260.0,BTBT
2025-01-14 17:35:00,3.4,3.4,3.4,3.4,12.0,BTBT
2025-01-14 17:33:00,3.4099,3.4099,3.4099,3.4099,1000.0,BTBT
2025-01-14 17:30:00,3.4097,3.4097,3.4097,3.4097,300.0,BTBT
2025-01-14 17:28:00,3.3409,3.3409,3.3408,3.3408,48.0,BTBT
2025-01-14 17:27:00,3.33,3.33,3.33,3.33,6.0,BTBT
2025-01-14 17:26:00,3.38,3.38,3.38,3.38,100.0,BTBT
2025-01-14 17:18:00,3.36,3.36,3.36,3.36,1674.0,BTBT
2025-01-14 17:17:00,3.36,3.36,3.36,3.36,8.0,BTBT
2025-01-14 17:16:00,3.36,3.36,3.36,3.36,15.0,BTBT
2025-01-14 17:12:00,3.36,3.36,3.36,3.36,20.0,BTBT
2025-01-14 17:11:00,3.36,3.36,3.36,3.36,20.0,BTBT
2025-01-14 17:10:00,3.36,3.36,3.36,3.36,8.0,BTBT
2025-01-14 17:09:00,3.36,3.36,3.36,3.36,1.0,BTBT
2025-01-14 17:08:00,3.36,3.36,3.3599,3.3599,4000.0,BTBT
2025-01-14 17:07:00,3.36,3.36,3.3599,3.3599,1001.0,BTBT
2025-01-14 17:06:00,3.36,3.36,3.36,3.36,3897.0,BTBT
2025-01-14 17:05:00,3.39,3.39,3.36,3.36,17224.0,BTBT
2025-01-14 17:04:00,3.41,3.41,3.4,3.4,3448.0,BTBT
2025-01-14 17:02:00,3.4199,3.4199,3.4199,3.4199,2.0,BTBT
2025-01-14 17:01:00,3.41,3.41,3.41,3.41,200.0,BTBT
2025-01-14 17:00:00,3.42,3.42,3.4197,3.4197,230.0,BTBT
2025-01-14 16:58:00,3.41,3.41,3.41,3.41,5349.0,BTBT
2025-01-14 16:57:00,3.42,3.42,3.42,3.42,1169.0,BTBT
2025-01-14 16:53:00,3.42,3.42,3.42,3.42,2.0,BTBT
2025-01-14 16:51:00,3.4295,3.4295,3.41,3.41,1810.0,BTBT
2025-01-14 16:50:00,3.4299,3.4299,3.4299,3.4299,500.0,BTBT
2025-01-14 16:48:00,3.43,3.43,3.41,3.42,81.0,BTBT
2025-01-14 16:46:00,3.43,3.43,3.43,3.43,30.0,BTBT
2025-01-14 16:45:00,3.43,3.43,3.43,3.43,2.0,BTBT
2025-01-14 16:44:00,3.42,3.42,3.42,3.42,50.0,BTBT
2025-01-14 16:40:00,3.43,3.43,3.4299,3.4299,3000.0,BTBT
2025-01-14 16:38:00,3.41,3.41,3.41,3.41,500.0,BTBT
2025-01-14 16:36:00,3.41,3.41,3.41,3.41,140.0,BTBT
2025-01-14 16:35:00,3.42,3.42,3.42,3.42,500.0,BTBT
2025-01-14 16:34:00,3.41,3.41,3.41,3.41,4.0,BTBT
2025-01-14 16:31:00,3.42,3.42,3.42,3.42,300.0,BTBT
2025-01-14 16:30:00,3.43,3.43,3.43,3.43,1000.0,BTBT
2025-01-14 16:26:00,3.4399,3.4399,3.4399,3.4399,5.0,BTBT
2025-01-14 16:24:00,3.4393,3.4393,3.4393,3.4393,20.0,BTBT
2025-01-14 16:23:00,3.44,3.44,3.44,3.44,3.0,BTBT
2025-01-14 16:22:00,3.43,3.44,3.42,3.42,745.0,BTBT
2025-01-14 16:21:00,3.43,3.43,3.43,3.43,1300.0,BTBT
2025-01-14 16:20:00,3.41,3.41,3.41,3.41,217.0,BTBT
2025-01-14 16:18:00,3.4098,3.4098,3.4,3.4,110.0,BTBT
2025-01-14 16:17:00,3.41,3.41,3.41,3.41,10.0,BTBT
2025-01-14 16:16:00,3.41,3.41,3.41,3.41,30.0,BTBT
2025-01-14 16:12:00,3.4,3.4001,3.4,3.4001,5000.0,BTBT
2025-01-14 16:10:00,3.4,3.41,3.4,3.4001,759.0,BTBT
2025-01-14 16:09:00,3.4002,3.41,3.4,3.4,1234.0,BTBT
2025-01-14 16:08:00,3.4,3.4,3.4,3.4,3005.0,BTBT
2025-01-14 16:06:00,3.4099,3.4099,3.4099,3.4099,1.0,BTBT
2025-01-14 16:05:00,3.39,3.39,3.39,3.39,2.0,BTBT
2025-01-14 16:04:00,3.4,3.4,3.4,3.4,2.0,BTBT
2025-01-14 16:03:00,3.41,3.41,3.41,3.41,100.0,BTBT
2025-01-14 16:02:00,3.39,3.39,3.39,3.39,7181.0,BTBT
2025-01-14 16:01:00,3.39,3.39,3.37,3.39,13990.0,BTBT
2025-01-14 16:00:00,3.38,3.46,3.38,3.46,425588.0,BTBT
2025-01-14 15:59:00,3.38,3.39,3.38,3.38,73189.0,BTBT
2025-01-14 15:58:00,3.38,3.388,3.38,3.385,29037.0,BTBT
2025-01-14 15:57:00,3.385,3.39,3.38,3.385,40857.0,BTBT
2025-01-14 15:56:00,3.39,3.39,3.38,3.39,20570.0,BTBT
2025-01-14 15:55:00,3.385,3.39,3.38,3.3877,54319.0,BTBT
2025-01-14 15:54:00,3.385,3.3874,3.37,3.3832,35501.0,BTBT
2025-01-14 15:53:00,3.385,3.3886,3.38,3.3886,8925.0,BTBT
2025-01-14 15:52:00,3.385,3.3888,3.38,3.385,8623.0,BTBT
2025-01-14 15:51:00,3.385,3.39,3.3801,3.3867,4164.0,BTBT
2025-01-14 15:50:00,3.375,3.3859,3.375,3.3801,26593.0,BTBT
2025-01-14 15:49:00,3.375,3.38,3.37,3.3727,10788.0,BTBT
2025-01-14 15:48:00,3.375,3.38,3.3701,3.375,6142.0,BTBT
2025-01-14 15:47:00,3.38,3.38,3.37,3.375,11461.0,BTBT
2025-01-14 15:46:00,3.38,3.39,3.38,3.3822,40222.0,BTBT
2025-01-14 15:45:00,3.3846,3.385,3.382,3.385,5045.0,BTBT
2025-01-14 15:44:00,3.375,3.385,3.375,3.385,19792.0,BTBT
2025-01-14 15:43:00,3.375,3.38,3.371,3.3715,11970.0,BTBT
2025-01-14 15:42:00,3.375,3.375,3.37,3.375,13123.0,BTBT
2025-01-14 15:41:00,3.36,3.375,3.36,3.3705,21576.0,BTBT
2025-01-14 15:40:00,3.3642,3.365,3.35,3.36,22227.0,BTBT
2025-01-14 15:39:00,3.37,3.37,3.3601,3.365,6828.0,BTBT
2025-01-14 15:38:00,3.38,3.3829,3.3705,3.3705,38437.0,BTBT
2025-01-14 15:37:00,3.38,3.3804,3.37,3.3799,25962.0,BTBT
2025-01-14 15:36:00,3.37,3.39,3.37,3.3807,52228.0,BTBT
2025-01-14 15:35:00,3.36,3.37,3.36,3.37,6519.0,BTBT
2025-01-14 15:34:00,3.3606,3.365,3.3606,3.365,3817.0,BTBT
2025-01-14 15:33:00,3.365,3.3699,3.35,3.365,72548.0,BTBT
2025-01-14 15:32:00,3.365,3.37,3.35,3.37,38946.0,BTBT
2025-01-14 15:31:00,3.3606,3.365,3.36,3.3601,15724.0,BTBT
2025-01-14 15:30:00,3.355,3.37,3.355,3.36,49407.0,BTBT
2025-01-14 15:29:00,3.3552,3.3589,3.35,3.3589,5515.0,BTBT
2025-01-14 15:28:00,3.35,3.3599,3.35,3.355,20531.0,BTBT
2025-01-14 15:27:00,3.3501,3.3582,3.34,3.345,36464.0,BTBT
2025-01-14 15:26:00,3.36,3.36,3.35,3.355,7577.0,BTBT
2025-01-14 15:25:00,3.365,3.3688,3.36,3.36,12287.0,BTBT
2025-01-14 15:24:00,3.35,3.37,3.35,3.37,24811.0,BTBT
2025-01-14 15:23:00,3.35,3.3599,3.35,3.35,12665.0,BTBT
2025-01-14 15:22:00,3.355,3.36,3.35,3.35,7781.0,BTBT
2025-01-14 15:21:00,3.3501,3.36,3.35,3.3571,15024.0,BTBT
2025-01-14 15:20:00,3.3599,3.36,3.3517,3.3517,17587.0,BTBT
2025-01-14 15:19:00,3.3501,3.36,3.345,3.35,71824.0,BTBT
2025-01-14 15:18:00,3.345,3.355,3.345,3.355,24905.0,BTBT
2025-01-14 15:17:00,3.335,3.35,3.335,3.345,27985.0,BTBT
2025-01-14 15:16:00,3.345,3.3499,3.33,3.33,40883.0,BTBT
2025-01-14 15:15:00,3.3299,3.345,3.32,3.3411,49500.0,BTBT
2025-01-14 15:14:00,3.325,3.3295,3.32,3.325,9248.0,BTBT
2025-01-14 15:13:00,3.3265,3.3285,3.325,3.325,5744.0,BTBT
2025-01-14 15:12:00,3.3394,3.3394,3.32,3.3258,39171.0,BTBT
2025-01-14 15:11:00,3.3407,3.3407,3.33,3.33,54216.0,BTBT
2025-01-14 15:10:00,3.36,3.36,3.34,3.3472,13096.0,BTBT
2025-01-14 15:09:00,3.37,3.37,3.36,3.3606,22208.0,BTBT
2025-01-14 15:08:00,3.36,3.37,3.36,3.365,59626.0,BTBT
2025-01-14 15:07:00,3.365,3.365,3.3518,3.3599,8202.0,BTBT
2025-01-14 15:06:00,3.365,3.37,3.36,3.36,30352.0,BTBT
2025-01-14 15:05:00,3.3584,3.37,3.355,3.3694,60852.0,BTBT
2025-01-14 15:04:00,3.375,3.375,3.36,3.36,14870.0,BTBT
2025-01-14 15:03:00,3.365,3.375,3.36,3.37,39789.0,BTBT
2025-01-14 15:02:00,3.385,3.3889,3.365,3.3656,46362.0,BTBT
2025-01-14 15:01:00,3.4,3.4,3.38,3.3809,89397.0,BTBT
2025-01-14 15:00:00,3.42,3.425,3.4001,3.4043,63800.0,BTBT
2025-01-14 14:59:00,3.415,3.4199,3.405,3.41,75037.0,BTBT
2025-01-14 14:58:00,3.425,3.425,3.41,3.4119,8672.0,BTBT
2025-01-14 14:57:00,3.43,3.43,3.42,3.42,20721.0,BTBT
2025-01-14 14:56:00,3.45,3.45,3.43,3.4332,59168.0,BTBT
2025-01-14 14:55:00,3.45,3.455,3.45,3.4515,14087.0,BTBT
2025-01-14 14:54:00,3.465,3.465,3.45,3.4542,45947.0,BTBT
2025-01-14 14:53:00,3.485,3.485,3.465,3.465,16297.0,BTBT
2025-01-14 14:52:00,3.48,3.4869,3.48,3.4849,4856.0,BTBT
2025-01-14 14:51:00,3.505,3.51,3.4812,3.485,23774.0,BTBT
2025-01-14 14:50:00,3.505,3.51,3.5,3.505,7615.0,BTBT
2025-01-14 14:49:00,3.5095,3.5095,3.5,3.5013,2353.0,BTBT
2025-01-14 14:48:00,3.51,3.51,3.5,3.5052,14413.0,BTBT
2025-01-14 14:47:00,3.505,3.5052,3.5,3.505,21206.0,BTBT
2025-01-14 14:46:00,3.505,3.5078,3.5,3.5,2527.0,BTBT
2025-01-14 14:45:00,3.505,3.508,3.5012,3.5012,3307.0,BTBT
2025-01-14 14:44:00,3.515,3.515,3.5,3.5029,10401.0,BTBT
2025-01-14 14:43:00,3.5148,3.52,3.5148,3.52,2857.0,BTBT
2025-01-14 14:42:00,3.5199,3.5199,3.51,3.5124,2989.0,BTBT
2025-01-14 14:41:00,3.515,3.5199,3.515,3.5188,13006.0,BTBT
2025-01-14 14:40:00,3.5228,3.525,3.51,3.515,15295.0,BTBT
2025-01-14 14:39:00,3.53,3.53,3.52,3.525,3046.0,BTBT
2025-01-14 14:38:00,3.5211,3.53,3.52,3.53,6569.0,BTBT
2025-01-14 14:37:00,3.53,3.53,3.5201,3.525,8006.0,BTBT
2025-01-14 14:36:00,3.5058,3.53,3.5,3.53,75351.0,BTBT
2025-01-14 14:35:00,3.5092,3.51,3.5,3.5071,6610.0,BTBT
2025-01-14 14:34:00,3.505,3.51,3.5001,3.51,2001.0,BTBT
2025-01-14 14:33:00,3.5,3.5099,3.5,3.505,14064.0,BTBT
2025-01-14 14:32:00,3.5,3.505,3.5,3.505,6146.0,BTBT
2025-01-14 14:31:00,3.5,3.5099,3.5,3.5,8314.0,BTBT
2025-01-14 14:30:00,3.505,3.5099,3.5,3.505,8676.0,BTBT
2025-01-14 14:29:00,3.5099,3.5099,3.5,3.5,15922.0,BTBT
2025-01-14 14:28:00,3.505,3.51,3.5,3.503,89109.0,BTBT
2025-01-14 14:27:00,3.505,3.505,3.501,3.505,16751.0,BTBT
2025-01-14 14:26:00,3.5045,3.51,3.5045,3.505,1455.0,BTBT
2025-01-14 14:25:00,3.505,3.51,3.505,3.5086,2007.0,BTBT
2025-01-14 14:24:00,3.5,3.51,3.5,3.51,3983.0,BTBT
2025-01-14 14:23:00,3.505,3.51,3.501,3.505,5132.0,BTBT
2025-01-14 14:22:00,3.505,3.5099,3.5001,3.5001,4529.0,BTBT
2025-01-14 14:21:00,3.505,3.51,3.5,3.51,7677.0,BTBT
2025-01-14 14:20:00,3.505,3.51,3.5,3.5097,12349.0,BTBT
2025-01-14 14:19:00,3.51,3.51,3.5,3.5,33461.0,BTBT
2025-01-14 14:18:00,3.505,3.51,3.5,3.505,20810.0,BTBT
2025-01-14 14:17:00,3.5081,3.5099,3.5,3.5,12477.0,BTBT
2025-01-14 14:16:00,3.505,3.51,3.505,3.505,4027.0,BTBT
2025-01-14 14:15:00,3.505,3.51,3.505,3.51,2229.0,BTBT
2025-01-14 14:14:00,3.5007,3.5074,3.5,3.505,25275.0,BTBT
2025-01-14 14:13:00,3.4934,3.5,3.49,3.5,28533.0,BTBT
2025-01-14 14:12:00,3.4983,3.4983,3.495,3.495,2513.0,BTBT
2025-01-14 14:11:00,3.495,3.495,3.4936,3.4936,3368.0,BTBT
2025-01-14 14:10:00,3.495,3.5,3.49,3.49,52175.0,BTBT
2025-01-14 14:09:00,3.5,3.5,3.49,3.495,20303.0,BTBT
2025-01-14 14:08:00,3.49,3.495,3.49,3.495,1070.0,BTBT
2025-01-14 14:07:00,3.4935,3.495,3.491,3.495,2099.0,BTBT
2025-01-14 14:06:00,3.49,3.5,3.4899,3.49,36213.0,BTBT
2025-01-14 14:05:00,3.5,3.5,3.485,3.485,27138.0,BTBT
2025-01-14 14:04:00,3.4972,3.5,3.49,3.498,9064.0,BTBT
2025-01-14 14:03:00,3.4912,3.51,3.4912,3.5,148662.0,BTBT
2025-01-14 14:02:00,3.49,3.495,3.49,3.495,2576.0,BTBT
2025-01-14 14:01:00,3.49,3.499,3.49,3.495,4839.0,BTBT
2025-01-14 14:00:00,3.4877,3.4999,3.47,3.4909,125256.0,BTBT
2025-01-14 13:59:00,3.49,3.495,3.4807,3.485,105538.0,BTBT
2025-01-14 13:58:00,3.495,3.5,3.485,3.485,43995.0,BTBT
2025-01-14 13:57:00,3.5,3.5,3.49,3.4988,8576.0,BTBT
2025-01-14 13:56:00,3.4986,3.5,3.49,3.5,10614.0,BTBT
2025-01-14 13:55:00,3.49,3.5,3.49,3.5,47473.0,BTBT
2025-01-14 13:54:00,3.495,3.5,3.495,3.5,6394.0,BTBT
2025-01-14 13:53:00,3.4995,3.4995,3.49,3.498,8228.0,BTBT
2025-01-14 13:52:00,3.4988,3.5,3.49,3.49,7319.0,BTBT
2025-01-14 13:51:00,3.4972,3.5,3.49,3.495,18532.0,BTBT
2025-01-14 13:50:00,3.4899,3.5,3.4899,3.4929,19485.0,BTBT
2025-01-14 13:49:00,3.49,3.49,3.4818,3.49,5587.0,BTBT
2025-01-14 13:48:00,3.4914,3.495,3.48,3.485,32606.0,BTBT
2025-01-14 13:47:00,3.495,3.5,3.49,3.49,5470.0,BTBT
2025-01-14 13:46:00,3.49,3.495,3.48,3.4918,45786.0,BTBT
2025-01-14 13:45:00,3.48,3.485,3.48,3.4821,4708.0,BTBT
2025-01-14 13:44:00,3.475,3.49,3.47,3.4812,59747.0,BTBT
2025-01-14 13:43:00,3.465,3.48,3.465,3.48,8828.0,BTBT
2025-01-14 13:42:00,3.465,3.47,3.46,3.4652,6666.0,BTBT
2025-01-14 13:41:00,3.475,3.475,3.465,3.4699,11748.0,BTBT
2025-01-14 13:40:00,3.4606,3.475,3.46,3.475,41394.0,BTBT
2025-01-14 13:39:00,3.4573,3.47,3.45,3.465,58954.0,BTBT
2025-01-14 13:38:00,3.46,3.46,3.45,3.455,13977.0,BTBT
2025-01-14 13:37:00,3.4552,3.46,3.45,3.46,5131.0,BTBT
2025-01-14 13:36:00,3.45,3.455,3.445,3.455,28222.0,BTBT
2025-01-14 13:35:00,3.4487,3.45,3.4487,3.45,4396.0,BTBT
2025-01-14 13:34:00,3.445,3.45,3.445,3.4488,3363.0,BTBT
2025-01-14 13:33:00,3.44,3.445,3.435,3.4416,13833.0,BTBT
2025-01-14 13:32:00,3.425,3.44,3.425,3.44,13671.0,BTBT
2025-01-14 13:31:00,3.4254,3.4254,3.42,3.42,2672.0,BTBT
2025-01-14 13:30:00,3.4312,3.435,3.42,3.429,23194.0,BTBT
2025-01-14 13:29:00,3.4212,3.435,3.4212,3.435,19113.0,BTBT
2025-01-14 13:28:00,3.4288,3.43,3.4203,3.43,8751.0,BTBT
2025-01-14 13:27:00,3.43,3.43,3.42,3.42,19292.0,BTBT
2025-01-14 13:26:00,3.435,3.435,3.42,3.42,20499.0,BTBT
2025-01-14 13:25:00,3.43,3.435,3.43,3.435,14795.0,BTBT
2025-01-14 13:24:00,3.4212,3.43,3.42,3.43,2385.0,BTBT
2025-01-14 13:23:00,3.425,3.43,3.42,3.4246,3889.0,BTBT
2025-01-14 13:22:00,3.4281,3.4281,3.4281,3.4281,490.0,BTBT
2025-01-14 13:21:00,3.425,3.4261,3.425,3.4261,3749.0,BTBT
2025-01-14 13:20:00,3.42,3.4201,3.412,3.4201,34183.0,BTBT
2025-01-14 13:19:00,3.425,3.425,3.42,3.425,6636.0,BTBT
2025-01-14 13:18:00,3.43,3.43,3.42,3.425,8235.0,BTBT
2025-01-14 13:17:00,3.43,3.43,3.4267,3.4267,4860.0,BTBT
2025-01-14 13:16:00,3.415,3.42,3.41,3.42,8661.0,BTBT
2025-01-14 13:15:00,3.415,3.4199,3.41,3.4199,9575.0,BTBT
2025-01-14 13:14:00,3.415,3.42,3.415,3.415,1988.0,BTBT
2025-01-14 13:13:00,3.415,3.4188,3.4117,3.4188,1913.0,BTBT
2025-01-14 13:11:00,3.415,3.415,3.41,3.41,17200.0,BTBT
2025-01-14 13:10:00,3.43,3.43,3.4103,3.417,24580.0,BTBT
2025-01-14 13:09:00,3.43,3.43,3.42,3.425,8770.0,BTBT
2025-01-14 13:08:00,3.425,3.43,3.425,3.43,5108.0,BTBT
2025-01-14 13:07:00,3.425,3.43,3.42,3.425,12234.0,BTBT
2025-01-14 13:06:00,3.42,3.43,3.4101,3.4219,32715.0,BTBT
2025-01-14 13:05:00,3.4152,3.42,3.41,3.42,2462.0,BTBT
2025-01-14 13:04:00,3.42,3.425,3.415,3.4199,34719.0,BTBT
2025-01-14 13:03:00,3.4007,3.4188,3.4001,3.4112,28977.0,BTBT
2025-01-14 13:02:00,3.4075,3.41,3.4001,3.4001,8605.0,BTBT
2025-01-14 13:01:00,3.4087,3.41,3.4001,3.41,16326.0,BTBT
2025-01-14 13:00:00,3.405,3.41,3.405,3.41,8171.0,BTBT
2025-01-14 12:59:00,3.405,3.41,3.405,3.41,2405.0,BTBT
2025-01-14 12:58:00,3.405,3.41,3.405,3.405,1688.0,BTBT
2025-01-14 12:57:00,3.3984,3.405,3.3984,3.4007,16340.0,BTBT
2025-01-14 12:56:00,3.4,3.4001,3.39,3.3958,31863.0,BTBT
2025-01-14 12:55:00,3.4199,3.4199,3.4001,3.4005,59452.0,BTBT
2025-01-14 12:54:00,3.4201,3.425,3.41,3.42,41996.0,BTBT
2025-01-14 12:53:00,3.4135,3.43,3.41,3.42,31526.0,BTBT
2025-01-14 12:52:00,3.4135,3.4135,3.4135,3.4135,427.0,BTBT
2025-01-14 12:51:00,3.3923,3.41,3.3923,3.41,43981.0,BTBT
2025-01-14 12:50:00,3.395,3.4,3.39,3.3939,10443.0,BTBT
2025-01-14 12:49:00,3.4,3.4001,3.39,3.39,17280.0,BTBT
2025-01-14 12:48:00,3.4,3.4042,3.395,3.4042,29109.0,BTBT
2025-01-14 12:47:00,3.415,3.415,3.4,3.405,43449.0,BTBT
2025-01-14 12:46:00,3.41,3.4188,3.4088,3.415,22281.0,BTBT
2025-01-14 12:45:00,3.405,3.41,3.4016,3.41,5231.0,BTBT
2025-01-14 12:44:00,3.4,3.41,3.395,3.405,42658.0,BTBT
2025-01-14 12:43:00,3.3922,3.4,3.3912,3.4,12058.0,BTBT
2025-01-14 12:42:00,3.395,3.4,3.395,3.4,3644.0,BTBT
2025-01-14 12:41:00,3.39,3.395,3.38,3.395,22685.0,BTBT
2025-01-14 12:40:00,3.39,3.39,3.3832,3.3832,3683.0,BTBT
2025-01-14 12:39:00,3.385,3.39,3.38,3.3899,30527.0,BTBT
2025-01-14 12:38:00,3.3899,3.39,3.38,3.39,12171.0,BTBT
2025-01-14 12:37:00,3.3714,3.3899,3.37,3.385,30311.0,BTBT
2025-01-14 12:36:00,3.3658,3.375,3.36,3.3732,14360.0,BTBT
2025-01-14 12:35:00,3.3671,3.37,3.36,3.365,9705.0,BTBT
2025-01-14 12:34:00,3.37,3.375,3.362,3.37,25149.0,BTBT
2025-01-14 12:33:00,3.37,3.38,3.37,3.37,17135.0,BTBT
2025-01-14 12:32:00,3.37,3.37,3.3652,3.37,9753.0,BTBT
2025-01-14 12:31:00,3.3798,3.3798,3.375,3.375,2560.0,BTBT
2025-01-14 12:30:00,3.385,3.385,3.375,3.375,17141.0,BTBT
2025-01-14 12:29:00,3.38,3.39,3.38,3.3807,19262.0,BTBT
2025-01-14 12:28:00,3.38,3.38,3.37,3.3754,6101.0,BTBT
2025-01-14 12:27:00,3.38,3.38,3.3701,3.38,3476.0,BTBT
2025-01-14 12:26:00,3.38,3.38,3.37,3.38,2049.0,BTBT
2025-01-14 12:25:00,3.375,3.38,3.375,3.38,4894.0,BTBT
2025-01-14 12:24:00,3.37,3.37,3.37,3.37,433.0,BTBT
2025-01-14 12:23:00,3.3758,3.38,3.37,3.3705,9912.0,BTBT
2025-01-14 12:22:00,3.3748,3.375,3.3705,3.375,7326.0,BTBT
2025-01-14 12:21:00,3.38,3.38,3.375,3.375,6325.0,BTBT
2025-01-14 12:20:00,3.3807,3.3884,3.38,3.38,4842.0,BTBT
2025-01-14 12:19:00,3.39,3.39,3.385,3.385,11280.0,BTBT
2025-01-14 12:18:00,3.3907,3.4,3.3901,3.3907,15429.0,BTBT
2025-01-14 12:17:00,3.4,3.4,3.39,3.4,4269.0,BTBT
2025-01-14 12:16:00,3.39,3.4,3.39,3.3988,8865.0,BTBT
2025-01-14 12:15:00,3.385,3.39,3.385,3.39,2764.0,BTBT
2025-01-14 12:14:00,3.4,3.4,3.385,3.39,16134.0,BTBT
2025-01-14 12:13:00,3.4,3.4,3.395,3.4,6672.0,BTBT
2025-01-14 12:12:00,3.395,3.4,3.39,3.39,6454.0,BTBT
2025-01-14 12:11:00,3.3895,3.3927,3.38,3.3901,12774.0,BTBT
2025-01-14 12:10:00,3.389,3.389,3.3816,3.3816,1617.0,BTBT
2025-01-14 12:09:00,3.38,3.381,3.38,3.38,604.0,BTBT
2025-01-14 12:08:00,3.39,3.395,3.385,3.385,11204.0,BTBT
2025-01-14 12:07:00,3.3799,3.39,3.3799,3.39,6631.0,BTBT
2025-01-14 12:06:00,3.37,3.38,3.36,3.3752,64584.0,BTBT
2025-01-14 12:05:00,3.375,3.38,3.37,3.375,6919.0,BTBT
2025-01-14 12:04:00,3.38,3.38,3.3712,3.3772,8039.0,BTBT
2025-01-14 12:03:00,3.37,3.38,3.37,3.38,4235.0,BTBT
2025-01-14 12:02:00,3.37,3.38,3.36,3.3703,15739.0,BTBT
2025-01-14 12:01:00,3.3643,3.37,3.36,3.365,8152.0,BTBT
2025-01-14 12:00:00,3.375,3.375,3.36,3.365,4246.0,BTBT
2025-01-14 11:59:00,3.373,3.38,3.373,3.375,2800.0,BTBT
2025-01-14 11:58:00,3.38,3.38,3.371,3.375,7343.0,BTBT
2025-01-14 11:57:00,3.385,3.3882,3.37,3.37,6079.0,BTBT
2025-01-14 11:56:00,3.39,3.39,3.38,3.38,8415.0,BTBT
2025-01-14 11:55:00,3.372,3.39,3.372,3.38,11109.0,BTBT
2025-01-14 11:54:00,3.39,3.39,3.3742,3.3742,6336.0,BTBT
2025-01-14 11:53:00,3.39,3.39,3.38,3.3897,43964.0,BTBT
2025-01-14 11:52:00,3.385,3.39,3.385,3.385,12879.0,BTBT
2025-01-14 11:51:00,3.385,3.39,3.385,3.3879,7384.0,BTBT
2025-01-14 11:50:00,3.39,3.39,3.38,3.385,8945.0,BTBT
2025-01-14 11:49:00,3.395,3.395,3.38,3.385,40352.0,BTBT
2025-01-14 11:48:00,3.39,3.4,3.38,3.4,43956.0,BTBT
2025-01-14 11:47:00,3.3909,3.4,3.38,3.3893,28309.0,BTBT
2025-01-14 11:46:00,3.3722,3.39,3.3722,3.39,17399.0,BTBT
2025-01-14 11:45:00,3.385,3.395,3.38,3.38,25681.0,BTBT
2025-01-14 11:44:00,3.3801,3.39,3.38,3.385,17155.0,BTBT
2025-01-14 11:43:00,3.385,3.39,3.38,3.39,19205.0,BTBT
2025-01-14 11:42:00,3.385,3.395,3.38,3.385,60956.0,BTBT
2025-01-14 11:41:00,3.3999,3.3999,3.38,3.39,46118.0,BTBT
2025-01-14 11:40:00,3.4,3.4065,3.39,3.39,35695.0,BTBT
2025-01-14 11:39:00,3.3901,3.4,3.39,3.3928,45795.0,BTBT
2025-01-14 11:38:00,3.4028,3.4028,3.385,3.395,22523.0,BTBT
2025-01-14 11:37:00,3.41,3.41,3.4,3.4039,5475.0,BTBT
2025-01-14 11:36:00,3.4,3.41,3.39,3.405,38206.0,BTBT
2025-01-14 11:35:00,3.415,3.415,3.4,3.41,19078.0,BTBT
2025-01-14 11:34:00,3.41,3.42,3.4,3.42,30251.0,BTBT
2025-01-14 11:33:00,3.405,3.42,3.4,3.415,14585.0,BTBT
2025-01-14 11:32:00,3.405,3.405,3.39,3.4,25469.0,BTBT
2025-01-14 11:31:00,3.41,3.41,3.4,3.405,5805.0,BTBT
2025-01-14 11:30:00,3.405,3.41,3.4,3.41,11599.0,BTBT
2025-01-14 11:29:00,3.405,3.405,3.4,3.4026,11077.0,BTBT
2025-01-14 11:28:00,3.43,3.43,3.405,3.405,16946.0,BTBT
2025-01-14 11:27:00,3.43,3.43,3.42,3.4217,12739.0,BTBT
2025-01-14 11:26:00,3.42,3.425,3.41,3.425,36587.0,BTBT
2025-01-14 11:25:00,3.42,3.42,3.41,3.415,10560.0,BTBT
2025-01-14 11:24:00,3.41,3.425,3.405,3.425,23658.0,BTBT
2025-01-14 11:23:00,3.405,3.41,3.395,3.41,51114.0,BTBT
2025-01-14 11:22:00,3.4,3.41,3.39,3.41,15372.0,BTBT
2025-01-14 11:21:00,3.4,3.4069,3.39,3.395,56309.0,BTBT
2025-01-14 11:20:00,3.402,3.41,3.39,3.4,38770.0,BTBT
2025-01-14 11:19:00,3.41,3.41,3.4,3.405,18184.0,BTBT
2025-01-14 11:18:00,3.43,3.43,3.41,3.41,34742.0,BTBT
2025-01-14 11:17:00,3.4167,3.43,3.4167,3.4205,31298.0,BTBT
2025-01-14 11:16:00,3.3927,3.425,3.3927,3.42,19653.0,BTBT
2025-01-14 11:15:00,3.4,3.41,3.3901,3.3901,17353.0,BTBT
2025-01-14 11:14:00,3.4,3.411,3.39,3.41,32265.0,BTBT
2025-01-14 11:13:00,3.3701,3.395,3.3701,3.3948,30550.0,BTBT
2025-01-14 11:12:00,3.385,3.385,3.372,3.372,27447.0,BTBT
2025-01-14 11:11:00,3.36,3.4,3.36,3.385,65743.0,BTBT
2025-01-14 11:10:00,3.3701,3.375,3.35,3.36,74203.0,BTBT
2025-01-14 11:09:00,3.38,3.3801,3.37,3.375,34713.0,BTBT
2025-01-14 11:08:00,3.375,3.3899,3.37,3.3803,35406.0,BTBT
2025-01-14 11:07:00,3.36,3.3795,3.355,3.3701,53906.0,BTBT
2025-01-14 11:06:00,3.355,3.36,3.35,3.3533,9588.0,BTBT
2025-01-14 11:05:00,3.355,3.3597,3.3505,3.3505,5191.0,BTBT
2025-01-14 11:04:00,3.3602,3.365,3.34,3.3503,115612.0,BTBT
2025-01-14 11:03:00,3.3699,3.37,3.35,3.3605,58477.0,BTBT
2025-01-14 11:02:00,3.4,3.405,3.36,3.365,95749.0,BTBT
2025-01-14 11:01:00,3.43,3.43,3.39,3.4,108031.0,BTBT
2025-01-14 11:00:00,3.4405,3.445,3.43,3.435,31763.0,BTBT
2025-01-14 10:59:00,3.4401,3.45,3.44,3.4405,23274.0,BTBT
2025-01-14 10:58:00,3.445,3.45,3.44,3.4422,12266.0,BTBT
2025-01-14 10:57:00,3.44,3.4474,3.4305,3.4474,48212.0,BTBT
2025-01-14 10:56:00,3.42,3.435,3.42,3.435,44267.0,BTBT
2025-01-14 10:55:00,3.45,3.45,3.4201,3.4209,36244.0,BTBT
2025-01-14 10:54:00,3.445,3.45,3.43,3.44,46662.0,BTBT
2025-01-14 10:53:00,3.435,3.445,3.4315,3.445,14100.0,BTBT
2025-01-14 10:52:00,3.44,3.445,3.43,3.435,34228.0,BTBT
2025-01-14 10:51:00,3.425,3.44,3.4201,3.435,29450.0,BTBT
2025-01-14 10:50:00,3.4001,3.42,3.4,3.42,53845.0,BTBT
2025-01-14 10:49:00,3.42,3.4295,3.4088,3.4088,9976.0,BTBT
2025-01-14 10:48:00,3.44,3.44,3.42,3.42,44779.0,BTBT
2025-01-14 10:47:00,3.43,3.4452,3.43,3.4431,38351.0,BTBT
2025-01-14 10:46:00,3.4201,3.4285,3.4201,3.425,7635.0,BTBT
2025-01-14 10:45:00,3.425,3.43,3.42,3.4204,15682.0,BTBT
2025-01-14 10:44:00,3.43,3.4369,3.42,3.425,39759.0,BTBT
2025-01-14 10:43:00,3.425,3.43,3.425,3.4277,7755.0,BTBT
2025-01-14 10:42:00,3.4031,3.4299,3.4031,3.4299,30005.0,BTBT
2025-01-14 10:41:00,3.38,3.405,3.38,3.4001,10516.0,BTBT
2025-01-14 10:40:00,3.3758,3.38,3.37,3.375,25277.0,BTBT
2025-01-14 10:39:00,3.375,3.375,3.36,3.375,27180.0,BTBT
2025-01-14 10:38:00,3.3807,3.3896,3.36,3.375,32177.0,BTBT
2025-01-14 10:37:00,3.4086,3.4086,3.39,3.39,6648.0,BTBT
2025-01-14 10:36:00,3.395,3.4101,3.395,3.405,36848.0,BTBT
2025-01-14 10:35:00,3.39,3.39,3.39,3.39,2722.0,BTBT
2025-01-14 10:34:00,3.3901,3.3999,3.39,3.395,65867.0,BTBT
2025-01-14 10:33:00,3.3901,3.4,3.39,3.39,28444.0,BTBT
2025-01-14 10:32:00,3.4,3.405,3.39,3.3901,58570.0,BTBT
2025-01-14 10:31:00,3.3965,3.4,3.395,3.4,13143.0,BTBT
2025-01-14 10:30:00,3.405,3.408,3.39,3.39,12530.0,BTBT
2025-01-14 10:29:00,3.405,3.4073,3.4,3.405,6389.0,BTBT
2025-01-14 10:28:00,3.39,3.4095,3.38,3.4072,24219.0,BTBT
2025-01-14 10:27:00,3.39,3.3995,3.38,3.39,20048.0,BTBT
2025-01-14 10:26:00,3.4099,3.41,3.391,3.391,58470.0,BTBT
2025-01-14 10:25:00,3.405,3.415,3.4,3.405,6802.0,BTBT
2025-01-14 10:24:00,3.4101,3.4183,3.4,3.4,52680.0,BTBT
2025-01-14 10:23:00,3.4112,3.415,3.4,3.415,77947.0,BTBT
2025-01-14 10:22:00,3.43,3.4358,3.4101,3.4152,20769.0,BTBT
2025-01-14 10:21:00,3.46,3.46,3.4305,3.4352,54634.0,BTBT
2025-01-14 10:20:00,3.46,3.465,3.45,3.4552,103236.0,BTBT
2025-01-14 10:19:00,3.475,3.48,3.465,3.465,12890.0,BTBT
2025-01-14 10:18:00,3.485,3.485,3.4713,3.475,16478.0,BTBT
2025-01-14 10:17:00,3.495,3.495,3.47,3.4844,91886.0,BTBT
2025-01-14 10:16:00,3.49,3.4998,3.49,3.495,42944.0,BTBT
2025-01-14 10:15:00,3.485,3.49,3.48,3.4895,5742.0,BTBT
2025-01-14 10:14:00,3.48,3.49,3.48,3.485,73179.0,BTBT
2025-01-14 10:13:00,3.4842,3.495,3.48,3.48,62852.0,BTBT
2025-01-14 10:12:00,3.485,3.49,3.48,3.485,39354.0,BTBT
2025-01-14 10:11:00,3.4768,3.49,3.47,3.485,35627.0,BTBT
2025-01-14 10:10:00,3.485,3.485,3.47,3.472,83070.0,BTBT
2025-01-14 10:09:00,3.4892,3.49,3.48,3.4881,41858.0,BTBT
2025-01-14 10:08:00,3.4728,3.495,3.4728,3.485,50131.0,BTBT
2025-01-14 10:07:00,3.47,3.48,3.46,3.48,18662.0,BTBT
2025-01-14 10:06:00,3.4695,3.49,3.46,3.475,79994.0,BTBT
2025-01-14 10:05:00,3.485,3.485,3.45,3.465,58394.0,BTBT
2025-01-14 10:04:00,3.475,3.495,3.47,3.49,40037.0,BTBT
2025-01-14 10:03:00,3.4505,3.478,3.4505,3.475,83202.0,BTBT
2025-01-14 10:02:00,3.4205,3.4599,3.4205,3.4505,49993.0,BTBT
2025-01-14 10:01:00,3.395,3.42,3.39,3.42,46153.0,BTBT
2025-01-14 10:00:00,3.4,3.409,3.39,3.395,20878.0,BTBT
2025-01-14 09:59:00,3.405,3.405,3.39,3.395,11383.0,BTBT
2025-01-14 09:58:00,3.395,3.41,3.39,3.41,36599.0,BTBT
2025-01-14 09:57:00,3.415,3.415,3.3901,3.391,26714.0,BTBT
2025-01-14 09:56:00,3.41,3.415,3.405,3.41,23180.0,BTBT
2025-01-14 09:55:00,3.41,3.42,3.4012,3.42,28180.0,BTBT
2025-01-14 09:54:00,3.405,3.41,3.38,3.41,65565.0,BTBT
2025-01-14 09:53:00,3.415,3.42,3.4031,3.405,25841.0,BTBT
2025-01-14 09:52:00,3.43,3.43,3.41,3.415,69129.0,BTBT
2025-01-14 09:51:00,3.4096,3.445,3.4096,3.44,88301.0,BTBT
2025-01-14 09:50:00,3.395,3.4058,3.39,3.4016,10034.0,BTBT
2025-01-14 09:49:00,3.385,3.395,3.375,3.39,36526.0,BTBT
2025-01-14 09:48:00,3.37,3.4,3.37,3.39,59964.0,BTBT
2025-01-14 09:47:00,3.39,3.395,3.37,3.37,34033.0,BTBT
2025-01-14 09:46:00,3.385,3.4092,3.3727,3.4,71440.0,BTBT
2025-01-14 09:45:00,3.3893,3.42,3.375,3.42,81351.0,BTBT
2025-01-14 09:44:00,3.3721,3.39,3.3601,3.3892,58313.0,BTBT
2025-01-14 09:43:00,3.3952,3.399,3.37,3.38,48581.0,BTBT
2025-01-14 09:42:00,3.375,3.41,3.375,3.39,64016.0,BTBT
2025-01-14 09:41:00,3.405,3.405,3.375,3.378,64034.0,BTBT
2025-01-14 09:40:00,3.3991,3.42,3.395,3.405,86484.0,BTBT
2025-01-14 09:39:00,3.415,3.42,3.37,3.395,89906.0,BTBT
2025-01-14 09:38:00,3.39,3.419,3.39,3.415,36998.0,BTBT
2025-01-14 09:37:00,3.3795,3.4,3.36,3.385,120713.0,BTBT
2025-01-14 09:36:00,3.3999,3.3999,3.37,3.38,43911.0,BTBT
2025-01-14 09:35:00,3.3896,3.405,3.37,3.395,30683.0,BTBT
2025-01-14 09:34:00,3.375,3.3899,3.37,3.3872,39293.0,BTBT
2025-01-14 09:33:00,3.365,3.38,3.34,3.375,151751.0,BTBT
2025-01-14 09:32:00,3.375,3.38,3.3597,3.37,81298.0,BTBT
2025-01-14 09:31:00,3.3895,3.41,3.37,3.385,114688.0,BTBT
2025-01-14 09:30:00,3.38,3.42,3.35,3.385,215697.0,BTBT
2025-01-14 09:29:00,3.3783,3.3783,3.3783,3.3783,5.0,BTBT
2025-01-14 09:28:00,3.38,3.38,3.38,3.38,20.0,BTBT
2025-01-14 09:27:00,3.38,3.38,3.35,3.35,3715.0,BTBT
2025-01-14 09:26:00,3.39,3.39,3.39,3.39,125.0,BTBT
2025-01-14 09:25:00,3.35,3.39,3.35,3.39,2862.0,BTBT
2025-01-14 09:24:00,3.36,3.37,3.36,3.37,501.0,BTBT
2025-01-14 09:22:00,3.35,3.35,3.35,3.35,300.0,BTBT
2025-01-14 09:21:00,3.36,3.36,3.36,3.36,500.0,BTBT
2025-01-14 09:20:00,3.36,3.3691,3.36,3.36,450.0,BTBT
2025-01-14 09:19:00,3.36,3.36,3.36,3.36,45.0,BTBT
2025-01-14 09:18:00,3.36,3.36,3.36,3.36,1050.0,BTBT
2025-01-14 09:17:00,3.37,3.37,3.36,3.3601,140.0,BTBT
2025-01-14 09:16:00,3.36,3.36,3.36,3.36,20.0,BTBT
2025-01-14 09:15:00,3.37,3.37,3.37,3.37,5.0,BTBT
2025-01-14 09:13:00,3.3697,3.37,3.3697,3.37,1003.0,BTBT
2025-01-14 09:12:00,3.37,3.37,3.365,3.37,808.0,BTBT
2025-01-14 09:11:00,3.36,3.36,3.36,3.36,105.0,BTBT
2025-01-14 09:09:00,3.37,3.37,3.37,3.37,10.0,BTBT
2025-01-14 09:08:00,3.37,3.37,3.3698,3.3698,547.0,BTBT
2025-01-14 09:07:00,3.36,3.36,3.36,3.36,3712.0,BTBT
2025-01-14 09:06:00,3.35,3.35,3.35,3.35,1000.0,BTBT
2025-01-14 09:04:00,3.35,3.35,3.35,3.35,50.0,BTBT
2025-01-14 09:03:00,3.369,3.37,3.3505,3.351,530.0,BTBT
2025-01-14 09:01:00,3.37,3.37,3.3502,3.3502,782.0,BTBT
2025-01-14 08:59:00,3.3793,3.3793,3.37,3.37,129.0,BTBT
2025-01-14 08:58:00,3.37,3.37,3.37,3.37,40.0,BTBT
2025-01-14 08:57:00,3.38,3.38,3.37,3.37,55.0,BTBT
2025-01-14 08:56:00,3.37,3.38,3.37,3.38,530.0,BTBT
2025-01-14 08:55:00,3.37,3.37,3.37,3.37,650.0,BTBT
2025-01-14 08:53:00,3.38,3.3801,3.38,3.38,3155.0,BTBT
2025-01-14 08:52:00,3.3803,3.39,3.38,3.3801,206.0,BTBT
2025-01-14 08:51:00,3.3991,3.3991,3.3991,3.3991,50.0,BTBT
2025-01-14 08:50:00,3.38,3.39,3.38,3.39,400.0,BTBT
2025-01-14 08:49:00,3.38,3.38,3.38,3.38,1850.0,BTBT
2025-01-14 08:48:00,3.36,3.3799,3.36,3.3799,1950.0,BTBT
2025-01-14 08:47:00,3.3607,3.3607,3.3607,3.3607,1.0,BTBT
2025-01-14 08:46:00,3.37,3.37,3.36,3.36,400.0,BTBT
2025-01-14 08:45:00,3.36,3.36,3.36,3.36,32.0,BTBT
2025-01-14 08:42:00,3.3698,3.3698,3.3698,3.3698,3.0,BTBT
2025-01-14 08:41:00,3.3698,3.37,3.36,3.36,1031.0,BTBT
2025-01-14 08:39:00,3.37,3.37,3.37,3.37,1035.0,BTBT
2025-01-14 08:38:00,3.36,3.36,3.36,3.36,4000.0,BTBT
2025-01-14 08:37:00,3.3857,3.3857,3.36,3.36,6371.0,BTBT
2025-01-14 08:36:00,3.39,3.3901,3.35,3.35,13326.0,BTBT
2025-01-14 08:35:00,3.41,3.41,3.4,3.4,1613.0,BTBT
2025-01-14 08:34:00,3.4,3.4098,3.3999,3.3999,4589.0,BTBT
2025-01-14 08:33:00,3.42,3.42,3.4,3.4,5214.0,BTBT
2025-01-14 08:32:00,3.38,3.4001,3.38,3.4001,15347.0,BTBT
2025-01-14 08:31:00,3.36,3.37,3.35,3.37,3466.0,BTBT
2025-01-14 08:30:00,3.32,3.37,3.32,3.37,12061.0,BTBT
2025-01-14 08:29:00,3.33,3.33,3.33,3.33,35.0,BTBT
2025-01-14 08:27:00,3.32,3.3201,3.31,3.31,4699.0,BTBT
2025-01-14 08:26:00,3.32,3.32,3.32,3.32,29.0,BTBT
2025-01-14 08:22:00,3.33,3.33,3.33,3.33,2200.0,BTBT
2025-01-14 08:19:00,3.33,3.33,3.33,3.33,410.0,BTBT
2025-01-14 08:15:00,3.3202,3.3202,3.3201,3.3201,1000.0,BTBT
2025-01-14 08:14:00,3.33,3.33,3.33,3.33,907.0,BTBT
2025-01-14 08:13:00,3.32,3.32,3.32,3.32,203.0,BTBT
2025-01-14 08:11:00,3.3102,3.32,3.3102,3.32,2046.0,BTBT
2025-01-14 08:08:00,3.3102,3.32,3.3102,3.32,412.0,BTBT
2025-01-14 08:05:00,3.3198,3.3198,3.31,3.31,40.0,BTBT
2025-01-14 08:04:00,3.3103,3.32,3.3103,3.32,80.0,BTBT
2025-01-14 08:01:00,3.33,3.33,3.33,3.33,5000.0,BTBT
2025-01-14 08:00:00,3.32,3.4,3.31,3.3412,16019.0,BTBT
2025-01-14 07:57:00,3.31,3.31,3.31,3.31,378.0,BTBT
2025-01-14 07:50:00,3.32,3.33,3.32,3.33,1090.0,BTBT
2025-01-14 07:40:00,3.32,3.32,3.31,3.31,380.0,BTBT
2025-01-14 07:36:00,3.31,3.31,3.31,3.31,35.0,BTBT
2025-01-14 07:31:00,3.31,3.31,3.31,3.31,200.0,BTBT
2025-01-14 07:30:00,3.32,3.33,3.32,3.33,105.0,BTBT
2025-01-14 07:29:00,3.32,3.33,3.32,3.33,1382.0,BTBT
2025-01-14 07:28:00,3.31,3.31,3.31,3.31,1721.0,BTBT
2025-01-14 07:27:00,3.31,3.31,3.31,3.31,1581.0,BTBT
2025-01-14 07:26:00,3.31,3.31,3.31,3.31,6.0,BTBT
2025-01-14 07:25:00,3.32,3.32,3.31,3.31,1779.0,BTBT
2025-01-14 07:23:00,3.32,3.32,3.32,3.32,1030.0,BTBT
2025-01-14 07:21:00,3.32,3.32,3.32,3.32,100.0,BTBT
2025-01-14 07:18:00,3.33,3.33,3.33,3.33,20.0,BTBT
2025-01-14 07:14:00,3.32,3.339,3.32,3.339,500.0,BTBT
2025-01-14 07:11:00,3.319,3.32,3.319,3.32,5088.0,BTBT
2025-01-14 07:10:00,3.32,3.32,3.32,3.32,3.0,BTBT
2025-01-14 07:08:00,3.33,3.33,3.32,3.32,872.0,BTBT
2025-01-14 07:07:00,3.33,3.33,3.33,3.33,1012.0,BTBT
2025-01-14 07:06:00,3.34,3.34,3.32,3.32,1619.0,BTBT
2025-01-14 07:03:00,3.34,3.34,3.33,3.33,461.0,BTBT
2025-01-14 07:02:00,3.34,3.34,3.34,3.34,200.0,BTBT
2025-01-14 07:00:00,3.34,3.36,3.34,3.35,2576.0,BTBT
2025-01-14 06:58:00,3.36,3.36,3.33,3.33,2445.0,BTBT
2025-01-14 06:55:00,3.37,3.37,3.37,3.37,700.0,BTBT
2025-01-14 06:54:00,3.37,3.37,3.37,3.37,942.0,BTBT
2025-01-14 06:52:00,3.36,3.36,3.36,3.36,100.0,BTBT
2025-01-14 06:51:00,3.35,3.36,3.35,3.36,300.0,BTBT
2025-01-14 06:49:00,3.36,3.36,3.36,3.36,150.0,BTBT
2025-01-14 06:48:00,3.35,3.35,3.35,3.35,100.0,BTBT
2025-01-14 06:39:00,3.34,3.34,3.34,3.34,104.0,BTBT
2025-01-14 06:38:00,3.35,3.35,3.35,3.35,6.0,BTBT
2025-01-14 06:35:00,3.35,3.35,3.35,3.35,1.0,BTBT
2025-01-14 06:31:00,3.34,3.34,3.34,3.34,193.0,BTBT
2025-01-14 06:30:00,3.35,3.36,3.35,3.36,1552.0,BTBT
2025-01-14 06:29:00,3.35,3.35,3.35,3.35,50.0,BTBT
2025-01-14 06:26:00,3.35,3.35,3.35,3.35,54.0,BTBT
2025-01-14 06:23:00,3.35,3.35,3.35,3.35,2170.0,BTBT
2025-01-14 06:21:00,3.35,3.35,3.35,3.35,25.0,BTBT
2025-01-14 06:20:00,3.35,3.35,3.35,3.35,1.0,BTBT
2025-01-14 06:19:00,3.35,3.35,3.35,3.35,33.0,BTBT
2025-01-14 06:14:00,3.35,3.35,3.35,3.35,111.0,BTBT
2025-01-14 06:05:00,3.36,3.36,3.36,3.36,15.0,BTBT
2025-01-14 05:56:00,3.37,3.37,3.36,3.36,3167.0,BTBT
2025-01-14 05:55:00,3.36,3.36,3.36,3.36,10.0,BTBT
2025-01-14 05:54:00,3.36,3.36,3.36,3.36,10.0,BTBT
2025-01-14 05:53:00,3.37,3.37,3.37,3.37,1.0,BTBT
2025-01-14 05:49:00,3.35,3.35,3.35,3.35,2.0,BTBT
2025-01-14 05:42:00,3.35,3.35,3.35,3.35,4.0,BTBT
2025-01-14 05:38:00,3.35,3.35,3.35,3.35,400.0,BTBT
2025-01-14 05:36:00,3.345,3.35,3.345,3.35,1179.0,BTBT
2025-01-14 05:34:00,3.34,3.34,3.34,3.34,84.0,BTBT
2025-01-14 05:31:00,3.35,3.35,3.35,3.35,1547.0,BTBT
2025-01-14 05:29:00,3.35,3.35,3.35,3.35,200.0,BTBT
2025-01-14 05:25:00,3.35,3.35,3.35,3.35,500.0,BTBT
2025-01-14 05:24:00,3.35,3.35,3.35,3.35,300.0,BTBT
2025-01-14 05:23:00,3.35,3.35,3.34,3.34,811.0,BTBT
2025-01-14 05:22:00,3.35,3.35,3.35,3.35,814.0,BTBT
2025-01-14 05:21:00,3.36,3.36,3.36,3.36,10.0,BTBT
2025-01-14 05:20:00,3.37,3.37,3.37,3.37,160.0,BTBT
2025-01-14 05:18:00,3.38,3.38,3.38,3.38,22.0,BTBT
2025-01-14 05:17:00,3.36,3.37,3.36,3.37,519.0,BTBT
2025-01-14 05:14:00,3.36,3.37,3.36,3.37,1853.0,BTBT
2025-01-14 05:12:00,3.36,3.36,3.36,3.36,500.0,BTBT
2025-01-14 05:09:00,3.38,3.38,3.355,3.36,3940.0,BTBT
2025-01-14 05:08:00,3.39,3.39,3.38,3.39,3108.0,BTBT
2025-01-14 05:04:00,3.39,3.39,3.39,3.39,3.0,BTBT
2025-01-14 04:59:00,3.41,3.41,3.41,3.41,33.0,BTBT
2025-01-14 04:58:00,3.4,3.4,3.4,3.4,56.0,BTBT
2025-01-14 04:56:00,3.4,3.4,3.4,3.4,100.0,BTBT
2025-01-14 04:54:00,3.4,3.4,3.39,3.39,1051.0,BTBT
2025-01-14 04:53:00,3.4,3.4,3.4,3.4,351.0,BTBT
2025-01-14 04:52:00,3.4,3.4,3.4,3.4,250.0,BTBT
2025-01-14 04:47:00,3.39,3.4,3.39,3.4,410.0,BTBT
2025-01-14 04:46:00,3.37,3.39,3.37,3.39,1202.0,BTBT
2025-01-14 04:45:00,3.36,3.36,3.36,3.36,642.0,BTBT
2025-01-14 04:44:00,3.41,3.41,3.38,3.38,3339.0,BTBT
2025-01-14 04:43:00,3.42,3.42,3.41,3.41,6987.0,BTBT
2025-01-14 04:41:00,3.42,3.42,3.42,3.42,15.0,BTBT
2025-01-14 04:40:00,3.4,3.41,3.4,3.41,1151.0,BTBT
2025-01-14 04:39:00,3.42,3.42,3.4,3.4,5286.0,BTBT
2025-01-14 04:38:00,3.4,3.41,3.39,3.41,10029.0,BTBT
2025-01-14 04:37:00,3.39,3.4,3.39,3.4,2216.0,BTBT
2025-01-14 04:36:00,3.4,3.4,3.38,3.38,4753.0,BTBT
2025-01-14 04:35:00,3.4,3.4,3.4,3.4,1000.0,BTBT
2025-01-14 04:33:00,3.38,3.39,3.37,3.39,1681.0,BTBT
2025-01-14 04:32:00,3.39,3.39,3.39,3.39,19.0,BTBT
2025-01-14 04:31:00,3.39,3.39,3.39,3.39,601.0,BTBT
2025-01-14 04:30:00,3.4,3.4,3.4,3.4,165.0,BTBT
2025-01-14 04:29:00,3.4,3.4,3.4,3.4,300.0,BTBT
2025-01-14 04:28:00,3.39,3.4,3.39,3.4,2650.0,BTBT
2025-01-14 04:27:00,3.39,3.39,3.39,3.39,697.0,BTBT
2025-01-14 04:25:00,3.37,3.42,3.37,3.37,20416.0,BTBT
2025-01-14 04:24:00,3.37,3.37,3.37,3.37,51.0,BTBT
2025-01-14 04:23:00,3.37,3.37,3.37,3.37,10.0,BTBT
2025-01-14 04:22:00,3.36,3.36,3.36,3.36,31.0,BTBT
2025-01-14 04:19:00,3.355,3.36,3.355,3.36,2046.0,BTBT
2025-01-14 04:18:00,3.36,3.36,3.355,3.355,52.0,BTBT
2025-01-14 04:17:00,3.37,3.37,3.37,3.37,570.0,BTBT
2025-01-14 04:16:00,3.37,3.37,3.37,3.37,1.0,BTBT
2025-01-14 04:15:00,3.36,3.37,3.36,3.37,1200.0,BTBT
2025-01-14 04:12:00,3.36,3.36,3.36,3.36,90.0,BTBT
2025-01-14 04:11:00,3.35,3.35,3.35,3.35,4.0,BTBT
2025-01-14 04:10:00,3.33,3.33,3.33,3.33,51.0,BTBT
2025-01-14 04:08:00,3.32,3.34,3.32,3.34,90.0,BTBT
2025-01-14 04:04:00,3.3,3.33,3.3,3.3,122.0,BTBT
2025-01-14 04:01:00,3.29,3.3,3.29,3.3,12.0,BTBT
2025-01-14 04:00:00,3.29,3.29,3.26,3.26,27.0,BTBT
2025-01-13 19:59:00,3.25,3.25,3.25,3.25,305.0,BTBT
2025-01-13 19:58:00,3.25,3.25,3.25,3.25,5.0,BTBT
2025-01-13 19:57:00,3.25,3.25,3.2499,3.2499,700.0,BTBT
2025-01-13 19:53:00,3.25,3.25,3.25,3.25,461.0,BTBT
2025-01-13 19:52:00,3.25,3.25,3.25,3.25,4.0,BTBT
2025-01-13 19:51:00,3.2499,3.2499,3.2499,3.2499,100.0,BTBT
2025-01-13 19:49:00,3.24,3.24,3.24,3.24,10.0,BTBT
2025-01-13 19:47:00,3.25,3.25,3.25,3.25,527.0,BTBT
2025-01-13 19:43:00,3.2499,3.2499,3.2499,3.2499,38.0,BTBT
2025-01-13 19:42:00,3.2498,3.2498,3.2498,3.2498,40.0,BTBT
2025-01-13 19:41:00,3.2497,3.2497,3.2497,3.2497,5000.0,BTBT
2025-01-13 19:39:00,3.25,3.25,3.25,3.25,70.0,BTBT
2025-01-13 19:32:00,3.24,3.24,3.24,3.24,12.0,BTBT
2025-01-13 19:28:00,3.25,3.25,3.2499,3.2499,6000.0,BTBT
2025-01-13 19:27:00,3.24,3.2498,3.24,3.2498,105.0,BTBT
2025-01-13 19:26:00,3.24,3.24,3.24,3.24,50.0,BTBT
2025-01-13 19:24:00,3.25,3.25,3.25,3.25,30.0,BTBT
2025-01-13 19:23:00,3.2498,3.25,3.24,3.25,550.0,BTBT
2025-01-13 19:20:00,3.25,3.25,3.25,3.25,50.0,BTBT
2025-01-13 19:19:00,3.24,3.24,3.24,3.24,51.0,BTBT
2025-01-13 19:16:00,3.2498,3.2498,3.24,3.24,301.0,BTBT
2025-01-13 19:11:00,3.2497,3.2497,3.2497,3.2497,2830.0,BTBT
2025-01-13 19:09:00,3.245,3.245,3.245,3.245,14.0,BTBT
2025-01-13 19:08:00,3.25,3.25,3.25,3.25,3.0,BTBT
2025-01-13 19:02:00,3.25,3.25,3.24,3.2497,33.0,BTBT
2025-01-13 19:01:00,3.2498,3.2498,3.2498,3.2498,75.0,BTBT
2025-01-13 19:00:00,3.2499,3.2499,3.2499,3.2499,3000.0,BTBT
2025-01-13 18:58:00,3.25,3.25,3.25,3.25,500.0,BTBT
2025-01-13 18:57:00,3.24,3.24,3.24,3.24,100.0,BTBT
2025-01-13 18:55:00,3.24,3.24,3.24,3.24,3.0,BTBT
2025-01-13 18:54:00,3.25,3.25,3.25,3.25,1100.0,BTBT
2025-01-13 18:52:00,3.24,3.2401,3.24,3.2401,3000.0,BTBT
2025-01-13 18:50:00,3.245,3.245,3.245,3.245,75.0,BTBT
2025-01-13 18:47:00,3.2403,3.25,3.2403,3.25,222.0,BTBT
2025-01-13 18:46:00,3.2497,3.2497,3.2497,3.2497,3000.0,BTBT
2025-01-13 18:45:00,3.25,3.25,3.25,3.25,5.0,BTBT
2025-01-13 18:42:00,3.24,3.24,3.24,3.24,5.0,BTBT
2025-01-13 18:41:00,3.25,3.25,3.245,3.245,129.0,BTBT
2025-01-13 18:39:00,3.2497,3.2497,3.2497,3.2497,1.0,BTBT
2025-01-13 18:38:00,3.2498,3.2498,3.2498,3.2498,1200.0,BTBT
2025-01-13 18:35:00,3.24,3.24,3.24,3.24,30.0,BTBT
2025-01-13 18:34:00,3.2499,3.25,3.2499,3.25,35.0,BTBT
2025-01-13 18:32:00,3.24,3.24,3.24,3.24,34.0,BTBT
2025-01-13 18:29:00,3.24,3.2401,3.24,3.2401,80.0,BTBT
2025-01-13 18:27:00,3.24,3.24,3.24,3.24,21.0,BTBT
2025-01-13 18:26:00,3.25,3.25,3.25,3.25,1000.0,BTBT
2025-01-13 18:25:00,3.24,3.24,3.24,3.24,230.0,BTBT
2025-01-13 18:22:00,3.25,3.25,3.25,3.25,33.0,BTBT
2025-01-13 18:21:00,3.25,3.25,3.2499,3.2499,205.0,BTBT
2025-01-13 18:18:00,3.25,3.25,3.24,3.24,163.0,BTBT
2025-01-13 18:11:00,3.24,3.24,3.24,3.24,1000.0,BTBT
2025-01-13 18:10:00,3.25,3.25,3.2499,3.2499,220.0,BTBT
2025-01-13 18:09:00,3.2498,3.2498,3.2402,3.2402,108.0,BTBT
2025-01-13 18:07:00,3.2499,3.2499,3.2499,3.2499,25.0,BTBT
2025-01-13 18:04:00,3.2402,3.2402,3.2402,3.2402,46.0,BTBT
2025-01-13 18:02:00,3.2401,3.2401,3.2401,3.2401,20.0,BTBT
2025-01-13 18:00:00,3.25,3.25,3.25,3.25,30.0,BTBT
2025-01-13 17:57:00,3.25,3.25,3.25,3.25,10.0,BTBT
2025-01-13 17:52:00,3.24,3.25,3.24,3.25,600.0,BTBT
2025-01-13 17:51:00,3.27,3.27,3.25,3.25,18919.0,BTBT
2025-01-13 17:48:00,3.25,3.25,3.25,3.25,349.0,BTBT
2025-01-13 17:47:00,3.2798,3.2798,3.2798,3.2798,10.0,BTBT
2025-01-13 17:44:00,3.2799,3.2799,3.2799,3.2799,30.0,BTBT
2025-01-13 17:43:00,3.28,3.28,3.28,3.28,5.0,BTBT
2025-01-13 17:42:00,3.28,3.28,3.25,3.25,4313.0,BTBT
2025-01-13 17:40:00,3.26,3.26,3.26,3.26,122.0,BTBT
2025-01-13 17:39:00,3.28,3.28,3.28,3.28,50.0,BTBT
2025-01-13 17:38:00,3.26,3.28,3.26,3.28,5900.0,BTBT
2025-01-13 17:37:00,3.26,3.26,3.26,3.26,730.0,BTBT
2025-01-13 17:36:00,3.27,3.27,3.27,3.27,100.0,BTBT
2025-01-13 17:35:00,3.27,3.27,3.27,3.27,663.0,BTBT
2025-01-13 17:32:00,3.26,3.26,3.2599,3.2599,19905.0,BTBT
2025-01-13 17:30:00,3.26,3.26,3.25,3.2598,1264.0,BTBT
2025-01-13 17:29:00,3.26,3.26,3.26,3.26,2000.0,BTBT
2025-01-13 17:27:00,3.25,3.26,3.25,3.26,1050.0,BTBT
2025-01-13 17:26:00,3.26,3.26,3.2599,3.2599,232.0,BTBT
2025-01-13 17:25:00,3.2591,3.2591,3.2591,3.2591,1000.0,BTBT
2025-01-13 17:24:00,3.24,3.25,3.24,3.25,24593.0,BTBT
2025-01-13 17:23:00,3.23,3.23,3.23,3.23,9.0,BTBT
2025-01-13 17:21:00,3.23,3.2399,3.23,3.2399,177.0,BTBT
2025-01-13 17:19:00,3.24,3.24,3.24,3.24,1200.0,BTBT
2025-01-13 17:18:00,3.2399,3.24,3.2399,3.24,976.0,BTBT
2025-01-13 17:17:00,3.24,3.24,3.2399,3.2399,600.0,BTBT
2025-01-13 17:15:00,3.2398,3.2399,3.2398,3.2399,1000.0,BTBT
2025-01-13 17:13:00,3.24,3.24,3.23,3.23,800.0,BTBT
2025-01-13 17:10:00,3.23,3.23,3.23,3.23,100.0,BTBT
2025-01-13 17:09:00,3.2299,3.23,3.2299,3.2299,283.0,BTBT
2025-01-13 17:07:00,3.24,3.24,3.24,3.24,150.0,BTBT
2025-01-13 17:06:00,3.24,3.24,3.24,3.24,2226.0,BTBT
2025-01-13 17:02:00,3.24,3.24,3.24,3.24,11.0,BTBT
2025-01-13 17:01:00,3.2391,3.2391,3.2391,3.2391,500.0,BTBT
2025-01-13 16:58:00,3.24,3.24,3.24,3.24,50.0,BTBT
2025-01-13 16:57:00,3.24,3.24,3.2398,3.2398,280.0,BTBT
2025-01-13 16:55:00,3.2397,3.2397,3.2397,3.2397,300.0,BTBT
2025-01-13 16:54:00,3.23,3.23,3.23,3.23,35.0,BTBT
2025-01-13 16:52:00,3.24,3.24,3.24,3.24,6.0,BTBT
2025-01-13 16:51:00,3.2398,3.2398,3.2398,3.2398,10.0,BTBT
2025-01-13 16:50:00,3.2391,3.2391,3.2391,3.2391,9.0,BTBT
2025-01-13 16:48:00,3.24,3.24,3.24,3.24,500.0,BTBT
2025-01-13 16:47:00,3.23,3.23,3.22,3.22,3869.0,BTBT
2025-01-13 16:46:00,3.23,3.23,3.2299,3.23,3508.0,BTBT
2025-01-13 16:45:00,3.23,3.23,3.23,3.23,211.0,BTBT
2025-01-13 16:43:00,3.23,3.23,3.2203,3.2203,202.0,BTBT
2025-01-13 16:38:00,3.23,3.23,3.23,3.23,100.0,BTBT
2025-01-13 16:36:00,3.23,3.23,3.23,3.23,1.0,BTBT
2025-01-13 16:34:00,3.22,3.22,3.22,3.22,150.0,BTBT
2025-01-13 16:31:00,3.23,3.23,3.2203,3.2203,350.0,BTBT
2025-01-13 16:30:00,3.2299,3.2299,3.2299,3.2299,5700.0,BTBT
2025-01-13 16:29:00,3.22,3.2201,3.22,3.2201,740.0,BTBT
2025-01-13 16:27:00,3.23,3.23,3.2297,3.2297,2.0,BTBT
2025-01-13 16:26:00,3.23,3.23,3.23,3.23,2.0,BTBT
2025-01-13 16:25:00,3.23,3.23,3.23,3.23,2.0,BTBT
2025-01-13 16:23:00,3.22,3.22,3.22,3.22,1000.0,BTBT
2025-01-13 16:22:00,3.24,3.24,3.22,3.22,9563.0,BTBT
2025-01-13 16:20:00,3.25,3.25,3.25,3.25,1300.0,BTBT
2025-01-13 16:19:00,3.23,3.23,3.23,3.23,2237.0,BTBT
2025-01-13 16:17:00,3.2301,3.2301,3.2301,3.2301,1000.0,BTBT
2025-01-13 16:16:00,3.25,3.25,3.2302,3.2302,8951.0,BTBT
2025-01-13 16:15:00,3.25,3.25,3.25,3.25,10.0,BTBT
2025-01-13 16:14:00,3.23,3.25,3.23,3.25,700.0,BTBT
2025-01-13 16:13:00,3.23,3.2493,3.23,3.2493,825.0,BTBT
2025-01-13 16:12:00,3.24,3.24,3.24,3.24,3100.0,BTBT
2025-01-13 16:11:00,3.2303,3.2303,3.2303,3.2303,500.0,BTBT
2025-01-13 16:10:00,3.23,3.23,3.23,3.23,1200.0,BTBT
2025-01-13 16:09:00,3.2493,3.2493,3.22,3.22,1501.0,BTBT
2025-01-13 16:08:00,3.2201,3.2201,3.2201,3.2201,500.0,BTBT
2025-01-13 16:07:00,3.23,3.23,3.23,3.23,30.0,BTBT
2025-01-13 16:05:00,3.21,3.22,3.21,3.22,442.0,BTBT
2025-01-13 16:04:00,3.22,3.22,3.21,3.21,1175.0,BTBT
2025-01-13 16:02:00,3.21,3.21,3.21,3.21,4021.0,BTBT
2025-01-13 16:01:00,3.21,3.22,3.21,3.21,5873.0,BTBT
2025-01-13 16:00:00,3.205,3.22,3.205,3.22,675710.0,BTBT
2025-01-13 15:59:00,3.225,3.225,3.2,3.205,190290.0,BTBT
2025-01-13 15:58:00,3.22,3.23,3.22,3.225,225007.0,BTBT
2025-01-13 15:57:00,3.22,3.23,3.22,3.23,52258.0,BTBT
2025-01-13 15:56:00,3.2043,3.22,3.2029,3.2199,127485.0,BTBT
2025-01-13 15:55:00,3.215,3.215,3.202,3.205,53877.0,BTBT
2025-01-13 15:54:00,3.2133,3.22,3.2001,3.21,208225.0,BTBT
2025-01-13 15:53:00,3.2101,3.22,3.21,3.215,14316.0,BTBT
2025-01-13 15:52:00,3.225,3.23,3.21,3.215,50960.0,BTBT
2025-01-13 15:51:00,3.22,3.23,3.22,3.225,24427.0,BTBT
2025-01-13 15:50:00,3.22,3.2276,3.22,3.2201,29065.0,BTBT
2025-01-13 15:49:00,3.2035,3.22,3.2,3.21,93574.0,BTBT
2025-01-13 15:48:00,3.2028,3.2199,3.2,3.2,85674.0,BTBT
2025-01-13 15:47:00,3.2142,3.2162,3.2,3.2024,210666.0,BTBT
2025-01-13 15:46:00,3.21,3.22,3.205,3.2107,77054.0,BTBT
2025-01-13 15:45:00,3.1901,3.21,3.19,3.2001,187952.0,BTBT
2025-01-13 15:44:00,3.17,3.1942,3.17,3.1942,214070.0,BTBT
2025-01-13 15:43:00,3.175,3.18,3.17,3.1709,12730.0,BTBT
2025-01-13 15:42:00,3.1699,3.1772,3.16,3.1752,43651.0,BTBT
2025-01-13 15:41:00,3.165,3.1691,3.16,3.1601,8469.0,BTBT
2025-01-13 15:40:00,3.16,3.17,3.1501,3.16,98922.0,BTBT
2025-01-13 15:39:00,3.165,3.17,3.15,3.1601,86177.0,BTBT
2025-01-13 15:38:00,3.1569,3.17,3.1569,3.1674,42815.0,BTBT
2025-01-13 15:37:00,3.1599,3.16,3.15,3.1598,47700.0,BTBT
2025-01-13 15:36:00,3.145,3.16,3.14,3.155,60909.0,BTBT
2025-01-13 15:35:00,3.1499,3.1499,3.14,3.14,13210.0,BTBT
2025-01-13 15:34:00,3.14,3.145,3.14,3.145,58247.0,BTBT
2025-01-13 15:33:00,3.1398,3.15,3.13,3.145,44290.0,BTBT
2025-01-13 15:32:00,3.125,3.14,3.125,3.14,44355.0,BTBT
2025-01-13 15:31:00,3.13,3.13,3.125,3.1288,16071.0,BTBT
2025-01-13 15:30:00,3.125,3.13,3.12,3.12,13401.0,BTBT
2025-01-13 15:29:00,3.13,3.13,3.12,3.13,5174.0,BTBT
2025-01-13 15:28:00,3.125,3.13,3.125,3.13,5208.0,BTBT
2025-01-13 15:26:00,3.12,3.13,3.1195,3.1241,72321.0,BTBT
2025-01-13 15:25:00,3.1199,3.1199,3.1128,3.1128,1663.0,BTBT
2025-01-13 15:24:00,3.1145,3.115,3.11,3.11,1711.0,BTBT
2025-01-13 15:23:00,3.135,3.1373,3.11,3.1189,48662.0,BTBT
2025-01-13 15:22:00,3.1394,3.14,3.13,3.1367,17841.0,BTBT
2025-01-13 15:21:00,3.14,3.14,3.135,3.135,1472.0,BTBT
2025-01-13 15:20:00,3.125,3.14,3.125,3.135,57446.0,BTBT
2025-01-13 15:19:00,3.11,3.12,3.11,3.12,60134.0,BTBT
2025-01-13 15:18:00,3.11,3.125,3.11,3.11,83462.0,BTBT
2025-01-13 15:17:00,3.115,3.115,3.115,3.115,838.0,BTBT
2025-01-13 15:16:00,3.115,3.115,3.11,3.1101,15757.0,BTBT
2025-01-13 15:15:00,3.1189,3.1189,3.11,3.1186,1337.0,BTBT
2025-01-13 15:14:00,3.1173,3.1173,3.11,3.111,4049.0,BTBT
2025-01-13 15:13:00,3.11,3.115,3.11,3.115,1201.0,BTBT
2025-01-13 15:12:00,3.1195,3.1195,3.11,3.11,853.0,BTBT
2025-01-13 15:11:00,3.1228,3.1262,3.1117,3.1117,18766.0,BTBT
2025-01-13 15:10:00,3.12,3.1299,3.12,3.125,8964.0,BTBT
2025-01-13 15:09:00,3.1278,3.13,3.12,3.12,3150.0,BTBT
2025-01-13 15:08:00,3.12,3.13,3.12,3.13,34123.0,BTBT
2025-01-13 15:07:00,3.125,3.125,3.12,3.12,8692.0,BTBT
2025-01-13 15:06:00,3.12,3.1206,3.12,3.1206,3552.0,BTBT
2025-01-13 15:05:00,3.1206,3.1258,3.12,3.125,14389.0,BTBT
2025-01-13 15:04:00,3.125,3.1299,3.12,3.128,20014.0,BTBT
2025-01-13 15:03:00,3.125,3.125,3.12,3.12,8894.0,BTBT
2025-01-13 15:02:00,3.12,3.125,3.12,3.125,794.0,BTBT
2025-01-13 15:00:00,3.13,3.13,3.1201,3.1201,3723.0,BTBT
2025-01-13 14:59:00,3.145,3.145,3.135,3.135,23959.0,BTBT
2025-01-13 14:58:00,3.145,3.15,3.14,3.15,8873.0,BTBT
2025-01-13 14:57:00,3.14,3.15,3.14,3.15,33277.0,BTBT
2025-01-13 14:56:00,3.1332,3.1498,3.13,3.1407,78239.0,BTBT
2025-01-13 14:55:00,3.135,3.14,3.13,3.135,16553.0,BTBT
2025-01-13 14:54:00,3.135,3.14,3.13,3.14,3499.0,BTBT
2025-01-13 14:53:00,3.135,3.135,3.13,3.135,3324.0,BTBT
2025-01-13 14:52:00,3.1309,3.135,3.13,3.13,15995.0,BTBT
2025-01-13 14:51:00,3.1435,3.1485,3.13,3.1371,66997.0,BTBT
2025-01-13 14:50:00,3.1399,3.15,3.13,3.1401,79653.0,BTBT
2025-01-13 14:49:00,3.14,3.14,3.14,3.14,5794.0,BTBT
2025-01-13 14:48:00,3.135,3.1422,3.13,3.1422,27091.0,BTBT
2025-01-13 14:47:00,3.155,3.155,3.135,3.135,18181.0,BTBT
2025-01-13 14:46:00,3.145,3.16,3.1429,3.155,44740.0,BTBT
2025-01-13 14:45:00,3.135,3.145,3.13,3.1429,58180.0,BTBT
2025-01-13 14:44:00,3.14,3.14,3.13,3.14,16976.0,BTBT
2025-01-13 14:43:00,3.14,3.14,3.13,3.14,2406.0,BTBT
2025-01-13 14:42:00,3.14,3.14,3.1305,3.14,5211.0,BTBT
2025-01-13 14:41:00,3.13,3.14,3.1201,3.14,32932.0,BTBT
2025-01-13 14:40:00,3.1299,3.13,3.1299,3.13,3217.0,BTBT
2025-01-13 14:39:00,3.11,3.1291,3.11,3.1291,29167.0,BTBT
2025-01-13 14:38:00,3.11,3.1199,3.11,3.1199,3219.0,BTBT
2025-01-13 14:37:00,3.12,3.12,3.11,3.1199,50486.0,BTBT
2025-01-13 14:36:00,3.12,3.1289,3.12,3.1201,35872.0,BTBT
2025-01-13 14:35:00,3.135,3.135,3.12,3.1201,17221.0,BTBT
2025-01-13 14:34:00,3.1389,3.1389,3.1342,3.135,5388.0,BTBT
2025-01-13 14:33:00,3.14,3.145,3.135,3.138,38871.0,BTBT
2025-01-13 14:32:00,3.1311,3.1358,3.1311,3.132,2711.0,BTBT
2025-01-13 14:31:00,3.15,3.15,3.13,3.1371,93607.0,BTBT
2025-01-13 14:30:00,3.1583,3.16,3.15,3.1501,13506.0,BTBT
2025-01-13 14:29:00,3.16,3.16,3.15,3.15,16480.0,BTBT
2025-01-13 14:28:00,3.15,3.1533,3.14,3.1509,27440.0,BTBT
2025-01-13 14:27:00,3.1408,3.15,3.14,3.1487,4688.0,BTBT
2025-01-13 14:26:00,3.1399,3.1469,3.13,3.1407,44002.0,BTBT
2025-01-13 14:25:00,3.1311,3.135,3.12,3.13,50286.0,BTBT
2025-01-13 14:24:00,3.1269,3.14,3.12,3.14,52730.0,BTBT
2025-01-13 14:23:00,3.125,3.13,3.12,3.13,9481.0,BTBT
2025-01-13 14:22:00,3.125,3.1299,3.12,3.12,19811.0,BTBT
2025-01-13 14:21:00,3.13,3.13,3.12,3.125,13598.0,BTBT
2025-01-13 14:20:00,3.1298,3.1298,3.12,3.125,8102.0,BTBT
2025-01-13 14:19:00,3.135,3.135,3.12,3.125,9520.0,BTBT
2025-01-13 14:18:00,3.13,3.135,3.13,3.135,5003.0,BTBT
2025-01-13 14:17:00,3.1301,3.135,3.13,3.13,5686.0,BTBT
2025-01-13 14:16:00,3.149,3.149,3.13,3.14,7838.0,BTBT
2025-01-13 14:15:00,3.15,3.15,3.14,3.1469,5758.0,BTBT
2025-01-13 14:14:00,3.1587,3.1587,3.1587,3.1587,1594.0,BTBT
2025-01-13 14:13:00,3.1683,3.1683,3.1501,3.1501,45047.0,BTBT
2025-01-13 14:12:00,3.165,3.1662,3.165,3.165,2182.0,BTBT
2025-01-13 14:11:00,3.1672,3.1672,3.16,3.1601,5986.0,BTBT
2025-01-13 14:10:00,3.16,3.17,3.16,3.16,16053.0,BTBT
2025-01-13 14:09:00,3.15,3.17,3.15,3.1601,57057.0,BTBT
2025-01-13 14:08:00,3.165,3.165,3.15,3.155,20312.0,BTBT
2025-01-13 14:07:00,3.16,3.165,3.16,3.1605,6061.0,BTBT
2025-01-13 14:06:00,3.1742,3.1777,3.17,3.17,17416.0,BTBT
2025-01-13 14:05:00,3.1488,3.175,3.1468,3.172,111242.0,BTBT
2025-01-13 14:04:00,3.1403,3.145,3.1403,3.145,6355.0,BTBT
2025-01-13 14:03:00,3.14,3.1499,3.14,3.145,7439.0,BTBT
2025-01-13 14:02:00,3.155,3.155,3.14,3.145,9248.0,BTBT
2025-01-13 14:01:00,3.155,3.16,3.15,3.1505,30305.0,BTBT
2025-01-13 14:00:00,3.155,3.155,3.155,3.155,1633.0,BTBT
2025-01-13 13:59:00,3.155,3.16,3.1527,3.16,1934.0,BTBT
2025-01-13 13:58:00,3.155,3.16,3.155,3.155,1856.0,BTBT
2025-01-13 13:57:00,3.16,3.16,3.15,3.1501,22429.0,BTBT
2025-01-13 13:56:00,3.16,3.16,3.1501,3.16,12395.0,BTBT
2025-01-13 13:55:00,3.1501,3.16,3.15,3.16,25111.0,BTBT
2025-01-13 13:54:00,3.16,3.16,3.1509,3.155,3519.0,BTBT
2025-01-13 13:53:00,3.16,3.16,3.152,3.16,3306.0,BTBT
2025-01-13 13:52:00,3.1599,3.16,3.15,3.1513,14519.0,BTBT
2025-01-13 13:51:00,3.155,3.16,3.15,3.16,15154.0,BTBT
2025-01-13 13:50:00,3.16,3.16,3.1501,3.1501,6164.0,BTBT
2025-01-13 13:49:00,3.1599,3.1599,3.15,3.1574,12956.0,BTBT
2025-01-13 13:48:00,3.155,3.16,3.15,3.16,7217.0,BTBT
2025-01-13 13:47:00,3.158,3.158,3.158,3.158,393.0,BTBT
2025-01-13 13:46:00,3.1417,3.1588,3.14,3.15,55892.0,BTBT
2025-01-13 13:45:00,3.14,3.15,3.1387,3.15,9719.0,BTBT
2025-01-13 13:44:00,3.135,3.14,3.1311,3.135,14341.0,BTBT
2025-01-13 13:43:00,3.1373,3.1373,3.135,3.135,1040.0,BTBT
2025-01-13 13:42:00,3.135,3.1358,3.13,3.135,2253.0,BTBT
2025-01-13 13:41:00,3.1608,3.1608,3.13,3.13,72173.0,BTBT
2025-01-13 13:40:00,3.165,3.17,3.1632,3.1699,3055.0,BTBT
2025-01-13 13:39:00,3.17,3.17,3.165,3.165,4240.0,BTBT
2025-01-13 13:38:00,3.17,3.17,3.1604,3.165,18576.0,BTBT
2025-01-13 13:37:00,3.165,3.17,3.165,3.17,906.0,BTBT
2025-01-13 13:36:00,3.17,3.17,3.17,3.17,965.0,BTBT
2025-01-13 13:35:00,3.1616,3.1616,3.1616,3.1616,1365.0,BTBT
2025-01-13 13:34:00,3.17,3.17,3.17,3.17,865.0,BTBT
2025-01-13 13:33:00,3.165,3.17,3.1606,3.165,10166.0,BTBT
2025-01-13 13:32:00,3.16,3.165,3.16,3.161,7217.0,BTBT
2025-01-13 13:31:00,3.16,3.17,3.15,3.16,58297.0,BTBT
2025-01-13 13:30:00,3.1552,3.1699,3.15,3.165,48879.0,BTBT
2025-01-13 13:29:00,3.17,3.17,3.15,3.15,12580.0,BTBT
2025-01-13 13:28:00,3.17,3.17,3.165,3.165,3098.0,BTBT
2025-01-13 13:27:00,3.17,3.17,3.1652,3.17,765.0,BTBT
2025-01-13 13:26:00,3.1617,3.17,3.1617,3.17,927.0,BTBT
2025-01-13 13:25:00,3.16,3.17,3.16,3.16,9218.0,BTBT
2025-01-13 13:24:00,3.17,3.17,3.16,3.1612,14753.0,BTBT
2025-01-13 13:23:00,3.17,3.17,3.16,3.165,3534.0,BTBT
2025-01-13 13:22:00,3.17,3.17,3.16,3.16,3876.0,BTBT
2025-01-13 13:21:00,3.165,3.17,3.165,3.17,1777.0,BTBT
2025-01-13 13:20:00,3.1635,3.17,3.1635,3.17,3965.0,BTBT
2025-01-13 13:19:00,3.17,3.17,3.16,3.1679,15321.0,BTBT
2025-01-13 13:18:00,3.1692,3.17,3.16,3.1689,7826.0,BTBT
2025-01-13 13:17:00,3.165,3.17,3.1618,3.165,23619.0,BTBT
2025-01-13 13:16:00,3.17,3.17,3.1617,3.17,7336.0,BTBT
2025-01-13 13:15:00,3.17,3.17,3.1629,3.1696,8563.0,BTBT
2025-01-13 13:14:00,3.172,3.175,3.165,3.1668,19188.0,BTBT
2025-01-13 13:13:00,3.175,3.175,3.17,3.1728,6744.0,BTBT
2025-01-13 13:12:00,3.175,3.18,3.17,3.1722,2462.0,BTBT
2025-01-13 13:11:00,3.18,3.18,3.1711,3.1711,1776.0,BTBT
2025-01-13 13:10:00,3.175,3.18,3.1701,3.1748,6786.0,BTBT
2025-01-13 13:09:00,3.1794,3.18,3.1705,3.175,4185.0,BTBT
2025-01-13 13:08:00,3.1752,3.18,3.175,3.18,1431.0,BTBT
2025-01-13 13:07:00,3.18,3.18,3.17,3.17,1852.0,BTBT
2025-01-13 13:06:00,3.175,3.18,3.17,3.17,6772.0,BTBT
2025-01-13 13:05:00,3.17,3.175,3.17,3.17,7452.0,BTBT
2025-01-13 13:04:00,3.17,3.17,3.161,3.17,5072.0,BTBT
2025-01-13 13:03:00,3.165,3.17,3.16,3.165,6934.0,BTBT
2025-01-13 13:02:00,3.17,3.17,3.16,3.165,28266.0,BTBT
2025-01-13 13:01:00,3.16,3.1699,3.1599,3.16,57684.0,BTBT
2025-01-13 13:00:00,3.155,3.16,3.15,3.1599,16662.0,BTBT
2025-01-13 12:59:00,3.155,3.165,3.155,3.155,22941.0,BTBT
2025-01-13 12:58:00,3.16,3.16,3.15,3.155,7954.0,BTBT
2025-01-13 12:57:00,3.155,3.16,3.155,3.155,3145.0,BTBT
2025-01-13 12:56:00,3.155,3.16,3.155,3.16,1108.0,BTBT
2025-01-13 12:55:00,3.16,3.16,3.15,3.155,26741.0,BTBT
2025-01-13 12:54:00,3.16,3.16,3.155,3.155,2621.0,BTBT
2025-01-13 12:53:00,3.165,3.165,3.16,3.16,671.0,BTBT
2025-01-13 12:52:00,3.175,3.175,3.16,3.16,15742.0,BTBT
2025-01-13 12:51:00,3.165,3.175,3.165,3.175,16247.0,BTBT
2025-01-13 12:50:00,3.15,3.17,3.15,3.165,23696.0,BTBT
2025-01-13 12:49:00,3.16,3.1641,3.15,3.15,41387.0,BTBT
2025-01-13 12:48:00,3.16,3.17,3.16,3.165,45292.0,BTBT
2025-01-13 12:47:00,3.16,3.16,3.16,3.16,675.0,BTBT
2025-01-13 12:46:00,3.155,3.16,3.155,3.155,1007.0,BTBT
2025-01-13 12:45:00,3.14,3.1599,3.14,3.151,82458.0,BTBT
2025-01-13 12:44:00,3.135,3.1399,3.13,3.135,13406.0,BTBT
2025-01-13 12:43:00,3.1419,3.145,3.135,3.135,15321.0,BTBT
2025-01-13 12:42:00,3.1472,3.1472,3.1404,3.1404,3784.0,BTBT
2025-01-13 12:41:00,3.1477,3.1477,3.1402,3.145,7936.0,BTBT
2025-01-13 12:40:00,3.1432,3.145,3.1432,3.145,1232.0,BTBT
2025-01-13 12:39:00,3.145,3.1499,3.14,3.1401,43357.0,BTBT
2025-01-13 12:38:00,3.15,3.1534,3.14,3.1479,26463.0,BTBT
2025-01-13 12:37:00,3.15,3.155,3.15,3.155,1633.0,BTBT
2025-01-13 12:36:00,3.1511,3.16,3.15,3.16,7308.0,BTBT
2025-01-13 12:35:00,3.17,3.17,3.1501,3.155,35818.0,BTBT
2025-01-13 12:34:00,3.17,3.17,3.1672,3.17,837.0,BTBT
2025-01-13 12:33:00,3.155,3.17,3.1507,3.17,7779.0,BTBT
2025-01-13 12:32:00,3.1505,3.16,3.15,3.16,4194.0,BTBT
2025-01-13 12:31:00,3.15,3.16,3.14,3.16,26070.0,BTBT
2025-01-13 12:30:00,3.155,3.155,3.14,3.145,18741.0,BTBT
2025-01-13 12:29:00,3.15,3.16,3.15,3.16,52697.0,BTBT
2025-01-13 12:28:00,3.135,3.1499,3.13,3.1408,56900.0,BTBT
2025-01-13 12:27:00,3.14,3.14,3.13,3.135,31939.0,BTBT
2025-01-13 12:26:00,3.14,3.14,3.13,3.14,1312.0,BTBT
2025-01-13 12:25:00,3.125,3.1374,3.12,3.1374,27113.0,BTBT
2025-01-13 12:24:00,3.125,3.13,3.12,3.13,28489.0,BTBT
2025-01-13 12:23:00,3.12,3.13,3.12,3.1252,29076.0,BTBT
2025-01-13 12:22:00,3.12,3.12,3.11,3.11,1905.0,BTBT
2025-01-13 12:21:00,3.115,3.12,3.1126,3.118,4691.0,BTBT
2025-01-13 12:20:00,3.1172,3.12,3.1109,3.115,6195.0,BTBT
2025-01-13 12:19:00,3.105,3.12,3.1,3.115,58075.0,BTBT
2025-01-13 12:18:00,3.1,3.105,3.1,3.105,20074.0,BTBT
2025-01-13 12:17:00,3.1,3.1,3.09,3.098,24897.0,BTBT
2025-01-13 12:16:00,3.085,3.0999,3.08,3.0999,68278.0,BTBT
2025-01-13 12:15:00,3.09,3.095,3.08,3.09,44445.0,BTBT
2025-01-13 12:14:00,3.08,3.09,3.08,3.09,14874.0,BTBT
2025-01-13 12:13:00,3.085,3.09,3.08,3.0848,16474.0,BTBT
2025-01-13 12:12:00,3.0821,3.0898,3.0811,3.0811,2372.0,BTBT
2025-01-13 12:11:00,3.0897,3.09,3.08,3.08,13395.0,BTBT
2025-01-13 12:10:00,3.0801,3.095,3.08,3.085,90156.0,BTBT
2025-01-13 12:09:00,3.068,3.097,3.068,3.0899,139731.0,BTBT
2025-01-13 12:08:00,3.075,3.0899,3.06,3.06,157679.0,BTBT
2025-01-13 12:07:00,3.0571,3.08,3.05,3.075,147991.0,BTBT
2025-01-13 12:06:00,3.05,3.06,3.05,3.0527,25604.0,BTBT
2025-01-13 12:05:00,3.0401,3.05,3.04,3.05,16793.0,BTBT
2025-01-13 12:04:00,3.05,3.0505,3.04,3.04,22354.0,BTBT
2025-01-13 12:03:00,3.048,3.06,3.04,3.05,36514.0,BTBT
2025-01-13 12:02:00,3.04,3.052,3.04,3.0458,55538.0,BTBT
2025-01-13 12:01:00,3.05,3.0572,3.04,3.0401,55190.0,BTBT
2025-01-13 12:00:00,3.055,3.0589,3.05,3.055,12684.0,BTBT
2025-01-13 11:59:00,3.07,3.0727,3.05,3.0578,308991.0,BTBT
2025-01-13 11:58:00,3.0778,3.0799,3.06,3.0707,88014.0,BTBT
2025-01-13 11:57:00,3.08,3.08,3.07,3.08,11688.0,BTBT
2025-01-13 11:56:00,3.085,3.0876,3.08,3.0811,19000.0,BTBT
2025-01-13 11:55:00,3.09,3.095,3.08,3.08,20821.0,BTBT
2025-01-13 11:54:00,3.095,3.1,3.09,3.1,5335.0,BTBT
2025-01-13 11:53:00,3.09,3.0999,3.09,3.09,8061.0,BTBT
2025-01-13 11:52:00,3.1052,3.1052,3.09,3.099,7540.0,BTBT
2025-01-13 11:51:00,3.1049,3.105,3.095,3.1,73640.0,BTBT
2025-01-13 11:50:00,3.1101,3.1101,3.105,3.105,14126.0,BTBT
2025-01-13 11:49:00,3.119,3.119,3.1111,3.115,6165.0,BTBT
2025-01-13 11:48:00,3.12,3.1295,3.11,3.11,13025.0,BTBT
2025-01-13 11:47:00,3.135,3.1385,3.13,3.13,23487.0,BTBT
2025-01-13 11:46:00,3.1301,3.1376,3.1301,3.135,11911.0,BTBT
2025-01-13 11:45:00,3.13,3.1399,3.12,3.1377,57340.0,BTBT
2025-01-13 11:44:00,3.125,3.128,3.12,3.125,3298.0,BTBT
2025-01-13 11:43:00,3.125,3.1298,3.12,3.125,27147.0,BTBT
2025-01-13 11:42:00,3.135,3.135,3.12,3.13,22401.0,BTBT
2025-01-13 11:41:00,3.13,3.14,3.12,3.1305,48353.0,BTBT
2025-01-13 11:40:00,3.13,3.14,3.12,3.1373,109511.0,BTBT
2025-01-13 11:39:00,3.1303,3.135,3.12,3.125,14059.0,BTBT
2025-01-13 11:38:00,3.1299,3.135,3.12,3.135,31389.0,BTBT
2025-01-13 11:37:00,3.13,3.135,3.12,3.1201,87335.0,BTBT
2025-01-13 11:36:00,3.1401,3.1487,3.1301,3.1345,21989.0,BTBT
2025-01-13 11:35:00,3.135,3.145,3.13,3.145,15109.0,BTBT
2025-01-13 11:34:00,3.135,3.14,3.13,3.135,6822.0,BTBT
2025-01-13 11:33:00,3.13,3.14,3.13,3.1395,16902.0,BTBT
2025-01-13 11:32:00,3.13,3.13,3.12,3.1234,12779.0,BTBT
2025-01-13 11:31:00,3.115,3.13,3.1117,3.125,26208.0,BTBT
2025-01-13 11:30:00,3.1152,3.12,3.115,3.12,62993.0,BTBT
2025-01-13 11:29:00,3.115,3.12,3.11,3.11,7028.0,BTBT
2025-01-13 11:28:00,3.11,3.1179,3.11,3.1179,23298.0,BTBT
2025-01-13 11:27:00,3.1106,3.1195,3.1106,3.115,10266.0,BTBT
2025-01-13 11:26:00,3.12,3.13,3.1114,3.1155,18151.0,BTBT
2025-01-13 11:25:00,3.115,3.125,3.11,3.125,19344.0,BTBT
2025-01-13 11:24:00,3.121,3.125,3.115,3.115,30945.0,BTBT
2025-01-13 11:23:00,3.125,3.1295,3.1204,3.1295,8126.0,BTBT
2025-01-13 11:22:00,3.1201,3.1299,3.12,3.1201,6423.0,BTBT
2025-01-13 11:21:00,3.1389,3.14,3.12,3.125,21952.0,BTBT
2025-01-13 11:20:00,3.11,3.1395,3.11,3.135,52914.0,BTBT
2025-01-13 11:19:00,3.115,3.1189,3.11,3.112,2474.0,BTBT
2025-01-13 11:18:00,3.11,3.1172,3.1,3.112,52871.0,BTBT
2025-01-13 11:17:00,3.12,3.12,3.1,3.1013,49660.0,BTBT
2025-01-13 11:16:00,3.135,3.1388,3.11,3.12,214070.0,BTBT
2025-01-13 11:15:00,3.1399,3.14,3.13,3.13,18951.0,BTBT
2025-01-13 11:14:00,3.1358,3.1399,3.13,3.135,25593.0,BTBT
2025-01-13 11:13:00,3.15,3.1599,3.14,3.14,19064.0,BTBT
2025-01-13 11:12:00,3.14,3.16,3.14,3.1532,33776.0,BTBT
2025-01-13 11:11:00,3.16,3.16,3.14,3.1472,40454.0,BTBT
2025-01-13 11:10:00,3.165,3.17,3.165,3.165,7953.0,BTBT
2025-01-13 11:09:00,3.175,3.175,3.162,3.165,11215.0,BTBT
2025-01-13 11:08:00,3.1758,3.1866,3.1758,3.1788,31577.0,BTBT
2025-01-13 11:07:00,3.17,3.18,3.1601,3.18,20127.0,BTBT
2025-01-13 11:06:00,3.17,3.17,3.16,3.16,32038.0,BTBT
2025-01-13 11:05:00,3.1699,3.175,3.1699,3.175,14231.0,BTBT
2025-01-13 11:04:00,3.165,3.1689,3.15,3.165,41352.0,BTBT
2025-01-13 11:03:00,3.1656,3.168,3.16,3.168,20278.0,BTBT
2025-01-13 11:02:00,3.1683,3.1683,3.16,3.16,4408.0,BTBT
2025-01-13 11:01:00,3.155,3.1697,3.15,3.1681,19868.0,BTBT
2025-01-13 11:00:00,3.16,3.16,3.15,3.1511,27431.0,BTBT
2025-01-13 10:59:00,3.155,3.16,3.15,3.155,31117.0,BTBT
2025-01-13 10:58:00,3.165,3.17,3.155,3.155,11510.0,BTBT
2025-01-13 10:57:00,3.165,3.1698,3.165,3.165,4850.0,BTBT
2025-01-13 10:56:00,3.165,3.17,3.16,3.17,3284.0,BTBT
2025-01-13 10:55:00,3.1624,3.1698,3.1615,3.165,2248.0,BTBT
2025-01-13 10:54:00,3.165,3.17,3.16,3.1615,16712.0,BTBT
2025-01-13 10:53:00,3.16,3.165,3.15,3.165,55076.0,BTBT
2025-01-13 10:52:00,3.1701,3.175,3.16,3.165,12418.0,BTBT
2025-01-13 10:51:00,3.1812,3.185,3.17,3.1701,44899.0,BTBT
2025-01-13 10:50:00,3.1883,3.1883,3.175,3.18,7326.0,BTBT
2025-01-13 10:49:00,3.17,3.185,3.16,3.185,87059.0,BTBT
2025-01-13 10:48:00,3.17,3.1798,3.1601,3.1798,44638.0,BTBT
2025-01-13 10:47:00,3.16,3.1699,3.16,3.165,23629.0,BTBT
2025-01-13 10:46:00,3.1606,3.165,3.15,3.165,65019.0,BTBT
2025-01-13 10:45:00,3.165,3.175,3.16,3.165,50176.0,BTBT
2025-01-13 10:44:00,3.16,3.17,3.15,3.17,74711.0,BTBT
2025-01-13 10:43:00,3.1614,3.1614,3.15,3.155,32028.0,BTBT
2025-01-13 10:42:00,3.155,3.1614,3.15,3.16,28682.0,BTBT
2025-01-13 10:41:00,3.165,3.1699,3.15,3.155,36059.0,BTBT
2025-01-13 10:40:00,3.18,3.19,3.1601,3.1601,36158.0,BTBT
2025-01-13 10:39:00,3.16,3.18,3.16,3.17,23578.0,BTBT
2025-01-13 10:38:00,3.1646,3.17,3.1607,3.165,4471.0,BTBT
2025-01-13 10:37:00,3.155,3.1699,3.15,3.16,85029.0,BTBT
2025-01-13 10:36:00,3.16,3.17,3.15,3.155,67118.0,BTBT
2025-01-13 10:35:00,3.15,3.1599,3.15,3.1558,34548.0,BTBT
2025-01-13 10:34:00,3.16,3.16,3.15,3.15,15351.0,BTBT
2025-01-13 10:33:00,3.1612,3.17,3.16,3.1601,9509.0,BTBT
2025-01-13 10:32:00,3.1698,3.1799,3.16,3.1683,38670.0,BTBT
2025-01-13 10:31:00,3.1552,3.17,3.1501,3.165,53982.0,BTBT
2025-01-13 10:30:00,3.135,3.1532,3.13,3.1505,103596.0,BTBT
2025-01-13 10:29:00,3.135,3.14,3.12,3.14,34072.0,BTBT
2025-01-13 10:28:00,3.135,3.1399,3.125,3.135,43745.0,BTBT
2025-01-13 10:27:00,3.135,3.1487,3.13,3.13,37856.0,BTBT
2025-01-13 10:26:00,3.135,3.14,3.125,3.1307,141728.0,BTBT
2025-01-13 10:25:00,3.145,3.15,3.13,3.135,26885.0,BTBT
2025-01-13 10:24:00,3.155,3.155,3.1405,3.145,23753.0,BTBT
2025-01-13 10:23:00,3.175,3.1779,3.155,3.155,16455.0,BTBT
2025-01-13 10:22:00,3.21,3.2101,3.1758,3.1758,16169.0,BTBT
2025-01-13 10:21:00,3.205,3.225,3.205,3.2166,69726.0,BTBT
2025-01-13 10:20:00,3.2,3.21,3.2,3.2001,55565.0,BTBT
2025-01-13 10:19:00,3.1989,3.2,3.1901,3.1999,40288.0,BTBT
2025-01-13 10:18:00,3.18,3.2,3.18,3.1912,39038.0,BTBT
2025-01-13 10:17:00,3.1673,3.17,3.16,3.17,25973.0,BTBT
2025-01-13 10:16:00,3.14,3.1699,3.1367,3.1611,113485.0,BTBT
2025-01-13 10:15:00,3.15,3.1558,3.135,3.135,21712.0,BTBT
2025-01-13 10:14:00,3.155,3.1599,3.15,3.1558,8824.0,BTBT
2025-01-13 10:13:00,3.145,3.16,3.14,3.1585,43723.0,BTBT
2025-01-13 10:12:00,3.135,3.145,3.1301,3.138,34797.0,BTBT
2025-01-13 10:11:00,3.1305,3.1499,3.13,3.14,28816.0,BTBT
2025-01-13 10:10:00,3.16,3.16,3.13,3.135,99703.0,BTBT
2025-01-13 10:09:00,3.17,3.18,3.16,3.165,93509.0,BTBT
2025-01-13 10:08:00,3.1601,3.18,3.16,3.1799,45538.0,BTBT
2025-01-13 10:07:00,3.16,3.17,3.16,3.1692,24483.0,BTBT
2025-01-13 10:06:00,3.15,3.1699,3.14,3.1699,124228.0,BTBT
2025-01-13 10:05:00,3.1299,3.145,3.1128,3.1419,62859.0,BTBT
2025-01-13 10:04:00,3.1105,3.14,3.1105,3.1283,49692.0,BTBT
2025-01-13 10:03:00,3.135,3.1372,3.11,3.1142,37493.0,BTBT
2025-01-13 10:02:00,3.14,3.1499,3.13,3.13,59975.0,BTBT
2025-01-13 10:01:00,3.135,3.1382,3.12,3.135,28736.0,BTBT
2025-01-13 10:00:00,3.145,3.145,3.13,3.135,16459.0,BTBT
2025-01-13 09:59:00,3.1378,3.15,3.13,3.14,155697.0,BTBT
2025-01-13 09:58:00,3.1488,3.16,3.13,3.135,46151.0,BTBT
2025-01-13 09:57:00,3.16,3.165,3.14,3.1458,55316.0,BTBT
2025-01-13 09:56:00,3.1595,3.18,3.15,3.1606,69456.0,BTBT
2025-01-13 09:55:00,3.1503,3.16,3.15,3.1599,21892.0,BTBT
2025-01-13 09:54:00,3.14,3.16,3.14,3.15,44717.0,BTBT
2025-01-13 09:53:00,3.15,3.16,3.14,3.1452,82619.0,BTBT
2025-01-13 09:52:00,3.1493,3.15,3.14,3.1488,46544.0,BTBT
2025-01-13 09:51:00,3.1288,3.155,3.125,3.145,59737.0,BTBT
2025-01-13 09:50:00,3.12,3.13,3.12,3.121,21629.0,BTBT
2025-01-13 09:49:00,3.121,3.15,3.1208,3.128,80473.0,BTBT
2025-01-13 09:48:00,3.0958,3.125,3.0958,3.1204,77341.0,BTBT
2025-01-13 09:47:00,3.09,3.1,3.0829,3.095,50253.0,BTBT
2025-01-13 09:46:00,3.0948,3.1099,3.08,3.0889,33111.0,BTBT
2025-01-13 09:45:00,3.115,3.115,3.09,3.095,12246.0,BTBT
2025-01-13 09:44:00,3.115,3.1182,3.1,3.11,12415.0,BTBT
2025-01-13 09:43:00,3.075,3.1199,3.07,3.1188,25632.0,BTBT
2025-01-13 09:42:00,3.0605,3.08,3.06,3.0772,26886.0,BTBT
2025-01-13 09:41:00,3.05,3.07,3.05,3.0688,31330.0,BTBT
2025-01-13 09:40:00,3.06,3.0613,3.04,3.0402,125842.0,BTBT
2025-01-13 09:39:00,3.0602,3.07,3.06,3.0683,33137.0,BTBT
2025-01-13 09:38:00,3.0493,3.065,3.0488,3.06,32402.0,BTBT
2025-01-13 09:37:00,3.065,3.08,3.04,3.0452,68045.0,BTBT
2025-01-13 09:36:00,3.075,3.09,3.05,3.06,223959.0,BTBT
2025-01-13 09:35:00,3.1,3.11,3.07,3.075,61856.0,BTBT
2025-01-13 09:34:00,3.09,3.1,3.081,3.0995,29590.0,BTBT
2025-01-13 09:33:00,3.1011,3.105,3.08,3.082,38363.0,BTBT
2025-01-13 09:32:00,3.08,3.13,3.08,3.1004,75111.0,BTBT
2025-01-13 09:31:00,3.0926,3.097,3.06,3.0727,113255.0,BTBT
2025-01-13 09:30:00,3.17,3.17,3.09,3.0948,413945.0,BTBT
2025-01-13 09:29:00,3.15,3.15,3.15,3.15,177.0,BTBT
2025-01-13 09:27:00,3.13,3.13,3.13,3.13,1.0,BTBT
2025-01-13 09:26:00,3.18,3.18,3.18,3.18,1.0,BTBT
2025-01-13 09:24:00,3.17,3.17,3.1403,3.1403,275.0,BTBT
2025-01-13 09:23:00,3.14,3.14,3.13,3.13,1970.0,BTBT
2025-01-13 09:21:00,3.1301,3.1301,3.1301,3.1301,999.0,BTBT
2025-01-13 09:20:00,3.13,3.1398,3.13,3.1398,110.0,BTBT
2025-01-13 09:19:00,3.14,3.14,3.12,3.12,43.0,BTBT
2025-01-13 09:18:00,3.13,3.13,3.13,3.13,333.0,BTBT
2025-01-13 09:17:00,3.13,3.14,3.13,3.13,540.0,BTBT
2025-01-13 09:16:00,3.14,3.14,3.14,3.14,1.0,BTBT
2025-01-13 09:15:00,3.14,3.14,3.14,3.14,175.0,BTBT
2025-01-13 09:14:00,3.13,3.1391,3.13,3.1391,3388.0,BTBT
2025-01-13 09:13:00,3.1298,3.1298,3.1201,3.1201,74.0,BTBT
2025-01-13 09:12:00,3.13,3.13,3.13,3.13,28.0,BTBT
2025-01-13 09:11:00,3.13,3.13,3.13,3.13,3165.0,BTBT
2025-01-13 09:10:00,3.14,3.14,3.13,3.13,1521.0,BTBT
2025-01-13 09:09:00,3.14,3.14,3.1205,3.14,955.0,BTBT
2025-01-13 09:08:00,3.13,3.1395,3.12,3.12,1274.0,BTBT
2025-01-13 09:07:00,3.1198,3.13,3.1198,3.13,1835.0,BTBT
2025-01-13 09:06:00,3.12,3.12,3.12,3.12,14656.0,BTBT
2025-01-13 09:05:00,3.1197,3.12,3.1197,3.12,510.0,BTBT
2025-01-13 09:04:00,3.16,3.16,3.11,3.11,16341.0,BTBT
2025-01-13 09:03:00,3.16,3.16,3.15,3.15,2400.0,BTBT
2025-01-13 09:02:00,3.16,3.16,3.16,3.16,2500.0,BTBT
2025-01-13 09:00:00,3.16,3.16,3.16,3.16,3547.0,BTBT
2025-01-13 08:59:00,3.17,3.17,3.16,3.16,295.0,BTBT
2025-01-13 08:58:00,3.1698,3.17,3.16,3.16,450.0,BTBT
2025-01-13 08:57:00,3.16,3.1699,3.16,3.1699,100.0,BTBT
2025-01-13 08:56:00,3.165,3.17,3.16,3.17,2091.0,BTBT
2025-01-13 08:55:00,3.17,3.17,3.17,3.17,6.0,BTBT
2025-01-13 08:54:00,3.1795,3.1795,3.1795,3.1795,200.0,BTBT
2025-01-13 08:53:00,3.1601,3.1601,3.16,3.16,1550.0,BTBT
2025-01-13 08:52:00,3.17,3.17,3.17,3.17,10.0,BTBT
2025-01-13 08:51:00,3.16,3.1799,3.16,3.17,1805.0,BTBT
2025-01-13 08:50:00,3.17,3.1798,3.16,3.1798,2005.0,BTBT
2025-01-13 08:49:00,3.1796,3.18,3.179,3.179,388.0,BTBT
2025-01-13 08:47:00,3.1793,3.18,3.1793,3.18,150.0,BTBT
2025-01-13 08:46:00,3.18,3.18,3.18,3.18,1000.0,BTBT
2025-01-13 08:45:00,3.1791,3.18,3.1791,3.18,85.0,BTBT
2025-01-13 08:44:00,3.18,3.18,3.17,3.17,1311.0,BTBT
2025-01-13 08:43:00,3.18,3.18,3.18,3.18,15.0,BTBT
2025-01-13 08:42:00,3.17,3.18,3.17,3.1797,223.0,BTBT
2025-01-13 08:41:00,3.17,3.1797,3.17,3.17,3283.0,BTBT
2025-01-13 08:39:00,3.1801,3.1801,3.18,3.18,2412.0,BTBT
2025-01-13 08:38:00,3.2,3.2,3.19,3.19,1503.0,BTBT
2025-01-13 08:36:00,3.2,3.2,3.2,3.2,1415.0,BTBT
2025-01-13 08:35:00,3.2,3.2,3.2,3.2,150.0,BTBT
2025-01-13 08:34:00,3.1801,3.1801,3.18,3.18,6750.0,BTBT
2025-01-13 08:33:00,3.19,3.19,3.18,3.18,814.0,BTBT
2025-01-13 08:32:00,3.18,3.2,3.18,3.1999,1360.0,BTBT
2025-01-13 08:31:00,3.19,3.19,3.19,3.19,822.0,BTBT
2025-01-13 08:30:00,3.2,3.2,3.19,3.19,3315.0,BTBT
2025-01-13 08:28:00,3.1988,3.1988,3.19,3.19,431.0,BTBT
2025-01-13 08:27:00,3.2,3.2,3.2,3.2,3126.0,BTBT
2025-01-13 08:26:00,3.2,3.2,3.2,3.2,40.0,BTBT
2025-01-13 08:25:00,3.2,3.2,3.19,3.1997,1949.0,BTBT
2025-01-13 08:24:00,3.1997,3.2,3.1997,3.2,3503.0,BTBT
2025-01-13 08:23:00,3.1897,3.1992,3.1897,3.1992,3489.0,BTBT
2025-01-13 08:22:00,3.18,3.19,3.18,3.19,4697.0,BTBT
2025-01-13 08:21:00,3.18,3.18,3.18,3.18,2.0,BTBT
2025-01-13 08:20:00,3.18,3.18,3.18,3.18,257.0,BTBT
2025-01-13 08:19:00,3.19,3.19,3.18,3.18,3713.0,BTBT
2025-01-13 08:18:00,3.1897,3.19,3.1897,3.19,203.0,BTBT
2025-01-13 08:17:00,3.19,3.19,3.17,3.19,4122.0,BTBT
2025-01-13 08:16:00,3.17,3.19,3.17,3.19,4572.0,BTBT
2025-01-13 08:15:00,3.17,3.17,3.17,3.17,5.0,BTBT
2025-01-13 08:14:00,3.17,3.17,3.16,3.1699,2444.0,BTBT
2025-01-13 08:12:00,3.17,3.17,3.1602,3.17,265.0,BTBT
2025-01-13 08:11:00,3.1601,3.1601,3.16,3.16,501.0,BTBT
2025-01-13 08:10:00,3.16,3.16,3.16,3.16,2380.0,BTBT
2025-01-13 08:09:00,3.1697,3.1697,3.1697,3.1697,35.0,BTBT
2025-01-13 08:08:00,3.13,3.16,3.13,3.16,3391.0,BTBT
2025-01-13 08:07:00,3.15,3.15,3.13,3.13,3715.0,BTBT
2025-01-13 08:06:00,3.14,3.14,3.13,3.14,5095.0,BTBT
2025-01-13 08:05:00,3.1598,3.16,3.15,3.15,6970.0,BTBT
2025-01-13 08:04:00,3.15,3.15,3.15,3.15,2000.0,BTBT
2025-01-13 08:03:00,3.16,3.16,3.15,3.15,3773.0,BTBT
2025-01-13 08:02:00,3.16,3.16,3.15,3.16,15220.0,BTBT
2025-01-13 08:01:00,3.1698,3.25,3.16,3.16,3746.0,BTBT
2025-01-13 08:00:00,3.12,3.3,3.1,3.1311,49962.0,BTBT
2025-01-13 07:59:00,3.17,3.17,3.17,3.17,500.0,BTBT
2025-01-13 07:56:00,3.17,3.17,3.17,3.17,1000.0,BTBT
2025-01-13 07:55:00,3.16,3.17,3.16,3.17,1765.0,BTBT
2025-01-13 07:54:00,3.16,3.16,3.16,3.16,10.0,BTBT
2025-01-13 07:52:00,3.14,3.14,3.14,3.14,1256.0,BTBT
2025-01-13 07:49:00,3.14,3.14,3.14,3.14,3498.0,BTBT
2025-01-13 07:48:00,3.14,3.14,3.14,3.14,51.0,BTBT
2025-01-13 07:47:00,3.13,3.13,3.13,3.13,915.0,BTBT
2025-01-13 07:46:00,3.14,3.14,3.14,3.14,30.0,BTBT
2025-01-13 07:45:00,3.13,3.14,3.13,3.13,16872.0,BTBT
2025-01-13 07:44:00,3.129,3.13,3.129,3.13,1293.0,BTBT
2025-01-13 07:43:00,3.11,3.13,3.11,3.13,3871.0,BTBT
2025-01-13 07:40:00,3.11,3.11,3.11,3.11,2.0,BTBT
2025-01-13 07:39:00,3.11,3.11,3.11,3.11,551.0,BTBT
2025-01-13 07:38:00,3.11,3.11,3.11,3.11,500.0,BTBT
2025-01-13 07:36:00,3.13,3.13,3.13,3.13,16.0,BTBT
2025-01-13 07:35:00,3.13,3.13,3.13,3.13,250.0,BTBT
2025-01-13 07:31:00,3.13,3.13,3.13,3.13,3.0,BTBT
2025-01-13 07:27:00,3.13,3.13,3.13,3.13,50.0,BTBT
2025-01-13 07:26:00,3.13,3.13,3.13,3.13,100.0,BTBT
2025-01-13 07:25:00,3.13,3.13,3.13,3.13,1.0,BTBT
2025-01-13 07:24:00,3.13,3.13,3.13,3.13,3001.0,BTBT
2025-01-13 07:23:00,3.13,3.13,3.13,3.13,359.0,BTBT
2025-01-13 07:21:00,3.12,3.13,3.12,3.13,500.0,BTBT
2025-01-13 07:20:00,3.11,3.12,3.1,3.1,4450.0,BTBT
2025-01-13 07:17:00,3.12,3.13,3.12,3.12,1100.0,BTBT
2025-01-13 07:16:00,3.13,3.13,3.13,3.13,32.0,BTBT
2025-01-13 07:14:00,3.129,3.129,3.129,3.129,100.0,BTBT
2025-01-13 07:13:00,3.12,3.13,3.12,3.129,611.0,BTBT
2025-01-13 07:11:00,3.11,3.11,3.11,3.11,500.0,BTBT
2025-01-13 07:10:00,3.11,3.11,3.11,3.11,2109.0,BTBT
2025-01-13 07:09:00,3.11,3.11,3.11,3.11,1906.0,BTBT
2025-01-13 07:08:00,3.12,3.12,3.12,3.12,200.0,BTBT
2025-01-13 07:06:00,3.12,3.12,3.11,3.12,1728.0,BTBT
2025-01-13 07:04:00,3.13,3.13,3.12,3.12,225.0,BTBT
2025-01-13 07:03:00,3.13,3.13,3.12,3.12,4505.0,BTBT
2025-01-13 07:02:00,3.13,3.13,3.13,3.13,500.0,BTBT
2025-01-13 07:00:00,3.13,3.13,3.13,3.13,322.0,BTBT
2025-01-13 06:59:00,3.12,3.12,3.12,3.12,700.0,BTBT
2025-01-13 06:57:00,3.11,3.11,3.11,3.11,2854.0,BTBT
2025-01-13 06:55:00,3.11,3.11,3.11,3.11,594.0,BTBT
2025-01-13 06:53:00,3.12,3.12,3.12,3.12,200.0,BTBT
2025-01-13 06:51:00,3.11,3.11,3.11,3.11,71.0,BTBT
2025-01-13 06:50:00,3.11,3.11,3.11,3.11,306.0,BTBT
2025-01-13 06:49:00,3.11,3.11,3.09,3.09,3921.0,BTBT
2025-01-13 06:48:00,3.11,3.11,3.11,3.11,1400.0,BTBT
2025-01-13 06:47:00,3.11,3.11,3.11,3.11,500.0,BTBT
2025-01-13 06:46:00,3.11,3.11,3.11,3.11,400.0,BTBT
2025-01-13 06:45:00,3.09,3.09,3.09,3.09,16.0,BTBT
2025-01-13 06:43:00,3.1,3.1,3.1,3.1,8342.0,BTBT
2025-01-13 06:40:00,3.11,3.11,3.11,3.11,28.0,BTBT
2025-01-13 06:37:00,3.11,3.11,3.11,3.11,20.0,BTBT
2025-01-13 06:36:00,3.12,3.12,3.11,3.11,365.0,BTBT
2025-01-13 06:34:00,3.12,3.12,3.12,3.12,300.0,BTBT
2025-01-13 06:33:00,3.12,3.12,3.12,3.12,157.0,BTBT
2025-01-13 06:30:00,3.13,3.13,3.13,3.13,7.0,BTBT
2025-01-13 06:29:00,3.13,3.13,3.13,3.13,1.0,BTBT
2025-01-13 06:25:00,3.14,3.14,3.14,3.14,583.0,BTBT
2025-01-13 06:24:00,3.13,3.13,3.13,3.13,155.0,BTBT
2025-01-13 06:23:00,3.12,3.12,3.12,3.12,7.0,BTBT
2025-01-13 06:22:00,3.13,3.135,3.13,3.13,5255.0,BTBT
2025-01-13 06:21:00,3.13,3.13,3.11,3.12,1474.0,BTBT
2025-01-13 06:16:00,3.13,3.13,3.13,3.13,2.0,BTBT
2025-01-13 06:15:00,3.13,3.13,3.13,3.13,100.0,BTBT
2025-01-13 06:12:00,3.14,3.14,3.14,3.14,3737.0,BTBT
2025-01-13 06:05:00,3.14,3.14,3.14,3.14,440.0,BTBT
2025-01-13 06:02:00,3.13,3.13,3.13,3.13,500.0,BTBT
2025-01-13 06:01:00,3.12,3.13,3.12,3.13,882.0,BTBT
2025-01-13 06:00:00,3.13,3.13,3.13,3.13,38.0,BTBT
2025-01-13 05:56:00,3.11,3.11,3.11,3.11,2810.0,BTBT
2025-01-13 05:55:00,3.11,3.11,3.11,3.11,10.0,BTBT
2025-01-13 05:54:00,3.11,3.11,3.11,3.11,1090.0,BTBT
2025-01-13 05:53:00,3.11,3.11,3.11,3.11,10.0,BTBT
2025-01-13 05:52:00,3.12,3.12,3.11,3.11,5742.0,BTBT
2025-01-13 05:50:00,3.12,3.12,3.11,3.11,1123.0,BTBT
2025-01-13 05:49:00,3.12,3.14,3.12,3.13,1925.0,BTBT
2025-01-13 05:48:00,3.15,3.15,3.13,3.13,3040.0,BTBT
2025-01-13 05:47:00,3.14,3.16,3.14,3.16,2165.0,BTBT
2025-01-13 05:43:00,3.13,3.13,3.13,3.13,1.0,BTBT
2025-01-13 05:42:00,3.13,3.13,3.13,3.13,100.0,BTBT
2025-01-13 05:41:00,3.12,3.12,3.12,3.12,70.0,BTBT
2025-01-13 05:40:00,3.13,3.13,3.12,3.12,2000.0,BTBT
2025-01-13 05:39:00,3.13,3.14,3.12,3.13,3104.0,BTBT
2025-01-13 05:38:00,3.145,3.145,3.14,3.14,1690.0,BTBT
2025-01-13 05:37:00,3.14,3.14,3.14,3.14,335.0,BTBT
2025-01-13 05:36:00,3.18,3.18,3.14,3.14,6009.0,BTBT
2025-01-13 05:35:00,3.19,3.19,3.19,3.19,1030.0,BTBT
2025-01-13 05:33:00,3.19,3.19,3.19,3.19,2497.0,BTBT
2025-01-13 05:32:00,3.19,3.19,3.19,3.19,993.0,BTBT
2025-01-13 05:31:00,3.2,3.2,3.2,3.2,1.0,BTBT
2025-01-13 05:27:00,3.2,3.2,3.2,3.2,118.0,BTBT
2025-01-13 05:26:00,3.2,3.2,3.2,3.2,100.0,BTBT
2025-01-13 05:25:00,3.2,3.2,3.2,3.2,374.0,BTBT
2025-01-13 05:24:00,3.2,3.2,3.2,3.2,500.0,BTBT
2025-01-13 05:22:00,3.2,3.2,3.2,3.2,3100.0,BTBT
2025-01-13 05:21:00,3.2,3.2,3.2,3.2,100.0,BTBT
2025-01-13 05:20:00,3.2,3.2,3.2,3.2,200.0,BTBT
2025-01-13 05:05:00,3.2,3.21,3.2,3.2,350.0,BTBT
2025-01-13 05:03:00,3.2,3.21,3.2,3.21,1960.0,BTBT
2025-01-13 05:01:00,3.23,3.23,3.23,3.23,7.0,BTBT
2025-01-13 05:00:00,3.23,3.23,3.23,3.23,23.0,BTBT
2025-01-13 04:59:00,3.23,3.23,3.23,3.23,10.0,BTBT
2025-01-13 04:57:00,3.21,3.21,3.21,3.21,100.0,BTBT
2025-01-13 04:54:00,3.2,3.21,3.2,3.21,197.0,BTBT
2025-01-13 04:49:00,3.2,3.2,3.2,3.2,750.0,BTBT
2025-01-13 04:48:00,3.22,3.22,3.2,3.2,2904.0,BTBT
2025-01-13 04:47:00,3.23,3.23,3.23,3.23,25.0,BTBT
2025-01-13 04:42:00,3.23,3.23,3.23,3.23,619.0,BTBT
2025-01-13 04:40:00,3.21,3.21,3.21,3.21,202.0,BTBT
2025-01-13 04:37:00,3.18,3.21,3.18,3.21,566.0,BTBT
2025-01-13 04:36:00,3.21,3.21,3.21,3.21,6.0,BTBT
2025-01-13 04:34:00,3.17,3.17,3.17,3.17,100.0,BTBT
2025-01-13 04:33:00,3.21,3.21,3.16,3.16,3202.0,BTBT
2025-01-13 04:32:00,3.23,3.23,3.21,3.22,911.0,BTBT
2025-01-13 04:31:00,3.23,3.23,3.23,3.23,1366.0,BTBT
2025-01-13 04:30:00,3.24,3.25,3.24,3.25,3257.0,BTBT
2025-01-13 04:29:00,3.24,3.24,3.24,3.24,200.0,BTBT
2025-01-13 04:28:00,3.24,3.24,3.24,3.24,2803.0,BTBT
2025-01-13 04:26:00,3.23,3.23,3.23,3.23,30.0,BTBT
2025-01-13 04:25:00,3.24,3.24,3.24,3.24,1062.0,BTBT
2025-01-13 04:24:00,3.24,3.24,3.23,3.23,1000.0,BTBT
2025-01-13 04:23:00,3.23,3.26,3.22,3.26,6382.0,BTBT
2025-01-13 04:21:00,3.23,3.23,3.23,3.23,23.0,BTBT
2025-01-13 04:19:00,3.22,3.23,3.22,3.23,1299.0,BTBT
2025-01-13 04:18:00,3.2,3.22,3.2,3.22,5516.0,BTBT
2025-01-13 04:17:00,3.2,3.2,3.2,3.2,553.0,BTBT
2025-01-13 04:16:00,3.21,3.21,3.21,3.21,293.0,BTBT
2025-01-13 04:15:00,3.2,3.2,3.2,3.2,20.0,BTBT
2025-01-13 04:14:00,3.2,3.2,3.2,3.2,200.0,BTBT
2025-01-13 04:13:00,3.2,3.2,3.2,3.2,300.0,BTBT
2025-01-13 04:12:00,3.18,3.21,3.18,3.21,2687.0,BTBT
2025-01-13 04:11:00,3.19,3.205,3.18,3.2,6255.0,BTBT
2025-01-13 04:10:00,3.21,3.21,3.2,3.2,4126.0,BTBT
2025-01-13 04:09:00,3.21,3.21,3.21,3.21,2414.0,BTBT
2025-01-13 04:08:00,3.25,3.25,3.21,3.21,778.0,BTBT
2025-01-13 04:07:00,3.25,3.25,3.25,3.25,20.0,BTBT
2025-01-13 04:05:00,3.28,3.28,3.26,3.26,170.0,BTBT
2025-01-13 04:04:00,3.28,3.28,3.26,3.26,52.0,BTBT
2025-01-13 04:03:00,3.29,3.29,3.29,3.29,20.0,BTBT
2025-01-13 04:02:00,3.27,3.27,3.27,3.27,1.0,BTBT
2025-01-13 04:01:00,3.3,3.3,3.29,3.29,13.0,BTBT
2025-01-13 04:00:00,3.37,3.37,3.25,3.3,3162.0,BTBT
