date,1. open,2. high,3. low,4. close,5. volume,Ticker
2024-03-28 19:54:00,30.58,30.58,30.58,30.58,27.0,BTI
2024-03-28 19:51:00,30.59,30.59,30.59,30.59,0.0,BTI
2024-03-28 19:49:00,30.58,30.58,30.58,30.58,168.0,BTI
2024-03-28 19:46:00,30.555,30.555,30.555,30.555,0.0,BTI
2024-03-28 19:37:00,30.52,30.52,30.52,30.52,29.0,BTI
2024-03-28 19:31:00,30.58,30.58,30.58,30.58,2.0,BTI
2024-03-28 19:26:00,30.58,30.58,30.555,30.555,2.0,BTI
2024-03-28 19:19:00,30.52,30.52,30.52,30.52,53.0,BTI
2024-03-28 19:00:00,30.5,30.5,30.5,30.5,108205.0,BTI
2024-03-28 18:54:00,30.521,30.521,30.522,30.522,33.0,BTI
2024-03-28 18:42:00,30.58,30.58,30.58,30.58,19.0,BTI
2024-03-28 18:39:00,30.56,30.59,30.56,30.59,2131.0,BTI
2024-03-28 18:34:00,30.57,30.569,30.57,30.569,0.0,BTI
2024-03-28 18:30:00,30.5,30.5,30.5,30.5,108205.0,BTI
2024-03-28 18:15:00,30.57,30.57,30.57,30.57,1.0,BTI
2024-03-28 17:59:00,30.57,30.57,30.57,30.57,0.0,BTI
2024-03-28 17:43:00,30.52,30.52,30.52,30.52,4.0,BTI
2024-03-28 17:38:00,30.6,30.6,30.6,30.6,34.0,BTI
2024-03-28 17:35:00,30.5,30.5,30.5,30.5,93283.0,BTI
2024-03-28 17:29:00,30.58,30.58,30.565,30.565,16.0,BTI
2024-03-28 17:19:00,30.53,30.53,30.52,30.52,105.0,BTI
2024-03-28 17:16:00,30.56,30.56,30.56,30.56,96.0,BTI
2024-03-28 17:13:00,30.56,30.56,30.56,30.56,0.0,BTI
2024-03-28 17:10:00,30.55,30.55,30.55,30.55,17.0,BTI
2024-03-28 17:03:00,30.545,30.55,30.545,30.55,4.0,BTI
2024-03-28 17:01:00,30.55,30.55,30.55,30.55,101.0,BTI
2024-03-28 17:00:00,30.55,30.55,30.55,30.55,10.0,BTI
2024-03-28 16:58:00,30.52,30.52,30.52,30.52,29.0,BTI
2024-03-28 16:57:00,30.49,30.5,30.49,30.5,14.0,BTI
2024-03-28 16:56:00,30.52,30.52,30.52,30.52,0.0,BTI
2024-03-28 16:37:00,30.51,30.51,30.51,30.51,0.0,BTI
2024-03-28 16:28:00,30.46,30.46,30.46,30.46,0.0,BTI
2024-03-28 16:20:00,30.56,30.56,30.56,30.56,0.0,BTI
2024-03-28 16:16:00,30.56,30.56,30.56,30.56,0.0,BTI
2024-03-28 16:10:00,30.5,30.5,30.5,30.5,108205.0,BTI
2024-03-28 16:04:00,30.461,30.51,30.461,30.51,2.0,BTI
2024-03-28 16:03:00,30.5,30.5,30.5,30.5,253.0,BTI
2024-03-28 16:00:00,30.49,30.5,30.49,30.5,239671.0,BTI
2024-03-28 15:59:00,30.5,30.51,30.485,30.49,35498.0,BTI
2024-03-28 15:58:00,30.505,30.51,30.49,30.505,33322.0,BTI
2024-03-28 15:57:00,30.5,30.505,30.495,30.505,11344.0,BTI
2024-03-28 15:56:00,30.495,30.5,30.48,30.5,46958.0,BTI
2024-03-28 15:55:00,30.495,30.51,30.49,30.49,29825.0,BTI
2024-03-28 15:54:00,30.485,30.5,30.48,30.495,17161.0,BTI
2024-03-28 15:53:00,30.48,30.485,30.48,30.48,5467.0,BTI
2024-03-28 15:52:00,30.485,30.49,30.475,30.485,44295.0,BTI
2024-03-28 15:51:00,30.455,30.49,30.45,30.48,83698.0,BTI
2024-03-28 15:50:00,30.47,30.47,30.45,30.45,17485.0,BTI
2024-03-28 15:49:00,30.475,30.48,30.473,30.475,4460.0,BTI
2024-03-28 15:48:00,30.495,30.495,30.47,30.47,25189.0,BTI
2024-03-28 15:47:00,30.495,30.5,30.49,30.49,4348.0,BTI
2024-03-28 15:46:00,30.495,30.5,30.493,30.495,2334.0,BTI
2024-03-28 15:45:00,30.5,30.508,30.49,30.49,8960.0,BTI
2024-03-28 15:44:00,30.51,30.515,30.5,30.505,13871.0,BTI
2024-03-28 15:43:00,30.52,30.525,30.52,30.52,6524.0,BTI
2024-03-28 15:42:00,30.54,30.54,30.525,30.525,12346.0,BTI
2024-03-28 15:41:00,30.53,30.535,30.53,30.535,4519.0,BTI
2024-03-28 15:40:00,30.52,30.53,30.52,30.53,1799.0,BTI
2024-03-28 15:39:00,30.525,30.53,30.525,30.525,1982.0,BTI
2024-03-28 15:38:00,30.519,30.525,30.512,30.525,8872.0,BTI
2024-03-28 15:37:00,30.51,30.52,30.51,30.52,2550.0,BTI
2024-03-28 15:36:00,30.511,30.515,30.51,30.51,875.0,BTI
2024-03-28 15:35:00,30.51,30.515,30.51,30.515,2967.0,BTI
2024-03-28 15:34:00,30.515,30.52,30.51,30.51,1186.0,BTI
2024-03-28 15:33:00,30.51,30.51,30.51,30.51,202.0,BTI
2024-03-28 15:32:00,30.52,30.52,30.51,30.515,2530.0,BTI
2024-03-28 15:31:00,30.53,30.535,30.52,30.52,17662.0,BTI
2024-03-28 15:30:00,30.525,30.525,30.525,30.525,708.0,BTI
2024-03-28 15:29:00,30.52,30.52,30.52,30.52,960.0,BTI
2024-03-28 15:28:00,30.52,30.53,30.52,30.52,3185.0,BTI
2024-03-28 15:27:00,30.525,30.53,30.52,30.525,1347.0,BTI
2024-03-28 15:26:00,30.52,30.52,30.52,30.52,3095.0,BTI
2024-03-28 15:25:00,30.513,30.525,30.513,30.52,7571.0,BTI
2024-03-28 15:24:00,30.515,30.52,30.51,30.52,4358.0,BTI
2024-03-28 15:23:00,30.515,30.52,30.51,30.515,2174.0,BTI
2024-03-28 15:22:00,30.51,30.52,30.51,30.52,958.0,BTI
2024-03-28 15:21:00,30.52,30.52,30.52,30.52,1458.0,BTI
2024-03-28 15:20:00,30.52,30.52,30.511,30.515,643.0,BTI
2024-03-28 15:19:00,30.515,30.52,30.51,30.52,1301.0,BTI
2024-03-28 15:18:00,30.51,30.515,30.51,30.515,2006.0,BTI
2024-03-28 15:17:00,30.52,30.52,30.51,30.515,2729.0,BTI
2024-03-28 15:16:00,30.515,30.52,30.51,30.52,858.0,BTI
2024-03-28 15:15:00,30.515,30.52,30.51,30.515,4228.0,BTI
2024-03-28 15:14:00,30.51,30.515,30.51,30.515,556.0,BTI
2024-03-28 15:13:00,30.5,30.515,30.5,30.51,2384.0,BTI
2024-03-28 15:12:00,30.5,30.505,30.5,30.505,4337.0,BTI
2024-03-28 15:11:00,30.501,30.51,30.5,30.5,4748.0,BTI
2024-03-28 15:10:00,30.505,30.505,30.505,30.505,1015.0,BTI
2024-03-28 15:09:00,30.49,30.51,30.49,30.51,8235.0,BTI
2024-03-28 15:08:00,30.495,30.495,30.49,30.495,1286.0,BTI
2024-03-28 15:07:00,30.49,30.495,30.49,30.495,1586.0,BTI
2024-03-28 15:06:00,30.49,30.495,30.49,30.49,2068.0,BTI
2024-03-28 15:05:00,30.49,30.495,30.49,30.49,2115.0,BTI
2024-03-28 15:04:00,30.495,30.499,30.49,30.49,4422.0,BTI
2024-03-28 15:03:00,30.493,30.5,30.49,30.495,6293.0,BTI
2024-03-28 15:02:00,30.51,30.52,30.49,30.49,9644.0,BTI
2024-03-28 15:01:00,30.51,30.51,30.505,30.505,880.0,BTI
2024-03-28 15:00:00,30.502,30.508,30.502,30.505,5918.0,BTI
2024-03-28 14:59:00,30.51,30.51,30.502,30.503,1757.0,BTI
2024-03-28 14:58:00,30.5,30.505,30.5,30.505,11160.0,BTI
2024-03-28 14:57:00,30.49,30.495,30.48,30.495,4401.0,BTI
2024-03-28 14:56:00,30.485,30.49,30.485,30.489,4380.0,BTI
2024-03-28 14:55:00,30.485,30.485,30.485,30.485,425.0,BTI
2024-03-28 14:54:00,30.48,30.485,30.48,30.485,596.0,BTI
2024-03-28 14:53:00,30.489,30.49,30.48,30.485,1021.0,BTI
2024-03-28 14:52:00,30.485,30.49,30.48,30.48,1523.0,BTI
2024-03-28 14:51:00,30.49,30.49,30.49,30.49,1384.0,BTI
2024-03-28 14:50:00,30.5,30.5,30.48,30.49,6467.0,BTI
2024-03-28 14:49:00,30.49,30.5,30.49,30.499,1555.0,BTI
2024-03-28 14:48:00,30.5,30.51,30.49,30.5,7184.0,BTI
2024-03-28 14:47:00,30.51,30.518,30.51,30.51,2713.0,BTI
2024-03-28 14:46:00,30.511,30.52,30.511,30.52,9179.0,BTI
2024-03-28 14:45:00,30.52,30.52,30.515,30.52,2023.0,BTI
2024-03-28 14:44:00,30.512,30.52,30.512,30.513,5499.0,BTI
2024-03-28 14:43:00,30.51,30.515,30.51,30.515,1479.0,BTI
2024-03-28 14:42:00,30.52,30.52,30.515,30.515,6034.0,BTI
2024-03-28 14:41:00,30.53,30.53,30.52,30.53,1591.0,BTI
2024-03-28 14:40:00,30.525,30.53,30.522,30.525,1001.0,BTI
2024-03-28 14:38:00,30.525,30.53,30.52,30.525,5349.0,BTI
2024-03-28 14:37:00,30.525,30.53,30.525,30.53,2108.0,BTI
2024-03-28 14:36:00,30.525,30.53,30.525,30.53,2791.0,BTI
2024-03-28 14:34:00,30.52,30.52,30.52,30.52,674.0,BTI
2024-03-28 14:33:00,30.53,30.535,30.52,30.53,6135.0,BTI
2024-03-28 14:31:00,30.535,30.535,30.525,30.53,5989.0,BTI
2024-03-28 14:30:00,30.53,30.53,30.53,30.53,670.0,BTI
2024-03-28 14:29:00,30.545,30.545,30.53,30.53,8834.0,BTI
2024-03-28 14:28:00,30.54,30.55,30.54,30.55,1143.0,BTI
2024-03-28 14:27:00,30.54,30.55,30.54,30.54,1534.0,BTI
2024-03-28 14:26:00,30.545,30.55,30.545,30.55,4990.0,BTI
2024-03-28 14:25:00,30.545,30.549,30.545,30.549,969.0,BTI
2024-03-28 14:24:00,30.55,30.55,30.545,30.55,761.0,BTI
2024-03-28 14:23:00,30.549,30.549,30.54,30.54,4076.0,BTI
2024-03-28 14:22:00,30.552,30.552,30.54,30.54,6104.0,BTI
2024-03-28 14:21:00,30.55,30.56,30.545,30.55,9327.0,BTI
2024-03-28 14:20:00,30.552,30.56,30.552,30.555,2867.0,BTI
2024-03-28 14:19:00,30.57,30.57,30.55,30.56,11916.0,BTI
2024-03-28 14:18:00,30.57,30.58,30.57,30.57,1196.0,BTI
2024-03-28 14:17:00,30.58,30.585,30.58,30.58,9691.0,BTI
2024-03-28 14:16:00,30.58,30.58,30.571,30.571,846.0,BTI
2024-03-28 14:15:00,30.575,30.575,30.575,30.575,350.0,BTI
2024-03-28 14:14:00,30.59,30.595,30.58,30.58,15049.0,BTI
2024-03-28 14:13:00,30.59,30.59,30.59,30.59,1541.0,BTI
2024-03-28 14:12:00,30.594,30.595,30.594,30.595,615.0,BTI
2024-03-28 14:11:00,30.6,30.605,30.59,30.596,26734.0,BTI
2024-03-28 14:10:00,30.594,30.6,30.594,30.6,699.0,BTI
2024-03-28 14:09:00,30.6,30.6,30.6,30.6,1423.0,BTI
2024-03-28 14:08:00,30.6,30.6,30.59,30.6,4532.0,BTI
2024-03-28 14:07:00,30.6,30.6,30.594,30.595,3111.0,BTI
2024-03-28 14:06:00,30.595,30.595,30.595,30.595,492.0,BTI
2024-03-28 14:05:00,30.6,30.6,30.59,30.6,1410.0,BTI
2024-03-28 14:04:00,30.595,30.6,30.59,30.6,3370.0,BTI
2024-03-28 14:03:00,30.595,30.6,30.595,30.595,2644.0,BTI
2024-03-28 14:02:00,30.595,30.6,30.59,30.595,7409.0,BTI
2024-03-28 14:01:00,30.6,30.6,30.59,30.595,19623.0,BTI
2024-03-28 14:00:00,30.59,30.595,30.587,30.595,6298.0,BTI
2024-03-28 13:59:00,30.58,30.585,30.58,30.58,2887.0,BTI
2024-03-28 13:58:00,30.585,30.588,30.585,30.585,2030.0,BTI
2024-03-28 13:57:00,30.575,30.585,30.575,30.585,4826.0,BTI
2024-03-28 13:56:00,30.571,30.58,30.57,30.575,3354.0,BTI
2024-03-28 13:55:00,30.58,30.58,30.57,30.58,1547.0,BTI
2024-03-28 13:54:00,30.58,30.58,30.57,30.575,2014.0,BTI
2024-03-28 13:53:00,30.573,30.58,30.57,30.575,10097.0,BTI
2024-03-28 13:52:00,30.575,30.58,30.575,30.58,992.0,BTI
2024-03-28 13:51:00,30.579,30.58,30.575,30.58,1094.0,BTI
2024-03-28 13:50:00,30.57,30.575,30.57,30.575,5386.0,BTI
2024-03-28 13:49:00,30.55,30.57,30.55,30.565,26594.0,BTI
2024-03-28 13:48:00,30.555,30.555,30.555,30.555,2199.0,BTI
2024-03-28 13:47:00,30.535,30.555,30.535,30.555,8248.0,BTI
2024-03-28 13:46:00,30.54,30.54,30.535,30.535,1939.0,BTI
2024-03-28 13:45:00,30.535,30.54,30.532,30.533,1574.0,BTI
2024-03-28 13:44:00,30.535,30.535,30.535,30.535,221.0,BTI
2024-03-28 13:43:00,30.535,30.54,30.535,30.54,2068.0,BTI
2024-03-28 13:42:00,30.535,30.535,30.535,30.535,650.0,BTI
2024-03-28 13:41:00,30.535,30.535,30.53,30.53,544.0,BTI
2024-03-28 13:40:00,30.54,30.54,30.53,30.535,9350.0,BTI
2024-03-28 13:39:00,30.545,30.55,30.545,30.545,6212.0,BTI
2024-03-28 13:38:00,30.549,30.55,30.545,30.545,1188.0,BTI
2024-03-28 13:37:00,30.545,30.55,30.54,30.55,2741.0,BTI
2024-03-28 13:36:00,30.545,30.55,30.54,30.545,6256.0,BTI
2024-03-28 13:35:00,30.54,30.55,30.54,30.55,881.0,BTI
2024-03-28 13:34:00,30.55,30.55,30.54,30.545,2009.0,BTI
2024-03-28 13:33:00,30.545,30.55,30.545,30.55,2569.0,BTI
2024-03-28 13:32:00,30.55,30.55,30.546,30.548,810.0,BTI
2024-03-28 13:31:00,30.55,30.55,30.545,30.545,897.0,BTI
2024-03-28 13:30:00,30.549,30.549,30.549,30.549,322.0,BTI
2024-03-28 13:29:00,30.544,30.55,30.544,30.55,637.0,BTI
2024-03-28 13:28:00,30.55,30.55,30.55,30.55,2953.0,BTI
2024-03-28 13:27:00,30.555,30.56,30.552,30.552,2950.0,BTI
2024-03-28 13:26:00,30.55,30.55,30.55,30.55,1476.0,BTI
2024-03-28 13:25:00,30.54,30.555,30.54,30.545,24764.0,BTI
2024-03-28 13:24:00,30.55,30.55,30.54,30.545,3121.0,BTI
2024-03-28 13:23:00,30.531,30.54,30.531,30.54,9523.0,BTI
2024-03-28 13:22:00,30.54,30.54,30.535,30.54,6744.0,BTI
2024-03-28 13:21:00,30.535,30.54,30.53,30.54,3496.0,BTI
2024-03-28 13:20:00,30.54,30.54,30.535,30.535,2799.0,BTI
2024-03-28 13:18:00,30.535,30.54,30.53,30.535,1412.0,BTI
2024-03-28 13:17:00,30.534,30.54,30.531,30.535,1902.0,BTI
2024-03-28 13:16:00,30.54,30.54,30.535,30.535,1804.0,BTI
2024-03-28 13:15:00,30.54,30.545,30.54,30.545,2044.0,BTI
2024-03-28 13:14:00,30.54,30.54,30.535,30.54,3616.0,BTI
2024-03-28 13:13:00,30.549,30.549,30.54,30.54,1530.0,BTI
2024-03-28 13:12:00,30.545,30.545,30.54,30.545,1981.0,BTI
2024-03-28 13:11:00,30.54,30.55,30.53,30.55,17522.0,BTI
2024-03-28 13:10:00,30.54,30.54,30.53,30.535,2033.0,BTI
2024-03-28 13:09:00,30.535,30.54,30.535,30.54,1628.0,BTI
2024-03-28 13:08:00,30.54,30.54,30.535,30.535,1352.0,BTI
2024-03-28 13:07:00,30.537,30.54,30.535,30.539,1766.0,BTI
2024-03-28 13:06:00,30.535,30.54,30.53,30.53,852.0,BTI
2024-03-28 13:05:00,30.52,30.535,30.52,30.53,14738.0,BTI
2024-03-28 13:04:00,30.515,30.52,30.51,30.52,3580.0,BTI
2024-03-28 13:03:00,30.52,30.52,30.511,30.515,1629.0,BTI
2024-03-28 13:02:00,30.52,30.52,30.51,30.52,2417.0,BTI
2024-03-28 13:01:00,30.511,30.52,30.511,30.515,3265.0,BTI
2024-03-28 13:00:00,30.51,30.519,30.51,30.519,1354.0,BTI
2024-03-28 12:59:00,30.515,30.519,30.515,30.515,1124.0,BTI
2024-03-28 12:58:00,30.52,30.52,30.515,30.515,1607.0,BTI
2024-03-28 12:57:00,30.53,30.53,30.52,30.52,2856.0,BTI
2024-03-28 12:56:00,30.535,30.54,30.53,30.53,4561.0,BTI
2024-03-28 12:55:00,30.515,30.54,30.515,30.538,14690.0,BTI
2024-03-28 12:54:00,30.52,30.525,30.515,30.515,10693.0,BTI
2024-03-28 12:53:00,30.525,30.53,30.525,30.525,2278.0,BTI
2024-03-28 12:52:00,30.52,30.525,30.52,30.52,1594.0,BTI
2024-03-28 12:51:00,30.525,30.53,30.52,30.53,1409.0,BTI
2024-03-28 12:50:00,30.528,30.528,30.528,30.528,377.0,BTI
2024-03-28 12:49:00,30.53,30.53,30.52,30.53,3338.0,BTI
2024-03-28 12:48:00,30.515,30.53,30.515,30.53,4441.0,BTI
2024-03-28 12:47:00,30.5,30.515,30.49,30.515,22916.0,BTI
2024-03-28 12:46:00,30.506,30.51,30.501,30.51,850.0,BTI
2024-03-28 12:45:00,30.52,30.52,30.505,30.509,3236.0,BTI
2024-03-28 12:44:00,30.515,30.515,30.515,30.515,364.0,BTI
2024-03-28 12:43:00,30.515,30.518,30.515,30.515,719.0,BTI
2024-03-28 12:42:00,30.51,30.515,30.51,30.515,1741.0,BTI
2024-03-28 12:41:00,30.495,30.51,30.495,30.51,9212.0,BTI
2024-03-28 12:40:00,30.49,30.49,30.49,30.49,1757.0,BTI
2024-03-28 12:39:00,30.491,30.5,30.491,30.5,2088.0,BTI
2024-03-28 12:38:00,30.51,30.51,30.49,30.49,15719.0,BTI
2024-03-28 12:37:00,30.52,30.52,30.5,30.5,27943.0,BTI
2024-03-28 12:36:00,30.52,30.53,30.52,30.52,26516.0,BTI
2024-03-28 12:35:00,30.53,30.53,30.525,30.525,3569.0,BTI
2024-03-28 12:34:00,30.52,30.535,30.52,30.53,11139.0,BTI
2024-03-28 12:33:00,30.525,30.525,30.52,30.52,2997.0,BTI
2024-03-28 12:32:00,30.509,30.525,30.5,30.52,17439.0,BTI
2024-03-28 12:31:00,30.52,30.52,30.505,30.505,1502.0,BTI
2024-03-28 12:30:00,30.55,30.55,30.525,30.525,4094.0,BTI
2024-03-28 12:29:00,30.54,30.56,30.54,30.55,5860.0,BTI
2024-03-28 12:28:00,30.53,30.54,30.53,30.54,45287.0,BTI
2024-03-28 12:27:00,30.555,30.555,30.54,30.54,12484.0,BTI
2024-03-28 12:26:00,30.555,30.57,30.555,30.56,65032.0,BTI
2024-03-28 12:25:00,30.54,30.56,30.535,30.55,19035.0,BTI
2024-03-28 12:24:00,30.534,30.54,30.53,30.53,1375.0,BTI
2024-03-28 12:23:00,30.525,30.53,30.525,30.53,15639.0,BTI
2024-03-28 12:22:00,30.52,30.53,30.52,30.52,11658.0,BTI
2024-03-28 12:21:00,30.52,30.52,30.51,30.515,14803.0,BTI
2024-03-28 12:20:00,30.519,30.52,30.515,30.515,4086.0,BTI
2024-03-28 12:19:00,30.519,30.52,30.505,30.51,7336.0,BTI
2024-03-28 12:18:00,30.51,30.52,30.51,30.515,3193.0,BTI
2024-03-28 12:17:00,30.529,30.53,30.51,30.51,7429.0,BTI
2024-03-28 12:16:00,30.545,30.545,30.52,30.525,14960.0,BTI
2024-03-28 12:15:00,30.54,30.548,30.54,30.543,3593.0,BTI
2024-03-28 12:14:00,30.55,30.55,30.531,30.531,4854.0,BTI
2024-03-28 12:13:00,30.54,30.55,30.54,30.54,3744.0,BTI
2024-03-28 12:12:00,30.525,30.54,30.525,30.54,6211.0,BTI
2024-03-28 12:11:00,30.542,30.545,30.535,30.54,6035.0,BTI
2024-03-28 12:10:00,30.54,30.54,30.54,30.54,501.0,BTI
2024-03-28 12:09:00,30.55,30.55,30.53,30.54,15870.0,BTI
2024-03-28 12:08:00,30.55,30.555,30.54,30.543,8378.0,BTI
2024-03-28 12:07:00,30.56,30.56,30.555,30.56,4337.0,BTI
2024-03-28 12:06:00,30.56,30.56,30.555,30.56,2493.0,BTI
2024-03-28 12:05:00,30.56,30.57,30.556,30.56,4168.0,BTI
2024-03-28 12:04:00,30.56,30.569,30.56,30.569,11513.0,BTI
2024-03-28 12:03:00,30.554,30.554,30.554,30.554,2500.0,BTI
2024-03-28 12:02:00,30.54,30.555,30.54,30.55,6041.0,BTI
2024-03-28 12:01:00,30.555,30.565,30.54,30.54,10942.0,BTI
2024-03-28 12:00:00,30.555,30.56,30.55,30.56,3411.0,BTI
2024-03-28 11:59:00,30.555,30.559,30.55,30.55,3994.0,BTI
2024-03-28 11:58:00,30.56,30.565,30.55,30.555,8419.0,BTI
2024-03-28 11:57:00,30.57,30.57,30.555,30.555,3660.0,BTI
2024-03-28 11:56:00,30.56,30.567,30.55,30.565,8615.0,BTI
2024-03-28 11:55:00,30.55,30.57,30.55,30.561,10350.0,BTI
2024-03-28 11:54:00,30.56,30.568,30.56,30.56,4830.0,BTI
2024-03-28 11:53:00,30.555,30.56,30.555,30.555,4200.0,BTI
2024-03-28 11:52:00,30.55,30.56,30.55,30.55,6402.0,BTI
2024-03-28 11:51:00,30.54,30.55,30.54,30.55,4790.0,BTI
2024-03-28 11:50:00,30.545,30.545,30.53,30.53,3830.0,BTI
2024-03-28 11:49:00,30.551,30.551,30.55,30.55,3441.0,BTI
2024-03-28 11:48:00,30.545,30.55,30.54,30.55,7482.0,BTI
2024-03-28 11:47:00,30.535,30.54,30.53,30.54,5110.0,BTI
2024-03-28 11:46:00,30.535,30.535,30.53,30.53,3625.0,BTI
2024-03-28 11:45:00,30.54,30.54,30.53,30.531,1623.0,BTI
2024-03-28 11:44:00,30.53,30.54,30.53,30.54,5648.0,BTI
2024-03-28 11:43:00,30.53,30.54,30.525,30.53,5637.0,BTI
2024-03-28 11:42:00,30.515,30.53,30.515,30.53,7182.0,BTI
2024-03-28 11:41:00,30.51,30.52,30.51,30.519,13756.0,BTI
2024-03-28 11:40:00,30.505,30.505,30.5,30.5,2972.0,BTI
2024-03-28 11:39:00,30.51,30.51,30.495,30.505,12568.0,BTI
2024-03-28 11:38:00,30.49,30.505,30.49,30.5,6005.0,BTI
2024-03-28 11:37:00,30.495,30.5,30.484,30.49,8745.0,BTI
2024-03-28 11:36:00,30.5,30.51,30.49,30.49,2939.0,BTI
2024-03-28 11:35:00,30.5,30.5,30.49,30.5,15276.0,BTI
2024-03-28 11:34:00,30.525,30.525,30.51,30.51,6872.0,BTI
2024-03-28 11:33:00,30.53,30.535,30.52,30.52,9843.0,BTI
2024-03-28 11:32:00,30.529,30.535,30.52,30.53,13151.0,BTI
2024-03-28 11:31:00,30.521,30.521,30.52,30.52,5364.0,BTI
2024-03-28 11:30:00,30.51,30.53,30.51,30.52,13640.0,BTI
2024-03-28 11:29:00,30.51,30.515,30.505,30.515,11131.0,BTI
2024-03-28 11:28:00,30.505,30.505,30.505,30.505,426.0,BTI
2024-03-28 11:27:00,30.5,30.506,30.495,30.506,2396.0,BTI
2024-03-28 11:26:00,30.51,30.51,30.5,30.5,3377.0,BTI
2024-03-28 11:25:00,30.51,30.515,30.51,30.51,2862.0,BTI
2024-03-28 11:24:00,30.5,30.52,30.5,30.51,11735.0,BTI
2024-03-28 11:23:00,30.5,30.506,30.495,30.505,15548.0,BTI
2024-03-28 11:22:00,30.52,30.52,30.5,30.5,7373.0,BTI
2024-03-28 11:21:00,30.524,30.525,30.52,30.52,8150.0,BTI
2024-03-28 11:20:00,30.505,30.525,30.5,30.525,7786.0,BTI
2024-03-28 11:19:00,30.51,30.52,30.51,30.51,16934.0,BTI
2024-03-28 11:18:00,30.51,30.52,30.51,30.51,19708.0,BTI
2024-03-28 11:17:00,30.51,30.53,30.51,30.51,15201.0,BTI
2024-03-28 11:16:00,30.5,30.515,30.5,30.508,10354.0,BTI
2024-03-28 11:15:00,30.49,30.5,30.481,30.5,8456.0,BTI
2024-03-28 11:14:00,30.495,30.5,30.48,30.495,9303.0,BTI
2024-03-28 11:13:00,30.5,30.505,30.49,30.5,12400.0,BTI
2024-03-28 11:12:00,30.504,30.51,30.495,30.5,8199.0,BTI
2024-03-28 11:11:00,30.519,30.519,30.5,30.505,20721.0,BTI
2024-03-28 11:10:00,30.535,30.535,30.51,30.51,9288.0,BTI
2024-03-28 11:09:00,30.53,30.54,30.53,30.53,3499.0,BTI
2024-03-28 11:08:00,30.54,30.54,30.52,30.53,9341.0,BTI
2024-03-28 11:07:00,30.55,30.55,30.54,30.54,20365.0,BTI
2024-03-28 11:06:00,30.555,30.555,30.535,30.54,27809.0,BTI
2024-03-28 11:05:00,30.56,30.56,30.55,30.555,3180.0,BTI
2024-03-28 11:04:00,30.55,30.555,30.545,30.55,2793.0,BTI
2024-03-28 11:03:00,30.55,30.557,30.55,30.55,3274.0,BTI
2024-03-28 11:02:00,30.55,30.558,30.54,30.555,12545.0,BTI
2024-03-28 11:01:00,30.558,30.558,30.555,30.555,4958.0,BTI
2024-03-28 11:00:00,30.55,30.56,30.55,30.55,3308.0,BTI
2024-03-28 10:59:00,30.55,30.56,30.55,30.555,860.0,BTI
2024-03-28 10:58:00,30.555,30.559,30.55,30.559,1835.0,BTI
2024-03-28 10:57:00,30.555,30.56,30.551,30.552,2951.0,BTI
2024-03-28 10:56:00,30.555,30.56,30.55,30.56,7250.0,BTI
2024-03-28 10:55:00,30.545,30.56,30.54,30.56,20652.0,BTI
2024-03-28 10:54:00,30.54,30.55,30.54,30.545,6072.0,BTI
2024-03-28 10:53:00,30.545,30.545,30.544,30.544,840.0,BTI
2024-03-28 10:52:00,30.545,30.55,30.54,30.55,6413.0,BTI
2024-03-28 10:51:00,30.55,30.55,30.53,30.54,5098.0,BTI
2024-03-28 10:50:00,30.53,30.54,30.53,30.54,6559.0,BTI
2024-03-28 10:49:00,30.53,30.55,30.525,30.53,14626.0,BTI
2024-03-28 10:48:00,30.513,30.53,30.5,30.52,20861.0,BTI
2024-03-28 10:47:00,30.52,30.52,30.52,30.52,4968.0,BTI
2024-03-28 10:46:00,30.515,30.525,30.511,30.52,3175.0,BTI
2024-03-28 10:45:00,30.51,30.519,30.51,30.519,3096.0,BTI
2024-03-28 10:44:00,30.51,30.51,30.51,30.51,1617.0,BTI
2024-03-28 10:43:00,30.5,30.51,30.5,30.51,3613.0,BTI
2024-03-28 10:42:00,30.52,30.52,30.5,30.5,17857.0,BTI
2024-03-28 10:41:00,30.52,30.526,30.515,30.526,3445.0,BTI
2024-03-28 10:40:00,30.52,30.525,30.52,30.526,5960.0,BTI
2024-03-28 10:39:00,30.505,30.51,30.5,30.51,7755.0,BTI
2024-03-28 10:38:00,30.5,30.505,30.5,30.501,7184.0,BTI
2024-03-28 10:37:00,30.49,30.5,30.49,30.5,1358.0,BTI
2024-03-28 10:36:00,30.5,30.5,30.485,30.49,3809.0,BTI
2024-03-28 10:35:00,30.5,30.506,30.5,30.506,2782.0,BTI
2024-03-28 10:34:00,30.49,30.5,30.49,30.5,3402.0,BTI
2024-03-28 10:33:00,30.485,30.495,30.485,30.495,5749.0,BTI
2024-03-28 10:32:00,30.485,30.49,30.48,30.485,6432.0,BTI
2024-03-28 10:31:00,30.48,30.489,30.48,30.489,3605.0,BTI
2024-03-28 10:30:00,30.47,30.48,30.47,30.48,4966.0,BTI
2024-03-28 10:29:00,30.48,30.49,30.46,30.47,13182.0,BTI
2024-03-28 10:28:00,30.49,30.49,30.48,30.48,1583.0,BTI
2024-03-28 10:27:00,30.48,30.485,30.47,30.48,2581.0,BTI
2024-03-28 10:26:00,30.48,30.485,30.48,30.48,3587.0,BTI
2024-03-28 10:25:00,30.48,30.49,30.475,30.48,4520.0,BTI
2024-03-28 10:24:00,30.48,30.48,30.48,30.48,1379.0,BTI
2024-03-28 10:23:00,30.48,30.48,30.48,30.48,979.0,BTI
2024-03-28 10:22:00,30.47,30.48,30.47,30.48,3599.0,BTI
2024-03-28 10:21:00,30.45,30.47,30.45,30.47,7647.0,BTI
2024-03-28 10:20:00,30.46,30.47,30.445,30.45,13446.0,BTI
2024-03-28 10:19:00,30.48,30.485,30.46,30.47,10450.0,BTI
2024-03-28 10:18:00,30.495,30.495,30.485,30.49,2871.0,BTI
2024-03-28 10:17:00,30.515,30.515,30.495,30.495,2144.0,BTI
2024-03-28 10:16:00,30.501,30.518,30.501,30.51,9629.0,BTI
2024-03-28 10:15:00,30.51,30.51,30.502,30.51,11036.0,BTI
2024-03-28 10:14:00,30.501,30.51,30.5,30.5,4562.0,BTI
2024-03-28 10:13:00,30.52,30.52,30.51,30.51,4730.0,BTI
2024-03-28 10:12:00,30.53,30.535,30.515,30.52,6949.0,BTI
2024-03-28 10:11:00,30.52,30.54,30.52,30.53,3239.0,BTI
2024-03-28 10:10:00,30.51,30.52,30.51,30.51,7898.0,BTI
2024-03-28 10:09:00,30.5,30.52,30.5,30.51,9523.0,BTI
2024-03-28 10:08:00,30.51,30.511,30.49,30.51,6911.0,BTI
2024-03-28 10:07:00,30.51,30.52,30.51,30.51,6563.0,BTI
2024-03-28 10:06:00,30.5,30.51,30.5,30.5,6007.0,BTI
2024-03-28 10:05:00,30.475,30.5,30.47,30.5,12021.0,BTI
2024-03-28 10:04:00,30.47,30.48,30.47,30.475,6172.0,BTI
2024-03-28 10:03:00,30.481,30.485,30.465,30.48,14157.0,BTI
2024-03-28 10:02:00,30.48,30.49,30.48,30.485,1907.0,BTI
2024-03-28 10:01:00,30.48,30.49,30.48,30.48,1643.0,BTI
2024-03-28 10:00:00,30.49,30.495,30.48,30.48,2588.0,BTI
2024-03-28 09:59:00,30.485,30.485,30.47,30.48,5499.0,BTI
2024-03-28 09:58:00,30.49,30.495,30.48,30.49,10669.0,BTI
2024-03-28 09:57:00,30.49,30.5,30.49,30.495,9196.0,BTI
2024-03-28 09:56:00,30.49,30.49,30.481,30.485,9328.0,BTI
2024-03-28 09:55:00,30.48,30.48,30.47,30.48,5631.0,BTI
2024-03-28 09:54:00,30.5,30.5,30.48,30.485,7482.0,BTI
2024-03-28 09:53:00,30.49,30.505,30.49,30.5,3612.0,BTI
2024-03-28 09:52:00,30.495,30.5,30.481,30.485,6082.0,BTI
2024-03-28 09:51:00,30.49,30.495,30.48,30.495,14614.0,BTI
2024-03-28 09:50:00,30.499,30.505,30.495,30.495,10779.0,BTI
2024-03-28 09:49:00,30.52,30.52,30.49,30.49,4642.0,BTI
2024-03-28 09:48:00,30.52,30.535,30.515,30.52,8607.0,BTI
2024-03-28 09:47:00,30.525,30.53,30.52,30.52,7843.0,BTI
2024-03-28 09:46:00,30.51,30.54,30.51,30.52,9596.0,BTI
2024-03-28 09:45:00,30.535,30.54,30.51,30.515,10715.0,BTI
2024-03-28 09:44:00,30.53,30.54,30.53,30.54,2277.0,BTI
2024-03-28 09:43:00,30.535,30.535,30.525,30.525,5584.0,BTI
2024-03-28 09:42:00,30.57,30.57,30.531,30.531,3404.0,BTI
2024-03-28 09:41:00,30.57,30.58,30.56,30.57,4063.0,BTI
2024-03-28 09:40:00,30.58,30.59,30.57,30.575,7400.0,BTI
2024-03-28 09:39:00,30.57,30.59,30.57,30.575,12659.0,BTI
2024-03-28 09:38:00,30.575,30.58,30.56,30.573,11288.0,BTI
2024-03-28 09:37:00,30.6,30.6,30.57,30.57,1988.0,BTI
2024-03-28 09:36:00,30.59,30.61,30.59,30.59,7096.0,BTI
2024-03-28 09:35:00,30.565,30.605,30.565,30.595,28545.0,BTI
2024-03-28 09:34:00,30.56,30.57,30.555,30.56,12275.0,BTI
2024-03-28 09:33:00,30.55,30.56,30.54,30.552,13238.0,BTI
2024-03-28 09:32:00,30.53,30.55,30.53,30.55,5967.0,BTI
2024-03-28 09:31:00,30.52,30.55,30.52,30.535,13401.0,BTI
2024-03-28 09:30:00,30.47,30.52,30.46,30.51,90080.0,BTI
2024-03-28 09:29:00,30.46,30.46,30.46,30.46,2043.0,BTI
2024-03-28 09:27:00,30.45,30.45,30.45,30.45,8.0,BTI
2024-03-28 09:24:00,30.48,30.48,30.46,30.46,27.0,BTI
2024-03-28 09:23:00,30.48,30.48,30.48,30.48,2.0,BTI
2024-03-28 09:21:00,30.48,30.48,30.48,30.48,4.0,BTI
2024-03-28 09:18:00,30.51,30.51,30.49,30.49,10.0,BTI
2024-03-28 09:17:00,30.51,30.51,30.51,30.51,9.0,BTI
2024-03-28 09:14:00,30.505,30.505,30.505,30.505,0.0,BTI
2024-03-28 09:12:00,30.51,30.51,30.5,30.5,2.0,BTI
2024-03-28 09:09:00,30.52,30.52,30.5,30.52,599.0,BTI
2024-03-28 09:08:00,30.52,30.52,30.52,30.52,484.0,BTI
2024-03-28 09:06:00,30.52,30.53,30.52,30.53,970.0,BTI
2024-03-28 09:05:00,30.53,30.53,30.53,30.53,193.0,BTI
2024-03-28 09:03:00,30.52,30.55,30.52,30.55,232.0,BTI
2024-03-28 09:01:00,30.53,30.53,30.53,30.53,55.0,BTI
2024-03-28 09:00:00,30.5,30.52,30.5,30.52,1890.0,BTI
2024-03-28 08:58:00,30.5,30.5,30.5,30.5,6348.0,BTI
2024-03-28 08:57:00,30.5,30.5,30.5,30.5,3487.0,BTI
2024-03-28 08:56:00,30.5,30.5,30.5,30.5,31.0,BTI
2024-03-28 08:51:00,30.49,30.49,30.49,30.49,0.0,BTI
2024-03-28 08:49:00,30.48,30.48,30.48,30.48,484.0,BTI
2024-03-28 08:45:00,30.49,30.49,30.49,30.49,9.0,BTI
2024-03-28 08:44:00,30.49,30.49,30.49,30.49,0.0,BTI
2024-03-28 08:40:00,30.48,30.48,30.48,30.48,11.0,BTI
2024-03-28 08:39:00,30.5,30.5,30.49,30.49,253.0,BTI
2024-03-28 08:38:00,30.5,30.5,30.495,30.495,2.0,BTI
2024-03-28 08:37:00,30.49,30.49,30.49,30.49,348.0,BTI
2024-03-28 08:36:00,30.49,30.49,30.49,30.49,29.0,BTI
2024-03-28 08:35:00,30.49,30.49,30.49,30.49,0.0,BTI
2024-03-28 08:33:00,30.48,30.48,30.48,30.48,122.0,BTI
2024-03-28 08:31:00,30.47,30.47,30.47,30.47,968.0,BTI
2024-03-28 08:30:00,30.47,30.47,30.47,30.47,17.0,BTI
2024-03-28 08:29:00,30.47,30.47,30.47,30.47,21.0,BTI
2024-03-28 08:23:00,30.46,30.46,30.46,30.46,0.0,BTI
2024-03-28 08:22:00,30.48,30.48,30.48,30.48,219.0,BTI
2024-03-28 08:18:00,30.451,30.45,30.45,30.45,107.0,BTI
2024-03-28 08:11:00,30.48,30.48,30.48,30.48,24.0,BTI
2024-03-28 08:10:00,30.48,30.48,30.48,30.48,6.0,BTI
2024-03-28 08:08:00,30.47,30.47,30.47,30.47,9.0,BTI
2024-03-28 08:07:00,30.47,30.47,30.47,30.47,4.0,BTI
2024-03-28 08:06:00,30.47,30.47,30.47,30.47,10.0,BTI
2024-03-28 08:05:00,30.47,30.47,30.47,30.47,24.0,BTI
2024-03-28 08:04:00,30.47,30.47,30.34,30.34,222.0,BTI
2024-03-28 08:03:00,30.34,30.47,30.34,30.47,16.0,BTI
2024-03-28 08:02:00,30.45,30.45,30.3,30.45,205.0,BTI
2024-03-28 08:01:00,30.475,30.475,30.34,30.34,1.0,BTI
2024-03-28 08:00:00,30.44,30.5,30.42,30.42,853.0,BTI
2024-03-28 07:50:00,30.47,30.47,30.47,30.47,48.0,BTI
2024-03-28 07:47:00,30.45,30.45,30.45,30.45,464.0,BTI
2024-03-28 07:41:00,30.45,30.45,30.45,30.45,19.0,BTI
2024-03-28 07:33:00,30.45,30.45,30.45,30.45,3624.0,BTI
2024-03-28 07:31:00,30.46,30.46,30.46,30.46,47.0,BTI
2024-03-28 07:30:00,30.46,30.46,30.46,30.46,1065.0,BTI
2024-03-28 07:29:00,30.46,30.46,30.46,30.46,1972.0,BTI
2024-03-28 07:15:00,30.47,30.47,30.47,30.47,193.0,BTI
2024-03-28 07:14:00,30.47,30.47,30.47,30.47,1048.0,BTI
2024-03-28 07:10:00,30.46,30.46,30.46,30.46,484.0,BTI
2024-03-28 07:08:00,30.47,30.47,30.46,30.46,908.0,BTI
2024-03-28 07:03:00,30.49,30.49,30.49,30.49,9.0,BTI
2024-03-28 07:00:00,30.48,30.49,30.48,30.48,2723.0,BTI
2024-03-28 06:56:00,30.48,30.48,30.48,30.48,2857.0,BTI
2024-03-28 06:49:00,30.5,30.5,30.5,30.5,48.0,BTI
2024-03-28 06:44:00,30.56,30.56,30.56,30.56,349.0,BTI
2024-03-28 06:43:00,30.56,30.56,30.56,30.56,871.0,BTI
2024-03-28 06:40:00,30.56,30.56,30.56,30.56,1903.0,BTI
2024-03-28 06:39:00,30.56,30.56,30.56,30.56,484.0,BTI
2024-03-28 06:37:00,30.56,30.56,30.56,30.56,18.0,BTI
2024-03-28 06:33:00,30.55,30.55,30.55,30.55,9.0,BTI
2024-03-28 06:32:00,30.51,30.55,30.51,30.55,24.0,BTI
2024-03-28 06:31:00,30.51,30.51,30.51,30.51,240.0,BTI
2024-03-28 06:30:00,30.49,30.51,30.49,30.51,678.0,BTI
2024-03-28 06:23:00,30.49,30.49,30.49,30.49,639.0,BTI
2024-03-28 06:19:00,30.5,30.5,30.5,30.5,0.0,BTI
2024-03-28 06:18:00,30.49,30.49,30.49,30.49,940.0,BTI
2024-03-28 06:12:00,30.46,30.46,30.46,30.46,96.0,BTI
2024-03-28 06:03:00,30.46,30.46,30.46,30.46,2.0,BTI
2024-03-28 05:40:00,30.47,30.48,30.47,30.48,2139.0,BTI
2024-03-28 05:39:00,30.46,30.47,30.46,30.47,61.0,BTI
2024-03-28 05:36:00,30.42,30.42,30.42,30.42,9.0,BTI
2024-03-28 05:35:00,30.41,30.41,30.41,30.41,4.0,BTI
2024-03-28 05:30:00,30.4,30.4,30.4,30.4,96.0,BTI
2024-03-28 05:29:00,30.35,30.35,30.35,30.35,484.0,BTI
2024-03-28 05:19:00,30.37,30.38,30.37,30.38,3885.0,BTI
2024-03-28 05:16:00,30.38,30.38,30.38,30.38,134.0,BTI
2024-03-28 05:08:00,30.43,30.43,30.43,30.43,5.0,BTI
2024-03-28 05:06:00,30.43,30.43,30.43,30.43,96.0,BTI
2024-03-28 05:05:00,30.42,30.42,30.42,30.42,318.0,BTI
2024-03-28 05:04:00,30.42,30.42,30.42,30.42,262.0,BTI
2024-03-28 05:03:00,30.43,30.43,30.43,30.43,146.0,BTI
2024-03-28 04:59:00,30.42,30.42,30.42,30.42,92.0,BTI
2024-03-28 04:58:00,30.42,30.42,30.42,30.42,48.0,BTI
2024-03-28 04:56:00,30.45,30.45,30.45,30.45,3.0,BTI
2024-03-28 04:53:00,30.44,30.44,30.44,30.44,103.0,BTI
2024-03-28 04:51:00,30.42,30.42,30.42,30.42,11.0,BTI
2024-03-28 04:47:00,30.4,30.4,30.4,30.4,5666.0,BTI
2024-03-28 04:41:00,30.41,30.41,30.41,30.41,96.0,BTI
2024-03-28 04:40:00,30.43,30.44,30.43,30.44,9686.0,BTI
2024-03-28 04:35:00,30.45,30.45,30.45,30.45,22.0,BTI
2024-03-28 04:20:00,30.47,30.47,30.47,30.47,290.0,BTI
2024-03-28 04:19:00,30.49,30.49,30.49,30.49,38.0,BTI
2024-03-28 04:16:00,30.48,30.48,30.48,30.48,116.0,BTI
2024-03-28 04:15:00,30.45,30.48,30.45,30.48,219.0,BTI
2024-03-28 04:13:00,30.44,30.44,30.44,30.44,193.0,BTI
2024-03-28 04:12:00,30.43,30.44,30.43,30.44,745.0,BTI
2024-03-28 04:11:00,30.39,30.4,30.39,30.39,1134.0,BTI
2024-03-28 04:10:00,30.37,30.37,30.37,30.37,1505.0,BTI
2024-03-28 04:09:00,30.35,30.35,30.35,30.35,968.0,BTI
2024-03-28 04:07:00,30.27,30.27,30.27,30.27,174.0,BTI
2024-03-28 04:00:00,30.28,30.28,30.28,30.28,6.0,BTI
2024-03-27 19:35:00,30.28,30.28,30.28,30.28,207.0,BTI
2024-03-27 19:33:00,30.25,30.25,30.25,30.25,213.0,BTI
2024-03-27 19:26:00,30.28,30.28,30.28,30.28,5.0,BTI
2024-03-27 19:25:00,30.28,30.28,30.28,30.28,0.0,BTI
2024-03-27 19:23:00,30.279,30.279,30.279,30.279,0.0,BTI
2024-03-27 19:22:00,30.28,30.28,30.26,30.26,99.0,BTI
2024-03-27 19:21:00,30.28,30.28,30.26,30.26,69.0,BTI
2024-03-27 19:19:00,30.29,30.29,30.25,30.25,5.0,BTI
2024-03-27 19:18:00,30.29,30.29,30.29,30.29,34.0,BTI
2024-03-27 19:15:00,30.3,30.3,30.3,30.3,0.0,BTI
2024-03-27 19:00:00,30.34,30.34,30.28,30.28,118667.0,BTI
2024-03-27 18:45:00,30.3,30.3,30.275,30.275,3.0,BTI
2024-03-27 18:41:00,30.26,30.26,30.25,30.25,330.0,BTI
2024-03-27 18:40:00,30.3,30.3,30.3,30.3,1.0,BTI
2024-03-27 18:30:00,30.34,30.34,30.34,30.34,118663.0,BTI
2024-03-27 18:15:00,30.275,30.275,30.275,30.275,0.0,BTI
2024-03-27 18:11:00,30.3,30.3,30.3,30.3,19.0,BTI
2024-03-27 18:07:00,30.275,30.275,30.275,30.275,0.0,BTI
2024-03-27 17:59:00,30.3,30.3,30.3,30.3,20.0,BTI
2024-03-27 17:38:00,30.298,30.298,30.298,30.298,19.0,BTI
2024-03-27 17:34:00,30.3,30.3,30.3,30.3,0.0,BTI
2024-03-27 17:33:00,30.34,30.34,30.34,30.34,126702.0,BTI
2024-03-27 17:26:00,30.26,30.26,30.26,30.26,4.0,BTI
2024-03-27 17:25:00,30.3,30.3,30.3,30.3,0.0,BTI
2024-03-27 17:13:00,30.3,30.3,30.3,30.3,0.0,BTI
2024-03-27 17:11:00,30.3,30.3,30.3,30.3,48.0,BTI
2024-03-27 17:05:00,30.29,30.29,30.29,30.29,4.0,BTI
2024-03-27 17:03:00,30.299,30.298,30.275,30.275,2.0,BTI
2024-03-27 17:02:00,30.29,30.29,30.29,30.29,0.0,BTI
2024-03-27 17:01:00,30.252,30.252,30.252,30.252,77.0,BTI
2024-03-27 17:00:00,30.28,30.28,30.28,30.28,9.0,BTI
2024-03-27 16:59:00,30.29,30.29,30.275,30.275,6.0,BTI
2024-03-27 16:58:00,30.25,30.25,30.25,30.25,46.0,BTI
2024-03-27 16:57:00,30.26,30.26,30.25,30.25,387.0,BTI
2024-03-27 16:43:00,30.2,30.2,30.2,30.2,401.0,BTI
2024-03-27 16:34:00,30.28,30.28,30.25,30.25,484.0,BTI
2024-03-27 16:26:00,30.25,30.25,30.25,30.25,87.0,BTI
2024-03-27 16:25:00,30.3,30.3,30.3,30.3,1.0,BTI
2024-03-27 16:24:00,30.28,30.28,30.28,30.28,9.0,BTI
2024-03-27 16:16:00,30.28,30.28,30.28,30.28,4.0,BTI
2024-03-27 16:15:00,30.28,30.28,30.28,30.28,193.0,BTI
2024-03-27 16:14:00,30.3,30.3,30.29,30.29,405.0,BTI
2024-03-27 16:13:00,30.3,30.3,30.3,30.3,48.0,BTI
2024-03-27 16:11:00,30.3,30.3,30.3,30.3,5.0,BTI
2024-03-27 16:10:00,30.34,30.34,30.34,30.34,118663.0,BTI
2024-03-27 16:09:00,30.3,30.3,30.3,30.3,9.0,BTI
2024-03-27 16:05:00,30.3,30.3,30.3,30.3,0.0,BTI
2024-03-27 16:00:00,30.34,30.34,30.34,30.34,279627.0,BTI
2024-03-27 15:59:00,30.325,30.35,30.325,30.35,87114.0,BTI
2024-03-27 15:58:00,30.32,30.33,30.32,30.33,8697.0,BTI
2024-03-27 15:57:00,30.3,30.32,30.3,30.32,24551.0,BTI
2024-03-27 15:56:00,30.3,30.3,30.29,30.3,45533.0,BTI
2024-03-27 15:55:00,30.3,30.3,30.295,30.295,5202.0,BTI
2024-03-27 15:54:00,30.295,30.305,30.29,30.295,36160.0,BTI
2024-03-27 15:53:00,30.275,30.295,30.275,30.295,27269.0,BTI
2024-03-27 15:52:00,30.275,30.28,30.27,30.275,9377.0,BTI
2024-03-27 15:51:00,30.27,30.28,30.265,30.275,14861.0,BTI
2024-03-27 15:50:00,30.26,30.275,30.255,30.265,35436.0,BTI
2024-03-27 15:49:00,30.255,30.258,30.25,30.25,3266.0,BTI
2024-03-27 15:48:00,30.251,30.255,30.245,30.255,36567.0,BTI
2024-03-27 15:47:00,30.255,30.26,30.25,30.25,2841.0,BTI
2024-03-27 15:46:00,30.26,30.26,30.25,30.25,8733.0,BTI
2024-03-27 15:45:00,30.262,30.27,30.26,30.26,6084.0,BTI
2024-03-27 15:44:00,30.26,30.27,30.26,30.265,4803.0,BTI
2024-03-27 15:43:00,30.265,30.265,30.26,30.265,3960.0,BTI
2024-03-27 15:42:00,30.27,30.271,30.26,30.269,10629.0,BTI
2024-03-27 15:41:00,30.26,30.278,30.26,30.27,16037.0,BTI
2024-03-27 15:40:00,30.28,30.28,30.26,30.265,32209.0,BTI
2024-03-27 15:39:00,30.275,30.28,30.275,30.275,1784.0,BTI
2024-03-27 15:38:00,30.285,30.285,30.27,30.275,12917.0,BTI
2024-03-27 15:37:00,30.295,30.295,30.28,30.28,10253.0,BTI
2024-03-27 15:36:00,30.295,30.3,30.292,30.292,1577.0,BTI
2024-03-27 15:35:00,30.295,30.3,30.29,30.3,6499.0,BTI
2024-03-27 15:34:00,30.285,30.3,30.28,30.295,13122.0,BTI
2024-03-27 15:33:00,30.275,30.29,30.272,30.285,6210.0,BTI
2024-03-27 15:32:00,30.268,30.275,30.265,30.275,7480.0,BTI
2024-03-27 15:31:00,30.265,30.27,30.265,30.265,2709.0,BTI
2024-03-27 15:30:00,30.265,30.266,30.262,30.262,699.0,BTI
2024-03-27 15:29:00,30.265,30.27,30.263,30.27,2381.0,BTI
2024-03-27 15:28:00,30.265,30.265,30.261,30.265,1544.0,BTI
2024-03-27 15:27:00,30.255,30.269,30.255,30.265,13747.0,BTI
2024-03-27 15:26:00,30.26,30.26,30.25,30.25,2104.0,BTI
2024-03-27 15:25:00,30.255,30.255,30.255,30.255,981.0,BTI
2024-03-27 15:24:00,30.253,30.26,30.253,30.255,1453.0,BTI
2024-03-27 15:23:00,30.249,30.26,30.249,30.26,22151.0,BTI
2024-03-27 15:22:00,30.245,30.245,30.242,30.245,3043.0,BTI
2024-03-27 15:21:00,30.245,30.25,30.24,30.245,7283.0,BTI
2024-03-27 15:20:00,30.245,30.25,30.24,30.246,2902.0,BTI
2024-03-27 15:19:00,30.245,30.245,30.241,30.245,3092.0,BTI
2024-03-27 15:18:00,30.245,30.25,30.245,30.25,4134.0,BTI
2024-03-27 15:17:00,30.255,30.255,30.24,30.24,7752.0,BTI
2024-03-27 15:15:00,30.258,30.26,30.25,30.26,1168.0,BTI
2024-03-27 15:14:00,30.26,30.26,30.25,30.255,1752.0,BTI
2024-03-27 15:13:00,30.255,30.255,30.255,30.255,779.0,BTI
2024-03-27 15:12:00,30.25,30.255,30.25,30.255,1060.0,BTI
2024-03-27 15:11:00,30.25,30.25,30.245,30.25,11786.0,BTI
2024-03-27 15:10:00,30.245,30.25,30.245,30.25,1610.0,BTI
2024-03-27 15:09:00,30.25,30.25,30.245,30.245,5827.0,BTI
2024-03-27 15:08:00,30.248,30.26,30.248,30.26,4073.0,BTI
2024-03-27 15:07:00,30.25,30.25,30.245,30.245,8134.0,BTI
2024-03-27 15:06:00,30.255,30.255,30.251,30.255,1279.0,BTI
2024-03-27 15:05:00,30.245,30.259,30.245,30.255,7283.0,BTI
2024-03-27 15:04:00,30.245,30.245,30.24,30.245,5644.0,BTI
2024-03-27 15:03:00,30.249,30.249,30.242,30.245,1078.0,BTI
2024-03-27 15:02:00,30.245,30.245,30.245,30.245,936.0,BTI
2024-03-27 15:01:00,30.245,30.249,30.245,30.249,790.0,BTI
2024-03-27 15:00:00,30.245,30.245,30.245,30.245,454.0,BTI
2024-03-27 14:59:00,30.245,30.245,30.245,30.245,633.0,BTI
2024-03-27 14:58:00,30.24,30.245,30.24,30.245,1268.0,BTI
2024-03-27 14:57:00,30.241,30.248,30.24,30.245,5817.0,BTI
2024-03-27 14:56:00,30.24,30.245,30.235,30.245,4426.0,BTI
2024-03-27 14:55:00,30.23,30.238,30.23,30.238,958.0,BTI
2024-03-27 14:54:00,30.231,30.235,30.231,30.235,422.0,BTI
2024-03-27 14:53:00,30.235,30.235,30.232,30.232,391.0,BTI
2024-03-27 14:51:00,30.24,30.24,30.24,30.24,337.0,BTI
2024-03-27 14:50:00,30.23,30.235,30.23,30.235,6649.0,BTI
2024-03-27 14:49:00,30.225,30.235,30.225,30.23,6550.0,BTI
2024-03-27 14:48:00,30.225,30.225,30.224,30.224,491.0,BTI
2024-03-27 14:47:00,30.225,30.23,30.225,30.225,989.0,BTI
2024-03-27 14:46:00,30.23,30.23,30.23,30.23,4826.0,BTI
2024-03-27 14:45:00,30.24,30.24,30.23,30.23,5597.0,BTI
2024-03-27 14:44:00,30.245,30.245,30.245,30.245,1740.0,BTI
2024-03-27 14:43:00,30.245,30.245,30.245,30.245,575.0,BTI
2024-03-27 14:42:00,30.24,30.242,30.235,30.242,8540.0,BTI
2024-03-27 14:41:00,30.23,30.23,30.23,30.23,194.0,BTI
2024-03-27 14:40:00,30.24,30.24,30.235,30.235,2142.0,BTI
2024-03-27 14:39:00,30.24,30.245,30.24,30.245,2393.0,BTI
2024-03-27 14:38:00,30.245,30.245,30.245,30.245,527.0,BTI
2024-03-27 14:37:00,30.245,30.245,30.245,30.245,235.0,BTI
2024-03-27 14:36:00,30.243,30.248,30.243,30.248,380.0,BTI
2024-03-27 14:35:00,30.25,30.25,30.245,30.245,1004.0,BTI
2024-03-27 14:34:00,30.255,30.255,30.24,30.25,5914.0,BTI
2024-03-27 14:33:00,30.255,30.26,30.25,30.255,3402.0,BTI
2024-03-27 14:32:00,30.255,30.255,30.255,30.255,712.0,BTI
2024-03-27 14:31:00,30.259,30.259,30.259,30.259,3150.0,BTI
2024-03-27 14:30:00,30.25,30.255,30.25,30.255,6533.0,BTI
2024-03-27 14:29:00,30.245,30.245,30.245,30.245,226.0,BTI
2024-03-27 14:28:00,30.25,30.25,30.25,30.25,511.0,BTI
2024-03-27 14:27:00,30.24,30.25,30.24,30.25,5003.0,BTI
2024-03-27 14:26:00,30.239,30.24,30.239,30.24,469.0,BTI
2024-03-27 14:25:00,30.235,30.235,30.235,30.235,528.0,BTI
2024-03-27 14:23:00,30.25,30.25,30.232,30.24,8207.0,BTI
2024-03-27 14:22:00,30.24,30.255,30.24,30.255,6784.0,BTI
2024-03-27 14:21:00,30.25,30.25,30.245,30.245,780.0,BTI
2024-03-27 14:20:00,30.245,30.245,30.245,30.245,1004.0,BTI
2024-03-27 14:19:00,30.25,30.25,30.245,30.245,502.0,BTI
2024-03-27 14:18:00,30.245,30.245,30.24,30.24,976.0,BTI
2024-03-27 14:17:00,30.24,30.24,30.24,30.24,775.0,BTI
2024-03-27 14:16:00,30.24,30.24,30.235,30.24,6916.0,BTI
2024-03-27 14:15:00,30.235,30.24,30.235,30.24,4387.0,BTI
2024-03-27 14:14:00,30.235,30.235,30.235,30.235,234.0,BTI
2024-03-27 14:13:00,30.239,30.239,30.235,30.235,513.0,BTI
2024-03-27 14:12:00,30.235,30.235,30.235,30.235,263.0,BTI
2024-03-27 14:11:00,30.24,30.24,30.23,30.24,8684.0,BTI
2024-03-27 14:10:00,30.245,30.245,30.245,30.245,24279.0,BTI
2024-03-27 14:09:00,30.235,30.248,30.23,30.248,8413.0,BTI
2024-03-27 14:08:00,30.24,30.245,30.22,30.23,62264.0,BTI
2024-03-27 14:07:00,30.25,30.25,30.24,30.24,5645.0,BTI
2024-03-27 14:06:00,30.24,30.25,30.24,30.245,5710.0,BTI
2024-03-27 14:05:00,30.245,30.25,30.24,30.25,7642.0,BTI
2024-03-27 14:04:00,30.24,30.24,30.235,30.24,4911.0,BTI
2024-03-27 14:03:00,30.245,30.245,30.225,30.235,15223.0,BTI
2024-03-27 14:02:00,30.249,30.249,30.245,30.245,1267.0,BTI
2024-03-27 14:01:00,30.246,30.246,30.246,30.246,525.0,BTI
2024-03-27 14:00:00,30.245,30.245,30.245,30.245,311.0,BTI
2024-03-27 13:59:00,30.24,30.24,30.23,30.24,2023.0,BTI
2024-03-27 13:58:00,30.235,30.235,30.235,30.235,326.0,BTI
2024-03-27 13:57:00,30.235,30.235,30.235,30.235,315.0,BTI
2024-03-27 13:56:00,30.23,30.24,30.23,30.233,7573.0,BTI
2024-03-27 13:55:00,30.236,30.236,30.236,30.236,673.0,BTI
2024-03-27 13:54:00,30.235,30.235,30.235,30.235,310.0,BTI
2024-03-27 13:53:00,30.23,30.235,30.23,30.235,1166.0,BTI
2024-03-27 13:51:00,30.235,30.24,30.235,30.24,1059.0,BTI
2024-03-27 13:50:00,30.235,30.235,30.235,30.235,1603.0,BTI
2024-03-27 13:48:00,30.235,30.235,30.235,30.235,254.0,BTI
2024-03-27 13:47:00,30.234,30.235,30.234,30.235,587.0,BTI
2024-03-27 13:46:00,30.25,30.25,30.24,30.24,15101.0,BTI
2024-03-27 13:45:00,30.25,30.25,30.25,30.25,660.0,BTI
2024-03-27 13:44:00,30.25,30.255,30.245,30.255,5334.0,BTI
2024-03-27 13:43:00,30.245,30.25,30.24,30.25,590.0,BTI
2024-03-27 13:42:00,30.251,30.251,30.242,30.248,4165.0,BTI
2024-03-27 13:41:00,30.25,30.25,30.25,30.25,2344.0,BTI
2024-03-27 13:40:00,30.255,30.255,30.255,30.255,249.0,BTI
2024-03-27 13:39:00,30.259,30.259,30.259,30.259,279.0,BTI
2024-03-27 13:38:00,30.26,30.26,30.25,30.25,6844.0,BTI
2024-03-27 13:37:00,30.26,30.26,30.26,30.26,630.0,BTI
2024-03-27 13:36:00,30.265,30.265,30.26,30.265,1517.0,BTI
2024-03-27 13:35:00,30.26,30.265,30.26,30.265,2245.0,BTI
2024-03-27 13:33:00,30.26,30.266,30.255,30.265,19592.0,BTI
2024-03-27 13:32:00,30.265,30.269,30.26,30.265,3360.0,BTI
2024-03-27 13:31:00,30.266,30.27,30.265,30.265,5575.0,BTI
2024-03-27 13:30:00,30.265,30.27,30.265,30.265,2867.0,BTI
2024-03-27 13:29:00,30.261,30.27,30.261,30.27,680.0,BTI
2024-03-27 13:28:00,30.27,30.27,30.27,30.27,5576.0,BTI
2024-03-27 13:27:00,30.288,30.288,30.273,30.273,2291.0,BTI
2024-03-27 13:26:00,30.28,30.282,30.28,30.282,991.0,BTI
2024-03-27 13:25:00,30.27,30.27,30.27,30.27,496.0,BTI
2024-03-27 13:24:00,30.26,30.27,30.255,30.27,3635.0,BTI
2024-03-27 13:23:00,30.253,30.26,30.25,30.25,3559.0,BTI
2024-03-27 13:22:00,30.258,30.258,30.258,30.258,180.0,BTI
2024-03-27 13:21:00,30.25,30.26,30.25,30.255,10467.0,BTI
2024-03-27 13:20:00,30.249,30.25,30.245,30.249,2601.0,BTI
2024-03-27 13:19:00,30.245,30.25,30.24,30.25,9294.0,BTI
2024-03-27 13:18:00,30.225,30.25,30.225,30.245,25895.0,BTI
2024-03-27 13:17:00,30.225,30.225,30.225,30.225,1218.0,BTI
2024-03-27 13:16:00,30.225,30.23,30.225,30.225,682.0,BTI
2024-03-27 13:15:00,30.225,30.23,30.225,30.23,359.0,BTI
2024-03-27 13:14:00,30.22,30.228,30.22,30.228,3126.0,BTI
2024-03-27 13:13:00,30.215,30.215,30.215,30.215,992.0,BTI
2024-03-27 13:12:00,30.21,30.21,30.21,30.21,1762.0,BTI
2024-03-27 13:11:00,30.21,30.218,30.21,30.21,2803.0,BTI
2024-03-27 13:10:00,30.22,30.22,30.21,30.21,1743.0,BTI
2024-03-27 13:09:00,30.22,30.22,30.22,30.22,3432.0,BTI
2024-03-27 13:08:00,30.239,30.239,30.22,30.22,11330.0,BTI
2024-03-27 13:07:00,30.23,30.24,30.22,30.235,12205.0,BTI
2024-03-27 13:06:00,30.215,30.24,30.215,30.235,15883.0,BTI
2024-03-27 13:05:00,30.205,30.22,30.205,30.22,4926.0,BTI
2024-03-27 13:04:00,30.206,30.209,30.2,30.2,900.0,BTI
2024-03-27 13:03:00,30.2,30.205,30.2,30.205,4057.0,BTI
2024-03-27 13:02:00,30.2,30.2,30.195,30.197,3659.0,BTI
2024-03-27 13:01:00,30.195,30.205,30.195,30.205,1819.0,BTI
2024-03-27 13:00:00,30.195,30.195,30.194,30.194,1075.0,BTI
2024-03-27 12:59:00,30.195,30.195,30.195,30.195,485.0,BTI
2024-03-27 12:58:00,30.19,30.19,30.19,30.19,4335.0,BTI
2024-03-27 12:57:00,30.2,30.2,30.195,30.195,4917.0,BTI
2024-03-27 12:56:00,30.2,30.21,30.199,30.199,8650.0,BTI
2024-03-27 12:55:00,30.19,30.2,30.19,30.2,7296.0,BTI
2024-03-27 12:54:00,30.19,30.19,30.19,30.19,1236.0,BTI
2024-03-27 12:53:00,30.185,30.185,30.18,30.185,6614.0,BTI
2024-03-27 12:52:00,30.21,30.21,30.185,30.19,32846.0,BTI
2024-03-27 12:51:00,30.21,30.225,30.21,30.215,11536.0,BTI
2024-03-27 12:50:00,30.21,30.219,30.21,30.21,1715.0,BTI
2024-03-27 12:49:00,30.22,30.22,30.21,30.21,616.0,BTI
2024-03-27 12:48:00,30.215,30.22,30.21,30.214,31563.0,BTI
2024-03-27 12:47:00,30.22,30.22,30.212,30.212,1976.0,BTI
2024-03-27 12:46:00,30.225,30.225,30.22,30.22,6299.0,BTI
2024-03-27 12:45:00,30.23,30.23,30.22,30.22,11224.0,BTI
2024-03-27 12:44:00,30.24,30.24,30.23,30.23,450.0,BTI
2024-03-27 12:43:00,30.249,30.249,30.23,30.235,6700.0,BTI
2024-03-27 12:42:00,30.245,30.25,30.24,30.245,5774.0,BTI
2024-03-27 12:41:00,30.25,30.25,30.24,30.245,7867.0,BTI
2024-03-27 12:40:00,30.256,30.259,30.25,30.259,1703.0,BTI
2024-03-27 12:39:00,30.275,30.275,30.26,30.26,9057.0,BTI
2024-03-27 12:38:00,30.286,30.286,30.28,30.28,6523.0,BTI
2024-03-27 12:37:00,30.29,30.3,30.282,30.282,7881.0,BTI
2024-03-27 12:36:00,30.28,30.285,30.275,30.285,12873.0,BTI
2024-03-27 12:35:00,30.285,30.29,30.275,30.275,16361.0,BTI
2024-03-27 12:34:00,30.295,30.3,30.28,30.28,10979.0,BTI
2024-03-27 12:33:00,30.295,30.299,30.295,30.295,1781.0,BTI
2024-03-27 12:32:00,30.295,30.3,30.285,30.295,26697.0,BTI
2024-03-27 12:31:00,30.295,30.3,30.29,30.295,15634.0,BTI
2024-03-27 12:30:00,30.295,30.3,30.29,30.295,15511.0,BTI
2024-03-27 12:29:00,30.295,30.3,30.29,30.295,4390.0,BTI
2024-03-27 12:28:00,30.295,30.3,30.29,30.295,8038.0,BTI
2024-03-27 12:27:00,30.29,30.3,30.29,30.295,35769.0,BTI
2024-03-27 12:26:00,30.295,30.3,30.29,30.29,5133.0,BTI
2024-03-27 12:25:00,30.295,30.3,30.28,30.295,23936.0,BTI
2024-03-27 12:24:00,30.29,30.295,30.285,30.295,8674.0,BTI
2024-03-27 12:23:00,30.3,30.31,30.29,30.29,10813.0,BTI
2024-03-27 12:22:00,30.32,30.32,30.3,30.305,9036.0,BTI
2024-03-27 12:21:00,30.32,30.32,30.31,30.32,15968.0,BTI
2024-03-27 12:20:00,30.315,30.32,30.31,30.319,2892.0,BTI
2024-03-27 12:19:00,30.313,30.32,30.31,30.31,3927.0,BTI
2024-03-27 12:18:00,30.32,30.32,30.31,30.31,19782.0,BTI
2024-03-27 12:17:00,30.325,30.335,30.325,30.33,8698.0,BTI
2024-03-27 12:16:00,30.325,30.33,30.32,30.33,6040.0,BTI
2024-03-27 12:15:00,30.33,30.33,30.32,30.32,9846.0,BTI
2024-03-27 12:14:00,30.335,30.335,30.335,30.335,702.0,BTI
2024-03-27 12:13:00,30.325,30.335,30.325,30.335,1638.0,BTI
2024-03-27 12:12:00,30.33,30.335,30.32,30.32,9007.0,BTI
2024-03-27 12:11:00,30.335,30.34,30.335,30.34,6318.0,BTI
2024-03-27 12:10:00,30.31,30.33,30.31,30.33,9484.0,BTI
2024-03-27 12:09:00,30.3,30.31,30.29,30.31,18701.0,BTI
2024-03-27 12:08:00,30.295,30.298,30.29,30.298,2554.0,BTI
2024-03-27 12:07:00,30.285,30.295,30.284,30.295,18334.0,BTI
2024-03-27 12:06:00,30.27,30.29,30.27,30.28,8693.0,BTI
2024-03-27 12:05:00,30.269,30.27,30.26,30.27,1917.0,BTI
2024-03-27 12:04:00,30.26,30.27,30.26,30.26,5234.0,BTI
2024-03-27 12:03:00,30.275,30.275,30.27,30.27,1877.0,BTI
2024-03-27 12:02:00,30.27,30.27,30.265,30.27,8369.0,BTI
2024-03-27 12:01:00,30.27,30.275,30.26,30.26,12809.0,BTI
2024-03-27 12:00:00,30.28,30.28,30.27,30.27,7332.0,BTI
2024-03-27 11:59:00,30.285,30.289,30.27,30.27,7801.0,BTI
2024-03-27 11:58:00,30.31,30.315,30.28,30.28,21020.0,BTI
2024-03-27 11:57:00,30.32,30.325,30.31,30.31,4361.0,BTI
2024-03-27 11:56:00,30.32,30.33,30.315,30.32,8074.0,BTI
2024-03-27 11:55:00,30.31,30.315,30.31,30.315,3268.0,BTI
2024-03-27 11:54:00,30.295,30.3,30.28,30.3,10834.0,BTI
2024-03-27 11:53:00,30.298,30.3,30.28,30.29,50225.0,BTI
2024-03-27 11:52:00,30.295,30.3,30.29,30.3,5869.0,BTI
2024-03-27 11:51:00,30.28,30.29,30.28,30.29,86791.0,BTI
2024-03-27 11:50:00,30.29,30.3,30.28,30.28,37520.0,BTI
2024-03-27 11:49:00,30.29,30.3,30.29,30.29,28998.0,BTI
2024-03-27 11:48:00,30.313,30.313,30.295,30.295,6475.0,BTI
2024-03-27 11:47:00,30.31,30.318,30.31,30.315,4546.0,BTI
2024-03-27 11:46:00,30.315,30.32,30.311,30.32,917.0,BTI
2024-03-27 11:45:00,30.315,30.317,30.305,30.317,8098.0,BTI
2024-03-27 11:44:00,30.31,30.31,30.304,30.31,6114.0,BTI
2024-03-27 11:43:00,30.301,30.31,30.3,30.305,4519.0,BTI
2024-03-27 11:42:00,30.309,30.31,30.3,30.305,2486.0,BTI
2024-03-27 11:41:00,30.32,30.32,30.31,30.31,2892.0,BTI
2024-03-27 11:40:00,30.295,30.32,30.295,30.319,23594.0,BTI
2024-03-27 11:39:00,30.295,30.295,30.29,30.29,1776.0,BTI
2024-03-27 11:38:00,30.28,30.295,30.28,30.295,2329.0,BTI
2024-03-27 11:37:00,30.28,30.285,30.27,30.285,22277.0,BTI
2024-03-27 11:36:00,30.3,30.3,30.28,30.28,10969.0,BTI
2024-03-27 11:35:00,30.285,30.3,30.285,30.295,3232.0,BTI
2024-03-27 11:34:00,30.28,30.29,30.28,30.285,3853.0,BTI
2024-03-27 11:33:00,30.27,30.285,30.27,30.285,3182.0,BTI
2024-03-27 11:32:00,30.29,30.29,30.27,30.275,3219.0,BTI
2024-03-27 11:31:00,30.29,30.295,30.27,30.28,28229.0,BTI
2024-03-27 11:30:00,30.278,30.28,30.27,30.28,8034.0,BTI
2024-03-27 11:29:00,30.275,30.285,30.27,30.28,9378.0,BTI
2024-03-27 11:28:00,30.28,30.28,30.27,30.27,5017.0,BTI
2024-03-27 11:27:00,30.29,30.29,30.27,30.27,38197.0,BTI
2024-03-27 11:26:00,30.295,30.299,30.28,30.29,5377.0,BTI
2024-03-27 11:25:00,30.29,30.295,30.285,30.29,16369.0,BTI
2024-03-27 11:24:00,30.28,30.29,30.28,30.29,1391.0,BTI
2024-03-27 11:23:00,30.28,30.285,30.28,30.285,12581.0,BTI
2024-03-27 11:22:00,30.275,30.285,30.275,30.28,8573.0,BTI
2024-03-27 11:21:00,30.28,30.28,30.27,30.28,5600.0,BTI
2024-03-27 11:20:00,30.265,30.285,30.265,30.28,5958.0,BTI
2024-03-27 11:19:00,30.27,30.27,30.26,30.26,3446.0,BTI
2024-03-27 11:18:00,30.26,30.27,30.25,30.265,10005.0,BTI
2024-03-27 11:17:00,30.28,30.28,30.265,30.265,7702.0,BTI
2024-03-27 11:16:00,30.278,30.28,30.275,30.28,7930.0,BTI
2024-03-27 11:15:00,30.265,30.28,30.26,30.27,8505.0,BTI
2024-03-27 11:14:00,30.255,30.26,30.245,30.26,34028.0,BTI
2024-03-27 11:13:00,30.255,30.26,30.25,30.25,2834.0,BTI
2024-03-27 11:12:00,30.25,30.26,30.24,30.255,16249.0,BTI
2024-03-27 11:11:00,30.255,30.255,30.25,30.25,12232.0,BTI
2024-03-27 11:10:00,30.26,30.26,30.259,30.26,1444.0,BTI
2024-03-27 11:09:00,30.265,30.268,30.26,30.265,7538.0,BTI
2024-03-27 11:08:00,30.25,30.261,30.245,30.261,6549.0,BTI
2024-03-27 11:07:00,30.25,30.255,30.245,30.245,4037.0,BTI
2024-03-27 11:06:00,30.245,30.25,30.23,30.245,12587.0,BTI
2024-03-27 11:05:00,30.23,30.245,30.23,30.245,10263.0,BTI
2024-03-27 11:04:00,30.24,30.25,30.23,30.23,3522.0,BTI
2024-03-27 11:03:00,30.24,30.25,30.24,30.25,9736.0,BTI
2024-03-27 11:02:00,30.225,30.24,30.225,30.235,4529.0,BTI
2024-03-27 11:01:00,30.175,30.23,30.175,30.225,29932.0,BTI
2024-03-27 11:00:00,30.175,30.18,30.17,30.175,2324.0,BTI
2024-03-27 10:59:00,30.185,30.19,30.17,30.17,9405.0,BTI
2024-03-27 10:58:00,30.18,30.19,30.18,30.185,9500.0,BTI
2024-03-27 10:57:00,30.17,30.18,30.16,30.17,10309.0,BTI
2024-03-27 10:56:00,30.17,30.175,30.165,30.165,14154.0,BTI
2024-03-27 10:55:00,30.17,30.179,30.17,30.17,5689.0,BTI
2024-03-27 10:54:00,30.145,30.17,30.145,30.17,17753.0,BTI
2024-03-27 10:53:00,30.15,30.16,30.14,30.14,33090.0,BTI
2024-03-27 10:52:00,30.165,30.165,30.15,30.155,70241.0,BTI
2024-03-27 10:51:00,30.16,30.168,30.16,30.168,8949.0,BTI
2024-03-27 10:50:00,30.175,30.185,30.16,30.16,21791.0,BTI
2024-03-27 10:49:00,30.17,30.18,30.165,30.17,25170.0,BTI
2024-03-27 10:48:00,30.17,30.18,30.162,30.17,40164.0,BTI
2024-03-27 10:47:00,30.175,30.185,30.17,30.17,28692.0,BTI
2024-03-27 10:46:00,30.178,30.18,30.17,30.17,5500.0,BTI
2024-03-27 10:45:00,30.165,30.18,30.165,30.17,6515.0,BTI
2024-03-27 10:44:00,30.145,30.17,30.145,30.165,9513.0,BTI
2024-03-27 10:43:00,30.155,30.158,30.14,30.15,8348.0,BTI
2024-03-27 10:42:00,30.175,30.175,30.15,30.16,6139.0,BTI
2024-03-27 10:41:00,30.17,30.18,30.17,30.18,22104.0,BTI
2024-03-27 10:40:00,30.15,30.17,30.15,30.17,8138.0,BTI
2024-03-27 10:39:00,30.145,30.16,30.14,30.16,15357.0,BTI
2024-03-27 10:38:00,30.15,30.16,30.14,30.14,19554.0,BTI
2024-03-27 10:37:00,30.18,30.18,30.155,30.155,13583.0,BTI
2024-03-27 10:36:00,30.185,30.2,30.18,30.18,61881.0,BTI
2024-03-27 10:35:00,30.17,30.2,30.17,30.19,20118.0,BTI
2024-03-27 10:34:00,30.175,30.19,30.17,30.175,24769.0,BTI
2024-03-27 10:33:00,30.19,30.2,30.17,30.18,58705.0,BTI
2024-03-27 10:32:00,30.185,30.205,30.18,30.19,25297.0,BTI
2024-03-27 10:31:00,30.175,30.19,30.175,30.185,14495.0,BTI
2024-03-27 10:30:00,30.18,30.18,30.17,30.179,9631.0,BTI
2024-03-27 10:29:00,30.175,30.185,30.17,30.18,9682.0,BTI
2024-03-27 10:28:00,30.18,30.19,30.17,30.17,37779.0,BTI
2024-03-27 10:27:00,30.18,30.189,30.175,30.18,6321.0,BTI
2024-03-27 10:26:00,30.18,30.185,30.17,30.175,11005.0,BTI
2024-03-27 10:25:00,30.17,30.185,30.17,30.185,11940.0,BTI
2024-03-27 10:24:00,30.16,30.175,30.16,30.175,15754.0,BTI
2024-03-27 10:23:00,30.16,30.16,30.15,30.16,13666.0,BTI
2024-03-27 10:22:00,30.18,30.185,30.15,30.15,21392.0,BTI
2024-03-27 10:21:00,30.18,30.19,30.18,30.18,19984.0,BTI
2024-03-27 10:20:00,30.184,30.19,30.18,30.18,1400.0,BTI
2024-03-27 10:19:00,30.195,30.195,30.18,30.18,17370.0,BTI
2024-03-27 10:18:00,30.17,30.199,30.17,30.199,16855.0,BTI
2024-03-27 10:17:00,30.17,30.18,30.17,30.175,8265.0,BTI
2024-03-27 10:16:00,30.15,30.18,30.15,30.175,4950.0,BTI
2024-03-27 10:15:00,30.155,30.16,30.15,30.15,13028.0,BTI
2024-03-27 10:14:00,30.16,30.17,30.15,30.155,18303.0,BTI
2024-03-27 10:13:00,30.159,30.159,30.145,30.15,18966.0,BTI
2024-03-27 10:12:00,30.14,30.16,30.14,30.16,25541.0,BTI
2024-03-27 10:11:00,30.139,30.16,30.135,30.15,28044.0,BTI
2024-03-27 10:10:00,30.125,30.135,30.12,30.13,15993.0,BTI
2024-03-27 10:09:00,30.14,30.14,30.12,30.12,9305.0,BTI
2024-03-27 10:08:00,30.14,30.14,30.13,30.13,12005.0,BTI
2024-03-27 10:07:00,30.12,30.145,30.12,30.14,16634.0,BTI
2024-03-27 10:06:00,30.115,30.135,30.11,30.12,40377.0,BTI
2024-03-27 10:05:00,30.111,30.115,30.11,30.11,5791.0,BTI
2024-03-27 10:04:00,30.12,30.12,30.105,30.115,21110.0,BTI
2024-03-27 10:03:00,30.12,30.13,30.12,30.125,15524.0,BTI
2024-03-27 10:02:00,30.1,30.128,30.1,30.128,13553.0,BTI
2024-03-27 10:01:00,30.08,30.11,30.08,30.11,28109.0,BTI
2024-03-27 10:00:00,30.09,30.095,30.09,30.09,1835.0,BTI
2024-03-27 09:59:00,30.09,30.096,30.09,30.09,4281.0,BTI
2024-03-27 09:58:00,30.095,30.1,30.09,30.1,1366.0,BTI
2024-03-27 09:57:00,30.088,30.1,30.08,30.1,13394.0,BTI
2024-03-27 09:56:00,30.08,30.09,30.07,30.08,9398.0,BTI
2024-03-27 09:55:00,30.065,30.085,30.065,30.08,8714.0,BTI
2024-03-27 09:54:00,30.06,30.065,30.06,30.062,3274.0,BTI
2024-03-27 09:53:00,30.05,30.065,30.05,30.06,2394.0,BTI
2024-03-27 09:52:00,30.045,30.06,30.045,30.055,5833.0,BTI
2024-03-27 09:51:00,30.05,30.055,30.04,30.05,7137.0,BTI
2024-03-27 09:50:00,30.06,30.065,30.05,30.055,4886.0,BTI
2024-03-27 09:49:00,30.06,30.07,30.05,30.06,4240.0,BTI
2024-03-27 09:48:00,30.055,30.06,30.05,30.05,6431.0,BTI
2024-03-27 09:47:00,30.05,30.05,30.05,30.05,5913.0,BTI
2024-03-27 09:46:00,30.055,30.06,30.04,30.055,4312.0,BTI
2024-03-27 09:45:00,30.08,30.09,30.05,30.05,9654.0,BTI
2024-03-27 09:44:00,30.055,30.085,30.05,30.08,9034.0,BTI
2024-03-27 09:43:00,30.06,30.07,30.05,30.06,10484.0,BTI
2024-03-27 09:42:00,30.095,30.1,30.06,30.061,6277.0,BTI
2024-03-27 09:41:00,30.1,30.1,30.085,30.095,5530.0,BTI
2024-03-27 09:40:00,30.09,30.1,30.083,30.083,2531.0,BTI
2024-03-27 09:39:00,30.09,30.097,30.08,30.09,23718.0,BTI
2024-03-27 09:38:00,30.045,30.09,30.045,30.09,17459.0,BTI
2024-03-27 09:37:00,30.055,30.06,30.04,30.045,1892.0,BTI
2024-03-27 09:36:00,30.02,30.06,30.02,30.05,13517.0,BTI
2024-03-27 09:35:00,30.04,30.04,30.015,30.03,10416.0,BTI
2024-03-27 09:34:00,30.04,30.05,30.04,30.04,9723.0,BTI
2024-03-27 09:33:00,30.005,30.04,30.005,30.04,20593.0,BTI
2024-03-27 09:32:00,29.97,30.01,29.96,30.0,25009.0,BTI
2024-03-27 09:31:00,29.93,29.975,29.93,29.96,8911.0,BTI
2024-03-27 09:30:00,29.91,29.94,29.9,29.93,55450.0,BTI
2024-03-27 09:28:00,29.89,29.89,29.89,29.89,1931.0,BTI
2024-03-27 09:27:00,29.89,29.89,29.89,29.89,4.0,BTI
2024-03-27 09:24:00,29.89,29.89,29.87,29.87,400.0,BTI
2024-03-27 09:19:00,29.87,29.87,29.87,29.87,198.0,BTI
2024-03-27 09:17:00,29.88,29.88,29.88,29.88,0.0,BTI
2024-03-27 09:13:00,29.87,29.87,29.87,29.87,109.0,BTI
2024-03-27 09:11:00,29.86,29.86,29.86,29.86,193.0,BTI
2024-03-27 09:09:00,29.87,29.87,29.87,29.87,726.0,BTI
2024-03-27 09:07:00,29.88,29.88,29.87,29.88,15.0,BTI
2024-03-27 09:03:00,29.9,29.9,29.88,29.88,1482.0,BTI
2024-03-27 09:02:00,29.89,29.89,29.88,29.88,992.0,BTI
2024-03-27 09:01:00,29.87,29.88,29.87,29.88,357.0,BTI
2024-03-27 09:00:00,29.87,29.87,29.855,29.855,2471.0,BTI
2024-03-27 08:57:00,29.85,29.85,29.85,29.85,4.0,BTI
2024-03-27 08:56:00,29.85,29.85,29.85,29.85,4.0,BTI
2024-03-27 08:53:00,29.84,29.84,29.84,29.84,4.0,BTI
2024-03-27 08:52:00,29.85,29.85,29.85,29.85,5.0,BTI
2024-03-27 08:51:00,29.84,29.84,29.84,29.84,4.0,BTI
2024-03-27 08:49:00,29.83,29.83,29.83,29.83,30.0,BTI
2024-03-27 08:48:00,29.85,29.85,29.84,29.84,345.0,BTI
2024-03-27 08:47:00,29.85,29.855,29.85,29.85,1238.0,BTI
2024-03-27 08:46:00,29.86,29.86,29.86,29.86,5.0,BTI
2024-03-27 08:45:00,29.86,29.86,29.86,29.86,2426.0,BTI
2024-03-27 08:44:00,29.85,29.85,29.85,29.85,6.0,BTI
2024-03-27 08:43:00,29.87,29.87,29.87,29.87,24.0,BTI
2024-03-27 08:41:00,29.86,29.86,29.86,29.86,0.0,BTI
2024-03-27 08:40:00,29.87,29.87,29.86,29.86,2677.0,BTI
2024-03-27 08:38:00,29.86,29.86,29.86,29.86,1015.0,BTI
2024-03-27 08:37:00,29.88,29.88,29.88,29.88,31.0,BTI
2024-03-27 08:36:00,29.87,29.88,29.87,29.87,446.0,BTI
2024-03-27 08:35:00,29.88,29.88,29.88,29.88,2536.0,BTI
2024-03-27 08:33:00,29.89,29.89,29.88,29.88,57.0,BTI
2024-03-27 08:31:00,29.88,29.88,29.88,29.88,9.0,BTI
2024-03-27 08:28:00,29.88,29.88,29.88,29.88,1.0,BTI
2024-03-27 08:26:00,29.89,29.89,29.89,29.89,6.0,BTI
2024-03-27 08:25:00,29.87,29.88,29.87,29.87,10.0,BTI
2024-03-27 08:24:00,29.87,29.87,29.86,29.87,1095.0,BTI
2024-03-27 08:23:00,29.865,29.87,29.865,29.87,104.0,BTI
2024-03-27 08:21:00,29.87,29.87,29.87,29.87,5.0,BTI
2024-03-27 08:20:00,29.88,29.88,29.87,29.87,12.0,BTI
2024-03-27 08:17:00,29.88,29.88,29.88,29.88,0.0,BTI
2024-03-27 08:13:00,29.86,29.86,29.86,29.86,12.0,BTI
2024-03-27 08:10:00,29.86,29.86,29.86,29.86,48.0,BTI
2024-03-27 08:09:00,29.86,29.86,29.86,29.86,484.0,BTI
2024-03-27 08:08:00,29.86,29.86,29.86,29.86,14.0,BTI
2024-03-27 08:07:00,29.88,29.88,29.88,29.88,484.0,BTI
2024-03-27 08:05:00,29.87,29.87,29.86,29.86,5.0,BTI
2024-03-27 08:04:00,29.95,29.95,29.88,29.95,5.0,BTI
2024-03-27 08:03:00,29.88,29.95,29.86,29.86,229.0,BTI
2024-03-27 08:02:00,29.9,30.21,29.9,30.21,34.0,BTI
2024-03-27 08:01:00,29.875,29.88,29.875,29.88,1.0,BTI
2024-03-27 08:00:00,29.86,29.9,29.86,29.88,1275.0,BTI
2024-03-27 07:54:00,29.91,29.91,29.91,29.91,20.0,BTI
2024-03-27 07:52:00,29.9,29.9,29.9,29.9,448.0,BTI
2024-03-27 07:50:00,29.9,29.9,29.9,29.9,525.0,BTI
2024-03-27 07:29:00,29.87,29.87,29.87,29.87,542.0,BTI
2024-03-27 07:15:00,29.86,29.86,29.86,29.86,9.0,BTI
2024-03-27 07:12:00,29.88,29.88,29.88,29.88,145.0,BTI
2024-03-27 07:11:00,29.87,29.87,29.87,29.87,4.0,BTI
2024-03-27 07:08:00,29.87,29.87,29.87,29.87,0.0,BTI
2024-03-27 07:05:00,29.86,29.86,29.86,29.86,0.0,BTI
2024-03-27 07:02:00,29.86,29.86,29.86,29.86,2.0,BTI
2024-03-27 07:01:00,29.87,29.87,29.87,29.87,0.0,BTI
2024-03-27 07:00:00,29.88,29.88,29.88,29.88,0.0,BTI
2024-03-27 06:52:00,29.88,29.88,29.88,29.88,242.0,BTI
2024-03-27 06:43:00,29.88,29.88,29.88,29.88,339.0,BTI
2024-03-27 06:28:00,29.91,29.91,29.91,29.91,193.0,BTI
2024-03-27 06:14:00,29.86,29.86,29.86,29.86,134.0,BTI
2024-03-27 06:12:00,29.84,29.84,29.84,29.84,358.0,BTI
2024-03-27 06:09:00,29.85,29.85,29.85,29.85,8.0,BTI
2024-03-27 06:07:00,29.85,29.85,29.85,29.85,77.0,BTI
2024-03-27 05:52:00,29.85,29.85,29.85,29.85,4.0,BTI
2024-03-27 05:41:00,29.85,29.85,29.85,29.85,0.0,BTI
2024-03-27 05:30:00,29.83,29.83,29.83,29.83,0.0,BTI
2024-03-27 05:29:00,29.84,29.84,29.84,29.84,10.0,BTI
2024-03-27 05:24:00,29.85,29.85,29.85,29.85,124.0,BTI
2024-03-27 05:23:00,29.85,29.85,29.85,29.85,147.0,BTI
2024-03-27 05:18:00,29.85,29.85,29.85,29.85,49.0,BTI
2024-03-27 05:16:00,29.86,29.87,29.86,29.87,208.0,BTI
2024-03-27 05:14:00,29.87,29.87,29.87,29.87,4.0,BTI
2024-03-27 05:12:00,29.87,29.87,29.87,29.87,9.0,BTI
2024-03-27 05:08:00,29.86,29.86,29.86,29.86,80.0,BTI
2024-03-27 05:07:00,29.87,29.87,29.87,29.87,10.0,BTI
2024-03-27 05:01:00,29.88,29.88,29.88,29.88,96.0,BTI
2024-03-27 04:59:00,29.88,29.88,29.88,29.88,973.0,BTI
2024-03-27 04:58:00,29.88,29.88,29.88,29.88,123.0,BTI
2024-03-27 04:57:00,29.9,29.9,29.9,29.9,272.0,BTI
2024-03-27 04:44:00,29.94,29.94,29.94,29.94,88.0,BTI
2024-03-27 04:41:00,29.91,29.91,29.91,29.91,1054.0,BTI
2024-03-27 04:38:00,29.9,29.9,29.9,29.9,9.0,BTI
2024-03-27 04:32:00,29.95,29.95,29.95,29.95,10.0,BTI
2024-03-27 04:29:00,29.93,29.93,29.93,29.93,29.0,BTI
2024-03-27 04:26:00,29.93,29.93,29.93,29.93,9.0,BTI
2024-03-27 04:18:00,30.0,30.0,30.0,30.0,193.0,BTI
2024-03-27 04:16:00,29.98,29.98,29.98,29.98,528.0,BTI
2024-03-27 04:15:00,29.98,29.98,29.98,29.98,1117.0,BTI
2024-03-27 04:12:00,29.96,29.96,29.96,29.96,9.0,BTI
2024-03-27 04:11:00,29.98,29.98,29.98,29.98,1743.0,BTI
2024-03-27 04:03:00,30.07,30.07,30.07,30.07,9.0,BTI
2024-03-27 04:02:00,30.02,30.05,30.02,30.05,17.0,BTI
2024-03-27 04:01:00,30.03,30.03,30.02,30.02,11.0,BTI
2024-03-26 19:57:00,29.93,29.93,29.93,29.93,193.0,BTI
2024-03-26 19:48:00,29.91,29.91,29.91,29.91,0.0,BTI
2024-03-26 19:45:00,29.91,29.91,29.91,29.91,4715.0,BTI
2024-03-26 19:43:00,29.91,29.91,29.91,29.91,24221.0,BTI
2024-03-26 19:37:00,29.91,29.91,29.91,29.91,4.0,BTI
2024-03-26 19:30:00,29.91,29.91,29.91,29.91,204.0,BTI
2024-03-26 19:23:00,29.92,29.92,29.92,29.92,10.0,BTI
2024-03-26 19:04:00,29.94,29.94,29.94,29.94,48.0,BTI
2024-03-26 19:03:00,29.94,29.94,29.94,29.94,48.0,BTI
2024-03-26 19:01:00,29.92,29.92,29.92,29.92,96.0,BTI
2024-03-26 19:00:00,29.88,29.88,29.88,29.88,82943.0,BTI
2024-03-26 18:57:00,29.99,29.99,29.99,29.99,2.0,BTI
2024-03-26 18:42:00,30.04,30.04,30.04,30.04,1.0,BTI
2024-03-26 18:36:00,29.97,29.97,29.97,29.97,968.0,BTI
2024-03-26 18:31:00,29.98,29.98,29.98,29.98,0.0,BTI
2024-03-26 18:30:00,29.88,29.88,29.88,29.88,82943.0,BTI
2024-03-26 18:16:00,29.921,29.921,29.921,29.921,0.0,BTI
2024-03-26 18:11:00,29.95,29.95,29.95,29.95,4.0,BTI
2024-03-26 18:07:00,29.95,29.95,29.95,29.95,6.0,BTI
2024-03-26 18:02:00,29.95,29.95,29.95,29.95,1.0,BTI
2024-03-26 17:58:00,29.97,29.97,29.97,29.97,0.0,BTI
2024-03-26 17:55:00,29.9,29.9,29.9,29.9,14.0,BTI
2024-03-26 17:53:00,29.95,29.95,29.9,29.9,21.0,BTI
2024-03-26 17:52:00,30.04,30.04,30.04,30.04,4.0,BTI
2024-03-26 17:49:00,30.04,30.04,30.04,30.04,0.0,BTI
2024-03-26 17:46:00,29.95,29.95,29.95,29.95,0.0,BTI
2024-03-26 17:43:00,29.95,29.95,29.95,29.95,2.0,BTI
2024-03-26 17:40:00,30.04,30.04,29.95,29.95,8.0,BTI
2024-03-26 17:31:00,29.88,29.88,29.88,29.88,113141.0,BTI
2024-03-26 17:27:00,29.96,29.96,29.96,29.96,0.0,BTI
2024-03-26 17:24:00,29.95,29.95,29.95,29.95,388.0,BTI
2024-03-26 17:16:00,29.979,29.979,29.979,29.979,252.0,BTI
2024-03-26 17:14:00,29.9,29.9,29.9,29.9,97.0,BTI
2024-03-26 17:13:00,29.9,29.9,29.9,29.9,193.0,BTI
2024-03-26 17:11:00,29.9,29.9,29.9,29.9,7.0,BTI
2024-03-26 17:08:00,29.89,29.89,29.89,29.89,0.0,BTI
2024-03-26 17:05:00,29.89,29.89,29.89,29.89,0.0,BTI
2024-03-26 17:04:00,29.88,29.88,29.88,29.88,13302.0,BTI
2024-03-26 17:02:00,29.88,29.88,29.88,29.88,2798.0,BTI
2024-03-26 16:56:00,29.9,29.9,29.9,29.9,550.0,BTI
2024-03-26 16:55:00,29.9,29.9,29.9,29.9,146.0,BTI
2024-03-26 16:53:00,29.895,29.895,29.895,29.895,0.0,BTI
2024-03-26 16:51:00,29.9,29.9,29.9,29.9,38.0,BTI
2024-03-26 16:50:00,29.9,29.9,29.899,29.899,21.0,BTI
2024-03-26 16:49:00,29.9,29.9,29.9,29.9,7.0,BTI
2024-03-26 16:47:00,29.9,29.9,29.9,29.9,2.0,BTI
2024-03-26 16:40:00,29.9,29.9,29.9,29.9,2.0,BTI
2024-03-26 16:39:00,29.89,29.89,29.89,29.89,289.0,BTI
2024-03-26 16:34:00,29.9,29.9,29.9,29.9,2.0,BTI
2024-03-26 16:30:00,29.88,29.88,29.88,29.88,593.0,BTI
2024-03-26 16:29:00,29.9,29.9,29.89,29.89,1.0,BTI
2024-03-26 16:25:00,29.91,29.91,29.895,29.895,2.0,BTI
2024-03-26 16:23:00,29.88,29.88,29.88,29.88,958.0,BTI
2024-03-26 16:20:00,29.91,29.91,29.91,29.91,1.0,BTI
2024-03-26 16:19:00,29.905,29.905,29.905,29.905,0.0,BTI
2024-03-26 16:18:00,29.905,29.905,29.905,29.905,0.0,BTI
2024-03-26 16:10:00,29.88,29.88,29.88,29.88,82943.0,BTI
2024-03-26 16:08:00,29.928,29.928,29.928,29.928,9.0,BTI
2024-03-26 16:07:00,29.93,29.93,29.93,29.93,0.0,BTI
2024-03-26 16:03:00,29.93,29.93,29.92,29.92,1.0,BTI
2024-03-26 16:02:00,29.93,29.93,29.93,29.93,0.0,BTI
2024-03-26 16:01:00,29.88,29.905,29.88,29.88,872.0,BTI
2024-03-26 16:00:00,29.88,29.92,29.88,29.88,180813.0,BTI
2024-03-26 15:59:00,29.895,29.9,29.88,29.88,41996.0,BTI
2024-03-26 15:58:00,29.89,29.9,29.89,29.9,28165.0,BTI
2024-03-26 15:57:00,29.895,29.9,29.89,29.895,9815.0,BTI
2024-03-26 15:56:00,29.905,29.905,29.89,29.895,22704.0,BTI
2024-03-26 15:55:00,29.895,29.905,29.89,29.905,38489.0,BTI
2024-03-26 15:54:00,29.89,29.898,29.89,29.89,9323.0,BTI
2024-03-26 15:53:00,29.899,29.899,29.89,29.89,7359.0,BTI
2024-03-26 15:52:00,29.902,29.905,29.9,29.9,10444.0,BTI
2024-03-26 15:51:00,29.895,29.909,29.895,29.905,17103.0,BTI
2024-03-26 15:50:00,29.9,29.9,29.89,29.895,19540.0,BTI
2024-03-26 15:49:00,29.895,29.9,29.89,29.892,4529.0,BTI
2024-03-26 15:48:00,29.916,29.917,29.89,29.9,42242.0,BTI
2024-03-26 15:47:00,29.91,29.917,29.91,29.91,13565.0,BTI
2024-03-26 15:46:00,29.915,29.915,29.91,29.91,5451.0,BTI
2024-03-26 15:45:00,29.912,29.92,29.91,29.91,5976.0,BTI
2024-03-26 15:44:00,29.91,29.92,29.91,29.92,5710.0,BTI
2024-03-26 15:43:00,29.915,29.92,29.91,29.915,2993.0,BTI
2024-03-26 15:42:00,29.91,29.915,29.91,29.91,1641.0,BTI
2024-03-26 15:41:00,29.915,29.915,29.91,29.915,3404.0,BTI
2024-03-26 15:40:00,29.91,29.91,29.91,29.91,2073.0,BTI
2024-03-26 15:39:00,29.91,29.92,29.91,29.91,20531.0,BTI
2024-03-26 15:38:00,29.91,29.915,29.9,29.905,13322.0,BTI
2024-03-26 15:37:00,29.911,29.92,29.91,29.912,4527.0,BTI
2024-03-26 15:36:00,29.92,29.925,29.915,29.915,21028.0,BTI
2024-03-26 15:35:00,29.925,29.927,29.92,29.925,2029.0,BTI
2024-03-26 15:34:00,29.925,29.93,29.92,29.925,1969.0,BTI
2024-03-26 15:33:00,29.92,29.93,29.92,29.92,5960.0,BTI
2024-03-26 15:32:00,29.925,29.93,29.92,29.925,14569.0,BTI
2024-03-26 15:31:00,29.93,29.93,29.92,29.925,4251.0,BTI
2024-03-26 15:30:00,29.93,29.93,29.92,29.92,9708.0,BTI
2024-03-26 15:29:00,29.925,29.927,29.92,29.927,1135.0,BTI
2024-03-26 15:28:00,29.925,29.93,29.925,29.93,5134.0,BTI
2024-03-26 15:27:00,29.92,29.93,29.92,29.93,4371.0,BTI
2024-03-26 15:26:00,29.925,29.93,29.925,29.925,3142.0,BTI
2024-03-26 15:25:00,29.925,29.93,29.925,29.925,5011.0,BTI
2024-03-26 15:24:00,29.925,29.93,29.925,29.93,964.0,BTI
2024-03-26 15:23:00,29.92,29.93,29.92,29.925,34537.0,BTI
2024-03-26 15:22:00,29.925,29.93,29.925,29.925,25736.0,BTI
2024-03-26 15:21:00,29.93,29.93,29.92,29.925,4089.0,BTI
2024-03-26 15:20:00,29.94,29.94,29.92,29.93,35053.0,BTI
2024-03-26 15:19:00,29.945,29.95,29.94,29.945,2093.0,BTI
2024-03-26 15:18:00,29.95,29.95,29.94,29.94,3523.0,BTI
2024-03-26 15:17:00,29.94,29.945,29.94,29.94,1925.0,BTI
2024-03-26 15:16:00,29.945,29.95,29.945,29.945,2675.0,BTI
2024-03-26 15:15:00,29.945,29.945,29.94,29.94,1036.0,BTI
2024-03-26 15:14:00,29.947,29.947,29.94,29.945,1541.0,BTI
2024-03-26 15:13:00,29.945,29.945,29.94,29.945,1522.0,BTI
2024-03-26 15:12:00,29.945,29.95,29.94,29.946,2784.0,BTI
2024-03-26 15:11:00,29.947,29.947,29.94,29.94,554.0,BTI
2024-03-26 15:10:00,29.942,29.95,29.94,29.95,2341.0,BTI
2024-03-26 15:09:00,29.943,29.95,29.943,29.95,2613.0,BTI
2024-03-26 15:08:00,29.93,29.945,29.93,29.945,9321.0,BTI
2024-03-26 15:07:00,29.937,29.94,29.93,29.935,3501.0,BTI
2024-03-26 15:06:00,29.935,29.94,29.935,29.935,2589.0,BTI
2024-03-26 15:05:00,29.935,29.938,29.93,29.938,1806.0,BTI
2024-03-26 15:04:00,29.935,29.935,29.935,29.935,1361.0,BTI
2024-03-26 15:03:00,29.935,29.935,29.935,29.935,870.0,BTI
2024-03-26 15:02:00,29.93,29.935,29.93,29.935,1542.0,BTI
2024-03-26 15:01:00,29.947,29.947,29.93,29.94,23414.0,BTI
2024-03-26 15:00:00,29.95,29.95,29.94,29.94,4039.0,BTI
2024-03-26 14:59:00,29.941,29.95,29.941,29.945,6005.0,BTI
2024-03-26 14:58:00,29.945,29.947,29.94,29.94,6497.0,BTI
2024-03-26 14:57:00,29.949,29.95,29.941,29.941,4999.0,BTI
2024-03-26 14:56:00,29.94,29.95,29.94,29.949,3021.0,BTI
2024-03-26 14:55:00,29.95,29.95,29.94,29.945,4117.0,BTI
2024-03-26 14:54:00,29.945,29.945,29.94,29.94,1707.0,BTI
2024-03-26 14:53:00,29.949,29.95,29.94,29.945,1718.0,BTI
2024-03-26 14:52:00,29.945,29.95,29.945,29.945,10009.0,BTI
2024-03-26 14:51:00,29.947,29.947,29.945,29.945,544.0,BTI
2024-03-26 14:50:00,29.945,29.945,29.945,29.945,1666.0,BTI
2024-03-26 14:49:00,29.947,29.95,29.94,29.95,2482.0,BTI
2024-03-26 14:48:00,29.935,29.947,29.935,29.947,6790.0,BTI
2024-03-26 14:47:00,29.94,29.94,29.931,29.94,7563.0,BTI
2024-03-26 14:46:00,29.94,29.94,29.931,29.94,978.0,BTI
2024-03-26 14:45:00,29.935,29.94,29.935,29.94,1631.0,BTI
2024-03-26 14:44:00,29.935,29.94,29.93,29.94,3075.0,BTI
2024-03-26 14:43:00,29.94,29.94,29.935,29.94,1128.0,BTI
2024-03-26 14:42:00,29.936,29.94,29.931,29.94,4080.0,BTI
2024-03-26 14:41:00,29.935,29.94,29.93,29.94,14301.0,BTI
2024-03-26 14:40:00,29.95,29.95,29.925,29.935,43988.0,BTI
2024-03-26 14:39:00,29.94,29.95,29.94,29.942,962.0,BTI
2024-03-26 14:38:00,29.945,29.95,29.94,29.94,1609.0,BTI
2024-03-26 14:37:00,29.945,29.946,29.94,29.945,1468.0,BTI
2024-03-26 14:36:00,29.945,29.945,29.94,29.945,1363.0,BTI
2024-03-26 14:35:00,29.942,29.945,29.94,29.94,2041.0,BTI
2024-03-26 14:34:00,29.94,29.948,29.94,29.948,786.0,BTI
2024-03-26 14:33:00,29.94,29.95,29.94,29.94,1279.0,BTI
2024-03-26 14:32:00,29.944,29.945,29.94,29.945,3190.0,BTI
2024-03-26 14:31:00,29.942,29.95,29.94,29.943,10484.0,BTI
2024-03-26 14:30:00,29.945,29.945,29.94,29.94,772.0,BTI
2024-03-26 14:29:00,29.941,29.95,29.941,29.95,1070.0,BTI
2024-03-26 14:28:00,29.955,29.955,29.94,29.95,8137.0,BTI
2024-03-26 14:27:00,29.957,29.96,29.95,29.955,2254.0,BTI
2024-03-26 14:26:00,29.96,29.96,29.955,29.955,1318.0,BTI
2024-03-26 14:25:00,29.957,29.96,29.955,29.955,640.0,BTI
2024-03-26 14:24:00,29.955,29.955,29.95,29.955,3370.0,BTI
2024-03-26 14:22:00,29.951,29.956,29.95,29.952,6368.0,BTI
2024-03-26 14:21:00,29.96,29.96,29.955,29.96,15324.0,BTI
2024-03-26 14:20:00,29.957,29.957,29.951,29.951,422.0,BTI
2024-03-26 14:19:00,29.955,29.955,29.955,29.955,558.0,BTI
2024-03-26 14:18:00,29.955,29.96,29.955,29.96,345.0,BTI
2024-03-26 14:17:00,29.952,29.956,29.952,29.956,967.0,BTI
2024-03-26 14:16:00,29.95,29.955,29.95,29.955,2221.0,BTI
2024-03-26 14:15:00,29.943,29.955,29.943,29.95,3953.0,BTI
2024-03-26 14:14:00,29.945,29.955,29.945,29.95,6118.0,BTI
2024-03-26 14:13:00,29.945,29.95,29.945,29.95,1101.0,BTI
2024-03-26 14:12:00,29.945,29.95,29.941,29.941,1157.0,BTI
2024-03-26 14:11:00,29.94,29.95,29.935,29.95,3570.0,BTI
2024-03-26 14:10:00,29.935,29.935,29.935,29.935,3244.0,BTI
2024-03-26 14:09:00,29.935,29.94,29.932,29.938,8612.0,BTI
2024-03-26 14:08:00,29.935,29.94,29.931,29.931,1197.0,BTI
2024-03-26 14:07:00,29.935,29.94,29.935,29.935,2076.0,BTI
2024-03-26 14:06:00,29.935,29.94,29.935,29.935,7993.0,BTI
2024-03-26 14:05:00,29.94,29.94,29.935,29.935,9695.0,BTI
2024-03-26 14:04:00,29.948,29.948,29.94,29.94,809.0,BTI
2024-03-26 14:03:00,29.94,29.942,29.94,29.942,410.0,BTI
2024-03-26 14:02:00,29.942,29.942,29.942,29.942,643.0,BTI
2024-03-26 14:01:00,29.94,29.94,29.94,29.94,616.0,BTI
2024-03-26 14:00:00,29.94,29.949,29.94,29.94,1659.0,BTI
2024-03-26 13:59:00,29.94,29.945,29.94,29.945,600.0,BTI
2024-03-26 13:58:00,29.94,29.94,29.94,29.94,641.0,BTI
2024-03-26 13:57:00,29.95,29.95,29.94,29.94,1176.0,BTI
2024-03-26 13:56:00,29.945,29.95,29.94,29.941,2009.0,BTI
2024-03-26 13:55:00,29.935,29.95,29.935,29.945,2969.0,BTI
2024-03-26 13:54:00,29.93,29.93,29.93,29.93,361.0,BTI
2024-03-26 13:53:00,29.931,29.931,29.93,29.93,645.0,BTI
2024-03-26 13:52:00,29.935,29.94,29.931,29.935,1493.0,BTI
2024-03-26 13:51:00,29.935,29.935,29.93,29.93,589.0,BTI
2024-03-26 13:50:00,29.93,29.93,29.925,29.93,5314.0,BTI
2024-03-26 13:49:00,29.93,29.939,29.93,29.939,1250.0,BTI
2024-03-26 13:48:00,29.93,29.93,29.925,29.93,8794.0,BTI
2024-03-26 13:47:00,29.93,29.935,29.93,29.93,388.0,BTI
2024-03-26 13:46:00,29.935,29.94,29.935,29.935,770.0,BTI
2024-03-26 13:45:00,29.931,29.931,29.93,29.93,688.0,BTI
2024-03-26 13:44:00,29.935,29.935,29.93,29.93,385.0,BTI
2024-03-26 13:43:00,29.94,29.94,29.935,29.935,1651.0,BTI
2024-03-26 13:42:00,29.932,29.94,29.93,29.94,3252.0,BTI
2024-03-26 13:41:00,29.945,29.945,29.94,29.94,6546.0,BTI
2024-03-26 13:40:00,29.94,29.945,29.94,29.945,825.0,BTI
2024-03-26 13:39:00,29.943,29.945,29.94,29.94,763.0,BTI
2024-03-26 13:38:00,29.94,29.945,29.94,29.945,690.0,BTI
2024-03-26 13:37:00,29.955,29.955,29.94,29.95,1812.0,BTI
2024-03-26 13:36:00,29.965,29.965,29.955,29.955,7939.0,BTI
2024-03-26 13:35:00,29.95,29.96,29.95,29.955,10866.0,BTI
2024-03-26 13:34:00,29.935,29.95,29.93,29.95,19049.0,BTI
2024-03-26 13:33:00,29.93,29.94,29.93,29.93,6745.0,BTI
2024-03-26 13:32:00,29.932,29.94,29.93,29.93,3718.0,BTI
2024-03-26 13:31:00,29.941,29.943,29.935,29.94,3606.0,BTI
2024-03-26 13:30:00,29.94,29.945,29.94,29.941,1497.0,BTI
2024-03-26 13:29:00,29.94,29.95,29.94,29.94,1692.0,BTI
2024-03-26 13:28:00,29.94,29.95,29.94,29.94,1307.0,BTI
2024-03-26 13:27:00,29.945,29.945,29.945,29.945,629.0,BTI
2024-03-26 13:26:00,29.94,29.94,29.94,29.94,5014.0,BTI
2024-03-26 13:25:00,29.94,29.94,29.94,29.94,3761.0,BTI
2024-03-26 13:24:00,29.95,29.95,29.93,29.94,14613.0,BTI
2024-03-26 13:23:00,29.945,29.945,29.945,29.945,401.0,BTI
2024-03-26 13:22:00,29.945,29.945,29.942,29.945,879.0,BTI
2024-03-26 13:21:00,29.945,29.95,29.945,29.95,1086.0,BTI
2024-03-26 13:20:00,29.955,29.96,29.95,29.95,4587.0,BTI
2024-03-26 13:19:00,29.955,29.96,29.955,29.96,684.0,BTI
2024-03-26 13:18:00,29.955,29.955,29.955,29.955,1867.0,BTI
2024-03-26 13:17:00,29.964,29.965,29.951,29.951,8521.0,BTI
2024-03-26 13:16:00,29.965,29.97,29.96,29.96,2670.0,BTI
2024-03-26 13:15:00,29.965,29.97,29.96,29.97,765.0,BTI
2024-03-26 13:14:00,29.961,29.97,29.961,29.97,2216.0,BTI
2024-03-26 13:13:00,29.969,29.969,29.962,29.965,2042.0,BTI
2024-03-26 13:12:00,29.955,29.967,29.955,29.96,3855.0,BTI
2024-03-26 13:11:00,29.95,29.96,29.95,29.955,4515.0,BTI
2024-03-26 13:10:00,29.955,29.96,29.95,29.955,1518.0,BTI
2024-03-26 13:09:00,29.95,29.96,29.95,29.96,1419.0,BTI
2024-03-26 13:08:00,29.965,29.965,29.95,29.955,4657.0,BTI
2024-03-26 13:07:00,29.961,29.965,29.96,29.96,1049.0,BTI
2024-03-26 13:06:00,29.96,29.97,29.96,29.97,8290.0,BTI
2024-03-26 13:05:00,29.975,29.975,29.97,29.97,2255.0,BTI
2024-03-26 13:04:00,29.98,29.98,29.975,29.975,2514.0,BTI
2024-03-26 13:03:00,29.98,29.98,29.98,29.98,379.0,BTI
2024-03-26 13:02:00,29.995,29.995,29.99,29.99,1028.0,BTI
2024-03-26 13:01:00,29.994,30.0,29.994,29.995,2647.0,BTI
2024-03-26 13:00:00,29.995,29.995,29.99,29.99,2358.0,BTI
2024-03-26 12:58:00,30.005,30.005,29.995,29.995,1384.0,BTI
2024-03-26 12:57:00,30.01,30.01,30.0,30.0,6970.0,BTI
2024-03-26 12:56:00,29.995,30.001,29.995,30.0,7739.0,BTI
2024-03-26 12:55:00,29.995,30.0,29.99,30.0,4337.0,BTI
2024-03-26 12:54:00,29.995,29.995,29.99,29.995,1899.0,BTI
2024-03-26 12:53:00,29.994,29.999,29.994,29.995,455.0,BTI
2024-03-26 12:52:00,30.01,30.01,29.995,29.995,17062.0,BTI
2024-03-26 12:51:00,30.006,30.006,30.005,30.005,476.0,BTI
2024-03-26 12:50:00,30.0,30.005,29.995,30.005,5095.0,BTI
2024-03-26 12:49:00,30.0,30.01,30.0,30.01,574.0,BTI
2024-03-26 12:48:00,30.01,30.01,30.0,30.01,2402.0,BTI
2024-03-26 12:47:00,29.995,30.01,29.995,30.005,2773.0,BTI
2024-03-26 12:46:00,29.995,30.0,29.98,29.99,26191.0,BTI
2024-03-26 12:45:00,29.995,30.0,29.995,30.0,2779.0,BTI
2024-03-26 12:44:00,29.995,30.0,29.99,29.99,613.0,BTI
2024-03-26 12:43:00,29.997,29.997,29.99,29.99,4096.0,BTI
2024-03-26 12:42:00,29.995,30.0,29.992,29.995,4951.0,BTI
2024-03-26 12:41:00,29.995,30.0,29.995,29.995,9405.0,BTI
2024-03-26 12:40:00,29.999,30.0,29.99,29.995,10659.0,BTI
2024-03-26 12:39:00,29.995,29.995,29.995,29.995,1269.0,BTI
2024-03-26 12:38:00,29.995,30.0,29.995,30.0,6260.0,BTI
2024-03-26 12:37:00,29.99,30.0,29.99,29.995,9226.0,BTI
2024-03-26 12:36:00,29.99,29.99,29.99,29.99,435.0,BTI
2024-03-26 12:35:00,30.005,30.01,29.995,29.995,7304.0,BTI
2024-03-26 12:34:00,29.995,30.01,29.995,30.005,24922.0,BTI
2024-03-26 12:33:00,29.995,30.0,29.991,29.995,3063.0,BTI
2024-03-26 12:32:00,29.995,29.995,29.995,29.995,714.0,BTI
2024-03-26 12:31:00,29.995,29.995,29.99,29.995,11261.0,BTI
2024-03-26 12:30:00,30.005,30.01,29.992,29.992,16843.0,BTI
2024-03-26 12:29:00,29.99,30.01,29.99,30.01,15200.0,BTI
2024-03-26 12:28:00,30.01,30.01,29.98,29.99,13462.0,BTI
2024-03-26 12:27:00,30.0,30.01,30.0,30.001,36978.0,BTI
2024-03-26 12:26:00,30.0,30.01,30.0,30.0,3617.0,BTI
2024-03-26 12:25:00,30.007,30.02,30.0,30.01,12691.0,BTI
2024-03-26 12:24:00,30.01,30.01,30.0,30.01,6823.0,BTI
2024-03-26 12:23:00,30.01,30.02,30.01,30.01,16030.0,BTI
2024-03-26 12:22:00,30.02,30.02,30.01,30.01,19132.0,BTI
2024-03-26 12:21:00,30.025,30.04,30.02,30.02,5230.0,BTI
2024-03-26 12:20:00,30.015,30.025,30.01,30.02,9902.0,BTI
2024-03-26 12:19:00,30.02,30.02,30.01,30.01,13126.0,BTI
2024-03-26 12:18:00,30.025,30.03,30.02,30.025,10438.0,BTI
2024-03-26 12:17:00,30.02,30.03,30.02,30.03,2874.0,BTI
2024-03-26 12:16:00,30.035,30.035,30.02,30.02,6734.0,BTI
2024-03-26 12:15:00,30.02,30.038,30.02,30.03,14379.0,BTI
2024-03-26 12:14:00,30.02,30.03,30.02,30.025,4185.0,BTI
2024-03-26 12:13:00,30.025,30.03,30.02,30.02,14821.0,BTI
2024-03-26 12:12:00,30.02,30.025,30.015,30.02,3835.0,BTI
2024-03-26 12:11:00,30.0,30.018,30.0,30.018,6592.0,BTI
2024-03-26 12:10:00,30.0,30.0,29.99,30.0,32529.0,BTI
2024-03-26 12:09:00,30.02,30.02,30.0,30.0,4221.0,BTI
2024-03-26 12:08:00,30.005,30.02,30.005,30.015,1620.0,BTI
2024-03-26 12:07:00,30.0,30.018,30.0,30.015,3658.0,BTI
2024-03-26 12:06:00,30.016,30.02,30.005,30.005,8069.0,BTI
2024-03-26 12:05:00,30.01,30.02,30.01,30.015,6703.0,BTI
2024-03-26 12:04:00,30.019,30.019,30.01,30.015,2020.0,BTI
2024-03-26 12:03:00,30.01,30.015,30.0,30.01,26529.0,BTI
2024-03-26 12:02:00,30.01,30.011,30.01,30.011,777.0,BTI
2024-03-26 12:01:00,30.02,30.02,30.01,30.02,17239.0,BTI
2024-03-26 12:00:00,30.015,30.02,30.01,30.015,3071.0,BTI
2024-03-26 11:59:00,30.025,30.025,30.015,30.015,13050.0,BTI
2024-03-26 11:58:00,30.01,30.03,30.01,30.03,5262.0,BTI
2024-03-26 11:57:00,30.01,30.01,30.0,30.01,6161.0,BTI
2024-03-26 11:56:00,30.0,30.01,29.995,30.0,11919.0,BTI
2024-03-26 11:55:00,29.995,30.0,29.995,29.995,896.0,BTI
2024-03-26 11:54:00,29.999,30.01,29.995,29.995,34953.0,BTI
2024-03-26 11:53:00,30.0,30.0,29.99,30.0,4096.0,BTI
2024-03-26 11:52:00,30.0,30.0,29.995,30.0,1510.0,BTI
2024-03-26 11:51:00,30.0,30.0,29.99,30.0,1304.0,BTI
2024-03-26 11:50:00,29.975,29.99,29.975,29.99,7221.0,BTI
2024-03-26 11:49:00,29.975,29.975,29.965,29.975,13110.0,BTI
2024-03-26 11:48:00,29.965,29.975,29.96,29.97,5031.0,BTI
2024-03-26 11:47:00,29.95,29.97,29.95,29.97,5929.0,BTI
2024-03-26 11:46:00,29.96,29.96,29.94,29.95,6322.0,BTI
2024-03-26 11:45:00,29.97,29.97,29.955,29.96,11627.0,BTI
2024-03-26 11:44:00,29.98,29.98,29.965,29.965,6170.0,BTI
2024-03-26 11:43:00,29.99,29.995,29.98,29.98,11508.0,BTI
2024-03-26 11:42:00,29.99,29.99,29.98,29.98,13144.0,BTI
2024-03-26 11:41:00,29.98,29.99,29.98,29.98,9841.0,BTI
2024-03-26 11:40:00,29.99,29.99,29.98,29.98,13287.0,BTI
2024-03-26 11:39:00,30.005,30.005,29.99,29.995,4081.0,BTI
2024-03-26 11:38:00,29.995,30.005,29.99,30.0,8999.0,BTI
2024-03-26 11:37:00,30.0,30.01,29.99,30.0,13760.0,BTI
2024-03-26 11:36:00,30.0,30.01,30.0,30.0,3741.0,BTI
2024-03-26 11:35:00,30.0,30.005,29.995,30.005,15517.0,BTI
2024-03-26 11:34:00,29.99,30.0,29.99,30.0,2953.0,BTI
2024-03-26 11:33:00,29.995,30.0,29.99,29.99,3070.0,BTI
2024-03-26 11:32:00,29.98,29.999,29.98,29.995,6868.0,BTI
2024-03-26 11:31:00,29.97,29.99,29.97,29.982,13424.0,BTI
2024-03-26 11:30:00,29.95,29.97,29.945,29.965,32082.0,BTI
2024-03-26 11:29:00,29.96,29.96,29.94,29.945,7389.0,BTI
2024-03-26 11:28:00,29.96,29.96,29.95,29.955,2720.0,BTI
2024-03-26 11:27:00,29.965,29.97,29.955,29.96,5571.0,BTI
2024-03-26 11:26:00,29.95,29.97,29.95,29.96,26478.0,BTI
2024-03-26 11:25:00,29.949,29.956,29.945,29.95,8966.0,BTI
2024-03-26 11:24:00,29.93,29.95,29.93,29.945,19504.0,BTI
2024-03-26 11:23:00,29.92,29.93,29.92,29.93,17379.0,BTI
2024-03-26 11:22:00,29.931,29.939,29.92,29.92,12762.0,BTI
2024-03-26 11:21:00,29.93,29.935,29.925,29.93,21467.0,BTI
2024-03-26 11:20:00,29.945,29.945,29.92,29.935,15173.0,BTI
2024-03-26 11:19:00,29.94,29.95,29.935,29.95,5467.0,BTI
2024-03-26 11:18:00,29.93,29.945,29.92,29.94,21905.0,BTI
2024-03-26 11:17:00,29.94,29.94,29.93,29.94,27654.0,BTI
2024-03-26 11:16:00,29.95,29.955,29.94,29.94,3677.0,BTI
2024-03-26 11:15:00,29.94,29.955,29.94,29.94,10287.0,BTI
2024-03-26 11:14:00,29.93,29.95,29.925,29.942,16233.0,BTI
2024-03-26 11:13:00,29.925,29.935,29.92,29.925,17870.0,BTI
2024-03-26 11:12:00,29.923,29.93,29.92,29.93,1181.0,BTI
2024-03-26 11:11:00,29.935,29.935,29.93,29.93,8906.0,BTI
2024-03-26 11:10:00,29.93,29.93,29.925,29.93,6283.0,BTI
2024-03-26 11:09:00,29.92,29.935,29.92,29.93,11969.0,BTI
2024-03-26 11:08:00,29.925,29.93,29.915,29.92,3098.0,BTI
2024-03-26 11:07:00,29.92,29.93,29.91,29.92,9095.0,BTI
2024-03-26 11:06:00,29.92,29.92,29.915,29.92,8556.0,BTI
2024-03-26 11:05:00,29.92,29.92,29.91,29.915,6307.0,BTI
2024-03-26 11:04:00,29.92,29.925,29.91,29.925,6357.0,BTI
2024-03-26 11:03:00,29.92,29.92,29.9,29.92,34890.0,BTI
2024-03-26 11:02:00,29.93,29.93,29.91,29.919,9016.0,BTI
2024-03-26 11:01:00,29.925,29.935,29.92,29.92,11419.0,BTI
2024-03-26 11:00:00,29.935,29.935,29.91,29.92,28718.0,BTI
2024-03-26 10:59:00,29.975,29.975,29.93,29.93,35992.0,BTI
2024-03-26 10:58:00,29.99,29.99,29.98,29.985,18552.0,BTI
2024-03-26 10:57:00,29.99,29.995,29.99,29.99,6463.0,BTI
2024-03-26 10:56:00,29.985,29.99,29.98,29.99,5050.0,BTI
2024-03-26 10:55:00,29.955,29.98,29.955,29.98,18877.0,BTI
2024-03-26 10:54:00,29.945,29.955,29.943,29.952,5012.0,BTI
2024-03-26 10:53:00,29.945,29.95,29.935,29.94,18644.0,BTI
2024-03-26 10:52:00,29.945,29.95,29.94,29.945,10027.0,BTI
2024-03-26 10:51:00,29.95,29.955,29.945,29.945,12526.0,BTI
2024-03-26 10:50:00,29.95,29.95,29.94,29.94,2829.0,BTI
2024-03-26 10:49:00,29.945,29.95,29.94,29.94,10811.0,BTI
2024-03-26 10:48:00,29.935,29.95,29.925,29.95,10258.0,BTI
2024-03-26 10:47:00,29.93,29.94,29.93,29.93,4601.0,BTI
2024-03-26 10:46:00,29.945,29.945,29.94,29.94,6497.0,BTI
2024-03-26 10:45:00,29.95,29.95,29.94,29.94,10711.0,BTI
2024-03-26 10:44:00,29.97,29.97,29.95,29.95,15638.0,BTI
2024-03-26 10:43:00,29.98,29.98,29.961,29.97,15731.0,BTI
2024-03-26 10:42:00,29.95,29.97,29.95,29.97,11475.0,BTI
2024-03-26 10:41:00,29.93,29.95,29.93,29.95,28200.0,BTI
2024-03-26 10:40:00,29.925,29.935,29.92,29.93,16459.0,BTI
2024-03-26 10:39:00,29.92,29.93,29.92,29.93,17519.0,BTI
2024-03-26 10:38:00,29.925,29.925,29.91,29.92,24097.0,BTI
2024-03-26 10:37:00,29.925,29.93,29.91,29.93,19096.0,BTI
2024-03-26 10:36:00,29.93,29.93,29.92,29.93,12982.0,BTI
2024-03-26 10:35:00,29.92,29.94,29.91,29.925,24239.0,BTI
2024-03-26 10:34:00,29.921,29.921,29.91,29.915,12059.0,BTI
2024-03-26 10:33:00,29.92,29.925,29.91,29.92,13190.0,BTI
2024-03-26 10:32:00,29.93,29.93,29.92,29.92,12954.0,BTI
2024-03-26 10:31:00,29.95,29.95,29.92,29.93,19734.0,BTI
2024-03-26 10:30:00,29.942,29.95,29.94,29.945,3392.0,BTI
2024-03-26 10:29:00,29.955,29.955,29.94,29.945,6799.0,BTI
2024-03-26 10:28:00,29.955,29.96,29.95,29.955,5581.0,BTI
2024-03-26 10:27:00,29.97,29.98,29.95,29.95,10250.0,BTI
2024-03-26 10:26:00,29.97,29.98,29.97,29.97,5758.0,BTI
2024-03-26 10:25:00,29.97,29.98,29.97,29.98,9921.0,BTI
2024-03-26 10:24:00,29.97,29.975,29.96,29.975,7336.0,BTI
2024-03-26 10:23:00,29.95,29.97,29.95,29.97,7559.0,BTI
2024-03-26 10:22:00,29.95,29.96,29.95,29.955,4115.0,BTI
2024-03-26 10:21:00,29.96,29.96,29.95,29.95,5016.0,BTI
2024-03-26 10:20:00,29.94,29.96,29.935,29.96,7798.0,BTI
2024-03-26 10:19:00,29.95,29.95,29.93,29.933,11010.0,BTI
2024-03-26 10:18:00,29.95,29.96,29.945,29.95,8523.0,BTI
2024-03-26 10:17:00,29.95,29.95,29.94,29.94,4821.0,BTI
2024-03-26 10:16:00,29.94,29.96,29.93,29.95,42350.0,BTI
2024-03-26 10:15:00,29.94,29.945,29.93,29.932,6940.0,BTI
2024-03-26 10:14:00,29.945,29.955,29.94,29.94,13665.0,BTI
2024-03-26 10:13:00,29.97,29.97,29.94,29.94,18953.0,BTI
2024-03-26 10:12:00,29.985,29.985,29.96,29.96,14101.0,BTI
2024-03-26 10:11:00,29.98,29.98,29.96,29.98,12157.0,BTI
2024-03-26 10:10:00,29.975,29.985,29.965,29.97,12662.0,BTI
2024-03-26 10:09:00,30.015,30.02,29.975,29.975,85108.0,BTI
2024-03-26 10:08:00,30.03,30.035,30.01,30.01,8355.0,BTI
2024-03-26 10:07:00,30.01,30.035,30.01,30.03,5393.0,BTI
2024-03-26 10:06:00,30.02,30.026,30.01,30.01,10964.0,BTI
2024-03-26 10:05:00,30.015,30.02,30.01,30.01,9287.0,BTI
2024-03-26 10:04:00,30.015,30.02,30.0,30.01,15760.0,BTI
2024-03-26 10:03:00,30.04,30.049,30.01,30.01,28844.0,BTI
2024-03-26 10:02:00,30.05,30.056,30.04,30.04,23183.0,BTI
2024-03-26 10:01:00,30.055,30.06,30.05,30.05,11060.0,BTI
2024-03-26 10:00:00,30.06,30.06,30.05,30.055,8291.0,BTI
2024-03-26 09:59:00,30.06,30.065,30.05,30.062,6592.0,BTI
2024-03-26 09:58:00,30.06,30.065,30.05,30.055,4403.0,BTI
2024-03-26 09:57:00,30.07,30.07,30.06,30.06,2243.0,BTI
2024-03-26 09:56:00,30.055,30.075,30.055,30.07,6451.0,BTI
2024-03-26 09:55:00,30.06,30.065,30.05,30.055,5172.0,BTI
2024-03-26 09:54:00,30.06,30.066,30.05,30.06,8825.0,BTI
2024-03-26 09:53:00,30.08,30.085,30.06,30.062,22485.0,BTI
2024-03-26 09:52:00,30.08,30.1,30.08,30.08,3384.0,BTI
2024-03-26 09:51:00,30.105,30.105,30.085,30.085,5053.0,BTI
2024-03-26 09:50:00,30.1,30.115,30.1,30.1,10574.0,BTI
2024-03-26 09:49:00,30.105,30.11,30.1,30.1,3432.0,BTI
2024-03-26 09:48:00,30.095,30.11,30.09,30.105,5817.0,BTI
2024-03-26 09:47:00,30.135,30.135,30.09,30.1,18772.0,BTI
2024-03-26 09:46:00,30.13,30.14,30.12,30.134,6210.0,BTI
2024-03-26 09:45:00,30.14,30.14,30.14,30.14,1835.0,BTI
2024-03-26 09:44:00,30.13,30.15,30.13,30.14,8208.0,BTI
2024-03-26 09:43:00,30.11,30.14,30.11,30.135,4570.0,BTI
2024-03-26 09:42:00,30.11,30.12,30.11,30.12,3722.0,BTI
2024-03-26 09:41:00,30.11,30.11,30.11,30.11,2212.0,BTI
2024-03-26 09:40:00,30.11,30.115,30.1,30.1,8403.0,BTI
2024-03-26 09:39:00,30.1,30.12,30.09,30.12,2659.0,BTI
2024-03-26 09:38:00,30.1,30.11,30.1,30.105,7710.0,BTI
2024-03-26 09:37:00,30.07,30.095,30.06,30.09,16101.0,BTI
2024-03-26 09:36:00,30.085,30.085,30.06,30.07,19320.0,BTI
2024-03-26 09:35:00,30.07,30.085,30.07,30.08,2968.0,BTI
2024-03-26 09:34:00,30.1,30.1,30.07,30.07,1763.0,BTI
2024-03-26 09:33:00,30.11,30.12,30.11,30.11,4936.0,BTI
2024-03-26 09:32:00,30.07,30.11,30.06,30.1,34398.0,BTI
2024-03-26 09:31:00,30.09,30.09,30.07,30.07,3215.0,BTI
2024-03-26 09:30:00,30.07,30.11,30.07,30.09,68747.0,BTI
2024-03-26 09:29:00,30.05,30.05,30.05,30.05,7.0,BTI
2024-03-26 09:28:00,30.04,30.05,30.02,30.05,461.0,BTI
2024-03-26 09:27:00,30.01,30.01,30.01,30.01,2.0,BTI
2024-03-26 09:26:00,30.02,30.02,30.01,30.01,1.0,BTI
2024-03-26 09:25:00,30.02,30.02,30.02,30.02,6.0,BTI
2024-03-26 09:24:00,30.03,30.03,30.03,30.03,0.0,BTI
2024-03-26 09:23:00,30.04,30.04,30.03,30.03,44.0,BTI
2024-03-26 09:21:00,30.04,30.04,30.04,30.04,0.0,BTI
2024-03-26 09:20:00,30.05,30.05,30.05,30.05,3584.0,BTI
2024-03-26 09:19:00,30.05,30.05,30.05,30.05,96.0,BTI
2024-03-26 09:18:00,30.06,30.06,30.06,30.06,1.0,BTI
2024-03-26 09:16:00,30.07,30.07,30.05,30.05,1017.0,BTI
2024-03-26 09:15:00,30.08,30.08,30.08,30.08,1.0,BTI
2024-03-26 09:14:00,30.07,30.07,30.07,30.07,48.0,BTI
2024-03-26 09:13:00,30.08,30.08,30.08,30.08,0.0,BTI
2024-03-26 09:12:00,30.07,30.07,30.06,30.06,15.0,BTI
2024-03-26 09:11:00,30.07,30.07,30.07,30.07,0.0,BTI
2024-03-26 09:10:00,30.08,30.08,30.08,30.08,4.0,BTI
2024-03-26 09:09:00,30.07,30.07,30.07,30.07,9.0,BTI
2024-03-26 09:08:00,30.075,30.09,30.075,30.08,127.0,BTI
2024-03-26 09:07:00,30.1,30.1,30.1,30.1,4.0,BTI
2024-03-26 09:06:00,30.12,30.12,30.11,30.119,99.0,BTI
2024-03-26 09:05:00,30.11,30.11,30.1,30.1,10558.0,BTI
2024-03-26 09:04:00,30.11,30.11,30.11,30.11,935.0,BTI
2024-03-26 09:03:00,30.1,30.1,30.1,30.1,3613.0,BTI
2024-03-26 09:02:00,30.1,30.1,30.1,30.1,46.0,BTI
2024-03-26 09:01:00,30.1,30.1,30.1,30.1,3039.0,BTI
2024-03-26 08:59:00,30.1,30.1,30.1,30.1,13.0,BTI
2024-03-26 08:57:00,30.08,30.08,30.08,30.08,19.0,BTI
2024-03-26 08:56:00,30.07,30.085,30.07,30.085,73.0,BTI
2024-03-26 08:55:00,30.1,30.1,30.085,30.085,1.0,BTI
2024-03-26 08:53:00,30.12,30.12,30.12,30.12,73.0,BTI
2024-03-26 08:52:00,30.1,30.1,30.1,30.1,484.0,BTI
2024-03-26 08:49:00,30.12,30.12,30.09,30.09,1464.0,BTI
2024-03-26 08:47:00,30.1,30.1,30.09,30.09,216.0,BTI
2024-03-26 08:45:00,30.11,30.11,30.11,30.11,1182.0,BTI
2024-03-26 08:44:00,30.08,30.08,30.08,30.08,387.0,BTI
2024-03-26 08:43:00,30.07,30.07,30.06,30.06,560.0,BTI
2024-03-26 08:40:00,30.04,30.04,30.04,30.04,532.0,BTI
2024-03-26 08:39:00,30.05,30.05,30.05,30.05,485.0,BTI
2024-03-26 08:38:00,30.04,30.04,30.04,30.04,29.0,BTI
2024-03-26 08:37:00,30.04,30.04,30.04,30.04,484.0,BTI
2024-03-26 08:36:00,30.03,30.04,30.03,30.04,1105.0,BTI
2024-03-26 08:34:00,30.04,30.04,30.04,30.04,3.0,BTI
2024-03-26 08:32:00,30.05,30.05,30.05,30.05,4.0,BTI
2024-03-26 08:30:00,30.055,30.055,30.055,30.055,0.0,BTI
2024-03-26 08:28:00,30.07,30.07,30.07,30.07,46.0,BTI
2024-03-26 08:27:00,30.045,30.045,30.04,30.04,194.0,BTI
2024-03-26 08:25:00,30.04,30.04,30.04,30.04,109.0,BTI
2024-03-26 08:24:00,30.04,30.04,30.04,30.04,387.0,BTI
2024-03-26 08:23:00,30.049,30.049,30.04,30.04,193.0,BTI
2024-03-26 08:22:00,30.03,30.03,30.03,30.03,2.0,BTI
2024-03-26 08:20:00,30.04,30.04,30.04,30.04,19.0,BTI
2024-03-26 08:19:00,30.04,30.04,30.04,30.04,443.0,BTI
2024-03-26 08:18:00,30.06,30.06,30.06,30.06,4.0,BTI
2024-03-26 08:17:00,30.04,30.04,30.04,30.04,89.0,BTI
2024-03-26 08:14:00,30.04,30.04,30.04,30.04,484.0,BTI
2024-03-26 08:12:00,30.03,30.03,30.03,30.03,24.0,BTI
2024-03-26 08:11:00,30.02,30.02,30.02,30.02,0.0,BTI
2024-03-26 08:09:00,30.01,30.012,30.01,30.012,29.0,BTI
2024-03-26 08:06:00,30.02,30.02,30.01,30.01,38.0,BTI
2024-03-26 08:04:00,30.01,30.1,30.01,30.1,39.0,BTI
2024-03-26 08:03:00,30.05,30.1,30.05,30.1,120.0,BTI
2024-03-26 08:02:00,30.01,30.1,30.01,30.1,97.0,BTI
2024-03-26 08:01:00,30.01,30.01,30.01,30.01,14.0,BTI
2024-03-26 08:00:00,30.1,30.11,29.7,30.05,92.0,BTI
2024-03-26 07:58:00,30.01,30.01,30.01,30.01,78.0,BTI
2024-03-26 07:56:00,30.02,30.02,30.02,30.02,0.0,BTI
2024-03-26 07:49:00,30.02,30.02,30.02,30.02,9.0,BTI
2024-03-26 07:44:00,30.03,30.03,30.03,30.03,2.0,BTI
2024-03-26 07:40:00,30.04,30.04,30.04,30.04,649.0,BTI
2024-03-26 07:39:00,30.05,30.05,30.05,30.05,187.0,BTI
2024-03-26 07:24:00,30.09,30.11,30.09,30.11,18.0,BTI
2024-03-26 07:19:00,30.09,30.09,30.09,30.09,114.0,BTI
2024-03-26 07:09:00,30.07,30.07,30.05,30.05,259.0,BTI
2024-03-26 06:54:00,30.13,30.13,30.13,30.13,484.0,BTI
2024-03-26 06:46:00,30.13,30.13,30.13,30.13,9.0,BTI
2024-03-26 06:28:00,30.1,30.1,30.1,30.1,9.0,BTI
2024-03-26 06:12:00,30.06,30.06,30.06,30.06,96.0,BTI
2024-03-26 06:09:00,30.06,30.06,30.06,30.06,319.0,BTI
2024-03-26 06:01:00,30.03,30.03,30.03,30.03,290.0,BTI
2024-03-26 05:56:00,30.0,30.0,30.0,30.0,3704.0,BTI
2024-03-26 05:53:00,30.02,30.02,30.0,30.0,1.0,BTI
2024-03-26 05:52:00,30.03,30.03,30.03,30.03,10.0,BTI
2024-03-26 05:51:00,30.02,30.02,30.02,30.02,1.0,BTI
2024-03-26 05:49:00,30.02,30.02,30.02,30.02,9.0,BTI
2024-03-26 05:48:00,30.02,30.02,30.02,30.02,441.0,BTI
2024-03-26 05:42:00,30.02,30.02,30.02,30.02,128.0,BTI
2024-03-26 05:23:00,30.0,30.0,30.0,30.0,711.0,BTI
2024-03-26 05:20:00,30.02,30.02,30.02,30.02,96.0,BTI
2024-03-26 05:10:00,30.09,30.09,30.09,30.09,193.0,BTI
2024-03-26 05:00:00,30.05,30.05,30.05,30.05,96.0,BTI
2024-03-26 04:45:00,30.04,30.04,30.04,30.04,26.0,BTI
2024-03-26 04:37:00,30.01,30.01,30.0,30.0,145.0,BTI
2024-03-26 04:36:00,30.02,30.02,30.02,30.02,9.0,BTI
2024-03-26 04:34:00,30.03,30.03,30.03,30.03,3.0,BTI
2024-03-26 04:29:00,30.07,30.07,30.07,30.07,9.0,BTI
2024-03-26 04:18:00,30.03,30.03,30.03,30.03,0.0,BTI
2024-03-26 04:12:00,29.96,29.96,29.96,29.96,10.0,BTI
2024-03-26 04:11:00,29.99,29.99,29.99,29.99,0.0,BTI
2024-03-26 04:10:00,30.02,30.02,29.99,29.99,222.0,BTI
2024-03-26 04:09:00,30.05,30.05,30.05,30.05,9.0,BTI
2024-03-26 04:05:00,30.12,30.12,30.1,30.1,990.0,BTI
2024-03-26 04:04:00,30.13,30.13,30.13,30.13,4.0,BTI
2024-03-26 04:01:00,30.16,30.16,30.16,30.16,8.0,BTI
2024-03-26 04:00:00,30.23,30.23,30.16,30.16,1.0,BTI
2024-03-25 19:59:00,30.16,30.16,30.16,30.16,0.0,BTI
2024-03-25 19:56:00,30.16,30.16,30.16,30.16,0.0,BTI
2024-03-25 19:54:00,30.16,30.16,30.16,30.16,0.0,BTI
2024-03-25 19:52:00,30.16,30.16,30.16,30.16,0.0,BTI
2024-03-25 19:51:00,30.22,30.22,30.22,30.22,0.0,BTI
2024-03-25 19:17:00,30.19,30.19,30.19,30.19,0.0,BTI
2024-03-25 19:01:00,30.2,30.2,30.2,30.2,4.0,BTI
2024-03-25 19:00:00,30.05,30.05,30.05,30.05,171602.0,BTI
2024-03-25 18:42:00,30.16,30.16,30.16,30.16,4.0,BTI
2024-03-25 18:39:00,30.16,30.16,30.16,30.16,4.0,BTI
2024-03-25 18:36:00,30.1,30.1,30.1,30.1,0.0,BTI
2024-03-25 18:33:00,30.22,30.22,30.22,30.22,484.0,BTI
2024-03-25 18:30:00,30.05,30.05,30.05,30.05,171602.0,BTI
2024-03-25 18:27:00,30.1,30.1,30.1,30.1,0.0,BTI
2024-03-25 18:25:00,30.214,30.214,30.214,30.214,193.0,BTI
2024-03-25 18:22:00,30.22,30.22,30.22,30.22,0.0,BTI
2024-03-25 18:21:00,30.16,30.16,30.16,30.16,8.0,BTI
2024-03-25 18:19:00,30.1,30.1,30.1,30.1,0.0,BTI
2024-03-25 18:06:00,30.16,30.16,30.16,30.16,0.0,BTI
2024-03-25 18:01:00,30.0,30.0,30.0,30.0,71.0,BTI
2024-03-25 17:58:00,30.07,30.07,30.01,30.01,31.0,BTI
2024-03-25 17:17:00,30.22,30.22,30.22,30.22,0.0,BTI
2024-03-25 17:15:00,30.01,30.01,30.01,30.01,0.0,BTI
2024-03-25 17:13:00,30.15,30.15,30.15,30.15,0.0,BTI
2024-03-25 17:10:00,30.06,30.06,30.06,30.06,0.0,BTI
2024-03-25 17:07:00,30.15,30.15,30.15,30.15,1.0,BTI
2024-03-25 17:01:00,30.15,30.15,30.15,30.15,0.0,BTI
2024-03-25 16:50:00,30.05,30.05,30.05,30.05,13183.0,BTI
2024-03-25 16:47:00,30.15,30.15,30.15,30.15,4.0,BTI
2024-03-25 16:43:00,30.05,30.05,30.05,30.05,26238.0,BTI
2024-03-25 16:40:00,30.07,30.139,30.06,30.139,121.0,BTI
2024-03-25 16:39:00,30.1,30.1,30.1,30.1,1.0,BTI
2024-03-25 16:38:00,30.05,30.05,30.05,30.05,15895.0,BTI
2024-03-25 16:34:00,30.14,30.14,30.14,30.14,47.0,BTI
2024-03-25 16:33:00,30.1,30.1,30.1,30.1,96.0,BTI
2024-03-25 16:31:00,30.15,30.15,30.15,30.15,6.0,BTI
2024-03-25 16:30:00,30.14,30.15,30.14,30.15,5.0,BTI
2024-03-25 16:18:00,30.075,30.075,30.01,30.01,2.0,BTI
2024-03-25 16:16:00,30.11,30.11,30.11,30.11,6.0,BTI
2024-03-25 16:15:00,30.105,30.105,30.105,30.105,0.0,BTI
2024-03-25 16:10:00,30.05,30.05,30.05,30.05,171602.0,BTI
2024-03-25 16:04:00,30.05,30.105,30.05,30.105,212.0,BTI
2024-03-25 16:02:00,30.16,30.16,30.16,30.16,1.0,BTI
2024-03-25 16:00:00,30.06,30.06,30.05,30.05,373886.0,BTI
2024-03-25 15:59:00,30.055,30.06,30.05,30.055,40707.0,BTI
2024-03-25 15:58:00,30.055,30.055,30.05,30.055,9236.0,BTI
2024-03-25 15:57:00,30.045,30.055,30.04,30.055,38401.0,BTI
2024-03-25 15:56:00,30.045,30.048,30.04,30.045,9068.0,BTI
2024-03-25 15:55:00,30.04,30.05,30.03,30.04,40639.0,BTI
2024-03-25 15:54:00,30.03,30.04,30.03,30.035,11378.0,BTI
2024-03-25 15:53:00,30.04,30.04,30.03,30.035,24858.0,BTI
2024-03-25 15:52:00,30.04,30.04,30.03,30.035,9731.0,BTI
2024-03-25 15:51:00,30.04,30.04,30.03,30.035,15573.0,BTI
2024-03-25 15:50:00,30.05,30.07,30.04,30.04,44016.0,BTI
2024-03-25 15:49:00,30.045,30.05,30.04,30.045,48625.0,BTI
2024-03-25 15:48:00,30.04,30.05,30.04,30.045,6234.0,BTI
2024-03-25 15:47:00,30.04,30.045,30.04,30.04,6650.0,BTI
2024-03-25 15:46:00,30.04,30.045,30.04,30.04,5168.0,BTI
2024-03-25 15:45:00,30.042,30.047,30.04,30.04,9540.0,BTI
2024-03-25 15:44:00,30.04,30.05,30.04,30.04,9849.0,BTI
2024-03-25 15:43:00,30.045,30.045,30.04,30.04,4377.0,BTI
2024-03-25 15:42:00,30.04,30.045,30.04,30.04,5861.0,BTI
2024-03-25 15:41:00,30.04,30.05,30.04,30.04,5267.0,BTI
2024-03-25 15:40:00,30.04,30.049,30.04,30.04,3417.0,BTI
2024-03-25 15:39:00,30.045,30.045,30.04,30.04,5223.0,BTI
2024-03-25 15:38:00,30.04,30.045,30.04,30.045,2973.0,BTI
2024-03-25 15:37:00,30.045,30.045,30.04,30.04,2221.0,BTI
2024-03-25 15:36:00,30.05,30.05,30.04,30.04,1100.0,BTI
2024-03-25 15:35:00,30.04,30.05,30.04,30.045,19421.0,BTI
2024-03-25 15:34:00,30.04,30.05,30.04,30.04,7318.0,BTI
2024-03-25 15:33:00,30.045,30.05,30.04,30.04,18153.0,BTI
2024-03-25 15:32:00,30.045,30.045,30.04,30.04,1652.0,BTI
2024-03-25 15:31:00,30.045,30.05,30.045,30.045,2922.0,BTI
2024-03-25 15:30:00,30.045,30.05,30.04,30.045,7219.0,BTI
2024-03-25 15:29:00,30.04,30.045,30.04,30.04,1960.0,BTI
2024-03-25 15:28:00,30.04,30.045,30.04,30.045,3432.0,BTI
2024-03-25 15:27:00,30.045,30.045,30.04,30.04,1955.0,BTI
2024-03-25 15:26:00,30.045,30.045,30.04,30.04,4282.0,BTI
2024-03-25 15:25:00,30.045,30.045,30.04,30.045,2906.0,BTI
2024-03-25 15:24:00,30.04,30.045,30.04,30.04,1948.0,BTI
2024-03-25 15:23:00,30.041,30.045,30.04,30.04,855.0,BTI
2024-03-25 15:22:00,30.04,30.049,30.04,30.04,2881.0,BTI
2024-03-25 15:21:00,30.045,30.05,30.04,30.04,2123.0,BTI
2024-03-25 15:20:00,30.045,30.05,30.045,30.05,2243.0,BTI
2024-03-25 15:19:00,30.04,30.05,30.04,30.04,9735.0,BTI
2024-03-25 15:18:00,30.055,30.055,30.04,30.045,10707.0,BTI
2024-03-25 15:17:00,30.05,30.06,30.05,30.06,6636.0,BTI
2024-03-25 15:16:00,30.05,30.06,30.05,30.052,1135.0,BTI
2024-03-25 15:15:00,30.05,30.055,30.05,30.055,1482.0,BTI
2024-03-25 15:14:00,30.055,30.055,30.055,30.055,1373.0,BTI
2024-03-25 15:13:00,30.055,30.055,30.055,30.055,526.0,BTI
2024-03-25 15:12:00,30.055,30.06,30.05,30.055,8618.0,BTI
2024-03-25 15:11:00,30.055,30.06,30.055,30.055,5630.0,BTI
2024-03-25 15:10:00,30.05,30.055,30.05,30.055,9082.0,BTI
2024-03-25 15:09:00,30.055,30.06,30.05,30.06,5091.0,BTI
2024-03-25 15:08:00,30.06,30.06,30.05,30.05,2280.0,BTI
2024-03-25 15:07:00,30.055,30.06,30.05,30.057,4263.0,BTI
2024-03-25 15:06:00,30.06,30.06,30.055,30.055,2585.0,BTI
2024-03-25 15:05:00,30.06,30.07,30.055,30.06,9775.0,BTI
2024-03-25 15:04:00,30.06,30.06,30.055,30.06,20675.0,BTI
2024-03-25 15:03:00,30.055,30.06,30.055,30.055,4306.0,BTI
2024-03-25 15:02:00,30.05,30.06,30.05,30.06,1847.0,BTI
2024-03-25 15:01:00,30.055,30.055,30.055,30.055,953.0,BTI
2024-03-25 15:00:00,30.061,30.069,30.055,30.06,6682.0,BTI
2024-03-25 14:59:00,30.065,30.065,30.06,30.065,2109.0,BTI
2024-03-25 14:58:00,30.075,30.075,30.065,30.065,10616.0,BTI
2024-03-25 14:57:00,30.072,30.08,30.072,30.075,1304.0,BTI
2024-03-25 14:56:00,30.075,30.075,30.075,30.075,241.0,BTI
2024-03-25 14:55:00,30.075,30.075,30.07,30.075,2362.0,BTI
2024-03-25 14:54:00,30.071,30.08,30.07,30.075,8179.0,BTI
2024-03-25 14:53:00,30.07,30.075,30.07,30.07,1268.0,BTI
2024-03-25 14:52:00,30.075,30.075,30.07,30.07,5395.0,BTI
2024-03-25 14:51:00,30.075,30.08,30.075,30.075,2141.0,BTI
2024-03-25 14:50:00,30.085,30.085,30.07,30.07,1735.0,BTI
2024-03-25 14:49:00,30.08,30.09,30.08,30.08,4228.0,BTI
2024-03-25 14:48:00,30.08,30.08,30.08,30.08,274.0,BTI
2024-03-25 14:47:00,30.095,30.095,30.09,30.09,3038.0,BTI
2024-03-25 14:46:00,30.09,30.095,30.09,30.09,8438.0,BTI
2024-03-25 14:45:00,30.095,30.095,30.095,30.095,490.0,BTI
2024-03-25 14:44:00,30.095,30.095,30.095,30.095,697.0,BTI
2024-03-25 14:43:00,30.09,30.095,30.09,30.095,340.0,BTI
2024-03-25 14:42:00,30.11,30.115,30.1,30.1,3266.0,BTI
2024-03-25 14:41:00,30.115,30.116,30.11,30.115,2924.0,BTI
2024-03-25 14:40:00,30.115,30.12,30.11,30.11,5473.0,BTI
2024-03-25 14:39:00,30.12,30.12,30.11,30.11,1902.0,BTI
2024-03-25 14:38:00,30.115,30.115,30.11,30.11,598.0,BTI
2024-03-25 14:37:00,30.1,30.115,30.1,30.115,4906.0,BTI
2024-03-25 14:36:00,30.105,30.11,30.1,30.105,8856.0,BTI
2024-03-25 14:35:00,30.11,30.11,30.1,30.11,2813.0,BTI
2024-03-25 14:34:00,30.125,30.125,30.11,30.11,5244.0,BTI
2024-03-25 14:33:00,30.125,30.13,30.12,30.124,1178.0,BTI
2024-03-25 14:32:00,30.122,30.13,30.12,30.125,1826.0,BTI
2024-03-25 14:31:00,30.125,30.13,30.12,30.125,4564.0,BTI
2024-03-25 14:30:00,30.125,30.125,30.125,30.125,1018.0,BTI
2024-03-25 14:29:00,30.125,30.13,30.122,30.122,1839.0,BTI
2024-03-25 14:28:00,30.13,30.13,30.125,30.125,8600.0,BTI
2024-03-25 14:27:00,30.125,30.135,30.125,30.135,6988.0,BTI
2024-03-25 14:26:00,30.125,30.13,30.125,30.125,4114.0,BTI
2024-03-25 14:25:00,30.13,30.13,30.125,30.13,595.0,BTI
2024-03-25 14:24:00,30.124,30.125,30.124,30.125,650.0,BTI
2024-03-25 14:23:00,30.115,30.125,30.115,30.12,7906.0,BTI
2024-03-25 14:22:00,30.12,30.12,30.112,30.12,2504.0,BTI
2024-03-25 14:21:00,30.115,30.119,30.11,30.115,2201.0,BTI
2024-03-25 14:20:00,30.115,30.12,30.11,30.11,4672.0,BTI
2024-03-25 14:19:00,30.115,30.115,30.115,30.115,746.0,BTI
2024-03-25 14:18:00,30.125,30.125,30.115,30.12,7006.0,BTI
2024-03-25 14:17:00,30.125,30.125,30.124,30.124,1247.0,BTI
2024-03-25 14:16:00,30.115,30.125,30.115,30.122,5471.0,BTI
2024-03-25 14:15:00,30.111,30.12,30.11,30.12,3567.0,BTI
2024-03-25 14:14:00,30.115,30.115,30.11,30.111,3294.0,BTI
2024-03-25 14:13:00,30.119,30.119,30.11,30.11,2776.0,BTI
2024-03-25 14:12:00,30.12,30.12,30.12,30.12,240.0,BTI
2024-03-25 14:11:00,30.113,30.115,30.11,30.115,1603.0,BTI
2024-03-25 14:10:00,30.115,30.12,30.11,30.12,8132.0,BTI
2024-03-25 14:09:00,30.114,30.12,30.114,30.114,1804.0,BTI
2024-03-25 14:08:00,30.115,30.12,30.111,30.115,2567.0,BTI
2024-03-25 14:07:00,30.11,30.111,30.11,30.111,836.0,BTI
2024-03-25 14:06:00,30.105,30.11,30.105,30.11,6704.0,BTI
2024-03-25 14:05:00,30.11,30.11,30.102,30.102,2447.0,BTI
2024-03-25 14:04:00,30.11,30.115,30.1,30.11,16813.0,BTI
2024-03-25 14:03:00,30.11,30.115,30.11,30.115,512.0,BTI
2024-03-25 14:02:00,30.115,30.116,30.115,30.115,2027.0,BTI
2024-03-25 14:01:00,30.114,30.115,30.11,30.11,1163.0,BTI
2024-03-25 14:00:00,30.11,30.12,30.11,30.11,749.0,BTI
2024-03-25 13:59:00,30.12,30.12,30.11,30.115,6896.0,BTI
2024-03-25 13:58:00,30.125,30.125,30.12,30.12,780.0,BTI
2024-03-25 13:57:00,30.12,30.125,30.12,30.12,673.0,BTI
2024-03-25 13:56:00,30.12,30.125,30.12,30.12,1409.0,BTI
2024-03-25 13:55:00,30.12,30.125,30.12,30.125,1029.0,BTI
2024-03-25 13:54:00,30.12,30.125,30.12,30.12,755.0,BTI
2024-03-25 13:53:00,30.12,30.125,30.12,30.125,2779.0,BTI
2024-03-25 13:52:00,30.13,30.13,30.12,30.125,2693.0,BTI
2024-03-25 13:51:00,30.125,30.125,30.122,30.122,1070.0,BTI
2024-03-25 13:50:00,30.13,30.13,30.121,30.122,1975.0,BTI
2024-03-25 13:49:00,30.112,30.129,30.11,30.129,8263.0,BTI
2024-03-25 13:48:00,30.12,30.12,30.11,30.11,5359.0,BTI
2024-03-25 13:47:00,30.13,30.13,30.12,30.12,7361.0,BTI
2024-03-25 13:46:00,30.135,30.14,30.13,30.13,1322.0,BTI
2024-03-25 13:45:00,30.135,30.14,30.135,30.135,1435.0,BTI
2024-03-25 13:44:00,30.14,30.14,30.135,30.135,3551.0,BTI
2024-03-25 13:43:00,30.135,30.145,30.13,30.14,13357.0,BTI
2024-03-25 13:42:00,30.137,30.14,30.12,30.135,15274.0,BTI
2024-03-25 13:41:00,30.135,30.135,30.13,30.135,2536.0,BTI
2024-03-25 13:40:00,30.14,30.14,30.135,30.14,3534.0,BTI
2024-03-25 13:39:00,30.135,30.135,30.132,30.135,1321.0,BTI
2024-03-25 13:38:00,30.14,30.14,30.131,30.14,2471.0,BTI
2024-03-25 13:37:00,30.133,30.14,30.133,30.135,4044.0,BTI
2024-03-25 13:36:00,30.12,30.14,30.12,30.135,7414.0,BTI
2024-03-25 13:35:00,30.11,30.12,30.105,30.115,6654.0,BTI
2024-03-25 13:34:00,30.105,30.11,30.105,30.105,923.0,BTI
2024-03-25 13:33:00,30.095,30.105,30.095,30.105,3878.0,BTI
2024-03-25 13:32:00,30.095,30.095,30.095,30.095,866.0,BTI
2024-03-25 13:31:00,30.09,30.095,30.09,30.09,941.0,BTI
2024-03-25 13:30:00,30.09,30.095,30.09,30.095,3861.0,BTI
2024-03-25 13:29:00,30.09,30.1,30.09,30.095,3843.0,BTI
2024-03-25 13:28:00,30.09,30.095,30.089,30.09,4346.0,BTI
2024-03-25 13:27:00,30.085,30.09,30.08,30.085,4006.0,BTI
2024-03-25 13:26:00,30.07,30.08,30.07,30.075,7877.0,BTI
2024-03-25 13:25:00,30.075,30.08,30.075,30.08,3389.0,BTI
2024-03-25 13:24:00,30.07,30.075,30.07,30.075,5747.0,BTI
2024-03-25 13:23:00,30.08,30.08,30.075,30.075,2631.0,BTI
2024-03-25 13:22:00,30.085,30.09,30.081,30.085,3573.0,BTI
2024-03-25 13:21:00,30.08,30.085,30.08,30.08,5722.0,BTI
2024-03-25 13:20:00,30.078,30.09,30.075,30.085,7530.0,BTI
2024-03-25 13:19:00,30.075,30.08,30.075,30.075,4824.0,BTI
2024-03-25 13:18:00,30.07,30.077,30.07,30.075,880.0,BTI
2024-03-25 13:17:00,30.075,30.075,30.07,30.07,739.0,BTI
2024-03-25 13:16:00,30.07,30.08,30.07,30.075,10740.0,BTI
2024-03-25 13:15:00,30.08,30.08,30.07,30.07,2615.0,BTI
2024-03-25 13:14:00,30.075,30.08,30.07,30.075,3253.0,BTI
2024-03-25 13:13:00,30.08,30.08,30.07,30.075,9026.0,BTI
2024-03-25 13:12:00,30.085,30.085,30.082,30.085,1601.0,BTI
2024-03-25 13:11:00,30.095,30.095,30.08,30.09,16783.0,BTI
2024-03-25 13:10:00,30.1,30.1,30.09,30.098,6398.0,BTI
2024-03-25 13:09:00,30.105,30.105,30.1,30.105,1521.0,BTI
2024-03-25 13:08:00,30.12,30.125,30.105,30.11,6280.0,BTI
2024-03-25 13:07:00,30.105,30.12,30.105,30.12,20522.0,BTI
2024-03-25 13:06:00,30.11,30.11,30.101,30.101,11270.0,BTI
2024-03-25 13:05:00,30.105,30.11,30.105,30.105,10401.0,BTI
2024-03-25 13:04:00,30.106,30.11,30.1,30.11,868.0,BTI
2024-03-25 13:03:00,30.106,30.109,30.1,30.105,1543.0,BTI
2024-03-25 13:02:00,30.11,30.11,30.104,30.105,3543.0,BTI
2024-03-25 13:01:00,30.11,30.11,30.105,30.11,2239.0,BTI
2024-03-25 13:00:00,30.105,30.11,30.1,30.105,957.0,BTI
2024-03-25 12:59:00,30.1,30.11,30.1,30.11,18616.0,BTI
2024-03-25 12:58:00,30.105,30.105,30.105,30.105,3979.0,BTI
2024-03-25 12:57:00,30.109,30.109,30.109,30.109,431.0,BTI
2024-03-25 12:56:00,30.11,30.11,30.1,30.11,1260.0,BTI
2024-03-25 12:55:00,30.115,30.12,30.105,30.105,10671.0,BTI
2024-03-25 12:54:00,30.14,30.14,30.11,30.11,3085.0,BTI
2024-03-25 12:53:00,30.135,30.135,30.13,30.13,2029.0,BTI
2024-03-25 12:52:00,30.145,30.145,30.13,30.139,5279.0,BTI
2024-03-25 12:51:00,30.15,30.155,30.145,30.145,13586.0,BTI
2024-03-25 12:50:00,30.155,30.16,30.155,30.16,2446.0,BTI
2024-03-25 12:49:00,30.15,30.151,30.15,30.151,471.0,BTI
2024-03-25 12:48:00,30.155,30.158,30.15,30.155,3808.0,BTI
2024-03-25 12:47:00,30.16,30.16,30.155,30.155,1374.0,BTI
2024-03-25 12:46:00,30.17,30.175,30.17,30.17,1758.0,BTI
2024-03-25 12:45:00,30.18,30.185,30.175,30.175,3523.0,BTI
2024-03-25 12:44:00,30.18,30.185,30.18,30.18,1662.0,BTI
2024-03-25 12:43:00,30.18,30.185,30.18,30.18,1959.0,BTI
2024-03-25 12:42:00,30.18,30.19,30.18,30.18,1434.0,BTI
2024-03-25 12:41:00,30.185,30.185,30.18,30.185,704.0,BTI
2024-03-25 12:40:00,30.19,30.19,30.18,30.18,417.0,BTI
2024-03-25 12:39:00,30.185,30.19,30.185,30.185,2987.0,BTI
2024-03-25 12:38:00,30.19,30.19,30.185,30.185,1411.0,BTI
2024-03-25 12:37:00,30.18,30.189,30.18,30.18,1305.0,BTI
2024-03-25 12:36:00,30.182,30.19,30.18,30.18,4214.0,BTI
2024-03-25 12:35:00,30.185,30.185,30.185,30.185,631.0,BTI
2024-03-25 12:34:00,30.195,30.2,30.185,30.185,57328.0,BTI
2024-03-25 12:33:00,30.195,30.195,30.195,30.195,3364.0,BTI
2024-03-25 12:32:00,30.192,30.195,30.19,30.19,3922.0,BTI
2024-03-25 12:31:00,30.199,30.2,30.19,30.19,6148.0,BTI
2024-03-25 12:30:00,30.199,30.199,30.19,30.19,925.0,BTI
2024-03-25 12:29:00,30.21,30.219,30.19,30.19,14772.0,BTI
2024-03-25 12:28:00,30.215,30.225,30.215,30.215,13614.0,BTI
2024-03-25 12:27:00,30.215,30.215,30.21,30.215,2360.0,BTI
2024-03-25 12:26:00,30.215,30.215,30.21,30.215,3417.0,BTI
2024-03-25 12:25:00,30.22,30.225,30.215,30.215,5373.0,BTI
2024-03-25 12:24:00,30.229,30.23,30.22,30.23,3552.0,BTI
2024-03-25 12:23:00,30.225,30.23,30.22,30.23,4237.0,BTI
2024-03-25 12:22:00,30.22,30.22,30.215,30.22,5459.0,BTI
2024-03-25 12:21:00,30.215,30.225,30.215,30.225,7417.0,BTI
2024-03-25 12:20:00,30.23,30.23,30.215,30.215,12593.0,BTI
2024-03-25 12:19:00,30.222,30.235,30.22,30.23,13422.0,BTI
2024-03-25 12:18:00,30.22,30.23,30.22,30.22,18731.0,BTI
2024-03-25 12:17:00,30.22,30.23,30.21,30.225,15801.0,BTI
2024-03-25 12:16:00,30.215,30.22,30.21,30.22,8928.0,BTI
2024-03-25 12:15:00,30.219,30.22,30.21,30.215,10512.0,BTI
2024-03-25 12:14:00,30.22,30.225,30.21,30.21,19786.0,BTI
2024-03-25 12:13:00,30.22,30.225,30.21,30.215,7278.0,BTI
2024-03-25 12:12:00,30.23,30.24,30.22,30.22,8384.0,BTI
2024-03-25 12:11:00,30.24,30.245,30.23,30.23,9732.0,BTI
2024-03-25 12:10:00,30.25,30.25,30.24,30.245,3990.0,BTI
2024-03-25 12:09:00,30.26,30.265,30.25,30.255,16917.0,BTI
2024-03-25 12:08:00,30.26,30.265,30.255,30.255,6430.0,BTI
2024-03-25 12:07:00,30.255,30.27,30.255,30.26,7634.0,BTI
2024-03-25 12:06:00,30.245,30.255,30.24,30.255,21178.0,BTI
2024-03-25 12:05:00,30.25,30.255,30.24,30.245,9536.0,BTI
2024-03-25 12:04:00,30.235,30.25,30.235,30.25,22765.0,BTI
2024-03-25 12:03:00,30.23,30.235,30.23,30.235,2425.0,BTI
2024-03-25 12:02:00,30.245,30.25,30.235,30.235,7147.0,BTI
2024-03-25 12:01:00,30.25,30.255,30.245,30.245,10014.0,BTI
2024-03-25 12:00:00,30.235,30.245,30.231,30.245,4458.0,BTI
2024-03-25 11:59:00,30.255,30.258,30.235,30.24,20138.0,BTI
2024-03-25 11:58:00,30.252,30.26,30.25,30.25,10101.0,BTI
2024-03-25 11:57:00,30.24,30.26,30.24,30.26,8722.0,BTI
2024-03-25 11:56:00,30.22,30.245,30.22,30.24,13013.0,BTI
2024-03-25 11:55:00,30.215,30.23,30.215,30.23,5538.0,BTI
2024-03-25 11:54:00,30.22,30.22,30.21,30.215,4448.0,BTI
2024-03-25 11:53:00,30.205,30.22,30.2,30.21,16570.0,BTI
2024-03-25 11:52:00,30.215,30.216,30.2,30.2,5081.0,BTI
2024-03-25 11:51:00,30.22,30.23,30.215,30.215,13993.0,BTI
2024-03-25 11:50:00,30.235,30.24,30.22,30.22,9210.0,BTI
2024-03-25 11:49:00,30.24,30.24,30.23,30.235,4732.0,BTI
2024-03-25 11:48:00,30.25,30.255,30.24,30.24,11868.0,BTI
2024-03-25 11:47:00,30.255,30.26,30.25,30.251,2493.0,BTI
2024-03-25 11:46:00,30.265,30.265,30.25,30.25,4139.0,BTI
2024-03-25 11:45:00,30.255,30.265,30.245,30.265,21019.0,BTI
2024-03-25 11:44:00,30.255,30.26,30.24,30.255,9296.0,BTI
2024-03-25 11:43:00,30.245,30.25,30.24,30.25,10266.0,BTI
2024-03-25 11:42:00,30.22,30.25,30.21,30.25,16767.0,BTI
2024-03-25 11:41:00,30.225,30.225,30.21,30.215,15451.0,BTI
2024-03-25 11:40:00,30.22,30.23,30.22,30.225,12552.0,BTI
2024-03-25 11:39:00,30.22,30.235,30.21,30.22,30951.0,BTI
2024-03-25 11:38:00,30.235,30.24,30.22,30.22,12558.0,BTI
2024-03-25 11:37:00,30.235,30.24,30.23,30.235,27829.0,BTI
2024-03-25 11:36:00,30.235,30.235,30.22,30.235,28120.0,BTI
2024-03-25 11:35:00,30.225,30.24,30.22,30.23,44459.0,BTI
2024-03-25 11:34:00,30.24,30.25,30.215,30.22,26870.0,BTI
2024-03-25 11:33:00,30.24,30.245,30.235,30.245,29406.0,BTI
2024-03-25 11:32:00,30.245,30.245,30.235,30.24,21009.0,BTI
2024-03-25 11:31:00,30.24,30.25,30.23,30.245,22789.0,BTI
2024-03-25 11:30:00,30.25,30.25,30.23,30.233,19574.0,BTI
2024-03-25 11:29:00,30.25,30.25,30.24,30.24,8805.0,BTI
2024-03-25 11:28:00,30.245,30.255,30.24,30.25,11886.0,BTI
2024-03-25 11:27:00,30.25,30.25,30.23,30.24,13921.0,BTI
2024-03-25 11:26:00,30.259,30.26,30.24,30.25,10513.0,BTI
2024-03-25 11:25:00,30.278,30.278,30.245,30.255,18836.0,BTI
2024-03-25 11:24:00,30.28,30.285,30.27,30.27,11002.0,BTI
2024-03-25 11:23:00,30.28,30.288,30.27,30.286,14808.0,BTI
2024-03-25 11:22:00,30.255,30.28,30.25,30.27,18409.0,BTI
2024-03-25 11:21:00,30.235,30.26,30.23,30.26,12715.0,BTI
2024-03-25 11:20:00,30.24,30.24,30.235,30.235,5872.0,BTI
2024-03-25 11:19:00,30.24,30.25,30.23,30.239,9149.0,BTI
2024-03-25 11:18:00,30.23,30.25,30.22,30.245,24599.0,BTI
2024-03-25 11:17:00,30.235,30.24,30.23,30.235,2415.0,BTI
2024-03-25 11:16:00,30.24,30.24,30.23,30.235,5473.0,BTI
2024-03-25 11:15:00,30.23,30.25,30.225,30.245,18594.0,BTI
2024-03-25 11:14:00,30.25,30.255,30.23,30.23,28695.0,BTI
2024-03-25 11:13:00,30.22,30.26,30.22,30.25,70387.0,BTI
2024-03-25 11:12:00,30.229,30.23,30.22,30.225,26565.0,BTI
2024-03-25 11:11:00,30.225,30.23,30.22,30.225,19211.0,BTI
2024-03-25 11:10:00,30.215,30.23,30.215,30.225,37355.0,BTI
2024-03-25 11:09:00,30.195,30.215,30.19,30.215,13694.0,BTI
2024-03-25 11:08:00,30.19,30.197,30.17,30.197,20884.0,BTI
2024-03-25 11:07:00,30.23,30.23,30.19,30.19,40888.0,BTI
2024-03-25 11:06:00,30.245,30.25,30.22,30.225,56510.0,BTI
2024-03-25 11:05:00,30.255,30.255,30.24,30.245,38483.0,BTI
2024-03-25 11:04:00,30.25,30.26,30.24,30.25,51107.0,BTI
2024-03-25 11:03:00,30.251,30.26,30.25,30.25,16243.0,BTI
2024-03-25 11:02:00,30.249,30.26,30.24,30.25,6513.0,BTI
2024-03-25 11:01:00,30.245,30.255,30.24,30.24,5058.0,BTI
2024-03-25 11:00:00,30.26,30.26,30.245,30.245,7762.0,BTI
2024-03-25 10:59:00,30.255,30.26,30.25,30.25,18145.0,BTI
2024-03-25 10:58:00,30.245,30.26,30.24,30.255,8366.0,BTI
2024-03-25 10:57:00,30.215,30.25,30.215,30.245,11564.0,BTI
2024-03-25 10:56:00,30.22,30.225,30.215,30.22,25858.0,BTI
2024-03-25 10:55:00,30.23,30.23,30.22,30.22,1358.0,BTI
2024-03-25 10:54:00,30.21,30.23,30.21,30.22,6351.0,BTI
2024-03-25 10:53:00,30.22,30.225,30.21,30.215,15319.0,BTI
2024-03-25 10:52:00,30.225,30.23,30.215,30.215,9155.0,BTI
2024-03-25 10:51:00,30.21,30.225,30.205,30.225,13768.0,BTI
2024-03-25 10:50:00,30.2,30.219,30.2,30.21,6217.0,BTI
2024-03-25 10:49:00,30.209,30.21,30.195,30.205,13364.0,BTI
2024-03-25 10:48:00,30.2,30.215,30.2,30.2,18256.0,BTI
2024-03-25 10:47:00,30.205,30.205,30.2,30.205,5139.0,BTI
2024-03-25 10:46:00,30.2,30.21,30.195,30.2,9448.0,BTI
2024-03-25 10:45:00,30.19,30.209,30.19,30.2,8783.0,BTI
2024-03-25 10:44:00,30.19,30.2,30.18,30.19,13771.0,BTI
2024-03-25 10:43:00,30.17,30.19,30.165,30.185,17885.0,BTI
2024-03-25 10:42:00,30.175,30.18,30.155,30.162,14009.0,BTI
2024-03-25 10:41:00,30.155,30.175,30.15,30.17,13247.0,BTI
2024-03-25 10:40:00,30.15,30.16,30.145,30.159,12515.0,BTI
2024-03-25 10:39:00,30.15,30.15,30.14,30.145,8454.0,BTI
2024-03-25 10:38:00,30.155,30.16,30.14,30.15,21473.0,BTI
2024-03-25 10:37:00,30.16,30.169,30.145,30.16,13462.0,BTI
2024-03-25 10:36:00,30.185,30.185,30.15,30.168,27032.0,BTI
2024-03-25 10:35:00,30.175,30.19,30.17,30.181,14346.0,BTI
2024-03-25 10:34:00,30.175,30.18,30.17,30.17,1250.0,BTI
2024-03-25 10:33:00,30.17,30.175,30.16,30.175,12147.0,BTI
2024-03-25 10:32:00,30.165,30.18,30.16,30.17,12744.0,BTI
2024-03-25 10:31:00,30.165,30.17,30.16,30.16,5303.0,BTI
2024-03-25 10:30:00,30.17,30.18,30.15,30.17,13814.0,BTI
2024-03-25 10:29:00,30.15,30.175,30.15,30.175,14935.0,BTI
2024-03-25 10:28:00,30.14,30.16,30.135,30.16,27673.0,BTI
2024-03-25 10:27:00,30.135,30.14,30.13,30.135,3393.0,BTI
2024-03-25 10:26:00,30.13,30.14,30.125,30.135,4179.0,BTI
2024-03-25 10:25:00,30.12,30.13,30.11,30.13,26060.0,BTI
2024-03-25 10:24:00,30.105,30.12,30.1,30.11,21839.0,BTI
2024-03-25 10:23:00,30.11,30.12,30.1,30.1,20070.0,BTI
2024-03-25 10:22:00,30.115,30.12,30.11,30.115,13316.0,BTI
2024-03-25 10:21:00,30.115,30.125,30.105,30.115,19497.0,BTI
2024-03-25 10:20:00,30.1,30.12,30.1,30.111,32491.0,BTI
2024-03-25 10:19:00,30.1,30.12,30.09,30.11,46317.0,BTI
2024-03-25 10:18:00,30.13,30.13,30.09,30.105,27446.0,BTI
2024-03-25 10:17:00,30.14,30.145,30.13,30.13,28492.0,BTI
2024-03-25 10:16:00,30.155,30.16,30.14,30.14,38990.0,BTI
2024-03-25 10:15:00,30.15,30.155,30.14,30.15,24325.0,BTI
2024-03-25 10:14:00,30.125,30.15,30.125,30.15,16740.0,BTI
2024-03-25 10:13:00,30.135,30.14,30.12,30.12,10473.0,BTI
2024-03-25 10:12:00,30.135,30.14,30.12,30.14,13368.0,BTI
2024-03-25 10:11:00,30.135,30.15,30.13,30.13,26564.0,BTI
2024-03-25 10:10:00,30.145,30.15,30.13,30.13,29173.0,BTI
2024-03-25 10:09:00,30.145,30.16,30.135,30.14,19217.0,BTI
2024-03-25 10:08:00,30.145,30.15,30.14,30.15,20089.0,BTI
2024-03-25 10:07:00,30.15,30.16,30.14,30.145,14526.0,BTI
2024-03-25 10:06:00,30.15,30.16,30.14,30.15,27401.0,BTI
2024-03-25 10:05:00,30.185,30.19,30.14,30.145,60450.0,BTI
2024-03-25 10:04:00,30.191,30.2,30.18,30.18,29185.0,BTI
2024-03-25 10:03:00,30.2,30.205,30.182,30.19,20749.0,BTI
2024-03-25 10:02:00,30.19,30.21,30.19,30.205,19115.0,BTI
2024-03-25 10:01:00,30.2,30.2,30.19,30.19,16039.0,BTI
2024-03-25 10:00:00,30.2,30.2,30.17,30.195,15948.0,BTI
2024-03-25 09:59:00,30.19,30.2,30.19,30.19,11315.0,BTI
2024-03-25 09:58:00,30.175,30.195,30.17,30.19,21141.0,BTI
2024-03-25 09:57:00,30.17,30.19,30.17,30.17,12078.0,BTI
2024-03-25 09:56:00,30.16,30.18,30.16,30.17,13631.0,BTI
2024-03-25 09:55:00,30.17,30.18,30.16,30.16,12411.0,BTI
2024-03-25 09:54:00,30.15,30.16,30.15,30.16,6111.0,BTI
2024-03-25 09:53:00,30.165,30.165,30.15,30.15,6797.0,BTI
2024-03-25 09:52:00,30.15,30.17,30.145,30.17,8968.0,BTI
2024-03-25 09:51:00,30.155,30.16,30.15,30.15,7206.0,BTI
2024-03-25 09:50:00,30.135,30.153,30.135,30.153,13884.0,BTI
2024-03-25 09:49:00,30.13,30.145,30.13,30.135,3652.0,BTI
2024-03-25 09:48:00,30.14,30.15,30.13,30.135,17161.0,BTI
2024-03-25 09:47:00,30.16,30.16,30.125,30.14,8184.0,BTI
2024-03-25 09:46:00,30.15,30.17,30.15,30.16,2641.0,BTI
2024-03-25 09:45:00,30.14,30.17,30.13,30.15,7603.0,BTI
2024-03-25 09:44:00,30.18,30.18,30.14,30.14,16553.0,BTI
2024-03-25 09:43:00,30.16,30.178,30.155,30.178,4957.0,BTI
2024-03-25 09:42:00,30.15,30.16,30.14,30.15,18417.0,BTI
2024-03-25 09:41:00,30.13,30.15,30.125,30.135,12659.0,BTI
2024-03-25 09:40:00,30.13,30.139,30.115,30.125,9999.0,BTI
2024-03-25 09:39:00,30.12,30.14,30.12,30.125,16386.0,BTI
2024-03-25 09:38:00,30.12,30.13,30.105,30.125,22718.0,BTI
2024-03-25 09:37:00,30.135,30.14,30.12,30.12,11490.0,BTI
2024-03-25 09:36:00,30.1,30.135,30.09,30.135,32897.0,BTI
2024-03-25 09:35:00,30.139,30.139,30.105,30.105,26818.0,BTI
2024-03-25 09:34:00,30.12,30.16,30.12,30.135,12009.0,BTI
2024-03-25 09:33:00,30.11,30.13,30.11,30.12,17146.0,BTI
2024-03-25 09:32:00,30.09,30.12,30.07,30.12,17377.0,BTI
2024-03-25 09:31:00,30.04,30.095,30.04,30.089,11492.0,BTI
2024-03-25 09:30:00,30.03,30.07,30.03,30.04,84047.0,BTI
2024-03-25 09:29:00,30.01,30.01,30.0,30.01,199.0,BTI
2024-03-25 09:28:00,30.02,30.02,30.02,30.02,0.0,BTI
2024-03-25 09:27:00,30.02,30.02,30.02,30.02,9.0,BTI
2024-03-25 09:26:00,30.02,30.02,30.02,30.02,128.0,BTI
2024-03-25 09:25:00,30.02,30.02,30.02,30.02,96.0,BTI
2024-03-25 09:24:00,30.025,30.03,30.025,30.03,591.0,BTI
2024-03-25 09:22:00,30.04,30.05,30.04,30.04,1109.0,BTI
2024-03-25 09:21:00,30.05,30.05,30.05,30.05,251.0,BTI
2024-03-25 09:19:00,30.01,30.02,30.01,30.02,630.0,BTI
2024-03-25 09:17:00,30.02,30.02,30.02,30.02,6.0,BTI
2024-03-25 09:15:00,30.0,30.01,30.0,30.01,189.0,BTI
2024-03-25 09:14:00,29.99,29.99,29.99,29.99,485.0,BTI
2024-03-25 09:12:00,29.98,29.98,29.98,29.98,17.0,BTI
2024-03-25 09:09:00,29.97,29.99,29.97,29.97,59.0,BTI
2024-03-25 09:08:00,29.99,29.99,29.97,29.97,118.0,BTI
2024-03-25 09:07:00,29.97,29.97,29.97,29.97,1003.0,BTI
2024-03-25 09:06:00,29.97,29.97,29.965,29.965,4.0,BTI
2024-03-25 09:04:00,29.93,29.96,29.93,29.96,629.0,BTI
2024-03-25 09:03:00,29.92,29.92,29.92,29.92,494.0,BTI
2024-03-25 09:01:00,29.9,29.9,29.9,29.9,324.0,BTI
2024-03-25 09:00:00,29.89,29.89,29.89,29.89,175.0,BTI
2024-03-25 08:58:00,29.85,29.85,29.85,29.85,0.0,BTI
2024-03-25 08:53:00,29.85,29.85,29.85,29.85,88.0,BTI
2024-03-25 08:52:00,29.87,29.87,29.87,29.87,4.0,BTI
2024-03-25 08:51:00,29.86,29.86,29.86,29.86,13.0,BTI
2024-03-25 08:50:00,29.86,29.86,29.86,29.86,19.0,BTI
2024-03-25 08:48:00,29.84,29.86,29.84,29.86,402.0,BTI
2024-03-25 08:47:00,29.84,29.84,29.835,29.835,3.0,BTI
2024-03-25 08:46:00,29.86,29.86,29.86,29.86,11.0,BTI
2024-03-25 08:45:00,29.86,29.86,29.86,29.86,164.0,BTI
2024-03-25 08:44:00,29.85,29.86,29.85,29.86,91.0,BTI
2024-03-25 08:43:00,29.83,29.85,29.83,29.85,2875.0,BTI
2024-03-25 08:41:00,29.82,29.82,29.82,29.82,962.0,BTI
2024-03-25 08:40:00,29.82,29.82,29.82,29.82,38.0,BTI
2024-03-25 08:39:00,29.81,29.81,29.81,29.81,600.0,BTI
2024-03-25 08:38:00,29.81,29.81,29.81,29.81,164.0,BTI
2024-03-25 08:37:00,29.81,29.82,29.81,29.81,931.0,BTI
2024-03-25 08:36:00,29.81,29.81,29.81,29.81,19.0,BTI
2024-03-25 08:34:00,29.81,29.81,29.81,29.81,0.0,BTI
2024-03-25 08:33:00,29.81,29.81,29.81,29.81,290.0,BTI
2024-03-25 08:31:00,29.81,29.81,29.8,29.8,150.0,BTI
2024-03-25 08:30:00,29.81,29.81,29.8,29.8,214.0,BTI
2024-03-25 08:29:00,29.81,29.81,29.81,29.81,9.0,BTI
2024-03-25 08:28:00,29.81,29.81,29.8,29.81,1978.0,BTI
2024-03-25 08:27:00,29.8,29.81,29.8,29.81,134.0,BTI
2024-03-25 08:26:00,29.81,29.81,29.81,29.81,69.0,BTI
2024-03-25 08:25:00,29.81,29.81,29.81,29.81,249.0,BTI
2024-03-25 08:24:00,29.81,29.81,29.8,29.81,118.0,BTI
2024-03-25 08:23:00,29.81,29.81,29.81,29.81,48.0,BTI
2024-03-25 08:22:00,29.82,29.82,29.81,29.81,43.0,BTI
2024-03-25 08:19:00,29.83,29.83,29.83,29.83,9.0,BTI
2024-03-25 08:18:00,29.83,29.83,29.83,29.83,160.0,BTI
2024-03-25 08:17:00,29.83,29.83,29.82,29.82,186.0,BTI
2024-03-25 08:16:00,29.82,29.82,29.82,29.82,4.0,BTI
2024-03-25 08:15:00,29.82,29.83,29.82,29.82,365.0,BTI
2024-03-25 08:14:00,29.83,29.83,29.815,29.815,17.0,BTI
2024-03-25 08:13:00,29.82,29.83,29.82,29.83,12.0,BTI
2024-03-25 08:12:00,29.86,29.86,29.86,29.86,96.0,BTI
2024-03-25 08:05:00,30.06,30.06,29.88,29.89,39.0,BTI
2024-03-25 08:04:00,30.06,30.06,30.06,30.06,11.0,BTI
2024-03-25 08:03:00,29.99,29.99,29.99,29.99,0.0,BTI
2024-03-25 08:02:00,30.01,30.01,29.99,29.99,14.0,BTI
2024-03-25 08:01:00,29.9,30.01,29.84,30.01,88.0,BTI
2024-03-25 08:00:00,29.89,29.9,29.82,29.84,2014.0,BTI
2024-03-25 07:59:00,29.83,29.83,29.82,29.82,268.0,BTI
2024-03-25 07:58:00,29.83,29.85,29.83,29.85,1073.0,BTI
2024-03-25 07:57:00,29.82,29.82,29.82,29.82,19.0,BTI
2024-03-25 07:56:00,29.85,29.85,29.84,29.84,37.0,BTI
2024-03-25 07:55:00,29.87,29.87,29.86,29.86,110.0,BTI
2024-03-25 07:54:00,29.88,29.88,29.87,29.87,145.0,BTI
2024-03-25 07:44:00,29.87,29.87,29.86,29.87,585.0,BTI
2024-03-25 07:42:00,29.88,29.88,29.88,29.88,22.0,BTI
2024-03-25 07:41:00,29.88,29.88,29.88,29.88,334.0,BTI
2024-03-25 07:40:00,29.88,29.88,29.88,29.88,195.0,BTI
2024-03-25 07:36:00,29.92,29.92,29.9,29.9,106.0,BTI
2024-03-25 07:31:00,29.9,29.9,29.9,29.9,9.0,BTI
2024-03-25 07:29:00,29.9,29.9,29.89,29.89,339.0,BTI
2024-03-25 07:25:00,29.89,29.89,29.89,29.89,48.0,BTI
2024-03-25 07:24:00,29.88,29.88,29.88,29.88,19.0,BTI
2024-03-25 07:22:00,29.88,29.88,29.87,29.87,1201.0,BTI
2024-03-25 07:18:00,29.86,29.86,29.86,29.86,150.0,BTI
2024-03-25 07:17:00,29.85,29.85,29.84,29.84,18.0,BTI
2024-03-25 07:16:00,29.87,29.87,29.86,29.86,229.0,BTI
2024-03-25 07:14:00,29.89,29.89,29.88,29.88,19.0,BTI
2024-03-25 07:13:00,29.89,29.89,29.88,29.89,233.0,BTI
2024-03-25 07:11:00,29.87,29.88,29.87,29.88,129.0,BTI
2024-03-25 07:10:00,29.86,29.86,29.86,29.86,968.0,BTI
2024-03-25 07:09:00,29.88,29.88,29.88,29.88,85.0,BTI
2024-03-25 07:08:00,29.88,29.88,29.88,29.88,48.0,BTI
2024-03-25 07:05:00,29.9,29.9,29.9,29.9,48.0,BTI
2024-03-25 07:03:00,29.89,29.89,29.89,29.89,1.0,BTI
2024-03-25 07:02:00,29.9,29.9,29.9,29.9,0.0,BTI
2024-03-25 07:01:00,29.91,29.91,29.9,29.9,3.0,BTI
2024-03-25 07:00:00,29.88,29.91,29.86,29.91,999.0,BTI
2024-03-25 06:37:00,29.81,29.81,29.81,29.81,48.0,BTI
2024-03-25 06:34:00,29.82,29.82,29.82,29.82,48.0,BTI
2024-03-25 06:31:00,29.84,29.84,29.84,29.84,48.0,BTI
2024-03-25 06:28:00,29.81,29.82,29.81,29.82,97.0,BTI
2024-03-25 06:25:00,29.84,29.85,29.84,29.85,1007.0,BTI
2024-03-25 06:17:00,29.81,29.81,29.81,29.81,1.0,BTI
2024-03-25 06:16:00,29.8,29.8,29.8,29.8,6.0,BTI
2024-03-25 06:15:00,29.82,29.82,29.81,29.81,275.0,BTI
2024-03-25 06:13:00,29.85,29.85,29.84,29.84,6.0,BTI
2024-03-25 06:00:00,29.87,29.87,29.87,29.87,22.0,BTI
2024-03-25 05:57:00,29.87,29.87,29.87,29.87,0.0,BTI
2024-03-25 05:56:00,29.88,29.88,29.88,29.88,0.0,BTI
2024-03-25 05:55:00,29.89,29.9,29.89,29.9,99.0,BTI
2024-03-25 05:52:00,29.9,29.9,29.9,29.9,205.0,BTI
2024-03-25 05:49:00,29.88,29.88,29.88,29.88,193.0,BTI
2024-03-25 05:47:00,29.89,29.89,29.89,29.89,9.0,BTI
2024-03-25 05:44:00,29.89,29.89,29.89,29.89,69.0,BTI
2024-03-25 05:40:00,29.85,29.85,29.85,29.85,254.0,BTI
2024-03-25 05:36:00,29.87,29.88,29.87,29.88,9.0,BTI
2024-03-25 05:34:00,29.86,29.86,29.86,29.86,193.0,BTI
2024-03-25 05:32:00,29.88,29.88,29.88,29.88,0.0,BTI
2024-03-25 05:30:00,29.87,29.87,29.87,29.87,48.0,BTI
2024-03-25 05:26:00,29.84,29.84,29.84,29.84,0.0,BTI
2024-03-25 05:23:00,29.83,29.83,29.83,29.83,0.0,BTI
2024-03-25 05:22:00,29.85,29.85,29.83,29.83,370.0,BTI
2024-03-25 05:21:00,29.86,29.86,29.86,29.86,96.0,BTI
2024-03-25 05:20:00,29.88,29.88,29.87,29.87,196.0,BTI
2024-03-25 05:18:00,29.88,29.88,29.88,29.88,69.0,BTI
2024-03-25 05:10:00,29.87,29.87,29.87,29.87,102.0,BTI
2024-03-25 05:09:00,29.87,29.87,29.87,29.87,96.0,BTI
2024-03-25 05:08:00,29.87,29.87,29.87,29.87,1.0,BTI
2024-03-25 05:07:00,29.89,29.89,29.89,29.89,33.0,BTI
2024-03-25 05:05:00,29.88,29.88,29.88,29.88,19.0,BTI
2024-03-25 05:03:00,29.91,29.91,29.91,29.91,1.0,BTI
2024-03-25 05:01:00,29.91,29.91,29.91,29.91,98.0,BTI
2024-03-25 05:00:00,29.91,29.91,29.91,29.91,1.0,BTI
2024-03-25 04:59:00,29.93,29.93,29.93,29.93,1.0,BTI
2024-03-25 04:56:00,29.92,29.92,29.92,29.92,9.0,BTI
2024-03-25 04:54:00,29.9,29.9,29.9,29.9,193.0,BTI
2024-03-25 04:50:00,29.93,29.93,29.93,29.93,48.0,BTI
2024-03-25 04:48:00,29.85,29.85,29.85,29.85,96.0,BTI
2024-03-25 04:47:00,29.86,29.86,29.86,29.86,290.0,BTI
2024-03-25 04:46:00,29.87,29.87,29.87,29.87,812.0,BTI
2024-03-25 04:44:00,29.88,29.88,29.88,29.88,368.0,BTI
2024-03-25 04:43:00,29.89,29.89,29.89,29.89,193.0,BTI
2024-03-25 04:38:00,29.91,29.91,29.89,29.89,397.0,BTI
2024-03-25 04:28:00,29.9,29.9,29.9,29.9,6.0,BTI
2024-03-25 04:20:00,29.9,29.9,29.9,29.9,21.0,BTI
2024-03-25 04:16:00,29.92,29.92,29.92,29.92,193.0,BTI
2024-03-25 04:15:00,29.91,29.91,29.91,29.91,21.0,BTI
2024-03-25 04:14:00,29.94,29.95,29.93,29.93,2382.0,BTI
2024-03-25 04:12:00,29.96,29.96,29.94,29.94,794.0,BTI
2024-03-25 04:11:00,29.97,29.97,29.96,29.96,678.0,BTI
2024-03-25 04:10:00,29.99,29.99,29.97,29.98,399.0,BTI
2024-03-25 04:09:00,29.99,29.99,29.99,29.99,96.0,BTI
2024-03-25 04:08:00,29.98,29.98,29.98,29.98,193.0,BTI
2024-03-25 04:06:00,30.02,30.02,30.02,30.02,1.0,BTI
2024-03-25 04:03:00,29.98,30.02,29.98,30.02,1937.0,BTI
2024-03-25 04:02:00,30.0,30.0,29.96,29.98,512.0,BTI
2024-03-25 04:01:00,30.05,30.05,30.03,30.03,2482.0,BTI
2024-03-25 04:00:00,30.03,30.07,30.0,30.07,207.0,BTI
2024-03-22 19:59:00,30.09,30.09,30.09,30.09,968.0,BTI
2024-03-22 19:33:00,30.05,30.05,30.05,30.05,2.0,BTI
2024-03-22 19:31:00,30.01,30.01,30.01,30.01,0.0,BTI
2024-03-22 19:19:00,30.08,30.08,30.08,30.08,19.0,BTI
2024-03-22 19:18:00,30.09,30.09,30.09,30.09,9.0,BTI
2024-03-22 19:12:00,30.02,30.06,30.02,30.06,38.0,BTI
2024-03-22 19:09:00,30.09,30.09,30.09,30.09,11.0,BTI
2024-03-22 19:00:00,29.99,29.99,29.99,29.99,96880.0,BTI
2024-03-22 18:55:00,30.05,30.05,30.05,30.05,0.0,BTI
2024-03-22 18:53:00,30.09,30.09,30.09,30.09,1.0,BTI
2024-03-22 18:48:00,30.09,30.09,30.09,30.09,0.0,BTI
2024-03-22 18:46:00,30.01,30.01,30.01,30.01,1937.0,BTI
2024-03-22 18:43:00,30.09,30.09,30.09,30.09,7.0,BTI
2024-03-22 18:36:00,30.01,30.01,30.01,30.01,8.0,BTI
2024-03-22 18:30:00,29.99,29.99,29.99,29.99,96880.0,BTI
2024-03-22 18:27:00,30.07,30.07,30.07,30.07,68.0,BTI
2024-03-22 18:16:00,30.06,30.06,30.06,30.06,3.0,BTI
2024-03-22 17:55:00,30.07,30.07,30.07,30.07,2.0,BTI
2024-03-22 17:52:00,30.0,30.0,30.0,30.0,5.0,BTI
2024-03-22 17:43:00,30.06,30.06,30.06,30.06,40.0,BTI
2024-03-22 17:41:00,30.06,30.06,30.06,30.06,1.0,BTI
2024-03-22 17:38:00,30.06,30.06,30.06,30.06,19.0,BTI
2024-03-22 17:29:00,29.99,30.06,29.99,30.06,62091.0,BTI
2024-03-22 17:28:00,30.039,30.039,30.039,30.039,2.0,BTI
2024-03-22 17:24:00,30.02,30.02,30.02,30.02,0.0,BTI
2024-03-22 17:08:00,30.01,30.01,30.01,30.01,145.0,BTI
2024-03-22 16:55:00,30.04,30.04,30.04,30.04,0.0,BTI
2024-03-22 16:43:00,30.035,30.035,30.035,30.035,0.0,BTI
2024-03-22 16:39:00,29.99,30.06,29.99,30.06,97.0,BTI
2024-03-22 16:38:00,30.02,30.02,30.01,30.01,29.0,BTI
2024-03-22 16:35:00,30.06,30.06,30.06,30.06,0.0,BTI
2024-03-22 16:32:00,29.99,29.99,29.99,29.99,1862.0,BTI
2024-03-22 16:27:00,30.06,30.06,30.06,30.06,1.0,BTI
2024-03-22 16:21:00,30.03,30.03,30.03,30.03,0.0,BTI
2024-03-22 16:20:00,30.01,30.01,30.01,30.01,193.0,BTI
2024-03-22 16:19:00,30.0,30.0,30.0,30.0,0.0,BTI
2024-03-22 16:13:00,30.0,30.0,30.0,30.0,256.0,BTI
2024-03-22 16:11:00,30.015,30.015,30.015,30.015,0.0,BTI
2024-03-22 16:10:00,29.99,29.99,29.99,29.99,96880.0,BTI
2024-03-22 16:08:00,30.06,30.06,30.015,30.06,18.0,BTI
2024-03-22 16:06:00,30.06,30.06,30.06,30.06,16.0,BTI
2024-03-22 16:05:00,30.079,30.079,30.079,30.079,0.0,BTI
2024-03-22 16:04:00,29.993,30.079,29.99,30.079,103.0,BTI
2024-03-22 16:00:00,29.99,29.995,29.99,29.99,223787.0,BTI
2024-03-22 15:59:00,30.015,30.015,29.98,29.99,79504.0,BTI
2024-03-22 15:58:00,30.005,30.02,30.001,30.02,31959.0,BTI
2024-03-22 15:57:00,30.0,30.01,30.0,30.005,30356.0,BTI
2024-03-22 15:56:00,30.0,30.005,30.0,30.005,20699.0,BTI
2024-03-22 15:55:00,30.015,30.015,30.0,30.0,20199.0,BTI
2024-03-22 15:54:00,30.02,30.02,30.01,30.02,7299.0,BTI
2024-03-22 15:53:00,30.01,30.02,30.01,30.015,14982.0,BTI
2024-03-22 15:52:00,30.01,30.02,30.01,30.019,6482.0,BTI
2024-03-22 15:51:00,30.02,30.025,30.01,30.015,34085.0,BTI
2024-03-22 15:50:00,30.02,30.025,30.015,30.015,15449.0,BTI
2024-03-22 15:49:00,30.01,30.02,30.01,30.015,9854.0,BTI
2024-03-22 15:48:00,30.01,30.01,30.0,30.0,8728.0,BTI
2024-03-22 15:47:00,30.015,30.02,30.01,30.015,1991.0,BTI
2024-03-22 15:46:00,30.015,30.02,30.01,30.01,6296.0,BTI
2024-03-22 15:45:00,30.018,30.02,30.01,30.01,22590.0,BTI
2024-03-22 15:44:00,30.02,30.02,30.015,30.02,5031.0,BTI
2024-03-22 15:43:00,30.01,30.02,29.99,30.02,108149.0,BTI
2024-03-22 15:42:00,30.005,30.01,30.0,30.005,11937.0,BTI
2024-03-22 15:41:00,30.01,30.01,30.0,30.005,5517.0,BTI
2024-03-22 15:40:00,30.01,30.018,30.0,30.01,23187.0,BTI
2024-03-22 15:39:00,30.015,30.015,30.01,30.015,798.0,BTI
2024-03-22 15:38:00,30.01,30.02,30.0,30.015,27745.0,BTI
2024-03-22 15:37:00,30.015,30.02,30.01,30.01,4957.0,BTI
2024-03-22 15:36:00,30.015,30.02,30.01,30.02,19435.0,BTI
2024-03-22 15:35:00,30.035,30.035,30.01,30.01,13117.0,BTI
2024-03-22 15:34:00,30.03,30.04,30.03,30.04,8158.0,BTI
2024-03-22 15:33:00,30.036,30.04,30.021,30.025,12809.0,BTI
2024-03-22 15:32:00,30.035,30.04,30.03,30.035,8918.0,BTI
2024-03-22 15:31:00,30.035,30.04,30.035,30.04,5799.0,BTI
2024-03-22 15:30:00,30.04,30.04,30.035,30.035,624.0,BTI
2024-03-22 15:29:00,30.035,30.035,30.03,30.035,9181.0,BTI
2024-03-22 15:28:00,30.03,30.035,30.03,30.035,5037.0,BTI
2024-03-22 15:27:00,30.025,30.03,30.025,30.03,768.0,BTI
2024-03-22 15:26:00,30.03,30.03,30.025,30.03,2928.0,BTI
2024-03-22 15:25:00,30.025,30.03,30.025,30.03,645.0,BTI
2024-03-22 15:24:00,30.025,30.025,30.025,30.025,488.0,BTI
2024-03-22 15:23:00,30.015,30.025,30.015,30.025,4501.0,BTI
2024-03-22 15:22:00,30.025,30.03,30.02,30.02,10972.0,BTI
2024-03-22 15:21:00,30.015,30.03,30.015,30.025,4091.0,BTI
2024-03-22 15:20:00,30.016,30.02,30.01,30.015,7699.0,BTI
2024-03-22 15:19:00,30.025,30.029,30.02,30.02,3115.0,BTI
2024-03-22 15:18:00,30.015,30.02,30.01,30.02,6231.0,BTI
2024-03-22 15:17:00,30.015,30.02,30.01,30.01,1865.0,BTI
2024-03-22 15:16:00,30.02,30.02,30.015,30.015,3786.0,BTI
2024-03-22 15:15:00,30.025,30.025,30.02,30.02,1398.0,BTI
2024-03-22 15:14:00,30.03,30.03,30.021,30.025,2950.0,BTI
2024-03-22 15:13:00,30.03,30.03,30.022,30.022,3557.0,BTI
2024-03-22 15:12:00,30.03,30.03,30.025,30.03,5961.0,BTI
2024-03-22 15:11:00,30.04,30.04,30.035,30.035,3483.0,BTI
2024-03-22 15:10:00,30.04,30.05,30.04,30.04,1801.0,BTI
2024-03-22 15:09:00,30.05,30.05,30.04,30.045,2055.0,BTI
2024-03-22 15:08:00,30.045,30.05,30.045,30.05,2411.0,BTI
2024-03-22 15:07:00,30.04,30.05,30.04,30.05,452.0,BTI
2024-03-22 15:06:00,30.04,30.04,30.04,30.04,731.0,BTI
2024-03-22 15:05:00,30.035,30.04,30.031,30.04,6186.0,BTI
2024-03-22 15:04:00,30.046,30.046,30.03,30.03,6307.0,BTI
2024-03-22 15:03:00,30.044,30.044,30.04,30.04,447.0,BTI
2024-03-22 15:02:00,30.05,30.05,30.04,30.045,9671.0,BTI
2024-03-22 15:01:00,30.055,30.055,30.05,30.055,485.0,BTI
2024-03-22 15:00:00,30.045,30.06,30.045,30.05,9156.0,BTI
2024-03-22 14:59:00,30.045,30.045,30.041,30.041,745.0,BTI
2024-03-22 14:58:00,30.04,30.05,30.04,30.045,2908.0,BTI
2024-03-22 14:57:00,30.04,30.045,30.04,30.042,999.0,BTI
2024-03-22 14:56:00,30.035,30.045,30.035,30.045,5793.0,BTI
2024-03-22 14:55:00,30.025,30.04,30.025,30.035,3647.0,BTI
2024-03-22 14:54:00,30.016,30.029,30.01,30.029,15711.0,BTI
2024-03-22 14:53:00,30.02,30.025,30.01,30.019,64369.0,BTI
2024-03-22 14:52:00,30.02,30.03,30.02,30.025,1578.0,BTI
2024-03-22 14:51:00,30.025,30.025,30.02,30.02,1065.0,BTI
2024-03-22 14:50:00,30.02,30.025,30.02,30.02,2955.0,BTI
2024-03-22 14:49:00,30.025,30.025,30.025,30.025,4017.0,BTI
2024-03-22 14:48:00,30.03,30.03,30.025,30.025,8892.0,BTI
2024-03-22 14:47:00,30.03,30.03,30.021,30.025,3213.0,BTI
2024-03-22 14:46:00,30.025,30.03,30.02,30.02,7152.0,BTI
2024-03-22 14:45:00,30.025,30.03,30.021,30.025,5952.0,BTI
2024-03-22 14:44:00,30.03,30.03,30.025,30.025,15089.0,BTI
2024-03-22 14:43:00,30.025,30.03,30.025,30.025,3957.0,BTI
2024-03-22 14:42:00,30.025,30.029,30.025,30.029,3267.0,BTI
2024-03-22 14:41:00,30.031,30.04,30.025,30.025,26233.0,BTI
2024-03-22 14:40:00,30.04,30.05,30.032,30.032,11274.0,BTI
2024-03-22 14:39:00,30.04,30.05,30.035,30.05,8171.0,BTI
2024-03-22 14:38:00,30.04,30.04,30.035,30.035,973.0,BTI
2024-03-22 14:37:00,30.04,30.04,30.035,30.04,3919.0,BTI
2024-03-22 14:36:00,30.04,30.04,30.035,30.04,7043.0,BTI
2024-03-22 14:35:00,30.032,30.04,30.03,30.035,6886.0,BTI
2024-03-22 14:34:00,30.032,30.04,30.03,30.03,14208.0,BTI
2024-03-22 14:33:00,30.05,30.05,30.03,30.03,4792.0,BTI
2024-03-22 14:32:00,30.055,30.06,30.05,30.055,2462.0,BTI
2024-03-22 14:31:00,30.062,30.065,30.052,30.06,3152.0,BTI
2024-03-22 14:30:00,30.07,30.07,30.065,30.065,8236.0,BTI
2024-03-22 14:29:00,30.075,30.08,30.07,30.075,9000.0,BTI
2024-03-22 14:28:00,30.09,30.09,30.07,30.075,11776.0,BTI
2024-03-22 14:27:00,30.08,30.085,30.08,30.082,360.0,BTI
2024-03-22 14:26:00,30.09,30.09,30.08,30.085,10378.0,BTI
2024-03-22 14:25:00,30.09,30.095,30.09,30.095,2316.0,BTI
2024-03-22 14:24:00,30.098,30.098,30.09,30.092,1852.0,BTI
2024-03-22 14:23:00,30.095,30.095,30.095,30.095,429.0,BTI
2024-03-22 14:22:00,30.095,30.1,30.095,30.1,2869.0,BTI
2024-03-22 14:21:00,30.1,30.105,30.095,30.095,12302.0,BTI
2024-03-22 14:20:00,30.1,30.1,30.095,30.095,995.0,BTI
2024-03-22 14:19:00,30.1,30.1,30.095,30.099,4976.0,BTI
2024-03-22 14:18:00,30.1,30.1,30.095,30.095,515.0,BTI
2024-03-22 14:17:00,30.095,30.1,30.09,30.09,5019.0,BTI
2024-03-22 14:16:00,30.09,30.095,30.085,30.09,3184.0,BTI
2024-03-22 14:15:00,30.095,30.095,30.085,30.085,6956.0,BTI
2024-03-22 14:14:00,30.09,30.095,30.089,30.095,2365.0,BTI
2024-03-22 14:13:00,30.095,30.095,30.085,30.085,6873.0,BTI
2024-03-22 14:12:00,30.08,30.09,30.08,30.09,6070.0,BTI
2024-03-22 14:11:00,30.08,30.08,30.08,30.08,1848.0,BTI
2024-03-22 14:10:00,30.08,30.08,30.07,30.075,3135.0,BTI
2024-03-22 14:09:00,30.08,30.08,30.07,30.08,1200.0,BTI
2024-03-22 14:08:00,30.075,30.08,30.075,30.08,2593.0,BTI
2024-03-22 14:07:00,30.07,30.075,30.07,30.07,4142.0,BTI
2024-03-22 14:06:00,30.07,30.07,30.065,30.065,2420.0,BTI
2024-03-22 14:05:00,30.06,30.07,30.06,30.07,22144.0,BTI
2024-03-22 14:04:00,30.062,30.07,30.06,30.062,1987.0,BTI
2024-03-22 14:03:00,30.06,30.07,30.06,30.062,1600.0,BTI
2024-03-22 14:02:00,30.065,30.07,30.06,30.06,2935.0,BTI
2024-03-22 14:01:00,30.072,30.08,30.06,30.065,7845.0,BTI
2024-03-22 14:00:00,30.08,30.08,30.071,30.071,1355.0,BTI
2024-03-22 13:59:00,30.07,30.08,30.07,30.074,1787.0,BTI
2024-03-22 13:58:00,30.08,30.08,30.075,30.079,2283.0,BTI
2024-03-22 13:57:00,30.08,30.09,30.07,30.08,20559.0,BTI
2024-03-22 13:56:00,30.08,30.085,30.08,30.08,5385.0,BTI
2024-03-22 13:55:00,30.085,30.088,30.08,30.08,1152.0,BTI
2024-03-22 13:54:00,30.08,30.085,30.08,30.085,445.0,BTI
2024-03-22 13:53:00,30.08,30.085,30.08,30.085,5313.0,BTI
2024-03-22 13:52:00,30.08,30.08,30.075,30.08,2508.0,BTI
2024-03-22 13:51:00,30.075,30.08,30.075,30.08,664.0,BTI
2024-03-22 13:50:00,30.065,30.075,30.065,30.07,6074.0,BTI
2024-03-22 13:49:00,30.07,30.07,30.061,30.065,6478.0,BTI
2024-03-22 13:48:00,30.07,30.08,30.065,30.08,4884.0,BTI
2024-03-22 13:47:00,30.065,30.07,30.061,30.07,4406.0,BTI
2024-03-22 13:46:00,30.07,30.07,30.06,30.065,18130.0,BTI
2024-03-22 13:45:00,30.07,30.07,30.062,30.07,5309.0,BTI
2024-03-22 13:44:00,30.062,30.07,30.062,30.062,1863.0,BTI
2024-03-22 13:43:00,30.07,30.07,30.06,30.06,3907.0,BTI
2024-03-22 13:42:00,30.07,30.07,30.06,30.07,7421.0,BTI
2024-03-22 13:41:00,30.075,30.08,30.07,30.07,2748.0,BTI
2024-03-22 13:40:00,30.075,30.08,30.07,30.08,5844.0,BTI
2024-03-22 13:39:00,30.075,30.078,30.07,30.07,1568.0,BTI
2024-03-22 13:38:00,30.07,30.075,30.07,30.075,3461.0,BTI
2024-03-22 13:37:00,30.06,30.07,30.06,30.07,6446.0,BTI
2024-03-22 13:36:00,30.055,30.065,30.052,30.065,4392.0,BTI
2024-03-22 13:35:00,30.06,30.07,30.055,30.055,22011.0,BTI
2024-03-22 13:34:00,30.054,30.055,30.05,30.055,2494.0,BTI
2024-03-22 13:33:00,30.045,30.06,30.045,30.05,6546.0,BTI
2024-03-22 13:32:00,30.04,30.045,30.04,30.045,1018.0,BTI
2024-03-22 13:31:00,30.045,30.05,30.04,30.04,3657.0,BTI
2024-03-22 13:30:00,30.035,30.045,30.035,30.045,4258.0,BTI
2024-03-22 13:29:00,30.04,30.04,30.03,30.03,5468.0,BTI
2024-03-22 13:28:00,30.04,30.045,30.03,30.04,18687.0,BTI
2024-03-22 13:27:00,30.034,30.04,30.03,30.04,4513.0,BTI
2024-03-22 13:26:00,30.04,30.04,30.03,30.03,3021.0,BTI
2024-03-22 13:25:00,30.03,30.04,30.03,30.04,7157.0,BTI
2024-03-22 13:24:00,30.035,30.04,30.03,30.035,1982.0,BTI
2024-03-22 13:23:00,30.022,30.035,30.022,30.035,6088.0,BTI
2024-03-22 13:22:00,30.02,30.03,30.02,30.022,5905.0,BTI
2024-03-22 13:21:00,30.02,30.03,30.02,30.025,4393.0,BTI
2024-03-22 13:20:00,30.03,30.03,30.025,30.025,6726.0,BTI
2024-03-22 13:19:00,30.025,30.03,30.025,30.025,2103.0,BTI
2024-03-22 13:18:00,30.03,30.04,30.02,30.02,18300.0,BTI
2024-03-22 13:17:00,30.02,30.025,30.015,30.025,5024.0,BTI
2024-03-22 13:16:00,30.019,30.025,30.015,30.015,24342.0,BTI
2024-03-22 13:15:00,30.02,30.02,30.01,30.02,6011.0,BTI
2024-03-22 13:14:00,30.015,30.03,30.01,30.015,23721.0,BTI
2024-03-22 13:13:00,30.02,30.02,30.015,30.015,4093.0,BTI
2024-03-22 13:12:00,30.03,30.03,30.02,30.02,5781.0,BTI
2024-03-22 13:11:00,30.022,30.03,30.02,30.025,6491.0,BTI
2024-03-22 13:10:00,30.03,30.035,30.025,30.025,3384.0,BTI
2024-03-22 13:09:00,30.03,30.04,30.03,30.035,3741.0,BTI
2024-03-22 13:08:00,30.04,30.04,30.035,30.035,1380.0,BTI
2024-03-22 13:07:00,30.05,30.05,30.045,30.05,4404.0,BTI
2024-03-22 13:06:00,30.05,30.06,30.05,30.05,5891.0,BTI
2024-03-22 13:05:00,30.08,30.08,30.06,30.06,11233.0,BTI
2024-03-22 13:04:00,30.06,30.08,30.06,30.075,9868.0,BTI
2024-03-22 13:03:00,30.075,30.075,30.06,30.06,1876.0,BTI
2024-03-22 13:02:00,30.05,30.07,30.05,30.07,8442.0,BTI
2024-03-22 13:01:00,30.055,30.06,30.05,30.051,2968.0,BTI
2024-03-22 13:00:00,30.05,30.059,30.05,30.05,3052.0,BTI
2024-03-22 12:59:00,30.04,30.045,30.03,30.04,3614.0,BTI
2024-03-22 12:58:00,30.03,30.04,30.03,30.036,6111.0,BTI
2024-03-22 12:57:00,30.025,30.035,30.025,30.035,6843.0,BTI
2024-03-22 12:56:00,30.025,30.035,30.025,30.025,13221.0,BTI
2024-03-22 12:55:00,30.03,30.03,30.02,30.03,3188.0,BTI
2024-03-22 12:54:00,30.035,30.04,30.02,30.02,17238.0,BTI
2024-03-22 12:53:00,30.035,30.035,30.03,30.03,3153.0,BTI
2024-03-22 12:52:00,30.05,30.05,30.035,30.039,9901.0,BTI
2024-03-22 12:51:00,30.07,30.07,30.05,30.054,17935.0,BTI
2024-03-22 12:50:00,30.072,30.075,30.07,30.075,1069.0,BTI
2024-03-22 12:49:00,30.075,30.075,30.075,30.075,622.0,BTI
2024-03-22 12:48:00,30.07,30.078,30.065,30.07,2244.0,BTI
2024-03-22 12:47:00,30.075,30.09,30.07,30.08,14788.0,BTI
2024-03-22 12:46:00,30.06,30.08,30.06,30.08,2592.0,BTI
2024-03-22 12:45:00,30.065,30.07,30.06,30.06,5568.0,BTI
2024-03-22 12:44:00,30.07,30.07,30.065,30.07,5764.0,BTI
2024-03-22 12:43:00,30.065,30.07,30.065,30.065,9808.0,BTI
2024-03-22 12:42:00,30.065,30.066,30.06,30.065,2072.0,BTI
2024-03-22 12:41:00,30.06,30.07,30.06,30.065,8178.0,BTI
2024-03-22 12:40:00,30.07,30.075,30.065,30.065,7551.0,BTI
2024-03-22 12:39:00,30.08,30.08,30.075,30.075,4920.0,BTI
2024-03-22 12:38:00,30.1,30.1,30.08,30.08,9539.0,BTI
2024-03-22 12:37:00,30.11,30.11,30.1,30.1,2350.0,BTI
2024-03-22 12:36:00,30.11,30.114,30.1,30.1,15398.0,BTI
2024-03-22 12:35:00,30.13,30.13,30.11,30.11,7192.0,BTI
2024-03-22 12:34:00,30.125,30.14,30.125,30.13,18581.0,BTI
2024-03-22 12:33:00,30.12,30.125,30.115,30.125,5994.0,BTI
2024-03-22 12:32:00,30.115,30.12,30.11,30.12,15341.0,BTI
2024-03-22 12:31:00,30.11,30.12,30.11,30.115,31925.0,BTI
2024-03-22 12:30:00,30.12,30.128,30.115,30.115,6087.0,BTI
2024-03-22 12:29:00,30.135,30.135,30.11,30.12,15511.0,BTI
2024-03-22 12:28:00,30.135,30.14,30.135,30.135,1211.0,BTI
2024-03-22 12:27:00,30.135,30.14,30.13,30.14,8424.0,BTI
2024-03-22 12:26:00,30.13,30.14,30.13,30.135,6381.0,BTI
2024-03-22 12:25:00,30.14,30.15,30.13,30.135,12264.0,BTI
2024-03-22 12:24:00,30.17,30.18,30.14,30.14,15497.0,BTI
2024-03-22 12:23:00,30.165,30.165,30.16,30.16,3370.0,BTI
2024-03-22 12:22:00,30.17,30.17,30.16,30.16,3778.0,BTI
2024-03-22 12:21:00,30.165,30.17,30.165,30.17,890.0,BTI
2024-03-22 12:20:00,30.165,30.18,30.165,30.17,5895.0,BTI
2024-03-22 12:19:00,30.165,30.18,30.16,30.17,12482.0,BTI
2024-03-22 12:18:00,30.162,30.17,30.155,30.165,7111.0,BTI
2024-03-22 12:17:00,30.185,30.185,30.165,30.17,17138.0,BTI
2024-03-22 12:16:00,30.195,30.2,30.18,30.185,5833.0,BTI
2024-03-22 12:15:00,30.185,30.2,30.18,30.195,4876.0,BTI
2024-03-22 12:14:00,30.181,30.2,30.18,30.18,8790.0,BTI
2024-03-22 12:13:00,30.17,30.19,30.17,30.185,11097.0,BTI
2024-03-22 12:12:00,30.185,30.19,30.17,30.17,6335.0,BTI
2024-03-22 12:11:00,30.175,30.195,30.17,30.181,18513.0,BTI
2024-03-22 12:10:00,30.175,30.18,30.175,30.175,17625.0,BTI
2024-03-22 12:09:00,30.18,30.18,30.17,30.175,3304.0,BTI
2024-03-22 12:08:00,30.15,30.18,30.15,30.18,18036.0,BTI
2024-03-22 12:07:00,30.15,30.155,30.15,30.155,5361.0,BTI
2024-03-22 12:06:00,30.13,30.15,30.13,30.15,18707.0,BTI
2024-03-22 12:05:00,30.13,30.13,30.125,30.125,5576.0,BTI
2024-03-22 12:04:00,30.125,30.13,30.12,30.125,3483.0,BTI
2024-03-22 12:03:00,30.121,30.13,30.12,30.125,11190.0,BTI
2024-03-22 12:02:00,30.13,30.135,30.12,30.125,12353.0,BTI
2024-03-22 12:01:00,30.135,30.135,30.12,30.13,27783.0,BTI
2024-03-22 12:00:00,30.155,30.17,30.13,30.13,28002.0,BTI
2024-03-22 11:59:00,30.15,30.16,30.15,30.155,23132.0,BTI
2024-03-22 11:58:00,30.14,30.15,30.14,30.15,8123.0,BTI
2024-03-22 11:57:00,30.145,30.15,30.135,30.145,15553.0,BTI
2024-03-22 11:56:00,30.122,30.15,30.122,30.14,13189.0,BTI
2024-03-22 11:55:00,30.12,30.125,30.12,30.125,1583.0,BTI
2024-03-22 11:54:00,30.135,30.14,30.125,30.125,13113.0,BTI
2024-03-22 11:53:00,30.11,30.135,30.11,30.13,17171.0,BTI
2024-03-22 11:52:00,30.1,30.115,30.1,30.115,8250.0,BTI
2024-03-22 11:51:00,30.1,30.1,30.095,30.1,13153.0,BTI
2024-03-22 11:50:00,30.11,30.11,30.1,30.1,2371.0,BTI
2024-03-22 11:49:00,30.09,30.105,30.09,30.1,7479.0,BTI
2024-03-22 11:48:00,30.085,30.1,30.085,30.09,5833.0,BTI
2024-03-22 11:47:00,30.075,30.09,30.075,30.08,9153.0,BTI
2024-03-22 11:46:00,30.07,30.07,30.07,30.07,3258.0,BTI
2024-03-22 11:45:00,30.08,30.08,30.06,30.065,12661.0,BTI
2024-03-22 11:44:00,30.08,30.085,30.08,30.08,7107.0,BTI
2024-03-22 11:43:00,30.08,30.08,30.06,30.074,11733.0,BTI
2024-03-22 11:42:00,30.08,30.087,30.06,30.07,30649.0,BTI
2024-03-22 11:41:00,30.1,30.11,30.08,30.08,14731.0,BTI
2024-03-22 11:40:00,30.1,30.118,30.1,30.105,11138.0,BTI
2024-03-22 11:39:00,30.115,30.119,30.09,30.09,10612.0,BTI
2024-03-22 11:38:00,30.105,30.12,30.1,30.115,18383.0,BTI
2024-03-22 11:37:00,30.1,30.115,30.1,30.11,9735.0,BTI
2024-03-22 11:36:00,30.125,30.125,30.1,30.1,33431.0,BTI
2024-03-22 11:35:00,30.125,30.135,30.12,30.12,17840.0,BTI
2024-03-22 11:34:00,30.13,30.13,30.12,30.125,12667.0,BTI
2024-03-22 11:33:00,30.12,30.125,30.11,30.12,14924.0,BTI
2024-03-22 11:32:00,30.145,30.145,30.12,30.12,18689.0,BTI
2024-03-22 11:31:00,30.145,30.145,30.13,30.145,23866.0,BTI
2024-03-22 11:30:00,30.15,30.16,30.145,30.149,1546.0,BTI
2024-03-22 11:29:00,30.14,30.17,30.14,30.15,29850.0,BTI
2024-03-22 11:28:00,30.15,30.15,30.14,30.14,2400.0,BTI
2024-03-22 11:27:00,30.16,30.16,30.15,30.15,8795.0,BTI
2024-03-22 11:26:00,30.135,30.15,30.13,30.15,18873.0,BTI
2024-03-22 11:25:00,30.15,30.155,30.13,30.13,43595.0,BTI
2024-03-22 11:24:00,30.165,30.165,30.15,30.155,34724.0,BTI
2024-03-22 11:23:00,30.175,30.18,30.16,30.165,51226.0,BTI
2024-03-22 11:22:00,30.201,30.201,30.17,30.17,26722.0,BTI
2024-03-22 11:21:00,30.215,30.22,30.2,30.217,30806.0,BTI
2024-03-22 11:20:00,30.205,30.22,30.19,30.22,47163.0,BTI
2024-03-22 11:19:00,30.2,30.215,30.2,30.2,52131.0,BTI
2024-03-22 11:18:00,30.25,30.25,30.2,30.2,46766.0,BTI
2024-03-22 11:17:00,30.26,30.26,30.245,30.25,22475.0,BTI
2024-03-22 11:16:00,30.281,30.285,30.255,30.269,18791.0,BTI
2024-03-22 11:15:00,30.32,30.33,30.28,30.28,35785.0,BTI
2024-03-22 11:14:00,30.305,30.33,30.3,30.33,21666.0,BTI
2024-03-22 11:13:00,30.285,30.305,30.28,30.305,23111.0,BTI
2024-03-22 11:12:00,30.29,30.295,30.28,30.289,9758.0,BTI
2024-03-22 11:11:00,30.29,30.295,30.28,30.29,14779.0,BTI
2024-03-22 11:10:00,30.26,30.285,30.26,30.28,4918.0,BTI
2024-03-22 11:09:00,30.28,30.28,30.26,30.27,12194.0,BTI
2024-03-22 11:08:00,30.25,30.285,30.25,30.28,40415.0,BTI
2024-03-22 11:07:00,30.255,30.26,30.245,30.255,33097.0,BTI
2024-03-22 11:06:00,30.26,30.265,30.25,30.255,10890.0,BTI
2024-03-22 11:05:00,30.255,30.26,30.25,30.26,6912.0,BTI
2024-03-22 11:04:00,30.25,30.265,30.25,30.255,13015.0,BTI
2024-03-22 11:03:00,30.265,30.265,30.24,30.25,17380.0,BTI
2024-03-22 11:02:00,30.24,30.265,30.24,30.265,12484.0,BTI
2024-03-22 11:01:00,30.205,30.245,30.2,30.245,42046.0,BTI
2024-03-22 11:00:00,30.195,30.205,30.195,30.2,6896.0,BTI
2024-03-22 10:59:00,30.22,30.225,30.19,30.2,48165.0,BTI
2024-03-22 10:58:00,30.235,30.24,30.22,30.225,47649.0,BTI
2024-03-22 10:57:00,30.245,30.25,30.22,30.23,53821.0,BTI
2024-03-22 10:56:00,30.255,30.26,30.24,30.24,81151.0,BTI
2024-03-22 10:55:00,30.26,30.265,30.23,30.25,32233.0,BTI
2024-03-22 10:54:00,30.27,30.27,30.25,30.265,30794.0,BTI
2024-03-22 10:53:00,30.25,30.28,30.25,30.27,19288.0,BTI
2024-03-22 10:52:00,30.279,30.28,30.25,30.255,32431.0,BTI
2024-03-22 10:51:00,30.27,30.28,30.26,30.28,32862.0,BTI
2024-03-22 10:50:00,30.27,30.28,30.265,30.27,19062.0,BTI
2024-03-22 10:49:00,30.27,30.29,30.26,30.27,47464.0,BTI
2024-03-22 10:48:00,30.24,30.275,30.24,30.27,77489.0,BTI
2024-03-22 10:47:00,30.235,30.25,30.23,30.24,37073.0,BTI
2024-03-22 10:46:00,30.23,30.25,30.23,30.235,16126.0,BTI
2024-03-22 10:45:00,30.22,30.23,30.22,30.225,11998.0,BTI
2024-03-22 10:44:00,30.21,30.22,30.2,30.22,15928.0,BTI
2024-03-22 10:43:00,30.215,30.225,30.21,30.22,9586.0,BTI
2024-03-22 10:42:00,30.215,30.23,30.21,30.22,29196.0,BTI
2024-03-22 10:41:00,30.205,30.215,30.2,30.215,19349.0,BTI
2024-03-22 10:40:00,30.2,30.21,30.2,30.21,13399.0,BTI
2024-03-22 10:39:00,30.21,30.21,30.19,30.195,140582.0,BTI
2024-03-22 10:38:00,30.21,30.22,30.2,30.21,27237.0,BTI
2024-03-22 10:37:00,30.225,30.225,30.21,30.215,17570.0,BTI
2024-03-22 10:36:00,30.23,30.23,30.21,30.225,9972.0,BTI
2024-03-22 10:35:00,30.205,30.225,30.2,30.225,16071.0,BTI
2024-03-22 10:34:00,30.22,30.22,30.2,30.205,24925.0,BTI
2024-03-22 10:33:00,30.23,30.24,30.21,30.22,18790.0,BTI
2024-03-22 10:32:00,30.23,30.25,30.22,30.225,56101.0,BTI
2024-03-22 10:31:00,30.215,30.24,30.215,30.225,9130.0,BTI
2024-03-22 10:30:00,30.23,30.23,30.215,30.215,12420.0,BTI
2024-03-22 10:29:00,30.235,30.235,30.22,30.235,14504.0,BTI
2024-03-22 10:28:00,30.22,30.24,30.21,30.23,15533.0,BTI
2024-03-22 10:27:00,30.225,30.23,30.212,30.22,6641.0,BTI
2024-03-22 10:26:00,30.23,30.235,30.205,30.22,28764.0,BTI
2024-03-22 10:25:00,30.23,30.245,30.225,30.24,26618.0,BTI
2024-03-22 10:24:00,30.22,30.238,30.215,30.23,9766.0,BTI
2024-03-22 10:23:00,30.215,30.22,30.21,30.215,10625.0,BTI
2024-03-22 10:22:00,30.22,30.225,30.21,30.21,14008.0,BTI
2024-03-22 10:21:00,30.23,30.24,30.21,30.22,20000.0,BTI
2024-03-22 10:20:00,30.23,30.24,30.21,30.22,15509.0,BTI
2024-03-22 10:19:00,30.23,30.24,30.225,30.225,12591.0,BTI
2024-03-22 10:18:00,30.21,30.24,30.2,30.24,8042.0,BTI
2024-03-22 10:17:00,30.195,30.215,30.195,30.21,7597.0,BTI
2024-03-22 10:16:00,30.21,30.22,30.19,30.19,14856.0,BTI
2024-03-22 10:15:00,30.22,30.225,30.2,30.2,21750.0,BTI
2024-03-22 10:14:00,30.22,30.225,30.215,30.215,24218.0,BTI
2024-03-22 10:13:00,30.211,30.225,30.2,30.21,39758.0,BTI
2024-03-22 10:12:00,30.22,30.24,30.215,30.23,27027.0,BTI
2024-03-22 10:11:00,30.22,30.235,30.21,30.23,25884.0,BTI
2024-03-22 10:10:00,30.23,30.23,30.22,30.23,20251.0,BTI
2024-03-22 10:09:00,30.22,30.24,30.22,30.22,28884.0,BTI
2024-03-22 10:08:00,30.21,30.23,30.21,30.22,15862.0,BTI
2024-03-22 10:07:00,30.205,30.225,30.205,30.21,17022.0,BTI
2024-03-22 10:06:00,30.22,30.24,30.2,30.205,34988.0,BTI
2024-03-22 10:05:00,30.18,30.23,30.18,30.22,58344.0,BTI
2024-03-22 10:04:00,30.18,30.185,30.17,30.175,32210.0,BTI
2024-03-22 10:03:00,30.18,30.19,30.17,30.18,62848.0,BTI
2024-03-22 10:02:00,30.18,30.19,30.155,30.175,90031.0,BTI
2024-03-22 10:01:00,30.17,30.19,30.145,30.18,80193.0,BTI
2024-03-22 10:00:00,30.16,30.18,30.16,30.165,56608.0,BTI
2024-03-22 09:59:00,30.18,30.18,30.155,30.16,72189.0,BTI
2024-03-22 09:58:00,30.16,30.185,30.155,30.18,82722.0,BTI
2024-03-22 09:57:00,30.19,30.2,30.15,30.155,43679.0,BTI
2024-03-22 09:56:00,30.19,30.19,30.17,30.19,82054.0,BTI
2024-03-22 09:55:00,30.2,30.208,30.17,30.18,42950.0,BTI
2024-03-22 09:54:00,30.23,30.23,30.2,30.2,54476.0,BTI
2024-03-22 09:53:00,30.22,30.235,30.205,30.23,45615.0,BTI
2024-03-22 09:52:00,30.22,30.22,30.21,30.21,18920.0,BTI
2024-03-22 09:51:00,30.2,30.225,30.2,30.215,30515.0,BTI
2024-03-22 09:50:00,30.19,30.21,30.18,30.2,25741.0,BTI
2024-03-22 09:49:00,30.21,30.215,30.19,30.19,24627.0,BTI
2024-03-22 09:48:00,30.24,30.24,30.205,30.205,14582.0,BTI
2024-03-22 09:47:00,30.21,30.24,30.21,30.23,32019.0,BTI
2024-03-22 09:46:00,30.22,30.23,30.2,30.209,27974.0,BTI
2024-03-22 09:45:00,30.21,30.24,30.21,30.215,37780.0,BTI
2024-03-22 09:44:00,30.23,30.23,30.21,30.21,16454.0,BTI
2024-03-22 09:43:00,30.23,30.25,30.22,30.225,30787.0,BTI
2024-03-22 09:42:00,30.24,30.24,30.22,30.235,31156.0,BTI
2024-03-22 09:41:00,30.255,30.26,30.24,30.245,22680.0,BTI
2024-03-22 09:40:00,30.25,30.26,30.24,30.25,39332.0,BTI
2024-03-22 09:39:00,30.255,30.26,30.24,30.25,29797.0,BTI
2024-03-22 09:38:00,30.23,30.27,30.23,30.25,40259.0,BTI
2024-03-22 09:37:00,30.23,30.24,30.215,30.22,24378.0,BTI
2024-03-22 09:36:00,30.22,30.239,30.205,30.239,16175.0,BTI
2024-03-22 09:35:00,30.22,30.22,30.2,30.22,5422.0,BTI
2024-03-22 09:34:00,30.225,30.23,30.21,30.23,8189.0,BTI
2024-03-22 09:33:00,30.239,30.24,30.23,30.23,5601.0,BTI
2024-03-22 09:32:00,30.25,30.255,30.23,30.231,9663.0,BTI
2024-03-22 09:31:00,30.24,30.27,30.24,30.24,12014.0,BTI
2024-03-22 09:30:00,30.28,30.28,30.24,30.25,60821.0,BTI
2024-03-22 09:29:00,30.26,30.28,30.26,30.28,5366.0,BTI
2024-03-22 09:27:00,30.26,30.26,30.25,30.25,330.0,BTI
2024-03-22 09:26:00,30.25,30.25,30.25,30.25,2.0,BTI
2024-03-22 09:24:00,30.25,30.26,30.25,30.26,242.0,BTI
2024-03-22 09:23:00,30.25,30.25,30.25,30.25,193.0,BTI
2024-03-22 09:21:00,30.23,30.24,30.23,30.24,29.0,BTI
2024-03-22 09:20:00,30.23,30.23,30.23,30.23,49.0,BTI
2024-03-22 09:15:00,30.225,30.225,30.225,30.225,0.0,BTI
2024-03-22 09:13:00,30.23,30.23,30.23,30.23,3.0,BTI
2024-03-22 09:12:00,30.22,30.23,30.21,30.23,1280.0,BTI
2024-03-22 09:11:00,30.21,30.21,30.21,30.21,14.0,BTI
2024-03-22 09:09:00,30.22,30.22,30.21,30.21,116.0,BTI
2024-03-22 09:07:00,30.22,30.22,30.22,30.22,13.0,BTI
2024-03-22 09:06:00,30.22,30.22,30.22,30.22,34.0,BTI
2024-03-22 09:04:00,30.22,30.22,30.22,30.22,7.0,BTI
2024-03-22 09:02:00,30.2,30.2,30.2,30.2,203.0,BTI
2024-03-22 09:00:00,30.18,30.2,30.18,30.19,281.0,BTI
2024-03-22 08:59:00,30.18,30.18,30.18,30.18,260.0,BTI
2024-03-22 08:52:00,30.2,30.2,30.2,30.2,15.0,BTI
2024-03-22 08:51:00,30.2,30.2,30.2,30.2,72.0,BTI
2024-03-22 08:50:00,30.21,30.21,30.195,30.2,133.0,BTI
2024-03-22 08:49:00,30.22,30.22,30.21,30.21,8.0,BTI
2024-03-22 08:48:00,30.22,30.22,30.22,30.22,53.0,BTI
2024-03-22 08:46:00,30.22,30.23,30.22,30.23,33.0,BTI
2024-03-22 08:43:00,30.22,30.23,30.22,30.23,289.0,BTI
2024-03-22 08:40:00,30.23,30.23,30.23,30.23,0.0,BTI
2024-03-22 08:37:00,30.23,30.23,30.23,30.23,95.0,BTI
2024-03-22 08:36:00,30.21,30.22,30.21,30.22,213.0,BTI
2024-03-22 08:33:00,30.21,30.21,30.21,30.21,199.0,BTI
2024-03-22 08:30:00,30.2,30.2,30.2,30.2,3.0,BTI
2024-03-22 08:29:00,30.2,30.2,30.2,30.2,1.0,BTI
2024-03-22 08:28:00,30.2,30.2,30.19,30.19,8.0,BTI
2024-03-22 08:27:00,30.21,30.22,30.2,30.2,5.0,BTI
2024-03-22 08:26:00,30.19,30.19,30.19,30.19,9.0,BTI
2024-03-22 08:22:00,30.18,30.18,30.18,30.18,96.0,BTI
2024-03-22 08:19:00,30.13,30.13,30.13,30.13,84.0,BTI
2024-03-22 08:11:00,30.12,30.12,30.12,30.12,87.0,BTI
2024-03-22 08:10:00,30.12,30.12,30.12,30.12,41.0,BTI
2024-03-22 08:09:00,30.11,30.13,30.1,30.12,221.0,BTI
2024-03-22 08:08:00,30.11,30.11,30.09,30.1,152.0,BTI
2024-03-22 08:07:00,30.1,30.11,30.1,30.11,3.0,BTI
2024-03-22 08:06:00,30.09,30.1,30.09,30.1,3246.0,BTI
2024-03-22 08:04:00,30.17,30.18,30.09,30.09,2.0,BTI
2024-03-22 08:02:00,30.06,30.15,30.06,30.15,15.0,BTI
2024-03-22 08:01:00,30.07,30.07,30.07,30.07,2529.0,BTI
2024-03-22 08:00:00,30.17,30.17,30.07,30.07,2112.0,BTI
2024-03-22 07:57:00,30.08,30.08,30.08,30.08,290.0,BTI
2024-03-22 07:56:00,30.08,30.08,30.08,30.08,48.0,BTI
2024-03-22 07:53:00,30.07,30.07,30.07,30.07,104.0,BTI
2024-03-22 07:50:00,30.08,30.08,30.08,30.08,19.0,BTI
2024-03-22 07:46:00,30.1,30.1,30.08,30.08,197.0,BTI
2024-03-22 07:44:00,30.09,30.09,30.09,30.09,42.0,BTI
2024-03-22 07:42:00,30.09,30.09,30.09,30.09,135.0,BTI
2024-03-22 07:39:00,30.11,30.11,30.11,30.11,72.0,BTI
2024-03-22 07:38:00,30.11,30.11,30.11,30.11,24.0,BTI
2024-03-22 07:33:00,30.1,30.1,30.1,30.1,0.0,BTI
2024-03-22 07:28:00,30.12,30.12,30.12,30.12,1.0,BTI
2024-03-22 07:27:00,30.11,30.11,30.11,30.11,2.0,BTI
2024-03-22 07:23:00,30.12,30.12,30.11,30.11,193.0,BTI
2024-03-22 07:20:00,30.14,30.14,30.13,30.13,196.0,BTI
2024-03-22 07:16:00,30.15,30.15,30.15,30.15,4.0,BTI
2024-03-22 07:11:00,30.17,30.17,30.17,30.17,2.0,BTI
2024-03-22 07:08:00,30.14,30.14,30.14,30.14,60.0,BTI
2024-03-22 07:06:00,30.15,30.15,30.15,30.15,137.0,BTI
2024-03-22 07:04:00,30.17,30.17,30.17,30.17,1886.0,BTI
2024-03-22 07:00:00,30.17,30.17,30.16,30.16,489.0,BTI
2024-03-22 06:50:00,30.15,30.15,30.15,30.15,60.0,BTI
2024-03-22 06:40:00,30.14,30.14,30.14,30.14,4.0,BTI
2024-03-22 06:37:00,30.16,30.16,30.16,30.16,0.0,BTI
2024-03-22 06:31:00,30.19,30.19,30.19,30.19,212.0,BTI
2024-03-22 06:29:00,30.18,30.18,30.18,30.18,29.0,BTI
2024-03-22 06:28:00,30.16,30.16,30.16,30.16,303.0,BTI
2024-03-22 06:13:00,30.18,30.18,30.18,30.18,2.0,BTI
2024-03-22 05:40:00,30.14,30.14,30.14,30.14,11.0,BTI
2024-03-22 05:38:00,30.15,30.15,30.15,30.15,0.0,BTI
2024-03-22 05:33:00,30.17,30.2,30.17,30.2,5.0,BTI
2024-03-22 05:31:00,30.17,30.17,30.17,30.17,290.0,BTI
2024-03-22 05:23:00,30.2,30.2,30.2,30.2,9.0,BTI
2024-03-22 05:19:00,30.21,30.21,30.21,30.21,7.0,BTI
2024-03-22 04:58:00,30.25,30.25,30.21,30.21,149.0,BTI
2024-03-22 04:57:00,30.26,30.26,30.24,30.24,43.0,BTI
2024-03-22 04:56:00,30.26,30.26,30.26,30.26,96.0,BTI
2024-03-22 04:55:00,30.3,30.3,30.3,30.3,96.0,BTI
2024-03-22 04:54:00,30.32,30.32,30.32,30.32,14.0,BTI
2024-03-22 04:52:00,30.32,30.32,30.32,30.32,96.0,BTI
2024-03-22 04:49:00,30.28,30.28,30.28,30.28,96.0,BTI
2024-03-22 04:40:00,30.31,30.31,30.31,30.31,9.0,BTI
2024-03-22 04:38:00,30.29,30.29,30.29,30.29,8.0,BTI
2024-03-22 04:36:00,30.25,30.28,30.25,30.28,712.0,BTI
2024-03-22 04:35:00,30.25,30.25,30.25,30.25,263.0,BTI
2024-03-22 04:30:00,30.23,30.23,30.23,30.23,96.0,BTI
2024-03-22 04:28:00,30.21,30.21,30.21,30.21,905.0,BTI
2024-03-22 04:27:00,30.23,30.23,30.23,30.23,84.0,BTI
2024-03-22 04:24:00,30.24,30.24,30.24,30.24,2.0,BTI
2024-03-22 04:23:00,30.25,30.25,30.25,30.25,1.0,BTI
2024-03-22 04:18:00,30.25,30.25,30.25,30.25,106.0,BTI
2024-03-22 04:17:00,30.22,30.22,30.22,30.22,9.0,BTI
2024-03-22 04:16:00,30.21,30.21,30.21,30.21,96.0,BTI
2024-03-22 04:14:00,30.2,30.2,30.2,30.2,387.0,BTI
2024-03-22 04:11:00,30.12,30.12,30.11,30.11,980.0,BTI
2024-03-22 04:09:00,30.2,30.2,30.2,30.2,9.0,BTI
2024-03-22 04:05:00,30.13,30.13,30.12,30.12,13.0,BTI
2024-03-22 04:02:00,30.17,30.17,30.17,30.17,148.0,BTI
2024-03-22 04:01:00,30.22,30.22,30.13,30.18,598.0,BTI
2024-03-22 04:00:00,30.2,30.26,30.17,30.26,30.0,BTI
2024-03-21 19:56:00,30.22,30.22,30.22,30.22,0.0,BTI
2024-03-21 19:40:00,30.22,30.22,30.22,30.22,1.0,BTI
2024-03-21 19:36:00,30.22,30.22,30.22,30.22,1.0,BTI
2024-03-21 19:35:00,30.22,30.22,30.22,30.22,0.0,BTI
2024-03-21 19:33:00,30.14,30.14,30.14,30.14,5.0,BTI
2024-03-21 19:32:00,30.14,30.14,30.14,30.14,412.0,BTI
2024-03-21 19:30:00,30.19,30.19,30.19,30.19,145.0,BTI
2024-03-21 19:29:00,30.17,30.17,30.17,30.17,12.0,BTI
2024-03-21 19:27:00,30.16,30.17,30.16,30.17,28.0,BTI
2024-03-21 19:26:00,30.16,30.16,30.16,30.16,73.0,BTI
2024-03-21 19:25:00,30.17,30.18,30.17,30.18,193.0,BTI
2024-03-21 19:24:00,30.16,30.16,30.16,30.16,96.0,BTI
2024-03-21 19:23:00,30.2,30.2,30.16,30.17,184.0,BTI
2024-03-21 19:21:00,30.21,30.21,30.21,30.21,0.0,BTI
2024-03-21 19:19:00,30.2,30.2,30.2,30.2,11.0,BTI
2024-03-21 19:15:00,30.21,30.21,30.21,30.21,0.0,BTI
2024-03-21 19:12:00,30.14,30.14,30.14,30.14,4.0,BTI
2024-03-21 19:03:00,30.22,30.22,30.22,30.22,4.0,BTI
2024-03-21 19:00:00,30.15,30.21,30.15,30.21,134200.0,BTI
2024-03-21 18:55:00,30.22,30.22,30.22,30.22,3.0,BTI
2024-03-21 18:50:00,30.22,30.22,30.22,30.22,9.0,BTI
2024-03-21 18:48:00,30.21,30.21,30.2,30.2,96.0,BTI
2024-03-21 18:47:00,30.2,30.2,30.2,30.2,30.0,BTI
2024-03-21 18:46:00,30.18,30.18,30.18,30.18,0.0,BTI
2024-03-21 18:31:00,30.14,30.14,30.14,30.14,2.0,BTI
2024-03-21 18:30:00,30.15,30.15,30.15,30.15,134199.0,BTI
2024-03-21 18:24:00,30.15,30.15,30.14,30.14,19.0,BTI
2024-03-21 18:21:00,30.14,30.14,30.14,30.14,59.0,BTI
2024-03-21 18:12:00,30.2,30.2,30.18,30.18,16.0,BTI
2024-03-21 18:09:00,30.2,30.2,30.2,30.2,0.0,BTI
2024-03-21 18:08:00,30.19,30.2,30.19,30.2,11.0,BTI
2024-03-21 18:06:00,30.22,30.22,30.22,30.22,14.0,BTI
2024-03-21 18:02:00,30.18,30.18,30.18,30.18,0.0,BTI
2024-03-21 18:00:00,30.15,30.15,30.15,30.15,19.0,BTI
2024-03-21 17:58:00,30.18,30.18,30.18,30.18,0.0,BTI
2024-03-21 17:57:00,30.16,30.16,30.15,30.15,113.0,BTI
2024-03-21 17:56:00,30.16,30.16,30.16,30.16,9.0,BTI
2024-03-21 17:55:00,30.17,30.17,30.16,30.16,39.0,BTI
2024-03-21 17:47:00,30.2,30.2,30.2,30.2,16.0,BTI
2024-03-21 17:43:00,30.14,30.14,30.14,30.14,2.0,BTI
2024-03-21 17:37:00,30.18,30.18,30.18,30.18,1.0,BTI
2024-03-21 17:28:00,30.18,30.19,30.15,30.15,147189.0,BTI
2024-03-21 17:07:00,30.19,30.19,30.14,30.14,194.0,BTI
2024-03-21 17:06:00,30.15,30.15,30.15,30.15,436.0,BTI
2024-03-21 17:03:00,30.15,30.15,30.15,30.15,782.0,BTI
2024-03-21 17:02:00,30.188,30.188,30.188,30.188,6.0,BTI
2024-03-21 17:01:00,30.16,30.16,30.16,30.16,1.0,BTI
2024-03-21 16:51:00,30.18,30.18,30.16,30.16,30.0,BTI
2024-03-21 16:40:00,30.2,30.2,30.2,30.2,19.0,BTI
2024-03-21 16:36:00,30.2,30.2,30.2,30.2,4.0,BTI
2024-03-21 16:35:00,30.22,30.22,30.22,30.22,319.0,BTI
2024-03-21 16:33:00,30.14,30.2,30.14,30.2,291.0,BTI
2024-03-21 16:31:00,30.2,30.2,30.2,30.2,26.0,BTI
2024-03-21 16:28:00,30.477,30.477,30.477,30.477,30.0,BTI
2024-03-21 16:13:00,30.15,30.15,30.15,30.15,326.0,BTI
2024-03-21 16:10:00,30.15,30.15,30.15,30.15,134199.0,BTI
2024-03-21 16:09:00,30.145,30.145,30.145,30.145,0.0,BTI
2024-03-21 16:07:00,30.14,30.14,30.14,30.14,4.0,BTI
2024-03-21 16:06:00,30.15,30.15,30.15,30.15,14.0,BTI
2024-03-21 16:05:00,30.15,30.15,30.15,30.15,11.0,BTI
2024-03-21 16:03:00,29.31,30.15,29.31,30.15,86.0,BTI
2024-03-21 16:00:00,30.15,30.15,30.15,30.15,287235.0,BTI
2024-03-21 15:59:00,30.18,30.18,30.14,30.15,104950.0,BTI
2024-03-21 15:58:00,30.165,30.18,30.16,30.175,57492.0,BTI
2024-03-21 15:57:00,30.17,30.17,30.16,30.17,17104.0,BTI
2024-03-21 15:56:00,30.16,30.17,30.15,30.17,36764.0,BTI
2024-03-21 15:55:00,30.175,30.18,30.155,30.16,65266.0,BTI
2024-03-21 15:54:00,30.155,30.175,30.155,30.175,17035.0,BTI
2024-03-21 15:53:00,30.155,30.155,30.145,30.155,31256.0,BTI
2024-03-21 15:52:00,30.165,30.165,30.15,30.155,20944.0,BTI
2024-03-21 15:51:00,30.163,30.17,30.16,30.165,10572.0,BTI
2024-03-21 15:50:00,30.18,30.18,30.16,30.16,29150.0,BTI
2024-03-21 15:49:00,30.17,30.19,30.17,30.18,39991.0,BTI
2024-03-21 15:48:00,30.175,30.18,30.17,30.17,18471.0,BTI
2024-03-21 15:47:00,30.18,30.19,30.17,30.175,31556.0,BTI
2024-03-21 15:46:00,30.195,30.2,30.18,30.18,25501.0,BTI
2024-03-21 15:45:00,30.2,30.2,30.19,30.192,12317.0,BTI
2024-03-21 15:44:00,30.195,30.2,30.192,30.2,8924.0,BTI
2024-03-21 15:43:00,30.19,30.2,30.19,30.2,9516.0,BTI
2024-03-21 15:42:00,30.195,30.195,30.19,30.19,4438.0,BTI
2024-03-21 15:41:00,30.208,30.208,30.19,30.19,3680.0,BTI
2024-03-21 15:40:00,30.205,30.205,30.19,30.2,18099.0,BTI
2024-03-21 15:39:00,30.2,30.21,30.2,30.2,2218.0,BTI
2024-03-21 15:38:00,30.195,30.21,30.195,30.2,6540.0,BTI
2024-03-21 15:37:00,30.2,30.2,30.195,30.195,5047.0,BTI
2024-03-21 15:36:00,30.2,30.205,30.195,30.195,21249.0,BTI
2024-03-21 15:35:00,30.2,30.205,30.195,30.205,13969.0,BTI
2024-03-21 15:34:00,30.205,30.21,30.2,30.205,4169.0,BTI
2024-03-21 15:33:00,30.2,30.21,30.2,30.2,7931.0,BTI
2024-03-21 15:32:00,30.205,30.21,30.19,30.21,24758.0,BTI
2024-03-21 15:31:00,30.22,30.22,30.2,30.2,20317.0,BTI
2024-03-21 15:30:00,30.235,30.235,30.21,30.21,26304.0,BTI
2024-03-21 15:29:00,30.22,30.24,30.22,30.235,7828.0,BTI
2024-03-21 15:28:00,30.22,30.225,30.22,30.225,1912.0,BTI
2024-03-21 15:27:00,30.225,30.225,30.22,30.225,1180.0,BTI
2024-03-21 15:26:00,30.205,30.23,30.2,30.228,15295.0,BTI
2024-03-21 15:25:00,30.2,30.205,30.2,30.2,2666.0,BTI
2024-03-21 15:24:00,30.205,30.21,30.2,30.2,6861.0,BTI
2024-03-21 15:23:00,30.205,30.205,30.2,30.2,1855.0,BTI
2024-03-21 15:22:00,30.205,30.21,30.2,30.2,2470.0,BTI
2024-03-21 15:21:00,30.19,30.21,30.185,30.2,8743.0,BTI
2024-03-21 15:20:00,30.185,30.19,30.18,30.18,2439.0,BTI
2024-03-21 15:19:00,30.185,30.185,30.18,30.18,1989.0,BTI
2024-03-21 15:18:00,30.165,30.185,30.165,30.181,6927.0,BTI
2024-03-21 15:17:00,30.155,30.17,30.155,30.165,3957.0,BTI
2024-03-21 15:16:00,30.145,30.16,30.14,30.155,11420.0,BTI
2024-03-21 15:15:00,30.155,30.155,30.145,30.145,6060.0,BTI
2024-03-21 15:14:00,30.16,30.17,30.155,30.155,21619.0,BTI
2024-03-21 15:13:00,30.17,30.17,30.16,30.16,4529.0,BTI
2024-03-21 15:12:00,30.17,30.175,30.165,30.17,6631.0,BTI
2024-03-21 15:11:00,30.18,30.18,30.17,30.17,5879.0,BTI
2024-03-21 15:10:00,30.19,30.19,30.18,30.18,1961.0,BTI
2024-03-21 15:09:00,30.18,30.2,30.175,30.185,48056.0,BTI
2024-03-21 15:08:00,30.16,30.179,30.155,30.179,31390.0,BTI
2024-03-21 15:07:00,30.16,30.165,30.16,30.16,1594.0,BTI
2024-03-21 15:06:00,30.165,30.17,30.155,30.165,227615.0,BTI
2024-03-21 15:05:00,30.13,30.175,30.13,30.16,122503.0,BTI
2024-03-21 15:04:00,30.105,30.14,30.105,30.14,46084.0,BTI
2024-03-21 15:03:00,30.1,30.105,30.1,30.1,1566.0,BTI
2024-03-21 15:02:00,30.105,30.108,30.1,30.1,2449.0,BTI
2024-03-21 15:01:00,30.115,30.115,30.105,30.11,10080.0,BTI
2024-03-21 15:00:00,30.11,30.11,30.11,30.11,3414.0,BTI
2024-03-21 14:59:00,30.11,30.12,30.11,30.11,4176.0,BTI
2024-03-21 14:58:00,30.12,30.12,30.11,30.115,1731.0,BTI
2024-03-21 14:57:00,30.095,30.117,30.09,30.117,30892.0,BTI
2024-03-21 14:56:00,30.09,30.097,30.09,30.095,2631.0,BTI
2024-03-21 14:55:00,30.09,30.095,30.09,30.09,3571.0,BTI
2024-03-21 14:54:00,30.1,30.105,30.09,30.095,13210.0,BTI
2024-03-21 14:53:00,30.091,30.095,30.09,30.095,1747.0,BTI
2024-03-21 14:52:00,30.1,30.107,30.095,30.095,9718.0,BTI
2024-03-21 14:51:00,30.1,30.105,30.1,30.1,1646.0,BTI
2024-03-21 14:50:00,30.115,30.115,30.1,30.107,9909.0,BTI
2024-03-21 14:49:00,30.115,30.12,30.11,30.11,4293.0,BTI
2024-03-21 14:48:00,30.115,30.115,30.11,30.11,1036.0,BTI
2024-03-21 14:47:00,30.115,30.12,30.11,30.11,9787.0,BTI
2024-03-21 14:46:00,30.119,30.12,30.11,30.11,11465.0,BTI
2024-03-21 14:45:00,30.115,30.12,30.11,30.115,5222.0,BTI
2024-03-21 14:44:00,30.115,30.125,30.11,30.115,18638.0,BTI
2024-03-21 14:43:00,30.115,30.12,30.11,30.11,4238.0,BTI
2024-03-21 14:42:00,30.11,30.117,30.11,30.11,2915.0,BTI
2024-03-21 14:41:00,30.11,30.11,30.11,30.11,445.0,BTI
2024-03-21 14:40:00,30.11,30.117,30.11,30.117,2294.0,BTI
2024-03-21 14:39:00,30.11,30.119,30.11,30.11,3663.0,BTI
2024-03-21 14:38:00,30.118,30.118,30.11,30.11,1481.0,BTI
2024-03-21 14:37:00,30.11,30.12,30.11,30.12,2555.0,BTI
2024-03-21 14:36:00,30.11,30.115,30.105,30.115,11415.0,BTI
2024-03-21 14:35:00,30.12,30.13,30.12,30.12,13392.0,BTI
2024-03-21 14:34:00,30.12,30.13,30.12,30.125,6472.0,BTI
2024-03-21 14:33:00,30.12,30.12,30.12,30.12,1549.0,BTI
2024-03-21 14:32:00,30.12,30.125,30.12,30.12,1890.0,BTI
2024-03-21 14:31:00,30.12,30.13,30.12,30.125,2200.0,BTI
2024-03-21 14:30:00,30.115,30.125,30.115,30.12,8347.0,BTI
2024-03-21 14:29:00,30.12,30.12,30.11,30.11,6711.0,BTI
2024-03-21 14:28:00,30.128,30.128,30.12,30.125,584.0,BTI
2024-03-21 14:27:00,30.125,30.13,30.12,30.12,17458.0,BTI
2024-03-21 14:26:00,30.13,30.13,30.12,30.12,8872.0,BTI
2024-03-21 14:25:00,30.13,30.135,30.13,30.135,2851.0,BTI
2024-03-21 14:24:00,30.14,30.14,30.13,30.13,7274.0,BTI
2024-03-21 14:23:00,30.145,30.145,30.14,30.145,1452.0,BTI
2024-03-21 14:22:00,30.14,30.145,30.14,30.14,4633.0,BTI
2024-03-21 14:21:00,30.12,30.145,30.12,30.145,25459.0,BTI
2024-03-21 14:20:00,30.12,30.125,30.12,30.12,2335.0,BTI
2024-03-21 14:19:00,30.12,30.12,30.12,30.12,3651.0,BTI
2024-03-21 14:18:00,30.115,30.115,30.11,30.115,1755.0,BTI
2024-03-21 14:17:00,30.105,30.12,30.105,30.12,25059.0,BTI
2024-03-21 14:16:00,30.1,30.105,30.1,30.105,4639.0,BTI
2024-03-21 14:15:00,30.105,30.105,30.1,30.1,1737.0,BTI
2024-03-21 14:14:00,30.11,30.11,30.1,30.1,3307.0,BTI
2024-03-21 14:13:00,30.11,30.115,30.11,30.11,1351.0,BTI
2024-03-21 14:12:00,30.12,30.12,30.11,30.12,30160.0,BTI
2024-03-21 14:11:00,30.13,30.135,30.11,30.11,8577.0,BTI
2024-03-21 14:10:00,30.135,30.14,30.13,30.13,2201.0,BTI
2024-03-21 14:09:00,30.13,30.14,30.13,30.14,2203.0,BTI
2024-03-21 14:08:00,30.129,30.14,30.12,30.135,16944.0,BTI
2024-03-21 14:07:00,30.132,30.135,30.12,30.13,9611.0,BTI
2024-03-21 14:06:00,30.125,30.14,30.125,30.135,4545.0,BTI
2024-03-21 14:05:00,30.122,30.129,30.12,30.125,4391.0,BTI
2024-03-21 14:04:00,30.125,30.129,30.12,30.12,1179.0,BTI
2024-03-21 14:03:00,30.13,30.135,30.12,30.125,15966.0,BTI
2024-03-21 14:02:00,30.131,30.14,30.13,30.136,7901.0,BTI
2024-03-21 14:01:00,30.135,30.14,30.135,30.135,1407.0,BTI
2024-03-21 14:00:00,30.135,30.14,30.13,30.135,11388.0,BTI
2024-03-21 13:59:00,30.15,30.15,30.13,30.13,7173.0,BTI
2024-03-21 13:58:00,30.145,30.149,30.14,30.144,3010.0,BTI
2024-03-21 13:57:00,30.155,30.16,30.14,30.148,5976.0,BTI
2024-03-21 13:56:00,30.15,30.155,30.15,30.15,829.0,BTI
2024-03-21 13:55:00,30.145,30.15,30.145,30.15,3451.0,BTI
2024-03-21 13:54:00,30.149,30.15,30.14,30.14,18589.0,BTI
2024-03-21 13:53:00,30.13,30.145,30.13,30.145,4226.0,BTI
2024-03-21 13:52:00,30.135,30.135,30.13,30.135,781.0,BTI
2024-03-21 13:51:00,30.13,30.135,30.13,30.13,8130.0,BTI
2024-03-21 13:50:00,30.139,30.14,30.13,30.135,3321.0,BTI
2024-03-21 13:49:00,30.15,30.15,30.14,30.14,21025.0,BTI
2024-03-21 13:48:00,30.145,30.158,30.14,30.158,3517.0,BTI
2024-03-21 13:47:00,30.142,30.15,30.142,30.15,4837.0,BTI
2024-03-21 13:46:00,30.15,30.15,30.14,30.15,8548.0,BTI
2024-03-21 13:45:00,30.15,30.155,30.15,30.15,2085.0,BTI
2024-03-21 13:44:00,30.16,30.165,30.15,30.15,13555.0,BTI
2024-03-21 13:43:00,30.162,30.17,30.162,30.162,3560.0,BTI
2024-03-21 13:42:00,30.17,30.175,30.168,30.168,2095.0,BTI
2024-03-21 13:41:00,30.17,30.175,30.165,30.17,3490.0,BTI
2024-03-21 13:40:00,30.17,30.17,30.165,30.165,1040.0,BTI
2024-03-21 13:39:00,30.165,30.165,30.16,30.16,1235.0,BTI
2024-03-21 13:38:00,30.165,30.165,30.16,30.165,1978.0,BTI
2024-03-21 13:37:00,30.175,30.175,30.16,30.165,4033.0,BTI
2024-03-21 13:36:00,30.17,30.174,30.17,30.174,496.0,BTI
2024-03-21 13:35:00,30.17,30.17,30.16,30.17,13512.0,BTI
2024-03-21 13:34:00,30.185,30.185,30.17,30.17,11084.0,BTI
2024-03-21 13:33:00,30.176,30.19,30.175,30.185,23746.0,BTI
2024-03-21 13:32:00,30.182,30.185,30.175,30.175,11501.0,BTI
2024-03-21 13:31:00,30.185,30.2,30.18,30.185,11460.0,BTI
2024-03-21 13:30:00,30.185,30.19,30.185,30.19,1442.0,BTI
2024-03-21 13:29:00,30.171,30.185,30.171,30.18,7436.0,BTI
2024-03-21 13:28:00,30.17,30.179,30.17,30.171,3065.0,BTI
2024-03-21 13:27:00,30.175,30.175,30.17,30.17,4128.0,BTI
2024-03-21 13:26:00,30.162,30.17,30.16,30.17,15846.0,BTI
2024-03-21 13:25:00,30.16,30.169,30.155,30.165,5866.0,BTI
2024-03-21 13:24:00,30.161,30.17,30.16,30.16,4164.0,BTI
2024-03-21 13:23:00,30.17,30.17,30.16,30.162,2448.0,BTI
2024-03-21 13:22:00,30.17,30.17,30.16,30.165,3040.0,BTI
2024-03-21 13:21:00,30.16,30.17,30.16,30.17,2107.0,BTI
2024-03-21 13:20:00,30.165,30.169,30.16,30.169,5433.0,BTI
2024-03-21 13:19:00,30.175,30.177,30.165,30.165,5146.0,BTI
2024-03-21 13:18:00,30.17,30.18,30.165,30.17,22050.0,BTI
2024-03-21 13:17:00,30.17,30.18,30.17,30.18,2145.0,BTI
2024-03-21 13:16:00,30.175,30.19,30.175,30.175,23729.0,BTI
2024-03-21 13:15:00,30.17,30.18,30.17,30.17,7605.0,BTI
2024-03-21 13:14:00,30.165,30.175,30.165,30.174,2260.0,BTI
2024-03-21 13:13:00,30.16,30.167,30.155,30.165,6050.0,BTI
2024-03-21 13:12:00,30.155,30.16,30.15,30.155,3077.0,BTI
2024-03-21 13:11:00,30.152,30.16,30.15,30.15,2985.0,BTI
2024-03-21 13:10:00,30.15,30.155,30.15,30.15,1289.0,BTI
2024-03-21 13:09:00,30.15,30.15,30.14,30.15,7104.0,BTI
2024-03-21 13:08:00,30.145,30.145,30.14,30.14,2021.0,BTI
2024-03-21 13:07:00,30.15,30.15,30.14,30.14,1694.0,BTI
2024-03-21 13:06:00,30.15,30.15,30.145,30.15,9251.0,BTI
2024-03-21 13:05:00,30.145,30.15,30.14,30.145,2337.0,BTI
2024-03-21 13:04:00,30.14,30.15,30.14,30.15,12160.0,BTI
2024-03-21 13:03:00,30.15,30.15,30.14,30.14,3304.0,BTI
2024-03-21 13:02:00,30.16,30.16,30.15,30.15,3272.0,BTI
2024-03-21 13:01:00,30.16,30.17,30.16,30.16,4834.0,BTI
2024-03-21 13:00:00,30.155,30.17,30.155,30.165,4211.0,BTI
2024-03-21 12:59:00,30.155,30.16,30.15,30.15,2629.0,BTI
2024-03-21 12:58:00,30.15,30.16,30.15,30.155,4416.0,BTI
2024-03-21 12:57:00,30.14,30.155,30.14,30.155,6517.0,BTI
2024-03-21 12:56:00,30.145,30.145,30.14,30.14,1926.0,BTI
2024-03-21 12:55:00,30.16,30.16,30.14,30.14,9757.0,BTI
2024-03-21 12:54:00,30.16,30.165,30.16,30.16,1659.0,BTI
2024-03-21 12:53:00,30.16,30.17,30.16,30.165,6758.0,BTI
2024-03-21 12:52:00,30.165,30.165,30.165,30.165,1929.0,BTI
2024-03-21 12:51:00,30.16,30.17,30.16,30.17,4772.0,BTI
2024-03-21 12:50:00,30.168,30.17,30.165,30.165,2199.0,BTI
2024-03-21 12:49:00,30.165,30.17,30.165,30.17,12614.0,BTI
2024-03-21 12:48:00,30.17,30.17,30.16,30.16,7559.0,BTI
2024-03-21 12:47:00,30.165,30.17,30.16,30.16,2177.0,BTI
2024-03-21 12:46:00,30.165,30.165,30.16,30.16,3282.0,BTI
2024-03-21 12:45:00,30.17,30.18,30.16,30.165,3252.0,BTI
2024-03-21 12:44:00,30.17,30.175,30.17,30.171,2838.0,BTI
2024-03-21 12:43:00,30.17,30.18,30.17,30.17,2041.0,BTI
2024-03-21 12:42:00,30.165,30.18,30.165,30.175,7817.0,BTI
2024-03-21 12:41:00,30.165,30.17,30.16,30.16,3917.0,BTI
2024-03-21 12:40:00,30.178,30.18,30.16,30.165,6605.0,BTI
2024-03-21 12:39:00,30.171,30.171,30.17,30.17,3522.0,BTI
2024-03-21 12:38:00,30.18,30.19,30.17,30.17,4403.0,BTI
2024-03-21 12:37:00,30.19,30.19,30.18,30.18,6453.0,BTI
2024-03-21 12:36:00,30.19,30.21,30.181,30.19,29325.0,BTI
2024-03-21 12:35:00,30.18,30.19,30.18,30.18,3836.0,BTI
2024-03-21 12:34:00,30.21,30.215,30.18,30.18,41154.0,BTI
2024-03-21 12:33:00,30.202,30.22,30.202,30.21,25117.0,BTI
2024-03-21 12:32:00,30.205,30.21,30.2,30.205,7861.0,BTI
2024-03-21 12:31:00,30.21,30.21,30.2,30.205,5802.0,BTI
2024-03-21 12:30:00,30.23,30.24,30.2,30.2,85022.0,BTI
2024-03-21 12:29:00,30.235,30.24,30.225,30.23,53248.0,BTI
2024-03-21 12:28:00,30.235,30.24,30.23,30.235,7544.0,BTI
2024-03-21 12:27:00,30.24,30.241,30.23,30.24,20369.0,BTI
2024-03-21 12:26:00,30.25,30.255,30.24,30.24,7978.0,BTI
2024-03-21 12:25:00,30.235,30.25,30.23,30.25,10431.0,BTI
2024-03-21 12:24:00,30.25,30.25,30.23,30.235,11862.0,BTI
2024-03-21 12:23:00,30.26,30.26,30.24,30.245,21261.0,BTI
2024-03-21 12:22:00,30.26,30.26,30.25,30.25,9228.0,BTI
2024-03-21 12:21:00,30.26,30.265,30.26,30.26,4878.0,BTI
2024-03-21 12:20:00,30.255,30.26,30.25,30.255,8287.0,BTI
2024-03-21 12:19:00,30.27,30.275,30.25,30.255,5163.0,BTI
2024-03-21 12:18:00,30.28,30.28,30.27,30.27,2073.0,BTI
2024-03-21 12:17:00,30.28,30.285,30.275,30.28,10977.0,BTI
2024-03-21 12:16:00,30.27,30.275,30.27,30.275,3635.0,BTI
2024-03-21 12:15:00,30.285,30.288,30.27,30.27,8479.0,BTI
2024-03-21 12:14:00,30.31,30.31,30.28,30.29,10038.0,BTI
2024-03-21 12:13:00,30.309,30.31,30.29,30.305,9536.0,BTI
2024-03-21 12:12:00,30.325,30.325,30.3,30.308,7516.0,BTI
2024-03-21 12:11:00,30.305,30.33,30.305,30.33,11366.0,BTI
2024-03-21 12:10:00,30.3,30.305,30.29,30.305,37718.0,BTI
2024-03-21 12:09:00,30.31,30.32,30.3,30.305,14507.0,BTI
2024-03-21 12:08:00,30.285,30.31,30.285,30.305,47666.0,BTI
2024-03-21 12:07:00,30.285,30.29,30.28,30.28,18036.0,BTI
2024-03-21 12:06:00,30.285,30.285,30.28,30.285,3208.0,BTI
2024-03-21 12:05:00,30.28,30.295,30.28,30.29,15796.0,BTI
2024-03-21 12:04:00,30.27,30.28,30.27,30.28,11162.0,BTI
2024-03-21 12:03:00,30.265,30.27,30.265,30.27,4197.0,BTI
2024-03-21 12:02:00,30.26,30.265,30.255,30.26,3036.0,BTI
2024-03-21 12:01:00,30.275,30.275,30.25,30.25,6947.0,BTI
2024-03-21 12:00:00,30.27,30.275,30.27,30.274,6564.0,BTI
2024-03-21 11:59:00,30.265,30.27,30.26,30.261,7030.0,BTI
2024-03-21 11:58:00,30.27,30.27,30.265,30.265,4647.0,BTI
2024-03-21 11:57:00,30.26,30.28,30.26,30.27,8244.0,BTI
2024-03-21 11:56:00,30.27,30.27,30.26,30.26,4903.0,BTI
2024-03-21 11:55:00,30.27,30.27,30.265,30.265,2149.0,BTI
2024-03-21 11:54:00,30.27,30.275,30.26,30.27,4550.0,BTI
2024-03-21 11:53:00,30.269,30.27,30.26,30.26,2387.0,BTI
2024-03-21 11:52:00,30.26,30.264,30.26,30.26,1665.0,BTI
2024-03-21 11:51:00,30.26,30.269,30.25,30.265,8895.0,BTI
2024-03-21 11:50:00,30.26,30.27,30.25,30.255,7703.0,BTI
2024-03-21 11:49:00,30.255,30.27,30.255,30.262,6076.0,BTI
2024-03-21 11:48:00,30.27,30.27,30.25,30.255,5960.0,BTI
2024-03-21 11:47:00,30.285,30.29,30.27,30.27,9021.0,BTI
2024-03-21 11:46:00,30.29,30.29,30.28,30.285,1778.0,BTI
2024-03-21 11:45:00,30.28,30.295,30.28,30.285,10911.0,BTI
2024-03-21 11:44:00,30.28,30.285,30.27,30.28,6058.0,BTI
2024-03-21 11:43:00,30.265,30.29,30.265,30.285,13779.0,BTI
2024-03-21 11:42:00,30.269,30.27,30.265,30.265,4629.0,BTI
2024-03-21 11:41:00,30.269,30.27,30.265,30.27,6808.0,BTI
2024-03-21 11:40:00,30.27,30.27,30.265,30.265,5225.0,BTI
2024-03-21 11:39:00,30.28,30.285,30.26,30.27,14241.0,BTI
2024-03-21 11:38:00,30.289,30.289,30.27,30.279,10028.0,BTI
2024-03-21 11:37:00,30.285,30.29,30.285,30.285,5998.0,BTI
2024-03-21 11:36:00,30.3,30.305,30.285,30.285,18268.0,BTI
2024-03-21 11:35:00,30.29,30.29,30.285,30.29,11249.0,BTI
2024-03-21 11:34:00,30.29,30.29,30.285,30.29,7951.0,BTI
2024-03-21 11:33:00,30.295,30.295,30.28,30.29,12394.0,BTI
2024-03-21 11:32:00,30.3,30.3,30.29,30.295,13561.0,BTI
2024-03-21 11:31:00,30.275,30.3,30.27,30.3,15391.0,BTI
2024-03-21 11:30:00,30.285,30.285,30.27,30.28,10727.0,BTI
2024-03-21 11:29:00,30.29,30.29,30.283,30.285,4197.0,BTI
2024-03-21 11:28:00,30.3,30.308,30.285,30.29,7099.0,BTI
2024-03-21 11:27:00,30.305,30.31,30.3,30.302,8172.0,BTI
2024-03-21 11:26:00,30.305,30.315,30.305,30.305,10947.0,BTI
2024-03-21 11:25:00,30.29,30.32,30.285,30.305,30357.0,BTI
2024-03-21 11:24:00,30.28,30.29,30.275,30.28,7295.0,BTI
2024-03-21 11:23:00,30.295,30.3,30.28,30.28,9174.0,BTI
2024-03-21 11:22:00,30.295,30.3,30.28,30.29,14070.0,BTI
2024-03-21 11:21:00,30.28,30.295,30.28,30.29,8969.0,BTI
2024-03-21 11:20:00,30.295,30.299,30.28,30.28,3987.0,BTI
2024-03-21 11:19:00,30.3,30.3,30.285,30.3,15589.0,BTI
2024-03-21 11:18:00,30.305,30.31,30.3,30.305,4180.0,BTI
2024-03-21 11:17:00,30.305,30.31,30.3,30.3,4162.0,BTI
2024-03-21 11:16:00,30.31,30.31,30.3,30.305,1530.0,BTI
2024-03-21 11:15:00,30.31,30.31,30.3,30.31,1439.0,BTI
2024-03-21 11:14:00,30.31,30.31,30.3,30.3,2630.0,BTI
2024-03-21 11:13:00,30.32,30.32,30.305,30.315,6141.0,BTI
2024-03-21 11:12:00,30.33,30.33,30.32,30.325,1686.0,BTI
2024-03-21 11:11:00,30.33,30.335,30.32,30.32,4190.0,BTI
2024-03-21 11:10:00,30.33,30.34,30.325,30.33,2379.0,BTI
2024-03-21 11:09:00,30.335,30.35,30.32,30.32,14757.0,BTI
2024-03-21 11:08:00,30.33,30.34,30.33,30.33,5227.0,BTI
2024-03-21 11:07:00,30.32,30.345,30.32,30.33,16383.0,BTI
2024-03-21 11:06:00,30.325,30.325,30.32,30.32,821.0,BTI
2024-03-21 11:05:00,30.315,30.33,30.315,30.325,9149.0,BTI
2024-03-21 11:04:00,30.308,30.32,30.305,30.31,6877.0,BTI
2024-03-21 11:03:00,30.305,30.305,30.29,30.305,5742.0,BTI
2024-03-21 11:02:00,30.305,30.31,30.3,30.305,8909.0,BTI
2024-03-21 11:01:00,30.315,30.32,30.3,30.3,11289.0,BTI
2024-03-21 11:00:00,30.33,30.33,30.315,30.315,15715.0,BTI
2024-03-21 10:59:00,30.335,30.335,30.335,30.335,558.0,BTI
2024-03-21 10:58:00,30.33,30.335,30.33,30.335,2164.0,BTI
2024-03-21 10:57:00,30.345,30.35,30.33,30.34,10613.0,BTI
2024-03-21 10:56:00,30.33,30.35,30.33,30.35,8827.0,BTI
2024-03-21 10:55:00,30.335,30.335,30.33,30.335,2426.0,BTI
2024-03-21 10:54:00,30.33,30.34,30.33,30.335,4132.0,BTI
2024-03-21 10:53:00,30.33,30.335,30.33,30.334,3177.0,BTI
2024-03-21 10:52:00,30.33,30.34,30.33,30.332,10445.0,BTI
2024-03-21 10:51:00,30.325,30.335,30.32,30.335,7465.0,BTI
2024-03-21 10:50:00,30.315,30.331,30.315,30.325,10095.0,BTI
2024-03-21 10:49:00,30.31,30.315,30.31,30.31,2364.0,BTI
2024-03-21 10:48:00,30.31,30.315,30.31,30.31,2475.0,BTI
2024-03-21 10:47:00,30.32,30.325,30.3,30.315,12368.0,BTI
2024-03-21 10:46:00,30.335,30.34,30.32,30.33,10153.0,BTI
2024-03-21 10:45:00,30.315,30.34,30.315,30.34,6405.0,BTI
2024-03-21 10:44:00,30.34,30.34,30.3,30.311,9359.0,BTI
2024-03-21 10:43:00,30.315,30.34,30.311,30.335,43386.0,BTI
2024-03-21 10:42:00,30.31,30.32,30.305,30.315,11440.0,BTI
2024-03-21 10:41:00,30.31,30.31,30.3,30.3,9152.0,BTI
2024-03-21 10:40:00,30.31,30.32,30.305,30.31,13832.0,BTI
2024-03-21 10:39:00,30.32,30.325,30.31,30.31,3561.0,BTI
2024-03-21 10:38:00,30.32,30.33,30.32,30.32,15475.0,BTI
2024-03-21 10:37:00,30.308,30.32,30.305,30.315,19247.0,BTI
2024-03-21 10:36:00,30.3,30.31,30.3,30.3,7416.0,BTI
2024-03-21 10:35:00,30.31,30.32,30.31,30.31,16179.0,BTI
2024-03-21 10:34:00,30.335,30.335,30.3,30.31,9643.0,BTI
2024-03-21 10:33:00,30.335,30.345,30.33,30.335,9064.0,BTI
2024-03-21 10:32:00,30.32,30.34,30.32,30.34,22455.0,BTI
2024-03-21 10:31:00,30.315,30.32,30.3,30.32,9419.0,BTI
2024-03-21 10:30:00,30.305,30.32,30.3,30.315,21039.0,BTI
2024-03-21 10:29:00,30.32,30.32,30.3,30.3,21243.0,BTI
2024-03-21 10:28:00,30.33,30.335,30.32,30.325,6582.0,BTI
2024-03-21 10:27:00,30.315,30.325,30.31,30.325,7678.0,BTI
2024-03-21 10:26:00,30.325,30.325,30.31,30.31,5763.0,BTI
2024-03-21 10:25:00,30.342,30.35,30.325,30.33,7671.0,BTI
2024-03-21 10:24:00,30.325,30.35,30.32,30.34,11204.0,BTI
2024-03-21 10:23:00,30.34,30.34,30.325,30.33,9261.0,BTI
2024-03-21 10:22:00,30.31,30.34,30.31,30.34,15310.0,BTI
2024-03-21 10:21:00,30.32,30.33,30.31,30.31,8163.0,BTI
2024-03-21 10:20:00,30.33,30.335,30.3,30.315,17086.0,BTI
2024-03-21 10:19:00,30.36,30.36,30.33,30.33,20196.0,BTI
2024-03-21 10:18:00,30.375,30.375,30.35,30.36,9341.0,BTI
2024-03-21 10:17:00,30.37,30.379,30.37,30.379,1779.0,BTI
2024-03-21 10:16:00,30.38,30.39,30.375,30.379,5759.0,BTI
2024-03-21 10:15:00,30.365,30.39,30.365,30.38,22827.0,BTI
2024-03-21 10:14:00,30.385,30.385,30.36,30.36,4755.0,BTI
2024-03-21 10:13:00,30.37,30.385,30.36,30.38,10645.0,BTI
2024-03-21 10:12:00,30.38,30.39,30.37,30.37,8113.0,BTI
2024-03-21 10:11:00,30.369,30.38,30.36,30.38,15030.0,BTI
2024-03-21 10:10:00,30.35,30.36,30.35,30.36,5161.0,BTI
2024-03-21 10:09:00,30.36,30.36,30.345,30.345,10608.0,BTI
2024-03-21 10:08:00,30.36,30.37,30.35,30.36,8252.0,BTI
2024-03-21 10:07:00,30.345,30.36,30.345,30.35,17355.0,BTI
2024-03-21 10:06:00,30.37,30.375,30.35,30.35,10800.0,BTI
2024-03-21 10:05:00,30.331,30.365,30.32,30.365,38792.0,BTI
2024-03-21 10:04:00,30.335,30.35,30.33,30.335,6832.0,BTI
2024-03-21 10:03:00,30.37,30.37,30.33,30.335,8333.0,BTI
2024-03-21 10:02:00,30.33,30.365,30.33,30.365,22530.0,BTI
2024-03-21 10:01:00,30.33,30.34,30.32,30.34,27306.0,BTI
2024-03-21 10:00:00,30.33,30.34,30.325,30.33,7622.0,BTI
2024-03-21 09:59:00,30.34,30.345,30.33,30.332,7846.0,BTI
2024-03-21 09:58:00,30.365,30.37,30.34,30.345,13792.0,BTI
2024-03-21 09:57:00,30.375,30.375,30.37,30.37,6577.0,BTI
2024-03-21 09:56:00,30.37,30.375,30.36,30.375,11214.0,BTI
2024-03-21 09:55:00,30.39,30.395,30.375,30.375,5775.0,BTI
2024-03-21 09:54:00,30.38,30.39,30.37,30.38,12012.0,BTI
2024-03-21 09:53:00,30.38,30.39,30.37,30.38,5779.0,BTI
2024-03-21 09:52:00,30.39,30.4,30.375,30.38,7270.0,BTI
2024-03-21 09:51:00,30.352,30.39,30.35,30.39,29402.0,BTI
2024-03-21 09:50:00,30.355,30.36,30.34,30.355,7248.0,BTI
2024-03-21 09:49:00,30.345,30.355,30.34,30.355,5721.0,BTI
2024-03-21 09:48:00,30.34,30.355,30.33,30.35,11759.0,BTI
2024-03-21 09:47:00,30.36,30.36,30.33,30.335,18146.0,BTI
2024-03-21 09:46:00,30.38,30.38,30.35,30.355,19096.0,BTI
2024-03-21 09:45:00,30.37,30.385,30.36,30.38,19414.0,BTI
2024-03-21 09:44:00,30.352,30.377,30.35,30.36,4486.0,BTI
2024-03-21 09:43:00,30.39,30.39,30.355,30.36,20340.0,BTI
2024-03-21 09:42:00,30.35,30.395,30.35,30.38,15800.0,BTI
2024-03-21 09:41:00,30.35,30.36,30.34,30.355,13628.0,BTI
2024-03-21 09:40:00,30.34,30.355,30.32,30.35,24430.0,BTI
2024-03-21 09:39:00,30.31,30.33,30.305,30.33,18305.0,BTI
2024-03-21 09:38:00,30.31,30.316,30.3,30.305,20279.0,BTI
2024-03-21 09:37:00,30.32,30.33,30.32,30.32,14008.0,BTI
2024-03-21 09:36:00,30.3,30.33,30.3,30.32,20473.0,BTI
2024-03-21 09:35:00,30.285,30.305,30.28,30.3,15764.0,BTI
2024-03-21 09:34:00,30.3,30.305,30.26,30.284,19082.0,BTI
2024-03-21 09:33:00,30.302,30.32,30.3,30.3,14299.0,BTI
2024-03-21 09:32:00,30.25,30.31,30.25,30.302,21976.0,BTI
2024-03-21 09:31:00,30.29,30.29,30.25,30.251,18191.0,BTI
2024-03-21 09:30:00,30.32,30.33,30.26,30.29,85611.0,BTI
2024-03-21 09:29:00,30.32,30.32,30.31,30.31,1801.0,BTI
2024-03-21 09:28:00,30.3,30.34,30.3,30.34,138.0,BTI
2024-03-21 09:27:00,30.3,30.3,30.3,30.3,0.0,BTI
2024-03-21 09:26:00,30.27,30.29,30.27,30.29,2915.0,BTI
2024-03-21 09:25:00,30.27,30.27,30.27,30.27,146.0,BTI
2024-03-21 09:23:00,30.269,30.27,30.269,30.27,5.0,BTI
2024-03-21 09:22:00,30.27,30.27,30.27,30.27,1.0,BTI
2024-03-21 09:21:00,30.26,30.26,30.26,30.26,1259.0,BTI
2024-03-21 09:20:00,30.25,30.25,30.25,30.25,48.0,BTI
2024-03-21 09:17:00,30.26,30.26,30.26,30.26,1568.0,BTI
2024-03-21 09:16:00,30.26,30.26,30.26,30.26,2324.0,BTI
2024-03-21 09:15:00,30.26,30.26,30.26,30.26,192.0,BTI
2024-03-21 09:13:00,30.27,30.27,30.26,30.27,11.0,BTI
2024-03-21 09:11:00,30.27,30.27,30.27,30.27,23.0,BTI
2024-03-21 09:09:00,30.279,30.279,30.279,30.279,4.0,BTI
2024-03-21 09:08:00,30.28,30.28,30.28,30.28,29.0,BTI
2024-03-21 09:07:00,30.261,30.27,30.261,30.27,43.0,BTI
2024-03-21 09:06:00,30.28,30.28,30.28,30.28,193.0,BTI
2024-03-21 09:05:00,30.26,30.26,30.26,30.26,3777.0,BTI
2024-03-21 09:04:00,30.25,30.25,30.25,30.25,290.0,BTI
2024-03-21 09:03:00,30.24,30.24,30.24,30.24,975.0,BTI
2024-03-21 09:02:00,30.235,30.235,30.23,30.23,97.0,BTI
2024-03-21 09:01:00,30.22,30.23,30.22,30.23,3291.0,BTI
2024-03-21 09:00:00,30.22,30.22,30.215,30.22,5101.0,BTI
2024-03-21 08:59:00,30.25,30.25,30.22,30.22,6569.0,BTI
2024-03-21 08:58:00,30.24,30.24,30.24,30.24,193.0,BTI
2024-03-21 08:56:00,30.25,30.25,30.24,30.24,39.0,BTI
2024-03-21 08:55:00,30.25,30.25,30.25,30.25,38.0,BTI
2024-03-21 08:54:00,30.25,30.25,30.25,30.25,58.0,BTI
2024-03-21 08:53:00,30.26,30.26,30.24,30.24,128.0,BTI
2024-03-21 08:52:00,30.26,30.26,30.26,30.26,10.0,BTI
2024-03-21 08:50:00,30.27,30.27,30.27,30.27,3.0,BTI
2024-03-21 08:49:00,30.27,30.27,30.27,30.27,406.0,BTI
2024-03-21 08:48:00,30.28,30.28,30.27,30.27,87.0,BTI
2024-03-21 08:47:00,30.27,30.28,30.27,30.28,48.0,BTI
2024-03-21 08:46:00,30.28,30.28,30.28,30.28,38.0,BTI
2024-03-21 08:45:00,30.26,30.28,30.26,30.28,198.0,BTI
2024-03-21 08:44:00,30.27,30.27,30.27,30.27,48.0,BTI
2024-03-21 08:43:00,30.26,30.26,30.26,30.26,3293.0,BTI
2024-03-21 08:42:00,30.26,30.26,30.26,30.26,133.0,BTI
2024-03-21 08:41:00,30.27,30.27,30.26,30.26,106.0,BTI
2024-03-21 08:39:00,30.265,30.29,30.265,30.29,5086.0,BTI
2024-03-21 08:38:00,30.28,30.28,30.28,30.28,42.0,BTI
2024-03-21 08:37:00,30.28,30.28,30.28,30.28,1060.0,BTI
2024-03-21 08:36:00,30.31,30.31,30.3,30.3,658.0,BTI
2024-03-21 08:35:00,30.3,30.31,30.3,30.31,910.0,BTI
2024-03-21 08:34:00,30.3,30.3,30.3,30.3,68.0,BTI
2024-03-21 08:33:00,30.3,30.31,30.28,30.3,1362.0,BTI
2024-03-21 08:32:00,30.28,30.28,30.28,30.28,4.0,BTI
2024-03-21 08:31:00,30.29,30.29,30.28,30.28,250.0,BTI
2024-03-21 08:30:00,30.28,30.29,30.28,30.29,1422.0,BTI
2024-03-21 08:29:00,30.29,30.29,30.29,30.29,19.0,BTI
2024-03-21 08:28:00,30.28,30.28,30.28,30.28,581.0,BTI
2024-03-21 08:27:00,30.26,30.26,30.26,30.26,47.0,BTI
2024-03-21 08:26:00,30.25,30.25,30.25,30.25,26.0,BTI
2024-03-21 08:25:00,30.25,30.265,30.25,30.265,1602.0,BTI
2024-03-21 08:22:00,30.26,30.26,30.26,30.26,290.0,BTI
2024-03-21 08:21:00,30.27,30.27,30.26,30.26,339.0,BTI
2024-03-21 08:20:00,30.28,30.28,30.27,30.27,1559.0,BTI
2024-03-21 08:19:00,30.98,30.98,30.98,30.98,0.0,BTI
2024-03-21 08:18:00,30.26,30.98,30.26,30.98,992.0,BTI
2024-03-21 08:17:00,30.27,30.27,30.27,30.27,968.0,BTI
2024-03-21 08:16:00,30.27,30.27,30.27,30.27,978.0,BTI
2024-03-21 08:15:00,30.27,30.27,30.27,30.27,33.0,BTI
2024-03-21 08:14:00,30.26,30.26,30.26,30.26,2.0,BTI
2024-03-21 08:12:00,30.25,30.26,30.25,30.26,2906.0,BTI
2024-03-21 08:10:00,30.22,30.23,30.22,30.23,582.0,BTI
2024-03-21 08:09:00,30.21,30.21,30.21,30.21,678.0,BTI
2024-03-21 08:08:00,30.25,30.25,30.25,30.25,1.0,BTI
2024-03-21 08:06:00,30.269,30.27,30.269,30.27,1598.0,BTI
2024-03-21 08:05:00,30.1,30.32,29.51,30.32,117.0,BTI
2024-03-21 08:04:00,30.25,30.26,30.25,30.26,4166.0,BTI
2024-03-21 08:03:00,30.98,30.98,29.51,30.25,102.0,BTI
2024-03-21 08:02:00,30.98,30.98,30.98,30.98,4.0,BTI
2024-03-21 08:01:00,30.22,30.22,30.22,30.22,144.0,BTI
2024-03-21 08:00:00,30.27,30.28,30.2,30.2,16210.0,BTI
2024-03-21 07:56:00,30.23,30.23,30.22,30.22,106.0,BTI
2024-03-21 07:55:00,30.23,30.23,30.23,30.23,244.0,BTI
2024-03-21 07:53:00,30.24,30.24,30.24,30.24,194.0,BTI
2024-03-21 07:41:00,30.25,30.25,30.25,30.25,24.0,BTI
2024-03-21 07:39:00,30.25,30.25,30.25,30.25,336.0,BTI
2024-03-21 07:38:00,30.24,30.25,30.24,30.25,508.0,BTI
2024-03-21 07:34:00,30.26,30.26,30.26,30.26,96.0,BTI
2024-03-21 07:31:00,30.25,30.25,30.25,30.25,96.0,BTI
2024-03-21 07:29:00,30.25,30.25,30.25,30.25,0.0,BTI
2024-03-21 07:28:00,30.25,30.25,30.25,30.25,4.0,BTI
2024-03-21 07:27:00,30.25,30.25,30.25,30.25,196.0,BTI
2024-03-21 07:26:00,30.25,30.25,30.25,30.25,19.0,BTI
2024-03-21 07:25:00,30.25,30.25,30.25,30.25,4.0,BTI
2024-03-21 07:24:00,30.25,30.25,30.25,30.25,487.0,BTI
2024-03-21 07:23:00,30.25,30.25,30.25,30.25,4.0,BTI
2024-03-21 07:22:00,30.27,30.27,30.26,30.26,1.0,BTI
2024-03-21 07:20:00,30.27,30.27,30.27,30.27,24.0,BTI
2024-03-21 07:18:00,30.26,30.26,30.26,30.26,484.0,BTI
2024-03-21 07:12:00,30.27,30.27,30.27,30.27,2195.0,BTI
2024-03-21 07:11:00,30.27,30.27,30.26,30.27,1953.0,BTI
2024-03-21 07:10:00,30.25,30.25,30.25,30.25,48.0,BTI
2024-03-21 07:09:00,30.25,30.25,30.25,30.25,48.0,BTI
2024-03-21 07:06:00,30.24,30.24,30.24,30.24,72.0,BTI
2024-03-21 07:05:00,30.25,30.25,30.25,30.25,96.0,BTI
2024-03-21 07:03:00,30.26,30.26,30.26,30.26,968.0,BTI
2024-03-21 07:02:00,30.26,30.26,30.26,30.26,1559.0,BTI
2024-03-21 07:01:00,30.28,30.28,30.28,30.28,48.0,BTI
2024-03-21 07:00:00,30.28,30.28,30.28,30.28,1092.0,BTI
2024-03-21 06:57:00,30.27,30.27,30.27,30.27,443.0,BTI
2024-03-21 06:53:00,30.25,30.25,30.24,30.24,208.0,BTI
2024-03-21 06:50:00,30.26,30.26,30.26,30.26,0.0,BTI
2024-03-21 06:41:00,30.24,30.24,30.24,30.24,5.0,BTI
2024-03-21 06:35:00,30.24,30.24,30.24,30.24,38.0,BTI
2024-03-21 06:33:00,30.26,30.26,30.26,30.26,9.0,BTI
2024-03-21 06:31:00,30.26,30.26,30.26,30.26,0.0,BTI
2024-03-21 06:30:00,30.29,30.29,30.29,30.29,1937.0,BTI
2024-03-21 06:29:00,30.29,30.29,30.29,30.29,96.0,BTI
2024-03-21 06:25:00,30.27,30.27,30.27,30.27,96.0,BTI
2024-03-21 06:21:00,30.3,30.3,30.3,30.3,1.0,BTI
2024-03-21 06:16:00,30.33,30.33,30.33,30.33,6.0,BTI
2024-03-21 06:05:00,30.31,30.31,30.29,30.29,205.0,BTI
2024-03-21 05:54:00,30.33,30.33,30.33,30.33,193.0,BTI
2024-03-21 05:50:00,30.36,30.36,30.36,30.36,193.0,BTI
2024-03-21 05:38:00,30.36,30.36,30.36,30.36,0.0,BTI
2024-03-21 05:23:00,30.34,30.34,30.34,30.34,0.0,BTI
2024-03-21 05:21:00,30.32,30.32,30.32,30.32,5.0,BTI
2024-03-21 05:12:00,30.3,30.3,30.3,30.3,8.0,BTI
2024-03-21 05:05:00,30.29,30.29,30.29,30.29,0.0,BTI
2024-03-21 05:00:00,30.33,30.33,30.33,30.33,67.0,BTI
2024-03-21 04:55:00,30.3,30.3,30.3,30.3,484.0,BTI
2024-03-21 04:53:00,30.3,30.3,30.3,30.3,43.0,BTI
2024-03-21 04:51:00,30.31,30.31,30.31,30.31,484.0,BTI
2024-03-21 04:47:00,30.32,30.32,30.32,30.32,694.0,BTI
2024-03-21 04:46:00,30.33,30.33,30.32,30.32,317.0,BTI
2024-03-21 04:44:00,30.34,30.34,30.34,30.34,193.0,BTI
2024-03-21 04:43:00,30.36,30.36,30.36,30.36,193.0,BTI
2024-03-21 04:36:00,30.4,30.4,30.4,30.4,54.0,BTI
2024-03-21 04:32:00,30.42,30.42,30.4,30.4,629.0,BTI
2024-03-21 04:30:00,30.37,30.37,30.37,30.37,61.0,BTI
2024-03-21 04:29:00,30.4,30.4,30.36,30.36,198.0,BTI
2024-03-21 04:28:00,30.44,30.44,30.44,30.44,123.0,BTI
2024-03-21 04:26:00,30.42,30.42,30.42,30.42,968.0,BTI
2024-03-21 04:22:00,30.48,30.48,30.48,30.48,95.0,BTI
2024-03-21 04:21:00,30.45,30.45,30.45,30.45,240.0,BTI
2024-03-21 04:20:00,30.4,30.4,30.4,30.4,96.0,BTI
2024-03-21 04:19:00,30.38,30.38,30.38,30.38,0.0,BTI
2024-03-21 04:18:00,30.37,30.37,30.37,30.37,0.0,BTI
2024-03-21 04:17:00,30.36,30.36,30.36,30.36,0.0,BTI
2024-03-21 04:16:00,30.37,30.37,30.36,30.36,98.0,BTI
2024-03-21 04:15:00,30.38,30.38,30.35,30.35,290.0,BTI
2024-03-21 04:13:00,30.38,30.38,30.34,30.34,399.0,BTI
2024-03-21 04:12:00,30.36,30.37,30.36,30.37,288.0,BTI
2024-03-21 04:11:00,30.39,30.39,30.37,30.37,327.0,BTI
2024-03-21 04:10:00,30.42,30.42,30.4,30.4,130.0,BTI
2024-03-21 04:09:00,30.41,30.41,30.41,30.41,40.0,BTI
2024-03-21 04:08:00,30.41,30.42,30.41,30.42,99.0,BTI
2024-03-21 04:07:00,30.41,30.41,30.4,30.4,726.0,BTI
2024-03-21 04:06:00,30.44,30.44,30.44,30.44,29.0,BTI
2024-03-21 04:05:00,30.46,30.46,30.46,30.46,96.0,BTI
2024-03-21 04:04:00,30.45,30.49,30.45,30.49,193.0,BTI
2024-03-21 04:01:00,30.46,30.46,30.46,30.46,48.0,BTI
2024-03-21 04:00:00,30.32,30.56,30.32,30.55,2473.0,BTI
2024-03-20 19:58:00,30.356,30.362,30.356,30.362,192.0,BTI
2024-03-20 19:57:00,30.385,30.391,30.346,30.352,69.0,BTI
2024-03-20 19:56:00,30.385,30.391,30.385,30.391,38.0,BTI
2024-03-20 19:55:00,30.385,30.391,30.385,30.391,389.0,BTI
2024-03-20 19:49:00,30.327,30.332,30.327,30.332,193.0,BTI
2024-03-20 19:46:00,30.395,30.401,30.395,30.401,432.0,BTI
2024-03-20 19:45:00,30.395,30.401,30.376,30.401,537.0,BTI
2024-03-20 19:43:00,30.337,30.372,30.337,30.371,96.0,BTI
2024-03-20 19:40:00,30.356,30.362,30.356,30.362,0.0,BTI
2024-03-20 19:37:00,30.395,30.401,30.395,30.401,4.0,BTI
2024-03-20 19:36:00,30.337,30.342,30.337,30.342,193.0,BTI
2024-03-20 19:35:00,30.337,30.342,30.337,30.342,48.0,BTI
2024-03-20 19:29:00,30.317,30.323,30.307,30.322,379.0,BTI
2024-03-20 19:27:00,30.317,30.323,30.317,30.322,0.0,BTI
2024-03-20 19:11:00,30.239,30.245,30.239,30.244,159.0,BTI
2024-03-20 19:08:00,30.317,30.323,30.317,30.322,1.0,BTI
2024-03-20 19:03:00,30.307,30.323,30.307,30.322,1937.0,BTI
2024-03-20 19:01:00,30.327,30.352,30.327,30.352,2322.0,BTI
2024-03-20 19:00:00,30.239,30.323,30.239,30.264,166698.0,BTI
2024-03-20 18:53:00,30.19,30.196,30.171,30.176,19.0,BTI
2024-03-20 18:51:00,30.171,30.176,30.171,30.176,0.0,BTI
2024-03-20 18:50:00,30.171,30.176,30.171,30.176,968.0,BTI
2024-03-20 18:48:00,30.19,30.196,30.19,30.196,48.0,BTI
2024-03-20 18:45:00,30.19,30.196,30.19,30.196,1.0,BTI
2024-03-20 18:43:00,30.171,30.176,30.171,30.176,51.0,BTI
2024-03-20 18:36:00,30.229,30.235,30.229,30.235,0.0,BTI
2024-03-20 18:30:00,30.239,30.245,30.239,30.244,166026.0,BTI
2024-03-20 18:29:00,30.2,30.206,30.2,30.205,97.0,BTI
2024-03-20 18:25:00,30.2,30.206,30.2,30.205,177.0,BTI
2024-03-20 18:19:00,30.21,30.215,30.21,30.215,96.0,BTI
2024-03-20 18:13:00,30.21,30.215,30.21,30.215,193.0,BTI
2024-03-20 18:07:00,30.2,30.206,30.2,30.205,36.0,BTI
2024-03-20 18:06:00,30.2,30.206,30.2,30.205,145.0,BTI
2024-03-20 18:04:00,30.21,30.215,30.21,30.215,38.0,BTI
2024-03-20 18:02:00,30.21,30.215,30.21,30.215,96.0,BTI
2024-03-20 17:50:00,30.21,30.215,30.21,30.215,2.0,BTI
2024-03-20 17:45:00,30.21,30.215,30.21,30.215,4.0,BTI
2024-03-20 17:39:00,30.161,30.167,30.161,30.166,0.0,BTI
2024-03-20 17:34:00,30.21,30.215,30.21,30.215,4.0,BTI
2024-03-20 17:23:00,30.21,30.215,30.21,30.215,29.0,BTI
2024-03-20 17:14:00,30.2,30.206,30.2,30.205,193.0,BTI
2024-03-20 17:08:00,30.21,30.215,30.21,30.215,96.0,BTI
2024-03-20 17:05:00,30.21,30.215,30.21,30.215,887.0,BTI
2024-03-20 17:04:00,30.2,30.215,30.2,30.215,1021.0,BTI
2024-03-20 17:02:00,30.21,30.215,30.21,30.215,314.0,BTI
2024-03-20 17:00:00,30.161,30.191,30.161,30.191,1.0,BTI
2024-03-20 16:56:00,30.2,30.206,30.2,30.205,2.0,BTI
2024-03-20 16:55:00,30.239,30.245,30.21,30.215,154.0,BTI
2024-03-20 16:53:00,30.317,30.323,30.317,30.322,4.0,BTI
2024-03-20 16:50:00,30.239,30.245,30.239,30.244,9.0,BTI
2024-03-20 16:47:00,30.317,30.323,30.317,30.322,29.0,BTI
2024-03-20 16:37:00,30.239,30.245,30.239,30.244,19737.0,BTI
2024-03-20 16:35:00,30.239,30.245,30.239,30.244,838.0,BTI
2024-03-20 16:34:00,30.258,30.303,30.229,30.303,1665.0,BTI
2024-03-20 16:33:00,30.317,30.323,30.268,30.274,1607.0,BTI
2024-03-20 16:28:00,30.317,30.323,30.317,30.322,193.0,BTI
2024-03-20 16:27:00,30.307,30.342,30.307,30.342,2915.0,BTI
2024-03-20 16:26:00,30.307,30.313,30.307,30.313,208.0,BTI
2024-03-20 16:25:00,30.307,30.313,30.307,30.313,19.0,BTI
2024-03-20 16:22:00,30.307,30.313,30.307,30.313,150.0,BTI
2024-03-20 16:21:00,30.307,30.328,30.307,30.313,101.0,BTI
2024-03-20 16:18:00,30.337,30.342,30.337,30.342,9.0,BTI
2024-03-20 16:17:00,30.307,30.313,30.307,30.313,145.0,BTI
2024-03-20 16:16:00,30.297,30.303,30.297,30.303,0.0,BTI
2024-03-20 16:10:00,30.239,30.245,30.239,30.244,166026.0,BTI
2024-03-20 16:07:00,30.307,30.342,30.307,30.342,3842.0,BTI
2024-03-20 16:06:00,30.278,30.303,30.278,30.303,1210.0,BTI
2024-03-20 16:05:00,30.268,30.274,30.268,30.274,1496.0,BTI
2024-03-20 16:04:00,30.258,30.264,30.258,30.264,518.0,BTI
2024-03-20 16:03:00,30.249,30.264,30.249,30.264,715.0,BTI
2024-03-20 16:00:00,30.244,30.254,30.219,30.244,354147.0,BTI
2024-03-20 15:59:00,30.263,30.274,30.239,30.244,75559.0,BTI
2024-03-20 15:58:00,30.261,30.274,30.258,30.274,52120.0,BTI
2024-03-20 15:57:00,30.273,30.284,30.261,30.274,26239.0,BTI
2024-03-20 15:56:00,30.278,30.284,30.268,30.279,22114.0,BTI
2024-03-20 15:55:00,30.288,30.298,30.268,30.279,105960.0,BTI
2024-03-20 15:54:00,30.283,30.298,30.278,30.288,47689.0,BTI
2024-03-20 15:53:00,30.283,30.293,30.28,30.288,7671.0,BTI
2024-03-20 15:52:00,30.283,30.293,30.278,30.288,21991.0,BTI
2024-03-20 15:51:00,30.277,30.293,30.273,30.288,55328.0,BTI
2024-03-20 15:50:00,30.288,30.293,30.268,30.283,17511.0,BTI
2024-03-20 15:49:00,30.286,30.293,30.278,30.293,13391.0,BTI
2024-03-20 15:48:00,30.293,30.3,30.278,30.293,27893.0,BTI
2024-03-20 15:47:00,30.278,30.303,30.273,30.303,27226.0,BTI
2024-03-20 15:46:00,30.293,30.298,30.268,30.283,45172.0,BTI
2024-03-20 15:45:00,30.302,30.313,30.288,30.303,15607.0,BTI
2024-03-20 15:44:00,30.302,30.313,30.297,30.313,9341.0,BTI
2024-03-20 15:43:00,30.337,30.342,30.297,30.313,38966.0,BTI
2024-03-20 15:42:00,30.332,30.352,30.317,30.342,106536.0,BTI
2024-03-20 15:41:00,30.327,30.342,30.327,30.342,99327.0,BTI
2024-03-20 15:40:00,30.332,30.342,30.327,30.342,27670.0,BTI
2024-03-20 15:39:00,30.332,30.342,30.327,30.337,18113.0,BTI
2024-03-20 15:38:00,30.327,30.342,30.327,30.332,17510.0,BTI
2024-03-20 15:37:00,30.33,30.342,30.327,30.342,11655.0,BTI
2024-03-20 15:36:00,30.336,30.342,30.317,30.342,37954.0,BTI
2024-03-20 15:35:00,30.33,30.349,30.327,30.337,19133.0,BTI
2024-03-20 15:34:00,30.327,30.342,30.317,30.342,11492.0,BTI
2024-03-20 15:33:00,30.322,30.332,30.322,30.332,10924.0,BTI
2024-03-20 15:32:00,30.317,30.332,30.307,30.332,34997.0,BTI
2024-03-20 15:31:00,30.307,30.328,30.307,30.322,22917.0,BTI
2024-03-20 15:30:00,30.332,30.342,30.317,30.322,13945.0,BTI
2024-03-20 15:29:00,30.322,30.342,30.322,30.337,10594.0,BTI
2024-03-20 15:28:00,30.317,30.328,30.312,30.327,19255.0,BTI
2024-03-20 15:27:00,30.307,30.323,30.302,30.322,14631.0,BTI
2024-03-20 15:26:00,30.302,30.313,30.297,30.304,5985.0,BTI
2024-03-20 15:25:00,30.297,30.308,30.297,30.308,17470.0,BTI
2024-03-20 15:24:00,30.283,30.303,30.278,30.298,8664.0,BTI
2024-03-20 15:23:00,30.283,30.293,30.278,30.29,5159.0,BTI
2024-03-20 15:22:00,30.283,30.293,30.278,30.293,17421.0,BTI
2024-03-20 15:21:00,30.287,30.298,30.278,30.288,15267.0,BTI
2024-03-20 15:20:00,30.288,30.293,30.278,30.288,8441.0,BTI
2024-03-20 15:19:00,30.274,30.293,30.274,30.288,11939.0,BTI
2024-03-20 15:18:00,30.278,30.284,30.268,30.279,9456.0,BTI
2024-03-20 15:17:00,30.288,30.293,30.278,30.283,13821.0,BTI
2024-03-20 15:16:00,30.278,30.293,30.273,30.293,30568.0,BTI
2024-03-20 15:15:00,30.263,30.29,30.263,30.276,13630.0,BTI
2024-03-20 15:14:00,30.258,30.274,30.258,30.274,2706.0,BTI
2024-03-20 15:13:00,30.263,30.274,30.249,30.264,21834.0,BTI
2024-03-20 15:12:00,30.258,30.274,30.249,30.269,19920.0,BTI
2024-03-20 15:11:00,30.268,30.274,30.263,30.269,2324.0,BTI
2024-03-20 15:10:00,30.263,30.274,30.263,30.269,787.0,BTI
2024-03-20 15:09:00,30.268,30.274,30.263,30.269,2718.0,BTI
2024-03-20 15:08:00,30.268,30.274,30.258,30.273,10420.0,BTI
2024-03-20 15:07:00,30.258,30.27,30.258,30.269,3063.0,BTI
2024-03-20 15:06:00,30.268,30.279,30.254,30.264,10220.0,BTI
2024-03-20 15:05:00,30.249,30.269,30.249,30.269,14301.0,BTI
2024-03-20 15:04:00,30.254,30.259,30.244,30.254,6972.0,BTI
2024-03-20 15:03:00,30.258,30.264,30.249,30.259,12800.0,BTI
2024-03-20 15:02:00,30.249,30.264,30.243,30.264,19289.0,BTI
2024-03-20 15:01:00,30.258,30.264,30.249,30.254,11159.0,BTI
2024-03-20 15:00:00,30.263,30.269,30.254,30.264,23082.0,BTI
2024-03-20 14:59:00,30.258,30.269,30.258,30.264,2932.0,BTI
2024-03-20 14:58:00,30.249,30.274,30.249,30.264,13872.0,BTI
2024-03-20 14:57:00,30.239,30.254,30.239,30.254,4327.0,BTI
2024-03-20 14:56:00,30.247,30.263,30.239,30.249,7414.0,BTI
2024-03-20 14:55:00,30.234,30.254,30.23,30.254,7301.0,BTI
2024-03-20 14:54:00,30.234,30.245,30.226,30.235,5810.0,BTI
2024-03-20 14:53:00,30.239,30.245,30.229,30.239,4064.0,BTI
2024-03-20 14:52:00,30.234,30.245,30.229,30.241,7631.0,BTI
2024-03-20 14:51:00,30.229,30.254,30.229,30.244,6852.0,BTI
2024-03-20 14:50:00,30.254,30.259,30.229,30.235,7630.0,BTI
2024-03-20 14:49:00,30.258,30.279,30.249,30.264,21128.0,BTI
2024-03-20 14:48:00,30.239,30.264,30.234,30.262,31783.0,BTI
2024-03-20 14:47:00,30.233,30.249,30.233,30.244,3170.0,BTI
2024-03-20 14:46:00,30.244,30.254,30.233,30.244,16413.0,BTI
2024-03-20 14:45:00,30.219,30.245,30.219,30.244,4318.0,BTI
2024-03-20 14:44:00,30.219,30.23,30.2,30.215,20534.0,BTI
2024-03-20 14:43:00,30.219,30.234,30.219,30.233,1638.0,BTI
2024-03-20 14:42:00,30.2,30.245,30.2,30.235,29121.0,BTI
2024-03-20 14:41:00,30.175,30.201,30.171,30.2,10407.0,BTI
2024-03-20 14:40:00,30.19,30.201,30.171,30.186,7714.0,BTI
2024-03-20 14:39:00,30.171,30.193,30.171,30.192,4888.0,BTI
2024-03-20 14:38:00,30.18,30.196,30.175,30.181,12954.0,BTI
2024-03-20 14:37:00,30.141,30.176,30.141,30.176,4026.0,BTI
2024-03-20 14:36:00,30.122,30.162,30.122,30.152,12059.0,BTI
2024-03-20 14:35:00,30.117,30.127,30.117,30.127,3060.0,BTI
2024-03-20 14:34:00,30.121,30.127,30.112,30.117,2717.0,BTI
2024-03-20 14:33:00,30.112,30.127,30.112,30.122,7032.0,BTI
2024-03-20 14:32:00,30.107,30.127,30.107,30.118,9659.0,BTI
2024-03-20 14:31:00,30.127,30.132,30.112,30.117,5772.0,BTI
2024-03-20 14:30:00,30.141,30.152,30.127,30.137,9007.0,BTI
2024-03-20 14:29:00,30.127,30.137,30.127,30.137,3249.0,BTI
2024-03-20 14:28:00,30.136,30.142,30.122,30.132,18337.0,BTI
2024-03-20 14:27:00,30.117,30.137,30.117,30.132,4956.0,BTI
2024-03-20 14:26:00,30.102,30.123,30.102,30.122,4710.0,BTI
2024-03-20 14:25:00,30.107,30.118,30.101,30.108,10774.0,BTI
2024-03-20 14:24:00,30.093,30.108,30.093,30.103,4316.0,BTI
2024-03-20 14:23:00,30.097,30.103,30.092,30.097,2143.0,BTI
2024-03-20 14:22:00,30.097,30.107,30.084,30.098,7972.0,BTI
2024-03-20 14:21:00,30.103,30.118,30.097,30.103,12479.0,BTI
2024-03-20 14:20:00,30.112,30.118,30.104,30.109,1220.0,BTI
2024-03-20 14:19:00,30.112,30.118,30.097,30.117,8688.0,BTI
2024-03-20 14:18:00,30.102,30.118,30.102,30.117,3381.0,BTI
2024-03-20 14:17:00,30.107,30.118,30.093,30.103,19525.0,BTI
2024-03-20 14:16:00,30.117,30.132,30.107,30.117,6213.0,BTI
2024-03-20 14:15:00,30.122,30.137,30.107,30.117,11176.0,BTI
2024-03-20 14:14:00,30.161,30.171,30.122,30.127,24596.0,BTI
2024-03-20 14:13:00,30.166,30.176,30.161,30.171,19563.0,BTI
2024-03-20 14:12:00,30.166,30.176,30.161,30.171,4104.0,BTI
2024-03-20 14:11:00,30.18,30.191,30.161,30.172,14711.0,BTI
2024-03-20 14:10:00,30.171,30.186,30.171,30.176,1711.0,BTI
2024-03-20 14:09:00,30.171,30.181,30.161,30.166,18026.0,BTI
2024-03-20 14:08:00,30.171,30.183,30.171,30.181,1342.0,BTI
2024-03-20 14:07:00,30.18,30.191,30.161,30.166,18252.0,BTI
2024-03-20 14:06:00,30.18,30.191,30.171,30.187,7085.0,BTI
2024-03-20 14:05:00,30.18,30.196,30.18,30.191,6524.0,BTI
2024-03-20 14:04:00,30.171,30.191,30.168,30.181,29953.0,BTI
2024-03-20 14:03:00,30.175,30.196,30.171,30.176,6835.0,BTI
2024-03-20 14:02:00,30.17,30.201,30.17,30.191,13465.0,BTI
2024-03-20 14:01:00,30.15,30.181,30.149,30.176,14879.0,BTI
2024-03-20 14:00:00,30.141,30.186,30.132,30.147,17123.0,BTI
2024-03-20 13:59:00,30.132,30.137,30.132,30.137,646.0,BTI
2024-03-20 13:58:00,30.127,30.137,30.122,30.132,6002.0,BTI
2024-03-20 13:57:00,30.102,30.127,30.102,30.127,11165.0,BTI
2024-03-20 13:56:00,30.112,30.118,30.102,30.108,896.0,BTI
2024-03-20 13:55:00,30.123,30.132,30.112,30.127,5329.0,BTI
2024-03-20 13:54:00,30.117,30.132,30.117,30.132,1693.0,BTI
2024-03-20 13:53:00,30.132,30.137,30.114,30.12,5487.0,BTI
2024-03-20 13:52:00,30.131,30.142,30.122,30.127,11373.0,BTI
2024-03-20 13:51:00,30.122,30.132,30.122,30.132,2041.0,BTI
2024-03-20 13:50:00,30.118,30.127,30.112,30.122,2319.0,BTI
2024-03-20 13:49:00,30.122,30.127,30.115,30.122,642.0,BTI
2024-03-20 13:48:00,30.117,30.123,30.112,30.117,2415.0,BTI
2024-03-20 13:47:00,30.117,30.123,30.117,30.122,809.0,BTI
2024-03-20 13:46:00,30.112,30.123,30.106,30.122,2775.0,BTI
2024-03-20 13:45:00,30.107,30.118,30.102,30.113,6541.0,BTI
2024-03-20 13:44:00,30.093,30.108,30.093,30.108,4975.0,BTI
2024-03-20 13:43:00,30.073,30.093,30.073,30.093,5111.0,BTI
2024-03-20 13:42:00,30.083,30.088,30.073,30.078,554.0,BTI
2024-03-20 13:41:00,30.073,30.088,30.069,30.078,11538.0,BTI
2024-03-20 13:40:00,30.083,30.088,30.073,30.083,4309.0,BTI
2024-03-20 13:39:00,30.088,30.093,30.083,30.088,2666.0,BTI
2024-03-20 13:38:00,30.088,30.098,30.088,30.098,833.0,BTI
2024-03-20 13:37:00,30.088,30.098,30.083,30.098,3643.0,BTI
2024-03-20 13:36:00,30.088,30.093,30.083,30.093,1471.0,BTI
2024-03-20 13:35:00,30.088,30.108,30.088,30.098,9796.0,BTI
2024-03-20 13:34:00,30.083,30.093,30.083,30.093,2615.0,BTI
2024-03-20 13:33:00,30.078,30.088,30.078,30.088,2282.0,BTI
2024-03-20 13:32:00,30.083,30.088,30.073,30.078,5061.0,BTI
2024-03-20 13:31:00,30.093,30.098,30.073,30.088,9108.0,BTI
2024-03-20 13:30:00,30.083,30.098,30.082,30.094,6752.0,BTI
2024-03-20 13:29:00,30.083,30.098,30.083,30.098,2434.0,BTI
2024-03-20 13:27:00,30.078,30.084,30.078,30.083,538.0,BTI
2024-03-20 13:26:00,30.053,30.084,30.053,30.083,5500.0,BTI
2024-03-20 13:25:00,30.068,30.074,30.063,30.069,3471.0,BTI
2024-03-20 13:24:00,30.063,30.079,30.063,30.078,2072.0,BTI
2024-03-20 13:23:00,30.063,30.069,30.058,30.064,1258.0,BTI
2024-03-20 13:22:00,30.054,30.069,30.053,30.064,5178.0,BTI
2024-03-20 13:21:00,30.024,30.064,30.024,30.064,11014.0,BTI
2024-03-20 13:20:00,30.019,30.04,30.014,30.034,31818.0,BTI
2024-03-20 13:19:00,30.029,30.035,30.014,30.03,4117.0,BTI
2024-03-20 13:18:00,30.018,30.04,30.018,30.034,4155.0,BTI
2024-03-20 13:17:00,30.019,30.03,30.006,30.025,34813.0,BTI
2024-03-20 13:16:00,30.014,30.025,30.0,30.02,80714.0,BTI
2024-03-20 13:15:00,30.019,30.029,30.014,30.025,1875.0,BTI
2024-03-20 13:14:00,30.024,30.03,30.014,30.025,55878.0,BTI
2024-03-20 13:13:00,30.039,30.044,30.024,30.037,11791.0,BTI
2024-03-20 13:12:00,30.039,30.049,30.034,30.044,3197.0,BTI
2024-03-20 13:11:00,30.034,30.044,30.034,30.043,1313.0,BTI
2024-03-20 13:10:00,30.044,30.059,30.038,30.044,13187.0,BTI
2024-03-20 13:09:00,30.058,30.064,30.044,30.049,3485.0,BTI
2024-03-20 13:08:00,30.063,30.069,30.053,30.064,1638.0,BTI
2024-03-20 13:07:00,30.053,30.065,30.053,30.064,2181.0,BTI
2024-03-20 13:06:00,30.059,30.065,30.044,30.059,17035.0,BTI
2024-03-20 13:05:00,30.063,30.074,30.053,30.059,22510.0,BTI
2024-03-20 13:04:00,30.063,30.079,30.063,30.069,4856.0,BTI
2024-03-20 13:03:00,30.063,30.074,30.063,30.074,1877.0,BTI
2024-03-20 13:02:00,30.073,30.079,30.063,30.074,1678.0,BTI
2024-03-20 13:01:00,30.064,30.074,30.063,30.069,2428.0,BTI
2024-03-20 13:00:00,30.083,30.088,30.068,30.074,15072.0,BTI
2024-03-20 12:59:00,30.083,30.098,30.083,30.093,2163.0,BTI
2024-03-20 12:58:00,30.088,30.094,30.083,30.093,2358.0,BTI
2024-03-20 12:57:00,30.083,30.093,30.078,30.093,2488.0,BTI
2024-03-20 12:56:00,30.082,30.088,30.073,30.083,2722.0,BTI
2024-03-20 12:55:00,30.083,30.098,30.078,30.088,9511.0,BTI
2024-03-20 12:54:00,30.093,30.098,30.083,30.088,19774.0,BTI
2024-03-20 12:53:00,30.083,30.108,30.083,30.098,4856.0,BTI
2024-03-20 12:52:00,30.066,30.093,30.063,30.093,9556.0,BTI
2024-03-20 12:51:00,30.063,30.079,30.063,30.074,5406.0,BTI
2024-03-20 12:50:00,30.064,30.074,30.063,30.069,1890.0,BTI
2024-03-20 12:49:00,30.067,30.079,30.063,30.074,14487.0,BTI
2024-03-20 12:48:00,30.068,30.079,30.063,30.078,4262.0,BTI
2024-03-20 12:47:00,30.097,30.108,30.063,30.074,14650.0,BTI
2024-03-20 12:46:00,30.083,30.108,30.083,30.103,27610.0,BTI
2024-03-20 12:45:00,30.064,30.088,30.064,30.088,13135.0,BTI
2024-03-20 12:44:00,30.078,30.084,30.07,30.078,8892.0,BTI
2024-03-20 12:43:00,30.083,30.093,30.073,30.083,10680.0,BTI
2024-03-20 12:42:00,30.063,30.088,30.063,30.083,12665.0,BTI
2024-03-20 12:41:00,30.043,30.069,30.034,30.063,28115.0,BTI
2024-03-20 12:40:00,30.034,30.049,30.024,30.044,40733.0,BTI
2024-03-20 12:39:00,30.029,30.04,30.029,30.034,1378.0,BTI
2024-03-20 12:38:00,30.029,30.04,30.024,30.034,5285.0,BTI
2024-03-20 12:37:00,30.039,30.044,30.024,30.034,13603.0,BTI
2024-03-20 12:36:00,30.049,30.059,30.034,30.044,9672.0,BTI
2024-03-20 12:35:00,30.024,30.059,30.024,30.054,20601.0,BTI
2024-03-20 12:34:00,30.034,30.044,30.024,30.034,27334.0,BTI
2024-03-20 12:33:00,30.029,30.04,30.024,30.034,8713.0,BTI
2024-03-20 12:32:00,30.039,30.044,30.024,30.034,8922.0,BTI
2024-03-20 12:31:00,30.053,30.059,30.034,30.039,7247.0,BTI
2024-03-20 12:30:00,30.049,30.059,30.034,30.059,5468.0,BTI
2024-03-20 12:29:00,30.073,30.084,30.034,30.049,32384.0,BTI
2024-03-20 12:28:00,30.065,30.084,30.053,30.083,21393.0,BTI
2024-03-20 12:27:00,30.083,30.088,30.053,30.069,22845.0,BTI
2024-03-20 12:26:00,30.056,30.088,30.053,30.088,18911.0,BTI
2024-03-20 12:25:00,30.039,30.069,30.039,30.064,37511.0,BTI
2024-03-20 12:24:00,30.029,30.049,30.024,30.044,29061.0,BTI
2024-03-20 12:23:00,30.044,30.054,30.014,30.03,49493.0,BTI
2024-03-20 12:22:00,30.053,30.059,30.049,30.059,16715.0,BTI
2024-03-20 12:21:00,30.063,30.079,30.044,30.054,16004.0,BTI
2024-03-20 12:20:00,30.063,30.074,30.063,30.074,9837.0,BTI
2024-03-20 12:19:00,30.068,30.074,30.049,30.069,7991.0,BTI
2024-03-20 12:18:00,30.058,30.084,30.058,30.069,12613.0,BTI
2024-03-20 12:17:00,30.078,30.084,30.044,30.059,29991.0,BTI
2024-03-20 12:16:00,30.083,30.088,30.078,30.083,4513.0,BTI
2024-03-20 12:15:00,30.053,30.084,30.053,30.078,15450.0,BTI
2024-03-20 12:14:00,30.049,30.064,30.044,30.049,6631.0,BTI
2024-03-20 12:13:00,30.063,30.074,30.034,30.054,16286.0,BTI
2024-03-20 12:12:00,30.058,30.084,30.053,30.069,17995.0,BTI
2024-03-20 12:11:00,30.034,30.079,30.034,30.064,62154.0,BTI
2024-03-20 12:10:00,30.014,30.044,30.014,30.039,21324.0,BTI
2024-03-20 12:09:00,30.029,30.049,30.014,30.02,13408.0,BTI
2024-03-20 12:08:00,30.019,30.04,30.019,30.03,14614.0,BTI
2024-03-20 12:07:00,30.029,30.04,30.014,30.025,19003.0,BTI
2024-03-20 12:06:00,30.058,30.064,30.024,30.039,14628.0,BTI
2024-03-20 12:05:00,30.058,30.074,30.053,30.064,30380.0,BTI
2024-03-20 12:04:00,30.058,30.069,30.053,30.064,15536.0,BTI
2024-03-20 12:03:00,30.097,30.103,30.053,30.069,25660.0,BTI
2024-03-20 12:02:00,30.093,30.108,30.093,30.103,5179.0,BTI
2024-03-20 12:01:00,30.088,30.093,30.073,30.088,12221.0,BTI
2024-03-20 12:00:00,30.093,30.103,30.083,30.093,9271.0,BTI
2024-03-20 11:59:00,30.117,30.123,30.083,30.103,13693.0,BTI
2024-03-20 11:58:00,30.083,30.123,30.078,30.122,12769.0,BTI
2024-03-20 11:57:00,30.078,30.093,30.073,30.078,13804.0,BTI
2024-03-20 11:56:00,30.093,30.098,30.063,30.083,12215.0,BTI
2024-03-20 11:55:00,30.088,30.098,30.083,30.098,15219.0,BTI
2024-03-20 11:54:00,30.083,30.098,30.073,30.093,13103.0,BTI
2024-03-20 11:53:00,30.073,30.088,30.073,30.088,2300.0,BTI
2024-03-20 11:52:00,30.053,30.097,30.053,30.083,19899.0,BTI
2024-03-20 11:51:00,30.078,30.084,30.053,30.059,20928.0,BTI
2024-03-20 11:50:00,30.073,30.088,30.073,30.083,7216.0,BTI
2024-03-20 11:49:00,30.097,30.106,30.073,30.078,13646.0,BTI
2024-03-20 11:48:00,30.083,30.123,30.083,30.098,29916.0,BTI
2024-03-20 11:47:00,30.078,30.088,30.063,30.083,22069.0,BTI
2024-03-20 11:46:00,30.093,30.103,30.068,30.083,16160.0,BTI
2024-03-20 11:45:00,30.083,30.103,30.053,30.103,35365.0,BTI
2024-03-20 11:44:00,30.102,30.108,30.073,30.088,26784.0,BTI
2024-03-20 11:43:00,30.117,30.123,30.083,30.103,23780.0,BTI
2024-03-20 11:42:00,30.161,30.171,30.102,30.127,32794.0,BTI
2024-03-20 11:41:00,30.175,30.181,30.151,30.166,32464.0,BTI
2024-03-20 11:40:00,30.185,30.191,30.161,30.181,17167.0,BTI
2024-03-20 11:39:00,30.161,30.186,30.161,30.186,25632.0,BTI
2024-03-20 11:38:00,30.185,30.191,30.161,30.171,21963.0,BTI
2024-03-20 11:37:00,30.2,30.215,30.161,30.186,59879.0,BTI
2024-03-20 11:36:00,30.215,30.225,30.2,30.21,37966.0,BTI
2024-03-20 11:35:00,30.22,30.23,30.2,30.22,32184.0,BTI
2024-03-20 11:34:00,30.195,30.249,30.19,30.23,75109.0,BTI
2024-03-20 11:33:00,30.171,30.215,30.166,30.2,79755.0,BTI
2024-03-20 11:32:00,30.18,30.206,30.161,30.171,40713.0,BTI
2024-03-20 11:31:00,30.146,30.201,30.146,30.186,28866.0,BTI
2024-03-20 11:30:00,30.18,30.191,30.132,30.147,42238.0,BTI
2024-03-20 11:29:00,30.195,30.215,30.161,30.186,36661.0,BTI
2024-03-20 11:28:00,30.141,30.225,30.141,30.205,37169.0,BTI
2024-03-20 11:27:00,30.146,30.171,30.122,30.147,29313.0,BTI
2024-03-20 11:26:00,30.166,30.171,30.132,30.147,40208.0,BTI
2024-03-20 11:25:00,30.195,30.254,30.151,30.176,113153.0,BTI
2024-03-20 11:24:00,30.19,30.206,30.151,30.196,66005.0,BTI
2024-03-20 11:23:00,30.288,30.298,30.122,30.191,402860.0,BTI
2024-03-20 11:22:00,30.102,30.318,30.102,30.298,702645.0,BTI
2024-03-20 11:21:00,30.01,30.108,30.005,30.103,265019.0,BTI
2024-03-20 11:20:00,29.99,30.02,29.99,30.015,31733.0,BTI
2024-03-20 11:19:00,29.971,30.001,29.971,29.991,20029.0,BTI
2024-03-20 11:18:00,29.958,29.976,29.956,29.976,28973.0,BTI
2024-03-20 11:17:00,29.961,29.971,29.946,29.971,71967.0,BTI
2024-03-20 11:16:00,29.966,29.971,29.946,29.966,155793.0,BTI
2024-03-20 11:15:00,29.927,29.971,29.919,29.966,53962.0,BTI
2024-03-20 11:14:00,29.868,29.932,29.868,29.932,61380.0,BTI
2024-03-20 11:13:00,29.883,29.888,29.873,29.878,12799.0,BTI
2024-03-20 11:12:00,29.873,29.893,29.868,29.888,6369.0,BTI
2024-03-20 11:11:00,29.877,29.888,29.868,29.883,15484.0,BTI
2024-03-20 11:10:00,29.873,29.881,29.868,29.878,5262.0,BTI
2024-03-20 11:09:00,29.868,29.898,29.868,29.878,17493.0,BTI
2024-03-20 11:08:00,29.863,29.872,29.848,29.868,17766.0,BTI
2024-03-20 11:07:00,29.872,29.879,29.858,29.864,6938.0,BTI
2024-03-20 11:06:00,29.878,29.883,29.868,29.873,7687.0,BTI
2024-03-20 11:05:00,29.897,29.903,29.868,29.884,34376.0,BTI
2024-03-20 11:04:00,29.912,29.919,29.897,29.905,22813.0,BTI
2024-03-20 11:03:00,29.912,29.922,29.902,29.919,15417.0,BTI
2024-03-20 11:02:00,29.917,29.927,29.907,29.912,10356.0,BTI
2024-03-20 11:01:00,29.897,29.927,29.897,29.917,16549.0,BTI
2024-03-20 11:00:00,29.897,29.908,29.897,29.908,1995.0,BTI
2024-03-20 10:59:00,29.883,29.913,29.883,29.908,8304.0,BTI
2024-03-20 10:58:00,29.868,29.888,29.868,29.883,6237.0,BTI
2024-03-20 10:57:00,29.883,29.888,29.868,29.873,7248.0,BTI
2024-03-20 10:56:00,29.873,29.888,29.863,29.883,18880.0,BTI
2024-03-20 10:55:00,29.876,29.883,29.858,29.878,4344.0,BTI
2024-03-20 10:54:00,29.877,29.883,29.859,29.873,39153.0,BTI
2024-03-20 10:53:00,29.878,29.892,29.868,29.873,8872.0,BTI
2024-03-20 10:52:00,29.868,29.893,29.868,29.888,5985.0,BTI
2024-03-20 10:51:00,29.878,29.883,29.868,29.873,9215.0,BTI
2024-03-20 10:50:00,29.873,29.88,29.868,29.873,5816.0,BTI
2024-03-20 10:49:00,29.844,29.879,29.844,29.873,20309.0,BTI
2024-03-20 10:48:00,29.843,29.849,29.839,29.844,3383.0,BTI
2024-03-20 10:47:00,29.8,29.849,29.8,29.844,18249.0,BTI
2024-03-20 10:46:00,29.805,29.825,29.8,29.81,7340.0,BTI
2024-03-20 10:45:00,29.819,29.83,29.8,29.815,21818.0,BTI
2024-03-20 10:44:00,29.829,29.835,29.819,29.825,9592.0,BTI
2024-03-20 10:43:00,29.848,29.863,29.829,29.834,15697.0,BTI
2024-03-20 10:42:00,29.863,29.869,29.848,29.859,8836.0,BTI
2024-03-20 10:41:00,29.883,29.893,29.858,29.864,41693.0,BTI
2024-03-20 10:40:00,29.88,29.893,29.868,29.883,10219.0,BTI
2024-03-20 10:39:00,29.883,29.903,29.878,29.883,11656.0,BTI
2024-03-20 10:38:00,29.881,29.893,29.868,29.888,13425.0,BTI
2024-03-20 10:37:00,29.888,29.908,29.878,29.888,14903.0,BTI
2024-03-20 10:36:00,29.888,29.893,29.878,29.893,14982.0,BTI
2024-03-20 10:35:00,29.912,29.918,29.888,29.893,16063.0,BTI
2024-03-20 10:34:00,29.912,29.921,29.907,29.912,3252.0,BTI
2024-03-20 10:33:00,29.907,29.922,29.907,29.913,4149.0,BTI
2024-03-20 10:32:00,29.917,29.942,29.907,29.917,7200.0,BTI
2024-03-20 10:31:00,29.907,29.932,29.907,29.927,14638.0,BTI
2024-03-20 10:30:00,29.927,29.942,29.917,29.922,18517.0,BTI
2024-03-20 10:29:00,29.927,29.942,29.927,29.932,12024.0,BTI
2024-03-20 10:28:00,29.936,29.942,29.927,29.932,28883.0,BTI
2024-03-20 10:27:00,29.946,29.961,29.927,29.937,13173.0,BTI
2024-03-20 10:26:00,29.946,29.961,29.946,29.956,7543.0,BTI
2024-03-20 10:25:00,29.951,29.957,29.939,29.944,21052.0,BTI
2024-03-20 10:24:00,29.941,29.961,29.941,29.951,12539.0,BTI
2024-03-20 10:23:00,29.941,29.957,29.936,29.947,14174.0,BTI
2024-03-20 10:22:00,29.951,29.961,29.936,29.947,19712.0,BTI
2024-03-20 10:21:00,29.956,29.961,29.946,29.951,14395.0,BTI
2024-03-20 10:20:00,29.936,29.961,29.936,29.961,7032.0,BTI
2024-03-20 10:19:00,29.941,29.952,29.927,29.942,19022.0,BTI
2024-03-20 10:18:00,29.946,29.957,29.936,29.947,11127.0,BTI
2024-03-20 10:17:00,29.956,29.961,29.946,29.951,5538.0,BTI
2024-03-20 10:16:00,29.951,29.966,29.946,29.951,31698.0,BTI
2024-03-20 10:15:00,29.946,29.952,29.936,29.951,20002.0,BTI
2024-03-20 10:14:00,29.927,29.947,29.927,29.947,15333.0,BTI
2024-03-20 10:13:00,29.936,29.942,29.927,29.932,12391.0,BTI
2024-03-20 10:12:00,29.936,29.952,29.936,29.951,4974.0,BTI
2024-03-20 10:11:00,29.951,29.957,29.941,29.947,7289.0,BTI
2024-03-20 10:10:00,29.936,29.961,29.936,29.951,5715.0,BTI
2024-03-20 10:09:00,29.927,29.937,29.927,29.934,6235.0,BTI
2024-03-20 10:08:00,29.927,29.952,29.927,29.932,22285.0,BTI
2024-03-20 10:07:00,29.907,29.933,29.907,29.932,15543.0,BTI
2024-03-20 10:06:00,29.931,29.937,29.907,29.912,19476.0,BTI
2024-03-20 10:05:00,29.912,29.942,29.907,29.932,31052.0,BTI
2024-03-20 10:04:00,29.912,29.922,29.907,29.912,7177.0,BTI
2024-03-20 10:03:00,29.922,29.932,29.9,29.912,11789.0,BTI
2024-03-20 10:02:00,29.927,29.932,29.917,29.922,11723.0,BTI
2024-03-20 10:01:00,29.902,29.927,29.897,29.927,19870.0,BTI
2024-03-20 10:00:00,29.907,29.922,29.897,29.908,8218.0,BTI
2024-03-20 09:59:00,29.897,29.913,29.897,29.912,6297.0,BTI
2024-03-20 09:58:00,29.907,29.922,29.897,29.908,6986.0,BTI
2024-03-20 09:57:00,29.912,29.932,29.897,29.912,13445.0,BTI
2024-03-20 09:56:00,29.878,29.918,29.878,29.912,14171.0,BTI
2024-03-20 09:55:00,29.897,29.913,29.878,29.883,17020.0,BTI
2024-03-20 09:54:00,29.898,29.911,29.888,29.898,10682.0,BTI
2024-03-20 09:53:00,29.858,29.903,29.848,29.903,16875.0,BTI
2024-03-20 09:52:00,29.878,29.883,29.848,29.859,26953.0,BTI
2024-03-20 09:51:00,29.88,29.893,29.878,29.888,18726.0,BTI
2024-03-20 09:50:00,29.888,29.903,29.868,29.883,19950.0,BTI
2024-03-20 09:49:00,29.892,29.903,29.888,29.893,9352.0,BTI
2024-03-20 09:48:00,29.892,29.922,29.888,29.893,15440.0,BTI
2024-03-20 09:47:00,29.897,29.908,29.888,29.903,15236.0,BTI
2024-03-20 09:46:00,29.878,29.908,29.858,29.903,55555.0,BTI
2024-03-20 09:45:00,29.858,29.883,29.858,29.873,21918.0,BTI
2024-03-20 09:44:00,29.878,29.903,29.848,29.854,22107.0,BTI
2024-03-20 09:43:00,29.897,29.913,29.868,29.883,32321.0,BTI
2024-03-20 09:42:00,29.892,29.921,29.888,29.912,15752.0,BTI
2024-03-20 09:41:00,29.912,29.927,29.878,29.893,31120.0,BTI
2024-03-20 09:40:00,29.922,29.932,29.888,29.922,25514.0,BTI
2024-03-20 09:39:00,29.897,29.932,29.879,29.922,18409.0,BTI
2024-03-20 09:38:00,29.922,29.927,29.897,29.908,16255.0,BTI
2024-03-20 09:37:00,29.878,29.932,29.878,29.927,40816.0,BTI
2024-03-20 09:36:00,29.858,29.903,29.848,29.893,18907.0,BTI
2024-03-20 09:35:00,29.858,29.883,29.848,29.864,26817.0,BTI
2024-03-20 09:34:00,29.888,29.902,29.848,29.854,15906.0,BTI
2024-03-20 09:33:00,29.853,29.913,29.848,29.893,39217.0,BTI
2024-03-20 09:32:00,29.809,29.864,29.809,29.854,47227.0,BTI
2024-03-20 09:31:00,29.8,29.849,29.798,29.815,72838.0,BTI
2024-03-20 09:30:00,29.809,29.849,29.78,29.795,205090.0,BTI
2024-03-20 09:29:00,29.848,29.854,29.819,29.825,12038.0,BTI
2024-03-20 09:28:00,29.858,29.864,29.839,29.864,1527.0,BTI
2024-03-20 09:27:00,29.848,29.864,29.848,29.864,8348.0,BTI
2024-03-20 09:26:00,29.858,29.864,29.858,29.864,2746.0,BTI
2024-03-20 09:25:00,29.839,29.864,29.839,29.864,4555.0,BTI
2024-03-20 09:24:00,29.848,29.854,29.848,29.854,3.0,BTI
2024-03-20 09:23:00,29.839,29.854,29.829,29.854,4026.0,BTI
2024-03-20 09:22:00,29.848,29.854,29.839,29.844,275.0,BTI
2024-03-20 09:21:00,29.839,29.844,29.839,29.844,774.0,BTI
2024-03-20 09:20:00,29.819,29.844,29.819,29.844,3819.0,BTI
2024-03-20 09:19:00,29.829,29.835,29.809,29.825,3459.0,BTI
2024-03-20 09:18:00,29.839,29.844,29.829,29.844,1672.0,BTI
2024-03-20 09:17:00,29.839,29.844,29.839,29.844,2702.0,BTI
2024-03-20 09:16:00,29.819,29.835,29.819,29.834,1612.0,BTI
2024-03-20 09:15:00,29.8,29.815,29.8,29.815,841.0,BTI
2024-03-20 09:14:00,29.8,29.805,29.8,29.805,131.0,BTI
2024-03-20 09:13:00,29.79,29.796,29.78,29.795,981.0,BTI
2024-03-20 09:11:00,29.809,29.815,29.79,29.795,478.0,BTI
2024-03-20 09:10:00,29.809,29.815,29.8,29.805,4918.0,BTI
2024-03-20 09:09:00,29.8,29.815,29.79,29.815,435.0,BTI
2024-03-20 09:08:00,29.8,29.805,29.8,29.805,12.0,BTI
2024-03-20 09:07:00,29.809,29.815,29.8,29.805,338.0,BTI
2024-03-20 09:06:00,29.78,29.796,29.78,29.795,5259.0,BTI
2024-03-20 09:04:00,29.77,29.776,29.77,29.776,5046.0,BTI
2024-03-20 09:03:00,29.77,29.776,29.77,29.776,374.0,BTI
2024-03-20 09:02:00,29.77,29.776,29.77,29.775,25.0,BTI
2024-03-20 09:01:00,29.77,29.776,29.77,29.776,63.0,BTI
2024-03-20 09:00:00,29.761,29.766,29.751,29.756,1259.0,BTI
2024-03-20 08:59:00,29.761,29.766,29.751,29.756,8.0,BTI
2024-03-20 08:58:00,29.722,29.737,29.722,29.727,3978.0,BTI
2024-03-20 08:57:00,29.731,29.737,29.722,29.727,98.0,BTI
2024-03-20 08:56:00,29.731,29.737,29.731,29.737,290.0,BTI
2024-03-20 08:55:00,29.741,29.747,29.741,29.746,1.0,BTI
2024-03-20 08:54:00,29.741,29.747,29.741,29.746,3826.0,BTI
2024-03-20 08:53:00,29.741,29.756,29.741,29.756,2006.0,BTI
2024-03-20 08:52:00,29.741,29.756,29.741,29.756,25.0,BTI
2024-03-20 08:51:00,29.741,29.756,29.741,29.746,3144.0,BTI
2024-03-20 08:49:00,29.702,29.737,29.702,29.737,1697.0,BTI
2024-03-20 08:48:00,29.653,29.678,29.653,29.678,1162.0,BTI
2024-03-20 08:47:00,29.639,29.649,29.634,29.639,32.0,BTI
2024-03-20 08:46:00,29.634,29.649,29.634,29.649,1994.0,BTI
2024-03-20 08:45:00,29.634,29.649,29.634,29.639,3884.0,BTI
2024-03-20 08:44:00,29.644,29.649,29.634,29.639,416.0,BTI
2024-03-20 08:43:00,29.634,29.639,29.634,29.639,1453.0,BTI
2024-03-20 08:42:00,29.644,29.649,29.634,29.639,134.0,BTI
2024-03-20 08:41:00,29.644,29.649,29.644,29.649,484.0,BTI
2024-03-20 08:40:00,29.624,29.659,29.624,29.659,1117.0,BTI
2024-03-20 08:39:00,29.653,29.659,29.644,29.649,629.0,BTI
2024-03-20 08:38:00,29.653,29.659,29.653,29.659,63.0,BTI
2024-03-20 08:37:00,29.673,29.678,29.644,29.649,3691.0,BTI
2024-03-20 08:36:00,29.673,29.683,29.663,29.678,1164.0,BTI
2024-03-20 08:35:00,29.668,29.678,29.668,29.678,8.0,BTI
2024-03-20 08:34:00,29.673,29.688,29.668,29.673,2724.0,BTI
2024-03-20 08:33:00,29.644,29.678,29.634,29.668,2551.0,BTI
2024-03-20 08:32:00,29.663,29.669,29.663,29.668,101.0,BTI
2024-03-20 08:31:00,29.662,29.668,29.662,29.668,2.0,BTI
2024-03-20 08:30:00,29.663,29.669,29.653,29.668,2277.0,BTI
2024-03-20 08:29:00,29.663,29.669,29.663,29.668,23.0,BTI
2024-03-20 08:28:00,29.673,29.678,29.663,29.668,733.0,BTI
2024-03-20 08:27:00,29.673,29.678,29.673,29.678,290.0,BTI
2024-03-20 08:26:00,29.683,29.688,29.673,29.678,217.0,BTI
2024-03-20 08:24:00,29.683,29.688,29.673,29.688,4016.0,BTI
2024-03-20 08:23:00,29.692,29.698,29.683,29.688,41.0,BTI
2024-03-20 08:22:00,29.692,29.698,29.683,29.698,140.0,BTI
2024-03-20 08:21:00,29.702,29.708,29.692,29.697,42.0,BTI
2024-03-20 08:20:00,29.673,29.708,29.673,29.707,11.0,BTI
2024-03-20 08:19:00,29.673,29.678,29.673,29.678,9.0,BTI
2024-03-20 08:18:00,29.673,29.678,29.663,29.678,4477.0,BTI
2024-03-20 08:17:00,29.712,29.717,29.683,29.688,16583.0,BTI
2024-03-20 08:16:00,29.702,29.708,29.702,29.707,2179.0,BTI
2024-03-20 08:14:00,29.712,29.717,29.702,29.707,1.0,BTI
2024-03-20 08:13:00,29.702,29.717,29.702,29.717,291.0,BTI
2024-03-20 08:12:00,29.692,29.698,29.692,29.698,3488.0,BTI
2024-03-20 08:11:00,29.683,29.688,29.683,29.688,106.0,BTI
2024-03-20 08:10:00,29.673,29.678,29.672,29.678,265.0,BTI
2024-03-20 08:09:00,29.702,29.708,29.683,29.688,770.0,BTI
2024-03-20 08:08:00,29.692,29.708,29.692,29.707,314.0,BTI
2024-03-20 08:07:00,29.692,29.717,29.692,29.717,1211.0,BTI
2024-03-20 08:05:00,29.678,29.688,29.678,29.688,1173.0,BTI
2024-03-20 08:04:00,29.683,30.352,29.673,29.688,275.0,BTI
2024-03-20 08:03:00,29.692,30.352,29.692,30.352,657.0,BTI
2024-03-20 08:02:00,29.683,30.352,29.683,30.352,780.0,BTI
2024-03-20 08:01:00,29.683,29.688,29.683,29.688,0.0,BTI
2024-03-20 08:00:00,29.8,30.401,29.634,29.825,22759.0,BTI
2024-03-20 07:59:00,29.653,29.659,29.653,29.659,667.0,BTI
2024-03-20 07:58:00,29.653,29.659,29.653,29.659,1.0,BTI
2024-03-20 07:57:00,29.653,29.659,29.653,29.659,193.0,BTI
2024-03-20 07:56:00,29.653,29.659,29.653,29.659,1067.0,BTI
2024-03-20 07:55:00,29.644,29.659,29.644,29.659,7340.0,BTI
2024-03-20 07:54:00,29.644,29.649,29.644,29.649,8543.0,BTI
2024-03-20 07:53:00,29.653,29.659,29.624,29.629,1017.0,BTI
2024-03-20 07:52:00,29.653,29.659,29.653,29.659,687.0,BTI
2024-03-20 07:51:00,29.683,29.688,29.673,29.678,2160.0,BTI
2024-03-20 07:50:00,29.692,29.698,29.673,29.688,833.0,BTI
2024-03-20 07:49:00,29.702,29.708,29.692,29.698,1163.0,BTI
2024-03-20 07:48:00,29.712,29.717,29.702,29.707,358.0,BTI
2024-03-20 07:46:00,29.702,29.708,29.702,29.707,1084.0,BTI
2024-03-20 07:45:00,29.702,29.708,29.702,29.707,47.0,BTI
2024-03-20 07:44:00,29.712,29.717,29.702,29.707,912.0,BTI
2024-03-20 07:43:00,29.731,29.737,29.722,29.737,89.0,BTI
2024-03-20 07:42:00,29.712,29.737,29.712,29.737,1307.0,BTI
2024-03-20 07:41:00,29.731,29.737,29.731,29.737,96.0,BTI
2024-03-20 07:40:00,29.761,29.766,29.712,29.746,518.0,BTI
2024-03-20 07:39:00,29.751,29.766,29.751,29.766,250.0,BTI
2024-03-20 07:38:00,29.8,29.805,29.751,29.756,5287.0,BTI
2024-03-20 07:36:00,29.809,29.815,29.809,29.815,24.0,BTI
2024-03-20 07:35:00,29.809,29.815,29.809,29.815,96.0,BTI
2024-03-20 07:33:00,29.8,29.835,29.79,29.834,1172.0,BTI
2024-03-20 07:32:00,29.77,29.796,29.77,29.795,823.0,BTI
2024-03-20 07:31:00,29.77,29.776,29.77,29.776,96.0,BTI
2024-03-20 07:30:00,29.77,29.786,29.751,29.756,9542.0,BTI
2024-03-20 07:29:00,29.79,29.796,29.78,29.786,533.0,BTI
2024-03-20 07:28:00,29.78,29.796,29.78,29.786,5079.0,BTI
2024-03-20 07:27:00,29.8,29.805,29.79,29.795,4250.0,BTI
2024-03-20 07:26:00,29.8,29.805,29.8,29.805,387.0,BTI
2024-03-20 07:24:00,29.8,29.805,29.8,29.805,96.0,BTI
2024-03-20 07:23:00,29.8,29.805,29.8,29.805,145.0,BTI
2024-03-20 07:22:00,29.8,29.805,29.8,29.805,343.0,BTI
2024-03-20 07:21:00,29.8,29.805,29.8,29.805,77.0,BTI
2024-03-20 07:20:00,29.8,29.805,29.8,29.805,561.0,BTI
2024-03-20 07:19:00,29.8,29.805,29.8,29.805,1.0,BTI
2024-03-20 07:16:00,29.8,29.805,29.8,29.805,678.0,BTI
2024-03-20 07:15:00,29.8,29.805,29.8,29.805,2668.0,BTI
2024-03-20 07:12:00,29.809,29.815,29.8,29.805,201.0,BTI
2024-03-20 07:10:00,29.8,29.815,29.8,29.815,1453.0,BTI
2024-03-20 07:09:00,29.829,29.835,29.809,29.815,1331.0,BTI
2024-03-20 07:08:00,29.829,29.835,29.829,29.834,532.0,BTI
2024-03-20 07:07:00,29.829,29.835,29.829,29.834,290.0,BTI
2024-03-20 07:06:00,29.829,29.844,29.829,29.844,150.0,BTI
2024-03-20 07:05:00,29.819,29.835,29.819,29.834,6986.0,BTI
2024-03-20 07:04:00,29.819,29.825,29.819,29.825,860.0,BTI
2024-03-20 07:03:00,29.829,29.835,29.819,29.825,634.0,BTI
2024-03-20 07:02:00,29.819,29.835,29.819,29.834,4880.0,BTI
2024-03-20 07:01:00,29.819,29.835,29.819,29.834,5908.0,BTI
2024-03-20 07:00:00,29.8,29.825,29.8,29.825,4730.0,BTI
2024-03-20 06:59:00,29.809,29.815,29.8,29.805,160.0,BTI
2024-03-20 06:58:00,29.809,29.815,29.809,29.815,3.0,BTI
2024-03-20 06:57:00,29.819,29.825,29.819,29.825,49.0,BTI
2024-03-20 06:56:00,29.829,29.835,29.829,29.834,193.0,BTI
2024-03-20 06:55:00,29.819,29.825,29.819,29.825,726.0,BTI
2024-03-20 06:53:00,29.819,29.825,29.819,29.825,435.0,BTI
2024-03-20 06:51:00,29.819,29.825,29.819,29.825,106.0,BTI
2024-03-20 06:49:00,29.819,29.825,29.819,29.825,194.0,BTI
2024-03-20 06:46:00,29.819,29.825,29.819,29.825,193.0,BTI
2024-03-20 06:45:00,29.829,29.835,29.829,29.834,194.0,BTI
2024-03-20 06:43:00,29.839,29.844,29.829,29.834,1211.0,BTI
2024-03-20 06:40:00,29.839,29.844,29.839,29.844,39.0,BTI
2024-03-20 06:39:00,29.868,29.874,29.829,29.834,1549.0,BTI
2024-03-20 06:37:00,29.848,29.854,29.839,29.844,145.0,BTI
2024-03-20 06:34:00,29.839,29.844,29.839,29.844,484.0,BTI
2024-03-20 06:33:00,29.848,29.854,29.848,29.854,29.0,BTI
2024-03-20 06:31:00,29.848,29.854,29.848,29.854,116.0,BTI
2024-03-20 06:29:00,29.839,29.864,29.839,29.864,1210.0,BTI
2024-03-20 06:28:00,29.848,29.854,29.848,29.854,96.0,BTI
2024-03-20 06:27:00,29.868,29.874,29.868,29.873,0.0,BTI
2024-03-20 06:25:00,29.819,29.864,29.819,29.864,97.0,BTI
2024-03-20 06:24:00,29.819,29.825,29.809,29.825,351.0,BTI
2024-03-20 06:23:00,29.858,29.864,29.819,29.834,3932.0,BTI
2024-03-20 06:22:00,29.897,29.903,29.868,29.873,626.0,BTI
2024-03-20 06:21:00,29.907,29.913,29.907,29.912,968.0,BTI
2024-03-20 06:20:00,29.907,29.913,29.907,29.912,629.0,BTI
2024-03-20 06:18:00,29.907,29.913,29.907,29.912,23.0,BTI
2024-03-20 06:17:00,29.917,29.922,29.917,29.922,707.0,BTI
2024-03-20 06:16:00,29.927,29.932,29.927,29.932,49.0,BTI
2024-03-20 06:14:00,29.946,29.952,29.946,29.951,40.0,BTI
2024-03-20 06:11:00,29.946,29.952,29.946,29.951,1356.0,BTI
2024-03-20 06:08:00,29.907,29.913,29.907,29.912,193.0,BTI
2024-03-20 06:06:00,29.907,29.913,29.897,29.903,1065.0,BTI
2024-03-20 06:01:00,29.917,29.922,29.907,29.912,1501.0,BTI
2024-03-20 05:59:00,29.907,29.913,29.897,29.903,1291.0,BTI
2024-03-20 05:49:00,29.956,29.961,29.956,29.961,3487.0,BTI
2024-03-20 05:47:00,29.946,29.952,29.946,29.951,38.0,BTI
2024-03-20 05:46:00,29.946,29.952,29.946,29.951,581.0,BTI
2024-03-20 05:45:00,29.907,29.913,29.907,29.912,1162.0,BTI
2024-03-20 05:43:00,29.917,29.922,29.897,29.903,116.0,BTI
2024-03-20 05:40:00,29.897,29.903,29.897,29.903,123.0,BTI
2024-03-20 05:36:00,29.907,29.913,29.907,29.912,0.0,BTI
2024-03-20 05:35:00,29.917,29.922,29.917,29.922,172.0,BTI
2024-03-20 05:29:00,29.927,29.932,29.927,29.932,1.0,BTI
2024-03-20 05:27:00,29.917,29.932,29.917,29.932,195.0,BTI
2024-03-20 05:26:00,29.917,29.922,29.917,29.922,193.0,BTI
2024-03-20 05:25:00,29.888,29.893,29.888,29.893,48.0,BTI
2024-03-20 05:24:00,29.888,29.893,29.888,29.893,95.0,BTI
2024-03-20 05:23:00,29.888,29.903,29.888,29.903,49.0,BTI
2024-03-20 05:21:00,29.878,29.883,29.878,29.883,0.0,BTI
2024-03-20 05:20:00,29.868,29.874,29.868,29.873,19.0,BTI
2024-03-20 05:19:00,29.878,29.883,29.868,29.873,68.0,BTI
2024-03-20 05:16:00,29.888,29.893,29.888,29.893,48.0,BTI
2024-03-20 05:15:00,29.907,29.913,29.907,29.912,48.0,BTI
2024-03-20 05:10:00,29.888,29.893,29.888,29.893,96.0,BTI
2024-03-20 05:08:00,29.878,29.883,29.878,29.883,0.0,BTI
2024-03-20 05:07:00,29.878,29.883,29.868,29.883,512.0,BTI
2024-03-20 05:06:00,29.888,29.893,29.878,29.883,107.0,BTI
2024-03-20 05:05:00,29.897,29.903,29.897,29.903,9.0,BTI
2024-03-20 05:04:00,29.907,29.913,29.907,29.912,4.0,BTI
2024-03-20 05:02:00,29.946,29.952,29.936,29.942,340.0,BTI
2024-03-20 05:00:00,29.995,30.001,29.995,30.0,324.0,BTI
2024-03-20 04:59:00,30.014,30.02,30.014,30.02,322.0,BTI
2024-03-20 04:58:00,29.966,30.001,29.966,30.0,19.0,BTI
2024-03-20 04:55:00,29.917,29.922,29.917,29.922,96.0,BTI
2024-03-20 04:51:00,29.888,29.893,29.888,29.893,30.0,BTI
2024-03-20 04:48:00,29.897,29.903,29.897,29.903,387.0,BTI
2024-03-20 04:46:00,29.897,29.903,29.897,29.903,48.0,BTI
2024-03-20 04:45:00,29.888,29.893,29.878,29.883,2324.0,BTI
2024-03-20 04:43:00,29.888,29.893,29.888,29.893,192.0,BTI
2024-03-20 04:40:00,29.878,29.883,29.878,29.883,59.0,BTI
2024-03-20 04:39:00,29.927,29.932,29.858,29.864,268.0,BTI
2024-03-20 04:38:00,29.927,29.932,29.927,29.932,193.0,BTI
2024-03-20 04:37:00,29.917,29.922,29.917,29.922,24.0,BTI
2024-03-20 04:35:00,29.927,29.932,29.907,29.912,268.0,BTI
2024-03-20 04:34:00,29.917,29.922,29.917,29.922,95.0,BTI
2024-03-20 04:32:00,29.927,29.932,29.927,29.932,48.0,BTI
2024-03-20 04:31:00,29.936,29.942,29.936,29.942,387.0,BTI
2024-03-20 04:30:00,29.878,29.883,29.878,29.883,48.0,BTI
2024-03-20 04:29:00,29.848,29.854,29.848,29.854,1017.0,BTI
2024-03-20 04:28:00,29.907,29.913,29.848,29.854,3026.0,BTI
2024-03-20 04:27:00,29.907,29.913,29.907,29.912,2.0,BTI
2024-03-20 04:26:00,29.917,29.922,29.917,29.922,969.0,BTI
2024-03-20 04:25:00,29.917,29.922,29.917,29.922,686.0,BTI
2024-03-20 04:24:00,29.927,29.932,29.927,29.932,289.0,BTI
2024-03-20 04:23:00,29.966,29.971,29.946,29.961,2635.0,BTI
2024-03-20 04:22:00,29.985,29.991,29.975,29.981,217.0,BTI
2024-03-20 04:21:00,30.014,30.02,30.005,30.01,241.0,BTI
2024-03-20 04:20:00,29.985,29.991,29.985,29.991,242.0,BTI
2024-03-20 04:13:00,29.966,29.971,29.966,29.971,774.0,BTI
2024-03-20 04:12:00,30.014,30.02,29.975,29.981,701.0,BTI
2024-03-20 04:11:00,30.044,30.049,30.024,30.03,400.0,BTI
2024-03-20 04:10:00,30.014,30.02,29.985,30.0,3981.0,BTI
2024-03-20 04:09:00,30.063,30.069,30.024,30.03,421.0,BTI
2024-03-20 04:07:00,30.063,30.069,30.063,30.069,96.0,BTI
2024-03-20 04:06:00,30.083,30.088,30.063,30.069,484.0,BTI
2024-03-20 04:04:00,30.044,30.049,30.034,30.039,27.0,BTI
2024-03-20 04:03:00,30.073,30.079,30.044,30.078,552.0,BTI
2024-03-20 04:02:00,30.122,30.127,30.073,30.098,2210.0,BTI
2024-03-20 04:01:00,30.122,30.137,30.122,30.137,67.0,BTI
2024-03-20 04:00:00,30.258,30.411,30.063,30.186,3993.0,BTI
2024-03-19 19:59:00,30.356,30.362,30.356,30.361,120.0,BTI
2024-03-19 19:58:00,30.356,30.362,30.356,30.362,0.0,BTI
2024-03-19 19:57:00,30.376,30.381,30.356,30.362,171.0,BTI
2024-03-19 19:54:00,30.366,30.381,30.366,30.381,233.0,BTI
2024-03-19 19:53:00,30.376,30.381,30.376,30.381,0.0,BTI
2024-03-19 19:50:00,30.356,30.372,30.356,30.371,42.0,BTI
2024-03-19 19:48:00,30.347,30.353,30.347,30.353,19.0,BTI
2024-03-19 19:46:00,30.376,30.381,30.376,30.381,346.0,BTI
2024-03-19 19:39:00,30.376,30.381,30.376,30.381,2.0,BTI
2024-03-19 19:36:00,30.346,30.352,30.346,30.352,0.0,BTI
2024-03-19 19:35:00,30.361,30.367,30.361,30.366,0.0,BTI
2024-03-19 19:31:00,30.356,30.362,30.346,30.362,102.0,BTI
2024-03-19 19:16:00,30.346,30.352,30.346,30.352,6.0,BTI
2024-03-19 19:00:00,30.346,30.352,30.346,30.352,114837.0,BTI
2024-03-19 18:57:00,30.346,30.352,30.346,30.352,17.0,BTI
2024-03-19 18:52:00,30.346,30.352,30.346,30.352,0.0,BTI
2024-03-19 18:43:00,30.376,30.381,30.376,30.381,2.0,BTI
2024-03-19 18:36:00,30.356,30.362,30.356,30.362,0.0,BTI
2024-03-19 18:35:00,30.346,30.352,30.346,30.352,968.0,BTI
2024-03-19 18:34:00,30.346,30.352,30.346,30.352,968.0,BTI
2024-03-19 18:33:00,30.346,30.352,30.346,30.352,2844.0,BTI
2024-03-19 18:30:00,30.346,30.352,30.346,30.352,114837.0,BTI
2024-03-19 18:19:00,30.346,30.352,30.307,30.313,96.0,BTI
2024-03-19 18:18:00,30.341,30.347,30.341,30.347,0.0,BTI
2024-03-19 18:12:00,30.307,30.313,30.307,30.313,180.0,BTI
2024-03-19 18:10:00,30.356,30.362,30.341,30.347,3.0,BTI
2024-03-19 17:59:00,30.317,30.323,30.307,30.313,69.0,BTI
2024-03-19 17:55:00,30.307,30.313,30.307,30.313,242.0,BTI
2024-03-19 17:53:00,30.337,30.342,30.337,30.342,97.0,BTI
2024-03-19 17:45:00,30.356,30.362,30.356,30.362,0.0,BTI
2024-03-19 17:40:00,30.356,30.362,30.356,30.362,96.0,BTI
2024-03-19 17:39:00,30.346,30.352,30.346,30.352,24.0,BTI
2024-03-19 17:38:00,30.356,30.362,30.337,30.357,211.0,BTI
2024-03-19 17:27:00,30.351,30.357,30.351,30.357,0.0,BTI
2024-03-19 17:25:00,28.791,28.796,28.791,28.796,6.0,BTI
2024-03-19 17:21:00,30.356,30.362,30.356,30.362,0.0,BTI
2024-03-19 17:19:00,30.307,30.313,30.307,30.313,1.0,BTI
2024-03-19 17:14:00,30.307,30.347,30.307,30.347,1.0,BTI
2024-03-19 16:57:00,30.374,30.379,30.341,30.347,47.0,BTI
2024-03-19 16:53:00,30.356,30.362,30.356,30.362,193.0,BTI
2024-03-19 16:44:00,30.356,30.362,30.356,30.362,2.0,BTI
2024-03-19 16:41:00,30.346,30.352,30.346,30.352,14486.0,BTI
2024-03-19 16:36:00,30.366,30.372,30.366,30.371,155.0,BTI
2024-03-19 16:35:00,30.366,30.372,30.346,30.352,6060.0,BTI
2024-03-19 16:34:00,30.361,30.367,30.361,30.366,0.0,BTI
2024-03-19 16:29:00,30.366,30.372,30.366,30.371,15.0,BTI
2024-03-19 16:25:00,30.366,30.372,30.361,30.371,138.0,BTI
2024-03-19 16:22:00,30.376,30.381,30.376,30.381,4.0,BTI
2024-03-19 16:19:00,30.376,30.381,30.376,30.381,31.0,BTI
2024-03-19 16:15:00,30.366,30.372,30.366,30.371,15.0,BTI
2024-03-19 16:14:00,30.376,30.381,30.376,30.381,32.0,BTI
2024-03-19 16:12:00,30.376,30.381,30.356,30.371,1077.0,BTI
2024-03-19 16:10:00,30.346,30.352,30.346,30.352,114837.0,BTI
2024-03-19 16:08:00,30.346,30.352,30.346,30.352,96.0,BTI
2024-03-19 16:01:00,30.307,30.313,30.307,30.313,291.0,BTI
2024-03-19 16:00:00,30.337,30.352,30.332,30.352,249098.0,BTI
2024-03-19 15:59:00,30.341,30.352,30.317,30.342,68093.0,BTI
2024-03-19 15:58:00,30.351,30.362,30.337,30.347,32357.0,BTI
2024-03-19 15:57:00,30.351,30.362,30.346,30.357,16641.0,BTI
2024-03-19 15:56:00,30.351,30.362,30.347,30.358,15649.0,BTI
2024-03-19 15:55:00,30.356,30.367,30.346,30.362,25628.0,BTI
2024-03-19 15:54:00,30.351,30.372,30.346,30.357,67685.0,BTI
2024-03-19 15:53:00,30.349,30.362,30.349,30.357,18181.0,BTI
2024-03-19 15:52:00,30.356,30.362,30.349,30.362,11904.0,BTI
2024-03-19 15:51:00,30.351,30.362,30.346,30.362,63492.0,BTI
2024-03-19 15:50:00,30.366,30.376,30.327,30.357,143182.0,BTI
2024-03-19 15:49:00,30.356,30.377,30.356,30.376,47745.0,BTI
2024-03-19 15:48:00,30.361,30.372,30.346,30.362,74078.0,BTI
2024-03-19 15:47:00,30.346,30.376,30.346,30.366,45609.0,BTI
2024-03-19 15:46:00,30.332,30.357,30.332,30.352,30130.0,BTI
2024-03-19 15:45:00,30.329,30.342,30.327,30.337,15541.0,BTI
2024-03-19 15:44:00,30.332,30.342,30.332,30.337,4267.0,BTI
2024-03-19 15:43:00,30.346,30.352,30.327,30.342,24343.0,BTI
2024-03-19 15:42:00,30.337,30.352,30.337,30.347,3820.0,BTI
2024-03-19 15:41:00,30.337,30.352,30.327,30.337,26903.0,BTI
2024-03-19 15:40:00,30.332,30.342,30.327,30.341,5784.0,BTI
2024-03-19 15:39:00,30.327,30.337,30.307,30.337,22189.0,BTI
2024-03-19 15:38:00,30.332,30.342,30.329,30.337,8665.0,BTI
2024-03-19 15:37:00,30.327,30.342,30.327,30.341,4837.0,BTI
2024-03-19 15:36:00,30.327,30.337,30.327,30.337,2040.0,BTI
2024-03-19 15:35:00,30.327,30.337,30.327,30.337,4139.0,BTI
2024-03-19 15:34:00,30.327,30.342,30.322,30.337,8009.0,BTI
2024-03-19 15:33:00,30.317,30.337,30.317,30.327,18745.0,BTI
2024-03-19 15:32:00,30.302,30.323,30.297,30.318,9486.0,BTI
2024-03-19 15:31:00,30.307,30.313,30.297,30.308,4683.0,BTI
2024-03-19 15:30:00,30.322,30.328,30.297,30.308,26762.0,BTI
2024-03-19 15:29:00,30.322,30.332,30.317,30.327,9875.0,BTI
2024-03-19 15:28:00,30.326,30.332,30.322,30.327,3798.0,BTI
2024-03-19 15:27:00,30.322,30.328,30.318,30.327,3049.0,BTI
2024-03-19 15:26:00,30.319,30.332,30.317,30.327,6083.0,BTI
2024-03-19 15:25:00,30.322,30.332,30.317,30.327,6728.0,BTI
2024-03-19 15:24:00,30.322,30.328,30.317,30.322,1648.0,BTI
2024-03-19 15:23:00,30.317,30.328,30.317,30.327,1920.0,BTI
2024-03-19 15:22:00,30.322,30.332,30.317,30.323,5726.0,BTI
2024-03-19 15:21:00,30.322,30.337,30.322,30.327,10506.0,BTI
2024-03-19 15:20:00,30.332,30.342,30.321,30.326,28509.0,BTI
2024-03-19 15:19:00,30.337,30.347,30.327,30.337,9788.0,BTI
2024-03-19 15:18:00,30.328,30.342,30.327,30.337,2478.0,BTI
2024-03-19 15:17:00,30.332,30.342,30.327,30.342,1599.0,BTI
2024-03-19 15:16:00,30.332,30.342,30.327,30.337,3520.0,BTI
2024-03-19 15:15:00,30.322,30.342,30.317,30.342,14137.0,BTI
2024-03-19 15:14:00,30.322,30.332,30.317,30.327,2239.0,BTI
2024-03-19 15:13:00,30.307,30.328,30.307,30.327,7449.0,BTI
2024-03-19 15:12:00,30.307,30.323,30.306,30.318,23471.0,BTI
2024-03-19 15:11:00,30.307,30.318,30.297,30.308,21075.0,BTI
2024-03-19 15:10:00,30.307,30.313,30.297,30.313,22864.0,BTI
2024-03-19 15:09:00,30.288,30.308,30.288,30.308,26129.0,BTI
2024-03-19 15:08:00,30.283,30.293,30.278,30.287,5576.0,BTI
2024-03-19 15:07:00,30.283,30.293,30.278,30.283,5713.0,BTI
2024-03-19 15:06:00,30.288,30.298,30.278,30.283,11954.0,BTI
2024-03-19 15:05:00,30.302,30.308,30.278,30.293,15955.0,BTI
2024-03-19 15:04:00,30.293,30.308,30.293,30.303,5089.0,BTI
2024-03-19 15:03:00,30.288,30.303,30.283,30.303,6053.0,BTI
2024-03-19 15:02:00,30.278,30.289,30.278,30.287,3809.0,BTI
2024-03-19 15:01:00,30.288,30.293,30.268,30.274,29224.0,BTI
2024-03-19 15:00:00,30.277,30.289,30.27,30.288,8784.0,BTI
2024-03-19 14:59:00,30.278,30.284,30.273,30.279,2958.0,BTI
2024-03-19 14:58:00,30.278,30.284,30.273,30.279,1480.0,BTI
2024-03-19 14:57:00,30.278,30.289,30.268,30.274,8997.0,BTI
2024-03-19 14:56:00,30.273,30.284,30.27,30.275,1881.0,BTI
2024-03-19 14:55:00,30.293,30.298,30.278,30.283,13032.0,BTI
2024-03-19 14:54:00,30.293,30.298,30.288,30.298,1258.0,BTI
2024-03-19 14:53:00,30.293,30.303,30.293,30.303,1644.0,BTI
2024-03-19 14:52:00,30.293,30.308,30.288,30.298,13193.0,BTI
2024-03-19 14:51:00,30.297,30.308,30.293,30.298,10095.0,BTI
2024-03-19 14:50:00,30.307,30.313,30.288,30.298,38828.0,BTI
2024-03-19 14:49:00,30.307,30.313,30.302,30.308,1851.0,BTI
2024-03-19 14:48:00,30.302,30.313,30.297,30.313,1918.0,BTI
2024-03-19 14:47:00,30.293,30.313,30.288,30.313,11820.0,BTI
2024-03-19 14:46:00,30.293,30.303,30.288,30.298,7319.0,BTI
2024-03-19 14:45:00,30.297,30.303,30.288,30.303,19324.0,BTI
2024-03-19 14:44:00,30.297,30.313,30.288,30.301,46737.0,BTI
2024-03-19 14:43:00,30.302,30.313,30.288,30.313,80139.0,BTI
2024-03-19 14:42:00,30.307,30.313,30.297,30.303,39901.0,BTI
2024-03-19 14:41:00,30.307,30.313,30.3,30.313,2145.0,BTI
2024-03-19 14:40:00,30.307,30.313,30.297,30.308,12230.0,BTI
2024-03-19 14:39:00,30.291,30.313,30.291,30.313,11663.0,BTI
2024-03-19 14:38:00,30.297,30.303,30.288,30.293,2392.0,BTI
2024-03-19 14:37:00,30.296,30.303,30.288,30.298,10593.0,BTI
2024-03-19 14:36:00,30.297,30.313,30.288,30.298,23622.0,BTI
2024-03-19 14:35:00,30.297,30.303,30.288,30.303,14399.0,BTI
2024-03-19 14:34:00,30.293,30.303,30.288,30.303,14989.0,BTI
2024-03-19 14:33:00,30.283,30.298,30.278,30.293,7338.0,BTI
2024-03-19 14:32:00,30.283,30.293,30.279,30.286,2324.0,BTI
2024-03-19 14:31:00,30.273,30.289,30.273,30.288,4787.0,BTI
2024-03-19 14:30:00,30.273,30.279,30.268,30.274,2628.0,BTI
2024-03-19 14:29:00,30.278,30.284,30.273,30.279,1468.0,BTI
2024-03-19 14:28:00,30.273,30.283,30.268,30.283,1540.0,BTI
2024-03-19 14:27:00,30.278,30.284,30.273,30.279,2250.0,BTI
2024-03-19 14:26:00,30.268,30.293,30.268,30.279,12283.0,BTI
2024-03-19 14:25:00,30.258,30.274,30.258,30.274,4002.0,BTI
2024-03-19 14:24:00,30.249,30.264,30.249,30.255,640.0,BTI
2024-03-19 14:23:00,30.254,30.264,30.254,30.264,6835.0,BTI
2024-03-19 14:22:00,30.257,30.263,30.249,30.259,6330.0,BTI
2024-03-19 14:21:00,30.244,30.259,30.244,30.259,8273.0,BTI
2024-03-19 14:20:00,30.239,30.249,30.238,30.249,5707.0,BTI
2024-03-19 14:19:00,30.234,30.245,30.229,30.244,5201.0,BTI
2024-03-19 14:18:00,30.229,30.24,30.229,30.235,4075.0,BTI
2024-03-19 14:17:00,30.229,30.235,30.223,30.23,4607.0,BTI
2024-03-19 14:16:00,30.219,30.234,30.219,30.23,3899.0,BTI
2024-03-19 14:15:00,30.229,30.235,30.2,30.225,86537.0,BTI
2024-03-19 14:14:00,30.258,30.264,30.224,30.23,23043.0,BTI
2024-03-19 14:13:00,30.254,30.264,30.239,30.259,56735.0,BTI
2024-03-19 14:12:00,30.268,30.279,30.249,30.264,30499.0,BTI
2024-03-19 14:11:00,30.268,30.274,30.263,30.274,15053.0,BTI
2024-03-19 14:10:00,30.273,30.279,30.263,30.274,25865.0,BTI
2024-03-19 14:09:00,30.273,30.279,30.263,30.279,13351.0,BTI
2024-03-19 14:08:00,30.263,30.282,30.259,30.279,22599.0,BTI
2024-03-19 14:07:00,30.263,30.274,30.258,30.269,4100.0,BTI
2024-03-19 14:06:00,30.268,30.274,30.258,30.264,16736.0,BTI
2024-03-19 14:05:00,30.268,30.284,30.268,30.274,7163.0,BTI
2024-03-19 14:04:00,30.273,30.284,30.268,30.274,3307.0,BTI
2024-03-19 14:03:00,30.273,30.283,30.258,30.274,26668.0,BTI
2024-03-19 14:02:00,30.26,30.279,30.26,30.279,10789.0,BTI
2024-03-19 14:01:00,30.258,30.269,30.254,30.269,20217.0,BTI
2024-03-19 14:00:00,30.263,30.274,30.254,30.259,4903.0,BTI
2024-03-19 13:59:00,30.263,30.269,30.258,30.264,1813.0,BTI
2024-03-19 13:58:00,30.263,30.269,30.258,30.269,966.0,BTI
2024-03-19 13:57:00,30.258,30.264,30.254,30.264,3062.0,BTI
2024-03-19 13:56:00,30.268,30.274,30.254,30.264,6737.0,BTI
2024-03-19 13:55:00,30.263,30.274,30.258,30.274,10561.0,BTI
2024-03-19 13:54:00,30.263,30.269,30.259,30.269,1245.0,BTI
2024-03-19 13:53:00,30.258,30.274,30.258,30.269,4921.0,BTI
2024-03-19 13:52:00,30.258,30.274,30.258,30.264,6335.0,BTI
2024-03-19 13:51:00,30.258,30.274,30.257,30.263,7861.0,BTI
2024-03-19 13:50:00,30.258,30.264,30.254,30.264,5125.0,BTI
2024-03-19 13:49:00,30.258,30.274,30.239,30.264,36194.0,BTI
2024-03-19 13:48:00,30.258,30.264,30.254,30.259,2707.0,BTI
2024-03-19 13:47:00,30.258,30.264,30.254,30.264,3569.0,BTI
2024-03-19 13:46:00,30.263,30.269,30.249,30.259,17411.0,BTI
2024-03-19 13:45:00,30.263,30.274,30.258,30.264,6091.0,BTI
2024-03-19 13:44:00,30.258,30.274,30.254,30.269,17143.0,BTI
2024-03-19 13:43:00,30.249,30.264,30.249,30.264,2922.0,BTI
2024-03-19 13:42:00,30.24,30.264,30.24,30.259,12292.0,BTI
2024-03-19 13:41:00,30.254,30.264,30.239,30.254,7158.0,BTI
2024-03-19 13:40:00,30.254,30.264,30.25,30.259,1728.0,BTI
2024-03-19 13:39:00,30.244,30.264,30.244,30.255,4324.0,BTI
2024-03-19 13:38:00,30.249,30.259,30.239,30.244,5639.0,BTI
2024-03-19 13:37:00,30.263,30.269,30.249,30.254,12559.0,BTI
2024-03-19 13:36:00,30.258,30.269,30.258,30.264,2927.0,BTI
2024-03-19 13:35:00,30.239,30.259,30.239,30.254,12145.0,BTI
2024-03-19 13:34:00,30.239,30.249,30.229,30.239,17239.0,BTI
2024-03-19 13:33:00,30.24,30.254,30.23,30.249,14727.0,BTI
2024-03-19 13:32:00,30.234,30.249,30.234,30.249,2805.0,BTI
2024-03-19 13:31:00,30.229,30.249,30.229,30.235,20466.0,BTI
2024-03-19 13:30:00,30.224,30.245,30.224,30.235,8856.0,BTI
2024-03-19 13:29:00,30.224,30.235,30.224,30.23,4150.0,BTI
2024-03-19 13:28:00,30.215,30.235,30.215,30.23,14877.0,BTI
2024-03-19 13:27:00,30.215,30.225,30.21,30.22,3746.0,BTI
2024-03-19 13:26:00,30.249,30.254,30.215,30.22,29706.0,BTI
2024-03-19 13:25:00,30.244,30.254,30.239,30.249,5085.0,BTI
2024-03-19 13:24:00,30.244,30.254,30.239,30.249,7105.0,BTI
2024-03-19 13:23:00,30.249,30.254,30.239,30.249,3857.0,BTI
2024-03-19 13:22:00,30.244,30.254,30.239,30.245,10740.0,BTI
2024-03-19 13:21:00,30.239,30.249,30.229,30.249,5427.0,BTI
2024-03-19 13:20:00,30.224,30.249,30.224,30.244,8719.0,BTI
2024-03-19 13:19:00,30.234,30.245,30.224,30.23,10502.0,BTI
2024-03-19 13:18:00,30.263,30.274,30.229,30.239,65152.0,BTI
2024-03-19 13:17:00,30.261,30.274,30.261,30.268,5381.0,BTI
2024-03-19 13:16:00,30.261,30.274,30.258,30.273,3895.0,BTI
2024-03-19 13:15:00,30.268,30.274,30.261,30.272,3258.0,BTI
2024-03-19 13:14:00,30.288,30.293,30.268,30.274,9759.0,BTI
2024-03-19 13:13:00,30.283,30.293,30.278,30.288,7355.0,BTI
2024-03-19 13:12:00,30.287,30.293,30.278,30.283,3160.0,BTI
2024-03-19 13:11:00,30.28,30.293,30.278,30.286,3350.0,BTI
2024-03-19 13:10:00,30.279,30.293,30.278,30.293,14146.0,BTI
2024-03-19 13:09:00,30.283,30.293,30.278,30.283,1298.0,BTI
2024-03-19 13:08:00,30.283,30.293,30.278,30.288,8006.0,BTI
2024-03-19 13:07:00,30.278,30.293,30.278,30.293,2702.0,BTI
2024-03-19 13:06:00,30.278,30.289,30.278,30.288,4975.0,BTI
2024-03-19 13:05:00,30.293,30.298,30.273,30.283,11271.0,BTI
2024-03-19 13:04:00,30.3,30.308,30.283,30.293,10809.0,BTI
2024-03-19 13:03:00,30.298,30.311,30.297,30.311,1367.0,BTI
2024-03-19 13:02:00,30.302,30.313,30.297,30.308,4176.0,BTI
2024-03-19 13:01:00,30.297,30.313,30.288,30.313,16114.0,BTI
2024-03-19 13:00:00,30.307,30.313,30.297,30.308,2875.0,BTI
2024-03-19 12:59:00,30.302,30.308,30.302,30.308,1909.0,BTI
2024-03-19 12:58:00,30.297,30.313,30.297,30.308,5947.0,BTI
2024-03-19 12:57:00,30.327,30.332,30.297,30.308,18059.0,BTI
2024-03-19 12:56:00,30.322,30.332,30.317,30.323,7867.0,BTI
2024-03-19 12:55:00,30.327,30.332,30.317,30.327,5654.0,BTI
2024-03-19 12:54:00,30.327,30.337,30.327,30.332,2744.0,BTI
2024-03-19 12:53:00,30.327,30.342,30.327,30.333,25095.0,BTI
2024-03-19 12:52:00,30.322,30.332,30.317,30.327,2162.0,BTI
2024-03-19 12:51:00,30.317,30.332,30.317,30.327,1317.0,BTI
2024-03-19 12:50:00,30.332,30.337,30.317,30.322,4055.0,BTI
2024-03-19 12:49:00,30.332,30.342,30.327,30.337,11464.0,BTI
2024-03-19 12:48:00,30.332,30.342,30.327,30.337,2711.0,BTI
2024-03-19 12:47:00,30.325,30.337,30.317,30.332,10762.0,BTI
2024-03-19 12:46:00,30.322,30.332,30.317,30.327,12211.0,BTI
2024-03-19 12:45:00,30.322,30.328,30.317,30.327,4563.0,BTI
2024-03-19 12:44:00,30.327,30.332,30.317,30.327,4770.0,BTI
2024-03-19 12:43:00,30.332,30.342,30.327,30.337,5368.0,BTI
2024-03-19 12:42:00,30.337,30.342,30.327,30.337,21847.0,BTI
2024-03-19 12:41:00,30.337,30.342,30.332,30.337,3056.0,BTI
2024-03-19 12:40:00,30.322,30.342,30.322,30.332,7441.0,BTI
2024-03-19 12:39:00,30.322,30.328,30.317,30.322,5401.0,BTI
2024-03-19 12:38:00,30.322,30.332,30.317,30.327,9314.0,BTI
2024-03-19 12:37:00,30.307,30.328,30.307,30.327,6197.0,BTI
2024-03-19 12:36:00,30.302,30.313,30.297,30.308,3648.0,BTI
2024-03-19 12:35:00,30.298,30.309,30.294,30.308,10585.0,BTI
2024-03-19 12:34:00,30.322,30.332,30.278,30.303,43516.0,BTI
2024-03-19 12:33:00,30.317,30.332,30.317,30.327,11317.0,BTI
2024-03-19 12:32:00,30.327,30.332,30.322,30.327,1884.0,BTI
2024-03-19 12:31:00,30.322,30.332,30.317,30.327,4638.0,BTI
2024-03-19 12:30:00,30.327,30.332,30.317,30.33,5064.0,BTI
2024-03-19 12:29:00,30.293,30.328,30.293,30.327,13216.0,BTI
2024-03-19 12:28:00,30.302,30.311,30.289,30.298,15007.0,BTI
2024-03-19 12:27:00,30.288,30.304,30.283,30.303,15404.0,BTI
2024-03-19 12:26:00,30.283,30.303,30.278,30.298,17515.0,BTI
2024-03-19 12:25:00,30.297,30.303,30.283,30.288,4989.0,BTI
2024-03-19 12:24:00,30.297,30.308,30.296,30.303,13018.0,BTI
2024-03-19 12:23:00,30.293,30.313,30.288,30.303,28126.0,BTI
2024-03-19 12:22:00,30.283,30.303,30.278,30.298,95144.0,BTI
2024-03-19 12:21:00,30.288,30.298,30.278,30.288,10950.0,BTI
2024-03-19 12:20:00,30.297,30.313,30.288,30.293,15604.0,BTI
2024-03-19 12:19:00,30.288,30.303,30.288,30.303,3236.0,BTI
2024-03-19 12:18:00,30.288,30.298,30.278,30.293,15815.0,BTI
2024-03-19 12:17:00,30.278,30.293,30.278,30.293,13930.0,BTI
2024-03-19 12:16:00,30.288,30.298,30.278,30.293,28667.0,BTI
2024-03-19 12:15:00,30.283,30.293,30.278,30.288,18373.0,BTI
2024-03-19 12:14:00,30.283,30.293,30.278,30.283,2242.0,BTI
2024-03-19 12:13:00,30.278,30.293,30.268,30.288,22404.0,BTI
2024-03-19 12:12:00,30.277,30.284,30.258,30.283,20388.0,BTI
2024-03-19 12:11:00,30.278,30.289,30.273,30.283,8570.0,BTI
2024-03-19 12:10:00,30.263,30.284,30.258,30.283,8475.0,BTI
2024-03-19 12:09:00,30.258,30.274,30.258,30.274,5360.0,BTI
2024-03-19 12:08:00,30.258,30.274,30.258,30.264,20859.0,BTI
2024-03-19 12:07:00,30.266,30.274,30.258,30.269,6696.0,BTI
2024-03-19 12:06:00,30.268,30.279,30.258,30.269,15684.0,BTI
2024-03-19 12:05:00,30.266,30.279,30.258,30.274,19824.0,BTI
2024-03-19 12:04:00,30.268,30.274,30.258,30.264,8038.0,BTI
2024-03-19 12:03:00,30.263,30.274,30.258,30.272,3200.0,BTI
2024-03-19 12:02:00,30.273,30.284,30.258,30.269,10536.0,BTI
2024-03-19 12:01:00,30.283,30.289,30.268,30.274,14295.0,BTI
2024-03-19 12:00:00,30.307,30.313,30.268,30.283,68031.0,BTI
2024-03-19 11:59:00,30.297,30.313,30.297,30.313,22947.0,BTI
2024-03-19 11:58:00,30.307,30.323,30.297,30.313,13062.0,BTI
2024-03-19 11:57:00,30.307,30.313,30.297,30.308,19439.0,BTI
2024-03-19 11:56:00,30.293,30.318,30.293,30.313,23090.0,BTI
2024-03-19 11:55:00,30.288,30.303,30.288,30.303,12060.0,BTI
2024-03-19 11:54:00,30.317,30.323,30.288,30.293,49760.0,BTI
2024-03-19 11:53:00,30.317,30.328,30.307,30.318,10013.0,BTI
2024-03-19 11:52:00,30.312,30.332,30.307,30.332,8441.0,BTI
2024-03-19 11:51:00,30.312,30.323,30.307,30.318,9953.0,BTI
2024-03-19 11:50:00,30.297,30.318,30.297,30.318,14707.0,BTI
2024-03-19 11:49:00,30.278,30.303,30.278,30.299,21563.0,BTI
2024-03-19 11:48:00,30.283,30.289,30.268,30.279,12894.0,BTI
2024-03-19 11:47:00,30.288,30.293,30.268,30.288,24641.0,BTI
2024-03-19 11:46:00,30.302,30.318,30.288,30.298,21377.0,BTI
2024-03-19 11:45:00,30.322,30.332,30.288,30.311,57799.0,BTI
2024-03-19 11:44:00,30.317,30.332,30.317,30.332,31799.0,BTI
2024-03-19 11:43:00,30.327,30.332,30.317,30.332,20336.0,BTI
2024-03-19 11:42:00,30.319,30.332,30.307,30.332,21492.0,BTI
2024-03-19 11:41:00,30.317,30.332,30.317,30.332,24638.0,BTI
2024-03-19 11:40:00,30.327,30.332,30.315,30.327,41861.0,BTI
2024-03-19 11:39:00,30.297,30.332,30.297,30.327,33275.0,BTI
2024-03-19 11:38:00,30.307,30.323,30.297,30.31,23067.0,BTI
2024-03-19 11:37:00,30.297,30.332,30.297,30.313,41849.0,BTI
2024-03-19 11:36:00,30.302,30.313,30.278,30.308,69074.0,BTI
2024-03-19 11:35:00,30.317,30.332,30.302,30.308,38874.0,BTI
2024-03-19 11:34:00,30.317,30.332,30.317,30.332,33620.0,BTI
2024-03-19 11:33:00,30.337,30.342,30.317,30.322,56071.0,BTI
2024-03-19 11:32:00,30.335,30.342,30.327,30.342,11529.0,BTI
2024-03-19 11:31:00,30.317,30.337,30.317,30.337,5813.0,BTI
2024-03-19 11:30:00,30.325,30.331,30.307,30.322,9792.0,BTI
2024-03-19 11:29:00,30.312,30.331,30.307,30.327,15753.0,BTI
2024-03-19 11:28:00,30.302,30.323,30.297,30.313,16792.0,BTI
2024-03-19 11:27:00,30.307,30.318,30.297,30.313,7896.0,BTI
2024-03-19 11:26:00,30.322,30.332,30.307,30.313,10952.0,BTI
2024-03-19 11:25:00,30.327,30.332,30.312,30.327,14868.0,BTI
2024-03-19 11:24:00,30.317,30.332,30.317,30.332,5140.0,BTI
2024-03-19 11:23:00,30.288,30.323,30.288,30.322,14445.0,BTI
2024-03-19 11:22:00,30.293,30.303,30.288,30.293,5184.0,BTI
2024-03-19 11:21:00,30.293,30.298,30.288,30.298,6899.0,BTI
2024-03-19 11:20:00,30.283,30.298,30.273,30.298,20131.0,BTI
2024-03-19 11:19:00,30.268,30.293,30.268,30.283,20045.0,BTI
2024-03-19 11:18:00,30.283,30.291,30.268,30.274,13264.0,BTI
2024-03-19 11:17:00,30.3,30.313,30.278,30.293,16428.0,BTI
2024-03-19 11:16:00,30.322,30.328,30.297,30.308,13929.0,BTI
2024-03-19 11:15:00,30.327,30.337,30.317,30.322,3177.0,BTI
2024-03-19 11:14:00,30.327,30.342,30.322,30.332,6833.0,BTI
2024-03-19 11:13:00,30.317,30.338,30.297,30.337,25522.0,BTI
2024-03-19 11:12:00,30.341,30.35,30.317,30.327,15553.0,BTI
2024-03-19 11:11:00,30.341,30.352,30.327,30.342,13525.0,BTI
2024-03-19 11:10:00,30.337,30.347,30.337,30.347,5720.0,BTI
2024-03-19 11:09:00,30.327,30.342,30.317,30.337,10395.0,BTI
2024-03-19 11:08:00,30.312,30.347,30.312,30.332,25303.0,BTI
2024-03-19 11:07:00,30.312,30.318,30.298,30.313,23205.0,BTI
2024-03-19 11:06:00,30.297,30.318,30.297,30.318,29529.0,BTI
2024-03-19 11:05:00,30.307,30.318,30.283,30.303,32705.0,BTI
2024-03-19 11:04:00,30.317,30.342,30.297,30.303,29076.0,BTI
2024-03-19 11:03:00,30.322,30.328,30.307,30.327,14983.0,BTI
2024-03-19 11:02:00,30.317,30.332,30.317,30.322,9706.0,BTI
2024-03-19 11:01:00,30.351,30.357,30.327,30.332,7407.0,BTI
2024-03-19 11:00:00,30.341,30.357,30.337,30.352,6950.0,BTI
2024-03-19 10:59:00,30.337,30.348,30.327,30.342,14411.0,BTI
2024-03-19 10:58:00,30.342,30.352,30.337,30.347,7348.0,BTI
2024-03-19 10:57:00,30.351,30.362,30.337,30.342,14570.0,BTI
2024-03-19 10:56:00,30.341,30.362,30.341,30.357,7487.0,BTI
2024-03-19 10:55:00,30.332,30.362,30.327,30.347,31743.0,BTI
2024-03-19 10:54:00,30.317,30.337,30.307,30.332,20248.0,BTI
2024-03-19 10:53:00,30.293,30.323,30.288,30.318,21403.0,BTI
2024-03-19 10:52:00,30.268,30.298,30.268,30.298,17285.0,BTI
2024-03-19 10:51:00,30.263,30.284,30.263,30.274,12118.0,BTI
2024-03-19 10:50:00,30.239,30.274,30.229,30.272,32604.0,BTI
2024-03-19 10:49:00,30.273,30.279,30.239,30.244,33909.0,BTI
2024-03-19 10:48:00,30.268,30.284,30.258,30.274,13891.0,BTI
2024-03-19 10:47:00,30.278,30.284,30.258,30.269,29758.0,BTI
2024-03-19 10:46:00,30.293,30.303,30.278,30.283,13399.0,BTI
2024-03-19 10:45:00,30.283,30.303,30.278,30.298,17527.0,BTI
2024-03-19 10:44:00,30.273,30.293,30.268,30.288,12814.0,BTI
2024-03-19 10:43:00,30.271,30.303,30.268,30.281,36005.0,BTI
2024-03-19 10:42:00,30.288,30.303,30.268,30.283,33636.0,BTI
2024-03-19 10:41:00,30.278,30.293,30.258,30.293,29233.0,BTI
2024-03-19 10:40:00,30.268,30.284,30.263,30.279,12861.0,BTI
2024-03-19 10:39:00,30.254,30.274,30.249,30.269,12329.0,BTI
2024-03-19 10:38:00,30.271,30.293,30.239,30.254,33413.0,BTI
2024-03-19 10:37:00,30.273,30.289,30.268,30.279,14663.0,BTI
2024-03-19 10:36:00,30.258,30.293,30.258,30.279,33050.0,BTI
2024-03-19 10:35:00,30.277,30.283,30.249,30.264,35525.0,BTI
2024-03-19 10:34:00,30.297,30.303,30.268,30.283,7710.0,BTI
2024-03-19 10:33:00,30.297,30.313,30.283,30.298,28066.0,BTI
2024-03-19 10:32:00,30.307,30.318,30.307,30.312,7534.0,BTI
2024-03-19 10:31:00,30.307,30.318,30.302,30.313,12987.0,BTI
2024-03-19 10:30:00,30.335,30.342,30.297,30.322,20368.0,BTI
2024-03-19 10:29:00,30.327,30.337,30.317,30.332,30142.0,BTI
2024-03-19 10:28:00,30.337,30.342,30.317,30.332,6443.0,BTI
2024-03-19 10:27:00,30.366,30.372,30.327,30.337,14261.0,BTI
2024-03-19 10:26:00,30.356,30.381,30.356,30.371,13570.0,BTI
2024-03-19 10:25:00,30.361,30.381,30.351,30.371,27471.0,BTI
2024-03-19 10:24:00,30.361,30.379,30.356,30.366,16956.0,BTI
2024-03-19 10:23:00,30.366,30.372,30.346,30.366,24373.0,BTI
2024-03-19 10:22:00,30.356,30.372,30.351,30.371,22855.0,BTI
2024-03-19 10:21:00,30.366,30.381,30.356,30.371,21763.0,BTI
2024-03-19 10:20:00,30.356,30.381,30.356,30.376,11138.0,BTI
2024-03-19 10:19:00,30.366,30.376,30.356,30.362,19967.0,BTI
2024-03-19 10:18:00,30.376,30.391,30.366,30.376,7722.0,BTI
2024-03-19 10:17:00,30.4,30.41,30.376,30.381,16522.0,BTI
2024-03-19 10:16:00,30.405,30.418,30.395,30.401,9950.0,BTI
2024-03-19 10:15:00,30.405,30.42,30.395,30.41,30058.0,BTI
2024-03-19 10:14:00,30.395,30.42,30.395,30.415,107710.0,BTI
2024-03-19 10:13:00,30.405,30.411,30.385,30.405,20959.0,BTI
2024-03-19 10:12:00,30.41,30.42,30.395,30.415,8181.0,BTI
2024-03-19 10:11:00,30.395,30.416,30.395,30.415,12901.0,BTI
2024-03-19 10:10:00,30.39,30.42,30.39,30.401,38976.0,BTI
2024-03-19 10:09:00,30.405,30.411,30.395,30.405,16756.0,BTI
2024-03-19 10:08:00,30.41,30.42,30.395,30.401,28248.0,BTI
2024-03-19 10:07:00,30.429,30.435,30.405,30.415,13381.0,BTI
2024-03-19 10:06:00,30.429,30.44,30.42,30.435,20802.0,BTI
2024-03-19 10:05:00,30.463,30.469,30.415,30.435,20000.0,BTI
2024-03-19 10:04:00,30.433,30.469,30.424,30.459,51111.0,BTI
2024-03-19 10:03:00,30.434,30.445,30.415,30.44,21266.0,BTI
2024-03-19 10:02:00,30.434,30.44,30.424,30.435,15139.0,BTI
2024-03-19 10:01:00,30.434,30.44,30.415,30.439,27556.0,BTI
2024-03-19 10:00:00,30.424,30.445,30.424,30.435,27702.0,BTI
2024-03-19 09:59:00,30.405,30.425,30.397,30.425,14320.0,BTI
2024-03-19 09:58:00,30.4,30.411,30.395,30.41,18157.0,BTI
2024-03-19 09:57:00,30.4,30.411,30.395,30.405,9716.0,BTI
2024-03-19 09:56:00,30.395,30.411,30.39,30.405,25925.0,BTI
2024-03-19 09:55:00,30.424,30.43,30.385,30.396,43295.0,BTI
2024-03-19 09:54:00,30.434,30.45,30.4,30.42,38830.0,BTI
2024-03-19 09:53:00,30.405,30.44,30.405,30.44,25279.0,BTI
2024-03-19 09:52:00,30.4,30.411,30.395,30.405,14117.0,BTI
2024-03-19 09:51:00,30.38,30.411,30.376,30.401,29987.0,BTI
2024-03-19 09:50:00,30.395,30.411,30.376,30.381,40181.0,BTI
2024-03-19 09:49:00,30.39,30.401,30.368,30.396,29945.0,BTI
2024-03-19 09:48:00,30.385,30.406,30.366,30.4,58944.0,BTI
2024-03-19 09:47:00,30.376,30.391,30.366,30.381,43831.0,BTI
2024-03-19 09:46:00,30.337,30.386,30.337,30.376,84797.0,BTI
2024-03-19 09:45:00,30.307,30.342,30.307,30.342,25983.0,BTI
2024-03-19 09:44:00,30.322,30.332,30.297,30.313,32303.0,BTI
2024-03-19 09:43:00,30.327,30.339,30.317,30.322,19544.0,BTI
2024-03-19 09:42:00,30.337,30.342,30.312,30.323,10320.0,BTI
2024-03-19 09:41:00,30.366,30.376,30.327,30.347,30165.0,BTI
2024-03-19 09:40:00,30.356,30.376,30.346,30.371,28501.0,BTI
2024-03-19 09:39:00,30.312,30.372,30.297,30.366,59453.0,BTI
2024-03-19 09:38:00,30.302,30.313,30.278,30.313,14070.0,BTI
2024-03-19 09:37:00,30.278,30.313,30.258,30.305,21984.0,BTI
2024-03-19 09:36:00,30.273,30.308,30.268,30.283,26851.0,BTI
2024-03-19 09:35:00,30.258,30.293,30.249,30.274,24290.0,BTI
2024-03-19 09:34:00,30.224,30.269,30.219,30.269,21372.0,BTI
2024-03-19 09:33:00,30.21,30.235,30.202,30.225,4847.0,BTI
2024-03-19 09:32:00,30.19,30.225,30.171,30.225,22142.0,BTI
2024-03-19 09:31:00,30.21,30.235,30.188,30.196,20039.0,BTI
2024-03-19 09:30:00,30.171,30.225,30.171,30.225,135715.0,BTI
2024-03-19 09:29:00,30.151,30.167,30.151,30.166,6879.0,BTI
2024-03-19 09:28:00,30.151,30.157,30.151,30.157,444.0,BTI
2024-03-19 09:24:00,30.132,30.137,30.132,30.137,968.0,BTI
2024-03-19 09:22:00,30.141,30.147,30.132,30.137,2057.0,BTI
2024-03-19 09:21:00,30.141,30.147,30.141,30.147,3684.0,BTI
2024-03-19 09:20:00,30.151,30.157,30.146,30.152,1498.0,BTI
2024-03-19 09:19:00,30.151,30.157,30.141,30.147,3363.0,BTI
2024-03-19 09:18:00,30.151,30.157,30.151,30.157,100.0,BTI
2024-03-19 09:17:00,30.151,30.157,30.151,30.157,0.0,BTI
2024-03-19 09:16:00,30.151,30.157,30.151,30.157,339.0,BTI
2024-03-19 09:15:00,30.151,30.157,30.151,30.157,968.0,BTI
2024-03-19 09:12:00,30.161,30.167,30.161,30.166,48.0,BTI
2024-03-19 09:11:00,30.141,30.147,30.141,30.147,3874.0,BTI
2024-03-19 09:10:00,30.122,30.137,30.122,30.137,1051.0,BTI
2024-03-19 09:09:00,30.122,30.127,30.122,30.127,968.0,BTI
2024-03-19 09:08:00,30.122,30.127,30.122,30.127,163.0,BTI
2024-03-19 09:05:00,30.132,30.137,30.132,30.137,410.0,BTI
2024-03-19 09:04:00,30.161,30.167,30.132,30.137,911.0,BTI
2024-03-19 09:03:00,30.171,30.176,30.161,30.166,329.0,BTI
2024-03-19 09:02:00,30.18,30.186,30.18,30.186,96.0,BTI
2024-03-19 09:01:00,30.18,30.186,30.171,30.176,582.0,BTI
2024-03-19 09:00:00,30.19,30.196,30.19,30.196,1258.0,BTI
2024-03-19 08:58:00,30.2,30.206,30.19,30.205,1267.0,BTI
2024-03-19 08:57:00,30.205,30.215,30.205,30.215,48.0,BTI
2024-03-19 08:56:00,30.21,30.215,30.21,30.215,105.0,BTI
2024-03-19 08:55:00,30.2,30.206,30.2,30.205,146.0,BTI
2024-03-19 08:54:00,30.19,30.196,30.19,30.196,387.0,BTI
2024-03-19 08:52:00,30.19,30.196,30.18,30.186,2239.0,BTI
2024-03-19 08:50:00,30.19,30.206,30.19,30.205,4101.0,BTI
2024-03-19 08:47:00,30.171,30.186,30.171,30.186,526.0,BTI
2024-03-19 08:46:00,30.161,30.167,30.161,30.166,282.0,BTI
2024-03-19 08:45:00,30.161,30.167,30.161,30.166,484.0,BTI
2024-03-19 08:44:00,30.161,30.167,30.161,30.166,498.0,BTI
2024-03-19 08:43:00,30.132,30.157,30.132,30.157,370.0,BTI
2024-03-19 08:42:00,30.132,30.137,30.132,30.137,9.0,BTI
2024-03-19 08:40:00,30.132,30.147,30.132,30.137,3966.0,BTI
2024-03-19 08:39:00,30.132,30.137,30.132,30.137,67.0,BTI
2024-03-19 08:38:00,30.132,30.137,30.132,30.137,1435.0,BTI
2024-03-19 08:35:00,30.122,30.127,30.122,30.127,96.0,BTI
2024-03-19 08:32:00,30.112,30.118,30.112,30.117,96.0,BTI
2024-03-19 08:28:00,30.112,30.118,30.112,30.117,1.0,BTI
2024-03-19 08:25:00,30.141,30.147,30.122,30.127,146.0,BTI
2024-03-19 08:17:00,30.161,30.167,30.161,30.166,19.0,BTI
2024-03-19 08:16:00,30.171,30.176,30.171,30.176,0.0,BTI
2024-03-19 08:14:00,30.161,30.167,30.161,30.166,48.0,BTI
2024-03-19 08:13:00,30.171,30.176,30.171,30.176,193.0,BTI
2024-03-19 08:12:00,30.19,30.196,30.19,30.196,272.0,BTI
2024-03-19 08:11:00,30.161,30.176,30.161,30.176,130.0,BTI
2024-03-19 08:08:00,30.112,30.118,30.112,30.117,48.0,BTI
2024-03-19 08:07:00,30.093,30.098,30.093,30.098,765.0,BTI
2024-03-19 08:06:00,30.083,30.088,30.083,30.088,0.0,BTI
2024-03-19 08:05:00,30.239,30.274,30.083,30.088,5.0,BTI
2024-03-19 08:04:00,30.102,30.245,30.102,30.244,582.0,BTI
2024-03-19 08:03:00,30.327,30.332,30.112,30.332,3.0,BTI
2024-03-19 08:02:00,30.268,30.332,30.112,30.117,694.0,BTI
2024-03-19 08:01:00,30.327,30.332,30.024,30.147,490.0,BTI
2024-03-19 08:00:00,30.033,30.147,30.014,30.137,2094.0,BTI
2024-03-19 07:58:00,30.161,30.167,30.122,30.127,339.0,BTI
2024-03-19 07:57:00,30.122,30.127,30.122,30.127,871.0,BTI
2024-03-19 07:56:00,30.122,30.127,30.122,30.127,407.0,BTI
2024-03-19 07:55:00,30.122,30.127,30.122,30.127,30.0,BTI
2024-03-19 07:54:00,30.112,30.127,30.102,30.108,340.0,BTI
2024-03-19 07:53:00,30.132,30.137,30.132,30.137,242.0,BTI
2024-03-19 07:50:00,30.171,30.176,30.151,30.176,145.0,BTI
2024-03-19 07:43:00,30.141,30.147,30.141,30.147,48.0,BTI
2024-03-19 07:38:00,30.122,30.127,30.112,30.117,823.0,BTI
2024-03-19 07:36:00,30.141,30.147,30.141,30.147,58.0,BTI
2024-03-19 07:33:00,30.132,30.137,30.132,30.137,48.0,BTI
2024-03-19 07:32:00,30.122,30.127,30.112,30.127,150.0,BTI
2024-03-19 07:31:00,30.083,30.127,30.083,30.117,600.0,BTI
2024-03-19 07:23:00,30.053,30.059,30.053,30.059,9.0,BTI
2024-03-19 07:22:00,30.044,30.049,30.044,30.049,96.0,BTI
2024-03-19 07:21:00,30.044,30.049,30.044,30.049,48.0,BTI
2024-03-19 07:15:00,30.014,30.02,30.014,30.02,926.0,BTI
2024-03-19 07:14:00,30.024,30.03,30.024,30.03,193.0,BTI
2024-03-19 07:13:00,30.024,30.03,30.014,30.02,4006.0,BTI
2024-03-19 07:12:00,30.024,30.03,30.014,30.02,864.0,BTI
2024-03-19 07:11:00,30.014,30.02,30.014,30.02,4262.0,BTI
2024-03-19 07:10:00,30.014,30.02,30.014,30.02,242.0,BTI
2024-03-19 07:07:00,30.034,30.049,30.034,30.049,100.0,BTI
2024-03-19 07:06:00,30.044,30.049,30.034,30.049,871.0,BTI
2024-03-19 07:05:00,30.014,30.03,30.014,30.03,583.0,BTI
2024-03-19 07:04:00,30.005,30.01,30.005,30.01,1743.0,BTI
2024-03-19 07:03:00,30.014,30.02,30.014,30.02,10.0,BTI
2024-03-19 07:00:00,30.034,30.04,30.034,30.039,4.0,BTI
2024-03-19 06:59:00,30.024,30.03,30.024,30.03,9.0,BTI
2024-03-19 06:57:00,29.995,30.001,29.995,30.0,397.0,BTI
2024-03-19 06:56:00,29.985,29.991,29.985,29.991,2.0,BTI
2024-03-19 06:55:00,29.985,29.991,29.985,29.991,48.0,BTI
2024-03-19 06:54:00,29.975,29.981,29.975,29.981,48.0,BTI
2024-03-19 06:53:00,29.966,29.971,29.966,29.971,96.0,BTI
2024-03-19 06:50:00,29.975,29.981,29.946,29.951,1058.0,BTI
2024-03-19 06:46:00,29.946,29.952,29.946,29.951,48.0,BTI
2024-03-19 06:44:00,29.946,29.952,29.936,29.942,386.0,BTI
2024-03-19 06:43:00,29.927,29.952,29.927,29.951,435.0,BTI
2024-03-19 06:42:00,29.927,29.932,29.927,29.932,96.0,BTI
2024-03-19 06:40:00,29.956,29.961,29.956,29.961,0.0,BTI
2024-03-19 06:37:00,29.888,29.893,29.888,29.893,12.0,BTI
2024-03-19 06:36:00,29.897,29.903,29.897,29.903,92.0,BTI
2024-03-19 06:35:00,29.878,29.903,29.878,29.903,199.0,BTI
2024-03-19 06:34:00,29.907,29.913,29.888,29.893,243.0,BTI
2024-03-19 06:33:00,29.927,29.932,29.917,29.922,203.0,BTI
2024-03-19 06:32:00,29.936,29.942,29.936,29.942,6.0,BTI
2024-03-19 06:31:00,29.946,29.952,29.946,29.951,208.0,BTI
2024-03-19 06:30:00,29.975,29.981,29.975,29.981,203.0,BTI
2024-03-19 06:29:00,30.005,30.01,29.995,30.0,781.0,BTI
2024-03-19 06:28:00,30.005,30.01,30.005,30.01,242.0,BTI
2024-03-19 06:27:00,30.005,30.01,30.005,30.01,678.0,BTI
2024-03-19 06:25:00,30.014,30.02,30.005,30.01,678.0,BTI
2024-03-19 06:24:00,30.034,30.04,30.034,30.039,193.0,BTI
2024-03-19 06:23:00,30.034,30.04,30.034,30.039,80.0,BTI
2024-03-19 06:22:00,30.024,30.04,30.024,30.039,552.0,BTI
2024-03-19 06:18:00,30.044,30.049,30.034,30.039,203.0,BTI
2024-03-19 06:17:00,30.044,30.049,30.044,30.049,9.0,BTI
2024-03-19 06:10:00,30.053,30.059,30.044,30.049,224.0,BTI
2024-03-19 06:07:00,30.063,30.069,30.063,30.069,96.0,BTI
2024-03-19 06:05:00,30.063,30.069,30.063,30.069,9.0,BTI
2024-03-19 06:04:00,30.083,30.088,30.083,30.088,2421.0,BTI
2024-03-19 06:03:00,30.073,30.079,30.073,30.078,387.0,BTI
2024-03-19 06:02:00,30.083,30.088,30.083,30.088,145.0,BTI
2024-03-19 05:58:00,30.093,30.098,30.093,30.098,145.0,BTI
2024-03-19 05:57:00,30.073,30.079,30.073,30.078,29.0,BTI
2024-03-19 05:53:00,30.044,30.049,30.044,30.049,148.0,BTI
2024-03-19 05:48:00,30.073,30.079,30.073,30.078,154.0,BTI
2024-03-19 05:47:00,30.063,30.069,30.063,30.069,96.0,BTI
2024-03-19 05:29:00,30.044,30.049,30.044,30.049,1942.0,BTI
2024-03-19 05:25:00,30.063,30.069,30.063,30.069,9.0,BTI
2024-03-19 05:24:00,30.093,30.098,30.093,30.098,9.0,BTI
2024-03-19 05:23:00,30.132,30.137,30.132,30.137,96.0,BTI
2024-03-19 05:22:00,30.141,30.147,30.141,30.147,3.0,BTI
2024-03-19 05:20:00,30.132,30.137,30.132,30.137,7.0,BTI
2024-03-19 05:19:00,30.122,30.127,30.122,30.127,0.0,BTI
2024-03-19 05:17:00,30.122,30.127,30.122,30.127,3.0,BTI
2024-03-19 05:16:00,30.122,30.127,30.122,30.127,6.0,BTI
2024-03-19 05:12:00,30.112,30.118,30.112,30.117,1605.0,BTI
2024-03-19 05:09:00,30.112,30.118,30.112,30.117,1.0,BTI
2024-03-19 05:08:00,30.122,30.127,30.122,30.127,138.0,BTI
2024-03-19 05:07:00,30.122,30.127,30.122,30.127,48.0,BTI
2024-03-19 05:06:00,30.132,30.137,30.132,30.137,0.0,BTI
2024-03-19 05:04:00,30.161,30.167,30.141,30.147,857.0,BTI
2024-03-19 05:00:00,30.132,30.137,30.132,30.137,29.0,BTI
2024-03-19 04:59:00,30.122,30.127,30.122,30.127,96.0,BTI
2024-03-19 04:58:00,30.122,30.127,30.122,30.127,9.0,BTI
2024-03-19 04:57:00,30.18,30.186,30.132,30.137,42.0,BTI
2024-03-19 04:52:00,30.21,30.215,30.21,30.215,9.0,BTI
2024-03-19 04:44:00,30.258,30.264,30.229,30.235,698.0,BTI
2024-03-19 04:40:00,30.268,30.274,30.268,30.274,9.0,BTI
2024-03-19 04:35:00,30.297,30.303,30.297,30.303,9.0,BTI
2024-03-19 04:34:00,30.317,30.323,30.317,30.322,290.0,BTI
2024-03-19 04:33:00,30.317,30.323,30.317,30.322,54.0,BTI
2024-03-19 04:26:00,30.337,30.342,30.327,30.332,196.0,BTI
2024-03-19 04:20:00,30.356,30.362,30.356,30.362,4.0,BTI
2024-03-19 04:19:00,30.346,30.352,30.346,30.352,178.0,BTI
2024-03-19 04:16:00,30.395,30.401,30.395,30.401,163.0,BTI
2024-03-19 04:14:00,30.405,30.411,30.405,30.41,193.0,BTI
2024-03-19 04:13:00,30.415,30.43,30.415,30.43,2.0,BTI
2024-03-19 04:12:00,30.395,30.401,30.395,30.401,48.0,BTI
2024-03-19 04:09:00,30.405,30.411,30.405,30.41,0.0,BTI
2024-03-19 04:07:00,30.385,30.411,30.385,30.41,429.0,BTI
2024-03-19 04:05:00,30.346,30.352,30.346,30.352,314.0,BTI
2024-03-19 04:04:00,30.395,30.401,30.376,30.381,774.0,BTI
2024-03-19 04:03:00,30.376,30.381,30.376,30.381,9.0,BTI
2024-03-19 04:02:00,30.278,30.284,30.278,30.283,677.0,BTI
2024-03-19 04:00:00,30.258,30.352,30.258,30.352,2630.0,BTI
2024-03-18 19:55:00,30.327,30.332,30.327,30.332,2.0,BTI
2024-03-18 19:54:00,30.327,30.332,30.327,30.332,2.0,BTI
2024-03-18 19:52:00,30.326,30.332,30.326,30.332,0.0,BTI
2024-03-18 19:40:00,30.327,30.332,30.327,30.332,19.0,BTI
2024-03-18 19:37:00,30.307,30.313,30.307,30.313,0.0,BTI
2024-03-18 19:35:00,30.259,30.274,30.259,30.274,67.0,BTI
2024-03-18 19:31:00,30.317,30.323,30.317,30.322,9.0,BTI
2024-03-18 19:30:00,30.317,30.323,30.317,30.322,0.0,BTI
2024-03-18 19:29:00,30.317,30.323,30.317,30.322,0.0,BTI
2024-03-18 19:28:00,30.317,30.323,30.317,30.322,19.0,BTI
2024-03-18 19:24:00,30.317,30.323,30.317,30.322,0.0,BTI
2024-03-18 19:20:00,30.316,30.321,30.316,30.321,29.0,BTI
2024-03-18 19:19:00,30.317,30.323,30.316,30.321,10.0,BTI
2024-03-18 19:16:00,30.278,30.284,30.268,30.274,194.0,BTI
2024-03-18 19:14:00,30.268,30.274,30.268,30.274,2.0,BTI
2024-03-18 19:08:00,30.317,30.323,30.317,30.322,48.0,BTI
2024-03-18 19:04:00,30.325,30.331,30.325,30.331,87.0,BTI
2024-03-18 19:03:00,30.317,30.323,30.317,30.322,9.0,BTI
2024-03-18 19:00:00,30.327,30.332,30.327,30.332,113532.0,BTI
2024-03-18 18:59:00,30.326,30.332,30.326,30.332,0.0,BTI
2024-03-18 18:57:00,30.327,30.332,30.327,30.332,177.0,BTI
2024-03-18 18:54:00,30.317,30.323,30.317,30.322,0.0,BTI
2024-03-18 18:49:00,30.268,30.323,30.268,30.322,7.0,BTI
2024-03-18 18:46:00,30.258,30.264,30.258,30.264,0.0,BTI
2024-03-18 18:45:00,30.327,30.332,30.327,30.332,678.0,BTI
2024-03-18 18:35:00,30.258,30.264,30.258,30.264,0.0,BTI
2024-03-18 18:31:00,30.278,30.284,30.258,30.264,484.0,BTI
2024-03-18 18:30:00,30.327,30.332,30.327,30.332,112563.0,BTI
2024-03-18 18:29:00,30.317,30.323,30.317,30.322,290.0,BTI
2024-03-18 18:22:00,30.307,30.313,30.307,30.313,31.0,BTI
2024-03-18 18:02:00,30.327,30.332,30.327,30.332,1.0,BTI
2024-03-18 17:55:00,30.317,30.323,30.317,30.322,13.0,BTI
2024-03-18 17:54:00,30.317,30.323,30.317,30.322,29.0,BTI
2024-03-18 17:46:00,30.317,30.332,30.317,30.332,87.0,BTI
2024-03-18 17:44:00,30.327,30.332,30.327,30.332,96.0,BTI
2024-03-18 17:40:00,30.327,30.332,30.327,30.332,96.0,BTI
2024-03-18 17:39:00,30.317,30.323,30.317,30.322,4.0,BTI
2024-03-18 17:33:00,30.317,30.323,30.317,30.322,1.0,BTI
2024-03-18 17:30:00,30.317,30.323,30.317,30.322,1.0,BTI
2024-03-18 17:29:00,30.327,30.332,30.327,30.332,114303.0,BTI
2024-03-18 17:20:00,30.317,30.323,30.317,30.323,96.0,BTI
2024-03-18 17:19:00,30.317,30.323,30.317,30.322,4.0,BTI
2024-03-18 17:18:00,30.317,30.323,30.317,30.322,4.0,BTI
2024-03-18 17:17:00,30.327,30.332,30.327,30.332,31.0,BTI
2024-03-18 17:08:00,30.317,30.323,30.317,30.322,3.0,BTI
2024-03-18 17:01:00,30.317,30.323,30.317,30.322,4.0,BTI
2024-03-18 17:00:00,30.317,30.323,30.317,30.322,1.0,BTI
2024-03-18 16:59:00,30.317,30.323,30.317,30.322,1.0,BTI
2024-03-18 16:58:00,30.317,30.323,30.317,30.322,2.0,BTI
2024-03-18 16:56:00,30.317,30.323,30.317,30.322,65.0,BTI
2024-03-18 16:55:00,30.317,30.323,30.317,30.322,193.0,BTI
2024-03-18 16:50:00,30.317,30.323,30.317,30.323,24.0,BTI
2024-03-18 16:49:00,30.317,30.328,30.317,30.327,2.0,BTI
2024-03-18 16:47:00,30.317,30.323,30.317,30.322,96.0,BTI
2024-03-18 16:46:00,30.317,30.323,30.317,30.323,9.0,BTI
2024-03-18 16:45:00,30.317,30.323,30.317,30.322,13.0,BTI
2024-03-18 16:43:00,30.317,30.323,30.317,30.322,193.0,BTI
2024-03-18 16:40:00,30.317,30.332,30.317,30.332,46.0,BTI
2024-03-18 16:37:00,30.327,30.332,30.327,30.332,4512.0,BTI
2024-03-18 16:36:00,30.317,30.323,30.317,30.322,290.0,BTI
2024-03-18 16:35:00,30.317,30.323,30.317,30.322,96.0,BTI
2024-03-18 16:30:00,30.317,30.323,30.317,30.322,193.0,BTI
2024-03-18 16:26:00,30.317,30.323,30.317,30.323,96.0,BTI
2024-03-18 16:25:00,30.327,30.332,30.327,30.332,3.0,BTI
2024-03-18 16:24:00,30.327,30.332,30.327,30.332,290.0,BTI
2024-03-18 16:23:00,30.317,30.323,30.317,30.322,0.0,BTI
2024-03-18 16:20:00,30.317,30.323,30.317,30.322,0.0,BTI
2024-03-18 16:17:00,30.317,30.323,30.317,30.322,17.0,BTI
2024-03-18 16:16:00,30.327,30.332,30.327,30.332,242.0,BTI
2024-03-18 16:12:00,30.327,30.332,30.327,30.332,26.0,BTI
2024-03-18 16:11:00,30.317,30.323,30.317,30.322,0.0,BTI
2024-03-18 16:10:00,30.327,30.332,30.327,30.332,112573.0,BTI
2024-03-18 16:09:00,30.322,30.328,30.317,30.322,193.0,BTI
2024-03-18 16:05:00,30.327,30.332,30.317,30.332,24.0,BTI
2024-03-18 16:04:00,30.327,30.332,30.327,30.332,8.0,BTI
2024-03-18 16:02:00,30.327,30.332,30.327,30.332,457.0,BTI
2024-03-18 16:00:00,30.327,30.342,30.327,30.342,245958.0,BTI
2024-03-18 15:59:00,30.312,30.332,30.312,30.332,195228.0,BTI
2024-03-18 15:58:00,30.286,30.323,30.283,30.322,318835.0,BTI
2024-03-18 15:57:00,30.258,30.293,30.254,30.293,160890.0,BTI
2024-03-18 15:56:00,30.254,30.264,30.249,30.264,46538.0,BTI
2024-03-18 15:55:00,30.254,30.264,30.239,30.264,131469.0,BTI
2024-03-18 15:54:00,30.239,30.264,30.234,30.259,91938.0,BTI
2024-03-18 15:53:00,30.219,30.245,30.219,30.244,35399.0,BTI
2024-03-18 15:52:00,30.219,30.235,30.219,30.225,22052.0,BTI
2024-03-18 15:51:00,30.244,30.254,30.224,30.235,196550.0,BTI
2024-03-18 15:50:00,30.224,30.249,30.219,30.244,57069.0,BTI
2024-03-18 15:49:00,30.219,30.235,30.21,30.23,25318.0,BTI
2024-03-18 15:48:00,30.2,30.225,30.2,30.215,48043.0,BTI
2024-03-18 15:47:00,30.195,30.214,30.193,30.214,20236.0,BTI
2024-03-18 15:46:00,30.205,30.215,30.19,30.2,23047.0,BTI
2024-03-18 15:45:00,30.215,30.225,30.2,30.21,15757.0,BTI
2024-03-18 15:44:00,30.21,30.225,30.21,30.22,5988.0,BTI
2024-03-18 15:43:00,30.215,30.225,30.21,30.22,6268.0,BTI
2024-03-18 15:42:00,30.215,30.225,30.21,30.22,5767.0,BTI
2024-03-18 15:41:00,30.229,30.243,30.21,30.225,35926.0,BTI
2024-03-18 15:40:00,30.234,30.245,30.229,30.239,9769.0,BTI
2024-03-18 15:39:00,30.239,30.249,30.229,30.235,14701.0,BTI
2024-03-18 15:38:00,30.244,30.249,30.239,30.249,5900.0,BTI
2024-03-18 15:37:00,30.248,30.254,30.239,30.249,8535.0,BTI
2024-03-18 15:36:00,30.249,30.254,30.239,30.249,5792.0,BTI
2024-03-18 15:35:00,30.244,30.254,30.239,30.249,7887.0,BTI
2024-03-18 15:34:00,30.244,30.254,30.234,30.254,23143.0,BTI
2024-03-18 15:33:00,30.234,30.249,30.229,30.249,21871.0,BTI
2024-03-18 15:32:00,30.224,30.245,30.224,30.239,10813.0,BTI
2024-03-18 15:31:00,30.224,30.235,30.219,30.227,22817.0,BTI
2024-03-18 15:30:00,30.215,30.235,30.215,30.235,11544.0,BTI
2024-03-18 15:29:00,30.224,30.235,30.21,30.215,33613.0,BTI
2024-03-18 15:28:00,30.229,30.235,30.219,30.23,5758.0,BTI
2024-03-18 15:27:00,30.219,30.245,30.219,30.235,39628.0,BTI
2024-03-18 15:26:00,30.215,30.235,30.215,30.225,9743.0,BTI
2024-03-18 15:25:00,30.205,30.235,30.2,30.215,67816.0,BTI
2024-03-18 15:24:00,30.205,30.21,30.2,30.21,1743.0,BTI
2024-03-18 15:23:00,30.2,30.215,30.2,30.215,2810.0,BTI
2024-03-18 15:22:00,30.205,30.214,30.2,30.21,5748.0,BTI
2024-03-18 15:21:00,30.199,30.21,30.19,30.21,7043.0,BTI
2024-03-18 15:20:00,30.195,30.21,30.19,30.2,48908.0,BTI
2024-03-18 15:19:00,30.195,30.206,30.195,30.2,2993.0,BTI
2024-03-18 15:18:00,30.18,30.206,30.18,30.205,8451.0,BTI
2024-03-18 15:17:00,30.175,30.196,30.175,30.191,7571.0,BTI
2024-03-18 15:16:00,30.175,30.186,30.171,30.178,38399.0,BTI
2024-03-18 15:15:00,30.185,30.191,30.171,30.176,7502.0,BTI
2024-03-18 15:14:00,30.185,30.196,30.182,30.188,2652.0,BTI
2024-03-18 15:13:00,30.185,30.196,30.18,30.191,3081.0,BTI
2024-03-18 15:12:00,30.166,30.196,30.161,30.196,26653.0,BTI
2024-03-18 15:11:00,30.151,30.176,30.151,30.175,10131.0,BTI
2024-03-18 15:10:00,30.156,30.166,30.151,30.161,4389.0,BTI
2024-03-18 15:09:00,30.161,30.167,30.151,30.161,7088.0,BTI
2024-03-18 15:08:00,30.161,30.167,30.151,30.157,3787.0,BTI
2024-03-18 15:07:00,30.161,30.166,30.151,30.157,4855.0,BTI
2024-03-18 15:06:00,30.161,30.166,30.151,30.161,3906.0,BTI
2024-03-18 15:05:00,30.151,30.167,30.151,30.166,4430.0,BTI
2024-03-18 15:04:00,30.175,30.181,30.156,30.161,8874.0,BTI
2024-03-18 15:03:00,30.175,30.186,30.171,30.181,5008.0,BTI
2024-03-18 15:02:00,30.175,30.186,30.171,30.176,1198.0,BTI
2024-03-18 15:01:00,30.171,30.183,30.166,30.181,12244.0,BTI
2024-03-18 15:00:00,30.161,30.176,30.156,30.176,4127.0,BTI
2024-03-18 14:59:00,30.161,30.167,30.153,30.159,2649.0,BTI
2024-03-18 14:58:00,30.156,30.165,30.151,30.161,6744.0,BTI
2024-03-18 14:57:00,30.151,30.167,30.151,30.161,11213.0,BTI
2024-03-18 14:56:00,30.146,30.157,30.141,30.157,5481.0,BTI
2024-03-18 14:55:00,30.156,30.162,30.141,30.157,14846.0,BTI
2024-03-18 14:54:00,30.156,30.162,30.151,30.157,873.0,BTI
2024-03-18 14:53:00,30.161,30.167,30.151,30.166,1866.0,BTI
2024-03-18 14:52:00,30.156,30.166,30.151,30.166,11838.0,BTI
2024-03-18 14:51:00,30.146,30.162,30.146,30.161,8798.0,BTI
2024-03-18 14:50:00,30.141,30.157,30.141,30.152,5743.0,BTI
2024-03-18 14:49:00,30.141,30.152,30.141,30.152,995.0,BTI
2024-03-18 14:48:00,30.141,30.152,30.141,30.147,2192.0,BTI
2024-03-18 14:47:00,30.146,30.152,30.141,30.147,1964.0,BTI
2024-03-18 14:46:00,30.141,30.152,30.141,30.152,1354.0,BTI
2024-03-18 14:45:00,30.136,30.152,30.136,30.152,6847.0,BTI
2024-03-18 14:44:00,30.122,30.142,30.122,30.142,8114.0,BTI
2024-03-18 14:43:00,30.117,30.132,30.117,30.132,7466.0,BTI
2024-03-18 14:42:00,30.127,30.132,30.112,30.117,18657.0,BTI
2024-03-18 14:41:00,30.127,30.137,30.112,30.132,40228.0,BTI
2024-03-18 14:40:00,30.136,30.142,30.122,30.132,3715.0,BTI
2024-03-18 14:39:00,30.136,30.142,30.132,30.137,2262.0,BTI
2024-03-18 14:38:00,30.132,30.147,30.132,30.142,3676.0,BTI
2024-03-18 14:37:00,30.132,30.142,30.132,30.137,2096.0,BTI
2024-03-18 14:36:00,30.136,30.142,30.132,30.137,3074.0,BTI
2024-03-18 14:35:00,30.136,30.142,30.132,30.137,781.0,BTI
2024-03-18 14:34:00,30.151,30.157,30.132,30.142,3118.0,BTI
2024-03-18 14:33:00,30.156,30.162,30.141,30.152,6524.0,BTI
2024-03-18 14:32:00,30.151,30.166,30.151,30.157,4034.0,BTI
2024-03-18 14:31:00,30.151,30.162,30.151,30.157,1454.0,BTI
2024-03-18 14:30:00,30.156,30.167,30.151,30.157,3776.0,BTI
2024-03-18 14:29:00,30.151,30.157,30.144,30.157,2987.0,BTI
2024-03-18 14:28:00,30.141,30.157,30.141,30.152,2059.0,BTI
2024-03-18 14:27:00,30.156,30.167,30.151,30.157,9096.0,BTI
2024-03-18 14:26:00,30.146,30.167,30.141,30.166,3706.0,BTI
2024-03-18 14:25:00,30.151,30.162,30.132,30.147,21846.0,BTI
2024-03-18 14:24:00,30.185,30.196,30.156,30.161,141929.0,BTI
2024-03-18 14:23:00,30.18,30.191,30.18,30.186,3004.0,BTI
2024-03-18 14:22:00,30.183,30.191,30.18,30.186,890.0,BTI
2024-03-18 14:21:00,30.18,30.196,30.18,30.191,2274.0,BTI
2024-03-18 14:20:00,30.18,30.191,30.18,30.186,3146.0,BTI
2024-03-18 14:19:00,30.18,30.191,30.18,30.186,1391.0,BTI
2024-03-18 14:18:00,30.185,30.191,30.18,30.186,1680.0,BTI
2024-03-18 14:17:00,30.18,30.191,30.18,30.186,1870.0,BTI
2024-03-18 14:16:00,30.18,30.191,30.171,30.191,4791.0,BTI
2024-03-18 14:15:00,30.19,30.196,30.171,30.178,35825.0,BTI
2024-03-18 14:14:00,30.195,30.204,30.18,30.186,4945.0,BTI
2024-03-18 14:13:00,30.19,30.205,30.19,30.2,7910.0,BTI
2024-03-18 14:12:00,30.18,30.196,30.18,30.196,2340.0,BTI
2024-03-18 14:11:00,30.185,30.196,30.185,30.196,598.0,BTI
2024-03-18 14:10:00,30.175,30.191,30.171,30.191,4046.0,BTI
2024-03-18 14:09:00,30.175,30.181,30.175,30.181,1617.0,BTI
2024-03-18 14:08:00,30.18,30.186,30.175,30.181,2156.0,BTI
2024-03-18 14:07:00,30.175,30.181,30.161,30.176,21960.0,BTI
2024-03-18 14:06:00,30.175,30.181,30.171,30.176,3430.0,BTI
2024-03-18 14:05:00,30.171,30.186,30.171,30.181,10235.0,BTI
2024-03-18 14:04:00,30.171,30.186,30.161,30.176,22152.0,BTI
2024-03-18 14:03:00,30.166,30.181,30.161,30.181,3619.0,BTI
2024-03-18 14:02:00,30.175,30.181,30.151,30.171,6146.0,BTI
2024-03-18 14:01:00,30.171,30.186,30.156,30.176,24795.0,BTI
2024-03-18 14:00:00,30.171,30.186,30.171,30.186,4546.0,BTI
2024-03-18 13:59:00,30.19,30.196,30.175,30.181,7374.0,BTI
2024-03-18 13:58:00,30.175,30.191,30.175,30.191,3945.0,BTI
2024-03-18 13:57:00,30.162,30.186,30.162,30.181,2210.0,BTI
2024-03-18 13:56:00,30.161,30.171,30.161,30.171,598.0,BTI
2024-03-18 13:55:00,30.166,30.176,30.161,30.171,1861.0,BTI
2024-03-18 13:54:00,30.19,30.196,30.161,30.171,13407.0,BTI
2024-03-18 13:53:00,30.185,30.191,30.18,30.191,3014.0,BTI
2024-03-18 13:52:00,30.166,30.191,30.166,30.191,8295.0,BTI
2024-03-18 13:51:00,30.112,30.171,30.112,30.171,46882.0,BTI
2024-03-18 13:50:00,30.139,30.145,30.122,30.127,7905.0,BTI
2024-03-18 13:49:00,30.127,30.142,30.127,30.142,11889.0,BTI
2024-03-18 13:48:00,30.151,30.162,30.127,30.132,8675.0,BTI
2024-03-18 13:47:00,30.156,30.167,30.151,30.161,8590.0,BTI
2024-03-18 13:46:00,30.158,30.171,30.151,30.158,30212.0,BTI
2024-03-18 13:45:00,30.205,30.21,30.151,30.161,55576.0,BTI
2024-03-18 13:44:00,30.205,30.21,30.2,30.21,4843.0,BTI
2024-03-18 13:43:00,30.204,30.215,30.202,30.213,2785.0,BTI
2024-03-18 13:42:00,30.21,30.215,30.2,30.214,7601.0,BTI
2024-03-18 13:41:00,30.215,30.225,30.2,30.21,16077.0,BTI
2024-03-18 13:40:00,30.219,30.225,30.21,30.215,3691.0,BTI
2024-03-18 13:39:00,30.21,30.225,30.209,30.225,10406.0,BTI
2024-03-18 13:38:00,30.21,30.215,30.205,30.215,4183.0,BTI
2024-03-18 13:37:00,30.21,30.215,30.2,30.215,7556.0,BTI
2024-03-18 13:36:00,30.2,30.215,30.2,30.215,3686.0,BTI
2024-03-18 13:35:00,30.21,30.215,30.2,30.21,7313.0,BTI
2024-03-18 13:34:00,30.205,30.215,30.2,30.205,2659.0,BTI
2024-03-18 13:33:00,30.2,30.21,30.2,30.21,10830.0,BTI
2024-03-18 13:32:00,30.195,30.206,30.19,30.2,8840.0,BTI
2024-03-18 13:31:00,30.195,30.201,30.19,30.2,23206.0,BTI
2024-03-18 13:30:00,30.195,30.203,30.195,30.203,3507.0,BTI
2024-03-18 13:29:00,30.195,30.205,30.195,30.2,1705.0,BTI
2024-03-18 13:28:00,30.19,30.201,30.19,30.2,2226.0,BTI
2024-03-18 13:27:00,30.181,30.206,30.181,30.2,12097.0,BTI
2024-03-18 13:26:00,30.18,30.196,30.18,30.196,1946.0,BTI
2024-03-18 13:25:00,30.185,30.195,30.185,30.191,2160.0,BTI
2024-03-18 13:24:00,30.18,30.196,30.18,30.191,9739.0,BTI
2024-03-18 13:23:00,30.199,30.206,30.185,30.191,7038.0,BTI
2024-03-18 13:22:00,30.205,30.215,30.19,30.2,11295.0,BTI
2024-03-18 13:21:00,30.205,30.215,30.2,30.21,7624.0,BTI
2024-03-18 13:20:00,30.205,30.21,30.205,30.21,919.0,BTI
2024-03-18 13:19:00,30.215,30.225,30.205,30.214,5776.0,BTI
2024-03-18 13:18:00,30.205,30.225,30.205,30.22,12195.0,BTI
2024-03-18 13:17:00,30.205,30.215,30.2,30.21,2780.0,BTI
2024-03-18 13:16:00,30.205,30.215,30.205,30.21,1742.0,BTI
2024-03-18 13:15:00,30.2,30.215,30.2,30.215,3922.0,BTI
2024-03-18 13:14:00,30.195,30.21,30.195,30.21,4622.0,BTI
2024-03-18 13:13:00,30.2,30.206,30.19,30.196,5700.0,BTI
2024-03-18 13:12:00,30.21,30.225,30.2,30.214,30884.0,BTI
2024-03-18 13:11:00,30.205,30.21,30.205,30.21,456.0,BTI
2024-03-18 13:10:00,30.205,30.215,30.2,30.21,9298.0,BTI
2024-03-18 13:09:00,30.205,30.215,30.2,30.21,2164.0,BTI
2024-03-18 13:08:00,30.2,30.215,30.2,30.21,1763.0,BTI
2024-03-18 13:07:00,30.205,30.215,30.2,30.21,2068.0,BTI
2024-03-18 13:06:00,30.21,30.215,30.205,30.21,3561.0,BTI
2024-03-18 13:05:00,30.19,30.215,30.19,30.215,3420.0,BTI
2024-03-18 13:04:00,30.175,30.196,30.171,30.196,10038.0,BTI
2024-03-18 13:03:00,30.185,30.191,30.179,30.185,5960.0,BTI
2024-03-18 13:02:00,30.18,30.196,30.18,30.196,6480.0,BTI
2024-03-18 13:01:00,30.205,30.215,30.18,30.186,17028.0,BTI
2024-03-18 13:00:00,30.19,30.215,30.19,30.205,15738.0,BTI
2024-03-18 12:59:00,30.132,30.201,30.127,30.2,221610.0,BTI
2024-03-18 12:58:00,30.127,30.132,30.122,30.132,3485.0,BTI
2024-03-18 12:57:00,30.122,30.132,30.122,30.132,1556.0,BTI
2024-03-18 12:56:00,30.122,30.135,30.122,30.132,4189.0,BTI
2024-03-18 12:55:00,30.132,30.137,30.117,30.122,22482.0,BTI
2024-03-18 12:54:00,30.136,30.147,30.136,30.142,1499.0,BTI
2024-03-18 12:53:00,30.127,30.147,30.122,30.142,4489.0,BTI
2024-03-18 12:52:00,30.112,30.137,30.107,30.132,29687.0,BTI
2024-03-18 12:51:00,30.107,30.118,30.102,30.113,8892.0,BTI
2024-03-18 12:50:00,30.112,30.118,30.102,30.113,32776.0,BTI
2024-03-18 12:49:00,30.107,30.118,30.102,30.113,2564.0,BTI
2024-03-18 12:48:00,30.107,30.118,30.107,30.117,1939.0,BTI
2024-03-18 12:47:00,30.107,30.118,30.102,30.113,5144.0,BTI
2024-03-18 12:46:00,30.102,30.118,30.102,30.113,3378.0,BTI
2024-03-18 12:45:00,30.083,30.118,30.083,30.117,10219.0,BTI
2024-03-18 12:44:00,30.078,30.098,30.073,30.098,12737.0,BTI
2024-03-18 12:43:00,30.063,30.088,30.053,30.083,14272.0,BTI
2024-03-18 12:42:00,30.058,30.064,30.053,30.059,4202.0,BTI
2024-03-18 12:41:00,30.058,30.069,30.058,30.064,6797.0,BTI
2024-03-18 12:40:00,30.044,30.069,30.044,30.064,13696.0,BTI
2024-03-18 12:39:00,30.053,30.059,30.044,30.054,6630.0,BTI
2024-03-18 12:38:00,30.049,30.059,30.044,30.059,739.0,BTI
2024-03-18 12:37:00,30.044,30.059,30.044,30.054,3418.0,BTI
2024-03-18 12:36:00,30.049,30.054,30.044,30.049,1654.0,BTI
2024-03-18 12:35:00,30.044,30.059,30.034,30.054,20096.0,BTI
2024-03-18 12:34:00,30.045,30.054,30.039,30.054,7081.0,BTI
2024-03-18 12:33:00,30.049,30.064,30.044,30.059,39431.0,BTI
2024-03-18 12:32:00,30.029,30.059,30.024,30.049,15645.0,BTI
2024-03-18 12:31:00,30.039,30.044,30.024,30.034,18928.0,BTI
2024-03-18 12:30:00,30.049,30.054,30.034,30.039,9704.0,BTI
2024-03-18 12:29:00,30.049,30.054,30.034,30.049,15077.0,BTI
2024-03-18 12:28:00,30.044,30.049,30.034,30.049,17468.0,BTI
2024-03-18 12:27:00,30.053,30.059,30.044,30.054,11035.0,BTI
2024-03-18 12:26:00,30.058,30.064,30.044,30.059,40909.0,BTI
2024-03-18 12:25:00,30.063,30.079,30.053,30.064,111256.0,BTI
2024-03-18 12:24:00,30.078,30.088,30.063,30.078,15170.0,BTI
2024-03-18 12:23:00,30.073,30.088,30.073,30.088,8063.0,BTI
2024-03-18 12:22:00,30.083,30.088,30.073,30.083,2983.0,BTI
2024-03-18 12:21:00,30.073,30.088,30.063,30.088,6012.0,BTI
2024-03-18 12:20:00,30.073,30.098,30.071,30.076,17354.0,BTI
2024-03-18 12:19:00,30.085,30.09,30.078,30.083,2997.0,BTI
2024-03-18 12:18:00,30.073,30.093,30.073,30.088,4519.0,BTI
2024-03-18 12:17:00,30.097,30.103,30.068,30.078,7936.0,BTI
2024-03-18 12:16:00,30.1,30.113,30.093,30.108,10310.0,BTI
2024-03-18 12:15:00,30.102,30.108,30.093,30.098,3397.0,BTI
2024-03-18 12:14:00,30.088,30.103,30.078,30.098,17821.0,BTI
2024-03-18 12:13:00,30.083,30.103,30.083,30.088,29374.0,BTI
2024-03-18 12:12:00,30.063,30.098,30.063,30.093,29602.0,BTI
2024-03-18 12:11:00,30.068,30.079,30.058,30.069,62218.0,BTI
2024-03-18 12:10:00,30.063,30.074,30.057,30.069,8061.0,BTI
2024-03-18 12:09:00,30.058,30.069,30.053,30.069,8407.0,BTI
2024-03-18 12:08:00,30.049,30.069,30.044,30.064,18198.0,BTI
2024-03-18 12:07:00,30.053,30.059,30.044,30.054,5857.0,BTI
2024-03-18 12:06:00,30.044,30.054,30.039,30.054,29318.0,BTI
2024-03-18 12:05:00,30.029,30.049,30.029,30.042,21596.0,BTI
2024-03-18 12:04:00,30.019,30.044,30.016,30.032,14495.0,BTI
2024-03-18 12:03:00,30.016,30.025,30.014,30.025,5969.0,BTI
2024-03-18 12:02:00,30.025,30.031,30.014,30.02,7038.0,BTI
2024-03-18 12:01:00,30.024,30.035,30.024,30.03,1658.0,BTI
2024-03-18 12:00:00,30.044,30.049,30.024,30.03,8261.0,BTI
2024-03-18 11:59:00,30.035,30.049,30.034,30.049,6641.0,BTI
2024-03-18 11:58:00,30.044,30.049,30.034,30.04,1447.0,BTI
2024-03-18 11:57:00,30.039,30.044,30.034,30.044,1528.0,BTI
2024-03-18 11:56:00,30.024,30.049,30.019,30.039,10069.0,BTI
2024-03-18 11:55:00,30.024,30.035,30.014,30.02,4730.0,BTI
2024-03-18 11:54:00,30.024,30.03,30.015,30.025,8107.0,BTI
2024-03-18 11:53:00,30.014,30.039,30.01,30.03,15499.0,BTI
2024-03-18 11:52:00,30.01,30.019,30.01,30.015,1575.0,BTI
2024-03-18 11:51:00,29.999,30.02,29.995,30.017,5593.0,BTI
2024-03-18 11:50:00,30.01,30.015,29.995,30.005,5652.0,BTI
2024-03-18 11:49:00,30.014,30.02,29.995,30.02,11058.0,BTI
2024-03-18 11:48:00,30.019,30.03,30.014,30.022,7909.0,BTI
2024-03-18 11:47:00,30.019,30.025,30.01,30.025,19377.0,BTI
2024-03-18 11:46:00,30.024,30.03,30.01,30.029,16836.0,BTI
2024-03-18 11:45:00,30.019,30.035,30.019,30.03,3558.0,BTI
2024-03-18 11:44:00,30.024,30.04,30.014,30.02,13056.0,BTI
2024-03-18 11:43:00,30.029,30.035,30.019,30.03,11134.0,BTI
2024-03-18 11:42:00,30.034,30.049,30.014,30.039,11115.0,BTI
2024-03-18 11:41:00,30.058,30.064,30.034,30.039,12987.0,BTI
2024-03-18 11:40:00,30.053,30.064,30.044,30.064,39619.0,BTI
2024-03-18 11:39:00,30.068,30.079,30.053,30.059,26018.0,BTI
2024-03-18 11:38:00,30.053,30.079,30.053,30.078,13141.0,BTI
2024-03-18 11:37:00,30.053,30.059,30.034,30.049,26791.0,BTI
2024-03-18 11:36:00,30.078,30.084,30.053,30.059,14908.0,BTI
2024-03-18 11:35:00,30.083,30.089,30.073,30.083,6351.0,BTI
2024-03-18 11:34:00,30.088,30.097,30.063,30.088,45731.0,BTI
2024-03-18 11:33:00,30.107,30.118,30.093,30.098,29962.0,BTI
2024-03-18 11:32:00,30.078,30.118,30.073,30.108,59651.0,BTI
2024-03-18 11:31:00,30.073,30.088,30.073,30.083,19392.0,BTI
2024-03-18 11:30:00,30.083,30.088,30.073,30.083,27191.0,BTI
2024-03-18 11:29:00,30.044,30.093,30.044,30.078,32694.0,BTI
2024-03-18 11:28:00,30.034,30.059,30.029,30.049,28357.0,BTI
2024-03-18 11:27:00,30.024,30.04,30.014,30.034,9564.0,BTI
2024-03-18 11:26:00,30.005,30.04,30.0,30.039,53232.0,BTI
2024-03-18 11:25:00,29.995,30.02,29.99,30.01,22002.0,BTI
2024-03-18 11:24:00,29.99,30.015,29.985,30.01,20677.0,BTI
2024-03-18 11:23:00,29.99,30.001,29.985,29.995,26469.0,BTI
2024-03-18 11:22:00,30.005,30.015,29.99,29.995,15598.0,BTI
2024-03-18 11:21:00,30.019,30.025,30.0,30.015,24573.0,BTI
2024-03-18 11:20:00,30.024,30.04,30.015,30.03,17816.0,BTI
2024-03-18 11:19:00,30.042,30.048,30.005,30.025,22072.0,BTI
2024-03-18 11:18:00,30.045,30.054,30.024,30.039,25661.0,BTI
2024-03-18 11:17:00,30.044,30.054,30.034,30.049,21203.0,BTI
2024-03-18 11:16:00,30.063,30.074,30.044,30.059,23060.0,BTI
2024-03-18 11:15:00,30.044,30.069,30.044,30.069,22356.0,BTI
2024-03-18 11:14:00,30.049,30.054,30.034,30.049,16252.0,BTI
2024-03-18 11:13:00,30.029,30.058,30.029,30.058,27306.0,BTI
2024-03-18 11:12:00,30.039,30.044,30.014,30.034,36600.0,BTI
2024-03-18 11:11:00,30.024,30.049,30.019,30.049,20177.0,BTI
2024-03-18 11:10:00,30.049,30.054,30.024,30.034,21428.0,BTI
2024-03-18 11:09:00,30.024,30.059,30.024,30.059,69620.0,BTI
2024-03-18 11:08:00,30.049,30.054,30.014,30.02,22912.0,BTI
2024-03-18 11:07:00,30.043,30.055,30.034,30.049,7783.0,BTI
2024-03-18 11:06:00,30.046,30.079,30.034,30.039,39067.0,BTI
2024-03-18 11:05:00,30.068,30.074,30.049,30.058,13004.0,BTI
2024-03-18 11:04:00,30.063,30.079,30.053,30.078,38316.0,BTI
2024-03-18 11:03:00,30.044,30.069,30.044,30.064,42578.0,BTI
2024-03-18 11:02:00,30.058,30.069,30.024,30.054,59810.0,BTI
2024-03-18 11:01:00,30.058,30.069,30.044,30.064,77628.0,BTI
2024-03-18 11:00:00,30.024,30.069,30.014,30.064,42252.0,BTI
2024-03-18 10:59:00,30.01,30.03,30.005,30.03,39038.0,BTI
2024-03-18 10:58:00,30.0,30.015,29.995,30.01,19640.0,BTI
2024-03-18 10:57:00,29.975,30.005,29.975,30.005,10643.0,BTI
2024-03-18 10:56:00,30.005,30.015,29.975,29.991,38247.0,BTI
2024-03-18 10:55:00,30.014,30.03,30.005,30.02,27362.0,BTI
2024-03-18 10:54:00,30.039,30.049,30.014,30.02,33713.0,BTI
2024-03-18 10:53:00,30.014,30.044,30.014,30.044,33454.0,BTI
2024-03-18 10:52:00,30.039,30.044,30.005,30.02,21269.0,BTI
2024-03-18 10:51:00,30.044,30.054,30.034,30.039,26672.0,BTI
2024-03-18 10:50:00,30.083,30.093,30.044,30.051,20872.0,BTI
2024-03-18 10:49:00,30.083,30.098,30.078,30.088,22369.0,BTI
2024-03-18 10:48:00,30.083,30.098,30.078,30.089,14852.0,BTI
2024-03-18 10:47:00,30.073,30.093,30.063,30.088,39371.0,BTI
2024-03-18 10:46:00,30.073,30.098,30.063,30.078,40792.0,BTI
2024-03-18 10:45:00,30.063,30.087,30.053,30.087,18897.0,BTI
2024-03-18 10:44:00,30.078,30.088,30.063,30.069,41765.0,BTI
2024-03-18 10:43:00,30.053,30.088,30.044,30.081,69762.0,BTI
2024-03-18 10:42:00,30.044,30.059,30.039,30.052,27701.0,BTI
2024-03-18 10:41:00,30.073,30.079,30.044,30.049,20085.0,BTI
2024-03-18 10:40:00,30.073,30.088,30.063,30.078,19545.0,BTI
2024-03-18 10:39:00,30.078,30.098,30.063,30.078,26471.0,BTI
2024-03-18 10:38:00,30.083,30.098,30.073,30.078,19606.0,BTI
2024-03-18 10:37:00,30.078,30.098,30.063,30.088,41126.0,BTI
2024-03-18 10:36:00,30.083,30.088,30.063,30.083,43217.0,BTI
2024-03-18 10:35:00,30.093,30.103,30.073,30.078,27373.0,BTI
2024-03-18 10:34:00,30.088,30.108,30.073,30.103,23100.0,BTI
2024-03-18 10:33:00,30.049,30.088,30.049,30.088,20346.0,BTI
2024-03-18 10:32:00,30.083,30.093,30.044,30.059,65701.0,BTI
2024-03-18 10:31:00,30.107,30.117,30.083,30.093,42945.0,BTI
2024-03-18 10:30:00,30.112,30.132,30.093,30.117,153083.0,BTI
2024-03-18 10:29:00,30.093,30.127,30.093,30.122,23033.0,BTI
2024-03-18 10:28:00,30.083,30.117,30.075,30.108,12639.0,BTI
2024-03-18 10:27:00,30.102,30.108,30.073,30.083,37137.0,BTI
2024-03-18 10:26:00,30.093,30.108,30.088,30.108,30577.0,BTI
2024-03-18 10:25:00,30.092,30.098,30.073,30.098,15823.0,BTI
2024-03-18 10:24:00,30.093,30.103,30.073,30.088,27231.0,BTI
2024-03-18 10:23:00,30.063,30.107,30.044,30.098,66088.0,BTI
2024-03-18 10:22:00,30.072,30.079,30.044,30.059,64889.0,BTI
2024-03-18 10:21:00,30.044,30.079,30.044,30.078,36129.0,BTI
2024-03-18 10:20:00,30.044,30.054,30.034,30.044,21606.0,BTI
2024-03-18 10:19:00,30.034,30.049,30.033,30.044,30760.0,BTI
2024-03-18 10:18:00,30.036,30.049,30.024,30.039,18368.0,BTI
2024-03-18 10:17:00,30.014,30.049,30.014,30.042,15245.0,BTI
2024-03-18 10:16:00,30.014,30.03,30.005,30.03,13156.0,BTI
2024-03-18 10:15:00,30.0,30.02,29.985,30.02,33055.0,BTI
2024-03-18 10:14:00,29.995,30.01,29.995,30.0,10529.0,BTI
2024-03-18 10:13:00,30.014,30.02,29.995,30.0,6892.0,BTI
2024-03-18 10:12:00,30.024,30.04,30.014,30.02,13322.0,BTI
2024-03-18 10:11:00,30.029,30.049,30.014,30.021,23360.0,BTI
2024-03-18 10:10:00,30.005,30.04,29.995,30.03,30333.0,BTI
2024-03-18 10:09:00,29.98,30.02,29.975,30.01,16101.0,BTI
2024-03-18 10:08:00,29.971,29.996,29.966,29.981,19954.0,BTI
2024-03-18 10:07:00,29.975,29.991,29.966,29.975,7116.0,BTI
2024-03-18 10:06:00,29.956,29.981,29.956,29.971,22484.0,BTI
2024-03-18 10:05:00,29.966,29.981,29.946,29.951,10067.0,BTI
2024-03-18 10:04:00,29.951,29.981,29.946,29.972,21775.0,BTI
2024-03-18 10:03:00,29.995,30.001,29.949,29.961,22562.0,BTI
2024-03-18 10:02:00,30.033,30.039,29.966,30.0,36473.0,BTI
2024-03-18 10:01:00,30.024,30.049,30.014,30.039,62503.0,BTI
2024-03-18 10:00:00,29.99,30.03,29.966,30.03,50452.0,BTI
2024-03-18 09:59:00,29.99,30.001,29.966,29.994,19266.0,BTI
2024-03-18 09:58:00,29.941,30.001,29.936,29.995,24273.0,BTI
2024-03-18 09:57:00,29.907,29.952,29.897,29.947,31322.0,BTI
2024-03-18 09:56:00,29.888,29.922,29.888,29.912,28553.0,BTI
2024-03-18 09:55:00,29.902,29.908,29.878,29.888,26579.0,BTI
2024-03-18 09:54:00,29.868,29.908,29.848,29.903,71278.0,BTI
2024-03-18 09:53:00,29.858,29.869,29.839,29.864,30308.0,BTI
2024-03-18 09:52:00,29.848,29.874,29.848,29.864,20561.0,BTI
2024-03-18 09:51:00,29.844,29.864,29.839,29.854,33558.0,BTI
2024-03-18 09:50:00,29.829,29.854,29.829,29.844,11700.0,BTI
2024-03-18 09:49:00,29.829,29.839,29.811,29.834,9019.0,BTI
2024-03-18 09:48:00,29.819,29.854,29.819,29.834,22614.0,BTI
2024-03-18 09:47:00,29.8,29.825,29.79,29.82,23078.0,BTI
2024-03-18 09:46:00,29.79,29.815,29.77,29.805,123990.0,BTI
2024-03-18 09:45:00,29.77,29.804,29.77,29.786,30766.0,BTI
2024-03-18 09:44:00,29.766,29.8,29.761,29.776,21181.0,BTI
2024-03-18 09:43:00,29.761,29.776,29.75,29.771,17794.0,BTI
2024-03-18 09:42:00,29.751,29.776,29.751,29.776,10482.0,BTI
2024-03-18 09:41:00,29.761,29.766,29.741,29.756,21378.0,BTI
2024-03-18 09:40:00,29.726,29.766,29.722,29.766,10398.0,BTI
2024-03-18 09:39:00,29.8,29.805,29.712,29.737,26651.0,BTI
2024-03-18 09:38:00,29.809,29.844,29.795,29.805,50977.0,BTI
2024-03-18 09:37:00,29.751,29.815,29.751,29.805,30598.0,BTI
2024-03-18 09:36:00,29.731,29.766,29.731,29.756,10702.0,BTI
2024-03-18 09:35:00,29.77,29.781,29.731,29.737,20423.0,BTI
2024-03-18 09:34:00,29.761,29.786,29.751,29.785,51713.0,BTI
2024-03-18 09:33:00,29.731,29.762,29.717,29.746,21567.0,BTI
2024-03-18 09:32:00,29.702,29.764,29.702,29.727,21986.0,BTI
2024-03-18 09:31:00,29.692,29.771,29.692,29.707,32745.0,BTI
2024-03-18 09:30:00,29.751,29.756,29.692,29.707,135060.0,BTI
2024-03-18 09:29:00,29.717,29.766,29.712,29.766,7326.0,BTI
2024-03-18 09:28:00,29.702,29.717,29.702,29.717,1816.0,BTI
2024-03-18 09:27:00,29.692,29.698,29.692,29.698,1.0,BTI
2024-03-18 09:26:00,29.692,29.698,29.683,29.693,717.0,BTI
2024-03-18 09:24:00,29.692,29.698,29.692,29.698,193.0,BTI
2024-03-18 09:23:00,29.683,29.688,29.683,29.688,193.0,BTI
2024-03-18 09:22:00,29.683,29.698,29.683,29.688,2518.0,BTI
2024-03-18 09:21:00,29.683,29.688,29.683,29.688,638.0,BTI
2024-03-18 09:20:00,29.673,29.698,29.663,29.688,8516.0,BTI
2024-03-18 09:19:00,29.673,29.688,29.673,29.678,2566.0,BTI
2024-03-18 09:17:00,29.653,29.669,29.653,29.668,2421.0,BTI
2024-03-18 09:16:00,29.648,29.654,29.644,29.649,49.0,BTI
2024-03-18 09:15:00,29.644,29.649,29.644,29.649,925.0,BTI
2024-03-18 09:14:00,29.624,29.639,29.624,29.639,2556.0,BTI
2024-03-18 09:13:00,29.624,29.63,29.624,29.629,216.0,BTI
2024-03-18 09:12:00,29.624,29.639,29.624,29.629,2324.0,BTI
2024-03-18 09:11:00,29.614,29.62,29.604,29.62,3784.0,BTI
2024-03-18 09:10:00,29.614,29.62,29.604,29.61,7333.0,BTI
2024-03-18 09:09:00,29.624,29.63,29.624,29.629,336.0,BTI
2024-03-18 09:08:00,29.644,29.649,29.644,29.649,96.0,BTI
2024-03-18 09:07:00,29.644,29.649,29.644,29.649,290.0,BTI
2024-03-18 09:06:00,29.653,29.669,29.653,29.659,323.0,BTI
2024-03-18 09:05:00,29.653,29.669,29.653,29.668,206.0,BTI
2024-03-18 09:04:00,29.663,29.669,29.663,29.668,1.0,BTI
2024-03-18 09:03:00,29.663,29.669,29.663,29.668,836.0,BTI
2024-03-18 09:02:00,29.663,29.688,29.663,29.688,1376.0,BTI
2024-03-18 09:01:00,29.663,29.669,29.663,29.668,308.0,BTI
2024-03-18 09:00:00,29.673,29.678,29.673,29.678,1215.0,BTI
2024-03-18 08:59:00,29.673,29.688,29.673,29.678,528.0,BTI
2024-03-18 08:58:00,29.673,29.688,29.673,29.678,4359.0,BTI
2024-03-18 08:57:00,29.673,29.688,29.673,29.688,444.0,BTI
2024-03-18 08:56:00,29.673,29.698,29.673,29.678,975.0,BTI
2024-03-18 08:54:00,29.673,29.678,29.673,29.678,567.0,BTI
2024-03-18 08:53:00,29.692,29.717,29.683,29.688,212.0,BTI
2024-03-18 08:52:00,29.692,29.698,29.692,29.698,393.0,BTI
2024-03-18 08:51:00,29.712,29.717,29.692,29.698,771.0,BTI
2024-03-18 08:50:00,29.712,29.737,29.712,29.717,543.0,BTI
2024-03-18 08:49:00,29.731,29.737,29.731,29.737,193.0,BTI
2024-03-18 08:47:00,29.731,29.737,29.731,29.737,4.0,BTI
2024-03-18 08:46:00,29.731,29.736,29.731,29.736,1.0,BTI
2024-03-18 08:45:00,29.722,29.727,29.722,29.727,96.0,BTI
2024-03-18 08:42:00,29.741,29.747,29.741,29.746,50.0,BTI
2024-03-18 08:41:00,29.731,29.747,29.731,29.746,389.0,BTI
2024-03-18 08:38:00,29.722,29.727,29.722,29.727,92.0,BTI
2024-03-18 08:37:00,29.731,29.737,29.731,29.737,432.0,BTI
2024-03-18 08:36:00,29.722,29.737,29.722,29.737,112.0,BTI
2024-03-18 08:35:00,29.741,29.747,29.722,29.727,535.0,BTI
2024-03-18 08:34:00,29.731,29.737,29.731,29.737,111.0,BTI
2024-03-18 08:33:00,29.751,29.756,29.751,29.756,1.0,BTI
2024-03-18 08:30:00,29.77,29.776,29.77,29.776,29.0,BTI
2024-03-18 08:29:00,29.761,29.766,29.761,29.766,667.0,BTI
2024-03-18 08:28:00,29.761,29.776,29.761,29.776,146.0,BTI
2024-03-18 08:27:00,29.751,29.756,29.751,29.756,96.0,BTI
2024-03-18 08:25:00,29.76,29.766,29.751,29.756,58.0,BTI
2024-03-18 08:23:00,29.751,29.756,29.751,29.756,460.0,BTI
2024-03-18 08:22:00,29.731,29.737,29.731,29.737,9.0,BTI
2024-03-18 08:19:00,29.751,29.756,29.741,29.746,1260.0,BTI
2024-03-18 08:15:00,29.761,29.766,29.731,29.737,13.0,BTI
2024-03-18 08:12:00,29.751,29.756,29.751,29.756,2.0,BTI
2024-03-18 08:11:00,29.751,29.756,29.751,29.756,40.0,BTI
2024-03-18 08:09:00,29.761,29.766,29.761,29.766,290.0,BTI
2024-03-18 08:08:00,29.77,29.776,29.761,29.766,1526.0,BTI
2024-03-18 08:05:00,29.78,29.786,29.614,29.639,1038.0,BTI
2024-03-18 08:04:00,29.634,29.639,29.634,29.639,28.0,BTI
2024-03-18 08:02:00,29.712,29.766,29.575,29.766,2025.0,BTI
2024-03-18 08:00:00,29.683,29.717,29.673,29.717,2710.0,BTI
2024-03-18 07:54:00,29.692,29.698,29.692,29.698,24.0,BTI
2024-03-18 07:53:00,29.683,29.688,29.683,29.688,118.0,BTI
2024-03-18 07:46:00,29.663,29.669,29.663,29.668,810.0,BTI
2024-03-18 07:45:00,29.673,29.688,29.673,29.678,1125.0,BTI
2024-03-18 07:38:00,29.683,29.688,29.683,29.688,3.0,BTI
2024-03-18 07:37:00,29.673,29.688,29.673,29.678,484.0,BTI
2024-03-18 07:31:00,29.683,29.688,29.683,29.688,116.0,BTI
2024-03-18 07:17:00,29.692,29.698,29.692,29.698,99.0,BTI
2024-03-18 07:14:00,29.683,29.688,29.683,29.688,1259.0,BTI
2024-03-18 07:11:00,29.673,29.678,29.673,29.678,96.0,BTI
2024-03-18 07:07:00,29.702,29.708,29.673,29.678,242.0,BTI
2024-03-18 07:06:00,29.683,29.698,29.673,29.678,2039.0,BTI
2024-03-18 07:01:00,29.653,29.669,29.653,29.668,956.0,BTI
2024-03-18 07:00:00,29.683,29.688,29.653,29.659,632.0,BTI
2024-03-18 06:57:00,29.673,29.678,29.673,29.678,92.0,BTI
2024-03-18 06:52:00,29.692,29.698,29.692,29.698,19.0,BTI
2024-03-18 06:50:00,29.702,29.708,29.702,29.707,0.0,BTI
2024-03-18 06:41:00,29.614,29.62,29.614,29.62,426.0,BTI
2024-03-18 06:40:00,29.614,29.62,29.614,29.62,222.0,BTI
2024-03-18 06:19:00,29.644,29.649,29.644,29.649,193.0,BTI
2024-03-18 06:11:00,29.634,29.639,29.634,29.639,193.0,BTI
2024-03-18 05:55:00,29.663,29.678,29.663,29.678,290.0,BTI
2024-03-18 05:52:00,29.634,29.639,29.634,29.639,6.0,BTI
2024-03-18 05:51:00,29.624,29.63,29.624,29.629,96.0,BTI
2024-03-18 05:46:00,29.653,29.659,29.653,29.659,31.0,BTI
2024-03-18 05:38:00,29.644,29.649,29.644,29.649,193.0,BTI
2024-03-18 05:15:00,29.722,29.727,29.722,29.727,193.0,BTI
2024-03-18 05:04:00,29.653,29.659,29.653,29.659,193.0,BTI
2024-03-18 05:03:00,29.624,29.63,29.624,29.629,48.0,BTI
2024-03-18 05:01:00,29.604,29.61,29.604,29.61,96.0,BTI
2024-03-18 05:00:00,29.604,29.61,29.604,29.61,193.0,BTI
2024-03-18 04:59:00,29.604,29.61,29.604,29.61,2733.0,BTI
2024-03-18 04:58:00,29.585,29.61,29.585,29.61,2894.0,BTI
2024-03-18 04:56:00,29.575,29.581,29.575,29.581,193.0,BTI
2024-03-18 04:55:00,29.595,29.6,29.595,29.6,0.0,BTI
2024-03-18 04:48:00,29.604,29.61,29.604,29.61,726.0,BTI
2024-03-18 04:47:00,29.604,29.61,29.604,29.61,242.0,BTI
2024-03-18 04:43:00,29.575,29.591,29.575,29.59,968.0,BTI
2024-03-18 04:37:00,29.575,29.581,29.575,29.581,1162.0,BTI
2024-03-18 04:36:00,29.595,29.6,29.595,29.6,678.0,BTI
2024-03-18 04:35:00,29.575,29.6,29.575,29.6,1162.0,BTI
2024-03-18 04:31:00,29.604,29.61,29.604,29.61,96.0,BTI
2024-03-18 04:28:00,29.653,29.659,29.595,29.62,1017.0,BTI
2024-03-18 04:27:00,29.614,29.708,29.614,29.707,193.0,BTI
2024-03-18 04:23:00,29.604,29.61,29.604,29.61,96.0,BTI
2024-03-18 04:12:00,29.575,29.6,29.575,29.6,198.0,BTI
2024-03-18 04:08:00,29.595,29.61,29.595,29.6,701.0,BTI
2024-03-18 04:07:00,29.595,29.6,29.595,29.6,0.0,BTI
2024-03-18 04:05:00,29.604,29.61,29.575,29.6,1014.0,BTI
2024-03-18 04:03:00,29.644,29.649,29.644,29.649,193.0,BTI
2024-03-18 04:02:00,29.673,29.678,29.673,29.678,9.0,BTI
2024-03-18 04:01:00,29.614,29.678,29.604,29.678,2437.0,BTI
2024-03-18 04:00:00,29.478,29.62,29.478,29.581,623.0,BTI
2024-03-15 19:55:00,29.624,29.63,29.624,29.629,1.0,BTI
2024-03-15 19:49:00,29.604,29.61,29.604,29.61,0.0,BTI
2024-03-15 19:45:00,29.604,29.61,29.604,29.61,1.0,BTI
2024-03-15 19:44:00,29.595,29.6,29.595,29.6,2.0,BTI
2024-03-15 19:43:00,29.604,29.61,29.604,29.61,5.0,BTI
2024-03-15 19:42:00,29.595,29.6,29.37,29.376,16.0,BTI
2024-03-15 19:26:00,29.604,29.61,29.604,29.61,0.0,BTI
2024-03-15 19:22:00,29.614,29.62,29.614,29.62,1.0,BTI
2024-03-15 19:19:00,29.585,29.6,29.585,29.6,484.0,BTI
2024-03-15 19:01:00,29.575,29.581,29.37,29.512,264.0,BTI
2024-03-15 19:00:00,29.575,29.581,29.575,29.581,1361015.0,BTI
2024-03-15 18:33:00,29.585,29.591,29.585,29.59,0.0,BTI
2024-03-15 18:30:00,29.575,29.581,29.575,29.581,1361015.0,BTI
2024-03-15 18:11:00,29.585,29.591,29.585,29.59,128.0,BTI
2024-03-15 18:09:00,29.595,29.6,29.595,29.6,1.0,BTI
2024-03-15 17:43:00,29.585,29.591,29.585,29.59,48.0,BTI
2024-03-15 17:40:00,29.585,29.591,29.585,29.59,3.0,BTI
2024-03-15 17:38:00,29.585,29.591,29.585,29.59,0.0,BTI
2024-03-15 17:35:00,29.585,29.591,29.585,29.59,0.0,BTI
2024-03-15 17:33:00,29.595,29.6,29.595,29.6,0.0,BTI
2024-03-15 17:30:00,29.575,29.581,29.575,29.581,22860.0,BTI
2024-03-15 17:12:00,29.585,29.591,29.585,29.59,0.0,BTI
2024-03-15 17:10:00,29.561,29.591,29.561,29.59,5.0,BTI
2024-03-15 17:05:00,29.585,29.591,29.561,29.566,1.0,BTI
2024-03-15 17:03:00,29.585,29.591,29.561,29.566,33.0,BTI
2024-03-15 17:02:00,28.791,28.796,28.791,28.796,4.0,BTI
2024-03-15 16:58:00,29.575,29.59,29.575,29.59,12.0,BTI
2024-03-15 16:56:00,29.561,29.566,29.561,29.566,0.0,BTI
2024-03-15 16:51:00,29.575,29.581,29.575,29.581,0.0,BTI
2024-03-15 16:50:00,29.575,29.581,29.575,29.581,100730.0,BTI
2024-03-15 16:45:00,29.575,29.581,29.575,29.581,39.0,BTI
2024-03-15 16:43:00,29.575,29.589,29.575,29.589,4.0,BTI
2024-03-15 16:40:00,29.575,29.581,29.561,29.566,2190.0,BTI
2024-03-15 16:37:00,29.575,29.581,29.575,29.581,2077.0,BTI
2024-03-15 16:33:00,29.543,29.548,29.543,29.548,2.0,BTI
2024-03-15 16:26:00,29.585,29.591,29.585,29.59,48.0,BTI
2024-03-15 16:25:00,29.585,29.591,29.585,29.59,1.0,BTI
2024-03-15 16:24:00,29.584,29.589,29.584,29.589,1.0,BTI
2024-03-15 16:23:00,29.585,29.591,29.585,29.59,193.0,BTI
2024-03-15 16:20:00,29.575,29.581,29.575,29.581,0.0,BTI
2024-03-15 16:12:00,29.538,29.543,29.538,29.543,24.0,BTI
2024-03-15 16:10:00,29.575,29.591,29.536,29.581,1361446.0,BTI
2024-03-15 16:08:00,29.565,29.571,29.565,29.571,0.0,BTI
2024-03-15 16:06:00,29.536,29.6,29.536,29.599,96.0,BTI
2024-03-15 16:05:00,29.575,29.62,29.575,29.62,12896.0,BTI
2024-03-15 16:00:00,29.585,29.672,29.575,29.581,2762013.0,BTI
2024-03-15 15:59:00,29.551,29.591,29.546,29.59,127873.0,BTI
2024-03-15 15:58:00,29.556,29.561,29.551,29.561,33698.0,BTI
2024-03-15 15:57:00,29.556,29.571,29.546,29.556,30978.0,BTI
2024-03-15 15:56:00,29.57,29.581,29.556,29.566,48857.0,BTI
2024-03-15 15:55:00,29.58,29.61,29.565,29.581,87791.0,BTI
2024-03-15 15:54:00,29.58,29.591,29.57,29.585,29631.0,BTI
2024-03-15 15:53:00,29.604,29.61,29.575,29.581,46775.0,BTI
2024-03-15 15:52:00,29.584,29.609,29.575,29.605,31223.0,BTI
2024-03-15 15:51:00,29.595,29.61,29.58,29.59,48921.0,BTI
2024-03-15 15:50:00,29.58,29.6,29.546,29.6,67728.0,BTI
2024-03-15 15:49:00,29.556,29.586,29.551,29.585,50987.0,BTI
2024-03-15 15:48:00,29.536,29.561,29.536,29.556,69585.0,BTI
2024-03-15 15:47:00,29.517,29.542,29.51,29.541,27260.0,BTI
2024-03-15 15:46:00,29.497,29.522,29.487,29.517,57032.0,BTI
2024-03-15 15:45:00,29.489,29.508,29.487,29.502,39803.0,BTI
2024-03-15 15:44:00,29.478,29.498,29.473,29.498,14171.0,BTI
2024-03-15 15:43:00,29.468,29.483,29.468,29.478,17980.0,BTI
2024-03-15 15:42:00,29.468,29.473,29.463,29.473,12626.0,BTI
2024-03-15 15:41:00,29.478,29.483,29.458,29.468,28332.0,BTI
2024-03-15 15:40:00,29.468,29.483,29.468,29.473,24320.0,BTI
2024-03-15 15:39:00,29.473,29.483,29.468,29.478,39259.0,BTI
2024-03-15 15:38:00,29.473,29.483,29.458,29.478,54754.0,BTI
2024-03-15 15:37:00,29.478,29.493,29.468,29.478,34603.0,BTI
2024-03-15 15:36:00,29.473,29.483,29.468,29.483,6524.0,BTI
2024-03-15 15:35:00,29.482,29.503,29.473,29.483,29177.0,BTI
2024-03-15 15:34:00,29.473,29.493,29.468,29.493,16500.0,BTI
2024-03-15 15:33:00,29.463,29.483,29.458,29.478,14395.0,BTI
2024-03-15 15:32:00,29.463,29.473,29.458,29.468,6719.0,BTI
2024-03-15 15:31:00,29.453,29.473,29.453,29.473,11101.0,BTI
2024-03-15 15:30:00,29.458,29.473,29.448,29.458,36799.0,BTI
2024-03-15 15:29:00,29.453,29.464,29.448,29.463,17074.0,BTI
2024-03-15 15:28:00,29.458,29.464,29.448,29.463,5577.0,BTI
2024-03-15 15:27:00,29.448,29.464,29.443,29.458,10044.0,BTI
2024-03-15 15:26:00,29.434,29.454,29.429,29.449,26526.0,BTI
2024-03-15 15:25:00,29.453,29.464,29.429,29.439,24238.0,BTI
2024-03-15 15:24:00,29.463,29.473,29.453,29.463,11167.0,BTI
2024-03-15 15:23:00,29.458,29.473,29.458,29.473,18439.0,BTI
2024-03-15 15:22:00,29.458,29.464,29.448,29.463,3816.0,BTI
2024-03-15 15:21:00,29.453,29.464,29.448,29.463,6858.0,BTI
2024-03-15 15:20:00,29.443,29.464,29.443,29.458,15718.0,BTI
2024-03-15 15:19:00,29.443,29.454,29.439,29.454,14434.0,BTI
2024-03-15 15:18:00,29.453,29.459,29.439,29.444,11050.0,BTI
2024-03-15 15:17:00,29.448,29.464,29.443,29.458,19868.0,BTI
2024-03-15 15:16:00,29.434,29.454,29.434,29.454,19516.0,BTI
2024-03-15 15:15:00,29.453,29.459,29.434,29.439,15253.0,BTI
2024-03-15 15:14:00,29.458,29.464,29.448,29.454,7729.0,BTI
2024-03-15 15:13:00,29.453,29.464,29.449,29.463,4856.0,BTI
2024-03-15 15:12:00,29.468,29.473,29.448,29.458,13354.0,BTI
2024-03-15 15:11:00,29.468,29.473,29.458,29.468,4584.0,BTI
2024-03-15 15:10:00,29.478,29.483,29.458,29.463,15127.0,BTI
2024-03-15 15:09:00,29.473,29.483,29.468,29.478,5371.0,BTI
2024-03-15 15:08:00,29.468,29.483,29.458,29.483,7387.0,BTI
2024-03-15 15:07:00,29.463,29.473,29.458,29.468,16927.0,BTI
2024-03-15 15:06:00,29.463,29.473,29.458,29.468,7984.0,BTI
2024-03-15 15:05:00,29.463,29.473,29.458,29.468,4714.0,BTI
2024-03-15 15:04:00,29.458,29.473,29.458,29.468,4617.0,BTI
2024-03-15 15:03:00,29.463,29.483,29.458,29.468,12320.0,BTI
2024-03-15 15:02:00,29.463,29.473,29.458,29.473,4914.0,BTI
2024-03-15 15:01:00,29.468,29.478,29.458,29.468,8841.0,BTI
2024-03-15 15:00:00,29.482,29.493,29.473,29.478,12807.0,BTI
2024-03-15 14:59:00,29.473,29.493,29.473,29.488,8122.0,BTI
2024-03-15 14:58:00,29.478,29.488,29.468,29.483,18291.0,BTI
2024-03-15 14:57:00,29.473,29.489,29.468,29.488,12686.0,BTI
2024-03-15 14:56:00,29.463,29.483,29.463,29.478,26003.0,BTI
2024-03-15 14:55:00,29.468,29.473,29.463,29.468,4647.0,BTI
2024-03-15 14:54:00,29.463,29.473,29.458,29.473,6338.0,BTI
2024-03-15 14:53:00,29.466,29.473,29.458,29.468,1673.0,BTI
2024-03-15 14:52:00,29.458,29.468,29.448,29.468,9657.0,BTI
2024-03-15 14:51:00,29.443,29.462,29.443,29.462,9482.0,BTI
2024-03-15 14:50:00,29.448,29.454,29.439,29.454,3369.0,BTI
2024-03-15 14:49:00,29.434,29.454,29.429,29.454,11934.0,BTI
2024-03-15 14:48:00,29.434,29.444,29.429,29.434,20257.0,BTI
2024-03-15 14:47:00,29.429,29.449,29.429,29.439,17192.0,BTI
2024-03-15 14:46:00,29.443,29.449,29.434,29.439,26549.0,BTI
2024-03-15 14:45:00,29.443,29.454,29.439,29.449,4372.0,BTI
2024-03-15 14:44:00,29.448,29.454,29.439,29.454,5717.0,BTI
2024-03-15 14:43:00,29.439,29.449,29.439,29.446,3531.0,BTI
2024-03-15 14:42:00,29.443,29.454,29.439,29.449,7155.0,BTI
2024-03-15 14:41:00,29.439,29.449,29.429,29.449,8570.0,BTI
2024-03-15 14:40:00,29.429,29.439,29.429,29.439,3061.0,BTI
2024-03-15 14:39:00,29.429,29.434,29.424,29.434,5901.0,BTI
2024-03-15 14:38:00,29.439,29.444,29.419,29.426,8033.0,BTI
2024-03-15 14:37:00,29.429,29.439,29.419,29.439,11311.0,BTI
2024-03-15 14:36:00,29.424,29.434,29.419,29.432,9907.0,BTI
2024-03-15 14:35:00,29.429,29.434,29.424,29.429,3021.0,BTI
2024-03-15 14:34:00,29.434,29.439,29.419,29.424,11210.0,BTI
2024-03-15 14:33:00,29.434,29.444,29.429,29.434,4216.0,BTI
2024-03-15 14:32:00,29.429,29.439,29.419,29.439,9838.0,BTI
2024-03-15 14:31:00,29.414,29.429,29.414,29.424,13458.0,BTI
2024-03-15 14:30:00,29.419,29.425,29.409,29.415,4345.0,BTI
2024-03-15 14:29:00,29.419,29.429,29.409,29.429,9169.0,BTI
2024-03-15 14:28:00,29.419,29.425,29.414,29.419,2164.0,BTI
2024-03-15 14:27:00,29.424,29.429,29.409,29.419,7198.0,BTI
2024-03-15 14:26:00,29.424,29.434,29.419,29.429,5695.0,BTI
2024-03-15 14:25:00,29.424,29.429,29.419,29.429,2164.0,BTI
2024-03-15 14:24:00,29.448,29.454,29.419,29.429,17965.0,BTI
2024-03-15 14:23:00,29.448,29.454,29.439,29.444,3622.0,BTI
2024-03-15 14:22:00,29.425,29.454,29.424,29.454,14763.0,BTI
2024-03-15 14:21:00,29.419,29.434,29.419,29.429,7560.0,BTI
2024-03-15 14:20:00,29.409,29.425,29.409,29.419,5266.0,BTI
2024-03-15 14:19:00,29.404,29.41,29.404,29.41,2980.0,BTI
2024-03-15 14:18:00,29.404,29.415,29.399,29.41,4498.0,BTI
2024-03-15 14:17:00,29.404,29.415,29.399,29.405,4044.0,BTI
2024-03-15 14:16:00,29.399,29.41,29.395,29.41,2999.0,BTI
2024-03-15 14:15:00,29.404,29.41,29.395,29.401,5295.0,BTI
2024-03-15 14:14:00,29.399,29.41,29.399,29.405,4891.0,BTI
2024-03-15 14:13:00,29.399,29.411,29.399,29.41,4407.0,BTI
2024-03-15 14:12:00,29.38,29.395,29.38,29.395,20263.0,BTI
2024-03-15 14:11:00,29.38,29.385,29.375,29.38,3016.0,BTI
2024-03-15 14:10:00,29.375,29.384,29.375,29.383,3061.0,BTI
2024-03-15 14:09:00,29.37,29.385,29.37,29.385,1885.0,BTI
2024-03-15 14:08:00,29.37,29.385,29.365,29.38,25280.0,BTI
2024-03-15 14:07:00,29.395,29.4,29.375,29.38,13138.0,BTI
2024-03-15 14:06:00,29.399,29.414,29.39,29.4,5235.0,BTI
2024-03-15 14:05:00,29.406,29.411,29.399,29.405,1177.0,BTI
2024-03-15 14:04:00,29.404,29.413,29.399,29.41,3502.0,BTI
2024-03-15 14:03:00,29.404,29.414,29.399,29.405,5048.0,BTI
2024-03-15 14:02:00,29.404,29.415,29.399,29.41,2813.0,BTI
2024-03-15 14:01:00,29.39,29.41,29.39,29.41,14815.0,BTI
2024-03-15 14:00:00,29.395,29.405,29.39,29.4,5984.0,BTI
2024-03-15 13:59:00,29.399,29.414,29.39,29.4,7522.0,BTI
2024-03-15 13:58:00,29.409,29.415,29.399,29.415,2981.0,BTI
2024-03-15 13:57:00,29.399,29.415,29.399,29.409,4417.0,BTI
2024-03-15 13:56:00,29.404,29.415,29.399,29.41,2690.0,BTI
2024-03-15 13:55:00,29.404,29.411,29.399,29.408,4684.0,BTI
2024-03-15 13:54:00,29.404,29.415,29.399,29.41,7711.0,BTI
2024-03-15 13:53:00,29.404,29.41,29.404,29.41,1319.0,BTI
2024-03-15 13:52:00,29.404,29.415,29.399,29.41,7225.0,BTI
2024-03-15 13:51:00,29.404,29.41,29.399,29.41,1791.0,BTI
2024-03-15 13:50:00,29.395,29.41,29.395,29.41,4324.0,BTI
2024-03-15 13:49:00,29.395,29.405,29.39,29.4,6914.0,BTI
2024-03-15 13:48:00,29.395,29.405,29.395,29.405,3672.0,BTI
2024-03-15 13:47:00,29.395,29.404,29.395,29.4,1219.0,BTI
2024-03-15 13:46:00,29.395,29.405,29.39,29.395,22396.0,BTI
2024-03-15 13:45:00,29.409,29.415,29.39,29.4,12188.0,BTI
2024-03-15 13:44:00,29.414,29.424,29.409,29.419,2573.0,BTI
2024-03-15 13:43:00,29.404,29.42,29.399,29.419,8148.0,BTI
2024-03-15 13:42:00,29.385,29.41,29.385,29.41,12216.0,BTI
2024-03-15 13:41:00,29.385,29.39,29.385,29.39,1728.0,BTI
2024-03-15 13:40:00,29.385,29.394,29.385,29.39,1106.0,BTI
2024-03-15 13:39:00,29.374,29.39,29.374,29.385,9822.0,BTI
2024-03-15 13:38:00,29.375,29.381,29.37,29.38,3157.0,BTI
2024-03-15 13:37:00,29.38,29.385,29.37,29.38,6591.0,BTI
2024-03-15 13:36:00,29.385,29.395,29.37,29.376,13087.0,BTI
2024-03-15 13:35:00,29.385,29.393,29.38,29.39,3450.0,BTI
2024-03-15 13:34:00,29.385,29.395,29.381,29.39,7640.0,BTI
2024-03-15 13:33:00,29.385,29.391,29.38,29.39,3622.0,BTI
2024-03-15 13:32:00,29.392,29.405,29.38,29.39,23609.0,BTI
2024-03-15 13:31:00,29.399,29.415,29.39,29.395,12368.0,BTI
2024-03-15 13:30:00,29.404,29.414,29.399,29.41,8647.0,BTI
2024-03-15 13:29:00,29.404,29.415,29.399,29.405,5107.0,BTI
2024-03-15 13:28:00,29.399,29.41,29.399,29.405,1459.0,BTI
2024-03-15 13:27:00,29.399,29.415,29.399,29.41,25294.0,BTI
2024-03-15 13:26:00,29.414,29.425,29.399,29.405,6665.0,BTI
2024-03-15 13:25:00,29.414,29.425,29.409,29.424,6906.0,BTI
2024-03-15 13:24:00,29.414,29.425,29.413,29.423,5246.0,BTI
2024-03-15 13:23:00,29.414,29.425,29.414,29.419,5566.0,BTI
2024-03-15 13:22:00,29.411,29.425,29.409,29.424,7998.0,BTI
2024-03-15 13:21:00,29.424,29.429,29.409,29.419,15264.0,BTI
2024-03-15 13:20:00,29.395,29.434,29.391,29.424,21435.0,BTI
2024-03-15 13:19:00,29.395,29.404,29.393,29.403,1922.0,BTI
2024-03-15 13:18:00,29.399,29.405,29.39,29.395,6885.0,BTI
2024-03-15 13:17:00,29.404,29.413,29.39,29.395,23571.0,BTI
2024-03-15 13:16:00,29.402,29.415,29.399,29.405,20424.0,BTI
2024-03-15 13:15:00,29.399,29.415,29.399,29.415,3908.0,BTI
2024-03-15 13:14:00,29.402,29.415,29.402,29.409,11998.0,BTI
2024-03-15 13:13:00,29.414,29.42,29.402,29.414,5430.0,BTI
2024-03-15 13:12:00,29.414,29.424,29.414,29.419,3148.0,BTI
2024-03-15 13:11:00,29.414,29.424,29.409,29.419,5374.0,BTI
2024-03-15 13:10:00,29.399,29.416,29.399,29.415,13248.0,BTI
2024-03-15 13:09:00,29.395,29.405,29.395,29.405,3507.0,BTI
2024-03-15 13:08:00,29.38,29.4,29.38,29.4,17438.0,BTI
2024-03-15 13:07:00,29.38,29.395,29.38,29.388,6670.0,BTI
2024-03-15 13:06:00,29.375,29.395,29.375,29.39,23696.0,BTI
2024-03-15 13:05:00,29.363,29.385,29.363,29.38,6484.0,BTI
2024-03-15 13:04:00,29.365,29.376,29.36,29.375,7615.0,BTI
2024-03-15 13:03:00,29.36,29.376,29.36,29.371,7064.0,BTI
2024-03-15 13:02:00,29.365,29.376,29.36,29.366,9212.0,BTI
2024-03-15 13:01:00,29.365,29.375,29.36,29.375,2230.0,BTI
2024-03-15 13:00:00,29.37,29.383,29.36,29.371,7899.0,BTI
2024-03-15 12:59:00,29.375,29.381,29.375,29.38,2287.0,BTI
2024-03-15 12:58:00,29.375,29.381,29.37,29.38,5458.0,BTI
2024-03-15 12:57:00,29.37,29.381,29.36,29.376,7247.0,BTI
2024-03-15 12:56:00,29.346,29.366,29.341,29.366,10230.0,BTI
2024-03-15 12:55:00,29.351,29.356,29.341,29.351,9411.0,BTI
2024-03-15 12:54:00,29.36,29.366,29.351,29.361,11202.0,BTI
2024-03-15 12:53:00,29.365,29.376,29.356,29.361,5974.0,BTI
2024-03-15 12:52:00,29.385,29.39,29.364,29.371,19861.0,BTI
2024-03-15 12:51:00,29.38,29.395,29.38,29.39,9084.0,BTI
2024-03-15 12:50:00,29.395,29.4,29.385,29.39,6923.0,BTI
2024-03-15 12:49:00,29.395,29.405,29.39,29.403,3108.0,BTI
2024-03-15 12:48:00,29.395,29.4,29.395,29.4,1540.0,BTI
2024-03-15 12:47:00,29.395,29.405,29.39,29.4,1749.0,BTI
2024-03-15 12:46:00,29.395,29.4,29.39,29.4,1775.0,BTI
2024-03-15 12:45:00,29.404,29.41,29.39,29.395,10450.0,BTI
2024-03-15 12:44:00,29.404,29.41,29.399,29.41,2012.0,BTI
2024-03-15 12:43:00,29.395,29.415,29.395,29.41,7345.0,BTI
2024-03-15 12:42:00,29.405,29.415,29.39,29.4,5773.0,BTI
2024-03-15 12:41:00,29.385,29.41,29.385,29.41,8798.0,BTI
2024-03-15 12:40:00,29.38,29.395,29.38,29.395,12143.0,BTI
2024-03-15 12:39:00,29.39,29.405,29.38,29.39,25338.0,BTI
2024-03-15 12:38:00,29.351,29.395,29.351,29.39,24145.0,BTI
2024-03-15 12:37:00,29.341,29.356,29.341,29.356,19566.0,BTI
2024-03-15 12:36:00,29.326,29.346,29.326,29.346,13327.0,BTI
2024-03-15 12:35:00,29.331,29.346,29.321,29.327,23786.0,BTI
2024-03-15 12:34:00,29.351,29.366,29.331,29.341,75028.0,BTI
2024-03-15 12:33:00,29.365,29.381,29.351,29.366,51299.0,BTI
2024-03-15 12:32:00,29.385,29.395,29.365,29.371,59536.0,BTI
2024-03-15 12:31:00,29.395,29.4,29.356,29.385,92000.0,BTI
2024-03-15 12:30:00,29.424,29.434,29.395,29.405,32394.0,BTI
2024-03-15 12:29:00,29.428,29.434,29.419,29.429,12196.0,BTI
2024-03-15 12:28:00,29.424,29.434,29.419,29.434,6802.0,BTI
2024-03-15 12:27:00,29.414,29.429,29.409,29.429,2605.0,BTI
2024-03-15 12:26:00,29.424,29.434,29.409,29.419,8217.0,BTI
2024-03-15 12:25:00,29.385,29.434,29.38,29.429,8072.0,BTI
2024-03-15 12:24:00,29.395,29.405,29.38,29.395,11615.0,BTI
2024-03-15 12:23:00,29.399,29.415,29.39,29.395,20598.0,BTI
2024-03-15 12:22:00,29.404,29.415,29.399,29.405,10452.0,BTI
2024-03-15 12:21:00,29.395,29.434,29.395,29.41,68791.0,BTI
2024-03-15 12:20:00,29.409,29.415,29.39,29.395,25260.0,BTI
2024-03-15 12:19:00,29.404,29.42,29.404,29.415,4936.0,BTI
2024-03-15 12:18:00,29.404,29.41,29.399,29.41,4474.0,BTI
2024-03-15 12:17:00,29.399,29.415,29.399,29.41,3791.0,BTI
2024-03-15 12:16:00,29.399,29.415,29.399,29.41,18184.0,BTI
2024-03-15 12:15:00,29.409,29.415,29.399,29.41,11413.0,BTI
2024-03-15 12:14:00,29.395,29.415,29.395,29.414,15090.0,BTI
2024-03-15 12:13:00,29.399,29.415,29.39,29.395,13944.0,BTI
2024-03-15 12:12:00,29.409,29.425,29.399,29.41,6023.0,BTI
2024-03-15 12:11:00,29.419,29.429,29.39,29.424,56627.0,BTI
2024-03-15 12:10:00,29.443,29.449,29.399,29.419,24716.0,BTI
2024-03-15 12:09:00,29.453,29.468,29.441,29.446,6075.0,BTI
2024-03-15 12:08:00,29.439,29.464,29.434,29.458,13583.0,BTI
2024-03-15 12:07:00,29.447,29.454,29.439,29.449,4596.0,BTI
2024-03-15 12:06:00,29.434,29.454,29.431,29.444,25399.0,BTI
2024-03-15 12:05:00,29.448,29.464,29.434,29.439,30568.0,BTI
2024-03-15 12:04:00,29.443,29.454,29.439,29.444,5803.0,BTI
2024-03-15 12:03:00,29.443,29.459,29.443,29.449,12588.0,BTI
2024-03-15 12:02:00,29.477,29.483,29.443,29.454,40185.0,BTI
2024-03-15 12:01:00,29.473,29.483,29.468,29.473,23561.0,BTI
2024-03-15 12:00:00,29.487,29.493,29.468,29.483,38027.0,BTI
2024-03-15 11:59:00,29.487,29.503,29.487,29.498,11385.0,BTI
2024-03-15 11:58:00,29.497,29.508,29.478,29.493,32835.0,BTI
2024-03-15 11:57:00,29.512,29.522,29.497,29.507,11603.0,BTI
2024-03-15 11:56:00,29.536,29.542,29.507,29.515,22144.0,BTI
2024-03-15 11:55:00,29.531,29.547,29.526,29.537,7908.0,BTI
2024-03-15 11:54:00,29.536,29.542,29.531,29.537,2784.0,BTI
2024-03-15 11:53:00,29.545,29.55,29.526,29.537,6835.0,BTI
2024-03-15 11:52:00,29.541,29.551,29.536,29.541,4421.0,BTI
2024-03-15 11:51:00,29.536,29.542,29.512,29.541,60847.0,BTI
2024-03-15 11:50:00,29.551,29.556,29.526,29.532,29301.0,BTI
2024-03-15 11:49:00,29.541,29.556,29.536,29.551,10174.0,BTI
2024-03-15 11:48:00,29.537,29.547,29.526,29.546,17109.0,BTI
2024-03-15 11:47:00,29.536,29.547,29.536,29.546,4572.0,BTI
2024-03-15 11:46:00,29.536,29.547,29.536,29.546,6741.0,BTI
2024-03-15 11:45:00,29.536,29.55,29.536,29.541,10976.0,BTI
2024-03-15 11:44:00,29.555,29.561,29.536,29.541,10621.0,BTI
2024-03-15 11:43:00,29.546,29.556,29.546,29.551,3466.0,BTI
2024-03-15 11:42:00,29.57,29.581,29.551,29.556,7399.0,BTI
2024-03-15 11:41:00,29.58,29.591,29.556,29.571,16828.0,BTI
2024-03-15 11:40:00,29.604,29.61,29.575,29.581,25532.0,BTI
2024-03-15 11:39:00,29.595,29.61,29.595,29.605,9844.0,BTI
2024-03-15 11:38:00,29.595,29.605,29.585,29.605,7963.0,BTI
2024-03-15 11:37:00,29.595,29.61,29.595,29.61,3064.0,BTI
2024-03-15 11:36:00,29.604,29.61,29.585,29.6,15854.0,BTI
2024-03-15 11:35:00,29.585,29.61,29.585,29.6,13678.0,BTI
2024-03-15 11:34:00,29.58,29.595,29.57,29.59,13338.0,BTI
2024-03-15 11:33:00,29.565,29.586,29.565,29.581,9219.0,BTI
2024-03-15 11:32:00,29.575,29.581,29.565,29.576,7837.0,BTI
2024-03-15 11:31:00,29.561,29.576,29.556,29.571,5852.0,BTI
2024-03-15 11:30:00,29.546,29.569,29.546,29.563,11387.0,BTI
2024-03-15 11:29:00,29.561,29.566,29.536,29.541,10941.0,BTI
2024-03-15 11:28:00,29.541,29.571,29.541,29.566,12255.0,BTI
2024-03-15 11:27:00,29.531,29.547,29.531,29.541,16418.0,BTI
2024-03-15 11:26:00,29.541,29.547,29.531,29.537,4232.0,BTI
2024-03-15 11:25:00,29.526,29.551,29.526,29.541,13147.0,BTI
2024-03-15 11:24:00,29.526,29.532,29.517,29.522,5646.0,BTI
2024-03-15 11:23:00,29.526,29.542,29.512,29.53,33515.0,BTI
2024-03-15 11:22:00,29.487,29.537,29.487,29.532,22080.0,BTI
2024-03-15 11:21:00,29.497,29.503,29.478,29.485,10453.0,BTI
2024-03-15 11:20:00,29.507,29.512,29.487,29.498,9749.0,BTI
2024-03-15 11:19:00,29.526,29.532,29.497,29.511,20028.0,BTI
2024-03-15 11:18:00,29.526,29.532,29.517,29.527,6783.0,BTI
2024-03-15 11:17:00,29.531,29.542,29.517,29.523,8145.0,BTI
2024-03-15 11:16:00,29.536,29.547,29.526,29.532,8526.0,BTI
2024-03-15 11:15:00,29.517,29.551,29.517,29.546,16192.0,BTI
2024-03-15 11:14:00,29.526,29.532,29.507,29.522,15657.0,BTI
2024-03-15 11:13:00,29.536,29.542,29.517,29.527,11180.0,BTI
2024-03-15 11:12:00,29.536,29.551,29.526,29.541,4908.0,BTI
2024-03-15 11:11:00,29.536,29.551,29.526,29.541,12841.0,BTI
2024-03-15 11:10:00,29.536,29.542,29.526,29.541,8856.0,BTI
2024-03-15 11:09:00,29.536,29.542,29.531,29.537,1066.0,BTI
2024-03-15 11:08:00,29.526,29.537,29.522,29.537,19826.0,BTI
2024-03-15 11:07:00,29.541,29.547,29.526,29.532,6158.0,BTI
2024-03-15 11:06:00,29.551,29.556,29.531,29.541,11929.0,BTI
2024-03-15 11:05:00,29.541,29.556,29.531,29.551,26799.0,BTI
2024-03-15 11:04:00,29.551,29.561,29.536,29.541,14169.0,BTI
2024-03-15 11:03:00,29.57,29.581,29.546,29.556,54777.0,BTI
2024-03-15 11:02:00,29.565,29.581,29.565,29.571,44819.0,BTI
2024-03-15 11:01:00,29.595,29.6,29.556,29.571,23233.0,BTI
2024-03-15 11:00:00,29.595,29.605,29.585,29.6,31091.0,BTI
2024-03-15 10:59:00,29.604,29.61,29.585,29.59,16282.0,BTI
2024-03-15 10:58:00,29.624,29.63,29.595,29.61,31988.0,BTI
2024-03-15 10:57:00,29.624,29.63,29.585,29.62,99606.0,BTI
2024-03-15 10:56:00,29.639,29.659,29.614,29.62,29861.0,BTI
2024-03-15 10:55:00,29.644,29.649,29.634,29.639,7783.0,BTI
2024-03-15 10:54:00,29.614,29.649,29.604,29.649,23296.0,BTI
2024-03-15 10:53:00,29.634,29.644,29.614,29.624,15408.0,BTI
2024-03-15 10:52:00,29.604,29.634,29.604,29.634,4801.0,BTI
2024-03-15 10:51:00,29.604,29.62,29.595,29.611,13803.0,BTI
2024-03-15 10:50:00,29.644,29.654,29.604,29.615,33175.0,BTI
2024-03-15 10:49:00,29.653,29.669,29.634,29.649,28011.0,BTI
2024-03-15 10:48:00,29.639,29.658,29.639,29.658,9480.0,BTI
2024-03-15 10:47:00,29.659,29.667,29.644,29.649,8771.0,BTI
2024-03-15 10:46:00,29.663,29.669,29.653,29.66,9195.0,BTI
2024-03-15 10:45:00,29.653,29.669,29.648,29.659,6919.0,BTI
2024-03-15 10:44:00,29.653,29.664,29.653,29.659,3454.0,BTI
2024-03-15 10:43:00,29.653,29.669,29.653,29.659,4557.0,BTI
2024-03-15 10:42:00,29.653,29.664,29.644,29.654,1884.0,BTI
2024-03-15 10:41:00,29.673,29.678,29.648,29.654,10099.0,BTI
2024-03-15 10:40:00,29.663,29.678,29.663,29.678,5153.0,BTI
2024-03-15 10:39:00,29.663,29.678,29.658,29.664,11429.0,BTI
2024-03-15 10:38:00,29.663,29.669,29.648,29.664,6004.0,BTI
2024-03-15 10:37:00,29.648,29.669,29.644,29.659,2116.0,BTI
2024-03-15 10:36:00,29.663,29.669,29.644,29.649,5856.0,BTI
2024-03-15 10:35:00,29.658,29.668,29.653,29.664,1214.0,BTI
2024-03-15 10:34:00,29.692,29.703,29.663,29.668,8776.0,BTI
2024-03-15 10:33:00,29.683,29.698,29.678,29.698,4488.0,BTI
2024-03-15 10:32:00,29.678,29.696,29.673,29.683,5738.0,BTI
2024-03-15 10:31:00,29.678,29.698,29.673,29.688,6521.0,BTI
2024-03-15 10:30:00,29.673,29.683,29.653,29.678,4268.0,BTI
2024-03-15 10:29:00,29.663,29.686,29.663,29.678,6643.0,BTI
2024-03-15 10:28:00,29.692,29.698,29.653,29.659,12802.0,BTI
2024-03-15 10:27:00,29.692,29.698,29.683,29.693,1405.0,BTI
2024-03-15 10:26:00,29.687,29.707,29.68,29.698,3800.0,BTI
2024-03-15 10:25:00,29.707,29.713,29.683,29.69,9246.0,BTI
2024-03-15 10:24:00,29.702,29.722,29.702,29.717,5052.0,BTI
2024-03-15 10:23:00,29.722,29.727,29.692,29.707,9724.0,BTI
2024-03-15 10:22:00,29.741,29.756,29.722,29.737,12249.0,BTI
2024-03-15 10:21:00,29.722,29.756,29.712,29.737,75231.0,BTI
2024-03-15 10:20:00,29.736,29.747,29.722,29.727,27191.0,BTI
2024-03-15 10:19:00,29.761,29.771,29.736,29.742,21100.0,BTI
2024-03-15 10:18:00,29.761,29.776,29.751,29.766,7091.0,BTI
2024-03-15 10:17:00,29.775,29.781,29.751,29.761,12805.0,BTI
2024-03-15 10:16:00,29.77,29.786,29.766,29.781,19952.0,BTI
2024-03-15 10:15:00,29.766,29.776,29.751,29.776,13798.0,BTI
2024-03-15 10:14:00,29.8,29.805,29.761,29.766,17821.0,BTI
2024-03-15 10:13:00,29.78,29.811,29.78,29.811,7073.0,BTI
2024-03-15 10:12:00,29.78,29.786,29.77,29.781,3967.0,BTI
2024-03-15 10:11:00,29.77,29.8,29.77,29.795,7977.0,BTI
2024-03-15 10:10:00,29.761,29.776,29.752,29.776,2602.0,BTI
2024-03-15 10:09:00,29.731,29.761,29.722,29.756,11548.0,BTI
2024-03-15 10:08:00,29.732,29.752,29.731,29.746,3843.0,BTI
2024-03-15 10:07:00,29.751,29.756,29.731,29.746,20268.0,BTI
2024-03-15 10:06:00,29.761,29.766,29.751,29.756,6272.0,BTI
2024-03-15 10:05:00,29.766,29.776,29.751,29.761,6932.0,BTI
2024-03-15 10:04:00,29.766,29.771,29.756,29.766,1885.0,BTI
2024-03-15 10:03:00,29.736,29.766,29.736,29.761,5793.0,BTI
2024-03-15 10:02:00,29.736,29.747,29.731,29.746,3698.0,BTI
2024-03-15 10:01:00,29.717,29.737,29.712,29.737,5493.0,BTI
2024-03-15 10:00:00,29.741,29.776,29.722,29.727,18691.0,BTI
2024-03-15 09:59:00,29.751,29.766,29.751,29.766,3539.0,BTI
2024-03-15 09:58:00,29.77,29.776,29.751,29.756,5027.0,BTI
2024-03-15 09:57:00,29.756,29.766,29.746,29.766,18121.0,BTI
2024-03-15 09:56:00,29.741,29.776,29.741,29.756,20690.0,BTI
2024-03-15 09:55:00,29.746,29.766,29.736,29.742,22462.0,BTI
2024-03-15 09:54:00,29.746,29.752,29.731,29.746,4704.0,BTI
2024-03-15 09:53:00,29.761,29.766,29.741,29.751,4723.0,BTI
2024-03-15 09:52:00,29.77,29.776,29.761,29.776,6540.0,BTI
2024-03-15 09:51:00,29.77,29.8,29.77,29.786,5646.0,BTI
2024-03-15 09:50:00,29.756,29.771,29.741,29.771,10395.0,BTI
2024-03-15 09:49:00,29.761,29.766,29.751,29.756,9307.0,BTI
2024-03-15 09:48:00,29.761,29.766,29.751,29.761,14280.0,BTI
2024-03-15 09:47:00,29.766,29.786,29.751,29.761,9744.0,BTI
2024-03-15 09:46:00,29.775,29.786,29.761,29.766,13831.0,BTI
2024-03-15 09:45:00,29.78,29.796,29.77,29.781,15123.0,BTI
2024-03-15 09:44:00,29.839,29.844,29.775,29.781,14792.0,BTI
2024-03-15 09:43:00,29.834,29.844,29.819,29.835,21491.0,BTI
2024-03-15 09:42:00,29.819,29.844,29.819,29.839,19755.0,BTI
2024-03-15 09:41:00,29.795,29.825,29.78,29.82,25329.0,BTI
2024-03-15 09:40:00,29.766,29.796,29.761,29.795,6284.0,BTI
2024-03-15 09:39:00,29.8,29.805,29.756,29.766,7374.0,BTI
2024-03-15 09:38:00,29.736,29.805,29.736,29.805,28087.0,BTI
2024-03-15 09:37:00,29.751,29.761,29.722,29.742,41165.0,BTI
2024-03-15 09:36:00,29.736,29.771,29.726,29.766,31158.0,BTI
2024-03-15 09:35:00,29.761,29.786,29.731,29.737,32418.0,BTI
2024-03-15 09:34:00,29.751,29.776,29.751,29.771,15768.0,BTI
2024-03-15 09:33:00,29.746,29.766,29.736,29.746,19481.0,BTI
2024-03-15 09:32:00,29.751,29.776,29.741,29.756,16049.0,BTI
2024-03-15 09:31:00,29.712,29.761,29.697,29.756,23360.0,BTI
2024-03-15 09:30:00,29.653,29.713,29.626,29.707,111595.0,BTI
2024-03-15 09:29:00,29.673,29.688,29.663,29.678,5311.0,BTI
2024-03-15 09:28:00,29.683,29.688,29.663,29.668,4711.0,BTI
2024-03-15 09:27:00,29.673,29.678,29.673,29.678,968.0,BTI
2024-03-15 09:26:00,29.683,29.688,29.673,29.678,1462.0,BTI
2024-03-15 09:25:00,29.663,29.688,29.663,29.688,1840.0,BTI
2024-03-15 09:22:00,29.673,29.678,29.673,29.678,18.0,BTI
2024-03-15 09:20:00,29.653,29.678,29.653,29.668,2257.0,BTI
2024-03-15 09:19:00,29.653,29.659,29.653,29.659,498.0,BTI
2024-03-15 09:18:00,29.653,29.659,29.653,29.659,1937.0,BTI
2024-03-15 09:17:00,29.653,29.659,29.653,29.659,688.0,BTI
2024-03-15 09:16:00,29.673,29.678,29.673,29.678,0.0,BTI
2024-03-15 09:13:00,29.673,29.678,29.673,29.678,17.0,BTI
2024-03-15 09:11:00,29.673,29.678,29.673,29.678,48.0,BTI
2024-03-15 09:10:00,29.673,29.678,29.673,29.678,1113.0,BTI
2024-03-15 09:09:00,29.663,29.678,29.658,29.678,291.0,BTI
2024-03-15 09:08:00,29.702,29.708,29.673,29.678,3044.0,BTI
2024-03-15 09:07:00,29.712,29.717,29.712,29.717,12.0,BTI
2024-03-15 09:02:00,29.712,29.717,29.712,29.717,0.0,BTI
2024-03-15 09:00:00,29.722,29.727,29.722,29.727,968.0,BTI
2024-03-15 08:59:00,29.712,29.717,29.712,29.717,983.0,BTI
2024-03-15 08:58:00,29.722,29.727,29.722,29.727,150.0,BTI
2024-03-15 08:55:00,29.712,29.717,29.702,29.707,435.0,BTI
2024-03-15 08:52:00,29.712,29.717,29.712,29.717,96.0,BTI
2024-03-15 08:51:00,29.712,29.717,29.712,29.717,48.0,BTI
2024-03-15 08:48:00,29.712,29.717,29.702,29.707,300.0,BTI
2024-03-15 08:46:00,29.683,29.693,29.683,29.693,1.0,BTI
2024-03-15 08:45:00,29.673,29.678,29.673,29.678,26.0,BTI
2024-03-15 08:42:00,29.683,29.688,29.673,29.678,2165.0,BTI
2024-03-15 08:41:00,29.683,29.688,29.683,29.688,1566.0,BTI
2024-03-15 08:40:00,29.683,29.688,29.683,29.688,9.0,BTI
2024-03-15 08:39:00,29.692,29.698,29.692,29.698,968.0,BTI
2024-03-15 08:38:00,29.691,29.698,29.691,29.698,98.0,BTI
2024-03-15 08:37:00,29.692,29.698,29.692,29.698,1156.0,BTI
2024-03-15 08:34:00,29.722,29.727,29.722,29.727,48.0,BTI
2024-03-15 08:30:00,29.78,29.796,29.78,29.795,59.0,BTI
2024-03-15 08:26:00,29.702,29.717,29.702,29.717,1.0,BTI
2024-03-15 08:24:00,29.692,29.698,29.692,29.698,0.0,BTI
2024-03-15 08:22:00,29.692,29.698,29.692,29.698,1.0,BTI
2024-03-15 08:19:00,29.692,29.698,29.692,29.698,341.0,BTI
2024-03-15 08:16:00,29.692,29.698,29.692,29.698,7.0,BTI
2024-03-15 08:14:00,29.692,29.698,29.692,29.698,48.0,BTI
2024-03-15 08:12:00,29.692,29.698,29.692,29.698,48.0,BTI
2024-03-15 08:08:00,29.663,29.669,29.663,29.668,484.0,BTI
2024-03-15 08:07:00,29.673,29.678,29.673,29.678,2.0,BTI
2024-03-15 08:06:00,30.258,30.264,29.692,29.697,97.0,BTI
2024-03-15 08:05:00,29.683,29.844,29.683,29.844,340.0,BTI
2024-03-15 08:04:00,30.737,30.743,30.737,30.742,9.0,BTI
2024-03-15 08:03:00,29.722,29.747,29.712,29.717,123.0,BTI
2024-03-15 08:02:00,29.809,30.264,29.741,29.746,85.0,BTI
2024-03-15 08:01:00,29.78,29.786,29.692,29.717,213.0,BTI
2024-03-15 08:00:00,29.741,29.786,29.604,29.756,4613.0,BTI
2024-03-15 07:58:00,29.712,29.717,29.712,29.717,1.0,BTI
2024-03-15 07:56:00,29.722,29.727,29.712,29.717,339.0,BTI
2024-03-15 07:55:00,29.726,29.732,29.726,29.732,3.0,BTI
2024-03-15 07:47:00,29.77,29.776,29.77,29.776,189.0,BTI
2024-03-15 07:43:00,29.78,29.786,29.78,29.786,58.0,BTI
2024-03-15 07:42:00,29.77,29.776,29.77,29.776,242.0,BTI
2024-03-15 07:39:00,29.741,29.747,29.741,29.746,0.0,BTI
2024-03-15 07:36:00,29.741,29.747,29.741,29.746,387.0,BTI
2024-03-15 07:32:00,29.731,29.737,29.731,29.737,48.0,BTI
2024-03-15 07:29:00,29.741,29.747,29.741,29.746,484.0,BTI
2024-03-15 07:27:00,29.761,29.766,29.761,29.766,16.0,BTI
2024-03-15 07:26:00,29.761,29.766,29.761,29.766,11.0,BTI
2024-03-15 07:23:00,29.731,29.737,29.731,29.737,96.0,BTI
2024-03-15 07:20:00,29.731,29.737,29.731,29.737,58.0,BTI
2024-03-15 07:14:00,29.722,29.727,29.722,29.727,31.0,BTI
2024-03-15 07:12:00,29.692,29.698,29.692,29.698,107.0,BTI
2024-03-15 07:11:00,29.692,29.698,29.692,29.698,484.0,BTI
2024-03-15 07:08:00,29.663,29.669,29.663,29.668,96.0,BTI
2024-03-15 07:07:00,29.692,29.698,29.692,29.698,33.0,BTI
2024-03-15 07:05:00,29.722,29.727,29.722,29.727,96.0,BTI
2024-03-15 07:00:00,29.604,29.63,29.604,29.629,454.0,BTI
2024-03-15 06:58:00,29.624,29.63,29.614,29.62,145.0,BTI
2024-03-15 06:56:00,29.634,29.639,29.634,29.639,0.0,BTI
2024-03-15 06:53:00,29.614,29.62,29.614,29.62,386.0,BTI
2024-03-15 06:50:00,29.624,29.63,29.624,29.629,1.0,BTI
2024-03-15 06:47:00,29.634,29.639,29.634,29.639,33.0,BTI
2024-03-15 06:45:00,29.614,29.62,29.614,29.62,96.0,BTI
2024-03-15 06:44:00,29.614,29.62,29.614,29.62,479.0,BTI
2024-03-15 06:34:00,29.702,29.708,29.702,29.707,9.0,BTI
2024-03-15 06:31:00,29.673,29.678,29.673,29.678,48.0,BTI
2024-03-15 06:30:00,29.673,29.678,29.673,29.678,9.0,BTI
2024-03-15 06:28:00,29.673,29.678,29.673,29.678,193.0,BTI
2024-03-15 06:27:00,29.653,29.659,29.653,29.659,85.0,BTI
2024-03-15 06:25:00,29.644,29.649,29.644,29.649,145.0,BTI
2024-03-15 06:24:00,29.634,29.639,29.634,29.639,276.0,BTI
2024-03-15 06:22:00,29.614,29.62,29.614,29.62,9.0,BTI
2024-03-15 06:20:00,29.614,29.62,29.614,29.62,3.0,BTI
2024-03-15 06:19:00,29.585,29.591,29.575,29.581,94.0,BTI
2024-03-15 06:15:00,29.585,29.591,29.585,29.59,83.0,BTI
2024-03-15 06:14:00,29.634,29.639,29.575,29.581,4242.0,BTI
2024-03-15 06:11:00,29.634,29.639,29.634,29.639,48.0,BTI
2024-03-15 06:10:00,29.634,29.639,29.634,29.639,340.0,BTI
2024-03-15 06:09:00,29.644,29.649,29.624,29.629,11.0,BTI
2024-03-15 06:07:00,29.634,29.639,29.634,29.639,96.0,BTI
2024-03-15 06:06:00,29.683,29.688,29.653,29.659,19.0,BTI
2024-03-15 06:04:00,29.702,29.708,29.702,29.707,3.0,BTI
2024-03-15 06:03:00,29.712,29.717,29.712,29.717,19.0,BTI
2024-03-15 06:02:00,29.712,29.717,29.712,29.717,28.0,BTI
2024-03-15 06:00:00,29.722,29.727,29.722,29.727,290.0,BTI
2024-03-15 05:58:00,29.731,29.737,29.731,29.737,145.0,BTI
2024-03-15 05:56:00,29.741,29.747,29.741,29.746,145.0,BTI
2024-03-15 05:55:00,29.761,29.766,29.761,29.766,494.0,BTI
2024-03-15 05:54:00,29.751,29.756,29.751,29.756,0.0,BTI
2024-03-15 05:48:00,29.722,29.727,29.722,29.727,774.0,BTI
2024-03-15 05:47:00,29.722,29.727,29.722,29.727,96.0,BTI
2024-03-15 05:41:00,29.722,29.727,29.722,29.727,193.0,BTI
2024-03-15 05:39:00,29.731,29.737,29.731,29.737,0.0,BTI
2024-03-15 05:35:00,29.751,29.756,29.741,29.746,261.0,BTI
2024-03-15 05:34:00,29.731,29.737,29.731,29.737,116.0,BTI
2024-03-15 05:33:00,29.731,29.737,29.731,29.737,39.0,BTI
2024-03-15 05:31:00,29.722,29.727,29.722,29.727,96.0,BTI
2024-03-15 05:27:00,29.692,29.698,29.692,29.698,67.0,BTI
2024-03-15 05:26:00,29.702,29.708,29.702,29.707,9.0,BTI
2024-03-15 05:25:00,29.673,29.678,29.673,29.678,67.0,BTI
2024-03-15 05:23:00,29.663,29.669,29.663,29.668,290.0,BTI
2024-03-15 05:21:00,29.673,29.678,29.673,29.678,11.0,BTI
2024-03-15 05:20:00,29.673,29.678,29.673,29.678,48.0,BTI
2024-03-15 05:12:00,29.673,29.678,29.673,29.678,9.0,BTI
2024-03-15 05:07:00,29.634,29.639,29.634,29.639,48.0,BTI
2024-03-15 05:00:00,29.604,29.61,29.604,29.61,12.0,BTI
2024-03-15 04:50:00,29.604,29.61,29.604,29.61,0.0,BTI
2024-03-15 04:29:00,29.604,29.61,29.604,29.61,4.0,BTI
2024-03-15 04:26:00,29.644,29.659,29.644,29.659,29.0,BTI
2024-03-15 04:21:00,29.556,29.561,29.556,29.561,96.0,BTI
2024-03-15 04:16:00,29.526,29.532,29.526,29.532,340.0,BTI
2024-03-15 04:14:00,29.556,29.561,29.526,29.532,189.0,BTI
2024-03-15 04:13:00,29.565,29.571,29.536,29.541,597.0,BTI
2024-03-15 04:12:00,29.585,29.591,29.556,29.561,1409.0,BTI
2024-03-15 04:11:00,29.624,29.63,29.595,29.61,28.0,BTI
2024-03-15 04:10:00,29.751,29.756,29.712,29.717,237.0,BTI
2024-03-15 04:07:00,29.722,29.727,29.722,29.727,668.0,BTI
2024-03-15 04:06:00,29.731,29.737,29.731,29.737,334.0,BTI
2024-03-15 04:05:00,29.644,29.649,29.644,29.649,12.0,BTI
2024-03-15 04:03:00,29.634,29.639,29.624,29.629,809.0,BTI
2024-03-15 04:02:00,29.653,29.659,29.634,29.639,515.0,BTI
2024-03-15 04:01:00,29.741,29.747,29.673,29.678,1514.0,BTI
2024-03-15 04:00:00,29.731,29.776,29.731,29.776,25.0,BTI
2024-03-14 19:58:00,29.731,29.737,29.731,29.737,968.0,BTI
2024-03-14 19:49:00,29.809,29.815,29.78,29.786,10.0,BTI
2024-03-14 19:48:00,29.78,29.786,29.77,29.776,388.0,BTI
2024-03-14 19:42:00,29.819,29.825,29.819,29.825,1.0,BTI
2024-03-14 19:36:00,29.8,29.805,29.8,29.805,0.0,BTI
2024-03-14 19:32:00,29.809,29.815,29.809,29.815,9.0,BTI
2024-03-14 19:22:00,29.78,29.786,29.78,29.786,96.0,BTI
2024-03-14 19:08:00,29.809,29.815,29.809,29.815,9.0,BTI
2024-03-14 19:01:00,29.78,29.786,29.731,29.737,96.0,BTI
2024-03-14 19:00:00,29.741,29.747,29.741,29.746,93778.0,BTI
2024-03-14 18:52:00,29.809,29.815,29.809,29.815,0.0,BTI
2024-03-14 18:48:00,29.77,29.776,29.77,29.776,2.0,BTI
2024-03-14 18:46:00,29.78,29.815,29.761,29.815,1066.0,BTI
2024-03-14 18:45:00,29.751,29.756,29.751,29.756,89.0,BTI
2024-03-14 18:38:00,29.751,29.756,29.751,29.756,4.0,BTI
2024-03-14 18:30:00,29.741,29.747,29.731,29.737,93805.0,BTI
2024-03-14 18:29:00,29.741,29.747,29.741,29.746,1.0,BTI
2024-03-14 18:05:00,29.751,29.756,29.751,29.756,1.0,BTI
2024-03-14 18:03:00,29.731,29.756,29.731,29.756,385.0,BTI
2024-03-14 18:02:00,29.731,29.737,29.731,29.737,24.0,BTI
2024-03-14 18:01:00,29.751,29.756,29.751,29.756,0.0,BTI
2024-03-14 17:53:00,29.848,29.854,29.848,29.854,9.0,BTI
2024-03-14 17:49:00,29.731,29.864,29.731,29.864,4.0,BTI
2024-03-14 17:48:00,29.858,29.864,29.858,29.864,1.0,BTI
2024-03-14 17:45:00,29.858,29.864,29.858,29.864,4.0,BTI
2024-03-14 17:43:00,29.741,29.756,29.741,29.756,7.0,BTI
2024-03-14 17:42:00,29.751,29.756,29.751,29.756,1.0,BTI
2024-03-14 17:40:00,29.751,29.756,29.751,29.756,4.0,BTI
2024-03-14 17:35:00,29.751,29.756,29.751,29.756,2.0,BTI
2024-03-14 17:32:00,29.75,29.756,29.75,29.756,0.0,BTI
2024-03-14 17:30:00,29.741,29.756,29.736,29.742,343202.0,BTI
2024-03-14 17:26:00,29.741,29.747,29.741,29.746,0.0,BTI
2024-03-14 17:24:00,29.731,29.737,29.722,29.727,2.0,BTI
2024-03-14 17:22:00,29.731,29.737,29.731,29.737,2.0,BTI
2024-03-14 17:18:00,29.731,29.737,29.731,29.737,96.0,BTI
2024-03-14 17:13:00,29.731,29.737,29.731,29.737,48.0,BTI
2024-03-14 17:04:00,29.731,29.737,29.731,29.737,62.0,BTI
2024-03-14 16:55:00,29.722,29.727,29.722,29.727,0.0,BTI
2024-03-14 16:52:00,29.741,29.747,29.741,29.746,86242.0,BTI
2024-03-14 16:51:00,29.712,29.717,29.712,29.717,96.0,BTI
2024-03-14 16:50:00,29.712,29.727,29.712,29.717,273.0,BTI
2024-03-14 16:45:00,29.683,29.688,29.683,29.688,0.0,BTI
2024-03-14 16:43:00,29.635,29.641,29.635,29.64,96.0,BTI
2024-03-14 16:42:00,29.634,29.639,29.634,29.639,113.0,BTI
2024-03-14 16:37:00,29.741,29.747,29.741,29.746,11566.0,BTI
2024-03-14 16:34:00,29.741,29.747,29.741,29.746,4412.0,BTI
2024-03-14 16:29:00,29.634,29.639,29.634,29.639,968.0,BTI
2024-03-14 16:15:00,29.634,29.639,29.634,29.639,14.0,BTI
2024-03-14 16:14:00,29.634,29.639,29.634,29.639,9.0,BTI
2024-03-14 16:13:00,29.634,29.639,29.634,29.639,2.0,BTI
2024-03-14 16:10:00,29.741,29.747,29.741,29.746,93778.0,BTI
2024-03-14 16:02:00,29.741,29.747,29.741,29.746,158.0,BTI
2024-03-14 16:00:00,29.751,29.756,29.741,29.746,208723.0,BTI
2024-03-14 15:59:00,29.746,29.756,29.731,29.756,67831.0,BTI
2024-03-14 15:58:00,29.746,29.756,29.744,29.756,20309.0,BTI
2024-03-14 15:57:00,29.746,29.756,29.742,29.756,12923.0,BTI
2024-03-14 15:56:00,29.756,29.761,29.743,29.756,17863.0,BTI
2024-03-14 15:55:00,29.746,29.766,29.746,29.761,28432.0,BTI
2024-03-14 15:54:00,29.741,29.756,29.741,29.756,40034.0,BTI
2024-03-14 15:53:00,29.741,29.747,29.731,29.74,13770.0,BTI
2024-03-14 15:52:00,29.722,29.747,29.722,29.746,22606.0,BTI
2024-03-14 15:51:00,29.702,29.727,29.701,29.727,21822.0,BTI
2024-03-14 15:50:00,29.687,29.708,29.678,29.698,18367.0,BTI
2024-03-14 15:49:00,29.673,29.693,29.673,29.693,25762.0,BTI
2024-03-14 15:48:00,29.668,29.678,29.668,29.678,25018.0,BTI
2024-03-14 15:47:00,29.658,29.678,29.658,29.673,73872.0,BTI
2024-03-14 15:46:00,29.658,29.664,29.653,29.664,6440.0,BTI
2024-03-14 15:45:00,29.656,29.667,29.653,29.667,5331.0,BTI
2024-03-14 15:44:00,29.653,29.668,29.653,29.664,3721.0,BTI
2024-03-14 15:43:00,29.648,29.669,29.648,29.659,8503.0,BTI
2024-03-14 15:42:00,29.653,29.659,29.648,29.654,1998.0,BTI
2024-03-14 15:41:00,29.644,29.664,29.644,29.659,12234.0,BTI
2024-03-14 15:40:00,29.648,29.659,29.639,29.654,20607.0,BTI
2024-03-14 15:39:00,29.648,29.667,29.644,29.654,20779.0,BTI
2024-03-14 15:38:00,29.634,29.654,29.634,29.654,5974.0,BTI
2024-03-14 15:37:00,29.644,29.649,29.629,29.639,5803.0,BTI
2024-03-14 15:36:00,29.635,29.649,29.634,29.649,8032.0,BTI
2024-03-14 15:35:00,29.648,29.659,29.639,29.644,7349.0,BTI
2024-03-14 15:34:00,29.648,29.654,29.644,29.654,3598.0,BTI
2024-03-14 15:33:00,29.653,29.667,29.648,29.654,15800.0,BTI
2024-03-14 15:32:00,29.634,29.659,29.634,29.659,17428.0,BTI
2024-03-14 15:31:00,29.653,29.659,29.639,29.644,8408.0,BTI
2024-03-14 15:30:00,29.657,29.669,29.657,29.664,4048.0,BTI
2024-03-14 15:29:00,29.655,29.669,29.653,29.664,5213.0,BTI
2024-03-14 15:28:00,29.653,29.668,29.653,29.664,4744.0,BTI
2024-03-14 15:27:00,29.639,29.654,29.639,29.654,15195.0,BTI
2024-03-14 15:26:00,29.639,29.649,29.634,29.649,2891.0,BTI
2024-03-14 15:25:00,29.639,29.649,29.634,29.649,2677.0,BTI
2024-03-14 15:24:00,29.639,29.649,29.639,29.649,1896.0,BTI
2024-03-14 15:23:00,29.644,29.654,29.634,29.644,6109.0,BTI
2024-03-14 15:22:00,29.644,29.654,29.644,29.649,4257.0,BTI
2024-03-14 15:21:00,29.639,29.654,29.639,29.649,6137.0,BTI
2024-03-14 15:20:00,29.634,29.649,29.634,29.644,2606.0,BTI
2024-03-14 15:19:00,29.658,29.664,29.639,29.644,23612.0,BTI
2024-03-14 15:18:00,29.658,29.664,29.658,29.664,1906.0,BTI
2024-03-14 15:17:00,29.658,29.668,29.653,29.664,1484.0,BTI
2024-03-14 15:16:00,29.663,29.673,29.663,29.668,6468.0,BTI
2024-03-14 15:15:00,29.664,29.673,29.658,29.664,5214.0,BTI
2024-03-14 15:14:00,29.658,29.678,29.658,29.673,5183.0,BTI
2024-03-14 15:13:00,29.653,29.659,29.653,29.659,2203.0,BTI
2024-03-14 15:12:00,29.658,29.669,29.653,29.668,13711.0,BTI
2024-03-14 15:11:00,29.668,29.673,29.653,29.661,5433.0,BTI
2024-03-14 15:10:00,29.668,29.678,29.663,29.673,1805.0,BTI
2024-03-14 15:09:00,29.673,29.683,29.653,29.668,25995.0,BTI
2024-03-14 15:08:00,29.678,29.688,29.673,29.683,23972.0,BTI
2024-03-14 15:07:00,29.678,29.683,29.673,29.678,1741.0,BTI
2024-03-14 15:06:00,29.683,29.688,29.673,29.678,4569.0,BTI
2024-03-14 15:05:00,29.678,29.688,29.673,29.688,4450.0,BTI
2024-03-14 15:04:00,29.692,29.698,29.678,29.683,10934.0,BTI
2024-03-14 15:03:00,29.692,29.698,29.683,29.689,6618.0,BTI
2024-03-14 15:02:00,29.697,29.703,29.687,29.693,4123.0,BTI
2024-03-14 15:01:00,29.722,29.732,29.693,29.698,54600.0,BTI
2024-03-14 15:00:00,29.742,29.748,29.726,29.732,5001.0,BTI
2024-03-14 14:59:00,29.741,29.752,29.741,29.751,1333.0,BTI
2024-03-14 14:58:00,29.731,29.747,29.731,29.746,2468.0,BTI
2024-03-14 14:57:00,29.726,29.742,29.726,29.737,8453.0,BTI
2024-03-14 14:56:00,29.722,29.735,29.717,29.733,5317.0,BTI
2024-03-14 14:55:00,29.707,29.737,29.707,29.727,14572.0,BTI
2024-03-14 14:54:00,29.707,29.713,29.702,29.707,1255.0,BTI
2024-03-14 14:53:00,29.712,29.717,29.702,29.712,14377.0,BTI
2024-03-14 14:52:00,29.712,29.717,29.702,29.715,2507.0,BTI
2024-03-14 14:51:00,29.717,29.722,29.712,29.717,2397.0,BTI
2024-03-14 14:50:00,29.712,29.722,29.712,29.722,1009.0,BTI
2024-03-14 14:49:00,29.717,29.727,29.712,29.722,4960.0,BTI
2024-03-14 14:48:00,29.717,29.722,29.712,29.717,1180.0,BTI
2024-03-14 14:47:00,29.717,29.727,29.712,29.717,1333.0,BTI
2024-03-14 14:46:00,29.717,29.727,29.712,29.722,3633.0,BTI
2024-03-14 14:45:00,29.717,29.727,29.717,29.727,1012.0,BTI
2024-03-14 14:44:00,29.722,29.727,29.712,29.722,4825.0,BTI
2024-03-14 14:43:00,29.722,29.737,29.712,29.717,15813.0,BTI
2024-03-14 14:42:00,29.712,29.727,29.707,29.725,20708.0,BTI
2024-03-14 14:41:00,29.707,29.713,29.702,29.707,6235.0,BTI
2024-03-14 14:40:00,29.706,29.713,29.702,29.712,3617.0,BTI
2024-03-14 14:39:00,29.687,29.713,29.687,29.712,5004.0,BTI
2024-03-14 14:38:00,29.687,29.693,29.683,29.69,1266.0,BTI
2024-03-14 14:37:00,29.683,29.698,29.678,29.688,7802.0,BTI
2024-03-14 14:36:00,29.687,29.693,29.683,29.688,2112.0,BTI
2024-03-14 14:35:00,29.683,29.697,29.683,29.693,2223.0,BTI
2024-03-14 14:34:00,29.687,29.693,29.687,29.693,579.0,BTI
2024-03-14 14:33:00,29.683,29.693,29.678,29.688,7436.0,BTI
2024-03-14 14:32:00,29.673,29.688,29.673,29.687,7817.0,BTI
2024-03-14 14:31:00,29.678,29.683,29.674,29.683,1329.0,BTI
2024-03-14 14:30:00,29.702,29.713,29.673,29.683,14097.0,BTI
2024-03-14 14:29:00,29.707,29.713,29.702,29.708,479.0,BTI
2024-03-14 14:28:00,29.707,29.713,29.702,29.712,2439.0,BTI
2024-03-14 14:27:00,29.707,29.717,29.704,29.712,1153.0,BTI
2024-03-14 14:26:00,29.702,29.713,29.702,29.707,1893.0,BTI
2024-03-14 14:25:00,29.707,29.713,29.702,29.707,1062.0,BTI
2024-03-14 14:24:00,29.702,29.713,29.702,29.712,1922.0,BTI
2024-03-14 14:23:00,29.707,29.717,29.703,29.717,1235.0,BTI
2024-03-14 14:22:00,29.717,29.722,29.702,29.707,2962.0,BTI
2024-03-14 14:21:00,29.722,29.727,29.712,29.717,1929.0,BTI
2024-03-14 14:20:00,29.726,29.736,29.712,29.717,4777.0,BTI
2024-03-14 14:19:00,29.726,29.732,29.726,29.732,320.0,BTI
2024-03-14 14:18:00,29.736,29.742,29.722,29.727,6858.0,BTI
2024-03-14 14:17:00,29.731,29.742,29.731,29.737,3680.0,BTI
2024-03-14 14:16:00,29.726,29.742,29.722,29.742,4086.0,BTI
2024-03-14 14:15:00,29.712,29.732,29.712,29.732,3793.0,BTI
2024-03-14 14:14:00,29.717,29.722,29.714,29.722,699.0,BTI
2024-03-14 14:13:00,29.717,29.727,29.712,29.727,7454.0,BTI
2024-03-14 14:12:00,29.702,29.727,29.702,29.727,4694.0,BTI
2024-03-14 14:11:00,29.697,29.708,29.692,29.703,5468.0,BTI
2024-03-14 14:10:00,29.692,29.703,29.687,29.703,8805.0,BTI
2024-03-14 14:09:00,29.687,29.698,29.683,29.693,1304.0,BTI
2024-03-14 14:08:00,29.697,29.708,29.684,29.689,7454.0,BTI
2024-03-14 14:07:00,29.687,29.708,29.687,29.707,6160.0,BTI
2024-03-14 14:06:00,29.697,29.708,29.683,29.689,25690.0,BTI
2024-03-14 14:05:00,29.702,29.713,29.702,29.707,9030.0,BTI
2024-03-14 14:04:00,29.707,29.717,29.707,29.717,609.0,BTI
2024-03-14 14:03:00,29.702,29.722,29.702,29.712,8966.0,BTI
2024-03-14 14:02:00,29.697,29.708,29.694,29.707,1144.0,BTI
2024-03-14 14:01:00,29.687,29.703,29.687,29.703,3300.0,BTI
2024-03-14 14:00:00,29.687,29.693,29.683,29.688,1163.0,BTI
2024-03-14 13:59:00,29.683,29.698,29.678,29.693,11354.0,BTI
2024-03-14 13:58:00,29.674,29.698,29.674,29.688,10032.0,BTI
2024-03-14 13:57:00,29.678,29.687,29.678,29.687,938.0,BTI
2024-03-14 13:56:00,29.682,29.688,29.675,29.684,5844.0,BTI
2024-03-14 13:55:00,29.673,29.683,29.673,29.683,1773.0,BTI
2024-03-14 13:54:00,29.678,29.683,29.678,29.683,1547.0,BTI
2024-03-14 13:53:00,29.668,29.688,29.664,29.683,8202.0,BTI
2024-03-14 13:52:00,29.673,29.678,29.663,29.668,2610.0,BTI
2024-03-14 13:51:00,29.653,29.678,29.653,29.669,6915.0,BTI
2024-03-14 13:50:00,29.663,29.673,29.653,29.659,2096.0,BTI
2024-03-14 13:49:00,29.663,29.669,29.658,29.664,2027.0,BTI
2024-03-14 13:48:00,29.663,29.673,29.663,29.668,3637.0,BTI
2024-03-14 13:47:00,29.663,29.678,29.658,29.678,7432.0,BTI
2024-03-14 13:46:00,29.652,29.669,29.648,29.664,15833.0,BTI
2024-03-14 13:45:00,29.648,29.654,29.648,29.654,870.0,BTI
2024-03-14 13:44:00,29.648,29.654,29.648,29.654,1244.0,BTI
2024-03-14 13:43:00,29.639,29.659,29.639,29.654,9429.0,BTI
2024-03-14 13:42:00,29.634,29.649,29.634,29.649,2228.0,BTI
2024-03-14 13:41:00,29.635,29.644,29.634,29.639,1402.0,BTI
2024-03-14 13:40:00,29.644,29.649,29.634,29.644,1595.0,BTI
2024-03-14 13:39:00,29.639,29.649,29.634,29.649,4529.0,BTI
2024-03-14 13:38:00,29.639,29.644,29.634,29.644,2305.0,BTI
2024-03-14 13:37:00,29.629,29.649,29.624,29.639,50774.0,BTI
2024-03-14 13:36:00,29.609,29.634,29.609,29.632,12947.0,BTI
2024-03-14 13:35:00,29.619,29.625,29.604,29.62,10854.0,BTI
2024-03-14 13:34:00,29.609,29.63,29.605,29.624,12724.0,BTI
2024-03-14 13:33:00,29.6,29.615,29.595,29.615,7544.0,BTI
2024-03-14 13:32:00,29.6,29.61,29.595,29.605,4088.0,BTI
2024-03-14 13:31:00,29.6,29.61,29.6,29.61,8131.0,BTI
2024-03-14 13:30:00,29.614,29.62,29.6,29.605,9748.0,BTI
2024-03-14 13:29:00,29.619,29.625,29.614,29.62,991.0,BTI
2024-03-14 13:28:00,29.627,29.639,29.614,29.624,12689.0,BTI
2024-03-14 13:27:00,29.625,29.639,29.625,29.634,3419.0,BTI
2024-03-14 13:26:00,29.629,29.634,29.624,29.629,8063.0,BTI
2024-03-14 13:25:00,29.639,29.649,29.624,29.629,7312.0,BTI
2024-03-14 13:24:00,29.653,29.659,29.644,29.649,1886.0,BTI
2024-03-14 13:23:00,29.653,29.664,29.644,29.654,8443.0,BTI
2024-03-14 13:22:00,29.658,29.669,29.653,29.668,2551.0,BTI
2024-03-14 13:21:00,29.661,29.669,29.653,29.664,16579.0,BTI
2024-03-14 13:20:00,29.663,29.673,29.658,29.664,8566.0,BTI
2024-03-14 13:19:00,29.673,29.678,29.672,29.677,1258.0,BTI
2024-03-14 13:18:00,29.673,29.683,29.663,29.678,16840.0,BTI
2024-03-14 13:17:00,29.683,29.688,29.678,29.688,2861.0,BTI
2024-03-14 13:16:00,29.674,29.688,29.673,29.683,8230.0,BTI
2024-03-14 13:15:00,29.687,29.696,29.673,29.678,6170.0,BTI
2024-03-14 13:14:00,29.687,29.698,29.683,29.693,5466.0,BTI
2024-03-14 13:13:00,29.685,29.698,29.685,29.693,4468.0,BTI
2024-03-14 13:12:00,29.687,29.698,29.683,29.698,5809.0,BTI
2024-03-14 13:11:00,29.687,29.698,29.687,29.693,2798.0,BTI
2024-03-14 13:10:00,29.697,29.703,29.683,29.688,5031.0,BTI
2024-03-14 13:09:00,29.697,29.707,29.692,29.703,3922.0,BTI
2024-03-14 13:08:00,29.697,29.703,29.692,29.703,1291.0,BTI
2024-03-14 13:07:00,29.692,29.707,29.692,29.707,2399.0,BTI
2024-03-14 13:06:00,29.698,29.708,29.692,29.707,1970.0,BTI
2024-03-14 13:05:00,29.697,29.708,29.697,29.703,5340.0,BTI
2024-03-14 13:04:00,29.697,29.708,29.697,29.707,4467.0,BTI
2024-03-14 13:03:00,29.696,29.708,29.692,29.707,873.0,BTI
2024-03-14 13:02:00,29.707,29.713,29.697,29.703,5700.0,BTI
2024-03-14 13:01:00,29.707,29.717,29.707,29.712,7804.0,BTI
2024-03-14 13:00:00,29.717,29.722,29.702,29.712,4854.0,BTI
2024-03-14 12:59:00,29.722,29.727,29.712,29.726,10794.0,BTI
2024-03-14 12:58:00,29.731,29.747,29.722,29.727,24675.0,BTI
2024-03-14 12:57:00,29.736,29.746,29.731,29.742,8863.0,BTI
2024-03-14 12:56:00,29.736,29.747,29.736,29.746,11164.0,BTI
2024-03-14 12:55:00,29.751,29.761,29.741,29.746,7885.0,BTI
2024-03-14 12:54:00,29.756,29.761,29.756,29.761,3585.0,BTI
2024-03-14 12:53:00,29.751,29.766,29.751,29.764,1215.0,BTI
2024-03-14 12:52:00,29.756,29.761,29.752,29.761,2306.0,BTI
2024-03-14 12:51:00,29.766,29.771,29.751,29.761,4369.0,BTI
2024-03-14 12:50:00,29.766,29.776,29.761,29.771,2938.0,BTI
2024-03-14 12:49:00,29.775,29.781,29.766,29.771,7366.0,BTI
2024-03-14 12:48:00,29.775,29.781,29.77,29.781,1088.0,BTI
2024-03-14 12:47:00,29.775,29.781,29.77,29.776,787.0,BTI
2024-03-14 12:46:00,29.795,29.8,29.775,29.781,14979.0,BTI
2024-03-14 12:45:00,29.785,29.805,29.785,29.797,5042.0,BTI
2024-03-14 12:44:00,29.785,29.796,29.78,29.786,3137.0,BTI
2024-03-14 12:43:00,29.785,29.796,29.78,29.79,6732.0,BTI
2024-03-14 12:42:00,29.785,29.796,29.78,29.79,5321.0,BTI
2024-03-14 12:41:00,29.795,29.8,29.785,29.795,38329.0,BTI
2024-03-14 12:40:00,29.795,29.8,29.795,29.8,7010.0,BTI
2024-03-14 12:39:00,29.809,29.82,29.8,29.805,12823.0,BTI
2024-03-14 12:38:00,29.805,29.815,29.8,29.815,12007.0,BTI
2024-03-14 12:37:00,29.79,29.81,29.785,29.807,23140.0,BTI
2024-03-14 12:36:00,29.8,29.805,29.79,29.795,2879.0,BTI
2024-03-14 12:35:00,29.819,29.825,29.805,29.81,8503.0,BTI
2024-03-14 12:34:00,29.805,29.844,29.805,29.825,191496.0,BTI
2024-03-14 12:33:00,29.795,29.81,29.78,29.81,13834.0,BTI
2024-03-14 12:32:00,29.775,29.8,29.77,29.8,22426.0,BTI
2024-03-14 12:31:00,29.77,29.781,29.761,29.781,24986.0,BTI
2024-03-14 12:30:00,29.79,29.796,29.771,29.781,21206.0,BTI
2024-03-14 12:29:00,29.785,29.796,29.775,29.795,15751.0,BTI
2024-03-14 12:28:00,29.761,29.786,29.751,29.786,24256.0,BTI
2024-03-14 12:27:00,29.756,29.766,29.751,29.761,8327.0,BTI
2024-03-14 12:26:00,29.736,29.756,29.731,29.756,9198.0,BTI
2024-03-14 12:25:00,29.751,29.761,29.731,29.742,11455.0,BTI
2024-03-14 12:24:00,29.746,29.761,29.746,29.756,10512.0,BTI
2024-03-14 12:23:00,29.736,29.752,29.736,29.746,3571.0,BTI
2024-03-14 12:22:00,29.756,29.766,29.731,29.742,10432.0,BTI
2024-03-14 12:21:00,29.761,29.771,29.751,29.766,7064.0,BTI
2024-03-14 12:20:00,29.756,29.761,29.741,29.756,13479.0,BTI
2024-03-14 12:19:00,29.756,29.766,29.751,29.761,3133.0,BTI
2024-03-14 12:18:00,29.761,29.771,29.751,29.761,10264.0,BTI
2024-03-14 12:17:00,29.761,29.771,29.751,29.761,9140.0,BTI
2024-03-14 12:16:00,29.775,29.781,29.766,29.771,3580.0,BTI
2024-03-14 12:15:00,29.761,29.781,29.761,29.781,7074.0,BTI
2024-03-14 12:14:00,29.761,29.771,29.761,29.766,4374.0,BTI
2024-03-14 12:13:00,29.77,29.776,29.751,29.759,3855.0,BTI
2024-03-14 12:12:00,29.77,29.781,29.766,29.776,3915.0,BTI
2024-03-14 12:11:00,29.771,29.786,29.771,29.781,2983.0,BTI
2024-03-14 12:10:00,29.775,29.791,29.77,29.781,5342.0,BTI
2024-03-14 12:09:00,29.78,29.786,29.77,29.786,5076.0,BTI
2024-03-14 12:08:00,29.775,29.794,29.775,29.786,7805.0,BTI
2024-03-14 12:07:00,29.77,29.781,29.77,29.781,1352.0,BTI
2024-03-14 12:06:00,29.766,29.771,29.761,29.771,7432.0,BTI
2024-03-14 12:05:00,29.78,29.786,29.766,29.771,4242.0,BTI
2024-03-14 12:04:00,29.785,29.796,29.78,29.79,4738.0,BTI
2024-03-14 12:03:00,29.775,29.796,29.775,29.79,3240.0,BTI
2024-03-14 12:02:00,29.78,29.791,29.775,29.781,4042.0,BTI
2024-03-14 12:01:00,29.785,29.791,29.785,29.79,755.0,BTI
2024-03-14 12:00:00,29.778,29.796,29.77,29.795,6332.0,BTI
2024-03-14 11:59:00,29.778,29.786,29.761,29.776,16294.0,BTI
2024-03-14 11:58:00,29.766,29.781,29.766,29.776,4298.0,BTI
2024-03-14 11:57:00,29.775,29.781,29.77,29.776,1080.0,BTI
2024-03-14 11:56:00,29.766,29.781,29.761,29.776,7170.0,BTI
2024-03-14 11:55:00,29.756,29.766,29.751,29.766,4291.0,BTI
2024-03-14 11:54:00,29.756,29.766,29.751,29.761,4010.0,BTI
2024-03-14 11:53:00,29.751,29.766,29.751,29.756,5318.0,BTI
2024-03-14 11:52:00,29.741,29.756,29.741,29.751,6540.0,BTI
2024-03-14 11:51:00,29.736,29.752,29.731,29.751,3050.0,BTI
2024-03-14 11:50:00,29.741,29.752,29.731,29.746,7920.0,BTI
2024-03-14 11:49:00,29.746,29.752,29.731,29.746,14151.0,BTI
2024-03-14 11:48:00,29.751,29.756,29.741,29.751,4598.0,BTI
2024-03-14 11:47:00,29.741,29.757,29.741,29.757,8462.0,BTI
2024-03-14 11:46:00,29.746,29.753,29.731,29.742,13294.0,BTI
2024-03-14 11:45:00,29.746,29.752,29.746,29.751,317.0,BTI
2024-03-14 11:44:00,29.751,29.761,29.741,29.746,2578.0,BTI
2024-03-14 11:43:00,29.751,29.756,29.741,29.756,10687.0,BTI
2024-03-14 11:42:00,29.741,29.756,29.741,29.751,2812.0,BTI
2024-03-14 11:41:00,29.726,29.738,29.722,29.738,1791.0,BTI
2024-03-14 11:40:00,29.741,29.766,29.731,29.737,10094.0,BTI
2024-03-14 11:39:00,29.722,29.737,29.722,29.737,4008.0,BTI
2024-03-14 11:38:00,29.736,29.742,29.722,29.732,1859.0,BTI
2024-03-14 11:37:00,29.726,29.737,29.702,29.737,20001.0,BTI
2024-03-14 11:36:00,29.726,29.732,29.722,29.728,1659.0,BTI
2024-03-14 11:35:00,29.731,29.737,29.722,29.732,5692.0,BTI
2024-03-14 11:34:00,29.731,29.742,29.722,29.737,12199.0,BTI
2024-03-14 11:33:00,29.741,29.747,29.722,29.732,12506.0,BTI
2024-03-14 11:32:00,29.76,29.766,29.731,29.737,11906.0,BTI
2024-03-14 11:31:00,29.751,29.766,29.751,29.766,7558.0,BTI
2024-03-14 11:30:00,29.751,29.766,29.751,29.756,9261.0,BTI
2024-03-14 11:29:00,29.761,29.766,29.751,29.756,5077.0,BTI
2024-03-14 11:28:00,29.751,29.771,29.751,29.766,5276.0,BTI
2024-03-14 11:27:00,29.761,29.766,29.751,29.756,9108.0,BTI
2024-03-14 11:26:00,29.775,29.786,29.751,29.759,22632.0,BTI
2024-03-14 11:25:00,29.77,29.786,29.761,29.776,32451.0,BTI
2024-03-14 11:24:00,29.805,29.81,29.77,29.778,22993.0,BTI
2024-03-14 11:23:00,29.8,29.815,29.8,29.805,2970.0,BTI
2024-03-14 11:22:00,29.823,29.83,29.8,29.815,16932.0,BTI
2024-03-14 11:21:00,29.819,29.83,29.815,29.825,6268.0,BTI
2024-03-14 11:20:00,29.814,29.82,29.809,29.82,3738.0,BTI
2024-03-14 11:19:00,29.809,29.815,29.8,29.815,6100.0,BTI
2024-03-14 11:18:00,29.838,29.843,29.809,29.815,12205.0,BTI
2024-03-14 11:17:00,29.809,29.854,29.809,29.844,50603.0,BTI
2024-03-14 11:16:00,29.814,29.83,29.81,29.825,4816.0,BTI
2024-03-14 11:15:00,29.79,29.82,29.79,29.82,9192.0,BTI
2024-03-14 11:14:00,29.8,29.805,29.79,29.8,2007.0,BTI
2024-03-14 11:13:00,29.814,29.82,29.8,29.805,2566.0,BTI
2024-03-14 11:12:00,29.8,29.825,29.8,29.825,10842.0,BTI
2024-03-14 11:11:00,29.795,29.814,29.795,29.814,10468.0,BTI
2024-03-14 11:10:00,29.8,29.81,29.795,29.805,4129.0,BTI
2024-03-14 11:09:00,29.78,29.81,29.78,29.805,2739.0,BTI
2024-03-14 11:08:00,29.788,29.794,29.78,29.79,2052.0,BTI
2024-03-14 11:07:00,29.795,29.81,29.78,29.786,4938.0,BTI
2024-03-14 11:06:00,29.799,29.81,29.78,29.805,8588.0,BTI
2024-03-14 11:05:00,29.785,29.805,29.785,29.8,11292.0,BTI
2024-03-14 11:04:00,29.77,29.796,29.77,29.795,7107.0,BTI
2024-03-14 11:03:00,29.761,29.776,29.761,29.776,6363.0,BTI
2024-03-14 11:02:00,29.741,29.761,29.741,29.761,4768.0,BTI
2024-03-14 11:01:00,29.726,29.738,29.722,29.737,11624.0,BTI
2024-03-14 11:00:00,29.722,29.732,29.712,29.727,9690.0,BTI
2024-03-14 10:59:00,29.746,29.761,29.741,29.746,19509.0,BTI
2024-03-14 10:58:00,29.756,29.766,29.741,29.746,17260.0,BTI
2024-03-14 10:57:00,29.761,29.786,29.761,29.766,19454.0,BTI
2024-03-14 10:56:00,29.751,29.766,29.746,29.766,3051.0,BTI
2024-03-14 10:55:00,29.766,29.771,29.731,29.748,19074.0,BTI
2024-03-14 10:54:00,29.746,29.776,29.746,29.776,26539.0,BTI
2024-03-14 10:53:00,29.751,29.756,29.746,29.751,2534.0,BTI
2024-03-14 10:52:00,29.77,29.776,29.751,29.761,49901.0,BTI
2024-03-14 10:51:00,29.77,29.791,29.77,29.781,31078.0,BTI
2024-03-14 10:50:00,29.792,29.8,29.78,29.786,3942.0,BTI
2024-03-14 10:49:00,29.8,29.81,29.78,29.805,22209.0,BTI
2024-03-14 10:48:00,29.79,29.801,29.79,29.799,3298.0,BTI
2024-03-14 10:47:00,29.79,29.8,29.776,29.786,8661.0,BTI
2024-03-14 10:46:00,29.79,29.805,29.79,29.795,3625.0,BTI
2024-03-14 10:45:00,29.8,29.805,29.79,29.795,7552.0,BTI
2024-03-14 10:44:00,29.809,29.825,29.8,29.805,6402.0,BTI
2024-03-14 10:43:00,29.809,29.82,29.805,29.81,4814.0,BTI
2024-03-14 10:42:00,29.814,29.825,29.809,29.824,5686.0,BTI
2024-03-14 10:41:00,29.79,29.82,29.79,29.82,16517.0,BTI
2024-03-14 10:40:00,29.809,29.82,29.795,29.8,8111.0,BTI
2024-03-14 10:39:00,29.8,29.815,29.8,29.815,8819.0,BTI
2024-03-14 10:38:00,29.8,29.81,29.8,29.81,10743.0,BTI
2024-03-14 10:37:00,29.809,29.815,29.795,29.81,7522.0,BTI
2024-03-14 10:36:00,29.824,29.835,29.809,29.825,10813.0,BTI
2024-03-14 10:35:00,29.79,29.83,29.79,29.829,8013.0,BTI
2024-03-14 10:34:00,29.795,29.8,29.78,29.79,8185.0,BTI
2024-03-14 10:33:00,29.809,29.815,29.79,29.795,12275.0,BTI
2024-03-14 10:32:00,29.78,29.815,29.778,29.815,14824.0,BTI
2024-03-14 10:31:00,29.77,29.791,29.766,29.786,10755.0,BTI
2024-03-14 10:30:00,29.78,29.786,29.751,29.771,61069.0,BTI
2024-03-14 10:29:00,29.775,29.786,29.77,29.786,12909.0,BTI
2024-03-14 10:28:00,29.785,29.791,29.77,29.776,16004.0,BTI
2024-03-14 10:27:00,29.785,29.796,29.77,29.786,5738.0,BTI
2024-03-14 10:26:00,29.775,29.805,29.77,29.795,10989.0,BTI
2024-03-14 10:25:00,29.78,29.791,29.77,29.776,21337.0,BTI
2024-03-14 10:24:00,29.805,29.813,29.79,29.795,12295.0,BTI
2024-03-14 10:23:00,29.814,29.825,29.805,29.81,4008.0,BTI
2024-03-14 10:22:00,29.829,29.844,29.809,29.815,16231.0,BTI
2024-03-14 10:21:00,29.834,29.854,29.824,29.834,18040.0,BTI
2024-03-14 10:20:00,29.839,29.854,29.829,29.844,11443.0,BTI
2024-03-14 10:19:00,29.815,29.844,29.812,29.844,16421.0,BTI
2024-03-14 10:18:00,29.785,29.825,29.78,29.825,8998.0,BTI
2024-03-14 10:17:00,29.785,29.796,29.78,29.786,5132.0,BTI
2024-03-14 10:16:00,29.8,29.805,29.78,29.795,21006.0,BTI
2024-03-14 10:15:00,29.809,29.815,29.79,29.805,21664.0,BTI
2024-03-14 10:14:00,29.829,29.835,29.809,29.815,28580.0,BTI
2024-03-14 10:13:00,29.844,29.849,29.829,29.834,5019.0,BTI
2024-03-14 10:12:00,29.868,29.874,29.848,29.854,6449.0,BTI
2024-03-14 10:11:00,29.839,29.865,29.839,29.865,5965.0,BTI
2024-03-14 10:10:00,29.868,29.874,29.839,29.849,15382.0,BTI
2024-03-14 10:09:00,29.858,29.879,29.858,29.878,13296.0,BTI
2024-03-14 10:08:00,29.873,29.883,29.863,29.869,1920.0,BTI
2024-03-14 10:07:00,29.873,29.893,29.868,29.883,4370.0,BTI
2024-03-14 10:06:00,29.892,29.898,29.878,29.888,8257.0,BTI
2024-03-14 10:05:00,29.902,29.922,29.892,29.898,7043.0,BTI
2024-03-14 10:04:00,29.873,29.913,29.868,29.908,7505.0,BTI
2024-03-14 10:03:00,29.873,29.883,29.848,29.878,26311.0,BTI
2024-03-14 10:02:00,29.878,29.888,29.868,29.873,5778.0,BTI
2024-03-14 10:01:00,29.868,29.883,29.863,29.877,30921.0,BTI
2024-03-14 10:00:00,29.886,29.893,29.868,29.878,3494.0,BTI
2024-03-14 09:59:00,29.888,29.903,29.878,29.891,7218.0,BTI
2024-03-14 09:58:00,29.863,29.893,29.863,29.888,12972.0,BTI
2024-03-14 09:57:00,29.868,29.893,29.858,29.871,81981.0,BTI
2024-03-14 09:56:00,29.829,29.952,29.829,29.883,203256.0,BTI
2024-03-14 09:55:00,29.809,29.844,29.809,29.839,13033.0,BTI
2024-03-14 09:54:00,29.809,29.82,29.8,29.805,3940.0,BTI
2024-03-14 09:53:00,29.8,29.81,29.79,29.805,6115.0,BTI
2024-03-14 09:52:00,29.814,29.825,29.79,29.81,13898.0,BTI
2024-03-14 09:51:00,29.819,29.835,29.809,29.82,26594.0,BTI
2024-03-14 09:50:00,29.829,29.835,29.809,29.825,28321.0,BTI
2024-03-14 09:49:00,29.853,29.864,29.829,29.834,28091.0,BTI
2024-03-14 09:48:00,29.858,29.873,29.848,29.854,5069.0,BTI
2024-03-14 09:47:00,29.858,29.883,29.858,29.873,6909.0,BTI
2024-03-14 09:46:00,29.888,29.898,29.863,29.869,15503.0,BTI
2024-03-14 09:45:00,29.883,29.898,29.878,29.898,10553.0,BTI
2024-03-14 09:44:00,29.878,29.883,29.868,29.883,7817.0,BTI
2024-03-14 09:43:00,29.897,29.903,29.878,29.892,24260.0,BTI
2024-03-14 09:42:00,29.936,29.952,29.907,29.912,23585.0,BTI
2024-03-14 09:41:00,29.956,29.966,29.927,29.932,21968.0,BTI
2024-03-14 09:40:00,29.966,29.976,29.956,29.971,6808.0,BTI
2024-03-14 09:39:00,29.951,29.981,29.946,29.971,16214.0,BTI
2024-03-14 09:38:00,29.941,29.961,29.941,29.951,4775.0,BTI
2024-03-14 09:37:00,29.946,29.961,29.936,29.942,6646.0,BTI
2024-03-14 09:36:00,29.956,29.971,29.936,29.947,6348.0,BTI
2024-03-14 09:35:00,29.946,29.976,29.946,29.961,13428.0,BTI
2024-03-14 09:34:00,29.985,29.996,29.936,29.947,13193.0,BTI
2024-03-14 09:33:00,30.012,30.025,29.975,29.991,127057.0,BTI
2024-03-14 09:32:00,29.975,30.015,29.966,30.01,13729.0,BTI
2024-03-14 09:31:00,30.024,30.04,29.966,29.981,15156.0,BTI
2024-03-14 09:30:00,29.995,30.03,29.995,30.025,96766.0,BTI
2024-03-14 09:29:00,30.005,30.01,29.995,30.0,6922.0,BTI
2024-03-14 09:28:00,30.005,30.01,30.005,30.01,1758.0,BTI
2024-03-14 09:24:00,30.014,30.02,30.014,30.02,1743.0,BTI
2024-03-14 09:21:00,30.024,30.03,30.005,30.011,417.0,BTI
2024-03-14 09:20:00,30.034,30.04,30.024,30.03,1056.0,BTI
2024-03-14 09:19:00,30.044,30.049,30.034,30.039,1592.0,BTI
2024-03-14 09:18:00,30.053,30.059,30.044,30.049,726.0,BTI
2024-03-14 09:17:00,30.044,30.059,30.044,30.059,1405.0,BTI
2024-03-14 09:15:00,30.044,30.049,30.044,30.049,96.0,BTI
2024-03-14 09:14:00,30.044,30.049,30.044,30.049,869.0,BTI
2024-03-14 09:13:00,30.044,30.049,30.044,30.049,0.0,BTI
2024-03-14 09:12:00,30.044,30.049,30.044,30.049,19.0,BTI
2024-03-14 09:11:00,30.034,30.04,30.034,30.039,1731.0,BTI
2024-03-14 09:10:00,30.044,30.049,30.044,30.049,969.0,BTI
2024-03-14 09:08:00,30.044,30.049,30.034,30.039,591.0,BTI
2024-03-14 09:07:00,30.044,30.049,30.044,30.049,0.0,BTI
2024-03-14 09:06:00,30.044,30.049,30.044,30.049,2832.0,BTI
2024-03-14 09:05:00,30.053,30.069,30.053,30.059,1328.0,BTI
2024-03-14 09:04:00,30.063,30.069,30.063,30.069,358.0,BTI
2024-03-14 09:02:00,30.053,30.069,30.053,30.068,4308.0,BTI
2024-03-14 09:01:00,30.044,30.049,30.044,30.049,781.0,BTI
2024-03-14 09:00:00,30.044,30.049,30.044,30.049,983.0,BTI
2024-03-14 08:58:00,30.034,30.04,30.034,30.039,581.0,BTI
2024-03-14 08:54:00,30.053,30.059,30.053,30.059,484.0,BTI
2024-03-14 08:52:00,30.014,30.04,30.014,30.039,2098.0,BTI
2024-03-14 08:51:00,30.005,30.01,30.005,30.01,9.0,BTI
2024-03-14 08:49:00,30.014,30.02,30.014,30.02,72.0,BTI
2024-03-14 08:48:00,30.014,30.03,30.014,30.03,25.0,BTI
2024-03-14 08:46:00,30.034,30.04,30.024,30.03,101.0,BTI
2024-03-14 08:45:00,30.053,30.059,30.044,30.049,51.0,BTI
2024-03-14 08:42:00,30.063,30.069,30.063,30.069,19.0,BTI
2024-03-14 08:40:00,30.102,30.108,30.102,30.108,16.0,BTI
2024-03-14 08:37:00,30.092,30.098,30.092,30.097,2.0,BTI
2024-03-14 08:34:00,30.044,30.049,30.044,30.049,8.0,BTI
2024-03-14 08:33:00,30.024,30.049,30.014,30.03,665.0,BTI
2024-03-14 08:30:00,30.073,30.165,30.063,30.069,249.0,BTI
2024-03-14 08:27:00,30.083,30.088,30.083,30.088,2034.0,BTI
2024-03-14 08:25:00,30.083,30.088,30.073,30.078,198.0,BTI
2024-03-14 08:24:00,30.082,30.088,30.082,30.088,97.0,BTI
2024-03-14 08:23:00,30.083,30.088,30.083,30.088,5.0,BTI
2024-03-14 08:22:00,30.083,30.088,30.083,30.088,484.0,BTI
2024-03-14 08:21:00,30.083,30.088,30.083,30.088,774.0,BTI
2024-03-14 08:20:00,30.093,30.098,30.093,30.098,96.0,BTI
2024-03-14 08:19:00,30.083,30.088,30.083,30.088,145.0,BTI
2024-03-14 08:18:00,30.093,30.098,30.083,30.088,388.0,BTI
2024-03-14 08:13:00,30.073,30.098,30.073,30.098,385.0,BTI
2024-03-14 08:12:00,30.073,30.088,30.073,30.088,292.0,BTI
2024-03-14 08:08:00,30.083,30.088,30.083,30.088,2179.0,BTI
2024-03-14 08:05:00,30.044,30.079,30.044,30.069,30.0,BTI
2024-03-14 08:04:00,30.093,30.098,30.093,30.098,581.0,BTI
2024-03-14 08:03:00,30.063,30.069,30.063,30.069,1.0,BTI
2024-03-14 08:02:00,30.112,30.127,30.044,30.127,107.0,BTI
2024-03-14 08:01:00,30.122,30.127,30.112,30.117,63.0,BTI
2024-03-14 08:00:00,30.122,30.147,30.102,30.137,2718.0,BTI
2024-03-14 07:47:00,30.122,30.127,30.122,30.127,2.0,BTI
2024-03-14 07:46:00,30.122,30.127,30.122,30.127,5.0,BTI
2024-03-14 07:29:00,30.122,30.127,30.122,30.127,15.0,BTI
2024-03-14 07:20:00,30.122,30.127,30.122,30.127,484.0,BTI
2024-03-14 07:12:00,30.122,30.127,30.112,30.117,290.0,BTI
2024-03-14 07:00:00,30.141,30.147,30.132,30.147,1356.0,BTI
2024-03-14 06:55:00,30.102,30.108,30.102,30.108,0.0,BTI
2024-03-14 06:53:00,30.083,30.088,30.073,30.078,194.0,BTI
2024-03-14 06:44:00,30.073,30.079,30.063,30.069,494.0,BTI
2024-03-14 06:30:00,30.073,30.079,30.073,30.078,82.0,BTI
2024-03-14 06:29:00,30.083,30.088,30.073,30.078,968.0,BTI
2024-03-14 06:24:00,30.122,30.127,30.112,30.117,1209.0,BTI
2024-03-14 06:21:00,30.122,30.127,30.122,30.127,532.0,BTI
2024-03-14 06:14:00,30.122,30.127,30.122,30.127,2.0,BTI
2024-03-14 06:02:00,30.171,30.176,30.171,30.176,1020.0,BTI
2024-03-14 05:57:00,30.18,30.186,30.18,30.186,193.0,BTI
2024-03-14 05:55:00,30.18,30.186,30.171,30.176,1621.0,BTI
2024-03-14 05:54:00,30.18,30.186,30.18,30.186,96.0,BTI
2024-03-14 05:53:00,30.171,30.176,30.171,30.176,290.0,BTI
2024-03-14 05:51:00,30.171,30.176,30.171,30.176,9.0,BTI
2024-03-14 05:45:00,30.171,30.176,30.171,30.176,9.0,BTI
2024-03-14 05:42:00,30.151,30.157,30.151,30.157,397.0,BTI
2024-03-14 05:41:00,30.141,30.147,30.141,30.147,38.0,BTI
2024-03-14 05:35:00,30.112,30.118,30.112,30.117,1.0,BTI
2024-03-14 05:22:00,30.093,30.098,30.093,30.098,61.0,BTI
2024-03-14 05:18:00,30.112,30.118,30.112,30.117,1.0,BTI
2024-03-14 05:13:00,30.093,30.098,30.093,30.098,96.0,BTI
2024-03-14 05:12:00,30.122,30.127,30.122,30.127,48.0,BTI
2024-03-14 05:08:00,30.151,30.157,30.151,30.157,193.0,BTI
2024-03-14 05:07:00,30.161,30.167,30.161,30.166,135.0,BTI
2024-03-14 05:06:00,30.161,30.167,30.161,30.166,96.0,BTI
2024-03-14 05:05:00,30.151,30.157,30.151,30.157,1722.0,BTI
2024-03-14 05:04:00,30.151,30.157,30.151,30.157,5.0,BTI
2024-03-14 04:58:00,30.141,30.147,30.141,30.147,9.0,BTI
2024-03-14 04:56:00,30.112,30.118,30.112,30.117,145.0,BTI
2024-03-14 04:48:00,30.102,30.108,30.102,30.108,58.0,BTI
2024-03-14 04:39:00,30.112,30.118,30.102,30.108,134.0,BTI
2024-03-14 04:24:00,30.063,30.069,30.063,30.069,2.0,BTI
2024-03-14 04:17:00,30.053,30.059,30.053,30.059,1.0,BTI
2024-03-14 04:13:00,30.063,30.069,30.063,30.069,145.0,BTI
2024-03-14 04:12:00,30.034,30.04,30.034,30.039,145.0,BTI
2024-03-14 04:09:00,30.014,30.059,30.014,30.049,4002.0,BTI
2024-03-14 04:07:00,30.024,30.03,30.024,30.03,387.0,BTI
2024-03-14 04:06:00,30.005,30.01,30.005,30.01,9.0,BTI
2024-03-14 04:05:00,30.034,30.04,30.034,30.039,9.0,BTI
2024-03-14 04:04:00,30.063,30.069,30.053,30.059,932.0,BTI
2024-03-14 04:03:00,30.063,30.069,30.063,30.069,48.0,BTI
2024-03-14 04:01:00,30.063,30.079,30.063,30.078,129.0,BTI
2024-03-14 04:00:00,30.122,30.147,30.122,30.147,57.0,BTI
2024-03-13 19:52:00,30.132,30.157,30.132,30.157,968.0,BTI
2024-03-13 19:49:00,30.132,30.147,30.083,30.088,157.0,BTI
2024-03-13 19:48:00,30.112,30.118,30.112,30.117,4.0,BTI
2024-03-13 19:45:00,30.151,30.157,30.151,30.157,113.0,BTI
2024-03-13 19:42:00,30.151,30.157,30.151,30.157,4.0,BTI
2024-03-13 19:41:00,30.141,30.157,30.141,30.157,99.0,BTI
2024-03-13 19:39:00,30.141,30.147,30.132,30.137,38.0,BTI
2024-03-13 19:22:00,30.073,30.079,30.073,30.078,33.0,BTI
2024-03-13 19:13:00,30.083,30.088,30.083,30.088,24.0,BTI
2024-03-13 19:09:00,30.151,30.157,30.151,30.157,2.0,BTI
2024-03-13 19:06:00,30.141,30.147,30.141,30.147,14.0,BTI
2024-03-13 19:05:00,30.141,30.147,30.141,30.147,9.0,BTI
2024-03-13 19:04:00,30.132,30.147,30.132,30.147,12.0,BTI
2024-03-13 19:00:00,30.122,30.127,30.122,30.127,116462.0,BTI
2024-03-13 18:57:00,30.141,30.147,30.141,30.147,96.0,BTI
2024-03-13 18:56:00,30.122,30.147,30.122,30.147,13.0,BTI
2024-03-13 18:48:00,30.141,30.147,30.141,30.147,15.0,BTI
2024-03-13 18:47:00,30.141,30.147,30.141,30.147,1.0,BTI
2024-03-13 18:46:00,30.132,30.137,30.132,30.137,2.0,BTI
2024-03-13 18:41:00,30.122,30.127,30.122,30.127,2.0,BTI
2024-03-13 18:30:00,30.122,30.127,30.122,30.127,116462.0,BTI
2024-03-13 18:24:00,30.112,30.118,30.112,30.117,94.0,BTI
2024-03-13 18:21:00,30.141,30.147,30.141,30.147,1.0,BTI
2024-03-13 18:15:00,30.151,30.157,30.151,30.157,4.0,BTI
2024-03-13 18:09:00,30.141,30.147,30.141,30.147,378.0,BTI
2024-03-13 18:07:00,30.122,30.127,30.122,30.127,105.0,BTI
2024-03-13 18:06:00,30.102,30.127,30.102,30.127,10.0,BTI
2024-03-13 18:05:00,30.093,30.098,30.093,30.098,1.0,BTI
2024-03-13 18:00:00,30.063,30.069,30.063,30.069,13.0,BTI
2024-03-13 17:51:00,30.063,30.079,30.063,30.078,202.0,BTI
2024-03-13 17:48:00,30.063,30.069,30.063,30.069,0.0,BTI
2024-03-13 17:41:00,30.063,30.069,30.063,30.069,1.0,BTI
2024-03-13 17:36:00,30.093,30.098,30.068,30.074,1.0,BTI
2024-03-13 17:30:00,30.122,30.127,30.122,30.127,45333.0,BTI
2024-03-13 17:27:00,30.112,30.118,30.112,30.117,9.0,BTI
2024-03-13 17:23:00,30.093,30.098,30.093,30.098,0.0,BTI
2024-03-13 17:21:00,30.12,30.126,30.12,30.126,193.0,BTI
2024-03-13 17:12:00,30.093,30.118,30.093,30.108,31.0,BTI
2024-03-13 17:10:00,30.093,30.098,30.093,30.098,3.0,BTI
2024-03-13 17:05:00,30.112,30.117,30.112,30.117,115.0,BTI
2024-03-13 17:03:00,30.112,30.117,30.112,30.117,0.0,BTI
2024-03-13 16:56:00,30.093,30.099,30.093,30.098,9.0,BTI
2024-03-13 16:49:00,30.102,30.108,30.093,30.098,64.0,BTI
2024-03-13 16:43:00,30.093,30.098,30.093,30.098,2.0,BTI
2024-03-13 16:42:00,30.102,30.108,30.093,30.098,229.0,BTI
2024-03-13 16:40:00,30.122,30.127,30.122,30.127,2.0,BTI
2024-03-13 16:30:00,30.122,30.127,30.122,30.127,96.0,BTI
2024-03-13 16:24:00,30.16,30.166,30.16,30.165,1162.0,BTI
2024-03-13 16:10:00,30.122,30.127,30.122,30.127,116464.0,BTI
2024-03-13 16:05:00,30.122,30.127,30.083,30.088,10.0,BTI
2024-03-13 16:00:00,30.112,30.127,30.112,30.127,262087.0,BTI
2024-03-13 15:59:00,30.117,30.127,30.102,30.127,51730.0,BTI
2024-03-13 15:58:00,30.112,30.127,30.102,30.122,61425.0,BTI
2024-03-13 15:57:00,30.112,30.127,30.112,30.117,33940.0,BTI
2024-03-13 15:56:00,30.112,30.127,30.102,30.122,22002.0,BTI
2024-03-13 15:55:00,30.083,30.118,30.083,30.113,42463.0,BTI
2024-03-13 15:54:00,30.097,30.108,30.083,30.093,26636.0,BTI
2024-03-13 15:53:00,30.097,30.108,30.093,30.103,21485.0,BTI
2024-03-13 15:52:00,30.088,30.108,30.088,30.103,18718.0,BTI
2024-03-13 15:51:00,30.088,30.098,30.083,30.098,11318.0,BTI
2024-03-13 15:50:00,30.102,30.113,30.083,30.089,40332.0,BTI
2024-03-13 15:49:00,30.088,30.108,30.083,30.108,17677.0,BTI
2024-03-13 15:48:00,30.088,30.098,30.078,30.093,38154.0,BTI
2024-03-13 15:47:00,30.088,30.098,30.083,30.093,8881.0,BTI
2024-03-13 15:46:00,30.068,30.093,30.068,30.093,14896.0,BTI
2024-03-13 15:45:00,30.065,30.079,30.063,30.074,27223.0,BTI
2024-03-13 15:44:00,30.068,30.074,30.063,30.069,4573.0,BTI
2024-03-13 15:43:00,30.062,30.074,30.053,30.069,11054.0,BTI
2024-03-13 15:42:00,30.068,30.078,30.058,30.064,11989.0,BTI
2024-03-13 15:41:00,30.068,30.079,30.068,30.074,4931.0,BTI
2024-03-13 15:40:00,30.078,30.085,30.063,30.074,5740.0,BTI
2024-03-13 15:39:00,30.078,30.088,30.078,30.083,2823.0,BTI
2024-03-13 15:38:00,30.073,30.088,30.065,30.083,6447.0,BTI
2024-03-13 15:37:00,30.073,30.079,30.065,30.074,13636.0,BTI
2024-03-13 15:36:00,30.083,30.096,30.073,30.078,16672.0,BTI
2024-03-13 15:35:00,30.088,30.098,30.083,30.088,6931.0,BTI
2024-03-13 15:34:00,30.083,30.098,30.083,30.089,12792.0,BTI
2024-03-13 15:33:00,30.068,30.088,30.068,30.088,6797.0,BTI
2024-03-13 15:32:00,30.068,30.079,30.063,30.078,3469.0,BTI
2024-03-13 15:31:00,30.058,30.074,30.058,30.074,3955.0,BTI
2024-03-13 15:30:00,30.049,30.067,30.049,30.064,4638.0,BTI
2024-03-13 15:29:00,30.039,30.054,30.034,30.054,10195.0,BTI
2024-03-13 15:28:00,30.044,30.054,30.039,30.044,4495.0,BTI
2024-03-13 15:27:00,30.058,30.069,30.049,30.059,25949.0,BTI
2024-03-13 15:26:00,30.063,30.069,30.053,30.064,6462.0,BTI
2024-03-13 15:25:00,30.053,30.069,30.053,30.069,15170.0,BTI
2024-03-13 15:24:00,30.049,30.059,30.044,30.059,8683.0,BTI
2024-03-13 15:23:00,30.039,30.054,30.039,30.054,4791.0,BTI
2024-03-13 15:22:00,30.029,30.044,30.026,30.044,6092.0,BTI
2024-03-13 15:21:00,30.029,30.035,30.024,30.03,2407.0,BTI
2024-03-13 15:20:00,30.029,30.04,30.024,30.034,1496.0,BTI
2024-03-13 15:19:00,30.029,30.035,30.024,30.03,1752.0,BTI
2024-03-13 15:18:00,30.024,30.04,30.024,30.039,2913.0,BTI
2024-03-13 15:17:00,30.024,30.035,30.014,30.033,57487.0,BTI
2024-03-13 15:16:00,30.033,30.04,30.024,30.039,2912.0,BTI
2024-03-13 15:15:00,30.034,30.04,30.024,30.034,13552.0,BTI
2024-03-13 15:14:00,30.029,30.035,30.025,30.031,682.0,BTI
2024-03-13 15:13:00,30.029,30.04,30.029,30.039,1002.0,BTI
2024-03-13 15:12:00,30.029,30.04,30.029,30.039,9767.0,BTI
2024-03-13 15:11:00,30.034,30.04,30.024,30.039,7202.0,BTI
2024-03-13 15:10:00,30.019,30.04,30.015,30.039,9736.0,BTI
2024-03-13 15:09:00,30.024,30.03,30.019,30.025,868.0,BTI
2024-03-13 15:08:00,30.019,30.025,30.019,30.025,803.0,BTI
2024-03-13 15:07:00,30.019,30.025,30.016,30.025,1416.0,BTI
2024-03-13 15:06:00,30.024,30.03,30.019,30.025,754.0,BTI
2024-03-13 15:05:00,30.019,30.026,30.019,30.025,3224.0,BTI
2024-03-13 15:04:00,30.024,30.03,30.019,30.03,5084.0,BTI
2024-03-13 15:03:00,30.024,30.035,30.019,30.03,19872.0,BTI
2024-03-13 15:02:00,30.01,30.03,30.01,30.03,13830.0,BTI
2024-03-13 15:01:00,30.014,30.02,30.005,30.01,894.0,BTI
2024-03-13 15:00:00,30.019,30.025,30.01,30.015,9926.0,BTI
2024-03-13 14:59:00,30.019,30.025,30.014,30.025,2939.0,BTI
2024-03-13 14:58:00,30.014,30.025,30.014,30.025,1769.0,BTI
2024-03-13 14:57:00,30.014,30.03,30.005,30.025,19681.0,BTI
2024-03-13 14:56:00,30.01,30.03,30.01,30.03,13773.0,BTI
2024-03-13 14:55:00,30.019,30.025,30.01,30.015,12428.0,BTI
2024-03-13 14:54:00,30.019,30.03,30.01,30.025,42469.0,BTI
2024-03-13 14:53:00,30.009,30.03,30.005,30.03,20480.0,BTI
2024-03-13 14:52:00,30.01,30.02,30.008,30.014,4326.0,BTI
2024-03-13 14:51:00,30.01,30.015,30.01,30.015,969.0,BTI
2024-03-13 14:50:00,30.019,30.025,30.0,30.01,38748.0,BTI
2024-03-13 14:49:00,30.019,30.025,30.015,30.02,3482.0,BTI
2024-03-13 14:48:00,30.016,30.022,30.014,30.02,916.0,BTI
2024-03-13 14:47:00,30.017,30.023,30.017,30.022,147.0,BTI
2024-03-13 14:46:00,30.015,30.025,30.015,30.025,3164.0,BTI
2024-03-13 14:45:00,30.029,30.035,30.024,30.03,6387.0,BTI
2024-03-13 14:44:00,30.025,30.04,30.024,30.034,18640.0,BTI
2024-03-13 14:43:00,30.029,30.038,30.024,30.03,1506.0,BTI
2024-03-13 14:42:00,30.036,30.044,30.034,30.039,5095.0,BTI
2024-03-13 14:41:00,30.034,30.049,30.034,30.049,2803.0,BTI
2024-03-13 14:40:00,30.039,30.049,30.034,30.039,1875.0,BTI
2024-03-13 14:39:00,30.044,30.054,30.044,30.049,7091.0,BTI
2024-03-13 14:38:00,30.052,30.059,30.044,30.049,5463.0,BTI
2024-03-13 14:37:00,30.063,30.074,30.044,30.049,21440.0,BTI
2024-03-13 14:36:00,30.073,30.079,30.063,30.074,2898.0,BTI
2024-03-13 14:35:00,30.068,30.074,30.068,30.074,1135.0,BTI
2024-03-13 14:34:00,30.068,30.079,30.063,30.074,1790.0,BTI
2024-03-13 14:33:00,30.068,30.079,30.063,30.077,2475.0,BTI
2024-03-13 14:32:00,30.068,30.074,30.066,30.074,3232.0,BTI
2024-03-13 14:31:00,30.063,30.077,30.063,30.077,2010.0,BTI
2024-03-13 14:30:00,30.068,30.074,30.063,30.074,2528.0,BTI
2024-03-13 14:29:00,30.063,30.077,30.063,30.069,7107.0,BTI
2024-03-13 14:28:00,30.068,30.074,30.063,30.069,1888.0,BTI
2024-03-13 14:27:00,30.068,30.079,30.063,30.078,1700.0,BTI
2024-03-13 14:26:00,30.068,30.074,30.063,30.071,2878.0,BTI
2024-03-13 14:25:00,30.068,30.074,30.063,30.069,401.0,BTI
2024-03-13 14:24:00,30.066,30.074,30.063,30.074,1368.0,BTI
2024-03-13 14:23:00,30.066,30.071,30.066,30.071,384.0,BTI
2024-03-13 14:22:00,30.068,30.079,30.063,30.078,611.0,BTI
2024-03-13 14:20:00,30.071,30.077,30.066,30.074,3526.0,BTI
2024-03-13 14:19:00,30.083,30.093,30.063,30.074,16181.0,BTI
2024-03-13 14:18:00,30.088,30.098,30.088,30.093,7852.0,BTI
2024-03-13 14:17:00,30.088,30.093,30.088,30.093,3425.0,BTI
2024-03-13 14:16:00,30.088,30.098,30.088,30.097,2288.0,BTI
2024-03-13 14:15:00,30.088,30.093,30.085,30.093,455.0,BTI
2024-03-13 14:14:00,30.088,30.098,30.085,30.093,1541.0,BTI
2024-03-13 14:13:00,30.091,30.097,30.083,30.088,341.0,BTI
2024-03-13 14:12:00,30.088,30.093,30.088,30.093,2164.0,BTI
2024-03-13 14:11:00,30.088,30.098,30.084,30.094,2566.0,BTI
2024-03-13 14:10:00,30.085,30.098,30.085,30.098,1050.0,BTI
2024-03-13 14:09:00,30.083,30.098,30.083,30.098,2759.0,BTI
2024-03-13 14:08:00,30.088,30.098,30.083,30.093,2341.0,BTI
2024-03-13 14:06:00,30.093,30.098,30.088,30.093,4430.0,BTI
2024-03-13 14:05:00,30.097,30.108,30.093,30.098,1385.0,BTI
2024-03-13 14:04:00,30.093,30.098,30.093,30.098,1051.0,BTI
2024-03-13 14:03:00,30.097,30.103,30.093,30.098,2947.0,BTI
2024-03-13 14:02:00,30.097,30.103,30.093,30.098,1440.0,BTI
2024-03-13 14:01:00,30.093,30.108,30.088,30.098,8212.0,BTI
2024-03-13 14:00:00,30.102,30.108,30.088,30.098,7978.0,BTI
2024-03-13 13:59:00,30.102,30.108,30.097,30.107,3106.0,BTI
2024-03-13 13:58:00,30.093,30.108,30.093,30.098,19962.0,BTI
2024-03-13 13:57:00,30.093,30.098,30.088,30.093,2348.0,BTI
2024-03-13 13:56:00,30.083,30.098,30.083,30.098,1522.0,BTI
2024-03-13 13:55:00,30.078,30.098,30.078,30.098,7073.0,BTI
2024-03-13 13:54:00,30.078,30.088,30.078,30.083,3031.0,BTI
2024-03-13 13:53:00,30.078,30.088,30.073,30.078,1507.0,BTI
2024-03-13 13:52:00,30.075,30.088,30.073,30.081,1209.0,BTI
2024-03-13 13:51:00,30.075,30.086,30.075,30.086,865.0,BTI
2024-03-13 13:50:00,30.078,30.088,30.073,30.078,3938.0,BTI
2024-03-13 13:49:00,30.078,30.084,30.078,30.083,1553.0,BTI
2024-03-13 13:48:00,30.083,30.088,30.077,30.083,1208.0,BTI
2024-03-13 13:47:00,30.078,30.084,30.077,30.083,905.0,BTI
2024-03-13 13:46:00,30.073,30.088,30.073,30.078,10186.0,BTI
2024-03-13 13:45:00,30.078,30.087,30.073,30.078,2249.0,BTI
2024-03-13 13:44:00,30.078,30.084,30.073,30.083,1217.0,BTI
2024-03-13 13:43:00,30.081,30.087,30.078,30.083,1302.0,BTI
2024-03-13 13:42:00,30.077,30.084,30.077,30.083,751.0,BTI
2024-03-13 13:41:00,30.078,30.084,30.078,30.083,269.0,BTI
2024-03-13 13:40:00,30.078,30.088,30.078,30.083,4484.0,BTI
2024-03-13 13:39:00,30.073,30.088,30.073,30.087,1598.0,BTI
2024-03-13 13:38:00,30.081,30.086,30.078,30.083,499.0,BTI
2024-03-13 13:37:00,30.088,30.093,30.083,30.088,3044.0,BTI
2024-03-13 13:36:00,30.093,30.098,30.088,30.093,483.0,BTI
2024-03-13 13:35:00,30.097,30.108,30.088,30.093,5564.0,BTI
2024-03-13 13:34:00,30.097,30.103,30.097,30.103,321.0,BTI
2024-03-13 13:33:00,30.102,30.108,30.097,30.103,3555.0,BTI
2024-03-13 13:32:00,30.112,30.118,30.107,30.113,1216.0,BTI
2024-03-13 13:31:00,30.102,30.118,30.102,30.117,2904.0,BTI
2024-03-13 13:30:00,30.102,30.113,30.102,30.108,2194.0,BTI
2024-03-13 13:29:00,30.107,30.118,30.107,30.117,6173.0,BTI
2024-03-13 13:28:00,30.107,30.113,30.102,30.108,1954.0,BTI
2024-03-13 13:27:00,30.107,30.113,30.102,30.108,995.0,BTI
2024-03-13 13:26:00,30.102,30.113,30.102,30.112,1919.0,BTI
2024-03-13 13:25:00,30.107,30.113,30.107,30.113,466.0,BTI
2024-03-13 13:24:00,30.102,30.118,30.094,30.113,5224.0,BTI
2024-03-13 13:23:00,30.097,30.113,30.097,30.108,42232.0,BTI
2024-03-13 13:22:00,30.095,30.108,30.093,30.108,2539.0,BTI
2024-03-13 13:21:00,30.093,30.103,30.093,30.1,1029.0,BTI
2024-03-13 13:20:00,30.097,30.103,30.093,30.103,798.0,BTI
2024-03-13 13:19:00,30.102,30.108,30.093,30.098,5860.0,BTI
2024-03-13 13:18:00,30.107,30.113,30.102,30.108,2350.0,BTI
2024-03-13 13:17:00,30.102,30.116,30.102,30.116,825.0,BTI
2024-03-13 13:16:00,30.107,30.118,30.107,30.113,1276.0,BTI
2024-03-13 13:15:00,30.107,30.118,30.104,30.117,1506.0,BTI
2024-03-13 13:14:00,30.117,30.123,30.109,30.117,5228.0,BTI
2024-03-13 13:13:00,30.112,30.118,30.107,30.117,4784.0,BTI
2024-03-13 13:12:00,30.107,30.113,30.107,30.113,332.0,BTI
2024-03-13 13:11:00,30.107,30.113,30.107,30.113,163.0,BTI
2024-03-13 13:10:00,30.107,30.118,30.102,30.113,14720.0,BTI
2024-03-13 13:09:00,30.112,30.123,30.102,30.109,15482.0,BTI
2024-03-13 13:08:00,30.107,30.127,30.107,30.127,10455.0,BTI
2024-03-13 13:07:00,30.107,30.118,30.107,30.117,1356.0,BTI
2024-03-13 13:06:00,30.107,30.113,30.103,30.113,2356.0,BTI
2024-03-13 13:05:00,30.102,30.118,30.097,30.108,3348.0,BTI
2024-03-13 13:04:00,30.094,30.108,30.093,30.108,2064.0,BTI
2024-03-13 13:03:00,30.102,30.108,30.097,30.103,4234.0,BTI
2024-03-13 13:02:00,30.102,30.118,30.102,30.108,3584.0,BTI
2024-03-13 13:01:00,30.097,30.118,30.088,30.113,12745.0,BTI
2024-03-13 13:00:00,30.085,30.108,30.085,30.107,4453.0,BTI
2024-03-13 12:59:00,30.083,30.098,30.083,30.091,982.0,BTI
2024-03-13 12:58:00,30.085,30.093,30.085,30.091,1632.0,BTI
2024-03-13 12:57:00,30.097,30.103,30.083,30.093,7950.0,BTI
2024-03-13 12:56:00,30.093,30.107,30.093,30.099,9803.0,BTI
2024-03-13 12:55:00,30.088,30.093,30.088,30.093,734.0,BTI
2024-03-13 12:54:00,30.088,30.093,30.088,30.093,334.0,BTI
2024-03-13 12:53:00,30.092,30.098,30.083,30.088,1123.0,BTI
2024-03-13 12:52:00,30.083,30.098,30.083,30.098,1253.0,BTI
2024-03-13 12:51:00,30.097,30.103,30.083,30.088,4616.0,BTI
2024-03-13 12:50:00,30.093,30.103,30.093,30.103,6910.0,BTI
2024-03-13 12:49:00,30.097,30.108,30.097,30.103,4340.0,BTI
2024-03-13 12:48:00,30.097,30.103,30.093,30.103,2360.0,BTI
2024-03-13 12:47:00,30.102,30.108,30.097,30.108,2588.0,BTI
2024-03-13 12:46:00,30.083,30.108,30.083,30.108,15162.0,BTI
2024-03-13 12:45:00,30.078,30.088,30.078,30.088,521.0,BTI
2024-03-13 12:44:00,30.083,30.088,30.073,30.078,1945.0,BTI
2024-03-13 12:43:00,30.078,30.088,30.073,30.087,2515.0,BTI
2024-03-13 12:42:00,30.078,30.084,30.073,30.083,1910.0,BTI
2024-03-13 12:41:00,30.073,30.084,30.065,30.083,2734.0,BTI
2024-03-13 12:40:00,30.063,30.079,30.063,30.078,3979.0,BTI
2024-03-13 12:39:00,30.058,30.069,30.054,30.059,2180.0,BTI
2024-03-13 12:38:00,30.063,30.074,30.044,30.059,15689.0,BTI
2024-03-13 12:37:00,30.068,30.079,30.065,30.074,3020.0,BTI
2024-03-13 12:36:00,30.063,30.079,30.063,30.074,5376.0,BTI
2024-03-13 12:35:00,30.058,30.079,30.058,30.074,14077.0,BTI
2024-03-13 12:34:00,30.078,30.084,30.058,30.069,33727.0,BTI
2024-03-13 12:33:00,30.073,30.088,30.073,30.083,4380.0,BTI
2024-03-13 12:32:00,30.083,30.098,30.078,30.088,15465.0,BTI
2024-03-13 12:31:00,30.127,30.132,30.078,30.087,35240.0,BTI
2024-03-13 12:30:00,30.127,30.137,30.122,30.132,1464.0,BTI
2024-03-13 12:29:00,30.136,30.142,30.122,30.127,15411.0,BTI
2024-03-13 12:28:00,30.141,30.147,30.132,30.142,11640.0,BTI
2024-03-13 12:27:00,30.132,30.147,30.132,30.142,4836.0,BTI
2024-03-13 12:26:00,30.127,30.137,30.122,30.137,11597.0,BTI
2024-03-13 12:25:00,30.127,30.137,30.127,30.132,11099.0,BTI
2024-03-13 12:24:00,30.146,30.152,30.112,30.137,26618.0,BTI
2024-03-13 12:23:00,30.146,30.157,30.141,30.156,40469.0,BTI
2024-03-13 12:22:00,30.151,30.157,30.141,30.155,5865.0,BTI
2024-03-13 12:21:00,30.157,30.167,30.146,30.152,20162.0,BTI
2024-03-13 12:20:00,30.146,30.167,30.141,30.157,11786.0,BTI
2024-03-13 12:19:00,30.151,30.167,30.141,30.152,59113.0,BTI
2024-03-13 12:18:00,30.132,30.157,30.132,30.152,66965.0,BTI
2024-03-13 12:17:00,30.118,30.147,30.118,30.142,15485.0,BTI
2024-03-13 12:16:00,30.112,30.127,30.109,30.122,11863.0,BTI
2024-03-13 12:15:00,30.097,30.118,30.093,30.113,41115.0,BTI
2024-03-13 12:14:00,30.088,30.108,30.083,30.103,29350.0,BTI
2024-03-13 12:13:00,30.093,30.098,30.073,30.093,22510.0,BTI
2024-03-13 12:12:00,30.102,30.108,30.093,30.098,3540.0,BTI
2024-03-13 12:11:00,30.093,30.098,30.093,30.098,2378.0,BTI
2024-03-13 12:10:00,30.112,30.118,30.093,30.098,5163.0,BTI
2024-03-13 12:09:00,30.117,30.123,30.112,30.117,4180.0,BTI
2024-03-13 12:08:00,30.102,30.118,30.102,30.117,16326.0,BTI
2024-03-13 12:07:00,30.102,30.113,30.102,30.108,16504.0,BTI
2024-03-13 12:06:00,30.102,30.108,30.099,30.108,1699.0,BTI
2024-03-13 12:05:00,30.097,30.113,30.093,30.103,9051.0,BTI
2024-03-13 12:04:00,30.097,30.103,30.093,30.098,777.0,BTI
2024-03-13 12:03:00,30.097,30.103,30.093,30.098,1168.0,BTI
2024-03-13 12:02:00,30.096,30.108,30.096,30.108,3295.0,BTI
2024-03-13 12:01:00,30.093,30.118,30.093,30.108,8655.0,BTI
2024-03-13 12:00:00,30.093,30.107,30.093,30.103,5942.0,BTI
2024-03-13 11:59:00,30.097,30.108,30.093,30.108,6833.0,BTI
2024-03-13 11:58:00,30.107,30.113,30.097,30.103,6974.0,BTI
2024-03-13 11:57:00,30.112,30.118,30.102,30.109,3997.0,BTI
2024-03-13 11:56:00,30.111,30.118,30.111,30.117,942.0,BTI
2024-03-13 11:55:00,30.102,30.118,30.102,30.115,2967.0,BTI
2024-03-13 11:54:00,30.104,30.123,30.102,30.108,7061.0,BTI
2024-03-13 11:53:00,30.102,30.118,30.097,30.113,3760.0,BTI
2024-03-13 11:52:00,30.093,30.103,30.093,30.103,3000.0,BTI
2024-03-13 11:51:00,30.093,30.103,30.093,30.098,3684.0,BTI
2024-03-13 11:50:00,30.102,30.108,30.097,30.107,2823.0,BTI
2024-03-13 11:49:00,30.097,30.108,30.097,30.103,1387.0,BTI
2024-03-13 11:48:00,30.093,30.108,30.083,30.098,4843.0,BTI
2024-03-13 11:47:00,30.093,30.103,30.093,30.098,4063.0,BTI
2024-03-13 11:46:00,30.107,30.113,30.09,30.108,6247.0,BTI
2024-03-13 11:45:00,30.109,30.118,30.108,30.113,1295.0,BTI
2024-03-13 11:44:00,30.117,30.123,30.102,30.108,8171.0,BTI
2024-03-13 11:43:00,30.132,30.137,30.122,30.127,7164.0,BTI
2024-03-13 11:42:00,30.127,30.14,30.127,30.137,7199.0,BTI
2024-03-13 11:41:00,30.135,30.142,30.122,30.127,8493.0,BTI
2024-03-13 11:40:00,30.136,30.147,30.132,30.146,17495.0,BTI
2024-03-13 11:39:00,30.122,30.146,30.122,30.137,7691.0,BTI
2024-03-13 11:38:00,30.122,30.137,30.122,30.137,7884.0,BTI
2024-03-13 11:37:00,30.141,30.152,30.127,30.132,5273.0,BTI
2024-03-13 11:36:00,30.132,30.156,30.132,30.147,16599.0,BTI
2024-03-13 11:35:00,30.141,30.147,30.132,30.137,12566.0,BTI
2024-03-13 11:34:00,30.112,30.142,30.107,30.137,56354.0,BTI
2024-03-13 11:33:00,30.112,30.118,30.107,30.113,757.0,BTI
2024-03-13 11:32:00,30.102,30.118,30.102,30.113,15151.0,BTI
2024-03-13 11:31:00,30.093,30.108,30.093,30.103,8351.0,BTI
2024-03-13 11:30:00,30.077,30.108,30.073,30.098,12629.0,BTI
2024-03-13 11:29:00,30.073,30.084,30.073,30.083,1168.0,BTI
2024-03-13 11:28:00,30.073,30.088,30.073,30.078,4185.0,BTI
2024-03-13 11:27:00,30.063,30.088,30.063,30.078,13770.0,BTI
2024-03-13 11:26:00,30.068,30.079,30.053,30.069,13223.0,BTI
2024-03-13 11:25:00,30.063,30.079,30.063,30.078,3546.0,BTI
2024-03-13 11:24:00,30.083,30.098,30.063,30.074,18224.0,BTI
2024-03-13 11:23:00,30.078,30.084,30.063,30.078,7519.0,BTI
2024-03-13 11:22:00,30.078,30.088,30.073,30.079,1387.0,BTI
2024-03-13 11:21:00,30.078,30.088,30.078,30.083,2024.0,BTI
2024-03-13 11:20:00,30.068,30.079,30.067,30.078,5267.0,BTI
2024-03-13 11:19:00,30.083,30.088,30.063,30.074,9645.0,BTI
2024-03-13 11:18:00,30.097,30.103,30.083,30.088,24285.0,BTI
2024-03-13 11:17:00,30.102,30.108,30.093,30.098,1308.0,BTI
2024-03-13 11:16:00,30.097,30.108,30.093,30.098,8596.0,BTI
2024-03-13 11:15:00,30.097,30.108,30.094,30.106,2132.0,BTI
2024-03-13 11:14:00,30.073,30.108,30.073,30.099,19792.0,BTI
2024-03-13 11:13:00,30.063,30.079,30.062,30.069,9494.0,BTI
2024-03-13 11:12:00,30.053,30.069,30.053,30.069,978.0,BTI
2024-03-13 11:11:00,30.049,30.064,30.049,30.059,18378.0,BTI
2024-03-13 11:10:00,30.049,30.059,30.049,30.059,455.0,BTI
2024-03-13 11:09:00,30.054,30.069,30.049,30.054,6384.0,BTI
2024-03-13 11:08:00,30.058,30.064,30.053,30.059,8087.0,BTI
2024-03-13 11:07:00,30.034,30.069,30.034,30.069,14926.0,BTI
2024-03-13 11:06:00,30.022,30.04,30.022,30.039,7298.0,BTI
2024-03-13 11:05:00,30.014,30.03,30.014,30.03,3608.0,BTI
2024-03-13 11:04:00,30.024,30.035,30.019,30.025,3700.0,BTI
2024-03-13 11:03:00,30.024,30.035,30.024,30.03,4238.0,BTI
2024-03-13 11:02:00,30.016,30.03,30.014,30.02,2697.0,BTI
2024-03-13 11:01:00,30.0,30.025,30.0,30.025,4374.0,BTI
2024-03-13 11:00:00,30.014,30.02,30.0,30.005,4951.0,BTI
2024-03-13 10:59:00,30.019,30.028,30.014,30.02,9147.0,BTI
2024-03-13 10:58:00,30.024,30.03,30.019,30.025,996.0,BTI
2024-03-13 10:57:00,30.024,30.03,30.014,30.026,9397.0,BTI
2024-03-13 10:56:00,30.04,30.049,30.024,30.03,8205.0,BTI
2024-03-13 10:55:00,30.039,30.049,30.034,30.044,4666.0,BTI
2024-03-13 10:54:00,30.034,30.044,30.034,30.044,4127.0,BTI
2024-03-13 10:53:00,30.029,30.049,30.029,30.049,6455.0,BTI
2024-03-13 10:52:00,30.029,30.04,30.029,30.039,719.0,BTI
2024-03-13 10:51:00,30.024,30.035,30.005,30.03,13677.0,BTI
2024-03-13 10:50:00,30.034,30.04,30.024,30.03,10298.0,BTI
2024-03-13 10:49:00,30.024,30.04,30.024,30.039,1199.0,BTI
2024-03-13 10:48:00,30.058,30.064,30.024,30.03,10893.0,BTI
2024-03-13 10:47:00,30.044,30.064,30.044,30.064,2799.0,BTI
2024-03-13 10:46:00,30.053,30.059,30.039,30.049,6334.0,BTI
2024-03-13 10:45:00,30.044,30.064,30.034,30.059,7580.0,BTI
2024-03-13 10:44:00,30.044,30.049,30.044,30.049,1420.0,BTI
2024-03-13 10:43:00,30.034,30.044,30.024,30.039,9981.0,BTI
2024-03-13 10:42:00,30.052,30.059,30.044,30.049,17279.0,BTI
2024-03-13 10:41:00,30.053,30.06,30.044,30.049,4661.0,BTI
2024-03-13 10:40:00,30.049,30.068,30.049,30.068,6292.0,BTI
2024-03-13 10:39:00,30.044,30.059,30.039,30.059,3092.0,BTI
2024-03-13 10:38:00,30.044,30.051,30.039,30.049,9107.0,BTI
2024-03-13 10:37:00,30.052,30.058,30.034,30.049,9614.0,BTI
2024-03-13 10:36:00,30.044,30.054,30.044,30.049,2122.0,BTI
2024-03-13 10:35:00,30.024,30.059,30.024,30.049,13250.0,BTI
2024-03-13 10:34:00,30.024,30.03,30.019,30.03,5410.0,BTI
2024-03-13 10:33:00,30.014,30.03,29.995,30.03,13379.0,BTI
2024-03-13 10:32:00,30.019,30.035,30.019,30.03,6443.0,BTI
2024-03-13 10:31:00,30.014,30.03,30.014,30.03,9955.0,BTI
2024-03-13 10:30:00,30.005,30.03,30.005,30.025,3078.0,BTI
2024-03-13 10:29:00,29.995,30.009,29.995,30.005,2755.0,BTI
2024-03-13 10:28:00,30.01,30.015,29.99,30.0,4488.0,BTI
2024-03-13 10:27:00,30.01,30.015,30.005,30.01,2076.0,BTI
2024-03-13 10:26:00,30.01,30.018,30.005,30.015,4556.0,BTI
2024-03-13 10:25:00,30.01,30.02,30.01,30.015,2339.0,BTI
2024-03-13 10:24:00,30.01,30.02,30.01,30.018,1614.0,BTI
2024-03-13 10:23:00,30.01,30.025,30.005,30.019,7718.0,BTI
2024-03-13 10:22:00,29.985,30.015,29.985,30.015,3327.0,BTI
2024-03-13 10:21:00,29.985,29.991,29.985,29.991,544.0,BTI
2024-03-13 10:20:00,29.995,30.001,29.98,29.991,2878.0,BTI
2024-03-13 10:19:00,30.01,30.015,29.994,30.0,6439.0,BTI
2024-03-13 10:18:00,30.005,30.02,30.0,30.02,6709.0,BTI
2024-03-13 10:17:00,30.032,30.038,30.01,30.02,8084.0,BTI
2024-03-13 10:16:00,30.035,30.04,30.025,30.039,5082.0,BTI
2024-03-13 10:15:00,30.04,30.049,30.034,30.044,2850.0,BTI
2024-03-13 10:14:00,30.039,30.049,30.024,30.049,13342.0,BTI
2024-03-13 10:13:00,30.034,30.04,30.034,30.039,3495.0,BTI
2024-03-13 10:12:00,30.024,30.04,30.014,30.039,8264.0,BTI
2024-03-13 10:11:00,30.058,30.065,30.016,30.03,7521.0,BTI
2024-03-13 10:10:00,30.063,30.069,30.053,30.064,6262.0,BTI
2024-03-13 10:09:00,30.053,30.069,30.044,30.069,9529.0,BTI
2024-03-13 10:08:00,30.058,30.064,30.034,30.059,12532.0,BTI
2024-03-13 10:07:00,30.024,30.069,30.014,30.059,24924.0,BTI
2024-03-13 10:06:00,29.985,30.02,29.985,30.02,11224.0,BTI
2024-03-13 10:05:00,29.966,29.991,29.966,29.991,8935.0,BTI
2024-03-13 10:04:00,29.958,29.981,29.956,29.976,12625.0,BTI
2024-03-13 10:03:00,29.966,29.971,29.951,29.961,4196.0,BTI
2024-03-13 10:02:00,29.98,29.991,29.956,29.969,6724.0,BTI
2024-03-13 10:01:00,29.99,30.0,29.975,29.991,6722.0,BTI
2024-03-13 10:00:00,29.975,30.001,29.975,29.991,5271.0,BTI
2024-03-13 09:59:00,29.985,29.996,29.966,29.981,4288.0,BTI
2024-03-13 09:58:00,29.975,29.991,29.971,29.986,5617.0,BTI
2024-03-13 09:57:00,29.985,29.991,29.975,29.981,4965.0,BTI
2024-03-13 09:56:00,29.985,30.001,29.975,29.991,15452.0,BTI
2024-03-13 09:55:00,30.0,30.005,29.985,30.0,6985.0,BTI
2024-03-13 09:54:00,29.986,30.005,29.985,30.0,5157.0,BTI
2024-03-13 09:53:00,30.005,30.01,29.985,29.991,4514.0,BTI
2024-03-13 09:52:00,30.034,30.04,30.005,30.019,15743.0,BTI
2024-03-13 09:51:00,30.014,30.049,30.014,30.039,6638.0,BTI
2024-03-13 09:50:00,30.035,30.049,30.014,30.02,14229.0,BTI
2024-03-13 09:49:00,30.073,30.087,30.038,30.044,8523.0,BTI
2024-03-13 09:48:00,30.073,30.093,30.063,30.083,18269.0,BTI
2024-03-13 09:47:00,30.083,30.093,30.063,30.069,5700.0,BTI
2024-03-13 09:46:00,30.093,30.098,30.063,30.093,15664.0,BTI
2024-03-13 09:45:00,30.053,30.106,30.053,30.103,29684.0,BTI
2024-03-13 09:44:00,30.093,30.098,30.053,30.059,19558.0,BTI
2024-03-13 09:43:00,30.063,30.108,30.063,30.098,23461.0,BTI
2024-03-13 09:42:00,30.039,30.079,30.039,30.069,18527.0,BTI
2024-03-13 09:41:00,30.053,30.069,30.039,30.044,12664.0,BTI
2024-03-13 09:40:00,30.044,30.059,30.034,30.059,11825.0,BTI
2024-03-13 09:39:00,30.044,30.054,30.024,30.049,28625.0,BTI
2024-03-13 09:38:00,30.014,30.054,30.014,30.054,38431.0,BTI
2024-03-13 09:37:00,30.005,30.025,30.005,30.025,12666.0,BTI
2024-03-13 09:36:00,29.971,30.01,29.966,30.0,26064.0,BTI
2024-03-13 09:35:00,29.956,29.991,29.956,29.973,17350.0,BTI
2024-03-13 09:34:00,29.956,29.971,29.931,29.956,29716.0,BTI
2024-03-13 09:33:00,29.985,30.001,29.956,29.966,12263.0,BTI
2024-03-13 09:32:00,29.995,30.001,29.966,29.991,19600.0,BTI
2024-03-13 09:31:00,29.961,30.005,29.956,29.991,52312.0,BTI
2024-03-13 09:30:00,29.897,29.961,29.887,29.961,109965.0,BTI
2024-03-13 09:29:00,29.829,29.883,29.829,29.883,15405.0,BTI
2024-03-13 09:25:00,29.848,29.854,29.848,29.854,4794.0,BTI
2024-03-13 09:23:00,29.829,29.844,29.829,29.844,28.0,BTI
2024-03-13 09:21:00,29.809,29.825,29.809,29.825,24.0,BTI
2024-03-13 09:20:00,29.839,29.844,29.819,29.825,121.0,BTI
2024-03-13 09:19:00,29.839,29.844,29.839,29.844,657.0,BTI
2024-03-13 09:18:00,29.848,29.854,29.848,29.854,431.0,BTI
2024-03-13 09:17:00,29.853,29.859,29.853,29.859,0.0,BTI
2024-03-13 09:16:00,29.858,29.874,29.858,29.864,4844.0,BTI
2024-03-13 09:15:00,29.848,29.854,29.848,29.854,2906.0,BTI
2024-03-13 09:14:00,29.848,29.854,29.848,29.854,193.0,BTI
2024-03-13 09:13:00,29.848,29.854,29.848,29.854,4.0,BTI
2024-03-13 09:12:00,29.839,29.854,29.839,29.854,62.0,BTI
2024-03-13 09:11:00,29.829,29.835,29.829,29.834,96.0,BTI
2024-03-13 09:05:00,29.809,29.835,29.809,29.834,22.0,BTI
2024-03-13 09:03:00,29.809,29.815,29.809,29.815,20.0,BTI
2024-03-13 09:02:00,29.79,29.805,29.79,29.805,19.0,BTI
2024-03-13 09:00:00,29.8,29.805,29.8,29.805,145.0,BTI
2024-03-13 08:59:00,29.79,29.796,29.79,29.795,1367.0,BTI
2024-03-13 08:58:00,29.78,29.786,29.78,29.786,96.0,BTI
2024-03-13 08:56:00,29.751,29.756,29.751,29.756,9.0,BTI
2024-03-13 08:55:00,29.751,29.766,29.741,29.766,1307.0,BTI
2024-03-13 08:54:00,29.731,29.747,29.731,29.746,100.0,BTI
2024-03-13 08:52:00,29.731,29.747,29.731,29.746,1988.0,BTI
2024-03-13 08:44:00,29.741,29.747,29.741,29.746,19.0,BTI
2024-03-13 08:42:00,29.731,29.737,29.731,29.737,2324.0,BTI
2024-03-13 08:37:00,29.751,29.756,29.751,29.756,340.0,BTI
2024-03-13 08:36:00,29.741,29.747,29.741,29.746,0.0,BTI
2024-03-13 08:34:00,29.731,29.737,29.722,29.727,24.0,BTI
2024-03-13 08:27:00,29.741,29.747,29.741,29.746,242.0,BTI
2024-03-13 08:26:00,29.751,29.756,29.751,29.756,54.0,BTI
2024-03-13 08:24:00,29.761,29.766,29.761,29.766,33.0,BTI
2024-03-13 08:23:00,29.77,29.776,29.77,29.776,974.0,BTI
2024-03-13 08:22:00,29.761,29.766,29.751,29.766,1947.0,BTI
2024-03-13 08:20:00,29.76,29.766,29.76,29.766,339.0,BTI
2024-03-13 08:19:00,29.761,29.766,29.761,29.766,8.0,BTI
2024-03-13 08:18:00,29.761,29.766,29.761,29.766,4.0,BTI
2024-03-13 08:10:00,29.751,29.757,29.751,29.756,1937.0,BTI
2024-03-13 08:09:00,29.761,29.766,29.751,29.756,1307.0,BTI
2024-03-13 08:08:00,29.751,29.756,29.751,29.756,969.0,BTI
2024-03-13 08:07:00,29.751,29.756,29.751,29.756,6.0,BTI
2024-03-13 08:03:00,29.77,29.805,29.722,29.805,690.0,BTI
2024-03-13 08:02:00,29.8,29.805,29.712,29.776,1024.0,BTI
2024-03-13 08:00:00,29.77,29.824,29.731,29.746,13905.0,BTI
2024-03-13 07:55:00,29.751,29.756,29.751,29.756,5.0,BTI
2024-03-13 07:50:00,29.751,29.756,29.751,29.756,3.0,BTI
2024-03-13 07:47:00,29.751,29.756,29.751,29.756,363.0,BTI
2024-03-13 07:46:00,29.741,29.747,29.741,29.746,5.0,BTI
2024-03-13 07:45:00,29.751,29.756,29.751,29.756,6.0,BTI
2024-03-13 07:42:00,29.78,29.786,29.78,29.786,193.0,BTI
2024-03-13 07:41:00,29.79,29.796,29.77,29.776,1552.0,BTI
2024-03-13 07:39:00,29.8,29.805,29.8,29.805,96.0,BTI
2024-03-13 07:36:00,29.8,29.805,29.8,29.805,4.0,BTI
2024-03-13 07:33:00,29.78,29.786,29.78,29.786,96.0,BTI
2024-03-13 07:31:00,29.78,29.786,29.78,29.786,21.0,BTI
2024-03-13 07:24:00,29.761,29.766,29.761,29.766,215.0,BTI
2024-03-13 07:12:00,29.751,29.756,29.751,29.756,7.0,BTI
2024-03-13 07:09:00,29.77,29.776,29.77,29.776,484.0,BTI
2024-03-13 07:03:00,29.722,29.737,29.722,29.727,194.0,BTI
2024-03-13 07:02:00,29.741,29.747,29.741,29.746,10.0,BTI
2024-03-13 07:01:00,29.761,29.766,29.761,29.766,96.0,BTI
2024-03-13 06:59:00,29.761,29.766,29.761,29.766,87.0,BTI
2024-03-13 06:57:00,29.761,29.766,29.761,29.766,1.0,BTI
2024-03-13 06:56:00,29.77,29.776,29.77,29.776,1.0,BTI
2024-03-13 06:31:00,29.761,29.776,29.761,29.776,319.0,BTI
2024-03-13 06:28:00,29.751,29.766,29.751,29.766,290.0,BTI
2024-03-13 06:21:00,29.741,29.747,29.741,29.746,9.0,BTI
2024-03-13 06:17:00,29.77,29.776,29.77,29.776,193.0,BTI
2024-03-13 06:16:00,29.78,29.786,29.78,29.786,290.0,BTI
2024-03-13 06:15:00,29.78,29.786,29.78,29.786,0.0,BTI
2024-03-13 06:14:00,29.79,29.796,29.79,29.795,639.0,BTI
2024-03-13 06:13:00,29.8,29.805,29.8,29.805,96.0,BTI
2024-03-13 06:05:00,29.809,29.815,29.809,29.815,289.0,BTI
2024-03-13 05:59:00,29.77,29.776,29.77,29.776,96.0,BTI
2024-03-13 05:42:00,29.819,29.825,29.819,29.825,387.0,BTI
2024-03-13 05:41:00,29.8,29.805,29.8,29.805,9.0,BTI
2024-03-13 05:32:00,29.829,29.835,29.829,29.834,386.0,BTI
2024-03-13 05:28:00,29.858,29.864,29.858,29.864,2.0,BTI
2024-03-13 05:19:00,29.917,29.922,29.878,29.883,401.0,BTI
2024-03-13 05:18:00,29.917,29.922,29.917,29.922,145.0,BTI
2024-03-13 05:15:00,29.936,29.942,29.936,29.942,484.0,BTI
2024-03-13 05:12:00,29.936,29.942,29.936,29.942,397.0,BTI
2024-03-13 05:11:00,29.907,29.913,29.907,29.912,9.0,BTI
2024-03-13 05:08:00,29.868,29.883,29.868,29.883,301.0,BTI
2024-03-13 05:06:00,29.868,29.874,29.868,29.873,155.0,BTI
2024-03-13 05:05:00,29.848,29.854,29.848,29.854,96.0,BTI
2024-03-13 05:04:00,29.848,29.854,29.848,29.854,1.0,BTI
2024-03-13 05:03:00,29.848,29.864,29.848,29.864,50.0,BTI
2024-03-13 05:02:00,29.858,29.864,29.848,29.854,192.0,BTI
2024-03-13 05:00:00,29.868,29.874,29.868,29.873,97.0,BTI
2024-03-13 04:59:00,29.868,29.874,29.868,29.873,3.0,BTI
2024-03-13 04:57:00,29.878,29.883,29.878,29.883,9.0,BTI
2024-03-13 04:55:00,29.858,29.864,29.848,29.864,13.0,BTI
2024-03-13 04:53:00,29.868,29.874,29.868,29.873,3.0,BTI
2024-03-13 04:52:00,29.858,29.864,29.858,29.864,17.0,BTI
2024-03-13 04:51:00,29.858,29.864,29.858,29.864,3.0,BTI
2024-03-13 04:50:00,29.858,29.864,29.858,29.864,14.0,BTI
2024-03-13 04:47:00,29.848,29.854,29.848,29.854,9.0,BTI
2024-03-13 04:36:00,29.741,29.747,29.741,29.746,1195.0,BTI
2024-03-13 04:31:00,29.751,29.756,29.751,29.756,193.0,BTI
2024-03-13 04:30:00,29.77,29.776,29.77,29.776,915.0,BTI
2024-03-13 04:27:00,29.77,29.776,29.77,29.776,75.0,BTI
2024-03-13 04:25:00,29.77,29.786,29.77,29.776,702.0,BTI
2024-03-13 04:21:00,29.8,29.805,29.8,29.805,452.0,BTI
2024-03-13 04:20:00,29.819,29.825,29.819,29.825,0.0,BTI
2024-03-13 04:17:00,29.858,29.864,29.848,29.854,118.0,BTI
2024-03-13 04:16:00,29.848,29.854,29.848,29.854,2.0,BTI
2024-03-13 04:15:00,29.819,29.825,29.819,29.825,193.0,BTI
2024-03-13 04:12:00,29.819,29.825,29.819,29.825,387.0,BTI
2024-03-13 04:11:00,29.819,29.825,29.819,29.825,96.0,BTI
2024-03-13 04:09:00,29.809,29.815,29.78,29.805,2259.0,BTI
2024-03-13 04:06:00,29.79,29.796,29.79,29.795,33.0,BTI
2024-03-13 04:05:00,29.77,29.786,29.77,29.786,1346.0,BTI
2024-03-13 04:02:00,29.77,29.776,29.77,29.776,0.0,BTI
2024-03-13 04:01:00,29.848,29.854,29.848,29.854,6.0,BTI
2024-03-13 04:00:00,29.809,29.825,29.712,29.825,685.0,BTI
2024-03-12 19:58:00,29.809,29.815,29.809,29.815,1.0,BTI
2024-03-12 19:57:00,29.8,29.805,29.8,29.805,1.0,BTI
2024-03-12 19:53:00,29.809,29.815,29.809,29.815,7.0,BTI
2024-03-12 19:47:00,29.927,29.932,29.927,29.932,13.0,BTI
2024-03-12 19:44:00,29.77,29.786,29.77,29.786,52.0,BTI
2024-03-12 19:34:00,29.77,29.776,29.77,29.776,19.0,BTI
2024-03-12 19:33:00,29.77,29.776,29.77,29.776,159.0,BTI
2024-03-12 19:09:00,29.814,29.82,29.814,29.82,0.0,BTI
2024-03-12 19:00:00,29.77,29.776,29.77,29.776,169959.0,BTI
2024-03-12 18:58:00,29.77,29.776,29.77,29.776,0.0,BTI
2024-03-12 18:54:00,29.722,29.727,29.722,29.727,29.0,BTI
2024-03-12 18:51:00,29.692,29.698,29.692,29.698,9.0,BTI
2024-03-12 18:37:00,29.77,29.776,29.77,29.776,1.0,BTI
2024-03-12 18:32:00,29.77,29.776,29.77,29.776,3.0,BTI
2024-03-12 18:30:00,29.77,29.776,29.77,29.776,169959.0,BTI
2024-03-12 18:28:00,29.77,29.776,29.77,29.776,6683.0,BTI
2024-03-12 18:24:00,29.77,29.776,29.77,29.776,10.0,BTI
2024-03-12 18:22:00,29.77,29.776,29.77,29.776,96.0,BTI
2024-03-12 18:21:00,29.702,29.708,29.692,29.698,20.0,BTI
2024-03-12 18:17:00,29.946,29.952,29.946,29.951,9.0,BTI
2024-03-12 18:14:00,29.956,29.961,29.956,29.961,48.0,BTI
2024-03-12 18:12:00,29.809,29.815,29.809,29.815,0.0,BTI
2024-03-12 17:59:00,29.77,29.776,29.77,29.776,2.0,BTI
2024-03-12 17:55:00,29.712,29.717,29.692,29.698,182.0,BTI
2024-03-12 17:50:00,29.78,29.786,29.78,29.786,0.0,BTI
2024-03-12 17:49:00,29.741,29.747,29.741,29.746,0.0,BTI
2024-03-12 17:47:00,29.702,29.708,29.702,29.707,0.0,BTI
2024-03-12 17:45:00,29.722,29.796,29.722,29.795,15.0,BTI
2024-03-12 17:43:00,29.77,29.776,29.77,29.776,13.0,BTI
2024-03-12 17:33:00,29.8,29.805,29.8,29.805,0.0,BTI
2024-03-12 17:24:00,30.016,30.021,30.016,30.021,15.0,BTI
2024-03-12 17:20:00,30.034,30.04,30.034,30.039,0.0,BTI
2024-03-12 17:19:00,30.014,30.03,30.014,30.03,1.0,BTI
2024-03-12 17:16:00,30.014,30.02,30.014,30.02,1.0,BTI
2024-03-12 17:14:00,29.79,29.796,29.751,29.756,127.0,BTI
2024-03-12 17:13:00,29.79,29.796,29.79,29.795,19.0,BTI
2024-03-12 17:12:00,29.798,29.804,29.798,29.803,48.0,BTI
2024-03-12 17:11:00,29.722,29.727,29.722,29.727,3.0,BTI
2024-03-12 17:08:00,29.722,29.727,29.722,29.727,8.0,BTI
2024-03-12 17:06:00,29.8,29.805,29.8,29.805,96.0,BTI
2024-03-12 16:56:00,29.809,29.815,29.809,29.815,1453.0,BTI
2024-03-12 16:54:00,29.8,29.805,29.8,29.805,96.0,BTI
2024-03-12 16:45:00,29.77,29.776,29.693,29.698,666.0,BTI
2024-03-12 16:44:00,29.809,29.815,29.809,29.815,8.0,BTI
2024-03-12 16:37:00,29.809,29.815,29.809,29.815,0.0,BTI
2024-03-12 16:31:00,29.77,29.815,29.77,29.815,294.0,BTI
2024-03-12 16:19:00,29.683,29.688,29.683,29.688,1840.0,BTI
2024-03-12 16:15:00,29.684,29.69,29.684,29.69,3.0,BTI
2024-03-12 16:10:00,29.77,29.776,29.77,29.776,169959.0,BTI
2024-03-12 16:09:00,29.683,29.688,29.683,29.688,4.0,BTI
2024-03-12 16:03:00,29.77,29.776,29.77,29.776,94.0,BTI
2024-03-12 16:02:00,29.809,29.815,29.809,29.815,1.0,BTI
2024-03-12 16:01:00,29.78,29.805,29.78,29.805,1.0,BTI
2024-03-12 16:00:00,29.77,29.776,29.761,29.766,357728.0,BTI
2024-03-12 15:59:00,29.78,29.786,29.761,29.776,65700.0,BTI
2024-03-12 15:58:00,29.78,29.786,29.77,29.786,55611.0,BTI
2024-03-12 15:57:00,29.766,29.786,29.761,29.786,65213.0,BTI
2024-03-12 15:56:00,29.766,29.776,29.761,29.771,46326.0,BTI
2024-03-12 15:55:00,29.746,29.776,29.746,29.776,52648.0,BTI
2024-03-12 15:54:00,29.756,29.766,29.741,29.751,36755.0,BTI
2024-03-12 15:53:00,29.751,29.766,29.741,29.761,29213.0,BTI
2024-03-12 15:52:00,29.746,29.756,29.741,29.751,52180.0,BTI
2024-03-12 15:51:00,29.726,29.752,29.722,29.751,44396.0,BTI
2024-03-12 15:50:00,29.702,29.735,29.697,29.732,73526.0,BTI
2024-03-12 15:49:00,29.697,29.708,29.692,29.703,33671.0,BTI
2024-03-12 15:48:00,29.687,29.708,29.687,29.703,50999.0,BTI
2024-03-12 15:47:00,29.697,29.708,29.687,29.693,93298.0,BTI
2024-03-12 15:46:00,29.702,29.708,29.692,29.703,23420.0,BTI
2024-03-12 15:45:00,29.726,29.736,29.702,29.707,86379.0,BTI
2024-03-12 15:44:00,29.736,29.745,29.726,29.732,15774.0,BTI
2024-03-12 15:43:00,29.731,29.744,29.726,29.742,34871.0,BTI
2024-03-12 15:42:00,29.746,29.756,29.731,29.737,28033.0,BTI
2024-03-12 15:41:00,29.736,29.756,29.731,29.747,25002.0,BTI
2024-03-12 15:40:00,29.726,29.743,29.726,29.742,13231.0,BTI
2024-03-12 15:39:00,29.722,29.732,29.722,29.732,9911.0,BTI
2024-03-12 15:38:00,29.717,29.737,29.717,29.727,40046.0,BTI
2024-03-12 15:37:00,29.717,29.727,29.714,29.722,5766.0,BTI
2024-03-12 15:36:00,29.707,29.727,29.707,29.722,21695.0,BTI
2024-03-12 15:35:00,29.702,29.713,29.702,29.712,8507.0,BTI
2024-03-12 15:34:00,29.707,29.717,29.692,29.712,17314.0,BTI
2024-03-12 15:33:00,29.712,29.727,29.707,29.712,43625.0,BTI
2024-03-12 15:32:00,29.717,29.722,29.712,29.722,14389.0,BTI
2024-03-12 15:31:00,29.722,29.727,29.712,29.722,15777.0,BTI
2024-03-12 15:30:00,29.746,29.752,29.722,29.727,48982.0,BTI
2024-03-12 15:29:00,29.746,29.756,29.741,29.746,3843.0,BTI
2024-03-12 15:28:00,29.746,29.752,29.741,29.751,8477.0,BTI
2024-03-12 15:27:00,29.752,29.766,29.741,29.751,25229.0,BTI
2024-03-12 15:26:00,29.761,29.766,29.751,29.757,2141.0,BTI
2024-03-12 15:25:00,29.756,29.766,29.751,29.766,3740.0,BTI
2024-03-12 15:24:00,29.761,29.766,29.756,29.761,4765.0,BTI
2024-03-12 15:23:00,29.751,29.766,29.751,29.761,9602.0,BTI
2024-03-12 15:22:00,29.751,29.761,29.746,29.751,8005.0,BTI
2024-03-12 15:21:00,29.741,29.756,29.741,29.756,9490.0,BTI
2024-03-12 15:20:00,29.746,29.756,29.736,29.742,9276.0,BTI
2024-03-12 15:19:00,29.736,29.756,29.736,29.756,6741.0,BTI
2024-03-12 15:18:00,29.741,29.747,29.731,29.746,16010.0,BTI
2024-03-12 15:17:00,29.746,29.752,29.741,29.751,5751.0,BTI
2024-03-12 15:16:00,29.741,29.756,29.741,29.747,10641.0,BTI
2024-03-12 15:15:00,29.741,29.752,29.741,29.746,16130.0,BTI
2024-03-12 15:14:00,29.739,29.752,29.733,29.746,33904.0,BTI
2024-03-12 15:13:00,29.746,29.752,29.741,29.746,7829.0,BTI
2024-03-12 15:12:00,29.741,29.755,29.741,29.751,4936.0,BTI
2024-03-12 15:11:00,29.726,29.752,29.722,29.751,16803.0,BTI
2024-03-12 15:10:00,29.731,29.737,29.722,29.728,8219.0,BTI
2024-03-12 15:09:00,29.731,29.737,29.726,29.737,5876.0,BTI
2024-03-12 15:08:00,29.726,29.742,29.726,29.737,16390.0,BTI
2024-03-12 15:07:00,29.722,29.737,29.722,29.732,3399.0,BTI
2024-03-12 15:06:00,29.726,29.737,29.722,29.727,14007.0,BTI
2024-03-12 15:05:00,29.726,29.737,29.726,29.732,3596.0,BTI
2024-03-12 15:04:00,29.726,29.732,29.722,29.728,3638.0,BTI
2024-03-12 15:03:00,29.712,29.732,29.711,29.732,6510.0,BTI
2024-03-12 15:02:00,29.702,29.717,29.702,29.717,3560.0,BTI
2024-03-12 15:01:00,29.699,29.717,29.697,29.707,20907.0,BTI
2024-03-12 15:00:00,29.692,29.704,29.692,29.703,3182.0,BTI
2024-03-12 14:59:00,29.707,29.713,29.697,29.703,8873.0,BTI
2024-03-12 14:58:00,29.702,29.717,29.694,29.712,11977.0,BTI
2024-03-12 14:57:00,29.697,29.708,29.692,29.707,4717.0,BTI
2024-03-12 14:56:00,29.702,29.708,29.692,29.698,12765.0,BTI
2024-03-12 14:55:00,29.692,29.708,29.687,29.707,13911.0,BTI
2024-03-12 14:54:00,29.707,29.717,29.687,29.693,16944.0,BTI
2024-03-12 14:53:00,29.712,29.717,29.707,29.712,9992.0,BTI
2024-03-12 14:52:00,29.707,29.717,29.707,29.712,7837.0,BTI
2024-03-12 14:51:00,29.717,29.722,29.702,29.712,8432.0,BTI
2024-03-12 14:50:00,29.712,29.727,29.712,29.722,5885.0,BTI
2024-03-12 14:49:00,29.712,29.722,29.712,29.717,11678.0,BTI
2024-03-12 14:48:00,29.697,29.717,29.697,29.717,8082.0,BTI
2024-03-12 14:47:00,29.683,29.708,29.674,29.707,17099.0,BTI
2024-03-12 14:46:00,29.697,29.703,29.673,29.688,15070.0,BTI
2024-03-12 14:45:00,29.702,29.713,29.697,29.703,10501.0,BTI
2024-03-12 14:44:00,29.702,29.708,29.692,29.707,5375.0,BTI
2024-03-12 14:43:00,29.707,29.717,29.702,29.712,14158.0,BTI
2024-03-12 14:42:00,29.707,29.717,29.702,29.717,8179.0,BTI
2024-03-12 14:41:00,29.712,29.727,29.704,29.709,9507.0,BTI
2024-03-12 14:40:00,29.722,29.727,29.712,29.717,7475.0,BTI
2024-03-12 14:39:00,29.722,29.732,29.717,29.722,13667.0,BTI
2024-03-12 14:38:00,29.717,29.727,29.712,29.722,7081.0,BTI
2024-03-12 14:37:00,29.717,29.732,29.712,29.727,10654.0,BTI
2024-03-12 14:36:00,29.722,29.727,29.722,29.727,3702.0,BTI
2024-03-12 14:35:00,29.722,29.732,29.722,29.727,6625.0,BTI
2024-03-12 14:34:00,29.73,29.737,29.722,29.727,13526.0,BTI
2024-03-12 14:33:00,29.726,29.737,29.722,29.732,6426.0,BTI
2024-03-12 14:32:00,29.721,29.737,29.717,29.727,23610.0,BTI
2024-03-12 14:31:00,29.707,29.727,29.702,29.727,9212.0,BTI
2024-03-12 14:30:00,29.712,29.717,29.705,29.712,3409.0,BTI
2024-03-12 14:29:00,29.707,29.717,29.702,29.717,5589.0,BTI
2024-03-12 14:28:00,29.697,29.717,29.697,29.712,8948.0,BTI
2024-03-12 14:27:00,29.692,29.703,29.687,29.703,5164.0,BTI
2024-03-12 14:26:00,29.687,29.698,29.687,29.698,1065.0,BTI
2024-03-12 14:25:00,29.692,29.698,29.687,29.698,3928.0,BTI
2024-03-12 14:24:00,29.687,29.698,29.683,29.693,1973.0,BTI
2024-03-12 14:23:00,29.673,29.693,29.673,29.693,6609.0,BTI
2024-03-12 14:22:00,29.663,29.688,29.663,29.678,16048.0,BTI
2024-03-12 14:21:00,29.663,29.673,29.663,29.668,1403.0,BTI
2024-03-12 14:20:00,29.663,29.673,29.663,29.668,3065.0,BTI
2024-03-12 14:19:00,29.663,29.669,29.663,29.668,8315.0,BTI
2024-03-12 14:18:00,29.673,29.678,29.663,29.678,7595.0,BTI
2024-03-12 14:17:00,29.683,29.688,29.673,29.678,5526.0,BTI
2024-03-12 14:16:00,29.683,29.698,29.683,29.688,2423.0,BTI
2024-03-12 14:15:00,29.687,29.698,29.683,29.688,2727.0,BTI
2024-03-12 14:14:00,29.678,29.693,29.678,29.693,3718.0,BTI
2024-03-12 14:13:00,29.673,29.678,29.673,29.678,288.0,BTI
2024-03-12 14:12:00,29.687,29.693,29.673,29.687,8252.0,BTI
2024-03-12 14:11:00,29.687,29.693,29.687,29.693,176.0,BTI
2024-03-12 14:10:00,29.673,29.693,29.673,29.693,3402.0,BTI
2024-03-12 14:09:00,29.678,29.688,29.675,29.687,2202.0,BTI
2024-03-12 14:08:00,29.682,29.688,29.678,29.683,834.0,BTI
2024-03-12 14:07:00,29.673,29.683,29.672,29.683,3357.0,BTI
2024-03-12 14:06:00,29.673,29.68,29.663,29.673,4374.0,BTI
2024-03-12 14:05:00,29.673,29.683,29.673,29.678,2063.0,BTI
2024-03-12 14:04:00,29.663,29.688,29.663,29.688,2268.0,BTI
2024-03-12 14:02:00,29.669,29.678,29.663,29.668,5442.0,BTI
2024-03-12 14:01:00,29.673,29.678,29.663,29.668,2757.0,BTI
2024-03-12 14:00:00,29.68,29.688,29.673,29.678,7162.0,BTI
2024-03-12 13:59:00,29.683,29.688,29.673,29.678,1649.0,BTI
2024-03-12 13:58:00,29.683,29.693,29.675,29.688,7036.0,BTI
2024-03-12 13:57:00,29.678,29.683,29.675,29.683,1122.0,BTI
2024-03-12 13:56:00,29.678,29.688,29.678,29.688,1235.0,BTI
2024-03-12 13:55:00,29.678,29.688,29.673,29.688,2883.0,BTI
2024-03-12 13:54:00,29.683,29.693,29.673,29.678,7226.0,BTI
2024-03-12 13:53:00,29.678,29.688,29.678,29.688,2164.0,BTI
2024-03-12 13:52:00,29.668,29.683,29.668,29.683,2566.0,BTI
2024-03-12 13:51:00,29.673,29.678,29.668,29.673,8286.0,BTI
2024-03-12 13:50:00,29.678,29.683,29.673,29.678,3928.0,BTI
2024-03-12 13:49:00,29.682,29.688,29.682,29.688,355.0,BTI
2024-03-12 13:48:00,29.664,29.688,29.664,29.688,3710.0,BTI
2024-03-12 13:47:00,29.668,29.678,29.668,29.678,36253.0,BTI
2024-03-12 13:46:00,29.673,29.678,29.668,29.677,6077.0,BTI
2024-03-12 13:45:00,29.664,29.68,29.664,29.678,3990.0,BTI
2024-03-12 13:44:00,29.658,29.678,29.654,29.678,6277.0,BTI
2024-03-12 13:43:00,29.648,29.669,29.648,29.664,12326.0,BTI
2024-03-12 13:42:00,29.653,29.659,29.651,29.659,3702.0,BTI
2024-03-12 13:41:00,29.658,29.664,29.652,29.658,5241.0,BTI
2024-03-12 13:40:00,29.653,29.669,29.653,29.664,6200.0,BTI
2024-03-12 13:39:00,29.653,29.664,29.653,29.659,5561.0,BTI
2024-03-12 13:38:00,29.644,29.659,29.644,29.653,10487.0,BTI
2024-03-12 13:37:00,29.639,29.649,29.639,29.644,2147.0,BTI
2024-03-12 13:36:00,29.643,29.648,29.634,29.644,1295.0,BTI
2024-03-12 13:35:00,29.639,29.649,29.634,29.644,3477.0,BTI
2024-03-12 13:34:00,29.629,29.644,29.629,29.64,5156.0,BTI
2024-03-12 13:33:00,29.624,29.639,29.624,29.638,1166.0,BTI
2024-03-12 13:32:00,29.624,29.639,29.619,29.634,7191.0,BTI
2024-03-12 13:31:00,29.634,29.639,29.614,29.624,11734.0,BTI
2024-03-12 13:30:00,29.634,29.649,29.634,29.639,3851.0,BTI
2024-03-12 13:29:00,29.641,29.649,29.634,29.644,2195.0,BTI
2024-03-12 13:28:00,29.639,29.644,29.634,29.639,3224.0,BTI
2024-03-12 13:27:00,29.639,29.657,29.639,29.644,5344.0,BTI
2024-03-12 13:26:00,29.644,29.649,29.639,29.649,2288.0,BTI
2024-03-12 13:25:00,29.639,29.649,29.639,29.644,2321.0,BTI
2024-03-12 13:24:00,29.644,29.649,29.634,29.648,1051.0,BTI
2024-03-12 13:23:00,29.644,29.654,29.634,29.644,6110.0,BTI
2024-03-12 13:22:00,29.653,29.659,29.644,29.654,5667.0,BTI
2024-03-12 13:21:00,29.654,29.669,29.653,29.659,4544.0,BTI
2024-03-12 13:20:00,29.653,29.673,29.653,29.659,6714.0,BTI
2024-03-12 13:19:00,29.663,29.669,29.653,29.668,7049.0,BTI
2024-03-12 13:18:00,29.644,29.669,29.644,29.668,19744.0,BTI
2024-03-12 13:17:00,29.624,29.644,29.624,29.644,5313.0,BTI
2024-03-12 13:16:00,29.624,29.639,29.624,29.634,3871.0,BTI
2024-03-12 13:15:00,29.619,29.63,29.619,29.629,5965.0,BTI
2024-03-12 13:14:00,29.609,29.62,29.609,29.62,4471.0,BTI
2024-03-12 13:13:00,29.609,29.618,29.604,29.614,2367.0,BTI
2024-03-12 13:12:00,29.619,29.63,29.604,29.61,11503.0,BTI
2024-03-12 13:11:00,29.619,29.63,29.614,29.62,6534.0,BTI
2024-03-12 13:10:00,29.624,29.63,29.614,29.624,3237.0,BTI
2024-03-12 13:09:00,29.624,29.63,29.614,29.624,1719.0,BTI
2024-03-12 13:08:00,29.629,29.639,29.614,29.62,7163.0,BTI
2024-03-12 13:07:00,29.624,29.639,29.619,29.629,16065.0,BTI
2024-03-12 13:06:00,29.603,29.625,29.603,29.624,4316.0,BTI
2024-03-12 13:05:00,29.606,29.612,29.595,29.605,26879.0,BTI
2024-03-12 13:04:00,29.609,29.615,29.604,29.615,1817.0,BTI
2024-03-12 13:03:00,29.614,29.62,29.604,29.61,2255.0,BTI
2024-03-12 13:02:00,29.624,29.63,29.604,29.62,11927.0,BTI
2024-03-12 13:01:00,29.634,29.648,29.624,29.629,7518.0,BTI
2024-03-12 13:00:00,29.639,29.649,29.639,29.644,3330.0,BTI
2024-03-12 12:59:00,29.644,29.649,29.634,29.639,1900.0,BTI
2024-03-12 12:58:00,29.639,29.649,29.634,29.641,1482.0,BTI
2024-03-12 12:57:00,29.614,29.649,29.609,29.64,12464.0,BTI
2024-03-12 12:56:00,29.614,29.62,29.604,29.62,3130.0,BTI
2024-03-12 12:55:00,29.609,29.62,29.608,29.62,7089.0,BTI
2024-03-12 12:54:00,29.604,29.618,29.6,29.618,4065.0,BTI
2024-03-12 12:53:00,29.595,29.61,29.595,29.6,2375.0,BTI
2024-03-12 12:52:00,29.595,29.6,29.59,29.595,1680.0,BTI
2024-03-12 12:51:00,29.585,29.6,29.585,29.595,1945.0,BTI
2024-03-12 12:50:00,29.585,29.591,29.577,29.585,1787.0,BTI
2024-03-12 12:49:00,29.585,29.591,29.575,29.585,3866.0,BTI
2024-03-12 12:48:00,29.58,29.595,29.58,29.595,2397.0,BTI
2024-03-12 12:47:00,29.575,29.591,29.575,29.585,2232.0,BTI
2024-03-12 12:46:00,29.58,29.586,29.575,29.586,3010.0,BTI
2024-03-12 12:45:00,29.58,29.591,29.575,29.59,11974.0,BTI
2024-03-12 12:44:00,29.59,29.6,29.58,29.585,15677.0,BTI
2024-03-12 12:43:00,29.59,29.595,29.585,29.595,2413.0,BTI
2024-03-12 12:42:00,29.59,29.595,29.585,29.595,2533.0,BTI
2024-03-12 12:41:00,29.59,29.6,29.585,29.59,5721.0,BTI
2024-03-12 12:40:00,29.59,29.6,29.585,29.59,2691.0,BTI
2024-03-12 12:39:00,29.59,29.6,29.585,29.6,2121.0,BTI
2024-03-12 12:38:00,29.602,29.608,29.579,29.6,18155.0,BTI
2024-03-12 12:37:00,29.595,29.605,29.595,29.6,8518.0,BTI
2024-03-12 12:36:00,29.605,29.62,29.595,29.6,3344.0,BTI
2024-03-12 12:35:00,29.609,29.62,29.595,29.615,73126.0,BTI
2024-03-12 12:34:00,29.609,29.615,29.585,29.61,43234.0,BTI
2024-03-12 12:33:00,29.6,29.62,29.595,29.62,12395.0,BTI
2024-03-12 12:32:00,29.595,29.61,29.585,29.605,15898.0,BTI
2024-03-12 12:31:00,29.59,29.605,29.59,29.605,5662.0,BTI
2024-03-12 12:30:00,29.614,29.63,29.59,29.595,78807.0,BTI
2024-03-12 12:29:00,29.629,29.639,29.619,29.624,35561.0,BTI
2024-03-12 12:28:00,29.644,29.649,29.624,29.634,24514.0,BTI
2024-03-12 12:27:00,29.649,29.659,29.644,29.649,5534.0,BTI
2024-03-12 12:26:00,29.648,29.664,29.644,29.659,7940.0,BTI
2024-03-12 12:25:00,29.663,29.678,29.648,29.654,5613.0,BTI
2024-03-12 12:24:00,29.648,29.678,29.644,29.678,20653.0,BTI
2024-03-12 12:23:00,29.653,29.669,29.646,29.651,5784.0,BTI
2024-03-12 12:22:00,29.663,29.673,29.658,29.664,4465.0,BTI
2024-03-12 12:21:00,29.648,29.676,29.648,29.668,26044.0,BTI
2024-03-12 12:20:00,29.644,29.654,29.644,29.654,2623.0,BTI
2024-03-12 12:19:00,29.658,29.664,29.634,29.644,12162.0,BTI
2024-03-12 12:18:00,29.653,29.669,29.653,29.668,6230.0,BTI
2024-03-12 12:17:00,29.644,29.664,29.644,29.659,22446.0,BTI
2024-03-12 12:16:00,29.634,29.654,29.634,29.649,9787.0,BTI
2024-03-12 12:15:00,29.624,29.639,29.624,29.634,13420.0,BTI
2024-03-12 12:14:00,29.624,29.639,29.619,29.639,4335.0,BTI
2024-03-12 12:13:00,29.619,29.63,29.619,29.629,1799.0,BTI
2024-03-12 12:12:00,29.619,29.625,29.614,29.624,3997.0,BTI
2024-03-12 12:11:00,29.624,29.639,29.619,29.629,11487.0,BTI
2024-03-12 12:10:00,29.624,29.63,29.614,29.624,4916.0,BTI
2024-03-12 12:09:00,29.624,29.638,29.624,29.629,3177.0,BTI
2024-03-12 12:08:00,29.639,29.644,29.624,29.629,23060.0,BTI
2024-03-12 12:07:00,29.624,29.644,29.624,29.644,4910.0,BTI
2024-03-12 12:06:00,29.624,29.639,29.624,29.634,14143.0,BTI
2024-03-12 12:05:00,29.644,29.649,29.629,29.634,24098.0,BTI
2024-03-12 12:04:00,29.643,29.649,29.634,29.644,3265.0,BTI
2024-03-12 12:03:00,29.644,29.654,29.639,29.644,3986.0,BTI
2024-03-12 12:02:00,29.653,29.659,29.648,29.654,5173.0,BTI
2024-03-12 12:01:00,29.663,29.669,29.658,29.664,4916.0,BTI
2024-03-12 12:00:00,29.668,29.678,29.653,29.659,9628.0,BTI
2024-03-12 11:59:00,29.658,29.688,29.658,29.678,20260.0,BTI
2024-03-12 11:58:00,29.663,29.669,29.653,29.664,7766.0,BTI
2024-03-12 11:57:00,29.658,29.678,29.658,29.678,9062.0,BTI
2024-03-12 11:56:00,29.663,29.669,29.648,29.668,16356.0,BTI
2024-03-12 11:55:00,29.653,29.669,29.653,29.668,20698.0,BTI
2024-03-12 11:54:00,29.629,29.659,29.629,29.659,5619.0,BTI
2024-03-12 11:53:00,29.624,29.639,29.624,29.634,5782.0,BTI
2024-03-12 11:52:00,29.609,29.639,29.609,29.634,13472.0,BTI
2024-03-12 11:51:00,29.59,29.62,29.59,29.62,14510.0,BTI
2024-03-12 11:50:00,29.585,29.6,29.585,29.599,4863.0,BTI
2024-03-12 11:49:00,29.614,29.62,29.585,29.6,15523.0,BTI
2024-03-12 11:48:00,29.644,29.659,29.614,29.62,20091.0,BTI
2024-03-12 11:47:00,29.634,29.649,29.634,29.649,5968.0,BTI
2024-03-12 11:46:00,29.634,29.649,29.624,29.639,13487.0,BTI
2024-03-12 11:45:00,29.653,29.659,29.629,29.649,18345.0,BTI
2024-03-12 11:44:00,29.653,29.669,29.648,29.668,20781.0,BTI
2024-03-12 11:43:00,29.648,29.659,29.639,29.649,10363.0,BTI
2024-03-12 11:42:00,29.629,29.649,29.626,29.649,12633.0,BTI
2024-03-12 11:41:00,29.614,29.63,29.604,29.624,22575.0,BTI
2024-03-12 11:40:00,29.629,29.639,29.614,29.62,14229.0,BTI
2024-03-12 11:39:00,29.614,29.659,29.614,29.636,31980.0,BTI
2024-03-12 11:38:00,29.604,29.634,29.604,29.62,56110.0,BTI
2024-03-12 11:37:00,29.609,29.625,29.604,29.615,24427.0,BTI
2024-03-12 11:36:00,29.565,29.615,29.565,29.615,36545.0,BTI
2024-03-12 11:35:00,29.547,29.581,29.546,29.571,21018.0,BTI
2024-03-12 11:34:00,29.561,29.571,29.546,29.551,7004.0,BTI
2024-03-12 11:33:00,29.551,29.571,29.546,29.571,18870.0,BTI
2024-03-12 11:32:00,29.546,29.551,29.536,29.551,14038.0,BTI
2024-03-12 11:31:00,29.512,29.542,29.507,29.541,10281.0,BTI
2024-03-12 11:30:00,29.517,29.527,29.497,29.517,19752.0,BTI
2024-03-12 11:29:00,29.536,29.542,29.517,29.532,24242.0,BTI
2024-03-12 11:28:00,29.546,29.551,29.531,29.541,2871.0,BTI
2024-03-12 11:27:00,29.531,29.551,29.526,29.546,6746.0,BTI
2024-03-12 11:26:00,29.546,29.551,29.531,29.541,13241.0,BTI
2024-03-12 11:25:00,29.551,29.561,29.546,29.551,6413.0,BTI
2024-03-12 11:24:00,29.536,29.561,29.536,29.556,6078.0,BTI
2024-03-12 11:23:00,29.536,29.542,29.526,29.532,8385.0,BTI
2024-03-12 11:22:00,29.565,29.571,29.531,29.541,7484.0,BTI
2024-03-12 11:21:00,29.556,29.581,29.546,29.571,8981.0,BTI
2024-03-12 11:20:00,29.57,29.581,29.561,29.566,14787.0,BTI
2024-03-12 11:19:00,29.575,29.591,29.565,29.576,12832.0,BTI
2024-03-12 11:18:00,29.6,29.61,29.575,29.585,8150.0,BTI
2024-03-12 11:17:00,29.585,29.62,29.585,29.61,37167.0,BTI
2024-03-12 11:16:00,29.604,29.62,29.585,29.59,16964.0,BTI
2024-03-12 11:15:00,29.59,29.605,29.585,29.6,16899.0,BTI
2024-03-12 11:14:00,29.59,29.6,29.585,29.595,5183.0,BTI
2024-03-12 11:13:00,29.59,29.595,29.585,29.595,3951.0,BTI
2024-03-12 11:12:00,29.58,29.6,29.58,29.6,14958.0,BTI
2024-03-12 11:11:00,29.585,29.595,29.565,29.581,8008.0,BTI
2024-03-12 11:10:00,29.595,29.6,29.585,29.592,5830.0,BTI
2024-03-12 11:09:00,29.604,29.61,29.595,29.605,7165.0,BTI
2024-03-12 11:08:00,29.574,29.61,29.574,29.61,11815.0,BTI
2024-03-12 11:07:00,29.565,29.581,29.556,29.581,9616.0,BTI
2024-03-12 11:06:00,29.57,29.591,29.565,29.575,18550.0,BTI
2024-03-12 11:05:00,29.57,29.581,29.561,29.576,8715.0,BTI
2024-03-12 11:04:00,29.575,29.589,29.565,29.573,28862.0,BTI
2024-03-12 11:03:00,29.59,29.595,29.575,29.581,7650.0,BTI
2024-03-12 11:02:00,29.604,29.62,29.59,29.599,15250.0,BTI
2024-03-12 11:01:00,29.634,29.639,29.604,29.61,13462.0,BTI
2024-03-12 11:00:00,29.619,29.648,29.609,29.639,21490.0,BTI
2024-03-12 10:59:00,29.619,29.649,29.619,29.629,11829.0,BTI
2024-03-12 10:58:00,29.629,29.634,29.619,29.629,12906.0,BTI
2024-03-12 10:57:00,29.648,29.654,29.629,29.634,13649.0,BTI
2024-03-12 10:56:00,29.658,29.664,29.634,29.654,15107.0,BTI
2024-03-12 10:55:00,29.663,29.673,29.658,29.664,12786.0,BTI
2024-03-12 10:54:00,29.644,29.669,29.634,29.668,13272.0,BTI
2024-03-12 10:53:00,29.673,29.683,29.648,29.654,18226.0,BTI
2024-03-12 10:52:00,29.673,29.688,29.673,29.678,9141.0,BTI
2024-03-12 10:51:00,29.673,29.688,29.653,29.688,13172.0,BTI
2024-03-12 10:50:00,29.663,29.688,29.648,29.687,21307.0,BTI
2024-03-12 10:49:00,29.673,29.688,29.663,29.668,9584.0,BTI
2024-03-12 10:48:00,29.673,29.688,29.663,29.688,11160.0,BTI
2024-03-12 10:47:00,29.653,29.678,29.644,29.673,14699.0,BTI
2024-03-12 10:46:00,29.683,29.688,29.653,29.659,12756.0,BTI
2024-03-12 10:45:00,29.726,29.737,29.678,29.683,22699.0,BTI
2024-03-12 10:44:00,29.751,29.756,29.722,29.732,11996.0,BTI
2024-03-12 10:43:00,29.761,29.771,29.751,29.756,12356.0,BTI
2024-03-12 10:42:00,29.751,29.761,29.742,29.756,6025.0,BTI
2024-03-12 10:41:00,29.707,29.747,29.692,29.746,33511.0,BTI
2024-03-12 10:40:00,29.713,29.722,29.702,29.707,9935.0,BTI
2024-03-12 10:39:00,29.712,29.737,29.712,29.722,14751.0,BTI
2024-03-12 10:38:00,29.723,29.737,29.702,29.712,13327.0,BTI
2024-03-12 10:37:00,29.741,29.766,29.722,29.732,12358.0,BTI
2024-03-12 10:36:00,29.741,29.756,29.731,29.756,10841.0,BTI
2024-03-12 10:35:00,29.742,29.756,29.741,29.746,3907.0,BTI
2024-03-12 10:34:00,29.746,29.756,29.741,29.756,20363.0,BTI
2024-03-12 10:33:00,29.756,29.766,29.741,29.751,13014.0,BTI
2024-03-12 10:32:00,29.756,29.766,29.751,29.761,3033.0,BTI
2024-03-12 10:31:00,29.78,29.786,29.756,29.761,18219.0,BTI
2024-03-12 10:30:00,29.795,29.805,29.77,29.781,17841.0,BTI
2024-03-12 10:29:00,29.78,29.805,29.78,29.795,23592.0,BTI
2024-03-12 10:28:00,29.78,29.804,29.77,29.776,45097.0,BTI
2024-03-12 10:27:00,29.809,29.825,29.785,29.795,46690.0,BTI
2024-03-12 10:26:00,29.819,29.835,29.809,29.82,12886.0,BTI
2024-03-12 10:25:00,29.815,29.825,29.809,29.815,4211.0,BTI
2024-03-12 10:24:00,29.81,29.825,29.809,29.815,6856.0,BTI
2024-03-12 10:23:00,29.809,29.82,29.8,29.815,3060.0,BTI
2024-03-12 10:22:00,29.829,29.844,29.809,29.825,13182.0,BTI
2024-03-12 10:21:00,29.819,29.844,29.809,29.834,13319.0,BTI
2024-03-12 10:20:00,29.795,29.82,29.79,29.815,9548.0,BTI
2024-03-12 10:19:00,29.814,29.825,29.79,29.798,13929.0,BTI
2024-03-12 10:18:00,29.79,29.825,29.79,29.825,21895.0,BTI
2024-03-12 10:17:00,29.78,29.796,29.77,29.795,5167.0,BTI
2024-03-12 10:16:00,29.8,29.805,29.751,29.776,12243.0,BTI
2024-03-12 10:15:00,29.775,29.81,29.77,29.805,22202.0,BTI
2024-03-12 10:14:00,29.77,29.786,29.77,29.781,13035.0,BTI
2024-03-12 10:13:00,29.77,29.776,29.761,29.766,17764.0,BTI
2024-03-12 10:12:00,29.77,29.781,29.761,29.776,14008.0,BTI
2024-03-12 10:11:00,29.775,29.786,29.77,29.781,4178.0,BTI
2024-03-12 10:10:00,29.8,29.805,29.771,29.776,7484.0,BTI
2024-03-12 10:09:00,29.819,29.825,29.8,29.815,9106.0,BTI
2024-03-12 10:08:00,29.814,29.825,29.8,29.815,14137.0,BTI
2024-03-12 10:07:00,29.785,29.82,29.775,29.815,17589.0,BTI
2024-03-12 10:06:00,29.79,29.805,29.78,29.786,9239.0,BTI
2024-03-12 10:05:00,29.819,29.825,29.79,29.795,9080.0,BTI
2024-03-12 10:04:00,29.858,29.864,29.819,29.829,13301.0,BTI
2024-03-12 10:03:00,29.863,29.883,29.858,29.864,24841.0,BTI
2024-03-12 10:02:00,29.883,29.898,29.858,29.869,14248.0,BTI
2024-03-12 10:01:00,29.878,29.888,29.858,29.883,10825.0,BTI
2024-03-12 10:00:00,29.883,29.893,29.873,29.893,7558.0,BTI
2024-03-12 09:59:00,29.883,29.893,29.868,29.888,7767.0,BTI
2024-03-12 09:58:00,29.858,29.893,29.858,29.888,9850.0,BTI
2024-03-12 09:57:00,29.809,29.874,29.809,29.873,26217.0,BTI
2024-03-12 09:56:00,29.839,29.854,29.809,29.825,21282.0,BTI
2024-03-12 09:55:00,29.848,29.865,29.844,29.849,17087.0,BTI
2024-03-12 09:54:00,29.858,29.874,29.841,29.857,11953.0,BTI
2024-03-12 09:53:00,29.858,29.874,29.848,29.873,16883.0,BTI
2024-03-12 09:52:00,29.868,29.874,29.853,29.864,15090.0,BTI
2024-03-12 09:51:00,29.888,29.903,29.868,29.873,30482.0,BTI
2024-03-12 09:50:00,29.897,29.903,29.888,29.903,8547.0,BTI
2024-03-12 09:49:00,29.941,29.947,29.888,29.903,17700.0,BTI
2024-03-12 09:48:00,29.966,29.971,29.927,29.942,38670.0,BTI
2024-03-12 09:47:00,29.936,29.961,29.927,29.961,19071.0,BTI
2024-03-12 09:46:00,29.951,29.96,29.927,29.932,13953.0,BTI
2024-03-12 09:45:00,29.956,29.971,29.941,29.951,28942.0,BTI
2024-03-12 09:44:00,29.975,29.981,29.927,29.947,10242.0,BTI
2024-03-12 09:43:00,29.936,29.981,29.917,29.981,20033.0,BTI
2024-03-12 09:42:00,29.927,29.942,29.907,29.937,13718.0,BTI
2024-03-12 09:41:00,29.917,29.942,29.912,29.937,11509.0,BTI
2024-03-12 09:40:00,29.888,29.94,29.888,29.932,14378.0,BTI
2024-03-12 09:39:00,29.917,29.923,29.878,29.893,10452.0,BTI
2024-03-12 09:38:00,29.936,29.942,29.897,29.932,17058.0,BTI
2024-03-12 09:37:00,29.912,29.952,29.907,29.947,18012.0,BTI
2024-03-12 09:36:00,29.936,29.961,29.907,29.922,24044.0,BTI
2024-03-12 09:35:00,29.951,29.961,29.927,29.937,42032.0,BTI
2024-03-12 09:34:00,29.985,30.001,29.936,29.956,21354.0,BTI
2024-03-12 09:33:00,29.966,30.001,29.966,30.0,27646.0,BTI
2024-03-12 09:32:00,30.029,30.039,29.966,29.98,28474.0,BTI
2024-03-12 09:31:00,30.005,30.04,30.005,30.034,49546.0,BTI
2024-03-12 09:30:00,30.034,30.049,29.966,30.02,158777.0,BTI
2024-03-12 09:29:00,29.985,30.069,29.985,30.059,17635.0,BTI
2024-03-12 09:28:00,30.005,30.01,29.995,30.0,23.0,BTI
2024-03-12 09:26:00,30.034,30.04,30.034,30.039,96.0,BTI
2024-03-12 09:25:00,30.044,30.049,30.034,30.049,532.0,BTI
2024-03-12 09:23:00,30.014,30.03,30.014,30.03,162.0,BTI
2024-03-12 09:22:00,30.014,30.02,30.005,30.02,3317.0,BTI
2024-03-12 09:21:00,30.014,30.02,30.014,30.02,89.0,BTI
2024-03-12 09:20:00,30.024,30.03,30.005,30.02,1385.0,BTI
2024-03-12 09:19:00,29.956,30.02,29.956,30.02,1740.0,BTI
2024-03-12 09:18:00,29.966,29.981,29.966,29.981,125.0,BTI
2024-03-12 09:17:00,29.975,29.981,29.975,29.981,99.0,BTI
2024-03-12 09:16:00,29.975,29.981,29.975,29.981,31.0,BTI
2024-03-12 09:15:00,29.975,29.981,29.975,29.981,9.0,BTI
2024-03-12 09:14:00,29.966,29.981,29.966,29.971,500.0,BTI
2024-03-12 09:13:00,29.966,29.971,29.966,29.971,9.0,BTI
2024-03-12 09:12:00,29.966,29.971,29.966,29.971,9.0,BTI
2024-03-12 09:11:00,29.966,29.971,29.966,29.971,25.0,BTI
2024-03-12 09:10:00,29.956,29.961,29.956,29.961,37.0,BTI
2024-03-12 09:09:00,29.946,29.971,29.946,29.971,461.0,BTI
2024-03-12 09:06:00,29.927,29.932,29.927,29.932,109.0,BTI
2024-03-12 09:05:00,29.956,29.961,29.955,29.96,133.0,BTI
2024-03-12 09:04:00,29.946,29.952,29.927,29.932,534.0,BTI
2024-03-12 09:03:00,29.966,29.971,29.966,29.971,48.0,BTI
2024-03-12 09:02:00,29.966,29.971,29.966,29.971,2.0,BTI
2024-03-12 09:01:00,29.946,29.961,29.946,29.961,597.0,BTI
2024-03-12 09:00:00,29.956,29.961,29.956,29.961,9.0,BTI
2024-03-12 08:59:00,29.946,29.952,29.946,29.951,29.0,BTI
2024-03-12 08:58:00,29.975,29.981,29.975,29.981,4.0,BTI
2024-03-12 08:57:00,29.956,29.961,29.956,29.961,145.0,BTI
2024-03-12 08:56:00,29.946,29.952,29.946,29.951,19.0,BTI
2024-03-12 08:55:00,29.966,29.971,29.936,29.942,2935.0,BTI
2024-03-12 08:54:00,29.966,29.981,29.966,29.981,2102.0,BTI
2024-03-12 08:51:00,30.014,30.019,29.966,29.971,3.0,BTI
2024-03-12 08:50:00,29.995,30.01,29.995,30.01,6161.0,BTI
2024-03-12 08:49:00,30.034,30.04,30.034,30.039,194.0,BTI
2024-03-12 08:48:00,30.014,30.02,30.014,30.02,193.0,BTI
2024-03-12 08:47:00,30.034,30.04,30.024,30.039,2238.0,BTI
2024-03-12 08:46:00,30.044,30.049,30.034,30.039,123.0,BTI
2024-03-12 08:45:00,30.024,30.03,30.024,30.03,9.0,BTI
2024-03-12 08:43:00,30.024,30.03,30.024,30.03,121.0,BTI
2024-03-12 08:42:00,30.053,30.059,30.053,30.059,435.0,BTI
2024-03-12 08:41:00,30.044,30.049,30.044,30.049,794.0,BTI
2024-03-12 08:40:00,30.024,30.04,30.024,30.039,387.0,BTI
2024-03-12 08:38:00,30.014,30.03,30.014,30.03,590.0,BTI
2024-03-12 08:37:00,29.995,30.001,29.995,30.0,96.0,BTI
2024-03-12 08:36:00,29.985,30.01,29.985,29.991,1240.0,BTI
2024-03-12 08:34:00,30.005,30.01,30.005,30.01,96.0,BTI
2024-03-12 08:33:00,30.024,30.03,30.005,30.02,1393.0,BTI
2024-03-12 08:32:00,29.966,30.02,29.966,30.02,548.0,BTI
2024-03-12 08:31:00,29.946,29.971,29.946,29.971,123.0,BTI
2024-03-12 08:30:00,29.966,29.971,29.888,29.932,6625.0,BTI
2024-03-12 08:29:00,29.966,29.971,29.956,29.961,201.0,BTI
2024-03-12 08:27:00,29.966,29.971,29.966,29.971,96.0,BTI
2024-03-12 08:26:00,29.927,29.952,29.927,29.951,487.0,BTI
2024-03-12 08:24:00,29.936,29.942,29.927,29.932,96.0,BTI
2024-03-12 08:23:00,29.946,29.952,29.946,29.951,193.0,BTI
2024-03-12 08:22:00,29.956,29.961,29.946,29.951,101.0,BTI
2024-03-12 08:21:00,29.956,29.961,29.956,29.961,32.0,BTI
2024-03-12 08:20:00,29.927,29.933,29.927,29.932,6.0,BTI
2024-03-12 08:19:00,29.946,29.952,29.927,29.942,1747.0,BTI
2024-03-12 08:18:00,29.936,29.942,29.936,29.942,65.0,BTI
2024-03-12 08:16:00,29.946,29.952,29.946,29.951,32.0,BTI
2024-03-12 08:14:00,29.975,29.991,29.956,29.961,232.0,BTI
2024-03-12 08:13:00,29.995,30.001,29.975,29.981,514.0,BTI
2024-03-12 08:12:00,30.005,30.01,30.005,30.01,581.0,BTI
2024-03-12 08:11:00,29.936,29.991,29.936,29.991,277.0,BTI
2024-03-12 08:08:00,29.927,29.932,29.927,29.932,1500.0,BTI
2024-03-12 08:07:00,29.927,29.952,29.927,29.951,484.0,BTI
2024-03-12 08:06:00,29.897,29.932,29.897,29.932,1287.0,BTI
2024-03-12 08:05:00,29.917,29.922,29.331,29.434,109.0,BTI
2024-03-12 08:04:00,29.917,29.932,29.917,29.922,165.0,BTI
2024-03-12 08:03:00,29.429,29.932,29.321,29.922,315.0,BTI
2024-03-12 08:02:00,29.321,29.942,29.321,29.327,8.0,BTI
2024-03-12 08:01:00,29.99,29.996,29.692,29.698,2.0,BTI
2024-03-12 08:00:00,29.497,30.088,29.478,29.951,30416.0,BTI
2024-03-12 07:58:00,29.966,29.971,29.966,29.971,387.0,BTI
2024-03-12 07:57:00,29.956,29.961,29.956,29.961,193.0,BTI
2024-03-12 07:56:00,29.975,29.981,29.975,29.981,96.0,BTI
2024-03-12 07:55:00,30.005,30.01,30.005,30.01,9.0,BTI
2024-03-12 07:54:00,30.014,30.02,29.985,30.0,1426.0,BTI
2024-03-12 07:53:00,29.995,30.03,29.985,30.01,1788.0,BTI
2024-03-12 07:52:00,29.995,30.02,29.985,30.0,3892.0,BTI
2024-03-12 07:51:00,29.956,29.961,29.956,29.961,193.0,BTI
2024-03-12 07:50:00,29.946,29.952,29.946,29.951,96.0,BTI
2024-03-12 07:49:00,29.946,29.952,29.936,29.942,1132.0,BTI
2024-03-12 07:48:00,30.102,30.108,29.897,29.951,15480.0,BTI
2024-03-12 07:46:00,30.083,30.088,30.073,30.088,1031.0,BTI
2024-03-12 07:45:00,30.014,30.088,30.014,30.088,6041.0,BTI
2024-03-12 07:44:00,30.034,30.04,30.024,30.03,337.0,BTI
2024-03-12 07:43:00,30.024,30.04,30.014,30.039,846.0,BTI
2024-03-12 07:42:00,29.936,30.02,29.927,30.01,4374.0,BTI
2024-03-12 07:41:00,29.936,29.942,29.936,29.942,242.0,BTI
2024-03-12 07:40:00,29.897,29.903,29.888,29.893,484.0,BTI
2024-03-12 07:39:00,29.868,29.874,29.868,29.873,96.0,BTI
2024-03-12 07:38:00,29.858,29.864,29.858,29.864,9.0,BTI
2024-03-12 07:37:00,29.966,29.971,29.927,29.932,1520.0,BTI
2024-03-12 07:36:00,29.917,29.971,29.917,29.971,203.0,BTI
2024-03-12 07:35:00,29.848,29.913,29.848,29.912,1365.0,BTI
2024-03-12 07:34:00,29.79,29.864,29.79,29.864,220.0,BTI
2024-03-12 07:33:00,29.848,29.854,29.78,29.815,3069.0,BTI
2024-03-12 07:32:00,29.868,29.883,29.848,29.854,1125.0,BTI
2024-03-12 07:31:00,29.77,29.874,29.77,29.854,10380.0,BTI
2024-03-12 07:30:00,29.731,29.737,29.712,29.737,102.0,BTI
2024-03-12 07:29:00,29.819,29.844,29.8,29.805,5486.0,BTI
2024-03-12 07:28:00,29.78,29.825,29.77,29.786,1568.0,BTI
2024-03-12 07:27:00,29.819,29.825,29.683,29.737,2799.0,BTI
2024-03-12 07:26:00,29.683,29.825,29.683,29.815,15141.0,BTI
2024-03-12 07:25:00,29.478,29.708,29.478,29.688,28702.0,BTI
2024-03-12 07:20:00,29.468,29.473,29.468,29.473,8.0,BTI
2024-03-12 07:19:00,29.468,29.473,29.468,29.473,2.0,BTI
2024-03-12 07:12:00,29.478,29.493,29.478,29.493,145.0,BTI
2024-03-12 07:10:00,29.478,29.483,29.478,29.483,9.0,BTI
2024-03-12 07:09:00,29.478,29.483,29.478,29.483,10.0,BTI
2024-03-12 07:05:00,29.487,29.493,29.487,29.493,2082.0,BTI
2024-03-12 07:03:00,29.497,29.503,29.497,29.502,1841.0,BTI
2024-03-12 07:02:00,29.497,29.503,29.497,29.502,1243.0,BTI
2024-03-12 07:00:00,29.487,29.493,29.487,29.493,0.0,BTI
2024-03-12 06:58:00,29.507,29.512,29.507,29.512,193.0,BTI
2024-03-12 06:41:00,29.507,29.512,29.507,29.512,146.0,BTI
2024-03-12 06:40:00,29.497,29.503,29.497,29.502,193.0,BTI
2024-03-12 06:39:00,29.478,29.483,29.478,29.483,48.0,BTI
2024-03-12 06:33:00,29.478,29.483,29.478,29.483,95.0,BTI
2024-03-12 06:32:00,29.478,29.483,29.478,29.483,0.0,BTI
2024-03-12 06:29:00,29.487,29.493,29.487,29.493,141.0,BTI
2024-03-12 06:28:00,29.487,29.493,29.487,29.493,1011.0,BTI
2024-03-12 06:26:00,29.487,29.493,29.487,29.493,96.0,BTI
2024-03-12 06:24:00,29.478,29.483,29.478,29.483,96.0,BTI
2024-03-12 06:21:00,29.487,29.493,29.487,29.493,145.0,BTI
2024-03-12 06:20:00,29.478,29.483,29.478,29.483,145.0,BTI
2024-03-12 06:19:00,29.458,29.464,29.458,29.463,193.0,BTI
2024-03-12 06:14:00,29.448,29.454,29.448,29.454,484.0,BTI
2024-03-12 06:03:00,29.458,29.464,29.458,29.463,145.0,BTI
2024-03-12 05:56:00,29.478,29.483,29.458,29.463,371.0,BTI
2024-03-12 05:55:00,29.478,29.483,29.478,29.483,13.0,BTI
2024-03-12 05:54:00,29.497,29.503,29.497,29.502,1.0,BTI
2024-03-12 05:53:00,29.536,29.542,29.507,29.512,419.0,BTI
2024-03-12 05:52:00,29.536,29.542,29.536,29.541,484.0,BTI
2024-03-12 05:49:00,29.478,29.532,29.478,29.532,1518.0,BTI
2024-03-12 05:45:00,29.429,29.454,29.429,29.454,629.0,BTI
2024-03-12 05:37:00,29.409,29.415,29.409,29.415,48.0,BTI
2024-03-12 05:31:00,29.38,29.385,29.38,29.385,5.0,BTI
2024-03-12 05:29:00,29.39,29.395,29.39,29.395,19.0,BTI
2024-03-12 05:27:00,29.409,29.415,29.399,29.405,581.0,BTI
2024-03-12 05:20:00,29.399,29.415,29.399,29.415,1172.0,BTI
2024-03-12 05:18:00,29.429,29.434,29.419,29.424,385.0,BTI
2024-03-12 05:14:00,29.439,29.444,29.439,29.444,0.0,BTI
2024-03-12 05:13:00,29.458,29.464,29.458,29.463,20.0,BTI
2024-03-12 05:09:00,29.458,29.464,29.458,29.463,45.0,BTI
2024-03-12 05:07:00,29.458,29.464,29.458,29.463,2.0,BTI
2024-03-12 05:02:00,29.487,29.493,29.487,29.493,387.0,BTI
2024-03-12 04:47:00,29.439,29.444,29.439,29.444,140.0,BTI
2024-03-12 04:46:00,29.487,29.493,29.487,29.493,217.0,BTI
2024-03-12 04:44:00,29.478,29.493,29.478,29.483,581.0,BTI
2024-03-12 04:43:00,29.507,29.512,29.497,29.502,581.0,BTI
2024-03-12 04:40:00,29.517,29.522,29.517,29.522,435.0,BTI
2024-03-12 04:38:00,29.497,29.522,29.497,29.522,1017.0,BTI
2024-03-12 04:36:00,29.487,29.503,29.487,29.502,290.0,BTI
2024-03-12 04:35:00,29.478,29.483,29.478,29.483,193.0,BTI
2024-03-12 04:33:00,29.507,29.512,29.507,29.512,290.0,BTI
2024-03-12 04:32:00,29.497,29.503,29.497,29.502,96.0,BTI
2024-03-12 04:28:00,29.458,29.483,29.458,29.483,387.0,BTI
2024-03-12 04:26:00,29.439,29.454,29.429,29.454,349.0,BTI
2024-03-12 04:25:00,29.429,29.434,29.429,29.434,387.0,BTI
2024-03-12 04:24:00,29.409,29.415,29.409,29.415,484.0,BTI
2024-03-12 04:23:00,29.409,29.415,29.409,29.415,484.0,BTI
2024-03-12 04:22:00,29.429,29.434,29.429,29.434,387.0,BTI
2024-03-12 04:18:00,29.458,29.464,29.439,29.444,484.0,BTI
2024-03-12 04:16:00,29.419,29.444,29.419,29.444,696.0,BTI
2024-03-12 04:13:00,29.429,29.434,29.419,29.424,581.0,BTI
2024-03-12 04:12:00,29.439,29.444,29.439,29.444,222.0,BTI
2024-03-12 04:11:00,29.439,29.444,29.439,29.444,9.0,BTI
2024-03-12 04:07:00,29.478,29.483,29.478,29.483,193.0,BTI
2024-03-12 04:06:00,29.497,29.503,29.497,29.502,96.0,BTI
2024-03-12 04:05:00,29.468,29.473,29.468,29.473,96.0,BTI
2024-03-12 04:03:00,29.458,29.493,29.458,29.483,413.0,BTI
2024-03-12 04:02:00,29.419,29.473,29.419,29.454,671.0,BTI
2024-03-12 04:01:00,29.419,29.434,29.419,29.434,203.0,BTI
2024-03-12 04:00:00,29.37,29.454,29.351,29.454,154.0,BTI
2024-03-11 19:59:00,29.36,29.366,29.36,29.366,99.0,BTI
2024-03-11 19:58:00,29.331,29.366,29.331,29.366,196.0,BTI
2024-03-11 19:55:00,29.36,29.366,29.36,29.366,127.0,BTI
2024-03-11 19:52:00,29.331,29.366,29.331,29.366,96.0,BTI
2024-03-11 19:50:00,29.341,29.346,29.341,29.346,0.0,BTI
2024-03-11 19:41:00,29.351,29.356,29.351,29.356,9.0,BTI
2024-03-11 19:30:00,29.321,29.327,29.321,29.327,479.0,BTI
2024-03-11 19:15:00,29.331,29.337,29.331,29.336,9.0,BTI
2024-03-11 19:13:00,29.321,29.327,29.321,29.327,9.0,BTI
2024-03-11 19:11:00,29.331,29.346,29.331,29.346,741.0,BTI
2024-03-11 19:06:00,29.322,29.327,29.322,29.327,3.0,BTI
2024-03-11 19:02:00,29.331,29.337,29.331,29.336,96.0,BTI
2024-03-11 19:01:00,29.331,29.346,29.331,29.346,31.0,BTI
2024-03-11 19:00:00,29.321,29.327,29.321,29.327,84146.0,BTI
2024-03-11 18:58:00,29.341,29.346,29.341,29.346,4.0,BTI
2024-03-11 18:57:00,29.341,29.346,29.341,29.346,1.0,BTI
2024-03-11 18:56:00,29.321,29.327,29.321,29.327,17.0,BTI
2024-03-11 18:52:00,29.341,29.346,29.341,29.346,20.0,BTI
2024-03-11 18:51:00,29.341,29.346,29.341,29.346,3.0,BTI
2024-03-11 18:49:00,29.341,29.346,29.341,29.346,1.0,BTI
2024-03-11 18:45:00,29.321,29.327,29.321,29.327,3.0,BTI
2024-03-11 18:36:00,29.341,29.346,29.341,29.346,24.0,BTI
2024-03-11 18:30:00,29.321,29.346,29.321,29.346,84243.0,BTI
2024-03-11 18:25:00,29.341,29.346,29.341,29.346,24.0,BTI
2024-03-11 18:22:00,29.341,29.346,29.341,29.346,4.0,BTI
2024-03-11 18:21:00,29.321,29.327,29.317,29.322,2.0,BTI
2024-03-11 18:18:00,29.341,29.346,29.341,29.346,47.0,BTI
2024-03-11 18:16:00,29.341,29.346,29.341,29.346,42.0,BTI
2024-03-11 18:13:00,29.341,29.346,29.331,29.336,61.0,BTI
2024-03-11 18:08:00,29.293,29.298,29.293,29.298,387.0,BTI
2024-03-11 18:05:00,29.317,29.322,29.317,29.322,0.0,BTI
2024-03-11 17:52:00,29.341,29.346,29.341,29.346,27.0,BTI
2024-03-11 17:38:00,29.317,29.327,29.317,29.327,3.0,BTI
2024-03-11 17:35:00,29.317,29.322,29.317,29.322,0.0,BTI
2024-03-11 17:32:00,29.293,29.299,29.293,29.298,290.0,BTI
2024-03-11 17:29:00,29.292,29.298,29.292,29.297,43.0,BTI
2024-03-11 17:25:00,29.341,29.346,29.341,29.346,1.0,BTI
2024-03-11 17:21:00,29.341,29.346,29.341,29.346,96.0,BTI
2024-03-11 17:11:00,29.321,29.346,29.321,29.336,21.0,BTI
2024-03-11 17:10:00,29.321,29.327,29.321,29.327,581.0,BTI
2024-03-11 17:03:00,29.341,29.346,29.341,29.346,154.0,BTI
2024-03-11 17:02:00,29.341,29.346,29.321,29.327,12.0,BTI
2024-03-11 17:00:00,29.341,29.346,29.341,29.346,4.0,BTI
2024-03-11 16:59:00,29.341,29.346,29.321,29.327,186982.0,BTI
2024-03-11 16:58:00,29.341,29.346,29.341,29.346,19.0,BTI
2024-03-11 16:57:00,29.341,29.346,29.341,29.346,0.0,BTI
2024-03-11 16:54:00,29.321,29.346,29.321,29.346,258.0,BTI
2024-03-11 16:46:00,29.331,29.337,29.331,29.336,104.0,BTI
2024-03-11 16:39:00,29.341,29.346,29.341,29.346,62.0,BTI
2024-03-11 16:37:00,29.341,29.346,29.341,29.346,4.0,BTI
2024-03-11 16:35:00,29.331,29.337,29.331,29.336,3.0,BTI
2024-03-11 16:33:00,29.341,29.346,29.341,29.346,62.0,BTI
2024-03-11 16:29:00,29.321,29.327,29.321,29.327,3.0,BTI
2024-03-11 16:28:00,29.341,29.346,29.341,29.346,138.0,BTI
2024-03-11 16:26:00,29.341,29.346,29.341,29.346,0.0,BTI
2024-03-11 16:24:00,29.331,29.342,29.331,29.341,6.0,BTI
2024-03-11 16:14:00,29.331,29.346,29.331,29.346,60.0,BTI
2024-03-11 16:12:00,29.341,29.346,29.336,29.341,1.0,BTI
2024-03-11 16:10:00,29.321,29.327,29.321,29.327,84146.0,BTI
2024-03-11 16:07:00,29.331,29.337,29.331,29.336,1.0,BTI
2024-03-11 16:06:00,29.341,29.346,29.341,29.346,1.0,BTI
2024-03-11 16:04:00,29.331,29.337,29.331,29.336,34.0,BTI
2024-03-11 16:01:00,29.331,29.337,29.331,29.336,47.0,BTI
2024-03-11 16:00:00,29.326,29.332,29.321,29.327,191945.0,BTI
2024-03-11 15:59:00,29.326,29.346,29.321,29.332,66980.0,BTI
2024-03-11 15:58:00,29.326,29.346,29.322,29.332,61795.0,BTI
2024-03-11 15:57:00,29.307,29.337,29.307,29.332,36810.0,BTI
2024-03-11 15:56:00,29.302,29.317,29.297,29.312,23799.0,BTI
2024-03-11 15:55:00,29.282,29.307,29.282,29.307,55103.0,BTI
2024-03-11 15:54:00,29.292,29.298,29.282,29.293,13085.0,BTI
2024-03-11 15:53:00,29.302,29.312,29.282,29.288,23538.0,BTI
2024-03-11 15:52:00,29.307,29.317,29.302,29.312,8345.0,BTI
2024-03-11 15:51:00,29.302,29.317,29.302,29.312,19418.0,BTI
2024-03-11 15:50:00,29.292,29.315,29.282,29.312,30244.0,BTI
2024-03-11 15:49:00,29.282,29.298,29.282,29.293,8504.0,BTI
2024-03-11 15:48:00,29.292,29.303,29.282,29.293,14560.0,BTI
2024-03-11 15:47:00,29.302,29.317,29.292,29.307,12303.0,BTI
2024-03-11 15:46:00,29.312,29.322,29.302,29.312,16342.0,BTI
2024-03-11 15:45:00,29.32,29.327,29.312,29.322,14780.0,BTI
2024-03-11 15:44:00,29.321,29.327,29.312,29.322,4248.0,BTI
2024-03-11 15:43:00,29.317,29.327,29.314,29.322,5937.0,BTI
2024-03-11 15:42:00,29.312,29.327,29.312,29.322,11124.0,BTI
2024-03-11 15:41:00,29.307,29.317,29.302,29.317,5503.0,BTI
2024-03-11 15:40:00,29.282,29.317,29.282,29.317,25679.0,BTI
2024-03-11 15:39:00,29.273,29.293,29.273,29.293,13122.0,BTI
2024-03-11 15:38:00,29.282,29.288,29.273,29.278,8608.0,BTI
2024-03-11 15:37:00,29.286,29.293,29.282,29.293,3510.0,BTI
2024-03-11 15:36:00,29.302,29.307,29.287,29.293,21365.0,BTI
2024-03-11 15:35:00,29.307,29.316,29.292,29.297,13770.0,BTI
2024-03-11 15:34:00,29.326,29.332,29.302,29.312,31613.0,BTI
2024-03-11 15:33:00,29.326,29.342,29.321,29.327,32257.0,BTI
2024-03-11 15:32:00,29.326,29.332,29.321,29.332,2419.0,BTI
2024-03-11 15:31:00,29.326,29.336,29.321,29.327,4540.0,BTI
2024-03-11 15:30:00,29.321,29.336,29.321,29.332,5409.0,BTI
2024-03-11 15:29:00,29.326,29.337,29.321,29.332,4609.0,BTI
2024-03-11 15:28:00,29.322,29.335,29.321,29.327,2690.0,BTI
2024-03-11 15:27:00,29.326,29.337,29.321,29.332,3013.0,BTI
2024-03-11 15:26:00,29.326,29.337,29.321,29.332,2664.0,BTI
2024-03-11 15:25:00,29.326,29.337,29.321,29.332,2376.0,BTI
2024-03-11 15:24:00,29.321,29.335,29.312,29.332,12674.0,BTI
2024-03-11 15:23:00,29.321,29.327,29.312,29.322,2388.0,BTI
2024-03-11 15:22:00,29.307,29.327,29.302,29.322,8018.0,BTI
2024-03-11 15:21:00,29.307,29.317,29.302,29.307,6065.0,BTI
2024-03-11 15:20:00,29.302,29.317,29.302,29.312,6876.0,BTI
2024-03-11 15:19:00,29.308,29.317,29.302,29.308,3905.0,BTI
2024-03-11 15:18:00,29.302,29.316,29.302,29.312,4724.0,BTI
2024-03-11 15:17:00,29.302,29.317,29.302,29.312,6273.0,BTI
2024-03-11 15:16:00,29.317,29.322,29.302,29.307,18615.0,BTI
2024-03-11 15:15:00,29.312,29.327,29.312,29.322,13325.0,BTI
2024-03-11 15:14:00,29.317,29.327,29.312,29.322,5435.0,BTI
2024-03-11 15:13:00,29.316,29.327,29.312,29.317,7997.0,BTI
2024-03-11 15:12:00,29.314,29.327,29.312,29.317,12218.0,BTI
2024-03-11 15:11:00,29.317,29.327,29.312,29.322,1874.0,BTI
2024-03-11 15:10:00,29.307,29.327,29.307,29.322,7665.0,BTI
2024-03-11 15:09:00,29.309,29.316,29.302,29.307,3074.0,BTI
2024-03-11 15:08:00,29.297,29.312,29.297,29.312,3919.0,BTI
2024-03-11 15:07:00,29.287,29.302,29.287,29.297,6198.0,BTI
2024-03-11 15:06:00,29.292,29.298,29.287,29.296,1347.0,BTI
2024-03-11 15:05:00,29.292,29.298,29.287,29.297,1615.0,BTI
2024-03-11 15:04:00,29.287,29.298,29.282,29.288,21469.0,BTI
2024-03-11 15:03:00,29.296,29.303,29.292,29.297,4761.0,BTI
2024-03-11 15:02:00,29.312,29.317,29.292,29.297,14575.0,BTI
2024-03-11 15:01:00,29.307,29.315,29.302,29.307,1681.0,BTI
2024-03-11 15:00:00,29.31,29.317,29.302,29.307,23213.0,BTI
2024-03-11 14:59:00,29.302,29.312,29.297,29.307,9103.0,BTI
2024-03-11 14:58:00,29.297,29.307,29.292,29.302,4563.0,BTI
2024-03-11 14:57:00,29.3,29.307,29.292,29.302,1917.0,BTI
2024-03-11 14:56:00,29.287,29.298,29.287,29.297,2720.0,BTI
2024-03-11 14:55:00,29.277,29.293,29.273,29.288,11178.0,BTI
2024-03-11 14:54:00,29.273,29.288,29.273,29.288,3485.0,BTI
2024-03-11 14:53:00,29.267,29.283,29.263,29.283,11604.0,BTI
2024-03-11 14:52:00,29.268,29.277,29.268,29.273,1301.0,BTI
2024-03-11 14:51:00,29.273,29.278,29.273,29.278,390.0,BTI
2024-03-11 14:50:00,29.268,29.278,29.258,29.277,11532.0,BTI
2024-03-11 14:49:00,29.263,29.278,29.263,29.268,7654.0,BTI
2024-03-11 14:48:00,29.263,29.278,29.263,29.273,4777.0,BTI
2024-03-11 14:47:00,29.263,29.278,29.263,29.273,4024.0,BTI
2024-03-11 14:46:00,29.268,29.278,29.263,29.268,3132.0,BTI
2024-03-11 14:45:00,29.273,29.278,29.263,29.273,12017.0,BTI
2024-03-11 14:44:00,29.263,29.283,29.263,29.283,4893.0,BTI
2024-03-11 14:43:00,29.273,29.278,29.263,29.268,2924.0,BTI
2024-03-11 14:42:00,29.263,29.273,29.263,29.268,1843.0,BTI
2024-03-11 14:41:00,29.258,29.268,29.258,29.263,8086.0,BTI
2024-03-11 14:40:00,29.253,29.263,29.253,29.258,1757.0,BTI
2024-03-11 14:39:00,29.253,29.265,29.253,29.258,1074.0,BTI
2024-03-11 14:38:00,29.258,29.278,29.255,29.26,20616.0,BTI
2024-03-11 14:37:00,29.238,29.263,29.238,29.263,7616.0,BTI
2024-03-11 14:36:00,29.238,29.249,29.238,29.249,1074.0,BTI
2024-03-11 14:35:00,29.229,29.249,29.229,29.248,4359.0,BTI
2024-03-11 14:34:00,29.234,29.239,29.224,29.234,1095.0,BTI
2024-03-11 14:33:00,29.229,29.239,29.229,29.234,2211.0,BTI
2024-03-11 14:32:00,29.243,29.248,29.229,29.239,10803.0,BTI
2024-03-11 14:31:00,29.243,29.249,29.238,29.244,961.0,BTI
2024-03-11 14:30:00,29.229,29.247,29.229,29.244,9512.0,BTI
2024-03-11 14:29:00,29.229,29.239,29.224,29.234,6417.0,BTI
2024-03-11 14:28:00,29.224,29.239,29.224,29.238,6628.0,BTI
2024-03-11 14:27:00,29.216,29.229,29.214,29.22,6512.0,BTI
2024-03-11 14:26:00,29.219,29.229,29.217,29.224,2532.0,BTI
2024-03-11 14:25:00,29.219,29.224,29.214,29.224,2226.0,BTI
2024-03-11 14:24:00,29.219,29.229,29.214,29.224,15367.0,BTI
2024-03-11 14:23:00,29.219,29.229,29.214,29.224,3459.0,BTI
2024-03-11 14:22:00,29.219,29.225,29.217,29.225,3709.0,BTI
2024-03-11 14:21:00,29.214,29.229,29.214,29.224,9568.0,BTI
2024-03-11 14:20:00,29.219,29.224,29.214,29.219,5618.0,BTI
2024-03-11 14:19:00,29.214,29.229,29.214,29.224,6463.0,BTI
2024-03-11 14:18:00,29.219,29.229,29.219,29.229,4242.0,BTI
2024-03-11 14:17:00,29.219,29.229,29.214,29.224,4441.0,BTI
2024-03-11 14:16:00,29.223,29.228,29.219,29.224,1047.0,BTI
2024-03-11 14:15:00,29.219,29.229,29.219,29.224,2750.0,BTI
2024-03-11 14:14:00,29.209,29.229,29.209,29.229,6146.0,BTI
2024-03-11 14:13:00,29.219,29.229,29.204,29.214,6186.0,BTI
2024-03-11 14:12:00,29.219,29.228,29.214,29.224,3417.0,BTI
2024-03-11 14:11:00,29.224,29.229,29.214,29.224,1882.0,BTI
2024-03-11 14:10:00,29.224,29.229,29.214,29.219,1954.0,BTI
2024-03-11 14:09:00,29.224,29.234,29.214,29.219,15240.0,BTI
2024-03-11 14:08:00,29.223,29.229,29.214,29.229,10459.0,BTI
2024-03-11 14:07:00,29.224,29.229,29.214,29.229,1351.0,BTI
2024-03-11 14:06:00,29.224,29.229,29.209,29.229,40070.0,BTI
2024-03-11 14:05:00,29.219,29.229,29.214,29.224,2012.0,BTI
2024-03-11 14:04:00,29.214,29.229,29.214,29.224,2672.0,BTI
2024-03-11 14:03:00,29.224,29.229,29.214,29.229,5106.0,BTI
2024-03-11 14:02:00,29.219,29.229,29.214,29.229,8265.0,BTI
2024-03-11 14:01:00,29.229,29.239,29.219,29.224,3986.0,BTI
2024-03-11 14:00:00,29.234,29.239,29.225,29.238,1822.0,BTI
2024-03-11 13:59:00,29.234,29.239,29.229,29.239,1074.0,BTI
2024-03-11 13:58:00,29.248,29.254,29.224,29.234,14368.0,BTI
2024-03-11 13:57:00,29.243,29.249,29.238,29.249,4132.0,BTI
2024-03-11 13:56:00,29.238,29.249,29.234,29.249,1975.0,BTI
2024-03-11 13:55:00,29.234,29.249,29.234,29.244,15049.0,BTI
2024-03-11 13:54:00,29.239,29.248,29.234,29.239,2392.0,BTI
2024-03-11 13:53:00,29.234,29.245,29.234,29.244,5555.0,BTI
2024-03-11 13:52:00,29.248,29.254,29.234,29.244,12369.0,BTI
2024-03-11 13:51:00,29.253,29.263,29.248,29.253,10576.0,BTI
2024-03-11 13:50:00,29.258,29.263,29.255,29.262,1745.0,BTI
2024-03-11 13:49:00,29.265,29.27,29.258,29.263,9087.0,BTI
2024-03-11 13:48:00,29.277,29.288,29.263,29.273,14351.0,BTI
2024-03-11 13:47:00,29.277,29.288,29.273,29.288,18045.0,BTI
2024-03-11 13:46:00,29.277,29.288,29.273,29.278,4701.0,BTI
2024-03-11 13:45:00,29.275,29.283,29.273,29.279,6619.0,BTI
2024-03-11 13:44:00,29.282,29.288,29.274,29.287,1221.0,BTI
2024-03-11 13:43:00,29.263,29.283,29.263,29.278,3697.0,BTI
2024-03-11 13:42:00,29.266,29.273,29.263,29.273,8657.0,BTI
2024-03-11 13:41:00,29.248,29.273,29.245,29.273,4703.0,BTI
2024-03-11 13:40:00,29.248,29.257,29.248,29.253,1285.0,BTI
2024-03-11 13:39:00,29.258,29.263,29.244,29.253,8311.0,BTI
2024-03-11 13:38:00,29.253,29.263,29.253,29.263,1310.0,BTI
2024-03-11 13:37:00,29.248,29.259,29.243,29.253,6561.0,BTI
2024-03-11 13:36:00,29.253,29.259,29.243,29.249,4087.0,BTI
2024-03-11 13:35:00,29.263,29.278,29.253,29.258,6701.0,BTI
2024-03-11 13:34:00,29.263,29.278,29.263,29.269,5360.0,BTI
2024-03-11 13:33:00,29.263,29.273,29.254,29.268,10846.0,BTI
2024-03-11 13:32:00,29.263,29.278,29.253,29.258,12120.0,BTI
2024-03-11 13:31:00,29.243,29.259,29.243,29.258,8805.0,BTI
2024-03-11 13:30:00,29.234,29.244,29.229,29.244,5694.0,BTI
2024-03-11 13:29:00,29.233,29.239,29.229,29.234,6500.0,BTI
2024-03-11 13:28:00,29.229,29.237,29.224,29.234,6933.0,BTI
2024-03-11 13:27:00,29.216,29.234,29.216,29.234,10516.0,BTI
2024-03-11 13:26:00,29.199,29.224,29.198,29.224,4853.0,BTI
2024-03-11 13:25:00,29.209,29.215,29.195,29.205,11780.0,BTI
2024-03-11 13:24:00,29.219,29.229,29.209,29.214,18669.0,BTI
2024-03-11 13:23:00,29.199,29.227,29.199,29.219,33387.0,BTI
2024-03-11 13:22:00,29.199,29.21,29.195,29.2,2418.0,BTI
2024-03-11 13:21:00,29.199,29.21,29.195,29.2,2448.0,BTI
2024-03-11 13:20:00,29.199,29.205,29.199,29.205,585.0,BTI
2024-03-11 13:19:00,29.204,29.21,29.199,29.205,5115.0,BTI
2024-03-11 13:18:00,29.195,29.205,29.195,29.205,1247.0,BTI
2024-03-11 13:17:00,29.186,29.205,29.186,29.205,8795.0,BTI
2024-03-11 13:16:00,29.204,29.21,29.185,29.195,5313.0,BTI
2024-03-11 13:15:00,29.199,29.205,29.196,29.205,2842.0,BTI
2024-03-11 13:14:00,29.203,29.208,29.195,29.205,4126.0,BTI
2024-03-11 13:13:00,29.204,29.21,29.185,29.205,36073.0,BTI
2024-03-11 13:12:00,29.214,29.22,29.195,29.2,2100.0,BTI
2024-03-11 13:11:00,29.214,29.229,29.204,29.21,5670.0,BTI
2024-03-11 13:10:00,29.204,29.224,29.204,29.219,5056.0,BTI
2024-03-11 13:09:00,29.209,29.215,29.204,29.21,6272.0,BTI
2024-03-11 13:08:00,29.214,29.219,29.204,29.214,2753.0,BTI
2024-03-11 13:07:00,29.185,29.215,29.185,29.214,5964.0,BTI
2024-03-11 13:06:00,29.17,29.195,29.17,29.195,15754.0,BTI
2024-03-11 13:05:00,29.185,29.19,29.17,29.18,12875.0,BTI
2024-03-11 13:04:00,29.185,29.19,29.18,29.185,2724.0,BTI
2024-03-11 13:03:00,29.17,29.195,29.17,29.195,5939.0,BTI
2024-03-11 13:02:00,29.17,29.176,29.168,29.175,1281.0,BTI
2024-03-11 13:01:00,29.175,29.18,29.165,29.18,4249.0,BTI
2024-03-11 13:00:00,29.16,29.18,29.16,29.175,6656.0,BTI
2024-03-11 12:59:00,29.16,29.171,29.155,29.166,5498.0,BTI
2024-03-11 12:58:00,29.18,29.185,29.159,29.175,13729.0,BTI
2024-03-11 12:57:00,29.17,29.188,29.167,29.185,9671.0,BTI
2024-03-11 12:56:00,29.175,29.185,29.17,29.178,3636.0,BTI
2024-03-11 12:55:00,29.18,29.188,29.175,29.185,3364.0,BTI
2024-03-11 12:54:00,29.17,29.19,29.165,29.185,9139.0,BTI
2024-03-11 12:53:00,29.175,29.18,29.17,29.175,770.0,BTI
2024-03-11 12:52:00,29.18,29.185,29.166,29.175,4559.0,BTI
2024-03-11 12:51:00,29.176,29.185,29.17,29.18,7140.0,BTI
2024-03-11 12:50:00,29.175,29.19,29.175,29.185,5458.0,BTI
2024-03-11 12:49:00,29.17,29.18,29.17,29.18,8173.0,BTI
2024-03-11 12:48:00,29.18,29.189,29.165,29.17,6563.0,BTI
2024-03-11 12:47:00,29.18,29.185,29.18,29.185,484.0,BTI
2024-03-11 12:46:00,29.16,29.185,29.155,29.18,7403.0,BTI
2024-03-11 12:45:00,29.17,29.176,29.165,29.17,1941.0,BTI
2024-03-11 12:44:00,29.155,29.18,29.151,29.18,12617.0,BTI
2024-03-11 12:43:00,29.175,29.18,29.146,29.161,14771.0,BTI
2024-03-11 12:42:00,29.156,29.18,29.155,29.175,24257.0,BTI
2024-03-11 12:41:00,29.146,29.171,29.146,29.17,13121.0,BTI
2024-03-11 12:40:00,29.16,29.171,29.155,29.161,5152.0,BTI
2024-03-11 12:39:00,29.165,29.176,29.155,29.166,36751.0,BTI
2024-03-11 12:38:00,29.165,29.176,29.165,29.17,2600.0,BTI
2024-03-11 12:37:00,29.18,29.19,29.175,29.18,4864.0,BTI
2024-03-11 12:36:00,29.136,29.185,29.131,29.185,62701.0,BTI
2024-03-11 12:35:00,29.136,29.141,29.136,29.141,525.0,BTI
2024-03-11 12:34:00,29.155,29.166,29.136,29.146,71725.0,BTI
2024-03-11 12:33:00,29.165,29.171,29.146,29.156,8982.0,BTI
2024-03-11 12:32:00,29.17,29.176,29.165,29.17,840.0,BTI
2024-03-11 12:31:00,29.185,29.195,29.175,29.18,16435.0,BTI
2024-03-11 12:30:00,29.185,29.19,29.175,29.185,9861.0,BTI
2024-03-11 12:29:00,29.199,29.21,29.165,29.187,33029.0,BTI
2024-03-11 12:28:00,29.185,29.205,29.18,29.2,9438.0,BTI
2024-03-11 12:27:00,29.195,29.2,29.176,29.185,20328.0,BTI
2024-03-11 12:26:00,29.195,29.205,29.185,29.2,5373.0,BTI
2024-03-11 12:25:00,29.185,29.2,29.165,29.2,14776.0,BTI
2024-03-11 12:24:00,29.19,29.2,29.19,29.195,1242.0,BTI
2024-03-11 12:23:00,29.195,29.205,29.175,29.2,56989.0,BTI
2024-03-11 12:22:00,29.204,29.21,29.195,29.201,2433.0,BTI
2024-03-11 12:21:00,29.204,29.21,29.195,29.2,11705.0,BTI
2024-03-11 12:20:00,29.204,29.22,29.195,29.21,8156.0,BTI
2024-03-11 12:19:00,29.209,29.215,29.185,29.211,15070.0,BTI
2024-03-11 12:18:00,29.224,29.239,29.214,29.219,9515.0,BTI
2024-03-11 12:17:00,29.219,29.229,29.204,29.229,12064.0,BTI
2024-03-11 12:16:00,29.224,29.239,29.219,29.229,9433.0,BTI
2024-03-11 12:15:00,29.199,29.239,29.195,29.229,13508.0,BTI
2024-03-11 12:14:00,29.224,29.239,29.195,29.2,13661.0,BTI
2024-03-11 12:13:00,29.214,29.224,29.204,29.219,12093.0,BTI
2024-03-11 12:12:00,29.214,29.229,29.195,29.219,23873.0,BTI
2024-03-11 12:11:00,29.209,29.22,29.195,29.219,9328.0,BTI
2024-03-11 12:10:00,29.185,29.215,29.17,29.214,16706.0,BTI
2024-03-11 12:09:00,29.214,29.22,29.185,29.19,6633.0,BTI
2024-03-11 12:08:00,29.222,29.228,29.204,29.219,8046.0,BTI
2024-03-11 12:07:00,29.207,29.224,29.204,29.224,7130.0,BTI
2024-03-11 12:06:00,29.214,29.236,29.214,29.219,13012.0,BTI
2024-03-11 12:05:00,29.229,29.249,29.214,29.22,11958.0,BTI
2024-03-11 12:04:00,29.234,29.239,29.224,29.234,6178.0,BTI
2024-03-11 12:03:00,29.19,29.239,29.19,29.239,16323.0,BTI
2024-03-11 12:02:00,29.165,29.195,29.155,29.19,11179.0,BTI
2024-03-11 12:01:00,29.204,29.215,29.165,29.17,8705.0,BTI
2024-03-11 12:00:00,29.195,29.22,29.185,29.2,13801.0,BTI
2024-03-11 11:59:00,29.253,29.259,29.203,29.208,17741.0,BTI
2024-03-11 11:58:00,29.238,29.254,29.238,29.253,8964.0,BTI
2024-03-11 11:57:00,29.224,29.259,29.224,29.249,10163.0,BTI
2024-03-11 11:56:00,29.243,29.258,29.214,29.219,10111.0,BTI
2024-03-11 11:55:00,29.248,29.254,29.224,29.249,9091.0,BTI
2024-03-11 11:54:00,29.229,29.288,29.225,29.258,19518.0,BTI
2024-03-11 11:53:00,29.258,29.268,29.226,29.231,16088.0,BTI
2024-03-11 11:52:00,29.263,29.27,29.253,29.268,16517.0,BTI
2024-03-11 11:51:00,29.312,29.317,29.263,29.268,44984.0,BTI
2024-03-11 11:50:00,29.302,29.317,29.282,29.308,13510.0,BTI
2024-03-11 11:49:00,29.36,29.376,29.307,29.317,15682.0,BTI
2024-03-11 11:48:00,29.321,29.368,29.321,29.368,11749.0,BTI
2024-03-11 11:47:00,29.341,29.361,29.302,29.327,20905.0,BTI
2024-03-11 11:46:00,29.36,29.376,29.341,29.346,19485.0,BTI
2024-03-11 11:45:00,29.35,29.367,29.312,29.366,46160.0,BTI
2024-03-11 11:44:00,29.287,29.366,29.287,29.356,15953.0,BTI
2024-03-11 11:43:00,29.268,29.307,29.243,29.288,26555.0,BTI
2024-03-11 11:42:00,29.273,29.307,29.263,29.269,25633.0,BTI
2024-03-11 11:41:00,29.302,29.318,29.263,29.278,16107.0,BTI
2024-03-11 11:40:00,29.351,29.366,29.307,29.312,16073.0,BTI
2024-03-11 11:39:00,29.322,29.376,29.321,29.366,29121.0,BTI
2024-03-11 11:38:00,29.399,29.405,29.268,29.322,43344.0,BTI
2024-03-11 11:37:00,29.293,29.415,29.292,29.405,68836.0,BTI
2024-03-11 11:36:00,29.253,29.327,29.251,29.298,39044.0,BTI
2024-03-11 11:35:00,29.204,29.303,29.185,29.255,69815.0,BTI
2024-03-11 11:34:00,29.414,29.434,29.151,29.19,152079.0,BTI
2024-03-11 11:33:00,29.331,29.493,29.302,29.419,246745.0,BTI
2024-03-11 11:32:00,29.229,29.385,29.229,29.341,365141.0,BTI
2024-03-11 11:31:00,28.985,29.288,28.941,29.238,391617.0,BTI
2024-03-11 11:30:00,28.887,28.995,28.716,28.995,801261.0,BTI
2024-03-11 11:29:00,28.882,28.897,28.882,28.887,2972.0,BTI
2024-03-11 11:28:00,28.863,28.897,28.863,28.892,33156.0,BTI
2024-03-11 11:27:00,28.863,28.873,28.863,28.873,2027.0,BTI
2024-03-11 11:26:00,28.872,28.883,28.869,28.874,4305.0,BTI
2024-03-11 11:25:00,28.872,28.878,28.872,28.878,6528.0,BTI
2024-03-11 11:24:00,28.863,28.883,28.862,28.878,7074.0,BTI
2024-03-11 11:23:00,28.863,28.868,28.858,28.868,10233.0,BTI
2024-03-11 11:22:00,28.875,28.881,28.863,28.869,3445.0,BTI
2024-03-11 11:21:00,28.858,28.878,28.858,28.878,11596.0,BTI
2024-03-11 11:20:00,28.853,28.868,28.853,28.868,4843.0,BTI
2024-03-11 11:19:00,28.872,28.878,28.863,28.868,9135.0,BTI
2024-03-11 11:18:00,28.843,28.883,28.838,28.882,13532.0,BTI
2024-03-11 11:17:00,28.833,28.844,28.833,28.843,2168.0,BTI
2024-03-11 11:16:00,28.833,28.849,28.833,28.843,3083.0,BTI
2024-03-11 11:15:00,28.828,28.849,28.824,28.839,9429.0,BTI
2024-03-11 11:14:00,28.824,28.839,28.824,28.839,5694.0,BTI
2024-03-11 11:13:00,28.824,28.839,28.819,28.829,7152.0,BTI
2024-03-11 11:12:00,28.814,28.829,28.814,28.824,1248.0,BTI
2024-03-11 11:11:00,28.832,28.838,28.824,28.829,3914.0,BTI
2024-03-11 11:10:00,28.819,28.839,28.819,28.829,18214.0,BTI
2024-03-11 11:09:00,28.814,28.829,28.814,28.824,4300.0,BTI
2024-03-11 11:08:00,28.814,28.828,28.809,28.819,13873.0,BTI
2024-03-11 11:07:00,28.804,28.819,28.804,28.819,29127.0,BTI
2024-03-11 11:06:00,28.799,28.81,28.796,28.802,10650.0,BTI
2024-03-11 11:05:00,28.775,28.81,28.775,28.804,23780.0,BTI
2024-03-11 11:04:00,28.785,28.79,28.775,28.78,21387.0,BTI
2024-03-11 11:03:00,28.794,28.8,28.785,28.795,4498.0,BTI
2024-03-11 11:02:00,28.804,28.81,28.789,28.795,4949.0,BTI
2024-03-11 11:01:00,28.804,28.81,28.794,28.809,7471.0,BTI
2024-03-11 11:00:00,28.809,28.814,28.804,28.812,4422.0,BTI
2024-03-11 10:59:00,28.804,28.814,28.794,28.814,4215.0,BTI
2024-03-11 10:58:00,28.799,28.809,28.794,28.809,3318.0,BTI
2024-03-11 10:57:00,28.78,28.8,28.78,28.8,6270.0,BTI
2024-03-11 10:56:00,28.785,28.79,28.775,28.789,1780.0,BTI
2024-03-11 10:55:00,28.78,28.79,28.775,28.79,12072.0,BTI
2024-03-11 10:54:00,28.764,28.785,28.76,28.785,12411.0,BTI
2024-03-11 10:53:00,28.755,28.77,28.755,28.765,6241.0,BTI
2024-03-11 10:52:00,28.775,28.78,28.755,28.765,17647.0,BTI
2024-03-11 10:51:00,28.804,28.81,28.775,28.78,24101.0,BTI
2024-03-11 10:50:00,28.819,28.829,28.794,28.804,18365.0,BTI
2024-03-11 10:49:00,28.824,28.839,28.814,28.819,25299.0,BTI
2024-03-11 10:48:00,28.804,28.829,28.799,28.829,17923.0,BTI
2024-03-11 10:47:00,28.792,28.819,28.78,28.819,26314.0,BTI
2024-03-11 10:46:00,28.77,28.8,28.765,28.79,19571.0,BTI
2024-03-11 10:45:00,28.776,28.785,28.765,28.77,4403.0,BTI
2024-03-11 10:44:00,28.789,28.795,28.775,28.78,10669.0,BTI
2024-03-11 10:43:00,28.785,28.8,28.785,28.795,5962.0,BTI
2024-03-11 10:42:00,28.785,28.8,28.785,28.79,4659.0,BTI
2024-03-11 10:41:00,28.794,28.8,28.785,28.79,5556.0,BTI
2024-03-11 10:40:00,28.794,28.8,28.785,28.79,6884.0,BTI
2024-03-11 10:39:00,28.814,28.819,28.794,28.8,6356.0,BTI
2024-03-11 10:38:00,28.809,28.819,28.804,28.809,9264.0,BTI
2024-03-11 10:37:00,28.824,28.829,28.804,28.809,9162.0,BTI
2024-03-11 10:36:00,28.828,28.839,28.814,28.829,13448.0,BTI
2024-03-11 10:35:00,28.834,28.849,28.828,28.839,4530.0,BTI
2024-03-11 10:34:00,28.804,28.844,28.799,28.839,14890.0,BTI
2024-03-11 10:33:00,28.814,28.819,28.794,28.8,10169.0,BTI
2024-03-11 10:32:00,28.814,28.829,28.814,28.819,5703.0,BTI
2024-03-11 10:31:00,28.804,28.824,28.804,28.824,14710.0,BTI
2024-03-11 10:30:00,28.789,28.81,28.785,28.809,15593.0,BTI
2024-03-11 10:29:00,28.785,28.8,28.785,28.79,7038.0,BTI
2024-03-11 10:28:00,28.799,28.805,28.785,28.79,44343.0,BTI
2024-03-11 10:27:00,28.799,28.81,28.794,28.804,8261.0,BTI
2024-03-11 10:26:00,28.804,28.81,28.794,28.804,10554.0,BTI
2024-03-11 10:25:00,28.816,28.829,28.804,28.814,7414.0,BTI
2024-03-11 10:24:00,28.824,28.829,28.814,28.829,3995.0,BTI
2024-03-11 10:23:00,28.828,28.837,28.824,28.829,8724.0,BTI
2024-03-11 10:22:00,28.848,28.853,28.824,28.839,12016.0,BTI
2024-03-11 10:21:00,28.843,28.858,28.843,28.848,10956.0,BTI
2024-03-11 10:20:00,28.838,28.849,28.833,28.848,1017.0,BTI
2024-03-11 10:19:00,28.814,28.839,28.814,28.839,10961.0,BTI
2024-03-11 10:18:00,28.824,28.829,28.814,28.829,3740.0,BTI
2024-03-11 10:17:00,28.833,28.839,28.814,28.834,18145.0,BTI
2024-03-11 10:16:00,28.838,28.849,28.833,28.843,15415.0,BTI
2024-03-11 10:15:00,28.848,28.858,28.833,28.839,5673.0,BTI
2024-03-11 10:14:00,28.853,28.858,28.844,28.853,3371.0,BTI
2024-03-11 10:13:00,28.863,28.868,28.853,28.868,9040.0,BTI
2024-03-11 10:12:00,28.868,28.877,28.853,28.868,14127.0,BTI
2024-03-11 10:11:00,28.877,28.883,28.872,28.878,3886.0,BTI
2024-03-11 10:10:00,28.882,28.892,28.877,28.887,11533.0,BTI
2024-03-11 10:09:00,28.872,28.896,28.872,28.887,11318.0,BTI
2024-03-11 10:08:00,28.872,28.883,28.858,28.877,9300.0,BTI
2024-03-11 10:07:00,28.858,28.878,28.853,28.878,10488.0,BTI
2024-03-11 10:06:00,28.863,28.878,28.853,28.868,25699.0,BTI
2024-03-11 10:05:00,28.854,28.873,28.843,28.869,13745.0,BTI
2024-03-11 10:04:00,28.863,28.868,28.853,28.863,9374.0,BTI
2024-03-11 10:03:00,28.883,28.889,28.863,28.868,11461.0,BTI
2024-03-11 10:02:00,28.877,28.891,28.877,28.887,12827.0,BTI
2024-03-11 10:01:00,28.907,28.912,28.872,28.887,5126.0,BTI
2024-03-11 10:00:00,28.911,28.922,28.902,28.912,7291.0,BTI
2024-03-11 09:59:00,28.902,28.917,28.892,28.912,11928.0,BTI
2024-03-11 09:58:00,28.872,28.907,28.863,28.907,25770.0,BTI
2024-03-11 09:57:00,28.868,28.888,28.863,28.882,23103.0,BTI
2024-03-11 09:56:00,28.902,28.912,28.853,28.873,16100.0,BTI
2024-03-11 09:55:00,28.902,28.917,28.902,28.907,7400.0,BTI
2024-03-11 09:54:00,28.911,28.922,28.902,28.907,6294.0,BTI
2024-03-11 09:53:00,28.897,28.917,28.892,28.917,4128.0,BTI
2024-03-11 09:52:00,28.911,28.917,28.892,28.897,5641.0,BTI
2024-03-11 09:51:00,28.897,28.917,28.892,28.912,21298.0,BTI
2024-03-11 09:50:00,28.897,28.907,28.892,28.907,4731.0,BTI
2024-03-11 09:49:00,28.897,28.917,28.892,28.902,13097.0,BTI
2024-03-11 09:48:00,28.893,28.908,28.892,28.902,4406.0,BTI
2024-03-11 09:47:00,28.902,28.917,28.892,28.897,4737.0,BTI
2024-03-11 09:46:00,28.911,28.927,28.892,28.912,15874.0,BTI
2024-03-11 09:45:00,28.926,28.936,28.907,28.922,13401.0,BTI
2024-03-11 09:44:00,28.946,28.951,28.911,28.927,27558.0,BTI
2024-03-11 09:43:00,28.951,28.975,28.941,28.951,8070.0,BTI
2024-03-11 09:42:00,28.936,28.975,28.936,28.956,7517.0,BTI
2024-03-11 09:41:00,28.921,28.946,28.921,28.936,7634.0,BTI
2024-03-11 09:40:00,28.931,28.936,28.902,28.936,14068.0,BTI
2024-03-11 09:39:00,28.946,28.966,28.921,28.926,15664.0,BTI
2024-03-11 09:38:00,28.946,28.966,28.911,28.951,24051.0,BTI
2024-03-11 09:37:00,28.975,28.995,28.941,28.956,9230.0,BTI
2024-03-11 09:36:00,29.019,29.024,28.97,28.98,18382.0,BTI
2024-03-11 09:35:00,28.99,29.024,28.97,29.024,23198.0,BTI
2024-03-11 09:34:00,28.951,28.99,28.946,28.99,30012.0,BTI
2024-03-11 09:33:00,28.955,28.961,28.923,28.956,29663.0,BTI
2024-03-11 09:32:00,28.911,28.966,28.911,28.956,31996.0,BTI
2024-03-11 09:31:00,28.824,28.912,28.824,28.912,34709.0,BTI
2024-03-11 09:30:00,28.824,28.844,28.809,28.829,76990.0,BTI
2024-03-11 09:29:00,28.804,28.819,28.804,28.819,9444.0,BTI
2024-03-11 09:28:00,28.794,28.81,28.794,28.809,3159.0,BTI
2024-03-11 09:26:00,28.794,28.81,28.794,28.8,1492.0,BTI
2024-03-11 09:24:00,28.794,28.8,28.794,28.8,96.0,BTI
2024-03-11 09:23:00,28.794,28.8,28.794,28.8,93.0,BTI
2024-03-11 09:22:00,28.794,28.8,28.785,28.79,1357.0,BTI
2024-03-11 09:20:00,28.785,28.8,28.785,28.8,1375.0,BTI
2024-03-11 09:19:00,28.784,28.79,28.784,28.79,0.0,BTI
2024-03-11 09:18:00,28.785,28.79,28.785,28.79,1488.0,BTI
2024-03-11 09:17:00,28.785,28.79,28.785,28.79,8.0,BTI
2024-03-11 09:16:00,28.794,28.8,28.794,28.8,25.0,BTI
2024-03-11 09:15:00,28.794,28.8,28.789,28.795,51.0,BTI
2024-03-11 09:14:00,28.794,28.8,28.794,28.8,871.0,BTI
2024-03-11 09:13:00,28.824,28.829,28.804,28.809,586.0,BTI
2024-03-11 09:11:00,28.794,28.8,28.794,28.8,63.0,BTI
2024-03-11 09:10:00,28.785,28.79,28.785,28.79,968.0,BTI
2024-03-11 09:09:00,28.785,28.79,28.785,28.79,11.0,BTI
2024-03-11 09:08:00,28.785,28.79,28.785,28.79,1065.0,BTI
2024-03-11 09:07:00,28.785,28.79,28.785,28.79,173.0,BTI
2024-03-11 09:06:00,28.794,28.8,28.794,28.8,3.0,BTI
2024-03-11 09:04:00,28.785,28.79,28.775,28.79,727.0,BTI
2024-03-11 09:03:00,28.775,28.781,28.775,28.781,2.0,BTI
2024-03-11 09:01:00,28.775,28.78,28.775,28.78,2517.0,BTI
2024-03-11 09:00:00,28.775,28.78,28.775,28.78,968.0,BTI
2024-03-11 08:59:00,28.775,28.78,28.775,28.78,97.0,BTI
2024-03-11 08:58:00,28.775,28.78,28.775,28.78,146.0,BTI
2024-03-11 08:57:00,28.775,28.78,28.775,28.78,3765.0,BTI
2024-03-11 08:56:00,28.785,28.79,28.785,28.79,31.0,BTI
2024-03-11 08:54:00,28.785,28.79,28.785,28.79,242.0,BTI
2024-03-11 08:53:00,28.775,28.78,28.775,28.78,956.0,BTI
2024-03-11 08:51:00,28.784,28.79,28.784,28.79,96.0,BTI
2024-03-11 08:49:00,28.794,28.8,28.785,28.79,583.0,BTI
2024-03-11 08:48:00,28.794,28.8,28.794,28.8,131.0,BTI
2024-03-11 08:46:00,28.794,28.8,28.794,28.8,4.0,BTI
2024-03-11 08:44:00,28.804,28.81,28.804,28.809,96.0,BTI
2024-03-11 08:43:00,28.804,28.81,28.804,28.809,2.0,BTI
2024-03-11 08:42:00,28.804,28.81,28.804,28.809,96.0,BTI
2024-03-11 08:41:00,28.804,28.81,28.804,28.809,36.0,BTI
2024-03-11 08:35:00,28.785,28.79,28.785,28.79,29.0,BTI
2024-03-11 08:34:00,28.775,28.79,28.775,28.79,104.0,BTI
2024-03-11 08:31:00,28.785,28.79,28.785,28.79,0.0,BTI
2024-03-11 08:29:00,28.785,28.79,28.785,28.79,145.0,BTI
2024-03-11 08:25:00,28.775,28.78,28.775,28.78,1.0,BTI
2024-03-11 08:24:00,28.775,28.78,28.775,28.78,4.0,BTI
2024-03-11 08:23:00,28.775,28.78,28.775,28.78,21.0,BTI
2024-03-11 08:22:00,28.775,28.78,28.775,28.78,1187.0,BTI
2024-03-11 08:21:00,28.775,28.78,28.775,28.78,968.0,BTI
2024-03-11 08:20:00,28.785,28.79,28.785,28.79,389.0,BTI
2024-03-11 08:19:00,28.785,28.79,28.785,28.79,855.0,BTI
2024-03-11 08:16:00,28.794,28.8,28.794,28.8,1.0,BTI
2024-03-11 08:15:00,28.794,28.8,28.794,28.8,112.0,BTI
2024-03-11 08:14:00,28.794,28.8,28.794,28.8,9.0,BTI
2024-03-11 08:13:00,28.794,28.8,28.794,28.8,0.0,BTI
2024-03-11 08:12:00,28.794,28.8,28.794,28.8,193.0,BTI
2024-03-11 08:11:00,28.794,28.8,28.785,28.8,1549.0,BTI
2024-03-11 08:10:00,28.814,28.819,28.804,28.809,244.0,BTI
2024-03-11 08:09:00,28.814,28.819,28.804,28.809,234.0,BTI
2024-03-11 08:08:00,28.823,28.829,28.814,28.819,97.0,BTI
2024-03-11 08:06:00,29.429,29.493,28.824,28.829,4.0,BTI
2024-03-11 08:04:00,28.814,28.819,28.814,28.819,4.0,BTI
2024-03-11 08:03:00,28.804,28.829,28.804,28.829,97.0,BTI
2024-03-11 08:02:00,28.804,28.819,28.804,28.819,387.0,BTI
2024-03-11 08:01:00,28.794,28.81,28.794,28.809,660.0,BTI
2024-03-11 08:00:00,28.735,28.839,28.735,28.8,6245.0,BTI
2024-03-11 07:58:00,28.804,28.81,28.804,28.809,96.0,BTI
2024-03-11 07:56:00,28.814,28.819,28.814,28.819,0.0,BTI
2024-03-11 07:52:00,28.785,28.79,28.785,28.79,193.0,BTI
2024-03-11 07:49:00,28.794,28.8,28.794,28.8,116.0,BTI
2024-03-11 07:48:00,28.804,28.81,28.804,28.809,27.0,BTI
2024-03-11 07:41:00,28.824,28.829,28.824,28.829,19.0,BTI
2024-03-11 07:38:00,28.804,28.81,28.804,28.809,145.0,BTI
2024-03-11 07:35:00,28.804,28.81,28.804,28.809,0.0,BTI
2024-03-11 07:32:00,28.814,28.819,28.794,28.8,235.0,BTI
2024-03-11 07:31:00,28.824,28.829,28.824,28.829,58.0,BTI
2024-03-11 07:29:00,28.824,28.829,28.814,28.829,961.0,BTI
2024-03-11 07:26:00,28.804,28.81,28.804,28.809,96.0,BTI
2024-03-11 07:18:00,28.794,28.8,28.794,28.8,9.0,BTI
2024-03-11 07:15:00,28.804,28.81,28.794,28.8,871.0,BTI
2024-03-11 07:14:00,28.804,28.81,28.804,28.809,217.0,BTI
2024-03-11 07:11:00,28.794,28.8,28.794,28.8,111.0,BTI
2024-03-11 07:09:00,28.746,28.77,28.746,28.77,457.0,BTI
2024-03-11 07:08:00,28.726,28.731,28.726,28.731,3.0,BTI
2024-03-11 07:06:00,28.726,28.731,28.726,28.731,968.0,BTI
2024-03-11 07:05:00,28.726,28.731,28.726,28.731,96.0,BTI
2024-03-11 07:01:00,28.726,28.731,28.726,28.731,4.0,BTI
2024-03-11 07:00:00,28.736,28.741,28.736,28.741,272.0,BTI
2024-03-11 06:58:00,28.736,28.741,28.736,28.741,24.0,BTI
2024-03-11 06:57:00,28.726,28.731,28.726,28.731,355.0,BTI
2024-03-11 06:54:00,28.736,28.741,28.736,28.741,1375.0,BTI
2024-03-11 06:53:00,28.746,28.751,28.736,28.741,194.0,BTI
2024-03-11 06:49:00,28.736,28.751,28.736,28.751,213.0,BTI
2024-03-11 06:48:00,28.726,28.731,28.726,28.731,3294.0,BTI
2024-03-11 06:45:00,28.716,28.722,28.716,28.721,193.0,BTI
2024-03-11 06:42:00,28.706,28.712,28.706,28.712,193.0,BTI
2024-03-11 06:41:00,28.697,28.722,28.697,28.712,2024.0,BTI
2024-03-11 06:39:00,28.687,28.692,28.687,28.692,774.0,BTI
2024-03-11 06:38:00,28.677,28.683,28.677,28.682,243.0,BTI
2024-03-11 06:37:00,28.677,28.683,28.677,28.682,978.0,BTI
2024-03-11 06:36:00,28.667,28.673,28.658,28.663,1714.0,BTI
2024-03-11 06:35:00,28.658,28.663,28.658,28.663,1046.0,BTI
2024-03-11 06:34:00,28.648,28.663,28.648,28.653,2725.0,BTI
2024-03-11 06:33:00,28.658,28.663,28.658,28.663,193.0,BTI
2024-03-11 06:31:00,28.658,28.663,28.658,28.663,3055.0,BTI
2024-03-11 06:29:00,28.667,28.673,28.658,28.673,5579.0,BTI
2024-03-11 06:27:00,28.677,28.683,28.677,28.682,110.0,BTI
2024-03-11 06:24:00,28.677,28.692,28.677,28.692,794.0,BTI
2024-03-11 06:23:00,28.677,28.683,28.677,28.682,384.0,BTI
2024-03-11 06:21:00,28.687,28.692,28.687,28.692,682.0,BTI
2024-03-11 06:20:00,28.697,28.702,28.697,28.702,9.0,BTI
2024-03-11 06:18:00,28.697,28.702,28.697,28.702,484.0,BTI
2024-03-11 06:16:00,28.697,28.712,28.697,28.712,242.0,BTI
2024-03-11 06:15:00,28.697,28.702,28.697,28.702,193.0,BTI
2024-03-11 06:14:00,28.697,28.702,28.697,28.702,24.0,BTI
2024-03-11 06:13:00,28.687,28.692,28.677,28.692,224.0,BTI
2024-03-11 06:12:00,28.697,28.702,28.687,28.692,55.0,BTI
2024-03-11 06:11:00,28.697,28.702,28.697,28.702,42.0,BTI
2024-03-11 06:08:00,28.697,28.702,28.697,28.702,193.0,BTI
2024-03-11 06:07:00,28.687,28.692,28.687,28.692,62.0,BTI
2024-03-11 06:06:00,28.677,28.683,28.677,28.682,290.0,BTI
2024-03-11 06:04:00,28.677,28.683,28.677,28.682,680.0,BTI
2024-03-11 06:03:00,28.706,28.712,28.687,28.692,22.0,BTI
2024-03-11 05:59:00,28.726,28.731,28.716,28.721,485.0,BTI
2024-03-11 05:49:00,28.746,28.751,28.746,28.751,96.0,BTI
2024-03-11 05:46:00,28.726,28.731,28.726,28.731,49.0,BTI
2024-03-11 05:44:00,28.687,28.692,28.677,28.692,1621.0,BTI
2024-03-11 05:43:00,28.697,28.702,28.697,28.702,10.0,BTI
2024-03-11 05:41:00,28.716,28.722,28.697,28.702,3494.0,BTI
2024-03-11 05:40:00,28.726,28.731,28.726,28.731,387.0,BTI
2024-03-11 05:37:00,28.736,28.741,28.736,28.741,32.0,BTI
2024-03-11 05:36:00,28.726,28.731,28.726,28.731,968.0,BTI
2024-03-11 05:35:00,28.706,28.712,28.706,28.712,293.0,BTI
2024-03-11 05:34:00,28.706,28.712,28.706,28.712,0.0,BTI
2024-03-11 05:33:00,28.726,28.731,28.706,28.712,406.0,BTI
2024-03-11 05:29:00,28.746,28.751,28.746,28.751,14.0,BTI
2024-03-11 05:26:00,28.746,28.751,28.746,28.751,145.0,BTI
2024-03-11 05:25:00,28.736,28.741,28.736,28.741,94.0,BTI
2024-03-11 05:19:00,28.746,28.751,28.736,28.741,187.0,BTI
2024-03-11 05:18:00,28.746,28.751,28.746,28.751,145.0,BTI
2024-03-11 05:17:00,28.736,28.751,28.736,28.751,348.0,BTI
2024-03-11 05:14:00,28.746,28.751,28.736,28.741,679.0,BTI
2024-03-11 05:13:00,28.755,28.761,28.746,28.751,1063.0,BTI
2024-03-11 05:11:00,28.755,28.761,28.755,28.76,96.0,BTI
2024-03-11 05:10:00,28.746,28.751,28.746,28.751,493.0,BTI
2024-03-11 05:06:00,28.765,28.77,28.765,28.77,968.0,BTI
2024-03-11 05:01:00,28.746,28.751,28.746,28.751,123.0,BTI
2024-03-11 04:59:00,28.765,28.77,28.746,28.751,436.0,BTI
2024-03-11 04:57:00,28.765,28.77,28.765,28.77,193.0,BTI
2024-03-11 04:56:00,28.765,28.77,28.765,28.77,337.0,BTI
2024-03-11 04:54:00,28.755,28.761,28.755,28.76,53.0,BTI
2024-03-11 04:50:00,28.775,28.78,28.775,28.78,203.0,BTI
2024-03-11 04:49:00,28.794,28.8,28.785,28.79,855.0,BTI
2024-03-11 04:48:00,28.794,28.8,28.794,28.8,1494.0,BTI
2024-03-11 04:46:00,28.814,28.819,28.814,28.819,641.0,BTI
2024-03-11 04:44:00,28.804,28.81,28.804,28.809,9.0,BTI
2024-03-11 04:41:00,28.833,28.839,28.833,28.839,9.0,BTI
2024-03-11 04:38:00,28.882,28.888,28.882,28.887,96.0,BTI
2024-03-11 04:35:00,28.892,28.897,28.892,28.897,2.0,BTI
2024-03-11 04:30:00,28.921,28.927,28.921,28.926,484.0,BTI
2024-03-11 04:27:00,28.941,28.946,28.941,28.946,12.0,BTI
2024-03-11 04:26:00,28.902,28.907,28.902,28.907,193.0,BTI
2024-03-11 04:25:00,28.882,28.888,28.882,28.887,387.0,BTI
2024-03-11 04:24:00,28.853,28.858,28.853,28.858,665.0,BTI
2024-03-11 04:23:00,28.853,28.917,28.853,28.897,4009.0,BTI
2024-03-11 04:21:00,28.824,28.829,28.824,28.829,233.0,BTI
2024-03-11 04:18:00,28.843,28.849,28.843,28.848,7.0,BTI
2024-03-11 04:14:00,28.804,28.81,28.804,28.809,0.0,BTI
2024-03-11 04:12:00,28.833,28.839,28.804,28.819,66.0,BTI
2024-03-11 04:11:00,28.863,28.868,28.843,28.848,556.0,BTI
2024-03-11 04:10:00,28.853,28.858,28.853,28.858,678.0,BTI
2024-03-11 04:09:00,28.863,28.868,28.853,28.858,425.0,BTI
2024-03-11 04:08:00,28.882,28.888,28.882,28.887,581.0,BTI
2024-03-11 04:06:00,28.902,28.907,28.902,28.907,365.0,BTI
2024-03-11 04:05:00,28.911,28.917,28.902,28.907,314.0,BTI
2024-03-11 04:04:00,28.911,28.917,28.911,28.917,1.0,BTI
2024-03-11 04:03:00,28.931,28.936,28.931,28.936,4.0,BTI
2024-03-11 04:02:00,28.99,28.995,28.99,28.995,0.0,BTI
2024-03-11 04:01:00,28.999,29.063,28.999,29.063,30.0,BTI
2024-03-11 04:00:00,28.931,29.278,28.902,29.005,47.0,BTI
2024-03-08 19:59:00,28.902,28.907,28.902,28.907,0.0,BTI
2024-03-08 19:55:00,28.892,28.907,28.892,28.907,290.0,BTI
2024-03-08 19:53:00,28.892,28.907,28.892,28.907,125.0,BTI
2024-03-08 19:50:00,28.902,28.907,28.902,28.907,0.0,BTI
2024-03-08 19:10:00,28.872,28.878,28.872,28.878,435.0,BTI
2024-03-08 19:00:00,28.931,28.936,28.931,28.936,51311.0,BTI
2024-03-08 18:52:00,28.941,28.946,28.941,28.946,48.0,BTI
2024-03-08 18:37:00,28.941,28.946,28.941,28.946,24.0,BTI
2024-03-08 18:31:00,28.878,28.884,28.878,28.883,9.0,BTI
2024-03-08 18:30:00,28.931,28.936,28.931,28.936,51311.0,BTI
2024-03-08 18:22:00,28.939,28.945,28.939,28.944,9.0,BTI
2024-03-08 18:20:00,28.941,28.946,28.907,28.912,1.0,BTI
2024-03-08 18:18:00,28.949,28.955,28.911,28.917,10.0,BTI
2024-03-08 18:05:00,28.911,28.917,28.911,28.917,0.0,BTI
2024-03-08 18:03:00,28.949,28.955,28.949,28.955,0.0,BTI
2024-03-08 18:01:00,28.872,28.956,28.872,28.956,1550.0,BTI
2024-03-08 17:39:00,28.892,28.897,28.872,28.897,58.0,BTI
2024-03-08 17:36:00,28.892,28.907,28.892,28.907,1.0,BTI
2024-03-08 17:34:00,28.892,28.897,28.892,28.897,19.0,BTI
2024-03-08 17:33:00,28.931,28.936,28.931,28.936,204002.0,BTI
2024-03-08 17:32:00,28.892,28.897,28.892,28.897,1.0,BTI
2024-03-08 17:29:00,28.949,28.956,28.949,28.956,49.0,BTI
2024-03-08 17:25:00,28.941,28.946,28.941,28.946,0.0,BTI
2024-03-08 17:22:00,28.951,28.956,28.951,28.956,193.0,BTI
2024-03-08 17:21:00,28.951,28.956,28.951,28.956,0.0,BTI
2024-03-08 17:19:00,28.95,28.955,28.902,28.907,6.0,BTI
2024-03-08 17:07:00,28.843,28.849,28.843,28.848,1.0,BTI
2024-03-08 17:06:00,28.941,28.946,28.941,28.946,201.0,BTI
2024-03-08 16:53:00,28.892,28.922,28.892,28.897,2.0,BTI
2024-03-08 16:51:00,28.931,28.936,28.931,28.936,48709.0,BTI
2024-03-08 16:48:00,28.892,28.897,28.892,28.897,40.0,BTI
2024-03-08 16:45:00,28.941,28.946,28.877,28.882,1.0,BTI
2024-03-08 16:39:00,28.804,28.81,28.804,28.809,29.0,BTI
2024-03-08 16:35:00,28.872,28.878,28.872,28.878,0.0,BTI
2024-03-08 16:34:00,28.902,28.907,28.892,28.907,271.0,BTI
2024-03-08 16:25:00,28.921,28.927,28.921,28.926,27.0,BTI
2024-03-08 16:24:00,28.868,28.873,28.868,28.873,0.0,BTI
2024-03-08 16:23:00,28.931,28.936,28.931,28.936,106.0,BTI
2024-03-08 16:19:00,28.931,28.936,28.931,28.936,27.0,BTI
2024-03-08 16:16:00,28.951,28.956,28.951,28.956,0.0,BTI
2024-03-08 16:14:00,28.951,28.956,28.951,28.956,9.0,BTI
2024-03-08 16:10:00,28.931,28.936,28.931,28.936,51311.0,BTI
2024-03-08 16:04:00,28.951,28.956,28.951,28.956,1.0,BTI
2024-03-08 16:03:00,28.931,28.936,28.931,28.936,187.0,BTI
2024-03-08 16:00:00,28.921,28.936,28.921,28.936,122868.0,BTI
2024-03-08 15:59:00,28.936,28.946,28.911,28.931,70038.0,BTI
2024-03-08 15:58:00,28.941,28.946,28.931,28.946,21324.0,BTI
2024-03-08 15:57:00,28.936,28.946,28.936,28.946,14139.0,BTI
2024-03-08 15:56:00,28.936,28.946,28.931,28.936,16837.0,BTI
2024-03-08 15:55:00,28.941,28.951,28.936,28.946,26625.0,BTI
2024-03-08 15:54:00,28.936,28.951,28.936,28.946,26537.0,BTI
2024-03-08 15:53:00,28.941,28.951,28.931,28.936,43194.0,BTI
2024-03-08 15:52:00,28.931,28.946,28.926,28.941,10939.0,BTI
2024-03-08 15:51:00,28.926,28.936,28.926,28.936,17857.0,BTI
2024-03-08 15:50:00,28.936,28.946,28.916,28.936,31303.0,BTI
2024-03-08 15:49:00,28.936,28.941,28.921,28.941,20354.0,BTI
2024-03-08 15:48:00,28.941,28.946,28.931,28.941,8234.0,BTI
2024-03-08 15:47:00,28.916,28.946,28.916,28.946,26819.0,BTI
2024-03-08 15:46:00,28.936,28.946,28.916,28.922,37808.0,BTI
2024-03-08 15:45:00,28.923,28.946,28.921,28.941,13917.0,BTI
2024-03-08 15:44:00,28.936,28.945,28.926,28.931,17534.0,BTI
2024-03-08 15:43:00,28.941,28.946,28.936,28.941,9703.0,BTI
2024-03-08 15:42:00,28.936,28.946,28.931,28.946,4355.0,BTI
2024-03-08 15:41:00,28.941,28.951,28.931,28.946,15196.0,BTI
2024-03-08 15:40:00,28.941,28.946,28.936,28.946,1733.0,BTI
2024-03-08 15:39:00,28.941,28.946,28.933,28.946,2280.0,BTI
2024-03-08 15:38:00,28.941,28.946,28.936,28.941,4362.0,BTI
2024-03-08 15:37:00,28.936,28.956,28.931,28.941,15410.0,BTI
2024-03-08 15:36:00,28.936,28.946,28.931,28.936,3784.0,BTI
2024-03-08 15:35:00,28.936,28.946,28.931,28.941,7394.0,BTI
2024-03-08 15:34:00,28.941,28.946,28.936,28.941,5413.0,BTI
2024-03-08 15:33:00,28.936,28.946,28.936,28.941,8839.0,BTI
2024-03-08 15:32:00,28.936,28.941,28.931,28.941,3788.0,BTI
2024-03-08 15:31:00,28.932,28.946,28.931,28.941,9438.0,BTI
2024-03-08 15:30:00,28.921,28.946,28.921,28.941,12359.0,BTI
2024-03-08 15:29:00,28.931,28.936,28.921,28.931,4654.0,BTI
2024-03-08 15:28:00,28.931,28.946,28.921,28.931,9614.0,BTI
2024-03-08 15:27:00,28.931,28.941,28.931,28.936,8806.0,BTI
2024-03-08 15:26:00,28.931,28.936,28.921,28.936,4888.0,BTI
2024-03-08 15:25:00,28.926,28.936,28.926,28.931,2038.0,BTI
2024-03-08 15:24:00,28.926,28.936,28.926,28.931,2763.0,BTI
2024-03-08 15:23:00,28.936,28.951,28.921,28.936,24209.0,BTI
2024-03-08 15:22:00,28.936,28.946,28.926,28.941,24129.0,BTI
2024-03-08 15:21:00,28.931,28.946,28.931,28.936,4534.0,BTI
2024-03-08 15:20:00,28.931,28.941,28.931,28.936,5833.0,BTI
2024-03-08 15:19:00,28.931,28.936,28.923,28.936,6231.0,BTI
2024-03-08 15:18:00,28.926,28.936,28.926,28.936,3103.0,BTI
2024-03-08 15:17:00,28.911,28.932,28.91,28.931,13635.0,BTI
2024-03-08 15:16:00,28.909,28.917,28.907,28.917,2255.0,BTI
2024-03-08 15:15:00,28.904,28.917,28.904,28.912,2133.0,BTI
2024-03-08 15:14:00,28.911,28.917,28.902,28.912,5953.0,BTI
2024-03-08 15:13:00,28.907,28.922,28.907,28.917,15940.0,BTI
2024-03-08 15:12:00,28.916,28.927,28.907,28.912,12708.0,BTI
2024-03-08 15:11:00,28.921,28.927,28.916,28.922,2366.0,BTI
2024-03-08 15:10:00,28.921,28.927,28.911,28.922,5230.0,BTI
2024-03-08 15:09:00,28.926,28.936,28.926,28.931,2056.0,BTI
2024-03-08 15:08:00,28.939,28.945,28.926,28.936,10014.0,BTI
2024-03-08 15:07:00,28.926,28.946,28.926,28.941,5911.0,BTI
2024-03-08 15:06:00,28.926,28.936,28.926,28.931,5226.0,BTI
2024-03-08 15:05:00,28.921,28.932,28.921,28.931,1273.0,BTI
2024-03-08 15:04:00,28.922,28.935,28.921,28.926,3502.0,BTI
2024-03-08 15:03:00,28.931,28.946,28.921,28.926,8830.0,BTI
2024-03-08 15:02:00,28.931,28.936,28.926,28.936,8029.0,BTI
2024-03-08 15:01:00,28.939,28.946,28.931,28.941,5806.0,BTI
2024-03-08 15:00:00,28.941,28.946,28.936,28.941,1602.0,BTI
2024-03-08 14:59:00,28.931,28.946,28.931,28.941,3712.0,BTI
2024-03-08 14:58:00,28.926,28.936,28.921,28.936,2940.0,BTI
2024-03-08 14:57:00,28.941,28.946,28.926,28.931,7023.0,BTI
2024-03-08 14:56:00,28.941,28.946,28.936,28.942,5607.0,BTI
2024-03-08 14:55:00,28.951,28.956,28.936,28.941,8379.0,BTI
2024-03-08 14:54:00,28.951,28.956,28.941,28.951,5160.0,BTI
2024-03-08 14:53:00,28.946,28.956,28.941,28.956,4606.0,BTI
2024-03-08 14:52:00,28.931,28.956,28.931,28.946,15647.0,BTI
2024-03-08 14:51:00,28.921,28.936,28.921,28.936,12914.0,BTI
2024-03-08 14:50:00,28.921,28.927,28.916,28.926,5139.0,BTI
2024-03-08 14:49:00,28.916,28.922,28.907,28.917,17795.0,BTI
2024-03-08 14:48:00,28.926,28.936,28.911,28.922,8657.0,BTI
2024-03-08 14:47:00,28.921,28.936,28.921,28.931,2211.0,BTI
2024-03-08 14:46:00,28.921,28.927,28.916,28.926,5391.0,BTI
2024-03-08 14:45:00,28.931,28.936,28.918,28.924,9021.0,BTI
2024-03-08 14:44:00,28.931,28.936,28.921,28.936,8301.0,BTI
2024-03-08 14:43:00,28.926,28.936,28.921,28.936,17943.0,BTI
2024-03-08 14:42:00,28.921,28.936,28.921,28.936,9285.0,BTI
2024-03-08 14:41:00,28.907,28.927,28.907,28.926,5726.0,BTI
2024-03-08 14:40:00,28.892,28.912,28.892,28.912,2676.0,BTI
2024-03-08 14:39:00,28.902,28.907,28.892,28.897,8947.0,BTI
2024-03-08 14:38:00,28.916,28.927,28.901,28.906,28288.0,BTI
2024-03-08 14:37:00,28.921,28.927,28.911,28.922,10733.0,BTI
2024-03-08 14:36:00,28.926,28.936,28.921,28.931,3640.0,BTI
2024-03-08 14:35:00,28.921,28.936,28.921,28.936,3732.0,BTI
2024-03-08 14:34:00,28.916,28.927,28.911,28.926,3276.0,BTI
2024-03-08 14:33:00,28.916,28.927,28.912,28.922,3232.0,BTI
2024-03-08 14:32:00,28.921,28.927,28.911,28.922,4693.0,BTI
2024-03-08 14:31:00,28.916,28.922,28.911,28.917,2272.0,BTI
2024-03-08 14:30:00,28.911,28.927,28.911,28.926,3983.0,BTI
2024-03-08 14:29:00,28.902,28.917,28.898,28.913,5227.0,BTI
2024-03-08 14:28:00,28.897,28.907,28.892,28.907,11364.0,BTI
2024-03-08 14:27:00,28.901,28.907,28.897,28.902,2400.0,BTI
2024-03-08 14:26:00,28.892,28.907,28.892,28.907,2367.0,BTI
2024-03-08 14:25:00,28.882,28.897,28.877,28.887,2988.0,BTI
2024-03-08 14:24:00,28.872,28.888,28.872,28.882,2550.0,BTI
2024-03-08 14:23:00,28.872,28.886,28.868,28.878,7815.0,BTI
2024-03-08 14:22:00,28.863,28.878,28.863,28.878,6924.0,BTI
2024-03-08 14:21:00,28.853,28.878,28.852,28.868,14129.0,BTI
2024-03-08 14:20:00,28.833,28.853,28.828,28.853,40310.0,BTI
2024-03-08 14:19:00,28.833,28.839,28.828,28.839,6859.0,BTI
2024-03-08 14:18:00,28.833,28.844,28.825,28.839,22996.0,BTI
2024-03-08 14:17:00,28.824,28.839,28.824,28.834,2642.0,BTI
2024-03-08 14:16:00,28.828,28.839,28.824,28.834,1439.0,BTI
2024-03-08 14:15:00,28.824,28.834,28.824,28.834,1912.0,BTI
2024-03-08 14:14:00,28.833,28.839,28.824,28.834,5142.0,BTI
2024-03-08 14:13:00,28.824,28.839,28.824,28.839,3769.0,BTI
2024-03-08 14:12:00,28.819,28.824,28.814,28.824,4444.0,BTI
2024-03-08 14:11:00,28.824,28.839,28.814,28.823,6514.0,BTI
2024-03-08 14:10:00,28.824,28.829,28.819,28.829,1975.0,BTI
2024-03-08 14:09:00,28.824,28.832,28.819,28.824,3666.0,BTI
2024-03-08 14:08:00,28.824,28.839,28.824,28.829,1724.0,BTI
2024-03-08 14:07:00,28.833,28.839,28.828,28.839,10546.0,BTI
2024-03-08 14:06:00,28.828,28.839,28.824,28.839,5540.0,BTI
2024-03-08 14:05:00,28.843,28.849,28.833,28.839,6708.0,BTI
2024-03-08 14:04:00,28.863,28.868,28.843,28.858,13980.0,BTI
2024-03-08 14:03:00,28.858,28.868,28.855,28.863,2559.0,BTI
2024-03-08 14:02:00,28.855,28.878,28.855,28.868,5369.0,BTI
2024-03-08 14:01:00,28.858,28.868,28.853,28.863,2358.0,BTI
2024-03-08 14:00:00,28.863,28.868,28.853,28.858,4320.0,BTI
2024-03-08 13:59:00,28.868,28.878,28.863,28.868,2526.0,BTI
2024-03-08 13:58:00,28.87,28.878,28.868,28.877,1917.0,BTI
2024-03-08 13:57:00,28.863,28.878,28.863,28.873,4214.0,BTI
2024-03-08 13:56:00,28.848,28.868,28.848,28.868,3121.0,BTI
2024-03-08 13:55:00,28.853,28.858,28.846,28.853,11346.0,BTI
2024-03-08 13:54:00,28.853,28.863,28.853,28.863,620.0,BTI
2024-03-08 13:53:00,28.853,28.863,28.853,28.863,842.0,BTI
2024-03-08 13:52:00,28.863,28.868,28.853,28.868,12772.0,BTI
2024-03-08 13:51:00,28.871,28.878,28.863,28.868,1554.0,BTI
2024-03-08 13:50:00,28.872,28.878,28.868,28.873,4833.0,BTI
2024-03-08 13:49:00,28.853,28.873,28.853,28.873,6784.0,BTI
2024-03-08 13:48:00,28.853,28.868,28.853,28.868,758.0,BTI
2024-03-08 13:47:00,28.858,28.868,28.853,28.858,1504.0,BTI
2024-03-08 13:46:00,28.853,28.868,28.853,28.863,3420.0,BTI
2024-03-08 13:45:00,28.858,28.868,28.853,28.858,2708.0,BTI
2024-03-08 13:44:00,28.858,28.868,28.858,28.863,5463.0,BTI
2024-03-08 13:43:00,28.848,28.868,28.844,28.863,7739.0,BTI
2024-03-08 13:42:00,28.843,28.858,28.843,28.858,4601.0,BTI
2024-03-08 13:41:00,28.838,28.849,28.838,28.848,2557.0,BTI
2024-03-08 13:40:00,28.833,28.844,28.833,28.843,2887.0,BTI
2024-03-08 13:39:00,28.848,28.858,28.843,28.848,4169.0,BTI
2024-03-08 13:38:00,28.853,28.866,28.848,28.853,12683.0,BTI
2024-03-08 13:37:00,28.853,28.858,28.846,28.858,24347.0,BTI
2024-03-08 13:36:00,28.848,28.858,28.838,28.848,7622.0,BTI
2024-03-08 13:35:00,28.858,28.863,28.843,28.858,7858.0,BTI
2024-03-08 13:34:00,28.872,28.878,28.858,28.868,10734.0,BTI
2024-03-08 13:33:00,28.868,28.878,28.863,28.877,1644.0,BTI
2024-03-08 13:32:00,28.882,28.888,28.863,28.878,7555.0,BTI
2024-03-08 13:31:00,28.868,28.892,28.868,28.887,28201.0,BTI
2024-03-08 13:30:00,28.871,28.878,28.863,28.872,9921.0,BTI
2024-03-08 13:29:00,28.872,28.883,28.863,28.878,10664.0,BTI
2024-03-08 13:28:00,28.882,28.888,28.872,28.88,5648.0,BTI
2024-03-08 13:27:00,28.882,28.888,28.872,28.882,9432.0,BTI
2024-03-08 13:26:00,28.872,28.897,28.872,28.882,11193.0,BTI
2024-03-08 13:25:00,28.863,28.878,28.863,28.873,2863.0,BTI
2024-03-08 13:24:00,28.863,28.878,28.858,28.868,8527.0,BTI
2024-03-08 13:23:00,28.858,28.868,28.853,28.863,5892.0,BTI
2024-03-08 13:22:00,28.844,28.863,28.844,28.858,9221.0,BTI
2024-03-08 13:21:00,28.828,28.858,28.828,28.848,7738.0,BTI
2024-03-08 13:20:00,28.828,28.839,28.828,28.839,3668.0,BTI
2024-03-08 13:19:00,28.843,28.849,28.824,28.834,13800.0,BTI
2024-03-08 13:18:00,28.833,28.849,28.833,28.848,812.0,BTI
2024-03-08 13:17:00,28.838,28.845,28.833,28.839,2699.0,BTI
2024-03-08 13:16:00,28.838,28.849,28.838,28.848,11098.0,BTI
2024-03-08 13:15:00,28.838,28.849,28.833,28.843,10081.0,BTI
2024-03-08 13:14:00,28.848,28.858,28.843,28.848,4549.0,BTI
2024-03-08 13:13:00,28.848,28.858,28.846,28.858,10116.0,BTI
2024-03-08 13:12:00,28.853,28.858,28.848,28.853,3457.0,BTI
2024-03-08 13:11:00,28.853,28.858,28.846,28.853,14448.0,BTI
2024-03-08 13:10:00,28.863,28.878,28.858,28.863,2438.0,BTI
2024-03-08 13:09:00,28.856,28.878,28.856,28.868,38217.0,BTI
2024-03-08 13:08:00,28.858,28.868,28.858,28.868,1805.0,BTI
2024-03-08 13:07:00,28.853,28.868,28.853,28.858,1777.0,BTI
2024-03-08 13:06:00,28.863,28.877,28.863,28.868,7421.0,BTI
2024-03-08 13:05:00,28.863,28.873,28.863,28.868,812.0,BTI
2024-03-08 13:04:00,28.863,28.873,28.858,28.873,15187.0,BTI
2024-03-08 13:03:00,28.885,28.89,28.853,28.863,26299.0,BTI
2024-03-08 13:02:00,28.897,28.902,28.882,28.887,13720.0,BTI
2024-03-08 13:01:00,28.902,28.915,28.892,28.897,33922.0,BTI
2024-03-08 13:00:00,28.897,28.907,28.892,28.907,3837.0,BTI
2024-03-08 12:59:00,28.897,28.902,28.892,28.897,2126.0,BTI
2024-03-08 12:58:00,28.882,28.907,28.882,28.897,8084.0,BTI
2024-03-08 12:57:00,28.885,28.897,28.885,28.89,1214.0,BTI
2024-03-08 12:56:00,28.887,28.897,28.885,28.89,4081.0,BTI
2024-03-08 12:55:00,28.892,28.897,28.882,28.892,12191.0,BTI
2024-03-08 12:54:00,28.911,28.917,28.882,28.897,45227.0,BTI
2024-03-08 12:53:00,28.931,28.936,28.911,28.917,11522.0,BTI
2024-03-08 12:52:00,28.916,28.932,28.911,28.926,8861.0,BTI
2024-03-08 12:51:00,28.921,28.936,28.914,28.919,4345.0,BTI
2024-03-08 12:50:00,28.926,28.932,28.921,28.926,8681.0,BTI
2024-03-08 12:49:00,28.924,28.936,28.921,28.933,20569.0,BTI
2024-03-08 12:48:00,28.926,28.936,28.921,28.929,1573.0,BTI
2024-03-08 12:47:00,28.921,28.936,28.921,28.931,2054.0,BTI
2024-03-08 12:46:00,28.931,28.936,28.921,28.926,2886.0,BTI
2024-03-08 12:45:00,28.941,28.946,28.936,28.941,8814.0,BTI
2024-03-08 12:44:00,28.941,28.952,28.941,28.951,1413.0,BTI
2024-03-08 12:43:00,28.946,28.956,28.941,28.946,1694.0,BTI
2024-03-08 12:42:00,28.941,28.956,28.941,28.956,5967.0,BTI
2024-03-08 12:41:00,28.941,28.956,28.941,28.946,27777.0,BTI
2024-03-08 12:40:00,28.946,28.951,28.941,28.946,3055.0,BTI
2024-03-08 12:39:00,28.946,28.956,28.941,28.951,4100.0,BTI
2024-03-08 12:38:00,28.95,28.956,28.941,28.951,1426.0,BTI
2024-03-08 12:37:00,28.946,28.951,28.941,28.946,921.0,BTI
2024-03-08 12:36:00,28.96,28.966,28.946,28.951,5067.0,BTI
2024-03-08 12:35:00,28.952,28.966,28.951,28.956,9522.0,BTI
2024-03-08 12:34:00,28.95,28.966,28.946,28.961,6240.0,BTI
2024-03-08 12:33:00,28.95,28.956,28.941,28.946,1557.0,BTI
2024-03-08 12:32:00,28.945,28.956,28.941,28.946,9278.0,BTI
2024-03-08 12:31:00,28.946,28.956,28.941,28.951,4176.0,BTI
2024-03-08 12:30:00,28.951,28.956,28.941,28.951,1855.0,BTI
2024-03-08 12:29:00,28.941,28.956,28.941,28.951,5959.0,BTI
2024-03-08 12:28:00,28.946,28.956,28.941,28.946,1056.0,BTI
2024-03-08 12:27:00,28.946,28.951,28.941,28.951,1258.0,BTI
2024-03-08 12:26:00,28.96,28.966,28.951,28.956,10742.0,BTI
2024-03-08 12:25:00,28.97,28.975,28.951,28.961,3269.0,BTI
2024-03-08 12:24:00,28.951,28.975,28.946,28.965,32490.0,BTI
2024-03-08 12:23:00,28.946,28.956,28.941,28.951,1344.0,BTI
2024-03-08 12:22:00,28.941,28.951,28.941,28.951,1621.0,BTI
2024-03-08 12:21:00,28.941,28.956,28.941,28.946,2262.0,BTI
2024-03-08 12:20:00,28.955,28.961,28.941,28.946,5970.0,BTI
2024-03-08 12:19:00,28.955,28.961,28.951,28.961,2828.0,BTI
2024-03-08 12:18:00,28.951,28.966,28.951,28.965,1456.0,BTI
2024-03-08 12:17:00,28.946,28.961,28.946,28.961,10663.0,BTI
2024-03-08 12:16:00,28.941,28.956,28.941,28.956,2451.0,BTI
2024-03-08 12:15:00,28.941,28.956,28.941,28.951,8384.0,BTI
2024-03-08 12:14:00,28.931,28.946,28.926,28.946,6931.0,BTI
2024-03-08 12:13:00,28.931,28.941,28.931,28.936,7843.0,BTI
2024-03-08 12:12:00,28.931,28.937,28.931,28.937,423.0,BTI
2024-03-08 12:11:00,28.951,28.956,28.931,28.941,12429.0,BTI
2024-03-08 12:10:00,28.926,28.951,28.926,28.951,9027.0,BTI
2024-03-08 12:09:00,28.921,28.936,28.921,28.931,7899.0,BTI
2024-03-08 12:08:00,28.918,28.932,28.911,28.926,8892.0,BTI
2024-03-08 12:07:00,28.926,28.932,28.911,28.917,2902.0,BTI
2024-03-08 12:06:00,28.921,28.932,28.921,28.931,1960.0,BTI
2024-03-08 12:05:00,28.921,28.932,28.921,28.926,638.0,BTI
2024-03-08 12:04:00,28.924,28.936,28.921,28.936,4738.0,BTI
2024-03-08 12:03:00,28.931,28.941,28.921,28.926,8823.0,BTI
2024-03-08 12:02:00,28.936,28.941,28.931,28.936,877.0,BTI
2024-03-08 12:01:00,28.931,28.951,28.931,28.936,13116.0,BTI
2024-03-08 12:00:00,28.931,28.938,28.921,28.936,10373.0,BTI
2024-03-08 11:59:00,28.926,28.936,28.926,28.936,7028.0,BTI
2024-03-08 11:58:00,28.921,28.935,28.921,28.926,1880.0,BTI
2024-03-08 11:57:00,28.921,28.932,28.921,28.926,923.0,BTI
2024-03-08 11:56:00,28.931,28.936,28.921,28.929,1435.0,BTI
2024-03-08 11:55:00,28.941,28.946,28.931,28.936,4064.0,BTI
2024-03-08 11:54:00,28.951,28.956,28.941,28.946,3348.0,BTI
2024-03-08 11:53:00,28.936,28.956,28.931,28.956,7454.0,BTI
2024-03-08 11:52:00,28.931,28.946,28.931,28.941,1351.0,BTI
2024-03-08 11:51:00,28.926,28.946,28.926,28.942,9366.0,BTI
2024-03-08 11:50:00,28.931,28.936,28.921,28.926,2035.0,BTI
2024-03-08 11:49:00,28.921,28.934,28.921,28.926,4519.0,BTI
2024-03-08 11:48:00,28.916,28.936,28.916,28.927,7859.0,BTI
2024-03-08 11:47:00,28.897,28.927,28.897,28.922,6924.0,BTI
2024-03-08 11:46:00,28.907,28.917,28.892,28.902,17243.0,BTI
2024-03-08 11:45:00,28.882,28.917,28.874,28.907,7533.0,BTI
2024-03-08 11:44:00,28.879,28.888,28.872,28.886,2279.0,BTI
2024-03-08 11:43:00,28.882,28.888,28.877,28.887,2936.0,BTI
2024-03-08 11:42:00,28.882,28.897,28.882,28.895,1562.0,BTI
2024-03-08 11:41:00,28.868,28.878,28.864,28.878,2828.0,BTI
2024-03-08 11:40:00,28.872,28.878,28.863,28.868,3899.0,BTI
2024-03-08 11:39:00,28.872,28.878,28.865,28.873,2292.0,BTI
2024-03-08 11:38:00,28.863,28.878,28.863,28.878,10949.0,BTI
2024-03-08 11:37:00,28.882,28.888,28.863,28.868,7435.0,BTI
2024-03-08 11:36:00,28.877,28.888,28.872,28.882,34061.0,BTI
2024-03-08 11:35:00,28.902,28.907,28.877,28.882,17818.0,BTI
2024-03-08 11:34:00,28.897,28.917,28.897,28.917,47543.0,BTI
2024-03-08 11:33:00,28.902,28.907,28.892,28.902,5642.0,BTI
2024-03-08 11:32:00,28.897,28.907,28.892,28.897,4211.0,BTI
2024-03-08 11:31:00,28.887,28.907,28.887,28.907,43359.0,BTI
2024-03-08 11:30:00,28.872,28.897,28.872,28.892,15641.0,BTI
2024-03-08 11:29:00,28.887,28.892,28.872,28.878,3772.0,BTI
2024-03-08 11:28:00,28.863,28.896,28.853,28.887,26932.0,BTI
2024-03-08 11:27:00,28.872,28.888,28.863,28.868,35876.0,BTI
2024-03-08 11:26:00,28.882,28.897,28.872,28.887,4549.0,BTI
2024-03-08 11:25:00,28.892,28.897,28.872,28.887,8665.0,BTI
2024-03-08 11:24:00,28.882,28.895,28.872,28.887,11315.0,BTI
2024-03-08 11:23:00,28.872,28.888,28.863,28.887,33977.0,BTI
2024-03-08 11:22:00,28.872,28.886,28.863,28.882,32365.0,BTI
2024-03-08 11:21:00,28.868,28.883,28.863,28.882,12050.0,BTI
2024-03-08 11:20:00,28.853,28.868,28.853,28.868,6482.0,BTI
2024-03-08 11:19:00,28.853,28.858,28.843,28.848,9123.0,BTI
2024-03-08 11:18:00,28.872,28.878,28.863,28.868,9111.0,BTI
2024-03-08 11:17:00,28.863,28.883,28.858,28.878,18027.0,BTI
2024-03-08 11:16:00,28.848,28.878,28.843,28.863,38124.0,BTI
2024-03-08 11:15:00,28.828,28.854,28.828,28.848,48015.0,BTI
2024-03-08 11:14:00,28.824,28.834,28.819,28.834,20810.0,BTI
2024-03-08 11:13:00,28.819,28.839,28.814,28.829,11244.0,BTI
2024-03-08 11:12:00,28.833,28.844,28.814,28.819,6129.0,BTI
2024-03-08 11:11:00,28.833,28.844,28.824,28.839,25527.0,BTI
2024-03-08 11:10:00,28.848,28.853,28.824,28.834,33868.0,BTI
2024-03-08 11:09:00,28.833,28.857,28.833,28.848,19569.0,BTI
2024-03-08 11:08:00,28.842,28.849,28.824,28.843,17410.0,BTI
2024-03-08 11:07:00,28.838,28.849,28.833,28.843,36588.0,BTI
2024-03-08 11:06:00,28.838,28.849,28.833,28.843,19150.0,BTI
2024-03-08 11:05:00,28.843,28.849,28.833,28.847,6834.0,BTI
2024-03-08 11:04:00,28.882,28.888,28.843,28.848,7682.0,BTI
2024-03-08 11:03:00,28.869,28.888,28.863,28.887,6548.0,BTI
2024-03-08 11:02:00,28.864,28.883,28.864,28.878,4844.0,BTI
2024-03-08 11:01:00,28.872,28.883,28.863,28.873,6009.0,BTI
2024-03-08 11:00:00,28.863,28.883,28.863,28.883,11966.0,BTI
2024-03-08 10:59:00,28.848,28.868,28.848,28.863,6986.0,BTI
2024-03-08 10:58:00,28.853,28.868,28.843,28.857,8286.0,BTI
2024-03-08 10:57:00,28.861,28.868,28.853,28.858,11246.0,BTI
2024-03-08 10:56:00,28.853,28.868,28.853,28.868,8560.0,BTI
2024-03-08 10:55:00,28.848,28.858,28.848,28.853,9369.0,BTI
2024-03-08 10:54:00,28.833,28.849,28.833,28.848,5378.0,BTI
2024-03-08 10:53:00,28.853,28.858,28.833,28.84,12011.0,BTI
2024-03-08 10:52:00,28.853,28.858,28.836,28.849,18673.0,BTI
2024-03-08 10:51:00,28.868,28.878,28.853,28.858,6388.0,BTI
2024-03-08 10:50:00,28.877,28.883,28.863,28.868,16494.0,BTI
2024-03-08 10:49:00,28.868,28.883,28.868,28.879,4159.0,BTI
2024-03-08 10:48:00,28.863,28.877,28.863,28.873,1806.0,BTI
2024-03-08 10:47:00,28.858,28.868,28.853,28.868,8128.0,BTI
2024-03-08 10:46:00,28.863,28.868,28.853,28.863,7581.0,BTI
2024-03-08 10:45:00,28.868,28.873,28.853,28.863,10572.0,BTI
2024-03-08 10:44:00,28.872,28.883,28.863,28.873,3290.0,BTI
2024-03-08 10:43:00,28.872,28.887,28.863,28.887,5232.0,BTI
2024-03-08 10:42:00,28.882,28.888,28.863,28.868,9915.0,BTI
2024-03-08 10:41:00,28.872,28.892,28.872,28.889,3891.0,BTI
2024-03-08 10:40:00,28.868,28.888,28.868,28.873,10577.0,BTI
2024-03-08 10:39:00,28.863,28.878,28.863,28.873,7208.0,BTI
2024-03-08 10:38:00,28.858,28.873,28.858,28.868,14122.0,BTI
2024-03-08 10:37:00,28.853,28.858,28.843,28.858,6581.0,BTI
2024-03-08 10:36:00,28.838,28.858,28.833,28.858,20046.0,BTI
2024-03-08 10:35:00,28.814,28.839,28.814,28.839,8622.0,BTI
2024-03-08 10:34:00,28.817,28.829,28.814,28.819,12182.0,BTI
2024-03-08 10:33:00,28.814,28.824,28.814,28.824,1961.0,BTI
2024-03-08 10:32:00,28.793,28.819,28.785,28.819,18525.0,BTI
2024-03-08 10:31:00,28.775,28.79,28.775,28.79,7359.0,BTI
2024-03-08 10:30:00,28.775,28.785,28.765,28.775,18905.0,BTI
2024-03-08 10:29:00,28.789,28.795,28.775,28.78,21014.0,BTI
2024-03-08 10:28:00,28.794,28.8,28.785,28.8,2662.0,BTI
2024-03-08 10:27:00,28.78,28.79,28.775,28.79,14257.0,BTI
2024-03-08 10:26:00,28.785,28.79,28.775,28.785,15584.0,BTI
2024-03-08 10:25:00,28.775,28.8,28.775,28.8,7259.0,BTI
2024-03-08 10:24:00,28.78,28.79,28.775,28.786,3808.0,BTI
2024-03-08 10:23:00,28.809,28.814,28.775,28.78,31893.0,BTI
2024-03-08 10:22:00,28.809,28.819,28.804,28.819,7274.0,BTI
2024-03-08 10:21:00,28.807,28.824,28.804,28.809,18339.0,BTI
2024-03-08 10:20:00,28.804,28.814,28.804,28.809,13369.0,BTI
2024-03-08 10:19:00,28.824,28.829,28.804,28.809,38675.0,BTI
2024-03-08 10:18:00,28.824,28.829,28.819,28.825,3596.0,BTI
2024-03-08 10:17:00,28.822,28.83,28.814,28.83,7205.0,BTI
2024-03-08 10:16:00,28.845,28.853,28.814,28.819,17558.0,BTI
2024-03-08 10:15:00,28.842,28.853,28.838,28.848,3037.0,BTI
2024-03-08 10:14:00,28.824,28.844,28.824,28.843,7086.0,BTI
2024-03-08 10:13:00,28.819,28.829,28.807,28.821,8310.0,BTI
2024-03-08 10:12:00,28.819,28.829,28.804,28.829,29341.0,BTI
2024-03-08 10:11:00,28.824,28.829,28.814,28.829,3535.0,BTI
2024-03-08 10:10:00,28.824,28.834,28.814,28.829,10120.0,BTI
2024-03-08 10:09:00,28.824,28.834,28.814,28.829,19695.0,BTI
2024-03-08 10:08:00,28.853,28.858,28.824,28.831,15398.0,BTI
2024-03-08 10:07:00,28.868,28.873,28.855,28.868,4602.0,BTI
2024-03-08 10:06:00,28.872,28.888,28.868,28.877,6155.0,BTI
2024-03-08 10:05:00,28.858,28.888,28.853,28.882,22289.0,BTI
2024-03-08 10:04:00,28.861,28.868,28.843,28.866,21012.0,BTI
2024-03-08 10:03:00,28.863,28.868,28.853,28.858,1521.0,BTI
2024-03-08 10:02:00,28.843,28.863,28.833,28.863,10056.0,BTI
2024-03-08 10:01:00,28.843,28.858,28.833,28.848,7612.0,BTI
2024-03-08 10:00:00,28.853,28.858,28.833,28.848,10444.0,BTI
2024-03-08 09:59:00,28.863,28.878,28.843,28.848,20339.0,BTI
2024-03-08 09:58:00,28.848,28.878,28.848,28.878,8645.0,BTI
2024-03-08 09:57:00,28.863,28.868,28.852,28.857,5994.0,BTI
2024-03-08 09:56:00,28.858,28.873,28.853,28.873,5754.0,BTI
2024-03-08 09:55:00,28.863,28.878,28.853,28.863,9199.0,BTI
2024-03-08 09:54:00,28.892,28.897,28.863,28.878,12079.0,BTI
2024-03-08 09:53:00,28.887,28.913,28.887,28.897,8032.0,BTI
2024-03-08 09:52:00,28.892,28.902,28.882,28.897,8126.0,BTI
2024-03-08 09:51:00,28.911,28.917,28.892,28.907,10947.0,BTI
2024-03-08 09:50:00,28.921,28.936,28.912,28.917,7631.0,BTI
2024-03-08 09:49:00,28.931,28.936,28.911,28.926,6095.0,BTI
2024-03-08 09:48:00,28.926,28.936,28.911,28.929,10878.0,BTI
2024-03-08 09:47:00,28.911,28.946,28.911,28.929,20196.0,BTI
2024-03-08 09:46:00,28.897,28.936,28.897,28.926,53557.0,BTI
2024-03-08 09:45:00,28.892,28.907,28.882,28.897,19657.0,BTI
2024-03-08 09:44:00,28.921,28.936,28.892,28.902,14657.0,BTI
2024-03-08 09:43:00,28.892,28.927,28.892,28.926,18575.0,BTI
2024-03-08 09:42:00,28.882,28.907,28.872,28.902,54112.0,BTI
2024-03-08 09:41:00,28.863,28.897,28.858,28.894,20555.0,BTI
2024-03-08 09:40:00,28.843,28.868,28.843,28.868,15683.0,BTI
2024-03-08 09:39:00,28.833,28.858,28.833,28.858,3232.0,BTI
2024-03-08 09:38:00,28.872,28.878,28.843,28.853,7033.0,BTI
2024-03-08 09:37:00,28.877,28.897,28.865,28.878,11698.0,BTI
2024-03-08 09:36:00,28.877,28.892,28.868,28.878,24150.0,BTI
2024-03-08 09:35:00,28.848,28.883,28.843,28.868,13212.0,BTI
2024-03-08 09:34:00,28.872,28.878,28.843,28.854,3131.0,BTI
2024-03-08 09:33:00,28.848,28.878,28.838,28.877,25987.0,BTI
2024-03-08 09:32:00,28.857,28.868,28.814,28.848,14363.0,BTI
2024-03-08 09:31:00,28.843,28.878,28.833,28.868,43887.0,BTI
2024-03-08 09:30:00,28.804,28.849,28.804,28.839,80748.0,BTI
2024-03-08 09:29:00,28.775,28.8,28.775,28.8,9851.0,BTI
2024-03-08 09:28:00,28.785,28.79,28.765,28.77,211.0,BTI
2024-03-08 09:27:00,28.794,28.8,28.794,28.8,968.0,BTI
2024-03-08 09:26:00,28.765,28.77,28.765,28.77,96.0,BTI
2024-03-08 09:25:00,28.765,28.77,28.765,28.77,629.0,BTI
2024-03-08 09:24:00,28.765,28.77,28.765,28.77,164.0,BTI
2024-03-08 09:23:00,28.775,28.78,28.775,28.78,20.0,BTI
2024-03-08 09:22:00,28.775,28.78,28.775,28.78,96.0,BTI
2024-03-08 09:21:00,28.755,28.78,28.755,28.775,2.0,BTI
2024-03-08 09:20:00,28.775,28.78,28.775,28.78,145.0,BTI
2024-03-08 09:19:00,28.775,28.78,28.775,28.78,47.0,BTI
2024-03-08 09:18:00,28.765,28.77,28.765,28.77,31.0,BTI
2024-03-08 09:17:00,28.755,28.761,28.755,28.76,4.0,BTI
2024-03-08 09:16:00,28.765,28.77,28.765,28.77,25.0,BTI
2024-03-08 09:15:00,28.794,28.799,28.775,28.78,47.0,BTI
2024-03-08 09:14:00,28.794,28.8,28.794,28.8,884.0,BTI
2024-03-08 09:13:00,28.804,28.81,28.794,28.8,1670.0,BTI
2024-03-08 09:12:00,28.794,28.81,28.794,28.804,4.0,BTI
2024-03-08 09:11:00,28.804,28.81,28.804,28.809,339.0,BTI
2024-03-08 09:10:00,28.804,28.81,28.804,28.809,1.0,BTI
2024-03-08 09:09:00,28.804,28.81,28.804,28.809,48.0,BTI
2024-03-08 09:07:00,28.804,28.819,28.804,28.819,3060.0,BTI
2024-03-08 09:06:00,28.824,28.829,28.804,28.809,1947.0,BTI
2024-03-08 09:05:00,28.814,28.829,28.814,28.829,2595.0,BTI
2024-03-08 09:04:00,28.804,28.819,28.804,28.819,330.0,BTI
2024-03-08 09:03:00,28.794,28.8,28.794,28.8,201.0,BTI
2024-03-08 09:02:00,28.785,28.81,28.785,28.809,4068.0,BTI
2024-03-08 09:01:00,28.765,28.77,28.765,28.77,1.0,BTI
2024-03-08 09:00:00,28.765,28.77,28.765,28.77,40.0,BTI
2024-03-08 08:59:00,28.765,28.77,28.765,28.77,70.0,BTI
2024-03-08 08:57:00,28.775,28.78,28.775,28.78,288.0,BTI
2024-03-08 08:55:00,28.765,28.77,28.765,28.77,216.0,BTI
2024-03-08 08:54:00,28.794,28.8,28.794,28.8,448.0,BTI
2024-03-08 08:49:00,28.814,28.819,28.814,28.819,121.0,BTI
2024-03-08 08:48:00,28.824,28.839,28.824,28.829,75.0,BTI
2024-03-08 08:46:00,28.814,28.819,28.814,28.819,14.0,BTI
2024-03-08 08:45:00,28.814,28.819,28.814,28.819,9.0,BTI
2024-03-08 08:44:00,28.824,28.829,28.824,28.829,487.0,BTI
2024-03-08 08:43:00,28.814,28.829,28.814,28.829,1370.0,BTI
2024-03-08 08:42:00,28.804,28.81,28.804,28.809,1004.0,BTI
2024-03-08 08:41:00,28.804,28.81,28.804,28.809,1607.0,BTI
2024-03-08 08:40:00,28.794,28.81,28.794,28.809,817.0,BTI
2024-03-08 08:39:00,28.804,28.81,28.804,28.809,477.0,BTI
2024-03-08 08:38:00,28.794,28.81,28.794,28.8,3164.0,BTI
2024-03-08 08:36:00,28.794,28.8,28.794,28.8,1.0,BTI
2024-03-08 08:35:00,28.775,28.78,28.775,28.78,7.0,BTI
2024-03-08 08:34:00,28.775,28.78,28.775,28.78,968.0,BTI
2024-03-08 08:32:00,28.785,28.79,28.785,28.79,18.0,BTI
2024-03-08 08:31:00,28.765,28.8,28.765,28.8,1268.0,BTI
2024-03-08 08:30:00,28.706,28.712,28.697,28.702,3725.0,BTI
2024-03-08 08:29:00,28.746,28.751,28.746,28.751,60.0,BTI
2024-03-08 08:28:00,28.746,28.751,28.746,28.751,65.0,BTI
2024-03-08 08:27:00,28.736,28.741,28.736,28.741,1.0,BTI
2024-03-08 08:26:00,28.736,28.741,28.736,28.741,38.0,BTI
2024-03-08 08:21:00,28.706,28.712,28.706,28.712,2421.0,BTI
2024-03-08 08:20:00,28.706,28.712,28.706,28.712,96.0,BTI
2024-03-08 08:19:00,28.706,28.712,28.706,28.712,9.0,BTI
2024-03-08 08:15:00,28.706,28.712,28.706,28.712,9.0,BTI
2024-03-08 08:14:00,28.706,28.712,28.706,28.712,4.0,BTI
2024-03-08 08:12:00,28.706,28.712,28.706,28.712,4.0,BTI
2024-03-08 08:11:00,28.697,28.712,28.697,28.702,280.0,BTI
2024-03-08 08:09:00,28.706,28.712,28.702,28.707,1.0,BTI
2024-03-08 08:08:00,28.716,28.722,28.706,28.712,33.0,BTI
2024-03-08 08:07:00,29.282,29.483,28.716,28.721,117.0,BTI
2024-03-08 08:06:00,28.872,28.878,28.716,28.721,189.0,BTI
2024-03-08 08:05:00,29.546,29.639,28.716,28.809,36.0,BTI
2024-03-08 08:04:00,29.195,29.288,28.765,28.77,129.0,BTI
2024-03-08 08:03:00,29.634,29.639,28.765,28.878,605.0,BTI
2024-03-08 08:02:00,28.824,28.829,28.824,28.829,1.0,BTI
2024-03-08 08:01:00,28.697,28.702,28.667,28.692,4.0,BTI
2024-03-08 08:00:00,28.726,28.829,28.658,28.829,6374.0,BTI
2024-03-08 07:56:00,28.697,28.702,28.697,28.702,1.0,BTI
2024-03-08 07:48:00,28.697,28.702,28.697,28.702,33.0,BTI
2024-03-08 07:42:00,28.706,28.712,28.706,28.712,14.0,BTI
2024-03-08 07:40:00,28.697,28.702,28.697,28.702,0.0,BTI
2024-03-08 07:35:00,28.706,28.712,28.697,28.702,373.0,BTI
2024-03-08 07:34:00,28.697,28.702,28.697,28.702,401.0,BTI
2024-03-08 07:31:00,28.697,28.702,28.697,28.702,6.0,BTI
2024-03-08 07:28:00,28.687,28.692,28.687,28.692,1.0,BTI
2024-03-08 07:16:00,28.667,28.673,28.667,28.673,57.0,BTI
2024-03-08 07:15:00,28.687,28.692,28.677,28.682,492.0,BTI
2024-03-08 07:12:00,28.697,28.702,28.697,28.702,146.0,BTI
2024-03-08 07:11:00,28.697,28.712,28.697,28.712,3481.0,BTI
2024-03-08 07:10:00,28.697,28.702,28.697,28.702,21.0,BTI
2024-03-08 07:09:00,28.706,28.712,28.706,28.712,19.0,BTI
2024-03-08 07:06:00,28.706,28.712,28.706,28.712,0.0,BTI
2024-03-08 07:04:00,28.706,28.712,28.706,28.712,0.0,BTI
2024-03-08 07:03:00,28.716,28.722,28.716,28.721,14.0,BTI
2024-03-08 07:02:00,28.716,28.722,28.716,28.721,296.0,BTI
2024-03-08 07:01:00,28.726,28.731,28.726,28.731,1.0,BTI
2024-03-08 07:00:00,28.726,28.731,28.726,28.731,734.0,BTI
2024-03-08 06:58:00,28.726,28.731,28.726,28.731,92.0,BTI
2024-03-08 06:57:00,28.726,28.741,28.726,28.741,159.0,BTI
2024-03-08 06:54:00,28.736,28.741,28.736,28.741,4.0,BTI
2024-03-08 06:53:00,28.726,28.731,28.726,28.731,387.0,BTI
2024-03-08 06:48:00,28.746,28.751,28.736,28.741,387.0,BTI
2024-03-08 06:47:00,28.736,28.741,28.736,28.741,387.0,BTI
2024-03-08 06:43:00,28.746,28.751,28.746,28.751,193.0,BTI
2024-03-08 06:42:00,28.736,28.741,28.736,28.741,0.0,BTI
2024-03-08 06:38:00,28.736,28.741,28.736,28.741,389.0,BTI
2024-03-08 06:35:00,28.746,28.751,28.746,28.751,1.0,BTI
2024-03-08 06:34:00,28.765,28.77,28.765,28.77,392.0,BTI
2024-03-08 06:31:00,28.775,28.78,28.775,28.78,53.0,BTI
2024-03-08 06:28:00,28.785,28.79,28.785,28.79,1.0,BTI
2024-03-08 06:25:00,28.785,28.79,28.785,28.79,774.0,BTI
2024-03-08 06:13:00,28.765,28.77,28.765,28.77,3.0,BTI
2024-03-08 06:11:00,28.746,28.751,28.746,28.751,2.0,BTI
2024-03-08 06:01:00,28.736,28.741,28.736,28.741,0.0,BTI
2024-03-08 05:50:00,28.716,28.722,28.716,28.721,9.0,BTI
2024-03-08 05:48:00,28.746,28.751,28.736,28.741,488.0,BTI
2024-03-08 05:47:00,28.765,28.78,28.755,28.76,1183.0,BTI
2024-03-08 05:45:00,28.765,28.77,28.765,28.77,193.0,BTI
2024-03-08 05:44:00,28.765,28.77,28.765,28.77,167.0,BTI
2024-03-08 05:41:00,28.765,28.77,28.765,28.77,0.0,BTI
2024-03-08 05:38:00,28.765,28.77,28.765,28.77,1.0,BTI
2024-03-08 05:37:00,28.765,28.77,28.765,28.77,390.0,BTI
2024-03-08 05:35:00,28.765,28.77,28.765,28.77,0.0,BTI
2024-03-08 05:33:00,28.785,28.79,28.785,28.79,0.0,BTI
2024-03-08 05:31:00,28.794,28.8,28.785,28.79,761.0,BTI
2024-03-08 05:26:00,28.804,28.81,28.804,28.809,9.0,BTI
2024-03-08 05:25:00,28.804,28.81,28.794,28.8,203.0,BTI
2024-03-08 05:21:00,28.814,28.819,28.814,28.819,14.0,BTI
2024-03-08 05:19:00,28.804,28.81,28.804,28.809,19.0,BTI
2024-03-08 05:09:00,28.824,28.829,28.824,28.829,5.0,BTI
2024-03-08 05:07:00,28.804,28.81,28.804,28.809,0.0,BTI
2024-03-08 05:03:00,28.785,28.79,28.785,28.79,2.0,BTI
2024-03-08 04:57:00,28.775,28.78,28.775,28.78,1.0,BTI
2024-03-08 04:56:00,28.794,28.8,28.794,28.8,4.0,BTI
2024-03-08 04:52:00,28.794,28.8,28.794,28.8,0.0,BTI
2024-03-08 04:51:00,28.804,28.81,28.804,28.809,193.0,BTI
2024-03-08 04:47:00,28.814,28.819,28.814,28.819,107.0,BTI
2024-03-08 04:40:00,28.794,28.8,28.794,28.8,116.0,BTI
2024-03-08 04:39:00,28.804,28.81,28.804,28.809,14.0,BTI
2024-03-08 04:38:00,28.804,28.81,28.804,28.809,63.0,BTI
2024-03-08 04:37:00,28.804,28.81,28.804,28.809,19.0,BTI
2024-03-08 04:34:00,28.804,28.81,28.804,28.809,150.0,BTI
2024-03-08 04:32:00,28.804,28.81,28.804,28.809,31.0,BTI
2024-03-08 04:31:00,28.814,28.819,28.814,28.819,3.0,BTI
2024-03-08 04:28:00,28.794,28.8,28.794,28.8,9.0,BTI
2024-03-08 04:27:00,28.785,28.79,28.785,28.79,7.0,BTI
2024-03-08 04:25:00,28.785,28.79,28.785,28.79,52.0,BTI
2024-03-08 04:23:00,28.794,28.8,28.794,28.8,6.0,BTI
2024-03-08 04:22:00,28.794,28.8,28.794,28.8,387.0,BTI
2024-03-08 04:17:00,28.785,28.79,28.785,28.79,33.0,BTI
2024-03-08 04:15:00,28.794,28.8,28.794,28.8,0.0,BTI
2024-03-08 04:04:00,28.775,28.78,28.775,28.78,31.0,BTI
2024-03-08 04:03:00,28.775,28.78,28.775,28.78,9.0,BTI
2024-03-08 04:02:00,28.765,28.77,28.765,28.77,4.0,BTI
2024-03-08 04:01:00,28.765,28.77,28.765,28.77,125.0,BTI
2024-03-08 04:00:00,28.863,28.868,28.765,28.78,198.0,BTI
