date,1. open,2. high,3. low,4. close,5. volume,Ticker
2025-01-27 19:03:00,36.32,36.32,36.32,36.32,1.0,BTO
2025-01-27 19:00:00,37.2,37.2,37.2,37.2,802.0,BTO
2025-01-27 18:59:00,35.582,35.582,35.582,35.582,230.0,BTO
2025-01-27 18:30:00,37.2,37.2,37.2,37.2,802.0,BTO
2025-01-27 16:10:00,37.2,37.2,37.2,37.2,802.0,BTO
2025-01-27 16:00:00,37.13,37.2,37.13,37.2,1706.0,BTO
2025-01-27 15:59:00,37.2,37.2,37.2,37.2,823.0,BTO
2025-01-27 15:58:00,37.1053,37.1053,37.1053,37.1053,312.0,BTO
2025-01-27 15:57:00,37.2,37.2,37.2,37.2,109.0,BTO
2025-01-27 15:53:00,37.2,37.21,37.1,37.2,1969.0,BTO
2025-01-27 15:52:00,37.2,37.2,37.2,37.2,232.0,BTO
2025-01-27 15:40:00,37.135,37.27,37.135,37.26,1120.0,BTO
2025-01-27 15:38:00,37.0001,37.0001,37.0001,37.0001,187.0,BTO
2025-01-27 15:37:00,37.05,37.135,37.05,37.135,304.0,BTO
2025-01-27 15:32:00,37.1334,37.1334,37.1334,37.1334,100.0,BTO
2025-01-27 15:30:00,37.25,37.25,37.25,37.25,190.0,BTO
2025-01-27 15:18:00,37.135,37.135,37.135,37.135,124.0,BTO
2025-01-27 15:17:00,37.04,37.04,37.04,37.04,100.0,BTO
2025-01-27 14:59:00,37.13,37.14,37.13,37.14,372.0,BTO
2025-01-27 14:57:00,37.219,37.219,37.12,37.12,250.0,BTO
2025-01-27 14:55:00,37.1263,37.1263,37.1263,37.1263,200.0,BTO
2025-01-27 14:54:00,37.13,37.13,37.12,37.12,996.0,BTO
2025-01-27 14:52:00,37.14,37.14,37.13,37.13,1775.0,BTO
2025-01-27 14:49:00,37.19,37.19,37.14,37.14,1792.0,BTO
2025-01-27 14:42:00,37.19,37.19,37.19,37.19,100.0,BTO
2025-01-27 14:28:00,37.2724,37.2724,37.2724,37.2724,268.0,BTO
2025-01-27 14:27:00,37.1801,37.1801,37.1801,37.1801,915.0,BTO
2025-01-27 14:26:00,37.14,37.1802,37.12,37.1802,1735.0,BTO
2025-01-27 14:20:00,37.1342,37.1342,37.1342,37.1342,550.0,BTO
2025-01-27 14:19:00,37.15,37.15,37.15,37.15,421.0,BTO
2025-01-27 14:11:00,37.17,37.17,37.12,37.15,583.0,BTO
2025-01-27 14:10:00,37.19,37.19,37.18,37.18,336.0,BTO
2025-01-27 14:07:00,37.19,37.19,37.17,37.17,600.0,BTO
2025-01-27 14:06:00,37.15,37.15,37.15,37.15,260.0,BTO
2025-01-27 14:02:00,37.1896,37.1896,37.17,37.17,301.0,BTO
2025-01-27 14:01:00,37.16,37.19,37.16,37.16,1193.0,BTO
2025-01-27 13:56:00,37.19,37.19,37.19,37.19,100.0,BTO
2025-01-27 13:48:00,37.175,37.175,37.175,37.175,242.0,BTO
2025-01-27 13:47:00,37.1377,37.1377,37.1377,37.1377,331.0,BTO
2025-01-27 13:36:00,37.15,37.15,37.15,37.15,100.0,BTO
2025-01-27 13:11:00,37.13,37.13,37.13,37.13,100.0,BTO
2025-01-27 13:08:00,37.2355,37.2355,37.2355,37.2355,100.0,BTO
2025-01-27 12:54:00,37.18,37.18,37.18,37.18,148.0,BTO
2025-01-27 12:53:00,37.21,37.21,37.2,37.2,396.0,BTO
2025-01-27 12:51:00,37.28,37.28,37.28,37.28,100.0,BTO
2025-01-27 12:40:00,37.2136,37.2136,37.2136,37.2136,672.0,BTO
2025-01-27 12:29:00,37.22,37.22,37.22,37.22,355.0,BTO
2025-01-27 12:22:00,37.29,37.29,37.29,37.29,769.0,BTO
2025-01-27 12:21:00,37.26,37.26,37.26,37.26,155.0,BTO
2025-01-27 12:01:00,37.22,37.22,37.22,37.22,321.0,BTO
2025-01-27 12:00:00,37.22,37.22,37.22,37.22,609.0,BTO
2025-01-27 11:58:00,37.19,37.205,37.19,37.19,300.0,BTO
2025-01-27 11:52:00,37.2,37.2002,37.18,37.2002,458.0,BTO
2025-01-27 11:40:00,37.1867,37.1867,37.1867,37.1867,530.0,BTO
2025-01-27 11:38:00,37.18,37.18,37.18,37.18,300.0,BTO
2025-01-27 11:34:00,37.17,37.17,37.17,37.17,100.0,BTO
2025-01-27 11:29:00,37.17,37.17,37.17,37.17,100.0,BTO
2025-01-27 11:25:00,37.17,37.18,37.17,37.18,409.0,BTO
2025-01-27 11:19:00,37.18,37.18,37.18,37.18,200.0,BTO
2025-01-27 11:16:00,37.13,37.21,37.13,37.21,1266.0,BTO
2025-01-27 11:05:00,37.12,37.12,37.12,37.12,300.0,BTO
2025-01-27 10:54:00,37.11,37.11,37.1,37.1,735.0,BTO
2025-01-27 10:52:00,37.1103,37.1103,37.1103,37.1103,2002.0,BTO
2025-01-27 10:49:00,37.1,37.1,37.1,37.1,150.0,BTO
2025-01-27 10:16:00,37.2,37.21,37.2,37.2,603.0,BTO
2025-01-27 10:15:00,37.2,37.24,37.2,37.24,560.0,BTO
2025-01-27 10:04:00,37.1,37.1,37.1,37.1,460.0,BTO
2025-01-27 10:01:00,36.935,36.935,36.8862,36.8862,1018.0,BTO
2025-01-27 09:57:00,36.8014,36.8014,36.8014,36.8014,250.0,BTO
2025-01-27 09:55:00,36.9773,36.9773,36.9773,36.9773,200.0,BTO
2025-01-27 09:45:00,37.1,37.1,37.1,37.1,368.0,BTO
2025-01-27 09:43:00,37.2,37.2,37.2,37.2,410.0,BTO
2025-01-27 09:39:00,36.9743,36.99,36.9743,36.99,2218.0,BTO
2025-01-27 09:35:00,36.7915,36.7915,36.7915,36.7915,502.0,BTO
2025-01-27 09:32:00,37.4,37.4,37.4,37.4,164.0,BTO
2025-01-27 09:30:00,36.94,36.94,36.94,36.94,1125.0,BTO
2025-01-27 08:02:00,36.94,36.94,36.94,36.94,1.0,BTO
2025-01-27 07:06:00,37.64,37.64,37.64,37.64,1.0,BTO
2025-01-27 05:34:00,37.65,38.0,37.65,38.0,2.0,BTO
2025-01-27 04:59:00,37.42,37.42,37.42,37.42,1.0,BTO
2025-01-24 19:00:00,36.94,36.94,36.94,36.94,423.0,BTO
2025-01-24 18:30:00,36.94,36.94,36.94,36.94,423.0,BTO
2025-01-24 16:10:00,36.94,36.94,36.94,36.94,423.0,BTO
2025-01-24 16:00:00,36.97,37.03,36.94,36.94,1099.0,BTO
2025-01-24 15:59:00,37.02,37.03,36.94,37.03,750.0,BTO
2025-01-24 15:43:00,36.8936,36.8936,36.8936,36.8936,702.0,BTO
2025-01-24 15:42:00,36.97,36.97,36.9699,36.9699,1477.0,BTO
2025-01-24 15:41:00,36.91,36.97,36.91,36.97,959.0,BTO
2025-01-24 15:33:00,36.9126,36.9126,36.9126,36.9126,136.0,BTO
2025-01-24 15:31:00,36.8871,36.8871,36.8871,36.8871,519.0,BTO
2025-01-24 15:05:00,36.99,37.0,36.99,36.9999,819.0,BTO
2025-01-24 14:47:00,36.9996,36.9996,36.9996,36.9996,580.0,BTO
2025-01-24 14:45:00,36.925,36.925,36.925,36.925,715.0,BTO
2025-01-24 14:39:00,36.925,36.925,36.925,36.925,103.0,BTO
2025-01-24 14:33:00,37.0087,37.0087,37.0087,37.0087,105.0,BTO
2025-01-24 14:29:00,37.0291,37.0291,37.0291,37.0291,1500.0,BTO
2025-01-24 14:28:00,36.9481,36.9481,36.9481,36.9481,200.0,BTO
2025-01-24 14:24:00,36.974,36.974,36.974,36.974,200.0,BTO
2025-01-24 14:16:00,37.05,37.05,37.05,37.05,135.0,BTO
2025-01-24 13:56:00,37.06,37.06,37.06,37.06,120.0,BTO
2025-01-24 13:50:00,37.06,37.06,37.06,37.06,325.0,BTO
2025-01-24 13:47:00,36.8721,36.8721,36.8721,36.8721,1425.0,BTO
2025-01-24 13:42:00,36.975,36.975,36.975,36.975,180.0,BTO
2025-01-24 13:37:00,36.9645,36.9645,36.9645,36.9645,127.0,BTO
2025-01-24 13:30:00,37.0161,37.0161,37.0161,37.0161,700.0,BTO
2025-01-24 13:17:00,37.0614,37.0614,37.0614,37.0614,401.0,BTO
2025-01-24 13:01:00,37.11,37.11,37.11,37.11,327.0,BTO
2025-01-24 12:59:00,37.11,37.11,37.11,37.11,185.0,BTO
2025-01-24 12:55:00,37.07,37.07,37.07,37.07,231.0,BTO
2025-01-24 12:54:00,37.12,37.12,37.12,37.12,113.0,BTO
2025-01-24 12:48:00,37.08,37.08,37.08,37.08,200.0,BTO
2025-01-24 12:45:00,37.0707,37.0707,37.0707,37.0707,150.0,BTO
2025-01-24 12:41:00,37.15,37.15,37.14,37.1492,918.0,BTO
2025-01-24 12:39:00,37.09,37.11,37.09,37.11,334.0,BTO
2025-01-24 12:33:00,37.07,37.07,37.07,37.07,100.0,BTO
2025-01-24 12:12:00,36.98,36.98,36.98,36.98,100.0,BTO
2025-01-24 12:09:00,36.8865,36.8865,36.8865,36.8865,200.0,BTO
2025-01-24 12:04:00,36.87,36.87,36.87,36.87,135.0,BTO
2025-01-24 11:39:00,37.125,37.125,37.125,37.125,100.0,BTO
2025-01-24 11:36:00,37.15,37.15,37.15,37.15,100.0,BTO
2025-01-24 11:34:00,37.13,37.13,37.13,37.13,100.0,BTO
2025-01-24 11:32:00,36.8701,37.015,36.8701,37.015,600.0,BTO
2025-01-24 11:28:00,37.15,37.15,37.15,37.15,100.0,BTO
2025-01-24 11:22:00,37.15,37.15,37.15,37.15,100.0,BTO
2025-01-24 11:18:00,37.02,37.02,37.02,37.02,701.0,BTO
2025-01-24 11:12:00,36.9264,37.03,36.9264,37.03,700.0,BTO
2025-01-24 10:53:00,37.2,37.2,37.2,37.2,141.0,BTO
2025-01-24 10:41:00,37.23,37.23,37.23,37.23,200.0,BTO
2025-01-24 10:37:00,37.1243,37.1243,37.1243,37.1243,150.0,BTO
2025-01-24 10:30:00,37.25,37.25,37.25,37.25,379.0,BTO
2025-01-24 10:27:00,37.3099,37.3099,37.3099,37.3099,267.0,BTO
2025-01-24 10:25:00,37.3099,37.3099,37.3099,37.3099,119.0,BTO
2025-01-24 10:20:00,37.3099,37.3099,37.3099,37.3099,153.0,BTO
2025-01-24 10:19:00,37.26,37.27,37.26,37.27,792.0,BTO
2025-01-24 10:18:00,37.2699,37.2699,37.2699,37.2699,306.0,BTO
2025-01-24 10:16:00,37.2699,37.2699,37.2699,37.2699,241.0,BTO
2025-01-24 10:13:00,37.25,37.25,37.25,37.25,102.0,BTO
2025-01-24 10:12:00,37.2799,37.2799,37.2799,37.2799,121.0,BTO
2025-01-24 10:08:00,37.2799,37.2799,37.2799,37.2799,117.0,BTO
2025-01-24 10:03:00,36.8701,36.8701,36.8701,36.8701,630.0,BTO
2025-01-24 09:59:00,37.1818,37.1818,37.1818,37.1818,225.0,BTO
2025-01-24 09:58:00,37.39,37.4,37.33,37.4,985.0,BTO
2025-01-24 09:53:00,36.8701,36.8701,36.8701,36.8701,394.0,BTO
2025-01-24 09:46:00,37.02,37.02,37.02,37.02,774.0,BTO
2025-01-24 09:42:00,37.135,37.135,37.135,37.135,286.0,BTO
2025-01-24 09:41:00,37.25,37.25,37.25,37.25,233.0,BTO
2025-01-24 09:34:00,37.3375,37.3375,37.175,37.175,793.0,BTO
2025-01-24 09:30:00,36.88,36.88,36.84,36.84,3468.0,BTO
2025-01-24 08:02:00,36.88,36.88,36.88,36.88,1.0,BTO
2025-01-24 07:00:00,36.41,36.41,36.41,36.41,1.0,BTO
2025-01-24 05:15:00,36.28,36.28,36.28,36.28,1.0,BTO
2025-01-24 04:36:00,37.5,37.5,37.5,37.5,1.0,BTO
2025-01-24 04:35:00,36.28,36.28,36.28,36.28,2.0,BTO
2025-01-24 04:34:00,37.4,37.4,35.79,35.79,2.0,BTO
2025-01-23 19:00:00,36.88,36.88,36.88,36.88,359.0,BTO
2025-01-23 18:30:00,36.88,36.88,36.88,36.88,359.0,BTO
2025-01-23 16:10:00,36.88,36.88,36.88,36.88,359.0,BTO
2025-01-23 16:00:00,36.85,36.88,36.85,36.88,954.0,BTO
2025-01-23 15:59:00,36.88,36.88,36.85,36.85,670.0,BTO
2025-01-23 15:58:00,36.8513,36.8513,36.8513,36.8513,105.0,BTO
2025-01-23 15:56:00,36.89,36.89,36.89,36.89,565.0,BTO
2025-01-23 15:52:00,36.8544,36.87,36.8544,36.87,284.0,BTO
2025-01-23 15:51:00,36.89,36.89,36.89,36.89,404.0,BTO
2025-01-23 15:50:00,36.965,36.965,36.965,36.965,413.0,BTO
2025-01-23 15:49:00,37.05,37.05,36.9665,36.9665,500.0,BTO
2025-01-23 15:46:00,36.89,36.9,36.89,36.9,200.0,BTO
2025-01-23 15:45:00,36.88,36.88,36.88,36.88,325.0,BTO
2025-01-23 15:42:00,36.8913,36.8913,36.8913,36.8913,525.0,BTO
2025-01-23 15:33:00,36.95,36.95,36.866,36.866,412.0,BTO
2025-01-23 15:31:00,36.86,36.86,36.86,36.86,214.0,BTO
2025-01-23 15:30:00,37.0,37.0,37.0,37.0,327.0,BTO
2025-01-23 15:21:00,37.01,37.01,37.01,37.01,217.0,BTO
2025-01-23 15:20:00,37.0109,37.0109,37.0109,37.0109,100.0,BTO
2025-01-23 15:16:00,37.075,37.075,37.075,37.075,1326.0,BTO
2025-01-23 15:15:00,37.0,37.0,37.0,37.0,200.0,BTO
2025-01-23 15:13:00,37.0951,37.0951,37.0951,37.0951,512.0,BTO
2025-01-23 15:09:00,37.0178,37.0178,37.0178,37.0178,167.0,BTO
2025-01-23 15:04:00,37.12,37.12,37.12,37.12,514.0,BTO
2025-01-23 15:03:00,37.125,37.125,37.12,37.12,254.0,BTO
2025-01-23 15:00:00,37.12,37.12,37.12,37.12,448.0,BTO
2025-01-23 14:55:00,37.132,37.132,37.132,37.132,1350.0,BTO
2025-01-23 14:49:00,37.1328,37.1328,37.1328,37.1328,160.0,BTO
2025-01-23 14:48:00,37.1,37.1,37.1,37.1,349.0,BTO
2025-01-23 14:34:00,37.09,37.09,37.09,37.09,240.0,BTO
2025-01-23 14:31:00,37.09,37.09,37.09,37.09,120.0,BTO
2025-01-23 14:28:00,37.1,37.1,37.1,37.1,200.0,BTO
2025-01-23 14:27:00,37.2,37.21,37.2,37.21,428.0,BTO
2025-01-23 14:16:00,37.2167,37.2167,37.2167,37.2167,1000.0,BTO
2025-01-23 14:09:00,37.0437,37.0437,37.0437,37.0437,111.0,BTO
2025-01-23 14:05:00,37.1,37.1,37.0,37.0,300.0,BTO
2025-01-23 13:57:00,37.2399,37.2399,37.2399,37.2399,260.0,BTO
2025-01-23 13:56:00,37.2399,37.2399,37.1,37.1,386.0,BTO
2025-01-23 13:48:00,37.0701,37.0701,37.0701,37.0701,1112.0,BTO
2025-01-23 13:47:00,37.2399,37.2399,37.2399,37.2399,265.0,BTO
2025-01-23 13:38:00,37.15,37.15,37.15,37.15,100.0,BTO
2025-01-23 13:34:00,37.235,37.34,37.235,37.34,352.0,BTO
2025-01-23 13:28:00,37.08,37.08,37.08,37.08,250.0,BTO
2025-01-23 13:27:00,37.2389,37.2389,37.2389,37.2389,1401.0,BTO
2025-01-23 13:19:00,37.215,37.215,37.215,37.215,200.0,BTO
2025-01-23 12:57:00,37.23,37.23,37.22,37.22,622.0,BTO
2025-01-23 12:54:00,37.2821,37.2821,37.2821,37.2821,300.0,BTO
2025-01-23 12:50:00,37.325,37.37,37.325,37.37,973.0,BTO
2025-01-23 12:44:00,37.355,37.355,37.355,37.355,182.0,BTO
2025-01-23 12:35:00,37.3638,37.3638,37.3638,37.3638,162.0,BTO
2025-01-23 12:31:00,37.27,37.27,37.27,37.27,101.0,BTO
2025-01-23 12:16:00,37.1,37.1,37.1,37.1,300.0,BTO
2025-01-23 12:05:00,37.265,37.265,37.265,37.265,200.0,BTO
2025-01-23 12:01:00,37.2705,37.2705,37.2705,37.2705,200.0,BTO
2025-01-23 11:34:00,37.0701,37.0701,37.0701,37.0701,161.0,BTO
2025-01-23 11:16:00,36.8501,36.8501,36.8501,36.8501,411.0,BTO
2025-01-23 11:11:00,36.85,36.85,36.85,36.85,1017.0,BTO
2025-01-23 11:05:00,37.4299,37.4299,37.4299,37.4299,192.0,BTO
2025-01-23 11:04:00,36.8501,36.8501,36.8501,36.8501,263.0,BTO
2025-01-23 11:02:00,36.8501,37.14,36.8501,37.14,379.0,BTO
2025-01-23 11:00:00,37.14,37.14,37.14,37.14,215.0,BTO
2025-01-23 10:42:00,37.1971,37.1971,37.1971,37.1971,144.0,BTO
2025-01-23 10:41:00,37.43,37.43,37.43,37.43,382.0,BTO
2025-01-23 10:30:00,37.14,37.14,37.14,37.14,105.0,BTO
2025-01-23 10:27:00,37.14,37.14,37.14,37.14,246.0,BTO
2025-01-23 10:08:00,37.14,37.14,37.14,37.14,100.0,BTO
2025-01-23 10:04:00,37.08,37.08,37.08,37.08,776.0,BTO
2025-01-23 10:03:00,37.14,37.14,37.14,37.14,390.0,BTO
2025-01-23 10:01:00,37.14,37.14,37.14,37.14,205.0,BTO
2025-01-23 09:59:00,37.32,37.32,37.32,37.32,532.0,BTO
2025-01-23 09:58:00,37.2155,37.2155,37.2155,37.2155,175.0,BTO
2025-01-23 09:50:00,37.14,37.14,37.14,37.14,291.0,BTO
2025-01-23 09:40:00,37.4399,37.4399,37.4399,37.4399,122.0,BTO
2025-01-23 09:30:00,37.21,37.21,37.21,37.21,3163.0,BTO
2025-01-23 04:37:00,37.45,37.45,36.44,36.44,2.0,BTO
2025-01-22 19:00:00,37.17,37.17,37.17,37.17,352.0,BTO
2025-01-22 18:30:00,37.17,37.17,37.17,37.17,352.0,BTO
2025-01-22 16:10:00,37.17,37.17,37.17,37.17,352.0,BTO
2025-01-22 16:00:00,37.145,37.17,37.145,37.17,835.0,BTO
2025-01-22 15:59:00,37.145,37.145,37.145,37.145,227.0,BTO
2025-01-22 15:54:00,37.0,37.0,37.0,37.0,100.0,BTO
2025-01-22 15:41:00,37.0,37.0,37.0,37.0,204.0,BTO
2025-01-22 15:34:00,37.2,37.2,37.2,37.2,111.0,BTO
2025-01-22 15:32:00,37.17,37.17,37.17,37.17,244.0,BTO
2025-01-22 15:27:00,37.0912,37.0912,37.0912,37.0912,537.0,BTO
2025-01-22 15:16:00,37.015,37.06,37.015,37.06,222.0,BTO
2025-01-22 14:59:00,37.0,37.0,37.0,37.0,675.0,BTO
2025-01-22 14:56:00,37.08,37.08,37.08,37.08,769.0,BTO
2025-01-22 14:54:00,37.23,37.23,37.23,37.23,1379.0,BTO
2025-01-22 14:51:00,37.0485,37.0485,37.046,37.046,1834.0,BTO
2025-01-22 14:46:00,37.0201,37.0201,37.0201,37.0201,365.0,BTO
2025-01-22 14:44:00,37.36,37.36,37.36,37.36,3688.0,BTO
2025-01-22 14:43:00,37.2,37.2,37.2,37.2,373.0,BTO
2025-01-22 14:30:00,37.19,37.19,37.19,37.19,502.0,BTO
2025-01-22 14:28:00,37.1028,37.1028,36.9801,36.9801,340.0,BTO
2025-01-22 14:26:00,36.9842,36.9842,36.9842,36.9842,2940.0,BTO
2025-01-22 14:24:00,37.4,37.4,37.4,37.4,350.0,BTO
2025-01-22 14:19:00,37.19,37.19,37.19,37.19,268.0,BTO
2025-01-22 14:16:00,37.0173,37.0173,37.0173,37.0173,1262.0,BTO
2025-01-22 14:14:00,37.19,37.19,37.19,37.19,835.0,BTO
2025-01-22 14:07:00,37.19,37.19,37.19,37.19,718.0,BTO
2025-01-22 13:43:00,37.15,37.15,37.14,37.14,1025.0,BTO
2025-01-22 13:38:00,37.12,37.15,37.12,37.15,688.0,BTO
2025-01-22 13:32:00,36.97,37.1499,36.97,37.1499,636.0,BTO
2025-01-22 13:29:00,37.1499,37.1499,37.1499,37.1499,254.0,BTO
2025-01-22 13:16:00,37.018,37.018,37.015,37.015,882.0,BTO
2025-01-22 13:12:00,37.0492,37.0492,37.0492,37.0492,200.0,BTO
2025-01-22 13:01:00,36.9715,37.0,36.9715,37.0,2100.0,BTO
2025-01-22 12:43:00,37.015,37.015,37.015,37.015,129.0,BTO
2025-01-22 12:24:00,36.9264,36.9264,36.9264,36.9264,680.0,BTO
2025-01-22 12:22:00,37.015,37.015,36.9044,36.9044,918.0,BTO
2025-01-22 12:19:00,36.96,37.147,36.96,37.147,1730.0,BTO
2025-01-22 12:16:00,36.9343,37.015,36.9343,37.015,793.0,BTO
2025-01-22 12:13:00,37.18,37.18,36.8938,36.8938,917.0,BTO
2025-01-22 12:12:00,36.88,36.88,36.88,36.88,565.0,BTO
2025-01-22 12:07:00,37.015,37.015,37.015,37.015,1040.0,BTO
2025-01-22 12:03:00,37.15,37.18,37.15,37.18,627.0,BTO
2025-01-22 12:01:00,37.15,37.15,37.15,37.15,250.0,BTO
2025-01-22 11:47:00,37.015,37.015,37.015,37.015,1802.0,BTO
2025-01-22 11:45:00,37.057,37.057,37.057,37.057,200.0,BTO
2025-01-22 11:43:00,37.17,37.17,37.17,37.17,260.0,BTO
2025-01-22 11:42:00,37.04,37.04,37.04,37.04,671.0,BTO
2025-01-22 11:36:00,36.99,37.09,36.99,37.02,1731.0,BTO
2025-01-22 11:25:00,36.9993,36.9993,36.9993,36.9993,242.0,BTO
2025-01-22 11:09:00,37.0,37.0,37.0,37.0,390.0,BTO
2025-01-22 11:05:00,36.8613,36.8613,36.85,36.85,705.0,BTO
2025-01-22 10:47:00,37.0844,37.0844,37.0844,37.0844,324.0,BTO
2025-01-22 10:45:00,37.1184,37.1184,37.1184,37.1184,849.0,BTO
2025-01-22 10:43:00,37.17,37.17,37.17,37.17,500.0,BTO
2025-01-22 10:42:00,37.1,37.1,37.1,37.1,633.0,BTO
2025-01-22 10:31:00,37.0266,37.0266,37.0266,37.0266,135.0,BTO
2025-01-22 10:24:00,37.29,37.29,37.29,37.29,500.0,BTO
2025-01-22 10:22:00,37.29,37.29,37.29,37.29,1000.0,BTO
2025-01-22 10:21:00,37.175,37.175,37.175,37.175,1000.0,BTO
2025-01-22 10:11:00,37.24,37.24,37.24,37.24,182.0,BTO
2025-01-22 10:10:00,37.24,37.25,37.24,37.25,408.0,BTO
2025-01-22 10:09:00,37.345,37.345,37.345,37.345,225.0,BTO
2025-01-22 10:00:00,37.33,37.33,37.33,37.33,224.0,BTO
2025-01-22 09:56:00,37.33,37.33,37.295,37.295,1126.0,BTO
2025-01-22 09:54:00,37.33,37.33,37.33,37.33,1069.0,BTO
2025-01-22 09:51:00,37.33,37.33,37.33,37.33,309.0,BTO
2025-01-22 09:49:00,37.395,37.395,37.395,37.395,565.0,BTO
2025-01-22 09:47:00,37.3303,37.3303,37.3303,37.3303,175.0,BTO
2025-01-22 09:45:00,37.4331,37.4331,37.4331,37.4331,351.0,BTO
2025-01-22 09:43:00,37.29,37.29,37.29,37.29,258.0,BTO
2025-01-22 09:42:00,37.22,37.22,37.22,37.22,1888.0,BTO
2025-01-22 09:40:00,37.4,37.4,37.4,37.4,1536.0,BTO
2025-01-22 09:30:00,37.37,37.37,37.37,37.37,2576.0,BTO
2025-01-21 19:00:00,37.12,37.12,37.12,37.12,187.0,BTO
2025-01-21 18:30:00,37.12,37.12,37.12,37.12,187.0,BTO
2025-01-21 16:10:00,37.12,37.12,37.12,37.12,187.0,BTO
2025-01-21 16:00:00,37.16,37.16,37.12,37.12,606.0,BTO
2025-01-21 15:59:00,37.0521,37.16,37.0521,37.16,4853.0,BTO
2025-01-21 15:46:00,37.1309,37.1309,37.1309,37.1309,135.0,BTO
2025-01-21 15:44:00,37.125,37.125,37.125,37.125,400.0,BTO
2025-01-21 15:41:00,37.19,37.19,37.19,37.19,201.0,BTO
2025-01-21 15:37:00,37.1269,37.1269,37.1269,37.1269,128.0,BTO
2025-01-21 15:36:00,37.0,37.0,37.0,37.0,108.0,BTO
2025-01-21 15:23:00,37.2,37.296,37.2,37.296,955.0,BTO
2025-01-21 15:22:00,37.15,37.19,37.1012,37.1012,1200.0,BTO
2025-01-21 15:11:00,37.16,37.16,37.16,37.16,131.0,BTO
2025-01-21 15:06:00,37.115,37.115,37.115,37.115,301.0,BTO
2025-01-21 15:02:00,37.115,37.115,37.115,37.115,200.0,BTO
2025-01-21 14:50:00,37.115,37.115,37.115,37.115,2839.0,BTO
2025-01-21 14:43:00,37.07,37.08,37.0182,37.0182,700.0,BTO
2025-01-21 14:42:00,37.0195,37.0195,37.0195,37.0195,135.0,BTO
2025-01-21 14:37:00,37.0448,37.0448,37.0448,37.0448,150.0,BTO
2025-01-21 14:35:00,37.025,37.025,37.025,37.025,110.0,BTO
2025-01-21 14:30:00,37.0779,37.0779,37.0779,37.0779,1600.0,BTO
2025-01-21 14:25:00,37.09,37.1,37.09,37.1,676.0,BTO
2025-01-21 14:11:00,37.02,37.02,37.02,37.02,800.0,BTO
2025-01-21 14:05:00,37.0405,37.0405,37.0405,37.0405,850.0,BTO
2025-01-21 14:02:00,36.9666,36.9666,36.9666,36.9666,100.0,BTO
2025-01-21 13:51:00,36.9641,36.9641,36.9641,36.9641,250.0,BTO
2025-01-21 13:50:00,36.95,36.95,36.95,36.95,260.0,BTO
2025-01-21 13:35:00,37.1099,37.1099,36.95,36.95,235.0,BTO
2025-01-21 13:33:00,37.1281,37.1281,37.1281,37.1281,135.0,BTO
2025-01-21 13:30:00,37.14,37.14,37.14,37.14,772.0,BTO
2025-01-21 13:29:00,37.0652,37.0652,37.0652,37.0652,103.0,BTO
2025-01-21 13:20:00,37.16,37.16,37.16,37.16,270.0,BTO
2025-01-21 13:07:00,36.95,36.95,36.95,36.95,1500.0,BTO
2025-01-21 13:06:00,37.1,37.1,37.0,37.0,1281.0,BTO
2025-01-21 13:01:00,37.175,37.175,37.175,37.175,140.0,BTO
2025-01-21 12:40:00,37.09,37.09,37.09,37.09,110.0,BTO
2025-01-21 12:39:00,37.025,37.025,37.025,37.025,100.0,BTO
2025-01-21 12:36:00,36.95,36.95,36.95,36.95,300.0,BTO
2025-01-21 12:34:00,37.0374,37.0374,37.0374,37.0374,100.0,BTO
2025-01-21 12:33:00,36.95,36.95,36.95,36.95,100.0,BTO
2025-01-21 12:22:00,37.13,37.13,37.13,37.13,210.0,BTO
2025-01-21 12:16:00,37.2,37.2,37.09,37.09,1998.0,BTO
2025-01-21 12:06:00,37.21,37.21,37.114,37.114,466.0,BTO
2025-01-21 12:05:00,37.33,37.33,37.33,37.33,100.0,BTO
2025-01-21 11:51:00,37.09,37.09,37.09,37.09,306.0,BTO
2025-01-21 11:46:00,36.93,36.93,36.93,36.93,154.0,BTO
2025-01-21 11:40:00,36.7792,36.7792,36.7792,36.7792,1103.0,BTO
2025-01-21 11:38:00,37.1399,37.1399,37.1399,37.1399,1308.0,BTO
2025-01-21 11:36:00,37.17,37.17,37.17,37.17,211.0,BTO
2025-01-21 11:34:00,36.75,36.75,36.75,36.75,200.0,BTO
2025-01-21 11:31:00,37.115,37.17,37.115,37.17,261.0,BTO
2025-01-21 11:28:00,37.1335,37.1335,37.1335,37.1335,165.0,BTO
2025-01-21 11:24:00,37.2999,37.2999,37.2999,37.2999,353.0,BTO
2025-01-21 11:23:00,37.0,37.0,37.0,37.0,386.0,BTO
2025-01-21 11:18:00,37.13,37.155,37.13,37.155,745.0,BTO
2025-01-21 11:16:00,37.14,37.14,37.14,37.14,558.0,BTO
2025-01-21 11:14:00,37.15,37.195,37.13,37.1301,2800.0,BTO
2025-01-21 11:13:00,37.23,37.23,37.23,37.23,547.0,BTO
2025-01-21 11:10:00,37.14,37.1667,37.14,37.14,597.0,BTO
2025-01-21 11:09:00,37.27,37.27,37.27,37.27,427.0,BTO
2025-01-21 11:08:00,37.27,37.2921,37.27,37.2921,779.0,BTO
2025-01-21 11:04:00,37.265,37.33,37.265,37.33,1000.0,BTO
2025-01-21 11:01:00,37.3,37.3,37.3,37.3,150.0,BTO
2025-01-21 10:59:00,37.33,37.33,37.33,37.33,173.0,BTO
2025-01-21 10:53:00,37.45,37.45,37.45,37.45,240.0,BTO
2025-01-21 10:51:00,37.4899,37.4899,37.4899,37.4899,148.0,BTO
2025-01-21 10:40:00,37.3,37.3,37.3,37.3,100.0,BTO
2025-01-21 10:31:00,37.4899,37.4899,37.45,37.45,509.0,BTO
2025-01-21 10:28:00,37.0049,37.0049,37.0049,37.0049,765.0,BTO
2025-01-21 10:21:00,37.4851,37.4851,37.4851,37.4851,500.0,BTO
2025-01-21 10:12:00,37.245,37.245,37.245,37.245,300.0,BTO
2025-01-21 10:07:00,37.3472,37.3472,37.3472,37.3472,201.0,BTO
2025-01-21 10:00:00,37.27,37.27,37.27,37.27,184.0,BTO
2025-01-21 09:59:00,37.27,37.27,37.27,37.27,125.0,BTO
2025-01-21 09:56:00,37.25,37.25,37.25,37.25,424.0,BTO
2025-01-21 09:55:00,37.25,37.25,37.25,37.25,600.0,BTO
2025-01-21 09:52:00,37.0,37.0,37.0,37.0,200.0,BTO
2025-01-21 09:50:00,37.0777,37.0777,37.0777,37.0777,300.0,BTO
2025-01-21 09:48:00,37.1147,37.1147,37.1147,37.1147,1352.0,BTO
2025-01-21 09:36:00,36.7,36.7,36.7,36.7,101.0,BTO
2025-01-21 09:33:00,37.1,37.1,37.1,37.1,321.0,BTO
2025-01-21 09:32:00,36.984,37.1,36.984,37.1,1565.0,BTO
2025-01-21 09:30:00,36.98,36.98,36.98,36.98,2556.0,BTO
2025-01-21 09:21:00,38.0,38.0,38.0,38.0,2.0,BTO
2025-01-21 08:00:00,37.0,37.0,37.0,37.0,1000.0,BTO
2025-01-21 04:34:00,35.96,35.96,35.96,35.96,1.0,BTO
2025-01-17 19:00:00,36.68,36.68,36.68,36.68,437.0,BTO
2025-01-17 18:30:00,36.68,36.68,36.68,36.68,437.0,BTO
2025-01-17 16:10:00,36.68,36.68,36.68,36.68,437.0,BTO
2025-01-17 16:00:00,36.73,36.73,36.58,36.68,1008.0,BTO
2025-01-17 15:59:00,36.7375,36.7375,36.58,36.58,1293.0,BTO
2025-01-17 15:57:00,36.55,36.55,36.55,36.55,173.0,BTO
2025-01-17 15:51:00,36.7231,36.7231,36.7231,36.7231,1000.0,BTO
2025-01-17 15:49:00,36.84,36.84,36.84,36.84,182.0,BTO
2025-01-17 15:46:00,36.81,36.81,36.6501,36.6501,2714.0,BTO
2025-01-17 15:41:00,36.8368,36.865,36.8368,36.865,2633.0,BTO
2025-01-17 15:33:00,36.8853,36.8853,36.8853,36.8853,238.0,BTO
2025-01-17 15:13:00,36.86,36.86,36.86,36.86,150.0,BTO
2025-01-17 15:06:00,36.8776,36.8776,36.8776,36.8776,278.0,BTO
2025-01-17 14:55:00,36.875,36.875,36.875,36.875,150.0,BTO
2025-01-17 14:52:00,36.9163,36.9163,36.9163,36.9163,105.0,BTO
2025-01-17 14:51:00,36.8058,36.8058,36.8058,36.8058,566.0,BTO
2025-01-17 14:44:00,36.95,36.95,36.95,36.95,108.0,BTO
2025-01-17 14:36:00,36.9321,36.9321,36.865,36.865,801.0,BTO
2025-01-17 14:15:00,37.06,37.06,37.06,37.06,270.0,BTO
2025-01-17 13:47:00,36.92,36.92,36.92,36.92,1062.0,BTO
2025-01-17 13:46:00,36.92,36.92,36.92,36.92,167.0,BTO
2025-01-17 13:22:00,36.9894,36.9894,36.9894,36.9894,300.0,BTO
2025-01-17 13:19:00,36.93,36.93,36.93,36.93,150.0,BTO
2025-01-17 13:09:00,36.904,36.93,36.904,36.93,900.0,BTO
2025-01-17 12:54:00,37.2526,37.2526,37.2526,37.2526,400.0,BTO
2025-01-17 12:51:00,36.89,37.3,36.86,36.86,3172.0,BTO
2025-01-17 12:30:00,36.84,36.84,36.84,36.84,138.0,BTO
2025-01-17 12:19:00,36.8999,36.8999,36.8999,36.8999,176.0,BTO
2025-01-17 12:11:00,36.8404,36.8404,36.8404,36.8404,125.0,BTO
2025-01-17 12:10:00,36.7801,36.7801,36.7801,36.7801,300.0,BTO
2025-01-17 12:02:00,36.78,36.78,36.78,36.78,382.0,BTO
2025-01-17 12:00:00,36.701,36.701,36.701,36.701,609.0,BTO
2025-01-17 11:55:00,36.6804,36.6804,36.6804,36.6804,505.0,BTO
2025-01-17 11:53:00,36.6601,36.6601,36.6601,36.6601,101.0,BTO
2025-01-17 11:51:00,36.6775,36.6775,36.6775,36.6775,569.0,BTO
2025-01-17 11:47:00,36.72,36.72,36.72,36.72,295.0,BTO
2025-01-17 11:44:00,36.9,36.9,36.9,36.9,284.0,BTO
2025-01-17 11:43:00,36.7897,36.7897,36.7897,36.7897,150.0,BTO
2025-01-17 11:38:00,36.89,36.89,36.88,36.88,830.0,BTO
2025-01-17 11:37:00,36.775,36.775,36.775,36.775,395.0,BTO
2025-01-17 11:36:00,36.88,36.88,36.88,36.88,108.0,BTO
2025-01-17 11:06:00,36.7639,36.7639,36.7639,36.7639,183.0,BTO
2025-01-17 10:58:00,36.8735,36.8735,36.8735,36.8735,200.0,BTO
2025-01-17 10:49:00,36.68,36.68,36.68,36.68,154.0,BTO
2025-01-17 10:46:00,36.82,36.82,36.82,36.82,172.0,BTO
2025-01-17 10:28:00,36.875,36.875,36.875,36.875,356.0,BTO
2025-01-17 10:25:00,36.82,36.82,36.82,36.82,300.0,BTO
2025-01-17 10:24:00,36.81,36.82,36.81,36.82,555.0,BTO
2025-01-17 10:22:00,36.83,36.83,36.8,36.8,225.0,BTO
2025-01-17 10:21:00,36.8395,36.8395,36.8395,36.8395,369.0,BTO
2025-01-17 10:19:00,36.845,36.845,36.845,36.845,100.0,BTO
2025-01-17 10:13:00,36.92,36.92,36.92,36.92,1103.0,BTO
2025-01-17 10:08:00,36.81,36.81,36.81,36.81,305.0,BTO
2025-01-17 10:07:00,36.8025,36.8025,36.8025,36.8025,191.0,BTO
2025-01-17 10:00:00,36.7,36.7,36.7,36.7,310.0,BTO
2025-01-17 09:56:00,36.846,36.846,36.846,36.846,136.0,BTO
2025-01-17 09:39:00,36.93,36.93,36.93,36.93,520.0,BTO
2025-01-17 09:31:00,36.62,36.62,36.62,36.62,100.0,BTO
2025-01-17 09:30:00,36.63,36.63,36.63,36.63,1310.0,BTO
2025-01-17 08:02:00,36.43,36.43,36.43,36.43,1.0,BTO
2025-01-17 07:16:00,35.84,35.84,35.84,35.84,3.0,BTO
2025-01-17 04:28:00,35.81,35.81,35.81,35.81,3.0,BTO
2025-01-17 04:27:00,38.0,38.06,34.43,35.0,11.0,BTO
2025-01-16 19:00:00,36.43,36.43,36.43,36.43,589.0,BTO
2025-01-16 18:30:00,36.43,36.43,36.43,36.43,589.0,BTO
2025-01-16 16:10:00,36.43,36.43,36.43,36.43,589.0,BTO
2025-01-16 16:00:00,36.43,36.43,36.43,36.43,1290.0,BTO
2025-01-16 15:59:00,36.43,36.43,36.43,36.43,627.0,BTO
2025-01-16 15:58:00,36.43,36.43,36.43,36.43,134.0,BTO
2025-01-16 15:55:00,36.43,36.43,36.43,36.43,100.0,BTO
2025-01-16 15:51:00,36.43,36.43,36.43,36.43,337.0,BTO
2025-01-16 15:46:00,36.4158,36.4158,36.4158,36.4158,345.0,BTO
2025-01-16 15:40:00,36.43,36.43,36.43,36.43,975.0,BTO
2025-01-16 15:39:00,36.43,36.43,36.43,36.43,117.0,BTO
2025-01-16 15:16:00,36.4299,36.4299,36.4299,36.4299,100.0,BTO
2025-01-16 15:13:00,36.4,36.4,36.4,36.4,425.0,BTO
2025-01-16 15:10:00,36.4299,36.4299,36.4299,36.4299,314.0,BTO
2025-01-16 15:08:00,36.415,36.415,36.4021,36.4021,690.0,BTO
2025-01-16 15:04:00,36.43,36.43,36.4,36.4,480.0,BTO
2025-01-16 14:56:00,36.2575,36.2575,36.2575,36.2575,493.0,BTO
2025-01-16 14:54:00,36.4371,36.4371,36.38,36.38,1086.0,BTO
2025-01-16 14:53:00,36.4685,36.4685,36.4685,36.4685,500.0,BTO
2025-01-16 14:50:00,36.47,36.47,36.47,36.47,480.0,BTO
2025-01-16 14:47:00,36.44,36.44,36.43,36.43,240.0,BTO
2025-01-16 14:45:00,36.47,36.47,36.4699,36.4699,550.0,BTO
2025-01-16 14:43:00,36.485,36.485,36.485,36.485,518.0,BTO
2025-01-16 14:38:00,36.54,36.54,36.54,36.54,192.0,BTO
2025-01-16 14:37:00,36.4569,36.4569,36.4569,36.4569,453.0,BTO
2025-01-16 14:31:00,36.5402,36.5402,36.5402,36.5402,500.0,BTO
2025-01-16 14:21:00,36.445,36.49,36.445,36.49,844.0,BTO
2025-01-16 14:17:00,36.45,36.45,36.45,36.45,150.0,BTO
2025-01-16 14:00:00,36.44,36.44,36.44,36.44,288.0,BTO
2025-01-16 13:56:00,36.43,36.4586,36.43,36.4586,959.0,BTO
2025-01-16 13:54:00,36.43,36.43,36.43,36.43,257.0,BTO
2025-01-16 13:46:00,36.42,36.42,36.42,36.42,482.0,BTO
2025-01-16 13:40:00,36.469,36.469,36.469,36.469,169.0,BTO
2025-01-16 13:26:00,36.44,36.44,36.44,36.44,500.0,BTO
2025-01-16 13:18:00,36.4695,36.4695,36.4695,36.4695,281.0,BTO
2025-01-16 13:13:00,36.46,36.46,36.46,36.46,257.0,BTO
2025-01-16 12:53:00,36.48,36.48,36.48,36.48,400.0,BTO
2025-01-16 12:51:00,36.4,36.4,36.4,36.4,200.0,BTO
2025-01-16 12:48:00,36.4964,36.4964,36.4964,36.4964,100.0,BTO
2025-01-16 12:47:00,36.4289,36.43,36.4289,36.43,1361.0,BTO
2025-01-16 12:46:00,36.38,36.38,36.38,36.38,100.0,BTO
2025-01-16 12:44:00,36.4,36.4,36.4,36.4,148.0,BTO
2025-01-16 12:38:00,36.41,36.42,36.41,36.4199,1246.0,BTO
2025-01-16 12:35:00,36.4186,36.4186,36.4186,36.4186,500.0,BTO
2025-01-16 12:34:00,36.485,36.485,36.43,36.4301,1374.0,BTO
2025-01-16 12:18:00,36.43,36.43,36.43,36.43,150.0,BTO
2025-01-16 12:16:00,36.485,36.485,36.485,36.485,827.0,BTO
2025-01-16 12:10:00,36.43,36.43,36.43,36.43,142.0,BTO
2025-01-16 12:03:00,36.485,36.485,36.485,36.485,101.0,BTO
2025-01-16 12:01:00,36.4575,36.4575,36.4575,36.4575,366.0,BTO
2025-01-16 12:00:00,36.485,36.485,36.485,36.485,200.0,BTO
2025-01-16 11:45:00,36.38,36.38,36.38,36.38,239.0,BTO
2025-01-16 11:34:00,36.53,36.54,36.38,36.38,1914.0,BTO
2025-01-16 11:27:00,36.3328,36.3328,36.3328,36.3328,232.0,BTO
2025-01-16 11:26:00,36.54,36.54,36.54,36.54,421.0,BTO
2025-01-16 11:22:00,36.53,36.53,36.53,36.53,305.0,BTO
2025-01-16 11:17:00,36.5,36.5,36.46,36.46,631.0,BTO
2025-01-16 11:13:00,36.498,36.505,36.498,36.505,350.0,BTO
2025-01-16 11:03:00,36.4421,36.4421,36.4421,36.4421,565.0,BTO
2025-01-16 11:00:00,36.55,36.55,36.55,36.55,270.0,BTO
2025-01-16 10:59:00,36.54,36.54,36.33,36.33,2285.0,BTO
2025-01-16 10:50:00,36.43,36.43,36.43,36.43,115.0,BTO
2025-01-16 10:49:00,36.5,36.5,36.5,36.5,151.0,BTO
2025-01-16 10:48:00,36.5515,36.5515,36.55,36.55,790.0,BTO
2025-01-16 10:47:00,36.6,36.6,36.6,36.6,139.0,BTO
2025-01-16 10:44:00,36.54,36.54,36.54,36.54,629.0,BTO
2025-01-16 10:41:00,36.49,36.5,36.49,36.49,1008.0,BTO
2025-01-16 10:32:00,36.4,36.4,36.4,36.4,100.0,BTO
2025-01-16 10:31:00,36.3,36.3,36.3,36.3,100.0,BTO
2025-01-16 10:24:00,36.4464,36.4464,36.4464,36.4464,400.0,BTO
2025-01-16 10:17:00,36.448,36.448,36.448,36.448,150.0,BTO
2025-01-16 10:04:00,36.3,36.3,36.3,36.3,387.0,BTO
2025-01-16 09:54:00,36.48,36.55,36.48,36.55,232.0,BTO
2025-01-16 09:53:00,36.54,36.54,36.54,36.54,501.0,BTO
2025-01-16 09:52:00,36.305,36.55,36.305,36.55,1182.0,BTO
2025-01-16 09:50:00,36.01,36.01,36.01,36.01,928.0,BTO
2025-01-16 09:40:00,36.4434,36.4434,36.4434,36.4434,1006.0,BTO
2025-01-16 09:39:00,36.6242,36.6242,36.6242,36.6242,668.0,BTO
2025-01-16 09:38:00,36.41,36.41,36.01,36.01,915.0,BTO
2025-01-16 09:37:00,36.87,36.88,36.85,36.88,606.0,BTO
2025-01-16 09:36:00,36.1,36.19,36.1,36.13,618.0,BTO
2025-01-16 09:34:00,36.825,36.825,36.605,36.605,776.0,BTO
2025-01-16 09:32:00,36.73,36.73,36.7279,36.7279,565.0,BTO
2025-01-16 09:31:00,36.74,36.74,36.74,36.74,100.0,BTO
2025-01-16 09:30:00,36.72,36.77,36.72,36.77,3923.0,BTO
2025-01-16 09:00:00,38.0,38.0,38.0,38.0,1.0,BTO
2025-01-16 08:00:00,36.5,36.5,36.5,36.5,1.0,BTO
2025-01-16 07:09:00,36.5,36.5,36.5,36.5,15.0,BTO
2025-01-16 07:00:00,36.5,36.5,36.5,36.5,1.0,BTO
2025-01-16 04:40:00,35.01,35.01,35.01,35.01,1.0,BTO
2025-01-15 19:00:00,36.74,36.74,36.74,36.74,309.0,BTO
2025-01-15 18:30:00,36.74,36.74,36.74,36.74,309.0,BTO
2025-01-15 16:10:00,36.74,36.74,36.74,36.74,309.0,BTO
2025-01-15 16:00:00,36.87,36.87,36.74,36.74,1167.0,BTO
2025-01-15 15:59:00,36.8,36.87,36.8,36.87,3784.0,BTO
2025-01-15 15:58:00,36.79,36.85,36.79,36.85,3130.0,BTO
2025-01-15 15:57:00,36.75,36.78,36.74,36.78,2308.0,BTO
2025-01-15 15:56:00,36.63,36.75,36.605,36.75,2993.0,BTO
2025-01-15 15:55:00,36.6,36.63,36.57,36.57,2411.0,BTO
2025-01-15 15:54:00,36.51,36.57,36.51,36.57,901.0,BTO
2025-01-15 15:50:00,36.44,36.5,36.44,36.47,3904.0,BTO
2025-01-15 15:49:00,36.47,36.48,36.47,36.48,1697.0,BTO
2025-01-15 15:47:00,36.44,36.44,36.36,36.36,725.0,BTO
2025-01-15 15:46:00,36.43,36.43,36.43,36.43,200.0,BTO
2025-01-15 15:45:00,36.38,36.409,36.38,36.409,1255.0,BTO
2025-01-15 15:40:00,36.365,36.365,36.365,36.365,503.0,BTO
2025-01-15 15:39:00,36.38,36.38,36.365,36.365,797.0,BTO
2025-01-15 15:38:00,36.35,36.35,36.35,36.35,476.0,BTO
2025-01-15 15:27:00,36.345,36.345,36.345,36.345,994.0,BTO
2025-01-15 15:24:00,36.31,36.31,36.31,36.31,251.0,BTO
2025-01-15 15:23:00,36.3734,36.3734,36.36,36.36,693.0,BTO
2025-01-15 15:13:00,36.3791,36.3791,36.3791,36.3791,304.0,BTO
2025-01-15 15:06:00,36.38,36.38,36.38,36.38,231.0,BTO
2025-01-15 15:00:00,36.34,36.34,36.34,36.34,500.0,BTO
2025-01-15 14:58:00,36.3898,36.45,36.34,36.34,2130.0,BTO
2025-01-15 14:56:00,36.37,36.37,36.37,36.37,104.0,BTO
2025-01-15 14:52:00,36.38,36.38,36.38,36.38,120.0,BTO
2025-01-15 14:51:00,36.38,36.39,36.37,36.38,1489.0,BTO
2025-01-15 14:48:00,36.3482,36.3482,36.3482,36.3482,154.0,BTO
2025-01-15 14:43:00,36.36,36.36,36.36,36.36,404.0,BTO
2025-01-15 14:39:00,36.37,36.37,36.37,36.37,549.0,BTO
2025-01-15 14:33:00,36.294,36.294,36.294,36.294,290.0,BTO
2025-01-15 14:32:00,36.35,36.35,36.3261,36.3263,585.0,BTO
2025-01-15 14:28:00,36.2741,36.2741,36.23,36.23,1135.0,BTO
2025-01-15 14:22:00,36.31,36.31,36.2201,36.23,7230.0,BTO
2025-01-15 14:21:00,36.31,36.31,36.26,36.26,203.0,BTO
2025-01-15 14:12:00,36.36,36.3799,36.36,36.3799,1018.0,BTO
2025-01-15 14:00:00,36.244,36.31,36.244,36.31,1350.0,BTO
2025-01-15 13:59:00,36.38,36.39,36.38,36.3801,1845.0,BTO
2025-01-15 13:58:00,36.43,36.43,36.38,36.4094,1539.0,BTO
2025-01-15 13:57:00,36.42,36.43,36.42,36.42,1680.0,BTO
2025-01-15 13:56:00,36.38,36.38,36.38,36.38,175.0,BTO
2025-01-15 13:55:00,36.35,36.4,36.35,36.355,4235.0,BTO
2025-01-15 13:49:00,36.2445,36.3034,36.2445,36.3034,448.0,BTO
2025-01-15 13:33:00,36.2284,36.2284,36.2284,36.2284,1011.0,BTO
2025-01-15 13:25:00,36.22,36.22,36.22,36.22,150.0,BTO
2025-01-15 13:16:00,36.2328,36.2328,36.2328,36.2328,325.0,BTO
2025-01-15 13:08:00,36.29,36.29,36.29,36.29,100.0,BTO
2025-01-15 13:06:00,36.29,36.29,36.2201,36.2201,879.0,BTO
2025-01-15 12:58:00,36.22,36.2662,36.22,36.2662,1125.0,BTO
2025-01-15 12:54:00,36.3053,36.3053,36.3053,36.3053,784.0,BTO
2025-01-15 12:53:00,36.29,36.29,36.29,36.29,270.0,BTO
2025-01-15 12:35:00,36.275,36.275,36.275,36.275,138.0,BTO
2025-01-15 12:34:00,36.29,36.29,36.29,36.29,311.0,BTO
2025-01-15 12:33:00,36.29,36.29,36.29,36.29,453.0,BTO
2025-01-15 12:29:00,36.29,36.29,36.29,36.29,167.0,BTO
2025-01-15 12:28:00,36.2997,36.2997,36.22,36.22,820.0,BTO
2025-01-15 12:26:00,36.3,36.3,36.3,36.3,584.0,BTO
2025-01-15 12:12:00,36.241,36.241,36.241,36.241,1245.0,BTO
2025-01-15 12:08:00,36.255,36.255,36.255,36.255,688.0,BTO
2025-01-15 12:06:00,36.295,36.3,36.295,36.3,343.0,BTO
2025-01-15 12:05:00,36.21,36.21,36.21,36.21,406.0,BTO
2025-01-15 12:03:00,36.2997,36.2997,36.2997,36.2997,280.0,BTO
2025-01-15 11:56:00,36.3772,36.3772,36.3772,36.3772,2511.0,BTO
2025-01-15 11:54:00,36.32,36.32,36.32,36.32,5120.0,BTO
2025-01-15 11:52:00,36.2001,36.2001,36.2001,36.2001,394.0,BTO
2025-01-15 11:51:00,36.3101,36.3101,36.3101,36.3101,619.0,BTO
2025-01-15 11:39:00,36.4257,36.4257,36.4257,36.4257,216.0,BTO
2025-01-15 11:38:00,36.4217,36.4217,36.4217,36.4217,100.0,BTO
2025-01-15 11:30:00,36.4499,36.4499,36.4499,36.4499,261.0,BTO
2025-01-15 11:13:00,36.45,36.45,36.45,36.45,100.0,BTO
2025-01-15 11:01:00,36.38,36.38,36.38,36.38,125.0,BTO
2025-01-15 10:51:00,36.305,36.375,36.3,36.375,597.0,BTO
2025-01-15 10:49:00,36.4343,36.4343,36.4343,36.4343,1861.0,BTO
2025-01-15 10:48:00,36.435,36.435,36.3506,36.3506,780.0,BTO
2025-01-15 10:44:00,36.545,36.545,36.545,36.545,100.0,BTO
2025-01-15 10:41:00,36.435,36.435,36.43,36.435,800.0,BTO
2025-01-15 10:40:00,36.4364,36.4364,36.4364,36.4364,100.0,BTO
2025-01-15 10:39:00,36.435,36.435,36.305,36.305,1646.0,BTO
2025-01-15 10:37:00,36.2001,36.2001,36.2001,36.2001,130.0,BTO
2025-01-15 10:35:00,36.525,36.525,36.45,36.45,1912.0,BTO
2025-01-15 10:33:00,36.54,36.54,36.54,36.54,496.0,BTO
2025-01-15 10:29:00,36.49,36.495,36.49,36.495,1216.0,BTO
2025-01-15 10:28:00,36.4739,36.4739,36.4739,36.4739,191.0,BTO
2025-01-15 10:27:00,36.49,36.49,36.49,36.49,447.0,BTO
2025-01-15 10:25:00,36.5307,36.5307,36.49,36.49,400.0,BTO
2025-01-15 10:24:00,36.483,36.483,36.483,36.483,192.0,BTO
2025-01-15 10:23:00,36.49,36.49,36.49,36.49,359.0,BTO
2025-01-15 10:20:00,36.49,36.5399,36.49,36.5399,749.0,BTO
2025-01-15 10:19:00,36.465,36.48,36.42,36.48,913.0,BTO
2025-01-15 10:12:00,36.42,36.42,36.42,36.42,828.0,BTO
2025-01-15 10:04:00,36.2601,36.2601,36.2601,36.2601,341.0,BTO
2025-01-15 10:02:00,36.49,36.49,36.49,36.49,200.0,BTO
2025-01-15 10:01:00,36.485,36.49,36.23,36.23,881.0,BTO
2025-01-15 09:53:00,36.33,36.33,36.33,36.33,895.0,BTO
2025-01-15 09:51:00,36.32,36.32,36.32,36.32,333.0,BTO
2025-01-15 09:50:00,36.2,36.3,36.2,36.29,5515.0,BTO
2025-01-15 09:49:00,36.22,36.22,36.185,36.2,4242.0,BTO
2025-01-15 09:47:00,36.33,36.33,36.209,36.33,2280.0,BTO
2025-01-15 09:44:00,36.155,36.155,36.155,36.155,1284.0,BTO
2025-01-15 09:42:00,36.345,36.345,36.345,36.345,516.0,BTO
2025-01-15 09:39:00,36.405,36.45,36.405,36.45,968.0,BTO
2025-01-15 09:38:00,36.135,36.15,36.135,36.15,277.0,BTO
2025-01-15 09:37:00,36.135,36.15,36.135,36.135,585.0,BTO
2025-01-15 09:36:00,36.44,36.44,36.13,36.135,869.0,BTO
2025-01-15 09:35:00,36.395,36.425,36.395,36.425,449.0,BTO
2025-01-15 09:30:00,36.45,36.45,36.45,36.45,2373.0,BTO
2025-01-14 19:00:00,35.51,35.51,35.51,35.51,245.0,BTO
2025-01-14 18:30:00,35.51,35.51,35.51,35.51,245.0,BTO
2025-01-14 16:10:00,35.51,35.51,35.51,35.51,245.0,BTO
2025-01-14 16:00:00,35.51,35.51,35.47,35.51,640.0,BTO
2025-01-14 15:59:00,35.488,35.51,35.455,35.51,2143.0,BTO
2025-01-14 15:56:00,35.47,35.47,35.45,35.45,925.0,BTO
2025-01-14 15:45:00,35.39,35.39,35.39,35.39,100.0,BTO
2025-01-14 15:36:00,35.395,35.395,35.395,35.395,175.0,BTO
2025-01-14 15:34:00,35.46,35.46,35.46,35.46,100.0,BTO
2025-01-14 15:29:00,35.46,35.4612,35.46,35.4612,1345.0,BTO
2025-01-14 15:27:00,35.432,35.432,35.432,35.432,175.0,BTO
2025-01-14 15:25:00,35.46,35.46,35.46,35.46,343.0,BTO
2025-01-14 15:23:00,35.43,35.44,35.3735,35.44,1796.0,BTO
2025-01-14 15:22:00,35.44,35.44,35.44,35.44,231.0,BTO
2025-01-14 15:11:00,35.43,35.43,35.31,35.31,500.0,BTO
2025-01-14 14:59:00,35.25,35.25,35.25,35.25,190.0,BTO
2025-01-14 14:57:00,35.305,35.305,35.305,35.305,500.0,BTO
2025-01-14 14:45:00,35.43,35.43,35.43,35.43,247.0,BTO
2025-01-14 14:38:00,35.43,35.43,35.43,35.43,200.0,BTO
2025-01-14 14:37:00,35.17,35.28,35.17,35.25,3307.0,BTO
2025-01-14 14:29:00,35.0927,35.0927,35.0927,35.0927,628.0,BTO
2025-01-14 14:27:00,35.0689,35.0689,35.0689,35.0689,100.0,BTO
2025-01-14 14:25:00,35.1215,35.1215,35.1215,35.1215,500.0,BTO
2025-01-14 14:24:00,35.1224,35.1224,35.1224,35.1224,500.0,BTO
2025-01-14 14:23:00,35.19,35.19,35.19,35.19,196.0,BTO
2025-01-14 14:20:00,35.19,35.19,35.19,35.19,150.0,BTO
2025-01-14 14:18:00,35.18,35.2,35.18,35.2,856.0,BTO
2025-01-14 14:07:00,34.99,34.99,34.99,34.99,100.0,BTO
2025-01-14 14:04:00,34.8953,34.8953,34.8953,34.8953,100.0,BTO
2025-01-14 14:03:00,35.1999,35.1999,35.1999,35.1999,200.0,BTO
2025-01-14 13:59:00,35.18,35.18,35.18,35.18,100.0,BTO
2025-01-14 13:58:00,35.0737,35.19,35.0737,35.19,675.0,BTO
2025-01-14 13:53:00,35.19,35.19,35.19,35.19,100.0,BTO
2025-01-14 13:48:00,34.9679,34.9679,34.9679,34.9679,144.0,BTO
2025-01-14 13:47:00,35.0007,35.0007,35.0007,35.0007,200.0,BTO
2025-01-14 13:41:00,35.005,35.005,35.005,35.005,274.0,BTO
2025-01-14 13:27:00,35.005,35.005,35.005,35.005,693.0,BTO
2025-01-14 13:20:00,34.8,34.8,34.8,34.8,200.0,BTO
2025-01-14 13:17:00,35.0,35.0,35.0,35.0,100.0,BTO
2025-01-14 13:15:00,34.95,34.95,34.95,34.95,100.0,BTO
2025-01-14 13:13:00,34.935,34.95,34.935,34.95,200.0,BTO
2025-01-14 12:53:00,34.94,34.95,34.94,34.95,200.0,BTO
2025-01-14 12:42:00,34.9,34.9,34.9,34.9,200.0,BTO
2025-01-14 12:30:00,34.8,34.8,34.8,34.8,237.0,BTO
2025-01-14 12:23:00,34.8215,34.9,34.8215,34.9,1400.0,BTO
2025-01-14 11:58:00,34.5801,34.5801,34.5801,34.5801,700.0,BTO
2025-01-14 11:33:00,35.185,35.185,35.185,35.185,100.0,BTO
2025-01-14 11:27:00,35.2,35.2,35.2,35.2,100.0,BTO
2025-01-14 11:21:00,35.2,35.2,35.2,35.2,125.0,BTO
2025-01-14 11:17:00,35.116,35.116,35.116,35.116,100.0,BTO
2025-01-14 11:15:00,35.18,35.18,35.18,35.18,125.0,BTO
2025-01-14 11:09:00,35.19,35.19,35.19,35.19,100.0,BTO
2025-01-14 11:08:00,35.06,35.06,35.06,35.06,200.0,BTO
2025-01-14 11:04:00,35.25,35.25,35.25,35.25,120.0,BTO
2025-01-14 11:02:00,35.16,35.16,35.16,35.16,125.0,BTO
2025-01-14 11:01:00,35.1132,35.12,35.1132,35.12,446.0,BTO
2025-01-14 10:59:00,35.27,35.27,35.27,35.27,100.0,BTO
2025-01-14 10:58:00,35.0182,35.0182,35.0182,35.0182,225.0,BTO
2025-01-14 10:55:00,34.99,35.33,34.99,35.33,3255.0,BTO
2025-01-14 10:54:00,34.8871,34.8871,34.8871,34.8871,500.0,BTO
2025-01-14 10:52:00,34.976,34.976,34.976,34.976,819.0,BTO
2025-01-14 10:42:00,34.98,34.98,34.98,34.98,820.0,BTO
2025-01-14 10:38:00,34.98,34.98,34.98,34.98,100.0,BTO
2025-01-14 10:32:00,34.98,34.98,34.98,34.98,101.0,BTO
2025-01-14 10:30:00,34.8755,34.8755,34.8755,34.8755,187.0,BTO
2025-01-14 10:29:00,34.97,34.98,34.97,34.9799,2916.0,BTO
2025-01-14 10:28:00,34.7801,34.7801,34.7801,34.7801,131.0,BTO
2025-01-14 10:26:00,34.7201,34.7201,34.7201,34.7201,240.0,BTO
2025-01-14 10:25:00,34.885,34.8851,34.7517,34.7517,1138.0,BTO
2025-01-14 10:23:00,34.92,34.9899,34.92,34.9899,331.0,BTO
2025-01-14 10:22:00,34.7201,34.7201,34.7201,34.7201,180.0,BTO
2025-01-14 10:21:00,34.8696,34.8696,34.8696,34.8696,101.0,BTO
2025-01-14 10:20:00,34.7201,34.7201,34.7201,34.7201,120.0,BTO
2025-01-14 10:18:00,34.8256,34.8256,34.8256,34.8256,200.0,BTO
2025-01-14 10:14:00,34.86,34.86,34.86,34.86,502.0,BTO
2025-01-14 10:06:00,34.86,34.89,34.86,34.8699,707.0,BTO
2025-01-14 09:55:00,34.72,34.72,34.72,34.72,216.0,BTO
2025-01-14 09:54:00,34.867,34.867,34.867,34.867,240.0,BTO
2025-01-14 09:49:00,34.8486,34.8486,34.8486,34.8486,860.0,BTO
2025-01-14 09:48:00,34.5976,34.7895,34.5976,34.7895,700.0,BTO
2025-01-14 09:42:00,34.7048,34.7048,34.7048,34.7048,288.0,BTO
2025-01-14 09:40:00,34.75,34.75,34.75,34.75,100.0,BTO
2025-01-14 09:36:00,34.75,34.75,34.75,34.75,351.0,BTO
2025-01-14 09:35:00,34.74,34.74,34.74,34.74,100.0,BTO
2025-01-14 09:33:00,34.426,34.426,34.426,34.426,415.0,BTO
2025-01-14 09:30:00,34.86,34.86,34.86,34.86,3754.0,BTO
2025-01-14 05:08:00,33.67,33.67,33.67,33.67,3.0,BTO
2025-01-13 19:00:00,34.32,34.32,34.32,34.32,476.0,BTO
2025-01-13 18:30:00,34.32,34.32,34.32,34.32,476.0,BTO
2025-01-13 16:10:00,34.32,34.32,34.32,34.32,476.0,BTO
2025-01-13 16:00:00,34.34,34.34,34.32,34.32,1156.0,BTO
2025-01-13 15:59:00,34.33,34.34,34.33,34.34,579.0,BTO
2025-01-13 15:55:00,34.33,34.33,34.33,34.33,700.0,BTO
2025-01-13 15:51:00,34.35,34.35,34.34,34.34,550.0,BTO
2025-01-13 15:47:00,34.34,34.36,34.34,34.34,391.0,BTO
2025-01-13 15:32:00,34.34,34.3585,34.34,34.3585,465.0,BTO
2025-01-13 15:24:00,34.205,34.2577,34.205,34.2577,255.0,BTO
2025-01-13 15:02:00,34.0799,34.0799,34.0799,34.0799,450.0,BTO
2025-01-13 14:51:00,34.2,34.2,34.2,34.2,300.0,BTO
2025-01-13 14:39:00,34.1701,34.1701,34.1701,34.1701,500.0,BTO
2025-01-13 14:36:00,34.345,34.3576,34.345,34.3576,300.0,BTO
2025-01-13 14:24:00,34.0869,34.0869,34.0869,34.0869,137.0,BTO
2025-01-13 14:20:00,34.205,34.205,34.205,34.205,126.0,BTO
2025-01-13 14:13:00,34.2386,34.2386,34.2386,34.2386,288.0,BTO
2025-01-13 14:12:00,34.185,34.185,34.185,34.185,190.0,BTO
2025-01-13 14:09:00,34.3599,34.3599,34.3599,34.3599,145.0,BTO
2025-01-13 14:05:00,34.3599,34.3599,34.3599,34.3599,301.0,BTO
2025-01-13 14:02:00,34.185,34.185,34.185,34.185,213.0,BTO
2025-01-13 13:59:00,34.151,34.151,34.151,34.151,272.0,BTO
2025-01-13 13:53:00,34.27,34.36,34.27,34.36,1031.0,BTO
2025-01-13 13:52:00,34.04,34.16,34.04,34.16,642.0,BTO
2025-01-13 13:50:00,34.1033,34.1033,34.1033,34.1033,1005.0,BTO
2025-01-13 13:30:00,34.14,34.145,34.14,34.145,300.0,BTO
2025-01-13 13:27:00,34.03,34.03,34.03,34.03,110.0,BTO
2025-01-13 13:23:00,34.1002,34.1002,34.1002,34.1002,100.0,BTO
2025-01-13 13:17:00,34.1327,34.1327,34.1327,34.1327,200.0,BTO
2025-01-13 13:08:00,34.0047,34.0047,34.0047,34.0047,115.0,BTO
2025-01-13 13:06:00,33.9001,33.9001,33.9001,33.9001,100.0,BTO
2025-01-13 12:57:00,34.03,34.03,34.03,34.03,638.0,BTO
2025-01-13 12:45:00,33.9,33.9,33.9,33.9,500.0,BTO
2025-01-13 12:38:00,34.1673,34.1673,34.1673,34.1673,525.0,BTO
2025-01-13 12:26:00,33.9,33.9,33.9,33.9,693.0,BTO
2025-01-13 12:25:00,34.035,34.035,34.035,34.035,100.0,BTO
2025-01-13 12:21:00,33.8571,33.8571,33.8571,33.8571,769.0,BTO
2025-01-13 12:20:00,33.83,33.83,33.83,33.83,175.0,BTO
2025-01-13 12:14:00,34.1409,34.1409,34.1409,34.1409,400.0,BTO
2025-01-13 11:59:00,34.0286,34.0286,34.0286,34.0286,300.0,BTO
2025-01-13 11:55:00,33.99,34.03,33.99,34.03,900.0,BTO
2025-01-13 11:54:00,34.1555,34.1555,34.1555,34.1555,100.0,BTO
2025-01-13 11:45:00,34.01,34.01,34.01,34.01,100.0,BTO
2025-01-13 11:38:00,33.9202,34.12,33.9202,34.12,1002.0,BTO
2025-01-13 11:37:00,34.1627,34.1627,34.1627,34.1627,100.0,BTO
2025-01-13 11:35:00,34.0013,34.12,34.0013,34.12,1300.0,BTO
2025-01-13 11:34:00,33.88,34.12,33.88,34.12,400.0,BTO
2025-01-13 11:26:00,34.12,34.12,34.12,34.12,1382.0,BTO
2025-01-13 11:22:00,34.125,34.125,34.125,34.125,550.0,BTO
2025-01-13 11:21:00,34.04,34.23,34.03,34.23,2800.0,BTO
2025-01-13 11:15:00,33.91,33.91,33.91,33.91,300.0,BTO
2025-01-13 11:07:00,33.8,33.8,33.8,33.8,130.0,BTO
2025-01-13 10:58:00,33.89,33.9,33.89,33.9,511.0,BTO
2025-01-13 10:57:00,33.75,33.75,33.75,33.75,200.0,BTO
2025-01-13 10:50:00,33.6659,33.6659,33.6659,33.6659,451.0,BTO
2025-01-13 10:27:00,33.7634,33.7634,33.7634,33.7634,175.0,BTO
2025-01-13 10:24:00,33.785,33.785,33.785,33.785,100.0,BTO
2025-01-13 10:23:00,33.65,33.73,33.65,33.73,605.0,BTO
2025-01-13 10:16:00,33.6408,33.6408,33.6408,33.6408,302.0,BTO
2025-01-13 10:14:00,33.8499,33.8499,33.8499,33.8499,100.0,BTO
2025-01-13 10:13:00,33.8499,33.8499,33.8499,33.8499,185.0,BTO
2025-01-13 10:12:00,33.735,33.735,33.735,33.735,635.0,BTO
2025-01-13 10:11:00,33.9002,33.9002,33.9002,33.9002,200.0,BTO
2025-01-13 10:01:00,34.0699,34.0699,34.0699,34.0699,1457.0,BTO
2025-01-13 09:32:00,33.8255,33.8255,33.8255,33.8255,1477.0,BTO
2025-01-13 09:31:00,33.6782,33.6782,33.6782,33.6782,218.0,BTO
2025-01-13 09:30:00,33.7,33.7,33.7,33.7,1926.0,BTO
2025-01-13 08:02:00,33.8,33.8,33.8,33.8,1.0,BTO
2025-01-13 04:16:00,35.0,35.0,35.0,35.0,1.0,BTO
2025-01-10 19:00:00,33.8,33.8,33.8,33.8,502.0,BTO
2025-01-10 18:30:00,33.8,33.8,33.8,33.8,502.0,BTO
2025-01-10 16:10:00,33.8,33.8,33.8,33.8,502.0,BTO
2025-01-10 16:04:00,34.05,34.05,34.04,34.04,11.0,BTO
2025-01-10 16:00:00,33.83,33.83,33.78,33.8,1124.0,BTO
2025-01-10 15:59:00,33.78,33.78,33.78,33.78,605.0,BTO
2025-01-10 15:57:00,33.8022,33.8022,33.8022,33.8022,266.0,BTO
2025-01-10 15:53:00,33.735,33.735,33.735,33.735,205.0,BTO
2025-01-10 15:52:00,33.735,33.735,33.735,33.735,110.0,BTO
2025-01-10 15:51:00,33.735,33.84,33.7349,33.8171,855.0,BTO
2025-01-10 15:49:00,33.63,33.63,33.63,33.63,245.0,BTO
2025-01-10 15:43:00,33.735,33.735,33.735,33.735,165.0,BTO
2025-01-10 15:42:00,33.735,33.735,33.735,33.735,357.0,BTO
2025-01-10 15:41:00,33.66,33.66,33.66,33.66,100.0,BTO
2025-01-10 15:39:00,33.7518,33.7518,33.7518,33.7518,110.0,BTO
2025-01-10 15:34:00,33.7373,33.7373,33.7373,33.7373,263.0,BTO
2025-01-10 15:17:00,33.7,33.7,33.7,33.7,211.0,BTO
2025-01-10 15:11:00,33.75,33.75,33.75,33.75,100.0,BTO
2025-01-10 15:09:00,33.6549,33.6549,33.6549,33.6549,176.0,BTO
2025-01-10 15:08:00,33.7452,33.7452,33.7452,33.7452,142.0,BTO
2025-01-10 14:59:00,33.79,33.79,33.79,33.79,308.0,BTO
2025-01-10 14:38:00,33.75,33.75,33.75,33.75,100.0,BTO
2025-01-10 14:34:00,33.7444,33.7444,33.7444,33.7444,300.0,BTO
2025-01-10 14:32:00,33.66,33.66,33.66,33.66,100.0,BTO
2025-01-10 14:22:00,33.7266,33.7266,33.7266,33.7266,173.0,BTO
2025-01-10 14:14:00,33.86,33.86,33.86,33.86,306.0,BTO
2025-01-10 14:12:00,33.745,33.745,33.745,33.745,165.0,BTO
2025-01-10 14:05:00,33.745,33.745,33.745,33.745,205.0,BTO
2025-01-10 14:02:00,33.8599,33.8599,33.8599,33.8599,200.0,BTO
2025-01-10 14:01:00,33.82,33.82,33.82,33.82,230.0,BTO
2025-01-10 13:59:00,33.85,33.85,33.85,33.85,242.0,BTO
2025-01-10 13:56:00,33.8432,33.8432,33.8432,33.8432,105.0,BTO
2025-01-10 13:37:00,33.825,33.825,33.825,33.825,100.0,BTO
2025-01-10 13:35:00,33.825,33.825,33.825,33.825,111.0,BTO
2025-01-10 13:28:00,33.83,33.83,33.83,33.83,103.0,BTO
2025-01-10 13:18:00,33.84,33.84,33.84,33.84,475.0,BTO
2025-01-10 12:54:00,33.7698,33.7698,33.7698,33.7698,524.0,BTO
2025-01-10 12:51:00,33.86,33.86,33.795,33.84,1897.0,BTO
2025-01-10 12:50:00,33.9173,33.9173,33.9173,33.9173,153.0,BTO
2025-01-10 12:48:00,33.9,33.9,33.9,33.9,100.0,BTO
2025-01-10 12:47:00,33.9,33.9,33.9,33.9,100.0,BTO
2025-01-10 12:41:00,33.84,33.84,33.84,33.84,161.0,BTO
2025-01-10 12:38:00,33.8481,33.8481,33.8481,33.8481,300.0,BTO
2025-01-10 12:36:00,33.8413,33.8413,33.8413,33.8413,111.0,BTO
2025-01-10 12:35:00,33.9,33.9,33.9,33.9,550.0,BTO
2025-01-10 12:29:00,33.85,33.85,33.84,33.8407,414.0,BTO
2025-01-10 12:25:00,33.845,33.845,33.845,33.845,241.0,BTO
2025-01-10 12:22:00,33.7496,33.845,33.7496,33.845,600.0,BTO
2025-01-10 12:21:00,33.74,33.74,33.74,33.74,505.0,BTO
2025-01-10 12:14:00,33.82,33.82,33.73,33.73,1215.0,BTO
2025-01-10 12:12:00,33.845,33.845,33.74,33.74,2540.0,BTO
2025-01-10 12:00:00,33.6682,33.765,33.57,33.765,754.0,BTO
2025-01-10 11:55:00,33.765,33.765,33.765,33.765,100.0,BTO
2025-01-10 11:54:00,33.84,33.84,33.765,33.765,1174.0,BTO
2025-01-10 11:50:00,33.905,33.905,33.905,33.905,110.0,BTO
2025-01-10 11:45:00,33.8946,33.905,33.8946,33.905,705.0,BTO
2025-01-10 11:44:00,33.905,33.905,33.868,33.868,585.0,BTO
2025-01-10 11:43:00,33.905,33.905,33.9,33.9,450.0,BTO
2025-01-10 11:42:00,33.905,33.905,33.905,33.905,100.0,BTO
2025-01-10 11:40:00,33.8811,33.8811,33.8811,33.8811,270.0,BTO
2025-01-10 11:39:00,33.905,33.905,33.905,33.905,205.0,BTO
2025-01-10 11:37:00,33.96,33.98,33.96,33.98,4227.0,BTO
2025-01-10 11:31:00,33.9154,33.9154,33.8553,33.8553,255.0,BTO
2025-01-10 11:27:00,33.91,33.91,33.89,33.89,2038.0,BTO
2025-01-10 11:26:00,33.93,33.93,33.93,33.93,200.0,BTO
2025-01-10 11:20:00,33.9,33.908,33.89,33.89,2255.0,BTO
2025-01-10 11:18:00,34.11,34.11,34.055,34.055,631.0,BTO
2025-01-10 11:16:00,34.105,34.105,34.105,34.105,318.0,BTO
2025-01-10 11:08:00,34.27,34.3185,33.99,33.99,6547.0,BTO
2025-01-10 11:04:00,34.37,34.37,34.3,34.3,594.0,BTO
2025-01-10 10:59:00,34.46,34.46,34.46,34.46,1046.0,BTO
2025-01-10 10:55:00,34.37,34.37,34.37,34.37,156.0,BTO
2025-01-10 10:53:00,34.37,34.37,34.37,34.37,1000.0,BTO
2025-01-10 10:48:00,34.45,34.45,34.45,34.45,901.0,BTO
2025-01-10 10:47:00,34.46,34.46,34.46,34.46,900.0,BTO
2025-01-10 10:45:00,34.4348,34.4348,34.4348,34.4348,117.0,BTO
2025-01-10 10:43:00,34.44,34.53,34.44,34.52,3020.0,BTO
2025-01-10 10:42:00,34.44,34.44,34.44,34.44,200.0,BTO
2025-01-10 10:41:00,34.4952,34.4952,34.4952,34.4952,290.0,BTO
2025-01-10 10:30:00,34.4176,34.455,34.4176,34.455,1327.0,BTO
2025-01-10 10:24:00,34.3652,34.3652,34.3652,34.3652,110.0,BTO
2025-01-10 10:21:00,34.54,34.54,34.54,34.54,419.0,BTO
2025-01-10 10:20:00,34.54,34.54,34.54,34.54,500.0,BTO
2025-01-10 10:03:00,34.48,34.48,34.48,34.48,476.0,BTO
2025-01-10 10:01:00,34.6091,34.6091,34.6091,34.6091,283.0,BTO
2025-01-10 09:58:00,34.87,34.87,34.87,34.87,719.0,BTO
2025-01-10 09:53:00,34.735,34.735,34.735,34.735,333.0,BTO
2025-01-10 09:39:00,34.5994,34.5994,34.5994,34.5994,2258.0,BTO
2025-01-10 09:37:00,34.75,34.75,34.75,34.75,1033.0,BTO
2025-01-10 09:36:00,34.8,34.8,34.795,34.795,427.0,BTO
2025-01-10 09:34:00,34.75,34.75,34.75,34.75,200.0,BTO
2025-01-10 09:30:00,34.8,34.8,34.8,34.8,2917.0,BTO
2025-01-10 05:10:00,35.99,35.99,35.99,35.99,1.0,BTO
2025-01-10 04:56:00,33.71,33.71,33.71,33.71,1.0,BTO
2025-01-10 04:55:00,33.58,33.58,33.58,33.58,3.0,BTO
2025-01-10 04:51:00,35.99,35.99,35.99,35.99,1.0,BTO
2025-01-08 19:00:00,34.93,34.93,34.93,34.93,379.0,BTO
2025-01-08 18:30:00,34.93,34.93,34.93,34.93,379.0,BTO
2025-01-08 16:10:00,34.93,34.93,34.93,34.93,379.0,BTO
2025-01-08 16:00:00,34.93,34.945,34.93,34.93,859.0,BTO
2025-01-08 15:59:00,35.07,35.07,34.93,34.93,415.0,BTO
2025-01-08 15:58:00,35.0028,35.0028,35.0028,35.0028,1004.0,BTO
2025-01-08 15:46:00,34.94,34.94,34.94,34.94,201.0,BTO
2025-01-08 15:44:00,34.94,34.94,34.94,34.94,214.0,BTO
2025-01-08 15:42:00,34.7894,34.7894,34.7894,34.7894,436.0,BTO
2025-01-08 15:31:00,34.88,34.95,34.88,34.95,829.0,BTO
2025-01-08 15:13:00,34.86,34.86,34.86,34.86,104.0,BTO
2025-01-08 15:12:00,34.815,34.815,34.815,34.815,240.0,BTO
2025-01-08 15:11:00,34.86,34.86,34.86,34.86,100.0,BTO
2025-01-08 14:53:00,34.8899,34.8899,34.8899,34.8899,500.0,BTO
2025-01-08 14:50:00,34.9,34.94,34.9,34.94,325.0,BTO
2025-01-08 14:36:00,34.9,35.12,34.9,35.12,378.0,BTO
2025-01-08 14:34:00,34.97,34.97,34.97,34.97,100.0,BTO
2025-01-08 14:31:00,34.97,34.97,34.97,34.97,110.0,BTO
2025-01-08 14:30:00,34.95,34.96,34.95,34.96,272.0,BTO
2025-01-08 14:29:00,34.95,34.95,34.95,34.95,300.0,BTO
2025-01-08 14:19:00,34.945,34.945,34.945,34.945,230.0,BTO
2025-01-08 14:00:00,34.8962,34.8962,34.8962,34.8962,1762.0,BTO
2025-01-08 13:59:00,34.945,34.945,34.945,34.945,400.0,BTO
2025-01-08 13:54:00,35.0,35.0,34.7815,34.7815,525.0,BTO
2025-01-08 13:50:00,35.06,35.06,35.06,35.06,622.0,BTO
2025-01-08 13:46:00,35.1,35.1,35.1,35.1,250.0,BTO
2025-01-08 13:45:00,35.1,35.1,35.1,35.1,200.0,BTO
2025-01-08 13:34:00,35.0414,35.0414,35.0414,35.0414,460.0,BTO
2025-01-08 13:18:00,35.0,35.0,35.0,35.0,367.0,BTO
2025-01-08 13:16:00,34.95,34.95,34.9475,34.9475,579.0,BTO
2025-01-08 13:11:00,35.025,35.025,35.02,35.025,1535.0,BTO
2025-01-08 13:05:00,35.13,35.16,35.13,35.16,700.0,BTO
2025-01-08 13:00:00,35.07,35.07,35.07,35.07,300.0,BTO
2025-01-08 12:51:00,35.15,35.15,35.15,35.15,563.0,BTO
2025-01-08 12:49:00,35.1599,35.1599,35.1599,35.1599,110.0,BTO
2025-01-08 12:46:00,35.02,35.02,35.02,35.02,300.0,BTO
2025-01-08 12:44:00,35.16,35.17,35.16,35.17,1450.0,BTO
2025-01-08 12:43:00,35.16,35.16,35.16,35.16,938.0,BTO
2025-01-08 12:40:00,35.16,35.16,35.16,35.16,324.0,BTO
2025-01-08 12:36:00,35.155,35.155,35.155,35.155,717.0,BTO
2025-01-08 12:35:00,35.14,35.14,35.14,35.14,373.0,BTO
2025-01-08 12:33:00,35.15,35.15,35.15,35.15,668.0,BTO
2025-01-08 12:32:00,35.16,35.16,35.16,35.16,590.0,BTO
2025-01-08 12:31:00,35.14,35.14,35.14,35.14,1023.0,BTO
2025-01-08 12:30:00,35.135,35.14,35.135,35.14,355.0,BTO
2025-01-08 12:29:00,35.16,35.16,35.14,35.1565,6300.0,BTO
2025-01-08 12:28:00,35.16,35.16,35.15,35.15,452.0,BTO
2025-01-08 12:27:00,35.1501,35.1501,35.1501,35.1501,1571.0,BTO
2025-01-08 12:25:00,35.16,35.16,35.16,35.16,1882.0,BTO
2025-01-08 12:24:00,35.17,35.1701,35.16,35.16,1602.0,BTO
2025-01-08 12:20:00,35.183,35.183,35.183,35.183,300.0,BTO
2025-01-08 12:19:00,35.1594,35.1594,35.1594,35.1594,1529.0,BTO
2025-01-08 12:18:00,35.17,35.1701,35.16,35.17,4066.0,BTO
2025-01-08 12:14:00,35.1685,35.1685,35.1685,35.1685,327.0,BTO
2025-01-08 12:08:00,35.17,35.17,35.17,35.17,392.0,BTO
2025-01-08 12:07:00,35.18,35.18,35.18,35.18,250.0,BTO
2025-01-08 12:04:00,35.17,35.18,35.17,35.18,635.0,BTO
2025-01-08 12:03:00,35.21,35.21,35.21,35.21,100.0,BTO
2025-01-08 12:01:00,35.21,35.21,35.21,35.21,100.0,BTO
2025-01-08 12:00:00,35.1503,35.1503,35.1503,35.1503,480.0,BTO
2025-01-08 11:59:00,35.21,35.21,35.21,35.21,400.0,BTO
2025-01-08 11:57:00,35.21,35.21,35.21,35.21,191.0,BTO
2025-01-08 11:54:00,35.1835,35.1835,35.1835,35.1835,200.0,BTO
2025-01-08 11:52:00,35.18,35.18,35.18,35.18,200.0,BTO
2025-01-08 11:51:00,35.225,35.225,35.225,35.225,100.0,BTO
2025-01-08 11:47:00,35.22,35.22,35.22,35.22,229.0,BTO
2025-01-08 11:45:00,35.27,35.27,35.25,35.25,589.0,BTO
2025-01-08 11:43:00,35.27,35.27,35.27,35.27,100.0,BTO
2025-01-08 11:39:00,35.27,35.27,35.27,35.27,205.0,BTO
2025-01-08 11:38:00,35.27,35.27,35.27,35.27,205.0,BTO
2025-01-08 11:24:00,35.23,35.23,35.23,35.23,200.0,BTO
2025-01-08 11:20:00,35.2383,35.2383,35.2383,35.2383,1275.0,BTO
2025-01-08 11:18:00,35.21,35.21,35.21,35.21,100.0,BTO
2025-01-08 11:17:00,35.21,35.21,35.21,35.21,100.0,BTO
2025-01-08 11:06:00,35.205,35.205,35.205,35.205,100.0,BTO
2025-01-08 11:03:00,35.205,35.205,35.205,35.205,100.0,BTO
2025-01-08 11:02:00,35.245,35.245,35.21,35.2327,1700.0,BTO
2025-01-08 10:59:00,35.2408,35.2408,35.2408,35.2408,1000.0,BTO
2025-01-08 10:58:00,35.27,35.28,35.27,35.27,1115.0,BTO
2025-01-08 10:35:00,35.1426,35.1426,35.1426,35.1426,100.0,BTO
2025-01-08 10:13:00,35.2,35.27,35.2,35.27,1933.0,BTO
2025-01-08 10:10:00,35.2,35.2,35.2,35.2,126.0,BTO
2025-01-08 10:09:00,35.12,35.12,35.12,35.12,208.0,BTO
2025-01-08 10:01:00,35.2,35.2,35.2,35.2,300.0,BTO
2025-01-08 10:00:00,35.1949,35.1949,35.1949,35.1949,300.0,BTO
2025-01-08 09:53:00,35.12,35.12,35.12,35.12,276.0,BTO
2025-01-08 09:48:00,35.2528,35.2528,35.2528,35.2528,300.0,BTO
2025-01-08 09:44:00,35.12,35.12,35.12,35.12,626.0,BTO
2025-01-08 09:43:00,35.21,35.21,35.21,35.21,201.0,BTO
2025-01-08 09:35:00,35.398,35.398,35.398,35.398,408.0,BTO
2025-01-08 09:34:00,35.2892,35.2892,35.2892,35.2892,169.0,BTO
2025-01-08 09:32:00,35.3,35.3,35.3,35.3,438.0,BTO
2025-01-08 09:30:00,35.03,35.03,35.03,35.03,2139.0,BTO
2025-01-08 07:14:00,35.03,35.03,35.03,35.03,2.0,BTO
2025-01-08 04:43:00,34.12,34.52,34.12,34.51,6.0,BTO
2025-01-07 19:00:00,35.03,35.03,35.03,35.03,309.0,BTO
2025-01-07 18:30:00,35.03,35.03,35.03,35.03,309.0,BTO
2025-01-07 16:10:00,35.03,35.03,35.03,35.03,309.0,BTO
2025-01-07 16:00:00,35.03,35.11,35.03,35.03,719.0,BTO
2025-01-07 15:59:00,35.12,35.12,35.03,35.03,341.0,BTO
2025-01-07 15:49:00,35.03,35.03,35.03,35.03,161.0,BTO
2025-01-07 15:46:00,35.03,35.03,35.03,35.03,370.0,BTO
2025-01-07 15:44:00,35.1399,35.1399,35.1399,35.1399,332.0,BTO
2025-01-07 15:41:00,35.1187,35.1187,35.1187,35.1187,300.0,BTO
2025-01-07 15:26:00,35.03,35.03,35.03,35.03,439.0,BTO
2025-01-07 15:17:00,35.0113,35.0113,35.0113,35.0113,132.0,BTO
2025-01-07 15:11:00,34.9288,34.9288,34.9288,34.9288,358.0,BTO
2025-01-07 15:02:00,34.97,35.0,34.97,35.0,398.0,BTO
2025-01-07 15:01:00,35.0112,35.0112,35.0112,35.0112,345.0,BTO
2025-01-07 14:43:00,35.0,35.0,35.0,35.0,300.0,BTO
2025-01-07 14:37:00,34.9996,34.9996,34.9996,34.9996,100.0,BTO
2025-01-07 14:36:00,35.0873,35.0873,35.0873,35.0873,857.0,BTO
2025-01-07 14:32:00,35.0,35.0,35.0,35.0,400.0,BTO
2025-01-07 14:24:00,35.1,35.1,35.1,35.1,285.0,BTO
2025-01-07 14:18:00,35.0564,35.0564,35.0,35.055,633.0,BTO
2025-01-07 14:17:00,35.07,35.07,35.07,35.07,234.0,BTO
2025-01-07 13:44:00,35.14,35.14,35.1,35.1,468.0,BTO
2025-01-07 13:37:00,35.125,35.125,35.125,35.125,344.0,BTO
2025-01-07 13:35:00,35.15,35.15,35.15,35.15,500.0,BTO
2025-01-07 13:33:00,35.12,35.12,35.12,35.12,200.0,BTO
2025-01-07 13:32:00,35.2,35.21,35.2,35.21,3091.0,BTO
2025-01-07 13:27:00,35.12,35.12,35.12,35.12,425.0,BTO
2025-01-07 13:18:00,35.21,35.21,35.21,35.21,1441.0,BTO
2025-01-07 13:08:00,35.1,35.1,35.1,35.1,229.0,BTO
2025-01-07 12:54:00,35.155,35.155,35.155,35.155,1180.0,BTO
2025-01-07 12:52:00,35.155,35.155,35.1192,35.1192,2000.0,BTO
2025-01-07 12:49:00,35.155,35.155,35.155,35.155,100.0,BTO
2025-01-07 12:43:00,35.115,35.135,35.1,35.1,752.0,BTO
2025-01-07 12:39:00,35.1983,35.1983,35.1983,35.1983,200.0,BTO
2025-01-07 12:32:00,35.1998,35.1998,35.1998,35.1998,319.0,BTO
2025-01-07 12:18:00,35.2239,35.275,35.2239,35.275,332.0,BTO
2025-01-07 12:16:00,35.29,35.29,35.29,35.29,153.0,BTO
2025-01-07 11:45:00,35.215,35.215,35.215,35.215,181.0,BTO
2025-01-07 11:38:00,35.1,35.1,35.1,35.1,143.0,BTO
2025-01-07 11:36:00,35.261,35.33,35.261,35.33,600.0,BTO
2025-01-07 11:21:00,35.3078,35.33,35.3078,35.33,1003.0,BTO
2025-01-07 11:12:00,35.4472,35.4472,35.4472,35.4472,222.0,BTO
2025-01-07 11:09:00,35.49,35.49,35.49,35.49,1255.0,BTO
2025-01-07 11:06:00,35.265,35.265,35.265,35.265,622.0,BTO
2025-01-07 11:01:00,35.26,35.26,35.26,35.26,185.0,BTO
2025-01-07 10:51:00,35.26,35.3451,35.2599,35.3451,958.0,BTO
2025-01-07 10:48:00,35.1,35.1,35.1,35.1,200.0,BTO
2025-01-07 10:33:00,35.35,35.35,35.35,35.35,659.0,BTO
2025-01-07 10:30:00,35.2621,35.2621,35.2621,35.2621,143.0,BTO
2025-01-07 10:27:00,35.16,35.32,35.16,35.31,2306.0,BTO
2025-01-07 10:23:00,35.32,35.32,35.16,35.16,615.0,BTO
2025-01-07 10:17:00,35.29,35.31,35.29,35.31,600.0,BTO
2025-01-07 10:16:00,35.0,35.16,35.0,35.0,600.0,BTO
2025-01-07 10:11:00,35.3199,35.3199,35.3199,35.3199,315.0,BTO
2025-01-07 10:08:00,35.3,35.32,35.3,35.32,708.0,BTO
2025-01-07 10:05:00,35.16,35.16,35.1405,35.1405,400.0,BTO
2025-01-07 10:04:00,35.245,35.245,35.17,35.17,821.0,BTO
2025-01-07 10:01:00,35.345,35.345,35.345,35.345,337.0,BTO
2025-01-07 09:39:00,35.54,35.54,35.54,35.54,142.0,BTO
2025-01-07 09:37:00,35.35,35.35,35.35,35.35,390.0,BTO
2025-01-07 09:33:00,35.34,35.34,35.34,35.34,871.0,BTO
2025-01-07 09:30:00,35.35,35.35,35.16,35.16,933.0,BTO
2025-01-07 08:40:00,35.16,35.16,35.08,35.08,3.0,BTO
2025-01-07 04:40:00,34.31,36.14,34.2,36.0,9.0,BTO
2025-01-06 19:00:00,35.16,35.16,35.16,35.16,225.0,BTO
2025-01-06 18:30:00,35.16,35.16,35.16,35.16,225.0,BTO
2025-01-06 16:10:00,35.16,35.16,35.16,35.16,225.0,BTO
2025-01-06 16:00:00,35.2,35.22,35.16,35.16,651.0,BTO
2025-01-06 15:59:00,35.2,35.22,35.2,35.22,579.0,BTO
2025-01-06 15:55:00,35.195,35.195,35.195,35.195,515.0,BTO
2025-01-06 15:45:00,35.245,35.245,35.245,35.245,350.0,BTO
2025-01-06 15:41:00,35.2731,35.2731,35.2731,35.2731,150.0,BTO
2025-01-06 15:34:00,35.1706,35.1706,35.1706,35.1706,123.0,BTO
2025-01-06 15:30:00,35.1635,35.1635,35.1635,35.1635,500.0,BTO
2025-01-06 15:25:00,35.25,35.25,35.25,35.25,100.0,BTO
2025-01-06 15:24:00,35.1553,35.1553,35.1553,35.1553,325.0,BTO
2025-01-06 15:15:00,35.355,35.355,35.355,35.355,316.0,BTO
2025-01-06 15:14:00,35.3466,35.3466,35.3466,35.3466,130.0,BTO
2025-01-06 15:08:00,35.2184,35.2184,35.2184,35.2184,130.0,BTO
2025-01-06 14:54:00,35.335,35.335,35.335,35.335,264.0,BTO
2025-01-06 14:47:00,35.35,35.35,35.35,35.35,453.0,BTO
2025-01-06 14:46:00,35.33,35.33,35.33,35.33,200.0,BTO
2025-01-06 14:24:00,35.3899,35.3899,35.3899,35.3899,1100.0,BTO
2025-01-06 14:11:00,35.4747,35.4747,35.4747,35.4747,250.0,BTO
2025-01-06 14:01:00,35.36,35.36,35.35,35.35,396.0,BTO
2025-01-06 13:57:00,35.38,35.38,35.38,35.38,187.0,BTO
2025-01-06 13:45:00,35.5812,35.5812,35.5812,35.5812,125.0,BTO
2025-01-06 13:30:00,35.535,35.535,35.535,35.535,775.0,BTO
2025-01-06 13:27:00,35.394,35.394,35.394,35.394,296.0,BTO
2025-01-06 13:13:00,35.72,35.72,35.72,35.72,200.0,BTO
2025-01-06 13:05:00,35.3991,35.3991,35.3991,35.3991,190.0,BTO
2025-01-06 13:01:00,35.6808,35.6808,35.6808,35.6808,341.0,BTO
2025-01-06 12:43:00,35.5707,35.5707,35.5707,35.5707,375.0,BTO
2025-01-06 12:40:00,35.4614,35.4614,35.4614,35.4614,900.0,BTO
2025-01-06 12:39:00,35.69,35.69,35.68,35.68,796.0,BTO
2025-01-06 12:38:00,35.75,35.75,35.75,35.75,825.0,BTO
2025-01-06 12:36:00,35.75,35.75,35.75,35.75,174.0,BTO
2025-01-06 12:31:00,35.77,35.825,35.77,35.825,512.0,BTO
2025-01-06 12:30:00,35.9127,35.9127,35.9127,35.9127,439.0,BTO
2025-01-06 12:27:00,35.77,35.77,35.77,35.77,150.0,BTO
2025-01-06 12:26:00,35.9706,35.9706,35.9706,35.9706,245.0,BTO
2025-01-06 12:24:00,35.8718,35.8718,35.8718,35.8718,300.0,BTO
2025-01-06 12:22:00,35.9757,35.9757,35.9757,35.9757,500.0,BTO
2025-01-06 12:20:00,35.885,35.885,35.885,35.885,192.0,BTO
2025-01-06 12:14:00,35.8156,35.8204,35.8156,35.8204,300.0,BTO
2025-01-06 12:11:00,35.985,35.985,35.985,35.985,200.0,BTO
2025-01-06 12:09:00,35.9402,36.15,35.9402,36.15,825.0,BTO
2025-01-06 12:03:00,35.96,35.96,35.96,35.96,109.0,BTO
2025-01-06 12:00:00,36.1157,36.1157,36.1157,36.1157,501.0,BTO
2025-01-06 11:29:00,36.0397,36.0397,36.0397,36.0397,162.0,BTO
2025-01-06 11:22:00,35.98,35.98,35.98,35.98,527.0,BTO
2025-01-06 11:21:00,35.98,35.98,35.98,35.98,330.0,BTO
2025-01-06 11:13:00,35.77,35.77,35.77,35.77,100.0,BTO
2025-01-06 11:10:00,35.865,35.865,35.865,35.865,400.0,BTO
2025-01-06 10:47:00,35.69,35.69,35.69,35.69,162.0,BTO
2025-01-06 10:43:00,35.9,35.9,35.9,35.9,447.0,BTO
2025-01-06 10:38:00,35.8,35.8,35.8,35.8,100.0,BTO
2025-01-06 10:37:00,35.9,35.9,35.9,35.9,127.0,BTO
2025-01-06 10:11:00,35.81,35.81,35.81,35.81,310.0,BTO
2025-01-06 10:01:00,35.95,35.95,35.8,35.8,537.0,BTO
2025-01-06 10:00:00,35.86,35.86,35.86,35.86,457.0,BTO
2025-01-06 09:55:00,35.82,35.82,35.815,35.815,877.0,BTO
2025-01-06 09:50:00,35.83,35.83,35.83,35.83,200.0,BTO
2025-01-06 09:48:00,36.1,36.1,35.83,35.83,400.0,BTO
2025-01-06 09:46:00,36.04,36.04,36.04,36.04,200.0,BTO
2025-01-06 09:45:00,36.0334,36.0334,36.0334,36.0334,200.0,BTO
2025-01-06 09:43:00,36.015,36.015,36.015,36.015,429.0,BTO
2025-01-06 09:42:00,35.8467,35.8467,35.8467,35.8467,1303.0,BTO
2025-01-06 09:34:00,35.88,35.88,35.88,35.88,605.0,BTO
2025-01-06 09:33:00,35.88,35.88,35.88,35.88,661.0,BTO
2025-01-06 09:30:00,35.55,35.55,35.55,35.55,1538.0,BTO
2025-01-06 04:54:00,36.8,36.9,36.8,36.9,2.0,BTO
2025-01-06 04:53:00,37.28,37.28,36.9,36.9,3.0,BTO
2025-01-03 19:00:00,35.4,35.4,35.4,35.4,208.0,BTO
2025-01-03 18:30:00,35.4,35.4,35.4,35.4,208.0,BTO
2025-01-03 16:10:00,35.4,35.4,35.4,35.4,208.0,BTO
2025-01-03 16:00:00,35.27,35.46,35.27,35.4,594.0,BTO
2025-01-03 15:59:00,35.48,35.48,35.27,35.27,431.0,BTO
2025-01-03 15:58:00,35.49,35.49,35.49,35.49,542.0,BTO
2025-01-03 15:49:00,35.4866,35.4866,35.4866,35.4866,2000.0,BTO
2025-01-03 15:43:00,35.5,35.5,35.5,35.5,492.0,BTO
2025-01-03 15:42:00,35.56,35.56,35.5,35.5,495.0,BTO
2025-01-03 15:41:00,35.57,35.57,35.57,35.57,370.0,BTO
2025-01-03 15:40:00,35.5077,35.5077,35.5077,35.5077,200.0,BTO
2025-01-03 15:31:00,35.535,35.56,35.535,35.56,531.0,BTO
2025-01-03 15:22:00,35.43,35.43,35.43,35.43,558.0,BTO
2025-01-03 15:14:00,35.345,35.345,35.345,35.345,200.0,BTO
2025-01-03 15:12:00,35.4247,35.4247,35.4247,35.4247,403.0,BTO
2025-01-03 15:02:00,35.44,35.44,35.44,35.44,152.0,BTO
2025-01-03 14:38:00,35.4084,35.4084,35.4084,35.4084,100.0,BTO
2025-01-03 14:35:00,35.43,35.43,35.43,35.43,100.0,BTO
2025-01-03 14:27:00,35.431,35.431,35.431,35.431,356.0,BTO
2025-01-03 13:53:00,35.38,35.38,35.38,35.38,201.0,BTO
2025-01-03 13:41:00,35.44,35.44,35.44,35.44,140.0,BTO
2025-01-03 13:39:00,35.365,35.365,35.365,35.365,359.0,BTO
2025-01-03 13:34:00,35.33,35.33,35.33,35.33,100.0,BTO
2025-01-03 13:32:00,35.35,35.35,35.35,35.35,593.0,BTO
2025-01-03 13:29:00,35.35,35.35,35.34,35.34,1017.0,BTO
2025-01-03 13:25:00,35.35,35.35,35.35,35.35,123.0,BTO
2025-01-03 13:23:00,35.275,35.275,35.2,35.2,680.0,BTO
2025-01-03 13:20:00,35.31,35.31,35.31,35.31,100.0,BTO
2025-01-03 13:12:00,35.3014,35.3014,35.3014,35.3014,154.0,BTO
2025-01-03 13:10:00,35.2108,35.2108,35.2108,35.2108,783.0,BTO
2025-01-03 12:59:00,35.2401,35.2401,35.2401,35.2401,112.0,BTO
2025-01-03 12:54:00,35.3356,35.3356,35.3356,35.3356,180.0,BTO
2025-01-03 12:49:00,35.33,35.33,35.33,35.33,600.0,BTO
2025-01-03 12:46:00,35.3026,35.3026,35.3026,35.3026,150.0,BTO
2025-01-03 12:42:00,35.39,35.39,35.39,35.39,105.0,BTO
2025-01-03 12:37:00,35.295,35.295,35.2949,35.2949,316.0,BTO
2025-01-03 12:21:00,35.42,35.42,35.42,35.42,100.0,BTO
2025-01-03 12:20:00,35.259,35.259,35.259,35.259,166.0,BTO
2025-01-03 12:18:00,35.3023,35.3023,35.3023,35.3023,511.0,BTO
2025-01-03 12:04:00,35.29,35.29,35.29,35.29,638.0,BTO
2025-01-03 11:56:00,35.202,35.21,35.202,35.21,200.0,BTO
2025-01-03 11:55:00,35.245,35.245,35.245,35.245,350.0,BTO
2025-01-03 11:49:00,35.1685,35.1685,35.1685,35.1685,243.0,BTO
2025-01-03 11:45:00,35.1685,35.1685,35.1685,35.1685,300.0,BTO
2025-01-03 11:43:00,35.29,35.29,35.29,35.29,202.0,BTO
2025-01-03 11:23:00,35.0335,35.0335,35.0335,35.0335,233.0,BTO
2025-01-03 11:20:00,35.26,35.28,35.26,35.28,1502.0,BTO
2025-01-03 11:18:00,35.043,35.043,35.043,35.043,100.0,BTO
2025-01-03 11:06:00,35.26,35.26,35.26,35.26,100.0,BTO
2025-01-03 11:05:00,35.0244,35.0244,35.0244,35.0244,2000.0,BTO
2025-01-03 10:59:00,35.0643,35.0643,35.0643,35.0643,204.0,BTO
2025-01-03 10:40:00,35.28,35.28,35.28,35.28,100.0,BTO
2025-01-03 10:34:00,35.0835,35.0835,35.0835,35.0835,1000.0,BTO
2025-01-03 10:33:00,35.145,35.29,35.145,35.1736,1500.0,BTO
2025-01-03 10:23:00,35.145,35.145,35.145,35.145,100.0,BTO
2025-01-03 10:12:00,35.2334,35.2334,35.2334,35.2334,2000.0,BTO
2025-01-03 10:09:00,35.1301,35.154,35.13,35.154,1440.0,BTO
2025-01-03 10:01:00,35.0154,35.0154,35.0154,35.0154,501.0,BTO
2025-01-03 10:00:00,35.02,35.02,35.02,35.02,321.0,BTO
2025-01-03 09:53:00,35.27,35.27,35.27,35.27,1100.0,BTO
2025-01-03 09:49:00,35.27,35.27,35.27,35.27,103.0,BTO
2025-01-03 09:48:00,35.3,35.3,35.3,35.3,1024.0,BTO
2025-01-03 09:47:00,35.33,35.35,35.32,35.33,3179.0,BTO
2025-01-03 09:46:00,35.545,35.545,35.545,35.545,521.0,BTO
2025-01-03 09:37:00,35.775,35.775,35.775,35.775,341.0,BTO
2025-01-03 09:30:00,35.34,35.34,35.34,35.34,251.0,BTO
2025-01-03 08:02:00,35.32,35.32,35.32,35.32,5.0,BTO
2025-01-03 05:58:00,34.39,35.01,34.39,35.01,4.0,BTO
2025-01-02 19:00:00,35.32,35.32,35.32,35.32,226.0,BTO
2025-01-02 18:30:00,35.32,35.32,35.32,35.32,226.0,BTO
2025-01-02 16:10:00,35.32,35.32,35.32,35.32,226.0,BTO
2025-01-02 16:00:00,35.26,35.35,35.26,35.32,649.0,BTO
2025-01-02 15:59:00,35.35,35.36,35.26,35.26,2388.0,BTO
2025-01-02 15:58:00,35.43,35.43,35.43,35.43,138.0,BTO
2025-01-02 15:57:00,35.43,35.4392,35.43,35.4392,245.0,BTO
2025-01-02 15:56:00,35.43,35.43,35.43,35.43,100.0,BTO
2025-01-02 15:54:00,35.43,35.43,35.43,35.43,126.0,BTO
2025-01-02 15:50:00,35.395,35.43,35.395,35.43,728.0,BTO
2025-01-02 15:47:00,35.395,35.395,35.395,35.395,100.0,BTO
2025-01-02 15:44:00,35.395,35.395,35.395,35.395,100.0,BTO
2025-01-02 15:43:00,35.35,35.35,35.35,35.35,400.0,BTO
2025-01-02 15:34:00,35.34,35.34,35.34,35.34,200.0,BTO
2025-01-02 15:32:00,35.3889,35.3889,35.3889,35.3889,221.0,BTO
2025-01-02 15:31:00,35.44,35.44,35.44,35.44,155.0,BTO
2025-01-02 15:27:00,35.395,35.395,35.395,35.395,272.0,BTO
2025-01-02 15:25:00,35.3689,35.3689,35.3689,35.3689,200.0,BTO
2025-01-02 15:24:00,35.3121,35.3121,35.3121,35.3121,122.0,BTO
2025-01-02 15:22:00,35.29,35.29,35.29,35.29,200.0,BTO
2025-01-02 15:19:00,35.4,35.4,35.4,35.4,201.0,BTO
2025-01-02 15:18:00,35.37,35.37,35.3237,35.3237,299.0,BTO
2025-01-02 15:16:00,35.45,35.45,35.29,35.29,600.0,BTO
2025-01-02 15:02:00,35.23,35.23,35.23,35.23,100.0,BTO
2025-01-02 15:01:00,35.45,35.45,35.45,35.45,351.0,BTO
2025-01-02 14:54:00,35.3012,35.3012,35.3012,35.3012,199.0,BTO
2025-01-02 14:51:00,35.4139,35.4139,35.4139,35.4139,384.0,BTO
2025-01-02 14:48:00,35.4499,35.4499,35.4499,35.4499,300.0,BTO
2025-01-02 14:36:00,35.45,35.45,35.45,35.45,200.0,BTO
2025-01-02 14:34:00,35.16,35.16,35.16,35.16,250.0,BTO
2025-01-02 14:32:00,35.1182,35.26,35.1182,35.26,886.0,BTO
2025-01-02 14:27:00,35.27,35.27,35.27,35.27,205.0,BTO
2025-01-02 14:24:00,35.215,35.215,35.215,35.215,100.0,BTO
2025-01-02 14:20:00,35.079,35.079,35.079,35.079,1003.0,BTO
2025-01-02 14:19:00,35.235,35.235,35.235,35.235,187.0,BTO
2025-01-02 14:18:00,35.1641,35.1641,35.1641,35.1641,2543.0,BTO
2025-01-02 14:11:00,35.15,35.15,35.15,35.15,250.0,BTO
2025-01-02 14:05:00,35.26,35.26,35.23,35.24,800.0,BTO
2025-01-02 14:02:00,35.3682,35.3682,35.3682,35.3682,172.0,BTO
2025-01-02 13:57:00,35.245,35.245,35.245,35.245,100.0,BTO
2025-01-02 13:56:00,35.4742,35.4742,35.4742,35.4742,506.0,BTO
2025-01-02 13:42:00,35.32,35.32,35.32,35.32,933.0,BTO
2025-01-02 13:36:00,35.275,35.275,35.275,35.275,115.0,BTO
2025-01-02 13:29:00,35.28,35.28,35.28,35.28,110.0,BTO
2025-01-02 13:25:00,35.2,35.2,35.2,35.2,300.0,BTO
2025-01-02 13:22:00,35.2,35.2,35.2,35.2,1464.0,BTO
2025-01-02 13:17:00,35.4061,35.4061,35.255,35.255,1103.0,BTO
2025-01-02 13:04:00,35.3,35.3,35.3,35.3,296.0,BTO
2025-01-02 12:51:00,35.38,35.38,35.38,35.38,100.0,BTO
2025-01-02 12:49:00,35.381,35.381,35.381,35.381,142.0,BTO
2025-01-02 12:41:00,35.2233,35.2233,35.2233,35.2233,199.0,BTO
2025-01-02 12:30:00,35.4102,35.4102,35.4102,35.4102,502.0,BTO
2025-01-02 12:24:00,35.5699,35.5699,35.5699,35.5699,300.0,BTO
2025-01-02 12:06:00,35.4,35.4,35.4,35.4,112.0,BTO
2025-01-02 12:05:00,35.57,35.57,35.57,35.57,100.0,BTO
2025-01-02 11:54:00,35.44,35.44,35.335,35.335,267.0,BTO
2025-01-02 11:44:00,35.58,35.58,35.58,35.58,100.0,BTO
2025-01-02 11:43:00,35.4806,35.4806,35.4806,35.4806,698.0,BTO
2025-01-02 11:38:00,35.435,35.48,35.435,35.48,523.0,BTO
2025-01-02 11:29:00,35.581,35.581,35.55,35.58,1716.0,BTO
2025-01-02 11:25:00,35.5501,35.5501,35.5501,35.5501,100.0,BTO
2025-01-02 11:22:00,35.705,35.705,35.705,35.705,366.0,BTO
2025-01-02 11:19:00,35.7034,35.7034,35.7034,35.7034,150.0,BTO
2025-01-02 11:09:00,35.716,35.716,35.716,35.716,300.0,BTO
2025-01-02 11:05:00,35.644,35.644,35.644,35.644,111.0,BTO
2025-01-02 11:04:00,35.8251,35.8251,35.8251,35.8251,300.0,BTO
2025-01-02 10:57:00,35.53,35.53,35.53,35.53,112.0,BTO
2025-01-02 10:40:00,35.6318,35.6318,35.51,35.55,1350.0,BTO
2025-01-02 10:19:00,35.42,35.42,35.42,35.42,100.0,BTO
2025-01-02 10:17:00,35.5124,35.5124,35.5124,35.5124,200.0,BTO
2025-01-02 10:16:00,35.83,35.86,35.82,35.8599,1363.0,BTO
2025-01-02 10:09:00,35.72,35.72,35.53,35.53,940.0,BTO
2025-01-02 10:08:00,35.72,35.72,35.72,35.72,2150.0,BTO
2025-01-02 10:05:00,35.71,35.71,35.71,35.71,412.0,BTO
2025-01-02 09:59:00,35.8955,35.8955,35.8955,35.8955,301.0,BTO
2025-01-02 09:58:00,35.975,35.975,35.975,35.975,129.0,BTO
2025-01-02 09:56:00,36.0847,36.0847,36.0847,36.0847,694.0,BTO
2025-01-02 09:55:00,35.85,35.85,35.85,35.85,100.0,BTO
2025-01-02 09:49:00,35.87,35.87,35.86,35.86,411.0,BTO
2025-01-02 09:48:00,35.76,35.76,35.76,35.76,323.0,BTO
2025-01-02 09:45:00,35.7,35.7,35.7,35.7,100.0,BTO
2025-01-02 09:42:00,35.75,35.75,35.36,35.36,822.0,BTO
2025-01-02 09:37:00,35.535,35.5652,35.535,35.5652,268.0,BTO
2025-01-02 09:35:00,35.4933,35.4933,35.4933,35.4933,417.0,BTO
2025-01-02 09:30:00,35.71,35.71,35.71,35.71,1497.0,BTO
2025-01-02 08:19:00,35.5,35.5,35.5,35.5,500.0,BTO
2025-01-02 08:18:00,35.5,35.5,35.5,35.5,700.0,BTO
2025-01-02 08:00:00,36.07,36.07,36.07,36.07,1.0,BTO
2025-01-02 06:23:00,35.08,35.08,35.08,35.08,1.0,BTO
2025-01-02 04:39:00,35.01,35.01,35.01,35.01,3.0,BTO
2024-12-31 19:00:00,35.69,35.69,35.69,35.69,657.0,BTO
2024-12-31 18:30:00,35.69,35.69,35.69,35.69,657.0,BTO
2024-12-31 16:10:00,35.69,35.69,35.69,35.69,657.0,BTO
2024-12-31 16:00:00,35.69,35.69,35.64,35.69,1424.0,BTO
2024-12-31 15:59:00,35.59,35.87,35.59,35.69,725.0,BTO
2024-12-31 15:48:00,35.865,35.865,35.865,35.865,388.0,BTO
2024-12-31 15:45:00,35.66,35.74,35.66,35.73,790.0,BTO
2024-12-31 15:33:00,35.73,35.73,35.73,35.73,115.0,BTO
2024-12-31 15:32:00,35.73,35.73,35.73,35.73,152.0,BTO
2024-12-31 15:31:00,35.89,35.89,35.73,35.73,305.0,BTO
2024-12-31 15:30:00,35.86,35.89,35.73,35.87,1472.0,BTO
2024-12-31 15:29:00,35.87,35.89,35.73,35.73,2445.0,BTO
2024-12-31 15:23:00,35.76,35.76,35.73,35.73,200.0,BTO
2024-12-31 15:12:00,35.76,35.76,35.76,35.76,200.0,BTO
2024-12-31 15:04:00,35.67,35.76,35.65,35.76,1425.0,BTO
2024-12-31 15:03:00,35.6,35.64,35.595,35.595,1319.0,BTO
2024-12-31 14:35:00,35.5361,35.5361,35.5361,35.5361,150.0,BTO
2024-12-31 14:34:00,35.46,35.46,35.46,35.46,200.0,BTO
2024-12-31 14:23:00,35.46,35.46,35.46,35.46,200.0,BTO
2024-12-31 14:17:00,35.5999,35.5999,35.5999,35.5999,141.0,BTO
2024-12-31 14:07:00,35.32,35.32,35.32,35.32,100.0,BTO
2024-12-31 13:52:00,35.58,35.59,35.455,35.455,2586.0,BTO
2024-12-31 13:42:00,35.32,35.32,35.32,35.32,502.0,BTO
2024-12-31 13:22:00,35.455,35.455,35.3227,35.3227,260.0,BTO
2024-12-31 13:21:00,35.455,35.455,35.455,35.455,200.0,BTO
2024-12-31 13:19:00,35.455,35.455,35.455,35.455,100.0,BTO
2024-12-31 12:59:00,35.45,35.455,35.45,35.45,1233.0,BTO
2024-12-31 12:55:00,35.44,35.44,35.3278,35.3278,460.0,BTO
2024-12-31 12:49:00,35.45,35.45,35.45,35.45,100.0,BTO
2024-12-31 12:48:00,35.44,35.44,35.44,35.44,117.0,BTO
2024-12-31 12:47:00,35.3882,35.3882,35.3882,35.3882,125.0,BTO
2024-12-31 12:39:00,35.45,35.45,35.45,35.45,400.0,BTO
2024-12-31 12:37:00,35.4389,35.45,35.4389,35.45,256.0,BTO
2024-12-31 12:28:00,35.385,35.385,35.385,35.385,329.0,BTO
2024-12-31 12:13:00,35.385,35.385,35.385,35.385,200.0,BTO
2024-12-31 12:11:00,35.45,35.45,35.45,35.45,100.0,BTO
2024-12-31 12:08:00,35.45,35.45,35.45,35.45,467.0,BTO
2024-12-31 12:07:00,35.4,35.4,35.4,35.4,226.0,BTO
2024-12-31 12:06:00,35.4,35.4,35.34,35.34,744.0,BTO
2024-12-31 12:05:00,35.39,35.4,35.39,35.4,1701.0,BTO
2024-12-31 12:01:00,35.45,35.45,35.45,35.45,1410.0,BTO
2024-12-31 11:45:00,35.44,35.44,35.44,35.44,161.0,BTO
2024-12-31 11:33:00,35.37,35.37,35.37,35.37,198.0,BTO
2024-12-31 11:32:00,35.42,35.42,35.42,35.42,101.0,BTO
2024-12-31 11:31:00,35.37,35.37,35.3204,35.3204,856.0,BTO
2024-12-31 11:24:00,35.39,35.39,35.39,35.39,270.0,BTO
2024-12-31 11:18:00,35.385,35.385,35.385,35.385,100.0,BTO
2024-12-31 11:17:00,35.3745,35.385,35.3745,35.385,500.0,BTO
2024-12-31 11:15:00,35.385,35.385,35.385,35.385,606.0,BTO
2024-12-31 11:08:00,35.312,35.34,35.312,35.32,501.0,BTO
2024-12-31 11:07:00,35.35,35.35,35.35,35.35,145.0,BTO
2024-12-31 11:05:00,35.31,35.31,35.31,35.31,100.0,BTO
2024-12-31 11:01:00,35.39,35.39,35.39,35.39,415.0,BTO
2024-12-31 10:55:00,35.36,35.36,35.32,35.32,500.0,BTO
2024-12-31 10:54:00,35.4,35.4,35.4,35.4,305.0,BTO
2024-12-31 10:53:00,35.38,35.38,35.38,35.38,200.0,BTO
2024-12-31 10:48:00,35.41,35.42,35.41,35.42,1012.0,BTO
2024-12-31 10:46:00,35.365,35.365,35.365,35.365,102.0,BTO
2024-12-31 10:44:00,35.41,35.41,35.39,35.41,504.0,BTO
2024-12-31 10:35:00,35.5222,35.5222,35.5222,35.5222,224.0,BTO
2024-12-31 10:30:00,35.538,35.58,35.48,35.58,1619.0,BTO
2024-12-31 10:28:00,35.5055,35.5055,35.5055,35.5055,367.0,BTO
2024-12-31 10:23:00,35.5,35.5,35.39,35.44,840.0,BTO
2024-12-31 10:16:00,35.39,35.4,35.39,35.4,513.0,BTO
2024-12-31 10:12:00,35.4,35.4,35.4,35.4,180.0,BTO
2024-12-31 10:06:00,35.285,35.285,35.285,35.285,523.0,BTO
2024-12-31 10:02:00,35.425,35.425,35.425,35.425,280.0,BTO
2024-12-31 10:01:00,35.47,35.47,35.32,35.32,1687.0,BTO
2024-12-31 09:43:00,35.37,35.4,35.37,35.4,420.0,BTO
2024-12-31 09:40:00,35.35,35.35,35.35,35.35,228.0,BTO
2024-12-31 09:35:00,35.2791,35.2791,35.2791,35.2791,220.0,BTO
2024-12-31 09:34:00,35.5399,35.5399,35.5399,35.5399,130.0,BTO
2024-12-31 09:33:00,35.1677,35.1677,35.1677,35.1677,126.0,BTO
2024-12-31 09:32:00,35.3478,35.3478,35.3478,35.3478,433.0,BTO
2024-12-31 09:31:00,35.1457,35.1457,35.1457,35.1457,322.0,BTO
2024-12-31 09:30:00,35.3,35.3,35.16,35.23,17445.0,BTO
2024-12-31 09:29:00,35.24,35.24,35.24,35.24,100.0,BTO
2024-12-31 08:02:00,34.88,34.88,34.88,34.88,1.0,BTO
2024-12-31 08:00:00,34.88,34.88,34.88,34.88,1.0,BTO
2024-12-30 19:00:00,34.88,34.88,34.88,34.88,1762.0,BTO
2024-12-30 18:30:00,34.88,34.88,34.88,34.88,1762.0,BTO
2024-12-30 16:10:00,34.88,34.88,34.88,34.88,1762.0,BTO
2024-12-30 16:00:00,34.88,34.88,34.88,34.88,3943.0,BTO
2024-12-30 15:59:00,34.875,34.88,34.805,34.88,2427.0,BTO
2024-12-30 15:58:00,34.8,34.87,34.75,34.87,448.0,BTO
2024-12-30 15:57:00,34.74,34.87,34.74,34.87,544.0,BTO
2024-12-30 15:56:00,34.8,34.82,34.8,34.82,455.0,BTO
2024-12-30 15:55:00,34.82,34.86,34.82,34.86,819.0,BTO
2024-12-30 15:54:00,34.835,34.835,34.835,34.835,118.0,BTO
2024-12-30 15:53:00,34.8737,34.8737,34.835,34.835,424.0,BTO
2024-12-30 15:52:00,34.76,34.88,34.76,34.8,3063.0,BTO
2024-12-30 15:50:00,34.76,34.76,34.76,34.76,175.0,BTO
2024-12-30 15:46:00,34.76,34.76,34.76,34.76,292.0,BTO
2024-12-30 15:25:00,34.76,34.76,34.76,34.76,207.0,BTO
2024-12-30 15:24:00,34.78,34.81,34.78,34.81,552.0,BTO
2024-12-30 15:23:00,34.8386,34.84,34.8386,34.84,1047.0,BTO
2024-12-30 15:01:00,35.1399,35.1399,34.925,34.925,3219.0,BTO
2024-12-30 14:54:00,35.02,35.02,34.89,34.89,947.0,BTO
2024-12-30 14:53:00,34.89,34.89,34.89,34.89,1075.0,BTO
2024-12-30 14:52:00,34.82,34.82,34.81,34.81,737.0,BTO
2024-12-30 14:50:00,34.81,35.15,34.81,35.15,519.0,BTO
2024-12-30 14:49:00,34.895,34.895,34.895,34.895,1000.0,BTO
2024-12-30 14:41:00,34.61,34.61,34.61,34.61,350.0,BTO
2024-12-30 14:36:00,34.826,34.88,34.826,34.88,400.0,BTO
2024-12-30 14:25:00,34.8,34.96,34.6199,34.6199,2990.0,BTO
2024-12-30 13:59:00,35.1478,35.1478,35.1478,35.1478,381.0,BTO
2024-12-30 13:51:00,34.86,34.86,34.86,34.86,107.0,BTO
2024-12-30 13:50:00,34.86,34.86,34.84,34.84,415.0,BTO
2024-12-30 13:44:00,35.1599,35.1599,35.1599,35.1599,200.0,BTO
2024-12-30 13:38:00,34.8787,34.8787,34.8787,34.8787,357.0,BTO
2024-12-30 13:23:00,34.8412,34.8412,34.8412,34.8412,500.0,BTO
2024-12-30 13:17:00,34.83,34.83,34.83,34.83,130.0,BTO
2024-12-30 13:13:00,34.98,35.0,34.9,34.9,1605.0,BTO
2024-12-30 13:09:00,34.89,34.89,34.89,34.89,100.0,BTO
2024-12-30 13:06:00,34.89,34.9393,34.89,34.9393,2384.0,BTO
2024-12-30 13:03:00,34.885,34.885,34.885,34.885,100.0,BTO
2024-12-30 12:57:00,34.885,34.885,34.885,34.885,157.0,BTO
2024-12-30 12:52:00,34.8797,34.8797,34.8797,34.8797,115.0,BTO
2024-12-30 12:45:00,34.9178,34.9178,34.9178,34.9178,100.0,BTO
2024-12-30 12:38:00,34.8713,34.885,34.8713,34.885,1123.0,BTO
2024-12-30 12:31:00,34.9817,34.9817,34.9817,34.9817,143.0,BTO
2024-12-30 12:30:00,34.9067,34.9067,34.89,34.89,1188.0,BTO
2024-12-30 12:29:00,34.99,34.99,34.99,34.99,309.0,BTO
2024-12-30 12:28:00,34.95,34.96,34.95,34.96,220.0,BTO
2024-12-30 12:21:00,34.895,34.895,34.895,34.895,100.0,BTO
2024-12-30 12:12:00,34.9999,34.9999,34.9999,34.9999,250.0,BTO
2024-12-30 12:11:00,34.98,35.0,34.98,35.0,500.0,BTO
2024-12-30 11:51:00,35.0,35.0,35.0,35.0,390.0,BTO
2024-12-30 11:49:00,34.7713,34.7713,34.7713,34.7713,167.0,BTO
2024-12-30 11:42:00,34.7,34.7,34.7,34.7,300.0,BTO
2024-12-30 11:41:00,34.7,34.72,34.7,34.72,200.0,BTO
2024-12-30 11:40:00,34.7,34.85,34.7,34.85,605.0,BTO
2024-12-30 11:37:00,35.0,35.0341,34.89,35.0341,753.0,BTO
2024-12-30 11:35:00,35.15,35.15,35.0867,35.0867,563.0,BTO
2024-12-30 11:34:00,35.225,35.225,35.225,35.225,210.0,BTO
2024-12-30 11:33:00,35.3,35.3,35.3,35.3,250.0,BTO
2024-12-30 11:30:00,35.5245,35.5245,35.5245,35.5245,200.0,BTO
2024-12-30 11:27:00,35.36,35.36,35.36,35.36,300.0,BTO
2024-12-30 11:17:00,35.3785,35.3785,35.3785,35.3785,1075.0,BTO
2024-12-30 11:12:00,35.415,35.415,35.415,35.415,571.0,BTO
2024-12-30 11:05:00,35.385,35.385,35.385,35.385,187.0,BTO
2024-12-30 10:56:00,35.31,35.31,35.31,35.31,329.0,BTO
2024-12-30 10:55:00,35.31,35.31,35.31,35.31,124.0,BTO
2024-12-30 10:37:00,35.1,35.135,35.1,35.135,522.0,BTO
2024-12-30 10:34:00,35.1755,35.1755,35.1755,35.1755,354.0,BTO
2024-12-30 10:32:00,35.125,35.14,35.125,35.135,511.0,BTO
2024-12-30 10:30:00,35.095,35.095,35.0354,35.0354,409.0,BTO
2024-12-30 10:28:00,35.167,35.167,35.01,35.01,410.0,BTO
2024-12-30 10:22:00,35.32,35.32,35.32,35.32,1402.0,BTO
2024-12-30 10:21:00,35.5,35.5,35.5,35.5,216.0,BTO
2024-12-30 10:09:00,35.205,35.205,35.205,35.205,110.0,BTO
2024-12-30 10:05:00,35.29,35.29,35.29,35.29,496.0,BTO
2024-12-30 10:04:00,35.388,35.388,35.388,35.388,615.0,BTO
2024-12-30 10:03:00,35.265,35.265,35.265,35.265,944.0,BTO
2024-12-30 10:00:00,35.31,35.31,35.31,35.31,795.0,BTO
2024-12-30 09:58:00,35.32,35.32,35.32,35.32,100.0,BTO
2024-12-30 09:55:00,35.391,35.44,35.391,35.44,600.0,BTO
2024-12-30 09:54:00,35.44,35.44,35.44,35.44,100.0,BTO
2024-12-30 09:51:00,35.47,35.47,35.47,35.47,308.0,BTO
2024-12-30 09:46:00,35.44,35.44,35.393,35.393,869.0,BTO
2024-12-30 09:42:00,35.3101,35.3101,35.3101,35.3101,718.0,BTO
2024-12-30 09:41:00,35.46,35.46,35.46,35.46,100.0,BTO
2024-12-30 09:39:00,35.57,35.57,35.57,35.57,167.0,BTO
2024-12-30 09:34:00,35.57,35.57,35.56,35.56,233.0,BTO
2024-12-30 09:30:00,35.49,35.57,35.49,35.57,2154.0,BTO
2024-12-30 08:02:00,35.57,35.57,35.57,35.57,1.0,BTO
