date,1. open,2. high,3. low,4. close,5. volume,Ticker
2025-02-11 19:39:00,37.22,37.22,37.22,37.22,10.0,BTO
2025-02-11 19:00:00,37.23,37.23,37.23,37.23,738.0,BTO
2025-02-11 18:30:00,37.23,37.23,37.23,37.23,738.0,BTO
2025-02-11 16:10:00,37.23,37.23,37.23,37.23,738.0,BTO
2025-02-11 16:00:00,37.21,37.23,37.21,37.23,1577.0,BTO
2025-02-11 15:59:00,37.17,37.21,37.15,37.21,913.0,BTO
2025-02-11 15:58:00,37.13,37.23,37.13,37.19,1884.0,BTO
2025-02-11 15:57:00,37.13,37.13,37.08,37.13,797.0,BTO
2025-02-11 15:55:00,37.09,37.12,37.09,37.09,778.0,BTO
2025-02-11 15:54:00,37.0801,37.0801,37.0801,37.0801,133.0,BTO
2025-02-11 15:53:00,37.16,37.16,37.15,37.15,644.0,BTO
2025-02-11 15:49:00,37.235,37.36,37.235,37.31,1360.0,BTO
2025-02-11 15:47:00,37.235,37.235,37.1383,37.1383,600.0,BTO
2025-02-11 15:44:00,37.11,37.11,37.11,37.11,1000.0,BTO
2025-02-11 15:40:00,37.18,37.18,37.18,37.18,551.0,BTO
2025-02-11 15:39:00,37.09,37.18,37.09,37.18,1046.0,BTO
2025-02-11 15:34:00,37.14,37.14,37.14,37.14,675.0,BTO
2025-02-11 15:32:00,37.19,37.19,37.19,37.19,200.0,BTO
2025-02-11 15:27:00,37.19,37.34,37.19,37.34,207.0,BTO
2025-02-11 15:25:00,37.2,37.22,37.19,37.19,1205.0,BTO
2025-02-11 15:20:00,37.335,37.335,37.335,37.335,214.0,BTO
2025-02-11 15:19:00,37.335,37.335,37.335,37.335,100.0,BTO
2025-02-11 15:17:00,37.2,37.23,37.2,37.21,974.0,BTO
2025-02-11 15:16:00,37.24,37.34,37.24,37.34,286.0,BTO
2025-02-11 15:14:00,37.34,37.34,37.34,37.34,640.0,BTO
2025-02-11 15:13:00,37.34,37.34,37.34,37.34,295.0,BTO
2025-02-11 15:10:00,37.34,37.45,37.34,37.34,430.0,BTO
2025-02-11 15:09:00,37.4,37.465,37.34,37.34,1798.0,BTO
2025-02-11 15:02:00,37.4,37.42,37.4,37.4,1122.0,BTO
2025-02-11 14:57:00,37.5188,37.5188,37.5188,37.5188,555.0,BTO
2025-02-11 14:55:00,37.41,37.62,37.41,37.51,2684.0,BTO
2025-02-11 14:51:00,37.4247,37.4247,37.4247,37.4247,516.0,BTO
2025-02-11 14:42:00,37.56,37.56,37.56,37.56,604.0,BTO
2025-02-11 14:38:00,37.55,37.55,37.55,37.55,203.0,BTO
2025-02-11 14:28:00,37.4,37.4,37.4,37.4,106.0,BTO
2025-02-11 14:19:00,37.55,37.55,37.55,37.55,203.0,BTO
2025-02-11 14:18:00,37.48,37.48,37.48,37.48,213.0,BTO
2025-02-11 14:12:00,37.448,37.448,37.448,37.448,101.0,BTO
2025-02-11 14:06:00,37.4234,37.4234,37.4234,37.4234,142.0,BTO
2025-02-11 14:02:00,37.5117,37.5117,37.5117,37.5117,200.0,BTO
2025-02-11 13:57:00,37.43,37.43,37.42,37.42,215.0,BTO
2025-02-11 13:42:00,37.4001,37.4001,37.4001,37.4001,105.0,BTO
2025-02-11 13:21:00,37.4,37.4,37.4,37.4,302.0,BTO
2025-02-11 13:16:00,37.4142,37.4142,37.4142,37.4142,180.0,BTO
2025-02-11 13:11:00,37.45,37.45,37.45,37.45,2005.0,BTO
2025-02-11 13:09:00,37.45,37.45,37.45,37.45,200.0,BTO
2025-02-11 13:02:00,37.38,37.38,37.38,37.38,250.0,BTO
2025-02-11 12:50:00,37.46,37.47,37.42,37.42,3909.0,BTO
2025-02-11 12:48:00,37.64,37.64,37.5307,37.5307,300.0,BTO
2025-02-11 12:43:00,37.64,37.64,37.5324,37.5324,440.0,BTO
2025-02-11 12:37:00,37.54,37.54,37.54,37.54,300.0,BTO
2025-02-11 12:31:00,37.55,37.55,37.55,37.55,204.0,BTO
2025-02-11 12:30:00,37.54,37.54,37.54,37.54,201.0,BTO
2025-02-11 12:29:00,37.549,37.549,37.549,37.549,200.0,BTO
2025-02-11 12:10:00,37.569,37.62,37.569,37.62,206.0,BTO
2025-02-11 11:56:00,37.529,37.53,37.529,37.53,482.0,BTO
2025-02-11 11:55:00,37.45,37.45,37.45,37.45,1000.0,BTO
2025-02-11 11:51:00,37.53,37.53,37.53,37.53,200.0,BTO
2025-02-11 11:48:00,37.45,37.465,37.45,37.465,350.0,BTO
2025-02-11 11:43:00,37.4856,37.4856,37.4856,37.4856,100.0,BTO
2025-02-11 11:40:00,37.4657,37.4657,37.4657,37.4657,200.0,BTO
2025-02-11 11:32:00,37.465,37.465,37.465,37.465,200.0,BTO
2025-02-11 11:29:00,37.48,37.48,37.48,37.48,512.0,BTO
2025-02-11 11:27:00,37.49,37.49,37.49,37.49,523.0,BTO
2025-02-11 11:20:00,37.4735,37.4735,37.4735,37.4735,1000.0,BTO
2025-02-11 11:16:00,37.4,37.4,37.4,37.4,148.0,BTO
2025-02-11 11:14:00,37.55,37.55,37.55,37.55,234.0,BTO
2025-02-11 11:13:00,37.54,37.5499,37.54,37.5499,572.0,BTO
2025-02-11 11:05:00,37.5499,37.5499,37.5499,37.5499,347.0,BTO
2025-02-11 11:03:00,37.465,37.465,37.465,37.465,112.0,BTO
2025-02-11 11:01:00,37.51,37.51,37.51,37.51,495.0,BTO
2025-02-11 10:59:00,37.485,37.51,37.485,37.485,5665.0,BTO
2025-02-11 10:57:00,37.57,37.57,37.57,37.57,387.0,BTO
2025-02-11 10:45:00,37.59,37.59,37.59,37.59,151.0,BTO
2025-02-11 10:41:00,37.61,37.61,37.61,37.61,102.0,BTO
2025-02-11 10:39:00,37.5479,37.5479,37.5479,37.5479,410.0,BTO
2025-02-11 10:38:00,37.6,37.6,37.6,37.6,133.0,BTO
2025-02-11 10:37:00,37.58,37.58,37.53,37.53,410.0,BTO
2025-02-11 10:35:00,37.58,37.58,37.58,37.58,300.0,BTO
2025-02-11 10:34:00,37.46,37.46,37.46,37.46,320.0,BTO
2025-02-11 10:31:00,37.4242,37.4254,37.4242,37.4254,636.0,BTO
2025-02-11 10:29:00,37.4,37.4,37.4,37.4,324.0,BTO
2025-02-11 10:23:00,37.46,37.46,37.46,37.46,100.0,BTO
2025-02-11 10:14:00,37.3423,37.3423,37.3423,37.3423,305.0,BTO
2025-02-11 10:12:00,37.42,37.42,37.42,37.42,136.0,BTO
2025-02-11 10:10:00,37.38,37.38,37.38,37.38,450.0,BTO
2025-02-11 10:07:00,37.43,37.44,37.43,37.44,479.0,BTO
2025-02-11 10:04:00,37.425,37.425,37.405,37.405,242.0,BTO
2025-02-11 09:59:00,37.5,37.5,37.5,37.5,551.0,BTO
2025-02-11 09:58:00,37.47,37.47,37.47,37.47,811.0,BTO
2025-02-11 09:56:00,37.3366,37.54,37.3366,37.54,372.0,BTO
2025-02-11 09:52:00,37.31,37.31,37.31,37.31,354.0,BTO
2025-02-11 09:51:00,37.5,37.5,37.5,37.5,670.0,BTO
2025-02-11 09:47:00,37.61,37.62,37.61,37.61,1086.0,BTO
2025-02-11 09:30:00,37.27,37.27,37.27,37.27,1820.0,BTO
2025-02-11 06:37:00,38.29,38.29,37.04,37.1,3.0,BTO
2025-02-11 06:36:00,38.34,38.34,38.34,38.34,1.0,BTO
2025-02-11 05:14:00,38.19,38.19,38.19,38.19,1.0,BTO
2025-02-11 04:49:00,38.34,38.34,38.34,38.34,3.0,BTO
2025-02-10 19:00:00,37.64,37.64,37.64,37.64,698.0,BTO
2025-02-10 18:30:00,37.64,37.64,37.64,37.64,698.0,BTO
2025-02-10 16:32:00,36.7575,36.7575,36.7575,36.7575,300.0,BTO
2025-02-10 16:10:00,37.64,37.64,37.64,37.64,698.0,BTO
2025-02-10 16:00:00,37.64,37.64,37.63,37.64,1554.0,BTO
2025-02-10 15:59:00,37.64,37.64,37.628,37.64,760.0,BTO
2025-02-10 15:57:00,37.68,37.68,37.67,37.67,958.0,BTO
2025-02-10 15:55:00,37.7094,37.7094,37.7058,37.7058,415.0,BTO
2025-02-10 15:54:00,37.69,37.69,37.69,37.69,470.0,BTO
2025-02-10 15:49:00,37.72,37.72,37.72,37.72,156.0,BTO
2025-02-10 15:47:00,37.748,37.748,37.748,37.748,291.0,BTO
2025-02-10 15:34:00,37.74,37.74,37.72,37.72,1243.0,BTO
2025-02-10 15:31:00,37.7824,37.7824,37.7824,37.7824,100.0,BTO
2025-02-10 14:56:00,37.71,37.71,37.71,37.71,501.0,BTO
2025-02-10 14:41:00,37.6453,37.6453,37.6453,37.6453,255.0,BTO
2025-02-10 14:40:00,37.7676,37.7676,37.7676,37.7676,180.0,BTO
2025-02-10 14:32:00,37.71,37.71,37.71,37.71,275.0,BTO
2025-02-10 14:23:00,37.71,37.71,37.71,37.71,200.0,BTO
2025-02-10 14:10:00,37.62,37.62,37.62,37.62,100.0,BTO
2025-02-10 14:09:00,37.6928,37.6928,37.6928,37.6928,201.0,BTO
2025-02-10 13:54:00,37.665,37.665,37.665,37.665,365.0,BTO
2025-02-10 13:41:00,37.7899,37.7899,37.7899,37.7899,131.0,BTO
2025-02-10 13:40:00,37.7899,37.7899,37.7899,37.7899,165.0,BTO
2025-02-10 13:38:00,37.5989,37.6,37.5989,37.6,772.0,BTO
2025-02-10 13:34:00,37.5999,37.5999,37.5999,37.5999,114.0,BTO
2025-02-10 13:33:00,37.5504,37.5504,37.5504,37.5504,1200.0,BTO
2025-02-10 13:26:00,37.5994,37.5994,37.5994,37.5994,150.0,BTO
2025-02-10 13:18:00,37.5103,37.5103,37.5103,37.5103,150.0,BTO
2025-02-10 13:11:00,37.546,37.546,37.546,37.546,201.0,BTO
2025-02-10 13:05:00,37.56,37.56,37.56,37.56,600.0,BTO
2025-02-10 13:01:00,37.6,37.6,37.6,37.6,595.0,BTO
2025-02-10 12:58:00,37.55,37.55,37.55,37.55,200.0,BTO
2025-02-10 12:51:00,37.55,37.55,37.5,37.5,737.0,BTO
2025-02-10 12:50:00,37.55,37.6,37.55,37.6,635.0,BTO
2025-02-10 12:49:00,37.4999,37.4999,37.4999,37.4999,800.0,BTO
2025-02-10 12:40:00,37.3992,37.3992,37.3992,37.3992,815.0,BTO
2025-02-10 12:34:00,37.39,37.39,37.39,37.39,200.0,BTO
2025-02-10 12:31:00,37.459,37.459,37.459,37.459,135.0,BTO
2025-02-10 12:27:00,37.533,37.533,37.52,37.52,415.0,BTO
2025-02-10 12:26:00,37.5991,37.5991,37.5991,37.5991,200.0,BTO
2025-02-10 12:07:00,37.46,37.46,37.46,37.46,150.0,BTO
2025-02-10 11:58:00,37.58,37.58,37.56,37.56,382.0,BTO
2025-02-10 11:55:00,37.5074,37.5074,37.5074,37.5074,432.0,BTO
2025-02-10 11:53:00,37.5,37.79,37.5,37.79,1063.0,BTO
2025-02-10 11:52:00,37.5899,37.5899,37.5899,37.5899,203.0,BTO
2025-02-10 11:46:00,37.404,37.404,37.404,37.404,165.0,BTO
2025-02-10 11:44:00,37.56,37.56,37.56,37.56,145.0,BTO
2025-02-10 11:39:00,37.4132,37.4132,37.4132,37.4132,278.0,BTO
2025-02-10 11:30:00,37.435,37.435,37.435,37.435,434.0,BTO
2025-02-10 11:19:00,37.435,37.435,37.435,37.435,110.0,BTO
2025-02-10 11:10:00,37.465,37.465,37.465,37.465,1500.0,BTO
2025-02-10 11:09:00,37.65,37.65,37.65,37.65,181.0,BTO
2025-02-10 11:08:00,37.61,37.65,37.6,37.6499,2812.0,BTO
2025-02-10 10:50:00,37.5,37.6,37.5,37.6,868.0,BTO
2025-02-10 10:48:00,37.78,37.78,37.5,37.535,1389.0,BTO
2025-02-10 10:42:00,37.65,37.75,37.65,37.75,1027.0,BTO
2025-02-10 10:40:00,37.72,37.72,37.72,37.72,160.0,BTO
2025-02-10 10:13:00,37.79,37.7999,37.79,37.7999,384.0,BTO
2025-02-10 10:12:00,37.68,37.6987,37.66,37.66,1737.0,BTO
2025-02-10 10:06:00,37.86,37.88,37.86,37.86,938.0,BTO
2025-02-10 10:04:00,37.89,37.9,37.89,37.9,727.0,BTO
2025-02-10 10:01:00,37.86,37.86,37.83,37.83,367.0,BTO
2025-02-10 09:54:00,37.95,37.95,37.95,37.95,100.0,BTO
2025-02-10 09:52:00,37.951,38.095,37.95,38.095,502.0,BTO
2025-02-10 09:50:00,37.9829,37.9829,37.9829,37.9829,402.0,BTO
2025-02-10 09:49:00,38.0201,38.0201,37.98,37.98,1095.0,BTO
2025-02-10 09:39:00,38.135,38.16,38.08,38.1,1624.0,BTO
2025-02-10 09:37:00,38.1,38.1,38.1,38.1,416.0,BTO
2025-02-10 09:30:00,38.35,38.35,38.29,38.29,1473.0,BTO
2025-02-10 09:18:00,38.98,38.98,38.98,38.98,1.0,BTO
2025-02-10 08:47:00,37.79,37.79,37.79,37.79,1.0,BTO
2025-02-10 08:00:00,36.16,36.16,34.99,36.16,27.0,BTO
2025-02-10 07:00:00,37.59,37.59,37.59,37.59,23.0,BTO
2025-02-07 19:00:00,38.29,38.29,38.29,38.29,620.0,BTO
2025-02-07 18:30:00,38.29,38.29,38.29,38.29,620.0,BTO
2025-02-07 16:10:00,38.29,38.29,38.29,38.29,620.0,BTO
2025-02-07 16:00:00,38.16,38.29,38.06,38.29,1403.0,BTO
2025-02-07 15:59:00,38.17,38.18,38.16,38.16,412.0,BTO
2025-02-07 15:57:00,38.34,38.34,38.2896,38.2896,2436.0,BTO
2025-02-07 15:50:00,38.2,38.2,38.2,38.2,100.0,BTO
2025-02-07 15:40:00,38.476,38.476,38.476,38.476,1348.0,BTO
2025-02-07 15:35:00,38.3,38.3,38.3,38.3,500.0,BTO
2025-02-07 15:34:00,38.3,38.3,38.3,38.3,100.0,BTO
2025-02-07 15:33:00,38.3,38.3,38.3,38.3,100.0,BTO
2025-02-07 15:15:00,38.3533,38.3533,38.3533,38.3533,233.0,BTO
2025-02-07 15:08:00,38.16,38.16,38.15,38.15,666.0,BTO
2025-02-07 15:05:00,38.12,38.12,38.12,38.12,100.0,BTO
2025-02-07 14:34:00,38.16,38.16,38.16,38.16,259.0,BTO
2025-02-07 14:30:00,38.1,38.1,38.1,38.1,195.0,BTO
2025-02-07 14:28:00,38.115,38.115,38.115,38.115,140.0,BTO
2025-02-07 14:18:00,38.19,38.19,38.19,38.19,450.0,BTO
2025-02-07 14:13:00,38.075,38.075,38.015,38.015,434.0,BTO
2025-02-07 14:10:00,38.03,38.03,38.03,38.03,1665.0,BTO
2025-02-07 13:55:00,38.0853,38.0853,38.0853,38.0853,198.0,BTO
2025-02-07 13:50:00,38.16,38.16,38.16,38.16,200.0,BTO
2025-02-07 13:49:00,38.2,38.2,38.2,38.2,100.0,BTO
2025-02-07 13:48:00,38.23,38.23,38.23,38.23,101.0,BTO
2025-02-07 13:46:00,38.27,38.27,38.27,38.27,101.0,BTO
2025-02-07 13:45:00,38.28,38.28,38.28,38.28,151.0,BTO
2025-02-07 13:32:00,38.3815,38.3815,38.3815,38.3815,120.0,BTO
2025-02-07 13:26:00,38.35,38.35,38.35,38.35,247.0,BTO
2025-02-07 13:07:00,38.3439,38.3439,38.3439,38.3439,1000.0,BTO
2025-02-07 12:57:00,38.3735,38.3735,38.3735,38.3735,104.0,BTO
2025-02-07 12:27:00,38.28,38.28,38.28,38.28,235.0,BTO
2025-02-07 12:08:00,38.3,38.3,38.3,38.3,400.0,BTO
2025-02-07 11:55:00,38.29,38.29,38.29,38.29,213.0,BTO
2025-02-07 11:49:00,38.2999,38.2999,38.2999,38.2999,100.0,BTO
2025-02-07 11:46:00,38.28,38.28,38.27,38.27,217.0,BTO
2025-02-07 11:37:00,38.2094,38.2094,38.2094,38.2094,250.0,BTO
2025-02-07 11:36:00,38.25,38.2622,38.18,38.2622,1000.0,BTO
2025-02-07 11:30:00,38.31,38.31,38.31,38.31,329.0,BTO
2025-02-07 11:28:00,38.32,38.32,38.32,38.32,202.0,BTO
2025-02-07 11:20:00,38.3193,38.3193,38.3193,38.3193,266.0,BTO
2025-02-07 11:02:00,38.185,38.185,38.185,38.185,100.0,BTO
2025-02-07 10:48:00,38.2,38.2,38.2,38.2,118.0,BTO
2025-02-07 10:36:00,38.25,38.25,38.2499,38.2499,1409.0,BTO
2025-02-07 10:34:00,38.125,38.125,38.125,38.125,155.0,BTO
2025-02-07 10:25:00,38.14,38.24,38.14,38.24,465.0,BTO
2025-02-07 10:24:00,38.18,38.18,38.18,38.18,159.0,BTO
2025-02-07 10:18:00,38.4,38.4,38.4,38.4,530.0,BTO
2025-02-07 10:14:00,38.15,38.15,38.15,38.15,199.0,BTO
2025-02-07 10:13:00,38.4647,38.4647,38.4647,38.4647,1505.0,BTO
2025-02-07 10:12:00,38.23,38.23,38.23,38.23,423.0,BTO
2025-02-07 09:59:00,38.525,38.525,38.525,38.525,813.0,BTO
2025-02-07 09:58:00,38.7,38.7,38.7,38.7,209.0,BTO
2025-02-07 09:52:00,38.7425,38.7425,38.7425,38.7425,243.0,BTO
2025-02-07 09:50:00,38.41,38.41,38.41,38.41,216.0,BTO
2025-02-07 09:47:00,38.51,38.51,38.51,38.51,692.0,BTO
2025-02-07 09:45:00,38.5,38.5,38.4,38.4,835.0,BTO
2025-02-07 09:43:00,38.52,38.52,38.52,38.52,1775.0,BTO
2025-02-07 09:42:00,38.37,38.37,38.37,38.37,332.0,BTO
2025-02-07 09:39:00,38.58,38.58,38.58,38.58,266.0,BTO
2025-02-07 09:38:00,38.55,38.55,38.5,38.5,1160.0,BTO
2025-02-07 09:37:00,38.63,38.63,38.63,38.63,782.0,BTO
2025-02-07 09:36:00,38.68,38.68,38.68,38.68,561.0,BTO
2025-02-07 09:31:00,38.485,38.485,38.485,38.485,645.0,BTO
2025-02-07 09:30:00,38.59,38.59,38.59,38.59,1746.0,BTO
2025-02-07 07:59:00,38.52,38.52,38.37,38.37,6.0,BTO
2025-02-07 04:45:00,37.37,37.84,37.37,37.84,5.0,BTO
2025-02-06 19:00:00,38.37,38.37,38.37,38.37,300.0,BTO
2025-02-06 18:30:00,38.37,38.37,38.37,38.37,300.0,BTO
2025-02-06 16:41:00,38.99,38.99,38.99,38.99,1.0,BTO
2025-02-06 16:10:00,38.37,38.37,38.37,38.37,300.0,BTO
2025-02-06 16:00:00,38.39,38.4,38.37,38.37,710.0,BTO
2025-02-06 15:59:00,38.32,38.39,38.32,38.39,303.0,BTO
2025-02-06 15:58:00,38.3353,38.3353,38.3353,38.3353,105.0,BTO
2025-02-06 15:55:00,38.4,38.4,38.4,38.4,308.0,BTO
2025-02-06 15:50:00,38.32,38.32,38.32,38.32,240.0,BTO
2025-02-06 15:39:00,38.3989,38.3989,38.3902,38.3902,469.0,BTO
2025-02-06 15:35:00,38.4,38.4,38.4,38.4,100.0,BTO
2025-02-06 15:29:00,38.37,38.37,38.37,38.37,450.0,BTO
2025-02-06 15:05:00,38.24,38.26,38.24,38.26,502.0,BTO
2025-02-06 15:00:00,38.15,38.15,38.15,38.15,305.0,BTO
2025-02-06 14:58:00,38.125,38.125,38.125,38.125,567.0,BTO
2025-02-06 14:54:00,38.22,38.235,38.22,38.235,1143.0,BTO
2025-02-06 14:52:00,38.2358,38.25,38.2358,38.25,445.0,BTO
2025-02-06 14:51:00,38.25,38.25,38.25,38.25,1207.0,BTO
2025-02-06 14:49:00,38.25,38.25,38.25,38.25,248.0,BTO
2025-02-06 14:47:00,38.2042,38.2042,38.2042,38.2042,446.0,BTO
2025-02-06 14:46:00,38.2,38.2,38.2,38.2,813.0,BTO
2025-02-06 14:43:00,38.27,38.27,38.27,38.27,501.0,BTO
2025-02-06 14:30:00,38.41,38.41,38.41,38.41,251.0,BTO
2025-02-06 14:23:00,38.505,38.55,38.27,38.55,6173.0,BTO
2025-02-06 14:21:00,38.54,38.54,38.54,38.54,200.0,BTO
2025-02-06 14:20:00,38.5128,38.5128,38.5128,38.5128,300.0,BTO
2025-02-06 14:19:00,38.56,38.56,38.56,38.56,165.0,BTO
2025-02-06 14:14:00,38.6699,38.6699,38.6699,38.6699,1292.0,BTO
2025-02-06 14:05:00,38.6862,38.6862,38.6862,38.6862,1004.0,BTO
2025-02-06 14:01:00,38.605,38.605,38.605,38.605,190.0,BTO
2025-02-06 13:55:00,38.5635,38.5635,38.5635,38.5635,400.0,BTO
2025-02-06 13:44:00,38.625,38.625,38.625,38.625,149.0,BTO
2025-02-06 13:29:00,38.62,38.62,38.62,38.62,200.0,BTO
2025-02-06 13:27:00,38.688,38.688,38.688,38.688,110.0,BTO
2025-02-06 13:13:00,38.695,38.695,38.695,38.695,290.0,BTO
2025-02-06 13:12:00,38.7419,38.7419,38.61,38.61,1114.0,BTO
2025-02-06 13:07:00,38.6009,38.695,38.6009,38.695,710.0,BTO
2025-02-06 13:01:00,38.645,38.645,38.645,38.645,447.0,BTO
2025-02-06 12:53:00,38.7899,38.7899,38.7899,38.7899,651.0,BTO
2025-02-06 12:51:00,38.67,38.67,38.67,38.67,316.0,BTO
2025-02-06 12:44:00,38.67,38.67,38.67,38.67,136.0,BTO
2025-02-06 12:43:00,38.67,38.67,38.67,38.67,123.0,BTO
2025-02-06 12:41:00,38.67,38.67,38.67,38.67,120.0,BTO
2025-02-06 12:40:00,38.67,38.67,38.67,38.67,500.0,BTO
2025-02-06 12:34:00,38.76,38.78,38.76,38.78,288.0,BTO
2025-02-06 12:33:00,38.6364,38.6364,38.6364,38.6364,412.0,BTO
2025-02-06 12:25:00,38.63,38.64,38.6101,38.64,1462.0,BTO
2025-02-06 12:23:00,38.7,38.7,38.7,38.7,714.0,BTO
2025-02-06 12:18:00,38.58,38.669,38.56,38.669,1190.0,BTO
2025-02-06 12:16:00,38.56,38.56,38.56,38.56,796.0,BTO
2025-02-06 12:15:00,38.65,38.65,38.65,38.65,350.0,BTO
2025-02-06 12:14:00,38.5712,38.5712,38.5712,38.5712,300.0,BTO
2025-02-06 12:13:00,38.725,38.725,38.725,38.725,700.0,BTO
2025-02-06 12:10:00,38.7999,38.7999,38.7999,38.7999,143.0,BTO
2025-02-06 12:01:00,38.5657,38.5657,38.5657,38.5657,366.0,BTO
2025-02-06 11:59:00,38.65,38.65,38.6499,38.6499,284.0,BTO
2025-02-06 11:48:00,38.54,38.54,38.54,38.54,100.0,BTO
2025-02-06 11:47:00,38.555,38.555,38.555,38.555,651.0,BTO
2025-02-06 11:33:00,38.54,38.54,38.54,38.54,200.0,BTO
2025-02-06 11:18:00,38.55,38.55,38.53,38.53,200.0,BTO
2025-02-06 11:12:00,38.64,38.64,38.64,38.64,200.0,BTO
2025-02-06 11:10:00,38.5826,38.5826,38.5826,38.5826,260.0,BTO
2025-02-06 11:09:00,38.5706,38.5706,38.5706,38.5706,300.0,BTO
2025-02-06 11:08:00,38.57,38.57,38.57,38.57,350.0,BTO
2025-02-06 11:06:00,38.48,38.5,38.46,38.5,1516.0,BTO
2025-02-06 11:05:00,38.44,38.44,38.44,38.44,200.0,BTO
2025-02-06 11:04:00,38.4999,38.4999,38.4999,38.4999,150.0,BTO
2025-02-06 11:02:00,38.44,38.44,38.44,38.44,200.0,BTO
2025-02-06 10:59:00,38.49,38.49,38.49,38.49,200.0,BTO
2025-02-06 10:55:00,38.5,38.5,38.5,38.5,125.0,BTO
2025-02-06 10:51:00,38.49,38.49,38.49,38.49,100.0,BTO
2025-02-06 10:48:00,38.49,38.49,38.49,38.49,165.0,BTO
2025-02-06 10:39:00,38.4,38.4,38.4,38.4,350.0,BTO
2025-02-06 10:37:00,38.4,38.4,38.39,38.4,829.0,BTO
2025-02-06 10:35:00,38.36,38.4,38.36,38.39,1774.0,BTO
2025-02-06 10:34:00,38.4,38.4,38.4,38.4,737.0,BTO
2025-02-06 10:27:00,38.3446,38.3446,38.3446,38.3446,527.0,BTO
2025-02-06 10:25:00,38.39,38.39,38.39,38.39,101.0,BTO
2025-02-06 10:24:00,38.28,38.28,38.28,38.28,153.0,BTO
2025-02-06 10:23:00,38.4,38.4,38.4,38.4,112.0,BTO
2025-02-06 10:12:00,38.4208,38.4208,38.39,38.39,1112.0,BTO
2025-02-06 10:10:00,38.39,38.39,38.39,38.39,100.0,BTO
2025-02-06 10:09:00,38.4999,38.4999,38.4999,38.4999,153.0,BTO
2025-02-06 09:54:00,38.3,38.3,38.3,38.3,334.0,BTO
2025-02-06 09:53:00,38.28,38.28,38.28,38.28,227.0,BTO
2025-02-06 09:46:00,38.275,38.275,38.275,38.275,171.0,BTO
2025-02-06 09:45:00,38.0501,38.49,38.0501,38.49,4408.0,BTO
2025-02-06 09:42:00,38.1,38.2,38.1,38.2,1722.0,BTO
2025-02-06 09:37:00,38.1,38.1,38.1,38.1,250.0,BTO
2025-02-06 09:35:00,38.1,38.1,38.1,38.1,130.0,BTO
2025-02-06 09:30:00,38.2,38.2,38.15,38.15,3128.0,BTO
2025-02-06 05:44:00,37.16,37.16,37.16,37.16,2.0,BTO
2025-02-06 05:16:00,37.15,37.15,37.15,37.15,1.0,BTO
2025-02-06 05:15:00,36.9,37.15,36.6,37.15,6.0,BTO
2025-02-05 19:00:00,38.1,38.1,38.1,38.1,380.0,BTO
2025-02-05 18:30:00,38.1,38.1,38.1,38.1,380.0,BTO
2025-02-05 16:10:00,38.1,38.1,38.1,38.1,380.0,BTO
2025-02-05 16:00:00,37.96,38.1,37.96,38.1,905.0,BTO
2025-02-05 15:59:00,38.092,38.092,37.96,37.96,444.0,BTO
2025-02-05 15:57:00,38.1,38.1,38.1,38.1,183.0,BTO
2025-02-05 15:55:00,38.17,38.17,38.17,38.17,328.0,BTO
2025-02-05 15:53:00,37.9922,38.06,37.9922,37.995,1013.0,BTO
2025-02-05 15:50:00,38.06,38.06,38.045,38.06,419.0,BTO
2025-02-05 15:47:00,38.06,38.06,38.06,38.06,100.0,BTO
2025-02-05 15:41:00,38.06,38.06,38.06,38.06,169.0,BTO
2025-02-05 15:32:00,38.0598,38.0598,38.0582,38.0582,928.0,BTO
2025-02-05 15:24:00,38.06,38.06,38.06,38.06,100.0,BTO
2025-02-05 15:15:00,37.939,37.98,37.939,37.98,391.0,BTO
2025-02-05 15:13:00,38.05,38.05,38.05,38.05,268.0,BTO
2025-02-05 15:11:00,38.0297,38.045,37.9567,38.045,1200.0,BTO
2025-02-05 15:09:00,38.05,38.05,38.05,38.05,100.0,BTO
2025-02-05 15:02:00,38.0,38.0,38.0,38.0,950.0,BTO
2025-02-05 15:01:00,37.95,37.95,37.95,37.95,204.0,BTO
2025-02-05 15:00:00,38.0,38.0,37.9999,37.9999,400.0,BTO
2025-02-05 14:49:00,37.95,37.95,37.95,37.95,903.0,BTO
2025-02-05 14:42:00,37.915,37.915,37.915,37.915,205.0,BTO
2025-02-05 14:32:00,37.95,37.95,37.95,37.95,100.0,BTO
2025-02-05 14:31:00,37.9398,37.9398,37.9398,37.9398,3040.0,BTO
2025-02-05 14:25:00,37.915,37.915,37.89,37.89,206.0,BTO
2025-02-05 14:12:00,37.94,37.9488,37.94,37.9488,798.0,BTO
2025-02-05 14:08:00,37.915,37.915,37.915,37.915,200.0,BTO
2025-02-05 14:02:00,37.8818,37.8818,37.8818,37.8818,625.0,BTO
2025-02-05 13:56:00,37.921,37.921,37.921,37.921,135.0,BTO
2025-02-05 13:55:00,37.9095,37.94,37.9095,37.94,300.0,BTO
2025-02-05 13:52:00,37.915,37.915,37.915,37.915,200.0,BTO
2025-02-05 13:47:00,37.93,37.93,37.9201,37.9201,977.0,BTO
2025-02-05 13:30:00,37.85,37.85,37.85,37.85,101.0,BTO
2025-02-05 13:27:00,37.8608,37.949,37.8608,37.949,1400.0,BTO
2025-02-05 13:20:00,37.94,37.94,37.94,37.94,269.0,BTO
2025-02-05 13:19:00,37.875,37.875,37.875,37.875,170.0,BTO
2025-02-05 13:15:00,37.96,37.96,37.96,37.96,500.0,BTO
2025-02-05 13:13:00,37.96,37.96,37.96,37.96,100.0,BTO
2025-02-05 13:12:00,37.96,37.96,37.96,37.96,355.0,BTO
2025-02-05 13:10:00,37.94,37.94,37.94,37.94,252.0,BTO
2025-02-05 13:09:00,37.87,37.94,37.87,37.9399,1525.0,BTO
2025-02-05 13:07:00,37.87,37.87,37.8699,37.8699,1250.0,BTO
2025-02-05 13:01:00,37.8684,37.8684,37.8684,37.8684,150.0,BTO
2025-02-05 12:59:00,37.8286,37.8287,37.8286,37.8287,666.0,BTO
2025-02-05 12:58:00,37.87,37.87,37.87,37.87,245.0,BTO
2025-02-05 12:48:00,37.7948,37.7948,37.7948,37.7948,300.0,BTO
2025-02-05 12:47:00,37.78,37.78,37.78,37.78,400.0,BTO
2025-02-05 12:43:00,37.78,37.78,37.78,37.78,225.0,BTO
2025-02-05 12:40:00,37.78,37.78,37.72,37.72,640.0,BTO
2025-02-05 12:34:00,37.78,37.78,37.77,37.77,626.0,BTO
2025-02-05 12:33:00,37.78,37.78,37.78,37.78,730.0,BTO
2025-02-05 12:29:00,37.78,37.78,37.78,37.78,250.0,BTO
2025-02-05 12:27:00,37.7201,37.73,37.7201,37.73,200.0,BTO
2025-02-05 12:23:00,37.722,37.722,37.722,37.722,203.0,BTO
2025-02-05 12:22:00,37.74,37.75,37.74,37.7455,3342.0,BTO
2025-02-05 12:17:00,37.75,37.75,37.735,37.735,550.0,BTO
2025-02-05 12:13:00,37.75,37.75,37.75,37.75,667.0,BTO
2025-02-05 12:10:00,37.75,37.75,37.75,37.75,233.0,BTO
2025-02-05 12:09:00,37.74,37.7491,37.73,37.7491,1000.0,BTO
2025-02-05 12:07:00,37.7246,37.7246,37.5242,37.5242,632.0,BTO
2025-02-05 11:52:00,37.75,37.75,37.59,37.59,234.0,BTO
2025-02-05 11:42:00,37.58,37.58,37.58,37.58,662.0,BTO
2025-02-05 11:28:00,37.6612,37.6612,37.6612,37.6612,900.0,BTO
2025-02-05 11:26:00,37.73,37.74,37.73,37.74,850.0,BTO
2025-02-05 11:24:00,37.4134,37.7499,37.4134,37.7499,1100.0,BTO
2025-02-05 11:22:00,37.58,37.58,37.58,37.58,130.0,BTO
2025-02-05 11:20:00,37.58,37.58,37.58,37.58,100.0,BTO
2025-02-05 11:07:00,37.58,37.58,37.58,37.58,267.0,BTO
2025-02-05 10:58:00,37.4101,37.4101,37.4101,37.4101,185.0,BTO
2025-02-05 10:44:00,37.75,37.75,37.75,37.75,200.0,BTO
2025-02-05 10:43:00,37.58,37.58,37.58,37.58,130.0,BTO
2025-02-05 10:34:00,37.75,37.75,37.75,37.75,150.0,BTO
2025-02-05 10:31:00,37.7,37.7,37.7,37.7,505.0,BTO
2025-02-05 10:23:00,37.7218,37.7218,37.7218,37.7218,192.0,BTO
2025-02-05 10:15:00,37.74,37.74,37.74,37.74,100.0,BTO
2025-02-05 10:14:00,37.6,37.6,37.6,37.6,602.0,BTO
2025-02-05 10:13:00,37.6,37.6,37.6,37.6,186.0,BTO
2025-02-05 10:12:00,37.7,37.7,37.7,37.7,564.0,BTO
2025-02-05 10:08:00,37.7198,37.7198,37.7198,37.7198,607.0,BTO
2025-02-05 10:04:00,37.5,37.51,37.5,37.51,371.0,BTO
2025-02-05 09:49:00,37.72,37.74,37.72,37.74,550.0,BTO
2025-02-05 09:39:00,37.74,37.74,37.74,37.74,226.0,BTO
2025-02-05 09:38:00,37.63,37.685,37.6,37.6,2005.0,BTO
2025-02-05 09:37:00,37.5875,37.5875,37.5875,37.5875,129.0,BTO
2025-02-05 09:35:00,37.6155,37.6155,37.6155,37.6155,220.0,BTO
2025-02-05 09:30:00,37.75,37.75,37.72,37.72,1665.0,BTO
2025-02-04 19:00:00,37.46,37.46,37.46,37.46,563.0,BTO
2025-02-04 18:37:00,37.38,37.38,37.38,37.38,2.0,BTO
2025-02-04 18:30:00,37.46,37.46,37.46,37.46,563.0,BTO
2025-02-04 18:14:00,38.06,38.06,38.06,38.06,1.0,BTO
2025-02-04 17:29:00,37.96,37.96,37.96,37.96,1.0,BTO
2025-02-04 16:25:00,38.1329,38.1329,38.1329,38.1329,95.0,BTO
2025-02-04 16:10:00,37.46,37.46,37.46,37.46,563.0,BTO
2025-02-04 16:00:00,37.46,37.46,37.39,37.46,1273.0,BTO
2025-02-04 15:59:00,37.44,37.46,37.37,37.46,1011.0,BTO
2025-02-04 15:54:00,37.39,37.43,37.39,37.43,418.0,BTO
2025-02-04 15:45:00,37.43,37.43,37.43,37.43,133.0,BTO
2025-02-04 15:38:00,37.385,37.385,37.385,37.385,100.0,BTO
2025-02-04 15:30:00,37.39,37.4,37.385,37.385,945.0,BTO
2025-02-04 15:25:00,37.415,37.415,37.415,37.415,2003.0,BTO
2025-02-04 15:24:00,37.4,37.4,37.4,37.4,479.0,BTO
2025-02-04 15:17:00,37.4338,37.4338,37.4338,37.4338,1582.0,BTO
2025-02-04 15:15:00,37.39,37.39,37.39,37.39,100.0,BTO
2025-02-04 15:13:00,37.47,37.47,37.47,37.47,141.0,BTO
2025-02-04 15:10:00,37.47,37.47,37.47,37.47,239.0,BTO
2025-02-04 14:59:00,37.425,37.425,37.425,37.425,685.0,BTO
2025-02-04 14:54:00,37.47,37.47,37.47,37.47,614.0,BTO
2025-02-04 14:46:00,37.49,37.49,37.49,37.49,372.0,BTO
2025-02-04 14:42:00,37.5,37.56,37.5,37.56,764.0,BTO
2025-02-04 14:41:00,37.495,37.5,37.495,37.5,300.0,BTO
2025-02-04 14:36:00,37.5,37.5,37.5,37.5,300.0,BTO
2025-02-04 14:32:00,37.415,37.415,37.415,37.415,135.0,BTO
2025-02-04 14:21:00,37.49,37.5,37.49,37.5,1000.0,BTO
2025-02-04 14:12:00,37.4913,37.4913,37.4913,37.4913,200.0,BTO
2025-02-04 13:31:00,37.39,37.445,37.3801,37.3801,2300.0,BTO
2025-02-04 13:30:00,37.46,37.46,37.36,37.4501,3447.0,BTO
2025-02-04 13:28:00,37.585,37.585,37.585,37.585,1439.0,BTO
2025-02-04 13:00:00,37.48,37.48,37.48,37.48,100.0,BTO
2025-02-04 12:54:00,37.4979,37.4979,37.4979,37.4979,125.0,BTO
2025-02-04 12:52:00,37.48,37.48,37.47,37.47,500.0,BTO
2025-02-04 12:49:00,37.53,37.53,37.53,37.53,100.0,BTO
2025-02-04 12:45:00,37.5428,37.5428,37.5428,37.5428,125.0,BTO
2025-02-04 12:35:00,37.46,37.46,37.46,37.46,152.0,BTO
2025-02-04 12:27:00,37.4,37.4,37.4,37.4,317.0,BTO
2025-02-04 12:26:00,37.5,37.5,37.5,37.5,727.0,BTO
2025-02-04 12:20:00,37.54,37.55,37.54,37.55,741.0,BTO
2025-02-04 12:17:00,37.5499,37.5499,37.5499,37.5499,213.0,BTO
2025-02-04 12:16:00,37.5499,37.5499,37.5499,37.5499,127.0,BTO
2025-02-04 12:10:00,37.5204,37.5204,37.5204,37.5204,1123.0,BTO
2025-02-04 12:08:00,37.5,37.5,37.5,37.5,107.0,BTO
2025-02-04 12:06:00,37.5217,37.5217,37.5217,37.5217,350.0,BTO
2025-02-04 12:04:00,37.54,37.55,37.54,37.55,1489.0,BTO
2025-02-04 12:03:00,37.5236,37.5236,37.5236,37.5236,100.0,BTO
2025-02-04 11:59:00,37.55,37.55,37.55,37.55,132.0,BTO
2025-02-04 11:49:00,37.3503,37.3503,37.3503,37.3503,524.0,BTO
2025-02-04 11:41:00,37.54,37.55,37.53,37.5499,1382.0,BTO
2025-02-04 11:39:00,37.44,37.55,37.44,37.55,548.0,BTO
2025-02-04 11:33:00,37.5115,37.5115,37.4617,37.4617,435.0,BTO
2025-02-04 11:25:00,37.54,37.54,37.54,37.54,109.0,BTO
2025-02-04 11:22:00,37.3521,37.3521,37.3521,37.3521,290.0,BTO
2025-02-04 11:09:00,37.44,37.44,37.44,37.44,107.0,BTO
2025-02-04 11:07:00,37.38,37.38,37.38,37.38,300.0,BTO
2025-02-04 10:56:00,37.33,37.33,37.33,37.33,300.0,BTO
2025-02-04 10:51:00,37.38,37.38,37.38,37.38,675.0,BTO
2025-02-04 10:40:00,37.4,37.4,37.4,37.4,615.0,BTO
2025-02-04 10:37:00,37.475,37.475,37.475,37.475,200.0,BTO
2025-02-04 10:28:00,37.37,37.37,37.37,37.37,2000.0,BTO
2025-02-04 10:24:00,37.3,37.3,37.3,37.3,1009.0,BTO
2025-02-04 10:18:00,37.3,37.5499,37.2669,37.2669,1627.0,BTO
2025-02-04 10:15:00,37.15,37.15,37.15,37.15,105.0,BTO
2025-02-04 10:14:00,37.15,37.15,37.15,37.15,600.0,BTO
2025-02-04 10:13:00,37.2999,37.2999,37.2999,37.2999,100.0,BTO
2025-02-04 09:56:00,37.3,37.3,37.0401,37.0401,1366.0,BTO
2025-02-04 09:54:00,37.395,37.395,37.39,37.39,430.0,BTO
2025-02-04 09:53:00,37.33,37.33,37.32,37.32,418.0,BTO
2025-02-04 09:52:00,37.3331,37.3331,37.3331,37.3331,179.0,BTO
2025-02-04 09:39:00,37.564,37.564,37.564,37.564,1318.0,BTO
2025-02-04 09:30:00,37.37,37.37,37.37,37.37,1554.0,BTO
2025-02-04 08:02:00,37.32,37.32,37.32,37.32,1.0,BTO
2025-02-03 19:00:00,37.32,37.32,37.32,37.32,466.0,BTO
2025-02-03 18:53:00,37.32,37.32,37.32,37.32,2.0,BTO
2025-02-03 18:30:00,37.32,37.32,37.32,37.32,466.0,BTO
2025-02-03 16:10:00,37.32,37.32,37.32,37.32,466.0,BTO
2025-02-03 16:00:00,37.22,37.32,37.22,37.32,1080.0,BTO
2025-02-03 15:59:00,37.22,37.22,37.22,37.22,314.0,BTO
2025-02-03 15:54:00,37.28,37.28,37.28,37.28,286.0,BTO
2025-02-03 15:50:00,37.25,37.25,37.25,37.25,693.0,BTO
2025-02-03 15:49:00,37.2406,37.2406,37.2406,37.2406,523.0,BTO
2025-02-03 15:35:00,37.2234,37.2234,37.2234,37.2234,193.0,BTO
2025-02-03 15:34:00,37.23,37.23,37.23,37.23,100.0,BTO
2025-02-03 15:26:00,37.2568,37.2568,37.2568,37.2568,100.0,BTO
2025-02-03 15:22:00,37.34,37.34,37.34,37.34,435.0,BTO
2025-02-03 15:18:00,37.33,37.33,37.33,37.33,266.0,BTO
2025-02-03 15:17:00,37.2896,37.2896,37.2896,37.2896,189.0,BTO
2025-02-03 15:16:00,37.291,37.291,37.291,37.291,257.0,BTO
2025-02-03 15:13:00,37.2,37.2,37.2,37.2,100.0,BTO
2025-02-03 15:08:00,37.26,37.26,37.26,37.26,309.0,BTO
2025-02-03 14:54:00,37.2,37.2,37.2,37.2,1179.0,BTO
2025-02-03 14:49:00,37.12,37.12,37.12,37.12,100.0,BTO
2025-02-03 14:47:00,37.1201,37.16,37.1201,37.16,753.0,BTO
2025-02-03 14:43:00,37.1463,37.1463,37.1463,37.1463,310.0,BTO
2025-02-03 14:42:00,37.1938,37.1938,37.1938,37.1938,848.0,BTO
2025-02-03 14:41:00,37.14,37.1579,37.14,37.1579,545.0,BTO
2025-02-03 14:31:00,37.1495,37.1495,37.1495,37.1495,430.0,BTO
2025-02-03 14:29:00,37.16,37.16,37.16,37.16,100.0,BTO
2025-02-03 14:23:00,37.1999,37.1999,37.1999,37.1999,538.0,BTO
2025-02-03 14:14:00,37.145,37.145,37.145,37.145,178.0,BTO
2025-02-03 13:58:00,37.06,37.06,37.06,37.06,193.0,BTO
2025-02-03 13:57:00,37.0731,37.0731,37.0731,37.0731,215.0,BTO
2025-02-03 13:41:00,37.18,37.19,37.18,37.19,500.0,BTO
2025-02-03 13:37:00,37.095,37.095,37.095,37.095,216.0,BTO
2025-02-03 13:36:00,37.1999,37.1999,37.1999,37.1999,134.0,BTO
2025-02-03 13:35:00,37.095,37.095,37.095,37.095,480.0,BTO
2025-02-03 13:31:00,37.0928,37.0928,37.0928,37.0928,1000.0,BTO
2025-02-03 13:29:00,37.095,37.095,37.095,37.095,159.0,BTO
2025-02-03 13:26:00,37.0154,37.0154,37.0154,37.0154,164.0,BTO
2025-02-03 13:23:00,37.07,37.07,37.07,37.07,100.0,BTO
2025-02-03 13:22:00,37.05,37.125,37.05,37.125,580.0,BTO
2025-02-03 13:12:00,37.19,37.2,37.19,37.2,429.0,BTO
2025-02-03 13:09:00,37.105,37.105,37.105,37.105,275.0,BTO
2025-02-03 13:07:00,37.0001,37.0001,37.0001,37.0001,165.0,BTO
2025-02-03 13:06:00,37.1545,37.1545,37.1545,37.1545,148.0,BTO
2025-02-03 13:05:00,37.135,37.135,37.135,37.135,550.0,BTO
2025-02-03 13:02:00,37.2,37.2,37.2,37.2,105.0,BTO
2025-02-03 12:49:00,37.2,37.2,37.2,37.2,192.0,BTO
2025-02-03 12:44:00,37.05,37.17,37.05,37.17,202.0,BTO
2025-02-03 12:41:00,37.165,37.165,37.165,37.165,265.0,BTO
2025-02-03 12:22:00,37.11,37.11,37.11,37.11,542.0,BTO
2025-02-03 12:12:00,37.1012,37.1012,37.1012,37.1012,100.0,BTO
2025-02-03 12:10:00,37.15,37.15,37.15,37.15,125.0,BTO
2025-02-03 12:07:00,37.08,37.08,37.08,37.08,385.0,BTO
2025-02-03 11:56:00,37.09,37.1844,37.09,37.1844,380.0,BTO
2025-02-03 11:55:00,37.1,37.11,37.1,37.11,345.0,BTO
2025-02-03 11:54:00,37.095,37.095,37.09,37.09,201.0,BTO
2025-02-03 11:53:00,37.1,37.1,37.09,37.09,200.0,BTO
2025-02-03 11:52:00,37.23,37.25,37.08,37.08,6650.0,BTO
2025-02-03 11:46:00,37.2499,37.2499,37.2499,37.2499,130.0,BTO
2025-02-03 11:40:00,37.08,37.08,37.08,37.08,110.0,BTO
2025-02-03 11:39:00,37.0917,37.0917,37.0917,37.0917,251.0,BTO
2025-02-03 11:38:00,37.248,37.248,37.248,37.248,250.0,BTO
2025-02-03 11:34:00,37.13,37.1611,37.13,37.1611,500.0,BTO
2025-02-03 11:32:00,37.13,37.13,37.04,37.04,200.0,BTO
2025-02-03 11:31:00,36.97,37.2373,36.97,37.13,365.0,BTO
2025-02-03 11:23:00,36.94,36.94,36.94,36.94,100.0,BTO
2025-02-03 11:22:00,37.0808,37.0808,36.9401,36.9401,465.0,BTO
2025-02-03 11:17:00,37.115,37.115,37.115,37.115,250.0,BTO
2025-02-03 11:07:00,37.05,37.05,37.05,37.05,198.0,BTO
2025-02-03 11:04:00,37.12,37.12,37.09,37.09,379.0,BTO
2025-02-03 10:58:00,37.314,37.314,37.314,37.314,200.0,BTO
2025-02-03 10:56:00,37.09,37.09,37.09,37.09,100.0,BTO
2025-02-03 10:54:00,37.0401,37.0401,37.0401,37.0401,146.0,BTO
2025-02-03 10:47:00,37.195,37.195,37.195,37.195,200.0,BTO
2025-02-03 10:38:00,37.21,37.22,37.21,37.22,583.0,BTO
2025-02-03 10:30:00,37.0408,37.0408,37.0408,37.0408,165.0,BTO
2025-02-03 10:29:00,37.02,37.02,37.02,37.02,103.0,BTO
2025-02-03 10:24:00,36.895,37.0,36.88,36.88,2140.0,BTO
2025-02-03 10:21:00,36.72,36.805,36.72,36.805,1086.0,BTO
2025-02-03 10:20:00,36.725,36.725,36.72,36.72,739.0,BTO
2025-02-03 10:19:00,36.75,36.75,36.75,36.75,200.0,BTO
2025-02-03 10:18:00,36.75,36.75,36.74,36.74,509.0,BTO
2025-02-03 10:16:00,36.76,36.77,36.76,36.7643,2500.0,BTO
2025-02-03 10:12:00,36.73,36.73,36.73,36.73,100.0,BTO
2025-02-03 10:11:00,36.725,36.725,36.725,36.725,115.0,BTO
2025-02-03 10:10:00,36.77,36.77,36.77,36.77,116.0,BTO
2025-02-03 10:08:00,36.7174,36.7174,36.7174,36.7174,131.0,BTO
2025-02-03 10:07:00,36.77,36.77,36.77,36.77,303.0,BTO
2025-02-03 10:04:00,36.7016,36.7016,36.675,36.675,436.0,BTO
2025-02-03 10:03:00,36.77,36.77,36.77,36.77,350.0,BTO
2025-02-03 10:00:00,36.69,36.7033,36.69,36.7033,329.0,BTO
2025-02-03 09:57:00,36.615,36.76,36.615,36.76,1500.0,BTO
2025-02-03 09:54:00,36.75,36.75,36.69,36.69,2743.0,BTO
2025-02-03 09:53:00,36.8222,36.8222,36.8222,36.8222,146.0,BTO
2025-02-03 09:46:00,36.825,36.9081,36.825,36.9081,254.0,BTO
2025-02-03 09:42:00,36.7571,36.7571,36.7571,36.7571,819.0,BTO
2025-02-03 09:41:00,36.89,36.89,36.89,36.89,165.0,BTO
2025-02-03 09:39:00,36.8152,36.8152,36.8152,36.8152,190.0,BTO
2025-02-03 09:38:00,36.86,36.8656,36.86,36.8656,286.0,BTO
2025-02-03 09:37:00,36.78,36.78,36.75,36.75,502.0,BTO
2025-02-03 09:36:00,36.7201,36.7201,36.7201,36.7201,358.0,BTO
2025-02-03 09:35:00,36.7538,36.7538,36.7538,36.7538,358.0,BTO
2025-02-03 09:34:00,37.28,37.28,37.0,37.0,2363.0,BTO
2025-02-03 09:33:00,37.33,37.33,37.28,37.28,412.0,BTO
2025-02-03 09:30:00,37.28,37.28,37.28,37.28,5507.0,BTO
2025-02-03 09:29:00,37.6,37.6,37.6,37.6,2.0,BTO
2025-02-03 08:16:00,37.0,37.0,37.0,37.0,2.0,BTO
2025-02-03 08:00:00,35.0,35.0,35.0,35.0,525.0,BTO
2025-02-03 07:53:00,37.91,37.91,37.91,37.91,20.0,BTO
2025-02-03 07:00:00,37.3,37.91,37.3,37.91,25.0,BTO
2025-01-31 19:00:00,37.51,37.51,37.51,37.51,196.0,BTO
2025-01-31 18:30:00,37.51,37.51,37.51,37.51,196.0,BTO
2025-01-31 17:26:00,37.39,37.39,37.39,37.39,1.0,BTO
2025-01-31 17:01:00,37.4,37.4,37.4,37.4,100.0,BTO
2025-01-31 16:10:00,37.51,37.51,37.51,37.51,196.0,BTO
2025-01-31 16:00:00,37.66,37.66,37.46,37.51,599.0,BTO
2025-01-31 15:45:00,37.66,37.66,37.66,37.66,402.0,BTO
2025-01-31 15:42:00,37.63,37.64,37.63,37.64,391.0,BTO
2025-01-31 15:03:00,37.475,37.475,37.475,37.475,400.0,BTO
2025-01-31 14:52:00,37.36,37.36,37.36,37.36,231.0,BTO
2025-01-31 14:48:00,37.36,37.36,37.36,37.36,139.0,BTO
2025-01-31 14:46:00,37.36,37.36,37.36,37.36,241.0,BTO
2025-01-31 14:39:00,37.45,37.45,37.45,37.45,100.0,BTO
2025-01-31 14:35:00,37.56,37.56,37.45,37.45,800.0,BTO
2025-01-31 14:33:00,37.485,37.485,37.485,37.485,150.0,BTO
2025-01-31 14:16:00,37.7099,37.7099,37.7099,37.7099,273.0,BTO
2025-01-31 14:07:00,37.485,37.485,37.485,37.485,100.0,BTO
2025-01-31 14:04:00,37.4701,37.4701,37.4701,37.4701,338.0,BTO
2025-01-31 13:56:00,37.7799,37.7799,37.7799,37.7799,313.0,BTO
2025-01-31 13:24:00,37.5301,37.5301,37.5301,37.5301,545.0,BTO
2025-01-31 13:19:00,37.8,37.8,37.8,37.8,130.0,BTO
2025-01-31 13:10:00,37.84,37.84,37.81,37.81,1452.0,BTO
2025-01-31 13:07:00,37.84,37.84,37.8251,37.8254,2070.0,BTO
2025-01-31 13:05:00,37.84,37.84,37.84,37.84,564.0,BTO
2025-01-31 12:36:00,37.88,37.88,37.8005,37.8005,400.0,BTO
2025-01-31 12:32:00,37.88,37.88,37.88,37.88,132.0,BTO
2025-01-31 12:31:00,37.88,37.88,37.88,37.88,322.0,BTO
2025-01-31 12:27:00,37.86,37.86,37.86,37.86,200.0,BTO
2025-01-31 12:17:00,37.95,37.95,37.95,37.95,200.0,BTO
2025-01-31 12:13:00,37.94,37.95,37.94,37.95,400.0,BTO
2025-01-31 12:07:00,37.9523,37.9523,37.9523,37.9523,467.0,BTO
2025-01-31 12:06:00,37.955,37.955,37.955,37.955,1116.0,BTO
2025-01-31 12:05:00,37.94,37.94,37.94,37.94,100.0,BTO
2025-01-31 12:04:00,37.9699,37.9699,37.9699,37.9699,210.0,BTO
2025-01-31 11:59:00,37.95,37.95,37.95,37.95,100.0,BTO
2025-01-31 11:50:00,37.97,37.97,37.97,37.97,237.0,BTO
2025-01-31 11:40:00,38.0,38.0,38.0,38.0,200.0,BTO
2025-01-31 11:37:00,37.98,37.98,37.98,37.98,172.0,BTO
2025-01-31 11:32:00,37.9569,37.9569,37.9569,37.9569,1240.0,BTO
2025-01-31 11:30:00,37.92,37.92,37.92,37.92,200.0,BTO
2025-01-31 11:27:00,37.99,37.9998,37.99,37.9998,265.0,BTO
2025-01-31 11:26:00,37.975,37.975,37.975,37.975,105.0,BTO
2025-01-31 11:24:00,37.98,37.98,37.9614,37.98,1163.0,BTO
2025-01-31 11:17:00,37.9722,37.9722,37.9722,37.9722,401.0,BTO
2025-01-31 11:06:00,37.91,37.91,37.91,37.91,226.0,BTO
2025-01-31 11:00:00,37.96,37.96,37.96,37.96,193.0,BTO
2025-01-31 10:59:00,37.9956,37.9956,37.9956,37.9956,604.0,BTO
2025-01-31 10:49:00,37.9422,37.9422,37.9422,37.9422,379.0,BTO
2025-01-31 10:31:00,37.99,38.0,37.9645,37.9645,1900.0,BTO
2025-01-31 10:19:00,37.92,37.92,37.91,37.91,502.0,BTO
2025-01-31 10:17:00,37.85,37.85,37.85,37.85,700.0,BTO
2025-01-31 10:10:00,37.92,37.92,37.92,37.92,142.0,BTO
2025-01-31 10:03:00,37.92,37.92,37.92,37.92,150.0,BTO
2025-01-31 09:57:00,37.9305,37.9305,37.9305,37.9305,1360.0,BTO
2025-01-31 09:45:00,37.865,37.865,37.865,37.865,1240.0,BTO
2025-01-31 09:33:00,37.7301,37.7301,37.7301,37.7301,500.0,BTO
2025-01-31 09:30:00,37.75,37.75,37.75,37.75,873.0,BTO
2025-01-30 19:00:00,37.68,37.68,37.68,37.68,463.0,BTO
2025-01-30 18:30:00,37.68,37.68,37.68,37.68,463.0,BTO
2025-01-30 16:10:00,37.68,37.68,37.68,37.68,463.0,BTO
2025-01-30 16:00:00,37.68,37.68,37.6,37.68,1196.0,BTO
2025-01-30 15:59:00,37.68,37.68,37.68,37.68,362.0,BTO
2025-01-30 15:58:00,37.59,37.605,37.59,37.605,475.0,BTO
2025-01-30 15:54:00,37.6,37.68,37.6,37.68,1000.0,BTO
2025-01-30 15:41:00,37.6599,37.6599,37.6599,37.6599,302.0,BTO
2025-01-30 15:38:00,37.6,37.65,37.6,37.65,1280.0,BTO
2025-01-30 15:34:00,37.635,37.635,37.635,37.635,146.0,BTO
2025-01-30 15:13:00,37.61,37.61,37.61,37.61,100.0,BTO
2025-01-30 15:10:00,37.6794,37.6794,37.6794,37.6794,221.0,BTO
2025-01-30 15:07:00,37.67,37.67,37.67,37.67,103.0,BTO
2025-01-30 15:00:00,37.6899,37.6899,37.6899,37.6899,100.0,BTO
2025-01-30 14:59:00,37.6428,37.6428,37.6428,37.6428,114.0,BTO
2025-01-30 14:54:00,37.5912,37.5912,37.5912,37.5912,100.0,BTO
2025-01-30 14:34:00,37.595,37.595,37.595,37.595,133.0,BTO
2025-01-30 14:09:00,37.68,37.6899,37.68,37.68,1300.0,BTO
2025-01-30 14:06:00,37.556,37.556,37.556,37.556,411.0,BTO
2025-01-30 14:03:00,37.64,37.69,37.5901,37.69,444.0,BTO
2025-01-30 13:46:00,37.545,37.545,37.545,37.545,106.0,BTO
2025-01-30 13:43:00,37.545,37.545,37.545,37.545,324.0,BTO
2025-01-30 13:37:00,37.64,37.64,37.64,37.64,1205.0,BTO
2025-01-30 13:30:00,37.52,37.52,37.52,37.52,280.0,BTO
2025-01-30 13:19:00,37.4776,37.4776,37.4776,37.4776,268.0,BTO
2025-01-30 13:02:00,37.6185,37.6185,37.6185,37.6185,546.0,BTO
2025-01-30 12:54:00,37.59,37.59,37.59,37.59,400.0,BTO
2025-01-30 12:41:00,37.5047,37.5047,37.5047,37.5047,101.0,BTO
2025-01-30 12:39:00,37.56,37.57,37.56,37.56,600.0,BTO
2025-01-30 12:32:00,37.55,37.555,37.55,37.55,300.0,BTO
2025-01-30 12:21:00,37.5325,37.5325,37.5325,37.5325,100.0,BTO
2025-01-30 12:18:00,37.49,37.53,37.49,37.5299,1599.0,BTO
2025-01-30 12:03:00,37.535,37.535,37.535,37.535,409.0,BTO
2025-01-30 12:01:00,37.5,37.5,37.5,37.5,100.0,BTO
2025-01-30 11:58:00,37.63,37.63,37.62,37.62,488.0,BTO
2025-01-30 11:53:00,37.3601,37.3601,37.3601,37.3601,300.0,BTO
2025-01-30 11:52:00,37.55,37.55,37.55,37.55,179.0,BTO
2025-01-30 11:50:00,37.6057,37.6057,37.6057,37.6057,120.0,BTO
2025-01-30 11:49:00,37.51,37.51,37.51,37.51,220.0,BTO
2025-01-30 11:25:00,37.5793,37.5793,37.5793,37.5793,250.0,BTO
2025-01-30 11:02:00,37.62,37.62,37.62,37.62,337.0,BTO
2025-01-30 10:53:00,37.6399,37.6399,37.6399,37.6399,149.0,BTO
2025-01-30 10:50:00,37.6399,37.6399,37.6399,37.6399,259.0,BTO
2025-01-30 10:43:00,37.3401,37.3401,37.3401,37.3401,235.0,BTO
2025-01-30 10:38:00,37.5,37.5,37.5,37.5,593.0,BTO
2025-01-30 10:37:00,37.6399,37.6399,37.5,37.5,421.0,BTO
2025-01-30 10:33:00,37.2501,37.2501,37.2501,37.2501,597.0,BTO
2025-01-30 10:32:00,37.2501,37.2501,37.2501,37.2501,727.0,BTO
2025-01-30 10:18:00,37.445,37.445,37.445,37.445,250.0,BTO
2025-01-30 09:30:00,37.5,37.64,37.5,37.64,1681.0,BTO
2025-01-30 08:14:00,36.77,36.77,36.77,36.77,1.0,BTO
2025-01-30 08:12:00,37.02,37.02,36.76,36.77,12.0,BTO
2025-01-30 04:59:00,36.36,36.36,36.36,36.36,1.0,BTO
2025-01-30 04:58:00,36.77,36.77,36.77,36.77,1.0,BTO
2025-01-29 19:00:00,37.3,37.3,37.3,37.3,532.0,BTO
2025-01-29 18:30:00,37.3,37.3,37.3,37.3,532.0,BTO
2025-01-29 16:10:00,37.3,37.3,37.3,37.3,532.0,BTO
2025-01-29 16:00:00,37.3,37.3,37.27,37.3,1176.0,BTO
2025-01-29 15:59:00,37.28,37.395,37.28,37.3,364.0,BTO
2025-01-29 15:38:00,37.28,37.28,37.28,37.28,110.0,BTO
2025-01-29 15:22:00,37.285,37.285,37.285,37.285,257.0,BTO
2025-01-29 15:11:00,37.405,37.405,37.405,37.405,595.0,BTO
2025-01-29 15:05:00,37.11,37.11,37.11,37.11,100.0,BTO
2025-01-29 14:39:00,37.3744,37.3744,37.3744,37.3744,300.0,BTO
2025-01-29 14:33:00,37.1144,37.1144,37.1144,37.1144,200.0,BTO
2025-01-29 14:30:00,37.33,37.33,37.33,37.33,507.0,BTO
2025-01-29 14:28:00,37.5129,37.5129,37.5129,37.5129,448.0,BTO
2025-01-29 14:23:00,37.25,37.25,37.25,37.25,702.0,BTO
2025-01-29 14:09:00,37.27,37.27,37.25,37.25,200.0,BTO
2025-01-29 14:05:00,37.275,37.275,37.27,37.27,222.0,BTO
2025-01-29 13:56:00,37.4654,37.4654,37.4654,37.4654,300.0,BTO
2025-01-29 13:54:00,37.53,37.53,37.3498,37.3498,421.0,BTO
2025-01-29 13:48:00,37.4503,37.54,37.4503,37.53,550.0,BTO
2025-01-29 13:41:00,37.4,37.4,37.4,37.4,174.0,BTO
2025-01-29 13:40:00,37.3722,37.3722,37.3722,37.3722,150.0,BTO
2025-01-29 13:36:00,37.4,37.4,37.4,37.4,800.0,BTO
2025-01-29 13:35:00,37.29,37.42,37.29,37.42,385.0,BTO
2025-01-29 13:27:00,37.42,37.42,37.42,37.42,130.0,BTO
2025-01-29 13:23:00,37.5499,37.5499,37.5499,37.5499,198.0,BTO
2025-01-29 13:21:00,37.5499,37.5499,37.5499,37.5499,177.0,BTO
2025-01-29 13:14:00,37.4001,37.4001,37.4001,37.4001,204.0,BTO
2025-01-29 13:08:00,37.5,37.5,37.5,37.5,754.0,BTO
2025-01-29 13:03:00,37.5,37.5,37.5,37.5,453.0,BTO
2025-01-29 13:02:00,37.45,37.45,37.43,37.43,391.0,BTO
2025-01-29 12:16:00,37.564,37.564,37.564,37.564,137.0,BTO
2025-01-29 12:03:00,37.3632,37.3632,37.3632,37.3632,225.0,BTO
2025-01-29 12:00:00,37.465,37.465,37.465,37.465,216.0,BTO
2025-01-29 11:58:00,37.3566,37.3566,37.3566,37.3566,100.0,BTO
2025-01-29 11:56:00,37.6799,37.6799,37.6799,37.6799,260.0,BTO
2025-01-29 11:44:00,37.515,37.515,37.515,37.515,1000.0,BTO
2025-01-29 11:30:00,37.3121,37.3121,37.3121,37.3121,682.0,BTO
2025-01-29 11:29:00,37.33,37.33,37.33,37.33,237.0,BTO
2025-01-29 11:18:00,37.47,37.47,37.47,37.47,111.0,BTO
2025-01-29 11:03:00,37.51,37.51,37.51,37.51,100.0,BTO
2025-01-29 10:55:00,37.387,37.387,37.387,37.387,124.0,BTO
2025-01-29 10:42:00,37.68,37.68,37.68,37.68,193.0,BTO
2025-01-29 10:41:00,37.67,37.67,37.67,37.67,302.0,BTO
2025-01-29 10:40:00,37.66,37.67,37.5642,37.66,635.0,BTO
2025-01-29 10:23:00,37.43,37.43,37.43,37.43,318.0,BTO
2025-01-29 10:19:00,37.5,37.5,37.5,37.5,179.0,BTO
2025-01-29 10:11:00,37.54,37.54,37.54,37.54,886.0,BTO
2025-01-29 09:53:00,37.5344,37.5344,37.52,37.52,1089.0,BTO
2025-01-29 09:49:00,37.9399,37.9399,37.9399,37.9399,202.0,BTO
2025-01-29 09:48:00,37.705,37.705,37.705,37.705,277.0,BTO
2025-01-29 09:38:00,37.94,37.94,37.94,37.94,1369.0,BTO
2025-01-29 09:30:00,37.59,37.59,37.59,37.59,2372.0,BTO
2025-01-29 09:10:00,37.89,37.89,37.89,37.89,1.0,BTO
2025-01-29 08:02:00,37.23,37.23,37.23,37.23,3.0,BTO
2025-01-28 19:00:00,37.23,37.23,37.23,37.23,226.0,BTO
2025-01-28 18:30:00,37.23,37.23,37.23,37.23,226.0,BTO
2025-01-28 16:10:00,37.23,37.23,37.23,37.23,226.0,BTO
2025-01-28 16:00:00,37.235,37.32,37.23,37.23,703.0,BTO
2025-01-28 15:59:00,37.32,37.32,37.32,37.32,345.0,BTO
2025-01-28 15:45:00,37.34,37.34,37.34,37.34,329.0,BTO
2025-01-28 15:43:00,37.113,37.3,37.113,37.3,268.0,BTO
2025-01-28 15:37:00,37.28,37.28,37.28,37.28,123.0,BTO
2025-01-28 15:32:00,37.185,37.185,37.185,37.185,122.0,BTO
2025-01-28 15:29:00,37.0859,37.0859,37.0859,37.0859,135.0,BTO
2025-01-28 15:10:00,37.145,37.145,37.145,37.145,100.0,BTO
2025-01-28 15:06:00,37.104,37.104,37.104,37.104,100.0,BTO
2025-01-28 15:04:00,36.91,36.91,36.91,36.91,229.0,BTO
2025-01-28 15:01:00,37.16,37.16,37.16,37.16,300.0,BTO
2025-01-28 14:53:00,37.0,37.0,37.0,37.0,194.0,BTO
2025-01-28 14:51:00,36.9795,36.9795,36.9795,36.9795,143.0,BTO
2025-01-28 14:50:00,36.9537,36.9537,36.9537,36.9537,350.0,BTO
2025-01-28 14:38:00,37.16,37.16,37.16,37.16,500.0,BTO
2025-01-28 14:13:00,36.844,36.844,36.844,36.844,329.0,BTO
2025-01-28 14:09:00,37.1,37.1,37.1,37.1,100.0,BTO
2025-01-28 14:05:00,37.0253,37.0253,37.0253,37.0253,121.0,BTO
2025-01-28 13:57:00,37.0109,37.0109,37.0109,37.0109,261.0,BTO
2025-01-28 13:54:00,37.15,37.15,37.01,37.01,653.0,BTO
2025-01-28 13:51:00,37.1597,37.1597,37.1597,37.1597,138.0,BTO
2025-01-28 13:49:00,37.2399,37.2399,37.2399,37.2399,126.0,BTO
2025-01-28 13:46:00,37.1981,37.2699,37.1981,37.2699,228.0,BTO
2025-01-28 13:45:00,37.2,37.2,37.2,37.2,329.0,BTO
2025-01-28 13:44:00,37.2799,37.2799,37.2799,37.2799,143.0,BTO
2025-01-28 13:41:00,37.24,37.24,37.24,37.24,1000.0,BTO
2025-01-28 13:37:00,37.2799,37.2799,37.2799,37.2799,169.0,BTO
2025-01-28 13:35:00,37.24,37.24,37.24,37.24,250.0,BTO
2025-01-28 13:28:00,37.2001,37.2001,37.2001,37.2001,140.0,BTO
2025-01-28 13:23:00,37.2001,37.2001,37.2001,37.2001,210.0,BTO
2025-01-28 13:21:00,37.2001,37.2001,37.2001,37.2001,223.0,BTO
2025-01-28 13:19:00,37.2799,37.2799,37.2799,37.2799,171.0,BTO
2025-01-28 13:03:00,37.25,37.25,37.2,37.2,615.0,BTO
2025-01-28 12:36:00,37.2497,37.2497,37.2497,37.2497,169.0,BTO
2025-01-28 12:33:00,37.225,37.225,37.225,37.225,100.0,BTO
2025-01-28 12:25:00,37.2849,37.2849,37.2849,37.2849,200.0,BTO
2025-01-28 12:17:00,37.2487,37.2487,37.2487,37.2487,150.0,BTO
2025-01-28 12:09:00,37.31,37.32,37.31,37.32,338.0,BTO
2025-01-28 12:08:00,37.32,37.32,37.32,37.32,261.0,BTO
2025-01-28 12:07:00,37.4899,37.4899,37.4899,37.4899,289.0,BTO
2025-01-28 12:05:00,37.26,37.26,37.26,37.26,150.0,BTO
2025-01-28 11:46:00,37.2589,37.2589,37.2589,37.2589,144.0,BTO
2025-01-28 11:26:00,37.3673,37.3673,37.3673,37.3673,100.0,BTO
2025-01-28 11:21:00,37.203,37.203,37.203,37.203,5051.0,BTO
2025-01-28 11:18:00,37.203,37.203,37.203,37.203,5000.0,BTO
2025-01-28 11:00:00,37.4,37.4,37.35,37.35,627.0,BTO
2025-01-28 10:55:00,37.4,37.4,37.4,37.4,101.0,BTO
2025-01-28 10:47:00,37.4,37.4,37.38,37.38,614.0,BTO
2025-01-28 10:32:00,37.39,37.4,37.39,37.4,468.0,BTO
2025-01-28 10:24:00,37.23,37.23,37.23,37.23,800.0,BTO
2025-01-28 10:22:00,37.162,37.162,37.162,37.162,401.0,BTO
2025-01-28 10:19:00,37.1001,37.1001,37.1001,37.1001,500.0,BTO
2025-01-28 10:12:00,37.3,37.3,37.2233,37.2233,508.0,BTO
2025-01-28 10:11:00,37.305,37.305,37.2961,37.2961,254.0,BTO
2025-01-28 10:02:00,37.2385,37.2385,37.2385,37.2385,802.0,BTO
2025-01-28 10:01:00,37.05,37.05,37.05,37.05,121.0,BTO
2025-01-28 09:59:00,36.9743,36.9743,36.9743,36.9743,5002.0,BTO
2025-01-28 09:51:00,37.305,37.305,37.305,37.305,100.0,BTO
2025-01-28 09:50:00,37.2908,37.2908,37.2908,37.2908,180.0,BTO
2025-01-28 09:41:00,37.35,37.49,37.35,37.49,845.0,BTO
2025-01-28 09:34:00,37.3,37.3,37.3,37.3,282.0,BTO
2025-01-28 09:31:00,37.47,37.47,37.1315,37.1315,261.0,BTO
2025-01-28 09:30:00,37.5,37.5,37.45,37.47,3027.0,BTO
2025-01-27 19:03:00,36.32,36.32,36.32,36.32,1.0,BTO
2025-01-27 19:00:00,37.2,37.2,37.2,37.2,802.0,BTO
2025-01-27 18:59:00,35.582,35.582,35.582,35.582,230.0,BTO
2025-01-27 18:30:00,37.2,37.2,37.2,37.2,802.0,BTO
2025-01-27 16:10:00,37.2,37.2,37.2,37.2,802.0,BTO
2025-01-27 16:00:00,37.13,37.2,37.13,37.2,1706.0,BTO
2025-01-27 15:59:00,37.2,37.2,37.2,37.2,823.0,BTO
2025-01-27 15:58:00,37.1053,37.1053,37.1053,37.1053,312.0,BTO
2025-01-27 15:57:00,37.2,37.2,37.2,37.2,109.0,BTO
2025-01-27 15:53:00,37.2,37.21,37.1,37.2,1969.0,BTO
2025-01-27 15:52:00,37.2,37.2,37.2,37.2,232.0,BTO
2025-01-27 15:40:00,37.135,37.27,37.135,37.26,1120.0,BTO
2025-01-27 15:38:00,37.0001,37.0001,37.0001,37.0001,187.0,BTO
2025-01-27 15:37:00,37.05,37.135,37.05,37.135,304.0,BTO
2025-01-27 15:32:00,37.1334,37.1334,37.1334,37.1334,100.0,BTO
2025-01-27 15:30:00,37.25,37.25,37.25,37.25,190.0,BTO
2025-01-27 15:18:00,37.135,37.135,37.135,37.135,124.0,BTO
2025-01-27 15:17:00,37.04,37.04,37.04,37.04,100.0,BTO
2025-01-27 14:59:00,37.13,37.14,37.13,37.14,372.0,BTO
2025-01-27 14:57:00,37.219,37.219,37.12,37.12,250.0,BTO
2025-01-27 14:55:00,37.1263,37.1263,37.1263,37.1263,200.0,BTO
2025-01-27 14:54:00,37.13,37.13,37.12,37.12,996.0,BTO
2025-01-27 14:52:00,37.14,37.14,37.13,37.13,1775.0,BTO
2025-01-27 14:49:00,37.19,37.19,37.14,37.14,1792.0,BTO
2025-01-27 14:42:00,37.19,37.19,37.19,37.19,100.0,BTO
2025-01-27 14:28:00,37.2724,37.2724,37.2724,37.2724,268.0,BTO
2025-01-27 14:27:00,37.1801,37.1801,37.1801,37.1801,915.0,BTO
2025-01-27 14:26:00,37.14,37.1802,37.12,37.1802,1735.0,BTO
2025-01-27 14:20:00,37.1342,37.1342,37.1342,37.1342,550.0,BTO
2025-01-27 14:19:00,37.15,37.15,37.15,37.15,421.0,BTO
2025-01-27 14:11:00,37.17,37.17,37.12,37.15,583.0,BTO
2025-01-27 14:10:00,37.19,37.19,37.18,37.18,336.0,BTO
2025-01-27 14:07:00,37.19,37.19,37.17,37.17,600.0,BTO
2025-01-27 14:06:00,37.15,37.15,37.15,37.15,260.0,BTO
2025-01-27 14:02:00,37.1896,37.1896,37.17,37.17,301.0,BTO
2025-01-27 14:01:00,37.16,37.19,37.16,37.16,1193.0,BTO
2025-01-27 13:56:00,37.19,37.19,37.19,37.19,100.0,BTO
2025-01-27 13:48:00,37.175,37.175,37.175,37.175,242.0,BTO
2025-01-27 13:47:00,37.1377,37.1377,37.1377,37.1377,331.0,BTO
2025-01-27 13:36:00,37.15,37.15,37.15,37.15,100.0,BTO
2025-01-27 13:11:00,37.13,37.13,37.13,37.13,100.0,BTO
2025-01-27 13:08:00,37.2355,37.2355,37.2355,37.2355,100.0,BTO
2025-01-27 12:54:00,37.18,37.18,37.18,37.18,148.0,BTO
2025-01-27 12:53:00,37.21,37.21,37.2,37.2,396.0,BTO
2025-01-27 12:51:00,37.28,37.28,37.28,37.28,100.0,BTO
2025-01-27 12:40:00,37.2136,37.2136,37.2136,37.2136,672.0,BTO
2025-01-27 12:29:00,37.22,37.22,37.22,37.22,355.0,BTO
2025-01-27 12:22:00,37.29,37.29,37.29,37.29,769.0,BTO
2025-01-27 12:21:00,37.26,37.26,37.26,37.26,155.0,BTO
2025-01-27 12:01:00,37.22,37.22,37.22,37.22,321.0,BTO
2025-01-27 12:00:00,37.22,37.22,37.22,37.22,609.0,BTO
2025-01-27 11:58:00,37.19,37.205,37.19,37.19,300.0,BTO
2025-01-27 11:52:00,37.2,37.2002,37.18,37.2002,458.0,BTO
2025-01-27 11:40:00,37.1867,37.1867,37.1867,37.1867,530.0,BTO
2025-01-27 11:38:00,37.18,37.18,37.18,37.18,300.0,BTO
2025-01-27 11:34:00,37.17,37.17,37.17,37.17,100.0,BTO
2025-01-27 11:29:00,37.17,37.17,37.17,37.17,100.0,BTO
2025-01-27 11:25:00,37.17,37.18,37.17,37.18,409.0,BTO
2025-01-27 11:19:00,37.18,37.18,37.18,37.18,200.0,BTO
2025-01-27 11:16:00,37.13,37.21,37.13,37.21,1266.0,BTO
2025-01-27 11:05:00,37.12,37.12,37.12,37.12,300.0,BTO
2025-01-27 10:54:00,37.11,37.11,37.1,37.1,735.0,BTO
2025-01-27 10:52:00,37.1103,37.1103,37.1103,37.1103,2002.0,BTO
2025-01-27 10:49:00,37.1,37.1,37.1,37.1,150.0,BTO
2025-01-27 10:16:00,37.2,37.21,37.2,37.2,603.0,BTO
2025-01-27 10:15:00,37.2,37.24,37.2,37.24,560.0,BTO
2025-01-27 10:04:00,37.1,37.1,37.1,37.1,460.0,BTO
2025-01-27 10:01:00,36.935,36.935,36.8862,36.8862,1018.0,BTO
2025-01-27 09:57:00,36.8014,36.8014,36.8014,36.8014,250.0,BTO
2025-01-27 09:55:00,36.9773,36.9773,36.9773,36.9773,200.0,BTO
2025-01-27 09:45:00,37.1,37.1,37.1,37.1,368.0,BTO
2025-01-27 09:43:00,37.2,37.2,37.2,37.2,410.0,BTO
2025-01-27 09:39:00,36.9743,36.99,36.9743,36.99,2218.0,BTO
2025-01-27 09:35:00,36.7915,36.7915,36.7915,36.7915,502.0,BTO
2025-01-27 09:32:00,37.4,37.4,37.4,37.4,164.0,BTO
2025-01-27 09:30:00,36.94,36.94,36.94,36.94,1125.0,BTO
2025-01-27 08:02:00,36.94,36.94,36.94,36.94,1.0,BTO
2025-01-27 07:06:00,37.64,37.64,37.64,37.64,1.0,BTO
2025-01-27 05:34:00,37.65,38.0,37.65,38.0,2.0,BTO
2025-01-27 04:59:00,37.42,37.42,37.42,37.42,1.0,BTO
2025-01-24 19:00:00,36.94,36.94,36.94,36.94,423.0,BTO
2025-01-24 18:30:00,36.94,36.94,36.94,36.94,423.0,BTO
2025-01-24 16:10:00,36.94,36.94,36.94,36.94,423.0,BTO
2025-01-24 16:00:00,36.97,37.03,36.94,36.94,1099.0,BTO
2025-01-24 15:59:00,37.02,37.03,36.94,37.03,750.0,BTO
2025-01-24 15:43:00,36.8936,36.8936,36.8936,36.8936,702.0,BTO
2025-01-24 15:42:00,36.97,36.97,36.9699,36.9699,1477.0,BTO
2025-01-24 15:41:00,36.91,36.97,36.91,36.97,959.0,BTO
2025-01-24 15:33:00,36.9126,36.9126,36.9126,36.9126,136.0,BTO
2025-01-24 15:31:00,36.8871,36.8871,36.8871,36.8871,519.0,BTO
2025-01-24 15:05:00,36.99,37.0,36.99,36.9999,819.0,BTO
2025-01-24 14:47:00,36.9996,36.9996,36.9996,36.9996,580.0,BTO
2025-01-24 14:45:00,36.925,36.925,36.925,36.925,715.0,BTO
2025-01-24 14:39:00,36.925,36.925,36.925,36.925,103.0,BTO
2025-01-24 14:33:00,37.0087,37.0087,37.0087,37.0087,105.0,BTO
2025-01-24 14:29:00,37.0291,37.0291,37.0291,37.0291,1500.0,BTO
2025-01-24 14:28:00,36.9481,36.9481,36.9481,36.9481,200.0,BTO
2025-01-24 14:24:00,36.974,36.974,36.974,36.974,200.0,BTO
2025-01-24 14:16:00,37.05,37.05,37.05,37.05,135.0,BTO
2025-01-24 13:56:00,37.06,37.06,37.06,37.06,120.0,BTO
2025-01-24 13:50:00,37.06,37.06,37.06,37.06,325.0,BTO
2025-01-24 13:47:00,36.8721,36.8721,36.8721,36.8721,1425.0,BTO
2025-01-24 13:42:00,36.975,36.975,36.975,36.975,180.0,BTO
2025-01-24 13:37:00,36.9645,36.9645,36.9645,36.9645,127.0,BTO
2025-01-24 13:30:00,37.0161,37.0161,37.0161,37.0161,700.0,BTO
2025-01-24 13:17:00,37.0614,37.0614,37.0614,37.0614,401.0,BTO
2025-01-24 13:01:00,37.11,37.11,37.11,37.11,327.0,BTO
2025-01-24 12:59:00,37.11,37.11,37.11,37.11,185.0,BTO
2025-01-24 12:55:00,37.07,37.07,37.07,37.07,231.0,BTO
2025-01-24 12:54:00,37.12,37.12,37.12,37.12,113.0,BTO
2025-01-24 12:48:00,37.08,37.08,37.08,37.08,200.0,BTO
2025-01-24 12:45:00,37.0707,37.0707,37.0707,37.0707,150.0,BTO
2025-01-24 12:41:00,37.15,37.15,37.14,37.1492,918.0,BTO
2025-01-24 12:39:00,37.09,37.11,37.09,37.11,334.0,BTO
2025-01-24 12:33:00,37.07,37.07,37.07,37.07,100.0,BTO
2025-01-24 12:12:00,36.98,36.98,36.98,36.98,100.0,BTO
2025-01-24 12:09:00,36.8865,36.8865,36.8865,36.8865,200.0,BTO
2025-01-24 12:04:00,36.87,36.87,36.87,36.87,135.0,BTO
2025-01-24 11:39:00,37.125,37.125,37.125,37.125,100.0,BTO
2025-01-24 11:36:00,37.15,37.15,37.15,37.15,100.0,BTO
2025-01-24 11:34:00,37.13,37.13,37.13,37.13,100.0,BTO
2025-01-24 11:32:00,36.8701,37.015,36.8701,37.015,600.0,BTO
2025-01-24 11:28:00,37.15,37.15,37.15,37.15,100.0,BTO
2025-01-24 11:22:00,37.15,37.15,37.15,37.15,100.0,BTO
2025-01-24 11:18:00,37.02,37.02,37.02,37.02,701.0,BTO
2025-01-24 11:12:00,36.9264,37.03,36.9264,37.03,700.0,BTO
2025-01-24 10:53:00,37.2,37.2,37.2,37.2,141.0,BTO
2025-01-24 10:41:00,37.23,37.23,37.23,37.23,200.0,BTO
2025-01-24 10:37:00,37.1243,37.1243,37.1243,37.1243,150.0,BTO
2025-01-24 10:30:00,37.25,37.25,37.25,37.25,379.0,BTO
2025-01-24 10:27:00,37.3099,37.3099,37.3099,37.3099,267.0,BTO
2025-01-24 10:25:00,37.3099,37.3099,37.3099,37.3099,119.0,BTO
2025-01-24 10:20:00,37.3099,37.3099,37.3099,37.3099,153.0,BTO
2025-01-24 10:19:00,37.26,37.27,37.26,37.27,792.0,BTO
2025-01-24 10:18:00,37.2699,37.2699,37.2699,37.2699,306.0,BTO
2025-01-24 10:16:00,37.2699,37.2699,37.2699,37.2699,241.0,BTO
2025-01-24 10:13:00,37.25,37.25,37.25,37.25,102.0,BTO
2025-01-24 10:12:00,37.2799,37.2799,37.2799,37.2799,121.0,BTO
2025-01-24 10:08:00,37.2799,37.2799,37.2799,37.2799,117.0,BTO
2025-01-24 10:03:00,36.8701,36.8701,36.8701,36.8701,630.0,BTO
2025-01-24 09:59:00,37.1818,37.1818,37.1818,37.1818,225.0,BTO
2025-01-24 09:58:00,37.39,37.4,37.33,37.4,985.0,BTO
2025-01-24 09:53:00,36.8701,36.8701,36.8701,36.8701,394.0,BTO
2025-01-24 09:46:00,37.02,37.02,37.02,37.02,774.0,BTO
2025-01-24 09:42:00,37.135,37.135,37.135,37.135,286.0,BTO
2025-01-24 09:41:00,37.25,37.25,37.25,37.25,233.0,BTO
2025-01-24 09:34:00,37.3375,37.3375,37.175,37.175,793.0,BTO
2025-01-24 09:30:00,36.88,36.88,36.84,36.84,3468.0,BTO
2025-01-24 08:02:00,36.88,36.88,36.88,36.88,1.0,BTO
2025-01-24 07:00:00,36.41,36.41,36.41,36.41,1.0,BTO
2025-01-24 05:15:00,36.28,36.28,36.28,36.28,1.0,BTO
2025-01-24 04:36:00,37.5,37.5,37.5,37.5,1.0,BTO
2025-01-24 04:35:00,36.28,36.28,36.28,36.28,2.0,BTO
2025-01-24 04:34:00,37.4,37.4,35.79,35.79,2.0,BTO
2025-01-23 19:00:00,36.88,36.88,36.88,36.88,359.0,BTO
2025-01-23 18:30:00,36.88,36.88,36.88,36.88,359.0,BTO
2025-01-23 16:10:00,36.88,36.88,36.88,36.88,359.0,BTO
2025-01-23 16:00:00,36.85,36.88,36.85,36.88,954.0,BTO
2025-01-23 15:59:00,36.88,36.88,36.85,36.85,670.0,BTO
2025-01-23 15:58:00,36.8513,36.8513,36.8513,36.8513,105.0,BTO
2025-01-23 15:56:00,36.89,36.89,36.89,36.89,565.0,BTO
2025-01-23 15:52:00,36.8544,36.87,36.8544,36.87,284.0,BTO
2025-01-23 15:51:00,36.89,36.89,36.89,36.89,404.0,BTO
2025-01-23 15:50:00,36.965,36.965,36.965,36.965,413.0,BTO
2025-01-23 15:49:00,37.05,37.05,36.9665,36.9665,500.0,BTO
2025-01-23 15:46:00,36.89,36.9,36.89,36.9,200.0,BTO
2025-01-23 15:45:00,36.88,36.88,36.88,36.88,325.0,BTO
2025-01-23 15:42:00,36.8913,36.8913,36.8913,36.8913,525.0,BTO
2025-01-23 15:33:00,36.95,36.95,36.866,36.866,412.0,BTO
2025-01-23 15:31:00,36.86,36.86,36.86,36.86,214.0,BTO
2025-01-23 15:30:00,37.0,37.0,37.0,37.0,327.0,BTO
2025-01-23 15:21:00,37.01,37.01,37.01,37.01,217.0,BTO
2025-01-23 15:20:00,37.0109,37.0109,37.0109,37.0109,100.0,BTO
2025-01-23 15:16:00,37.075,37.075,37.075,37.075,1326.0,BTO
2025-01-23 15:15:00,37.0,37.0,37.0,37.0,200.0,BTO
2025-01-23 15:13:00,37.0951,37.0951,37.0951,37.0951,512.0,BTO
2025-01-23 15:09:00,37.0178,37.0178,37.0178,37.0178,167.0,BTO
2025-01-23 15:04:00,37.12,37.12,37.12,37.12,514.0,BTO
2025-01-23 15:03:00,37.125,37.125,37.12,37.12,254.0,BTO
2025-01-23 15:00:00,37.12,37.12,37.12,37.12,448.0,BTO
2025-01-23 14:55:00,37.132,37.132,37.132,37.132,1350.0,BTO
2025-01-23 14:49:00,37.1328,37.1328,37.1328,37.1328,160.0,BTO
2025-01-23 14:48:00,37.1,37.1,37.1,37.1,349.0,BTO
2025-01-23 14:34:00,37.09,37.09,37.09,37.09,240.0,BTO
2025-01-23 14:31:00,37.09,37.09,37.09,37.09,120.0,BTO
2025-01-23 14:28:00,37.1,37.1,37.1,37.1,200.0,BTO
2025-01-23 14:27:00,37.2,37.21,37.2,37.21,428.0,BTO
2025-01-23 14:16:00,37.2167,37.2167,37.2167,37.2167,1000.0,BTO
2025-01-23 14:09:00,37.0437,37.0437,37.0437,37.0437,111.0,BTO
2025-01-23 14:05:00,37.1,37.1,37.0,37.0,300.0,BTO
2025-01-23 13:57:00,37.2399,37.2399,37.2399,37.2399,260.0,BTO
2025-01-23 13:56:00,37.2399,37.2399,37.1,37.1,386.0,BTO
2025-01-23 13:48:00,37.0701,37.0701,37.0701,37.0701,1112.0,BTO
2025-01-23 13:47:00,37.2399,37.2399,37.2399,37.2399,265.0,BTO
2025-01-23 13:38:00,37.15,37.15,37.15,37.15,100.0,BTO
2025-01-23 13:34:00,37.235,37.34,37.235,37.34,352.0,BTO
2025-01-23 13:28:00,37.08,37.08,37.08,37.08,250.0,BTO
2025-01-23 13:27:00,37.2389,37.2389,37.2389,37.2389,1401.0,BTO
2025-01-23 13:19:00,37.215,37.215,37.215,37.215,200.0,BTO
2025-01-23 12:57:00,37.23,37.23,37.22,37.22,622.0,BTO
2025-01-23 12:54:00,37.2821,37.2821,37.2821,37.2821,300.0,BTO
2025-01-23 12:50:00,37.325,37.37,37.325,37.37,973.0,BTO
2025-01-23 12:44:00,37.355,37.355,37.355,37.355,182.0,BTO
2025-01-23 12:35:00,37.3638,37.3638,37.3638,37.3638,162.0,BTO
2025-01-23 12:31:00,37.27,37.27,37.27,37.27,101.0,BTO
2025-01-23 12:16:00,37.1,37.1,37.1,37.1,300.0,BTO
2025-01-23 12:05:00,37.265,37.265,37.265,37.265,200.0,BTO
2025-01-23 12:01:00,37.2705,37.2705,37.2705,37.2705,200.0,BTO
2025-01-23 11:34:00,37.0701,37.0701,37.0701,37.0701,161.0,BTO
2025-01-23 11:16:00,36.8501,36.8501,36.8501,36.8501,411.0,BTO
2025-01-23 11:11:00,36.85,36.85,36.85,36.85,1017.0,BTO
2025-01-23 11:05:00,37.4299,37.4299,37.4299,37.4299,192.0,BTO
2025-01-23 11:04:00,36.8501,36.8501,36.8501,36.8501,263.0,BTO
2025-01-23 11:02:00,36.8501,37.14,36.8501,37.14,379.0,BTO
2025-01-23 11:00:00,37.14,37.14,37.14,37.14,215.0,BTO
2025-01-23 10:42:00,37.1971,37.1971,37.1971,37.1971,144.0,BTO
2025-01-23 10:41:00,37.43,37.43,37.43,37.43,382.0,BTO
2025-01-23 10:30:00,37.14,37.14,37.14,37.14,105.0,BTO
2025-01-23 10:27:00,37.14,37.14,37.14,37.14,246.0,BTO
2025-01-23 10:08:00,37.14,37.14,37.14,37.14,100.0,BTO
2025-01-23 10:04:00,37.08,37.08,37.08,37.08,776.0,BTO
2025-01-23 10:03:00,37.14,37.14,37.14,37.14,390.0,BTO
2025-01-23 10:01:00,37.14,37.14,37.14,37.14,205.0,BTO
2025-01-23 09:59:00,37.32,37.32,37.32,37.32,532.0,BTO
2025-01-23 09:58:00,37.2155,37.2155,37.2155,37.2155,175.0,BTO
2025-01-23 09:50:00,37.14,37.14,37.14,37.14,291.0,BTO
2025-01-23 09:40:00,37.4399,37.4399,37.4399,37.4399,122.0,BTO
2025-01-23 09:30:00,37.21,37.21,37.21,37.21,3163.0,BTO
2025-01-23 04:37:00,37.45,37.45,36.44,36.44,2.0,BTO
2025-01-22 19:00:00,37.17,37.17,37.17,37.17,352.0,BTO
2025-01-22 18:30:00,37.17,37.17,37.17,37.17,352.0,BTO
2025-01-22 16:10:00,37.17,37.17,37.17,37.17,352.0,BTO
2025-01-22 16:00:00,37.145,37.17,37.145,37.17,835.0,BTO
2025-01-22 15:59:00,37.145,37.145,37.145,37.145,227.0,BTO
2025-01-22 15:54:00,37.0,37.0,37.0,37.0,100.0,BTO
2025-01-22 15:41:00,37.0,37.0,37.0,37.0,204.0,BTO
2025-01-22 15:34:00,37.2,37.2,37.2,37.2,111.0,BTO
2025-01-22 15:32:00,37.17,37.17,37.17,37.17,244.0,BTO
2025-01-22 15:27:00,37.0912,37.0912,37.0912,37.0912,537.0,BTO
2025-01-22 15:16:00,37.015,37.06,37.015,37.06,222.0,BTO
2025-01-22 14:59:00,37.0,37.0,37.0,37.0,675.0,BTO
2025-01-22 14:56:00,37.08,37.08,37.08,37.08,769.0,BTO
2025-01-22 14:54:00,37.23,37.23,37.23,37.23,1379.0,BTO
2025-01-22 14:51:00,37.0485,37.0485,37.046,37.046,1834.0,BTO
2025-01-22 14:46:00,37.0201,37.0201,37.0201,37.0201,365.0,BTO
2025-01-22 14:44:00,37.36,37.36,37.36,37.36,3688.0,BTO
2025-01-22 14:43:00,37.2,37.2,37.2,37.2,373.0,BTO
2025-01-22 14:30:00,37.19,37.19,37.19,37.19,502.0,BTO
2025-01-22 14:28:00,37.1028,37.1028,36.9801,36.9801,340.0,BTO
2025-01-22 14:26:00,36.9842,36.9842,36.9842,36.9842,2940.0,BTO
2025-01-22 14:24:00,37.4,37.4,37.4,37.4,350.0,BTO
2025-01-22 14:19:00,37.19,37.19,37.19,37.19,268.0,BTO
2025-01-22 14:16:00,37.0173,37.0173,37.0173,37.0173,1262.0,BTO
2025-01-22 14:14:00,37.19,37.19,37.19,37.19,835.0,BTO
2025-01-22 14:07:00,37.19,37.19,37.19,37.19,718.0,BTO
2025-01-22 13:43:00,37.15,37.15,37.14,37.14,1025.0,BTO
2025-01-22 13:38:00,37.12,37.15,37.12,37.15,688.0,BTO
2025-01-22 13:32:00,36.97,37.1499,36.97,37.1499,636.0,BTO
2025-01-22 13:29:00,37.1499,37.1499,37.1499,37.1499,254.0,BTO
2025-01-22 13:16:00,37.018,37.018,37.015,37.015,882.0,BTO
2025-01-22 13:12:00,37.0492,37.0492,37.0492,37.0492,200.0,BTO
2025-01-22 13:01:00,36.9715,37.0,36.9715,37.0,2100.0,BTO
2025-01-22 12:43:00,37.015,37.015,37.015,37.015,129.0,BTO
2025-01-22 12:24:00,36.9264,36.9264,36.9264,36.9264,680.0,BTO
2025-01-22 12:22:00,37.015,37.015,36.9044,36.9044,918.0,BTO
2025-01-22 12:19:00,36.96,37.147,36.96,37.147,1730.0,BTO
2025-01-22 12:16:00,36.9343,37.015,36.9343,37.015,793.0,BTO
2025-01-22 12:13:00,37.18,37.18,36.8938,36.8938,917.0,BTO
2025-01-22 12:12:00,36.88,36.88,36.88,36.88,565.0,BTO
2025-01-22 12:07:00,37.015,37.015,37.015,37.015,1040.0,BTO
2025-01-22 12:03:00,37.15,37.18,37.15,37.18,627.0,BTO
2025-01-22 12:01:00,37.15,37.15,37.15,37.15,250.0,BTO
2025-01-22 11:47:00,37.015,37.015,37.015,37.015,1802.0,BTO
2025-01-22 11:45:00,37.057,37.057,37.057,37.057,200.0,BTO
2025-01-22 11:43:00,37.17,37.17,37.17,37.17,260.0,BTO
2025-01-22 11:42:00,37.04,37.04,37.04,37.04,671.0,BTO
2025-01-22 11:36:00,36.99,37.09,36.99,37.02,1731.0,BTO
2025-01-22 11:25:00,36.9993,36.9993,36.9993,36.9993,242.0,BTO
2025-01-22 11:09:00,37.0,37.0,37.0,37.0,390.0,BTO
2025-01-22 11:05:00,36.8613,36.8613,36.85,36.85,705.0,BTO
2025-01-22 10:47:00,37.0844,37.0844,37.0844,37.0844,324.0,BTO
2025-01-22 10:45:00,37.1184,37.1184,37.1184,37.1184,849.0,BTO
2025-01-22 10:43:00,37.17,37.17,37.17,37.17,500.0,BTO
2025-01-22 10:42:00,37.1,37.1,37.1,37.1,633.0,BTO
2025-01-22 10:31:00,37.0266,37.0266,37.0266,37.0266,135.0,BTO
2025-01-22 10:24:00,37.29,37.29,37.29,37.29,500.0,BTO
2025-01-22 10:22:00,37.29,37.29,37.29,37.29,1000.0,BTO
2025-01-22 10:21:00,37.175,37.175,37.175,37.175,1000.0,BTO
2025-01-22 10:11:00,37.24,37.24,37.24,37.24,182.0,BTO
2025-01-22 10:10:00,37.24,37.25,37.24,37.25,408.0,BTO
2025-01-22 10:09:00,37.345,37.345,37.345,37.345,225.0,BTO
2025-01-22 10:00:00,37.33,37.33,37.33,37.33,224.0,BTO
2025-01-22 09:56:00,37.33,37.33,37.295,37.295,1126.0,BTO
2025-01-22 09:54:00,37.33,37.33,37.33,37.33,1069.0,BTO
2025-01-22 09:51:00,37.33,37.33,37.33,37.33,309.0,BTO
2025-01-22 09:49:00,37.395,37.395,37.395,37.395,565.0,BTO
2025-01-22 09:47:00,37.3303,37.3303,37.3303,37.3303,175.0,BTO
2025-01-22 09:45:00,37.4331,37.4331,37.4331,37.4331,351.0,BTO
2025-01-22 09:43:00,37.29,37.29,37.29,37.29,258.0,BTO
2025-01-22 09:42:00,37.22,37.22,37.22,37.22,1888.0,BTO
2025-01-22 09:40:00,37.4,37.4,37.4,37.4,1536.0,BTO
2025-01-22 09:30:00,37.37,37.37,37.37,37.37,2576.0,BTO
2025-01-21 19:00:00,37.12,37.12,37.12,37.12,187.0,BTO
2025-01-21 18:30:00,37.12,37.12,37.12,37.12,187.0,BTO
2025-01-21 16:10:00,37.12,37.12,37.12,37.12,187.0,BTO
2025-01-21 16:00:00,37.16,37.16,37.12,37.12,606.0,BTO
2025-01-21 15:59:00,37.0521,37.16,37.0521,37.16,4853.0,BTO
2025-01-21 15:46:00,37.1309,37.1309,37.1309,37.1309,135.0,BTO
2025-01-21 15:44:00,37.125,37.125,37.125,37.125,400.0,BTO
2025-01-21 15:41:00,37.19,37.19,37.19,37.19,201.0,BTO
2025-01-21 15:37:00,37.1269,37.1269,37.1269,37.1269,128.0,BTO
2025-01-21 15:36:00,37.0,37.0,37.0,37.0,108.0,BTO
2025-01-21 15:23:00,37.2,37.296,37.2,37.296,955.0,BTO
2025-01-21 15:22:00,37.15,37.19,37.1012,37.1012,1200.0,BTO
2025-01-21 15:11:00,37.16,37.16,37.16,37.16,131.0,BTO
2025-01-21 15:06:00,37.115,37.115,37.115,37.115,301.0,BTO
2025-01-21 15:02:00,37.115,37.115,37.115,37.115,200.0,BTO
2025-01-21 14:50:00,37.115,37.115,37.115,37.115,2839.0,BTO
2025-01-21 14:43:00,37.07,37.08,37.0182,37.0182,700.0,BTO
2025-01-21 14:42:00,37.0195,37.0195,37.0195,37.0195,135.0,BTO
2025-01-21 14:37:00,37.0448,37.0448,37.0448,37.0448,150.0,BTO
2025-01-21 14:35:00,37.025,37.025,37.025,37.025,110.0,BTO
2025-01-21 14:30:00,37.0779,37.0779,37.0779,37.0779,1600.0,BTO
2025-01-21 14:25:00,37.09,37.1,37.09,37.1,676.0,BTO
2025-01-21 14:11:00,37.02,37.02,37.02,37.02,800.0,BTO
2025-01-21 14:05:00,37.0405,37.0405,37.0405,37.0405,850.0,BTO
2025-01-21 14:02:00,36.9666,36.9666,36.9666,36.9666,100.0,BTO
2025-01-21 13:51:00,36.9641,36.9641,36.9641,36.9641,250.0,BTO
2025-01-21 13:50:00,36.95,36.95,36.95,36.95,260.0,BTO
2025-01-21 13:35:00,37.1099,37.1099,36.95,36.95,235.0,BTO
2025-01-21 13:33:00,37.1281,37.1281,37.1281,37.1281,135.0,BTO
2025-01-21 13:30:00,37.14,37.14,37.14,37.14,772.0,BTO
2025-01-21 13:29:00,37.0652,37.0652,37.0652,37.0652,103.0,BTO
2025-01-21 13:20:00,37.16,37.16,37.16,37.16,270.0,BTO
2025-01-21 13:07:00,36.95,36.95,36.95,36.95,1500.0,BTO
2025-01-21 13:06:00,37.1,37.1,37.0,37.0,1281.0,BTO
2025-01-21 13:01:00,37.175,37.175,37.175,37.175,140.0,BTO
2025-01-21 12:40:00,37.09,37.09,37.09,37.09,110.0,BTO
2025-01-21 12:39:00,37.025,37.025,37.025,37.025,100.0,BTO
2025-01-21 12:36:00,36.95,36.95,36.95,36.95,300.0,BTO
2025-01-21 12:34:00,37.0374,37.0374,37.0374,37.0374,100.0,BTO
2025-01-21 12:33:00,36.95,36.95,36.95,36.95,100.0,BTO
2025-01-21 12:22:00,37.13,37.13,37.13,37.13,210.0,BTO
2025-01-21 12:16:00,37.2,37.2,37.09,37.09,1998.0,BTO
2025-01-21 12:06:00,37.21,37.21,37.114,37.114,466.0,BTO
2025-01-21 12:05:00,37.33,37.33,37.33,37.33,100.0,BTO
2025-01-21 11:51:00,37.09,37.09,37.09,37.09,306.0,BTO
2025-01-21 11:46:00,36.93,36.93,36.93,36.93,154.0,BTO
2025-01-21 11:40:00,36.7792,36.7792,36.7792,36.7792,1103.0,BTO
2025-01-21 11:38:00,37.1399,37.1399,37.1399,37.1399,1308.0,BTO
2025-01-21 11:36:00,37.17,37.17,37.17,37.17,211.0,BTO
2025-01-21 11:34:00,36.75,36.75,36.75,36.75,200.0,BTO
2025-01-21 11:31:00,37.115,37.17,37.115,37.17,261.0,BTO
2025-01-21 11:28:00,37.1335,37.1335,37.1335,37.1335,165.0,BTO
2025-01-21 11:24:00,37.2999,37.2999,37.2999,37.2999,353.0,BTO
2025-01-21 11:23:00,37.0,37.0,37.0,37.0,386.0,BTO
2025-01-21 11:18:00,37.13,37.155,37.13,37.155,745.0,BTO
2025-01-21 11:16:00,37.14,37.14,37.14,37.14,558.0,BTO
2025-01-21 11:14:00,37.15,37.195,37.13,37.1301,2800.0,BTO
2025-01-21 11:13:00,37.23,37.23,37.23,37.23,547.0,BTO
2025-01-21 11:10:00,37.14,37.1667,37.14,37.14,597.0,BTO
2025-01-21 11:09:00,37.27,37.27,37.27,37.27,427.0,BTO
2025-01-21 11:08:00,37.27,37.2921,37.27,37.2921,779.0,BTO
2025-01-21 11:04:00,37.265,37.33,37.265,37.33,1000.0,BTO
2025-01-21 11:01:00,37.3,37.3,37.3,37.3,150.0,BTO
2025-01-21 10:59:00,37.33,37.33,37.33,37.33,173.0,BTO
2025-01-21 10:53:00,37.45,37.45,37.45,37.45,240.0,BTO
2025-01-21 10:51:00,37.4899,37.4899,37.4899,37.4899,148.0,BTO
2025-01-21 10:40:00,37.3,37.3,37.3,37.3,100.0,BTO
2025-01-21 10:31:00,37.4899,37.4899,37.45,37.45,509.0,BTO
2025-01-21 10:28:00,37.0049,37.0049,37.0049,37.0049,765.0,BTO
2025-01-21 10:21:00,37.4851,37.4851,37.4851,37.4851,500.0,BTO
2025-01-21 10:12:00,37.245,37.245,37.245,37.245,300.0,BTO
2025-01-21 10:07:00,37.3472,37.3472,37.3472,37.3472,201.0,BTO
2025-01-21 10:00:00,37.27,37.27,37.27,37.27,184.0,BTO
2025-01-21 09:59:00,37.27,37.27,37.27,37.27,125.0,BTO
2025-01-21 09:56:00,37.25,37.25,37.25,37.25,424.0,BTO
2025-01-21 09:55:00,37.25,37.25,37.25,37.25,600.0,BTO
2025-01-21 09:52:00,37.0,37.0,37.0,37.0,200.0,BTO
2025-01-21 09:50:00,37.0777,37.0777,37.0777,37.0777,300.0,BTO
2025-01-21 09:48:00,37.1147,37.1147,37.1147,37.1147,1352.0,BTO
2025-01-21 09:36:00,36.7,36.7,36.7,36.7,101.0,BTO
2025-01-21 09:33:00,37.1,37.1,37.1,37.1,321.0,BTO
2025-01-21 09:32:00,36.984,37.1,36.984,37.1,1565.0,BTO
2025-01-21 09:30:00,36.98,36.98,36.98,36.98,2556.0,BTO
2025-01-21 09:21:00,38.0,38.0,38.0,38.0,2.0,BTO
2025-01-21 08:00:00,37.0,37.0,37.0,37.0,1000.0,BTO
2025-01-21 04:34:00,35.96,35.96,35.96,35.96,1.0,BTO
2025-01-17 19:00:00,36.68,36.68,36.68,36.68,437.0,BTO
2025-01-17 18:30:00,36.68,36.68,36.68,36.68,437.0,BTO
2025-01-17 16:10:00,36.68,36.68,36.68,36.68,437.0,BTO
2025-01-17 16:00:00,36.73,36.73,36.58,36.68,1008.0,BTO
2025-01-17 15:59:00,36.7375,36.7375,36.58,36.58,1293.0,BTO
2025-01-17 15:57:00,36.55,36.55,36.55,36.55,173.0,BTO
2025-01-17 15:51:00,36.7231,36.7231,36.7231,36.7231,1000.0,BTO
2025-01-17 15:49:00,36.84,36.84,36.84,36.84,182.0,BTO
2025-01-17 15:46:00,36.81,36.81,36.6501,36.6501,2714.0,BTO
2025-01-17 15:41:00,36.8368,36.865,36.8368,36.865,2633.0,BTO
2025-01-17 15:33:00,36.8853,36.8853,36.8853,36.8853,238.0,BTO
2025-01-17 15:13:00,36.86,36.86,36.86,36.86,150.0,BTO
2025-01-17 15:06:00,36.8776,36.8776,36.8776,36.8776,278.0,BTO
2025-01-17 14:55:00,36.875,36.875,36.875,36.875,150.0,BTO
2025-01-17 14:52:00,36.9163,36.9163,36.9163,36.9163,105.0,BTO
2025-01-17 14:51:00,36.8058,36.8058,36.8058,36.8058,566.0,BTO
2025-01-17 14:44:00,36.95,36.95,36.95,36.95,108.0,BTO
2025-01-17 14:36:00,36.9321,36.9321,36.865,36.865,801.0,BTO
2025-01-17 14:15:00,37.06,37.06,37.06,37.06,270.0,BTO
2025-01-17 13:47:00,36.92,36.92,36.92,36.92,1062.0,BTO
2025-01-17 13:46:00,36.92,36.92,36.92,36.92,167.0,BTO
2025-01-17 13:22:00,36.9894,36.9894,36.9894,36.9894,300.0,BTO
2025-01-17 13:19:00,36.93,36.93,36.93,36.93,150.0,BTO
2025-01-17 13:09:00,36.904,36.93,36.904,36.93,900.0,BTO
2025-01-17 12:54:00,37.2526,37.2526,37.2526,37.2526,400.0,BTO
2025-01-17 12:51:00,36.89,37.3,36.86,36.86,3172.0,BTO
2025-01-17 12:30:00,36.84,36.84,36.84,36.84,138.0,BTO
2025-01-17 12:19:00,36.8999,36.8999,36.8999,36.8999,176.0,BTO
2025-01-17 12:11:00,36.8404,36.8404,36.8404,36.8404,125.0,BTO
2025-01-17 12:10:00,36.7801,36.7801,36.7801,36.7801,300.0,BTO
2025-01-17 12:02:00,36.78,36.78,36.78,36.78,382.0,BTO
2025-01-17 12:00:00,36.701,36.701,36.701,36.701,609.0,BTO
2025-01-17 11:55:00,36.6804,36.6804,36.6804,36.6804,505.0,BTO
2025-01-17 11:53:00,36.6601,36.6601,36.6601,36.6601,101.0,BTO
2025-01-17 11:51:00,36.6775,36.6775,36.6775,36.6775,569.0,BTO
2025-01-17 11:47:00,36.72,36.72,36.72,36.72,295.0,BTO
2025-01-17 11:44:00,36.9,36.9,36.9,36.9,284.0,BTO
2025-01-17 11:43:00,36.7897,36.7897,36.7897,36.7897,150.0,BTO
2025-01-17 11:38:00,36.89,36.89,36.88,36.88,830.0,BTO
2025-01-17 11:37:00,36.775,36.775,36.775,36.775,395.0,BTO
2025-01-17 11:36:00,36.88,36.88,36.88,36.88,108.0,BTO
2025-01-17 11:06:00,36.7639,36.7639,36.7639,36.7639,183.0,BTO
2025-01-17 10:58:00,36.8735,36.8735,36.8735,36.8735,200.0,BTO
2025-01-17 10:49:00,36.68,36.68,36.68,36.68,154.0,BTO
2025-01-17 10:46:00,36.82,36.82,36.82,36.82,172.0,BTO
2025-01-17 10:28:00,36.875,36.875,36.875,36.875,356.0,BTO
2025-01-17 10:25:00,36.82,36.82,36.82,36.82,300.0,BTO
2025-01-17 10:24:00,36.81,36.82,36.81,36.82,555.0,BTO
2025-01-17 10:22:00,36.83,36.83,36.8,36.8,225.0,BTO
2025-01-17 10:21:00,36.8395,36.8395,36.8395,36.8395,369.0,BTO
2025-01-17 10:19:00,36.845,36.845,36.845,36.845,100.0,BTO
2025-01-17 10:13:00,36.92,36.92,36.92,36.92,1103.0,BTO
2025-01-17 10:08:00,36.81,36.81,36.81,36.81,305.0,BTO
2025-01-17 10:07:00,36.8025,36.8025,36.8025,36.8025,191.0,BTO
2025-01-17 10:00:00,36.7,36.7,36.7,36.7,310.0,BTO
2025-01-17 09:56:00,36.846,36.846,36.846,36.846,136.0,BTO
2025-01-17 09:39:00,36.93,36.93,36.93,36.93,520.0,BTO
2025-01-17 09:31:00,36.62,36.62,36.62,36.62,100.0,BTO
2025-01-17 09:30:00,36.63,36.63,36.63,36.63,1310.0,BTO
2025-01-17 08:02:00,36.43,36.43,36.43,36.43,1.0,BTO
2025-01-17 07:16:00,35.84,35.84,35.84,35.84,3.0,BTO
2025-01-17 04:28:00,35.81,35.81,35.81,35.81,3.0,BTO
2025-01-17 04:27:00,38.0,38.06,34.43,35.0,11.0,BTO
2025-01-16 19:00:00,36.43,36.43,36.43,36.43,589.0,BTO
2025-01-16 18:30:00,36.43,36.43,36.43,36.43,589.0,BTO
2025-01-16 16:10:00,36.43,36.43,36.43,36.43,589.0,BTO
2025-01-16 16:00:00,36.43,36.43,36.43,36.43,1290.0,BTO
2025-01-16 15:59:00,36.43,36.43,36.43,36.43,627.0,BTO
2025-01-16 15:58:00,36.43,36.43,36.43,36.43,134.0,BTO
2025-01-16 15:55:00,36.43,36.43,36.43,36.43,100.0,BTO
2025-01-16 15:51:00,36.43,36.43,36.43,36.43,337.0,BTO
2025-01-16 15:46:00,36.4158,36.4158,36.4158,36.4158,345.0,BTO
2025-01-16 15:40:00,36.43,36.43,36.43,36.43,975.0,BTO
2025-01-16 15:39:00,36.43,36.43,36.43,36.43,117.0,BTO
2025-01-16 15:16:00,36.4299,36.4299,36.4299,36.4299,100.0,BTO
2025-01-16 15:13:00,36.4,36.4,36.4,36.4,425.0,BTO
2025-01-16 15:10:00,36.4299,36.4299,36.4299,36.4299,314.0,BTO
2025-01-16 15:08:00,36.415,36.415,36.4021,36.4021,690.0,BTO
2025-01-16 15:04:00,36.43,36.43,36.4,36.4,480.0,BTO
2025-01-16 14:56:00,36.2575,36.2575,36.2575,36.2575,493.0,BTO
2025-01-16 14:54:00,36.4371,36.4371,36.38,36.38,1086.0,BTO
2025-01-16 14:53:00,36.4685,36.4685,36.4685,36.4685,500.0,BTO
2025-01-16 14:50:00,36.47,36.47,36.47,36.47,480.0,BTO
2025-01-16 14:47:00,36.44,36.44,36.43,36.43,240.0,BTO
2025-01-16 14:45:00,36.47,36.47,36.4699,36.4699,550.0,BTO
2025-01-16 14:43:00,36.485,36.485,36.485,36.485,518.0,BTO
2025-01-16 14:38:00,36.54,36.54,36.54,36.54,192.0,BTO
2025-01-16 14:37:00,36.4569,36.4569,36.4569,36.4569,453.0,BTO
2025-01-16 14:31:00,36.5402,36.5402,36.5402,36.5402,500.0,BTO
2025-01-16 14:21:00,36.445,36.49,36.445,36.49,844.0,BTO
2025-01-16 14:17:00,36.45,36.45,36.45,36.45,150.0,BTO
2025-01-16 14:00:00,36.44,36.44,36.44,36.44,288.0,BTO
2025-01-16 13:56:00,36.43,36.4586,36.43,36.4586,959.0,BTO
2025-01-16 13:54:00,36.43,36.43,36.43,36.43,257.0,BTO
2025-01-16 13:46:00,36.42,36.42,36.42,36.42,482.0,BTO
2025-01-16 13:40:00,36.469,36.469,36.469,36.469,169.0,BTO
2025-01-16 13:26:00,36.44,36.44,36.44,36.44,500.0,BTO
2025-01-16 13:18:00,36.4695,36.4695,36.4695,36.4695,281.0,BTO
2025-01-16 13:13:00,36.46,36.46,36.46,36.46,257.0,BTO
2025-01-16 12:53:00,36.48,36.48,36.48,36.48,400.0,BTO
2025-01-16 12:51:00,36.4,36.4,36.4,36.4,200.0,BTO
2025-01-16 12:48:00,36.4964,36.4964,36.4964,36.4964,100.0,BTO
2025-01-16 12:47:00,36.4289,36.43,36.4289,36.43,1361.0,BTO
2025-01-16 12:46:00,36.38,36.38,36.38,36.38,100.0,BTO
2025-01-16 12:44:00,36.4,36.4,36.4,36.4,148.0,BTO
2025-01-16 12:38:00,36.41,36.42,36.41,36.4199,1246.0,BTO
2025-01-16 12:35:00,36.4186,36.4186,36.4186,36.4186,500.0,BTO
2025-01-16 12:34:00,36.485,36.485,36.43,36.4301,1374.0,BTO
2025-01-16 12:18:00,36.43,36.43,36.43,36.43,150.0,BTO
2025-01-16 12:16:00,36.485,36.485,36.485,36.485,827.0,BTO
2025-01-16 12:10:00,36.43,36.43,36.43,36.43,142.0,BTO
2025-01-16 12:03:00,36.485,36.485,36.485,36.485,101.0,BTO
2025-01-16 12:01:00,36.4575,36.4575,36.4575,36.4575,366.0,BTO
2025-01-16 12:00:00,36.485,36.485,36.485,36.485,200.0,BTO
2025-01-16 11:45:00,36.38,36.38,36.38,36.38,239.0,BTO
2025-01-16 11:34:00,36.53,36.54,36.38,36.38,1914.0,BTO
2025-01-16 11:27:00,36.3328,36.3328,36.3328,36.3328,232.0,BTO
2025-01-16 11:26:00,36.54,36.54,36.54,36.54,421.0,BTO
2025-01-16 11:22:00,36.53,36.53,36.53,36.53,305.0,BTO
2025-01-16 11:17:00,36.5,36.5,36.46,36.46,631.0,BTO
2025-01-16 11:13:00,36.498,36.505,36.498,36.505,350.0,BTO
2025-01-16 11:03:00,36.4421,36.4421,36.4421,36.4421,565.0,BTO
2025-01-16 11:00:00,36.55,36.55,36.55,36.55,270.0,BTO
2025-01-16 10:59:00,36.54,36.54,36.33,36.33,2285.0,BTO
2025-01-16 10:50:00,36.43,36.43,36.43,36.43,115.0,BTO
2025-01-16 10:49:00,36.5,36.5,36.5,36.5,151.0,BTO
2025-01-16 10:48:00,36.5515,36.5515,36.55,36.55,790.0,BTO
2025-01-16 10:47:00,36.6,36.6,36.6,36.6,139.0,BTO
2025-01-16 10:44:00,36.54,36.54,36.54,36.54,629.0,BTO
2025-01-16 10:41:00,36.49,36.5,36.49,36.49,1008.0,BTO
2025-01-16 10:32:00,36.4,36.4,36.4,36.4,100.0,BTO
2025-01-16 10:31:00,36.3,36.3,36.3,36.3,100.0,BTO
2025-01-16 10:24:00,36.4464,36.4464,36.4464,36.4464,400.0,BTO
2025-01-16 10:17:00,36.448,36.448,36.448,36.448,150.0,BTO
2025-01-16 10:04:00,36.3,36.3,36.3,36.3,387.0,BTO
2025-01-16 09:54:00,36.48,36.55,36.48,36.55,232.0,BTO
2025-01-16 09:53:00,36.54,36.54,36.54,36.54,501.0,BTO
2025-01-16 09:52:00,36.305,36.55,36.305,36.55,1182.0,BTO
2025-01-16 09:50:00,36.01,36.01,36.01,36.01,928.0,BTO
2025-01-16 09:40:00,36.4434,36.4434,36.4434,36.4434,1006.0,BTO
2025-01-16 09:39:00,36.6242,36.6242,36.6242,36.6242,668.0,BTO
2025-01-16 09:38:00,36.41,36.41,36.01,36.01,915.0,BTO
2025-01-16 09:37:00,36.87,36.88,36.85,36.88,606.0,BTO
2025-01-16 09:36:00,36.1,36.19,36.1,36.13,618.0,BTO
2025-01-16 09:34:00,36.825,36.825,36.605,36.605,776.0,BTO
2025-01-16 09:32:00,36.73,36.73,36.7279,36.7279,565.0,BTO
2025-01-16 09:31:00,36.74,36.74,36.74,36.74,100.0,BTO
2025-01-16 09:30:00,36.72,36.77,36.72,36.77,3923.0,BTO
2025-01-16 09:00:00,38.0,38.0,38.0,38.0,1.0,BTO
2025-01-16 08:00:00,36.5,36.5,36.5,36.5,1.0,BTO
2025-01-16 07:09:00,36.5,36.5,36.5,36.5,15.0,BTO
2025-01-16 07:00:00,36.5,36.5,36.5,36.5,1.0,BTO
2025-01-16 04:40:00,35.01,35.01,35.01,35.01,1.0,BTO
2025-01-15 19:00:00,36.74,36.74,36.74,36.74,309.0,BTO
2025-01-15 18:30:00,36.74,36.74,36.74,36.74,309.0,BTO
2025-01-15 16:10:00,36.74,36.74,36.74,36.74,309.0,BTO
2025-01-15 16:00:00,36.87,36.87,36.74,36.74,1167.0,BTO
2025-01-15 15:59:00,36.8,36.87,36.8,36.87,3784.0,BTO
2025-01-15 15:58:00,36.79,36.85,36.79,36.85,3130.0,BTO
2025-01-15 15:57:00,36.75,36.78,36.74,36.78,2308.0,BTO
2025-01-15 15:56:00,36.63,36.75,36.605,36.75,2993.0,BTO
2025-01-15 15:55:00,36.6,36.63,36.57,36.57,2411.0,BTO
2025-01-15 15:54:00,36.51,36.57,36.51,36.57,901.0,BTO
2025-01-15 15:50:00,36.44,36.5,36.44,36.47,3904.0,BTO
2025-01-15 15:49:00,36.47,36.48,36.47,36.48,1697.0,BTO
2025-01-15 15:47:00,36.44,36.44,36.36,36.36,725.0,BTO
2025-01-15 15:46:00,36.43,36.43,36.43,36.43,200.0,BTO
2025-01-15 15:45:00,36.38,36.409,36.38,36.409,1255.0,BTO
2025-01-15 15:40:00,36.365,36.365,36.365,36.365,503.0,BTO
2025-01-15 15:39:00,36.38,36.38,36.365,36.365,797.0,BTO
2025-01-15 15:38:00,36.35,36.35,36.35,36.35,476.0,BTO
2025-01-15 15:27:00,36.345,36.345,36.345,36.345,994.0,BTO
2025-01-15 15:24:00,36.31,36.31,36.31,36.31,251.0,BTO
2025-01-15 15:23:00,36.3734,36.3734,36.36,36.36,693.0,BTO
2025-01-15 15:13:00,36.3791,36.3791,36.3791,36.3791,304.0,BTO
2025-01-15 15:06:00,36.38,36.38,36.38,36.38,231.0,BTO
2025-01-15 15:00:00,36.34,36.34,36.34,36.34,500.0,BTO
2025-01-15 14:58:00,36.3898,36.45,36.34,36.34,2130.0,BTO
2025-01-15 14:56:00,36.37,36.37,36.37,36.37,104.0,BTO
2025-01-15 14:52:00,36.38,36.38,36.38,36.38,120.0,BTO
2025-01-15 14:51:00,36.38,36.39,36.37,36.38,1489.0,BTO
2025-01-15 14:48:00,36.3482,36.3482,36.3482,36.3482,154.0,BTO
2025-01-15 14:43:00,36.36,36.36,36.36,36.36,404.0,BTO
2025-01-15 14:39:00,36.37,36.37,36.37,36.37,549.0,BTO
2025-01-15 14:33:00,36.294,36.294,36.294,36.294,290.0,BTO
2025-01-15 14:32:00,36.35,36.35,36.3261,36.3263,585.0,BTO
2025-01-15 14:28:00,36.2741,36.2741,36.23,36.23,1135.0,BTO
2025-01-15 14:22:00,36.31,36.31,36.2201,36.23,7230.0,BTO
2025-01-15 14:21:00,36.31,36.31,36.26,36.26,203.0,BTO
2025-01-15 14:12:00,36.36,36.3799,36.36,36.3799,1018.0,BTO
2025-01-15 14:00:00,36.244,36.31,36.244,36.31,1350.0,BTO
2025-01-15 13:59:00,36.38,36.39,36.38,36.3801,1845.0,BTO
2025-01-15 13:58:00,36.43,36.43,36.38,36.4094,1539.0,BTO
2025-01-15 13:57:00,36.42,36.43,36.42,36.42,1680.0,BTO
2025-01-15 13:56:00,36.38,36.38,36.38,36.38,175.0,BTO
2025-01-15 13:55:00,36.35,36.4,36.35,36.355,4235.0,BTO
2025-01-15 13:49:00,36.2445,36.3034,36.2445,36.3034,448.0,BTO
2025-01-15 13:33:00,36.2284,36.2284,36.2284,36.2284,1011.0,BTO
2025-01-15 13:25:00,36.22,36.22,36.22,36.22,150.0,BTO
2025-01-15 13:16:00,36.2328,36.2328,36.2328,36.2328,325.0,BTO
2025-01-15 13:08:00,36.29,36.29,36.29,36.29,100.0,BTO
2025-01-15 13:06:00,36.29,36.29,36.2201,36.2201,879.0,BTO
2025-01-15 12:58:00,36.22,36.2662,36.22,36.2662,1125.0,BTO
2025-01-15 12:54:00,36.3053,36.3053,36.3053,36.3053,784.0,BTO
2025-01-15 12:53:00,36.29,36.29,36.29,36.29,270.0,BTO
2025-01-15 12:35:00,36.275,36.275,36.275,36.275,138.0,BTO
2025-01-15 12:34:00,36.29,36.29,36.29,36.29,311.0,BTO
2025-01-15 12:33:00,36.29,36.29,36.29,36.29,453.0,BTO
2025-01-15 12:29:00,36.29,36.29,36.29,36.29,167.0,BTO
2025-01-15 12:28:00,36.2997,36.2997,36.22,36.22,820.0,BTO
2025-01-15 12:26:00,36.3,36.3,36.3,36.3,584.0,BTO
2025-01-15 12:12:00,36.241,36.241,36.241,36.241,1245.0,BTO
2025-01-15 12:08:00,36.255,36.255,36.255,36.255,688.0,BTO
2025-01-15 12:06:00,36.295,36.3,36.295,36.3,343.0,BTO
2025-01-15 12:05:00,36.21,36.21,36.21,36.21,406.0,BTO
2025-01-15 12:03:00,36.2997,36.2997,36.2997,36.2997,280.0,BTO
2025-01-15 11:56:00,36.3772,36.3772,36.3772,36.3772,2511.0,BTO
2025-01-15 11:54:00,36.32,36.32,36.32,36.32,5120.0,BTO
2025-01-15 11:52:00,36.2001,36.2001,36.2001,36.2001,394.0,BTO
2025-01-15 11:51:00,36.3101,36.3101,36.3101,36.3101,619.0,BTO
2025-01-15 11:39:00,36.4257,36.4257,36.4257,36.4257,216.0,BTO
2025-01-15 11:38:00,36.4217,36.4217,36.4217,36.4217,100.0,BTO
2025-01-15 11:30:00,36.4499,36.4499,36.4499,36.4499,261.0,BTO
2025-01-15 11:13:00,36.45,36.45,36.45,36.45,100.0,BTO
2025-01-15 11:01:00,36.38,36.38,36.38,36.38,125.0,BTO
2025-01-15 10:51:00,36.305,36.375,36.3,36.375,597.0,BTO
2025-01-15 10:49:00,36.4343,36.4343,36.4343,36.4343,1861.0,BTO
2025-01-15 10:48:00,36.435,36.435,36.3506,36.3506,780.0,BTO
2025-01-15 10:44:00,36.545,36.545,36.545,36.545,100.0,BTO
2025-01-15 10:41:00,36.435,36.435,36.43,36.435,800.0,BTO
2025-01-15 10:40:00,36.4364,36.4364,36.4364,36.4364,100.0,BTO
2025-01-15 10:39:00,36.435,36.435,36.305,36.305,1646.0,BTO
2025-01-15 10:37:00,36.2001,36.2001,36.2001,36.2001,130.0,BTO
2025-01-15 10:35:00,36.525,36.525,36.45,36.45,1912.0,BTO
2025-01-15 10:33:00,36.54,36.54,36.54,36.54,496.0,BTO
2025-01-15 10:29:00,36.49,36.495,36.49,36.495,1216.0,BTO
2025-01-15 10:28:00,36.4739,36.4739,36.4739,36.4739,191.0,BTO
2025-01-15 10:27:00,36.49,36.49,36.49,36.49,447.0,BTO
2025-01-15 10:25:00,36.5307,36.5307,36.49,36.49,400.0,BTO
2025-01-15 10:24:00,36.483,36.483,36.483,36.483,192.0,BTO
2025-01-15 10:23:00,36.49,36.49,36.49,36.49,359.0,BTO
2025-01-15 10:20:00,36.49,36.5399,36.49,36.5399,749.0,BTO
2025-01-15 10:19:00,36.465,36.48,36.42,36.48,913.0,BTO
2025-01-15 10:12:00,36.42,36.42,36.42,36.42,828.0,BTO
2025-01-15 10:04:00,36.2601,36.2601,36.2601,36.2601,341.0,BTO
2025-01-15 10:02:00,36.49,36.49,36.49,36.49,200.0,BTO
2025-01-15 10:01:00,36.485,36.49,36.23,36.23,881.0,BTO
2025-01-15 09:53:00,36.33,36.33,36.33,36.33,895.0,BTO
2025-01-15 09:51:00,36.32,36.32,36.32,36.32,333.0,BTO
2025-01-15 09:50:00,36.2,36.3,36.2,36.29,5515.0,BTO
2025-01-15 09:49:00,36.22,36.22,36.185,36.2,4242.0,BTO
2025-01-15 09:47:00,36.33,36.33,36.209,36.33,2280.0,BTO
2025-01-15 09:44:00,36.155,36.155,36.155,36.155,1284.0,BTO
2025-01-15 09:42:00,36.345,36.345,36.345,36.345,516.0,BTO
2025-01-15 09:39:00,36.405,36.45,36.405,36.45,968.0,BTO
2025-01-15 09:38:00,36.135,36.15,36.135,36.15,277.0,BTO
2025-01-15 09:37:00,36.135,36.15,36.135,36.135,585.0,BTO
2025-01-15 09:36:00,36.44,36.44,36.13,36.135,869.0,BTO
2025-01-15 09:35:00,36.395,36.425,36.395,36.425,449.0,BTO
2025-01-15 09:30:00,36.45,36.45,36.45,36.45,2373.0,BTO
2025-01-14 19:00:00,35.51,35.51,35.51,35.51,245.0,BTO
2025-01-14 18:30:00,35.51,35.51,35.51,35.51,245.0,BTO
2025-01-14 16:10:00,35.51,35.51,35.51,35.51,245.0,BTO
2025-01-14 16:00:00,35.51,35.51,35.47,35.51,640.0,BTO
2025-01-14 15:59:00,35.488,35.51,35.455,35.51,2143.0,BTO
2025-01-14 15:56:00,35.47,35.47,35.45,35.45,925.0,BTO
2025-01-14 15:45:00,35.39,35.39,35.39,35.39,100.0,BTO
2025-01-14 15:36:00,35.395,35.395,35.395,35.395,175.0,BTO
2025-01-14 15:34:00,35.46,35.46,35.46,35.46,100.0,BTO
2025-01-14 15:29:00,35.46,35.4612,35.46,35.4612,1345.0,BTO
2025-01-14 15:27:00,35.432,35.432,35.432,35.432,175.0,BTO
2025-01-14 15:25:00,35.46,35.46,35.46,35.46,343.0,BTO
2025-01-14 15:23:00,35.43,35.44,35.3735,35.44,1796.0,BTO
2025-01-14 15:22:00,35.44,35.44,35.44,35.44,231.0,BTO
2025-01-14 15:11:00,35.43,35.43,35.31,35.31,500.0,BTO
2025-01-14 14:59:00,35.25,35.25,35.25,35.25,190.0,BTO
2025-01-14 14:57:00,35.305,35.305,35.305,35.305,500.0,BTO
2025-01-14 14:45:00,35.43,35.43,35.43,35.43,247.0,BTO
2025-01-14 14:38:00,35.43,35.43,35.43,35.43,200.0,BTO
2025-01-14 14:37:00,35.17,35.28,35.17,35.25,3307.0,BTO
2025-01-14 14:29:00,35.0927,35.0927,35.0927,35.0927,628.0,BTO
2025-01-14 14:27:00,35.0689,35.0689,35.0689,35.0689,100.0,BTO
2025-01-14 14:25:00,35.1215,35.1215,35.1215,35.1215,500.0,BTO
2025-01-14 14:24:00,35.1224,35.1224,35.1224,35.1224,500.0,BTO
2025-01-14 14:23:00,35.19,35.19,35.19,35.19,196.0,BTO
2025-01-14 14:20:00,35.19,35.19,35.19,35.19,150.0,BTO
2025-01-14 14:18:00,35.18,35.2,35.18,35.2,856.0,BTO
2025-01-14 14:07:00,34.99,34.99,34.99,34.99,100.0,BTO
2025-01-14 14:04:00,34.8953,34.8953,34.8953,34.8953,100.0,BTO
2025-01-14 14:03:00,35.1999,35.1999,35.1999,35.1999,200.0,BTO
2025-01-14 13:59:00,35.18,35.18,35.18,35.18,100.0,BTO
2025-01-14 13:58:00,35.0737,35.19,35.0737,35.19,675.0,BTO
2025-01-14 13:53:00,35.19,35.19,35.19,35.19,100.0,BTO
2025-01-14 13:48:00,34.9679,34.9679,34.9679,34.9679,144.0,BTO
2025-01-14 13:47:00,35.0007,35.0007,35.0007,35.0007,200.0,BTO
2025-01-14 13:41:00,35.005,35.005,35.005,35.005,274.0,BTO
2025-01-14 13:27:00,35.005,35.005,35.005,35.005,693.0,BTO
2025-01-14 13:20:00,34.8,34.8,34.8,34.8,200.0,BTO
2025-01-14 13:17:00,35.0,35.0,35.0,35.0,100.0,BTO
2025-01-14 13:15:00,34.95,34.95,34.95,34.95,100.0,BTO
2025-01-14 13:13:00,34.935,34.95,34.935,34.95,200.0,BTO
2025-01-14 12:53:00,34.94,34.95,34.94,34.95,200.0,BTO
2025-01-14 12:42:00,34.9,34.9,34.9,34.9,200.0,BTO
2025-01-14 12:30:00,34.8,34.8,34.8,34.8,237.0,BTO
2025-01-14 12:23:00,34.8215,34.9,34.8215,34.9,1400.0,BTO
2025-01-14 11:58:00,34.5801,34.5801,34.5801,34.5801,700.0,BTO
2025-01-14 11:33:00,35.185,35.185,35.185,35.185,100.0,BTO
2025-01-14 11:27:00,35.2,35.2,35.2,35.2,100.0,BTO
2025-01-14 11:21:00,35.2,35.2,35.2,35.2,125.0,BTO
2025-01-14 11:17:00,35.116,35.116,35.116,35.116,100.0,BTO
2025-01-14 11:15:00,35.18,35.18,35.18,35.18,125.0,BTO
2025-01-14 11:09:00,35.19,35.19,35.19,35.19,100.0,BTO
2025-01-14 11:08:00,35.06,35.06,35.06,35.06,200.0,BTO
2025-01-14 11:04:00,35.25,35.25,35.25,35.25,120.0,BTO
2025-01-14 11:02:00,35.16,35.16,35.16,35.16,125.0,BTO
2025-01-14 11:01:00,35.1132,35.12,35.1132,35.12,446.0,BTO
2025-01-14 10:59:00,35.27,35.27,35.27,35.27,100.0,BTO
2025-01-14 10:58:00,35.0182,35.0182,35.0182,35.0182,225.0,BTO
2025-01-14 10:55:00,34.99,35.33,34.99,35.33,3255.0,BTO
2025-01-14 10:54:00,34.8871,34.8871,34.8871,34.8871,500.0,BTO
2025-01-14 10:52:00,34.976,34.976,34.976,34.976,819.0,BTO
2025-01-14 10:42:00,34.98,34.98,34.98,34.98,820.0,BTO
2025-01-14 10:38:00,34.98,34.98,34.98,34.98,100.0,BTO
2025-01-14 10:32:00,34.98,34.98,34.98,34.98,101.0,BTO
2025-01-14 10:30:00,34.8755,34.8755,34.8755,34.8755,187.0,BTO
2025-01-14 10:29:00,34.97,34.98,34.97,34.9799,2916.0,BTO
2025-01-14 10:28:00,34.7801,34.7801,34.7801,34.7801,131.0,BTO
2025-01-14 10:26:00,34.7201,34.7201,34.7201,34.7201,240.0,BTO
2025-01-14 10:25:00,34.885,34.8851,34.7517,34.7517,1138.0,BTO
2025-01-14 10:23:00,34.92,34.9899,34.92,34.9899,331.0,BTO
2025-01-14 10:22:00,34.7201,34.7201,34.7201,34.7201,180.0,BTO
2025-01-14 10:21:00,34.8696,34.8696,34.8696,34.8696,101.0,BTO
2025-01-14 10:20:00,34.7201,34.7201,34.7201,34.7201,120.0,BTO
2025-01-14 10:18:00,34.8256,34.8256,34.8256,34.8256,200.0,BTO
2025-01-14 10:14:00,34.86,34.86,34.86,34.86,502.0,BTO
2025-01-14 10:06:00,34.86,34.89,34.86,34.8699,707.0,BTO
2025-01-14 09:55:00,34.72,34.72,34.72,34.72,216.0,BTO
2025-01-14 09:54:00,34.867,34.867,34.867,34.867,240.0,BTO
2025-01-14 09:49:00,34.8486,34.8486,34.8486,34.8486,860.0,BTO
2025-01-14 09:48:00,34.5976,34.7895,34.5976,34.7895,700.0,BTO
2025-01-14 09:42:00,34.7048,34.7048,34.7048,34.7048,288.0,BTO
2025-01-14 09:40:00,34.75,34.75,34.75,34.75,100.0,BTO
2025-01-14 09:36:00,34.75,34.75,34.75,34.75,351.0,BTO
2025-01-14 09:35:00,34.74,34.74,34.74,34.74,100.0,BTO
2025-01-14 09:33:00,34.426,34.426,34.426,34.426,415.0,BTO
2025-01-14 09:30:00,34.86,34.86,34.86,34.86,3754.0,BTO
2025-01-14 05:08:00,33.67,33.67,33.67,33.67,3.0,BTO
2025-01-13 19:00:00,34.32,34.32,34.32,34.32,476.0,BTO
2025-01-13 18:30:00,34.32,34.32,34.32,34.32,476.0,BTO
2025-01-13 16:10:00,34.32,34.32,34.32,34.32,476.0,BTO
2025-01-13 16:00:00,34.34,34.34,34.32,34.32,1156.0,BTO
2025-01-13 15:59:00,34.33,34.34,34.33,34.34,579.0,BTO
2025-01-13 15:55:00,34.33,34.33,34.33,34.33,700.0,BTO
2025-01-13 15:51:00,34.35,34.35,34.34,34.34,550.0,BTO
2025-01-13 15:47:00,34.34,34.36,34.34,34.34,391.0,BTO
2025-01-13 15:32:00,34.34,34.3585,34.34,34.3585,465.0,BTO
2025-01-13 15:24:00,34.205,34.2577,34.205,34.2577,255.0,BTO
2025-01-13 15:02:00,34.0799,34.0799,34.0799,34.0799,450.0,BTO
2025-01-13 14:51:00,34.2,34.2,34.2,34.2,300.0,BTO
2025-01-13 14:39:00,34.1701,34.1701,34.1701,34.1701,500.0,BTO
2025-01-13 14:36:00,34.345,34.3576,34.345,34.3576,300.0,BTO
2025-01-13 14:24:00,34.0869,34.0869,34.0869,34.0869,137.0,BTO
2025-01-13 14:20:00,34.205,34.205,34.205,34.205,126.0,BTO
2025-01-13 14:13:00,34.2386,34.2386,34.2386,34.2386,288.0,BTO
2025-01-13 14:12:00,34.185,34.185,34.185,34.185,190.0,BTO
2025-01-13 14:09:00,34.3599,34.3599,34.3599,34.3599,145.0,BTO
2025-01-13 14:05:00,34.3599,34.3599,34.3599,34.3599,301.0,BTO
2025-01-13 14:02:00,34.185,34.185,34.185,34.185,213.0,BTO
2025-01-13 13:59:00,34.151,34.151,34.151,34.151,272.0,BTO
2025-01-13 13:53:00,34.27,34.36,34.27,34.36,1031.0,BTO
2025-01-13 13:52:00,34.04,34.16,34.04,34.16,642.0,BTO
2025-01-13 13:50:00,34.1033,34.1033,34.1033,34.1033,1005.0,BTO
2025-01-13 13:30:00,34.14,34.145,34.14,34.145,300.0,BTO
2025-01-13 13:27:00,34.03,34.03,34.03,34.03,110.0,BTO
2025-01-13 13:23:00,34.1002,34.1002,34.1002,34.1002,100.0,BTO
2025-01-13 13:17:00,34.1327,34.1327,34.1327,34.1327,200.0,BTO
2025-01-13 13:08:00,34.0047,34.0047,34.0047,34.0047,115.0,BTO
2025-01-13 13:06:00,33.9001,33.9001,33.9001,33.9001,100.0,BTO
2025-01-13 12:57:00,34.03,34.03,34.03,34.03,638.0,BTO
2025-01-13 12:45:00,33.9,33.9,33.9,33.9,500.0,BTO
2025-01-13 12:38:00,34.1673,34.1673,34.1673,34.1673,525.0,BTO
2025-01-13 12:26:00,33.9,33.9,33.9,33.9,693.0,BTO
2025-01-13 12:25:00,34.035,34.035,34.035,34.035,100.0,BTO
2025-01-13 12:21:00,33.8571,33.8571,33.8571,33.8571,769.0,BTO
2025-01-13 12:20:00,33.83,33.83,33.83,33.83,175.0,BTO
2025-01-13 12:14:00,34.1409,34.1409,34.1409,34.1409,400.0,BTO
2025-01-13 11:59:00,34.0286,34.0286,34.0286,34.0286,300.0,BTO
2025-01-13 11:55:00,33.99,34.03,33.99,34.03,900.0,BTO
2025-01-13 11:54:00,34.1555,34.1555,34.1555,34.1555,100.0,BTO
2025-01-13 11:45:00,34.01,34.01,34.01,34.01,100.0,BTO
2025-01-13 11:38:00,33.9202,34.12,33.9202,34.12,1002.0,BTO
2025-01-13 11:37:00,34.1627,34.1627,34.1627,34.1627,100.0,BTO
2025-01-13 11:35:00,34.0013,34.12,34.0013,34.12,1300.0,BTO
2025-01-13 11:34:00,33.88,34.12,33.88,34.12,400.0,BTO
2025-01-13 11:26:00,34.12,34.12,34.12,34.12,1382.0,BTO
2025-01-13 11:22:00,34.125,34.125,34.125,34.125,550.0,BTO
2025-01-13 11:21:00,34.04,34.23,34.03,34.23,2800.0,BTO
2025-01-13 11:15:00,33.91,33.91,33.91,33.91,300.0,BTO
2025-01-13 11:07:00,33.8,33.8,33.8,33.8,130.0,BTO
2025-01-13 10:58:00,33.89,33.9,33.89,33.9,511.0,BTO
2025-01-13 10:57:00,33.75,33.75,33.75,33.75,200.0,BTO
2025-01-13 10:50:00,33.6659,33.6659,33.6659,33.6659,451.0,BTO
2025-01-13 10:27:00,33.7634,33.7634,33.7634,33.7634,175.0,BTO
2025-01-13 10:24:00,33.785,33.785,33.785,33.785,100.0,BTO
2025-01-13 10:23:00,33.65,33.73,33.65,33.73,605.0,BTO
2025-01-13 10:16:00,33.6408,33.6408,33.6408,33.6408,302.0,BTO
2025-01-13 10:14:00,33.8499,33.8499,33.8499,33.8499,100.0,BTO
2025-01-13 10:13:00,33.8499,33.8499,33.8499,33.8499,185.0,BTO
2025-01-13 10:12:00,33.735,33.735,33.735,33.735,635.0,BTO
2025-01-13 10:11:00,33.9002,33.9002,33.9002,33.9002,200.0,BTO
2025-01-13 10:01:00,34.0699,34.0699,34.0699,34.0699,1457.0,BTO
2025-01-13 09:32:00,33.8255,33.8255,33.8255,33.8255,1477.0,BTO
2025-01-13 09:31:00,33.6782,33.6782,33.6782,33.6782,218.0,BTO
2025-01-13 09:30:00,33.7,33.7,33.7,33.7,1926.0,BTO
2025-01-13 08:02:00,33.8,33.8,33.8,33.8,1.0,BTO
2025-01-13 04:16:00,35.0,35.0,35.0,35.0,1.0,BTO
