date,1. open,2. high,3. low,4. close,5. volume,Ticker
2023-11-02 19:22:00,24.0,24.0,24.0,24.0,1.0,BTU
2023-11-02 19:00:00,23.63,23.63,23.63,23.63,190861.0,BTU
2023-11-02 18:30:00,23.63,23.63,23.63,23.63,190861.0,BTU
2023-11-02 16:12:00,23.66,23.66,23.66,23.66,40.0,BTU
2023-11-02 16:11:00,23.67,23.67,23.67,23.67,400.0,BTU
2023-11-02 16:10:00,23.63,23.63,23.63,23.63,190861.0,BTU
2023-11-02 16:08:00,23.31,23.31,23.31,23.31,1.0,BTU
2023-11-02 16:02:00,23.63,23.63,23.63,23.63,7588.0,BTU
2023-11-02 16:01:00,23.63,23.63,23.63,23.63,972.0,BTU
2023-11-02 16:00:00,23.63,23.64,23.63,23.63,425294.0,BTU
2023-11-02 15:59:00,23.585,23.64,23.58,23.64,108044.0,BTU
2023-11-02 15:58:00,23.56,23.59,23.56,23.585,31446.0,BTU
2023-11-02 15:57:00,23.54,23.57,23.535,23.56,42635.0,BTU
2023-11-02 15:56:00,23.555,23.555,23.54,23.54,23373.0,BTU
2023-11-02 15:55:00,23.55,23.585,23.545,23.555,35435.0,BTU
2023-11-02 15:54:00,23.555,23.565,23.54,23.54,18939.0,BTU
2023-11-02 15:53:00,23.58,23.58,23.545,23.55,14479.0,BTU
2023-11-02 15:52:00,23.57,23.58,23.56,23.58,16044.0,BTU
2023-11-02 15:51:00,23.555,23.575,23.55,23.575,16393.0,BTU
2023-11-02 15:50:00,23.535,23.56,23.525,23.55,13325.0,BTU
2023-11-02 15:49:00,23.53,23.54,23.52,23.54,7197.0,BTU
2023-11-02 15:48:00,23.545,23.55,23.525,23.53,16793.0,BTU
2023-11-02 15:47:00,23.55,23.56,23.54,23.545,6273.0,BTU
2023-11-02 15:46:00,23.55,23.56,23.545,23.555,12417.0,BTU
2023-11-02 15:45:00,23.485,23.545,23.485,23.545,20479.0,BTU
2023-11-02 15:44:00,23.485,23.485,23.48,23.485,2000.0,BTU
2023-11-02 15:43:00,23.51,23.51,23.485,23.485,9558.0,BTU
2023-11-02 15:42:00,23.52,23.53,23.505,23.51,10732.0,BTU
2023-11-02 15:41:00,23.54,23.56,23.525,23.525,11774.0,BTU
2023-11-02 15:40:00,23.535,23.545,23.53,23.54,8398.0,BTU
2023-11-02 15:39:00,23.54,23.545,23.535,23.54,4709.0,BTU
2023-11-02 15:38:00,23.55,23.55,23.53,23.54,6817.0,BTU
2023-11-02 15:37:00,23.51,23.541,23.51,23.541,7850.0,BTU
2023-11-02 15:36:00,23.57,23.57,23.51,23.51,12075.0,BTU
2023-11-02 15:35:00,23.575,23.58,23.565,23.57,6102.0,BTU
2023-11-02 15:34:00,23.555,23.585,23.555,23.58,6496.0,BTU
2023-11-02 15:33:00,23.555,23.56,23.555,23.56,639.0,BTU
2023-11-02 15:32:00,23.59,23.595,23.545,23.555,18442.0,BTU
2023-11-02 15:31:00,23.575,23.595,23.575,23.595,3118.0,BTU
2023-11-02 15:30:00,23.545,23.575,23.545,23.57,6203.0,BTU
2023-11-02 15:29:00,23.53,23.55,23.53,23.55,3616.0,BTU
2023-11-02 15:28:00,23.52,23.53,23.52,23.53,2745.0,BTU
2023-11-02 15:27:00,23.52,23.52,23.515,23.515,3188.0,BTU
2023-11-02 15:26:00,23.57,23.57,23.525,23.525,7757.0,BTU
2023-11-02 15:25:00,23.55,23.56,23.55,23.56,2919.0,BTU
2023-11-02 15:24:00,23.55,23.55,23.55,23.55,411.0,BTU
2023-11-02 15:23:00,23.57,23.57,23.545,23.55,3542.0,BTU
2023-11-02 15:22:00,23.615,23.615,23.58,23.58,9061.0,BTU
2023-11-02 15:21:00,23.59,23.62,23.59,23.615,4346.0,BTU
2023-11-02 15:20:00,23.6,23.605,23.59,23.59,4954.0,BTU
2023-11-02 15:19:00,23.605,23.605,23.595,23.6,4105.0,BTU
2023-11-02 15:18:00,23.605,23.605,23.605,23.605,303.0,BTU
2023-11-02 15:17:00,23.595,23.62,23.595,23.6,7077.0,BTU
2023-11-02 15:16:00,23.595,23.62,23.595,23.595,8777.0,BTU
2023-11-02 15:15:00,23.58,23.6,23.58,23.595,8540.0,BTU
2023-11-02 15:14:00,23.605,23.61,23.585,23.585,12387.0,BTU
2023-11-02 15:13:00,23.58,23.61,23.58,23.61,8480.0,BTU
2023-11-02 15:12:00,23.58,23.585,23.575,23.575,3479.0,BTU
2023-11-02 15:11:00,23.58,23.58,23.575,23.575,2358.0,BTU
2023-11-02 15:10:00,23.57,23.58,23.565,23.58,6091.0,BTU
2023-11-02 15:09:00,23.595,23.595,23.57,23.57,5505.0,BTU
2023-11-02 15:08:00,23.595,23.595,23.595,23.595,1145.0,BTU
2023-11-02 15:07:00,23.595,23.61,23.59,23.595,6095.0,BTU
2023-11-02 15:06:00,23.585,23.59,23.575,23.585,7595.0,BTU
2023-11-02 15:05:00,23.56,23.59,23.555,23.585,7806.0,BTU
2023-11-02 15:04:00,23.555,23.57,23.55,23.565,3419.0,BTU
2023-11-02 15:03:00,23.6,23.6,23.545,23.55,12389.0,BTU
2023-11-02 15:02:00,23.585,23.595,23.582,23.595,9472.0,BTU
2023-11-02 15:01:00,23.58,23.585,23.575,23.585,6449.0,BTU
2023-11-02 15:00:00,23.58,23.59,23.56,23.573,7314.0,BTU
2023-11-02 14:59:00,23.6,23.6,23.575,23.58,5907.0,BTU
2023-11-02 14:58:00,23.6,23.6,23.593,23.593,2454.0,BTU
2023-11-02 14:57:00,23.57,23.59,23.57,23.59,5194.0,BTU
2023-11-02 14:56:00,23.57,23.58,23.565,23.575,8446.0,BTU
2023-11-02 14:55:00,23.565,23.59,23.56,23.575,4318.0,BTU
2023-11-02 14:54:00,23.565,23.565,23.565,23.565,103.0,BTU
2023-11-02 14:53:00,23.57,23.57,23.555,23.56,18170.0,BTU
2023-11-02 14:52:00,23.59,23.6,23.58,23.59,4283.0,BTU
2023-11-02 14:51:00,23.55,23.595,23.55,23.59,5881.0,BTU
2023-11-02 14:50:00,23.56,23.56,23.535,23.54,3644.0,BTU
2023-11-02 14:49:00,23.56,23.56,23.545,23.55,9580.0,BTU
2023-11-02 14:48:00,23.562,23.562,23.56,23.56,251.0,BTU
2023-11-02 14:47:00,23.59,23.59,23.57,23.57,4517.0,BTU
2023-11-02 14:46:00,23.58,23.59,23.58,23.59,999.0,BTU
2023-11-02 14:45:00,23.602,23.602,23.575,23.585,4597.0,BTU
2023-11-02 14:44:00,23.59,23.61,23.57,23.61,8565.0,BTU
2023-11-02 14:43:00,23.61,23.61,23.575,23.585,9604.0,BTU
2023-11-02 14:42:00,23.615,23.625,23.61,23.61,2586.0,BTU
2023-11-02 14:41:00,23.62,23.62,23.61,23.61,614.0,BTU
2023-11-02 14:40:00,23.63,23.63,23.615,23.62,5152.0,BTU
2023-11-02 14:39:00,23.595,23.64,23.595,23.64,16523.0,BTU
2023-11-02 14:38:00,23.58,23.6,23.58,23.6,1074.0,BTU
2023-11-02 14:37:00,23.565,23.58,23.56,23.58,5561.0,BTU
2023-11-02 14:36:00,23.58,23.59,23.56,23.56,4442.0,BTU
2023-11-02 14:35:00,23.57,23.58,23.563,23.575,4279.0,BTU
2023-11-02 14:34:00,23.563,23.563,23.55,23.56,3292.0,BTU
2023-11-02 14:33:00,23.56,23.57,23.56,23.57,659.0,BTU
2023-11-02 14:32:00,23.55,23.56,23.545,23.555,3638.0,BTU
2023-11-02 14:31:00,23.55,23.55,23.545,23.545,1135.0,BTU
2023-11-02 14:30:00,23.55,23.56,23.55,23.56,1642.0,BTU
2023-11-02 14:29:00,23.54,23.56,23.54,23.55,4713.0,BTU
2023-11-02 14:28:00,23.53,23.548,23.53,23.548,2556.0,BTU
2023-11-02 14:27:00,23.54,23.54,23.525,23.525,1537.0,BTU
2023-11-02 14:26:00,23.54,23.54,23.52,23.54,3728.0,BTU
2023-11-02 14:25:00,23.545,23.55,23.54,23.54,1868.0,BTU
2023-11-02 14:24:00,23.55,23.56,23.53,23.56,2688.0,BTU
2023-11-02 14:23:00,23.52,23.55,23.52,23.545,5436.0,BTU
2023-11-02 14:22:00,23.55,23.55,23.51,23.52,3180.0,BTU
2023-11-02 14:21:00,23.57,23.57,23.545,23.55,3214.0,BTU
2023-11-02 14:20:00,23.58,23.58,23.57,23.58,2039.0,BTU
2023-11-02 14:19:00,23.585,23.585,23.58,23.58,500.0,BTU
2023-11-02 14:18:00,23.585,23.59,23.58,23.59,3129.0,BTU
2023-11-02 14:17:00,23.595,23.6,23.58,23.581,2119.0,BTU
2023-11-02 14:16:00,23.61,23.615,23.595,23.6,3614.0,BTU
2023-11-02 14:15:00,23.595,23.615,23.59,23.615,3914.0,BTU
2023-11-02 14:14:00,23.595,23.595,23.592,23.592,300.0,BTU
2023-11-02 14:13:00,23.595,23.605,23.595,23.6,1544.0,BTU
2023-11-02 14:12:00,23.567,23.6,23.568,23.6,3038.0,BTU
2023-11-02 14:11:00,23.56,23.57,23.56,23.561,607.0,BTU
2023-11-02 14:10:00,23.563,23.565,23.563,23.565,397.0,BTU
2023-11-02 14:09:00,23.57,23.57,23.565,23.565,677.0,BTU
2023-11-02 14:08:00,23.57,23.57,23.563,23.57,1857.0,BTU
2023-11-02 14:07:00,23.58,23.58,23.57,23.58,783.0,BTU
2023-11-02 14:06:00,23.59,23.59,23.58,23.584,1509.0,BTU
2023-11-02 14:05:00,23.59,23.59,23.575,23.575,3145.0,BTU
2023-11-02 14:04:00,23.585,23.595,23.585,23.595,2027.0,BTU
2023-11-02 14:03:00,23.615,23.62,23.585,23.585,3456.0,BTU
2023-11-02 14:02:00,23.63,23.63,23.61,23.61,1849.0,BTU
2023-11-02 14:01:00,23.63,23.64,23.63,23.635,3893.0,BTU
2023-11-02 14:00:00,23.65,23.65,23.63,23.63,1701.0,BTU
2023-11-02 13:59:00,23.655,23.655,23.64,23.65,1446.0,BTU
2023-11-02 13:58:00,23.635,23.65,23.635,23.65,2916.0,BTU
2023-11-02 13:57:00,23.64,23.645,23.64,23.64,756.0,BTU
2023-11-02 13:56:00,23.65,23.66,23.64,23.65,3657.0,BTU
2023-11-02 13:55:00,23.605,23.65,23.605,23.65,4334.0,BTU
2023-11-02 13:54:00,23.61,23.61,23.605,23.605,1085.0,BTU
2023-11-02 13:53:00,23.61,23.62,23.605,23.62,1640.0,BTU
2023-11-02 13:52:00,23.58,23.6,23.58,23.6,2829.0,BTU
2023-11-02 13:51:00,23.6,23.6,23.58,23.58,1338.0,BTU
2023-11-02 13:50:00,23.63,23.63,23.615,23.615,2691.0,BTU
2023-11-02 13:49:00,23.62,23.64,23.62,23.63,2303.0,BTU
2023-11-02 13:48:00,23.625,23.625,23.61,23.62,1687.0,BTU
2023-11-02 13:47:00,23.602,23.625,23.602,23.625,1011.0,BTU
2023-11-02 13:46:00,23.58,23.61,23.58,23.6,4153.0,BTU
2023-11-02 13:45:00,23.6,23.6,23.585,23.585,2140.0,BTU
2023-11-02 13:44:00,23.62,23.62,23.6,23.6,2086.0,BTU
2023-11-02 13:43:00,23.63,23.63,23.62,23.628,1973.0,BTU
2023-11-02 13:42:00,23.62,23.625,23.62,23.62,1542.0,BTU
2023-11-02 13:41:00,23.6,23.615,23.59,23.615,1875.0,BTU
2023-11-02 13:40:00,23.61,23.61,23.595,23.6,2241.0,BTU
2023-11-02 13:39:00,23.611,23.611,23.6,23.61,3320.0,BTU
2023-11-02 13:38:00,23.63,23.63,23.61,23.61,1681.0,BTU
2023-11-02 13:37:00,23.64,23.64,23.64,23.64,758.0,BTU
2023-11-02 13:36:00,23.64,23.64,23.635,23.635,1242.0,BTU
2023-11-02 13:35:00,23.67,23.67,23.64,23.64,2720.0,BTU
2023-11-02 13:34:00,23.67,23.677,23.67,23.678,947.0,BTU
2023-11-02 13:33:00,23.69,23.69,23.665,23.67,2109.0,BTU
2023-11-02 13:32:00,23.69,23.69,23.681,23.681,413.0,BTU
2023-11-02 13:31:00,23.69,23.69,23.67,23.675,2376.0,BTU
2023-11-02 13:30:00,23.66,23.68,23.66,23.68,1596.0,BTU
2023-11-02 13:29:00,23.661,23.665,23.643,23.645,6257.0,BTU
2023-11-02 13:28:00,23.69,23.695,23.66,23.66,4048.0,BTU
2023-11-02 13:27:00,23.68,23.68,23.68,23.68,219.0,BTU
2023-11-02 13:26:00,23.685,23.69,23.68,23.685,1839.0,BTU
2023-11-02 13:25:00,23.68,23.685,23.675,23.675,1227.0,BTU
2023-11-02 13:24:00,23.69,23.69,23.68,23.69,2420.0,BTU
2023-11-02 13:23:00,23.705,23.705,23.685,23.69,2075.0,BTU
2023-11-02 13:22:00,23.695,23.72,23.695,23.7,1569.0,BTU
2023-11-02 13:21:00,23.72,23.74,23.685,23.69,3991.0,BTU
2023-11-02 13:20:00,23.685,23.71,23.68,23.71,4311.0,BTU
2023-11-02 13:19:00,23.66,23.68,23.66,23.68,2924.0,BTU
2023-11-02 13:18:00,23.67,23.67,23.66,23.665,859.0,BTU
2023-11-02 13:17:00,23.67,23.67,23.67,23.67,792.0,BTU
2023-11-02 13:16:00,23.655,23.68,23.655,23.68,2108.0,BTU
2023-11-02 13:15:00,23.655,23.655,23.65,23.65,981.0,BTU
2023-11-02 13:14:00,23.655,23.655,23.65,23.655,830.0,BTU
2023-11-02 13:13:00,23.67,23.67,23.66,23.66,2143.0,BTU
2023-11-02 13:12:00,23.63,23.66,23.63,23.66,6153.0,BTU
2023-11-02 13:11:00,23.67,23.67,23.63,23.63,2411.0,BTU
2023-11-02 13:10:00,23.64,23.675,23.64,23.675,9225.0,BTU
2023-11-02 13:09:00,23.651,23.651,23.645,23.645,1169.0,BTU
2023-11-02 13:08:00,23.675,23.675,23.655,23.655,2152.0,BTU
2023-11-02 13:07:00,23.66,23.675,23.66,23.675,1112.0,BTU
2023-11-02 13:06:00,23.65,23.65,23.645,23.65,1281.0,BTU
2023-11-02 13:05:00,23.66,23.66,23.66,23.66,1154.0,BTU
2023-11-02 13:04:00,23.655,23.67,23.655,23.67,1815.0,BTU
2023-11-02 13:03:00,23.66,23.66,23.643,23.65,1995.0,BTU
2023-11-02 13:02:00,23.659,23.665,23.65,23.66,4374.0,BTU
2023-11-02 13:01:00,23.64,23.643,23.64,23.643,701.0,BTU
2023-11-02 13:00:00,23.59,23.62,23.59,23.62,2133.0,BTU
2023-11-02 12:59:00,23.561,23.59,23.56,23.58,3398.0,BTU
2023-11-02 12:58:00,23.56,23.56,23.54,23.56,3795.0,BTU
2023-11-02 12:57:00,23.61,23.61,23.565,23.565,2888.0,BTU
2023-11-02 12:56:00,23.61,23.615,23.6,23.615,2870.0,BTU
2023-11-02 12:55:00,23.63,23.63,23.61,23.62,4284.0,BTU
2023-11-02 12:54:00,23.63,23.63,23.63,23.63,367.0,BTU
2023-11-02 12:53:00,23.635,23.64,23.63,23.64,938.0,BTU
2023-11-02 12:52:00,23.63,23.635,23.63,23.63,655.0,BTU
2023-11-02 12:51:00,23.645,23.645,23.635,23.635,1348.0,BTU
2023-11-02 12:50:00,23.645,23.66,23.64,23.64,2295.0,BTU
2023-11-02 12:49:00,23.64,23.64,23.635,23.64,1159.0,BTU
2023-11-02 12:48:00,23.64,23.64,23.64,23.64,209.0,BTU
2023-11-02 12:47:00,23.64,23.65,23.635,23.65,3023.0,BTU
2023-11-02 12:46:00,23.62,23.63,23.62,23.63,991.0,BTU
2023-11-02 12:45:00,23.62,23.62,23.61,23.62,1350.0,BTU
2023-11-02 12:44:00,23.64,23.655,23.63,23.63,2875.0,BTU
2023-11-02 12:43:00,23.663,23.67,23.635,23.635,2333.0,BTU
2023-11-02 12:42:00,23.66,23.67,23.65,23.67,2251.0,BTU
2023-11-02 12:41:00,23.672,23.672,23.66,23.66,1806.0,BTU
2023-11-02 12:40:00,23.65,23.68,23.645,23.675,2781.0,BTU
2023-11-02 12:39:00,23.62,23.65,23.613,23.65,2300.0,BTU
2023-11-02 12:38:00,23.61,23.61,23.603,23.61,894.0,BTU
2023-11-02 12:37:00,23.62,23.62,23.6,23.61,2991.0,BTU
2023-11-02 12:36:00,23.63,23.63,23.61,23.61,3200.0,BTU
2023-11-02 12:35:00,23.66,23.665,23.63,23.63,2747.0,BTU
2023-11-02 12:34:00,23.673,23.68,23.66,23.66,1170.0,BTU
2023-11-02 12:33:00,23.69,23.69,23.68,23.68,1164.0,BTU
2023-11-02 12:32:00,23.67,23.68,23.67,23.68,516.0,BTU
2023-11-02 12:31:00,23.68,23.685,23.67,23.67,1566.0,BTU
2023-11-02 12:30:00,23.63,23.66,23.63,23.66,2154.0,BTU
2023-11-02 12:29:00,23.61,23.64,23.61,23.64,5453.0,BTU
2023-11-02 12:28:00,23.68,23.68,23.62,23.62,6912.0,BTU
2023-11-02 12:27:00,23.66,23.66,23.66,23.66,216.0,BTU
2023-11-02 12:26:00,23.65,23.67,23.65,23.67,1404.0,BTU
2023-11-02 12:25:00,23.69,23.69,23.67,23.67,1159.0,BTU
2023-11-02 12:24:00,23.71,23.71,23.7,23.7,540.0,BTU
2023-11-02 12:23:00,23.68,23.7,23.68,23.7,1980.0,BTU
2023-11-02 12:22:00,23.635,23.68,23.635,23.675,4719.0,BTU
2023-11-02 12:21:00,23.665,23.705,23.62,23.64,21619.0,BTU
2023-11-02 12:20:00,23.71,23.71,23.66,23.66,6901.0,BTU
2023-11-02 12:19:00,23.74,23.74,23.713,23.713,4480.0,BTU
2023-11-02 12:18:00,23.721,23.74,23.721,23.722,1906.0,BTU
2023-11-02 12:17:00,23.71,23.73,23.71,23.72,6658.0,BTU
2023-11-02 12:16:00,23.73,23.73,23.7,23.705,1984.0,BTU
2023-11-02 12:15:00,23.75,23.76,23.74,23.74,2990.0,BTU
2023-11-02 12:14:00,23.77,23.77,23.75,23.765,3434.0,BTU
2023-11-02 12:13:00,23.775,23.775,23.77,23.77,507.0,BTU
2023-11-02 12:12:00,23.79,23.791,23.77,23.77,3636.0,BTU
2023-11-02 12:11:00,23.775,23.79,23.775,23.783,2119.0,BTU
2023-11-02 12:10:00,23.8,23.8,23.78,23.78,1143.0,BTU
2023-11-02 12:09:00,23.81,23.81,23.81,23.81,526.0,BTU
2023-11-02 12:08:00,23.77,23.81,23.75,23.81,4326.0,BTU
2023-11-02 12:07:00,23.79,23.8,23.77,23.78,3130.0,BTU
2023-11-02 12:06:00,23.805,23.805,23.79,23.795,2114.0,BTU
2023-11-02 12:05:00,23.83,23.84,23.82,23.82,3900.0,BTU
2023-11-02 12:04:00,23.85,23.85,23.825,23.825,1758.0,BTU
2023-11-02 12:03:00,23.84,23.845,23.84,23.845,2573.0,BTU
2023-11-02 12:02:00,23.88,23.88,23.85,23.85,4634.0,BTU
2023-11-02 12:01:00,23.89,23.89,23.89,23.89,2100.0,BTU
2023-11-02 12:00:00,23.88,23.89,23.88,23.89,864.0,BTU
2023-11-02 11:59:00,23.87,23.87,23.863,23.863,770.0,BTU
2023-11-02 11:58:00,23.87,23.87,23.87,23.87,916.0,BTU
2023-11-02 11:57:00,23.83,23.85,23.83,23.85,3360.0,BTU
2023-11-02 11:56:00,23.84,23.85,23.82,23.82,5606.0,BTU
2023-11-02 11:55:00,23.83,23.84,23.83,23.83,740.0,BTU
2023-11-02 11:54:00,23.84,23.84,23.833,23.84,1145.0,BTU
2023-11-02 11:53:00,23.84,23.85,23.84,23.845,309.0,BTU
2023-11-02 11:52:00,23.853,23.86,23.84,23.84,2198.0,BTU
2023-11-02 11:51:00,23.86,23.86,23.84,23.85,1347.0,BTU
2023-11-02 11:50:00,23.85,23.86,23.843,23.86,1309.0,BTU
2023-11-02 11:49:00,23.84,23.86,23.84,23.85,3191.0,BTU
2023-11-02 11:48:00,23.86,23.86,23.832,23.835,2334.0,BTU
2023-11-02 11:47:00,23.851,23.879,23.851,23.865,4070.0,BTU
2023-11-02 11:46:00,23.843,23.865,23.843,23.86,1300.0,BTU
2023-11-02 11:45:00,23.86,23.86,23.85,23.85,617.0,BTU
2023-11-02 11:44:00,23.87,23.87,23.85,23.86,1616.0,BTU
2023-11-02 11:43:00,23.85,23.88,23.85,23.863,1316.0,BTU
2023-11-02 11:42:00,23.83,23.84,23.822,23.84,2392.0,BTU
2023-11-02 11:41:00,23.89,23.89,23.85,23.85,2309.0,BTU
2023-11-02 11:40:00,23.88,23.89,23.87,23.882,3145.0,BTU
2023-11-02 11:39:00,23.88,23.9,23.88,23.89,8298.0,BTU
2023-11-02 11:38:00,23.87,23.9,23.86,23.87,3598.0,BTU
2023-11-02 11:37:00,23.82,23.865,23.82,23.865,6228.0,BTU
2023-11-02 11:36:00,23.865,23.865,23.82,23.82,5436.0,BTU
2023-11-02 11:35:00,23.9,23.9,23.86,23.87,7228.0,BTU
2023-11-02 11:34:00,23.91,23.92,23.91,23.92,1148.0,BTU
2023-11-02 11:33:00,23.915,23.92,23.9,23.91,3860.0,BTU
2023-11-02 11:32:00,23.95,23.95,23.905,23.91,6412.0,BTU
2023-11-02 11:31:00,23.94,23.95,23.92,23.95,12647.0,BTU
2023-11-02 11:30:00,23.95,23.95,23.94,23.94,1681.0,BTU
2023-11-02 11:29:00,23.97,23.97,23.945,23.945,2591.0,BTU
2023-11-02 11:28:00,23.949,23.97,23.949,23.97,1864.0,BTU
2023-11-02 11:27:00,24.0,24.0,23.96,23.96,3172.0,BTU
2023-11-02 11:26:00,23.987,24.01,23.987,24.0,3915.0,BTU
2023-11-02 11:25:00,24.002,24.002,23.985,23.985,1681.0,BTU
2023-11-02 11:24:00,24.03,24.03,24.0,24.015,4594.0,BTU
2023-11-02 11:23:00,24.02,24.059,24.02,24.03,9117.0,BTU
2023-11-02 11:22:00,23.99,24.04,23.98,24.022,3780.0,BTU
2023-11-02 11:21:00,23.97,23.99,23.97,23.99,4790.0,BTU
2023-11-02 11:20:00,23.98,23.984,23.97,23.97,1195.0,BTU
2023-11-02 11:19:00,23.98,23.99,23.98,23.98,1502.0,BTU
2023-11-02 11:18:00,23.98,23.99,23.972,23.972,1304.0,BTU
2023-11-02 11:17:00,23.97,23.973,23.96,23.973,2695.0,BTU
2023-11-02 11:16:00,23.942,23.974,23.942,23.97,2460.0,BTU
2023-11-02 11:15:00,23.945,23.95,23.93,23.94,3134.0,BTU
2023-11-02 11:14:00,23.97,23.97,23.945,23.945,3179.0,BTU
2023-11-02 11:13:00,23.96,23.981,23.96,23.98,2134.0,BTU
2023-11-02 11:12:00,23.955,23.97,23.945,23.97,3418.0,BTU
2023-11-02 11:11:00,23.97,23.97,23.94,23.95,5309.0,BTU
2023-11-02 11:10:00,23.965,23.971,23.96,23.971,1984.0,BTU
2023-11-02 11:09:00,23.971,23.971,23.96,23.965,1539.0,BTU
2023-11-02 11:08:00,23.94,23.98,23.935,23.97,5722.0,BTU
2023-11-02 11:07:00,23.96,23.96,23.935,23.935,3737.0,BTU
2023-11-02 11:06:00,23.97,23.97,23.963,23.963,442.0,BTU
2023-11-02 11:05:00,23.97,23.97,23.96,23.97,1735.0,BTU
2023-11-02 11:04:00,23.96,23.99,23.96,23.975,3044.0,BTU
2023-11-02 11:03:00,23.93,23.95,23.91,23.95,4943.0,BTU
2023-11-02 11:02:00,23.961,23.97,23.935,23.935,5184.0,BTU
2023-11-02 11:01:00,23.95,23.97,23.94,23.97,1866.0,BTU
2023-11-02 11:00:00,23.961,23.97,23.95,23.95,1955.0,BTU
2023-11-02 10:59:00,24.0,24.0,23.97,23.97,5286.0,BTU
2023-11-02 10:58:00,24.02,24.03,24.01,24.01,2548.0,BTU
2023-11-02 10:57:00,24.0,24.025,24.0,24.025,6092.0,BTU
2023-11-02 10:56:00,24.0,24.0,23.99,24.0,1587.0,BTU
2023-11-02 10:55:00,24.0,24.0,23.995,24.0,893.0,BTU
2023-11-02 10:54:00,23.92,24.0,23.92,24.0,5514.0,BTU
2023-11-02 10:53:00,23.925,23.93,23.91,23.91,4106.0,BTU
2023-11-02 10:52:00,23.943,23.943,23.93,23.93,1141.0,BTU
2023-11-02 10:51:00,23.93,23.95,23.925,23.95,5402.0,BTU
2023-11-02 10:50:00,23.945,23.95,23.93,23.94,3283.0,BTU
2023-11-02 10:49:00,23.96,23.96,23.93,23.95,4012.0,BTU
2023-11-02 10:48:00,23.955,23.96,23.95,23.96,4531.0,BTU
2023-11-02 10:47:00,23.94,23.96,23.93,23.96,4970.0,BTU
2023-11-02 10:46:00,23.95,23.96,23.941,23.95,1886.0,BTU
2023-11-02 10:45:00,23.94,23.965,23.94,23.955,3908.0,BTU
2023-11-02 10:44:00,23.94,23.97,23.93,23.94,5317.0,BTU
2023-11-02 10:43:00,23.955,23.955,23.94,23.95,2968.0,BTU
2023-11-02 10:42:00,23.98,23.98,23.94,23.95,4558.0,BTU
2023-11-02 10:41:00,24.03,24.035,23.99,24.0,6107.0,BTU
2023-11-02 10:40:00,24.01,24.03,24.01,24.025,2373.0,BTU
2023-11-02 10:39:00,23.95,24.01,23.95,24.01,2651.0,BTU
2023-11-02 10:38:00,24.0,24.0,23.97,23.97,2378.0,BTU
2023-11-02 10:37:00,23.98,24.0,23.97,24.0,9283.0,BTU
2023-11-02 10:36:00,23.99,23.99,23.97,23.99,1608.0,BTU
2023-11-02 10:35:00,23.955,23.99,23.955,23.99,3253.0,BTU
2023-11-02 10:34:00,23.945,23.96,23.935,23.955,9349.0,BTU
2023-11-02 10:33:00,23.971,23.98,23.91,23.94,6242.0,BTU
2023-11-02 10:32:00,23.89,23.971,23.89,23.971,13123.0,BTU
2023-11-02 10:31:00,23.89,23.895,23.885,23.89,4490.0,BTU
2023-11-02 10:30:00,23.87,23.9,23.87,23.9,2413.0,BTU
2023-11-02 10:29:00,23.87,23.88,23.865,23.87,2948.0,BTU
2023-11-02 10:28:00,23.86,23.86,23.86,23.86,1362.0,BTU
2023-11-02 10:27:00,23.87,23.87,23.86,23.86,3528.0,BTU
2023-11-02 10:26:00,23.835,23.87,23.82,23.86,6917.0,BTU
2023-11-02 10:25:00,23.84,23.84,23.825,23.84,2728.0,BTU
2023-11-02 10:24:00,23.82,23.855,23.82,23.85,1238.0,BTU
2023-11-02 10:23:00,23.81,23.82,23.8,23.82,2927.0,BTU
2023-11-02 10:22:00,23.765,23.8,23.76,23.8,4415.0,BTU
2023-11-02 10:21:00,23.79,23.79,23.76,23.76,4078.0,BTU
2023-11-02 10:20:00,23.81,23.83,23.79,23.79,6376.0,BTU
2023-11-02 10:19:00,23.815,23.82,23.8,23.81,2750.0,BTU
2023-11-02 10:18:00,23.78,23.81,23.775,23.81,4131.0,BTU
2023-11-02 10:17:00,23.76,23.775,23.76,23.77,1630.0,BTU
2023-11-02 10:16:00,23.7,23.75,23.7,23.75,2232.0,BTU
2023-11-02 10:15:00,23.74,23.75,23.7,23.7,2880.0,BTU
2023-11-02 10:14:00,23.71,23.74,23.69,23.72,5366.0,BTU
2023-11-02 10:13:00,23.71,23.71,23.7,23.71,1915.0,BTU
2023-11-02 10:12:00,23.7,23.74,23.7,23.7,6813.0,BTU
2023-11-02 10:11:00,23.74,23.74,23.68,23.7,5864.0,BTU
2023-11-02 10:10:00,23.76,23.775,23.74,23.75,2865.0,BTU
2023-11-02 10:09:00,23.84,23.84,23.77,23.77,2323.0,BTU
2023-11-02 10:08:00,23.89,23.89,23.84,23.84,3027.0,BTU
2023-11-02 10:07:00,23.87,23.9,23.85,23.895,3581.0,BTU
2023-11-02 10:06:00,23.87,23.88,23.86,23.87,2440.0,BTU
2023-11-02 10:05:00,23.85,23.87,23.845,23.86,4308.0,BTU
2023-11-02 10:04:00,23.88,23.88,23.85,23.857,2967.0,BTU
2023-11-02 10:03:00,23.79,23.88,23.79,23.88,9889.0,BTU
2023-11-02 10:02:00,23.72,23.8,23.72,23.78,8852.0,BTU
2023-11-02 10:01:00,23.74,23.76,23.71,23.73,4120.0,BTU
2023-11-02 10:00:00,23.82,23.82,23.74,23.77,9646.0,BTU
2023-11-02 09:59:00,23.84,23.855,23.83,23.83,2167.0,BTU
2023-11-02 09:58:00,23.87,23.88,23.83,23.84,9201.0,BTU
2023-11-02 09:57:00,23.85,23.9,23.85,23.86,5489.0,BTU
2023-11-02 09:56:00,23.87,23.875,23.82,23.85,6185.0,BTU
2023-11-02 09:55:00,23.87,23.87,23.84,23.87,5441.0,BTU
2023-11-02 09:54:00,23.79,23.89,23.79,23.88,12885.0,BTU
2023-11-02 09:53:00,23.79,23.795,23.78,23.78,4989.0,BTU
2023-11-02 09:52:00,23.75,23.78,23.75,23.78,2874.0,BTU
2023-11-02 09:51:00,23.76,23.76,23.74,23.76,4479.0,BTU
2023-11-02 09:50:00,23.66,23.769,23.66,23.76,25780.0,BTU
2023-11-02 09:49:00,23.645,23.66,23.64,23.656,2875.0,BTU
2023-11-02 09:48:00,23.55,23.66,23.55,23.62,11368.0,BTU
2023-11-02 09:47:00,23.57,23.57,23.545,23.545,1539.0,BTU
2023-11-02 09:46:00,23.52,23.58,23.52,23.58,5147.0,BTU
2023-11-02 09:45:00,23.65,23.68,23.515,23.515,9619.0,BTU
2023-11-02 09:44:00,23.65,23.69,23.64,23.655,17701.0,BTU
2023-11-02 09:43:00,23.65,23.675,23.63,23.65,22543.0,BTU
2023-11-02 09:42:00,23.66,23.69,23.63,23.655,9341.0,BTU
2023-11-02 09:41:00,23.51,23.67,23.51,23.66,11366.0,BTU
2023-11-02 09:40:00,23.5,23.51,23.49,23.5,4057.0,BTU
2023-11-02 09:39:00,23.5,23.52,23.48,23.505,2954.0,BTU
2023-11-02 09:38:00,23.57,23.59,23.5,23.51,4052.0,BTU
2023-11-02 09:37:00,23.52,23.58,23.52,23.58,5424.0,BTU
2023-11-02 09:36:00,23.52,23.53,23.46,23.52,7253.0,BTU
2023-11-02 09:35:00,23.57,23.57,23.52,23.52,2164.0,BTU
2023-11-02 09:34:00,23.59,23.595,23.54,23.54,3224.0,BTU
2023-11-02 09:33:00,23.6,23.64,23.55,23.59,3331.0,BTU
2023-11-02 09:32:00,23.54,23.67,23.54,23.57,3332.0,BTU
2023-11-02 09:31:00,23.46,23.565,23.45,23.565,2433.0,BTU
2023-11-02 09:30:00,23.47,23.47,23.379,23.4,10641.0,BTU
2023-11-02 09:22:00,23.53,23.53,23.53,23.53,5.0,BTU
2023-11-02 08:55:00,23.45,23.45,23.45,23.45,650.0,BTU
2023-11-02 08:53:00,23.57,23.57,23.57,23.57,100.0,BTU
2023-11-02 08:43:00,23.24,23.24,23.24,23.24,4.0,BTU
2023-11-02 08:38:00,23.25,23.25,23.25,23.25,1.0,BTU
2023-11-02 08:34:00,23.3,23.3,23.24,23.24,217.0,BTU
2023-11-02 08:20:00,23.24,23.24,23.24,23.24,3.0,BTU
2023-11-02 08:10:00,23.24,23.24,23.24,23.24,13.0,BTU
2023-11-02 08:03:00,23.34,23.35,23.34,23.35,132.0,BTU
2023-11-02 08:00:00,23.58,23.58,23.05,23.05,4.0,BTU
2023-11-02 07:45:00,23.18,23.18,23.18,23.18,1.0,BTU
2023-11-02 07:43:00,23.22,23.22,23.18,23.18,40.0,BTU
2023-11-02 07:42:00,23.19,23.23,23.19,23.19,20.0,BTU
2023-11-02 07:38:00,23.24,23.24,23.24,23.24,20.0,BTU
2023-11-02 07:33:00,23.24,23.27,23.22,23.22,18.0,BTU
2023-11-02 07:32:00,23.3,23.3,23.27,23.27,2.0,BTU
2023-11-02 07:27:00,23.28,23.28,23.27,23.27,10.0,BTU
2023-11-02 07:25:00,23.31,23.31,23.12,23.12,20.0,BTU
2023-11-02 07:23:00,23.11,23.11,23.11,23.11,1.0,BTU
2023-11-02 05:41:00,23.35,23.35,23.35,23.35,250.0,BTU
2023-11-01 19:57:00,23.49,23.49,23.49,23.49,5.0,BTU
2023-11-01 19:00:00,23.33,23.33,23.33,23.33,214452.0,BTU
2023-11-01 18:55:00,23.3,23.31,23.3,23.31,102.0,BTU
2023-11-01 18:30:00,23.33,23.33,23.33,23.33,214452.0,BTU
2023-11-01 17:24:00,23.49,23.49,23.49,23.49,1.0,BTU
2023-11-01 17:23:00,23.49,23.49,23.49,23.49,33.0,BTU
2023-11-01 17:00:00,23.33,23.33,23.33,23.33,2.0,BTU
2023-11-01 16:44:00,23.31,23.31,23.31,23.31,3.0,BTU
2023-11-01 16:22:00,23.35,23.35,23.35,23.35,1.0,BTU
2023-11-01 16:20:00,23.33,23.48,23.33,23.48,1391.0,BTU
2023-11-01 16:10:00,23.33,23.33,23.33,23.33,214452.0,BTU
2023-11-01 16:08:00,23.3,23.3,23.3,23.3,1.0,BTU
2023-11-01 16:04:00,23.29,23.29,23.29,23.29,1.0,BTU
2023-11-01 16:03:00,23.33,23.33,23.33,23.33,3824.0,BTU
2023-11-01 16:02:00,23.33,23.33,23.33,23.33,2542.0,BTU
2023-11-01 16:01:00,23.33,23.33,23.33,23.33,12046.0,BTU
2023-11-01 16:00:00,23.32,23.33,23.32,23.33,475014.0,BTU
2023-11-01 15:59:00,23.365,23.365,23.32,23.33,82884.0,BTU
2023-11-01 15:58:00,23.365,23.37,23.36,23.37,13704.0,BTU
2023-11-01 15:57:00,23.36,23.38,23.355,23.365,40553.0,BTU
2023-11-01 15:56:00,23.345,23.38,23.345,23.37,33066.0,BTU
2023-11-01 15:55:00,23.34,23.34,23.32,23.34,30319.0,BTU
2023-11-01 15:54:00,23.335,23.345,23.33,23.335,28472.0,BTU
2023-11-01 15:53:00,23.355,23.36,23.33,23.34,17927.0,BTU
2023-11-01 15:52:00,23.365,23.37,23.35,23.36,6843.0,BTU
2023-11-01 15:51:00,23.375,23.39,23.36,23.36,22758.0,BTU
2023-11-01 15:50:00,23.41,23.41,23.37,23.375,13728.0,BTU
2023-11-01 15:49:00,23.43,23.435,23.415,23.415,4161.0,BTU
2023-11-01 15:48:00,23.39,23.43,23.385,23.425,13566.0,BTU
2023-11-01 15:47:00,23.4,23.405,23.391,23.4,7392.0,BTU
2023-11-01 15:46:00,23.395,23.41,23.385,23.41,12563.0,BTU
2023-11-01 15:45:00,23.41,23.415,23.37,23.39,18138.0,BTU
2023-11-01 15:44:00,23.425,23.425,23.41,23.41,8290.0,BTU
2023-11-01 15:43:00,23.41,23.42,23.4,23.42,6705.0,BTU
2023-11-01 15:42:00,23.45,23.45,23.415,23.415,12568.0,BTU
2023-11-01 15:41:00,23.445,23.455,23.445,23.45,3032.0,BTU
2023-11-01 15:40:00,23.475,23.475,23.45,23.455,4772.0,BTU
2023-11-01 15:39:00,23.495,23.5,23.475,23.475,4676.0,BTU
2023-11-01 15:38:00,23.52,23.53,23.5,23.5,3331.0,BTU
2023-11-01 15:37:00,23.5,23.525,23.5,23.52,6814.0,BTU
2023-11-01 15:36:00,23.525,23.535,23.505,23.505,7968.0,BTU
2023-11-01 15:35:00,23.525,23.525,23.515,23.52,4148.0,BTU
2023-11-01 15:34:00,23.545,23.555,23.515,23.525,5771.0,BTU
2023-11-01 15:33:00,23.555,23.555,23.525,23.545,10328.0,BTU
2023-11-01 15:32:00,23.57,23.57,23.555,23.555,4032.0,BTU
2023-11-01 15:31:00,23.59,23.6,23.555,23.565,19373.0,BTU
2023-11-01 15:30:00,23.58,23.59,23.575,23.59,5068.0,BTU
2023-11-01 15:29:00,23.565,23.585,23.56,23.585,5258.0,BTU
2023-11-01 15:28:00,23.595,23.595,23.57,23.57,1952.0,BTU
2023-11-01 15:27:00,23.625,23.625,23.591,23.591,3139.0,BTU
2023-11-01 15:26:00,23.645,23.645,23.615,23.62,5365.0,BTU
2023-11-01 15:25:00,23.63,23.655,23.63,23.645,3615.0,BTU
2023-11-01 15:24:00,23.61,23.625,23.61,23.625,4719.0,BTU
2023-11-01 15:23:00,23.615,23.63,23.605,23.605,2865.0,BTU
2023-11-01 15:22:00,23.61,23.625,23.605,23.625,2551.0,BTU
2023-11-01 15:21:00,23.61,23.62,23.61,23.615,1615.0,BTU
2023-11-01 15:20:00,23.575,23.62,23.575,23.62,2786.0,BTU
2023-11-01 15:19:00,23.565,23.57,23.545,23.57,3332.0,BTU
2023-11-01 15:18:00,23.57,23.575,23.55,23.565,2858.0,BTU
2023-11-01 15:17:00,23.545,23.56,23.545,23.56,3285.0,BTU
2023-11-01 15:16:00,23.526,23.555,23.525,23.55,6139.0,BTU
2023-11-01 15:15:00,23.525,23.525,23.525,23.525,130.0,BTU
2023-11-01 15:14:00,23.559,23.56,23.53,23.53,5824.0,BTU
2023-11-01 15:13:00,23.55,23.56,23.55,23.56,3144.0,BTU
2023-11-01 15:12:00,23.55,23.555,23.55,23.555,1552.0,BTU
2023-11-01 15:11:00,23.53,23.54,23.525,23.54,1921.0,BTU
2023-11-01 15:10:00,23.51,23.535,23.51,23.53,3949.0,BTU
2023-11-01 15:09:00,23.5,23.505,23.5,23.505,1788.0,BTU
2023-11-01 15:08:00,23.511,23.52,23.51,23.51,2589.0,BTU
2023-11-01 15:07:00,23.52,23.53,23.51,23.51,5949.0,BTU
2023-11-01 15:06:00,23.485,23.515,23.485,23.51,8304.0,BTU
2023-11-01 15:05:00,23.465,23.495,23.465,23.495,1147.0,BTU
2023-11-01 15:04:00,23.45,23.465,23.45,23.455,3565.0,BTU
2023-11-01 15:03:00,23.445,23.45,23.435,23.45,5269.0,BTU
2023-11-01 15:02:00,23.42,23.44,23.42,23.44,1514.0,BTU
2023-11-01 15:01:00,23.46,23.47,23.425,23.43,7155.0,BTU
2023-11-01 15:00:00,23.39,23.45,23.39,23.447,5038.0,BTU
2023-11-01 14:59:00,23.4,23.4,23.39,23.39,1232.0,BTU
2023-11-01 14:58:00,23.39,23.41,23.39,23.4,4471.0,BTU
2023-11-01 14:57:00,23.39,23.39,23.37,23.38,2485.0,BTU
2023-11-01 14:56:00,23.37,23.4,23.36,23.4,3137.0,BTU
2023-11-01 14:55:00,23.34,23.36,23.34,23.36,2208.0,BTU
2023-11-01 14:54:00,23.36,23.36,23.34,23.34,2438.0,BTU
2023-11-01 14:53:00,23.34,23.36,23.34,23.34,6611.0,BTU
2023-11-01 14:52:00,23.35,23.35,23.34,23.34,1884.0,BTU
2023-11-01 14:51:00,23.35,23.35,23.339,23.35,1943.0,BTU
2023-11-01 14:50:00,23.37,23.37,23.34,23.36,6992.0,BTU
2023-11-01 14:49:00,23.41,23.41,23.335,23.37,7659.0,BTU
2023-11-01 14:48:00,23.41,23.42,23.41,23.41,4080.0,BTU
2023-11-01 14:47:00,23.4,23.415,23.395,23.395,18897.0,BTU
2023-11-01 14:46:00,23.43,23.435,23.4,23.405,22834.0,BTU
2023-11-01 14:45:00,23.41,23.42,23.41,23.42,2605.0,BTU
2023-11-01 14:44:00,23.42,23.431,23.41,23.41,1901.0,BTU
2023-11-01 14:43:00,23.43,23.435,23.425,23.435,4076.0,BTU
2023-11-01 14:42:00,23.43,23.43,23.41,23.43,3079.0,BTU
2023-11-01 14:41:00,23.47,23.485,23.45,23.45,6801.0,BTU
2023-11-01 14:40:00,23.46,23.475,23.45,23.461,6323.0,BTU
2023-11-01 14:39:00,23.46,23.465,23.45,23.46,3076.0,BTU
2023-11-01 14:38:00,23.505,23.505,23.46,23.47,4108.0,BTU
2023-11-01 14:37:00,23.5,23.52,23.5,23.5,4023.0,BTU
2023-11-01 14:36:00,23.48,23.51,23.48,23.5,2898.0,BTU
2023-11-01 14:35:00,23.49,23.51,23.47,23.47,2489.0,BTU
2023-11-01 14:34:00,23.49,23.5,23.48,23.48,1598.0,BTU
2023-11-01 14:33:00,23.5,23.52,23.48,23.48,21855.0,BTU
2023-11-01 14:32:00,23.52,23.53,23.48,23.48,11603.0,BTU
2023-11-01 14:31:00,23.48,23.53,23.48,23.53,4819.0,BTU
2023-11-01 14:30:00,23.45,23.49,23.45,23.48,3079.0,BTU
2023-11-01 14:29:00,23.465,23.465,23.45,23.45,980.0,BTU
2023-11-01 14:28:00,23.47,23.475,23.45,23.475,9411.0,BTU
2023-11-01 14:27:00,23.48,23.48,23.465,23.48,4693.0,BTU
2023-11-01 14:26:00,23.48,23.49,23.48,23.485,2224.0,BTU
2023-11-01 14:25:00,23.465,23.47,23.465,23.47,1395.0,BTU
2023-11-01 14:24:00,23.47,23.47,23.465,23.465,1601.0,BTU
2023-11-01 14:23:00,23.46,23.49,23.46,23.49,4588.0,BTU
2023-11-01 14:22:00,23.47,23.475,23.45,23.45,3986.0,BTU
2023-11-01 14:21:00,23.44,23.47,23.44,23.47,2739.0,BTU
2023-11-01 14:20:00,23.451,23.46,23.45,23.45,1901.0,BTU
2023-11-01 14:19:00,23.477,23.477,23.45,23.45,1947.0,BTU
2023-11-01 14:18:00,23.48,23.48,23.48,23.48,736.0,BTU
2023-11-01 14:17:00,23.46,23.48,23.46,23.48,1744.0,BTU
2023-11-01 14:16:00,23.44,23.46,23.44,23.46,1472.0,BTU
2023-11-01 14:15:00,23.465,23.47,23.45,23.45,4668.0,BTU
2023-11-01 14:14:00,23.48,23.48,23.47,23.47,1178.0,BTU
2023-11-01 14:13:00,23.495,23.51,23.49,23.49,3613.0,BTU
2023-11-01 14:12:00,23.505,23.51,23.495,23.5,1077.0,BTU
2023-11-01 14:11:00,23.47,23.471,23.465,23.47,5944.0,BTU
2023-11-01 14:10:00,23.505,23.505,23.47,23.47,2055.0,BTU
2023-11-01 14:09:00,23.485,23.55,23.485,23.5,24200.0,BTU
2023-11-01 14:08:00,23.51,23.51,23.49,23.49,4699.0,BTU
2023-11-01 14:07:00,23.51,23.51,23.49,23.49,1065.0,BTU
2023-11-01 14:06:00,23.495,23.5,23.495,23.5,758.0,BTU
2023-11-01 14:05:00,23.51,23.51,23.5,23.5,437.0,BTU
2023-11-01 14:04:00,23.495,23.51,23.49,23.51,879.0,BTU
2023-11-01 14:03:00,23.52,23.52,23.51,23.51,435.0,BTU
2023-11-01 14:02:00,23.46,23.505,23.46,23.505,1501.0,BTU
2023-11-01 14:01:00,23.51,23.51,23.44,23.45,4714.0,BTU
2023-11-01 14:00:00,23.48,23.537,23.48,23.52,6513.0,BTU
2023-11-01 13:59:00,23.47,23.47,23.47,23.47,790.0,BTU
2023-11-01 13:58:00,23.46,23.48,23.46,23.47,1724.0,BTU
2023-11-01 13:57:00,23.48,23.48,23.47,23.47,1213.0,BTU
2023-11-01 13:56:00,23.47,23.475,23.47,23.47,1521.0,BTU
2023-11-01 13:55:00,23.48,23.48,23.47,23.47,579.0,BTU
2023-11-01 13:54:00,23.475,23.48,23.47,23.47,1887.0,BTU
2023-11-01 13:53:00,23.48,23.48,23.48,23.48,969.0,BTU
2023-11-01 13:52:00,23.47,23.485,23.47,23.48,3029.0,BTU
2023-11-01 13:51:00,23.46,23.46,23.455,23.46,749.0,BTU
2023-11-01 13:50:00,23.45,23.45,23.445,23.445,672.0,BTU
2023-11-01 13:49:00,23.43,23.45,23.43,23.45,2219.0,BTU
2023-11-01 13:48:00,23.42,23.42,23.4,23.42,32023.0,BTU
2023-11-01 13:47:00,23.44,23.45,23.425,23.425,2232.0,BTU
2023-11-01 13:46:00,23.39,23.43,23.39,23.43,4065.0,BTU
2023-11-01 13:45:00,23.41,23.415,23.397,23.397,4671.0,BTU
2023-11-01 13:44:00,23.435,23.435,23.42,23.42,2144.0,BTU
2023-11-01 13:43:00,23.42,23.435,23.42,23.435,3809.0,BTU
2023-11-01 13:42:00,23.425,23.425,23.42,23.42,639.0,BTU
2023-11-01 13:41:00,23.41,23.42,23.41,23.42,833.0,BTU
2023-11-01 13:40:00,23.41,23.42,23.41,23.42,1104.0,BTU
2023-11-01 13:39:00,23.43,23.43,23.415,23.415,1055.0,BTU
2023-11-01 13:38:00,23.42,23.42,23.41,23.42,1360.0,BTU
2023-11-01 13:37:00,23.414,23.42,23.401,23.41,3649.0,BTU
2023-11-01 13:36:00,23.41,23.415,23.41,23.41,3453.0,BTU
2023-11-01 13:35:00,23.41,23.42,23.41,23.413,1274.0,BTU
2023-11-01 13:34:00,23.42,23.425,23.41,23.41,1555.0,BTU
2023-11-01 13:33:00,23.42,23.42,23.405,23.42,3165.0,BTU
2023-11-01 13:32:00,23.43,23.43,23.425,23.425,716.0,BTU
2023-11-01 13:31:00,23.43,23.445,23.426,23.44,4557.0,BTU
2023-11-01 13:30:00,23.43,23.43,23.43,23.43,458.0,BTU
2023-11-01 13:29:00,23.43,23.43,23.43,23.43,486.0,BTU
2023-11-01 13:28:00,23.44,23.44,23.42,23.43,4483.0,BTU
2023-11-01 13:27:00,23.44,23.45,23.44,23.445,3191.0,BTU
2023-11-01 13:26:00,23.42,23.44,23.42,23.439,2555.0,BTU
2023-11-01 13:25:00,23.413,23.413,23.413,23.413,394.0,BTU
2023-11-01 13:24:00,23.42,23.42,23.41,23.41,1086.0,BTU
2023-11-01 13:23:00,23.4,23.43,23.39,23.43,7013.0,BTU
2023-11-01 13:22:00,23.41,23.41,23.395,23.4,1654.0,BTU
2023-11-01 13:20:00,23.42,23.43,23.41,23.41,1966.0,BTU
2023-11-01 13:19:00,23.4,23.42,23.39,23.42,11935.0,BTU
2023-11-01 13:18:00,23.4,23.4,23.4,23.4,200.0,BTU
2023-11-01 13:17:00,23.41,23.41,23.4,23.4,730.0,BTU
2023-11-01 13:16:00,23.41,23.41,23.41,23.41,1411.0,BTU
2023-11-01 13:15:00,23.41,23.41,23.41,23.41,298.0,BTU
2023-11-01 13:14:00,23.44,23.44,23.42,23.42,3416.0,BTU
2023-11-01 13:13:00,23.445,23.45,23.445,23.45,566.0,BTU
2023-11-01 13:12:00,23.445,23.45,23.445,23.45,1837.0,BTU
2023-11-01 13:11:00,23.44,23.445,23.44,23.445,2394.0,BTU
2023-11-01 13:10:00,23.42,23.45,23.42,23.45,6891.0,BTU
2023-11-01 13:09:00,23.42,23.42,23.42,23.42,554.0,BTU
2023-11-01 13:08:00,23.44,23.44,23.422,23.425,2439.0,BTU
2023-11-01 13:07:00,23.44,23.44,23.43,23.44,1545.0,BTU
2023-11-01 13:06:00,23.435,23.44,23.432,23.44,1029.0,BTU
2023-11-01 13:05:00,23.45,23.45,23.44,23.44,1794.0,BTU
2023-11-01 13:04:00,23.45,23.45,23.45,23.45,1447.0,BTU
2023-11-01 13:03:00,23.45,23.45,23.44,23.45,1509.0,BTU
2023-11-01 13:02:00,23.47,23.47,23.455,23.455,5935.0,BTU
2023-11-01 13:01:00,23.46,23.47,23.45,23.47,5661.0,BTU
2023-11-01 13:00:00,23.47,23.47,23.451,23.46,2053.0,BTU
2023-11-01 12:59:00,23.49,23.497,23.47,23.47,4042.0,BTU
2023-11-01 12:58:00,23.45,23.48,23.45,23.48,3747.0,BTU
2023-11-01 12:57:00,23.45,23.47,23.439,23.44,9404.0,BTU
2023-11-01 12:56:00,23.431,23.44,23.43,23.44,2933.0,BTU
2023-11-01 12:55:00,23.45,23.45,23.43,23.44,1232.0,BTU
2023-11-01 12:54:00,23.455,23.46,23.45,23.46,883.0,BTU
2023-11-01 12:53:00,23.46,23.46,23.45,23.45,281.0,BTU
2023-11-01 12:52:00,23.42,23.45,23.42,23.45,2406.0,BTU
2023-11-01 12:51:00,23.43,23.43,23.429,23.429,354.0,BTU
2023-11-01 12:50:00,23.43,23.45,23.425,23.425,1757.0,BTU
2023-11-01 12:49:00,23.43,23.44,23.43,23.44,2941.0,BTU
2023-11-01 12:47:00,23.39,23.42,23.39,23.42,2382.0,BTU
2023-11-01 12:46:00,23.41,23.41,23.37,23.37,1545.0,BTU
2023-11-01 12:45:00,23.4,23.43,23.4,23.42,2035.0,BTU
2023-11-01 12:44:00,23.355,23.4,23.355,23.4,4313.0,BTU
2023-11-01 12:43:00,23.38,23.38,23.34,23.355,3164.0,BTU
2023-11-01 12:42:00,23.35,23.385,23.35,23.385,5177.0,BTU
2023-11-01 12:41:00,23.37,23.37,23.35,23.35,2417.0,BTU
2023-11-01 12:40:00,23.405,23.405,23.37,23.37,2970.0,BTU
2023-11-01 12:39:00,23.41,23.41,23.4,23.4,2397.0,BTU
2023-11-01 12:38:00,23.42,23.425,23.415,23.415,1306.0,BTU
2023-11-01 12:37:00,23.44,23.44,23.42,23.42,668.0,BTU
2023-11-01 12:36:00,23.45,23.45,23.44,23.445,2093.0,BTU
2023-11-01 12:35:00,23.46,23.46,23.46,23.46,222.0,BTU
2023-11-01 12:34:00,23.44,23.45,23.44,23.45,2822.0,BTU
2023-11-01 12:33:00,23.46,23.465,23.45,23.45,2958.0,BTU
2023-11-01 12:32:00,23.47,23.47,23.46,23.46,991.0,BTU
2023-11-01 12:31:00,23.49,23.495,23.47,23.477,3005.0,BTU
2023-11-01 12:30:00,23.52,23.52,23.5,23.5,1831.0,BTU
2023-11-01 12:29:00,23.51,23.52,23.51,23.52,2278.0,BTU
2023-11-01 12:28:00,23.515,23.515,23.503,23.503,2775.0,BTU
2023-11-01 12:27:00,23.52,23.52,23.51,23.51,801.0,BTU
2023-11-01 12:26:00,23.49,23.515,23.49,23.515,3186.0,BTU
2023-11-01 12:25:00,23.52,23.52,23.49,23.495,2033.0,BTU
2023-11-01 12:24:00,23.51,23.51,23.51,23.51,117.0,BTU
2023-11-01 12:23:00,23.51,23.51,23.51,23.51,210.0,BTU
2023-11-01 12:22:00,23.52,23.523,23.51,23.524,5092.0,BTU
2023-11-01 12:21:00,23.49,23.52,23.49,23.52,1512.0,BTU
2023-11-01 12:20:00,23.48,23.49,23.48,23.48,947.0,BTU
2023-11-01 12:19:00,23.48,23.51,23.48,23.5,3186.0,BTU
2023-11-01 12:18:00,23.465,23.495,23.465,23.482,4353.0,BTU
2023-11-01 12:17:00,23.475,23.475,23.47,23.47,1265.0,BTU
2023-11-01 12:16:00,23.47,23.475,23.47,23.475,910.0,BTU
2023-11-01 12:15:00,23.48,23.485,23.47,23.48,1873.0,BTU
2023-11-01 12:14:00,23.48,23.485,23.48,23.48,2598.0,BTU
2023-11-01 12:13:00,23.515,23.515,23.49,23.49,6479.0,BTU
2023-11-01 12:12:00,23.51,23.515,23.51,23.51,513.0,BTU
2023-11-01 12:11:00,23.52,23.53,23.52,23.52,907.0,BTU
2023-11-01 12:09:00,23.504,23.52,23.5,23.52,6077.0,BTU
2023-11-01 12:08:00,23.49,23.5,23.49,23.5,2043.0,BTU
2023-11-01 12:07:00,23.54,23.54,23.51,23.51,2970.0,BTU
2023-11-01 12:06:00,23.53,23.56,23.53,23.55,4897.0,BTU
2023-11-01 12:05:00,23.535,23.535,23.535,23.535,270.0,BTU
2023-11-01 12:04:00,23.532,23.535,23.53,23.535,1665.0,BTU
2023-11-01 12:03:00,23.52,23.535,23.52,23.535,1981.0,BTU
2023-11-01 12:02:00,23.51,23.51,23.505,23.51,893.0,BTU
2023-11-01 12:01:00,23.53,23.53,23.52,23.52,817.0,BTU
2023-11-01 12:00:00,23.57,23.57,23.53,23.53,1935.0,BTU
2023-11-01 11:59:00,23.57,23.58,23.57,23.575,1262.0,BTU
2023-11-01 11:58:00,23.56,23.56,23.56,23.56,903.0,BTU
2023-11-01 11:57:00,23.56,23.56,23.56,23.56,368.0,BTU
2023-11-01 11:56:00,23.535,23.55,23.53,23.545,1550.0,BTU
2023-11-01 11:55:00,23.535,23.535,23.535,23.535,661.0,BTU
2023-11-01 11:54:00,23.515,23.528,23.51,23.525,3958.0,BTU
2023-11-01 11:52:00,23.5,23.51,23.5,23.51,1709.0,BTU
2023-11-01 11:51:00,23.5,23.51,23.5,23.505,2311.0,BTU
2023-11-01 11:50:00,23.5,23.505,23.5,23.5,1265.0,BTU
2023-11-01 11:49:00,23.5,23.5,23.49,23.49,1349.0,BTU
2023-11-01 11:48:00,23.5,23.5,23.5,23.5,572.0,BTU
2023-11-01 11:47:00,23.52,23.525,23.505,23.505,2278.0,BTU
2023-11-01 11:46:00,23.535,23.54,23.52,23.52,1013.0,BTU
2023-11-01 11:45:00,23.53,23.54,23.53,23.54,1420.0,BTU
2023-11-01 11:44:00,23.53,23.535,23.53,23.53,1004.0,BTU
2023-11-01 11:43:00,23.51,23.52,23.51,23.52,1296.0,BTU
2023-11-01 11:42:00,23.51,23.51,23.5,23.5,2061.0,BTU
2023-11-01 11:41:00,23.49,23.505,23.49,23.505,991.0,BTU
2023-11-01 11:40:00,23.49,23.5,23.47,23.5,3705.0,BTU
2023-11-01 11:39:00,23.5,23.51,23.5,23.5,735.0,BTU
2023-11-01 11:38:00,23.51,23.51,23.5,23.5,1750.0,BTU
2023-11-01 11:37:00,23.51,23.52,23.51,23.515,1646.0,BTU
2023-11-01 11:36:00,23.51,23.51,23.5,23.5,1762.0,BTU
2023-11-01 11:35:00,23.48,23.51,23.48,23.51,4686.0,BTU
2023-11-01 11:34:00,23.48,23.48,23.47,23.48,1111.0,BTU
2023-11-01 11:33:00,23.5,23.51,23.5,23.5,1045.0,BTU
2023-11-01 11:32:00,23.53,23.53,23.49,23.49,2543.0,BTU
2023-11-01 11:31:00,23.51,23.535,23.505,23.535,1577.0,BTU
2023-11-01 11:30:00,23.5,23.51,23.495,23.51,1775.0,BTU
2023-11-01 11:29:00,23.52,23.52,23.485,23.51,1834.0,BTU
2023-11-01 11:28:00,23.53,23.555,23.53,23.53,6299.0,BTU
2023-11-01 11:27:00,23.55,23.55,23.53,23.53,1803.0,BTU
2023-11-01 11:26:00,23.5,23.545,23.5,23.545,632.0,BTU
2023-11-01 11:25:00,23.51,23.53,23.5,23.5,3187.0,BTU
2023-11-01 11:24:00,23.51,23.51,23.495,23.5,2723.0,BTU
2023-11-01 11:23:00,23.53,23.53,23.515,23.515,970.0,BTU
2023-11-01 11:22:00,23.4,23.53,23.395,23.53,28662.0,BTU
2023-11-01 11:21:00,23.39,23.43,23.38,23.43,22660.0,BTU
2023-11-01 11:20:00,23.32,23.38,23.32,23.38,4881.0,BTU
2023-11-01 11:19:00,23.34,23.35,23.325,23.33,10362.0,BTU
2023-11-01 11:18:00,23.35,23.355,23.34,23.345,7941.0,BTU
2023-11-01 11:17:00,23.37,23.37,23.355,23.355,3937.0,BTU
2023-11-01 11:16:00,23.38,23.38,23.375,23.375,473.0,BTU
2023-11-01 11:15:00,23.395,23.395,23.37,23.38,1486.0,BTU
2023-11-01 11:14:00,23.391,23.409,23.391,23.4,2300.0,BTU
2023-11-01 11:13:00,23.375,23.39,23.35,23.39,6033.0,BTU
2023-11-01 11:12:00,23.41,23.41,23.37,23.38,7664.0,BTU
2023-11-01 11:11:00,23.425,23.435,23.42,23.42,1850.0,BTU
2023-11-01 11:10:00,23.45,23.45,23.425,23.425,1472.0,BTU
2023-11-01 11:09:00,23.48,23.48,23.455,23.455,2937.0,BTU
2023-11-01 11:08:00,23.5,23.5,23.495,23.495,457.0,BTU
2023-11-01 11:07:00,23.49,23.49,23.485,23.485,960.0,BTU
2023-11-01 11:06:00,23.46,23.495,23.45,23.495,4283.0,BTU
2023-11-01 11:05:00,23.465,23.465,23.46,23.46,660.0,BTU
2023-11-01 11:04:00,23.47,23.47,23.47,23.47,1141.0,BTU
2023-11-01 11:03:00,23.47,23.48,23.47,23.48,2069.0,BTU
2023-11-01 11:02:00,23.47,23.48,23.47,23.48,2350.0,BTU
2023-11-01 11:01:00,23.43,23.475,23.43,23.47,4559.0,BTU
2023-11-01 11:00:00,23.425,23.43,23.405,23.43,4009.0,BTU
2023-11-01 10:59:00,23.44,23.44,23.425,23.425,1158.0,BTU
2023-11-01 10:58:00,23.455,23.46,23.44,23.445,9032.0,BTU
2023-11-01 10:57:00,23.455,23.46,23.455,23.455,897.0,BTU
2023-11-01 10:56:00,23.51,23.51,23.47,23.47,2781.0,BTU
2023-11-01 10:55:00,23.54,23.54,23.51,23.51,5054.0,BTU
2023-11-01 10:54:00,23.53,23.54,23.53,23.53,2786.0,BTU
2023-11-01 10:53:00,23.515,23.52,23.515,23.52,460.0,BTU
2023-11-01 10:52:00,23.51,23.525,23.5,23.525,4907.0,BTU
2023-11-01 10:51:00,23.51,23.51,23.502,23.51,1084.0,BTU
2023-11-01 10:50:00,23.57,23.57,23.5,23.5,2143.0,BTU
2023-11-01 10:49:00,23.56,23.575,23.55,23.575,1990.0,BTU
2023-11-01 10:48:00,23.5,23.55,23.5,23.55,6290.0,BTU
2023-11-01 10:47:00,23.5,23.5,23.5,23.5,193.0,BTU
2023-11-01 10:46:00,23.51,23.52,23.505,23.505,2966.0,BTU
2023-11-01 10:45:00,23.52,23.535,23.52,23.52,2395.0,BTU
2023-11-01 10:44:00,23.53,23.53,23.52,23.53,3726.0,BTU
2023-11-01 10:43:00,23.54,23.54,23.525,23.525,1648.0,BTU
2023-11-01 10:42:00,23.54,23.54,23.54,23.54,166.0,BTU
2023-11-01 10:41:00,23.54,23.55,23.54,23.54,6044.0,BTU
2023-11-01 10:40:00,23.54,23.54,23.529,23.53,2071.0,BTU
2023-11-01 10:39:00,23.57,23.57,23.545,23.545,2696.0,BTU
2023-11-01 10:38:00,23.58,23.59,23.57,23.575,1025.0,BTU
2023-11-01 10:37:00,23.57,23.58,23.56,23.58,1766.0,BTU
2023-11-01 10:36:00,23.485,23.55,23.485,23.545,4663.0,BTU
2023-11-01 10:35:00,23.48,23.48,23.48,23.48,1646.0,BTU
2023-11-01 10:34:00,23.48,23.485,23.462,23.485,2113.0,BTU
2023-11-01 10:33:00,23.56,23.56,23.495,23.495,5257.0,BTU
2023-11-01 10:32:00,23.57,23.58,23.565,23.57,4006.0,BTU
2023-11-01 10:31:00,23.57,23.57,23.551,23.56,1522.0,BTU
2023-11-01 10:30:00,23.55,23.57,23.55,23.57,813.0,BTU
2023-11-01 10:29:00,23.535,23.57,23.535,23.57,2231.0,BTU
2023-11-01 10:28:00,23.52,23.53,23.52,23.53,1638.0,BTU
2023-11-01 10:27:00,23.5,23.51,23.5,23.51,566.0,BTU
2023-11-01 10:26:00,23.57,23.57,23.51,23.51,2159.0,BTU
2023-11-01 10:25:00,23.55,23.58,23.55,23.56,2234.0,BTU
2023-11-01 10:24:00,23.55,23.58,23.54,23.57,6990.0,BTU
2023-11-01 10:23:00,23.57,23.57,23.555,23.555,4458.0,BTU
2023-11-01 10:22:00,23.54,23.56,23.54,23.56,4111.0,BTU
2023-11-01 10:21:00,23.551,23.555,23.54,23.55,7387.0,BTU
2023-11-01 10:20:00,23.56,23.57,23.55,23.55,5174.0,BTU
2023-11-01 10:19:00,23.57,23.59,23.565,23.57,2142.0,BTU
2023-11-01 10:18:00,23.57,23.575,23.57,23.57,1385.0,BTU
2023-11-01 10:17:00,23.57,23.57,23.55,23.55,1913.0,BTU
2023-11-01 10:16:00,23.565,23.58,23.56,23.56,1976.0,BTU
2023-11-01 10:15:00,23.61,23.61,23.58,23.58,2413.0,BTU
2023-11-01 10:14:00,23.6,23.63,23.597,23.605,2547.0,BTU
2023-11-01 10:13:00,23.58,23.6,23.58,23.595,3393.0,BTU
2023-11-01 10:12:00,23.54,23.57,23.54,23.57,3523.0,BTU
2023-11-01 10:11:00,23.52,23.54,23.515,23.535,2777.0,BTU
2023-11-01 10:10:00,23.43,23.5,23.43,23.5,2239.0,BTU
2023-11-01 10:09:00,23.4,23.43,23.4,23.43,3235.0,BTU
2023-11-01 10:08:00,23.4,23.41,23.395,23.4,6399.0,BTU
2023-11-01 10:07:00,23.42,23.427,23.4,23.415,2380.0,BTU
2023-11-01 10:06:00,23.43,23.43,23.41,23.41,3421.0,BTU
2023-11-01 10:05:00,23.45,23.465,23.44,23.44,1216.0,BTU
2023-11-01 10:04:00,23.46,23.465,23.45,23.45,5222.0,BTU
2023-11-01 10:03:00,23.45,23.46,23.45,23.46,589.0,BTU
2023-11-01 10:02:00,23.43,23.455,23.41,23.45,8779.0,BTU
2023-11-01 10:01:00,23.46,23.46,23.42,23.43,1657.0,BTU
2023-11-01 10:00:00,23.45,23.47,23.45,23.453,9299.0,BTU
2023-11-01 09:59:00,23.48,23.48,23.43,23.43,5634.0,BTU
2023-11-01 09:58:00,23.485,23.54,23.475,23.48,11450.0,BTU
2023-11-01 09:57:00,23.44,23.49,23.44,23.49,1915.0,BTU
2023-11-01 09:56:00,23.47,23.47,23.42,23.42,2661.0,BTU
2023-11-01 09:55:00,23.49,23.49,23.48,23.48,1076.0,BTU
2023-11-01 09:54:00,23.51,23.53,23.505,23.51,4375.0,BTU
2023-11-01 09:53:00,23.53,23.53,23.5,23.51,2065.0,BTU
2023-11-01 09:52:00,23.58,23.58,23.54,23.54,2433.0,BTU
2023-11-01 09:51:00,23.62,23.63,23.59,23.59,1514.0,BTU
2023-11-01 09:50:00,23.6,23.63,23.575,23.63,3228.0,BTU
2023-11-01 09:49:00,23.63,23.63,23.6,23.605,2642.0,BTU
2023-11-01 09:48:00,23.61,23.61,23.58,23.61,2994.0,BTU
2023-11-01 09:47:00,23.635,23.635,23.6,23.615,6593.0,BTU
2023-11-01 09:46:00,23.61,23.63,23.602,23.63,3112.0,BTU
2023-11-01 09:45:00,23.58,23.61,23.57,23.61,2023.0,BTU
2023-11-01 09:44:00,23.54,23.56,23.529,23.56,6309.0,BTU
2023-11-01 09:43:00,23.615,23.615,23.51,23.52,5835.0,BTU
2023-11-01 09:42:00,23.59,23.63,23.59,23.62,3616.0,BTU
2023-11-01 09:41:00,23.58,23.58,23.54,23.58,8264.0,BTU
2023-11-01 09:40:00,23.62,23.63,23.58,23.58,1144.0,BTU
2023-11-01 09:39:00,23.59,23.631,23.58,23.61,3983.0,BTU
2023-11-01 09:38:00,23.57,23.6,23.57,23.595,1777.0,BTU
2023-11-01 09:37:00,23.635,23.635,23.57,23.57,2728.0,BTU
2023-11-01 09:36:00,23.6,23.66,23.59,23.64,5703.0,BTU
2023-11-01 09:35:00,23.57,23.67,23.55,23.59,4964.0,BTU
2023-11-01 09:34:00,23.475,23.57,23.475,23.545,2038.0,BTU
2023-11-01 09:33:00,23.5,23.5,23.43,23.47,7256.0,BTU
2023-11-01 09:32:00,23.44,23.48,23.43,23.48,3394.0,BTU
2023-11-01 09:31:00,23.5,23.53,23.45,23.45,16223.0,BTU
2023-11-01 09:30:00,23.57,23.595,23.54,23.54,20959.0,BTU
2023-11-01 09:29:00,23.66,23.66,23.56,23.57,2613.0,BTU
2023-11-01 08:57:00,23.7,23.7,23.7,23.7,2.0,BTU
2023-11-01 08:28:00,23.42,23.42,23.42,23.42,2.0,BTU
2023-10-31 19:30:00,23.66,23.66,23.66,23.66,4.0,BTU
2023-10-31 19:00:00,23.59,23.59,23.59,23.59,246142.0,BTU
2023-10-31 18:48:00,23.7,23.7,23.7,23.7,100.0,BTU
2023-10-31 18:30:00,23.59,23.59,23.59,23.59,246142.0,BTU
2023-10-31 17:26:00,23.8,23.8,23.8,23.8,200.0,BTU
2023-10-31 16:51:00,23.84,23.84,23.84,23.84,2.0,BTU
2023-10-31 16:38:00,23.03,23.03,23.03,23.03,1.0,BTU
2023-10-31 16:10:00,23.59,23.59,23.59,23.59,246142.0,BTU
2023-10-31 16:01:00,23.59,23.59,23.59,23.59,1199.0,BTU
2023-10-31 16:00:00,23.59,23.59,23.58,23.59,522457.0,BTU
2023-10-31 15:59:00,23.62,23.63,23.57,23.59,124053.0,BTU
2023-10-31 15:58:00,23.625,23.64,23.62,23.62,45570.0,BTU
2023-10-31 15:57:00,23.6,23.63,23.6,23.625,44900.0,BTU
2023-10-31 15:56:00,23.605,23.61,23.595,23.605,32793.0,BTU
2023-10-31 15:55:00,23.605,23.605,23.57,23.6,35915.0,BTU
2023-10-31 15:54:00,23.622,23.625,23.6,23.61,38561.0,BTU
2023-10-31 15:53:00,23.61,23.625,23.605,23.625,8545.0,BTU
2023-10-31 15:52:00,23.585,23.62,23.585,23.613,22549.0,BTU
2023-10-31 15:51:00,23.61,23.625,23.585,23.59,29494.0,BTU
2023-10-31 15:50:00,23.6,23.63,23.6,23.605,18676.0,BTU
2023-10-31 15:49:00,23.555,23.595,23.555,23.595,12366.0,BTU
2023-10-31 15:48:00,23.565,23.57,23.55,23.555,8990.0,BTU
2023-10-31 15:47:00,23.55,23.565,23.55,23.565,21605.0,BTU
2023-10-31 15:46:00,23.55,23.555,23.54,23.555,18147.0,BTU
2023-10-31 15:45:00,23.57,23.575,23.55,23.55,20931.0,BTU
2023-10-31 15:44:00,23.59,23.59,23.56,23.565,6622.0,BTU
2023-10-31 15:43:00,23.53,23.605,23.53,23.595,18221.0,BTU
2023-10-31 15:42:00,23.53,23.535,23.52,23.525,5068.0,BTU
2023-10-31 15:41:00,23.5,23.535,23.485,23.52,18432.0,BTU
2023-10-31 15:40:00,23.475,23.5,23.475,23.49,13768.0,BTU
2023-10-31 15:39:00,23.51,23.51,23.47,23.475,18976.0,BTU
2023-10-31 15:38:00,23.505,23.53,23.505,23.52,16744.0,BTU
2023-10-31 15:37:00,23.51,23.52,23.5,23.5,14991.0,BTU
2023-10-31 15:36:00,23.52,23.53,23.505,23.51,17904.0,BTU
2023-10-31 15:35:00,23.535,23.55,23.515,23.525,50316.0,BTU
2023-10-31 15:34:00,23.51,23.535,23.51,23.535,8235.0,BTU
2023-10-31 15:33:00,23.51,23.51,23.49,23.505,8353.0,BTU
2023-10-31 15:32:00,23.51,23.53,23.5,23.505,20539.0,BTU
2023-10-31 15:31:00,23.445,23.49,23.445,23.49,15207.0,BTU
2023-10-31 15:30:00,23.495,23.495,23.445,23.445,10741.0,BTU
2023-10-31 15:29:00,23.495,23.5,23.49,23.49,5319.0,BTU
2023-10-31 15:28:00,23.495,23.5,23.49,23.49,2606.0,BTU
2023-10-31 15:27:00,23.505,23.505,23.495,23.495,5368.0,BTU
2023-10-31 15:26:00,23.485,23.505,23.485,23.505,5439.0,BTU
2023-10-31 15:25:00,23.475,23.485,23.475,23.485,3481.0,BTU
2023-10-31 15:24:00,23.505,23.505,23.47,23.475,8995.0,BTU
2023-10-31 15:23:00,23.515,23.515,23.505,23.505,2674.0,BTU
2023-10-31 15:22:00,23.5,23.515,23.5,23.51,3948.0,BTU
2023-10-31 15:21:00,23.515,23.525,23.505,23.505,6995.0,BTU
2023-10-31 15:20:00,23.525,23.525,23.515,23.515,4263.0,BTU
2023-10-31 15:19:00,23.52,23.53,23.52,23.525,3921.0,BTU
2023-10-31 15:18:00,23.51,23.52,23.51,23.51,4656.0,BTU
2023-10-31 15:17:00,23.51,23.52,23.51,23.51,11887.0,BTU
2023-10-31 15:16:00,23.515,23.515,23.515,23.515,1470.0,BTU
2023-10-31 15:15:00,23.51,23.515,23.51,23.515,1484.0,BTU
2023-10-31 15:14:00,23.525,23.525,23.51,23.52,7318.0,BTU
2023-10-31 15:13:00,23.525,23.525,23.525,23.525,1307.0,BTU
2023-10-31 15:12:00,23.51,23.525,23.51,23.525,3130.0,BTU
2023-10-31 15:11:00,23.515,23.515,23.505,23.51,2408.0,BTU
2023-10-31 15:10:00,23.515,23.525,23.515,23.52,5326.0,BTU
2023-10-31 15:09:00,23.53,23.53,23.51,23.51,11134.0,BTU
2023-10-31 15:08:00,23.535,23.535,23.52,23.52,3278.0,BTU
2023-10-31 15:07:00,23.53,23.535,23.53,23.53,1401.0,BTU
2023-10-31 15:06:00,23.54,23.55,23.535,23.535,4708.0,BTU
2023-10-31 15:05:00,23.56,23.56,23.545,23.545,2866.0,BTU
2023-10-31 15:04:00,23.565,23.565,23.55,23.56,5267.0,BTU
2023-10-31 15:03:00,23.56,23.57,23.56,23.565,7204.0,BTU
2023-10-31 15:02:00,23.555,23.565,23.555,23.56,2907.0,BTU
2023-10-31 15:01:00,23.565,23.565,23.555,23.555,2945.0,BTU
2023-10-31 15:00:00,23.53,23.56,23.53,23.555,15474.0,BTU
2023-10-31 14:59:00,23.535,23.54,23.53,23.53,13088.0,BTU
2023-10-31 14:58:00,23.535,23.539,23.53,23.535,1537.0,BTU
2023-10-31 14:57:00,23.535,23.535,23.53,23.535,1746.0,BTU
2023-10-31 14:56:00,23.54,23.54,23.525,23.535,5168.0,BTU
2023-10-31 14:55:00,23.535,23.55,23.525,23.55,16772.0,BTU
2023-10-31 14:54:00,23.53,23.53,23.53,23.53,935.0,BTU
2023-10-31 14:53:00,23.52,23.535,23.52,23.535,6389.0,BTU
2023-10-31 14:52:00,23.53,23.54,23.52,23.529,6301.0,BTU
2023-10-31 14:51:00,23.55,23.55,23.525,23.525,6621.0,BTU
2023-10-31 14:50:00,23.535,23.555,23.535,23.555,11304.0,BTU
2023-10-31 14:49:00,23.545,23.55,23.54,23.54,7654.0,BTU
2023-10-31 14:48:00,23.54,23.545,23.535,23.545,5421.0,BTU
2023-10-31 14:47:00,23.515,23.54,23.515,23.54,8502.0,BTU
2023-10-31 14:46:00,23.52,23.52,23.51,23.515,2216.0,BTU
2023-10-31 14:45:00,23.515,23.515,23.51,23.51,893.0,BTU
2023-10-31 14:44:00,23.52,23.52,23.51,23.515,2880.0,BTU
2023-10-31 14:43:00,23.52,23.53,23.52,23.525,8099.0,BTU
2023-10-31 14:42:00,23.515,23.525,23.515,23.525,2305.0,BTU
2023-10-31 14:41:00,23.515,23.52,23.51,23.515,2487.0,BTU
2023-10-31 14:40:00,23.515,23.515,23.515,23.515,646.0,BTU
2023-10-31 14:39:00,23.52,23.525,23.505,23.51,4452.0,BTU
2023-10-31 14:38:00,23.51,23.525,23.51,23.525,3965.0,BTU
2023-10-31 14:37:00,23.515,23.525,23.51,23.51,9430.0,BTU
2023-10-31 14:36:00,23.53,23.53,23.515,23.52,6425.0,BTU
2023-10-31 14:35:00,23.555,23.555,23.535,23.535,3761.0,BTU
2023-10-31 14:34:00,23.54,23.56,23.54,23.55,4762.0,BTU
2023-10-31 14:33:00,23.56,23.56,23.54,23.54,5097.0,BTU
2023-10-31 14:32:00,23.56,23.567,23.56,23.565,2274.0,BTU
2023-10-31 14:31:00,23.565,23.57,23.56,23.565,2923.0,BTU
2023-10-31 14:30:00,23.56,23.565,23.56,23.565,1335.0,BTU
2023-10-31 14:29:00,23.565,23.565,23.56,23.565,1765.0,BTU
2023-10-31 14:28:00,23.555,23.56,23.55,23.56,3234.0,BTU
2023-10-31 14:27:00,23.54,23.56,23.54,23.559,2608.0,BTU
2023-10-31 14:26:00,23.54,23.54,23.53,23.535,1747.0,BTU
2023-10-31 14:25:00,23.58,23.595,23.55,23.55,6814.0,BTU
2023-10-31 14:24:00,23.57,23.575,23.57,23.575,867.0,BTU
2023-10-31 14:23:00,23.585,23.585,23.57,23.57,5468.0,BTU
2023-10-31 14:22:00,23.58,23.585,23.58,23.585,838.0,BTU
2023-10-31 14:21:00,23.585,23.59,23.565,23.59,3506.0,BTU
2023-10-31 14:20:00,23.585,23.585,23.58,23.585,1182.0,BTU
2023-10-31 14:19:00,23.585,23.585,23.58,23.585,624.0,BTU
2023-10-31 14:18:00,23.58,23.59,23.575,23.585,2196.0,BTU
2023-10-31 14:17:00,23.63,23.63,23.56,23.57,6317.0,BTU
2023-10-31 14:16:00,23.66,23.66,23.63,23.635,2548.0,BTU
2023-10-31 14:15:00,23.665,23.67,23.66,23.66,3075.0,BTU
2023-10-31 14:14:00,23.681,23.69,23.665,23.665,3002.0,BTU
2023-10-31 14:13:00,23.7,23.7,23.69,23.69,3397.0,BTU
2023-10-31 14:12:00,23.69,23.705,23.68,23.705,4046.0,BTU
2023-10-31 14:11:00,23.695,23.695,23.69,23.695,1647.0,BTU
2023-10-31 14:10:00,23.675,23.69,23.675,23.69,2060.0,BTU
2023-10-31 14:09:00,23.68,23.685,23.68,23.68,3563.0,BTU
2023-10-31 14:08:00,23.68,23.68,23.67,23.68,2623.0,BTU
2023-10-31 14:07:00,23.685,23.685,23.67,23.675,2196.0,BTU
2023-10-31 14:06:00,23.695,23.705,23.69,23.69,2120.0,BTU
2023-10-31 14:05:00,23.685,23.705,23.675,23.695,7112.0,BTU
2023-10-31 14:04:00,23.67,23.695,23.67,23.685,4063.0,BTU
2023-10-31 14:03:00,23.665,23.668,23.665,23.665,767.0,BTU
2023-10-31 14:02:00,23.65,23.665,23.65,23.665,2117.0,BTU
2023-10-31 14:01:00,23.635,23.645,23.635,23.645,1330.0,BTU
2023-10-31 14:00:00,23.66,23.67,23.64,23.64,6715.0,BTU
2023-10-31 13:59:00,23.685,23.685,23.66,23.665,2796.0,BTU
2023-10-31 13:58:00,23.68,23.68,23.68,23.68,211.0,BTU
2023-10-31 13:57:00,23.68,23.685,23.675,23.685,4726.0,BTU
2023-10-31 13:56:00,23.69,23.69,23.685,23.685,1952.0,BTU
2023-10-31 13:55:00,23.69,23.69,23.68,23.68,2431.0,BTU
2023-10-31 13:54:00,23.685,23.7,23.685,23.695,2173.0,BTU
2023-10-31 13:53:00,23.69,23.69,23.685,23.69,806.0,BTU
2023-10-31 13:52:00,23.675,23.685,23.675,23.685,2491.0,BTU
2023-10-31 13:51:00,23.665,23.675,23.66,23.675,1845.0,BTU
2023-10-31 13:50:00,23.655,23.665,23.655,23.66,2965.0,BTU
2023-10-31 13:49:00,23.65,23.655,23.65,23.655,816.0,BTU
2023-10-31 13:48:00,23.65,23.655,23.65,23.655,1466.0,BTU
2023-10-31 13:47:00,23.65,23.65,23.65,23.65,1695.0,BTU
2023-10-31 13:46:00,23.645,23.65,23.645,23.65,2141.0,BTU
2023-10-31 13:45:00,23.66,23.66,23.64,23.645,1957.0,BTU
2023-10-31 13:44:00,23.665,23.665,23.653,23.66,2123.0,BTU
2023-10-31 13:43:00,23.66,23.67,23.66,23.665,4091.0,BTU
2023-10-31 13:42:00,23.66,23.66,23.655,23.66,2618.0,BTU
2023-10-31 13:41:00,23.655,23.655,23.655,23.655,147.0,BTU
2023-10-31 13:40:00,23.65,23.655,23.65,23.655,911.0,BTU
2023-10-31 13:39:00,23.65,23.65,23.64,23.65,1859.0,BTU
2023-10-31 13:38:00,23.64,23.67,23.64,23.66,4966.0,BTU
2023-10-31 13:37:00,23.61,23.64,23.61,23.64,2471.0,BTU
2023-10-31 13:36:00,23.62,23.62,23.62,23.62,281.0,BTU
2023-10-31 13:35:00,23.62,23.62,23.615,23.615,1188.0,BTU
2023-10-31 13:34:00,23.61,23.635,23.61,23.615,8109.0,BTU
2023-10-31 13:33:00,23.61,23.61,23.6,23.6,531.0,BTU
2023-10-31 13:32:00,23.595,23.6,23.595,23.6,4759.0,BTU
2023-10-31 13:31:00,23.56,23.595,23.56,23.59,6744.0,BTU
2023-10-31 13:30:00,23.57,23.57,23.56,23.56,3225.0,BTU
2023-10-31 13:29:00,23.56,23.56,23.56,23.56,602.0,BTU
2023-10-31 13:28:00,23.555,23.555,23.555,23.555,288.0,BTU
2023-10-31 13:27:00,23.55,23.55,23.55,23.55,999.0,BTU
2023-10-31 13:26:00,23.57,23.57,23.54,23.55,4798.0,BTU
2023-10-31 13:25:00,23.58,23.585,23.575,23.575,3082.0,BTU
2023-10-31 13:24:00,23.57,23.59,23.57,23.585,1727.0,BTU
2023-10-31 13:23:00,23.575,23.58,23.57,23.58,1730.0,BTU
2023-10-31 13:22:00,23.59,23.595,23.56,23.58,5081.0,BTU
2023-10-31 13:21:00,23.59,23.6,23.59,23.595,2915.0,BTU
2023-10-31 13:20:00,23.615,23.615,23.58,23.58,1819.0,BTU
2023-10-31 13:19:00,23.625,23.625,23.61,23.61,2891.0,BTU
2023-10-31 13:18:00,23.61,23.625,23.61,23.625,2539.0,BTU
2023-10-31 13:17:00,23.615,23.615,23.59,23.6,6730.0,BTU
2023-10-31 13:16:00,23.61,23.625,23.61,23.62,4905.0,BTU
2023-10-31 13:15:00,23.62,23.635,23.62,23.63,47217.0,BTU
2023-10-31 13:14:00,23.61,23.615,23.6,23.615,10123.0,BTU
2023-10-31 13:13:00,23.62,23.62,23.59,23.6,17026.0,BTU
2023-10-31 13:12:00,23.62,23.62,23.61,23.61,5554.0,BTU
2023-10-31 13:11:00,23.58,23.625,23.58,23.62,2518.0,BTU
2023-10-31 13:10:00,23.59,23.595,23.56,23.58,12238.0,BTU
2023-10-31 13:09:00,23.62,23.63,23.6,23.605,10212.0,BTU
2023-10-31 13:08:00,23.6,23.615,23.6,23.615,5099.0,BTU
2023-10-31 13:07:00,23.605,23.605,23.595,23.6,2666.0,BTU
2023-10-31 13:06:00,23.6,23.61,23.59,23.605,3099.0,BTU
2023-10-31 13:05:00,23.62,23.62,23.6,23.6,2897.0,BTU
2023-10-31 13:04:00,23.66,23.66,23.62,23.625,3504.0,BTU
2023-10-31 13:03:00,23.595,23.66,23.595,23.66,3472.0,BTU
2023-10-31 13:02:00,23.61,23.615,23.6,23.6,2801.0,BTU
2023-10-31 13:01:00,23.61,23.62,23.61,23.615,2198.0,BTU
2023-10-31 13:00:00,23.635,23.635,23.615,23.615,3166.0,BTU
2023-10-31 12:59:00,23.625,23.64,23.625,23.64,5370.0,BTU
2023-10-31 12:58:00,23.625,23.625,23.625,23.625,367.0,BTU
2023-10-31 12:57:00,23.61,23.62,23.605,23.62,2648.0,BTU
2023-10-31 12:56:00,23.61,23.615,23.61,23.615,1735.0,BTU
2023-10-31 12:55:00,23.585,23.62,23.585,23.615,2688.0,BTU
2023-10-31 12:54:00,23.58,23.59,23.58,23.585,1021.0,BTU
2023-10-31 12:53:00,23.6,23.61,23.58,23.58,3540.0,BTU
2023-10-31 12:52:00,23.58,23.595,23.58,23.595,946.0,BTU
2023-10-31 12:51:00,23.565,23.57,23.52,23.57,15310.0,BTU
2023-10-31 12:50:00,23.57,23.57,23.56,23.565,3433.0,BTU
2023-10-31 12:49:00,23.555,23.56,23.55,23.56,3238.0,BTU
2023-10-31 12:48:00,23.555,23.555,23.55,23.55,339.0,BTU
2023-10-31 12:47:00,23.555,23.565,23.55,23.555,2556.0,BTU
2023-10-31 12:46:00,23.555,23.56,23.55,23.56,4850.0,BTU
2023-10-31 12:45:00,23.555,23.57,23.555,23.56,1937.0,BTU
2023-10-31 12:44:00,23.585,23.585,23.555,23.555,5235.0,BTU
2023-10-31 12:43:00,23.59,23.59,23.59,23.59,1582.0,BTU
2023-10-31 12:42:00,23.57,23.59,23.57,23.59,1769.0,BTU
2023-10-31 12:41:00,23.605,23.61,23.57,23.57,2604.0,BTU
2023-10-31 12:40:00,23.62,23.63,23.61,23.61,2448.0,BTU
2023-10-31 12:39:00,23.595,23.62,23.592,23.62,1863.0,BTU
2023-10-31 12:38:00,23.58,23.595,23.58,23.595,976.0,BTU
2023-10-31 12:37:00,23.575,23.58,23.561,23.57,4485.0,BTU
2023-10-31 12:36:00,23.56,23.57,23.55,23.57,2633.0,BTU
2023-10-31 12:35:00,23.585,23.585,23.562,23.562,2031.0,BTU
2023-10-31 12:34:00,23.6,23.605,23.585,23.59,2917.0,BTU
2023-10-31 12:33:00,23.6,23.605,23.57,23.6,7474.0,BTU
2023-10-31 12:32:00,23.6,23.605,23.59,23.595,17095.0,BTU
2023-10-31 12:31:00,23.59,23.595,23.59,23.595,31344.0,BTU
2023-10-31 12:30:00,23.64,23.64,23.59,23.59,5056.0,BTU
2023-10-31 12:29:00,23.63,23.65,23.63,23.65,2584.0,BTU
2023-10-31 12:28:00,23.65,23.65,23.63,23.63,3429.0,BTU
2023-10-31 12:27:00,23.7,23.7,23.66,23.66,2820.0,BTU
2023-10-31 12:26:00,23.695,23.7,23.695,23.7,1600.0,BTU
2023-10-31 12:25:00,23.68,23.695,23.68,23.69,1523.0,BTU
2023-10-31 12:24:00,23.68,23.68,23.675,23.675,1273.0,BTU
2023-10-31 12:23:00,23.7,23.7,23.69,23.69,2229.0,BTU
2023-10-31 12:22:00,23.7,23.705,23.695,23.705,3349.0,BTU
2023-10-31 12:21:00,23.7,23.705,23.69,23.69,1116.0,BTU
2023-10-31 12:20:00,23.71,23.715,23.7,23.7,1631.0,BTU
2023-10-31 12:19:00,23.72,23.72,23.7,23.71,4421.0,BTU
2023-10-31 12:18:00,23.73,23.74,23.73,23.73,3503.0,BTU
2023-10-31 12:17:00,23.725,23.73,23.72,23.73,974.0,BTU
2023-10-31 12:16:00,23.75,23.75,23.73,23.73,3968.0,BTU
2023-10-31 12:15:00,23.75,23.75,23.74,23.75,1972.0,BTU
2023-10-31 12:14:00,23.77,23.775,23.755,23.755,1192.0,BTU
2023-10-31 12:13:00,23.75,23.77,23.75,23.77,5981.0,BTU
2023-10-31 12:12:00,23.765,23.77,23.76,23.76,5100.0,BTU
2023-10-31 12:11:00,23.78,23.78,23.765,23.765,1432.0,BTU
2023-10-31 12:10:00,23.76,23.77,23.745,23.77,1764.0,BTU
2023-10-31 12:09:00,23.76,23.76,23.755,23.755,1321.0,BTU
2023-10-31 12:08:00,23.77,23.77,23.75,23.76,3580.0,BTU
2023-10-31 12:07:00,23.781,23.79,23.77,23.771,2028.0,BTU
2023-10-31 12:06:00,23.79,23.79,23.785,23.785,673.0,BTU
2023-10-31 12:05:00,23.78,23.795,23.78,23.795,2815.0,BTU
2023-10-31 12:04:00,23.76,23.76,23.76,23.76,755.0,BTU
2023-10-31 12:03:00,23.765,23.765,23.745,23.75,3431.0,BTU
2023-10-31 12:02:00,23.78,23.78,23.76,23.765,1717.0,BTU
2023-10-31 12:01:00,23.82,23.82,23.785,23.785,6642.0,BTU
2023-10-31 12:00:00,23.81,23.815,23.81,23.815,1655.0,BTU
2023-10-31 11:59:00,23.75,23.8,23.75,23.8,2395.0,BTU
2023-10-31 11:58:00,23.78,23.78,23.75,23.75,1492.0,BTU
2023-10-31 11:57:00,23.77,23.78,23.77,23.77,2675.0,BTU
2023-10-31 11:56:00,23.78,23.785,23.765,23.765,1509.0,BTU
2023-10-31 11:55:00,23.805,23.805,23.79,23.79,2272.0,BTU
2023-10-31 11:54:00,23.78,23.79,23.78,23.79,1798.0,BTU
2023-10-31 11:53:00,23.8,23.8,23.78,23.79,1263.0,BTU
2023-10-31 11:52:00,23.82,23.82,23.8,23.81,3780.0,BTU
2023-10-31 11:51:00,23.82,23.83,23.82,23.83,1197.0,BTU
2023-10-31 11:50:00,23.82,23.82,23.82,23.821,4601.0,BTU
2023-10-31 11:49:00,23.81,23.82,23.81,23.82,1502.0,BTU
2023-10-31 11:48:00,23.815,23.82,23.815,23.82,2296.0,BTU
2023-10-31 11:47:00,23.79,23.82,23.77,23.82,4253.0,BTU
2023-10-31 11:46:00,23.85,23.85,23.79,23.8,25817.0,BTU
2023-10-31 11:45:00,23.86,23.865,23.86,23.86,5404.0,BTU
2023-10-31 11:44:00,23.87,23.88,23.86,23.88,2122.0,BTU
2023-10-31 11:43:00,23.875,23.875,23.87,23.87,1233.0,BTU
2023-10-31 11:42:00,23.86,23.875,23.86,23.875,2287.0,BTU
2023-10-31 11:41:00,23.88,23.88,23.86,23.86,808.0,BTU
2023-10-31 11:40:00,23.87,23.88,23.87,23.88,2147.0,BTU
2023-10-31 11:39:00,23.88,23.89,23.88,23.88,2505.0,BTU
2023-10-31 11:38:00,23.88,23.88,23.88,23.88,2870.0,BTU
2023-10-31 11:37:00,23.89,23.905,23.89,23.89,4003.0,BTU
2023-10-31 11:36:00,23.89,23.895,23.89,23.89,2153.0,BTU
2023-10-31 11:35:00,23.925,23.925,23.9,23.9,1402.0,BTU
2023-10-31 11:34:00,23.91,23.925,23.905,23.91,4717.0,BTU
2023-10-31 11:33:00,23.915,23.915,23.875,23.895,5045.0,BTU
2023-10-31 11:32:00,23.95,23.95,23.915,23.915,2875.0,BTU
2023-10-31 11:31:00,23.91,23.94,23.91,23.94,2826.0,BTU
2023-10-31 11:30:00,23.87,23.94,23.87,23.92,6653.0,BTU
2023-10-31 11:29:00,23.89,23.89,23.86,23.868,2090.0,BTU
2023-10-31 11:28:00,23.89,23.9,23.82,23.86,28706.0,BTU
2023-10-31 11:27:00,23.89,23.895,23.88,23.89,4195.0,BTU
2023-10-31 11:26:00,23.875,23.89,23.875,23.88,2618.0,BTU
2023-10-31 11:25:00,23.865,23.87,23.855,23.87,3449.0,BTU
2023-10-31 11:24:00,23.865,23.87,23.865,23.87,291.0,BTU
2023-10-31 11:23:00,23.89,23.89,23.855,23.86,5169.0,BTU
2023-10-31 11:22:00,23.89,23.92,23.89,23.9,5001.0,BTU
2023-10-31 11:21:00,23.9,23.905,23.88,23.885,2578.0,BTU
2023-10-31 11:20:00,23.86,23.89,23.86,23.89,3867.0,BTU
2023-10-31 11:19:00,23.875,23.88,23.85,23.86,1759.0,BTU
2023-10-31 11:18:00,23.885,23.89,23.88,23.88,1498.0,BTU
2023-10-31 11:17:00,23.86,23.89,23.86,23.89,4581.0,BTU
2023-10-31 11:16:00,23.865,23.87,23.86,23.865,3927.0,BTU
2023-10-31 11:15:00,23.89,23.895,23.86,23.86,2817.0,BTU
2023-10-31 11:14:00,23.85,23.88,23.85,23.88,4332.0,BTU
2023-10-31 11:13:00,23.85,23.855,23.845,23.855,769.0,BTU
2023-10-31 11:12:00,23.85,23.86,23.835,23.86,4357.0,BTU
2023-10-31 11:11:00,23.92,23.93,23.86,23.86,14128.0,BTU
2023-10-31 11:10:00,23.88,23.921,23.88,23.91,3654.0,BTU
2023-10-31 11:09:00,23.83,23.87,23.825,23.87,7568.0,BTU
2023-10-31 11:08:00,23.79,23.82,23.77,23.82,8536.0,BTU
2023-10-31 11:07:00,23.812,23.812,23.8,23.8,3185.0,BTU
2023-10-31 11:06:00,23.805,23.815,23.795,23.815,1838.0,BTU
2023-10-31 11:05:00,23.77,23.787,23.76,23.788,2634.0,BTU
2023-10-31 11:04:00,23.77,23.81,23.77,23.78,3697.0,BTU
2023-10-31 11:03:00,23.76,23.77,23.75,23.76,2805.0,BTU
2023-10-31 11:02:00,23.78,23.78,23.75,23.76,3704.0,BTU
2023-10-31 11:01:00,23.76,23.79,23.76,23.79,1065.0,BTU
2023-10-31 11:00:00,23.76,23.76,23.74,23.75,3342.0,BTU
2023-10-31 10:59:00,23.77,23.77,23.755,23.76,2343.0,BTU
2023-10-31 10:58:00,23.75,23.78,23.75,23.78,1024.0,BTU
2023-10-31 10:57:00,23.75,23.75,23.7,23.72,4936.0,BTU
2023-10-31 10:56:00,23.77,23.78,23.74,23.74,5236.0,BTU
2023-10-31 10:55:00,23.775,23.775,23.755,23.755,3068.0,BTU
2023-10-31 10:54:00,23.77,23.78,23.76,23.78,5632.0,BTU
2023-10-31 10:53:00,23.76,23.78,23.76,23.76,4336.0,BTU
2023-10-31 10:52:00,23.755,23.76,23.74,23.75,3275.0,BTU
2023-10-31 10:51:00,23.73,23.75,23.73,23.75,2619.0,BTU
2023-10-31 10:50:00,23.67,23.71,23.67,23.71,3078.0,BTU
2023-10-31 10:49:00,23.69,23.69,23.675,23.68,2066.0,BTU
2023-10-31 10:48:00,23.7,23.71,23.685,23.691,2849.0,BTU
2023-10-31 10:47:00,23.69,23.7,23.69,23.7,3808.0,BTU
2023-10-31 10:46:00,23.7,23.717,23.685,23.695,4157.0,BTU
2023-10-31 10:45:00,23.68,23.7,23.68,23.69,3171.0,BTU
2023-10-31 10:44:00,23.67,23.68,23.65,23.67,5725.0,BTU
2023-10-31 10:43:00,23.64,23.7,23.64,23.67,9902.0,BTU
2023-10-31 10:42:00,23.67,23.67,23.63,23.63,12172.0,BTU
2023-10-31 10:41:00,23.64,23.66,23.64,23.66,809.0,BTU
2023-10-31 10:40:00,23.65,23.65,23.625,23.63,2765.0,BTU
2023-10-31 10:39:00,23.67,23.67,23.64,23.64,4792.0,BTU
2023-10-31 10:38:00,23.632,23.67,23.63,23.67,5354.0,BTU
2023-10-31 10:37:00,23.64,23.642,23.62,23.63,10153.0,BTU
2023-10-31 10:36:00,23.67,23.68,23.65,23.65,2000.0,BTU
2023-10-31 10:35:00,23.645,23.67,23.63,23.67,8224.0,BTU
2023-10-31 10:34:00,23.62,23.675,23.62,23.65,2603.0,BTU
2023-10-31 10:33:00,23.69,23.69,23.625,23.625,4613.0,BTU
2023-10-31 10:32:00,23.625,23.66,23.62,23.66,3023.0,BTU
2023-10-31 10:31:00,23.63,23.63,23.625,23.63,1616.0,BTU
2023-10-31 10:30:00,23.65,23.695,23.63,23.63,8435.0,BTU
2023-10-31 10:29:00,23.65,23.66,23.64,23.645,4650.0,BTU
2023-10-31 10:28:00,23.62,23.68,23.62,23.66,4397.0,BTU
2023-10-31 10:27:00,23.66,23.66,23.62,23.63,2374.0,BTU
2023-10-31 10:26:00,23.72,23.72,23.631,23.65,35246.0,BTU
2023-10-31 10:25:00,23.83,23.83,23.694,23.71,36826.0,BTU
2023-10-31 10:24:00,23.82,23.83,23.795,23.81,3279.0,BTU
2023-10-31 10:23:00,23.84,23.84,23.82,23.83,2917.0,BTU
2023-10-31 10:22:00,23.82,23.85,23.79,23.84,9388.0,BTU
2023-10-31 10:21:00,23.835,23.84,23.79,23.83,11545.0,BTU
2023-10-31 10:20:00,23.88,23.89,23.84,23.87,11901.0,BTU
2023-10-31 10:19:00,23.92,23.92,23.89,23.89,2679.0,BTU
2023-10-31 10:18:00,23.81,23.93,23.81,23.92,38271.0,BTU
2023-10-31 10:17:00,23.75,23.805,23.74,23.8,43822.0,BTU
2023-10-31 10:16:00,23.77,23.81,23.75,23.77,5563.0,BTU
2023-10-31 10:15:00,23.705,23.75,23.69,23.75,2621.0,BTU
2023-10-31 10:14:00,23.65,23.74,23.64,23.71,6059.0,BTU
2023-10-31 10:13:00,23.64,23.66,23.64,23.655,2565.0,BTU
2023-10-31 10:12:00,23.675,23.69,23.64,23.64,10909.0,BTU
2023-10-31 10:11:00,23.71,23.71,23.65,23.67,9081.0,BTU
2023-10-31 10:10:00,23.67,23.707,23.66,23.708,13740.0,BTU
2023-10-31 10:09:00,23.66,23.67,23.635,23.67,11085.0,BTU
2023-10-31 10:08:00,23.68,23.68,23.645,23.67,6732.0,BTU
2023-10-31 10:07:00,23.69,23.69,23.67,23.68,4595.0,BTU
2023-10-31 10:06:00,23.67,23.7,23.66,23.68,4680.0,BTU
2023-10-31 10:05:00,23.68,23.685,23.66,23.68,3659.0,BTU
2023-10-31 10:04:00,23.67,23.69,23.66,23.69,3396.0,BTU
2023-10-31 10:03:00,23.64,23.68,23.64,23.68,1711.0,BTU
2023-10-31 10:02:00,23.62,23.69,23.62,23.63,6985.0,BTU
2023-10-31 10:01:00,23.6,23.63,23.6,23.61,2962.0,BTU
2023-10-31 10:00:00,23.68,23.68,23.6,23.61,6686.0,BTU
2023-10-31 09:59:00,23.72,23.72,23.66,23.69,3461.0,BTU
2023-10-31 09:58:00,23.77,23.77,23.73,23.73,3572.0,BTU
2023-10-31 09:57:00,23.7,23.77,23.7,23.77,7464.0,BTU
2023-10-31 09:56:00,23.62,23.7,23.62,23.695,14796.0,BTU
2023-10-31 09:55:00,23.62,23.63,23.6,23.62,5566.0,BTU
2023-10-31 09:54:00,23.59,23.65,23.59,23.635,5158.0,BTU
2023-10-31 09:53:00,23.56,23.58,23.55,23.58,6597.0,BTU
2023-10-31 09:52:00,23.54,23.575,23.52,23.556,8480.0,BTU
2023-10-31 09:51:00,23.67,23.671,23.56,23.56,3853.0,BTU
2023-10-31 09:50:00,23.64,23.67,23.62,23.66,6780.0,BTU
2023-10-31 09:49:00,23.6,23.645,23.6,23.62,7376.0,BTU
2023-10-31 09:48:00,23.59,23.6,23.55,23.59,8822.0,BTU
2023-10-31 09:47:00,23.62,23.625,23.57,23.59,10010.0,BTU
2023-10-31 09:46:00,23.64,23.64,23.597,23.598,7015.0,BTU
2023-10-31 09:45:00,23.65,23.66,23.64,23.65,3218.0,BTU
2023-10-31 09:44:00,23.67,23.67,23.63,23.63,5312.0,BTU
2023-10-31 09:43:00,23.67,23.67,23.65,23.66,4024.0,BTU
2023-10-31 09:42:00,23.58,23.66,23.57,23.66,7052.0,BTU
2023-10-31 09:41:00,23.56,23.6,23.51,23.59,8676.0,BTU
2023-10-31 09:40:00,23.39,23.585,23.39,23.57,8279.0,BTU
2023-10-31 09:39:00,23.53,23.53,23.36,23.4,21501.0,BTU
2023-10-31 09:38:00,23.525,23.56,23.51,23.53,5208.0,BTU
2023-10-31 09:37:00,23.66,23.66,23.52,23.53,6749.0,BTU
2023-10-31 09:36:00,23.6,23.705,23.59,23.665,9035.0,BTU
2023-10-31 09:35:00,23.71,23.79,23.61,23.61,9557.0,BTU
2023-10-31 09:34:00,23.792,23.792,23.73,23.73,17114.0,BTU
2023-10-31 09:33:00,23.77,23.77,23.74,23.74,365.0,BTU
2023-10-31 09:32:00,23.65,23.74,23.51,23.715,24843.0,BTU
2023-10-31 09:31:00,23.75,23.75,23.63,23.65,8997.0,BTU
2023-10-31 09:30:00,23.92,23.96,23.76,23.76,35630.0,BTU
2023-10-31 09:26:00,24.01,24.01,24.0,24.0,50.0,BTU
2023-10-31 09:16:00,24.2,24.2,24.2,24.2,300.0,BTU
2023-10-31 09:15:00,24.21,24.21,24.2,24.2,952.0,BTU
2023-10-31 09:11:00,24.2,24.2,24.2,24.2,30.0,BTU
2023-10-31 08:57:00,24.19,24.19,24.19,24.19,100.0,BTU
2023-10-31 08:41:00,24.21,24.28,24.2,24.2,257.0,BTU
2023-10-31 08:39:00,24.21,24.21,24.21,24.21,600.0,BTU
2023-10-31 08:38:00,24.21,24.21,24.21,24.21,100.0,BTU
2023-10-31 07:50:00,24.11,24.12,24.11,24.12,102.0,BTU
2023-10-31 07:25:00,24.12,24.12,24.12,24.12,1.0,BTU
2023-10-30 19:42:00,24.32,24.4,24.32,24.4,99.0,BTU
2023-10-30 19:41:00,24.24,24.3,24.24,24.3,301.0,BTU
2023-10-30 19:00:00,24.12,24.12,24.12,24.12,728738.0,BTU
2023-10-30 18:30:00,24.12,24.12,24.12,24.12,728738.0,BTU
2023-10-30 18:04:00,23.88,23.88,23.88,23.88,1.0,BTU
2023-10-30 17:50:00,23.88,23.88,23.88,23.88,2.0,BTU
2023-10-30 17:03:00,24.099,24.099,24.099,24.099,15.0,BTU
2023-10-30 16:56:00,24.12,24.12,24.12,24.12,226723.0,BTU
2023-10-30 16:54:00,23.93,23.93,23.93,23.93,90.0,BTU
2023-10-30 16:21:00,24.1,24.1,24.1,24.1,310.0,BTU
2023-10-30 16:12:00,24.1,24.1,24.1,24.1,1.0,BTU
2023-10-30 16:10:00,24.12,24.12,24.12,24.12,728738.0,BTU
2023-10-30 16:08:00,23.94,23.94,23.94,23.94,1.0,BTU
2023-10-30 16:00:00,24.11,24.125,24.11,24.12,1499113.0,BTU
2023-10-30 15:59:00,24.14,24.145,24.11,24.11,114001.0,BTU
2023-10-30 15:58:00,24.145,24.16,24.13,24.14,53713.0,BTU
2023-10-30 15:57:00,24.155,24.16,24.135,24.145,30742.0,BTU
2023-10-30 15:56:00,24.135,24.17,24.13,24.16,59545.0,BTU
2023-10-30 15:55:00,24.175,24.205,24.135,24.135,38198.0,BTU
2023-10-30 15:54:00,24.16,24.18,24.15,24.175,22318.0,BTU
2023-10-30 15:53:00,24.17,24.18,24.155,24.165,29892.0,BTU
2023-10-30 15:52:00,24.165,24.18,24.161,24.18,16945.0,BTU
2023-10-30 15:51:00,24.175,24.19,24.164,24.164,22660.0,BTU
2023-10-30 15:50:00,24.22,24.22,24.175,24.175,20723.0,BTU
2023-10-30 15:49:00,24.22,24.22,24.21,24.22,5196.0,BTU
2023-10-30 15:48:00,24.24,24.255,24.22,24.225,12422.0,BTU
2023-10-30 15:47:00,24.21,24.245,24.21,24.245,5687.0,BTU
2023-10-30 15:46:00,24.225,24.245,24.215,24.215,8456.0,BTU
2023-10-30 15:45:00,24.23,24.23,24.215,24.225,13550.0,BTU
2023-10-30 15:44:00,24.24,24.24,24.23,24.23,1814.0,BTU
2023-10-30 15:43:00,24.23,24.245,24.23,24.245,4575.0,BTU
2023-10-30 15:42:00,24.24,24.25,24.22,24.225,14358.0,BTU
2023-10-30 15:41:00,24.28,24.28,24.235,24.235,4407.0,BTU
2023-10-30 15:40:00,24.295,24.295,24.27,24.285,8998.0,BTU
2023-10-30 15:39:00,24.285,24.31,24.285,24.3,5606.0,BTU
2023-10-30 15:38:00,24.3,24.3,24.29,24.29,1878.0,BTU
2023-10-30 15:37:00,24.275,24.305,24.275,24.3,6652.0,BTU
2023-10-30 15:36:00,24.295,24.295,24.28,24.28,3020.0,BTU
2023-10-30 15:35:00,24.28,24.295,24.28,24.29,6408.0,BTU
2023-10-30 15:34:00,24.275,24.28,24.265,24.275,7970.0,BTU
2023-10-30 15:33:00,24.27,24.275,24.25,24.27,4327.0,BTU
2023-10-30 15:32:00,24.335,24.34,24.27,24.28,12162.0,BTU
2023-10-30 15:31:00,24.38,24.38,24.335,24.34,3678.0,BTU
2023-10-30 15:30:00,24.405,24.405,24.38,24.385,6965.0,BTU
2023-10-30 15:29:00,24.415,24.44,24.4,24.41,10189.0,BTU
2023-10-30 15:28:00,24.37,24.415,24.365,24.415,9526.0,BTU
2023-10-30 15:27:00,24.36,24.37,24.36,24.37,2627.0,BTU
2023-10-30 15:26:00,24.36,24.37,24.36,24.36,2271.0,BTU
2023-10-30 15:25:00,24.351,24.357,24.345,24.35,4012.0,BTU
2023-10-30 15:24:00,24.345,24.355,24.345,24.355,3657.0,BTU
2023-10-30 15:23:00,24.33,24.35,24.33,24.345,4041.0,BTU
2023-10-30 15:22:00,24.315,24.325,24.315,24.325,2315.0,BTU
2023-10-30 15:21:00,24.322,24.335,24.32,24.325,3529.0,BTU
2023-10-30 15:20:00,24.325,24.325,24.32,24.32,919.0,BTU
2023-10-30 15:19:00,24.34,24.34,24.325,24.325,1198.0,BTU
2023-10-30 15:18:00,24.324,24.35,24.324,24.345,4274.0,BTU
2023-10-30 15:17:00,24.32,24.33,24.315,24.33,3226.0,BTU
2023-10-30 15:16:00,24.335,24.335,24.32,24.325,4388.0,BTU
2023-10-30 15:15:00,24.34,24.345,24.33,24.34,3706.0,BTU
2023-10-30 15:14:00,24.325,24.335,24.325,24.335,1185.0,BTU
2023-10-30 15:13:00,24.325,24.335,24.325,24.325,2481.0,BTU
2023-10-30 15:12:00,24.3,24.33,24.3,24.325,5659.0,BTU
2023-10-30 15:11:00,24.295,24.3,24.28,24.295,4353.0,BTU
2023-10-30 15:10:00,24.305,24.305,24.29,24.295,1924.0,BTU
2023-10-30 15:09:00,24.325,24.325,24.3,24.305,2979.0,BTU
2023-10-30 15:08:00,24.34,24.35,24.325,24.325,4265.0,BTU
2023-10-30 15:07:00,24.32,24.33,24.315,24.33,3403.0,BTU
2023-10-30 15:06:00,24.28,24.315,24.28,24.315,4550.0,BTU
2023-10-30 15:05:00,24.28,24.28,24.27,24.275,2317.0,BTU
2023-10-30 15:04:00,24.295,24.295,24.275,24.275,2134.0,BTU
2023-10-30 15:03:00,24.295,24.3,24.295,24.3,1650.0,BTU
2023-10-30 15:02:00,24.265,24.315,24.265,24.3,4384.0,BTU
2023-10-30 15:01:00,24.24,24.265,24.235,24.265,3707.0,BTU
2023-10-30 15:00:00,24.21,24.245,24.21,24.23,7548.0,BTU
2023-10-30 14:59:00,24.205,24.205,24.2,24.2,699.0,BTU
2023-10-30 14:58:00,24.21,24.215,24.2,24.2,2020.0,BTU
2023-10-30 14:57:00,24.215,24.22,24.21,24.219,3617.0,BTU
2023-10-30 14:56:00,24.204,24.215,24.204,24.215,2538.0,BTU
2023-10-30 14:55:00,24.21,24.215,24.205,24.205,1939.0,BTU
2023-10-30 14:54:00,24.21,24.215,24.21,24.215,1267.0,BTU
2023-10-30 14:53:00,24.2,24.21,24.2,24.21,785.0,BTU
2023-10-30 14:52:00,24.225,24.225,24.2,24.205,5160.0,BTU
2023-10-30 14:51:00,24.23,24.23,24.22,24.22,2350.0,BTU
2023-10-30 14:50:00,24.25,24.25,24.23,24.235,1318.0,BTU
2023-10-30 14:49:00,24.26,24.26,24.25,24.25,642.0,BTU
2023-10-30 14:48:00,24.26,24.26,24.25,24.26,1712.0,BTU
2023-10-30 14:47:00,24.24,24.275,24.24,24.27,5882.0,BTU
2023-10-30 14:46:00,24.245,24.245,24.24,24.24,954.0,BTU
2023-10-30 14:45:00,24.24,24.25,24.24,24.24,2802.0,BTU
2023-10-30 14:44:00,24.24,24.245,24.23,24.23,1981.0,BTU
2023-10-30 14:43:00,24.245,24.255,24.24,24.24,2031.0,BTU
2023-10-30 14:42:00,24.24,24.24,24.24,24.24,597.0,BTU
2023-10-30 14:41:00,24.235,24.243,24.23,24.24,1335.0,BTU
2023-10-30 14:40:00,24.255,24.255,24.23,24.23,1792.0,BTU
2023-10-30 14:39:00,24.24,24.25,24.24,24.25,3265.0,BTU
2023-10-30 14:38:00,24.25,24.25,24.24,24.247,1201.0,BTU
2023-10-30 14:37:00,24.25,24.255,24.25,24.25,2420.0,BTU
2023-10-30 14:36:00,24.25,24.255,24.24,24.245,2039.0,BTU
2023-10-30 14:35:00,24.26,24.26,24.24,24.24,1391.0,BTU
2023-10-30 14:34:00,24.225,24.26,24.22,24.26,3641.0,BTU
2023-10-30 14:33:00,24.224,24.226,24.22,24.226,1142.0,BTU
2023-10-30 14:32:00,24.204,24.22,24.2,24.218,1771.0,BTU
2023-10-30 14:31:00,24.215,24.225,24.2,24.205,3211.0,BTU
2023-10-30 14:30:00,24.22,24.22,24.215,24.215,466.0,BTU
2023-10-30 14:29:00,24.21,24.215,24.205,24.21,3242.0,BTU
2023-10-30 14:28:00,24.22,24.22,24.21,24.21,1917.0,BTU
2023-10-30 14:27:00,24.23,24.23,24.222,24.225,1772.0,BTU
2023-10-30 14:26:00,24.23,24.23,24.22,24.22,1183.0,BTU
2023-10-30 14:25:00,24.23,24.235,24.23,24.235,1632.0,BTU
2023-10-30 14:24:00,24.24,24.245,24.235,24.235,1407.0,BTU
2023-10-30 14:23:00,24.24,24.245,24.225,24.23,2460.0,BTU
2023-10-30 14:22:00,24.224,24.245,24.215,24.245,4657.0,BTU
2023-10-30 14:21:00,24.222,24.23,24.22,24.227,3521.0,BTU
2023-10-30 14:20:00,24.23,24.235,24.225,24.23,4334.0,BTU
2023-10-30 14:19:00,24.235,24.235,24.235,24.235,409.0,BTU
2023-10-30 14:18:00,24.235,24.245,24.235,24.235,2961.0,BTU
2023-10-30 14:17:00,24.245,24.245,24.235,24.235,1992.0,BTU
2023-10-30 14:16:00,24.255,24.255,24.255,24.255,200.0,BTU
2023-10-30 14:15:00,24.255,24.27,24.25,24.255,3712.0,BTU
2023-10-30 14:14:00,24.265,24.27,24.26,24.265,384171.0,BTU
2023-10-30 14:13:00,24.285,24.285,24.265,24.265,976.0,BTU
2023-10-30 14:12:00,24.285,24.285,24.285,24.285,303.0,BTU
2023-10-30 14:11:00,24.285,24.285,24.28,24.28,1432.0,BTU
2023-10-30 14:10:00,24.24,24.27,24.24,24.27,90406.0,BTU
2023-10-30 14:09:00,24.23,24.245,24.23,24.23,2353.0,BTU
2023-10-30 14:08:00,24.22,24.225,24.215,24.225,1318.0,BTU
2023-10-30 14:07:00,24.22,24.22,24.215,24.215,1099.0,BTU
2023-10-30 14:06:00,24.255,24.255,24.22,24.22,4024.0,BTU
2023-10-30 14:05:00,24.268,24.268,24.26,24.265,1741.0,BTU
2023-10-30 14:04:00,24.265,24.27,24.261,24.27,3041.0,BTU
2023-10-30 14:03:00,24.275,24.275,24.265,24.265,877.0,BTU
2023-10-30 14:02:00,24.26,24.28,24.26,24.28,1103.0,BTU
2023-10-30 14:01:00,24.24,24.265,24.24,24.265,1486.0,BTU
2023-10-30 14:00:00,24.22,24.25,24.22,24.24,3379.0,BTU
2023-10-30 13:59:00,24.21,24.21,24.21,24.21,313.0,BTU
2023-10-30 13:58:00,24.21,24.22,24.21,24.22,1404.0,BTU
2023-10-30 13:57:00,24.215,24.215,24.205,24.205,2313.0,BTU
2023-10-30 13:56:00,24.22,24.225,24.211,24.22,2653.0,BTU
2023-10-30 13:55:00,24.225,24.225,24.22,24.22,446.0,BTU
2023-10-30 13:54:00,24.24,24.24,24.23,24.23,1779.0,BTU
2023-10-30 13:53:00,24.22,24.23,24.22,24.23,2337.0,BTU
2023-10-30 13:52:00,24.227,24.239,24.21,24.21,4107.0,BTU
2023-10-30 13:51:00,24.227,24.23,24.227,24.23,221.0,BTU
2023-10-30 13:50:00,24.22,24.225,24.22,24.225,1965.0,BTU
2023-10-30 13:49:00,24.165,24.221,24.16,24.221,6025.0,BTU
2023-10-30 13:48:00,24.16,24.16,24.155,24.155,939.0,BTU
2023-10-30 13:47:00,24.155,24.165,24.155,24.165,2381.0,BTU
2023-10-30 13:46:00,24.15,24.155,24.15,24.155,266.0,BTU
2023-10-30 13:45:00,24.15,24.155,24.15,24.151,2771.0,BTU
2023-10-30 13:44:00,24.14,24.15,24.14,24.15,2525.0,BTU
2023-10-30 13:43:00,24.12,24.147,24.119,24.145,1922.0,BTU
2023-10-30 13:42:00,24.115,24.12,24.11,24.12,2196.0,BTU
2023-10-30 13:41:00,24.12,24.12,24.11,24.11,300.0,BTU
2023-10-30 13:40:00,24.13,24.13,24.12,24.12,2222.0,BTU
2023-10-30 13:39:00,24.125,24.14,24.125,24.135,1732.0,BTU
2023-10-30 13:38:00,24.13,24.14,24.13,24.13,2042.0,BTU
2023-10-30 13:37:00,24.12,24.12,24.12,24.12,1168.0,BTU
2023-10-30 13:36:00,24.12,24.13,24.115,24.12,1802.0,BTU
2023-10-30 13:35:00,24.09,24.115,24.09,24.115,3492.0,BTU
2023-10-30 13:34:00,24.09,24.09,24.08,24.08,1029.0,BTU
2023-10-30 13:33:00,24.095,24.095,24.09,24.09,656.0,BTU
2023-10-30 13:32:00,24.1,24.11,24.091,24.095,2036.0,BTU
2023-10-30 13:31:00,24.091,24.091,24.09,24.09,745.0,BTU
2023-10-30 13:30:00,24.094,24.094,24.08,24.09,2956.0,BTU
2023-10-30 13:29:00,24.11,24.115,24.1,24.1,5182.0,BTU
2023-10-30 13:28:00,24.11,24.11,24.1,24.1,1019.0,BTU
2023-10-30 13:27:00,24.1,24.12,24.1,24.12,1730.0,BTU
2023-10-30 13:26:00,24.094,24.094,24.085,24.09,965.0,BTU
2023-10-30 13:25:00,24.07,24.1,24.065,24.1,3651.0,BTU
2023-10-30 13:24:00,24.045,24.065,24.045,24.065,2214.0,BTU
2023-10-30 13:23:00,24.04,24.05,24.04,24.05,921.0,BTU
2023-10-30 13:22:00,24.05,24.05,24.05,24.05,335.0,BTU
2023-10-30 13:21:00,24.045,24.045,24.04,24.04,1811.0,BTU
2023-10-30 13:20:00,24.045,24.045,24.035,24.04,1833.0,BTU
2023-10-30 13:19:00,24.04,24.05,24.04,24.05,2968.0,BTU
2023-10-30 13:18:00,24.045,24.045,24.035,24.035,786.0,BTU
2023-10-30 13:17:00,24.055,24.055,24.04,24.04,958.0,BTU
2023-10-30 13:16:00,24.05,24.055,24.05,24.055,1070.0,BTU
2023-10-30 13:15:00,24.05,24.05,24.05,24.05,648.0,BTU
2023-10-30 13:14:00,24.04,24.05,24.04,24.05,1962.0,BTU
2023-10-30 13:13:00,24.05,24.05,24.04,24.045,2223.0,BTU
2023-10-30 13:12:00,24.055,24.061,24.055,24.06,2818.0,BTU
2023-10-30 13:11:00,24.055,24.055,24.05,24.055,400.0,BTU
2023-10-30 13:10:00,24.07,24.07,24.06,24.06,1672.0,BTU
2023-10-30 13:09:00,24.08,24.08,24.075,24.08,1313.0,BTU
2023-10-30 13:08:00,24.07,24.09,24.07,24.09,2471.0,BTU
2023-10-30 13:07:00,24.07,24.075,24.07,24.075,744.0,BTU
2023-10-30 13:06:00,24.08,24.08,24.07,24.075,1300.0,BTU
2023-10-30 13:05:00,24.08,24.08,24.07,24.08,897.0,BTU
2023-10-30 13:04:00,24.04,24.085,24.04,24.085,2827.0,BTU
2023-10-30 13:03:00,24.03,24.04,24.03,24.04,400.0,BTU
2023-10-30 13:02:00,24.035,24.05,24.035,24.04,819.0,BTU
2023-10-30 13:01:00,24.005,24.03,23.995,24.03,4849.0,BTU
2023-10-30 13:00:00,23.995,24.005,23.995,24.005,2199.0,BTU
2023-10-30 12:59:00,23.99,23.995,23.99,23.995,1410.0,BTU
2023-10-30 12:58:00,23.97,23.99,23.97,23.99,3190.0,BTU
2023-10-30 12:57:00,23.985,23.985,23.97,23.975,1643.0,BTU
2023-10-30 12:56:00,24.001,24.001,23.98,23.98,3611.0,BTU
2023-10-30 12:55:00,24.0,24.005,24.0,24.0,897.0,BTU
2023-10-30 12:54:00,24.005,24.005,24.0,24.0,552.0,BTU
2023-10-30 12:53:00,24.0,24.0,24.0,24.0,718.0,BTU
2023-10-30 12:52:00,23.99,24.015,23.99,24.01,3326.0,BTU
2023-10-30 12:51:00,24.015,24.015,24.0,24.0,2597.0,BTU
2023-10-30 12:50:00,24.01,24.015,24.0,24.01,2731.0,BTU
2023-10-30 12:49:00,24.002,24.02,24.002,24.01,1248.0,BTU
2023-10-30 12:48:00,24.015,24.02,23.985,24.0,10066.0,BTU
2023-10-30 12:47:00,24.015,24.015,24.01,24.015,882.0,BTU
2023-10-30 12:46:00,24.015,24.02,24.01,24.015,7269.0,BTU
2023-10-30 12:45:00,24.015,24.02,24.01,24.015,2469.0,BTU
2023-10-30 12:44:00,24.012,24.02,24.01,24.015,1461.0,BTU
2023-10-30 12:43:00,24.012,24.02,24.012,24.012,1669.0,BTU
2023-10-30 12:42:00,24.0,24.015,24.0,24.015,2957.0,BTU
2023-10-30 12:41:00,24.05,24.05,24.01,24.01,1074.0,BTU
2023-10-30 12:40:00,24.05,24.05,24.045,24.05,1300.0,BTU
2023-10-30 12:39:00,24.06,24.06,24.03,24.05,13046.0,BTU
2023-10-30 12:38:00,24.07,24.075,24.07,24.07,1821.0,BTU
2023-10-30 12:37:00,24.11,24.11,24.08,24.08,3962.0,BTU
2023-10-30 12:36:00,24.105,24.13,24.105,24.11,2132.0,BTU
2023-10-30 12:35:00,24.08,24.11,24.08,24.11,2987.0,BTU
2023-10-30 12:34:00,24.075,24.075,24.07,24.07,495.0,BTU
2023-10-30 12:33:00,24.07,24.075,24.07,24.075,752.0,BTU
2023-10-30 12:32:00,24.09,24.09,24.09,24.09,1052.0,BTU
2023-10-30 12:31:00,24.08,24.09,24.07,24.09,1829.0,BTU
2023-10-30 12:30:00,24.074,24.095,24.07,24.075,3855.0,BTU
2023-10-30 12:29:00,24.075,24.075,24.065,24.07,5507.0,BTU
2023-10-30 12:28:00,24.08,24.08,24.06,24.07,3063.0,BTU
2023-10-30 12:27:00,24.095,24.1,24.09,24.09,658.0,BTU
2023-10-30 12:26:00,24.13,24.13,24.09,24.095,2894.0,BTU
2023-10-30 12:25:00,24.125,24.125,24.11,24.12,4270.0,BTU
2023-10-30 12:24:00,24.12,24.12,24.11,24.12,5414.0,BTU
2023-10-30 12:23:00,24.11,24.12,24.105,24.115,4851.0,BTU
2023-10-30 12:22:00,24.11,24.12,24.11,24.115,2095.0,BTU
2023-10-30 12:21:00,24.105,24.12,24.105,24.12,4248.0,BTU
2023-10-30 12:20:00,24.105,24.105,24.105,24.105,479.0,BTU
2023-10-30 12:19:00,24.1,24.11,24.09,24.105,2997.0,BTU
2023-10-30 12:18:00,24.12,24.13,24.12,24.12,3794.0,BTU
2023-10-30 12:17:00,24.13,24.13,24.11,24.115,1559.0,BTU
2023-10-30 12:16:00,24.17,24.17,24.15,24.15,1517.0,BTU
2023-10-30 12:15:00,24.15,24.18,24.15,24.175,4204.0,BTU
2023-10-30 12:14:00,24.175,24.175,24.15,24.155,1327.0,BTU
2023-10-30 12:13:00,24.16,24.18,24.16,24.175,3425.0,BTU
2023-10-30 12:12:00,24.17,24.18,24.16,24.16,1953.0,BTU
2023-10-30 12:11:00,24.165,24.18,24.165,24.17,3440.0,BTU
2023-10-30 12:10:00,24.165,24.165,24.165,24.165,459.0,BTU
2023-10-30 12:09:00,24.131,24.16,24.13,24.16,6617.0,BTU
2023-10-30 12:08:00,24.11,24.14,24.11,24.135,1141.0,BTU
2023-10-30 12:07:00,24.065,24.11,24.06,24.11,5298.0,BTU
2023-10-30 12:06:00,24.07,24.07,24.05,24.065,4602.0,BTU
2023-10-30 12:05:00,24.08,24.082,24.07,24.075,4330.0,BTU
2023-10-30 12:04:00,24.05,24.075,24.05,24.065,2717.0,BTU
2023-10-30 12:03:00,24.02,24.05,24.02,24.05,1264.0,BTU
2023-10-30 12:02:00,23.955,24.01,23.95,24.01,6998.0,BTU
2023-10-30 12:01:00,23.95,23.955,23.95,23.95,5056.0,BTU
2023-10-30 12:00:00,23.95,23.955,23.945,23.955,2367.0,BTU
2023-10-30 11:59:00,23.95,23.95,23.94,23.945,711.0,BTU
2023-10-30 11:58:00,23.89,23.94,23.89,23.94,4637.0,BTU
2023-10-30 11:57:00,23.92,23.93,23.9,23.9,6921.0,BTU
2023-10-30 11:56:00,23.9,23.925,23.9,23.92,2288.0,BTU
2023-10-30 11:55:00,23.885,23.905,23.885,23.9,2966.0,BTU
2023-10-30 11:54:00,23.87,23.885,23.87,23.885,3036.0,BTU
2023-10-30 11:53:00,23.9,23.9,23.865,23.87,7522.0,BTU
2023-10-30 11:52:00,23.935,23.935,23.86,23.9,25992.0,BTU
2023-10-30 11:51:00,23.965,23.965,23.915,23.94,8943.0,BTU
2023-10-30 11:50:00,23.96,23.965,23.94,23.95,132405.0,BTU
2023-10-30 11:49:00,23.925,23.965,23.92,23.965,6361.0,BTU
2023-10-30 11:48:00,23.94,23.94,23.919,23.925,11102.0,BTU
2023-10-30 11:47:00,23.91,23.955,23.905,23.945,18752.0,BTU
2023-10-30 11:46:00,23.92,23.92,23.91,23.915,463.0,BTU
2023-10-30 11:45:00,23.93,23.94,23.92,23.92,8612.0,BTU
2023-10-30 11:44:00,23.93,23.935,23.93,23.935,4074.0,BTU
2023-10-30 11:43:00,23.93,23.935,23.93,23.93,3936.0,BTU
2023-10-30 11:42:00,23.93,23.935,23.925,23.935,3212.0,BTU
2023-10-30 11:41:00,23.935,23.94,23.935,23.94,1806.0,BTU
2023-10-30 11:40:00,23.97,23.97,23.94,23.94,2534.0,BTU
2023-10-30 11:39:00,23.96,23.98,23.96,23.975,2414.0,BTU
2023-10-30 11:38:00,23.94,23.97,23.93,23.955,14885.0,BTU
2023-10-30 11:37:00,23.95,23.955,23.94,23.94,28734.0,BTU
2023-10-30 11:36:00,23.965,23.965,23.945,23.95,5243.0,BTU
2023-10-30 11:35:00,23.95,23.965,23.945,23.965,8953.0,BTU
2023-10-30 11:34:00,23.955,23.97,23.95,23.96,2152.0,BTU
2023-10-30 11:33:00,23.95,23.955,23.945,23.955,13064.0,BTU
2023-10-30 11:32:00,23.94,23.96,23.93,23.945,3713.0,BTU
2023-10-30 11:31:00,23.925,23.94,23.925,23.94,2529.0,BTU
2023-10-30 11:30:00,23.96,23.96,23.92,23.93,6568.0,BTU
2023-10-30 11:29:00,23.93,23.96,23.91,23.96,10275.0,BTU
2023-10-30 11:28:00,23.935,23.935,23.92,23.93,4415.0,BTU
2023-10-30 11:27:00,23.96,23.965,23.93,23.933,6839.0,BTU
2023-10-30 11:26:00,23.98,23.98,23.96,23.965,6529.0,BTU
2023-10-30 11:25:00,23.975,23.985,23.975,23.985,3040.0,BTU
2023-10-30 11:24:00,23.98,23.98,23.965,23.97,1336.0,BTU
2023-10-30 11:23:00,23.955,23.965,23.945,23.965,2665.0,BTU
2023-10-30 11:22:00,23.95,23.96,23.915,23.96,23129.0,BTU
2023-10-30 11:21:00,23.96,23.96,23.955,23.955,3511.0,BTU
2023-10-30 11:20:00,23.995,23.995,23.96,23.96,3039.0,BTU
2023-10-30 11:19:00,23.975,24.0,23.96,23.995,9130.0,BTU
2023-10-30 11:18:00,23.965,23.974,23.96,23.97,2875.0,BTU
2023-10-30 11:17:00,23.99,23.992,23.97,23.97,6633.0,BTU
2023-10-30 11:16:00,24.035,24.04,23.985,24.0,14297.0,BTU
2023-10-30 11:15:00,24.02,24.035,24.02,24.031,11087.0,BTU
2023-10-30 11:14:00,24.03,24.055,24.01,24.03,4369.0,BTU
2023-10-30 11:13:00,24.03,24.045,24.015,24.03,3444.0,BTU
2023-10-30 11:12:00,24.0,24.04,23.975,24.04,9357.0,BTU
2023-10-30 11:11:00,24.005,24.005,24.0,24.0,1061.0,BTU
2023-10-30 11:10:00,23.985,24.005,23.98,24.005,61000.0,BTU
2023-10-30 11:09:00,23.97,23.985,23.965,23.98,9376.0,BTU
2023-10-30 11:08:00,23.955,23.98,23.95,23.97,7635.0,BTU
2023-10-30 11:07:00,23.925,23.95,23.92,23.95,3657.0,BTU
2023-10-30 11:06:00,23.99,23.99,23.92,23.922,10698.0,BTU
2023-10-30 11:05:00,24.0,24.02,23.99,23.99,2609.0,BTU
2023-10-30 11:04:00,24.0,24.02,24.0,24.005,2952.0,BTU
2023-10-30 11:03:00,23.98,24.0,23.98,23.99,1425.0,BTU
2023-10-30 11:02:00,23.96,23.99,23.955,23.98,5262.0,BTU
2023-10-30 11:01:00,24.0,24.0,23.96,23.96,4125.0,BTU
2023-10-30 11:00:00,23.98,24.01,23.98,24.01,4449.0,BTU
2023-10-30 10:59:00,24.01,24.01,23.96,23.98,4701.0,BTU
2023-10-30 10:58:00,24.005,24.025,24.005,24.005,5318.0,BTU
2023-10-30 10:57:00,23.98,24.01,23.97,24.005,7149.0,BTU
2023-10-30 10:56:00,23.98,23.995,23.98,23.98,5736.0,BTU
2023-10-30 10:55:00,23.97,23.98,23.96,23.97,3117.0,BTU
2023-10-30 10:54:00,23.95,23.98,23.94,23.975,9430.0,BTU
2023-10-30 10:53:00,23.95,23.96,23.94,23.96,3800.0,BTU
2023-10-30 10:52:00,23.95,23.95,23.93,23.945,6475.0,BTU
2023-10-30 10:51:00,23.995,23.995,23.96,23.96,7780.0,BTU
2023-10-30 10:50:00,23.935,23.985,23.935,23.985,6110.0,BTU
2023-10-30 10:49:00,23.92,23.945,23.9,23.935,11714.0,BTU
2023-10-30 10:48:00,23.94,23.945,23.93,23.94,6381.0,BTU
2023-10-30 10:47:00,23.95,23.95,23.93,23.94,4046.0,BTU
2023-10-30 10:46:00,23.99,23.99,23.96,23.96,6194.0,BTU
2023-10-30 10:45:00,23.955,23.995,23.925,23.995,12978.0,BTU
2023-10-30 10:44:00,24.01,24.015,23.96,23.961,11497.0,BTU
2023-10-30 10:43:00,24.02,24.025,23.99,24.005,8767.0,BTU
2023-10-30 10:42:00,24.05,24.05,24.02,24.025,5298.0,BTU
2023-10-30 10:41:00,24.022,24.055,24.01,24.055,4396.0,BTU
2023-10-30 10:40:00,24.05,24.05,24.02,24.021,3018.0,BTU
2023-10-30 10:39:00,24.035,24.06,24.035,24.055,11663.0,BTU
2023-10-30 10:38:00,24.025,24.035,24.02,24.03,5752.0,BTU
2023-10-30 10:37:00,24.02,24.025,24.02,24.025,2260.0,BTU
2023-10-30 10:36:00,24.04,24.04,24.02,24.025,4401.0,BTU
2023-10-30 10:35:00,24.07,24.07,24.035,24.05,4428.0,BTU
2023-10-30 10:34:00,24.09,24.1,24.07,24.07,7309.0,BTU
2023-10-30 10:33:00,24.075,24.13,24.07,24.1,8721.0,BTU
2023-10-30 10:32:00,24.07,24.075,24.04,24.075,5578.0,BTU
2023-10-30 10:31:00,24.074,24.078,24.07,24.075,3926.0,BTU
2023-10-30 10:30:00,24.12,24.12,24.07,24.07,9527.0,BTU
2023-10-30 10:29:00,24.13,24.17,24.125,24.145,6780.0,BTU
2023-10-30 10:28:00,24.12,24.135,24.11,24.125,8974.0,BTU
2023-10-30 10:27:00,24.16,24.16,24.12,24.12,6959.0,BTU
2023-10-30 10:26:00,24.21,24.21,24.15,24.165,8112.0,BTU
2023-10-30 10:25:00,24.27,24.28,24.2,24.2,18328.0,BTU
2023-10-30 10:24:00,24.16,24.3,24.155,24.27,50705.0,BTU
2023-10-30 10:23:00,24.07,24.16,24.06,24.115,45849.0,BTU
2023-10-30 10:22:00,24.07,24.1,24.06,24.08,6081.0,BTU
2023-10-30 10:21:00,24.06,24.08,24.06,24.08,4152.0,BTU
2023-10-30 10:20:00,24.06,24.086,24.04,24.065,5534.0,BTU
2023-10-30 10:19:00,24.063,24.11,24.06,24.08,4155.0,BTU
2023-10-30 10:18:00,24.13,24.13,24.04,24.06,10466.0,BTU
2023-10-30 10:17:00,24.154,24.16,24.13,24.132,5046.0,BTU
2023-10-30 10:16:00,24.11,24.18,24.11,24.16,11442.0,BTU
2023-10-30 10:15:00,24.11,24.16,24.1,24.11,24209.0,BTU
2023-10-30 10:14:00,24.08,24.13,24.08,24.11,4689.0,BTU
2023-10-30 10:13:00,24.15,24.15,24.08,24.1,6272.0,BTU
2023-10-30 10:12:00,24.17,24.17,24.09,24.13,13122.0,BTU
2023-10-30 10:11:00,24.27,24.28,24.18,24.18,9603.0,BTU
2023-10-30 10:10:00,24.26,24.27,24.25,24.27,12083.0,BTU
2023-10-30 10:09:00,24.34,24.34,24.27,24.27,18014.0,BTU
2023-10-30 10:08:00,24.345,24.35,24.32,24.35,3339.0,BTU
2023-10-30 10:07:00,24.36,24.38,24.345,24.345,7820.0,BTU
2023-10-30 10:06:00,24.38,24.385,24.36,24.36,5245.0,BTU
2023-10-30 10:05:00,24.43,24.445,24.39,24.39,5306.0,BTU
2023-10-30 10:04:00,24.45,24.45,24.42,24.43,4025.0,BTU
2023-10-30 10:03:00,24.36,24.46,24.36,24.445,4627.0,BTU
2023-10-30 10:02:00,24.4,24.42,24.37,24.37,4700.0,BTU
2023-10-30 10:01:00,24.39,24.41,24.37,24.39,4992.0,BTU
2023-10-30 10:00:00,24.35,24.4,24.34,24.39,5502.0,BTU
2023-10-30 09:59:00,24.31,24.355,24.31,24.355,13990.0,BTU
2023-10-30 09:58:00,24.34,24.34,24.295,24.32,7057.0,BTU
2023-10-30 09:57:00,24.385,24.385,24.33,24.33,5887.0,BTU
2023-10-30 09:56:00,24.36,24.41,24.35,24.38,4703.0,BTU
2023-10-30 09:55:00,24.4,24.42,24.36,24.36,9456.0,BTU
2023-10-30 09:54:00,24.47,24.47,24.42,24.42,5450.0,BTU
2023-10-30 09:53:00,24.36,24.43,24.36,24.43,3869.0,BTU
2023-10-30 09:52:00,24.38,24.4,24.37,24.37,3587.0,BTU
2023-10-30 09:51:00,24.43,24.46,24.39,24.39,6511.0,BTU
2023-10-30 09:50:00,24.46,24.465,24.42,24.43,5782.0,BTU
2023-10-30 09:49:00,24.41,24.45,24.41,24.45,5573.0,BTU
2023-10-30 09:48:00,24.361,24.42,24.361,24.41,4761.0,BTU
2023-10-30 09:47:00,24.26,24.38,24.26,24.38,14077.0,BTU
2023-10-30 09:46:00,24.29,24.35,24.24,24.25,9740.0,BTU
2023-10-30 09:45:00,24.43,24.45,24.31,24.32,15599.0,BTU
2023-10-30 09:44:00,24.4,24.47,24.4,24.45,13506.0,BTU
2023-10-30 09:43:00,24.46,24.46,24.432,24.432,2060.0,BTU
2023-10-30 09:42:00,24.489,24.545,24.44,24.45,15116.0,BTU
2023-10-30 09:41:00,24.59,24.6,24.48,24.5,33439.0,BTU
2023-10-30 09:40:00,24.59,24.645,24.54,24.57,28873.0,BTU
2023-10-30 09:39:00,24.67,24.68,24.54,24.58,52982.0,BTU
2023-10-30 09:38:00,24.76,24.76,24.665,24.67,5784.0,BTU
2023-10-30 09:37:00,24.73,24.76,24.68,24.73,20352.0,BTU
2023-10-30 09:36:00,24.77,24.84,24.73,24.73,5926.0,BTU
2023-10-30 09:35:00,24.8,24.84,24.78,24.78,2472.0,BTU
2023-10-30 09:34:00,24.8,24.86,24.75,24.8,5095.0,BTU
2023-10-30 09:33:00,24.88,24.897,24.82,24.84,4723.0,BTU
2023-10-30 09:32:00,24.85,24.944,24.85,24.945,44463.0,BTU
2023-10-30 09:29:00,24.82,24.82,24.82,24.82,1.0,BTU
2023-10-30 09:19:00,25.09,25.09,25.09,25.09,10.0,BTU
2023-10-30 08:03:00,24.82,24.82,24.82,24.82,1.0,BTU
2023-10-27 19:33:00,24.84,24.84,24.84,24.84,50.0,BTU
2023-10-27 19:14:00,25.0,25.0,25.0,25.0,2.0,BTU
2023-10-27 19:05:00,24.84,24.84,24.84,24.84,1.0,BTU
2023-10-27 19:00:00,24.82,24.82,24.82,24.82,248710.0,BTU
2023-10-27 18:58:00,24.84,24.84,24.84,24.841,6.0,BTU
2023-10-27 18:45:00,24.84,24.84,24.84,24.84,430.0,BTU
2023-10-27 18:30:00,24.82,24.82,24.82,24.82,248710.0,BTU
2023-10-27 18:17:00,24.84,24.84,24.84,24.84,2.0,BTU
2023-10-27 18:13:00,24.84,24.84,24.84,24.84,1.0,BTU
2023-10-27 17:50:00,24.84,24.84,24.84,24.84,6.0,BTU
2023-10-27 17:22:00,24.84,24.84,24.84,24.84,150.0,BTU
2023-10-27 17:01:00,24.82,24.82,24.82,24.82,12425.0,BTU
2023-10-27 16:24:00,24.8,24.8,24.8,24.8,10.0,BTU
2023-10-27 16:20:00,24.82,24.82,24.82,24.82,488.0,BTU
2023-10-27 16:10:00,24.82,24.82,24.82,24.82,248710.0,BTU
2023-10-27 16:06:00,24.82,24.82,24.82,24.82,44.0,BTU
2023-10-27 16:01:00,24.82,24.82,24.82,24.82,196.0,BTU
2023-10-27 16:00:00,24.82,24.825,24.81,24.82,538804.0,BTU
2023-10-27 15:59:00,24.755,24.83,24.75,24.82,86078.0,BTU
2023-10-27 15:58:00,24.751,24.8,24.745,24.75,73779.0,BTU
2023-10-27 15:57:00,24.775,24.78,24.75,24.75,27138.0,BTU
2023-10-27 15:56:00,24.785,24.79,24.755,24.76,50947.0,BTU
2023-10-27 15:55:00,24.795,24.83,24.78,24.785,49057.0,BTU
2023-10-27 15:54:00,24.79,24.82,24.79,24.8,22877.0,BTU
2023-10-27 15:53:00,24.87,24.87,24.775,24.79,34497.0,BTU
2023-10-27 15:52:00,24.88,24.88,24.86,24.875,24996.0,BTU
2023-10-27 15:51:00,24.865,24.889,24.86,24.889,39237.0,BTU
2023-10-27 15:50:00,24.88,24.88,24.85,24.865,13137.0,BTU
2023-10-27 15:49:00,24.865,24.895,24.86,24.885,15793.0,BTU
2023-10-27 15:48:00,24.855,24.875,24.855,24.865,11151.0,BTU
2023-10-27 15:47:00,24.875,24.895,24.85,24.855,13917.0,BTU
2023-10-27 15:46:00,24.92,24.92,24.865,24.875,17333.0,BTU
2023-10-27 15:45:00,24.9,24.92,24.895,24.91,18409.0,BTU
2023-10-27 15:44:00,24.9,24.905,24.885,24.895,12134.0,BTU
2023-10-27 15:43:00,24.9,24.91,24.9,24.905,3695.0,BTU
2023-10-27 15:42:00,24.925,24.93,24.9,24.905,10029.0,BTU
2023-10-27 15:41:00,24.919,24.93,24.915,24.92,6492.0,BTU
2023-10-27 15:40:00,24.94,24.94,24.91,24.92,7308.0,BTU
2023-10-27 15:39:00,24.94,24.955,24.94,24.945,4943.0,BTU
2023-10-27 15:38:00,24.965,24.965,24.94,24.945,3013.0,BTU
2023-10-27 15:37:00,24.99,24.995,24.97,24.97,4265.0,BTU
2023-10-27 15:36:00,24.97,24.98,24.965,24.98,6392.0,BTU
2023-10-27 15:35:00,24.98,24.985,24.96,24.97,3865.0,BTU
2023-10-27 15:34:00,24.99,25.005,24.98,24.98,16511.0,BTU
2023-10-27 15:33:00,24.97,24.985,24.965,24.985,3499.0,BTU
2023-10-27 15:32:00,24.945,24.97,24.94,24.97,11349.0,BTU
2023-10-27 15:31:00,24.925,24.948,24.92,24.94,13360.0,BTU
2023-10-27 15:30:00,24.889,24.925,24.88,24.925,19068.0,BTU
2023-10-27 15:29:00,24.925,24.925,24.89,24.89,12883.0,BTU
2023-10-27 15:28:00,24.895,24.925,24.895,24.925,8093.0,BTU
2023-10-27 15:27:00,24.905,24.905,24.89,24.895,5861.0,BTU
2023-10-27 15:26:00,24.945,24.945,24.89,24.905,12102.0,BTU
2023-10-27 15:25:00,24.97,24.98,24.945,24.945,10917.0,BTU
2023-10-27 15:24:00,24.955,24.97,24.955,24.96,3599.0,BTU
2023-10-27 15:23:00,24.96,24.97,24.96,24.96,2902.0,BTU
2023-10-27 15:22:00,24.94,24.955,24.935,24.95,6516.0,BTU
2023-10-27 15:21:00,24.95,24.95,24.94,24.94,4632.0,BTU
2023-10-27 15:20:00,24.925,24.95,24.915,24.95,8899.0,BTU
2023-10-27 15:19:00,24.91,24.925,24.9,24.925,5659.0,BTU
2023-10-27 15:18:00,24.895,24.91,24.895,24.91,3989.0,BTU
2023-10-27 15:17:00,24.895,24.9,24.89,24.89,2144.0,BTU
2023-10-27 15:16:00,24.915,24.915,24.885,24.9,10563.0,BTU
2023-10-27 15:15:00,24.915,24.92,24.907,24.92,2410.0,BTU
2023-10-27 15:14:00,24.92,24.925,24.91,24.91,6255.0,BTU
2023-10-27 15:13:00,24.91,24.92,24.91,24.915,1785.0,BTU
2023-10-27 15:12:00,24.865,24.905,24.86,24.905,5900.0,BTU
2023-10-27 15:11:00,24.92,24.92,24.87,24.87,10120.0,BTU
2023-10-27 15:10:00,24.915,24.92,24.91,24.92,857.0,BTU
2023-10-27 15:09:00,24.905,24.925,24.9,24.91,9399.0,BTU
2023-10-27 15:08:00,24.905,24.91,24.9,24.905,1335.0,BTU
2023-10-27 15:07:00,24.9,24.9,24.895,24.9,2662.0,BTU
2023-10-27 15:06:00,24.975,24.975,24.915,24.915,7689.0,BTU
2023-10-27 15:05:00,24.97,24.98,24.96,24.975,4334.0,BTU
2023-10-27 15:04:00,24.985,24.99,24.98,24.98,3389.0,BTU
2023-10-27 15:03:00,24.98,24.99,24.97,24.99,4460.0,BTU
2023-10-27 15:02:00,24.96,24.98,24.96,24.975,3594.0,BTU
2023-10-27 15:01:00,24.95,24.97,24.95,24.97,4717.0,BTU
2023-10-27 15:00:00,24.945,24.95,24.94,24.95,4262.0,BTU
2023-10-27 14:59:00,24.94,24.945,24.93,24.935,3589.0,BTU
2023-10-27 14:58:00,24.94,24.945,24.94,24.94,3468.0,BTU
2023-10-27 14:57:00,24.94,24.945,24.93,24.93,5001.0,BTU
2023-10-27 14:56:00,24.94,24.94,24.94,24.94,1551.0,BTU
2023-10-27 14:55:00,24.96,24.96,24.94,24.94,3392.0,BTU
2023-10-27 14:54:00,24.96,24.965,24.95,24.96,5108.0,BTU
2023-10-27 14:53:00,24.98,24.98,24.96,24.96,2727.0,BTU
2023-10-27 14:52:00,24.965,24.98,24.96,24.98,1482.0,BTU
2023-10-27 14:51:00,24.96,24.965,24.955,24.96,2235.0,BTU
2023-10-27 14:50:00,24.98,24.98,24.96,24.96,1620.0,BTU
2023-10-27 14:49:00,24.99,25.0,24.98,24.99,5331.0,BTU
2023-10-27 14:48:00,24.99,25.005,24.98,24.99,8005.0,BTU
2023-10-27 14:47:00,24.995,24.995,24.982,24.982,563.0,BTU
2023-10-27 14:46:00,24.99,24.99,24.985,24.99,2804.0,BTU
2023-10-27 14:45:00,24.965,24.99,24.965,24.985,7113.0,BTU
2023-10-27 14:44:00,24.96,24.965,24.925,24.96,12684.0,BTU
2023-10-27 14:43:00,24.95,24.96,24.95,24.96,2911.0,BTU
2023-10-27 14:42:00,24.98,24.98,24.95,24.95,5831.0,BTU
2023-10-27 14:41:00,24.95,24.985,24.95,24.985,3267.0,BTU
2023-10-27 14:40:00,25.0,25.0,24.95,24.95,5928.0,BTU
2023-10-27 14:39:00,25.0,25.0,24.995,25.0,1785.0,BTU
2023-10-27 14:38:00,24.97,25.005,24.97,25.0,2942.0,BTU
2023-10-27 14:37:00,24.97,24.97,24.96,24.97,2113.0,BTU
2023-10-27 14:36:00,24.99,25.0,24.98,24.98,7787.0,BTU
2023-10-27 14:35:00,24.98,24.99,24.98,24.99,5385.0,BTU
2023-10-27 14:34:00,24.959,24.98,24.959,24.98,2567.0,BTU
2023-10-27 14:33:00,24.93,24.955,24.93,24.955,3630.0,BTU
2023-10-27 14:32:00,24.95,24.965,24.93,24.93,5337.0,BTU
2023-10-27 14:31:00,24.94,24.95,24.94,24.95,2031.0,BTU
2023-10-27 14:30:00,24.93,24.935,24.92,24.935,988.0,BTU
2023-10-27 14:29:00,24.935,24.94,24.93,24.935,4295.0,BTU
2023-10-27 14:28:00,24.95,24.95,24.93,24.94,2590.0,BTU
2023-10-27 14:27:00,24.95,24.955,24.94,24.95,4859.0,BTU
2023-10-27 14:26:00,24.92,24.94,24.92,24.94,2871.0,BTU
2023-10-27 14:25:00,24.92,24.92,24.91,24.915,1384.0,BTU
2023-10-27 14:24:00,24.96,24.97,24.915,24.929,8061.0,BTU
2023-10-27 14:23:00,24.92,24.965,24.92,24.965,3271.0,BTU
2023-10-27 14:22:00,24.91,24.915,24.91,24.915,2332.0,BTU
2023-10-27 14:21:00,24.91,24.915,24.91,24.91,2905.0,BTU
2023-10-27 14:20:00,24.89,24.905,24.89,24.905,1309.0,BTU
2023-10-27 14:19:00,24.87,24.88,24.863,24.88,4530.0,BTU
2023-10-27 14:18:00,24.87,24.88,24.865,24.87,8642.0,BTU
2023-10-27 14:17:00,24.865,24.865,24.85,24.865,3754.0,BTU
2023-10-27 14:16:00,24.85,24.855,24.82,24.855,4931.0,BTU
2023-10-27 14:15:00,24.87,24.875,24.855,24.855,12074.0,BTU
2023-10-27 14:14:00,24.87,24.875,24.86,24.87,6068.0,BTU
2023-10-27 14:13:00,24.885,24.9,24.87,24.885,4895.0,BTU
2023-10-27 14:12:00,24.875,24.89,24.875,24.89,4306.0,BTU
2023-10-27 14:11:00,24.88,24.88,24.86,24.88,11623.0,BTU
2023-10-27 14:10:00,24.9,24.91,24.88,24.88,1647.0,BTU
2023-10-27 14:09:00,24.91,24.91,24.89,24.9,2048.0,BTU
2023-10-27 14:08:00,24.91,24.91,24.9,24.91,983.0,BTU
2023-10-27 14:07:00,24.91,24.93,24.905,24.905,8059.0,BTU
2023-10-27 14:06:00,24.89,24.905,24.88,24.905,4085.0,BTU
2023-10-27 14:05:00,24.935,24.935,24.89,24.89,5057.0,BTU
2023-10-27 14:04:00,24.92,24.93,24.91,24.93,5318.0,BTU
2023-10-27 14:03:00,24.93,24.93,24.91,24.92,6192.0,BTU
2023-10-27 14:02:00,24.91,24.92,24.905,24.92,3366.0,BTU
2023-10-27 14:01:00,24.905,24.905,24.9,24.905,1772.0,BTU
2023-10-27 14:00:00,24.93,24.94,24.9,24.91,5412.0,BTU
2023-10-27 13:59:00,24.9,24.925,24.89,24.925,4585.0,BTU
2023-10-27 13:58:00,24.925,24.925,24.9,24.9,3992.0,BTU
2023-10-27 13:57:00,24.93,24.94,24.92,24.92,4559.0,BTU
2023-10-27 13:56:00,24.935,24.94,24.93,24.93,3190.0,BTU
2023-10-27 13:55:00,24.88,24.925,24.88,24.92,4312.0,BTU
2023-10-27 13:54:00,24.88,24.88,24.875,24.875,4295.0,BTU
2023-10-27 13:53:00,24.89,24.9,24.88,24.885,3772.0,BTU
2023-10-27 13:52:00,24.865,24.89,24.865,24.89,3432.0,BTU
2023-10-27 13:51:00,24.85,24.87,24.85,24.87,2140.0,BTU
2023-10-27 13:50:00,24.855,24.86,24.85,24.86,2796.0,BTU
2023-10-27 13:49:00,24.86,24.86,24.84,24.845,5708.0,BTU
2023-10-27 13:48:00,24.882,24.882,24.87,24.87,1006.0,BTU
2023-10-27 13:47:00,24.92,24.92,24.88,24.88,3759.0,BTU
2023-10-27 13:46:00,24.904,24.915,24.89,24.91,7099.0,BTU
2023-10-27 13:45:00,24.905,24.905,24.905,24.905,298.0,BTU
2023-10-27 13:44:00,24.89,24.905,24.89,24.905,526.0,BTU
2023-10-27 13:43:00,24.89,24.895,24.875,24.885,2837.0,BTU
2023-10-27 13:42:00,24.89,24.89,24.89,24.89,983.0,BTU
2023-10-27 13:41:00,24.9,24.9,24.88,24.885,2527.0,BTU
2023-10-27 13:40:00,24.9,24.9,24.89,24.89,1690.0,BTU
2023-10-27 13:39:00,24.905,24.915,24.9,24.9,2307.0,BTU
2023-10-27 13:38:00,24.865,24.905,24.865,24.895,3012.0,BTU
2023-10-27 13:37:00,24.86,24.865,24.86,24.865,1100.0,BTU
2023-10-27 13:36:00,24.88,24.89,24.85,24.86,6350.0,BTU
2023-10-27 13:35:00,24.89,24.91,24.89,24.895,5619.0,BTU
2023-10-27 13:34:00,24.855,24.89,24.85,24.89,4124.0,BTU
2023-10-27 13:33:00,24.83,24.845,24.83,24.845,891.0,BTU
2023-10-27 13:32:00,24.825,24.845,24.825,24.83,2373.0,BTU
2023-10-27 13:31:00,24.79,24.825,24.79,24.825,2490.0,BTU
2023-10-27 13:30:00,24.81,24.835,24.775,24.78,6250.0,BTU
2023-10-27 13:29:00,24.8,24.815,24.8,24.815,2090.0,BTU
2023-10-27 13:28:00,24.85,24.85,24.79,24.79,14363.0,BTU
2023-10-27 13:27:00,24.84,24.85,24.84,24.85,1297.0,BTU
2023-10-27 13:26:00,24.82,24.835,24.815,24.835,3111.0,BTU
2023-10-27 13:25:00,24.82,24.82,24.81,24.81,632.0,BTU
2023-10-27 13:24:00,24.79,24.8,24.79,24.8,3266.0,BTU
2023-10-27 13:23:00,24.765,24.78,24.765,24.78,2865.0,BTU
2023-10-27 13:22:00,24.81,24.81,24.78,24.78,3573.0,BTU
2023-10-27 13:21:00,24.8,24.8,24.775,24.8,2448.0,BTU
2023-10-27 13:20:00,24.8,24.82,24.8,24.81,6381.0,BTU
2023-10-27 13:19:00,24.77,24.795,24.77,24.795,2294.0,BTU
2023-10-27 13:18:00,24.758,24.78,24.75,24.77,10186.0,BTU
2023-10-27 13:17:00,24.75,24.755,24.735,24.755,3571.0,BTU
2023-10-27 13:16:00,24.79,24.79,24.76,24.76,4159.0,BTU
2023-10-27 13:15:00,24.815,24.815,24.79,24.79,3597.0,BTU
2023-10-27 13:14:00,24.805,24.82,24.8,24.81,7658.0,BTU
2023-10-27 13:13:00,24.805,24.81,24.8,24.805,4746.0,BTU
2023-10-27 13:12:00,24.85,24.85,24.8,24.8,2092.0,BTU
2023-10-27 13:11:00,24.81,24.85,24.81,24.847,6579.0,BTU
2023-10-27 13:10:00,24.82,24.82,24.805,24.82,2423.0,BTU
2023-10-27 13:09:00,24.83,24.83,24.83,24.83,1251.0,BTU
2023-10-27 13:08:00,24.85,24.85,24.825,24.84,6203.0,BTU
2023-10-27 13:07:00,24.885,24.89,24.85,24.85,6701.0,BTU
2023-10-27 13:06:00,24.905,24.905,24.885,24.89,4922.0,BTU
2023-10-27 13:05:00,24.96,24.96,24.9,24.9,5875.0,BTU
2023-10-27 13:04:00,24.95,24.98,24.95,24.975,4603.0,BTU
2023-10-27 13:03:00,24.989,24.989,24.96,24.96,2122.0,BTU
2023-10-27 13:02:00,24.95,24.985,24.95,24.98,4196.0,BTU
2023-10-27 13:01:00,24.925,24.945,24.925,24.945,2821.0,BTU
2023-10-27 13:00:00,24.9,24.935,24.9,24.925,3525.0,BTU
2023-10-27 12:59:00,24.89,24.905,24.875,24.905,2753.0,BTU
2023-10-27 12:58:00,24.91,24.91,24.891,24.9,3248.0,BTU
2023-10-27 12:57:00,24.93,24.935,24.89,24.915,6682.0,BTU
2023-10-27 12:56:00,24.93,24.955,24.93,24.93,2664.0,BTU
2023-10-27 12:55:00,24.955,24.97,24.945,24.955,13536.0,BTU
2023-10-27 12:54:00,24.955,24.96,24.945,24.955,4176.0,BTU
2023-10-27 12:53:00,24.97,24.97,24.95,24.96,1177.0,BTU
2023-10-27 12:52:00,24.985,24.985,24.98,24.98,1645.0,BTU
2023-10-27 12:51:00,25.03,25.03,24.955,24.99,15262.0,BTU
2023-10-27 12:50:00,25.01,25.04,25.01,25.03,6808.0,BTU
2023-10-27 12:49:00,25.005,25.02,25.0,25.02,6315.0,BTU
2023-10-27 12:48:00,25.01,25.01,24.99,24.995,2657.0,BTU
2023-10-27 12:47:00,25.02,25.02,25.01,25.01,2862.0,BTU
2023-10-27 12:46:00,25.03,25.03,25.02,25.02,1238.0,BTU
2023-10-27 12:45:00,25.08,25.09,25.05,25.06,4423.0,BTU
2023-10-27 12:44:00,25.075,25.08,25.075,25.08,579.0,BTU
2023-10-27 12:43:00,25.08,25.08,25.07,25.075,839.0,BTU
2023-10-27 12:42:00,25.11,25.12,25.09,25.09,4766.0,BTU
2023-10-27 12:41:00,25.11,25.11,25.1,25.11,1458.0,BTU
2023-10-27 12:40:00,25.15,25.155,25.1,25.1,4470.0,BTU
2023-10-27 12:39:00,25.12,25.16,25.12,25.16,2470.0,BTU
2023-10-27 12:38:00,25.09,25.11,25.09,25.11,2875.0,BTU
2023-10-27 12:37:00,25.05,25.087,25.05,25.087,3501.0,BTU
2023-10-27 12:36:00,25.03,25.04,24.995,25.04,6124.0,BTU
2023-10-27 12:35:00,25.095,25.095,25.03,25.03,8052.0,BTU
2023-10-27 12:34:00,25.09,25.1,25.08,25.095,5749.0,BTU
2023-10-27 12:33:00,25.09,25.09,25.08,25.08,1231.0,BTU
2023-10-27 12:32:00,25.135,25.135,25.08,25.09,6811.0,BTU
2023-10-27 12:31:00,25.15,25.155,25.111,25.135,10862.0,BTU
2023-10-27 12:30:00,25.17,25.17,25.135,25.145,18042.0,BTU
2023-10-27 12:29:00,25.17,25.195,25.17,25.18,10056.0,BTU
2023-10-27 12:28:00,25.197,25.197,25.16,25.16,2641.0,BTU
2023-10-27 12:27:00,25.19,25.2,25.18,25.2,7895.0,BTU
2023-10-27 12:26:00,25.245,25.245,25.21,25.21,4134.0,BTU
2023-10-27 12:25:00,25.24,25.25,25.24,25.245,1931.0,BTU
2023-10-27 12:24:00,25.24,25.25,25.22,25.23,7589.0,BTU
2023-10-27 12:23:00,25.23,25.24,25.23,25.23,1566.0,BTU
2023-10-27 12:22:00,25.17,25.23,25.17,25.229,5848.0,BTU
2023-10-27 12:21:00,25.181,25.181,25.16,25.16,1560.0,BTU
2023-10-27 12:20:00,25.19,25.2,25.181,25.187,4911.0,BTU
2023-10-27 12:19:00,25.16,25.2,25.16,25.19,6274.0,BTU
2023-10-27 12:18:00,25.08,25.17,25.08,25.16,11922.0,BTU
2023-10-27 12:17:00,25.1,25.106,25.08,25.08,1732.0,BTU
2023-10-27 12:16:00,25.13,25.135,25.07,25.1,24803.0,BTU
2023-10-27 12:15:00,25.22,25.22,25.12,25.12,35142.0,BTU
2023-10-27 12:14:00,25.28,25.29,25.22,25.22,8906.0,BTU
2023-10-27 12:13:00,25.28,25.28,25.27,25.28,1283.0,BTU
2023-10-27 12:12:00,25.3,25.305,25.285,25.285,4458.0,BTU
2023-10-27 12:11:00,25.29,25.31,25.29,25.3,3453.0,BTU
2023-10-27 12:10:00,25.28,25.29,25.275,25.275,3991.0,BTU
2023-10-27 12:09:00,25.291,25.295,25.275,25.275,1710.0,BTU
2023-10-27 12:08:00,25.28,25.29,25.28,25.29,1723.0,BTU
2023-10-27 12:07:00,25.259,25.29,25.259,25.275,5872.0,BTU
2023-10-27 12:06:00,25.23,25.26,25.23,25.25,10280.0,BTU
2023-10-27 12:05:00,25.195,25.23,25.195,25.23,2392.0,BTU
2023-10-27 12:04:00,25.2,25.2,25.175,25.195,10007.0,BTU
2023-10-27 12:03:00,25.21,25.22,25.2,25.201,2229.0,BTU
2023-10-27 12:02:00,25.25,25.26,25.22,25.22,2676.0,BTU
2023-10-27 12:01:00,25.26,25.26,25.245,25.26,8678.0,BTU
2023-10-27 12:00:00,25.31,25.31,25.27,25.27,2807.0,BTU
2023-10-27 11:59:00,25.33,25.33,25.31,25.31,2451.0,BTU
2023-10-27 11:58:00,25.285,25.33,25.285,25.33,5621.0,BTU
2023-10-27 11:57:00,25.27,25.29,25.27,25.29,7513.0,BTU
2023-10-27 11:56:00,25.27,25.275,25.25,25.265,4446.0,BTU
2023-10-27 11:55:00,25.292,25.295,25.28,25.285,5835.0,BTU
2023-10-27 11:54:00,25.29,25.295,25.28,25.295,6233.0,BTU
2023-10-27 11:53:00,25.288,25.29,25.28,25.281,1381.0,BTU
2023-10-27 11:52:00,25.28,25.29,25.28,25.28,4100.0,BTU
2023-10-27 11:51:00,25.25,25.29,25.25,25.29,3024.0,BTU
2023-10-27 11:50:00,25.245,25.25,25.245,25.245,1287.0,BTU
2023-10-27 11:49:00,25.22,25.26,25.22,25.25,7203.0,BTU
2023-10-27 11:48:00,25.23,25.23,25.225,25.23,4731.0,BTU
2023-10-27 11:47:00,25.185,25.23,25.18,25.225,5037.0,BTU
2023-10-27 11:46:00,25.2,25.21,25.19,25.2,1650.0,BTU
2023-10-27 11:45:00,25.23,25.23,25.2,25.2,1659.0,BTU
2023-10-27 11:44:00,25.22,25.23,25.212,25.23,6066.0,BTU
2023-10-27 11:43:00,25.22,25.24,25.22,25.225,3903.0,BTU
2023-10-27 11:42:00,25.2,25.215,25.19,25.21,8587.0,BTU
2023-10-27 11:41:00,25.18,25.19,25.175,25.19,4255.0,BTU
2023-10-27 11:40:00,25.16,25.19,25.155,25.17,8211.0,BTU
2023-10-27 11:39:00,25.15,25.15,25.14,25.15,5919.0,BTU
2023-10-27 11:38:00,25.12,25.14,25.12,25.14,3921.0,BTU
2023-10-27 11:37:00,25.1,25.13,25.1,25.12,6973.0,BTU
2023-10-27 11:36:00,25.089,25.09,25.089,25.09,2533.0,BTU
2023-10-27 11:35:00,25.08,25.09,25.072,25.09,6867.0,BTU
2023-10-27 11:34:00,25.03,25.07,25.03,25.07,3217.0,BTU
2023-10-27 11:33:00,25.0,25.08,25.0,25.03,23747.0,BTU
2023-10-27 11:32:00,24.97,24.998,24.97,24.993,4214.0,BTU
2023-10-27 11:31:00,24.95,24.97,24.94,24.97,4587.0,BTU
2023-10-27 11:30:00,24.92,24.94,24.92,24.94,2708.0,BTU
2023-10-27 11:29:00,24.91,24.92,24.9,24.915,2914.0,BTU
2023-10-27 11:28:00,24.93,24.93,24.915,24.915,2003.0,BTU
2023-10-27 11:27:00,24.98,24.98,24.94,24.94,4252.0,BTU
2023-10-27 11:26:00,24.99,24.995,24.96,24.98,9727.0,BTU
2023-10-27 11:25:00,24.965,24.985,24.965,24.985,3386.0,BTU
2023-10-27 11:24:00,24.97,24.98,24.96,24.965,3821.0,BTU
2023-10-27 11:23:00,24.968,24.97,24.96,24.97,2610.0,BTU
2023-10-27 11:22:00,24.94,24.96,24.94,24.96,4945.0,BTU
2023-10-27 11:21:00,24.92,24.94,24.92,24.932,14384.0,BTU
2023-10-27 11:20:00,24.9,24.94,24.9,24.92,7843.0,BTU
2023-10-27 11:19:00,24.86,24.9,24.85,24.9,7357.0,BTU
2023-10-27 11:18:00,24.88,24.88,24.87,24.87,4269.0,BTU
2023-10-27 11:17:00,24.865,24.88,24.85,24.88,8894.0,BTU
2023-10-27 11:16:00,24.86,24.875,24.855,24.869,3882.0,BTU
2023-10-27 11:15:00,24.84,24.86,24.825,24.86,7773.0,BTU
2023-10-27 11:14:00,24.79,24.84,24.79,24.83,6020.0,BTU
2023-10-27 11:13:00,24.74,24.78,24.74,24.78,1359.0,BTU
2023-10-27 11:12:00,24.715,24.745,24.715,24.735,4324.0,BTU
2023-10-27 11:11:00,24.74,24.74,24.715,24.715,1449.0,BTU
2023-10-27 11:10:00,24.74,24.745,24.715,24.745,10787.0,BTU
2023-10-27 11:09:00,24.72,24.74,24.72,24.74,3417.0,BTU
2023-10-27 11:08:00,24.675,24.7,24.655,24.7,4268.0,BTU
2023-10-27 11:07:00,24.64,24.67,24.64,24.665,6169.0,BTU
2023-10-27 11:06:00,24.64,24.655,24.64,24.65,7262.0,BTU
2023-10-27 11:05:00,24.625,24.64,24.62,24.64,1031.0,BTU
2023-10-27 11:04:00,24.62,24.65,24.61,24.63,8438.0,BTU
2023-10-27 11:03:00,24.63,24.635,24.63,24.63,1229.0,BTU
2023-10-27 11:02:00,24.631,24.645,24.625,24.63,7379.0,BTU
2023-10-27 11:01:00,24.64,24.645,24.635,24.635,3868.0,BTU
2023-10-27 11:00:00,24.631,24.645,24.631,24.64,3769.0,BTU
2023-10-27 10:59:00,24.61,24.635,24.61,24.63,5409.0,BTU
2023-10-27 10:58:00,24.625,24.625,24.6,24.605,3350.0,BTU
2023-10-27 10:57:00,24.63,24.64,24.62,24.62,3702.0,BTU
2023-10-27 10:56:00,24.65,24.655,24.63,24.63,4251.0,BTU
2023-10-27 10:55:00,24.62,24.63,24.59,24.63,4256.0,BTU
2023-10-27 10:54:00,24.615,24.615,24.6,24.615,2561.0,BTU
2023-10-27 10:53:00,24.63,24.63,24.61,24.62,4910.0,BTU
2023-10-27 10:52:00,24.635,24.66,24.63,24.655,15104.0,BTU
2023-10-27 10:51:00,24.613,24.632,24.6,24.632,3628.0,BTU
2023-10-27 10:50:00,24.6,24.62,24.6,24.615,2585.0,BTU
2023-10-27 10:49:00,24.61,24.61,24.58,24.6,4962.0,BTU
2023-10-27 10:48:00,24.56,24.605,24.56,24.605,4015.0,BTU
2023-10-27 10:47:00,24.595,24.595,24.57,24.57,7514.0,BTU
2023-10-27 10:46:00,24.55,24.605,24.55,24.6,7048.0,BTU
2023-10-27 10:45:00,24.53,24.555,24.525,24.55,3878.0,BTU
2023-10-27 10:44:00,24.525,24.54,24.505,24.522,4630.0,BTU
2023-10-27 10:43:00,24.575,24.575,24.52,24.525,11075.0,BTU
2023-10-27 10:42:00,24.615,24.625,24.57,24.57,7803.0,BTU
2023-10-27 10:41:00,24.57,24.615,24.57,24.615,5267.0,BTU
2023-10-27 10:40:00,24.54,24.57,24.54,24.56,4965.0,BTU
2023-10-27 10:39:00,24.58,24.58,24.55,24.552,3095.0,BTU
2023-10-27 10:38:00,24.62,24.62,24.58,24.605,11293.0,BTU
2023-10-27 10:37:00,24.63,24.645,24.603,24.61,16849.0,BTU
2023-10-27 10:36:00,24.685,24.685,24.62,24.63,12357.0,BTU
2023-10-27 10:35:00,24.67,24.7,24.67,24.69,4152.0,BTU
2023-10-27 10:34:00,24.73,24.74,24.665,24.68,19095.0,BTU
2023-10-27 10:33:00,24.73,24.77,24.73,24.74,9565.0,BTU
2023-10-27 10:32:00,24.74,24.75,24.725,24.74,6079.0,BTU
2023-10-27 10:31:00,24.8,24.807,24.72,24.735,18098.0,BTU
2023-10-27 10:30:00,24.76,24.8,24.75,24.79,8640.0,BTU
2023-10-27 10:29:00,24.78,24.8,24.77,24.77,7451.0,BTU
2023-10-27 10:28:00,24.785,24.8,24.781,24.785,260478.0,BTU
2023-10-27 10:27:00,24.74,24.77,24.74,24.77,4748.0,BTU
2023-10-27 10:26:00,24.78,24.78,24.73,24.73,3888.0,BTU
2023-10-27 10:25:00,24.8,24.8,24.75,24.78,3235.0,BTU
2023-10-27 10:24:00,24.82,24.82,24.77,24.81,9701.0,BTU
2023-10-27 10:23:00,24.78,24.8,24.76,24.8,5154.0,BTU
2023-10-27 10:22:00,24.81,24.82,24.79,24.79,12820.0,BTU
2023-10-27 10:21:00,24.76,24.81,24.76,24.809,6177.0,BTU
2023-10-27 10:20:00,24.75,24.76,24.74,24.75,3707.0,BTU
2023-10-27 10:19:00,24.72,24.75,24.707,24.73,8544.0,BTU
2023-10-27 10:18:00,24.68,24.715,24.68,24.71,5881.0,BTU
2023-10-27 10:17:00,24.66,24.67,24.653,24.653,3981.0,BTU
2023-10-27 10:16:00,24.627,24.64,24.6,24.64,8104.0,BTU
2023-10-27 10:15:00,24.65,24.65,24.59,24.63,8217.0,BTU
2023-10-27 10:14:00,24.66,24.665,24.645,24.66,4560.0,BTU
2023-10-27 10:13:00,24.65,24.66,24.61,24.66,11706.0,BTU
2023-10-27 10:12:00,24.63,24.65,24.63,24.65,5667.0,BTU
2023-10-27 10:11:00,24.63,24.64,24.62,24.625,4228.0,BTU
2023-10-27 10:10:00,24.59,24.63,24.59,24.62,7949.0,BTU
2023-10-27 10:09:00,24.61,24.62,24.588,24.588,5520.0,BTU
2023-10-27 10:08:00,24.61,24.61,24.57,24.61,6161.0,BTU
2023-10-27 10:07:00,24.55,24.6,24.55,24.6,4364.0,BTU
2023-10-27 10:06:00,24.55,24.57,24.54,24.553,5566.0,BTU
2023-10-27 10:05:00,24.48,24.55,24.48,24.55,4490.0,BTU
2023-10-27 10:04:00,24.449,24.5,24.44,24.48,30973.0,BTU
2023-10-27 10:03:00,24.43,24.485,24.42,24.45,16503.0,BTU
2023-10-27 10:02:00,24.49,24.5,24.43,24.43,9063.0,BTU
2023-10-27 10:01:00,24.61,24.62,24.51,24.51,5128.0,BTU
2023-10-27 10:00:00,24.609,24.635,24.57,24.62,3607.0,BTU
2023-10-27 09:59:00,24.585,24.61,24.58,24.58,2227.0,BTU
2023-10-27 09:58:00,24.67,24.67,24.59,24.59,5828.0,BTU
2023-10-27 09:57:00,24.69,24.69,24.657,24.68,9790.0,BTU
2023-10-27 09:56:00,24.62,24.69,24.62,24.69,5263.0,BTU
2023-10-27 09:55:00,24.615,24.63,24.61,24.62,6958.0,BTU
2023-10-27 09:54:00,24.55,24.62,24.55,24.6,12035.0,BTU
2023-10-27 09:53:00,24.57,24.57,24.537,24.537,4581.0,BTU
2023-10-27 09:52:00,24.515,24.59,24.515,24.572,15102.0,BTU
2023-10-27 09:51:00,24.52,24.535,24.5,24.52,12038.0,BTU
2023-10-27 09:50:00,24.47,24.52,24.47,24.51,7124.0,BTU
2023-10-27 09:49:00,24.457,24.47,24.45,24.47,11096.0,BTU
2023-10-27 09:48:00,24.35,24.47,24.34,24.47,9361.0,BTU
2023-10-27 09:47:00,24.33,24.35,24.31,24.35,3663.0,BTU
2023-10-27 09:46:00,24.27,24.345,24.27,24.34,3075.0,BTU
2023-10-27 09:45:00,24.34,24.39,24.27,24.29,12962.0,BTU
2023-10-27 09:44:00,24.37,24.37,24.31,24.35,11606.0,BTU
2023-10-27 09:43:00,24.365,24.37,24.35,24.37,3651.0,BTU
2023-10-27 09:42:00,24.4,24.41,24.365,24.365,8919.0,BTU
2023-10-27 09:41:00,24.39,24.45,24.37,24.42,9181.0,BTU
2023-10-27 09:40:00,24.4,24.4,24.37,24.4,5526.0,BTU
2023-10-27 09:39:00,24.33,24.41,24.32,24.41,10553.0,BTU
2023-10-27 09:38:00,24.32,24.36,24.31,24.333,9859.0,BTU
2023-10-27 09:37:00,24.36,24.41,24.34,24.34,4586.0,BTU
2023-10-27 09:36:00,24.38,24.38,24.31,24.35,9367.0,BTU
2023-10-27 09:35:00,24.42,24.42,24.3,24.36,15057.0,BTU
2023-10-27 09:34:00,24.449,24.5,24.44,24.445,3979.0,BTU
2023-10-27 09:33:00,24.44,24.48,24.4,24.45,16253.0,BTU
2023-10-27 09:32:00,24.455,24.6,24.406,24.47,16323.0,BTU
2023-10-27 09:31:00,24.56,24.56,24.45,24.47,10332.0,BTU
2023-10-27 09:30:00,24.15,24.5,23.98,24.5,51119.0,BTU
2023-10-27 09:29:00,23.88,24.03,23.88,24.03,1561.0,BTU
2023-10-27 09:14:00,23.89,23.89,23.89,23.89,10.0,BTU
2023-10-27 09:13:00,23.88,23.89,23.88,23.89,600.0,BTU
2023-10-27 08:52:00,23.89,23.89,23.89,23.89,400.0,BTU
2023-10-27 08:30:00,23.56,23.56,23.56,23.56,7400.0,BTU
2023-10-27 08:24:00,24.38,24.38,24.38,24.38,197.0,BTU
2023-10-27 08:23:00,23.7,23.7,23.65,23.7,374.0,BTU
2023-10-27 08:18:00,23.7,23.7,23.7,23.7,210.0,BTU
2023-10-27 08:10:00,23.34,23.34,23.34,23.34,100.0,BTU
2023-10-27 08:06:00,23.6,23.6,23.6,23.6,1.0,BTU
2023-10-27 07:58:00,23.65,23.65,23.65,23.65,1.0,BTU
2023-10-27 07:39:00,23.65,23.65,23.65,23.65,1.0,BTU
2023-10-27 07:03:00,23.65,23.65,23.65,23.65,1.0,BTU
2023-10-26 19:40:00,23.5,23.5,23.5,23.5,1.0,BTU
2023-10-26 19:02:00,23.5,23.5,23.5,23.5,9.0,BTU
2023-10-26 19:00:00,23.75,23.75,23.75,23.75,729398.0,BTU
2023-10-26 18:30:00,23.75,23.75,23.75,23.75,729398.0,BTU
2023-10-26 17:34:00,23.9,23.9,23.9,23.9,42.0,BTU
2023-10-26 17:00:00,23.54,23.54,23.54,23.54,2.0,BTU
2023-10-26 16:50:00,23.75,23.75,23.75,23.75,239148.0,BTU
2023-10-26 16:21:00,23.68,23.68,23.65,23.65,1114.0,BTU
2023-10-26 16:10:00,23.75,23.75,23.75,23.75,729398.0,BTU
2023-10-26 16:08:00,23.66,23.66,23.65,23.65,501.0,BTU
2023-10-26 16:02:00,23.75,23.75,23.75,23.75,5902.0,BTU
2023-10-26 16:01:00,23.75,23.75,23.75,23.75,1494727.0,BTU
2023-10-26 16:00:00,23.75,23.75,23.75,23.75,300.0,BTU
2023-10-26 15:59:00,23.765,23.81,23.74,23.75,210015.0,BTU
2023-10-26 15:58:00,23.785,23.79,23.75,23.77,54093.0,BTU
2023-10-26 15:57:00,23.75,23.795,23.75,23.785,52804.0,BTU
2023-10-26 15:56:00,23.812,23.83,23.75,23.755,64828.0,BTU
2023-10-26 15:55:00,23.8,23.835,23.79,23.816,44439.0,BTU
2023-10-26 15:54:00,23.89,23.89,23.801,23.801,56798.0,BTU
2023-10-26 15:53:00,23.9,23.91,23.89,23.895,39174.0,BTU
2023-10-26 15:52:00,23.89,23.9,23.871,23.9,30111.0,BTU
2023-10-26 15:51:00,23.88,23.89,23.87,23.89,25702.0,BTU
2023-10-26 15:50:00,23.84,23.88,23.825,23.875,39951.0,BTU
2023-10-26 15:49:00,23.8,23.85,23.8,23.85,21675.0,BTU
2023-10-26 15:48:00,23.835,23.84,23.78,23.795,22931.0,BTU
2023-10-26 15:47:00,23.84,23.845,23.825,23.845,17417.0,BTU
2023-10-26 15:46:00,23.835,23.855,23.83,23.845,19911.0,BTU
2023-10-26 15:45:00,23.805,23.845,23.79,23.84,21444.0,BTU
2023-10-26 15:44:00,23.795,23.805,23.77,23.805,26603.0,BTU
2023-10-26 15:43:00,23.79,23.8,23.79,23.79,9796.0,BTU
2023-10-26 15:42:00,23.765,23.785,23.755,23.785,15440.0,BTU
2023-10-26 15:41:00,23.75,23.775,23.73,23.765,33374.0,BTU
2023-10-26 15:40:00,23.72,23.765,23.7,23.75,21642.0,BTU
2023-10-26 15:39:00,23.745,23.745,23.72,23.72,8607.0,BTU
2023-10-26 15:38:00,23.74,23.745,23.735,23.745,6849.0,BTU
2023-10-26 15:37:00,23.75,23.755,23.725,23.74,11836.0,BTU
2023-10-26 15:36:00,23.77,23.775,23.75,23.75,7879.0,BTU
2023-10-26 15:35:00,23.79,23.79,23.765,23.77,13468.0,BTU
2023-10-26 15:34:00,23.755,23.8,23.755,23.8,16570.0,BTU
2023-10-26 15:33:00,23.8,23.81,23.755,23.755,13146.0,BTU
2023-10-26 15:32:00,23.841,23.845,23.8,23.8,3652.0,BTU
2023-10-26 15:31:00,23.785,23.84,23.785,23.84,19723.0,BTU
2023-10-26 15:30:00,23.805,23.815,23.78,23.785,24965.0,BTU
2023-10-26 15:29:00,23.805,23.805,23.8,23.805,1707.0,BTU
2023-10-26 15:28:00,23.79,23.805,23.79,23.805,4312.0,BTU
2023-10-26 15:27:00,23.79,23.8,23.78,23.8,7525.0,BTU
2023-10-26 15:26:00,23.81,23.81,23.78,23.79,5557.0,BTU
2023-10-26 15:25:00,23.84,23.85,23.82,23.82,6292.0,BTU
2023-10-26 15:24:00,23.91,23.91,23.85,23.85,4274.0,BTU
2023-10-26 15:23:00,23.93,23.93,23.91,23.91,2808.0,BTU
2023-10-26 15:22:00,23.962,23.965,23.93,23.94,5115.0,BTU
2023-10-26 15:21:00,24.03,24.03,23.95,23.975,16727.0,BTU
2023-10-26 15:20:00,24.035,24.035,24.03,24.03,1707.0,BTU
2023-10-26 15:19:00,24.03,24.031,24.03,24.031,747.0,BTU
2023-10-26 15:18:00,24.02,24.045,24.02,24.03,5656.0,BTU
2023-10-26 15:17:00,23.98,24.02,23.98,24.02,6487.0,BTU
2023-10-26 15:16:00,23.98,23.985,23.98,23.98,4726.0,BTU
2023-10-26 15:15:00,23.975,23.975,23.965,23.975,7213.0,BTU
2023-10-26 15:14:00,24.0,24.0,23.973,23.975,2675.0,BTU
2023-10-26 15:13:00,24.035,24.035,24.0,24.0,5393.0,BTU
2023-10-26 15:12:00,24.045,24.05,24.035,24.035,5381.0,BTU
2023-10-26 15:11:00,24.04,24.05,24.03,24.045,5749.0,BTU
2023-10-26 15:10:00,24.055,24.055,24.04,24.04,4682.0,BTU
2023-10-26 15:09:00,24.06,24.067,24.05,24.055,4430.0,BTU
2023-10-26 15:08:00,24.035,24.065,24.035,24.06,4028.0,BTU
2023-10-26 15:07:00,24.04,24.04,24.03,24.03,4309.0,BTU
2023-10-26 15:06:00,24.036,24.04,23.995,24.035,17377.0,BTU
2023-10-26 15:05:00,24.045,24.045,24.035,24.035,2345.0,BTU
2023-10-26 15:04:00,24.04,24.045,24.025,24.04,6904.0,BTU
2023-10-26 15:03:00,24.06,24.06,24.035,24.035,5745.0,BTU
2023-10-26 15:02:00,24.045,24.065,24.04,24.065,4339.0,BTU
2023-10-26 15:01:00,24.025,24.045,24.02,24.045,7231.0,BTU
2023-10-26 15:00:00,23.99,24.03,23.99,24.02,9287.0,BTU
2023-10-26 14:59:00,24.005,24.005,23.99,23.99,6078.0,BTU
2023-10-26 14:58:00,23.995,24.01,23.995,24.005,3561.0,BTU
2023-10-26 14:57:00,23.975,24.005,23.975,23.995,10248.0,BTU
2023-10-26 14:56:00,23.985,23.985,23.975,23.975,2365.0,BTU
2023-10-26 14:55:00,23.969,23.985,23.969,23.985,3758.0,BTU
2023-10-26 14:54:00,23.96,23.965,23.96,23.965,2039.0,BTU
2023-10-26 14:53:00,23.93,23.965,23.93,23.96,6529.0,BTU
2023-10-26 14:52:00,23.935,23.94,23.935,23.935,1982.0,BTU
2023-10-26 14:51:00,23.915,23.935,23.915,23.935,3541.0,BTU
2023-10-26 14:50:00,23.865,23.915,23.865,23.915,9468.0,BTU
2023-10-26 14:49:00,23.855,23.875,23.855,23.865,5842.0,BTU
2023-10-26 14:48:00,23.86,23.86,23.85,23.852,2348.0,BTU
2023-10-26 14:47:00,23.88,23.89,23.86,23.86,7302.0,BTU
2023-10-26 14:46:00,23.855,23.88,23.855,23.855,7715.0,BTU
2023-10-26 14:45:00,23.815,23.855,23.815,23.855,13095.0,BTU
2023-10-26 14:44:00,23.825,23.825,23.813,23.82,6291.0,BTU
2023-10-26 14:43:00,23.805,23.825,23.805,23.825,3087.0,BTU
2023-10-26 14:42:00,23.805,23.805,23.805,23.805,917.0,BTU
2023-10-26 14:41:00,23.8,23.8,23.775,23.8,8902.0,BTU
2023-10-26 14:40:00,23.795,23.8,23.795,23.8,2372.0,BTU
2023-10-26 14:39:00,23.82,23.82,23.79,23.79,3012.0,BTU
2023-10-26 14:38:00,23.815,23.835,23.815,23.82,2769.0,BTU
2023-10-26 14:37:00,23.795,23.815,23.795,23.815,4147.0,BTU
2023-10-26 14:36:00,23.78,23.81,23.78,23.8,6765.0,BTU
2023-10-26 14:35:00,23.775,23.78,23.77,23.775,2159.0,BTU
2023-10-26 14:34:00,23.795,23.795,23.77,23.775,3239.0,BTU
2023-10-26 14:33:00,23.805,23.82,23.795,23.795,7579.0,BTU
2023-10-26 14:32:00,23.747,23.795,23.747,23.795,6924.0,BTU
2023-10-26 14:31:00,23.73,23.745,23.73,23.745,3521.0,BTU
2023-10-26 14:30:00,23.743,23.75,23.73,23.73,3034.0,BTU
2023-10-26 14:29:00,23.75,23.755,23.745,23.745,3699.0,BTU
2023-10-26 14:28:00,23.735,23.755,23.735,23.755,3725.0,BTU
2023-10-26 14:27:00,23.74,23.74,23.735,23.735,1390.0,BTU
2023-10-26 14:26:00,23.76,23.78,23.745,23.745,3866.0,BTU
2023-10-26 14:25:00,23.765,23.795,23.765,23.77,4808.0,BTU
2023-10-26 14:24:00,23.76,23.765,23.76,23.76,5110.0,BTU
2023-10-26 14:23:00,23.75,23.755,23.749,23.755,1304.0,BTU
2023-10-26 14:22:00,23.73,23.745,23.73,23.745,3597.0,BTU
2023-10-26 14:21:00,23.77,23.775,23.72,23.72,5889.0,BTU
2023-10-26 14:20:00,23.805,23.815,23.78,23.78,7335.0,BTU
2023-10-26 14:19:00,23.83,23.83,23.81,23.815,2390.0,BTU
2023-10-26 14:18:00,23.83,23.835,23.805,23.835,7624.0,BTU
2023-10-26 14:17:00,23.865,23.865,23.84,23.84,1236.0,BTU
2023-10-26 14:16:00,23.91,23.92,23.88,23.88,4184.0,BTU
2023-10-26 14:15:00,23.92,23.935,23.909,23.909,6380.0,BTU
2023-10-26 14:14:00,23.915,23.915,23.915,23.915,626.0,BTU
2023-10-26 14:13:00,23.89,23.915,23.88,23.9,12151.0,BTU
2023-10-26 14:12:00,23.9,23.905,23.89,23.9,6514.0,BTU
2023-10-26 14:11:00,23.895,23.915,23.89,23.905,6494.0,BTU
2023-10-26 14:10:00,23.86,23.9,23.86,23.9,3921.0,BTU
2023-10-26 14:09:00,23.86,23.86,23.851,23.851,2309.0,BTU
2023-10-26 14:08:00,23.861,23.875,23.861,23.87,3359.0,BTU
2023-10-26 14:07:00,23.845,23.865,23.841,23.865,3237.0,BTU
2023-10-26 14:06:00,23.815,23.85,23.815,23.848,3928.0,BTU
2023-10-26 14:05:00,23.77,23.81,23.77,23.81,3463.0,BTU
2023-10-26 14:04:00,23.765,23.77,23.75,23.767,4290.0,BTU
2023-10-26 14:03:00,23.76,23.775,23.76,23.765,2170.0,BTU
2023-10-26 14:02:00,23.71,23.755,23.71,23.75,4190.0,BTU
2023-10-26 14:01:00,23.7,23.72,23.69,23.71,3841.0,BTU
2023-10-26 14:00:00,23.69,23.73,23.69,23.71,6312.0,BTU
2023-10-26 13:59:00,23.68,23.69,23.675,23.69,3314.0,BTU
2023-10-26 13:58:00,23.69,23.699,23.68,23.685,3169.0,BTU
2023-10-26 13:57:00,23.633,23.69,23.633,23.69,6420.0,BTU
2023-10-26 13:56:00,23.59,23.64,23.59,23.64,6562.0,BTU
2023-10-26 13:55:00,23.559,23.6,23.559,23.6,3155.0,BTU
2023-10-26 13:54:00,23.555,23.57,23.555,23.555,5449.0,BTU
2023-10-26 13:53:00,23.545,23.555,23.535,23.555,4101.0,BTU
2023-10-26 13:52:00,23.54,23.55,23.54,23.545,1791.0,BTU
2023-10-26 13:51:00,23.55,23.55,23.55,23.55,1845.0,BTU
2023-10-26 13:50:00,23.55,23.55,23.55,23.55,1750.0,BTU
2023-10-26 13:49:00,23.55,23.56,23.54,23.55,1717.0,BTU
2023-10-26 13:48:00,23.53,23.56,23.525,23.55,1525.0,BTU
2023-10-26 13:47:00,23.505,23.525,23.5,23.52,5471.0,BTU
2023-10-26 13:46:00,23.49,23.5,23.49,23.5,1766.0,BTU
2023-10-26 13:45:00,23.52,23.52,23.48,23.485,4037.0,BTU
2023-10-26 13:44:00,23.489,23.515,23.489,23.515,3362.0,BTU
2023-10-26 13:43:00,23.48,23.485,23.48,23.48,2674.0,BTU
2023-10-26 13:42:00,23.48,23.48,23.47,23.47,1275.0,BTU
2023-10-26 13:41:00,23.5,23.5,23.49,23.49,1534.0,BTU
2023-10-26 13:40:00,23.48,23.5,23.47,23.495,3418.0,BTU
2023-10-26 13:39:00,23.48,23.505,23.469,23.48,6620.0,BTU
2023-10-26 13:38:00,23.52,23.52,23.51,23.51,2292.0,BTU
2023-10-26 13:37:00,23.465,23.52,23.465,23.52,5678.0,BTU
2023-10-26 13:36:00,23.465,23.47,23.443,23.47,4257.0,BTU
2023-10-26 13:35:00,23.5,23.5,23.46,23.46,3346.0,BTU
2023-10-26 13:34:00,23.54,23.54,23.5,23.5,5100.0,BTU
2023-10-26 13:33:00,23.51,23.54,23.51,23.54,3524.0,BTU
2023-10-26 13:32:00,23.5,23.52,23.461,23.52,10437.0,BTU
2023-10-26 13:31:00,23.57,23.57,23.51,23.51,9927.0,BTU
2023-10-26 13:30:00,23.655,23.655,23.58,23.58,6781.0,BTU
2023-10-26 13:29:00,23.73,23.73,23.645,23.655,20472.0,BTU
2023-10-26 13:28:00,23.73,23.745,23.72,23.72,9447.0,BTU
2023-10-26 13:27:00,23.785,23.785,23.735,23.735,4474.0,BTU
2023-10-26 13:26:00,23.78,23.785,23.77,23.785,3464.0,BTU
2023-10-26 13:25:00,23.75,23.79,23.75,23.78,4064.0,BTU
2023-10-26 13:24:00,23.71,23.749,23.71,23.745,7895.0,BTU
2023-10-26 13:23:00,23.745,23.745,23.72,23.72,4980.0,BTU
2023-10-26 13:22:00,23.745,23.747,23.74,23.745,1337.0,BTU
2023-10-26 13:21:00,23.74,23.745,23.74,23.745,1455.0,BTU
2023-10-26 13:20:00,23.725,23.745,23.72,23.745,5832.0,BTU
2023-10-26 13:19:00,23.725,23.725,23.723,23.725,2921.0,BTU
2023-10-26 13:18:00,23.71,23.729,23.71,23.725,3489.0,BTU
2023-10-26 13:17:00,23.71,23.71,23.705,23.705,2185.0,BTU
2023-10-26 13:16:00,23.7,23.715,23.7,23.715,1403.0,BTU
2023-10-26 13:15:00,23.73,23.73,23.7,23.7,4396.0,BTU
2023-10-26 13:14:00,23.72,23.745,23.72,23.73,4916.0,BTU
2023-10-26 13:13:00,23.735,23.738,23.72,23.738,3196.0,BTU
2023-10-26 13:12:00,23.715,23.74,23.715,23.74,3472.0,BTU
2023-10-26 13:11:00,23.71,23.715,23.71,23.715,2463.0,BTU
2023-10-26 13:10:00,23.71,23.715,23.705,23.705,2741.0,BTU
2023-10-26 13:09:00,23.735,23.735,23.71,23.71,3354.0,BTU
2023-10-26 13:08:00,23.73,23.745,23.73,23.73,7400.0,BTU
2023-10-26 13:07:00,23.715,23.72,23.71,23.719,3278.0,BTU
2023-10-26 13:06:00,23.73,23.745,23.71,23.72,5402.0,BTU
2023-10-26 13:05:00,23.73,23.735,23.71,23.73,5403.0,BTU
2023-10-26 13:04:00,23.76,23.81,23.735,23.735,7090.0,BTU
2023-10-26 13:03:00,23.78,23.78,23.75,23.76,6399.0,BTU
2023-10-26 13:02:00,23.76,23.78,23.76,23.78,6784.0,BTU
2023-10-26 13:01:00,23.76,23.76,23.75,23.76,1145.0,BTU
2023-10-26 13:00:00,23.795,23.795,23.75,23.76,2239.0,BTU
2023-10-26 12:59:00,23.78,23.795,23.78,23.795,3132.0,BTU
2023-10-26 12:58:00,23.815,23.815,23.78,23.78,4019.0,BTU
2023-10-26 12:57:00,23.825,23.825,23.815,23.815,1139.0,BTU
2023-10-26 12:56:00,23.845,23.845,23.815,23.82,3199.0,BTU
2023-10-26 12:55:00,23.85,23.86,23.84,23.85,2151.0,BTU
2023-10-26 12:54:00,23.87,23.89,23.87,23.875,3798.0,BTU
2023-10-26 12:53:00,23.85,23.865,23.85,23.865,3043.0,BTU
2023-10-26 12:52:00,23.9,23.9,23.86,23.86,5930.0,BTU
2023-10-26 12:51:00,23.94,23.94,23.9,23.905,2755.0,BTU
2023-10-26 12:50:00,23.92,23.93,23.92,23.93,2679.0,BTU
2023-10-26 12:49:00,23.95,23.955,23.92,23.92,5745.0,BTU
2023-10-26 12:48:00,23.925,23.947,23.925,23.947,892.0,BTU
2023-10-26 12:47:00,23.89,23.91,23.87,23.91,3887.0,BTU
2023-10-26 12:46:00,23.88,23.895,23.87,23.89,4448.0,BTU
2023-10-26 12:45:00,23.925,23.925,23.9,23.9,3975.0,BTU
2023-10-26 12:44:00,23.925,23.935,23.92,23.92,5880.0,BTU
2023-10-26 12:43:00,23.9,23.93,23.9,23.93,4565.0,BTU
2023-10-26 12:42:00,23.88,23.92,23.88,23.91,3549.0,BTU
2023-10-26 12:41:00,23.84,23.88,23.84,23.88,3006.0,BTU
2023-10-26 12:40:00,23.84,23.845,23.82,23.83,9406.0,BTU
2023-10-26 12:39:00,23.8,23.85,23.8,23.84,8492.0,BTU
2023-10-26 12:38:00,23.77,23.8,23.76,23.8,3901.0,BTU
2023-10-26 12:37:00,23.75,23.785,23.745,23.785,6760.0,BTU
2023-10-26 12:36:00,23.76,23.77,23.74,23.749,5566.0,BTU
2023-10-26 12:35:00,23.69,23.76,23.69,23.76,12657.0,BTU
2023-10-26 12:34:00,23.63,23.685,23.63,23.68,6548.0,BTU
2023-10-26 12:33:00,23.65,23.65,23.63,23.63,2962.0,BTU
2023-10-26 12:32:00,23.665,23.685,23.645,23.65,15137.0,BTU
2023-10-26 12:31:00,23.64,23.675,23.64,23.67,7179.0,BTU
2023-10-26 12:30:00,23.63,23.65,23.615,23.64,4638.0,BTU
2023-10-26 12:29:00,23.605,23.64,23.601,23.635,6221.0,BTU
2023-10-26 12:28:00,23.57,23.62,23.57,23.605,6642.0,BTU
2023-10-26 12:27:00,23.53,23.575,23.53,23.57,3653.0,BTU
2023-10-26 12:26:00,23.58,23.58,23.52,23.52,2835.0,BTU
2023-10-26 12:25:00,23.55,23.58,23.55,23.58,1781.0,BTU
2023-10-26 12:24:00,23.6,23.605,23.545,23.55,5230.0,BTU
2023-10-26 12:23:00,23.63,23.63,23.59,23.605,5245.0,BTU
2023-10-26 12:22:00,23.66,23.66,23.57,23.63,72234.0,BTU
2023-10-26 12:21:00,23.71,23.71,23.655,23.655,5764.0,BTU
2023-10-26 12:20:00,23.71,23.74,23.705,23.715,35503.0,BTU
2023-10-26 12:19:00,23.695,23.715,23.695,23.71,4547.0,BTU
2023-10-26 12:18:00,23.71,23.735,23.69,23.69,7143.0,BTU
2023-10-26 12:17:00,23.675,23.705,23.675,23.7,6316.0,BTU
2023-10-26 12:16:00,23.665,23.695,23.665,23.68,6803.0,BTU
2023-10-26 12:15:00,23.67,23.68,23.668,23.67,3466.0,BTU
2023-10-26 12:14:00,23.66,23.675,23.65,23.67,4969.0,BTU
2023-10-26 12:13:00,23.67,23.72,23.63,23.64,14582.0,BTU
2023-10-26 12:12:00,23.695,23.695,23.68,23.68,2738.0,BTU
2023-10-26 12:11:00,23.735,23.735,23.69,23.7,7421.0,BTU
2023-10-26 12:10:00,23.735,23.74,23.73,23.735,3584.0,BTU
2023-10-26 12:09:00,23.74,23.76,23.74,23.74,26878.0,BTU
2023-10-26 12:08:00,23.76,23.76,23.65,23.74,11681.0,BTU
2023-10-26 12:07:00,23.79,23.8,23.76,23.765,12806.0,BTU
2023-10-26 12:06:00,23.805,23.805,23.775,23.78,26732.0,BTU
2023-10-26 12:05:00,23.89,23.89,23.74,23.81,14224.0,BTU
2023-10-26 12:04:00,23.92,23.94,23.87,23.888,19253.0,BTU
2023-10-26 12:03:00,23.925,23.93,23.92,23.925,4017.0,BTU
2023-10-26 12:02:00,23.92,23.94,23.92,23.93,1428.0,BTU
2023-10-26 12:01:00,23.92,23.94,23.912,23.93,23989.0,BTU
2023-10-26 12:00:00,23.93,23.945,23.905,23.92,21516.0,BTU
2023-10-26 11:59:00,23.99,23.99,23.91,23.93,10374.0,BTU
2023-10-26 11:58:00,24.05,24.05,23.99,23.99,4240.0,BTU
2023-10-26 11:57:00,24.02,24.05,24.01,24.05,4300.0,BTU
2023-10-26 11:56:00,23.999,24.03,23.995,24.016,5591.0,BTU
2023-10-26 11:55:00,23.96,23.99,23.96,23.99,4228.0,BTU
2023-10-26 11:54:00,23.965,23.98,23.955,23.96,4661.0,BTU
2023-10-26 11:53:00,23.975,23.975,23.96,23.965,4166.0,BTU
2023-10-26 11:52:00,24.055,24.055,23.98,23.98,5496.0,BTU
2023-10-26 11:51:00,24.04,24.055,24.035,24.055,4171.0,BTU
2023-10-26 11:50:00,24.06,24.06,24.04,24.04,4720.0,BTU
2023-10-26 11:49:00,24.08,24.095,24.06,24.06,4302.0,BTU
2023-10-26 11:48:00,24.065,24.09,24.065,24.085,5340.0,BTU
2023-10-26 11:47:00,24.055,24.07,24.02,24.055,9536.0,BTU
2023-10-26 11:46:00,24.06,24.07,24.055,24.055,4240.0,BTU
2023-10-26 11:45:00,24.05,24.065,24.05,24.06,2688.0,BTU
2023-10-26 11:44:00,24.06,24.07,24.04,24.04,6212.0,BTU
2023-10-26 11:43:00,24.01,24.065,24.006,24.061,5488.0,BTU
2023-10-26 11:42:00,24.035,24.04,24.01,24.01,5625.0,BTU
2023-10-26 11:41:00,24.06,24.07,24.02,24.03,7796.0,BTU
2023-10-26 11:40:00,24.01,24.035,24.0,24.035,5371.0,BTU
2023-10-26 11:39:00,24.04,24.06,24.01,24.015,5579.0,BTU
2023-10-26 11:38:00,23.985,24.035,23.985,24.035,4012.0,BTU
2023-10-26 11:37:00,23.96,23.995,23.96,23.98,4400.0,BTU
2023-10-26 11:36:00,23.945,23.97,23.945,23.96,4263.0,BTU
2023-10-26 11:35:00,23.94,23.965,23.935,23.95,3646.0,BTU
2023-10-26 11:34:00,23.903,23.959,23.903,23.945,8587.0,BTU
2023-10-26 11:33:00,23.83,23.92,23.83,23.905,7731.0,BTU
2023-10-26 11:32:00,23.83,23.83,23.81,23.825,7256.0,BTU
2023-10-26 11:31:00,23.78,23.82,23.78,23.82,2063.0,BTU
2023-10-26 11:30:00,23.8,23.8,23.78,23.78,1958.0,BTU
2023-10-26 11:29:00,23.84,23.848,23.8,23.8,8104.0,BTU
2023-10-26 11:28:00,23.78,23.865,23.78,23.84,9736.0,BTU
2023-10-26 11:27:00,23.77,23.77,23.76,23.769,1073.0,BTU
2023-10-26 11:26:00,23.745,23.78,23.73,23.772,10668.0,BTU
2023-10-26 11:25:00,23.74,23.775,23.74,23.755,13550.0,BTU
2023-10-26 11:24:00,23.77,23.77,23.74,23.75,7041.0,BTU
2023-10-26 11:23:00,23.85,23.86,23.77,23.78,9200.0,BTU
2023-10-26 11:22:00,23.86,23.89,23.86,23.86,9030.0,BTU
2023-10-26 11:21:00,23.91,23.925,23.86,23.86,4173.0,BTU
2023-10-26 11:20:00,23.988,23.99,23.917,23.925,6565.0,BTU
2023-10-26 11:19:00,24.005,24.03,23.99,24.0,5190.0,BTU
2023-10-26 11:18:00,24.065,24.065,23.99,24.0,15466.0,BTU
2023-10-26 11:17:00,24.07,24.1,24.04,24.061,11425.0,BTU
2023-10-26 11:16:00,23.98,24.06,23.97,24.06,6354.0,BTU
2023-10-26 11:15:00,23.95,23.97,23.91,23.96,7282.0,BTU
2023-10-26 11:14:00,24.05,24.05,23.96,24.01,12825.0,BTU
2023-10-26 11:13:00,24.06,24.14,24.06,24.07,7999.0,BTU
2023-10-26 11:12:00,23.99,24.05,23.98,24.05,18721.0,BTU
2023-10-26 11:11:00,24.02,24.05,23.99,24.0,27231.0,BTU
2023-10-26 11:10:00,23.98,24.03,23.965,24.028,18764.0,BTU
2023-10-26 11:09:00,23.86,23.97,23.83,23.97,28155.0,BTU
2023-10-26 11:08:00,23.8,23.85,23.785,23.85,10580.0,BTU
2023-10-26 11:07:00,23.67,23.8,23.67,23.799,24869.0,BTU
2023-10-26 11:06:00,23.59,23.668,23.585,23.66,10123.0,BTU
2023-10-26 11:05:00,23.545,23.585,23.545,23.585,1979.0,BTU
2023-10-26 11:04:00,23.55,23.55,23.53,23.545,8249.0,BTU
2023-10-26 11:03:00,23.5,23.56,23.5,23.56,5585.0,BTU
2023-10-26 11:02:00,23.51,23.51,23.48,23.49,5607.0,BTU
2023-10-26 11:01:00,23.52,23.54,23.5,23.515,10569.0,BTU
2023-10-26 11:00:00,23.55,23.55,23.5,23.52,8195.0,BTU
2023-10-26 10:59:00,23.52,23.56,23.5,23.556,9282.0,BTU
2023-10-26 10:58:00,23.56,23.56,23.51,23.52,16430.0,BTU
2023-10-26 10:57:00,23.58,23.58,23.54,23.57,5815.0,BTU
2023-10-26 10:56:00,23.6,23.635,23.585,23.6,5738.0,BTU
2023-10-26 10:55:00,23.57,23.59,23.545,23.59,5290.0,BTU
2023-10-26 10:54:00,23.58,23.6,23.55,23.56,11261.0,BTU
2023-10-26 10:53:00,23.65,23.67,23.575,23.59,13443.0,BTU
2023-10-26 10:52:00,23.72,23.73,23.66,23.66,7800.0,BTU
2023-10-26 10:51:00,23.745,23.745,23.7,23.74,7193.0,BTU
2023-10-26 10:50:00,23.79,23.8,23.73,23.745,8688.0,BTU
2023-10-26 10:49:00,23.8,23.84,23.77,23.78,5181.0,BTU
2023-10-26 10:48:00,23.92,23.92,23.8,23.8,14987.0,BTU
2023-10-26 10:47:00,23.89,23.94,23.89,23.91,25888.0,BTU
2023-10-26 10:46:00,23.78,23.85,23.76,23.84,13781.0,BTU
2023-10-26 10:45:00,23.865,23.865,23.78,23.795,7151.0,BTU
2023-10-26 10:44:00,23.82,23.87,23.77,23.859,19988.0,BTU
2023-10-26 10:43:00,23.865,23.865,23.81,23.81,10041.0,BTU
2023-10-26 10:42:00,23.825,23.865,23.81,23.865,19446.0,BTU
2023-10-26 10:41:00,23.87,23.87,23.82,23.825,8590.0,BTU
2023-10-26 10:40:00,23.82,23.875,23.82,23.86,6643.0,BTU
2023-10-26 10:39:00,23.68,23.81,23.68,23.81,22631.0,BTU
2023-10-26 10:38:00,23.7,23.72,23.67,23.67,11200.0,BTU
2023-10-26 10:37:00,23.72,23.74,23.67,23.69,9354.0,BTU
2023-10-26 10:36:00,23.65,23.72,23.64,23.72,13945.0,BTU
2023-10-26 10:35:00,23.56,23.65,23.56,23.65,13353.0,BTU
2023-10-26 10:34:00,23.64,23.65,23.535,23.556,18511.0,BTU
2023-10-26 10:33:00,23.61,23.65,23.56,23.635,9043.0,BTU
2023-10-26 10:32:00,23.58,23.63,23.58,23.615,11595.0,BTU
2023-10-26 10:31:00,23.57,23.6,23.545,23.579,11592.0,BTU
2023-10-26 10:30:00,23.6,23.67,23.54,23.56,28098.0,BTU
2023-10-26 10:29:00,23.55,23.61,23.55,23.595,11344.0,BTU
2023-10-26 10:28:00,23.46,23.65,23.455,23.56,29217.0,BTU
2023-10-26 10:27:00,23.38,23.46,23.38,23.46,14335.0,BTU
2023-10-26 10:26:00,23.355,23.37,23.33,23.35,22071.0,BTU
2023-10-26 10:25:00,23.31,23.345,23.28,23.345,9517.0,BTU
2023-10-26 10:24:00,23.27,23.31,23.27,23.31,8806.0,BTU
2023-10-26 10:23:00,23.32,23.325,23.255,23.272,6634.0,BTU
2023-10-26 10:22:00,23.35,23.35,23.315,23.33,12790.0,BTU
2023-10-26 10:21:00,23.25,23.345,23.25,23.345,8930.0,BTU
2023-10-26 10:20:00,23.26,23.265,23.24,23.252,17375.0,BTU
2023-10-26 10:19:00,23.29,23.31,23.245,23.26,25450.0,BTU
2023-10-26 10:18:00,23.26,23.29,23.25,23.29,8255.0,BTU
2023-10-26 10:17:00,23.365,23.365,23.21,23.255,25154.0,BTU
2023-10-26 10:16:00,23.358,23.39,23.34,23.365,13859.0,BTU
2023-10-26 10:15:00,23.39,23.4,23.35,23.35,17857.0,BTU
2023-10-26 10:14:00,23.37,23.44,23.368,23.38,13545.0,BTU
2023-10-26 10:13:00,23.36,23.385,23.35,23.37,16982.0,BTU
2023-10-26 10:12:00,23.32,23.37,23.31,23.36,15073.0,BTU
2023-10-26 10:11:00,23.29,23.315,23.27,23.315,29276.0,BTU
2023-10-26 10:10:00,23.29,23.31,23.27,23.295,27311.0,BTU
2023-10-26 10:09:00,23.27,23.29,23.24,23.28,10374.0,BTU
2023-10-26 10:08:00,23.38,23.38,23.28,23.28,12696.0,BTU
2023-10-26 10:07:00,23.31,23.425,23.31,23.39,34483.0,BTU
2023-10-26 10:06:00,23.27,23.32,23.27,23.31,13657.0,BTU
2023-10-26 10:05:00,23.15,23.26,23.15,23.26,39209.0,BTU
2023-10-26 10:04:00,23.152,23.235,23.14,23.15,20994.0,BTU
2023-10-26 10:03:00,23.13,23.19,23.115,23.16,40177.0,BTU
2023-10-26 10:02:00,23.15,23.22,23.12,23.14,31573.0,BTU
2023-10-26 10:01:00,23.13,23.25,23.11,23.14,58060.0,BTU
2023-10-26 10:00:00,23.26,23.32,23.11,23.12,55363.0,BTU
2023-10-26 09:59:00,23.255,23.33,23.24,23.26,30138.0,BTU
2023-10-26 09:58:00,23.3,23.327,23.27,23.27,17237.0,BTU
2023-10-26 09:57:00,23.41,23.45,23.28,23.29,23053.0,BTU
2023-10-26 09:56:00,23.25,23.42,23.25,23.42,34812.0,BTU
2023-10-26 09:55:00,23.325,23.34,23.25,23.26,63022.0,BTU
2023-10-26 09:54:00,23.3,23.36,23.29,23.325,25947.0,BTU
2023-10-26 09:53:00,23.32,23.36,23.29,23.3,17976.0,BTU
2023-10-26 09:52:00,23.27,23.32,23.27,23.295,8251.0,BTU
2023-10-26 09:51:00,23.279,23.29,23.19,23.27,17321.0,BTU
2023-10-26 09:50:00,23.26,23.31,23.25,23.269,8631.0,BTU
2023-10-26 09:49:00,23.39,23.43,23.25,23.25,18090.0,BTU
2023-10-26 09:48:00,23.3,23.41,23.29,23.39,38446.0,BTU
2023-10-26 09:47:00,23.155,23.31,23.14,23.27,35679.0,BTU
2023-10-26 09:46:00,23.07,23.18,23.07,23.18,24370.0,BTU
2023-10-26 09:45:00,23.08,23.12,23.05,23.065,22209.0,BTU
2023-10-26 09:44:00,23.02,23.06,22.98,23.05,29114.0,BTU
2023-10-26 09:43:00,23.07,23.09,22.97,23.01,38181.0,BTU
2023-10-26 09:42:00,23.04,23.14,23.04,23.07,19926.0,BTU
2023-10-26 09:41:00,23.14,23.14,23.02,23.03,12593.0,BTU
2023-10-26 09:40:00,23.029,23.21,23.0,23.14,26527.0,BTU
2023-10-26 09:39:00,23.055,23.11,22.98,23.04,28046.0,BTU
2023-10-26 09:38:00,23.04,23.06,22.95,23.055,39323.0,BTU
2023-10-26 09:37:00,23.04,23.12,22.976,23.04,36414.0,BTU
2023-10-26 09:36:00,23.03,23.176,22.98,23.03,55065.0,BTU
2023-10-26 09:35:00,23.15,23.259,22.96,23.02,67213.0,BTU
2023-10-26 09:34:00,23.23,23.23,23.02,23.12,16226.0,BTU
2023-10-26 09:33:00,22.99,23.2,22.95,23.2,56066.0,BTU
2023-10-26 09:32:00,23.02,23.139,22.81,22.99,139677.0,BTU
2023-10-26 09:31:00,22.76,23.04,22.76,23.03,2383.0,BTU
2023-10-26 09:30:00,22.82,22.864,22.7,22.7,17398.0,BTU
2023-10-26 09:29:00,23.0,23.0,23.0,23.0,115.0,BTU
2023-10-26 09:24:00,23.1,23.18,23.0,23.0,1144.0,BTU
2023-10-26 09:23:00,23.15,23.15,23.15,23.15,501.0,BTU
2023-10-26 09:22:00,23.15,23.15,23.15,23.15,1.0,BTU
2023-10-26 09:21:00,23.15,23.15,23.15,23.15,201.0,BTU
2023-10-26 09:20:00,23.05,23.05,22.85,22.85,1916.0,BTU
2023-10-26 09:19:00,22.85,22.85,22.85,22.85,50.0,BTU
2023-10-26 09:18:00,22.85,22.86,22.85,22.85,1200.0,BTU
2023-10-26 09:17:00,22.88,22.88,22.85,22.85,1603.0,BTU
2023-10-26 09:16:00,23.25,23.25,22.9,23.2,284.0,BTU
2023-10-26 09:14:00,22.935,22.935,22.935,22.935,6.0,BTU
2023-10-26 09:12:00,23.38,23.38,23.005,23.005,12.0,BTU
2023-10-26 09:11:00,23.28,23.28,23.12,23.12,150.0,BTU
2023-10-26 09:08:00,22.96,22.96,22.9,22.9,6420.0,BTU
2023-10-26 09:07:00,23.0,24.665,23.0,24.665,431.0,BTU
2023-10-26 09:06:00,23.0,23.0,23.0,23.0,104.0,BTU
2023-10-26 09:05:00,22.91,23.0,22.9,23.0,236.0,BTU
2023-10-26 09:03:00,23.0,23.0,23.0,23.0,1.0,BTU
2023-10-26 09:02:00,23.0,23.0,22.75,23.0,529.0,BTU
2023-10-26 09:01:00,23.0,23.0,23.0,23.0,101.0,BTU
2023-10-26 09:00:00,23.16,23.16,23.16,23.16,100.0,BTU
2023-10-26 08:57:00,23.2,23.28,22.79,23.28,504.0,BTU
2023-10-26 08:55:00,22.95,22.95,22.9,22.9,100.0,BTU
2023-10-26 08:53:00,22.7,22.8,22.7,22.7,145.0,BTU
2023-10-26 08:52:00,22.8,22.8,22.8,22.8,43.0,BTU
2023-10-26 08:51:00,22.9,22.9,22.9,22.9,32.0,BTU
2023-10-26 08:50:00,23.0,23.0,23.0,23.0,10.0,BTU
2023-10-26 08:49:00,23.2,23.2,23.0,23.1,807.0,BTU
2023-10-26 08:48:00,23.2,23.2,23.2,23.2,11.0,BTU
2023-10-26 08:47:00,23.2,23.2,23.2,23.2,98.0,BTU
2023-10-26 08:46:00,23.18,23.18,23.18,23.18,3.0,BTU
2023-10-26 08:44:00,23.17,23.17,23.0,23.0,101.0,BTU
2023-10-26 08:43:00,23.01,23.01,23.01,23.01,22.0,BTU
2023-10-26 08:42:00,23.49,23.49,23.1,23.1,940.0,BTU
2023-10-26 08:40:00,23.3,23.3,23.3,23.3,50.0,BTU
2023-10-26 08:39:00,23.5,23.5,23.3,23.3,123.0,BTU
2023-10-26 08:38:00,23.5,23.5,23.5,23.5,100.0,BTU
2023-10-26 08:37:00,23.5,23.5,23.5,23.5,40.0,BTU
2023-10-26 08:36:00,23.49,23.49,23.219,23.219,11.0,BTU
2023-10-26 08:34:00,23.5,23.5,23.5,23.5,2.0,BTU
2023-10-26 08:32:00,23.55,23.66,23.5,23.5,1957.0,BTU
2023-10-26 08:31:00,23.55,23.55,23.55,23.55,26.0,BTU
2023-10-26 08:29:00,23.75,23.76,23.75,23.75,301.0,BTU
2023-10-26 08:27:00,23.66,23.66,23.66,23.66,2.0,BTU
2023-10-26 08:25:00,23.66,23.66,23.55,23.55,20.0,BTU
2023-10-26 08:20:00,23.55,24.1,23.55,24.09,1000.0,BTU
2023-10-26 08:18:00,23.68,23.68,23.68,23.68,3.0,BTU
2023-10-26 08:17:00,23.55,23.55,23.55,23.55,335.0,BTU
2023-10-26 08:13:00,23.5,23.5,23.5,23.5,500.0,BTU
2023-10-26 08:12:00,23.5,23.5,23.5,23.5,120.0,BTU
2023-10-26 08:08:00,23.92,23.92,23.89,23.89,1277.0,BTU
2023-10-26 08:06:00,24.0,24.0,24.0,24.0,276.0,BTU
2023-10-26 08:04:00,23.99,24.0,23.89,23.89,90.0,BTU
2023-10-26 08:03:00,23.89,23.89,23.89,23.89,19.0,BTU
2023-10-26 08:00:00,24.98,25.064,23.0,23.0,642.0,BTU
2023-10-26 07:58:00,24.57,24.71,23.75,23.96,1531.0,BTU
2023-10-26 07:50:00,24.9,24.9,24.8,24.8,2.0,BTU
2023-10-26 04:42:00,24.7,24.7,24.7,24.7,7.0,BTU
2023-10-25 19:48:00,24.67,24.67,24.67,24.67,1.0,BTU
2023-10-25 19:22:00,24.67,24.67,24.67,24.67,150.0,BTU
2023-10-25 19:05:00,24.64,24.64,24.64,24.64,1.0,BTU
2023-10-25 19:00:00,24.67,24.67,24.67,24.67,318925.0,BTU
2023-10-25 18:41:00,24.64,24.64,24.64,24.64,99.0,BTU
2023-10-25 18:39:00,24.68,24.68,24.68,24.68,110.0,BTU
2023-10-25 18:33:00,24.7,24.7,24.68,24.68,100.0,BTU
2023-10-25 18:30:00,24.67,24.67,24.67,24.67,318925.0,BTU
2023-10-25 17:35:00,24.73,24.73,24.73,24.73,200.0,BTU
2023-10-25 17:34:00,24.64,24.64,24.64,24.64,1.0,BTU
2023-10-25 17:17:00,25.25,25.25,25.25,25.25,25.0,BTU
2023-10-25 16:12:00,25.25,25.25,25.25,25.25,500.0,BTU
2023-10-25 16:10:00,24.67,24.67,24.67,24.67,318925.0,BTU
2023-10-25 16:09:00,25.25,25.25,25.25,25.25,100.0,BTU
2023-10-25 16:01:00,24.67,24.67,24.67,24.67,3540.0,BTU
2023-10-25 16:00:00,24.68,24.68,24.67,24.67,657795.0,BTU
2023-10-25 15:59:00,24.67,24.68,24.62,24.68,195619.0,BTU
2023-10-25 15:58:00,24.68,24.68,24.67,24.67,44625.0,BTU
2023-10-25 15:57:00,24.66,24.68,24.66,24.675,28707.0,BTU
2023-10-25 15:56:00,24.655,24.69,24.64,24.665,50727.0,BTU
2023-10-25 15:55:00,24.685,24.69,24.65,24.65,32760.0,BTU
2023-10-25 15:54:00,24.685,24.69,24.68,24.68,12468.0,BTU
2023-10-25 15:53:00,24.7,24.7,24.68,24.685,14365.0,BTU
2023-10-25 15:52:00,24.67,24.7,24.65,24.7,35484.0,BTU
2023-10-25 15:51:00,24.675,24.68,24.665,24.67,27542.0,BTU
2023-10-25 15:50:00,24.64,24.68,24.64,24.68,21653.0,BTU
2023-10-25 15:49:00,24.63,24.655,24.63,24.63,18588.0,BTU
2023-10-25 15:48:00,24.645,24.66,24.635,24.635,13921.0,BTU
2023-10-25 15:47:00,24.675,24.68,24.64,24.64,15986.0,BTU
2023-10-25 15:46:00,24.67,24.685,24.66,24.68,13867.0,BTU
2023-10-25 15:45:00,24.635,24.67,24.635,24.67,9130.0,BTU
2023-10-25 15:44:00,24.635,24.64,24.615,24.635,14180.0,BTU
2023-10-25 15:43:00,24.635,24.64,24.615,24.635,14353.0,BTU
2023-10-25 15:42:00,24.649,24.655,24.63,24.63,10692.0,BTU
2023-10-25 15:41:00,24.655,24.66,24.645,24.65,5295.0,BTU
2023-10-25 15:40:00,24.65,24.66,24.64,24.66,6735.0,BTU
2023-10-25 15:39:00,24.67,24.67,24.65,24.65,5817.0,BTU
2023-10-25 15:38:00,24.65,24.68,24.65,24.67,10096.0,BTU
2023-10-25 15:37:00,24.63,24.65,24.625,24.65,8341.0,BTU
2023-10-25 15:36:00,24.61,24.63,24.605,24.625,6048.0,BTU
2023-10-25 15:35:00,24.612,24.612,24.6,24.605,7255.0,BTU
2023-10-25 15:34:00,24.617,24.63,24.6,24.62,6705.0,BTU
2023-10-25 15:33:00,24.6,24.625,24.6,24.615,5702.0,BTU
2023-10-25 15:32:00,24.565,24.6,24.565,24.597,10229.0,BTU
2023-10-25 15:31:00,24.6,24.6,24.55,24.57,9246.0,BTU
2023-10-25 15:30:00,24.615,24.625,24.6,24.605,11186.0,BTU
2023-10-25 15:29:00,24.64,24.64,24.615,24.62,6909.0,BTU
2023-10-25 15:28:00,24.62,24.64,24.61,24.64,5355.0,BTU
2023-10-25 15:27:00,24.64,24.64,24.612,24.612,6508.0,BTU
2023-10-25 15:26:00,24.675,24.675,24.645,24.645,4715.0,BTU
2023-10-25 15:25:00,24.665,24.685,24.665,24.675,13501.0,BTU
2023-10-25 15:24:00,24.63,24.67,24.63,24.67,7886.0,BTU
2023-10-25 15:23:00,24.64,24.64,24.625,24.625,6179.0,BTU
2023-10-25 15:22:00,24.66,24.66,24.642,24.65,3355.0,BTU
2023-10-25 15:21:00,24.645,24.66,24.635,24.66,6232.0,BTU
2023-10-25 15:20:00,24.635,24.65,24.635,24.645,6558.0,BTU
2023-10-25 15:19:00,24.635,24.65,24.63,24.637,4791.0,BTU
2023-10-25 15:18:00,24.645,24.645,24.635,24.637,2953.0,BTU
2023-10-25 15:17:00,24.64,24.67,24.64,24.645,6560.0,BTU
2023-10-25 15:16:00,24.6,24.64,24.59,24.64,9952.0,BTU
2023-10-25 15:15:00,24.65,24.66,24.6,24.6,11248.0,BTU
2023-10-25 15:14:00,24.66,24.68,24.65,24.65,6731.0,BTU
2023-10-25 15:13:00,24.689,24.69,24.655,24.67,8528.0,BTU
2023-10-25 15:12:00,24.655,24.69,24.655,24.69,4411.0,BTU
2023-10-25 15:11:00,24.66,24.67,24.655,24.655,8619.0,BTU
2023-10-25 15:10:00,24.64,24.68,24.64,24.665,10301.0,BTU
2023-10-25 15:09:00,24.58,24.65,24.58,24.635,16649.0,BTU
2023-10-25 15:08:00,24.6,24.6,24.575,24.575,11373.0,BTU
2023-10-25 15:07:00,24.59,24.6,24.585,24.595,6642.0,BTU
2023-10-25 15:06:00,24.59,24.595,24.555,24.595,9559.0,BTU
2023-10-25 15:05:00,24.55,24.58,24.55,24.577,5163.0,BTU
2023-10-25 15:04:00,24.51,24.55,24.51,24.55,5161.0,BTU
2023-10-25 15:03:00,24.455,24.51,24.455,24.51,5383.0,BTU
2023-10-25 15:02:00,24.46,24.465,24.455,24.455,5922.0,BTU
2023-10-25 15:01:00,24.49,24.495,24.46,24.46,5861.0,BTU
2023-10-25 15:00:00,24.495,24.52,24.495,24.495,6511.0,BTU
2023-10-25 14:59:00,24.49,24.51,24.485,24.497,6117.0,BTU
2023-10-25 14:58:00,24.475,24.487,24.465,24.487,6927.0,BTU
2023-10-25 14:57:00,24.485,24.485,24.465,24.47,4600.0,BTU
2023-10-25 14:56:00,24.475,24.49,24.475,24.485,3222.0,BTU
2023-10-25 14:55:00,24.48,24.48,24.455,24.475,9505.0,BTU
2023-10-25 14:54:00,24.48,24.5,24.475,24.48,3823.0,BTU
2023-10-25 14:53:00,24.46,24.46,24.445,24.46,6342.0,BTU
2023-10-25 14:52:00,24.46,24.48,24.455,24.46,7067.0,BTU
2023-10-25 14:51:00,24.44,24.46,24.435,24.46,8811.0,BTU
2023-10-25 14:50:00,24.45,24.45,24.44,24.45,5007.0,BTU
2023-10-25 14:49:00,24.44,24.445,24.425,24.44,8147.0,BTU
2023-10-25 14:48:00,24.46,24.465,24.425,24.43,15540.0,BTU
2023-10-25 14:47:00,24.47,24.485,24.44,24.46,67236.0,BTU
2023-10-25 14:46:00,24.47,24.475,24.44,24.47,125227.0,BTU
2023-10-25 14:45:00,24.435,24.47,24.43,24.465,12033.0,BTU
2023-10-25 14:44:00,24.47,24.47,24.435,24.44,20160.0,BTU
2023-10-25 14:43:00,24.495,24.505,24.465,24.47,23281.0,BTU
2023-10-25 14:42:00,24.505,24.515,24.485,24.5,12681.0,BTU
2023-10-25 14:41:00,24.485,24.51,24.485,24.505,7652.0,BTU
2023-10-25 14:40:00,24.49,24.49,24.48,24.485,6779.0,BTU
2023-10-25 14:39:00,24.53,24.53,24.495,24.495,3489.0,BTU
2023-10-25 14:38:00,24.51,24.535,24.505,24.535,13771.0,BTU
2023-10-25 14:37:00,24.485,24.5,24.48,24.49,8420.0,BTU
2023-10-25 14:36:00,24.51,24.515,24.48,24.485,16250.0,BTU
2023-10-25 14:35:00,24.53,24.53,24.51,24.515,11455.0,BTU
2023-10-25 14:34:00,24.515,24.54,24.515,24.53,5093.0,BTU
2023-10-25 14:33:00,24.515,24.54,24.51,24.51,9961.0,BTU
2023-10-25 14:32:00,24.525,24.53,24.515,24.515,14651.0,BTU
2023-10-25 14:31:00,24.52,24.53,24.505,24.52,10866.0,BTU
2023-10-25 14:30:00,24.51,24.515,24.505,24.515,5901.0,BTU
2023-10-25 14:29:00,24.52,24.52,24.505,24.515,3574.0,BTU
2023-10-25 14:28:00,24.535,24.535,24.51,24.51,6523.0,BTU
2023-10-25 14:27:00,24.555,24.555,24.53,24.53,7546.0,BTU
2023-10-25 14:26:00,24.545,24.55,24.54,24.55,8268.0,BTU
2023-10-25 14:25:00,24.555,24.567,24.545,24.545,4758.0,BTU
2023-10-25 14:24:00,24.54,24.555,24.54,24.55,2400.0,BTU
2023-10-25 14:23:00,24.56,24.565,24.54,24.54,8679.0,BTU
2023-10-25 14:22:00,24.53,24.57,24.525,24.57,7620.0,BTU
2023-10-25 14:21:00,24.545,24.545,24.53,24.53,2732.0,BTU
2023-10-25 14:20:00,24.555,24.555,24.54,24.55,4910.0,BTU
2023-10-25 14:19:00,24.56,24.57,24.56,24.56,2917.0,BTU
2023-10-25 14:18:00,24.55,24.57,24.545,24.565,4872.0,BTU
2023-10-25 14:17:00,24.515,24.555,24.515,24.555,5506.0,BTU
2023-10-25 14:16:00,24.57,24.57,24.515,24.515,14868.0,BTU
2023-10-25 14:15:00,24.605,24.615,24.56,24.57,30182.0,BTU
2023-10-25 14:14:00,24.58,24.61,24.58,24.6,1317.0,BTU
2023-10-25 14:13:00,24.58,24.59,24.565,24.585,4017.0,BTU
2023-10-25 14:12:00,24.575,24.59,24.57,24.585,5053.0,BTU
2023-10-25 14:11:00,24.59,24.59,24.575,24.58,5159.0,BTU
2023-10-25 14:10:00,24.605,24.605,24.595,24.6,2772.0,BTU
2023-10-25 14:09:00,24.6,24.605,24.595,24.6,6273.0,BTU
2023-10-25 14:08:00,24.615,24.62,24.6,24.6,3340.0,BTU
2023-10-25 14:07:00,24.585,24.615,24.585,24.615,6832.0,BTU
2023-10-25 14:06:00,24.62,24.62,24.595,24.595,7377.0,BTU
2023-10-25 14:05:00,24.64,24.64,24.615,24.62,9424.0,BTU
2023-10-25 14:04:00,24.645,24.645,24.64,24.645,1732.0,BTU
2023-10-25 14:03:00,24.66,24.66,24.645,24.645,4350.0,BTU
2023-10-25 14:02:00,24.645,24.66,24.645,24.66,4036.0,BTU
2023-10-25 14:01:00,24.63,24.64,24.63,24.64,2883.0,BTU
2023-10-25 14:00:00,24.635,24.64,24.63,24.64,3336.0,BTU
2023-10-25 13:59:00,24.59,24.64,24.59,24.635,3226.0,BTU
2023-10-25 13:58:00,24.575,24.59,24.575,24.59,1754.0,BTU
2023-10-25 13:57:00,24.58,24.59,24.57,24.58,4019.0,BTU
2023-10-25 13:56:00,24.575,24.58,24.575,24.575,875.0,BTU
2023-10-25 13:55:00,24.577,24.585,24.575,24.58,3462.0,BTU
2023-10-25 13:54:00,24.57,24.575,24.57,24.575,1302.0,BTU
2023-10-25 13:53:00,24.55,24.575,24.55,24.575,3863.0,BTU
2023-10-25 13:52:00,24.55,24.56,24.55,24.55,3296.0,BTU
2023-10-25 13:51:00,24.55,24.565,24.55,24.56,1982.0,BTU
2023-10-25 13:50:00,24.6,24.6,24.565,24.565,2310.0,BTU
2023-10-25 13:49:00,24.605,24.615,24.59,24.595,6297.0,BTU
2023-10-25 13:48:00,24.63,24.635,24.605,24.605,3485.0,BTU
2023-10-25 13:47:00,24.64,24.64,24.622,24.622,1766.0,BTU
2023-10-25 13:46:00,24.655,24.655,24.64,24.645,1078.0,BTU
2023-10-25 13:45:00,24.665,24.665,24.65,24.65,2380.0,BTU
2023-10-25 13:44:00,24.67,24.68,24.66,24.66,4221.0,BTU
2023-10-25 13:43:00,24.665,24.679,24.66,24.675,2181.0,BTU
2023-10-25 13:42:00,24.66,24.67,24.66,24.67,2664.0,BTU
2023-10-25 13:41:00,24.64,24.65,24.635,24.65,1490.0,BTU
2023-10-25 13:40:00,24.615,24.637,24.61,24.637,5672.0,BTU
2023-10-25 13:39:00,24.65,24.65,24.615,24.62,3769.0,BTU
2023-10-25 13:38:00,24.655,24.655,24.65,24.65,1752.0,BTU
2023-10-25 13:37:00,24.62,24.655,24.62,24.655,3743.0,BTU
2023-10-25 13:36:00,24.61,24.645,24.61,24.625,6636.0,BTU
2023-10-25 13:35:00,24.61,24.615,24.61,24.615,3754.0,BTU
2023-10-25 13:34:00,24.58,24.62,24.575,24.62,8081.0,BTU
2023-10-25 13:33:00,24.575,24.585,24.56,24.58,4606.0,BTU
2023-10-25 13:32:00,24.58,24.58,24.57,24.575,1494.0,BTU
2023-10-25 13:31:00,24.565,24.585,24.565,24.58,2397.0,BTU
2023-10-25 13:30:00,24.575,24.575,24.56,24.57,3883.0,BTU
2023-10-25 13:29:00,24.585,24.585,24.575,24.575,1774.0,BTU
2023-10-25 13:28:00,24.585,24.585,24.57,24.585,3188.0,BTU
2023-10-25 13:27:00,24.59,24.59,24.58,24.58,2280.0,BTU
2023-10-25 13:26:00,24.6,24.6,24.585,24.585,2278.0,BTU
2023-10-25 13:25:00,24.575,24.59,24.57,24.59,1844.0,BTU
2023-10-25 13:24:00,24.59,24.59,24.57,24.57,2854.0,BTU
2023-10-25 13:23:00,24.61,24.61,24.59,24.6,2527.0,BTU
2023-10-25 13:22:00,24.595,24.625,24.595,24.62,2493.0,BTU
2023-10-25 13:21:00,24.61,24.615,24.59,24.59,3035.0,BTU
2023-10-25 13:20:00,24.58,24.6,24.58,24.6,3323.0,BTU
2023-10-25 13:19:00,24.59,24.595,24.58,24.58,1558.0,BTU
2023-10-25 13:18:00,24.57,24.6,24.56,24.59,5877.0,BTU
2023-10-25 13:17:00,24.545,24.595,24.545,24.57,5148.0,BTU
2023-10-25 13:16:00,24.555,24.56,24.545,24.545,2639.0,BTU
2023-10-25 13:15:00,24.555,24.555,24.55,24.55,1204.0,BTU
2023-10-25 13:14:00,24.55,24.55,24.55,24.55,151.0,BTU
2023-10-25 13:13:00,24.54,24.56,24.54,24.555,3125.0,BTU
2023-10-25 13:12:00,24.56,24.56,24.535,24.535,2704.0,BTU
2023-10-25 13:11:00,24.53,24.56,24.53,24.56,3879.0,BTU
2023-10-25 13:10:00,24.545,24.545,24.525,24.525,1629.0,BTU
2023-10-25 13:09:00,24.56,24.56,24.545,24.545,2053.0,BTU
2023-10-25 13:08:00,24.535,24.565,24.53,24.565,3973.0,BTU
2023-10-25 13:07:00,24.545,24.545,24.525,24.53,3965.0,BTU
2023-10-25 13:06:00,24.56,24.565,24.54,24.545,3217.0,BTU
2023-10-25 13:05:00,24.575,24.58,24.57,24.575,6479.0,BTU
2023-10-25 13:04:00,24.53,24.575,24.53,24.575,3486.0,BTU
2023-10-25 13:03:00,24.52,24.535,24.515,24.535,2715.0,BTU
2023-10-25 13:02:00,24.54,24.545,24.525,24.525,2454.0,BTU
2023-10-25 13:01:00,24.54,24.56,24.54,24.555,5506.0,BTU
2023-10-25 13:00:00,24.545,24.545,24.545,24.545,253.0,BTU
2023-10-25 12:59:00,24.56,24.56,24.54,24.54,2744.0,BTU
2023-10-25 12:58:00,24.56,24.565,24.56,24.565,1433.0,BTU
2023-10-25 12:57:00,24.55,24.56,24.55,24.56,4184.0,BTU
2023-10-25 12:56:00,24.53,24.555,24.53,24.555,3316.0,BTU
2023-10-25 12:55:00,24.515,24.535,24.51,24.53,3379.0,BTU
2023-10-25 12:54:00,24.53,24.54,24.52,24.52,4975.0,BTU
2023-10-25 12:53:00,24.55,24.55,24.525,24.53,2276.0,BTU
2023-10-25 12:52:00,24.56,24.565,24.558,24.565,941.0,BTU
2023-10-25 12:51:00,24.575,24.575,24.555,24.57,4287.0,BTU
2023-10-25 12:50:00,24.575,24.575,24.57,24.575,1470.0,BTU
2023-10-25 12:49:00,24.58,24.585,24.565,24.57,4628.0,BTU
2023-10-25 12:48:00,24.585,24.59,24.585,24.585,870.0,BTU
2023-10-25 12:47:00,24.59,24.59,24.58,24.585,1618.0,BTU
2023-10-25 12:46:00,24.595,24.595,24.59,24.595,388.0,BTU
2023-10-25 12:45:00,24.605,24.615,24.6,24.6,1333.0,BTU
2023-10-25 12:44:00,24.6,24.61,24.6,24.61,1630.0,BTU
2023-10-25 12:43:00,24.57,24.595,24.57,24.595,2537.0,BTU
2023-10-25 12:42:00,24.6,24.6,24.57,24.575,4534.0,BTU
2023-10-25 12:41:00,24.6,24.605,24.595,24.6,2426.0,BTU
2023-10-25 12:40:00,24.605,24.61,24.605,24.605,972.0,BTU
2023-10-25 12:39:00,24.595,24.601,24.59,24.601,638.0,BTU
2023-10-25 12:38:00,24.61,24.61,24.59,24.59,3290.0,BTU
2023-10-25 12:37:00,24.63,24.63,24.61,24.61,3202.0,BTU
2023-10-25 12:36:00,24.63,24.635,24.625,24.635,3697.0,BTU
2023-10-25 12:35:00,24.63,24.635,24.63,24.63,6532.0,BTU
2023-10-25 12:34:00,24.632,24.64,24.632,24.635,479.0,BTU
2023-10-25 12:33:00,24.645,24.645,24.635,24.635,1965.0,BTU
2023-10-25 12:32:00,24.63,24.651,24.63,24.651,1277.0,BTU
2023-10-25 12:31:00,24.65,24.66,24.635,24.635,6642.0,BTU
2023-10-25 12:30:00,24.615,24.649,24.615,24.649,2272.0,BTU
2023-10-25 12:28:00,24.615,24.62,24.61,24.61,2624.0,BTU
2023-10-25 12:27:00,24.59,24.62,24.585,24.61,5689.0,BTU
2023-10-25 12:26:00,24.6,24.605,24.6,24.6,2126.0,BTU
2023-10-25 12:25:00,24.605,24.605,24.605,24.605,781.0,BTU
2023-10-25 12:24:00,24.6,24.605,24.6,24.605,1275.0,BTU
2023-10-25 12:23:00,24.59,24.595,24.59,24.595,678.0,BTU
2023-10-25 12:22:00,24.59,24.605,24.585,24.59,18907.0,BTU
2023-10-25 12:21:00,24.58,24.605,24.58,24.6,3280.0,BTU
2023-10-25 12:20:00,24.58,24.58,24.565,24.58,3748.0,BTU
2023-10-25 12:19:00,24.58,24.585,24.575,24.575,2590.0,BTU
2023-10-25 12:18:00,24.6,24.6,24.585,24.587,3467.0,BTU
2023-10-25 12:17:00,24.61,24.616,24.59,24.6,2341.0,BTU
2023-10-25 12:16:00,24.61,24.615,24.61,24.61,1616.0,BTU
2023-10-25 12:15:00,24.637,24.637,24.605,24.605,4718.0,BTU
2023-10-25 12:14:00,24.64,24.64,24.625,24.635,5239.0,BTU
2023-10-25 12:13:00,24.645,24.645,24.64,24.64,583.0,BTU
2023-10-25 12:12:00,24.65,24.65,24.64,24.64,4817.0,BTU
2023-10-25 12:11:00,24.65,24.655,24.65,24.655,4498.0,BTU
2023-10-25 12:10:00,24.65,24.66,24.65,24.65,1285.0,BTU
2023-10-25 12:09:00,24.627,24.655,24.625,24.65,3438.0,BTU
2023-10-25 12:08:00,24.61,24.63,24.58,24.62,8702.0,BTU
2023-10-25 12:07:00,24.66,24.66,24.615,24.615,5797.0,BTU
2023-10-25 12:06:00,24.7,24.7,24.66,24.66,4567.0,BTU
2023-10-25 12:05:00,24.682,24.695,24.682,24.69,1370.0,BTU
2023-10-25 12:04:00,24.675,24.68,24.67,24.68,5841.0,BTU
2023-10-25 12:03:00,24.68,24.68,24.67,24.68,857.0,BTU
2023-10-25 12:02:00,24.67,24.68,24.67,24.68,1585.0,BTU
2023-10-25 12:01:00,24.68,24.69,24.67,24.68,10620.0,BTU
2023-10-25 12:00:00,24.7,24.7,24.685,24.685,2172.0,BTU
2023-10-25 11:59:00,24.7,24.71,24.7,24.705,1358.0,BTU
2023-10-25 11:58:00,24.712,24.72,24.69,24.7,5042.0,BTU
2023-10-25 11:57:00,24.71,24.71,24.705,24.71,1381.0,BTU
2023-10-25 11:56:00,24.7,24.705,24.69,24.705,2223.0,BTU
2023-10-25 11:55:00,24.75,24.75,24.715,24.715,3043.0,BTU
2023-10-25 11:54:00,24.775,24.78,24.76,24.76,2032.0,BTU
2023-10-25 11:53:00,24.78,24.79,24.78,24.78,981.0,BTU
2023-10-25 11:52:00,24.78,24.79,24.775,24.775,1194.0,BTU
2023-10-25 11:51:00,24.735,24.776,24.735,24.77,2545.0,BTU
2023-10-25 11:50:00,24.77,24.77,24.745,24.745,1440.0,BTU
2023-10-25 11:49:00,24.78,24.79,24.775,24.775,2329.0,BTU
2023-10-25 11:48:00,24.765,24.775,24.76,24.77,3521.0,BTU
2023-10-25 11:47:00,24.79,24.79,24.755,24.76,2007.0,BTU
2023-10-25 11:46:00,24.8,24.825,24.8,24.81,1349.0,BTU
2023-10-25 11:45:00,24.76,24.79,24.755,24.79,2081.0,BTU
2023-10-25 11:44:00,24.72,24.76,24.71,24.76,3540.0,BTU
2023-10-25 11:43:00,24.72,24.72,24.7,24.719,3140.0,BTU
2023-10-25 11:42:00,24.68,24.72,24.67,24.71,4056.0,BTU
2023-10-25 11:41:00,24.68,24.685,24.67,24.675,2556.0,BTU
2023-10-25 11:40:00,24.69,24.695,24.685,24.685,1791.0,BTU
2023-10-25 11:39:00,24.725,24.745,24.7,24.7,6926.0,BTU
2023-10-25 11:38:00,24.735,24.735,24.72,24.725,1976.0,BTU
2023-10-25 11:37:00,24.74,24.74,24.725,24.735,2263.0,BTU
2023-10-25 11:36:00,24.735,24.755,24.735,24.735,1972.0,BTU
2023-10-25 11:35:00,24.74,24.74,24.73,24.73,2562.0,BTU
2023-10-25 11:34:00,24.75,24.75,24.73,24.73,1026.0,BTU
2023-10-25 11:33:00,24.74,24.76,24.74,24.76,1858.0,BTU
2023-10-25 11:32:00,24.745,24.78,24.745,24.75,4391.0,BTU
2023-10-25 11:31:00,24.75,24.75,24.75,24.75,1502.0,BTU
2023-10-25 11:30:00,24.78,24.78,24.76,24.76,1161.0,BTU
2023-10-25 11:29:00,24.775,24.785,24.76,24.78,3779.0,BTU
2023-10-25 11:28:00,24.76,24.77,24.74,24.77,1492.0,BTU
2023-10-25 11:27:00,24.75,24.76,24.75,24.755,1858.0,BTU
2023-10-25 11:26:00,24.73,24.74,24.715,24.74,1976.0,BTU
2023-10-25 11:25:00,24.75,24.75,24.74,24.74,894.0,BTU
2023-10-25 11:24:00,24.78,24.78,24.755,24.755,2382.0,BTU
2023-10-25 11:23:00,24.675,24.76,24.675,24.755,7002.0,BTU
2023-10-25 11:22:00,24.69,24.69,24.675,24.675,1724.0,BTU
2023-10-25 11:21:00,24.71,24.71,24.69,24.695,2028.0,BTU
2023-10-25 11:20:00,24.71,24.715,24.71,24.715,2141.0,BTU
2023-10-25 11:19:00,24.73,24.73,24.715,24.72,1436.0,BTU
2023-10-25 11:18:00,24.74,24.74,24.72,24.73,1295.0,BTU
2023-10-25 11:17:00,24.77,24.77,24.74,24.74,2196.0,BTU
2023-10-25 11:16:00,24.74,24.76,24.74,24.76,2136.0,BTU
2023-10-25 11:15:00,24.755,24.76,24.75,24.76,1070.0,BTU
2023-10-25 11:14:00,24.7,24.74,24.7,24.74,1288.0,BTU
2023-10-25 11:13:00,24.71,24.73,24.695,24.695,2845.0,BTU
2023-10-25 11:12:00,24.69,24.71,24.68,24.7,2241.0,BTU
2023-10-25 11:11:00,24.74,24.74,24.7,24.7,3022.0,BTU
2023-10-25 11:10:00,24.73,24.745,24.725,24.745,3056.0,BTU
2023-10-25 11:09:00,24.721,24.73,24.71,24.72,8366.0,BTU
2023-10-25 11:08:00,24.705,24.72,24.7,24.72,989.0,BTU
2023-10-25 11:07:00,24.72,24.72,24.71,24.71,682.0,BTU
2023-10-25 11:06:00,24.71,24.725,24.71,24.725,2900.0,BTU
2023-10-25 11:05:00,24.72,24.725,24.71,24.71,1122.0,BTU
2023-10-25 11:04:00,24.73,24.73,24.7,24.7,1250.0,BTU
2023-10-25 11:03:00,24.77,24.77,24.72,24.75,8280.0,BTU
2023-10-25 11:02:00,24.79,24.79,24.775,24.775,1816.0,BTU
2023-10-25 11:01:00,24.77,24.79,24.76,24.785,9101.0,BTU
2023-10-25 11:00:00,24.7,24.77,24.7,24.77,1354.0,BTU
2023-10-25 10:59:00,24.71,24.73,24.71,24.71,3489.0,BTU
2023-10-25 10:58:00,24.705,24.72,24.705,24.705,4083.0,BTU
2023-10-25 10:57:00,24.68,24.71,24.68,24.71,2232.0,BTU
2023-10-25 10:56:00,24.67,24.69,24.67,24.68,2330.0,BTU
2023-10-25 10:55:00,24.68,24.68,24.665,24.665,2093.0,BTU
2023-10-25 10:54:00,24.655,24.675,24.645,24.675,4377.0,BTU
2023-10-25 10:53:00,24.66,24.67,24.65,24.665,3912.0,BTU
2023-10-25 10:52:00,24.665,24.665,24.66,24.66,1020.0,BTU
2023-10-25 10:51:00,24.71,24.71,24.68,24.68,4639.0,BTU
2023-10-25 10:50:00,24.74,24.74,24.72,24.72,3824.0,BTU
2023-10-25 10:49:00,24.72,24.74,24.72,24.74,3077.0,BTU
2023-10-25 10:48:00,24.73,24.73,24.715,24.72,2032.0,BTU
2023-10-25 10:47:00,24.729,24.735,24.715,24.73,1754.0,BTU
2023-10-25 10:46:00,24.73,24.73,24.72,24.725,2220.0,BTU
2023-10-25 10:45:00,24.75,24.75,24.72,24.72,1808.0,BTU
2023-10-25 10:44:00,24.73,24.75,24.73,24.75,4356.0,BTU
2023-10-25 10:43:00,24.705,24.725,24.705,24.725,1307.0,BTU
2023-10-25 10:42:00,24.715,24.72,24.71,24.71,1697.0,BTU
2023-10-25 10:41:00,24.71,24.72,24.695,24.72,1897.0,BTU
2023-10-25 10:40:00,24.72,24.74,24.71,24.72,2533.0,BTU
2023-10-25 10:39:00,24.635,24.72,24.635,24.71,4967.0,BTU
2023-10-25 10:38:00,24.61,24.64,24.61,24.63,3046.0,BTU
2023-10-25 10:37:00,24.58,24.605,24.575,24.605,1424.0,BTU
2023-10-25 10:36:00,24.6,24.6,24.56,24.585,2754.0,BTU
2023-10-25 10:35:00,24.6,24.6,24.595,24.6,2230.0,BTU
2023-10-25 10:34:00,24.61,24.61,24.58,24.58,1416.0,BTU
2023-10-25 10:33:00,24.625,24.625,24.595,24.6,2592.0,BTU
2023-10-25 10:32:00,24.59,24.64,24.59,24.615,3690.0,BTU
2023-10-25 10:31:00,24.58,24.58,24.57,24.58,1686.0,BTU
2023-10-25 10:30:00,24.56,24.57,24.55,24.57,2578.0,BTU
2023-10-25 10:29:00,24.59,24.59,24.57,24.57,2118.0,BTU
2023-10-25 10:28:00,24.59,24.6,24.585,24.585,2350.0,BTU
2023-10-25 10:27:00,24.615,24.62,24.585,24.59,2952.0,BTU
2023-10-25 10:26:00,24.63,24.64,24.61,24.615,3260.0,BTU
2023-10-25 10:25:00,24.63,24.63,24.61,24.62,2625.0,BTU
2023-10-25 10:24:00,24.675,24.675,24.61,24.64,5975.0,BTU
2023-10-25 10:23:00,24.68,24.71,24.675,24.675,5209.0,BTU
2023-10-25 10:22:00,24.69,24.69,24.68,24.685,1748.0,BTU
2023-10-25 10:21:00,24.675,24.695,24.672,24.695,2106.0,BTU
2023-10-25 10:20:00,24.66,24.69,24.655,24.68,2366.0,BTU
2023-10-25 10:19:00,24.64,24.66,24.635,24.65,4302.0,BTU
2023-10-25 10:18:00,24.62,24.65,24.62,24.63,5767.0,BTU
2023-10-25 10:17:00,24.62,24.63,24.61,24.62,2442.0,BTU
2023-10-25 10:16:00,24.61,24.61,24.605,24.61,2773.0,BTU
2023-10-25 10:15:00,24.63,24.64,24.62,24.62,3371.0,BTU
2023-10-25 10:14:00,24.64,24.64,24.62,24.63,1949.0,BTU
2023-10-25 10:13:00,24.675,24.68,24.66,24.66,1756.0,BTU
2023-10-25 10:12:00,24.67,24.695,24.66,24.69,3406.0,BTU
2023-10-25 10:11:00,24.71,24.71,24.655,24.665,2129.0,BTU
2023-10-25 10:10:00,24.68,24.72,24.675,24.71,3282.0,BTU
2023-10-25 10:09:00,24.71,24.71,24.685,24.69,2418.0,BTU
2023-10-25 10:08:00,24.67,24.7,24.66,24.7,1473.0,BTU
2023-10-25 10:07:00,24.67,24.67,24.64,24.67,2603.0,BTU
2023-10-25 10:06:00,24.66,24.7,24.655,24.68,4461.0,BTU
2023-10-25 10:05:00,24.7,24.7,24.66,24.66,2440.0,BTU
2023-10-25 10:04:00,24.74,24.75,24.715,24.715,2113.0,BTU
2023-10-25 10:03:00,24.76,24.77,24.745,24.75,12622.0,BTU
2023-10-25 10:02:00,24.78,24.79,24.77,24.77,2636.0,BTU
2023-10-25 10:01:00,24.8,24.82,24.79,24.79,2208.0,BTU
2023-10-25 10:00:00,24.85,24.85,24.82,24.82,866.0,BTU
2023-10-25 09:59:00,24.845,24.865,24.845,24.865,1797.0,BTU
2023-10-25 09:58:00,24.86,24.86,24.84,24.845,2052.0,BTU
2023-10-25 09:57:00,24.85,24.857,24.83,24.85,4109.0,BTU
2023-10-25 09:56:00,24.78,24.85,24.78,24.845,4138.0,BTU
2023-10-25 09:55:00,24.79,24.79,24.77,24.775,2041.0,BTU
2023-10-25 09:54:00,24.78,24.8,24.76,24.78,3365.0,BTU
2023-10-25 09:53:00,24.79,24.79,24.747,24.78,2906.0,BTU
2023-10-25 09:52:00,24.795,24.795,24.79,24.79,976.0,BTU
2023-10-25 09:51:00,24.81,24.82,24.8,24.8,1600.0,BTU
2023-10-25 09:50:00,24.79,24.8,24.79,24.8,594.0,BTU
2023-10-25 09:49:00,24.82,24.831,24.8,24.81,6626.0,BTU
2023-10-25 09:48:00,24.87,24.88,24.85,24.85,1158.0,BTU
2023-10-25 09:47:00,24.84,24.86,24.83,24.855,2569.0,BTU
2023-10-25 09:46:00,24.86,24.89,24.84,24.85,2195.0,BTU
2023-10-25 09:45:00,24.87,24.88,24.83,24.84,3666.0,BTU
2023-10-25 09:44:00,24.8,24.86,24.8,24.86,20310.0,BTU
2023-10-25 09:43:00,24.79,24.82,24.79,24.79,1856.0,BTU
2023-10-25 09:42:00,24.83,24.83,24.79,24.79,4161.0,BTU
2023-10-25 09:41:00,24.8,24.81,24.79,24.81,1292.0,BTU
2023-10-25 09:40:00,24.8,24.815,24.8,24.8,1949.0,BTU
2023-10-25 09:39:00,24.78,24.83,24.776,24.8,3746.0,BTU
2023-10-25 09:38:00,24.72,24.78,24.72,24.76,2807.0,BTU
2023-10-25 09:37:00,24.69,24.75,24.69,24.74,5131.0,BTU
2023-10-25 09:36:00,24.71,24.75,24.685,24.7,4605.0,BTU
2023-10-25 09:35:00,24.7,24.72,24.635,24.715,5018.0,BTU
2023-10-25 09:34:00,24.805,24.805,24.73,24.74,3426.0,BTU
2023-10-25 09:33:00,24.77,24.84,24.77,24.81,3581.0,BTU
2023-10-25 09:32:00,24.75,24.78,24.73,24.78,2664.0,BTU
2023-10-25 09:31:00,24.58,24.68,24.58,24.68,5043.0,BTU
2023-10-25 09:30:00,24.58,24.62,24.5,24.565,25795.0,BTU
2023-10-25 09:29:00,24.65,24.65,24.65,24.65,10.0,BTU
2023-10-25 09:12:00,24.557,24.557,24.55,24.55,250.0,BTU
2023-10-25 09:05:00,24.65,24.65,24.65,24.65,40.0,BTU
2023-10-25 09:02:00,24.65,24.65,24.65,24.65,1.0,BTU
2023-10-25 08:54:00,24.75,24.75,24.75,24.75,5.0,BTU
2023-10-25 08:46:00,24.77,24.77,24.77,24.77,50.0,BTU
2023-10-25 08:09:00,24.75,24.75,24.75,24.75,1.0,BTU
2023-10-25 08:00:00,24.25,24.25,24.25,24.25,1.0,BTU
2023-10-25 07:59:00,24.77,24.77,24.77,24.77,100.0,BTU
2023-10-25 06:34:00,25.08,25.15,25.08,25.15,389.0,BTU
2023-10-24 19:00:00,24.66,24.66,24.66,24.66,219270.0,BTU
2023-10-24 18:54:00,24.84,24.84,24.84,24.84,1.0,BTU
2023-10-24 18:30:00,24.66,24.66,24.66,24.66,219270.0,BTU
2023-10-24 18:00:00,24.87,24.87,24.87,24.87,5.0,BTU
2023-10-24 17:22:00,24.86,24.86,24.86,24.86,25.0,BTU
2023-10-24 16:58:00,24.57,24.57,24.57,24.57,50.0,BTU
2023-10-24 16:55:00,24.63,24.63,24.63,24.63,1.0,BTU
2023-10-24 16:20:00,24.66,24.66,24.66,24.66,903.0,BTU
2023-10-24 16:10:00,24.66,24.66,24.66,24.66,219270.0,BTU
2023-10-24 16:09:00,24.85,24.85,24.85,24.85,4665.0,BTU
2023-10-24 16:08:00,24.58,24.58,24.58,24.58,1.0,BTU
2023-10-24 16:02:00,24.66,24.66,24.66,24.66,458.0,BTU
2023-10-24 16:01:00,24.66,24.66,24.66,24.66,2451.0,BTU
2023-10-24 16:00:00,24.65,24.66,24.65,24.66,482173.0,BTU
2023-10-24 15:59:00,24.68,24.69,24.65,24.65,72683.0,BTU
2023-10-24 15:58:00,24.695,24.7,24.68,24.68,30941.0,BTU
2023-10-24 15:57:00,24.68,24.7,24.675,24.7,32612.0,BTU
2023-10-24 15:56:00,24.66,24.67,24.65,24.67,33739.0,BTU
2023-10-24 15:55:00,24.62,24.66,24.61,24.66,35974.0,BTU
2023-10-24 15:54:00,24.64,24.64,24.62,24.62,18322.0,BTU
2023-10-24 15:53:00,24.665,24.67,24.645,24.645,11490.0,BTU
2023-10-24 15:52:00,24.655,24.67,24.65,24.669,8631.0,BTU
2023-10-24 15:51:00,24.665,24.67,24.64,24.65,14182.0,BTU
2023-10-24 15:50:00,24.64,24.67,24.64,24.67,17167.0,BTU
2023-10-24 15:49:00,24.67,24.67,24.65,24.65,4895.0,BTU
2023-10-24 15:48:00,24.675,24.685,24.67,24.67,12897.0,BTU
2023-10-24 15:47:00,24.67,24.675,24.66,24.675,9154.0,BTU
2023-10-24 15:46:00,24.71,24.71,24.67,24.67,8980.0,BTU
2023-10-24 15:45:00,24.69,24.715,24.69,24.713,13669.0,BTU
2023-10-24 15:44:00,24.715,24.72,24.695,24.695,5550.0,BTU
2023-10-24 15:43:00,24.72,24.735,24.715,24.715,16914.0,BTU
2023-10-24 15:42:00,24.725,24.725,24.715,24.715,3729.0,BTU
2023-10-24 15:41:00,24.71,24.73,24.71,24.73,2753.0,BTU
2023-10-24 15:40:00,24.68,24.717,24.68,24.717,10937.0,BTU
2023-10-24 15:39:00,24.68,24.681,24.675,24.68,4803.0,BTU
2023-10-24 15:38:00,24.695,24.695,24.68,24.69,9557.0,BTU
2023-10-24 15:37:00,24.705,24.705,24.69,24.69,5068.0,BTU
2023-10-24 15:36:00,24.7,24.71,24.695,24.709,6158.0,BTU
2023-10-24 15:35:00,24.7,24.705,24.68,24.698,9205.0,BTU
2023-10-24 15:34:00,24.71,24.715,24.705,24.705,5414.0,BTU
2023-10-24 15:33:00,24.715,24.72,24.715,24.72,760.0,BTU
2023-10-24 15:32:00,24.685,24.72,24.685,24.715,7006.0,BTU
2023-10-24 15:31:00,24.71,24.71,24.685,24.69,10579.0,BTU
2023-10-24 15:30:00,24.715,24.72,24.705,24.71,7684.0,BTU
2023-10-24 15:29:00,24.7,24.735,24.7,24.71,4840.0,BTU
2023-10-24 15:28:00,24.695,24.71,24.695,24.705,3292.0,BTU
2023-10-24 15:27:00,24.7,24.7,24.68,24.69,5541.0,BTU
2023-10-24 15:26:00,24.685,24.71,24.685,24.695,5313.0,BTU
2023-10-24 15:25:00,24.68,24.695,24.68,24.69,7298.0,BTU
2023-10-24 15:24:00,24.7,24.7,24.685,24.685,10044.0,BTU
2023-10-24 15:23:00,24.745,24.745,24.705,24.705,5694.0,BTU
2023-10-24 15:22:00,24.76,24.76,24.745,24.745,2623.0,BTU
2023-10-24 15:21:00,24.78,24.78,24.761,24.761,2725.0,BTU
2023-10-24 15:20:00,24.76,24.775,24.76,24.77,2236.0,BTU
2023-10-24 15:19:00,24.75,24.755,24.75,24.755,2154.0,BTU
2023-10-24 15:18:00,24.73,24.75,24.73,24.75,2702.0,BTU
2023-10-24 15:17:00,24.68,24.73,24.68,24.725,5223.0,BTU
2023-10-24 15:16:00,24.69,24.7,24.69,24.69,3055.0,BTU
2023-10-24 15:15:00,24.685,24.7,24.685,24.69,2975.0,BTU
2023-10-24 15:14:00,24.695,24.7,24.68,24.68,5564.0,BTU
2023-10-24 15:13:00,24.69,24.7,24.685,24.695,4285.0,BTU
2023-10-24 15:12:00,24.69,24.69,24.68,24.69,3961.0,BTU
2023-10-24 15:11:00,24.72,24.72,24.695,24.7,3657.0,BTU
2023-10-24 15:10:00,24.74,24.74,24.725,24.73,3554.0,BTU
2023-10-24 15:09:00,24.745,24.75,24.745,24.745,1779.0,BTU
2023-10-24 15:08:00,24.73,24.75,24.73,24.74,3577.0,BTU
2023-10-24 15:07:00,24.74,24.75,24.735,24.735,1736.0,BTU
2023-10-24 15:06:00,24.725,24.74,24.725,24.73,3701.0,BTU
2023-10-24 15:05:00,24.745,24.75,24.725,24.725,3095.0,BTU
2023-10-24 15:04:00,24.735,24.76,24.735,24.75,3736.0,BTU
2023-10-24 15:03:00,24.74,24.74,24.725,24.735,4482.0,BTU
2023-10-24 15:02:00,24.74,24.75,24.735,24.75,1548.0,BTU
2023-10-24 15:01:00,24.725,24.74,24.725,24.735,2822.0,BTU
2023-10-24 15:00:00,24.725,24.74,24.725,24.725,4779.0,BTU
2023-10-24 14:59:00,24.735,24.735,24.725,24.725,1439.0,BTU
2023-10-24 14:58:00,24.745,24.745,24.725,24.735,1842.0,BTU
2023-10-24 14:57:00,24.745,24.75,24.74,24.745,2532.0,BTU
2023-10-24 14:56:00,24.75,24.77,24.75,24.755,3167.0,BTU
2023-10-24 14:55:00,24.753,24.76,24.735,24.74,6257.0,BTU
2023-10-24 14:54:00,24.76,24.76,24.75,24.76,2806.0,BTU
2023-10-24 14:53:00,24.775,24.775,24.765,24.765,2461.0,BTU
2023-10-24 14:52:00,24.77,24.775,24.77,24.775,2698.0,BTU
2023-10-24 14:51:00,24.77,24.775,24.77,24.775,1037.0,BTU
2023-10-24 14:50:00,24.8,24.8,24.765,24.77,2783.0,BTU
2023-10-24 14:49:00,24.82,24.83,24.8,24.8,4238.0,BTU
2023-10-24 14:48:00,24.815,24.83,24.813,24.815,3910.0,BTU
2023-10-24 14:47:00,24.83,24.83,24.815,24.815,2660.0,BTU
2023-10-24 14:46:00,24.81,24.84,24.81,24.835,3639.0,BTU
2023-10-24 14:45:00,24.81,24.81,24.8,24.8,6961.0,BTU
2023-10-24 14:44:00,24.805,24.82,24.805,24.815,3897.0,BTU
2023-10-24 14:43:00,24.823,24.825,24.81,24.81,2947.0,BTU
2023-10-24 14:42:00,24.82,24.83,24.82,24.825,3475.0,BTU
2023-10-24 14:41:00,24.811,24.815,24.811,24.815,1620.0,BTU
2023-10-24 14:40:00,24.81,24.815,24.81,24.815,1677.0,BTU
2023-10-24 14:39:00,24.805,24.805,24.805,24.805,244.0,BTU
2023-10-24 14:38:00,24.81,24.81,24.81,24.81,1407.0,BTU
2023-10-24 14:37:00,24.81,24.815,24.79,24.8,3982.0,BTU
2023-10-24 14:36:00,24.835,24.835,24.815,24.815,1853.0,BTU
2023-10-24 14:35:00,24.84,24.84,24.83,24.83,1699.0,BTU
2023-10-24 14:34:00,24.83,24.835,24.825,24.835,1721.0,BTU
2023-10-24 14:33:00,24.85,24.855,24.84,24.84,2496.0,BTU
2023-10-24 14:32:00,24.835,24.85,24.835,24.85,2496.0,BTU
2023-10-24 14:31:00,24.83,24.835,24.82,24.835,1294.0,BTU
2023-10-24 14:30:00,24.82,24.825,24.82,24.825,2510.0,BTU
2023-10-24 14:29:00,24.795,24.82,24.795,24.81,6660.0,BTU
2023-10-24 14:28:00,24.805,24.815,24.8,24.8,2295.0,BTU
2023-10-24 14:27:00,24.82,24.82,24.8,24.8,2535.0,BTU
2023-10-24 14:26:00,24.83,24.83,24.825,24.825,1488.0,BTU
2023-10-24 14:25:00,24.83,24.83,24.82,24.82,714.0,BTU
2023-10-24 14:24:00,24.839,24.839,24.839,24.839,200.0,BTU
2023-10-24 14:23:00,24.83,24.84,24.83,24.84,5770.0,BTU
2023-10-24 14:22:00,24.825,24.83,24.82,24.83,957.0,BTU
2023-10-24 14:21:00,24.84,24.84,24.83,24.83,1734.0,BTU
2023-10-24 14:20:00,24.82,24.83,24.82,24.83,2564.0,BTU
2023-10-24 14:19:00,24.81,24.83,24.81,24.82,4183.0,BTU
2023-10-24 14:18:00,24.835,24.84,24.81,24.81,5441.0,BTU
2023-10-24 14:17:00,24.84,24.845,24.83,24.835,1672.0,BTU
2023-10-24 14:16:00,24.86,24.86,24.84,24.85,2680.0,BTU
2023-10-24 14:15:00,24.86,24.865,24.855,24.86,4870.0,BTU
2023-10-24 14:14:00,24.855,24.86,24.855,24.855,574.0,BTU
2023-10-24 14:13:00,24.86,24.865,24.86,24.86,976.0,BTU
2023-10-24 14:12:00,24.841,24.86,24.841,24.855,2834.0,BTU
2023-10-24 14:11:00,24.84,24.845,24.84,24.845,1618.0,BTU
2023-10-24 14:10:00,24.84,24.845,24.835,24.845,1382.0,BTU
2023-10-24 14:09:00,24.85,24.85,24.83,24.83,4554.0,BTU
2023-10-24 14:08:00,24.84,24.855,24.84,24.855,1574.0,BTU
2023-10-24 14:07:00,24.85,24.855,24.845,24.845,1888.0,BTU
2023-10-24 14:06:00,24.855,24.86,24.855,24.855,3002.0,BTU
2023-10-24 14:05:00,24.85,24.855,24.85,24.855,252.0,BTU
2023-10-24 14:04:00,24.855,24.865,24.85,24.855,1336.0,BTU
2023-10-24 14:03:00,24.855,24.86,24.855,24.855,2004.0,BTU
2023-10-24 14:02:00,24.87,24.875,24.855,24.855,1205.0,BTU
2023-10-24 14:01:00,24.83,24.875,24.83,24.875,2552.0,BTU
2023-10-24 14:00:00,24.84,24.84,24.815,24.825,2907.0,BTU
2023-10-24 13:59:00,24.84,24.84,24.84,24.84,528.0,BTU
2023-10-24 13:58:00,24.845,24.86,24.835,24.835,3744.0,BTU
2023-10-24 13:57:00,24.85,24.85,24.845,24.845,922.0,BTU
2023-10-24 13:56:00,24.86,24.86,24.845,24.855,1420.0,BTU
2023-10-24 13:55:00,24.855,24.875,24.855,24.86,4303.0,BTU
2023-10-24 13:54:00,24.87,24.87,24.855,24.855,1172.0,BTU
2023-10-24 13:53:00,24.87,24.87,24.865,24.87,1427.0,BTU
2023-10-24 13:52:00,24.865,24.885,24.865,24.875,1859.0,BTU
2023-10-24 13:51:00,24.86,24.865,24.85,24.865,2244.0,BTU
2023-10-24 13:50:00,24.845,24.855,24.845,24.855,1228.0,BTU
2023-10-24 13:49:00,24.835,24.845,24.825,24.845,3481.0,BTU
2023-10-24 13:48:00,24.83,24.835,24.825,24.83,1600.0,BTU
2023-10-24 13:47:00,24.84,24.845,24.835,24.835,933.0,BTU
2023-10-24 13:46:00,24.821,24.84,24.821,24.84,4219.0,BTU
2023-10-24 13:45:00,24.83,24.83,24.815,24.825,2175.0,BTU
2023-10-24 13:44:00,24.84,24.84,24.83,24.83,730.0,BTU
2023-10-24 13:43:00,24.84,24.84,24.815,24.84,3407.0,BTU
2023-10-24 13:42:00,24.86,24.86,24.835,24.84,4013.0,BTU
2023-10-24 13:41:00,24.86,24.87,24.855,24.855,2122.0,BTU
2023-10-24 13:40:00,24.86,24.86,24.86,24.86,1070.0,BTU
2023-10-24 13:39:00,24.85,24.856,24.85,24.85,976.0,BTU
2023-10-24 13:38:00,24.84,24.855,24.84,24.855,2372.0,BTU
2023-10-24 13:37:00,24.82,24.835,24.82,24.83,1347.0,BTU
2023-10-24 13:36:00,24.81,24.82,24.81,24.82,554.0,BTU
2023-10-24 13:35:00,24.8,24.815,24.795,24.81,3498.0,BTU
2023-10-24 13:34:00,24.79,24.79,24.78,24.79,1550.0,BTU
2023-10-24 13:33:00,24.795,24.795,24.78,24.79,1500.0,BTU
2023-10-24 13:32:00,24.805,24.83,24.805,24.815,2721.0,BTU
2023-10-24 13:31:00,24.8,24.805,24.8,24.805,3373.0,BTU
2023-10-24 13:30:00,24.83,24.85,24.805,24.81,1916.0,BTU
2023-10-24 13:29:00,24.8,24.825,24.8,24.825,2246.0,BTU
2023-10-24 13:28:00,24.79,24.805,24.79,24.805,1252.0,BTU
2023-10-24 13:27:00,24.795,24.795,24.775,24.795,3001.0,BTU
2023-10-24 13:26:00,24.8,24.81,24.8,24.8,1244.0,BTU
2023-10-24 13:25:00,24.8,24.805,24.8,24.805,529.0,BTU
2023-10-24 13:24:00,24.845,24.85,24.81,24.815,3503.0,BTU
2023-10-24 13:23:00,24.835,24.84,24.83,24.84,1868.0,BTU
2023-10-24 13:22:00,24.82,24.835,24.82,24.835,972.0,BTU
2023-10-24 13:21:00,24.83,24.83,24.83,24.83,1937.0,BTU
2023-10-24 13:20:00,24.83,24.83,24.825,24.83,744.0,BTU
2023-10-24 13:19:00,24.81,24.83,24.81,24.83,1098.0,BTU
2023-10-24 13:18:00,24.81,24.83,24.81,24.825,2413.0,BTU
2023-10-24 13:17:00,24.815,24.815,24.8,24.8,1223.0,BTU
2023-10-24 13:16:00,24.805,24.81,24.8,24.81,2455.0,BTU
2023-10-24 13:15:00,24.79,24.81,24.78,24.795,2992.0,BTU
2023-10-24 13:14:00,24.82,24.82,24.815,24.815,814.0,BTU
2023-10-24 13:13:00,24.82,24.82,24.81,24.81,1656.0,BTU
2023-10-24 13:12:00,24.82,24.84,24.82,24.83,1342.0,BTU
2023-10-24 13:11:00,24.81,24.815,24.79,24.815,2368.0,BTU
2023-10-24 13:10:00,24.795,24.82,24.79,24.82,2739.0,BTU
2023-10-24 13:09:00,24.79,24.795,24.79,24.79,2200.0,BTU
2023-10-24 13:08:00,24.8,24.805,24.79,24.795,1658.0,BTU
2023-10-24 13:07:00,24.81,24.81,24.785,24.8,3067.0,BTU
2023-10-24 13:06:00,24.795,24.805,24.795,24.805,910.0,BTU
2023-10-24 13:05:00,24.815,24.815,24.79,24.795,991.0,BTU
2023-10-24 13:04:00,24.82,24.825,24.82,24.82,3113.0,BTU
2023-10-24 13:02:00,24.82,24.82,24.82,24.82,596.0,BTU
2023-10-24 13:01:00,24.82,24.849,24.82,24.83,3101.0,BTU
2023-10-24 13:00:00,24.8,24.81,24.795,24.81,2864.0,BTU
2023-10-24 12:59:00,24.815,24.815,24.81,24.81,830.0,BTU
2023-10-24 12:58:00,24.82,24.82,24.81,24.815,2063.0,BTU
2023-10-24 12:57:00,24.825,24.825,24.815,24.82,1044.0,BTU
2023-10-24 12:56:00,24.795,24.83,24.79,24.83,9020.0,BTU
2023-10-24 12:55:00,24.795,24.8,24.79,24.795,1352.0,BTU
2023-10-24 12:54:00,24.79,24.79,24.785,24.79,1762.0,BTU
2023-10-24 12:53:00,24.79,24.79,24.77,24.78,1878.0,BTU
2023-10-24 12:52:00,24.81,24.815,24.79,24.79,2998.0,BTU
2023-10-24 12:51:00,24.815,24.815,24.8,24.81,1321.0,BTU
2023-10-24 12:50:00,24.75,24.81,24.745,24.81,9110.0,BTU
2023-10-24 12:49:00,24.76,24.765,24.75,24.76,3658.0,BTU
2023-10-24 12:48:00,24.76,24.775,24.76,24.775,1448.0,BTU
2023-10-24 12:47:00,24.795,24.795,24.77,24.77,1197.0,BTU
2023-10-24 12:46:00,24.8,24.8,24.785,24.785,867.0,BTU
2023-10-24 12:45:00,24.8,24.815,24.8,24.8,2805.0,BTU
2023-10-24 12:44:00,24.79,24.805,24.79,24.805,2503.0,BTU
2023-10-24 12:43:00,24.78,24.79,24.78,24.79,1805.0,BTU
2023-10-24 12:42:00,24.77,24.78,24.77,24.78,2697.0,BTU
2023-10-24 12:41:00,24.81,24.81,24.76,24.77,10254.0,BTU
2023-10-24 12:40:00,24.82,24.825,24.815,24.815,702.0,BTU
2023-10-24 12:39:00,24.825,24.825,24.825,24.825,313.0,BTU
2023-10-24 12:38:00,24.825,24.83,24.825,24.83,2161.0,BTU
2023-10-24 12:37:00,24.86,24.86,24.82,24.82,4346.0,BTU
2023-10-24 12:36:00,24.87,24.88,24.86,24.865,4947.0,BTU
2023-10-24 12:35:00,24.85,24.86,24.85,24.86,3530.0,BTU
2023-10-24 12:34:00,24.855,24.855,24.84,24.845,5526.0,BTU
2023-10-24 12:33:00,24.845,24.855,24.845,24.85,2722.0,BTU
2023-10-24 12:32:00,24.84,24.845,24.84,24.845,795.0,BTU
2023-10-24 12:31:00,24.835,24.85,24.835,24.84,1628.0,BTU
2023-10-24 12:30:00,24.82,24.84,24.82,24.84,2237.0,BTU
2023-10-24 12:29:00,24.82,24.83,24.82,24.82,1566.0,BTU
2023-10-24 12:28:00,24.82,24.83,24.805,24.81,2522.0,BTU
2023-10-24 12:27:00,24.81,24.83,24.805,24.83,2029.0,BTU
2023-10-24 12:26:00,24.83,24.85,24.81,24.81,4780.0,BTU
2023-10-24 12:25:00,24.77,24.82,24.76,24.82,7319.0,BTU
2023-10-24 12:24:00,24.775,24.775,24.77,24.77,3598.0,BTU
2023-10-24 12:23:00,24.81,24.81,24.77,24.775,7564.0,BTU
2023-10-24 12:22:00,24.82,24.82,24.81,24.81,2322.0,BTU
2023-10-24 12:21:00,24.82,24.82,24.81,24.818,923.0,BTU
2023-10-24 12:20:00,24.795,24.815,24.795,24.81,3501.0,BTU
2023-10-24 12:19:00,24.79,24.79,24.775,24.79,3673.0,BTU
2023-10-24 12:18:00,24.82,24.82,24.79,24.796,8223.0,BTU
2023-10-24 12:17:00,24.81,24.83,24.81,24.83,2975.0,BTU
2023-10-24 12:16:00,24.84,24.84,24.82,24.82,1931.0,BTU
2023-10-24 12:15:00,24.86,24.86,24.835,24.84,2297.0,BTU
2023-10-24 12:14:00,24.87,24.88,24.87,24.87,2785.0,BTU
2023-10-24 12:13:00,24.88,24.88,24.86,24.86,1718.0,BTU
2023-10-24 12:12:00,24.92,24.92,24.88,24.895,2153.0,BTU
2023-10-24 12:11:00,24.9,24.92,24.89,24.92,3723.0,BTU
2023-10-24 12:10:00,24.88,24.89,24.855,24.88,4911.0,BTU
2023-10-24 12:09:00,24.94,24.94,24.89,24.89,1716.0,BTU
2023-10-24 12:08:00,24.96,24.96,24.94,24.94,3871.0,BTU
2023-10-24 12:07:00,24.95,24.965,24.95,24.965,424.0,BTU
2023-10-24 12:06:00,24.97,24.97,24.96,24.96,496.0,BTU
2023-10-24 12:05:00,25.0,25.01,25.0,25.01,2579.0,BTU
2023-10-24 12:04:00,25.0,25.0,24.99,24.99,1132.0,BTU
2023-10-24 12:03:00,25.02,25.02,25.01,25.01,389.0,BTU
2023-10-24 12:02:00,25.01,25.022,24.991,25.022,7527.0,BTU
2023-10-24 12:01:00,25.03,25.03,25.005,25.005,1379.0,BTU
2023-10-24 12:00:00,25.045,25.045,25.04,25.04,586.0,BTU
2023-10-24 11:59:00,25.04,25.05,25.04,25.045,2565.0,BTU
2023-10-24 11:58:00,25.01,25.03,25.01,25.03,4386.0,BTU
2023-10-24 11:57:00,25.02,25.02,25.005,25.005,1007.0,BTU
2023-10-24 11:56:00,25.03,25.03,25.02,25.03,2667.0,BTU
2023-10-24 11:55:00,25.05,25.05,25.03,25.03,1693.0,BTU
2023-10-24 11:54:00,25.04,25.06,25.04,25.055,1670.0,BTU
2023-10-24 11:53:00,25.05,25.06,25.03,25.03,3632.0,BTU
2023-10-24 11:52:00,25.05,25.05,25.05,25.05,484.0,BTU
2023-10-24 11:51:00,25.06,25.06,25.05,25.05,521.0,BTU
2023-10-24 11:50:00,25.03,25.05,25.02,25.05,6028.0,BTU
2023-10-24 11:49:00,25.08,25.085,25.035,25.035,6976.0,BTU
2023-10-24 11:48:00,25.12,25.125,25.08,25.08,1545.0,BTU
2023-10-24 11:47:00,25.1,25.13,25.1,25.13,2258.0,BTU
2023-10-24 11:46:00,25.09,25.09,25.07,25.09,4690.0,BTU
2023-10-24 11:45:00,25.1,25.11,25.095,25.095,2661.0,BTU
2023-10-24 11:44:00,25.1,25.12,25.095,25.095,2821.0,BTU
2023-10-24 11:43:00,25.07,25.08,25.065,25.08,2429.0,BTU
2023-10-24 11:42:00,25.08,25.08,25.07,25.07,433.0,BTU
2023-10-24 11:41:00,25.06,25.09,25.06,25.08,2654.0,BTU
2023-10-24 11:40:00,25.049,25.06,25.049,25.055,1346.0,BTU
2023-10-24 11:39:00,25.03,25.045,25.02,25.045,3329.0,BTU
2023-10-24 11:38:00,25.05,25.07,25.03,25.035,3522.0,BTU
2023-10-24 11:37:00,25.055,25.06,25.05,25.05,883.0,BTU
2023-10-24 11:36:00,25.035,25.065,25.035,25.055,1751.0,BTU
2023-10-24 11:35:00,25.055,25.055,25.04,25.04,2863.0,BTU
2023-10-24 11:34:00,25.06,25.07,25.05,25.05,1317.0,BTU
2023-10-24 11:33:00,25.07,25.07,25.07,25.07,831.0,BTU
2023-10-24 11:32:00,25.05,25.06,25.04,25.06,2773.0,BTU
2023-10-24 11:31:00,25.05,25.05,25.03,25.041,1275.0,BTU
2023-10-24 11:30:00,25.07,25.072,25.05,25.05,2891.0,BTU
2023-10-24 11:29:00,25.1,25.115,25.08,25.08,5153.0,BTU
2023-10-24 11:28:00,25.1,25.105,25.09,25.1,2229.0,BTU
2023-10-24 11:27:00,25.12,25.12,25.11,25.11,652.0,BTU
2023-10-24 11:26:00,25.095,25.12,25.095,25.12,2627.0,BTU
2023-10-24 11:25:00,25.08,25.1,25.07,25.1,5847.0,BTU
2023-10-24 11:24:00,25.09,25.09,25.09,25.09,1210.0,BTU
2023-10-24 11:23:00,25.085,25.09,25.08,25.08,2139.0,BTU
2023-10-24 11:22:00,25.08,25.09,25.08,25.09,385.0,BTU
2023-10-24 11:21:00,25.1,25.1,25.075,25.09,5765.0,BTU
2023-10-24 11:20:00,25.12,25.125,25.12,25.12,2577.0,BTU
2023-10-24 11:19:00,25.11,25.12,25.11,25.11,1067.0,BTU
2023-10-24 11:18:00,25.12,25.12,25.11,25.11,735.0,BTU
2023-10-24 11:17:00,25.085,25.11,25.08,25.1,3264.0,BTU
2023-10-24 11:16:00,25.08,25.08,25.08,25.08,226.0,BTU
2023-10-24 11:15:00,25.12,25.12,25.09,25.09,738.0,BTU
2023-10-24 11:14:00,25.1,25.13,25.1,25.13,3363.0,BTU
2023-10-24 11:13:00,25.18,25.18,25.105,25.11,2230.0,BTU
2023-10-24 11:12:00,25.16,25.18,25.16,25.18,586.0,BTU
2023-10-24 11:11:00,25.15,25.17,25.15,25.17,2931.0,BTU
2023-10-24 11:10:00,25.13,25.134,25.12,25.134,3533.0,BTU
2023-10-24 11:09:00,25.11,25.13,25.11,25.13,3797.0,BTU
2023-10-24 11:08:00,25.085,25.12,25.08,25.12,2868.0,BTU
2023-10-24 11:07:00,25.12,25.13,25.095,25.095,1604.0,BTU
2023-10-24 11:06:00,25.1,25.11,25.1,25.11,826.0,BTU
2023-10-24 11:05:00,25.13,25.13,25.11,25.11,5587.0,BTU
2023-10-24 11:04:00,25.12,25.14,25.11,25.13,1985.0,BTU
2023-10-24 11:03:00,25.13,25.13,25.11,25.11,1055.0,BTU
2023-10-24 11:02:00,25.1,25.125,25.1,25.125,4124.0,BTU
2023-10-24 11:01:00,25.11,25.11,25.1,25.1,1164.0,BTU
2023-10-24 11:00:00,25.16,25.16,25.11,25.12,6935.0,BTU
2023-10-24 10:59:00,25.155,25.16,25.15,25.16,3636.0,BTU
2023-10-24 10:58:00,25.15,25.155,25.14,25.15,5826.0,BTU
2023-10-24 10:57:00,25.12,25.15,25.12,25.15,2532.0,BTU
2023-10-24 10:56:00,25.12,25.12,25.11,25.12,3620.0,BTU
2023-10-24 10:55:00,25.16,25.17,25.12,25.12,4244.0,BTU
2023-10-24 10:54:00,25.15,25.15,25.14,25.15,1917.0,BTU
2023-10-24 10:53:00,25.19,25.191,25.152,25.152,1679.0,BTU
2023-10-24 10:52:00,25.17,25.19,25.17,25.19,778.0,BTU
2023-10-24 10:51:00,25.16,25.18,25.155,25.155,1597.0,BTU
2023-10-24 10:50:00,25.15,25.17,25.15,25.165,818.0,BTU
2023-10-24 10:49:00,25.15,25.15,25.12,25.145,7754.0,BTU
2023-10-24 10:48:00,25.15,25.17,25.14,25.14,1468.0,BTU
2023-10-24 10:47:00,25.14,25.14,25.13,25.133,648.0,BTU
2023-10-24 10:46:00,25.13,25.13,25.13,25.13,894.0,BTU
2023-10-24 10:45:00,25.12,25.13,25.11,25.13,2179.0,BTU
2023-10-24 10:44:00,25.12,25.13,25.12,25.12,4138.0,BTU
2023-10-24 10:43:00,25.11,25.12,25.095,25.119,2913.0,BTU
2023-10-24 10:42:00,25.16,25.16,25.13,25.13,4469.0,BTU
2023-10-24 10:41:00,25.14,25.16,25.135,25.16,1662.0,BTU
2023-10-24 10:40:00,25.15,25.15,25.11,25.12,4303.0,BTU
2023-10-24 10:39:00,25.14,25.15,25.14,25.15,1141.0,BTU
2023-10-24 10:38:00,25.16,25.17,25.16,25.16,1070.0,BTU
2023-10-24 10:37:00,25.14,25.19,25.14,25.17,29636.0,BTU
2023-10-24 10:36:00,25.16,25.16,25.13,25.13,1904.0,BTU
2023-10-24 10:35:00,25.18,25.189,25.162,25.162,1698.0,BTU
2023-10-24 10:34:00,25.2,25.22,25.19,25.19,4229.0,BTU
2023-10-24 10:33:00,25.17,25.2,25.17,25.2,5734.0,BTU
2023-10-24 10:32:00,25.17,25.17,25.17,25.17,785.0,BTU
2023-10-24 10:31:00,25.14,25.17,25.14,25.15,1747.0,BTU
2023-10-24 10:30:00,25.19,25.19,25.13,25.13,2737.0,BTU
2023-10-24 10:29:00,25.19,25.19,25.17,25.18,1228.0,BTU
2023-10-24 10:28:00,25.22,25.22,25.195,25.2,4593.0,BTU
2023-10-24 10:27:00,25.21,25.215,25.21,25.21,1520.0,BTU
2023-10-24 10:26:00,25.21,25.22,25.21,25.22,1958.0,BTU
2023-10-24 10:25:00,25.2,25.2,25.18,25.195,3065.0,BTU
2023-10-24 10:24:00,25.21,25.21,25.2,25.2,1058.0,BTU
2023-10-24 10:23:00,25.17,25.21,25.17,25.21,1663.0,BTU
2023-10-24 10:22:00,25.17,25.19,25.17,25.17,3170.0,BTU
2023-10-24 10:21:00,25.19,25.2,25.19,25.19,1729.0,BTU
2023-10-24 10:20:00,25.19,25.19,25.17,25.18,3505.0,BTU
2023-10-24 10:19:00,25.2,25.2,25.18,25.19,1350.0,BTU
2023-10-24 10:18:00,25.2,25.2,25.17,25.18,2946.0,BTU
2023-10-24 10:17:00,25.19,25.21,25.19,25.2,2507.0,BTU
2023-10-24 10:16:00,25.145,25.199,25.145,25.185,2602.0,BTU
2023-10-24 10:15:00,25.15,25.18,25.14,25.15,4140.0,BTU
2023-10-24 10:14:00,25.11,25.16,25.101,25.16,5147.0,BTU
2023-10-24 10:13:00,25.07,25.11,25.07,25.11,3314.0,BTU
2023-10-24 10:12:00,25.13,25.16,25.08,25.09,10556.0,BTU
2023-10-24 10:11:00,25.14,25.16,25.14,25.14,3715.0,BTU
2023-10-24 10:10:00,25.11,25.14,25.11,25.13,2845.0,BTU
2023-10-24 10:09:00,25.17,25.17,25.11,25.11,5202.0,BTU
2023-10-24 10:08:00,25.16,25.18,25.15,25.18,2261.0,BTU
2023-10-24 10:07:00,25.11,25.17,25.11,25.17,6938.0,BTU
2023-10-24 10:06:00,25.15,25.15,25.13,25.13,1140.0,BTU
2023-10-24 10:05:00,25.145,25.165,25.105,25.165,2340.0,BTU
2023-10-24 10:04:00,25.175,25.175,25.14,25.14,2250.0,BTU
2023-10-24 10:03:00,25.18,25.193,25.17,25.173,3647.0,BTU
2023-10-24 10:02:00,25.18,25.2,25.175,25.19,3780.0,BTU
2023-10-24 10:01:00,25.15,25.19,25.14,25.18,1856.0,BTU
2023-10-24 10:00:00,25.19,25.19,25.17,25.17,3002.0,BTU
2023-10-24 09:59:00,25.16,25.19,25.155,25.19,7158.0,BTU
2023-10-24 09:58:00,25.19,25.21,25.16,25.16,4704.0,BTU
2023-10-24 09:57:00,25.2,25.21,25.18,25.18,2855.0,BTU
2023-10-24 09:56:00,25.2,25.21,25.2,25.2,3705.0,BTU
2023-10-24 09:55:00,25.17,25.22,25.165,25.2,8902.0,BTU
2023-10-24 09:54:00,25.19,25.2,25.18,25.18,8486.0,BTU
2023-10-24 09:53:00,25.14,25.19,25.14,25.19,1730.0,BTU
2023-10-24 09:52:00,25.18,25.18,25.15,25.15,5182.0,BTU
2023-10-24 09:51:00,25.19,25.19,25.19,25.19,735.0,BTU
2023-10-24 09:50:00,25.25,25.25,25.18,25.19,2364.0,BTU
2023-10-24 09:49:00,25.21,25.24,25.12,25.213,19905.0,BTU
2023-10-24 09:48:00,25.08,25.21,25.08,25.21,3305.0,BTU
2023-10-24 09:47:00,25.09,25.14,25.07,25.08,3199.0,BTU
2023-10-24 09:46:00,25.08,25.11,25.08,25.1,1509.0,BTU
2023-10-24 09:45:00,25.075,25.09,25.06,25.06,1993.0,BTU
2023-10-24 09:44:00,25.14,25.15,25.09,25.12,12710.0,BTU
2023-10-24 09:43:00,25.16,25.17,25.14,25.17,7797.0,BTU
2023-10-24 09:42:00,25.24,25.27,25.16,25.16,15090.0,BTU
2023-10-24 09:41:00,25.24,25.24,25.21,25.24,3578.0,BTU
2023-10-24 09:40:00,25.23,25.25,25.2,25.23,6046.0,BTU
2023-10-24 09:39:00,25.26,25.26,25.237,25.237,824.0,BTU
2023-10-24 09:38:00,25.24,25.24,25.2,25.24,2022.0,BTU
2023-10-24 09:37:00,25.22,25.26,25.21,25.26,2642.0,BTU
2023-10-24 09:36:00,25.13,25.26,25.115,25.22,6343.0,BTU
2023-10-24 09:35:00,25.13,25.18,25.13,25.14,8935.0,BTU
2023-10-24 09:34:00,25.16,25.165,25.12,25.16,1446.0,BTU
2023-10-24 09:33:00,25.15,25.22,25.15,25.18,3448.0,BTU
2023-10-24 09:32:00,25.12,25.22,25.12,25.17,1809.0,BTU
2023-10-24 09:31:00,25.14,25.14,25.111,25.111,2170.0,BTU
2023-10-24 09:30:00,25.12,25.26,25.12,25.15,18492.0,BTU
2023-10-24 09:10:00,25.37,25.37,25.37,25.37,100.0,BTU
2023-10-24 09:09:00,24.502,24.502,24.502,24.502,12.0,BTU
2023-10-24 09:07:00,25.1,25.1,25.005,25.05,2000.0,BTU
2023-10-24 08:58:00,25.58,25.58,25.38,25.38,5.0,BTU
2023-10-24 08:55:00,25.58,25.58,25.58,25.58,3.0,BTU
2023-10-24 08:19:00,25.38,25.38,25.38,25.38,2.0,BTU
2023-10-24 08:01:00,25.63,25.63,25.63,25.63,1.0,BTU
2023-10-24 08:00:00,25.1,25.1,25.1,25.1,2.0,BTU
2023-10-24 07:52:00,25.26,25.26,25.25,25.25,2.0,BTU
2023-10-24 07:00:00,25.05,25.05,25.05,25.05,1.0,BTU
2023-10-23 19:00:00,25.03,25.03,25.03,25.03,138510.0,BTU
2023-10-23 18:30:00,25.03,25.03,25.03,25.03,138510.0,BTU
2023-10-23 18:19:00,25.05,25.05,25.05,25.05,4.0,BTU
2023-10-23 18:17:00,25.05,25.05,25.05,25.05,20.0,BTU
2023-10-23 18:07:00,25.05,25.05,25.05,25.05,2.0,BTU
2023-10-23 17:14:00,25.35,25.35,25.35,25.35,12.0,BTU
2023-10-23 17:09:00,25.09,25.1,25.09,25.1,16.0,BTU
2023-10-23 16:59:00,25.368,25.368,25.368,25.368,12.0,BTU
2023-10-23 16:32:00,25.21,25.3,25.15,25.3,100.0,BTU
2023-10-23 16:31:00,25.13,25.13,25.13,25.13,1.0,BTU
2023-10-23 16:27:00,25.13,25.13,25.13,25.13,1.0,BTU
2023-10-23 16:20:00,25.03,25.03,25.03,25.03,6.0,BTU
2023-10-23 16:14:00,25.04,25.04,25.04,25.04,800.0,BTU
2023-10-23 16:10:00,25.03,25.03,25.03,25.03,138510.0,BTU
2023-10-23 16:08:00,24.78,24.78,24.78,24.78,1.0,BTU
2023-10-23 16:01:00,25.03,25.03,25.03,25.03,6627.0,BTU
2023-10-23 16:00:00,25.03,25.03,25.03,25.03,302457.0,BTU
2023-10-23 15:59:00,25.07,25.08,25.03,25.03,74656.0,BTU
2023-10-23 15:58:00,25.075,25.08,25.06,25.07,28022.0,BTU
2023-10-23 15:57:00,25.07,25.1,25.065,25.075,25099.0,BTU
2023-10-23 15:56:00,25.09,25.1,25.06,25.065,23784.0,BTU
2023-10-23 15:55:00,25.06,25.1,25.06,25.085,27591.0,BTU
2023-10-23 15:54:00,25.065,25.08,25.04,25.055,23619.0,BTU
2023-10-23 15:53:00,25.06,25.07,25.055,25.07,11557.0,BTU
2023-10-23 15:52:00,25.035,25.06,25.03,25.06,16889.0,BTU
2023-10-23 15:51:00,25.06,25.06,25.035,25.035,10103.0,BTU
2023-10-23 15:50:00,25.04,25.06,25.02,25.06,24688.0,BTU
2023-10-23 15:49:00,25.05,25.05,25.04,25.05,10679.0,BTU
2023-10-23 15:48:00,25.075,25.09,25.05,25.06,6982.0,BTU
2023-10-23 15:47:00,25.06,25.08,25.04,25.075,17435.0,BTU
2023-10-23 15:46:00,25.055,25.069,25.045,25.06,23290.0,BTU
2023-10-23 15:45:00,25.04,25.055,25.025,25.055,5713.0,BTU
2023-10-23 15:44:00,25.05,25.05,25.035,25.045,3584.0,BTU
2023-10-23 15:43:00,25.03,25.05,25.025,25.05,11109.0,BTU
2023-10-23 15:42:00,25.025,25.03,25.02,25.02,3556.0,BTU
2023-10-23 15:41:00,25.035,25.04,25.025,25.029,3099.0,BTU
2023-10-23 15:40:00,25.06,25.09,25.04,25.04,9263.0,BTU
2023-10-23 15:39:00,25.04,25.06,25.03,25.06,6039.0,BTU
2023-10-23 15:38:00,25.065,25.065,25.045,25.045,2526.0,BTU
2023-10-23 15:37:00,25.05,25.07,25.045,25.066,7188.0,BTU
2023-10-23 15:36:00,25.06,25.06,25.045,25.055,2337.0,BTU
2023-10-23 15:35:00,25.06,25.065,25.05,25.065,2319.0,BTU
2023-10-23 15:34:00,25.075,25.075,25.05,25.065,3886.0,BTU
2023-10-23 15:33:00,25.06,25.09,25.06,25.08,5021.0,BTU
2023-10-23 15:32:00,25.045,25.05,25.042,25.05,3737.0,BTU
2023-10-23 15:31:00,25.015,25.04,25.01,25.04,4007.0,BTU
2023-10-23 15:30:00,25.04,25.04,25.01,25.015,11373.0,BTU
2023-10-23 15:29:00,25.04,25.04,25.035,25.04,1618.0,BTU
2023-10-23 15:28:00,25.04,25.04,25.04,25.04,1865.0,BTU
2023-10-23 15:27:00,25.03,25.04,25.025,25.03,4342.0,BTU
2023-10-23 15:26:00,25.04,25.049,25.04,25.04,2729.0,BTU
2023-10-23 15:25:00,25.035,25.035,25.015,25.03,2354.0,BTU
2023-10-23 15:24:00,25.021,25.04,25.015,25.03,5295.0,BTU
2023-10-23 15:23:00,25.03,25.03,25.015,25.025,3010.0,BTU
2023-10-23 15:22:00,25.05,25.05,25.03,25.035,3475.0,BTU
2023-10-23 15:21:00,25.055,25.055,25.05,25.05,1526.0,BTU
2023-10-23 15:20:00,25.07,25.07,25.06,25.06,1458.0,BTU
2023-10-23 15:19:00,25.05,25.08,25.05,25.07,3126.0,BTU
2023-10-23 15:18:00,25.05,25.055,25.045,25.045,2287.0,BTU
2023-10-23 15:17:00,25.055,25.055,25.045,25.05,817.0,BTU
2023-10-23 15:16:00,25.06,25.065,25.048,25.055,3199.0,BTU
2023-10-23 15:15:00,25.105,25.105,25.06,25.06,1997.0,BTU
2023-10-23 15:14:00,25.09,25.105,25.08,25.105,2615.0,BTU
2023-10-23 15:13:00,25.07,25.091,25.055,25.091,4852.0,BTU
2023-10-23 15:12:00,25.072,25.09,25.065,25.065,3959.0,BTU
2023-10-23 15:11:00,25.08,25.08,25.06,25.07,4361.0,BTU
2023-10-23 15:10:00,25.085,25.085,25.08,25.085,680.0,BTU
2023-10-23 15:09:00,25.09,25.1,25.08,25.085,2890.0,BTU
2023-10-23 15:08:00,25.13,25.13,25.085,25.085,1456.0,BTU
2023-10-23 15:07:00,25.12,25.135,25.12,25.13,5278.0,BTU
2023-10-23 15:06:00,25.12,25.125,25.11,25.11,3333.0,BTU
2023-10-23 15:05:00,25.11,25.13,25.11,25.12,3051.0,BTU
2023-10-23 15:04:00,25.11,25.12,25.11,25.11,2099.0,BTU
2023-10-23 15:03:00,25.12,25.12,25.1,25.1,1856.0,BTU
2023-10-23 15:02:00,25.12,25.12,25.11,25.11,2698.0,BTU
2023-10-23 15:01:00,25.12,25.12,25.12,25.12,568.0,BTU
2023-10-23 15:00:00,25.1,25.12,25.1,25.12,1695.0,BTU
2023-10-23 14:59:00,25.07,25.095,25.07,25.095,3517.0,BTU
2023-10-23 14:58:00,25.07,25.075,25.06,25.075,4455.0,BTU
2023-10-23 14:57:00,25.065,25.065,25.06,25.065,554.0,BTU
2023-10-23 14:56:00,25.08,25.08,25.07,25.07,1018.0,BTU
2023-10-23 14:55:00,25.07,25.09,25.07,25.08,2072.0,BTU
2023-10-23 14:54:00,25.07,25.075,25.07,25.075,624.0,BTU
2023-10-23 14:53:00,25.05,25.07,25.05,25.07,2613.0,BTU
2023-10-23 14:52:00,25.045,25.05,25.045,25.05,4704.0,BTU
2023-10-23 14:51:00,25.045,25.045,25.045,25.045,402.0,BTU
2023-10-23 14:50:00,25.045,25.045,25.035,25.045,2538.0,BTU
2023-10-23 14:49:00,25.065,25.07,25.05,25.05,1696.0,BTU
2023-10-23 14:48:00,25.07,25.07,25.06,25.06,2910.0,BTU
2023-10-23 14:47:00,25.07,25.07,25.06,25.06,721.0,BTU
2023-10-23 14:46:00,25.05,25.065,25.05,25.06,1978.0,BTU
2023-10-23 14:45:00,25.04,25.04,25.03,25.04,2125.0,BTU
2023-10-23 14:44:00,25.06,25.06,25.06,25.06,1092.0,BTU
2023-10-23 14:43:00,25.095,25.095,25.03,25.06,6602.0,BTU
2023-10-23 14:42:00,25.105,25.109,25.09,25.09,2066.0,BTU
2023-10-23 14:41:00,25.09,25.11,25.09,25.11,1937.0,BTU
2023-10-23 14:40:00,25.085,25.105,25.085,25.09,5002.0,BTU
2023-10-23 14:39:00,25.08,25.089,25.08,25.08,697.0,BTU
2023-10-23 14:38:00,25.08,25.09,25.08,25.08,1869.0,BTU
2023-10-23 14:37:00,25.085,25.09,25.08,25.08,1215.0,BTU
2023-10-23 14:36:00,25.085,25.095,25.08,25.09,1698.0,BTU
2023-10-23 14:35:00,25.08,25.085,25.08,25.08,1260.0,BTU
2023-10-23 14:34:00,25.11,25.12,25.09,25.09,2458.0,BTU
2023-10-23 14:33:00,25.111,25.12,25.11,25.11,574.0,BTU
2023-10-23 14:32:00,25.1,25.12,25.1,25.12,2644.0,BTU
2023-10-23 14:31:00,25.11,25.11,25.095,25.1,1250.0,BTU
2023-10-23 14:30:00,25.1,25.115,25.1,25.11,1601.0,BTU
2023-10-23 14:29:00,25.085,25.1,25.08,25.09,2001.0,BTU
2023-10-23 14:28:00,25.03,25.09,25.03,25.085,4305.0,BTU
2023-10-23 14:27:00,25.05,25.05,25.025,25.025,4571.0,BTU
2023-10-23 14:26:00,25.03,25.045,25.025,25.045,1499.0,BTU
2023-10-23 14:25:00,25.025,25.025,25.0,25.02,7787.0,BTU
2023-10-23 14:24:00,25.02,25.03,25.015,25.03,2752.0,BTU
2023-10-23 14:23:00,25.05,25.05,25.03,25.03,2925.0,BTU
2023-10-23 14:22:00,25.06,25.06,25.05,25.05,871.0,BTU
2023-10-23 14:21:00,25.07,25.075,25.065,25.07,1305.0,BTU
2023-10-23 14:20:00,25.086,25.086,25.06,25.07,3339.0,BTU
2023-10-23 14:19:00,25.1,25.1,25.07,25.08,2109.0,BTU
2023-10-23 14:18:00,25.1,25.11,25.1,25.105,2028.0,BTU
2023-10-23 14:17:00,25.08,25.09,25.08,25.09,1137.0,BTU
2023-10-23 14:16:00,25.11,25.11,25.09,25.09,2614.0,BTU
2023-10-23 14:15:00,25.11,25.11,25.11,25.11,1643.0,BTU
2023-10-23 14:14:00,25.11,25.115,25.11,25.11,1434.0,BTU
2023-10-23 14:13:00,25.1,25.105,25.09,25.1,1699.0,BTU
2023-10-23 14:12:00,25.1,25.1,25.09,25.1,1493.0,BTU
2023-10-23 14:11:00,25.11,25.11,25.1,25.11,1571.0,BTU
2023-10-23 14:10:00,25.13,25.13,25.115,25.115,1367.0,BTU
2023-10-23 14:09:00,25.13,25.13,25.125,25.125,689.0,BTU
2023-10-23 14:08:00,25.14,25.15,25.14,25.14,1787.0,BTU
2023-10-23 14:07:00,25.135,25.135,25.13,25.13,1180.0,BTU
2023-10-23 14:06:00,25.13,25.13,25.13,25.13,875.0,BTU
2023-10-23 14:05:00,25.135,25.14,25.13,25.14,2454.0,BTU
2023-10-23 14:04:00,25.13,25.135,25.13,25.135,1448.0,BTU
2023-10-23 14:03:00,25.13,25.13,25.13,25.13,1597.0,BTU
2023-10-23 14:02:00,25.13,25.13,25.13,25.13,800.0,BTU
2023-10-23 14:01:00,25.12,25.125,25.11,25.12,1731.0,BTU
2023-10-23 14:00:00,25.12,25.13,25.11,25.11,1756.0,BTU
2023-10-23 13:59:00,25.112,25.135,25.112,25.135,1324.0,BTU
2023-10-23 13:58:00,25.07,25.11,25.07,25.11,3652.0,BTU
2023-10-23 13:57:00,25.07,25.075,25.07,25.07,779.0,BTU
2023-10-23 13:56:00,25.06,25.06,25.045,25.06,8851.0,BTU
2023-10-23 13:55:00,25.065,25.065,25.06,25.06,468.0,BTU
2023-10-23 13:54:00,25.07,25.08,25.06,25.06,1448.0,BTU
2023-10-23 13:53:00,25.085,25.085,25.079,25.079,3588.0,BTU
2023-10-23 13:52:00,25.08,25.085,25.07,25.075,1991.0,BTU
2023-10-23 13:51:00,25.08,25.085,25.07,25.085,1847.0,BTU
2023-10-23 13:50:00,25.08,25.085,25.08,25.085,585.0,BTU
2023-10-23 13:49:00,25.08,25.08,25.08,25.08,656.0,BTU
2023-10-23 13:48:00,25.06,25.085,25.06,25.08,2111.0,BTU
2023-10-23 13:47:00,25.04,25.05,25.03,25.05,2227.0,BTU
2023-10-23 13:46:00,25.04,25.04,25.04,25.04,1515.0,BTU
2023-10-23 13:45:00,25.07,25.08,25.05,25.05,3206.0,BTU
2023-10-23 13:44:00,25.075,25.075,25.075,25.075,330.0,BTU
2023-10-23 13:43:00,25.07,25.08,25.07,25.08,1101.0,BTU
2023-10-23 13:42:00,25.07,25.07,25.06,25.065,1028.0,BTU
2023-10-23 13:41:00,25.04,25.075,25.04,25.075,3549.0,BTU
2023-10-23 13:40:00,25.03,25.05,25.03,25.05,1469.0,BTU
2023-10-23 13:39:00,25.04,25.046,25.04,25.04,4989.0,BTU
2023-10-23 13:38:00,25.075,25.075,25.04,25.04,1522.0,BTU
2023-10-23 13:37:00,25.07,25.075,25.07,25.075,501.0,BTU
2023-10-23 13:36:00,25.09,25.09,25.07,25.07,2487.0,BTU
2023-10-23 13:35:00,25.1,25.1,25.09,25.09,3641.0,BTU
2023-10-23 13:34:00,25.09,25.105,25.09,25.105,1319.0,BTU
2023-10-23 13:33:00,25.07,25.08,25.07,25.08,2094.0,BTU
2023-10-23 13:32:00,25.07,25.07,25.06,25.064,672.0,BTU
2023-10-23 13:31:00,25.07,25.07,25.07,25.07,1138.0,BTU
2023-10-23 13:30:00,25.14,25.14,25.08,25.08,7486.0,BTU
2023-10-23 13:29:00,25.13,25.15,25.13,25.15,656.0,BTU
2023-10-23 13:28:00,25.13,25.135,25.125,25.13,1368.0,BTU
2023-10-23 13:27:00,25.12,25.12,25.12,25.12,395.0,BTU
2023-10-23 13:26:00,25.11,25.11,25.11,25.11,978.0,BTU
2023-10-23 13:25:00,25.12,25.12,25.115,25.115,2618.0,BTU
2023-10-23 13:24:00,25.115,25.12,25.115,25.12,691.0,BTU
2023-10-23 13:23:00,25.11,25.12,25.11,25.11,1495.0,BTU
2023-10-23 13:22:00,25.149,25.15,25.12,25.12,1917.0,BTU
2023-10-23 13:21:00,25.155,25.16,25.14,25.14,1848.0,BTU
2023-10-23 13:20:00,25.15,25.16,25.14,25.16,2253.0,BTU
2023-10-23 13:19:00,25.15,25.153,25.15,25.15,2255.0,BTU
2023-10-23 13:18:00,25.145,25.15,25.145,25.15,1593.0,BTU
2023-10-23 13:17:00,25.16,25.16,25.145,25.145,1642.0,BTU
2023-10-23 13:16:00,25.152,25.155,25.152,25.155,1754.0,BTU
2023-10-23 13:15:00,25.15,25.155,25.14,25.155,1545.0,BTU
2023-10-23 13:14:00,25.15,25.155,25.15,25.15,765.0,BTU
2023-10-23 13:13:00,25.145,25.155,25.145,25.155,872.0,BTU
2023-10-23 13:12:00,25.15,25.15,25.13,25.14,5912.0,BTU
2023-10-23 13:11:00,25.14,25.14,25.13,25.13,2418.0,BTU
2023-10-23 13:10:00,25.14,25.14,25.14,25.14,217.0,BTU
2023-10-23 13:09:00,25.155,25.155,25.14,25.14,899.0,BTU
2023-10-23 13:08:00,25.15,25.15,25.15,25.15,588.0,BTU
2023-10-23 13:07:00,25.14,25.16,25.14,25.14,2944.0,BTU
2023-10-23 13:06:00,25.13,25.14,25.13,25.14,1089.0,BTU
2023-10-23 13:05:00,25.12,25.135,25.12,25.135,918.0,BTU
2023-10-23 13:04:00,25.13,25.13,25.11,25.115,2589.0,BTU
2023-10-23 13:03:00,25.14,25.14,25.12,25.12,4856.0,BTU
2023-10-23 13:02:00,25.161,25.161,25.14,25.14,960.0,BTU
2023-10-23 13:01:00,25.16,25.16,25.15,25.16,4332.0,BTU
2023-10-23 13:00:00,25.155,25.165,25.155,25.165,2412.0,BTU
2023-10-23 12:59:00,25.16,25.165,25.155,25.155,2875.0,BTU
2023-10-23 12:58:00,25.16,25.165,25.155,25.165,1084.0,BTU
2023-10-23 12:57:00,25.15,25.165,25.15,25.165,7875.0,BTU
2023-10-23 12:56:00,25.14,25.14,25.13,25.14,1233.0,BTU
2023-10-23 12:55:00,25.145,25.15,25.145,25.15,969.0,BTU
2023-10-23 12:54:00,25.127,25.14,25.127,25.14,1648.0,BTU
2023-10-23 12:53:00,25.12,25.135,25.12,25.13,1913.0,BTU
2023-10-23 12:52:00,25.12,25.12,25.12,25.12,291.0,BTU
2023-10-23 12:51:00,25.12,25.12,25.12,25.12,4092.0,BTU
2023-10-23 12:50:00,25.11,25.12,25.1,25.12,1760.0,BTU
2023-10-23 12:49:00,25.13,25.13,25.116,25.116,1590.0,BTU
2023-10-23 12:48:00,25.12,25.13,25.12,25.13,1096.0,BTU
2023-10-23 12:47:00,25.15,25.155,25.135,25.135,3269.0,BTU
2023-10-23 12:46:00,25.145,25.15,25.14,25.15,1272.0,BTU
2023-10-23 12:45:00,25.14,25.15,25.14,25.15,2280.0,BTU
2023-10-23 12:44:00,25.14,25.14,25.14,25.14,506.0,BTU
2023-10-23 12:43:00,25.13,25.13,25.13,25.13,384.0,BTU
2023-10-23 12:42:00,25.13,25.135,25.13,25.135,566.0,BTU
2023-10-23 12:40:00,25.13,25.13,25.105,25.12,3614.0,BTU
2023-10-23 12:39:00,25.14,25.16,25.14,25.14,2668.0,BTU
2023-10-23 12:38:00,25.13,25.135,25.13,25.135,1308.0,BTU
2023-10-23 12:37:00,25.12,25.12,25.11,25.12,1757.0,BTU
2023-10-23 12:36:00,25.126,25.126,25.11,25.12,1486.0,BTU
2023-10-23 12:35:00,25.14,25.14,25.12,25.12,838.0,BTU
2023-10-23 12:34:00,25.145,25.15,25.135,25.14,3747.0,BTU
2023-10-23 12:33:00,25.13,25.145,25.13,25.14,551.0,BTU
2023-10-23 12:32:00,25.14,25.14,25.13,25.14,1730.0,BTU
2023-10-23 12:31:00,25.131,25.145,25.131,25.14,605.0,BTU
2023-10-23 12:30:00,25.12,25.14,25.117,25.14,3073.0,BTU
2023-10-23 12:29:00,25.125,25.125,25.125,25.125,480.0,BTU
2023-10-23 12:28:00,25.11,25.12,25.11,25.12,862.0,BTU
2023-10-23 12:27:00,25.12,25.125,25.11,25.11,1806.0,BTU
2023-10-23 12:26:00,25.12,25.12,25.12,25.12,593.0,BTU
2023-10-23 12:25:00,25.13,25.13,25.125,25.125,1045.0,BTU
2023-10-23 12:24:00,25.14,25.14,25.13,25.14,1405.0,BTU
2023-10-23 12:23:00,25.14,25.155,25.14,25.15,2152.0,BTU
2023-10-23 12:22:00,25.1,25.135,25.1,25.125,1993.0,BTU
2023-10-23 12:21:00,25.1,25.1,25.09,25.09,1122.0,BTU
2023-10-23 12:20:00,25.09,25.09,25.09,25.09,893.0,BTU
2023-10-23 12:19:00,25.095,25.095,25.09,25.09,892.0,BTU
2023-10-23 12:18:00,25.09,25.1,25.09,25.1,1097.0,BTU
2023-10-23 12:17:00,25.12,25.12,25.1,25.1,2221.0,BTU
2023-10-23 12:16:00,25.15,25.15,25.11,25.115,2985.0,BTU
2023-10-23 12:15:00,25.155,25.155,25.15,25.15,848.0,BTU
2023-10-23 12:14:00,25.16,25.16,25.15,25.15,1600.0,BTU
2023-10-23 12:13:00,25.14,25.155,25.14,25.15,2259.0,BTU
2023-10-23 12:12:00,25.12,25.155,25.12,25.14,8176.0,BTU
2023-10-23 12:11:00,25.131,25.131,25.131,25.131,296.0,BTU
2023-10-23 12:10:00,25.14,25.14,25.13,25.13,1285.0,BTU
2023-10-23 12:09:00,25.106,25.15,25.106,25.15,8820.0,BTU
2023-10-23 12:08:00,25.13,25.14,25.09,25.1,6282.0,BTU
2023-10-23 12:07:00,25.14,25.14,25.116,25.13,2049.0,BTU
2023-10-23 12:06:00,25.11,25.14,25.11,25.14,1350.0,BTU
2023-10-23 12:05:00,25.15,25.15,25.11,25.11,2950.0,BTU
2023-10-23 12:04:00,25.135,25.15,25.135,25.145,1614.0,BTU
2023-10-23 12:03:00,25.13,25.13,25.13,25.13,1820.0,BTU
2023-10-23 12:02:00,25.15,25.15,25.13,25.138,1514.0,BTU
2023-10-23 12:01:00,25.15,25.175,25.15,25.16,2851.0,BTU
2023-10-23 12:00:00,25.155,25.16,25.14,25.14,1215.0,BTU
2023-10-23 11:59:00,25.165,25.165,25.16,25.16,883.0,BTU
2023-10-23 11:58:00,25.15,25.16,25.15,25.16,3369.0,BTU
2023-10-23 11:57:00,25.155,25.155,25.15,25.15,862.0,BTU
2023-10-23 11:56:00,25.155,25.16,25.155,25.155,609.0,BTU
2023-10-23 11:55:00,25.138,25.16,25.135,25.155,4874.0,BTU
2023-10-23 11:54:00,25.15,25.15,25.14,25.14,820.0,BTU
2023-10-23 11:53:00,25.15,25.155,25.15,25.155,522.0,BTU
2023-10-23 11:52:00,25.165,25.17,25.14,25.15,2685.0,BTU
2023-10-23 11:51:00,25.15,25.165,25.15,25.165,4283.0,BTU
2023-10-23 11:50:00,25.155,25.155,25.14,25.14,2058.0,BTU
2023-10-23 11:49:00,25.15,25.155,25.15,25.155,796.0,BTU
2023-10-23 11:48:00,25.17,25.18,25.16,25.16,1510.0,BTU
2023-10-23 11:47:00,25.155,25.16,25.14,25.16,1476.0,BTU
2023-10-23 11:46:00,25.165,25.165,25.15,25.15,1611.0,BTU
2023-10-23 11:45:00,25.18,25.185,25.16,25.16,5039.0,BTU
2023-10-23 11:44:00,25.2,25.205,25.165,25.171,2264.0,BTU
2023-10-23 11:43:00,25.21,25.21,25.205,25.205,881.0,BTU
2023-10-23 11:42:00,25.18,25.2,25.18,25.2,1984.0,BTU
2023-10-23 11:41:00,25.21,25.21,25.17,25.17,3319.0,BTU
2023-10-23 11:40:00,25.23,25.23,25.215,25.215,922.0,BTU
2023-10-23 11:39:00,25.23,25.23,25.22,25.22,1104.0,BTU
2023-10-23 11:38:00,25.225,25.243,25.225,25.24,4634.0,BTU
2023-10-23 11:37:00,25.22,25.23,25.215,25.225,1977.0,BTU
2023-10-23 11:35:00,25.235,25.235,25.22,25.22,2087.0,BTU
2023-10-23 11:34:00,25.25,25.25,25.235,25.24,1539.0,BTU
2023-10-23 11:33:00,25.24,25.26,25.24,25.25,1544.0,BTU
2023-10-23 11:31:00,25.29,25.29,25.223,25.23,3490.0,BTU
2023-10-23 11:30:00,25.225,25.31,25.225,25.291,37108.0,BTU
2023-10-23 11:29:00,25.205,25.221,25.205,25.221,857.0,BTU
2023-10-23 11:28:00,25.205,25.22,25.205,25.211,1334.0,BTU
2023-10-23 11:27:00,25.17,25.2,25.17,25.2,2377.0,BTU
2023-10-23 11:26:00,25.18,25.18,25.16,25.165,2145.0,BTU
2023-10-23 11:25:00,25.2,25.2,25.18,25.18,2784.0,BTU
2023-10-23 11:24:00,25.22,25.22,25.21,25.21,1301.0,BTU
2023-10-23 11:23:00,25.22,25.23,25.215,25.22,4026.0,BTU
2023-10-23 11:22:00,25.22,25.23,25.22,25.23,1172.0,BTU
2023-10-23 11:21:00,25.21,25.219,25.21,25.215,1349.0,BTU
2023-10-23 11:20:00,25.195,25.207,25.195,25.207,756.0,BTU
2023-10-23 11:19:00,25.2,25.2,25.2,25.2,1582.0,BTU
2023-10-23 11:18:00,25.17,25.19,25.17,25.19,2436.0,BTU
2023-10-23 11:17:00,25.2,25.2,25.16,25.16,2587.0,BTU
2023-10-23 11:16:00,25.22,25.23,25.2,25.2,10189.0,BTU
2023-10-23 11:15:00,25.19,25.22,25.19,25.22,2652.0,BTU
2023-10-23 11:14:00,25.21,25.21,25.2,25.21,993.0,BTU
2023-10-23 11:13:00,25.21,25.22,25.21,25.22,1467.0,BTU
2023-10-23 11:12:00,25.2,25.22,25.2,25.21,1801.0,BTU
2023-10-23 11:11:00,25.27,25.27,25.21,25.21,3207.0,BTU
2023-10-23 11:10:00,25.19,25.265,25.19,25.265,32834.0,BTU
2023-10-23 11:09:00,25.24,25.26,25.2,25.2,31034.0,BTU
2023-10-23 11:08:00,25.25,25.25,25.24,25.24,954.0,BTU
2023-10-23 11:07:00,25.23,25.25,25.2,25.25,2188.0,BTU
2023-10-23 11:06:00,25.22,25.24,25.22,25.22,1762.0,BTU
2023-10-23 11:05:00,25.17,25.22,25.17,25.21,6499.0,BTU
2023-10-23 11:04:00,25.19,25.19,25.17,25.17,1689.0,BTU
2023-10-23 11:03:00,25.16,25.18,25.16,25.16,2673.0,BTU
2023-10-23 11:02:00,25.09,25.145,25.09,25.145,3990.0,BTU
2023-10-23 11:01:00,25.08,25.09,25.075,25.09,5445.0,BTU
2023-10-23 11:00:00,25.09,25.09,25.045,25.07,38776.0,BTU
2023-10-23 10:59:00,25.07,25.1,25.07,25.1,1582.0,BTU
2023-10-23 10:58:00,25.08,25.08,25.08,25.08,974.0,BTU
2023-10-23 10:57:00,25.1,25.11,25.09,25.09,2515.0,BTU
2023-10-23 10:56:00,25.095,25.11,25.09,25.11,3561.0,BTU
2023-10-23 10:55:00,25.04,25.07,25.0,25.07,32697.0,BTU
2023-10-23 10:54:00,25.06,25.09,25.05,25.05,3254.0,BTU
2023-10-23 10:53:00,25.07,25.07,25.06,25.06,761.0,BTU
2023-10-23 10:52:00,25.07,25.07,25.07,25.07,507.0,BTU
2023-10-23 10:51:00,25.06,25.08,25.06,25.07,1923.0,BTU
2023-10-23 10:50:00,25.055,25.07,25.055,25.07,657.0,BTU
2023-10-23 10:49:00,25.05,25.07,25.04,25.06,1999.0,BTU
2023-10-23 10:48:00,25.065,25.065,25.05,25.06,7651.0,BTU
2023-10-23 10:47:00,25.05,25.07,25.05,25.065,3135.0,BTU
2023-10-23 10:46:00,25.04,25.04,25.03,25.04,2798.0,BTU
2023-10-23 10:45:00,25.03,25.04,25.03,25.03,990.0,BTU
2023-10-23 10:44:00,25.01,25.04,25.005,25.04,8595.0,BTU
2023-10-23 10:43:00,25.0,25.025,25.0,25.01,11549.0,BTU
2023-10-23 10:42:00,25.05,25.05,25.0,25.0,24108.0,BTU
2023-10-23 10:41:00,25.08,25.09,25.06,25.06,9815.0,BTU
2023-10-23 10:40:00,25.04,25.08,25.04,25.07,3155.0,BTU
2023-10-23 10:39:00,25.03,25.04,25.03,25.04,808.0,BTU
2023-10-23 10:38:00,24.97,25.03,24.97,25.02,1566.0,BTU
2023-10-23 10:37:00,24.97,24.97,24.96,24.96,2264.0,BTU
2023-10-23 10:36:00,24.99,24.99,24.97,24.97,1180.0,BTU
2023-10-23 10:35:00,24.99,25.0,24.99,25.0,695.0,BTU
2023-10-23 10:34:00,25.04,25.04,25.0,25.0,1281.0,BTU
2023-10-23 10:33:00,25.04,25.045,25.04,25.045,993.0,BTU
2023-10-23 10:32:00,25.076,25.076,25.05,25.05,3363.0,BTU
2023-10-23 10:31:00,25.07,25.08,25.06,25.07,2835.0,BTU
2023-10-23 10:30:00,25.06,25.1,25.06,25.06,2939.0,BTU
2023-10-23 10:29:00,25.07,25.07,25.04,25.07,3271.0,BTU
2023-10-23 10:28:00,25.07,25.074,25.07,25.074,1725.0,BTU
2023-10-23 10:27:00,25.11,25.11,25.08,25.08,2503.0,BTU
2023-10-23 10:26:00,25.141,25.141,25.11,25.11,1848.0,BTU
2023-10-23 10:25:00,25.13,25.15,25.13,25.131,4906.0,BTU
2023-10-23 10:24:00,25.12,25.12,25.1,25.12,2537.0,BTU
2023-10-23 10:23:00,25.09,25.117,25.09,25.11,7979.0,BTU
2023-10-23 10:22:00,25.105,25.105,25.09,25.09,2525.0,BTU
2023-10-23 10:21:00,25.11,25.12,25.1,25.1,4623.0,BTU
2023-10-23 10:20:00,25.12,25.12,25.09,25.11,3732.0,BTU
2023-10-23 10:19:00,25.12,25.13,25.12,25.125,1434.0,BTU
2023-10-23 10:18:00,25.09,25.11,25.08,25.11,3917.0,BTU
2023-10-23 10:17:00,24.99,25.08,24.99,25.08,3535.0,BTU
2023-10-23 10:16:00,25.0,25.01,24.99,24.99,4291.0,BTU
2023-10-23 10:15:00,25.02,25.02,25.0,25.01,1924.0,BTU
2023-10-23 10:14:00,25.03,25.035,25.02,25.035,1306.0,BTU
2023-10-23 10:13:00,25.05,25.06,25.04,25.04,2734.0,BTU
2023-10-23 10:12:00,25.05,25.05,25.03,25.05,2791.0,BTU
2023-10-23 10:11:00,25.07,25.08,25.06,25.06,1177.0,BTU
2023-10-23 10:10:00,25.025,25.08,25.025,25.065,4580.0,BTU
2023-10-23 10:09:00,24.995,25.02,24.995,25.02,3086.0,BTU
2023-10-23 10:08:00,24.99,24.99,24.97,24.99,984.0,BTU
2023-10-23 10:07:00,24.985,24.99,24.97,24.99,1466.0,BTU
2023-10-23 10:06:00,24.98,25.0,24.97,24.98,3757.0,BTU
2023-10-23 10:05:00,24.898,24.975,24.89,24.97,9041.0,BTU
2023-10-23 10:04:00,24.915,24.92,24.885,24.89,2177.0,BTU
2023-10-23 10:03:00,24.94,24.94,24.91,24.91,1406.0,BTU
2023-10-23 10:02:00,24.97,24.98,24.9,24.92,2766.0,BTU
2023-10-23 10:01:00,25.01,25.011,24.97,24.98,2483.0,BTU
2023-10-23 10:00:00,24.98,25.01,24.97,25.01,2067.0,BTU
2023-10-23 09:59:00,24.99,25.02,24.98,24.98,2646.0,BTU
2023-10-23 09:58:00,25.01,25.01,24.97,24.98,1901.0,BTU
2023-10-23 09:57:00,25.03,25.03,25.01,25.02,5781.0,BTU
2023-10-23 09:56:00,24.96,25.035,24.96,25.035,5759.0,BTU
2023-10-23 09:55:00,24.947,24.97,24.947,24.96,3542.0,BTU
2023-10-23 09:54:00,24.97,24.97,24.93,24.93,2541.0,BTU
2023-10-23 09:53:00,24.91,24.97,24.91,24.97,2883.0,BTU
2023-10-23 09:52:00,24.85,24.89,24.85,24.89,3477.0,BTU
2023-10-23 09:51:00,25.02,25.03,24.88,24.88,4364.0,BTU
2023-10-23 09:50:00,25.0,25.01,24.97,24.99,6748.0,BTU
2023-10-23 09:49:00,24.92,25.001,24.92,24.995,5606.0,BTU
2023-10-23 09:48:00,24.89,24.93,24.89,24.93,1903.0,BTU
2023-10-23 09:47:00,24.885,24.94,24.88,24.89,3352.0,BTU
2023-10-23 09:46:00,24.86,24.875,24.82,24.87,5303.0,BTU
2023-10-23 09:45:00,24.84,24.871,24.82,24.85,4768.0,BTU
2023-10-23 09:44:00,24.88,24.905,24.85,24.85,2410.0,BTU
2023-10-23 09:43:00,24.84,24.845,24.82,24.84,3058.0,BTU
2023-10-23 09:42:00,24.9,24.9,24.83,24.84,5760.0,BTU
2023-10-23 09:41:00,24.93,24.945,24.89,24.89,6835.0,BTU
2023-10-23 09:40:00,24.73,24.93,24.73,24.93,5960.0,BTU
2023-10-23 09:39:00,24.81,24.825,24.73,24.74,23059.0,BTU
2023-10-23 09:38:00,24.82,24.82,24.79,24.8,4247.0,BTU
2023-10-23 09:37:00,24.83,24.86,24.81,24.82,3840.0,BTU
2023-10-23 09:36:00,24.86,24.89,24.81,24.84,10520.0,BTU
2023-10-23 09:35:00,24.92,24.931,24.82,24.86,5391.0,BTU
2023-10-23 09:34:00,24.9,24.92,24.871,24.89,3396.0,BTU
2023-10-23 09:33:00,24.799,24.92,24.799,24.9,4346.0,BTU
2023-10-23 09:32:00,24.78,24.82,24.74,24.74,5756.0,BTU
2023-10-23 09:31:00,24.78,24.816,24.78,24.79,2330.0,BTU
2023-10-23 09:30:00,24.69,24.77,24.59,24.71,35948.0,BTU
2023-10-23 09:29:00,24.84,24.84,24.73,24.73,1819.0,BTU
2023-10-23 09:26:00,25.017,25.017,25.017,25.017,100.0,BTU
2023-10-23 09:15:00,24.88,24.91,24.84,24.84,175.0,BTU
2023-10-23 09:12:00,24.91,24.91,24.91,24.91,21.0,BTU
2023-10-23 08:59:00,24.92,24.92,24.89,24.89,802.0,BTU
2023-10-23 08:50:00,24.92,24.92,24.92,24.92,124.0,BTU
2023-10-23 08:46:00,24.91,24.91,24.91,24.91,10.0,BTU
2023-10-23 08:45:00,24.91,24.91,24.91,24.91,24.0,BTU
2023-10-23 08:10:00,24.75,24.75,24.75,24.75,200.0,BTU
2023-10-23 08:04:00,24.92,24.92,24.9,24.9,103.0,BTU
2023-10-23 08:00:00,24.92,24.92,24.92,24.92,1.0,BTU
2023-10-23 07:43:00,24.94,24.94,24.94,24.94,4.0,BTU
2023-10-23 07:13:00,24.94,24.94,24.94,24.94,50.0,BTU
2023-10-23 07:11:00,24.94,24.94,24.94,24.94,1.0,BTU
2023-10-23 07:00:00,24.94,25.01,24.94,25.01,26.0,BTU
2023-10-23 06:51:00,24.6,24.92,24.6,24.92,12.0,BTU
2023-10-23 06:47:00,25.0,25.0,25.0,25.0,4.0,BTU
2023-10-20 19:00:00,24.99,24.99,24.99,24.99,209522.0,BTU
2023-10-20 18:46:00,25.0,25.0,25.0,25.0,2.0,BTU
2023-10-20 18:30:00,24.99,24.99,24.99,24.99,209522.0,BTU
2023-10-20 18:23:00,25.01,25.01,25.01,25.01,1.0,BTU
2023-10-20 16:42:00,25.0,25.0,25.0,25.0,100.0,BTU
2023-10-20 16:37:00,24.94,24.94,24.934,24.94,400.0,BTU
2023-10-20 16:28:00,24.93,24.93,24.93,24.93,600.0,BTU
2023-10-20 16:21:00,24.98,24.98,24.98,24.98,800.0,BTU
2023-10-20 16:20:00,24.99,24.99,24.97,24.98,3777.0,BTU
2023-10-20 16:18:00,24.98,24.98,24.98,24.98,200.0,BTU
2023-10-20 16:10:00,24.99,24.99,24.99,24.99,209522.0,BTU
2023-10-20 16:04:00,24.98,24.98,24.98,24.98,210.0,BTU
2023-10-20 16:01:00,24.99,24.99,24.99,24.99,13742.0,BTU
2023-10-20 16:00:00,24.985,24.99,24.985,24.99,443535.0,BTU
2023-10-20 15:59:00,24.999,25.01,24.98,24.985,98905.0,BTU
2023-10-20 15:58:00,25.0,25.02,24.995,24.995,59890.0,BTU
2023-10-20 15:57:00,24.985,25.025,24.985,25.005,72603.0,BTU
2023-10-20 15:56:00,24.975,24.99,24.97,24.985,52319.0,BTU
2023-10-20 15:55:00,24.99,25.009,24.97,24.975,58749.0,BTU
2023-10-20 15:54:00,24.99,25.0,24.985,24.995,19380.0,BTU
2023-10-20 15:53:00,24.995,25.005,24.98,24.99,39636.0,BTU
2023-10-20 15:52:00,24.96,25.005,24.96,24.995,38766.0,BTU
2023-10-20 15:51:00,24.985,24.985,24.96,24.96,30630.0,BTU
2023-10-20 15:50:00,24.98,25.0,24.96,24.985,56320.0,BTU
2023-10-20 15:49:00,24.99,24.99,24.975,24.985,36163.0,BTU
2023-10-20 15:48:00,25.005,25.01,24.99,24.99,6572.0,BTU
2023-10-20 15:47:00,24.99,25.03,24.98,24.995,60710.0,BTU
2023-10-20 15:46:00,24.995,24.995,24.99,24.99,1818.0,BTU
2023-10-20 15:45:00,25.005,25.01,24.98,25.005,11008.0,BTU
2023-10-20 15:44:00,25.012,25.015,24.99,25.005,17986.0,BTU
2023-10-20 15:43:00,25.025,25.025,25.01,25.015,3680.0,BTU
2023-10-20 15:42:00,25.015,25.02,25.01,25.02,8246.0,BTU
2023-10-20 15:41:00,25.0,25.02,24.99,25.015,8198.0,BTU
2023-10-20 15:40:00,25.03,25.03,24.995,25.0,7155.0,BTU
2023-10-20 15:39:00,25.055,25.06,25.03,25.03,10112.0,BTU
2023-10-20 15:38:00,25.055,25.06,25.05,25.055,4223.0,BTU
2023-10-20 15:37:00,25.04,25.055,25.04,25.05,6654.0,BTU
2023-10-20 15:36:00,25.06,25.06,25.04,25.048,8881.0,BTU
2023-10-20 15:35:00,25.035,25.055,25.035,25.055,7320.0,BTU
2023-10-20 15:34:00,25.002,25.04,25.0,25.035,6673.0,BTU
2023-10-20 15:33:00,25.04,25.04,25.005,25.005,7465.0,BTU
2023-10-20 15:32:00,25.015,25.05,25.01,25.045,16723.0,BTU
2023-10-20 15:31:00,25.015,25.02,25.01,25.02,3136.0,BTU
2023-10-20 15:30:00,24.975,25.015,24.975,25.015,10542.0,BTU
2023-10-20 15:29:00,24.99,24.99,24.97,24.97,6484.0,BTU
2023-10-20 15:28:00,24.984,24.985,24.98,24.98,1479.0,BTU
2023-10-20 15:27:00,24.965,24.985,24.965,24.985,6089.0,BTU
2023-10-20 15:26:00,24.945,24.97,24.945,24.97,6579.0,BTU
2023-10-20 15:25:00,24.93,24.955,24.925,24.95,8466.0,BTU
2023-10-20 15:24:00,24.94,24.94,24.935,24.935,2542.0,BTU
2023-10-20 15:23:00,24.94,24.95,24.935,24.945,8906.0,BTU
2023-10-20 15:22:00,24.95,24.96,24.935,24.95,3643.0,BTU
2023-10-20 15:21:00,24.985,24.99,24.95,24.95,4677.0,BTU
2023-10-20 15:20:00,25.02,25.02,24.98,24.98,2623.0,BTU
2023-10-20 15:19:00,25.005,25.02,25.005,25.02,4010.0,BTU
2023-10-20 15:18:00,24.99,25.01,24.99,25.01,2810.0,BTU
2023-10-20 15:17:00,24.975,24.99,24.975,24.99,2642.0,BTU
2023-10-20 15:16:00,24.965,24.99,24.965,24.98,3639.0,BTU
2023-10-20 15:15:00,24.975,24.98,24.96,24.96,5559.0,BTU
2023-10-20 15:14:00,24.99,24.995,24.97,24.978,9996.0,BTU
2023-10-20 15:13:00,25.0,25.0,24.995,24.995,3935.0,BTU
2023-10-20 15:12:00,25.015,25.035,25.005,25.005,4477.0,BTU
2023-10-20 15:11:00,25.02,25.025,25.005,25.015,8688.0,BTU
2023-10-20 15:10:00,25.02,25.03,25.02,25.025,2103.0,BTU
2023-10-20 15:09:00,25.04,25.06,25.03,25.03,3484.0,BTU
2023-10-20 15:08:00,25.025,25.05,25.025,25.045,3694.0,BTU
2023-10-20 15:07:00,25.05,25.055,25.02,25.02,2908.0,BTU
2023-10-20 15:06:00,25.045,25.05,25.045,25.045,484.0,BTU
2023-10-20 15:05:00,25.01,25.05,25.01,25.045,5847.0,BTU
2023-10-20 15:04:00,25.015,25.025,25.01,25.01,1959.0,BTU
2023-10-20 15:03:00,25.01,25.025,25.01,25.015,6253.0,BTU
2023-10-20 15:02:00,25.015,25.015,25.01,25.015,1653.0,BTU
2023-10-20 15:01:00,25.03,25.03,25.015,25.02,2365.0,BTU
2023-10-20 15:00:00,25.03,25.05,25.03,25.04,5463.0,BTU
2023-10-20 14:59:00,25.04,25.04,25.02,25.02,1691.0,BTU
2023-10-20 14:58:00,25.04,25.04,25.03,25.03,4026.0,BTU
2023-10-20 14:57:00,25.05,25.05,25.05,25.05,951.0,BTU
2023-10-20 14:56:00,25.05,25.06,25.04,25.055,3380.0,BTU
2023-10-20 14:55:00,25.02,25.055,25.015,25.055,9192.0,BTU
2023-10-20 14:54:00,25.02,25.02,25.02,25.02,981.0,BTU
2023-10-20 14:53:00,25.01,25.02,25.01,25.02,726.0,BTU
2023-10-20 14:52:00,25.045,25.055,25.01,25.015,6618.0,BTU
2023-10-20 14:51:00,25.03,25.04,25.03,25.035,3070.0,BTU
2023-10-20 14:50:00,25.04,25.04,25.03,25.03,3034.0,BTU
2023-10-20 14:49:00,25.04,25.045,25.04,25.045,545.0,BTU
2023-10-20 14:48:00,25.05,25.05,25.04,25.04,2268.0,BTU
2023-10-20 14:47:00,25.05,25.06,25.045,25.05,2168.0,BTU
2023-10-20 14:46:00,25.055,25.06,25.045,25.055,2288.0,BTU
2023-10-20 14:45:00,25.08,25.08,25.055,25.055,10344.0,BTU
2023-10-20 14:44:00,25.085,25.085,25.08,25.085,1111.0,BTU
2023-10-20 14:43:00,25.095,25.095,25.08,25.085,3401.0,BTU
2023-10-20 14:42:00,25.08,25.11,25.08,25.1,7444.0,BTU
2023-10-20 14:41:00,25.085,25.09,25.08,25.085,1131.0,BTU
2023-10-20 14:40:00,25.1,25.1,25.08,25.08,3968.0,BTU
2023-10-20 14:39:00,25.105,25.105,25.1,25.105,590.0,BTU
2023-10-20 14:38:00,25.14,25.14,25.105,25.105,2355.0,BTU
2023-10-20 14:37:00,25.155,25.155,25.135,25.14,3994.0,BTU
2023-10-20 14:36:00,25.145,25.155,25.145,25.15,1561.0,BTU
2023-10-20 14:35:00,25.14,25.15,25.14,25.145,4297.0,BTU
2023-10-20 14:34:00,25.115,25.13,25.115,25.13,2830.0,BTU
2023-10-20 14:33:00,25.125,25.13,25.11,25.115,6249.0,BTU
2023-10-20 14:32:00,25.14,25.14,25.13,25.13,1397.0,BTU
2023-10-20 14:31:00,25.15,25.155,25.14,25.14,3754.0,BTU
2023-10-20 14:30:00,25.145,25.15,25.135,25.15,2777.0,BTU
2023-10-20 14:29:00,25.14,25.15,25.14,25.14,5104.0,BTU
2023-10-20 14:28:00,25.155,25.155,25.15,25.15,596.0,BTU
2023-10-20 14:27:00,25.135,25.155,25.135,25.155,2600.0,BTU
2023-10-20 14:26:00,25.135,25.135,25.125,25.135,2249.0,BTU
2023-10-20 14:25:00,25.15,25.15,25.131,25.14,3516.0,BTU
2023-10-20 14:24:00,25.15,25.155,25.15,25.15,1753.0,BTU
2023-10-20 14:23:00,25.15,25.16,25.15,25.155,931.0,BTU
2023-10-20 14:22:00,25.165,25.165,25.145,25.145,1860.0,BTU
2023-10-20 14:21:00,25.16,25.16,25.16,25.16,276.0,BTU
2023-10-20 14:20:00,25.15,25.175,25.15,25.165,2817.0,BTU
2023-10-20 14:19:00,25.11,25.14,25.11,25.14,2720.0,BTU
2023-10-20 14:18:00,25.15,25.15,25.11,25.11,2453.0,BTU
2023-10-20 14:17:00,25.16,25.16,25.14,25.15,2755.0,BTU
2023-10-20 14:16:00,25.11,25.16,25.11,25.16,8222.0,BTU
2023-10-20 14:15:00,25.12,25.12,25.11,25.11,1705.0,BTU
2023-10-20 14:14:00,25.13,25.13,25.12,25.125,1097.0,BTU
2023-10-20 14:13:00,25.125,25.125,25.12,25.12,2901.0,BTU
2023-10-20 14:12:00,25.12,25.125,25.11,25.125,2907.0,BTU
2023-10-20 14:11:00,25.115,25.12,25.105,25.115,3655.0,BTU
2023-10-20 14:10:00,25.11,25.115,25.11,25.115,2235.0,BTU
2023-10-20 14:09:00,25.14,25.14,25.11,25.11,4345.0,BTU
2023-10-20 14:08:00,25.15,25.15,25.135,25.14,2480.0,BTU
2023-10-20 14:07:00,25.15,25.15,25.14,25.14,4257.0,BTU
2023-10-20 14:06:00,25.13,25.15,25.13,25.15,6275.0,BTU
2023-10-20 14:05:00,25.15,25.15,25.14,25.14,1486.0,BTU
2023-10-20 14:04:00,25.16,25.16,25.14,25.14,1769.0,BTU
2023-10-20 14:03:00,25.17,25.17,25.152,25.152,4008.0,BTU
2023-10-20 14:02:00,25.175,25.18,25.165,25.18,1399.0,BTU
2023-10-20 14:01:00,25.185,25.19,25.16,25.175,2607.0,BTU
2023-10-20 14:00:00,25.18,25.195,25.18,25.18,3606.0,BTU
2023-10-20 13:59:00,25.165,25.18,25.155,25.18,3914.0,BTU
2023-10-20 13:58:00,25.165,25.17,25.16,25.165,3991.0,BTU
2023-10-20 13:57:00,25.19,25.2,25.16,25.17,8300.0,BTU
2023-10-20 13:56:00,25.185,25.2,25.185,25.195,4394.0,BTU
2023-10-20 13:54:00,25.18,25.185,25.18,25.185,2647.0,BTU
2023-10-20 13:53:00,25.2,25.2,25.18,25.185,1974.0,BTU
2023-10-20 13:52:00,25.195,25.195,25.19,25.19,3208.0,BTU
2023-10-20 13:51:00,25.175,25.2,25.175,25.2,4389.0,BTU
2023-10-20 13:50:00,25.175,25.175,25.175,25.175,543.0,BTU
2023-10-20 13:49:00,25.18,25.18,25.18,25.18,236.0,BTU
2023-10-20 13:48:00,25.19,25.19,25.18,25.18,1558.0,BTU
2023-10-20 13:47:00,25.17,25.195,25.17,25.195,4375.0,BTU
2023-10-20 13:46:00,25.16,25.165,25.16,25.165,931.0,BTU
2023-10-20 13:45:00,25.16,25.16,25.14,25.15,3919.0,BTU
2023-10-20 13:44:00,25.16,25.16,25.14,25.15,6377.0,BTU
2023-10-20 13:43:00,25.16,25.165,25.16,25.165,1079.0,BTU
2023-10-20 13:42:00,25.18,25.18,25.165,25.165,2003.0,BTU
2023-10-20 13:41:00,25.2,25.2,25.18,25.18,1532.0,BTU
2023-10-20 13:40:00,25.19,25.205,25.19,25.2,3398.0,BTU
2023-10-20 13:39:00,25.205,25.205,25.19,25.19,1563.0,BTU
2023-10-20 13:37:00,25.19,25.205,25.19,25.2,2704.0,BTU
2023-10-20 13:36:00,25.2,25.203,25.2,25.2,2599.0,BTU
2023-10-20 13:35:00,25.2,25.2,25.19,25.19,1398.0,BTU
2023-10-20 13:34:00,25.21,25.21,25.21,25.21,439.0,BTU
2023-10-20 13:33:00,25.215,25.22,25.215,25.22,1152.0,BTU
2023-10-20 13:32:00,25.175,25.215,25.175,25.21,7085.0,BTU
2023-10-20 13:31:00,25.21,25.21,25.17,25.17,4684.0,BTU
2023-10-20 13:30:00,25.24,25.24,25.22,25.22,978.0,BTU
2023-10-20 13:29:00,25.22,25.235,25.22,25.23,4320.0,BTU
2023-10-20 13:28:00,25.22,25.23,25.22,25.23,4429.0,BTU
2023-10-20 13:27:00,25.25,25.25,25.23,25.23,1186.0,BTU
2023-10-20 13:26:00,25.23,25.27,25.225,25.26,3532.0,BTU
2023-10-20 13:25:00,25.22,25.225,25.21,25.22,1771.0,BTU
2023-10-20 13:24:00,25.18,25.22,25.18,25.22,2590.0,BTU
2023-10-20 13:23:00,25.185,25.185,25.17,25.17,1829.0,BTU
2023-10-20 13:22:00,25.19,25.21,25.18,25.19,3501.0,BTU
2023-10-20 13:21:00,25.22,25.225,25.19,25.19,1293.0,BTU
2023-10-20 13:20:00,25.17,25.22,25.17,25.22,4388.0,BTU
2023-10-20 13:19:00,25.16,25.18,25.16,25.16,4953.0,BTU
2023-10-20 13:18:00,25.18,25.18,25.16,25.17,3465.0,BTU
2023-10-20 13:17:00,25.21,25.22,25.19,25.19,2645.0,BTU
2023-10-20 13:16:00,25.19,25.23,25.165,25.19,16057.0,BTU
2023-10-20 13:15:00,25.205,25.205,25.175,25.18,2786.0,BTU
2023-10-20 13:14:00,25.22,25.22,25.209,25.209,2092.0,BTU
2023-10-20 13:13:00,25.2,25.21,25.195,25.21,2860.0,BTU
2023-10-20 13:12:00,25.19,25.205,25.19,25.2,1631.0,BTU
2023-10-20 13:11:00,25.185,25.195,25.185,25.185,2024.0,BTU
2023-10-20 13:10:00,25.2,25.21,25.185,25.185,2646.0,BTU
2023-10-20 13:09:00,25.2,25.21,25.195,25.195,2448.0,BTU
2023-10-20 13:08:00,25.232,25.232,25.19,25.195,3059.0,BTU
2023-10-20 13:07:00,25.21,25.235,25.21,25.235,2701.0,BTU
2023-10-20 13:06:00,25.22,25.23,25.215,25.215,4572.0,BTU
2023-10-20 13:05:00,25.21,25.22,25.2,25.215,6479.0,BTU
2023-10-20 13:04:00,25.21,25.215,25.21,25.215,779.0,BTU
2023-10-20 13:03:00,25.24,25.24,25.21,25.21,1992.0,BTU
2023-10-20 13:02:00,25.22,25.24,25.22,25.23,3043.0,BTU
2023-10-20 13:01:00,25.24,25.24,25.23,25.23,868.0,BTU
2023-10-20 13:00:00,25.25,25.255,25.23,25.25,3536.0,BTU
2023-10-20 12:59:00,25.27,25.275,25.26,25.26,2788.0,BTU
2023-10-20 12:58:00,25.24,25.265,25.24,25.265,3638.0,BTU
2023-10-20 12:57:00,25.22,25.23,25.22,25.23,2617.0,BTU
2023-10-20 12:56:00,25.24,25.24,25.23,25.23,926.0,BTU
2023-10-20 12:55:00,25.24,25.245,25.23,25.24,1856.0,BTU
2023-10-20 12:54:00,25.245,25.255,25.245,25.25,2573.0,BTU
2023-10-20 12:53:00,25.25,25.25,25.24,25.245,5233.0,BTU
2023-10-20 12:52:00,25.24,25.24,25.24,25.24,105.0,BTU
2023-10-20 12:51:00,25.28,25.28,25.25,25.25,2899.0,BTU
2023-10-20 12:50:00,25.25,25.28,25.245,25.275,4763.0,BTU
2023-10-20 12:49:00,25.248,25.25,25.245,25.245,622.0,BTU
2023-10-20 12:48:00,25.25,25.25,25.245,25.245,347.0,BTU
2023-10-20 12:47:00,25.25,25.255,25.24,25.245,1887.0,BTU
2023-10-20 12:46:00,25.24,25.26,25.24,25.255,3084.0,BTU
2023-10-20 12:45:00,25.255,25.27,25.24,25.24,2879.0,BTU
2023-10-20 12:44:00,25.26,25.27,25.26,25.26,1319.0,BTU
2023-10-20 12:43:00,25.27,25.27,25.25,25.25,1426.0,BTU
2023-10-20 12:42:00,25.27,25.279,25.27,25.27,2403.0,BTU
2023-10-20 12:41:00,25.29,25.299,25.275,25.28,1656.0,BTU
2023-10-20 12:40:00,25.33,25.33,25.3,25.3,1786.0,BTU
2023-10-20 12:39:00,25.34,25.34,25.33,25.34,2512.0,BTU
2023-10-20 12:38:00,25.3,25.34,25.3,25.34,3674.0,BTU
2023-10-20 12:37:00,25.3,25.33,25.3,25.315,2843.0,BTU
2023-10-20 12:36:00,25.28,25.3,25.28,25.295,3189.0,BTU
2023-10-20 12:35:00,25.28,25.29,25.27,25.275,4850.0,BTU
2023-10-20 12:34:00,25.29,25.31,25.285,25.295,4721.0,BTU
2023-10-20 12:33:00,25.295,25.295,25.28,25.28,946.0,BTU
2023-10-20 12:32:00,25.29,25.295,25.275,25.295,2710.0,BTU
2023-10-20 12:31:00,25.315,25.315,25.29,25.295,2429.0,BTU
2023-10-20 12:30:00,25.3,25.325,25.3,25.315,2626.0,BTU
2023-10-20 12:29:00,25.305,25.305,25.3,25.3,993.0,BTU
2023-10-20 12:28:00,25.29,25.305,25.29,25.305,1619.0,BTU
2023-10-20 12:27:00,25.285,25.29,25.27,25.29,8957.0,BTU
2023-10-20 12:26:00,25.305,25.305,25.28,25.285,12443.0,BTU
2023-10-20 12:25:00,25.32,25.325,25.3,25.3,9881.0,BTU
2023-10-20 12:24:00,25.31,25.32,25.31,25.32,3991.0,BTU
2023-10-20 12:23:00,25.3,25.305,25.3,25.305,4363.0,BTU
2023-10-20 12:22:00,25.255,25.295,25.255,25.295,4536.0,BTU
2023-10-20 12:21:00,25.249,25.26,25.241,25.255,3020.0,BTU
2023-10-20 12:20:00,25.237,25.25,25.237,25.25,2558.0,BTU
2023-10-20 12:19:00,25.23,25.24,25.225,25.24,2390.0,BTU
2023-10-20 12:18:00,25.235,25.24,25.22,25.24,2858.0,BTU
2023-10-20 12:17:00,25.235,25.24,25.22,25.24,6457.0,BTU
2023-10-20 12:16:00,25.22,25.25,25.22,25.24,5573.0,BTU
2023-10-20 12:15:00,25.24,25.245,25.22,25.22,1493.0,BTU
2023-10-20 12:14:00,25.245,25.245,25.245,25.245,282.0,BTU
2023-10-20 12:13:00,25.225,25.245,25.22,25.245,3132.0,BTU
2023-10-20 12:12:00,25.24,25.24,25.23,25.23,1043.0,BTU
2023-10-20 12:11:00,25.26,25.26,25.24,25.24,399.0,BTU
2023-10-20 12:10:00,25.25,25.26,25.245,25.26,2247.0,BTU
2023-10-20 12:09:00,25.26,25.26,25.24,25.255,2790.0,BTU
2023-10-20 12:08:00,25.245,25.27,25.245,25.27,3377.0,BTU
2023-10-20 12:07:00,25.26,25.26,25.24,25.245,4689.0,BTU
2023-10-20 12:06:00,25.265,25.265,25.26,25.265,1027.0,BTU
2023-10-20 12:05:00,25.27,25.29,25.27,25.28,2026.0,BTU
2023-10-20 12:04:00,25.305,25.305,25.28,25.28,2578.0,BTU
2023-10-20 12:03:00,25.28,25.3,25.28,25.3,5121.0,BTU
2023-10-20 12:02:00,25.325,25.325,25.29,25.29,3769.0,BTU
2023-10-20 12:01:00,25.325,25.34,25.325,25.33,1084.0,BTU
2023-10-20 12:00:00,25.36,25.36,25.33,25.33,1620.0,BTU
2023-10-20 11:59:00,25.39,25.39,25.35,25.35,2957.0,BTU
2023-10-20 11:58:00,25.375,25.39,25.375,25.39,3905.0,BTU
2023-10-20 11:57:00,25.37,25.37,25.343,25.37,3353.0,BTU
2023-10-20 11:56:00,25.36,25.38,25.35,25.38,4172.0,BTU
2023-10-20 11:55:00,25.31,25.36,25.31,25.36,5580.0,BTU
2023-10-20 11:54:00,25.35,25.35,25.31,25.31,1764.0,BTU
2023-10-20 11:53:00,25.34,25.36,25.33,25.35,5128.0,BTU
2023-10-20 11:52:00,25.28,25.335,25.28,25.335,13168.0,BTU
2023-10-20 11:51:00,25.27,25.275,25.25,25.275,11133.0,BTU
2023-10-20 11:50:00,25.275,25.275,25.275,25.275,324.0,BTU
2023-10-20 11:49:00,25.27,25.275,25.26,25.26,2210.0,BTU
2023-10-20 11:48:00,25.28,25.285,25.26,25.26,4524.0,BTU
2023-10-20 11:47:00,25.25,25.27,25.25,25.27,2126.0,BTU
2023-10-20 11:46:00,25.26,25.28,25.25,25.26,3845.0,BTU
2023-10-20 11:45:00,25.21,25.27,25.21,25.27,2490.0,BTU
2023-10-20 11:44:00,25.21,25.22,25.21,25.22,1226.0,BTU
2023-10-20 11:43:00,25.18,25.215,25.18,25.195,3361.0,BTU
2023-10-20 11:42:00,25.14,25.18,25.14,25.18,2661.0,BTU
2023-10-20 11:41:00,25.11,25.145,25.105,25.14,4657.0,BTU
2023-10-20 11:40:00,25.13,25.13,25.08,25.105,13400.0,BTU
2023-10-20 11:39:00,25.12,25.15,25.12,25.14,1416.0,BTU
2023-10-20 11:38:00,25.111,25.14,25.11,25.13,18141.0,BTU
2023-10-20 11:37:00,25.09,25.12,25.09,25.11,4947.0,BTU
2023-10-20 11:36:00,25.12,25.125,25.08,25.08,2709.0,BTU
2023-10-20 11:35:00,25.12,25.12,25.11,25.12,3803.0,BTU
2023-10-20 11:34:00,25.1,25.125,25.1,25.115,5095.0,BTU
2023-10-20 11:33:00,25.15,25.15,25.12,25.12,841.0,BTU
2023-10-20 11:32:00,25.16,25.165,25.16,25.16,2576.0,BTU
2023-10-20 11:31:00,25.17,25.19,25.165,25.165,3061.0,BTU
2023-10-20 11:30:00,25.17,25.19,25.17,25.17,5247.0,BTU
2023-10-20 11:29:00,25.16,25.18,25.16,25.18,2461.0,BTU
2023-10-20 11:28:00,25.16,25.16,25.13,25.16,5336.0,BTU
2023-10-20 11:27:00,25.135,25.16,25.13,25.16,4879.0,BTU
2023-10-20 11:26:00,25.165,25.17,25.13,25.13,8709.0,BTU
2023-10-20 11:25:00,25.18,25.195,25.17,25.17,6209.0,BTU
2023-10-20 11:24:00,25.14,25.18,25.14,25.18,4716.0,BTU
2023-10-20 11:23:00,25.11,25.14,25.09,25.14,9692.0,BTU
2023-10-20 11:22:00,25.06,25.13,25.05,25.129,34349.0,BTU
2023-10-20 11:21:00,25.085,25.1,25.07,25.07,3228.0,BTU
2023-10-20 11:20:00,25.03,25.08,25.03,25.07,5600.0,BTU
2023-10-20 11:19:00,25.005,25.03,25.005,25.03,2004.0,BTU
2023-10-20 11:18:00,25.015,25.02,25.01,25.01,1405.0,BTU
2023-10-20 11:17:00,24.99,25.025,24.99,25.02,5563.0,BTU
2023-10-20 11:16:00,25.02,25.02,25.0,25.01,2507.0,BTU
2023-10-20 11:15:00,25.02,25.04,25.0,25.01,3485.0,BTU
2023-10-20 11:14:00,25.02,25.035,25.02,25.03,5218.0,BTU
2023-10-20 11:13:00,25.04,25.04,25.03,25.03,1058.0,BTU
2023-10-20 11:12:00,25.04,25.04,25.04,25.04,350.0,BTU
2023-10-20 11:11:00,25.065,25.065,25.04,25.04,2319.0,BTU
2023-10-20 11:10:00,25.05,25.07,25.05,25.06,6787.0,BTU
2023-10-20 11:09:00,25.05,25.06,25.05,25.06,1081.0,BTU
2023-10-20 11:08:00,25.035,25.04,25.03,25.04,2451.0,BTU
2023-10-20 11:07:00,25.03,25.035,25.025,25.035,2895.0,BTU
2023-10-20 11:06:00,25.03,25.06,25.03,25.03,4125.0,BTU
2023-10-20 11:05:00,25.045,25.045,25.02,25.02,1059.0,BTU
2023-10-20 11:04:00,25.07,25.07,25.05,25.055,2216.0,BTU
2023-10-20 11:03:00,25.07,25.07,25.07,25.07,583.0,BTU
2023-10-20 11:02:00,25.11,25.11,25.09,25.09,1509.0,BTU
2023-10-20 11:01:00,25.13,25.14,25.12,25.12,3786.0,BTU
2023-10-20 11:00:00,25.11,25.15,25.11,25.13,2562.0,BTU
2023-10-20 10:59:00,25.11,25.125,25.1,25.11,6029.0,BTU
2023-10-20 10:58:00,25.04,25.105,25.025,25.105,5404.0,BTU
2023-10-20 10:57:00,25.08,25.08,25.04,25.045,2275.0,BTU
2023-10-20 10:56:00,25.05,25.08,25.045,25.08,4578.0,BTU
2023-10-20 10:55:00,25.03,25.05,25.02,25.05,4762.0,BTU
2023-10-20 10:54:00,25.07,25.07,25.035,25.035,8283.0,BTU
2023-10-20 10:53:00,25.09,25.11,25.07,25.07,3957.0,BTU
2023-10-20 10:52:00,25.05,25.085,25.045,25.085,11788.0,BTU
2023-10-20 10:51:00,25.02,25.04,24.995,25.04,9427.0,BTU
2023-10-20 10:50:00,25.035,25.04,25.03,25.03,3580.0,BTU
2023-10-20 10:49:00,25.03,25.05,25.03,25.04,7561.0,BTU
2023-10-20 10:48:00,24.97,25.03,24.97,25.02,2553.0,BTU
2023-10-20 10:47:00,24.98,24.98,24.97,24.97,1875.0,BTU
2023-10-20 10:46:00,24.95,25.02,24.95,25.01,3062.0,BTU
2023-10-20 10:45:00,24.92,24.947,24.92,24.947,1442.0,BTU
2023-10-20 10:44:00,24.93,24.94,24.93,24.93,4414.0,BTU
2023-10-20 10:43:00,24.99,24.99,24.93,24.935,2507.0,BTU
2023-10-20 10:42:00,25.04,25.04,25.0,25.0,2593.0,BTU
2023-10-20 10:41:00,25.047,25.05,25.03,25.04,2881.0,BTU
2023-10-20 10:40:00,25.1,25.1,25.04,25.04,4738.0,BTU
2023-10-20 10:39:00,25.111,25.111,25.1,25.105,3610.0,BTU
2023-10-20 10:38:00,25.11,25.11,25.095,25.11,3698.0,BTU
2023-10-20 10:37:00,25.12,25.12,25.1,25.11,4758.0,BTU
2023-10-20 10:36:00,25.06,25.15,25.06,25.135,20436.0,BTU
2023-10-20 10:35:00,25.07,25.07,25.05,25.05,1430.0,BTU
2023-10-20 10:34:00,24.99,25.05,24.99,25.05,4125.0,BTU
2023-10-20 10:33:00,24.98,24.995,24.98,24.98,3399.0,BTU
2023-10-20 10:32:00,24.95,24.98,24.94,24.98,2997.0,BTU
2023-10-20 10:31:00,24.94,24.97,24.94,24.95,3187.0,BTU
2023-10-20 10:30:00,24.94,24.94,24.925,24.94,3227.0,BTU
2023-10-20 10:29:00,24.93,24.935,24.902,24.935,4482.0,BTU
2023-10-20 10:28:00,24.92,24.93,24.92,24.93,3624.0,BTU
2023-10-20 10:27:00,24.91,24.935,24.91,24.935,2301.0,BTU
2023-10-20 10:26:00,24.969,24.97,24.91,24.92,18644.0,BTU
2023-10-20 10:25:00,24.93,24.965,24.93,24.96,3488.0,BTU
2023-10-20 10:24:00,24.93,24.95,24.92,24.92,6524.0,BTU
2023-10-20 10:23:00,24.935,24.95,24.92,24.93,10232.0,BTU
2023-10-20 10:22:00,24.89,24.93,24.87,24.926,14039.0,BTU
2023-10-20 10:21:00,24.89,24.94,24.885,24.89,24980.0,BTU
2023-10-20 10:20:00,24.98,24.98,24.89,24.89,8775.0,BTU
2023-10-20 10:19:00,25.02,25.03,24.985,24.985,9497.0,BTU
2023-10-20 10:18:00,25.05,25.05,25.02,25.03,3384.0,BTU
2023-10-20 10:17:00,25.05,25.08,25.045,25.05,4592.0,BTU
2023-10-20 10:16:00,25.02,25.05,25.015,25.05,4915.0,BTU
2023-10-20 10:15:00,25.05,25.06,25.02,25.02,6319.0,BTU
2023-10-20 10:14:00,25.09,25.09,25.07,25.07,2432.0,BTU
2023-10-20 10:13:00,25.11,25.122,25.1,25.1,7693.0,BTU
2023-10-20 10:12:00,25.14,25.15,25.115,25.12,5018.0,BTU
2023-10-20 10:11:00,25.18,25.18,25.14,25.145,5005.0,BTU
2023-10-20 10:10:00,25.18,25.2,25.175,25.19,6494.0,BTU
2023-10-20 10:09:00,25.17,25.17,25.165,25.17,2065.0,BTU
2023-10-20 10:08:00,25.16,25.17,25.14,25.17,2831.0,BTU
2023-10-20 10:07:00,25.19,25.19,25.16,25.17,4459.0,BTU
2023-10-20 10:06:00,25.245,25.245,25.21,25.21,3740.0,BTU
2023-10-20 10:05:00,25.27,25.281,25.23,25.23,1966.0,BTU
2023-10-20 10:04:00,25.27,25.28,25.26,25.27,879.0,BTU
2023-10-20 10:03:00,25.33,25.34,25.28,25.28,1970.0,BTU
2023-10-20 10:02:00,25.3,25.33,25.3,25.32,3659.0,BTU
2023-10-20 10:01:00,25.31,25.31,25.29,25.3,2479.0,BTU
2023-10-20 10:00:00,25.29,25.3,25.29,25.3,1900.0,BTU
2023-10-20 09:59:00,25.305,25.325,25.3,25.3,1771.0,BTU
2023-10-20 09:58:00,25.3,25.308,25.3,25.3,1632.0,BTU
2023-10-20 09:57:00,25.34,25.34,25.31,25.31,2002.0,BTU
2023-10-20 09:56:00,25.372,25.38,25.37,25.37,1690.0,BTU
2023-10-20 09:55:00,25.35,25.35,25.35,25.35,1076.0,BTU
2023-10-20 09:54:00,25.34,25.35,25.33,25.35,2552.0,BTU
2023-10-20 09:53:00,25.39,25.39,25.33,25.33,5726.0,BTU
2023-10-20 09:52:00,25.37,25.41,25.37,25.39,2802.0,BTU
2023-10-20 09:51:00,25.35,25.365,25.35,25.36,3130.0,BTU
2023-10-20 09:50:00,25.38,25.38,25.33,25.34,6708.0,BTU
2023-10-20 09:49:00,25.36,25.38,25.36,25.38,1664.0,BTU
2023-10-20 09:48:00,25.353,25.37,25.35,25.35,1950.0,BTU
2023-10-20 09:47:00,25.269,25.35,25.269,25.35,8313.0,BTU
2023-10-20 09:46:00,25.26,25.26,25.24,25.252,1899.0,BTU
2023-10-20 09:45:00,25.19,25.28,25.19,25.25,4294.0,BTU
2023-10-20 09:44:00,25.18,25.23,25.18,25.18,4528.0,BTU
2023-10-20 09:43:00,25.212,25.218,25.18,25.19,1095.0,BTU
2023-10-20 09:42:00,25.25,25.27,25.23,25.24,8458.0,BTU
2023-10-20 09:41:00,25.341,25.4,25.27,25.27,7725.0,BTU
2023-10-20 09:40:00,25.36,25.36,25.31,25.33,5953.0,BTU
2023-10-20 09:39:00,25.388,25.388,25.33,25.35,2533.0,BTU
2023-10-20 09:38:00,25.4,25.41,25.39,25.39,1764.0,BTU
2023-10-20 09:37:00,25.39,25.42,25.375,25.38,4634.0,BTU
2023-10-20 09:36:00,25.4,25.4,25.37,25.4,2131.0,BTU
2023-10-20 09:35:00,25.41,25.41,25.365,25.39,3209.0,BTU
2023-10-20 09:34:00,25.487,25.487,25.4,25.41,3107.0,BTU
2023-10-20 09:33:00,25.53,25.53,25.51,25.51,1216.0,BTU
2023-10-20 09:32:00,25.53,25.55,25.505,25.55,2958.0,BTU
2023-10-20 09:31:00,25.37,25.5,25.37,25.5,9651.0,BTU
2023-10-20 09:30:00,25.32,25.404,25.32,25.38,60677.0,BTU
2023-10-20 09:28:00,25.4,25.4,25.4,25.4,132.0,BTU
2023-10-20 09:20:00,25.37,25.37,25.37,25.37,200.0,BTU
2023-10-20 09:12:00,25.35,25.35,25.35,25.35,500.0,BTU
2023-10-20 08:43:00,25.35,25.35,25.35,25.35,2.0,BTU
2023-10-20 07:02:00,25.39,25.39,25.39,25.39,2.0,BTU
2023-10-20 07:00:00,25.4,25.4,25.4,25.4,118.0,BTU
2023-10-19 19:29:00,25.25,25.25,25.25,25.25,474.0,BTU
2023-10-19 19:28:00,25.4,25.4,25.4,25.4,26.0,BTU
2023-10-19 19:00:00,25.42,25.42,25.42,25.42,315470.0,BTU
2023-10-19 18:30:00,25.42,25.42,25.42,25.42,315470.0,BTU
2023-10-19 17:59:00,25.42,25.42,25.42,25.42,1.0,BTU
2023-10-19 16:20:00,25.42,25.42,25.42,25.42,1.0,BTU
2023-10-19 16:10:00,25.42,25.42,25.42,25.42,315470.0,BTU
2023-10-19 16:08:00,25.17,25.17,25.17,25.17,1.0,BTU
2023-10-19 16:04:00,25.42,25.42,25.42,25.42,340.0,BTU
2023-10-19 16:01:00,25.42,25.42,25.42,25.42,6426.0,BTU
2023-10-19 16:00:00,25.425,25.425,25.17,25.42,643980.0,BTU
2023-10-19 15:59:00,25.455,25.46,25.405,25.425,58875.0,BTU
2023-10-19 15:58:00,25.435,25.47,25.43,25.46,32546.0,BTU
2023-10-19 15:57:00,25.455,25.47,25.435,25.435,36593.0,BTU
2023-10-19 15:56:00,25.44,25.46,25.435,25.455,26512.0,BTU
2023-10-19 15:55:00,25.405,25.44,25.4,25.44,20445.0,BTU
2023-10-19 15:54:00,25.39,25.41,25.38,25.41,24749.0,BTU
2023-10-19 15:53:00,25.37,25.39,25.36,25.39,17825.0,BTU
2023-10-19 15:52:00,25.345,25.38,25.345,25.37,15245.0,BTU
2023-10-19 15:51:00,25.375,25.38,25.33,25.345,23677.0,BTU
2023-10-19 15:50:00,25.37,25.39,25.37,25.375,9995.0,BTU
2023-10-19 15:49:00,25.35,25.405,25.35,25.375,28743.0,BTU
2023-10-19 15:48:00,25.365,25.38,25.35,25.35,7402.0,BTU
2023-10-19 15:47:00,25.34,25.36,25.33,25.36,25257.0,BTU
2023-10-19 15:46:00,25.35,25.35,25.31,25.33,20018.0,BTU
2023-10-19 15:45:00,25.35,25.36,25.335,25.355,10640.0,BTU
2023-10-19 15:44:00,25.33,25.355,25.33,25.355,28449.0,BTU
2023-10-19 15:43:00,25.335,25.34,25.315,25.34,16081.0,BTU
2023-10-19 15:42:00,25.33,25.34,25.33,25.335,4616.0,BTU
2023-10-19 15:41:00,25.335,25.34,25.33,25.33,4076.0,BTU
2023-10-19 15:40:00,25.335,25.34,25.335,25.34,4336.0,BTU
2023-10-19 15:39:00,25.335,25.34,25.322,25.335,6893.0,BTU
2023-10-19 15:38:00,25.35,25.35,25.335,25.34,5390.0,BTU
2023-10-19 15:37:00,25.35,25.353,25.345,25.351,3349.0,BTU
2023-10-19 15:36:00,25.36,25.365,25.34,25.36,17538.0,BTU
2023-10-19 15:35:00,25.385,25.389,25.365,25.365,16350.0,BTU
2023-10-19 15:34:00,25.35,25.38,25.346,25.38,7004.0,BTU
2023-10-19 15:33:00,25.37,25.37,25.345,25.35,2778.0,BTU
2023-10-19 15:32:00,25.385,25.39,25.37,25.37,8845.0,BTU
2023-10-19 15:31:00,25.365,25.385,25.365,25.385,3816.0,BTU
2023-10-19 15:30:00,25.35,25.365,25.35,25.365,7488.0,BTU
2023-10-19 15:29:00,25.345,25.35,25.345,25.35,2744.0,BTU
2023-10-19 15:28:00,25.345,25.35,25.337,25.345,1473.0,BTU
2023-10-19 15:27:00,25.355,25.365,25.345,25.345,6382.0,BTU
2023-10-19 15:26:00,25.34,25.35,25.34,25.35,7847.0,BTU
2023-10-19 15:25:00,25.35,25.35,25.34,25.345,5018.0,BTU
2023-10-19 15:24:00,25.35,25.35,25.335,25.35,2937.0,BTU
2023-10-19 15:23:00,25.36,25.36,25.34,25.35,13284.0,BTU
2023-10-19 15:22:00,25.34,25.37,25.34,25.37,10796.0,BTU
2023-10-19 15:21:00,25.37,25.37,25.35,25.35,1812.0,BTU
2023-10-19 15:20:00,25.375,25.405,25.375,25.38,3531.0,BTU
2023-10-19 15:19:00,25.36,25.38,25.36,25.375,1296.0,BTU
2023-10-19 15:18:00,25.335,25.36,25.335,25.355,4005.0,BTU
2023-10-19 15:17:00,25.34,25.34,25.33,25.33,1720.0,BTU
2023-10-19 15:16:00,25.35,25.35,25.325,25.34,6557.0,BTU
2023-10-19 15:15:00,25.36,25.36,25.35,25.35,978.0,BTU
2023-10-19 15:14:00,25.345,25.365,25.332,25.36,12470.0,BTU
2023-10-19 15:13:00,25.35,25.35,25.34,25.345,6353.0,BTU
2023-10-19 15:12:00,25.355,25.355,25.35,25.355,5903.0,BTU
2023-10-19 15:11:00,25.365,25.365,25.36,25.36,1854.0,BTU
2023-10-19 15:10:00,25.365,25.37,25.365,25.37,514.0,BTU
2023-10-19 15:09:00,25.34,25.38,25.34,25.365,12282.0,BTU
2023-10-19 15:08:00,25.335,25.335,25.335,25.335,1770.0,BTU
2023-10-19 15:07:00,25.332,25.34,25.332,25.335,1235.0,BTU
2023-10-19 15:06:00,25.35,25.35,25.33,25.33,8786.0,BTU
2023-10-19 15:05:00,25.355,25.355,25.35,25.35,890.0,BTU
2023-10-19 15:04:00,25.355,25.355,25.35,25.35,575.0,BTU
2023-10-19 15:03:00,25.34,25.35,25.34,25.35,2394.0,BTU
2023-10-19 15:02:00,25.375,25.375,25.345,25.345,2591.0,BTU
2023-10-19 15:01:00,25.34,25.37,25.34,25.37,2413.0,BTU
2023-10-19 15:00:00,25.32,25.335,25.31,25.335,7393.0,BTU
2023-10-19 14:59:00,25.33,25.335,25.32,25.32,7915.0,BTU
2023-10-19 14:58:00,25.315,25.34,25.315,25.335,3699.0,BTU
2023-10-19 14:57:00,25.305,25.31,25.3,25.31,5990.0,BTU
2023-10-19 14:56:00,25.325,25.325,25.3,25.305,5895.0,BTU
2023-10-19 14:55:00,25.31,25.325,25.31,25.325,3376.0,BTU
2023-10-19 14:54:00,25.32,25.325,25.315,25.315,3040.0,BTU
2023-10-19 14:53:00,25.285,25.33,25.285,25.33,51427.0,BTU
2023-10-19 14:52:00,25.255,25.29,25.251,25.285,7592.0,BTU
2023-10-19 14:51:00,25.285,25.29,25.25,25.255,11009.0,BTU
2023-10-19 14:50:00,25.285,25.29,25.28,25.28,8562.0,BTU
2023-10-19 14:49:00,25.285,25.29,25.285,25.285,1030.0,BTU
2023-10-19 14:48:00,25.295,25.3,25.28,25.285,13051.0,BTU
2023-10-19 14:47:00,25.285,25.305,25.28,25.295,34961.0,BTU
2023-10-19 14:46:00,25.285,25.29,25.285,25.29,670.0,BTU
2023-10-19 14:45:00,25.32,25.32,25.29,25.29,10770.0,BTU
2023-10-19 14:44:00,25.315,25.325,25.31,25.32,4873.0,BTU
2023-10-19 14:43:00,25.31,25.315,25.31,25.315,2635.0,BTU
2023-10-19 14:42:00,25.325,25.325,25.31,25.315,1514.0,BTU
2023-10-19 14:41:00,25.335,25.335,25.32,25.32,2138.0,BTU
2023-10-19 14:40:00,25.34,25.34,25.315,25.335,5160.0,BTU
2023-10-19 14:39:00,25.335,25.345,25.335,25.345,1656.0,BTU
2023-10-19 14:38:00,25.33,25.335,25.33,25.33,4529.0,BTU
2023-10-19 14:37:00,25.33,25.335,25.32,25.32,3513.0,BTU
2023-10-19 14:35:00,25.34,25.34,25.335,25.335,1562.0,BTU
2023-10-19 14:34:00,25.335,25.345,25.335,25.345,2515.0,BTU
2023-10-19 14:33:00,25.31,25.335,25.302,25.33,4550.0,BTU
2023-10-19 14:32:00,25.3,25.315,25.295,25.315,3349.0,BTU
2023-10-19 14:31:00,25.31,25.31,25.295,25.305,1651.0,BTU
2023-10-19 14:30:00,25.34,25.34,25.31,25.31,8607.0,BTU
2023-10-19 14:29:00,25.32,25.345,25.32,25.345,2358.0,BTU
2023-10-19 14:28:00,25.34,25.34,25.32,25.32,2221.0,BTU
2023-10-19 14:27:00,25.33,25.34,25.325,25.34,5882.0,BTU
2023-10-19 14:26:00,25.32,25.325,25.32,25.32,1029.0,BTU
2023-10-19 14:25:00,25.325,25.325,25.31,25.315,3198.0,BTU
2023-10-19 14:24:00,25.325,25.325,25.32,25.32,1045.0,BTU
2023-10-19 14:23:00,25.33,25.33,25.32,25.32,2549.0,BTU
2023-10-19 14:22:00,25.295,25.33,25.285,25.33,13548.0,BTU
2023-10-19 14:21:00,25.29,25.3,25.285,25.295,4724.0,BTU
2023-10-19 14:20:00,25.3,25.3,25.28,25.285,5712.0,BTU
2023-10-19 14:19:00,25.305,25.305,25.295,25.295,5753.0,BTU
2023-10-19 14:18:00,25.305,25.31,25.3,25.305,1065.0,BTU
2023-10-19 14:17:00,25.305,25.31,25.305,25.305,963.0,BTU
2023-10-19 14:16:00,25.31,25.31,25.305,25.305,1230.0,BTU
2023-10-19 14:15:00,25.3,25.31,25.295,25.31,5316.0,BTU
2023-10-19 14:14:00,25.32,25.32,25.302,25.305,1135.0,BTU
2023-10-19 14:13:00,25.32,25.32,25.32,25.32,1955.0,BTU
2023-10-19 14:12:00,25.315,25.32,25.315,25.32,1550.0,BTU
2023-10-19 14:11:00,25.35,25.35,25.305,25.305,2428.0,BTU
2023-10-19 14:10:00,25.315,25.345,25.315,25.345,2940.0,BTU
2023-10-19 14:09:00,25.32,25.32,25.32,25.32,211.0,BTU
2023-10-19 14:08:00,25.34,25.34,25.33,25.33,2114.0,BTU
2023-10-19 14:07:00,25.35,25.355,25.34,25.345,6704.0,BTU
2023-10-19 14:06:00,25.345,25.35,25.34,25.345,2652.0,BTU
2023-10-19 14:05:00,25.365,25.365,25.34,25.34,2704.0,BTU
2023-10-19 14:04:00,25.36,25.365,25.36,25.36,1786.0,BTU
2023-10-19 14:03:00,25.365,25.365,25.36,25.36,1715.0,BTU
2023-10-19 14:02:00,25.325,25.36,25.325,25.36,4025.0,BTU
2023-10-19 14:01:00,25.325,25.325,25.32,25.32,687.0,BTU
2023-10-19 14:00:00,25.335,25.335,25.325,25.33,1732.0,BTU
2023-10-19 13:59:00,25.32,25.32,25.315,25.32,1416.0,BTU
2023-10-19 13:58:00,25.32,25.325,25.31,25.325,2470.0,BTU
2023-10-19 13:57:00,25.295,25.32,25.295,25.32,4530.0,BTU
2023-10-19 13:56:00,25.305,25.305,25.29,25.3,2582.0,BTU
2023-10-19 13:55:00,25.27,25.3,25.27,25.3,2597.0,BTU
2023-10-19 13:54:00,25.255,25.265,25.25,25.265,3314.0,BTU
2023-10-19 13:53:00,25.265,25.27,25.26,25.26,2439.0,BTU
2023-10-19 13:52:00,25.26,25.275,25.26,25.27,2446.0,BTU
2023-10-19 13:51:00,25.315,25.32,25.27,25.27,3908.0,BTU
2023-10-19 13:50:00,25.31,25.31,25.31,25.31,746.0,BTU
2023-10-19 13:49:00,25.285,25.31,25.28,25.31,5001.0,BTU
2023-10-19 13:48:00,25.305,25.31,25.285,25.285,2939.0,BTU
2023-10-19 13:47:00,25.3,25.31,25.3,25.3,2172.0,BTU
2023-10-19 13:46:00,25.295,25.305,25.28,25.29,13325.0,BTU
2023-10-19 13:45:00,25.31,25.33,25.305,25.31,2395.0,BTU
2023-10-19 13:44:00,25.325,25.325,25.305,25.31,2370.0,BTU
2023-10-19 13:43:00,25.325,25.33,25.315,25.32,1793.0,BTU
2023-10-19 13:42:00,25.34,25.34,25.32,25.32,1160.0,BTU
2023-10-19 13:41:00,25.34,25.34,25.33,25.33,2981.0,BTU
2023-10-19 13:40:00,25.345,25.355,25.34,25.34,2160.0,BTU
2023-10-19 13:39:00,25.35,25.355,25.335,25.34,2114.0,BTU
2023-10-19 13:38:00,25.345,25.35,25.345,25.35,1663.0,BTU
2023-10-19 13:37:00,25.33,25.35,25.32,25.335,7673.0,BTU
2023-10-19 13:36:00,25.32,25.33,25.32,25.32,2687.0,BTU
2023-10-19 13:35:00,25.305,25.34,25.305,25.32,8567.0,BTU
2023-10-19 13:34:00,25.32,25.32,25.31,25.31,1430.0,BTU
2023-10-19 13:33:00,25.33,25.33,25.31,25.32,1666.0,BTU
2023-10-19 13:32:00,25.39,25.39,25.34,25.34,8387.0,BTU
2023-10-19 13:31:00,25.41,25.41,25.395,25.395,1740.0,BTU
2023-10-19 13:30:00,25.405,25.41,25.395,25.41,1999.0,BTU
2023-10-19 13:29:00,25.375,25.405,25.375,25.405,2635.0,BTU
2023-10-19 13:28:00,25.4,25.4,25.37,25.375,6050.0,BTU
2023-10-19 13:27:00,25.4,25.405,25.395,25.4,2390.0,BTU
2023-10-19 13:26:00,25.405,25.42,25.385,25.385,3485.0,BTU
2023-10-19 13:25:00,25.41,25.41,25.4,25.4,2595.0,BTU
2023-10-19 13:24:00,25.425,25.43,25.42,25.42,1692.0,BTU
2023-10-19 13:23:00,25.43,25.43,25.4,25.42,3697.0,BTU
2023-10-19 13:22:00,25.45,25.45,25.43,25.44,1822.0,BTU
2023-10-19 13:21:00,25.46,25.47,25.46,25.46,1818.0,BTU
2023-10-19 13:20:00,25.45,25.46,25.45,25.46,1179.0,BTU
2023-10-19 13:19:00,25.44,25.45,25.435,25.45,4408.0,BTU
2023-10-19 13:18:00,25.44,25.44,25.42,25.43,5888.0,BTU
2023-10-19 13:17:00,25.47,25.47,25.45,25.45,13255.0,BTU
2023-10-19 13:16:00,25.43,25.485,25.43,25.47,18207.0,BTU
2023-10-19 13:15:00,25.425,25.43,25.42,25.42,2814.0,BTU
2023-10-19 13:14:00,25.439,25.44,25.42,25.42,3936.0,BTU
2023-10-19 13:13:00,25.435,25.44,25.435,25.435,2882.0,BTU
2023-10-19 13:12:00,25.42,25.45,25.42,25.43,3432.0,BTU
2023-10-19 13:11:00,25.44,25.44,25.42,25.42,916.0,BTU
2023-10-19 13:10:00,25.425,25.45,25.425,25.44,6652.0,BTU
2023-10-19 13:09:00,25.429,25.44,25.425,25.43,3968.0,BTU
2023-10-19 13:08:00,25.42,25.43,25.42,25.42,911.0,BTU
2023-10-19 13:07:00,25.44,25.45,25.42,25.42,4922.0,BTU
2023-10-19 13:06:00,25.42,25.47,25.42,25.45,4095.0,BTU
2023-10-19 13:05:00,25.4,25.42,25.4,25.42,6193.0,BTU
2023-10-19 13:04:00,25.41,25.41,25.4,25.41,2769.0,BTU
2023-10-19 13:03:00,25.41,25.41,25.41,25.41,522.0,BTU
2023-10-19 13:02:00,25.395,25.42,25.395,25.415,4063.0,BTU
2023-10-19 13:01:00,25.41,25.42,25.39,25.39,10392.0,BTU
2023-10-19 13:00:00,25.39,25.4,25.39,25.39,3340.0,BTU
2023-10-19 12:59:00,25.36,25.385,25.36,25.385,1132.0,BTU
2023-10-19 12:58:00,25.38,25.38,25.37,25.38,2247.0,BTU
2023-10-19 12:57:00,25.42,25.42,25.37,25.37,6186.0,BTU
2023-10-19 12:56:00,25.42,25.42,25.413,25.413,1664.0,BTU
2023-10-19 12:55:00,25.43,25.45,25.4,25.41,5116.0,BTU
2023-10-19 12:54:00,25.44,25.45,25.41,25.42,6114.0,BTU
2023-10-19 12:53:00,25.43,25.47,25.43,25.435,3189.0,BTU
2023-10-19 12:52:00,25.41,25.43,25.405,25.43,4286.0,BTU
2023-10-19 12:51:00,25.39,25.405,25.38,25.405,3815.0,BTU
2023-10-19 12:50:00,25.39,25.39,25.37,25.38,6045.0,BTU
2023-10-19 12:49:00,25.4,25.4,25.38,25.39,2475.0,BTU
2023-10-19 12:48:00,25.39,25.43,25.39,25.41,3043.0,BTU
2023-10-19 12:47:00,25.37,25.39,25.37,25.39,2685.0,BTU
2023-10-19 12:46:00,25.37,25.385,25.37,25.371,5864.0,BTU
2023-10-19 12:45:00,25.35,25.37,25.35,25.36,3346.0,BTU
2023-10-19 12:44:00,25.34,25.34,25.32,25.33,2686.0,BTU
2023-10-19 12:43:00,25.315,25.345,25.315,25.345,1935.0,BTU
2023-10-19 12:42:00,25.34,25.345,25.33,25.33,4447.0,BTU
2023-10-19 12:41:00,25.3,25.325,25.28,25.325,1758.0,BTU
2023-10-19 12:40:00,25.29,25.31,25.29,25.29,2620.0,BTU
2023-10-19 12:39:00,25.26,25.28,25.26,25.28,2833.0,BTU
2023-10-19 12:38:00,25.3,25.3,25.26,25.26,2386.0,BTU
2023-10-19 12:37:00,25.33,25.34,25.3,25.3,3668.0,BTU
2023-10-19 12:36:00,25.36,25.364,25.345,25.35,3361.0,BTU
2023-10-19 12:35:00,25.34,25.355,25.34,25.355,979.0,BTU
2023-10-19 12:34:00,25.38,25.39,25.35,25.35,3379.0,BTU
2023-10-19 12:33:00,25.43,25.43,25.385,25.385,3162.0,BTU
2023-10-19 12:32:00,25.4,25.415,25.39,25.415,1837.0,BTU
2023-10-19 12:31:00,25.43,25.44,25.405,25.405,3972.0,BTU
2023-10-19 12:30:00,25.43,25.43,25.42,25.43,987.0,BTU
2023-10-19 12:29:00,25.45,25.45,25.425,25.44,1400.0,BTU
2023-10-19 12:28:00,25.436,25.44,25.436,25.44,729.0,BTU
2023-10-19 12:27:00,25.43,25.43,25.43,25.43,1788.0,BTU
2023-10-19 12:26:00,25.415,25.42,25.415,25.42,617.0,BTU
2023-10-19 12:25:00,25.45,25.46,25.45,25.46,4438.0,BTU
2023-10-19 12:24:00,25.5,25.5,25.475,25.475,1259.0,BTU
2023-10-19 12:23:00,25.5,25.5,25.49,25.49,458.0,BTU
2023-10-19 12:22:00,25.5,25.52,25.5,25.51,5236.0,BTU
2023-10-19 12:21:00,25.49,25.495,25.465,25.495,12515.0,BTU
2023-10-19 12:20:00,25.455,25.48,25.455,25.472,1779.0,BTU
2023-10-19 12:19:00,25.45,25.47,25.45,25.45,4109.0,BTU
2023-10-19 12:18:00,25.415,25.45,25.415,25.44,6198.0,BTU
2023-10-19 12:17:00,25.428,25.43,25.42,25.42,2305.0,BTU
2023-10-19 12:16:00,25.41,25.42,25.41,25.42,1170.0,BTU
2023-10-19 12:15:00,25.4,25.4,25.4,25.4,505.0,BTU
2023-10-19 12:14:00,25.38,25.42,25.38,25.405,2501.0,BTU
2023-10-19 12:13:00,25.395,25.395,25.38,25.38,1780.0,BTU
2023-10-19 12:12:00,25.4,25.41,25.39,25.39,1129.0,BTU
2023-10-19 12:11:00,25.4,25.4,25.39,25.39,1030.0,BTU
2023-10-19 12:10:00,25.39,25.39,25.39,25.39,292.0,BTU
2023-10-19 12:09:00,25.39,25.4,25.39,25.4,1386.0,BTU
2023-10-19 12:08:00,25.38,25.39,25.38,25.39,1651.0,BTU
2023-10-19 12:07:00,25.37,25.38,25.355,25.37,2634.0,BTU
2023-10-19 12:06:00,25.34,25.375,25.34,25.37,2258.0,BTU
2023-10-19 12:05:00,25.37,25.38,25.34,25.34,3949.0,BTU
2023-10-19 12:04:00,25.38,25.39,25.37,25.37,1240.0,BTU
2023-10-19 12:03:00,25.41,25.41,25.39,25.39,2374.0,BTU
2023-10-19 12:02:00,25.37,25.4,25.37,25.4,1775.0,BTU
2023-10-19 12:01:00,25.34,25.36,25.34,25.36,665.0,BTU
2023-10-19 12:00:00,25.31,25.35,25.265,25.35,6534.0,BTU
2023-10-19 11:59:00,25.27,25.31,25.27,25.31,9526.0,BTU
2023-10-19 11:58:00,25.27,25.27,25.25,25.26,2278.0,BTU
2023-10-19 11:57:00,25.31,25.31,25.265,25.275,2368.0,BTU
2023-10-19 11:56:00,25.235,25.3,25.235,25.295,12217.0,BTU
2023-10-19 11:55:00,25.245,25.245,25.23,25.238,2852.0,BTU
2023-10-19 11:54:00,25.24,25.245,25.235,25.235,1688.0,BTU
2023-10-19 11:53:00,25.33,25.33,25.25,25.25,2360.0,BTU
2023-10-19 11:52:00,25.28,25.325,25.28,25.325,5055.0,BTU
2023-10-19 11:51:00,25.299,25.3,25.27,25.27,5917.0,BTU
2023-10-19 11:50:00,25.36,25.365,25.3,25.3,4259.0,BTU
2023-10-19 11:49:00,25.4,25.4,25.345,25.35,6516.0,BTU
2023-10-19 11:48:00,25.41,25.41,25.41,25.41,938.0,BTU
2023-10-19 11:47:00,25.41,25.415,25.41,25.415,1272.0,BTU
2023-10-19 11:46:00,25.4,25.4,25.39,25.4,1850.0,BTU
2023-10-19 11:45:00,25.385,25.4,25.385,25.4,2286.0,BTU
2023-10-19 11:44:00,25.375,25.385,25.375,25.385,1541.0,BTU
2023-10-19 11:43:00,25.385,25.385,25.375,25.375,1518.0,BTU
2023-10-19 11:42:00,25.395,25.4,25.38,25.38,3823.0,BTU
2023-10-19 11:41:00,25.38,25.395,25.38,25.395,1643.0,BTU
2023-10-19 11:40:00,25.375,25.38,25.36,25.37,4879.0,BTU
2023-10-19 11:39:00,25.38,25.38,25.38,25.38,783.0,BTU
2023-10-19 11:38:00,25.38,25.405,25.37,25.37,6955.0,BTU
2023-10-19 11:37:00,25.39,25.4,25.39,25.4,100784.0,BTU
2023-10-19 11:36:00,25.39,25.395,25.37,25.38,6989.0,BTU
2023-10-19 11:35:00,25.37,25.4,25.365,25.4,6076.0,BTU
2023-10-19 11:34:00,25.38,25.38,25.37,25.371,3418.0,BTU
2023-10-19 11:33:00,25.39,25.39,25.38,25.38,1826.0,BTU
2023-10-19 11:32:00,25.385,25.4,25.385,25.4,1072.0,BTU
2023-10-19 11:31:00,25.385,25.39,25.385,25.385,1112.0,BTU
2023-10-19 11:30:00,25.38,25.39,25.365,25.38,3115.0,BTU
2023-10-19 11:29:00,25.38,25.38,25.37,25.37,1020.0,BTU
2023-10-19 11:28:00,25.42,25.42,25.385,25.385,4444.0,BTU
2023-10-19 11:27:00,25.46,25.46,25.44,25.44,1776.0,BTU
2023-10-19 11:26:00,25.44,25.46,25.43,25.46,1045.0,BTU
2023-10-19 11:25:00,25.44,25.44,25.43,25.44,2421.0,BTU
2023-10-19 11:24:00,25.405,25.42,25.405,25.42,1085.0,BTU
2023-10-19 11:23:00,25.44,25.44,25.4,25.41,4567.0,BTU
2023-10-19 11:22:00,25.46,25.47,25.45,25.45,2817.0,BTU
2023-10-19 11:21:00,25.42,25.44,25.42,25.44,1361.0,BTU
2023-10-19 11:20:00,25.44,25.45,25.44,25.44,2025.0,BTU
2023-10-19 11:19:00,25.4,25.43,25.4,25.43,5478.0,BTU
2023-10-19 11:18:00,25.4,25.4,25.39,25.395,2484.0,BTU
2023-10-19 11:17:00,25.42,25.435,25.4,25.41,15500.0,BTU
2023-10-19 11:16:00,25.435,25.44,25.43,25.43,1585.0,BTU
2023-10-19 11:15:00,25.44,25.45,25.43,25.435,5203.0,BTU
2023-10-19 11:14:00,25.45,25.45,25.445,25.445,1186.0,BTU
2023-10-19 11:13:00,25.44,25.44,25.44,25.44,201.0,BTU
2023-10-19 11:12:00,25.451,25.454,25.45,25.45,1016.0,BTU
2023-10-19 11:11:00,25.44,25.46,25.44,25.45,2822.0,BTU
2023-10-19 11:10:00,25.43,25.44,25.43,25.44,2919.0,BTU
2023-10-19 11:09:00,25.48,25.48,25.42,25.42,4278.0,BTU
2023-10-19 11:08:00,25.48,25.485,25.48,25.485,1046.0,BTU
2023-10-19 11:07:00,25.49,25.49,25.48,25.48,926.0,BTU
2023-10-19 11:06:00,25.41,25.47,25.41,25.47,3345.0,BTU
2023-10-19 11:05:00,25.355,25.39,25.355,25.39,13522.0,BTU
2023-10-19 11:04:00,25.34,25.36,25.34,25.36,1728.0,BTU
2023-10-19 11:03:00,25.34,25.34,25.332,25.332,867.0,BTU
2023-10-19 11:02:00,25.315,25.35,25.315,25.34,4933.0,BTU
2023-10-19 11:01:00,25.32,25.35,25.32,25.32,5780.0,BTU
2023-10-19 11:00:00,25.3,25.315,25.3,25.315,4863.0,BTU
2023-10-19 10:59:00,25.28,25.3,25.27,25.3,3668.0,BTU
2023-10-19 10:58:00,25.31,25.31,25.28,25.29,8304.0,BTU
2023-10-19 10:57:00,25.32,25.325,25.305,25.31,3665.0,BTU
2023-10-19 10:56:00,25.31,25.315,25.31,25.315,417.0,BTU
2023-10-19 10:55:00,25.31,25.32,25.3,25.315,5176.0,BTU
2023-10-19 10:54:00,25.3,25.31,25.28,25.31,4119.0,BTU
2023-10-19 10:53:00,25.32,25.32,25.305,25.305,1725.0,BTU
2023-10-19 10:52:00,25.36,25.36,25.31,25.32,8096.0,BTU
2023-10-19 10:51:00,25.365,25.375,25.365,25.37,1896.0,BTU
2023-10-19 10:50:00,25.36,25.37,25.36,25.37,2327.0,BTU
2023-10-19 10:49:00,25.345,25.375,25.34,25.37,3690.0,BTU
2023-10-19 10:48:00,25.34,25.36,25.34,25.345,3706.0,BTU
2023-10-19 10:47:00,25.33,25.355,25.33,25.35,3296.0,BTU
2023-10-19 10:46:00,25.315,25.35,25.315,25.34,3897.0,BTU
2023-10-19 10:45:00,25.3,25.31,25.29,25.31,7622.0,BTU
2023-10-19 10:44:00,25.31,25.315,25.3,25.3,2385.0,BTU
2023-10-19 10:43:00,25.325,25.335,25.31,25.31,4070.0,BTU
2023-10-19 10:42:00,25.305,25.325,25.3,25.325,3157.0,BTU
2023-10-19 10:41:00,25.33,25.335,25.31,25.31,6706.0,BTU
2023-10-19 10:40:00,25.355,25.355,25.32,25.325,5602.0,BTU
2023-10-19 10:39:00,25.365,25.365,25.355,25.36,2344.0,BTU
2023-10-19 10:38:00,25.363,25.373,25.36,25.36,3797.0,BTU
2023-10-19 10:37:00,25.38,25.38,25.36,25.37,3372.0,BTU
2023-10-19 10:36:00,25.385,25.41,25.385,25.39,6951.0,BTU
2023-10-19 10:35:00,25.36,25.38,25.36,25.38,4358.0,BTU
2023-10-19 10:34:00,25.36,25.371,25.36,25.365,2614.0,BTU
2023-10-19 10:33:00,25.38,25.38,25.33,25.36,6609.0,BTU
2023-10-19 10:32:00,25.38,25.4,25.365,25.38,12305.0,BTU
2023-10-19 10:31:00,25.445,25.45,25.39,25.39,3765.0,BTU
2023-10-19 10:30:00,25.46,25.47,25.445,25.445,2028.0,BTU
2023-10-19 10:29:00,25.455,25.47,25.45,25.46,2463.0,BTU
2023-10-19 10:28:00,25.47,25.47,25.445,25.445,994.0,BTU
2023-10-19 10:27:00,25.445,25.475,25.445,25.475,2811.0,BTU
2023-10-19 10:26:00,25.46,25.465,25.445,25.445,1229.0,BTU
2023-10-19 10:25:00,25.48,25.48,25.455,25.455,4261.0,BTU
2023-10-19 10:24:00,25.49,25.49,25.46,25.48,5085.0,BTU
2023-10-19 10:23:00,25.435,25.49,25.435,25.49,13399.0,BTU
2023-10-19 10:22:00,25.44,25.445,25.43,25.43,1675.0,BTU
2023-10-19 10:21:00,25.48,25.48,25.44,25.44,2573.0,BTU
2023-10-19 10:20:00,25.455,25.475,25.455,25.475,2760.0,BTU
2023-10-19 10:19:00,25.425,25.46,25.425,25.445,2515.0,BTU
2023-10-19 10:18:00,25.36,25.425,25.35,25.425,3657.0,BTU
2023-10-19 10:17:00,25.34,25.37,25.34,25.36,10007.0,BTU
2023-10-19 10:16:00,25.395,25.4,25.35,25.35,2861.0,BTU
2023-10-19 10:15:00,25.39,25.41,25.38,25.4,7667.0,BTU
2023-10-19 10:14:00,25.38,25.4,25.38,25.4,2432.0,BTU
2023-10-19 10:13:00,25.39,25.39,25.36,25.38,7257.0,BTU
2023-10-19 10:12:00,25.43,25.43,25.39,25.39,719.0,BTU
2023-10-19 10:11:00,25.46,25.47,25.42,25.445,2998.0,BTU
2023-10-19 10:10:00,25.53,25.54,25.5,25.5,5179.0,BTU
2023-10-19 10:09:00,25.46,25.52,25.44,25.51,274938.0,BTU
2023-10-19 10:08:00,25.47,25.47,25.45,25.46,6817.0,BTU
2023-10-19 10:07:00,25.47,25.475,25.46,25.475,996.0,BTU
2023-10-19 10:06:00,25.465,25.47,25.45,25.46,1969.0,BTU
2023-10-19 10:05:00,25.45,25.5,25.44,25.47,5875.0,BTU
2023-10-19 10:04:00,25.44,25.465,25.44,25.455,3593.0,BTU
2023-10-19 10:03:00,25.44,25.45,25.44,25.44,2030.0,BTU
2023-10-19 10:02:00,25.45,25.45,25.43,25.43,1182.0,BTU
2023-10-19 10:01:00,25.46,25.46,25.45,25.45,1063.0,BTU
2023-10-19 10:00:00,25.5,25.5,25.46,25.465,10197.0,BTU
2023-10-19 09:59:00,25.47,25.5,25.46,25.5,7712.0,BTU
2023-10-19 09:58:00,25.45,25.475,25.45,25.475,3774.0,BTU
2023-10-19 09:57:00,25.49,25.49,25.435,25.435,1951.0,BTU
2023-10-19 09:56:00,25.48,25.52,25.46,25.484,15256.0,BTU
2023-10-19 09:55:00,25.415,25.46,25.41,25.46,3489.0,BTU
2023-10-19 09:54:00,25.4,25.415,25.395,25.415,3514.0,BTU
2023-10-19 09:53:00,25.51,25.51,25.41,25.42,8238.0,BTU
2023-10-19 09:52:00,25.5,25.52,25.495,25.51,4915.0,BTU
2023-10-19 09:51:00,25.48,25.5,25.48,25.5,2740.0,BTU
2023-10-19 09:50:00,25.47,25.48,25.46,25.48,1802.0,BTU
2023-10-19 09:49:00,25.475,25.5,25.47,25.49,2796.0,BTU
2023-10-19 09:48:00,25.43,25.46,25.41,25.46,5199.0,BTU
2023-10-19 09:47:00,25.48,25.5,25.44,25.44,3566.0,BTU
2023-10-19 09:46:00,25.51,25.51,25.46,25.48,3417.0,BTU
2023-10-19 09:45:00,25.53,25.54,25.49,25.54,4193.0,BTU
2023-10-19 09:44:00,25.5,25.52,25.5,25.52,53520.0,BTU
2023-10-19 09:43:00,25.55,25.555,25.52,25.52,5026.0,BTU
2023-10-19 09:42:00,25.545,25.58,25.53,25.56,4195.0,BTU
2023-10-19 09:41:00,25.54,25.55,25.525,25.545,2559.0,BTU
2023-10-19 09:40:00,25.505,25.575,25.505,25.545,7125.0,BTU
2023-10-19 09:39:00,25.445,25.5,25.42,25.49,4383.0,BTU
2023-10-19 09:38:00,25.38,25.43,25.38,25.41,4735.0,BTU
2023-10-19 09:37:00,25.35,25.38,25.34,25.37,7688.0,BTU
2023-10-19 09:36:00,25.22,25.35,25.21,25.35,4282.0,BTU
2023-10-19 09:35:00,25.19,25.24,25.18,25.2,4544.0,BTU
2023-10-19 09:34:00,25.225,25.269,25.15,25.2,31055.0,BTU
2023-10-19 09:33:00,25.15,25.28,25.15,25.221,2875.0,BTU
2023-10-19 09:32:00,25.22,25.25,25.17,25.17,2064.0,BTU
2023-10-19 09:31:00,25.15,25.246,25.15,25.18,2470.0,BTU
2023-10-19 09:30:00,25.43,25.46,25.18,25.235,27039.0,BTU
2023-10-19 09:11:00,25.52,25.52,25.47,25.47,901.0,BTU
2023-10-19 09:03:00,25.48,25.48,25.48,25.48,800.0,BTU
2023-10-19 09:02:00,25.48,25.48,25.48,25.48,14.0,BTU
2023-10-19 09:00:00,25.5,25.5,25.47,25.47,12.0,BTU
2023-10-19 08:03:00,25.47,25.47,25.47,25.47,87.0,BTU
2023-10-19 08:02:00,25.47,25.47,25.47,25.47,12.0,BTU
2023-10-19 07:00:00,25.44,25.47,25.44,25.47,2.0,BTU
2023-10-19 06:59:00,25.44,25.48,25.44,25.48,204.0,BTU
2023-10-18 19:00:00,25.54,25.54,25.54,25.54,143723.0,BTU
2023-10-18 18:30:00,25.54,25.54,25.54,25.54,143723.0,BTU
2023-10-18 17:50:00,25.55,25.55,25.55,25.55,20.0,BTU
2023-10-18 17:18:00,25.68,25.68,25.68,25.68,5.0,BTU
2023-10-18 16:13:00,25.68,25.68,25.68,25.68,1.0,BTU
2023-10-18 16:10:00,25.54,25.54,25.54,25.54,143723.0,BTU
2023-10-18 16:03:00,25.45,25.45,25.45,25.45,200.0,BTU
2023-10-18 16:01:00,25.54,25.54,25.54,25.54,7007.0,BTU
2023-10-18 16:00:00,25.54,25.54,25.45,25.54,329492.0,BTU
2023-10-18 15:59:00,25.545,25.57,25.53,25.54,70331.0,BTU
2023-10-18 15:58:00,25.535,25.55,25.535,25.545,19705.0,BTU
2023-10-18 15:57:00,25.55,25.555,25.52,25.535,41551.0,BTU
2023-10-18 15:56:00,25.53,25.56,25.521,25.55,28141.0,BTU
2023-10-18 15:55:00,25.535,25.545,25.521,25.525,27036.0,BTU
2023-10-18 15:54:00,25.51,25.535,25.51,25.535,18695.0,BTU
2023-10-18 15:53:00,25.52,25.525,25.511,25.515,9107.0,BTU
2023-10-18 15:52:00,25.52,25.525,25.51,25.525,12067.0,BTU
2023-10-18 15:51:00,25.56,25.56,25.525,25.525,13313.0,BTU
2023-10-18 15:50:00,25.515,25.565,25.515,25.565,26347.0,BTU
2023-10-18 15:49:00,25.515,25.52,25.51,25.515,4508.0,BTU
2023-10-18 15:48:00,25.515,25.52,25.505,25.515,9971.0,BTU
2023-10-18 15:47:00,25.495,25.525,25.49,25.51,17699.0,BTU
2023-10-18 15:46:00,25.49,25.505,25.49,25.49,6459.0,BTU
2023-10-18 15:45:00,25.52,25.52,25.48,25.485,11421.0,BTU
2023-10-18 15:44:00,25.53,25.53,25.52,25.52,2574.0,BTU
2023-10-18 15:43:00,25.52,25.55,25.515,25.53,18047.0,BTU
2023-10-18 15:42:00,25.535,25.535,25.51,25.515,9166.0,BTU
2023-10-18 15:41:00,25.54,25.54,25.53,25.53,11285.0,BTU
2023-10-18 15:40:00,25.55,25.55,25.54,25.54,4130.0,BTU
2023-10-18 15:39:00,25.56,25.56,25.55,25.55,6516.0,BTU
2023-10-18 15:38:00,25.565,25.57,25.56,25.565,1907.0,BTU
2023-10-18 15:37:00,25.55,25.57,25.545,25.565,10365.0,BTU
2023-10-18 15:36:00,25.545,25.545,25.545,25.545,843.0,BTU
2023-10-18 15:35:00,25.54,25.545,25.525,25.54,13672.0,BTU
2023-10-18 15:34:00,25.535,25.54,25.535,25.539,1153.0,BTU
2023-10-18 15:33:00,25.53,25.53,25.52,25.53,5585.0,BTU
2023-10-18 15:32:00,25.505,25.525,25.48,25.525,11511.0,BTU
2023-10-18 15:31:00,25.525,25.525,25.505,25.505,4949.0,BTU
2023-10-18 15:30:00,25.52,25.535,25.485,25.525,12117.0,BTU
2023-10-18 15:29:00,25.52,25.525,25.505,25.525,7659.0,BTU
2023-10-18 15:28:00,25.54,25.54,25.51,25.51,6653.0,BTU
2023-10-18 15:27:00,25.555,25.555,25.545,25.545,3703.0,BTU
2023-10-18 15:26:00,25.57,25.57,25.555,25.555,5902.0,BTU
2023-10-18 15:25:00,25.589,25.589,25.56,25.57,13814.0,BTU
2023-10-18 15:24:00,25.575,25.59,25.575,25.59,3547.0,BTU
2023-10-18 15:23:00,25.57,25.58,25.57,25.575,2582.0,BTU
2023-10-18 15:22:00,25.56,25.57,25.56,25.565,2740.0,BTU
2023-10-18 15:21:00,25.53,25.56,25.525,25.56,4989.0,BTU
2023-10-18 15:20:00,25.53,25.53,25.525,25.525,2259.0,BTU
2023-10-18 15:19:00,25.53,25.535,25.525,25.535,6318.0,BTU
2023-10-18 15:18:00,25.54,25.54,25.53,25.53,1592.0,BTU
2023-10-18 15:17:00,25.525,25.545,25.525,25.545,2062.0,BTU
2023-10-18 15:16:00,25.525,25.53,25.52,25.53,5732.0,BTU
2023-10-18 15:15:00,25.53,25.53,25.52,25.52,2544.0,BTU
2023-10-18 15:14:00,25.5,25.54,25.5,25.53,4874.0,BTU
2023-10-18 15:13:00,25.48,25.49,25.475,25.49,5940.0,BTU
2023-10-18 15:12:00,25.49,25.49,25.48,25.48,1420.0,BTU
2023-10-18 15:11:00,25.495,25.5,25.492,25.492,1546.0,BTU
2023-10-18 15:10:00,25.505,25.53,25.491,25.491,18233.0,BTU
2023-10-18 15:09:00,25.501,25.505,25.5,25.501,3707.0,BTU
2023-10-18 15:08:00,25.525,25.53,25.501,25.501,7862.0,BTU
2023-10-18 15:07:00,25.535,25.535,25.52,25.521,5181.0,BTU
2023-10-18 15:06:00,25.54,25.55,25.53,25.535,11190.0,BTU
2023-10-18 15:05:00,25.54,25.545,25.54,25.545,811.0,BTU
2023-10-18 15:04:00,25.549,25.55,25.54,25.545,1069.0,BTU
2023-10-18 15:03:00,25.555,25.559,25.54,25.545,3867.0,BTU
2023-10-18 15:02:00,25.565,25.565,25.545,25.55,3205.0,BTU
2023-10-18 15:01:00,25.56,25.565,25.555,25.565,3696.0,BTU
2023-10-18 15:00:00,25.585,25.59,25.56,25.56,3686.0,BTU
2023-10-18 14:59:00,25.59,25.59,25.585,25.59,2180.0,BTU
2023-10-18 14:58:00,25.59,25.601,25.59,25.59,4052.0,BTU
2023-10-18 14:57:00,25.58,25.58,25.56,25.58,7502.0,BTU
2023-10-18 14:56:00,25.56,25.575,25.56,25.575,2312.0,BTU
2023-10-18 14:55:00,25.6,25.605,25.565,25.565,4066.0,BTU
2023-10-18 14:54:00,25.6,25.61,25.59,25.6,5151.0,BTU
2023-10-18 14:53:00,25.605,25.605,25.6,25.605,1320.0,BTU
2023-10-18 14:52:00,25.605,25.61,25.6,25.6,1411.0,BTU
2023-10-18 14:51:00,25.61,25.61,25.6,25.61,2049.0,BTU
2023-10-18 14:50:00,25.595,25.61,25.595,25.61,2341.0,BTU
2023-10-18 14:49:00,25.595,25.595,25.581,25.59,4843.0,BTU
2023-10-18 14:48:00,25.595,25.595,25.595,25.595,1561.0,BTU
2023-10-18 14:47:00,25.59,25.61,25.59,25.595,4107.0,BTU
2023-10-18 14:46:00,25.595,25.605,25.59,25.595,3380.0,BTU
2023-10-18 14:45:00,25.62,25.62,25.59,25.599,5030.0,BTU
2023-10-18 14:44:00,25.61,25.61,25.61,25.61,1192.0,BTU
2023-10-18 14:43:00,25.59,25.6,25.58,25.6,6933.0,BTU
2023-10-18 14:42:00,25.6,25.6,25.59,25.59,1740.0,BTU
2023-10-18 14:41:00,25.615,25.615,25.6,25.605,2218.0,BTU
2023-10-18 14:40:00,25.62,25.63,25.61,25.61,5021.0,BTU
2023-10-18 14:39:00,25.615,25.62,25.605,25.62,4862.0,BTU
2023-10-18 14:38:00,25.63,25.63,25.61,25.61,4878.0,BTU
2023-10-18 14:37:00,25.625,25.635,25.61,25.635,4728.0,BTU
2023-10-18 14:36:00,25.62,25.62,25.62,25.62,833.0,BTU
2023-10-18 14:35:00,25.63,25.63,25.62,25.625,2660.0,BTU
2023-10-18 14:34:00,25.635,25.639,25.635,25.635,1503.0,BTU
2023-10-18 14:33:00,25.635,25.635,25.635,25.635,414.0,BTU
2023-10-18 14:32:00,25.64,25.645,25.625,25.635,5387.0,BTU
2023-10-18 14:31:00,25.635,25.64,25.63,25.63,733.0,BTU
2023-10-18 14:30:00,25.62,25.64,25.615,25.635,3428.0,BTU
2023-10-18 14:29:00,25.61,25.615,25.595,25.615,3954.0,BTU
2023-10-18 14:28:00,25.595,25.62,25.59,25.61,4791.0,BTU
2023-10-18 14:27:00,25.6,25.6,25.59,25.59,3151.0,BTU
2023-10-18 14:26:00,25.615,25.615,25.6,25.6,2276.0,BTU
2023-10-18 14:25:00,25.63,25.64,25.62,25.62,5820.0,BTU
2023-10-18 14:24:00,25.64,25.645,25.635,25.635,1251.0,BTU
2023-10-18 14:23:00,25.65,25.65,25.635,25.645,3513.0,BTU
2023-10-18 14:22:00,25.635,25.655,25.63,25.65,6891.0,BTU
2023-10-18 14:21:00,25.63,25.633,25.625,25.633,1990.0,BTU
2023-10-18 14:20:00,25.615,25.625,25.615,25.625,1783.0,BTU
2023-10-18 14:19:00,25.605,25.615,25.6,25.615,1899.0,BTU
2023-10-18 14:18:00,25.625,25.625,25.605,25.605,1959.0,BTU
2023-10-18 14:17:00,25.6,25.645,25.6,25.62,5078.0,BTU
2023-10-18 14:16:00,25.61,25.61,25.59,25.59,5014.0,BTU
2023-10-18 14:15:00,25.625,25.625,25.61,25.61,2658.0,BTU
2023-10-18 14:14:00,25.615,25.62,25.611,25.615,2878.0,BTU
2023-10-18 14:13:00,25.625,25.64,25.615,25.619,3740.0,BTU
2023-10-18 14:12:00,25.62,25.62,25.615,25.62,2993.0,BTU
2023-10-18 14:11:00,25.64,25.645,25.625,25.63,3808.0,BTU
2023-10-18 14:10:00,25.64,25.645,25.64,25.64,514.0,BTU
2023-10-18 14:09:00,25.65,25.65,25.645,25.645,2153.0,BTU
2023-10-18 14:08:00,25.6,25.65,25.6,25.65,2413.0,BTU
2023-10-18 14:07:00,25.59,25.6,25.585,25.6,7131.0,BTU
2023-10-18 14:06:00,25.6,25.6,25.59,25.59,2255.0,BTU
2023-10-18 14:05:00,25.61,25.63,25.61,25.61,3619.0,BTU
2023-10-18 14:04:00,25.61,25.61,25.605,25.605,2455.0,BTU
2023-10-18 14:03:00,25.605,25.61,25.605,25.61,1446.0,BTU
2023-10-18 14:02:00,25.62,25.62,25.6,25.605,4662.0,BTU
2023-10-18 14:01:00,25.62,25.62,25.615,25.62,1824.0,BTU
2023-10-18 14:00:00,25.635,25.635,25.61,25.61,3769.0,BTU
2023-10-18 13:59:00,25.635,25.64,25.63,25.63,694.0,BTU
2023-10-18 13:58:00,25.64,25.64,25.635,25.64,1401.0,BTU
2023-10-18 13:57:00,25.625,25.635,25.625,25.635,1255.0,BTU
2023-10-18 13:56:00,25.61,25.63,25.61,25.62,3472.0,BTU
2023-10-18 13:55:00,25.6,25.61,25.6,25.605,1504.0,BTU
2023-10-18 13:54:00,25.605,25.61,25.595,25.595,2651.0,BTU
2023-10-18 13:53:00,25.605,25.611,25.6,25.6,2609.0,BTU
2023-10-18 13:52:00,25.6,25.61,25.595,25.6,6056.0,BTU
2023-10-18 13:51:00,25.595,25.6,25.59,25.59,1222.0,BTU
2023-10-18 13:50:00,25.59,25.595,25.585,25.595,999.0,BTU
2023-10-18 13:49:00,25.575,25.585,25.56,25.585,5945.0,BTU
2023-10-18 13:48:00,25.595,25.595,25.58,25.58,3887.0,BTU
2023-10-18 13:47:00,25.59,25.6,25.585,25.595,3898.0,BTU
2023-10-18 13:46:00,25.601,25.605,25.59,25.59,4387.0,BTU
2023-10-18 13:45:00,25.605,25.605,25.595,25.6,1151.0,BTU
2023-10-18 13:44:00,25.615,25.62,25.605,25.61,3157.0,BTU
2023-10-18 13:43:00,25.625,25.625,25.605,25.61,2540.0,BTU
2023-10-18 13:42:00,25.605,25.62,25.605,25.615,2567.0,BTU
2023-10-18 13:41:00,25.62,25.62,25.61,25.61,2510.0,BTU
2023-10-18 13:40:00,25.62,25.625,25.62,25.62,581.0,BTU
2023-10-18 13:39:00,25.62,25.625,25.62,25.62,640.0,BTU
2023-10-18 13:38:00,25.62,25.62,25.615,25.615,1718.0,BTU
2023-10-18 13:37:00,25.61,25.62,25.595,25.62,5201.0,BTU
2023-10-18 13:36:00,25.63,25.635,25.613,25.62,6003.0,BTU
2023-10-18 13:35:00,25.66,25.66,25.63,25.63,4029.0,BTU
2023-10-18 13:34:00,25.655,25.66,25.645,25.66,1930.0,BTU
2023-10-18 13:33:00,25.68,25.68,25.655,25.66,3936.0,BTU
2023-10-18 13:32:00,25.66,25.675,25.65,25.675,4173.0,BTU
2023-10-18 13:31:00,25.66,25.67,25.655,25.665,2203.0,BTU
2023-10-18 13:30:00,25.66,25.665,25.65,25.665,2460.0,BTU
2023-10-18 13:29:00,25.645,25.655,25.635,25.655,4507.0,BTU
2023-10-18 13:28:00,25.645,25.65,25.64,25.64,2556.0,BTU
2023-10-18 13:27:00,25.64,25.643,25.635,25.643,1508.0,BTU
2023-10-18 13:26:00,25.67,25.67,25.64,25.64,6969.0,BTU
2023-10-18 13:25:00,25.66,25.67,25.645,25.67,3565.0,BTU
2023-10-18 13:24:00,25.636,25.665,25.635,25.665,12635.0,BTU
2023-10-18 13:23:00,25.66,25.66,25.63,25.635,3009.0,BTU
2023-10-18 13:22:00,25.65,25.665,25.65,25.665,5168.0,BTU
2023-10-18 13:21:00,25.67,25.67,25.65,25.65,6297.0,BTU
2023-10-18 13:20:00,25.695,25.695,25.675,25.68,5207.0,BTU
2023-10-18 13:19:00,25.7,25.7,25.69,25.69,833.0,BTU
2023-10-18 13:18:00,25.72,25.72,25.695,25.7,3591.0,BTU
2023-10-18 13:17:00,25.72,25.73,25.72,25.72,1184.0,BTU
2023-10-18 13:16:00,25.705,25.705,25.7,25.7,998.0,BTU
2023-10-18 13:15:00,25.715,25.73,25.705,25.709,4264.0,BTU
2023-10-18 13:14:00,25.73,25.73,25.72,25.72,1349.0,BTU
2023-10-18 13:13:00,25.7,25.72,25.685,25.72,3299.0,BTU
2023-10-18 13:12:00,25.695,25.71,25.695,25.705,7538.0,BTU
2023-10-18 13:11:00,25.681,25.7,25.681,25.7,1511.0,BTU
2023-10-18 13:10:00,25.69,25.69,25.675,25.69,3121.0,BTU
2023-10-18 13:09:00,25.695,25.705,25.695,25.7,2777.0,BTU
2023-10-18 13:08:00,25.7,25.71,25.685,25.695,5842.0,BTU
2023-10-18 13:07:00,25.71,25.71,25.7,25.7,2007.0,BTU
2023-10-18 13:06:00,25.75,25.75,25.71,25.71,7635.0,BTU
2023-10-18 13:05:00,25.75,25.77,25.745,25.76,5735.0,BTU
2023-10-18 13:04:00,25.74,25.75,25.74,25.75,1202.0,BTU
2023-10-18 13:03:00,25.73,25.735,25.73,25.73,1356.0,BTU
2023-10-18 13:02:00,25.71,25.74,25.71,25.74,1560.0,BTU
2023-10-18 13:01:00,25.65,25.7,25.65,25.7,2902.0,BTU
2023-10-18 13:00:00,25.65,25.65,25.63,25.64,4136.0,BTU
2023-10-18 12:59:00,25.66,25.66,25.64,25.645,3546.0,BTU
2023-10-18 12:58:00,25.665,25.665,25.66,25.665,746.0,BTU
2023-10-18 12:57:00,25.66,25.66,25.66,25.66,483.0,BTU
2023-10-18 12:56:00,25.66,25.66,25.66,25.66,406.0,BTU
2023-10-18 12:55:00,25.66,25.66,25.655,25.66,3227.0,BTU
2023-10-18 12:53:00,25.665,25.67,25.66,25.66,3070.0,BTU
2023-10-18 12:52:00,25.67,25.67,25.66,25.66,750.0,BTU
2023-10-18 12:51:00,25.679,25.679,25.675,25.675,416.0,BTU
2023-10-18 12:50:00,25.63,25.67,25.63,25.67,2660.0,BTU
2023-10-18 12:49:00,25.64,25.64,25.63,25.63,2443.0,BTU
2023-10-18 12:48:00,25.65,25.65,25.64,25.645,1196.0,BTU
2023-10-18 12:47:00,25.675,25.68,25.655,25.655,4170.0,BTU
2023-10-18 12:46:00,25.67,25.68,25.67,25.68,2494.0,BTU
2023-10-18 12:45:00,25.71,25.715,25.67,25.67,4031.0,BTU
2023-10-18 12:44:00,25.705,25.705,25.705,25.705,603.0,BTU
2023-10-18 12:43:00,25.7,25.71,25.7,25.7,2073.0,BTU
2023-10-18 12:42:00,25.697,25.7,25.697,25.7,843.0,BTU
2023-10-18 12:41:00,25.65,25.7,25.65,25.7,2579.0,BTU
2023-10-18 12:40:00,25.66,25.66,25.655,25.655,959.0,BTU
2023-10-18 12:39:00,25.66,25.66,25.65,25.655,767.0,BTU
2023-10-18 12:38:00,25.65,25.66,25.64,25.66,4254.0,BTU
2023-10-18 12:37:00,25.66,25.66,25.65,25.65,1552.0,BTU
2023-10-18 12:36:00,25.64,25.66,25.637,25.65,1279.0,BTU
2023-10-18 12:35:00,25.62,25.63,25.62,25.63,3374.0,BTU
2023-10-18 12:34:00,25.65,25.65,25.63,25.63,3319.0,BTU
2023-10-18 12:33:00,25.629,25.66,25.625,25.63,12163.0,BTU
2023-10-18 12:32:00,25.62,25.62,25.615,25.62,2215.0,BTU
2023-10-18 12:31:00,25.625,25.635,25.62,25.625,2050.0,BTU
2023-10-18 12:30:00,25.625,25.625,25.625,25.625,712.0,BTU
2023-10-18 12:29:00,25.62,25.625,25.62,25.625,756.0,BTU
2023-10-18 12:28:00,25.621,25.63,25.61,25.61,4530.0,BTU
2023-10-18 12:27:00,25.615,25.62,25.61,25.62,3228.0,BTU
2023-10-18 12:26:00,25.6,25.61,25.6,25.61,3242.0,BTU
2023-10-18 12:25:00,25.59,25.6,25.59,25.6,607.0,BTU
2023-10-18 12:24:00,25.59,25.59,25.57,25.58,2985.0,BTU
2023-10-18 12:23:00,25.58,25.58,25.575,25.58,1411.0,BTU
2023-10-18 12:22:00,25.56,25.58,25.555,25.58,2668.0,BTU
2023-10-18 12:21:00,25.57,25.57,25.565,25.565,572.0,BTU
2023-10-18 12:20:00,25.61,25.615,25.57,25.57,6179.0,BTU
2023-10-18 12:19:00,25.635,25.635,25.61,25.61,2042.0,BTU
2023-10-18 12:18:00,25.62,25.64,25.62,25.64,2752.0,BTU
2023-10-18 12:17:00,25.63,25.63,25.62,25.625,1661.0,BTU
2023-10-18 12:16:00,25.61,25.625,25.61,25.625,900.0,BTU
2023-10-18 12:15:00,25.615,25.63,25.615,25.62,2066.0,BTU
2023-10-18 12:14:00,25.63,25.63,25.615,25.62,5943.0,BTU
2023-10-18 12:13:00,25.63,25.64,25.63,25.63,2055.0,BTU
2023-10-18 12:12:00,25.63,25.64,25.63,25.63,1987.0,BTU
2023-10-18 12:11:00,25.629,25.635,25.629,25.63,1831.0,BTU
2023-10-18 12:10:00,25.61,25.63,25.61,25.63,3442.0,BTU
2023-10-18 12:09:00,25.61,25.61,25.605,25.61,1326.0,BTU
2023-10-18 12:08:00,25.64,25.64,25.62,25.62,1423.0,BTU
2023-10-18 12:07:00,25.62,25.62,25.61,25.62,2204.0,BTU
2023-10-18 12:06:00,25.615,25.62,25.615,25.615,2730.0,BTU
2023-10-18 12:05:00,25.66,25.669,25.62,25.62,1828.0,BTU
2023-10-18 12:04:00,25.68,25.69,25.675,25.68,3004.0,BTU
2023-10-18 12:03:00,25.655,25.69,25.65,25.69,6968.0,BTU
2023-10-18 12:02:00,25.655,25.66,25.655,25.66,5621.0,BTU
2023-10-18 12:01:00,25.64,25.65,25.615,25.64,6236.0,BTU
2023-10-18 12:00:00,25.66,25.665,25.65,25.65,7284.0,BTU
2023-10-18 11:59:00,25.69,25.69,25.665,25.665,1386.0,BTU
2023-10-18 11:58:00,25.68,25.695,25.675,25.695,1642.0,BTU
2023-10-18 11:57:00,25.67,25.68,25.66,25.68,5450.0,BTU
2023-10-18 11:56:00,25.68,25.68,25.66,25.67,4073.0,BTU
2023-10-18 11:55:00,25.63,25.69,25.625,25.68,3553.0,BTU
2023-10-18 11:54:00,25.635,25.635,25.63,25.635,919.0,BTU
2023-10-18 11:53:00,25.629,25.63,25.625,25.63,337.0,BTU
2023-10-18 11:52:00,25.61,25.635,25.595,25.635,71592.0,BTU
2023-10-18 11:51:00,25.62,25.62,25.615,25.615,2293.0,BTU
2023-10-18 11:50:00,25.64,25.645,25.63,25.63,4658.0,BTU
2023-10-18 11:49:00,25.69,25.69,25.65,25.65,6630.0,BTU
2023-10-18 11:48:00,25.745,25.745,25.69,25.7,11624.0,BTU
2023-10-18 11:47:00,25.74,25.74,25.725,25.74,3136.0,BTU
2023-10-18 11:46:00,25.77,25.78,25.75,25.75,2120.0,BTU
2023-10-18 11:45:00,25.785,25.79,25.78,25.78,5065.0,BTU
2023-10-18 11:44:00,25.79,25.79,25.79,25.79,2160.0,BTU
2023-10-18 11:43:00,25.8,25.81,25.795,25.8,2988.0,BTU
2023-10-18 11:42:00,25.79,25.81,25.785,25.81,2934.0,BTU
2023-10-18 11:41:00,25.79,25.79,25.785,25.785,827.0,BTU
2023-10-18 11:40:00,25.765,25.78,25.76,25.78,1240.0,BTU
2023-10-18 11:39:00,25.79,25.79,25.77,25.77,2113.0,BTU
2023-10-18 11:38:00,25.815,25.815,25.8,25.8,1071.0,BTU
2023-10-18 11:37:00,25.8,25.81,25.785,25.81,2819.0,BTU
2023-10-18 11:36:00,25.83,25.83,25.795,25.795,3232.0,BTU
2023-10-18 11:35:00,25.825,25.84,25.825,25.84,726.0,BTU
2023-10-18 11:34:00,25.815,25.825,25.8,25.825,2808.0,BTU
2023-10-18 11:33:00,25.81,25.82,25.81,25.815,1998.0,BTU
2023-10-18 11:32:00,25.82,25.82,25.815,25.815,614.0,BTU
2023-10-18 11:31:00,25.81,25.82,25.81,25.82,557.0,BTU
2023-10-18 11:30:00,25.795,25.8,25.79,25.8,1466.0,BTU
2023-10-18 11:29:00,25.815,25.815,25.795,25.8,3115.0,BTU
2023-10-18 11:28:00,25.831,25.835,25.815,25.815,1516.0,BTU
2023-10-18 11:27:00,25.83,25.84,25.82,25.835,2826.0,BTU
2023-10-18 11:26:00,25.85,25.88,25.84,25.84,5244.0,BTU
2023-10-18 11:25:00,25.84,25.85,25.84,25.85,1249.0,BTU
2023-10-18 11:24:00,25.81,25.84,25.795,25.84,3918.0,BTU
2023-10-18 11:23:00,25.821,25.821,25.81,25.81,1621.0,BTU
2023-10-18 11:22:00,25.735,25.82,25.735,25.82,18107.0,BTU
2023-10-18 11:21:00,25.75,25.75,25.73,25.74,2388.0,BTU
2023-10-18 11:20:00,25.78,25.78,25.755,25.755,2926.0,BTU
2023-10-18 11:19:00,25.79,25.79,25.79,25.79,2915.0,BTU
2023-10-18 11:18:00,25.73,25.78,25.73,25.78,21614.0,BTU
2023-10-18 11:17:00,25.73,25.735,25.715,25.715,13668.0,BTU
2023-10-18 11:16:00,25.72,25.72,25.709,25.72,1987.0,BTU
2023-10-18 11:15:00,25.71,25.72,25.7,25.72,1831.0,BTU
2023-10-18 11:14:00,25.71,25.71,25.7,25.71,2050.0,BTU
2023-10-18 11:13:00,25.71,25.72,25.71,25.715,1829.0,BTU
2023-10-18 11:12:00,25.71,25.72,25.71,25.72,982.0,BTU
2023-10-18 11:11:00,25.74,25.74,25.71,25.71,2061.0,BTU
2023-10-18 11:10:00,25.729,25.73,25.71,25.73,5439.0,BTU
2023-10-18 11:09:00,25.752,25.752,25.72,25.725,2409.0,BTU
2023-10-18 11:08:00,25.76,25.76,25.741,25.75,3227.0,BTU
2023-10-18 11:07:00,25.77,25.78,25.77,25.77,2599.0,BTU
2023-10-18 11:06:00,25.775,25.79,25.77,25.79,6235.0,BTU
2023-10-18 11:05:00,25.79,25.79,25.76,25.78,5688.0,BTU
2023-10-18 11:04:00,25.78,25.78,25.77,25.78,4698.0,BTU
2023-10-18 11:03:00,25.775,25.781,25.775,25.781,6060.0,BTU
2023-10-18 11:02:00,25.77,25.775,25.77,25.775,1933.0,BTU
2023-10-18 11:01:00,25.76,25.77,25.76,25.77,2903.0,BTU
2023-10-18 11:00:00,25.81,25.81,25.75,25.75,6331.0,BTU
2023-10-18 10:59:00,25.825,25.83,25.82,25.82,5023.0,BTU
2023-10-18 10:58:00,25.855,25.855,25.825,25.825,2839.0,BTU
2023-10-18 10:57:00,25.85,25.85,25.85,25.85,274.0,BTU
2023-10-18 10:56:00,25.84,25.858,25.84,25.858,3459.0,BTU
2023-10-18 10:55:00,25.84,25.84,25.84,25.84,847.0,BTU
2023-10-18 10:54:00,25.795,25.8,25.79,25.79,4290.0,BTU
2023-10-18 10:53:00,25.795,25.8,25.79,25.79,1701.0,BTU
2023-10-18 10:52:00,25.79,25.8,25.79,25.795,1306.0,BTU
2023-10-18 10:51:00,25.81,25.81,25.79,25.79,5383.0,BTU
2023-10-18 10:50:00,25.765,25.8,25.762,25.8,3342.0,BTU
2023-10-18 10:49:00,25.77,25.785,25.76,25.77,3829.0,BTU
2023-10-18 10:48:00,25.755,25.77,25.75,25.77,1533.0,BTU
2023-10-18 10:47:00,25.77,25.78,25.745,25.75,5509.0,BTU
2023-10-18 10:46:00,25.805,25.81,25.79,25.79,7464.0,BTU
2023-10-18 10:45:00,25.82,25.82,25.81,25.81,2464.0,BTU
2023-10-18 10:44:00,25.82,25.82,25.815,25.815,520.0,BTU
2023-10-18 10:43:00,25.82,25.82,25.8,25.81,4171.0,BTU
2023-10-18 10:42:00,25.82,25.82,25.815,25.815,1618.0,BTU
2023-10-18 10:41:00,25.819,25.83,25.8,25.83,6676.0,BTU
2023-10-18 10:40:00,25.83,25.83,25.803,25.815,2415.0,BTU
2023-10-18 10:39:00,25.809,25.845,25.806,25.83,3759.0,BTU
2023-10-18 10:38:00,25.8,25.815,25.78,25.8,4704.0,BTU
2023-10-18 10:37:00,25.86,25.86,25.81,25.81,5036.0,BTU
2023-10-18 10:36:00,25.89,25.89,25.88,25.88,2792.0,BTU
2023-10-18 10:35:00,25.93,25.93,25.88,25.89,4452.0,BTU
2023-10-18 10:34:00,25.95,25.97,25.94,25.94,5590.0,BTU
2023-10-18 10:33:00,25.975,25.99,25.945,25.95,3359.0,BTU
2023-10-18 10:32:00,25.95,25.985,25.95,25.985,1061.0,BTU
2023-10-18 10:31:00,25.97,25.975,25.96,25.975,1581.0,BTU
2023-10-18 10:30:00,25.935,25.97,25.935,25.97,4469.0,BTU
2023-10-18 10:29:00,25.93,25.945,25.923,25.93,2471.0,BTU
2023-10-18 10:28:00,25.93,25.93,25.92,25.93,1081.0,BTU
2023-10-18 10:27:00,25.91,25.94,25.91,25.94,2465.0,BTU
2023-10-18 10:26:00,25.915,25.92,25.895,25.9,2565.0,BTU
2023-10-18 10:25:00,25.91,25.95,25.91,25.92,5853.0,BTU
2023-10-18 10:24:00,25.92,25.93,25.91,25.92,5343.0,BTU
2023-10-18 10:23:00,25.91,25.91,25.91,25.91,278.0,BTU
2023-10-18 10:22:00,25.96,25.96,25.91,25.92,2353.0,BTU
2023-10-18 10:21:00,25.945,25.96,25.945,25.96,1558.0,BTU
2023-10-18 10:20:00,25.965,25.965,25.94,25.94,2178.0,BTU
2023-10-18 10:19:00,25.933,25.997,25.933,25.98,6049.0,BTU
2023-10-18 10:18:00,25.94,25.94,25.93,25.93,1091.0,BTU
2023-10-18 10:17:00,25.96,25.98,25.935,25.95,6009.0,BTU
2023-10-18 10:16:00,26.0,26.0,25.96,25.97,6225.0,BTU
2023-10-18 10:15:00,26.05,26.05,26.01,26.01,1575.0,BTU
2023-10-18 10:14:00,26.02,26.05,26.011,26.05,1611.0,BTU
2023-10-18 10:13:00,26.03,26.03,26.01,26.02,1766.0,BTU
2023-10-18 10:12:00,26.04,26.04,26.03,26.03,875.0,BTU
2023-10-18 10:11:00,26.05,26.065,26.04,26.061,3619.0,BTU
2023-10-18 10:10:00,26.06,26.06,26.05,26.05,1065.0,BTU
2023-10-18 10:09:00,26.09,26.09,26.065,26.08,2376.0,BTU
2023-10-18 10:08:00,26.135,26.135,26.08,26.09,5722.0,BTU
2023-10-18 10:07:00,26.14,26.16,26.14,26.14,8251.0,BTU
2023-10-18 10:06:00,26.13,26.15,26.13,26.14,4622.0,BTU
2023-10-18 10:05:00,26.08,26.14,26.08,26.14,8197.0,BTU
2023-10-18 10:04:00,26.06,26.098,26.06,26.08,2844.0,BTU
2023-10-18 10:03:00,26.05,26.06,26.04,26.05,3620.0,BTU
2023-10-18 10:02:00,26.02,26.04,26.02,26.04,1401.0,BTU
2023-10-18 10:01:00,26.045,26.05,25.98,26.03,6664.0,BTU
2023-10-18 10:00:00,26.09,26.09,26.05,26.05,1426.0,BTU
2023-10-18 09:59:00,26.07,26.09,26.07,26.08,5963.0,BTU
2023-10-18 09:58:00,26.12,26.16,26.08,26.08,13599.0,BTU
2023-10-18 09:57:00,26.07,26.13,26.07,26.112,13058.0,BTU
2023-10-18 09:56:00,26.03,26.07,26.03,26.07,9676.0,BTU
2023-10-18 09:55:00,25.98,26.03,25.98,26.03,175218.0,BTU
2023-10-18 09:54:00,25.98,25.98,25.97,25.98,1016.0,BTU
2023-10-18 09:53:00,25.97,25.99,25.97,25.98,753.0,BTU
2023-10-18 09:52:00,25.97,25.97,25.97,25.97,521.0,BTU
2023-10-18 09:51:00,25.96,25.98,25.96,25.96,1755.0,BTU
2023-10-18 09:50:00,25.91,25.93,25.91,25.92,1841.0,BTU
2023-10-18 09:49:00,25.93,25.93,25.9,25.9,6100.0,BTU
2023-10-18 09:48:00,25.93,25.95,25.92,25.95,629.0,BTU
2023-10-18 09:47:00,25.97,25.97,25.92,25.93,4669.0,BTU
2023-10-18 09:46:00,25.95,25.98,25.95,25.98,791.0,BTU
2023-10-18 09:45:00,26.0,26.02,25.98,25.98,2312.0,BTU
2023-10-18 09:44:00,26.02,26.04,25.99,26.02,3719.0,BTU
2023-10-18 09:43:00,26.07,26.09,26.02,26.02,6792.0,BTU
2023-10-18 09:42:00,26.0,26.08,26.0,26.08,7788.0,BTU
2023-10-18 09:41:00,25.98,25.98,25.94,25.97,6098.0,BTU
2023-10-18 09:40:00,25.98,26.0,25.96,25.98,8304.0,BTU
2023-10-18 09:39:00,25.98,26.055,25.98,25.98,20344.0,BTU
2023-10-18 09:38:00,25.91,25.99,25.9,25.99,2536.0,BTU
2023-10-18 09:37:00,25.9,25.93,25.9,25.93,3754.0,BTU
2023-10-18 09:36:00,25.85,25.92,25.84,25.87,10560.0,BTU
2023-10-18 09:35:00,25.8,25.86,25.793,25.85,4626.0,BTU
2023-10-18 09:34:00,25.835,25.886,25.8,25.8,1982.0,BTU
2023-10-18 09:33:00,25.95,25.95,25.9,25.9,4278.0,BTU
2023-10-18 09:32:00,25.965,26.0,25.94,25.96,3611.0,BTU
2023-10-18 09:31:00,25.889,25.94,25.85,25.93,3119.0,BTU
2023-10-18 09:30:00,25.81,25.86,25.77,25.85,24731.0,BTU
2023-10-18 09:01:00,25.9,25.9,25.9,25.9,5.0,BTU
2023-10-18 08:47:00,25.91,25.91,25.91,25.91,2.0,BTU
2023-10-18 08:20:00,26.0,26.0,26.0,26.0,15.0,BTU
2023-10-18 08:19:00,26.0,26.0,26.0,26.0,135.0,BTU
2023-10-18 08:15:00,25.92,25.92,25.92,25.92,100.0,BTU
2023-10-18 08:10:00,25.96,25.96,25.9,25.9,300.0,BTU
2023-10-18 08:01:00,26.37,26.37,26.37,26.37,30.0,BTU
2023-10-18 08:00:00,26.37,26.37,26.37,26.37,225.0,BTU
2023-10-18 07:59:00,26.0,26.0,26.0,26.0,15.0,BTU
2023-10-18 07:44:00,25.89,25.9,25.89,25.9,195.0,BTU
2023-10-18 07:41:00,25.9,25.94,25.87,25.87,1250.0,BTU
2023-10-18 07:21:00,25.94,25.94,25.94,25.94,90.0,BTU
2023-10-18 07:01:00,26.17,26.17,26.17,26.17,96.0,BTU
2023-10-18 06:51:00,26.1,26.1,26.1,26.1,4.0,BTU
2023-10-18 05:45:00,25.88,25.88,25.88,25.88,40.0,BTU
2023-10-17 19:25:00,25.9,25.9,25.9,25.9,100.0,BTU
2023-10-17 19:00:00,25.77,25.77,25.77,25.77,266214.0,BTU
2023-10-17 18:48:00,25.96,25.96,25.96,25.96,400.0,BTU
2023-10-17 18:30:00,25.77,25.77,25.77,25.77,266214.0,BTU
2023-10-17 16:20:00,25.77,25.77,25.77,25.77,192.0,BTU
2023-10-17 16:10:00,25.77,25.77,25.77,25.77,266214.0,BTU
2023-10-17 16:08:00,25.77,25.77,25.77,25.77,1.0,BTU
2023-10-17 16:03:00,25.769,25.769,25.769,25.769,8823.0,BTU
2023-10-17 16:01:00,25.77,25.77,25.77,25.77,2201.0,BTU
2023-10-17 16:00:00,25.77,25.77,25.77,25.77,578027.0,BTU
2023-10-17 15:59:00,25.8,25.801,25.76,25.77,114301.0,BTU
2023-10-17 15:58:00,25.78,25.81,25.78,25.8,39602.0,BTU
2023-10-17 15:57:00,25.775,25.8,25.76,25.78,46170.0,BTU
2023-10-17 15:56:00,25.79,25.79,25.77,25.77,35967.0,BTU
2023-10-17 15:55:00,25.84,25.85,25.78,25.78,24865.0,BTU
2023-10-17 15:54:00,25.845,25.875,25.845,25.845,21940.0,BTU
2023-10-17 15:53:00,25.86,25.87,25.84,25.841,11806.0,BTU
2023-10-17 15:52:00,25.851,25.88,25.85,25.855,14885.0,BTU
2023-10-17 15:51:00,25.855,25.87,25.855,25.855,10294.0,BTU
2023-10-17 15:50:00,25.855,25.86,25.83,25.86,19127.0,BTU
2023-10-17 15:49:00,25.865,25.865,25.855,25.855,4789.0,BTU
2023-10-17 15:48:00,25.85,25.87,25.845,25.86,7848.0,BTU
2023-10-17 15:47:00,25.835,25.845,25.83,25.845,8019.0,BTU
2023-10-17 15:46:00,25.84,25.85,25.835,25.835,10567.0,BTU
2023-10-17 15:45:00,25.84,25.84,25.83,25.835,3980.0,BTU
2023-10-17 15:44:00,25.85,25.86,25.85,25.85,2783.0,BTU
2023-10-17 15:43:00,25.865,25.87,25.86,25.86,6420.0,BTU
2023-10-17 15:42:00,25.87,25.87,25.86,25.865,1750.0,BTU
2023-10-17 15:41:00,25.895,25.895,25.87,25.87,7925.0,BTU
2023-10-17 15:40:00,25.89,25.9,25.89,25.89,2857.0,BTU
2023-10-17 15:39:00,25.9,25.9,25.89,25.895,4607.0,BTU
2023-10-17 15:38:00,25.91,25.93,25.901,25.901,17585.0,BTU
2023-10-17 15:37:00,25.855,25.93,25.855,25.91,11344.0,BTU
2023-10-17 15:36:00,25.835,25.86,25.835,25.855,2462.0,BTU
2023-10-17 15:35:00,25.84,25.85,25.825,25.83,6014.0,BTU
2023-10-17 15:34:00,25.87,25.87,25.825,25.835,8764.0,BTU
2023-10-17 15:33:00,25.871,25.875,25.865,25.865,2214.0,BTU
2023-10-17 15:32:00,25.855,25.875,25.855,25.87,4314.0,BTU
2023-10-17 15:31:00,25.861,25.885,25.855,25.855,5588.0,BTU
2023-10-17 15:30:00,25.845,25.875,25.845,25.86,12307.0,BTU
2023-10-17 15:29:00,25.82,25.845,25.82,25.845,2438.0,BTU
2023-10-17 15:28:00,25.805,25.815,25.795,25.815,4813.0,BTU
2023-10-17 15:27:00,25.805,25.809,25.8,25.805,2548.0,BTU
2023-10-17 15:26:00,25.8,25.805,25.8,25.805,1951.0,BTU
2023-10-17 15:25:00,25.795,25.81,25.795,25.805,2315.0,BTU
2023-10-17 15:24:00,25.795,25.81,25.795,25.8,4024.0,BTU
2023-10-17 15:23:00,25.79,25.797,25.785,25.795,987.0,BTU
2023-10-17 15:22:00,25.78,25.79,25.775,25.785,3996.0,BTU
2023-10-17 15:21:00,25.78,25.785,25.78,25.78,1490.0,BTU
2023-10-17 15:20:00,25.765,25.79,25.765,25.79,1555.0,BTU
2023-10-17 15:19:00,25.749,25.77,25.745,25.77,4316.0,BTU
2023-10-17 15:18:00,25.785,25.785,25.74,25.74,6339.0,BTU
2023-10-17 15:17:00,25.815,25.815,25.785,25.785,5154.0,BTU
2023-10-17 15:16:00,25.82,25.83,25.805,25.811,21785.0,BTU
2023-10-17 15:15:00,25.845,25.85,25.82,25.825,5391.0,BTU
2023-10-17 15:14:00,25.85,25.85,25.84,25.845,4952.0,BTU
2023-10-17 15:13:00,25.865,25.87,25.855,25.855,5222.0,BTU
2023-10-17 15:12:00,25.855,25.875,25.85,25.87,16852.0,BTU
2023-10-17 15:11:00,25.88,25.88,25.85,25.855,9260.0,BTU
2023-10-17 15:10:00,25.895,25.895,25.88,25.88,6275.0,BTU
2023-10-17 15:09:00,25.875,25.91,25.875,25.895,17720.0,BTU
2023-10-17 15:08:00,25.855,25.895,25.85,25.88,8484.0,BTU
2023-10-17 15:07:00,25.865,25.88,25.83,25.855,42200.0,BTU
2023-10-17 15:06:00,25.855,25.865,25.845,25.865,5559.0,BTU
2023-10-17 15:05:00,25.865,25.87,25.85,25.855,3641.0,BTU
2023-10-17 15:04:00,25.835,25.865,25.835,25.865,4610.0,BTU
2023-10-17 15:03:00,25.845,25.845,25.825,25.835,7320.0,BTU
2023-10-17 15:02:00,25.85,25.85,25.84,25.845,5534.0,BTU
2023-10-17 15:01:00,25.865,25.865,25.86,25.86,459.0,BTU
2023-10-17 15:00:00,25.855,25.875,25.85,25.865,20051.0,BTU
2023-10-17 14:59:00,25.845,25.85,25.84,25.85,2673.0,BTU
2023-10-17 14:58:00,25.845,25.845,25.845,25.845,756.0,BTU
2023-10-17 14:57:00,25.85,25.85,25.835,25.84,3883.0,BTU
2023-10-17 14:56:00,25.85,25.86,25.85,25.855,2096.0,BTU
2023-10-17 14:55:00,25.82,25.84,25.81,25.84,6188.0,BTU
2023-10-17 14:54:00,25.865,25.88,25.825,25.829,10153.0,BTU
2023-10-17 14:53:00,25.875,25.88,25.865,25.87,1827.0,BTU
2023-10-17 14:52:00,25.875,25.88,25.872,25.875,1465.0,BTU
2023-10-17 14:51:00,25.885,25.895,25.875,25.875,8069.0,BTU
2023-10-17 14:50:00,25.88,25.88,25.87,25.88,8368.0,BTU
2023-10-17 14:49:00,25.898,25.898,25.89,25.89,1538.0,BTU
2023-10-17 14:48:00,25.895,25.895,25.885,25.885,7419.0,BTU
2023-10-17 14:47:00,25.9,25.9,25.885,25.895,19150.0,BTU
2023-10-17 14:46:00,25.92,25.93,25.89,25.895,27614.0,BTU
2023-10-17 14:45:00,25.955,25.955,25.925,25.925,2538.0,BTU
2023-10-17 14:44:00,25.955,25.955,25.95,25.955,2122.0,BTU
2023-10-17 14:43:00,25.95,25.955,25.95,25.955,839.0,BTU
2023-10-17 14:42:00,25.965,25.965,25.94,25.945,2556.0,BTU
2023-10-17 14:41:00,25.96,25.96,25.96,25.96,350.0,BTU
2023-10-17 14:40:00,25.97,25.97,25.965,25.965,2416.0,BTU
2023-10-17 14:39:00,25.974,25.975,25.97,25.975,649.0,BTU
2023-10-17 14:38:00,25.99,25.99,25.97,25.98,1842.0,BTU
2023-10-17 14:37:00,26.0,26.0,25.995,25.995,3021.0,BTU
2023-10-17 14:36:00,26.0,26.005,26.0,26.0,845.0,BTU
2023-10-17 14:35:00,26.02,26.02,26.0,26.0,1264.0,BTU
2023-10-17 14:34:00,26.02,26.029,26.02,26.025,1266.0,BTU
2023-10-17 14:33:00,26.01,26.03,26.01,26.02,2583.0,BTU
2023-10-17 14:32:00,26.015,26.015,26.0,26.005,5559.0,BTU
2023-10-17 14:31:00,26.02,26.02,26.012,26.012,2377.0,BTU
2023-10-17 14:30:00,26.02,26.05,26.02,26.03,38846.0,BTU
2023-10-17 14:29:00,26.04,26.04,26.02,26.025,2708.0,BTU
2023-10-17 14:28:00,26.02,26.035,26.02,26.035,3032.0,BTU
2023-10-17 14:27:00,26.005,26.005,26.0,26.0,2063.0,BTU
2023-10-17 14:26:00,25.971,25.995,25.971,25.995,2784.0,BTU
2023-10-17 14:25:00,25.985,25.985,25.975,25.98,2352.0,BTU
2023-10-17 14:24:00,25.975,25.975,25.975,25.975,785.0,BTU
2023-10-17 14:23:00,25.96,25.98,25.955,25.98,3343.0,BTU
2023-10-17 14:22:00,25.965,25.965,25.96,25.965,809.0,BTU
2023-10-17 14:21:00,25.955,25.965,25.955,25.965,2359.0,BTU
2023-10-17 14:20:00,25.935,25.95,25.93,25.95,2482.0,BTU
2023-10-17 14:19:00,25.94,25.94,25.925,25.93,1826.0,BTU
2023-10-17 14:18:00,25.94,25.95,25.94,25.94,3849.0,BTU
2023-10-17 14:17:00,25.959,25.959,25.95,25.95,3096.0,BTU
2023-10-17 14:16:00,25.975,25.975,25.96,25.96,3054.0,BTU
2023-10-17 14:15:00,25.97,25.975,25.96,25.975,1169.0,BTU
2023-10-17 14:14:00,25.95,25.965,25.95,25.965,1914.0,BTU
2023-10-17 14:13:00,25.949,25.949,25.945,25.945,1512.0,BTU
2023-10-17 14:12:00,25.94,25.96,25.94,25.95,5531.0,BTU
2023-10-17 14:11:00,25.925,25.94,25.92,25.94,1709.0,BTU
2023-10-17 14:10:00,25.93,25.93,25.92,25.925,2732.0,BTU
2023-10-17 14:09:00,25.947,25.947,25.925,25.925,5197.0,BTU
2023-10-17 14:08:00,25.915,25.935,25.915,25.935,1932.0,BTU
2023-10-17 14:07:00,25.92,25.92,25.91,25.915,579.0,BTU
2023-10-17 14:06:00,25.915,25.919,25.91,25.915,1228.0,BTU
2023-10-17 14:05:00,25.96,25.96,25.92,25.92,3328.0,BTU
2023-10-17 14:04:00,25.95,25.96,25.935,25.96,2229.0,BTU
2023-10-17 14:03:00,25.95,25.96,25.95,25.96,3127.0,BTU
2023-10-17 14:02:00,25.96,25.96,25.945,25.945,1617.0,BTU
2023-10-17 14:01:00,25.92,25.96,25.92,25.955,2284.0,BTU
2023-10-17 14:00:00,25.92,25.93,25.915,25.93,1716.0,BTU
2023-10-17 13:59:00,25.95,25.95,25.91,25.925,6870.0,BTU
2023-10-17 13:58:00,25.965,25.965,25.955,25.955,1263.0,BTU
2023-10-17 13:57:00,25.968,25.968,25.96,25.96,490.0,BTU
2023-10-17 13:56:00,25.96,25.97,25.955,25.965,2545.0,BTU
2023-10-17 13:55:00,25.96,25.965,25.96,25.96,426.0,BTU
2023-10-17 13:54:00,25.955,25.96,25.955,25.96,1104.0,BTU
2023-10-17 13:53:00,25.98,25.98,25.95,25.95,2703.0,BTU
2023-10-17 13:52:00,25.99,25.995,25.975,25.985,4180.0,BTU
2023-10-17 13:51:00,25.995,26.0,25.98,25.995,5646.0,BTU
2023-10-17 13:50:00,25.995,26.0,25.99,25.995,2818.0,BTU
2023-10-17 13:49:00,25.975,26.0,25.975,26.0,2375.0,BTU
2023-10-17 13:48:00,25.965,25.98,25.965,25.975,3003.0,BTU
2023-10-17 13:47:00,25.965,25.965,25.955,25.96,2003.0,BTU
2023-10-17 13:46:00,25.99,25.99,25.97,25.97,1338.0,BTU
2023-10-17 13:45:00,25.981,25.995,25.981,25.99,1899.0,BTU
2023-10-17 13:44:00,25.96,25.99,25.96,25.99,2200.0,BTU
2023-10-17 13:43:00,25.95,25.965,25.95,25.965,6769.0,BTU
2023-10-17 13:42:00,25.945,25.965,25.945,25.96,3694.0,BTU
2023-10-17 13:41:00,25.945,25.945,25.945,25.945,416.0,BTU
2023-10-17 13:40:00,25.94,25.945,25.935,25.945,1177.0,BTU
2023-10-17 13:39:00,25.925,25.945,25.925,25.945,789.0,BTU
2023-10-17 13:38:00,25.925,25.925,25.925,25.925,410.0,BTU
2023-10-17 13:37:00,25.93,25.93,25.925,25.93,968.0,BTU
2023-10-17 13:36:00,25.92,25.92,25.91,25.915,1861.0,BTU
2023-10-17 13:35:00,25.92,25.925,25.915,25.925,612.0,BTU
2023-10-17 13:34:00,25.905,25.92,25.905,25.91,3505.0,BTU
2023-10-17 13:33:00,25.895,25.9,25.89,25.9,1129.0,BTU
2023-10-17 13:32:00,25.9,25.9,25.88,25.895,4293.0,BTU
2023-10-17 13:31:00,25.925,25.925,25.9,25.9,2389.0,BTU
2023-10-17 13:30:00,25.92,25.925,25.92,25.925,688.0,BTU
2023-10-17 13:29:00,25.915,25.925,25.915,25.925,1029.0,BTU
2023-10-17 13:28:00,25.915,25.92,25.914,25.92,3195.0,BTU
2023-10-17 13:27:00,25.915,25.915,25.915,25.915,629.0,BTU
2023-10-17 13:26:00,25.915,25.93,25.915,25.92,1075.0,BTU
2023-10-17 13:25:00,25.92,25.931,25.92,25.92,2391.0,BTU
2023-10-17 13:24:00,25.925,25.94,25.925,25.93,1428.0,BTU
2023-10-17 13:23:00,25.925,25.925,25.92,25.922,1042.0,BTU
2023-10-17 13:22:00,25.93,25.93,25.92,25.93,1318.0,BTU
2023-10-17 13:21:00,25.94,25.94,25.925,25.93,3337.0,BTU
2023-10-17 13:20:00,25.945,25.945,25.93,25.931,4640.0,BTU
2023-10-17 13:19:00,25.975,25.975,25.96,25.96,1947.0,BTU
2023-10-17 13:18:00,25.975,25.975,25.975,25.975,345.0,BTU
2023-10-17 13:17:00,25.98,25.98,25.97,25.97,664.0,BTU
2023-10-17 13:16:00,25.97,25.98,25.97,25.975,1735.0,BTU
2023-10-17 13:15:00,26.01,26.01,25.98,25.985,2342.0,BTU
2023-10-17 13:14:00,25.995,26.0,25.995,26.0,764.0,BTU
2023-10-17 13:13:00,26.0,26.0,25.995,26.0,663.0,BTU
2023-10-17 13:12:00,26.005,26.005,26.0,26.0,970.0,BTU
2023-10-17 13:11:00,26.005,26.02,26.005,26.02,1489.0,BTU
2023-10-17 13:10:00,25.99,25.99,25.98,25.98,1517.0,BTU
2023-10-17 13:09:00,25.985,26.0,25.985,25.99,2836.0,BTU
2023-10-17 13:08:00,25.985,26.0,25.97,25.99,4051.0,BTU
2023-10-17 13:07:00,25.98,25.99,25.975,25.985,4760.0,BTU
2023-10-17 13:06:00,26.0,26.0,25.975,25.98,24050.0,BTU
2023-10-17 13:05:00,25.991,26.01,25.98,26.0,6656.0,BTU
2023-10-17 13:04:00,25.99,26.005,25.99,26.0,1640.0,BTU
2023-10-17 13:03:00,25.99,25.99,25.99,25.99,871.0,BTU
2023-10-17 13:02:00,26.0,26.0,25.99,25.99,2821.0,BTU
2023-10-17 13:01:00,25.985,25.995,25.98,25.995,912.0,BTU
2023-10-17 13:00:00,25.99,25.99,25.985,25.985,304.0,BTU
2023-10-17 12:59:00,25.981,25.99,25.98,25.99,1107.0,BTU
2023-10-17 12:58:00,25.975,25.98,25.975,25.98,1169.0,BTU
2023-10-17 12:57:00,26.01,26.025,25.975,25.985,5956.0,BTU
2023-10-17 12:56:00,26.02,26.025,26.015,26.015,1354.0,BTU
2023-10-17 12:55:00,26.04,26.04,26.03,26.03,1118.0,BTU
2023-10-17 12:54:00,26.035,26.04,26.035,26.04,978.0,BTU
2023-10-17 12:53:00,26.04,26.05,26.04,26.04,1177.0,BTU
2023-10-17 12:52:00,26.01,26.035,26.01,26.035,1471.0,BTU
2023-10-17 12:51:00,26.06,26.06,26.015,26.015,2616.0,BTU
2023-10-17 12:50:00,26.07,26.07,26.065,26.07,506.0,BTU
2023-10-17 12:49:00,26.05,26.07,26.05,26.07,1668.0,BTU
2023-10-17 12:48:00,26.03,26.045,26.03,26.045,676.0,BTU
2023-10-17 12:47:00,26.045,26.05,26.03,26.035,2567.0,BTU
2023-10-17 12:46:00,26.07,26.08,26.06,26.065,3218.0,BTU
2023-10-17 12:45:00,26.075,26.08,26.075,26.08,853.0,BTU
2023-10-17 12:44:00,26.08,26.09,26.075,26.075,1840.0,BTU
2023-10-17 12:42:00,26.08,26.08,26.04,26.07,6146.0,BTU
2023-10-17 12:41:00,26.075,26.08,26.075,26.08,354.0,BTU
2023-10-17 12:40:00,26.085,26.085,26.08,26.08,481.0,BTU
2023-10-17 12:39:00,26.075,26.09,26.075,26.085,1339.0,BTU
2023-10-17 12:38:00,26.09,26.09,26.08,26.08,605.0,BTU
2023-10-17 12:37:00,26.055,26.08,26.055,26.08,2596.0,BTU
2023-10-17 12:36:00,26.055,26.065,26.055,26.055,797.0,BTU
2023-10-17 12:35:00,26.045,26.05,26.045,26.05,549.0,BTU
2023-10-17 12:34:00,26.05,26.05,26.045,26.05,686.0,BTU
2023-10-17 12:33:00,26.05,26.05,26.045,26.045,910.0,BTU
2023-10-17 12:32:00,26.05,26.055,26.05,26.055,538.0,BTU
2023-10-17 12:31:00,26.06,26.06,26.06,26.06,615.0,BTU
2023-10-17 12:30:00,26.06,26.075,26.06,26.07,2919.0,BTU
2023-10-17 12:29:00,26.1,26.1,26.055,26.055,2861.0,BTU
2023-10-17 12:28:00,26.11,26.11,26.105,26.105,1607.0,BTU
2023-10-17 12:27:00,26.115,26.115,26.115,26.115,167.0,BTU
2023-10-17 12:26:00,26.1,26.115,26.1,26.114,1464.0,BTU
2023-10-17 12:25:00,26.085,26.1,26.08,26.1,2138.0,BTU
2023-10-17 12:24:00,26.095,26.095,26.075,26.08,3827.0,BTU
2023-10-17 12:23:00,26.07,26.11,26.07,26.1,6715.0,BTU
2023-10-17 12:22:00,26.07,26.072,26.065,26.07,2022.0,BTU
2023-10-17 12:21:00,26.065,26.075,26.065,26.075,1105.0,BTU
2023-10-17 12:20:00,26.06,26.067,26.06,26.067,1255.0,BTU
2023-10-17 12:19:00,26.055,26.065,26.055,26.065,724.0,BTU
2023-10-17 12:18:00,26.05,26.055,26.05,26.055,779.0,BTU
2023-10-17 12:17:00,26.055,26.055,26.05,26.05,1558.0,BTU
2023-10-17 12:16:00,26.07,26.07,26.035,26.04,3746.0,BTU
2023-10-17 12:15:00,26.055,26.075,26.055,26.075,2158.0,BTU
2023-10-17 12:14:00,26.045,26.051,26.045,26.045,1148.0,BTU
2023-10-17 12:13:00,26.04,26.05,26.04,26.05,806.0,BTU
2023-10-17 12:12:00,26.025,26.03,26.025,26.03,879.0,BTU
2023-10-17 12:11:00,26.015,26.02,26.0,26.01,1775.0,BTU
2023-10-17 12:10:00,26.035,26.04,26.02,26.02,2162.0,BTU
2023-10-17 12:09:00,26.03,26.04,26.03,26.04,268.0,BTU
2023-10-17 12:08:00,26.015,26.03,26.015,26.03,2049.0,BTU
2023-10-17 12:07:00,26.03,26.03,26.015,26.015,1158.0,BTU
2023-10-17 12:06:00,26.045,26.045,26.035,26.035,533.0,BTU
2023-10-17 12:05:00,26.05,26.05,26.03,26.045,2477.0,BTU
2023-10-17 12:04:00,26.06,26.06,26.055,26.055,652.0,BTU
2023-10-17 12:03:00,26.05,26.065,26.05,26.065,5867.0,BTU
2023-10-17 12:02:00,26.07,26.07,26.06,26.06,1723.0,BTU
2023-10-17 12:01:00,26.065,26.08,26.065,26.075,1059.0,BTU
2023-10-17 12:00:00,26.03,26.07,26.03,26.07,1364.0,BTU
2023-10-17 11:59:00,26.05,26.07,26.0,26.025,12561.0,BTU
2023-10-17 11:58:00,26.025,26.06,26.025,26.06,4577.0,BTU
2023-10-17 11:57:00,26.01,26.025,26.01,26.025,1077.0,BTU
2023-10-17 11:56:00,25.985,26.01,25.97,26.01,3331.0,BTU
2023-10-17 11:55:00,26.02,26.02,25.98,25.985,3752.0,BTU
2023-10-17 11:54:00,26.05,26.05,26.03,26.03,1101.0,BTU
2023-10-17 11:53:00,26.045,26.045,26.04,26.041,1168.0,BTU
2023-10-17 11:52:00,26.055,26.055,26.04,26.04,782.0,BTU
2023-10-17 11:51:00,26.045,26.06,26.03,26.06,4339.0,BTU
2023-10-17 11:50:00,26.055,26.055,26.03,26.045,5099.0,BTU
2023-10-17 11:49:00,26.04,26.04,26.025,26.04,2885.0,BTU
2023-10-17 11:48:00,26.04,26.05,26.04,26.04,774.0,BTU
2023-10-17 11:47:00,26.06,26.065,26.04,26.04,2449.0,BTU
2023-10-17 11:46:00,26.04,26.069,26.04,26.05,4248.0,BTU
2023-10-17 11:45:00,26.045,26.07,26.045,26.06,2570.0,BTU
2023-10-17 11:44:00,26.06,26.061,26.05,26.055,1900.0,BTU
2023-10-17 11:43:00,26.05,26.08,26.05,26.07,1902.0,BTU
2023-10-17 11:42:00,26.025,26.065,26.01,26.055,12036.0,BTU
2023-10-17 11:41:00,26.09,26.09,26.03,26.03,8927.0,BTU
2023-10-17 11:40:00,26.11,26.11,26.09,26.095,1093.0,BTU
2023-10-17 11:39:00,26.105,26.11,26.105,26.105,461.0,BTU
2023-10-17 11:38:00,26.1,26.1,26.09,26.09,1717.0,BTU
2023-10-17 11:37:00,26.11,26.11,26.08,26.09,3649.0,BTU
2023-10-17 11:36:00,26.12,26.131,26.1,26.12,5866.0,BTU
2023-10-17 11:35:00,26.1,26.14,26.1,26.13,1840.0,BTU
2023-10-17 11:34:00,26.12,26.13,26.095,26.095,1346.0,BTU
2023-10-17 11:33:00,26.115,26.12,26.11,26.11,1436.0,BTU
2023-10-17 11:32:00,26.11,26.14,26.11,26.125,9282.0,BTU
2023-10-17 11:31:00,26.085,26.105,26.07,26.1,9177.0,BTU
2023-10-17 11:30:00,26.12,26.125,26.09,26.09,2657.0,BTU
2023-10-17 11:29:00,26.11,26.135,26.11,26.13,3093.0,BTU
2023-10-17 11:28:00,26.125,26.13,26.11,26.115,1164.0,BTU
2023-10-17 11:27:00,26.13,26.14,26.11,26.13,2571.0,BTU
2023-10-17 11:26:00,26.18,26.18,26.13,26.135,19811.0,BTU
2023-10-17 11:25:00,26.22,26.22,26.18,26.18,9928.0,BTU
2023-10-17 11:24:00,26.23,26.23,26.22,26.22,2067.0,BTU
2023-10-17 11:23:00,26.255,26.255,26.235,26.235,2535.0,BTU
2023-10-17 11:22:00,26.25,26.255,26.25,26.255,685.0,BTU
2023-10-17 11:21:00,26.245,26.25,26.23,26.25,3307.0,BTU
2023-10-17 11:20:00,26.26,26.26,26.245,26.245,1478.0,BTU
2023-10-17 11:19:00,26.25,26.255,26.25,26.25,2592.0,BTU
2023-10-17 11:18:00,26.23,26.25,26.23,26.25,1302.0,BTU
2023-10-17 11:17:00,26.26,26.26,26.235,26.235,3503.0,BTU
2023-10-17 11:16:00,26.28,26.28,26.26,26.26,5269.0,BTU
2023-10-17 11:15:00,26.28,26.3,26.27,26.28,5505.0,BTU
2023-10-17 11:14:00,26.25,26.278,26.25,26.27,6154.0,BTU
2023-10-17 11:13:00,26.195,26.25,26.195,26.25,7238.0,BTU
2023-10-17 11:12:00,26.18,26.19,26.18,26.19,853.0,BTU
2023-10-17 11:11:00,26.18,26.19,26.18,26.19,436.0,BTU
2023-10-17 11:10:00,26.16,26.2,26.16,26.2,2917.0,BTU
2023-10-17 11:09:00,26.19,26.195,26.17,26.17,2460.0,BTU
2023-10-17 11:08:00,26.17,26.19,26.17,26.19,2151.0,BTU
2023-10-17 11:07:00,26.171,26.171,26.17,26.17,1189.0,BTU
2023-10-17 11:06:00,26.21,26.21,26.19,26.19,1785.0,BTU
2023-10-17 11:05:00,26.177,26.219,26.177,26.21,6458.0,BTU
2023-10-17 11:04:00,26.18,26.185,26.18,26.18,860.0,BTU
2023-10-17 11:03:00,26.16,26.18,26.16,26.18,1347.0,BTU
2023-10-17 11:02:00,26.15,26.15,26.14,26.15,2962.0,BTU
2023-10-17 11:01:00,26.16,26.16,26.16,26.16,1058.0,BTU
2023-10-17 11:00:00,26.16,26.17,26.15,26.17,3892.0,BTU
2023-10-17 10:59:00,26.16,26.16,26.15,26.15,1950.0,BTU
2023-10-17 10:58:00,26.15,26.15,26.14,26.15,1902.0,BTU
2023-10-17 10:57:00,26.16,26.16,26.15,26.15,1547.0,BTU
2023-10-17 10:56:00,26.15,26.15,26.14,26.15,551.0,BTU
2023-10-17 10:55:00,26.195,26.195,26.16,26.16,4314.0,BTU
2023-10-17 10:54:00,26.184,26.195,26.175,26.195,7929.0,BTU
2023-10-17 10:53:00,26.17,26.185,26.17,26.185,1726.0,BTU
2023-10-17 10:52:00,26.175,26.18,26.16,26.175,3932.0,BTU
2023-10-17 10:51:00,26.19,26.19,26.175,26.18,1514.0,BTU
2023-10-17 10:50:00,26.159,26.188,26.159,26.18,3202.0,BTU
2023-10-17 10:49:00,26.158,26.16,26.155,26.155,1620.0,BTU
2023-10-17 10:48:00,26.14,26.14,26.14,26.14,416.0,BTU
2023-10-17 10:47:00,26.1,26.12,26.09,26.11,9924.0,BTU
2023-10-17 10:46:00,26.12,26.12,26.08,26.09,7889.0,BTU
2023-10-17 10:45:00,26.13,26.13,26.115,26.12,1696.0,BTU
2023-10-17 10:44:00,26.13,26.13,26.12,26.12,2360.0,BTU
2023-10-17 10:43:00,26.12,26.135,26.11,26.135,2250.0,BTU
2023-10-17 10:42:00,26.11,26.13,26.11,26.12,3199.0,BTU
2023-10-17 10:41:00,26.14,26.14,26.11,26.11,1071.0,BTU
2023-10-17 10:40:00,26.13,26.13,26.12,26.13,2360.0,BTU
2023-10-17 10:39:00,26.205,26.205,26.14,26.14,11952.0,BTU
2023-10-17 10:38:00,26.211,26.22,26.2,26.2,3562.0,BTU
2023-10-17 10:37:00,26.2,26.225,26.19,26.215,5215.0,BTU
2023-10-17 10:36:00,26.2,26.205,26.185,26.195,3184.0,BTU
2023-10-17 10:35:00,26.185,26.218,26.185,26.195,3414.0,BTU
2023-10-17 10:34:00,26.17,26.19,26.17,26.185,3290.0,BTU
2023-10-17 10:33:00,26.165,26.17,26.15,26.17,1660.0,BTU
2023-10-17 10:32:00,26.16,26.18,26.14,26.169,2402.0,BTU
2023-10-17 10:31:00,26.19,26.19,26.17,26.174,2274.0,BTU
2023-10-17 10:30:00,26.202,26.21,26.19,26.2,1932.0,BTU
2023-10-17 10:29:00,26.21,26.22,26.19,26.2,17067.0,BTU
2023-10-17 10:28:00,26.2,26.222,26.2,26.22,3488.0,BTU
2023-10-17 10:27:00,26.2,26.2,26.183,26.2,2136.0,BTU
2023-10-17 10:26:00,26.17,26.205,26.17,26.2,4661.0,BTU
2023-10-17 10:25:00,26.14,26.19,26.13,26.17,8900.0,BTU
2023-10-17 10:24:00,26.16,26.16,26.13,26.13,2741.0,BTU
2023-10-17 10:23:00,26.15,26.17,26.15,26.16,3860.0,BTU
2023-10-17 10:22:00,26.145,26.145,26.13,26.14,2846.0,BTU
2023-10-17 10:21:00,26.165,26.17,26.135,26.14,6333.0,BTU
2023-10-17 10:20:00,26.15,26.15,26.13,26.15,3379.0,BTU
2023-10-17 10:19:00,26.17,26.17,26.16,26.16,1925.0,BTU
2023-10-17 10:18:00,26.16,26.18,26.16,26.16,1033.0,BTU
2023-10-17 10:17:00,26.16,26.165,26.14,26.165,4513.0,BTU
2023-10-17 10:16:00,26.17,26.173,26.16,26.16,1861.0,BTU
2023-10-17 10:15:00,26.22,26.22,26.17,26.17,7025.0,BTU
2023-10-17 10:14:00,26.19,26.211,26.19,26.211,3579.0,BTU
2023-10-17 10:13:00,26.16,26.21,26.16,26.185,13959.0,BTU
2023-10-17 10:12:00,26.17,26.17,26.15,26.15,3634.0,BTU
2023-10-17 10:11:00,26.15,26.17,26.145,26.17,1816.0,BTU
2023-10-17 10:10:00,26.13,26.197,26.12,26.14,8400.0,BTU
2023-10-17 10:09:00,26.13,26.14,26.09,26.123,12878.0,BTU
2023-10-17 10:08:00,26.1,26.14,26.08,26.12,22615.0,BTU
2023-10-17 10:07:00,26.125,26.148,26.1,26.1,6240.0,BTU
2023-10-17 10:06:00,26.07,26.12,26.068,26.12,11578.0,BTU
2023-10-17 10:05:00,25.95,26.07,25.95,26.055,23076.0,BTU
2023-10-17 10:04:00,25.94,25.98,25.93,25.95,13624.0,BTU
2023-10-17 10:03:00,25.94,25.97,25.93,25.93,47106.0,BTU
2023-10-17 10:02:00,25.92,25.96,25.91,25.94,20519.0,BTU
2023-10-17 10:01:00,25.91,25.96,25.91,25.93,13045.0,BTU
2023-10-17 10:00:00,25.93,25.93,25.85,25.88,31723.0,BTU
2023-10-17 09:59:00,25.97,25.985,25.93,25.93,6557.0,BTU
2023-10-17 09:58:00,25.86,25.975,25.86,25.975,12715.0,BTU
2023-10-17 09:57:00,25.875,25.93,25.86,25.86,32583.0,BTU
2023-10-17 09:56:00,25.87,25.87,25.86,25.86,3648.0,BTU
2023-10-17 09:55:00,25.81,25.86,25.81,25.86,8142.0,BTU
2023-10-17 09:54:00,25.86,25.86,25.83,25.83,4844.0,BTU
2023-10-17 09:53:00,25.86,25.87,25.85,25.86,7506.0,BTU
2023-10-17 09:52:00,25.85,25.89,25.84,25.84,25677.0,BTU
2023-10-17 09:51:00,25.85,25.87,25.84,25.86,9045.0,BTU
2023-10-17 09:50:00,25.785,25.84,25.785,25.83,10666.0,BTU
2023-10-17 09:49:00,25.81,25.81,25.78,25.79,10098.0,BTU
2023-10-17 09:48:00,25.83,25.83,25.811,25.82,1044.0,BTU
2023-10-17 09:47:00,25.85,25.85,25.785,25.81,20463.0,BTU
2023-10-17 09:46:00,25.84,25.85,25.83,25.84,7448.0,BTU
2023-10-17 09:45:00,25.88,25.88,25.81,25.83,12129.0,BTU
2023-10-17 09:44:00,25.81,25.891,25.81,25.891,5825.0,BTU
2023-10-17 09:43:00,25.74,25.795,25.73,25.795,13054.0,BTU
2023-10-17 09:42:00,25.86,25.9,25.72,25.735,47412.0,BTU
2023-10-17 09:41:00,25.84,25.89,25.81,25.83,60524.0,BTU
2023-10-17 09:40:00,25.815,25.89,25.79,25.85,17450.0,BTU
2023-10-17 09:39:00,25.854,25.86,25.75,25.78,6922.0,BTU
2023-10-17 09:38:00,25.735,25.87,25.7,25.87,89384.0,BTU
2023-10-17 09:37:00,25.695,25.73,25.695,25.7,34223.0,BTU
2023-10-17 09:36:00,25.71,25.73,25.66,25.697,15960.0,BTU
2023-10-17 09:35:00,25.71,25.72,25.7,25.72,2689.0,BTU
2023-10-17 09:34:00,25.75,25.773,25.7,25.71,11755.0,BTU
2023-10-17 09:33:00,25.71,25.76,25.69,25.757,8668.0,BTU
2023-10-17 09:32:00,25.72,25.73,25.66,25.72,1702.0,BTU
2023-10-17 09:31:00,25.67,25.75,25.66,25.75,1977.0,BTU
2023-10-17 09:30:00,25.45,25.65,25.45,25.65,13173.0,BTU
2023-10-17 09:29:00,25.45,25.53,25.43,25.43,720.0,BTU
2023-10-17 09:28:00,25.6,25.6,25.6,25.6,1.0,BTU
2023-10-17 09:22:00,25.62,25.62,25.62,25.62,300.0,BTU
2023-10-17 09:04:00,25.68,25.68,25.68,25.68,100.0,BTU
2023-10-17 08:43:00,25.68,25.68,25.68,25.68,25.0,BTU
2023-10-17 08:39:00,25.52,25.52,25.52,25.52,6.0,BTU
2023-10-17 08:36:00,25.7,25.7,25.7,25.7,100.0,BTU
2023-10-17 08:16:00,25.7,25.7,25.7,25.7,100.0,BTU
2023-10-17 08:02:00,24.94,24.94,24.94,24.94,1.0,BTU
2023-10-17 08:01:00,24.94,24.94,24.94,24.94,4.0,BTU
2023-10-17 06:50:00,25.63,25.63,25.63,25.63,40.0,BTU
2023-10-16 19:25:00,25.72,25.72,25.72,25.72,7.0,BTU
2023-10-16 19:00:00,25.72,25.72,25.72,25.72,172626.0,BTU
2023-10-16 18:30:00,25.72,25.72,25.72,25.72,172626.0,BTU
2023-10-16 18:00:00,25.44,25.44,25.44,25.44,75.0,BTU
2023-10-16 17:37:00,25.72,25.72,25.72,25.72,10.0,BTU
2023-10-16 17:05:00,25.41,25.41,25.41,25.41,75.0,BTU
2023-10-16 16:20:00,25.72,25.72,25.72,25.72,1437.0,BTU
2023-10-16 16:15:00,25.67,25.67,25.67,25.67,2.0,BTU
2023-10-16 16:14:00,25.66,25.66,25.66,25.66,5.0,BTU
2023-10-16 16:10:00,25.72,25.72,25.66,25.66,172678.0,BTU
2023-10-16 16:08:00,25.45,25.45,25.45,25.45,1.0,BTU
2023-10-16 16:01:00,25.72,25.72,25.72,25.72,3750.0,BTU
2023-10-16 16:00:00,25.72,25.72,25.71,25.72,451598.0,BTU
2023-10-16 15:59:00,25.73,25.735,25.71,25.72,71474.0,BTU
2023-10-16 15:58:00,25.745,25.75,25.73,25.735,28580.0,BTU
2023-10-16 15:57:00,25.765,25.765,25.74,25.745,16437.0,BTU
2023-10-16 15:56:00,25.715,25.77,25.71,25.765,53704.0,BTU
2023-10-16 15:55:00,25.72,25.72,25.71,25.715,6131.0,BTU
2023-10-16 15:54:00,25.695,25.725,25.69,25.71,40758.0,BTU
2023-10-16 15:53:00,25.685,25.7,25.685,25.7,9303.0,BTU
2023-10-16 15:52:00,25.685,25.69,25.68,25.69,6672.0,BTU
2023-10-16 15:51:00,25.685,25.685,25.68,25.685,2356.0,BTU
2023-10-16 15:50:00,25.69,25.69,25.68,25.685,8712.0,BTU
2023-10-16 15:49:00,25.695,25.695,25.69,25.695,2166.0,BTU
2023-10-16 15:48:00,25.7,25.7,25.695,25.7,1241.0,BTU
2023-10-16 15:47:00,25.715,25.745,25.695,25.695,22618.0,BTU
2023-10-16 15:46:00,25.72,25.72,25.71,25.72,1708.0,BTU
2023-10-16 15:45:00,25.675,25.72,25.67,25.715,14813.0,BTU
2023-10-16 15:44:00,25.68,25.68,25.672,25.675,1907.0,BTU
2023-10-16 15:43:00,25.68,25.685,25.675,25.675,5927.0,BTU
2023-10-16 15:42:00,25.695,25.7,25.68,25.68,4903.0,BTU
2023-10-16 15:41:00,25.695,25.695,25.695,25.695,1329.0,BTU
2023-10-16 15:40:00,25.69,25.695,25.69,25.695,1629.0,BTU
2023-10-16 15:39:00,25.69,25.695,25.675,25.695,4506.0,BTU
2023-10-16 15:38:00,25.685,25.695,25.685,25.695,2648.0,BTU
2023-10-16 15:37:00,25.7,25.7,25.685,25.685,2571.0,BTU
2023-10-16 15:36:00,25.715,25.72,25.704,25.705,11366.0,BTU
2023-10-16 15:35:00,25.71,25.715,25.71,25.715,455.0,BTU
2023-10-16 15:34:00,25.69,25.719,25.685,25.71,4030.0,BTU
2023-10-16 15:33:00,25.66,25.68,25.65,25.68,6736.0,BTU
2023-10-16 15:32:00,25.67,25.67,25.665,25.665,2276.0,BTU
2023-10-16 15:31:00,25.695,25.695,25.67,25.675,4358.0,BTU
2023-10-16 15:30:00,25.7,25.71,25.695,25.695,3469.0,BTU
2023-10-16 15:29:00,25.685,25.7,25.68,25.7,4545.0,BTU
2023-10-16 15:28:00,25.68,25.685,25.68,25.685,1435.0,BTU
2023-10-16 15:27:00,25.715,25.715,25.68,25.68,6447.0,BTU
2023-10-16 15:26:00,25.73,25.735,25.715,25.715,5862.0,BTU
2023-10-16 15:25:00,25.725,25.725,25.72,25.725,769.0,BTU
2023-10-16 15:24:00,25.725,25.728,25.72,25.728,2456.0,BTU
2023-10-16 15:23:00,25.665,25.735,25.665,25.73,17468.0,BTU
2023-10-16 15:22:00,25.67,25.67,25.66,25.665,3624.0,BTU
2023-10-16 15:21:00,25.675,25.68,25.675,25.675,3548.0,BTU
2023-10-16 15:20:00,25.66,25.68,25.66,25.675,7141.0,BTU
2023-10-16 15:19:00,25.635,25.66,25.635,25.66,4070.0,BTU
2023-10-16 15:18:00,25.63,25.635,25.625,25.635,2556.0,BTU
2023-10-16 15:17:00,25.605,25.635,25.605,25.63,4293.0,BTU
2023-10-16 15:16:00,25.625,25.63,25.6,25.6,16684.0,BTU
2023-10-16 15:15:00,25.625,25.63,25.62,25.625,3880.0,BTU
2023-10-16 15:14:00,25.625,25.625,25.62,25.625,3409.0,BTU
2023-10-16 15:13:00,25.63,25.63,25.62,25.623,12246.0,BTU
2023-10-16 15:12:00,25.625,25.63,25.625,25.63,3347.0,BTU
2023-10-16 15:11:00,25.62,25.63,25.62,25.63,2454.0,BTU
2023-10-16 15:10:00,25.625,25.625,25.61,25.61,4656.0,BTU
2023-10-16 15:09:00,25.63,25.63,25.625,25.625,2009.0,BTU
2023-10-16 15:08:00,25.63,25.63,25.625,25.63,2062.0,BTU
2023-10-16 15:07:00,25.615,25.635,25.605,25.63,7963.0,BTU
2023-10-16 15:06:00,25.62,25.62,25.615,25.62,657.0,BTU
2023-10-16 15:05:00,25.6,25.61,25.6,25.61,1118.0,BTU
2023-10-16 15:04:00,25.57,25.605,25.57,25.605,4355.0,BTU
2023-10-16 15:03:00,25.56,25.56,25.56,25.56,2226.0,BTU
2023-10-16 15:02:00,25.565,25.565,25.56,25.565,4091.0,BTU
2023-10-16 15:01:00,25.575,25.575,25.563,25.565,2748.0,BTU
2023-10-16 15:00:00,25.59,25.59,25.57,25.57,2510.0,BTU
2023-10-16 14:59:00,25.6,25.605,25.595,25.595,3921.0,BTU
2023-10-16 14:58:00,25.605,25.605,25.605,25.605,428.0,BTU
2023-10-16 14:57:00,25.575,25.61,25.575,25.61,3711.0,BTU
2023-10-16 14:56:00,25.58,25.59,25.57,25.575,2478.0,BTU
2023-10-16 14:55:00,25.615,25.615,25.58,25.58,5360.0,BTU
2023-10-16 14:54:00,25.62,25.62,25.62,25.62,2804.0,BTU
2023-10-16 14:53:00,25.63,25.635,25.63,25.63,3053.0,BTU
2023-10-16 14:52:00,25.6,25.63,25.6,25.621,4369.0,BTU
2023-10-16 14:51:00,25.61,25.611,25.605,25.61,2857.0,BTU
2023-10-16 14:49:00,25.615,25.615,25.605,25.605,1134.0,BTU
2023-10-16 14:48:00,25.6,25.615,25.6,25.615,1890.0,BTU
2023-10-16 14:47:00,25.61,25.61,25.6,25.6,2519.0,BTU
2023-10-16 14:46:00,25.62,25.635,25.61,25.61,3616.0,BTU
2023-10-16 14:45:00,25.6,25.62,25.6,25.615,3897.0,BTU
2023-10-16 14:44:00,25.605,25.605,25.605,25.605,494.0,BTU
2023-10-16 14:43:00,25.605,25.605,25.605,25.605,311.0,BTU
2023-10-16 14:42:00,25.619,25.62,25.605,25.605,7157.0,BTU
2023-10-16 14:41:00,25.61,25.619,25.61,25.615,1684.0,BTU
2023-10-16 14:40:00,25.615,25.615,25.61,25.61,1239.0,BTU
2023-10-16 14:39:00,25.595,25.61,25.595,25.61,2775.0,BTU
2023-10-16 14:38:00,25.583,25.595,25.583,25.59,893.0,BTU
2023-10-16 14:37:00,25.6,25.6,25.59,25.59,3779.0,BTU
2023-10-16 14:36:00,25.56,25.585,25.56,25.585,2349.0,BTU
2023-10-16 14:35:00,25.59,25.59,25.565,25.569,3316.0,BTU
2023-10-16 14:34:00,25.57,25.59,25.57,25.59,2641.0,BTU
2023-10-16 14:33:00,25.58,25.59,25.56,25.58,7363.0,BTU
2023-10-16 14:32:00,25.59,25.59,25.57,25.58,1593.0,BTU
2023-10-16 14:31:00,25.58,25.59,25.58,25.59,1874.0,BTU
2023-10-16 14:30:00,25.55,25.58,25.545,25.58,5221.0,BTU
2023-10-16 14:29:00,25.57,25.57,25.55,25.55,2338.0,BTU
2023-10-16 14:28:00,25.56,25.58,25.555,25.575,4020.0,BTU
2023-10-16 14:27:00,25.56,25.56,25.555,25.56,2027.0,BTU
2023-10-16 14:26:00,25.555,25.565,25.555,25.565,1420.0,BTU
2023-10-16 14:25:00,25.56,25.56,25.54,25.545,2831.0,BTU
2023-10-16 14:24:00,25.59,25.59,25.56,25.56,2291.0,BTU
2023-10-16 14:23:00,25.6,25.6,25.585,25.59,10734.0,BTU
2023-10-16 14:22:00,25.63,25.63,25.6,25.6,2751.0,BTU
2023-10-16 14:21:00,25.61,25.63,25.61,25.63,2688.0,BTU
2023-10-16 14:20:00,25.61,25.615,25.605,25.615,2891.0,BTU
2023-10-16 14:19:00,25.62,25.62,25.615,25.615,837.0,BTU
2023-10-16 14:18:00,25.615,25.615,25.61,25.61,560.0,BTU
2023-10-16 14:17:00,25.625,25.625,25.59,25.605,5959.0,BTU
2023-10-16 14:16:00,25.625,25.625,25.625,25.625,359.0,BTU
2023-10-16 14:15:00,25.631,25.64,25.625,25.63,5322.0,BTU
2023-10-16 14:14:00,25.635,25.635,25.635,25.635,605.0,BTU
2023-10-16 14:13:00,25.62,25.64,25.62,25.64,1870.0,BTU
2023-10-16 14:12:00,25.6,25.621,25.59,25.62,8925.0,BTU
2023-10-16 14:11:00,25.604,25.605,25.604,25.605,1151.0,BTU
2023-10-16 14:10:00,25.585,25.6,25.585,25.6,2610.0,BTU
2023-10-16 14:09:00,25.575,25.59,25.575,25.59,1214.0,BTU
2023-10-16 14:08:00,25.575,25.58,25.575,25.58,3903.0,BTU
2023-10-16 14:07:00,25.57,25.575,25.568,25.57,1506.0,BTU
2023-10-16 14:06:00,25.56,25.565,25.56,25.565,1027.0,BTU
2023-10-16 14:05:00,25.57,25.57,25.55,25.555,3455.0,BTU
2023-10-16 14:04:00,25.57,25.57,25.57,25.57,1667.0,BTU
2023-10-16 14:03:00,25.57,25.58,25.57,25.575,1988.0,BTU
2023-10-16 14:02:00,25.57,25.57,25.57,25.57,756.0,BTU
2023-10-16 14:01:00,25.57,25.58,25.57,25.58,1507.0,BTU
2023-10-16 14:00:00,25.565,25.565,25.555,25.565,1889.0,BTU
2023-10-16 13:59:00,25.57,25.571,25.565,25.565,4008.0,BTU
2023-10-16 13:58:00,25.57,25.58,25.57,25.575,758.0,BTU
2023-10-16 13:57:00,25.55,25.57,25.545,25.57,3295.0,BTU
2023-10-16 13:56:00,25.555,25.555,25.555,25.555,365.0,BTU
2023-10-16 13:55:00,25.56,25.56,25.555,25.555,2272.0,BTU
2023-10-16 13:54:00,25.57,25.57,25.57,25.57,504.0,BTU
2023-10-16 13:53:00,25.57,25.57,25.57,25.57,384.0,BTU
2023-10-16 13:52:00,25.54,25.57,25.54,25.57,4714.0,BTU
2023-10-16 13:51:00,25.53,25.55,25.53,25.54,1953.0,BTU
2023-10-16 13:50:00,25.52,25.52,25.52,25.52,917.0,BTU
2023-10-16 13:49:00,25.52,25.53,25.52,25.53,885.0,BTU
2023-10-16 13:48:00,25.5,25.505,25.5,25.505,1798.0,BTU
2023-10-16 13:47:00,25.5,25.51,25.49,25.49,2321.0,BTU
2023-10-16 13:46:00,25.5,25.5,25.5,25.5,764.0,BTU
2023-10-16 13:45:00,25.51,25.51,25.49,25.49,3263.0,BTU
2023-10-16 13:44:00,25.5,25.52,25.5,25.515,1025.0,BTU
2023-10-16 13:43:00,25.48,25.49,25.48,25.49,3299.0,BTU
2023-10-16 13:42:00,25.5,25.5,25.49,25.49,1018.0,BTU
2023-10-16 13:41:00,25.46,25.5,25.46,25.5,1916.0,BTU
2023-10-16 13:40:00,25.41,25.46,25.405,25.46,4523.0,BTU
2023-10-16 13:39:00,25.405,25.42,25.405,25.415,854.0,BTU
2023-10-16 13:38:00,25.41,25.41,25.4,25.4,4954.0,BTU
2023-10-16 13:37:00,25.4,25.4,25.4,25.4,512.0,BTU
2023-10-16 13:36:00,25.4,25.4,25.4,25.4,1280.0,BTU
2023-10-16 13:35:00,25.39,25.4,25.37,25.38,7668.0,BTU
2023-10-16 13:34:00,25.395,25.395,25.395,25.395,530.0,BTU
2023-10-16 13:33:00,25.41,25.41,25.39,25.39,2221.0,BTU
2023-10-16 13:32:00,25.405,25.42,25.405,25.42,1373.0,BTU
2023-10-16 13:31:00,25.405,25.42,25.403,25.41,3101.0,BTU
2023-10-16 13:30:00,25.42,25.42,25.395,25.41,5632.0,BTU
2023-10-16 13:29:00,25.445,25.445,25.42,25.42,4003.0,BTU
2023-10-16 13:28:00,25.44,25.44,25.43,25.43,2242.0,BTU
2023-10-16 13:27:00,25.425,25.43,25.41,25.429,1762.0,BTU
2023-10-16 13:26:00,25.405,25.405,25.38,25.4,4355.0,BTU
2023-10-16 13:25:00,25.39,25.41,25.36,25.4,6894.0,BTU
2023-10-16 13:24:00,25.415,25.415,25.39,25.39,2746.0,BTU
2023-10-16 13:23:00,25.42,25.42,25.41,25.41,746.0,BTU
2023-10-16 13:22:00,25.455,25.455,25.41,25.43,5570.0,BTU
2023-10-16 13:21:00,25.449,25.46,25.43,25.45,6565.0,BTU
2023-10-16 13:20:00,25.46,25.46,25.42,25.43,3830.0,BTU
2023-10-16 13:19:00,25.47,25.47,25.46,25.47,894.0,BTU
2023-10-16 13:18:00,25.485,25.487,25.46,25.47,2060.0,BTU
2023-10-16 13:17:00,25.48,25.48,25.47,25.48,3079.0,BTU
2023-10-16 13:16:00,25.535,25.555,25.485,25.485,4003.0,BTU
2023-10-16 13:15:00,25.53,25.535,25.53,25.535,564.0,BTU
2023-10-16 13:14:00,25.57,25.575,25.525,25.54,11276.0,BTU
2023-10-16 13:13:00,25.605,25.61,25.57,25.57,4031.0,BTU
2023-10-16 13:12:00,25.6,25.605,25.59,25.6,2982.0,BTU
2023-10-16 13:11:00,25.585,25.59,25.585,25.59,1118.0,BTU
2023-10-16 13:10:00,25.59,25.59,25.57,25.58,5347.0,BTU
2023-10-16 13:09:00,25.63,25.63,25.59,25.59,5253.0,BTU
2023-10-16 13:08:00,25.64,25.64,25.63,25.635,821.0,BTU
2023-10-16 13:07:00,25.63,25.645,25.63,25.64,4295.0,BTU
2023-10-16 13:06:00,25.67,25.67,25.633,25.635,3731.0,BTU
2023-10-16 13:05:00,25.675,25.69,25.671,25.672,5733.0,BTU
2023-10-16 13:04:00,25.675,25.68,25.675,25.68,1141.0,BTU
2023-10-16 13:03:00,25.685,25.685,25.675,25.675,2291.0,BTU
2023-10-16 13:02:00,25.665,25.68,25.655,25.68,3632.0,BTU
2023-10-16 13:01:00,25.66,25.67,25.66,25.67,1628.0,BTU
2023-10-16 13:00:00,25.651,25.659,25.651,25.659,845.0,BTU
2023-10-16 12:59:00,25.655,25.66,25.65,25.655,3604.0,BTU
2023-10-16 12:58:00,25.64,25.65,25.64,25.65,971.0,BTU
2023-10-16 12:57:00,25.645,25.65,25.635,25.635,1912.0,BTU
2023-10-16 12:56:00,25.65,25.655,25.65,25.65,2069.0,BTU
2023-10-16 12:55:00,25.657,25.659,25.655,25.655,1017.0,BTU
2023-10-16 12:54:00,25.645,25.655,25.645,25.655,1279.0,BTU
2023-10-16 12:53:00,25.66,25.66,25.64,25.64,2573.0,BTU
2023-10-16 12:52:00,25.66,25.66,25.655,25.66,2103.0,BTU
2023-10-16 12:51:00,25.668,25.668,25.66,25.66,454.0,BTU
2023-10-16 12:50:00,25.67,25.67,25.665,25.67,3961.0,BTU
2023-10-16 12:49:00,25.67,25.7,25.665,25.665,4400.0,BTU
2023-10-16 12:48:00,25.665,25.665,25.665,25.665,440.0,BTU
2023-10-16 12:47:00,25.669,25.669,25.66,25.665,2780.0,BTU
2023-10-16 12:46:00,25.66,25.665,25.66,25.665,400.0,BTU
2023-10-16 12:45:00,25.655,25.67,25.655,25.665,2964.0,BTU
2023-10-16 12:44:00,25.67,25.67,25.655,25.655,4527.0,BTU
2023-10-16 12:43:00,25.64,25.66,25.64,25.66,1266.0,BTU
2023-10-16 12:42:00,25.6,25.625,25.6,25.625,2904.0,BTU
2023-10-16 12:41:00,25.6,25.605,25.6,25.605,557.0,BTU
2023-10-16 12:40:00,25.58,25.59,25.58,25.59,503.0,BTU
2023-10-16 12:39:00,25.545,25.57,25.545,25.57,1229.0,BTU
2023-10-16 12:38:00,25.54,25.55,25.535,25.54,3441.0,BTU
2023-10-16 12:37:00,25.54,25.54,25.525,25.53,3651.0,BTU
2023-10-16 12:36:00,25.49,25.535,25.49,25.535,2672.0,BTU
2023-10-16 12:35:00,25.49,25.495,25.49,25.491,3557.0,BTU
2023-10-16 12:34:00,25.49,25.505,25.49,25.495,2187.0,BTU
2023-10-16 12:33:00,25.5,25.5,25.49,25.495,1086.0,BTU
2023-10-16 12:32:00,25.52,25.521,25.495,25.5,4220.0,BTU
2023-10-16 12:31:00,25.525,25.525,25.525,25.525,675.0,BTU
2023-10-16 12:30:00,25.53,25.53,25.52,25.52,1739.0,BTU
2023-10-16 12:29:00,25.535,25.535,25.534,25.534,933.0,BTU
2023-10-16 12:28:00,25.54,25.54,25.535,25.54,3094.0,BTU
2023-10-16 12:27:00,25.55,25.55,25.54,25.545,1096.0,BTU
2023-10-16 12:26:00,25.545,25.55,25.545,25.55,1557.0,BTU
2023-10-16 12:25:00,25.53,25.53,25.525,25.53,2212.0,BTU
2023-10-16 12:24:00,25.53,25.53,25.525,25.525,1191.0,BTU
2023-10-16 12:23:00,25.535,25.54,25.535,25.54,497.0,BTU
2023-10-16 12:22:00,25.54,25.54,25.53,25.533,3075.0,BTU
2023-10-16 12:21:00,25.54,25.55,25.535,25.535,3129.0,BTU
2023-10-16 12:20:00,25.555,25.555,25.54,25.545,9547.0,BTU
2023-10-16 12:19:00,25.575,25.575,25.555,25.555,3444.0,BTU
2023-10-16 12:18:00,25.57,25.58,25.56,25.58,3962.0,BTU
2023-10-16 12:17:00,25.57,25.58,25.57,25.575,1461.0,BTU
2023-10-16 12:16:00,25.55,25.57,25.535,25.56,2932.0,BTU
2023-10-16 12:15:00,25.52,25.535,25.515,25.535,5172.0,BTU
2023-10-16 12:14:00,25.53,25.54,25.525,25.53,3887.0,BTU
2023-10-16 12:13:00,25.551,25.551,25.535,25.535,1783.0,BTU
2023-10-16 12:12:00,25.56,25.56,25.535,25.55,6162.0,BTU
2023-10-16 12:11:00,25.566,25.566,25.566,25.566,286.0,BTU
2023-10-16 12:10:00,25.57,25.57,25.565,25.565,2913.0,BTU
2023-10-16 12:09:00,25.575,25.59,25.57,25.58,3830.0,BTU
2023-10-16 12:08:00,25.57,25.575,25.57,25.575,423.0,BTU
2023-10-16 12:07:00,25.59,25.59,25.575,25.575,5077.0,BTU
2023-10-16 12:06:00,25.59,25.59,25.575,25.58,2877.0,BTU
2023-10-16 12:05:00,25.55,25.6,25.545,25.595,6426.0,BTU
2023-10-16 12:04:00,25.55,25.555,25.545,25.545,2400.0,BTU
2023-10-16 12:03:00,25.57,25.57,25.555,25.555,2552.0,BTU
2023-10-16 12:02:00,25.575,25.58,25.57,25.57,2281.0,BTU
2023-10-16 12:01:00,25.575,25.575,25.57,25.575,2379.0,BTU
2023-10-16 12:00:00,25.585,25.585,25.575,25.575,1667.0,BTU
2023-10-16 11:59:00,25.595,25.6,25.58,25.58,2561.0,BTU
2023-10-16 11:58:00,25.59,25.59,25.575,25.59,6266.0,BTU
2023-10-16 11:57:00,25.585,25.585,25.585,25.585,534.0,BTU
2023-10-16 11:56:00,25.585,25.595,25.58,25.585,6084.0,BTU
2023-10-16 11:55:00,25.59,25.59,25.58,25.58,1860.0,BTU
2023-10-16 11:54:00,25.6,25.6,25.59,25.59,1177.0,BTU
2023-10-16 11:53:00,25.63,25.63,25.6,25.605,2859.0,BTU
2023-10-16 11:52:00,25.635,25.635,25.635,25.635,866.0,BTU
2023-10-16 11:51:00,25.64,25.64,25.63,25.635,2662.0,BTU
2023-10-16 11:50:00,25.63,25.635,25.625,25.625,2513.0,BTU
2023-10-16 11:49:00,25.64,25.645,25.63,25.635,2839.0,BTU
2023-10-16 11:48:00,25.63,25.63,25.63,25.63,885.0,BTU
2023-10-16 11:47:00,25.64,25.64,25.6,25.62,7841.0,BTU
2023-10-16 11:46:00,25.65,25.65,25.64,25.64,1863.0,BTU
2023-10-16 11:45:00,25.63,25.65,25.63,25.65,2292.0,BTU
2023-10-16 11:44:00,25.62,25.635,25.62,25.635,1697.0,BTU
2023-10-16 11:43:00,25.66,25.67,25.62,25.62,4458.0,BTU
2023-10-16 11:42:00,25.695,25.71,25.65,25.66,10035.0,BTU
2023-10-16 11:41:00,25.68,25.69,25.675,25.69,1284.0,BTU
2023-10-16 11:40:00,25.595,25.65,25.595,25.645,5077.0,BTU
2023-10-16 11:39:00,25.6,25.6,25.595,25.6,836.0,BTU
2023-10-16 11:38:00,25.59,25.6,25.59,25.6,2883.0,BTU
2023-10-16 11:37:00,25.59,25.6,25.58,25.595,3676.0,BTU
2023-10-16 11:36:00,25.56,25.56,25.56,25.56,1276.0,BTU
2023-10-16 11:35:00,25.6,25.6,25.54,25.54,7700.0,BTU
2023-10-16 11:34:00,25.595,25.63,25.59,25.59,6618.0,BTU
2023-10-16 11:33:00,25.575,25.6,25.565,25.595,8540.0,BTU
2023-10-16 11:32:00,25.6,25.6,25.58,25.58,2981.0,BTU
2023-10-16 11:31:00,25.6,25.605,25.593,25.6,3814.0,BTU
2023-10-16 11:30:00,25.6,25.61,25.585,25.6,4049.0,BTU
2023-10-16 11:29:00,25.63,25.63,25.605,25.605,1117.0,BTU
2023-10-16 11:28:00,25.64,25.64,25.63,25.63,830.0,BTU
2023-10-16 11:27:00,25.69,25.69,25.64,25.64,4017.0,BTU
2023-10-16 11:26:00,25.695,25.695,25.69,25.693,1612.0,BTU
2023-10-16 11:25:00,25.68,25.72,25.68,25.695,11996.0,BTU
2023-10-16 11:24:00,25.675,25.675,25.675,25.675,297.0,BTU
2023-10-16 11:23:00,25.7,25.7,25.67,25.675,3154.0,BTU
2023-10-16 11:22:00,25.715,25.716,25.7,25.705,2418.0,BTU
2023-10-16 11:21:00,25.7,25.715,25.695,25.715,6552.0,BTU
2023-10-16 11:20:00,25.71,25.71,25.69,25.695,1811.0,BTU
2023-10-16 11:19:00,25.705,25.715,25.7,25.715,4971.0,BTU
2023-10-16 11:18:00,25.7,25.71,25.7,25.71,3584.0,BTU
2023-10-16 11:17:00,25.689,25.695,25.685,25.695,2528.0,BTU
2023-10-16 11:16:00,25.695,25.7,25.69,25.69,2528.0,BTU
2023-10-16 11:15:00,25.63,25.68,25.63,25.68,1993.0,BTU
2023-10-16 11:14:00,25.649,25.649,25.625,25.625,2313.0,BTU
2023-10-16 11:13:00,25.66,25.665,25.635,25.635,2769.0,BTU
2023-10-16 11:12:00,25.69,25.695,25.655,25.655,3557.0,BTU
2023-10-16 11:11:00,25.67,25.7,25.67,25.7,1855.0,BTU
2023-10-16 11:10:00,25.65,25.66,25.645,25.66,20270.0,BTU
2023-10-16 11:09:00,25.655,25.655,25.655,25.655,385.0,BTU
2023-10-16 11:08:00,25.665,25.665,25.655,25.655,3645.0,BTU
2023-10-16 11:07:00,25.605,25.67,25.605,25.67,12724.0,BTU
2023-10-16 11:06:00,25.595,25.61,25.595,25.605,2980.0,BTU
2023-10-16 11:05:00,25.59,25.6,25.59,25.6,1253.0,BTU
2023-10-16 11:04:00,25.59,25.6,25.58,25.581,4090.0,BTU
2023-10-16 11:03:00,25.58,25.58,25.575,25.58,2511.0,BTU
2023-10-16 11:02:00,25.6,25.6,25.58,25.585,10553.0,BTU
2023-10-16 11:01:00,25.588,25.61,25.588,25.6,8507.0,BTU
2023-10-16 11:00:00,25.59,25.59,25.585,25.585,775.0,BTU
2023-10-16 10:59:00,25.6,25.6,25.585,25.585,6593.0,BTU
2023-10-16 10:58:00,25.592,25.6,25.592,25.6,1918.0,BTU
2023-10-16 10:57:00,25.61,25.615,25.591,25.595,2276.0,BTU
2023-10-16 10:56:00,25.62,25.62,25.6,25.6,3029.0,BTU
2023-10-16 10:55:00,25.6,25.625,25.6,25.625,1595.0,BTU
2023-10-16 10:54:00,25.58,25.59,25.58,25.59,3656.0,BTU
2023-10-16 10:53:00,25.6,25.6,25.58,25.58,6149.0,BTU
2023-10-16 10:52:00,25.57,25.6,25.57,25.6,4784.0,BTU
2023-10-16 10:51:00,25.58,25.58,25.571,25.571,1034.0,BTU
2023-10-16 10:50:00,25.57,25.585,25.57,25.58,1837.0,BTU
2023-10-16 10:49:00,25.571,25.59,25.57,25.58,2702.0,BTU
2023-10-16 10:48:00,25.585,25.59,25.56,25.575,7224.0,BTU
2023-10-16 10:47:00,25.59,25.59,25.585,25.585,541.0,BTU
2023-10-16 10:46:00,25.585,25.59,25.585,25.59,1446.0,BTU
2023-10-16 10:45:00,25.585,25.585,25.58,25.58,2354.0,BTU
2023-10-16 10:43:00,25.62,25.62,25.583,25.59,4369.0,BTU
2023-10-16 10:42:00,25.635,25.636,25.625,25.63,4085.0,BTU
2023-10-16 10:41:00,25.62,25.64,25.62,25.63,1177.0,BTU
2023-10-16 10:40:00,25.59,25.62,25.59,25.62,5344.0,BTU
2023-10-16 10:39:00,25.585,25.59,25.57,25.58,4153.0,BTU
2023-10-16 10:38:00,25.56,25.59,25.56,25.585,3519.0,BTU
2023-10-16 10:37:00,25.58,25.58,25.565,25.57,2056.0,BTU
2023-10-16 10:36:00,25.599,25.61,25.585,25.585,2431.0,BTU
2023-10-16 10:35:00,25.59,25.595,25.57,25.595,3683.0,BTU
2023-10-16 10:34:00,25.6,25.601,25.57,25.58,5870.0,BTU
2023-10-16 10:33:00,25.64,25.64,25.6,25.6,9901.0,BTU
2023-10-16 10:32:00,25.63,25.65,25.63,25.64,4437.0,BTU
2023-10-16 10:31:00,25.615,25.63,25.611,25.63,4620.0,BTU
2023-10-16 10:30:00,25.57,25.62,25.57,25.62,7240.0,BTU
2023-10-16 10:29:00,25.57,25.57,25.55,25.56,5618.0,BTU
2023-10-16 10:28:00,25.55,25.57,25.55,25.57,1622.0,BTU
2023-10-16 10:27:00,25.53,25.56,25.53,25.56,2459.0,BTU
2023-10-16 10:26:00,25.48,25.53,25.48,25.53,1904.0,BTU
2023-10-16 10:25:00,25.54,25.54,25.48,25.48,8761.0,BTU
2023-10-16 10:24:00,25.45,25.53,25.45,25.52,2344.0,BTU
2023-10-16 10:23:00,25.43,25.465,25.42,25.454,3967.0,BTU
2023-10-16 10:22:00,25.48,25.48,25.44,25.44,12847.0,BTU
2023-10-16 10:21:00,25.48,25.505,25.46,25.48,4292.0,BTU
2023-10-16 10:20:00,25.515,25.54,25.48,25.49,17294.0,BTU
2023-10-16 10:19:00,25.49,25.515,25.49,25.51,4493.0,BTU
2023-10-16 10:18:00,25.5,25.505,25.49,25.49,4655.0,BTU
2023-10-16 10:17:00,25.48,25.5,25.48,25.5,2346.0,BTU
2023-10-16 10:16:00,25.49,25.5,25.48,25.48,4099.0,BTU
2023-10-16 10:15:00,25.5,25.505,25.49,25.5,7961.0,BTU
2023-10-16 10:14:00,25.468,25.501,25.468,25.5,4348.0,BTU
2023-10-16 10:13:00,25.46,25.467,25.46,25.467,834.0,BTU
2023-10-16 10:12:00,25.37,25.44,25.37,25.44,4946.0,BTU
2023-10-16 10:11:00,25.33,25.39,25.33,25.37,18442.0,BTU
2023-10-16 10:10:00,25.34,25.35,25.32,25.339,3258.0,BTU
2023-10-16 10:09:00,25.24,25.33,25.24,25.33,10824.0,BTU
2023-10-16 10:08:00,25.29,25.29,25.25,25.25,5567.0,BTU
2023-10-16 10:07:00,25.31,25.31,25.29,25.3,3080.0,BTU
2023-10-16 10:06:00,25.32,25.32,25.295,25.31,3296.0,BTU
2023-10-16 10:05:00,25.32,25.32,25.3,25.31,4902.0,BTU
2023-10-16 10:04:00,25.34,25.35,25.33,25.33,2076.0,BTU
2023-10-16 10:03:00,25.34,25.34,25.33,25.33,1910.0,BTU
2023-10-16 10:02:00,25.35,25.35,25.345,25.35,1186.0,BTU
2023-10-16 10:01:00,25.33,25.35,25.31,25.35,3927.0,BTU
2023-10-16 10:00:00,25.35,25.35,25.34,25.34,1132.0,BTU
2023-10-16 09:59:00,25.315,25.341,25.315,25.33,2090.0,BTU
2023-10-16 09:58:00,25.45,25.45,25.33,25.33,11951.0,BTU
2023-10-16 09:57:00,25.46,25.52,25.43,25.46,29344.0,BTU
2023-10-16 09:56:00,25.5,25.56,25.46,25.47,56964.0,BTU
2023-10-16 09:55:00,25.52,25.53,25.495,25.51,2297.0,BTU
2023-10-16 09:54:00,25.5,25.55,25.5,25.53,2353.0,BTU
2023-10-16 09:53:00,25.49,25.49,25.47,25.48,3735.0,BTU
2023-10-16 09:52:00,25.505,25.505,25.49,25.5,3802.0,BTU
2023-10-16 09:51:00,25.449,25.51,25.448,25.508,5419.0,BTU
2023-10-16 09:50:00,25.43,25.47,25.42,25.45,8704.0,BTU
2023-10-16 09:49:00,25.49,25.51,25.4,25.421,22563.0,BTU
2023-10-16 09:48:00,25.5,25.5,25.46,25.49,7156.0,BTU
2023-10-16 09:47:00,25.49,25.52,25.48,25.48,5666.0,BTU
2023-10-16 09:46:00,25.41,25.51,25.41,25.49,9547.0,BTU
2023-10-16 09:45:00,25.39,25.41,25.39,25.41,2008.0,BTU
2023-10-16 09:44:00,25.38,25.4,25.35,25.4,2349.0,BTU
2023-10-16 09:43:00,25.33,25.42,25.3,25.38,4758.0,BTU
2023-10-16 09:42:00,25.3,25.34,25.3,25.34,3766.0,BTU
2023-10-16 09:41:00,25.338,25.338,25.3,25.3,2028.0,BTU
2023-10-16 09:40:00,25.42,25.42,25.31,25.34,9663.0,BTU
2023-10-16 09:39:00,25.39,25.435,25.38,25.435,1463.0,BTU
2023-10-16 09:38:00,25.43,25.43,25.36,25.4,7797.0,BTU
2023-10-16 09:37:00,25.4,25.46,25.4,25.42,5706.0,BTU
2023-10-16 09:36:00,25.45,25.45,25.36,25.42,10126.0,BTU
2023-10-16 09:35:00,25.44,25.47,25.38,25.46,20055.0,BTU
2023-10-16 09:34:00,25.48,25.48,25.435,25.45,7153.0,BTU
2023-10-16 09:33:00,25.57,25.57,25.48,25.48,2823.0,BTU
2023-10-16 09:32:00,25.68,25.69,25.57,25.58,11849.0,BTU
2023-10-16 09:31:00,25.765,25.8,25.65,25.67,43252.0,BTU
2023-10-16 09:30:00,25.88,25.88,25.76,25.805,39868.0,BTU
2023-10-16 08:49:00,25.89,25.89,25.89,25.89,100.0,BTU
2023-10-16 08:33:00,25.84,25.84,25.76,25.76,415.0,BTU
2023-10-16 08:07:00,25.7,25.7,25.7,25.7,100.0,BTU
2023-10-16 08:05:00,25.702,25.702,25.7,25.7,200.0,BTU
2023-10-16 08:00:00,25.94,25.94,25.78,25.78,10.0,BTU
2023-10-16 04:09:00,25.61,25.61,25.61,25.61,1.0,BTU
2023-10-13 19:24:00,25.6,25.6,25.6,25.6,400.0,BTU
2023-10-13 19:06:00,26.3,26.3,26.3,26.3,10.0,BTU
2023-10-13 19:00:00,25.76,25.76,25.76,25.76,318065.0,BTU
2023-10-13 18:30:00,25.76,25.76,25.76,25.76,318065.0,BTU
2023-10-13 18:16:00,25.76,25.76,25.76,25.76,250.0,BTU
2023-10-13 18:03:00,25.61,25.61,25.61,25.61,25.0,BTU
2023-10-13 17:36:00,25.76,25.76,25.76,25.76,16.0,BTU
2023-10-13 17:33:00,25.6,25.6,25.6,25.6,35.0,BTU
2023-10-13 17:26:00,25.73,25.76,25.61,25.76,12.0,BTU
2023-10-13 17:22:00,25.77,25.77,25.76,25.76,10.0,BTU
2023-10-13 17:14:00,25.97,25.97,25.97,25.97,40.0,BTU
2023-10-13 16:20:00,25.76,25.76,25.76,25.76,730.0,BTU
2023-10-13 16:10:00,25.76,25.76,25.76,25.76,318065.0,BTU
2023-10-13 16:08:00,25.43,25.43,25.43,25.43,2.0,BTU
2023-10-13 16:01:00,25.76,25.76,25.76,25.76,2883.0,BTU
2023-10-13 16:00:00,25.78,25.78,25.76,25.76,676861.0,BTU
2023-10-13 15:59:00,25.755,25.78,25.75,25.78,67482.0,BTU
2023-10-13 15:58:00,25.76,25.77,25.745,25.76,44497.0,BTU
2023-10-13 15:57:00,25.745,25.76,25.74,25.76,33699.0,BTU
2023-10-13 15:56:00,25.73,25.75,25.705,25.745,37074.0,BTU
2023-10-13 15:55:00,25.71,25.73,25.705,25.73,30832.0,BTU
2023-10-13 15:54:00,25.69,25.71,25.67,25.705,20596.0,BTU
2023-10-13 15:53:00,25.76,25.76,25.68,25.69,24071.0,BTU
2023-10-13 15:52:00,25.7,25.765,25.7,25.76,19899.0,BTU
2023-10-13 15:51:00,25.775,25.775,25.705,25.705,22044.0,BTU
2023-10-13 15:50:00,25.77,25.79,25.75,25.775,20004.0,BTU
2023-10-13 15:49:00,25.79,25.795,25.765,25.765,11639.0,BTU
2023-10-13 15:48:00,25.78,25.8,25.775,25.785,16436.0,BTU
2023-10-13 15:47:00,25.745,25.775,25.745,25.775,6243.0,BTU
2023-10-13 15:46:00,25.745,25.755,25.74,25.75,10860.0,BTU
2023-10-13 15:45:00,25.73,25.745,25.73,25.745,7429.0,BTU
2023-10-13 15:44:00,25.75,25.755,25.725,25.725,7275.0,BTU
2023-10-13 15:43:00,25.765,25.78,25.75,25.755,11287.0,BTU
2023-10-13 15:42:00,25.79,25.79,25.76,25.765,7805.0,BTU
2023-10-13 15:41:00,25.8,25.805,25.785,25.79,8278.0,BTU
2023-10-13 15:40:00,25.755,25.795,25.755,25.79,9444.0,BTU
2023-10-13 15:39:00,25.735,25.75,25.735,25.75,5500.0,BTU
2023-10-13 15:38:00,25.77,25.77,25.73,25.735,11462.0,BTU
2023-10-13 15:37:00,25.77,25.795,25.77,25.78,9138.0,BTU
2023-10-13 15:36:00,25.775,25.775,25.765,25.765,3040.0,BTU
2023-10-13 15:35:00,25.775,25.795,25.765,25.785,13017.0,BTU
2023-10-13 15:34:00,25.78,25.78,25.765,25.78,7417.0,BTU
2023-10-13 15:33:00,25.765,25.775,25.765,25.775,2401.0,BTU
2023-10-13 15:32:00,25.76,25.775,25.76,25.765,3061.0,BTU
2023-10-13 15:31:00,25.745,25.75,25.73,25.75,5935.0,BTU
2023-10-13 15:30:00,25.8,25.805,25.765,25.765,7268.0,BTU
2023-10-13 15:29:00,25.775,25.795,25.775,25.795,7839.0,BTU
2023-10-13 15:28:00,25.79,25.795,25.775,25.775,2981.0,BTU
2023-10-13 15:27:00,25.82,25.82,25.8,25.8,6853.0,BTU
2023-10-13 15:26:00,25.835,25.835,25.815,25.825,3464.0,BTU
2023-10-13 15:25:00,25.855,25.86,25.835,25.84,6525.0,BTU
2023-10-13 15:24:00,25.845,25.855,25.835,25.855,3209.0,BTU
2023-10-13 15:23:00,25.845,25.85,25.835,25.84,5293.0,BTU
2023-10-13 15:22:00,25.81,25.85,25.81,25.85,5556.0,BTU
2023-10-13 15:21:00,25.795,25.81,25.795,25.81,2019.0,BTU
2023-10-13 15:20:00,25.775,25.795,25.775,25.795,4834.0,BTU
2023-10-13 15:19:00,25.775,25.785,25.77,25.775,2960.0,BTU
2023-10-13 15:18:00,25.775,25.785,25.77,25.775,5726.0,BTU
2023-10-13 15:17:00,25.825,25.825,25.76,25.775,12217.0,BTU
2023-10-13 15:16:00,25.81,25.83,25.81,25.83,5726.0,BTU
2023-10-13 15:15:00,25.87,25.87,25.81,25.81,10934.0,BTU
2023-10-13 15:14:00,25.85,25.87,25.85,25.87,3748.0,BTU
2023-10-13 15:13:00,25.84,25.85,25.84,25.85,2491.0,BTU
2023-10-13 15:12:00,25.815,25.84,25.815,25.835,4261.0,BTU
2023-10-13 15:11:00,25.815,25.82,25.815,25.815,1354.0,BTU
2023-10-13 15:10:00,25.84,25.84,25.815,25.815,2294.0,BTU
2023-10-13 15:09:00,25.8,25.845,25.8,25.845,6656.0,BTU
2023-10-13 15:08:00,25.78,25.795,25.78,25.795,1716.0,BTU
2023-10-13 15:07:00,25.775,25.78,25.775,25.78,951.0,BTU
2023-10-13 15:06:00,25.78,25.78,25.755,25.775,10160.0,BTU
2023-10-13 15:05:00,25.775,25.785,25.77,25.785,5536.0,BTU
2023-10-13 15:04:00,25.78,25.78,25.776,25.776,1601.0,BTU
2023-10-13 15:03:00,25.805,25.81,25.78,25.78,4016.0,BTU
2023-10-13 15:02:00,25.82,25.83,25.8,25.805,7336.0,BTU
2023-10-13 15:01:00,25.8,25.815,25.795,25.815,1899.0,BTU
2023-10-13 15:00:00,25.775,25.8,25.76,25.8,7440.0,BTU
2023-10-13 14:59:00,25.765,25.775,25.765,25.77,3240.0,BTU
2023-10-13 14:58:00,25.75,25.765,25.745,25.765,6956.0,BTU
2023-10-13 14:57:00,25.735,25.765,25.735,25.76,10873.0,BTU
2023-10-13 14:56:00,25.735,25.735,25.73,25.73,3077.0,BTU
2023-10-13 14:55:00,25.72,25.735,25.72,25.73,10220.0,BTU
2023-10-13 14:54:00,25.715,25.73,25.715,25.725,4262.0,BTU
2023-10-13 14:53:00,25.715,25.72,25.71,25.711,843.0,BTU
2023-10-13 14:52:00,25.715,25.72,25.715,25.715,764.0,BTU
2023-10-13 14:51:00,25.715,25.72,25.715,25.715,1735.0,BTU
2023-10-13 14:50:00,25.715,25.715,25.715,25.715,677.0,BTU
2023-10-13 14:49:00,25.72,25.72,25.71,25.715,4959.0,BTU
2023-10-13 14:48:00,25.72,25.72,25.719,25.72,2203.0,BTU
2023-10-13 14:47:00,25.72,25.73,25.7,25.705,10868.0,BTU
2023-10-13 14:46:00,25.725,25.73,25.705,25.72,6622.0,BTU
2023-10-13 14:45:00,25.699,25.725,25.699,25.725,4801.0,BTU
2023-10-13 14:44:00,25.66,25.69,25.655,25.69,4198.0,BTU
2023-10-13 14:43:00,25.675,25.675,25.66,25.66,1305.0,BTU
2023-10-13 14:42:00,25.67,25.675,25.66,25.67,5076.0,BTU
2023-10-13 14:41:00,25.66,25.665,25.66,25.665,2456.0,BTU
2023-10-13 14:40:00,25.67,25.67,25.655,25.67,6706.0,BTU
2023-10-13 14:39:00,25.675,25.68,25.67,25.675,2235.0,BTU
2023-10-13 14:38:00,25.68,25.68,25.67,25.675,3675.0,BTU
2023-10-13 14:37:00,25.68,25.685,25.68,25.685,970.0,BTU
2023-10-13 14:36:00,25.685,25.69,25.68,25.68,4064.0,BTU
2023-10-13 14:35:00,25.72,25.72,25.69,25.69,5382.0,BTU
2023-10-13 14:34:00,25.7,25.72,25.7,25.72,2805.0,BTU
2023-10-13 14:33:00,25.665,25.695,25.66,25.695,2918.0,BTU
2023-10-13 14:32:00,25.66,25.67,25.66,25.67,1367.0,BTU
2023-10-13 14:31:00,25.665,25.69,25.65,25.65,5284.0,BTU
2023-10-13 14:30:00,25.67,25.675,25.66,25.67,2823.0,BTU
2023-10-13 14:29:00,25.665,25.665,25.665,25.665,266.0,BTU
2023-10-13 14:28:00,25.68,25.68,25.67,25.67,1787.0,BTU
2023-10-13 14:27:00,25.675,25.681,25.67,25.681,2720.0,BTU
2023-10-13 14:26:00,25.69,25.7,25.67,25.67,3313.0,BTU
2023-10-13 14:25:00,25.685,25.695,25.66,25.695,3490.0,BTU
2023-10-13 14:24:00,25.69,25.69,25.665,25.68,9795.0,BTU
2023-10-13 14:23:00,25.695,25.695,25.69,25.695,1132.0,BTU
2023-10-13 14:22:00,25.695,25.695,25.695,25.695,218.0,BTU
2023-10-13 14:21:00,25.695,25.7,25.695,25.7,1017.0,BTU
2023-10-13 14:20:00,25.695,25.7,25.69,25.695,2337.0,BTU
2023-10-13 14:19:00,25.705,25.705,25.695,25.695,1330.0,BTU
2023-10-13 14:18:00,25.715,25.72,25.71,25.71,3970.0,BTU
2023-10-13 14:17:00,25.685,25.7,25.68,25.7,1926.0,BTU
2023-10-13 14:16:00,25.69,25.69,25.68,25.68,2931.0,BTU
2023-10-13 14:15:00,25.702,25.71,25.695,25.699,2098.0,BTU
2023-10-13 14:14:00,25.685,25.7,25.68,25.7,2843.0,BTU
2023-10-13 14:13:00,25.69,25.69,25.685,25.685,1108.0,BTU
2023-10-13 14:12:00,25.685,25.705,25.685,25.69,1699.0,BTU
2023-10-13 14:11:00,25.66,25.675,25.655,25.675,3708.0,BTU
2023-10-13 14:10:00,25.65,25.66,25.65,25.65,2903.0,BTU
2023-10-13 14:08:00,25.645,25.645,25.64,25.64,1069.0,BTU
2023-10-13 14:07:00,25.63,25.65,25.63,25.64,2751.0,BTU
2023-10-13 14:06:00,25.67,25.67,25.63,25.63,3481.0,BTU
2023-10-13 14:05:00,25.64,25.675,25.639,25.675,2080.0,BTU
2023-10-13 14:04:00,25.615,25.635,25.615,25.635,3848.0,BTU
2023-10-13 14:03:00,25.63,25.63,25.615,25.615,6079.0,BTU
2023-10-13 14:02:00,25.65,25.65,25.63,25.635,3398.0,BTU
2023-10-13 14:01:00,25.65,25.65,25.64,25.645,1034.0,BTU
2023-10-13 14:00:00,25.659,25.659,25.655,25.655,821.0,BTU
2023-10-13 13:59:00,25.62,25.645,25.62,25.645,2445.0,BTU
2023-10-13 13:58:00,25.61,25.61,25.61,25.61,858.0,BTU
2023-10-13 13:57:00,25.61,25.61,25.595,25.6,1929.0,BTU
2023-10-13 13:56:00,25.61,25.61,25.595,25.61,2640.0,BTU
2023-10-13 13:55:00,25.57,25.605,25.565,25.605,4675.0,BTU
2023-10-13 13:54:00,25.575,25.58,25.57,25.58,2842.0,BTU
2023-10-13 13:53:00,25.55,25.565,25.55,25.565,2980.0,BTU
2023-10-13 13:52:00,25.555,25.555,25.55,25.55,1460.0,BTU
2023-10-13 13:51:00,25.565,25.565,25.55,25.555,1806.0,BTU
2023-10-13 13:50:00,25.57,25.57,25.56,25.56,922.0,BTU
2023-10-13 13:49:00,25.575,25.58,25.57,25.57,2528.0,BTU
2023-10-13 13:48:00,25.597,25.597,25.57,25.57,3325.0,BTU
2023-10-13 13:47:00,25.575,25.59,25.575,25.585,3898.0,BTU
2023-10-13 13:46:00,25.6,25.6,25.575,25.575,2882.0,BTU
2023-10-13 13:45:00,25.62,25.63,25.6,25.6,5962.0,BTU
2023-10-13 13:44:00,25.7,25.7,25.63,25.63,12723.0,BTU
2023-10-13 13:43:00,25.69,25.71,25.69,25.706,2846.0,BTU
2023-10-13 13:42:00,25.68,25.69,25.67,25.68,3073.0,BTU
2023-10-13 13:41:00,25.64,25.645,25.64,25.645,1588.0,BTU
2023-10-13 13:40:00,25.625,25.63,25.6,25.61,3152.0,BTU
2023-10-13 13:39:00,25.635,25.635,25.62,25.62,3382.0,BTU
2023-10-13 13:38:00,25.635,25.65,25.635,25.635,2722.0,BTU
2023-10-13 13:37:00,25.635,25.635,25.63,25.635,2421.0,BTU
2023-10-13 13:36:00,25.645,25.655,25.635,25.635,2712.0,BTU
2023-10-13 13:35:00,25.675,25.675,25.65,25.65,1979.0,BTU
2023-10-13 13:34:00,25.675,25.675,25.66,25.67,1399.0,BTU
2023-10-13 13:33:00,25.67,25.68,25.66,25.675,1515.0,BTU
2023-10-13 13:32:00,25.68,25.68,25.665,25.67,1358.0,BTU
2023-10-13 13:31:00,25.695,25.7,25.69,25.69,1818.0,BTU
2023-10-13 13:30:00,25.7,25.7,25.69,25.69,1505.0,BTU
2023-10-13 13:29:00,25.71,25.715,25.71,25.71,6325.0,BTU
2023-10-13 13:28:00,25.7,25.7,25.69,25.69,1208.0,BTU
2023-10-13 13:27:00,25.69,25.73,25.69,25.72,3761.0,BTU
2023-10-13 13:26:00,25.71,25.725,25.69,25.69,5081.0,BTU
2023-10-13 13:25:00,25.685,25.7,25.68,25.7,1518.0,BTU
2023-10-13 13:24:00,25.665,25.7,25.665,25.685,8601.0,BTU
2023-10-13 13:23:00,25.7,25.7,25.669,25.669,2540.0,BTU
2023-10-13 13:22:00,25.685,25.71,25.675,25.71,2736.0,BTU
2023-10-13 13:21:00,25.695,25.695,25.685,25.685,1859.0,BTU
2023-10-13 13:20:00,25.72,25.73,25.71,25.71,3028.0,BTU
2023-10-13 13:19:00,25.72,25.72,25.71,25.711,1809.0,BTU
2023-10-13 13:18:00,25.725,25.73,25.72,25.725,2732.0,BTU
2023-10-13 13:17:00,25.72,25.725,25.72,25.725,1344.0,BTU
2023-10-13 13:16:00,25.66,25.715,25.66,25.71,4278.0,BTU
2023-10-13 13:15:00,25.65,25.65,25.63,25.65,2261.0,BTU
2023-10-13 13:14:00,25.66,25.66,25.65,25.658,1989.0,BTU
2023-10-13 13:13:00,25.679,25.68,25.655,25.67,3967.0,BTU
2023-10-13 13:12:00,25.705,25.72,25.68,25.68,4663.0,BTU
2023-10-13 13:11:00,25.71,25.73,25.71,25.71,8160.0,BTU
2023-10-13 13:10:00,25.75,25.75,25.72,25.72,5616.0,BTU
2023-10-13 13:09:00,25.755,25.76,25.755,25.755,1726.0,BTU
2023-10-13 13:08:00,25.785,25.785,25.755,25.755,3749.0,BTU
2023-10-13 13:07:00,25.77,25.78,25.77,25.78,2294.0,BTU
2023-10-13 13:06:00,25.825,25.83,25.77,25.77,5268.0,BTU
2023-10-13 13:05:00,25.84,25.84,25.82,25.825,5236.0,BTU
2023-10-13 13:04:00,25.83,25.84,25.83,25.84,3636.0,BTU
2023-10-13 13:03:00,25.84,25.84,25.83,25.83,850.0,BTU
2023-10-13 13:02:00,25.88,25.88,25.835,25.845,5869.0,BTU
2023-10-13 13:01:00,25.875,25.895,25.875,25.88,2677.0,BTU
2023-10-13 13:00:00,25.865,25.88,25.86,25.875,2830.0,BTU
2023-10-13 12:59:00,25.855,25.865,25.855,25.865,890.0,BTU
2023-10-13 12:58:00,25.855,25.86,25.85,25.85,3461.0,BTU
2023-10-13 12:57:00,25.855,25.855,25.845,25.855,1347.0,BTU
2023-10-13 12:56:00,25.85,25.855,25.845,25.85,1017.0,BTU
2023-10-13 12:55:00,25.84,25.85,25.835,25.85,1584.0,BTU
2023-10-13 12:54:00,25.84,25.84,25.83,25.84,2740.0,BTU
2023-10-13 12:53:00,25.855,25.855,25.84,25.845,590.0,BTU
2023-10-13 12:52:00,25.81,25.85,25.805,25.85,2597.0,BTU
2023-10-13 12:51:00,25.815,25.825,25.815,25.815,1371.0,BTU
2023-10-13 12:50:00,25.84,25.84,25.82,25.82,1937.0,BTU
2023-10-13 12:49:00,25.845,25.87,25.84,25.84,3149.0,BTU
2023-10-13 12:48:00,25.87,25.87,25.86,25.86,1626.0,BTU
2023-10-13 12:47:00,25.88,25.89,25.88,25.88,4059.0,BTU
2023-10-13 12:45:00,25.855,25.86,25.85,25.86,2825.0,BTU
2023-10-13 12:44:00,25.86,25.86,25.845,25.85,3194.0,BTU
2023-10-13 12:43:00,25.835,25.87,25.835,25.865,3712.0,BTU
2023-10-13 12:42:00,25.835,25.84,25.835,25.84,1203.0,BTU
2023-10-13 12:41:00,25.83,25.83,25.83,25.83,597.0,BTU
2023-10-13 12:40:00,25.835,25.835,25.81,25.825,3463.0,BTU
2023-10-13 12:39:00,25.87,25.87,25.835,25.835,1537.0,BTU
2023-10-13 12:38:00,25.845,25.865,25.845,25.865,1157.0,BTU
2023-10-13 12:37:00,25.855,25.855,25.84,25.84,2071.0,BTU
2023-10-13 12:36:00,25.865,25.87,25.86,25.86,3249.0,BTU
2023-10-13 12:35:00,25.865,25.865,25.86,25.864,648.0,BTU
2023-10-13 12:34:00,25.86,25.865,25.86,25.86,628.0,BTU
2023-10-13 12:33:00,25.885,25.89,25.865,25.865,1807.0,BTU
2023-10-13 12:32:00,25.885,25.885,25.88,25.88,817.0,BTU
2023-10-13 12:31:00,25.885,25.885,25.885,25.885,313.0,BTU
2023-10-13 12:30:00,25.9,25.91,25.89,25.89,2257.0,BTU
2023-10-13 12:29:00,25.89,25.9,25.885,25.9,2985.0,BTU
2023-10-13 12:28:00,25.89,25.9,25.89,25.89,1150.0,BTU
2023-10-13 12:27:00,25.885,25.895,25.885,25.895,438.0,BTU
2023-10-13 12:26:00,25.869,25.9,25.869,25.89,5533.0,BTU
2023-10-13 12:25:00,25.86,25.875,25.86,25.875,6945.0,BTU
2023-10-13 12:23:00,25.87,25.88,25.87,25.87,2246.0,BTU
2023-10-13 12:22:00,25.87,25.878,25.865,25.865,1454.0,BTU
2023-10-13 12:21:00,25.87,25.88,25.87,25.875,1078.0,BTU
2023-10-13 12:20:00,25.87,25.878,25.87,25.878,433.0,BTU
2023-10-13 12:19:00,25.87,25.88,25.86,25.86,10087.0,BTU
2023-10-13 12:18:00,25.87,25.87,25.865,25.87,2418.0,BTU
2023-10-13 12:17:00,25.84,25.865,25.84,25.865,6253.0,BTU
2023-10-13 12:16:00,25.83,25.84,25.83,25.84,2954.0,BTU
2023-10-13 12:15:00,25.81,25.84,25.81,25.84,6679.0,BTU
2023-10-13 12:14:00,25.785,25.79,25.78,25.79,1594.0,BTU
2023-10-13 12:13:00,25.77,25.79,25.765,25.79,5076.0,BTU
2023-10-13 12:12:00,25.78,25.785,25.765,25.765,1695.0,BTU
2023-10-13 12:11:00,25.81,25.81,25.78,25.78,1840.0,BTU
2023-10-13 12:10:00,25.84,25.84,25.81,25.815,1575.0,BTU
2023-10-13 12:09:00,25.845,25.85,25.845,25.849,812.0,BTU
2023-10-13 12:08:00,25.865,25.865,25.849,25.849,970.0,BTU
2023-10-13 12:07:00,25.881,25.891,25.88,25.89,7296.0,BTU
2023-10-13 12:06:00,25.9,25.9,25.89,25.89,2047.0,BTU
2023-10-13 12:05:00,25.91,25.92,25.9,25.9,13420.0,BTU
2023-10-13 12:04:00,25.915,25.915,25.895,25.905,2457.0,BTU
2023-10-13 12:03:00,25.87,25.92,25.87,25.92,3236.0,BTU
2023-10-13 12:02:00,25.85,25.88,25.85,25.87,4075.0,BTU
2023-10-13 12:01:00,25.855,25.86,25.85,25.85,774.0,BTU
2023-10-13 12:00:00,25.87,25.87,25.85,25.85,2776.0,BTU
2023-10-13 11:59:00,25.84,25.88,25.84,25.88,5566.0,BTU
2023-10-13 11:58:00,25.84,25.84,25.82,25.835,1525.0,BTU
2023-10-13 11:57:00,25.85,25.85,25.84,25.84,2272.0,BTU
2023-10-13 11:56:00,25.88,25.88,25.85,25.85,2631.0,BTU
2023-10-13 11:55:00,25.93,25.93,25.869,25.869,2710.0,BTU
2023-10-13 11:54:00,25.915,25.932,25.91,25.932,3972.0,BTU
2023-10-13 11:53:00,25.87,25.91,25.87,25.91,5588.0,BTU
2023-10-13 11:52:00,25.89,25.915,25.855,25.87,14079.0,BTU
2023-10-13 11:51:00,25.89,25.894,25.87,25.891,14566.0,BTU
2023-10-13 11:50:00,25.89,25.905,25.89,25.895,5304.0,BTU
2023-10-13 11:49:00,25.885,25.898,25.885,25.89,2941.0,BTU
2023-10-13 11:48:00,25.82,25.88,25.82,25.88,2628.0,BTU
2023-10-13 11:47:00,25.85,25.85,25.82,25.82,1386.0,BTU
2023-10-13 11:46:00,25.83,25.86,25.83,25.86,4465.0,BTU
2023-10-13 11:45:00,25.845,25.845,25.8,25.82,8056.0,BTU
2023-10-13 11:44:00,25.87,25.87,25.835,25.84,10215.0,BTU
2023-10-13 11:43:00,25.845,25.87,25.845,25.87,4462.0,BTU
2023-10-13 11:42:00,25.84,25.85,25.835,25.85,4227.0,BTU
2023-10-13 11:41:00,25.86,25.86,25.85,25.85,1446.0,BTU
2023-10-13 11:40:00,25.85,25.85,25.85,25.85,620.0,BTU
2023-10-13 11:39:00,25.84,25.855,25.825,25.855,2613.0,BTU
2023-10-13 11:38:00,25.82,25.859,25.82,25.85,6343.0,BTU
2023-10-13 11:37:00,25.805,25.83,25.785,25.83,3064.0,BTU
2023-10-13 11:36:00,25.795,25.81,25.795,25.81,4844.0,BTU
2023-10-13 11:35:00,25.835,25.85,25.79,25.8,6195.0,BTU
2023-10-13 11:34:00,25.83,25.835,25.825,25.835,1147.0,BTU
2023-10-13 11:33:00,25.84,25.86,25.82,25.83,4294.0,BTU
2023-10-13 11:32:00,25.85,25.9,25.85,25.85,24415.0,BTU
2023-10-13 11:31:00,25.875,25.875,25.87,25.87,1618.0,BTU
2023-10-13 11:30:00,25.91,25.91,25.87,25.87,2322.0,BTU
2023-10-13 11:29:00,25.91,25.91,25.91,25.91,438.0,BTU
2023-10-13 11:28:00,25.88,25.91,25.88,25.91,6507.0,BTU
2023-10-13 11:27:00,25.875,25.889,25.875,25.88,3679.0,BTU
2023-10-13 11:26:00,25.87,25.883,25.84,25.87,59570.0,BTU
2023-10-13 11:25:00,25.89,25.9,25.87,25.87,8850.0,BTU
2023-10-13 11:24:00,25.88,25.89,25.86,25.88,22523.0,BTU
2023-10-13 11:23:00,25.92,25.93,25.88,25.88,8956.0,BTU
2023-10-13 11:22:00,25.93,25.94,25.92,25.94,3939.0,BTU
2023-10-13 11:21:00,25.919,25.94,25.91,25.93,15532.0,BTU
2023-10-13 11:20:00,25.915,25.915,25.9,25.9,1123.0,BTU
2023-10-13 11:19:00,25.91,25.91,25.91,25.91,1104.0,BTU
2023-10-13 11:18:00,25.865,25.915,25.865,25.91,13020.0,BTU
2023-10-13 11:17:00,25.85,25.87,25.82,25.87,44364.0,BTU
2023-10-13 11:16:00,25.795,25.85,25.78,25.85,17467.0,BTU
2023-10-13 11:15:00,25.745,25.8,25.745,25.8,6152.0,BTU
2023-10-13 11:14:00,25.73,25.74,25.705,25.74,13541.0,BTU
2023-10-13 11:13:00,25.69,25.73,25.69,25.73,1424.0,BTU
2023-10-13 11:12:00,25.66,25.689,25.66,25.689,4377.0,BTU
2023-10-13 11:11:00,25.66,25.665,25.65,25.65,1687.0,BTU
2023-10-13 11:10:00,25.635,25.66,25.635,25.66,2581.0,BTU
2023-10-13 11:09:00,25.62,25.631,25.59,25.631,31362.0,BTU
2023-10-13 11:08:00,25.59,25.615,25.59,25.61,1621.0,BTU
2023-10-13 11:07:00,25.61,25.61,25.6,25.6,2880.0,BTU
2023-10-13 11:06:00,25.625,25.625,25.605,25.615,2399.0,BTU
2023-10-13 11:05:00,25.66,25.66,25.61,25.62,1841.0,BTU
2023-10-13 11:04:00,25.72,25.73,25.68,25.68,6516.0,BTU
2023-10-13 11:03:00,25.715,25.72,25.71,25.715,4416.0,BTU
2023-10-13 11:02:00,25.675,25.7,25.67,25.7,3959.0,BTU
2023-10-13 11:01:00,25.7,25.7,25.655,25.66,1678.0,BTU
2023-10-13 11:00:00,25.73,25.73,25.7,25.7,1840.0,BTU
2023-10-13 10:59:00,25.75,25.75,25.72,25.72,2642.0,BTU
2023-10-13 10:58:00,25.717,25.759,25.71,25.759,5536.0,BTU
2023-10-13 10:57:00,25.695,25.71,25.689,25.71,2637.0,BTU
2023-10-13 10:56:00,25.69,25.71,25.69,25.7,5514.0,BTU
2023-10-13 10:55:00,25.687,25.69,25.675,25.69,2679.0,BTU
2023-10-13 10:54:00,25.69,25.69,25.685,25.69,1102.0,BTU
2023-10-13 10:53:00,25.7,25.71,25.695,25.695,1548.0,BTU
2023-10-13 10:52:00,25.7,25.72,25.7,25.72,3071.0,BTU
2023-10-13 10:51:00,25.69,25.7,25.685,25.69,8196.0,BTU
2023-10-13 10:50:00,25.7,25.7,25.68,25.68,3463.0,BTU
2023-10-13 10:49:00,25.68,25.73,25.68,25.73,2173.0,BTU
2023-10-13 10:48:00,25.64,25.66,25.64,25.66,1173.0,BTU
2023-10-13 10:47:00,25.585,25.63,25.585,25.63,2783.0,BTU
2023-10-13 10:46:00,25.6,25.6,25.59,25.59,1951.0,BTU
2023-10-13 10:45:00,25.6,25.6,25.59,25.6,3216.0,BTU
2023-10-13 10:44:00,25.63,25.63,25.59,25.59,4778.0,BTU
2023-10-13 10:43:00,25.615,25.63,25.6,25.625,5655.0,BTU
2023-10-13 10:42:00,25.59,25.62,25.59,25.62,2207.0,BTU
2023-10-13 10:41:00,25.59,25.59,25.56,25.59,2623.0,BTU
2023-10-13 10:40:00,25.59,25.6,25.59,25.59,1157.0,BTU
2023-10-13 10:39:00,25.59,25.6,25.58,25.59,4340.0,BTU
2023-10-13 10:38:00,25.59,25.6,25.58,25.59,817.0,BTU
2023-10-13 10:37:00,25.58,25.618,25.58,25.6,4832.0,BTU
2023-10-13 10:36:00,25.595,25.6,25.54,25.56,6058.0,BTU
2023-10-13 10:35:00,25.625,25.627,25.595,25.6,7950.0,BTU
2023-10-13 10:34:00,25.645,25.655,25.625,25.625,5332.0,BTU
2023-10-13 10:33:00,25.66,25.67,25.645,25.65,6957.0,BTU
2023-10-13 10:32:00,25.65,25.66,25.64,25.65,5365.0,BTU
2023-10-13 10:31:00,25.605,25.65,25.585,25.65,14611.0,BTU
2023-10-13 10:30:00,25.59,25.605,25.575,25.605,7944.0,BTU
2023-10-13 10:29:00,25.565,25.6,25.565,25.6,3900.0,BTU
2023-10-13 10:28:00,25.59,25.6,25.56,25.57,3609.0,BTU
2023-10-13 10:27:00,25.58,25.59,25.575,25.59,3627.0,BTU
2023-10-13 10:26:00,25.6,25.605,25.579,25.579,5085.0,BTU
2023-10-13 10:25:00,25.59,25.605,25.585,25.6,6345.0,BTU
2023-10-13 10:24:00,25.605,25.605,25.57,25.585,6312.0,BTU
2023-10-13 10:23:00,25.62,25.621,25.58,25.605,9657.0,BTU
2023-10-13 10:22:00,25.66,25.66,25.61,25.62,18778.0,BTU
2023-10-13 10:21:00,25.7,25.71,25.665,25.665,4713.0,BTU
2023-10-13 10:20:00,25.65,25.68,25.65,25.68,2483.0,BTU
2023-10-13 10:19:00,25.63,25.64,25.63,25.64,890.0,BTU
2023-10-13 10:18:00,25.63,25.63,25.59,25.605,3764.0,BTU
2023-10-13 10:17:00,25.61,25.629,25.59,25.629,4219.0,BTU
2023-10-13 10:16:00,25.65,25.65,25.64,25.64,1737.0,BTU
2023-10-13 10:15:00,25.64,25.659,25.64,25.645,2038.0,BTU
2023-10-13 10:14:00,25.69,25.69,25.635,25.64,2473.0,BTU
2023-10-13 10:13:00,25.64,25.66,25.64,25.66,4097.0,BTU
2023-10-13 10:12:00,25.62,25.635,25.62,25.63,2314.0,BTU
2023-10-13 10:11:00,25.63,25.64,25.6,25.63,3985.0,BTU
2023-10-13 10:10:00,25.625,25.645,25.625,25.63,3959.0,BTU
2023-10-13 10:09:00,25.63,25.64,25.61,25.62,4553.0,BTU
2023-10-13 10:08:00,25.65,25.66,25.62,25.62,4020.0,BTU
2023-10-13 10:07:00,25.67,25.68,25.63,25.65,10909.0,BTU
2023-10-13 10:06:00,25.7,25.71,25.68,25.68,2630.0,BTU
2023-10-13 10:05:00,25.705,25.71,25.69,25.69,1247.0,BTU
2023-10-13 10:04:00,25.699,25.701,25.675,25.701,6130.0,BTU
2023-10-13 10:03:00,25.65,25.661,25.642,25.661,3000.0,BTU
2023-10-13 10:02:00,25.71,25.73,25.67,25.68,4089.0,BTU
2023-10-13 10:01:00,25.74,25.746,25.72,25.72,4452.0,BTU
2023-10-13 10:00:00,25.75,25.75,25.71,25.72,5005.0,BTU
2023-10-13 09:59:00,25.81,25.81,25.78,25.78,4126.0,BTU
2023-10-13 09:58:00,25.82,25.82,25.82,25.82,425.0,BTU
2023-10-13 09:57:00,25.79,25.809,25.79,25.79,3717.0,BTU
2023-10-13 09:56:00,25.789,25.79,25.77,25.79,2454.0,BTU
2023-10-13 09:55:00,25.86,25.86,25.785,25.785,3482.0,BTU
2023-10-13 09:54:00,25.875,25.88,25.87,25.88,2399.0,BTU
2023-10-13 09:53:00,25.86,25.875,25.84,25.875,2621.0,BTU
2023-10-13 09:52:00,25.87,25.9,25.865,25.87,5496.0,BTU
2023-10-13 09:51:00,25.91,25.92,25.89,25.89,3589.0,BTU
2023-10-13 09:50:00,25.92,25.93,25.9,25.92,4050.0,BTU
2023-10-13 09:49:00,25.94,25.94,25.9,25.91,2721.0,BTU
2023-10-13 09:48:00,25.91,25.93,25.9,25.93,6878.0,BTU
2023-10-13 09:47:00,25.89,25.9,25.88,25.9,2211.0,BTU
2023-10-13 09:46:00,25.92,25.92,25.88,25.88,1012.0,BTU
2023-10-13 09:45:00,25.84,25.92,25.84,25.9,3670.0,BTU
2023-10-13 09:44:00,25.92,25.92,25.865,25.865,2465.0,BTU
2023-10-13 09:43:00,25.96,25.96,25.93,25.93,1652.0,BTU
2023-10-13 09:42:00,26.0,26.0,25.951,25.99,4402.0,BTU
2023-10-13 09:41:00,26.02,26.045,26.0,26.03,3034.0,BTU
2023-10-13 09:40:00,26.06,26.06,26.0,26.06,4195.0,BTU
2023-10-13 09:39:00,26.07,26.08,26.02,26.07,3975.0,BTU
2023-10-13 09:38:00,26.13,26.13,26.045,26.05,4652.0,BTU
2023-10-13 09:37:00,26.17,26.25,26.17,26.21,13426.0,BTU
2023-10-13 09:36:00,26.189,26.2,26.117,26.16,13013.0,BTU
2023-10-13 09:35:00,26.18,26.19,26.14,26.18,8204.0,BTU
2023-10-13 09:34:00,26.12,26.17,26.102,26.14,5601.0,BTU
2023-10-13 09:33:00,26.13,26.14,26.105,26.13,1264.0,BTU
2023-10-13 09:32:00,26.06,26.15,26.014,26.12,10496.0,BTU
2023-10-13 09:31:00,26.086,26.12,26.02,26.06,6315.0,BTU
2023-10-13 09:30:00,26.2,26.21,26.11,26.11,31510.0,BTU
2023-10-13 09:29:00,26.05,26.12,26.05,26.12,8.0,BTU
2023-10-13 09:12:00,26.11,26.11,26.11,26.11,1.0,BTU
2023-10-13 09:06:00,26.12,26.12,26.1,26.1,229.0,BTU
2023-10-13 09:03:00,26.18,26.18,26.18,26.18,2.0,BTU
2023-10-13 09:02:00,26.09,26.09,26.09,26.09,96.0,BTU
2023-10-13 09:01:00,26.09,26.09,26.09,26.09,136.0,BTU
2023-10-13 09:00:00,26.3,26.3,26.3,26.3,2.0,BTU
2023-10-13 08:59:00,26.09,26.09,26.09,26.09,2.0,BTU
2023-10-13 08:55:00,26.04,26.04,26.04,26.04,2.0,BTU
2023-10-13 08:50:00,26.14,26.14,26.14,26.14,42.0,BTU
2023-10-13 08:28:00,26.14,26.15,26.14,26.15,222.0,BTU
2023-10-13 08:04:00,26.1,26.17,26.07,26.12,906.0,BTU
2023-10-13 08:00:00,26.01,26.01,26.01,26.01,1.0,BTU
2023-10-13 07:29:00,26.07,26.07,26.07,26.07,5.0,BTU
2023-10-13 07:10:00,26.04,26.04,26.04,26.04,33.0,BTU
2023-10-13 06:56:00,26.01,26.01,26.01,26.01,50.0,BTU
2023-10-13 06:54:00,26.02,26.02,26.01,26.01,268.0,BTU
2023-10-13 06:12:00,25.97,25.98,25.97,25.98,205.0,BTU
2023-10-13 05:33:00,25.74,25.74,25.74,25.74,33.0,BTU
2023-10-13 05:09:00,25.88,25.88,25.88,25.88,5.0,BTU
2023-10-13 05:06:00,25.86,25.86,25.86,25.86,400.0,BTU
2023-10-13 05:05:00,25.73,25.86,25.73,25.86,568.0,BTU
2023-10-13 04:02:00,25.74,25.75,25.74,25.75,32.0,BTU
2023-10-12 19:48:00,25.7,25.7,25.7,25.7,1.0,BTU
2023-10-12 19:45:00,25.7,25.7,25.7,25.7,1.0,BTU
2023-10-12 19:44:00,25.86,25.86,25.86,25.86,70.0,BTU
2023-10-12 19:27:00,25.78,25.78,25.78,25.78,5.0,BTU
2023-10-12 19:04:00,25.7,25.7,25.7,25.7,2.0,BTU
2023-10-12 19:03:00,25.71,25.71,25.71,25.71,3.0,BTU
2023-10-12 19:00:00,25.7,25.7,25.7,25.7,336140.0,BTU
2023-10-12 18:30:00,25.7,25.7,25.7,25.7,336140.0,BTU
2023-10-12 18:19:00,25.7,25.7,25.7,25.7,13.0,BTU
2023-10-12 17:57:00,25.78,25.78,25.78,25.78,5.0,BTU
2023-10-12 17:36:00,25.92,25.92,25.92,25.92,25.0,BTU
2023-10-12 17:31:00,25.59,25.6,25.59,25.6,268.0,BTU
2023-10-12 17:09:00,25.74,25.74,25.74,25.74,1.0,BTU
2023-10-12 16:45:00,25.7,25.7,25.7,25.7,28.0,BTU
2023-10-12 16:10:00,25.7,25.7,25.7,25.7,336140.0,BTU
2023-10-12 16:02:00,25.7,25.7,25.7,25.7,5.0,BTU
2023-10-12 16:01:00,25.7,25.7,25.7,25.7,1240.0,BTU
2023-10-12 16:00:00,25.692,25.7,25.69,25.7,710288.0,BTU
2023-10-12 15:59:00,25.7,25.7,25.685,25.692,54400.0,BTU
2023-10-12 15:58:00,25.72,25.72,25.692,25.7,42151.0,BTU
2023-10-12 15:57:00,25.71,25.73,25.71,25.72,38938.0,BTU
2023-10-12 15:56:00,25.665,25.71,25.66,25.705,34908.0,BTU
2023-10-12 15:55:00,25.665,25.69,25.66,25.665,26257.0,BTU
2023-10-12 15:54:00,25.681,25.685,25.665,25.665,13197.0,BTU
2023-10-12 15:53:00,25.68,25.69,25.66,25.68,13821.0,BTU
2023-10-12 15:52:00,25.685,25.69,25.675,25.68,15515.0,BTU
2023-10-12 15:51:00,25.695,25.695,25.68,25.685,16185.0,BTU
2023-10-12 15:50:00,25.7,25.715,25.695,25.695,20929.0,BTU
2023-10-12 15:49:00,25.69,25.69,25.685,25.69,9238.0,BTU
2023-10-12 15:48:00,25.665,25.685,25.66,25.681,7000.0,BTU
2023-10-12 15:47:00,25.69,25.69,25.665,25.67,7855.0,BTU
2023-10-12 15:46:00,25.655,25.69,25.65,25.69,11912.0,BTU
2023-10-12 15:45:00,25.655,25.68,25.655,25.66,11639.0,BTU
2023-10-12 15:44:00,25.66,25.66,25.65,25.66,2575.0,BTU
2023-10-12 15:43:00,25.625,25.66,25.625,25.66,7865.0,BTU
2023-10-12 15:42:00,25.63,25.64,25.623,25.63,7380.0,BTU
2023-10-12 15:41:00,25.605,25.63,25.605,25.625,7558.0,BTU
2023-10-12 15:40:00,25.605,25.61,25.6,25.605,4095.0,BTU
2023-10-12 15:39:00,25.6,25.605,25.59,25.605,5957.0,BTU
2023-10-12 15:38:00,25.515,25.59,25.515,25.59,12832.0,BTU
2023-10-12 15:37:00,25.515,25.52,25.515,25.515,1563.0,BTU
2023-10-12 15:36:00,25.515,25.515,25.51,25.515,2837.0,BTU
2023-10-12 15:35:00,25.5,25.51,25.485,25.51,7764.0,BTU
2023-10-12 15:34:00,25.5,25.505,25.495,25.505,9659.0,BTU
2023-10-12 15:33:00,25.51,25.515,25.5,25.505,3275.0,BTU
2023-10-12 15:32:00,25.5,25.515,25.5,25.515,4495.0,BTU
2023-10-12 15:31:00,25.5,25.515,25.49,25.51,8782.0,BTU
2023-10-12 15:30:00,25.51,25.51,25.485,25.49,6464.0,BTU
2023-10-12 15:29:00,25.515,25.52,25.5,25.515,10897.0,BTU
2023-10-12 15:28:00,25.5,25.515,25.495,25.515,10028.0,BTU
2023-10-12 15:27:00,25.49,25.5,25.49,25.495,5159.0,BTU
2023-10-12 15:26:00,25.49,25.49,25.485,25.49,988.0,BTU
2023-10-12 15:25:00,25.515,25.515,25.48,25.485,6973.0,BTU
2023-10-12 15:24:00,25.515,25.52,25.515,25.515,2383.0,BTU
2023-10-12 15:23:00,25.515,25.52,25.515,25.52,1677.0,BTU
2023-10-12 15:22:00,25.514,25.52,25.514,25.515,1776.0,BTU
2023-10-12 15:21:00,25.55,25.55,25.515,25.515,5898.0,BTU
2023-10-12 15:20:00,25.53,25.55,25.53,25.545,2609.0,BTU
2023-10-12 15:19:00,25.53,25.535,25.521,25.525,4061.0,BTU
2023-10-12 15:18:00,25.555,25.555,25.525,25.53,3820.0,BTU
2023-10-12 15:17:00,25.555,25.57,25.55,25.555,5858.0,BTU
2023-10-12 15:16:00,25.535,25.57,25.535,25.56,7865.0,BTU
2023-10-12 15:15:00,25.5,25.54,25.5,25.54,4115.0,BTU
2023-10-12 15:14:00,25.49,25.5,25.485,25.5,2156.0,BTU
2023-10-12 15:13:00,25.42,25.49,25.42,25.49,8453.0,BTU
2023-10-12 15:12:00,25.415,25.42,25.405,25.42,10710.0,BTU
2023-10-12 15:11:00,25.42,25.43,25.42,25.42,2382.0,BTU
2023-10-12 15:10:00,25.445,25.445,25.42,25.42,5701.0,BTU
2023-10-12 15:09:00,25.445,25.447,25.44,25.44,1320.0,BTU
2023-10-12 15:08:00,25.445,25.45,25.443,25.443,2393.0,BTU
2023-10-12 15:07:00,25.445,25.45,25.44,25.445,1717.0,BTU
2023-10-12 15:06:00,25.445,25.45,25.445,25.445,1142.0,BTU
2023-10-12 15:05:00,25.46,25.48,25.45,25.45,9950.0,BTU
2023-10-12 15:04:00,25.455,25.46,25.455,25.455,1416.0,BTU
2023-10-12 15:03:00,25.455,25.46,25.45,25.455,2625.0,BTU
2023-10-12 15:02:00,25.451,25.465,25.45,25.455,5090.0,BTU
2023-10-12 15:01:00,25.455,25.46,25.455,25.455,3550.0,BTU
2023-10-12 15:00:00,25.435,25.455,25.435,25.455,4497.0,BTU
2023-10-12 14:59:00,25.43,25.435,25.425,25.43,4302.0,BTU
2023-10-12 14:58:00,25.425,25.425,25.42,25.425,848.0,BTU
2023-10-12 14:57:00,25.43,25.43,25.42,25.425,819.0,BTU
2023-10-12 14:56:00,25.43,25.43,25.425,25.43,1318.0,BTU
2023-10-12 14:55:00,25.44,25.44,25.435,25.435,3097.0,BTU
2023-10-12 14:54:00,25.45,25.45,25.44,25.44,4806.0,BTU
2023-10-12 14:53:00,25.46,25.465,25.44,25.44,2077.0,BTU
2023-10-12 14:52:00,25.485,25.485,25.465,25.465,2411.0,BTU
2023-10-12 14:51:00,25.48,25.489,25.48,25.485,2027.0,BTU
2023-10-12 14:50:00,25.46,25.475,25.46,25.475,4365.0,BTU
2023-10-12 14:49:00,25.425,25.465,25.425,25.465,4770.0,BTU
2023-10-12 14:48:00,25.425,25.43,25.425,25.43,1334.0,BTU
2023-10-12 14:47:00,25.415,25.425,25.415,25.425,3780.0,BTU
2023-10-12 14:46:00,25.42,25.425,25.42,25.42,1570.0,BTU
2023-10-12 14:45:00,25.43,25.435,25.425,25.435,6452.0,BTU
2023-10-12 14:44:00,25.43,25.43,25.43,25.43,1845.0,BTU
2023-10-12 14:43:00,25.43,25.43,25.415,25.43,4192.0,BTU
2023-10-12 14:42:00,25.43,25.44,25.43,25.435,726.0,BTU
2023-10-12 14:41:00,25.43,25.44,25.425,25.435,7748.0,BTU
2023-10-12 14:40:00,25.43,25.43,25.43,25.43,452.0,BTU
2023-10-12 14:39:00,25.435,25.45,25.435,25.435,7289.0,BTU
2023-10-12 14:38:00,25.46,25.46,25.44,25.44,4762.0,BTU
2023-10-12 14:37:00,25.465,25.465,25.465,25.465,617.0,BTU
2023-10-12 14:36:00,25.47,25.47,25.46,25.465,1306.0,BTU
2023-10-12 14:35:00,25.445,25.467,25.445,25.467,4061.0,BTU
2023-10-12 14:34:00,25.44,25.45,25.435,25.445,4259.0,BTU
2023-10-12 14:33:00,25.435,25.435,25.43,25.435,1051.0,BTU
2023-10-12 14:31:00,25.42,25.44,25.42,25.435,4814.0,BTU
2023-10-12 14:30:00,25.422,25.43,25.42,25.42,4247.0,BTU
2023-10-12 14:29:00,25.425,25.425,25.42,25.42,1109.0,BTU
2023-10-12 14:28:00,25.42,25.425,25.415,25.425,3642.0,BTU
2023-10-12 14:27:00,25.42,25.425,25.415,25.425,1676.0,BTU
2023-10-12 14:26:00,25.43,25.43,25.42,25.42,2314.0,BTU
2023-10-12 14:25:00,25.4,25.43,25.4,25.43,5009.0,BTU
2023-10-12 14:24:00,25.37,25.41,25.37,25.41,8101.0,BTU
2023-10-12 14:23:00,25.365,25.385,25.365,25.38,20900.0,BTU
2023-10-12 14:22:00,25.39,25.405,25.37,25.37,3988.0,BTU
2023-10-12 14:21:00,25.365,25.38,25.365,25.38,4702.0,BTU
2023-10-12 14:20:00,25.365,25.365,25.365,25.365,435.0,BTU
2023-10-12 14:19:00,25.365,25.365,25.365,25.365,323.0,BTU
2023-10-12 14:18:00,25.375,25.38,25.365,25.365,2009.0,BTU
2023-10-12 14:17:00,25.375,25.38,25.375,25.375,4778.0,BTU
2023-10-12 14:16:00,25.41,25.41,25.38,25.38,2357.0,BTU
2023-10-12 14:15:00,25.4,25.42,25.4,25.42,3335.0,BTU
2023-10-12 14:14:00,25.37,25.385,25.36,25.385,4778.0,BTU
2023-10-12 14:13:00,25.435,25.435,25.36,25.37,11068.0,BTU
2023-10-12 14:12:00,25.43,25.44,25.425,25.435,1954.0,BTU
2023-10-12 14:11:00,25.435,25.435,25.425,25.43,2138.0,BTU
2023-10-12 14:10:00,25.45,25.455,25.43,25.435,11741.0,BTU
2023-10-12 14:09:00,25.46,25.46,25.455,25.46,609.0,BTU
2023-10-12 14:08:00,25.455,25.46,25.45,25.45,315.0,BTU
2023-10-12 14:07:00,25.45,25.455,25.445,25.45,2278.0,BTU
2023-10-12 14:06:00,25.435,25.445,25.435,25.435,3915.0,BTU
2023-10-12 14:05:00,25.43,25.435,25.425,25.435,2489.0,BTU
2023-10-12 14:04:00,25.445,25.445,25.425,25.43,2134.0,BTU
2023-10-12 14:03:00,25.475,25.475,25.45,25.45,2126.0,BTU
2023-10-12 14:02:00,25.43,25.46,25.43,25.46,2623.0,BTU
2023-10-12 14:01:00,25.465,25.465,25.44,25.44,2008.0,BTU
2023-10-12 14:00:00,25.47,25.47,25.46,25.46,2959.0,BTU
2023-10-12 13:59:00,25.47,25.475,25.455,25.455,4476.0,BTU
2023-10-12 13:58:00,25.485,25.485,25.475,25.475,991.0,BTU
2023-10-12 13:57:00,25.465,25.49,25.465,25.484,4547.0,BTU
2023-10-12 13:56:00,25.47,25.47,25.455,25.47,3183.0,BTU
2023-10-12 13:55:00,25.45,25.465,25.45,25.465,1682.0,BTU
2023-10-12 13:54:00,25.455,25.455,25.435,25.452,3417.0,BTU
2023-10-12 13:53:00,25.45,25.46,25.445,25.455,1682.0,BTU
2023-10-12 13:52:00,25.455,25.455,25.45,25.45,1467.0,BTU
2023-10-12 13:51:00,25.445,25.45,25.445,25.45,1249.0,BTU
2023-10-12 13:50:00,25.45,25.45,25.43,25.43,3360.0,BTU
2023-10-12 13:49:00,25.44,25.45,25.44,25.445,2039.0,BTU
2023-10-12 13:48:00,25.44,25.45,25.44,25.45,1921.0,BTU
2023-10-12 13:47:00,25.455,25.455,25.44,25.44,1901.0,BTU
2023-10-12 13:46:00,25.455,25.46,25.455,25.455,930.0,BTU
2023-10-12 13:45:00,25.425,25.465,25.425,25.465,2972.0,BTU
2023-10-12 13:44:00,25.43,25.43,25.425,25.43,469.0,BTU
2023-10-12 13:43:00,25.42,25.43,25.42,25.43,278.0,BTU
2023-10-12 13:42:00,25.411,25.425,25.41,25.425,2759.0,BTU
2023-10-12 13:41:00,25.435,25.445,25.42,25.42,4282.0,BTU
2023-10-12 13:40:00,25.41,25.435,25.41,25.435,2056.0,BTU
2023-10-12 13:39:00,25.413,25.425,25.395,25.401,4859.0,BTU
2023-10-12 13:38:00,25.395,25.42,25.395,25.42,1550.0,BTU
2023-10-12 13:37:00,25.395,25.4,25.395,25.395,4203.0,BTU
2023-10-12 13:36:00,25.39,25.4,25.39,25.4,316.0,BTU
2023-10-12 13:35:00,25.39,25.425,25.39,25.395,3347.0,BTU
2023-10-12 13:34:00,25.425,25.425,25.385,25.39,9084.0,BTU
2023-10-12 13:33:00,25.43,25.435,25.43,25.435,690.0,BTU
2023-10-12 13:32:00,25.435,25.435,25.415,25.43,3188.0,BTU
2023-10-12 13:31:00,25.43,25.445,25.43,25.435,4786.0,BTU
2023-10-12 13:30:00,25.425,25.425,25.415,25.42,3108.0,BTU
2023-10-12 13:29:00,25.425,25.43,25.41,25.43,3829.0,BTU
2023-10-12 13:28:00,25.435,25.435,25.425,25.425,1967.0,BTU
2023-10-12 13:26:00,25.44,25.45,25.44,25.45,1121.0,BTU
2023-10-12 13:25:00,25.455,25.46,25.44,25.44,3914.0,BTU
2023-10-12 13:24:00,25.46,25.475,25.46,25.46,3205.0,BTU
2023-10-12 13:23:00,25.465,25.475,25.46,25.46,4149.0,BTU
2023-10-12 13:22:00,25.48,25.48,25.47,25.47,764.0,BTU
2023-10-12 13:21:00,25.5,25.5,25.47,25.475,1773.0,BTU
2023-10-12 13:20:00,25.495,25.505,25.495,25.505,2805.0,BTU
2023-10-12 13:19:00,25.49,25.49,25.48,25.49,2867.0,BTU
2023-10-12 13:18:00,25.47,25.49,25.465,25.49,4122.0,BTU
2023-10-12 13:17:00,25.48,25.48,25.475,25.475,477.0,BTU
2023-10-12 13:16:00,25.46,25.49,25.46,25.485,2189.0,BTU
2023-10-12 13:15:00,25.475,25.485,25.445,25.45,2220.0,BTU
2023-10-12 13:14:00,25.48,25.485,25.48,25.48,1629.0,BTU
2023-10-12 13:13:00,25.45,25.465,25.45,25.46,3150.0,BTU
2023-10-12 13:12:00,25.45,25.45,25.45,25.45,110.0,BTU
2023-10-12 13:11:00,25.43,25.44,25.43,25.44,965.0,BTU
2023-10-12 13:10:00,25.43,25.43,25.42,25.42,1910.0,BTU
2023-10-12 13:09:00,25.405,25.42,25.405,25.42,1251.0,BTU
2023-10-12 13:08:00,25.44,25.44,25.4,25.41,2379.0,BTU
2023-10-12 13:07:00,25.45,25.45,25.445,25.445,513.0,BTU
2023-10-12 13:06:00,25.5,25.5,25.46,25.46,3485.0,BTU
2023-10-12 13:05:00,25.485,25.5,25.485,25.49,3747.0,BTU
2023-10-12 13:04:00,25.455,25.48,25.45,25.475,1269.0,BTU
2023-10-12 13:03:00,25.46,25.46,25.45,25.45,829.0,BTU
2023-10-12 13:02:00,25.451,25.46,25.435,25.46,3589.0,BTU
2023-10-12 13:01:00,25.47,25.48,25.46,25.46,2963.0,BTU
2023-10-12 13:00:00,25.46,25.465,25.46,25.465,1602.0,BTU
2023-10-12 12:59:00,25.455,25.465,25.45,25.46,1311.0,BTU
2023-10-12 12:58:00,25.45,25.455,25.45,25.455,805.0,BTU
2023-10-12 12:57:00,25.44,25.44,25.435,25.44,1540.0,BTU
2023-10-12 12:56:00,25.435,25.45,25.43,25.45,2371.0,BTU
2023-10-12 12:55:00,25.465,25.465,25.44,25.44,2144.0,BTU
2023-10-12 12:54:00,25.475,25.48,25.465,25.465,7777.0,BTU
2023-10-12 12:53:00,25.485,25.485,25.48,25.48,352.0,BTU
2023-10-12 12:52:00,25.47,25.48,25.47,25.48,1562.0,BTU
2023-10-12 12:51:00,25.51,25.51,25.48,25.48,4867.0,BTU
2023-10-12 12:49:00,25.52,25.52,25.515,25.515,767.0,BTU
2023-10-12 12:48:00,25.52,25.525,25.52,25.525,502.0,BTU
2023-10-12 12:47:00,25.545,25.545,25.52,25.52,1670.0,BTU
2023-10-12 12:46:00,25.53,25.55,25.53,25.55,1096.0,BTU
2023-10-12 12:45:00,25.55,25.555,25.52,25.52,1697.0,BTU
2023-10-12 12:44:00,25.56,25.565,25.55,25.565,2754.0,BTU
2023-10-12 12:43:00,25.555,25.56,25.55,25.56,1197.0,BTU
2023-10-12 12:42:00,25.565,25.565,25.55,25.56,2966.0,BTU
2023-10-12 12:41:00,25.57,25.57,25.57,25.57,493.0,BTU
2023-10-12 12:40:00,25.59,25.59,25.58,25.58,4637.0,BTU
2023-10-12 12:39:00,25.6,25.6,25.59,25.591,2402.0,BTU
2023-10-12 12:38:00,25.6,25.61,25.595,25.6,5966.0,BTU
2023-10-12 12:37:00,25.631,25.635,25.61,25.61,5748.0,BTU
2023-10-12 12:36:00,25.67,25.67,25.64,25.64,3923.0,BTU
2023-10-12 12:35:00,25.62,25.672,25.61,25.672,5533.0,BTU
2023-10-12 12:34:00,25.61,25.62,25.61,25.615,6327.0,BTU
2023-10-12 12:33:00,25.65,25.65,25.62,25.62,6407.0,BTU
2023-10-12 12:32:00,25.64,25.64,25.635,25.64,563.0,BTU
2023-10-12 12:31:00,25.61,25.63,25.61,25.63,1984.0,BTU
2023-10-12 12:30:00,25.585,25.605,25.585,25.605,1429.0,BTU
2023-10-12 12:29:00,25.59,25.59,25.59,25.59,122.0,BTU
2023-10-12 12:28:00,25.59,25.59,25.59,25.59,1223.0,BTU
2023-10-12 12:27:00,25.585,25.585,25.585,25.585,185.0,BTU
2023-10-12 12:26:00,25.58,25.585,25.565,25.585,2386.0,BTU
2023-10-12 12:25:00,25.61,25.61,25.585,25.585,3925.0,BTU
2023-10-12 12:24:00,25.59,25.62,25.59,25.61,1666.0,BTU
2023-10-12 12:23:00,25.55,25.59,25.55,25.59,2031.0,BTU
2023-10-12 12:22:00,25.545,25.545,25.53,25.53,2787.0,BTU
2023-10-12 12:21:00,25.525,25.545,25.525,25.545,4026.0,BTU
2023-10-12 12:20:00,25.545,25.545,25.525,25.525,1067.0,BTU
2023-10-12 12:19:00,25.545,25.55,25.545,25.55,551.0,BTU
2023-10-12 12:17:00,25.56,25.57,25.55,25.55,2346.0,BTU
2023-10-12 12:16:00,25.6,25.6,25.57,25.57,1892.0,BTU
2023-10-12 12:15:00,25.57,25.6,25.57,25.6,2382.0,BTU
2023-10-12 12:14:00,25.59,25.59,25.572,25.58,1497.0,BTU
2023-10-12 12:13:00,25.64,25.64,25.6,25.6,2898.0,BTU
2023-10-12 12:12:00,25.651,25.68,25.645,25.645,5336.0,BTU
2023-10-12 12:11:00,25.645,25.65,25.645,25.65,1784.0,BTU
2023-10-12 12:10:00,25.691,25.691,25.66,25.66,4945.0,BTU
2023-10-12 12:09:00,25.68,25.705,25.68,25.695,2140.0,BTU
2023-10-12 12:08:00,25.655,25.67,25.655,25.67,2713.0,BTU
2023-10-12 12:07:00,25.68,25.685,25.67,25.67,1616.0,BTU
2023-10-12 12:06:00,25.66,25.685,25.66,25.685,859.0,BTU
2023-10-12 12:05:00,25.67,25.67,25.652,25.656,2542.0,BTU
2023-10-12 12:04:00,25.671,25.68,25.655,25.68,2550.0,BTU
2023-10-12 12:03:00,25.71,25.711,25.675,25.68,2341.0,BTU
2023-10-12 12:02:00,25.73,25.73,25.7,25.702,4239.0,BTU
2023-10-12 12:01:00,25.71,25.72,25.71,25.72,1115.0,BTU
2023-10-12 12:00:00,25.695,25.715,25.685,25.71,5951.0,BTU
2023-10-12 11:59:00,25.71,25.71,25.69,25.7,4847.0,BTU
2023-10-12 11:58:00,25.67,25.71,25.67,25.71,2628.0,BTU
2023-10-12 11:57:00,25.67,25.68,25.67,25.68,2362.0,BTU
2023-10-12 11:56:00,25.66,25.66,25.63,25.65,2106.0,BTU
2023-10-12 11:55:00,25.64,25.67,25.635,25.67,2316.0,BTU
2023-10-12 11:54:00,25.615,25.645,25.615,25.645,3074.0,BTU
2023-10-12 11:53:00,25.64,25.64,25.615,25.615,2561.0,BTU
2023-10-12 11:52:00,25.659,25.7,25.645,25.645,9860.0,BTU
2023-10-12 11:51:00,25.6,25.665,25.6,25.66,13868.0,BTU
2023-10-12 11:50:00,25.565,25.61,25.565,25.6,15071.0,BTU
2023-10-12 11:49:00,25.56,25.58,25.545,25.57,6886.0,BTU
2023-10-12 11:48:00,25.52,25.56,25.52,25.55,17217.0,BTU
2023-10-12 11:47:00,25.55,25.56,25.525,25.525,14751.0,BTU
2023-10-12 11:46:00,25.565,25.565,25.555,25.555,7100.0,BTU
2023-10-12 11:45:00,25.527,25.59,25.52,25.57,24451.0,BTU
2023-10-12 11:44:00,25.51,25.53,25.51,25.516,21565.0,BTU
2023-10-12 11:43:00,25.49,25.49,25.47,25.49,1895.0,BTU
2023-10-12 11:42:00,25.5,25.5,25.5,25.5,432.0,BTU
2023-10-12 11:41:00,25.5,25.5,25.5,25.5,885.0,BTU
2023-10-12 11:40:00,25.53,25.54,25.51,25.51,1854.0,BTU
2023-10-12 11:39:00,25.51,25.53,25.51,25.52,8129.0,BTU
2023-10-12 11:38:00,25.49,25.51,25.49,25.51,1567.0,BTU
2023-10-12 11:37:00,25.5,25.51,25.485,25.505,3753.0,BTU
2023-10-12 11:36:00,25.51,25.515,25.51,25.515,1503.0,BTU
2023-10-12 11:35:00,25.49,25.51,25.48,25.51,2464.0,BTU
2023-10-12 11:34:00,25.465,25.5,25.465,25.5,5864.0,BTU
2023-10-12 11:33:00,25.465,25.465,25.465,25.465,216.0,BTU
2023-10-12 11:32:00,25.46,25.465,25.46,25.465,511.0,BTU
2023-10-12 11:31:00,25.484,25.49,25.47,25.47,2141.0,BTU
2023-10-12 11:30:00,25.485,25.5,25.481,25.49,3251.0,BTU
2023-10-12 11:29:00,25.505,25.505,25.49,25.49,1508.0,BTU
2023-10-12 11:28:00,25.51,25.51,25.505,25.505,790.0,BTU
2023-10-12 11:27:00,25.48,25.52,25.48,25.51,2805.0,BTU
2023-10-12 11:26:00,25.49,25.5,25.48,25.48,1462.0,BTU
2023-10-12 11:25:00,25.51,25.51,25.495,25.495,13723.0,BTU
2023-10-12 11:24:00,25.5,25.52,25.495,25.52,3008.0,BTU
2023-10-12 11:23:00,25.46,25.5,25.45,25.5,8188.0,BTU
2023-10-12 11:22:00,25.44,25.45,25.44,25.45,1053.0,BTU
2023-10-12 11:21:00,25.48,25.48,25.44,25.44,2703.0,BTU
2023-10-12 11:20:00,25.49,25.49,25.48,25.49,1992.0,BTU
2023-10-12 11:19:00,25.52,25.52,25.49,25.49,1870.0,BTU
2023-10-12 11:18:00,25.49,25.51,25.49,25.51,2368.0,BTU
2023-10-12 11:17:00,25.46,25.485,25.46,25.485,1582.0,BTU
2023-10-12 11:16:00,25.47,25.48,25.47,25.48,4689.0,BTU
2023-10-12 11:15:00,25.5,25.51,25.47,25.47,2286.0,BTU
2023-10-12 11:14:00,25.46,25.5,25.46,25.5,1612.0,BTU
2023-10-12 11:13:00,25.42,25.45,25.42,25.45,2210.0,BTU
2023-10-12 11:12:00,25.4,25.415,25.4,25.415,1692.0,BTU
2023-10-12 11:11:00,25.4,25.4,25.39,25.4,2919.0,BTU
2023-10-12 11:10:00,25.4,25.41,25.385,25.405,2410.0,BTU
2023-10-12 11:09:00,25.385,25.4,25.385,25.4,1152.0,BTU
2023-10-12 11:08:00,25.37,25.39,25.355,25.39,5893.0,BTU
2023-10-12 11:07:00,25.405,25.42,25.39,25.39,2405.0,BTU
2023-10-12 11:06:00,25.438,25.438,25.38,25.4,4679.0,BTU
2023-10-12 11:05:00,25.385,25.44,25.385,25.44,1193.0,BTU
2023-10-12 11:04:00,25.42,25.42,25.4,25.4,1272.0,BTU
2023-10-12 11:03:00,25.4,25.42,25.38,25.42,4776.0,BTU
2023-10-12 11:02:00,25.41,25.42,25.4,25.41,1968.0,BTU
2023-10-12 11:01:00,25.45,25.45,25.43,25.43,4440.0,BTU
2023-10-12 11:00:00,25.46,25.47,25.459,25.46,3327.0,BTU
2023-10-12 10:59:00,25.41,25.44,25.41,25.43,1946.0,BTU
2023-10-12 10:58:00,25.4,25.425,25.4,25.41,3176.0,BTU
2023-10-12 10:57:00,25.31,25.43,25.31,25.415,40068.0,BTU
2023-10-12 10:56:00,25.318,25.34,25.25,25.32,45090.0,BTU
2023-10-12 10:55:00,25.25,25.325,25.25,25.315,34576.0,BTU
2023-10-12 10:54:00,25.23,25.27,25.215,25.27,7921.0,BTU
2023-10-12 10:53:00,25.23,25.245,25.225,25.225,2270.0,BTU
2023-10-12 10:52:00,25.245,25.25,25.18,25.222,11291.0,BTU
2023-10-12 10:51:00,25.26,25.28,25.245,25.245,15987.0,BTU
2023-10-12 10:50:00,25.25,25.255,25.23,25.255,6777.0,BTU
2023-10-12 10:49:00,25.29,25.29,25.26,25.26,2423.0,BTU
2023-10-12 10:48:00,25.29,25.305,25.29,25.29,2670.0,BTU
2023-10-12 10:47:00,25.31,25.31,25.29,25.295,2179.0,BTU
2023-10-12 10:46:00,25.305,25.34,25.305,25.315,3199.0,BTU
2023-10-12 10:45:00,25.295,25.31,25.295,25.31,1160.0,BTU
2023-10-12 10:44:00,25.315,25.32,25.31,25.31,2474.0,BTU
2023-10-12 10:43:00,25.325,25.325,25.32,25.32,1579.0,BTU
2023-10-12 10:42:00,25.35,25.35,25.321,25.321,2110.0,BTU
2023-10-12 10:41:00,25.33,25.36,25.325,25.36,877.0,BTU
2023-10-12 10:40:00,25.34,25.34,25.325,25.335,3744.0,BTU
2023-10-12 10:39:00,25.33,25.34,25.325,25.34,3268.0,BTU
2023-10-12 10:38:00,25.34,25.34,25.325,25.325,1342.0,BTU
2023-10-12 10:37:00,25.34,25.34,25.32,25.34,1767.0,BTU
2023-10-12 10:36:00,25.32,25.37,25.32,25.37,1785.0,BTU
2023-10-12 10:35:00,25.325,25.33,25.31,25.31,2675.0,BTU
2023-10-12 10:34:00,25.328,25.34,25.32,25.321,3403.0,BTU
2023-10-12 10:33:00,25.35,25.355,25.325,25.325,8107.0,BTU
2023-10-12 10:32:00,25.39,25.405,25.355,25.36,3292.0,BTU
2023-10-12 10:31:00,25.39,25.4,25.38,25.4,2626.0,BTU
2023-10-12 10:30:00,25.37,25.39,25.37,25.39,2835.0,BTU
2023-10-12 10:29:00,25.35,25.37,25.35,25.37,3025.0,BTU
2023-10-12 10:28:00,25.38,25.38,25.36,25.36,1876.0,BTU
2023-10-12 10:27:00,25.37,25.38,25.36,25.38,3256.0,BTU
2023-10-12 10:26:00,25.34,25.37,25.325,25.37,8875.0,BTU
2023-10-12 10:25:00,25.37,25.37,25.34,25.35,3200.0,BTU
2023-10-12 10:24:00,25.43,25.44,25.39,25.39,8160.0,BTU
2023-10-12 10:23:00,25.41,25.424,25.41,25.424,1204.0,BTU
2023-10-12 10:22:00,25.34,25.39,25.34,25.39,3260.0,BTU
2023-10-12 10:21:00,25.295,25.33,25.295,25.325,4119.0,BTU
2023-10-12 10:20:00,25.33,25.33,25.3,25.3,1651.0,BTU
2023-10-12 10:19:00,25.33,25.33,25.32,25.32,2855.0,BTU
2023-10-12 10:18:00,25.29,25.33,25.285,25.33,2235.0,BTU
2023-10-12 10:17:00,25.32,25.33,25.27,25.27,8848.0,BTU
2023-10-12 10:16:00,25.37,25.37,25.33,25.33,4595.0,BTU
2023-10-12 10:15:00,25.37,25.38,25.355,25.38,4250.0,BTU
2023-10-12 10:14:00,25.38,25.39,25.38,25.38,3279.0,BTU
2023-10-12 10:13:00,25.38,25.38,25.34,25.38,6706.0,BTU
2023-10-12 10:12:00,25.435,25.435,25.375,25.375,2828.0,BTU
2023-10-12 10:11:00,25.42,25.43,25.42,25.43,1873.0,BTU
2023-10-12 10:10:00,25.47,25.485,25.419,25.419,2613.0,BTU
2023-10-12 10:09:00,25.48,25.48,25.47,25.48,705.0,BTU
2023-10-12 10:08:00,25.52,25.535,25.49,25.5,4486.0,BTU
2023-10-12 10:07:00,25.56,25.56,25.525,25.525,1982.0,BTU
2023-10-12 10:06:00,25.57,25.57,25.54,25.545,1658.0,BTU
2023-10-12 10:05:00,25.62,25.62,25.572,25.572,3044.0,BTU
2023-10-12 10:04:00,25.58,25.64,25.58,25.622,5512.0,BTU
2023-10-12 10:03:00,25.56,25.574,25.56,25.57,4869.0,BTU
2023-10-12 10:02:00,25.549,25.55,25.53,25.54,2804.0,BTU
2023-10-12 10:01:00,25.54,25.585,25.535,25.55,6188.0,BTU
2023-10-12 10:00:00,25.46,25.54,25.46,25.54,6515.0,BTU
2023-10-12 09:59:00,25.44,25.455,25.43,25.455,1476.0,BTU
2023-10-12 09:58:00,25.42,25.435,25.42,25.435,1160.0,BTU
2023-10-12 09:57:00,25.43,25.43,25.42,25.43,4172.0,BTU
2023-10-12 09:56:00,25.495,25.5,25.43,25.43,3529.0,BTU
2023-10-12 09:55:00,25.49,25.5,25.49,25.495,1318.0,BTU
2023-10-12 09:54:00,25.53,25.535,25.51,25.51,7427.0,BTU
2023-10-12 09:53:00,25.52,25.54,25.51,25.53,2136.0,BTU
2023-10-12 09:52:00,25.52,25.55,25.504,25.504,3212.0,BTU
2023-10-12 09:51:00,25.405,25.52,25.385,25.51,9676.0,BTU
2023-10-12 09:50:00,25.43,25.45,25.39,25.4,12910.0,BTU
2023-10-12 09:49:00,25.46,25.46,25.44,25.44,3555.0,BTU
2023-10-12 09:48:00,25.45,25.47,25.42,25.447,3699.0,BTU
2023-10-12 09:47:00,25.48,25.49,25.44,25.44,16289.0,BTU
2023-10-12 09:46:00,25.46,25.525,25.46,25.485,23392.0,BTU
2023-10-12 09:45:00,25.46,25.48,25.45,25.45,4176.0,BTU
2023-10-12 09:44:00,25.49,25.5,25.445,25.47,6037.0,BTU
2023-10-12 09:43:00,25.52,25.53,25.48,25.51,10195.0,BTU
2023-10-12 09:42:00,25.605,25.61,25.5,25.51,9382.0,BTU
2023-10-12 09:41:00,25.62,25.62,25.55,25.57,3306.0,BTU
2023-10-12 09:40:00,25.665,25.67,25.61,25.61,3599.0,BTU
2023-10-12 09:39:00,25.58,25.659,25.58,25.65,1055.0,BTU
2023-10-12 09:38:00,25.61,25.64,25.56,25.57,8968.0,BTU
2023-10-12 09:37:00,25.71,25.71,25.615,25.62,5754.0,BTU
2023-10-12 09:36:00,25.73,25.765,25.7,25.72,9813.0,BTU
2023-10-12 09:35:00,25.72,25.74,25.625,25.74,3104.0,BTU
2023-10-12 09:34:00,25.77,25.77,25.73,25.73,867.0,BTU
2023-10-12 09:33:00,25.81,25.825,25.735,25.808,3379.0,BTU
2023-10-12 09:32:00,25.81,25.87,25.795,25.8,7251.0,BTU
2023-10-12 09:31:00,25.84,25.84,25.715,25.805,6202.0,BTU
2023-10-12 09:30:00,25.83,25.895,25.77,25.84,21412.0,BTU
2023-10-12 09:26:00,25.91,25.92,25.8,25.82,500.0,BTU
2023-10-12 09:13:00,26.02,26.02,26.02,26.02,384.0,BTU
2023-10-12 09:12:00,26.02,26.02,26.02,26.02,384.0,BTU
2023-10-12 09:11:00,26.02,26.02,26.02,26.02,483.0,BTU
2023-10-12 09:10:00,26.07,26.08,26.07,26.08,50.0,BTU
2023-10-12 09:07:00,25.91,25.91,25.91,25.91,100.0,BTU
2023-10-12 09:00:00,25.99,25.99,25.98,25.98,8.0,BTU
2023-10-12 08:46:00,26.0,26.0,25.99,25.99,300.0,BTU
2023-10-12 08:39:00,25.99,25.99,25.99,25.99,1.0,BTU
2023-10-12 08:27:00,26.08,26.08,26.08,26.08,1.0,BTU
2023-10-12 08:13:00,25.99,25.99,25.99,25.99,50.0,BTU
2023-10-12 08:09:00,25.48,25.96,25.48,25.96,350.0,BTU
2023-10-12 07:35:00,26.04,26.05,26.04,26.05,63.0,BTU
2023-10-12 07:05:00,26.01,26.01,26.0,26.0,50.0,BTU
2023-10-12 06:37:00,25.89,25.89,25.89,25.89,1.0,BTU
2023-10-12 06:12:00,25.93,25.94,25.93,25.94,109.0,BTU
2023-10-12 05:47:00,25.85,25.85,25.85,25.85,2.0,BTU
2023-10-12 05:35:00,25.85,25.85,25.85,25.85,2.0,BTU
