date,1. open,2. high,3. low,4. close,5. volume,Ticker
2024-05-24 19:00:00,23.53,23.53,23.53,23.53,133795.0,BTU
2024-05-24 18:46:00,23.4,23.88,23.4,23.88,62.0,BTU
2024-05-24 18:30:00,23.53,23.53,23.53,23.53,133795.0,BTU
2024-05-24 18:23:00,23.78,23.78,23.78,23.78,0.0,BTU
2024-05-24 18:13:00,23.88,23.88,23.88,23.88,1.0,BTU
2024-05-24 18:09:00,23.4,23.4,23.4,23.4,0.0,BTU
2024-05-24 17:45:00,23.88,23.88,23.88,23.88,0.0,BTU
2024-05-24 17:35:00,23.53,23.53,23.53,23.53,31752.0,BTU
2024-05-24 16:54:00,23.58,23.58,23.58,23.58,962.0,BTU
2024-05-24 16:40:00,23.53,23.53,23.53,23.53,30903.0,BTU
2024-05-24 16:22:00,23.48,23.48,23.48,23.48,0.0,BTU
2024-05-24 16:10:00,23.53,23.53,23.53,23.53,133795.0,BTU
2024-05-24 16:02:00,23.52,23.53,23.52,23.53,372.0,BTU
2024-05-24 16:01:00,23.53,23.53,23.53,23.53,6675.0,BTU
2024-05-24 16:00:00,23.52,23.53,23.52,23.53,425260.0,BTU
2024-05-24 15:59:00,23.51,23.535,23.51,23.52,53337.0,BTU
2024-05-24 15:58:00,23.52,23.52,23.5,23.52,24311.0,BTU
2024-05-24 15:57:00,23.51,23.515,23.5,23.513,22696.0,BTU
2024-05-24 15:56:00,23.515,23.52,23.5,23.5,13978.0,BTU
2024-05-24 15:55:00,23.485,23.515,23.48,23.515,18917.0,BTU
2024-05-24 15:54:00,23.49,23.5,23.48,23.485,13301.0,BTU
2024-05-24 15:53:00,23.465,23.5,23.465,23.5,11880.0,BTU
2024-05-24 15:52:00,23.485,23.485,23.465,23.47,9719.0,BTU
2024-05-24 15:51:00,23.465,23.485,23.465,23.485,4892.0,BTU
2024-05-24 15:50:00,23.42,23.47,23.415,23.47,10995.0,BTU
2024-05-24 15:49:00,23.475,23.475,23.41,23.41,8099.0,BTU
2024-05-24 15:48:00,23.485,23.49,23.475,23.475,8083.0,BTU
2024-05-24 15:47:00,23.485,23.49,23.485,23.485,2438.0,BTU
2024-05-24 15:46:00,23.505,23.52,23.485,23.485,9731.0,BTU
2024-05-24 15:45:00,23.48,23.51,23.475,23.51,6989.0,BTU
2024-05-24 15:44:00,23.475,23.48,23.47,23.48,3468.0,BTU
2024-05-24 15:43:00,23.47,23.475,23.47,23.475,1381.0,BTU
2024-05-24 15:42:00,23.46,23.47,23.455,23.47,5498.0,BTU
2024-05-24 15:41:00,23.455,23.465,23.45,23.465,2161.0,BTU
2024-05-24 15:40:00,23.45,23.46,23.445,23.46,3057.0,BTU
2024-05-24 15:39:00,23.44,23.445,23.435,23.44,3008.0,BTU
2024-05-24 15:38:00,23.42,23.44,23.42,23.44,6551.0,BTU
2024-05-24 15:37:00,23.415,23.415,23.41,23.415,3938.0,BTU
2024-05-24 15:36:00,23.405,23.415,23.405,23.415,2736.0,BTU
2024-05-24 15:35:00,23.405,23.405,23.405,23.405,737.0,BTU
2024-05-24 15:34:00,23.395,23.41,23.385,23.405,5262.0,BTU
2024-05-24 15:33:00,23.385,23.39,23.385,23.39,1564.0,BTU
2024-05-24 15:32:00,23.385,23.39,23.38,23.39,3269.0,BTU
2024-05-24 15:31:00,23.395,23.395,23.385,23.385,1864.0,BTU
2024-05-24 15:30:00,23.4,23.4,23.39,23.39,1509.0,BTU
2024-05-24 15:29:00,23.405,23.41,23.4,23.4,1089.0,BTU
2024-05-24 15:28:00,23.395,23.41,23.395,23.41,4729.0,BTU
2024-05-24 15:27:00,23.365,23.395,23.365,23.395,3336.0,BTU
2024-05-24 15:26:00,23.38,23.38,23.365,23.365,4210.0,BTU
2024-05-24 15:25:00,23.375,23.38,23.37,23.38,1102.0,BTU
2024-05-24 15:24:00,23.37,23.38,23.37,23.38,709.0,BTU
2024-05-24 15:23:00,23.37,23.375,23.365,23.37,2853.0,BTU
2024-05-24 15:22:00,23.375,23.4,23.37,23.37,7424.0,BTU
2024-05-24 15:21:00,23.365,23.38,23.365,23.375,3011.0,BTU
2024-05-24 15:20:00,23.37,23.37,23.365,23.365,473.0,BTU
2024-05-24 15:19:00,23.37,23.37,23.37,23.37,270.0,BTU
2024-05-24 15:18:00,23.37,23.37,23.365,23.365,2485.0,BTU
2024-05-24 15:17:00,23.345,23.37,23.34,23.365,8055.0,BTU
2024-05-24 15:16:00,23.335,23.34,23.335,23.34,2454.0,BTU
2024-05-24 15:15:00,23.34,23.34,23.335,23.335,981.0,BTU
2024-05-24 15:14:00,23.33,23.346,23.321,23.346,4397.0,BTU
2024-05-24 15:13:00,23.34,23.34,23.33,23.33,690.0,BTU
2024-05-24 15:12:00,23.35,23.35,23.345,23.345,2420.0,BTU
2024-05-24 15:10:00,23.36,23.365,23.36,23.36,4666.0,BTU
2024-05-24 15:09:00,23.375,23.38,23.355,23.355,2930.0,BTU
2024-05-24 15:07:00,23.37,23.375,23.37,23.375,495.0,BTU
2024-05-24 15:06:00,23.39,23.39,23.36,23.37,6235.0,BTU
2024-05-24 15:05:00,23.39,23.4,23.391,23.395,1132.0,BTU
2024-05-24 15:04:00,23.4,23.4,23.4,23.4,850.0,BTU
2024-05-24 15:02:00,23.4,23.4,23.39,23.395,1847.0,BTU
2024-05-24 15:01:00,23.405,23.41,23.395,23.41,1857.0,BTU
2024-05-24 14:59:00,23.4,23.43,23.4,23.43,3469.0,BTU
2024-05-24 14:58:00,23.415,23.415,23.4,23.4,3103.0,BTU
2024-05-24 14:57:00,23.415,23.425,23.41,23.42,3716.0,BTU
2024-05-24 14:56:00,23.43,23.43,23.415,23.415,1292.0,BTU
2024-05-24 14:55:00,23.43,23.431,23.42,23.42,696.0,BTU
2024-05-24 14:53:00,23.455,23.455,23.435,23.435,1942.0,BTU
2024-05-24 14:52:00,23.445,23.46,23.445,23.455,2447.0,BTU
2024-05-24 14:51:00,23.455,23.455,23.445,23.445,2076.0,BTU
2024-05-24 14:50:00,23.46,23.46,23.455,23.455,1156.0,BTU
2024-05-24 14:49:00,23.46,23.46,23.455,23.455,788.0,BTU
2024-05-24 14:48:00,23.43,23.46,23.43,23.46,2527.0,BTU
2024-05-24 14:47:00,23.43,23.43,23.425,23.43,814.0,BTU
2024-05-24 14:46:00,23.42,23.43,23.42,23.43,1128.0,BTU
2024-05-24 14:45:00,23.42,23.43,23.42,23.425,1138.0,BTU
2024-05-24 14:44:00,23.41,23.41,23.411,23.41,252.0,BTU
2024-05-24 14:43:00,23.38,23.41,23.38,23.41,24823.0,BTU
2024-05-24 14:42:00,23.4,23.4,23.39,23.39,867.0,BTU
2024-05-24 14:41:00,23.41,23.41,23.395,23.395,2142.0,BTU
2024-05-24 14:40:00,23.415,23.42,23.415,23.42,1176.0,BTU
2024-05-24 14:39:00,23.395,23.41,23.395,23.41,2209.0,BTU
2024-05-24 14:38:00,23.4,23.405,23.395,23.4,2651.0,BTU
2024-05-24 14:37:00,23.395,23.4,23.395,23.4,425.0,BTU
2024-05-24 14:36:00,23.39,23.4,23.385,23.4,1438.0,BTU
2024-05-24 14:35:00,23.41,23.41,23.4,23.4,1034.0,BTU
2024-05-24 14:34:00,23.41,23.41,23.4,23.405,403.0,BTU
2024-05-24 14:33:00,23.39,23.42,23.389,23.41,3879.0,BTU
2024-05-24 14:32:00,23.38,23.385,23.38,23.385,2469.0,BTU
2024-05-24 14:31:00,23.39,23.39,23.385,23.385,481.0,BTU
2024-05-24 14:30:00,23.39,23.39,23.38,23.39,954.0,BTU
2024-05-24 14:29:00,23.38,23.38,23.37,23.38,2363.0,BTU
2024-05-24 14:28:00,23.38,23.38,23.38,23.38,1064.0,BTU
2024-05-24 14:27:00,23.385,23.4,23.385,23.39,1209.0,BTU
2024-05-24 14:26:00,23.41,23.41,23.39,23.39,1197.0,BTU
2024-05-24 14:25:00,23.42,23.42,23.401,23.41,1571.0,BTU
2024-05-24 14:23:00,23.44,23.44,23.435,23.435,321.0,BTU
2024-05-24 14:22:00,23.47,23.475,23.445,23.45,3730.0,BTU
2024-05-24 14:21:00,23.475,23.475,23.475,23.475,598.0,BTU
2024-05-24 14:20:00,23.49,23.491,23.47,23.47,1795.0,BTU
2024-05-24 14:19:00,23.495,23.495,23.49,23.49,1647.0,BTU
2024-05-24 14:18:00,23.495,23.5,23.49,23.5,676.0,BTU
2024-05-24 14:17:00,23.54,23.54,23.49,23.49,3367.0,BTU
2024-05-24 14:16:00,23.535,23.539,23.535,23.539,884.0,BTU
2024-05-24 14:15:00,23.542,23.555,23.54,23.54,1226.0,BTU
2024-05-24 14:14:00,23.54,23.545,23.535,23.545,1539.0,BTU
2024-05-24 14:13:00,23.535,23.54,23.53,23.54,2223.0,BTU
2024-05-24 14:12:00,23.53,23.53,23.53,23.53,353.0,BTU
2024-05-24 14:11:00,23.52,23.55,23.52,23.53,2558.0,BTU
2024-05-24 14:10:00,23.5,23.53,23.495,23.52,9561.0,BTU
2024-05-24 14:09:00,23.51,23.52,23.505,23.505,4172.0,BTU
2024-05-24 14:08:00,23.535,23.54,23.504,23.505,10239.0,BTU
2024-05-24 14:07:00,23.525,23.535,23.525,23.535,2762.0,BTU
2024-05-24 14:06:00,23.53,23.53,23.53,23.53,330.0,BTU
2024-05-24 14:05:00,23.56,23.56,23.53,23.53,2690.0,BTU
2024-05-24 14:04:00,23.565,23.57,23.565,23.565,4881.0,BTU
2024-05-24 14:03:00,23.545,23.56,23.545,23.55,1743.0,BTU
2024-05-24 14:02:00,23.52,23.54,23.52,23.535,1294.0,BTU
2024-05-24 14:01:00,23.505,23.53,23.505,23.51,7566.0,BTU
2024-05-24 14:00:00,23.5,23.5,23.5,23.5,472.0,BTU
2024-05-24 13:59:00,23.535,23.535,23.51,23.51,2370.0,BTU
2024-05-24 13:58:00,23.535,23.535,23.535,23.535,585.0,BTU
2024-05-24 13:57:00,23.535,23.54,23.53,23.54,1341.0,BTU
2024-05-24 13:56:00,23.535,23.54,23.53,23.54,15104.0,BTU
2024-05-24 13:55:00,23.545,23.545,23.53,23.53,1145.0,BTU
2024-05-24 13:54:00,23.54,23.545,23.54,23.545,891.0,BTU
2024-05-24 13:53:00,23.53,23.54,23.52,23.54,3197.0,BTU
2024-05-24 13:52:00,23.535,23.54,23.535,23.54,1361.0,BTU
2024-05-24 13:51:00,23.565,23.565,23.53,23.53,5068.0,BTU
2024-05-24 13:50:00,23.57,23.58,23.555,23.565,10987.0,BTU
2024-05-24 13:49:00,23.58,23.6,23.575,23.58,7697.0,BTU
2024-05-24 13:48:00,23.57,23.575,23.57,23.575,1650.0,BTU
2024-05-24 13:47:00,23.57,23.57,23.568,23.567,416.0,BTU
2024-05-24 13:46:00,23.57,23.57,23.56,23.57,1961.0,BTU
2024-05-24 13:45:00,23.545,23.56,23.535,23.56,10386.0,BTU
2024-05-24 13:44:00,23.55,23.55,23.545,23.545,377.0,BTU
2024-05-24 13:43:00,23.55,23.55,23.545,23.55,2096.0,BTU
2024-05-24 13:42:00,23.54,23.545,23.54,23.545,1702.0,BTU
2024-05-24 13:41:00,23.535,23.54,23.535,23.54,770.0,BTU
2024-05-24 13:40:00,23.535,23.54,23.535,23.54,1005.0,BTU
2024-05-24 13:39:00,23.525,23.54,23.525,23.535,2189.0,BTU
2024-05-24 13:38:00,23.5,23.51,23.5,23.51,25534.0,BTU
2024-05-24 13:37:00,23.5,23.5,23.49,23.495,1164.0,BTU
2024-05-24 13:36:00,23.48,23.5,23.48,23.5,9601.0,BTU
2024-05-24 13:35:00,23.48,23.485,23.48,23.485,1376.0,BTU
2024-05-24 13:34:00,23.45,23.48,23.45,23.48,3757.0,BTU
2024-05-24 13:33:00,23.45,23.45,23.445,23.445,1395.0,BTU
2024-05-24 13:32:00,23.45,23.45,23.442,23.442,692.0,BTU
2024-05-24 13:31:00,23.45,23.45,23.45,23.45,365.0,BTU
2024-05-24 13:30:00,23.45,23.45,23.45,23.45,300.0,BTU
2024-05-24 13:29:00,23.45,23.45,23.445,23.45,754.0,BTU
2024-05-24 13:28:00,23.44,23.46,23.43,23.45,3020.0,BTU
2024-05-24 13:27:00,23.44,23.44,23.43,23.43,579.0,BTU
2024-05-24 13:26:00,23.44,23.44,23.435,23.44,994.0,BTU
2024-05-24 13:25:00,23.42,23.43,23.42,23.43,1618.0,BTU
2024-05-24 13:24:00,23.405,23.42,23.405,23.415,2221.0,BTU
2024-05-24 13:23:00,23.405,23.41,23.395,23.41,776.0,BTU
2024-05-24 13:22:00,23.395,23.395,23.395,23.395,612.0,BTU
2024-05-24 13:21:00,23.4,23.405,23.4,23.4,758.0,BTU
2024-05-24 13:20:00,23.41,23.415,23.4,23.405,2668.0,BTU
2024-05-24 13:19:00,23.41,23.42,23.41,23.42,2245.0,BTU
2024-05-24 13:18:00,23.405,23.405,23.405,23.405,112.0,BTU
2024-05-24 13:17:00,23.42,23.42,23.405,23.41,2852.0,BTU
2024-05-24 13:16:00,23.43,23.43,23.42,23.42,585.0,BTU
2024-05-24 13:14:00,23.43,23.43,23.424,23.43,1873.0,BTU
2024-05-24 13:13:00,23.425,23.43,23.425,23.425,858.0,BTU
2024-05-24 13:11:00,23.43,23.43,23.42,23.425,1168.0,BTU
2024-05-24 13:10:00,23.43,23.435,23.43,23.435,3082.0,BTU
2024-05-24 13:08:00,23.43,23.43,23.425,23.425,260.0,BTU
2024-05-24 13:07:00,23.45,23.45,23.43,23.44,1522.0,BTU
2024-05-24 13:05:00,23.47,23.47,23.46,23.46,1010.0,BTU
2024-05-24 13:04:00,23.46,23.47,23.46,23.47,2299.0,BTU
2024-05-24 13:03:00,23.445,23.46,23.445,23.46,2294.0,BTU
2024-05-24 13:02:00,23.45,23.45,23.445,23.445,833.0,BTU
2024-05-24 13:01:00,23.435,23.45,23.435,23.45,1990.0,BTU
2024-05-24 13:00:00,23.435,23.435,23.435,23.435,504.0,BTU
2024-05-24 12:59:00,23.425,23.43,23.42,23.43,2914.0,BTU
2024-05-24 12:58:00,23.435,23.435,23.425,23.425,977.0,BTU
2024-05-24 12:57:00,23.434,23.44,23.43,23.43,982.0,BTU
2024-05-24 12:56:00,23.43,23.43,23.43,23.43,459.0,BTU
2024-05-24 12:55:00,23.43,23.435,23.425,23.435,2140.0,BTU
2024-05-24 12:54:00,23.42,23.425,23.41,23.425,1035.0,BTU
2024-05-24 12:53:00,23.42,23.42,23.42,23.42,257.0,BTU
2024-05-24 12:52:00,23.405,23.425,23.395,23.415,5917.0,BTU
2024-05-24 12:51:00,23.41,23.41,23.405,23.405,1481.0,BTU
2024-05-24 12:50:00,23.405,23.405,23.405,23.405,126.0,BTU
2024-05-24 12:49:00,23.4,23.41,23.4,23.41,1312.0,BTU
2024-05-24 12:48:00,23.4,23.4,23.395,23.395,936.0,BTU
2024-05-24 12:47:00,23.395,23.4,23.395,23.4,768.0,BTU
2024-05-24 12:46:00,23.4,23.4,23.395,23.395,723.0,BTU
2024-05-24 12:45:00,23.38,23.395,23.38,23.395,1413.0,BTU
2024-05-24 12:44:00,23.39,23.39,23.38,23.385,844.0,BTU
2024-05-24 12:43:00,23.41,23.415,23.405,23.405,1949.0,BTU
2024-05-24 12:42:00,23.415,23.415,23.415,23.415,1358.0,BTU
2024-05-24 12:41:00,23.42,23.42,23.42,23.419,446.0,BTU
2024-05-24 12:40:00,23.42,23.42,23.42,23.42,376.0,BTU
2024-05-24 12:39:00,23.44,23.44,23.43,23.43,877.0,BTU
2024-05-24 12:38:00,23.42,23.435,23.42,23.435,815.0,BTU
2024-05-24 12:37:00,23.425,23.425,23.425,23.425,259.0,BTU
2024-05-24 12:36:00,23.42,23.42,23.42,23.42,681.0,BTU
2024-05-24 12:35:00,23.41,23.42,23.41,23.415,1157.0,BTU
2024-05-24 12:34:00,23.44,23.44,23.41,23.41,1527.0,BTU
2024-05-24 12:31:00,23.48,23.48,23.44,23.45,3564.0,BTU
2024-05-24 12:30:00,23.49,23.49,23.49,23.49,116.0,BTU
2024-05-24 12:29:00,23.48,23.505,23.48,23.505,2284.0,BTU
2024-05-24 12:28:00,23.475,23.49,23.47,23.48,6195.0,BTU
2024-05-24 12:27:00,23.47,23.475,23.47,23.475,349.0,BTU
2024-05-24 12:26:00,23.475,23.475,23.475,23.475,649.0,BTU
2024-05-24 12:25:00,23.48,23.485,23.475,23.475,1069.0,BTU
2024-05-24 12:24:00,23.47,23.475,23.47,23.475,663.0,BTU
2024-05-24 12:22:00,23.465,23.47,23.46,23.46,3631.0,BTU
2024-05-24 12:21:00,23.46,23.46,23.46,23.46,592.0,BTU
2024-05-24 12:20:00,23.46,23.46,23.46,23.46,1557.0,BTU
2024-05-24 12:19:00,23.46,23.465,23.445,23.45,2471.0,BTU
2024-05-24 12:18:00,23.465,23.469,23.46,23.465,1941.0,BTU
2024-05-24 12:17:00,23.465,23.47,23.465,23.465,1283.0,BTU
2024-05-24 12:16:00,23.465,23.465,23.46,23.465,2912.0,BTU
2024-05-24 12:15:00,23.47,23.47,23.465,23.465,801.0,BTU
2024-05-24 12:14:00,23.465,23.47,23.465,23.47,761.0,BTU
2024-05-24 12:13:00,23.475,23.475,23.46,23.465,723.0,BTU
2024-05-24 12:12:00,23.51,23.51,23.47,23.475,3418.0,BTU
2024-05-24 12:11:00,23.51,23.51,23.51,23.51,531.0,BTU
2024-05-24 12:10:00,23.515,23.515,23.51,23.515,297.0,BTU
2024-05-24 12:09:00,23.515,23.515,23.515,23.515,254.0,BTU
2024-05-24 12:08:00,23.515,23.53,23.51,23.53,3489.0,BTU
2024-05-24 12:07:00,23.53,23.53,23.515,23.515,3936.0,BTU
2024-05-24 12:06:00,23.535,23.535,23.535,23.535,491.0,BTU
2024-05-24 12:05:00,23.54,23.54,23.531,23.531,773.0,BTU
2024-05-24 12:04:00,23.514,23.53,23.514,23.53,2608.0,BTU
2024-05-24 12:03:00,23.5,23.51,23.5,23.51,1647.0,BTU
2024-05-24 12:02:00,23.5,23.5,23.49,23.49,856.0,BTU
2024-05-24 12:01:00,23.5,23.5,23.5,23.5,523.0,BTU
2024-05-24 12:00:00,23.51,23.51,23.5,23.5,1015.0,BTU
2024-05-24 11:59:00,23.495,23.505,23.495,23.505,595.0,BTU
2024-05-24 11:58:00,23.51,23.51,23.51,23.51,1134.0,BTU
2024-05-24 11:57:00,23.49,23.5,23.48,23.5,3229.0,BTU
2024-05-24 11:56:00,23.495,23.495,23.49,23.49,1518.0,BTU
2024-05-24 11:55:00,23.495,23.5,23.495,23.495,403.0,BTU
2024-05-24 11:54:00,23.535,23.54,23.495,23.495,2080.0,BTU
2024-05-24 11:53:00,23.535,23.535,23.531,23.535,2061.0,BTU
2024-05-24 11:52:00,23.53,23.535,23.53,23.535,561.0,BTU
2024-05-24 11:51:00,23.55,23.55,23.535,23.535,950.0,BTU
2024-05-24 11:50:00,23.555,23.555,23.55,23.55,214.0,BTU
2024-05-24 11:49:00,23.555,23.555,23.555,23.555,225.0,BTU
2024-05-24 11:48:00,23.57,23.57,23.55,23.55,1038.0,BTU
2024-05-24 11:47:00,23.58,23.58,23.58,23.58,629.0,BTU
2024-05-24 11:46:00,23.6,23.605,23.585,23.585,1910.0,BTU
2024-05-24 11:45:00,23.6,23.6,23.59,23.6,1550.0,BTU
2024-05-24 11:44:00,23.6,23.6,23.6,23.6,502.0,BTU
2024-05-24 11:43:00,23.575,23.585,23.57,23.585,5048.0,BTU
2024-05-24 11:42:00,23.565,23.575,23.565,23.575,418.0,BTU
2024-05-24 11:41:00,23.545,23.56,23.545,23.56,1132.0,BTU
2024-05-24 11:40:00,23.54,23.54,23.54,23.54,502.0,BTU
2024-05-24 11:39:00,23.55,23.55,23.53,23.54,2839.0,BTU
2024-05-24 11:38:00,23.56,23.565,23.555,23.555,619.0,BTU
2024-05-24 11:37:00,23.57,23.57,23.56,23.56,1171.0,BTU
2024-05-24 11:36:00,23.665,23.665,23.56,23.56,29836.0,BTU
2024-05-24 11:35:00,23.67,23.68,23.66,23.67,11981.0,BTU
2024-05-24 11:34:00,23.65,23.665,23.65,23.66,29982.0,BTU
2024-05-24 11:33:00,23.65,23.66,23.65,23.65,5712.0,BTU
2024-05-24 11:32:00,23.635,23.65,23.635,23.645,4227.0,BTU
2024-05-24 11:31:00,23.63,23.64,23.62,23.64,6811.0,BTU
2024-05-24 11:30:00,23.63,23.63,23.625,23.625,746.0,BTU
2024-05-24 11:29:00,23.625,23.63,23.623,23.625,625.0,BTU
2024-05-24 11:28:00,23.62,23.63,23.61,23.62,5002.0,BTU
2024-05-24 11:27:00,23.63,23.63,23.62,23.625,841.0,BTU
2024-05-24 11:26:00,23.64,23.64,23.61,23.62,2084.0,BTU
2024-05-24 11:25:00,23.65,23.65,23.62,23.64,3048.0,BTU
2024-05-24 11:24:00,23.645,23.645,23.645,23.645,436.0,BTU
2024-05-24 11:23:00,23.67,23.67,23.645,23.645,3045.0,BTU
2024-05-24 11:22:00,23.65,23.675,23.65,23.675,4545.0,BTU
2024-05-24 11:21:00,23.67,23.67,23.64,23.64,8554.0,BTU
2024-05-24 11:20:00,23.66,23.685,23.65,23.675,23594.0,BTU
2024-05-24 11:19:00,23.65,23.66,23.635,23.655,3458.0,BTU
2024-05-24 11:18:00,23.65,23.65,23.645,23.645,647.0,BTU
2024-05-24 11:17:00,23.65,23.65,23.65,23.65,229.0,BTU
2024-05-24 11:16:00,23.65,23.65,23.65,23.65,880.0,BTU
2024-05-24 11:15:00,23.645,23.65,23.64,23.645,5425.0,BTU
2024-05-24 11:14:00,23.65,23.65,23.65,23.65,283.0,BTU
2024-05-24 11:13:00,23.65,23.65,23.64,23.645,1481.0,BTU
2024-05-24 11:12:00,23.635,23.655,23.635,23.65,4753.0,BTU
2024-05-24 11:11:00,23.66,23.66,23.64,23.64,3349.0,BTU
2024-05-24 11:10:00,23.669,23.67,23.655,23.659,4033.0,BTU
2024-05-24 11:09:00,23.655,23.67,23.645,23.67,13809.0,BTU
2024-05-24 11:08:00,23.64,23.66,23.64,23.66,3191.0,BTU
2024-05-24 11:07:00,23.65,23.65,23.65,23.65,344.0,BTU
2024-05-24 11:06:00,23.64,23.65,23.64,23.65,1681.0,BTU
2024-05-24 11:05:00,23.64,23.64,23.63,23.635,694.0,BTU
2024-05-24 11:04:00,23.615,23.64,23.615,23.636,1858.0,BTU
2024-05-24 11:03:00,23.61,23.615,23.605,23.61,1350.0,BTU
2024-05-24 11:02:00,23.603,23.63,23.603,23.62,5358.0,BTU
2024-05-24 11:01:00,23.59,23.6,23.59,23.6,2009.0,BTU
2024-05-24 11:00:00,23.6,23.605,23.585,23.585,2016.0,BTU
2024-05-24 10:59:00,23.6,23.6,23.6,23.6,964.0,BTU
2024-05-24 10:58:00,23.59,23.605,23.585,23.605,2484.0,BTU
2024-05-24 10:57:00,23.59,23.59,23.58,23.58,1086.0,BTU
2024-05-24 10:56:00,23.58,23.6,23.58,23.6,4429.0,BTU
2024-05-24 10:55:00,23.58,23.58,23.57,23.58,6211.0,BTU
2024-05-24 10:54:00,23.58,23.59,23.575,23.59,1381.0,BTU
2024-05-24 10:53:00,23.59,23.59,23.58,23.58,957.0,BTU
2024-05-24 10:52:00,23.545,23.59,23.545,23.59,2944.0,BTU
2024-05-24 10:51:00,23.55,23.55,23.53,23.54,5879.0,BTU
2024-05-24 10:50:00,23.57,23.57,23.54,23.55,1993.0,BTU
2024-05-24 10:49:00,23.585,23.59,23.58,23.58,3183.0,BTU
2024-05-24 10:48:00,23.54,23.605,23.535,23.59,12941.0,BTU
2024-05-24 10:47:00,23.53,23.53,23.52,23.53,5838.0,BTU
2024-05-24 10:46:00,23.56,23.56,23.54,23.54,25686.0,BTU
2024-05-24 10:45:00,23.55,23.57,23.548,23.56,6445.0,BTU
2024-05-24 10:44:00,23.54,23.55,23.53,23.55,3284.0,BTU
2024-05-24 10:43:00,23.55,23.55,23.54,23.54,8287.0,BTU
2024-05-24 10:42:00,23.525,23.57,23.525,23.54,17461.0,BTU
2024-05-24 10:41:00,23.48,23.53,23.48,23.53,7347.0,BTU
2024-05-24 10:40:00,23.465,23.48,23.46,23.48,3100.0,BTU
2024-05-24 10:39:00,23.455,23.47,23.455,23.47,1113.0,BTU
2024-05-24 10:38:00,23.45,23.47,23.45,23.46,3902.0,BTU
2024-05-24 10:37:00,23.42,23.44,23.42,23.44,2160.0,BTU
2024-05-24 10:36:00,23.44,23.44,23.425,23.44,1770.0,BTU
2024-05-24 10:35:00,23.48,23.48,23.43,23.448,3793.0,BTU
2024-05-24 10:34:00,23.48,23.5,23.48,23.489,2482.0,BTU
2024-05-24 10:33:00,23.41,23.46,23.41,23.445,18269.0,BTU
2024-05-24 10:32:00,23.41,23.42,23.4,23.4,6517.0,BTU
2024-05-24 10:31:00,23.43,23.43,23.405,23.42,5802.0,BTU
2024-05-24 10:30:00,23.47,23.47,23.425,23.425,7710.0,BTU
2024-05-24 10:29:00,23.46,23.48,23.45,23.46,7821.0,BTU
2024-05-24 10:28:00,23.44,23.46,23.434,23.46,2118.0,BTU
2024-05-24 10:27:00,23.4,23.44,23.4,23.435,6188.0,BTU
2024-05-24 10:26:00,23.375,23.42,23.37,23.41,4008.0,BTU
2024-05-24 10:25:00,23.37,23.38,23.37,23.375,2834.0,BTU
2024-05-24 10:24:00,23.365,23.38,23.354,23.38,12513.0,BTU
2024-05-24 10:23:00,23.373,23.375,23.355,23.36,4895.0,BTU
2024-05-24 10:22:00,23.36,23.36,23.36,23.36,396.0,BTU
2024-05-24 10:21:00,23.365,23.365,23.35,23.355,3600.0,BTU
2024-05-24 10:20:00,23.365,23.38,23.365,23.37,2613.0,BTU
2024-05-24 10:19:00,23.36,23.36,23.33,23.36,6608.0,BTU
2024-05-24 10:18:00,23.32,23.36,23.32,23.35,1923.0,BTU
2024-05-24 10:17:00,23.32,23.32,23.32,23.32,252.0,BTU
2024-05-24 10:16:00,23.3,23.31,23.295,23.31,1620.0,BTU
2024-05-24 10:15:00,23.29,23.29,23.27,23.29,4188.0,BTU
2024-05-24 10:14:00,23.305,23.305,23.29,23.29,1480.0,BTU
2024-05-24 10:13:00,23.32,23.32,23.31,23.315,1327.0,BTU
2024-05-24 10:12:00,23.345,23.345,23.33,23.34,2507.0,BTU
2024-05-24 10:11:00,23.35,23.36,23.345,23.345,5153.0,BTU
2024-05-24 10:10:00,23.33,23.36,23.33,23.345,1248.0,BTU
2024-05-24 10:09:00,23.35,23.35,23.335,23.335,2003.0,BTU
2024-05-24 10:08:00,23.33,23.35,23.33,23.35,1443.0,BTU
2024-05-24 10:07:00,23.335,23.335,23.32,23.325,733.0,BTU
2024-05-24 10:06:00,23.34,23.342,23.335,23.342,2150.0,BTU
2024-05-24 10:05:00,23.355,23.356,23.33,23.34,3801.0,BTU
2024-05-24 10:04:00,23.375,23.375,23.345,23.35,1645.0,BTU
2024-05-24 10:03:00,23.37,23.375,23.365,23.375,2185.0,BTU
2024-05-24 10:02:00,23.395,23.405,23.38,23.39,3726.0,BTU
2024-05-24 10:01:00,23.39,23.395,23.38,23.395,2053.0,BTU
2024-05-24 10:00:00,23.36,23.4,23.35,23.4,3806.0,BTU
2024-05-24 09:59:00,23.34,23.35,23.32,23.345,1666.0,BTU
2024-05-24 09:58:00,23.34,23.34,23.335,23.335,1648.0,BTU
2024-05-24 09:57:00,23.385,23.385,23.36,23.36,1906.0,BTU
2024-05-24 09:56:00,23.385,23.39,23.385,23.385,866.0,BTU
2024-05-24 09:55:00,23.375,23.385,23.37,23.385,1868.0,BTU
2024-05-24 09:54:00,23.44,23.44,23.375,23.38,5105.0,BTU
2024-05-24 09:53:00,23.45,23.47,23.44,23.45,2807.0,BTU
2024-05-24 09:52:00,23.44,23.455,23.435,23.455,2956.0,BTU
2024-05-24 09:51:00,23.454,23.46,23.445,23.46,2232.0,BTU
2024-05-24 09:50:00,23.48,23.48,23.45,23.47,5054.0,BTU
2024-05-24 09:49:00,23.49,23.49,23.48,23.48,2440.0,BTU
2024-05-24 09:48:00,23.495,23.5,23.495,23.5,1137.0,BTU
2024-05-24 09:47:00,23.5,23.505,23.485,23.49,2676.0,BTU
2024-05-24 09:46:00,23.505,23.505,23.504,23.504,288.0,BTU
2024-05-24 09:45:00,23.54,23.555,23.51,23.51,5397.0,BTU
2024-05-24 09:44:00,23.59,23.59,23.54,23.545,4372.0,BTU
2024-05-24 09:43:00,23.545,23.58,23.545,23.58,1493.0,BTU
2024-05-24 09:42:00,23.555,23.56,23.52,23.53,5708.0,BTU
2024-05-24 09:41:00,23.485,23.52,23.47,23.52,22748.0,BTU
2024-05-24 09:40:00,23.5,23.52,23.49,23.49,2207.0,BTU
2024-05-24 09:39:00,23.45,23.49,23.45,23.49,2856.0,BTU
2024-05-24 09:38:00,23.44,23.47,23.415,23.45,3546.0,BTU
2024-05-24 09:37:00,23.465,23.48,23.44,23.45,1937.0,BTU
2024-05-24 09:36:00,23.495,23.51,23.47,23.48,2567.0,BTU
2024-05-24 09:35:00,23.47,23.51,23.47,23.51,1028.0,BTU
2024-05-24 09:34:00,23.42,23.44,23.41,23.44,1257.0,BTU
2024-05-24 09:33:00,23.4,23.41,23.4,23.41,1187.0,BTU
2024-05-24 09:32:00,23.485,23.485,23.4,23.425,1843.0,BTU
2024-05-24 09:31:00,23.44,23.49,23.44,23.49,1553.0,BTU
2024-05-24 09:30:00,23.56,23.56,23.475,23.51,7271.0,BTU
2024-05-24 09:29:00,23.46,23.48,23.46,23.48,196.0,BTU
2024-05-24 09:18:00,23.242,23.242,23.242,23.242,246.0,BTU
2024-05-24 09:16:00,23.34,23.34,23.34,23.34,118.0,BTU
2024-05-24 09:13:00,23.34,23.4,23.34,23.34,108.0,BTU
2024-05-24 08:05:00,23.34,23.34,23.34,23.34,12.0,BTU
2024-05-24 08:02:00,23.29,23.29,23.29,23.29,0.0,BTU
2024-05-24 08:01:00,23.38,23.38,23.38,23.38,2.0,BTU
2024-05-23 19:55:00,23.29,23.3,23.29,23.3,12.0,BTU
2024-05-23 19:51:00,23.3,23.3,23.3,23.3,4.0,BTU
2024-05-23 19:28:00,23.3,23.3,23.3,23.3,101.0,BTU
2024-05-23 19:00:00,23.29,23.29,23.29,23.29,195112.0,BTU
2024-05-23 18:38:00,23.3,23.3,23.3,23.3,1.0,BTU
2024-05-23 18:30:00,23.29,23.29,23.29,23.29,195112.0,BTU
2024-05-23 18:15:00,23.3,23.3,23.3,23.3,1.0,BTU
2024-05-23 18:10:00,23.74,23.74,23.74,23.74,942.0,BTU
2024-05-23 18:05:00,23.29,23.29,23.29,23.29,2.0,BTU
2024-05-23 17:45:00,23.35,23.35,23.35,23.35,0.0,BTU
2024-05-23 17:39:00,23.29,23.29,23.29,23.29,188594.0,BTU
2024-05-23 17:25:00,23.29,23.29,23.29,23.29,8.0,BTU
2024-05-23 17:08:00,23.34,23.36,23.34,23.36,96.0,BTU
2024-05-23 16:20:00,23.29,23.29,23.29,23.29,357.0,BTU
2024-05-23 16:10:00,23.29,23.29,23.29,23.29,195112.0,BTU
2024-05-23 16:07:00,23.29,23.29,23.29,23.29,229.0,BTU
2024-05-23 16:06:00,23.252,23.252,23.252,23.252,0.0,BTU
2024-05-23 16:05:00,23.36,23.36,23.36,23.36,1.0,BTU
2024-05-23 16:02:00,23.29,23.29,23.29,23.29,14863.0,BTU
2024-05-23 16:01:00,23.29,23.29,23.29,23.29,5757.0,BTU
2024-05-23 16:00:00,23.29,23.295,23.29,23.29,456976.0,BTU
2024-05-23 15:59:00,23.275,23.315,23.275,23.29,53279.0,BTU
2024-05-23 15:58:00,23.29,23.3,23.27,23.275,33942.0,BTU
2024-05-23 15:57:00,23.285,23.3,23.28,23.29,23315.0,BTU
2024-05-23 15:56:00,23.285,23.29,23.255,23.285,30373.0,BTU
2024-05-23 15:55:00,23.3,23.32,23.28,23.29,30001.0,BTU
2024-05-23 15:54:00,23.255,23.31,23.255,23.305,20782.0,BTU
2024-05-23 15:53:00,23.25,23.255,23.24,23.255,15876.0,BTU
2024-05-23 15:52:00,23.25,23.25,23.231,23.245,13289.0,BTU
2024-05-23 15:51:00,23.23,23.25,23.225,23.245,11909.0,BTU
2024-05-23 15:50:00,23.21,23.23,23.2,23.221,23917.0,BTU
2024-05-23 15:49:00,23.21,23.225,23.21,23.22,8112.0,BTU
2024-05-23 15:48:00,23.2,23.21,23.19,23.21,7514.0,BTU
2024-05-23 15:47:00,23.2,23.205,23.19,23.205,10354.0,BTU
2024-05-23 15:46:00,23.2,23.21,23.191,23.21,10812.0,BTU
2024-05-23 15:45:00,23.195,23.195,23.19,23.195,3411.0,BTU
2024-05-23 15:44:00,23.225,23.23,23.195,23.195,8368.0,BTU
2024-05-23 15:43:00,23.219,23.23,23.21,23.23,4943.0,BTU
2024-05-23 15:42:00,23.205,23.215,23.195,23.215,3666.0,BTU
2024-05-23 15:41:00,23.21,23.22,23.17,23.205,86152.0,BTU
2024-05-23 15:40:00,23.2,23.21,23.2,23.21,9090.0,BTU
2024-05-23 15:39:00,23.185,23.195,23.185,23.195,2311.0,BTU
2024-05-23 15:38:00,23.225,23.225,23.189,23.189,4499.0,BTU
2024-05-23 15:37:00,23.24,23.24,23.22,23.225,1645.0,BTU
2024-05-23 15:36:00,23.265,23.265,23.245,23.245,1795.0,BTU
2024-05-23 15:35:00,23.295,23.299,23.265,23.265,4644.0,BTU
2024-05-23 15:34:00,23.295,23.3,23.28,23.295,6581.0,BTU
2024-05-23 15:33:00,23.295,23.299,23.295,23.295,1393.0,BTU
2024-05-23 15:32:00,23.27,23.295,23.27,23.295,2767.0,BTU
2024-05-23 15:31:00,23.27,23.27,23.255,23.265,3171.0,BTU
2024-05-23 15:30:00,23.29,23.29,23.27,23.275,5700.0,BTU
2024-05-23 15:29:00,23.27,23.289,23.27,23.286,2520.0,BTU
2024-05-23 15:28:00,23.275,23.275,23.264,23.264,3226.0,BTU
2024-05-23 15:27:00,23.275,23.28,23.262,23.28,8354.0,BTU
2024-05-23 15:26:00,23.27,23.28,23.27,23.28,1412.0,BTU
2024-05-23 15:25:00,23.28,23.28,23.275,23.28,1553.0,BTU
2024-05-23 15:24:00,23.275,23.285,23.275,23.28,2624.0,BTU
2024-05-23 15:23:00,23.275,23.275,23.275,23.275,987.0,BTU
2024-05-23 15:22:00,23.275,23.275,23.27,23.27,2569.0,BTU
2024-05-23 15:21:00,23.26,23.28,23.245,23.28,7396.0,BTU
2024-05-23 15:20:00,23.26,23.26,23.255,23.255,3509.0,BTU
2024-05-23 15:19:00,23.26,23.26,23.255,23.255,1360.0,BTU
2024-05-23 15:18:00,23.26,23.26,23.25,23.26,1314.0,BTU
2024-05-23 15:17:00,23.255,23.26,23.255,23.26,1689.0,BTU
2024-05-23 15:16:00,23.25,23.255,23.25,23.255,1362.0,BTU
2024-05-23 15:15:00,23.25,23.255,23.245,23.245,2785.0,BTU
2024-05-23 15:14:00,23.245,23.26,23.245,23.255,4386.0,BTU
2024-05-23 15:13:00,23.245,23.245,23.24,23.24,1344.0,BTU
2024-05-23 15:12:00,23.225,23.245,23.225,23.245,1404.0,BTU
2024-05-23 15:11:00,23.22,23.225,23.215,23.225,2991.0,BTU
2024-05-23 15:10:00,23.23,23.23,23.22,23.225,2935.0,BTU
2024-05-23 15:09:00,23.22,23.23,23.22,23.23,1874.0,BTU
2024-05-23 15:08:00,23.215,23.215,23.215,23.215,492.0,BTU
2024-05-23 15:07:00,23.225,23.225,23.205,23.21,7317.0,BTU
2024-05-23 15:06:00,23.235,23.235,23.225,23.225,903.0,BTU
2024-05-23 15:05:00,23.225,23.24,23.225,23.23,3312.0,BTU
2024-05-23 15:04:00,23.21,23.23,23.205,23.225,1874.0,BTU
2024-05-23 15:03:00,23.195,23.22,23.19,23.205,7943.0,BTU
2024-05-23 15:02:00,23.195,23.195,23.19,23.195,626.0,BTU
2024-05-23 15:01:00,23.16,23.19,23.15,23.18,14065.0,BTU
2024-05-23 15:00:00,23.165,23.17,23.165,23.17,1333.0,BTU
2024-05-23 14:59:00,23.155,23.165,23.155,23.165,4414.0,BTU
2024-05-23 14:58:00,23.16,23.165,23.15,23.15,4295.0,BTU
2024-05-23 14:57:00,23.155,23.165,23.155,23.165,2645.0,BTU
2024-05-23 14:56:00,23.155,23.16,23.15,23.16,1276.0,BTU
2024-05-23 14:55:00,23.145,23.16,23.145,23.16,2183.0,BTU
2024-05-23 14:54:00,23.155,23.155,23.145,23.145,1789.0,BTU
2024-05-23 14:53:00,23.145,23.15,23.145,23.15,2482.0,BTU
2024-05-23 14:52:00,23.155,23.165,23.15,23.15,5390.0,BTU
2024-05-23 14:51:00,23.16,23.16,23.155,23.155,778.0,BTU
2024-05-23 14:50:00,23.175,23.18,23.155,23.155,2618.0,BTU
2024-05-23 14:49:00,23.18,23.18,23.175,23.175,1337.0,BTU
2024-05-23 14:48:00,23.165,23.175,23.165,23.175,2948.0,BTU
2024-05-23 14:47:00,23.145,23.165,23.145,23.165,1520.0,BTU
2024-05-23 14:46:00,23.175,23.185,23.145,23.145,3733.0,BTU
2024-05-23 14:45:00,23.175,23.175,23.175,23.175,1371.0,BTU
2024-05-23 14:44:00,23.16,23.175,23.16,23.175,952.0,BTU
2024-05-23 14:43:00,23.15,23.16,23.14,23.16,3483.0,BTU
2024-05-23 14:42:00,23.15,23.15,23.145,23.145,1969.0,BTU
2024-05-23 14:40:00,23.16,23.165,23.155,23.155,1049.0,BTU
2024-05-23 14:39:00,23.15,23.18,23.145,23.17,4684.0,BTU
2024-05-23 14:38:00,23.15,23.16,23.145,23.155,3225.0,BTU
2024-05-23 14:37:00,23.145,23.155,23.145,23.145,2966.0,BTU
2024-05-23 14:36:00,23.14,23.15,23.14,23.15,2056.0,BTU
2024-05-23 14:35:00,23.14,23.14,23.135,23.135,1144.0,BTU
2024-05-23 14:34:00,23.14,23.145,23.14,23.145,2398.0,BTU
2024-05-23 14:33:00,23.14,23.155,23.14,23.15,2695.0,BTU
2024-05-23 14:32:00,23.135,23.135,23.135,23.135,517.0,BTU
2024-05-23 14:31:00,23.115,23.135,23.115,23.135,5359.0,BTU
2024-05-23 14:30:00,23.13,23.13,23.12,23.12,1090.0,BTU
2024-05-23 14:29:00,23.125,23.145,23.125,23.14,1476.0,BTU
2024-05-23 14:28:00,23.12,23.15,23.12,23.125,6757.0,BTU
2024-05-23 14:27:00,23.14,23.14,23.105,23.115,5638.0,BTU
2024-05-23 14:26:00,23.145,23.145,23.14,23.145,1525.0,BTU
2024-05-23 14:25:00,23.155,23.155,23.145,23.145,2230.0,BTU
2024-05-23 14:24:00,23.155,23.16,23.155,23.16,1711.0,BTU
2024-05-23 14:23:00,23.155,23.16,23.145,23.15,3801.0,BTU
2024-05-23 14:22:00,23.175,23.175,23.155,23.16,3359.0,BTU
2024-05-23 14:21:00,23.16,23.18,23.16,23.18,2036.0,BTU
2024-05-23 14:20:00,23.145,23.155,23.145,23.155,2454.0,BTU
2024-05-23 14:19:00,23.145,23.15,23.14,23.145,4042.0,BTU
2024-05-23 14:18:00,23.15,23.16,23.145,23.145,3526.0,BTU
2024-05-23 14:17:00,23.155,23.16,23.155,23.155,3508.0,BTU
2024-05-23 14:16:00,23.165,23.165,23.155,23.155,3917.0,BTU
2024-05-23 14:15:00,23.145,23.17,23.145,23.165,3692.0,BTU
2024-05-23 14:14:00,23.19,23.19,23.16,23.16,12054.0,BTU
2024-05-23 14:13:00,23.17,23.19,23.17,23.185,7602.0,BTU
2024-05-23 14:12:00,23.16,23.17,23.155,23.17,4931.0,BTU
2024-05-23 14:11:00,23.16,23.18,23.15,23.16,8374.0,BTU
2024-05-23 14:10:00,23.165,23.18,23.165,23.17,2050.0,BTU
2024-05-23 14:09:00,23.15,23.165,23.15,23.165,2901.0,BTU
2024-05-23 14:08:00,23.155,23.165,23.15,23.16,2467.0,BTU
2024-05-23 14:07:00,23.13,23.155,23.125,23.15,7453.0,BTU
2024-05-23 14:06:00,23.14,23.14,23.11,23.125,3935.0,BTU
2024-05-23 14:05:00,23.12,23.14,23.12,23.135,5829.0,BTU
2024-05-23 14:04:00,23.145,23.145,23.125,23.125,3204.0,BTU
2024-05-23 14:03:00,23.145,23.15,23.135,23.15,1927.0,BTU
2024-05-23 14:02:00,23.155,23.155,23.13,23.14,3832.0,BTU
2024-05-23 14:01:00,23.16,23.165,23.155,23.155,1821.0,BTU
2024-05-23 14:00:00,23.175,23.18,23.155,23.16,2981.0,BTU
2024-05-23 13:59:00,23.185,23.195,23.175,23.175,1285.0,BTU
2024-05-23 13:58:00,23.195,23.2,23.18,23.19,3907.0,BTU
2024-05-23 13:57:00,23.17,23.19,23.165,23.19,1788.0,BTU
2024-05-23 13:56:00,23.18,23.18,23.16,23.165,1721.0,BTU
2024-05-23 13:55:00,23.185,23.19,23.165,23.19,4252.0,BTU
2024-05-23 13:54:00,23.205,23.205,23.185,23.185,1431.0,BTU
2024-05-23 13:53:00,23.2,23.205,23.185,23.205,5893.0,BTU
2024-05-23 13:52:00,23.175,23.215,23.175,23.205,4202.0,BTU
2024-05-23 13:51:00,23.19,23.19,23.18,23.18,1813.0,BTU
2024-05-23 13:49:00,23.18,23.19,23.18,23.19,385.0,BTU
2024-05-23 13:48:00,23.18,23.185,23.18,23.185,1487.0,BTU
2024-05-23 13:47:00,23.17,23.18,23.17,23.18,2164.0,BTU
2024-05-23 13:46:00,23.165,23.17,23.165,23.165,571.0,BTU
2024-05-23 13:45:00,23.155,23.16,23.155,23.16,1727.0,BTU
2024-05-23 13:43:00,23.185,23.185,23.13,23.16,4982.0,BTU
2024-05-23 13:42:00,23.17,23.18,23.17,23.18,10690.0,BTU
2024-05-23 13:41:00,23.17,23.175,23.17,23.175,2017.0,BTU
2024-05-23 13:40:00,23.175,23.18,23.175,23.18,1677.0,BTU
2024-05-23 13:39:00,23.18,23.18,23.18,23.18,633.0,BTU
2024-05-23 13:38:00,23.19,23.19,23.18,23.185,3347.0,BTU
2024-05-23 13:37:00,23.19,23.19,23.19,23.19,1392.0,BTU
2024-05-23 13:36:00,23.195,23.195,23.195,23.195,534.0,BTU
2024-05-23 13:35:00,23.195,23.195,23.195,23.195,546.0,BTU
2024-05-23 13:34:00,23.18,23.19,23.18,23.19,3589.0,BTU
2024-05-23 13:33:00,23.18,23.185,23.18,23.185,1328.0,BTU
2024-05-23 13:32:00,23.175,23.175,23.17,23.17,306.0,BTU
2024-05-23 13:31:00,23.195,23.195,23.175,23.175,2275.0,BTU
2024-05-23 13:30:00,23.175,23.2,23.175,23.2,2732.0,BTU
2024-05-23 13:29:00,23.175,23.175,23.174,23.174,357.0,BTU
2024-05-23 13:28:00,23.165,23.18,23.165,23.18,1045.0,BTU
2024-05-23 13:26:00,23.14,23.17,23.14,23.16,1800.0,BTU
2024-05-23 13:25:00,23.145,23.145,23.14,23.145,2643.0,BTU
2024-05-23 13:23:00,23.14,23.14,23.14,23.14,2121.0,BTU
2024-05-23 13:22:00,23.15,23.15,23.14,23.15,1634.0,BTU
2024-05-23 13:21:00,23.15,23.15,23.15,23.15,239.0,BTU
2024-05-23 13:20:00,23.15,23.157,23.15,23.15,1407.0,BTU
2024-05-23 13:19:00,23.18,23.18,23.16,23.16,1002.0,BTU
2024-05-23 13:18:00,23.18,23.195,23.18,23.19,2619.0,BTU
2024-05-23 13:17:00,23.18,23.18,23.18,23.18,120.0,BTU
2024-05-23 13:16:00,23.16,23.17,23.16,23.17,2203.0,BTU
2024-05-23 13:15:00,23.16,23.175,23.16,23.17,2938.0,BTU
2024-05-23 13:14:00,23.16,23.16,23.16,23.16,1014.0,BTU
2024-05-23 13:13:00,23.18,23.18,23.16,23.16,3203.0,BTU
2024-05-23 13:12:00,23.18,23.18,23.174,23.175,1647.0,BTU
2024-05-23 13:10:00,23.19,23.19,23.17,23.17,708.0,BTU
2024-05-23 13:09:00,23.195,23.21,23.195,23.2,1620.0,BTU
2024-05-23 13:08:00,23.175,23.195,23.175,23.195,1323.0,BTU
2024-05-23 13:07:00,23.18,23.18,23.15,23.175,3995.0,BTU
2024-05-23 13:06:00,23.195,23.195,23.19,23.19,1079.0,BTU
2024-05-23 13:05:00,23.21,23.21,23.2,23.205,1570.0,BTU
2024-05-23 13:04:00,23.21,23.21,23.21,23.21,820.0,BTU
2024-05-23 13:03:00,23.205,23.22,23.205,23.21,1695.0,BTU
2024-05-23 13:02:00,23.2,23.2,23.19,23.2,1225.0,BTU
2024-05-23 13:01:00,23.2,23.205,23.2,23.205,1175.0,BTU
2024-05-23 13:00:00,23.185,23.195,23.185,23.195,959.0,BTU
2024-05-23 12:59:00,23.185,23.185,23.185,23.185,632.0,BTU
2024-05-23 12:58:00,23.18,23.18,23.18,23.18,942.0,BTU
2024-05-23 12:57:00,23.18,23.18,23.17,23.17,4595.0,BTU
2024-05-23 12:56:00,23.175,23.175,23.175,23.175,203.0,BTU
2024-05-23 12:55:00,23.18,23.195,23.175,23.175,4742.0,BTU
2024-05-23 12:54:00,23.18,23.18,23.165,23.175,3888.0,BTU
2024-05-23 12:53:00,23.2,23.2,23.18,23.18,1981.0,BTU
2024-05-23 12:51:00,23.22,23.22,23.21,23.21,1526.0,BTU
2024-05-23 12:50:00,23.23,23.23,23.225,23.225,1336.0,BTU
2024-05-23 12:49:00,23.23,23.23,23.22,23.23,2789.0,BTU
2024-05-23 12:48:00,23.24,23.24,23.23,23.23,2021.0,BTU
2024-05-23 12:47:00,23.25,23.25,23.23,23.235,955.0,BTU
2024-05-23 12:46:00,23.28,23.284,23.25,23.25,2870.0,BTU
2024-05-23 12:45:00,23.295,23.3,23.28,23.28,1602.0,BTU
2024-05-23 12:44:00,23.305,23.305,23.3,23.3,272.0,BTU
2024-05-23 12:43:00,23.325,23.325,23.31,23.31,1479.0,BTU
2024-05-23 12:42:00,23.315,23.32,23.315,23.315,2254.0,BTU
2024-05-23 12:41:00,23.32,23.32,23.31,23.31,1192.0,BTU
2024-05-23 12:40:00,23.33,23.33,23.32,23.32,895.0,BTU
2024-05-23 12:39:00,23.365,23.365,23.33,23.33,1610.0,BTU
2024-05-23 12:38:00,23.345,23.36,23.345,23.36,2452.0,BTU
2024-05-23 12:37:00,23.36,23.36,23.345,23.345,1777.0,BTU
2024-05-23 12:36:00,23.335,23.355,23.335,23.355,3017.0,BTU
2024-05-23 12:35:00,23.34,23.34,23.335,23.335,1942.0,BTU
2024-05-23 12:34:00,23.33,23.33,23.33,23.33,521.0,BTU
2024-05-23 12:33:00,23.335,23.335,23.32,23.33,3461.0,BTU
2024-05-23 12:32:00,23.34,23.34,23.32,23.32,5863.0,BTU
2024-05-23 12:31:00,23.335,23.335,23.335,23.335,259.0,BTU
2024-05-23 12:30:00,23.354,23.36,23.34,23.345,3058.0,BTU
2024-05-23 12:29:00,23.335,23.355,23.335,23.355,16198.0,BTU
2024-05-23 12:28:00,23.339,23.339,23.335,23.335,318.0,BTU
2024-05-23 12:27:00,23.33,23.34,23.33,23.34,7492.0,BTU
2024-05-23 12:26:00,23.34,23.34,23.335,23.34,376.0,BTU
2024-05-23 12:25:00,23.32,23.34,23.32,23.34,3369.0,BTU
2024-05-23 12:24:00,23.32,23.34,23.315,23.325,5830.0,BTU
2024-05-23 12:23:00,23.31,23.32,23.31,23.32,429.0,BTU
2024-05-23 12:22:00,23.3,23.32,23.3,23.32,2437.0,BTU
2024-05-23 12:20:00,23.295,23.295,23.291,23.291,825.0,BTU
2024-05-23 12:19:00,23.296,23.296,23.296,23.296,485.0,BTU
2024-05-23 12:18:00,23.29,23.295,23.29,23.295,1207.0,BTU
2024-05-23 12:17:00,23.285,23.287,23.285,23.288,364.0,BTU
2024-05-23 12:16:00,23.29,23.295,23.28,23.28,1175.0,BTU
2024-05-23 12:15:00,23.275,23.29,23.275,23.29,1911.0,BTU
2024-05-23 12:14:00,23.295,23.295,23.27,23.27,2443.0,BTU
2024-05-23 12:13:00,23.285,23.295,23.285,23.295,581.0,BTU
2024-05-23 12:12:00,23.29,23.29,23.27,23.28,2133.0,BTU
2024-05-23 12:11:00,23.31,23.31,23.3,23.3,1140.0,BTU
2024-05-23 12:10:00,23.31,23.315,23.305,23.305,3245.0,BTU
2024-05-23 12:09:00,23.315,23.315,23.305,23.305,5005.0,BTU
2024-05-23 12:08:00,23.315,23.32,23.315,23.315,518.0,BTU
2024-05-23 12:07:00,23.34,23.34,23.33,23.33,437.0,BTU
2024-05-23 12:06:00,23.35,23.35,23.33,23.33,860.0,BTU
2024-05-23 12:05:00,23.345,23.355,23.345,23.355,828.0,BTU
2024-05-23 12:04:00,23.36,23.36,23.35,23.35,718.0,BTU
2024-05-23 12:03:00,23.37,23.37,23.37,23.37,661.0,BTU
2024-05-23 12:02:00,23.372,23.371,23.37,23.37,358.0,BTU
2024-05-23 12:01:00,23.355,23.37,23.355,23.37,761.0,BTU
2024-05-23 12:00:00,23.37,23.37,23.33,23.35,4686.0,BTU
2024-05-23 11:59:00,23.375,23.38,23.37,23.37,4134.0,BTU
2024-05-23 11:58:00,23.375,23.38,23.37,23.37,1564.0,BTU
2024-05-23 11:57:00,23.36,23.38,23.36,23.38,4363.0,BTU
2024-05-23 11:56:00,23.365,23.37,23.365,23.37,513.0,BTU
2024-05-23 11:55:00,23.37,23.38,23.355,23.355,998.0,BTU
2024-05-23 11:54:00,23.37,23.375,23.355,23.37,2250.0,BTU
2024-05-23 11:53:00,23.38,23.38,23.37,23.37,1997.0,BTU
2024-05-23 11:52:00,23.38,23.38,23.38,23.38,102.0,BTU
2024-05-23 11:51:00,23.36,23.38,23.36,23.38,1681.0,BTU
2024-05-23 11:50:00,23.355,23.355,23.335,23.355,1795.0,BTU
2024-05-23 11:49:00,23.35,23.355,23.335,23.355,4837.0,BTU
2024-05-23 11:48:00,23.355,23.355,23.341,23.35,3776.0,BTU
2024-05-23 11:47:00,23.345,23.36,23.345,23.36,907.0,BTU
2024-05-23 11:46:00,23.345,23.355,23.34,23.35,5253.0,BTU
2024-05-23 11:45:00,23.35,23.35,23.35,23.35,576.0,BTU
2024-05-23 11:44:00,23.395,23.395,23.35,23.35,2214.0,BTU
2024-05-23 11:43:00,23.39,23.4,23.39,23.395,2034.0,BTU
2024-05-23 11:42:00,23.435,23.435,23.385,23.4,1629.0,BTU
2024-05-23 11:41:00,23.43,23.43,23.425,23.43,701.0,BTU
2024-05-23 11:40:00,23.44,23.445,23.435,23.435,1310.0,BTU
2024-05-23 11:39:00,23.42,23.445,23.41,23.43,2189.0,BTU
2024-05-23 11:38:00,23.425,23.435,23.425,23.435,1432.0,BTU
2024-05-23 11:37:00,23.42,23.42,23.42,23.42,418.0,BTU
2024-05-23 11:36:00,23.46,23.46,23.42,23.43,1931.0,BTU
2024-05-23 11:35:00,23.47,23.47,23.47,23.47,598.0,BTU
2024-05-23 11:34:00,23.47,23.47,23.47,23.47,556.0,BTU
2024-05-23 11:33:00,23.47,23.47,23.46,23.46,365.0,BTU
2024-05-23 11:32:00,23.46,23.46,23.455,23.46,1258.0,BTU
2024-05-23 11:31:00,23.465,23.465,23.455,23.455,603.0,BTU
2024-05-23 11:30:00,23.51,23.51,23.49,23.49,980.0,BTU
2024-05-23 11:29:00,23.5,23.51,23.5,23.51,2229.0,BTU
2024-05-23 11:28:00,23.48,23.49,23.475,23.49,1589.0,BTU
2024-05-23 11:27:00,23.521,23.521,23.48,23.48,2033.0,BTU
2024-05-23 11:26:00,23.51,23.54,23.51,23.535,3770.0,BTU
2024-05-23 11:25:00,23.5,23.51,23.5,23.51,2089.0,BTU
2024-05-23 11:24:00,23.51,23.51,23.5,23.5,897.0,BTU
2024-05-23 11:23:00,23.47,23.51,23.47,23.51,3235.0,BTU
2024-05-23 11:22:00,23.47,23.49,23.46,23.47,3902.0,BTU
2024-05-23 11:21:00,23.455,23.48,23.455,23.465,2480.0,BTU
2024-05-23 11:20:00,23.43,23.46,23.425,23.45,6904.0,BTU
2024-05-23 11:19:00,23.4,23.41,23.39,23.41,2537.0,BTU
2024-05-23 11:18:00,23.36,23.4,23.36,23.4,3210.0,BTU
2024-05-23 11:17:00,23.36,23.37,23.36,23.36,559.0,BTU
2024-05-23 11:16:00,23.39,23.39,23.36,23.36,5192.0,BTU
2024-05-23 11:15:00,23.405,23.43,23.34,23.38,70598.0,BTU
2024-05-23 11:14:00,23.42,23.42,23.4,23.4,3618.0,BTU
2024-05-23 11:13:00,23.4,23.43,23.39,23.43,17133.0,BTU
2024-05-23 11:12:00,23.45,23.45,23.36,23.4,29956.0,BTU
2024-05-23 11:11:00,23.45,23.46,23.45,23.455,1627.0,BTU
2024-05-23 11:10:00,23.495,23.495,23.45,23.46,4483.0,BTU
2024-05-23 11:09:00,23.5,23.5,23.485,23.485,1800.0,BTU
2024-05-23 11:08:00,23.495,23.5,23.49,23.495,2041.0,BTU
2024-05-23 11:07:00,23.495,23.5,23.49,23.495,1439.0,BTU
2024-05-23 11:06:00,23.475,23.51,23.475,23.5,5909.0,BTU
2024-05-23 11:05:00,23.465,23.49,23.46,23.48,5288.0,BTU
2024-05-23 11:04:00,23.45,23.47,23.45,23.46,6972.0,BTU
2024-05-23 11:03:00,23.41,23.46,23.41,23.455,13039.0,BTU
2024-05-23 11:02:00,23.41,23.415,23.41,23.415,340.0,BTU
2024-05-23 11:01:00,23.445,23.45,23.41,23.41,5289.0,BTU
2024-05-23 11:00:00,23.425,23.43,23.415,23.43,3566.0,BTU
2024-05-23 10:59:00,23.425,23.43,23.415,23.415,2809.0,BTU
2024-05-23 10:58:00,23.42,23.44,23.42,23.425,4677.0,BTU
2024-05-23 10:57:00,23.43,23.43,23.415,23.415,3053.0,BTU
2024-05-23 10:56:00,23.404,23.43,23.4,23.43,6395.0,BTU
2024-05-23 10:55:00,23.39,23.4,23.385,23.4,3251.0,BTU
2024-05-23 10:54:00,23.39,23.39,23.385,23.385,1052.0,BTU
2024-05-23 10:53:00,23.41,23.41,23.395,23.395,1302.0,BTU
2024-05-23 10:52:00,23.415,23.44,23.415,23.415,4843.0,BTU
2024-05-23 10:51:00,23.415,23.42,23.415,23.42,1745.0,BTU
2024-05-23 10:50:00,23.395,23.42,23.395,23.42,1760.0,BTU
2024-05-23 10:49:00,23.38,23.4,23.38,23.4,1109.0,BTU
2024-05-23 10:48:00,23.36,23.385,23.36,23.385,2800.0,BTU
2024-05-23 10:47:00,23.35,23.38,23.345,23.35,12432.0,BTU
2024-05-23 10:46:00,23.359,23.36,23.34,23.345,8989.0,BTU
2024-05-23 10:45:00,23.35,23.36,23.35,23.36,2955.0,BTU
2024-05-23 10:44:00,23.345,23.345,23.345,23.345,563.0,BTU
2024-05-23 10:43:00,23.36,23.37,23.35,23.35,12000.0,BTU
2024-05-23 10:42:00,23.385,23.385,23.36,23.36,2283.0,BTU
2024-05-23 10:41:00,23.4,23.4,23.375,23.38,2713.0,BTU
2024-05-23 10:40:00,23.39,23.4,23.375,23.395,5967.0,BTU
2024-05-23 10:39:00,23.395,23.4,23.38,23.39,2160.0,BTU
2024-05-23 10:38:00,23.4,23.4,23.395,23.395,3154.0,BTU
2024-05-23 10:37:00,23.38,23.4,23.38,23.4,5933.0,BTU
2024-05-23 10:36:00,23.38,23.39,23.38,23.385,1741.0,BTU
2024-05-23 10:35:00,23.36,23.4,23.35,23.38,8969.0,BTU
2024-05-23 10:34:00,23.36,23.36,23.35,23.36,5983.0,BTU
2024-05-23 10:33:00,23.34,23.37,23.33,23.37,10166.0,BTU
2024-05-23 10:32:00,23.39,23.395,23.36,23.36,3612.0,BTU
2024-05-23 10:31:00,23.43,23.43,23.395,23.395,7114.0,BTU
2024-05-23 10:30:00,23.44,23.46,23.43,23.43,4399.0,BTU
2024-05-23 10:29:00,23.452,23.452,23.415,23.43,5730.0,BTU
2024-05-23 10:28:00,23.43,23.45,23.43,23.45,2297.0,BTU
2024-05-23 10:27:00,23.46,23.46,23.44,23.44,1456.0,BTU
2024-05-23 10:26:00,23.47,23.49,23.47,23.47,1575.0,BTU
2024-05-23 10:25:00,23.46,23.49,23.46,23.49,3026.0,BTU
2024-05-23 10:24:00,23.44,23.48,23.435,23.46,8021.0,BTU
2024-05-23 10:23:00,23.41,23.435,23.41,23.42,14101.0,BTU
2024-05-23 10:22:00,23.39,23.41,23.39,23.41,4660.0,BTU
2024-05-23 10:21:00,23.4,23.405,23.38,23.39,2007.0,BTU
2024-05-23 10:20:00,23.42,23.43,23.395,23.395,20759.0,BTU
2024-05-23 10:19:00,23.375,23.41,23.37,23.41,8061.0,BTU
2024-05-23 10:18:00,23.38,23.38,23.375,23.375,1844.0,BTU
2024-05-23 10:17:00,23.36,23.37,23.35,23.37,2191.0,BTU
2024-05-23 10:16:00,23.325,23.36,23.31,23.36,5155.0,BTU
2024-05-23 10:15:00,23.33,23.33,23.315,23.32,1278.0,BTU
2024-05-23 10:14:00,23.3,23.32,23.3,23.32,2352.0,BTU
2024-05-23 10:13:00,23.31,23.32,23.305,23.305,1472.0,BTU
2024-05-23 10:12:00,23.29,23.31,23.29,23.31,10644.0,BTU
2024-05-23 10:11:00,23.288,23.33,23.288,23.31,8782.0,BTU
2024-05-23 10:10:00,23.32,23.32,23.27,23.28,3425.0,BTU
2024-05-23 10:09:00,23.33,23.33,23.32,23.33,2456.0,BTU
2024-05-23 10:08:00,23.355,23.355,23.32,23.33,14871.0,BTU
2024-05-23 10:07:00,23.37,23.375,23.355,23.355,1578.0,BTU
2024-05-23 10:06:00,23.385,23.39,23.35,23.375,5074.0,BTU
2024-05-23 10:05:00,23.415,23.415,23.38,23.38,2759.0,BTU
2024-05-23 10:04:00,23.41,23.41,23.4,23.41,1735.0,BTU
2024-05-23 10:03:00,23.405,23.41,23.38,23.41,2311.0,BTU
2024-05-23 10:02:00,23.4,23.405,23.4,23.405,731.0,BTU
2024-05-23 10:01:00,23.43,23.43,23.41,23.41,2569.0,BTU
2024-05-23 10:00:00,23.48,23.48,23.419,23.43,5286.0,BTU
2024-05-23 09:59:00,23.473,23.48,23.45,23.45,1762.0,BTU
2024-05-23 09:58:00,23.475,23.48,23.45,23.465,12688.0,BTU
2024-05-23 09:57:00,23.44,23.49,23.42,23.48,8186.0,BTU
2024-05-23 09:56:00,23.41,23.44,23.41,23.44,8688.0,BTU
2024-05-23 09:55:00,23.395,23.42,23.395,23.415,2051.0,BTU
2024-05-23 09:54:00,23.43,23.43,23.4,23.4,8348.0,BTU
2024-05-23 09:53:00,23.46,23.46,23.43,23.44,8709.0,BTU
2024-05-23 09:52:00,23.465,23.47,23.465,23.47,775.0,BTU
2024-05-23 09:51:00,23.45,23.485,23.435,23.47,3533.0,BTU
2024-05-23 09:50:00,23.435,23.45,23.431,23.45,2645.0,BTU
2024-05-23 09:49:00,23.43,23.44,23.41,23.43,1866.0,BTU
2024-05-23 09:48:00,23.43,23.445,23.43,23.44,2458.0,BTU
2024-05-23 09:47:00,23.47,23.47,23.44,23.44,3754.0,BTU
2024-05-23 09:46:00,23.49,23.495,23.48,23.48,1216.0,BTU
2024-05-23 09:45:00,23.51,23.51,23.36,23.49,4134.0,BTU
2024-05-23 09:44:00,23.5,23.5,23.5,23.5,549.0,BTU
2024-05-23 09:43:00,23.5,23.51,23.48,23.51,4811.0,BTU
2024-05-23 09:42:00,23.4,23.47,23.4,23.47,2849.0,BTU
2024-05-23 09:41:00,23.4,23.43,23.385,23.42,4427.0,BTU
2024-05-23 09:40:00,23.38,23.4,23.365,23.4,2563.0,BTU
2024-05-23 09:39:00,23.39,23.42,23.39,23.39,10083.0,BTU
2024-05-23 09:38:00,23.513,23.513,23.37,23.37,5378.0,BTU
2024-05-23 09:37:00,23.54,23.54,23.5,23.5,1548.0,BTU
2024-05-23 09:36:00,23.61,23.61,23.55,23.56,2831.0,BTU
2024-05-23 09:35:00,23.605,23.605,23.605,23.605,159.0,BTU
2024-05-23 09:34:00,23.71,23.71,23.63,23.63,2538.0,BTU
2024-05-23 09:33:00,23.685,23.685,23.685,23.685,809.0,BTU
2024-05-23 09:32:00,23.65,23.69,23.65,23.69,821.0,BTU
2024-05-23 09:31:00,23.535,23.66,23.535,23.66,2300.0,BTU
2024-05-23 09:30:00,23.55,23.55,23.485,23.485,12729.0,BTU
2024-05-23 09:29:00,23.62,23.62,23.57,23.57,14.0,BTU
2024-05-23 09:28:00,23.62,23.62,23.62,23.62,1.0,BTU
2024-05-23 08:08:00,23.57,23.57,23.57,23.57,47.0,BTU
2024-05-23 08:07:00,23.57,23.57,23.57,23.57,0.0,BTU
2024-05-23 08:00:00,23.37,23.37,23.37,23.37,2.0,BTU
2024-05-22 19:40:00,23.61,23.61,23.61,23.61,24.0,BTU
2024-05-22 19:00:00,23.62,23.62,23.62,23.62,181042.0,BTU
2024-05-22 18:30:00,23.62,23.62,23.62,23.62,181042.0,BTU
2024-05-22 18:11:00,23.61,23.61,23.61,23.61,2.0,BTU
2024-05-22 17:48:00,23.11,23.11,23.11,23.11,0.0,BTU
2024-05-22 17:42:00,23.62,23.62,23.62,23.62,0.0,BTU
2024-05-22 17:18:00,23.57,23.58,23.57,23.58,12.0,BTU
2024-05-22 17:06:00,23.62,23.62,23.62,23.62,2790.0,BTU
2024-05-22 16:41:00,23.58,23.58,23.58,23.58,0.0,BTU
2024-05-22 16:20:00,23.62,23.62,23.62,23.62,17.0,BTU
2024-05-22 16:10:00,23.62,23.62,23.62,23.62,181042.0,BTU
2024-05-22 16:03:00,23.62,23.62,23.62,23.62,14433.0,BTU
2024-05-22 16:02:00,23.6,23.62,23.6,23.62,2698.0,BTU
2024-05-22 16:01:00,23.62,23.62,23.62,23.62,12040.0,BTU
2024-05-22 16:00:00,23.61,23.62,23.61,23.62,383828.0,BTU
2024-05-22 15:59:00,23.64,23.65,23.6,23.61,58974.0,BTU
2024-05-22 15:58:00,23.63,23.67,23.625,23.635,52435.0,BTU
2024-05-22 15:57:00,23.645,23.65,23.63,23.635,28347.0,BTU
2024-05-22 15:56:00,23.625,23.66,23.625,23.64,27053.0,BTU
2024-05-22 15:55:00,23.7,23.7,23.6,23.625,34908.0,BTU
2024-05-22 15:54:00,23.685,23.71,23.685,23.695,21129.0,BTU
2024-05-22 15:53:00,23.64,23.69,23.635,23.69,20935.0,BTU
2024-05-22 15:52:00,23.63,23.65,23.63,23.64,12672.0,BTU
2024-05-22 15:51:00,23.635,23.64,23.63,23.63,10683.0,BTU
2024-05-22 15:50:00,23.64,23.65,23.635,23.635,19432.0,BTU
2024-05-22 15:49:00,23.63,23.64,23.625,23.64,4688.0,BTU
2024-05-22 15:48:00,23.625,23.65,23.625,23.625,12675.0,BTU
2024-05-22 15:47:00,23.635,23.64,23.62,23.625,11936.0,BTU
2024-05-22 15:46:00,23.645,23.65,23.635,23.635,3764.0,BTU
2024-05-22 15:45:00,23.675,23.68,23.645,23.645,6819.0,BTU
2024-05-22 15:44:00,23.67,23.675,23.66,23.665,9216.0,BTU
2024-05-22 15:43:00,23.685,23.69,23.67,23.67,11720.0,BTU
2024-05-22 15:42:00,23.685,23.69,23.68,23.685,5248.0,BTU
2024-05-22 15:41:00,23.665,23.69,23.665,23.69,3708.0,BTU
2024-05-22 15:40:00,23.66,23.67,23.653,23.665,3899.0,BTU
2024-05-22 15:39:00,23.665,23.665,23.655,23.655,3942.0,BTU
2024-05-22 15:38:00,23.68,23.68,23.665,23.67,4968.0,BTU
2024-05-22 15:37:00,23.66,23.68,23.66,23.68,5024.0,BTU
2024-05-22 15:36:00,23.67,23.68,23.665,23.67,3437.0,BTU
2024-05-22 15:35:00,23.655,23.67,23.655,23.67,4909.0,BTU
2024-05-22 15:34:00,23.62,23.65,23.62,23.65,10396.0,BTU
2024-05-22 15:33:00,23.635,23.64,23.63,23.63,2288.0,BTU
2024-05-22 15:32:00,23.61,23.64,23.605,23.63,6846.0,BTU
2024-05-22 15:31:00,23.609,23.61,23.605,23.605,1911.0,BTU
2024-05-22 15:30:00,23.58,23.605,23.575,23.605,4116.0,BTU
2024-05-22 15:29:00,23.565,23.58,23.56,23.575,4166.0,BTU
2024-05-22 15:28:00,23.58,23.59,23.57,23.58,8241.0,BTU
2024-05-22 15:27:00,23.575,23.58,23.575,23.58,1672.0,BTU
2024-05-22 15:26:00,23.57,23.58,23.57,23.575,1638.0,BTU
2024-05-22 15:25:00,23.57,23.57,23.565,23.57,983.0,BTU
2024-05-22 15:24:00,23.56,23.57,23.56,23.57,3335.0,BTU
2024-05-22 15:23:00,23.57,23.575,23.545,23.545,4266.0,BTU
2024-05-22 15:22:00,23.57,23.57,23.57,23.57,984.0,BTU
2024-05-22 15:21:00,23.57,23.57,23.56,23.57,1354.0,BTU
2024-05-22 15:20:00,23.595,23.61,23.57,23.57,3962.0,BTU
2024-05-22 15:19:00,23.61,23.61,23.58,23.595,9398.0,BTU
2024-05-22 15:18:00,23.615,23.62,23.61,23.615,1094.0,BTU
2024-05-22 15:17:00,23.62,23.62,23.613,23.615,4873.0,BTU
2024-05-22 15:16:00,23.595,23.62,23.595,23.62,4858.0,BTU
2024-05-22 15:15:00,23.585,23.595,23.58,23.595,1915.0,BTU
2024-05-22 15:14:00,23.58,23.595,23.57,23.585,5624.0,BTU
2024-05-22 15:13:00,23.57,23.58,23.57,23.58,1047.0,BTU
2024-05-22 15:12:00,23.575,23.575,23.57,23.575,1684.0,BTU
2024-05-22 15:11:00,23.57,23.58,23.565,23.57,4005.0,BTU
2024-05-22 15:10:00,23.575,23.58,23.57,23.58,2867.0,BTU
2024-05-22 15:09:00,23.575,23.58,23.57,23.58,2705.0,BTU
2024-05-22 15:08:00,23.565,23.57,23.565,23.57,992.0,BTU
2024-05-22 15:07:00,23.535,23.57,23.535,23.56,6408.0,BTU
2024-05-22 15:06:00,23.54,23.54,23.535,23.54,1843.0,BTU
2024-05-22 15:05:00,23.52,23.54,23.52,23.54,1991.0,BTU
2024-05-22 15:04:00,23.51,23.52,23.51,23.52,2165.0,BTU
2024-05-22 15:03:00,23.495,23.51,23.495,23.505,2427.0,BTU
2024-05-22 15:02:00,23.48,23.5,23.48,23.5,812.0,BTU
2024-05-22 15:01:00,23.46,23.48,23.45,23.48,4089.0,BTU
2024-05-22 15:00:00,23.51,23.52,23.45,23.46,13006.0,BTU
2024-05-22 14:59:00,23.52,23.53,23.51,23.515,3259.0,BTU
2024-05-22 14:58:00,23.495,23.51,23.495,23.51,1010.0,BTU
2024-05-22 14:57:00,23.47,23.5,23.46,23.48,34708.0,BTU
2024-05-22 14:56:00,23.495,23.495,23.47,23.48,13501.0,BTU
2024-05-22 14:55:00,23.47,23.5,23.46,23.49,7634.0,BTU
2024-05-22 14:54:00,23.46,23.48,23.44,23.48,7680.0,BTU
2024-05-22 14:53:00,23.48,23.48,23.47,23.47,1250.0,BTU
2024-05-22 14:52:00,23.475,23.475,23.465,23.47,1434.0,BTU
2024-05-22 14:51:00,23.525,23.525,23.465,23.47,7723.0,BTU
2024-05-22 14:50:00,23.525,23.525,23.521,23.525,2345.0,BTU
2024-05-22 14:49:00,23.525,23.54,23.525,23.53,4075.0,BTU
2024-05-22 14:48:00,23.53,23.545,23.52,23.53,4353.0,BTU
2024-05-22 14:47:00,23.52,23.55,23.52,23.53,26101.0,BTU
2024-05-22 14:46:00,23.505,23.53,23.49,23.525,10793.0,BTU
2024-05-22 14:45:00,23.535,23.54,23.495,23.514,14486.0,BTU
2024-05-22 14:44:00,23.53,23.54,23.53,23.54,1985.0,BTU
2024-05-22 14:43:00,23.535,23.545,23.535,23.535,2013.0,BTU
2024-05-22 14:42:00,23.53,23.535,23.53,23.535,1785.0,BTU
2024-05-22 14:41:00,23.55,23.56,23.525,23.525,4052.0,BTU
2024-05-22 14:40:00,23.555,23.56,23.555,23.555,832.0,BTU
2024-05-22 14:39:00,23.565,23.565,23.555,23.555,1839.0,BTU
2024-05-22 14:38:00,23.56,23.571,23.555,23.565,4830.0,BTU
2024-05-22 14:37:00,23.565,23.565,23.565,23.565,315.0,BTU
2024-05-22 14:36:00,23.58,23.585,23.565,23.565,4451.0,BTU
2024-05-22 14:35:00,23.57,23.585,23.57,23.585,2397.0,BTU
2024-05-22 14:34:00,23.585,23.59,23.575,23.575,1481.0,BTU
2024-05-22 14:33:00,23.58,23.58,23.575,23.58,3093.0,BTU
2024-05-22 14:32:00,23.6,23.6,23.58,23.585,2839.0,BTU
2024-05-22 14:31:00,23.6,23.61,23.595,23.595,2393.0,BTU
2024-05-22 14:30:00,23.59,23.6,23.585,23.6,969.0,BTU
2024-05-22 14:29:00,23.61,23.62,23.6,23.6,3420.0,BTU
2024-05-22 14:28:00,23.61,23.61,23.605,23.605,675.0,BTU
2024-05-22 14:27:00,23.61,23.63,23.61,23.61,2961.0,BTU
2024-05-22 14:26:00,23.635,23.64,23.605,23.605,3893.0,BTU
2024-05-22 14:25:00,23.635,23.64,23.63,23.635,10051.0,BTU
2024-05-22 14:24:00,23.64,23.65,23.64,23.65,764.0,BTU
2024-05-22 14:23:00,23.635,23.645,23.63,23.64,3151.0,BTU
2024-05-22 14:22:00,23.61,23.635,23.6,23.635,8659.0,BTU
2024-05-22 14:21:00,23.62,23.625,23.61,23.61,3017.0,BTU
2024-05-22 14:20:00,23.64,23.64,23.62,23.625,4029.0,BTU
2024-05-22 14:19:00,23.65,23.655,23.64,23.64,3357.0,BTU
2024-05-22 14:18:00,23.665,23.665,23.655,23.655,1782.0,BTU
2024-05-22 14:17:00,23.67,23.68,23.66,23.665,1685.0,BTU
2024-05-22 14:16:00,23.68,23.68,23.665,23.67,1671.0,BTU
2024-05-22 14:15:00,23.68,23.685,23.675,23.675,906.0,BTU
2024-05-22 14:14:00,23.665,23.68,23.665,23.68,1690.0,BTU
2024-05-22 14:13:00,23.66,23.665,23.66,23.665,635.0,BTU
2024-05-22 14:12:00,23.675,23.675,23.66,23.66,3563.0,BTU
2024-05-22 14:11:00,23.69,23.69,23.675,23.675,2142.0,BTU
2024-05-22 14:10:00,23.7,23.7,23.69,23.69,1416.0,BTU
2024-05-22 14:09:00,23.72,23.72,23.7,23.7,2705.0,BTU
2024-05-22 14:08:00,23.72,23.72,23.715,23.715,1806.0,BTU
2024-05-22 14:07:00,23.72,23.72,23.715,23.72,370.0,BTU
2024-05-22 14:06:00,23.715,23.715,23.71,23.715,344.0,BTU
2024-05-22 14:05:00,23.72,23.725,23.715,23.715,1313.0,BTU
2024-05-22 14:04:00,23.68,23.72,23.68,23.72,3632.0,BTU
2024-05-22 14:03:00,23.67,23.68,23.66,23.662,6718.0,BTU
2024-05-22 14:02:00,23.705,23.72,23.67,23.675,6290.0,BTU
2024-05-22 14:01:00,23.71,23.72,23.71,23.72,321.0,BTU
2024-05-22 14:00:00,23.72,23.73,23.68,23.715,6713.0,BTU
2024-05-22 13:59:00,23.7,23.73,23.7,23.73,3276.0,BTU
2024-05-22 13:58:00,23.7,23.7,23.69,23.698,1532.0,BTU
2024-05-22 13:57:00,23.7,23.7,23.695,23.695,1466.0,BTU
2024-05-22 13:56:00,23.695,23.7,23.695,23.7,551.0,BTU
2024-05-22 13:54:00,23.695,23.695,23.695,23.695,789.0,BTU
2024-05-22 13:53:00,23.705,23.715,23.695,23.695,3181.0,BTU
2024-05-22 13:52:00,23.715,23.715,23.7,23.705,1497.0,BTU
2024-05-22 13:51:00,23.715,23.716,23.715,23.716,438.0,BTU
2024-05-22 13:50:00,23.72,23.72,23.712,23.712,1559.0,BTU
2024-05-22 13:49:00,23.73,23.74,23.72,23.725,5115.0,BTU
2024-05-22 13:48:00,23.72,23.73,23.715,23.725,1595.0,BTU
2024-05-22 13:47:00,23.71,23.71,23.71,23.71,913.0,BTU
2024-05-22 13:46:00,23.711,23.72,23.711,23.715,1537.0,BTU
2024-05-22 13:45:00,23.715,23.725,23.715,23.715,1730.0,BTU
2024-05-22 13:44:00,23.72,23.73,23.71,23.715,3658.0,BTU
2024-05-22 13:43:00,23.725,23.73,23.725,23.73,733.0,BTU
2024-05-22 13:42:00,23.725,23.725,23.72,23.72,257.0,BTU
2024-05-22 13:41:00,23.725,23.725,23.72,23.725,1399.0,BTU
2024-05-22 13:40:00,23.715,23.725,23.715,23.725,1461.0,BTU
2024-05-22 13:39:00,23.715,23.725,23.715,23.715,2043.0,BTU
2024-05-22 13:38:00,23.695,23.715,23.691,23.715,2578.0,BTU
2024-05-22 13:37:00,23.7,23.72,23.7,23.7,5483.0,BTU
2024-05-22 13:36:00,23.71,23.71,23.7,23.705,1391.0,BTU
2024-05-22 13:35:00,23.73,23.73,23.715,23.72,2462.0,BTU
2024-05-22 13:34:00,23.735,23.75,23.73,23.73,1833.0,BTU
2024-05-22 13:33:00,23.735,23.735,23.735,23.735,208.0,BTU
2024-05-22 13:32:00,23.737,23.745,23.737,23.74,692.0,BTU
2024-05-22 13:31:00,23.75,23.75,23.74,23.745,1976.0,BTU
2024-05-22 13:30:00,23.75,23.759,23.75,23.755,1359.0,BTU
2024-05-22 13:29:00,23.735,23.745,23.73,23.745,1386.0,BTU
2024-05-22 13:28:00,23.74,23.77,23.725,23.74,13011.0,BTU
2024-05-22 13:27:00,23.78,23.78,23.75,23.75,6123.0,BTU
2024-05-22 13:26:00,23.77,23.77,23.77,23.77,1906.0,BTU
2024-05-22 13:25:00,23.77,23.775,23.77,23.775,1054.0,BTU
2024-05-22 13:24:00,23.79,23.795,23.775,23.775,2251.0,BTU
2024-05-22 13:23:00,23.8,23.8,23.795,23.795,418.0,BTU
2024-05-22 13:22:00,23.795,23.795,23.795,23.795,331.0,BTU
2024-05-22 13:21:00,23.795,23.795,23.79,23.79,307.0,BTU
2024-05-22 13:20:00,23.8,23.8,23.8,23.8,203.0,BTU
2024-05-22 13:19:00,23.8,23.8,23.795,23.8,646.0,BTU
2024-05-22 13:18:00,23.79,23.8,23.79,23.795,1829.0,BTU
2024-05-22 13:17:00,23.795,23.795,23.795,23.795,479.0,BTU
2024-05-22 13:16:00,23.805,23.805,23.805,23.805,498.0,BTU
2024-05-22 13:15:00,23.79,23.805,23.79,23.805,2407.0,BTU
2024-05-22 13:14:00,23.8,23.8,23.765,23.78,6365.0,BTU
2024-05-22 13:13:00,23.8,23.8,23.795,23.795,722.0,BTU
2024-05-22 13:12:00,23.795,23.8,23.795,23.8,899.0,BTU
2024-05-22 13:11:00,23.795,23.8,23.795,23.8,1262.0,BTU
2024-05-22 13:10:00,23.795,23.8,23.795,23.8,1635.0,BTU
2024-05-22 13:09:00,23.8,23.8,23.795,23.8,1236.0,BTU
2024-05-22 13:08:00,23.795,23.8,23.795,23.795,510.0,BTU
2024-05-22 13:07:00,23.8,23.805,23.795,23.795,1269.0,BTU
2024-05-22 13:06:00,23.8,23.8,23.795,23.795,959.0,BTU
2024-05-22 13:05:00,23.79,23.795,23.79,23.795,1255.0,BTU
2024-05-22 13:04:00,23.79,23.795,23.785,23.785,1668.0,BTU
2024-05-22 13:03:00,23.77,23.79,23.77,23.789,2356.0,BTU
2024-05-22 13:02:00,23.77,23.775,23.76,23.765,3074.0,BTU
2024-05-22 13:01:00,23.765,23.77,23.765,23.77,966.0,BTU
2024-05-22 13:00:00,23.77,23.775,23.761,23.77,1053.0,BTU
2024-05-22 12:59:00,23.805,23.805,23.78,23.78,3945.0,BTU
2024-05-22 12:58:00,23.81,23.81,23.8,23.81,1560.0,BTU
2024-05-22 12:57:00,23.805,23.81,23.805,23.81,1038.0,BTU
2024-05-22 12:56:00,23.795,23.8,23.79,23.8,1082.0,BTU
2024-05-22 12:55:00,23.79,23.795,23.79,23.795,778.0,BTU
2024-05-22 12:54:00,23.8,23.8,23.79,23.79,1065.0,BTU
2024-05-22 12:53:00,23.795,23.795,23.785,23.79,1348.0,BTU
2024-05-22 12:52:00,23.785,23.79,23.785,23.79,696.0,BTU
2024-05-22 12:51:00,23.785,23.785,23.775,23.78,1477.0,BTU
2024-05-22 12:50:00,23.795,23.8,23.795,23.795,2033.0,BTU
2024-05-22 12:49:00,23.815,23.815,23.79,23.79,2730.0,BTU
2024-05-22 12:48:00,23.815,23.82,23.815,23.82,398.0,BTU
2024-05-22 12:47:00,23.79,23.815,23.785,23.815,1966.0,BTU
2024-05-22 12:46:00,23.79,23.8,23.78,23.79,7886.0,BTU
2024-05-22 12:45:00,23.785,23.785,23.785,23.785,1184.0,BTU
2024-05-22 12:44:00,23.785,23.79,23.785,23.79,1934.0,BTU
2024-05-22 12:43:00,23.78,23.781,23.78,23.78,438.0,BTU
2024-05-22 12:42:00,23.78,23.79,23.78,23.781,734.0,BTU
2024-05-22 12:41:00,23.799,23.799,23.78,23.78,2925.0,BTU
2024-05-22 12:40:00,23.78,23.795,23.78,23.795,1240.0,BTU
2024-05-22 12:39:00,23.79,23.79,23.78,23.785,3181.0,BTU
2024-05-22 12:38:00,23.785,23.785,23.785,23.785,102.0,BTU
2024-05-22 12:37:00,23.775,23.785,23.775,23.785,940.0,BTU
2024-05-22 12:36:00,23.77,23.78,23.77,23.78,1187.0,BTU
2024-05-22 12:35:00,23.75,23.77,23.75,23.765,3641.0,BTU
2024-05-22 12:34:00,23.741,23.741,23.74,23.741,1823.0,BTU
2024-05-22 12:33:00,23.745,23.745,23.735,23.741,2497.0,BTU
2024-05-22 12:32:00,23.745,23.745,23.745,23.745,1024.0,BTU
2024-05-22 12:31:00,23.74,23.745,23.73,23.745,5392.0,BTU
2024-05-22 12:30:00,23.74,23.75,23.74,23.745,1441.0,BTU
2024-05-22 12:29:00,23.74,23.74,23.735,23.735,1825.0,BTU
2024-05-22 12:28:00,23.73,23.745,23.72,23.745,5686.0,BTU
2024-05-22 12:27:00,23.72,23.725,23.72,23.725,527.0,BTU
2024-05-22 12:26:00,23.725,23.725,23.72,23.721,954.0,BTU
2024-05-22 12:25:00,23.72,23.72,23.72,23.72,298.0,BTU
2024-05-22 12:24:00,23.73,23.73,23.725,23.725,1749.0,BTU
2024-05-22 12:23:00,23.73,23.74,23.73,23.73,1691.0,BTU
2024-05-22 12:22:00,23.725,23.725,23.715,23.725,1340.0,BTU
2024-05-22 12:21:00,23.7,23.73,23.7,23.72,3204.0,BTU
2024-05-22 12:20:00,23.7,23.71,23.7,23.71,1779.0,BTU
2024-05-22 12:19:00,23.695,23.7,23.695,23.7,1162.0,BTU
2024-05-22 12:18:00,23.715,23.715,23.7,23.7,2988.0,BTU
2024-05-22 12:17:00,23.7,23.72,23.7,23.715,2156.0,BTU
2024-05-22 12:16:00,23.705,23.705,23.7,23.7,791.0,BTU
2024-05-22 12:15:00,23.7,23.71,23.7,23.71,753.0,BTU
2024-05-22 12:14:00,23.7,23.715,23.69,23.7,2812.0,BTU
2024-05-22 12:13:00,23.71,23.72,23.695,23.695,3129.0,BTU
2024-05-22 12:12:00,23.71,23.715,23.71,23.71,1228.0,BTU
2024-05-22 12:11:00,23.7,23.7,23.695,23.7,1207.0,BTU
2024-05-22 12:10:00,23.7,23.705,23.695,23.705,2012.0,BTU
2024-05-22 12:09:00,23.66,23.685,23.66,23.685,3356.0,BTU
2024-05-22 12:08:00,23.65,23.655,23.65,23.655,726.0,BTU
2024-05-22 12:07:00,23.655,23.66,23.65,23.65,1653.0,BTU
2024-05-22 12:06:00,23.655,23.655,23.653,23.655,353.0,BTU
2024-05-22 12:05:00,23.655,23.66,23.655,23.66,583.0,BTU
2024-05-22 12:04:00,23.66,23.67,23.65,23.66,2240.0,BTU
2024-05-22 12:03:00,23.655,23.66,23.65,23.66,1080.0,BTU
2024-05-22 12:02:00,23.625,23.655,23.625,23.655,2596.0,BTU
2024-05-22 12:01:00,23.625,23.625,23.615,23.625,1833.0,BTU
2024-05-22 12:00:00,23.635,23.64,23.62,23.62,2161.0,BTU
2024-05-22 11:59:00,23.635,23.635,23.635,23.635,1254.0,BTU
2024-05-22 11:58:00,23.6,23.62,23.6,23.62,1307.0,BTU
2024-05-22 11:57:00,23.6,23.605,23.595,23.6,1739.0,BTU
2024-05-22 11:56:00,23.6,23.605,23.59,23.6,4687.0,BTU
2024-05-22 11:55:00,23.58,23.6,23.58,23.6,814.0,BTU
2024-05-22 11:54:00,23.595,23.595,23.595,23.595,858.0,BTU
2024-05-22 11:53:00,23.594,23.594,23.59,23.59,643.0,BTU
2024-05-22 11:52:00,23.635,23.64,23.595,23.595,1958.0,BTU
2024-05-22 11:51:00,23.62,23.636,23.62,23.636,1392.0,BTU
2024-05-22 11:50:00,23.63,23.64,23.62,23.625,3558.0,BTU
2024-05-22 11:49:00,23.665,23.665,23.63,23.63,3820.0,BTU
2024-05-22 11:48:00,23.665,23.665,23.665,23.665,1445.0,BTU
2024-05-22 11:47:00,23.665,23.665,23.665,23.665,468.0,BTU
2024-05-22 11:46:00,23.675,23.675,23.665,23.67,1288.0,BTU
2024-05-22 11:45:00,23.68,23.68,23.67,23.675,4884.0,BTU
2024-05-22 11:44:00,23.675,23.685,23.675,23.685,1596.0,BTU
2024-05-22 11:43:00,23.68,23.69,23.68,23.69,13906.0,BTU
2024-05-22 11:42:00,23.67,23.7,23.67,23.68,4139.0,BTU
2024-05-22 11:41:00,23.67,23.68,23.661,23.665,3299.0,BTU
2024-05-22 11:40:00,23.66,23.66,23.66,23.66,790.0,BTU
2024-05-22 11:39:00,23.62,23.655,23.62,23.655,6922.0,BTU
2024-05-22 11:38:00,23.615,23.615,23.615,23.615,439.0,BTU
2024-05-22 11:37:00,23.59,23.6,23.59,23.6,1549.0,BTU
2024-05-22 11:35:00,23.59,23.59,23.59,23.59,445.0,BTU
2024-05-22 11:34:00,23.59,23.605,23.58,23.59,8296.0,BTU
2024-05-22 11:33:00,23.585,23.585,23.585,23.585,585.0,BTU
2024-05-22 11:32:00,23.6,23.615,23.58,23.595,13214.0,BTU
2024-05-22 11:31:00,23.605,23.605,23.59,23.59,2598.0,BTU
2024-05-22 11:30:00,23.625,23.63,23.6,23.6,5153.0,BTU
2024-05-22 11:29:00,23.615,23.625,23.615,23.625,1223.0,BTU
2024-05-22 11:28:00,23.6,23.625,23.6,23.62,6099.0,BTU
2024-05-22 11:27:00,23.595,23.605,23.595,23.605,588.0,BTU
2024-05-22 11:26:00,23.605,23.61,23.6,23.61,2742.0,BTU
2024-05-22 11:25:00,23.606,23.606,23.605,23.605,3723.0,BTU
2024-05-22 11:24:00,23.6,23.619,23.6,23.6,7425.0,BTU
2024-05-22 11:23:00,23.545,23.61,23.545,23.61,15986.0,BTU
2024-05-22 11:22:00,23.555,23.57,23.55,23.55,1543.0,BTU
2024-05-22 11:21:00,23.565,23.565,23.56,23.56,711.0,BTU
2024-05-22 11:20:00,23.555,23.565,23.55,23.555,1635.0,BTU
2024-05-22 11:19:00,23.57,23.58,23.555,23.555,4887.0,BTU
2024-05-22 11:18:00,23.57,23.575,23.56,23.575,2046.0,BTU
2024-05-22 11:17:00,23.57,23.57,23.57,23.57,198.0,BTU
2024-05-22 11:16:00,23.555,23.555,23.555,23.555,406.0,BTU
2024-05-22 11:15:00,23.56,23.565,23.56,23.56,1858.0,BTU
2024-05-22 11:14:00,23.55,23.56,23.55,23.555,993.0,BTU
2024-05-22 11:13:00,23.55,23.55,23.55,23.55,264.0,BTU
2024-05-22 11:12:00,23.57,23.57,23.55,23.55,2122.0,BTU
2024-05-22 11:11:00,23.575,23.59,23.57,23.58,3336.0,BTU
2024-05-22 11:10:00,23.57,23.57,23.57,23.57,739.0,BTU
2024-05-22 11:09:00,23.55,23.57,23.55,23.57,1451.0,BTU
2024-05-22 11:08:00,23.515,23.54,23.51,23.54,5723.0,BTU
2024-05-22 11:07:00,23.515,23.518,23.51,23.515,1783.0,BTU
2024-05-22 11:06:00,23.5,23.52,23.5,23.52,1118.0,BTU
2024-05-22 11:05:00,23.48,23.5,23.48,23.5,1152.0,BTU
2024-05-22 11:04:00,23.485,23.485,23.485,23.485,328.0,BTU
2024-05-22 11:03:00,23.475,23.49,23.47,23.47,2717.0,BTU
2024-05-22 11:02:00,23.475,23.475,23.475,23.475,403.0,BTU
2024-05-22 11:01:00,23.5,23.515,23.47,23.47,2962.0,BTU
2024-05-22 11:00:00,23.5,23.51,23.5,23.51,801.0,BTU
2024-05-22 10:59:00,23.475,23.5,23.475,23.495,2646.0,BTU
2024-05-22 10:58:00,23.505,23.51,23.48,23.48,3959.0,BTU
2024-05-22 10:57:00,23.505,23.505,23.5,23.5,1564.0,BTU
2024-05-22 10:56:00,23.51,23.51,23.5,23.505,1909.0,BTU
2024-05-22 10:55:00,23.52,23.52,23.515,23.52,1399.0,BTU
2024-05-22 10:54:00,23.505,23.52,23.505,23.52,547.0,BTU
2024-05-22 10:53:00,23.495,23.505,23.495,23.5,1758.0,BTU
2024-05-22 10:52:00,23.52,23.53,23.49,23.49,1822.0,BTU
2024-05-22 10:51:00,23.51,23.52,23.51,23.52,1764.0,BTU
2024-05-22 10:50:00,23.51,23.52,23.51,23.515,1795.0,BTU
2024-05-22 10:49:00,23.5,23.51,23.49,23.51,1607.0,BTU
2024-05-22 10:48:00,23.48,23.5,23.48,23.5,2884.0,BTU
2024-05-22 10:47:00,23.47,23.475,23.47,23.475,1586.0,BTU
2024-05-22 10:46:00,23.45,23.47,23.45,23.47,1580.0,BTU
2024-05-22 10:45:00,23.45,23.48,23.45,23.48,4305.0,BTU
2024-05-22 10:44:00,23.445,23.445,23.43,23.43,668.0,BTU
2024-05-22 10:43:00,23.45,23.45,23.43,23.445,2211.0,BTU
2024-05-22 10:42:00,23.45,23.455,23.435,23.455,4224.0,BTU
2024-05-22 10:41:00,23.46,23.46,23.45,23.45,1447.0,BTU
2024-05-22 10:40:00,23.44,23.47,23.44,23.46,2893.0,BTU
2024-05-22 10:39:00,23.46,23.46,23.445,23.455,1991.0,BTU
2024-05-22 10:38:00,23.45,23.46,23.45,23.46,1499.0,BTU
2024-05-22 10:37:00,23.47,23.48,23.45,23.45,1845.0,BTU
2024-05-22 10:36:00,23.48,23.485,23.465,23.47,5244.0,BTU
2024-05-22 10:35:00,23.47,23.475,23.46,23.475,1383.0,BTU
2024-05-22 10:34:00,23.48,23.495,23.475,23.48,1785.0,BTU
2024-05-22 10:33:00,23.49,23.5,23.46,23.46,3001.0,BTU
2024-05-22 10:32:00,23.455,23.485,23.44,23.485,5931.0,BTU
2024-05-22 10:31:00,23.45,23.455,23.45,23.455,9157.0,BTU
2024-05-22 10:30:00,23.48,23.48,23.45,23.455,3263.0,BTU
2024-05-22 10:29:00,23.44,23.46,23.43,23.46,6992.0,BTU
2024-05-22 10:28:00,23.44,23.46,23.44,23.44,2793.0,BTU
2024-05-22 10:27:00,23.45,23.46,23.43,23.43,7081.0,BTU
2024-05-22 10:26:00,23.445,23.46,23.445,23.455,3556.0,BTU
2024-05-22 10:25:00,23.46,23.47,23.44,23.44,5007.0,BTU
2024-05-22 10:24:00,23.46,23.47,23.445,23.445,3382.0,BTU
2024-05-22 10:23:00,23.455,23.465,23.44,23.465,5013.0,BTU
2024-05-22 10:22:00,23.425,23.47,23.415,23.47,4808.0,BTU
2024-05-22 10:21:00,23.455,23.455,23.4,23.42,8384.0,BTU
2024-05-22 10:20:00,23.445,23.45,23.41,23.45,3873.0,BTU
2024-05-22 10:19:00,23.42,23.445,23.405,23.445,6065.0,BTU
2024-05-22 10:18:00,23.4,23.43,23.4,23.42,5888.0,BTU
2024-05-22 10:17:00,23.395,23.4,23.39,23.4,4760.0,BTU
2024-05-22 10:16:00,23.38,23.42,23.38,23.395,10894.0,BTU
2024-05-22 10:15:00,23.395,23.41,23.37,23.385,2096.0,BTU
2024-05-22 10:14:00,23.41,23.42,23.395,23.395,4034.0,BTU
2024-05-22 10:13:00,23.415,23.42,23.41,23.42,1309.0,BTU
2024-05-22 10:12:00,23.43,23.43,23.415,23.417,3296.0,BTU
2024-05-22 10:11:00,23.38,23.405,23.365,23.405,2055.0,BTU
2024-05-22 10:10:00,23.33,23.4,23.33,23.375,8758.0,BTU
2024-05-22 10:09:00,23.325,23.325,23.31,23.32,1901.0,BTU
2024-05-22 10:08:00,23.3,23.32,23.285,23.32,6119.0,BTU
2024-05-22 10:07:00,23.315,23.315,23.275,23.305,5769.0,BTU
2024-05-22 10:06:00,23.31,23.31,23.285,23.31,4296.0,BTU
2024-05-22 10:05:00,23.275,23.31,23.275,23.31,2227.0,BTU
2024-05-22 10:04:00,23.31,23.31,23.27,23.275,3387.0,BTU
2024-05-22 10:03:00,23.305,23.305,23.305,23.305,857.0,BTU
2024-05-22 10:02:00,23.305,23.32,23.3,23.305,3667.0,BTU
2024-05-22 10:01:00,23.305,23.31,23.3,23.305,3147.0,BTU
2024-05-22 10:00:00,23.3,23.32,23.3,23.305,2063.0,BTU
2024-05-22 09:59:00,23.29,23.3,23.28,23.29,4700.0,BTU
2024-05-22 09:58:00,23.272,23.309,23.272,23.309,1744.0,BTU
2024-05-22 09:57:00,23.21,23.26,23.21,23.26,3462.0,BTU
2024-05-22 09:56:00,23.175,23.208,23.175,23.208,1901.0,BTU
2024-05-22 09:55:00,23.14,23.16,23.135,23.16,1765.0,BTU
2024-05-22 09:54:00,23.145,23.175,23.141,23.149,4269.0,BTU
2024-05-22 09:53:00,23.119,23.145,23.119,23.14,5485.0,BTU
2024-05-22 09:52:00,23.135,23.14,23.11,23.11,2418.0,BTU
2024-05-22 09:51:00,23.14,23.145,23.135,23.135,1973.0,BTU
2024-05-22 09:50:00,23.13,23.165,23.13,23.15,3038.0,BTU
2024-05-22 09:49:00,23.13,23.13,23.128,23.13,704.0,BTU
2024-05-22 09:48:00,23.13,23.14,23.11,23.14,3996.0,BTU
2024-05-22 09:47:00,23.19,23.2,23.134,23.134,2436.0,BTU
2024-05-22 09:46:00,23.23,23.235,23.19,23.19,4874.0,BTU
2024-05-22 09:45:00,23.22,23.24,23.22,23.24,1850.0,BTU
2024-05-22 09:44:00,23.19,23.22,23.19,23.22,2299.0,BTU
2024-05-22 09:43:00,23.26,23.264,23.22,23.22,4166.0,BTU
2024-05-22 09:42:00,23.32,23.32,23.255,23.255,2430.0,BTU
2024-05-22 09:41:00,23.35,23.35,23.31,23.31,1235.0,BTU
2024-05-22 09:40:00,23.35,23.37,23.34,23.35,5087.0,BTU
2024-05-22 09:39:00,23.37,23.38,23.36,23.38,755.0,BTU
2024-05-22 09:38:00,23.345,23.36,23.335,23.345,679.0,BTU
2024-05-22 09:37:00,23.33,23.33,23.29,23.31,5185.0,BTU
2024-05-22 09:36:00,23.36,23.36,23.335,23.345,2997.0,BTU
2024-05-22 09:35:00,23.405,23.415,23.405,23.415,826.0,BTU
2024-05-22 09:34:00,23.49,23.49,23.405,23.405,1224.0,BTU
2024-05-22 09:33:00,23.41,23.47,23.41,23.47,9643.0,BTU
2024-05-22 09:32:00,23.42,23.46,23.33,23.33,2567.0,BTU
2024-05-22 09:31:00,23.495,23.53,23.445,23.46,3736.0,BTU
2024-05-22 09:30:00,23.43,23.54,23.405,23.54,14245.0,BTU
2024-05-22 09:14:00,23.54,23.54,23.54,23.54,96.0,BTU
2024-05-22 08:05:00,23.45,23.45,23.45,23.45,0.0,BTU
2024-05-22 08:00:00,23.78,23.78,23.78,23.78,3.0,BTU
2024-05-22 07:42:00,23.56,23.56,23.56,23.56,8.0,BTU
2024-05-22 07:00:00,23.71,23.71,23.71,23.71,0.0,BTU
2024-05-22 06:48:00,23.7,23.7,23.7,23.7,19.0,BTU
2024-05-22 04:01:00,23.7,23.7,23.7,23.7,2542.0,BTU
2024-05-21 19:54:00,23.71,23.71,23.7,23.7,62.0,BTU
2024-05-21 19:44:00,23.77,23.77,23.77,23.77,0.0,BTU
2024-05-21 19:40:00,23.76,23.76,23.76,23.76,19.0,BTU
2024-05-21 19:01:00,23.76,23.76,23.76,23.76,2.0,BTU
2024-05-21 19:00:00,23.56,23.56,23.56,23.56,416277.0,BTU
2024-05-21 18:49:00,23.7,23.7,23.7,23.7,1443.0,BTU
2024-05-21 18:39:00,23.65,23.65,23.65,23.65,1.0,BTU
2024-05-21 18:30:00,23.56,23.56,23.56,23.56,416277.0,BTU
2024-05-21 18:15:00,23.78,23.78,23.78,23.78,9.0,BTU
2024-05-21 17:49:00,23.56,23.56,23.56,23.56,1211.0,BTU
2024-05-21 16:55:00,23.77,23.77,23.77,23.77,384.0,BTU
2024-05-21 16:20:00,23.56,23.56,23.56,23.56,132.0,BTU
2024-05-21 16:10:00,23.56,23.56,23.56,23.56,416277.0,BTU
2024-05-21 16:05:00,23.56,23.56,23.56,23.56,0.0,BTU
2024-05-21 16:04:00,23.65,23.65,23.65,23.65,4.0,BTU
2024-05-21 16:01:00,23.56,23.56,23.56,23.56,3300.0,BTU
2024-05-21 16:00:00,23.55,23.77,23.55,23.56,849976.0,BTU
2024-05-21 15:59:00,23.54,23.58,23.53,23.54,446505.0,BTU
2024-05-21 15:58:00,23.54,23.55,23.53,23.535,71816.0,BTU
2024-05-21 15:57:00,23.59,23.6,23.535,23.54,109163.0,BTU
2024-05-21 15:56:00,23.635,23.66,23.575,23.59,89204.0,BTU
2024-05-21 15:55:00,23.625,23.64,23.6,23.64,52137.0,BTU
2024-05-21 15:54:00,23.618,23.63,23.605,23.625,26916.0,BTU
2024-05-21 15:53:00,23.59,23.62,23.59,23.61,29042.0,BTU
2024-05-21 15:52:00,23.595,23.61,23.59,23.59,15027.0,BTU
2024-05-21 15:51:00,23.63,23.63,23.585,23.59,29326.0,BTU
2024-05-21 15:50:00,23.695,23.695,23.61,23.635,41670.0,BTU
2024-05-21 15:49:00,23.705,23.705,23.67,23.695,24775.0,BTU
2024-05-21 15:48:00,23.655,23.71,23.65,23.705,19083.0,BTU
2024-05-21 15:47:00,23.62,23.66,23.62,23.65,12751.0,BTU
2024-05-21 15:46:00,23.665,23.67,23.62,23.625,21028.0,BTU
2024-05-21 15:45:00,23.67,23.67,23.662,23.665,9253.0,BTU
2024-05-21 15:44:00,23.65,23.675,23.645,23.675,9925.0,BTU
2024-05-21 15:43:00,23.675,23.675,23.605,23.65,21374.0,BTU
2024-05-21 15:42:00,23.665,23.68,23.65,23.675,15844.0,BTU
2024-05-21 15:41:00,23.665,23.67,23.665,23.67,6269.0,BTU
2024-05-21 15:40:00,23.645,23.67,23.64,23.67,22720.0,BTU
2024-05-21 15:39:00,23.635,23.65,23.635,23.645,17367.0,BTU
2024-05-21 15:38:00,23.625,23.65,23.625,23.635,17631.0,BTU
2024-05-21 15:37:00,23.665,23.665,23.61,23.625,24654.0,BTU
2024-05-21 15:36:00,23.665,23.685,23.665,23.665,11920.0,BTU
2024-05-21 15:35:00,23.665,23.67,23.665,23.665,8614.0,BTU
2024-05-21 15:34:00,23.669,23.67,23.65,23.665,14749.0,BTU
2024-05-21 15:33:00,23.665,23.67,23.665,23.668,1346.0,BTU
2024-05-21 15:32:00,23.7,23.705,23.66,23.665,16613.0,BTU
2024-05-21 15:31:00,23.675,23.7,23.675,23.695,4919.0,BTU
2024-05-21 15:30:00,23.675,23.68,23.665,23.675,8184.0,BTU
2024-05-21 15:29:00,23.66,23.68,23.66,23.675,6070.0,BTU
2024-05-21 15:28:00,23.655,23.659,23.645,23.659,6814.0,BTU
2024-05-21 15:27:00,23.635,23.655,23.63,23.655,11183.0,BTU
2024-05-21 15:26:00,23.65,23.65,23.635,23.635,3935.0,BTU
2024-05-21 15:25:00,23.625,23.65,23.625,23.645,3332.0,BTU
2024-05-21 15:24:00,23.625,23.63,23.625,23.63,922.0,BTU
2024-05-21 15:23:00,23.63,23.635,23.625,23.625,3033.0,BTU
2024-05-21 15:22:00,23.625,23.629,23.625,23.629,1236.0,BTU
2024-05-21 15:21:00,23.665,23.665,23.61,23.63,7720.0,BTU
2024-05-21 15:20:00,23.65,23.67,23.65,23.67,3376.0,BTU
2024-05-21 15:19:00,23.64,23.644,23.631,23.644,3386.0,BTU
2024-05-21 15:18:00,23.65,23.651,23.63,23.63,4860.0,BTU
2024-05-21 15:17:00,23.66,23.66,23.65,23.65,3995.0,BTU
2024-05-21 15:16:00,23.65,23.675,23.65,23.67,3032.0,BTU
2024-05-21 15:15:00,23.645,23.65,23.64,23.65,4945.0,BTU
2024-05-21 15:14:00,23.64,23.65,23.64,23.645,553.0,BTU
2024-05-21 15:13:00,23.63,23.645,23.63,23.645,1938.0,BTU
2024-05-21 15:12:00,23.64,23.64,23.64,23.64,1374.0,BTU
2024-05-21 15:11:00,23.645,23.645,23.635,23.635,774.0,BTU
2024-05-21 15:10:00,23.64,23.64,23.63,23.64,3388.0,BTU
2024-05-21 15:09:00,23.64,23.65,23.64,23.65,1029.0,BTU
2024-05-21 15:08:00,23.62,23.63,23.62,23.63,2635.0,BTU
2024-05-21 15:07:00,23.615,23.625,23.61,23.61,6581.0,BTU
2024-05-21 15:06:00,23.705,23.705,23.63,23.63,5199.0,BTU
2024-05-21 15:05:00,23.695,23.71,23.695,23.71,1373.0,BTU
2024-05-21 15:04:00,23.71,23.72,23.675,23.68,5815.0,BTU
2024-05-21 15:03:00,23.7,23.7,23.68,23.7,4945.0,BTU
2024-05-21 15:02:00,23.72,23.72,23.7,23.7,8440.0,BTU
2024-05-21 15:01:00,23.71,23.72,23.708,23.72,2481.0,BTU
2024-05-21 15:00:00,23.69,23.7,23.68,23.7,5106.0,BTU
2024-05-21 14:59:00,23.68,23.685,23.665,23.685,7588.0,BTU
2024-05-21 14:58:00,23.675,23.68,23.665,23.68,5962.0,BTU
2024-05-21 14:57:00,23.66,23.67,23.65,23.67,8201.0,BTU
2024-05-21 14:56:00,23.64,23.66,23.635,23.66,3072.0,BTU
2024-05-21 14:55:00,23.64,23.64,23.625,23.63,2641.0,BTU
2024-05-21 14:54:00,23.615,23.64,23.615,23.64,7858.0,BTU
2024-05-21 14:53:00,23.555,23.61,23.555,23.61,15267.0,BTU
2024-05-21 14:52:00,23.55,23.56,23.535,23.555,40565.0,BTU
2024-05-21 14:51:00,23.545,23.545,23.545,23.545,296.0,BTU
2024-05-21 14:50:00,23.56,23.56,23.55,23.55,2494.0,BTU
2024-05-21 14:49:00,23.57,23.57,23.57,23.57,111.0,BTU
2024-05-21 14:48:00,23.545,23.56,23.545,23.56,2778.0,BTU
2024-05-21 14:47:00,23.55,23.55,23.545,23.545,1688.0,BTU
2024-05-21 14:46:00,23.56,23.56,23.555,23.555,1619.0,BTU
2024-05-21 14:45:00,23.535,23.56,23.535,23.56,2044.0,BTU
2024-05-21 14:44:00,23.535,23.545,23.535,23.54,3326.0,BTU
2024-05-21 14:43:00,23.54,23.545,23.535,23.535,2034.0,BTU
2024-05-21 14:42:00,23.545,23.55,23.54,23.545,3300.0,BTU
2024-05-21 14:41:00,23.55,23.55,23.545,23.545,824.0,BTU
2024-05-21 14:40:00,23.535,23.56,23.535,23.56,1789.0,BTU
2024-05-21 14:39:00,23.51,23.54,23.51,23.535,2646.0,BTU
2024-05-21 14:38:00,23.53,23.54,23.52,23.52,3301.0,BTU
2024-05-21 14:37:00,23.555,23.555,23.525,23.53,7137.0,BTU
2024-05-21 14:36:00,23.56,23.56,23.555,23.555,839.0,BTU
2024-05-21 14:35:00,23.56,23.56,23.555,23.555,539.0,BTU
2024-05-21 14:34:00,23.57,23.57,23.555,23.56,2175.0,BTU
2024-05-21 14:32:00,23.56,23.56,23.553,23.56,1468.0,BTU
2024-05-21 14:31:00,23.55,23.56,23.55,23.55,1290.0,BTU
2024-05-21 14:30:00,23.545,23.555,23.545,23.55,2272.0,BTU
2024-05-21 14:29:00,23.545,23.545,23.545,23.545,330.0,BTU
2024-05-21 14:28:00,23.555,23.555,23.55,23.55,1874.0,BTU
2024-05-21 14:27:00,23.57,23.57,23.562,23.565,1145.0,BTU
2024-05-21 14:26:00,23.545,23.56,23.54,23.55,1334.0,BTU
2024-05-21 14:25:00,23.52,23.545,23.52,23.545,3653.0,BTU
2024-05-21 14:24:00,23.51,23.52,23.51,23.52,2014.0,BTU
2024-05-21 14:23:00,23.505,23.51,23.505,23.51,661.0,BTU
2024-05-21 14:22:00,23.495,23.51,23.485,23.505,4652.0,BTU
2024-05-21 14:21:00,23.475,23.495,23.475,23.495,1165.0,BTU
2024-05-21 14:20:00,23.458,23.49,23.445,23.48,16873.0,BTU
2024-05-21 14:19:00,23.45,23.46,23.445,23.455,11506.0,BTU
2024-05-21 14:18:00,23.46,23.46,23.455,23.46,5679.0,BTU
2024-05-21 14:17:00,23.455,23.455,23.455,23.455,1171.0,BTU
2024-05-21 14:16:00,23.455,23.455,23.455,23.455,860.0,BTU
2024-05-21 14:15:00,23.46,23.46,23.45,23.455,1406.0,BTU
2024-05-21 14:14:00,23.455,23.46,23.455,23.46,784.0,BTU
2024-05-21 14:13:00,23.48,23.48,23.44,23.46,16985.0,BTU
2024-05-21 14:12:00,23.45,23.49,23.45,23.47,6178.0,BTU
2024-05-21 14:11:00,23.459,23.46,23.45,23.45,829.0,BTU
2024-05-21 14:10:00,23.476,23.476,23.455,23.455,1094.0,BTU
2024-05-21 14:09:00,23.465,23.475,23.46,23.47,1949.0,BTU
2024-05-21 14:08:00,23.485,23.485,23.46,23.46,3269.0,BTU
2024-05-21 14:07:00,23.48,23.48,23.48,23.48,598.0,BTU
2024-05-21 14:06:00,23.491,23.5,23.485,23.485,6772.0,BTU
2024-05-21 14:05:00,23.525,23.535,23.485,23.495,8955.0,BTU
2024-05-21 14:04:00,23.53,23.54,23.525,23.525,3386.0,BTU
2024-05-21 14:03:00,23.52,23.53,23.52,23.53,1189.0,BTU
2024-05-21 14:02:00,23.52,23.53,23.52,23.52,2417.0,BTU
2024-05-21 14:01:00,23.53,23.53,23.52,23.53,909.0,BTU
2024-05-21 14:00:00,23.53,23.53,23.52,23.53,688.0,BTU
2024-05-21 13:59:00,23.52,23.53,23.515,23.515,1927.0,BTU
2024-05-21 13:58:00,23.535,23.54,23.52,23.52,3679.0,BTU
2024-05-21 13:57:00,23.54,23.545,23.53,23.54,6743.0,BTU
2024-05-21 13:56:00,23.54,23.54,23.53,23.54,2665.0,BTU
2024-05-21 13:55:00,23.5,23.535,23.5,23.535,2469.0,BTU
2024-05-21 13:54:00,23.49,23.49,23.49,23.49,1995.0,BTU
2024-05-21 13:53:00,23.48,23.49,23.48,23.49,893.0,BTU
2024-05-21 13:52:00,23.48,23.48,23.475,23.48,1106.0,BTU
2024-05-21 13:51:00,23.45,23.47,23.44,23.47,2517.0,BTU
2024-05-21 13:50:00,23.45,23.457,23.445,23.45,3747.0,BTU
2024-05-21 13:49:00,23.44,23.45,23.44,23.447,1476.0,BTU
2024-05-21 13:48:00,23.44,23.44,23.435,23.44,886.0,BTU
2024-05-21 13:47:00,23.44,23.44,23.44,23.44,461.0,BTU
2024-05-21 13:46:00,23.43,23.44,23.43,23.44,972.0,BTU
2024-05-21 13:45:00,23.43,23.44,23.429,23.43,1578.0,BTU
2024-05-21 13:44:00,23.43,23.43,23.425,23.43,1137.0,BTU
2024-05-21 13:43:00,23.433,23.44,23.43,23.43,3887.0,BTU
2024-05-21 13:42:00,23.425,23.46,23.41,23.43,10490.0,BTU
2024-05-21 13:41:00,23.425,23.43,23.425,23.425,1184.0,BTU
2024-05-21 13:40:00,23.428,23.43,23.42,23.425,2560.0,BTU
2024-05-21 13:39:00,23.43,23.43,23.43,23.43,390.0,BTU
2024-05-21 13:38:00,23.41,23.44,23.395,23.425,63032.0,BTU
2024-05-21 13:37:00,23.405,23.405,23.405,23.405,600.0,BTU
2024-05-21 13:36:00,23.42,23.42,23.41,23.41,2393.0,BTU
2024-05-21 13:35:00,23.42,23.44,23.41,23.435,5818.0,BTU
2024-05-21 13:34:00,23.44,23.445,23.425,23.425,4435.0,BTU
2024-05-21 13:33:00,23.44,23.45,23.44,23.45,1433.0,BTU
2024-05-21 13:32:00,23.47,23.47,23.44,23.445,4377.0,BTU
2024-05-21 13:31:00,23.47,23.48,23.466,23.475,1570.0,BTU
2024-05-21 13:30:00,23.5,23.51,23.46,23.46,7934.0,BTU
2024-05-21 13:29:00,23.49,23.5,23.49,23.495,1505.0,BTU
2024-05-21 13:28:00,23.49,23.5,23.49,23.49,6242.0,BTU
2024-05-21 13:27:00,23.47,23.485,23.47,23.485,853.0,BTU
2024-05-21 13:26:00,23.445,23.48,23.44,23.48,5212.0,BTU
2024-05-21 13:25:00,23.39,23.45,23.37,23.45,25140.0,BTU
2024-05-21 13:24:00,23.385,23.391,23.385,23.39,3615.0,BTU
2024-05-21 13:23:00,23.35,23.39,23.35,23.39,2873.0,BTU
2024-05-21 13:22:00,23.34,23.34,23.33,23.335,15720.0,BTU
2024-05-21 13:21:00,23.35,23.36,23.34,23.345,5152.0,BTU
2024-05-21 13:20:00,23.34,23.35,23.32,23.35,10156.0,BTU
2024-05-21 13:19:00,23.34,23.34,23.34,23.34,369.0,BTU
2024-05-21 13:18:00,23.33,23.34,23.325,23.34,1722.0,BTU
2024-05-21 13:17:00,23.315,23.33,23.315,23.325,1950.0,BTU
2024-05-21 13:16:00,23.355,23.355,23.315,23.32,4885.0,BTU
2024-05-21 13:15:00,23.34,23.35,23.34,23.35,1821.0,BTU
2024-05-21 13:14:00,23.34,23.34,23.33,23.33,1859.0,BTU
2024-05-21 13:13:00,23.335,23.34,23.33,23.34,1127.0,BTU
2024-05-21 13:12:00,23.325,23.335,23.325,23.335,784.0,BTU
2024-05-21 13:11:00,23.325,23.33,23.325,23.33,874.0,BTU
2024-05-21 13:09:00,23.315,23.33,23.305,23.33,5091.0,BTU
2024-05-21 13:08:00,23.36,23.36,23.31,23.315,8976.0,BTU
2024-05-21 13:07:00,23.36,23.36,23.36,23.36,768.0,BTU
2024-05-21 13:06:00,23.37,23.37,23.36,23.365,4288.0,BTU
2024-05-21 13:05:00,23.37,23.37,23.365,23.37,1318.0,BTU
2024-05-21 13:04:00,23.37,23.38,23.37,23.38,1240.0,BTU
2024-05-21 13:03:00,23.37,23.37,23.37,23.37,228.0,BTU
2024-05-21 13:02:00,23.395,23.395,23.375,23.375,1909.0,BTU
2024-05-21 13:01:00,23.393,23.392,23.385,23.385,2015.0,BTU
2024-05-21 13:00:00,23.38,23.41,23.365,23.4,5587.0,BTU
2024-05-21 12:59:00,23.355,23.385,23.35,23.385,7535.0,BTU
2024-05-21 12:58:00,23.365,23.37,23.355,23.355,4262.0,BTU
2024-05-21 12:57:00,23.385,23.385,23.36,23.38,7435.0,BTU
2024-05-21 12:56:00,23.365,23.385,23.365,23.385,26606.0,BTU
2024-05-21 12:55:00,23.335,23.365,23.335,23.355,18607.0,BTU
2024-05-21 12:54:00,23.33,23.335,23.33,23.335,562.0,BTU
2024-05-21 12:53:00,23.32,23.325,23.32,23.325,1101.0,BTU
2024-05-21 12:52:00,23.325,23.33,23.325,23.33,1349.0,BTU
2024-05-21 12:51:00,23.315,23.32,23.315,23.32,1451.0,BTU
2024-05-21 12:50:00,23.315,23.32,23.315,23.32,552.0,BTU
2024-05-21 12:49:00,23.315,23.315,23.315,23.315,139.0,BTU
2024-05-21 12:48:00,23.33,23.33,23.3,23.32,4042.0,BTU
2024-05-21 12:47:00,23.33,23.33,23.32,23.33,634.0,BTU
2024-05-21 12:46:00,23.325,23.345,23.32,23.33,4132.0,BTU
2024-05-21 12:45:00,23.335,23.335,23.325,23.325,619.0,BTU
2024-05-21 12:44:00,23.33,23.335,23.32,23.335,1062.0,BTU
2024-05-21 12:43:00,23.345,23.345,23.34,23.34,742.0,BTU
2024-05-21 12:42:00,23.32,23.36,23.32,23.35,3633.0,BTU
2024-05-21 12:41:00,23.325,23.325,23.315,23.32,1763.0,BTU
2024-05-21 12:40:00,23.305,23.33,23.305,23.33,5762.0,BTU
2024-05-21 12:39:00,23.305,23.31,23.305,23.305,686.0,BTU
2024-05-21 12:38:00,23.32,23.325,23.31,23.31,5550.0,BTU
2024-05-21 12:37:00,23.318,23.32,23.317,23.318,377.0,BTU
2024-05-21 12:36:00,23.32,23.32,23.32,23.32,183.0,BTU
2024-05-21 12:35:00,23.3,23.32,23.3,23.32,3145.0,BTU
2024-05-21 12:34:00,23.245,23.3,23.24,23.28,12002.0,BTU
2024-05-21 12:33:00,23.25,23.25,23.245,23.245,1954.0,BTU
2024-05-21 12:31:00,23.255,23.255,23.255,23.255,1160.0,BTU
2024-05-21 12:30:00,23.265,23.265,23.255,23.26,1569.0,BTU
2024-05-21 12:29:00,23.265,23.27,23.26,23.26,1595.0,BTU
2024-05-21 12:28:00,23.27,23.27,23.27,23.27,301.0,BTU
2024-05-21 12:27:00,23.23,23.265,23.23,23.265,3011.0,BTU
2024-05-21 12:26:00,23.255,23.26,23.235,23.235,5852.0,BTU
2024-05-21 12:25:00,23.26,23.26,23.254,23.254,2150.0,BTU
2024-05-21 12:24:00,23.265,23.265,23.265,23.265,571.0,BTU
2024-05-21 12:23:00,23.265,23.265,23.26,23.265,587.0,BTU
2024-05-21 12:22:00,23.265,23.27,23.26,23.26,4822.0,BTU
2024-05-21 12:21:00,23.3,23.3,23.275,23.275,3099.0,BTU
2024-05-21 12:20:00,23.31,23.31,23.293,23.31,3985.0,BTU
2024-05-21 12:19:00,23.31,23.31,23.3,23.305,497.0,BTU
2024-05-21 12:18:00,23.305,23.31,23.305,23.31,744.0,BTU
2024-05-21 12:17:00,23.305,23.305,23.305,23.305,227.0,BTU
2024-05-21 12:16:00,23.3,23.3,23.295,23.3,1917.0,BTU
2024-05-21 12:15:00,23.29,23.305,23.29,23.305,1749.0,BTU
2024-05-21 12:14:00,23.295,23.295,23.29,23.29,498.0,BTU
2024-05-21 12:13:00,23.31,23.31,23.295,23.295,1538.0,BTU
2024-05-21 12:12:00,23.315,23.32,23.315,23.32,1476.0,BTU
2024-05-21 12:11:00,23.3,23.32,23.3,23.32,1940.0,BTU
2024-05-21 12:10:00,23.295,23.295,23.295,23.295,604.0,BTU
2024-05-21 12:09:00,23.275,23.3,23.27,23.3,4801.0,BTU
2024-05-21 12:08:00,23.275,23.28,23.27,23.275,3701.0,BTU
2024-05-21 12:07:00,23.27,23.27,23.27,23.27,185.0,BTU
2024-05-21 12:06:00,23.3,23.3,23.275,23.275,3304.0,BTU
2024-05-21 12:05:00,23.295,23.305,23.29,23.3,1712.0,BTU
2024-05-21 12:04:00,23.305,23.31,23.3,23.3,1414.0,BTU
2024-05-21 12:03:00,23.32,23.32,23.295,23.305,3572.0,BTU
2024-05-21 12:02:00,23.3,23.33,23.295,23.325,6252.0,BTU
2024-05-21 12:01:00,23.345,23.35,23.305,23.305,4150.0,BTU
2024-05-21 12:00:00,23.355,23.355,23.345,23.345,994.0,BTU
2024-05-21 11:59:00,23.35,23.36,23.35,23.355,1911.0,BTU
2024-05-21 11:57:00,23.355,23.355,23.355,23.355,310.0,BTU
2024-05-21 11:56:00,23.36,23.36,23.35,23.35,2576.0,BTU
2024-05-21 11:55:00,23.37,23.37,23.365,23.365,686.0,BTU
2024-05-21 11:54:00,23.35,23.37,23.345,23.37,3452.0,BTU
2024-05-21 11:53:00,23.335,23.345,23.335,23.345,2526.0,BTU
2024-05-21 11:52:00,23.36,23.37,23.33,23.335,6378.0,BTU
2024-05-21 11:51:00,23.37,23.37,23.365,23.365,689.0,BTU
2024-05-21 11:50:00,23.4,23.4,23.375,23.375,5263.0,BTU
2024-05-21 11:48:00,23.41,23.41,23.405,23.405,2011.0,BTU
2024-05-21 11:47:00,23.405,23.415,23.405,23.415,2254.0,BTU
2024-05-21 11:46:00,23.41,23.41,23.4,23.4,610.0,BTU
2024-05-21 11:45:00,23.4,23.415,23.395,23.41,5587.0,BTU
2024-05-21 11:44:00,23.41,23.41,23.405,23.41,977.0,BTU
2024-05-21 11:43:00,23.41,23.41,23.405,23.405,672.0,BTU
2024-05-21 11:42:00,23.4,23.415,23.4,23.4,1527.0,BTU
2024-05-21 11:41:00,23.4,23.41,23.4,23.405,575.0,BTU
2024-05-21 11:40:00,23.41,23.42,23.41,23.42,1298.0,BTU
2024-05-21 11:39:00,23.385,23.405,23.385,23.405,6867.0,BTU
2024-05-21 11:38:00,23.39,23.39,23.385,23.385,604.0,BTU
2024-05-21 11:37:00,23.385,23.4,23.385,23.4,3914.0,BTU
2024-05-21 11:36:00,23.4,23.4,23.385,23.385,4252.0,BTU
2024-05-21 11:35:00,23.39,23.4,23.39,23.4,365.0,BTU
2024-05-21 11:34:00,23.395,23.4,23.375,23.395,8829.0,BTU
2024-05-21 11:33:00,23.4,23.4,23.395,23.4,1794.0,BTU
2024-05-21 11:32:00,23.44,23.44,23.41,23.415,1882.0,BTU
2024-05-21 11:31:00,23.43,23.45,23.425,23.45,7674.0,BTU
2024-05-21 11:30:00,23.45,23.45,23.435,23.435,733.0,BTU
2024-05-21 11:29:00,23.455,23.46,23.44,23.46,6670.0,BTU
2024-05-21 11:28:00,23.455,23.46,23.451,23.46,1192.0,BTU
2024-05-21 11:27:00,23.43,23.46,23.405,23.454,8783.0,BTU
2024-05-21 11:26:00,23.435,23.445,23.43,23.435,2227.0,BTU
2024-05-21 11:25:00,23.435,23.44,23.43,23.43,1369.0,BTU
2024-05-21 11:24:00,23.48,23.48,23.41,23.435,16497.0,BTU
2024-05-21 11:23:00,23.45,23.48,23.45,23.48,3959.0,BTU
2024-05-21 11:22:00,23.46,23.46,23.45,23.45,856.0,BTU
2024-05-21 11:21:00,23.455,23.455,23.455,23.455,321.0,BTU
2024-05-21 11:20:00,23.44,23.465,23.435,23.45,4131.0,BTU
2024-05-21 11:19:00,23.435,23.44,23.435,23.44,310.0,BTU
2024-05-21 11:18:00,23.45,23.45,23.43,23.435,3109.0,BTU
2024-05-21 11:17:00,23.44,23.46,23.44,23.46,1095.0,BTU
2024-05-21 11:16:00,23.405,23.43,23.405,23.43,3375.0,BTU
2024-05-21 11:15:00,23.43,23.445,23.405,23.41,4568.0,BTU
2024-05-21 11:14:00,23.44,23.44,23.43,23.43,856.0,BTU
2024-05-21 11:13:00,23.44,23.45,23.44,23.45,671.0,BTU
2024-05-21 11:12:00,23.445,23.445,23.43,23.44,3150.0,BTU
2024-05-21 11:11:00,23.485,23.495,23.45,23.45,3156.0,BTU
2024-05-21 11:10:00,23.475,23.49,23.47,23.49,2082.0,BTU
2024-05-21 11:09:00,23.485,23.485,23.47,23.47,2122.0,BTU
2024-05-21 11:08:00,23.475,23.49,23.475,23.485,1233.0,BTU
2024-05-21 11:07:00,23.47,23.47,23.435,23.47,3951.0,BTU
2024-05-21 11:06:00,23.47,23.47,23.47,23.47,567.0,BTU
2024-05-21 11:05:00,23.475,23.48,23.475,23.48,1115.0,BTU
2024-05-21 11:04:00,23.465,23.48,23.465,23.47,2170.0,BTU
2024-05-21 11:03:00,23.47,23.47,23.465,23.465,1130.0,BTU
2024-05-21 11:02:00,23.48,23.48,23.47,23.475,850.0,BTU
2024-05-21 11:01:00,23.48,23.48,23.475,23.475,1754.0,BTU
2024-05-21 11:00:00,23.49,23.49,23.49,23.49,862.0,BTU
2024-05-21 10:59:00,23.52,23.525,23.5,23.5,2292.0,BTU
2024-05-21 10:58:00,23.53,23.53,23.5,23.52,16752.0,BTU
2024-05-21 10:57:00,23.55,23.55,23.51,23.54,4162.0,BTU
2024-05-21 10:56:00,23.615,23.62,23.555,23.56,17376.0,BTU
2024-05-21 10:55:00,23.565,23.62,23.565,23.615,34489.0,BTU
2024-05-21 10:54:00,23.565,23.57,23.557,23.56,2679.0,BTU
2024-05-21 10:53:00,23.57,23.58,23.545,23.55,16376.0,BTU
2024-05-21 10:52:00,23.535,23.56,23.52,23.56,19537.0,BTU
2024-05-21 10:51:00,23.535,23.535,23.53,23.53,1099.0,BTU
2024-05-21 10:50:00,23.53,23.535,23.53,23.535,679.0,BTU
2024-05-21 10:49:00,23.55,23.55,23.52,23.52,4961.0,BTU
2024-05-21 10:48:00,23.57,23.57,23.545,23.545,5492.0,BTU
2024-05-21 10:47:00,23.545,23.57,23.545,23.565,2622.0,BTU
2024-05-21 10:46:00,23.55,23.55,23.52,23.542,4780.0,BTU
2024-05-21 10:45:00,23.51,23.54,23.505,23.54,5244.0,BTU
2024-05-21 10:44:00,23.53,23.53,23.51,23.51,2526.0,BTU
2024-05-21 10:43:00,23.535,23.535,23.535,23.535,904.0,BTU
2024-05-21 10:42:00,23.535,23.535,23.53,23.53,356.0,BTU
2024-05-21 10:41:00,23.545,23.545,23.53,23.53,3353.0,BTU
2024-05-21 10:40:00,23.55,23.55,23.535,23.54,3294.0,BTU
2024-05-21 10:39:00,23.585,23.59,23.56,23.57,8172.0,BTU
2024-05-21 10:38:00,23.575,23.625,23.55,23.585,19088.0,BTU
2024-05-21 10:37:00,23.555,23.58,23.54,23.58,9162.0,BTU
2024-05-21 10:36:00,23.54,23.555,23.54,23.555,11026.0,BTU
2024-05-21 10:35:00,23.535,23.535,23.52,23.53,3338.0,BTU
2024-05-21 10:34:00,23.53,23.535,23.53,23.53,564.0,BTU
2024-05-21 10:33:00,23.53,23.55,23.52,23.54,8991.0,BTU
2024-05-21 10:32:00,23.54,23.54,23.53,23.535,3422.0,BTU
2024-05-21 10:31:00,23.525,23.545,23.51,23.535,3360.0,BTU
2024-05-21 10:30:00,23.52,23.55,23.52,23.53,5339.0,BTU
2024-05-21 10:29:00,23.525,23.525,23.52,23.525,1049.0,BTU
2024-05-21 10:28:00,23.52,23.53,23.51,23.525,1562.0,BTU
2024-05-21 10:27:00,23.53,23.53,23.525,23.528,1417.0,BTU
2024-05-21 10:26:00,23.545,23.55,23.53,23.53,3174.0,BTU
2024-05-21 10:25:00,23.531,23.55,23.531,23.545,1731.0,BTU
2024-05-21 10:24:00,23.56,23.565,23.54,23.54,3883.0,BTU
2024-05-21 10:23:00,23.545,23.57,23.545,23.565,5710.0,BTU
2024-05-21 10:22:00,23.53,23.55,23.53,23.54,4156.0,BTU
2024-05-21 10:21:00,23.565,23.565,23.515,23.525,7628.0,BTU
2024-05-21 10:20:00,23.54,23.57,23.52,23.565,5646.0,BTU
2024-05-21 10:19:00,23.535,23.55,23.53,23.54,3430.0,BTU
2024-05-21 10:18:00,23.575,23.58,23.53,23.53,7046.0,BTU
2024-05-21 10:17:00,23.605,23.61,23.58,23.58,6550.0,BTU
2024-05-21 10:16:00,23.6,23.61,23.595,23.6,2087.0,BTU
2024-05-21 10:15:00,23.582,23.6,23.582,23.6,1340.0,BTU
2024-05-21 10:14:00,23.59,23.62,23.58,23.59,3632.0,BTU
2024-05-21 10:13:00,23.59,23.59,23.57,23.585,2496.0,BTU
2024-05-21 10:12:00,23.62,23.62,23.59,23.591,2976.0,BTU
2024-05-21 10:11:00,23.65,23.65,23.62,23.62,7985.0,BTU
2024-05-21 10:10:00,23.65,23.65,23.631,23.64,8934.0,BTU
2024-05-21 10:09:00,23.57,23.65,23.57,23.64,18088.0,BTU
2024-05-21 10:08:00,23.48,23.57,23.48,23.57,15293.0,BTU
2024-05-21 10:07:00,23.43,23.47,23.43,23.47,3757.0,BTU
2024-05-21 10:06:00,23.39,23.43,23.39,23.43,4299.0,BTU
2024-05-21 10:05:00,23.405,23.42,23.39,23.4,4345.0,BTU
2024-05-21 10:04:00,23.37,23.42,23.37,23.41,5900.0,BTU
2024-05-21 10:03:00,23.335,23.375,23.335,23.37,3327.0,BTU
2024-05-21 10:02:00,23.28,23.3,23.275,23.3,2793.0,BTU
2024-05-21 10:01:00,23.26,23.27,23.25,23.265,2314.0,BTU
2024-05-21 10:00:00,23.185,23.26,23.185,23.26,5204.0,BTU
2024-05-21 09:59:00,23.18,23.19,23.18,23.18,1131.0,BTU
2024-05-21 09:58:00,23.22,23.23,23.18,23.19,3501.0,BTU
2024-05-21 09:57:00,23.25,23.25,23.225,23.225,5437.0,BTU
2024-05-21 09:56:00,23.195,23.24,23.195,23.24,40529.0,BTU
2024-05-21 09:55:00,23.195,23.2,23.191,23.2,1939.0,BTU
2024-05-21 09:54:00,23.17,23.195,23.165,23.195,53820.0,BTU
2024-05-21 09:53:00,23.19,23.2,23.16,23.16,1857.0,BTU
2024-05-21 09:52:00,23.2,23.2,23.2,23.2,528.0,BTU
2024-05-21 09:51:00,23.24,23.24,23.18,23.19,3240.0,BTU
2024-05-21 09:50:00,23.235,23.25,23.235,23.25,1370.0,BTU
2024-05-21 09:49:00,23.26,23.26,23.23,23.23,2283.0,BTU
2024-05-21 09:48:00,23.28,23.28,23.24,23.26,2491.0,BTU
2024-05-21 09:47:00,23.235,23.28,23.235,23.28,2609.0,BTU
2024-05-21 09:46:00,23.18,23.2,23.18,23.2,674.0,BTU
2024-05-21 09:45:00,23.12,23.17,23.12,23.17,4793.0,BTU
2024-05-21 09:44:00,23.125,23.125,23.08,23.115,3164.0,BTU
2024-05-21 09:43:00,23.125,23.125,23.1,23.12,2702.0,BTU
2024-05-21 09:42:00,23.14,23.15,23.115,23.125,2209.0,BTU
2024-05-21 09:41:00,23.17,23.17,23.15,23.15,2761.0,BTU
2024-05-21 09:40:00,23.29,23.29,23.19,23.19,5697.0,BTU
2024-05-21 09:39:00,23.23,23.27,23.2,23.27,3750.0,BTU
2024-05-21 09:38:00,23.22,23.25,23.22,23.235,1608.0,BTU
2024-05-21 09:37:00,23.23,23.23,23.2,23.2,2243.0,BTU
2024-05-21 09:36:00,23.24,23.25,23.185,23.22,4614.0,BTU
2024-05-21 09:35:00,23.23,23.25,23.2,23.23,5513.0,BTU
2024-05-21 09:34:00,23.18,23.23,23.18,23.223,1994.0,BTU
2024-05-21 09:33:00,23.13,23.18,23.13,23.18,440.0,BTU
2024-05-21 09:32:00,23.17,23.17,23.11,23.11,2209.0,BTU
2024-05-21 09:31:00,23.06,23.16,23.05,23.14,1380.0,BTU
2024-05-21 09:30:00,23.02,23.07,22.995,23.03,15311.0,BTU
2024-05-21 09:29:00,22.97,22.97,22.76,22.91,1166.0,BTU
2024-05-21 09:18:00,22.53,22.53,22.53,22.53,0.0,BTU
2024-05-21 08:51:00,23.13,23.13,23.13,23.13,132.0,BTU
2024-05-21 08:49:00,22.97,22.97,22.97,22.97,19.0,BTU
2024-05-21 08:38:00,23.09,23.09,22.99,22.99,96.0,BTU
2024-05-21 08:35:00,23.12,23.12,23.12,23.12,4.0,BTU
2024-05-21 08:16:00,23.09,23.09,23.09,23.09,10.0,BTU
2024-05-21 08:03:00,23.34,23.34,23.34,23.34,3.0,BTU
2024-05-21 07:20:00,23.09,23.09,23.09,23.09,0.0,BTU
2024-05-20 19:54:00,23.31,23.32,23.31,23.32,384.0,BTU
2024-05-20 19:03:00,23.35,23.37,23.18,23.31,48.0,BTU
2024-05-20 19:00:00,23.12,23.12,23.12,23.12,314572.0,BTU
2024-05-20 18:30:00,23.12,23.12,23.12,23.12,314572.0,BTU
2024-05-20 17:16:00,23.12,23.12,23.12,23.12,167097.0,BTU
2024-05-20 16:50:00,23.17,23.17,23.17,23.17,0.0,BTU
2024-05-20 16:44:00,23.12,23.12,23.12,23.12,0.0,BTU
2024-05-20 16:41:00,23.78,23.78,23.78,23.78,9.0,BTU
2024-05-20 16:25:00,23.12,23.12,23.12,23.12,1.0,BTU
2024-05-20 16:15:00,23.19,23.19,23.19,23.19,1.0,BTU
2024-05-20 16:10:00,23.12,23.12,23.12,23.12,314572.0,BTU
2024-05-20 16:06:00,23.19,23.19,23.19,23.19,9.0,BTU
2024-05-20 16:01:00,23.12,23.12,23.12,23.12,110.0,BTU
2024-05-20 16:00:00,23.12,23.13,23.12,23.12,666335.0,BTU
2024-05-20 15:59:00,23.105,23.145,23.105,23.12,128021.0,BTU
2024-05-20 15:58:00,23.115,23.12,23.075,23.105,134344.0,BTU
2024-05-20 15:57:00,23.115,23.15,23.06,23.115,126376.0,BTU
2024-05-20 15:56:00,23.135,23.14,23.105,23.12,45495.0,BTU
2024-05-20 15:55:00,23.09,23.15,23.085,23.13,72374.0,BTU
2024-05-20 15:54:00,23.13,23.15,23.08,23.085,82119.0,BTU
2024-05-20 15:53:00,23.195,23.21,23.13,23.14,72221.0,BTU
2024-05-20 15:52:00,23.3,23.3,23.19,23.19,52702.0,BTU
2024-05-20 15:51:00,23.28,23.3,23.28,23.29,35553.0,BTU
2024-05-20 15:50:00,23.28,23.285,23.265,23.285,17856.0,BTU
2024-05-20 15:49:00,23.255,23.285,23.255,23.285,18802.0,BTU
2024-05-20 15:48:00,23.225,23.26,23.225,23.255,18120.0,BTU
2024-05-20 15:47:00,23.24,23.24,23.22,23.225,17464.0,BTU
2024-05-20 15:46:00,23.235,23.24,23.235,23.235,4403.0,BTU
2024-05-20 15:45:00,23.245,23.245,23.22,23.235,20261.0,BTU
2024-05-20 15:44:00,23.255,23.26,23.23,23.245,14453.0,BTU
2024-05-20 15:43:00,23.26,23.265,23.25,23.25,6731.0,BTU
2024-05-20 15:42:00,23.255,23.26,23.255,23.255,5371.0,BTU
2024-05-20 15:41:00,23.255,23.26,23.255,23.255,4705.0,BTU
2024-05-20 15:40:00,23.245,23.26,23.225,23.255,41895.0,BTU
2024-05-20 15:39:00,23.245,23.245,23.24,23.245,1731.0,BTU
2024-05-20 15:38:00,23.24,23.25,23.24,23.24,3667.0,BTU
2024-05-20 15:37:00,23.24,23.245,23.24,23.245,3438.0,BTU
2024-05-20 15:36:00,23.235,23.25,23.225,23.245,11581.0,BTU
2024-05-20 15:35:00,23.245,23.245,23.23,23.235,3117.0,BTU
2024-05-20 15:34:00,23.25,23.25,23.24,23.245,5687.0,BTU
2024-05-20 15:33:00,23.28,23.28,23.245,23.255,8109.0,BTU
2024-05-20 15:32:00,23.255,23.275,23.255,23.275,7281.0,BTU
2024-05-20 15:31:00,23.265,23.27,23.255,23.26,6938.0,BTU
2024-05-20 15:30:00,23.27,23.27,23.265,23.27,2302.0,BTU
2024-05-20 15:29:00,23.26,23.27,23.245,23.27,6214.0,BTU
2024-05-20 15:28:00,23.26,23.27,23.25,23.255,3911.0,BTU
2024-05-20 15:27:00,23.29,23.29,23.26,23.26,10349.0,BTU
2024-05-20 15:26:00,23.275,23.29,23.275,23.29,5265.0,BTU
2024-05-20 15:25:00,23.285,23.285,23.27,23.275,6845.0,BTU
2024-05-20 15:24:00,23.276,23.285,23.275,23.285,10145.0,BTU
2024-05-20 15:23:00,23.25,23.275,23.25,23.275,5552.0,BTU
2024-05-20 15:22:00,23.255,23.26,23.245,23.253,9785.0,BTU
2024-05-20 15:21:00,23.25,23.255,23.25,23.255,922.0,BTU
2024-05-20 15:20:00,23.24,23.26,23.24,23.255,15335.0,BTU
2024-05-20 15:19:00,23.25,23.25,23.25,23.25,165.0,BTU
2024-05-20 15:18:00,23.24,23.24,23.24,23.24,263.0,BTU
2024-05-20 15:17:00,23.245,23.245,23.245,23.245,1495.0,BTU
2024-05-20 15:16:00,23.255,23.255,23.24,23.245,4206.0,BTU
2024-05-20 15:15:00,23.23,23.26,23.23,23.26,5550.0,BTU
2024-05-20 15:14:00,23.225,23.23,23.225,23.23,1842.0,BTU
2024-05-20 15:13:00,23.225,23.225,23.22,23.22,2732.0,BTU
2024-05-20 15:12:00,23.235,23.24,23.22,23.23,7934.0,BTU
2024-05-20 15:11:00,23.2,23.24,23.19,23.24,11407.0,BTU
2024-05-20 15:10:00,23.205,23.205,23.205,23.205,641.0,BTU
2024-05-20 15:09:00,23.225,23.23,23.205,23.205,5600.0,BTU
2024-05-20 15:08:00,23.23,23.235,23.225,23.225,3446.0,BTU
2024-05-20 15:07:00,23.225,23.24,23.225,23.235,5977.0,BTU
2024-05-20 15:06:00,23.225,23.25,23.225,23.23,11660.0,BTU
2024-05-20 15:05:00,23.225,23.23,23.22,23.225,2068.0,BTU
2024-05-20 15:04:00,23.24,23.24,23.23,23.23,3993.0,BTU
2024-05-20 15:03:00,23.215,23.23,23.215,23.23,5369.0,BTU
2024-05-20 15:02:00,23.215,23.215,23.205,23.215,3020.0,BTU
2024-05-20 15:01:00,23.205,23.215,23.205,23.215,1932.0,BTU
2024-05-20 15:00:00,23.18,23.21,23.171,23.21,4417.0,BTU
2024-05-20 14:59:00,23.195,23.195,23.19,23.19,922.0,BTU
2024-05-20 14:58:00,23.205,23.21,23.19,23.19,5496.0,BTU
2024-05-20 14:57:00,23.2,23.21,23.195,23.21,2893.0,BTU
2024-05-20 14:56:00,23.205,23.205,23.2,23.2,425.0,BTU
2024-05-20 14:55:00,23.245,23.245,23.205,23.205,7560.0,BTU
2024-05-20 14:54:00,23.24,23.245,23.23,23.245,2243.0,BTU
2024-05-20 14:53:00,23.24,23.24,23.23,23.235,3807.0,BTU
2024-05-20 14:52:00,23.23,23.24,23.23,23.23,3181.0,BTU
2024-05-20 14:51:00,23.23,23.24,23.23,23.24,1810.0,BTU
2024-05-20 14:50:00,23.245,23.25,23.235,23.235,1635.0,BTU
2024-05-20 14:49:00,23.24,23.25,23.235,23.25,3240.0,BTU
2024-05-20 14:48:00,23.24,23.245,23.24,23.24,1469.0,BTU
2024-05-20 14:47:00,23.24,23.24,23.23,23.24,6474.0,BTU
2024-05-20 14:46:00,23.22,23.24,23.22,23.24,2630.0,BTU
2024-05-20 14:45:00,23.205,23.21,23.205,23.21,2272.0,BTU
2024-05-20 14:44:00,23.22,23.22,23.21,23.21,2104.0,BTU
2024-05-20 14:43:00,23.26,23.26,23.215,23.215,13568.0,BTU
2024-05-20 14:42:00,23.255,23.26,23.25,23.26,1340.0,BTU
2024-05-20 14:41:00,23.255,23.26,23.255,23.26,1259.0,BTU
2024-05-20 14:40:00,23.24,23.25,23.24,23.25,3817.0,BTU
2024-05-20 14:39:00,23.26,23.26,23.235,23.235,1168.0,BTU
2024-05-20 14:38:00,23.27,23.27,23.23,23.25,8288.0,BTU
2024-05-20 14:37:00,23.275,23.275,23.265,23.27,4735.0,BTU
2024-05-20 14:36:00,23.285,23.3,23.28,23.28,5982.0,BTU
2024-05-20 14:35:00,23.28,23.285,23.275,23.285,1934.0,BTU
2024-05-20 14:34:00,23.275,23.28,23.27,23.275,3581.0,BTU
2024-05-20 14:33:00,23.245,23.275,23.241,23.275,5663.0,BTU
2024-05-20 14:32:00,23.25,23.255,23.24,23.243,3670.0,BTU
2024-05-20 14:31:00,23.25,23.25,23.24,23.24,4215.0,BTU
2024-05-20 14:30:00,23.23,23.255,23.225,23.245,6654.0,BTU
2024-05-20 14:29:00,23.235,23.24,23.235,23.235,1386.0,BTU
2024-05-20 14:28:00,23.22,23.235,23.22,23.235,5829.0,BTU
2024-05-20 14:27:00,23.215,23.22,23.215,23.215,2386.0,BTU
2024-05-20 14:26:00,23.22,23.22,23.205,23.215,4854.0,BTU
2024-05-20 14:25:00,23.215,23.22,23.215,23.22,1268.0,BTU
2024-05-20 14:24:00,23.215,23.24,23.21,23.21,12406.0,BTU
2024-05-20 14:23:00,23.22,23.22,23.215,23.22,941.0,BTU
2024-05-20 14:22:00,23.2,23.215,23.195,23.215,3071.0,BTU
2024-05-20 14:21:00,23.19,23.2,23.185,23.2,1203.0,BTU
2024-05-20 14:20:00,23.18,23.19,23.18,23.19,5372.0,BTU
2024-05-20 14:19:00,23.17,23.175,23.17,23.175,838.0,BTU
2024-05-20 14:18:00,23.155,23.18,23.15,23.18,4275.0,BTU
2024-05-20 14:17:00,23.16,23.16,23.16,23.16,308.0,BTU
2024-05-20 14:16:00,23.15,23.16,23.14,23.16,3946.0,BTU
2024-05-20 14:15:00,23.15,23.15,23.15,23.15,636.0,BTU
2024-05-20 14:14:00,23.115,23.15,23.115,23.15,6542.0,BTU
2024-05-20 14:13:00,23.115,23.12,23.114,23.114,961.0,BTU
2024-05-20 14:12:00,23.11,23.12,23.11,23.115,2122.0,BTU
2024-05-20 14:11:00,23.1,23.11,23.095,23.105,2660.0,BTU
2024-05-20 14:10:00,23.11,23.11,23.105,23.105,737.0,BTU
2024-05-20 14:09:00,23.11,23.12,23.105,23.105,5623.0,BTU
2024-05-20 14:08:00,23.09,23.115,23.085,23.11,9612.0,BTU
2024-05-20 14:07:00,23.09,23.1,23.09,23.1,589.0,BTU
2024-05-20 14:06:00,23.1,23.1,23.09,23.1,1828.0,BTU
2024-05-20 14:05:00,23.1,23.11,23.1,23.105,1890.0,BTU
2024-05-20 14:04:00,23.085,23.1,23.085,23.1,2733.0,BTU
2024-05-20 14:03:00,23.09,23.09,23.075,23.075,1762.0,BTU
2024-05-20 14:02:00,23.08,23.095,23.08,23.095,2291.0,BTU
2024-05-20 14:01:00,23.095,23.1,23.085,23.085,3999.0,BTU
2024-05-20 14:00:00,23.09,23.095,23.09,23.095,585.0,BTU
2024-05-20 13:59:00,23.085,23.095,23.08,23.09,1692.0,BTU
2024-05-20 13:58:00,23.075,23.105,23.075,23.09,8972.0,BTU
2024-05-20 13:57:00,23.075,23.08,23.07,23.075,4865.0,BTU
2024-05-20 13:56:00,23.075,23.08,23.07,23.08,2164.0,BTU
2024-05-20 13:55:00,23.07,23.075,23.06,23.075,5350.0,BTU
2024-05-20 13:54:00,23.068,23.07,23.06,23.065,1966.0,BTU
2024-05-20 13:53:00,23.05,23.075,23.04,23.065,5749.0,BTU
2024-05-20 13:52:00,23.058,23.057,23.057,23.058,373.0,BTU
2024-05-20 13:51:00,23.045,23.057,23.045,23.055,1633.0,BTU
2024-05-20 13:50:00,23.038,23.055,23.03,23.048,4253.0,BTU
2024-05-20 13:49:00,23.07,23.07,23.035,23.04,3418.0,BTU
2024-05-20 13:48:00,23.075,23.08,23.06,23.075,8012.0,BTU
2024-05-20 13:47:00,23.08,23.08,23.07,23.075,1326.0,BTU
2024-05-20 13:46:00,23.07,23.08,23.07,23.075,1663.0,BTU
2024-05-20 13:45:00,23.065,23.07,23.06,23.065,1499.0,BTU
2024-05-20 13:44:00,23.06,23.225,23.055,23.06,4325.0,BTU
2024-05-20 13:43:00,23.09,23.09,22.54,23.07,8000.0,BTU
2024-05-20 13:42:00,23.082,23.105,23.08,23.1,3496.0,BTU
2024-05-20 13:41:00,23.095,23.095,23.085,23.085,1132.0,BTU
2024-05-20 13:40:00,23.105,23.105,23.08,23.095,4178.0,BTU
2024-05-20 13:39:00,23.1,23.11,23.095,23.105,3247.0,BTU
2024-05-20 13:38:00,23.1,23.1,23.095,23.095,928.0,BTU
2024-05-20 13:37:00,23.1,23.13,23.095,23.1,15416.0,BTU
2024-05-20 13:36:00,23.085,23.11,23.085,23.105,4073.0,BTU
2024-05-20 13:35:00,23.09,23.097,23.085,23.09,1504.0,BTU
2024-05-20 13:34:00,23.1,23.1,23.095,23.098,5698.0,BTU
2024-05-20 13:33:00,23.065,23.1,23.05,23.1,7473.0,BTU
2024-05-20 13:32:00,23.065,23.065,23.065,23.065,545.0,BTU
2024-05-20 13:31:00,23.075,23.085,23.07,23.07,2328.0,BTU
2024-05-20 13:30:00,23.1,23.11,23.075,23.075,3482.0,BTU
2024-05-20 13:29:00,23.1,23.1,23.095,23.1,590.0,BTU
2024-05-20 13:28:00,23.08,23.107,23.08,23.1,2538.0,BTU
2024-05-20 13:27:00,23.09,23.09,23.074,23.075,2673.0,BTU
2024-05-20 13:26:00,23.08,23.09,23.08,23.09,388.0,BTU
2024-05-20 13:25:00,23.1,23.105,23.09,23.09,4125.0,BTU
2024-05-20 13:24:00,23.105,23.106,23.1,23.105,1575.0,BTU
2024-05-20 13:23:00,23.1,23.105,23.095,23.1,5016.0,BTU
2024-05-20 13:22:00,23.075,23.105,23.075,23.1,5506.0,BTU
2024-05-20 13:21:00,23.091,23.1,23.075,23.075,3358.0,BTU
2024-05-20 13:20:00,23.1,23.1,23.095,23.095,2127.0,BTU
2024-05-20 13:19:00,23.095,23.105,23.09,23.1,12374.0,BTU
2024-05-20 13:18:00,23.11,23.11,23.1,23.1,1793.0,BTU
2024-05-20 13:17:00,23.14,23.14,23.11,23.115,10567.0,BTU
2024-05-20 13:16:00,23.136,23.136,23.13,23.13,1932.0,BTU
2024-05-20 13:15:00,23.145,23.15,23.135,23.135,6736.0,BTU
2024-05-20 13:14:00,23.147,23.15,23.145,23.15,6121.0,BTU
2024-05-20 13:13:00,23.15,23.15,23.145,23.145,1057.0,BTU
2024-05-20 13:12:00,23.21,23.22,23.16,23.16,12966.0,BTU
2024-05-20 13:11:00,23.195,23.225,23.195,23.225,3233.0,BTU
2024-05-20 13:10:00,23.215,23.215,23.19,23.195,5682.0,BTU
2024-05-20 13:09:00,23.24,23.24,23.22,23.22,1382.0,BTU
2024-05-20 13:08:00,23.22,23.24,23.22,23.235,2763.0,BTU
2024-05-20 13:07:00,23.22,23.23,23.22,23.22,1121.0,BTU
2024-05-20 13:06:00,23.22,23.225,23.22,23.225,1055.0,BTU
2024-05-20 13:05:00,23.23,23.24,23.23,23.23,1236.0,BTU
2024-05-20 13:04:00,23.25,23.25,23.23,23.24,3446.0,BTU
2024-05-20 13:03:00,23.2,23.25,23.2,23.25,12966.0,BTU
2024-05-20 13:01:00,23.18,23.199,23.17,23.199,6558.0,BTU
2024-05-20 13:00:00,23.18,23.19,23.18,23.18,1135.0,BTU
2024-05-20 12:59:00,23.09,23.17,23.08,23.17,18015.0,BTU
2024-05-20 12:58:00,23.08,23.09,23.08,23.09,4709.0,BTU
2024-05-20 12:57:00,23.11,23.11,23.085,23.085,2880.0,BTU
2024-05-20 12:56:00,23.12,23.125,23.1,23.1,3920.0,BTU
2024-05-20 12:55:00,23.12,23.13,23.115,23.12,11829.0,BTU
2024-05-20 12:54:00,23.12,23.12,23.11,23.113,992.0,BTU
2024-05-20 12:53:00,23.11,23.125,23.1,23.115,2198.0,BTU
2024-05-20 12:52:00,23.115,23.117,23.11,23.11,2090.0,BTU
2024-05-20 12:51:00,23.08,23.116,23.08,23.116,2782.0,BTU
2024-05-20 12:50:00,23.06,23.09,23.06,23.085,4996.0,BTU
2024-05-20 12:49:00,23.06,23.065,23.06,23.06,1628.0,BTU
2024-05-20 12:48:00,23.07,23.07,23.06,23.06,1748.0,BTU
2024-05-20 12:47:00,23.06,23.07,23.06,23.06,5874.0,BTU
2024-05-20 12:46:00,23.1,23.105,23.04,23.055,12236.0,BTU
2024-05-20 12:45:00,23.09,23.099,23.09,23.099,1064.0,BTU
2024-05-20 12:44:00,23.09,23.09,23.09,23.09,330.0,BTU
2024-05-20 12:43:00,23.105,23.112,23.09,23.095,6734.0,BTU
2024-05-20 12:42:00,23.1,23.11,23.1,23.11,514.0,BTU
2024-05-20 12:41:00,23.11,23.11,23.095,23.095,728.0,BTU
2024-05-20 12:40:00,23.07,23.105,23.065,23.1,4567.0,BTU
2024-05-20 12:39:00,23.095,23.1,23.08,23.08,3098.0,BTU
2024-05-20 12:38:00,23.15,23.15,23.09,23.09,7100.0,BTU
2024-05-20 12:37:00,23.17,23.175,23.15,23.15,3454.0,BTU
2024-05-20 12:36:00,23.19,23.19,23.16,23.17,13373.0,BTU
2024-05-20 12:35:00,23.235,23.24,23.19,23.19,13538.0,BTU
2024-05-20 12:34:00,23.212,23.24,23.212,23.24,4532.0,BTU
2024-05-20 12:33:00,23.215,23.215,23.21,23.21,1720.0,BTU
2024-05-20 12:32:00,23.21,23.215,23.21,23.215,1027.0,BTU
2024-05-20 12:31:00,23.185,23.215,23.16,23.21,13086.0,BTU
2024-05-20 12:30:00,23.17,23.186,23.155,23.186,11256.0,BTU
2024-05-20 12:29:00,23.185,23.19,23.17,23.175,9617.0,BTU
2024-05-20 12:28:00,23.195,23.195,23.185,23.185,4058.0,BTU
2024-05-20 12:27:00,23.185,23.2,23.185,23.195,9300.0,BTU
2024-05-20 12:26:00,23.18,23.185,23.175,23.185,1477.0,BTU
2024-05-20 12:25:00,23.175,23.19,23.175,23.18,2727.0,BTU
2024-05-20 12:24:00,23.18,23.18,23.175,23.175,467.0,BTU
2024-05-20 12:23:00,23.15,23.18,23.15,23.175,3496.0,BTU
2024-05-20 12:22:00,23.155,23.155,23.15,23.155,1784.0,BTU
2024-05-20 12:21:00,23.17,23.17,23.15,23.153,4000.0,BTU
2024-05-20 12:20:00,23.17,23.18,23.17,23.175,1859.0,BTU
2024-05-20 12:19:00,23.18,23.18,23.18,23.18,380.0,BTU
2024-05-20 12:18:00,23.18,23.18,23.175,23.18,1094.0,BTU
2024-05-20 12:17:00,23.17,23.185,23.17,23.18,6020.0,BTU
2024-05-20 12:16:00,23.155,23.17,23.155,23.165,1862.0,BTU
2024-05-20 12:15:00,23.17,23.17,23.155,23.155,8121.0,BTU
2024-05-20 12:14:00,23.18,23.18,23.17,23.178,965.0,BTU
2024-05-20 12:13:00,23.175,23.18,23.16,23.18,3527.0,BTU
2024-05-20 12:12:00,23.175,23.18,23.17,23.17,798.0,BTU
2024-05-20 12:11:00,23.18,23.18,23.18,23.18,196.0,BTU
2024-05-20 12:10:00,23.18,23.18,23.165,23.17,2772.0,BTU
2024-05-20 12:09:00,23.175,23.185,23.175,23.18,3400.0,BTU
2024-05-20 12:08:00,23.175,23.18,23.17,23.175,2926.0,BTU
2024-05-20 12:07:00,23.185,23.185,23.175,23.175,2753.0,BTU
2024-05-20 12:06:00,23.215,23.215,23.185,23.185,3347.0,BTU
2024-05-20 12:05:00,23.22,23.22,23.215,23.215,767.0,BTU
2024-05-20 12:04:00,23.225,23.225,23.219,23.219,2265.0,BTU
2024-05-20 12:03:00,23.205,23.225,23.205,23.225,3306.0,BTU
2024-05-20 12:02:00,23.215,23.22,23.205,23.205,2782.0,BTU
2024-05-20 12:01:00,23.215,23.22,23.21,23.215,881.0,BTU
2024-05-20 12:00:00,23.21,23.22,23.21,23.215,2594.0,BTU
2024-05-20 11:59:00,23.195,23.21,23.19,23.21,5314.0,BTU
2024-05-20 11:58:00,23.17,23.2,23.17,23.195,5902.0,BTU
2024-05-20 11:57:00,23.17,23.175,23.17,23.17,2479.0,BTU
2024-05-20 11:56:00,23.165,23.18,23.165,23.18,6038.0,BTU
2024-05-20 11:55:00,23.185,23.185,23.16,23.17,5625.0,BTU
2024-05-20 11:54:00,23.19,23.19,23.19,23.19,390.0,BTU
2024-05-20 11:53:00,23.18,23.195,23.18,23.19,2600.0,BTU
2024-05-20 11:52:00,23.18,23.2,23.18,23.2,5662.0,BTU
2024-05-20 11:51:00,23.135,23.175,23.135,23.175,4865.0,BTU
2024-05-20 11:50:00,23.135,23.15,23.135,23.14,3701.0,BTU
2024-05-20 11:49:00,23.14,23.145,23.132,23.135,2599.0,BTU
2024-05-20 11:48:00,23.17,23.175,23.135,23.155,6529.0,BTU
2024-05-20 11:47:00,23.19,23.19,23.175,23.175,5042.0,BTU
2024-05-20 11:46:00,23.195,23.195,23.195,23.195,1040.0,BTU
2024-05-20 11:45:00,23.19,23.195,23.19,23.195,1156.0,BTU
2024-05-20 11:44:00,23.181,23.185,23.18,23.185,1806.0,BTU
2024-05-20 11:43:00,23.18,23.19,23.18,23.19,1321.0,BTU
2024-05-20 11:42:00,23.19,23.2,23.18,23.19,6538.0,BTU
2024-05-20 11:41:00,23.16,23.185,23.16,23.185,8594.0,BTU
2024-05-20 11:40:00,23.16,23.16,23.15,23.15,4964.0,BTU
2024-05-20 11:39:00,23.12,23.16,23.12,23.16,7619.0,BTU
2024-05-20 11:38:00,23.13,23.13,23.125,23.125,624.0,BTU
2024-05-20 11:37:00,23.115,23.14,23.115,23.13,5651.0,BTU
2024-05-20 11:36:00,23.1,23.12,23.1,23.11,2824.0,BTU
2024-05-20 11:35:00,23.08,23.1,23.075,23.1,7463.0,BTU
2024-05-20 11:34:00,23.11,23.11,23.09,23.09,942.0,BTU
2024-05-20 11:33:00,23.125,23.125,23.105,23.11,11455.0,BTU
2024-05-20 11:32:00,23.125,23.125,23.11,23.125,2897.0,BTU
2024-05-20 11:31:00,23.1,23.125,23.1,23.125,6841.0,BTU
2024-05-20 11:30:00,23.1,23.12,23.1,23.11,4618.0,BTU
2024-05-20 11:29:00,23.1,23.104,23.095,23.104,2125.0,BTU
2024-05-20 11:28:00,23.07,23.12,23.07,23.105,8298.0,BTU
2024-05-20 11:27:00,23.065,23.07,23.06,23.06,1192.0,BTU
2024-05-20 11:26:00,23.07,23.07,23.06,23.065,4579.0,BTU
2024-05-20 11:25:00,23.05,23.065,23.05,23.06,6150.0,BTU
2024-05-20 11:24:00,23.07,23.07,23.05,23.055,3220.0,BTU
2024-05-20 11:23:00,23.095,23.1,23.065,23.065,9655.0,BTU
2024-05-20 11:22:00,23.095,23.1,23.09,23.095,6200.0,BTU
2024-05-20 11:21:00,23.1,23.11,23.095,23.095,1454.0,BTU
2024-05-20 11:20:00,23.105,23.105,23.095,23.1,2798.0,BTU
2024-05-20 11:19:00,23.1,23.11,23.1,23.11,2201.0,BTU
2024-05-20 11:18:00,23.09,23.1,23.08,23.095,4652.0,BTU
2024-05-20 11:17:00,23.066,23.095,23.065,23.095,4767.0,BTU
2024-05-20 11:16:00,23.08,23.08,23.065,23.066,4251.0,BTU
2024-05-20 11:15:00,23.025,23.07,23.025,23.07,10611.0,BTU
2024-05-20 11:14:00,23.02,23.025,23.02,23.026,1248.0,BTU
2024-05-20 11:13:00,22.98,23.02,22.98,23.01,4893.0,BTU
2024-05-20 11:12:00,22.97,22.98,22.965,22.98,2640.0,BTU
2024-05-20 11:11:00,22.97,22.97,22.96,22.97,3147.0,BTU
2024-05-20 11:10:00,22.975,22.975,22.95,22.96,5244.0,BTU
2024-05-20 11:09:00,22.93,22.98,22.93,22.97,7709.0,BTU
2024-05-20 11:08:00,22.89,22.93,22.89,22.93,6071.0,BTU
2024-05-20 11:07:00,22.87,22.89,22.865,22.89,10389.0,BTU
2024-05-20 11:06:00,22.855,22.88,22.855,22.87,6331.0,BTU
2024-05-20 11:05:00,22.855,22.88,22.84,22.87,12443.0,BTU
2024-05-20 11:04:00,22.871,22.871,22.855,22.855,1622.0,BTU
2024-05-20 11:03:00,22.92,22.92,22.87,22.87,4734.0,BTU
2024-05-20 11:02:00,22.92,22.925,22.91,22.92,5095.0,BTU
2024-05-20 11:01:00,22.937,22.937,22.925,22.93,1900.0,BTU
2024-05-20 11:00:00,22.985,22.985,22.935,22.935,17040.0,BTU
2024-05-20 10:59:00,22.985,22.995,22.98,22.99,4755.0,BTU
2024-05-20 10:58:00,22.99,22.99,22.981,22.982,1929.0,BTU
2024-05-20 10:57:00,23.005,23.005,22.99,22.99,4041.0,BTU
2024-05-20 10:56:00,22.99,23.008,22.99,23.008,4060.0,BTU
2024-05-20 10:55:00,22.99,23.0,22.98,22.99,1313.0,BTU
2024-05-20 10:54:00,22.99,23.0,22.99,23.0,2056.0,BTU
2024-05-20 10:53:00,22.94,22.98,22.94,22.97,2944.0,BTU
2024-05-20 10:52:00,22.91,22.94,22.91,22.94,2970.0,BTU
2024-05-20 10:51:00,22.9,22.91,22.9,22.91,4456.0,BTU
2024-05-20 10:50:00,22.93,22.935,22.9,22.9,3685.0,BTU
2024-05-20 10:49:00,22.96,22.965,22.93,22.94,3491.0,BTU
2024-05-20 10:48:00,23.018,23.018,22.96,22.985,8482.0,BTU
2024-05-20 10:47:00,23.015,23.02,23.0,23.018,14122.0,BTU
2024-05-20 10:46:00,23.002,23.02,22.998,23.015,7565.0,BTU
2024-05-20 10:45:00,23.005,23.005,23.005,23.005,560.0,BTU
2024-05-20 10:44:00,23.0,23.01,23.0,23.005,2866.0,BTU
2024-05-20 10:43:00,22.969,22.995,22.96,22.991,6259.0,BTU
2024-05-20 10:42:00,22.961,22.961,22.961,22.961,384.0,BTU
2024-05-20 10:41:00,22.945,22.96,22.94,22.96,3474.0,BTU
2024-05-20 10:40:00,22.94,22.945,22.93,22.945,2180.0,BTU
2024-05-20 10:39:00,22.92,22.945,22.905,22.945,9445.0,BTU
2024-05-20 10:38:00,22.905,22.91,22.905,22.91,2733.0,BTU
2024-05-20 10:37:00,22.912,22.912,22.91,22.91,904.0,BTU
2024-05-20 10:36:00,22.88,22.91,22.88,22.91,4523.0,BTU
2024-05-20 10:35:00,22.835,22.87,22.83,22.87,6048.0,BTU
2024-05-20 10:34:00,22.855,22.855,22.84,22.84,2984.0,BTU
2024-05-20 10:33:00,22.88,22.88,22.85,22.855,2037.0,BTU
2024-05-20 10:32:00,22.87,22.875,22.87,22.875,940.0,BTU
2024-05-20 10:31:00,22.85,22.865,22.85,22.865,949.0,BTU
2024-05-20 10:30:00,22.865,22.865,22.84,22.845,2630.0,BTU
2024-05-20 10:29:00,22.825,22.87,22.81,22.87,9540.0,BTU
2024-05-20 10:28:00,22.82,22.82,22.815,22.82,1568.0,BTU
2024-05-20 10:27:00,22.82,22.83,22.815,22.82,3618.0,BTU
2024-05-20 10:26:00,22.805,22.81,22.805,22.81,1401.0,BTU
2024-05-20 10:25:00,22.81,22.81,22.81,22.81,562.0,BTU
2024-05-20 10:24:00,22.83,22.84,22.815,22.815,5795.0,BTU
2024-05-20 10:23:00,22.82,22.82,22.82,22.82,788.0,BTU
2024-05-20 10:22:00,22.8,22.815,22.8,22.815,730.0,BTU
2024-05-20 10:21:00,22.81,22.81,22.785,22.8,4226.0,BTU
2024-05-20 10:20:00,22.85,22.85,22.805,22.81,2653.0,BTU
2024-05-20 10:19:00,22.87,22.87,22.845,22.845,2953.0,BTU
2024-05-20 10:18:00,22.88,22.88,22.875,22.875,859.0,BTU
2024-05-20 10:17:00,22.89,22.89,22.88,22.88,975.0,BTU
2024-05-20 10:16:00,22.913,22.913,22.88,22.885,7237.0,BTU
2024-05-20 10:15:00,22.92,22.93,22.91,22.914,3213.0,BTU
2024-05-20 10:14:00,22.93,22.95,22.92,22.92,13085.0,BTU
2024-05-20 10:13:00,22.88,22.93,22.88,22.93,30981.0,BTU
2024-05-20 10:12:00,22.89,22.89,22.88,22.88,1921.0,BTU
2024-05-20 10:11:00,22.887,22.895,22.88,22.88,3829.0,BTU
2024-05-20 10:10:00,22.87,22.88,22.86,22.88,3844.0,BTU
2024-05-20 10:09:00,22.88,22.88,22.87,22.88,3947.0,BTU
2024-05-20 10:08:00,22.87,22.89,22.86,22.88,5222.0,BTU
2024-05-20 10:07:00,22.817,22.88,22.81,22.87,17006.0,BTU
2024-05-20 10:06:00,22.8,22.815,22.78,22.815,9996.0,BTU
2024-05-20 10:05:00,22.76,22.815,22.745,22.8,14993.0,BTU
2024-05-20 10:04:00,22.735,22.76,22.725,22.76,8637.0,BTU
2024-05-20 10:03:00,22.73,22.77,22.73,22.74,91058.0,BTU
2024-05-20 10:02:00,22.73,22.74,22.71,22.74,8658.0,BTU
2024-05-20 10:01:00,22.72,22.725,22.715,22.72,1029.0,BTU
2024-05-20 10:00:00,22.73,22.74,22.72,22.72,6147.0,BTU
2024-05-20 09:59:00,22.69,22.72,22.69,22.72,3581.0,BTU
2024-05-20 09:58:00,22.658,22.685,22.658,22.685,1257.0,BTU
2024-05-20 09:57:00,22.66,22.66,22.66,22.66,275.0,BTU
2024-05-20 09:56:00,22.6,22.63,22.59,22.63,14503.0,BTU
2024-05-20 09:55:00,22.61,22.625,22.61,22.62,2895.0,BTU
2024-05-20 09:54:00,22.62,22.64,22.62,22.63,2929.0,BTU
2024-05-20 09:53:00,22.61,22.62,22.61,22.62,1092.0,BTU
2024-05-20 09:52:00,22.61,22.65,22.61,22.62,2683.0,BTU
2024-05-20 09:51:00,22.56,22.6,22.54,22.6,62076.0,BTU
2024-05-20 09:50:00,22.55,22.57,22.535,22.57,3611.0,BTU
2024-05-20 09:49:00,22.565,22.6,22.54,22.57,49748.0,BTU
2024-05-20 09:48:00,22.53,22.59,22.51,22.56,274547.0,BTU
2024-05-20 09:47:00,22.56,22.56,22.53,22.53,4497.0,BTU
2024-05-20 09:46:00,22.54,22.56,22.54,22.56,743.0,BTU
2024-05-20 09:45:00,22.53,22.555,22.53,22.55,2430.0,BTU
2024-05-20 09:44:00,22.55,22.55,22.53,22.53,2518.0,BTU
2024-05-20 09:43:00,22.56,22.57,22.54,22.565,1289.0,BTU
2024-05-20 09:42:00,22.56,22.585,22.56,22.56,2501.0,BTU
2024-05-20 09:41:00,22.6,22.6,22.57,22.58,3746.0,BTU
2024-05-20 09:40:00,22.58,22.58,22.58,22.58,580.0,BTU
2024-05-20 09:39:00,22.62,22.62,22.6,22.61,2926.0,BTU
2024-05-20 09:38:00,22.62,22.64,22.61,22.64,679.0,BTU
2024-05-20 09:37:00,22.59,22.63,22.59,22.62,2845.0,BTU
2024-05-20 09:36:00,22.7,22.71,22.645,22.645,7725.0,BTU
2024-05-20 09:35:00,22.69,22.69,22.67,22.69,1104.0,BTU
2024-05-20 09:34:00,22.71,22.73,22.69,22.7,5425.0,BTU
2024-05-20 09:33:00,22.73,22.74,22.71,22.73,5502.0,BTU
2024-05-20 09:32:00,22.62,22.73,22.62,22.73,9179.0,BTU
2024-05-20 09:31:00,22.615,22.65,22.58,22.65,1563.0,BTU
2024-05-20 09:30:00,22.52,22.65,22.52,22.62,23583.0,BTU
2024-05-20 09:29:00,22.53,22.53,22.5,22.5,16.0,BTU
2024-05-20 09:28:00,22.57,22.57,22.57,22.57,11.0,BTU
2024-05-20 09:14:00,22.57,22.57,22.57,22.57,62.0,BTU
2024-05-20 09:05:00,22.53,22.53,22.53,22.53,74.0,BTU
2024-05-20 08:50:00,22.57,22.57,22.57,22.57,9.0,BTU
2024-05-20 08:45:00,22.56,22.57,22.56,22.57,7.0,BTU
2024-05-20 08:10:00,22.54,22.54,22.54,22.54,48.0,BTU
2024-05-20 08:00:00,22.54,22.54,22.54,22.54,0.0,BTU
2024-05-20 07:00:00,22.54,22.54,22.54,22.54,1.0,BTU
2024-05-20 04:20:00,22.59,22.59,22.57,22.57,1.0,BTU
2024-05-17 19:00:00,22.53,22.53,22.53,22.53,247002.0,BTU
2024-05-17 18:30:00,22.53,22.53,22.53,22.53,247002.0,BTU
2024-05-17 18:15:00,22.6,22.6,22.6,22.6,19.0,BTU
2024-05-17 18:11:00,22.91,22.91,22.91,22.91,5.0,BTU
2024-05-17 17:38:00,22.66,22.66,22.66,22.66,3.0,BTU
2024-05-17 16:10:00,22.53,22.53,22.53,22.53,247002.0,BTU
2024-05-17 16:06:00,22.41,22.41,22.41,22.41,0.0,BTU
2024-05-17 16:02:00,22.53,22.53,22.53,22.53,579.0,BTU
2024-05-17 16:01:00,22.53,22.53,22.53,22.53,4730.0,BTU
2024-05-17 16:00:00,22.535,22.66,22.52,22.53,512975.0,BTU
2024-05-17 15:59:00,22.55,22.55,22.505,22.54,104044.0,BTU
2024-05-17 15:58:00,22.54,22.55,22.53,22.545,63364.0,BTU
2024-05-17 15:57:00,22.555,22.56,22.535,22.535,44458.0,BTU
2024-05-17 15:56:00,22.545,22.57,22.53,22.56,43773.0,BTU
2024-05-17 15:55:00,22.54,22.575,22.54,22.545,32020.0,BTU
2024-05-17 15:54:00,22.545,22.55,22.53,22.54,45730.0,BTU
2024-05-17 15:53:00,22.54,22.555,22.52,22.55,37704.0,BTU
2024-05-17 15:52:00,22.555,22.56,22.54,22.545,33494.0,BTU
2024-05-17 15:51:00,22.55,22.57,22.55,22.555,17099.0,BTU
2024-05-17 15:50:00,22.52,22.555,22.515,22.555,39859.0,BTU
2024-05-17 15:49:00,22.495,22.525,22.495,22.515,17054.0,BTU
2024-05-17 15:48:00,22.505,22.515,22.49,22.49,24590.0,BTU
2024-05-17 15:47:00,22.52,22.52,22.5,22.5,32079.0,BTU
2024-05-17 15:46:00,22.545,22.545,22.52,22.52,21842.0,BTU
2024-05-17 15:45:00,22.55,22.585,22.545,22.545,38982.0,BTU
2024-05-17 15:44:00,22.51,22.545,22.51,22.545,22651.0,BTU
2024-05-17 15:43:00,22.52,22.525,22.505,22.51,38659.0,BTU
2024-05-17 15:42:00,22.55,22.55,22.52,22.52,17675.0,BTU
2024-05-17 15:41:00,22.545,22.55,22.54,22.54,2966.0,BTU
2024-05-17 15:40:00,22.515,22.55,22.51,22.55,23413.0,BTU
2024-05-17 15:39:00,22.505,22.52,22.5,22.515,8334.0,BTU
2024-05-17 15:38:00,22.52,22.525,22.5,22.51,13364.0,BTU
2024-05-17 15:37:00,22.55,22.555,22.52,22.52,4676.0,BTU
2024-05-17 15:36:00,22.56,22.56,22.545,22.555,10398.0,BTU
2024-05-17 15:35:00,22.565,22.565,22.555,22.555,6858.0,BTU
2024-05-17 15:34:00,22.565,22.57,22.56,22.56,3472.0,BTU
2024-05-17 15:33:00,22.58,22.585,22.56,22.56,12954.0,BTU
2024-05-17 15:32:00,22.61,22.61,22.585,22.59,5849.0,BTU
2024-05-17 15:31:00,22.625,22.625,22.605,22.61,8025.0,BTU
2024-05-17 15:30:00,22.6,22.625,22.6,22.625,16757.0,BTU
2024-05-17 15:29:00,22.58,22.61,22.572,22.605,16233.0,BTU
2024-05-17 15:28:00,22.57,22.58,22.57,22.575,4720.0,BTU
2024-05-17 15:27:00,22.565,22.57,22.545,22.56,19398.0,BTU
2024-05-17 15:26:00,22.535,22.575,22.535,22.565,12864.0,BTU
2024-05-17 15:25:00,22.535,22.54,22.535,22.535,5167.0,BTU
2024-05-17 15:24:00,22.505,22.54,22.5,22.54,30524.0,BTU
2024-05-17 15:23:00,22.505,22.515,22.5,22.505,58242.0,BTU
2024-05-17 15:22:00,22.505,22.51,22.5,22.5,5458.0,BTU
2024-05-17 15:21:00,22.5,22.505,22.495,22.505,7037.0,BTU
2024-05-17 15:20:00,22.54,22.54,22.5,22.5,5396.0,BTU
2024-05-17 15:19:00,22.565,22.565,22.545,22.55,3968.0,BTU
2024-05-17 15:18:00,22.517,22.565,22.515,22.56,12007.0,BTU
2024-05-17 15:17:00,22.52,22.52,22.51,22.52,2858.0,BTU
2024-05-17 15:16:00,22.55,22.55,22.525,22.525,5375.0,BTU
2024-05-17 15:15:00,22.495,22.545,22.495,22.545,5504.0,BTU
2024-05-17 15:14:00,22.43,22.49,22.43,22.49,16889.0,BTU
2024-05-17 15:13:00,22.435,22.445,22.425,22.43,8479.0,BTU
2024-05-17 15:12:00,22.435,22.445,22.43,22.43,2760.0,BTU
2024-05-17 15:11:00,22.415,22.43,22.415,22.43,5797.0,BTU
2024-05-17 15:10:00,22.42,22.43,22.42,22.42,11271.0,BTU
2024-05-17 15:09:00,22.41,22.415,22.405,22.41,6599.0,BTU
2024-05-17 15:08:00,22.405,22.415,22.405,22.415,4981.0,BTU
2024-05-17 15:07:00,22.425,22.425,22.4,22.4,5591.0,BTU
2024-05-17 15:06:00,22.45,22.45,22.42,22.425,7057.0,BTU
2024-05-17 15:05:00,22.435,22.445,22.435,22.44,6030.0,BTU
2024-05-17 15:04:00,22.43,22.455,22.43,22.43,8018.0,BTU
2024-05-17 15:03:00,22.4,22.425,22.39,22.42,8323.0,BTU
2024-05-17 15:02:00,22.395,22.405,22.39,22.405,6761.0,BTU
2024-05-17 15:01:00,22.39,22.4,22.38,22.395,8223.0,BTU
2024-05-17 15:00:00,22.395,22.4,22.39,22.395,3317.0,BTU
2024-05-17 14:59:00,22.405,22.41,22.395,22.395,4056.0,BTU
2024-05-17 14:58:00,22.415,22.415,22.405,22.41,3613.0,BTU
2024-05-17 14:57:00,22.445,22.45,22.405,22.415,9951.0,BTU
2024-05-17 14:56:00,22.445,22.45,22.445,22.445,2766.0,BTU
2024-05-17 14:55:00,22.45,22.45,22.445,22.45,2196.0,BTU
2024-05-17 14:54:00,22.46,22.46,22.435,22.455,8616.0,BTU
2024-05-17 14:53:00,22.465,22.467,22.46,22.46,529.0,BTU
2024-05-17 14:52:00,22.465,22.47,22.46,22.465,1591.0,BTU
2024-05-17 14:50:00,22.465,22.465,22.465,22.465,1058.0,BTU
2024-05-17 14:49:00,22.45,22.465,22.45,22.465,4187.0,BTU
2024-05-17 14:48:00,22.46,22.47,22.455,22.455,5320.0,BTU
2024-05-17 14:47:00,22.455,22.46,22.455,22.46,1732.0,BTU
2024-05-17 14:46:00,22.47,22.47,22.455,22.455,5242.0,BTU
2024-05-17 14:45:00,22.445,22.465,22.44,22.46,9246.0,BTU
2024-05-17 14:44:00,22.44,22.45,22.44,22.44,3053.0,BTU
2024-05-17 14:43:00,22.445,22.445,22.445,22.445,203.0,BTU
2024-05-17 14:42:00,22.45,22.45,22.44,22.44,3156.0,BTU
2024-05-17 14:41:00,22.46,22.46,22.45,22.455,2445.0,BTU
2024-05-17 14:39:00,22.455,22.46,22.45,22.455,1334.0,BTU
2024-05-17 14:38:00,22.43,22.46,22.43,22.45,7424.0,BTU
2024-05-17 14:37:00,22.42,22.425,22.415,22.425,2281.0,BTU
2024-05-17 14:36:00,22.42,22.42,22.41,22.415,2846.0,BTU
2024-05-17 14:35:00,22.405,22.42,22.405,22.42,4344.0,BTU
2024-05-17 14:34:00,22.4,22.41,22.395,22.4,7094.0,BTU
2024-05-17 14:33:00,22.405,22.41,22.39,22.395,2442.0,BTU
2024-05-17 14:32:00,22.4,22.405,22.4,22.4,877.0,BTU
2024-05-17 14:31:00,22.405,22.405,22.4,22.4,730.0,BTU
2024-05-17 14:30:00,22.4,22.405,22.4,22.4,3904.0,BTU
2024-05-17 14:29:00,22.41,22.41,22.37,22.39,11888.0,BTU
2024-05-17 14:28:00,22.42,22.425,22.41,22.41,3572.0,BTU
2024-05-17 14:27:00,22.425,22.43,22.42,22.42,4513.0,BTU
2024-05-17 14:25:00,22.425,22.425,22.42,22.424,1587.0,BTU
2024-05-17 14:24:00,22.405,22.42,22.4,22.42,3891.0,BTU
2024-05-17 14:23:00,22.42,22.425,22.4,22.405,4828.0,BTU
2024-05-17 14:22:00,22.41,22.435,22.41,22.425,7835.0,BTU
2024-05-17 14:21:00,22.43,22.43,22.41,22.41,3082.0,BTU
2024-05-17 14:20:00,22.44,22.44,22.43,22.43,2633.0,BTU
2024-05-17 14:19:00,22.44,22.444,22.44,22.444,337.0,BTU
2024-05-17 14:18:00,22.45,22.45,22.445,22.45,495.0,BTU
2024-05-17 14:17:00,22.45,22.45,22.44,22.44,6518.0,BTU
2024-05-17 14:16:00,22.425,22.44,22.425,22.44,4651.0,BTU
2024-05-17 14:15:00,22.435,22.445,22.425,22.425,6532.0,BTU
2024-05-17 14:14:00,22.435,22.435,22.42,22.435,5682.0,BTU
2024-05-17 14:13:00,22.45,22.45,22.435,22.435,1400.0,BTU
2024-05-17 14:12:00,22.445,22.445,22.445,22.445,136.0,BTU
2024-05-17 14:11:00,22.43,22.445,22.425,22.445,3160.0,BTU
2024-05-17 14:10:00,22.445,22.445,22.425,22.425,1710.0,BTU
2024-05-17 14:09:00,22.445,22.46,22.44,22.44,4200.0,BTU
2024-05-17 14:08:00,22.45,22.45,22.445,22.445,911.0,BTU
2024-05-17 14:07:00,22.45,22.45,22.445,22.445,1458.0,BTU
2024-05-17 14:06:00,22.46,22.46,22.455,22.46,1217.0,BTU
2024-05-17 14:05:00,22.455,22.46,22.451,22.46,4122.0,BTU
2024-05-17 14:04:00,22.455,22.46,22.455,22.455,3292.0,BTU
2024-05-17 14:03:00,22.465,22.465,22.45,22.455,2467.0,BTU
2024-05-17 14:02:00,22.48,22.48,22.465,22.465,2693.0,BTU
2024-05-17 14:01:00,22.48,22.48,22.48,22.48,153.0,BTU
2024-05-17 14:00:00,22.465,22.475,22.465,22.475,3727.0,BTU
2024-05-17 13:59:00,22.465,22.465,22.465,22.465,461.0,BTU
2024-05-17 13:58:00,22.48,22.48,22.46,22.47,5587.0,BTU
2024-05-17 13:57:00,22.5,22.5,22.48,22.48,20876.0,BTU
2024-05-17 13:56:00,22.485,22.49,22.485,22.49,1226.0,BTU
2024-05-17 13:55:00,22.49,22.49,22.485,22.485,2079.0,BTU
2024-05-17 13:54:00,22.475,22.49,22.475,22.49,5359.0,BTU
2024-05-17 13:53:00,22.47,22.47,22.465,22.47,2194.0,BTU
2024-05-17 13:52:00,22.485,22.485,22.48,22.48,1186.0,BTU
2024-05-17 13:51:00,22.485,22.49,22.46,22.49,5989.0,BTU
2024-05-17 13:50:00,22.485,22.49,22.485,22.485,2643.0,BTU
2024-05-17 13:49:00,22.485,22.49,22.485,22.49,999.0,BTU
2024-05-17 13:48:00,22.485,22.49,22.485,22.485,987.0,BTU
2024-05-17 13:47:00,22.485,22.49,22.48,22.49,1309.0,BTU
2024-05-17 13:45:00,22.485,22.485,22.485,22.485,841.0,BTU
2024-05-17 13:44:00,22.47,22.485,22.47,22.485,3977.0,BTU
2024-05-17 13:43:00,22.475,22.5,22.475,22.475,4724.0,BTU
2024-05-17 13:42:00,22.465,22.47,22.465,22.47,1892.0,BTU
2024-05-17 13:41:00,22.47,22.47,22.465,22.465,794.0,BTU
2024-05-17 13:40:00,22.46,22.47,22.46,22.47,5081.0,BTU
2024-05-17 13:39:00,22.445,22.455,22.445,22.455,4891.0,BTU
2024-05-17 13:38:00,22.42,22.445,22.42,22.445,1590.0,BTU
2024-05-17 13:37:00,22.41,22.42,22.405,22.42,1791.0,BTU
2024-05-17 13:36:00,22.39,22.4,22.38,22.4,6450.0,BTU
2024-05-17 13:35:00,22.42,22.43,22.395,22.395,7489.0,BTU
2024-05-17 13:34:00,22.44,22.445,22.43,22.43,7014.0,BTU
2024-05-17 13:33:00,22.42,22.45,22.42,22.45,9734.0,BTU
2024-05-17 13:32:00,22.42,22.435,22.42,22.425,9293.0,BTU
2024-05-17 13:31:00,22.44,22.446,22.42,22.425,14118.0,BTU
2024-05-17 13:30:00,22.45,22.455,22.44,22.45,12411.0,BTU
2024-05-17 13:29:00,22.453,22.455,22.441,22.441,11497.0,BTU
2024-05-17 13:28:00,22.46,22.48,22.45,22.45,7842.0,BTU
2024-05-17 13:27:00,22.465,22.485,22.46,22.47,15508.0,BTU
2024-05-17 13:26:00,22.465,22.47,22.465,22.465,632.0,BTU
2024-05-17 13:25:00,22.47,22.48,22.465,22.465,4193.0,BTU
2024-05-17 13:24:00,22.465,22.475,22.465,22.475,2584.0,BTU
2024-05-17 13:23:00,22.45,22.46,22.45,22.46,2729.0,BTU
2024-05-17 13:22:00,22.45,22.455,22.45,22.455,1109.0,BTU
2024-05-17 13:21:00,22.43,22.44,22.43,22.44,3320.0,BTU
2024-05-17 13:20:00,22.425,22.44,22.425,22.425,7391.0,BTU
2024-05-17 13:19:00,22.41,22.43,22.41,22.425,5591.0,BTU
2024-05-17 13:18:00,22.395,22.41,22.395,22.41,2230.0,BTU
2024-05-17 13:17:00,22.365,22.4,22.365,22.4,14075.0,BTU
2024-05-17 13:16:00,22.365,22.365,22.36,22.365,1393.0,BTU
2024-05-17 13:15:00,22.365,22.37,22.365,22.365,1632.0,BTU
2024-05-17 13:14:00,22.369,22.37,22.365,22.365,1305.0,BTU
2024-05-17 13:13:00,22.365,22.365,22.365,22.365,370.0,BTU
2024-05-17 13:12:00,22.36,22.365,22.36,22.365,686.0,BTU
2024-05-17 13:11:00,22.37,22.37,22.37,22.37,677.0,BTU
2024-05-17 13:10:00,22.365,22.385,22.365,22.38,5818.0,BTU
2024-05-17 13:09:00,22.375,22.375,22.36,22.365,3474.0,BTU
2024-05-17 13:08:00,22.38,22.38,22.37,22.38,4833.0,BTU
2024-05-17 13:07:00,22.385,22.385,22.38,22.38,349.0,BTU
2024-05-17 13:06:00,22.38,22.38,22.38,22.38,1191.0,BTU
2024-05-17 13:05:00,22.41,22.415,22.385,22.385,3062.0,BTU
2024-05-17 13:04:00,22.415,22.415,22.415,22.415,957.0,BTU
2024-05-17 13:03:00,22.425,22.425,22.42,22.42,2788.0,BTU
2024-05-17 13:02:00,22.435,22.46,22.43,22.43,11796.0,BTU
2024-05-17 13:01:00,22.435,22.435,22.43,22.432,531.0,BTU
2024-05-17 13:00:00,22.43,22.435,22.425,22.435,4099.0,BTU
2024-05-17 12:59:00,22.43,22.43,22.414,22.43,3824.0,BTU
2024-05-17 12:58:00,22.405,22.425,22.405,22.425,2360.0,BTU
2024-05-17 12:57:00,22.405,22.406,22.405,22.406,852.0,BTU
2024-05-17 12:56:00,22.39,22.405,22.39,22.4,2424.0,BTU
2024-05-17 12:55:00,22.4,22.4,22.385,22.385,4315.0,BTU
2024-05-17 12:54:00,22.4,22.4,22.395,22.4,625.0,BTU
2024-05-17 12:53:00,22.4,22.4,22.39,22.39,1358.0,BTU
2024-05-17 12:52:00,22.395,22.4,22.395,22.4,510.0,BTU
2024-05-17 12:51:00,22.4,22.4,22.39,22.4,4675.0,BTU
2024-05-17 12:50:00,22.385,22.395,22.38,22.395,1865.0,BTU
2024-05-17 12:49:00,22.39,22.39,22.38,22.38,2266.0,BTU
2024-05-17 12:48:00,22.38,22.39,22.38,22.39,765.0,BTU
2024-05-17 12:47:00,22.37,22.38,22.37,22.38,1567.0,BTU
2024-05-17 12:46:00,22.36,22.37,22.36,22.37,309.0,BTU
2024-05-17 12:45:00,22.36,22.37,22.355,22.37,6476.0,BTU
2024-05-17 12:44:00,22.35,22.355,22.345,22.355,6468.0,BTU
2024-05-17 12:43:00,22.33,22.345,22.325,22.345,5617.0,BTU
2024-05-17 12:42:00,22.34,22.34,22.33,22.33,1508.0,BTU
2024-05-17 12:41:00,22.345,22.345,22.34,22.34,634.0,BTU
2024-05-17 12:40:00,22.345,22.35,22.345,22.35,1773.0,BTU
2024-05-17 12:39:00,22.34,22.37,22.335,22.345,7887.0,BTU
2024-05-17 12:38:00,22.34,22.345,22.34,22.34,1629.0,BTU
2024-05-17 12:37:00,22.34,22.34,22.34,22.34,211.0,BTU
2024-05-17 12:36:00,22.343,22.345,22.335,22.335,2862.0,BTU
2024-05-17 12:35:00,22.35,22.35,22.335,22.34,6940.0,BTU
2024-05-17 12:34:00,22.325,22.37,22.32,22.34,12832.0,BTU
2024-05-17 12:33:00,22.325,22.34,22.32,22.32,18612.0,BTU
2024-05-17 12:32:00,22.325,22.325,22.32,22.325,588.0,BTU
2024-05-17 12:31:00,22.32,22.325,22.32,22.32,495.0,BTU
2024-05-17 12:30:00,22.315,22.33,22.315,22.325,2687.0,BTU
2024-05-17 12:29:00,22.32,22.32,22.32,22.32,1775.0,BTU
2024-05-17 12:28:00,22.325,22.33,22.325,22.325,863.0,BTU
2024-05-17 12:27:00,22.32,22.325,22.32,22.325,2214.0,BTU
2024-05-17 12:26:00,22.3,22.32,22.295,22.32,4820.0,BTU
2024-05-17 12:25:00,22.3,22.305,22.3,22.301,1739.0,BTU
2024-05-17 12:24:00,22.305,22.31,22.305,22.305,2423.0,BTU
2024-05-17 12:23:00,22.288,22.31,22.288,22.31,2275.0,BTU
2024-05-17 12:22:00,22.285,22.29,22.28,22.28,5625.0,BTU
2024-05-17 12:21:00,22.289,22.289,22.285,22.285,472.0,BTU
2024-05-17 12:20:00,22.27,22.285,22.265,22.285,5727.0,BTU
2024-05-17 12:19:00,22.315,22.32,22.27,22.275,8661.0,BTU
2024-05-17 12:18:00,22.32,22.32,22.31,22.31,1305.0,BTU
2024-05-17 12:17:00,22.33,22.33,22.315,22.315,10622.0,BTU
2024-05-17 12:16:00,22.325,22.33,22.32,22.325,1305.0,BTU
2024-05-17 12:15:00,22.315,22.325,22.31,22.325,7142.0,BTU
2024-05-17 12:14:00,22.325,22.325,22.32,22.32,3151.0,BTU
2024-05-17 12:13:00,22.31,22.34,22.31,22.324,28088.0,BTU
2024-05-17 12:12:00,22.31,22.315,22.31,22.315,1539.0,BTU
2024-05-17 12:11:00,22.32,22.32,22.31,22.31,3162.0,BTU
2024-05-17 12:10:00,22.32,22.33,22.315,22.32,7844.0,BTU
2024-05-17 12:09:00,22.32,22.325,22.32,22.32,521.0,BTU
2024-05-17 12:08:00,22.32,22.325,22.32,22.325,919.0,BTU
2024-05-17 12:07:00,22.285,22.32,22.285,22.32,5900.0,BTU
2024-05-17 12:06:00,22.285,22.29,22.27,22.29,5236.0,BTU
2024-05-17 12:05:00,22.285,22.285,22.285,22.285,2660.0,BTU
2024-05-17 12:04:00,22.32,22.32,22.27,22.285,22001.0,BTU
2024-05-17 12:03:00,22.32,22.32,22.32,22.32,625.0,BTU
2024-05-17 12:02:00,22.3,22.33,22.3,22.33,7606.0,BTU
2024-05-17 12:00:00,22.3,22.305,22.3,22.301,7008.0,BTU
2024-05-17 11:59:00,22.31,22.32,22.305,22.305,3949.0,BTU
2024-05-17 11:58:00,22.315,22.33,22.31,22.31,7302.0,BTU
2024-05-17 11:57:00,22.37,22.375,22.315,22.315,14036.0,BTU
2024-05-17 11:56:00,22.38,22.38,22.365,22.375,2561.0,BTU
2024-05-17 11:55:00,22.355,22.38,22.355,22.38,3737.0,BTU
2024-05-17 11:54:00,22.355,22.355,22.355,22.355,289.0,BTU
2024-05-17 11:53:00,22.355,22.36,22.33,22.35,7300.0,BTU
2024-05-17 11:52:00,22.36,22.365,22.36,22.36,1845.0,BTU
2024-05-17 11:51:00,22.35,22.365,22.35,22.365,2841.0,BTU
2024-05-17 11:50:00,22.36,22.37,22.35,22.355,11397.0,BTU
2024-05-17 11:49:00,22.42,22.42,22.365,22.37,13162.0,BTU
2024-05-17 11:48:00,22.443,22.445,22.43,22.43,1997.0,BTU
2024-05-17 11:47:00,22.455,22.455,22.45,22.45,1176.0,BTU
2024-05-17 11:46:00,22.45,22.46,22.45,22.45,4302.0,BTU
2024-05-17 11:45:00,22.445,22.45,22.445,22.45,1418.0,BTU
2024-05-17 11:44:00,22.435,22.45,22.435,22.45,2024.0,BTU
2024-05-17 11:43:00,22.43,22.435,22.425,22.435,3389.0,BTU
2024-05-17 11:42:00,22.44,22.44,22.435,22.435,651.0,BTU
2024-05-17 11:41:00,22.43,22.44,22.43,22.44,310.0,BTU
2024-05-17 11:40:00,22.43,22.44,22.425,22.435,1944.0,BTU
2024-05-17 11:39:00,22.42,22.425,22.415,22.425,1420.0,BTU
2024-05-17 11:38:00,22.415,22.425,22.415,22.42,1507.0,BTU
2024-05-17 11:37:00,22.442,22.445,22.415,22.415,4462.0,BTU
2024-05-17 11:36:00,22.435,22.45,22.435,22.45,4684.0,BTU
2024-05-17 11:35:00,22.435,22.435,22.434,22.434,2184.0,BTU
2024-05-17 11:34:00,22.43,22.43,22.43,22.43,1300.0,BTU
2024-05-17 11:33:00,22.415,22.44,22.415,22.44,5296.0,BTU
2024-05-17 11:32:00,22.41,22.42,22.41,22.42,1369.0,BTU
2024-05-17 11:31:00,22.45,22.45,22.42,22.42,4023.0,BTU
2024-05-17 11:30:00,22.47,22.47,22.45,22.45,2880.0,BTU
2024-05-17 11:29:00,22.475,22.48,22.47,22.47,1573.0,BTU
2024-05-17 11:28:00,22.475,22.48,22.475,22.475,1354.0,BTU
2024-05-17 11:27:00,22.479,22.48,22.478,22.48,1094.0,BTU
2024-05-17 11:26:00,22.47,22.47,22.47,22.47,114.0,BTU
2024-05-17 11:25:00,22.465,22.475,22.46,22.47,6751.0,BTU
2024-05-17 11:24:00,22.47,22.47,22.47,22.47,3234.0,BTU
2024-05-17 11:23:00,22.48,22.48,22.47,22.47,1260.0,BTU
2024-05-17 11:22:00,22.52,22.52,22.49,22.49,3875.0,BTU
2024-05-17 11:21:00,22.515,22.52,22.515,22.52,1066.0,BTU
2024-05-17 11:20:00,22.515,22.515,22.515,22.515,395.0,BTU
2024-05-17 11:19:00,22.51,22.52,22.495,22.52,5986.0,BTU
2024-05-17 11:18:00,22.525,22.53,22.51,22.515,6859.0,BTU
2024-05-17 11:16:00,22.52,22.525,22.515,22.525,1413.0,BTU
2024-05-17 11:15:00,22.505,22.515,22.505,22.515,3292.0,BTU
2024-05-17 11:14:00,22.495,22.505,22.495,22.5,2180.0,BTU
2024-05-17 11:13:00,22.51,22.52,22.495,22.497,6401.0,BTU
2024-05-17 11:12:00,22.51,22.51,22.505,22.505,1130.0,BTU
2024-05-17 11:11:00,22.505,22.505,22.505,22.505,223.0,BTU
2024-05-17 11:10:00,22.51,22.51,22.505,22.505,1561.0,BTU
2024-05-17 11:09:00,22.515,22.52,22.515,22.52,384.0,BTU
2024-05-17 11:08:00,22.53,22.53,22.515,22.515,3888.0,BTU
2024-05-17 11:07:00,22.51,22.53,22.51,22.52,9991.0,BTU
2024-05-17 11:06:00,22.52,22.52,22.51,22.51,533.0,BTU
2024-05-17 11:05:00,22.525,22.525,22.51,22.51,1714.0,BTU
2024-05-17 11:04:00,22.57,22.57,22.52,22.525,3314.0,BTU
2024-05-17 11:03:00,22.57,22.585,22.565,22.57,4141.0,BTU
2024-05-17 11:02:00,22.58,22.58,22.57,22.57,586.0,BTU
2024-05-17 11:01:00,22.585,22.59,22.58,22.585,4084.0,BTU
2024-05-17 11:00:00,22.575,22.585,22.575,22.585,2435.0,BTU
2024-05-17 10:59:00,22.58,22.585,22.575,22.575,3432.0,BTU
2024-05-17 10:58:00,22.565,22.585,22.565,22.58,4939.0,BTU
2024-05-17 10:57:00,22.56,22.565,22.555,22.565,3770.0,BTU
2024-05-17 10:56:00,22.56,22.57,22.56,22.57,1947.0,BTU
2024-05-17 10:55:00,22.56,22.57,22.56,22.57,1841.0,BTU
2024-05-17 10:54:00,22.565,22.57,22.565,22.565,1843.0,BTU
2024-05-17 10:53:00,22.565,22.57,22.56,22.565,1035.0,BTU
2024-05-17 10:52:00,22.57,22.6,22.57,22.58,4393.0,BTU
2024-05-17 10:51:00,22.57,22.57,22.57,22.57,599.0,BTU
2024-05-17 10:50:00,22.555,22.57,22.555,22.57,4117.0,BTU
2024-05-17 10:49:00,22.56,22.56,22.55,22.555,1804.0,BTU
2024-05-17 10:48:00,22.56,22.56,22.56,22.56,521.0,BTU
2024-05-17 10:47:00,22.595,22.6,22.565,22.565,4040.0,BTU
2024-05-17 10:46:00,22.6,22.6,22.59,22.59,1738.0,BTU
2024-05-17 10:45:00,22.6,22.6,22.595,22.6,2006.0,BTU
2024-05-17 10:44:00,22.595,22.6,22.59,22.6,584.0,BTU
2024-05-17 10:43:00,22.625,22.635,22.6,22.6,5062.0,BTU
2024-05-17 10:42:00,22.602,22.63,22.602,22.63,4168.0,BTU
2024-05-17 10:41:00,22.605,22.605,22.605,22.605,210.0,BTU
2024-05-17 10:40:00,22.61,22.61,22.605,22.605,2070.0,BTU
2024-05-17 10:39:00,22.605,22.605,22.575,22.6,9205.0,BTU
2024-05-17 10:38:00,22.6,22.61,22.595,22.605,2802.0,BTU
2024-05-17 10:37:00,22.6,22.61,22.6,22.605,2161.0,BTU
2024-05-17 10:36:00,22.6,22.6,22.6,22.6,108.0,BTU
2024-05-17 10:35:00,22.61,22.61,22.59,22.605,3472.0,BTU
2024-05-17 10:34:00,22.595,22.605,22.58,22.605,4643.0,BTU
2024-05-17 10:33:00,22.62,22.62,22.59,22.59,3240.0,BTU
2024-05-17 10:32:00,22.63,22.63,22.615,22.615,1724.0,BTU
2024-05-17 10:31:00,22.58,22.64,22.58,22.64,2259.0,BTU
2024-05-17 10:30:00,22.59,22.59,22.585,22.585,1439.0,BTU
2024-05-17 10:29:00,22.555,22.585,22.55,22.585,3284.0,BTU
2024-05-17 10:28:00,22.6,22.62,22.56,22.56,6014.0,BTU
2024-05-17 10:27:00,22.585,22.6,22.585,22.595,2795.0,BTU
2024-05-17 10:26:00,22.565,22.58,22.56,22.58,2934.0,BTU
2024-05-17 10:25:00,22.56,22.58,22.56,22.565,2469.0,BTU
2024-05-17 10:24:00,22.55,22.56,22.53,22.555,4717.0,BTU
2024-05-17 10:23:00,22.54,22.56,22.54,22.56,2846.0,BTU
2024-05-17 10:22:00,22.54,22.54,22.54,22.54,438.0,BTU
2024-05-17 10:21:00,22.55,22.55,22.53,22.54,3090.0,BTU
2024-05-17 10:20:00,22.575,22.59,22.55,22.555,7343.0,BTU
2024-05-17 10:19:00,22.59,22.59,22.565,22.58,7667.0,BTU
2024-05-17 10:18:00,22.58,22.6,22.58,22.59,3470.0,BTU
2024-05-17 10:17:00,22.5,22.58,22.5,22.58,6578.0,BTU
2024-05-17 10:16:00,22.472,22.485,22.472,22.48,3307.0,BTU
2024-05-17 10:15:00,22.425,22.48,22.425,22.48,6365.0,BTU
2024-05-17 10:14:00,22.425,22.425,22.41,22.42,2177.0,BTU
2024-05-17 10:13:00,22.43,22.45,22.43,22.43,7320.0,BTU
2024-05-17 10:12:00,22.43,22.43,22.42,22.425,5618.0,BTU
2024-05-17 10:11:00,22.41,22.438,22.41,22.425,3657.0,BTU
2024-05-17 10:10:00,22.45,22.45,22.425,22.425,3029.0,BTU
2024-05-17 10:09:00,22.47,22.485,22.46,22.46,6976.0,BTU
2024-05-17 10:08:00,22.42,22.48,22.4,22.47,12339.0,BTU
2024-05-17 10:07:00,22.4,22.43,22.4,22.43,4012.0,BTU
2024-05-17 10:06:00,22.365,22.4,22.36,22.4,10449.0,BTU
2024-05-17 10:05:00,22.34,22.375,22.34,22.36,10497.0,BTU
2024-05-17 10:04:00,22.37,22.37,22.34,22.345,1247.0,BTU
2024-05-17 10:03:00,22.345,22.38,22.345,22.38,5188.0,BTU
2024-05-17 10:02:00,22.365,22.37,22.345,22.345,3284.0,BTU
2024-05-17 10:01:00,22.36,22.38,22.36,22.36,3197.0,BTU
2024-05-17 10:00:00,22.335,22.39,22.305,22.36,11417.0,BTU
2024-05-17 09:59:00,22.34,22.35,22.33,22.33,5487.0,BTU
2024-05-17 09:58:00,22.375,22.375,22.33,22.33,3126.0,BTU
2024-05-17 09:57:00,22.385,22.39,22.37,22.37,4149.0,BTU
2024-05-17 09:56:00,22.41,22.41,22.38,22.385,5303.0,BTU
2024-05-17 09:55:00,22.415,22.425,22.415,22.42,6941.0,BTU
2024-05-17 09:54:00,22.42,22.42,22.42,22.42,658.0,BTU
2024-05-17 09:53:00,22.47,22.47,22.43,22.44,3255.0,BTU
2024-05-17 09:52:00,22.46,22.48,22.46,22.465,3306.0,BTU
2024-05-17 09:51:00,22.455,22.455,22.445,22.455,3343.0,BTU
2024-05-17 09:50:00,22.495,22.5,22.452,22.452,5805.0,BTU
2024-05-17 09:49:00,22.535,22.54,22.49,22.5,9502.0,BTU
2024-05-17 09:48:00,22.57,22.575,22.53,22.56,5113.0,BTU
2024-05-17 09:47:00,22.565,22.57,22.555,22.565,4047.0,BTU
2024-05-17 09:46:00,22.56,22.56,22.555,22.555,682.0,BTU
2024-05-17 09:45:00,22.54,22.56,22.54,22.56,4366.0,BTU
2024-05-17 09:44:00,22.55,22.55,22.54,22.54,1553.0,BTU
2024-05-17 09:43:00,22.58,22.58,22.56,22.56,1072.0,BTU
2024-05-17 09:42:00,22.58,22.6,22.57,22.6,4708.0,BTU
2024-05-17 09:41:00,22.55,22.598,22.55,22.58,2953.0,BTU
2024-05-17 09:40:00,22.56,22.56,22.55,22.55,437.0,BTU
2024-05-17 09:39:00,22.52,22.55,22.52,22.55,4247.0,BTU
2024-05-17 09:38:00,22.43,22.51,22.43,22.51,2903.0,BTU
2024-05-17 09:37:00,22.46,22.47,22.43,22.435,2494.0,BTU
2024-05-17 09:36:00,22.46,22.465,22.46,22.465,1509.0,BTU
2024-05-17 09:35:00,22.46,22.46,22.42,22.45,5291.0,BTU
2024-05-17 09:34:00,22.53,22.53,22.44,22.44,1523.0,BTU
2024-05-17 09:33:00,22.545,22.545,22.51,22.51,717.0,BTU
2024-05-17 09:32:00,22.57,22.595,22.53,22.53,2219.0,BTU
2024-05-17 09:31:00,22.61,22.648,22.57,22.57,1846.0,BTU
2024-05-17 09:30:00,22.63,22.635,22.57,22.57,34775.0,BTU
2024-05-17 09:26:00,22.962,22.962,22.96,22.96,252.0,BTU
2024-05-17 09:20:00,22.958,22.958,22.958,22.958,76.0,BTU
2024-05-17 09:01:00,22.56,22.56,22.56,22.56,0.0,BTU
2024-05-17 08:46:00,22.97,22.97,22.97,22.97,0.0,BTU
2024-05-17 08:04:00,22.54,22.54,22.54,22.54,0.0,BTU
2024-05-17 08:00:00,22.58,22.58,22.58,22.58,3.0,BTU
2024-05-16 19:45:00,22.56,22.56,22.56,22.56,48.0,BTU
2024-05-16 19:00:00,22.56,22.56,22.56,22.56,218681.0,BTU
2024-05-16 18:30:00,22.56,22.56,22.56,22.56,218681.0,BTU
2024-05-16 17:41:00,22.43,22.43,22.43,22.43,8.0,BTU
2024-05-16 16:57:00,22.43,22.43,22.43,22.43,191.0,BTU
2024-05-16 16:10:00,22.56,22.56,22.56,22.56,218681.0,BTU
2024-05-16 16:05:00,22.43,22.43,22.43,22.43,0.0,BTU
2024-05-16 16:02:00,22.56,22.56,22.56,22.56,263.0,BTU
2024-05-16 16:01:00,22.56,22.56,22.56,22.56,3252.0,BTU
2024-05-16 16:00:00,22.55,22.56,22.55,22.56,489624.0,BTU
2024-05-16 15:59:00,22.515,22.56,22.48,22.56,72018.0,BTU
2024-05-16 15:58:00,22.51,22.54,22.51,22.515,76732.0,BTU
2024-05-16 15:57:00,22.54,22.57,22.51,22.515,69452.0,BTU
2024-05-16 15:56:00,22.545,22.56,22.535,22.54,37691.0,BTU
2024-05-16 15:55:00,22.575,22.575,22.52,22.545,47601.0,BTU
2024-05-16 15:54:00,22.545,22.575,22.53,22.57,24566.0,BTU
2024-05-16 15:53:00,22.585,22.585,22.54,22.54,97900.0,BTU
2024-05-16 15:52:00,22.58,22.59,22.58,22.585,7345.0,BTU
2024-05-16 15:51:00,22.61,22.61,22.58,22.59,31655.0,BTU
2024-05-16 15:50:00,22.595,22.625,22.595,22.61,23118.0,BTU
2024-05-16 15:49:00,22.59,22.615,22.58,22.6,17558.0,BTU
2024-05-16 15:48:00,22.61,22.61,22.59,22.595,16062.0,BTU
2024-05-16 15:47:00,22.63,22.63,22.61,22.62,13904.0,BTU
2024-05-16 15:46:00,22.625,22.65,22.625,22.635,15108.0,BTU
2024-05-16 15:45:00,22.62,22.635,22.61,22.63,9846.0,BTU
2024-05-16 15:44:00,22.61,22.62,22.6,22.605,21809.0,BTU
2024-05-16 15:43:00,22.61,22.62,22.61,22.61,907.0,BTU
2024-05-16 15:42:00,22.635,22.635,22.61,22.61,12394.0,BTU
2024-05-16 15:41:00,22.625,22.64,22.625,22.635,5504.0,BTU
2024-05-16 15:40:00,22.65,22.655,22.62,22.625,17279.0,BTU
2024-05-16 15:39:00,22.68,22.685,22.55,22.65,297526.0,BTU
2024-05-16 15:38:00,22.7,22.7,22.685,22.69,12592.0,BTU
2024-05-16 15:37:00,22.7,22.705,22.695,22.705,3622.0,BTU
2024-05-16 15:36:00,22.695,22.7,22.69,22.695,1459.0,BTU
2024-05-16 15:35:00,22.7,22.7,22.695,22.695,765.0,BTU
2024-05-16 15:34:00,22.695,22.7,22.695,22.7,3869.0,BTU
2024-05-16 15:33:00,22.69,22.695,22.69,22.695,1663.0,BTU
2024-05-16 15:32:00,22.67,22.69,22.67,22.69,5040.0,BTU
2024-05-16 15:31:00,22.69,22.69,22.66,22.67,11959.0,BTU
2024-05-16 15:30:00,22.68,22.695,22.68,22.695,6088.0,BTU
2024-05-16 15:29:00,22.69,22.69,22.68,22.685,916.0,BTU
2024-05-16 15:28:00,22.68,22.69,22.68,22.69,3114.0,BTU
2024-05-16 15:27:00,22.675,22.68,22.674,22.675,1324.0,BTU
2024-05-16 15:26:00,22.67,22.68,22.67,22.68,1176.0,BTU
2024-05-16 15:25:00,22.66,22.665,22.655,22.665,3496.0,BTU
2024-05-16 15:24:00,22.655,22.655,22.65,22.655,1080.0,BTU
2024-05-16 15:23:00,22.69,22.69,22.65,22.655,8064.0,BTU
2024-05-16 15:22:00,22.695,22.695,22.695,22.695,1147.0,BTU
2024-05-16 15:21:00,22.691,22.7,22.691,22.695,1043.0,BTU
2024-05-16 15:20:00,22.695,22.7,22.69,22.69,7110.0,BTU
2024-05-16 15:19:00,22.69,22.69,22.69,22.69,2070.0,BTU
2024-05-16 15:18:00,22.685,22.685,22.685,22.685,1475.0,BTU
2024-05-16 15:17:00,22.69,22.69,22.667,22.685,7663.0,BTU
2024-05-16 15:16:00,22.7,22.7,22.695,22.695,639.0,BTU
2024-05-16 15:15:00,22.695,22.695,22.695,22.695,589.0,BTU
2024-05-16 15:14:00,22.69,22.695,22.685,22.69,3943.0,BTU
2024-05-16 15:13:00,22.695,22.7,22.68,22.68,9940.0,BTU
2024-05-16 15:12:00,22.7,22.71,22.69,22.69,5523.0,BTU
2024-05-16 15:11:00,22.7,22.705,22.7,22.705,438.0,BTU
2024-05-16 15:10:00,22.705,22.705,22.705,22.705,4255.0,BTU
2024-05-16 15:09:00,22.71,22.71,22.705,22.705,1321.0,BTU
2024-05-16 15:08:00,22.71,22.71,22.7,22.705,2793.0,BTU
2024-05-16 15:07:00,22.73,22.73,22.7,22.705,7544.0,BTU
2024-05-16 15:06:00,22.715,22.74,22.715,22.735,8762.0,BTU
2024-05-16 15:05:00,22.715,22.715,22.715,22.715,2659.0,BTU
2024-05-16 15:04:00,22.702,22.72,22.702,22.715,2331.0,BTU
2024-05-16 15:03:00,22.72,22.72,22.705,22.71,4506.0,BTU
2024-05-16 15:02:00,22.72,22.73,22.72,22.73,1562.0,BTU
2024-05-16 15:00:00,22.705,22.72,22.705,22.715,3507.0,BTU
2024-05-16 14:59:00,22.7,22.705,22.695,22.705,4424.0,BTU
2024-05-16 14:58:00,22.705,22.71,22.7,22.7,1858.0,BTU
2024-05-16 14:56:00,22.705,22.71,22.705,22.71,481.0,BTU
2024-05-16 14:55:00,22.705,22.705,22.705,22.705,405.0,BTU
2024-05-16 14:53:00,22.7,22.7,22.699,22.7,1180.0,BTU
2024-05-16 14:52:00,22.695,22.695,22.695,22.695,616.0,BTU
2024-05-16 14:51:00,22.685,22.695,22.685,22.695,1398.0,BTU
2024-05-16 14:50:00,22.69,22.69,22.68,22.685,2511.0,BTU
2024-05-16 14:49:00,22.715,22.715,22.691,22.695,8916.0,BTU
2024-05-16 14:48:00,22.71,22.715,22.71,22.715,2068.0,BTU
2024-05-16 14:47:00,22.705,22.705,22.705,22.705,275.0,BTU
2024-05-16 14:46:00,22.71,22.71,22.71,22.71,224.0,BTU
2024-05-16 14:45:00,22.7,22.705,22.7,22.705,1174.0,BTU
2024-05-16 14:44:00,22.695,22.7,22.695,22.7,218.0,BTU
2024-05-16 14:43:00,22.695,22.7,22.695,22.695,608.0,BTU
2024-05-16 14:42:00,22.7,22.705,22.69,22.69,3114.0,BTU
2024-05-16 14:41:00,22.695,22.7,22.695,22.7,229.0,BTU
2024-05-16 14:40:00,22.695,22.695,22.695,22.695,620.0,BTU
2024-05-16 14:39:00,22.69,22.69,22.69,22.69,117.0,BTU
2024-05-16 14:38:00,22.69,22.69,22.69,22.69,984.0,BTU
2024-05-16 14:37:00,22.69,22.69,22.68,22.685,3034.0,BTU
2024-05-16 14:36:00,22.685,22.695,22.685,22.695,1261.0,BTU
2024-05-16 14:35:00,22.7,22.7,22.68,22.68,2076.0,BTU
2024-05-16 14:34:00,22.7,22.705,22.7,22.705,856.0,BTU
2024-05-16 14:33:00,22.69,22.69,22.69,22.69,475.0,BTU
2024-05-16 14:32:00,22.695,22.7,22.685,22.685,6195.0,BTU
2024-05-16 14:31:00,22.695,22.695,22.69,22.695,1397.0,BTU
2024-05-16 14:30:00,22.705,22.71,22.7,22.7,1461.0,BTU
2024-05-16 14:29:00,22.705,22.705,22.705,22.705,135.0,BTU
2024-05-16 14:28:00,22.7,22.705,22.695,22.705,886.0,BTU
2024-05-16 14:26:00,22.7,22.7,22.695,22.695,1275.0,BTU
2024-05-16 14:25:00,22.7,22.705,22.7,22.7,2016.0,BTU
2024-05-16 14:24:00,22.71,22.71,22.7,22.7,1145.0,BTU
2024-05-16 14:23:00,22.705,22.705,22.705,22.705,503.0,BTU
2024-05-16 14:22:00,22.71,22.71,22.705,22.705,696.0,BTU
2024-05-16 14:21:00,22.7,22.705,22.7,22.701,1531.0,BTU
2024-05-16 14:20:00,22.71,22.71,22.705,22.705,949.0,BTU
2024-05-16 14:19:00,22.7,22.705,22.7,22.7,1368.0,BTU
2024-05-16 14:18:00,22.7,22.7,22.695,22.695,641.0,BTU
2024-05-16 14:17:00,22.7,22.7,22.7,22.7,1339.0,BTU
2024-05-16 14:15:00,22.7,22.7,22.695,22.695,1602.0,BTU
2024-05-16 14:14:00,22.72,22.72,22.69,22.695,1789.0,BTU
2024-05-16 14:13:00,22.73,22.73,22.725,22.725,456.0,BTU
2024-05-16 14:12:00,22.73,22.73,22.73,22.73,216.0,BTU
2024-05-16 14:11:00,22.72,22.73,22.72,22.725,1578.0,BTU
2024-05-16 14:10:00,22.745,22.745,22.71,22.715,3403.0,BTU
2024-05-16 14:09:00,22.735,22.745,22.735,22.745,404.0,BTU
2024-05-16 14:08:00,22.72,22.735,22.72,22.735,3358.0,BTU
2024-05-16 14:07:00,22.735,22.735,22.711,22.715,3682.0,BTU
2024-05-16 14:06:00,22.74,22.74,22.73,22.735,5161.0,BTU
2024-05-16 14:04:00,22.74,22.74,22.735,22.74,1821.0,BTU
2024-05-16 14:03:00,22.74,22.74,22.74,22.74,820.0,BTU
2024-05-16 14:02:00,22.74,22.74,22.74,22.74,525.0,BTU
2024-05-16 14:01:00,22.72,22.735,22.72,22.735,2281.0,BTU
2024-05-16 14:00:00,22.72,22.72,22.72,22.72,535.0,BTU
2024-05-16 13:59:00,22.72,22.72,22.72,22.72,241.0,BTU
2024-05-16 13:58:00,22.72,22.72,22.71,22.715,3481.0,BTU
2024-05-16 13:57:00,22.72,22.72,22.715,22.715,636.0,BTU
2024-05-16 13:56:00,22.71,22.715,22.71,22.715,427.0,BTU
2024-05-16 13:55:00,22.715,22.72,22.715,22.72,1266.0,BTU
2024-05-16 13:54:00,22.715,22.715,22.71,22.715,599.0,BTU
2024-05-16 13:53:00,22.72,22.72,22.715,22.715,959.0,BTU
2024-05-16 13:52:00,22.72,22.72,22.72,22.72,595.0,BTU
2024-05-16 13:50:00,22.7,22.72,22.695,22.715,1800.0,BTU
2024-05-16 13:49:00,22.7,22.7,22.695,22.7,2584.0,BTU
2024-05-16 13:48:00,22.71,22.71,22.705,22.705,846.0,BTU
2024-05-16 13:46:00,22.71,22.71,22.71,22.71,181.0,BTU
2024-05-16 13:45:00,22.72,22.72,22.7,22.705,2477.0,BTU
2024-05-16 13:44:00,22.702,22.725,22.702,22.725,1319.0,BTU
2024-05-16 13:43:00,22.705,22.71,22.7,22.71,3083.0,BTU
2024-05-16 13:42:00,22.717,22.717,22.71,22.71,1055.0,BTU
2024-05-16 13:41:00,22.71,22.715,22.71,22.715,977.0,BTU
2024-05-16 13:40:00,22.71,22.71,22.71,22.71,493.0,BTU
2024-05-16 13:39:00,22.705,22.705,22.705,22.705,977.0,BTU
2024-05-16 13:38:00,22.7,22.7,22.69,22.7,1012.0,BTU
2024-05-16 13:37:00,22.705,22.71,22.705,22.705,560.0,BTU
2024-05-16 13:36:00,22.69,22.7,22.69,22.7,1623.0,BTU
2024-05-16 13:35:00,22.71,22.71,22.69,22.69,1248.0,BTU
2024-05-16 13:34:00,22.705,22.705,22.7,22.705,655.0,BTU
2024-05-16 13:33:00,22.725,22.725,22.705,22.705,2711.0,BTU
2024-05-16 13:32:00,22.725,22.727,22.725,22.725,502.0,BTU
2024-05-16 13:31:00,22.715,22.725,22.715,22.72,3098.0,BTU
2024-05-16 13:30:00,22.72,22.72,22.715,22.715,838.0,BTU
2024-05-16 13:29:00,22.72,22.72,22.72,22.72,127.0,BTU
2024-05-16 13:28:00,22.72,22.72,22.72,22.72,245.0,BTU
2024-05-16 13:26:00,22.71,22.715,22.71,22.715,769.0,BTU
2024-05-16 13:25:00,22.695,22.715,22.695,22.715,1433.0,BTU
2024-05-16 13:24:00,22.69,22.695,22.685,22.695,1727.0,BTU
2024-05-16 13:23:00,22.7,22.7,22.695,22.695,970.0,BTU
2024-05-16 13:22:00,22.705,22.705,22.69,22.695,2897.0,BTU
2024-05-16 13:21:00,22.72,22.72,22.71,22.71,1117.0,BTU
2024-05-16 13:20:00,22.745,22.745,22.72,22.72,4515.0,BTU
2024-05-16 13:19:00,22.73,22.74,22.73,22.735,1295.0,BTU
2024-05-16 13:18:00,22.725,22.73,22.72,22.72,520.0,BTU
2024-05-16 13:17:00,22.715,22.72,22.715,22.72,870.0,BTU
2024-05-16 13:15:00,22.72,22.72,22.715,22.715,1265.0,BTU
2024-05-16 13:14:00,22.71,22.72,22.705,22.72,2873.0,BTU
2024-05-16 13:13:00,22.715,22.715,22.715,22.715,115.0,BTU
2024-05-16 13:12:00,22.715,22.74,22.715,22.72,8812.0,BTU
2024-05-16 13:11:00,22.69,22.715,22.69,22.715,831.0,BTU
2024-05-16 13:10:00,22.68,22.685,22.68,22.685,535.0,BTU
2024-05-16 13:09:00,22.635,22.67,22.635,22.67,7261.0,BTU
2024-05-16 13:07:00,22.64,22.64,22.63,22.635,1675.0,BTU
2024-05-16 13:06:00,22.65,22.665,22.65,22.65,3377.0,BTU
2024-05-16 13:04:00,22.64,22.65,22.64,22.645,3601.0,BTU
2024-05-16 13:03:00,22.65,22.65,22.64,22.645,541.0,BTU
2024-05-16 13:01:00,22.63,22.645,22.63,22.645,1007.0,BTU
2024-05-16 13:00:00,22.63,22.635,22.625,22.63,2396.0,BTU
2024-05-16 12:59:00,22.63,22.63,22.63,22.63,790.0,BTU
2024-05-16 12:58:00,22.635,22.635,22.62,22.62,828.0,BTU
2024-05-16 12:57:00,22.635,22.635,22.635,22.635,157.0,BTU
2024-05-16 12:56:00,22.61,22.635,22.61,22.635,3833.0,BTU
2024-05-16 12:55:00,22.605,22.615,22.605,22.605,2001.0,BTU
2024-05-16 12:54:00,22.61,22.61,22.6,22.605,1677.0,BTU
2024-05-16 12:53:00,22.6,22.61,22.595,22.605,1929.0,BTU
2024-05-16 12:52:00,22.59,22.595,22.59,22.595,4562.0,BTU
2024-05-16 12:51:00,22.595,22.595,22.592,22.595,561.0,BTU
2024-05-16 12:50:00,22.61,22.61,22.6,22.6,1169.0,BTU
2024-05-16 12:49:00,22.61,22.612,22.61,22.61,531.0,BTU
2024-05-16 12:46:00,22.625,22.625,22.62,22.62,1085.0,BTU
2024-05-16 12:45:00,22.63,22.63,22.63,22.63,957.0,BTU
2024-05-16 12:44:00,22.62,22.63,22.615,22.625,2069.0,BTU
2024-05-16 12:42:00,22.625,22.625,22.625,22.625,249.0,BTU
2024-05-16 12:41:00,22.625,22.625,22.625,22.625,104.0,BTU
2024-05-16 12:40:00,22.62,22.62,22.62,22.62,2263.0,BTU
2024-05-16 12:39:00,22.649,22.65,22.62,22.62,5037.0,BTU
2024-05-16 12:38:00,22.65,22.65,22.65,22.65,287.0,BTU
2024-05-16 12:37:00,22.645,22.645,22.645,22.645,289.0,BTU
2024-05-16 12:36:00,22.645,22.645,22.645,22.645,134.0,BTU
2024-05-16 12:35:00,22.645,22.645,22.645,22.645,365.0,BTU
2024-05-16 12:34:00,22.65,22.66,22.65,22.65,1148.0,BTU
2024-05-16 12:32:00,22.65,22.65,22.645,22.645,358.0,BTU
2024-05-16 12:31:00,22.65,22.65,22.65,22.65,821.0,BTU
2024-05-16 12:30:00,22.65,22.66,22.65,22.66,687.0,BTU
2024-05-16 12:28:00,22.655,22.655,22.645,22.65,785.0,BTU
2024-05-16 12:27:00,22.645,22.65,22.645,22.65,1270.0,BTU
2024-05-16 12:26:00,22.655,22.655,22.645,22.645,1338.0,BTU
2024-05-16 12:25:00,22.645,22.655,22.64,22.655,2330.0,BTU
2024-05-16 12:24:00,22.642,22.642,22.642,22.642,214.0,BTU
2024-05-16 12:23:00,22.64,22.65,22.64,22.65,484.0,BTU
2024-05-16 12:22:00,22.63,22.65,22.63,22.645,2847.0,BTU
2024-05-16 12:21:00,22.64,22.64,22.62,22.625,2769.0,BTU
2024-05-16 12:19:00,22.644,22.645,22.644,22.645,1169.0,BTU
2024-05-16 12:18:00,22.65,22.65,22.65,22.65,293.0,BTU
2024-05-16 12:17:00,22.65,22.65,22.645,22.65,1272.0,BTU
2024-05-16 12:16:00,22.655,22.658,22.655,22.658,810.0,BTU
2024-05-16 12:15:00,22.65,22.65,22.65,22.65,673.0,BTU
2024-05-16 12:14:00,22.65,22.65,22.65,22.65,526.0,BTU
2024-05-16 12:13:00,22.68,22.685,22.645,22.645,2952.0,BTU
2024-05-16 12:12:00,22.675,22.675,22.675,22.675,302.0,BTU
2024-05-16 12:11:00,22.67,22.67,22.67,22.67,117.0,BTU
2024-05-16 12:10:00,22.67,22.675,22.67,22.675,387.0,BTU
2024-05-16 12:09:00,22.68,22.68,22.68,22.68,854.0,BTU
2024-05-16 12:08:00,22.66,22.67,22.66,22.67,1919.0,BTU
2024-05-16 12:06:00,22.655,22.655,22.655,22.655,214.0,BTU
2024-05-16 12:05:00,22.66,22.66,22.66,22.66,4608.0,BTU
2024-05-16 12:04:00,22.65,22.665,22.65,22.665,7743.0,BTU
2024-05-16 12:02:00,22.64,22.65,22.635,22.645,1447.0,BTU
2024-05-16 12:01:00,22.65,22.65,22.64,22.64,1976.0,BTU
2024-05-16 12:00:00,22.66,22.66,22.65,22.65,915.0,BTU
2024-05-16 11:59:00,22.665,22.665,22.66,22.66,1904.0,BTU
2024-05-16 11:58:00,22.665,22.665,22.66,22.665,298.0,BTU
2024-05-16 11:57:00,22.655,22.675,22.65,22.665,6997.0,BTU
2024-05-16 11:56:00,22.65,22.66,22.645,22.66,4808.0,BTU
2024-05-16 11:55:00,22.645,22.645,22.645,22.645,413.0,BTU
2024-05-16 11:54:00,22.63,22.65,22.63,22.64,1085.0,BTU
2024-05-16 11:53:00,22.62,22.63,22.62,22.63,7413.0,BTU
2024-05-16 11:52:00,22.62,22.62,22.61,22.62,4373.0,BTU
2024-05-16 11:51:00,22.6,22.61,22.6,22.61,2630.0,BTU
2024-05-16 11:50:00,22.59,22.6,22.59,22.6,1239.0,BTU
2024-05-16 11:49:00,22.595,22.61,22.57,22.58,14289.0,BTU
2024-05-16 11:48:00,22.6,22.6,22.595,22.595,1455.0,BTU
2024-05-16 11:47:00,22.595,22.595,22.595,22.595,199.0,BTU
2024-05-16 11:46:00,22.595,22.595,22.592,22.592,381.0,BTU
2024-05-16 11:45:00,22.585,22.59,22.58,22.59,1313.0,BTU
2024-05-16 11:44:00,22.59,22.595,22.585,22.585,1271.0,BTU
2024-05-16 11:43:00,22.595,22.6,22.59,22.6,678.0,BTU
2024-05-16 11:42:00,22.595,22.595,22.595,22.595,884.0,BTU
2024-05-16 11:41:00,22.605,22.605,22.6,22.6,1325.0,BTU
2024-05-16 11:40:00,22.62,22.63,22.61,22.61,3580.0,BTU
2024-05-16 11:39:00,22.615,22.615,22.615,22.615,573.0,BTU
2024-05-16 11:38:00,22.61,22.62,22.61,22.61,798.0,BTU
2024-05-16 11:37:00,22.605,22.61,22.605,22.605,416.0,BTU
2024-05-16 11:36:00,22.61,22.61,22.6,22.605,830.0,BTU
2024-05-16 11:35:00,22.62,22.62,22.62,22.62,992.0,BTU
2024-05-16 11:34:00,22.61,22.61,22.61,22.61,150.0,BTU
2024-05-16 11:33:00,22.63,22.63,22.61,22.615,4776.0,BTU
2024-05-16 11:32:00,22.625,22.635,22.625,22.635,1390.0,BTU
2024-05-16 11:31:00,22.645,22.645,22.63,22.63,1064.0,BTU
2024-05-16 11:30:00,22.65,22.65,22.646,22.646,560.0,BTU
2024-05-16 11:29:00,22.65,22.65,22.65,22.65,929.0,BTU
2024-05-16 11:28:00,22.65,22.665,22.65,22.65,2017.0,BTU
2024-05-16 11:27:00,22.66,22.665,22.65,22.655,4184.0,BTU
2024-05-16 11:26:00,22.655,22.66,22.655,22.66,1040.0,BTU
2024-05-16 11:25:00,22.645,22.645,22.645,22.645,1196.0,BTU
2024-05-16 11:24:00,22.645,22.655,22.64,22.65,2425.0,BTU
2024-05-16 11:23:00,22.64,22.65,22.64,22.64,1535.0,BTU
2024-05-16 11:22:00,22.635,22.64,22.635,22.64,655.0,BTU
2024-05-16 11:21:00,22.64,22.64,22.63,22.635,1017.0,BTU
2024-05-16 11:20:00,22.635,22.64,22.635,22.635,1207.0,BTU
2024-05-16 11:19:00,22.645,22.645,22.64,22.64,933.0,BTU
2024-05-16 11:18:00,22.65,22.655,22.645,22.65,1809.0,BTU
2024-05-16 11:17:00,22.63,22.645,22.63,22.645,6591.0,BTU
2024-05-16 11:16:00,22.62,22.63,22.62,22.625,1429.0,BTU
2024-05-16 11:15:00,22.645,22.645,22.615,22.615,2378.0,BTU
2024-05-16 11:14:00,22.64,22.65,22.635,22.645,2363.0,BTU
2024-05-16 11:13:00,22.65,22.65,22.65,22.65,661.0,BTU
2024-05-16 11:12:00,22.66,22.66,22.66,22.66,498.0,BTU
2024-05-16 11:11:00,22.65,22.65,22.65,22.65,615.0,BTU
2024-05-16 11:09:00,22.65,22.655,22.65,22.65,1532.0,BTU
2024-05-16 11:08:00,22.66,22.66,22.655,22.655,1177.0,BTU
2024-05-16 11:07:00,22.68,22.68,22.665,22.665,1418.0,BTU
2024-05-16 11:06:00,22.67,22.685,22.67,22.685,1086.0,BTU
2024-05-16 11:05:00,22.66,22.66,22.66,22.66,621.0,BTU
2024-05-16 11:04:00,22.67,22.67,22.66,22.66,1467.0,BTU
2024-05-16 11:03:00,22.672,22.675,22.67,22.67,1007.0,BTU
2024-05-16 11:02:00,22.685,22.685,22.675,22.675,1532.0,BTU
2024-05-16 11:01:00,22.665,22.675,22.665,22.675,1075.0,BTU
2024-05-16 11:00:00,22.66,22.66,22.655,22.66,957.0,BTU
2024-05-16 10:59:00,22.68,22.69,22.665,22.665,2571.0,BTU
2024-05-16 10:58:00,22.645,22.675,22.645,22.675,1974.0,BTU
2024-05-16 10:57:00,22.65,22.66,22.645,22.66,3082.0,BTU
2024-05-16 10:56:00,22.66,22.66,22.655,22.655,296.0,BTU
2024-05-16 10:55:00,22.655,22.655,22.655,22.655,594.0,BTU
2024-05-16 10:54:00,22.635,22.66,22.635,22.66,3554.0,BTU
2024-05-16 10:53:00,22.6,22.635,22.6,22.635,3589.0,BTU
2024-05-16 10:52:00,22.595,22.6,22.595,22.6,630.0,BTU
2024-05-16 10:51:00,22.595,22.595,22.59,22.595,987.0,BTU
2024-05-16 10:49:00,22.605,22.61,22.595,22.595,2953.0,BTU
2024-05-16 10:48:00,22.61,22.61,22.602,22.602,1452.0,BTU
2024-05-16 10:47:00,22.62,22.62,22.615,22.615,412.0,BTU
2024-05-16 10:46:00,22.61,22.61,22.61,22.61,554.0,BTU
2024-05-16 10:45:00,22.611,22.611,22.605,22.61,1826.0,BTU
2024-05-16 10:44:00,22.61,22.635,22.61,22.611,2616.0,BTU
2024-05-16 10:43:00,22.615,22.615,22.605,22.605,1707.0,BTU
2024-05-16 10:42:00,22.615,22.615,22.615,22.615,231.0,BTU
2024-05-16 10:41:00,22.605,22.61,22.605,22.61,555.0,BTU
2024-05-16 10:40:00,22.575,22.605,22.575,22.605,1911.0,BTU
2024-05-16 10:39:00,22.575,22.575,22.575,22.575,805.0,BTU
2024-05-16 10:38:00,22.6,22.6,22.58,22.58,2648.0,BTU
2024-05-16 10:37:00,22.6,22.61,22.6,22.61,818.0,BTU
2024-05-16 10:36:00,22.605,22.615,22.605,22.605,3919.0,BTU
2024-05-16 10:35:00,22.595,22.6,22.595,22.6,959.0,BTU
2024-05-16 10:34:00,22.595,22.595,22.585,22.59,1477.0,BTU
2024-05-16 10:33:00,22.625,22.625,22.6,22.605,3250.0,BTU
2024-05-16 10:32:00,22.62,22.62,22.62,22.62,408.0,BTU
2024-05-16 10:31:00,22.625,22.625,22.61,22.61,2534.0,BTU
2024-05-16 10:30:00,22.65,22.659,22.63,22.66,2813.0,BTU
2024-05-16 10:29:00,22.64,22.65,22.635,22.64,3584.0,BTU
2024-05-16 10:28:00,22.63,22.64,22.63,22.64,2471.0,BTU
2024-05-16 10:27:00,22.645,22.645,22.62,22.625,6980.0,BTU
2024-05-16 10:26:00,22.665,22.665,22.65,22.65,1277.0,BTU
2024-05-16 10:25:00,22.635,22.66,22.635,22.66,2896.0,BTU
2024-05-16 10:24:00,22.625,22.64,22.62,22.635,4214.0,BTU
2024-05-16 10:23:00,22.63,22.63,22.62,22.625,2540.0,BTU
2024-05-16 10:22:00,22.645,22.66,22.63,22.63,7214.0,BTU
2024-05-16 10:21:00,22.63,22.64,22.62,22.64,2736.0,BTU
2024-05-16 10:20:00,22.635,22.635,22.625,22.625,2024.0,BTU
2024-05-16 10:19:00,22.645,22.65,22.635,22.635,2187.0,BTU
2024-05-16 10:18:00,22.665,22.675,22.65,22.65,3633.0,BTU
2024-05-16 10:17:00,22.65,22.665,22.65,22.665,3229.0,BTU
2024-05-16 10:16:00,22.69,22.69,22.67,22.67,2102.0,BTU
2024-05-16 10:15:00,22.71,22.71,22.69,22.69,2602.0,BTU
2024-05-16 10:14:00,22.72,22.725,22.715,22.72,934.0,BTU
2024-05-16 10:13:00,22.72,22.73,22.711,22.711,2392.0,BTU
2024-05-16 10:12:00,22.705,22.715,22.705,22.715,2111.0,BTU
2024-05-16 10:11:00,22.69,22.71,22.69,22.7,912.0,BTU
2024-05-16 10:10:00,22.68,22.69,22.68,22.69,988.0,BTU
2024-05-16 10:09:00,22.675,22.675,22.67,22.67,307.0,BTU
2024-05-16 10:08:00,22.685,22.71,22.675,22.675,8098.0,BTU
2024-05-16 10:07:00,22.705,22.705,22.685,22.695,4886.0,BTU
2024-05-16 10:06:00,22.72,22.72,22.705,22.705,2482.0,BTU
2024-05-16 10:05:00,22.71,22.715,22.71,22.715,4837.0,BTU
2024-05-16 10:04:00,22.7,22.71,22.7,22.71,573.0,BTU
2024-05-16 10:03:00,22.695,22.715,22.69,22.7,2451.0,BTU
2024-05-16 10:02:00,22.67,22.7,22.67,22.695,1588.0,BTU
2024-05-16 10:01:00,22.655,22.67,22.65,22.66,6122.0,BTU
2024-05-16 10:00:00,22.65,22.665,22.65,22.665,751.0,BTU
2024-05-16 09:59:00,22.64,22.67,22.64,22.65,1388.0,BTU
2024-05-16 09:58:00,22.62,22.64,22.62,22.64,1912.0,BTU
2024-05-16 09:57:00,22.63,22.63,22.61,22.62,4549.0,BTU
2024-05-16 09:56:00,22.66,22.66,22.64,22.64,2550.0,BTU
2024-05-16 09:55:00,22.66,22.66,22.634,22.66,4757.0,BTU
2024-05-16 09:54:00,22.65,22.655,22.64,22.655,4731.0,BTU
2024-05-16 09:53:00,22.61,22.645,22.59,22.64,5537.0,BTU
2024-05-16 09:52:00,22.61,22.63,22.59,22.61,6942.0,BTU
2024-05-16 09:51:00,22.53,22.615,22.52,22.612,10222.0,BTU
2024-05-16 09:50:00,22.535,22.535,22.525,22.525,1634.0,BTU
2024-05-16 09:49:00,22.535,22.555,22.535,22.535,2227.0,BTU
2024-05-16 09:48:00,22.55,22.55,22.53,22.535,3806.0,BTU
2024-05-16 09:47:00,22.55,22.55,22.525,22.54,4001.0,BTU
2024-05-16 09:46:00,22.56,22.56,22.555,22.555,1619.0,BTU
2024-05-16 09:45:00,22.565,22.59,22.565,22.58,7211.0,BTU
2024-05-16 09:44:00,22.58,22.58,22.56,22.56,7840.0,BTU
2024-05-16 09:43:00,22.59,22.6,22.582,22.6,3574.0,BTU
2024-05-16 09:42:00,22.62,22.62,22.585,22.585,5906.0,BTU
2024-05-16 09:41:00,22.66,22.66,22.605,22.62,20191.0,BTU
2024-05-16 09:40:00,22.64,22.66,22.64,22.66,1624.0,BTU
2024-05-16 09:39:00,22.67,22.68,22.655,22.66,2256.0,BTU
2024-05-16 09:38:00,22.645,22.68,22.645,22.66,1213.0,BTU
2024-05-16 09:37:00,22.65,22.66,22.64,22.64,2560.0,BTU
2024-05-16 09:36:00,22.68,22.68,22.66,22.66,1921.0,BTU
2024-05-16 09:35:00,22.68,22.69,22.64,22.69,2383.0,BTU
2024-05-16 09:34:00,22.695,22.7,22.65,22.68,1470.0,BTU
2024-05-16 09:33:00,22.67,22.71,22.67,22.68,3324.0,BTU
2024-05-16 09:32:00,22.69,22.69,22.66,22.66,1170.0,BTU
2024-05-16 09:31:00,22.73,22.73,22.6,22.625,4771.0,BTU
2024-05-16 09:30:00,22.76,22.892,22.75,22.75,6783.0,BTU
2024-05-16 08:32:00,22.782,22.782,22.782,22.782,9.0,BTU
2024-05-16 08:00:00,22.85,22.85,22.85,22.85,962.0,BTU
2024-05-16 07:40:00,22.83,22.84,22.83,22.84,96.0,BTU
2024-05-16 07:15:00,22.75,22.75,22.75,22.75,3.0,BTU
2024-05-16 07:06:00,22.75,22.75,22.75,22.75,2.0,BTU
2024-05-15 19:04:00,22.85,22.85,22.85,22.85,38.0,BTU
2024-05-15 19:00:00,22.74,22.74,22.74,22.74,173949.0,BTU
2024-05-15 18:30:00,22.74,22.74,22.74,22.74,173949.0,BTU
2024-05-15 17:10:00,22.69,22.69,22.69,22.69,1.0,BTU
2024-05-15 17:04:00,22.69,22.69,22.69,22.69,48.0,BTU
2024-05-15 16:10:00,22.74,22.74,22.74,22.74,173949.0,BTU
2024-05-15 16:05:00,22.69,22.69,22.69,22.69,0.0,BTU
2024-05-15 16:02:00,22.74,22.74,22.74,22.74,25.0,BTU
2024-05-15 16:01:00,22.74,22.74,22.74,22.74,4824.0,BTU
2024-05-15 16:00:00,22.74,22.74,22.73,22.74,371896.0,BTU
2024-05-15 15:59:00,22.74,22.745,22.72,22.74,88672.0,BTU
2024-05-15 15:58:00,22.745,22.745,22.73,22.735,42947.0,BTU
2024-05-15 15:57:00,22.745,22.745,22.74,22.745,25279.0,BTU
2024-05-15 15:56:00,22.745,22.75,22.74,22.745,9435.0,BTU
2024-05-15 15:55:00,22.755,22.77,22.74,22.745,21691.0,BTU
2024-05-15 15:54:00,22.745,22.77,22.745,22.76,46776.0,BTU
2024-05-15 15:53:00,22.745,22.75,22.74,22.75,9185.0,BTU
2024-05-15 15:52:00,22.745,22.75,22.74,22.745,14888.0,BTU
2024-05-15 15:51:00,22.775,22.78,22.72,22.745,33947.0,BTU
2024-05-15 15:50:00,22.775,22.78,22.765,22.775,23239.0,BTU
2024-05-15 15:49:00,22.79,22.79,22.755,22.775,19770.0,BTU
2024-05-15 15:48:00,22.79,22.797,22.79,22.79,2813.0,BTU
2024-05-15 15:47:00,22.79,22.795,22.79,22.79,2894.0,BTU
2024-05-15 15:46:00,22.805,22.805,22.79,22.795,7975.0,BTU
2024-05-15 15:45:00,22.8,22.81,22.8,22.805,5518.0,BTU
2024-05-15 15:44:00,22.795,22.807,22.792,22.8,23024.0,BTU
2024-05-15 15:43:00,22.795,22.8,22.795,22.795,4064.0,BTU
2024-05-15 15:42:00,22.795,22.8,22.79,22.795,7211.0,BTU
2024-05-15 15:41:00,22.79,22.8,22.785,22.79,21857.0,BTU
2024-05-15 15:40:00,22.785,22.79,22.785,22.785,8495.0,BTU
2024-05-15 15:38:00,22.795,22.795,22.78,22.79,3080.0,BTU
2024-05-15 15:37:00,22.785,22.79,22.78,22.79,3760.0,BTU
2024-05-15 15:36:00,22.79,22.795,22.785,22.785,2742.0,BTU
2024-05-15 15:35:00,22.792,22.8,22.78,22.795,29544.0,BTU
2024-05-15 15:34:00,22.795,22.795,22.79,22.79,999.0,BTU
2024-05-15 15:33:00,22.805,22.805,22.795,22.8,3031.0,BTU
2024-05-15 15:32:00,22.81,22.81,22.805,22.805,7495.0,BTU
2024-05-15 15:31:00,22.76,22.81,22.76,22.8,19412.0,BTU
2024-05-15 15:30:00,22.76,22.77,22.76,22.765,3900.0,BTU
2024-05-15 15:29:00,22.78,22.785,22.765,22.765,6407.0,BTU
2024-05-15 15:28:00,22.785,22.785,22.78,22.78,1663.0,BTU
2024-05-15 15:27:00,22.785,22.785,22.785,22.785,103.0,BTU
2024-05-15 15:26:00,22.795,22.805,22.785,22.79,20837.0,BTU
2024-05-15 15:25:00,22.79,22.8,22.785,22.8,15751.0,BTU
2024-05-15 15:24:00,22.795,22.795,22.79,22.79,4488.0,BTU
2024-05-15 15:23:00,22.795,22.795,22.79,22.79,2273.0,BTU
2024-05-15 15:22:00,22.8,22.805,22.785,22.795,11914.0,BTU
2024-05-15 15:21:00,22.81,22.81,22.8,22.8,945.0,BTU
2024-05-15 15:20:00,22.795,22.805,22.795,22.805,4198.0,BTU
2024-05-15 15:19:00,22.815,22.825,22.79,22.795,27803.0,BTU
2024-05-15 15:18:00,22.825,22.825,22.82,22.82,8001.0,BTU
2024-05-15 15:17:00,22.815,22.82,22.815,22.82,3392.0,BTU
2024-05-15 15:16:00,22.82,22.82,22.81,22.81,3435.0,BTU
2024-05-15 15:15:00,22.77,22.82,22.77,22.82,13886.0,BTU
2024-05-15 15:14:00,22.81,22.81,22.775,22.775,3432.0,BTU
2024-05-15 15:13:00,22.83,22.83,22.812,22.813,3859.0,BTU
2024-05-15 15:12:00,22.855,22.855,22.835,22.835,5441.0,BTU
2024-05-15 15:11:00,22.875,22.875,22.855,22.855,5875.0,BTU
2024-05-15 15:10:00,22.87,22.885,22.87,22.875,3462.0,BTU
2024-05-15 15:09:00,22.87,22.87,22.865,22.865,941.0,BTU
2024-05-15 15:08:00,22.87,22.87,22.865,22.865,1252.0,BTU
2024-05-15 15:07:00,22.85,22.86,22.85,22.86,3161.0,BTU
2024-05-15 15:06:00,22.845,22.845,22.84,22.845,827.0,BTU
2024-05-15 15:05:00,22.84,22.85,22.84,22.85,5985.0,BTU
2024-05-15 15:04:00,22.855,22.86,22.835,22.84,12625.0,BTU
2024-05-15 15:03:00,22.85,22.86,22.85,22.855,1215.0,BTU
2024-05-15 15:02:00,22.855,22.86,22.855,22.86,1816.0,BTU
2024-05-15 15:01:00,22.865,22.865,22.85,22.85,4642.0,BTU
2024-05-15 15:00:00,22.87,22.87,22.865,22.865,1075.0,BTU
2024-05-15 14:59:00,22.86,22.87,22.86,22.865,2581.0,BTU
2024-05-15 14:58:00,22.83,22.85,22.83,22.85,8884.0,BTU
2024-05-15 14:57:00,22.83,22.835,22.83,22.835,1854.0,BTU
2024-05-15 14:56:00,22.84,22.84,22.83,22.83,1967.0,BTU
2024-05-15 14:55:00,22.84,22.84,22.84,22.84,528.0,BTU
2024-05-15 14:54:00,22.84,22.845,22.84,22.845,947.0,BTU
2024-05-15 14:53:00,22.86,22.86,22.835,22.835,1890.0,BTU
2024-05-15 14:52:00,22.875,22.88,22.865,22.865,5161.0,BTU
2024-05-15 14:51:00,22.87,22.88,22.865,22.88,8605.0,BTU
2024-05-15 14:50:00,22.87,22.87,22.87,22.87,827.0,BTU
2024-05-15 14:49:00,22.855,22.87,22.855,22.87,4411.0,BTU
2024-05-15 14:48:00,22.865,22.865,22.86,22.86,1325.0,BTU
2024-05-15 14:47:00,22.872,22.875,22.865,22.87,14718.0,BTU
2024-05-15 14:46:00,22.88,22.88,22.875,22.88,743.0,BTU
2024-05-15 14:45:00,22.87,22.875,22.87,22.875,1333.0,BTU
2024-05-15 14:44:00,22.87,22.87,22.87,22.87,1169.0,BTU
2024-05-15 14:43:00,22.911,22.911,22.88,22.88,2771.0,BTU
2024-05-15 14:42:00,22.905,22.91,22.905,22.91,1996.0,BTU
2024-05-15 14:41:00,22.91,22.91,22.9,22.905,8578.0,BTU
2024-05-15 14:40:00,22.9,22.9,22.9,22.9,668.0,BTU
2024-05-15 14:39:00,22.89,22.91,22.89,22.91,7044.0,BTU
2024-05-15 14:38:00,22.89,22.89,22.89,22.89,1916.0,BTU
2024-05-15 14:37:00,22.885,22.89,22.88,22.89,2501.0,BTU
2024-05-15 14:36:00,22.88,22.89,22.88,22.885,6059.0,BTU
2024-05-15 14:35:00,22.88,22.885,22.87,22.88,2957.0,BTU
2024-05-15 14:34:00,22.875,22.89,22.875,22.885,1330.0,BTU
2024-05-15 14:33:00,22.87,22.875,22.87,22.875,987.0,BTU
2024-05-15 14:32:00,22.84,22.87,22.835,22.87,6616.0,BTU
2024-05-15 14:31:00,22.83,22.84,22.83,22.84,719.0,BTU
2024-05-15 14:30:00,22.83,22.83,22.83,22.83,1867.0,BTU
2024-05-15 14:29:00,22.83,22.83,22.825,22.825,459.0,BTU
2024-05-15 14:27:00,22.83,22.84,22.83,22.84,2008.0,BTU
2024-05-15 14:26:00,22.865,22.865,22.84,22.84,5138.0,BTU
2024-05-15 14:25:00,22.84,22.86,22.84,22.855,1744.0,BTU
2024-05-15 14:24:00,22.84,22.85,22.84,22.85,1563.0,BTU
2024-05-15 14:23:00,22.82,22.84,22.82,22.835,3047.0,BTU
2024-05-15 14:22:00,22.81,22.83,22.81,22.821,4527.0,BTU
2024-05-15 14:21:00,22.795,22.81,22.795,22.81,1798.0,BTU
2024-05-15 14:20:00,22.8,22.81,22.795,22.795,2394.0,BTU
2024-05-15 14:19:00,22.795,22.795,22.795,22.795,162.0,BTU
2024-05-15 14:18:00,22.79,22.79,22.79,22.79,3371.0,BTU
2024-05-15 14:17:00,22.805,22.805,22.795,22.795,1238.0,BTU
2024-05-15 14:16:00,22.79,22.8,22.785,22.795,7764.0,BTU
2024-05-15 14:15:00,22.795,22.8,22.795,22.8,748.0,BTU
2024-05-15 14:14:00,22.785,22.8,22.785,22.795,1180.0,BTU
2024-05-15 14:13:00,22.785,22.79,22.785,22.79,872.0,BTU
2024-05-15 14:12:00,22.785,22.785,22.785,22.785,260.0,BTU
2024-05-15 14:11:00,22.789,22.79,22.775,22.79,1278.0,BTU
2024-05-15 14:10:00,22.79,22.79,22.78,22.78,868.0,BTU
2024-05-15 14:09:00,22.795,22.8,22.78,22.785,3349.0,BTU
2024-05-15 14:08:00,22.805,22.81,22.795,22.795,1803.0,BTU
2024-05-15 14:07:00,22.78,22.8,22.775,22.8,8263.0,BTU
2024-05-15 14:06:00,22.78,22.78,22.775,22.775,596.0,BTU
2024-05-15 14:05:00,22.775,22.78,22.775,22.78,349.0,BTU
2024-05-15 14:04:00,22.77,22.775,22.765,22.775,3103.0,BTU
2024-05-15 14:03:00,22.765,22.765,22.765,22.765,318.0,BTU
2024-05-15 14:02:00,22.765,22.765,22.765,22.765,331.0,BTU
2024-05-15 14:01:00,22.76,22.76,22.755,22.76,1502.0,BTU
2024-05-15 14:00:00,22.76,22.76,22.75,22.755,3595.0,BTU
2024-05-15 13:58:00,22.76,22.765,22.745,22.765,27669.0,BTU
2024-05-15 13:57:00,22.76,22.76,22.755,22.76,1782.0,BTU
2024-05-15 13:56:00,22.755,22.765,22.755,22.76,995.0,BTU
2024-05-15 13:55:00,22.76,22.76,22.76,22.76,1825.0,BTU
2024-05-15 13:54:00,22.755,22.755,22.755,22.755,571.0,BTU
2024-05-15 13:53:00,22.76,22.76,22.755,22.755,1861.0,BTU
2024-05-15 13:52:00,22.76,22.77,22.755,22.76,4578.0,BTU
2024-05-15 13:51:00,22.77,22.77,22.755,22.755,2743.0,BTU
2024-05-15 13:50:00,22.77,22.77,22.77,22.77,683.0,BTU
2024-05-15 13:49:00,22.76,22.765,22.755,22.765,1363.0,BTU
2024-05-15 13:48:00,22.76,22.77,22.755,22.77,2840.0,BTU
2024-05-15 13:47:00,22.77,22.77,22.76,22.76,2574.0,BTU
2024-05-15 13:45:00,22.76,22.775,22.76,22.775,2164.0,BTU
2024-05-15 13:44:00,22.75,22.75,22.745,22.75,863.0,BTU
2024-05-15 13:43:00,22.75,22.76,22.75,22.76,1635.0,BTU
2024-05-15 13:42:00,22.76,22.76,22.745,22.745,878.0,BTU
2024-05-15 13:41:00,22.77,22.77,22.76,22.765,945.0,BTU
2024-05-15 13:40:00,22.77,22.775,22.77,22.775,1075.0,BTU
2024-05-15 13:39:00,22.755,22.765,22.74,22.75,9970.0,BTU
2024-05-15 13:38:00,22.755,22.755,22.755,22.755,253.0,BTU
2024-05-15 13:37:00,22.755,22.76,22.755,22.76,216.0,BTU
2024-05-15 13:36:00,22.78,22.785,22.755,22.755,2303.0,BTU
2024-05-15 13:35:00,22.775,22.775,22.775,22.775,702.0,BTU
2024-05-15 13:34:00,22.77,22.775,22.77,22.775,762.0,BTU
2024-05-15 13:33:00,22.78,22.785,22.77,22.77,2519.0,BTU
2024-05-15 13:32:00,22.775,22.775,22.775,22.775,304.0,BTU
2024-05-15 13:31:00,22.78,22.78,22.775,22.775,224.0,BTU
2024-05-15 13:30:00,22.78,22.785,22.775,22.775,878.0,BTU
2024-05-15 13:29:00,22.8,22.81,22.78,22.78,4328.0,BTU
2024-05-15 13:28:00,22.785,22.8,22.785,22.795,1662.0,BTU
2024-05-15 13:27:00,22.79,22.79,22.79,22.79,159.0,BTU
2024-05-15 13:26:00,22.79,22.795,22.79,22.79,2004.0,BTU
2024-05-15 13:25:00,22.775,22.79,22.775,22.79,1455.0,BTU
2024-05-15 13:24:00,22.8,22.8,22.78,22.78,1440.0,BTU
2024-05-15 13:23:00,22.82,22.82,22.805,22.805,1476.0,BTU
2024-05-15 13:22:00,22.84,22.84,22.825,22.825,39065.0,BTU
2024-05-15 13:21:00,22.89,22.89,22.84,22.84,17782.0,BTU
2024-05-15 13:20:00,22.885,22.89,22.88,22.88,2285.0,BTU
2024-05-15 13:19:00,22.88,22.88,22.87,22.88,8377.0,BTU
2024-05-15 13:18:00,22.9,22.9,22.88,22.88,2609.0,BTU
2024-05-15 13:17:00,22.905,22.91,22.905,22.905,532.0,BTU
2024-05-15 13:16:00,22.89,22.915,22.89,22.915,11750.0,BTU
2024-05-15 13:15:00,22.89,22.89,22.885,22.885,1264.0,BTU
2024-05-15 13:14:00,22.89,22.89,22.89,22.89,467.0,BTU
2024-05-15 13:13:00,22.895,22.895,22.885,22.89,3932.0,BTU
2024-05-15 13:12:00,22.89,22.895,22.89,22.892,1186.0,BTU
2024-05-15 13:11:00,22.885,22.89,22.885,22.89,511.0,BTU
2024-05-15 13:10:00,22.87,22.88,22.87,22.88,1910.0,BTU
2024-05-15 13:09:00,22.87,22.87,22.865,22.87,572.0,BTU
2024-05-15 13:08:00,22.863,22.862,22.86,22.86,293.0,BTU
2024-05-15 13:07:00,22.855,22.865,22.855,22.865,2583.0,BTU
2024-05-15 13:06:00,22.86,22.86,22.85,22.85,851.0,BTU
2024-05-15 13:05:00,22.865,22.87,22.86,22.86,802.0,BTU
2024-05-15 13:04:00,22.87,22.87,22.845,22.863,4741.0,BTU
2024-05-15 13:03:00,22.875,22.875,22.875,22.875,494.0,BTU
2024-05-15 13:02:00,22.88,22.88,22.87,22.87,1365.0,BTU
2024-05-15 13:01:00,22.895,22.9,22.88,22.88,5620.0,BTU
2024-05-15 12:59:00,22.87,22.89,22.87,22.89,1394.0,BTU
2024-05-15 12:58:00,22.875,22.875,22.867,22.87,3166.0,BTU
2024-05-15 12:57:00,22.86,22.88,22.86,22.87,2764.0,BTU
2024-05-15 12:56:00,22.885,22.885,22.86,22.865,12587.0,BTU
2024-05-15 12:55:00,22.885,22.885,22.88,22.88,497.0,BTU
2024-05-15 12:54:00,22.89,22.89,22.885,22.885,523.0,BTU
2024-05-15 12:53:00,22.88,22.89,22.88,22.885,1467.0,BTU
2024-05-15 12:52:00,22.87,22.88,22.87,22.88,2378.0,BTU
2024-05-15 12:51:00,22.87,22.87,22.865,22.865,535.0,BTU
2024-05-15 12:50:00,22.87,22.87,22.865,22.87,841.0,BTU
2024-05-15 12:48:00,22.86,22.86,22.86,22.86,202.0,BTU
2024-05-15 12:47:00,22.86,22.86,22.85,22.86,2673.0,BTU
2024-05-15 12:46:00,22.865,22.865,22.86,22.86,393.0,BTU
2024-05-15 12:45:00,22.87,22.87,22.865,22.865,410.0,BTU
2024-05-15 12:44:00,22.89,22.89,22.88,22.88,2811.0,BTU
2024-05-15 12:43:00,22.88,22.89,22.88,22.885,1741.0,BTU
2024-05-15 12:42:00,22.87,22.88,22.87,22.878,3036.0,BTU
2024-05-15 12:41:00,22.87,22.87,22.87,22.87,187.0,BTU
2024-05-15 12:40:00,22.865,22.88,22.85,22.86,12916.0,BTU
2024-05-15 12:39:00,22.88,22.88,22.865,22.865,3450.0,BTU
2024-05-15 12:38:00,22.88,22.885,22.88,22.883,670.0,BTU
2024-05-15 12:37:00,22.875,22.88,22.875,22.88,783.0,BTU
2024-05-15 12:36:00,22.87,22.87,22.87,22.87,1228.0,BTU
2024-05-15 12:35:00,22.865,22.87,22.86,22.87,1128.0,BTU
2024-05-15 12:34:00,22.84,22.86,22.84,22.86,2905.0,BTU
2024-05-15 12:33:00,22.84,22.84,22.84,22.84,982.0,BTU
2024-05-15 12:32:00,22.835,22.84,22.835,22.84,719.0,BTU
2024-05-15 12:31:00,22.84,22.84,22.84,22.84,594.0,BTU
2024-05-15 12:30:00,22.82,22.835,22.815,22.835,3487.0,BTU
2024-05-15 12:29:00,22.835,22.84,22.815,22.825,3304.0,BTU
2024-05-15 12:27:00,22.835,22.84,22.835,22.84,266.0,BTU
2024-05-15 12:26:00,22.834,22.834,22.834,22.834,266.0,BTU
2024-05-15 12:25:00,22.835,22.84,22.835,22.84,707.0,BTU
2024-05-15 12:23:00,22.83,22.84,22.825,22.84,2084.0,BTU
2024-05-15 12:22:00,22.83,22.83,22.83,22.83,685.0,BTU
2024-05-15 12:21:00,22.83,22.83,22.82,22.82,546.0,BTU
2024-05-15 12:20:00,22.82,22.835,22.82,22.82,2591.0,BTU
2024-05-15 12:19:00,22.825,22.83,22.825,22.83,739.0,BTU
2024-05-15 12:18:00,22.83,22.83,22.825,22.825,653.0,BTU
2024-05-15 12:17:00,22.82,22.835,22.82,22.835,2562.0,BTU
2024-05-15 12:16:00,22.852,22.852,22.815,22.82,3320.0,BTU
2024-05-15 12:15:00,22.865,22.865,22.845,22.85,6731.0,BTU
2024-05-15 12:14:00,22.87,22.87,22.87,22.87,102.0,BTU
2024-05-15 12:12:00,22.865,22.865,22.865,22.865,447.0,BTU
2024-05-15 12:11:00,22.87,22.87,22.87,22.87,100.0,BTU
2024-05-15 12:10:00,22.85,22.86,22.85,22.86,2694.0,BTU
2024-05-15 12:09:00,22.84,22.84,22.835,22.84,2762.0,BTU
2024-05-15 12:08:00,22.84,22.845,22.84,22.845,712.0,BTU
2024-05-15 12:07:00,22.835,22.84,22.835,22.84,343.0,BTU
2024-05-15 12:06:00,22.825,22.84,22.82,22.836,6373.0,BTU
2024-05-15 12:05:00,22.812,22.82,22.81,22.82,6288.0,BTU
2024-05-15 12:04:00,22.815,22.82,22.815,22.82,403.0,BTU
2024-05-15 12:03:00,22.815,22.815,22.815,22.815,361.0,BTU
2024-05-15 12:02:00,22.81,22.815,22.81,22.815,580.0,BTU
2024-05-15 12:01:00,22.8,22.81,22.8,22.81,540.0,BTU
2024-05-15 12:00:00,22.805,22.805,22.805,22.805,251.0,BTU
2024-05-15 11:59:00,22.805,22.81,22.8,22.8,4593.0,BTU
2024-05-15 11:57:00,22.8,22.81,22.8,22.805,790.0,BTU
2024-05-15 11:56:00,22.81,22.81,22.805,22.806,1729.0,BTU
2024-05-15 11:55:00,22.8,22.81,22.795,22.81,1383.0,BTU
2024-05-15 11:54:00,22.801,22.81,22.8,22.805,1941.0,BTU
2024-05-15 11:53:00,22.806,22.805,22.8,22.8,3371.0,BTU
2024-05-15 11:52:00,22.82,22.82,22.81,22.81,1213.0,BTU
2024-05-15 11:51:00,22.817,22.83,22.817,22.825,1298.0,BTU
2024-05-15 11:50:00,22.87,22.875,22.84,22.84,7155.0,BTU
2024-05-15 11:49:00,22.85,22.87,22.85,22.87,3917.0,BTU
2024-05-15 11:48:00,22.87,22.87,22.85,22.85,2113.0,BTU
2024-05-15 11:47:00,22.902,22.902,22.87,22.87,2555.0,BTU
2024-05-15 11:46:00,22.905,22.905,22.905,22.905,296.0,BTU
2024-05-15 11:45:00,22.9,22.905,22.895,22.9,6023.0,BTU
2024-05-15 11:44:00,22.9,22.91,22.895,22.91,6774.0,BTU
2024-05-15 11:43:00,22.89,22.9,22.89,22.895,2969.0,BTU
2024-05-15 11:42:00,22.9,22.9,22.895,22.895,712.0,BTU
2024-05-15 11:41:00,22.895,22.9,22.895,22.9,293.0,BTU
2024-05-15 11:40:00,22.88,22.9,22.88,22.895,8205.0,BTU
2024-05-15 11:39:00,22.875,22.875,22.875,22.875,206.0,BTU
2024-05-15 11:38:00,22.89,22.89,22.872,22.88,2353.0,BTU
2024-05-15 11:37:00,22.881,22.9,22.88,22.895,3640.0,BTU
2024-05-15 11:36:00,22.87,22.89,22.87,22.89,10561.0,BTU
2024-05-15 11:35:00,22.86,22.86,22.86,22.86,602.0,BTU
2024-05-15 11:34:00,22.85,22.87,22.84,22.87,14915.0,BTU
2024-05-15 11:33:00,22.843,22.843,22.84,22.84,313.0,BTU
2024-05-15 11:32:00,22.84,22.85,22.835,22.85,4273.0,BTU
2024-05-15 11:31:00,22.826,22.835,22.826,22.835,2253.0,BTU
2024-05-15 11:30:00,22.81,22.82,22.81,22.82,3061.0,BTU
2024-05-15 11:29:00,22.835,22.84,22.805,22.805,7841.0,BTU
2024-05-15 11:28:00,22.81,22.842,22.81,22.84,6679.0,BTU
2024-05-15 11:27:00,22.785,22.81,22.785,22.81,9951.0,BTU
2024-05-15 11:26:00,22.785,22.805,22.785,22.785,13324.0,BTU
2024-05-15 11:25:00,22.77,22.8,22.77,22.79,12099.0,BTU
2024-05-15 11:24:00,22.78,22.78,22.77,22.77,1498.0,BTU
2024-05-15 11:23:00,22.79,22.795,22.78,22.785,2652.0,BTU
2024-05-15 11:22:00,22.8,22.8,22.79,22.795,1303.0,BTU
2024-05-15 11:21:00,22.79,22.8,22.78,22.8,13875.0,BTU
2024-05-15 11:20:00,22.78,22.79,22.78,22.78,5836.0,BTU
2024-05-15 11:19:00,22.765,22.78,22.76,22.78,8198.0,BTU
2024-05-15 11:18:00,22.75,22.76,22.75,22.76,1505.0,BTU
2024-05-15 11:17:00,22.749,22.75,22.73,22.75,7709.0,BTU
2024-05-15 11:16:00,22.76,22.76,22.745,22.745,1697.0,BTU
2024-05-15 11:15:00,22.765,22.765,22.765,22.765,177.0,BTU
2024-05-15 11:14:00,22.75,22.77,22.75,22.77,2318.0,BTU
2024-05-15 11:13:00,22.75,22.76,22.75,22.76,6822.0,BTU
2024-05-15 11:12:00,22.74,22.751,22.735,22.752,4294.0,BTU
2024-05-15 11:11:00,22.745,22.745,22.735,22.74,1677.0,BTU
2024-05-15 11:10:00,22.72,22.745,22.72,22.745,6943.0,BTU
2024-05-15 11:09:00,22.71,22.72,22.71,22.71,4192.0,BTU
2024-05-15 11:08:00,22.715,22.715,22.715,22.715,768.0,BTU
2024-05-15 11:07:00,22.71,22.72,22.7,22.71,12796.0,BTU
2024-05-15 11:06:00,22.71,22.72,22.7,22.71,3760.0,BTU
2024-05-15 11:05:00,22.695,22.7,22.685,22.7,2710.0,BTU
2024-05-15 11:04:00,22.69,22.705,22.685,22.7,10594.0,BTU
2024-05-15 11:03:00,22.685,22.69,22.685,22.685,912.0,BTU
2024-05-15 11:02:00,22.69,22.69,22.69,22.69,470.0,BTU
2024-05-15 11:01:00,22.7,22.7,22.67,22.69,3410.0,BTU
2024-05-15 11:00:00,22.71,22.71,22.695,22.695,951.0,BTU
2024-05-15 10:59:00,22.7,22.7,22.7,22.7,445.0,BTU
2024-05-15 10:58:00,22.685,22.71,22.685,22.7,3093.0,BTU
2024-05-15 10:57:00,22.67,22.69,22.67,22.69,2587.0,BTU
2024-05-15 10:56:00,22.66,22.67,22.66,22.67,425.0,BTU
2024-05-15 10:55:00,22.65,22.675,22.65,22.67,6148.0,BTU
2024-05-15 10:54:00,22.64,22.65,22.64,22.65,1092.0,BTU
2024-05-15 10:53:00,22.65,22.65,22.63,22.635,1155.0,BTU
2024-05-15 10:52:00,22.64,22.645,22.635,22.645,1263.0,BTU
2024-05-15 10:51:00,22.615,22.63,22.615,22.63,2425.0,BTU
2024-05-15 10:50:00,22.645,22.645,22.6,22.61,4477.0,BTU
2024-05-15 10:49:00,22.645,22.655,22.645,22.65,1624.0,BTU
2024-05-15 10:48:00,22.635,22.65,22.635,22.645,633.0,BTU
2024-05-15 10:47:00,22.62,22.63,22.615,22.63,1145.0,BTU
2024-05-15 10:46:00,22.61,22.61,22.6,22.61,7063.0,BTU
2024-05-15 10:45:00,22.6,22.605,22.595,22.605,1359.0,BTU
2024-05-15 10:44:00,22.59,22.595,22.59,22.595,995.0,BTU
2024-05-15 10:43:00,22.575,22.575,22.575,22.575,789.0,BTU
2024-05-15 10:42:00,22.58,22.58,22.555,22.57,3552.0,BTU
2024-05-15 10:41:00,22.595,22.608,22.585,22.585,2062.0,BTU
2024-05-15 10:40:00,22.59,22.6,22.59,22.598,6570.0,BTU
2024-05-15 10:39:00,22.6,22.6,22.585,22.585,3159.0,BTU
2024-05-15 10:38:00,22.6,22.61,22.6,22.6,4705.0,BTU
2024-05-15 10:37:00,22.58,22.59,22.575,22.59,3131.0,BTU
2024-05-15 10:36:00,22.578,22.585,22.575,22.585,1557.0,BTU
2024-05-15 10:35:00,22.56,22.57,22.56,22.57,1406.0,BTU
2024-05-15 10:34:00,22.55,22.565,22.55,22.565,1908.0,BTU
2024-05-15 10:33:00,22.54,22.54,22.525,22.53,2195.0,BTU
2024-05-15 10:32:00,22.55,22.56,22.545,22.545,2383.0,BTU
2024-05-15 10:31:00,22.54,22.55,22.54,22.55,5994.0,BTU
2024-05-15 10:30:00,22.53,22.53,22.53,22.53,474.0,BTU
2024-05-15 10:29:00,22.55,22.55,22.525,22.525,2840.0,BTU
2024-05-15 10:28:00,22.505,22.54,22.505,22.54,2393.0,BTU
2024-05-15 10:27:00,22.505,22.51,22.503,22.51,1125.0,BTU
2024-05-15 10:26:00,22.51,22.51,22.5,22.5,805.0,BTU
2024-05-15 10:25:00,22.52,22.52,22.515,22.515,1985.0,BTU
2024-05-15 10:24:00,22.505,22.51,22.505,22.51,826.0,BTU
2024-05-15 10:23:00,22.53,22.53,22.515,22.515,2724.0,BTU
2024-05-15 10:22:00,22.53,22.53,22.522,22.525,940.0,BTU
2024-05-15 10:21:00,22.51,22.525,22.51,22.52,1648.0,BTU
2024-05-15 10:20:00,22.51,22.52,22.5,22.5,1315.0,BTU
2024-05-15 10:19:00,22.48,22.51,22.48,22.51,2440.0,BTU
2024-05-15 10:18:00,22.47,22.48,22.47,22.47,897.0,BTU
2024-05-15 10:17:00,22.47,22.47,22.46,22.465,1218.0,BTU
2024-05-15 10:16:00,22.455,22.47,22.455,22.47,4877.0,BTU
2024-05-15 10:15:00,22.47,22.47,22.455,22.46,3473.0,BTU
2024-05-15 10:14:00,22.44,22.46,22.44,22.46,1459.0,BTU
2024-05-15 10:13:00,22.43,22.445,22.428,22.43,5400.0,BTU
2024-05-15 10:12:00,22.43,22.44,22.43,22.435,3008.0,BTU
2024-05-15 10:11:00,22.5,22.5,22.44,22.44,8819.0,BTU
2024-05-15 10:10:00,22.5,22.51,22.5,22.5,2784.0,BTU
2024-05-15 10:09:00,22.5,22.51,22.495,22.5,3720.0,BTU
2024-05-15 10:08:00,22.52,22.52,22.51,22.515,1474.0,BTU
2024-05-15 10:07:00,22.52,22.52,22.515,22.515,467.0,BTU
2024-05-15 10:06:00,22.53,22.53,22.52,22.52,2016.0,BTU
2024-05-15 10:05:00,22.53,22.53,22.53,22.53,275.0,BTU
2024-05-15 10:04:00,22.535,22.535,22.51,22.53,4803.0,BTU
2024-05-15 10:03:00,22.5,22.53,22.5,22.53,1970.0,BTU
2024-05-15 10:02:00,22.495,22.505,22.49,22.49,4115.0,BTU
2024-05-15 10:01:00,22.51,22.51,22.495,22.5,3279.0,BTU
2024-05-15 10:00:00,22.53,22.53,22.5,22.513,3061.0,BTU
2024-05-15 09:59:00,22.53,22.54,22.52,22.53,3679.0,BTU
2024-05-15 09:58:00,22.53,22.53,22.51,22.525,1230.0,BTU
2024-05-15 09:57:00,22.53,22.535,22.53,22.53,3433.0,BTU
2024-05-15 09:56:00,22.5,22.54,22.5,22.536,2605.0,BTU
2024-05-15 09:55:00,22.5,22.506,22.495,22.5,7955.0,BTU
2024-05-15 09:54:00,22.545,22.549,22.5,22.5,10509.0,BTU
2024-05-15 09:53:00,22.53,22.54,22.525,22.54,3902.0,BTU
2024-05-15 09:52:00,22.55,22.56,22.515,22.52,14354.0,BTU
2024-05-15 09:51:00,22.555,22.58,22.54,22.55,8394.0,BTU
2024-05-15 09:50:00,22.6,22.63,22.553,22.553,17660.0,BTU
2024-05-15 09:49:00,22.565,22.61,22.565,22.61,13586.0,BTU
2024-05-15 09:48:00,22.57,22.595,22.55,22.56,5852.0,BTU
2024-05-15 09:47:00,22.6,22.6,22.565,22.565,4854.0,BTU
2024-05-15 09:46:00,22.6,22.6,22.59,22.595,3534.0,BTU
2024-05-15 09:45:00,22.6,22.6,22.595,22.6,1194.0,BTU
2024-05-15 09:44:00,22.6,22.6,22.57,22.59,1999.0,BTU
2024-05-15 09:43:00,22.57,22.61,22.57,22.6,4463.0,BTU
2024-05-15 09:42:00,22.57,22.58,22.57,22.57,1508.0,BTU
2024-05-15 09:41:00,22.59,22.59,22.57,22.57,3869.0,BTU
2024-05-15 09:40:00,22.555,22.6,22.555,22.6,3635.0,BTU
2024-05-15 09:39:00,22.525,22.56,22.525,22.556,5138.0,BTU
2024-05-15 09:38:00,22.47,22.525,22.47,22.525,3566.0,BTU
2024-05-15 09:37:00,22.49,22.49,22.44,22.44,2359.0,BTU
2024-05-15 09:36:00,22.5,22.51,22.46,22.48,2119.0,BTU
2024-05-15 09:35:00,22.45,22.49,22.45,22.49,1166.0,BTU
2024-05-15 09:34:00,22.48,22.48,22.41,22.435,1610.0,BTU
2024-05-15 09:33:00,22.51,22.51,22.495,22.495,485.0,BTU
2024-05-15 09:32:00,22.43,22.48,22.43,22.48,1853.0,BTU
2024-05-15 09:31:00,22.52,22.52,22.45,22.45,1734.0,BTU
2024-05-15 09:30:00,22.6,22.63,22.502,22.63,10307.0,BTU
2024-05-15 09:29:00,22.53,22.53,22.53,22.53,1.0,BTU
2024-05-15 09:24:00,22.53,22.53,22.53,22.53,3.0,BTU
2024-05-15 09:21:00,22.58,22.58,22.58,22.58,13.0,BTU
2024-05-15 09:17:00,22.42,22.42,22.42,22.42,157.0,BTU
2024-05-15 09:05:00,22.35,22.35,22.35,22.35,4.0,BTU
2024-05-15 08:55:00,22.48,22.49,22.48,22.49,3.0,BTU
2024-05-15 08:16:00,22.415,22.415,22.415,22.415,0.0,BTU
2024-05-15 08:02:00,22.49,22.49,22.49,22.49,0.0,BTU
2024-05-14 19:25:00,22.425,22.425,22.425,22.425,19.0,BTU
2024-05-14 19:21:00,22.425,22.425,22.425,22.425,2.0,BTU
2024-05-14 19:00:00,22.415,22.415,22.415,22.415,227831.0,BTU
2024-05-14 18:41:00,22.652,22.652,22.652,22.652,19.0,BTU
2024-05-14 18:30:00,22.415,22.415,22.415,22.415,227831.0,BTU
2024-05-14 16:45:00,22.425,22.425,22.425,22.425,8.0,BTU
2024-05-14 16:20:00,22.415,22.415,22.415,22.415,68.0,BTU
2024-05-14 16:10:00,22.415,22.415,22.415,22.415,227831.0,BTU
2024-05-14 16:02:00,22.415,22.415,22.415,22.415,4907.0,BTU
2024-05-14 16:01:00,22.415,22.415,22.415,22.415,2408.0,BTU
2024-05-14 16:00:00,22.415,22.485,22.405,22.415,476316.0,BTU
2024-05-14 15:59:00,22.42,22.425,22.395,22.415,57300.0,BTU
2024-05-14 15:58:00,22.435,22.435,22.415,22.425,27195.0,BTU
2024-05-14 15:57:00,22.415,22.435,22.41,22.435,24064.0,BTU
2024-05-14 15:56:00,22.41,22.425,22.41,22.415,23592.0,BTU
2024-05-14 15:55:00,22.44,22.445,22.415,22.415,23650.0,BTU
2024-05-14 15:54:00,22.435,22.455,22.435,22.44,20858.0,BTU
2024-05-14 15:53:00,22.425,22.44,22.425,22.435,12947.0,BTU
2024-05-14 15:52:00,22.43,22.43,22.415,22.425,13011.0,BTU
2024-05-14 15:51:00,22.415,22.43,22.41,22.43,9325.0,BTU
2024-05-14 15:50:00,22.415,22.415,22.4,22.41,13639.0,BTU
2024-05-14 15:49:00,22.405,22.415,22.405,22.413,2917.0,BTU
2024-05-14 15:48:00,22.4,22.4,22.394,22.4,5100.0,BTU
2024-05-14 15:47:00,22.405,22.405,22.39,22.4,10337.0,BTU
2024-05-14 15:46:00,22.425,22.425,22.405,22.41,10682.0,BTU
2024-05-14 15:45:00,22.39,22.425,22.39,22.424,12305.0,BTU
2024-05-14 15:44:00,22.38,22.395,22.38,22.395,7368.0,BTU
2024-05-14 15:43:00,22.38,22.385,22.375,22.385,4656.0,BTU
2024-05-14 15:42:00,22.385,22.39,22.375,22.38,10033.0,BTU
2024-05-14 15:41:00,22.384,22.385,22.375,22.385,2913.0,BTU
2024-05-14 15:40:00,22.385,22.39,22.38,22.385,9992.0,BTU
2024-05-14 15:39:00,22.395,22.395,22.385,22.39,3628.0,BTU
2024-05-14 15:38:00,22.4,22.4,22.395,22.4,658.0,BTU
2024-05-14 15:37:00,22.415,22.415,22.395,22.395,6023.0,BTU
2024-05-14 15:36:00,22.435,22.44,22.41,22.41,11470.0,BTU
2024-05-14 15:35:00,22.445,22.445,22.43,22.43,6934.0,BTU
2024-05-14 15:34:00,22.445,22.455,22.44,22.455,4468.0,BTU
2024-05-14 15:33:00,22.435,22.445,22.435,22.445,2807.0,BTU
2024-05-14 15:32:00,22.42,22.435,22.42,22.43,5065.0,BTU
2024-05-14 15:31:00,22.415,22.425,22.415,22.425,2563.0,BTU
2024-05-14 15:30:00,22.43,22.43,22.415,22.415,3421.0,BTU
2024-05-14 15:29:00,22.445,22.45,22.435,22.435,10258.0,BTU
2024-05-14 15:28:00,22.445,22.45,22.44,22.445,8740.0,BTU
2024-05-14 15:27:00,22.435,22.445,22.435,22.445,4483.0,BTU
2024-05-14 15:26:00,22.43,22.435,22.43,22.435,715.0,BTU
2024-05-14 15:25:00,22.435,22.435,22.425,22.425,4295.0,BTU
2024-05-14 15:24:00,22.415,22.43,22.415,22.43,4159.0,BTU
2024-05-14 15:23:00,22.415,22.415,22.415,22.415,310.0,BTU
2024-05-14 15:22:00,22.415,22.42,22.415,22.415,2249.0,BTU
2024-05-14 15:21:00,22.445,22.445,22.41,22.42,8355.0,BTU
2024-05-14 15:20:00,22.44,22.445,22.44,22.44,1562.0,BTU
2024-05-14 15:19:00,22.44,22.445,22.44,22.445,613.0,BTU
2024-05-14 15:18:00,22.445,22.445,22.44,22.44,1425.0,BTU
2024-05-14 15:17:00,22.445,22.445,22.44,22.44,2854.0,BTU
2024-05-14 15:16:00,22.45,22.45,22.445,22.45,2367.0,BTU
2024-05-14 15:15:00,22.475,22.475,22.44,22.45,5874.0,BTU
2024-05-14 15:14:00,22.465,22.475,22.465,22.475,2000.0,BTU
2024-05-14 15:13:00,22.465,22.465,22.465,22.465,1025.0,BTU
2024-05-14 15:12:00,22.46,22.46,22.45,22.455,3977.0,BTU
2024-05-14 15:11:00,22.46,22.465,22.46,22.46,914.0,BTU
2024-05-14 15:10:00,22.465,22.465,22.46,22.465,2763.0,BTU
2024-05-14 15:09:00,22.475,22.485,22.47,22.47,5235.0,BTU
2024-05-14 15:08:00,22.475,22.475,22.475,22.475,775.0,BTU
2024-05-14 15:07:00,22.47,22.475,22.465,22.47,825.0,BTU
2024-05-14 15:06:00,22.455,22.47,22.455,22.47,2397.0,BTU
2024-05-14 15:05:00,22.445,22.455,22.445,22.45,575.0,BTU
2024-05-14 15:04:00,22.475,22.475,22.45,22.45,6045.0,BTU
2024-05-14 15:03:00,22.51,22.51,22.475,22.475,5346.0,BTU
2024-05-14 15:02:00,22.51,22.51,22.51,22.51,1276.0,BTU
2024-05-14 15:01:00,22.505,22.515,22.5,22.505,2938.0,BTU
2024-05-14 15:00:00,22.5,22.505,22.5,22.505,696.0,BTU
2024-05-14 14:59:00,22.505,22.505,22.505,22.505,881.0,BTU
2024-05-14 14:58:00,22.495,22.5,22.49,22.5,2420.0,BTU
2024-05-14 14:57:00,22.49,22.495,22.485,22.49,709.0,BTU
2024-05-14 14:56:00,22.505,22.505,22.49,22.49,6664.0,BTU
2024-05-14 14:55:00,22.5,22.505,22.495,22.495,788.0,BTU
2024-05-14 14:54:00,22.495,22.495,22.495,22.495,189.0,BTU
2024-05-14 14:53:00,22.505,22.505,22.5,22.505,2001.0,BTU
2024-05-14 14:52:00,22.485,22.5,22.485,22.5,3143.0,BTU
2024-05-14 14:51:00,22.48,22.485,22.48,22.485,916.0,BTU
2024-05-14 14:50:00,22.48,22.485,22.475,22.485,3607.0,BTU
2024-05-14 14:49:00,22.48,22.485,22.48,22.48,1102.0,BTU
2024-05-14 14:48:00,22.48,22.48,22.48,22.48,814.0,BTU
2024-05-14 14:47:00,22.485,22.495,22.485,22.485,4480.0,BTU
2024-05-14 14:46:00,22.492,22.495,22.48,22.485,7743.0,BTU
2024-05-14 14:45:00,22.49,22.495,22.49,22.495,645.0,BTU
2024-05-14 14:44:00,22.49,22.495,22.49,22.49,576.0,BTU
2024-05-14 14:43:00,22.495,22.495,22.49,22.492,726.0,BTU
2024-05-14 14:42:00,22.495,22.495,22.49,22.49,532.0,BTU
2024-05-14 14:41:00,22.49,22.495,22.49,22.49,1227.0,BTU
2024-05-14 14:40:00,22.495,22.495,22.485,22.485,1607.0,BTU
2024-05-14 14:39:00,22.485,22.49,22.485,22.49,456.0,BTU
2024-05-14 14:38:00,22.485,22.485,22.48,22.485,3968.0,BTU
2024-05-14 14:37:00,22.485,22.485,22.485,22.485,588.0,BTU
2024-05-14 14:36:00,22.485,22.49,22.485,22.49,567.0,BTU
2024-05-14 14:35:00,22.485,22.495,22.48,22.485,5405.0,BTU
2024-05-14 14:34:00,22.485,22.485,22.48,22.48,887.0,BTU
2024-05-14 14:33:00,22.475,22.485,22.475,22.485,2079.0,BTU
2024-05-14 14:32:00,22.455,22.475,22.455,22.475,3289.0,BTU
2024-05-14 14:31:00,22.455,22.455,22.45,22.45,415.0,BTU
2024-05-14 14:30:00,22.455,22.46,22.445,22.45,4022.0,BTU
2024-05-14 14:29:00,22.455,22.455,22.45,22.455,775.0,BTU
2024-05-14 14:28:00,22.455,22.46,22.445,22.45,4067.0,BTU
2024-05-14 14:27:00,22.455,22.455,22.445,22.45,1268.0,BTU
2024-05-14 14:26:00,22.445,22.45,22.445,22.45,569.0,BTU
2024-05-14 14:25:00,22.445,22.45,22.44,22.45,1598.0,BTU
2024-05-14 14:24:00,22.455,22.46,22.445,22.445,4423.0,BTU
2024-05-14 14:23:00,22.46,22.46,22.455,22.455,385.0,BTU
2024-05-14 14:22:00,22.465,22.465,22.46,22.46,2514.0,BTU
2024-05-14 14:21:00,22.465,22.47,22.465,22.465,564.0,BTU
2024-05-14 14:20:00,22.475,22.48,22.47,22.47,812.0,BTU
2024-05-14 14:19:00,22.505,22.505,22.48,22.48,5456.0,BTU
2024-05-14 14:18:00,22.505,22.505,22.495,22.495,825.0,BTU
2024-05-14 14:16:00,22.5,22.5,22.495,22.495,457.0,BTU
2024-05-14 14:15:00,22.51,22.51,22.5,22.5,1985.0,BTU
2024-05-14 14:14:00,22.515,22.515,22.51,22.51,2654.0,BTU
2024-05-14 14:13:00,22.515,22.515,22.512,22.515,508.0,BTU
2024-05-14 14:12:00,22.495,22.515,22.495,22.515,3172.0,BTU
2024-05-14 14:11:00,22.49,22.495,22.49,22.49,777.0,BTU
2024-05-14 14:10:00,22.485,22.49,22.48,22.485,4088.0,BTU
2024-05-14 14:09:00,22.485,22.485,22.485,22.485,3009.0,BTU
2024-05-14 14:08:00,22.495,22.495,22.485,22.49,4637.0,BTU
2024-05-14 14:07:00,22.48,22.485,22.48,22.485,1425.0,BTU
2024-05-14 14:06:00,22.485,22.485,22.48,22.485,1106.0,BTU
2024-05-14 14:05:00,22.465,22.48,22.465,22.48,6231.0,BTU
2024-05-14 14:04:00,22.46,22.465,22.46,22.46,660.0,BTU
2024-05-14 14:02:00,22.464,22.464,22.455,22.46,1037.0,BTU
2024-05-14 14:01:00,22.46,22.46,22.455,22.455,1519.0,BTU
2024-05-14 14:00:00,22.445,22.46,22.445,22.46,1745.0,BTU
2024-05-14 13:59:00,22.45,22.455,22.44,22.445,2829.0,BTU
2024-05-14 13:58:00,22.445,22.455,22.445,22.455,2018.0,BTU
2024-05-14 13:57:00,22.435,22.445,22.435,22.445,1717.0,BTU
2024-05-14 13:56:00,22.455,22.455,22.44,22.445,2070.0,BTU
2024-05-14 13:55:00,22.445,22.45,22.445,22.45,2270.0,BTU
2024-05-14 13:54:00,22.435,22.435,22.435,22.435,457.0,BTU
2024-05-14 13:53:00,22.45,22.453,22.44,22.445,1578.0,BTU
2024-05-14 13:52:00,22.445,22.45,22.445,22.45,1014.0,BTU
2024-05-14 13:51:00,22.45,22.45,22.45,22.45,465.0,BTU
2024-05-14 13:50:00,22.455,22.455,22.455,22.455,613.0,BTU
2024-05-14 13:49:00,22.445,22.45,22.445,22.45,688.0,BTU
2024-05-14 13:48:00,22.465,22.467,22.45,22.45,3876.0,BTU
2024-05-14 13:47:00,22.475,22.475,22.47,22.475,1585.0,BTU
2024-05-14 13:46:00,22.47,22.47,22.47,22.47,772.0,BTU
2024-05-14 13:45:00,22.475,22.48,22.475,22.475,2313.0,BTU
2024-05-14 13:44:00,22.47,22.475,22.47,22.475,539.0,BTU
2024-05-14 13:43:00,22.47,22.475,22.47,22.475,2286.0,BTU
2024-05-14 13:42:00,22.47,22.47,22.47,22.47,304.0,BTU
2024-05-14 13:41:00,22.46,22.465,22.46,22.465,1360.0,BTU
2024-05-14 13:40:00,22.46,22.475,22.46,22.465,3110.0,BTU
2024-05-14 13:39:00,22.455,22.465,22.455,22.46,1549.0,BTU
2024-05-14 13:38:00,22.463,22.463,22.45,22.45,1840.0,BTU
2024-05-14 13:37:00,22.455,22.46,22.455,22.455,1507.0,BTU
2024-05-14 13:36:00,22.454,22.455,22.454,22.455,849.0,BTU
2024-05-14 13:35:00,22.455,22.455,22.455,22.455,423.0,BTU
2024-05-14 13:34:00,22.45,22.455,22.45,22.45,1567.0,BTU
2024-05-14 13:32:00,22.465,22.465,22.445,22.45,5751.0,BTU
2024-05-14 13:31:00,22.475,22.475,22.465,22.47,2278.0,BTU
2024-05-14 13:30:00,22.47,22.475,22.47,22.475,799.0,BTU
2024-05-14 13:29:00,22.475,22.475,22.47,22.47,2179.0,BTU
2024-05-14 13:28:00,22.465,22.47,22.465,22.47,902.0,BTU
2024-05-14 13:27:00,22.465,22.465,22.455,22.455,558.0,BTU
2024-05-14 13:26:00,22.465,22.465,22.46,22.46,641.0,BTU
2024-05-14 13:25:00,22.445,22.46,22.435,22.46,4140.0,BTU
2024-05-14 13:24:00,22.47,22.475,22.43,22.445,4898.0,BTU
2024-05-14 13:23:00,22.47,22.47,22.47,22.47,867.0,BTU
2024-05-14 13:22:00,22.465,22.47,22.46,22.47,1577.0,BTU
2024-05-14 13:20:00,22.455,22.465,22.449,22.46,1566.0,BTU
2024-05-14 13:19:00,22.495,22.495,22.46,22.46,5067.0,BTU
2024-05-14 13:18:00,22.49,22.495,22.49,22.495,918.0,BTU
2024-05-14 13:17:00,22.48,22.495,22.48,22.49,1983.0,BTU
2024-05-14 13:16:00,22.475,22.48,22.475,22.475,911.0,BTU
2024-05-14 13:15:00,22.48,22.485,22.48,22.48,983.0,BTU
2024-05-14 13:14:00,22.485,22.485,22.48,22.48,1120.0,BTU
2024-05-14 13:13:00,22.48,22.48,22.48,22.48,366.0,BTU
2024-05-14 13:12:00,22.48,22.485,22.48,22.48,2358.0,BTU
2024-05-14 13:11:00,22.483,22.485,22.475,22.475,436.0,BTU
2024-05-14 13:10:00,22.475,22.475,22.475,22.475,376.0,BTU
2024-05-14 13:09:00,22.485,22.485,22.465,22.485,3402.0,BTU
2024-05-14 13:08:00,22.475,22.485,22.475,22.485,4025.0,BTU
2024-05-14 13:07:00,22.46,22.475,22.46,22.475,2372.0,BTU
2024-05-14 13:06:00,22.46,22.46,22.455,22.46,1531.0,BTU
2024-05-14 13:05:00,22.475,22.475,22.45,22.46,976.0,BTU
2024-05-14 13:04:00,22.469,22.475,22.469,22.47,825.0,BTU
2024-05-14 13:03:00,22.485,22.485,22.465,22.47,2187.0,BTU
2024-05-14 13:02:00,22.495,22.495,22.485,22.49,1882.0,BTU
2024-05-14 13:01:00,22.485,22.49,22.485,22.49,606.0,BTU
2024-05-14 13:00:00,22.495,22.495,22.495,22.495,941.0,BTU
2024-05-14 12:59:00,22.51,22.515,22.495,22.5,4343.0,BTU
2024-05-14 12:58:00,22.515,22.515,22.51,22.51,834.0,BTU
2024-05-14 12:56:00,22.505,22.515,22.5,22.505,3053.0,BTU
2024-05-14 12:55:00,22.515,22.515,22.505,22.515,1102.0,BTU
2024-05-14 12:54:00,22.505,22.51,22.505,22.51,1149.0,BTU
2024-05-14 12:53:00,22.505,22.505,22.505,22.505,857.0,BTU
2024-05-14 12:52:00,22.505,22.515,22.5,22.515,3753.0,BTU
2024-05-14 12:51:00,22.522,22.525,22.505,22.509,4280.0,BTU
2024-05-14 12:50:00,22.525,22.525,22.522,22.525,706.0,BTU
2024-05-14 12:49:00,22.525,22.525,22.515,22.52,564.0,BTU
2024-05-14 12:48:00,22.525,22.525,22.525,22.525,164.0,BTU
2024-05-14 12:47:00,22.52,22.525,22.51,22.525,1081.0,BTU
2024-05-14 12:46:00,22.525,22.525,22.52,22.525,1214.0,BTU
2024-05-14 12:45:00,22.545,22.555,22.535,22.54,5941.0,BTU
2024-05-14 12:44:00,22.54,22.545,22.54,22.54,1300.0,BTU
2024-05-14 12:43:00,22.53,22.54,22.53,22.54,1302.0,BTU
2024-05-14 12:42:00,22.533,22.533,22.53,22.53,756.0,BTU
2024-05-14 12:41:00,22.53,22.53,22.53,22.53,1909.0,BTU
2024-05-14 12:40:00,22.53,22.54,22.515,22.53,6447.0,BTU
2024-05-14 12:39:00,22.535,22.535,22.53,22.535,1135.0,BTU
2024-05-14 12:38:00,22.525,22.53,22.525,22.53,4364.0,BTU
2024-05-14 12:37:00,22.52,22.52,22.52,22.52,515.0,BTU
2024-05-14 12:36:00,22.52,22.52,22.52,22.52,550.0,BTU
2024-05-14 12:35:00,22.525,22.525,22.525,22.525,1027.0,BTU
2024-05-14 12:34:00,22.525,22.53,22.525,22.53,5747.0,BTU
2024-05-14 12:33:00,22.505,22.525,22.505,22.525,1562.0,BTU
2024-05-14 12:32:00,22.485,22.495,22.485,22.495,1301.0,BTU
2024-05-14 12:31:00,22.48,22.49,22.48,22.485,1171.0,BTU
2024-05-14 12:30:00,22.48,22.485,22.48,22.485,865.0,BTU
2024-05-14 12:29:00,22.505,22.505,22.48,22.485,4931.0,BTU
2024-05-14 12:28:00,22.51,22.51,22.51,22.51,449.0,BTU
2024-05-14 12:27:00,22.525,22.525,22.515,22.515,2587.0,BTU
2024-05-14 12:26:00,22.525,22.525,22.525,22.525,552.0,BTU
2024-05-14 12:25:00,22.525,22.525,22.52,22.525,2507.0,BTU
2024-05-14 12:24:00,22.53,22.535,22.52,22.52,1098.0,BTU
2024-05-14 12:23:00,22.53,22.53,22.525,22.525,520.0,BTU
2024-05-14 12:22:00,22.525,22.535,22.52,22.535,3110.0,BTU
2024-05-14 12:21:00,22.535,22.545,22.53,22.53,2090.0,BTU
2024-05-14 12:20:00,22.51,22.525,22.51,22.525,2600.0,BTU
2024-05-14 12:19:00,22.515,22.52,22.51,22.51,2953.0,BTU
2024-05-14 12:18:00,22.51,22.515,22.51,22.515,686.0,BTU
2024-05-14 12:17:00,22.51,22.515,22.51,22.515,926.0,BTU
2024-05-14 12:16:00,22.513,22.513,22.513,22.513,549.0,BTU
2024-05-14 12:15:00,22.505,22.515,22.505,22.515,2155.0,BTU
2024-05-14 12:14:00,22.475,22.52,22.475,22.515,22739.0,BTU
2024-05-14 12:13:00,22.495,22.495,22.48,22.48,1468.0,BTU
2024-05-14 12:11:00,22.525,22.525,22.505,22.505,5762.0,BTU
2024-05-14 12:10:00,22.525,22.525,22.525,22.525,1557.0,BTU
2024-05-14 12:09:00,22.525,22.525,22.525,22.525,235.0,BTU
2024-05-14 12:08:00,22.525,22.525,22.525,22.525,2571.0,BTU
2024-05-14 12:07:00,22.54,22.54,22.525,22.535,1508.0,BTU
2024-05-14 12:06:00,22.545,22.545,22.54,22.54,1864.0,BTU
2024-05-14 12:05:00,22.545,22.555,22.545,22.555,952.0,BTU
2024-05-14 12:04:00,22.543,22.545,22.53,22.535,1341.0,BTU
2024-05-14 12:03:00,22.505,22.535,22.505,22.53,5737.0,BTU
2024-05-14 12:02:00,22.505,22.51,22.5,22.505,1726.0,BTU
2024-05-14 12:01:00,22.525,22.525,22.515,22.515,1984.0,BTU
2024-05-14 12:00:00,22.54,22.54,22.525,22.525,826.0,BTU
2024-05-14 11:59:00,22.545,22.545,22.535,22.535,2841.0,BTU
2024-05-14 11:58:00,22.575,22.575,22.56,22.56,829.0,BTU
2024-05-14 11:57:00,22.595,22.6,22.575,22.58,2825.0,BTU
2024-05-14 11:56:00,22.585,22.595,22.58,22.58,2647.0,BTU
2024-05-14 11:54:00,22.575,22.575,22.57,22.575,2029.0,BTU
2024-05-14 11:53:00,22.58,22.585,22.57,22.58,3150.0,BTU
2024-05-14 11:52:00,22.6,22.6,22.575,22.58,2852.0,BTU
2024-05-14 11:51:00,22.595,22.605,22.595,22.6,593.0,BTU
2024-05-14 11:50:00,22.6,22.6,22.6,22.6,954.0,BTU
2024-05-14 11:49:00,22.595,22.595,22.595,22.595,756.0,BTU
2024-05-14 11:48:00,22.593,22.6,22.593,22.6,907.0,BTU
2024-05-14 11:47:00,22.595,22.6,22.59,22.59,938.0,BTU
2024-05-14 11:46:00,22.585,22.615,22.585,22.595,5514.0,BTU
2024-05-14 11:45:00,22.585,22.585,22.58,22.58,1267.0,BTU
2024-05-14 11:44:00,22.58,22.58,22.58,22.58,414.0,BTU
2024-05-14 11:42:00,22.575,22.58,22.575,22.58,1998.0,BTU
2024-05-14 11:41:00,22.585,22.585,22.575,22.58,2798.0,BTU
2024-05-14 11:40:00,22.585,22.585,22.575,22.585,1786.0,BTU
2024-05-14 11:39:00,22.575,22.575,22.575,22.575,238.0,BTU
2024-05-14 11:38:00,22.6,22.6,22.58,22.58,1552.0,BTU
2024-05-14 11:37:00,22.605,22.605,22.59,22.6,1868.0,BTU
2024-05-14 11:36:00,22.615,22.625,22.605,22.61,7261.0,BTU
2024-05-14 11:35:00,22.605,22.605,22.605,22.605,737.0,BTU
2024-05-14 11:34:00,22.615,22.615,22.608,22.608,2151.0,BTU
2024-05-14 11:33:00,22.615,22.615,22.615,22.615,367.0,BTU
2024-05-14 11:32:00,22.615,22.62,22.615,22.615,1591.0,BTU
2024-05-14 11:31:00,22.62,22.62,22.605,22.615,2576.0,BTU
2024-05-14 11:30:00,22.61,22.622,22.61,22.622,2271.0,BTU
2024-05-14 11:29:00,22.612,22.612,22.61,22.61,1155.0,BTU
2024-05-14 11:28:00,22.605,22.605,22.605,22.605,448.0,BTU
2024-05-14 11:27:00,22.595,22.605,22.595,22.605,762.0,BTU
2024-05-14 11:26:00,22.59,22.59,22.59,22.59,680.0,BTU
2024-05-14 11:25:00,22.6,22.61,22.585,22.585,4717.0,BTU
2024-05-14 11:24:00,22.61,22.61,22.595,22.6,4610.0,BTU
2024-05-14 11:23:00,22.585,22.605,22.585,22.605,4382.0,BTU
2024-05-14 11:22:00,22.58,22.585,22.58,22.585,376.0,BTU
2024-05-14 11:21:00,22.58,22.581,22.58,22.58,2294.0,BTU
2024-05-14 11:20:00,22.575,22.58,22.575,22.58,340.0,BTU
2024-05-14 11:19:00,22.56,22.575,22.555,22.575,1624.0,BTU
2024-05-14 11:18:00,22.545,22.57,22.545,22.565,2990.0,BTU
2024-05-14 11:17:00,22.575,22.575,22.545,22.545,1950.0,BTU
2024-05-14 11:16:00,22.585,22.595,22.57,22.57,5410.0,BTU
2024-05-14 11:15:00,22.6,22.605,22.585,22.585,4971.0,BTU
2024-05-14 11:14:00,22.595,22.595,22.595,22.595,1163.0,BTU
2024-05-14 11:13:00,22.585,22.595,22.58,22.595,1090.0,BTU
2024-05-14 11:12:00,22.585,22.6,22.58,22.59,3347.0,BTU
2024-05-14 11:11:00,22.595,22.595,22.56,22.575,5137.0,BTU
2024-05-14 11:10:00,22.585,22.595,22.585,22.588,1649.0,BTU
2024-05-14 11:09:00,22.555,22.595,22.555,22.585,5729.0,BTU
2024-05-14 11:08:00,22.55,22.55,22.54,22.55,4421.0,BTU
2024-05-14 11:07:00,22.565,22.565,22.55,22.555,2432.0,BTU
2024-05-14 11:06:00,22.56,22.573,22.559,22.565,1556.0,BTU
2024-05-14 11:05:00,22.57,22.57,22.56,22.56,929.0,BTU
2024-05-14 11:04:00,22.555,22.575,22.555,22.575,521.0,BTU
2024-05-14 11:03:00,22.545,22.575,22.545,22.555,3860.0,BTU
2024-05-14 11:02:00,22.545,22.55,22.54,22.545,2250.0,BTU
2024-05-14 11:01:00,22.535,22.545,22.535,22.545,2030.0,BTU
2024-05-14 11:00:00,22.54,22.545,22.535,22.545,1427.0,BTU
2024-05-14 10:59:00,22.525,22.54,22.525,22.535,2263.0,BTU
2024-05-14 10:58:00,22.52,22.535,22.515,22.535,3724.0,BTU
2024-05-14 10:57:00,22.515,22.525,22.51,22.52,2274.0,BTU
2024-05-14 10:56:00,22.515,22.52,22.515,22.52,1246.0,BTU
2024-05-14 10:55:00,22.505,22.505,22.495,22.505,6013.0,BTU
2024-05-14 10:54:00,22.515,22.52,22.505,22.51,2792.0,BTU
2024-05-14 10:53:00,22.505,22.515,22.505,22.505,1322.0,BTU
2024-05-14 10:52:00,22.515,22.52,22.503,22.505,5460.0,BTU
2024-05-14 10:51:00,22.5,22.515,22.5,22.515,6638.0,BTU
2024-05-14 10:50:00,22.495,22.495,22.49,22.49,664.0,BTU
2024-05-14 10:49:00,22.495,22.505,22.485,22.495,3400.0,BTU
2024-05-14 10:48:00,22.505,22.505,22.49,22.49,8188.0,BTU
2024-05-14 10:47:00,22.525,22.525,22.495,22.495,1145.0,BTU
2024-05-14 10:46:00,22.535,22.535,22.52,22.529,2130.0,BTU
2024-05-14 10:45:00,22.515,22.535,22.515,22.53,2215.0,BTU
2024-05-14 10:44:00,22.505,22.52,22.505,22.52,2961.0,BTU
2024-05-14 10:43:00,22.5,22.515,22.5,22.5,3637.0,BTU
2024-05-14 10:42:00,22.495,22.5,22.495,22.495,3811.0,BTU
2024-05-14 10:41:00,22.46,22.49,22.46,22.49,1587.0,BTU
2024-05-14 10:40:00,22.465,22.465,22.46,22.46,1369.0,BTU
2024-05-14 10:39:00,22.475,22.475,22.47,22.47,1427.0,BTU
2024-05-14 10:38:00,22.46,22.465,22.445,22.465,2894.0,BTU
2024-05-14 10:37:00,22.43,22.46,22.425,22.46,4215.0,BTU
2024-05-14 10:36:00,22.405,22.425,22.405,22.425,2794.0,BTU
2024-05-14 10:35:00,22.395,22.41,22.395,22.41,1143.0,BTU
2024-05-14 10:34:00,22.405,22.405,22.385,22.391,7635.0,BTU
2024-05-14 10:33:00,22.405,22.405,22.405,22.405,3782.0,BTU
2024-05-14 10:32:00,22.392,22.405,22.39,22.405,2229.0,BTU
2024-05-14 10:31:00,22.375,22.395,22.375,22.395,1107.0,BTU
2024-05-14 10:30:00,22.39,22.395,22.365,22.37,2521.0,BTU
2024-05-14 10:29:00,22.395,22.4,22.385,22.39,2907.0,BTU
2024-05-14 10:28:00,22.405,22.425,22.4,22.41,4765.0,BTU
2024-05-14 10:27:00,22.405,22.415,22.395,22.415,3236.0,BTU
2024-05-14 10:26:00,22.39,22.405,22.39,22.405,2428.0,BTU
2024-05-14 10:25:00,22.403,22.405,22.395,22.395,2788.0,BTU
2024-05-14 10:24:00,22.395,22.405,22.395,22.4,1438.0,BTU
2024-05-14 10:23:00,22.405,22.405,22.385,22.39,1867.0,BTU
2024-05-14 10:22:00,22.395,22.41,22.39,22.41,1062.0,BTU
2024-05-14 10:21:00,22.375,22.395,22.37,22.385,2385.0,BTU
2024-05-14 10:20:00,22.365,22.383,22.365,22.38,2533.0,BTU
2024-05-14 10:19:00,22.365,22.37,22.355,22.355,1734.0,BTU
2024-05-14 10:18:00,22.331,22.355,22.326,22.355,3892.0,BTU
2024-05-14 10:17:00,22.36,22.36,22.336,22.336,1759.0,BTU
2024-05-14 10:16:00,22.395,22.395,22.365,22.375,2578.0,BTU
2024-05-14 10:15:00,22.385,22.423,22.385,22.405,3864.0,BTU
2024-05-14 10:14:00,22.415,22.415,22.38,22.385,5476.0,BTU
2024-05-14 10:13:00,22.415,22.415,22.41,22.41,1760.0,BTU
2024-05-14 10:12:00,22.445,22.445,22.43,22.43,736.0,BTU
2024-05-14 10:11:00,22.445,22.455,22.44,22.44,1546.0,BTU
2024-05-14 10:10:00,22.435,22.445,22.433,22.435,4415.0,BTU
2024-05-14 10:09:00,22.435,22.435,22.42,22.425,836.0,BTU
2024-05-14 10:08:00,22.475,22.476,22.41,22.435,12968.0,BTU
2024-05-14 10:07:00,22.47,22.47,22.46,22.47,1975.0,BTU
2024-05-14 10:06:00,22.475,22.475,22.47,22.47,1618.0,BTU
2024-05-14 10:05:00,22.44,22.485,22.44,22.465,5834.0,BTU
2024-05-14 10:04:00,22.446,22.446,22.44,22.44,2872.0,BTU
2024-05-14 10:03:00,22.465,22.473,22.445,22.45,3309.0,BTU
2024-05-14 10:02:00,22.465,22.465,22.455,22.455,873.0,BTU
2024-05-14 10:01:00,22.425,22.455,22.425,22.455,854.0,BTU
2024-05-14 10:00:00,22.455,22.455,22.425,22.435,2265.0,BTU
2024-05-14 09:59:00,22.445,22.455,22.415,22.455,5636.0,BTU
2024-05-14 09:58:00,22.431,22.445,22.431,22.443,2519.0,BTU
2024-05-14 09:57:00,22.415,22.425,22.415,22.42,1631.0,BTU
2024-05-14 09:56:00,22.36,22.405,22.36,22.405,3635.0,BTU
2024-05-14 09:55:00,22.336,22.37,22.336,22.355,7874.0,BTU
2024-05-14 09:54:00,22.326,22.335,22.326,22.331,1128.0,BTU
2024-05-14 09:53:00,22.355,22.355,22.321,22.321,1596.0,BTU
2024-05-14 09:52:00,22.345,22.36,22.326,22.355,3984.0,BTU
2024-05-14 09:51:00,22.365,22.365,22.331,22.336,2097.0,BTU
2024-05-14 09:50:00,22.385,22.385,22.365,22.365,2714.0,BTU
2024-05-14 09:49:00,22.41,22.41,22.385,22.385,3660.0,BTU
2024-05-14 09:48:00,22.425,22.43,22.395,22.4,4684.0,BTU
2024-05-14 09:47:00,22.475,22.475,22.415,22.43,7340.0,BTU
2024-05-14 09:46:00,22.485,22.505,22.465,22.475,13738.0,BTU
2024-05-14 09:45:00,22.54,22.54,22.48,22.48,10677.0,BTU
2024-05-14 09:44:00,22.535,22.54,22.535,22.54,848.0,BTU
2024-05-14 09:43:00,22.535,22.575,22.525,22.525,19684.0,BTU
2024-05-14 09:42:00,22.505,22.54,22.495,22.535,5719.0,BTU
2024-05-14 09:41:00,22.495,22.5,22.495,22.5,310.0,BTU
2024-05-14 09:40:00,22.52,22.52,22.475,22.475,3302.0,BTU
2024-05-14 09:39:00,22.495,22.515,22.495,22.515,1492.0,BTU
2024-05-14 09:38:00,22.51,22.515,22.493,22.505,3898.0,BTU
2024-05-14 09:37:00,22.545,22.545,22.475,22.51,5116.0,BTU
2024-05-14 09:36:00,22.485,22.545,22.485,22.525,3044.0,BTU
2024-05-14 09:35:00,22.485,22.485,22.445,22.47,3886.0,BTU
2024-05-14 09:34:00,22.525,22.535,22.505,22.505,558.0,BTU
2024-05-14 09:33:00,22.545,22.545,22.485,22.51,3434.0,BTU
2024-05-14 09:32:00,22.525,22.535,22.475,22.535,2936.0,BTU
2024-05-14 09:31:00,22.395,22.505,22.395,22.49,6660.0,BTU
2024-05-14 09:30:00,22.326,22.415,22.326,22.395,20658.0,BTU
2024-05-14 09:29:00,22.216,22.226,22.216,22.226,532.0,BTU
2024-05-14 09:28:00,22.196,22.196,22.196,22.196,37.0,BTU
2024-05-14 09:07:00,22.216,22.216,22.216,22.216,28.0,BTU
2024-05-14 09:06:00,22.216,22.216,22.216,22.216,9.0,BTU
2024-05-14 09:03:00,22.176,22.176,22.176,22.176,247.0,BTU
2024-05-14 09:00:00,22.176,22.176,22.176,22.176,176.0,BTU
2024-05-14 08:54:00,22.176,22.176,22.166,22.166,16.0,BTU
2024-05-14 08:52:00,22.276,22.276,22.226,22.226,69.0,BTU
2024-05-14 08:40:00,22.276,22.276,22.276,22.276,144.0,BTU
2024-05-14 08:00:00,22.365,22.365,22.365,22.365,9.0,BTU
2024-05-14 07:49:00,22.266,22.266,22.266,22.266,0.0,BTU
2024-05-14 07:29:00,22.276,22.276,22.276,22.276,0.0,BTU
2024-05-13 19:00:00,22.236,22.236,22.236,22.236,199762.0,BTU
2024-05-13 18:30:00,22.236,22.236,22.236,22.236,199762.0,BTU
2024-05-13 18:22:00,22.311,22.355,22.311,22.355,86.0,BTU
2024-05-13 17:52:00,22.475,22.475,22.375,22.375,7.0,BTU
2024-05-13 17:45:00,22.375,22.375,22.375,22.375,577.0,BTU
2024-05-13 16:37:00,22.365,22.365,22.365,22.365,1.0,BTU
2024-05-13 16:21:00,22.365,22.365,22.365,22.365,4.0,BTU
2024-05-13 16:11:00,22.694,22.694,22.694,22.694,19.0,BTU
2024-05-13 16:10:00,22.236,22.236,22.236,22.236,199762.0,BTU
2024-05-13 16:01:00,22.236,22.236,22.236,22.236,979.0,BTU
2024-05-13 16:00:00,22.246,22.246,22.236,22.236,425816.0,BTU
2024-05-13 15:59:00,22.206,22.246,22.196,22.246,65083.0,BTU
2024-05-13 15:58:00,22.211,22.216,22.196,22.201,27102.0,BTU
2024-05-13 15:57:00,22.201,22.216,22.196,22.211,14835.0,BTU
2024-05-13 15:56:00,22.221,22.226,22.196,22.201,33890.0,BTU
2024-05-13 15:55:00,22.221,22.246,22.221,22.226,24298.0,BTU
2024-05-13 15:54:00,22.216,22.226,22.211,22.226,8201.0,BTU
2024-05-13 15:53:00,22.196,22.216,22.196,22.211,7652.0,BTU
2024-05-13 15:52:00,22.206,22.206,22.196,22.201,12081.0,BTU
2024-05-13 15:51:00,22.186,22.206,22.186,22.201,7418.0,BTU
2024-05-13 15:50:00,22.176,22.176,22.166,22.176,7996.0,BTU
2024-05-13 15:49:00,22.181,22.181,22.171,22.171,7018.0,BTU
2024-05-13 15:48:00,22.191,22.196,22.176,22.176,12586.0,BTU
2024-05-13 15:47:00,22.166,22.196,22.166,22.191,8895.0,BTU
2024-05-13 15:46:00,22.161,22.166,22.161,22.161,2646.0,BTU
2024-05-13 15:45:00,22.171,22.171,22.161,22.166,4467.0,BTU
2024-05-13 15:44:00,22.171,22.176,22.166,22.166,8679.0,BTU
2024-05-13 15:43:00,22.171,22.176,22.171,22.176,1075.0,BTU
2024-05-13 15:42:00,22.171,22.176,22.161,22.171,9239.0,BTU
2024-05-13 15:41:00,22.171,22.176,22.171,22.171,1761.0,BTU
2024-05-13 15:40:00,22.176,22.181,22.171,22.171,5306.0,BTU
2024-05-13 15:39:00,22.171,22.176,22.171,22.171,1714.0,BTU
2024-05-13 15:38:00,22.176,22.176,22.166,22.166,6126.0,BTU
2024-05-13 15:37:00,22.176,22.181,22.171,22.181,4912.0,BTU
2024-05-13 15:36:00,22.176,22.186,22.176,22.176,2288.0,BTU
2024-05-13 15:35:00,22.176,22.176,22.176,22.176,2022.0,BTU
2024-05-13 15:34:00,22.176,22.181,22.176,22.181,1311.0,BTU
2024-05-13 15:33:00,22.176,22.186,22.176,22.186,5372.0,BTU
2024-05-13 15:32:00,22.191,22.196,22.176,22.181,5724.0,BTU
2024-05-13 15:31:00,22.191,22.196,22.191,22.191,1000.0,BTU
2024-05-13 15:30:00,22.196,22.196,22.186,22.191,1905.0,BTU
2024-05-13 15:29:00,22.191,22.191,22.191,22.191,732.0,BTU
2024-05-13 15:28:00,22.186,22.191,22.186,22.191,2621.0,BTU
2024-05-13 15:27:00,22.186,22.186,22.186,22.186,1448.0,BTU
2024-05-13 15:26:00,22.201,22.201,22.196,22.196,2190.0,BTU
2024-05-13 15:25:00,22.201,22.211,22.201,22.201,3991.0,BTU
2024-05-13 15:24:00,22.196,22.206,22.196,22.206,2996.0,BTU
2024-05-13 15:23:00,22.191,22.191,22.186,22.191,1067.0,BTU
2024-05-13 15:22:00,22.201,22.201,22.191,22.191,2003.0,BTU
2024-05-13 15:21:00,22.201,22.201,22.201,22.201,610.0,BTU
2024-05-13 15:19:00,22.211,22.211,22.196,22.201,4286.0,BTU
2024-05-13 15:18:00,22.201,22.211,22.196,22.206,8287.0,BTU
2024-05-13 15:17:00,22.201,22.201,22.191,22.201,3411.0,BTU
2024-05-13 15:16:00,22.191,22.201,22.191,22.201,2228.0,BTU
2024-05-13 15:15:00,22.171,22.191,22.171,22.191,3804.0,BTU
2024-05-13 15:14:00,22.176,22.176,22.176,22.176,1136.0,BTU
2024-05-13 15:13:00,22.171,22.172,22.171,22.172,447.0,BTU
2024-05-13 15:12:00,22.181,22.181,22.166,22.166,2014.0,BTU
2024-05-13 15:10:00,22.201,22.201,22.181,22.181,2147.0,BTU
2024-05-13 15:09:00,22.201,22.201,22.196,22.201,1189.0,BTU
2024-05-13 15:08:00,22.206,22.211,22.201,22.201,6768.0,BTU
2024-05-13 15:07:00,22.206,22.206,22.206,22.206,609.0,BTU
2024-05-13 15:06:00,22.206,22.206,22.206,22.206,1374.0,BTU
2024-05-13 15:05:00,22.201,22.206,22.201,22.206,363.0,BTU
2024-05-13 15:04:00,22.205,22.205,22.196,22.201,2457.0,BTU
2024-05-13 15:03:00,22.206,22.206,22.206,22.206,583.0,BTU
2024-05-13 15:02:00,22.201,22.206,22.196,22.206,1329.0,BTU
2024-05-13 15:01:00,22.201,22.201,22.201,22.201,234.0,BTU
2024-05-13 15:00:00,22.206,22.206,22.191,22.201,6028.0,BTU
2024-05-13 14:59:00,22.206,22.206,22.201,22.201,1471.0,BTU
2024-05-13 14:58:00,22.196,22.201,22.196,22.201,1323.0,BTU
2024-05-13 14:57:00,22.191,22.196,22.191,22.196,1269.0,BTU
2024-05-13 14:56:00,22.201,22.201,22.191,22.195,3226.0,BTU
2024-05-13 14:55:00,22.201,22.206,22.201,22.206,494.0,BTU
2024-05-13 14:54:00,22.201,22.206,22.201,22.206,262.0,BTU
2024-05-13 14:53:00,22.201,22.206,22.196,22.206,1878.0,BTU
2024-05-13 14:52:00,22.196,22.201,22.193,22.201,1213.0,BTU
2024-05-13 14:51:00,22.196,22.196,22.191,22.196,1024.0,BTU
2024-05-13 14:50:00,22.191,22.206,22.191,22.206,2273.0,BTU
2024-05-13 14:49:00,22.196,22.196,22.186,22.191,2395.0,BTU
2024-05-13 14:48:00,22.186,22.196,22.186,22.196,2251.0,BTU
2024-05-13 14:47:00,22.181,22.181,22.166,22.176,3223.0,BTU
2024-05-13 14:46:00,22.181,22.181,22.176,22.176,1474.0,BTU
2024-05-13 14:45:00,22.181,22.181,22.181,22.181,411.0,BTU
2024-05-13 14:44:00,22.176,22.181,22.176,22.181,917.0,BTU
2024-05-13 14:43:00,22.181,22.181,22.181,22.181,232.0,BTU
2024-05-13 14:41:00,22.181,22.186,22.181,22.186,1874.0,BTU
2024-05-13 14:40:00,22.176,22.176,22.176,22.176,522.0,BTU
2024-05-13 14:39:00,22.176,22.184,22.176,22.184,318.0,BTU
2024-05-13 14:38:00,22.171,22.176,22.171,22.176,1114.0,BTU
2024-05-13 14:37:00,22.196,22.201,22.166,22.166,6765.0,BTU
2024-05-13 14:36:00,22.186,22.196,22.186,22.194,1292.0,BTU
2024-05-13 14:35:00,22.186,22.191,22.176,22.191,5473.0,BTU
2024-05-13 14:34:00,22.171,22.186,22.171,22.186,1202.0,BTU
2024-05-13 14:33:00,22.176,22.176,22.176,22.176,152.0,BTU
2024-05-13 14:32:00,22.166,22.171,22.166,22.171,1076.0,BTU
2024-05-13 14:30:00,22.166,22.166,22.161,22.161,1698.0,BTU
2024-05-13 14:29:00,22.161,22.181,22.158,22.171,7743.0,BTU
2024-05-13 14:28:00,22.156,22.161,22.156,22.161,1470.0,BTU
2024-05-13 14:27:00,22.156,22.156,22.156,22.156,311.0,BTU
2024-05-13 14:26:00,22.161,22.161,22.156,22.156,1066.0,BTU
2024-05-13 14:25:00,22.181,22.181,22.161,22.161,2665.0,BTU
2024-05-13 14:24:00,22.186,22.186,22.181,22.186,473.0,BTU
2024-05-13 14:23:00,22.191,22.196,22.186,22.196,664.0,BTU
2024-05-13 14:22:00,22.176,22.186,22.176,22.186,3394.0,BTU
2024-05-13 14:21:00,22.176,22.181,22.176,22.176,967.0,BTU
2024-05-13 14:20:00,22.166,22.176,22.166,22.176,2054.0,BTU
2024-05-13 14:19:00,22.166,22.171,22.166,22.171,1192.0,BTU
2024-05-13 14:17:00,22.171,22.171,22.166,22.166,770.0,BTU
2024-05-13 14:16:00,22.176,22.176,22.171,22.171,931.0,BTU
2024-05-13 14:15:00,22.176,22.181,22.176,22.181,971.0,BTU
2024-05-13 14:13:00,22.166,22.166,22.166,22.166,1036.0,BTU
2024-05-13 14:12:00,22.176,22.181,22.166,22.166,1370.0,BTU
2024-05-13 14:11:00,22.186,22.186,22.181,22.181,1799.0,BTU
2024-05-13 14:10:00,22.186,22.191,22.186,22.191,918.0,BTU
2024-05-13 14:09:00,22.186,22.186,22.186,22.186,272.0,BTU
2024-05-13 14:08:00,22.181,22.181,22.181,22.181,366.0,BTU
2024-05-13 14:07:00,22.171,22.181,22.171,22.181,2335.0,BTU
2024-05-13 14:06:00,22.166,22.176,22.166,22.176,2224.0,BTU
2024-05-13 14:05:00,22.166,22.166,22.166,22.166,241.0,BTU
2024-05-13 14:04:00,22.166,22.176,22.166,22.176,1754.0,BTU
2024-05-13 14:03:00,22.166,22.166,22.166,22.166,687.0,BTU
2024-05-13 14:02:00,22.161,22.171,22.161,22.166,1121.0,BTU
2024-05-13 14:01:00,22.166,22.166,22.166,22.166,235.0,BTU
2024-05-13 14:00:00,22.171,22.171,22.166,22.166,513.0,BTU
2024-05-13 13:59:00,22.161,22.171,22.156,22.171,2868.0,BTU
2024-05-13 13:58:00,22.156,22.156,22.156,22.156,200.0,BTU
2024-05-13 13:56:00,22.176,22.181,22.166,22.166,685.0,BTU
2024-05-13 13:55:00,22.186,22.186,22.181,22.181,1086.0,BTU
2024-05-13 13:54:00,22.221,22.221,22.191,22.191,5028.0,BTU
2024-05-13 13:53:00,22.221,22.226,22.221,22.226,1523.0,BTU
2024-05-13 13:52:00,22.206,22.221,22.206,22.216,3919.0,BTU
2024-05-13 13:51:00,22.181,22.206,22.181,22.206,50033.0,BTU
2024-05-13 13:50:00,22.181,22.181,22.176,22.176,424.0,BTU
2024-05-13 13:49:00,22.171,22.176,22.171,22.176,2211.0,BTU
2024-05-13 13:48:00,22.176,22.176,22.166,22.171,1697.0,BTU
2024-05-13 13:47:00,22.176,22.186,22.171,22.186,6108.0,BTU
2024-05-13 13:46:00,22.181,22.181,22.174,22.174,2290.0,BTU
2024-05-13 13:45:00,22.176,22.176,22.176,22.176,689.0,BTU
2024-05-13 13:43:00,22.191,22.206,22.176,22.176,10249.0,BTU
2024-05-13 13:42:00,22.191,22.191,22.186,22.188,1244.0,BTU
2024-05-13 13:41:00,22.191,22.191,22.19,22.191,550.0,BTU
2024-05-13 13:40:00,22.186,22.186,22.184,22.186,657.0,BTU
2024-05-13 13:38:00,22.166,22.176,22.166,22.176,1238.0,BTU
2024-05-13 13:37:00,22.166,22.166,22.156,22.156,2116.0,BTU
2024-05-13 13:36:00,22.147,22.171,22.147,22.171,3539.0,BTU
2024-05-13 13:35:00,22.156,22.161,22.156,22.156,391.0,BTU
2024-05-13 13:34:00,22.176,22.176,22.166,22.166,1289.0,BTU
2024-05-13 13:33:00,22.181,22.186,22.181,22.181,840.0,BTU
2024-05-13 13:32:00,22.226,22.226,22.191,22.191,6687.0,BTU
2024-05-13 13:29:00,22.221,22.236,22.221,22.236,2852.0,BTU
2024-05-13 13:27:00,22.246,22.246,22.231,22.231,2044.0,BTU
2024-05-13 13:25:00,22.246,22.246,22.241,22.241,715.0,BTU
2024-05-13 13:24:00,22.246,22.251,22.236,22.251,2540.0,BTU
2024-05-13 13:23:00,22.256,22.256,22.256,22.256,1296.0,BTU
2024-05-13 13:22:00,22.256,22.256,22.256,22.256,105.0,BTU
2024-05-13 13:20:00,22.271,22.271,22.256,22.256,1878.0,BTU
2024-05-13 13:19:00,22.281,22.286,22.271,22.271,1951.0,BTU
2024-05-13 13:18:00,22.281,22.296,22.281,22.281,7513.0,BTU
2024-05-13 13:17:00,22.276,22.286,22.276,22.276,2837.0,BTU
2024-05-13 13:16:00,22.271,22.271,22.271,22.271,422.0,BTU
2024-05-13 13:15:00,22.266,22.271,22.266,22.271,595.0,BTU
2024-05-13 13:14:00,22.271,22.271,22.261,22.261,884.0,BTU
2024-05-13 13:13:00,22.271,22.271,22.271,22.271,307.0,BTU
2024-05-13 13:12:00,22.271,22.276,22.266,22.276,5941.0,BTU
2024-05-13 13:11:00,22.266,22.266,22.266,22.266,221.0,BTU
2024-05-13 13:10:00,22.256,22.266,22.256,22.266,1451.0,BTU
2024-05-13 13:09:00,22.256,22.256,22.241,22.246,6678.0,BTU
2024-05-13 13:08:00,22.266,22.266,22.266,22.266,1690.0,BTU
2024-05-13 13:07:00,22.206,22.261,22.206,22.256,9146.0,BTU
2024-05-13 13:06:00,22.206,22.206,22.206,22.206,1922.0,BTU
2024-05-13 13:05:00,22.216,22.216,22.206,22.206,9376.0,BTU
2024-05-13 13:04:00,22.206,22.216,22.206,22.216,2557.0,BTU
2024-05-13 13:03:00,22.221,22.221,22.211,22.216,1365.0,BTU
2024-05-13 13:02:00,22.216,22.226,22.216,22.226,521.0,BTU
2024-05-13 13:01:00,22.211,22.216,22.211,22.216,837.0,BTU
2024-05-13 13:00:00,22.216,22.216,22.211,22.211,497.0,BTU
2024-05-13 12:59:00,22.206,22.221,22.201,22.221,2910.0,BTU
2024-05-13 12:58:00,22.206,22.206,22.206,22.206,2306.0,BTU
2024-05-13 12:57:00,22.211,22.211,22.211,22.211,157.0,BTU
2024-05-13 12:56:00,22.211,22.211,22.186,22.206,4837.0,BTU
2024-05-13 12:55:00,22.226,22.231,22.211,22.211,1525.0,BTU
2024-05-13 12:54:00,22.231,22.231,22.221,22.221,1215.0,BTU
2024-05-13 12:53:00,22.226,22.231,22.226,22.231,650.0,BTU
2024-05-13 12:52:00,22.231,22.231,22.221,22.226,927.0,BTU
2024-05-13 12:51:00,22.246,22.246,22.236,22.236,1617.0,BTU
2024-05-13 12:50:00,22.246,22.246,22.241,22.241,959.0,BTU
2024-05-13 12:49:00,22.246,22.251,22.246,22.251,961.0,BTU
2024-05-13 12:48:00,22.261,22.261,22.246,22.246,3593.0,BTU
2024-05-13 12:47:00,22.271,22.271,22.257,22.261,2760.0,BTU
2024-05-13 12:46:00,22.266,22.276,22.266,22.276,2566.0,BTU
2024-05-13 12:45:00,22.256,22.266,22.256,22.266,2433.0,BTU
2024-05-13 12:43:00,22.251,22.251,22.251,22.251,313.0,BTU
2024-05-13 12:41:00,22.236,22.256,22.236,22.256,3599.0,BTU
2024-05-13 12:38:00,22.236,22.236,22.236,22.236,131.0,BTU
2024-05-13 12:37:00,22.251,22.251,22.236,22.246,3943.0,BTU
2024-05-13 12:36:00,22.236,22.246,22.236,22.246,2211.0,BTU
2024-05-13 12:35:00,22.226,22.231,22.226,22.231,1722.0,BTU
2024-05-13 12:34:00,22.211,22.216,22.211,22.216,1574.0,BTU
2024-05-13 12:33:00,22.211,22.211,22.211,22.211,612.0,BTU
2024-05-13 12:31:00,22.216,22.216,22.211,22.211,850.0,BTU
2024-05-13 12:30:00,22.216,22.216,22.216,22.216,287.0,BTU
2024-05-13 12:29:00,22.231,22.231,22.226,22.226,2042.0,BTU
2024-05-13 12:27:00,22.226,22.226,22.216,22.226,5693.0,BTU
2024-05-13 12:26:00,22.226,22.226,22.226,22.226,417.0,BTU
2024-05-13 12:25:00,22.206,22.226,22.206,22.226,1440.0,BTU
2024-05-13 12:24:00,22.206,22.211,22.206,22.211,506.0,BTU
2024-05-13 12:23:00,22.206,22.206,22.206,22.206,2479.0,BTU
2024-05-13 12:22:00,22.211,22.211,22.206,22.211,1296.0,BTU
2024-05-13 12:21:00,22.206,22.211,22.206,22.211,769.0,BTU
2024-05-13 12:20:00,22.201,22.206,22.201,22.206,590.0,BTU
2024-05-13 12:19:00,22.206,22.206,22.206,22.206,322.0,BTU
2024-05-13 12:18:00,22.186,22.196,22.186,22.196,2243.0,BTU
2024-05-13 12:17:00,22.191,22.196,22.186,22.196,1372.0,BTU
2024-05-13 12:16:00,22.211,22.211,22.191,22.191,2922.0,BTU
2024-05-13 12:15:00,22.201,22.206,22.201,22.206,791.0,BTU
2024-05-13 12:14:00,22.186,22.196,22.186,22.196,971.0,BTU
2024-05-13 12:13:00,22.176,22.186,22.171,22.186,4510.0,BTU
2024-05-13 12:12:00,22.156,22.176,22.156,22.176,2443.0,BTU
2024-05-13 12:11:00,22.156,22.161,22.156,22.156,1590.0,BTU
2024-05-13 12:10:00,22.156,22.156,22.156,22.156,2124.0,BTU
2024-05-13 12:09:00,22.146,22.156,22.136,22.156,6396.0,BTU
2024-05-13 12:08:00,22.136,22.146,22.136,22.146,5680.0,BTU
2024-05-13 12:07:00,22.136,22.151,22.136,22.141,4448.0,BTU
2024-05-13 12:06:00,22.116,22.136,22.116,22.136,2408.0,BTU
2024-05-13 12:05:00,22.106,22.106,22.106,22.106,398.0,BTU
2024-05-13 12:04:00,22.136,22.136,22.101,22.106,3796.0,BTU
2024-05-13 12:03:00,22.136,22.136,22.135,22.136,1636.0,BTU
2024-05-13 12:02:00,22.136,22.141,22.136,22.141,685.0,BTU
2024-05-13 12:01:00,22.146,22.151,22.136,22.136,3295.0,BTU
2024-05-13 12:00:00,22.146,22.146,22.136,22.136,3035.0,BTU
2024-05-13 11:59:00,22.132,22.151,22.126,22.146,6874.0,BTU
2024-05-13 11:58:00,22.136,22.138,22.131,22.131,3316.0,BTU
2024-05-13 11:57:00,22.141,22.141,22.136,22.136,4247.0,BTU
2024-05-13 11:56:00,22.126,22.146,22.126,22.146,2527.0,BTU
2024-05-13 11:55:00,22.156,22.156,22.126,22.126,3279.0,BTU
2024-05-13 11:54:00,22.156,22.161,22.156,22.156,3287.0,BTU
2024-05-13 11:53:00,22.146,22.146,22.146,22.146,438.0,BTU
2024-05-13 11:52:00,22.136,22.136,22.136,22.136,165.0,BTU
2024-05-13 11:51:00,22.131,22.141,22.121,22.141,2113.0,BTU
2024-05-13 11:50:00,22.126,22.126,22.125,22.126,1542.0,BTU
2024-05-13 11:49:00,22.126,22.126,22.126,22.126,757.0,BTU
2024-05-13 11:48:00,22.151,22.151,22.121,22.121,3329.0,BTU
2024-05-13 11:47:00,22.146,22.146,22.146,22.146,2082.0,BTU
2024-05-13 11:46:00,22.126,22.156,22.121,22.155,6339.0,BTU
2024-05-13 11:45:00,22.131,22.136,22.131,22.136,479.0,BTU
2024-05-13 11:44:00,22.101,22.126,22.101,22.126,1614.0,BTU
2024-05-13 11:43:00,22.096,22.111,22.096,22.106,3579.0,BTU
2024-05-13 11:42:00,22.086,22.096,22.086,22.096,738.0,BTU
2024-05-13 11:40:00,22.081,22.086,22.081,22.081,864.0,BTU
2024-05-13 11:39:00,22.076,22.086,22.076,22.081,768.0,BTU
2024-05-13 11:38:00,22.086,22.086,22.076,22.076,613.0,BTU
2024-05-13 11:36:00,22.081,22.086,22.081,22.086,265.0,BTU
2024-05-13 11:35:00,22.076,22.086,22.076,22.086,1360.0,BTU
2024-05-13 11:34:00,22.076,22.076,22.076,22.076,218.0,BTU
2024-05-13 11:33:00,22.037,22.066,22.027,22.066,2658.0,BTU
2024-05-13 11:32:00,22.061,22.061,22.046,22.046,1031.0,BTU
2024-05-13 11:31:00,22.076,22.076,22.066,22.066,2611.0,BTU
2024-05-13 11:30:00,22.071,22.077,22.066,22.066,2975.0,BTU
2024-05-13 11:29:00,22.096,22.096,22.086,22.086,1485.0,BTU
2024-05-13 11:28:00,22.116,22.116,22.096,22.096,2139.0,BTU
2024-05-13 11:27:00,22.121,22.126,22.116,22.126,2886.0,BTU
2024-05-13 11:26:00,22.166,22.166,22.126,22.126,8822.0,BTU
2024-05-13 11:25:00,22.166,22.166,22.166,22.166,431.0,BTU
2024-05-13 11:24:00,22.176,22.176,22.166,22.171,2647.0,BTU
2024-05-13 11:23:00,22.166,22.176,22.161,22.176,3378.0,BTU
2024-05-13 11:22:00,22.156,22.161,22.156,22.161,1579.0,BTU
2024-05-13 11:21:00,22.146,22.161,22.146,22.161,2331.0,BTU
2024-05-13 11:20:00,22.156,22.156,22.141,22.141,3513.0,BTU
2024-05-13 11:19:00,22.156,22.156,22.156,22.156,646.0,BTU
2024-05-13 11:18:00,22.146,22.151,22.146,22.151,1492.0,BTU
2024-05-13 11:17:00,22.161,22.161,22.156,22.156,1241.0,BTU
2024-05-13 11:16:00,22.166,22.166,22.161,22.161,963.0,BTU
2024-05-13 11:15:00,22.186,22.186,22.176,22.176,2013.0,BTU
2024-05-13 11:14:00,22.161,22.186,22.161,22.186,2814.0,BTU
2024-05-13 11:13:00,22.176,22.188,22.176,22.176,3645.0,BTU
2024-05-13 11:12:00,22.176,22.176,22.171,22.171,601.0,BTU
2024-05-13 11:11:00,22.191,22.191,22.176,22.181,1548.0,BTU
2024-05-13 11:10:00,22.186,22.191,22.186,22.191,637.0,BTU
2024-05-13 11:09:00,22.171,22.196,22.166,22.186,4811.0,BTU
2024-05-13 11:08:00,22.176,22.176,22.176,22.176,1756.0,BTU
2024-05-13 11:07:00,22.176,22.181,22.166,22.181,1928.0,BTU
2024-05-13 11:06:00,22.166,22.176,22.156,22.176,3971.0,BTU
2024-05-13 11:05:00,22.156,22.166,22.156,22.166,1441.0,BTU
2024-05-13 11:04:00,22.196,22.196,22.156,22.166,4749.0,BTU
2024-05-13 11:03:00,22.206,22.206,22.201,22.201,1131.0,BTU
2024-05-13 11:02:00,22.186,22.206,22.186,22.206,2615.0,BTU
2024-05-13 11:01:00,22.186,22.204,22.186,22.196,2280.0,BTU
2024-05-13 11:00:00,22.176,22.176,22.176,22.176,615.0,BTU
2024-05-13 10:59:00,22.211,22.211,22.171,22.171,6435.0,BTU
2024-05-13 10:58:00,22.211,22.211,22.206,22.206,315.0,BTU
2024-05-13 10:57:00,22.216,22.216,22.211,22.211,431.0,BTU
2024-05-13 10:56:00,22.196,22.206,22.191,22.206,2481.0,BTU
2024-05-13 10:55:00,22.171,22.196,22.156,22.196,9592.0,BTU
2024-05-13 10:54:00,22.176,22.186,22.166,22.171,6303.0,BTU
2024-05-13 10:53:00,22.178,22.178,22.166,22.166,1480.0,BTU
2024-05-13 10:52:00,22.181,22.181,22.181,22.181,457.0,BTU
2024-05-13 10:51:00,22.196,22.201,22.181,22.186,3545.0,BTU
2024-05-13 10:50:00,22.266,22.266,22.206,22.206,9458.0,BTU
2024-05-13 10:49:00,22.271,22.271,22.271,22.271,605.0,BTU
2024-05-13 10:48:00,22.296,22.296,22.276,22.276,7426.0,BTU
2024-05-13 10:47:00,22.296,22.304,22.296,22.296,4513.0,BTU
2024-05-13 10:46:00,22.326,22.326,22.291,22.301,7706.0,BTU
2024-05-13 10:45:00,22.306,22.34,22.306,22.326,7535.0,BTU
2024-05-13 10:44:00,22.296,22.321,22.296,22.306,7059.0,BTU
2024-05-13 10:43:00,22.296,22.302,22.291,22.302,3321.0,BTU
2024-05-13 10:42:00,22.286,22.296,22.286,22.296,1049.0,BTU
2024-05-13 10:41:00,22.266,22.276,22.266,22.276,2781.0,BTU
2024-05-13 10:40:00,22.266,22.271,22.236,22.266,12478.0,BTU
2024-05-13 10:39:00,22.271,22.276,22.261,22.261,2550.0,BTU
2024-05-13 10:38:00,22.256,22.276,22.256,22.266,4807.0,BTU
2024-05-13 10:37:00,22.236,22.256,22.226,22.256,8924.0,BTU
2024-05-13 10:36:00,22.246,22.246,22.241,22.241,895.0,BTU
2024-05-13 10:35:00,22.266,22.266,22.241,22.246,3468.0,BTU
2024-05-13 10:34:00,22.276,22.276,22.261,22.261,2290.0,BTU
2024-05-13 10:33:00,22.251,22.276,22.251,22.276,1014.0,BTU
2024-05-13 10:32:00,22.266,22.266,22.256,22.256,761.0,BTU
2024-05-13 10:31:00,22.236,22.266,22.226,22.266,9884.0,BTU
2024-05-13 10:30:00,22.271,22.271,22.246,22.246,1454.0,BTU
2024-05-13 10:29:00,22.256,22.281,22.251,22.267,3222.0,BTU
2024-05-13 10:28:00,22.296,22.301,22.266,22.266,2586.0,BTU
2024-05-13 10:27:00,22.271,22.296,22.266,22.296,5081.0,BTU
2024-05-13 10:26:00,22.276,22.296,22.256,22.276,17597.0,BTU
2024-05-13 10:25:00,22.276,22.276,22.266,22.276,1333.0,BTU
2024-05-13 10:24:00,22.286,22.286,22.261,22.266,2510.0,BTU
2024-05-13 10:23:00,22.296,22.296,22.291,22.291,490.0,BTU
2024-05-13 10:22:00,22.266,22.296,22.266,22.296,3133.0,BTU
2024-05-13 10:21:00,22.266,22.276,22.251,22.266,4020.0,BTU
2024-05-13 10:20:00,22.261,22.266,22.246,22.256,5738.0,BTU
2024-05-13 10:19:00,22.291,22.291,22.266,22.266,7393.0,BTU
2024-05-13 10:18:00,22.286,22.296,22.286,22.296,3576.0,BTU
2024-05-13 10:17:00,22.291,22.291,22.281,22.286,3712.0,BTU
2024-05-13 10:16:00,22.262,22.301,22.261,22.292,2999.0,BTU
2024-05-13 10:15:00,22.271,22.271,22.266,22.266,988.0,BTU
2024-05-13 10:14:00,22.266,22.266,22.261,22.266,2586.0,BTU
2024-05-13 10:13:00,22.276,22.296,22.276,22.281,4445.0,BTU
2024-05-13 10:12:00,22.271,22.281,22.256,22.276,2639.0,BTU
2024-05-13 10:11:00,22.321,22.326,22.271,22.276,4317.0,BTU
2024-05-13 10:10:00,22.306,22.321,22.291,22.321,3591.0,BTU
2024-05-13 10:09:00,22.286,22.286,22.276,22.286,3721.0,BTU
2024-05-13 10:08:00,22.325,22.326,22.276,22.276,3411.0,BTU
2024-05-13 10:07:00,22.286,22.316,22.285,22.316,2925.0,BTU
2024-05-13 10:06:00,22.276,22.296,22.266,22.286,3770.0,BTU
2024-05-13 10:05:00,22.311,22.311,22.236,22.266,10722.0,BTU
2024-05-13 10:04:00,22.326,22.326,22.311,22.316,2524.0,BTU
2024-05-13 10:03:00,22.326,22.331,22.32,22.326,1364.0,BTU
2024-05-13 10:02:00,22.291,22.336,22.286,22.321,13984.0,BTU
2024-05-13 10:01:00,22.266,22.286,22.258,22.286,5736.0,BTU
2024-05-13 10:00:00,22.197,22.261,22.197,22.258,3189.0,BTU
2024-05-13 09:59:00,22.171,22.206,22.146,22.206,4970.0,BTU
2024-05-13 09:58:00,22.111,22.166,22.111,22.166,5505.0,BTU
2024-05-13 09:57:00,22.096,22.096,22.096,22.096,222.0,BTU
2024-05-13 09:56:00,22.086,22.111,22.086,22.096,2468.0,BTU
2024-05-13 09:55:00,22.076,22.086,22.066,22.086,2482.0,BTU
2024-05-13 09:54:00,22.066,22.096,22.066,22.096,1829.0,BTU
2024-05-13 09:53:00,22.041,22.066,22.041,22.066,2753.0,BTU
2024-05-13 09:52:00,22.126,22.126,22.046,22.046,10463.0,BTU
2024-05-13 09:51:00,22.121,22.141,22.091,22.136,14220.0,BTU
2024-05-13 09:50:00,22.118,22.131,22.118,22.131,3410.0,BTU
2024-05-13 09:49:00,22.126,22.135,22.126,22.135,839.0,BTU
2024-05-13 09:47:00,22.136,22.136,22.121,22.126,2288.0,BTU
2024-05-13 09:46:00,22.136,22.156,22.131,22.136,2012.0,BTU
2024-05-13 09:45:00,22.076,22.142,22.076,22.136,6564.0,BTU
2024-05-13 09:44:00,22.081,22.081,22.061,22.075,3519.0,BTU
2024-05-13 09:43:00,22.081,22.081,22.066,22.076,2688.0,BTU
2024-05-13 09:42:00,22.046,22.111,22.041,22.081,21008.0,BTU
2024-05-13 09:41:00,22.017,22.051,22.017,22.051,2435.0,BTU
2024-05-13 09:40:00,22.012,22.017,21.987,22.017,3784.0,BTU
2024-05-13 09:39:00,22.017,22.027,21.997,22.017,8457.0,BTU
2024-05-13 09:38:00,22.027,22.037,22.022,22.027,941.0,BTU
2024-05-13 09:37:00,22.027,22.036,22.017,22.026,2985.0,BTU
2024-05-13 09:36:00,22.007,22.027,21.997,22.027,1271.0,BTU
2024-05-13 09:35:00,22.007,22.007,21.967,21.987,1631.0,BTU
2024-05-13 09:33:00,22.012,22.046,22.012,22.046,1031.0,BTU
2024-05-13 09:32:00,21.997,22.027,21.997,22.027,1471.0,BTU
2024-05-13 09:31:00,21.967,22.007,21.967,21.993,1902.0,BTU
2024-05-13 09:30:00,21.947,21.997,21.927,21.977,19948.0,BTU
2024-05-13 09:24:00,21.867,21.867,21.837,21.867,107.0,BTU
2024-05-13 09:23:00,21.877,21.877,21.877,21.877,124.0,BTU
2024-05-13 09:15:00,21.927,21.927,21.927,21.927,3.0,BTU
2024-05-13 09:13:00,21.887,21.887,21.887,21.887,146.0,BTU
2024-05-13 09:10:00,21.917,21.917,21.917,21.917,2.0,BTU
2024-05-13 08:43:00,21.807,21.807,21.807,21.807,2335.0,BTU
2024-05-13 08:37:00,21.916,21.916,21.916,21.916,0.0,BTU
2024-05-13 08:10:00,21.907,21.907,21.907,21.907,2.0,BTU
2024-05-13 08:07:00,21.807,21.807,21.807,21.807,1250.0,BTU
2024-05-13 08:05:00,22.037,22.066,22.037,22.066,5.0,BTU
2024-05-13 07:56:00,21.907,21.907,21.907,21.907,0.0,BTU
2024-05-13 04:45:00,21.927,21.927,21.927,21.927,1.0,BTU
2024-05-13 04:01:00,21.997,21.997,21.997,21.997,0.0,BTU
2024-05-13 04:00:00,22.106,22.106,21.997,21.997,1.0,BTU
2024-05-10 19:40:00,21.827,21.827,21.827,21.827,9.0,BTU
2024-05-10 19:00:00,21.807,21.807,21.807,21.807,363767.0,BTU
2024-05-10 18:47:00,22.395,22.395,22.395,22.395,19.0,BTU
2024-05-10 18:30:00,21.807,21.807,21.807,21.807,363767.0,BTU
2024-05-10 18:22:00,21.827,21.827,21.827,21.827,0.0,BTU
2024-05-10 16:33:00,21.927,21.927,21.927,21.927,1.0,BTU
2024-05-10 16:10:00,21.807,21.807,21.807,21.807,363767.0,BTU
2024-05-10 16:05:00,21.827,21.827,21.827,21.827,69759.0,BTU
2024-05-10 16:03:00,21.807,21.807,21.807,21.807,369.0,BTU
2024-05-10 16:01:00,21.807,21.807,21.807,21.807,3.0,BTU
2024-05-10 16:00:00,21.827,21.827,21.807,21.807,744641.0,BTU
2024-05-10 15:59:00,21.842,21.847,21.777,21.827,112172.0,BTU
2024-05-10 15:58:00,21.812,21.847,21.807,21.842,41921.0,BTU
2024-05-10 15:57:00,21.837,21.837,21.797,21.812,43460.0,BTU
2024-05-10 15:56:00,21.832,21.837,21.807,21.837,52205.0,BTU
2024-05-10 15:55:00,21.802,21.842,21.787,21.832,49110.0,BTU
2024-05-10 15:54:00,21.757,21.797,21.757,21.797,15372.0,BTU
2024-05-10 15:53:00,21.787,21.802,21.718,21.752,84493.0,BTU
2024-05-10 15:52:00,21.733,21.787,21.733,21.777,21469.0,BTU
2024-05-10 15:51:00,21.782,21.817,21.728,21.738,60742.0,BTU
2024-05-10 15:50:00,21.767,21.792,21.742,21.777,25585.0,BTU
2024-05-10 15:49:00,21.708,21.772,21.703,21.772,21651.0,BTU
2024-05-10 15:48:00,21.747,21.747,21.693,21.703,41801.0,BTU
2024-05-10 15:47:00,21.747,21.757,21.742,21.747,6754.0,BTU
2024-05-10 15:46:00,21.801,21.801,21.728,21.742,44554.0,BTU
2024-05-10 15:45:00,21.807,21.832,21.792,21.807,47581.0,BTU
2024-05-10 15:44:00,21.887,21.932,21.812,21.812,282066.0,BTU
2024-05-10 15:43:00,21.947,21.947,21.927,21.927,4940.0,BTU
2024-05-10 15:42:00,21.932,21.962,21.927,21.937,33736.0,BTU
2024-05-10 15:41:00,21.912,21.947,21.907,21.932,23722.0,BTU
2024-05-10 15:40:00,21.902,21.912,21.897,21.912,14721.0,BTU
2024-05-10 15:39:00,21.907,21.917,21.902,21.902,11139.0,BTU
2024-05-10 15:38:00,21.902,21.907,21.897,21.907,3721.0,BTU
2024-05-10 15:37:00,21.907,21.907,21.897,21.902,4743.0,BTU
2024-05-10 15:36:00,21.892,21.902,21.887,21.902,4363.0,BTU
2024-05-10 15:35:00,21.872,21.897,21.872,21.892,11138.0,BTU
2024-05-10 15:34:00,21.867,21.877,21.867,21.877,2424.0,BTU
2024-05-10 15:33:00,21.867,21.867,21.862,21.867,7670.0,BTU
2024-05-10 15:32:00,21.872,21.877,21.872,21.877,4635.0,BTU
2024-05-10 15:31:00,21.892,21.892,21.857,21.872,15149.0,BTU
2024-05-10 15:30:00,21.927,21.927,21.892,21.892,13372.0,BTU
2024-05-10 15:29:00,21.937,21.937,21.927,21.927,4936.0,BTU
2024-05-10 15:28:00,21.937,21.942,21.932,21.932,6199.0,BTU
2024-05-10 15:27:00,21.942,21.942,21.937,21.942,3807.0,BTU
2024-05-10 15:26:00,21.947,21.952,21.942,21.946,4092.0,BTU
2024-05-10 15:25:00,21.922,21.937,21.917,21.937,4795.0,BTU
2024-05-10 15:24:00,21.912,21.922,21.912,21.922,2930.0,BTU
2024-05-10 15:23:00,21.912,21.916,21.907,21.916,1658.0,BTU
2024-05-10 15:22:00,21.897,21.917,21.897,21.912,2012.0,BTU
2024-05-10 15:21:00,21.932,21.932,21.902,21.907,7167.0,BTU
2024-05-10 15:20:00,21.932,21.937,21.932,21.932,1718.0,BTU
2024-05-10 15:19:00,21.932,21.937,21.927,21.927,11265.0,BTU
2024-05-10 15:18:00,21.937,21.937,21.932,21.932,7015.0,BTU
2024-05-10 15:17:00,21.932,21.937,21.927,21.937,3338.0,BTU
2024-05-10 15:16:00,21.932,21.937,21.932,21.937,11866.0,BTU
2024-05-10 15:15:00,21.932,21.937,21.927,21.932,2243.0,BTU
2024-05-10 15:14:00,21.932,21.937,21.932,21.932,1635.0,BTU
2024-05-10 15:13:00,21.927,21.937,21.922,21.932,3981.0,BTU
2024-05-10 15:12:00,21.922,21.927,21.917,21.922,3924.0,BTU
2024-05-10 15:11:00,21.922,21.922,21.918,21.922,2753.0,BTU
2024-05-10 15:10:00,21.922,21.927,21.922,21.922,1849.0,BTU
2024-05-10 15:09:00,21.922,21.927,21.922,21.922,3353.0,BTU
2024-05-10 15:08:00,21.912,21.927,21.912,21.917,4914.0,BTU
2024-05-10 15:07:00,21.922,21.922,21.907,21.907,4037.0,BTU
2024-05-10 15:06:00,21.907,21.927,21.907,21.917,4596.0,BTU
2024-05-10 15:05:00,21.892,21.904,21.887,21.904,4811.0,BTU
2024-05-10 15:04:00,21.892,21.897,21.892,21.892,5840.0,BTU
2024-05-10 15:03:00,21.892,21.897,21.892,21.892,3211.0,BTU
2024-05-10 15:02:00,21.897,21.897,21.887,21.887,8907.0,BTU
2024-05-10 15:01:00,21.892,21.897,21.892,21.892,1727.0,BTU
2024-05-10 15:00:00,21.897,21.897,21.887,21.892,8926.0,BTU
2024-05-10 14:59:00,21.902,21.902,21.902,21.902,425.0,BTU
2024-05-10 14:58:00,21.897,21.897,21.897,21.897,993.0,BTU
2024-05-10 14:57:00,21.897,21.902,21.892,21.902,2397.0,BTU
2024-05-10 14:56:00,21.907,21.907,21.897,21.897,4546.0,BTU
2024-05-10 14:55:00,21.907,21.907,21.897,21.902,8086.0,BTU
2024-05-10 14:54:00,21.907,21.922,21.902,21.912,5524.0,BTU
2024-05-10 14:53:00,21.902,21.902,21.902,21.902,680.0,BTU
2024-05-10 14:52:00,21.907,21.907,21.897,21.897,2538.0,BTU
2024-05-10 14:51:00,21.902,21.907,21.902,21.902,2600.0,BTU
2024-05-10 14:50:00,21.917,21.917,21.902,21.902,8086.0,BTU
2024-05-10 14:49:00,21.919,21.927,21.919,21.927,3273.0,BTU
2024-05-10 14:48:00,21.922,21.922,21.922,21.922,1092.0,BTU
2024-05-10 14:47:00,21.917,21.922,21.917,21.917,3400.0,BTU
2024-05-10 14:46:00,21.917,21.917,21.912,21.917,4029.0,BTU
2024-05-10 14:45:00,21.922,21.922,21.912,21.912,2103.0,BTU
2024-05-10 14:44:00,21.907,21.927,21.907,21.922,7819.0,BTU
2024-05-10 14:43:00,21.902,21.907,21.902,21.902,1145.0,BTU
2024-05-10 14:42:00,21.902,21.902,21.897,21.902,2152.0,BTU
2024-05-10 14:41:00,21.922,21.927,21.902,21.902,7486.0,BTU
2024-05-10 14:40:00,21.917,21.927,21.907,21.927,8753.0,BTU
2024-05-10 14:39:00,21.917,21.922,21.917,21.922,832.0,BTU
2024-05-10 14:38:00,21.927,21.942,21.922,21.922,5270.0,BTU
2024-05-10 14:37:00,21.902,21.922,21.897,21.92,4913.0,BTU
2024-05-10 14:36:00,21.887,21.902,21.887,21.897,5772.0,BTU
2024-05-10 14:35:00,21.882,21.902,21.882,21.887,9693.0,BTU
2024-05-10 14:34:00,21.897,21.897,21.882,21.887,8435.0,BTU
2024-05-10 14:33:00,21.907,21.912,21.897,21.907,22166.0,BTU
2024-05-10 14:32:00,21.897,21.927,21.897,21.907,23708.0,BTU
2024-05-10 14:31:00,21.897,21.897,21.882,21.887,5159.0,BTU
2024-05-10 14:30:00,21.887,21.897,21.882,21.897,5310.0,BTU
2024-05-10 14:28:00,21.887,21.887,21.887,21.887,1896.0,BTU
2024-05-10 14:27:00,21.892,21.892,21.877,21.887,3224.0,BTU
2024-05-10 14:26:00,21.887,21.892,21.882,21.892,2972.0,BTU
2024-05-10 14:25:00,21.897,21.902,21.887,21.887,11470.0,BTU
2024-05-10 14:24:00,21.907,21.912,21.902,21.902,3382.0,BTU
2024-05-10 14:23:00,21.907,21.912,21.907,21.912,944.0,BTU
2024-05-10 14:22:00,21.887,21.902,21.887,21.902,1689.0,BTU
2024-05-10 14:21:00,21.897,21.897,21.882,21.887,6811.0,BTU
2024-05-10 14:20:00,21.902,21.907,21.897,21.907,753.0,BTU
2024-05-10 14:19:00,21.887,21.907,21.882,21.907,5272.0,BTU
2024-05-10 14:18:00,21.882,21.887,21.882,21.887,957.0,BTU
2024-05-10 14:17:00,21.882,21.887,21.877,21.887,1989.0,BTU
2024-05-10 14:16:00,21.847,21.882,21.847,21.882,4860.0,BTU
2024-05-10 14:15:00,21.842,21.847,21.837,21.847,2682.0,BTU
2024-05-10 14:14:00,21.842,21.847,21.837,21.842,8279.0,BTU
2024-05-10 14:13:00,21.847,21.847,21.837,21.847,2267.0,BTU
2024-05-10 14:12:00,21.847,21.852,21.847,21.852,1857.0,BTU
2024-05-10 14:11:00,21.867,21.867,21.852,21.862,1820.0,BTU
2024-05-10 14:10:00,21.897,21.897,21.877,21.882,16675.0,BTU
2024-05-10 14:09:00,21.909,21.917,21.902,21.902,4036.0,BTU
2024-05-10 14:08:00,21.927,21.927,21.912,21.912,2052.0,BTU
2024-05-10 14:07:00,21.927,21.947,21.922,21.927,8627.0,BTU
2024-05-10 14:06:00,21.932,21.932,21.922,21.922,3656.0,BTU
2024-05-10 14:05:00,21.942,21.942,21.927,21.932,2560.0,BTU
2024-05-10 14:04:00,21.947,21.947,21.937,21.942,2420.0,BTU
2024-05-10 14:03:00,21.947,21.947,21.938,21.947,4240.0,BTU
2024-05-10 14:02:00,21.967,21.967,21.938,21.947,5998.0,BTU
2024-05-10 14:01:00,21.987,21.987,21.967,21.967,4724.0,BTU
2024-05-10 14:00:00,21.992,21.992,21.987,21.992,1120.0,BTU
2024-05-10 13:59:00,21.992,21.992,21.987,21.987,704.0,BTU
2024-05-10 13:58:00,21.992,21.997,21.987,21.997,2424.0,BTU
2024-05-10 13:57:00,21.992,21.992,21.992,21.992,1013.0,BTU
2024-05-10 13:56:00,22.007,22.007,21.997,21.997,3286.0,BTU
2024-05-10 13:55:00,22.017,22.027,22.012,22.012,3162.0,BTU
2024-05-10 13:54:00,22.012,22.012,22.012,22.012,455.0,BTU
2024-05-10 13:53:00,22.007,22.012,22.002,22.012,4015.0,BTU
2024-05-10 13:52:00,22.007,22.017,22.007,22.012,1404.0,BTU
2024-05-10 13:51:00,22.007,22.012,22.002,22.012,3210.0,BTU
2024-05-10 13:50:00,21.977,22.002,21.977,21.997,2547.0,BTU
2024-05-10 13:49:00,21.972,21.972,21.972,21.972,514.0,BTU
2024-05-10 13:48:00,21.957,21.967,21.947,21.967,3455.0,BTU
2024-05-10 13:47:00,21.967,21.972,21.967,21.967,4800.0,BTU
2024-05-10 13:46:00,21.957,21.962,21.957,21.962,3413.0,BTU
2024-05-10 13:45:00,21.962,21.962,21.957,21.957,436.0,BTU
2024-05-10 13:43:00,21.962,21.962,21.962,21.962,435.0,BTU
2024-05-10 13:42:00,21.977,21.977,21.957,21.962,6441.0,BTU
2024-05-10 13:41:00,21.982,21.982,21.982,21.982,585.0,BTU
2024-05-10 13:40:00,21.982,21.987,21.982,21.987,1816.0,BTU
2024-05-10 13:39:00,21.978,21.982,21.977,21.977,1704.0,BTU
2024-05-10 13:38:00,21.992,21.992,21.982,21.982,3845.0,BTU
2024-05-10 13:37:00,21.987,21.997,21.977,21.997,2315.0,BTU
2024-05-10 13:36:00,21.982,21.982,21.977,21.982,1065.0,BTU
2024-05-10 13:35:00,21.982,21.982,21.982,21.982,733.0,BTU
2024-05-10 13:34:00,21.982,21.982,21.977,21.982,687.0,BTU
2024-05-10 13:33:00,21.982,21.982,21.972,21.977,2979.0,BTU
2024-05-10 13:32:00,21.982,21.982,21.982,21.982,1337.0,BTU
2024-05-10 13:31:00,21.977,21.977,21.972,21.977,2591.0,BTU
2024-05-10 13:30:00,21.982,21.982,21.982,21.982,376.0,BTU
2024-05-10 13:29:00,21.977,21.992,21.977,21.982,4717.0,BTU
2024-05-10 13:28:00,21.972,21.977,21.972,21.977,741.0,BTU
2024-05-10 13:27:00,21.972,21.977,21.972,21.977,1181.0,BTU
2024-05-10 13:26:00,21.967,21.972,21.967,21.972,1885.0,BTU
2024-05-10 13:25:00,21.952,21.957,21.937,21.957,7003.0,BTU
2024-05-10 13:24:00,21.972,21.972,21.947,21.947,7263.0,BTU
2024-05-10 13:23:00,21.962,21.977,21.957,21.977,4016.0,BTU
2024-05-10 13:22:00,21.958,21.967,21.958,21.967,1628.0,BTU
2024-05-10 13:21:00,21.957,21.962,21.957,21.962,731.0,BTU
2024-05-10 13:20:00,21.962,21.962,21.957,21.962,3223.0,BTU
2024-05-10 13:19:00,21.962,21.962,21.957,21.957,532.0,BTU
2024-05-10 13:18:00,21.947,21.962,21.947,21.962,1740.0,BTU
2024-05-10 13:17:00,21.952,21.952,21.937,21.937,3785.0,BTU
2024-05-10 13:16:00,21.954,21.957,21.947,21.947,1942.0,BTU
2024-05-10 13:15:00,21.937,21.952,21.937,21.952,3025.0,BTU
2024-05-10 13:14:00,21.947,21.947,21.927,21.927,5718.0,BTU
2024-05-10 13:13:00,21.932,21.947,21.932,21.947,2809.0,BTU
2024-05-10 13:12:00,21.922,21.932,21.917,21.927,3655.0,BTU
2024-05-10 13:11:00,21.922,21.926,21.917,21.917,2207.0,BTU
2024-05-10 13:10:00,21.927,21.927,21.922,21.927,2224.0,BTU
2024-05-10 13:09:00,21.922,21.922,21.917,21.917,1196.0,BTU
2024-05-10 13:07:00,21.907,21.936,21.907,21.922,7177.0,BTU
2024-05-10 13:06:00,21.927,21.927,21.902,21.902,5272.0,BTU
2024-05-10 13:05:00,21.932,21.932,21.932,21.932,903.0,BTU
2024-05-10 13:04:00,21.937,21.937,21.937,21.937,607.0,BTU
2024-05-10 13:03:00,21.972,21.972,21.947,21.947,3677.0,BTU
2024-05-10 13:02:00,21.977,21.982,21.977,21.977,3141.0,BTU
2024-05-10 13:01:00,21.992,21.997,21.987,21.987,4267.0,BTU
2024-05-10 13:00:00,21.992,21.992,21.987,21.987,538.0,BTU
2024-05-10 12:59:00,21.992,21.997,21.992,21.997,382.0,BTU
2024-05-10 12:58:00,21.997,21.997,21.992,21.992,1623.0,BTU
2024-05-10 12:57:00,21.987,22.002,21.982,22.002,4594.0,BTU
2024-05-10 12:56:00,21.982,21.982,21.982,21.982,510.0,BTU
2024-05-10 12:55:00,21.987,21.987,21.982,21.982,2981.0,BTU
2024-05-10 12:54:00,21.982,21.987,21.982,21.987,2225.0,BTU
2024-05-10 12:53:00,21.987,21.987,21.977,21.977,1424.0,BTU
2024-05-10 12:52:00,22.007,22.007,21.987,21.992,3036.0,BTU
2024-05-10 12:51:00,21.993,22.012,21.992,22.012,2851.0,BTU
2024-05-10 12:50:00,21.992,21.992,21.992,21.992,661.0,BTU
2024-05-10 12:49:00,21.997,21.997,21.992,21.992,1391.0,BTU
2024-05-10 12:48:00,22.007,22.012,22.007,22.007,2197.0,BTU
2024-05-10 12:47:00,22.007,22.007,22.007,22.007,1201.0,BTU
2024-05-10 12:46:00,22.012,22.012,21.997,21.997,2371.0,BTU
2024-05-10 12:45:00,21.992,22.022,21.992,22.007,4578.0,BTU
2024-05-10 12:44:00,21.987,21.992,21.987,21.992,799.0,BTU
2024-05-10 12:43:00,21.992,21.997,21.987,21.992,1863.0,BTU
2024-05-10 12:42:00,21.992,21.997,21.992,21.992,1580.0,BTU
2024-05-10 12:41:00,22.002,22.002,21.987,21.992,5820.0,BTU
2024-05-10 12:40:00,21.997,22.002,21.997,22.002,347.0,BTU
2024-05-10 12:39:00,22.007,22.007,21.997,21.997,4110.0,BTU
2024-05-10 12:38:00,21.982,22.012,21.977,22.012,4182.0,BTU
2024-05-10 12:37:00,21.982,21.982,21.982,21.982,518.0,BTU
2024-05-10 12:36:00,21.987,21.987,21.982,21.982,1469.0,BTU
2024-05-10 12:35:00,21.962,21.997,21.962,21.997,2736.0,BTU
2024-05-10 12:34:00,21.987,21.987,21.962,21.967,6997.0,BTU
2024-05-10 12:33:00,21.977,21.987,21.977,21.987,912.0,BTU
2024-05-10 12:32:00,21.987,21.992,21.982,21.982,2053.0,BTU
2024-05-10 12:31:00,21.997,21.997,21.992,21.992,539.0,BTU
2024-05-10 12:30:00,21.997,21.997,21.987,21.992,809.0,BTU
2024-05-10 12:29:00,21.997,21.997,21.992,21.997,3385.0,BTU
2024-05-10 12:28:00,22.002,22.002,22.002,22.002,682.0,BTU
2024-05-10 12:27:00,22.012,22.017,22.002,22.002,6585.0,BTU
2024-05-10 12:26:00,22.007,22.012,22.007,22.012,1875.0,BTU
2024-05-10 12:25:00,22.002,22.002,22.002,22.002,888.0,BTU
2024-05-10 12:24:00,22.003,22.003,22.003,22.003,1462.0,BTU
2024-05-10 12:23:00,22.017,22.017,21.997,22.007,2141.0,BTU
2024-05-10 12:22:00,22.007,22.022,22.007,22.017,3848.0,BTU
2024-05-10 12:21:00,22.002,22.002,21.997,22.002,1800.0,BTU
2024-05-10 12:20:00,22.012,22.012,22.002,22.002,2992.0,BTU
2024-05-10 12:19:00,21.987,21.997,21.987,21.997,1804.0,BTU
2024-05-10 12:18:00,21.982,21.992,21.982,21.992,2311.0,BTU
2024-05-10 12:17:00,21.982,21.987,21.977,21.977,856.0,BTU
2024-05-10 12:16:00,21.987,21.987,21.982,21.982,1455.0,BTU
2024-05-10 12:15:00,21.986,21.986,21.982,21.982,599.0,BTU
2024-05-10 12:14:00,21.982,21.982,21.977,21.977,1679.0,BTU
2024-05-10 12:13:00,21.992,21.992,21.982,21.982,1418.0,BTU
2024-05-10 12:12:00,21.992,22.007,21.987,21.987,4089.0,BTU
2024-05-10 12:11:00,21.962,21.997,21.962,21.992,6304.0,BTU
2024-05-10 12:09:00,21.967,21.967,21.962,21.962,928.0,BTU
2024-05-10 12:08:00,21.977,21.982,21.972,21.972,8873.0,BTU
2024-05-10 12:07:00,21.962,21.987,21.962,21.977,4167.0,BTU
2024-05-10 12:06:00,21.952,21.972,21.947,21.967,8962.0,BTU
2024-05-10 12:05:00,21.952,21.952,21.942,21.947,4868.0,BTU
2024-05-10 12:04:00,21.956,21.962,21.956,21.962,13409.0,BTU
2024-05-10 12:03:00,21.942,21.952,21.942,21.952,8808.0,BTU
2024-05-10 12:02:00,21.947,21.962,21.929,21.937,4971.0,BTU
2024-05-10 12:01:00,21.952,21.962,21.947,21.962,4027.0,BTU
2024-05-10 12:00:00,21.962,21.962,21.952,21.952,3101.0,BTU
2024-05-10 11:59:00,21.987,21.987,21.967,21.967,5714.0,BTU
2024-05-10 11:58:00,21.994,21.994,21.994,21.994,1654.0,BTU
2024-05-10 11:57:00,21.992,21.992,21.992,21.992,791.0,BTU
2024-05-10 11:56:00,21.987,21.992,21.981,21.987,998.0,BTU
2024-05-10 11:55:00,21.99,22.007,21.99,22.007,5666.0,BTU
2024-05-10 11:54:00,21.997,22.002,21.987,21.987,2902.0,BTU
2024-05-10 11:53:00,22.007,22.007,21.997,22.002,1097.0,BTU
2024-05-10 11:52:00,21.987,22.002,21.986,22.002,11225.0,BTU
2024-05-10 11:51:00,21.987,21.997,21.987,21.987,4264.0,BTU
2024-05-10 11:50:00,21.987,21.992,21.982,21.992,1636.0,BTU
2024-05-10 11:49:00,21.987,21.987,21.987,21.987,546.0,BTU
2024-05-10 11:48:00,21.997,21.997,21.987,21.987,2205.0,BTU
2024-05-10 11:47:00,21.977,22.012,21.977,22.002,16020.0,BTU
2024-05-10 11:46:00,21.972,21.997,21.962,21.982,11531.0,BTU
2024-05-10 11:45:00,21.982,21.982,21.977,21.977,458.0,BTU
2024-05-10 11:44:00,21.987,21.987,21.957,21.977,5106.0,BTU
2024-05-10 11:43:00,21.987,21.987,21.987,21.987,240.0,BTU
2024-05-10 11:42:00,21.987,21.987,21.987,21.987,611.0,BTU
2024-05-10 11:41:00,21.997,22.002,21.99,21.99,2087.0,BTU
2024-05-10 11:40:00,22.012,22.022,21.997,22.007,9100.0,BTU
2024-05-10 11:39:00,22.012,22.017,22.012,22.012,3178.0,BTU
2024-05-10 11:37:00,22.017,22.017,22.012,22.012,2214.0,BTU
2024-05-10 11:36:00,22.007,22.027,22.007,22.022,9498.0,BTU
2024-05-10 11:35:00,22.002,22.002,21.997,21.997,1429.0,BTU
2024-05-10 11:34:00,22.007,22.009,21.997,21.997,4437.0,BTU
2024-05-10 11:33:00,21.997,22.007,21.997,22.007,2107.0,BTU
2024-05-10 11:32:00,21.997,22.002,21.997,21.997,2419.0,BTU
2024-05-10 11:31:00,22.012,22.012,22.002,22.002,2896.0,BTU
2024-05-10 11:30:00,22.022,22.022,22.017,22.017,1417.0,BTU
2024-05-10 11:29:00,22.017,22.032,22.016,22.017,5461.0,BTU
2024-05-10 11:28:00,21.972,22.017,21.972,21.997,23875.0,BTU
2024-05-10 11:27:00,21.957,21.962,21.952,21.957,5750.0,BTU
2024-05-10 11:26:00,21.957,21.957,21.947,21.947,1322.0,BTU
2024-05-10 11:25:00,21.977,21.977,21.967,21.967,2073.0,BTU
2024-05-10 11:24:00,21.967,21.967,21.967,21.967,782.0,BTU
2024-05-10 11:23:00,21.977,21.982,21.967,21.967,4355.0,BTU
2024-05-10 11:22:00,21.97,21.982,21.967,21.982,3841.0,BTU
2024-05-10 11:21:00,21.972,21.972,21.967,21.972,639.0,BTU
2024-05-10 11:20:00,21.972,21.977,21.957,21.977,2685.0,BTU
2024-05-10 11:19:00,21.977,21.977,21.977,21.977,1601.0,BTU
2024-05-10 11:18:00,21.977,21.982,21.977,21.977,2935.0,BTU
2024-05-10 11:17:00,21.972,21.977,21.972,21.977,2398.0,BTU
2024-05-10 11:16:00,21.964,21.982,21.947,21.977,19052.0,BTU
2024-05-10 11:15:00,21.967,21.967,21.957,21.957,4048.0,BTU
2024-05-10 11:14:00,21.962,21.967,21.962,21.962,1358.0,BTU
2024-05-10 11:13:00,21.967,21.967,21.967,21.967,1294.0,BTU
2024-05-10 11:12:00,21.967,21.967,21.957,21.957,1584.0,BTU
2024-05-10 11:11:00,21.967,21.977,21.967,21.967,7362.0,BTU
2024-05-10 11:10:00,21.967,21.967,21.967,21.967,274.0,BTU
2024-05-10 11:09:00,21.972,21.972,21.962,21.972,3155.0,BTU
2024-05-10 11:08:00,21.977,21.977,21.972,21.972,1952.0,BTU
2024-05-10 11:07:00,22.017,22.017,21.982,21.982,4849.0,BTU
2024-05-10 11:06:00,22.027,22.027,22.012,22.012,5057.0,BTU
2024-05-10 11:05:00,22.027,22.027,22.022,22.027,1054.0,BTU
2024-05-10 11:04:00,22.032,22.032,22.027,22.027,604.0,BTU
2024-05-10 11:03:00,22.027,22.041,22.027,22.027,4653.0,BTU
2024-05-10 11:02:00,22.046,22.056,22.017,22.017,4147.0,BTU
2024-05-10 11:01:00,22.022,22.051,22.022,22.046,2183.0,BTU
2024-05-10 11:00:00,22.037,22.037,22.027,22.027,1706.0,BTU
2024-05-10 10:59:00,22.056,22.056,22.046,22.046,2684.0,BTU
2024-05-10 10:58:00,22.046,22.056,22.037,22.056,1222.0,BTU
2024-05-10 10:57:00,22.007,22.046,22.007,22.046,2859.0,BTU
2024-05-10 10:56:00,22.022,22.022,22.002,22.012,13033.0,BTU
2024-05-10 10:55:00,22.037,22.037,22.017,22.027,3156.0,BTU
2024-05-10 10:54:00,22.066,22.076,22.037,22.037,6559.0,BTU
2024-05-10 10:53:00,22.071,22.071,22.071,22.071,954.0,BTU
2024-05-10 10:52:00,22.086,22.086,22.051,22.071,5519.0,BTU
2024-05-10 10:51:00,22.091,22.096,22.091,22.096,697.0,BTU
2024-05-10 10:50:00,22.091,22.096,22.086,22.094,3257.0,BTU
2024-05-10 10:49:00,22.096,22.096,22.086,22.091,2670.0,BTU
2024-05-10 10:48:00,22.126,22.131,22.101,22.101,3953.0,BTU
2024-05-10 10:47:00,22.076,22.121,22.076,22.121,2589.0,BTU
2024-05-10 10:46:00,22.086,22.086,22.071,22.081,4003.0,BTU
2024-05-10 10:45:00,22.136,22.136,22.081,22.091,7261.0,BTU
2024-05-10 10:44:00,22.161,22.161,22.136,22.136,5063.0,BTU
2024-05-10 10:43:00,22.146,22.171,22.141,22.171,2855.0,BTU
2024-05-10 10:42:00,22.156,22.156,22.141,22.141,2280.0,BTU
2024-05-10 10:41:00,22.131,22.161,22.126,22.156,8307.0,BTU
2024-05-10 10:40:00,22.126,22.136,22.121,22.136,2709.0,BTU
2024-05-10 10:39:00,22.118,22.124,22.118,22.121,1160.0,BTU
2024-05-10 10:38:00,22.126,22.126,22.121,22.126,3132.0,BTU
2024-05-10 10:37:00,22.116,22.136,22.111,22.136,3410.0,BTU
2024-05-10 10:36:00,22.101,22.111,22.095,22.111,3333.0,BTU
2024-05-10 10:35:00,22.116,22.116,22.101,22.101,1408.0,BTU
2024-05-10 10:34:00,22.116,22.116,22.116,22.116,1476.0,BTU
2024-05-10 10:33:00,22.106,22.106,22.086,22.106,4430.0,BTU
2024-05-10 10:32:00,22.101,22.126,22.101,22.106,5605.0,BTU
2024-05-10 10:31:00,22.103,22.106,22.103,22.106,902.0,BTU
2024-05-10 10:30:00,22.071,22.116,22.071,22.116,3845.0,BTU
2024-05-10 10:29:00,22.071,22.071,22.071,22.071,287.0,BTU
2024-05-10 10:28:00,22.096,22.096,22.061,22.066,4938.0,BTU
2024-05-10 10:27:00,22.086,22.086,22.086,22.086,470.0,BTU
2024-05-10 10:26:00,22.096,22.096,22.081,22.091,2906.0,BTU
2024-05-10 10:25:00,22.091,22.116,22.091,22.111,4359.0,BTU
2024-05-10 10:24:00,22.056,22.076,22.056,22.076,1879.0,BTU
2024-05-10 10:23:00,22.066,22.071,22.051,22.066,8493.0,BTU
2024-05-10 10:22:00,22.046,22.066,22.046,22.066,2856.0,BTU
2024-05-10 10:21:00,22.037,22.041,22.037,22.041,1084.0,BTU
2024-05-10 10:20:00,22.041,22.051,22.037,22.037,9164.0,BTU
2024-05-10 10:19:00,22.071,22.076,22.046,22.046,3068.0,BTU
2024-05-10 10:18:00,22.076,22.086,22.071,22.071,2841.0,BTU
2024-05-10 10:17:00,22.056,22.076,22.051,22.071,5295.0,BTU
2024-05-10 10:16:00,22.066,22.071,22.061,22.061,2956.0,BTU
2024-05-10 10:15:00,22.056,22.066,22.051,22.066,1940.0,BTU
2024-05-10 10:14:00,22.076,22.076,22.046,22.056,3663.0,BTU
2024-05-10 10:13:00,22.061,22.071,22.061,22.071,1238.0,BTU
2024-05-10 10:12:00,22.037,22.066,22.037,22.066,3462.0,BTU
2024-05-10 10:11:00,22.051,22.056,22.037,22.046,3939.0,BTU
2024-05-10 10:10:00,22.056,22.056,22.037,22.046,1025.0,BTU
2024-05-10 10:09:00,22.071,22.071,22.046,22.046,4930.0,BTU
2024-05-10 10:08:00,22.076,22.076,22.071,22.076,830.0,BTU
2024-05-10 10:07:00,22.066,22.076,22.046,22.076,4648.0,BTU
2024-05-10 10:06:00,22.046,22.061,22.032,22.061,3595.0,BTU
2024-05-10 10:05:00,21.997,22.051,21.997,22.046,3420.0,BTU
2024-05-10 10:04:00,22.002,22.003,21.972,21.987,6988.0,BTU
2024-05-10 10:03:00,22.056,22.056,22.017,22.017,5325.0,BTU
2024-05-10 10:02:00,22.076,22.076,22.056,22.056,4911.0,BTU
2024-05-10 10:01:00,22.066,22.086,22.066,22.086,3560.0,BTU
2024-05-10 10:00:00,22.096,22.096,22.076,22.076,13541.0,BTU
2024-05-10 09:59:00,22.096,22.106,22.086,22.096,1631.0,BTU
2024-05-10 09:58:00,22.076,22.086,22.076,22.086,1875.0,BTU
2024-05-10 09:57:00,22.066,22.078,22.066,22.076,1153.0,BTU
2024-05-10 09:56:00,22.012,22.066,22.007,22.066,7968.0,BTU
2024-05-10 09:55:00,22.032,22.032,22.002,22.022,5298.0,BTU
2024-05-10 09:54:00,22.046,22.046,22.027,22.027,7240.0,BTU
2024-05-10 09:53:00,22.051,22.066,22.046,22.046,2695.0,BTU
2024-05-10 09:52:00,22.061,22.061,22.041,22.051,2660.0,BTU
2024-05-10 09:51:00,22.057,22.061,22.057,22.061,350.0,BTU
2024-05-10 09:50:00,22.076,22.076,22.066,22.066,3683.0,BTU
2024-05-10 09:49:00,22.071,22.071,22.066,22.067,2250.0,BTU
2024-05-10 09:48:00,22.092,22.101,22.071,22.071,3119.0,BTU
2024-05-10 09:47:00,22.066,22.096,22.061,22.096,2053.0,BTU
2024-05-10 09:46:00,22.076,22.076,22.046,22.056,1608.0,BTU
2024-05-10 09:45:00,22.037,22.056,22.017,22.056,13128.0,BTU
2024-05-10 09:44:00,22.037,22.046,22.037,22.037,1053.0,BTU
2024-05-10 09:43:00,21.997,22.046,21.987,22.037,3325.0,BTU
2024-05-10 09:42:00,22.056,22.056,22.007,22.007,2834.0,BTU
2024-05-10 09:41:00,22.076,22.106,22.066,22.066,2315.0,BTU
2024-05-10 09:40:00,22.146,22.146,22.081,22.091,3440.0,BTU
2024-05-10 09:39:00,22.126,22.156,22.126,22.156,3740.0,BTU
2024-05-10 09:38:00,22.136,22.146,22.116,22.126,3076.0,BTU
2024-05-10 09:37:00,22.156,22.156,22.121,22.136,3839.0,BTU
2024-05-10 09:36:00,22.171,22.171,22.166,22.166,584.0,BTU
2024-05-10 09:35:00,22.146,22.176,22.121,22.156,5702.0,BTU
2024-05-10 09:34:00,22.141,22.166,22.141,22.166,419.0,BTU
2024-05-10 09:33:00,22.186,22.186,22.116,22.116,3342.0,BTU
2024-05-10 09:32:00,22.221,22.221,22.221,22.221,200.0,BTU
2024-05-10 09:31:00,22.291,22.326,22.196,22.221,5172.0,BTU
2024-05-10 09:30:00,22.286,22.296,22.286,22.296,9983.0,BTU
2024-05-10 09:06:00,21.942,21.942,21.942,21.942,0.0,BTU
2024-05-10 09:00:00,22.286,22.286,22.286,22.286,4.0,BTU
2024-05-10 08:54:00,22.296,22.296,22.296,22.296,430.0,BTU
2024-05-10 08:35:00,22.286,22.286,22.286,22.286,24.0,BTU
2024-05-10 08:21:00,22.365,22.365,22.365,22.365,1.0,BTU
2024-05-10 08:00:00,22.425,22.425,22.425,22.425,5.0,BTU
2024-05-10 07:01:00,22.196,22.196,22.196,22.196,5.0,BTU
2024-05-10 06:52:00,22.355,22.355,22.355,22.355,2.0,BTU
2024-05-10 06:39:00,22.196,22.196,22.196,22.196,2.0,BTU
2024-05-10 05:51:00,22.365,22.365,22.365,22.365,2.0,BTU
2024-05-10 05:49:00,22.306,22.365,22.306,22.365,1.0,BTU
2024-05-10 05:43:00,22.196,22.196,22.196,22.196,0.0,BTU
2024-05-10 05:36:00,22.296,22.306,22.296,22.306,2.0,BTU
2024-05-10 04:00:00,22.206,22.256,22.206,22.206,8.0,BTU
2024-05-09 19:54:00,22.345,22.345,22.345,22.345,47.0,BTU
2024-05-09 19:39:00,22.256,22.276,22.256,22.276,291.0,BTU
2024-05-09 19:14:00,21.738,21.738,21.738,21.738,0.0,BTU
2024-05-09 19:00:00,22.146,22.146,22.146,22.146,187671.0,BTU
2024-05-09 18:30:00,22.146,22.146,22.146,22.146,187671.0,BTU
2024-05-09 18:26:00,22.385,22.385,22.385,22.385,0.0,BTU
2024-05-09 17:23:00,22.176,22.176,22.176,22.176,596.0,BTU
2024-05-09 17:21:00,22.236,22.236,22.236,22.236,1.0,BTU
2024-05-09 17:18:00,22.196,22.196,22.196,22.196,0.0,BTU
2024-05-09 17:14:00,22.176,22.176,22.176,22.176,0.0,BTU
2024-05-09 16:59:00,22.166,22.166,22.166,22.166,9.0,BTU
2024-05-09 16:44:00,22.156,22.156,22.156,22.156,8.0,BTU
2024-05-09 16:25:00,22.158,22.158,22.158,22.158,0.0,BTU
2024-05-09 16:22:00,22.156,22.156,22.156,22.156,288.0,BTU
2024-05-09 16:20:00,22.146,22.146,22.146,22.146,12.0,BTU
2024-05-09 16:14:00,22.176,22.176,22.176,22.176,96.0,BTU
2024-05-09 16:10:00,22.146,22.176,22.146,22.176,187676.0,BTU
2024-05-09 16:02:00,22.146,22.156,22.146,22.156,513.0,BTU
2024-05-09 16:01:00,22.146,22.146,22.146,22.146,4013.0,BTU
2024-05-09 16:00:00,22.156,22.156,22.146,22.146,411117.0,BTU
2024-05-09 15:59:00,22.151,22.166,22.136,22.156,52789.0,BTU
2024-05-09 15:58:00,22.156,22.166,22.136,22.146,66161.0,BTU
2024-05-09 15:57:00,22.171,22.176,22.156,22.156,21228.0,BTU
2024-05-09 15:56:00,22.191,22.191,22.166,22.171,24962.0,BTU
2024-05-09 15:55:00,22.206,22.206,22.186,22.186,19857.0,BTU
2024-05-09 15:54:00,22.221,22.226,22.206,22.206,22249.0,BTU
2024-05-09 15:53:00,22.216,22.231,22.216,22.221,10892.0,BTU
2024-05-09 15:52:00,22.206,22.221,22.191,22.206,14155.0,BTU
2024-05-09 15:51:00,22.206,22.211,22.176,22.211,10068.0,BTU
2024-05-09 15:50:00,22.196,22.206,22.181,22.196,19463.0,BTU
2024-05-09 15:49:00,22.186,22.196,22.176,22.196,14366.0,BTU
2024-05-09 15:48:00,22.221,22.221,22.171,22.176,10468.0,BTU
2024-05-09 15:47:00,22.231,22.236,22.221,22.221,11894.0,BTU
2024-05-09 15:46:00,22.212,22.241,22.206,22.231,10373.0,BTU
2024-05-09 15:45:00,22.176,22.211,22.176,22.211,9052.0,BTU
2024-05-09 15:44:00,22.186,22.186,22.176,22.176,16437.0,BTU
2024-05-09 15:43:00,22.141,22.196,22.126,22.186,14332.0,BTU
2024-05-09 15:42:00,22.136,22.146,22.136,22.141,3468.0,BTU
2024-05-09 15:41:00,22.096,22.136,22.096,22.136,11762.0,BTU
2024-05-09 15:40:00,22.096,22.096,22.086,22.096,8722.0,BTU
2024-05-09 15:39:00,22.076,22.091,22.071,22.091,7526.0,BTU
2024-05-09 15:38:00,22.066,22.076,22.066,22.076,5168.0,BTU
2024-05-09 15:37:00,22.066,22.071,22.056,22.061,3322.0,BTU
2024-05-09 15:36:00,22.076,22.076,22.066,22.066,12054.0,BTU
2024-05-09 15:35:00,22.076,22.076,22.066,22.076,3330.0,BTU
2024-05-09 15:34:00,22.061,22.076,22.056,22.076,4021.0,BTU
2024-05-09 15:33:00,22.037,22.066,22.037,22.066,4302.0,BTU
2024-05-09 15:32:00,22.046,22.051,22.027,22.032,3563.0,BTU
2024-05-09 15:31:00,22.041,22.041,22.037,22.041,4500.0,BTU
2024-05-09 15:30:00,22.007,22.041,22.007,22.037,4401.0,BTU
2024-05-09 15:29:00,22.007,22.012,21.997,21.997,6459.0,BTU
2024-05-09 15:28:00,22.007,22.007,22.002,22.007,1573.0,BTU
2024-05-09 15:27:00,22.007,22.007,22.002,22.002,1079.0,BTU
2024-05-09 15:26:00,22.007,22.007,22.007,22.007,820.0,BTU
2024-05-09 15:25:00,22.012,22.017,22.002,22.007,6929.0,BTU
2024-05-09 15:24:00,21.987,22.012,21.987,22.012,2890.0,BTU
2024-05-09 15:23:00,21.982,21.987,21.977,21.982,1175.0,BTU
2024-05-09 15:22:00,21.997,21.997,21.982,21.982,4334.0,BTU
2024-05-09 15:21:00,21.997,22.002,21.997,22.002,2978.0,BTU
2024-05-09 15:20:00,21.997,22.007,21.992,22.002,4813.0,BTU
2024-05-09 15:19:00,21.992,21.992,21.987,21.992,3227.0,BTU
2024-05-09 15:18:00,21.997,21.997,21.987,21.997,2518.0,BTU
2024-05-09 15:17:00,22.002,22.002,21.992,21.992,2782.0,BTU
2024-05-09 15:16:00,22.002,22.007,21.997,22.002,1061.0,BTU
2024-05-09 15:15:00,21.997,22.002,21.982,22.002,6186.0,BTU
2024-05-09 15:14:00,22.007,22.007,22.001,22.007,1033.0,BTU
2024-05-09 15:13:00,22.002,22.007,22.002,22.007,1259.0,BTU
2024-05-09 15:12:00,22.002,22.002,22.002,22.002,605.0,BTU
2024-05-09 15:11:00,22.003,22.007,22.002,22.007,2045.0,BTU
2024-05-09 15:10:00,22.027,22.037,22.002,22.002,8547.0,BTU
2024-05-09 15:09:00,22.017,22.027,22.017,22.027,2025.0,BTU
2024-05-09 15:08:00,22.017,22.022,22.017,22.017,2328.0,BTU
2024-05-09 15:07:00,22.017,22.022,22.017,22.017,2303.0,BTU
2024-05-09 15:06:00,22.017,22.027,22.017,22.027,2737.0,BTU
2024-05-09 15:05:00,22.037,22.037,22.017,22.017,5415.0,BTU
2024-05-09 15:04:00,22.037,22.041,22.027,22.032,3166.0,BTU
2024-05-09 15:03:00,22.032,22.037,22.027,22.037,1933.0,BTU
2024-05-09 15:02:00,22.002,22.037,21.997,22.031,14705.0,BTU
2024-05-09 15:01:00,21.997,22.007,21.997,22.007,2445.0,BTU
2024-05-09 15:00:00,21.987,21.997,21.987,21.992,1762.0,BTU
2024-05-09 14:59:00,21.987,21.997,21.987,21.992,1858.0,BTU
2024-05-09 14:58:00,21.997,21.997,21.987,21.987,2342.0,BTU
2024-05-09 14:57:00,21.991,21.992,21.982,21.992,6002.0,BTU
2024-05-09 14:56:00,22.027,22.027,21.987,21.987,5435.0,BTU
2024-05-09 14:55:00,22.027,22.027,22.022,22.027,1837.0,BTU
2024-05-09 14:54:00,22.017,22.022,22.017,22.022,1239.0,BTU
2024-05-09 14:53:00,22.027,22.027,22.007,22.007,3245.0,BTU
2024-05-09 14:52:00,21.997,22.017,21.997,22.017,4002.0,BTU
2024-05-09 14:51:00,21.997,21.997,21.987,21.997,954.0,BTU
2024-05-09 14:50:00,21.992,21.997,21.992,21.997,1872.0,BTU
2024-05-09 14:49:00,21.997,21.997,21.992,21.992,1000.0,BTU
2024-05-09 14:48:00,21.977,21.997,21.977,21.997,3281.0,BTU
2024-05-09 14:47:00,21.982,21.982,21.982,21.982,515.0,BTU
2024-05-09 14:46:00,21.957,21.977,21.957,21.957,3879.0,BTU
2024-05-09 14:45:00,21.957,21.957,21.956,21.957,4595.0,BTU
2024-05-09 14:44:00,21.957,21.957,21.947,21.952,696.0,BTU
2024-05-09 14:43:00,21.952,21.962,21.952,21.957,2694.0,BTU
2024-05-09 14:42:00,21.952,21.957,21.952,21.952,5306.0,BTU
2024-05-09 14:41:00,21.957,21.962,21.952,21.952,1777.0,BTU
2024-05-09 14:40:00,21.952,21.957,21.948,21.952,4665.0,BTU
2024-05-09 14:39:00,21.952,21.952,21.952,21.952,1408.0,BTU
2024-05-09 14:38:00,21.982,21.987,21.947,21.952,8090.0,BTU
2024-05-09 14:37:00,21.992,21.992,21.982,21.982,2978.0,BTU
2024-05-09 14:36:00,21.997,22.002,21.977,21.997,3636.0,BTU
2024-05-09 14:35:00,21.947,22.002,21.947,21.987,19568.0,BTU
2024-05-09 14:34:00,21.902,21.962,21.902,21.952,13085.0,BTU
2024-05-09 14:33:00,21.897,21.907,21.892,21.898,16438.0,BTU
2024-05-09 14:32:00,21.897,21.897,21.887,21.887,10021.0,BTU
2024-05-09 14:31:00,21.902,21.902,21.897,21.897,785.0,BTU
2024-05-09 14:30:00,21.907,21.907,21.898,21.907,2418.0,BTU
2024-05-09 14:29:00,21.922,21.922,21.917,21.917,1874.0,BTU
2024-05-09 14:28:00,21.922,21.922,21.897,21.917,12145.0,BTU
2024-05-09 14:27:00,21.942,21.942,21.922,21.922,5682.0,BTU
2024-05-09 14:26:00,21.942,21.942,21.937,21.942,1662.0,BTU
2024-05-09 14:25:00,21.937,21.947,21.932,21.937,3160.0,BTU
2024-05-09 14:24:00,21.927,21.937,21.927,21.937,3274.0,BTU
2024-05-09 14:23:00,21.922,21.922,21.922,21.922,432.0,BTU
2024-05-09 14:22:00,21.937,21.937,21.922,21.922,3055.0,BTU
2024-05-09 14:21:00,21.932,21.932,21.932,21.932,486.0,BTU
2024-05-09 14:20:00,21.917,21.929,21.912,21.929,4506.0,BTU
2024-05-09 14:19:00,21.907,21.917,21.907,21.912,4268.0,BTU
2024-05-09 14:18:00,21.922,21.927,21.912,21.912,5361.0,BTU
2024-05-09 14:17:00,21.948,21.948,21.917,21.922,17697.0,BTU
2024-05-09 14:16:00,21.952,21.957,21.952,21.957,366.0,BTU
2024-05-09 14:15:00,21.957,21.957,21.957,21.957,1037.0,BTU
2024-05-09 14:14:00,21.957,21.957,21.952,21.952,951.0,BTU
2024-05-09 14:13:00,21.947,21.962,21.947,21.962,2998.0,BTU
2024-05-09 14:12:00,21.952,21.952,21.947,21.947,476.0,BTU
2024-05-09 14:11:00,21.947,21.952,21.947,21.952,932.0,BTU
2024-05-09 14:10:00,21.952,21.957,21.942,21.942,2412.0,BTU
2024-05-09 14:09:00,21.957,21.957,21.952,21.952,2033.0,BTU
2024-05-09 14:08:00,21.957,21.957,21.957,21.957,255.0,BTU
2024-05-09 14:07:00,21.947,21.947,21.947,21.947,765.0,BTU
2024-05-09 14:06:00,21.962,21.962,21.942,21.947,1734.0,BTU
2024-05-09 14:04:00,21.947,21.957,21.942,21.957,5673.0,BTU
2024-05-09 14:03:00,21.952,21.962,21.952,21.957,5595.0,BTU
2024-05-09 14:02:00,21.947,21.957,21.947,21.952,1425.0,BTU
2024-05-09 14:01:00,21.947,21.952,21.942,21.952,1804.0,BTU
2024-05-09 14:00:00,21.952,21.952,21.95,21.95,1906.0,BTU
2024-05-09 13:59:00,21.967,21.967,21.952,21.952,1714.0,BTU
2024-05-09 13:58:00,21.962,21.962,21.957,21.957,713.0,BTU
2024-05-09 13:57:00,21.947,21.962,21.947,21.962,2622.0,BTU
2024-05-09 13:56:00,21.957,21.957,21.947,21.947,849.0,BTU
2024-05-09 13:55:00,21.982,21.987,21.977,21.977,9669.0,BTU
2024-05-09 13:54:00,21.977,21.977,21.977,21.977,1553.0,BTU
2024-05-09 13:53:00,21.967,21.977,21.967,21.972,1932.0,BTU
2024-05-09 13:52:00,21.982,21.982,21.957,21.957,4641.0,BTU
2024-05-09 13:51:00,21.987,21.987,21.982,21.987,1577.0,BTU
2024-05-09 13:50:00,21.967,21.977,21.967,21.977,3989.0,BTU
2024-05-09 13:49:00,21.962,21.967,21.957,21.957,9194.0,BTU
2024-05-09 13:48:00,21.967,21.967,21.957,21.962,1554.0,BTU
2024-05-09 13:47:00,21.997,21.997,21.967,21.967,5902.0,BTU
2024-05-09 13:46:00,21.997,21.997,21.997,21.997,624.0,BTU
2024-05-09 13:45:00,21.987,21.997,21.987,21.997,2025.0,BTU
2024-05-09 13:44:00,21.977,21.987,21.977,21.982,3844.0,BTU
2024-05-09 13:43:00,21.982,21.987,21.977,21.987,472.0,BTU
2024-05-09 13:42:00,21.977,21.987,21.977,21.982,1790.0,BTU
2024-05-09 13:41:00,21.978,21.978,21.977,21.977,1196.0,BTU
2024-05-09 13:40:00,21.952,21.987,21.952,21.977,7451.0,BTU
2024-05-09 13:39:00,21.952,21.952,21.947,21.947,238.0,BTU
2024-05-09 13:38:00,21.932,21.952,21.927,21.947,10870.0,BTU
2024-05-09 13:37:00,21.942,21.947,21.927,21.932,2589.0,BTU
2024-05-09 13:36:00,21.957,21.957,21.942,21.947,3338.0,BTU
2024-05-09 13:35:00,21.967,21.967,21.957,21.962,5541.0,BTU
2024-05-09 13:34:00,21.977,21.977,21.972,21.972,1908.0,BTU
2024-05-09 13:33:00,21.972,21.972,21.972,21.972,403.0,BTU
2024-05-09 13:32:00,21.977,21.977,21.972,21.972,820.0,BTU
2024-05-09 13:31:00,21.977,21.977,21.977,21.977,333.0,BTU
2024-05-09 13:30:00,21.977,21.987,21.972,21.977,3261.0,BTU
2024-05-09 13:29:00,21.977,21.987,21.967,21.972,3481.0,BTU
2024-05-09 13:28:00,21.967,21.987,21.967,21.987,3179.0,BTU
2024-05-09 13:27:00,21.977,21.977,21.977,21.977,534.0,BTU
2024-05-09 13:26:00,21.967,21.977,21.967,21.977,1756.0,BTU
2024-05-09 13:25:00,21.967,21.967,21.967,21.967,354.0,BTU
2024-05-09 13:24:00,21.957,21.967,21.947,21.962,1730.0,BTU
2024-05-09 13:23:00,21.947,21.957,21.947,21.957,1919.0,BTU
2024-05-09 13:22:00,21.952,21.957,21.947,21.952,4135.0,BTU
2024-05-09 13:21:00,21.947,21.957,21.947,21.952,1492.0,BTU
2024-05-09 13:20:00,21.922,21.947,21.922,21.947,4396.0,BTU
2024-05-09 13:19:00,21.917,21.927,21.917,21.927,2635.0,BTU
2024-05-09 13:18:00,21.937,21.937,21.917,21.917,1288.0,BTU
2024-05-09 13:17:00,21.947,21.947,21.927,21.932,2015.0,BTU
2024-05-09 13:16:00,21.957,21.957,21.952,21.952,2308.0,BTU
2024-05-09 13:15:00,21.972,21.972,21.957,21.957,3564.0,BTU
2024-05-09 13:14:00,21.979,21.979,21.972,21.972,2882.0,BTU
2024-05-09 13:13:00,21.987,21.992,21.977,21.977,1996.0,BTU
2024-05-09 13:12:00,21.977,21.997,21.977,21.987,10425.0,BTU
2024-05-09 13:11:00,21.967,21.977,21.967,21.977,1430.0,BTU
2024-05-09 13:10:00,21.972,21.972,21.972,21.972,528.0,BTU
2024-05-09 13:09:00,21.982,21.982,21.967,21.977,2204.0,BTU
2024-05-09 13:08:00,21.972,21.987,21.972,21.987,894.0,BTU
2024-05-09 13:07:00,21.967,21.967,21.967,21.967,1528.0,BTU
2024-05-09 13:06:00,21.967,21.967,21.967,21.967,408.0,BTU
2024-05-09 13:05:00,21.962,21.962,21.957,21.962,2032.0,BTU
2024-05-09 13:04:00,21.957,21.967,21.957,21.957,777.0,BTU
2024-05-09 13:03:00,21.947,21.957,21.947,21.952,2666.0,BTU
2024-05-09 13:02:00,21.957,21.962,21.937,21.942,2991.0,BTU
2024-05-09 13:01:00,21.947,21.957,21.947,21.957,1145.0,BTU
2024-05-09 13:00:00,21.942,21.942,21.942,21.942,346.0,BTU
2024-05-09 12:59:00,21.932,21.942,21.917,21.942,5133.0,BTU
2024-05-09 12:58:00,21.927,21.937,21.927,21.937,2735.0,BTU
2024-05-09 12:57:00,21.927,21.927,21.917,21.917,632.0,BTU
2024-05-09 12:56:00,21.947,21.952,21.937,21.937,3593.0,BTU
2024-05-09 12:55:00,21.947,21.957,21.947,21.957,2811.0,BTU
2024-05-09 12:54:00,21.947,21.947,21.937,21.942,811.0,BTU
2024-05-09 12:53:00,21.927,21.942,21.927,21.942,2066.0,BTU
2024-05-09 12:52:00,21.927,21.927,21.917,21.927,3064.0,BTU
2024-05-09 12:51:00,21.937,21.937,21.922,21.922,3032.0,BTU
2024-05-09 12:50:00,21.947,21.947,21.947,21.947,318.0,BTU
2024-05-09 12:49:00,21.932,21.942,21.932,21.942,5090.0,BTU
2024-05-09 12:48:00,21.937,21.937,21.922,21.937,23986.0,BTU
2024-05-09 12:47:00,21.941,21.941,21.932,21.937,2376.0,BTU
2024-05-09 12:46:00,21.947,21.952,21.937,21.942,1747.0,BTU
2024-05-09 12:45:00,21.947,21.947,21.942,21.947,1458.0,BTU
2024-05-09 12:44:00,21.972,21.972,21.957,21.957,3999.0,BTU
2024-05-09 12:43:00,21.972,21.972,21.972,21.972,2936.0,BTU
2024-05-09 12:41:00,21.982,21.982,21.972,21.972,3807.0,BTU
2024-05-09 12:40:00,21.977,21.987,21.972,21.987,6281.0,BTU
2024-05-09 12:39:00,21.957,21.977,21.957,21.972,1449.0,BTU
2024-05-09 12:38:00,21.937,21.957,21.937,21.957,2073.0,BTU
2024-05-09 12:37:00,21.947,21.947,21.947,21.947,636.0,BTU
2024-05-09 12:36:00,21.937,21.947,21.937,21.947,1298.0,BTU
2024-05-09 12:34:00,21.932,21.932,21.927,21.932,1194.0,BTU
2024-05-09 12:33:00,21.927,21.927,21.927,21.927,765.0,BTU
2024-05-09 12:32:00,21.927,21.928,21.927,21.927,476.0,BTU
2024-05-09 12:31:00,21.922,21.927,21.922,21.927,2346.0,BTU
2024-05-09 12:30:00,21.914,21.924,21.912,21.922,1906.0,BTU
2024-05-09 12:29:00,21.917,21.917,21.912,21.912,764.0,BTU
2024-05-09 12:28:00,21.912,21.922,21.912,21.917,1979.0,BTU
2024-05-09 12:27:00,21.912,21.922,21.907,21.917,2569.0,BTU
2024-05-09 12:25:00,21.897,21.907,21.892,21.907,3453.0,BTU
2024-05-09 12:24:00,21.887,21.887,21.887,21.887,200.0,BTU
2024-05-09 12:23:00,21.907,21.907,21.892,21.892,4633.0,BTU
2024-05-09 12:22:00,21.907,21.907,21.902,21.902,596.0,BTU
2024-05-09 12:21:00,21.897,21.902,21.892,21.902,1812.0,BTU
2024-05-09 12:20:00,21.891,21.891,21.891,21.891,495.0,BTU
2024-05-09 12:19:00,21.887,21.887,21.887,21.887,1794.0,BTU
2024-05-09 12:18:00,21.887,21.892,21.887,21.892,2929.0,BTU
2024-05-09 12:17:00,21.859,21.892,21.859,21.889,3595.0,BTU
2024-05-09 12:15:00,21.857,21.862,21.857,21.862,2285.0,BTU
2024-05-09 12:14:00,21.857,21.862,21.847,21.847,2325.0,BTU
2024-05-09 12:13:00,21.857,21.862,21.852,21.852,6742.0,BTU
2024-05-09 12:12:00,21.847,21.852,21.842,21.852,1785.0,BTU
2024-05-09 12:11:00,21.857,21.857,21.857,21.857,829.0,BTU
2024-05-09 12:10:00,21.862,21.862,21.862,21.862,544.0,BTU
2024-05-09 12:09:00,21.857,21.866,21.857,21.862,2628.0,BTU
2024-05-09 12:08:00,21.847,21.862,21.847,21.862,1414.0,BTU
2024-05-09 12:07:00,21.877,21.877,21.857,21.857,2468.0,BTU
2024-05-09 12:06:00,21.882,21.887,21.882,21.882,2539.0,BTU
2024-05-09 12:05:00,21.892,21.892,21.877,21.882,2279.0,BTU
2024-05-09 12:04:00,21.877,21.892,21.877,21.892,4917.0,BTU
2024-05-09 12:03:00,21.897,21.897,21.872,21.872,2933.0,BTU
2024-05-09 12:02:00,21.897,21.897,21.892,21.897,2109.0,BTU
2024-05-09 12:01:00,21.887,21.887,21.887,21.887,1595.0,BTU
2024-05-09 12:00:00,21.887,21.897,21.882,21.892,2890.0,BTU
2024-05-09 11:59:00,21.892,21.892,21.892,21.892,371.0,BTU
2024-05-09 11:58:00,21.892,21.892,21.892,21.892,2207.0,BTU
2024-05-09 11:57:00,21.887,21.897,21.882,21.897,2038.0,BTU
2024-05-09 11:56:00,21.892,21.892,21.887,21.887,583.0,BTU
2024-05-09 11:55:00,21.892,21.892,21.892,21.892,331.0,BTU
2024-05-09 11:54:00,21.897,21.897,21.892,21.892,1139.0,BTU
2024-05-09 11:53:00,21.912,21.922,21.907,21.912,4583.0,BTU
2024-05-09 11:52:00,21.897,21.917,21.892,21.917,4112.0,BTU
2024-05-09 11:50:00,21.902,21.902,21.902,21.902,440.0,BTU
2024-05-09 11:49:00,21.897,21.902,21.892,21.902,5624.0,BTU
2024-05-09 11:48:00,21.905,21.912,21.902,21.907,2397.0,BTU
2024-05-09 11:47:00,21.907,21.907,21.907,21.907,216.0,BTU
2024-05-09 11:46:00,21.927,21.927,21.917,21.917,2227.0,BTU
2024-05-09 11:45:00,21.912,21.917,21.912,21.917,2860.0,BTU
2024-05-09 11:44:00,21.932,21.937,21.917,21.917,4872.0,BTU
2024-05-09 11:43:00,21.942,21.942,21.927,21.927,1447.0,BTU
2024-05-09 11:42:00,21.947,21.947,21.947,21.947,198.0,BTU
2024-05-09 11:41:00,21.912,21.947,21.912,21.942,4896.0,BTU
2024-05-09 11:40:00,21.907,21.907,21.907,21.907,2056.0,BTU
2024-05-09 11:39:00,21.858,21.902,21.858,21.902,3913.0,BTU
2024-05-09 11:38:00,21.867,21.867,21.862,21.862,818.0,BTU
2024-05-09 11:37:00,21.877,21.877,21.867,21.867,1323.0,BTU
2024-05-09 11:36:00,21.887,21.887,21.882,21.887,2926.0,BTU
2024-05-09 11:35:00,21.897,21.897,21.897,21.897,1364.0,BTU
2024-05-09 11:34:00,21.907,21.907,21.907,21.907,585.0,BTU
2024-05-09 11:33:00,21.902,21.907,21.902,21.907,848.0,BTU
2024-05-09 11:32:00,21.887,21.909,21.882,21.907,5925.0,BTU
2024-05-09 11:31:00,21.882,21.887,21.882,21.887,490.0,BTU
2024-05-09 11:30:00,21.897,21.897,21.887,21.887,2489.0,BTU
2024-05-09 11:29:00,21.912,21.917,21.899,21.899,4620.0,BTU
2024-05-09 11:28:00,21.907,21.907,21.907,21.907,545.0,BTU
2024-05-09 11:27:00,21.952,21.952,21.907,21.907,4026.0,BTU
2024-05-09 11:26:00,21.957,21.957,21.952,21.952,396.0,BTU
2024-05-09 11:25:00,21.952,21.952,21.952,21.952,344.0,BTU
2024-05-09 11:24:00,21.962,21.962,21.952,21.952,1894.0,BTU
2024-05-09 11:23:00,21.962,21.972,21.952,21.972,4024.0,BTU
2024-05-09 11:22:00,21.967,21.972,21.967,21.967,2810.0,BTU
2024-05-09 11:21:00,21.962,21.967,21.957,21.967,3691.0,BTU
2024-05-09 11:20:00,21.957,21.962,21.957,21.957,789.0,BTU
2024-05-09 11:19:00,21.967,21.967,21.957,21.962,2944.0,BTU
2024-05-09 11:18:00,21.987,21.987,21.972,21.972,2309.0,BTU
2024-05-09 11:17:00,21.992,21.992,21.992,21.992,356.0,BTU
2024-05-09 11:16:00,22.007,22.007,21.997,21.997,2720.0,BTU
2024-05-09 11:15:00,21.997,21.997,21.997,21.997,1014.0,BTU
2024-05-09 11:14:00,21.967,21.987,21.967,21.987,3252.0,BTU
2024-05-09 11:13:00,21.982,21.982,21.977,21.977,1475.0,BTU
2024-05-09 11:12:00,21.977,21.977,21.977,21.977,214.0,BTU
2024-05-09 11:11:00,21.986,21.987,21.982,21.987,532.0,BTU
2024-05-09 11:10:00,21.987,21.987,21.977,21.982,2346.0,BTU
2024-05-09 11:09:00,21.987,21.987,21.987,21.987,3175.0,BTU
2024-05-09 11:08:00,21.967,21.987,21.967,21.987,1627.0,BTU
2024-05-09 11:07:00,21.987,21.987,21.962,21.962,3495.0,BTU
2024-05-09 11:05:00,21.967,21.987,21.967,21.977,1886.0,BTU
2024-05-09 11:04:00,21.968,21.972,21.957,21.972,2812.0,BTU
2024-05-09 11:03:00,21.972,21.972,21.962,21.967,2798.0,BTU
2024-05-09 11:02:00,21.977,21.977,21.967,21.967,3675.0,BTU
2024-05-09 11:01:00,21.972,21.977,21.957,21.967,3128.0,BTU
2024-05-09 11:00:00,21.997,21.997,21.987,21.987,4327.0,BTU
2024-05-09 10:59:00,21.992,21.992,21.987,21.992,861.0,BTU
2024-05-09 10:58:00,21.992,21.992,21.992,21.992,636.0,BTU
2024-05-09 10:57:00,22.007,22.007,22.002,22.007,2492.0,BTU
2024-05-09 10:56:00,22.007,22.017,22.007,22.017,1913.0,BTU
2024-05-09 10:55:00,22.017,22.017,22.007,22.007,750.0,BTU
2024-05-09 10:54:00,22.027,22.027,22.022,22.022,1186.0,BTU
2024-05-09 10:53:00,22.061,22.061,22.032,22.032,2139.0,BTU
2024-05-09 10:52:00,22.061,22.066,22.056,22.061,2131.0,BTU
2024-05-09 10:51:00,22.096,22.096,22.066,22.076,3025.0,BTU
2024-05-09 10:50:00,22.104,22.104,22.104,22.104,1471.0,BTU
2024-05-09 10:49:00,22.091,22.096,22.091,22.096,1097.0,BTU
2024-05-09 10:48:00,22.086,22.086,22.086,22.086,2890.0,BTU
2024-05-09 10:47:00,22.086,22.096,22.086,22.096,1600.0,BTU
2024-05-09 10:46:00,22.086,22.086,22.086,22.086,233.0,BTU
2024-05-09 10:45:00,22.111,22.111,22.086,22.096,4048.0,BTU
2024-05-09 10:44:00,22.086,22.096,22.086,22.096,1603.0,BTU
2024-05-09 10:43:00,22.081,22.081,22.066,22.076,2599.0,BTU
2024-05-09 10:42:00,22.076,22.076,22.061,22.066,4099.0,BTU
2024-05-09 10:41:00,22.081,22.086,22.081,22.086,659.0,BTU
2024-05-09 10:40:00,22.096,22.106,22.076,22.076,21520.0,BTU
2024-05-09 10:39:00,22.091,22.091,22.077,22.081,1272.0,BTU
2024-05-09 10:38:00,22.061,22.086,22.061,22.086,2345.0,BTU
2024-05-09 10:37:00,22.103,22.103,22.056,22.056,7059.0,BTU
2024-05-09 10:36:00,22.096,22.106,22.096,22.101,2256.0,BTU
2024-05-09 10:35:00,22.086,22.096,22.076,22.096,2870.0,BTU
2024-05-09 10:34:00,22.061,22.086,22.061,22.086,2120.0,BTU
2024-05-09 10:33:00,22.027,22.065,22.027,22.065,3750.0,BTU
2024-05-09 10:32:00,22.037,22.051,22.027,22.032,5739.0,BTU
2024-05-09 10:31:00,22.027,22.032,22.027,22.032,4452.0,BTU
2024-05-09 10:30:00,22.027,22.027,22.017,22.027,1056.0,BTU
2024-05-09 10:29:00,22.007,22.027,22.007,22.027,1345.0,BTU
2024-05-09 10:28:00,22.027,22.027,22.007,22.007,3365.0,BTU
2024-05-09 10:27:00,21.997,22.027,21.997,22.027,1662.0,BTU
2024-05-09 10:26:00,21.962,22.007,21.957,22.007,12463.0,BTU
2024-05-09 10:25:00,21.962,21.963,21.961,21.963,4320.0,BTU
2024-05-09 10:24:00,21.972,21.977,21.967,21.967,4350.0,BTU
2024-05-09 10:23:00,21.957,21.957,21.957,21.957,935.0,BTU
2024-05-09 10:22:00,21.937,21.947,21.927,21.947,6984.0,BTU
2024-05-09 10:21:00,21.927,21.947,21.927,21.947,3549.0,BTU
2024-05-09 10:20:00,21.932,21.932,21.927,21.93,1983.0,BTU
2024-05-09 10:19:00,21.907,21.927,21.907,21.927,4918.0,BTU
2024-05-09 10:18:00,21.907,21.917,21.907,21.907,4023.0,BTU
2024-05-09 10:17:00,21.907,21.911,21.907,21.907,1099.0,BTU
2024-05-09 10:16:00,21.919,21.927,21.907,21.907,2996.0,BTU
2024-05-09 10:15:00,21.878,21.917,21.878,21.917,5327.0,BTU
2024-05-09 10:14:00,21.877,21.887,21.872,21.887,1902.0,BTU
2024-05-09 10:13:00,21.917,21.917,21.887,21.887,1697.0,BTU
2024-05-09 10:12:00,21.872,21.912,21.867,21.912,3976.0,BTU
2024-05-09 10:11:00,21.867,21.872,21.857,21.872,4837.0,BTU
2024-05-09 10:10:00,21.852,21.867,21.852,21.857,1664.0,BTU
2024-05-09 10:09:00,21.847,21.847,21.837,21.847,1598.0,BTU
2024-05-09 10:08:00,21.807,21.847,21.807,21.847,2357.0,BTU
2024-05-09 10:07:00,21.802,21.802,21.792,21.797,3284.0,BTU
2024-05-09 10:06:00,21.802,21.817,21.802,21.807,4339.0,BTU
2024-05-09 10:05:00,21.797,21.807,21.797,21.807,2368.0,BTU
2024-05-09 10:04:00,21.802,21.807,21.802,21.807,1432.0,BTU
2024-05-09 10:03:00,21.807,21.807,21.797,21.797,5882.0,BTU
2024-05-09 10:02:00,21.817,21.822,21.787,21.812,8380.0,BTU
2024-05-09 10:00:00,21.807,21.815,21.807,21.815,1533.0,BTU
2024-05-09 09:59:00,21.827,21.827,21.817,21.822,10724.0,BTU
2024-05-09 09:58:00,21.857,21.877,21.847,21.847,7035.0,BTU
2024-05-09 09:57:00,21.837,21.857,21.837,21.857,1092.0,BTU
2024-05-09 09:56:00,21.872,21.872,21.839,21.839,1273.0,BTU
2024-05-09 09:55:00,21.867,21.897,21.867,21.872,2980.0,BTU
2024-05-09 09:54:00,21.847,21.866,21.827,21.857,6907.0,BTU
2024-05-09 09:53:00,21.787,21.857,21.787,21.857,11480.0,BTU
2024-05-09 09:52:00,21.757,21.777,21.757,21.769,1374.0,BTU
2024-05-09 09:51:00,21.718,21.747,21.718,21.747,1786.0,BTU
2024-05-09 09:50:00,21.767,21.767,21.728,21.728,5096.0,BTU
2024-05-09 09:49:00,21.738,21.765,21.738,21.765,3100.0,BTU
2024-05-09 09:48:00,21.733,21.733,21.728,21.728,581.0,BTU
2024-05-09 09:47:00,21.729,21.747,21.728,21.728,1051.0,BTU
2024-05-09 09:46:00,21.757,21.757,21.738,21.738,1706.0,BTU
2024-05-09 09:45:00,21.752,21.757,21.747,21.757,1758.0,BTU
2024-05-09 09:44:00,21.757,21.757,21.738,21.742,777.0,BTU
2024-05-09 09:43:00,21.747,21.757,21.747,21.757,824.0,BTU
2024-05-09 09:42:00,21.688,21.698,21.678,21.688,1715.0,BTU
2024-05-09 09:41:00,21.713,21.728,21.708,21.708,3023.0,BTU
2024-05-09 09:40:00,21.807,21.807,21.738,21.738,2361.0,BTU
2024-05-09 09:39:00,21.847,21.847,21.817,21.817,867.0,BTU
2024-05-09 09:38:00,21.817,21.872,21.817,21.872,1746.0,BTU
2024-05-09 09:37:00,21.817,21.822,21.797,21.817,2565.0,BTU
2024-05-09 09:36:00,21.827,21.837,21.827,21.832,1611.0,BTU
2024-05-09 09:35:00,21.867,21.867,21.807,21.827,1748.0,BTU
2024-05-09 09:34:00,21.787,21.857,21.787,21.847,1400.0,BTU
2024-05-09 09:33:00,21.777,21.794,21.777,21.777,2515.0,BTU
2024-05-09 09:32:00,21.827,21.827,21.777,21.777,828.0,BTU
2024-05-09 09:31:00,21.887,21.897,21.837,21.837,854.0,BTU
2024-05-09 09:30:00,21.957,21.977,21.907,21.907,19196.0,BTU
2024-05-09 09:29:00,21.927,21.927,21.927,21.927,577.0,BTU
2024-05-09 09:28:00,21.927,21.927,21.927,21.927,2.0,BTU
2024-05-09 09:10:00,21.927,21.927,21.927,21.927,38.0,BTU
2024-05-09 08:52:00,21.897,21.897,21.897,21.897,38.0,BTU
2024-05-09 08:39:00,21.927,21.927,21.927,21.927,1.0,BTU
2024-05-09 08:30:00,21.927,21.927,21.927,21.927,1.0,BTU
2024-05-09 08:20:00,21.787,21.787,21.787,21.787,22.0,BTU
2024-05-09 08:17:00,21.937,21.937,21.937,21.937,0.0,BTU
2024-05-09 08:02:00,21.817,21.817,21.817,21.817,17.0,BTU
2024-05-09 07:40:00,21.827,21.827,21.827,21.827,1.0,BTU
2024-05-09 06:24:00,21.817,21.817,21.817,21.817,0.0,BTU
2024-05-09 04:00:00,21.399,21.399,21.399,21.399,28.0,BTU
2024-05-08 19:00:00,21.847,21.847,21.847,21.847,267722.0,BTU
2024-05-08 18:30:00,21.847,21.847,21.847,21.847,267722.0,BTU
2024-05-08 18:17:00,21.478,21.478,21.478,21.478,5.0,BTU
2024-05-08 17:27:00,21.827,21.827,21.827,21.827,9.0,BTU
2024-05-08 16:48:00,21.767,21.767,21.767,21.767,19.0,BTU
2024-05-08 16:46:00,21.797,21.797,21.797,21.797,4.0,BTU
2024-05-08 16:27:00,21.777,21.796,21.747,21.796,97.0,BTU
2024-05-08 16:20:00,21.847,21.847,21.847,21.847,27.0,BTU
2024-05-08 16:15:00,21.847,21.847,21.847,21.847,5233.0,BTU
2024-05-08 16:10:00,21.847,21.847,21.847,21.847,267722.0,BTU
2024-05-08 16:01:00,21.847,21.847,21.847,21.847,6768.0,BTU
2024-05-08 16:00:00,21.857,21.857,21.847,21.847,558768.0,BTU
2024-05-08 15:59:00,21.842,21.857,21.827,21.857,76317.0,BTU
2024-05-08 15:58:00,21.842,21.847,21.837,21.837,20020.0,BTU
2024-05-08 15:57:00,21.842,21.847,21.837,21.842,10654.0,BTU
2024-05-08 15:56:00,21.842,21.857,21.837,21.842,31091.0,BTU
2024-05-08 15:55:00,21.842,21.847,21.827,21.842,31609.0,BTU
2024-05-08 15:54:00,21.837,21.847,21.832,21.842,23200.0,BTU
2024-05-08 15:53:00,21.827,21.837,21.822,21.832,17200.0,BTU
2024-05-08 15:52:00,21.822,21.827,21.817,21.827,6770.0,BTU
2024-05-08 15:51:00,21.822,21.827,21.807,21.822,36605.0,BTU
2024-05-08 15:50:00,21.822,21.827,21.822,21.822,26872.0,BTU
2024-05-08 15:49:00,21.822,21.827,21.817,21.827,1988.0,BTU
2024-05-08 15:48:00,21.837,21.842,21.822,21.822,24033.0,BTU
2024-05-08 15:47:00,21.832,21.837,21.832,21.832,4824.0,BTU
2024-05-08 15:46:00,21.832,21.832,21.827,21.832,1965.0,BTU
2024-05-08 15:45:00,21.842,21.847,21.827,21.832,20117.0,BTU
2024-05-08 15:44:00,21.847,21.847,21.842,21.842,6464.0,BTU
2024-05-08 15:43:00,21.837,21.847,21.827,21.847,4998.0,BTU
2024-05-08 15:42:00,21.837,21.837,21.832,21.837,2720.0,BTU
2024-05-08 15:41:00,21.837,21.837,21.827,21.837,5489.0,BTU
2024-05-08 15:40:00,21.817,21.837,21.817,21.837,11026.0,BTU
2024-05-08 15:39:00,21.842,21.847,21.817,21.817,12457.0,BTU
2024-05-08 15:38:00,21.842,21.852,21.842,21.847,14555.0,BTU
2024-05-08 15:37:00,21.847,21.852,21.837,21.842,7334.0,BTU
2024-05-08 15:36:00,21.837,21.852,21.837,21.852,6981.0,BTU
2024-05-08 15:35:00,21.852,21.852,21.837,21.837,3789.0,BTU
2024-05-08 15:34:00,21.857,21.857,21.847,21.847,4124.0,BTU
2024-05-08 15:33:00,21.862,21.862,21.852,21.852,7839.0,BTU
2024-05-08 15:32:00,21.847,21.862,21.847,21.862,3688.0,BTU
2024-05-08 15:31:00,21.817,21.842,21.817,21.837,7246.0,BTU
2024-05-08 15:30:00,21.827,21.827,21.802,21.812,9702.0,BTU
2024-05-08 15:29:00,21.832,21.832,21.827,21.832,3582.0,BTU
2024-05-08 15:28:00,21.857,21.857,21.827,21.827,6466.0,BTU
2024-05-08 15:27:00,21.832,21.857,21.728,21.857,148484.0,BTU
2024-05-08 15:26:00,21.827,21.837,21.827,21.832,6790.0,BTU
2024-05-08 15:25:00,21.812,21.822,21.812,21.822,4812.0,BTU
2024-05-08 15:24:00,21.812,21.817,21.807,21.807,4029.0,BTU
2024-05-08 15:23:00,21.812,21.812,21.812,21.812,1669.0,BTU
2024-05-08 15:22:00,21.822,21.822,21.812,21.812,7762.0,BTU
2024-05-08 15:21:00,21.812,21.822,21.812,21.822,5015.0,BTU
2024-05-08 15:20:00,21.792,21.807,21.792,21.807,5762.0,BTU
2024-05-08 15:19:00,21.792,21.797,21.792,21.797,4471.0,BTU
2024-05-08 15:18:00,21.792,21.807,21.787,21.787,7128.0,BTU
2024-05-08 15:17:00,21.792,21.792,21.792,21.792,1747.0,BTU
2024-05-08 15:16:00,21.792,21.797,21.787,21.792,4807.0,BTU
2024-05-08 15:15:00,21.787,21.792,21.787,21.792,1750.0,BTU
2024-05-08 15:14:00,21.797,21.797,21.787,21.792,1414.0,BTU
2024-05-08 15:13:00,21.817,21.822,21.802,21.802,7086.0,BTU
2024-05-08 15:12:00,21.802,21.812,21.797,21.812,6019.0,BTU
2024-05-08 15:11:00,21.792,21.797,21.787,21.797,2968.0,BTU
2024-05-08 15:10:00,21.802,21.802,21.787,21.792,4479.0,BTU
2024-05-08 15:09:00,21.802,21.802,21.802,21.802,512.0,BTU
2024-05-08 15:08:00,21.812,21.812,21.799,21.802,5092.0,BTU
2024-05-08 15:07:00,21.807,21.817,21.807,21.812,6949.0,BTU
2024-05-08 15:06:00,21.802,21.802,21.802,21.802,476.0,BTU
2024-05-08 15:05:00,21.802,21.812,21.802,21.802,4050.0,BTU
2024-05-08 15:04:00,21.812,21.812,21.797,21.797,3490.0,BTU
2024-05-08 15:03:00,21.792,21.812,21.787,21.812,3126.0,BTU
2024-05-08 15:02:00,21.792,21.792,21.792,21.792,318.0,BTU
2024-05-08 15:01:00,21.782,21.792,21.782,21.792,3111.0,BTU
2024-05-08 15:00:00,21.787,21.787,21.767,21.777,4457.0,BTU
2024-05-08 14:59:00,21.792,21.802,21.792,21.797,5764.0,BTU
2024-05-08 14:58:00,21.777,21.797,21.777,21.792,3654.0,BTU
2024-05-08 14:57:00,21.782,21.782,21.772,21.772,4323.0,BTU
2024-05-08 14:56:00,21.787,21.787,21.782,21.782,2754.0,BTU
2024-05-08 14:55:00,21.787,21.792,21.767,21.787,6812.0,BTU
2024-05-08 14:54:00,21.817,21.817,21.787,21.787,9340.0,BTU
2024-05-08 14:53:00,21.812,21.812,21.812,21.812,1577.0,BTU
2024-05-08 14:52:00,21.812,21.812,21.807,21.812,1088.0,BTU
2024-05-08 14:51:00,21.808,21.812,21.808,21.812,2291.0,BTU
2024-05-08 14:50:00,21.802,21.812,21.802,21.812,2250.0,BTU
2024-05-08 14:49:00,21.797,21.807,21.797,21.802,1287.0,BTU
2024-05-08 14:48:00,21.802,21.807,21.802,21.802,591.0,BTU
2024-05-08 14:47:00,21.802,21.807,21.798,21.798,5495.0,BTU
2024-05-08 14:46:00,21.802,21.802,21.797,21.797,1104.0,BTU
2024-05-08 14:45:00,21.802,21.807,21.797,21.807,4546.0,BTU
2024-05-08 14:44:00,21.797,21.802,21.797,21.802,908.0,BTU
2024-05-08 14:43:00,21.802,21.807,21.802,21.802,3475.0,BTU
2024-05-08 14:42:00,21.802,21.802,21.802,21.802,872.0,BTU
2024-05-08 14:41:00,21.792,21.807,21.787,21.807,2955.0,BTU
2024-05-08 14:40:00,21.791,21.793,21.791,21.793,1175.0,BTU
2024-05-08 14:39:00,21.782,21.797,21.782,21.792,5138.0,BTU
2024-05-08 14:38:00,21.772,21.782,21.767,21.782,3117.0,BTU
2024-05-08 14:37:00,21.772,21.772,21.772,21.772,355.0,BTU
2024-05-08 14:36:00,21.762,21.772,21.762,21.772,1536.0,BTU
2024-05-08 14:35:00,21.762,21.762,21.757,21.757,1057.0,BTU
2024-05-08 14:34:00,21.752,21.777,21.752,21.762,6547.0,BTU
2024-05-08 14:33:00,21.747,21.752,21.747,21.752,4105.0,BTU
2024-05-08 14:32:00,21.752,21.752,21.747,21.747,977.0,BTU
2024-05-08 14:31:00,21.742,21.747,21.742,21.747,1742.0,BTU
2024-05-08 14:30:00,21.733,21.742,21.733,21.738,2665.0,BTU
2024-05-08 14:29:00,21.728,21.735,21.723,21.735,5188.0,BTU
2024-05-08 14:28:00,21.733,21.733,21.733,21.733,469.0,BTU
2024-05-08 14:27:00,21.733,21.733,21.728,21.728,672.0,BTU
2024-05-08 14:26:00,21.723,21.728,21.723,21.728,2483.0,BTU
2024-05-08 14:25:00,21.718,21.723,21.718,21.723,2899.0,BTU
2024-05-08 14:24:00,21.719,21.719,21.719,21.719,482.0,BTU
2024-05-08 14:23:00,21.723,21.723,21.713,21.718,2983.0,BTU
2024-05-08 14:22:00,21.747,21.747,21.723,21.728,6600.0,BTU
2024-05-08 14:21:00,21.742,21.757,21.742,21.747,5735.0,BTU
2024-05-08 14:20:00,21.742,21.747,21.742,21.747,821.0,BTU
2024-05-08 14:19:00,21.742,21.752,21.742,21.742,4302.0,BTU
2024-05-08 14:18:00,21.738,21.747,21.738,21.747,2119.0,BTU
2024-05-08 14:16:00,21.733,21.742,21.733,21.738,2666.0,BTU
2024-05-08 14:15:00,21.718,21.738,21.718,21.738,2700.0,BTU
2024-05-08 14:14:00,21.703,21.718,21.703,21.713,4148.0,BTU
2024-05-08 14:13:00,21.703,21.708,21.703,21.703,1241.0,BTU
2024-05-08 14:12:00,21.703,21.703,21.698,21.698,923.0,BTU
2024-05-08 14:11:00,21.693,21.703,21.688,21.703,6223.0,BTU
2024-05-08 14:10:00,21.703,21.703,21.693,21.693,2113.0,BTU
2024-05-08 14:09:00,21.703,21.708,21.703,21.703,830.0,BTU
2024-05-08 14:08:00,21.718,21.718,21.698,21.703,7658.0,BTU
2024-05-08 14:07:00,21.703,21.723,21.703,21.723,3227.0,BTU
2024-05-08 14:06:00,21.708,21.708,21.698,21.703,2535.0,BTU
2024-05-08 14:05:00,21.713,21.713,21.713,21.713,1058.0,BTU
2024-05-08 14:04:00,21.718,21.718,21.713,21.713,1755.0,BTU
2024-05-08 14:03:00,21.723,21.728,21.698,21.723,6270.0,BTU
2024-05-08 14:02:00,21.713,21.728,21.713,21.723,2351.0,BTU
2024-05-08 14:01:00,21.713,21.713,21.713,21.713,996.0,BTU
2024-05-08 14:00:00,21.718,21.718,21.708,21.713,2490.0,BTU
2024-05-08 13:59:00,21.723,21.733,21.723,21.728,4175.0,BTU
2024-05-08 13:58:00,21.723,21.723,21.723,21.723,1014.0,BTU
2024-05-08 13:57:00,21.723,21.723,21.718,21.718,2060.0,BTU
2024-05-08 13:56:00,21.678,21.718,21.678,21.708,10241.0,BTU
2024-05-08 13:55:00,21.693,21.698,21.688,21.688,2232.0,BTU
2024-05-08 13:54:00,21.698,21.698,21.688,21.698,3675.0,BTU
2024-05-08 13:53:00,21.718,21.718,21.707,21.707,5999.0,BTU
2024-05-08 13:52:00,21.718,21.718,21.713,21.713,1625.0,BTU
2024-05-08 13:51:00,21.723,21.723,21.723,21.723,488.0,BTU
2024-05-08 13:50:00,21.742,21.742,21.718,21.718,4947.0,BTU
2024-05-08 13:49:00,21.747,21.747,21.742,21.742,2680.0,BTU
2024-05-08 13:47:00,21.742,21.742,21.742,21.742,1098.0,BTU
2024-05-08 13:46:00,21.747,21.747,21.747,21.747,1575.0,BTU
2024-05-08 13:45:00,21.742,21.752,21.742,21.752,1273.0,BTU
2024-05-08 13:44:00,21.733,21.757,21.728,21.747,6596.0,BTU
2024-05-08 13:43:00,21.738,21.742,21.733,21.733,4734.0,BTU
2024-05-08 13:42:00,21.742,21.742,21.742,21.742,393.0,BTU
2024-05-08 13:41:00,21.742,21.742,21.738,21.742,2051.0,BTU
2024-05-08 13:40:00,21.742,21.742,21.742,21.742,199.0,BTU
2024-05-08 13:39:00,21.738,21.742,21.733,21.742,2798.0,BTU
2024-05-08 13:38:00,21.747,21.747,21.742,21.742,2065.0,BTU
2024-05-08 13:37:00,21.757,21.757,21.755,21.755,236.0,BTU
2024-05-08 13:36:00,21.762,21.762,21.757,21.757,2184.0,BTU
2024-05-08 13:35:00,21.762,21.767,21.757,21.762,1191.0,BTU
2024-05-08 13:34:00,21.767,21.767,21.762,21.767,491.0,BTU
2024-05-08 13:33:00,21.747,21.767,21.742,21.767,5448.0,BTU
2024-05-08 13:32:00,21.757,21.757,21.747,21.747,914.0,BTU
2024-05-08 13:31:00,21.757,21.757,21.752,21.757,2269.0,BTU
2024-05-08 13:30:00,21.757,21.762,21.752,21.757,3828.0,BTU
2024-05-08 13:29:00,21.767,21.767,21.767,21.767,1103.0,BTU
2024-05-08 13:28:00,21.777,21.777,21.762,21.772,7052.0,BTU
2024-05-08 13:27:00,21.782,21.782,21.777,21.777,2598.0,BTU
2024-05-08 13:26:00,21.782,21.792,21.782,21.782,2801.0,BTU
2024-05-08 13:25:00,21.782,21.787,21.782,21.782,784.0,BTU
2024-05-08 13:24:00,21.782,21.797,21.782,21.787,4139.0,BTU
2024-05-08 13:23:00,21.782,21.782,21.782,21.782,526.0,BTU
2024-05-08 13:22:00,21.782,21.782,21.782,21.782,807.0,BTU
2024-05-08 13:21:00,21.762,21.782,21.762,21.777,5406.0,BTU
2024-05-08 13:20:00,21.772,21.772,21.762,21.762,2730.0,BTU
2024-05-08 13:19:00,21.772,21.777,21.767,21.767,5393.0,BTU
2024-05-08 13:18:00,21.767,21.772,21.767,21.772,1127.0,BTU
2024-05-08 13:17:00,21.762,21.762,21.762,21.762,544.0,BTU
2024-05-08 13:16:00,21.742,21.757,21.742,21.757,2328.0,BTU
2024-05-08 13:15:00,21.738,21.747,21.738,21.742,2613.0,BTU
2024-05-08 13:14:00,21.752,21.752,21.742,21.742,1169.0,BTU
2024-05-08 13:13:00,21.757,21.757,21.752,21.757,1080.0,BTU
2024-05-08 13:12:00,21.739,21.767,21.739,21.767,6629.0,BTU
2024-05-08 13:11:00,21.742,21.742,21.742,21.742,997.0,BTU
2024-05-08 13:10:00,21.742,21.742,21.742,21.742,581.0,BTU
2024-05-08 13:09:00,21.742,21.742,21.742,21.742,202.0,BTU
2024-05-08 13:08:00,21.723,21.747,21.723,21.742,4724.0,BTU
2024-05-08 13:07:00,21.728,21.728,21.718,21.723,2193.0,BTU
2024-05-08 13:06:00,21.728,21.733,21.728,21.728,911.0,BTU
2024-05-08 13:05:00,21.742,21.742,21.738,21.738,2347.0,BTU
2024-05-08 13:04:00,21.738,21.742,21.738,21.738,1334.0,BTU
2024-05-08 13:03:00,21.747,21.752,21.742,21.742,1711.0,BTU
2024-05-08 13:02:00,21.747,21.752,21.742,21.752,1374.0,BTU
2024-05-08 13:01:00,21.767,21.772,21.742,21.752,12429.0,BTU
2024-05-08 13:00:00,21.767,21.767,21.762,21.762,809.0,BTU
2024-05-08 12:59:00,21.767,21.767,21.757,21.757,6966.0,BTU
2024-05-08 12:58:00,21.772,21.777,21.772,21.777,516.0,BTU
2024-05-08 12:57:00,21.772,21.772,21.772,21.772,659.0,BTU
2024-05-08 12:56:00,21.772,21.772,21.772,21.772,125.0,BTU
2024-05-08 12:55:00,21.772,21.777,21.772,21.772,1525.0,BTU
2024-05-08 12:54:00,21.787,21.787,21.768,21.772,4213.0,BTU
2024-05-08 12:53:00,21.792,21.797,21.787,21.792,1960.0,BTU
2024-05-08 12:52:00,21.797,21.797,21.792,21.792,1419.0,BTU
2024-05-08 12:51:00,21.792,21.802,21.792,21.802,2528.0,BTU
2024-05-08 12:50:00,21.802,21.807,21.792,21.792,5538.0,BTU
2024-05-08 12:47:00,21.802,21.802,21.797,21.797,510.0,BTU
2024-05-08 12:46:00,21.807,21.807,21.807,21.807,2665.0,BTU
2024-05-08 12:45:00,21.802,21.812,21.802,21.812,1855.0,BTU
2024-05-08 12:44:00,21.802,21.802,21.802,21.802,1131.0,BTU
2024-05-08 12:43:00,21.802,21.807,21.802,21.802,1199.0,BTU
2024-05-08 12:42:00,21.792,21.802,21.792,21.802,1094.0,BTU
2024-05-08 12:41:00,21.792,21.792,21.792,21.792,823.0,BTU
2024-05-08 12:40:00,21.797,21.797,21.797,21.797,2769.0,BTU
2024-05-08 12:39:00,21.782,21.797,21.782,21.797,1965.0,BTU
2024-05-08 12:38:00,21.762,21.782,21.762,21.777,2509.0,BTU
2024-05-08 12:37:00,21.762,21.767,21.762,21.767,3331.0,BTU
2024-05-08 12:36:00,21.777,21.777,21.762,21.762,5720.0,BTU
2024-05-08 12:35:00,21.797,21.797,21.787,21.787,1600.0,BTU
2024-05-08 12:34:00,21.822,21.822,21.797,21.797,4878.0,BTU
2024-05-08 12:33:00,21.822,21.822,21.822,21.822,871.0,BTU
2024-05-08 12:32:00,21.822,21.822,21.822,21.822,161.0,BTU
2024-05-08 12:31:00,21.812,21.832,21.812,21.822,3495.0,BTU
2024-05-08 12:30:00,21.807,21.812,21.802,21.812,3477.0,BTU
2024-05-08 12:29:00,21.812,21.812,21.807,21.807,3813.0,BTU
2024-05-08 12:28:00,21.812,21.812,21.812,21.812,370.0,BTU
2024-05-08 12:27:00,21.817,21.817,21.812,21.812,850.0,BTU
2024-05-08 12:26:00,21.812,21.812,21.812,21.812,565.0,BTU
2024-05-08 12:25:00,21.802,21.812,21.802,21.807,2283.0,BTU
2024-05-08 12:24:00,21.802,21.802,21.792,21.797,3621.0,BTU
2024-05-08 12:23:00,21.802,21.802,21.802,21.802,890.0,BTU
2024-05-08 12:22:00,21.787,21.807,21.777,21.807,10756.0,BTU
2024-05-08 12:21:00,21.787,21.787,21.782,21.787,2564.0,BTU
2024-05-08 12:20:00,21.797,21.802,21.787,21.792,5069.0,BTU
2024-05-08 12:19:00,21.792,21.792,21.792,21.792,487.0,BTU
2024-05-08 12:17:00,21.792,21.792,21.792,21.792,1122.0,BTU
2024-05-08 12:15:00,21.777,21.792,21.772,21.792,4726.0,BTU
2024-05-08 12:14:00,21.782,21.782,21.782,21.782,1516.0,BTU
2024-05-08 12:13:00,21.782,21.782,21.782,21.782,1951.0,BTU
2024-05-08 12:12:00,21.782,21.787,21.782,21.782,2583.0,BTU
2024-05-08 12:11:00,21.787,21.787,21.777,21.782,1467.0,BTU
2024-05-08 12:10:00,21.792,21.792,21.792,21.792,558.0,BTU
2024-05-08 12:09:00,21.792,21.797,21.787,21.792,2928.0,BTU
2024-05-08 12:08:00,21.807,21.812,21.797,21.797,6899.0,BTU
2024-05-08 12:07:00,21.807,21.807,21.807,21.807,765.0,BTU
2024-05-08 12:05:00,21.812,21.812,21.812,21.812,507.0,BTU
2024-05-08 12:04:00,21.817,21.817,21.812,21.812,1618.0,BTU
2024-05-08 12:02:00,21.822,21.822,21.817,21.818,1120.0,BTU
2024-05-08 12:01:00,21.832,21.832,21.822,21.827,3608.0,BTU
2024-05-08 12:00:00,21.832,21.832,21.832,21.832,726.0,BTU
2024-05-08 11:59:00,21.832,21.832,21.832,21.832,705.0,BTU
2024-05-08 11:58:00,21.857,21.857,21.837,21.837,2252.0,BTU
2024-05-08 11:57:00,21.822,21.857,21.822,21.857,5012.0,BTU
2024-05-08 11:56:00,21.802,21.837,21.802,21.827,4809.0,BTU
2024-05-08 11:55:00,21.792,21.807,21.792,21.807,2591.0,BTU
2024-05-08 11:54:00,21.782,21.792,21.782,21.792,2187.0,BTU
2024-05-08 11:53:00,21.792,21.792,21.787,21.787,2930.0,BTU
2024-05-08 11:52:00,21.792,21.792,21.792,21.792,756.0,BTU
2024-05-08 11:51:00,21.787,21.792,21.777,21.792,2892.0,BTU
2024-05-08 11:50:00,21.772,21.787,21.772,21.781,2896.0,BTU
2024-05-08 11:49:00,21.777,21.777,21.772,21.772,1664.0,BTU
2024-05-08 11:47:00,21.772,21.772,21.767,21.767,2548.0,BTU
2024-05-08 11:46:00,21.772,21.772,21.772,21.772,441.0,BTU
2024-05-08 11:45:00,21.752,21.767,21.752,21.767,1675.0,BTU
2024-05-08 11:44:00,21.762,21.762,21.757,21.757,2355.0,BTU
2024-05-08 11:43:00,21.757,21.777,21.752,21.762,5476.0,BTU
2024-05-08 11:42:00,21.752,21.757,21.752,21.752,2619.0,BTU
2024-05-08 11:41:00,21.772,21.777,21.757,21.757,2112.0,BTU
2024-05-08 11:40:00,21.767,21.767,21.767,21.767,1462.0,BTU
2024-05-08 11:39:00,21.807,21.807,21.762,21.762,3922.0,BTU
2024-05-08 11:38:00,21.792,21.802,21.792,21.802,1717.0,BTU
2024-05-08 11:37:00,21.817,21.817,21.792,21.792,3185.0,BTU
2024-05-08 11:36:00,21.807,21.817,21.802,21.812,2275.0,BTU
2024-05-08 11:35:00,21.802,21.807,21.798,21.802,1216.0,BTU
2024-05-08 11:34:00,21.802,21.807,21.797,21.802,3230.0,BTU
2024-05-08 11:33:00,21.807,21.807,21.807,21.807,1165.0,BTU
2024-05-08 11:32:00,21.807,21.812,21.797,21.812,2983.0,BTU
2024-05-08 11:31:00,21.792,21.812,21.792,21.802,5432.0,BTU
2024-05-08 11:30:00,21.782,21.792,21.782,21.788,2300.0,BTU
2024-05-08 11:29:00,21.782,21.782,21.782,21.782,1280.0,BTU
2024-05-08 11:28:00,21.792,21.792,21.782,21.782,5473.0,BTU
2024-05-08 11:27:00,21.777,21.797,21.777,21.792,6885.0,BTU
2024-05-08 11:26:00,21.762,21.772,21.762,21.772,1592.0,BTU
2024-05-08 11:25:00,21.757,21.762,21.747,21.762,3206.0,BTU
2024-05-08 11:24:00,21.772,21.777,21.747,21.757,9294.0,BTU
2024-05-08 11:23:00,21.761,21.772,21.761,21.772,2628.0,BTU
2024-05-08 11:22:00,21.762,21.767,21.757,21.762,759.0,BTU
2024-05-08 11:21:00,21.757,21.767,21.738,21.762,6035.0,BTU
2024-05-08 11:20:00,21.767,21.767,21.762,21.762,1611.0,BTU
2024-05-08 11:19:00,21.767,21.782,21.767,21.772,4776.0,BTU
2024-05-08 11:18:00,21.767,21.777,21.767,21.772,1659.0,BTU
2024-05-08 11:17:00,21.742,21.777,21.742,21.772,4101.0,BTU
2024-05-08 11:16:00,21.752,21.752,21.742,21.742,2665.0,BTU
2024-05-08 11:15:00,21.752,21.752,21.738,21.747,3840.0,BTU
2024-05-08 11:14:00,21.752,21.752,21.747,21.752,1411.0,BTU
2024-05-08 11:11:00,21.733,21.757,21.733,21.747,5704.0,BTU
2024-05-08 11:10:00,21.733,21.733,21.728,21.733,990.0,BTU
2024-05-08 11:09:00,21.733,21.733,21.733,21.733,1048.0,BTU
2024-05-08 11:08:00,21.738,21.738,21.728,21.728,3238.0,BTU
2024-05-08 11:07:00,21.723,21.747,21.723,21.742,3812.0,BTU
2024-05-08 11:06:00,21.723,21.742,21.723,21.728,4609.0,BTU
2024-05-08 11:05:00,21.733,21.738,21.719,21.723,3615.0,BTU
2024-05-08 11:04:00,21.738,21.738,21.738,21.738,982.0,BTU
2024-05-08 11:03:00,21.747,21.747,21.738,21.738,792.0,BTU
2024-05-08 11:02:00,21.792,21.792,21.757,21.757,6165.0,BTU
2024-05-08 11:01:00,21.787,21.792,21.787,21.792,308.0,BTU
2024-05-08 11:00:00,21.782,21.802,21.777,21.797,7805.0,BTU
2024-05-08 10:59:00,21.777,21.782,21.777,21.777,1576.0,BTU
2024-05-08 10:58:00,21.792,21.792,21.777,21.777,1760.0,BTU
2024-05-08 10:57:00,21.797,21.797,21.797,21.797,737.0,BTU
2024-05-08 10:56:00,21.807,21.807,21.797,21.802,3557.0,BTU
2024-05-08 10:55:00,21.812,21.812,21.812,21.812,152.0,BTU
2024-05-08 10:54:00,21.802,21.827,21.802,21.817,3545.0,BTU
2024-05-08 10:53:00,21.802,21.807,21.802,21.802,847.0,BTU
2024-05-08 10:52:00,21.802,21.812,21.802,21.802,3306.0,BTU
2024-05-08 10:51:00,21.792,21.802,21.792,21.802,1505.0,BTU
2024-05-08 10:50:00,21.797,21.797,21.79,21.79,2112.0,BTU
2024-05-08 10:49:00,21.802,21.812,21.801,21.801,2095.0,BTU
2024-05-08 10:48:00,21.797,21.807,21.797,21.798,1920.0,BTU
2024-05-08 10:47:00,21.797,21.797,21.792,21.792,2924.0,BTU
2024-05-08 10:46:00,21.772,21.802,21.772,21.797,4727.0,BTU
2024-05-08 10:45:00,21.772,21.772,21.772,21.772,306.0,BTU
2024-05-08 10:44:00,21.782,21.787,21.767,21.772,4610.0,BTU
2024-05-08 10:43:00,21.787,21.787,21.777,21.782,1259.0,BTU
2024-05-08 10:42:00,21.802,21.802,21.797,21.797,2331.0,BTU
2024-05-08 10:41:00,21.787,21.812,21.782,21.807,3543.0,BTU
2024-05-08 10:40:00,21.782,21.787,21.777,21.782,724.0,BTU
2024-05-08 10:39:00,21.797,21.797,21.782,21.782,2371.0,BTU
2024-05-08 10:38:00,21.762,21.802,21.752,21.797,6804.0,BTU
2024-05-08 10:37:00,21.762,21.762,21.762,21.762,175.0,BTU
2024-05-08 10:36:00,21.782,21.787,21.762,21.762,4636.0,BTU
2024-05-08 10:35:00,21.767,21.782,21.767,21.782,3379.0,BTU
2024-05-08 10:34:00,21.797,21.797,21.772,21.772,1901.0,BTU
2024-05-08 10:33:00,21.837,21.837,21.797,21.802,3017.0,BTU
2024-05-08 10:32:00,21.828,21.842,21.827,21.842,5540.0,BTU
2024-05-08 10:31:00,21.822,21.837,21.822,21.837,3003.0,BTU
2024-05-08 10:30:00,21.817,21.822,21.817,21.822,599.0,BTU
2024-05-08 10:29:00,21.817,21.818,21.812,21.818,2253.0,BTU
2024-05-08 10:28:00,21.837,21.837,21.817,21.817,3469.0,BTU
2024-05-08 10:27:00,21.832,21.842,21.832,21.832,1694.0,BTU
2024-05-08 10:26:00,21.842,21.847,21.832,21.832,3904.0,BTU
2024-05-08 10:25:00,21.842,21.842,21.842,21.842,1333.0,BTU
2024-05-08 10:24:00,21.82,21.842,21.817,21.842,3974.0,BTU
2024-05-08 10:23:00,21.827,21.827,21.827,21.827,686.0,BTU
2024-05-08 10:22:00,21.832,21.847,21.822,21.832,4505.0,BTU
2024-05-08 10:21:00,21.832,21.847,21.832,21.832,3107.0,BTU
2024-05-08 10:20:00,21.832,21.837,21.827,21.832,826.0,BTU
2024-05-08 10:19:00,21.837,21.837,21.827,21.827,2510.0,BTU
2024-05-08 10:18:00,21.817,21.852,21.807,21.842,5636.0,BTU
2024-05-08 10:17:00,21.837,21.837,21.817,21.817,3790.0,BTU
2024-05-08 10:16:00,21.842,21.842,21.837,21.842,1308.0,BTU
2024-05-08 10:15:00,21.857,21.857,21.837,21.842,1941.0,BTU
2024-05-08 10:14:00,21.842,21.867,21.842,21.863,2166.0,BTU
2024-05-08 10:13:00,21.832,21.857,21.832,21.837,4056.0,BTU
2024-05-08 10:12:00,21.832,21.832,21.832,21.832,484.0,BTU
2024-05-08 10:11:00,21.847,21.857,21.842,21.847,2407.0,BTU
2024-05-08 10:10:00,21.847,21.847,21.837,21.842,2562.0,BTU
2024-05-08 10:09:00,21.797,21.847,21.792,21.842,5622.0,BTU
2024-05-08 10:08:00,21.827,21.827,21.797,21.797,2036.0,BTU
2024-05-08 10:07:00,21.802,21.837,21.802,21.832,4349.0,BTU
2024-05-08 10:06:00,21.797,21.802,21.792,21.792,2523.0,BTU
2024-05-08 10:05:00,21.782,21.807,21.782,21.797,2410.0,BTU
2024-05-08 10:04:00,21.807,21.807,21.782,21.782,1952.0,BTU
2024-05-08 10:03:00,21.787,21.812,21.782,21.812,2719.0,BTU
2024-05-08 10:02:00,21.787,21.807,21.762,21.787,6517.0,BTU
2024-05-08 10:01:00,21.782,21.792,21.777,21.787,3892.0,BTU
2024-05-08 10:00:00,21.807,21.817,21.778,21.787,3443.0,BTU
2024-05-08 09:59:00,21.757,21.807,21.747,21.802,5302.0,BTU
2024-05-08 09:58:00,21.738,21.757,21.738,21.757,4220.0,BTU
2024-05-08 09:57:00,21.723,21.757,21.723,21.747,7090.0,BTU
2024-05-08 09:56:00,21.757,21.767,21.718,21.718,7080.0,BTU
2024-05-08 09:55:00,21.772,21.787,21.772,21.777,3268.0,BTU
2024-05-08 09:54:00,21.792,21.797,21.757,21.772,4509.0,BTU
2024-05-08 09:53:00,21.807,21.807,21.787,21.802,2654.0,BTU
2024-05-08 09:52:00,21.797,21.812,21.787,21.812,2787.0,BTU
2024-05-08 09:51:00,21.807,21.807,21.782,21.797,2228.0,BTU
2024-05-08 09:50:00,21.817,21.827,21.817,21.822,2486.0,BTU
2024-05-08 09:49:00,21.832,21.832,21.812,21.817,3133.0,BTU
2024-05-08 09:48:00,21.877,21.877,21.827,21.827,4636.0,BTU
2024-05-08 09:47:00,21.837,21.897,21.837,21.887,5632.0,BTU
2024-05-08 09:46:00,21.862,21.862,21.817,21.832,2971.0,BTU
2024-05-08 09:45:00,21.867,21.867,21.867,21.867,2617.0,BTU
2024-05-08 09:44:00,21.887,21.897,21.857,21.859,5598.0,BTU
2024-05-08 09:43:00,21.882,21.897,21.877,21.877,3686.0,BTU
2024-05-08 09:42:00,21.887,21.902,21.867,21.877,2296.0,BTU
2024-05-08 09:41:00,21.877,21.882,21.867,21.867,3233.0,BTU
2024-05-08 09:40:00,21.887,21.917,21.867,21.887,7736.0,BTU
2024-05-08 09:39:00,21.787,21.897,21.787,21.897,21021.0,BTU
2024-05-08 09:38:00,21.778,21.807,21.778,21.792,1510.0,BTU
2024-05-08 09:37:00,21.718,21.777,21.718,21.777,3943.0,BTU
2024-05-08 09:36:00,21.708,21.713,21.703,21.708,1483.0,BTU
2024-05-08 09:35:00,21.738,21.747,21.688,21.718,2038.0,BTU
2024-05-08 09:34:00,21.728,21.757,21.728,21.757,1066.0,BTU
2024-05-08 09:33:00,21.648,21.738,21.648,21.738,2375.0,BTU
2024-05-08 09:32:00,21.658,21.698,21.628,21.663,7003.0,BTU
2024-05-08 09:31:00,21.797,21.797,21.648,21.668,9715.0,BTU
2024-05-08 09:30:00,21.718,21.857,21.698,21.777,16707.0,BTU
2024-05-08 09:04:00,21.907,21.907,21.907,21.907,1.0,BTU
2024-05-08 08:33:00,21.728,21.728,21.668,21.668,171.0,BTU
2024-05-08 08:32:00,21.777,21.777,21.777,21.777,96.0,BTU
2024-05-08 08:31:00,21.777,21.777,21.777,21.777,96.0,BTU
2024-05-08 08:28:00,21.807,21.807,21.807,21.807,96.0,BTU
2024-05-08 08:27:00,21.777,21.777,21.747,21.747,35.0,BTU
2024-05-08 08:21:00,21.837,21.857,21.807,21.807,172.0,BTU
2024-05-08 08:20:00,21.857,21.857,21.857,21.857,1.0,BTU
2024-05-08 08:12:00,21.837,21.837,21.837,21.837,331.0,BTU
2024-05-08 08:03:00,21.877,21.877,21.877,21.877,159.0,BTU
2024-05-08 08:02:00,21.857,21.857,21.857,21.857,0.0,BTU
2024-05-08 07:54:00,21.837,21.837,21.827,21.837,27.0,BTU
2024-05-08 07:00:00,21.837,21.837,21.837,21.837,11.0,BTU
2024-05-08 05:55:00,21.837,21.837,21.837,21.837,2.0,BTU
2024-05-08 05:54:00,21.837,21.837,21.837,21.837,0.0,BTU
2024-05-08 05:38:00,21.837,21.837,21.837,21.837,2.0,BTU
2024-05-08 05:36:00,21.837,21.837,21.837,21.837,0.0,BTU
2024-05-08 05:17:00,21.857,21.857,21.847,21.847,14.0,BTU
2024-05-07 19:25:00,22.106,22.106,22.106,22.106,14.0,BTU
2024-05-07 19:10:00,22.116,22.116,22.116,22.116,0.0,BTU
2024-05-07 19:00:00,21.857,21.857,21.857,21.857,253320.0,BTU
2024-05-07 18:32:00,22.674,22.674,22.674,22.674,9.0,BTU
2024-05-07 18:30:00,21.857,21.857,21.857,21.857,253320.0,BTU
2024-05-07 18:20:00,22.35,22.35,22.35,22.35,29.0,BTU
2024-05-07 17:57:00,21.867,21.867,21.827,21.827,76.0,BTU
2024-05-07 16:59:00,21.857,21.857,21.857,21.857,16.0,BTU
2024-05-07 16:58:00,21.857,21.857,21.857,21.857,988095.0,BTU
2024-05-07 16:53:00,23.402,23.402,23.402,23.402,13.0,BTU
2024-05-07 16:10:00,21.857,22.053,21.857,22.053,254017.0,BTU
2024-05-07 16:06:00,21.887,21.927,21.857,21.867,274.0,BTU
2024-05-07 16:05:00,21.847,21.847,21.847,21.847,0.0,BTU
2024-05-07 16:04:00,21.857,21.857,21.857,21.857,96.0,BTU
2024-05-07 16:03:00,21.857,21.866,21.857,21.866,552.0,BTU
2024-05-07 16:02:00,21.857,21.857,21.857,21.857,2011.0,BTU
2024-05-07 16:01:00,21.857,21.857,21.857,21.857,5759.0,BTU
2024-05-07 16:00:00,21.857,21.862,21.857,21.857,523871.0,BTU
2024-05-07 15:59:00,21.887,21.892,21.857,21.857,111677.0,BTU
2024-05-07 15:58:00,21.912,21.927,21.867,21.887,113221.0,BTU
2024-05-07 15:57:00,21.907,21.917,21.897,21.912,28187.0,BTU
2024-05-07 15:56:00,21.942,21.952,21.912,21.912,47251.0,BTU
2024-05-07 15:55:00,21.977,21.977,21.942,21.942,28792.0,BTU
2024-05-07 15:54:00,21.972,21.982,21.967,21.977,14707.0,BTU
2024-05-07 15:53:00,21.982,21.987,21.957,21.969,35537.0,BTU
2024-05-07 15:52:00,21.992,21.997,21.977,21.977,19190.0,BTU
2024-05-07 15:51:00,21.992,21.997,21.987,21.997,10439.0,BTU
2024-05-07 15:50:00,22.027,22.032,21.992,21.992,27351.0,BTU
2024-05-07 15:49:00,22.022,22.027,22.017,22.022,4479.0,BTU
2024-05-07 15:48:00,22.037,22.046,22.017,22.022,11914.0,BTU
2024-05-07 15:47:00,22.012,22.041,22.012,22.041,7850.0,BTU
2024-05-07 15:46:00,22.017,22.037,22.012,22.012,20415.0,BTU
2024-05-07 15:45:00,22.022,22.022,22.007,22.007,14823.0,BTU
2024-05-07 15:44:00,22.032,22.037,22.017,22.026,5679.0,BTU
2024-05-07 15:43:00,22.037,22.046,22.027,22.036,7718.0,BTU
2024-05-07 15:42:00,22.027,22.041,22.027,22.041,16217.0,BTU
2024-05-07 15:41:00,22.022,22.027,22.017,22.027,6500.0,BTU
2024-05-07 15:40:00,22.012,22.027,22.012,22.022,6746.0,BTU
2024-05-07 15:39:00,22.002,22.017,21.999,22.017,10845.0,BTU
2024-05-07 15:38:00,22.017,22.017,22.002,22.002,7445.0,BTU
2024-05-07 15:37:00,22.022,22.032,22.017,22.022,7399.0,BTU
2024-05-07 15:36:00,22.032,22.032,22.017,22.022,8291.0,BTU
2024-05-07 15:35:00,22.032,22.037,22.027,22.027,2757.0,BTU
2024-05-07 15:34:00,22.051,22.051,22.027,22.027,9007.0,BTU
2024-05-07 15:33:00,22.056,22.061,22.046,22.046,4124.0,BTU
2024-05-07 15:32:00,22.081,22.086,22.056,22.061,13069.0,BTU
2024-05-07 15:31:00,22.056,22.086,22.051,22.081,13134.0,BTU
2024-05-07 15:30:00,22.051,22.061,22.051,22.056,3220.0,BTU
2024-05-07 15:29:00,22.051,22.061,22.046,22.056,3998.0,BTU
2024-05-07 15:28:00,22.051,22.056,22.046,22.056,1929.0,BTU
2024-05-07 15:27:00,22.076,22.076,22.051,22.051,3406.0,BTU
2024-05-07 15:26:00,22.106,22.106,22.071,22.071,6991.0,BTU
2024-05-07 15:25:00,22.106,22.106,22.096,22.101,2726.0,BTU
2024-05-07 15:24:00,22.116,22.121,22.116,22.116,2121.0,BTU
2024-05-07 15:23:00,22.106,22.121,22.101,22.121,5756.0,BTU
2024-05-07 15:22:00,22.102,22.106,22.101,22.101,1954.0,BTU
2024-05-07 15:21:00,22.076,22.096,22.076,22.096,2997.0,BTU
2024-05-07 15:20:00,22.071,22.081,22.058,22.071,8108.0,BTU
2024-05-07 15:19:00,22.076,22.081,22.066,22.071,3469.0,BTU
2024-05-07 15:18:00,22.086,22.096,22.071,22.081,21901.0,BTU
2024-05-07 15:17:00,22.111,22.111,22.096,22.101,2457.0,BTU
2024-05-07 15:16:00,22.126,22.131,22.111,22.111,9082.0,BTU
2024-05-07 15:15:00,22.136,22.136,22.121,22.121,6077.0,BTU
2024-05-07 15:14:00,22.129,22.136,22.126,22.134,3024.0,BTU
2024-05-07 15:13:00,22.136,22.136,22.129,22.129,437.0,BTU
2024-05-07 15:12:00,22.131,22.136,22.131,22.136,935.0,BTU
2024-05-07 15:11:00,22.126,22.131,22.126,22.131,4206.0,BTU
2024-05-07 15:10:00,22.117,22.117,22.117,22.117,1021.0,BTU
2024-05-07 15:09:00,22.121,22.126,22.11,22.126,5797.0,BTU
2024-05-07 15:08:00,22.111,22.121,22.111,22.121,1404.0,BTU
2024-05-07 15:07:00,22.101,22.116,22.081,22.116,4292.0,BTU
2024-05-07 15:06:00,22.126,22.131,22.101,22.101,9277.0,BTU
2024-05-07 15:05:00,22.121,22.121,22.121,22.121,1292.0,BTU
2024-05-07 15:04:00,22.126,22.126,22.126,22.126,1849.0,BTU
2024-05-07 15:03:00,22.116,22.126,22.116,22.126,2166.0,BTU
2024-05-07 15:02:00,22.111,22.111,22.111,22.111,2474.0,BTU
2024-05-07 15:01:00,22.146,22.146,22.111,22.111,9415.0,BTU
2024-05-07 15:00:00,22.151,22.156,22.151,22.156,984.0,BTU
2024-05-07 14:59:00,22.151,22.151,22.151,22.151,1433.0,BTU
2024-05-07 14:58:00,22.151,22.151,22.151,22.151,591.0,BTU
2024-05-07 14:57:00,22.161,22.161,22.151,22.151,4446.0,BTU
2024-05-07 14:56:00,22.161,22.171,22.161,22.161,3460.0,BTU
2024-05-07 14:55:00,22.161,22.166,22.161,22.161,1610.0,BTU
2024-05-07 14:54:00,22.161,22.166,22.161,22.161,1047.0,BTU
2024-05-07 14:53:00,22.171,22.176,22.161,22.161,3226.0,BTU
2024-05-07 14:52:00,22.161,22.171,22.156,22.171,4227.0,BTU
2024-05-07 14:51:00,22.151,22.161,22.151,22.161,1614.0,BTU
2024-05-07 14:49:00,22.141,22.156,22.141,22.156,1070.0,BTU
2024-05-07 14:48:00,22.131,22.151,22.131,22.141,6395.0,BTU
2024-05-07 14:47:00,22.126,22.126,22.126,22.126,1987.0,BTU
2024-05-07 14:46:00,22.154,22.154,22.121,22.131,6834.0,BTU
2024-05-07 14:44:00,22.151,22.151,22.151,22.151,1233.0,BTU
2024-05-07 14:43:00,22.146,22.156,22.146,22.147,3137.0,BTU
2024-05-07 14:42:00,22.146,22.146,22.146,22.146,1527.0,BTU
2024-05-07 14:41:00,22.161,22.171,22.156,22.156,4974.0,BTU
2024-05-07 14:40:00,22.161,22.166,22.161,22.161,685.0,BTU
2024-05-07 14:39:00,22.161,22.166,22.161,22.166,2010.0,BTU
2024-05-07 14:38:00,22.171,22.171,22.161,22.161,3647.0,BTU
2024-05-07 14:37:00,22.176,22.176,22.171,22.171,2606.0,BTU
2024-05-07 14:36:00,22.161,22.181,22.161,22.176,5761.0,BTU
2024-05-07 14:35:00,22.161,22.166,22.161,22.166,1545.0,BTU
2024-05-07 14:34:00,22.161,22.171,22.161,22.161,8645.0,BTU
2024-05-07 14:33:00,22.151,22.156,22.151,22.151,2943.0,BTU
2024-05-07 14:32:00,22.128,22.156,22.121,22.151,13676.0,BTU
2024-05-07 14:30:00,22.131,22.136,22.126,22.126,1174.0,BTU
2024-05-07 14:29:00,22.141,22.141,22.131,22.131,1924.0,BTU
2024-05-07 14:28:00,22.141,22.146,22.141,22.146,1719.0,BTU
2024-05-07 14:27:00,22.141,22.146,22.141,22.146,968.0,BTU
2024-05-07 14:26:00,22.161,22.176,22.146,22.146,4470.0,BTU
2024-05-07 14:25:00,22.161,22.166,22.161,22.161,3921.0,BTU
2024-05-07 14:24:00,22.161,22.166,22.151,22.161,3753.0,BTU
2024-05-07 14:23:00,22.141,22.161,22.141,22.161,9626.0,BTU
2024-05-07 14:22:00,22.141,22.141,22.141,22.141,263.0,BTU
2024-05-07 14:21:00,22.141,22.146,22.141,22.141,3275.0,BTU
2024-05-07 14:20:00,22.131,22.141,22.131,22.131,2934.0,BTU
2024-05-07 14:19:00,22.131,22.136,22.131,22.131,2096.0,BTU
2024-05-07 14:18:00,22.136,22.136,22.121,22.126,4527.0,BTU
2024-05-07 14:17:00,22.141,22.141,22.141,22.141,668.0,BTU
2024-05-07 14:16:00,22.131,22.146,22.131,22.141,3335.0,BTU
2024-05-07 14:15:00,22.131,22.131,22.131,22.131,396.0,BTU
2024-05-07 14:14:00,22.121,22.126,22.121,22.126,3265.0,BTU
2024-05-07 14:13:00,22.121,22.131,22.116,22.116,4984.0,BTU
2024-05-07 14:11:00,22.121,22.121,22.121,22.121,1204.0,BTU
2024-05-07 14:10:00,22.091,22.117,22.091,22.117,3821.0,BTU
2024-05-07 14:09:00,22.106,22.106,22.091,22.091,1659.0,BTU
2024-05-07 14:08:00,22.121,22.131,22.116,22.116,10525.0,BTU
2024-05-07 14:07:00,22.121,22.126,22.121,22.121,1528.0,BTU
2024-05-07 14:06:00,22.111,22.121,22.111,22.121,4518.0,BTU
2024-05-07 14:05:00,22.121,22.121,22.106,22.106,4399.0,BTU
2024-05-07 14:04:00,22.111,22.126,22.111,22.126,2586.0,BTU
2024-05-07 14:03:00,22.111,22.116,22.111,22.111,2265.0,BTU
2024-05-07 14:02:00,22.101,22.111,22.097,22.111,3284.0,BTU
2024-05-07 14:01:00,22.101,22.101,22.101,22.101,792.0,BTU
2024-05-07 14:00:00,22.096,22.096,22.096,22.096,97.0,BTU
2024-05-07 13:59:00,22.111,22.111,22.101,22.101,1493.0,BTU
2024-05-07 13:58:00,22.121,22.131,22.111,22.111,4552.0,BTU
2024-05-07 13:57:00,22.121,22.126,22.12,22.12,1234.0,BTU
2024-05-07 13:56:00,22.146,22.146,22.116,22.121,7625.0,BTU
2024-05-07 13:55:00,22.151,22.151,22.151,22.151,1074.0,BTU
2024-05-07 13:54:00,22.146,22.151,22.141,22.146,1814.0,BTU
2024-05-07 13:53:00,22.146,22.146,22.131,22.136,5432.0,BTU
2024-05-07 13:52:00,22.161,22.161,22.156,22.156,1889.0,BTU
2024-05-07 13:51:00,22.166,22.166,22.161,22.161,1551.0,BTU
2024-05-07 13:50:00,22.171,22.186,22.171,22.176,4714.0,BTU
2024-05-07 13:49:00,22.186,22.191,22.161,22.166,6896.0,BTU
2024-05-07 13:48:00,22.181,22.186,22.181,22.186,2392.0,BTU
2024-05-07 13:47:00,22.176,22.181,22.176,22.181,1094.0,BTU
2024-05-07 13:46:00,22.181,22.181,22.181,22.181,721.0,BTU
2024-05-07 13:45:00,22.176,22.196,22.176,22.181,979.0,BTU
2024-05-07 13:44:00,22.181,22.186,22.176,22.186,5242.0,BTU
2024-05-07 13:43:00,22.181,22.181,22.181,22.181,735.0,BTU
2024-05-07 13:42:00,22.136,22.206,22.126,22.186,11951.0,BTU
2024-05-07 13:41:00,22.141,22.141,22.141,22.141,894.0,BTU
2024-05-07 13:40:00,22.141,22.141,22.141,22.141,1136.0,BTU
2024-05-07 13:39:00,22.136,22.146,22.136,22.141,1834.0,BTU
2024-05-07 13:38:00,22.141,22.151,22.131,22.141,8816.0,BTU
2024-05-07 13:37:00,22.141,22.141,22.141,22.141,2166.0,BTU
2024-05-07 13:36:00,22.151,22.156,22.141,22.141,5754.0,BTU
2024-05-07 13:35:00,22.156,22.156,22.156,22.156,129.0,BTU
2024-05-07 13:34:00,22.141,22.156,22.141,22.151,2617.0,BTU
2024-05-07 13:33:00,22.131,22.141,22.131,22.141,4241.0,BTU
2024-05-07 13:32:00,22.141,22.141,22.126,22.131,3206.0,BTU
2024-05-07 13:31:00,22.139,22.146,22.139,22.141,1530.0,BTU
2024-05-07 13:30:00,22.141,22.141,22.141,22.141,355.0,BTU
2024-05-07 13:29:00,22.166,22.171,22.136,22.146,9179.0,BTU
2024-05-07 13:28:00,22.171,22.176,22.171,22.171,846.0,BTU
2024-05-07 13:27:00,22.181,22.181,22.171,22.171,1668.0,BTU
2024-05-07 13:26:00,22.176,22.176,22.171,22.171,1089.0,BTU
2024-05-07 13:25:00,22.171,22.176,22.166,22.176,2789.0,BTU
2024-05-07 13:24:00,22.141,22.176,22.139,22.161,7080.0,BTU
2024-05-07 13:23:00,22.141,22.146,22.141,22.141,1775.0,BTU
2024-05-07 13:22:00,22.141,22.146,22.136,22.141,2285.0,BTU
2024-05-07 13:21:00,22.141,22.146,22.141,22.141,881.0,BTU
2024-05-07 13:20:00,22.151,22.156,22.136,22.136,3000.0,BTU
2024-05-07 13:19:00,22.151,22.156,22.151,22.151,1601.0,BTU
2024-05-07 13:18:00,22.136,22.156,22.136,22.151,9131.0,BTU
2024-05-07 13:17:00,22.111,22.126,22.111,22.126,5066.0,BTU
2024-05-07 13:15:00,22.111,22.114,22.111,22.111,533.0,BTU
2024-05-07 13:14:00,22.106,22.116,22.106,22.111,1362.0,BTU
2024-05-07 13:13:00,22.136,22.136,22.116,22.116,2607.0,BTU
2024-05-07 13:12:00,22.141,22.146,22.141,22.141,659.0,BTU
2024-05-07 13:11:00,22.136,22.141,22.131,22.141,5508.0,BTU
2024-05-07 13:10:00,22.156,22.156,22.121,22.126,3245.0,BTU
2024-05-07 13:09:00,22.156,22.156,22.151,22.151,2034.0,BTU
2024-05-07 13:08:00,22.146,22.166,22.141,22.161,6513.0,BTU
2024-05-07 13:07:00,22.146,22.156,22.141,22.146,2452.0,BTU
2024-05-07 13:06:00,22.161,22.166,22.151,22.151,4381.0,BTU
2024-05-07 13:05:00,22.161,22.161,22.161,22.161,458.0,BTU
2024-05-07 13:04:00,22.176,22.176,22.166,22.166,796.0,BTU
2024-05-07 13:03:00,22.201,22.201,22.166,22.166,4743.0,BTU
2024-05-07 13:02:00,22.191,22.201,22.191,22.201,3183.0,BTU
2024-05-07 13:01:00,22.191,22.191,22.191,22.191,543.0,BTU
2024-05-07 13:00:00,22.181,22.193,22.181,22.193,806.0,BTU
2024-05-07 12:59:00,22.171,22.176,22.171,22.176,992.0,BTU
2024-05-07 12:58:00,22.211,22.216,22.176,22.176,5902.0,BTU
2024-05-07 12:57:00,22.211,22.216,22.211,22.211,3944.0,BTU
2024-05-07 12:56:00,22.211,22.211,22.211,22.211,335.0,BTU
2024-05-07 12:55:00,22.216,22.216,22.211,22.211,4665.0,BTU
2024-05-07 12:54:00,22.221,22.221,22.216,22.216,670.0,BTU
2024-05-07 12:53:00,22.221,22.221,22.221,22.221,1095.0,BTU
2024-05-07 12:52:00,22.226,22.226,22.216,22.221,812.0,BTU
2024-05-07 12:51:00,22.216,22.221,22.211,22.221,1985.0,BTU
2024-05-07 12:50:00,22.221,22.221,22.221,22.221,381.0,BTU
2024-05-07 12:49:00,22.216,22.226,22.211,22.226,3411.0,BTU
2024-05-07 12:48:00,22.196,22.206,22.191,22.201,3649.0,BTU
2024-05-07 12:47:00,22.216,22.216,22.196,22.196,5866.0,BTU
2024-05-07 12:46:00,22.216,22.216,22.216,22.216,226.0,BTU
2024-05-07 12:45:00,22.221,22.221,22.216,22.216,1872.0,BTU
2024-05-07 12:44:00,22.231,22.231,22.221,22.221,3194.0,BTU
2024-05-07 12:43:00,22.236,22.236,22.226,22.231,2814.0,BTU
2024-05-07 12:42:00,22.229,22.23,22.229,22.23,359.0,BTU
2024-05-07 12:41:00,22.226,22.226,22.226,22.226,128.0,BTU
2024-05-07 12:40:00,22.231,22.231,22.226,22.226,3068.0,BTU
2024-05-07 12:39:00,22.231,22.231,22.23,22.23,2092.0,BTU
2024-05-07 12:38:00,22.231,22.236,22.231,22.231,837.0,BTU
2024-05-07 12:37:00,22.231,22.231,22.231,22.231,364.0,BTU
2024-05-07 12:36:00,22.226,22.226,22.216,22.226,3729.0,BTU
2024-05-07 12:35:00,22.211,22.226,22.211,22.226,3938.0,BTU
2024-05-07 12:34:00,22.221,22.221,22.211,22.211,2138.0,BTU
2024-05-07 12:33:00,22.196,22.221,22.191,22.221,12453.0,BTU
2024-05-07 12:32:00,22.206,22.206,22.196,22.196,5241.0,BTU
2024-05-07 12:31:00,22.196,22.196,22.191,22.196,1090.0,BTU
2024-05-07 12:30:00,22.186,22.196,22.186,22.191,1477.0,BTU
2024-05-07 12:29:00,22.181,22.196,22.181,22.191,4200.0,BTU
2024-05-07 12:28:00,22.181,22.185,22.181,22.182,840.0,BTU
2024-05-07 12:27:00,22.184,22.185,22.166,22.185,5777.0,BTU
2024-05-07 12:26:00,22.186,22.186,22.178,22.181,1275.0,BTU
2024-05-07 12:25:00,22.215,22.215,22.196,22.196,6037.0,BTU
2024-05-07 12:24:00,22.211,22.211,22.211,22.211,580.0,BTU
2024-05-07 12:23:00,22.211,22.211,22.211,22.211,386.0,BTU
2024-05-07 12:22:00,22.211,22.211,22.211,22.211,238.0,BTU
2024-05-07 12:21:00,22.196,22.211,22.181,22.211,8692.0,BTU
2024-05-07 12:20:00,22.201,22.201,22.201,22.201,720.0,BTU
2024-05-07 12:19:00,22.201,22.201,22.196,22.196,1684.0,BTU
2024-05-07 12:18:00,22.201,22.203,22.201,22.201,1279.0,BTU
2024-05-07 12:17:00,22.221,22.226,22.206,22.206,6029.0,BTU
2024-05-07 12:16:00,22.211,22.221,22.201,22.221,10280.0,BTU
2024-05-07 12:15:00,22.211,22.211,22.211,22.211,814.0,BTU
2024-05-07 12:14:00,22.201,22.215,22.201,22.215,2635.0,BTU
2024-05-07 12:13:00,22.205,22.206,22.201,22.205,1643.0,BTU
2024-05-07 12:12:00,22.191,22.201,22.19,22.201,2207.0,BTU
2024-05-07 12:11:00,22.196,22.196,22.181,22.191,3989.0,BTU
2024-05-07 12:10:00,22.211,22.211,22.204,22.204,3477.0,BTU
2024-05-07 12:08:00,22.216,22.216,22.211,22.211,3119.0,BTU
2024-05-07 12:07:00,22.216,22.216,22.216,22.216,880.0,BTU
2024-05-07 12:06:00,22.216,22.231,22.211,22.226,4175.0,BTU
2024-05-07 12:05:00,22.206,22.211,22.206,22.211,928.0,BTU
2024-05-07 12:04:00,22.201,22.201,22.196,22.196,737.0,BTU
2024-05-07 12:03:00,22.231,22.231,22.191,22.201,7725.0,BTU
2024-05-07 12:02:00,22.231,22.231,22.231,22.231,304.0,BTU
2024-05-07 12:01:00,22.236,22.241,22.231,22.231,1572.0,BTU
2024-05-07 12:00:00,22.256,22.256,22.236,22.236,4990.0,BTU
2024-05-07 11:59:00,22.256,22.256,22.251,22.256,3396.0,BTU
2024-05-07 11:58:00,22.261,22.261,22.261,22.261,1235.0,BTU
2024-05-07 11:57:00,22.266,22.266,22.261,22.265,4087.0,BTU
2024-05-07 11:56:00,22.271,22.271,22.266,22.266,519.0,BTU
2024-05-07 11:55:00,22.276,22.281,22.271,22.271,8080.0,BTU
2024-05-07 11:54:00,22.271,22.276,22.256,22.276,6683.0,BTU
2024-05-07 11:53:00,22.276,22.286,22.276,22.276,14931.0,BTU
2024-05-07 11:52:00,22.276,22.276,22.273,22.273,771.0,BTU
2024-05-07 11:51:00,22.256,22.276,22.256,22.271,6474.0,BTU
2024-05-07 11:50:00,22.251,22.251,22.251,22.251,552.0,BTU
2024-05-07 11:48:00,22.271,22.271,22.256,22.256,5217.0,BTU
2024-05-07 11:47:00,22.276,22.276,22.266,22.271,1197.0,BTU
2024-05-07 11:46:00,22.276,22.286,22.266,22.271,5297.0,BTU
2024-05-07 11:45:00,22.271,22.296,22.271,22.276,9857.0,BTU
2024-05-07 11:44:00,22.221,22.276,22.221,22.271,27034.0,BTU
2024-05-07 11:43:00,22.221,22.221,22.221,22.221,535.0,BTU
2024-05-07 11:42:00,22.221,22.221,22.221,22.221,782.0,BTU
2024-05-07 11:41:00,22.221,22.236,22.221,22.221,6168.0,BTU
2024-05-07 11:40:00,22.226,22.226,22.221,22.221,4815.0,BTU
2024-05-07 11:39:00,22.231,22.231,22.231,22.231,687.0,BTU
2024-05-07 11:38:00,22.216,22.226,22.216,22.226,3541.0,BTU
2024-05-07 11:37:00,22.201,22.206,22.196,22.206,5831.0,BTU
2024-05-07 11:36:00,22.196,22.202,22.196,22.196,330.0,BTU
2024-05-07 11:35:00,22.196,22.206,22.196,22.201,2736.0,BTU
2024-05-07 11:34:00,22.201,22.201,22.181,22.181,5224.0,BTU
2024-05-07 11:33:00,22.196,22.201,22.196,22.201,1040.0,BTU
2024-05-07 11:32:00,22.206,22.211,22.201,22.206,2052.0,BTU
2024-05-07 11:31:00,22.201,22.221,22.201,22.201,5746.0,BTU
2024-05-07 11:30:00,22.201,22.216,22.191,22.201,12194.0,BTU
2024-05-07 11:29:00,22.191,22.201,22.191,22.201,2138.0,BTU
2024-05-07 11:28:00,22.181,22.191,22.176,22.191,6653.0,BTU
2024-05-07 11:27:00,22.181,22.181,22.181,22.181,1652.0,BTU
2024-05-07 11:26:00,22.161,22.176,22.161,22.171,2948.0,BTU
2024-05-07 11:25:00,22.141,22.171,22.141,22.166,5500.0,BTU
2024-05-07 11:24:00,22.161,22.161,22.141,22.141,3400.0,BTU
2024-05-07 11:23:00,22.141,22.161,22.141,22.161,1330.0,BTU
2024-05-07 11:22:00,22.156,22.171,22.146,22.166,5050.0,BTU
2024-05-07 11:21:00,22.131,22.156,22.131,22.156,2418.0,BTU
2024-05-07 11:20:00,22.141,22.141,22.126,22.131,2060.0,BTU
2024-05-07 11:19:00,22.126,22.136,22.121,22.136,4285.0,BTU
2024-05-07 11:18:00,22.151,22.151,22.136,22.136,6097.0,BTU
2024-05-07 11:17:00,22.166,22.166,22.151,22.151,3771.0,BTU
2024-05-07 11:16:00,22.181,22.186,22.166,22.166,1815.0,BTU
2024-05-07 11:15:00,22.181,22.186,22.176,22.186,4118.0,BTU
2024-05-07 11:14:00,22.176,22.186,22.171,22.186,7072.0,BTU
2024-05-07 11:13:00,22.201,22.201,22.171,22.176,4810.0,BTU
2024-05-07 11:12:00,22.171,22.211,22.166,22.201,3034.0,BTU
2024-05-07 11:11:00,22.169,22.181,22.169,22.171,3841.0,BTU
2024-05-07 11:10:00,22.151,22.176,22.151,22.171,2329.0,BTU
2024-05-07 11:09:00,22.201,22.201,22.156,22.156,4996.0,BTU
2024-05-07 11:08:00,22.181,22.211,22.181,22.201,4692.0,BTU
2024-05-07 11:07:00,22.206,22.206,22.181,22.181,6068.0,BTU
2024-05-07 11:06:00,22.161,22.206,22.161,22.201,8245.0,BTU
2024-05-07 11:05:00,22.151,22.161,22.141,22.161,2626.0,BTU
2024-05-07 11:04:00,22.161,22.186,22.156,22.156,12853.0,BTU
2024-05-07 11:03:00,22.161,22.176,22.161,22.161,6682.0,BTU
2024-05-07 11:02:00,22.181,22.181,22.141,22.161,11092.0,BTU
2024-05-07 11:01:00,22.181,22.181,22.181,22.181,1459.0,BTU
2024-05-07 11:00:00,22.201,22.201,22.176,22.181,3167.0,BTU
2024-05-07 10:59:00,22.201,22.201,22.201,22.201,894.0,BTU
2024-05-07 10:58:00,22.181,22.196,22.177,22.186,4575.0,BTU
2024-05-07 10:57:00,22.231,22.231,22.191,22.196,3834.0,BTU
2024-05-07 10:56:00,22.261,22.263,22.226,22.226,6995.0,BTU
2024-05-07 10:55:00,22.231,22.261,22.226,22.256,15876.0,BTU
2024-05-07 10:54:00,22.221,22.231,22.221,22.231,2263.0,BTU
2024-05-07 10:53:00,22.196,22.231,22.196,22.223,11586.0,BTU
2024-05-07 10:52:00,22.196,22.206,22.196,22.196,5337.0,BTU
2024-05-07 10:51:00,22.191,22.191,22.176,22.186,3782.0,BTU
2024-05-07 10:50:00,22.206,22.206,22.189,22.189,3194.0,BTU
2024-05-07 10:49:00,22.201,22.206,22.201,22.206,1376.0,BTU
2024-05-07 10:48:00,22.176,22.196,22.176,22.186,2232.0,BTU
2024-05-07 10:47:00,22.206,22.211,22.191,22.191,6469.0,BTU
2024-05-07 10:46:00,22.196,22.201,22.196,22.201,5437.0,BTU
2024-05-07 10:45:00,22.176,22.191,22.176,22.186,1344.0,BTU
2024-05-07 10:44:00,22.167,22.176,22.166,22.171,7103.0,BTU
2024-05-07 10:43:00,22.136,22.166,22.136,22.166,1674.0,BTU
2024-05-07 10:42:00,22.126,22.146,22.111,22.136,11969.0,BTU
2024-05-07 10:41:00,22.106,22.121,22.106,22.121,3430.0,BTU
2024-05-07 10:39:00,22.126,22.126,22.106,22.106,4253.0,BTU
2024-05-07 10:38:00,22.146,22.186,22.126,22.131,10081.0,BTU
2024-05-07 10:37:00,22.131,22.151,22.126,22.146,7670.0,BTU
2024-05-07 10:36:00,22.106,22.134,22.101,22.134,6009.0,BTU
2024-05-07 10:35:00,22.061,22.101,22.061,22.101,6509.0,BTU
2024-05-07 10:34:00,22.066,22.071,22.061,22.061,4517.0,BTU
2024-05-07 10:33:00,22.081,22.081,22.071,22.076,2824.0,BTU
2024-05-07 10:32:00,22.046,22.081,22.046,22.081,3333.0,BTU
2024-05-07 10:31:00,22.041,22.046,22.027,22.046,5420.0,BTU
2024-05-07 10:30:00,22.046,22.046,22.037,22.046,2109.0,BTU
2024-05-07 10:29:00,22.056,22.076,22.027,22.046,8168.0,BTU
2024-05-07 10:28:00,22.056,22.056,22.046,22.056,1049.0,BTU
2024-05-07 10:27:00,22.032,22.056,22.027,22.056,4520.0,BTU
2024-05-07 10:26:00,22.022,22.041,22.017,22.035,7586.0,BTU
2024-05-07 10:25:00,22.017,22.022,22.017,22.017,2623.0,BTU
2024-05-07 10:24:00,22.027,22.035,21.997,22.007,5449.0,BTU
2024-05-07 10:23:00,22.086,22.086,22.017,22.017,7224.0,BTU
2024-05-07 10:22:00,22.061,22.106,22.061,22.091,5908.0,BTU
2024-05-07 10:21:00,22.081,22.081,22.056,22.061,5072.0,BTU
2024-05-07 10:20:00,22.081,22.083,22.076,22.076,3583.0,BTU
2024-05-07 10:19:00,22.076,22.086,22.076,22.076,1260.0,BTU
2024-05-07 10:18:00,22.056,22.081,22.056,22.081,6394.0,BTU
2024-05-07 10:17:00,22.027,22.051,22.027,22.046,3977.0,BTU
2024-05-07 10:16:00,22.007,22.041,22.007,22.027,5396.0,BTU
2024-05-07 10:15:00,22.027,22.027,22.007,22.012,1294.0,BTU
2024-05-07 10:14:00,22.027,22.041,22.027,22.037,4778.0,BTU
2024-05-07 10:13:00,22.022,22.032,22.017,22.026,2889.0,BTU
2024-05-07 10:12:00,22.002,22.017,22.002,22.017,397.0,BTU
2024-05-07 10:11:00,21.987,22.017,21.987,22.007,3944.0,BTU
2024-05-07 10:10:00,21.977,21.987,21.972,21.977,4006.0,BTU
2024-05-07 10:09:00,21.977,21.977,21.952,21.977,3068.0,BTU
2024-05-07 10:08:00,22.066,22.071,21.997,22.002,5552.0,BTU
2024-05-07 10:07:00,22.076,22.076,22.071,22.071,1334.0,BTU
2024-05-07 10:06:00,22.066,22.091,22.066,22.086,2782.0,BTU
2024-05-07 10:05:00,22.086,22.111,22.062,22.062,4419.0,BTU
2024-05-07 10:04:00,22.086,22.111,22.077,22.08,11284.0,BTU
2024-05-07 10:03:00,22.071,22.101,22.061,22.061,19270.0,BTU
2024-05-07 10:02:00,22.066,22.071,22.041,22.066,12904.0,BTU
2024-05-07 10:01:00,22.071,22.071,22.056,22.061,16233.0,BTU
2024-05-07 10:00:00,22.076,22.076,22.046,22.071,9136.0,BTU
2024-05-07 09:59:00,22.081,22.091,22.066,22.076,7896.0,BTU
2024-05-07 09:58:00,22.066,22.086,22.046,22.086,7777.0,BTU
2024-05-07 09:57:00,22.076,22.096,22.076,22.081,2638.0,BTU
2024-05-07 09:56:00,22.146,22.166,22.076,22.076,9525.0,BTU
2024-05-07 09:55:00,22.126,22.166,22.126,22.146,9355.0,BTU
2024-05-07 09:54:00,22.146,22.166,22.121,22.121,6987.0,BTU
2024-05-07 09:53:00,22.111,22.141,22.111,22.141,3050.0,BTU
2024-05-07 09:52:00,22.106,22.111,22.086,22.111,1209.0,BTU
2024-05-07 09:51:00,22.12,22.136,22.116,22.116,5632.0,BTU
2024-05-07 09:50:00,22.096,22.121,22.096,22.112,1761.0,BTU
2024-05-07 09:49:00,22.116,22.136,22.086,22.086,8393.0,BTU
2024-05-07 09:48:00,22.106,22.106,22.096,22.096,1007.0,BTU
2024-05-07 09:47:00,22.146,22.157,22.096,22.096,4579.0,BTU
2024-05-07 09:46:00,22.146,22.146,22.136,22.146,2104.0,BTU
2024-05-07 09:45:00,22.096,22.126,22.056,22.126,9733.0,BTU
2024-05-07 09:44:00,22.066,22.086,22.066,22.086,1550.0,BTU
2024-05-07 09:43:00,22.037,22.037,22.027,22.037,1560.0,BTU
2024-05-07 09:42:00,21.987,22.027,21.967,22.027,3920.0,BTU
2024-05-07 09:41:00,21.867,22.017,21.867,22.002,5686.0,BTU
2024-05-07 09:40:00,21.857,21.887,21.857,21.857,4031.0,BTU
2024-05-07 09:39:00,21.827,21.857,21.823,21.857,3386.0,BTU
2024-05-07 09:38:00,21.817,21.847,21.817,21.847,1809.0,BTU
2024-05-07 09:37:00,21.807,21.822,21.807,21.817,4505.0,BTU
2024-05-07 09:36:00,21.817,21.837,21.787,21.807,8642.0,BTU
2024-05-07 09:35:00,21.793,21.807,21.757,21.787,6883.0,BTU
2024-05-07 09:34:00,21.797,21.797,21.787,21.787,846.0,BTU
2024-05-07 09:33:00,21.767,21.797,21.767,21.779,2246.0,BTU
2024-05-07 09:32:00,21.782,21.796,21.738,21.796,6225.0,BTU
2024-05-07 09:31:00,21.782,21.782,21.754,21.754,611.0,BTU
2024-05-07 09:30:00,21.827,21.997,21.787,21.787,30738.0,BTU
2024-05-07 09:29:00,22.027,22.076,22.027,22.076,193.0,BTU
2024-05-07 09:16:00,22.017,22.017,22.017,22.017,0.0,BTU
2024-05-07 09:08:00,21.877,21.877,21.877,21.877,192.0,BTU
2024-05-07 09:04:00,22.015,22.015,22.015,22.015,0.0,BTU
2024-05-07 08:45:00,22.027,22.027,22.027,22.027,1.0,BTU
2024-05-07 08:26:00,22.027,22.027,22.027,22.027,48.0,BTU
2024-05-07 08:24:00,22.007,22.027,22.007,22.027,101.0,BTU
2024-05-07 08:22:00,22.007,22.007,22.007,22.007,0.0,BTU
2024-05-07 08:05:00,21.827,21.827,21.827,21.827,63.0,BTU
2024-05-07 08:04:00,21.907,21.927,21.708,21.728,204.0,BTU
2024-05-07 08:03:00,21.827,21.827,21.827,21.827,0.0,BTU
2024-05-07 08:02:00,21.728,21.728,21.728,21.728,64.0,BTU
2024-05-07 07:55:00,21.847,21.847,21.747,21.797,180.0,BTU
2024-05-07 07:31:00,21.907,21.907,21.907,21.907,19.0,BTU
2024-05-07 07:24:00,21.907,21.907,21.907,21.907,24.0,BTU
2024-05-07 07:00:00,21.897,21.897,21.897,21.897,5.0,BTU
2024-05-07 06:41:00,21.937,21.937,21.937,21.937,8.0,BTU
2024-05-07 06:37:00,21.847,21.847,21.847,21.847,0.0,BTU
2024-05-07 06:08:00,21.827,21.847,21.827,21.847,25.0,BTU
2024-05-07 05:46:00,21.847,21.847,21.847,21.847,4.0,BTU
2024-05-07 04:01:00,21.827,21.827,21.827,21.827,0.0,BTU
2024-05-07 04:00:00,21.827,21.827,21.827,21.827,1.0,BTU
2024-05-06 19:55:00,21.827,21.997,21.827,21.827,38.0,BTU
2024-05-06 19:44:00,22.066,22.066,22.066,22.066,9.0,BTU
2024-05-06 19:00:00,21.787,21.787,21.787,21.787,218944.0,BTU
2024-05-06 18:55:00,21.747,21.747,21.747,21.747,4.0,BTU
2024-05-06 18:35:00,21.75,21.75,21.75,21.75,11.0,BTU
2024-05-06 18:30:00,21.787,21.787,21.787,21.787,218944.0,BTU
2024-05-06 18:20:00,22.126,22.126,22.126,22.126,4.0,BTU
2024-05-06 17:16:00,22.126,22.126,22.126,22.126,1.0,BTU
2024-05-06 17:06:00,21.887,21.887,21.887,21.887,1.0,BTU
2024-05-06 17:04:00,21.886,21.886,21.886,21.886,0.0,BTU
2024-05-06 16:53:00,21.887,21.887,21.887,21.887,0.0,BTU
2024-05-06 16:50:00,21.787,21.787,21.787,21.787,1443.0,BTU
2024-05-06 16:44:00,21.787,21.787,21.787,21.787,14949.0,BTU
2024-05-06 16:42:00,21.787,21.787,21.787,21.787,50.0,BTU
2024-05-06 16:38:00,21.827,21.827,21.827,21.827,96.0,BTU
2024-05-06 16:23:00,21.827,21.827,21.827,21.827,1924.0,BTU
2024-05-06 16:20:00,21.787,21.787,21.787,21.787,89.0,BTU
2024-05-06 16:10:00,21.787,21.787,21.787,21.787,218944.0,BTU
2024-05-06 16:01:00,21.787,21.787,21.787,21.787,478.0,BTU
2024-05-06 16:00:00,21.787,21.827,21.782,21.787,477295.0,BTU
2024-05-06 15:59:00,21.807,21.807,21.767,21.787,70821.0,BTU
2024-05-06 15:58:00,21.792,21.807,21.78,21.807,53482.0,BTU
2024-05-06 15:57:00,21.812,21.815,21.78,21.797,32703.0,BTU
2024-05-06 15:56:00,21.797,21.815,21.797,21.815,41781.0,BTU
2024-05-06 15:55:00,21.802,21.842,21.8,21.807,35744.0,BTU
2024-05-06 15:54:00,21.817,21.817,21.797,21.807,22722.0,BTU
2024-05-06 15:53:00,21.807,21.817,21.802,21.812,17357.0,BTU
2024-05-06 15:52:00,21.822,21.837,21.797,21.799,32057.0,BTU
2024-05-06 15:51:00,21.822,21.832,21.82,21.827,9447.0,BTU
2024-05-06 15:50:00,21.827,21.852,21.822,21.822,20793.0,BTU
2024-05-06 15:49:00,21.827,21.837,21.827,21.832,7029.0,BTU
2024-05-06 15:48:00,21.847,21.852,21.827,21.827,10035.0,BTU
2024-05-06 15:47:00,21.837,21.857,21.832,21.842,12234.0,BTU
2024-05-06 15:46:00,21.842,21.842,21.827,21.832,5800.0,BTU
2024-05-06 15:45:00,21.817,21.842,21.817,21.842,11660.0,BTU
2024-05-06 15:44:00,21.807,21.812,21.797,21.812,24123.0,BTU
2024-05-06 15:43:00,21.817,21.817,21.807,21.807,6346.0,BTU
2024-05-06 15:42:00,21.819,21.822,21.81,21.817,6285.0,BTU
2024-05-06 15:41:00,21.827,21.837,21.822,21.827,10589.0,BTU
2024-05-06 15:40:00,21.827,21.837,21.817,21.822,8425.0,BTU
2024-05-06 15:39:00,21.842,21.842,21.827,21.827,5988.0,BTU
2024-05-06 15:38:00,21.837,21.842,21.837,21.842,7283.0,BTU
2024-05-06 15:37:00,21.842,21.842,21.832,21.832,5525.0,BTU
2024-05-06 15:36:00,21.827,21.857,21.817,21.842,11917.0,BTU
2024-05-06 15:35:00,21.822,21.827,21.822,21.827,2275.0,BTU
2024-05-06 15:34:00,21.807,21.822,21.807,21.822,5230.0,BTU
2024-05-06 15:33:00,21.817,21.817,21.797,21.807,13396.0,BTU
2024-05-06 15:32:00,21.832,21.832,21.817,21.827,2484.0,BTU
2024-05-06 15:31:00,21.852,21.857,21.837,21.837,6918.0,BTU
2024-05-06 15:30:00,21.867,21.867,21.85,21.852,4565.0,BTU
2024-05-06 15:29:00,21.857,21.867,21.847,21.862,4360.0,BTU
2024-05-06 15:28:00,21.852,21.857,21.847,21.847,2188.0,BTU
2024-05-06 15:27:00,21.847,21.862,21.842,21.847,4320.0,BTU
2024-05-06 15:26:00,21.827,21.837,21.817,21.837,9081.0,BTU
2024-05-06 15:25:00,21.852,21.855,21.827,21.827,5422.0,BTU
2024-05-06 15:24:00,21.867,21.867,21.847,21.847,2005.0,BTU
2024-05-06 15:23:00,21.857,21.867,21.857,21.857,4628.0,BTU
2024-05-06 15:22:00,21.862,21.862,21.862,21.862,1268.0,BTU
2024-05-06 15:21:00,21.872,21.877,21.857,21.862,12384.0,BTU
2024-05-06 15:20:00,21.877,21.877,21.867,21.867,1710.0,BTU
2024-05-06 15:19:00,21.872,21.877,21.87,21.877,1062.0,BTU
2024-05-06 15:18:00,21.867,21.877,21.867,21.877,6934.0,BTU
2024-05-06 15:17:00,21.892,21.892,21.867,21.867,6909.0,BTU
2024-05-06 15:16:00,21.887,21.895,21.881,21.895,9092.0,BTU
2024-05-06 15:15:00,21.877,21.907,21.877,21.892,7383.0,BTU
2024-05-06 15:14:00,21.882,21.882,21.872,21.872,3756.0,BTU
2024-05-06 15:13:00,21.877,21.877,21.877,21.877,1446.0,BTU
2024-05-06 15:12:00,21.877,21.882,21.867,21.877,3894.0,BTU
2024-05-06 15:11:00,21.897,21.902,21.877,21.877,6707.0,BTU
2024-05-06 15:10:00,21.912,21.917,21.902,21.902,5924.0,BTU
2024-05-06 15:09:00,21.897,21.922,21.897,21.912,5676.0,BTU
2024-05-06 15:08:00,21.897,21.902,21.897,21.902,864.0,BTU
2024-05-06 15:07:00,21.917,21.917,21.897,21.899,2909.0,BTU
2024-05-06 15:06:00,21.899,21.912,21.899,21.912,2706.0,BTU
2024-05-06 15:05:00,21.898,21.902,21.887,21.887,5085.0,BTU
2024-05-06 15:04:00,21.897,21.907,21.897,21.902,1798.0,BTU
2024-05-06 15:03:00,21.932,21.932,21.902,21.902,5136.0,BTU
2024-05-06 15:02:00,21.942,21.942,21.932,21.932,2521.0,BTU
2024-05-06 15:01:00,21.927,21.942,21.917,21.941,8576.0,BTU
2024-05-06 15:00:00,21.937,21.947,21.927,21.932,16576.0,BTU
2024-05-06 14:59:00,21.942,21.942,21.937,21.942,1236.0,BTU
2024-05-06 14:58:00,21.952,21.952,21.937,21.942,4685.0,BTU
2024-05-06 14:57:00,21.912,21.952,21.909,21.949,4859.0,BTU
2024-05-06 14:56:00,21.912,21.912,21.909,21.912,1621.0,BTU
2024-05-06 14:55:00,21.912,21.912,21.907,21.912,1379.0,BTU
2024-05-06 14:54:00,21.922,21.922,21.907,21.912,1374.0,BTU
2024-05-06 14:53:00,21.917,21.932,21.912,21.922,6288.0,BTU
2024-05-06 14:52:00,21.911,21.927,21.911,21.927,5543.0,BTU
2024-05-06 14:51:00,21.909,21.922,21.907,21.907,8832.0,BTU
2024-05-06 14:50:00,21.902,21.912,21.902,21.912,3898.0,BTU
2024-05-06 14:49:00,21.887,21.902,21.887,21.902,4256.0,BTU
2024-05-06 14:48:00,21.897,21.897,21.892,21.892,5640.0,BTU
2024-05-06 14:47:00,21.902,21.902,21.897,21.897,2542.0,BTU
2024-05-06 14:46:00,21.897,21.902,21.897,21.902,618.0,BTU
2024-05-06 14:45:00,21.897,21.907,21.897,21.902,2698.0,BTU
2024-05-06 14:44:00,21.942,21.942,21.892,21.897,6696.0,BTU
2024-05-06 14:43:00,21.942,21.942,21.942,21.942,794.0,BTU
2024-05-06 14:42:00,21.942,21.947,21.927,21.947,7020.0,BTU
2024-05-06 14:41:00,21.947,21.957,21.942,21.942,14551.0,BTU
2024-05-06 14:40:00,21.952,21.957,21.952,21.957,974.0,BTU
2024-05-06 14:39:00,21.947,21.952,21.947,21.952,491.0,BTU
2024-05-06 14:38:00,21.982,21.987,21.957,21.957,7558.0,BTU
2024-05-06 14:37:00,21.977,21.987,21.977,21.987,2412.0,BTU
2024-05-06 14:36:00,22.002,22.002,21.977,21.977,4698.0,BTU
2024-05-06 14:35:00,22.002,22.007,22.002,22.007,1259.0,BTU
2024-05-06 14:34:00,22.007,22.007,22.007,22.007,1560.0,BTU
2024-05-06 14:33:00,21.987,22.012,21.977,22.012,7281.0,BTU
2024-05-06 14:32:00,21.992,21.997,21.992,21.997,619.0,BTU
2024-05-06 14:31:00,21.982,21.987,21.982,21.987,1233.0,BTU
2024-05-06 14:30:00,21.992,22.007,21.987,21.987,4174.0,BTU
2024-05-06 14:29:00,21.997,21.997,21.987,21.992,5015.0,BTU
2024-05-06 14:27:00,22.017,22.017,22.002,22.002,3449.0,BTU
2024-05-06 14:26:00,22.012,22.012,22.007,22.007,1400.0,BTU
2024-05-06 14:25:00,22.012,22.012,22.012,22.012,992.0,BTU
2024-05-06 14:24:00,21.997,22.007,21.997,22.007,2920.0,BTU
2024-05-06 14:23:00,22.007,22.007,22.007,22.007,254.0,BTU
2024-05-06 14:22:00,22.037,22.037,22.012,22.017,3603.0,BTU
2024-05-06 14:21:00,22.015,22.032,22.007,22.032,5531.0,BTU
2024-05-06 14:20:00,22.012,22.017,22.012,22.012,2024.0,BTU
2024-05-06 14:19:00,22.017,22.017,22.012,22.012,1761.0,BTU
2024-05-06 14:18:00,22.017,22.022,22.012,22.022,2447.0,BTU
2024-05-06 14:17:00,22.012,22.012,22.012,22.012,1094.0,BTU
2024-05-06 14:16:00,21.992,22.012,21.992,22.012,2310.0,BTU
2024-05-06 14:15:00,21.987,21.992,21.987,21.992,1959.0,BTU
2024-05-06 14:14:00,21.997,21.997,21.957,21.982,12736.0,BTU
2024-05-06 14:13:00,21.982,22.002,21.977,22.002,3226.0,BTU
2024-05-06 14:12:00,21.977,21.982,21.977,21.977,760.0,BTU
2024-05-06 14:11:00,21.997,21.997,21.987,21.987,2523.0,BTU
2024-05-06 14:10:00,21.992,21.997,21.992,21.997,1591.0,BTU
2024-05-06 14:09:00,21.994,22.002,21.994,21.997,4173.0,BTU
2024-05-06 14:08:00,21.987,21.992,21.987,21.987,1708.0,BTU
2024-05-06 14:07:00,21.992,21.997,21.982,21.982,1848.0,BTU
2024-05-06 14:06:00,21.987,21.987,21.982,21.987,2605.0,BTU
2024-05-06 14:05:00,21.977,21.992,21.977,21.979,3077.0,BTU
2024-05-06 14:04:00,21.972,21.977,21.967,21.972,621.0,BTU
2024-05-06 14:03:00,21.977,21.977,21.972,21.972,489.0,BTU
2024-05-06 14:02:00,21.982,21.984,21.957,21.967,7519.0,BTU
2024-05-06 14:01:00,21.977,21.977,21.977,21.977,551.0,BTU
2024-05-06 14:00:00,21.977,21.982,21.977,21.982,1853.0,BTU
2024-05-06 13:59:00,21.997,21.997,21.977,21.977,2428.0,BTU
2024-05-06 13:58:00,21.992,21.997,21.992,21.992,1688.0,BTU
2024-05-06 13:57:00,21.987,21.997,21.987,21.992,1349.0,BTU
2024-05-06 13:56:00,21.962,21.987,21.952,21.982,4456.0,BTU
2024-05-06 13:55:00,21.957,21.962,21.957,21.962,570.0,BTU
2024-05-06 13:54:00,21.952,21.952,21.952,21.952,332.0,BTU
2024-05-06 13:53:00,21.922,21.947,21.922,21.947,2879.0,BTU
2024-05-06 13:52:00,21.927,21.932,21.922,21.922,2544.0,BTU
2024-05-06 13:51:00,21.922,21.932,21.922,21.927,4900.0,BTU
2024-05-06 13:50:00,21.932,21.932,21.899,21.917,9241.0,BTU
2024-05-06 13:49:00,21.937,21.937,21.927,21.932,3080.0,BTU
2024-05-06 13:48:00,21.937,21.947,21.937,21.937,2596.0,BTU
2024-05-06 13:47:00,21.942,21.942,21.937,21.937,763.0,BTU
2024-05-06 13:46:00,21.947,21.947,21.947,21.947,807.0,BTU
2024-05-06 13:45:00,22.002,22.002,21.942,21.95,26945.0,BTU
2024-05-06 13:44:00,22.002,22.002,21.997,22.002,833.0,BTU
2024-05-06 13:43:00,22.002,22.004,22.002,22.004,884.0,BTU
2024-05-06 13:42:00,22.002,22.002,22.002,22.002,606.0,BTU
2024-05-06 13:41:00,22.002,22.002,21.997,21.997,1657.0,BTU
2024-05-06 13:40:00,21.987,22.007,21.987,22.007,2668.0,BTU
2024-05-06 13:39:00,21.982,21.982,21.977,21.982,1560.0,BTU
2024-05-06 13:38:00,21.987,21.987,21.977,21.977,858.0,BTU
2024-05-06 13:37:00,21.977,21.994,21.977,21.994,2949.0,BTU
2024-05-06 13:36:00,21.987,21.987,21.977,21.982,1142.0,BTU
2024-05-06 13:35:00,21.977,21.992,21.962,21.992,13210.0,BTU
2024-05-06 13:34:00,21.987,21.987,21.982,21.982,3158.0,BTU
2024-05-06 13:33:00,21.987,21.987,21.987,21.987,165.0,BTU
2024-05-06 13:32:00,21.992,21.992,21.992,21.992,252.0,BTU
2024-05-06 13:31:00,22.007,22.017,21.997,21.997,2788.0,BTU
2024-05-06 13:30:00,22.007,22.007,22.006,22.006,511.0,BTU
2024-05-06 13:29:00,21.982,21.997,21.977,21.992,2180.0,BTU
2024-05-06 13:28:00,21.987,21.987,21.982,21.987,1564.0,BTU
2024-05-06 13:27:00,21.997,21.997,21.987,21.987,1794.0,BTU
2024-05-06 13:26:00,21.992,22.002,21.989,22.002,1612.0,BTU
2024-05-06 13:25:00,21.992,21.997,21.992,21.992,973.0,BTU
2024-05-06 13:24:00,21.997,21.997,21.992,21.997,1234.0,BTU
2024-05-06 13:23:00,22.027,22.027,21.997,22.002,4457.0,BTU
2024-05-06 13:22:00,22.041,22.051,22.037,22.037,5712.0,BTU
2024-05-06 13:21:00,22.037,22.046,22.037,22.046,1978.0,BTU
2024-05-06 13:20:00,22.032,22.032,22.027,22.032,817.0,BTU
2024-05-06 13:19:00,22.032,22.037,22.032,22.032,881.0,BTU
2024-05-06 13:18:00,22.032,22.037,22.032,22.037,1073.0,BTU
2024-05-06 13:17:00,22.032,22.032,22.027,22.032,2056.0,BTU
2024-05-06 13:16:00,21.992,22.037,21.992,22.037,7074.0,BTU
2024-05-06 13:15:00,21.987,22.007,21.987,21.992,4086.0,BTU
2024-05-06 13:14:00,21.987,21.987,21.987,21.987,198.0,BTU
2024-05-06 13:13:00,21.982,21.987,21.977,21.977,1491.0,BTU
2024-05-06 13:12:00,21.977,21.987,21.977,21.987,3114.0,BTU
2024-05-06 13:11:00,21.997,21.997,21.972,21.977,4219.0,BTU
2024-05-06 13:10:00,22.005,22.005,22.002,22.002,851.0,BTU
2024-05-06 13:09:00,22.007,22.007,21.997,21.997,2206.0,BTU
2024-05-06 13:08:00,22.007,22.017,22.002,22.007,5128.0,BTU
2024-05-06 13:07:00,22.017,22.017,22.007,22.012,2893.0,BTU
2024-05-06 13:06:00,22.041,22.041,22.022,22.022,2083.0,BTU
2024-05-06 13:04:00,22.037,22.041,22.037,22.041,2124.0,BTU
2024-05-06 13:03:00,22.046,22.046,22.032,22.032,1405.0,BTU
2024-05-06 13:02:00,22.056,22.066,22.056,22.056,2617.0,BTU
2024-05-06 13:01:00,22.056,22.056,22.051,22.051,801.0,BTU
2024-05-06 13:00:00,22.056,22.066,22.056,22.066,1222.0,BTU
2024-05-06 12:59:00,22.056,22.056,22.046,22.046,1482.0,BTU
2024-05-06 12:58:00,22.086,22.086,22.061,22.061,5507.0,BTU
2024-05-06 12:57:00,22.074,22.081,22.074,22.076,4743.0,BTU
2024-05-06 12:56:00,22.055,22.071,22.055,22.071,2136.0,BTU
2024-05-06 12:55:00,22.037,22.051,22.037,22.051,5357.0,BTU
2024-05-06 12:54:00,22.017,22.027,22.017,22.027,4335.0,BTU
2024-05-06 12:53:00,22.012,22.012,22.007,22.012,1680.0,BTU
2024-05-06 12:52:00,22.011,22.012,22.007,22.012,1309.0,BTU
2024-05-06 12:51:00,22.027,22.027,22.017,22.017,1747.0,BTU
2024-05-06 12:50:00,22.027,22.027,22.027,22.027,500.0,BTU
2024-05-06 12:49:00,22.007,22.017,22.007,22.017,987.0,BTU
2024-05-06 12:48:00,21.997,22.007,21.997,22.007,1217.0,BTU
2024-05-06 12:47:00,22.007,22.007,21.987,21.987,2800.0,BTU
2024-05-06 12:46:00,21.987,22.007,21.982,21.997,2871.0,BTU
2024-05-06 12:45:00,21.982,21.987,21.982,21.987,3671.0,BTU
2024-05-06 12:44:00,21.997,22.002,21.977,21.977,3730.0,BTU
2024-05-06 12:43:00,22.027,22.027,22.007,22.007,3479.0,BTU
2024-05-06 12:42:00,21.997,22.046,21.987,22.037,47003.0,BTU
2024-05-06 12:41:00,22.002,22.002,21.997,21.997,608.0,BTU
2024-05-06 12:40:00,22.007,22.007,22.002,22.002,1983.0,BTU
2024-05-06 12:39:00,22.007,22.022,22.007,22.017,2159.0,BTU
2024-05-06 12:38:00,21.972,21.997,21.967,21.997,8081.0,BTU
2024-05-06 12:37:00,21.947,21.977,21.947,21.972,3540.0,BTU
2024-05-06 12:36:00,21.942,21.952,21.942,21.947,1277.0,BTU
2024-05-06 12:35:00,21.897,21.947,21.897,21.947,4050.0,BTU
2024-05-06 12:34:00,21.919,21.919,21.897,21.897,2287.0,BTU
2024-05-06 12:33:00,21.907,21.922,21.907,21.922,2877.0,BTU
2024-05-06 12:32:00,21.907,21.907,21.887,21.907,6534.0,BTU
2024-05-06 12:31:00,21.909,21.909,21.907,21.907,2201.0,BTU
2024-05-06 12:30:00,21.907,21.907,21.907,21.907,138.0,BTU
2024-05-06 12:29:00,21.919,21.919,21.907,21.912,1592.0,BTU
2024-05-06 12:28:00,21.927,21.932,21.922,21.927,13482.0,BTU
2024-05-06 12:27:00,21.922,21.922,21.917,21.922,1137.0,BTU
2024-05-06 12:26:00,21.917,21.917,21.907,21.917,2449.0,BTU
2024-05-06 12:25:00,21.917,21.922,21.917,21.917,2596.0,BTU
2024-05-06 12:24:00,21.912,21.912,21.907,21.912,1349.0,BTU
2024-05-06 12:23:00,21.917,21.917,21.907,21.912,1629.0,BTU
2024-05-06 12:22:00,21.917,21.917,21.917,21.917,162.0,BTU
2024-05-06 12:21:00,21.927,21.931,21.917,21.917,3550.0,BTU
2024-05-06 12:20:00,21.912,21.937,21.912,21.937,2681.0,BTU
2024-05-06 12:19:00,21.937,21.937,21.907,21.915,2841.0,BTU
2024-05-06 12:18:00,21.942,21.942,21.942,21.942,983.0,BTU
2024-05-06 12:17:00,21.947,21.947,21.937,21.941,4584.0,BTU
2024-05-06 12:16:00,21.927,21.967,21.927,21.947,10286.0,BTU
2024-05-06 12:15:00,21.937,21.942,21.922,21.922,8269.0,BTU
2024-05-06 12:14:00,21.937,21.937,21.937,21.937,743.0,BTU
2024-05-06 12:13:00,21.927,21.937,21.927,21.937,7781.0,BTU
2024-05-06 12:12:00,21.917,21.922,21.917,21.922,1791.0,BTU
2024-05-06 12:11:00,21.917,21.917,21.917,21.917,1154.0,BTU
2024-05-06 12:10:00,21.927,21.937,21.922,21.922,4406.0,BTU
2024-05-06 12:09:00,21.932,21.932,21.927,21.927,1134.0,BTU
2024-05-06 12:08:00,21.937,21.937,21.927,21.927,2614.0,BTU
2024-05-06 12:07:00,21.937,21.937,21.922,21.927,3044.0,BTU
2024-05-06 12:06:00,21.927,21.942,21.927,21.942,3463.0,BTU
2024-05-06 12:05:00,21.917,21.922,21.912,21.922,3132.0,BTU
2024-05-06 12:04:00,21.917,21.917,21.917,21.917,1292.0,BTU
2024-05-06 12:03:00,21.922,21.922,21.917,21.922,1688.0,BTU
2024-05-06 12:02:00,21.927,21.932,21.922,21.927,4201.0,BTU
2024-05-06 12:01:00,21.932,21.942,21.932,21.932,3575.0,BTU
2024-05-06 12:00:00,21.937,21.937,21.932,21.932,1407.0,BTU
2024-05-06 11:59:00,21.917,21.947,21.917,21.942,5398.0,BTU
2024-05-06 11:58:00,21.947,21.947,21.922,21.927,8380.0,BTU
2024-05-06 11:57:00,21.957,21.957,21.942,21.942,3851.0,BTU
2024-05-06 11:56:00,21.968,21.972,21.967,21.967,3429.0,BTU
2024-05-06 11:55:00,21.947,21.967,21.947,21.962,4098.0,BTU
2024-05-06 11:54:00,21.952,21.952,21.947,21.947,987.0,BTU
2024-05-06 11:53:00,21.952,21.952,21.952,21.952,1016.0,BTU
2024-05-06 11:52:00,21.972,21.972,21.947,21.947,3774.0,BTU
2024-05-06 11:51:00,21.972,21.972,21.972,21.972,670.0,BTU
2024-05-06 11:50:00,21.977,21.987,21.972,21.977,10975.0,BTU
2024-05-06 11:49:00,21.992,21.997,21.987,21.987,3126.0,BTU
2024-05-06 11:48:00,22.002,22.002,21.997,21.997,1890.0,BTU
2024-05-06 11:47:00,21.997,22.002,21.992,21.997,1711.0,BTU
2024-05-06 11:46:00,22.012,22.017,21.997,21.997,2239.0,BTU
2024-05-06 11:45:00,22.002,22.017,22.002,22.017,1443.0,BTU
2024-05-06 11:44:00,21.997,22.007,21.997,22.007,1952.0,BTU
2024-05-06 11:43:00,21.997,21.997,21.987,21.992,1708.0,BTU
2024-05-06 11:42:00,22.002,22.002,21.997,21.997,1005.0,BTU
2024-05-06 11:41:00,21.972,22.007,21.972,22.007,2593.0,BTU
2024-05-06 11:40:00,21.987,21.987,21.967,21.967,4585.0,BTU
2024-05-06 11:39:00,21.992,21.992,21.992,21.992,392.0,BTU
2024-05-06 11:38:00,21.977,21.987,21.977,21.987,2039.0,BTU
2024-05-06 11:37:00,21.957,21.972,21.957,21.969,3793.0,BTU
2024-05-06 11:36:00,21.972,21.992,21.957,21.967,3987.0,BTU
2024-05-06 11:35:00,21.987,21.987,21.972,21.972,2337.0,BTU
2024-05-06 11:34:00,21.992,21.992,21.992,21.992,259.0,BTU
2024-05-06 11:33:00,21.957,21.987,21.957,21.987,2774.0,BTU
2024-05-06 11:32:00,21.957,21.967,21.957,21.962,2520.0,BTU
2024-05-06 11:31:00,21.972,21.972,21.957,21.957,1542.0,BTU
2024-05-06 11:30:00,21.992,21.992,21.967,21.977,6934.0,BTU
2024-05-06 11:29:00,22.002,22.002,21.992,21.997,3694.0,BTU
2024-05-06 11:28:00,22.007,22.007,21.997,22.002,1126.0,BTU
2024-05-06 11:27:00,22.007,22.007,22.002,22.002,2071.0,BTU
2024-05-06 11:26:00,22.012,22.012,22.012,22.012,307.0,BTU
2024-05-06 11:25:00,21.997,22.017,21.987,22.017,4662.0,BTU
2024-05-06 11:24:00,22.007,22.007,22.002,22.002,1600.0,BTU
2024-05-06 11:23:00,21.992,22.017,21.992,22.017,4260.0,BTU
2024-05-06 11:22:00,21.987,21.987,21.987,21.987,362.0,BTU
2024-05-06 11:21:00,21.997,21.997,21.987,21.987,1045.0,BTU
2024-05-06 11:20:00,22.017,22.017,21.987,21.997,5520.0,BTU
2024-05-06 11:19:00,22.027,22.027,22.017,22.022,1232.0,BTU
2024-05-06 11:18:00,22.041,22.041,22.032,22.037,1883.0,BTU
2024-05-06 11:17:00,22.032,22.041,22.027,22.041,2060.0,BTU
2024-05-06 11:16:00,22.056,22.076,22.046,22.046,1844.0,BTU
2024-05-06 11:15:00,22.061,22.061,22.056,22.056,1731.0,BTU
2024-05-06 11:14:00,22.051,22.066,22.046,22.061,4373.0,BTU
2024-05-06 11:13:00,22.046,22.051,22.046,22.046,923.0,BTU
2024-05-06 11:12:00,22.056,22.056,22.032,22.037,1651.0,BTU
2024-05-06 11:11:00,22.056,22.056,22.051,22.056,2022.0,BTU
2024-05-06 11:10:00,22.066,22.066,22.056,22.061,2039.0,BTU
2024-05-06 11:09:00,22.056,22.066,22.041,22.066,2463.0,BTU
2024-05-06 11:08:00,22.046,22.076,22.046,22.061,3025.0,BTU
2024-05-06 11:07:00,22.037,22.051,22.037,22.041,1614.0,BTU
2024-05-06 11:06:00,22.002,22.037,21.997,22.037,3592.0,BTU
2024-05-06 11:05:00,21.992,22.002,21.992,22.002,2121.0,BTU
2024-05-06 11:04:00,22.017,22.022,21.997,21.997,3315.0,BTU
2024-05-06 11:03:00,22.007,22.012,21.997,22.012,1883.0,BTU
2024-05-06 11:02:00,22.017,22.017,22.002,22.008,3027.0,BTU
2024-05-06 11:01:00,22.017,22.017,22.017,22.017,427.0,BTU
2024-05-06 11:00:00,21.997,22.027,21.997,22.027,5575.0,BTU
2024-05-06 10:59:00,22.007,22.007,21.997,22.002,1005.0,BTU
2024-05-06 10:58:00,21.992,22.017,21.992,22.012,1870.0,BTU
2024-05-06 10:57:00,21.997,22.007,21.997,21.997,925.0,BTU
2024-05-06 10:56:00,22.056,22.056,22.017,22.017,3060.0,BTU
2024-05-06 10:55:00,22.01,22.061,21.997,22.061,2639.0,BTU
2024-05-06 10:54:00,22.012,22.012,21.987,22.007,4113.0,BTU
2024-05-06 10:53:00,22.032,22.032,22.007,22.017,1029.0,BTU
2024-05-06 10:52:00,22.027,22.032,22.017,22.027,2424.0,BTU
2024-05-06 10:51:00,22.017,22.041,22.017,22.037,2575.0,BTU
2024-05-06 10:50:00,22.066,22.066,22.027,22.027,6615.0,BTU
2024-05-06 10:49:00,22.116,22.121,22.066,22.066,3140.0,BTU
2024-05-06 10:48:00,22.121,22.121,22.116,22.116,1099.0,BTU
2024-05-06 10:47:00,22.176,22.181,22.126,22.126,9153.0,BTU
2024-05-06 10:46:00,22.176,22.183,22.176,22.181,1225.0,BTU
2024-05-06 10:45:00,22.171,22.181,22.166,22.166,2213.0,BTU
2024-05-06 10:44:00,22.196,22.201,22.186,22.186,1527.0,BTU
2024-05-06 10:43:00,22.227,22.236,22.201,22.201,4412.0,BTU
2024-05-06 10:42:00,22.181,22.236,22.181,22.236,5751.0,BTU
2024-05-06 10:41:00,22.186,22.186,22.166,22.181,5903.0,BTU
2024-05-06 10:40:00,22.176,22.201,22.176,22.196,8859.0,BTU
2024-05-06 10:39:00,22.166,22.171,22.161,22.171,2602.0,BTU
2024-05-06 10:38:00,22.186,22.191,22.166,22.166,7982.0,BTU
2024-05-06 10:37:00,22.181,22.181,22.176,22.181,611.0,BTU
2024-05-06 10:36:00,22.181,22.191,22.181,22.181,2121.0,BTU
2024-05-06 10:35:00,22.201,22.206,22.181,22.181,7750.0,BTU
2024-05-06 10:34:00,22.201,22.211,22.196,22.201,11395.0,BTU
2024-05-06 10:33:00,22.201,22.201,22.201,22.201,1353.0,BTU
2024-05-06 10:32:00,22.206,22.206,22.186,22.201,6564.0,BTU
2024-05-06 10:31:00,22.226,22.226,22.211,22.211,736.0,BTU
2024-05-06 10:30:00,22.221,22.226,22.206,22.216,8056.0,BTU
2024-05-06 10:29:00,22.216,22.216,22.216,22.216,1389.0,BTU
2024-05-06 10:28:00,22.246,22.256,22.186,22.216,16584.0,BTU
2024-05-06 10:27:00,22.241,22.251,22.231,22.251,3150.0,BTU
2024-05-06 10:26:00,22.256,22.256,22.236,22.236,2237.0,BTU
2024-05-06 10:25:00,22.251,22.256,22.246,22.256,7250.0,BTU
2024-05-06 10:24:00,22.246,22.256,22.246,22.253,3392.0,BTU
2024-05-06 10:23:00,22.226,22.241,22.226,22.241,4662.0,BTU
2024-05-06 10:22:00,22.201,22.216,22.201,22.216,2260.0,BTU
2024-05-06 10:21:00,22.216,22.221,22.201,22.201,4794.0,BTU
2024-05-06 10:20:00,22.181,22.226,22.176,22.216,4158.0,BTU
2024-05-06 10:19:00,22.196,22.196,22.176,22.186,895.0,BTU
2024-05-06 10:18:00,22.206,22.226,22.206,22.206,2614.0,BTU
2024-05-06 10:17:00,22.161,22.196,22.146,22.196,7282.0,BTU
2024-05-06 10:16:00,22.166,22.166,22.161,22.161,3504.0,BTU
2024-05-06 10:15:00,22.156,22.166,22.146,22.146,1113.0,BTU
2024-05-06 10:14:00,22.121,22.156,22.121,22.156,4957.0,BTU
2024-05-06 10:13:00,22.111,22.121,22.096,22.121,2808.0,BTU
2024-05-06 10:12:00,22.081,22.126,22.076,22.111,8672.0,BTU
2024-05-06 10:11:00,22.076,22.081,22.076,22.081,371.0,BTU
2024-05-06 10:10:00,22.096,22.101,22.076,22.076,2489.0,BTU
2024-05-06 10:09:00,22.066,22.096,22.066,22.096,2966.0,BTU
2024-05-06 10:08:00,22.116,22.116,22.066,22.066,2021.0,BTU
2024-05-06 10:07:00,22.121,22.121,22.116,22.121,771.0,BTU
2024-05-06 10:06:00,22.081,22.126,22.081,22.121,3241.0,BTU
2024-05-06 10:05:00,22.096,22.121,22.086,22.086,6826.0,BTU
2024-05-06 10:04:00,22.111,22.111,22.101,22.101,7575.0,BTU
2024-05-06 10:03:00,22.111,22.111,22.106,22.111,1035.0,BTU
2024-05-06 10:02:00,22.096,22.111,22.096,22.108,4268.0,BTU
2024-05-06 10:01:00,22.066,22.096,22.066,22.096,2515.0,BTU
2024-05-06 10:00:00,22.101,22.101,22.066,22.066,5724.0,BTU
2024-05-06 09:59:00,22.106,22.116,22.106,22.106,3811.0,BTU
2024-05-06 09:58:00,22.126,22.126,22.096,22.096,3289.0,BTU
2024-05-06 09:57:00,22.106,22.136,22.101,22.136,4323.0,BTU
2024-05-06 09:56:00,22.136,22.136,22.101,22.101,6283.0,BTU
2024-05-06 09:55:00,22.136,22.141,22.136,22.136,1885.0,BTU
2024-05-06 09:54:00,22.171,22.196,22.136,22.136,15774.0,BTU
2024-05-06 09:53:00,22.171,22.171,22.151,22.166,4801.0,BTU
2024-05-06 09:52:00,22.151,22.176,22.151,22.176,2750.0,BTU
2024-05-06 09:51:00,22.126,22.146,22.111,22.146,3748.0,BTU
2024-05-06 09:50:00,22.126,22.146,22.116,22.116,4142.0,BTU
2024-05-06 09:49:00,22.152,22.156,22.121,22.121,6505.0,BTU
2024-05-06 09:48:00,22.156,22.156,22.141,22.147,5107.0,BTU
2024-05-06 09:47:00,22.146,22.176,22.146,22.166,3149.0,BTU
2024-05-06 09:46:00,22.2,22.2,22.151,22.151,4086.0,BTU
2024-05-06 09:45:00,22.226,22.226,22.186,22.196,9537.0,BTU
2024-05-06 09:44:00,22.176,22.226,22.171,22.226,49402.0,BTU
2024-05-06 09:43:00,22.206,22.206,22.176,22.186,572.0,BTU
2024-05-06 09:42:00,22.226,22.226,22.186,22.216,10577.0,BTU
2024-05-06 09:41:00,22.236,22.236,22.226,22.236,2488.0,BTU
2024-05-06 09:40:00,22.211,22.286,22.211,22.226,15594.0,BTU
2024-05-06 09:39:00,22.096,22.216,22.096,22.206,5066.0,BTU
2024-05-06 09:38:00,22.086,22.116,22.051,22.096,10338.0,BTU
2024-05-06 09:37:00,22.017,22.076,22.007,22.066,25571.0,BTU
2024-05-06 09:36:00,21.887,22.017,21.887,21.997,6752.0,BTU
2024-05-06 09:35:00,21.857,21.917,21.817,21.858,6067.0,BTU
2024-05-06 09:34:00,21.777,21.817,21.7,21.817,9078.0,BTU
2024-05-06 09:33:00,21.847,21.857,21.757,21.762,4728.0,BTU
2024-05-06 09:32:00,21.897,21.947,21.807,21.807,9428.0,BTU
2024-05-06 09:31:00,22.022,22.022,21.893,21.937,9116.0,BTU
2024-05-06 09:30:00,22.126,22.206,22.017,22.017,21839.0,BTU
2024-05-06 09:13:00,22.086,22.086,21.997,22.007,884.0,BTU
2024-05-06 09:01:00,21.997,21.997,21.997,21.997,457.0,BTU
2024-05-06 08:38:00,21.987,21.987,21.987,21.987,0.0,BTU
2024-05-06 08:35:00,22.286,22.286,22.286,22.286,144.0,BTU
2024-05-06 08:32:00,22.326,22.326,22.326,22.326,1.0,BTU
2024-05-06 08:25:00,22.306,22.306,22.306,22.306,240.0,BTU
2024-05-06 08:16:00,22.306,22.306,22.306,22.306,240.0,BTU
2024-05-06 08:15:00,22.306,22.306,22.256,22.306,1265.0,BTU
2024-05-06 08:14:00,22.206,22.226,22.206,22.226,108.0,BTU
2024-05-06 08:13:00,22.206,22.206,22.206,22.206,96.0,BTU
2024-05-06 08:00:00,22.126,22.126,22.126,22.126,1443.0,BTU
2024-05-06 07:46:00,22.116,22.116,22.116,22.116,10.0,BTU
2024-05-06 07:37:00,22.126,22.126,22.126,22.126,167.0,BTU
2024-05-06 07:20:00,22.126,22.126,22.126,22.126,8.0,BTU
2024-05-06 06:08:00,22.126,22.126,22.126,22.126,0.0,BTU
2024-05-06 05:26:00,22.176,22.176,22.176,22.176,19.0,BTU
2024-05-06 04:00:00,22.196,22.196,22.196,22.196,0.0,BTU
2024-05-03 19:00:00,21.977,21.977,21.977,21.977,288767.0,BTU
2024-05-03 18:30:00,21.977,21.977,21.977,21.977,288767.0,BTU
2024-05-03 18:12:00,22.075,22.075,22.075,22.075,1.0,BTU
2024-05-03 17:37:00,22.066,22.066,22.066,22.066,0.0,BTU
2024-05-03 17:36:00,22.076,22.076,22.076,22.076,481.0,BTU
2024-05-03 16:42:00,21.659,21.659,21.659,21.659,0.0,BTU
2024-05-03 16:20:00,21.977,21.977,21.977,21.977,78.0,BTU
2024-05-03 16:15:00,22.095,22.095,22.095,22.095,0.0,BTU
2024-05-03 16:10:00,21.977,21.977,21.977,21.977,288767.0,BTU
2024-05-03 16:09:00,21.957,21.957,21.957,21.957,140.0,BTU
2024-05-03 16:02:00,21.977,21.977,21.977,21.977,1768.0,BTU
2024-05-03 16:01:00,21.977,21.977,21.977,21.977,4955.0,BTU
2024-05-03 16:00:00,21.987,21.992,21.967,21.977,884451.0,BTU
2024-05-03 15:59:00,22.022,22.027,21.977,21.977,146918.0,BTU
2024-05-03 15:58:00,22.032,22.032,22.017,22.022,45337.0,BTU
2024-05-03 15:57:00,22.051,22.056,22.027,22.032,42046.0,BTU
2024-05-03 15:56:00,22.071,22.076,22.037,22.056,40358.0,BTU
2024-05-03 15:55:00,22.081,22.086,22.066,22.071,37760.0,BTU
2024-05-03 15:54:00,22.091,22.091,22.076,22.086,21031.0,BTU
2024-05-03 15:53:00,22.126,22.126,22.086,22.091,29919.0,BTU
2024-05-03 15:52:00,22.106,22.121,22.106,22.121,21435.0,BTU
2024-05-03 15:51:00,22.106,22.114,22.096,22.101,21286.0,BTU
2024-05-03 15:50:00,22.081,22.106,22.081,22.106,11763.0,BTU
2024-05-03 15:49:00,22.101,22.101,22.076,22.081,12618.0,BTU
2024-05-03 15:48:00,22.076,22.106,22.076,22.106,18748.0,BTU
2024-05-03 15:47:00,22.071,22.086,22.071,22.076,15369.0,BTU
2024-05-03 15:46:00,22.076,22.076,22.066,22.071,6987.0,BTU
2024-05-03 15:45:00,22.076,22.081,22.061,22.071,11736.0,BTU
2024-05-03 15:44:00,22.071,22.076,22.066,22.076,12423.0,BTU
2024-05-03 15:43:00,22.061,22.071,22.046,22.071,14369.0,BTU
2024-05-03 15:42:00,22.064,22.066,22.056,22.061,5098.0,BTU
2024-05-03 15:41:00,22.056,22.061,22.051,22.061,10156.0,BTU
2024-05-03 15:40:00,22.051,22.051,22.051,22.051,949.0,BTU
2024-05-03 15:39:00,22.046,22.051,22.046,22.051,7236.0,BTU
2024-05-03 15:38:00,22.032,22.046,22.032,22.041,4963.0,BTU
2024-05-03 15:37:00,22.027,22.032,22.022,22.032,4020.0,BTU
2024-05-03 15:36:00,22.032,22.032,22.017,22.032,5841.0,BTU
2024-05-03 15:35:00,22.037,22.041,22.027,22.027,10209.0,BTU
2024-05-03 15:34:00,22.037,22.041,22.032,22.041,6405.0,BTU
2024-05-03 15:33:00,22.046,22.051,22.037,22.045,6443.0,BTU
2024-05-03 15:32:00,22.106,22.106,22.056,22.056,14480.0,BTU
2024-05-03 15:31:00,22.096,22.101,22.096,22.101,3167.0,BTU
2024-05-03 15:30:00,22.081,22.086,22.076,22.086,9410.0,BTU
2024-05-03 15:29:00,22.066,22.083,22.061,22.083,7606.0,BTU
2024-05-03 15:28:00,22.071,22.076,22.066,22.067,10063.0,BTU
2024-05-03 15:27:00,22.066,22.076,22.056,22.076,8699.0,BTU
2024-05-03 15:26:00,22.056,22.061,22.056,22.061,1100.0,BTU
2024-05-03 15:25:00,22.037,22.056,22.037,22.055,2062.0,BTU
2024-05-03 15:24:00,22.027,22.032,22.017,22.032,3604.0,BTU
2024-05-03 15:23:00,22.032,22.037,22.022,22.037,16763.0,BTU
2024-05-03 15:22:00,22.027,22.037,22.027,22.037,2278.0,BTU
2024-05-03 15:21:00,22.017,22.022,22.017,22.022,2413.0,BTU
2024-05-03 15:20:00,22.027,22.032,22.012,22.012,4036.0,BTU
2024-05-03 15:19:00,22.012,22.037,22.007,22.037,3955.0,BTU
2024-05-03 15:18:00,22.007,22.007,22.007,22.007,284.0,BTU
2024-05-03 15:17:00,22.027,22.027,22.017,22.017,7246.0,BTU
2024-05-03 15:16:00,22.046,22.051,22.037,22.037,5715.0,BTU
2024-05-03 15:15:00,22.037,22.056,22.037,22.051,7224.0,BTU
2024-05-03 15:14:00,22.034,22.041,22.032,22.037,3638.0,BTU
2024-05-03 15:13:00,22.032,22.037,22.032,22.037,305.0,BTU
2024-05-03 15:12:00,22.027,22.041,22.022,22.037,8888.0,BTU
2024-05-03 15:11:00,22.002,22.017,21.997,22.017,3471.0,BTU
2024-05-03 15:10:00,21.972,22.002,21.972,22.002,2809.0,BTU
2024-05-03 15:09:00,21.967,21.987,21.967,21.977,3945.0,BTU
2024-05-03 15:08:00,21.957,21.962,21.957,21.957,860.0,BTU
2024-05-03 15:07:00,21.997,21.997,21.957,21.957,4862.0,BTU
2024-05-03 15:06:00,21.982,22.002,21.977,21.997,10154.0,BTU
2024-05-03 15:05:00,21.968,21.987,21.968,21.982,4553.0,BTU
2024-05-03 15:04:00,21.952,21.977,21.937,21.971,18732.0,BTU
2024-05-03 15:03:00,21.947,21.967,21.942,21.952,14523.0,BTU
2024-05-03 15:02:00,21.942,21.947,21.932,21.942,5424.0,BTU
2024-05-03 15:01:00,21.942,21.947,21.942,21.942,5473.0,BTU
2024-05-03 15:00:00,21.952,21.962,21.937,21.942,8516.0,BTU
2024-05-03 14:59:00,21.927,21.957,21.922,21.957,5623.0,BTU
2024-05-03 14:58:00,21.942,21.942,21.927,21.927,4703.0,BTU
2024-05-03 14:57:00,21.937,21.942,21.932,21.942,6514.0,BTU
2024-05-03 14:56:00,21.932,21.942,21.928,21.937,4184.0,BTU
2024-05-03 14:55:00,21.897,21.927,21.897,21.927,7854.0,BTU
2024-05-03 14:54:00,21.932,21.932,21.907,21.907,4186.0,BTU
2024-05-03 14:53:00,21.917,21.937,21.917,21.937,5340.0,BTU
2024-05-03 14:52:00,21.922,21.922,21.917,21.922,1684.0,BTU
2024-05-03 14:51:00,21.912,21.922,21.902,21.917,5300.0,BTU
2024-05-03 14:50:00,21.927,21.927,21.912,21.912,3421.0,BTU
2024-05-03 14:49:00,21.932,21.937,21.932,21.932,2551.0,BTU
2024-05-03 14:48:00,21.942,21.967,21.927,21.932,10958.0,BTU
2024-05-03 14:47:00,21.932,21.942,21.927,21.942,2948.0,BTU
2024-05-03 14:46:00,21.912,21.937,21.912,21.927,7146.0,BTU
2024-05-03 14:45:00,21.907,21.912,21.907,21.907,901.0,BTU
2024-05-03 14:44:00,21.912,21.912,21.912,21.912,126.0,BTU
2024-05-03 14:43:00,21.932,21.932,21.907,21.907,1706.0,BTU
2024-05-03 14:42:00,21.917,21.932,21.917,21.932,3632.0,BTU
2024-05-03 14:41:00,21.947,21.957,21.922,21.927,6738.0,BTU
2024-05-03 14:40:00,21.917,21.942,21.917,21.942,7244.0,BTU
2024-05-03 14:39:00,21.917,21.922,21.907,21.917,4348.0,BTU
2024-05-03 14:38:00,21.937,21.937,21.907,21.917,9246.0,BTU
2024-05-03 14:37:00,21.972,21.972,21.922,21.942,17966.0,BTU
2024-05-03 14:36:00,22.007,22.007,21.972,21.972,7827.0,BTU
2024-05-03 14:35:00,22.007,22.017,22.007,22.007,5543.0,BTU
2024-05-03 14:34:00,21.992,22.007,21.977,22.007,5901.0,BTU
2024-05-03 14:33:00,21.997,21.997,21.982,21.987,4663.0,BTU
2024-05-03 14:32:00,22.012,22.012,22.002,22.002,2693.0,BTU
2024-05-03 14:31:00,21.947,22.012,21.947,22.012,9023.0,BTU
2024-05-03 14:30:00,21.937,21.942,21.937,21.942,762.0,BTU
2024-05-03 14:29:00,21.947,21.947,21.937,21.942,1997.0,BTU
2024-05-03 14:28:00,21.917,21.962,21.917,21.962,10163.0,BTU
2024-05-03 14:27:00,21.927,21.932,21.917,21.922,4992.0,BTU
2024-05-03 14:26:00,21.952,21.957,21.927,21.927,8273.0,BTU
2024-05-03 14:25:00,21.947,21.967,21.947,21.952,3352.0,BTU
2024-05-03 14:24:00,21.917,21.942,21.917,21.942,16154.0,BTU
2024-05-03 14:23:00,21.917,21.917,21.917,21.917,509.0,BTU
2024-05-03 14:22:00,21.922,21.922,21.917,21.922,4003.0,BTU
2024-05-03 14:21:00,21.927,21.932,21.922,21.927,4105.0,BTU
2024-05-03 14:20:00,21.937,21.942,21.932,21.932,5664.0,BTU
2024-05-03 14:19:00,21.942,21.942,21.942,21.942,232.0,BTU
2024-05-03 14:18:00,21.937,21.957,21.932,21.944,9721.0,BTU
2024-05-03 14:17:00,21.922,21.937,21.917,21.937,5243.0,BTU
2024-05-03 14:16:00,21.922,21.932,21.922,21.932,2374.0,BTU
2024-05-03 14:15:00,21.932,21.947,21.927,21.927,6822.0,BTU
2024-05-03 14:14:00,21.927,21.932,21.927,21.932,5356.0,BTU
2024-05-03 14:13:00,21.932,21.932,21.927,21.932,2287.0,BTU
2024-05-03 14:12:00,21.927,21.937,21.927,21.932,2910.0,BTU
2024-05-03 14:11:00,21.927,21.932,21.922,21.927,1553.0,BTU
2024-05-03 14:10:00,21.927,21.932,21.927,21.932,1161.0,BTU
2024-05-03 14:09:00,21.917,21.922,21.917,21.922,1326.0,BTU
2024-05-03 14:08:00,21.952,21.957,21.917,21.922,9937.0,BTU
2024-05-03 14:07:00,21.927,21.957,21.927,21.957,7360.0,BTU
2024-05-03 14:06:00,21.937,21.937,21.927,21.937,2055.0,BTU
2024-05-03 14:05:00,21.927,21.937,21.927,21.937,2364.0,BTU
2024-05-03 14:04:00,21.917,21.932,21.912,21.932,3607.0,BTU
2024-05-03 14:03:00,21.917,21.922,21.912,21.917,3502.0,BTU
2024-05-03 14:02:00,21.927,21.927,21.927,21.927,564.0,BTU
2024-05-03 14:01:00,21.937,21.937,21.922,21.922,2381.0,BTU
2024-05-03 14:00:00,21.917,21.947,21.912,21.947,4816.0,BTU
2024-05-03 13:59:00,21.922,21.922,21.917,21.922,1091.0,BTU
2024-05-03 13:58:00,21.937,21.947,21.923,21.923,9190.0,BTU
2024-05-03 13:57:00,21.917,21.932,21.917,21.932,3727.0,BTU
2024-05-03 13:56:00,21.907,21.927,21.902,21.927,6166.0,BTU
2024-05-03 13:55:00,21.897,21.902,21.897,21.897,905.0,BTU
2024-05-03 13:54:00,21.877,21.892,21.872,21.892,5323.0,BTU
2024-05-03 13:53:00,21.867,21.872,21.862,21.872,2839.0,BTU
2024-05-03 13:51:00,21.862,21.872,21.857,21.872,1911.0,BTU
2024-05-03 13:50:00,21.867,21.867,21.867,21.867,160.0,BTU
2024-05-03 13:49:00,21.862,21.862,21.862,21.862,279.0,BTU
2024-05-03 13:48:00,21.862,21.862,21.862,21.862,212.0,BTU
2024-05-03 13:47:00,21.897,21.897,21.862,21.862,4768.0,BTU
2024-05-03 13:46:00,21.867,21.897,21.867,21.897,2097.0,BTU
2024-05-03 13:45:00,21.852,21.877,21.852,21.872,3914.0,BTU
2024-05-03 13:44:00,21.847,21.857,21.847,21.857,3963.0,BTU
2024-05-03 13:43:00,21.852,21.852,21.852,21.852,552.0,BTU
2024-05-03 13:42:00,21.852,21.852,21.85,21.85,344.0,BTU
2024-05-03 13:41:00,21.827,21.852,21.822,21.852,5335.0,BTU
2024-05-03 13:40:00,21.847,21.847,21.817,21.817,2666.0,BTU
2024-05-03 13:39:00,21.857,21.862,21.852,21.852,2000.0,BTU
2024-05-03 13:38:00,21.862,21.862,21.862,21.862,484.0,BTU
2024-05-03 13:37:00,21.847,21.857,21.847,21.857,1379.0,BTU
2024-05-03 13:35:00,21.842,21.852,21.842,21.847,2306.0,BTU
2024-05-03 13:34:00,21.877,21.877,21.837,21.847,6277.0,BTU
2024-05-03 13:33:00,21.872,21.877,21.872,21.877,1547.0,BTU
2024-05-03 13:32:00,21.867,21.867,21.867,21.867,1696.0,BTU
2024-05-03 13:31:00,21.887,21.891,21.867,21.872,3742.0,BTU
2024-05-03 13:30:00,21.887,21.892,21.887,21.892,906.0,BTU
2024-05-03 13:29:00,21.892,21.892,21.887,21.887,2757.0,BTU
2024-05-03 13:28:00,21.882,21.897,21.882,21.887,2255.0,BTU
2024-05-03 13:27:00,21.877,21.892,21.877,21.882,2076.0,BTU
2024-05-03 13:26:00,21.867,21.877,21.857,21.872,1935.0,BTU
2024-05-03 13:25:00,21.877,21.877,21.862,21.862,2969.0,BTU
2024-05-03 13:24:00,21.886,21.886,21.882,21.882,386.0,BTU
2024-05-03 13:23:00,21.877,21.882,21.877,21.882,1350.0,BTU
2024-05-03 13:22:00,21.907,21.912,21.882,21.882,3501.0,BTU
2024-05-03 13:21:00,21.892,21.897,21.892,21.897,3286.0,BTU
2024-05-03 13:20:00,21.897,21.897,21.877,21.892,4784.0,BTU
2024-05-03 13:19:00,21.912,21.912,21.902,21.907,2473.0,BTU
2024-05-03 13:18:00,21.897,21.917,21.897,21.907,3739.0,BTU
2024-05-03 13:17:00,21.917,21.917,21.887,21.897,4463.0,BTU
2024-05-03 13:16:00,21.927,21.937,21.922,21.922,10142.0,BTU
2024-05-03 13:15:00,21.932,21.932,21.932,21.932,617.0,BTU
2024-05-03 13:14:00,21.887,21.932,21.887,21.932,11152.0,BTU
2024-05-03 13:13:00,21.887,21.887,21.887,21.887,949.0,BTU
2024-05-03 13:12:00,21.897,21.902,21.892,21.892,3085.0,BTU
2024-05-03 13:11:00,21.892,21.897,21.877,21.892,3971.0,BTU
2024-05-03 13:10:00,21.907,21.907,21.887,21.892,3232.0,BTU
2024-05-03 13:09:00,21.902,21.907,21.897,21.907,5146.0,BTU
2024-05-03 13:08:00,21.917,21.917,21.907,21.907,1864.0,BTU
2024-05-03 13:07:00,21.937,21.937,21.922,21.922,5039.0,BTU
2024-05-03 13:06:00,21.942,21.947,21.932,21.932,3370.0,BTU
2024-05-03 13:05:00,21.957,21.957,21.947,21.947,2858.0,BTU
2024-05-03 13:04:00,21.942,21.967,21.942,21.967,4205.0,BTU
2024-05-03 13:03:00,21.987,21.987,21.946,21.947,7014.0,BTU
2024-05-03 13:02:00,21.957,21.987,21.957,21.987,5886.0,BTU
2024-05-03 13:01:00,21.952,21.952,21.952,21.952,214.0,BTU
2024-05-03 13:00:00,21.957,21.967,21.957,21.957,2207.0,BTU
2024-05-03 12:59:00,21.967,21.967,21.957,21.957,1730.0,BTU
2024-05-03 12:58:00,21.947,21.977,21.947,21.967,1809.0,BTU
2024-05-03 12:57:00,21.957,21.967,21.937,21.942,3346.0,BTU
2024-05-03 12:56:00,21.977,21.992,21.957,21.977,8964.0,BTU
2024-05-03 12:55:00,21.977,21.977,21.977,21.977,350.0,BTU
2024-05-03 12:54:00,21.987,21.987,21.972,21.977,1676.0,BTU
2024-05-03 12:53:00,21.982,21.992,21.972,21.992,7550.0,BTU
2024-05-03 12:52:00,21.937,21.987,21.927,21.982,8250.0,BTU
2024-05-03 12:51:00,21.922,21.932,21.922,21.932,1671.0,BTU
2024-05-03 12:50:00,21.917,21.927,21.917,21.927,1868.0,BTU
2024-05-03 12:49:00,21.917,21.926,21.912,21.926,2096.0,BTU
2024-05-03 12:48:00,21.907,21.927,21.907,21.917,1944.0,BTU
2024-05-03 12:47:00,21.937,21.947,21.897,21.902,7735.0,BTU
2024-05-03 12:45:00,21.917,21.944,21.917,21.944,1104.0,BTU
2024-05-03 12:44:00,21.942,21.942,21.917,21.917,2638.0,BTU
2024-05-03 12:43:00,21.937,21.942,21.917,21.942,5728.0,BTU
2024-05-03 12:42:00,21.928,21.942,21.928,21.941,2983.0,BTU
2024-05-03 12:41:00,21.912,21.927,21.902,21.927,4015.0,BTU
2024-05-03 12:40:00,21.927,21.927,21.917,21.917,2438.0,BTU
2024-05-03 12:39:00,21.917,21.942,21.917,21.932,6632.0,BTU
2024-05-03 12:38:00,21.887,21.917,21.887,21.909,4098.0,BTU
2024-05-03 12:37:00,21.872,21.882,21.867,21.882,5745.0,BTU
2024-05-03 12:36:00,21.852,21.882,21.852,21.872,4388.0,BTU
2024-05-03 12:35:00,21.847,21.857,21.847,21.852,2293.0,BTU
2024-05-03 12:34:00,21.857,21.857,21.847,21.847,1526.0,BTU
2024-05-03 12:33:00,21.832,21.852,21.832,21.852,2314.0,BTU
2024-05-03 12:32:00,21.837,21.837,21.827,21.827,4365.0,BTU
2024-05-03 12:31:00,21.837,21.837,21.837,21.837,1553.0,BTU
2024-05-03 12:30:00,21.862,21.862,21.837,21.837,6085.0,BTU
2024-05-03 12:29:00,21.877,21.877,21.862,21.862,2550.0,BTU
2024-05-03 12:28:00,21.877,21.887,21.877,21.887,3029.0,BTU
2024-05-03 12:27:00,21.877,21.887,21.872,21.872,2683.0,BTU
2024-05-03 12:26:00,21.857,21.867,21.857,21.867,1432.0,BTU
2024-05-03 12:25:00,21.827,21.852,21.827,21.852,1614.0,BTU
2024-05-03 12:24:00,21.827,21.827,21.822,21.822,378.0,BTU
2024-05-03 12:23:00,21.827,21.837,21.827,21.827,2034.0,BTU
2024-05-03 12:22:00,21.857,21.857,21.822,21.837,5456.0,BTU
2024-05-03 12:21:00,21.842,21.862,21.842,21.852,2521.0,BTU
2024-05-03 12:20:00,21.817,21.842,21.817,21.842,4696.0,BTU
2024-05-03 12:19:00,21.807,21.807,21.807,21.807,156.0,BTU
2024-05-03 12:18:00,21.822,21.822,21.807,21.807,2707.0,BTU
2024-05-03 12:17:00,21.847,21.847,21.817,21.817,12535.0,BTU
2024-05-03 12:15:00,21.877,21.877,21.827,21.842,11738.0,BTU
2024-05-03 12:14:00,21.862,21.882,21.862,21.882,1105.0,BTU
2024-05-03 12:13:00,21.857,21.862,21.857,21.862,1532.0,BTU
2024-05-03 12:12:00,21.867,21.867,21.857,21.862,2624.0,BTU
2024-05-03 12:11:00,21.847,21.887,21.847,21.867,4126.0,BTU
2024-05-03 12:10:00,21.842,21.847,21.837,21.837,2533.0,BTU
2024-05-03 12:09:00,21.862,21.862,21.847,21.847,4110.0,BTU
2024-05-03 12:08:00,21.857,21.877,21.857,21.867,4960.0,BTU
2024-05-03 12:07:00,21.887,21.887,21.847,21.852,3421.0,BTU
2024-05-03 12:06:00,21.837,21.897,21.837,21.893,18659.0,BTU
2024-05-03 12:05:00,21.837,21.837,21.817,21.827,5000.0,BTU
2024-05-03 12:04:00,21.822,21.832,21.817,21.832,2118.0,BTU
2024-05-03 12:03:00,21.817,21.827,21.812,21.822,4480.0,BTU
2024-05-03 12:02:00,21.757,21.807,21.757,21.807,4156.0,BTU
2024-05-03 12:01:00,21.747,21.752,21.728,21.752,2839.0,BTU
2024-05-03 12:00:00,21.752,21.752,21.738,21.747,3999.0,BTU
2024-05-03 11:59:00,21.762,21.772,21.752,21.752,6008.0,BTU
2024-05-03 11:58:00,21.767,21.767,21.757,21.762,3681.0,BTU
2024-05-03 11:57:00,21.757,21.767,21.757,21.767,4114.0,BTU
2024-05-03 11:56:00,21.738,21.757,21.733,21.757,1991.0,BTU
2024-05-03 11:55:00,21.767,21.767,21.738,21.738,3505.0,BTU
2024-05-03 11:54:00,21.747,21.757,21.747,21.757,2435.0,BTU
2024-05-03 11:53:00,21.767,21.767,21.742,21.757,4800.0,BTU
2024-05-03 11:52:00,21.747,21.767,21.747,21.767,1538.0,BTU
2024-05-03 11:51:00,21.738,21.747,21.733,21.742,3520.0,BTU
2024-05-03 11:50:00,21.708,21.738,21.703,21.728,3396.0,BTU
2024-05-03 11:49:00,21.703,21.713,21.703,21.708,6532.0,BTU
2024-05-03 11:48:00,21.752,21.752,21.708,21.708,10659.0,BTU
2024-05-03 11:47:00,21.777,21.777,21.752,21.752,3738.0,BTU
2024-05-03 11:46:00,21.792,21.792,21.772,21.777,3112.0,BTU
2024-05-03 11:45:00,21.782,21.787,21.782,21.787,1902.0,BTU
2024-05-03 11:44:00,21.782,21.782,21.767,21.777,3502.0,BTU
2024-05-03 11:43:00,21.807,21.807,21.777,21.782,7050.0,BTU
2024-05-03 11:42:00,21.832,21.832,21.797,21.802,3342.0,BTU
2024-05-03 11:41:00,21.827,21.837,21.827,21.837,3641.0,BTU
2024-05-03 11:40:00,21.792,21.817,21.787,21.817,3649.0,BTU
2024-05-03 11:39:00,21.812,21.822,21.802,21.802,3771.0,BTU
2024-05-03 11:38:00,21.797,21.807,21.787,21.807,1774.0,BTU
2024-05-03 11:37:00,21.817,21.817,21.772,21.797,7906.0,BTU
2024-05-03 11:36:00,21.827,21.837,21.822,21.822,3437.0,BTU
2024-05-03 11:35:00,21.847,21.847,21.827,21.827,3522.0,BTU
2024-05-03 11:34:00,21.837,21.842,21.827,21.842,4149.0,BTU
2024-05-03 11:33:00,21.867,21.867,21.827,21.837,6082.0,BTU
2024-05-03 11:32:00,21.837,21.867,21.837,21.857,5156.0,BTU
2024-05-03 11:31:00,21.797,21.837,21.797,21.837,4621.0,BTU
2024-05-03 11:30:00,21.807,21.817,21.787,21.792,6171.0,BTU
2024-05-03 11:29:00,21.827,21.842,21.802,21.802,4488.0,BTU
2024-05-03 11:28:00,21.807,21.847,21.807,21.827,13893.0,BTU
2024-05-03 11:27:00,21.792,21.797,21.787,21.797,2105.0,BTU
2024-05-03 11:26:00,21.817,21.827,21.787,21.787,5343.0,BTU
2024-05-03 11:25:00,21.787,21.817,21.777,21.812,4652.0,BTU
2024-05-03 11:24:00,21.797,21.807,21.792,21.802,6871.0,BTU
2024-05-03 11:23:00,21.787,21.802,21.787,21.797,4299.0,BTU
2024-05-03 11:22:00,21.822,21.827,21.782,21.782,3455.0,BTU
2024-05-03 11:21:00,21.817,21.832,21.817,21.822,3673.0,BTU
2024-05-03 11:20:00,21.807,21.815,21.792,21.811,3620.0,BTU
2024-05-03 11:19:00,21.827,21.827,21.807,21.807,5722.0,BTU
2024-05-03 11:18:00,21.788,21.835,21.788,21.832,5228.0,BTU
2024-05-03 11:17:00,21.774,21.807,21.774,21.793,4751.0,BTU
2024-05-03 11:16:00,21.747,21.772,21.747,21.768,587.0,BTU
2024-05-03 11:15:00,21.762,21.762,21.752,21.752,1448.0,BTU
2024-05-03 11:14:00,21.757,21.767,21.752,21.767,1738.0,BTU
2024-05-03 11:13:00,21.797,21.817,21.777,21.777,5102.0,BTU
2024-05-03 11:12:00,21.802,21.817,21.797,21.801,2607.0,BTU
2024-05-03 11:11:00,21.738,21.812,21.723,21.807,38853.0,BTU
2024-05-03 11:10:00,21.767,21.767,21.738,21.738,5283.0,BTU
2024-05-03 11:09:00,21.747,21.767,21.742,21.767,7925.0,BTU
2024-05-03 11:08:00,21.713,21.728,21.708,21.728,4528.0,BTU
2024-05-03 11:07:00,21.683,21.713,21.678,21.713,4317.0,BTU
2024-05-03 11:06:00,21.688,21.688,21.678,21.678,5071.0,BTU
2024-05-03 11:05:00,21.673,21.703,21.668,21.683,4150.0,BTU
2024-05-03 11:04:00,21.673,21.68,21.653,21.678,7707.0,BTU
2024-05-03 11:03:00,21.668,21.688,21.668,21.67,2426.0,BTU
2024-05-03 11:02:00,21.708,21.708,21.683,21.683,2457.0,BTU
2024-05-03 11:01:00,21.708,21.727,21.708,21.713,3309.0,BTU
2024-05-03 11:00:00,21.723,21.757,21.698,21.708,11206.0,BTU
2024-05-03 10:59:00,21.728,21.757,21.718,21.718,7368.0,BTU
2024-05-03 10:58:00,21.716,21.738,21.713,21.733,7240.0,BTU
2024-05-03 10:57:00,21.698,21.718,21.693,21.713,10234.0,BTU
2024-05-03 10:56:00,21.668,21.698,21.658,21.698,5780.0,BTU
2024-05-03 10:55:00,21.683,21.688,21.648,21.658,7514.0,BTU
2024-05-03 10:54:00,21.683,21.683,21.658,21.678,10913.0,BTU
2024-05-03 10:53:00,21.583,21.688,21.578,21.688,11332.0,BTU
2024-05-03 10:52:00,21.588,21.588,21.568,21.583,4815.0,BTU
2024-05-03 10:51:00,21.608,21.638,21.598,21.598,7343.0,BTU
2024-05-03 10:50:00,21.648,21.648,21.598,21.618,11642.0,BTU
2024-05-03 10:49:00,21.663,21.668,21.638,21.668,16847.0,BTU
2024-05-03 10:48:00,21.683,21.698,21.648,21.663,29141.0,BTU
2024-05-03 10:47:00,21.767,21.767,21.678,21.678,13155.0,BTU
2024-05-03 10:46:00,21.678,21.757,21.678,21.757,9442.0,BTU
2024-05-03 10:45:00,21.648,21.688,21.648,21.668,6823.0,BTU
2024-05-03 10:44:00,21.672,21.68,21.648,21.648,8323.0,BTU
2024-05-03 10:43:00,21.648,21.668,21.618,21.668,9417.0,BTU
2024-05-03 10:42:00,21.648,21.658,21.643,21.658,5183.0,BTU
2024-05-03 10:41:00,21.628,21.653,21.628,21.653,3526.0,BTU
2024-05-03 10:40:00,21.618,21.633,21.618,21.628,3224.0,BTU
2024-05-03 10:39:00,21.608,21.648,21.608,21.618,10084.0,BTU
2024-05-03 10:38:00,21.598,21.608,21.558,21.608,4880.0,BTU
2024-05-03 10:37:00,21.573,21.608,21.568,21.608,11863.0,BTU
2024-05-03 10:36:00,21.518,21.573,21.518,21.573,12428.0,BTU
2024-05-03 10:35:00,21.518,21.533,21.493,21.533,12779.0,BTU
2024-05-03 10:34:00,21.538,21.538,21.518,21.523,14517.0,BTU
2024-05-03 10:33:00,21.508,21.548,21.498,21.548,27724.0,BTU
2024-05-03 10:32:00,21.55,21.553,21.503,21.523,9842.0,BTU
2024-05-03 10:31:00,21.528,21.558,21.522,21.558,8001.0,BTU
2024-05-03 10:30:00,21.483,21.533,21.478,21.518,6703.0,BTU
2024-05-03 10:29:00,21.493,21.498,21.478,21.478,3790.0,BTU
2024-05-03 10:28:00,21.478,21.498,21.468,21.493,3390.0,BTU
2024-05-03 10:27:00,21.468,21.468,21.463,21.468,3863.0,BTU
2024-05-03 10:26:00,21.448,21.508,21.439,21.458,23639.0,BTU
2024-05-03 10:25:00,21.463,21.468,21.424,21.448,17694.0,BTU
2024-05-03 10:24:00,21.439,21.458,21.439,21.458,1732.0,BTU
2024-05-03 10:23:00,21.458,21.458,21.439,21.439,7465.0,BTU
2024-05-03 10:22:00,21.409,21.45,21.409,21.45,13371.0,BTU
2024-05-03 10:21:00,21.399,21.419,21.389,21.419,4088.0,BTU
2024-05-03 10:20:00,21.379,21.409,21.379,21.399,2961.0,BTU
2024-05-03 10:19:00,21.339,21.369,21.339,21.369,3957.0,BTU
2024-05-03 10:18:00,21.339,21.377,21.339,21.349,7916.0,BTU
2024-05-03 10:17:00,21.349,21.349,21.339,21.339,1946.0,BTU
2024-05-03 10:16:00,21.349,21.349,21.32,21.339,3734.0,BTU
2024-05-03 10:15:00,21.279,21.339,21.279,21.339,20592.0,BTU
2024-05-03 10:14:00,21.299,21.299,21.269,21.279,3763.0,BTU
2024-05-03 10:13:00,21.339,21.339,21.299,21.299,6475.0,BTU
2024-05-03 10:12:00,21.369,21.379,21.339,21.339,10155.0,BTU
2024-05-03 10:11:00,21.399,21.399,21.369,21.369,4811.0,BTU
2024-05-03 10:10:00,21.443,21.448,21.389,21.389,26544.0,BTU
2024-05-03 10:09:00,21.429,21.448,21.419,21.448,6613.0,BTU
2024-05-03 10:08:00,21.448,21.458,21.384,21.429,15827.0,BTU
2024-05-03 10:07:00,21.523,21.538,21.458,21.458,9527.0,BTU
2024-05-03 10:06:00,21.458,21.519,21.458,21.519,3170.0,BTU
2024-05-03 10:05:00,21.448,21.465,21.439,21.458,3100.0,BTU
2024-05-03 10:04:00,21.498,21.518,21.448,21.448,4968.0,BTU
2024-05-03 10:03:00,21.538,21.558,21.478,21.488,10312.0,BTU
2024-05-03 10:02:00,21.608,21.618,21.568,21.568,7431.0,BTU
2024-05-03 10:01:00,21.668,21.668,21.618,21.618,5874.0,BTU
2024-05-03 10:00:00,21.708,21.777,21.628,21.628,11255.0,BTU
2024-05-03 09:59:00,21.718,21.718,21.678,21.678,1985.0,BTU
2024-05-03 09:58:00,21.708,21.718,21.698,21.718,2038.0,BTU
2024-05-03 09:57:00,21.698,21.698,21.673,21.678,2993.0,BTU
2024-05-03 09:56:00,21.723,21.747,21.688,21.688,5893.0,BTU
2024-05-03 09:55:00,21.698,21.728,21.688,21.708,7279.0,BTU
2024-05-03 09:54:00,21.757,21.757,21.688,21.688,13774.0,BTU
2024-05-03 09:53:00,21.827,21.857,21.767,21.767,10273.0,BTU
2024-05-03 09:52:00,21.918,21.972,21.837,21.837,22807.0,BTU
2024-05-03 09:51:00,21.907,21.927,21.887,21.917,11006.0,BTU
2024-05-03 09:50:00,21.858,21.932,21.858,21.907,15066.0,BTU
2024-05-03 09:49:00,21.728,21.922,21.728,21.867,31548.0,BTU
2024-05-03 09:48:00,21.728,21.757,21.723,21.728,6383.0,BTU
2024-05-03 09:47:00,21.738,21.742,21.713,21.729,5000.0,BTU
2024-05-03 09:46:00,21.792,21.802,21.757,21.758,5473.0,BTU
2024-05-03 09:45:00,21.757,21.822,21.757,21.797,16225.0,BTU
2024-05-03 09:44:00,21.772,21.787,21.747,21.772,3704.0,BTU
2024-05-03 09:43:00,21.728,21.787,21.718,21.777,4219.0,BTU
2024-05-03 09:42:00,21.777,21.797,21.733,21.738,9114.0,BTU
2024-05-03 09:41:00,21.738,21.767,21.718,21.767,3429.0,BTU
2024-05-03 09:40:00,21.777,21.777,21.718,21.747,6701.0,BTU
2024-05-03 09:39:00,21.817,21.872,21.787,21.787,11896.0,BTU
2024-05-03 09:38:00,21.767,21.837,21.767,21.822,8615.0,BTU
2024-05-03 09:37:00,21.658,21.797,21.648,21.767,43148.0,BTU
2024-05-03 09:36:00,21.648,21.678,21.618,21.628,8173.0,BTU
2024-05-03 09:35:00,21.698,21.698,21.638,21.668,5144.0,BTU
2024-05-03 09:34:00,21.817,21.817,21.673,21.728,11274.0,BTU
2024-05-03 09:33:00,21.618,21.857,21.573,21.857,20377.0,BTU
2024-05-03 09:32:00,21.638,21.668,21.608,21.628,4285.0,BTU
2024-05-03 09:31:00,21.708,21.723,21.608,21.638,2596.0,BTU
2024-05-03 09:30:00,21.578,21.787,21.538,21.777,65713.0,BTU
2024-05-03 09:06:00,21.678,21.678,21.678,21.678,41.0,BTU
2024-05-03 08:37:00,21.698,21.698,21.698,21.698,23.0,BTU
2024-05-03 08:33:00,21.678,21.678,21.678,21.678,962.0,BTU
2024-05-03 08:13:00,21.698,21.698,21.698,21.698,1.0,BTU
2024-05-03 08:09:00,21.698,21.698,21.698,21.698,0.0,BTU
2024-05-03 08:08:00,21.698,21.698,21.698,21.698,0.0,BTU
2024-05-03 08:05:00,21.698,21.698,21.698,21.698,0.0,BTU
2024-05-03 08:03:00,23.143,23.143,23.143,23.143,5.0,BTU
2024-05-03 08:00:00,21.708,21.871,21.648,21.871,207.0,BTU
2024-05-03 07:59:00,21.608,21.608,21.608,21.608,14.0,BTU
2024-05-03 07:56:00,21.678,21.678,21.678,21.678,2.0,BTU
2024-05-03 07:22:00,21.678,21.678,21.678,21.678,9.0,BTU
2024-05-03 07:14:00,21.678,21.678,21.678,21.678,2.0,BTU
2024-05-03 06:40:00,21.668,21.678,21.668,21.678,19.0,BTU
2024-05-03 06:18:00,21.678,21.678,21.678,21.678,96.0,BTU
2024-05-03 04:00:00,22.007,22.007,21.698,21.698,1.0,BTU
2024-05-02 19:28:00,21.518,21.518,21.518,21.518,1.0,BTU
2024-05-02 19:13:00,21.518,21.518,21.518,21.518,1.0,BTU
2024-05-02 19:12:00,21.518,21.518,21.518,21.518,4.0,BTU
2024-05-02 19:00:00,21.468,21.468,21.468,21.468,269648.0,BTU
2024-05-02 18:30:00,21.468,21.468,21.468,21.468,269648.0,BTU
2024-05-02 18:25:00,21.658,21.658,21.658,21.658,9.0,BTU
2024-05-02 18:19:00,21.508,21.508,21.149,21.149,283.0,BTU
2024-05-02 18:01:00,21.638,21.638,21.638,21.638,76.0,BTU
2024-05-02 18:00:00,21.508,21.508,21.508,21.508,9.0,BTU
2024-05-02 17:59:00,21.638,21.638,21.638,21.638,192.0,BTU
2024-05-02 17:57:00,21.638,21.648,21.608,21.638,486.0,BTU
2024-05-02 17:25:00,21.498,21.498,21.478,21.488,396.0,BTU
2024-05-02 17:06:00,21.598,21.598,21.598,21.598,5.0,BTU
2024-05-02 16:10:00,21.468,21.468,21.468,21.468,269648.0,BTU
2024-05-02 16:02:00,21.468,21.468,21.468,21.468,11047.0,BTU
2024-05-02 16:01:00,21.468,21.468,21.468,21.468,14104.0,BTU
2024-05-02 16:00:00,21.478,21.478,21.458,21.468,569354.0,BTU
2024-05-02 15:59:00,21.473,21.488,21.448,21.478,197535.0,BTU
2024-05-02 15:58:00,21.468,21.478,21.458,21.473,29071.0,BTU
2024-05-02 15:57:00,21.483,21.503,21.473,21.473,34822.0,BTU
2024-05-02 15:56:00,21.443,21.488,21.439,21.483,31106.0,BTU
2024-05-02 15:55:00,21.374,21.447,21.361,21.447,40895.0,BTU
2024-05-02 15:54:00,21.334,21.379,21.334,21.379,38749.0,BTU
2024-05-02 15:53:00,21.344,21.369,21.329,21.339,14709.0,BTU
2024-05-02 15:52:00,21.349,21.364,21.329,21.364,29503.0,BTU
2024-05-02 15:51:00,21.354,21.368,21.349,21.351,12337.0,BTU
2024-05-02 15:50:00,21.409,21.409,21.359,21.359,25858.0,BTU
2024-05-02 15:49:00,21.419,21.429,21.409,21.414,9549.0,BTU
2024-05-02 15:48:00,21.439,21.443,21.404,21.409,19408.0,BTU
2024-05-02 15:47:00,21.439,21.443,21.424,21.439,8960.0,BTU
2024-05-02 15:46:00,21.429,21.443,21.424,21.439,6737.0,BTU
2024-05-02 15:45:00,21.429,21.439,21.419,21.439,11231.0,BTU
2024-05-02 15:44:00,21.447,21.448,21.429,21.439,5743.0,BTU
2024-05-02 15:43:00,21.448,21.448,21.424,21.443,6628.0,BTU
2024-05-02 15:42:00,21.458,21.468,21.439,21.458,8806.0,BTU
2024-05-02 15:41:00,21.473,21.473,21.458,21.458,2267.0,BTU
2024-05-02 15:40:00,21.468,21.478,21.468,21.473,1533.0,BTU
2024-05-02 15:39:00,21.478,21.488,21.473,21.473,4214.0,BTU
2024-05-02 15:38:00,21.508,21.508,21.458,21.473,27281.0,BTU
2024-05-02 15:37:00,21.558,21.558,21.498,21.498,9236.0,BTU
2024-05-02 15:36:00,21.598,21.598,21.553,21.559,8500.0,BTU
2024-05-02 15:35:00,21.638,21.638,21.593,21.598,9348.0,BTU
2024-05-02 15:34:00,21.683,21.688,21.638,21.638,5917.0,BTU
2024-05-02 15:33:00,21.678,21.687,21.653,21.687,5166.0,BTU
2024-05-02 15:32:00,21.653,21.683,21.653,21.683,4200.0,BTU
2024-05-02 15:31:00,21.603,21.648,21.603,21.648,11626.0,BTU
2024-05-02 15:30:00,21.603,21.608,21.603,21.608,4939.0,BTU
2024-05-02 15:29:00,21.628,21.628,21.593,21.6,3214.0,BTU
2024-05-02 15:28:00,21.638,21.638,21.618,21.633,5333.0,BTU
2024-05-02 15:27:00,21.661,21.673,21.643,21.643,4626.0,BTU
2024-05-02 15:26:00,21.663,21.678,21.648,21.678,5449.0,BTU
2024-05-02 15:25:00,21.643,21.668,21.643,21.658,6005.0,BTU
2024-05-02 15:24:00,21.638,21.643,21.638,21.638,762.0,BTU
2024-05-02 15:23:00,21.583,21.628,21.583,21.628,6263.0,BTU
2024-05-02 15:22:00,21.613,21.618,21.583,21.583,3151.0,BTU
2024-05-02 15:21:00,21.593,21.618,21.593,21.618,6652.0,BTU
2024-05-02 15:20:00,21.563,21.598,21.563,21.593,6620.0,BTU
2024-05-02 15:19:00,21.578,21.578,21.559,21.568,4388.0,BTU
2024-05-02 15:18:00,21.528,21.583,21.528,21.578,8770.0,BTU
2024-05-02 15:17:00,21.538,21.538,21.528,21.538,5268.0,BTU
2024-05-02 15:16:00,21.548,21.553,21.528,21.533,5643.0,BTU
2024-05-02 15:15:00,21.528,21.548,21.528,21.548,2976.0,BTU
2024-05-02 15:14:00,21.513,21.543,21.513,21.538,3841.0,BTU
2024-05-02 15:13:00,21.518,21.528,21.508,21.508,5776.0,BTU
2024-05-02 15:12:00,21.523,21.528,21.508,21.518,3378.0,BTU
2024-05-02 15:11:00,21.553,21.555,21.533,21.533,2712.0,BTU
2024-05-02 15:10:00,21.553,21.558,21.54,21.548,4269.0,BTU
2024-05-02 15:09:00,21.578,21.578,21.553,21.553,6103.0,BTU
2024-05-02 15:08:00,21.593,21.598,21.583,21.583,4211.0,BTU
2024-05-02 15:07:00,21.601,21.608,21.588,21.593,3630.0,BTU
2024-05-02 15:06:00,21.638,21.638,21.598,21.598,4570.0,BTU
2024-05-02 15:05:00,21.598,21.668,21.598,21.638,19810.0,BTU
2024-05-02 15:04:00,21.593,21.598,21.593,21.593,3255.0,BTU
2024-05-02 15:03:00,21.598,21.598,21.583,21.588,2381.0,BTU
2024-05-02 15:02:00,21.548,21.598,21.543,21.588,8719.0,BTU
2024-05-02 15:01:00,21.568,21.568,21.543,21.558,13524.0,BTU
2024-05-02 15:00:00,21.57,21.578,21.568,21.568,5824.0,BTU
2024-05-02 14:59:00,21.593,21.593,21.568,21.568,3280.0,BTU
2024-05-02 14:58:00,21.648,21.648,21.588,21.588,11452.0,BTU
2024-05-02 14:57:00,21.648,21.648,21.638,21.638,1554.0,BTU
2024-05-02 14:56:00,21.688,21.688,21.638,21.638,10457.0,BTU
2024-05-02 14:55:00,21.683,21.693,21.683,21.688,2770.0,BTU
2024-05-02 14:54:00,21.713,21.723,21.688,21.688,3825.0,BTU
2024-05-02 14:53:00,21.708,21.708,21.688,21.708,5098.0,BTU
2024-05-02 14:52:00,21.708,21.718,21.708,21.718,2365.0,BTU
2024-05-02 14:51:00,21.742,21.742,21.713,21.718,17559.0,BTU
2024-05-02 14:50:00,21.782,21.782,21.742,21.742,5249.0,BTU
2024-05-02 14:49:00,21.777,21.782,21.772,21.782,3998.0,BTU
2024-05-02 14:48:00,21.767,21.782,21.762,21.782,3052.0,BTU
2024-05-02 14:47:00,21.762,21.772,21.757,21.767,3869.0,BTU
2024-05-02 14:46:00,21.767,21.787,21.762,21.767,4166.0,BTU
2024-05-02 14:45:00,21.757,21.767,21.757,21.765,2395.0,BTU
2024-05-02 14:44:00,21.787,21.797,21.752,21.752,2128.0,BTU
2024-05-02 14:43:00,21.842,21.842,21.792,21.797,6593.0,BTU
2024-05-02 14:42:00,21.837,21.845,21.827,21.842,3203.0,BTU
2024-05-02 14:41:00,21.832,21.837,21.822,21.827,5714.0,BTU
2024-05-02 14:40:00,21.832,21.842,21.83,21.83,3518.0,BTU
2024-05-02 14:39:00,21.827,21.832,21.827,21.832,1246.0,BTU
2024-05-02 14:38:00,21.837,21.837,21.829,21.829,1200.0,BTU
2024-05-02 14:37:00,21.817,21.837,21.812,21.837,1743.0,BTU
2024-05-02 14:36:00,21.847,21.847,21.822,21.822,3575.0,BTU
2024-05-02 14:35:00,21.857,21.867,21.857,21.867,1221.0,BTU
2024-05-02 14:34:00,21.877,21.877,21.852,21.852,1656.0,BTU
2024-05-02 14:33:00,21.872,21.892,21.871,21.887,2950.0,BTU
2024-05-02 14:32:00,21.877,21.882,21.872,21.882,1701.0,BTU
2024-05-02 14:31:00,21.897,21.922,21.872,21.872,3571.0,BTU
2024-05-02 14:30:00,21.897,21.897,21.892,21.892,971.0,BTU
2024-05-02 14:29:00,21.872,21.897,21.867,21.897,3833.0,BTU
2024-05-02 14:28:00,21.916,21.916,21.872,21.872,5827.0,BTU
2024-05-02 14:27:00,21.857,21.937,21.857,21.912,24308.0,BTU
2024-05-02 14:26:00,21.872,21.877,21.847,21.847,2681.0,BTU
2024-05-02 14:25:00,21.852,21.877,21.842,21.877,56968.0,BTU
2024-05-02 14:24:00,21.817,21.852,21.817,21.852,4686.0,BTU
2024-05-02 14:23:00,21.812,21.812,21.812,21.812,611.0,BTU
2024-05-02 14:22:00,21.787,21.817,21.787,21.807,1999.0,BTU
2024-05-02 14:21:00,21.787,21.792,21.782,21.782,1478.0,BTU
2024-05-02 14:20:00,21.797,21.797,21.782,21.792,1613.0,BTU
2024-05-02 14:19:00,21.787,21.797,21.787,21.797,1495.0,BTU
2024-05-02 14:18:00,21.777,21.787,21.767,21.787,2472.0,BTU
2024-05-02 14:17:00,21.807,21.807,21.782,21.782,1724.0,BTU
2024-05-02 14:16:00,21.797,21.797,21.797,21.797,2122.0,BTU
2024-05-02 14:15:00,21.767,21.817,21.767,21.802,5552.0,BTU
2024-05-02 14:14:00,21.757,21.757,21.756,21.756,1976.0,BTU
2024-05-02 14:13:00,21.767,21.767,21.757,21.767,2724.0,BTU
2024-05-02 14:12:00,21.762,21.797,21.747,21.777,13668.0,BTU
2024-05-02 14:11:00,21.782,21.787,21.767,21.767,11766.0,BTU
2024-05-02 14:10:00,21.777,21.787,21.777,21.787,992.0,BTU
2024-05-02 14:09:00,21.817,21.817,21.787,21.792,1994.0,BTU
2024-05-02 14:08:00,21.827,21.832,21.827,21.827,1317.0,BTU
2024-05-02 14:07:00,21.787,21.837,21.782,21.837,4986.0,BTU
2024-05-02 14:06:00,21.832,21.832,21.797,21.797,2739.0,BTU
2024-05-02 14:05:00,21.897,21.897,21.837,21.837,10712.0,BTU
2024-05-02 14:04:00,21.902,21.907,21.902,21.907,1277.0,BTU
2024-05-02 14:03:00,21.917,21.917,21.902,21.902,4304.0,BTU
2024-05-02 14:02:00,21.987,21.987,21.927,21.927,7941.0,BTU
2024-05-02 14:01:00,21.982,21.986,21.982,21.986,1800.0,BTU
2024-05-02 14:00:00,21.992,21.992,21.982,21.982,1459.0,BTU
2024-05-02 13:59:00,21.992,21.997,21.987,21.987,980.0,BTU
2024-05-02 13:58:00,22.027,22.027,21.992,21.992,2361.0,BTU
2024-05-02 13:57:00,22.012,22.032,22.012,22.027,1555.0,BTU
2024-05-02 13:56:00,22.022,22.027,22.012,22.022,2704.0,BTU
2024-05-02 13:55:00,22.012,22.027,22.012,22.027,4598.0,BTU
2024-05-02 13:54:00,22.027,22.027,22.012,22.016,1860.0,BTU
2024-05-02 13:53:00,22.012,22.027,22.007,22.027,1932.0,BTU
2024-05-02 13:52:00,21.997,22.007,21.992,22.007,3153.0,BTU
2024-05-02 13:51:00,22.017,22.017,21.992,21.992,4401.0,BTU
2024-05-02 13:50:00,22.017,22.027,22.017,22.017,2869.0,BTU
2024-05-02 13:49:00,22.027,22.027,22.022,22.022,1723.0,BTU
2024-05-02 13:48:00,22.022,22.022,22.012,22.022,2909.0,BTU
2024-05-02 13:47:00,22.012,22.017,22.007,22.012,1196.0,BTU
2024-05-02 13:46:00,22.012,22.017,22.012,22.017,520.0,BTU
2024-05-02 13:45:00,22.022,22.027,22.012,22.017,1807.0,BTU
2024-05-02 13:44:00,21.997,22.007,21.987,22.007,4693.0,BTU
2024-05-02 13:43:00,22.007,22.007,21.992,21.997,3174.0,BTU
2024-05-02 13:42:00,22.027,22.027,22.012,22.012,1077.0,BTU
2024-05-02 13:41:00,22.027,22.027,22.022,22.022,799.0,BTU
2024-05-02 13:40:00,22.037,22.037,22.027,22.027,382.0,BTU
2024-05-02 13:39:00,22.066,22.066,22.037,22.037,4078.0,BTU
2024-05-02 13:38:00,22.032,22.076,22.032,22.076,5237.0,BTU
2024-05-02 13:37:00,22.037,22.037,22.032,22.032,984.0,BTU
2024-05-02 13:36:00,22.022,22.037,22.022,22.032,1121.0,BTU
2024-05-02 13:35:00,22.022,22.022,22.007,22.022,11299.0,BTU
2024-05-02 13:34:00,22.027,22.027,22.017,22.017,594.0,BTU
2024-05-02 13:33:00,22.017,22.032,22.017,22.027,2238.0,BTU
2024-05-02 13:32:00,22.002,22.007,22.002,22.007,1056.0,BTU
2024-05-02 13:31:00,22.017,22.017,22.007,22.007,1627.0,BTU
2024-05-02 13:30:00,22.027,22.027,22.017,22.017,1280.0,BTU
2024-05-02 13:29:00,22.027,22.027,21.997,22.017,3976.0,BTU
2024-05-02 13:28:00,22.027,22.027,22.022,22.022,1917.0,BTU
2024-05-02 13:27:00,22.002,22.017,21.997,22.017,2022.0,BTU
2024-05-02 13:26:00,22.027,22.027,21.997,21.997,2927.0,BTU
2024-05-02 13:25:00,22.007,22.037,22.007,22.037,1728.0,BTU
2024-05-02 13:24:00,21.992,22.002,21.992,22.002,1152.0,BTU
2024-05-02 13:23:00,22.007,22.007,21.992,21.992,3091.0,BTU
2024-05-02 13:22:00,22.007,22.012,22.007,22.007,2342.0,BTU
2024-05-02 13:21:00,22.002,22.006,21.997,21.997,789.0,BTU
2024-05-02 13:20:00,22.002,22.007,21.987,22.002,2240.0,BTU
2024-05-02 13:19:00,22.002,22.007,21.997,22.002,1784.0,BTU
2024-05-02 13:17:00,21.992,21.997,21.987,21.997,3748.0,BTU
2024-05-02 13:16:00,21.992,22.007,21.992,22.007,539.0,BTU
2024-05-02 13:15:00,22.027,22.027,21.987,22.007,4107.0,BTU
2024-05-02 13:14:00,22.002,22.017,21.987,22.017,3164.0,BTU
2024-05-02 13:13:00,22.027,22.027,21.987,22.017,19475.0,BTU
2024-05-02 13:12:00,22.046,22.056,22.027,22.027,6282.0,BTU
2024-05-02 13:11:00,22.056,22.056,22.051,22.051,511.0,BTU
2024-05-02 13:10:00,22.061,22.061,22.057,22.061,707.0,BTU
2024-05-02 13:09:00,22.071,22.071,22.056,22.056,2009.0,BTU
2024-05-02 13:08:00,22.096,22.096,22.086,22.086,1336.0,BTU
2024-05-02 13:07:00,22.086,22.116,22.076,22.116,5000.0,BTU
2024-05-02 13:06:00,22.086,22.091,22.076,22.091,1978.0,BTU
2024-05-02 13:05:00,22.091,22.096,22.091,22.091,809.0,BTU
2024-05-02 13:04:00,22.116,22.116,22.086,22.086,2228.0,BTU
2024-05-02 13:03:00,22.111,22.111,22.106,22.106,1786.0,BTU
2024-05-02 13:02:00,22.131,22.131,22.111,22.111,2212.0,BTU
2024-05-02 13:01:00,22.156,22.161,22.141,22.141,3455.0,BTU
2024-05-02 13:00:00,22.106,22.166,22.096,22.166,3829.0,BTU
2024-05-02 12:59:00,22.106,22.106,22.096,22.096,4572.0,BTU
2024-05-02 12:58:00,22.066,22.106,22.066,22.101,18320.0,BTU
2024-05-02 12:57:00,22.076,22.076,22.066,22.071,2205.0,BTU
2024-05-02 12:56:00,22.085,22.085,22.081,22.081,525.0,BTU
2024-05-02 12:55:00,22.027,22.056,22.027,22.056,2319.0,BTU
2024-05-02 12:54:00,22.037,22.037,22.026,22.026,1935.0,BTU
2024-05-02 12:53:00,22.046,22.056,22.046,22.046,3564.0,BTU
2024-05-02 12:52:00,22.051,22.056,22.041,22.046,2116.0,BTU
2024-05-02 12:51:00,22.037,22.056,22.037,22.056,3025.0,BTU
2024-05-02 12:50:00,22.076,22.076,22.032,22.037,6928.0,BTU
2024-05-02 12:49:00,22.066,22.096,22.066,22.086,2316.0,BTU
2024-05-02 12:48:00,22.096,22.106,22.061,22.061,7243.0,BTU
2024-05-02 12:47:00,22.156,22.156,22.116,22.126,9237.0,BTU
2024-05-02 12:46:00,22.166,22.171,22.166,22.166,840.0,BTU
2024-05-02 12:45:00,22.171,22.171,22.161,22.166,2048.0,BTU
2024-05-02 12:44:00,22.176,22.176,22.171,22.176,1781.0,BTU
2024-05-02 12:43:00,22.176,22.176,22.171,22.176,1852.0,BTU
2024-05-02 12:42:00,22.201,22.201,22.176,22.176,2388.0,BTU
2024-05-02 12:41:00,22.181,22.206,22.181,22.196,2719.0,BTU
2024-05-02 12:40:00,22.176,22.176,22.176,22.176,461.0,BTU
2024-05-02 12:39:00,22.171,22.181,22.171,22.176,1502.0,BTU
2024-05-02 12:38:00,22.166,22.196,22.166,22.176,3573.0,BTU
2024-05-02 12:37:00,22.144,22.176,22.141,22.166,7250.0,BTU
2024-05-02 12:36:00,22.151,22.151,22.136,22.146,2111.0,BTU
2024-05-02 12:35:00,22.131,22.151,22.126,22.151,7294.0,BTU
2024-05-02 12:34:00,22.131,22.131,22.126,22.131,726.0,BTU
2024-05-02 12:33:00,22.131,22.141,22.131,22.131,1921.0,BTU
2024-05-02 12:32:00,22.131,22.136,22.126,22.136,3354.0,BTU
2024-05-02 12:31:00,22.146,22.146,22.126,22.126,6764.0,BTU
2024-05-02 12:30:00,22.151,22.151,22.146,22.146,988.0,BTU
2024-05-02 12:29:00,22.136,22.146,22.126,22.126,8545.0,BTU
2024-05-02 12:28:00,22.156,22.156,22.136,22.136,1461.0,BTU
2024-05-02 12:27:00,22.146,22.156,22.146,22.156,854.0,BTU
2024-05-02 12:26:00,22.146,22.156,22.126,22.146,17402.0,BTU
2024-05-02 12:25:00,22.186,22.216,22.166,22.166,2525.0,BTU
2024-05-02 12:24:00,22.171,22.186,22.171,22.186,3861.0,BTU
2024-05-02 12:23:00,22.241,22.246,22.161,22.171,18570.0,BTU
2024-05-02 12:22:00,22.236,22.246,22.236,22.241,2142.0,BTU
2024-05-02 12:21:00,22.226,22.241,22.221,22.236,4926.0,BTU
2024-05-02 12:20:00,22.241,22.246,22.236,22.236,1678.0,BTU
2024-05-02 12:19:00,22.246,22.246,22.241,22.241,1142.0,BTU
2024-05-02 12:18:00,22.236,22.246,22.216,22.246,6451.0,BTU
2024-05-02 12:17:00,22.206,22.226,22.176,22.226,8601.0,BTU
2024-05-02 12:16:00,22.225,22.225,22.206,22.206,1932.0,BTU
2024-05-02 12:15:00,22.261,22.266,22.221,22.221,5544.0,BTU
2024-05-02 12:14:00,22.37,22.37,22.291,22.291,15370.0,BTU
2024-05-02 12:13:00,22.311,22.37,22.311,22.37,4841.0,BTU
2024-05-02 12:12:00,22.236,22.311,22.226,22.311,5663.0,BTU
2024-05-02 12:11:00,22.316,22.326,22.221,22.236,16787.0,BTU
2024-05-02 12:10:00,22.296,22.34,22.296,22.321,18154.0,BTU
2024-05-02 12:09:00,22.276,22.36,22.276,22.291,17573.0,BTU
2024-05-02 12:08:00,22.251,22.296,22.251,22.276,155254.0,BTU
2024-05-02 12:07:00,22.221,22.251,22.221,22.251,3621.0,BTU
2024-05-02 12:06:00,22.226,22.226,22.221,22.221,3094.0,BTU
2024-05-02 12:05:00,22.186,22.235,22.186,22.231,6309.0,BTU
2024-05-02 12:04:00,22.211,22.211,22.186,22.186,4506.0,BTU
2024-05-02 12:03:00,22.226,22.226,22.211,22.211,2374.0,BTU
2024-05-02 12:02:00,22.226,22.231,22.221,22.226,2637.0,BTU
2024-05-02 12:01:00,22.196,22.226,22.191,22.226,3111.0,BTU
2024-05-02 12:00:00,22.216,22.246,22.201,22.206,5112.0,BTU
2024-05-02 11:59:00,22.201,22.226,22.191,22.226,6925.0,BTU
2024-05-02 11:58:00,22.211,22.211,22.201,22.201,3142.0,BTU
2024-05-02 11:57:00,22.206,22.211,22.201,22.211,2313.0,BTU
2024-05-02 11:56:00,22.206,22.246,22.196,22.196,4722.0,BTU
2024-05-02 11:55:00,22.211,22.211,22.206,22.206,2491.0,BTU
2024-05-02 11:54:00,22.166,22.206,22.156,22.206,3256.0,BTU
2024-05-02 11:53:00,22.161,22.191,22.161,22.166,8182.0,BTU
2024-05-02 11:52:00,22.166,22.171,22.156,22.161,3585.0,BTU
2024-05-02 11:51:00,22.151,22.174,22.141,22.167,3689.0,BTU
2024-05-02 11:50:00,22.151,22.151,22.141,22.141,2525.0,BTU
2024-05-02 11:49:00,22.161,22.164,22.151,22.151,1382.0,BTU
2024-05-02 11:48:00,22.206,22.206,22.126,22.156,11443.0,BTU
2024-05-02 11:47:00,22.206,22.211,22.206,22.211,871.0,BTU
2024-05-02 11:46:00,22.216,22.221,22.186,22.186,4271.0,BTU
2024-05-02 11:45:00,22.246,22.246,22.206,22.206,1566.0,BTU
2024-05-02 11:44:00,22.316,22.336,22.246,22.251,12819.0,BTU
2024-05-02 11:43:00,22.251,22.331,22.251,22.311,7086.0,BTU
2024-05-02 11:42:00,22.241,22.251,22.241,22.251,2870.0,BTU
2024-05-02 11:41:00,22.186,22.236,22.186,22.236,2966.0,BTU
2024-05-02 11:40:00,22.213,22.236,22.186,22.186,4737.0,BTU
2024-05-02 11:39:00,22.216,22.216,22.206,22.216,4129.0,BTU
2024-05-02 11:38:00,22.221,22.236,22.196,22.196,8256.0,BTU
2024-05-02 11:37:00,22.181,22.216,22.181,22.216,4641.0,BTU
2024-05-02 11:36:00,22.166,22.186,22.156,22.181,5347.0,BTU
2024-05-02 11:35:00,22.161,22.166,22.136,22.156,5646.0,BTU
2024-05-02 11:34:00,22.141,22.166,22.126,22.166,8929.0,BTU
2024-05-02 11:33:00,22.126,22.141,22.126,22.141,5585.0,BTU
2024-05-02 11:32:00,22.131,22.141,22.126,22.126,13376.0,BTU
2024-05-02 11:31:00,22.156,22.161,22.126,22.136,5563.0,BTU
2024-05-02 11:30:00,22.166,22.166,22.161,22.161,1704.0,BTU
2024-05-02 11:29:00,22.181,22.181,22.156,22.166,4118.0,BTU
2024-05-02 11:28:00,22.186,22.186,22.166,22.181,4484.0,BTU
2024-05-02 11:27:00,22.166,22.191,22.166,22.191,5662.0,BTU
2024-05-02 11:26:00,22.216,22.226,22.166,22.171,8229.0,BTU
2024-05-02 11:25:00,22.236,22.261,22.221,22.221,7108.0,BTU
2024-05-02 11:24:00,22.151,22.236,22.151,22.231,8637.0,BTU
2024-05-02 11:23:00,22.136,22.156,22.136,22.151,8279.0,BTU
2024-05-02 11:22:00,22.151,22.156,22.126,22.136,9042.0,BTU
2024-05-02 11:21:00,22.126,22.151,22.126,22.151,4098.0,BTU
2024-05-02 11:20:00,22.151,22.156,22.131,22.131,6165.0,BTU
2024-05-02 11:19:00,22.151,22.156,22.151,22.151,2183.0,BTU
2024-05-02 11:18:00,22.166,22.166,22.121,22.141,21190.0,BTU
2024-05-02 11:17:00,22.136,22.184,22.136,22.171,6966.0,BTU
2024-05-02 11:16:00,22.186,22.186,22.126,22.138,13423.0,BTU
2024-05-02 11:15:00,22.276,22.276,22.181,22.181,16969.0,BTU
2024-05-02 11:14:00,22.276,22.281,22.276,22.276,2099.0,BTU
2024-05-02 11:13:00,22.274,22.283,22.266,22.283,13976.0,BTU
2024-05-02 11:12:00,22.253,22.286,22.241,22.276,10984.0,BTU
2024-05-02 11:11:00,22.291,22.301,22.246,22.246,9268.0,BTU
2024-05-02 11:10:00,22.286,22.295,22.266,22.286,5793.0,BTU
2024-05-02 11:09:00,22.321,22.326,22.266,22.266,6514.0,BTU
2024-05-02 11:08:00,22.226,22.306,22.216,22.296,13337.0,BTU
2024-05-02 11:07:00,22.214,22.246,22.206,22.236,8770.0,BTU
2024-05-02 11:06:00,22.196,22.226,22.191,22.216,9112.0,BTU
2024-05-02 11:05:00,22.156,22.176,22.096,22.176,7568.0,BTU
2024-05-02 11:04:00,22.196,22.196,22.116,22.156,13865.0,BTU
2024-05-02 11:03:00,22.216,22.236,22.186,22.196,232938.0,BTU
2024-05-02 11:02:00,22.236,22.241,22.211,22.221,7014.0,BTU
2024-05-02 11:01:00,22.246,22.246,22.211,22.236,6914.0,BTU
2024-05-02 11:00:00,22.196,22.326,22.186,22.256,54970.0,BTU
2024-05-02 10:59:00,22.196,22.206,22.146,22.186,19461.0,BTU
2024-05-02 10:58:00,22.156,22.206,22.146,22.196,13774.0,BTU
2024-05-02 10:57:00,22.056,22.146,22.007,22.146,12620.0,BTU
2024-05-02 10:56:00,22.037,22.076,22.027,22.051,18769.0,BTU
2024-05-02 10:55:00,21.987,22.046,21.987,22.037,4649.0,BTU
2024-05-02 10:54:00,21.937,21.987,21.922,21.987,17920.0,BTU
2024-05-02 10:53:00,21.997,21.997,21.932,21.947,2869.0,BTU
2024-05-02 10:52:00,22.027,22.027,21.997,22.007,3914.0,BTU
2024-05-02 10:51:00,22.022,22.046,22.022,22.027,5120.0,BTU
2024-05-02 10:50:00,22.037,22.037,21.957,21.987,8111.0,BTU
2024-05-02 10:49:00,21.972,22.027,21.967,22.027,3855.0,BTU
2024-05-02 10:48:00,21.977,22.076,21.977,21.977,14643.0,BTU
2024-05-02 10:47:00,21.957,21.977,21.947,21.967,3755.0,BTU
2024-05-02 10:46:00,21.927,21.957,21.917,21.957,3233.0,BTU
2024-05-02 10:45:00,21.917,22.014,21.917,21.957,8344.0,BTU
2024-05-02 10:44:00,21.827,21.922,21.817,21.922,2647.0,BTU
2024-05-02 10:43:00,21.708,21.887,21.698,21.822,34158.0,BTU
2024-05-02 10:42:00,21.747,21.747,21.708,21.715,7500.0,BTU
2024-05-02 10:41:00,21.728,21.767,21.678,21.767,16783.0,BTU
2024-05-02 10:40:00,21.827,21.827,21.728,21.728,11901.0,BTU
2024-05-02 10:39:00,21.877,21.897,21.832,21.842,19695.0,BTU
2024-05-02 10:38:00,21.967,21.977,21.857,21.867,6173.0,BTU
2024-05-02 10:37:00,21.992,22.002,21.967,21.977,6366.0,BTU
2024-05-02 10:36:00,21.907,21.994,21.907,21.994,6037.0,BTU
2024-05-02 10:35:00,21.917,21.927,21.912,21.912,3029.0,BTU
2024-05-02 10:34:00,21.927,21.932,21.897,21.897,5252.0,BTU
2024-05-02 10:33:00,21.857,21.907,21.837,21.907,5940.0,BTU
2024-05-02 10:32:00,21.802,21.887,21.797,21.857,8588.0,BTU
2024-05-02 10:31:00,21.762,21.807,21.762,21.807,5272.0,BTU
2024-05-02 10:30:00,21.807,21.809,21.747,21.762,6913.0,BTU
2024-05-02 10:29:00,21.847,21.847,21.797,21.807,7498.0,BTU
2024-05-02 10:28:00,21.897,21.917,21.867,21.867,18386.0,BTU
2024-05-02 10:27:00,21.982,22.002,21.887,21.887,4930.0,BTU
2024-05-02 10:26:00,21.947,21.967,21.937,21.967,2928.0,BTU
2024-05-02 10:25:00,21.867,21.907,21.862,21.907,6500.0,BTU
2024-05-02 10:24:00,21.887,21.897,21.857,21.862,1940.0,BTU
2024-05-02 10:23:00,21.937,21.937,21.847,21.872,14556.0,BTU
2024-05-02 10:22:00,21.827,21.927,21.827,21.927,6660.0,BTU
2024-05-02 10:21:00,21.777,21.787,21.698,21.735,10846.0,BTU
2024-05-02 10:20:00,21.867,21.867,21.747,21.777,38571.0,BTU
2024-05-02 10:19:00,21.897,21.927,21.877,21.877,3167.0,BTU
2024-05-02 10:18:00,21.957,21.977,21.897,21.897,10975.0,BTU
2024-05-02 10:17:00,21.947,21.977,21.897,21.947,14994.0,BTU
2024-05-02 10:16:00,22.076,22.086,21.947,21.952,7567.0,BTU
2024-05-02 10:15:00,22.056,22.086,21.967,22.086,23473.0,BTU
2024-05-02 10:14:00,22.086,22.116,22.037,22.046,18107.0,BTU
2024-05-02 10:13:00,21.967,22.106,21.957,22.106,39946.0,BTU
2024-05-02 10:12:00,21.897,21.997,21.842,21.937,58536.0,BTU
2024-05-02 10:11:00,21.787,21.902,21.777,21.902,16729.0,BTU
2024-05-02 10:10:00,21.548,21.777,21.548,21.777,18508.0,BTU
2024-05-02 10:09:00,21.673,21.673,21.553,21.568,2992.0,BTU
2024-05-02 10:08:00,21.668,21.703,21.608,21.698,28234.0,BTU
2024-05-02 10:07:00,21.728,21.738,21.648,21.677,17506.0,BTU
2024-05-02 10:06:00,21.588,21.827,21.583,21.718,34652.0,BTU
2024-05-02 10:05:00,21.747,21.747,21.588,21.593,27977.0,BTU
2024-05-02 10:04:00,21.777,21.777,21.742,21.762,12308.0,BTU
2024-05-02 10:03:00,21.797,21.827,21.797,21.827,5205.0,BTU
2024-05-02 10:02:00,21.837,21.857,21.807,21.822,8757.0,BTU
2024-05-02 10:01:00,21.827,21.847,21.747,21.847,12109.0,BTU
2024-05-02 10:00:00,21.842,21.863,21.782,21.807,3529.0,BTU
2024-05-02 09:59:00,21.897,21.897,21.817,21.897,4466.0,BTU
2024-05-02 09:58:00,21.857,21.937,21.857,21.912,7248.0,BTU
2024-05-02 09:57:00,21.995,21.995,21.862,21.862,9767.0,BTU
2024-05-02 09:56:00,21.997,22.022,21.967,21.997,26840.0,BTU
2024-05-02 09:55:00,21.882,21.987,21.882,21.987,9012.0,BTU
2024-05-02 09:54:00,21.797,21.927,21.787,21.887,11691.0,BTU
2024-05-02 09:53:00,21.797,21.827,21.747,21.797,5546.0,BTU
2024-05-02 09:52:00,21.894,21.917,21.787,21.787,4024.0,BTU
2024-05-02 09:51:00,21.772,21.947,21.747,21.887,20246.0,BTU
2024-05-02 09:50:00,21.767,21.82,21.747,21.797,19719.0,BTU
2024-05-02 09:49:00,21.807,21.907,21.782,21.782,22251.0,BTU
2024-05-02 09:48:00,21.887,21.937,21.797,21.827,22155.0,BTU
2024-05-02 09:47:00,22.066,22.066,21.847,21.862,24612.0,BTU
2024-05-02 09:46:00,22.251,22.251,22.046,22.066,10274.0,BTU
2024-05-02 09:45:00,22.251,22.355,22.226,22.246,8740.0,BTU
2024-05-02 09:44:00,22.316,22.316,22.206,22.251,12368.0,BTU
2024-05-02 09:43:00,22.555,22.565,22.286,22.296,11691.0,BTU
2024-05-02 09:42:00,22.625,22.664,22.532,22.58,27048.0,BTU
2024-05-02 09:41:00,22.664,22.664,22.505,22.592,16502.0,BTU
2024-05-02 09:40:00,22.649,22.784,22.555,22.714,21363.0,BTU
2024-05-02 09:39:00,22.505,22.654,22.395,22.644,17271.0,BTU
2024-05-02 09:38:00,22.176,22.565,22.106,22.505,13504.0,BTU
2024-05-02 09:37:00,21.767,22.216,21.757,22.156,31423.0,BTU
2024-05-02 09:36:00,21.907,21.917,21.698,21.767,56357.0,BTU
2024-05-02 09:35:00,21.807,21.807,21.807,21.807,180.0,BTU
2024-05-02 09:34:00,21.832,21.832,21.738,21.738,749.0,BTU
2024-05-02 09:33:00,21.877,21.877,21.877,21.877,773.0,BTU
2024-05-02 09:32:00,21.852,21.852,21.852,21.852,96.0,BTU
2024-05-02 09:29:00,21.927,22.126,21.927,22.116,1153.0,BTU
2024-05-02 09:28:00,21.777,21.927,21.777,21.927,551.0,BTU
2024-05-02 09:25:00,21.715,21.715,21.678,21.678,14.0,BTU
2024-05-02 09:24:00,21.777,21.777,21.777,21.777,31.0,BTU
2024-05-02 09:23:00,21.867,21.907,21.718,21.777,224.0,BTU
2024-05-02 09:22:00,21.907,21.907,21.907,21.907,1.0,BTU
2024-05-02 09:20:00,21.907,21.907,21.907,21.907,2.0,BTU
2024-05-02 09:18:00,21.518,21.518,21.518,21.518,33.0,BTU
2024-05-02 09:15:00,21.907,21.907,21.907,21.907,96.0,BTU
2024-05-02 09:13:00,21.907,21.907,21.907,21.907,41.0,BTU
2024-05-02 09:12:00,21.907,21.907,21.907,21.907,9.0,BTU
2024-05-02 09:07:00,21.518,21.518,21.518,21.518,67.0,BTU
2024-05-02 09:06:00,21.837,21.927,21.787,21.927,278.0,BTU
2024-05-02 08:56:00,21.807,21.927,21.648,21.648,615.0,BTU
2024-05-02 08:54:00,21.518,21.518,21.518,21.518,275.0,BTU
2024-05-02 08:53:00,21.538,21.538,21.538,21.538,4.0,BTU
2024-05-02 08:52:00,21.538,21.538,21.538,21.538,4.0,BTU
2024-05-02 08:48:00,21.508,21.518,21.508,21.518,153.0,BTU
2024-05-02 08:47:00,21.548,21.548,21.429,21.429,494.0,BTU
2024-05-02 08:44:00,21.429,21.429,21.429,21.429,48.0,BTU
2024-05-02 08:37:00,21.379,21.379,21.379,21.379,0.0,BTU
2024-05-02 08:24:00,21.508,21.508,21.508,21.508,4.0,BTU
2024-05-02 08:20:00,21.369,21.369,21.369,21.369,9.0,BTU
2024-05-02 08:17:00,21.508,21.508,21.508,21.508,9.0,BTU
2024-05-02 08:13:00,21.538,21.548,21.538,21.548,104.0,BTU
2024-05-02 08:07:00,21.369,21.369,21.149,21.369,152.0,BTU
2024-05-02 08:02:00,21.478,21.678,21.478,21.678,1.0,BTU
2024-05-02 08:01:00,21.478,21.478,21.478,21.478,42.0,BTU
2024-05-02 08:00:00,21.728,22.326,21.668,22.326,34.0,BTU
2024-05-02 07:58:00,21.598,21.668,21.379,21.379,1680.0,BTU
2024-05-02 07:36:00,21.728,21.728,21.728,21.728,12.0,BTU
2024-05-02 07:26:00,21.728,21.728,21.728,21.728,1.0,BTU
2024-05-02 07:11:00,21.728,21.728,21.708,21.708,14.0,BTU
2024-05-02 06:58:00,21.668,21.668,21.668,21.668,37.0,BTU
2024-05-02 06:54:00,21.678,21.678,21.588,21.588,71.0,BTU
2024-05-01 19:53:00,21.528,21.528,21.528,21.528,144.0,BTU
2024-05-01 19:45:00,21.478,21.478,21.478,21.478,38.0,BTU
2024-05-01 19:42:00,21.528,21.528,21.528,21.528,0.0,BTU
2024-05-01 19:33:00,21.528,21.528,21.508,21.508,1.0,BTU
2024-05-01 19:00:00,21.369,21.369,21.369,21.369,278477.0,BTU
2024-05-01 18:30:00,21.369,21.369,21.369,21.369,278477.0,BTU
2024-05-01 18:05:00,21.526,21.526,21.526,21.526,0.0,BTU
2024-05-01 18:03:00,21.528,21.528,21.528,21.528,576.0,BTU
2024-05-01 18:02:00,21.518,21.528,21.518,21.528,289.0,BTU
2024-05-01 17:32:00,21.558,21.558,21.558,21.558,0.0,BTU
2024-05-01 17:21:00,21.708,21.708,21.708,21.708,4.0,BTU
2024-05-01 17:20:00,21.389,21.389,21.389,21.389,240.0,BTU
2024-05-01 16:54:00,21.558,21.558,21.558,21.558,3.0,BTU
2024-05-01 16:52:00,21.429,21.429,21.429,21.429,35.0,BTU
2024-05-01 16:45:00,21.488,21.488,21.488,21.488,4.0,BTU
2024-05-01 16:20:00,21.369,21.369,21.369,21.369,42.0,BTU
2024-05-01 16:18:00,21.478,21.478,21.478,21.478,33.0,BTU
2024-05-01 16:11:00,21.588,21.588,21.588,21.588,192.0,BTU
2024-05-01 16:10:00,21.369,21.369,21.369,21.369,278477.0,BTU
2024-05-01 16:01:00,21.369,21.369,21.369,21.369,1973.0,BTU
2024-05-01 16:00:00,21.369,21.369,21.364,21.369,602764.0,BTU
2024-05-01 15:59:00,21.364,21.379,21.349,21.369,128487.0,BTU
2024-05-01 15:58:00,21.349,21.369,21.339,21.364,96081.0,BTU
2024-05-01 15:57:00,21.374,21.374,21.329,21.344,63781.0,BTU
2024-05-01 15:56:00,21.369,21.379,21.359,21.374,49179.0,BTU
2024-05-01 15:55:00,21.369,21.374,21.329,21.364,86198.0,BTU
2024-05-01 15:54:00,21.394,21.399,21.364,21.364,21093.0,BTU
2024-05-01 15:53:00,21.404,21.414,21.384,21.394,30335.0,BTU
2024-05-01 15:52:00,21.389,21.409,21.379,21.404,42772.0,BTU
2024-05-01 15:51:00,21.389,21.414,21.384,21.389,43030.0,BTU
2024-05-01 15:50:00,21.429,21.429,21.359,21.384,151552.0,BTU
2024-05-01 15:49:00,21.404,21.439,21.399,21.434,24864.0,BTU
2024-05-01 15:48:00,21.404,21.414,21.394,21.404,31040.0,BTU
2024-05-01 15:47:00,21.439,21.443,21.399,21.404,22805.0,BTU
2024-05-01 15:46:00,21.414,21.458,21.414,21.439,40276.0,BTU
2024-05-01 15:45:00,21.404,21.414,21.394,21.414,19921.0,BTU
2024-05-01 15:44:00,21.359,21.404,21.359,21.404,23596.0,BTU
2024-05-01 15:43:00,21.384,21.389,21.364,21.364,11829.0,BTU
2024-05-01 15:42:00,21.394,21.394,21.369,21.384,19221.0,BTU
2024-05-01 15:41:00,21.429,21.429,21.389,21.394,19923.0,BTU
2024-05-01 15:40:00,21.414,21.429,21.411,21.424,16279.0,BTU
2024-05-01 15:39:00,21.384,21.414,21.374,21.414,25101.0,BTU
2024-05-01 15:38:00,21.379,21.389,21.374,21.379,9472.0,BTU
2024-05-01 15:37:00,21.394,21.394,21.374,21.374,10191.0,BTU
2024-05-01 15:36:00,21.414,21.414,21.394,21.394,11447.0,BTU
2024-05-01 15:35:00,21.399,21.414,21.384,21.414,10250.0,BTU
2024-05-01 15:34:00,21.424,21.429,21.394,21.404,13178.0,BTU
2024-05-01 15:33:00,21.399,21.424,21.394,21.424,18769.0,BTU
2024-05-01 15:32:00,21.434,21.434,21.399,21.404,9884.0,BTU
2024-05-01 15:31:00,21.443,21.448,21.429,21.429,10500.0,BTU
2024-05-01 15:30:00,21.458,21.458,21.424,21.443,20421.0,BTU
2024-05-01 15:29:00,21.483,21.488,21.458,21.458,9693.0,BTU
2024-05-01 15:28:00,21.503,21.508,21.468,21.478,21915.0,BTU
2024-05-01 15:27:00,21.518,21.553,21.503,21.503,28119.0,BTU
2024-05-01 15:26:00,21.493,21.516,21.493,21.513,3725.0,BTU
2024-05-01 15:25:00,21.508,21.513,21.493,21.493,9601.0,BTU
2024-05-01 15:24:00,21.508,21.518,21.503,21.503,10327.0,BTU
2024-05-01 15:23:00,21.473,21.507,21.473,21.503,6861.0,BTU
2024-05-01 15:22:00,21.483,21.483,21.458,21.473,9216.0,BTU
2024-05-01 15:21:00,21.478,21.488,21.453,21.483,14166.0,BTU
2024-05-01 15:20:00,21.493,21.498,21.458,21.486,25762.0,BTU
2024-05-01 15:19:00,21.508,21.518,21.483,21.488,9975.0,BTU
2024-05-01 15:18:00,21.513,21.518,21.498,21.503,6373.0,BTU
2024-05-01 15:17:00,21.518,21.518,21.503,21.513,8416.0,BTU
2024-05-01 15:16:00,21.548,21.548,21.508,21.508,7528.0,BTU
2024-05-01 15:15:00,21.573,21.583,21.553,21.553,8917.0,BTU
2024-05-01 15:14:00,21.568,21.573,21.533,21.573,30989.0,BTU
2024-05-01 15:13:00,21.548,21.573,21.533,21.568,9871.0,BTU
2024-05-01 15:12:00,21.523,21.568,21.519,21.548,19215.0,BTU
2024-05-01 15:11:00,21.548,21.558,21.523,21.523,5019.0,BTU
2024-05-01 15:10:00,21.578,21.578,21.543,21.543,9191.0,BTU
2024-05-01 15:09:00,21.578,21.583,21.573,21.583,2970.0,BTU
2024-05-01 15:08:00,21.588,21.603,21.583,21.588,11600.0,BTU
2024-05-01 15:07:00,21.543,21.598,21.543,21.583,10740.0,BTU
2024-05-01 15:06:00,21.563,21.563,21.543,21.543,3034.0,BTU
2024-05-01 15:05:00,21.588,21.588,21.558,21.568,9531.0,BTU
2024-05-01 15:04:00,21.628,21.633,21.593,21.598,7032.0,BTU
2024-05-01 15:03:00,21.643,21.643,21.603,21.623,5853.0,BTU
2024-05-01 15:02:00,21.673,21.678,21.648,21.648,6060.0,BTU
2024-05-01 15:01:00,21.678,21.708,21.663,21.663,15777.0,BTU
2024-05-01 15:00:00,21.653,21.675,21.653,21.673,6377.0,BTU
2024-05-01 14:59:00,21.657,21.658,21.633,21.653,8640.0,BTU
2024-05-01 14:58:00,21.633,21.653,21.633,21.653,7943.0,BTU
2024-05-01 14:57:00,21.623,21.653,21.623,21.633,5010.0,BTU
2024-05-01 14:56:00,21.653,21.658,21.613,21.623,7586.0,BTU
2024-05-01 14:55:00,21.648,21.658,21.643,21.643,11394.0,BTU
2024-05-01 14:54:00,21.608,21.655,21.603,21.653,7121.0,BTU
2024-05-01 14:53:00,21.613,21.643,21.593,21.608,11141.0,BTU
2024-05-01 14:52:00,21.608,21.613,21.598,21.613,7814.0,BTU
2024-05-01 14:51:00,21.598,21.603,21.578,21.603,10032.0,BTU
2024-05-01 14:50:00,21.568,21.603,21.563,21.603,8536.0,BTU
2024-05-01 14:49:00,21.563,21.578,21.553,21.553,12156.0,BTU
2024-05-01 14:48:00,21.598,21.598,21.558,21.563,6401.0,BTU
2024-05-01 14:47:00,21.553,21.598,21.548,21.598,10064.0,BTU
2024-05-01 14:46:00,21.593,21.593,21.553,21.553,6416.0,BTU
2024-05-01 14:45:00,21.628,21.633,21.583,21.598,6146.0,BTU
2024-05-01 14:44:00,21.588,21.638,21.583,21.628,11668.0,BTU
2024-05-01 14:43:00,21.603,21.603,21.563,21.578,7873.0,BTU
2024-05-01 14:42:00,21.618,21.618,21.583,21.598,5780.0,BTU
2024-05-01 14:41:00,21.603,21.623,21.603,21.613,13885.0,BTU
2024-05-01 14:40:00,21.573,21.608,21.558,21.608,11502.0,BTU
2024-05-01 14:39:00,21.518,21.583,21.518,21.578,32720.0,BTU
2024-05-01 14:38:00,21.488,21.528,21.488,21.518,8898.0,BTU
2024-05-01 14:37:00,21.478,21.488,21.453,21.483,5487.0,BTU
2024-05-01 14:36:00,21.443,21.503,21.443,21.488,3740.0,BTU
2024-05-01 14:35:00,21.503,21.503,21.429,21.443,9747.0,BTU
2024-05-01 14:34:00,21.468,21.503,21.463,21.503,6354.0,BTU
2024-05-01 14:33:00,21.394,21.478,21.394,21.473,8344.0,BTU
2024-05-01 14:32:00,21.404,21.404,21.374,21.399,6165.0,BTU
2024-05-01 14:31:00,21.473,21.483,21.404,21.404,10105.0,BTU
2024-05-01 14:30:00,21.463,21.478,21.448,21.476,10862.0,BTU
2024-05-01 14:29:00,21.448,21.468,21.448,21.463,4021.0,BTU
2024-05-01 14:28:00,21.424,21.448,21.424,21.443,4030.0,BTU
2024-05-01 14:27:00,21.419,21.439,21.414,21.424,6764.0,BTU
2024-05-01 14:26:00,21.394,21.414,21.394,21.414,4175.0,BTU
2024-05-01 14:25:00,21.389,21.404,21.384,21.394,5563.0,BTU
2024-05-01 14:24:00,21.399,21.399,21.394,21.394,726.0,BTU
2024-05-01 14:23:00,21.369,21.399,21.359,21.394,11056.0,BTU
2024-05-01 14:22:00,21.414,21.414,21.379,21.379,2394.0,BTU
2024-05-01 14:21:00,21.424,21.424,21.414,21.414,2616.0,BTU
2024-05-01 14:20:00,21.394,21.424,21.384,21.424,13290.0,BTU
2024-05-01 14:19:00,21.394,21.394,21.374,21.394,5278.0,BTU
2024-05-01 14:18:00,21.369,21.398,21.369,21.394,19737.0,BTU
2024-05-01 14:17:00,21.359,21.374,21.354,21.369,5203.0,BTU
2024-05-01 14:16:00,21.369,21.374,21.349,21.359,6948.0,BTU
2024-05-01 14:15:00,21.364,21.379,21.364,21.374,4932.0,BTU
2024-05-01 14:14:00,21.359,21.399,21.359,21.364,8050.0,BTU
2024-05-01 14:13:00,21.453,21.453,21.359,21.369,17789.0,BTU
2024-05-01 14:12:00,21.443,21.453,21.443,21.448,1312.0,BTU
2024-05-01 14:11:00,21.439,21.439,21.429,21.439,3169.0,BTU
2024-05-01 14:10:00,21.463,21.468,21.443,21.443,4795.0,BTU
2024-05-01 14:09:00,21.419,21.458,21.419,21.453,10418.0,BTU
2024-05-01 14:08:00,21.419,21.429,21.414,21.424,10418.0,BTU
2024-05-01 14:07:00,21.409,21.443,21.409,21.414,5032.0,BTU
2024-05-01 14:06:00,21.419,21.424,21.399,21.404,4952.0,BTU
2024-05-01 14:05:00,21.429,21.443,21.414,21.419,20125.0,BTU
2024-05-01 14:04:00,21.439,21.439,21.414,21.429,6921.0,BTU
2024-05-01 14:03:00,21.429,21.439,21.419,21.439,7076.0,BTU
2024-05-01 14:02:00,21.389,21.424,21.389,21.419,8686.0,BTU
2024-05-01 14:01:00,21.399,21.414,21.376,21.379,8807.0,BTU
2024-05-01 14:00:00,21.349,21.419,21.349,21.404,15822.0,BTU
2024-05-01 13:59:00,21.374,21.379,21.339,21.349,9984.0,BTU
2024-05-01 13:58:00,21.349,21.379,21.349,21.374,27420.0,BTU
2024-05-01 13:57:00,21.369,21.374,21.359,21.359,3017.0,BTU
2024-05-01 13:56:00,21.369,21.374,21.364,21.374,1750.0,BTU
2024-05-01 13:55:00,21.364,21.369,21.354,21.369,2957.0,BTU
2024-05-01 13:54:00,21.319,21.364,21.269,21.364,74159.0,BTU
2024-05-01 13:53:00,21.294,21.319,21.289,21.319,5920.0,BTU
2024-05-01 13:52:00,21.274,21.299,21.269,21.299,5556.0,BTU
2024-05-01 13:51:00,21.309,21.309,21.269,21.279,13551.0,BTU
2024-05-01 13:50:00,21.389,21.389,21.289,21.319,84504.0,BTU
2024-05-01 13:49:00,21.399,21.399,21.394,21.399,610.0,BTU
2024-05-01 13:48:00,21.414,21.419,21.384,21.389,24272.0,BTU
2024-05-01 13:47:00,21.414,21.419,21.414,21.414,8028.0,BTU
2024-05-01 13:46:00,21.414,21.414,21.414,21.414,688.0,BTU
2024-05-01 13:45:00,21.419,21.419,21.414,21.414,934.0,BTU
2024-05-01 13:44:00,21.434,21.443,21.429,21.429,4813.0,BTU
2024-05-01 13:43:00,21.394,21.439,21.394,21.434,12120.0,BTU
2024-05-01 13:42:00,21.409,21.409,21.389,21.389,9464.0,BTU
2024-05-01 13:41:00,21.429,21.429,21.409,21.414,1835.0,BTU
2024-05-01 13:40:00,21.429,21.434,21.419,21.431,4192.0,BTU
2024-05-01 13:39:00,21.434,21.434,21.431,21.431,656.0,BTU
2024-05-01 13:38:00,21.409,21.439,21.404,21.434,4911.0,BTU
2024-05-01 13:37:00,21.434,21.439,21.404,21.419,16737.0,BTU
2024-05-01 13:36:00,21.458,21.458,21.429,21.434,4837.0,BTU
2024-05-01 13:35:00,21.473,21.473,21.458,21.463,6346.0,BTU
2024-05-01 13:34:00,21.478,21.483,21.473,21.478,3083.0,BTU
2024-05-01 13:33:00,21.493,21.493,21.473,21.473,6529.0,BTU
2024-05-01 13:32:00,21.488,21.498,21.488,21.498,7721.0,BTU
2024-05-01 13:30:00,21.478,21.483,21.478,21.483,1736.0,BTU
2024-05-01 13:29:00,21.478,21.478,21.478,21.478,1265.0,BTU
2024-05-01 13:28:00,21.478,21.483,21.473,21.483,3133.0,BTU
2024-05-01 13:27:00,21.483,21.483,21.478,21.483,1205.0,BTU
2024-05-01 13:26:00,21.488,21.488,21.478,21.478,1527.0,BTU
2024-05-01 13:25:00,21.473,21.493,21.473,21.483,3805.0,BTU
2024-05-01 13:24:00,21.473,21.478,21.468,21.478,352.0,BTU
2024-05-01 13:23:00,21.468,21.478,21.463,21.473,11622.0,BTU
2024-05-01 13:22:00,21.468,21.473,21.468,21.468,2671.0,BTU
2024-05-01 13:21:00,21.468,21.473,21.463,21.463,4878.0,BTU
2024-05-01 13:20:00,21.473,21.478,21.473,21.473,680.0,BTU
2024-05-01 13:19:00,21.468,21.473,21.468,21.473,2138.0,BTU
2024-05-01 13:18:00,21.468,21.468,21.463,21.468,2019.0,BTU
2024-05-01 13:17:00,21.463,21.463,21.463,21.463,1049.0,BTU
2024-05-01 13:16:00,21.458,21.468,21.448,21.468,5604.0,BTU
2024-05-01 13:15:00,21.443,21.458,21.439,21.453,4082.0,BTU
2024-05-01 13:14:00,21.468,21.468,21.443,21.443,3288.0,BTU
2024-05-01 13:13:00,21.473,21.473,21.463,21.473,2160.0,BTU
2024-05-01 13:12:00,21.49,21.493,21.468,21.478,3187.0,BTU
2024-05-01 13:11:00,21.473,21.493,21.473,21.493,4840.0,BTU
2024-05-01 13:10:00,21.468,21.478,21.468,21.473,1449.0,BTU
2024-05-01 13:09:00,21.463,21.468,21.463,21.468,2503.0,BTU
2024-05-01 13:08:00,21.473,21.473,21.463,21.468,5927.0,BTU
2024-05-01 13:07:00,21.473,21.473,21.473,21.473,558.0,BTU
2024-05-01 13:06:00,21.478,21.478,21.468,21.473,1459.0,BTU
2024-05-01 13:05:00,21.493,21.493,21.477,21.478,5999.0,BTU
2024-05-01 13:04:00,21.478,21.493,21.478,21.49,3404.0,BTU
2024-05-01 13:03:00,21.473,21.478,21.468,21.478,1488.0,BTU
2024-05-01 13:01:00,21.473,21.493,21.468,21.478,5126.0,BTU
2024-05-01 13:00:00,21.473,21.473,21.473,21.473,657.0,BTU
2024-05-01 12:59:00,21.448,21.473,21.448,21.473,5124.0,BTU
2024-05-01 12:58:00,21.424,21.439,21.419,21.439,3456.0,BTU
2024-05-01 12:57:00,21.439,21.439,21.424,21.424,4489.0,BTU
2024-05-01 12:56:00,21.458,21.458,21.439,21.439,6397.0,BTU
2024-05-01 12:55:00,21.443,21.463,21.443,21.458,6707.0,BTU
2024-05-01 12:54:00,21.443,21.443,21.443,21.443,4419.0,BTU
2024-05-01 12:53:00,21.453,21.463,21.443,21.448,19343.0,BTU
2024-05-01 12:52:00,21.404,21.458,21.404,21.458,9204.0,BTU
2024-05-01 12:51:00,21.409,21.424,21.399,21.409,12818.0,BTU
2024-05-01 12:50:00,21.419,21.419,21.409,21.414,7728.0,BTU
2024-05-01 12:49:00,21.443,21.448,21.424,21.424,2798.0,BTU
2024-05-01 12:48:00,21.416,21.448,21.416,21.448,6071.0,BTU
2024-05-01 12:47:00,21.404,21.418,21.404,21.418,2214.0,BTU
2024-05-01 12:46:00,21.414,21.414,21.404,21.404,3874.0,BTU
2024-05-01 12:45:00,21.424,21.434,21.414,21.414,5326.0,BTU
2024-05-01 12:44:00,21.443,21.448,21.424,21.424,6051.0,BTU
2024-05-01 12:43:00,21.448,21.453,21.443,21.447,2178.0,BTU
2024-05-01 12:42:00,21.458,21.458,21.439,21.443,9956.0,BTU
2024-05-01 12:41:00,21.453,21.468,21.453,21.458,2504.0,BTU
2024-05-01 12:40:00,21.473,21.478,21.453,21.453,3808.0,BTU
2024-05-01 12:39:00,21.478,21.493,21.473,21.488,4883.0,BTU
2024-05-01 12:38:00,21.478,21.483,21.478,21.483,1442.0,BTU
2024-05-01 12:37:00,21.473,21.473,21.458,21.468,3197.0,BTU
2024-05-01 12:36:00,21.498,21.498,21.473,21.473,3411.0,BTU
2024-05-01 12:35:00,21.508,21.508,21.508,21.508,791.0,BTU
2024-05-01 12:34:00,21.488,21.513,21.483,21.513,4635.0,BTU
2024-05-01 12:33:00,21.489,21.496,21.489,21.496,1445.0,BTU
2024-05-01 12:32:00,21.483,21.493,21.483,21.493,3118.0,BTU
2024-05-01 12:31:00,21.498,21.498,21.483,21.483,3373.0,BTU
2024-05-01 12:30:00,21.498,21.508,21.493,21.503,1427.0,BTU
2024-05-01 12:29:00,21.503,21.518,21.501,21.508,5915.0,BTU
2024-05-01 12:28:00,21.503,21.503,21.498,21.503,3422.0,BTU
2024-05-01 12:27:00,21.503,21.503,21.503,21.503,438.0,BTU
2024-05-01 12:26:00,21.528,21.528,21.503,21.503,4810.0,BTU
2024-05-01 12:25:00,21.527,21.527,21.521,21.523,1374.0,BTU
2024-05-01 12:24:00,21.523,21.528,21.518,21.523,4040.0,BTU
2024-05-01 12:23:00,21.508,21.543,21.506,21.524,5875.0,BTU
2024-05-01 12:22:00,21.503,21.518,21.503,21.503,3088.0,BTU
2024-05-01 12:21:00,21.493,21.503,21.493,21.503,1491.0,BTU
2024-05-01 12:20:00,21.493,21.493,21.488,21.493,4436.0,BTU
2024-05-01 12:19:00,21.468,21.498,21.468,21.488,4031.0,BTU
2024-05-01 12:18:00,21.503,21.503,21.473,21.473,3201.0,BTU
2024-05-01 12:17:00,21.483,21.508,21.483,21.503,11339.0,BTU
2024-05-01 12:16:00,21.448,21.478,21.448,21.478,4235.0,BTU
2024-05-01 12:15:00,21.448,21.453,21.443,21.448,2996.0,BTU
2024-05-01 12:14:00,21.453,21.453,21.448,21.448,1194.0,BTU
2024-05-01 12:13:00,21.429,21.458,21.424,21.458,12110.0,BTU
2024-05-01 12:12:00,21.458,21.468,21.429,21.429,24878.0,BTU
2024-05-01 12:11:00,21.478,21.483,21.448,21.458,15965.0,BTU
2024-05-01 12:10:00,21.508,21.508,21.478,21.478,3870.0,BTU
2024-05-01 12:09:00,21.517,21.517,21.508,21.508,3189.0,BTU
2024-05-01 12:08:00,21.523,21.523,21.498,21.508,6019.0,BTU
2024-05-01 12:07:00,21.523,21.523,21.519,21.523,1610.0,BTU
2024-05-01 12:06:00,21.528,21.528,21.523,21.523,385.0,BTU
2024-05-01 12:05:00,21.498,21.528,21.498,21.523,2887.0,BTU
2024-05-01 12:04:00,21.493,21.498,21.483,21.493,7112.0,BTU
2024-05-01 12:03:00,21.503,21.523,21.498,21.503,3385.0,BTU
2024-05-01 12:02:00,21.493,21.508,21.493,21.503,6848.0,BTU
2024-05-01 12:01:00,21.498,21.498,21.473,21.488,8789.0,BTU
2024-05-01 12:00:00,21.493,21.513,21.478,21.498,23648.0,BTU
2024-05-01 11:59:00,21.498,21.503,21.488,21.498,12769.0,BTU
2024-05-01 11:58:00,21.488,21.503,21.488,21.498,5260.0,BTU
2024-05-01 11:57:00,21.523,21.528,21.478,21.488,26972.0,BTU
2024-05-01 11:56:00,21.523,21.533,21.518,21.518,5431.0,BTU
2024-05-01 11:55:00,21.508,21.523,21.508,21.523,8594.0,BTU
2024-05-01 11:54:00,21.578,21.578,21.518,21.518,10668.0,BTU
2024-05-01 11:53:00,21.578,21.578,21.558,21.578,4970.0,BTU
2024-05-01 11:52:00,21.583,21.588,21.583,21.583,1953.0,BTU
2024-05-01 11:51:00,21.588,21.588,21.578,21.588,1894.0,BTU
2024-05-01 11:50:00,21.578,21.598,21.578,21.588,4194.0,BTU
2024-05-01 11:49:00,21.588,21.588,21.578,21.583,2283.0,BTU
2024-05-01 11:48:00,21.533,21.588,21.533,21.583,7022.0,BTU
2024-05-01 11:47:00,21.538,21.543,21.533,21.533,4952.0,BTU
2024-05-01 11:46:00,21.533,21.538,21.523,21.538,12358.0,BTU
2024-05-01 11:45:00,21.528,21.538,21.528,21.533,3738.0,BTU
2024-05-01 11:44:00,21.533,21.538,21.498,21.528,20428.0,BTU
2024-05-01 11:43:00,21.548,21.548,21.538,21.543,3391.0,BTU
2024-05-01 11:42:00,21.573,21.573,21.543,21.548,2551.0,BTU
2024-05-01 11:41:00,21.598,21.598,21.588,21.588,1670.0,BTU
2024-05-01 11:40:00,21.623,21.623,21.588,21.588,3869.0,BTU
2024-05-01 11:39:00,21.618,21.628,21.618,21.628,3552.0,BTU
2024-05-01 11:38:00,21.608,21.618,21.603,21.613,1605.0,BTU
2024-05-01 11:37:00,21.608,21.613,21.608,21.613,1493.0,BTU
2024-05-01 11:36:00,21.588,21.623,21.578,21.618,4127.0,BTU
2024-05-01 11:35:00,21.622,21.622,21.558,21.583,11488.0,BTU
2024-05-01 11:34:00,21.616,21.663,21.613,21.613,22872.0,BTU
2024-05-01 11:33:00,21.598,21.618,21.598,21.613,3654.0,BTU
2024-05-01 11:32:00,21.607,21.607,21.603,21.603,2008.0,BTU
2024-05-01 11:31:00,21.578,21.608,21.568,21.598,21159.0,BTU
2024-05-01 11:30:00,21.578,21.583,21.578,21.583,1225.0,BTU
2024-05-01 11:29:00,21.598,21.598,21.578,21.578,2839.0,BTU
2024-05-01 11:28:00,21.578,21.603,21.578,21.603,2859.0,BTU
2024-05-01 11:27:00,21.588,21.588,21.568,21.568,6286.0,BTU
2024-05-01 11:26:00,21.598,21.605,21.568,21.598,10640.0,BTU
2024-05-01 11:25:00,21.603,21.608,21.588,21.588,5825.0,BTU
2024-05-01 11:24:00,21.603,21.608,21.603,21.603,2448.0,BTU
2024-05-01 11:23:00,21.598,21.618,21.593,21.603,8693.0,BTU
2024-05-01 11:22:00,21.623,21.628,21.603,21.603,5147.0,BTU
2024-05-01 11:21:00,21.613,21.628,21.613,21.628,3651.0,BTU
2024-05-01 11:20:00,21.588,21.618,21.588,21.608,6623.0,BTU
2024-05-01 11:19:00,21.613,21.623,21.583,21.583,9780.0,BTU
2024-05-01 11:18:00,21.618,21.618,21.613,21.613,991.0,BTU
2024-05-01 11:17:00,21.633,21.638,21.623,21.623,3202.0,BTU
2024-05-01 11:16:00,21.623,21.638,21.623,21.638,1251.0,BTU
2024-05-01 11:15:00,21.613,21.643,21.613,21.618,3695.0,BTU
2024-05-01 11:14:00,21.643,21.643,21.613,21.613,9447.0,BTU
2024-05-01 11:13:00,21.658,21.663,21.648,21.653,4275.0,BTU
2024-05-01 11:12:00,21.628,21.663,21.628,21.648,10818.0,BTU
2024-05-01 11:11:00,21.638,21.638,21.618,21.638,2086.0,BTU
2024-05-01 11:10:00,21.648,21.653,21.628,21.643,10884.0,BTU
2024-05-01 11:09:00,21.668,21.683,21.658,21.658,6597.0,BTU
2024-05-01 11:08:00,21.698,21.698,21.678,21.678,6628.0,BTU
2024-05-01 11:07:00,21.708,21.708,21.693,21.698,1887.0,BTU
2024-05-01 11:06:00,21.668,21.708,21.668,21.708,4056.0,BTU
2024-05-01 11:05:00,21.618,21.693,21.618,21.658,10880.0,BTU
2024-05-01 11:04:00,21.588,21.613,21.568,21.613,4013.0,BTU
2024-05-01 11:03:00,21.568,21.593,21.558,21.588,5828.0,BTU
2024-05-01 11:02:00,21.588,21.588,21.558,21.568,8893.0,BTU
2024-05-01 11:01:00,21.553,21.598,21.538,21.583,18827.0,BTU
2024-05-01 11:00:00,21.513,21.558,21.508,21.553,57592.0,BTU
2024-05-01 10:59:00,21.523,21.528,21.513,21.518,4837.0,BTU
2024-05-01 10:58:00,21.563,21.563,21.518,21.519,12597.0,BTU
2024-05-01 10:57:00,21.538,21.578,21.533,21.568,11988.0,BTU
2024-05-01 10:56:00,21.508,21.538,21.503,21.538,4574.0,BTU
2024-05-01 10:55:00,21.538,21.538,21.498,21.498,6338.0,BTU
2024-05-01 10:54:00,21.533,21.538,21.528,21.528,4904.0,BTU
2024-05-01 10:53:00,21.543,21.543,21.528,21.533,37671.0,BTU
2024-05-01 10:52:00,21.568,21.587,21.538,21.548,10308.0,BTU
2024-05-01 10:51:00,21.548,21.588,21.548,21.578,20638.0,BTU
2024-05-01 10:50:00,21.593,21.593,21.553,21.553,36842.0,BTU
2024-05-01 10:49:00,21.598,21.603,21.593,21.598,2311.0,BTU
2024-05-01 10:48:00,21.618,21.618,21.598,21.606,2587.0,BTU
2024-05-01 10:47:00,21.598,21.628,21.598,21.628,2085.0,BTU
2024-05-01 10:46:00,21.608,21.638,21.588,21.588,6301.0,BTU
2024-05-01 10:45:00,21.558,21.598,21.558,21.598,2409.0,BTU
2024-05-01 10:44:00,21.523,21.563,21.523,21.563,39023.0,BTU
2024-05-01 10:43:00,21.518,21.533,21.518,21.528,12750.0,BTU
2024-05-01 10:42:00,21.548,21.548,21.508,21.518,12033.0,BTU
2024-05-01 10:41:00,21.558,21.558,21.538,21.553,14796.0,BTU
2024-05-01 10:40:00,21.553,21.563,21.553,21.558,2347.0,BTU
2024-05-01 10:39:00,21.573,21.588,21.548,21.553,26479.0,BTU
2024-05-01 10:38:00,21.593,21.593,21.558,21.573,11645.0,BTU
2024-05-01 10:37:00,21.633,21.638,21.588,21.598,13234.0,BTU
2024-05-01 10:36:00,21.628,21.628,21.603,21.608,5949.0,BTU
2024-05-01 10:35:00,21.598,21.633,21.598,21.633,3525.0,BTU
2024-05-01 10:34:00,21.598,21.598,21.578,21.593,8846.0,BTU
2024-05-01 10:33:00,21.598,21.613,21.593,21.603,13794.0,BTU
2024-05-01 10:32:00,21.598,21.618,21.598,21.603,5553.0,BTU
2024-05-01 10:31:00,21.648,21.648,21.603,21.608,25019.0,BTU
2024-05-01 10:30:00,21.668,21.668,21.648,21.654,6436.0,BTU
2024-05-01 10:29:00,21.688,21.688,21.668,21.678,1540.0,BTU
2024-05-01 10:28:00,21.728,21.728,21.698,21.698,2795.0,BTU
2024-05-01 10:27:00,21.698,21.728,21.693,21.723,5382.0,BTU
2024-05-01 10:26:00,21.728,21.733,21.693,21.698,12029.0,BTU
2024-05-01 10:25:00,21.767,21.777,21.708,21.718,9974.0,BTU
2024-05-01 10:24:00,21.767,21.777,21.757,21.777,3697.0,BTU
2024-05-01 10:23:00,21.767,21.772,21.742,21.767,9371.0,BTU
2024-05-01 10:22:00,21.772,21.772,21.772,21.772,622.0,BTU
2024-05-01 10:21:00,21.782,21.787,21.767,21.767,9657.0,BTU
2024-05-01 10:20:00,21.762,21.787,21.762,21.777,5172.0,BTU
2024-05-01 10:19:00,21.757,21.757,21.757,21.757,1575.0,BTU
2024-05-01 10:18:00,21.762,21.762,21.738,21.747,2299.0,BTU
2024-05-01 10:17:00,21.77,21.777,21.747,21.767,4221.0,BTU
2024-05-01 10:16:00,21.797,21.797,21.762,21.772,8045.0,BTU
2024-05-01 10:15:00,21.807,21.827,21.797,21.802,5000.0,BTU
2024-05-01 10:14:00,21.757,21.797,21.752,21.797,4503.0,BTU
2024-05-01 10:13:00,21.787,21.787,21.757,21.757,2809.0,BTU
2024-05-01 10:12:00,21.797,21.797,21.795,21.795,761.0,BTU
2024-05-01 10:11:00,21.797,21.812,21.797,21.807,2752.0,BTU
2024-05-01 10:10:00,21.832,21.832,21.757,21.787,6959.0,BTU
2024-05-01 10:09:00,21.872,21.872,21.827,21.847,9000.0,BTU
2024-05-01 10:08:00,21.847,21.887,21.847,21.877,2590.0,BTU
2024-05-01 10:07:00,21.837,21.852,21.837,21.852,5926.0,BTU
2024-05-01 10:06:00,21.807,21.837,21.807,21.837,8982.0,BTU
2024-05-01 10:05:00,21.862,21.862,21.807,21.817,15137.0,BTU
2024-05-01 10:04:00,21.862,21.862,21.857,21.862,1145.0,BTU
2024-05-01 10:03:00,21.847,21.862,21.837,21.862,8951.0,BTU
2024-05-01 10:02:00,21.857,21.865,21.827,21.847,2449.0,BTU
2024-05-01 10:01:00,21.847,21.877,21.837,21.857,3235.0,BTU
2024-05-01 10:00:00,21.977,22.007,21.827,21.827,151925.0,BTU
2024-05-01 09:59:00,22.037,22.037,21.977,21.977,4421.0,BTU
2024-05-01 09:58:00,22.037,22.056,22.037,22.046,5805.0,BTU
2024-05-01 09:57:00,21.972,22.046,21.972,22.037,6613.0,BTU
2024-05-01 09:56:00,21.982,21.982,21.947,21.967,6238.0,BTU
2024-05-01 09:55:00,21.962,21.977,21.947,21.977,7297.0,BTU
2024-05-01 09:54:00,21.957,21.967,21.937,21.957,5892.0,BTU
2024-05-01 09:53:00,21.922,21.967,21.922,21.967,7105.0,BTU
2024-05-01 09:52:00,21.902,21.952,21.892,21.927,8592.0,BTU
2024-05-01 09:51:00,21.897,21.907,21.847,21.907,42893.0,BTU
2024-05-01 09:50:00,21.902,21.927,21.877,21.897,5359.0,BTU
2024-05-01 09:49:00,21.897,21.917,21.887,21.894,7723.0,BTU
2024-05-01 09:48:00,21.877,21.902,21.877,21.892,2998.0,BTU
2024-05-01 09:47:00,21.872,21.882,21.832,21.867,8844.0,BTU
2024-05-01 09:46:00,21.867,21.887,21.867,21.882,4917.0,BTU
2024-05-01 09:45:00,21.867,21.897,21.857,21.857,8275.0,BTU
2024-05-01 09:44:00,21.797,21.862,21.797,21.862,3063.0,BTU
2024-05-01 09:43:00,21.782,21.787,21.75,21.772,3895.0,BTU
2024-05-01 09:42:00,21.827,21.827,21.767,21.787,10408.0,BTU
2024-05-01 09:41:00,21.807,21.847,21.792,21.837,15503.0,BTU
2024-05-01 09:40:00,21.902,21.912,21.802,21.807,7692.0,BTU
2024-05-01 09:39:00,21.867,21.9,21.847,21.9,13096.0,BTU
2024-05-01 09:38:00,21.907,21.942,21.877,21.877,7202.0,BTU
2024-05-01 09:37:00,21.877,21.917,21.857,21.902,34860.0,BTU
2024-05-01 09:36:00,21.882,21.917,21.877,21.887,22220.0,BTU
2024-05-01 09:35:00,21.967,21.982,21.882,21.887,11578.0,BTU
2024-05-01 09:34:00,22.046,22.056,21.997,21.997,3800.0,BTU
2024-05-01 09:33:00,22.027,22.046,21.987,22.046,3180.0,BTU
2024-05-01 09:32:00,22.056,22.066,22.017,22.027,2321.0,BTU
2024-05-01 09:31:00,21.897,22.032,21.897,22.032,6069.0,BTU
2024-05-01 09:30:00,21.917,21.975,21.907,21.927,19175.0,BTU
2024-05-01 09:29:00,21.837,21.837,21.837,21.837,0.0,BTU
2024-05-01 09:28:00,21.977,22.037,21.977,21.977,153.0,BTU
2024-05-01 09:25:00,22.076,22.076,22.076,22.076,11.0,BTU
2024-05-01 09:24:00,21.997,22.345,21.997,22.196,1221.0,BTU
2024-05-01 09:23:00,21.877,21.997,21.877,21.997,482.0,BTU
2024-05-01 09:22:00,21.867,21.867,21.867,21.867,96.0,BTU
2024-05-01 09:20:00,21.837,21.837,21.837,21.837,1.0,BTU
2024-05-01 09:19:00,21.857,21.857,21.847,21.847,192.0,BTU
2024-05-01 09:16:00,21.827,21.827,21.827,21.827,2.0,BTU
2024-05-01 09:15:00,21.817,21.827,21.817,21.827,100.0,BTU
2024-05-01 09:10:00,21.817,21.817,21.817,21.817,3.0,BTU
2024-05-01 09:07:00,21.867,21.867,21.817,21.817,109.0,BTU
2024-05-01 09:06:00,21.927,21.927,21.927,21.927,1347.0,BTU
2024-05-01 09:05:00,21.797,21.837,21.767,21.787,2375.0,BTU
2024-05-01 09:04:00,21.787,21.787,21.787,21.787,3.0,BTU
2024-05-01 08:59:00,21.787,21.787,21.787,21.787,33.0,BTU
2024-05-01 08:55:00,21.708,21.708,21.708,21.708,5.0,BTU
2024-05-01 08:53:00,21.787,21.787,21.787,21.787,2.0,BTU
2024-05-01 08:52:00,21.787,21.787,21.787,21.787,144.0,BTU
2024-05-01 08:50:00,21.787,21.787,21.787,21.787,76.0,BTU
2024-05-01 08:47:00,21.787,21.787,21.787,21.787,9.0,BTU
2024-05-01 08:46:00,21.797,21.797,21.787,21.787,19.0,BTU
2024-05-01 08:45:00,21.787,21.797,21.787,21.797,13.0,BTU
2024-05-01 08:44:00,21.787,21.787,21.787,21.787,49.0,BTU
2024-05-01 08:43:00,21.787,21.787,21.787,21.787,7.0,BTU
2024-05-01 08:42:00,21.797,21.797,21.797,21.797,86.0,BTU
2024-05-01 08:41:00,21.787,21.787,21.787,21.787,222.0,BTU
2024-05-01 08:40:00,21.787,21.797,21.787,21.787,327.0,BTU
2024-05-01 08:39:00,21.787,21.787,21.787,21.787,333.0,BTU
2024-05-01 08:38:00,21.738,21.787,21.738,21.787,465.0,BTU
2024-05-01 08:32:00,21.488,21.698,21.478,21.698,353.0,BTU
2024-05-01 08:31:00,21.688,21.688,21.448,21.488,95.0,BTU
2024-05-01 08:30:00,21.927,21.927,21.787,21.807,8781.0,BTU
2024-05-01 08:29:00,21.967,21.977,21.967,21.967,32.0,BTU
2024-05-01 08:27:00,21.987,21.987,21.987,21.987,4.0,BTU
2024-05-01 08:15:00,21.997,21.997,21.937,21.937,96.0,BTU
2024-05-01 08:06:00,22.027,22.027,22.027,22.027,9.0,BTU
2024-05-01 08:05:00,21.907,21.907,21.907,21.907,96.0,BTU
2024-05-01 08:04:00,21.907,22.027,21.907,22.027,1.0,BTU
2024-05-01 08:03:00,22.156,22.156,21.867,21.907,678.0,BTU
2024-05-01 08:02:00,21.867,21.907,21.867,21.907,542.0,BTU
2024-05-01 08:00:00,21.947,21.947,21.947,21.947,38.0,BTU
2024-05-01 07:57:00,22.007,22.027,22.007,22.027,153.0,BTU
2024-05-01 07:48:00,22.037,22.037,22.037,22.037,28.0,BTU
2024-05-01 07:42:00,22.086,22.086,21.997,21.997,21.0,BTU
2024-05-01 07:40:00,21.977,21.977,21.977,21.977,38.0,BTU
2024-05-01 07:39:00,22.086,22.086,22.086,22.086,96.0,BTU
2024-05-01 07:32:00,22.096,22.096,22.096,22.096,38.0,BTU
2024-05-01 07:31:00,22.096,22.096,22.096,22.096,19.0,BTU
2024-05-01 07:26:00,22.086,22.106,22.086,22.096,221.0,BTU
2024-05-01 07:00:00,22.096,22.096,22.096,22.096,10.0,BTU
2024-04-30 19:31:00,22.106,22.106,22.106,22.106,481.0,BTU
2024-04-30 19:18:00,21.927,21.937,21.927,21.937,481.0,BTU
2024-04-30 19:17:00,21.937,21.937,21.937,21.937,0.0,BTU
2024-04-30 19:15:00,21.927,21.927,21.927,21.927,0.0,BTU
2024-04-30 19:11:00,21.937,21.937,21.937,21.937,0.0,BTU
2024-04-30 19:00:00,21.867,21.867,21.867,21.867,760231.0,BTU
2024-04-30 18:30:00,21.867,21.867,21.867,21.867,760231.0,BTU
2024-04-30 18:10:00,21.937,21.937,21.937,21.937,192.0,BTU
2024-04-30 18:08:00,22.017,22.027,21.927,21.927,781.0,BTU
2024-04-30 17:25:00,21.937,21.937,21.937,21.937,288.0,BTU
2024-04-30 17:16:00,22.027,22.027,22.027,22.027,0.0,BTU
2024-04-30 17:10:00,22.096,22.096,22.096,22.096,0.0,BTU
2024-04-30 17:09:00,22.096,22.096,22.096,22.096,1.0,BTU
2024-04-30 17:08:00,22.096,22.096,22.096,22.096,9.0,BTU
2024-04-30 17:02:00,22.096,22.096,22.096,22.096,3.0,BTU
2024-04-30 16:53:00,21.867,21.867,21.867,21.867,2828.0,BTU
2024-04-30 16:52:00,21.937,21.937,21.937,21.937,3.0,BTU
2024-04-30 16:39:00,22.096,22.096,22.096,22.096,96.0,BTU
2024-04-30 16:24:00,22.096,22.096,22.096,22.096,4.0,BTU
2024-04-30 16:21:00,21.927,22.096,21.927,22.096,482.0,BTU
2024-04-30 16:20:00,21.867,21.867,21.867,21.867,1050.0,BTU
2024-04-30 16:19:00,22.096,22.096,22.096,22.096,4.0,BTU
2024-04-30 16:17:00,21.917,21.917,21.917,21.917,1.0,BTU
2024-04-30 16:16:00,21.867,21.867,21.867,21.867,96.0,BTU
2024-04-30 16:10:00,21.867,21.867,21.867,21.867,760231.0,BTU
2024-04-30 16:08:00,21.927,21.927,21.927,21.927,0.0,BTU
2024-04-30 16:06:00,22.773,22.773,21.927,21.927,101.0,BTU
2024-04-30 16:03:00,22.106,22.106,22.106,22.106,1.0,BTU
2024-04-30 16:02:00,21.867,21.867,21.866,21.866,8305.0,BTU
2024-04-30 16:01:00,21.867,21.867,21.867,21.867,15589.0,BTU
2024-04-30 16:00:00,21.857,22.037,21.812,21.867,1895561.0,BTU
2024-04-30 15:59:00,21.852,21.857,21.807,21.857,244748.0,BTU
2024-04-30 15:58:00,21.852,21.862,21.837,21.847,97947.0,BTU
2024-04-30 15:57:00,21.867,21.877,21.847,21.852,97341.0,BTU
2024-04-30 15:56:00,21.902,21.907,21.857,21.862,74493.0,BTU
2024-04-30 15:55:00,21.907,21.917,21.892,21.902,74888.0,BTU
2024-04-30 15:54:00,21.892,21.917,21.892,21.912,59581.0,BTU
2024-04-30 15:53:00,21.897,21.897,21.857,21.892,75772.0,BTU
2024-04-30 15:52:00,21.927,21.937,21.892,21.892,108267.0,BTU
2024-04-30 15:51:00,21.942,21.942,21.917,21.927,44558.0,BTU
2024-04-30 15:50:00,22.032,22.032,21.947,21.947,121256.0,BTU
2024-04-30 15:49:00,22.032,22.032,22.012,22.032,32237.0,BTU
2024-04-30 15:48:00,22.037,22.041,22.017,22.032,23804.0,BTU
2024-04-30 15:47:00,22.017,22.046,22.017,22.037,38445.0,BTU
2024-04-30 15:46:00,22.037,22.041,22.017,22.017,35438.0,BTU
2024-04-30 15:45:00,22.022,22.037,22.022,22.032,17169.0,BTU
2024-04-30 15:44:00,22.037,22.041,22.017,22.017,8674.0,BTU
2024-04-30 15:43:00,22.085,22.086,22.027,22.027,18498.0,BTU
2024-04-30 15:42:00,22.091,22.096,22.066,22.081,33261.0,BTU
2024-04-30 15:41:00,22.061,22.096,22.056,22.091,21119.0,BTU
2024-04-30 15:40:00,22.056,22.081,22.046,22.056,21347.0,BTU
2024-04-30 15:39:00,22.096,22.096,22.056,22.061,20058.0,BTU
2024-04-30 15:38:00,22.116,22.116,22.096,22.101,13303.0,BTU
2024-04-30 15:37:00,22.086,22.116,22.076,22.111,32598.0,BTU
2024-04-30 15:36:00,22.066,22.086,22.066,22.084,40164.0,BTU
2024-04-30 15:35:00,22.096,22.096,22.066,22.066,12524.0,BTU
2024-04-30 15:34:00,22.116,22.126,22.096,22.106,22185.0,BTU
2024-04-30 15:33:00,22.141,22.141,22.116,22.121,10629.0,BTU
2024-04-30 15:32:00,22.151,22.151,22.136,22.141,5830.0,BTU
2024-04-30 15:31:00,22.181,22.186,22.146,22.151,35618.0,BTU
2024-04-30 15:30:00,22.201,22.205,22.181,22.181,8017.0,BTU
2024-04-30 15:29:00,22.191,22.206,22.186,22.206,5322.0,BTU
2024-04-30 15:28:00,22.156,22.196,22.151,22.196,11489.0,BTU
2024-04-30 15:27:00,22.116,22.151,22.086,22.151,16271.0,BTU
2024-04-30 15:26:00,22.116,22.121,22.111,22.116,15257.0,BTU
2024-04-30 15:25:00,22.136,22.141,22.125,22.125,9477.0,BTU
2024-04-30 15:24:00,22.121,22.141,22.116,22.136,9107.0,BTU
2024-04-30 15:23:00,22.126,22.131,22.111,22.116,13206.0,BTU
2024-04-30 15:22:00,22.156,22.161,22.116,22.121,18046.0,BTU
2024-04-30 15:21:00,22.131,22.166,22.126,22.166,14149.0,BTU
2024-04-30 15:20:00,22.096,22.126,22.096,22.121,25084.0,BTU
2024-04-30 15:19:00,22.126,22.126,22.086,22.091,12407.0,BTU
2024-04-30 15:18:00,22.121,22.131,22.116,22.131,20304.0,BTU
2024-04-30 15:17:00,22.111,22.126,22.106,22.126,9332.0,BTU
2024-04-30 15:16:00,22.121,22.121,22.091,22.106,17316.0,BTU
2024-04-30 15:15:00,22.136,22.146,22.116,22.116,29842.0,BTU
2024-04-30 15:14:00,22.166,22.171,22.136,22.136,12133.0,BTU
2024-04-30 15:13:00,22.196,22.206,22.166,22.166,10185.0,BTU
2024-04-30 15:12:00,22.196,22.201,22.181,22.186,21814.0,BTU
2024-04-30 15:11:00,22.226,22.226,22.196,22.196,8489.0,BTU
2024-04-30 15:10:00,22.226,22.241,22.216,22.216,15897.0,BTU
2024-04-30 15:09:00,22.251,22.256,22.231,22.231,7112.0,BTU
2024-04-30 15:08:00,22.246,22.256,22.241,22.256,23506.0,BTU
2024-04-30 15:07:00,22.266,22.271,22.246,22.251,9843.0,BTU
2024-04-30 15:06:00,22.265,22.276,22.261,22.266,8255.0,BTU
2024-04-30 15:05:00,22.271,22.276,22.256,22.256,16569.0,BTU
2024-04-30 15:04:00,22.281,22.286,22.271,22.271,15655.0,BTU
2024-04-30 15:03:00,22.281,22.301,22.266,22.281,29478.0,BTU
2024-04-30 15:02:00,22.256,22.281,22.251,22.281,12713.0,BTU
2024-04-30 15:01:00,22.24,22.261,22.236,22.256,21466.0,BTU
2024-04-30 15:00:00,22.256,22.266,22.236,22.236,18759.0,BTU
2024-04-30 14:59:00,22.261,22.266,22.256,22.256,4975.0,BTU
2024-04-30 14:58:00,22.301,22.301,22.256,22.256,10097.0,BTU
2024-04-30 14:57:00,22.281,22.301,22.276,22.301,8869.0,BTU
2024-04-30 14:56:00,22.271,22.276,22.266,22.271,14825.0,BTU
2024-04-30 14:55:00,22.271,22.271,22.266,22.266,8996.0,BTU
2024-04-30 14:54:00,22.271,22.271,22.251,22.266,11145.0,BTU
2024-04-30 14:53:00,22.271,22.286,22.271,22.276,14602.0,BTU
2024-04-30 14:52:00,22.301,22.301,22.266,22.271,14021.0,BTU
2024-04-30 14:51:00,22.316,22.316,22.291,22.301,19399.0,BTU
2024-04-30 14:50:00,22.345,22.345,22.316,22.321,10946.0,BTU
2024-04-30 14:49:00,22.385,22.385,22.345,22.345,8588.0,BTU
2024-04-30 14:48:00,22.38,22.4,22.345,22.39,31676.0,BTU
2024-04-30 14:47:00,22.345,22.395,22.336,22.38,18904.0,BTU
2024-04-30 14:46:00,22.331,22.355,22.326,22.35,14053.0,BTU
2024-04-30 14:45:00,22.365,22.365,22.326,22.326,20742.0,BTU
2024-04-30 14:44:00,22.39,22.39,22.365,22.365,14400.0,BTU
2024-04-30 14:43:00,22.395,22.395,22.385,22.385,21280.0,BTU
2024-04-30 14:42:00,22.4,22.4,22.395,22.395,8650.0,BTU
2024-04-30 14:41:00,22.41,22.41,22.395,22.395,4858.0,BTU
2024-04-30 14:40:00,22.42,22.43,22.405,22.41,11842.0,BTU
2024-04-30 14:39:00,22.46,22.465,22.415,22.42,15348.0,BTU
2024-04-30 14:38:00,22.45,22.455,22.45,22.455,3710.0,BTU
2024-04-30 14:37:00,22.41,22.46,22.41,22.45,11845.0,BTU
2024-04-30 14:36:00,22.405,22.41,22.4,22.41,6053.0,BTU
2024-04-30 14:35:00,22.4,22.425,22.4,22.41,9434.0,BTU
2024-04-30 14:34:00,22.355,22.4,22.35,22.4,21316.0,BTU
2024-04-30 14:33:00,22.345,22.354,22.34,22.354,9655.0,BTU
2024-04-30 14:32:00,22.36,22.365,22.336,22.35,14929.0,BTU
2024-04-30 14:31:00,22.36,22.365,22.35,22.35,13108.0,BTU
2024-04-30 14:30:00,22.36,22.36,22.326,22.36,13619.0,BTU
2024-04-30 14:29:00,22.385,22.39,22.355,22.355,12701.0,BTU
2024-04-30 14:28:00,22.39,22.415,22.385,22.39,9843.0,BTU
2024-04-30 14:27:00,22.41,22.41,22.39,22.395,11123.0,BTU
2024-04-30 14:26:00,22.425,22.44,22.405,22.41,24102.0,BTU
2024-04-30 14:25:00,22.44,22.44,22.425,22.43,10858.0,BTU
2024-04-30 14:24:00,22.45,22.46,22.435,22.445,12190.0,BTU
2024-04-30 14:23:00,22.5,22.5,22.45,22.45,19486.0,BTU
2024-04-30 14:22:00,22.465,22.505,22.465,22.505,12624.0,BTU
2024-04-30 14:21:00,22.475,22.475,22.45,22.465,7976.0,BTU
2024-04-30 14:20:00,22.465,22.485,22.45,22.48,20140.0,BTU
2024-04-30 14:19:00,22.5,22.5,22.465,22.466,11164.0,BTU
2024-04-30 14:18:00,22.51,22.52,22.485,22.5,15773.0,BTU
2024-04-30 14:17:00,22.52,22.525,22.495,22.51,26334.0,BTU
2024-04-30 14:16:00,22.555,22.555,22.505,22.515,17290.0,BTU
2024-04-30 14:15:00,22.555,22.565,22.545,22.555,8417.0,BTU
2024-04-30 14:14:00,22.565,22.57,22.555,22.555,12030.0,BTU
2024-04-30 14:13:00,22.6,22.602,22.565,22.57,6394.0,BTU
2024-04-30 14:12:00,22.585,22.6,22.585,22.595,5256.0,BTU
2024-04-30 14:11:00,22.625,22.625,22.585,22.59,8840.0,BTU
2024-04-30 14:10:00,22.64,22.644,22.625,22.625,7408.0,BTU
2024-04-30 14:09:00,22.649,22.654,22.635,22.635,6062.0,BTU
2024-04-30 14:08:00,22.645,22.649,22.644,22.649,3274.0,BTU
2024-04-30 14:07:00,22.635,22.644,22.635,22.644,4873.0,BTU
2024-04-30 14:06:00,22.659,22.659,22.635,22.64,2872.0,BTU
2024-04-30 14:05:00,22.674,22.679,22.654,22.664,12986.0,BTU
2024-04-30 14:04:00,22.704,22.704,22.674,22.679,12249.0,BTU
2024-04-30 14:03:00,22.669,22.714,22.669,22.709,13341.0,BTU
2024-04-30 14:02:00,22.659,22.674,22.659,22.674,3546.0,BTU
2024-04-30 14:01:00,22.64,22.664,22.64,22.659,5321.0,BTU
2024-04-30 14:00:00,22.654,22.654,22.63,22.635,3717.0,BTU
2024-04-30 13:59:00,22.669,22.674,22.654,22.654,3476.0,BTU
2024-04-30 13:58:00,22.659,22.669,22.659,22.669,5236.0,BTU
2024-04-30 13:57:00,22.664,22.669,22.657,22.657,2301.0,BTU
2024-04-30 13:56:00,22.654,22.674,22.64,22.674,11499.0,BTU
2024-04-30 13:55:00,22.669,22.669,22.654,22.654,5773.0,BTU
2024-04-30 13:54:00,22.654,22.674,22.649,22.669,7707.0,BTU
2024-04-30 13:53:00,22.694,22.694,22.659,22.659,11074.0,BTU
2024-04-30 13:52:00,22.704,22.714,22.699,22.699,10704.0,BTU
2024-04-30 13:51:00,22.714,22.724,22.704,22.704,4931.0,BTU
2024-04-30 13:50:00,22.734,22.739,22.714,22.714,4021.0,BTU
2024-04-30 13:49:00,22.744,22.744,22.729,22.734,2257.0,BTU
2024-04-30 13:48:00,22.729,22.774,22.724,22.744,9029.0,BTU
2024-04-30 13:47:00,22.729,22.734,22.729,22.729,3113.0,BTU
2024-04-30 13:46:00,22.729,22.734,22.724,22.734,4019.0,BTU
2024-04-30 13:45:00,22.729,22.734,22.729,22.734,5383.0,BTU
2024-04-30 13:44:00,22.724,22.724,22.719,22.724,2955.0,BTU
2024-04-30 13:43:00,22.729,22.729,22.724,22.724,866.0,BTU
2024-04-30 13:42:00,22.714,22.744,22.714,22.734,3751.0,BTU
2024-04-30 13:41:00,22.724,22.724,22.704,22.709,3151.0,BTU
2024-04-30 13:40:00,22.734,22.734,22.724,22.729,975.0,BTU
2024-04-30 13:39:00,22.734,22.734,22.719,22.724,3570.0,BTU
2024-04-30 13:38:00,22.734,22.734,22.724,22.729,3533.0,BTU
2024-04-30 13:37:00,22.724,22.734,22.724,22.734,3279.0,BTU
2024-04-30 13:36:00,22.719,22.719,22.719,22.719,374.0,BTU
2024-04-30 13:35:00,22.714,22.719,22.714,22.714,1505.0,BTU
2024-04-30 13:34:00,22.714,22.724,22.714,22.714,3679.0,BTU
2024-04-30 13:33:00,22.704,22.719,22.704,22.704,1034.0,BTU
2024-04-30 13:32:00,22.719,22.729,22.714,22.714,3588.0,BTU
2024-04-30 13:31:00,22.714,22.724,22.709,22.719,1733.0,BTU
2024-04-30 13:30:00,22.719,22.724,22.714,22.724,4074.0,BTU
2024-04-30 13:29:00,22.724,22.724,22.714,22.724,2631.0,BTU
2024-04-30 13:28:00,22.719,22.719,22.714,22.714,2795.0,BTU
2024-04-30 13:27:00,22.749,22.754,22.714,22.714,4959.0,BTU
2024-04-30 13:26:00,22.729,22.749,22.729,22.749,2841.0,BTU
2024-04-30 13:25:00,22.719,22.734,22.714,22.729,4435.0,BTU
2024-04-30 13:24:00,22.719,22.719,22.714,22.714,742.0,BTU
2024-04-30 13:23:00,22.714,22.724,22.714,22.714,2490.0,BTU
2024-04-30 13:22:00,22.754,22.759,22.724,22.724,3929.0,BTU
2024-04-30 13:21:00,22.709,22.744,22.709,22.744,4756.0,BTU
2024-04-30 13:20:00,22.709,22.719,22.709,22.709,4355.0,BTU
2024-04-30 13:19:00,22.704,22.709,22.704,22.709,1075.0,BTU
2024-04-30 13:18:00,22.704,22.714,22.704,22.714,2111.0,BTU
2024-04-30 13:17:00,22.729,22.734,22.709,22.709,4176.0,BTU
2024-04-30 13:16:00,22.714,22.734,22.704,22.734,4881.0,BTU
2024-04-30 13:15:00,22.704,22.724,22.704,22.724,1596.0,BTU
2024-04-30 13:14:00,22.704,22.714,22.704,22.714,2766.0,BTU
2024-04-30 13:13:00,22.714,22.714,22.704,22.704,2041.0,BTU
2024-04-30 13:12:00,22.714,22.714,22.704,22.709,3157.0,BTU
2024-04-30 13:11:00,22.714,22.719,22.714,22.714,2479.0,BTU
2024-04-30 13:10:00,22.704,22.714,22.704,22.714,2833.0,BTU
2024-04-30 13:09:00,22.704,22.704,22.694,22.694,2184.0,BTU
2024-04-30 13:08:00,22.744,22.744,22.714,22.714,3900.0,BTU
2024-04-30 13:07:00,22.744,22.744,22.734,22.744,1673.0,BTU
2024-04-30 13:06:00,22.724,22.744,22.724,22.739,2767.0,BTU
2024-04-30 13:05:00,22.724,22.724,22.709,22.714,2792.0,BTU
2024-04-30 13:04:00,22.729,22.739,22.724,22.729,3983.0,BTU
2024-04-30 13:03:00,22.724,22.734,22.719,22.734,2536.0,BTU
2024-04-30 13:02:00,22.719,22.729,22.714,22.719,3065.0,BTU
2024-04-30 13:01:00,22.714,22.714,22.714,22.714,1955.0,BTU
2024-04-30 13:00:00,22.729,22.734,22.709,22.709,5543.0,BTU
2024-04-30 12:59:00,22.704,22.734,22.694,22.729,5650.0,BTU
2024-04-30 12:58:00,22.719,22.724,22.709,22.709,4437.0,BTU
2024-04-30 12:57:00,22.724,22.729,22.719,22.724,3401.0,BTU
2024-04-30 12:56:00,22.719,22.719,22.719,22.719,954.0,BTU
2024-04-30 12:55:00,22.729,22.734,22.714,22.714,3083.0,BTU
2024-04-30 12:54:00,22.744,22.744,22.729,22.729,2154.0,BTU
2024-04-30 12:53:00,22.734,22.734,22.729,22.734,2011.0,BTU
2024-04-30 12:52:00,22.724,22.734,22.724,22.729,1605.0,BTU
2024-04-30 12:51:00,22.739,22.739,22.714,22.724,4839.0,BTU
2024-04-30 12:50:00,22.734,22.744,22.734,22.739,3565.0,BTU
2024-04-30 12:49:00,22.714,22.724,22.714,22.724,1615.0,BTU
2024-04-30 12:48:00,22.719,22.724,22.719,22.719,3561.0,BTU
2024-04-30 12:47:00,22.724,22.734,22.719,22.719,1171.0,BTU
2024-04-30 12:46:00,22.699,22.734,22.699,22.724,4735.0,BTU
2024-04-30 12:45:00,22.724,22.729,22.694,22.694,4654.0,BTU
2024-04-30 12:44:00,22.689,22.729,22.689,22.729,4157.0,BTU
2024-04-30 12:43:00,22.694,22.694,22.684,22.684,5130.0,BTU
2024-04-30 12:42:00,22.704,22.704,22.694,22.699,6265.0,BTU
2024-04-30 12:41:00,22.734,22.739,22.699,22.704,9036.0,BTU
2024-04-30 12:40:00,22.724,22.734,22.719,22.729,5860.0,BTU
2024-04-30 12:39:00,22.739,22.739,22.729,22.729,3373.0,BTU
2024-04-30 12:38:00,22.734,22.749,22.734,22.744,4810.0,BTU
2024-04-30 12:37:00,22.729,22.744,22.724,22.744,2444.0,BTU
2024-04-30 12:36:00,22.719,22.744,22.699,22.729,12787.0,BTU
2024-04-30 12:35:00,22.764,22.764,22.709,22.709,6760.0,BTU
2024-04-30 12:34:00,22.764,22.764,22.739,22.759,12521.0,BTU
2024-04-30 12:33:00,22.749,22.764,22.739,22.764,9268.0,BTU
2024-04-30 12:32:00,22.764,22.764,22.744,22.754,4292.0,BTU
2024-04-30 12:31:00,22.754,22.759,22.744,22.759,2555.0,BTU
2024-04-30 12:30:00,22.784,22.784,22.764,22.764,1825.0,BTU
2024-04-30 12:29:00,22.794,22.799,22.784,22.789,3078.0,BTU
2024-04-30 12:28:00,22.794,22.804,22.794,22.804,2637.0,BTU
2024-04-30 12:27:00,22.794,22.804,22.794,22.804,1210.0,BTU
2024-04-30 12:26:00,22.798,22.809,22.789,22.794,3834.0,BTU
2024-04-30 12:25:00,22.839,22.839,22.804,22.804,3876.0,BTU
2024-04-30 12:24:00,22.829,22.839,22.829,22.839,2212.0,BTU
2024-04-30 12:23:00,22.834,22.834,22.829,22.829,2278.0,BTU
2024-04-30 12:22:00,22.814,22.839,22.804,22.839,3419.0,BTU
2024-04-30 12:21:00,22.814,22.824,22.809,22.809,2191.0,BTU
2024-04-30 12:20:00,22.814,22.819,22.809,22.814,5064.0,BTU
2024-04-30 12:19:00,22.809,22.814,22.809,22.809,1044.0,BTU
2024-04-30 12:18:00,22.784,22.809,22.784,22.809,5748.0,BTU
2024-04-30 12:17:00,22.799,22.804,22.774,22.784,5325.0,BTU
2024-04-30 12:16:00,22.809,22.809,22.799,22.799,2611.0,BTU
2024-04-30 12:15:00,22.799,22.809,22.799,22.809,3448.0,BTU
2024-04-30 12:14:00,22.809,22.809,22.799,22.799,1230.0,BTU
2024-04-30 12:13:00,22.799,22.809,22.799,22.804,2932.0,BTU
2024-04-30 12:12:00,22.824,22.829,22.794,22.799,3641.0,BTU
2024-04-30 12:11:00,22.819,22.819,22.814,22.819,661.0,BTU
2024-04-30 12:10:00,22.834,22.834,22.814,22.824,3205.0,BTU
2024-04-30 12:09:00,22.844,22.844,22.839,22.839,3795.0,BTU
2024-04-30 12:08:00,22.849,22.849,22.834,22.834,2042.0,BTU
2024-04-30 12:07:00,22.819,22.834,22.819,22.834,2306.0,BTU
2024-04-30 12:06:00,22.814,22.824,22.814,22.824,2113.0,BTU
2024-04-30 12:05:00,22.829,22.834,22.814,22.819,5202.0,BTU
2024-04-30 12:04:00,22.834,22.834,22.824,22.824,4205.0,BTU
2024-04-30 12:03:00,22.844,22.849,22.844,22.844,1025.0,BTU
2024-04-30 12:02:00,22.804,22.834,22.804,22.834,3700.0,BTU
2024-04-30 12:01:00,22.834,22.834,22.804,22.804,3487.0,BTU
2024-04-30 12:00:00,22.834,22.849,22.829,22.839,4617.0,BTU
2024-04-30 11:59:00,22.829,22.849,22.829,22.839,4774.0,BTU
2024-04-30 11:58:00,22.834,22.874,22.834,22.844,9874.0,BTU
2024-04-30 11:57:00,22.804,22.834,22.804,22.824,3733.0,BTU
2024-04-30 11:56:00,22.804,22.804,22.794,22.804,1439.0,BTU
2024-04-30 11:55:00,22.784,22.794,22.784,22.789,2200.0,BTU
2024-04-30 11:54:00,22.784,22.794,22.779,22.784,3978.0,BTU
2024-04-30 11:53:00,22.794,22.794,22.774,22.779,4077.0,BTU
2024-04-30 11:52:00,22.794,22.799,22.784,22.789,3483.0,BTU
2024-04-30 11:51:00,22.789,22.799,22.784,22.799,3671.0,BTU
2024-04-30 11:50:00,22.804,22.804,22.789,22.789,4628.0,BTU
2024-04-30 11:49:00,22.829,22.844,22.809,22.809,3816.0,BTU
2024-04-30 11:48:00,22.824,22.834,22.814,22.829,5295.0,BTU
2024-04-30 11:47:00,22.849,22.854,22.829,22.829,8419.0,BTU
2024-04-30 11:46:00,22.819,22.854,22.819,22.849,3577.0,BTU
2024-04-30 11:45:00,22.814,22.824,22.809,22.824,3112.0,BTU
2024-04-30 11:44:00,22.819,22.824,22.809,22.819,1217.0,BTU
2024-04-30 11:43:00,22.799,22.819,22.799,22.819,2456.0,BTU
2024-04-30 11:42:00,22.804,22.814,22.799,22.799,4087.0,BTU
2024-04-30 11:41:00,22.819,22.824,22.809,22.809,2631.0,BTU
2024-04-30 11:40:00,22.839,22.844,22.824,22.824,6183.0,BTU
2024-04-30 11:39:00,22.814,22.844,22.814,22.839,3178.0,BTU
2024-04-30 11:38:00,22.814,22.819,22.804,22.819,5613.0,BTU
2024-04-30 11:37:00,22.819,22.819,22.814,22.819,2970.0,BTU
2024-04-30 11:36:00,22.804,22.814,22.804,22.814,2440.0,BTU
2024-04-30 11:35:00,22.804,22.814,22.799,22.804,3037.0,BTU
2024-04-30 11:34:00,22.804,22.809,22.794,22.804,3864.0,BTU
2024-04-30 11:33:00,22.824,22.824,22.794,22.794,1373.0,BTU
2024-04-30 11:32:00,22.854,22.854,22.819,22.824,2449.0,BTU
2024-04-30 11:31:00,22.864,22.864,22.854,22.859,2547.0,BTU
2024-04-30 11:30:00,22.874,22.884,22.864,22.869,3108.0,BTU
2024-04-30 11:29:00,22.864,22.869,22.854,22.869,2471.0,BTU
2024-04-30 11:28:00,22.889,22.894,22.874,22.874,4434.0,BTU
2024-04-30 11:27:00,22.894,22.894,22.884,22.889,3036.0,BTU
2024-04-30 11:26:00,22.884,22.894,22.879,22.884,2687.0,BTU
2024-04-30 11:25:00,22.874,22.889,22.874,22.884,3426.0,BTU
2024-04-30 11:24:00,22.884,22.884,22.874,22.874,1763.0,BTU
2024-04-30 11:23:00,22.874,22.889,22.874,22.879,4796.0,BTU
2024-04-30 11:22:00,22.894,22.894,22.864,22.864,7708.0,BTU
2024-04-30 11:21:00,22.889,22.904,22.889,22.904,1323.0,BTU
2024-04-30 11:20:00,22.864,22.894,22.864,22.894,2545.0,BTU
2024-04-30 11:19:00,22.894,22.894,22.859,22.859,2294.0,BTU
2024-04-30 11:18:00,22.889,22.894,22.884,22.894,2189.0,BTU
2024-04-30 11:17:00,22.894,22.904,22.889,22.894,3098.0,BTU
2024-04-30 11:16:00,22.864,22.894,22.864,22.894,4098.0,BTU
2024-04-30 11:15:00,22.859,22.864,22.854,22.859,1118.0,BTU
2024-04-30 11:14:00,22.854,22.874,22.839,22.864,12582.0,BTU
2024-04-30 11:13:00,22.849,22.849,22.839,22.844,4648.0,BTU
2024-04-30 11:12:00,22.859,22.864,22.844,22.849,4375.0,BTU
2024-04-30 11:11:00,22.869,22.879,22.864,22.864,3059.0,BTU
2024-04-30 11:10:00,22.859,22.864,22.844,22.864,4489.0,BTU
2024-04-30 11:09:00,22.864,22.869,22.849,22.859,4731.0,BTU
2024-04-30 11:08:00,22.869,22.884,22.869,22.874,1606.0,BTU
2024-04-30 11:07:00,22.854,22.874,22.854,22.874,2119.0,BTU
2024-04-30 11:06:00,22.874,22.894,22.854,22.854,4695.0,BTU
2024-04-30 11:05:00,22.874,22.874,22.869,22.874,759.0,BTU
2024-04-30 11:04:00,22.834,22.874,22.824,22.869,2421.0,BTU
2024-04-30 11:03:00,22.819,22.834,22.819,22.834,7557.0,BTU
2024-04-30 11:02:00,22.789,22.824,22.789,22.819,3138.0,BTU
2024-04-30 11:01:00,22.804,22.804,22.764,22.789,12658.0,BTU
2024-04-30 11:00:00,22.799,22.814,22.799,22.814,3509.0,BTU
2024-04-30 10:59:00,22.824,22.829,22.794,22.794,14625.0,BTU
2024-04-30 10:58:00,22.819,22.824,22.814,22.814,3555.0,BTU
2024-04-30 10:57:00,22.809,22.834,22.809,22.824,3105.0,BTU
2024-04-30 10:56:00,22.799,22.809,22.799,22.804,7904.0,BTU
2024-04-30 10:55:00,22.799,22.803,22.799,22.799,841.0,BTU
2024-04-30 10:54:00,22.799,22.799,22.794,22.794,733.0,BTU
2024-04-30 10:53:00,22.814,22.814,22.794,22.799,2365.0,BTU
2024-04-30 10:52:00,22.819,22.819,22.819,22.819,823.0,BTU
2024-04-30 10:51:00,22.809,22.834,22.809,22.834,1954.0,BTU
2024-04-30 10:50:00,22.794,22.809,22.794,22.799,3667.0,BTU
2024-04-30 10:49:00,22.814,22.814,22.794,22.799,1233.0,BTU
2024-04-30 10:48:00,22.799,22.804,22.789,22.804,1902.0,BTU
2024-04-30 10:47:00,22.844,22.844,22.794,22.794,4596.0,BTU
2024-04-30 10:46:00,22.824,22.834,22.824,22.834,1716.0,BTU
2024-04-30 10:45:00,22.794,22.809,22.784,22.809,1400.0,BTU
2024-04-30 10:44:00,22.774,22.799,22.774,22.794,4738.0,BTU
2024-04-30 10:43:00,22.769,22.784,22.769,22.779,1423.0,BTU
2024-04-30 10:42:00,22.759,22.774,22.759,22.769,1562.0,BTU
2024-04-30 10:41:00,22.744,22.784,22.744,22.759,4387.0,BTU
2024-04-30 10:40:00,22.744,22.749,22.739,22.739,4777.0,BTU
2024-04-30 10:39:00,22.749,22.754,22.734,22.749,3681.0,BTU
2024-04-30 10:38:00,22.734,22.764,22.734,22.754,4677.0,BTU
2024-04-30 10:37:00,22.739,22.744,22.724,22.744,1534.0,BTU
2024-04-30 10:36:00,22.719,22.739,22.713,22.739,3157.0,BTU
2024-04-30 10:35:00,22.729,22.734,22.714,22.719,4388.0,BTU
2024-04-30 10:34:00,22.784,22.789,22.724,22.729,8530.0,BTU
2024-04-30 10:33:00,22.784,22.784,22.779,22.779,1326.0,BTU
2024-04-30 10:32:00,22.814,22.814,22.779,22.794,5402.0,BTU
2024-04-30 10:31:00,22.834,22.834,22.814,22.814,2607.0,BTU
2024-04-30 10:30:00,22.869,22.869,22.834,22.839,5558.0,BTU
2024-04-30 10:29:00,22.859,22.864,22.859,22.864,3667.0,BTU
2024-04-30 10:28:00,22.849,22.859,22.844,22.859,2371.0,BTU
2024-04-30 10:27:00,22.849,22.849,22.844,22.844,1440.0,BTU
2024-04-30 10:26:00,22.854,22.864,22.844,22.856,2465.0,BTU
2024-04-30 10:25:00,22.854,22.854,22.834,22.844,2144.0,BTU
2024-04-30 10:24:00,22.829,22.854,22.829,22.844,2245.0,BTU
2024-04-30 10:23:00,22.814,22.839,22.804,22.829,6831.0,BTU
2024-04-30 10:22:00,22.834,22.834,22.824,22.824,1481.0,BTU
2024-04-30 10:21:00,22.824,22.834,22.824,22.834,2300.0,BTU
2024-04-30 10:20:00,22.894,22.894,22.844,22.844,2292.0,BTU
2024-04-30 10:19:00,22.919,22.919,22.904,22.904,4044.0,BTU
2024-04-30 10:18:00,22.909,22.929,22.904,22.914,6630.0,BTU
2024-04-30 10:17:00,22.939,22.943,22.909,22.909,9864.0,BTU
2024-04-30 10:16:00,22.948,22.948,22.939,22.939,1870.0,BTU
2024-04-30 10:15:00,22.924,22.943,22.924,22.943,3840.0,BTU
2024-04-30 10:14:00,22.929,22.929,22.929,22.929,152.0,BTU
2024-04-30 10:13:00,22.899,22.934,22.899,22.934,1592.0,BTU
2024-04-30 10:12:00,22.914,22.914,22.894,22.894,2380.0,BTU
2024-04-30 10:11:00,22.919,22.919,22.878,22.914,3918.0,BTU
2024-04-30 10:10:00,22.914,22.924,22.899,22.914,1818.0,BTU
2024-04-30 10:09:00,22.869,22.913,22.864,22.913,3693.0,BTU
2024-04-30 10:08:00,22.904,22.904,22.874,22.884,2391.0,BTU
2024-04-30 10:07:00,22.894,22.914,22.894,22.904,2015.0,BTU
2024-04-30 10:06:00,22.904,22.909,22.894,22.894,3482.0,BTU
2024-04-30 10:05:00,22.904,22.914,22.884,22.884,3826.0,BTU
2024-04-30 10:04:00,22.894,22.899,22.894,22.899,1627.0,BTU
2024-04-30 10:03:00,22.859,22.884,22.834,22.884,3596.0,BTU
2024-04-30 10:02:00,22.854,22.874,22.849,22.864,4355.0,BTU
2024-04-30 10:01:00,22.844,22.854,22.844,22.844,850.0,BTU
2024-04-30 10:00:00,22.829,22.854,22.814,22.847,10165.0,BTU
2024-04-30 09:59:00,22.834,22.844,22.814,22.844,2317.0,BTU
2024-04-30 09:58:00,22.834,22.849,22.814,22.818,2318.0,BTU
2024-04-30 09:57:00,22.834,22.844,22.834,22.844,722.0,BTU
2024-04-30 09:56:00,22.862,22.864,22.834,22.849,4567.0,BTU
2024-04-30 09:55:00,22.844,22.854,22.834,22.844,5112.0,BTU
2024-04-30 09:54:00,22.874,22.874,22.854,22.854,2479.0,BTU
2024-04-30 09:53:00,22.914,22.914,22.894,22.894,1522.0,BTU
2024-04-30 09:52:00,22.963,22.963,22.924,22.924,2444.0,BTU
2024-04-30 09:51:00,22.934,22.978,22.934,22.973,2370.0,BTU
2024-04-30 09:50:00,22.934,22.934,22.924,22.934,4621.0,BTU
2024-04-30 09:49:00,22.953,22.953,22.934,22.934,1071.0,BTU
2024-04-30 09:48:00,22.939,22.973,22.939,22.973,2073.0,BTU
2024-04-30 09:47:00,22.934,22.943,22.924,22.943,6741.0,BTU
2024-04-30 09:46:00,22.973,22.978,22.953,22.963,3007.0,BTU
2024-04-30 09:45:00,23.053,23.053,22.993,23.013,1644.0,BTU
2024-04-30 09:44:00,22.953,23.003,22.953,22.993,22737.0,BTU
2024-04-30 09:43:00,23.013,23.013,22.973,22.973,3107.0,BTU
2024-04-30 09:42:00,23.023,23.043,23.018,23.023,705.0,BTU
2024-04-30 09:41:00,23.023,23.043,23.014,23.014,4386.0,BTU
2024-04-30 09:40:00,23.023,23.033,23.023,23.028,1237.0,BTU
2024-04-30 09:39:00,23.053,23.053,23.008,23.008,1627.0,BTU
2024-04-30 09:38:00,23.028,23.083,23.013,23.073,6156.0,BTU
2024-04-30 09:37:00,23.023,23.053,23.023,23.023,2714.0,BTU
2024-04-30 09:36:00,22.973,23.003,22.953,23.003,3971.0,BTU
2024-04-30 09:35:00,23.023,23.023,22.963,23.013,4870.0,BTU
2024-04-30 09:34:00,23.003,23.003,22.983,22.993,1041.0,BTU
2024-04-30 09:33:00,23.038,23.038,22.973,23.033,14667.0,BTU
2024-04-30 09:32:00,23.083,23.083,23.023,23.023,1352.0,BTU
2024-04-30 09:31:00,23.184,23.213,23.054,23.054,9299.0,BTU
2024-04-30 09:30:00,23.223,23.223,23.173,23.213,10565.0,BTU
2024-04-30 09:25:00,23.312,23.312,23.312,23.312,548.0,BTU
2024-04-30 09:23:00,23.282,23.282,23.272,23.272,241.0,BTU
2024-04-30 09:21:00,23.282,23.282,23.282,23.282,2.0,BTU
2024-04-30 09:20:00,23.322,23.322,23.302,23.302,1.0,BTU
2024-04-30 09:11:00,23.332,23.332,23.322,23.322,20.0,BTU
2024-04-30 09:07:00,23.332,23.332,23.332,23.332,0.0,BTU
2024-04-30 09:04:00,23.462,23.462,23.422,23.422,101.0,BTU
2024-04-30 07:08:00,23.611,23.611,23.611,23.611,9.0,BTU
2024-04-30 07:00:00,23.611,23.611,23.611,23.611,0.0,BTU
2024-04-29 19:56:00,23.532,23.532,23.532,23.532,0.0,BTU
2024-04-29 19:27:00,23.541,23.541,23.541,23.541,0.0,BTU
2024-04-29 19:16:00,23.541,23.541,23.541,23.541,1.0,BTU
2024-04-29 19:00:00,23.452,23.452,23.452,23.452,217046.0,BTU
2024-04-29 18:47:00,23.541,23.541,23.541,23.541,4.0,BTU
2024-04-29 18:30:00,23.452,23.452,23.452,23.452,217046.0,BTU
2024-04-29 17:59:00,23.512,23.561,23.512,23.561,12.0,BTU
2024-04-29 17:43:00,23.512,23.561,23.512,23.561,1.0,BTU
2024-04-29 17:33:00,23.422,23.422,23.422,23.422,0.0,BTU
2024-04-29 17:09:00,23.512,23.512,23.512,23.512,41.0,BTU
2024-04-29 17:05:00,23.442,23.492,23.422,23.492,96.0,BTU
2024-04-29 16:54:00,23.422,23.422,23.422,23.422,9.0,BTU
2024-04-29 16:12:00,23.422,23.422,23.422,23.422,48.0,BTU
2024-04-29 16:10:00,23.452,23.452,23.452,23.452,217046.0,BTU
2024-04-29 16:02:00,23.452,23.452,23.452,23.452,6062.0,BTU
2024-04-29 16:00:00,23.462,23.462,23.452,23.452,467698.0,BTU
2024-04-29 15:59:00,23.442,23.462,23.422,23.462,78646.0,BTU
2024-04-29 15:58:00,23.457,23.457,23.442,23.447,24634.0,BTU
2024-04-29 15:57:00,23.457,23.462,23.452,23.454,21623.0,BTU
2024-04-29 15:56:00,23.472,23.477,23.457,23.457,25201.0,BTU
2024-04-29 15:55:00,23.477,23.477,23.462,23.472,35724.0,BTU
2024-04-29 15:54:00,23.447,23.482,23.442,23.472,23780.0,BTU
2024-04-29 15:53:00,23.437,23.447,23.432,23.442,15375.0,BTU
2024-04-29 15:52:00,23.432,23.462,23.432,23.437,10225.0,BTU
2024-04-29 15:51:00,23.472,23.472,23.432,23.437,13187.0,BTU
2024-04-29 15:50:00,23.402,23.477,23.402,23.467,22538.0,BTU
2024-04-29 15:49:00,23.392,23.402,23.387,23.397,10161.0,BTU
2024-04-29 15:48:00,23.407,23.407,23.392,23.397,5732.0,BTU
2024-04-29 15:47:00,23.412,23.417,23.402,23.407,6517.0,BTU
2024-04-29 15:46:00,23.402,23.412,23.392,23.412,12372.0,BTU
2024-04-29 15:45:00,23.417,23.417,23.392,23.397,11109.0,BTU
2024-04-29 15:44:00,23.417,23.422,23.412,23.412,2809.0,BTU
2024-04-29 15:43:00,23.412,23.417,23.412,23.417,4099.0,BTU
2024-04-29 15:42:00,23.412,23.422,23.407,23.407,6616.0,BTU
2024-04-29 15:41:00,23.417,23.422,23.412,23.412,2716.0,BTU
2024-04-29 15:40:00,23.422,23.422,23.417,23.417,3002.0,BTU
2024-04-29 15:39:00,23.417,23.437,23.412,23.422,10725.0,BTU
2024-04-29 15:38:00,23.422,23.422,23.412,23.417,2585.0,BTU
2024-04-29 15:37:00,23.422,23.432,23.422,23.422,2690.0,BTU
2024-04-29 15:36:00,23.437,23.437,23.422,23.422,5585.0,BTU
2024-04-29 15:35:00,23.417,23.447,23.414,23.437,11288.0,BTU
2024-04-29 15:34:00,23.427,23.427,23.417,23.417,3093.0,BTU
2024-04-29 15:33:00,23.412,23.427,23.412,23.427,3591.0,BTU
2024-04-29 15:32:00,23.417,23.427,23.412,23.417,11359.0,BTU
2024-04-29 15:31:00,23.422,23.422,23.417,23.417,1218.0,BTU
2024-04-29 15:30:00,23.432,23.432,23.422,23.427,965.0,BTU
2024-04-29 15:29:00,23.432,23.447,23.432,23.432,4757.0,BTU
2024-04-29 15:28:00,23.442,23.442,23.432,23.432,2057.0,BTU
2024-04-29 15:27:00,23.442,23.442,23.442,23.442,1324.0,BTU
2024-04-29 15:26:00,23.447,23.447,23.437,23.442,4323.0,BTU
2024-04-29 15:25:00,23.442,23.452,23.442,23.447,3800.0,BTU
2024-04-29 15:24:00,23.457,23.457,23.442,23.447,3708.0,BTU
2024-04-29 15:23:00,23.462,23.462,23.452,23.462,5143.0,BTU
2024-04-29 15:22:00,23.497,23.497,23.462,23.462,5322.0,BTU
2024-04-29 15:21:00,23.492,23.512,23.492,23.497,4098.0,BTU
2024-04-29 15:20:00,23.457,23.492,23.457,23.487,7692.0,BTU
2024-04-29 15:19:00,23.452,23.462,23.422,23.452,27631.0,BTU
2024-04-29 15:18:00,23.442,23.447,23.442,23.447,921.0,BTU
2024-04-29 15:17:00,23.432,23.442,23.432,23.44,2784.0,BTU
2024-04-29 15:16:00,23.442,23.442,23.437,23.437,5358.0,BTU
2024-04-29 15:15:00,23.422,23.442,23.422,23.442,1873.0,BTU
2024-04-29 15:14:00,23.402,23.417,23.402,23.417,1245.0,BTU
2024-04-29 15:13:00,23.402,23.404,23.392,23.402,5711.0,BTU
2024-04-29 15:12:00,23.402,23.417,23.402,23.402,2367.0,BTU
2024-04-29 15:11:00,23.397,23.397,23.397,23.397,658.0,BTU
2024-04-29 15:10:00,23.387,23.402,23.382,23.402,2514.0,BTU
2024-04-29 15:09:00,23.347,23.377,23.347,23.377,4015.0,BTU
2024-04-29 15:08:00,23.337,23.347,23.337,23.347,1278.0,BTU
2024-04-29 15:07:00,23.337,23.337,23.323,23.332,2385.0,BTU
2024-04-29 15:06:00,23.332,23.337,23.332,23.337,313.0,BTU
2024-04-29 15:05:00,23.329,23.337,23.327,23.337,5714.0,BTU
2024-04-29 15:04:00,23.322,23.327,23.317,23.322,2340.0,BTU
2024-04-29 15:03:00,23.337,23.337,23.312,23.317,2938.0,BTU
2024-04-29 15:02:00,23.347,23.347,23.332,23.332,1219.0,BTU
2024-04-29 15:01:00,23.352,23.352,23.342,23.347,4125.0,BTU
2024-04-29 15:00:00,23.352,23.357,23.342,23.352,5293.0,BTU
2024-04-29 14:59:00,23.342,23.367,23.342,23.352,7716.0,BTU
2024-04-29 14:58:00,23.352,23.357,23.342,23.347,1542.0,BTU
2024-04-29 14:57:00,23.382,23.382,23.342,23.362,12405.0,BTU
2024-04-29 14:56:00,23.372,23.382,23.372,23.373,32329.0,BTU
2024-04-29 14:55:00,23.367,23.377,23.362,23.376,5830.0,BTU
2024-04-29 14:54:00,23.362,23.367,23.362,23.367,2937.0,BTU
2024-04-29 14:53:00,23.367,23.367,23.353,23.367,2890.0,BTU
2024-04-29 14:52:00,23.377,23.382,23.362,23.362,10002.0,BTU
2024-04-29 14:51:00,23.392,23.392,23.373,23.377,3313.0,BTU
2024-04-29 14:50:00,23.412,23.422,23.382,23.402,20253.0,BTU
2024-04-29 14:49:00,23.422,23.422,23.412,23.412,2068.0,BTU
2024-04-29 14:48:00,23.432,23.432,23.422,23.422,1698.0,BTU
2024-04-29 14:47:00,23.432,23.432,23.432,23.432,2222.0,BTU
2024-04-29 14:46:00,23.442,23.447,23.432,23.437,10091.0,BTU
2024-04-29 14:45:00,23.432,23.447,23.432,23.447,2305.0,BTU
2024-04-29 14:44:00,23.442,23.442,23.427,23.427,3078.0,BTU
2024-04-29 14:43:00,23.442,23.447,23.442,23.447,386.0,BTU
2024-04-29 14:42:00,23.442,23.447,23.437,23.447,2838.0,BTU
2024-04-29 14:41:00,23.452,23.452,23.442,23.447,1901.0,BTU
2024-04-29 14:40:00,23.467,23.472,23.447,23.457,6671.0,BTU
2024-04-29 14:39:00,23.462,23.467,23.457,23.467,2265.0,BTU
2024-04-29 14:38:00,23.432,23.452,23.432,23.452,17196.0,BTU
2024-04-29 14:37:00,23.447,23.447,23.437,23.437,4380.0,BTU
2024-04-29 14:36:00,23.462,23.462,23.447,23.447,1098.0,BTU
2024-04-29 14:35:00,23.467,23.467,23.462,23.462,1196.0,BTU
2024-04-29 14:34:00,23.472,23.472,23.462,23.467,1525.0,BTU
2024-04-29 14:33:00,23.477,23.482,23.477,23.482,440.0,BTU
2024-04-29 14:32:00,23.497,23.502,23.477,23.482,4074.0,BTU
2024-04-29 14:31:00,23.492,23.497,23.492,23.497,1616.0,BTU
2024-04-29 14:30:00,23.537,23.537,23.497,23.497,8567.0,BTU
2024-04-29 14:29:00,23.532,23.532,23.532,23.532,3001.0,BTU
2024-04-29 14:28:00,23.527,23.537,23.522,23.537,1795.0,BTU
2024-04-29 14:27:00,23.522,23.522,23.522,23.522,2228.0,BTU
2024-04-29 14:26:00,23.527,23.527,23.527,23.527,514.0,BTU
2024-04-29 14:25:00,23.527,23.532,23.527,23.532,392.0,BTU
2024-04-29 14:24:00,23.522,23.522,23.517,23.522,3433.0,BTU
2024-04-29 14:23:00,23.532,23.532,23.532,23.532,1253.0,BTU
2024-04-29 14:22:00,23.527,23.527,23.522,23.522,876.0,BTU
2024-04-29 14:21:00,23.527,23.532,23.527,23.532,214.0,BTU
2024-04-29 14:20:00,23.532,23.532,23.527,23.527,369.0,BTU
2024-04-29 14:16:00,23.532,23.532,23.532,23.532,823.0,BTU
2024-04-29 14:15:00,23.527,23.537,23.527,23.532,1578.0,BTU
2024-04-29 14:13:00,23.522,23.527,23.522,23.527,987.0,BTU
2024-04-29 14:08:00,23.512,23.522,23.512,23.522,2540.0,BTU
2024-04-29 14:07:00,23.512,23.512,23.512,23.512,178.0,BTU
2024-04-29 14:06:00,23.512,23.512,23.512,23.512,835.0,BTU
2024-04-29 14:05:00,23.512,23.512,23.507,23.507,360.0,BTU
2024-04-29 14:03:00,23.497,23.502,23.497,23.502,628.0,BTU
2024-04-29 14:02:00,23.497,23.497,23.497,23.497,126.0,BTU
2024-04-29 14:01:00,23.502,23.502,23.502,23.502,717.0,BTU
2024-04-29 14:00:00,23.492,23.502,23.492,23.502,2200.0,BTU
2024-04-29 13:59:00,23.497,23.497,23.497,23.497,335.0,BTU
2024-04-29 13:58:00,23.502,23.502,23.497,23.497,2307.0,BTU
2024-04-29 13:56:00,23.472,23.482,23.472,23.482,2027.0,BTU
2024-04-29 13:55:00,23.472,23.477,23.467,23.467,2349.0,BTU
2024-04-29 13:54:00,23.472,23.472,23.472,23.472,334.0,BTU
2024-04-29 13:53:00,23.472,23.482,23.472,23.477,2651.0,BTU
2024-04-29 13:52:00,23.469,23.472,23.462,23.467,2113.0,BTU
2024-04-29 13:51:00,23.462,23.462,23.462,23.462,842.0,BTU
2024-04-29 13:50:00,23.462,23.462,23.462,23.462,380.0,BTU
2024-04-29 13:49:00,23.467,23.467,23.467,23.467,622.0,BTU
2024-04-29 13:48:00,23.467,23.467,23.462,23.467,883.0,BTU
2024-04-29 13:47:00,23.467,23.467,23.467,23.467,504.0,BTU
2024-04-29 13:46:00,23.482,23.482,23.482,23.482,1121.0,BTU
2024-04-29 13:45:00,23.492,23.497,23.487,23.487,1893.0,BTU
2024-04-29 13:44:00,23.496,23.497,23.492,23.492,682.0,BTU
2024-04-29 13:43:00,23.492,23.492,23.492,23.492,266.0,BTU
2024-04-29 13:42:00,23.492,23.497,23.492,23.492,1330.0,BTU
2024-04-29 13:41:00,23.482,23.482,23.482,23.482,417.0,BTU
2024-04-29 13:40:00,23.482,23.482,23.482,23.482,765.0,BTU
2024-04-29 13:39:00,23.487,23.487,23.477,23.482,1458.0,BTU
2024-04-29 13:38:00,23.482,23.497,23.482,23.492,2622.0,BTU
2024-04-29 13:37:00,23.472,23.472,23.472,23.472,782.0,BTU
2024-04-29 13:36:00,23.472,23.472,23.472,23.472,608.0,BTU
2024-04-29 13:35:00,23.482,23.482,23.477,23.482,1676.0,BTU
2024-04-29 13:34:00,23.482,23.482,23.482,23.482,805.0,BTU
2024-04-29 13:33:00,23.482,23.487,23.477,23.477,1817.0,BTU
2024-04-29 13:32:00,23.467,23.482,23.467,23.482,1756.0,BTU
2024-04-29 13:31:00,23.473,23.477,23.462,23.467,2349.0,BTU
2024-04-29 13:30:00,23.497,23.497,23.462,23.482,3333.0,BTU
2024-04-29 13:29:00,23.507,23.507,23.497,23.497,1246.0,BTU
2024-04-29 13:28:00,23.492,23.492,23.487,23.487,801.0,BTU
2024-04-29 13:27:00,23.487,23.492,23.487,23.487,690.0,BTU
2024-04-29 13:26:00,23.492,23.497,23.492,23.497,1400.0,BTU
2024-04-29 13:25:00,23.497,23.497,23.477,23.482,2750.0,BTU
2024-04-29 13:24:00,23.502,23.502,23.492,23.492,1305.0,BTU
2024-04-29 13:23:00,23.512,23.512,23.512,23.512,817.0,BTU
2024-04-29 13:22:00,23.522,23.522,23.512,23.512,1145.0,BTU
2024-04-29 13:21:00,23.502,23.516,23.502,23.516,1073.0,BTU
2024-04-29 13:20:00,23.482,23.497,23.477,23.497,3030.0,BTU
2024-04-29 13:19:00,23.472,23.477,23.472,23.477,1493.0,BTU
2024-04-29 13:18:00,23.472,23.472,23.472,23.472,268.0,BTU
2024-04-29 13:17:00,23.477,23.477,23.472,23.472,796.0,BTU
2024-04-29 13:16:00,23.462,23.482,23.462,23.482,1770.0,BTU
2024-04-29 13:15:00,23.457,23.457,23.452,23.452,586.0,BTU
2024-04-29 13:14:00,23.457,23.457,23.452,23.457,611.0,BTU
2024-04-29 13:13:00,23.464,23.464,23.462,23.462,345.0,BTU
2024-04-29 13:12:00,23.462,23.462,23.462,23.462,582.0,BTU
2024-04-29 13:11:00,23.462,23.472,23.462,23.467,2000.0,BTU
2024-04-29 13:10:00,23.472,23.472,23.467,23.467,879.0,BTU
2024-04-29 13:09:00,23.447,23.482,23.447,23.467,6897.0,BTU
2024-04-29 13:08:00,23.447,23.447,23.447,23.447,505.0,BTU
2024-04-29 13:07:00,23.452,23.452,23.447,23.452,1135.0,BTU
2024-04-29 13:06:00,23.432,23.447,23.427,23.447,2142.0,BTU
2024-04-29 13:05:00,23.444,23.444,23.442,23.442,560.0,BTU
2024-04-29 13:04:00,23.452,23.452,23.437,23.442,1957.0,BTU
2024-04-29 13:03:00,23.462,23.462,23.462,23.462,268.0,BTU
2024-04-29 13:02:00,23.472,23.472,23.472,23.472,816.0,BTU
2024-04-29 13:01:00,23.422,23.462,23.422,23.462,9251.0,BTU
2024-04-29 13:00:00,23.423,23.427,23.422,23.427,335.0,BTU
2024-04-29 12:58:00,23.432,23.432,23.427,23.427,2580.0,BTU
2024-04-29 12:57:00,23.452,23.457,23.422,23.427,5632.0,BTU
2024-04-29 12:56:00,23.447,23.449,23.442,23.449,1075.0,BTU
2024-04-29 12:55:00,23.454,23.454,23.437,23.442,2380.0,BTU
2024-04-29 12:54:00,23.457,23.457,23.452,23.452,411.0,BTU
2024-04-29 12:53:00,23.487,23.487,23.452,23.457,3553.0,BTU
2024-04-29 12:52:00,23.513,23.513,23.482,23.492,12596.0,BTU
2024-04-29 12:51:00,23.527,23.527,23.512,23.512,2729.0,BTU
2024-04-29 12:49:00,23.532,23.532,23.527,23.527,416.0,BTU
2024-04-29 12:48:00,23.537,23.537,23.532,23.532,1893.0,BTU
2024-04-29 12:47:00,23.541,23.541,23.541,23.541,111.0,BTU
2024-04-29 12:46:00,23.551,23.551,23.537,23.541,2374.0,BTU
2024-04-29 12:44:00,23.541,23.551,23.537,23.551,2849.0,BTU
2024-04-29 12:43:00,23.561,23.566,23.546,23.546,1989.0,BTU
2024-04-29 12:42:00,23.561,23.561,23.556,23.556,231.0,BTU
2024-04-29 12:41:00,23.561,23.561,23.561,23.561,1516.0,BTU
2024-04-29 12:40:00,23.571,23.571,23.571,23.571,224.0,BTU
2024-04-29 12:38:00,23.592,23.592,23.566,23.571,2730.0,BTU
2024-04-29 12:37:00,23.591,23.596,23.591,23.596,807.0,BTU
2024-04-29 12:35:00,23.571,23.581,23.571,23.581,2849.0,BTU
2024-04-29 12:34:00,23.571,23.571,23.571,23.571,125.0,BTU
2024-04-29 12:33:00,23.573,23.573,23.571,23.571,630.0,BTU
2024-04-29 12:32:00,23.571,23.571,23.571,23.571,343.0,BTU
2024-04-29 12:31:00,23.571,23.576,23.571,23.571,1476.0,BTU
2024-04-29 12:30:00,23.571,23.581,23.571,23.571,1439.0,BTU
2024-04-29 12:29:00,23.566,23.566,23.566,23.566,357.0,BTU
2024-04-29 12:28:00,23.571,23.571,23.571,23.571,370.0,BTU
2024-04-29 12:27:00,23.571,23.571,23.566,23.571,1999.0,BTU
2024-04-29 12:26:00,23.566,23.576,23.566,23.571,2212.0,BTU
2024-04-29 12:25:00,23.561,23.561,23.561,23.561,548.0,BTU
2024-04-29 12:24:00,23.561,23.562,23.561,23.561,1642.0,BTU
2024-04-29 12:23:00,23.561,23.561,23.561,23.561,1057.0,BTU
2024-04-29 12:22:00,23.561,23.566,23.556,23.566,1654.0,BTU
2024-04-29 12:21:00,23.566,23.566,23.561,23.561,238.0,BTU
2024-04-29 12:20:00,23.564,23.564,23.564,23.564,271.0,BTU
2024-04-29 12:18:00,23.571,23.571,23.571,23.571,167.0,BTU
2024-04-29 12:17:00,23.571,23.576,23.571,23.571,2650.0,BTU
2024-04-29 12:16:00,23.571,23.571,23.571,23.571,852.0,BTU
2024-04-29 12:15:00,23.566,23.566,23.561,23.566,1943.0,BTU
2024-04-29 12:14:00,23.546,23.556,23.546,23.556,1329.0,BTU
2024-04-29 12:13:00,23.546,23.546,23.544,23.546,346.0,BTU
2024-04-29 12:12:00,23.564,23.564,23.551,23.551,2869.0,BTU
2024-04-29 12:11:00,23.564,23.564,23.561,23.562,304.0,BTU
2024-04-29 12:10:00,23.57,23.57,23.566,23.566,2070.0,BTU
2024-04-29 12:09:00,23.566,23.566,23.566,23.566,166.0,BTU
2024-04-29 12:08:00,23.571,23.571,23.564,23.564,472.0,BTU
2024-04-29 12:07:00,23.571,23.571,23.571,23.571,326.0,BTU
2024-04-29 12:06:00,23.571,23.571,23.571,23.571,1155.0,BTU
2024-04-29 12:05:00,23.571,23.571,23.571,23.571,1041.0,BTU
2024-04-29 12:04:00,23.561,23.561,23.556,23.561,1183.0,BTU
2024-04-29 12:03:00,23.561,23.576,23.561,23.576,1038.0,BTU
2024-04-29 12:02:00,23.566,23.566,23.566,23.566,201.0,BTU
2024-04-29 12:01:00,23.576,23.581,23.566,23.566,1215.0,BTU
2024-04-29 12:00:00,23.561,23.576,23.561,23.571,1232.0,BTU
2024-04-29 11:59:00,23.541,23.556,23.541,23.551,1808.0,BTU
2024-04-29 11:58:00,23.551,23.551,23.541,23.541,916.0,BTU
2024-04-29 11:57:00,23.561,23.561,23.556,23.556,431.0,BTU
2024-04-29 11:56:00,23.551,23.571,23.551,23.566,2706.0,BTU
2024-04-29 11:55:00,23.571,23.591,23.541,23.541,28132.0,BTU
2024-04-29 11:54:00,23.561,23.576,23.561,23.566,2996.0,BTU
2024-04-29 11:53:00,23.571,23.571,23.566,23.571,1020.0,BTU
2024-04-29 11:52:00,23.591,23.591,23.571,23.571,3252.0,BTU
2024-04-29 11:50:00,23.601,23.601,23.591,23.591,1532.0,BTU
2024-04-29 11:48:00,23.591,23.601,23.586,23.596,2445.0,BTU
2024-04-29 11:47:00,23.601,23.606,23.591,23.591,1001.0,BTU
2024-04-29 11:46:00,23.601,23.601,23.596,23.596,1154.0,BTU
2024-04-29 11:44:00,23.611,23.616,23.604,23.604,1569.0,BTU
2024-04-29 11:42:00,23.611,23.611,23.601,23.601,419.0,BTU
2024-04-29 11:41:00,23.606,23.606,23.596,23.606,1280.0,BTU
2024-04-29 11:40:00,23.616,23.626,23.606,23.606,4433.0,BTU
2024-04-29 11:39:00,23.606,23.611,23.606,23.611,280.0,BTU
2024-04-29 11:38:00,23.606,23.611,23.606,23.606,1615.0,BTU
2024-04-29 11:37:00,23.596,23.596,23.596,23.596,267.0,BTU
2024-04-29 11:36:00,23.601,23.601,23.591,23.591,263.0,BTU
2024-04-29 11:35:00,23.581,23.601,23.581,23.601,2038.0,BTU
2024-04-29 11:34:00,23.581,23.586,23.581,23.586,1196.0,BTU
2024-04-29 11:33:00,23.571,23.571,23.561,23.571,830.0,BTU
2024-04-29 11:32:00,23.581,23.581,23.566,23.576,1352.0,BTU
2024-04-29 11:31:00,23.561,23.576,23.561,23.576,2138.0,BTU
2024-04-29 11:30:00,23.551,23.566,23.551,23.566,2958.0,BTU
2024-04-29 11:29:00,23.551,23.561,23.551,23.561,903.0,BTU
2024-04-29 11:28:00,23.551,23.556,23.551,23.556,1366.0,BTU
2024-04-29 11:27:00,23.551,23.551,23.551,23.551,531.0,BTU
2024-04-29 11:26:00,23.551,23.551,23.551,23.551,1343.0,BTU
2024-04-29 11:25:00,23.576,23.576,23.561,23.561,1184.0,BTU
2024-04-29 11:24:00,23.581,23.581,23.581,23.581,544.0,BTU
2024-04-29 11:23:00,23.561,23.586,23.561,23.571,3887.0,BTU
2024-04-29 11:22:00,23.576,23.586,23.571,23.571,1096.0,BTU
2024-04-29 11:21:00,23.571,23.581,23.571,23.581,814.0,BTU
2024-04-29 11:20:00,23.566,23.566,23.566,23.566,329.0,BTU
2024-04-29 11:19:00,23.576,23.576,23.556,23.561,2339.0,BTU
2024-04-29 11:18:00,23.586,23.586,23.581,23.581,423.0,BTU
2024-04-29 11:17:00,23.581,23.581,23.571,23.581,1196.0,BTU
2024-04-29 11:16:00,23.576,23.586,23.576,23.586,2744.0,BTU
2024-04-29 11:15:00,23.571,23.581,23.571,23.571,2038.0,BTU
2024-04-29 11:14:00,23.551,23.561,23.551,23.556,2878.0,BTU
2024-04-29 11:13:00,23.566,23.566,23.551,23.556,2185.0,BTU
2024-04-29 11:12:00,23.556,23.566,23.556,23.566,1065.0,BTU
2024-04-29 11:11:00,23.556,23.571,23.556,23.561,3461.0,BTU
2024-04-29 11:10:00,23.561,23.561,23.561,23.561,269.0,BTU
2024-04-29 11:09:00,23.551,23.551,23.551,23.551,379.0,BTU
2024-04-29 11:08:00,23.546,23.551,23.541,23.551,1346.0,BTU
2024-04-29 11:07:00,23.561,23.561,23.551,23.551,550.0,BTU
2024-04-29 11:06:00,23.571,23.576,23.561,23.566,1189.0,BTU
2024-04-29 11:05:00,23.571,23.576,23.571,23.571,831.0,BTU
2024-04-29 11:04:00,23.571,23.576,23.561,23.566,802.0,BTU
2024-04-29 11:03:00,23.541,23.571,23.541,23.571,1696.0,BTU
2024-04-29 11:02:00,23.561,23.561,23.541,23.541,2978.0,BTU
2024-04-29 11:01:00,23.541,23.571,23.541,23.571,5705.0,BTU
2024-04-29 11:00:00,23.551,23.551,23.546,23.546,730.0,BTU
2024-04-29 10:59:00,23.551,23.551,23.551,23.551,636.0,BTU
2024-04-29 10:58:00,23.554,23.554,23.554,23.554,488.0,BTU
2024-04-29 10:57:00,23.551,23.551,23.551,23.551,915.0,BTU
2024-04-29 10:56:00,23.551,23.551,23.551,23.551,1082.0,BTU
2024-04-29 10:55:00,23.556,23.556,23.541,23.556,1373.0,BTU
2024-04-29 10:54:00,23.552,23.552,23.551,23.551,955.0,BTU
2024-04-29 10:53:00,23.551,23.554,23.551,23.554,547.0,BTU
2024-04-29 10:52:00,23.537,23.556,23.537,23.556,2565.0,BTU
2024-04-29 10:51:00,23.522,23.541,23.522,23.537,3218.0,BTU
2024-04-29 10:50:00,23.522,23.522,23.512,23.512,385.0,BTU
2024-04-29 10:49:00,23.522,23.527,23.522,23.527,789.0,BTU
2024-04-29 10:48:00,23.522,23.527,23.522,23.527,1065.0,BTU
2024-04-29 10:47:00,23.541,23.546,23.517,23.522,1844.0,BTU
2024-04-29 10:46:00,23.546,23.546,23.532,23.532,2232.0,BTU
2024-04-29 10:45:00,23.537,23.551,23.527,23.546,3918.0,BTU
2024-04-29 10:44:00,23.551,23.551,23.534,23.534,711.0,BTU
2024-04-29 10:43:00,23.561,23.571,23.561,23.566,2079.0,BTU
2024-04-29 10:42:00,23.571,23.571,23.551,23.556,5684.0,BTU
2024-04-29 10:41:00,23.541,23.566,23.541,23.564,1641.0,BTU
2024-04-29 10:40:00,23.551,23.551,23.537,23.541,4933.0,BTU
2024-04-29 10:39:00,23.546,23.546,23.546,23.546,244.0,BTU
2024-04-29 10:38:00,23.541,23.546,23.541,23.546,1500.0,BTU
2024-04-29 10:37:00,23.537,23.541,23.532,23.537,592.0,BTU
2024-04-29 10:36:00,23.532,23.537,23.532,23.537,296.0,BTU
2024-04-29 10:35:00,23.551,23.551,23.532,23.551,1986.0,BTU
2024-04-29 10:34:00,23.556,23.571,23.541,23.547,5407.0,BTU
2024-04-29 10:33:00,23.522,23.546,23.522,23.546,791.0,BTU
2024-04-29 10:32:00,23.522,23.522,23.517,23.522,1149.0,BTU
2024-04-29 10:31:00,23.532,23.532,23.512,23.522,1901.0,BTU
2024-04-29 10:30:00,23.522,23.532,23.522,23.527,1060.0,BTU
2024-04-29 10:29:00,23.517,23.527,23.517,23.522,2428.0,BTU
2024-04-29 10:28:00,23.492,23.512,23.492,23.512,2807.0,BTU
2024-04-29 10:27:00,23.492,23.497,23.492,23.492,380.0,BTU
2024-04-29 10:26:00,23.487,23.497,23.487,23.497,1213.0,BTU
2024-04-29 10:25:00,23.462,23.482,23.457,23.472,2757.0,BTU
2024-04-29 10:24:00,23.472,23.472,23.467,23.467,448.0,BTU
2024-04-29 10:23:00,23.457,23.467,23.442,23.462,9244.0,BTU
2024-04-29 10:22:00,23.442,23.452,23.432,23.452,1807.0,BTU
2024-04-29 10:21:00,23.402,23.447,23.402,23.442,2418.0,BTU
2024-04-29 10:20:00,23.422,23.427,23.402,23.402,4457.0,BTU
2024-04-29 10:19:00,23.412,23.417,23.412,23.417,467.0,BTU
2024-04-29 10:18:00,23.412,23.427,23.407,23.407,676.0,BTU
2024-04-29 10:17:00,23.432,23.442,23.407,23.412,1942.0,BTU
2024-04-29 10:16:00,23.422,23.422,23.422,23.422,194.0,BTU
2024-04-29 10:15:00,23.427,23.427,23.417,23.417,1502.0,BTU
2024-04-29 10:14:00,23.412,23.422,23.402,23.422,987.0,BTU
2024-04-29 10:13:00,23.452,23.462,23.422,23.422,1818.0,BTU
2024-04-29 10:12:00,23.442,23.442,23.442,23.442,381.0,BTU
2024-04-29 10:11:00,23.452,23.462,23.442,23.442,1006.0,BTU
2024-04-29 10:10:00,23.462,23.462,23.437,23.442,3585.0,BTU
2024-04-29 10:09:00,23.472,23.487,23.472,23.472,2082.0,BTU
2024-04-29 10:08:00,23.512,23.512,23.482,23.482,1712.0,BTU
2024-04-29 10:07:00,23.546,23.566,23.502,23.507,9966.0,BTU
2024-04-29 10:06:00,23.541,23.551,23.537,23.537,3004.0,BTU
2024-04-29 10:05:00,23.581,23.581,23.546,23.551,5502.0,BTU
2024-04-29 10:04:00,23.561,23.596,23.561,23.571,9700.0,BTU
2024-04-29 10:03:00,23.566,23.571,23.561,23.561,1455.0,BTU
2024-04-29 10:02:00,23.568,23.571,23.566,23.566,1407.0,BTU
2024-04-29 10:01:00,23.551,23.571,23.551,23.561,1783.0,BTU
2024-04-29 10:00:00,23.517,23.546,23.517,23.541,1947.0,BTU
2024-04-29 09:59:00,23.502,23.532,23.502,23.522,3572.0,BTU
2024-04-29 09:58:00,23.492,23.512,23.482,23.512,1697.0,BTU
2024-04-29 09:57:00,23.502,23.512,23.502,23.507,2832.0,BTU
2024-04-29 09:56:00,23.492,23.492,23.492,23.492,1102.0,BTU
2024-04-29 09:55:00,23.517,23.522,23.492,23.497,4313.0,BTU
2024-04-29 09:53:00,23.517,23.522,23.505,23.512,2418.0,BTU
2024-04-29 09:52:00,23.532,23.532,23.522,23.526,2881.0,BTU
2024-04-29 09:51:00,23.522,23.522,23.522,23.522,942.0,BTU
2024-04-29 09:50:00,23.522,23.522,23.522,23.522,553.0,BTU
2024-04-29 09:49:00,23.482,23.507,23.482,23.507,1146.0,BTU
2024-04-29 09:48:00,23.472,23.482,23.472,23.482,1668.0,BTU
2024-04-29 09:47:00,23.462,23.482,23.462,23.482,1043.0,BTU
2024-04-29 09:46:00,23.44,23.442,23.437,23.442,1267.0,BTU
2024-04-29 09:45:00,23.512,23.512,23.422,23.432,2797.0,BTU
2024-04-29 09:44:00,23.497,23.532,23.497,23.522,2895.0,BTU
2024-04-29 09:43:00,23.482,23.482,23.472,23.472,1116.0,BTU
2024-04-29 09:42:00,23.492,23.512,23.462,23.497,3321.0,BTU
2024-04-29 09:41:00,23.492,23.492,23.467,23.483,6771.0,BTU
2024-04-29 09:40:00,23.424,23.482,23.412,23.482,6130.0,BTU
2024-04-29 09:39:00,23.432,23.432,23.412,23.432,2615.0,BTU
2024-04-29 09:38:00,23.447,23.461,23.432,23.452,5073.0,BTU
2024-04-29 09:37:00,23.432,23.442,23.432,23.442,417.0,BTU
2024-04-29 09:36:00,23.442,23.452,23.432,23.432,1168.0,BTU
2024-04-29 09:35:00,23.432,23.432,23.392,23.432,4808.0,BTU
2024-04-29 09:34:00,23.497,23.497,23.442,23.442,1512.0,BTU
2024-04-29 09:33:00,23.507,23.51,23.507,23.51,298.0,BTU
2024-04-29 09:32:00,23.551,23.551,23.452,23.472,4522.0,BTU
2024-04-29 09:31:00,23.631,23.631,23.546,23.546,10086.0,BTU
2024-04-29 09:30:00,23.681,23.681,23.631,23.631,14760.0,BTU
2024-04-29 08:24:00,23.571,23.571,23.571,23.571,11783.0,BTU
2024-04-29 08:01:00,23.572,23.572,23.572,23.572,96.0,BTU
2024-04-29 07:55:00,23.721,23.721,23.631,23.631,25.0,BTU
2024-04-29 07:00:00,23.791,23.791,23.791,23.791,0.0,BTU
2024-04-29 04:00:00,23.89,23.89,23.791,23.791,1.0,BTU
