date,1. open,2. high,3. low,4. close,5. volume,Ticker
2023-11-13 19:00:00,9.52,9.52,9.52,9.52,1000.0,BTZ
2023-11-13 18:30:00,9.52,9.52,9.52,9.52,1000.0,BTZ
2023-11-13 16:10:00,9.52,9.52,9.52,9.52,1000.0,BTZ
2023-11-13 16:00:00,9.535,9.535,9.52,9.52,2901.0,BTZ
2023-11-13 15:59:00,9.535,9.539,9.53,9.535,9559.0,BTZ
2023-11-13 15:58:00,9.535,9.535,9.53,9.53,800.0,BTZ
2023-11-13 15:57:00,9.535,9.535,9.53,9.53,16110.0,BTZ
2023-11-13 15:56:00,9.535,9.54,9.53,9.53,4155.0,BTZ
2023-11-13 15:55:00,9.535,9.54,9.53,9.535,2276.0,BTZ
2023-11-13 15:54:00,9.535,9.535,9.53,9.53,700.0,BTZ
2023-11-13 15:53:00,9.535,9.535,9.53,9.535,1303.0,BTZ
2023-11-13 15:52:00,9.535,9.535,9.53,9.535,1169.0,BTZ
2023-11-13 15:51:00,9.535,9.535,9.53,9.535,400.0,BTZ
2023-11-13 15:50:00,9.535,9.535,9.535,9.535,1115.0,BTZ
2023-11-13 15:49:00,9.535,9.535,9.535,9.535,1200.0,BTZ
2023-11-13 15:48:00,9.54,9.54,9.535,9.535,800.0,BTZ
2023-11-13 15:47:00,9.535,9.535,9.53,9.535,4300.0,BTZ
2023-11-13 15:46:00,9.535,9.535,9.535,9.535,100.0,BTZ
2023-11-13 15:45:00,9.535,9.54,9.535,9.54,542.0,BTZ
2023-11-13 15:44:00,9.535,9.535,9.535,9.535,1210.0,BTZ
2023-11-13 15:43:00,9.53,9.54,9.53,9.535,16128.0,BTZ
2023-11-13 15:42:00,9.53,9.53,9.53,9.53,602.0,BTZ
2023-11-13 15:41:00,9.525,9.53,9.525,9.53,1901.0,BTZ
2023-11-13 15:40:00,9.522,9.53,9.523,9.53,202.0,BTZ
2023-11-13 15:38:00,9.525,9.53,9.525,9.53,801.0,BTZ
2023-11-13 15:36:00,9.525,9.53,9.525,9.53,4087.0,BTZ
2023-11-13 15:34:00,9.53,9.53,9.525,9.525,202.0,BTZ
2023-11-13 15:33:00,9.53,9.53,9.53,9.53,400.0,BTZ
2023-11-13 15:32:00,9.525,9.53,9.525,9.53,566.0,BTZ
2023-11-13 15:31:00,9.53,9.53,9.53,9.53,501.0,BTZ
2023-11-13 15:30:00,9.521,9.53,9.521,9.525,2276.0,BTZ
2023-11-13 15:29:00,9.53,9.53,9.53,9.53,102.0,BTZ
2023-11-13 15:28:00,9.53,9.53,9.525,9.525,602.0,BTZ
2023-11-13 15:26:00,9.53,9.53,9.525,9.525,1930.0,BTZ
2023-11-13 15:25:00,9.525,9.53,9.525,9.53,300.0,BTZ
2023-11-13 15:24:00,9.525,9.53,9.521,9.521,1852.0,BTZ
2023-11-13 15:23:00,9.525,9.525,9.52,9.525,667.0,BTZ
2023-11-13 15:22:00,9.52,9.53,9.52,9.525,9314.0,BTZ
2023-11-13 15:21:00,9.525,9.53,9.525,9.53,200.0,BTZ
2023-11-13 15:19:00,9.53,9.53,9.525,9.525,2909.0,BTZ
2023-11-13 15:18:00,9.525,9.525,9.525,9.525,101.0,BTZ
2023-11-13 15:16:00,9.525,9.53,9.525,9.53,201.0,BTZ
2023-11-13 15:15:00,9.53,9.53,9.53,9.53,100.0,BTZ
2023-11-13 15:14:00,9.53,9.53,9.525,9.525,201.0,BTZ
2023-11-13 15:12:00,9.525,9.53,9.525,9.53,201.0,BTZ
2023-11-13 15:11:00,9.525,9.525,9.525,9.525,102.0,BTZ
2023-11-13 15:10:00,9.525,9.525,9.525,9.525,100.0,BTZ
2023-11-13 15:09:00,9.525,9.53,9.525,9.53,202.0,BTZ
2023-11-13 15:08:00,9.525,9.525,9.525,9.525,101.0,BTZ
2023-11-13 15:07:00,9.525,9.53,9.525,9.53,326.0,BTZ
2023-11-13 15:06:00,9.525,9.525,9.525,9.525,200.0,BTZ
2023-11-13 15:05:00,9.525,9.525,9.525,9.525,101.0,BTZ
2023-11-13 15:04:00,9.522,9.53,9.522,9.53,915.0,BTZ
2023-11-13 15:03:00,9.525,9.525,9.525,9.525,101.0,BTZ
2023-11-13 15:02:00,9.53,9.53,9.53,9.53,101.0,BTZ
2023-11-13 15:01:00,9.525,9.525,9.525,9.525,301.0,BTZ
2023-11-13 15:00:00,9.525,9.53,9.525,9.53,800.0,BTZ
2023-11-13 14:59:00,9.525,9.525,9.522,9.525,697.0,BTZ
2023-11-13 14:57:00,9.525,9.525,9.525,9.525,102.0,BTZ
2023-11-13 14:56:00,9.525,9.525,9.525,9.525,101.0,BTZ
2023-11-13 14:54:00,9.521,9.53,9.521,9.525,300.0,BTZ
2023-11-13 14:53:00,9.525,9.525,9.522,9.523,329.0,BTZ
2023-11-13 14:52:00,9.525,9.525,9.525,9.525,100.0,BTZ
2023-11-13 14:51:00,9.53,9.53,9.53,9.53,201.0,BTZ
2023-11-13 14:50:00,9.527,9.527,9.525,9.525,201.0,BTZ
2023-11-13 14:48:00,9.524,9.53,9.524,9.527,461.0,BTZ
2023-11-13 14:47:00,9.53,9.53,9.53,9.53,366.0,BTZ
2023-11-13 14:46:00,9.525,9.525,9.525,9.525,101.0,BTZ
2023-11-13 14:45:00,9.53,9.53,9.522,9.53,1426.0,BTZ
2023-11-13 14:44:00,9.525,9.525,9.525,9.525,101.0,BTZ
2023-11-13 14:42:00,9.521,9.53,9.521,9.53,1204.0,BTZ
2023-11-13 14:41:00,9.53,9.53,9.525,9.525,495.0,BTZ
2023-11-13 14:40:00,9.52,9.53,9.52,9.53,9960.0,BTZ
2023-11-13 14:39:00,9.525,9.525,9.525,9.525,101.0,BTZ
2023-11-13 14:38:00,9.53,9.53,9.53,9.53,100.0,BTZ
2023-11-13 14:37:00,9.525,9.53,9.525,9.53,602.0,BTZ
2023-11-13 14:35:00,9.525,9.53,9.525,9.53,1551.0,BTZ
2023-11-13 14:33:00,9.53,9.53,9.53,9.53,2102.0,BTZ
2023-11-13 14:32:00,9.53,9.53,9.525,9.525,200.0,BTZ
2023-11-13 14:31:00,9.527,9.53,9.527,9.53,1326.0,BTZ
2023-11-13 14:30:00,9.525,9.525,9.525,9.525,100.0,BTZ
2023-11-13 14:29:00,9.53,9.53,9.53,9.53,500.0,BTZ
2023-11-13 14:28:00,9.53,9.53,9.53,9.53,1100.0,BTZ
2023-11-13 14:27:00,9.525,9.53,9.525,9.525,2400.0,BTZ
2023-11-13 14:26:00,9.53,9.53,9.528,9.528,6784.0,BTZ
2023-11-13 14:25:00,9.525,9.53,9.525,9.53,200.0,BTZ
2023-11-13 14:23:00,9.525,9.525,9.52,9.52,500.0,BTZ
2023-11-13 14:21:00,9.52,9.52,9.52,9.52,195.0,BTZ
2023-11-13 14:20:00,9.53,9.53,9.525,9.525,2129.0,BTZ
2023-11-13 14:19:00,9.53,9.53,9.53,9.53,103.0,BTZ
2023-11-13 14:18:00,9.535,9.535,9.535,9.535,600.0,BTZ
2023-11-13 14:17:00,9.535,9.535,9.535,9.535,1031.0,BTZ
2023-11-13 14:16:00,9.535,9.535,9.53,9.535,3015.0,BTZ
2023-11-13 14:15:00,9.535,9.535,9.535,9.535,6700.0,BTZ
2023-11-13 14:14:00,9.535,9.535,9.535,9.535,1400.0,BTZ
2023-11-13 14:13:00,9.535,9.535,9.535,9.535,100.0,BTZ
2023-11-13 14:12:00,9.532,9.532,9.532,9.532,300.0,BTZ
2023-11-13 14:10:00,9.535,9.535,9.535,9.535,1064.0,BTZ
2023-11-13 14:09:00,9.535,9.535,9.535,9.535,400.0,BTZ
2023-11-13 14:08:00,9.53,9.535,9.53,9.535,1200.0,BTZ
2023-11-13 14:07:00,9.535,9.535,9.535,9.535,100.0,BTZ
2023-11-13 14:06:00,9.535,9.535,9.535,9.535,100.0,BTZ
2023-11-13 14:05:00,9.535,9.535,9.535,9.535,200.0,BTZ
2023-11-13 14:04:00,9.535,9.535,9.535,9.535,1135.0,BTZ
2023-11-13 14:02:00,9.532,9.535,9.532,9.535,408.0,BTZ
2023-11-13 14:01:00,9.535,9.535,9.531,9.531,1257.0,BTZ
2023-11-13 13:59:00,9.535,9.535,9.535,9.535,100.0,BTZ
2023-11-13 13:58:00,9.535,9.535,9.535,9.535,200.0,BTZ
2023-11-13 13:57:00,9.535,9.535,9.534,9.535,1400.0,BTZ
2023-11-13 13:56:00,9.535,9.535,9.535,9.535,4200.0,BTZ
2023-11-13 13:54:00,9.535,9.535,9.535,9.535,200.0,BTZ
2023-11-13 13:49:00,9.535,9.535,9.535,9.535,100.0,BTZ
2023-11-13 13:48:00,9.535,9.535,9.53,9.53,200.0,BTZ
2023-11-13 13:46:00,9.535,9.535,9.535,9.535,100.0,BTZ
2023-11-13 13:43:00,9.535,9.535,9.535,9.535,100.0,BTZ
2023-11-13 13:38:00,9.535,9.535,9.535,9.535,100.0,BTZ
2023-11-13 13:35:00,9.535,9.535,9.535,9.535,200.0,BTZ
2023-11-13 13:32:00,9.535,9.535,9.535,9.535,100.0,BTZ
2023-11-13 13:31:00,9.53,9.53,9.53,9.53,697.0,BTZ
2023-11-13 13:30:00,9.535,9.535,9.535,9.535,100.0,BTZ
2023-11-13 13:29:00,9.54,9.54,9.535,9.535,200.0,BTZ
2023-11-13 13:28:00,9.535,9.535,9.535,9.535,100.0,BTZ
2023-11-13 13:27:00,9.532,9.532,9.532,9.532,300.0,BTZ
2023-11-13 13:26:00,9.535,9.535,9.53,9.53,300.0,BTZ
2023-11-13 13:25:00,9.54,9.54,9.531,9.535,1465.0,BTZ
2023-11-13 13:23:00,9.525,9.53,9.525,9.53,2230.0,BTZ
2023-11-13 13:21:00,9.525,9.525,9.525,9.525,100.0,BTZ
2023-11-13 13:20:00,9.53,9.53,9.53,9.53,1300.0,BTZ
2023-11-13 13:18:00,9.525,9.525,9.525,9.525,100.0,BTZ
2023-11-13 13:15:00,9.527,9.527,9.527,9.527,2013.0,BTZ
2023-11-13 13:12:00,9.525,9.525,9.525,9.525,100.0,BTZ
2023-11-13 13:11:00,9.525,9.525,9.525,9.525,200.0,BTZ
2023-11-13 13:10:00,9.525,9.525,9.525,9.525,200.0,BTZ
2023-11-13 13:08:00,9.525,9.525,9.525,9.525,720.0,BTZ
2023-11-13 13:06:00,9.525,9.525,9.525,9.525,247.0,BTZ
2023-11-13 13:05:00,9.52,9.52,9.52,9.52,700.0,BTZ
2023-11-13 13:04:00,9.525,9.525,9.525,9.525,100.0,BTZ
2023-11-13 13:02:00,9.529,9.529,9.529,9.529,500.0,BTZ
2023-11-13 13:01:00,9.52,9.525,9.52,9.525,200.0,BTZ
2023-11-13 13:00:00,9.52,9.52,9.52,9.52,100.0,BTZ
2023-11-13 12:59:00,9.525,9.525,9.52,9.52,200.0,BTZ
2023-11-13 12:57:00,9.53,9.53,9.52,9.52,2638.0,BTZ
2023-11-13 12:56:00,9.53,9.53,9.53,9.53,100.0,BTZ
2023-11-13 12:55:00,9.535,9.535,9.535,9.535,100.0,BTZ
2023-11-13 12:54:00,9.53,9.535,9.53,9.535,257.0,BTZ
2023-11-13 12:52:00,9.535,9.535,9.535,9.535,300.0,BTZ
2023-11-13 12:51:00,9.53,9.53,9.53,9.53,500.0,BTZ
2023-11-13 12:50:00,9.53,9.53,9.53,9.53,350.0,BTZ
2023-11-13 12:48:00,9.535,9.535,9.535,9.535,100.0,BTZ
2023-11-13 12:45:00,9.535,9.535,9.535,9.535,100.0,BTZ
2023-11-13 12:42:00,9.535,9.535,9.535,9.535,300.0,BTZ
2023-11-13 12:41:00,9.532,9.535,9.532,9.535,230.0,BTZ
2023-11-13 12:38:00,9.525,9.535,9.525,9.535,8455.0,BTZ
2023-11-13 12:37:00,9.525,9.53,9.52,9.52,1700.0,BTZ
2023-11-13 12:36:00,9.525,9.53,9.525,9.525,611.0,BTZ
2023-11-13 12:35:00,9.525,9.525,9.525,9.525,300.0,BTZ
2023-11-13 12:34:00,9.525,9.525,9.525,9.525,200.0,BTZ
2023-11-13 12:33:00,9.528,9.528,9.52,9.525,934.0,BTZ
2023-11-13 12:32:00,9.525,9.525,9.525,9.525,100.0,BTZ
2023-11-13 12:31:00,9.525,9.525,9.525,9.525,200.0,BTZ
2023-11-13 12:29:00,9.525,9.525,9.525,9.525,100.0,BTZ
2023-11-13 12:28:00,9.53,9.53,9.53,9.53,1501.0,BTZ
2023-11-13 12:25:00,9.53,9.54,9.53,9.54,205.0,BTZ
2023-11-13 12:23:00,9.53,9.53,9.53,9.53,100.0,BTZ
2023-11-13 12:22:00,9.54,9.54,9.54,9.54,101.0,BTZ
2023-11-13 12:20:00,9.53,9.53,9.53,9.53,100.0,BTZ
2023-11-13 12:18:00,9.531,9.531,9.531,9.531,200.0,BTZ
2023-11-13 12:17:00,9.53,9.53,9.53,9.53,100.0,BTZ
2023-11-13 12:16:00,9.531,9.531,9.531,9.531,100.0,BTZ
2023-11-13 12:14:00,9.53,9.53,9.53,9.53,100.0,BTZ
2023-11-13 12:12:00,9.53,9.535,9.53,9.535,877.0,BTZ
2023-11-13 12:11:00,9.53,9.535,9.53,9.535,600.0,BTZ
2023-11-13 12:10:00,9.535,9.535,9.535,9.535,100.0,BTZ
2023-11-13 12:09:00,9.53,9.535,9.53,9.535,377.0,BTZ
2023-11-13 12:07:00,9.535,9.535,9.535,9.535,400.0,BTZ
2023-11-13 12:05:00,9.535,9.535,9.532,9.535,2703.0,BTZ
2023-11-13 12:04:00,9.535,9.535,9.535,9.535,535.0,BTZ
2023-11-13 12:03:00,9.53,9.53,9.53,9.53,100.0,BTZ
2023-11-13 12:02:00,9.535,9.54,9.535,9.54,500.0,BTZ
2023-11-13 12:00:00,9.535,9.535,9.535,9.535,100.0,BTZ
2023-11-13 11:59:00,9.535,9.535,9.535,9.535,100.0,BTZ
2023-11-13 11:58:00,9.535,9.535,9.535,9.535,1227.0,BTZ
2023-11-13 11:57:00,9.535,9.535,9.535,9.535,200.0,BTZ
2023-11-13 11:56:00,9.535,9.535,9.535,9.535,100.0,BTZ
2023-11-13 11:55:00,9.535,9.535,9.535,9.535,100.0,BTZ
2023-11-13 11:54:00,9.535,9.535,9.535,9.535,100.0,BTZ
2023-11-13 11:53:00,9.535,9.535,9.535,9.535,100.0,BTZ
2023-11-13 11:50:00,9.535,9.535,9.535,9.535,100.0,BTZ
2023-11-13 11:49:00,9.53,9.535,9.53,9.535,1831.0,BTZ
2023-11-13 11:48:00,9.53,9.53,9.53,9.53,3037.0,BTZ
2023-11-13 11:47:00,9.525,9.525,9.525,9.525,100.0,BTZ
2023-11-13 11:44:00,9.525,9.525,9.525,9.525,200.0,BTZ
2023-11-13 11:43:00,9.529,9.53,9.529,9.53,1374.0,BTZ
2023-11-13 11:42:00,9.52,9.52,9.52,9.52,100.0,BTZ
2023-11-13 11:40:00,9.52,9.525,9.52,9.525,1200.0,BTZ
2023-11-13 11:39:00,9.525,9.525,9.525,9.525,203.0,BTZ
2023-11-13 11:37:00,9.525,9.525,9.525,9.525,100.0,BTZ
2023-11-13 11:36:00,9.525,9.525,9.525,9.525,169.0,BTZ
2023-11-13 11:35:00,9.53,9.53,9.52,9.52,1400.0,BTZ
2023-11-13 11:34:00,9.53,9.53,9.52,9.53,1848.0,BTZ
2023-11-13 11:33:00,9.525,9.525,9.525,9.525,100.0,BTZ
2023-11-13 11:30:00,9.525,9.525,9.525,9.525,100.0,BTZ
2023-11-13 11:27:00,9.515,9.525,9.515,9.525,1916.0,BTZ
2023-11-13 11:24:00,9.515,9.515,9.515,9.515,100.0,BTZ
2023-11-13 11:22:00,9.515,9.515,9.515,9.515,100.0,BTZ
2023-11-13 11:20:00,9.515,9.515,9.515,9.515,100.0,BTZ
2023-11-13 11:19:00,9.52,9.52,9.52,9.52,129.0,BTZ
2023-11-13 11:18:00,9.515,9.515,9.515,9.515,100.0,BTZ
2023-11-13 11:16:00,9.52,9.52,9.517,9.52,1400.0,BTZ
2023-11-13 11:15:00,9.515,9.515,9.515,9.515,100.0,BTZ
2023-11-13 11:13:00,9.515,9.52,9.515,9.52,400.0,BTZ
2023-11-13 11:11:00,9.515,9.515,9.515,9.515,100.0,BTZ
2023-11-13 11:09:00,9.515,9.515,9.515,9.515,100.0,BTZ
2023-11-13 11:06:00,9.515,9.515,9.515,9.515,200.0,BTZ
2023-11-13 11:05:00,9.515,9.515,9.515,9.515,110.0,BTZ
2023-11-13 11:04:00,9.515,9.515,9.515,9.515,101.0,BTZ
2023-11-13 11:01:00,9.515,9.515,9.515,9.515,100.0,BTZ
2023-11-13 10:59:00,9.515,9.52,9.515,9.515,3408.0,BTZ
2023-11-13 10:57:00,9.515,9.515,9.515,9.515,100.0,BTZ
2023-11-13 10:55:00,9.515,9.515,9.515,9.515,100.0,BTZ
2023-11-13 10:53:00,9.515,9.515,9.515,9.515,110.0,BTZ
2023-11-13 10:52:00,9.515,9.515,9.515,9.515,610.0,BTZ
2023-11-13 10:51:00,9.51,9.51,9.51,9.51,218.0,BTZ
2023-11-13 10:50:00,9.51,9.52,9.51,9.52,910.0,BTZ
2023-11-13 10:48:00,9.5,9.52,9.5,9.52,9195.0,BTZ
2023-11-13 10:46:00,9.5,9.5,9.495,9.495,400.0,BTZ
2023-11-13 10:44:00,9.495,9.495,9.495,9.495,110.0,BTZ
2023-11-13 10:42:00,9.495,9.495,9.495,9.495,100.0,BTZ
2023-11-13 10:41:00,9.49,9.495,9.49,9.495,500.0,BTZ
2023-11-13 10:39:00,9.495,9.495,9.495,9.495,206.0,BTZ
2023-11-13 10:36:00,9.495,9.495,9.495,9.495,100.0,BTZ
2023-11-13 10:33:00,9.495,9.495,9.495,9.495,120.0,BTZ
2023-11-13 10:32:00,9.5,9.5,9.5,9.5,1010.0,BTZ
2023-11-13 10:30:00,9.498,9.498,9.498,9.498,180.0,BTZ
2023-11-13 10:29:00,9.49,9.5,9.49,9.5,5349.0,BTZ
2023-11-13 10:27:00,9.485,9.487,9.485,9.487,200.0,BTZ
2023-11-13 10:24:00,9.485,9.485,9.485,9.485,100.0,BTZ
2023-11-13 10:22:00,9.485,9.485,9.485,9.485,100.0,BTZ
2023-11-13 10:20:00,9.49,9.49,9.485,9.485,438.0,BTZ
2023-11-13 10:19:00,9.485,9.485,9.485,9.485,100.0,BTZ
2023-11-13 10:18:00,9.49,9.49,9.49,9.49,460.0,BTZ
2023-11-13 10:17:00,9.485,9.485,9.485,9.485,100.0,BTZ
2023-11-13 10:15:00,9.485,9.485,9.485,9.485,100.0,BTZ
2023-11-13 10:13:00,9.485,9.485,9.485,9.485,120.0,BTZ
2023-11-13 10:12:00,9.486,9.486,9.486,9.486,270.0,BTZ
2023-11-13 10:11:00,9.485,9.485,9.485,9.485,100.0,BTZ
2023-11-13 10:10:00,9.485,9.485,9.485,9.485,100.0,BTZ
2023-11-13 10:08:00,9.485,9.49,9.48,9.49,450.0,BTZ
2023-11-13 10:06:00,9.485,9.485,9.485,9.485,100.0,BTZ
2023-11-13 10:04:00,9.485,9.485,9.485,9.485,100.0,BTZ
2023-11-13 10:03:00,9.485,9.49,9.485,9.49,404.0,BTZ
2023-11-13 10:02:00,9.49,9.49,9.49,9.49,3110.0,BTZ
2023-11-13 10:01:00,9.475,9.49,9.47,9.485,5469.0,BTZ
2023-11-13 10:00:00,9.481,9.481,9.475,9.475,1822.0,BTZ
2023-11-13 09:59:00,9.48,9.485,9.48,9.485,500.0,BTZ
2023-11-13 09:58:00,9.48,9.48,9.479,9.479,2304.0,BTZ
2023-11-13 09:57:00,9.48,9.48,9.48,9.48,1001.0,BTZ
2023-11-13 09:55:00,9.495,9.495,9.49,9.49,2000.0,BTZ
2023-11-13 09:54:00,9.49,9.495,9.49,9.495,1700.0,BTZ
2023-11-13 09:53:00,9.5,9.5,9.49,9.49,2030.0,BTZ
2023-11-13 09:52:00,9.506,9.506,9.5,9.5,2100.0,BTZ
2023-11-13 09:51:00,9.5,9.5,9.5,9.5,100.0,BTZ
2023-11-13 09:49:00,9.505,9.505,9.505,9.505,100.0,BTZ
2023-11-13 09:48:00,9.505,9.505,9.505,9.505,722.0,BTZ
2023-11-13 09:45:00,9.5,9.5,9.5,9.5,313.0,BTZ
2023-11-13 09:44:00,9.495,9.5,9.495,9.5,801.0,BTZ
2023-11-13 09:43:00,9.5,9.5,9.5,9.5,847.0,BTZ
2023-11-13 09:42:00,9.5,9.5,9.5,9.5,100.0,BTZ
2023-11-13 09:40:00,9.5,9.5,9.5,9.5,203.0,BTZ
2023-11-13 09:39:00,9.5,9.5,9.5,9.5,100.0,BTZ
2023-11-13 09:38:00,9.5,9.5,9.5,9.5,150.0,BTZ
2023-11-13 09:36:00,9.5,9.5,9.5,9.5,100.0,BTZ
2023-11-13 09:34:00,9.51,9.51,9.51,9.51,100.0,BTZ
2023-11-13 09:30:00,9.54,9.54,9.54,9.54,9617.0,BTZ
2023-11-13 08:02:00,9.51,9.51,9.51,9.51,1.0,BTZ
2023-11-10 19:00:00,9.51,9.51,9.51,9.51,891.0,BTZ
2023-11-10 18:30:00,9.51,9.51,9.51,9.51,891.0,BTZ
2023-11-10 16:10:00,9.51,9.51,9.51,9.51,891.0,BTZ
2023-11-10 16:00:00,9.53,9.53,9.51,9.51,2334.0,BTZ
2023-11-10 15:59:00,9.525,9.53,9.525,9.53,4882.0,BTZ
2023-11-10 15:58:00,9.525,9.525,9.525,9.525,125.0,BTZ
2023-11-10 15:57:00,9.525,9.525,9.525,9.525,200.0,BTZ
2023-11-10 15:56:00,9.525,9.525,9.525,9.525,506.0,BTZ
2023-11-10 15:55:00,9.53,9.535,9.52,9.52,12217.0,BTZ
2023-11-10 15:53:00,9.525,9.525,9.525,9.525,100.0,BTZ
2023-11-10 15:51:00,9.525,9.525,9.525,9.525,100.0,BTZ
2023-11-10 15:50:00,9.52,9.525,9.52,9.525,647.0,BTZ
2023-11-10 15:48:00,9.525,9.525,9.525,9.525,200.0,BTZ
2023-11-10 15:47:00,9.525,9.525,9.525,9.525,300.0,BTZ
2023-11-10 15:45:00,9.525,9.525,9.52,9.52,1338.0,BTZ
2023-11-10 15:43:00,9.525,9.525,9.524,9.524,702.0,BTZ
2023-11-10 15:41:00,9.525,9.525,9.525,9.525,100.0,BTZ
2023-11-10 15:39:00,9.525,9.525,9.525,9.525,100.0,BTZ
2023-11-10 15:38:00,9.53,9.53,9.529,9.529,400.0,BTZ
2023-11-10 15:37:00,9.526,9.526,9.525,9.525,268.0,BTZ
2023-11-10 15:36:00,9.53,9.53,9.53,9.53,2349.0,BTZ
2023-11-10 15:35:00,9.535,9.535,9.535,9.535,100.0,BTZ
2023-11-10 15:32:00,9.535,9.535,9.535,9.535,100.0,BTZ
2023-11-10 15:31:00,9.535,9.535,9.535,9.535,153.0,BTZ
2023-11-10 15:27:00,9.535,9.536,9.535,9.536,200.0,BTZ
2023-11-10 15:26:00,9.535,9.535,9.535,9.535,100.0,BTZ
2023-11-10 15:23:00,9.535,9.535,9.535,9.535,100.0,BTZ
2023-11-10 15:22:00,9.535,9.535,9.535,9.535,122.0,BTZ
2023-11-10 15:21:00,9.535,9.535,9.535,9.535,100.0,BTZ
2023-11-10 15:20:00,9.535,9.535,9.535,9.535,100.0,BTZ
2023-11-10 15:19:00,9.535,9.535,9.535,9.535,700.0,BTZ
2023-11-10 15:18:00,9.535,9.535,9.535,9.535,466.0,BTZ
2023-11-10 15:16:00,9.54,9.54,9.54,9.54,490.0,BTZ
2023-11-10 15:15:00,9.54,9.543,9.535,9.54,12831.0,BTZ
2023-11-10 15:11:00,9.538,9.538,9.538,9.538,3623.0,BTZ
2023-11-10 15:10:00,9.53,9.53,9.53,9.53,1800.0,BTZ
2023-11-10 15:08:00,9.525,9.525,9.525,9.525,100.0,BTZ
2023-11-10 15:06:00,9.53,9.53,9.525,9.525,2913.0,BTZ
2023-11-10 15:05:00,9.53,9.535,9.53,9.535,700.0,BTZ
2023-11-10 15:04:00,9.53,9.535,9.53,9.535,300.0,BTZ
2023-11-10 15:03:00,9.53,9.54,9.53,9.535,5500.0,BTZ
2023-11-10 15:02:00,9.52,9.52,9.52,9.52,1050.0,BTZ
2023-11-10 15:00:00,9.505,9.53,9.505,9.52,26992.0,BTZ
2023-11-10 14:59:00,9.51,9.51,9.51,9.51,6358.0,BTZ
2023-11-10 14:58:00,9.515,9.515,9.515,9.515,100.0,BTZ
2023-11-10 14:57:00,9.513,9.515,9.513,9.515,1800.0,BTZ
2023-11-10 14:56:00,9.515,9.515,9.515,9.515,100.0,BTZ
2023-11-10 14:54:00,9.51,9.516,9.51,9.516,3100.0,BTZ
2023-11-10 14:53:00,9.51,9.51,9.51,9.51,2531.0,BTZ
2023-11-10 14:52:00,9.508,9.508,9.508,9.508,3785.0,BTZ
2023-11-10 14:50:00,9.509,9.509,9.509,9.509,600.0,BTZ
2023-11-10 14:49:00,9.517,9.517,9.51,9.51,15403.0,BTZ
2023-11-10 14:40:00,9.51,9.52,9.51,9.52,8697.0,BTZ
2023-11-10 14:36:00,9.52,9.53,9.52,9.52,7365.0,BTZ
2023-11-10 14:33:00,9.525,9.525,9.525,9.525,1600.0,BTZ
2023-11-10 14:32:00,9.52,9.525,9.52,9.525,5000.0,BTZ
2023-11-10 14:31:00,9.52,9.52,9.52,9.52,433.0,BTZ
2023-11-10 14:29:00,9.515,9.52,9.515,9.52,2526.0,BTZ
2023-11-10 14:28:00,9.51,9.51,9.51,9.51,8925.0,BTZ
2023-11-10 14:24:00,9.515,9.515,9.515,9.515,100.0,BTZ
2023-11-10 14:23:00,9.512,9.512,9.512,9.512,3200.0,BTZ
2023-11-10 14:22:00,9.51,9.51,9.51,9.51,1466.0,BTZ
2023-11-10 14:19:00,9.5,9.5,9.5,9.5,100.0,BTZ
2023-11-10 14:10:00,9.51,9.51,9.51,9.51,525.0,BTZ
2023-11-10 14:02:00,9.51,9.51,9.51,9.51,100.0,BTZ
2023-11-10 14:01:00,9.51,9.51,9.51,9.51,2336.0,BTZ
2023-11-10 14:00:00,9.51,9.51,9.51,9.51,809.0,BTZ
2023-11-10 13:56:00,9.525,9.525,9.51,9.51,4935.0,BTZ
2023-11-10 13:55:00,9.525,9.529,9.525,9.529,400.0,BTZ
2023-11-10 13:52:00,9.525,9.525,9.525,9.525,1576.0,BTZ
2023-11-10 13:49:00,9.525,9.525,9.525,9.525,302.0,BTZ
2023-11-10 13:45:00,9.525,9.53,9.525,9.53,825.0,BTZ
2023-11-10 13:44:00,9.525,9.53,9.525,9.525,5050.0,BTZ
2023-11-10 13:43:00,9.532,9.532,9.521,9.521,3826.0,BTZ
2023-11-10 13:42:00,9.535,9.535,9.535,9.535,2120.0,BTZ
2023-11-10 13:33:00,9.54,9.54,9.54,9.54,3581.0,BTZ
2023-11-10 13:31:00,9.53,9.54,9.53,9.54,2312.0,BTZ
2023-11-10 13:28:00,9.5,9.53,9.47,9.53,311374.0,BTZ
2023-11-10 13:23:00,9.525,9.525,9.525,9.525,526.0,BTZ
2023-11-10 13:22:00,9.525,9.525,9.525,9.525,352.0,BTZ
2023-11-10 13:21:00,9.51,9.52,9.51,9.52,3230.0,BTZ
2023-11-10 13:20:00,9.51,9.51,9.51,9.51,225.0,BTZ
2023-11-10 13:16:00,9.505,9.505,9.505,9.505,700.0,BTZ
2023-11-10 13:15:00,9.505,9.505,9.505,9.505,100.0,BTZ
2023-11-10 13:13:00,9.505,9.505,9.505,9.505,100.0,BTZ
2023-11-10 13:11:00,9.505,9.505,9.505,9.505,100.0,BTZ
2023-11-10 13:10:00,9.505,9.505,9.505,9.505,100.0,BTZ
2023-11-10 13:09:00,9.5,9.505,9.5,9.505,1191.0,BTZ
2023-11-10 13:07:00,9.5,9.505,9.5,9.505,1110.0,BTZ
2023-11-10 13:06:00,9.51,9.51,9.51,9.51,2084.0,BTZ
2023-11-10 13:05:00,9.505,9.505,9.505,9.505,100.0,BTZ
2023-11-10 13:04:00,9.505,9.505,9.505,9.505,100.0,BTZ
2023-11-10 13:02:00,9.505,9.505,9.505,9.505,200.0,BTZ
2023-11-10 12:58:00,9.505,9.505,9.505,9.505,200.0,BTZ
2023-11-10 12:54:00,9.505,9.51,9.505,9.505,5000.0,BTZ
2023-11-10 12:53:00,9.505,9.505,9.505,9.505,555.0,BTZ
2023-11-10 12:52:00,9.505,9.505,9.505,9.505,100.0,BTZ
2023-11-10 12:51:00,9.505,9.505,9.505,9.505,400.0,BTZ
2023-11-10 12:50:00,9.51,9.51,9.505,9.505,1800.0,BTZ
2023-11-10 12:49:00,9.506,9.506,9.506,9.506,750.0,BTZ
2023-11-10 12:48:00,9.505,9.505,9.505,9.505,100.0,BTZ
2023-11-10 12:47:00,9.505,9.505,9.505,9.505,400.0,BTZ
2023-11-10 12:45:00,9.506,9.506,9.506,9.506,300.0,BTZ
2023-11-10 12:44:00,9.5,9.5,9.5,9.5,100.0,BTZ
2023-11-10 12:43:00,9.5,9.5,9.5,9.5,200.0,BTZ
2023-11-10 12:41:00,9.505,9.505,9.505,9.505,800.0,BTZ
2023-11-10 12:40:00,9.505,9.51,9.5,9.505,12595.0,BTZ
2023-11-10 12:39:00,9.503,9.503,9.503,9.503,100.0,BTZ
2023-11-10 12:38:00,9.51,9.51,9.5,9.5,1601.0,BTZ
2023-11-10 12:37:00,9.51,9.51,9.5,9.5,900.0,BTZ
2023-11-10 12:36:00,9.5,9.5,9.5,9.5,100.0,BTZ
2023-11-10 12:35:00,9.501,9.51,9.5,9.5,6285.0,BTZ
2023-11-10 12:34:00,9.505,9.505,9.505,9.505,200.0,BTZ
2023-11-10 12:33:00,9.5,9.51,9.5,9.5,1000.0,BTZ
2023-11-10 12:32:00,9.505,9.507,9.5,9.5,5330.0,BTZ
2023-11-10 12:31:00,9.51,9.51,9.5,9.505,5380.0,BTZ
2023-11-10 12:30:00,9.505,9.505,9.5,9.5,4000.0,BTZ
2023-11-10 12:27:00,9.51,9.51,9.5,9.5,840.0,BTZ
2023-11-10 12:25:00,9.503,9.503,9.503,9.503,100.0,BTZ
2023-11-10 12:24:00,9.495,9.509,9.42,9.5,451602.0,BTZ
2023-11-10 12:23:00,9.55,9.55,9.485,9.49,80314.0,BTZ
2023-11-10 12:22:00,9.555,9.555,9.555,9.555,100.0,BTZ
2023-11-10 12:21:00,9.57,9.57,9.56,9.56,10642.0,BTZ
2023-11-10 12:18:00,9.58,9.58,9.573,9.573,1450.0,BTZ
2023-11-10 12:06:00,9.585,9.585,9.58,9.58,4639.0,BTZ
2023-11-10 12:01:00,9.585,9.585,9.585,9.585,300.0,BTZ
2023-11-10 11:59:00,9.585,9.585,9.585,9.585,100.0,BTZ
2023-11-10 11:57:00,9.595,9.595,9.585,9.59,9748.0,BTZ
2023-11-10 11:56:00,9.595,9.595,9.595,9.595,3100.0,BTZ
2023-11-10 11:54:00,9.595,9.595,9.595,9.595,100.0,BTZ
2023-11-10 11:53:00,9.585,9.595,9.585,9.595,5120.0,BTZ
2023-11-10 11:41:00,9.59,9.59,9.585,9.585,550.0,BTZ
2023-11-10 11:39:00,9.587,9.59,9.587,9.59,2000.0,BTZ
2023-11-10 11:38:00,9.585,9.585,9.585,9.585,122.0,BTZ
2023-11-10 11:37:00,9.584,9.584,9.584,9.584,1369.0,BTZ
2023-11-10 11:36:00,9.586,9.586,9.585,9.585,1229.0,BTZ
2023-11-10 11:35:00,9.59,9.59,9.59,9.59,138.0,BTZ
2023-11-10 11:31:00,9.589,9.589,9.589,9.589,500.0,BTZ
2023-11-10 11:30:00,9.588,9.588,9.588,9.588,200.0,BTZ
2023-11-10 11:28:00,9.59,9.59,9.59,9.59,2000.0,BTZ
2023-11-10 11:23:00,9.58,9.58,9.58,9.58,244.0,BTZ
2023-11-10 11:22:00,9.585,9.585,9.585,9.585,300.0,BTZ
2023-11-10 11:21:00,9.585,9.59,9.58,9.59,5400.0,BTZ
2023-11-10 11:20:00,9.585,9.59,9.585,9.59,6669.0,BTZ
2023-11-10 11:19:00,9.585,9.589,9.585,9.589,1700.0,BTZ
2023-11-10 11:18:00,9.585,9.585,9.585,9.585,100.0,BTZ
2023-11-10 11:17:00,9.59,9.59,9.59,9.59,580.0,BTZ
2023-11-10 11:14:00,9.59,9.59,9.59,9.59,108.0,BTZ
2023-11-10 11:11:00,9.58,9.59,9.58,9.59,517.0,BTZ
2023-11-10 11:09:00,9.59,9.59,9.58,9.59,16605.0,BTZ
2023-11-10 11:08:00,9.61,9.61,9.59,9.595,16503.0,BTZ
2023-11-10 11:07:00,9.605,9.605,9.6,9.6,2332.0,BTZ
2023-11-10 11:06:00,9.605,9.605,9.605,9.605,1405.0,BTZ
2023-11-10 11:01:00,9.609,9.609,9.609,9.609,100.0,BTZ
2023-11-10 11:00:00,9.605,9.605,9.605,9.605,755.0,BTZ
2023-11-10 10:53:00,9.605,9.605,9.605,9.605,100.0,BTZ
2023-11-10 10:49:00,9.6,9.6,9.6,9.6,104.0,BTZ
2023-11-10 10:48:00,9.609,9.609,9.609,9.609,302.0,BTZ
2023-11-10 10:47:00,9.608,9.608,9.605,9.605,4000.0,BTZ
2023-11-10 10:43:00,9.605,9.605,9.605,9.605,112.0,BTZ
2023-11-10 10:42:00,9.6,9.607,9.6,9.605,15217.0,BTZ
2023-11-10 10:40:00,9.6,9.6,9.6,9.6,1191.0,BTZ
2023-11-10 10:39:00,9.605,9.605,9.605,9.605,208.0,BTZ
2023-11-10 10:38:00,9.6,9.605,9.6,9.605,4852.0,BTZ
2023-11-10 10:30:00,9.595,9.595,9.595,9.595,1980.0,BTZ
2023-11-10 10:27:00,9.6,9.6,9.595,9.595,3459.0,BTZ
2023-11-10 10:26:00,9.6,9.6,9.6,9.6,590.0,BTZ
2023-11-10 10:24:00,9.602,9.602,9.602,9.602,406.0,BTZ
2023-11-10 10:21:00,9.605,9.605,9.6,9.605,406.0,BTZ
2023-11-10 10:19:00,9.605,9.605,9.6,9.6,9471.0,BTZ
2023-11-10 10:15:00,9.6,9.6,9.6,9.6,643.0,BTZ
2023-11-10 10:13:00,9.605,9.605,9.605,9.605,100.0,BTZ
2023-11-10 10:12:00,9.6,9.6,9.6,9.6,193.0,BTZ
2023-11-10 10:09:00,9.6,9.605,9.6,9.605,800.0,BTZ
2023-11-10 10:05:00,9.6,9.6,9.6,9.6,101.0,BTZ
2023-11-10 10:01:00,9.605,9.605,9.6,9.605,1720.0,BTZ
2023-11-10 10:00:00,9.605,9.605,9.605,9.605,1000.0,BTZ
2023-11-10 09:56:00,9.609,9.61,9.605,9.61,5736.0,BTZ
2023-11-10 09:54:00,9.609,9.61,9.609,9.61,1010.0,BTZ
2023-11-10 09:53:00,9.608,9.608,9.605,9.605,1259.0,BTZ
2023-11-10 09:48:00,9.601,9.601,9.601,9.601,200.0,BTZ
2023-11-10 09:46:00,9.605,9.605,9.605,9.605,200.0,BTZ
2023-11-10 09:45:00,9.605,9.605,9.605,9.605,1920.0,BTZ
2023-11-10 09:43:00,9.6,9.6,9.6,9.6,1100.0,BTZ
2023-11-10 09:42:00,9.602,9.602,9.6,9.6,1000.0,BTZ
2023-11-10 09:39:00,9.602,9.602,9.601,9.601,1391.0,BTZ
2023-11-10 09:37:00,9.605,9.605,9.605,9.605,2003.0,BTZ
2023-11-10 09:35:00,9.6,9.6,9.6,9.6,460.0,BTZ
2023-11-10 09:34:00,9.6,9.6,9.6,9.6,200.0,BTZ
2023-11-10 09:30:00,9.6,9.6,9.6,9.6,5575.0,BTZ
2023-11-09 19:00:00,9.55,9.55,9.55,9.55,1118.0,BTZ
2023-11-09 18:30:00,9.55,9.55,9.55,9.55,1118.0,BTZ
2023-11-09 16:10:00,9.55,9.55,9.55,9.55,1118.0,BTZ
2023-11-09 16:02:00,9.55,9.55,9.55,9.55,233.0,BTZ
2023-11-09 16:00:00,9.55,9.55,9.545,9.55,2539.0,BTZ
2023-11-09 15:59:00,9.54,9.55,9.54,9.55,3572.0,BTZ
2023-11-09 15:58:00,9.545,9.545,9.54,9.54,1600.0,BTZ
2023-11-09 15:57:00,9.54,9.54,9.54,9.54,1000.0,BTZ
2023-11-09 15:56:00,9.546,9.546,9.546,9.546,400.0,BTZ
2023-11-09 15:55:00,9.545,9.545,9.545,9.545,301.0,BTZ
2023-11-09 15:54:00,9.54,9.54,9.54,9.54,334.0,BTZ
2023-11-09 15:53:00,9.54,9.54,9.54,9.54,100.0,BTZ
2023-11-09 15:52:00,9.545,9.545,9.545,9.545,101.0,BTZ
2023-11-09 15:51:00,9.55,9.55,9.54,9.54,362.0,BTZ
2023-11-09 15:50:00,9.55,9.55,9.54,9.543,2157.0,BTZ
2023-11-09 15:49:00,9.545,9.545,9.545,9.545,844.0,BTZ
2023-11-09 15:48:00,9.545,9.546,9.54,9.54,819.0,BTZ
2023-11-09 15:47:00,9.545,9.545,9.54,9.545,4000.0,BTZ
2023-11-09 15:46:00,9.545,9.545,9.545,9.545,200.0,BTZ
2023-11-09 15:44:00,9.545,9.545,9.54,9.54,701.0,BTZ
2023-11-09 15:43:00,9.545,9.545,9.54,9.54,800.0,BTZ
2023-11-09 15:42:00,9.545,9.545,9.545,9.545,200.0,BTZ
2023-11-09 15:41:00,9.545,9.545,9.543,9.543,2974.0,BTZ
2023-11-09 15:40:00,9.54,9.545,9.54,9.545,2600.0,BTZ
2023-11-09 15:39:00,9.543,9.545,9.54,9.54,1153.0,BTZ
2023-11-09 15:38:00,9.55,9.55,9.54,9.55,6451.0,BTZ
2023-11-09 15:37:00,9.55,9.55,9.55,9.55,100.0,BTZ
2023-11-09 15:36:00,9.55,9.55,9.55,9.55,100.0,BTZ
2023-11-09 15:35:00,9.55,9.55,9.55,9.55,100.0,BTZ
2023-11-09 15:34:00,9.55,9.55,9.55,9.55,200.0,BTZ
2023-11-09 15:32:00,9.55,9.55,9.55,9.55,100.0,BTZ
2023-11-09 15:29:00,9.551,9.551,9.551,9.551,166.0,BTZ
2023-11-09 15:28:00,9.554,9.554,9.554,9.554,300.0,BTZ
2023-11-09 15:27:00,9.555,9.555,9.555,9.555,200.0,BTZ
2023-11-09 15:26:00,9.55,9.556,9.55,9.556,400.0,BTZ
2023-11-09 15:25:00,9.555,9.555,9.555,9.555,253.0,BTZ
2023-11-09 15:24:00,9.55,9.55,9.55,9.55,300.0,BTZ
2023-11-09 15:23:00,9.55,9.55,9.55,9.55,100.0,BTZ
2023-11-09 15:22:00,9.55,9.55,9.55,9.55,800.0,BTZ
2023-11-09 15:21:00,9.56,9.56,9.555,9.555,4411.0,BTZ
2023-11-09 15:14:00,9.565,9.565,9.565,9.565,300.0,BTZ
2023-11-09 15:13:00,9.56,9.56,9.56,9.56,3756.0,BTZ
2023-11-09 15:12:00,9.555,9.56,9.555,9.56,6946.0,BTZ
2023-11-09 15:11:00,9.55,9.55,9.55,9.55,100.0,BTZ
2023-11-09 15:10:00,9.55,9.55,9.55,9.55,400.0,BTZ
2023-11-09 15:09:00,9.555,9.555,9.555,9.555,100.0,BTZ
2023-11-09 15:08:00,9.555,9.555,9.555,9.555,800.0,BTZ
2023-11-09 15:07:00,9.559,9.56,9.559,9.56,1010.0,BTZ
2023-11-09 15:06:00,9.55,9.55,9.55,9.55,211.0,BTZ
2023-11-09 15:03:00,9.55,9.55,9.55,9.55,300.0,BTZ
2023-11-09 15:00:00,9.552,9.552,9.55,9.55,2276.0,BTZ
2023-11-09 14:59:00,9.555,9.555,9.555,9.555,100.0,BTZ
2023-11-09 14:58:00,9.555,9.555,9.555,9.555,400.0,BTZ
2023-11-09 14:57:00,9.555,9.555,9.555,9.555,100.0,BTZ
2023-11-09 14:56:00,9.56,9.56,9.55,9.55,301.0,BTZ
2023-11-09 14:53:00,9.55,9.55,9.55,9.55,200.0,BTZ
2023-11-09 14:52:00,9.553,9.553,9.553,9.553,398.0,BTZ
2023-11-09 14:50:00,9.555,9.555,9.553,9.553,1010.0,BTZ
2023-11-09 14:48:00,9.551,9.551,9.55,9.55,1200.0,BTZ
2023-11-09 14:47:00,9.55,9.55,9.55,9.55,100.0,BTZ
2023-11-09 14:46:00,9.56,9.56,9.55,9.55,660.0,BTZ
2023-11-09 14:45:00,9.559,9.559,9.559,9.559,3923.0,BTZ
2023-11-09 14:44:00,9.555,9.559,9.55,9.55,5200.0,BTZ
2023-11-09 14:42:00,9.565,9.565,9.555,9.56,9672.0,BTZ
2023-11-09 14:41:00,9.565,9.565,9.565,9.565,463.0,BTZ
2023-11-09 14:39:00,9.565,9.565,9.565,9.565,378.0,BTZ
2023-11-09 14:37:00,9.565,9.565,9.565,9.565,2499.0,BTZ
2023-11-09 14:36:00,9.565,9.565,9.565,9.565,1163.0,BTZ
2023-11-09 14:35:00,9.561,9.561,9.561,9.561,1585.0,BTZ
2023-11-09 14:34:00,9.565,9.565,9.565,9.565,139.0,BTZ
2023-11-09 14:33:00,9.561,9.561,9.561,9.561,999.0,BTZ
2023-11-09 14:32:00,9.565,9.565,9.565,9.565,100.0,BTZ
2023-11-09 14:31:00,9.565,9.565,9.565,9.565,100.0,BTZ
2023-11-09 14:29:00,9.565,9.565,9.565,9.565,100.0,BTZ
2023-11-09 14:26:00,9.565,9.57,9.565,9.57,2740.0,BTZ
2023-11-09 14:25:00,9.565,9.565,9.565,9.565,163.0,BTZ
2023-11-09 14:24:00,9.565,9.57,9.565,9.57,436.0,BTZ
2023-11-09 14:23:00,9.565,9.57,9.565,9.565,5900.0,BTZ
2023-11-09 14:22:00,9.567,9.567,9.565,9.565,500.0,BTZ
2023-11-09 14:21:00,9.565,9.565,9.56,9.56,10100.0,BTZ
2023-11-09 14:20:00,9.565,9.565,9.565,9.565,100.0,BTZ
2023-11-09 14:19:00,9.565,9.565,9.56,9.56,600.0,BTZ
2023-11-09 14:18:00,9.565,9.565,9.565,9.565,840.0,BTZ
2023-11-09 14:16:00,9.565,9.565,9.565,9.565,100.0,BTZ
2023-11-09 14:15:00,9.57,9.571,9.57,9.57,3000.0,BTZ
2023-11-09 14:14:00,9.57,9.57,9.57,9.57,700.0,BTZ
2023-11-09 14:12:00,9.575,9.575,9.575,9.575,100.0,BTZ
2023-11-09 14:11:00,9.575,9.575,9.575,9.575,100.0,BTZ
2023-11-09 14:09:00,9.575,9.575,9.57,9.575,5200.0,BTZ
2023-11-09 14:08:00,9.575,9.577,9.571,9.571,1998.0,BTZ
2023-11-09 14:07:00,9.575,9.575,9.575,9.575,300.0,BTZ
2023-11-09 14:05:00,9.575,9.579,9.575,9.575,3834.0,BTZ
2023-11-09 14:04:00,9.576,9.576,9.576,9.576,1848.0,BTZ
2023-11-09 14:03:00,9.575,9.575,9.575,9.575,263.0,BTZ
2023-11-09 14:02:00,9.575,9.58,9.57,9.58,3183.0,BTZ
2023-11-09 14:01:00,9.59,9.59,9.57,9.575,8397.0,BTZ
2023-11-09 14:00:00,9.59,9.59,9.59,9.59,200.0,BTZ
2023-11-09 13:59:00,9.59,9.59,9.59,9.59,100.0,BTZ
2023-11-09 13:56:00,9.595,9.595,9.595,9.595,100.0,BTZ
2023-11-09 13:55:00,9.595,9.595,9.59,9.59,400.0,BTZ
2023-11-09 13:53:00,9.595,9.598,9.59,9.59,902.0,BTZ
2023-11-09 13:52:00,9.59,9.59,9.59,9.59,600.0,BTZ
2023-11-09 13:51:00,9.59,9.59,9.59,9.59,400.0,BTZ
2023-11-09 13:48:00,9.59,9.59,9.59,9.59,400.0,BTZ
2023-11-09 13:46:00,9.595,9.6,9.595,9.6,200.0,BTZ
2023-11-09 13:45:00,9.59,9.59,9.59,9.59,200.0,BTZ
2023-11-09 13:43:00,9.595,9.595,9.595,9.595,200.0,BTZ
2023-11-09 13:41:00,9.595,9.595,9.595,9.595,100.0,BTZ
2023-11-09 13:40:00,9.59,9.59,9.59,9.59,200.0,BTZ
2023-11-09 13:38:00,9.6,9.6,9.598,9.598,600.0,BTZ
2023-11-09 13:37:00,9.6,9.6,9.6,9.6,100.0,BTZ
2023-11-09 13:36:00,9.6,9.6,9.6,9.6,100.0,BTZ
2023-11-09 13:35:00,9.599,9.599,9.599,9.599,300.0,BTZ
2023-11-09 13:34:00,9.595,9.595,9.595,9.595,100.0,BTZ
2023-11-09 13:32:00,9.595,9.595,9.595,9.595,102.0,BTZ
2023-11-09 13:30:00,9.595,9.595,9.595,9.595,200.0,BTZ
2023-11-09 13:29:00,9.595,9.6,9.595,9.599,1200.0,BTZ
2023-11-09 13:28:00,9.6,9.6,9.6,9.6,3100.0,BTZ
2023-11-09 13:26:00,9.605,9.605,9.605,9.605,100.0,BTZ
2023-11-09 13:24:00,9.605,9.605,9.6,9.6,200.0,BTZ
2023-11-09 13:23:00,9.6,9.6,9.6,9.6,1105.0,BTZ
2023-11-09 13:22:00,9.6,9.6,9.6,9.6,120.0,BTZ
2023-11-09 13:21:00,9.6,9.6,9.6,9.6,100.0,BTZ
2023-11-09 13:17:00,9.599,9.599,9.599,9.599,600.0,BTZ
2023-11-09 13:16:00,9.61,9.61,9.59,9.599,8732.0,BTZ
2023-11-09 13:15:00,9.6,9.62,9.6,9.611,14668.0,BTZ
2023-11-09 13:13:00,9.595,9.595,9.595,9.595,700.0,BTZ
2023-11-09 13:12:00,9.6,9.6,9.6,9.6,700.0,BTZ
2023-11-09 13:11:00,9.6,9.6,9.59,9.6,1100.0,BTZ
2023-11-09 13:10:00,9.595,9.6,9.595,9.6,1611.0,BTZ
2023-11-09 13:09:00,9.6,9.605,9.6,9.6,8673.0,BTZ
2023-11-09 13:08:00,9.6,9.605,9.6,9.605,900.0,BTZ
2023-11-09 13:07:00,9.6,9.605,9.6,9.6,6616.0,BTZ
2023-11-09 13:05:00,9.61,9.61,9.6,9.6,3000.0,BTZ
2023-11-09 13:04:00,9.605,9.605,9.605,9.605,240.0,BTZ
2023-11-09 13:02:00,9.615,9.615,9.6,9.61,12202.0,BTZ
2023-11-09 13:01:00,9.63,9.64,9.615,9.615,5741.0,BTZ
2023-11-09 12:59:00,9.63,9.63,9.63,9.63,300.0,BTZ
2023-11-09 12:56:00,9.63,9.63,9.63,9.63,300.0,BTZ
2023-11-09 12:53:00,9.635,9.635,9.635,9.635,100.0,BTZ
2023-11-09 12:52:00,9.635,9.635,9.635,9.635,100.0,BTZ
2023-11-09 12:48:00,9.638,9.638,9.63,9.63,1553.0,BTZ
2023-11-09 12:42:00,9.63,9.63,9.63,9.63,700.0,BTZ
2023-11-09 12:41:00,9.63,9.63,9.63,9.63,100.0,BTZ
2023-11-09 12:33:00,9.63,9.63,9.63,9.63,200.0,BTZ
2023-11-09 12:32:00,9.631,9.631,9.631,9.631,500.0,BTZ
2023-11-09 12:31:00,9.63,9.63,9.63,9.63,1000.0,BTZ
2023-11-09 12:30:00,9.63,9.63,9.625,9.625,1100.0,BTZ
2023-11-09 12:29:00,9.63,9.63,9.629,9.629,1961.0,BTZ
2023-11-09 12:24:00,9.635,9.635,9.635,9.635,200.0,BTZ
2023-11-09 12:23:00,9.635,9.635,9.635,9.635,1500.0,BTZ
2023-11-09 12:19:00,9.63,9.63,9.63,9.63,100.0,BTZ
2023-11-09 12:18:00,9.63,9.63,9.63,9.63,100.0,BTZ
2023-11-09 12:16:00,9.64,9.64,9.63,9.63,700.0,BTZ
2023-11-09 12:15:00,9.635,9.635,9.635,9.635,102.0,BTZ
2023-11-09 12:14:00,9.635,9.635,9.635,9.635,255.0,BTZ
2023-11-09 12:12:00,9.63,9.639,9.63,9.639,1422.0,BTZ
2023-11-09 12:11:00,9.63,9.635,9.63,9.635,400.0,BTZ
2023-11-09 12:10:00,9.63,9.63,9.63,9.63,333.0,BTZ
2023-11-09 12:09:00,9.63,9.63,9.63,9.63,245.0,BTZ
2023-11-09 12:07:00,9.63,9.63,9.63,9.63,100.0,BTZ
2023-11-09 12:06:00,9.63,9.635,9.63,9.635,300.0,BTZ
2023-11-09 12:05:00,9.63,9.635,9.63,9.635,200.0,BTZ
2023-11-09 12:04:00,9.635,9.64,9.63,9.635,5300.0,BTZ
2023-11-09 12:03:00,9.63,9.635,9.63,9.635,754.0,BTZ
2023-11-09 12:00:00,9.63,9.63,9.63,9.63,100.0,BTZ
2023-11-09 11:59:00,9.635,9.635,9.635,9.635,166.0,BTZ
2023-11-09 11:56:00,9.635,9.635,9.635,9.635,200.0,BTZ
2023-11-09 11:55:00,9.635,9.635,9.63,9.635,3961.0,BTZ
2023-11-09 11:52:00,9.64,9.64,9.635,9.635,700.0,BTZ
2023-11-09 11:50:00,9.635,9.635,9.635,9.635,200.0,BTZ
2023-11-09 11:47:00,9.63,9.635,9.63,9.635,300.0,BTZ
2023-11-09 11:46:00,9.64,9.64,9.635,9.635,2554.0,BTZ
2023-11-09 11:45:00,9.635,9.64,9.635,9.64,300.0,BTZ
2023-11-09 11:44:00,9.63,9.635,9.63,9.635,501.0,BTZ
2023-11-09 11:43:00,9.635,9.635,9.635,9.635,100.0,BTZ
2023-11-09 11:41:00,9.635,9.635,9.635,9.635,100.0,BTZ
2023-11-09 11:40:00,9.635,9.635,9.635,9.635,115.0,BTZ
2023-11-09 11:39:00,9.635,9.635,9.635,9.635,100.0,BTZ
2023-11-09 11:38:00,9.635,9.635,9.635,9.635,629.0,BTZ
2023-11-09 11:37:00,9.635,9.635,9.635,9.635,2994.0,BTZ
2023-11-09 11:36:00,9.635,9.635,9.635,9.635,300.0,BTZ
2023-11-09 11:34:00,9.635,9.635,9.635,9.635,100.0,BTZ
2023-11-09 11:33:00,9.635,9.635,9.635,9.635,360.0,BTZ
2023-11-09 11:32:00,9.635,9.635,9.635,9.635,100.0,BTZ
2023-11-09 11:31:00,9.635,9.635,9.635,9.635,100.0,BTZ
2023-11-09 11:30:00,9.635,9.635,9.635,9.635,563.0,BTZ
2023-11-09 11:29:00,9.635,9.635,9.635,9.635,710.0,BTZ
2023-11-09 11:28:00,9.635,9.635,9.635,9.635,263.0,BTZ
2023-11-09 11:27:00,9.635,9.635,9.635,9.635,576.0,BTZ
2023-11-09 11:26:00,9.635,9.635,9.635,9.635,263.0,BTZ
2023-11-09 11:25:00,9.635,9.635,9.635,9.635,363.0,BTZ
2023-11-09 11:24:00,9.635,9.635,9.635,9.635,1623.0,BTZ
2023-11-09 11:23:00,9.635,9.635,9.635,9.635,300.0,BTZ
2023-11-09 11:22:00,9.635,9.637,9.635,9.635,463.0,BTZ
2023-11-09 11:21:00,9.635,9.635,9.635,9.635,100.0,BTZ
2023-11-09 11:20:00,9.635,9.635,9.635,9.635,300.0,BTZ
2023-11-09 11:19:00,9.64,9.64,9.635,9.635,3300.0,BTZ
2023-11-09 11:18:00,9.645,9.645,9.64,9.64,200.0,BTZ
2023-11-09 11:17:00,9.645,9.645,9.64,9.64,1048.0,BTZ
2023-11-09 11:15:00,9.644,9.646,9.644,9.646,280.0,BTZ
2023-11-09 11:14:00,9.645,9.645,9.645,9.645,100.0,BTZ
2023-11-09 11:13:00,9.645,9.645,9.645,9.645,206.0,BTZ
2023-11-09 11:11:00,9.645,9.645,9.645,9.645,400.0,BTZ
2023-11-09 11:10:00,9.645,9.645,9.64,9.64,488.0,BTZ
2023-11-09 11:09:00,9.639,9.65,9.635,9.645,7848.0,BTZ
2023-11-09 11:08:00,9.635,9.635,9.635,9.635,100.0,BTZ
2023-11-09 11:07:00,9.635,9.635,9.635,9.635,400.0,BTZ
2023-11-09 11:06:00,9.635,9.635,9.635,9.635,400.0,BTZ
2023-11-09 11:05:00,9.635,9.635,9.635,9.635,100.0,BTZ
2023-11-09 11:04:00,9.639,9.639,9.635,9.635,500.0,BTZ
2023-11-09 11:03:00,9.635,9.64,9.635,9.635,600.0,BTZ
2023-11-09 11:02:00,9.635,9.635,9.635,9.635,700.0,BTZ
2023-11-09 11:00:00,9.635,9.64,9.635,9.64,705.0,BTZ
2023-11-09 10:59:00,9.635,9.635,9.635,9.635,201.0,BTZ
2023-11-09 10:58:00,9.64,9.64,9.635,9.635,825.0,BTZ
2023-11-09 10:56:00,9.635,9.64,9.635,9.635,2858.0,BTZ
2023-11-09 10:55:00,9.635,9.635,9.635,9.635,200.0,BTZ
2023-11-09 10:54:00,9.635,9.635,9.635,9.635,300.0,BTZ
2023-11-09 10:53:00,9.635,9.635,9.635,9.635,808.0,BTZ
2023-11-09 10:52:00,9.635,9.635,9.635,9.635,200.0,BTZ
2023-11-09 10:51:00,9.635,9.635,9.635,9.635,300.0,BTZ
2023-11-09 10:50:00,9.635,9.635,9.635,9.635,900.0,BTZ
2023-11-09 10:49:00,9.637,9.64,9.635,9.635,2115.0,BTZ
2023-11-09 10:48:00,9.63,9.635,9.63,9.635,300.0,BTZ
2023-11-09 10:47:00,9.635,9.64,9.635,9.635,1737.0,BTZ
2023-11-09 10:46:00,9.635,9.635,9.635,9.635,100.0,BTZ
2023-11-09 10:45:00,9.635,9.64,9.635,9.635,3600.0,BTZ
2023-11-09 10:44:00,9.635,9.64,9.635,9.635,900.0,BTZ
2023-11-09 10:43:00,9.635,9.635,9.635,9.635,100.0,BTZ
2023-11-09 10:42:00,9.635,9.635,9.635,9.635,100.0,BTZ
2023-11-09 10:41:00,9.635,9.635,9.635,9.635,300.0,BTZ
2023-11-09 10:40:00,9.635,9.635,9.635,9.635,200.0,BTZ
2023-11-09 10:39:00,9.635,9.635,9.635,9.635,400.0,BTZ
2023-11-09 10:38:00,9.635,9.635,9.635,9.635,100.0,BTZ
2023-11-09 10:37:00,9.635,9.635,9.635,9.635,896.0,BTZ
2023-11-09 10:36:00,9.635,9.635,9.635,9.635,100.0,BTZ
2023-11-09 10:35:00,9.635,9.635,9.635,9.635,100.0,BTZ
2023-11-09 10:34:00,9.635,9.635,9.635,9.635,400.0,BTZ
2023-11-09 10:32:00,9.635,9.635,9.635,9.635,101.0,BTZ
2023-11-09 10:31:00,9.635,9.64,9.632,9.635,2700.0,BTZ
2023-11-09 10:30:00,9.635,9.635,9.635,9.635,200.0,BTZ
2023-11-09 10:29:00,9.635,9.635,9.635,9.635,200.0,BTZ
2023-11-09 10:28:00,9.635,9.64,9.63,9.63,2558.0,BTZ
2023-11-09 10:27:00,9.635,9.64,9.635,9.64,1786.0,BTZ
2023-11-09 10:26:00,9.635,9.64,9.635,9.64,1700.0,BTZ
2023-11-09 10:25:00,9.635,9.635,9.635,9.635,100.0,BTZ
2023-11-09 10:24:00,9.635,9.635,9.635,9.635,1088.0,BTZ
2023-11-09 10:23:00,9.639,9.639,9.635,9.635,300.0,BTZ
2023-11-09 10:22:00,9.635,9.635,9.635,9.635,200.0,BTZ
2023-11-09 10:21:00,9.635,9.635,9.635,9.635,900.0,BTZ
2023-11-09 10:20:00,9.64,9.64,9.635,9.635,3348.0,BTZ
2023-11-09 10:19:00,9.64,9.64,9.64,9.64,289.0,BTZ
2023-11-09 10:18:00,9.64,9.65,9.64,9.645,1813.0,BTZ
2023-11-09 10:17:00,9.64,9.65,9.64,9.65,2500.0,BTZ
2023-11-09 10:14:00,9.645,9.645,9.645,9.645,120.0,BTZ
2023-11-09 10:12:00,9.65,9.65,9.65,9.65,311.0,BTZ
2023-11-09 10:11:00,9.645,9.65,9.643,9.65,800.0,BTZ
2023-11-09 10:10:00,9.65,9.65,9.645,9.645,1122.0,BTZ
2023-11-09 10:09:00,9.635,9.65,9.635,9.65,2213.0,BTZ
2023-11-09 10:08:00,9.635,9.64,9.635,9.64,1079.0,BTZ
2023-11-09 10:07:00,9.635,9.635,9.635,9.635,111.0,BTZ
2023-11-09 10:06:00,9.635,9.635,9.63,9.635,2042.0,BTZ
2023-11-09 10:04:00,9.635,9.635,9.631,9.631,859.0,BTZ
2023-11-09 10:03:00,9.64,9.64,9.635,9.635,886.0,BTZ
2023-11-09 10:01:00,9.64,9.64,9.64,9.64,210.0,BTZ
2023-11-09 10:00:00,9.64,9.645,9.64,9.645,563.0,BTZ
2023-11-09 09:58:00,9.646,9.646,9.646,9.646,773.0,BTZ
2023-11-09 09:57:00,9.645,9.645,9.645,9.645,300.0,BTZ
2023-11-09 09:56:00,9.645,9.645,9.645,9.645,433.0,BTZ
2023-11-09 09:55:00,9.645,9.645,9.645,9.645,300.0,BTZ
2023-11-09 09:54:00,9.645,9.645,9.645,9.645,100.0,BTZ
2023-11-09 09:52:00,9.645,9.648,9.645,9.648,531.0,BTZ
2023-11-09 09:51:00,9.645,9.645,9.645,9.645,100.0,BTZ
2023-11-09 09:50:00,9.645,9.645,9.645,9.645,100.0,BTZ
2023-11-09 09:49:00,9.64,9.64,9.64,9.64,1000.0,BTZ
2023-11-09 09:48:00,9.645,9.65,9.64,9.645,10278.0,BTZ
2023-11-09 09:45:00,9.645,9.65,9.645,9.65,200.0,BTZ
2023-11-09 09:42:00,9.64,9.64,9.64,9.64,600.0,BTZ
2023-11-09 09:41:00,9.64,9.64,9.64,9.64,698.0,BTZ
2023-11-09 09:40:00,9.65,9.65,9.64,9.64,6718.0,BTZ
2023-11-09 09:39:00,9.655,9.655,9.65,9.65,1000.0,BTZ
2023-11-09 09:37:00,9.66,9.66,9.66,9.66,901.0,BTZ
2023-11-09 09:36:00,9.66,9.66,9.66,9.66,494.0,BTZ
2023-11-09 09:35:00,9.655,9.655,9.655,9.655,901.0,BTZ
2023-11-09 09:30:00,9.65,9.65,9.65,9.65,10390.0,BTZ
2023-11-09 09:23:00,9.67,9.67,9.66,9.66,200.0,BTZ
2023-11-09 08:42:00,9.68,9.68,9.68,9.68,15.0,BTZ
2023-11-08 19:00:00,9.66,9.66,9.66,9.66,957.0,BTZ
2023-11-08 18:30:00,9.66,9.66,9.66,9.66,957.0,BTZ
2023-11-08 16:10:00,9.66,9.66,9.66,9.66,957.0,BTZ
2023-11-08 16:00:00,9.655,9.66,9.655,9.66,2294.0,BTZ
2023-11-08 15:59:00,9.66,9.66,9.655,9.66,4906.0,BTZ
2023-11-08 15:58:00,9.655,9.655,9.655,9.655,960.0,BTZ
2023-11-08 15:53:00,9.655,9.655,9.655,9.655,1118.0,BTZ
2023-11-08 15:48:00,9.65,9.65,9.65,9.65,100.0,BTZ
2023-11-08 15:43:00,9.65,9.655,9.65,9.65,3400.0,BTZ
2023-11-08 15:37:00,9.65,9.655,9.65,9.65,1083.0,BTZ
2023-11-08 15:36:00,9.652,9.652,9.652,9.652,477.0,BTZ
2023-11-08 15:33:00,9.655,9.655,9.65,9.65,2000.0,BTZ
2023-11-08 15:32:00,9.655,9.66,9.655,9.655,1508.0,BTZ
2023-11-08 15:31:00,9.66,9.66,9.653,9.653,2695.0,BTZ
2023-11-08 15:30:00,9.665,9.665,9.665,9.665,100.0,BTZ
2023-11-08 15:29:00,9.66,9.66,9.66,9.66,300.0,BTZ
2023-11-08 15:28:00,9.66,9.665,9.66,9.665,600.0,BTZ
2023-11-08 15:27:00,9.655,9.665,9.65,9.66,7578.0,BTZ
2023-11-08 15:26:00,9.66,9.66,9.65,9.65,450.0,BTZ
2023-11-08 15:23:00,9.658,9.658,9.658,9.658,503.0,BTZ
2023-11-08 15:22:00,9.653,9.653,9.65,9.65,2438.0,BTZ
2023-11-08 15:20:00,9.65,9.655,9.65,9.655,2097.0,BTZ
2023-11-08 15:19:00,9.655,9.655,9.655,9.655,200.0,BTZ
2023-11-08 15:18:00,9.653,9.655,9.653,9.655,521.0,BTZ
2023-11-08 15:17:00,9.651,9.651,9.651,9.651,1000.0,BTZ
2023-11-08 15:13:00,9.655,9.655,9.654,9.654,300.0,BTZ
2023-11-08 15:11:00,9.654,9.654,9.654,9.654,100.0,BTZ
2023-11-08 15:10:00,9.653,9.653,9.653,9.653,500.0,BTZ
2023-11-08 15:09:00,9.65,9.655,9.65,9.655,4739.0,BTZ
2023-11-08 15:05:00,9.645,9.645,9.645,9.645,100.0,BTZ
2023-11-08 15:01:00,9.645,9.645,9.645,9.645,150.0,BTZ
2023-11-08 14:57:00,9.645,9.645,9.645,9.645,100.0,BTZ
2023-11-08 14:56:00,9.645,9.645,9.645,9.645,200.0,BTZ
2023-11-08 14:53:00,9.64,9.64,9.64,9.64,305.0,BTZ
2023-11-08 14:52:00,9.645,9.645,9.645,9.645,100.0,BTZ
2023-11-08 14:50:00,9.644,9.644,9.644,9.644,2820.0,BTZ
2023-11-08 14:48:00,9.64,9.64,9.64,9.64,821.0,BTZ
2023-11-08 14:47:00,9.645,9.645,9.645,9.645,100.0,BTZ
2023-11-08 14:46:00,9.645,9.645,9.645,9.645,750.0,BTZ
2023-11-08 14:34:00,9.641,9.641,9.641,9.641,600.0,BTZ
2023-11-08 14:32:00,9.645,9.65,9.645,9.65,2209.0,BTZ
2023-11-08 14:31:00,9.645,9.645,9.645,9.645,500.0,BTZ
2023-11-08 14:25:00,9.649,9.649,9.64,9.64,1000.0,BTZ
2023-11-08 14:20:00,9.64,9.64,9.64,9.64,110.0,BTZ
2023-11-08 14:17:00,9.649,9.649,9.649,9.649,100.0,BTZ
2023-11-08 14:15:00,9.641,9.645,9.641,9.645,1415.0,BTZ
2023-11-08 14:12:00,9.645,9.65,9.645,9.645,1100.0,BTZ
2023-11-08 14:08:00,9.645,9.65,9.645,9.645,5184.0,BTZ
2023-11-08 14:07:00,9.64,9.64,9.64,9.64,300.0,BTZ
2023-11-08 14:06:00,9.64,9.649,9.64,9.649,1695.0,BTZ
2023-11-08 14:03:00,9.645,9.645,9.645,9.645,586.0,BTZ
2023-11-08 13:58:00,9.64,9.64,9.64,9.64,100.0,BTZ
2023-11-08 13:57:00,9.641,9.645,9.641,9.641,1800.0,BTZ
2023-11-08 13:56:00,9.64,9.64,9.64,9.64,100.0,BTZ
2023-11-08 13:54:00,9.64,9.645,9.64,9.645,234.0,BTZ
2023-11-08 13:52:00,9.648,9.648,9.648,9.648,250.0,BTZ
2023-11-08 13:51:00,9.641,9.641,9.641,9.641,666.0,BTZ
2023-11-08 13:47:00,9.64,9.64,9.64,9.64,1413.0,BTZ
2023-11-08 13:46:00,9.645,9.645,9.645,9.645,100.0,BTZ
2023-11-08 13:45:00,9.645,9.645,9.645,9.645,100.0,BTZ
2023-11-08 13:44:00,9.643,9.643,9.643,9.643,200.0,BTZ
2023-11-08 13:36:00,9.64,9.65,9.64,9.65,2180.0,BTZ
2023-11-08 13:35:00,9.645,9.645,9.645,9.645,200.0,BTZ
2023-11-08 13:32:00,9.65,9.65,9.65,9.65,1200.0,BTZ
2023-11-08 13:31:00,9.65,9.65,9.65,9.65,2822.0,BTZ
2023-11-08 13:30:00,9.625,9.64,9.625,9.64,4125.0,BTZ
2023-11-08 13:28:00,9.628,9.628,9.628,9.628,1007.0,BTZ
2023-11-08 13:27:00,9.62,9.62,9.62,9.62,2500.0,BTZ
2023-11-08 13:26:00,9.615,9.615,9.615,9.615,100.0,BTZ
2023-11-08 13:22:00,9.62,9.62,9.615,9.615,800.0,BTZ
2023-11-08 13:17:00,9.619,9.619,9.619,9.619,300.0,BTZ
2023-11-08 13:15:00,9.615,9.615,9.615,9.615,354.0,BTZ
2023-11-08 13:13:00,9.615,9.615,9.615,9.615,2000.0,BTZ
2023-11-08 13:11:00,9.61,9.615,9.61,9.615,500.0,BTZ
2023-11-08 13:10:00,9.615,9.615,9.615,9.615,100.0,BTZ
2023-11-08 13:08:00,9.615,9.615,9.615,9.615,200.0,BTZ
2023-11-08 13:07:00,9.62,9.62,9.615,9.615,2700.0,BTZ
2023-11-08 13:06:00,9.621,9.621,9.62,9.621,3487.0,BTZ
2023-11-08 13:05:00,9.62,9.625,9.62,9.62,11387.0,BTZ
2023-11-08 13:03:00,9.617,9.62,9.617,9.62,285.0,BTZ
2023-11-08 13:02:00,9.62,9.62,9.62,9.62,150.0,BTZ
2023-11-08 12:55:00,9.62,9.62,9.62,9.62,100.0,BTZ
2023-11-08 12:53:00,9.62,9.62,9.615,9.62,1816.0,BTZ
2023-11-08 12:47:00,9.619,9.619,9.619,9.619,100.0,BTZ
2023-11-08 12:43:00,9.618,9.62,9.618,9.62,1332.0,BTZ
2023-11-08 12:39:00,9.615,9.615,9.615,9.615,100.0,BTZ
2023-11-08 12:38:00,9.612,9.612,9.612,9.612,400.0,BTZ
2023-11-08 12:33:00,9.611,9.611,9.611,9.611,400.0,BTZ
2023-11-08 12:32:00,9.615,9.615,9.615,9.615,100.0,BTZ
2023-11-08 12:28:00,9.615,9.615,9.615,9.615,246.0,BTZ
2023-11-08 12:27:00,9.615,9.615,9.615,9.615,100.0,BTZ
2023-11-08 12:21:00,9.614,9.614,9.614,9.614,400.0,BTZ
2023-11-08 12:20:00,9.615,9.615,9.615,9.615,500.0,BTZ
2023-11-08 12:19:00,9.61,9.61,9.61,9.61,1600.0,BTZ
2023-11-08 12:17:00,9.605,9.605,9.605,9.605,100.0,BTZ
2023-11-08 12:16:00,9.6,9.6,9.595,9.6,2300.0,BTZ
2023-11-08 12:15:00,9.599,9.599,9.599,9.599,100.0,BTZ
2023-11-08 12:14:00,9.59,9.59,9.59,9.59,1488.0,BTZ
2023-11-08 12:12:00,9.6,9.6,9.595,9.6,512.0,BTZ
2023-11-08 12:11:00,9.6,9.6,9.595,9.595,200.0,BTZ
2023-11-08 12:10:00,9.595,9.599,9.595,9.599,200.0,BTZ
2023-11-08 12:09:00,9.599,9.599,9.599,9.599,400.0,BTZ
2023-11-08 12:08:00,9.6,9.6,9.6,9.6,2035.0,BTZ
2023-11-08 12:07:00,9.6,9.6,9.6,9.6,7819.0,BTZ
2023-11-08 12:05:00,9.606,9.606,9.606,9.606,250.0,BTZ
2023-11-08 12:03:00,9.605,9.605,9.605,9.605,104.0,BTZ
2023-11-08 12:02:00,9.605,9.605,9.605,9.605,400.0,BTZ
2023-11-08 12:01:00,9.61,9.61,9.605,9.61,1800.0,BTZ
2023-11-08 11:57:00,9.612,9.615,9.612,9.615,1106.0,BTZ
2023-11-08 11:46:00,9.61,9.61,9.61,9.61,1082.0,BTZ
2023-11-08 11:43:00,9.615,9.615,9.615,9.615,100.0,BTZ
2023-11-08 11:40:00,9.61,9.61,9.61,9.61,755.0,BTZ
2023-11-08 11:39:00,9.61,9.61,9.61,9.61,8992.0,BTZ
2023-11-08 11:38:00,9.615,9.62,9.611,9.62,721.0,BTZ
2023-11-08 11:32:00,9.615,9.615,9.615,9.615,585.0,BTZ
2023-11-08 11:31:00,9.615,9.62,9.615,9.62,200.0,BTZ
2023-11-08 11:30:00,9.615,9.615,9.615,9.615,100.0,BTZ
2023-11-08 11:28:00,9.616,9.616,9.615,9.615,535.0,BTZ
2023-11-08 11:22:00,9.615,9.62,9.615,9.62,466.0,BTZ
2023-11-08 11:21:00,9.615,9.615,9.615,9.615,18100.0,BTZ
2023-11-08 11:20:00,9.62,9.62,9.615,9.62,20091.0,BTZ
2023-11-08 11:19:00,9.615,9.616,9.615,9.615,856.0,BTZ
2023-11-08 11:18:00,9.615,9.615,9.615,9.615,800.0,BTZ
2023-11-08 11:17:00,9.615,9.62,9.615,9.615,1563.0,BTZ
2023-11-08 11:16:00,9.62,9.62,9.615,9.615,2600.0,BTZ
2023-11-08 11:12:00,9.62,9.62,9.62,9.62,102.0,BTZ
2023-11-08 11:07:00,9.615,9.615,9.615,9.615,102.0,BTZ
2023-11-08 11:06:00,9.62,9.62,9.615,9.615,18579.0,BTZ
2023-11-08 11:05:00,9.615,9.62,9.615,9.62,54500.0,BTZ
2023-11-08 11:04:00,9.615,9.619,9.615,9.619,3202.0,BTZ
2023-11-08 10:59:00,9.619,9.62,9.619,9.62,400.0,BTZ
2023-11-08 10:57:00,9.616,9.616,9.616,9.616,107.0,BTZ
2023-11-08 10:55:00,9.616,9.616,9.616,9.616,102.0,BTZ
2023-11-08 10:53:00,9.615,9.62,9.615,9.615,1202.0,BTZ
2023-11-08 10:52:00,9.615,9.62,9.614,9.614,507.0,BTZ
2023-11-08 10:51:00,9.62,9.62,9.62,9.62,102.0,BTZ
2023-11-08 10:48:00,9.61,9.61,9.61,9.61,102.0,BTZ
2023-11-08 10:47:00,9.615,9.615,9.615,9.615,102.0,BTZ
2023-11-08 10:46:00,9.62,9.62,9.62,9.62,176.0,BTZ
2023-11-08 10:44:00,9.613,9.613,9.613,9.613,162.0,BTZ
2023-11-08 10:43:00,9.62,9.62,9.615,9.615,302.0,BTZ
2023-11-08 10:41:00,9.615,9.615,9.615,9.615,102.0,BTZ
2023-11-08 10:40:00,9.615,9.62,9.615,9.62,1500.0,BTZ
2023-11-08 10:37:00,9.62,9.62,9.62,9.62,8351.0,BTZ
2023-11-08 10:35:00,9.62,9.62,9.615,9.615,1652.0,BTZ
2023-11-08 10:33:00,9.615,9.616,9.615,9.616,634.0,BTZ
2023-11-08 10:32:00,9.62,9.62,9.616,9.616,2802.0,BTZ
2023-11-08 10:31:00,9.619,9.619,9.619,9.619,102.0,BTZ
2023-11-08 10:28:00,9.614,9.614,9.614,9.614,1739.0,BTZ
2023-11-08 10:21:00,9.615,9.615,9.615,9.615,203.0,BTZ
2023-11-08 10:20:00,9.615,9.615,9.615,9.615,202.0,BTZ
2023-11-08 10:18:00,9.619,9.619,9.619,9.619,102.0,BTZ
2023-11-08 10:16:00,9.615,9.615,9.615,9.615,400.0,BTZ
2023-11-08 10:12:00,9.62,9.62,9.62,9.62,240.0,BTZ
2023-11-08 10:11:00,9.62,9.62,9.62,9.62,3801.0,BTZ
2023-11-08 10:09:00,9.625,9.625,9.625,9.625,105.0,BTZ
2023-11-08 10:08:00,9.615,9.62,9.615,9.62,805.0,BTZ
2023-11-08 10:05:00,9.61,9.61,9.61,9.61,8074.0,BTZ
2023-11-08 10:01:00,9.61,9.615,9.61,9.61,2402.0,BTZ
2023-11-08 09:58:00,9.62,9.62,9.615,9.615,2000.0,BTZ
2023-11-08 09:55:00,9.62,9.62,9.62,9.62,1002.0,BTZ
2023-11-08 09:54:00,9.625,9.625,9.625,9.625,500.0,BTZ
2023-11-08 09:53:00,9.62,9.629,9.62,9.627,4800.0,BTZ
2023-11-08 09:50:00,9.62,9.62,9.62,9.62,300.0,BTZ
2023-11-08 09:49:00,9.625,9.627,9.62,9.62,1000.0,BTZ
2023-11-08 09:48:00,9.625,9.625,9.62,9.62,21500.0,BTZ
2023-11-08 09:47:00,9.625,9.629,9.625,9.629,27996.0,BTZ
2023-11-08 09:46:00,9.625,9.625,9.62,9.62,494.0,BTZ
2023-11-08 09:45:00,9.63,9.63,9.625,9.625,2605.0,BTZ
2023-11-08 09:42:00,9.63,9.63,9.63,9.63,609.0,BTZ
2023-11-08 09:41:00,9.63,9.63,9.63,9.63,1986.0,BTZ
2023-11-08 09:40:00,9.635,9.635,9.635,9.635,170.0,BTZ
2023-11-08 09:37:00,9.64,9.64,9.64,9.64,202.0,BTZ
2023-11-08 09:35:00,9.65,9.65,9.635,9.635,450.0,BTZ
2023-11-08 09:30:00,9.64,9.64,9.64,9.64,4835.0,BTZ
2023-11-08 07:00:00,9.65,9.65,9.65,9.65,3.0,BTZ
2023-11-07 19:00:00,9.63,9.63,9.63,9.63,2132.0,BTZ
2023-11-07 18:30:00,9.63,9.63,9.63,9.63,2132.0,BTZ
2023-11-07 16:10:00,9.63,9.63,9.63,9.63,2132.0,BTZ
2023-11-07 16:00:00,9.63,9.63,9.62,9.63,4665.0,BTZ
2023-11-07 15:59:00,9.62,9.63,9.615,9.63,4569.0,BTZ
2023-11-07 15:57:00,9.618,9.62,9.618,9.62,700.0,BTZ
2023-11-07 15:54:00,9.615,9.615,9.615,9.615,138.0,BTZ
2023-11-07 15:53:00,9.62,9.62,9.62,9.62,108.0,BTZ
2023-11-07 15:52:00,9.62,9.62,9.62,9.62,158.0,BTZ
2023-11-07 15:51:00,9.62,9.62,9.62,9.62,149.0,BTZ
2023-11-07 15:50:00,9.62,9.62,9.62,9.62,300.0,BTZ
2023-11-07 15:49:00,9.615,9.62,9.615,9.62,767.0,BTZ
2023-11-07 15:48:00,9.62,9.62,9.62,9.62,179.0,BTZ
2023-11-07 15:47:00,9.62,9.62,9.62,9.62,900.0,BTZ
2023-11-07 15:46:00,9.62,9.62,9.62,9.62,310.0,BTZ
2023-11-07 15:45:00,9.615,9.62,9.615,9.62,7914.0,BTZ
2023-11-07 15:44:00,9.615,9.615,9.615,9.615,700.0,BTZ
2023-11-07 15:40:00,9.61,9.615,9.61,9.615,400.0,BTZ
2023-11-07 15:39:00,9.615,9.615,9.615,9.615,7532.0,BTZ
2023-11-07 15:34:00,9.615,9.615,9.615,9.615,777.0,BTZ
2023-11-07 15:30:00,9.615,9.615,9.615,9.615,100.0,BTZ
2023-11-07 15:28:00,9.615,9.615,9.615,9.615,100.0,BTZ
2023-11-07 15:26:00,9.62,9.62,9.62,9.62,1645.0,BTZ
2023-11-07 15:24:00,9.615,9.62,9.615,9.617,2869.0,BTZ
2023-11-07 15:23:00,9.615,9.615,9.615,9.615,100.0,BTZ
2023-11-07 15:21:00,9.615,9.615,9.615,9.615,300.0,BTZ
2023-11-07 15:20:00,9.61,9.615,9.61,9.615,850.0,BTZ
2023-11-07 15:19:00,9.611,9.615,9.611,9.615,653.0,BTZ
2023-11-07 15:18:00,9.615,9.62,9.615,9.618,4809.0,BTZ
2023-11-07 15:17:00,9.615,9.615,9.615,9.615,100.0,BTZ
2023-11-07 15:15:00,9.615,9.62,9.615,9.615,3421.0,BTZ
2023-11-07 15:14:00,9.615,9.615,9.615,9.615,100.0,BTZ
2023-11-07 15:11:00,9.615,9.615,9.615,9.615,600.0,BTZ
2023-11-07 15:10:00,9.615,9.615,9.615,9.615,100.0,BTZ
2023-11-07 15:09:00,9.615,9.615,9.615,9.615,326.0,BTZ
2023-11-07 15:08:00,9.615,9.615,9.615,9.615,263.0,BTZ
2023-11-07 15:07:00,9.615,9.615,9.615,9.615,363.0,BTZ
2023-11-07 15:06:00,9.615,9.615,9.615,9.615,100.0,BTZ
2023-11-07 15:05:00,9.615,9.615,9.615,9.615,263.0,BTZ
2023-11-07 15:04:00,9.615,9.615,9.61,9.615,863.0,BTZ
2023-11-07 15:03:00,9.615,9.615,9.615,9.615,2140.0,BTZ
2023-11-07 15:01:00,9.615,9.615,9.615,9.615,229.0,BTZ
2023-11-07 15:00:00,9.615,9.615,9.615,9.615,400.0,BTZ
2023-11-07 14:59:00,9.615,9.615,9.615,9.615,700.0,BTZ
2023-11-07 14:58:00,9.61,9.615,9.61,9.615,2400.0,BTZ
2023-11-07 14:57:00,9.615,9.619,9.615,9.619,2163.0,BTZ
2023-11-07 14:56:00,9.615,9.615,9.615,9.615,400.0,BTZ
2023-11-07 14:55:00,9.615,9.615,9.615,9.615,3920.0,BTZ
2023-11-07 14:54:00,9.62,9.62,9.62,9.62,100.0,BTZ
2023-11-07 14:53:00,9.613,9.613,9.61,9.61,200.0,BTZ
2023-11-07 14:48:00,9.615,9.615,9.615,9.615,730.0,BTZ
2023-11-07 14:46:00,9.612,9.612,9.612,9.612,150.0,BTZ
2023-11-07 14:43:00,9.61,9.61,9.61,9.61,400.0,BTZ
2023-11-07 14:33:00,9.61,9.61,9.61,9.61,136.0,BTZ
2023-11-07 14:31:00,9.618,9.618,9.61,9.61,727.0,BTZ
2023-11-07 14:30:00,9.618,9.618,9.618,9.618,105.0,BTZ
2023-11-07 14:27:00,9.614,9.614,9.614,9.614,160.0,BTZ
2023-11-07 14:25:00,9.61,9.61,9.61,9.61,2100.0,BTZ
2023-11-07 14:15:00,9.61,9.61,9.61,9.61,120.0,BTZ
2023-11-07 14:12:00,9.61,9.61,9.61,9.61,535.0,BTZ
2023-11-07 14:05:00,9.615,9.615,9.61,9.615,2360.0,BTZ
2023-11-07 14:04:00,9.615,9.62,9.615,9.62,3865.0,BTZ
2023-11-07 14:03:00,9.619,9.619,9.619,9.619,200.0,BTZ
2023-11-07 14:02:00,9.615,9.619,9.615,9.615,1726.0,BTZ
2023-11-07 13:58:00,9.62,9.62,9.62,9.62,100.0,BTZ
2023-11-07 13:57:00,9.61,9.61,9.61,9.61,138.0,BTZ
2023-11-07 13:55:00,9.619,9.619,9.61,9.61,700.0,BTZ
2023-11-07 13:52:00,9.615,9.615,9.615,9.615,265.0,BTZ
2023-11-07 13:51:00,9.62,9.62,9.62,9.62,100.0,BTZ
2023-11-07 13:49:00,9.619,9.619,9.619,9.619,100.0,BTZ
2023-11-07 13:48:00,9.619,9.619,9.619,9.619,100.0,BTZ
2023-11-07 13:47:00,9.619,9.619,9.619,9.619,200.0,BTZ
2023-11-07 13:46:00,9.619,9.619,9.619,9.619,100.0,BTZ
2023-11-07 13:45:00,9.615,9.615,9.61,9.61,872.0,BTZ
2023-11-07 13:41:00,9.62,9.62,9.62,9.62,300.0,BTZ
2023-11-07 13:40:00,9.616,9.616,9.616,9.616,2500.0,BTZ
2023-11-07 13:39:00,9.615,9.615,9.615,9.615,100.0,BTZ
2023-11-07 13:38:00,9.615,9.615,9.615,9.615,300.0,BTZ
2023-11-07 13:37:00,9.605,9.619,9.605,9.615,2707.0,BTZ
2023-11-07 13:36:00,9.605,9.61,9.605,9.605,5000.0,BTZ
2023-11-07 13:35:00,9.595,9.607,9.595,9.607,5612.0,BTZ
2023-11-07 13:33:00,9.593,9.595,9.593,9.595,2326.0,BTZ
2023-11-07 13:31:00,9.615,9.615,9.57,9.59,71258.0,BTZ
2023-11-07 13:28:00,9.615,9.615,9.615,9.615,120.0,BTZ
2023-11-07 13:27:00,9.614,9.614,9.614,9.614,950.0,BTZ
2023-11-07 13:26:00,9.615,9.615,9.615,9.615,487.0,BTZ
2023-11-07 13:25:00,9.62,9.62,9.615,9.615,3545.0,BTZ
2023-11-07 13:21:00,9.62,9.62,9.62,9.62,2014.0,BTZ
2023-11-07 13:19:00,9.629,9.63,9.625,9.625,1410.0,BTZ
2023-11-07 13:18:00,9.625,9.625,9.625,9.625,100.0,BTZ
2023-11-07 13:17:00,9.625,9.625,9.625,9.625,100.0,BTZ
2023-11-07 13:16:00,9.625,9.625,9.625,9.625,200.0,BTZ
2023-11-07 13:15:00,9.62,9.62,9.62,9.62,1000.0,BTZ
2023-11-07 13:14:00,9.629,9.629,9.621,9.621,1700.0,BTZ
2023-11-07 13:13:00,9.625,9.625,9.625,9.625,500.0,BTZ
2023-11-07 13:10:00,9.622,9.625,9.62,9.625,1600.0,BTZ
2023-11-07 13:09:00,9.624,9.624,9.624,9.624,260.0,BTZ
2023-11-07 13:08:00,9.625,9.625,9.625,9.625,700.0,BTZ
2023-11-07 13:07:00,9.625,9.625,9.625,9.625,402.0,BTZ
2023-11-07 13:06:00,9.625,9.625,9.625,9.625,1480.0,BTZ
2023-11-07 13:05:00,9.62,9.63,9.62,9.63,300.0,BTZ
2023-11-07 13:02:00,9.62,9.62,9.62,9.62,200.0,BTZ
2023-11-07 13:01:00,9.62,9.62,9.62,9.62,600.0,BTZ
2023-11-07 13:00:00,9.62,9.62,9.62,9.62,500.0,BTZ
2023-11-07 12:59:00,9.623,9.63,9.623,9.625,1226.0,BTZ
2023-11-07 12:57:00,9.62,9.622,9.62,9.622,1500.0,BTZ
2023-11-07 12:55:00,9.621,9.621,9.621,9.621,1000.0,BTZ
2023-11-07 12:54:00,9.62,9.62,9.62,9.62,1050.0,BTZ
2023-11-07 12:53:00,9.62,9.625,9.62,9.62,1707.0,BTZ
2023-11-07 12:52:00,9.62,9.62,9.62,9.62,2000.0,BTZ
2023-11-07 12:51:00,9.621,9.621,9.621,9.621,1099.0,BTZ
2023-11-07 12:50:00,9.622,9.622,9.62,9.62,1255.0,BTZ
2023-11-07 12:46:00,9.625,9.625,9.625,9.625,100.0,BTZ
2023-11-07 12:37:00,9.62,9.62,9.62,9.62,160.0,BTZ
2023-11-07 12:36:00,9.621,9.621,9.621,9.621,376.0,BTZ
2023-11-07 12:35:00,9.62,9.62,9.62,9.62,160.0,BTZ
2023-11-07 12:34:00,9.622,9.63,9.622,9.63,200.0,BTZ
2023-11-07 12:33:00,9.62,9.62,9.62,9.62,2900.0,BTZ
2023-11-07 12:32:00,9.62,9.62,9.62,9.62,600.0,BTZ
2023-11-07 12:31:00,9.62,9.63,9.62,9.63,800.0,BTZ
2023-11-07 12:29:00,9.625,9.625,9.625,9.625,600.0,BTZ
2023-11-07 12:28:00,9.62,9.625,9.62,9.625,700.0,BTZ
2023-11-07 12:24:00,9.62,9.62,9.62,9.62,1000.0,BTZ
2023-11-07 12:21:00,9.625,9.625,9.625,9.625,100.0,BTZ
2023-11-07 12:14:00,9.621,9.63,9.621,9.63,2100.0,BTZ
2023-11-07 12:13:00,9.62,9.62,9.62,9.62,2769.0,BTZ
2023-11-07 12:10:00,9.625,9.627,9.625,9.627,5960.0,BTZ
2023-11-07 12:05:00,9.625,9.63,9.625,9.63,200.0,BTZ
2023-11-07 12:01:00,9.62,9.625,9.62,9.625,2143.0,BTZ
2023-11-07 12:00:00,9.62,9.62,9.62,9.62,100.0,BTZ
2023-11-07 11:58:00,9.63,9.63,9.63,9.63,300.0,BTZ
2023-11-07 11:57:00,9.623,9.63,9.62,9.62,2332.0,BTZ
2023-11-07 11:43:00,9.626,9.626,9.622,9.625,820.0,BTZ
2023-11-07 11:42:00,9.625,9.625,9.625,9.625,300.0,BTZ
2023-11-07 11:39:00,9.625,9.63,9.625,9.63,1300.0,BTZ
2023-11-07 11:37:00,9.62,9.62,9.62,9.62,100.0,BTZ
2023-11-07 11:36:00,9.62,9.625,9.62,9.625,3601.0,BTZ
2023-11-07 11:35:00,9.62,9.622,9.62,9.622,1028.0,BTZ
2023-11-07 11:34:00,9.625,9.63,9.625,9.625,1500.0,BTZ
2023-11-07 11:33:00,9.62,9.626,9.62,9.626,754.0,BTZ
2023-11-07 11:31:00,9.625,9.625,9.62,9.62,1300.0,BTZ
2023-11-07 11:30:00,9.625,9.63,9.625,9.625,7115.0,BTZ
2023-11-07 11:29:00,9.62,9.625,9.62,9.625,200.0,BTZ
2023-11-07 11:27:00,9.621,9.63,9.621,9.625,363.0,BTZ
2023-11-07 11:26:00,9.62,9.625,9.62,9.625,1596.0,BTZ
2023-11-07 11:25:00,9.625,9.625,9.625,9.625,461.0,BTZ
2023-11-07 11:23:00,9.62,9.63,9.62,9.63,3677.0,BTZ
2023-11-07 11:22:00,9.625,9.63,9.62,9.63,6327.0,BTZ
2023-11-07 11:21:00,9.629,9.63,9.62,9.63,11495.0,BTZ
2023-11-07 11:20:00,9.625,9.625,9.625,9.625,363.0,BTZ
2023-11-07 11:15:00,9.624,9.63,9.624,9.63,550.0,BTZ
2023-11-07 11:14:00,9.64,9.64,9.625,9.625,25666.0,BTZ
2023-11-07 11:12:00,9.649,9.649,9.649,9.649,2003.0,BTZ
2023-11-07 11:08:00,9.64,9.645,9.64,9.645,3592.0,BTZ
2023-11-07 11:07:00,9.64,9.64,9.64,9.64,1009.0,BTZ
2023-11-07 11:06:00,9.64,9.64,9.64,9.64,200.0,BTZ
2023-11-07 11:04:00,9.64,9.64,9.64,9.64,2505.0,BTZ
2023-11-07 11:03:00,9.64,9.64,9.64,9.64,700.0,BTZ
2023-11-07 11:02:00,9.64,9.64,9.64,9.64,500.0,BTZ
2023-11-07 11:01:00,9.64,9.64,9.64,9.64,1667.0,BTZ
2023-11-07 11:00:00,9.639,9.639,9.639,9.639,991.0,BTZ
2023-11-07 10:56:00,9.64,9.64,9.64,9.64,1000.0,BTZ
2023-11-07 10:55:00,9.63,9.63,9.63,9.63,2902.0,BTZ
2023-11-07 10:53:00,9.625,9.625,9.625,9.625,116.0,BTZ
2023-11-07 10:52:00,9.63,9.63,9.63,9.63,935.0,BTZ
2023-11-07 10:51:00,9.635,9.635,9.635,9.635,377.0,BTZ
2023-11-07 10:50:00,9.63,9.64,9.63,9.64,600.0,BTZ
2023-11-07 10:49:00,9.635,9.635,9.63,9.63,9347.0,BTZ
2023-11-07 10:48:00,9.635,9.635,9.635,9.635,500.0,BTZ
2023-11-07 10:47:00,9.639,9.639,9.639,9.639,633.0,BTZ
2023-11-07 10:45:00,9.63,9.63,9.63,9.63,9921.0,BTZ
2023-11-07 10:44:00,9.639,9.639,9.639,9.639,1001.0,BTZ
2023-11-07 10:43:00,9.63,9.64,9.63,9.636,3100.0,BTZ
2023-11-07 10:42:00,9.625,9.63,9.625,9.625,2272.0,BTZ
2023-11-07 10:40:00,9.62,9.62,9.61,9.62,11977.0,BTZ
2023-11-07 10:38:00,9.63,9.63,9.63,9.63,100.0,BTZ
2023-11-07 10:35:00,9.61,9.62,9.61,9.62,3500.0,BTZ
2023-11-07 10:34:00,9.61,9.61,9.6,9.6,663.0,BTZ
2023-11-07 10:33:00,9.609,9.61,9.609,9.61,739.0,BTZ
2023-11-07 10:32:00,9.61,9.61,9.61,9.61,165.0,BTZ
2023-11-07 10:31:00,9.61,9.61,9.605,9.605,202.0,BTZ
2023-11-07 10:30:00,9.61,9.61,9.61,9.61,102.0,BTZ
2023-11-07 10:29:00,9.61,9.61,9.61,9.61,300.0,BTZ
2023-11-07 10:28:00,9.6,9.6,9.6,9.6,165.0,BTZ
2023-11-07 10:27:00,9.609,9.61,9.609,9.61,1767.0,BTZ
2023-11-07 10:26:00,9.61,9.61,9.61,9.61,100.0,BTZ
2023-11-07 10:25:00,9.61,9.61,9.61,9.61,305.0,BTZ
2023-11-07 10:23:00,9.605,9.61,9.605,9.61,9188.0,BTZ
2023-11-07 10:22:00,9.604,9.604,9.604,9.604,302.0,BTZ
2023-11-07 10:21:00,9.605,9.605,9.605,9.605,1515.0,BTZ
2023-11-07 10:17:00,9.61,9.61,9.605,9.605,646.0,BTZ
2023-11-07 10:11:00,9.615,9.615,9.615,9.615,100.0,BTZ
2023-11-07 10:07:00,9.612,9.615,9.61,9.615,1350.0,BTZ
2023-11-07 10:06:00,9.615,9.62,9.61,9.61,1600.0,BTZ
2023-11-07 10:05:00,9.61,9.615,9.61,9.615,2043.0,BTZ
2023-11-07 10:04:00,9.609,9.61,9.61,9.61,876.0,BTZ
2023-11-07 10:03:00,9.61,9.615,9.61,9.61,5068.0,BTZ
2023-11-07 10:02:00,9.61,9.61,9.61,9.61,391.0,BTZ
2023-11-07 09:56:00,9.61,9.61,9.61,9.61,8429.0,BTZ
2023-11-07 09:55:00,9.61,9.61,9.61,9.61,500.0,BTZ
2023-11-07 09:53:00,9.61,9.61,9.61,9.61,165.0,BTZ
2023-11-07 09:50:00,9.6,9.6,9.6,9.6,700.0,BTZ
2023-11-07 09:49:00,9.6,9.6,9.6,9.6,200.0,BTZ
2023-11-07 09:46:00,9.6,9.6,9.6,9.6,100.0,BTZ
2023-11-07 09:45:00,9.605,9.605,9.605,9.605,113.0,BTZ
2023-11-07 09:42:00,9.61,9.61,9.605,9.605,7162.0,BTZ
2023-11-07 09:41:00,9.605,9.605,9.605,9.605,200.0,BTZ
2023-11-07 09:40:00,9.605,9.605,9.605,9.605,500.0,BTZ
2023-11-07 09:39:00,9.61,9.61,9.61,9.61,303.0,BTZ
2023-11-07 09:38:00,9.605,9.61,9.605,9.61,1800.0,BTZ
2023-11-07 09:36:00,9.61,9.61,9.61,9.61,100.0,BTZ
2023-11-07 09:35:00,9.625,9.625,9.61,9.61,2402.0,BTZ
2023-11-07 09:34:00,9.64,9.64,9.64,9.64,900.0,BTZ
2023-11-07 09:33:00,9.64,9.64,9.64,9.64,100.0,BTZ
2023-11-07 09:32:00,9.633,9.633,9.633,9.633,901.0,BTZ
2023-11-07 09:30:00,9.61,9.63,9.61,9.63,7784.0,BTZ
2023-11-07 08:09:00,9.58,9.58,9.58,9.58,1.0,BTZ
2023-11-07 08:02:00,9.58,9.58,9.58,9.58,1.0,BTZ
2023-11-07 07:00:00,9.59,9.59,9.59,9.59,22.0,BTZ
2023-11-06 19:00:00,9.58,9.58,9.58,9.58,1244.0,BTZ
2023-11-06 18:30:00,9.58,9.58,9.58,9.58,1244.0,BTZ
2023-11-06 16:11:00,9.58,9.58,9.58,9.58,16.0,BTZ
2023-11-06 16:10:00,9.58,9.58,9.58,9.58,1244.0,BTZ
2023-11-06 16:03:00,9.575,9.575,9.575,9.575,10831.0,BTZ
2023-11-06 16:00:00,9.59,9.59,9.58,9.58,3164.0,BTZ
2023-11-06 15:59:00,9.58,9.59,9.58,9.59,3739.0,BTZ
2023-11-06 15:57:00,9.585,9.585,9.58,9.58,992.0,BTZ
2023-11-06 15:56:00,9.58,9.585,9.58,9.58,2268.0,BTZ
2023-11-06 15:55:00,9.58,9.58,9.58,9.58,356.0,BTZ
2023-11-06 15:54:00,9.58,9.58,9.58,9.58,417.0,BTZ
2023-11-06 15:53:00,9.58,9.58,9.58,9.58,316.0,BTZ
2023-11-06 15:52:00,9.585,9.585,9.58,9.58,412.0,BTZ
2023-11-06 15:51:00,9.585,9.59,9.585,9.585,1108.0,BTZ
2023-11-06 15:50:00,9.59,9.59,9.585,9.585,420.0,BTZ
2023-11-06 15:49:00,9.585,9.59,9.585,9.585,1076.0,BTZ
2023-11-06 15:48:00,9.575,9.585,9.575,9.58,6374.0,BTZ
2023-11-06 15:47:00,9.575,9.575,9.575,9.575,2100.0,BTZ
2023-11-06 15:46:00,9.575,9.58,9.573,9.575,11039.0,BTZ
2023-11-06 15:45:00,9.575,9.58,9.575,9.575,1763.0,BTZ
2023-11-06 15:44:00,9.575,9.58,9.575,9.575,400.0,BTZ
2023-11-06 15:43:00,9.58,9.58,9.575,9.575,1100.0,BTZ
2023-11-06 15:42:00,9.575,9.575,9.575,9.575,200.0,BTZ
2023-11-06 15:41:00,9.58,9.58,9.575,9.58,1118.0,BTZ
2023-11-06 15:40:00,9.58,9.58,9.575,9.575,3226.0,BTZ
2023-11-06 15:39:00,9.578,9.58,9.575,9.58,4430.0,BTZ
2023-11-06 15:38:00,9.57,9.575,9.57,9.575,1800.0,BTZ
2023-11-06 15:37:00,9.565,9.565,9.565,9.565,300.0,BTZ
2023-11-06 15:36:00,9.565,9.57,9.565,9.565,862.0,BTZ
2023-11-06 15:35:00,9.565,9.565,9.565,9.565,200.0,BTZ
2023-11-06 15:34:00,9.56,9.565,9.56,9.565,210.0,BTZ
2023-11-06 15:33:00,9.565,9.565,9.565,9.565,320.0,BTZ
2023-11-06 15:32:00,9.565,9.565,9.565,9.565,211.0,BTZ
2023-11-06 15:31:00,9.565,9.565,9.565,9.565,100.0,BTZ
2023-11-06 15:30:00,9.565,9.57,9.565,9.565,300.0,BTZ
2023-11-06 15:29:00,9.565,9.565,9.565,9.565,304.0,BTZ
2023-11-06 15:28:00,9.565,9.569,9.56,9.56,1800.0,BTZ
2023-11-06 15:27:00,9.565,9.565,9.565,9.565,300.0,BTZ
2023-11-06 15:26:00,9.559,9.565,9.555,9.565,2688.0,BTZ
2023-11-06 15:24:00,9.555,9.555,9.555,9.555,100.0,BTZ
2023-11-06 15:23:00,9.56,9.56,9.558,9.558,780.0,BTZ
2023-11-06 15:21:00,9.565,9.565,9.55,9.555,1800.0,BTZ
2023-11-06 15:20:00,9.56,9.56,9.56,9.56,100.0,BTZ
2023-11-06 15:19:00,9.565,9.565,9.565,9.565,300.0,BTZ
2023-11-06 15:18:00,9.56,9.565,9.56,9.56,853.0,BTZ
2023-11-06 15:17:00,9.561,9.561,9.561,9.561,170.0,BTZ
2023-11-06 15:15:00,9.565,9.565,9.565,9.565,1200.0,BTZ
2023-11-06 15:14:00,9.565,9.565,9.56,9.565,5400.0,BTZ
2023-11-06 15:13:00,9.535,9.57,9.535,9.57,40010.0,BTZ
2023-11-06 15:12:00,9.53,9.538,9.53,9.53,515.0,BTZ
2023-11-06 15:11:00,9.535,9.535,9.53,9.53,776.0,BTZ
2023-11-06 15:10:00,9.535,9.535,9.53,9.53,400.0,BTZ
2023-11-06 15:09:00,9.535,9.535,9.535,9.535,200.0,BTZ
2023-11-06 15:08:00,9.54,9.54,9.535,9.535,2500.0,BTZ
2023-11-06 15:07:00,9.53,9.535,9.53,9.53,800.0,BTZ
2023-11-06 15:06:00,9.53,9.53,9.53,9.53,300.0,BTZ
2023-11-06 15:05:00,9.535,9.535,9.53,9.53,800.0,BTZ
2023-11-06 15:04:00,9.53,9.53,9.53,9.53,457.0,BTZ
2023-11-06 15:03:00,9.53,9.536,9.53,9.53,1000.0,BTZ
2023-11-06 15:02:00,9.531,9.531,9.53,9.53,1399.0,BTZ
2023-11-06 15:01:00,9.53,9.53,9.53,9.53,300.0,BTZ
2023-11-06 15:00:00,9.53,9.53,9.53,9.53,300.0,BTZ
2023-11-06 14:59:00,9.53,9.53,9.53,9.53,610.0,BTZ
2023-11-06 14:58:00,9.535,9.535,9.53,9.53,620.0,BTZ
2023-11-06 14:57:00,9.53,9.535,9.53,9.53,1153.0,BTZ
2023-11-06 14:56:00,9.53,9.535,9.53,9.535,520.0,BTZ
2023-11-06 14:55:00,9.53,9.53,9.53,9.53,725.0,BTZ
2023-11-06 14:54:00,9.535,9.535,9.53,9.535,300.0,BTZ
2023-11-06 14:53:00,9.535,9.535,9.53,9.535,456.0,BTZ
2023-11-06 14:52:00,9.535,9.535,9.535,9.535,300.0,BTZ
2023-11-06 14:51:00,9.535,9.54,9.53,9.53,3303.0,BTZ
2023-11-06 14:50:00,9.53,9.53,9.53,9.53,600.0,BTZ
2023-11-06 14:49:00,9.53,9.53,9.53,9.53,200.0,BTZ
2023-11-06 14:48:00,9.53,9.53,9.53,9.53,305.0,BTZ
2023-11-06 14:47:00,9.53,9.54,9.53,9.54,1305.0,BTZ
2023-11-06 14:46:00,9.54,9.54,9.54,9.54,1100.0,BTZ
2023-11-06 14:45:00,9.54,9.54,9.54,9.54,600.0,BTZ
2023-11-06 14:44:00,9.54,9.54,9.54,9.54,300.0,BTZ
2023-11-06 14:43:00,9.54,9.54,9.54,9.54,200.0,BTZ
2023-11-06 14:42:00,9.545,9.545,9.54,9.54,394.0,BTZ
2023-11-06 14:41:00,9.54,9.545,9.54,9.54,400.0,BTZ
2023-11-06 14:40:00,9.54,9.54,9.54,9.54,200.0,BTZ
2023-11-06 14:39:00,9.54,9.54,9.54,9.54,400.0,BTZ
2023-11-06 14:38:00,9.54,9.54,9.54,9.54,200.0,BTZ
2023-11-06 14:36:00,9.54,9.54,9.54,9.54,2844.0,BTZ
2023-11-06 14:35:00,9.54,9.54,9.54,9.54,200.0,BTZ
2023-11-06 14:34:00,9.54,9.54,9.54,9.54,669.0,BTZ
2023-11-06 14:33:00,9.54,9.54,9.54,9.54,301.0,BTZ
2023-11-06 14:32:00,9.54,9.54,9.54,9.54,300.0,BTZ
2023-11-06 14:31:00,9.54,9.54,9.54,9.54,200.0,BTZ
2023-11-06 14:30:00,9.54,9.54,9.54,9.54,200.0,BTZ
2023-11-06 14:29:00,9.54,9.542,9.54,9.54,870.0,BTZ
2023-11-06 14:28:00,9.54,9.54,9.54,9.54,3252.0,BTZ
2023-11-06 14:27:00,9.54,9.54,9.54,9.54,300.0,BTZ
2023-11-06 14:26:00,9.54,9.54,9.54,9.54,100.0,BTZ
2023-11-06 14:25:00,9.54,9.543,9.54,9.54,500.0,BTZ
2023-11-06 14:24:00,9.545,9.55,9.54,9.542,1100.0,BTZ
2023-11-06 14:23:00,9.54,9.54,9.54,9.54,500.0,BTZ
2023-11-06 14:22:00,9.54,9.54,9.54,9.54,300.0,BTZ
2023-11-06 14:21:00,9.54,9.545,9.54,9.545,970.0,BTZ
2023-11-06 14:20:00,9.54,9.54,9.54,9.54,200.0,BTZ
2023-11-06 14:19:00,9.54,9.54,9.54,9.54,450.0,BTZ
2023-11-06 14:18:00,9.54,9.54,9.54,9.54,400.0,BTZ
2023-11-06 14:17:00,9.54,9.54,9.54,9.54,100.0,BTZ
2023-11-06 14:16:00,9.541,9.541,9.54,9.54,527.0,BTZ
2023-11-06 14:15:00,9.54,9.542,9.54,9.54,325.0,BTZ
2023-11-06 14:14:00,9.545,9.545,9.54,9.54,2700.0,BTZ
2023-11-06 14:13:00,9.54,9.54,9.54,9.54,832.0,BTZ
2023-11-06 14:12:00,9.54,9.54,9.54,9.54,400.0,BTZ
2023-11-06 14:11:00,9.54,9.545,9.54,9.545,1545.0,BTZ
2023-11-06 14:10:00,9.54,9.54,9.54,9.54,2300.0,BTZ
2023-11-06 14:09:00,9.54,9.54,9.54,9.54,200.0,BTZ
2023-11-06 14:08:00,9.54,9.546,9.54,9.546,953.0,BTZ
2023-11-06 14:07:00,9.54,9.55,9.54,9.55,1518.0,BTZ
2023-11-06 14:06:00,9.54,9.54,9.54,9.54,200.0,BTZ
2023-11-06 14:05:00,9.54,9.541,9.54,9.541,3100.0,BTZ
2023-11-06 14:04:00,9.54,9.546,9.54,9.54,5305.0,BTZ
2023-11-06 14:03:00,9.54,9.54,9.54,9.54,200.0,BTZ
2023-11-06 14:02:00,9.54,9.55,9.54,9.54,600.0,BTZ
2023-11-06 14:01:00,9.54,9.54,9.54,9.54,300.0,BTZ
2023-11-06 14:00:00,9.54,9.544,9.54,9.544,1813.0,BTZ
2023-11-06 13:59:00,9.54,9.54,9.54,9.54,200.0,BTZ
2023-11-06 13:58:00,9.54,9.545,9.54,9.545,300.0,BTZ
2023-11-06 13:57:00,9.545,9.545,9.545,9.545,100.0,BTZ
2023-11-06 13:56:00,9.54,9.545,9.54,9.54,300.0,BTZ
2023-11-06 13:55:00,9.54,9.54,9.54,9.54,1200.0,BTZ
2023-11-06 13:54:00,9.549,9.549,9.54,9.54,700.0,BTZ
2023-11-06 13:53:00,9.55,9.55,9.545,9.545,2263.0,BTZ
2023-11-06 13:52:00,9.55,9.55,9.55,9.55,200.0,BTZ
2023-11-06 13:51:00,9.55,9.55,9.55,9.55,1400.0,BTZ
2023-11-06 13:50:00,9.55,9.55,9.55,9.55,300.0,BTZ
2023-11-06 13:49:00,9.55,9.55,9.55,9.55,400.0,BTZ
2023-11-06 13:48:00,9.555,9.555,9.55,9.55,1200.0,BTZ
2023-11-06 13:47:00,9.55,9.55,9.55,9.55,400.0,BTZ
2023-11-06 13:46:00,9.55,9.55,9.55,9.55,300.0,BTZ
2023-11-06 13:45:00,9.55,9.55,9.55,9.55,400.0,BTZ
2023-11-06 13:44:00,9.555,9.555,9.55,9.55,2400.0,BTZ
2023-11-06 13:43:00,9.55,9.55,9.55,9.55,200.0,BTZ
2023-11-06 13:42:00,9.55,9.55,9.55,9.55,328.0,BTZ
2023-11-06 13:41:00,9.55,9.55,9.55,9.55,100.0,BTZ
2023-11-06 13:40:00,9.56,9.56,9.55,9.55,1000.0,BTZ
2023-11-06 13:39:00,9.55,9.55,9.55,9.55,100.0,BTZ
2023-11-06 13:38:00,9.56,9.56,9.55,9.55,1350.0,BTZ
2023-11-06 13:36:00,9.558,9.558,9.558,9.558,468.0,BTZ
2023-11-06 13:34:00,9.555,9.555,9.555,9.555,100.0,BTZ
2023-11-06 13:33:00,9.56,9.56,9.56,9.56,600.0,BTZ
2023-11-06 13:32:00,9.56,9.56,9.56,9.56,300.0,BTZ
2023-11-06 13:31:00,9.56,9.56,9.56,9.56,200.0,BTZ
2023-11-06 13:30:00,9.56,9.56,9.56,9.56,200.0,BTZ
2023-11-06 13:29:00,9.56,9.56,9.56,9.56,300.0,BTZ
2023-11-06 13:28:00,9.56,9.56,9.56,9.56,500.0,BTZ
2023-11-06 13:27:00,9.56,9.56,9.56,9.56,300.0,BTZ
2023-11-06 13:26:00,9.56,9.56,9.56,9.56,6700.0,BTZ
2023-11-06 13:25:00,9.56,9.56,9.56,9.56,700.0,BTZ
2023-11-06 13:24:00,9.56,9.57,9.56,9.56,5300.0,BTZ
2023-11-06 13:23:00,9.56,9.56,9.56,9.56,200.0,BTZ
2023-11-06 13:22:00,9.56,9.57,9.56,9.56,540.0,BTZ
2023-11-06 13:21:00,9.56,9.56,9.56,9.56,310.0,BTZ
2023-11-06 13:20:00,9.56,9.56,9.56,9.56,439.0,BTZ
2023-11-06 13:18:00,9.565,9.57,9.565,9.57,400.0,BTZ
2023-11-06 13:16:00,9.565,9.565,9.565,9.565,700.0,BTZ
2023-11-06 13:15:00,9.57,9.57,9.565,9.565,11587.0,BTZ
2023-11-06 13:14:00,9.57,9.57,9.57,9.57,300.0,BTZ
2023-11-06 13:13:00,9.57,9.577,9.57,9.577,3149.0,BTZ
2023-11-06 13:12:00,9.57,9.57,9.57,9.57,100.0,BTZ
2023-11-06 13:11:00,9.57,9.57,9.57,9.57,700.0,BTZ
2023-11-06 13:10:00,9.57,9.571,9.57,9.57,700.0,BTZ
2023-11-06 13:09:00,9.57,9.57,9.57,9.57,300.0,BTZ
2023-11-06 13:08:00,9.57,9.57,9.57,9.57,502.0,BTZ
2023-11-06 13:07:00,9.58,9.58,9.58,9.58,1452.0,BTZ
2023-11-06 13:06:00,9.58,9.58,9.58,9.58,302.0,BTZ
2023-11-06 13:05:00,9.58,9.58,9.58,9.58,400.0,BTZ
2023-11-06 13:04:00,9.58,9.58,9.58,9.58,230.0,BTZ
2023-11-06 13:03:00,9.58,9.58,9.58,9.58,696.0,BTZ
2023-11-06 13:02:00,9.58,9.582,9.58,9.58,4100.0,BTZ
2023-11-06 13:01:00,9.58,9.58,9.58,9.58,700.0,BTZ
2023-11-06 13:00:00,9.58,9.58,9.58,9.58,600.0,BTZ
2023-11-06 12:59:00,9.58,9.58,9.58,9.58,540.0,BTZ
2023-11-06 12:58:00,9.58,9.58,9.58,9.58,200.0,BTZ
2023-11-06 12:57:00,9.58,9.58,9.58,9.58,400.0,BTZ
2023-11-06 12:56:00,9.58,9.58,9.58,9.58,300.0,BTZ
2023-11-06 12:55:00,9.58,9.58,9.58,9.58,380.0,BTZ
2023-11-06 12:54:00,9.58,9.58,9.58,9.58,200.0,BTZ
2023-11-06 12:53:00,9.58,9.585,9.58,9.585,445.0,BTZ
2023-11-06 12:52:00,9.58,9.58,9.58,9.58,300.0,BTZ
2023-11-06 12:51:00,9.58,9.58,9.58,9.58,200.0,BTZ
2023-11-06 12:50:00,9.585,9.585,9.585,9.585,104.0,BTZ
2023-11-06 12:49:00,9.59,9.59,9.59,9.59,219.0,BTZ
2023-11-06 12:48:00,9.58,9.59,9.58,9.59,1600.0,BTZ
2023-11-06 12:47:00,9.58,9.58,9.58,9.58,200.0,BTZ
2023-11-06 12:46:00,9.58,9.58,9.58,9.58,200.0,BTZ
2023-11-06 12:45:00,9.58,9.58,9.58,9.58,200.0,BTZ
2023-11-06 12:44:00,9.58,9.58,9.58,9.58,300.0,BTZ
2023-11-06 12:43:00,9.585,9.585,9.585,9.585,100.0,BTZ
2023-11-06 12:42:00,9.58,9.585,9.58,9.585,700.0,BTZ
2023-11-06 12:41:00,9.58,9.59,9.58,9.58,7900.0,BTZ
2023-11-06 12:40:00,9.58,9.58,9.58,9.58,300.0,BTZ
2023-11-06 12:39:00,9.58,9.58,9.58,9.58,300.0,BTZ
2023-11-06 12:38:00,9.58,9.58,9.58,9.58,600.0,BTZ
2023-11-06 12:37:00,9.58,9.585,9.58,9.58,1304.0,BTZ
2023-11-06 12:36:00,9.58,9.58,9.58,9.58,600.0,BTZ
2023-11-06 12:35:00,9.58,9.58,9.58,9.58,100.0,BTZ
2023-11-06 12:34:00,9.58,9.58,9.58,9.58,300.0,BTZ
2023-11-06 12:33:00,9.58,9.59,9.58,9.585,740.0,BTZ
2023-11-06 12:32:00,9.58,9.58,9.58,9.58,200.0,BTZ
2023-11-06 12:31:00,9.59,9.59,9.58,9.58,300.0,BTZ
2023-11-06 12:30:00,9.58,9.585,9.58,9.58,1200.0,BTZ
2023-11-06 12:29:00,9.58,9.58,9.58,9.58,200.0,BTZ
2023-11-06 12:28:00,9.58,9.58,9.58,9.58,220.0,BTZ
2023-11-06 12:27:00,9.585,9.585,9.585,9.585,5479.0,BTZ
2023-11-06 12:26:00,9.589,9.589,9.585,9.585,2700.0,BTZ
2023-11-06 12:25:00,9.58,9.585,9.58,9.585,1480.0,BTZ
2023-11-06 12:24:00,9.58,9.58,9.58,9.58,100.0,BTZ
2023-11-06 12:23:00,9.586,9.59,9.586,9.59,292.0,BTZ
2023-11-06 12:22:00,9.588,9.588,9.585,9.585,805.0,BTZ
2023-11-06 12:21:00,9.589,9.589,9.58,9.58,1000.0,BTZ
2023-11-06 12:20:00,9.59,9.59,9.59,9.59,1711.0,BTZ
2023-11-06 12:19:00,9.59,9.59,9.59,9.59,100.0,BTZ
2023-11-06 12:18:00,9.59,9.59,9.59,9.59,401.0,BTZ
2023-11-06 12:17:00,9.595,9.596,9.59,9.59,1300.0,BTZ
2023-11-06 12:16:00,9.599,9.599,9.595,9.595,1340.0,BTZ
2023-11-06 12:15:00,9.6,9.605,9.6,9.6,7072.0,BTZ
2023-11-06 12:14:00,9.605,9.608,9.6,9.6,5386.0,BTZ
2023-11-06 12:13:00,9.605,9.605,9.601,9.601,11290.0,BTZ
2023-11-06 12:12:00,9.61,9.61,9.601,9.601,2424.0,BTZ
2023-11-06 12:11:00,9.61,9.615,9.61,9.615,1660.0,BTZ
2023-11-06 12:10:00,9.61,9.61,9.61,9.61,400.0,BTZ
2023-11-06 12:09:00,9.61,9.61,9.61,9.61,300.0,BTZ
2023-11-06 12:08:00,9.61,9.61,9.61,9.61,500.0,BTZ
2023-11-06 12:07:00,9.61,9.61,9.61,9.61,200.0,BTZ
2023-11-06 12:06:00,9.61,9.61,9.61,9.61,500.0,BTZ
2023-11-06 12:05:00,9.61,9.61,9.61,9.61,200.0,BTZ
2023-11-06 12:03:00,9.615,9.615,9.61,9.61,400.0,BTZ
2023-11-06 12:02:00,9.61,9.61,9.61,9.61,100.0,BTZ
2023-11-06 12:00:00,9.614,9.615,9.61,9.61,434.0,BTZ
2023-11-06 11:59:00,9.615,9.615,9.615,9.615,333.0,BTZ
2023-11-06 11:58:00,9.615,9.615,9.615,9.615,100.0,BTZ
2023-11-06 11:57:00,9.615,9.615,9.61,9.61,700.0,BTZ
2023-11-06 11:56:00,9.615,9.615,9.61,9.61,7236.0,BTZ
2023-11-06 11:55:00,9.61,9.615,9.61,9.615,200.0,BTZ
2023-11-06 11:53:00,9.61,9.61,9.61,9.61,110.0,BTZ
2023-11-06 11:51:00,9.61,9.61,9.61,9.61,600.0,BTZ
2023-11-06 11:49:00,9.61,9.61,9.61,9.61,100.0,BTZ
2023-11-06 11:48:00,9.61,9.61,9.61,9.61,100.0,BTZ
2023-11-06 11:46:00,9.61,9.61,9.61,9.61,100.0,BTZ
2023-11-06 11:44:00,9.615,9.615,9.61,9.61,200.0,BTZ
2023-11-06 11:42:00,9.61,9.61,9.61,9.61,100.0,BTZ
2023-11-06 11:41:00,9.61,9.618,9.61,9.618,600.0,BTZ
2023-11-06 11:40:00,9.61,9.61,9.61,9.61,600.0,BTZ
2023-11-06 11:39:00,9.61,9.61,9.61,9.61,100.0,BTZ
2023-11-06 11:37:00,9.61,9.61,9.61,9.61,100.0,BTZ
2023-11-06 11:36:00,9.616,9.616,9.61,9.61,3693.0,BTZ
2023-11-06 11:35:00,9.61,9.61,9.61,9.61,200.0,BTZ
2023-11-06 11:34:00,9.61,9.615,9.61,9.615,5100.0,BTZ
2023-11-06 11:32:00,9.61,9.61,9.61,9.61,100.0,BTZ
2023-11-06 11:31:00,9.61,9.61,9.61,9.61,1200.0,BTZ
2023-11-06 11:30:00,9.612,9.612,9.61,9.61,601.0,BTZ
2023-11-06 11:29:00,9.61,9.61,9.61,9.61,5860.0,BTZ
2023-11-06 11:28:00,9.61,9.615,9.61,9.615,1145.0,BTZ
2023-11-06 11:25:00,9.615,9.615,9.615,9.615,152.0,BTZ
2023-11-06 11:21:00,9.609,9.612,9.609,9.612,3400.0,BTZ
2023-11-06 11:20:00,9.61,9.61,9.605,9.61,11559.0,BTZ
2023-11-06 11:19:00,9.62,9.62,9.61,9.61,1320.0,BTZ
2023-11-06 11:18:00,9.62,9.62,9.62,9.62,400.0,BTZ
2023-11-06 11:17:00,9.62,9.62,9.62,9.62,200.0,BTZ
2023-11-06 11:16:00,9.625,9.63,9.62,9.62,1931.0,BTZ
2023-11-06 11:15:00,9.62,9.62,9.62,9.62,400.0,BTZ
2023-11-06 11:14:00,9.62,9.62,9.62,9.62,206.0,BTZ
2023-11-06 11:12:00,9.62,9.63,9.62,9.63,206.0,BTZ
2023-11-06 11:11:00,9.63,9.63,9.63,9.63,219.0,BTZ
2023-11-06 11:10:00,9.63,9.63,9.63,9.63,825.0,BTZ
2023-11-06 11:09:00,9.63,9.63,9.63,9.63,304.0,BTZ
2023-11-06 11:08:00,9.63,9.63,9.63,9.63,100.0,BTZ
2023-11-06 11:07:00,9.63,9.63,9.63,9.63,400.0,BTZ
2023-11-06 11:06:00,9.63,9.63,9.63,9.63,1295.0,BTZ
2023-11-06 11:04:00,9.635,9.635,9.635,9.635,2004.0,BTZ
2023-11-06 11:03:00,9.622,9.63,9.622,9.63,1898.0,BTZ
2023-11-06 11:02:00,9.625,9.625,9.625,9.625,500.0,BTZ
2023-11-06 11:01:00,9.625,9.625,9.625,9.625,200.0,BTZ
2023-11-06 11:00:00,9.62,9.62,9.62,9.62,400.0,BTZ
2023-11-06 10:59:00,9.62,9.63,9.62,9.63,930.0,BTZ
2023-11-06 10:58:00,9.62,9.625,9.62,9.62,1146.0,BTZ
2023-11-06 10:57:00,9.62,9.62,9.62,9.62,300.0,BTZ
2023-11-06 10:56:00,9.62,9.62,9.62,9.62,414.0,BTZ
2023-11-06 10:55:00,9.62,9.62,9.62,9.62,306.0,BTZ
2023-11-06 10:54:00,9.625,9.625,9.62,9.62,200.0,BTZ
2023-11-06 10:53:00,9.62,9.62,9.62,9.62,405.0,BTZ
2023-11-06 10:52:00,9.62,9.63,9.62,9.62,400.0,BTZ
2023-11-06 10:51:00,9.62,9.62,9.62,9.62,800.0,BTZ
2023-11-06 10:50:00,9.62,9.62,9.62,9.62,306.0,BTZ
2023-11-06 10:49:00,9.62,9.63,9.62,9.63,300.0,BTZ
2023-11-06 10:48:00,9.62,9.62,9.62,9.62,306.0,BTZ
2023-11-06 10:47:00,9.625,9.625,9.62,9.62,1200.0,BTZ
2023-11-06 10:46:00,9.625,9.625,9.62,9.62,406.0,BTZ
2023-11-06 10:45:00,9.62,9.63,9.62,9.62,612.0,BTZ
2023-11-06 10:44:00,9.63,9.63,9.62,9.625,712.0,BTZ
2023-11-06 10:43:00,9.63,9.63,9.63,9.63,100.0,BTZ
2023-11-06 10:42:00,9.63,9.63,9.63,9.63,300.0,BTZ
2023-11-06 10:41:00,9.63,9.63,9.63,9.63,100.0,BTZ
2023-11-06 10:40:00,9.625,9.63,9.625,9.63,945.0,BTZ
2023-11-06 10:39:00,9.635,9.635,9.62,9.62,700.0,BTZ
2023-11-06 10:38:00,9.63,9.63,9.63,9.63,200.0,BTZ
2023-11-06 10:37:00,9.63,9.63,9.63,9.63,312.0,BTZ
2023-11-06 10:35:00,9.635,9.635,9.63,9.63,1103.0,BTZ
2023-11-06 10:33:00,9.63,9.63,9.63,9.63,134.0,BTZ
2023-11-06 10:32:00,9.625,9.63,9.625,9.63,462.0,BTZ
2023-11-06 10:31:00,9.63,9.63,9.625,9.625,1638.0,BTZ
2023-11-06 10:29:00,9.625,9.63,9.625,9.63,310.0,BTZ
2023-11-06 10:28:00,9.63,9.63,9.625,9.625,200.0,BTZ
2023-11-06 10:27:00,9.62,9.62,9.62,9.62,100.0,BTZ
2023-11-06 10:26:00,9.63,9.63,9.63,9.63,800.0,BTZ
2023-11-06 10:25:00,9.63,9.63,9.63,9.63,100.0,BTZ
2023-11-06 10:24:00,9.63,9.639,9.63,9.639,600.0,BTZ
2023-11-06 10:23:00,9.63,9.63,9.63,9.63,119.0,BTZ
2023-11-06 10:21:00,9.63,9.63,9.63,9.63,1394.0,BTZ
2023-11-06 10:19:00,9.625,9.63,9.625,9.63,1110.0,BTZ
2023-11-06 10:18:00,9.62,9.63,9.62,9.63,1102.0,BTZ
2023-11-06 10:17:00,9.625,9.625,9.625,9.625,200.0,BTZ
2023-11-06 10:16:00,9.63,9.63,9.625,9.625,1539.0,BTZ
2023-11-06 10:14:00,9.625,9.63,9.62,9.621,8361.0,BTZ
2023-11-06 10:13:00,9.62,9.62,9.62,9.62,100.0,BTZ
2023-11-06 10:09:00,9.63,9.63,9.625,9.63,1400.0,BTZ
2023-11-06 10:07:00,9.64,9.64,9.63,9.63,16916.0,BTZ
2023-11-06 10:06:00,9.645,9.645,9.641,9.641,1001.0,BTZ
2023-11-06 10:04:00,9.66,9.66,9.645,9.645,15735.0,BTZ
2023-11-06 10:03:00,9.66,9.665,9.66,9.665,1100.0,BTZ
2023-11-06 10:02:00,9.665,9.665,9.665,9.665,100.0,BTZ
2023-11-06 10:00:00,9.665,9.67,9.665,9.67,1000.0,BTZ
2023-11-06 09:59:00,9.665,9.67,9.665,9.665,6113.0,BTZ
2023-11-06 09:58:00,9.665,9.665,9.665,9.665,100.0,BTZ
2023-11-06 09:56:00,9.66,9.67,9.66,9.67,6253.0,BTZ
2023-11-06 09:55:00,9.661,9.661,9.661,9.661,1600.0,BTZ
2023-11-06 09:54:00,9.665,9.665,9.665,9.665,200.0,BTZ
2023-11-06 09:53:00,9.67,9.675,9.66,9.66,11141.0,BTZ
2023-11-06 09:51:00,9.675,9.68,9.675,9.675,5600.0,BTZ
2023-11-06 09:50:00,9.67,9.675,9.67,9.675,1100.0,BTZ
2023-11-06 09:45:00,9.675,9.675,9.675,9.675,507.0,BTZ
2023-11-06 09:44:00,9.68,9.68,9.675,9.68,1296.0,BTZ
2023-11-06 09:43:00,9.678,9.678,9.675,9.675,220.0,BTZ
2023-11-06 09:42:00,9.68,9.68,9.675,9.675,1400.0,BTZ
2023-11-06 09:41:00,9.68,9.68,9.675,9.675,893.0,BTZ
2023-11-06 09:40:00,9.67,9.68,9.67,9.675,915.0,BTZ
2023-11-06 09:39:00,9.67,9.67,9.67,9.67,100.0,BTZ
2023-11-06 09:38:00,9.68,9.68,9.68,9.68,158.0,BTZ
2023-11-06 09:37:00,9.67,9.67,9.67,9.67,100.0,BTZ
2023-11-06 09:36:00,9.68,9.68,9.68,9.68,500.0,BTZ
2023-11-06 09:34:00,9.678,9.678,9.678,9.678,245.0,BTZ
2023-11-06 09:33:00,9.68,9.68,9.68,9.68,500.0,BTZ
2023-11-06 09:30:00,9.7,9.7,9.695,9.695,14122.0,BTZ
2023-11-06 08:02:00,9.7,9.7,9.7,9.7,1.0,BTZ
2023-11-06 08:00:00,9.7,9.7,9.7,9.7,22.0,BTZ
2023-11-03 19:00:00,9.7,9.7,9.7,9.7,4043.0,BTZ
2023-11-03 18:30:00,9.7,9.7,9.7,9.7,4043.0,BTZ
2023-11-03 18:18:00,9.62,9.62,9.62,9.62,2.0,BTZ
2023-11-03 16:10:00,9.7,9.7,9.7,9.7,4043.0,BTZ
2023-11-03 16:00:00,9.7,9.7,9.695,9.7,8725.0,BTZ
2023-11-03 15:59:00,9.695,9.7,9.69,9.7,13846.0,BTZ
2023-11-03 15:58:00,9.69,9.7,9.69,9.695,3891.0,BTZ
2023-11-03 15:57:00,9.69,9.69,9.69,9.69,1500.0,BTZ
2023-11-03 15:56:00,9.69,9.69,9.69,9.69,2300.0,BTZ
2023-11-03 15:55:00,9.69,9.69,9.69,9.69,1400.0,BTZ
2023-11-03 15:54:00,9.69,9.695,9.69,9.69,740.0,BTZ
2023-11-03 15:53:00,9.69,9.69,9.69,9.69,1700.0,BTZ
2023-11-03 15:52:00,9.695,9.695,9.69,9.695,1223.0,BTZ
2023-11-03 15:51:00,9.69,9.691,9.69,9.69,1237.0,BTZ
2023-11-03 15:50:00,9.69,9.69,9.69,9.69,1755.0,BTZ
2023-11-03 15:49:00,9.695,9.695,9.69,9.69,420.0,BTZ
2023-11-03 15:48:00,9.69,9.695,9.69,9.695,1431.0,BTZ
2023-11-03 15:47:00,9.69,9.69,9.69,9.69,200.0,BTZ
2023-11-03 15:46:00,9.69,9.695,9.69,9.69,1585.0,BTZ
2023-11-03 15:45:00,9.691,9.691,9.69,9.69,812.0,BTZ
2023-11-03 15:44:00,9.69,9.69,9.69,9.69,200.0,BTZ
2023-11-03 15:43:00,9.69,9.69,9.69,9.69,1101.0,BTZ
2023-11-03 15:40:00,9.693,9.695,9.69,9.69,3048.0,BTZ
2023-11-03 15:39:00,9.695,9.695,9.695,9.695,200.0,BTZ
2023-11-03 15:38:00,9.695,9.695,9.69,9.69,500.0,BTZ
2023-11-03 15:37:00,9.695,9.695,9.695,9.695,325.0,BTZ
2023-11-03 15:36:00,9.695,9.7,9.69,9.7,800.0,BTZ
2023-11-03 15:35:00,9.695,9.695,9.69,9.695,1000.0,BTZ
2023-11-03 15:34:00,9.695,9.695,9.691,9.691,6833.0,BTZ
2023-11-03 15:33:00,9.695,9.695,9.695,9.695,200.0,BTZ
2023-11-03 15:32:00,9.695,9.695,9.695,9.695,400.0,BTZ
2023-11-03 15:31:00,9.695,9.695,9.695,9.695,1000.0,BTZ
2023-11-03 15:30:00,9.699,9.699,9.695,9.698,5000.0,BTZ
2023-11-03 15:29:00,9.69,9.69,9.69,9.69,100.0,BTZ
2023-11-03 15:28:00,9.69,9.69,9.69,9.69,100.0,BTZ
2023-11-03 15:27:00,9.69,9.69,9.69,9.69,100.0,BTZ
2023-11-03 15:25:00,9.695,9.695,9.695,9.695,859.0,BTZ
2023-11-03 15:24:00,9.695,9.695,9.695,9.695,1103.0,BTZ
2023-11-03 15:23:00,9.7,9.7,9.7,9.7,200.0,BTZ
2023-11-03 15:22:00,9.69,9.69,9.69,9.69,100.0,BTZ
2023-11-03 15:21:00,9.695,9.695,9.69,9.69,1200.0,BTZ
2023-11-03 15:19:00,9.695,9.695,9.69,9.69,2100.0,BTZ
2023-11-03 15:18:00,9.695,9.695,9.695,9.695,202.0,BTZ
2023-11-03 15:17:00,9.692,9.692,9.692,9.692,195.0,BTZ
2023-11-03 15:16:00,9.695,9.7,9.695,9.695,2900.0,BTZ
2023-11-03 15:14:00,9.69,9.7,9.69,9.695,1033.0,BTZ
2023-11-03 15:12:00,9.69,9.695,9.69,9.69,2222.0,BTZ
2023-11-03 15:11:00,9.695,9.695,9.695,9.695,100.0,BTZ
2023-11-03 15:10:00,9.698,9.698,9.695,9.695,2362.0,BTZ
2023-11-03 15:09:00,9.695,9.695,9.695,9.695,100.0,BTZ
2023-11-03 15:08:00,9.695,9.7,9.695,9.695,592.0,BTZ
2023-11-03 15:07:00,9.695,9.695,9.695,9.695,815.0,BTZ
2023-11-03 15:06:00,9.695,9.695,9.695,9.695,102.0,BTZ
2023-11-03 15:05:00,9.695,9.695,9.695,9.695,200.0,BTZ
2023-11-03 15:04:00,9.69,9.695,9.69,9.695,200.0,BTZ
2023-11-03 15:03:00,9.7,9.7,9.695,9.695,600.0,BTZ
2023-11-03 15:00:00,9.695,9.695,9.695,9.695,1640.0,BTZ
2023-11-03 14:59:00,9.695,9.7,9.695,9.7,2482.0,BTZ
2023-11-03 14:58:00,9.695,9.695,9.695,9.695,100.0,BTZ
2023-11-03 14:57:00,9.695,9.695,9.695,9.695,118.0,BTZ
2023-11-03 14:56:00,9.695,9.695,9.695,9.695,100.0,BTZ
2023-11-03 14:55:00,9.695,9.695,9.695,9.695,300.0,BTZ
2023-11-03 14:54:00,9.695,9.699,9.695,9.697,4672.0,BTZ
2023-11-03 14:53:00,9.695,9.695,9.695,9.695,100.0,BTZ
2023-11-03 14:52:00,9.697,9.697,9.695,9.695,300.0,BTZ
2023-11-03 14:51:00,9.695,9.7,9.695,9.7,200.0,BTZ
2023-11-03 14:50:00,9.695,9.699,9.695,9.699,750.0,BTZ
2023-11-03 14:48:00,9.695,9.695,9.695,9.695,100.0,BTZ
2023-11-03 14:47:00,9.695,9.695,9.69,9.69,1125.0,BTZ
2023-11-03 14:46:00,9.695,9.695,9.695,9.695,100.0,BTZ
2023-11-03 14:44:00,9.695,9.695,9.695,9.695,200.0,BTZ
2023-11-03 14:43:00,9.695,9.695,9.695,9.695,100.0,BTZ
2023-11-03 14:42:00,9.69,9.7,9.69,9.7,3376.0,BTZ
2023-11-03 14:40:00,9.695,9.695,9.695,9.695,100.0,BTZ
2023-11-03 14:39:00,9.695,9.695,9.695,9.695,100.0,BTZ
2023-11-03 14:38:00,9.69,9.695,9.69,9.695,1100.0,BTZ
2023-11-03 14:36:00,9.695,9.695,9.695,9.695,142.0,BTZ
2023-11-03 14:35:00,9.695,9.695,9.69,9.69,1068.0,BTZ
2023-11-03 14:34:00,9.69,9.69,9.69,9.69,100.0,BTZ
2023-11-03 14:32:00,9.7,9.7,9.7,9.7,3200.0,BTZ
2023-11-03 14:29:00,9.7,9.7,9.7,9.7,100.0,BTZ
2023-11-03 14:27:00,9.695,9.695,9.695,9.695,3625.0,BTZ
2023-11-03 14:26:00,9.695,9.695,9.69,9.695,2153.0,BTZ
2023-11-03 14:25:00,9.7,9.7,9.7,9.7,300.0,BTZ
2023-11-03 14:24:00,9.7,9.7,9.695,9.7,21431.0,BTZ
2023-11-03 14:22:00,9.69,9.691,9.69,9.691,792.0,BTZ
2023-11-03 14:20:00,9.695,9.695,9.69,9.69,1300.0,BTZ
2023-11-03 14:19:00,9.695,9.695,9.695,9.695,200.0,BTZ
2023-11-03 14:18:00,9.695,9.695,9.69,9.69,13863.0,BTZ
2023-11-03 14:17:00,9.695,9.695,9.695,9.695,129.0,BTZ
2023-11-03 14:16:00,9.695,9.695,9.695,9.695,100.0,BTZ
2023-11-03 14:15:00,9.696,9.696,9.695,9.695,1100.0,BTZ
2023-11-03 14:14:00,9.695,9.695,9.695,9.695,500.0,BTZ
2023-11-03 14:11:00,9.695,9.695,9.695,9.695,100.0,BTZ
2023-11-03 14:10:00,9.695,9.695,9.695,9.695,303.0,BTZ
2023-11-03 14:04:00,9.695,9.695,9.695,9.695,311.0,BTZ
2023-11-03 14:03:00,9.69,9.69,9.69,9.69,100.0,BTZ
2023-11-03 14:02:00,9.695,9.695,9.695,9.695,615.0,BTZ
2023-11-03 14:00:00,9.695,9.695,9.695,9.695,342.0,BTZ
2023-11-03 13:56:00,9.695,9.695,9.695,9.695,880.0,BTZ
2023-11-03 13:55:00,9.695,9.695,9.695,9.695,100.0,BTZ
2023-11-03 13:54:00,9.695,9.695,9.695,9.695,100.0,BTZ
2023-11-03 13:53:00,9.695,9.695,9.695,9.695,120.0,BTZ
2023-11-03 13:52:00,9.695,9.695,9.695,9.695,105.0,BTZ
2023-11-03 13:51:00,9.692,9.692,9.692,9.692,903.0,BTZ
2023-11-03 13:50:00,9.7,9.7,9.7,9.7,298.0,BTZ
2023-11-03 13:49:00,9.7,9.7,9.7,9.7,200.0,BTZ
2023-11-03 13:48:00,9.695,9.695,9.69,9.69,319.0,BTZ
2023-11-03 13:47:00,9.695,9.695,9.695,9.695,483.0,BTZ
2023-11-03 13:45:00,9.69,9.7,9.69,9.69,24781.0,BTZ
2023-11-03 13:44:00,9.685,9.687,9.685,9.685,1864.0,BTZ
2023-11-03 13:43:00,9.685,9.685,9.685,9.685,163.0,BTZ
2023-11-03 13:42:00,9.685,9.685,9.685,9.685,100.0,BTZ
2023-11-03 13:41:00,9.685,9.685,9.685,9.685,163.0,BTZ
2023-11-03 13:36:00,9.687,9.687,9.687,9.687,200.0,BTZ
2023-11-03 13:35:00,9.69,9.69,9.69,9.69,100.0,BTZ
2023-11-03 13:34:00,9.69,9.69,9.69,9.69,1584.0,BTZ
2023-11-03 13:31:00,9.684,9.685,9.684,9.685,1454.0,BTZ
2023-11-03 13:28:00,9.685,9.685,9.685,9.685,1100.0,BTZ
2023-11-03 13:26:00,9.685,9.685,9.685,9.685,163.0,BTZ
2023-11-03 13:25:00,9.685,9.69,9.685,9.69,205.0,BTZ
2023-11-03 13:20:00,9.69,9.69,9.69,9.69,100.0,BTZ
2023-11-03 13:19:00,9.69,9.69,9.69,9.69,2162.0,BTZ
2023-11-03 13:17:00,9.685,9.685,9.685,9.685,100.0,BTZ
2023-11-03 13:16:00,9.685,9.685,9.685,9.685,100.0,BTZ
2023-11-03 13:15:00,9.68,9.685,9.68,9.685,2410.0,BTZ
2023-11-03 13:14:00,9.68,9.68,9.68,9.68,100.0,BTZ
2023-11-03 13:13:00,9.68,9.68,9.68,9.68,1041.0,BTZ
2023-11-03 13:11:00,9.685,9.685,9.68,9.68,720.0,BTZ
2023-11-03 13:10:00,9.685,9.685,9.685,9.685,100.0,BTZ
2023-11-03 13:09:00,9.685,9.685,9.68,9.68,410.0,BTZ
2023-11-03 13:08:00,9.685,9.685,9.68,9.68,2506.0,BTZ
2023-11-03 13:07:00,9.685,9.685,9.685,9.685,100.0,BTZ
2023-11-03 13:05:00,9.69,9.69,9.69,9.69,2000.0,BTZ
2023-11-03 13:04:00,9.685,9.685,9.685,9.685,100.0,BTZ
2023-11-03 13:03:00,9.685,9.685,9.685,9.685,101.0,BTZ
2023-11-03 13:01:00,9.685,9.685,9.685,9.685,100.0,BTZ
2023-11-03 13:00:00,9.685,9.685,9.685,9.685,100.0,BTZ
2023-11-03 12:57:00,9.68,9.68,9.68,9.68,682.0,BTZ
2023-11-03 12:55:00,9.685,9.685,9.685,9.685,500.0,BTZ
2023-11-03 12:54:00,9.69,9.69,9.69,9.69,300.0,BTZ
2023-11-03 12:53:00,9.69,9.69,9.69,9.69,100.0,BTZ
2023-11-03 12:52:00,9.69,9.69,9.69,9.69,100.0,BTZ
2023-11-03 12:51:00,9.69,9.69,9.688,9.688,1100.0,BTZ
2023-11-03 12:50:00,9.685,9.685,9.685,9.685,100.0,BTZ
2023-11-03 12:42:00,9.685,9.69,9.68,9.68,3473.0,BTZ
2023-11-03 12:41:00,9.68,9.68,9.68,9.68,100.0,BTZ
2023-11-03 12:40:00,9.686,9.686,9.686,9.686,2450.0,BTZ
2023-11-03 12:39:00,9.68,9.68,9.68,9.68,100.0,BTZ
2023-11-03 12:37:00,9.69,9.69,9.69,9.69,1375.0,BTZ
2023-11-03 12:36:00,9.68,9.685,9.68,9.685,1057.0,BTZ
2023-11-03 12:31:00,9.685,9.685,9.685,9.685,100.0,BTZ
2023-11-03 12:29:00,9.675,9.68,9.675,9.68,3060.0,BTZ
2023-11-03 12:24:00,9.685,9.685,9.68,9.68,5240.0,BTZ
2023-11-03 12:23:00,9.67,9.68,9.67,9.68,6293.0,BTZ
2023-11-03 12:21:00,9.67,9.67,9.67,9.67,100.0,BTZ
2023-11-03 12:19:00,9.671,9.674,9.671,9.674,600.0,BTZ
2023-11-03 12:18:00,9.67,9.67,9.67,9.67,300.0,BTZ
2023-11-03 12:16:00,9.67,9.675,9.67,9.675,911.0,BTZ
2023-11-03 12:12:00,9.675,9.675,9.671,9.671,655.0,BTZ
2023-11-03 12:11:00,9.67,9.67,9.655,9.67,13012.0,BTZ
2023-11-03 12:10:00,9.67,9.67,9.67,9.67,8160.0,BTZ
2023-11-03 12:09:00,9.67,9.67,9.67,9.67,100.0,BTZ
2023-11-03 12:08:00,9.67,9.67,9.67,9.67,203.0,BTZ
2023-11-03 12:07:00,9.67,9.67,9.67,9.67,100.0,BTZ
2023-11-03 12:06:00,9.67,9.67,9.67,9.67,100.0,BTZ
2023-11-03 12:05:00,9.67,9.67,9.67,9.67,186.0,BTZ
2023-11-03 12:04:00,9.67,9.67,9.67,9.67,2100.0,BTZ
2023-11-03 12:03:00,9.67,9.67,9.67,9.67,4833.0,BTZ
2023-11-03 12:02:00,9.67,9.67,9.67,9.67,222.0,BTZ
2023-11-03 12:01:00,9.67,9.67,9.67,9.67,380.0,BTZ
2023-11-03 12:00:00,9.67,9.67,9.67,9.67,212.0,BTZ
2023-11-03 11:59:00,9.67,9.67,9.67,9.67,100.0,BTZ
2023-11-03 11:58:00,9.67,9.67,9.67,9.67,100.0,BTZ
2023-11-03 11:57:00,9.67,9.67,9.67,9.67,5730.0,BTZ
2023-11-03 11:56:00,9.67,9.678,9.67,9.67,9792.0,BTZ
2023-11-03 11:55:00,9.67,9.67,9.67,9.67,272.0,BTZ
2023-11-03 11:54:00,9.67,9.67,9.67,9.67,200.0,BTZ
2023-11-03 11:53:00,9.67,9.671,9.67,9.67,2236.0,BTZ
2023-11-03 11:52:00,9.67,9.67,9.67,9.67,228.0,BTZ
2023-11-03 11:51:00,9.67,9.67,9.67,9.67,342.0,BTZ
2023-11-03 11:50:00,9.67,9.675,9.67,9.675,300.0,BTZ
2023-11-03 11:49:00,9.67,9.67,9.67,9.67,238.0,BTZ
2023-11-03 11:48:00,9.67,9.671,9.67,9.671,700.0,BTZ
2023-11-03 11:47:00,9.671,9.671,9.67,9.67,434.0,BTZ
2023-11-03 11:46:00,9.67,9.67,9.67,9.67,2369.0,BTZ
2023-11-03 11:45:00,9.67,9.675,9.67,9.675,1413.0,BTZ
2023-11-03 11:44:00,9.67,9.67,9.67,9.67,400.0,BTZ
2023-11-03 11:43:00,9.67,9.67,9.67,9.67,352.0,BTZ
2023-11-03 11:42:00,9.67,9.67,9.67,9.67,632.0,BTZ
2023-11-03 11:41:00,9.67,9.67,9.67,9.67,700.0,BTZ
2023-11-03 11:40:00,9.67,9.67,9.67,9.67,400.0,BTZ
2023-11-03 11:39:00,9.67,9.67,9.67,9.67,349.0,BTZ
2023-11-03 11:38:00,9.67,9.67,9.67,9.67,130.0,BTZ
2023-11-03 11:37:00,9.678,9.678,9.67,9.67,448.0,BTZ
2023-11-03 11:35:00,9.67,9.673,9.67,9.673,386.0,BTZ
2023-11-03 11:33:00,9.673,9.673,9.67,9.67,422.0,BTZ
2023-11-03 11:32:00,9.675,9.675,9.675,9.675,442.0,BTZ
2023-11-03 11:31:00,9.675,9.675,9.675,9.675,663.0,BTZ
2023-11-03 11:30:00,9.67,9.68,9.67,9.675,11760.0,BTZ
2023-11-03 11:29:00,9.67,9.67,9.67,9.67,400.0,BTZ
2023-11-03 11:28:00,9.67,9.675,9.67,9.675,1340.0,BTZ
2023-11-03 11:27:00,9.67,9.67,9.67,9.67,301.0,BTZ
2023-11-03 11:26:00,9.67,9.67,9.67,9.67,400.0,BTZ
2023-11-03 11:25:00,9.67,9.67,9.67,9.67,300.0,BTZ
2023-11-03 11:24:00,9.67,9.674,9.67,9.67,710.0,BTZ
2023-11-03 11:23:00,9.67,9.68,9.67,9.67,450.0,BTZ
2023-11-03 11:22:00,9.67,9.67,9.67,9.67,100.0,BTZ
2023-11-03 11:18:00,9.67,9.675,9.67,9.675,1948.0,BTZ
2023-11-03 11:17:00,9.67,9.67,9.67,9.67,1800.0,BTZ
2023-11-03 11:16:00,9.67,9.67,9.67,9.67,670.0,BTZ
2023-11-03 11:13:00,9.68,9.68,9.68,9.68,622.0,BTZ
2023-11-03 11:12:00,9.68,9.68,9.68,9.68,1188.0,BTZ
2023-11-03 11:10:00,9.68,9.68,9.68,9.68,211.0,BTZ
2023-11-03 11:09:00,9.675,9.675,9.675,9.675,1227.0,BTZ
2023-11-03 11:08:00,9.675,9.675,9.675,9.675,2349.0,BTZ
2023-11-03 11:07:00,9.675,9.68,9.675,9.675,2600.0,BTZ
2023-11-03 11:06:00,9.68,9.68,9.679,9.679,430.0,BTZ
2023-11-03 11:05:00,9.674,9.68,9.674,9.68,1100.0,BTZ
2023-11-03 11:04:00,9.676,9.676,9.676,9.676,300.0,BTZ
2023-11-03 11:02:00,9.67,9.67,9.67,9.67,200.0,BTZ
2023-11-03 11:01:00,9.676,9.676,9.676,9.676,1015.0,BTZ
2023-11-03 11:00:00,9.678,9.678,9.678,9.678,200.0,BTZ
2023-11-03 10:59:00,9.675,9.675,9.67,9.67,3300.0,BTZ
2023-11-03 10:57:00,9.679,9.679,9.679,9.679,250.0,BTZ
2023-11-03 10:56:00,9.675,9.675,9.675,9.675,9110.0,BTZ
2023-11-03 10:55:00,9.675,9.675,9.675,9.675,1015.0,BTZ
2023-11-03 10:53:00,9.675,9.675,9.675,9.675,210.0,BTZ
2023-11-03 10:47:00,9.675,9.675,9.675,9.675,300.0,BTZ
2023-11-03 10:45:00,9.68,9.68,9.68,9.68,337.0,BTZ
2023-11-03 10:44:00,9.67,9.675,9.67,9.672,2920.0,BTZ
2023-11-03 10:43:00,9.675,9.675,9.675,9.675,418.0,BTZ
2023-11-03 10:42:00,9.675,9.675,9.675,9.675,200.0,BTZ
2023-11-03 10:40:00,9.675,9.675,9.675,9.675,800.0,BTZ
2023-11-03 10:39:00,9.68,9.685,9.675,9.675,3132.0,BTZ
2023-11-03 10:38:00,9.69,9.69,9.68,9.68,2286.0,BTZ
2023-11-03 10:37:00,9.69,9.695,9.69,9.69,10137.0,BTZ
2023-11-03 10:36:00,9.69,9.695,9.69,9.691,4400.0,BTZ
2023-11-03 10:35:00,9.69,9.699,9.69,9.69,5748.0,BTZ
2023-11-03 10:34:00,9.69,9.69,9.69,9.69,1218.0,BTZ
2023-11-03 10:33:00,9.69,9.69,9.69,9.69,505.0,BTZ
2023-11-03 10:32:00,9.699,9.699,9.699,9.699,250.0,BTZ
2023-11-03 10:31:00,9.69,9.7,9.69,9.695,1318.0,BTZ
2023-11-03 10:30:00,9.69,9.69,9.69,9.69,109.0,BTZ
2023-11-03 10:27:00,9.685,9.685,9.685,9.685,200.0,BTZ
2023-11-03 10:26:00,9.695,9.695,9.69,9.69,4816.0,BTZ
2023-11-03 10:25:00,9.695,9.695,9.695,9.695,444.0,BTZ
2023-11-03 10:24:00,9.69,9.69,9.69,9.69,1182.0,BTZ
2023-11-03 10:23:00,9.695,9.695,9.695,9.695,118.0,BTZ
2023-11-03 10:22:00,9.695,9.7,9.695,9.695,2700.0,BTZ
2023-11-03 10:21:00,9.695,9.7,9.695,9.7,5003.0,BTZ
2023-11-03 10:20:00,9.695,9.695,9.69,9.69,1130.0,BTZ
2023-11-03 10:19:00,9.692,9.692,9.692,9.692,818.0,BTZ
2023-11-03 10:18:00,9.685,9.69,9.685,9.69,2510.0,BTZ
2023-11-03 10:17:00,9.685,9.685,9.685,9.685,300.0,BTZ
2023-11-03 10:16:00,9.685,9.688,9.685,9.685,825.0,BTZ
2023-11-03 10:15:00,9.685,9.685,9.685,9.685,100.0,BTZ
2023-11-03 10:13:00,9.685,9.685,9.685,9.685,914.0,BTZ
2023-11-03 10:11:00,9.68,9.68,9.68,9.68,165.0,BTZ
2023-11-03 10:10:00,9.685,9.685,9.685,9.685,10300.0,BTZ
2023-11-03 10:09:00,9.69,9.69,9.685,9.685,848.0,BTZ
2023-11-03 10:08:00,9.68,9.695,9.68,9.69,4630.0,BTZ
2023-11-03 10:07:00,9.675,9.675,9.675,9.675,900.0,BTZ
2023-11-03 10:06:00,9.67,9.67,9.67,9.67,221.0,BTZ
2023-11-03 10:05:00,9.67,9.679,9.67,9.679,2214.0,BTZ
2023-11-03 10:04:00,9.68,9.68,9.68,9.68,900.0,BTZ
2023-11-03 10:03:00,9.675,9.675,9.675,9.675,100.0,BTZ
2023-11-03 10:02:00,9.691,9.695,9.68,9.68,8952.0,BTZ
2023-11-03 10:01:00,9.69,9.695,9.69,9.695,903.0,BTZ
2023-11-03 10:00:00,9.695,9.695,9.695,9.695,850.0,BTZ
2023-11-03 09:58:00,9.695,9.695,9.695,9.695,1430.0,BTZ
2023-11-03 09:57:00,9.69,9.69,9.69,9.69,1234.0,BTZ
2023-11-03 09:56:00,9.685,9.685,9.685,9.685,800.0,BTZ
2023-11-03 09:55:00,9.685,9.685,9.685,9.685,100.0,BTZ
2023-11-03 09:54:00,9.685,9.685,9.68,9.68,1000.0,BTZ
2023-11-03 09:53:00,9.68,9.68,9.68,9.68,100.0,BTZ
2023-11-03 09:52:00,9.691,9.691,9.69,9.69,2001.0,BTZ
2023-11-03 09:51:00,9.685,9.697,9.685,9.695,5196.0,BTZ
2023-11-03 09:50:00,9.67,9.68,9.67,9.68,5221.0,BTZ
2023-11-03 09:49:00,9.665,9.665,9.665,9.665,5130.0,BTZ
2023-11-03 09:48:00,9.66,9.67,9.66,9.665,9261.0,BTZ
2023-11-03 09:47:00,9.665,9.665,9.665,9.665,1855.0,BTZ
2023-11-03 09:46:00,9.665,9.665,9.665,9.665,700.0,BTZ
2023-11-03 09:45:00,9.667,9.668,9.665,9.665,750.0,BTZ
2023-11-03 09:43:00,9.657,9.66,9.657,9.66,1300.0,BTZ
2023-11-03 09:42:00,9.655,9.655,9.655,9.655,200.0,BTZ
2023-11-03 09:41:00,9.65,9.65,9.65,9.65,407.0,BTZ
2023-11-03 09:40:00,9.635,9.64,9.635,9.64,4440.0,BTZ
2023-11-03 09:39:00,9.645,9.645,9.633,9.64,6651.0,BTZ
2023-11-03 09:38:00,9.64,9.646,9.64,9.645,3650.0,BTZ
2023-11-03 09:37:00,9.65,9.65,9.645,9.645,3701.0,BTZ
2023-11-03 09:36:00,9.655,9.66,9.655,9.655,705.0,BTZ
2023-11-03 09:35:00,9.65,9.655,9.65,9.655,1600.0,BTZ
2023-11-03 09:34:00,9.66,9.66,9.65,9.65,3436.0,BTZ
2023-11-03 09:33:00,9.665,9.665,9.665,9.665,532.0,BTZ
2023-11-03 09:32:00,9.67,9.67,9.655,9.655,3179.0,BTZ
2023-11-03 09:31:00,9.66,9.674,9.659,9.674,9122.0,BTZ
2023-11-03 09:30:00,9.66,9.66,9.645,9.65,24205.0,BTZ
2023-11-03 09:02:00,9.62,9.62,9.62,9.62,5700.0,BTZ
2023-11-03 08:49:00,9.57,9.58,9.57,9.58,100.0,BTZ
2023-11-02 19:00:00,9.56,9.56,9.56,9.56,1569.0,BTZ
2023-11-02 18:30:00,9.56,9.56,9.56,9.56,1569.0,BTZ
2023-11-02 17:30:00,9.58,9.58,9.58,9.58,11.0,BTZ
2023-11-02 17:25:00,9.58,9.58,9.58,9.58,11.0,BTZ
2023-11-02 16:10:00,9.56,9.56,9.56,9.56,1569.0,BTZ
2023-11-02 16:02:00,9.56,9.56,9.56,9.56,312.0,BTZ
2023-11-02 16:00:00,9.57,9.575,9.56,9.56,3338.0,BTZ
2023-11-02 15:59:00,9.57,9.58,9.56,9.575,11817.0,BTZ
2023-11-02 15:58:00,9.565,9.565,9.565,9.565,825.0,BTZ
2023-11-02 15:57:00,9.565,9.565,9.565,9.565,554.0,BTZ
2023-11-02 15:56:00,9.57,9.57,9.565,9.565,962.0,BTZ
2023-11-02 15:55:00,9.565,9.565,9.565,9.565,1571.0,BTZ
2023-11-02 15:54:00,9.566,9.566,9.566,9.566,487.0,BTZ
2023-11-02 15:53:00,9.565,9.565,9.565,9.565,201.0,BTZ
2023-11-02 15:52:00,9.565,9.565,9.565,9.565,400.0,BTZ
2023-11-02 15:51:00,9.565,9.565,9.565,9.565,100.0,BTZ
2023-11-02 15:50:00,9.564,9.565,9.564,9.565,1017.0,BTZ
2023-11-02 15:49:00,9.568,9.568,9.565,9.565,600.0,BTZ
2023-11-02 15:48:00,9.565,9.569,9.562,9.562,1464.0,BTZ
2023-11-02 15:46:00,9.565,9.565,9.565,9.565,350.0,BTZ
2023-11-02 15:45:00,9.565,9.565,9.565,9.565,554.0,BTZ
2023-11-02 15:44:00,9.57,9.57,9.57,9.57,200.0,BTZ
2023-11-02 15:43:00,9.565,9.57,9.565,9.57,3000.0,BTZ
2023-11-02 15:42:00,9.565,9.57,9.565,9.57,3200.0,BTZ
2023-11-02 15:41:00,9.55,9.565,9.55,9.565,7600.0,BTZ
2023-11-02 15:40:00,9.55,9.55,9.55,9.55,500.0,BTZ
2023-11-02 15:39:00,9.55,9.55,9.545,9.55,3100.0,BTZ
2023-11-02 15:38:00,9.55,9.55,9.55,9.55,600.0,BTZ
2023-11-02 15:36:00,9.543,9.545,9.543,9.545,2309.0,BTZ
2023-11-02 15:35:00,9.545,9.55,9.545,9.55,1300.0,BTZ
2023-11-02 15:34:00,9.54,9.55,9.54,9.542,5146.0,BTZ
2023-11-02 15:33:00,9.54,9.54,9.54,9.54,645.0,BTZ
2023-11-02 15:31:00,9.533,9.534,9.534,9.534,900.0,BTZ
2023-11-02 15:30:00,9.53,9.53,9.53,9.53,1451.0,BTZ
2023-11-02 15:29:00,9.515,9.52,9.515,9.52,3083.0,BTZ
2023-11-02 15:28:00,9.518,9.518,9.51,9.515,620.0,BTZ
2023-11-02 15:27:00,9.52,9.52,9.52,9.52,300.0,BTZ
2023-11-02 15:26:00,9.51,9.515,9.51,9.515,201.0,BTZ
2023-11-02 15:25:00,9.515,9.52,9.515,9.52,292.0,BTZ
2023-11-02 15:24:00,9.515,9.52,9.515,9.515,7923.0,BTZ
2023-11-02 15:23:00,9.515,9.515,9.51,9.515,850.0,BTZ
2023-11-02 15:22:00,9.515,9.515,9.515,9.515,400.0,BTZ
2023-11-02 15:21:00,9.515,9.516,9.51,9.515,2824.0,BTZ
2023-11-02 15:20:00,9.515,9.52,9.51,9.52,1200.0,BTZ
2023-11-02 15:19:00,9.515,9.515,9.515,9.515,300.0,BTZ
2023-11-02 15:18:00,9.515,9.52,9.515,9.515,5987.0,BTZ
2023-11-02 15:17:00,9.515,9.515,9.51,9.51,300.0,BTZ
2023-11-02 15:16:00,9.515,9.515,9.51,9.51,921.0,BTZ
2023-11-02 15:15:00,9.515,9.515,9.51,9.51,300.0,BTZ
2023-11-02 15:14:00,9.51,9.515,9.51,9.51,646.0,BTZ
2023-11-02 15:13:00,9.515,9.515,9.515,9.515,200.0,BTZ
2023-11-02 15:12:00,9.515,9.515,9.515,9.515,200.0,BTZ
2023-11-02 15:11:00,9.515,9.515,9.51,9.51,600.0,BTZ
2023-11-02 15:10:00,9.515,9.515,9.51,9.515,400.0,BTZ
2023-11-02 15:09:00,9.52,9.52,9.515,9.515,1798.0,BTZ
2023-11-02 15:08:00,9.52,9.52,9.52,9.52,400.0,BTZ
2023-11-02 15:07:00,9.52,9.525,9.52,9.525,424.0,BTZ
2023-11-02 15:06:00,9.52,9.525,9.52,9.52,581.0,BTZ
2023-11-02 15:05:00,9.52,9.525,9.52,9.525,762.0,BTZ
2023-11-02 15:04:00,9.525,9.525,9.52,9.52,4823.0,BTZ
2023-11-02 15:03:00,9.525,9.525,9.52,9.52,400.0,BTZ
2023-11-02 15:02:00,9.52,9.52,9.52,9.52,100.0,BTZ
2023-11-02 15:01:00,9.525,9.525,9.525,9.525,646.0,BTZ
2023-11-02 15:00:00,9.525,9.525,9.52,9.523,4005.0,BTZ
2023-11-02 14:58:00,9.52,9.53,9.52,9.525,349.0,BTZ
2023-11-02 14:57:00,9.525,9.525,9.525,9.525,100.0,BTZ
2023-11-02 14:56:00,9.525,9.527,9.525,9.525,878.0,BTZ
2023-11-02 14:55:00,9.525,9.525,9.525,9.525,10767.0,BTZ
2023-11-02 14:54:00,9.525,9.525,9.52,9.52,612.0,BTZ
2023-11-02 14:53:00,9.525,9.525,9.525,9.525,611.0,BTZ
2023-11-02 14:52:00,9.525,9.525,9.525,9.525,910.0,BTZ
2023-11-02 14:51:00,9.525,9.525,9.525,9.525,4286.0,BTZ
2023-11-02 14:50:00,9.525,9.53,9.525,9.53,609.0,BTZ
2023-11-02 14:47:00,9.525,9.525,9.522,9.522,4600.0,BTZ
2023-11-02 14:45:00,9.525,9.53,9.525,9.525,2602.0,BTZ
2023-11-02 14:44:00,9.52,9.525,9.52,9.525,1550.0,BTZ
2023-11-02 14:42:00,9.525,9.525,9.525,9.525,100.0,BTZ
2023-11-02 14:41:00,9.525,9.53,9.525,9.53,862.0,BTZ
2023-11-02 14:40:00,9.525,9.525,9.525,9.525,100.0,BTZ
2023-11-02 14:39:00,9.53,9.53,9.525,9.529,3594.0,BTZ
2023-11-02 14:38:00,9.53,9.53,9.53,9.53,100.0,BTZ
2023-11-02 14:36:00,9.53,9.53,9.53,9.53,100.0,BTZ
2023-11-02 14:35:00,9.535,9.54,9.535,9.535,800.0,BTZ
2023-11-02 14:33:00,9.53,9.53,9.53,9.53,100.0,BTZ
2023-11-02 14:31:00,9.535,9.535,9.535,9.535,525.0,BTZ
2023-11-02 14:29:00,9.53,9.535,9.53,9.535,200.0,BTZ
2023-11-02 14:28:00,9.535,9.535,9.535,9.535,2101.0,BTZ
2023-11-02 14:27:00,9.53,9.54,9.53,9.54,646.0,BTZ
2023-11-02 14:26:00,9.53,9.535,9.53,9.53,3879.0,BTZ
2023-11-02 14:25:00,9.53,9.535,9.53,9.53,13233.0,BTZ
2023-11-02 14:24:00,9.525,9.525,9.525,9.525,100.0,BTZ
2023-11-02 14:23:00,9.524,9.524,9.524,9.524,349.0,BTZ
2023-11-02 14:19:00,9.53,9.53,9.525,9.525,1583.0,BTZ
2023-11-02 14:18:00,9.529,9.529,9.529,9.529,3088.0,BTZ
2023-11-02 14:17:00,9.525,9.525,9.525,9.525,217.0,BTZ
2023-11-02 14:16:00,9.53,9.53,9.53,9.53,1000.0,BTZ
2023-11-02 14:15:00,9.525,9.525,9.525,9.525,1100.0,BTZ
2023-11-02 14:14:00,9.52,9.53,9.52,9.52,1778.0,BTZ
2023-11-02 14:12:00,9.525,9.525,9.525,9.525,100.0,BTZ
2023-11-02 14:11:00,9.525,9.525,9.525,9.525,101.0,BTZ
2023-11-02 14:10:00,9.525,9.525,9.525,9.525,100.0,BTZ
2023-11-02 14:08:00,9.525,9.525,9.525,9.525,100.0,BTZ
2023-11-02 14:06:00,9.53,9.53,9.53,9.53,293.0,BTZ
2023-11-02 14:05:00,9.529,9.53,9.525,9.53,4000.0,BTZ
2023-11-02 14:04:00,9.525,9.53,9.52,9.52,2486.0,BTZ
2023-11-02 14:03:00,9.525,9.525,9.525,9.525,1600.0,BTZ
2023-11-02 14:01:00,9.525,9.525,9.522,9.522,277.0,BTZ
2023-11-02 14:00:00,9.525,9.525,9.52,9.525,5910.0,BTZ
2023-11-02 13:59:00,9.522,9.522,9.522,9.522,210.0,BTZ
2023-11-02 13:58:00,9.525,9.53,9.525,9.53,200.0,BTZ
2023-11-02 13:57:00,9.525,9.53,9.525,9.53,6000.0,BTZ
2023-11-02 13:56:00,9.53,9.53,9.53,9.53,200.0,BTZ
2023-11-02 13:55:00,9.525,9.525,9.525,9.525,100.0,BTZ
2023-11-02 13:53:00,9.525,9.525,9.52,9.52,652.0,BTZ
2023-11-02 13:52:00,9.525,9.53,9.525,9.525,3610.0,BTZ
2023-11-02 13:51:00,9.525,9.53,9.521,9.525,8317.0,BTZ
2023-11-02 13:50:00,9.525,9.525,9.525,9.525,100.0,BTZ
2023-11-02 13:49:00,9.51,9.53,9.51,9.525,3858.0,BTZ
2023-11-02 13:48:00,9.52,9.52,9.52,9.52,1007.0,BTZ
2023-11-02 13:47:00,9.515,9.52,9.515,9.515,1300.0,BTZ
2023-11-02 13:46:00,9.515,9.515,9.515,9.515,243.0,BTZ
2023-11-02 13:44:00,9.515,9.515,9.515,9.515,129.0,BTZ
2023-11-02 13:42:00,9.52,9.52,9.515,9.515,750.0,BTZ
2023-11-02 13:41:00,9.515,9.515,9.515,9.515,100.0,BTZ
2023-11-02 13:40:00,9.515,9.515,9.515,9.515,525.0,BTZ
2023-11-02 13:38:00,9.515,9.515,9.515,9.515,100.0,BTZ
2023-11-02 13:37:00,9.515,9.515,9.515,9.515,100.0,BTZ
2023-11-02 13:36:00,9.515,9.515,9.515,9.515,2386.0,BTZ
2023-11-02 13:35:00,9.52,9.52,9.515,9.515,1657.0,BTZ
2023-11-02 13:33:00,9.515,9.515,9.515,9.515,100.0,BTZ
2023-11-02 13:32:00,9.52,9.52,9.518,9.518,1166.0,BTZ
2023-11-02 13:31:00,9.51,9.52,9.51,9.512,526.0,BTZ
2023-11-02 13:30:00,9.515,9.515,9.515,9.515,100.0,BTZ
2023-11-02 13:29:00,9.518,9.52,9.515,9.515,1322.0,BTZ
2023-11-02 13:27:00,9.515,9.515,9.515,9.515,100.0,BTZ
2023-11-02 13:26:00,9.518,9.518,9.518,9.518,1540.0,BTZ
2023-11-02 13:25:00,9.52,9.52,9.515,9.515,450.0,BTZ
2023-11-02 13:24:00,9.515,9.515,9.515,9.515,100.0,BTZ
2023-11-02 13:22:00,9.515,9.515,9.515,9.515,150.0,BTZ
2023-11-02 13:21:00,9.515,9.515,9.515,9.515,100.0,BTZ
2023-11-02 13:18:00,9.515,9.515,9.515,9.515,100.0,BTZ
2023-11-02 13:17:00,9.511,9.515,9.511,9.515,574.0,BTZ
2023-11-02 13:15:00,9.515,9.515,9.515,9.515,100.0,BTZ
2023-11-02 13:14:00,9.515,9.515,9.515,9.515,100.0,BTZ
2023-11-02 13:13:00,9.515,9.515,9.515,9.515,270.0,BTZ
2023-11-02 13:11:00,9.515,9.515,9.515,9.515,310.0,BTZ
2023-11-02 13:10:00,9.515,9.515,9.515,9.515,100.0,BTZ
2023-11-02 13:08:00,9.515,9.515,9.515,9.515,750.0,BTZ
2023-11-02 13:07:00,9.515,9.515,9.515,9.515,100.0,BTZ
2023-11-02 13:06:00,9.515,9.515,9.515,9.515,400.0,BTZ
2023-11-02 13:05:00,9.51,9.515,9.51,9.515,2100.0,BTZ
2023-11-02 13:04:00,9.515,9.515,9.51,9.515,2550.0,BTZ
2023-11-02 13:02:00,9.515,9.515,9.515,9.515,700.0,BTZ
2023-11-02 13:01:00,9.515,9.515,9.515,9.515,527.0,BTZ
2023-11-02 13:00:00,9.51,9.515,9.51,9.515,494.0,BTZ
2023-11-02 12:59:00,9.515,9.52,9.51,9.51,892.0,BTZ
2023-11-02 12:58:00,9.51,9.515,9.51,9.515,1148.0,BTZ
2023-11-02 12:57:00,9.51,9.515,9.51,9.51,1081.0,BTZ
2023-11-02 12:56:00,9.51,9.515,9.51,9.51,1665.0,BTZ
2023-11-02 12:55:00,9.512,9.512,9.51,9.51,1990.0,BTZ
2023-11-02 12:53:00,9.515,9.52,9.515,9.52,200.0,BTZ
2023-11-02 12:52:00,9.51,9.515,9.51,9.515,6814.0,BTZ
2023-11-02 12:51:00,9.516,9.52,9.513,9.513,852.0,BTZ
2023-11-02 12:50:00,9.52,9.52,9.51,9.51,15936.0,BTZ
2023-11-02 12:49:00,9.52,9.525,9.52,9.525,200.0,BTZ
2023-11-02 12:47:00,9.525,9.529,9.52,9.529,3720.0,BTZ
2023-11-02 12:45:00,9.525,9.525,9.525,9.525,200.0,BTZ
2023-11-02 12:44:00,9.52,9.52,9.52,9.52,152.0,BTZ
2023-11-02 12:43:00,9.525,9.525,9.525,9.525,200.0,BTZ
2023-11-02 12:41:00,9.52,9.53,9.52,9.53,12864.0,BTZ
2023-11-02 12:39:00,9.525,9.525,9.525,9.525,459.0,BTZ
2023-11-02 12:36:00,9.525,9.525,9.525,9.525,116.0,BTZ
2023-11-02 12:35:00,9.52,9.53,9.52,9.525,700.0,BTZ
2023-11-02 12:34:00,9.52,9.52,9.52,9.52,500.0,BTZ
2023-11-02 12:33:00,9.52,9.52,9.52,9.52,200.0,BTZ
2023-11-02 12:32:00,9.527,9.527,9.527,9.527,1007.0,BTZ
2023-11-02 12:31:00,9.52,9.52,9.52,9.52,1360.0,BTZ
2023-11-02 12:30:00,9.525,9.525,9.525,9.525,100.0,BTZ
2023-11-02 12:28:00,9.525,9.525,9.525,9.525,100.0,BTZ
2023-11-02 12:27:00,9.525,9.53,9.525,9.525,1000.0,BTZ
2023-11-02 12:23:00,9.527,9.527,9.52,9.52,4000.0,BTZ
2023-11-02 12:22:00,9.515,9.52,9.515,9.52,9720.0,BTZ
2023-11-02 12:21:00,9.52,9.52,9.511,9.52,7183.0,BTZ
2023-11-02 12:20:00,9.518,9.518,9.518,9.518,1150.0,BTZ
2023-11-02 12:19:00,9.52,9.52,9.52,9.52,200.0,BTZ
2023-11-02 12:17:00,9.52,9.52,9.52,9.52,200.0,BTZ
2023-11-02 12:15:00,9.52,9.52,9.52,9.52,100.0,BTZ
2023-11-02 12:14:00,9.52,9.52,9.52,9.52,875.0,BTZ
2023-11-02 12:13:00,9.515,9.515,9.515,9.515,1066.0,BTZ
2023-11-02 12:12:00,9.52,9.52,9.52,9.52,108.0,BTZ
2023-11-02 12:11:00,9.52,9.52,9.52,9.52,500.0,BTZ
2023-11-02 12:10:00,9.515,9.52,9.51,9.51,2837.0,BTZ
2023-11-02 12:09:00,9.519,9.52,9.515,9.52,717.0,BTZ
2023-11-02 12:07:00,9.516,9.516,9.515,9.515,415.0,BTZ
2023-11-02 12:03:00,9.515,9.515,9.515,9.515,100.0,BTZ
2023-11-02 12:01:00,9.515,9.515,9.515,9.515,100.0,BTZ
2023-11-02 12:00:00,9.512,9.515,9.512,9.515,208.0,BTZ
2023-11-02 11:57:00,9.512,9.512,9.512,9.512,500.0,BTZ
2023-11-02 11:56:00,9.515,9.515,9.512,9.512,600.0,BTZ
2023-11-02 11:55:00,9.518,9.518,9.518,9.518,1000.0,BTZ
2023-11-02 11:54:00,9.515,9.515,9.515,9.515,200.0,BTZ
2023-11-02 11:53:00,9.52,9.52,9.515,9.52,3100.0,BTZ
2023-11-02 11:52:00,9.52,9.52,9.52,9.52,100.0,BTZ
2023-11-02 11:51:00,9.52,9.52,9.52,9.52,100.0,BTZ
2023-11-02 11:50:00,9.52,9.52,9.52,9.52,268.0,BTZ
2023-11-02 11:49:00,9.52,9.52,9.52,9.52,100.0,BTZ
2023-11-02 11:48:00,9.52,9.52,9.52,9.52,400.0,BTZ
2023-11-02 11:47:00,9.52,9.525,9.52,9.52,1716.0,BTZ
2023-11-02 11:46:00,9.52,9.525,9.52,9.525,400.0,BTZ
2023-11-02 11:45:00,9.525,9.525,9.52,9.52,282.0,BTZ
2023-11-02 11:44:00,9.525,9.525,9.525,9.525,257.0,BTZ
2023-11-02 11:43:00,9.53,9.53,9.522,9.525,1214.0,BTZ
2023-11-02 11:42:00,9.52,9.52,9.52,9.52,900.0,BTZ
2023-11-02 11:41:00,9.52,9.52,9.52,9.52,109.0,BTZ
2023-11-02 11:40:00,9.52,9.52,9.52,9.52,200.0,BTZ
2023-11-02 11:39:00,9.52,9.52,9.52,9.52,201.0,BTZ
2023-11-02 11:36:00,9.52,9.52,9.52,9.52,231.0,BTZ
2023-11-02 11:35:00,9.52,9.52,9.52,9.52,150.0,BTZ
2023-11-02 11:34:00,9.52,9.52,9.52,9.52,600.0,BTZ
2023-11-02 11:33:00,9.516,9.52,9.516,9.52,1550.0,BTZ
2023-11-02 11:32:00,9.51,9.51,9.51,9.51,100.0,BTZ
2023-11-02 11:30:00,9.52,9.525,9.515,9.52,2959.0,BTZ
2023-11-02 11:29:00,9.52,9.52,9.52,9.52,100.0,BTZ
2023-11-02 11:28:00,9.52,9.525,9.52,9.525,1455.0,BTZ
2023-11-02 11:27:00,9.515,9.52,9.515,9.52,2217.0,BTZ
2023-11-02 11:25:00,9.52,9.52,9.515,9.515,224.0,BTZ
2023-11-02 11:24:00,9.51,9.515,9.51,9.515,300.0,BTZ
2023-11-02 11:23:00,9.51,9.515,9.51,9.51,778.0,BTZ
2023-11-02 11:22:00,9.514,9.515,9.514,9.515,2100.0,BTZ
2023-11-02 11:21:00,9.51,9.515,9.51,9.515,500.0,BTZ
2023-11-02 11:20:00,9.51,9.51,9.51,9.51,100.0,BTZ
2023-11-02 11:19:00,9.515,9.515,9.51,9.51,300.0,BTZ
2023-11-02 11:18:00,9.51,9.51,9.51,9.51,100.0,BTZ
2023-11-02 11:17:00,9.515,9.515,9.515,9.515,101.0,BTZ
2023-11-02 11:16:00,9.51,9.51,9.51,9.51,200.0,BTZ
2023-11-02 11:14:00,9.51,9.51,9.51,9.51,231.0,BTZ
2023-11-02 11:13:00,9.51,9.515,9.51,9.515,200.0,BTZ
2023-11-02 11:12:00,9.51,9.51,9.51,9.51,374.0,BTZ
2023-11-02 11:11:00,9.516,9.516,9.516,9.516,1509.0,BTZ
2023-11-02 11:10:00,9.515,9.515,9.51,9.51,234.0,BTZ
2023-11-02 11:08:00,9.515,9.515,9.515,9.515,332.0,BTZ
2023-11-02 11:07:00,9.515,9.517,9.515,9.517,697.0,BTZ
2023-11-02 11:06:00,9.511,9.515,9.511,9.515,2110.0,BTZ
2023-11-02 11:04:00,9.52,9.52,9.515,9.515,218.0,BTZ
2023-11-02 11:02:00,9.52,9.52,9.52,9.52,1231.0,BTZ
2023-11-02 11:00:00,9.52,9.52,9.52,9.52,140.0,BTZ
2023-11-02 10:59:00,9.52,9.52,9.52,9.52,130.0,BTZ
2023-11-02 10:58:00,9.52,9.521,9.52,9.52,700.0,BTZ
2023-11-02 10:57:00,9.52,9.52,9.52,9.52,1000.0,BTZ
2023-11-02 10:56:00,9.52,9.52,9.52,9.52,131.0,BTZ
2023-11-02 10:55:00,9.52,9.52,9.52,9.52,199.0,BTZ
2023-11-02 10:54:00,9.52,9.52,9.52,9.52,200.0,BTZ
2023-11-02 10:53:00,9.52,9.52,9.52,9.52,600.0,BTZ
2023-11-02 10:52:00,9.52,9.52,9.52,9.52,1800.0,BTZ
2023-11-02 10:51:00,9.515,9.515,9.515,9.515,100.0,BTZ
2023-11-02 10:49:00,9.52,9.52,9.52,9.52,233.0,BTZ
2023-11-02 10:47:00,9.52,9.52,9.52,9.52,200.0,BTZ
2023-11-02 10:46:00,9.52,9.52,9.52,9.52,1519.0,BTZ
2023-11-02 10:45:00,9.52,9.52,9.514,9.52,333.0,BTZ
2023-11-02 10:44:00,9.52,9.52,9.51,9.51,701.0,BTZ
2023-11-02 10:43:00,9.52,9.52,9.515,9.52,4196.0,BTZ
2023-11-02 10:42:00,9.51,9.51,9.51,9.51,1400.0,BTZ
2023-11-02 10:41:00,9.51,9.51,9.51,9.51,1037.0,BTZ
2023-11-02 10:40:00,9.5,9.505,9.5,9.505,1000.0,BTZ
2023-11-02 10:39:00,9.5,9.5,9.5,9.5,275.0,BTZ
2023-11-02 10:37:00,9.5,9.5,9.5,9.5,231.0,BTZ
2023-11-02 10:35:00,9.5,9.5,9.5,9.5,200.0,BTZ
2023-11-02 10:34:00,9.495,9.495,9.495,9.495,532.0,BTZ
2023-11-02 10:33:00,9.5,9.5,9.5,9.5,100.0,BTZ
2023-11-02 10:32:00,9.495,9.5,9.495,9.5,640.0,BTZ
2023-11-02 10:31:00,9.495,9.495,9.495,9.495,132.0,BTZ
2023-11-02 10:30:00,9.5,9.5,9.5,9.5,200.0,BTZ
2023-11-02 10:29:00,9.5,9.5,9.5,9.5,243.0,BTZ
2023-11-02 10:28:00,9.495,9.495,9.495,9.495,133.0,BTZ
2023-11-02 10:27:00,9.495,9.495,9.495,9.495,100.0,BTZ
2023-11-02 10:25:00,9.49,9.495,9.49,9.495,234.0,BTZ
2023-11-02 10:24:00,9.5,9.5,9.5,9.5,200.0,BTZ
2023-11-02 10:23:00,9.491,9.492,9.49,9.49,688.0,BTZ
2023-11-02 10:22:00,9.495,9.495,9.495,9.495,1533.0,BTZ
2023-11-02 10:21:00,9.495,9.495,9.49,9.49,201.0,BTZ
2023-11-02 10:20:00,9.49,9.5,9.49,9.495,4500.0,BTZ
2023-11-02 10:19:00,9.485,9.49,9.485,9.49,237.0,BTZ
2023-11-02 10:18:00,9.485,9.485,9.485,9.485,115.0,BTZ
2023-11-02 10:17:00,9.48,9.48,9.48,9.48,100.0,BTZ
2023-11-02 10:16:00,9.485,9.485,9.485,9.485,200.0,BTZ
2023-11-02 10:15:00,9.48,9.48,9.48,9.48,100.0,BTZ
2023-11-02 10:14:00,9.49,9.49,9.49,9.49,1000.0,BTZ
2023-11-02 10:13:00,9.485,9.485,9.48,9.48,300.0,BTZ
2023-11-02 10:12:00,9.475,9.48,9.475,9.48,552.0,BTZ
2023-11-02 10:11:00,9.475,9.475,9.475,9.475,1000.0,BTZ
2023-11-02 10:09:00,9.48,9.48,9.475,9.475,1484.0,BTZ
2023-11-02 10:08:00,9.48,9.48,9.48,9.48,103.0,BTZ
2023-11-02 10:06:00,9.48,9.48,9.48,9.48,511.0,BTZ
2023-11-02 10:04:00,9.48,9.48,9.48,9.48,11900.0,BTZ
2023-11-02 10:03:00,9.475,9.475,9.475,9.475,100.0,BTZ
2023-11-02 10:02:00,9.475,9.475,9.47,9.475,13700.0,BTZ
2023-11-02 10:01:00,9.475,9.475,9.47,9.47,1400.0,BTZ
2023-11-02 10:00:00,9.477,9.477,9.477,9.477,800.0,BTZ
2023-11-02 09:59:00,9.475,9.475,9.475,9.475,100.0,BTZ
2023-11-02 09:58:00,9.475,9.475,9.475,9.475,100.0,BTZ
2023-11-02 09:56:00,9.47,9.475,9.47,9.475,4032.0,BTZ
2023-11-02 09:55:00,9.465,9.465,9.465,9.465,1000.0,BTZ
2023-11-02 09:54:00,9.465,9.465,9.465,9.465,100.0,BTZ
2023-11-02 09:53:00,9.465,9.465,9.465,9.465,100.0,BTZ
2023-11-02 09:51:00,9.465,9.465,9.465,9.465,100.0,BTZ
2023-11-02 09:50:00,9.46,9.46,9.46,9.46,100.0,BTZ
2023-11-02 09:49:00,9.46,9.469,9.46,9.469,2500.0,BTZ
2023-11-02 09:48:00,9.465,9.465,9.46,9.46,5678.0,BTZ
2023-11-02 09:47:00,9.46,9.46,9.46,9.46,200.0,BTZ
2023-11-02 09:46:00,9.46,9.46,9.46,9.46,3132.0,BTZ
2023-11-02 09:45:00,9.46,9.46,9.46,9.46,2000.0,BTZ
2023-11-02 09:44:00,9.46,9.46,9.46,9.46,101.0,BTZ
2023-11-02 09:43:00,9.46,9.46,9.46,9.46,200.0,BTZ
2023-11-02 09:42:00,9.46,9.46,9.46,9.46,6100.0,BTZ
2023-11-02 09:41:00,9.46,9.46,9.46,9.46,2333.0,BTZ
2023-11-02 09:39:00,9.45,9.465,9.45,9.46,2663.0,BTZ
2023-11-02 09:37:00,9.445,9.45,9.445,9.45,2500.0,BTZ
2023-11-02 09:36:00,9.448,9.45,9.445,9.45,6598.0,BTZ
2023-11-02 09:35:00,9.441,9.441,9.44,9.44,600.0,BTZ
2023-11-02 09:34:00,9.45,9.45,9.445,9.445,1050.0,BTZ
2023-11-02 09:33:00,9.446,9.45,9.445,9.45,2300.0,BTZ
2023-11-02 09:32:00,9.44,9.45,9.435,9.44,15448.0,BTZ
2023-11-02 09:31:00,9.44,9.44,9.44,9.44,1600.0,BTZ
2023-11-02 09:30:00,9.43,9.44,9.43,9.44,22580.0,BTZ
2023-11-02 09:07:00,9.42,9.42,9.42,9.42,126.0,BTZ
2023-11-02 08:00:00,9.42,9.42,9.37,9.37,201.0,BTZ
2023-11-01 19:00:00,9.37,9.37,9.37,9.37,1377.0,BTZ
2023-11-01 18:30:00,9.37,9.37,9.37,9.37,1377.0,BTZ
2023-11-01 16:51:00,9.42,9.42,9.42,9.42,10.0,BTZ
2023-11-01 16:10:00,9.37,9.37,9.37,9.37,1377.0,BTZ
2023-11-01 16:00:00,9.365,9.37,9.36,9.37,3002.0,BTZ
2023-11-01 15:59:00,9.355,9.37,9.355,9.365,10375.0,BTZ
2023-11-01 15:58:00,9.355,9.36,9.355,9.36,825.0,BTZ
2023-11-01 15:57:00,9.355,9.36,9.355,9.36,906.0,BTZ
2023-11-01 15:56:00,9.355,9.36,9.355,9.36,1119.0,BTZ
2023-11-01 15:55:00,9.36,9.36,9.355,9.355,1508.0,BTZ
2023-11-01 15:54:00,9.35,9.355,9.35,9.355,1200.0,BTZ
2023-11-01 15:53:00,9.35,9.357,9.35,9.35,1200.0,BTZ
2023-11-01 15:52:00,9.355,9.355,9.351,9.355,3350.0,BTZ
2023-11-01 15:51:00,9.35,9.355,9.35,9.355,670.0,BTZ
2023-11-01 15:50:00,9.355,9.36,9.355,9.36,500.0,BTZ
2023-11-01 15:49:00,9.355,9.356,9.355,9.356,600.0,BTZ
2023-11-01 15:48:00,9.355,9.36,9.35,9.35,4793.0,BTZ
2023-11-01 15:47:00,9.354,9.36,9.355,9.36,5037.0,BTZ
2023-11-01 15:46:00,9.355,9.36,9.355,9.36,6672.0,BTZ
2023-11-01 15:45:00,9.36,9.36,9.36,9.36,244.0,BTZ
2023-11-01 15:44:00,9.36,9.36,9.354,9.355,7728.0,BTZ
2023-11-01 15:43:00,9.355,9.36,9.355,9.36,1220.0,BTZ
2023-11-01 15:42:00,9.36,9.36,9.355,9.355,7698.0,BTZ
2023-11-01 15:41:00,9.358,9.359,9.355,9.355,450.0,BTZ
2023-11-01 15:40:00,9.355,9.355,9.355,9.355,700.0,BTZ
2023-11-01 15:39:00,9.355,9.355,9.355,9.355,100.0,BTZ
2023-11-01 15:38:00,9.355,9.355,9.355,9.355,100.0,BTZ
2023-11-01 15:37:00,9.355,9.355,9.355,9.355,5200.0,BTZ
2023-11-01 15:36:00,9.355,9.355,9.355,9.355,1849.0,BTZ
2023-11-01 15:35:00,9.355,9.355,9.355,9.355,180.0,BTZ
2023-11-01 15:34:00,9.355,9.355,9.35,9.355,850.0,BTZ
2023-11-01 15:33:00,9.35,9.35,9.35,9.35,321.0,BTZ
2023-11-01 15:32:00,9.36,9.36,9.359,9.36,1495.0,BTZ
2023-11-01 15:31:00,9.355,9.355,9.355,9.355,200.0,BTZ
2023-11-01 15:30:00,9.355,9.355,9.355,9.355,100.0,BTZ
2023-11-01 15:29:00,9.355,9.359,9.355,9.355,500.0,BTZ
2023-11-01 15:28:00,9.355,9.355,9.355,9.355,136.0,BTZ
2023-11-01 15:25:00,9.355,9.36,9.355,9.357,600.0,BTZ
2023-11-01 15:24:00,9.36,9.36,9.36,9.36,100.0,BTZ
2023-11-01 15:23:00,9.355,9.36,9.35,9.35,1202.0,BTZ
2023-11-01 15:22:00,9.355,9.355,9.355,9.355,200.0,BTZ
2023-11-01 15:17:00,9.353,9.353,9.353,9.353,876.0,BTZ
2023-11-01 15:16:00,9.358,9.36,9.355,9.36,1600.0,BTZ
2023-11-01 15:12:00,9.355,9.36,9.35,9.36,5813.0,BTZ
2023-11-01 15:10:00,9.35,9.355,9.35,9.355,200.0,BTZ
2023-11-01 15:08:00,9.35,9.35,9.35,9.35,200.0,BTZ
2023-11-01 15:06:00,9.355,9.355,9.355,9.355,200.0,BTZ
2023-11-01 15:05:00,9.35,9.355,9.35,9.35,4143.0,BTZ
2023-11-01 15:03:00,9.352,9.357,9.352,9.355,4306.0,BTZ
2023-11-01 15:02:00,9.35,9.35,9.35,9.35,353.0,BTZ
2023-11-01 15:01:00,9.345,9.345,9.345,9.345,100.0,BTZ
2023-11-01 15:00:00,9.35,9.35,9.35,9.35,1200.0,BTZ
2023-11-01 14:58:00,9.35,9.35,9.345,9.35,700.0,BTZ
2023-11-01 14:57:00,9.34,9.345,9.34,9.345,1100.0,BTZ
2023-11-01 14:56:00,9.33,9.34,9.33,9.34,1688.0,BTZ
2023-11-01 14:51:00,9.329,9.33,9.325,9.33,608.0,BTZ
2023-11-01 14:50:00,9.33,9.33,9.33,9.33,274.0,BTZ
2023-11-01 14:49:00,9.325,9.33,9.325,9.33,2100.0,BTZ
2023-11-01 14:44:00,9.328,9.328,9.328,9.328,300.0,BTZ
2023-11-01 14:43:00,9.32,9.325,9.32,9.325,2400.0,BTZ
2023-11-01 14:42:00,9.32,9.32,9.32,9.32,2906.0,BTZ
2023-11-01 14:39:00,9.33,9.33,9.33,9.33,753.0,BTZ
2023-11-01 14:38:00,9.34,9.34,9.34,9.34,400.0,BTZ
2023-11-01 14:36:00,9.335,9.335,9.335,9.335,1024.0,BTZ
2023-11-01 14:34:00,9.34,9.34,9.34,9.34,300.0,BTZ
2023-11-01 14:33:00,9.34,9.34,9.339,9.34,520.0,BTZ
2023-11-01 14:31:00,9.33,9.33,9.33,9.33,1495.0,BTZ
2023-11-01 14:30:00,9.33,9.33,9.32,9.325,1891.0,BTZ
2023-11-01 14:29:00,9.33,9.33,9.325,9.325,1166.0,BTZ
2023-11-01 14:26:00,9.325,9.325,9.325,9.325,100.0,BTZ
2023-11-01 14:24:00,9.33,9.33,9.325,9.325,1200.0,BTZ
2023-11-01 14:23:00,9.329,9.329,9.325,9.325,500.0,BTZ
2023-11-01 14:22:00,9.327,9.327,9.325,9.325,740.0,BTZ
2023-11-01 14:21:00,9.325,9.325,9.325,9.325,3200.0,BTZ
2023-11-01 14:19:00,9.32,9.326,9.32,9.326,200.0,BTZ
2023-11-01 14:17:00,9.33,9.33,9.325,9.329,2378.0,BTZ
2023-11-01 14:15:00,9.33,9.33,9.33,9.33,200.0,BTZ
2023-11-01 14:13:00,9.33,9.33,9.33,9.33,100.0,BTZ
2023-11-01 14:11:00,9.33,9.33,9.33,9.33,296.0,BTZ
2023-11-01 14:10:00,9.339,9.339,9.331,9.331,554.0,BTZ
2023-11-01 14:09:00,9.34,9.34,9.34,9.34,574.0,BTZ
2023-11-01 14:08:00,9.345,9.349,9.345,9.349,800.0,BTZ
2023-11-01 14:07:00,9.34,9.34,9.34,9.34,266.0,BTZ
2023-11-01 14:06:00,9.34,9.34,9.34,9.34,100.0,BTZ
2023-11-01 14:05:00,9.345,9.345,9.34,9.34,3737.0,BTZ
2023-11-01 14:04:00,9.34,9.34,9.34,9.34,214.0,BTZ
2023-11-01 14:03:00,9.34,9.34,9.34,9.34,300.0,BTZ
2023-11-01 14:02:00,9.345,9.345,9.345,9.345,100.0,BTZ
2023-11-01 14:01:00,9.34,9.34,9.34,9.34,533.0,BTZ
2023-11-01 14:00:00,9.33,9.35,9.33,9.35,2150.0,BTZ
2023-11-01 13:59:00,9.33,9.33,9.33,9.33,100.0,BTZ
2023-11-01 13:58:00,9.325,9.33,9.325,9.328,300.0,BTZ
2023-11-01 13:57:00,9.319,9.32,9.319,9.32,2888.0,BTZ
2023-11-01 13:55:00,9.32,9.32,9.315,9.315,694.0,BTZ
2023-11-01 13:52:00,9.315,9.32,9.315,9.32,200.0,BTZ
2023-11-01 13:49:00,9.315,9.315,9.315,9.315,100.0,BTZ
2023-11-01 13:48:00,9.319,9.32,9.319,9.32,1002.0,BTZ
2023-11-01 13:47:00,9.315,9.315,9.315,9.315,100.0,BTZ
2023-11-01 13:44:00,9.315,9.315,9.315,9.315,100.0,BTZ
2023-11-01 13:43:00,9.311,9.315,9.311,9.315,1000.0,BTZ
2023-11-01 13:41:00,9.32,9.32,9.315,9.315,200.0,BTZ
2023-11-01 13:40:00,9.315,9.318,9.315,9.318,700.0,BTZ
2023-11-01 13:38:00,9.316,9.316,9.315,9.315,300.0,BTZ
2023-11-01 13:37:00,9.325,9.325,9.315,9.315,1780.0,BTZ
2023-11-01 13:36:00,9.325,9.325,9.32,9.32,410.0,BTZ
2023-11-01 13:34:00,9.32,9.32,9.32,9.32,300.0,BTZ
2023-11-01 13:31:00,9.329,9.329,9.329,9.329,300.0,BTZ
2023-11-01 13:29:00,9.329,9.329,9.329,9.329,1000.0,BTZ
2023-11-01 13:28:00,9.325,9.325,9.325,9.325,100.0,BTZ
2023-11-01 13:18:00,9.325,9.325,9.325,9.325,100.0,BTZ
2023-11-01 13:14:00,9.325,9.325,9.325,9.325,100.0,BTZ
2023-11-01 13:13:00,9.325,9.325,9.325,9.325,100.0,BTZ
2023-11-01 13:12:00,9.325,9.325,9.325,9.325,100.0,BTZ
2023-11-01 13:11:00,9.325,9.325,9.325,9.325,200.0,BTZ
2023-11-01 13:10:00,9.325,9.325,9.325,9.325,100.0,BTZ
2023-11-01 13:07:00,9.325,9.325,9.325,9.325,200.0,BTZ
2023-11-01 13:06:00,9.325,9.325,9.325,9.325,100.0,BTZ
2023-11-01 13:04:00,9.325,9.325,9.32,9.32,2501.0,BTZ
2023-11-01 13:01:00,9.325,9.325,9.325,9.325,1500.0,BTZ
2023-11-01 12:59:00,9.325,9.325,9.325,9.325,2100.0,BTZ
2023-11-01 12:58:00,9.33,9.33,9.325,9.325,600.0,BTZ
2023-11-01 12:57:00,9.315,9.33,9.315,9.325,3274.0,BTZ
2023-11-01 12:56:00,9.315,9.315,9.315,9.315,100.0,BTZ
2023-11-01 12:53:00,9.315,9.315,9.315,9.315,100.0,BTZ
2023-11-01 12:50:00,9.315,9.32,9.315,9.315,4350.0,BTZ
2023-11-01 12:49:00,9.309,9.315,9.309,9.315,853.0,BTZ
2023-11-01 12:48:00,9.305,9.31,9.305,9.31,6022.0,BTZ
2023-11-01 12:47:00,9.31,9.31,9.305,9.31,1530.0,BTZ
2023-11-01 12:46:00,9.309,9.31,9.309,9.31,200.0,BTZ
2023-11-01 12:45:00,9.3,9.3,9.3,9.3,100.0,BTZ
2023-11-01 12:44:00,9.31,9.31,9.31,9.31,690.0,BTZ
2023-11-01 12:43:00,9.31,9.315,9.31,9.31,300.0,BTZ
2023-11-01 12:42:00,9.31,9.31,9.31,9.31,200.0,BTZ
2023-11-01 12:41:00,9.31,9.31,9.31,9.31,459.0,BTZ
2023-11-01 12:40:00,9.31,9.31,9.31,9.31,100.0,BTZ
2023-11-01 12:39:00,9.315,9.315,9.315,9.315,145.0,BTZ
2023-11-01 12:38:00,9.312,9.312,9.31,9.31,1199.0,BTZ
2023-11-01 12:37:00,9.31,9.31,9.31,9.31,210.0,BTZ
2023-11-01 12:36:00,9.31,9.315,9.31,9.315,1654.0,BTZ
2023-11-01 12:35:00,9.31,9.31,9.31,9.31,1000.0,BTZ
2023-11-01 12:34:00,9.32,9.32,9.32,9.32,2000.0,BTZ
2023-11-01 12:33:00,9.315,9.315,9.315,9.315,1425.0,BTZ
2023-11-01 12:31:00,9.31,9.31,9.31,9.31,700.0,BTZ
2023-11-01 12:30:00,9.31,9.31,9.31,9.31,200.0,BTZ
2023-11-01 12:29:00,9.31,9.31,9.31,9.31,500.0,BTZ
2023-11-01 12:28:00,9.315,9.315,9.31,9.31,1598.0,BTZ
2023-11-01 12:24:00,9.315,9.315,9.315,9.315,100.0,BTZ
2023-11-01 12:22:00,9.325,9.325,9.32,9.32,1738.0,BTZ
2023-11-01 12:21:00,9.305,9.32,9.305,9.32,8295.0,BTZ
2023-11-01 12:19:00,9.309,9.309,9.305,9.305,900.0,BTZ
2023-11-01 12:18:00,9.325,9.325,9.3,9.305,40620.0,BTZ
2023-11-01 12:15:00,9.325,9.33,9.325,9.33,500.0,BTZ
2023-11-01 12:14:00,9.33,9.335,9.33,9.33,2375.0,BTZ
2023-11-01 12:13:00,9.335,9.338,9.335,9.338,400.0,BTZ
2023-11-01 12:08:00,9.33,9.33,9.33,9.33,100.0,BTZ
2023-11-01 12:05:00,9.34,9.34,9.34,9.34,314.0,BTZ
2023-11-01 12:04:00,9.34,9.345,9.34,9.345,300.0,BTZ
2023-11-01 12:02:00,9.35,9.35,9.35,9.35,1400.0,BTZ
2023-11-01 12:01:00,9.335,9.34,9.335,9.34,1296.0,BTZ
2023-11-01 12:00:00,9.338,9.338,9.338,9.338,400.0,BTZ
2023-11-01 11:59:00,9.332,9.332,9.332,9.332,210.0,BTZ
2023-11-01 11:57:00,9.335,9.335,9.335,9.335,250.0,BTZ
2023-11-01 11:56:00,9.359,9.359,9.335,9.339,14556.0,BTZ
2023-11-01 11:55:00,9.365,9.365,9.355,9.355,5276.0,BTZ
2023-11-01 11:54:00,9.37,9.37,9.363,9.363,2121.0,BTZ
2023-11-01 11:52:00,9.365,9.37,9.36,9.36,3520.0,BTZ
2023-11-01 11:51:00,9.368,9.369,9.369,9.369,1579.0,BTZ
2023-11-01 11:50:00,9.365,9.37,9.365,9.37,3747.0,BTZ
2023-11-01 11:48:00,9.375,9.375,9.37,9.37,12297.0,BTZ
2023-11-01 11:46:00,9.37,9.38,9.37,9.38,1199.0,BTZ
2023-11-01 11:45:00,9.36,9.37,9.36,9.37,1818.0,BTZ
2023-11-01 11:44:00,9.37,9.37,9.36,9.37,8005.0,BTZ
2023-11-01 11:43:00,9.365,9.365,9.365,9.365,205.0,BTZ
2023-11-01 11:42:00,9.365,9.37,9.365,9.37,1067.0,BTZ
2023-11-01 11:41:00,9.36,9.36,9.36,9.36,117.0,BTZ
2023-11-01 11:40:00,9.369,9.369,9.365,9.365,368.0,BTZ
2023-11-01 11:39:00,9.365,9.365,9.365,9.365,200.0,BTZ
2023-11-01 11:38:00,9.365,9.37,9.36,9.36,7455.0,BTZ
2023-11-01 11:36:00,9.365,9.365,9.365,9.365,168.0,BTZ
2023-11-01 11:35:00,9.365,9.365,9.365,9.365,100.0,BTZ
2023-11-01 11:34:00,9.37,9.37,9.37,9.37,1466.0,BTZ
2023-11-01 11:33:00,9.37,9.37,9.37,9.37,200.0,BTZ
2023-11-01 11:32:00,9.37,9.37,9.37,9.37,600.0,BTZ
2023-11-01 11:31:00,9.37,9.37,9.37,9.37,200.0,BTZ
2023-11-01 11:30:00,9.37,9.37,9.365,9.365,200.0,BTZ
2023-11-01 11:28:00,9.36,9.37,9.36,9.365,3543.0,BTZ
2023-11-01 11:27:00,9.365,9.365,9.365,9.365,640.0,BTZ
2023-11-01 11:25:00,9.365,9.37,9.365,9.37,200.0,BTZ
2023-11-01 11:24:00,9.355,9.37,9.355,9.37,11003.0,BTZ
2023-11-01 11:23:00,9.355,9.355,9.355,9.355,600.0,BTZ
2023-11-01 11:22:00,9.35,9.355,9.35,9.355,1030.0,BTZ
2023-11-01 11:20:00,9.355,9.36,9.355,9.355,1400.0,BTZ
2023-11-01 11:18:00,9.355,9.36,9.355,9.36,401.0,BTZ
2023-11-01 11:16:00,9.36,9.36,9.36,9.36,174.0,BTZ
2023-11-01 11:15:00,9.355,9.355,9.355,9.355,100.0,BTZ
2023-11-01 11:14:00,9.36,9.36,9.36,9.36,166.0,BTZ
2023-11-01 11:13:00,9.355,9.355,9.355,9.355,100.0,BTZ
2023-11-01 11:12:00,9.36,9.36,9.36,9.36,100.0,BTZ
2023-11-01 11:11:00,9.355,9.36,9.355,9.36,200.0,BTZ
2023-11-01 11:10:00,9.36,9.36,9.36,9.36,100.0,BTZ
2023-11-01 11:09:00,9.36,9.36,9.36,9.36,100.0,BTZ
2023-11-01 11:08:00,9.355,9.355,9.355,9.355,124.0,BTZ
2023-11-01 11:06:00,9.355,9.36,9.355,9.36,1808.0,BTZ
2023-11-01 11:05:00,9.36,9.36,9.36,9.36,100.0,BTZ
2023-11-01 11:04:00,9.358,9.358,9.358,9.358,200.0,BTZ
2023-11-01 11:03:00,9.355,9.355,9.355,9.355,100.0,BTZ
2023-11-01 11:01:00,9.355,9.355,9.355,9.355,102.0,BTZ
2023-11-01 11:00:00,9.355,9.355,9.355,9.355,103.0,BTZ
2023-11-01 10:59:00,9.35,9.35,9.35,9.35,152.0,BTZ
2023-11-01 10:58:00,9.354,9.36,9.354,9.355,8704.0,BTZ
2023-11-01 10:56:00,9.355,9.355,9.355,9.355,100.0,BTZ
2023-11-01 10:55:00,9.35,9.355,9.35,9.354,2354.0,BTZ
2023-11-01 10:53:00,9.36,9.36,9.36,9.36,100.0,BTZ
2023-11-01 10:52:00,9.355,9.355,9.355,9.355,317.0,BTZ
2023-11-01 10:51:00,9.36,9.36,9.355,9.355,200.0,BTZ
2023-11-01 10:49:00,9.355,9.355,9.355,9.355,100.0,BTZ
2023-11-01 10:47:00,9.355,9.36,9.355,9.36,300.0,BTZ
2023-11-01 10:44:00,9.36,9.36,9.36,9.36,101.0,BTZ
2023-11-01 10:42:00,9.359,9.36,9.359,9.36,2400.0,BTZ
2023-11-01 10:41:00,9.36,9.36,9.36,9.36,100.0,BTZ
2023-11-01 10:40:00,9.35,9.355,9.35,9.355,1619.0,BTZ
2023-11-01 10:39:00,9.35,9.35,9.35,9.35,4723.0,BTZ
2023-11-01 10:37:00,9.345,9.35,9.345,9.35,254.0,BTZ
2023-11-01 10:35:00,9.35,9.35,9.35,9.35,260.0,BTZ
2023-11-01 10:34:00,9.341,9.345,9.341,9.345,271.0,BTZ
2023-11-01 10:33:00,9.35,9.35,9.345,9.345,204.0,BTZ
2023-11-01 10:30:00,9.35,9.35,9.35,9.35,300.0,BTZ
2023-11-01 10:29:00,9.35,9.35,9.35,9.35,100.0,BTZ
2023-11-01 10:26:00,9.35,9.35,9.34,9.35,12799.0,BTZ
2023-11-01 10:25:00,9.35,9.35,9.35,9.35,239.0,BTZ
2023-11-01 10:23:00,9.35,9.35,9.35,9.35,300.0,BTZ
2023-11-01 10:21:00,9.345,9.345,9.345,9.345,100.0,BTZ
2023-11-01 10:20:00,9.35,9.35,9.35,9.35,100.0,BTZ
2023-11-01 10:18:00,9.335,9.35,9.33,9.35,6680.0,BTZ
2023-11-01 10:17:00,9.339,9.339,9.334,9.334,1306.0,BTZ
2023-11-01 10:16:00,9.335,9.34,9.33,9.33,7384.0,BTZ
2023-11-01 10:15:00,9.33,9.335,9.33,9.335,1600.0,BTZ
2023-11-01 10:14:00,9.33,9.33,9.33,9.33,300.0,BTZ
2023-11-01 10:13:00,9.315,9.325,9.315,9.325,1500.0,BTZ
2023-11-01 10:11:00,9.314,9.32,9.314,9.32,1800.0,BTZ
2023-11-01 10:10:00,9.32,9.32,9.32,9.32,100.0,BTZ
2023-11-01 10:07:00,9.32,9.32,9.32,9.32,120.0,BTZ
2023-11-01 10:06:00,9.31,9.31,9.31,9.31,1221.0,BTZ
2023-11-01 10:05:00,9.315,9.315,9.315,9.315,100.0,BTZ
2023-11-01 10:04:00,9.31,9.315,9.31,9.315,651.0,BTZ
2023-11-01 10:03:00,9.31,9.31,9.31,9.31,537.0,BTZ
2023-11-01 10:02:00,9.305,9.305,9.305,9.305,100.0,BTZ
2023-11-01 10:00:00,9.29,9.33,9.29,9.31,22306.0,BTZ
2023-11-01 09:58:00,9.285,9.29,9.285,9.29,600.0,BTZ
2023-11-01 09:57:00,9.285,9.285,9.285,9.285,100.0,BTZ
2023-11-01 09:55:00,9.29,9.29,9.285,9.285,200.0,BTZ
2023-11-01 09:53:00,9.281,9.29,9.281,9.29,1293.0,BTZ
2023-11-01 09:52:00,9.28,9.285,9.28,9.285,866.0,BTZ
2023-11-01 09:50:00,9.283,9.283,9.283,9.283,157.0,BTZ
2023-11-01 09:49:00,9.28,9.28,9.272,9.28,952.0,BTZ
2023-11-01 09:47:00,9.28,9.28,9.28,9.28,400.0,BTZ
2023-11-01 09:43:00,9.264,9.275,9.264,9.275,1601.0,BTZ
2023-11-01 09:42:00,9.265,9.265,9.265,9.265,103.0,BTZ
2023-11-01 09:40:00,9.265,9.265,9.265,9.265,100.0,BTZ
2023-11-01 09:39:00,9.265,9.265,9.265,9.265,100.0,BTZ
2023-11-01 09:38:00,9.265,9.265,9.265,9.265,100.0,BTZ
2023-11-01 09:36:00,9.275,9.28,9.27,9.27,1321.0,BTZ
2023-11-01 09:35:00,9.25,9.27,9.25,9.27,4713.0,BTZ
2023-11-01 09:34:00,9.245,9.245,9.245,9.245,177.0,BTZ
2023-11-01 09:33:00,9.246,9.246,9.24,9.24,770.0,BTZ
2023-11-01 09:32:00,9.245,9.245,9.245,9.245,100.0,BTZ
2023-11-01 09:30:00,9.26,9.26,9.26,9.26,11661.0,BTZ
2023-11-01 08:02:00,9.22,9.22,9.22,9.22,1.0,BTZ
2023-10-31 19:00:00,9.22,9.22,9.22,9.22,1857.0,BTZ
2023-10-31 18:30:00,9.22,9.22,9.22,9.22,1857.0,BTZ
2023-10-31 16:10:00,9.22,9.22,9.22,9.22,1857.0,BTZ
2023-10-31 16:02:00,9.21,9.21,9.21,9.21,389.0,BTZ
2023-10-31 16:00:00,9.22,9.225,9.22,9.22,4188.0,BTZ
2023-10-31 15:59:00,9.225,9.225,9.22,9.22,4113.0,BTZ
2023-10-31 15:58:00,9.22,9.225,9.22,9.225,4317.0,BTZ
2023-10-31 15:57:00,9.22,9.23,9.22,9.23,2519.0,BTZ
2023-10-31 15:56:00,9.225,9.225,9.22,9.22,1081.0,BTZ
2023-10-31 15:55:00,9.227,9.23,9.227,9.23,854.0,BTZ
2023-10-31 15:54:00,9.225,9.225,9.225,9.225,304.0,BTZ
2023-10-31 15:53:00,9.225,9.225,9.22,9.225,2904.0,BTZ
2023-10-31 15:52:00,9.225,9.225,9.225,9.225,100.0,BTZ
2023-10-31 15:49:00,9.22,9.22,9.22,9.22,900.0,BTZ
2023-10-31 15:47:00,9.22,9.225,9.22,9.22,7239.0,BTZ
2023-10-31 15:46:00,9.226,9.226,9.225,9.225,850.0,BTZ
2023-10-31 15:45:00,9.225,9.225,9.225,9.225,597.0,BTZ
2023-10-31 15:44:00,9.225,9.225,9.225,9.225,100.0,BTZ
2023-10-31 15:42:00,9.23,9.23,9.225,9.225,3079.0,BTZ
2023-10-31 15:41:00,9.23,9.23,9.23,9.23,1906.0,BTZ
2023-10-31 15:39:00,9.23,9.23,9.23,9.23,143.0,BTZ
2023-10-31 15:38:00,9.235,9.235,9.235,9.235,100.0,BTZ
2023-10-31 15:37:00,9.235,9.235,9.235,9.235,200.0,BTZ
2023-10-31 15:36:00,9.235,9.24,9.235,9.235,920.0,BTZ
2023-10-31 15:35:00,9.235,9.235,9.235,9.235,200.0,BTZ
2023-10-31 15:34:00,9.235,9.235,9.235,9.235,400.0,BTZ
2023-10-31 15:33:00,9.24,9.24,9.24,9.24,603.0,BTZ
2023-10-31 15:30:00,9.235,9.235,9.233,9.235,1139.0,BTZ
2023-10-31 15:29:00,9.225,9.235,9.225,9.23,10844.0,BTZ
2023-10-31 15:26:00,9.23,9.23,9.23,9.23,345.0,BTZ
2023-10-31 15:25:00,9.225,9.225,9.225,9.225,100.0,BTZ
2023-10-31 15:22:00,9.225,9.225,9.225,9.225,200.0,BTZ
2023-10-31 15:21:00,9.225,9.225,9.225,9.225,190.0,BTZ
2023-10-31 15:20:00,9.221,9.221,9.221,9.221,1709.0,BTZ
2023-10-31 15:18:00,9.23,9.23,9.23,9.23,100.0,BTZ
2023-10-31 15:15:00,9.225,9.23,9.225,9.23,847.0,BTZ
2023-10-31 15:14:00,9.23,9.23,9.23,9.23,203.0,BTZ
2023-10-31 15:10:00,9.23,9.23,9.23,9.23,198.0,BTZ
2023-10-31 15:06:00,9.225,9.225,9.225,9.225,200.0,BTZ
2023-10-31 15:05:00,9.225,9.23,9.225,9.23,1054.0,BTZ
2023-10-31 15:00:00,9.22,9.23,9.22,9.225,787.0,BTZ
2023-10-31 14:58:00,9.227,9.23,9.225,9.225,2792.0,BTZ
2023-10-31 14:55:00,9.222,9.222,9.222,9.222,200.0,BTZ
2023-10-31 14:49:00,9.23,9.23,9.23,9.23,100.0,BTZ
2023-10-31 14:45:00,9.225,9.225,9.225,9.225,200.0,BTZ
2023-10-31 14:44:00,9.23,9.23,9.23,9.23,1371.0,BTZ
2023-10-31 14:43:00,9.23,9.23,9.23,9.23,300.0,BTZ
2023-10-31 14:38:00,9.222,9.222,9.222,9.222,200.0,BTZ
2023-10-31 14:36:00,9.225,9.23,9.225,9.23,1108.0,BTZ
2023-10-31 14:35:00,9.224,9.224,9.224,9.224,300.0,BTZ
2023-10-31 14:30:00,9.23,9.23,9.23,9.23,324.0,BTZ
2023-10-31 14:29:00,9.225,9.225,9.225,9.225,300.0,BTZ
2023-10-31 14:28:00,9.23,9.23,9.23,9.23,300.0,BTZ
2023-10-31 14:27:00,9.229,9.229,9.229,9.229,522.0,BTZ
2023-10-31 14:26:00,9.225,9.225,9.225,9.225,100.0,BTZ
2023-10-31 14:25:00,9.225,9.225,9.22,9.22,2925.0,BTZ
2023-10-31 14:24:00,9.235,9.235,9.23,9.23,4000.0,BTZ
2023-10-31 14:22:00,9.23,9.235,9.23,9.235,200.0,BTZ
2023-10-31 14:21:00,9.235,9.235,9.235,9.235,200.0,BTZ
2023-10-31 14:20:00,9.235,9.235,9.234,9.234,1150.0,BTZ
2023-10-31 14:19:00,9.235,9.235,9.235,9.235,472.0,BTZ
2023-10-31 14:16:00,9.235,9.235,9.235,9.235,212.0,BTZ
2023-10-31 14:14:00,9.231,9.231,9.231,9.231,599.0,BTZ
2023-10-31 14:12:00,9.235,9.235,9.235,9.235,162.0,BTZ
2023-10-31 14:11:00,9.23,9.235,9.23,9.235,1200.0,BTZ
2023-10-31 14:10:00,9.235,9.235,9.23,9.23,892.0,BTZ
2023-10-31 14:07:00,9.235,9.235,9.235,9.235,554.0,BTZ
2023-10-31 14:05:00,9.235,9.235,9.233,9.233,1696.0,BTZ
2023-10-31 14:03:00,9.235,9.235,9.235,9.235,877.0,BTZ
2023-10-31 14:02:00,9.237,9.237,9.235,9.235,1700.0,BTZ
2023-10-31 14:01:00,9.235,9.235,9.235,9.235,300.0,BTZ
2023-10-31 14:00:00,9.235,9.235,9.235,9.235,300.0,BTZ
2023-10-31 13:58:00,9.235,9.235,9.235,9.235,552.0,BTZ
2023-10-31 13:56:00,9.235,9.235,9.235,9.235,210.0,BTZ
2023-10-31 13:54:00,9.235,9.235,9.235,9.235,100.0,BTZ
2023-10-31 13:53:00,9.235,9.235,9.235,9.235,100.0,BTZ
2023-10-31 13:52:00,9.235,9.235,9.235,9.235,100.0,BTZ
2023-10-31 13:51:00,9.235,9.235,9.235,9.235,100.0,BTZ
2023-10-31 13:50:00,9.239,9.239,9.239,9.239,1200.0,BTZ
2023-10-31 13:46:00,9.239,9.239,9.239,9.239,1085.0,BTZ
2023-10-31 13:45:00,9.235,9.235,9.235,9.235,223.0,BTZ
2023-10-31 13:44:00,9.235,9.235,9.235,9.235,216.0,BTZ
2023-10-31 13:43:00,9.237,9.237,9.237,9.237,250.0,BTZ
2023-10-31 13:42:00,9.235,9.235,9.235,9.235,279.0,BTZ
2023-10-31 13:41:00,9.23,9.235,9.23,9.231,330.0,BTZ
2023-10-31 13:40:00,9.235,9.235,9.23,9.23,785.0,BTZ
2023-10-31 13:39:00,9.231,9.231,9.231,9.231,2045.0,BTZ
2023-10-31 13:36:00,9.235,9.235,9.235,9.235,186.0,BTZ
2023-10-31 13:35:00,9.235,9.235,9.235,9.235,1200.0,BTZ
2023-10-31 13:34:00,9.232,9.232,9.232,9.232,110.0,BTZ
2023-10-31 13:32:00,9.235,9.235,9.235,9.235,300.0,BTZ
2023-10-31 13:31:00,9.235,9.235,9.235,9.235,100.0,BTZ
2023-10-31 13:29:00,9.235,9.235,9.235,9.235,100.0,BTZ
2023-10-31 13:28:00,9.23,9.235,9.23,9.23,7609.0,BTZ
2023-10-31 13:27:00,9.23,9.23,9.23,9.23,7845.0,BTZ
2023-10-31 13:26:00,9.23,9.23,9.227,9.227,200.0,BTZ
2023-10-31 13:17:00,9.222,9.222,9.22,9.22,1260.0,BTZ
2023-10-31 13:15:00,9.22,9.225,9.22,9.225,300.0,BTZ
2023-10-31 13:13:00,9.225,9.225,9.225,9.225,479.0,BTZ
2023-10-31 13:10:00,9.225,9.225,9.225,9.225,200.0,BTZ
2023-10-31 13:09:00,9.225,9.225,9.22,9.22,300.0,BTZ
2023-10-31 13:08:00,9.225,9.225,9.225,9.225,5632.0,BTZ
2023-10-31 13:06:00,9.228,9.23,9.225,9.225,6811.0,BTZ
2023-10-31 13:04:00,9.22,9.22,9.22,9.22,100.0,BTZ
2023-10-31 13:03:00,9.225,9.225,9.225,9.225,100.0,BTZ
2023-10-31 13:00:00,9.225,9.225,9.225,9.225,400.0,BTZ
2023-10-31 12:58:00,9.225,9.225,9.225,9.225,114.0,BTZ
2023-10-31 12:57:00,9.225,9.225,9.225,9.225,200.0,BTZ
2023-10-31 12:56:00,9.225,9.225,9.225,9.225,100.0,BTZ
2023-10-31 12:55:00,9.225,9.226,9.225,9.225,502.0,BTZ
2023-10-31 12:54:00,9.225,9.225,9.225,9.225,100.0,BTZ
2023-10-31 12:51:00,9.225,9.225,9.225,9.225,300.0,BTZ
2023-10-31 12:50:00,9.22,9.225,9.22,9.225,300.0,BTZ
2023-10-31 12:49:00,9.225,9.225,9.225,9.225,649.0,BTZ
2023-10-31 12:48:00,9.225,9.225,9.225,9.225,801.0,BTZ
2023-10-31 12:46:00,9.23,9.23,9.23,9.23,132.0,BTZ
2023-10-31 12:43:00,9.225,9.225,9.225,9.225,400.0,BTZ
2023-10-31 12:41:00,9.225,9.23,9.225,9.23,1628.0,BTZ
2023-10-31 12:35:00,9.23,9.23,9.23,9.23,100.0,BTZ
2023-10-31 12:32:00,9.228,9.228,9.228,9.228,100.0,BTZ
2023-10-31 12:31:00,9.226,9.23,9.226,9.23,3613.0,BTZ
2023-10-31 12:30:00,9.23,9.23,9.23,9.23,100.0,BTZ
2023-10-31 12:23:00,9.225,9.225,9.225,9.225,193.0,BTZ
2023-10-31 12:16:00,9.22,9.225,9.22,9.225,500.0,BTZ
2023-10-31 12:14:00,9.22,9.222,9.22,9.222,200.0,BTZ
2023-10-31 12:12:00,9.22,9.225,9.22,9.225,425.0,BTZ
2023-10-31 12:10:00,9.22,9.22,9.22,9.22,100.0,BTZ
2023-10-31 12:04:00,9.22,9.22,9.22,9.22,300.0,BTZ
2023-10-31 12:03:00,9.22,9.22,9.22,9.22,100.0,BTZ
2023-10-31 12:02:00,9.23,9.23,9.22,9.22,1494.0,BTZ
2023-10-31 12:01:00,9.215,9.23,9.215,9.23,4078.0,BTZ
2023-10-31 12:00:00,9.215,9.215,9.215,9.215,219.0,BTZ
2023-10-31 11:59:00,9.215,9.215,9.215,9.215,1320.0,BTZ
2023-10-31 11:56:00,9.21,9.21,9.21,9.21,100.0,BTZ
2023-10-31 11:55:00,9.21,9.215,9.205,9.215,11568.0,BTZ
2023-10-31 11:52:00,9.211,9.211,9.211,9.211,2000.0,BTZ
2023-10-31 11:49:00,9.215,9.219,9.215,9.219,1448.0,BTZ
2023-10-31 11:46:00,9.215,9.215,9.212,9.212,351.0,BTZ
2023-10-31 11:43:00,9.22,9.22,9.212,9.212,900.0,BTZ
2023-10-31 11:42:00,9.22,9.22,9.21,9.22,3224.0,BTZ
2023-10-31 11:41:00,9.225,9.225,9.225,9.225,100.0,BTZ
2023-10-31 11:36:00,9.227,9.227,9.225,9.225,2659.0,BTZ
2023-10-31 11:34:00,9.22,9.22,9.22,9.22,5200.0,BTZ
2023-10-31 11:33:00,9.225,9.229,9.225,9.229,900.0,BTZ
2023-10-31 11:31:00,9.23,9.23,9.225,9.23,3042.0,BTZ
2023-10-31 11:28:00,9.235,9.237,9.235,9.235,1903.0,BTZ
2023-10-31 11:27:00,9.235,9.235,9.235,9.235,300.0,BTZ
2023-10-31 11:26:00,9.235,9.235,9.235,9.235,300.0,BTZ
2023-10-31 11:19:00,9.235,9.235,9.235,9.235,214.0,BTZ
2023-10-31 11:16:00,9.231,9.231,9.231,9.231,578.0,BTZ
2023-10-31 11:15:00,9.24,9.24,9.24,9.24,193.0,BTZ
2023-10-31 11:10:00,9.235,9.235,9.235,9.235,215.0,BTZ
2023-10-31 11:07:00,9.23,9.23,9.23,9.23,945.0,BTZ
2023-10-31 11:03:00,9.24,9.24,9.24,9.24,3179.0,BTZ
2023-10-31 11:01:00,9.247,9.247,9.247,9.247,500.0,BTZ
2023-10-31 11:00:00,9.245,9.245,9.245,9.245,700.0,BTZ
2023-10-31 10:59:00,9.241,9.245,9.241,9.245,3291.0,BTZ
2023-10-31 10:58:00,9.24,9.24,9.24,9.24,743.0,BTZ
2023-10-31 10:57:00,9.23,9.235,9.23,9.235,1120.0,BTZ
2023-10-31 10:54:00,9.235,9.235,9.235,9.235,2000.0,BTZ
2023-10-31 10:53:00,9.235,9.237,9.235,9.237,1919.0,BTZ
2023-10-31 10:48:00,9.237,9.237,9.237,9.237,367.0,BTZ
2023-10-31 10:47:00,9.235,9.235,9.23,9.235,3053.0,BTZ
2023-10-31 10:46:00,9.232,9.232,9.232,9.232,500.0,BTZ
2023-10-31 10:45:00,9.23,9.23,9.23,9.23,369.0,BTZ
2023-10-31 10:42:00,9.22,9.22,9.22,9.22,2069.0,BTZ
2023-10-31 10:39:00,9.225,9.225,9.225,9.225,576.0,BTZ
2023-10-31 10:38:00,9.22,9.22,9.22,9.22,13314.0,BTZ
2023-10-31 10:37:00,9.22,9.22,9.215,9.22,15812.0,BTZ
2023-10-31 10:36:00,9.225,9.225,9.225,9.225,966.0,BTZ
2023-10-31 10:35:00,9.225,9.225,9.225,9.225,176.0,BTZ
2023-10-31 10:33:00,9.22,9.22,9.22,9.22,100.0,BTZ
2023-10-31 10:30:00,9.22,9.22,9.22,9.22,100.0,BTZ
2023-10-31 10:29:00,9.22,9.22,9.22,9.22,100.0,BTZ
2023-10-31 10:28:00,9.22,9.22,9.22,9.22,446.0,BTZ
2023-10-31 10:27:00,9.22,9.22,9.22,9.22,2150.0,BTZ
2023-10-31 10:26:00,9.225,9.225,9.22,9.22,2501.0,BTZ
2023-10-31 10:24:00,9.23,9.23,9.23,9.23,172.0,BTZ
2023-10-31 10:19:00,9.225,9.225,9.22,9.222,3436.0,BTZ
2023-10-31 10:18:00,9.226,9.226,9.226,9.226,489.0,BTZ
2023-10-31 10:16:00,9.22,9.22,9.22,9.22,5654.0,BTZ
2023-10-31 10:15:00,9.22,9.22,9.22,9.22,100.0,BTZ
2023-10-31 10:14:00,9.22,9.22,9.22,9.22,300.0,BTZ
2023-10-31 10:13:00,9.22,9.22,9.22,9.22,1349.0,BTZ
2023-10-31 10:12:00,9.218,9.218,9.218,9.218,218.0,BTZ
2023-10-31 10:11:00,9.21,9.215,9.21,9.215,930.0,BTZ
2023-10-31 10:10:00,9.205,9.21,9.2,9.21,945.0,BTZ
2023-10-31 10:09:00,9.205,9.205,9.205,9.205,300.0,BTZ
2023-10-31 10:08:00,9.205,9.205,9.205,9.205,300.0,BTZ
2023-10-31 10:06:00,9.21,9.21,9.2,9.2,250.0,BTZ
2023-10-31 10:05:00,9.205,9.207,9.205,9.207,732.0,BTZ
2023-10-31 10:04:00,9.205,9.205,9.205,9.205,190.0,BTZ
2023-10-31 10:02:00,9.206,9.206,9.206,9.206,611.0,BTZ
2023-10-31 10:01:00,9.205,9.209,9.205,9.205,32914.0,BTZ
2023-10-31 10:00:00,9.21,9.21,9.205,9.205,15774.0,BTZ
2023-10-31 09:59:00,9.21,9.21,9.208,9.21,2366.0,BTZ
2023-10-31 09:58:00,9.205,9.205,9.205,9.205,200.0,BTZ
2023-10-31 09:57:00,9.205,9.205,9.205,9.205,400.0,BTZ
2023-10-31 09:56:00,9.21,9.215,9.205,9.205,2368.0,BTZ
2023-10-31 09:55:00,9.21,9.21,9.21,9.21,100.0,BTZ
2023-10-31 09:54:00,9.219,9.22,9.21,9.211,1204.0,BTZ
2023-10-31 09:49:00,9.21,9.21,9.21,9.21,120.0,BTZ
2023-10-31 09:46:00,9.21,9.21,9.21,9.21,158.0,BTZ
2023-10-31 09:45:00,9.21,9.21,9.21,9.21,100.0,BTZ
2023-10-31 09:44:00,9.21,9.21,9.2,9.21,3300.0,BTZ
2023-10-31 09:43:00,9.21,9.22,9.21,9.22,5572.0,BTZ
2023-10-31 09:41:00,9.21,9.21,9.21,9.21,1087.0,BTZ
2023-10-31 09:38:00,9.21,9.21,9.21,9.21,379.0,BTZ
2023-10-31 09:37:00,9.22,9.22,9.21,9.21,1851.0,BTZ
2023-10-31 09:36:00,9.225,9.235,9.22,9.23,9470.0,BTZ
2023-10-31 09:35:00,9.221,9.221,9.221,9.221,500.0,BTZ
2023-10-31 09:34:00,9.225,9.23,9.225,9.23,415.0,BTZ
2023-10-31 09:33:00,9.22,9.225,9.22,9.225,501.0,BTZ
2023-10-31 09:32:00,9.22,9.226,9.22,9.226,662.0,BTZ
2023-10-31 09:31:00,9.22,9.23,9.22,9.23,1671.0,BTZ
2023-10-31 09:30:00,9.23,9.23,9.22,9.22,27977.0,BTZ
2023-10-31 08:54:00,9.22,9.23,9.22,9.23,204.0,BTZ
2023-10-31 08:00:00,9.17,9.17,9.17,9.17,1700.0,BTZ
2023-10-30 19:00:00,9.18,9.18,9.18,9.18,7103.0,BTZ
2023-10-30 18:30:00,9.18,9.18,9.18,9.18,7103.0,BTZ
2023-10-30 16:10:00,9.18,9.18,9.18,9.18,7103.0,BTZ
2023-10-30 16:00:00,9.19,9.19,9.18,9.18,14636.0,BTZ
2023-10-30 15:59:00,9.18,9.19,9.18,9.19,8462.0,BTZ
2023-10-30 15:58:00,9.18,9.185,9.18,9.18,2278.0,BTZ
2023-10-30 15:57:00,9.18,9.185,9.18,9.18,1884.0,BTZ
2023-10-30 15:56:00,9.185,9.185,9.18,9.185,750.0,BTZ
2023-10-30 15:55:00,9.185,9.185,9.185,9.185,730.0,BTZ
2023-10-30 15:54:00,9.185,9.185,9.18,9.18,300.0,BTZ
2023-10-30 15:53:00,9.185,9.185,9.185,9.185,250.0,BTZ
2023-10-30 15:52:00,9.185,9.185,9.185,9.185,200.0,BTZ
2023-10-30 15:51:00,9.185,9.185,9.185,9.185,251.0,BTZ
2023-10-30 15:50:00,9.18,9.189,9.18,9.185,1214.0,BTZ
2023-10-30 15:49:00,9.18,9.185,9.18,9.185,1570.0,BTZ
2023-10-30 15:47:00,9.185,9.185,9.18,9.18,290.0,BTZ
2023-10-30 15:46:00,9.19,9.19,9.185,9.185,600.0,BTZ
2023-10-30 15:45:00,9.185,9.185,9.185,9.185,460.0,BTZ
2023-10-30 15:44:00,9.19,9.19,9.19,9.19,1349.0,BTZ
2023-10-30 15:43:00,9.19,9.19,9.19,9.19,149.0,BTZ
2023-10-30 15:42:00,9.19,9.19,9.19,9.19,100.0,BTZ
2023-10-30 15:41:00,9.19,9.19,9.19,9.19,100.0,BTZ
2023-10-30 15:39:00,9.195,9.195,9.195,9.195,100.0,BTZ
2023-10-30 15:38:00,9.195,9.195,9.195,9.195,100.0,BTZ
2023-10-30 15:37:00,9.19,9.195,9.19,9.195,250.0,BTZ
2023-10-30 15:36:00,9.195,9.195,9.19,9.195,1088.0,BTZ
2023-10-30 15:35:00,9.192,9.192,9.19,9.19,208.0,BTZ
2023-10-30 15:34:00,9.19,9.19,9.19,9.19,848.0,BTZ
2023-10-30 15:33:00,9.19,9.19,9.19,9.19,200.0,BTZ
2023-10-30 15:32:00,9.192,9.195,9.19,9.195,1366.0,BTZ
2023-10-30 15:31:00,9.2,9.2,9.19,9.19,10566.0,BTZ
2023-10-30 15:30:00,9.2,9.2,9.2,9.2,400.0,BTZ
2023-10-30 15:29:00,9.2,9.2,9.2,9.2,200.0,BTZ
2023-10-30 15:28:00,9.2,9.205,9.2,9.2,5821.0,BTZ
2023-10-30 15:27:00,9.205,9.205,9.2,9.2,594.0,BTZ
2023-10-30 15:26:00,9.2,9.205,9.2,9.205,810.0,BTZ
2023-10-30 15:25:00,9.205,9.205,9.205,9.205,100.0,BTZ
2023-10-30 15:24:00,9.2,9.2,9.2,9.2,100.0,BTZ
2023-10-30 15:23:00,9.2,9.2,9.2,9.2,100.0,BTZ
2023-10-30 15:21:00,9.2,9.21,9.2,9.208,1598.0,BTZ
2023-10-30 15:20:00,9.205,9.205,9.205,9.205,101.0,BTZ
2023-10-30 15:19:00,9.205,9.205,9.205,9.205,100.0,BTZ
2023-10-30 15:18:00,9.21,9.21,9.205,9.205,1834.0,BTZ
2023-10-30 15:17:00,9.21,9.21,9.21,9.21,2909.0,BTZ
2023-10-30 15:16:00,9.215,9.215,9.215,9.215,102.0,BTZ
2023-10-30 15:15:00,9.215,9.215,9.215,9.215,300.0,BTZ
2023-10-30 15:12:00,9.21,9.215,9.21,9.215,200.0,BTZ
2023-10-30 15:11:00,9.21,9.215,9.21,9.215,200.0,BTZ
2023-10-30 15:10:00,9.21,9.22,9.21,9.22,700.0,BTZ
2023-10-30 15:09:00,9.21,9.215,9.21,9.215,4577.0,BTZ
2023-10-30 15:08:00,9.2,9.22,9.2,9.211,3047.0,BTZ
2023-10-30 15:07:00,9.21,9.21,9.21,9.21,200.0,BTZ
2023-10-30 15:06:00,9.195,9.21,9.195,9.21,8665.0,BTZ
2023-10-30 15:05:00,9.2,9.2,9.195,9.195,400.0,BTZ
2023-10-30 15:04:00,9.2,9.2,9.2,9.2,5000.0,BTZ
2023-10-30 15:03:00,9.195,9.2,9.195,9.195,4390.0,BTZ
2023-10-30 15:02:00,9.2,9.2,9.19,9.2,3902.0,BTZ
2023-10-30 15:01:00,9.185,9.2,9.185,9.2,7506.0,BTZ
2023-10-30 15:00:00,9.185,9.19,9.185,9.185,2940.0,BTZ
2023-10-30 14:59:00,9.185,9.185,9.18,9.18,1268.0,BTZ
2023-10-30 14:58:00,9.19,9.19,9.19,9.19,400.0,BTZ
2023-10-30 14:57:00,9.189,9.189,9.18,9.18,314.0,BTZ
2023-10-30 14:56:00,9.18,9.188,9.18,9.188,1968.0,BTZ
2023-10-30 14:55:00,9.185,9.19,9.185,9.19,411.0,BTZ
2023-10-30 14:54:00,9.18,9.18,9.18,9.18,100.0,BTZ
2023-10-30 14:51:00,9.185,9.185,9.185,9.185,300.0,BTZ
2023-10-30 14:50:00,9.18,9.18,9.18,9.18,100.0,BTZ
2023-10-30 14:49:00,9.19,9.19,9.185,9.185,3000.0,BTZ
2023-10-30 14:47:00,9.185,9.185,9.185,9.185,200.0,BTZ
2023-10-30 14:45:00,9.18,9.185,9.18,9.185,400.0,BTZ
2023-10-30 14:44:00,9.187,9.187,9.18,9.18,525.0,BTZ
2023-10-30 14:43:00,9.18,9.18,9.18,9.18,100.0,BTZ
2023-10-30 14:41:00,9.18,9.18,9.18,9.18,100.0,BTZ
2023-10-30 14:40:00,9.185,9.185,9.185,9.185,100.0,BTZ
2023-10-30 14:39:00,9.185,9.185,9.185,9.185,170.0,BTZ
2023-10-30 14:37:00,9.19,9.19,9.185,9.185,2000.0,BTZ
2023-10-30 14:36:00,9.185,9.185,9.185,9.185,394.0,BTZ
2023-10-30 14:35:00,9.185,9.185,9.18,9.18,200.0,BTZ
2023-10-30 14:33:00,9.189,9.189,9.18,9.18,536.0,BTZ
2023-10-30 14:31:00,9.18,9.18,9.18,9.18,100.0,BTZ
2023-10-30 14:30:00,9.185,9.185,9.185,9.185,100.0,BTZ
2023-10-30 14:29:00,9.185,9.185,9.185,9.185,100.0,BTZ
2023-10-30 14:28:00,9.18,9.18,9.18,9.18,100.0,BTZ
2023-10-30 14:26:00,9.18,9.189,9.18,9.18,4225.0,BTZ
2023-10-30 14:25:00,9.18,9.18,9.18,9.18,1100.0,BTZ
2023-10-30 14:23:00,9.18,9.18,9.18,9.18,100.0,BTZ
2023-10-30 14:22:00,9.188,9.188,9.188,9.188,135.0,BTZ
2023-10-30 14:21:00,9.18,9.18,9.18,9.18,100.0,BTZ
2023-10-30 14:18:00,9.18,9.18,9.18,9.18,101.0,BTZ
2023-10-30 14:15:00,9.18,9.18,9.18,9.18,200.0,BTZ
2023-10-30 14:12:00,9.18,9.18,9.18,9.18,100.0,BTZ
2023-10-30 14:09:00,9.18,9.18,9.18,9.18,100.0,BTZ
2023-10-30 14:08:00,9.18,9.19,9.18,9.19,300.0,BTZ
2023-10-30 14:07:00,9.18,9.18,9.18,9.18,100.0,BTZ
2023-10-30 14:06:00,9.181,9.181,9.181,9.181,1000.0,BTZ
2023-10-30 14:04:00,9.18,9.18,9.18,9.18,100.0,BTZ
2023-10-30 14:01:00,9.185,9.185,9.18,9.18,1101.0,BTZ
2023-10-30 13:56:00,9.18,9.18,9.18,9.18,100.0,BTZ
2023-10-30 13:55:00,9.189,9.19,9.189,9.19,1002.0,BTZ
2023-10-30 13:54:00,9.18,9.18,9.18,9.18,200.0,BTZ
2023-10-30 13:53:00,9.185,9.185,9.185,9.185,250.0,BTZ
2023-10-30 13:52:00,9.185,9.19,9.185,9.185,2816.0,BTZ
2023-10-30 13:51:00,9.18,9.18,9.18,9.18,100.0,BTZ
2023-10-30 13:50:00,9.18,9.18,9.18,9.18,100.0,BTZ
2023-10-30 13:49:00,9.183,9.183,9.183,9.183,1500.0,BTZ
2023-10-30 13:47:00,9.18,9.18,9.18,9.18,100.0,BTZ
2023-10-30 13:45:00,9.18,9.18,9.18,9.18,100.0,BTZ
2023-10-30 13:42:00,9.18,9.18,9.18,9.18,200.0,BTZ
2023-10-30 13:41:00,9.185,9.185,9.18,9.18,930.0,BTZ
2023-10-30 13:38:00,9.185,9.185,9.185,9.185,100.0,BTZ
2023-10-30 13:37:00,9.185,9.185,9.185,9.185,100.0,BTZ
2023-10-30 13:36:00,9.185,9.185,9.185,9.185,941.0,BTZ
2023-10-30 13:34:00,9.19,9.19,9.19,9.19,626.0,BTZ
2023-10-30 13:33:00,9.184,9.185,9.18,9.185,2964.0,BTZ
2023-10-30 13:30:00,9.175,9.18,9.175,9.18,1058.0,BTZ
2023-10-30 13:29:00,9.175,9.175,9.175,9.175,100.0,BTZ
2023-10-30 13:28:00,9.175,9.18,9.175,9.175,2071.0,BTZ
2023-10-30 13:27:00,9.175,9.175,9.175,9.175,300.0,BTZ
2023-10-30 13:26:00,9.17,9.175,9.17,9.17,900.0,BTZ
2023-10-30 13:24:00,9.175,9.175,9.175,9.175,3462.0,BTZ
2023-10-30 13:21:00,9.175,9.175,9.175,9.175,100.0,BTZ
2023-10-30 13:20:00,9.17,9.17,9.17,9.17,100.0,BTZ
2023-10-30 13:19:00,9.17,9.17,9.17,9.17,100.0,BTZ
2023-10-30 13:17:00,9.17,9.17,9.17,9.17,100.0,BTZ
2023-10-30 13:15:00,9.175,9.175,9.17,9.17,4856.0,BTZ
2023-10-30 13:14:00,9.175,9.175,9.175,9.175,100.0,BTZ
2023-10-30 13:13:00,9.175,9.175,9.175,9.175,100.0,BTZ
2023-10-30 13:12:00,9.177,9.177,9.175,9.175,300.0,BTZ
2023-10-30 13:11:00,9.18,9.18,9.18,9.18,100.0,BTZ
2023-10-30 13:10:00,9.175,9.175,9.175,9.175,300.0,BTZ
2023-10-30 13:08:00,9.175,9.175,9.175,9.175,100.0,BTZ
2023-10-30 13:05:00,9.175,9.175,9.175,9.175,601.0,BTZ
2023-10-30 13:03:00,9.175,9.175,9.175,9.175,100.0,BTZ
2023-10-30 13:02:00,9.175,9.175,9.175,9.175,124.0,BTZ
2023-10-30 13:00:00,9.175,9.175,9.175,9.175,100.0,BTZ
2023-10-30 12:58:00,9.175,9.175,9.174,9.174,2420.0,BTZ
2023-10-30 12:56:00,9.175,9.175,9.175,9.175,510.0,BTZ
2023-10-30 12:53:00,9.18,9.18,9.175,9.175,983.0,BTZ
2023-10-30 12:52:00,9.18,9.18,9.175,9.175,700.0,BTZ
2023-10-30 12:50:00,9.18,9.18,9.18,9.18,100.0,BTZ
2023-10-30 12:49:00,9.185,9.185,9.185,9.185,1000.0,BTZ
2023-10-30 12:47:00,9.18,9.18,9.18,9.18,100.0,BTZ
2023-10-30 12:45:00,9.18,9.18,9.18,9.18,100.0,BTZ
2023-10-30 12:42:00,9.18,9.18,9.18,9.18,100.0,BTZ
2023-10-30 12:40:00,9.18,9.18,9.18,9.18,200.0,BTZ
2023-10-30 12:39:00,9.189,9.19,9.189,9.19,1800.0,BTZ
2023-10-30 12:38:00,9.18,9.19,9.18,9.19,300.0,BTZ
2023-10-30 12:36:00,9.185,9.185,9.185,9.185,1176.0,BTZ
2023-10-30 12:35:00,9.185,9.185,9.18,9.18,500.0,BTZ
2023-10-30 12:31:00,9.18,9.18,9.18,9.18,100.0,BTZ
2023-10-30 12:30:00,9.185,9.185,9.185,9.185,200.0,BTZ
2023-10-30 12:29:00,9.185,9.185,9.185,9.185,124.0,BTZ
2023-10-30 12:28:00,9.181,9.181,9.181,9.181,200.0,BTZ
2023-10-30 12:20:00,9.19,9.19,9.19,9.19,2000.0,BTZ
2023-10-30 12:19:00,9.195,9.195,9.195,9.195,200.0,BTZ
2023-10-30 12:18:00,9.19,9.195,9.19,9.195,600.0,BTZ
2023-10-30 12:17:00,9.195,9.195,9.195,9.195,100.0,BTZ
2023-10-30 12:15:00,9.195,9.2,9.19,9.19,3200.0,BTZ
2023-10-30 12:14:00,9.19,9.19,9.19,9.19,800.0,BTZ
2023-10-30 12:13:00,9.185,9.185,9.185,9.185,800.0,BTZ
2023-10-30 12:12:00,9.18,9.18,9.18,9.18,1600.0,BTZ
2023-10-30 12:11:00,9.175,9.175,9.175,9.175,204.0,BTZ
2023-10-30 12:06:00,9.17,9.175,9.165,9.175,12607.0,BTZ
2023-10-30 12:05:00,9.165,9.17,9.165,9.17,200.0,BTZ
2023-10-30 12:03:00,9.16,9.16,9.16,9.16,100.0,BTZ
2023-10-30 12:02:00,9.165,9.165,9.165,9.165,100.0,BTZ
2023-10-30 12:00:00,9.165,9.17,9.165,9.165,833.0,BTZ
2023-10-30 11:57:00,9.165,9.165,9.165,9.165,100.0,BTZ
2023-10-30 11:56:00,9.16,9.16,9.16,9.16,100.0,BTZ
2023-10-30 11:55:00,9.169,9.169,9.169,9.169,1100.0,BTZ
2023-10-30 11:53:00,9.16,9.16,9.16,9.16,100.0,BTZ
2023-10-30 11:52:00,9.16,9.16,9.16,9.16,100.0,BTZ
2023-10-30 11:51:00,9.165,9.165,9.165,9.165,100.0,BTZ
2023-10-30 11:47:00,9.165,9.165,9.165,9.165,100.0,BTZ
2023-10-30 11:44:00,9.165,9.169,9.165,9.165,300.0,BTZ
2023-10-30 11:42:00,9.17,9.17,9.16,9.16,310.0,BTZ
2023-10-30 11:40:00,9.17,9.17,9.17,9.17,800.0,BTZ
2023-10-30 11:39:00,9.17,9.17,9.17,9.17,100.0,BTZ
2023-10-30 11:38:00,9.175,9.175,9.17,9.17,400.0,BTZ
2023-10-30 11:37:00,9.17,9.19,9.165,9.175,12520.0,BTZ
2023-10-30 11:36:00,9.165,9.165,9.16,9.16,310.0,BTZ
2023-10-30 11:35:00,9.165,9.165,9.165,9.165,200.0,BTZ
2023-10-30 11:34:00,9.165,9.165,9.16,9.16,200.0,BTZ
2023-10-30 11:33:00,9.165,9.165,9.165,9.165,100.0,BTZ
2023-10-30 11:32:00,9.16,9.16,9.16,9.16,100.0,BTZ
2023-10-30 11:28:00,9.16,9.16,9.16,9.16,100.0,BTZ
2023-10-30 11:26:00,9.16,9.16,9.16,9.16,200.0,BTZ
2023-10-30 11:25:00,9.16,9.16,9.16,9.16,100.0,BTZ
2023-10-30 11:24:00,9.16,9.16,9.16,9.16,500.0,BTZ
2023-10-30 11:23:00,9.16,9.16,9.16,9.16,901.0,BTZ
2023-10-30 11:21:00,9.168,9.168,9.16,9.16,300.0,BTZ
2023-10-30 11:20:00,9.165,9.165,9.165,9.165,100.0,BTZ
2023-10-30 11:19:00,9.165,9.17,9.165,9.165,2825.0,BTZ
2023-10-30 11:18:00,9.16,9.16,9.16,9.16,300.0,BTZ
2023-10-30 11:16:00,9.16,9.16,9.16,9.16,100.0,BTZ
2023-10-30 11:15:00,9.17,9.17,9.165,9.165,1267.0,BTZ
2023-10-30 11:11:00,9.17,9.17,9.17,9.17,200.0,BTZ
2023-10-30 11:10:00,9.17,9.17,9.17,9.17,200.0,BTZ
2023-10-30 11:09:00,9.17,9.18,9.17,9.18,1300.0,BTZ
2023-10-30 11:08:00,9.165,9.17,9.165,9.17,8664.0,BTZ
2023-10-30 11:07:00,9.165,9.165,9.165,9.165,200.0,BTZ
2023-10-30 11:06:00,9.165,9.165,9.165,9.165,600.0,BTZ
2023-10-30 11:05:00,9.165,9.165,9.163,9.165,300.0,BTZ
2023-10-30 11:04:00,9.165,9.168,9.165,9.168,300.0,BTZ
2023-10-30 11:03:00,9.165,9.165,9.165,9.165,800.0,BTZ
2023-10-30 11:01:00,9.165,9.17,9.165,9.169,505.0,BTZ
2023-10-30 11:00:00,9.17,9.17,9.17,9.17,500.0,BTZ
2023-10-30 10:59:00,9.17,9.17,9.17,9.17,597.0,BTZ
2023-10-30 10:58:00,9.165,9.165,9.165,9.165,1068.0,BTZ
2023-10-30 10:57:00,9.17,9.17,9.17,9.17,1000.0,BTZ
2023-10-30 10:56:00,9.16,9.165,9.16,9.165,1455.0,BTZ
2023-10-30 10:55:00,9.155,9.155,9.155,9.155,244.0,BTZ
2023-10-30 10:54:00,9.155,9.155,9.155,9.155,100.0,BTZ
2023-10-30 10:53:00,9.155,9.16,9.155,9.16,1000.0,BTZ
2023-10-30 10:51:00,9.15,9.155,9.15,9.15,2084.0,BTZ
2023-10-30 10:50:00,9.145,9.145,9.145,9.145,100.0,BTZ
2023-10-30 10:49:00,9.145,9.145,9.145,9.145,100.0,BTZ
2023-10-30 10:48:00,9.145,9.145,9.145,9.145,100.0,BTZ
2023-10-30 10:46:00,9.145,9.15,9.145,9.15,2573.0,BTZ
2023-10-30 10:45:00,9.145,9.145,9.145,9.145,100.0,BTZ
2023-10-30 10:44:00,9.145,9.145,9.145,9.145,100.0,BTZ
2023-10-30 10:43:00,9.145,9.145,9.145,9.145,500.0,BTZ
2023-10-30 10:36:00,9.145,9.145,9.145,9.145,731.0,BTZ
2023-10-30 10:34:00,9.145,9.145,9.145,9.145,100.0,BTZ
2023-10-30 10:32:00,9.145,9.145,9.145,9.145,100.0,BTZ
2023-10-30 10:27:00,9.145,9.15,9.145,9.145,1813.0,BTZ
2023-10-30 10:26:00,9.14,9.14,9.14,9.14,100.0,BTZ
2023-10-30 10:25:00,9.148,9.148,9.148,9.148,100.0,BTZ
2023-10-30 10:21:00,9.145,9.15,9.145,9.15,710.0,BTZ
2023-10-30 10:20:00,9.16,9.16,9.15,9.152,1266.0,BTZ
2023-10-30 10:18:00,9.16,9.16,9.16,9.16,361.0,BTZ
2023-10-30 10:16:00,9.16,9.165,9.16,9.165,200.0,BTZ
2023-10-30 10:15:00,9.16,9.16,9.16,9.16,100.0,BTZ
2023-10-30 10:12:00,9.165,9.165,9.165,9.165,100.0,BTZ
2023-10-30 10:09:00,9.165,9.165,9.165,9.165,100.0,BTZ
2023-10-30 10:07:00,9.166,9.166,9.166,9.166,2006.0,BTZ
2023-10-30 10:05:00,9.16,9.16,9.16,9.16,4694.0,BTZ
2023-10-30 10:04:00,9.165,9.165,9.165,9.165,200.0,BTZ
2023-10-30 10:02:00,9.165,9.165,9.165,9.165,600.0,BTZ
2023-10-30 10:01:00,9.165,9.17,9.165,9.165,2000.0,BTZ
2023-10-30 10:00:00,9.169,9.169,9.169,9.169,100.0,BTZ
2023-10-30 09:59:00,9.165,9.165,9.165,9.165,100.0,BTZ
2023-10-30 09:57:00,9.169,9.169,9.165,9.165,600.0,BTZ
2023-10-30 09:56:00,9.17,9.175,9.165,9.17,9171.0,BTZ
2023-10-30 09:53:00,9.17,9.17,9.17,9.17,100.0,BTZ
2023-10-30 09:51:00,9.17,9.17,9.17,9.17,100.0,BTZ
2023-10-30 09:50:00,9.174,9.175,9.174,9.175,1200.0,BTZ
2023-10-30 09:49:00,9.18,9.18,9.18,9.18,300.0,BTZ
2023-10-30 09:47:00,9.165,9.17,9.165,9.17,1675.0,BTZ
2023-10-30 09:45:00,9.165,9.165,9.165,9.165,100.0,BTZ
2023-10-30 09:44:00,9.165,9.169,9.165,9.169,258.0,BTZ
2023-10-30 09:43:00,9.155,9.16,9.155,9.16,1382.0,BTZ
2023-10-30 09:42:00,9.155,9.155,9.155,9.155,300.0,BTZ
2023-10-30 09:40:00,9.16,9.16,9.16,9.16,800.0,BTZ
2023-10-30 09:37:00,9.15,9.17,9.15,9.17,11074.0,BTZ
2023-10-30 09:36:00,9.145,9.15,9.14,9.145,5275.0,BTZ
2023-10-30 09:35:00,9.145,9.145,9.145,9.145,200.0,BTZ
2023-10-30 09:34:00,9.145,9.145,9.145,9.145,884.0,BTZ
2023-10-30 09:33:00,9.147,9.147,9.147,9.147,800.0,BTZ
2023-10-30 09:32:00,9.15,9.15,9.15,9.15,1016.0,BTZ
2023-10-30 09:31:00,9.15,9.15,9.15,9.15,2400.0,BTZ
2023-10-30 09:30:00,9.16,9.16,9.15,9.15,7102.0,BTZ
2023-10-27 19:00:00,9.16,9.16,9.16,9.16,1206.0,BTZ
2023-10-27 18:30:00,9.16,9.16,9.16,9.16,1206.0,BTZ
2023-10-27 16:10:00,9.16,9.16,9.16,9.16,1206.0,BTZ
2023-10-27 16:00:00,9.16,9.16,9.15,9.16,2543.0,BTZ
2023-10-27 15:59:00,9.155,9.16,9.15,9.16,9308.0,BTZ
2023-10-27 15:58:00,9.15,9.155,9.15,9.15,2380.0,BTZ
2023-10-27 15:57:00,9.15,9.155,9.15,9.15,2056.0,BTZ
2023-10-27 15:56:00,9.15,9.155,9.15,9.15,1700.0,BTZ
2023-10-27 15:55:00,9.15,9.155,9.15,9.155,3961.0,BTZ
2023-10-27 15:54:00,9.15,9.16,9.15,9.15,1820.0,BTZ
2023-10-27 15:53:00,9.15,9.156,9.15,9.15,4646.0,BTZ
2023-10-27 15:52:00,9.15,9.155,9.15,9.151,1441.0,BTZ
2023-10-27 15:51:00,9.15,9.155,9.15,9.15,700.0,BTZ
2023-10-27 15:50:00,9.155,9.155,9.15,9.15,1020.0,BTZ
2023-10-27 15:49:00,9.15,9.16,9.15,9.15,1454.0,BTZ
2023-10-27 15:48:00,9.15,9.158,9.15,9.158,400.0,BTZ
2023-10-27 15:47:00,9.15,9.155,9.15,9.151,300.0,BTZ
2023-10-27 15:46:00,9.155,9.155,9.15,9.15,1915.0,BTZ
2023-10-27 15:45:00,9.151,9.151,9.15,9.15,1174.0,BTZ
2023-10-27 15:44:00,9.15,9.155,9.15,9.155,2507.0,BTZ
2023-10-27 15:43:00,9.15,9.155,9.15,9.155,608.0,BTZ
2023-10-27 15:42:00,9.15,9.155,9.15,9.155,2514.0,BTZ
2023-10-27 15:41:00,9.15,9.156,9.15,9.156,540.0,BTZ
2023-10-27 15:39:00,9.16,9.16,9.15,9.15,1131.0,BTZ
2023-10-27 15:38:00,9.155,9.155,9.155,9.155,200.0,BTZ
2023-10-27 15:37:00,9.16,9.16,9.151,9.151,261.0,BTZ
2023-10-27 15:36:00,9.155,9.16,9.155,9.16,289.0,BTZ
2023-10-27 15:34:00,9.155,9.16,9.155,9.16,300.0,BTZ
2023-10-27 15:33:00,9.16,9.16,9.155,9.155,2144.0,BTZ
2023-10-27 15:32:00,9.16,9.16,9.16,9.16,255.0,BTZ
2023-10-27 15:31:00,9.16,9.16,9.16,9.16,117.0,BTZ
2023-10-27 15:30:00,9.16,9.16,9.16,9.16,131.0,BTZ
2023-10-27 15:29:00,9.16,9.16,9.16,9.16,100.0,BTZ
2023-10-27 15:27:00,9.17,9.17,9.161,9.161,230.0,BTZ
2023-10-27 15:25:00,9.155,9.17,9.155,9.17,4089.0,BTZ
2023-10-27 15:24:00,9.16,9.16,9.155,9.155,821.0,BTZ
2023-10-27 15:23:00,9.17,9.17,9.16,9.16,4902.0,BTZ
2023-10-27 15:22:00,9.165,9.165,9.165,9.165,100.0,BTZ
2023-10-27 15:21:00,9.165,9.165,9.165,9.165,852.0,BTZ
2023-10-27 15:20:00,9.165,9.165,9.165,9.165,226.0,BTZ
2023-10-27 15:19:00,9.17,9.175,9.165,9.165,1573.0,BTZ
2023-10-27 15:18:00,9.17,9.17,9.17,9.17,436.0,BTZ
2023-10-27 15:16:00,9.175,9.175,9.17,9.17,200.0,BTZ
2023-10-27 15:15:00,9.18,9.18,9.17,9.175,1244.0,BTZ
2023-10-27 15:13:00,9.175,9.175,9.17,9.17,649.0,BTZ
2023-10-27 15:12:00,9.175,9.175,9.175,9.175,260.0,BTZ
2023-10-27 15:11:00,9.17,9.18,9.17,9.18,801.0,BTZ
2023-10-27 15:09:00,9.175,9.18,9.175,9.18,588.0,BTZ
2023-10-27 15:08:00,9.175,9.18,9.17,9.18,420.0,BTZ
2023-10-27 15:07:00,9.18,9.18,9.17,9.175,3778.0,BTZ
2023-10-27 15:06:00,9.17,9.18,9.17,9.18,1320.0,BTZ
2023-10-27 15:05:00,9.17,9.17,9.17,9.17,1538.0,BTZ
2023-10-27 15:04:00,9.17,9.17,9.17,9.17,588.0,BTZ
2023-10-27 15:03:00,9.165,9.17,9.165,9.17,1944.0,BTZ
2023-10-27 15:02:00,9.17,9.17,9.16,9.17,810.0,BTZ
2023-10-27 15:01:00,9.155,9.165,9.155,9.165,3656.0,BTZ
2023-10-27 15:00:00,9.155,9.155,9.155,9.155,100.0,BTZ
2023-10-27 14:59:00,9.155,9.16,9.155,9.155,1040.0,BTZ
2023-10-27 14:58:00,9.15,9.155,9.15,9.155,2863.0,BTZ
2023-10-27 14:57:00,9.15,9.155,9.15,9.15,950.0,BTZ
2023-10-27 14:56:00,9.155,9.155,9.155,9.155,253.0,BTZ
2023-10-27 14:55:00,9.155,9.155,9.15,9.15,489.0,BTZ
2023-10-27 14:53:00,9.155,9.16,9.155,9.155,1804.0,BTZ
2023-10-27 14:52:00,9.155,9.155,9.155,9.155,120.0,BTZ
2023-10-27 14:51:00,9.15,9.15,9.15,9.15,100.0,BTZ
2023-10-27 14:50:00,9.15,9.15,9.15,9.15,700.0,BTZ
2023-10-27 14:49:00,9.15,9.155,9.15,9.155,828.0,BTZ
2023-10-27 14:48:00,9.155,9.155,9.153,9.153,580.0,BTZ
2023-10-27 14:46:00,9.155,9.155,9.154,9.155,1088.0,BTZ
2023-10-27 14:45:00,9.155,9.155,9.155,9.155,100.0,BTZ
2023-10-27 14:43:00,9.155,9.155,9.15,9.15,649.0,BTZ
2023-10-27 14:41:00,9.155,9.155,9.15,9.15,1396.0,BTZ
2023-10-27 14:40:00,9.155,9.158,9.15,9.158,320.0,BTZ
2023-10-27 14:39:00,9.155,9.155,9.15,9.15,1601.0,BTZ
2023-10-27 14:37:00,9.15,9.155,9.15,9.155,300.0,BTZ
2023-10-27 14:36:00,9.155,9.155,9.155,9.155,200.0,BTZ
2023-10-27 14:34:00,9.155,9.155,9.155,9.155,121.0,BTZ
2023-10-27 14:33:00,9.155,9.155,9.15,9.15,474.0,BTZ
2023-10-27 14:31:00,9.15,9.15,9.15,9.15,100.0,BTZ
2023-10-27 14:30:00,9.155,9.155,9.15,9.15,300.0,BTZ
2023-10-27 14:29:00,9.15,9.155,9.15,9.15,1940.0,BTZ
2023-10-27 14:28:00,9.15,9.15,9.15,9.15,100.0,BTZ
2023-10-27 14:27:00,9.15,9.15,9.15,9.15,120.0,BTZ
2023-10-27 14:25:00,9.151,9.151,9.151,9.151,175.0,BTZ
2023-10-27 14:24:00,9.15,9.15,9.15,9.15,100.0,BTZ
2023-10-27 14:23:00,9.15,9.15,9.15,9.15,720.0,BTZ
2023-10-27 14:20:00,9.155,9.155,9.155,9.155,100.0,BTZ
2023-10-27 14:19:00,9.15,9.15,9.15,9.15,700.0,BTZ
2023-10-27 14:17:00,9.155,9.16,9.15,9.155,1768.0,BTZ
2023-10-27 14:16:00,9.155,9.16,9.155,9.155,2122.0,BTZ
2023-10-27 14:15:00,9.151,9.155,9.151,9.155,2263.0,BTZ
2023-10-27 14:14:00,9.155,9.156,9.155,9.156,746.0,BTZ
2023-10-27 14:12:00,9.155,9.155,9.155,9.155,100.0,BTZ
2023-10-27 14:11:00,9.15,9.155,9.15,9.155,1061.0,BTZ
2023-10-27 14:10:00,9.155,9.155,9.15,9.15,320.0,BTZ
2023-10-27 14:09:00,9.155,9.155,9.155,9.155,300.0,BTZ
2023-10-27 14:08:00,9.151,9.151,9.151,9.151,200.0,BTZ
2023-10-27 14:07:00,9.15,9.155,9.15,9.155,200.0,BTZ
2023-10-27 14:05:00,9.155,9.16,9.155,9.16,1124.0,BTZ
2023-10-27 14:04:00,9.155,9.155,9.155,9.155,100.0,BTZ
2023-10-27 14:03:00,9.16,9.16,9.16,9.16,100.0,BTZ
2023-10-27 14:02:00,9.15,9.15,9.15,9.15,720.0,BTZ
2023-10-27 14:01:00,9.155,9.155,9.155,9.155,100.0,BTZ
2023-10-27 13:58:00,9.151,9.155,9.151,9.155,300.0,BTZ
2023-10-27 13:56:00,9.15,9.155,9.15,9.155,832.0,BTZ
2023-10-27 13:54:00,9.155,9.155,9.155,9.155,100.0,BTZ
2023-10-27 13:52:00,9.155,9.155,9.15,9.15,400.0,BTZ
2023-10-27 13:51:00,9.16,9.16,9.16,9.16,100.0,BTZ
2023-10-27 13:50:00,9.155,9.155,9.15,9.155,1890.0,BTZ
2023-10-27 13:49:00,9.155,9.155,9.155,9.155,500.0,BTZ
2023-10-27 13:48:00,9.16,9.16,9.16,9.16,2242.0,BTZ
2023-10-27 13:47:00,9.15,9.15,9.15,9.15,100.0,BTZ
2023-10-27 13:46:00,9.155,9.155,9.155,9.155,724.0,BTZ
2023-10-27 13:45:00,9.155,9.16,9.155,9.16,200.0,BTZ
2023-10-27 13:44:00,9.155,9.155,9.155,9.155,100.0,BTZ
2023-10-27 13:43:00,9.155,9.16,9.155,9.155,2037.0,BTZ
2023-10-27 13:41:00,9.153,9.155,9.153,9.155,2862.0,BTZ
2023-10-27 13:40:00,9.16,9.16,9.16,9.16,100.0,BTZ
2023-10-27 13:39:00,9.15,9.15,9.15,9.15,100.0,BTZ
2023-10-27 13:38:00,9.15,9.15,9.15,9.15,100.0,BTZ
2023-10-27 13:37:00,9.15,9.16,9.15,9.16,677.0,BTZ
2023-10-27 13:36:00,9.155,9.16,9.15,9.155,7968.0,BTZ
2023-10-27 13:35:00,9.155,9.16,9.155,9.16,300.0,BTZ
2023-10-27 13:34:00,9.15,9.15,9.15,9.15,100.0,BTZ
2023-10-27 13:33:00,9.15,9.15,9.15,9.15,121.0,BTZ
2023-10-27 13:29:00,9.155,9.155,9.155,9.155,359.0,BTZ
2023-10-27 13:28:00,9.15,9.15,9.15,9.15,100.0,BTZ
2023-10-27 13:27:00,9.155,9.155,9.15,9.15,700.0,BTZ
2023-10-27 13:23:00,9.155,9.155,9.155,9.155,100.0,BTZ
2023-10-27 13:22:00,9.15,9.15,9.15,9.15,721.0,BTZ
2023-10-27 13:21:00,9.15,9.15,9.15,9.15,338.0,BTZ
2023-10-27 13:18:00,9.155,9.16,9.154,9.155,969.0,BTZ
2023-10-27 13:16:00,9.155,9.155,9.155,9.155,100.0,BTZ
2023-10-27 13:15:00,9.155,9.155,9.15,9.15,230.0,BTZ
2023-10-27 13:13:00,9.15,9.155,9.15,9.15,600.0,BTZ
2023-10-27 13:12:00,9.15,9.15,9.15,9.15,200.0,BTZ
2023-10-27 13:10:00,9.15,9.15,9.15,9.15,628.0,BTZ
2023-10-27 13:09:00,9.16,9.16,9.155,9.155,300.0,BTZ
2023-10-27 13:08:00,9.155,9.16,9.15,9.16,921.0,BTZ
2023-10-27 13:07:00,9.16,9.16,9.155,9.155,650.0,BTZ
2023-10-27 13:06:00,9.15,9.15,9.15,9.15,987.0,BTZ
2023-10-27 13:04:00,9.15,9.15,9.15,9.15,4125.0,BTZ
2023-10-27 13:03:00,9.15,9.15,9.15,9.15,100.0,BTZ
2023-10-27 13:02:00,9.15,9.15,9.15,9.15,100.0,BTZ
2023-10-27 13:00:00,9.155,9.155,9.155,9.155,220.0,BTZ
2023-10-27 12:59:00,9.155,9.155,9.155,9.155,100.0,BTZ
2023-10-27 12:58:00,9.16,9.16,9.155,9.155,700.0,BTZ
2023-10-27 12:57:00,9.155,9.155,9.15,9.15,5304.0,BTZ
2023-10-27 12:56:00,9.155,9.16,9.15,9.155,3910.0,BTZ
2023-10-27 12:52:00,9.15,9.16,9.15,9.16,3122.0,BTZ
2023-10-27 12:51:00,9.155,9.155,9.151,9.151,1735.0,BTZ
2023-10-27 12:50:00,9.16,9.16,9.155,9.155,200.0,BTZ
2023-10-27 12:49:00,9.155,9.155,9.155,9.155,100.0,BTZ
2023-10-27 12:48:00,9.155,9.155,9.15,9.155,1699.0,BTZ
2023-10-27 12:47:00,9.16,9.16,9.16,9.16,100.0,BTZ
2023-10-27 12:46:00,9.155,9.155,9.155,9.155,900.0,BTZ
2023-10-27 12:45:00,9.155,9.155,9.155,9.155,100.0,BTZ
2023-10-27 12:44:00,9.16,9.16,9.155,9.155,200.0,BTZ
2023-10-27 12:43:00,9.155,9.16,9.155,9.16,300.0,BTZ
2023-10-27 12:42:00,9.15,9.15,9.15,9.15,1053.0,BTZ
2023-10-27 12:41:00,9.155,9.155,9.155,9.155,174.0,BTZ
2023-10-27 12:40:00,9.155,9.155,9.155,9.155,100.0,BTZ
2023-10-27 12:39:00,9.16,9.16,9.16,9.16,100.0,BTZ
2023-10-27 12:37:00,9.155,9.16,9.155,9.16,200.0,BTZ
2023-10-27 12:36:00,9.16,9.16,9.16,9.16,100.0,BTZ
2023-10-27 12:35:00,9.16,9.16,9.16,9.16,100.0,BTZ
2023-10-27 12:34:00,9.16,9.16,9.16,9.16,100.0,BTZ
2023-10-27 12:32:00,9.16,9.16,9.16,9.16,300.0,BTZ
2023-10-27 12:29:00,9.16,9.16,9.16,9.16,500.0,BTZ
2023-10-27 12:27:00,9.16,9.16,9.16,9.16,200.0,BTZ
2023-10-27 12:26:00,9.16,9.16,9.155,9.16,2703.0,BTZ
2023-10-27 12:24:00,9.165,9.165,9.16,9.16,200.0,BTZ
2023-10-27 12:23:00,9.16,9.17,9.16,9.17,2600.0,BTZ
2023-10-27 12:21:00,9.16,9.17,9.16,9.16,500.0,BTZ
2023-10-27 12:20:00,9.16,9.166,9.16,9.16,3635.0,BTZ
2023-10-27 12:19:00,9.16,9.16,9.16,9.16,200.0,BTZ
2023-10-27 12:18:00,9.16,9.16,9.16,9.16,200.0,BTZ
2023-10-27 12:16:00,9.16,9.165,9.16,9.16,1101.0,BTZ
2023-10-27 12:14:00,9.16,9.16,9.16,9.16,100.0,BTZ
2023-10-27 12:13:00,9.16,9.16,9.16,9.16,100.0,BTZ
2023-10-27 12:12:00,9.16,9.17,9.16,9.17,200.0,BTZ
2023-10-27 12:11:00,9.16,9.16,9.16,9.16,1300.0,BTZ
2023-10-27 12:10:00,9.16,9.16,9.16,9.16,200.0,BTZ
2023-10-27 12:09:00,9.165,9.165,9.165,9.165,100.0,BTZ
2023-10-27 12:08:00,9.165,9.165,9.165,9.165,600.0,BTZ
2023-10-27 12:07:00,9.165,9.165,9.165,9.165,200.0,BTZ
2023-10-27 12:06:00,9.169,9.17,9.165,9.165,1222.0,BTZ
2023-10-27 12:05:00,9.169,9.17,9.16,9.16,1212.0,BTZ
2023-10-27 12:04:00,9.16,9.16,9.16,9.16,100.0,BTZ
2023-10-27 12:03:00,9.16,9.16,9.16,9.16,200.0,BTZ
2023-10-27 12:01:00,9.17,9.17,9.16,9.16,550.0,BTZ
2023-10-27 11:59:00,9.16,9.168,9.16,9.168,200.0,BTZ
2023-10-27 11:58:00,9.165,9.165,9.16,9.16,900.0,BTZ
2023-10-27 11:57:00,9.16,9.165,9.16,9.16,300.0,BTZ
2023-10-27 11:56:00,9.165,9.165,9.165,9.165,100.0,BTZ
2023-10-27 11:55:00,9.168,9.169,9.16,9.165,1625.0,BTZ
2023-10-27 11:54:00,9.17,9.17,9.165,9.17,500.0,BTZ
2023-10-27 11:53:00,9.16,9.16,9.16,9.16,200.0,BTZ
2023-10-27 11:52:00,9.165,9.165,9.165,9.165,300.0,BTZ
2023-10-27 11:51:00,9.165,9.165,9.165,9.165,100.0,BTZ
2023-10-27 11:50:00,9.165,9.165,9.165,9.165,100.0,BTZ
2023-10-27 11:49:00,9.169,9.17,9.169,9.17,400.0,BTZ
2023-10-27 11:48:00,9.165,9.165,9.165,9.165,100.0,BTZ
2023-10-27 11:47:00,9.165,9.165,9.165,9.165,106.0,BTZ
2023-10-27 11:44:00,9.17,9.17,9.17,9.17,600.0,BTZ
2023-10-27 11:43:00,9.17,9.17,9.17,9.17,470.0,BTZ
2023-10-27 11:41:00,9.172,9.172,9.172,9.172,1050.0,BTZ
2023-10-27 11:40:00,9.179,9.179,9.171,9.171,400.0,BTZ
2023-10-27 11:38:00,9.17,9.17,9.17,9.17,143.0,BTZ
2023-10-27 11:37:00,9.175,9.175,9.175,9.175,207.0,BTZ
2023-10-27 11:36:00,9.175,9.175,9.175,9.175,200.0,BTZ
2023-10-27 11:35:00,9.175,9.175,9.175,9.175,300.0,BTZ
2023-10-27 11:34:00,9.175,9.18,9.175,9.18,1000.0,BTZ
2023-10-27 11:33:00,9.175,9.175,9.175,9.175,239.0,BTZ
2023-10-27 11:32:00,9.175,9.175,9.175,9.175,400.0,BTZ
2023-10-27 11:29:00,9.18,9.18,9.18,9.18,300.0,BTZ
2023-10-27 11:28:00,9.174,9.174,9.174,9.174,4800.0,BTZ
2023-10-27 11:26:00,9.175,9.18,9.175,9.175,600.0,BTZ
2023-10-27 11:25:00,9.17,9.175,9.17,9.175,449.0,BTZ
2023-10-27 11:24:00,9.177,9.177,9.17,9.17,7032.0,BTZ
2023-10-27 11:23:00,9.18,9.18,9.171,9.171,2300.0,BTZ
2023-10-27 11:21:00,9.19,9.19,9.175,9.175,4392.0,BTZ
2023-10-27 11:20:00,9.195,9.2,9.19,9.19,500.0,BTZ
2023-10-27 11:19:00,9.195,9.195,9.195,9.195,800.0,BTZ
2023-10-27 11:18:00,9.19,9.19,9.19,9.19,1030.0,BTZ
2023-10-27 11:17:00,9.19,9.19,9.185,9.185,2000.0,BTZ
2023-10-27 11:14:00,9.19,9.19,9.185,9.185,303.0,BTZ
2023-10-27 11:13:00,9.181,9.185,9.181,9.185,602.0,BTZ
2023-10-27 11:12:00,9.175,9.18,9.175,9.18,2585.0,BTZ
2023-10-27 11:11:00,9.17,9.18,9.17,9.175,603.0,BTZ
2023-10-27 11:10:00,9.176,9.176,9.176,9.176,105.0,BTZ
2023-10-27 11:09:00,9.17,9.17,9.17,9.17,100.0,BTZ
2023-10-27 11:07:00,9.175,9.175,9.175,9.175,120.0,BTZ
2023-10-27 11:06:00,9.172,9.172,9.172,9.172,100.0,BTZ
2023-10-27 11:05:00,9.18,9.18,9.18,9.18,105.0,BTZ
2023-10-27 11:02:00,9.18,9.18,9.18,9.18,206.0,BTZ
2023-10-27 11:01:00,9.175,9.175,9.175,9.175,263.0,BTZ
2023-10-27 11:00:00,9.17,9.175,9.17,9.17,2423.0,BTZ
2023-10-27 10:59:00,9.18,9.18,9.17,9.175,2700.0,BTZ
2023-10-27 10:58:00,9.165,9.18,9.165,9.18,18154.0,BTZ
2023-10-27 10:56:00,9.165,9.17,9.165,9.17,200.0,BTZ
2023-10-27 10:53:00,9.165,9.165,9.165,9.165,100.0,BTZ
2023-10-27 10:52:00,9.169,9.169,9.169,9.169,100.0,BTZ
2023-10-27 10:51:00,9.165,9.165,9.165,9.165,102.0,BTZ
2023-10-27 10:49:00,9.165,9.165,9.165,9.165,102.0,BTZ
2023-10-27 10:48:00,9.167,9.167,9.165,9.165,402.0,BTZ
2023-10-27 10:47:00,9.165,9.165,9.165,9.165,100.0,BTZ
2023-10-27 10:45:00,9.165,9.165,9.165,9.165,100.0,BTZ
2023-10-27 10:44:00,9.165,9.165,9.165,9.165,206.0,BTZ
2023-10-27 10:42:00,9.16,9.16,9.16,9.16,100.0,BTZ
2023-10-27 10:41:00,9.17,9.17,9.17,9.17,100.0,BTZ
2023-10-27 10:40:00,9.16,9.165,9.16,9.165,606.0,BTZ
2023-10-27 10:38:00,9.16,9.17,9.16,9.166,402.0,BTZ
2023-10-27 10:37:00,9.165,9.165,9.165,9.165,3206.0,BTZ
2023-10-27 10:36:00,9.165,9.165,9.165,9.165,700.0,BTZ
2023-10-27 10:35:00,9.17,9.17,9.17,9.17,200.0,BTZ
2023-10-27 10:34:00,9.16,9.169,9.16,9.169,1100.0,BTZ
2023-10-27 10:33:00,9.16,9.16,9.16,9.16,107.0,BTZ
2023-10-27 10:32:00,9.161,9.161,9.16,9.16,2500.0,BTZ
2023-10-27 10:31:00,9.16,9.16,9.16,9.16,1000.0,BTZ
2023-10-27 10:30:00,9.16,9.16,9.16,9.16,103.0,BTZ
2023-10-27 10:29:00,9.161,9.161,9.161,9.161,231.0,BTZ
2023-10-27 10:28:00,9.16,9.165,9.16,9.165,200.0,BTZ
2023-10-27 10:26:00,9.16,9.16,9.16,9.16,106.0,BTZ
2023-10-27 10:25:00,9.165,9.165,9.165,9.165,100.0,BTZ
2023-10-27 10:24:00,9.165,9.165,9.16,9.165,400.0,BTZ
2023-10-27 10:23:00,9.165,9.165,9.165,9.165,326.0,BTZ
2023-10-27 10:21:00,9.165,9.165,9.165,9.165,100.0,BTZ
2023-10-27 10:19:00,9.16,9.161,9.161,9.161,1067.0,BTZ
2023-10-27 10:18:00,9.165,9.165,9.165,9.165,108.0,BTZ
2023-10-27 10:17:00,9.17,9.17,9.17,9.17,508.0,BTZ
2023-10-27 10:14:00,9.17,9.175,9.17,9.175,243.0,BTZ
2023-10-27 10:13:00,9.175,9.175,9.175,9.175,482.0,BTZ
2023-10-27 10:12:00,9.175,9.175,9.175,9.175,400.0,BTZ
2023-10-27 10:11:00,9.17,9.17,9.17,9.17,980.0,BTZ
2023-10-27 10:10:00,9.165,9.165,9.165,9.165,639.0,BTZ
2023-10-27 10:08:00,9.175,9.175,9.16,9.16,3036.0,BTZ
2023-10-27 10:07:00,9.17,9.18,9.17,9.175,3385.0,BTZ
2023-10-27 10:06:00,9.165,9.165,9.165,9.165,100.0,BTZ
2023-10-27 10:05:00,9.165,9.165,9.165,9.165,100.0,BTZ
2023-10-27 10:02:00,9.16,9.16,9.16,9.16,8992.0,BTZ
2023-10-27 10:00:00,9.165,9.165,9.165,9.165,200.0,BTZ
2023-10-27 09:59:00,9.165,9.165,9.16,9.16,2560.0,BTZ
2023-10-27 09:58:00,9.165,9.165,9.165,9.165,200.0,BTZ
2023-10-27 09:57:00,9.165,9.165,9.165,9.165,1149.0,BTZ
2023-10-27 09:56:00,9.165,9.165,9.165,9.165,200.0,BTZ
2023-10-27 09:55:00,9.165,9.165,9.16,9.16,800.0,BTZ
2023-10-27 09:54:00,9.155,9.16,9.155,9.16,2231.0,BTZ
2023-10-27 09:53:00,9.155,9.16,9.155,9.16,300.0,BTZ
2023-10-27 09:52:00,9.155,9.155,9.155,9.155,100.0,BTZ
2023-10-27 09:51:00,9.15,9.155,9.15,9.155,450.0,BTZ
2023-10-27 09:50:00,9.155,9.155,9.155,9.155,619.0,BTZ
2023-10-27 09:49:00,9.155,9.155,9.155,9.155,100.0,BTZ
2023-10-27 09:48:00,9.16,9.16,9.155,9.155,300.0,BTZ
2023-10-27 09:47:00,9.157,9.157,9.157,9.157,1000.0,BTZ
2023-10-27 09:46:00,9.16,9.16,9.16,9.16,100.0,BTZ
2023-10-27 09:45:00,9.155,9.16,9.155,9.16,347.0,BTZ
2023-10-27 09:44:00,9.155,9.155,9.155,9.155,200.0,BTZ
2023-10-27 09:43:00,9.149,9.155,9.149,9.155,2202.0,BTZ
2023-10-27 09:42:00,9.15,9.15,9.15,9.15,3608.0,BTZ
2023-10-27 09:40:00,9.15,9.155,9.15,9.155,903.0,BTZ
2023-10-27 09:39:00,9.155,9.155,9.15,9.155,310.0,BTZ
2023-10-27 09:38:00,9.155,9.155,9.15,9.155,800.0,BTZ
2023-10-27 09:37:00,9.155,9.16,9.155,9.155,360.0,BTZ
2023-10-27 09:36:00,9.155,9.155,9.155,9.155,200.0,BTZ
2023-10-27 09:35:00,9.155,9.155,9.155,9.155,512.0,BTZ
2023-10-27 09:34:00,9.155,9.155,9.155,9.155,302.0,BTZ
2023-10-27 09:33:00,9.145,9.155,9.145,9.155,1900.0,BTZ
2023-10-27 09:30:00,9.16,9.16,9.16,9.16,8352.0,BTZ
2023-10-27 08:02:00,9.16,9.16,9.16,9.16,1.0,BTZ
2023-10-26 19:00:00,9.16,9.16,9.16,9.16,1476.0,BTZ
2023-10-26 18:30:00,9.16,9.16,9.16,9.16,1476.0,BTZ
2023-10-26 16:10:00,9.16,9.16,9.16,9.16,1476.0,BTZ
2023-10-26 16:00:00,9.15,9.16,9.15,9.16,3101.0,BTZ
2023-10-26 15:59:00,9.15,9.16,9.15,9.15,6762.0,BTZ
2023-10-26 15:58:00,9.15,9.158,9.15,9.158,400.0,BTZ
2023-10-26 15:57:00,9.15,9.15,9.15,9.15,300.0,BTZ
2023-10-26 15:56:00,9.16,9.162,9.15,9.15,6776.0,BTZ
2023-10-26 15:55:00,9.16,9.162,9.16,9.16,1355.0,BTZ
2023-10-26 15:54:00,9.16,9.16,9.16,9.16,1392.0,BTZ
2023-10-26 15:53:00,9.16,9.16,9.16,9.16,3397.0,BTZ
2023-10-26 15:52:00,9.16,9.165,9.16,9.16,789.0,BTZ
2023-10-26 15:51:00,9.165,9.165,9.16,9.16,1005.0,BTZ
2023-10-26 15:50:00,9.165,9.165,9.165,9.165,300.0,BTZ
2023-10-26 15:49:00,9.16,9.17,9.16,9.161,3437.0,BTZ
2023-10-26 15:48:00,9.16,9.16,9.16,9.16,353.0,BTZ
2023-10-26 15:47:00,9.16,9.16,9.16,9.16,100.0,BTZ
2023-10-26 15:46:00,9.16,9.16,9.16,9.16,300.0,BTZ
2023-10-26 15:45:00,9.16,9.168,9.16,9.16,1885.0,BTZ
2023-10-26 15:44:00,9.16,9.16,9.16,9.16,273.0,BTZ
2023-10-26 15:43:00,9.16,9.16,9.16,9.16,755.0,BTZ
2023-10-26 15:42:00,9.16,9.161,9.16,9.16,1125.0,BTZ
2023-10-26 15:41:00,9.16,9.16,9.16,9.16,284.0,BTZ
2023-10-26 15:40:00,9.16,9.16,9.16,9.16,300.0,BTZ
2023-10-26 15:39:00,9.16,9.16,9.16,9.16,200.0,BTZ
2023-10-26 15:38:00,9.16,9.16,9.16,9.16,300.0,BTZ
2023-10-26 15:37:00,9.16,9.165,9.16,9.165,1668.0,BTZ
2023-10-26 15:36:00,9.16,9.16,9.16,9.16,200.0,BTZ
2023-10-26 15:35:00,9.16,9.16,9.16,9.16,394.0,BTZ
2023-10-26 15:34:00,9.16,9.16,9.16,9.16,200.0,BTZ
2023-10-26 15:31:00,9.16,9.16,9.16,9.16,200.0,BTZ
2023-10-26 15:29:00,9.16,9.16,9.16,9.16,220.0,BTZ
2023-10-26 15:28:00,9.16,9.16,9.16,9.16,100.0,BTZ
2023-10-26 15:26:00,9.16,9.16,9.16,9.16,100.0,BTZ
2023-10-26 15:25:00,9.16,9.16,9.16,9.16,100.0,BTZ
2023-10-26 15:23:00,9.16,9.16,9.16,9.16,300.0,BTZ
2023-10-26 15:22:00,9.16,9.16,9.16,9.16,100.0,BTZ
2023-10-26 15:20:00,9.16,9.16,9.16,9.16,100.0,BTZ
2023-10-26 15:19:00,9.165,9.165,9.165,9.165,200.0,BTZ
2023-10-26 15:18:00,9.165,9.165,9.165,9.165,100.0,BTZ
2023-10-26 15:17:00,9.165,9.165,9.165,9.165,200.0,BTZ
2023-10-26 15:16:00,9.165,9.165,9.165,9.165,100.0,BTZ
2023-10-26 15:15:00,9.16,9.16,9.16,9.16,100.0,BTZ
2023-10-26 15:14:00,9.165,9.165,9.165,9.165,106.0,BTZ
2023-10-26 15:13:00,9.165,9.165,9.165,9.165,100.0,BTZ
2023-10-26 15:11:00,9.165,9.167,9.165,9.167,1300.0,BTZ
2023-10-26 15:10:00,9.17,9.17,9.165,9.166,2064.0,BTZ
2023-10-26 15:09:00,9.17,9.17,9.17,9.17,100.0,BTZ
2023-10-26 15:08:00,9.17,9.17,9.17,9.17,1200.0,BTZ
2023-10-26 15:07:00,9.17,9.17,9.17,9.17,300.0,BTZ
2023-10-26 15:06:00,9.17,9.17,9.17,9.17,100.0,BTZ
2023-10-26 15:05:00,9.17,9.17,9.17,9.17,814.0,BTZ
2023-10-26 15:04:00,9.17,9.17,9.17,9.17,418.0,BTZ
2023-10-26 15:02:00,9.17,9.17,9.17,9.17,200.0,BTZ
2023-10-26 15:00:00,9.175,9.175,9.17,9.17,200.0,BTZ
2023-10-26 14:59:00,9.17,9.17,9.17,9.17,100.0,BTZ
2023-10-26 14:58:00,9.17,9.17,9.17,9.17,200.0,BTZ
2023-10-26 14:57:00,9.18,9.18,9.17,9.17,200.0,BTZ
2023-10-26 14:56:00,9.17,9.17,9.17,9.17,100.0,BTZ
2023-10-26 14:55:00,9.173,9.175,9.173,9.175,1267.0,BTZ
2023-10-26 14:54:00,9.177,9.18,9.17,9.17,500.0,BTZ
2023-10-26 14:53:00,9.17,9.17,9.17,9.17,200.0,BTZ
2023-10-26 14:51:00,9.17,9.17,9.17,9.17,100.0,BTZ
2023-10-26 14:50:00,9.17,9.17,9.17,9.17,100.0,BTZ
2023-10-26 14:48:00,9.177,9.18,9.17,9.17,550.0,BTZ
2023-10-26 14:47:00,9.17,9.17,9.17,9.17,112.0,BTZ
2023-10-26 14:45:00,9.17,9.17,9.17,9.17,400.0,BTZ
2023-10-26 14:44:00,9.17,9.17,9.17,9.17,100.0,BTZ
2023-10-26 14:43:00,9.17,9.17,9.17,9.17,670.0,BTZ
2023-10-26 14:42:00,9.17,9.17,9.17,9.17,100.0,BTZ
2023-10-26 14:41:00,9.17,9.17,9.17,9.17,240.0,BTZ
2023-10-26 14:40:00,9.17,9.17,9.17,9.17,500.0,BTZ
2023-10-26 14:39:00,9.17,9.17,9.17,9.17,100.0,BTZ
2023-10-26 14:38:00,9.175,9.18,9.17,9.175,1649.0,BTZ
2023-10-26 14:36:00,9.17,9.17,9.17,9.17,300.0,BTZ
2023-10-26 14:35:00,9.171,9.171,9.171,9.171,327.0,BTZ
2023-10-26 14:33:00,9.17,9.176,9.17,9.173,3244.0,BTZ
2023-10-26 14:32:00,9.165,9.17,9.165,9.17,5182.0,BTZ
2023-10-26 14:31:00,9.165,9.165,9.165,9.165,300.0,BTZ
2023-10-26 14:30:00,9.165,9.17,9.16,9.16,897.0,BTZ
2023-10-26 14:29:00,9.165,9.165,9.165,9.165,3753.0,BTZ
2023-10-26 14:28:00,9.165,9.165,9.165,9.165,615.0,BTZ
2023-10-26 14:27:00,9.165,9.165,9.165,9.165,100.0,BTZ
2023-10-26 14:26:00,9.16,9.17,9.16,9.17,3594.0,BTZ
2023-10-26 14:25:00,9.16,9.16,9.16,9.16,100.0,BTZ
2023-10-26 14:24:00,9.167,9.167,9.165,9.165,2900.0,BTZ
2023-10-26 14:23:00,9.17,9.17,9.165,9.165,500.0,BTZ
2023-10-26 14:22:00,9.16,9.16,9.16,9.16,212.0,BTZ
2023-10-26 14:20:00,9.165,9.165,9.16,9.16,1450.0,BTZ
2023-10-26 14:19:00,9.165,9.17,9.165,9.165,1300.0,BTZ
2023-10-26 14:15:00,9.165,9.165,9.165,9.165,200.0,BTZ
2023-10-26 14:14:00,9.165,9.165,9.165,9.165,500.0,BTZ
2023-10-26 14:13:00,9.165,9.17,9.165,9.165,4005.0,BTZ
2023-10-26 14:12:00,9.165,9.165,9.165,9.165,800.0,BTZ
2023-10-26 14:11:00,9.155,9.165,9.155,9.165,10920.0,BTZ
2023-10-26 14:09:00,9.155,9.155,9.15,9.15,200.0,BTZ
2023-10-26 14:07:00,9.15,9.158,9.15,9.158,300.0,BTZ
2023-10-26 14:06:00,9.15,9.15,9.15,9.15,100.0,BTZ
2023-10-26 14:04:00,9.15,9.15,9.15,9.15,400.0,BTZ
2023-10-26 14:03:00,9.151,9.152,9.152,9.152,106.0,BTZ
2023-10-26 14:02:00,9.151,9.151,9.151,9.151,1398.0,BTZ
2023-10-26 14:01:00,9.16,9.16,9.155,9.155,600.0,BTZ
2023-10-26 13:57:00,9.155,9.155,9.155,9.155,100.0,BTZ
2023-10-26 13:55:00,9.155,9.155,9.155,9.155,100.0,BTZ
2023-10-26 13:54:00,9.16,9.16,9.155,9.16,400.0,BTZ
2023-10-26 13:50:00,9.156,9.157,9.157,9.157,250.0,BTZ
2023-10-26 13:49:00,9.15,9.15,9.15,9.15,1810.0,BTZ
2023-10-26 13:48:00,9.145,9.15,9.145,9.15,2008.0,BTZ
2023-10-26 13:47:00,9.15,9.15,9.15,9.15,100.0,BTZ
2023-10-26 13:46:00,9.15,9.15,9.145,9.145,490.0,BTZ
2023-10-26 13:45:00,9.145,9.145,9.144,9.144,1312.0,BTZ
2023-10-26 13:44:00,9.14,9.14,9.14,9.14,1105.0,BTZ
2023-10-26 13:43:00,9.13,9.14,9.13,9.135,4972.0,BTZ
2023-10-26 13:42:00,9.135,9.135,9.135,9.135,201.0,BTZ
2023-10-26 13:41:00,9.13,9.13,9.13,9.13,100.0,BTZ
2023-10-26 13:38:00,9.135,9.135,9.13,9.13,200.0,BTZ
2023-10-26 13:36:00,9.13,9.13,9.13,9.13,100.0,BTZ
2023-10-26 13:35:00,9.13,9.135,9.13,9.135,2905.0,BTZ
2023-10-26 13:34:00,9.135,9.135,9.135,9.135,435.0,BTZ
2023-10-26 13:33:00,9.13,9.138,9.13,9.135,2150.0,BTZ
2023-10-26 13:30:00,9.13,9.14,9.13,9.14,1420.0,BTZ
2023-10-26 13:29:00,9.135,9.135,9.135,9.135,212.0,BTZ
2023-10-26 13:28:00,9.13,9.135,9.13,9.135,200.0,BTZ
2023-10-26 13:26:00,9.13,9.13,9.13,9.13,500.0,BTZ
2023-10-26 13:24:00,9.13,9.13,9.13,9.13,100.0,BTZ
2023-10-26 13:23:00,9.137,9.14,9.138,9.14,300.0,BTZ
2023-10-26 13:20:00,9.138,9.138,9.138,9.138,400.0,BTZ
2023-10-26 13:19:00,9.135,9.135,9.135,9.135,100.0,BTZ
2023-10-26 13:18:00,9.135,9.135,9.135,9.135,100.0,BTZ
2023-10-26 13:17:00,9.135,9.14,9.135,9.135,908.0,BTZ
2023-10-26 13:16:00,9.135,9.135,9.135,9.135,200.0,BTZ
2023-10-26 13:14:00,9.13,9.13,9.13,9.13,200.0,BTZ
2023-10-26 13:12:00,9.135,9.135,9.135,9.135,100.0,BTZ
2023-10-26 13:11:00,9.135,9.135,9.135,9.135,100.0,BTZ
2023-10-26 13:09:00,9.135,9.135,9.135,9.135,300.0,BTZ
2023-10-26 13:08:00,9.134,9.135,9.134,9.135,478.0,BTZ
2023-10-26 13:06:00,9.135,9.135,9.135,9.135,100.0,BTZ
2023-10-26 13:05:00,9.135,9.14,9.135,9.135,500.0,BTZ
2023-10-26 13:04:00,9.135,9.135,9.135,9.135,273.0,BTZ
2023-10-26 13:03:00,9.135,9.14,9.135,9.14,9800.0,BTZ
2023-10-26 13:02:00,9.135,9.135,9.135,9.135,300.0,BTZ
2023-10-26 13:01:00,9.13,9.13,9.13,9.13,100.0,BTZ
2023-10-26 13:00:00,9.13,9.13,9.13,9.13,300.0,BTZ
2023-10-26 12:58:00,9.134,9.134,9.134,9.134,1000.0,BTZ
2023-10-26 12:57:00,9.13,9.134,9.13,9.13,2824.0,BTZ
2023-10-26 12:56:00,9.135,9.135,9.132,9.132,500.0,BTZ
2023-10-26 12:55:00,9.139,9.139,9.139,9.139,200.0,BTZ
2023-10-26 12:54:00,9.135,9.14,9.135,9.14,309.0,BTZ
2023-10-26 12:53:00,9.13,9.14,9.13,9.14,9698.0,BTZ
2023-10-26 12:52:00,9.125,9.125,9.125,9.125,200.0,BTZ
2023-10-26 12:50:00,9.125,9.125,9.125,9.125,100.0,BTZ
2023-10-26 12:48:00,9.125,9.125,9.125,9.125,101.0,BTZ
2023-10-26 12:47:00,9.125,9.125,9.125,9.125,100.0,BTZ
2023-10-26 12:46:00,9.125,9.125,9.125,9.125,100.0,BTZ
2023-10-26 12:45:00,9.125,9.125,9.125,9.125,100.0,BTZ
2023-10-26 12:44:00,9.125,9.125,9.125,9.125,100.0,BTZ
2023-10-26 12:42:00,9.125,9.125,9.125,9.125,1446.0,BTZ
2023-10-26 12:40:00,9.125,9.125,9.125,9.125,400.0,BTZ
2023-10-26 12:38:00,9.121,9.125,9.121,9.125,1812.0,BTZ
2023-10-26 12:36:00,9.125,9.125,9.125,9.125,200.0,BTZ
2023-10-26 12:34:00,9.125,9.125,9.125,9.125,200.0,BTZ
2023-10-26 12:32:00,9.125,9.125,9.125,9.125,200.0,BTZ
2023-10-26 12:30:00,9.125,9.125,9.125,9.125,100.0,BTZ
2023-10-26 12:28:00,9.125,9.13,9.125,9.13,300.0,BTZ
2023-10-26 12:27:00,9.125,9.125,9.125,9.125,100.0,BTZ
2023-10-26 12:25:00,9.121,9.121,9.121,9.121,460.0,BTZ
2023-10-26 12:18:00,9.13,9.13,9.125,9.13,1500.0,BTZ
2023-10-26 12:16:00,9.13,9.13,9.13,9.13,100.0,BTZ
2023-10-26 12:15:00,9.14,9.14,9.14,9.14,100.0,BTZ
2023-10-26 12:14:00,9.13,9.13,9.13,9.13,100.0,BTZ
2023-10-26 12:13:00,9.135,9.135,9.13,9.13,200.0,BTZ
2023-10-26 12:11:00,9.13,9.13,9.13,9.13,100.0,BTZ
2023-10-26 12:09:00,9.13,9.135,9.13,9.13,1058.0,BTZ
2023-10-26 12:08:00,9.135,9.135,9.135,9.135,100.0,BTZ
2023-10-26 12:06:00,9.13,9.13,9.13,9.13,300.0,BTZ
2023-10-26 12:04:00,9.135,9.14,9.135,9.138,784.0,BTZ
2023-10-26 12:01:00,9.131,9.135,9.13,9.135,400.0,BTZ
2023-10-26 11:57:00,9.135,9.135,9.135,9.135,200.0,BTZ
2023-10-26 11:56:00,9.13,9.13,9.13,9.13,219.0,BTZ
2023-10-26 11:55:00,9.135,9.135,9.135,9.135,100.0,BTZ
2023-10-26 11:52:00,9.14,9.14,9.135,9.14,4004.0,BTZ
2023-10-26 11:50:00,9.135,9.139,9.135,9.139,1400.0,BTZ
2023-10-26 11:49:00,9.14,9.14,9.135,9.135,910.0,BTZ
2023-10-26 11:48:00,9.14,9.14,9.14,9.14,3950.0,BTZ
2023-10-26 11:47:00,9.145,9.15,9.14,9.15,716.0,BTZ
2023-10-26 11:45:00,9.145,9.145,9.14,9.14,2051.0,BTZ
2023-10-26 11:44:00,9.14,9.14,9.14,9.14,100.0,BTZ
2023-10-26 11:42:00,9.145,9.145,9.14,9.14,200.0,BTZ
2023-10-26 11:40:00,9.14,9.14,9.14,9.14,100.0,BTZ
2023-10-26 11:39:00,9.14,9.15,9.14,9.15,300.0,BTZ
2023-10-26 11:38:00,9.14,9.14,9.14,9.14,280.0,BTZ
2023-10-26 11:37:00,9.14,9.141,9.14,9.141,2100.0,BTZ
2023-10-26 11:36:00,9.14,9.14,9.14,9.14,275.0,BTZ
2023-10-26 11:34:00,9.14,9.14,9.14,9.14,100.0,BTZ
2023-10-26 11:33:00,9.147,9.15,9.145,9.145,1500.0,BTZ
2023-10-26 11:32:00,9.14,9.14,9.14,9.14,100.0,BTZ
2023-10-26 11:30:00,9.14,9.14,9.14,9.14,100.0,BTZ
2023-10-26 11:28:00,9.15,9.15,9.145,9.145,300.0,BTZ
2023-10-26 11:25:00,9.145,9.145,9.145,9.145,200.0,BTZ
2023-10-26 11:20:00,9.14,9.145,9.14,9.145,1129.0,BTZ
2023-10-26 11:19:00,9.135,9.135,9.135,9.135,1342.0,BTZ
2023-10-26 11:18:00,9.135,9.135,9.135,9.135,100.0,BTZ
2023-10-26 11:17:00,9.135,9.14,9.135,9.14,300.0,BTZ
2023-10-26 11:16:00,9.135,9.135,9.135,9.135,141.0,BTZ
2023-10-26 11:15:00,9.13,9.13,9.12,9.13,12224.0,BTZ
2023-10-26 11:14:00,9.14,9.14,9.14,9.14,594.0,BTZ
2023-10-26 11:13:00,9.145,9.145,9.14,9.14,860.0,BTZ
2023-10-26 11:11:00,9.15,9.15,9.14,9.14,1960.0,BTZ
2023-10-26 11:05:00,9.157,9.16,9.158,9.16,200.0,BTZ
2023-10-26 11:02:00,9.16,9.16,9.16,9.16,300.0,BTZ
2023-10-26 11:01:00,9.15,9.15,9.15,9.15,566.0,BTZ
2023-10-26 10:59:00,9.16,9.16,9.158,9.158,200.0,BTZ
2023-10-26 10:58:00,9.154,9.154,9.154,9.154,225.0,BTZ
2023-10-26 10:57:00,9.15,9.15,9.15,9.15,2000.0,BTZ
2023-10-26 10:56:00,9.152,9.152,9.152,9.152,290.0,BTZ
2023-10-26 10:52:00,9.15,9.15,9.145,9.15,2506.0,BTZ
2023-10-26 10:51:00,9.14,9.14,9.14,9.14,438.0,BTZ
2023-10-26 10:50:00,9.135,9.14,9.135,9.135,1528.0,BTZ
2023-10-26 10:48:00,9.135,9.135,9.135,9.135,200.0,BTZ
2023-10-26 10:47:00,9.135,9.135,9.135,9.135,200.0,BTZ
2023-10-26 10:46:00,9.13,9.135,9.13,9.135,214.0,BTZ
2023-10-26 10:41:00,9.135,9.14,9.13,9.14,906.0,BTZ
2023-10-26 10:38:00,9.139,9.14,9.139,9.14,1016.0,BTZ
2023-10-26 10:36:00,9.135,9.135,9.135,9.135,208.0,BTZ
2023-10-26 10:34:00,9.13,9.13,9.13,9.13,2000.0,BTZ
2023-10-26 10:33:00,9.135,9.135,9.135,9.135,110.0,BTZ
2023-10-26 10:30:00,9.14,9.14,9.135,9.135,3815.0,BTZ
2023-10-26 10:29:00,9.14,9.14,9.14,9.14,300.0,BTZ
2023-10-26 10:28:00,9.14,9.14,9.139,9.14,2594.0,BTZ
2023-10-26 10:27:00,9.135,9.14,9.135,9.14,300.0,BTZ
2023-10-26 10:26:00,9.14,9.14,9.14,9.14,100.0,BTZ
2023-10-26 10:25:00,9.135,9.135,9.135,9.135,439.0,BTZ
2023-10-26 10:23:00,9.135,9.135,9.135,9.135,100.0,BTZ
2023-10-26 10:22:00,9.135,9.14,9.13,9.135,1404.0,BTZ
2023-10-26 10:21:00,9.135,9.135,9.135,9.135,306.0,BTZ
2023-10-26 10:17:00,9.125,9.14,9.125,9.14,5221.0,BTZ
2023-10-26 10:16:00,9.125,9.125,9.125,9.125,400.0,BTZ
2023-10-26 10:14:00,9.125,9.13,9.125,9.13,4200.0,BTZ
2023-10-26 10:12:00,9.13,9.13,9.125,9.125,400.0,BTZ
2023-10-26 10:11:00,9.13,9.13,9.13,9.13,100.0,BTZ
2023-10-26 10:10:00,9.13,9.13,9.13,9.13,100.0,BTZ
2023-10-26 10:08:00,9.134,9.134,9.134,9.134,547.0,BTZ
2023-10-26 10:04:00,9.135,9.135,9.135,9.135,114.0,BTZ
2023-10-26 10:03:00,9.129,9.14,9.129,9.13,4279.0,BTZ
2023-10-26 10:02:00,9.139,9.14,9.13,9.13,1308.0,BTZ
2023-10-26 10:00:00,9.15,9.15,9.135,9.135,2526.0,BTZ
2023-10-26 09:59:00,9.15,9.153,9.15,9.153,1065.0,BTZ
2023-10-26 09:56:00,9.15,9.155,9.15,9.155,300.0,BTZ
2023-10-26 09:55:00,9.155,9.155,9.155,9.155,200.0,BTZ
2023-10-26 09:51:00,9.159,9.159,9.155,9.155,1112.0,BTZ
2023-10-26 09:50:00,9.15,9.15,9.15,9.15,100.0,BTZ
2023-10-26 09:47:00,9.16,9.165,9.154,9.154,6967.0,BTZ
2023-10-26 09:46:00,9.165,9.17,9.165,9.165,300.0,BTZ
2023-10-26 09:45:00,9.165,9.17,9.165,9.165,669.0,BTZ
2023-10-26 09:44:00,9.165,9.165,9.165,9.165,150.0,BTZ
2023-10-26 09:43:00,9.16,9.16,9.16,9.16,3101.0,BTZ
2023-10-26 09:42:00,9.165,9.165,9.165,9.165,101.0,BTZ
2023-10-26 09:41:00,9.17,9.17,9.165,9.165,981.0,BTZ
2023-10-26 09:40:00,9.17,9.17,9.17,9.17,100.0,BTZ
2023-10-26 09:39:00,9.175,9.175,9.175,9.175,200.0,BTZ
2023-10-26 09:38:00,9.17,9.17,9.17,9.17,1024.0,BTZ
2023-10-26 09:37:00,9.171,9.18,9.171,9.18,1487.0,BTZ
2023-10-26 09:36:00,9.179,9.179,9.179,9.179,450.0,BTZ
2023-10-26 09:34:00,9.18,9.185,9.175,9.175,911.0,BTZ
2023-10-26 09:33:00,9.175,9.18,9.175,9.18,400.0,BTZ
2023-10-26 09:32:00,9.16,9.18,9.15,9.18,6436.0,BTZ
2023-10-26 09:30:00,9.11,9.11,9.11,9.11,8125.0,BTZ
2023-10-26 08:02:00,9.12,9.12,9.12,9.12,2.0,BTZ
2023-10-25 19:00:00,9.12,9.12,9.12,9.12,659.0,BTZ
2023-10-25 18:30:00,9.12,9.12,9.12,9.12,659.0,BTZ
2023-10-25 18:14:00,9.1,9.1,9.1,9.1,7.0,BTZ
2023-10-25 16:10:00,9.12,9.12,9.12,9.12,659.0,BTZ
2023-10-25 16:02:00,9.12,9.12,9.12,9.12,128.0,BTZ
2023-10-25 16:00:00,9.12,9.12,9.12,9.12,1618.0,BTZ
2023-10-25 15:59:00,9.11,9.12,9.11,9.12,5217.0,BTZ
2023-10-25 15:58:00,9.11,9.11,9.11,9.11,2476.0,BTZ
2023-10-25 15:57:00,9.11,9.115,9.11,9.11,2951.0,BTZ
2023-10-25 15:56:00,9.11,9.115,9.11,9.11,1948.0,BTZ
2023-10-25 15:55:00,9.11,9.12,9.11,9.11,2098.0,BTZ
2023-10-25 15:54:00,9.11,9.11,9.11,9.11,338.0,BTZ
2023-10-25 15:53:00,9.115,9.115,9.115,9.115,1155.0,BTZ
2023-10-25 15:52:00,9.12,9.12,9.11,9.115,24683.0,BTZ
2023-10-25 15:51:00,9.12,9.12,9.12,9.12,203.0,BTZ
2023-10-25 15:50:00,9.13,9.13,9.12,9.12,710.0,BTZ
2023-10-25 15:49:00,9.12,9.124,9.12,9.12,515.0,BTZ
2023-10-25 15:48:00,9.125,9.125,9.12,9.12,4948.0,BTZ
2023-10-25 15:47:00,9.12,9.12,9.12,9.12,900.0,BTZ
2023-10-25 15:46:00,9.125,9.125,9.125,9.125,103.0,BTZ
2023-10-25 15:45:00,9.122,9.128,9.12,9.125,7162.0,BTZ
2023-10-25 15:44:00,9.12,9.12,9.12,9.12,100.0,BTZ
2023-10-25 15:43:00,9.12,9.125,9.12,9.12,1710.0,BTZ
2023-10-25 15:42:00,9.121,9.121,9.121,9.121,1425.0,BTZ
2023-10-25 15:41:00,9.12,9.12,9.12,9.12,200.0,BTZ
2023-10-25 15:40:00,9.12,9.12,9.12,9.12,103.0,BTZ
2023-10-25 15:39:00,9.12,9.125,9.12,9.12,878.0,BTZ
2023-10-25 15:38:00,9.12,9.12,9.12,9.12,700.0,BTZ
2023-10-25 15:37:00,9.122,9.125,9.12,9.12,3773.0,BTZ
2023-10-25 15:36:00,9.125,9.125,9.125,9.125,100.0,BTZ
2023-10-25 15:35:00,9.122,9.125,9.122,9.125,247.0,BTZ
2023-10-25 15:33:00,9.125,9.125,9.125,9.125,118.0,BTZ
2023-10-25 15:32:00,9.125,9.125,9.125,9.125,100.0,BTZ
2023-10-25 15:31:00,9.121,9.125,9.121,9.125,207.0,BTZ
2023-10-25 15:30:00,9.125,9.125,9.12,9.12,703.0,BTZ
2023-10-25 15:29:00,9.121,9.13,9.12,9.125,1400.0,BTZ
2023-10-25 15:27:00,9.125,9.125,9.125,9.125,101.0,BTZ
2023-10-25 15:25:00,9.125,9.125,9.125,9.125,100.0,BTZ
2023-10-25 15:24:00,9.125,9.125,9.125,9.125,200.0,BTZ
2023-10-25 15:23:00,9.126,9.127,9.122,9.122,657.0,BTZ
2023-10-25 15:22:00,9.13,9.13,9.122,9.122,1600.0,BTZ
2023-10-25 15:21:00,9.125,9.125,9.125,9.125,100.0,BTZ
2023-10-25 15:20:00,9.125,9.13,9.125,9.125,2100.0,BTZ
2023-10-25 15:19:00,9.125,9.125,9.125,9.125,150.0,BTZ
2023-10-25 15:18:00,9.125,9.125,9.123,9.125,1000.0,BTZ
2023-10-25 15:17:00,9.125,9.13,9.12,9.125,12080.0,BTZ
2023-10-25 15:16:00,9.125,9.125,9.125,9.125,200.0,BTZ
2023-10-25 15:15:00,9.122,9.125,9.121,9.125,4100.0,BTZ
2023-10-25 15:14:00,9.13,9.13,9.122,9.122,807.0,BTZ
2023-10-25 15:13:00,9.125,9.125,9.125,9.125,307.0,BTZ
2023-10-25 15:12:00,9.12,9.125,9.12,9.125,200.0,BTZ
2023-10-25 15:11:00,9.125,9.125,9.123,9.125,700.0,BTZ
2023-10-25 15:10:00,9.125,9.125,9.125,9.125,142.0,BTZ
2023-10-25 15:09:00,9.125,9.125,9.125,9.125,100.0,BTZ
2023-10-25 15:07:00,9.125,9.125,9.125,9.125,100.0,BTZ
2023-10-25 15:06:00,9.12,9.13,9.12,9.125,6800.0,BTZ
2023-10-25 15:05:00,9.125,9.13,9.125,9.13,1100.0,BTZ
2023-10-25 15:04:00,9.125,9.125,9.12,9.125,5300.0,BTZ
2023-10-25 15:03:00,9.125,9.125,9.12,9.125,1500.0,BTZ
2023-10-25 15:02:00,9.122,9.125,9.122,9.125,325.0,BTZ
2023-10-25 15:01:00,9.125,9.125,9.12,9.125,808.0,BTZ
2023-10-25 15:00:00,9.125,9.125,9.125,9.125,207.0,BTZ
2023-10-25 14:59:00,9.13,9.13,9.13,9.13,400.0,BTZ
2023-10-25 14:58:00,9.125,9.125,9.125,9.125,110.0,BTZ
2023-10-25 14:56:00,9.125,9.125,9.125,9.125,200.0,BTZ
2023-10-25 14:54:00,9.125,9.125,9.125,9.125,430.0,BTZ
2023-10-25 14:53:00,9.122,9.123,9.123,9.123,1000.0,BTZ
2023-10-25 14:52:00,9.12,9.123,9.12,9.123,601.0,BTZ
2023-10-25 14:51:00,9.12,9.12,9.12,9.12,105.0,BTZ
2023-10-25 14:50:00,9.122,9.13,9.12,9.123,2200.0,BTZ
2023-10-25 14:49:00,9.122,9.123,9.122,9.122,1102.0,BTZ
2023-10-25 14:48:00,9.12,9.125,9.12,9.125,200.0,BTZ
2023-10-25 14:46:00,9.122,9.123,9.123,9.123,500.0,BTZ
2023-10-25 14:45:00,9.122,9.123,9.12,9.12,1600.0,BTZ
2023-10-25 14:44:00,9.125,9.13,9.12,9.123,3000.0,BTZ
2023-10-25 14:43:00,9.122,9.125,9.12,9.12,307.0,BTZ
2023-10-25 14:42:00,9.125,9.125,9.125,9.125,1205.0,BTZ
2023-10-25 14:41:00,9.12,9.12,9.12,9.12,125.0,BTZ
2023-10-25 14:39:00,9.125,9.125,9.125,9.125,1100.0,BTZ
2023-10-25 14:38:00,9.121,9.121,9.121,9.121,107.0,BTZ
2023-10-25 14:37:00,9.125,9.125,9.125,9.125,700.0,BTZ
2023-10-25 14:34:00,9.125,9.13,9.125,9.13,607.0,BTZ
2023-10-25 14:33:00,9.125,9.125,9.125,9.125,213.0,BTZ
2023-10-25 14:31:00,9.125,9.125,9.125,9.125,200.0,BTZ
2023-10-25 14:30:00,9.125,9.125,9.12,9.12,200.0,BTZ
2023-10-25 14:29:00,9.125,9.125,9.125,9.125,200.0,BTZ
2023-10-25 14:28:00,9.125,9.125,9.12,9.125,1500.0,BTZ
2023-10-25 14:27:00,9.121,9.125,9.121,9.125,1813.0,BTZ
2023-10-25 14:26:00,9.125,9.13,9.12,9.128,1480.0,BTZ
2023-10-25 14:25:00,9.125,9.125,9.125,9.125,539.0,BTZ
2023-10-25 14:24:00,9.122,9.125,9.122,9.125,419.0,BTZ
2023-10-25 14:23:00,9.125,9.125,9.125,9.125,120.0,BTZ
2023-10-25 14:22:00,9.125,9.13,9.125,9.125,800.0,BTZ
2023-10-25 14:21:00,9.125,9.125,9.125,9.125,507.0,BTZ
2023-10-25 14:20:00,9.125,9.125,9.125,9.125,500.0,BTZ
2023-10-25 14:19:00,9.123,9.123,9.123,9.123,134.0,BTZ
2023-10-25 14:17:00,9.13,9.13,9.13,9.13,400.0,BTZ
2023-10-25 14:16:00,9.125,9.125,9.125,9.125,1450.0,BTZ
2023-10-25 14:15:00,9.12,9.12,9.12,9.12,200.0,BTZ
2023-10-25 14:14:00,9.125,9.125,9.125,9.125,2300.0,BTZ
2023-10-25 14:13:00,9.125,9.125,9.125,9.125,200.0,BTZ
2023-10-25 14:12:00,9.13,9.13,9.125,9.125,1419.0,BTZ
2023-10-25 14:10:00,9.12,9.12,9.12,9.12,100.0,BTZ
2023-10-25 14:09:00,9.12,9.12,9.12,9.12,300.0,BTZ
2023-10-25 14:07:00,9.12,9.125,9.12,9.125,7300.0,BTZ
2023-10-25 14:05:00,9.13,9.13,9.125,9.13,835.0,BTZ
2023-10-25 14:04:00,9.13,9.135,9.13,9.135,200.0,BTZ
2023-10-25 14:01:00,9.13,9.135,9.13,9.13,1730.0,BTZ
2023-10-25 14:00:00,9.13,9.13,9.13,9.13,4091.0,BTZ
2023-10-25 13:59:00,9.13,9.13,9.13,9.13,600.0,BTZ
2023-10-25 13:58:00,9.125,9.13,9.125,9.13,8911.0,BTZ
2023-10-25 13:53:00,9.12,9.125,9.12,9.125,200.0,BTZ
2023-10-25 13:52:00,9.121,9.121,9.121,9.121,519.0,BTZ
2023-10-25 13:49:00,9.12,9.12,9.12,9.12,1019.0,BTZ
2023-10-25 13:48:00,9.12,9.14,9.115,9.125,26748.0,BTZ
2023-10-25 13:46:00,9.125,9.125,9.115,9.115,4441.0,BTZ
2023-10-25 13:44:00,9.123,9.123,9.123,9.123,4658.0,BTZ
2023-10-25 13:40:00,9.12,9.13,9.12,9.12,5407.0,BTZ
2023-10-25 13:39:00,9.12,9.12,9.12,9.12,200.0,BTZ
2023-10-25 13:38:00,9.122,9.122,9.12,9.12,200.0,BTZ
2023-10-25 13:37:00,9.126,9.126,9.126,9.126,100.0,BTZ
2023-10-25 13:36:00,9.12,9.125,9.12,9.125,1700.0,BTZ
2023-10-25 13:34:00,9.12,9.12,9.12,9.12,1100.0,BTZ
2023-10-25 13:33:00,9.12,9.125,9.12,9.125,3550.0,BTZ
2023-10-25 13:32:00,9.125,9.125,9.12,9.12,500.0,BTZ
2023-10-25 13:31:00,9.125,9.125,9.12,9.12,500.0,BTZ
2023-10-25 13:29:00,9.123,9.13,9.124,9.13,800.0,BTZ
2023-10-25 13:28:00,9.115,9.13,9.115,9.125,13249.0,BTZ
2023-10-25 13:27:00,9.115,9.115,9.115,9.115,100.0,BTZ
2023-10-25 13:26:00,9.111,9.115,9.111,9.115,6300.0,BTZ
2023-10-25 13:24:00,9.115,9.115,9.11,9.11,513.0,BTZ
2023-10-25 13:22:00,9.11,9.11,9.11,9.11,4841.0,BTZ
2023-10-25 13:20:00,9.115,9.115,9.115,9.115,100.0,BTZ
2023-10-25 13:18:00,9.11,9.11,9.11,9.11,100.0,BTZ
2023-10-25 13:17:00,9.11,9.11,9.11,9.11,100.0,BTZ
2023-10-25 13:12:00,9.12,9.12,9.12,9.12,300.0,BTZ
2023-10-25 13:10:00,9.115,9.12,9.11,9.11,5471.0,BTZ
2023-10-25 13:09:00,9.12,9.12,9.11,9.12,8892.0,BTZ
2023-10-25 13:07:00,9.12,9.12,9.12,9.12,600.0,BTZ
2023-10-25 13:06:00,9.12,9.12,9.12,9.12,5000.0,BTZ
2023-10-25 13:05:00,9.12,9.125,9.12,9.12,5533.0,BTZ
2023-10-25 13:04:00,9.13,9.13,9.12,9.12,872.0,BTZ
2023-10-25 13:03:00,9.12,9.12,9.12,9.12,213.0,BTZ
2023-10-25 13:02:00,9.12,9.12,9.12,9.12,100.0,BTZ
2023-10-25 13:01:00,9.12,9.12,9.12,9.12,1000.0,BTZ
2023-10-25 13:00:00,9.12,9.12,9.12,9.12,100.0,BTZ
2023-10-25 12:59:00,9.125,9.13,9.125,9.13,200.0,BTZ
2023-10-25 12:58:00,9.12,9.12,9.12,9.12,100.0,BTZ
2023-10-25 12:56:00,9.12,9.12,9.12,9.12,2634.0,BTZ
2023-10-25 12:55:00,9.12,9.12,9.12,9.12,100.0,BTZ
2023-10-25 12:54:00,9.12,9.12,9.12,9.12,2486.0,BTZ
2023-10-25 12:53:00,9.12,9.12,9.12,9.12,100.0,BTZ
2023-10-25 12:51:00,9.13,9.13,9.12,9.12,300.0,BTZ
2023-10-25 12:50:00,9.12,9.12,9.12,9.12,100.0,BTZ
2023-10-25 12:49:00,9.129,9.129,9.129,9.129,1000.0,BTZ
2023-10-25 12:47:00,9.13,9.13,9.12,9.12,300.0,BTZ
2023-10-25 12:45:00,9.125,9.125,9.125,9.125,102.0,BTZ
2023-10-25 12:44:00,9.13,9.13,9.13,9.13,200.0,BTZ
2023-10-25 12:42:00,9.12,9.12,9.12,9.12,105.0,BTZ
2023-10-25 12:40:00,9.12,9.12,9.12,9.12,100.0,BTZ
2023-10-25 12:39:00,9.122,9.125,9.122,9.125,910.0,BTZ
2023-10-25 12:37:00,9.12,9.12,9.12,9.12,200.0,BTZ
2023-10-25 12:36:00,9.12,9.12,9.12,9.12,203.0,BTZ
2023-10-25 12:35:00,9.12,9.12,9.12,9.12,280.0,BTZ
2023-10-25 12:34:00,9.12,9.125,9.12,9.125,261.0,BTZ
2023-10-25 12:33:00,9.122,9.122,9.122,9.122,1257.0,BTZ
2023-10-25 12:32:00,9.125,9.125,9.125,9.125,335.0,BTZ
2023-10-25 12:31:00,9.125,9.13,9.12,9.125,700.0,BTZ
2023-10-25 12:30:00,9.13,9.13,9.125,9.125,505.0,BTZ
2023-10-25 12:29:00,9.129,9.129,9.129,9.129,100.0,BTZ
2023-10-25 12:28:00,9.12,9.13,9.12,9.13,676.0,BTZ
2023-10-25 12:26:00,9.125,9.125,9.125,9.125,100.0,BTZ
2023-10-25 12:25:00,9.125,9.125,9.125,9.125,400.0,BTZ
2023-10-25 12:23:00,9.125,9.125,9.125,9.125,200.0,BTZ
2023-10-25 12:22:00,9.129,9.13,9.125,9.13,1008.0,BTZ
2023-10-25 12:21:00,9.125,9.125,9.12,9.12,1200.0,BTZ
2023-10-25 12:20:00,9.125,9.13,9.125,9.13,400.0,BTZ
2023-10-25 12:19:00,9.13,9.13,9.129,9.129,200.0,BTZ
2023-10-25 12:18:00,9.13,9.13,9.125,9.125,3895.0,BTZ
2023-10-25 12:16:00,9.125,9.125,9.125,9.125,300.0,BTZ
2023-10-25 12:14:00,9.125,9.125,9.12,9.12,3025.0,BTZ
2023-10-25 12:12:00,9.12,9.12,9.12,9.12,1393.0,BTZ
2023-10-25 12:11:00,9.125,9.125,9.125,9.125,596.0,BTZ
2023-10-25 12:09:00,9.125,9.125,9.125,9.125,100.0,BTZ
2023-10-25 12:07:00,9.13,9.13,9.13,9.13,600.0,BTZ
2023-10-25 12:06:00,9.13,9.13,9.125,9.125,2627.0,BTZ
2023-10-25 12:04:00,9.13,9.13,9.13,9.13,100.0,BTZ
2023-10-25 12:03:00,9.13,9.13,9.13,9.13,500.0,BTZ
2023-10-25 12:02:00,9.13,9.13,9.13,9.13,2075.0,BTZ
2023-10-25 12:01:00,9.135,9.135,9.135,9.135,100.0,BTZ
2023-10-25 12:00:00,9.13,9.13,9.13,9.13,202.0,BTZ
2023-10-25 11:58:00,9.13,9.13,9.13,9.13,100.0,BTZ
2023-10-25 11:56:00,9.135,9.14,9.13,9.13,8845.0,BTZ
2023-10-25 11:55:00,9.13,9.13,9.13,9.13,170.0,BTZ
2023-10-25 11:52:00,9.149,9.149,9.13,9.13,5117.0,BTZ
2023-10-25 11:51:00,9.14,9.14,9.14,9.14,100.0,BTZ
2023-10-25 11:50:00,9.14,9.14,9.14,9.14,1400.0,BTZ
2023-10-25 11:46:00,9.14,9.14,9.14,9.14,200.0,BTZ
2023-10-25 11:45:00,9.145,9.145,9.145,9.145,804.0,BTZ
2023-10-25 11:42:00,9.14,9.14,9.14,9.14,205.0,BTZ
2023-10-25 11:41:00,9.145,9.146,9.145,9.146,200.0,BTZ
2023-10-25 11:40:00,9.145,9.145,9.145,9.145,100.0,BTZ
2023-10-25 11:39:00,9.14,9.15,9.14,9.15,300.0,BTZ
2023-10-25 11:37:00,9.146,9.146,9.145,9.145,605.0,BTZ
2023-10-25 11:36:00,9.145,9.15,9.145,9.15,208.0,BTZ
2023-10-25 11:35:00,9.146,9.146,9.145,9.145,233.0,BTZ
2023-10-25 11:33:00,9.145,9.15,9.145,9.15,600.0,BTZ
2023-10-25 11:32:00,9.148,9.148,9.148,9.148,200.0,BTZ
2023-10-25 11:31:00,9.14,9.145,9.14,9.145,2400.0,BTZ
2023-10-25 11:29:00,9.145,9.145,9.145,9.145,100.0,BTZ
2023-10-25 11:27:00,9.15,9.15,9.145,9.145,802.0,BTZ
2023-10-25 11:26:00,9.142,9.142,9.142,9.142,325.0,BTZ
2023-10-25 11:25:00,9.14,9.14,9.14,9.14,100.0,BTZ
2023-10-25 11:24:00,9.149,9.149,9.149,9.149,100.0,BTZ
2023-10-25 11:23:00,9.14,9.14,9.14,9.14,100.0,BTZ
2023-10-25 11:22:00,9.14,9.15,9.14,9.15,5410.0,BTZ
2023-10-25 11:21:00,9.145,9.145,9.145,9.145,100.0,BTZ
2023-10-25 11:19:00,9.145,9.15,9.145,9.15,400.0,BTZ
2023-10-25 11:18:00,9.143,9.143,9.143,9.143,1000.0,BTZ
2023-10-25 11:17:00,9.145,9.145,9.145,9.145,105.0,BTZ
2023-10-25 11:15:00,9.145,9.145,9.145,9.145,100.0,BTZ
2023-10-25 11:13:00,9.149,9.15,9.149,9.15,306.0,BTZ
2023-10-25 11:12:00,9.15,9.15,9.15,9.15,343.0,BTZ
2023-10-25 11:10:00,9.145,9.145,9.145,9.145,652.0,BTZ
2023-10-25 11:09:00,9.14,9.14,9.13,9.14,21998.0,BTZ
2023-10-25 11:07:00,9.15,9.15,9.15,9.15,3622.0,BTZ
2023-10-25 11:06:00,9.145,9.145,9.145,9.145,202.0,BTZ
2023-10-25 11:05:00,9.14,9.143,9.14,9.143,1106.0,BTZ
2023-10-25 11:04:00,9.15,9.15,9.15,9.15,1711.0,BTZ
2023-10-25 11:02:00,9.15,9.15,9.15,9.15,659.0,BTZ
2023-10-25 11:00:00,9.15,9.15,9.15,9.15,100.0,BTZ
2023-10-25 10:59:00,9.155,9.155,9.15,9.15,400.0,BTZ
2023-10-25 10:57:00,9.15,9.15,9.15,9.15,400.0,BTZ
2023-10-25 10:55:00,9.157,9.157,9.15,9.15,1110.0,BTZ
2023-10-25 10:54:00,9.15,9.15,9.15,9.15,200.0,BTZ
2023-10-25 10:53:00,9.155,9.155,9.15,9.15,200.0,BTZ
2023-10-25 10:52:00,9.16,9.16,9.16,9.16,110.0,BTZ
2023-10-25 10:50:00,9.15,9.15,9.15,9.15,1500.0,BTZ
2023-10-25 10:49:00,9.15,9.155,9.15,9.155,1718.0,BTZ
2023-10-25 10:48:00,9.145,9.145,9.145,9.145,100.0,BTZ
2023-10-25 10:46:00,9.15,9.15,9.145,9.145,214.0,BTZ
2023-10-25 10:45:00,9.145,9.145,9.145,9.145,327.0,BTZ
2023-10-25 10:44:00,9.145,9.145,9.145,9.145,106.0,BTZ
2023-10-25 10:42:00,9.145,9.145,9.145,9.145,200.0,BTZ
2023-10-25 10:41:00,9.145,9.145,9.144,9.144,4261.0,BTZ
2023-10-25 10:39:00,9.145,9.145,9.14,9.14,418.0,BTZ
2023-10-25 10:38:00,9.145,9.145,9.14,9.14,500.0,BTZ
2023-10-25 10:37:00,9.14,9.14,9.14,9.14,206.0,BTZ
2023-10-25 10:35:00,9.14,9.14,9.14,9.14,106.0,BTZ
2023-10-25 10:34:00,9.145,9.145,9.145,9.145,102.0,BTZ
2023-10-25 10:33:00,9.143,9.15,9.14,9.145,1264.0,BTZ
2023-10-25 10:31:00,9.14,9.145,9.14,9.145,400.0,BTZ
2023-10-25 10:30:00,9.14,9.14,9.14,9.14,1492.0,BTZ
2023-10-25 10:29:00,9.145,9.145,9.14,9.14,800.0,BTZ
2023-10-25 10:28:00,9.14,9.14,9.14,9.14,206.0,BTZ
2023-10-25 10:27:00,9.14,9.14,9.14,9.14,100.0,BTZ
2023-10-25 10:26:00,9.15,9.15,9.145,9.145,2120.0,BTZ
2023-10-25 10:25:00,9.145,9.145,9.145,9.145,200.0,BTZ
2023-10-25 10:24:00,9.15,9.15,9.145,9.145,1312.0,BTZ
2023-10-25 10:23:00,9.146,9.146,9.146,9.146,879.0,BTZ
2023-10-25 10:22:00,9.145,9.145,9.145,9.145,100.0,BTZ
2023-10-25 10:21:00,9.145,9.145,9.145,9.145,106.0,BTZ
2023-10-25 10:19:00,9.15,9.15,9.15,9.15,100.0,BTZ
2023-10-25 10:18:00,9.15,9.15,9.15,9.15,106.0,BTZ
2023-10-25 10:17:00,9.145,9.145,9.145,9.145,101.0,BTZ
2023-10-25 10:16:00,9.145,9.15,9.145,9.145,1459.0,BTZ
2023-10-25 10:15:00,9.136,9.14,9.136,9.14,2633.0,BTZ
2023-10-25 10:14:00,9.14,9.14,9.135,9.135,200.0,BTZ
2023-10-25 10:13:00,9.14,9.14,9.14,9.14,996.0,BTZ
2023-10-25 10:12:00,9.135,9.14,9.135,9.14,1121.0,BTZ
2023-10-25 10:11:00,9.145,9.145,9.13,9.14,1462.0,BTZ
2023-10-25 10:10:00,9.14,9.14,9.14,9.14,100.0,BTZ
2023-10-25 10:09:00,9.145,9.145,9.145,9.145,183.0,BTZ
2023-10-25 10:08:00,9.14,9.14,9.14,9.14,363.0,BTZ
2023-10-25 10:07:00,9.14,9.14,9.14,9.14,1137.0,BTZ
2023-10-25 10:06:00,9.15,9.15,9.14,9.14,200.0,BTZ
2023-10-25 10:04:00,9.145,9.15,9.145,9.15,900.0,BTZ
2023-10-25 10:03:00,9.14,9.14,9.14,9.14,300.0,BTZ
2023-10-25 10:01:00,9.14,9.14,9.13,9.13,4032.0,BTZ
2023-10-25 10:00:00,9.141,9.141,9.141,9.141,100.0,BTZ
2023-10-25 09:59:00,9.145,9.15,9.145,9.15,200.0,BTZ
2023-10-25 09:58:00,9.14,9.14,9.14,9.14,100.0,BTZ
2023-10-25 09:57:00,9.145,9.145,9.145,9.145,101.0,BTZ
2023-10-25 09:56:00,9.143,9.144,9.144,9.144,2243.0,BTZ
2023-10-25 09:55:00,9.145,9.145,9.145,9.145,163.0,BTZ
2023-10-25 09:54:00,9.15,9.15,9.145,9.145,200.0,BTZ
2023-10-25 09:49:00,9.15,9.15,9.15,9.15,2322.0,BTZ
2023-10-25 09:48:00,9.15,9.15,9.15,9.15,100.0,BTZ
2023-10-25 09:47:00,9.145,9.15,9.145,9.15,563.0,BTZ
2023-10-25 09:46:00,9.145,9.145,9.14,9.14,3513.0,BTZ
2023-10-25 09:45:00,9.15,9.15,9.15,9.15,397.0,BTZ
2023-10-25 09:44:00,9.15,9.15,9.15,9.15,301.0,BTZ
2023-10-25 09:43:00,9.15,9.15,9.15,9.15,1000.0,BTZ
2023-10-25 09:42:00,9.14,9.145,9.14,9.145,600.0,BTZ
2023-10-25 09:40:00,9.14,9.14,9.14,9.14,1300.0,BTZ
2023-10-25 09:39:00,9.13,9.135,9.13,9.135,845.0,BTZ
2023-10-25 09:38:00,9.125,9.13,9.125,9.13,4500.0,BTZ
2023-10-25 09:37:00,9.13,9.13,9.12,9.125,10861.0,BTZ
2023-10-25 09:35:00,9.135,9.135,9.135,9.135,520.0,BTZ
2023-10-25 09:34:00,9.135,9.14,9.135,9.14,801.0,BTZ
2023-10-25 09:33:00,9.13,9.13,9.13,9.13,1200.0,BTZ
2023-10-25 09:32:00,9.15,9.15,9.14,9.14,4350.0,BTZ
2023-10-25 09:31:00,9.155,9.155,9.155,9.155,200.0,BTZ
2023-10-25 09:30:00,9.17,9.17,9.17,9.17,10128.0,BTZ
2023-10-25 08:02:00,9.2,9.2,9.2,9.2,1.0,BTZ
2023-10-25 05:07:00,9.24,9.24,9.24,9.24,20.0,BTZ
2023-10-24 19:48:00,9.22,9.22,9.22,9.22,1.0,BTZ
2023-10-24 19:00:00,9.2,9.2,9.2,9.2,2512.0,BTZ
2023-10-24 18:30:00,9.2,9.2,9.2,9.2,2512.0,BTZ
2023-10-24 16:10:00,9.2,9.2,9.2,9.2,2512.0,BTZ
2023-10-24 16:01:00,9.2,9.2,9.2,9.2,700.0,BTZ
2023-10-24 16:00:00,9.2,9.2,9.2,9.2,5321.0,BTZ
2023-10-24 15:59:00,9.2,9.2,9.19,9.2,16590.0,BTZ
2023-10-24 15:58:00,9.195,9.2,9.195,9.195,2377.0,BTZ
2023-10-24 15:57:00,9.195,9.2,9.195,9.2,9386.0,BTZ
2023-10-24 15:56:00,9.195,9.2,9.19,9.195,2886.0,BTZ
2023-10-24 15:55:00,9.195,9.2,9.195,9.195,3640.0,BTZ
2023-10-24 15:54:00,9.195,9.195,9.19,9.195,1668.0,BTZ
2023-10-24 15:53:00,9.195,9.2,9.193,9.195,7775.0,BTZ
2023-10-24 15:52:00,9.195,9.195,9.195,9.195,2300.0,BTZ
2023-10-24 15:51:00,9.195,9.195,9.195,9.195,2475.0,BTZ
2023-10-24 15:50:00,9.195,9.2,9.19,9.195,4310.0,BTZ
2023-10-24 15:49:00,9.195,9.195,9.195,9.195,930.0,BTZ
2023-10-24 15:48:00,9.19,9.199,9.19,9.19,7413.0,BTZ
2023-10-24 15:47:00,9.195,9.195,9.19,9.19,2146.0,BTZ
2023-10-24 15:46:00,9.19,9.19,9.19,9.19,800.0,BTZ
2023-10-24 15:45:00,9.181,9.195,9.181,9.19,14747.0,BTZ
2023-10-24 15:44:00,9.185,9.185,9.185,9.185,201.0,BTZ
2023-10-24 15:43:00,9.185,9.185,9.185,9.185,300.0,BTZ
2023-10-24 15:42:00,9.185,9.185,9.185,9.185,460.0,BTZ
2023-10-24 15:41:00,9.185,9.185,9.184,9.184,1302.0,BTZ
2023-10-24 15:40:00,9.185,9.185,9.185,9.185,350.0,BTZ
2023-10-24 15:39:00,9.185,9.185,9.185,9.185,200.0,BTZ
2023-10-24 15:38:00,9.185,9.185,9.18,9.185,1007.0,BTZ
2023-10-24 15:37:00,9.185,9.185,9.185,9.185,220.0,BTZ
2023-10-24 15:36:00,9.185,9.185,9.18,9.18,600.0,BTZ
2023-10-24 15:35:00,9.185,9.185,9.181,9.185,1500.0,BTZ
2023-10-24 15:34:00,9.185,9.185,9.185,9.185,400.0,BTZ
2023-10-24 15:33:00,9.185,9.185,9.185,9.185,816.0,BTZ
2023-10-24 15:32:00,9.175,9.19,9.175,9.18,5273.0,BTZ
2023-10-24 15:31:00,9.175,9.175,9.175,9.175,700.0,BTZ
2023-10-24 15:29:00,9.179,9.179,9.175,9.175,2900.0,BTZ
2023-10-24 15:28:00,9.175,9.175,9.175,9.175,100.0,BTZ
2023-10-24 15:27:00,9.175,9.175,9.17,9.17,300.0,BTZ
2023-10-24 15:26:00,9.175,9.175,9.175,9.175,900.0,BTZ
2023-10-24 15:25:00,9.175,9.175,9.175,9.175,689.0,BTZ
2023-10-24 15:24:00,9.175,9.175,9.175,9.175,900.0,BTZ
2023-10-24 15:23:00,9.175,9.175,9.175,9.175,400.0,BTZ
2023-10-24 15:22:00,9.175,9.175,9.175,9.175,800.0,BTZ
2023-10-24 15:21:00,9.17,9.175,9.17,9.17,4986.0,BTZ
2023-10-24 15:20:00,9.165,9.17,9.165,9.17,1705.0,BTZ
2023-10-24 15:19:00,9.17,9.17,9.165,9.165,745.0,BTZ
2023-10-24 15:18:00,9.165,9.165,9.165,9.165,800.0,BTZ
2023-10-24 15:17:00,9.16,9.165,9.16,9.165,8488.0,BTZ
2023-10-24 15:16:00,9.16,9.16,9.16,9.16,1137.0,BTZ
2023-10-24 15:15:00,9.155,9.157,9.155,9.155,1390.0,BTZ
2023-10-24 15:14:00,9.165,9.165,9.16,9.16,3396.0,BTZ
2023-10-24 15:13:00,9.161,9.165,9.161,9.165,400.0,BTZ
2023-10-24 15:12:00,9.155,9.165,9.155,9.165,2327.0,BTZ
2023-10-24 15:11:00,9.155,9.16,9.155,9.155,735.0,BTZ
2023-10-24 15:10:00,9.155,9.155,9.15,9.155,500.0,BTZ
2023-10-24 15:09:00,9.155,9.155,9.155,9.155,500.0,BTZ
2023-10-24 15:08:00,9.155,9.155,9.15,9.15,300.0,BTZ
2023-10-24 15:07:00,9.155,9.155,9.15,9.15,900.0,BTZ
2023-10-24 15:06:00,9.15,9.15,9.15,9.15,400.0,BTZ
2023-10-24 15:05:00,9.155,9.155,9.15,9.15,300.0,BTZ
2023-10-24 15:04:00,9.15,9.15,9.15,9.15,800.0,BTZ
2023-10-24 15:03:00,9.15,9.155,9.15,9.155,200.0,BTZ
2023-10-24 15:01:00,9.15,9.15,9.15,9.15,100.0,BTZ
2023-10-24 15:00:00,9.151,9.155,9.152,9.155,200.0,BTZ
2023-10-24 14:59:00,9.15,9.15,9.15,9.15,500.0,BTZ
2023-10-24 14:58:00,9.15,9.155,9.15,9.15,606.0,BTZ
2023-10-24 14:57:00,9.15,9.15,9.15,9.15,300.0,BTZ
2023-10-24 14:55:00,9.15,9.15,9.15,9.15,2676.0,BTZ
2023-10-24 14:54:00,9.15,9.15,9.15,9.15,100.0,BTZ
2023-10-24 14:53:00,9.15,9.15,9.15,9.15,600.0,BTZ
2023-10-24 14:52:00,9.15,9.15,9.15,9.15,100.0,BTZ
2023-10-24 14:51:00,9.15,9.15,9.15,9.15,100.0,BTZ
2023-10-24 14:50:00,9.155,9.155,9.155,9.155,100.0,BTZ
2023-10-24 14:49:00,9.155,9.155,9.155,9.155,100.0,BTZ
2023-10-24 14:48:00,9.151,9.16,9.151,9.16,6025.0,BTZ
2023-10-24 14:46:00,9.16,9.16,9.155,9.155,300.0,BTZ
2023-10-24 14:45:00,9.155,9.155,9.155,9.155,100.0,BTZ
2023-10-24 14:44:00,9.155,9.155,9.155,9.155,600.0,BTZ
2023-10-24 14:43:00,9.15,9.16,9.15,9.16,1131.0,BTZ
2023-10-24 14:38:00,9.149,9.15,9.145,9.145,6688.0,BTZ
2023-10-24 14:37:00,9.145,9.145,9.14,9.141,1988.0,BTZ
2023-10-24 14:35:00,9.145,9.145,9.145,9.145,100.0,BTZ
2023-10-24 14:34:00,9.145,9.145,9.145,9.145,643.0,BTZ
2023-10-24 14:33:00,9.141,9.142,9.142,9.142,227.0,BTZ
2023-10-24 14:32:00,9.145,9.145,9.145,9.145,339.0,BTZ
2023-10-24 14:31:00,9.14,9.14,9.14,9.14,200.0,BTZ
2023-10-24 14:29:00,9.142,9.142,9.14,9.14,401.0,BTZ
2023-10-24 14:28:00,9.14,9.145,9.14,9.145,300.0,BTZ
2023-10-24 14:26:00,9.145,9.145,9.145,9.145,100.0,BTZ
2023-10-24 14:24:00,9.145,9.145,9.145,9.145,589.0,BTZ
2023-10-24 14:23:00,9.145,9.145,9.14,9.14,400.0,BTZ
2023-10-24 14:21:00,9.145,9.145,9.14,9.14,200.0,BTZ
2023-10-24 14:20:00,9.145,9.145,9.145,9.145,2300.0,BTZ
2023-10-24 14:17:00,9.145,9.145,9.145,9.145,200.0,BTZ
2023-10-24 14:16:00,9.141,9.145,9.141,9.145,560.0,BTZ
2023-10-24 14:15:00,9.14,9.14,9.14,9.14,100.0,BTZ
2023-10-24 14:13:00,9.14,9.14,9.14,9.14,100.0,BTZ
2023-10-24 14:11:00,9.14,9.14,9.14,9.14,100.0,BTZ
2023-10-24 14:10:00,9.142,9.142,9.142,9.142,293.0,BTZ
2023-10-24 14:09:00,9.145,9.145,9.14,9.14,200.0,BTZ
2023-10-24 14:08:00,9.14,9.145,9.14,9.145,200.0,BTZ
2023-10-24 14:07:00,9.14,9.14,9.14,9.14,1000.0,BTZ
2023-10-24 14:06:00,9.14,9.14,9.14,9.14,200.0,BTZ
2023-10-24 14:05:00,9.14,9.14,9.14,9.14,100.0,BTZ
2023-10-24 14:03:00,9.14,9.14,9.14,9.14,100.0,BTZ
2023-10-24 14:01:00,9.14,9.14,9.14,9.14,100.0,BTZ
2023-10-24 14:00:00,9.14,9.14,9.14,9.14,100.0,BTZ
2023-10-24 13:59:00,9.145,9.145,9.145,9.145,100.0,BTZ
2023-10-24 13:58:00,9.14,9.14,9.14,9.14,100.0,BTZ
2023-10-24 13:57:00,9.147,9.147,9.147,9.147,807.0,BTZ
2023-10-24 13:56:00,9.145,9.145,9.145,9.145,100.0,BTZ
2023-10-24 13:54:00,9.14,9.14,9.14,9.14,100.0,BTZ
2023-10-24 13:52:00,9.14,9.14,9.14,9.14,100.0,BTZ
2023-10-24 13:51:00,9.14,9.14,9.14,9.14,400.0,BTZ
2023-10-24 13:50:00,9.14,9.14,9.14,9.14,100.0,BTZ
2023-10-24 13:49:00,9.145,9.145,9.145,9.145,500.0,BTZ
2023-10-24 13:48:00,9.145,9.145,9.14,9.14,200.0,BTZ
2023-10-24 13:47:00,9.148,9.148,9.14,9.145,2100.0,BTZ
2023-10-24 13:46:00,9.14,9.14,9.14,9.14,100.0,BTZ
2023-10-24 13:44:00,9.14,9.14,9.14,9.14,100.0,BTZ
2023-10-24 13:42:00,9.145,9.145,9.145,9.145,200.0,BTZ
2023-10-24 13:41:00,9.145,9.145,9.145,9.145,700.0,BTZ
2023-10-24 13:40:00,9.15,9.155,9.15,9.15,2620.0,BTZ
2023-10-24 13:38:00,9.155,9.155,9.155,9.155,101.0,BTZ
2023-10-24 13:37:00,9.16,9.16,9.15,9.15,10350.0,BTZ
2023-10-24 13:36:00,9.16,9.16,9.16,9.16,100.0,BTZ
2023-10-24 13:35:00,9.16,9.16,9.16,9.16,500.0,BTZ
2023-10-24 13:34:00,9.16,9.16,9.16,9.16,200.0,BTZ
2023-10-24 13:33:00,9.16,9.16,9.16,9.16,350.0,BTZ
2023-10-24 13:32:00,9.16,9.16,9.16,9.16,300.0,BTZ
2023-10-24 13:31:00,9.165,9.165,9.16,9.16,200.0,BTZ
2023-10-24 13:30:00,9.16,9.16,9.16,9.16,200.0,BTZ
2023-10-24 13:29:00,9.16,9.16,9.16,9.16,100.0,BTZ
2023-10-24 13:27:00,9.16,9.161,9.16,9.161,600.0,BTZ
2023-10-24 13:25:00,9.16,9.161,9.16,9.161,500.0,BTZ
2023-10-24 13:24:00,9.161,9.161,9.161,9.161,1300.0,BTZ
2023-10-24 13:23:00,9.165,9.165,9.165,9.165,100.0,BTZ
2023-10-24 13:22:00,9.165,9.165,9.165,9.165,100.0,BTZ
2023-10-24 13:21:00,9.165,9.165,9.165,9.165,100.0,BTZ
2023-10-24 13:19:00,9.162,9.162,9.16,9.16,1671.0,BTZ
2023-10-24 13:17:00,9.16,9.16,9.16,9.16,100.0,BTZ
2023-10-24 13:16:00,9.16,9.16,9.16,9.16,5000.0,BTZ
2023-10-24 13:15:00,9.16,9.16,9.16,9.16,260.0,BTZ
2023-10-24 13:14:00,9.165,9.165,9.16,9.165,1037.0,BTZ
2023-10-24 13:13:00,9.16,9.16,9.16,9.16,500.0,BTZ
2023-10-24 13:11:00,9.16,9.16,9.16,9.16,100.0,BTZ
2023-10-24 13:09:00,9.16,9.16,9.16,9.16,101.0,BTZ
2023-10-24 13:07:00,9.16,9.16,9.16,9.16,100.0,BTZ
2023-10-24 13:06:00,9.16,9.16,9.16,9.16,100.0,BTZ
2023-10-24 13:05:00,9.165,9.165,9.165,9.165,493.0,BTZ
2023-10-24 13:04:00,9.16,9.16,9.16,9.16,3490.0,BTZ
2023-10-24 13:02:00,9.165,9.165,9.16,9.165,1230.0,BTZ
2023-10-24 13:01:00,9.165,9.17,9.165,9.17,200.0,BTZ
2023-10-24 13:00:00,9.165,9.165,9.165,9.165,700.0,BTZ
2023-10-24 12:58:00,9.165,9.165,9.165,9.165,300.0,BTZ
2023-10-24 12:57:00,9.17,9.17,9.17,9.17,130.0,BTZ
2023-10-24 12:56:00,9.165,9.165,9.165,9.165,200.0,BTZ
2023-10-24 12:54:00,9.16,9.17,9.16,9.165,6100.0,BTZ
2023-10-24 12:52:00,9.165,9.165,9.165,9.165,100.0,BTZ
2023-10-24 12:51:00,9.165,9.165,9.165,9.165,200.0,BTZ
2023-10-24 12:50:00,9.165,9.165,9.165,9.165,200.0,BTZ
2023-10-24 12:48:00,9.165,9.165,9.165,9.165,100.0,BTZ
2023-10-24 12:46:00,9.165,9.165,9.165,9.165,100.0,BTZ
2023-10-24 12:45:00,9.17,9.17,9.17,9.17,2000.0,BTZ
2023-10-24 12:44:00,9.165,9.165,9.165,9.165,100.0,BTZ
2023-10-24 12:43:00,9.169,9.169,9.169,9.169,100.0,BTZ
2023-10-24 12:42:00,9.165,9.17,9.165,9.17,879.0,BTZ
2023-10-24 12:41:00,9.16,9.16,9.16,9.16,110.0,BTZ
2023-10-24 12:40:00,9.16,9.165,9.16,9.165,200.0,BTZ
2023-10-24 12:39:00,9.162,9.162,9.162,9.162,1000.0,BTZ
2023-10-24 12:38:00,9.165,9.168,9.165,9.168,400.0,BTZ
2023-10-24 12:37:00,9.175,9.175,9.17,9.17,2494.0,BTZ
2023-10-24 12:36:00,9.17,9.177,9.17,9.177,250.0,BTZ
2023-10-24 12:34:00,9.17,9.17,9.17,9.17,100.0,BTZ
2023-10-24 12:32:00,9.17,9.17,9.17,9.17,200.0,BTZ
2023-10-24 12:30:00,9.17,9.17,9.17,9.17,100.0,BTZ
2023-10-24 12:29:00,9.17,9.17,9.17,9.17,104.0,BTZ
2023-10-24 12:27:00,9.17,9.17,9.17,9.17,100.0,BTZ
2023-10-24 12:25:00,9.17,9.17,9.17,9.17,100.0,BTZ
2023-10-24 12:24:00,9.175,9.175,9.175,9.175,100.0,BTZ
2023-10-24 12:23:00,9.175,9.175,9.175,9.175,100.0,BTZ
2023-10-24 12:21:00,9.18,9.18,9.173,9.175,3850.0,BTZ
2023-10-24 12:19:00,9.18,9.18,9.18,9.18,100.0,BTZ
2023-10-24 12:17:00,9.175,9.19,9.175,9.185,11925.0,BTZ
2023-10-24 12:15:00,9.17,9.17,9.17,9.17,100.0,BTZ
2023-10-24 12:14:00,9.175,9.175,9.175,9.175,100.0,BTZ
2023-10-24 12:13:00,9.17,9.17,9.17,9.17,300.0,BTZ
2023-10-24 12:12:00,9.17,9.17,9.17,9.17,200.0,BTZ
2023-10-24 12:10:00,9.18,9.18,9.17,9.17,1700.0,BTZ
2023-10-24 12:07:00,9.18,9.18,9.178,9.18,797.0,BTZ
2023-10-24 12:05:00,9.17,9.17,9.17,9.17,100.0,BTZ
2023-10-24 12:04:00,9.185,9.185,9.175,9.175,3000.0,BTZ
2023-10-24 12:03:00,9.185,9.185,9.185,9.185,100.0,BTZ
2023-10-24 12:01:00,9.185,9.185,9.185,9.185,100.0,BTZ
2023-10-24 12:00:00,9.19,9.194,9.19,9.19,3595.0,BTZ
2023-10-24 11:59:00,9.19,9.19,9.19,9.19,600.0,BTZ
2023-10-24 11:58:00,9.19,9.19,9.185,9.19,4608.0,BTZ
2023-10-24 11:57:00,9.18,9.18,9.18,9.18,100.0,BTZ
2023-10-24 11:56:00,9.175,9.18,9.17,9.17,1340.0,BTZ
2023-10-24 11:54:00,9.17,9.17,9.17,9.17,100.0,BTZ
2023-10-24 11:52:00,9.17,9.17,9.17,9.17,762.0,BTZ
2023-10-24 11:51:00,9.17,9.17,9.17,9.17,293.0,BTZ
2023-10-24 11:50:00,9.18,9.18,9.18,9.18,1866.0,BTZ
2023-10-24 11:49:00,9.18,9.182,9.18,9.182,2000.0,BTZ
2023-10-24 11:48:00,9.171,9.18,9.171,9.18,4841.0,BTZ
2023-10-24 11:47:00,9.175,9.175,9.175,9.175,100.0,BTZ
2023-10-24 11:45:00,9.176,9.176,9.176,9.176,3000.0,BTZ
2023-10-24 11:43:00,9.175,9.175,9.171,9.171,900.0,BTZ
2023-10-24 11:41:00,9.165,9.17,9.15,9.17,13862.0,BTZ
2023-10-24 11:40:00,9.165,9.165,9.16,9.16,599.0,BTZ
2023-10-24 11:39:00,9.16,9.165,9.16,9.16,700.0,BTZ
2023-10-24 11:37:00,9.16,9.16,9.16,9.16,125.0,BTZ
2023-10-24 11:36:00,9.168,9.168,9.16,9.16,300.0,BTZ
2023-10-24 11:34:00,9.165,9.165,9.16,9.16,200.0,BTZ
2023-10-24 11:33:00,9.16,9.16,9.16,9.16,100.0,BTZ
2023-10-24 11:32:00,9.16,9.16,9.16,9.16,100.0,BTZ
2023-10-24 11:31:00,9.16,9.16,9.16,9.16,1500.0,BTZ
2023-10-24 11:30:00,9.16,9.16,9.16,9.16,400.0,BTZ
2023-10-24 11:29:00,9.169,9.169,9.16,9.16,400.0,BTZ
2023-10-24 11:28:00,9.165,9.165,9.16,9.165,595.0,BTZ
2023-10-24 11:27:00,9.16,9.17,9.16,9.165,600.0,BTZ
2023-10-24 11:25:00,9.165,9.165,9.165,9.165,200.0,BTZ
2023-10-24 11:23:00,9.165,9.165,9.165,9.165,100.0,BTZ
2023-10-24 11:22:00,9.16,9.165,9.16,9.16,1350.0,BTZ
2023-10-24 11:21:00,9.17,9.17,9.15,9.165,17989.0,BTZ
2023-10-24 11:20:00,9.175,9.175,9.17,9.17,600.0,BTZ
2023-10-24 11:19:00,9.18,9.18,9.18,9.18,2300.0,BTZ
2023-10-24 11:17:00,9.17,9.175,9.17,9.175,1200.0,BTZ
2023-10-24 11:16:00,9.165,9.165,9.165,9.165,100.0,BTZ
2023-10-24 11:15:00,9.162,9.162,9.161,9.161,5825.0,BTZ
2023-10-24 11:14:00,9.17,9.17,9.17,9.17,4835.0,BTZ
2023-10-24 11:13:00,9.171,9.171,9.171,9.171,1552.0,BTZ
2023-10-24 11:11:00,9.171,9.171,9.171,9.171,1517.0,BTZ
2023-10-24 11:09:00,9.17,9.17,9.17,9.17,1609.0,BTZ
2023-10-24 11:08:00,9.165,9.165,9.165,9.165,204.0,BTZ
2023-10-24 11:07:00,9.16,9.16,9.16,9.16,111.0,BTZ
2023-10-24 11:06:00,9.165,9.165,9.165,9.165,102.0,BTZ
2023-10-24 11:05:00,9.165,9.165,9.165,9.165,104.0,BTZ
2023-10-24 11:04:00,9.165,9.17,9.165,9.17,402.0,BTZ
2023-10-24 11:03:00,9.165,9.17,9.165,9.17,606.0,BTZ
2023-10-24 11:02:00,9.16,9.17,9.16,9.167,800.0,BTZ
2023-10-24 11:00:00,9.16,9.16,9.16,9.16,100.0,BTZ
2023-10-24 10:59:00,9.165,9.17,9.16,9.165,3950.0,BTZ
2023-10-24 10:57:00,9.167,9.17,9.165,9.165,700.0,BTZ
2023-10-24 10:56:00,9.165,9.165,9.165,9.165,100.0,BTZ
2023-10-24 10:55:00,9.17,9.17,9.16,9.16,1211.0,BTZ
2023-10-24 10:53:00,9.17,9.17,9.17,9.17,102.0,BTZ
2023-10-24 10:52:00,9.175,9.175,9.17,9.17,210.0,BTZ
2023-10-24 10:51:00,9.17,9.17,9.17,9.17,100.0,BTZ
2023-10-24 10:50:00,9.17,9.17,9.17,9.17,100.0,BTZ
2023-10-24 10:49:00,9.17,9.17,9.17,9.17,400.0,BTZ
2023-10-24 10:48:00,9.165,9.165,9.165,9.165,100.0,BTZ
2023-10-24 10:47:00,9.165,9.165,9.165,9.165,100.0,BTZ
2023-10-24 10:46:00,9.16,9.16,9.16,9.16,118.0,BTZ
2023-10-24 10:44:00,9.165,9.165,9.165,9.165,106.0,BTZ
2023-10-24 10:43:00,9.17,9.17,9.17,9.17,590.0,BTZ
2023-10-24 10:41:00,9.18,9.18,9.17,9.17,300.0,BTZ
2023-10-24 10:40:00,9.17,9.17,9.17,9.17,100.0,BTZ
2023-10-24 10:39:00,9.18,9.18,9.17,9.175,1330.0,BTZ
2023-10-24 10:38:00,9.17,9.17,9.17,9.17,172.0,BTZ
2023-10-24 10:37:00,9.17,9.17,9.17,9.17,100.0,BTZ
2023-10-24 10:36:00,9.17,9.17,9.17,9.17,100.0,BTZ
2023-10-24 10:34:00,9.17,9.17,9.17,9.17,100.0,BTZ
2023-10-24 10:33:00,9.17,9.17,9.17,9.17,3232.0,BTZ
2023-10-24 10:32:00,9.17,9.17,9.17,9.17,200.0,BTZ
2023-10-24 10:30:00,9.17,9.17,9.17,9.17,1000.0,BTZ
2023-10-24 10:29:00,9.165,9.165,9.165,9.165,884.0,BTZ
2023-10-24 10:27:00,9.165,9.165,9.165,9.165,100.0,BTZ
2023-10-24 10:26:00,9.17,9.17,9.16,9.165,2179.0,BTZ
2023-10-24 10:25:00,9.17,9.17,9.17,9.17,100.0,BTZ
2023-10-24 10:23:00,9.17,9.17,9.17,9.17,112.0,BTZ
2023-10-24 10:22:00,9.16,9.168,9.16,9.168,310.0,BTZ
2023-10-24 10:21:00,9.16,9.16,9.16,9.16,400.0,BTZ
2023-10-24 10:19:00,9.161,9.165,9.16,9.16,2310.0,BTZ
2023-10-24 10:18:00,9.16,9.16,9.16,9.16,100.0,BTZ
2023-10-24 10:17:00,9.16,9.16,9.16,9.16,100.0,BTZ
2023-10-24 10:16:00,9.16,9.17,9.16,9.17,300.0,BTZ
2023-10-24 10:14:00,9.16,9.16,9.16,9.16,100.0,BTZ
2023-10-24 10:13:00,9.165,9.165,9.165,9.165,500.0,BTZ
2023-10-24 10:12:00,9.16,9.168,9.16,9.168,7331.0,BTZ
2023-10-24 10:11:00,9.15,9.15,9.15,9.15,100.0,BTZ
2023-10-24 10:10:00,9.15,9.15,9.15,9.15,100.0,BTZ
2023-10-24 10:09:00,9.15,9.15,9.15,9.15,400.0,BTZ
2023-10-24 10:08:00,9.15,9.155,9.15,9.15,700.0,BTZ
2023-10-24 10:07:00,9.145,9.145,9.145,9.145,100.0,BTZ
2023-10-24 10:06:00,9.15,9.15,9.15,9.15,400.0,BTZ
2023-10-24 10:05:00,9.145,9.145,9.145,9.145,100.0,BTZ
2023-10-24 10:03:00,9.14,9.14,9.14,9.14,101.0,BTZ
2023-10-24 10:02:00,9.145,9.145,9.14,9.145,3800.0,BTZ
2023-10-24 10:01:00,9.15,9.15,9.15,9.15,100.0,BTZ
2023-10-24 10:00:00,9.16,9.165,9.151,9.151,5251.0,BTZ
2023-10-24 09:59:00,9.16,9.165,9.16,9.16,2000.0,BTZ
2023-10-24 09:58:00,9.16,9.17,9.16,9.166,13760.0,BTZ
2023-10-24 09:57:00,9.16,9.16,9.15,9.15,980.0,BTZ
2023-10-24 09:56:00,9.16,9.16,9.16,9.16,935.0,BTZ
2023-10-24 09:55:00,9.155,9.155,9.155,9.155,100.0,BTZ
2023-10-24 09:54:00,9.16,9.16,9.155,9.16,1152.0,BTZ
2023-10-24 09:53:00,9.15,9.15,9.15,9.15,200.0,BTZ
2023-10-24 09:51:00,9.145,9.145,9.145,9.145,200.0,BTZ
2023-10-24 09:50:00,9.145,9.145,9.145,9.145,100.0,BTZ
2023-10-24 09:49:00,9.148,9.148,9.148,9.148,300.0,BTZ
2023-10-24 09:48:00,9.15,9.154,9.15,9.15,993.0,BTZ
2023-10-24 09:47:00,9.15,9.15,9.15,9.15,199.0,BTZ
2023-10-24 09:46:00,9.155,9.159,9.15,9.15,1020.0,BTZ
2023-10-24 09:45:00,9.15,9.155,9.15,9.155,1200.0,BTZ
2023-10-24 09:44:00,9.155,9.16,9.155,9.16,501.0,BTZ
2023-10-24 09:43:00,9.155,9.16,9.15,9.15,2577.0,BTZ
2023-10-24 09:42:00,9.16,9.16,9.15,9.15,801.0,BTZ
2023-10-24 09:41:00,9.15,9.15,9.15,9.15,200.0,BTZ
2023-10-24 09:40:00,9.155,9.155,9.155,9.155,100.0,BTZ
2023-10-24 09:39:00,9.15,9.16,9.15,9.155,3872.0,BTZ
2023-10-24 09:38:00,9.15,9.15,9.15,9.15,782.0,BTZ
2023-10-24 09:37:00,9.147,9.149,9.14,9.149,908.0,BTZ
2023-10-24 09:36:00,9.15,9.15,9.15,9.15,313.0,BTZ
2023-10-24 09:35:00,9.15,9.15,9.15,9.15,1278.0,BTZ
2023-10-24 09:34:00,9.15,9.15,9.15,9.15,200.0,BTZ
2023-10-24 09:33:00,9.155,9.156,9.15,9.15,1501.0,BTZ
2023-10-24 09:32:00,9.157,9.157,9.15,9.15,400.0,BTZ
2023-10-24 09:31:00,9.16,9.16,9.15,9.15,1216.0,BTZ
2023-10-24 09:30:00,9.16,9.16,9.16,9.16,11025.0,BTZ
2023-10-23 19:00:00,9.12,9.12,9.12,9.12,1260.0,BTZ
2023-10-23 18:30:00,9.12,9.12,9.12,9.12,1260.0,BTZ
2023-10-23 16:10:00,9.12,9.12,9.12,9.12,1260.0,BTZ
2023-10-23 16:00:00,9.11,9.12,9.11,9.12,2733.0,BTZ
2023-10-23 15:59:00,9.11,9.12,9.11,9.11,16844.0,BTZ
2023-10-23 15:58:00,9.11,9.11,9.11,9.11,2393.0,BTZ
2023-10-23 15:57:00,9.11,9.11,9.11,9.11,2758.0,BTZ
2023-10-23 15:56:00,9.12,9.12,9.11,9.11,1922.0,BTZ
2023-10-23 15:55:00,9.111,9.12,9.11,9.11,3650.0,BTZ
2023-10-23 15:54:00,9.111,9.111,9.111,9.111,803.0,BTZ
2023-10-23 15:53:00,9.12,9.12,9.12,9.12,113.0,BTZ
2023-10-23 15:52:00,9.115,9.12,9.115,9.12,424.0,BTZ
2023-10-23 15:51:00,9.115,9.12,9.111,9.118,12069.0,BTZ
2023-10-23 15:50:00,9.115,9.12,9.11,9.111,12303.0,BTZ
2023-10-23 15:49:00,9.125,9.125,9.12,9.12,8830.0,BTZ
2023-10-23 15:48:00,9.121,9.122,9.121,9.122,2483.0,BTZ
2023-10-23 15:47:00,9.125,9.125,9.121,9.121,610.0,BTZ
2023-10-23 15:46:00,9.125,9.129,9.125,9.125,6287.0,BTZ
2023-10-23 15:45:00,9.12,9.125,9.12,9.121,2223.0,BTZ
2023-10-23 15:44:00,9.125,9.125,9.125,9.125,719.0,BTZ
2023-10-23 15:42:00,9.12,9.12,9.12,9.12,220.0,BTZ
2023-10-23 15:41:00,9.125,9.125,9.12,9.125,2800.0,BTZ
2023-10-23 15:40:00,9.125,9.125,9.125,9.125,400.0,BTZ
2023-10-23 15:39:00,9.125,9.127,9.125,9.125,2113.0,BTZ
2023-10-23 15:38:00,9.117,9.125,9.11,9.125,29984.0,BTZ
2023-10-23 15:37:00,9.12,9.12,9.11,9.11,3852.0,BTZ
2023-10-23 15:35:00,9.125,9.125,9.125,9.125,100.0,BTZ
2023-10-23 15:33:00,9.125,9.125,9.12,9.12,6379.0,BTZ
2023-10-23 15:32:00,9.125,9.125,9.125,9.125,110.0,BTZ
2023-10-23 15:31:00,9.125,9.125,9.125,9.125,100.0,BTZ
2023-10-23 15:30:00,9.125,9.125,9.125,9.125,1092.0,BTZ
2023-10-23 15:29:00,9.125,9.125,9.125,9.125,207.0,BTZ
2023-10-23 15:28:00,9.125,9.125,9.125,9.125,1360.0,BTZ
2023-10-23 15:27:00,9.125,9.125,9.121,9.121,1417.0,BTZ
2023-10-23 15:26:00,9.121,9.121,9.121,9.121,710.0,BTZ
2023-10-23 15:25:00,9.121,9.125,9.121,9.121,2214.0,BTZ
2023-10-23 15:24:00,9.121,9.128,9.121,9.121,5811.0,BTZ
2023-10-23 15:23:00,9.125,9.125,9.125,9.125,887.0,BTZ
2023-10-23 15:21:00,9.121,9.121,9.121,9.121,600.0,BTZ
2023-10-23 15:20:00,9.125,9.125,9.121,9.121,2015.0,BTZ
2023-10-23 15:19:00,9.125,9.128,9.125,9.128,861.0,BTZ
2023-10-23 15:18:00,9.125,9.125,9.12,9.12,200.0,BTZ
2023-10-23 15:17:00,9.125,9.13,9.12,9.125,838.0,BTZ
2023-10-23 15:16:00,9.125,9.125,9.125,9.125,844.0,BTZ
2023-10-23 15:15:00,9.125,9.125,9.121,9.125,1987.0,BTZ
2023-10-23 15:14:00,9.125,9.125,9.125,9.125,1377.0,BTZ
2023-10-23 15:13:00,9.125,9.125,9.125,9.125,351.0,BTZ
2023-10-23 15:12:00,9.12,9.125,9.12,9.125,1500.0,BTZ
2023-10-23 15:11:00,9.125,9.125,9.125,9.125,300.0,BTZ
2023-10-23 15:10:00,9.125,9.125,9.125,9.125,300.0,BTZ
2023-10-23 15:08:00,9.12,9.125,9.12,9.125,7256.0,BTZ
2023-10-23 15:07:00,9.119,9.12,9.11,9.115,6626.0,BTZ
2023-10-23 15:06:00,9.115,9.12,9.115,9.115,1048.0,BTZ
2023-10-23 15:05:00,9.115,9.12,9.111,9.12,14651.0,BTZ
2023-10-23 15:04:00,9.118,9.118,9.118,9.118,1510.0,BTZ
2023-10-23 15:03:00,9.115,9.115,9.11,9.115,400.0,BTZ
2023-10-23 15:02:00,9.11,9.115,9.11,9.115,3900.0,BTZ
2023-10-23 15:01:00,9.125,9.129,9.12,9.12,3727.0,BTZ
2023-10-23 15:00:00,9.12,9.12,9.12,9.12,457.0,BTZ
2023-10-23 14:59:00,9.12,9.125,9.12,9.125,3824.0,BTZ
2023-10-23 14:58:00,9.12,9.12,9.117,9.117,610.0,BTZ
2023-10-23 14:56:00,9.115,9.115,9.111,9.111,9860.0,BTZ
2023-10-23 14:55:00,9.119,9.12,9.115,9.115,5499.0,BTZ
2023-10-23 14:53:00,9.13,9.13,9.11,9.11,7383.0,BTZ
2023-10-23 14:52:00,9.13,9.13,9.125,9.125,1590.0,BTZ
2023-10-23 14:48:00,9.13,9.13,9.129,9.129,646.0,BTZ
2023-10-23 14:47:00,9.125,9.125,9.12,9.12,7911.0,BTZ
2023-10-23 14:45:00,9.129,9.129,9.129,9.129,645.0,BTZ
2023-10-23 14:42:00,9.122,9.122,9.122,9.122,100.0,BTZ
2023-10-23 14:41:00,9.125,9.125,9.125,9.125,1010.0,BTZ
2023-10-23 14:40:00,9.13,9.13,9.13,9.13,101.0,BTZ
2023-10-23 14:38:00,9.123,9.13,9.124,9.13,5055.0,BTZ
2023-10-23 14:36:00,9.13,9.13,9.121,9.121,3448.0,BTZ
2023-10-23 14:35:00,9.125,9.126,9.125,9.126,3785.0,BTZ
2023-10-23 14:32:00,9.125,9.125,9.121,9.125,1824.0,BTZ
2023-10-23 14:31:00,9.13,9.13,9.12,9.12,8804.0,BTZ
2023-10-23 14:30:00,9.13,9.13,9.13,9.13,100.0,BTZ
2023-10-23 14:29:00,9.128,9.129,9.129,9.129,1010.0,BTZ
2023-10-23 14:28:00,9.13,9.13,9.13,9.13,1000.0,BTZ
2023-10-23 14:25:00,9.125,9.125,9.125,9.125,797.0,BTZ
2023-10-23 14:23:00,9.135,9.135,9.125,9.125,3804.0,BTZ
2023-10-23 14:21:00,9.135,9.14,9.13,9.14,2849.0,BTZ
2023-10-23 14:15:00,9.131,9.131,9.131,9.131,600.0,BTZ
2023-10-23 14:14:00,9.135,9.14,9.135,9.14,842.0,BTZ
2023-10-23 14:12:00,9.131,9.135,9.131,9.135,5200.0,BTZ
2023-10-23 14:11:00,9.131,9.131,9.131,9.131,700.0,BTZ
2023-10-23 14:10:00,9.131,9.135,9.131,9.135,760.0,BTZ
2023-10-23 14:06:00,9.135,9.135,9.13,9.13,610.0,BTZ
2023-10-23 14:02:00,9.13,9.135,9.13,9.135,9080.0,BTZ
2023-10-23 14:01:00,9.14,9.14,9.125,9.14,23166.0,BTZ
2023-10-23 14:00:00,9.146,9.146,9.146,9.146,2500.0,BTZ
2023-10-23 13:59:00,9.145,9.145,9.145,9.145,1790.0,BTZ
2023-10-23 13:58:00,9.145,9.145,9.145,9.145,494.0,BTZ
2023-10-23 13:57:00,9.149,9.149,9.145,9.145,804.0,BTZ
2023-10-23 13:56:00,9.145,9.145,9.145,9.145,1010.0,BTZ
2023-10-23 13:54:00,9.15,9.15,9.15,9.15,511.0,BTZ
2023-10-23 13:50:00,9.145,9.145,9.145,9.145,479.0,BTZ
2023-10-23 13:49:00,9.141,9.141,9.141,9.141,200.0,BTZ
2023-10-23 13:48:00,9.141,9.145,9.141,9.145,1400.0,BTZ
2023-10-23 13:47:00,9.141,9.141,9.141,9.141,210.0,BTZ
2023-10-23 13:46:00,9.145,9.15,9.145,9.145,1700.0,BTZ
2023-10-23 13:45:00,9.14,9.14,9.14,9.14,180.0,BTZ
2023-10-23 13:44:00,9.15,9.15,9.15,9.15,1039.0,BTZ
2023-10-23 13:42:00,9.145,9.15,9.145,9.145,8600.0,BTZ
2023-10-23 13:41:00,9.145,9.149,9.14,9.149,1702.0,BTZ
2023-10-23 13:40:00,9.145,9.145,9.145,9.145,900.0,BTZ
2023-10-23 13:39:00,9.145,9.145,9.145,9.145,684.0,BTZ
2023-10-23 13:37:00,9.145,9.15,9.145,9.149,10638.0,BTZ
2023-10-23 13:34:00,9.145,9.145,9.145,9.145,100.0,BTZ
2023-10-23 13:33:00,9.15,9.15,9.15,9.15,1355.0,BTZ
2023-10-23 13:30:00,9.141,9.141,9.14,9.141,784.0,BTZ
2023-10-23 13:29:00,9.145,9.15,9.145,9.15,500.0,BTZ
2023-10-23 13:28:00,9.145,9.145,9.145,9.145,3010.0,BTZ
2023-10-23 13:27:00,9.15,9.15,9.141,9.141,3004.0,BTZ
2023-10-23 13:25:00,9.141,9.141,9.141,9.141,500.0,BTZ
2023-10-23 13:24:00,9.145,9.15,9.141,9.145,3316.0,BTZ
2023-10-23 13:23:00,9.145,9.145,9.141,9.141,500.0,BTZ
2023-10-23 13:22:00,9.141,9.147,9.141,9.145,2300.0,BTZ
2023-10-23 13:21:00,9.141,9.141,9.141,9.141,600.0,BTZ
2023-10-23 13:20:00,9.141,9.141,9.141,9.141,800.0,BTZ
2023-10-23 13:19:00,9.141,9.145,9.141,9.145,1785.0,BTZ
2023-10-23 13:18:00,9.141,9.15,9.141,9.141,1404.0,BTZ
2023-10-23 13:17:00,9.141,9.15,9.141,9.141,1301.0,BTZ
2023-10-23 13:16:00,9.141,9.141,9.141,9.141,400.0,BTZ
2023-10-23 13:15:00,9.141,9.141,9.141,9.141,510.0,BTZ
2023-10-23 13:14:00,9.141,9.141,9.141,9.141,705.0,BTZ
2023-10-23 13:13:00,9.141,9.148,9.141,9.141,1399.0,BTZ
2023-10-23 13:12:00,9.141,9.145,9.141,9.145,500.0,BTZ
2023-10-23 13:11:00,9.141,9.148,9.141,9.141,4200.0,BTZ
2023-10-23 13:10:00,9.155,9.155,9.141,9.15,3500.0,BTZ
2023-10-23 13:08:00,9.151,9.151,9.151,9.151,101.0,BTZ
2023-10-23 13:07:00,9.155,9.159,9.15,9.15,2687.0,BTZ
2023-10-23 13:06:00,9.155,9.155,9.15,9.15,1700.0,BTZ
2023-10-23 13:04:00,9.159,9.159,9.155,9.155,2750.0,BTZ
2023-10-23 13:03:00,9.17,9.17,9.15,9.15,6335.0,BTZ
2023-10-23 13:02:00,9.18,9.18,9.17,9.175,3219.0,BTZ
2023-10-23 13:01:00,9.18,9.18,9.18,9.18,510.0,BTZ
2023-10-23 13:00:00,9.17,9.18,9.17,9.172,2400.0,BTZ
2023-10-23 12:59:00,9.17,9.17,9.17,9.17,110.0,BTZ
2023-10-23 12:58:00,9.17,9.17,9.17,9.17,3368.0,BTZ
2023-10-23 12:57:00,9.155,9.17,9.155,9.165,17979.0,BTZ
2023-10-23 12:55:00,9.155,9.155,9.155,9.155,3410.0,BTZ
2023-10-23 12:54:00,9.157,9.157,9.157,9.157,557.0,BTZ
2023-10-23 12:52:00,9.15,9.15,9.145,9.15,963.0,BTZ
2023-10-23 12:51:00,9.145,9.145,9.145,9.145,100.0,BTZ
2023-10-23 12:50:00,9.15,9.15,9.145,9.145,1110.0,BTZ
2023-10-23 12:47:00,9.144,9.145,9.144,9.145,430.0,BTZ
2023-10-23 12:46:00,9.141,9.141,9.14,9.14,2355.0,BTZ
2023-10-23 12:45:00,9.145,9.145,9.145,9.145,781.0,BTZ
2023-10-23 12:42:00,9.141,9.141,9.14,9.14,1224.0,BTZ
2023-10-23 12:40:00,9.14,9.145,9.14,9.145,2877.0,BTZ
2023-10-23 12:39:00,9.14,9.14,9.14,9.14,500.0,BTZ
2023-10-23 12:38:00,9.135,9.14,9.131,9.14,9922.0,BTZ
2023-10-23 12:37:00,9.139,9.14,9.131,9.131,6610.0,BTZ
2023-10-23 12:36:00,9.131,9.132,9.13,9.132,1480.0,BTZ
2023-10-23 12:35:00,9.131,9.131,9.131,9.131,600.0,BTZ
2023-10-23 12:34:00,9.131,9.131,9.131,9.131,1010.0,BTZ
2023-10-23 12:33:00,9.135,9.135,9.135,9.135,50524.0,BTZ
2023-10-23 12:32:00,9.14,9.14,9.135,9.14,6979.0,BTZ
2023-10-23 12:31:00,9.131,9.135,9.131,9.135,2200.0,BTZ
2023-10-23 12:30:00,9.135,9.14,9.13,9.14,1700.0,BTZ
2023-10-23 12:29:00,9.131,9.135,9.131,9.135,1022.0,BTZ
2023-10-23 12:28:00,9.135,9.135,9.131,9.131,4100.0,BTZ
2023-10-23 12:27:00,9.131,9.131,9.131,9.131,400.0,BTZ
2023-10-23 12:26:00,9.138,9.14,9.131,9.131,4791.0,BTZ
2023-10-23 12:24:00,9.13,9.13,9.13,9.13,6575.0,BTZ
2023-10-23 12:22:00,9.14,9.14,9.13,9.139,600.0,BTZ
2023-10-23 12:21:00,9.136,9.136,9.136,9.136,1000.0,BTZ
2023-10-23 12:20:00,9.135,9.135,9.13,9.13,10056.0,BTZ
2023-10-23 12:17:00,9.14,9.14,9.135,9.135,644.0,BTZ
2023-10-23 12:15:00,9.132,9.132,9.132,9.132,400.0,BTZ
2023-10-23 12:13:00,9.131,9.131,9.131,9.131,810.0,BTZ
2023-10-23 12:12:00,9.14,9.14,9.131,9.131,2218.0,BTZ
2023-10-23 12:11:00,9.14,9.14,9.131,9.131,9100.0,BTZ
2023-10-23 12:08:00,9.145,9.149,9.145,9.149,933.0,BTZ
2023-10-23 12:07:00,9.14,9.145,9.14,9.145,637.0,BTZ
2023-10-23 12:05:00,9.14,9.14,9.14,9.14,545.0,BTZ
2023-10-23 12:03:00,9.142,9.143,9.143,9.143,925.0,BTZ
2023-10-23 12:02:00,9.145,9.145,9.145,9.145,946.0,BTZ
2023-10-23 12:00:00,9.145,9.145,9.141,9.141,843.0,BTZ
2023-10-23 11:59:00,9.159,9.16,9.141,9.141,12992.0,BTZ
2023-10-23 11:58:00,9.155,9.155,9.151,9.151,877.0,BTZ
2023-10-23 11:56:00,9.155,9.16,9.155,9.16,1477.0,BTZ
2023-10-23 11:54:00,9.16,9.16,9.155,9.155,4524.0,BTZ
2023-10-23 11:53:00,9.16,9.16,9.155,9.16,4725.0,BTZ
2023-10-23 11:52:00,9.15,9.15,9.15,9.15,270.0,BTZ
2023-10-23 11:51:00,9.15,9.15,9.15,9.15,1050.0,BTZ
2023-10-23 11:47:00,9.16,9.16,9.15,9.15,712.0,BTZ
2023-10-23 11:45:00,9.159,9.16,9.159,9.16,1043.0,BTZ
2023-10-23 11:44:00,9.15,9.15,9.15,9.15,283.0,BTZ
2023-10-23 11:43:00,9.15,9.155,9.15,9.155,2395.0,BTZ
2023-10-23 11:42:00,9.15,9.15,9.15,9.15,100.0,BTZ
2023-10-23 11:41:00,9.15,9.15,9.15,9.15,100.0,BTZ
2023-10-23 11:40:00,9.15,9.15,9.15,9.15,100.0,BTZ
2023-10-23 11:39:00,9.155,9.16,9.155,9.16,15464.0,BTZ
2023-10-23 11:38:00,9.15,9.16,9.15,9.151,1000.0,BTZ
2023-10-23 11:37:00,9.151,9.151,9.151,9.151,630.0,BTZ
2023-10-23 11:36:00,9.155,9.155,9.15,9.15,2575.0,BTZ
2023-10-23 11:34:00,9.143,9.15,9.143,9.15,2845.0,BTZ
2023-10-23 11:31:00,9.145,9.145,9.145,9.145,300.0,BTZ
2023-10-23 11:30:00,9.145,9.15,9.145,9.15,692.0,BTZ
2023-10-23 11:27:00,9.15,9.15,9.15,9.15,110.0,BTZ
2023-10-23 11:22:00,9.145,9.145,9.145,9.145,1520.0,BTZ
2023-10-23 11:18:00,9.14,9.14,9.14,9.14,766.0,BTZ
2023-10-23 11:17:00,9.14,9.14,9.14,9.14,200.0,BTZ
2023-10-23 11:16:00,9.14,9.14,9.14,9.14,9072.0,BTZ
2023-10-23 11:15:00,9.139,9.14,9.139,9.14,12703.0,BTZ
2023-10-23 11:12:00,9.132,9.133,9.133,9.133,100.0,BTZ
2023-10-23 11:11:00,9.129,9.13,9.125,9.125,1945.0,BTZ
2023-10-23 11:09:00,9.12,9.12,9.12,9.12,135.0,BTZ
2023-10-23 11:08:00,9.12,9.13,9.12,9.13,1553.0,BTZ
2023-10-23 11:07:00,9.13,9.13,9.125,9.125,1368.0,BTZ
2023-10-23 11:06:00,9.125,9.13,9.125,9.13,10100.0,BTZ
2023-10-23 11:05:00,9.125,9.125,9.125,9.125,500.0,BTZ
2023-10-23 11:04:00,9.13,9.13,9.12,9.12,4700.0,BTZ
2023-10-23 11:02:00,9.135,9.135,9.135,9.135,770.0,BTZ
2023-10-23 11:00:00,9.13,9.14,9.13,9.14,1105.0,BTZ
2023-10-23 10:58:00,9.125,9.13,9.125,9.13,1510.0,BTZ
2023-10-23 10:57:00,9.13,9.13,9.13,9.13,336.0,BTZ
2023-10-23 10:56:00,9.125,9.125,9.125,9.125,100.0,BTZ
2023-10-23 10:55:00,9.129,9.129,9.129,9.129,710.0,BTZ
2023-10-23 10:54:00,9.139,9.139,9.125,9.125,5310.0,BTZ
2023-10-23 10:53:00,9.135,9.138,9.135,9.138,550.0,BTZ
2023-10-23 10:52:00,9.136,9.136,9.136,9.136,1000.0,BTZ
2023-10-23 10:51:00,9.13,9.13,9.13,9.13,815.0,BTZ
2023-10-23 10:49:00,9.135,9.135,9.135,9.135,500.0,BTZ
2023-10-23 10:48:00,9.135,9.135,9.125,9.13,6224.0,BTZ
2023-10-23 10:47:00,9.14,9.14,9.14,9.14,2010.0,BTZ
2023-10-23 10:46:00,9.138,9.138,9.131,9.131,711.0,BTZ
2023-10-23 10:44:00,9.135,9.135,9.125,9.13,13488.0,BTZ
2023-10-23 10:43:00,9.135,9.135,9.135,9.135,225.0,BTZ
2023-10-23 10:42:00,9.131,9.131,9.131,9.131,1540.0,BTZ
2023-10-23 10:41:00,9.135,9.135,9.135,9.135,574.0,BTZ
2023-10-23 10:39:00,9.135,9.135,9.135,9.135,600.0,BTZ
2023-10-23 10:38:00,9.145,9.145,9.131,9.131,5701.0,BTZ
2023-10-23 10:35:00,9.14,9.145,9.14,9.145,300.0,BTZ
2023-10-23 10:33:00,9.149,9.149,9.149,9.149,556.0,BTZ
2023-10-23 10:30:00,9.141,9.141,9.141,9.141,700.0,BTZ
2023-10-23 10:29:00,9.145,9.15,9.141,9.141,1269.0,BTZ
2023-10-23 10:28:00,9.141,9.145,9.141,9.145,1010.0,BTZ
2023-10-23 10:27:00,9.14,9.15,9.14,9.141,800.0,BTZ
2023-10-23 10:26:00,9.145,9.15,9.141,9.145,3110.0,BTZ
2023-10-23 10:24:00,9.131,9.14,9.131,9.14,1090.0,BTZ
2023-10-23 10:23:00,9.131,9.14,9.131,9.131,900.0,BTZ
2023-10-23 10:22:00,9.131,9.14,9.131,9.131,2000.0,BTZ
2023-10-23 10:21:00,9.14,9.14,9.131,9.14,1900.0,BTZ
2023-10-23 10:20:00,9.121,9.135,9.121,9.135,5110.0,BTZ
2023-10-23 10:19:00,9.121,9.13,9.121,9.121,1010.0,BTZ
2023-10-23 10:18:00,9.121,9.13,9.121,9.121,500.0,BTZ
2023-10-23 10:17:00,9.121,9.13,9.121,9.13,974.0,BTZ
2023-10-23 10:16:00,9.121,9.121,9.121,9.121,1610.0,BTZ
2023-10-23 10:15:00,9.125,9.13,9.125,9.13,4140.0,BTZ
2023-10-23 10:14:00,9.13,9.13,9.125,9.125,600.0,BTZ
2023-10-23 10:13:00,9.121,9.13,9.121,9.13,4422.0,BTZ
2023-10-23 10:12:00,9.121,9.13,9.121,9.121,1410.0,BTZ
2023-10-23 10:11:00,9.121,9.121,9.121,9.121,725.0,BTZ
2023-10-23 10:10:00,9.121,9.13,9.121,9.121,410.0,BTZ
2023-10-23 10:09:00,9.121,9.125,9.12,9.121,801.0,BTZ
2023-10-23 10:08:00,9.125,9.125,9.121,9.121,500.0,BTZ
2023-10-23 10:07:00,9.121,9.13,9.121,9.121,1410.0,BTZ
2023-10-23 10:06:00,9.121,9.125,9.121,9.125,910.0,BTZ
2023-10-23 10:05:00,9.121,9.121,9.121,9.121,1100.0,BTZ
2023-10-23 10:04:00,9.121,9.125,9.121,9.121,1101.0,BTZ
2023-10-23 10:03:00,9.121,9.13,9.121,9.121,5428.0,BTZ
2023-10-23 10:02:00,9.13,9.13,9.121,9.121,704.0,BTZ
2023-10-23 10:01:00,9.13,9.13,9.128,9.128,946.0,BTZ
2023-10-23 10:00:00,9.125,9.13,9.12,9.13,1351.0,BTZ
2023-10-23 09:59:00,9.119,9.125,9.119,9.125,7020.0,BTZ
2023-10-23 09:58:00,9.12,9.12,9.11,9.12,1010.0,BTZ
2023-10-23 09:57:00,9.111,9.12,9.111,9.12,3624.0,BTZ
2023-10-23 09:56:00,9.119,9.119,9.111,9.111,3465.0,BTZ
2023-10-23 09:55:00,9.111,9.12,9.111,9.12,1525.0,BTZ
2023-10-23 09:54:00,9.111,9.111,9.111,9.111,302.0,BTZ
2023-10-23 09:51:00,9.11,9.11,9.105,9.105,5088.0,BTZ
2023-10-23 09:50:00,9.115,9.12,9.11,9.11,4423.0,BTZ
2023-10-23 09:49:00,9.115,9.115,9.111,9.111,600.0,BTZ
2023-10-23 09:48:00,9.101,9.12,9.101,9.115,2510.0,BTZ
2023-10-23 09:47:00,9.101,9.11,9.101,9.101,1845.0,BTZ
2023-10-23 09:46:00,9.105,9.105,9.101,9.101,1200.0,BTZ
2023-10-23 09:45:00,9.105,9.11,9.105,9.11,3845.0,BTZ
2023-10-23 09:43:00,9.11,9.11,9.11,9.11,1306.0,BTZ
2023-10-23 09:42:00,9.11,9.11,9.11,9.11,1392.0,BTZ
2023-10-23 09:41:00,9.11,9.11,9.11,9.11,4772.0,BTZ
2023-10-23 09:40:00,9.12,9.12,9.12,9.12,279.0,BTZ
2023-10-23 09:39:00,9.12,9.12,9.12,9.12,100.0,BTZ
2023-10-23 09:38:00,9.12,9.12,9.11,9.11,4657.0,BTZ
2023-10-23 09:37:00,9.13,9.13,9.125,9.125,700.0,BTZ
2023-10-23 09:36:00,9.13,9.13,9.13,9.13,200.0,BTZ
2023-10-23 09:34:00,9.14,9.14,9.14,9.14,211.0,BTZ
2023-10-23 09:33:00,9.151,9.151,9.15,9.15,855.0,BTZ
2023-10-23 09:32:00,9.16,9.16,9.16,9.16,746.0,BTZ
2023-10-23 09:30:00,9.17,9.17,9.17,9.17,12615.0,BTZ
2023-10-23 07:01:00,9.16,9.16,9.16,9.16,6000.0,BTZ
