date,1. open,2. high,3. low,4. close,5. volume,Ticker
2025-05-21 19:53:00,68.905,68.905,68.905,68.905,2.0,BUD
2025-05-21 19:37:00,68.67,68.8,68.67,68.8,30.0,BUD
2025-05-21 19:08:00,68.9,68.9,68.9,68.9,1.0,BUD
2025-05-21 19:00:00,68.8,68.8,68.8,68.8,73871.0,BUD
2025-05-21 18:48:00,68.91,68.91,68.91,68.91,3.0,BUD
2025-05-21 18:43:00,68.9099,68.9099,68.9099,68.9099,100.0,BUD
2025-05-21 18:30:00,68.8,68.8,68.8,68.8,73871.0,BUD
2025-05-21 18:16:00,68.9099,68.9099,68.9099,68.9099,300.0,BUD
2025-05-21 18:15:00,68.675,68.675,68.675,68.675,2.0,BUD
2025-05-21 18:05:00,68.8,68.8,68.8,68.8,200.0,BUD
2025-05-21 17:58:00,68.68,68.68,68.68,68.68,1.0,BUD
2025-05-21 17:52:00,68.79,68.79,68.79,68.79,75.0,BUD
2025-05-21 17:51:00,68.4,68.4,68.4,68.4,3.0,BUD
2025-05-21 17:47:00,68.79,68.79,68.79,68.79,5.0,BUD
2025-05-21 17:38:00,68.4,68.4,68.4,68.4,1.0,BUD
2025-05-21 17:18:00,68.79,68.79,68.79,68.79,8.0,BUD
2025-05-21 17:11:00,68.69,68.69,68.69,68.69,1.0,BUD
2025-05-21 17:04:00,68.79,68.79,68.79,68.79,1.0,BUD
2025-05-21 16:54:00,68.69,68.69,68.69,68.69,13.0,BUD
2025-05-21 16:50:00,68.68,68.68,68.68,68.68,20.0,BUD
2025-05-21 16:47:00,67.4,67.4,67.4,67.4,9.0,BUD
2025-05-21 16:45:00,68.8,68.8,68.8,68.8,63.0,BUD
2025-05-21 16:24:00,68.8,68.8,68.8,68.8,699.0,BUD
2025-05-21 16:10:00,68.8,68.8,68.8,68.8,73871.0,BUD
2025-05-21 16:04:00,68.8,68.8,68.8,68.8,10.0,BUD
2025-05-21 16:00:00,68.79,68.8,68.79,68.8,154378.0,BUD
2025-05-21 15:59:00,68.87,68.87,68.79,68.79,62992.0,BUD
2025-05-21 15:58:00,68.865,68.885,68.85,68.87,30705.0,BUD
2025-05-21 15:57:00,68.865,68.89,68.86,68.8675,18961.0,BUD
2025-05-21 15:56:00,68.87,68.88,68.86,68.87,24224.0,BUD
2025-05-21 15:55:00,68.87,68.89,68.865,68.88,17258.0,BUD
2025-05-21 15:54:00,68.855,68.875,68.83,68.87,15011.0,BUD
2025-05-21 15:53:00,68.86,68.86,68.84,68.855,11831.0,BUD
2025-05-21 15:52:00,68.87,68.87,68.855,68.86,9263.0,BUD
2025-05-21 15:51:00,68.845,68.895,68.845,68.87,18013.0,BUD
2025-05-21 15:50:00,68.85,68.865,68.835,68.845,9578.0,BUD
2025-05-21 15:49:00,68.86,68.865,68.835,68.835,8464.0,BUD
2025-05-21 15:48:00,68.86,68.87,68.85,68.86,4706.0,BUD
2025-05-21 15:47:00,68.86,68.87,68.85,68.865,8685.0,BUD
2025-05-21 15:46:00,68.89,68.89,68.86,68.87,6416.0,BUD
2025-05-21 15:45:00,68.91,68.915,68.885,68.89,6479.0,BUD
2025-05-21 15:44:00,68.9,68.915,68.9,68.915,3081.0,BUD
2025-05-21 15:43:00,68.89,68.89,68.885,68.89,1945.0,BUD
2025-05-21 15:42:00,68.89,68.905,68.88,68.895,4285.0,BUD
2025-05-21 15:41:00,68.9,68.91,68.8901,68.8901,3426.0,BUD
2025-05-21 15:40:00,68.88,68.89,68.87,68.89,5781.0,BUD
2025-05-21 15:39:00,68.875,68.88,68.875,68.88,1286.0,BUD
2025-05-21 15:38:00,68.88,68.885,68.8701,68.875,6747.0,BUD
2025-05-21 15:37:00,68.87,68.875,68.87,68.875,1849.0,BUD
2025-05-21 15:36:00,68.86,68.87,68.86,68.8699,2992.0,BUD
2025-05-21 15:35:00,68.87,68.87,68.85,68.855,2699.0,BUD
2025-05-21 15:34:00,68.87,68.87,68.87,68.87,2144.0,BUD
2025-05-21 15:33:00,68.855,68.87,68.855,68.87,2292.0,BUD
2025-05-21 15:32:00,68.845,68.85,68.845,68.85,3760.0,BUD
2025-05-21 15:31:00,68.825,68.855,68.82,68.84,5894.0,BUD
2025-05-21 15:30:00,68.81,68.83,68.81,68.83,6607.0,BUD
2025-05-21 15:29:00,68.8,68.811,68.8,68.81,2461.0,BUD
2025-05-21 15:28:00,68.83,68.83,68.81,68.81,3575.0,BUD
2025-05-21 15:27:00,68.82,68.84,68.81,68.83,14516.0,BUD
2025-05-21 15:26:00,68.8237,68.825,68.8,68.81,5009.0,BUD
2025-05-21 15:25:00,68.83,68.83,68.825,68.825,3792.0,BUD
2025-05-21 15:24:00,68.81,68.85,68.81,68.83,7342.0,BUD
2025-05-21 15:23:00,68.79,68.83,68.78,68.81,25138.0,BUD
2025-05-21 15:22:00,68.82,68.835,68.79,68.79,14584.0,BUD
2025-05-21 15:21:00,68.83,68.83,68.815,68.82,8198.0,BUD
2025-05-21 15:20:00,68.83,68.84,68.83,68.84,1758.0,BUD
2025-05-21 15:19:00,68.81,68.83,68.81,68.83,3407.0,BUD
2025-05-21 15:18:00,68.82,68.82,68.81,68.81,4768.0,BUD
2025-05-21 15:17:00,68.845,68.845,68.825,68.825,1769.0,BUD
2025-05-21 15:16:00,68.835,68.85,68.83,68.85,2153.0,BUD
2025-05-21 15:15:00,68.84,68.85,68.83,68.83,3730.0,BUD
2025-05-21 15:14:00,68.85,68.85,68.845,68.845,449.0,BUD
2025-05-21 15:13:00,68.81,68.86,68.81,68.84,9885.0,BUD
2025-05-21 15:12:00,68.78,68.8,68.78,68.8,3836.0,BUD
2025-05-21 15:11:00,68.77,68.77,68.7601,68.7601,2452.0,BUD
2025-05-21 15:10:00,68.785,68.785,68.77,68.775,2023.0,BUD
2025-05-21 15:09:00,68.78,68.78,68.77,68.77,608.0,BUD
2025-05-21 15:08:00,68.79,68.79,68.78,68.78,2737.0,BUD
2025-05-21 15:07:00,68.8,68.8,68.79,68.79,2784.0,BUD
2025-05-21 15:06:00,68.835,68.84,68.8,68.8,5546.0,BUD
2025-05-21 15:05:00,68.82,68.84,68.82,68.84,3168.0,BUD
2025-05-21 15:04:00,68.805,68.82,68.8,68.815,4509.0,BUD
2025-05-21 15:03:00,68.775,68.82,68.775,68.81,8579.0,BUD
2025-05-21 15:02:00,68.77,68.78,68.7602,68.78,1241.0,BUD
2025-05-21 15:01:00,68.755,68.76,68.75,68.76,5460.0,BUD
2025-05-21 15:00:00,68.735,68.755,68.735,68.755,2481.0,BUD
2025-05-21 14:59:00,68.755,68.765,68.73,68.73,14920.0,BUD
2025-05-21 14:58:00,68.735,68.775,68.735,68.76,3972.0,BUD
2025-05-21 14:57:00,68.73,68.74,68.73,68.74,1470.0,BUD
2025-05-21 14:56:00,68.725,68.74,68.725,68.73,3829.0,BUD
2025-05-21 14:55:00,68.74,68.74,68.73,68.74,4272.0,BUD
2025-05-21 14:54:00,68.735,68.75,68.735,68.74,5666.0,BUD
2025-05-21 14:53:00,68.75,68.75,68.73,68.74,5062.0,BUD
2025-05-21 14:52:00,68.78,68.79,68.76,68.76,3147.0,BUD
2025-05-21 14:51:00,68.76,68.78,68.76,68.78,1152.0,BUD
2025-05-21 14:50:00,68.7746,68.7746,68.745,68.75,2616.0,BUD
2025-05-21 14:49:00,68.805,68.81,68.76,68.76,3844.0,BUD
2025-05-21 14:48:00,68.8,68.805,68.8,68.805,1287.0,BUD
2025-05-21 14:47:00,68.83,68.83,68.8,68.8,2239.0,BUD
2025-05-21 14:46:00,68.845,68.85,68.84,68.84,2965.0,BUD
2025-05-21 14:45:00,68.85,68.85,68.85,68.85,505.0,BUD
2025-05-21 14:44:00,68.85,68.86,68.85,68.86,837.0,BUD
2025-05-21 14:43:00,68.85,68.85,68.85,68.85,270.0,BUD
2025-05-21 14:42:00,68.85,68.85,68.84,68.84,1033.0,BUD
2025-05-21 14:41:00,68.85,68.85,68.83,68.835,1971.0,BUD
2025-05-21 14:40:00,68.85,68.85,68.85,68.85,736.0,BUD
2025-05-21 14:39:00,68.83,68.84,68.8259,68.84,906.0,BUD
2025-05-21 14:38:00,68.84,68.84,68.83,68.83,1627.0,BUD
2025-05-21 14:37:00,68.88,68.88,68.85,68.85,2286.0,BUD
2025-05-21 14:35:00,68.86,68.865,68.85,68.85,990.0,BUD
2025-05-21 14:34:00,68.805,68.84,68.805,68.84,2994.0,BUD
2025-05-21 14:33:00,68.8,68.8,68.79,68.8,2426.0,BUD
2025-05-21 14:32:00,68.785,68.801,68.785,68.801,3686.0,BUD
2025-05-21 14:31:00,68.79,68.8,68.79,68.79,1390.0,BUD
2025-05-21 14:30:00,68.79,68.79,68.77,68.78,1624.0,BUD
2025-05-21 14:29:00,68.775,68.8,68.775,68.8,1601.0,BUD
2025-05-21 14:28:00,68.815,68.815,68.76,68.76,5639.0,BUD
2025-05-21 14:27:00,68.82,68.82,68.815,68.82,1266.0,BUD
2025-05-21 14:26:00,68.815,68.83,68.815,68.82,2693.0,BUD
2025-05-21 14:25:00,68.82,68.835,68.82,68.82,3779.0,BUD
2025-05-21 14:24:00,68.81,68.8153,68.8,68.8,2710.0,BUD
2025-05-21 14:23:00,68.82,68.85,68.82,68.85,15505.0,BUD
2025-05-21 14:22:00,68.82,68.82,68.815,68.815,1570.0,BUD
2025-05-21 14:21:00,68.83,68.8322,68.82,68.8265,2362.0,BUD
2025-05-21 14:20:00,68.84,68.84,68.84,68.84,1038.0,BUD
2025-05-21 14:19:00,68.86,68.86,68.84,68.84,1391.0,BUD
2025-05-21 14:18:00,68.845,68.85,68.845,68.85,1396.0,BUD
2025-05-21 14:17:00,68.865,68.865,68.845,68.845,1181.0,BUD
2025-05-21 14:16:00,68.87,68.88,68.87,68.87,2004.0,BUD
2025-05-21 14:15:00,68.85,68.88,68.85,68.88,1507.0,BUD
2025-05-21 14:14:00,68.825,68.84,68.825,68.84,887.0,BUD
2025-05-21 14:13:00,68.79,68.83,68.79,68.83,3067.0,BUD
2025-05-21 14:12:00,68.8,68.81,68.79,68.79,3900.0,BUD
2025-05-21 14:11:00,68.815,68.815,68.8,68.81,3332.0,BUD
2025-05-21 14:10:00,68.84,68.85,68.825,68.825,7696.0,BUD
2025-05-21 14:09:00,68.865,68.88,68.84,68.84,2938.0,BUD
2025-05-21 14:08:00,68.87,68.885,68.87,68.88,3048.0,BUD
2025-05-21 14:07:00,68.86,68.88,68.86,68.86,6850.0,BUD
2025-05-21 14:06:00,68.81,68.855,68.81,68.85,2215.0,BUD
2025-05-21 14:05:00,68.83,68.845,68.81,68.81,6747.0,BUD
2025-05-21 14:04:00,68.83,68.83,68.83,68.83,4375.0,BUD
2025-05-21 14:03:00,68.82,68.825,68.82,68.825,4399.0,BUD
2025-05-21 14:02:00,68.85,68.85,68.83,68.83,1065.0,BUD
2025-05-21 14:01:00,68.865,68.87,68.86,68.86,2763.0,BUD
2025-05-21 14:00:00,68.88,68.9,68.86,68.86,9364.0,BUD
2025-05-21 13:59:00,68.87,68.87,68.86,68.87,3160.0,BUD
2025-05-21 13:58:00,68.86,68.86,68.86,68.86,485.0,BUD
2025-05-21 13:57:00,68.87,68.87,68.86,68.86,858.0,BUD
2025-05-21 13:56:00,68.88,68.88,68.88,68.88,358.0,BUD
2025-05-21 13:55:00,68.88,68.89,68.88,68.88,838.0,BUD
2025-05-21 13:54:00,68.915,68.915,68.9,68.9,2640.0,BUD
2025-05-21 13:53:00,68.865,68.925,68.865,68.925,3709.0,BUD
2025-05-21 13:52:00,68.9,68.9,68.88,68.88,1930.0,BUD
2025-05-21 13:51:00,68.9017,68.9017,68.9,68.9,1838.0,BUD
2025-05-21 13:50:00,68.9,68.9,68.89,68.9,1160.0,BUD
2025-05-21 13:49:00,68.91,68.915,68.9,68.91,1284.0,BUD
2025-05-21 13:48:00,68.895,68.91,68.895,68.91,2558.0,BUD
2025-05-21 13:47:00,68.9,68.9,68.88,68.89,2382.0,BUD
2025-05-21 13:46:00,68.89,68.91,68.89,68.91,1999.0,BUD
2025-05-21 13:45:00,68.93,68.94,68.89,68.89,3951.0,BUD
2025-05-21 13:44:00,68.94,68.945,68.92,68.935,5389.0,BUD
2025-05-21 13:43:00,68.945,68.96,68.92,68.94,10479.0,BUD
2025-05-21 13:42:00,68.93,68.94,68.92,68.94,3185.0,BUD
2025-05-21 13:41:00,68.94,68.94,68.925,68.925,3697.0,BUD
2025-05-21 13:40:00,68.95,68.95,68.94,68.94,1521.0,BUD
2025-05-21 13:39:00,68.95,68.97,68.95,68.96,2619.0,BUD
2025-05-21 13:38:00,68.92,68.95,68.92,68.95,1646.0,BUD
2025-05-21 13:37:00,68.9,68.91,68.89,68.9,2367.0,BUD
2025-05-21 13:36:00,68.86,68.905,68.86,68.9,3924.0,BUD
2025-05-21 13:35:00,68.86,68.86,68.86,68.86,768.0,BUD
2025-05-21 13:34:00,68.88,68.88,68.85,68.86,3444.0,BUD
2025-05-21 13:33:00,68.855,68.89,68.855,68.89,2733.0,BUD
2025-05-21 13:32:00,68.84,68.87,68.84,68.86,1933.0,BUD
2025-05-21 13:31:00,68.82,68.84,68.79,68.82,7777.0,BUD
2025-05-21 13:30:00,68.87,68.87,68.815,68.825,12967.0,BUD
2025-05-21 13:29:00,68.88,68.89,68.865,68.87,4531.0,BUD
2025-05-21 13:28:00,68.89,68.89,68.88,68.88,4180.0,BUD
2025-05-21 13:27:00,68.87,68.89,68.87,68.89,2411.0,BUD
2025-05-21 13:26:00,68.855,68.86,68.81,68.86,10229.0,BUD
2025-05-21 13:25:00,68.85,68.865,68.84,68.855,7868.0,BUD
2025-05-21 13:24:00,68.84,68.845,68.82,68.845,4326.0,BUD
2025-05-21 13:23:00,68.82,68.84,68.8,68.84,2689.0,BUD
2025-05-21 13:22:00,68.84,68.84,68.8102,68.8102,1845.0,BUD
2025-05-21 13:21:00,68.85,68.85,68.825,68.84,1526.0,BUD
2025-05-21 13:20:00,68.86,68.86,68.84,68.84,2146.0,BUD
2025-05-21 13:19:00,68.835,68.86,68.83,68.86,5560.0,BUD
2025-05-21 13:18:00,68.8701,68.8701,68.84,68.84,2428.0,BUD
2025-05-21 13:17:00,68.93,68.93,68.88,68.88,2670.0,BUD
2025-05-21 13:16:00,68.98,68.98,68.93,68.935,5437.0,BUD
2025-05-21 13:15:00,68.99,68.99,68.985,68.99,1632.0,BUD
2025-05-21 13:13:00,68.97,68.99,68.97,68.99,909.0,BUD
2025-05-21 13:12:00,68.95,68.96,68.94,68.96,3306.0,BUD
2025-05-21 13:11:00,68.99,68.99,68.95,68.95,6396.0,BUD
2025-05-21 13:10:00,68.99,69.0,68.99,69.0,1074.0,BUD
2025-05-21 13:09:00,69.01,69.01,68.99,68.995,1871.0,BUD
2025-05-21 13:08:00,69.02,69.02,69.01,69.01,1524.0,BUD
2025-05-21 13:07:00,69.04,69.05,69.03,69.03,1466.0,BUD
2025-05-21 13:06:00,69.0,69.04,69.0,69.04,8168.0,BUD
2025-05-21 13:04:00,68.98,68.993,68.98,68.985,1150.0,BUD
2025-05-21 13:03:00,68.98,68.98,68.975,68.975,705.0,BUD
2025-05-21 13:02:00,68.98,68.98,68.95,68.95,1576.0,BUD
2025-05-21 13:01:00,68.98,68.98,68.98,68.98,1551.0,BUD
2025-05-21 12:59:00,68.98,68.98,68.97,68.97,2395.0,BUD
2025-05-21 12:57:00,68.98,68.98,68.98,68.98,1353.0,BUD
2025-05-21 12:56:00,68.975,68.975,68.975,68.975,485.0,BUD
2025-05-21 12:54:00,68.96,68.97,68.96,68.97,478.0,BUD
2025-05-21 12:53:00,68.94,68.96,68.94,68.96,2709.0,BUD
2025-05-21 12:52:00,68.935,68.935,68.935,68.935,508.0,BUD
2025-05-21 12:51:00,68.949,68.949,68.94,68.94,847.0,BUD
2025-05-21 12:50:00,68.94,68.945,68.93,68.94,1935.0,BUD
2025-05-21 12:49:00,68.93,68.93,68.93,68.93,727.0,BUD
2025-05-21 12:48:00,68.93,68.94,68.93,68.93,1112.0,BUD
2025-05-21 12:47:00,68.92,68.92,68.92,68.92,507.0,BUD
2025-05-21 12:45:00,68.93,68.93,68.925,68.925,794.0,BUD
2025-05-21 12:44:00,68.915,68.93,68.91,68.93,1118.0,BUD
2025-05-21 12:43:00,68.93,68.93,68.915,68.915,2467.0,BUD
2025-05-21 12:42:00,68.94,68.945,68.9217,68.9217,1759.0,BUD
2025-05-21 12:41:00,68.93,68.94,68.93,68.94,537.0,BUD
2025-05-21 12:40:00,68.9333,68.94,68.92,68.93,711.0,BUD
2025-05-21 12:39:00,68.915,68.93,68.915,68.93,1205.0,BUD
2025-05-21 12:38:00,68.91,68.9182,68.91,68.9182,885.0,BUD
2025-05-21 12:37:00,68.91,68.91,68.91,68.91,5498.0,BUD
2025-05-21 12:36:00,68.92,68.94,68.92,68.92,2666.0,BUD
2025-05-21 12:35:00,68.915,68.915,68.915,68.915,562.0,BUD
2025-05-21 12:33:00,68.9,68.9,68.89,68.895,3213.0,BUD
2025-05-21 12:32:00,68.905,68.905,68.89,68.895,5484.0,BUD
2025-05-21 12:31:00,68.915,68.915,68.9,68.9,6766.0,BUD
2025-05-21 12:30:00,68.89,68.91,68.89,68.91,4435.0,BUD
2025-05-21 12:29:00,68.8798,68.89,68.8798,68.89,2564.0,BUD
2025-05-21 12:26:00,68.88,68.88,68.87,68.87,1018.0,BUD
2025-05-21 12:25:00,68.88,68.88,68.88,68.88,1306.0,BUD
2025-05-21 12:24:00,68.89,68.89,68.88,68.88,1854.0,BUD
2025-05-21 12:23:00,68.881,68.8898,68.881,68.8898,545.0,BUD
2025-05-21 12:22:00,68.885,68.89,68.885,68.89,668.0,BUD
2025-05-21 12:21:00,68.855,68.88,68.85,68.88,4265.0,BUD
2025-05-21 12:20:00,68.86,68.86,68.85,68.855,4729.0,BUD
2025-05-21 12:19:00,68.855,68.855,68.85,68.855,722.0,BUD
2025-05-21 12:18:00,68.85,68.855,68.85,68.855,1360.0,BUD
2025-05-21 12:17:00,68.85,68.855,68.85,68.855,999.0,BUD
2025-05-21 12:15:00,68.8578,68.8578,68.85,68.85,1488.0,BUD
2025-05-21 12:14:00,68.85,68.85,68.85,68.85,1914.0,BUD
2025-05-21 12:13:00,68.855,68.855,68.8492,68.855,3449.0,BUD
2025-05-21 12:12:00,68.85,68.85,68.8494,68.85,1570.0,BUD
2025-05-21 12:10:00,68.88,68.88,68.86,68.87,1886.0,BUD
2025-05-21 12:09:00,68.88,68.89,68.88,68.89,564.0,BUD
2025-05-21 12:08:00,68.87,68.8849,68.87,68.8849,1336.0,BUD
2025-05-21 12:07:00,68.86,68.86,68.85,68.86,633.0,BUD
2025-05-21 12:06:00,68.85,68.86,68.85,68.86,3818.0,BUD
2025-05-21 12:05:00,68.85,68.85,68.845,68.85,1686.0,BUD
2025-05-21 12:04:00,68.85,68.865,68.845,68.845,3879.0,BUD
2025-05-21 12:03:00,68.82,68.85,68.82,68.85,2161.0,BUD
2025-05-21 12:02:00,68.85,68.85,68.82,68.82,1485.0,BUD
2025-05-21 12:01:00,68.85,68.85,68.84,68.84,1335.0,BUD
2025-05-21 11:58:00,68.84,68.84,68.84,68.84,534.0,BUD
2025-05-21 11:57:00,68.88,68.88,68.85,68.85,2687.0,BUD
2025-05-21 11:56:00,68.89,68.89,68.865,68.89,2573.0,BUD
2025-05-21 11:54:00,68.885,68.89,68.88,68.88,894.0,BUD
2025-05-21 11:53:00,68.86,68.8831,68.86,68.8831,1277.0,BUD
2025-05-21 11:52:00,68.86,68.86,68.855,68.855,1128.0,BUD
2025-05-21 11:51:00,68.8803,68.8803,68.87,68.87,3337.0,BUD
2025-05-21 11:50:00,68.87,68.87,68.87,68.87,501.0,BUD
2025-05-21 11:49:00,68.86,68.86,68.86,68.86,495.0,BUD
2025-05-21 11:48:00,68.835,68.86,68.835,68.86,1067.0,BUD
2025-05-21 11:47:00,68.84,68.84,68.84,68.84,675.0,BUD
2025-05-21 11:46:00,68.8585,68.8585,68.84,68.85,2369.0,BUD
2025-05-21 11:45:00,68.86,68.86,68.86,68.86,706.0,BUD
2025-05-21 11:44:00,68.845,68.86,68.845,68.86,1089.0,BUD
2025-05-21 11:43:00,68.825,68.855,68.825,68.846,3207.0,BUD
2025-05-21 11:42:00,68.82,68.84,68.82,68.825,2677.0,BUD
2025-05-21 11:41:00,68.8212,68.8212,68.815,68.815,1579.0,BUD
2025-05-21 11:40:00,68.82,68.82,68.82,68.82,870.0,BUD
2025-05-21 11:39:00,68.815,68.83,68.815,68.82,2547.0,BUD
2025-05-21 11:38:00,68.82,68.82,68.82,68.82,1135.0,BUD
2025-05-21 11:37:00,68.82,68.82,68.82,68.82,342.0,BUD
2025-05-21 11:36:00,68.83,68.83,68.82,68.82,2403.0,BUD
2025-05-21 11:35:00,68.85,68.855,68.82,68.83,12836.0,BUD
2025-05-21 11:34:00,68.845,68.855,68.84,68.85,4030.0,BUD
2025-05-21 11:33:00,68.85,68.85,68.85,68.85,1067.0,BUD
2025-05-21 11:31:00,68.87,68.87,68.84,68.85,1513.0,BUD
2025-05-21 11:30:00,68.83,68.88,68.83,68.875,9184.0,BUD
2025-05-21 11:29:00,68.86,68.86,68.825,68.83,3864.0,BUD
2025-05-21 11:28:00,68.858,68.86,68.855,68.86,698.0,BUD
2025-05-21 11:27:00,68.86,68.86,68.84,68.84,1102.0,BUD
2025-05-21 11:26:00,68.85,68.86,68.85,68.85,1264.0,BUD
2025-05-21 11:25:00,68.845,68.85,68.845,68.85,504.0,BUD
2025-05-21 11:24:00,68.815,68.835,68.81,68.82,1624.0,BUD
2025-05-21 11:23:00,68.81,68.81,68.81,68.81,196.0,BUD
2025-05-21 11:22:00,68.82,68.82,68.81,68.815,783.0,BUD
2025-05-21 11:21:00,68.82,68.82,68.82,68.82,327.0,BUD
2025-05-21 11:20:00,68.86,68.86,68.825,68.825,1306.0,BUD
2025-05-21 11:19:00,68.845,68.8588,68.845,68.845,1447.0,BUD
2025-05-21 11:18:00,68.83,68.855,68.81,68.85,6709.0,BUD
2025-05-21 11:17:00,68.84,68.85,68.84,68.85,364.0,BUD
2025-05-21 11:16:00,68.85,68.85,68.84,68.84,1512.0,BUD
2025-05-21 11:15:00,68.86,68.865,68.855,68.855,858.0,BUD
2025-05-21 11:14:00,68.86,68.88,68.855,68.88,1435.0,BUD
2025-05-21 11:13:00,68.865,68.865,68.85,68.85,1376.0,BUD
2025-05-21 11:12:00,68.86,68.87,68.86,68.87,1904.0,BUD
2025-05-21 11:11:00,68.84,68.85,68.84,68.85,617.0,BUD
2025-05-21 11:10:00,68.82,68.825,68.81,68.825,5986.0,BUD
2025-05-21 11:09:00,68.805,68.82,68.805,68.82,1744.0,BUD
2025-05-21 11:08:00,68.8,68.8,68.79,68.79,940.0,BUD
2025-05-21 11:07:00,68.74,68.8088,68.74,68.8088,4325.0,BUD
2025-05-21 11:06:00,68.72,68.72,68.72,68.72,516.0,BUD
2025-05-21 11:05:00,68.72,68.72,68.715,68.715,1068.0,BUD
2025-05-21 11:04:00,68.72,68.72,68.72,68.72,980.0,BUD
2025-05-21 11:03:00,68.73,68.73,68.72,68.725,6973.0,BUD
2025-05-21 11:02:00,68.735,68.74,68.735,68.74,566.0,BUD
2025-05-21 11:01:00,68.73,68.73,68.72,68.73,2822.0,BUD
2025-05-21 11:00:00,68.755,68.755,68.73,68.735,2935.0,BUD
2025-05-21 10:59:00,68.75,68.76,68.75,68.755,608.0,BUD
2025-05-21 10:58:00,68.77,68.77,68.755,68.755,1507.0,BUD
2025-05-21 10:57:00,68.76,68.77,68.76,68.76,1188.0,BUD
2025-05-21 10:56:00,68.755,68.77,68.74,68.77,2792.0,BUD
2025-05-21 10:55:00,68.74,68.7699,68.735,68.75,5409.0,BUD
2025-05-21 10:54:00,68.735,68.745,68.735,68.745,1008.0,BUD
2025-05-21 10:53:00,68.72,68.735,68.72,68.735,705.0,BUD
2025-05-21 10:52:00,68.72,68.72,68.71,68.71,354.0,BUD
2025-05-21 10:51:00,68.71,68.74,68.71,68.73,1005.0,BUD
2025-05-21 10:50:00,68.725,68.73,68.715,68.715,1394.0,BUD
2025-05-21 10:49:00,68.7,68.73,68.695,68.715,5424.0,BUD
2025-05-21 10:48:00,68.71,68.72,68.7,68.71,2793.0,BUD
2025-05-21 10:47:00,68.68,68.685,68.68,68.685,1636.0,BUD
2025-05-21 10:46:00,68.68,68.69,68.68,68.69,1146.0,BUD
2025-05-21 10:45:00,68.74,68.74,68.695,68.71,3390.0,BUD
2025-05-21 10:44:00,68.765,68.765,68.75,68.75,1102.0,BUD
2025-05-21 10:43:00,68.8,68.8,68.77,68.78,3526.0,BUD
2025-05-21 10:42:00,68.83,68.83,68.79,68.79,6450.0,BUD
2025-05-21 10:41:00,68.83,68.83,68.83,68.83,818.0,BUD
2025-05-21 10:40:00,68.83,68.83,68.82,68.82,1396.0,BUD
2025-05-21 10:39:00,68.805,68.82,68.805,68.82,1215.0,BUD
2025-05-21 10:38:00,68.795,68.805,68.79,68.805,1739.0,BUD
2025-05-21 10:37:00,68.81,68.815,68.81,68.81,764.0,BUD
2025-05-21 10:36:00,68.76,68.8099,68.76,68.8099,1854.0,BUD
2025-05-21 10:35:00,68.76,68.765,68.76,68.765,766.0,BUD
2025-05-21 10:34:00,68.75,68.76,68.73,68.76,5434.0,BUD
2025-05-21 10:33:00,68.75,68.76,68.75,68.76,902.0,BUD
2025-05-21 10:32:00,68.74,68.7591,68.73,68.7591,2568.0,BUD
2025-05-21 10:31:00,68.7401,68.75,68.7401,68.745,5045.0,BUD
2025-05-21 10:30:00,68.81,68.81,68.76,68.76,4252.0,BUD
2025-05-21 10:29:00,68.79,68.8,68.775,68.8,4619.0,BUD
2025-05-21 10:28:00,68.765,68.775,68.765,68.775,3435.0,BUD
2025-05-21 10:27:00,68.75,68.77,68.75,68.77,644.0,BUD
2025-05-21 10:26:00,68.74,68.761,68.73,68.761,4085.0,BUD
2025-05-21 10:25:00,68.78,68.7899,68.75,68.76,8960.0,BUD
2025-05-21 10:24:00,68.845,68.845,68.77,68.77,6823.0,BUD
2025-05-21 10:23:00,68.87,68.88,68.85,68.85,1634.0,BUD
2025-05-21 10:22:00,68.845,68.85,68.84,68.85,1420.0,BUD
2025-05-21 10:21:00,68.8403,68.85,68.84,68.85,3411.0,BUD
2025-05-21 10:20:00,68.86,68.86,68.83,68.845,8685.0,BUD
2025-05-21 10:19:00,68.87,68.87,68.85,68.855,3982.0,BUD
2025-05-21 10:18:00,68.85,68.86,68.83,68.86,786.0,BUD
2025-05-21 10:17:00,68.86,68.86,68.8274,68.8274,1397.0,BUD
2025-05-21 10:16:00,68.815,68.84,68.815,68.84,868.0,BUD
2025-05-21 10:15:00,68.795,68.83,68.795,68.8215,2953.0,BUD
2025-05-21 10:14:00,68.7681,68.8,68.7681,68.8,4789.0,BUD
2025-05-21 10:13:00,68.76,68.77,68.73,68.77,1425.0,BUD
2025-05-21 10:12:00,68.76,68.76,68.76,68.76,437.0,BUD
2025-05-21 10:11:00,68.76,68.77,68.76,68.77,3557.0,BUD
2025-05-21 10:10:00,68.77,68.78,68.75,68.75,1728.0,BUD
2025-05-21 10:09:00,68.79,68.79,68.77,68.77,1970.0,BUD
2025-05-21 10:08:00,68.78,68.78,68.77,68.77,2902.0,BUD
2025-05-21 10:07:00,68.805,68.815,68.79,68.8,6415.0,BUD
2025-05-21 10:06:00,68.8,68.82,68.8,68.8,4574.0,BUD
2025-05-21 10:05:00,68.78,68.78,68.78,68.78,826.0,BUD
2025-05-21 10:04:00,68.825,68.825,68.78,68.78,6964.0,BUD
2025-05-21 10:03:00,68.83,68.84,68.82,68.84,2967.0,BUD
2025-05-21 10:02:00,68.81,68.86,68.81,68.84,12216.0,BUD
2025-05-21 10:01:00,68.78,68.88,68.765,68.81,11045.0,BUD
2025-05-21 10:00:00,68.76,68.76,68.75,68.76,4955.0,BUD
2025-05-21 09:59:00,68.755,68.775,68.75,68.77,2151.0,BUD
2025-05-21 09:58:00,68.77,68.77,68.75,68.755,5343.0,BUD
2025-05-21 09:57:00,68.75,68.79,68.75,68.79,2560.0,BUD
2025-05-21 09:56:00,68.75,68.76,68.73,68.75,4395.0,BUD
2025-05-21 09:55:00,68.73,68.75,68.72,68.75,3250.0,BUD
2025-05-21 09:54:00,68.72,68.73,68.72,68.73,729.0,BUD
2025-05-21 09:53:00,68.72,68.72,68.71,68.71,492.0,BUD
2025-05-21 09:52:00,68.72,68.74,68.7,68.705,2379.0,BUD
2025-05-21 09:51:00,68.72,68.72,68.7,68.705,3007.0,BUD
2025-05-21 09:50:00,68.72,68.73,68.7,68.7,4985.0,BUD
2025-05-21 09:49:00,68.71,68.71,68.69,68.71,3691.0,BUD
2025-05-21 09:48:00,68.72,68.73,68.695,68.72,5098.0,BUD
2025-05-21 09:47:00,68.71,68.73,68.71,68.73,2246.0,BUD
2025-05-21 09:46:00,68.77,68.78,68.73,68.73,6042.0,BUD
2025-05-21 09:45:00,68.78,68.79,68.755,68.77,7704.0,BUD
2025-05-21 09:44:00,68.775,68.78,68.745,68.77,5543.0,BUD
2025-05-21 09:43:00,68.77,68.77,68.75,68.77,2390.0,BUD
2025-05-21 09:42:00,68.8,68.8,68.76,68.775,3192.0,BUD
2025-05-21 09:41:00,68.81,68.81,68.78,68.81,1955.0,BUD
2025-05-21 09:40:00,68.84,68.84,68.8,68.81,8007.0,BUD
2025-05-21 09:39:00,68.88,68.88,68.85,68.85,2640.0,BUD
2025-05-21 09:38:00,68.84,68.86,68.84,68.86,1618.0,BUD
2025-05-21 09:37:00,68.85,68.88,68.84,68.84,4229.0,BUD
2025-05-21 09:36:00,68.84,68.87,68.84,68.865,7612.0,BUD
2025-05-21 09:35:00,68.865,68.9,68.865,68.865,4439.0,BUD
2025-05-21 09:34:00,68.84,68.87,68.84,68.865,1119.0,BUD
2025-05-21 09:33:00,68.88,68.88,68.81,68.81,1267.0,BUD
2025-05-21 09:32:00,68.89,68.92,68.86,68.865,2914.0,BUD
2025-05-21 09:31:00,68.83,68.87,68.815,68.87,4617.0,BUD
2025-05-21 09:30:00,68.83,68.86,68.8,68.85,28262.0,BUD
2025-05-21 09:29:00,68.85,68.85,68.85,68.85,1891.0,BUD
2025-05-21 09:21:00,68.84,68.84,68.84,68.84,225.0,BUD
2025-05-21 09:16:00,68.79,68.7901,68.79,68.7901,2.0,BUD
2025-05-21 09:15:00,68.81,68.81,68.81,68.81,466.0,BUD
2025-05-21 09:14:00,68.83,68.83,68.83,68.83,75.0,BUD
2025-05-21 09:13:00,68.84,68.84,68.84,68.84,1.0,BUD
2025-05-21 09:11:00,68.81,68.81,68.81,68.81,350.0,BUD
2025-05-21 09:04:00,68.8694,68.8694,68.8694,68.8694,1.0,BUD
2025-05-21 09:01:00,68.86,68.86,68.85,68.85,278.0,BUD
2025-05-21 09:00:00,68.86,68.86,68.86,68.86,228.0,BUD
2025-05-21 08:46:00,68.77,68.77,68.77,68.77,350.0,BUD
2025-05-21 08:24:00,68.83,68.83,68.83,68.83,2.0,BUD
2025-05-21 08:05:00,68.71,68.7101,68.71,68.7101,600.0,BUD
2025-05-21 08:04:00,68.8,68.8,68.78,68.78,3.0,BUD
2025-05-21 08:00:00,68.9212,68.96,68.72,68.72,52.0,BUD
2025-05-21 07:46:00,68.73,68.73,68.73,68.73,1.0,BUD
2025-05-21 07:41:00,68.77,68.77,68.77,68.77,1.0,BUD
2025-05-21 07:11:00,68.98,68.98,68.98,68.98,80.0,BUD
2025-05-21 07:07:00,68.96,68.96,68.96,68.96,1.0,BUD
2025-05-21 07:00:00,68.92,68.93,68.91,68.91,108.0,BUD
2025-05-21 06:44:00,69.01,69.01,69.01,69.01,3.0,BUD
2025-05-21 06:38:00,69.02,69.02,69.02,69.02,1000.0,BUD
2025-05-21 06:34:00,69.01,69.01,69.01,69.01,100.0,BUD
2025-05-21 06:30:00,69.0,69.0,69.0,69.0,2.0,BUD
2025-05-21 06:28:00,68.95,68.95,68.95,68.95,900.0,BUD
2025-05-21 06:23:00,68.89,68.89,68.89,68.89,1000.0,BUD
2025-05-21 06:15:00,68.94,68.94,68.94,68.94,75.0,BUD
2025-05-21 06:11:00,68.9,68.9,68.9,68.9,1000.0,BUD
2025-05-21 05:59:00,68.84,68.84,68.84,68.84,150.0,BUD
2025-05-21 05:42:00,68.82,68.82,68.82,68.82,200.0,BUD
2025-05-21 05:35:00,68.81,68.81,68.74,68.74,900.0,BUD
2025-05-21 04:57:00,68.82,68.83,68.82,68.82,1760.0,BUD
2025-05-21 04:01:00,69.0,69.0,69.0,69.0,153.0,BUD
2025-05-21 04:00:00,68.88,68.97,68.88,68.97,2184.0,BUD
2025-05-20 19:39:00,68.56,68.56,68.56,68.56,14.0,BUD
2025-05-20 19:00:00,68.56,68.56,68.56,68.56,54358.0,BUD
2025-05-20 18:44:00,68.68,68.68,68.68,68.68,5.0,BUD
2025-05-20 18:30:00,68.56,68.56,68.56,68.56,54358.0,BUD
2025-05-20 18:07:00,68.65,68.65,68.65,68.65,3.0,BUD
2025-05-20 16:45:00,68.25,68.25,68.25,68.25,7.0,BUD
2025-05-20 16:16:00,68.25,68.25,68.25,68.25,6.0,BUD
2025-05-20 16:15:00,68.25,68.25,68.25,68.25,2.0,BUD
2025-05-20 16:10:00,68.56,68.56,68.56,68.56,54358.0,BUD
2025-05-20 16:05:00,68.56,68.56,68.56,68.56,10.0,BUD
2025-05-20 16:03:00,68.56,68.56,68.56,68.56,1.0,BUD
2025-05-20 16:00:00,68.56,68.56,68.55,68.56,117048.0,BUD
2025-05-20 15:59:00,68.51,68.58,68.51,68.56,27972.0,BUD
2025-05-20 15:58:00,68.5254,68.535,68.515,68.515,17895.0,BUD
2025-05-20 15:57:00,68.525,68.53,68.52,68.525,8894.0,BUD
2025-05-20 15:56:00,68.5,68.53,68.5,68.525,9290.0,BUD
2025-05-20 15:55:00,68.52,68.52,68.49,68.5,13720.0,BUD
2025-05-20 15:54:00,68.52,68.54,68.52,68.52,5941.0,BUD
2025-05-20 15:53:00,68.54,68.54,68.51,68.52,10129.0,BUD
2025-05-20 15:52:00,68.525,68.535,68.52,68.53,5396.0,BUD
2025-05-20 15:51:00,68.52,68.53,68.52,68.53,3138.0,BUD
2025-05-20 15:50:00,68.5,68.53,68.5,68.53,5969.0,BUD
2025-05-20 15:49:00,68.55,68.55,68.5,68.51,5675.0,BUD
2025-05-20 15:48:00,68.55,68.55,68.53,68.545,5631.0,BUD
2025-05-20 15:47:00,68.55,68.55,68.54,68.55,8328.0,BUD
2025-05-20 15:46:00,68.545,68.55,68.54,68.55,7998.0,BUD
2025-05-20 15:45:00,68.545,68.55,68.545,68.55,4321.0,BUD
2025-05-20 15:44:00,68.565,68.57,68.545,68.545,6652.0,BUD
2025-05-20 15:43:00,68.58,68.58,68.57,68.57,3804.0,BUD
2025-05-20 15:42:00,68.58,68.59,68.58,68.59,1346.0,BUD
2025-05-20 15:41:00,68.585,68.595,68.58,68.58,3751.0,BUD
2025-05-20 15:40:00,68.57,68.58,68.57,68.58,2494.0,BUD
2025-05-20 15:39:00,68.545,68.575,68.545,68.575,3684.0,BUD
2025-05-20 15:38:00,68.549,68.549,68.5438,68.545,3100.0,BUD
2025-05-20 15:37:00,68.555,68.555,68.54,68.54,6514.0,BUD
2025-05-20 15:36:00,68.55,68.55,68.55,68.55,793.0,BUD
2025-05-20 15:35:00,68.54,68.56,68.54,68.56,4386.0,BUD
2025-05-20 15:34:00,68.53,68.55,68.53,68.54,5244.0,BUD
2025-05-20 15:33:00,68.51,68.525,68.51,68.525,1357.0,BUD
2025-05-20 15:32:00,68.52,68.53,68.52,68.52,3038.0,BUD
2025-05-20 15:31:00,68.53,68.53,68.52,68.52,2910.0,BUD
2025-05-20 15:30:00,68.51,68.535,68.5,68.53,9452.0,BUD
2025-05-20 15:29:00,68.51,68.515,68.51,68.51,2005.0,BUD
2025-05-20 15:28:00,68.505,68.51,68.5,68.51,2259.0,BUD
2025-05-20 15:27:00,68.51,68.52,68.5,68.5,1167.0,BUD
2025-05-20 15:26:00,68.5,68.52,68.5,68.51,2219.0,BUD
2025-05-20 15:25:00,68.495,68.495,68.49,68.49,1535.0,BUD
2025-05-20 15:24:00,68.47,68.495,68.47,68.495,2935.0,BUD
2025-05-20 15:23:00,68.47,68.47,68.46,68.47,3040.0,BUD
2025-05-20 15:22:00,68.4698,68.475,68.4698,68.475,959.0,BUD
2025-05-20 15:21:00,68.48,68.48,68.48,68.48,139.0,BUD
2025-05-20 15:20:00,68.47,68.47,68.47,68.47,745.0,BUD
2025-05-20 15:19:00,68.46,68.46,68.46,68.46,516.0,BUD
2025-05-20 15:18:00,68.47,68.47,68.47,68.47,968.0,BUD
2025-05-20 15:17:00,68.46,68.46,68.46,68.46,771.0,BUD
2025-05-20 15:15:00,68.475,68.48,68.468,68.468,2318.0,BUD
2025-05-20 15:14:00,68.465,68.47,68.465,68.47,1099.0,BUD
2025-05-20 15:13:00,68.47,68.47,68.47,68.47,204.0,BUD
2025-05-20 15:12:00,68.45,68.46,68.45,68.46,905.0,BUD
2025-05-20 15:11:00,68.45,68.465,68.45,68.45,2020.0,BUD
2025-05-20 15:10:00,68.47,68.47,68.47,68.47,1401.0,BUD
2025-05-20 15:09:00,68.47,68.47,68.47,68.47,254.0,BUD
2025-05-20 15:08:00,68.42,68.45,68.42,68.45,3547.0,BUD
2025-05-20 15:07:00,68.4,68.41,68.4,68.41,2187.0,BUD
2025-05-20 15:06:00,68.41,68.41,68.4,68.4,1434.0,BUD
2025-05-20 15:05:00,68.4,68.41,68.4,68.41,1807.0,BUD
2025-05-20 15:04:00,68.41,68.41,68.39,68.4,3892.0,BUD
2025-05-20 15:03:00,68.4,68.41,68.4,68.41,475.0,BUD
2025-05-20 15:02:00,68.4,68.42,68.4,68.42,1131.0,BUD
2025-05-20 15:01:00,68.41,68.41,68.4,68.4,5001.0,BUD
2025-05-20 15:00:00,68.44,68.44,68.41,68.41,3924.0,BUD
2025-05-20 14:59:00,68.45,68.45,68.45,68.45,1001.0,BUD
2025-05-20 14:58:00,68.44,68.46,68.44,68.46,1019.0,BUD
2025-05-20 14:56:00,68.44,68.44,68.44,68.44,679.0,BUD
2025-05-20 14:55:00,68.45,68.45,68.45,68.45,461.0,BUD
2025-05-20 14:54:00,68.47,68.47,68.45,68.45,1464.0,BUD
2025-05-20 14:53:00,68.4505,68.475,68.4505,68.475,2120.0,BUD
2025-05-20 14:52:00,68.46,68.46,68.455,68.455,1350.0,BUD
2025-05-20 14:51:00,68.46,68.47,68.46,68.467,1688.0,BUD
2025-05-20 14:50:00,68.47,68.47,68.47,68.47,713.0,BUD
2025-05-20 14:49:00,68.4508,68.46,68.4508,68.46,1882.0,BUD
2025-05-20 14:48:00,68.44,68.46,68.44,68.46,329.0,BUD
2025-05-20 14:47:00,68.4502,68.4502,68.4502,68.4502,494.0,BUD
2025-05-20 14:46:00,68.45,68.45,68.45,68.45,721.0,BUD
2025-05-20 14:45:00,68.44,68.44,68.44,68.44,568.0,BUD
2025-05-20 14:44:00,68.455,68.46,68.44,68.45,5682.0,BUD
2025-05-20 14:43:00,68.46,68.47,68.46,68.46,3460.0,BUD
2025-05-20 14:42:00,68.44,68.45,68.44,68.45,1092.0,BUD
2025-05-20 14:41:00,68.44,68.44,68.44,68.44,1281.0,BUD
2025-05-20 14:40:00,68.475,68.475,68.46,68.46,1098.0,BUD
2025-05-20 14:39:00,68.48,68.48,68.47,68.47,1340.0,BUD
2025-05-20 14:38:00,68.4798,68.4798,68.4798,68.4798,228.0,BUD
2025-05-20 14:37:00,68.45,68.46,68.44,68.46,1897.0,BUD
2025-05-20 14:36:00,68.46,68.46,68.46,68.46,338.0,BUD
2025-05-20 14:35:00,68.45,68.45,68.45,68.45,580.0,BUD
2025-05-20 14:34:00,68.45,68.45,68.45,68.45,240.0,BUD
2025-05-20 14:33:00,68.44,68.455,68.44,68.44,3741.0,BUD
2025-05-20 14:32:00,68.43,68.43,68.42,68.43,1319.0,BUD
2025-05-20 14:31:00,68.445,68.445,68.435,68.435,1303.0,BUD
2025-05-20 14:30:00,68.47,68.47,68.47,68.47,131.0,BUD
2025-05-20 14:29:00,68.46,68.47,68.46,68.47,762.0,BUD
2025-05-20 14:28:00,68.48,68.48,68.48,68.48,1828.0,BUD
2025-05-20 14:27:00,68.5,68.5058,68.49,68.49,2777.0,BUD
2025-05-20 14:26:00,68.51,68.51,68.51,68.51,475.0,BUD
2025-05-20 14:25:00,68.51,68.51,68.51,68.51,249.0,BUD
2025-05-20 14:23:00,68.5,68.5,68.5,68.5,467.0,BUD
2025-05-20 14:22:00,68.47,68.48,68.47,68.48,1741.0,BUD
2025-05-20 14:21:00,68.5,68.5,68.46,68.47,3135.0,BUD
2025-05-20 14:20:00,68.51,68.51,68.51,68.51,471.0,BUD
2025-05-20 14:19:00,68.5109,68.5109,68.5109,68.5109,1830.0,BUD
2025-05-20 14:18:00,68.5,68.52,68.5,68.52,2267.0,BUD
2025-05-20 14:17:00,68.52,68.52,68.5048,68.505,983.0,BUD
2025-05-20 14:16:00,68.54,68.54,68.515,68.52,4610.0,BUD
2025-05-20 14:15:00,68.55,68.5572,68.5499,68.5499,983.0,BUD
2025-05-20 14:14:00,68.55,68.55,68.55,68.55,394.0,BUD
2025-05-20 14:12:00,68.56,68.565,68.56,68.56,1232.0,BUD
2025-05-20 14:11:00,68.56,68.56,68.56,68.56,439.0,BUD
2025-05-20 14:09:00,68.56,68.56,68.5423,68.56,734.0,BUD
2025-05-20 14:08:00,68.5448,68.56,68.54,68.56,3253.0,BUD
2025-05-20 14:06:00,68.55,68.55,68.55,68.55,255.0,BUD
2025-05-20 14:05:00,68.54,68.55,68.54,68.55,622.0,BUD
2025-05-20 14:04:00,68.55,68.55,68.55,68.55,1471.0,BUD
2025-05-20 14:03:00,68.5492,68.5492,68.545,68.545,376.0,BUD
2025-05-20 14:02:00,68.54,68.54,68.54,68.54,1159.0,BUD
2025-05-20 14:01:00,68.53,68.53,68.53,68.53,659.0,BUD
2025-05-20 14:00:00,68.545,68.55,68.54,68.54,1963.0,BUD
2025-05-20 13:59:00,68.54,68.55,68.54,68.55,947.0,BUD
2025-05-20 13:58:00,68.54,68.54,68.54,68.54,351.0,BUD
2025-05-20 13:57:00,68.55,68.55,68.55,68.55,1243.0,BUD
2025-05-20 13:56:00,68.55,68.55,68.55,68.55,884.0,BUD
2025-05-20 13:55:00,68.5302,68.55,68.5302,68.55,2251.0,BUD
2025-05-20 13:50:00,68.53,68.53,68.53,68.53,1099.0,BUD
2025-05-20 13:49:00,68.53,68.535,68.53,68.53,1409.0,BUD
2025-05-20 13:47:00,68.53,68.53,68.53,68.53,335.0,BUD
2025-05-20 13:46:00,68.525,68.53,68.52,68.525,1522.0,BUD
2025-05-20 13:45:00,68.54,68.54,68.445,68.53,2521.0,BUD
2025-05-20 13:44:00,68.54,68.55,68.45,68.55,2085.0,BUD
2025-05-20 13:43:00,68.54,68.54,68.54,68.54,973.0,BUD
2025-05-20 13:42:00,68.54,68.54,68.54,68.54,986.0,BUD
2025-05-20 13:40:00,68.53,68.54,68.53,68.54,921.0,BUD
2025-05-20 13:39:00,68.55,68.55,68.53,68.53,2137.0,BUD
2025-05-20 13:36:00,68.56,68.56,68.56,68.56,770.0,BUD
2025-05-20 13:35:00,68.55,68.56,68.55,68.56,2167.0,BUD
2025-05-20 13:34:00,68.525,68.54,68.525,68.54,1396.0,BUD
2025-05-20 13:33:00,68.5392,68.5392,68.53,68.53,1236.0,BUD
2025-05-20 13:32:00,68.54,68.54,68.54,68.54,489.0,BUD
2025-05-20 13:31:00,68.54,68.5478,68.54,68.5478,2097.0,BUD
2025-05-20 13:30:00,68.53,68.53,68.5208,68.53,658.0,BUD
2025-05-20 13:29:00,68.5285,68.5285,68.5285,68.5285,338.0,BUD
2025-05-20 13:28:00,68.535,68.535,68.53,68.53,816.0,BUD
2025-05-20 13:27:00,68.54,68.54,68.535,68.535,456.0,BUD
2025-05-20 13:26:00,68.54,68.54,68.5248,68.5248,2890.0,BUD
2025-05-20 13:25:00,68.545,68.5481,68.54,68.54,1471.0,BUD
2025-05-20 13:24:00,68.54,68.54,68.5368,68.5368,1057.0,BUD
2025-05-20 13:22:00,68.55,68.55,68.54,68.54,798.0,BUD
2025-05-20 13:20:00,68.58,68.58,68.57,68.57,1583.0,BUD
2025-05-20 13:19:00,68.565,68.58,68.565,68.58,994.0,BUD
2025-05-20 13:18:00,68.565,68.565,68.565,68.565,263.0,BUD
2025-05-20 13:17:00,68.565,68.565,68.56,68.565,1356.0,BUD
2025-05-20 13:16:00,68.57,68.57,68.57,68.57,765.0,BUD
2025-05-20 13:15:00,68.56,68.5608,68.56,68.5608,376.0,BUD
2025-05-20 13:14:00,68.56,68.56,68.55,68.56,1426.0,BUD
2025-05-20 13:13:00,68.5599,68.56,68.5599,68.56,1457.0,BUD
2025-05-20 13:12:00,68.56,68.56,68.56,68.56,273.0,BUD
2025-05-20 13:11:00,68.56,68.565,68.56,68.565,666.0,BUD
2025-05-20 13:10:00,68.56,68.57,68.56,68.57,750.0,BUD
2025-05-20 13:09:00,68.52,68.53,68.52,68.53,1861.0,BUD
2025-05-20 13:08:00,68.51,68.51,68.51,68.51,912.0,BUD
2025-05-20 13:07:00,68.5,68.5,68.5,68.5,172.0,BUD
2025-05-20 13:06:00,68.515,68.515,68.5,68.51,2035.0,BUD
2025-05-20 13:05:00,68.51,68.515,68.51,68.515,800.0,BUD
2025-05-20 13:04:00,68.52,68.52,68.52,68.52,355.0,BUD
2025-05-20 13:03:00,68.5259,68.5259,68.5259,68.5259,529.0,BUD
2025-05-20 13:02:00,68.512,68.52,68.512,68.52,1371.0,BUD
2025-05-20 13:01:00,68.51,68.52,68.51,68.52,727.0,BUD
2025-05-20 13:00:00,68.5,68.53,68.5,68.52,3726.0,BUD
2025-05-20 12:59:00,68.5,68.5,68.49,68.5,1750.0,BUD
2025-05-20 12:58:00,68.485,68.5,68.485,68.5,32716.0,BUD
2025-05-20 12:57:00,68.48,68.48,68.48,68.48,235.0,BUD
2025-05-20 12:54:00,68.48,68.48,68.48,68.48,667.0,BUD
2025-05-20 12:53:00,68.48,68.48,68.48,68.48,387.0,BUD
2025-05-20 12:52:00,68.48,68.48,68.48,68.48,510.0,BUD
2025-05-20 12:51:00,68.47,68.475,68.46,68.475,2176.0,BUD
2025-05-20 12:50:00,68.49,68.49,68.47,68.47,1422.0,BUD
2025-05-20 12:49:00,68.48,68.48,68.48,68.48,347.0,BUD
2025-05-20 12:47:00,68.48,68.48,68.48,68.48,910.0,BUD
2025-05-20 12:46:00,68.48,68.49,68.48,68.49,1151.0,BUD
2025-05-20 12:45:00,68.51,68.51,68.49,68.49,673.0,BUD
2025-05-20 12:44:00,68.5,68.5,68.5,68.5,493.0,BUD
2025-05-20 12:43:00,68.495,68.5,68.495,68.5,904.0,BUD
2025-05-20 12:42:00,68.48,68.5,68.48,68.5,2265.0,BUD
2025-05-20 12:40:00,68.4808,68.4808,68.47,68.47,1658.0,BUD
2025-05-20 12:39:00,68.475,68.48,68.475,68.48,851.0,BUD
2025-05-20 12:38:00,68.48,68.48,68.47,68.47,1624.0,BUD
2025-05-20 12:37:00,68.44,68.48,68.44,68.48,2523.0,BUD
2025-05-20 12:35:00,68.43,68.43,68.43,68.43,501.0,BUD
2025-05-20 12:34:00,68.43,68.43,68.42,68.42,1457.0,BUD
2025-05-20 12:33:00,68.435,68.435,68.42,68.42,865.0,BUD
2025-05-20 12:32:00,68.43,68.435,68.43,68.435,910.0,BUD
2025-05-20 12:31:00,68.42,68.43,68.42,68.43,2375.0,BUD
2025-05-20 12:30:00,68.42,68.42,68.42,68.42,459.0,BUD
2025-05-20 12:29:00,68.43,68.43,68.41,68.41,791.0,BUD
2025-05-20 12:27:00,68.415,68.415,68.41,68.4106,874.0,BUD
2025-05-20 12:26:00,68.43,68.43,68.42,68.42,1097.0,BUD
2025-05-20 12:25:00,68.44,68.44,68.42,68.43,1623.0,BUD
2025-05-20 12:23:00,68.45,68.46,68.45,68.45,1128.0,BUD
2025-05-20 12:22:00,68.44,68.44,68.43,68.4331,1444.0,BUD
2025-05-20 12:21:00,68.44,68.44,68.44,68.44,679.0,BUD
2025-05-20 12:20:00,68.44,68.44,68.44,68.44,494.0,BUD
2025-05-20 12:19:00,68.42,68.44,68.42,68.44,1182.0,BUD
2025-05-20 12:18:00,68.44,68.44,68.42,68.42,834.0,BUD
2025-05-20 12:17:00,68.43,68.44,68.43,68.44,1801.0,BUD
2025-05-20 12:15:00,68.45,68.45,68.44,68.44,1323.0,BUD
2025-05-20 12:14:00,68.45,68.45,68.45,68.45,539.0,BUD
2025-05-20 12:12:00,68.43,68.44,68.43,68.44,1363.0,BUD
2025-05-20 12:11:00,68.42,68.42,68.41,68.42,2346.0,BUD
2025-05-20 12:10:00,68.45,68.45,68.42,68.42,896.0,BUD
2025-05-20 12:09:00,68.47,68.47,68.445,68.445,1982.0,BUD
2025-05-20 12:08:00,68.47,68.47,68.47,68.47,403.0,BUD
2025-05-20 12:07:00,68.45,68.47,68.45,68.47,1956.0,BUD
2025-05-20 12:06:00,68.46,68.46,68.46,68.46,1249.0,BUD
2025-05-20 12:05:00,68.46,68.46,68.45,68.46,930.0,BUD
2025-05-20 12:04:00,68.49,68.49,68.465,68.465,1222.0,BUD
2025-05-20 12:03:00,68.49,68.5,68.49,68.49,819.0,BUD
2025-05-20 12:02:00,68.52,68.52,68.5,68.5,1545.0,BUD
2025-05-20 12:01:00,68.52,68.52,68.52,68.52,435.0,BUD
2025-05-20 11:58:00,68.5,68.5,68.5,68.5,525.0,BUD
2025-05-20 11:57:00,68.485,68.485,68.48,68.48,1080.0,BUD
2025-05-20 11:56:00,68.47,68.48,68.47,68.48,757.0,BUD
2025-05-20 11:55:00,68.44,68.46,68.44,68.46,690.0,BUD
2025-05-20 11:54:00,68.435,68.435,68.43,68.43,486.0,BUD
2025-05-20 11:53:00,68.41,68.44,68.41,68.44,1509.0,BUD
2025-05-20 11:52:00,68.42,68.42,68.4,68.41,1643.0,BUD
2025-05-20 11:51:00,68.41,68.42,68.41,68.42,1321.0,BUD
2025-05-20 11:49:00,68.43,68.43,68.4,68.41,1979.0,BUD
2025-05-20 11:48:00,68.43,68.43,68.43,68.43,418.0,BUD
2025-05-20 11:47:00,68.45,68.45,68.44,68.44,2275.0,BUD
2025-05-20 11:46:00,68.45,68.455,68.45,68.455,1125.0,BUD
2025-05-20 11:45:00,68.46,68.46,68.44,68.44,911.0,BUD
2025-05-20 11:44:00,68.47,68.47,68.45,68.45,1847.0,BUD
2025-05-20 11:43:00,68.48,68.48,68.47,68.47,1064.0,BUD
2025-05-20 11:42:00,68.48,68.48,68.48,68.48,412.0,BUD
2025-05-20 11:41:00,68.47,68.48,68.47,68.48,1997.0,BUD
2025-05-20 11:40:00,68.475,68.475,68.47,68.47,740.0,BUD
2025-05-20 11:39:00,68.48,68.48,68.4787,68.4787,492.0,BUD
2025-05-20 11:38:00,68.47,68.47,68.455,68.47,2730.0,BUD
2025-05-20 11:37:00,68.47,68.47,68.47,68.47,460.0,BUD
2025-05-20 11:36:00,68.48,68.48,68.47,68.47,1797.0,BUD
2025-05-20 11:35:00,68.4898,68.4898,68.482,68.4868,1421.0,BUD
2025-05-20 11:34:00,68.51,68.51,68.46,68.48,15085.0,BUD
2025-05-20 11:33:00,68.51,68.53,68.5,68.51,6093.0,BUD
2025-05-20 11:32:00,68.5001,68.51,68.5001,68.51,987.0,BUD
2025-05-20 11:31:00,68.525,68.525,68.5,68.51,2306.0,BUD
2025-05-20 11:30:00,68.52,68.53,68.52,68.525,1104.0,BUD
2025-05-20 11:29:00,68.52,68.52,68.5,68.52,3359.0,BUD
2025-05-20 11:28:00,68.53,68.54,68.53,68.53,1552.0,BUD
2025-05-20 11:27:00,68.5454,68.55,68.535,68.54,2933.0,BUD
2025-05-20 11:26:00,68.545,68.55,68.545,68.55,795.0,BUD
2025-05-20 11:25:00,68.52,68.54,68.52,68.54,2599.0,BUD
2025-05-20 11:24:00,68.52,68.52,68.51,68.52,1096.0,BUD
2025-05-20 11:23:00,68.53,68.53,68.515,68.52,2174.0,BUD
2025-05-20 11:22:00,68.5471,68.5471,68.5471,68.5471,211.0,BUD
2025-05-20 11:21:00,68.53,68.54,68.53,68.53,2192.0,BUD
2025-05-20 11:20:00,68.55,68.55,68.54,68.54,367.0,BUD
2025-05-20 11:19:00,68.55,68.555,68.545,68.545,2788.0,BUD
2025-05-20 11:18:00,68.54,68.56,68.54,68.55,4046.0,BUD
2025-05-20 11:17:00,68.55,68.55,68.54,68.54,779.0,BUD
2025-05-20 11:16:00,68.54,68.565,68.54,68.55,3500.0,BUD
2025-05-20 11:15:00,68.54,68.55,68.54,68.55,2328.0,BUD
2025-05-20 11:14:00,68.535,68.535,68.51,68.52,3905.0,BUD
2025-05-20 11:13:00,68.57,68.57,68.54,68.54,2011.0,BUD
2025-05-20 11:12:00,68.5791,68.5823,68.575,68.575,1274.0,BUD
2025-05-20 11:11:00,68.58,68.58,68.56,68.56,1732.0,BUD
2025-05-20 11:10:00,68.59,68.59,68.58,68.585,2080.0,BUD
2025-05-20 11:09:00,68.58,68.58,68.58,68.58,625.0,BUD
2025-05-20 11:08:00,68.58,68.58,68.57,68.57,594.0,BUD
2025-05-20 11:07:00,68.56,68.58,68.5599,68.58,1893.0,BUD
2025-05-20 11:06:00,68.58,68.58,68.54,68.57,8333.0,BUD
2025-05-20 11:05:00,68.55,68.57,68.55,68.57,1960.0,BUD
2025-05-20 11:04:00,68.56,68.56,68.56,68.56,324.0,BUD
2025-05-20 11:03:00,68.55,68.56,68.55,68.56,739.0,BUD
2025-05-20 11:02:00,68.56,68.56,68.55,68.55,438.0,BUD
2025-05-20 11:01:00,68.58,68.58,68.55,68.55,1258.0,BUD
2025-05-20 11:00:00,68.58,68.59,68.58,68.59,1925.0,BUD
2025-05-20 10:59:00,68.57,68.57,68.57,68.57,677.0,BUD
2025-05-20 10:58:00,68.58,68.58,68.56,68.56,1475.0,BUD
2025-05-20 10:57:00,68.58,68.59,68.58,68.59,2615.0,BUD
2025-05-20 10:56:00,68.6,68.6,68.6,68.6,666.0,BUD
2025-05-20 10:55:00,68.585,68.59,68.585,68.59,1274.0,BUD
2025-05-20 10:54:00,68.56,68.57,68.56,68.57,1435.0,BUD
2025-05-20 10:53:00,68.56,68.56,68.56,68.56,1380.0,BUD
2025-05-20 10:52:00,68.58,68.585,68.5601,68.5601,1469.0,BUD
2025-05-20 10:51:00,68.58,68.58,68.575,68.575,968.0,BUD
2025-05-20 10:50:00,68.58,68.58,68.58,68.58,980.0,BUD
2025-05-20 10:49:00,68.55,68.585,68.55,68.5815,1353.0,BUD
2025-05-20 10:48:00,68.54,68.555,68.53,68.55,3678.0,BUD
2025-05-20 10:47:00,68.565,68.565,68.555,68.555,1028.0,BUD
2025-05-20 10:46:00,68.55,68.565,68.55,68.565,929.0,BUD
2025-05-20 10:45:00,68.54,68.55,68.54,68.55,2338.0,BUD
2025-05-20 10:44:00,68.54,68.54,68.54,68.54,808.0,BUD
2025-05-20 10:43:00,68.56,68.56,68.54,68.54,2033.0,BUD
2025-05-20 10:42:00,68.57,68.57,68.55,68.55,677.0,BUD
2025-05-20 10:41:00,68.57,68.5764,68.55,68.55,1188.0,BUD
2025-05-20 10:40:00,68.535,68.57,68.535,68.5697,4281.0,BUD
2025-05-20 10:39:00,68.48,68.535,68.48,68.535,3640.0,BUD
2025-05-20 10:38:00,68.485,68.485,68.48,68.48,481.0,BUD
2025-05-20 10:37:00,68.475,68.48,68.47,68.48,3749.0,BUD
2025-05-20 10:36:00,68.48,68.495,68.47,68.47,7261.0,BUD
2025-05-20 10:35:00,68.49,68.49,68.48,68.485,1478.0,BUD
2025-05-20 10:34:00,68.49,68.5,68.49,68.495,2073.0,BUD
2025-05-20 10:33:00,68.52,68.52,68.5,68.5,2063.0,BUD
2025-05-20 10:32:00,68.52,68.54,68.52,68.53,1487.0,BUD
2025-05-20 10:31:00,68.53,68.53,68.53,68.53,826.0,BUD
2025-05-20 10:30:00,68.515,68.53,68.51,68.53,2661.0,BUD
2025-05-20 10:29:00,68.52,68.52,68.52,68.52,478.0,BUD
2025-05-20 10:28:00,68.52,68.52,68.5,68.51,1817.0,BUD
2025-05-20 10:27:00,68.51,68.52,68.5,68.5,1156.0,BUD
2025-05-20 10:26:00,68.54,68.54,68.52,68.52,1921.0,BUD
2025-05-20 10:25:00,68.49,68.53,68.49,68.53,5937.0,BUD
2025-05-20 10:24:00,68.53,68.53,68.49,68.49,1945.0,BUD
2025-05-20 10:23:00,68.53,68.535,68.53,68.53,4338.0,BUD
2025-05-20 10:22:00,68.5,68.52,68.5,68.52,5327.0,BUD
2025-05-20 10:21:00,68.51,68.51,68.5,68.51,1690.0,BUD
2025-05-20 10:20:00,68.505,68.505,68.505,68.505,2369.0,BUD
2025-05-20 10:19:00,68.505,68.52,68.4918,68.5,22296.0,BUD
2025-05-20 10:18:00,68.51,68.51,68.49,68.51,1319.0,BUD
2025-05-20 10:17:00,68.55,68.55,68.51,68.52,3322.0,BUD
2025-05-20 10:16:00,68.59,68.6,68.56,68.56,2777.0,BUD
2025-05-20 10:15:00,68.6225,68.63,68.62,68.62,2131.0,BUD
2025-05-20 10:14:00,68.65,68.67,68.63,68.63,6722.0,BUD
2025-05-20 10:13:00,68.63,68.65,68.62,68.645,5859.0,BUD
2025-05-20 10:12:00,68.645,68.645,68.63,68.63,6133.0,BUD
2025-05-20 10:11:00,68.685,68.685,68.65,68.65,6859.0,BUD
2025-05-20 10:10:00,68.69,68.69,68.68,68.685,3976.0,BUD
2025-05-20 10:09:00,68.66,68.69,68.65,68.69,1143.0,BUD
2025-05-20 10:08:00,68.68,68.69,68.67,68.67,2882.0,BUD
2025-05-20 10:07:00,68.67,68.69,68.67,68.67,3224.0,BUD
2025-05-20 10:06:00,68.65,68.66,68.64,68.66,3275.0,BUD
2025-05-20 10:05:00,68.69,68.69,68.64,68.64,1820.0,BUD
2025-05-20 10:04:00,68.69,68.69,68.69,68.69,171.0,BUD
2025-05-20 10:03:00,68.71,68.72,68.68,68.685,4636.0,BUD
2025-05-20 10:02:00,68.7,68.715,68.6894,68.6894,5830.0,BUD
2025-05-20 10:01:00,68.7,68.71,68.69,68.71,3238.0,BUD
2025-05-20 10:00:00,68.67,68.69,68.67,68.69,1546.0,BUD
2025-05-20 09:59:00,68.67,68.68,68.67,68.675,607.0,BUD
2025-05-20 09:58:00,68.69,68.695,68.68,68.68,605.0,BUD
2025-05-20 09:57:00,68.67,68.68,68.655,68.68,4747.0,BUD
2025-05-20 09:56:00,68.68,68.69,68.67,68.69,4831.0,BUD
2025-05-20 09:55:00,68.67,68.69,68.67,68.68,1677.0,BUD
2025-05-20 09:54:00,68.68,68.6857,68.67,68.6857,3114.0,BUD
2025-05-20 09:53:00,68.6,68.68,68.6,68.67,6328.0,BUD
2025-05-20 09:52:00,68.64,68.64,68.6,68.62,2251.0,BUD
2025-05-20 09:51:00,68.62,68.64,68.61,68.64,3237.0,BUD
2025-05-20 09:50:00,68.575,68.59,68.57,68.59,3316.0,BUD
2025-05-20 09:49:00,68.52,68.55,68.52,68.55,1850.0,BUD
2025-05-20 09:48:00,68.51,68.515,68.49,68.515,1121.0,BUD
2025-05-20 09:47:00,68.53,68.55,68.505,68.505,2909.0,BUD
2025-05-20 09:46:00,68.52,68.53,68.52,68.53,6238.0,BUD
2025-05-20 09:45:00,68.46,68.52,68.46,68.52,3655.0,BUD
2025-05-20 09:44:00,68.48,68.49,68.45,68.48,4341.0,BUD
2025-05-20 09:43:00,68.51,68.51,68.47,68.49,4098.0,BUD
2025-05-20 09:42:00,68.51,68.515,68.48,68.5,1930.0,BUD
2025-05-20 09:41:00,68.52,68.52,68.505,68.505,3261.0,BUD
2025-05-20 09:40:00,68.52,68.52,68.5,68.5,2844.0,BUD
2025-05-20 09:39:00,68.48,68.505,68.48,68.5,1316.0,BUD
2025-05-20 09:38:00,68.48,68.5,68.48,68.5,2672.0,BUD
2025-05-20 09:37:00,68.43,68.46,68.415,68.46,3957.0,BUD
2025-05-20 09:36:00,68.45,68.45,68.41,68.41,6864.0,BUD
2025-05-20 09:35:00,68.425,68.46,68.42,68.46,3783.0,BUD
2025-05-20 09:34:00,68.43,68.45,68.43,68.44,2844.0,BUD
2025-05-20 09:33:00,68.49,68.49,68.42,68.42,4668.0,BUD
2025-05-20 09:32:00,68.5154,68.53,68.49,68.5,3492.0,BUD
2025-05-20 09:31:00,68.51,68.54,68.51,68.54,5311.0,BUD
2025-05-20 09:30:00,68.5,68.52,68.45,68.51,21790.0,BUD
2025-05-20 09:29:00,68.46,68.47,68.46,68.47,251.0,BUD
2025-05-20 09:06:00,68.42,68.42,68.42,68.42,75.0,BUD
2025-05-20 09:03:00,68.4,68.4,68.4,68.4,209.0,BUD
2025-05-20 09:02:00,68.39,68.39,68.39,68.39,1.0,BUD
2025-05-20 09:01:00,68.39,68.39,68.37,68.39,155.0,BUD
2025-05-20 08:48:00,68.36,68.37,68.36,68.37,400.0,BUD
2025-05-20 08:30:00,68.25,68.25,68.25,68.25,6.0,BUD
2025-05-20 08:28:00,68.24,68.24,68.24,68.24,300.0,BUD
2025-05-20 08:26:00,68.23,68.23,68.23,68.23,200.0,BUD
2025-05-20 08:23:00,68.25,68.25,68.25,68.25,471.0,BUD
2025-05-20 08:22:00,68.25,68.25,68.25,68.25,300.0,BUD
2025-05-20 08:21:00,68.27,68.27,68.26,68.26,144.0,BUD
2025-05-20 08:07:00,68.4,68.4,68.4,68.4,355.0,BUD
2025-05-20 08:00:00,68.433,68.65,68.43,68.444,119.0,BUD
2025-05-20 07:15:00,68.4,68.4,68.4,68.4,50.0,BUD
2025-05-20 07:03:00,68.48,68.48,68.48,68.48,75.0,BUD
2025-05-20 07:00:00,68.48,68.49,68.48,68.49,67.0,BUD
2025-05-20 06:57:00,68.48,68.48,68.48,68.48,100.0,BUD
2025-05-20 06:25:00,68.45,68.45,68.45,68.45,100.0,BUD
2025-05-20 06:24:00,68.46,68.46,68.46,68.46,10.0,BUD
2025-05-20 06:19:00,68.5,68.5,68.5,68.5,989.0,BUD
2025-05-20 06:14:00,68.46,68.46,68.46,68.46,4.0,BUD
2025-05-20 05:46:00,68.44,68.44,68.44,68.44,1.0,BUD
2025-05-20 04:50:00,68.38,68.38,68.38,68.38,18.0,BUD
2025-05-20 04:48:00,68.4,68.4,68.4,68.4,36.0,BUD
2025-05-20 04:24:00,68.44,68.44,68.44,68.44,100.0,BUD
2025-05-20 04:23:00,68.47,68.47,68.47,68.47,3.0,BUD
2025-05-19 19:17:00,68.59,68.59,68.59,68.59,4.0,BUD
2025-05-19 19:00:00,68.65,68.65,68.65,68.65,105632.0,BUD
2025-05-19 18:57:00,68.68,68.81,68.68,68.81,12.0,BUD
2025-05-19 18:53:00,68.86,68.86,68.86,68.86,1.0,BUD
2025-05-19 18:49:00,68.45,68.45,68.45,68.45,1.0,BUD
2025-05-19 18:30:00,68.65,68.65,68.65,68.65,105632.0,BUD
2025-05-19 17:52:00,68.67,68.67,68.67,68.67,1.0,BUD
2025-05-19 17:49:00,68.6775,68.6775,68.6775,68.6775,4.0,BUD
2025-05-19 17:41:00,68.6,68.6,68.6,68.6,1.0,BUD
2025-05-19 17:39:00,68.655,68.67,68.655,68.67,4.0,BUD
2025-05-19 17:09:00,68.662,68.662,68.662,68.662,5.0,BUD
2025-05-19 17:04:00,68.05,68.05,68.05,68.05,4.0,BUD
2025-05-19 16:33:00,68.67,68.67,68.67,68.67,1.0,BUD
2025-05-19 16:30:00,68.26,68.26,68.26,68.26,1.0,BUD
2025-05-19 16:10:00,68.65,68.65,68.65,68.65,105632.0,BUD
2025-05-19 16:06:00,68.66,68.85,68.66,68.85,79.0,BUD
2025-05-19 16:05:00,68.65,68.9625,68.65,68.65,95.0,BUD
2025-05-19 16:04:00,67.5,67.5,67.5,67.5,6.0,BUD
2025-05-19 16:00:00,68.63,68.65,68.63,68.65,233681.0,BUD
2025-05-19 15:59:00,68.64,68.67,68.63,68.63,51689.0,BUD
2025-05-19 15:58:00,68.635,68.65,68.625,68.645,25863.0,BUD
2025-05-19 15:57:00,68.62,68.6399,68.615,68.635,19747.0,BUD
2025-05-19 15:56:00,68.635,68.64,68.605,68.62,21237.0,BUD
2025-05-19 15:55:00,68.61,68.645,68.595,68.635,24683.0,BUD
2025-05-19 15:54:00,68.61,68.629,68.61,68.615,12469.0,BUD
2025-05-19 15:53:00,68.625,68.625,68.61,68.61,11365.0,BUD
2025-05-19 15:52:00,68.63,68.6399,68.615,68.63,14827.0,BUD
2025-05-19 15:51:00,68.605,68.63,68.595,68.63,16302.0,BUD
2025-05-19 15:50:00,68.59,68.61,68.585,68.605,10688.0,BUD
2025-05-19 15:49:00,68.615,68.619,68.58,68.585,8719.0,BUD
2025-05-19 15:48:00,68.625,68.63,68.615,68.62,8073.0,BUD
2025-05-19 15:47:00,68.615,68.63,68.615,68.625,9107.0,BUD
2025-05-19 15:46:00,68.595,68.61,68.585,68.61,12513.0,BUD
2025-05-19 15:45:00,68.57,68.595,68.57,68.595,5402.0,BUD
2025-05-19 15:44:00,68.595,68.6,68.565,68.57,18132.0,BUD
2025-05-19 15:43:00,68.59,68.6,68.59,68.599,11192.0,BUD
2025-05-19 15:42:00,68.57,68.58,68.56,68.58,14950.0,BUD
2025-05-19 15:41:00,68.55,68.58,68.55,68.57,33482.0,BUD
2025-05-19 15:40:00,68.55,68.55,68.545,68.545,3003.0,BUD
2025-05-19 15:39:00,68.53,68.55,68.53,68.545,8941.0,BUD
2025-05-19 15:38:00,68.565,68.565,68.5,68.53,14765.0,BUD
2025-05-19 15:37:00,68.5626,68.565,68.56,68.565,2672.0,BUD
2025-05-19 15:36:00,68.565,68.569,68.5629,68.565,3657.0,BUD
2025-05-19 15:35:00,68.545,68.565,68.545,68.565,4633.0,BUD
2025-05-19 15:34:00,68.555,68.555,68.5435,68.545,5956.0,BUD
2025-05-19 15:33:00,68.54,68.559,68.535,68.559,15924.0,BUD
2025-05-19 15:32:00,68.53,68.54,68.53,68.535,9365.0,BUD
2025-05-19 15:31:00,68.52,68.54,68.52,68.535,4527.0,BUD
2025-05-19 15:30:00,68.5,68.515,68.5,68.515,2847.0,BUD
2025-05-19 15:29:00,68.47,68.509,68.47,68.509,4074.0,BUD
2025-05-19 15:28:00,68.489,68.489,68.465,68.465,4477.0,BUD
2025-05-19 15:27:00,68.49,68.495,68.489,68.49,9347.0,BUD
2025-05-19 15:26:00,68.5,68.5,68.49,68.495,5443.0,BUD
2025-05-19 15:25:00,68.5,68.5,68.49,68.495,2039.0,BUD
2025-05-19 15:24:00,68.489,68.5,68.489,68.5,2655.0,BUD
2025-05-19 15:23:00,68.49,68.49,68.49,68.49,1866.0,BUD
2025-05-19 15:22:00,68.4568,68.49,68.4568,68.485,12553.0,BUD
2025-05-19 15:21:00,68.455,68.459,68.45,68.459,1529.0,BUD
2025-05-19 15:20:00,68.459,68.46,68.455,68.455,967.0,BUD
2025-05-19 15:19:00,68.48,68.48,68.46,68.46,9681.0,BUD
2025-05-19 15:18:00,68.46,68.485,68.46,68.485,5783.0,BUD
2025-05-19 15:17:00,68.47,68.47,68.455,68.455,2970.0,BUD
2025-05-19 15:16:00,68.47,68.47,68.46,68.46,4730.0,BUD
2025-05-19 15:15:00,68.45,68.475,68.45,68.475,10525.0,BUD
2025-05-19 15:14:00,68.46,68.465,68.455,68.46,5123.0,BUD
2025-05-19 15:13:00,68.48,68.48,68.455,68.46,6510.0,BUD
2025-05-19 15:12:00,68.465,68.49,68.455,68.485,11018.0,BUD
2025-05-19 15:11:00,68.45,68.46,68.44,68.46,8410.0,BUD
2025-05-19 15:10:00,68.395,68.45,68.395,68.45,28581.0,BUD
2025-05-19 15:09:00,68.3801,68.39,68.3801,68.39,10735.0,BUD
2025-05-19 15:08:00,68.39,68.39,68.385,68.385,1646.0,BUD
2025-05-19 15:07:00,68.38,68.385,68.38,68.385,3077.0,BUD
2025-05-19 15:06:00,68.38,68.38,68.375,68.38,5292.0,BUD
2025-05-19 15:05:00,68.375,68.375,68.375,68.375,702.0,BUD
2025-05-19 15:04:00,68.38,68.38,68.38,68.38,4471.0,BUD
2025-05-19 15:03:00,68.385,68.39,68.385,68.385,2760.0,BUD
2025-05-19 15:02:00,68.39,68.39,68.39,68.39,2305.0,BUD
2025-05-19 15:01:00,68.395,68.395,68.385,68.385,4657.0,BUD
2025-05-19 15:00:00,68.38,68.395,68.38,68.395,6668.0,BUD
2025-05-19 14:59:00,68.36,68.38,68.36,68.375,3341.0,BUD
2025-05-19 14:58:00,68.36,68.36,68.35,68.35,1914.0,BUD
2025-05-19 14:57:00,68.3617,68.365,68.3617,68.365,989.0,BUD
2025-05-19 14:56:00,68.37,68.37,68.36,68.36,1778.0,BUD
2025-05-19 14:55:00,68.375,68.375,68.375,68.375,1060.0,BUD
2025-05-19 14:54:00,68.38,68.38,68.375,68.375,1415.0,BUD
2025-05-19 14:53:00,68.375,68.38,68.375,68.375,1319.0,BUD
2025-05-19 14:52:00,68.385,68.39,68.38,68.38,2655.0,BUD
2025-05-19 14:51:00,68.38,68.39,68.38,68.39,852.0,BUD
2025-05-19 14:50:00,68.39,68.39,68.375,68.38,2611.0,BUD
2025-05-19 14:49:00,68.385,68.385,68.385,68.385,909.0,BUD
2025-05-19 14:48:00,68.375,68.38,68.37,68.38,3187.0,BUD
2025-05-19 14:47:00,68.37,68.39,68.37,68.375,6703.0,BUD
2025-05-19 14:46:00,68.365,68.37,68.365,68.365,1092.0,BUD
2025-05-19 14:45:00,68.37,68.37,68.37,68.37,531.0,BUD
2025-05-19 14:44:00,68.36,68.365,68.36,68.365,2043.0,BUD
2025-05-19 14:43:00,68.36,68.36,68.36,68.36,3702.0,BUD
2025-05-19 14:42:00,68.36,68.36,68.36,68.36,1235.0,BUD
2025-05-19 14:41:00,68.355,68.355,68.355,68.355,871.0,BUD
2025-05-19 14:40:00,68.355,68.355,68.3494,68.3494,2201.0,BUD
2025-05-19 14:39:00,68.36,68.36,68.355,68.355,1627.0,BUD
2025-05-19 14:37:00,68.355,68.355,68.355,68.355,751.0,BUD
2025-05-19 14:36:00,68.34,68.36,68.335,68.35,4555.0,BUD
2025-05-19 14:34:00,68.36,68.36,68.345,68.35,2908.0,BUD
2025-05-19 14:33:00,68.34,68.35,68.34,68.35,1772.0,BUD
2025-05-19 14:32:00,68.315,68.35,68.315,68.345,6844.0,BUD
2025-05-19 14:31:00,68.315,68.315,68.3116,68.3116,880.0,BUD
2025-05-19 14:30:00,68.315,68.32,68.315,68.315,894.0,BUD
2025-05-19 14:29:00,68.29,68.31,68.29,68.31,2066.0,BUD
2025-05-19 14:28:00,68.28,68.29,68.275,68.285,2208.0,BUD
2025-05-19 14:27:00,68.2801,68.2801,68.275,68.28,4572.0,BUD
2025-05-19 14:26:00,68.27,68.2895,68.27,68.285,2570.0,BUD
2025-05-19 14:25:00,68.28,68.28,68.26,68.27,8004.0,BUD
2025-05-19 14:24:00,68.285,68.285,68.27,68.28,11580.0,BUD
2025-05-19 14:23:00,68.28,68.29,68.28,68.285,4519.0,BUD
2025-05-19 14:22:00,68.275,68.28,68.27,68.275,4529.0,BUD
2025-05-19 14:21:00,68.28,68.28,68.28,68.28,639.0,BUD
2025-05-19 14:20:00,68.28,68.29,68.28,68.28,1673.0,BUD
2025-05-19 14:19:00,68.28,68.28,68.28,68.28,1513.0,BUD
2025-05-19 14:18:00,68.295,68.295,68.28,68.29,5514.0,BUD
2025-05-19 14:17:00,68.295,68.295,68.295,68.295,711.0,BUD
2025-05-19 14:16:00,68.295,68.3,68.295,68.3,1043.0,BUD
2025-05-19 14:15:00,68.3,68.3,68.3,68.3,2941.0,BUD
2025-05-19 14:14:00,68.31,68.31,68.31,68.31,326.0,BUD
2025-05-19 14:13:00,68.31,68.31,68.31,68.31,295.0,BUD
2025-05-19 14:12:00,68.3,68.3,68.3,68.3,1854.0,BUD
2025-05-19 14:11:00,68.31,68.31,68.3,68.3,3745.0,BUD
2025-05-19 14:10:00,68.327,68.327,68.305,68.305,3513.0,BUD
2025-05-19 14:09:00,68.335,68.34,68.325,68.325,3224.0,BUD
2025-05-19 14:08:00,68.335,68.335,68.335,68.335,815.0,BUD
2025-05-19 14:06:00,68.335,68.335,68.33,68.33,2141.0,BUD
2025-05-19 14:05:00,68.34,68.34,68.34,68.34,456.0,BUD
2025-05-19 14:04:00,68.34,68.34,68.34,68.34,163.0,BUD
2025-05-19 14:03:00,68.35,68.36,68.335,68.335,3778.0,BUD
2025-05-19 14:02:00,68.345,68.345,68.345,68.345,301.0,BUD
2025-05-19 14:01:00,68.35,68.35,68.345,68.345,2453.0,BUD
2025-05-19 14:00:00,68.35,68.35,68.3403,68.3403,1171.0,BUD
2025-05-19 13:59:00,68.37,68.37,68.35,68.35,2526.0,BUD
2025-05-19 13:58:00,68.37,68.37,68.37,68.37,478.0,BUD
2025-05-19 13:56:00,68.3673,68.38,68.365,68.37,3836.0,BUD
2025-05-19 13:55:00,68.37,68.37,68.37,68.37,1401.0,BUD
2025-05-19 13:54:00,68.36,68.38,68.3599,68.3603,1832.0,BUD
2025-05-19 13:53:00,68.375,68.375,68.35,68.36,4354.0,BUD
2025-05-19 13:52:00,68.4,68.4,68.39,68.39,5063.0,BUD
2025-05-19 13:51:00,68.405,68.405,68.39,68.39,926.0,BUD
2025-05-19 13:50:00,68.425,68.425,68.4,68.4,3001.0,BUD
2025-05-19 13:49:00,68.395,68.425,68.395,68.425,5146.0,BUD
2025-05-19 13:48:00,68.385,68.395,68.385,68.395,1791.0,BUD
2025-05-19 13:47:00,68.41,68.41,68.41,68.41,2363.0,BUD
2025-05-19 13:46:00,68.435,68.435,68.415,68.415,2953.0,BUD
2025-05-19 13:44:00,68.43,68.43,68.4246,68.43,2486.0,BUD
2025-05-19 13:43:00,68.44,68.45,68.44,68.44,3001.0,BUD
2025-05-19 13:42:00,68.42,68.44,68.42,68.44,2091.0,BUD
2025-05-19 13:41:00,68.41,68.42,68.4,68.42,9680.0,BUD
2025-05-19 13:40:00,68.4146,68.42,68.41,68.415,2050.0,BUD
2025-05-19 13:39:00,68.415,68.42,68.41,68.415,1873.0,BUD
2025-05-19 13:38:00,68.415,68.415,68.415,68.415,409.0,BUD
2025-05-19 13:37:00,68.42,68.42,68.42,68.42,1998.0,BUD
2025-05-19 13:36:00,68.43,68.4346,68.43,68.4346,564.0,BUD
2025-05-19 13:35:00,68.44,68.44,68.43,68.43,4248.0,BUD
2025-05-19 13:34:00,68.44,68.44,68.43,68.44,1804.0,BUD
2025-05-19 13:33:00,68.4268,68.44,68.4268,68.44,2648.0,BUD
2025-05-19 13:32:00,68.43,68.43,68.4197,68.43,4142.0,BUD
2025-05-19 13:31:00,68.4297,68.4297,68.4297,68.4297,658.0,BUD
2025-05-19 13:30:00,68.41,68.42,68.41,68.42,3352.0,BUD
2025-05-19 13:29:00,68.405,68.41,68.405,68.41,4472.0,BUD
2025-05-19 13:28:00,68.42,68.42,68.41,68.41,3407.0,BUD
2025-05-19 13:27:00,68.405,68.42,68.405,68.415,2795.0,BUD
2025-05-19 13:26:00,68.39,68.41,68.39,68.405,4126.0,BUD
2025-05-19 13:25:00,68.39,68.39,68.3899,68.39,4615.0,BUD
2025-05-19 13:24:00,68.375,68.39,68.37,68.39,4116.0,BUD
2025-05-19 13:23:00,68.38,68.3898,68.38,68.38,792.0,BUD
2025-05-19 13:22:00,68.38,68.38,68.38,68.38,800.0,BUD
2025-05-19 13:21:00,68.38,68.38,68.38,68.38,209.0,BUD
2025-05-19 13:20:00,68.36,68.38,68.36,68.38,580.0,BUD
2025-05-19 13:19:00,68.375,68.375,68.37,68.37,1601.0,BUD
2025-05-19 13:18:00,68.39,68.39,68.37,68.38,5663.0,BUD
2025-05-19 13:17:00,68.38,68.39,68.38,68.39,1978.0,BUD
2025-05-19 13:16:00,68.385,68.385,68.375,68.375,2500.0,BUD
2025-05-19 13:15:00,68.41,68.41,68.39,68.39,3295.0,BUD
2025-05-19 13:14:00,68.42,68.42,68.41,68.41,1028.0,BUD
2025-05-19 13:13:00,68.41,68.4108,68.41,68.4108,2063.0,BUD
2025-05-19 13:12:00,68.41,68.42,68.4092,68.41,1647.0,BUD
2025-05-19 13:11:00,68.41,68.41,68.39,68.41,4068.0,BUD
2025-05-19 13:10:00,68.44,68.44,68.42,68.42,3561.0,BUD
2025-05-19 13:09:00,68.44,68.45,68.44,68.45,1424.0,BUD
2025-05-19 13:08:00,68.42,68.43,68.42,68.43,5996.0,BUD
2025-05-19 13:07:00,68.407,68.41,68.4,68.41,4278.0,BUD
2025-05-19 13:06:00,68.43,68.435,68.4,68.4,5754.0,BUD
2025-05-19 13:05:00,68.44,68.44,68.43,68.43,8601.0,BUD
2025-05-19 13:04:00,68.445,68.445,68.445,68.445,619.0,BUD
2025-05-19 13:03:00,68.44,68.445,68.43,68.445,7388.0,BUD
2025-05-19 13:02:00,68.4379,68.45,68.4379,68.44,3372.0,BUD
2025-05-19 13:01:00,68.43,68.44,68.43,68.44,1042.0,BUD
2025-05-19 13:00:00,68.48,68.48,68.43,68.43,7175.0,BUD
2025-05-19 12:59:00,68.445,68.47,68.445,68.47,10129.0,BUD
2025-05-19 12:58:00,68.435,68.44,68.435,68.44,829.0,BUD
2025-05-19 12:57:00,68.455,68.455,68.435,68.435,2740.0,BUD
2025-05-19 12:56:00,68.43,68.46,68.43,68.46,2819.0,BUD
2025-05-19 12:55:00,68.42,68.42,68.42,68.42,1260.0,BUD
2025-05-19 12:54:00,68.425,68.425,68.425,68.425,282.0,BUD
2025-05-19 12:53:00,68.42,68.42,68.42,68.42,797.0,BUD
2025-05-19 12:52:00,68.425,68.425,68.415,68.415,1473.0,BUD
2025-05-19 12:51:00,68.42,68.42,68.42,68.42,881.0,BUD
2025-05-19 12:50:00,68.43,68.43,68.42,68.42,2591.0,BUD
2025-05-19 12:49:00,68.405,68.43,68.405,68.43,1264.0,BUD
2025-05-19 12:48:00,68.41,68.41,68.405,68.405,1878.0,BUD
2025-05-19 12:47:00,68.395,68.405,68.395,68.405,1105.0,BUD
2025-05-19 12:46:00,68.37,68.4,68.37,68.4,1091.0,BUD
2025-05-19 12:45:00,68.36,68.36,68.36,68.36,734.0,BUD
2025-05-19 12:44:00,68.335,68.355,68.33,68.355,1813.0,BUD
2025-05-19 12:43:00,68.33,68.33,68.33,68.33,963.0,BUD
2025-05-19 12:42:00,68.331,68.34,68.331,68.34,956.0,BUD
2025-05-19 12:41:00,68.33,68.35,68.32,68.34,4295.0,BUD
2025-05-19 12:40:00,68.33,68.35,68.325,68.33,3033.0,BUD
2025-05-19 12:37:00,68.37,68.37,68.36,68.36,1431.0,BUD
2025-05-19 12:36:00,68.3846,68.385,68.375,68.375,1524.0,BUD
2025-05-19 12:35:00,68.39,68.39,68.38,68.38,2125.0,BUD
2025-05-19 12:34:00,68.4078,68.4078,68.4078,68.4078,445.0,BUD
2025-05-19 12:33:00,68.4,68.4,68.4,68.4,566.0,BUD
2025-05-19 12:32:00,68.42,68.42,68.405,68.405,2201.0,BUD
2025-05-19 12:31:00,68.42,68.42,68.42,68.42,693.0,BUD
2025-05-19 12:30:00,68.415,68.415,68.41,68.41,675.0,BUD
2025-05-19 12:29:00,68.41,68.415,68.41,68.415,959.0,BUD
2025-05-19 12:28:00,68.4091,68.4091,68.4,68.4,2124.0,BUD
2025-05-19 12:27:00,68.44,68.44,68.405,68.405,3343.0,BUD
2025-05-19 12:26:00,68.43,68.44,68.43,68.44,2184.0,BUD
2025-05-19 12:25:00,68.42,68.43,68.42,68.43,1701.0,BUD
2025-05-19 12:24:00,68.39,68.39,68.39,68.39,2621.0,BUD
2025-05-19 12:23:00,68.375,68.39,68.375,68.39,3851.0,BUD
2025-05-19 12:22:00,68.39,68.39,68.375,68.375,2985.0,BUD
2025-05-19 12:21:00,68.375,68.39,68.375,68.39,2430.0,BUD
2025-05-19 12:20:00,68.37,68.37,68.37,68.37,207.0,BUD
2025-05-19 12:19:00,68.38,68.39,68.37,68.37,3612.0,BUD
2025-05-19 12:18:00,68.4,68.4,68.38,68.38,3778.0,BUD
2025-05-19 12:16:00,68.4157,68.4157,68.4157,68.4157,727.0,BUD
2025-05-19 12:15:00,68.4,68.41,68.4,68.41,723.0,BUD
2025-05-19 12:14:00,68.3788,68.38,68.3788,68.38,898.0,BUD
2025-05-19 12:13:00,68.385,68.39,68.38,68.38,2475.0,BUD
2025-05-19 12:12:00,68.38,68.39,68.38,68.3835,1439.0,BUD
2025-05-19 12:11:00,68.37,68.38,68.37,68.38,1277.0,BUD
2025-05-19 12:10:00,68.38,68.385,68.365,68.37,3628.0,BUD
2025-05-19 12:09:00,68.379,68.38,68.375,68.375,1260.0,BUD
2025-05-19 12:08:00,68.365,68.37,68.365,68.37,837.0,BUD
2025-05-19 12:07:00,68.35,68.37,68.35,68.37,1447.0,BUD
2025-05-19 12:06:00,68.31,68.34,68.31,68.34,1103.0,BUD
2025-05-19 12:05:00,68.25,68.29,68.23,68.29,8554.0,BUD
2025-05-19 12:04:00,68.2203,68.25,68.22,68.235,3823.0,BUD
2025-05-19 12:03:00,68.21,68.23,68.2,68.23,1701.0,BUD
2025-05-19 12:02:00,68.2,68.21,68.19,68.2,2596.0,BUD
2025-05-19 12:01:00,68.19,68.2,68.18,68.19,2042.0,BUD
2025-05-19 12:00:00,68.18,68.185,68.17,68.185,2805.0,BUD
2025-05-19 11:59:00,68.17,68.17,68.17,68.17,483.0,BUD
2025-05-19 11:58:00,68.19,68.19,68.16,68.17,3545.0,BUD
2025-05-19 11:57:00,68.19,68.19,68.18,68.18,908.0,BUD
2025-05-19 11:56:00,68.19,68.19,68.18,68.18,1122.0,BUD
2025-05-19 11:55:00,68.1978,68.1978,68.17,68.18,2869.0,BUD
2025-05-19 11:54:00,68.19,68.19,68.18,68.19,660.0,BUD
2025-05-19 11:53:00,68.18,68.21,68.18,68.18,4793.0,BUD
2025-05-19 11:51:00,68.2,68.2,68.19,68.19,2864.0,BUD
2025-05-19 11:50:00,68.24,68.24,68.2,68.2,4520.0,BUD
2025-05-19 11:49:00,68.26,68.26,68.24,68.24,3702.0,BUD
2025-05-19 11:48:00,68.25,68.25,68.25,68.25,256.0,BUD
2025-05-19 11:47:00,68.225,68.26,68.22,68.25,8917.0,BUD
2025-05-19 11:46:00,68.31,68.32,68.21,68.21,4653.0,BUD
2025-05-19 11:45:00,68.3144,68.34,68.3,68.315,3326.0,BUD
2025-05-19 11:44:00,68.33,68.33,68.3,68.31,4812.0,BUD
2025-05-19 11:43:00,68.32,68.32,68.31,68.31,1104.0,BUD
2025-05-19 11:42:00,68.3338,68.365,68.31,68.31,4380.0,BUD
2025-05-19 11:41:00,68.31,68.34,68.31,68.33,3950.0,BUD
2025-05-19 11:40:00,68.31,68.33,68.3,68.3,4212.0,BUD
2025-05-19 11:39:00,68.33,68.33,68.3,68.31,1949.0,BUD
2025-05-19 11:38:00,68.34,68.36,68.29,68.335,227299.0,BUD
2025-05-19 11:37:00,68.36,68.36,68.35,68.35,829.0,BUD
2025-05-19 11:36:00,68.33,68.38,68.33,68.37,9326.0,BUD
2025-05-19 11:35:00,68.38,68.4,68.31,68.32,17223.0,BUD
2025-05-19 11:34:00,68.35,68.38,68.32,68.38,284687.0,BUD
2025-05-19 11:33:00,68.35,68.36,68.34,68.35,6517.0,BUD
2025-05-19 11:32:00,68.35,68.35,68.35,68.35,2632.0,BUD
2025-05-19 11:31:00,68.34,68.36,68.34,68.35,3117.0,BUD
2025-05-19 11:30:00,68.27,68.33,68.27,68.31,8317.0,BUD
2025-05-19 11:29:00,68.227,68.27,68.227,68.27,7615.0,BUD
2025-05-19 11:28:00,68.23,68.23,68.22,68.22,3914.0,BUD
2025-05-19 11:27:00,68.22,68.23,68.22,68.23,1973.0,BUD
2025-05-19 11:26:00,68.22,68.25,68.21,68.215,6518.0,BUD
2025-05-19 11:25:00,68.23,68.23,68.205,68.21,6036.0,BUD
2025-05-19 11:24:00,68.23,68.24,68.23,68.24,7256.0,BUD
2025-05-19 11:23:00,68.23,68.23,68.225,68.225,855.0,BUD
2025-05-19 11:22:00,68.21,68.21,68.1991,68.21,4827.0,BUD
2025-05-19 11:21:00,68.21,68.21,68.2,68.21,4935.0,BUD
2025-05-19 11:20:00,68.21,68.22,68.21,68.215,2821.0,BUD
2025-05-19 11:19:00,68.2,68.2,68.2,68.2,3021.0,BUD
2025-05-19 11:18:00,68.19,68.2,68.185,68.2,1870.0,BUD
2025-05-19 11:17:00,68.19,68.195,68.19,68.19,1512.0,BUD
2025-05-19 11:16:00,68.21,68.21,68.19,68.19,4574.0,BUD
2025-05-19 11:15:00,68.24,68.25,68.21,68.21,6182.0,BUD
2025-05-19 11:14:00,68.255,68.26,68.22,68.23,1980.0,BUD
2025-05-19 11:13:00,68.23,68.25,68.23,68.25,5207.0,BUD
2025-05-19 11:12:00,68.1935,68.23,68.18,68.23,16048.0,BUD
2025-05-19 11:11:00,68.195,68.205,68.19,68.205,4802.0,BUD
2025-05-19 11:10:00,68.19,68.2,68.18,68.19,9929.0,BUD
2025-05-19 11:09:00,68.17,68.2,68.17,68.2,7777.0,BUD
2025-05-19 11:08:00,68.18,68.19,68.16,68.17,6470.0,BUD
2025-05-19 11:07:00,68.2,68.2,68.17,68.17,2856.0,BUD
2025-05-19 11:06:00,68.22,68.22,68.2,68.2,3520.0,BUD
2025-05-19 11:05:00,68.205,68.21,68.205,68.21,1138.0,BUD
2025-05-19 11:04:00,68.21,68.21,68.205,68.205,1115.0,BUD
2025-05-19 11:03:00,68.23,68.23,68.215,68.215,2009.0,BUD
2025-05-19 11:02:00,68.22,68.23,68.22,68.23,2946.0,BUD
2025-05-19 11:01:00,68.21,68.225,68.21,68.22,5212.0,BUD
2025-05-19 11:00:00,68.22,68.22,68.21,68.21,6436.0,BUD
2025-05-19 10:59:00,68.24,68.24,68.215,68.215,1464.0,BUD
2025-05-19 10:58:00,68.31,68.31,68.26,68.26,6056.0,BUD
2025-05-19 10:57:00,68.295,68.33,68.2924,68.33,33615.0,BUD
2025-05-19 10:56:00,68.27,68.29,68.27,68.29,2717.0,BUD
2025-05-19 10:55:00,68.27,68.29,68.27,68.27,21233.0,BUD
2025-05-19 10:54:00,68.26,68.26,68.25,68.25,1903.0,BUD
2025-05-19 10:53:00,68.26,68.26,68.26,68.26,767.0,BUD
2025-05-19 10:52:00,68.28,68.295,68.27,68.27,2128.0,BUD
2025-05-19 10:51:00,68.25,68.26,68.25,68.26,2000.0,BUD
2025-05-19 10:50:00,68.24,68.255,68.24,68.25,3997.0,BUD
2025-05-19 10:49:00,68.225,68.24,68.225,68.24,985.0,BUD
2025-05-19 10:48:00,68.26,68.27,68.22,68.25,8259.0,BUD
2025-05-19 10:47:00,68.25,68.27,68.25,68.27,3061.0,BUD
2025-05-19 10:46:00,68.24,68.24,68.24,68.24,159.0,BUD
2025-05-19 10:45:00,68.23,68.26,68.23,68.23,3816.0,BUD
2025-05-19 10:44:00,68.22,68.223,68.215,68.22,2335.0,BUD
2025-05-19 10:43:00,68.21,68.23,68.21,68.22,5597.0,BUD
2025-05-19 10:42:00,68.21,68.21,68.2,68.2,1626.0,BUD
2025-05-19 10:41:00,68.19,68.2,68.19,68.2,410.0,BUD
2025-05-19 10:40:00,68.14,68.17,68.14,68.17,1847.0,BUD
2025-05-19 10:39:00,68.13,68.14,68.12,68.14,4496.0,BUD
2025-05-19 10:38:00,68.15,68.15,68.1001,68.12,2805.0,BUD
2025-05-19 10:37:00,68.18,68.18,68.15,68.155,3018.0,BUD
2025-05-19 10:36:00,68.2,68.2,68.185,68.185,10064.0,BUD
2025-05-19 10:35:00,68.2,68.21,68.19,68.19,5279.0,BUD
2025-05-19 10:34:00,68.19,68.21,68.19,68.2,3559.0,BUD
2025-05-19 10:33:00,68.17,68.19,68.1681,68.19,8452.0,BUD
2025-05-19 10:31:00,68.215,68.215,68.18,68.18,10910.0,BUD
2025-05-19 10:30:00,68.24,68.245,68.23,68.23,2296.0,BUD
2025-05-19 10:29:00,68.2,68.22,68.2,68.22,7536.0,BUD
2025-05-19 10:28:00,68.18,68.205,68.18,68.2,4225.0,BUD
2025-05-19 10:27:00,68.1765,68.19,68.17,68.18,4176.0,BUD
2025-05-19 10:26:00,68.19,68.19,68.18,68.18,1225.0,BUD
2025-05-19 10:25:00,68.185,68.205,68.18,68.195,5393.0,BUD
2025-05-19 10:24:00,68.15,68.18,68.15,68.18,10263.0,BUD
2025-05-19 10:23:00,68.17,68.17,68.15,68.16,2820.0,BUD
2025-05-19 10:22:00,68.17,68.17,68.17,68.17,548.0,BUD
2025-05-19 10:21:00,68.1226,68.175,68.1226,68.16,4578.0,BUD
2025-05-19 10:20:00,68.12,68.15,68.11,68.15,1620.0,BUD
2025-05-19 10:19:00,68.09,68.1,68.09,68.1,508.0,BUD
2025-05-19 10:18:00,68.095,68.095,68.09,68.09,749.0,BUD
2025-05-19 10:17:00,68.06,68.11,68.06,68.11,7715.0,BUD
2025-05-19 10:16:00,68.07,68.08,68.06,68.06,102823.0,BUD
2025-05-19 10:15:00,68.07,68.08,68.06,68.07,2650.0,BUD
2025-05-19 10:14:00,68.01,68.08,68.01,68.08,3478.0,BUD
2025-05-19 10:13:00,67.99,68.01,67.99,68.01,1576.0,BUD
2025-05-19 10:12:00,67.98,68.005,67.98,68.005,582.0,BUD
2025-05-19 10:11:00,67.98,68.0,67.96,68.0,4572.0,BUD
2025-05-19 10:10:00,68.01,68.01,67.97,67.99,3345.0,BUD
2025-05-19 10:09:00,67.98,68.01,67.98,68.01,3280.0,BUD
2025-05-19 10:08:00,68.02,68.02,67.99,67.99,937.0,BUD
2025-05-19 10:07:00,68.01,68.015,68.01,68.015,783.0,BUD
2025-05-19 10:06:00,68.0,68.01,67.97,68.01,3913.0,BUD
2025-05-19 10:05:00,68.01,68.02,68.0,68.01,2683.0,BUD
2025-05-19 10:04:00,68.03,68.04,68.01,68.01,5401.0,BUD
2025-05-19 10:03:00,68.03,68.03,68.015,68.03,6176.0,BUD
2025-05-19 10:02:00,68.03,68.03,68.02,68.028,2926.0,BUD
2025-05-19 10:01:00,68.06,68.06,68.03,68.04,1351.0,BUD
2025-05-19 10:00:00,68.05,68.06,68.05,68.06,1495.0,BUD
2025-05-19 09:59:00,68.03,68.03,68.025,68.025,932.0,BUD
2025-05-19 09:58:00,68.015,68.035,68.015,68.02,4886.0,BUD
2025-05-19 09:57:00,68.015,68.015,68.015,68.015,521.0,BUD
2025-05-19 09:56:00,68.01,68.01,68.01,68.01,725.0,BUD
2025-05-19 09:55:00,68.01,68.02,68.0,68.0,1520.0,BUD
2025-05-19 09:54:00,68.005,68.005,68.005,68.005,246.0,BUD
2025-05-19 09:53:00,68.0,68.02,67.99,68.0,2391.0,BUD
2025-05-19 09:52:00,67.98,67.98,67.96,67.98,4666.0,BUD
2025-05-19 09:51:00,68.0,68.0,67.97,67.99,9137.0,BUD
2025-05-19 09:50:00,68.04,68.06,68.005,68.005,7416.0,BUD
2025-05-19 09:49:00,68.03,68.045,68.03,68.045,869.0,BUD
2025-05-19 09:48:00,68.05,68.05,68.05,68.05,196.0,BUD
2025-05-19 09:47:00,67.99,68.0399,67.99,68.02,1953.0,BUD
2025-05-19 09:46:00,68.01,68.05,68.005,68.005,2196.0,BUD
2025-05-19 09:45:00,68.02,68.0262,67.99,68.0,4363.0,BUD
2025-05-19 09:44:00,68.01,68.02,67.99,67.99,2755.0,BUD
2025-05-19 09:43:00,67.98,68.01,67.97,68.01,1482.0,BUD
2025-05-19 09:42:00,67.94,67.99,67.94,67.99,2266.0,BUD
2025-05-19 09:41:00,67.94,67.97,67.915,67.955,4229.0,BUD
2025-05-19 09:40:00,67.99,67.99,67.95,67.95,8259.0,BUD
2025-05-19 09:39:00,67.98,67.98,67.95,67.98,4924.0,BUD
2025-05-19 09:38:00,67.985,68.01,67.985,67.99,8536.0,BUD
2025-05-19 09:37:00,68.0,68.01,67.985,67.985,5819.0,BUD
2025-05-19 09:36:00,68.025,68.025,67.99,67.99,4007.0,BUD
2025-05-19 09:35:00,68.02,68.03,68.01,68.01,2293.0,BUD
2025-05-19 09:34:00,68.025,68.04,68.01,68.02,3440.0,BUD
2025-05-19 09:33:00,68.015,68.07,68.015,68.03,3935.0,BUD
2025-05-19 09:32:00,68.01,68.02,67.99,68.01,6501.0,BUD
2025-05-19 09:31:00,67.96,68.015,67.94,68.0,14354.0,BUD
2025-05-19 09:30:00,67.98,67.98,67.88,67.96,35495.0,BUD
2025-05-19 09:29:00,67.97,67.97,67.97,67.97,1100.0,BUD
2025-05-19 09:28:00,67.9,67.9,67.9,67.9,4.0,BUD
2025-05-19 09:27:00,67.95,67.95,67.95,67.95,2.0,BUD
2025-05-19 09:26:00,67.93,67.93,67.93,67.93,150.0,BUD
2025-05-19 09:25:00,67.96,67.96,67.96,67.96,423.0,BUD
2025-05-19 09:21:00,67.97,67.98,67.97,67.98,1000.0,BUD
2025-05-19 09:20:00,67.93,67.93,67.93,67.93,1.0,BUD
2025-05-19 09:17:00,67.95,67.95,67.95,67.95,430.0,BUD
2025-05-19 09:09:00,67.91,67.94,67.89,67.94,3043.0,BUD
2025-05-19 09:06:00,67.91,67.91,67.91,67.91,3.0,BUD
2025-05-19 09:02:00,67.92,67.92,67.91,67.91,1001.0,BUD
2025-05-19 09:01:00,67.919,67.919,67.919,67.919,1.0,BUD
2025-05-19 08:56:00,67.89,67.89,67.85,67.85,2002.0,BUD
2025-05-19 08:55:00,67.93,67.93,67.93,67.93,4.0,BUD
2025-05-19 08:53:00,67.95,67.95,67.95,67.95,1.0,BUD
2025-05-19 08:46:00,68.0,68.0,68.0,68.0,1.0,BUD
2025-05-19 08:45:00,68.01,68.01,68.01,68.01,100.0,BUD
2025-05-19 08:43:00,68.09,68.09,68.09,68.09,100.0,BUD
2025-05-19 08:40:00,68.0,68.0,68.0,68.0,100.0,BUD
2025-05-19 08:36:00,68.04,68.04,68.04,68.04,1.0,BUD
2025-05-19 08:28:00,67.99,67.99,67.99,67.99,2.0,BUD
2025-05-19 08:22:00,68.0,68.0,68.0,68.0,4.0,BUD
2025-05-19 08:16:00,68.1,68.1,68.1,68.1,90.0,BUD
2025-05-19 08:15:00,68.1095,68.1095,68.1095,68.1095,35.0,BUD
2025-05-19 08:03:00,67.6,67.6,67.6,67.6,1.0,BUD
2025-05-19 08:02:00,67.6,67.6,67.6,67.6,2.0,BUD
2025-05-19 08:00:00,68.0886,68.14,67.6,67.6,13.0,BUD
2025-05-19 07:48:00,68.03,68.03,68.03,68.03,10.0,BUD
2025-05-19 07:44:00,68.08,68.08,68.08,68.08,45.0,BUD
2025-05-19 07:36:00,68.02,68.02,68.02,68.02,5.0,BUD
2025-05-19 07:30:00,68.09,68.09,68.09,68.09,73.0,BUD
2025-05-19 07:26:00,68.15,68.15,68.15,68.15,4.0,BUD
2025-05-19 07:22:00,68.12,68.16,68.12,68.16,507.0,BUD
2025-05-19 07:05:00,68.08,68.08,68.08,68.08,250.0,BUD
2025-05-19 07:03:00,68.07,68.07,68.07,68.07,2.0,BUD
2025-05-19 07:00:00,68.06,68.07,68.05,68.06,2256.0,BUD
2025-05-19 06:50:00,68.0,68.0,68.0,68.0,75.0,BUD
2025-05-19 06:48:00,67.99,67.99,67.99,67.99,1000.0,BUD
2025-05-19 06:37:00,67.99,67.99,67.99,67.99,500.0,BUD
2025-05-19 06:24:00,67.97,67.97,67.97,67.97,1.0,BUD
2025-05-19 06:17:00,68.0,68.0,67.95,67.95,800.0,BUD
2025-05-19 06:16:00,68.03,68.03,68.03,68.03,200.0,BUD
2025-05-19 06:09:00,68.06,68.06,68.06,68.06,100.0,BUD
2025-05-19 05:40:00,68.03,68.03,68.03,68.03,10.0,BUD
2025-05-19 05:38:00,68.03,68.03,68.03,68.03,75.0,BUD
2025-05-19 05:33:00,68.13,68.13,68.13,68.13,111.0,BUD
2025-05-19 05:32:00,68.1,68.1,68.1,68.1,111.0,BUD
2025-05-19 05:08:00,68.05,68.08,68.05,68.08,1395.0,BUD
2025-05-19 05:07:00,68.05,68.08,68.05,68.05,2936.0,BUD
2025-05-19 05:06:00,68.04,68.04,68.02,68.02,248.0,BUD
2025-05-19 05:05:00,68.0,68.0,68.0,68.0,5.0,BUD
2025-05-19 04:52:00,68.0,68.0,68.0,68.0,90.0,BUD
2025-05-19 04:48:00,68.0,68.0,68.0,68.0,59.0,BUD
2025-05-19 04:42:00,67.91,67.91,67.91,67.91,75.0,BUD
2025-05-19 04:40:00,67.88,67.96,67.88,67.96,5135.0,BUD
2025-05-19 04:25:00,68.0,68.0,68.0,68.0,6.0,BUD
2025-05-16 19:57:00,68.0,68.0,67.61,67.61,109.0,BUD
2025-05-16 19:54:00,68.0,68.0,68.0,68.0,2.0,BUD
2025-05-16 19:38:00,67.86,67.86,67.86,67.86,4.0,BUD
2025-05-16 19:00:00,67.6,67.6,67.6,67.6,154364.0,BUD
2025-05-16 18:30:00,67.6,67.6,67.6,67.6,154364.0,BUD
2025-05-16 18:08:00,67.87,67.87,67.87,67.87,1.0,BUD
2025-05-16 17:54:00,67.65,67.65,67.65,67.65,1.0,BUD
2025-05-16 17:12:00,66.6,66.6,66.6,66.6,1.0,BUD
2025-05-16 17:11:00,67.61,67.61,67.61,67.61,148.0,BUD
2025-05-16 17:07:00,67.65,67.65,67.65,67.65,5.0,BUD
2025-05-16 16:54:00,67.65,67.65,67.65,67.65,1.0,BUD
2025-05-16 16:52:00,49.42,49.42,49.42,49.42,13.0,BUD
2025-05-16 16:51:00,66.1912,66.1912,66.1912,66.1912,80.0,BUD
2025-05-16 16:50:00,46.555,46.555,46.555,46.555,13.0,BUD
2025-05-16 16:48:00,50.305,50.305,50.305,50.305,11.0,BUD
2025-05-16 16:42:00,67.6,67.6,67.6,67.6,3.0,BUD
2025-05-16 16:39:00,66.17,66.17,66.17,66.17,4.0,BUD
2025-05-16 16:12:00,68.0,68.0,68.0,68.0,8.0,BUD
2025-05-16 16:10:00,67.6,67.6,67.6,67.6,154364.0,BUD
2025-05-16 16:05:00,67.6,67.6,67.6,67.6,10.0,BUD
2025-05-16 16:03:00,66.17,66.17,66.17,66.17,1.0,BUD
2025-05-16 16:00:00,67.58,67.6,67.37,67.6,326425.0,BUD
2025-05-16 15:59:00,67.51,67.59,67.505,67.58,87086.0,BUD
2025-05-16 15:58:00,67.495,67.51,67.49,67.51,25975.0,BUD
2025-05-16 15:57:00,67.48,67.5,67.475,67.495,17706.0,BUD
2025-05-16 15:56:00,67.46,67.485,67.455,67.485,16023.0,BUD
2025-05-16 15:55:00,67.46,67.475,67.455,67.46,16022.0,BUD
2025-05-16 15:54:00,67.46,67.49,67.455,67.455,9182.0,BUD
2025-05-16 15:53:00,67.465,67.465,67.45,67.455,6935.0,BUD
2025-05-16 15:52:00,67.43,67.46,67.43,67.455,8002.0,BUD
2025-05-16 15:51:00,67.42,67.435,67.42,67.43,5947.0,BUD
2025-05-16 15:50:00,67.42,67.42,67.385,67.415,11718.0,BUD
2025-05-16 15:49:00,67.425,67.43,67.415,67.425,4308.0,BUD
2025-05-16 15:48:00,67.415,67.43,67.415,67.425,5001.0,BUD
2025-05-16 15:47:00,67.395,67.42,67.395,67.415,6664.0,BUD
2025-05-16 15:46:00,67.41,67.41,67.39,67.4,5164.0,BUD
2025-05-16 15:45:00,67.43,67.43,67.405,67.41,3205.0,BUD
2025-05-16 15:44:00,67.4,67.43,67.395,67.43,8718.0,BUD
2025-05-16 15:43:00,67.4,67.4,67.385,67.4,4872.0,BUD
2025-05-16 15:42:00,67.405,67.405,67.405,67.405,776.0,BUD
2025-05-16 15:41:00,67.385,67.41,67.385,67.405,6326.0,BUD
2025-05-16 15:40:00,67.39,67.39,67.38,67.385,3870.0,BUD
2025-05-16 15:39:00,67.405,67.41,67.39,67.4,3565.0,BUD
2025-05-16 15:38:00,67.41,67.41,67.4,67.405,2427.0,BUD
2025-05-16 15:37:00,67.395,67.41,67.39,67.41,5882.0,BUD
2025-05-16 15:36:00,67.405,67.405,67.39,67.4,2197.0,BUD
2025-05-16 15:35:00,67.41,67.41,67.4,67.405,2624.0,BUD
2025-05-16 15:34:00,67.395,67.41,67.395,67.4034,4161.0,BUD
2025-05-16 15:33:00,67.4,67.41,67.39,67.4,1471.0,BUD
2025-05-16 15:32:00,67.405,67.405,67.395,67.395,3524.0,BUD
2025-05-16 15:31:00,67.4,67.4,67.395,67.4,1626.0,BUD
2025-05-16 15:30:00,67.4153,67.4153,67.395,67.4,4201.0,BUD
2025-05-16 15:29:00,67.41,67.42,67.4071,67.41,6533.0,BUD
2025-05-16 15:28:00,67.405,67.41,67.405,67.41,2178.0,BUD
2025-05-16 15:27:00,67.405,67.42,67.405,67.405,3212.0,BUD
2025-05-16 15:26:00,67.41,67.41,67.41,67.41,3453.0,BUD
2025-05-16 15:25:00,67.41,67.41,67.4,67.41,2573.0,BUD
2025-05-16 15:24:00,67.405,67.42,67.405,67.41,2452.0,BUD
2025-05-16 15:23:00,67.41,67.41,67.4,67.405,1195.0,BUD
2025-05-16 15:22:00,67.41,67.42,67.405,67.41,1726.0,BUD
2025-05-16 15:21:00,67.4,67.41,67.4,67.41,2835.0,BUD
2025-05-16 15:20:00,67.41,67.41,67.4,67.4,1715.0,BUD
2025-05-16 15:19:00,67.41,67.41,67.41,67.41,672.0,BUD
2025-05-16 15:18:00,67.4,67.41,67.4,67.41,1390.0,BUD
2025-05-16 15:17:00,67.41,67.42,67.39,67.4,2118.0,BUD
2025-05-16 15:16:00,67.465,67.47,67.405,67.405,4037.0,BUD
2025-05-16 15:15:00,67.47,67.47,67.46,67.47,1530.0,BUD
2025-05-16 15:14:00,67.45,67.475,67.45,67.475,1050.0,BUD
2025-05-16 15:13:00,67.42,67.465,67.42,67.465,3898.0,BUD
2025-05-16 15:12:00,67.43,67.43,67.42,67.42,3219.0,BUD
2025-05-16 15:11:00,67.41,67.425,67.41,67.4237,2100.0,BUD
2025-05-16 15:10:00,67.42,67.42,67.415,67.415,1865.0,BUD
2025-05-16 15:09:00,67.415,67.43,67.415,67.425,1516.0,BUD
2025-05-16 15:08:00,67.4159,67.4159,67.415,67.415,462.0,BUD
2025-05-16 15:07:00,67.42,67.42,67.42,67.42,221.0,BUD
2025-05-16 15:06:00,67.415,67.435,67.415,67.42,1818.0,BUD
2025-05-16 15:05:00,67.43,67.43,67.4,67.4,1476.0,BUD
2025-05-16 15:04:00,67.43,67.44,67.4223,67.4223,1819.0,BUD
2025-05-16 15:03:00,67.42,67.43,67.41,67.43,1367.0,BUD
2025-05-16 15:02:00,67.43,67.433,67.42,67.42,1371.0,BUD
2025-05-16 15:01:00,67.42,67.44,67.42,67.44,2155.0,BUD
2025-05-16 15:00:00,67.425,67.43,67.42,67.43,702.0,BUD
2025-05-16 14:59:00,67.43,67.43,67.4248,67.4248,1395.0,BUD
2025-05-16 14:58:00,67.45,67.45,67.43,67.43,749.0,BUD
2025-05-16 14:57:00,67.46,67.46,67.455,67.455,768.0,BUD
2025-05-16 14:56:00,67.46,67.46,67.46,67.46,1580.0,BUD
2025-05-16 14:55:00,67.46,67.4646,67.455,67.4646,1349.0,BUD
2025-05-16 14:54:00,67.455,67.455,67.45,67.45,1013.0,BUD
2025-05-16 14:53:00,67.46,67.465,67.455,67.455,876.0,BUD
2025-05-16 14:52:00,67.455,67.455,67.455,67.455,264.0,BUD
2025-05-16 14:51:00,67.44,67.45,67.44,67.45,2214.0,BUD
2025-05-16 14:50:00,67.445,67.445,67.43,67.43,1917.0,BUD
2025-05-16 14:49:00,67.44,67.45,67.44,67.45,410.0,BUD
2025-05-16 14:48:00,67.455,67.455,67.43,67.43,1512.0,BUD
2025-05-16 14:47:00,67.44,67.46,67.44,67.46,1499.0,BUD
2025-05-16 14:46:00,67.455,67.455,67.44,67.44,1221.0,BUD
2025-05-16 14:45:00,67.45,67.46,67.45,67.45,1071.0,BUD
2025-05-16 14:44:00,67.445,67.45,67.435,67.4354,1959.0,BUD
2025-05-16 14:43:00,67.445,67.445,67.445,67.445,574.0,BUD
2025-05-16 14:42:00,67.44,67.45,67.44,67.45,1032.0,BUD
2025-05-16 14:41:00,67.43,67.45,67.43,67.45,1268.0,BUD
2025-05-16 14:40:00,67.42,67.42,67.41,67.415,2106.0,BUD
2025-05-16 14:39:00,67.42,67.43,67.42,67.425,3055.0,BUD
2025-05-16 14:38:00,67.41,67.42,67.4,67.41,3264.0,BUD
2025-05-16 14:37:00,67.42,67.42,67.41,67.42,543.0,BUD
2025-05-16 14:36:00,67.4,67.41,67.4,67.405,1024.0,BUD
2025-05-16 14:35:00,67.42,67.42,67.4,67.4,620.0,BUD
2025-05-16 14:34:00,67.41,67.42,67.39,67.41,3774.0,BUD
2025-05-16 14:33:00,67.39,67.39,67.385,67.39,739.0,BUD
2025-05-16 14:32:00,67.39,67.39,67.39,67.39,646.0,BUD
2025-05-16 14:30:00,67.38,67.41,67.38,67.41,1579.0,BUD
2025-05-16 14:29:00,67.38,67.4,67.38,67.4,5438.0,BUD
2025-05-16 14:28:00,67.38,67.38,67.38,67.38,116.0,BUD
2025-05-16 14:27:00,67.37,67.39,67.36,67.38,2614.0,BUD
2025-05-16 14:26:00,67.35,67.38,67.35,67.38,917.0,BUD
2025-05-16 14:25:00,67.36,67.36,67.35,67.35,1100.0,BUD
2025-05-16 14:24:00,67.35,67.36,67.35,67.36,1020.0,BUD
2025-05-16 14:23:00,67.33,67.345,67.33,67.345,1205.0,BUD
2025-05-16 14:22:00,67.33,67.33,67.33,67.33,543.0,BUD
2025-05-16 14:21:00,67.36,67.36,67.34,67.3598,4158.0,BUD
2025-05-16 14:20:00,67.33,67.34,67.33,67.33,547.0,BUD
2025-05-16 14:19:00,67.35,67.35,67.3301,67.35,1829.0,BUD
2025-05-16 14:18:00,67.34,67.355,67.34,67.355,645.0,BUD
2025-05-16 14:17:00,67.325,67.34,67.325,67.335,719.0,BUD
2025-05-16 14:16:00,67.31,67.33,67.31,67.33,709.0,BUD
2025-05-16 14:14:00,67.3,67.32,67.3,67.32,643.0,BUD
2025-05-16 14:13:00,67.31,67.31,67.295,67.295,821.0,BUD
2025-05-16 14:12:00,67.325,67.33,67.31,67.32,4073.0,BUD
2025-05-16 14:11:00,67.325,67.33,67.325,67.325,539.0,BUD
2025-05-16 14:10:00,67.35,67.35,67.33,67.33,666.0,BUD
2025-05-16 14:09:00,67.33,67.34,67.325,67.34,2653.0,BUD
2025-05-16 14:07:00,67.33,67.34,67.33,67.34,1880.0,BUD
2025-05-16 14:06:00,67.31,67.33,67.31,67.33,2424.0,BUD
2025-05-16 14:05:00,67.3092,67.31,67.3092,67.31,511.0,BUD
2025-05-16 14:04:00,67.31,67.32,67.31,67.315,525.0,BUD
2025-05-16 14:03:00,67.3,67.3,67.3,67.3,476.0,BUD
2025-05-16 14:02:00,67.3,67.31,67.3,67.31,1012.0,BUD
2025-05-16 14:01:00,67.285,67.3,67.285,67.3,2976.0,BUD
2025-05-16 14:00:00,67.28,67.28,67.27,67.28,493.0,BUD
2025-05-16 13:59:00,67.285,67.29,67.28,67.29,1220.0,BUD
2025-05-16 13:58:00,67.305,67.305,67.3,67.3,477.0,BUD
2025-05-16 13:57:00,67.29,67.305,67.29,67.305,1911.0,BUD
2025-05-16 13:56:00,67.31,67.32,67.3,67.3,1562.0,BUD
2025-05-16 13:55:00,67.31,67.31,67.3,67.3,649.0,BUD
2025-05-16 13:53:00,67.32,67.32,67.3192,67.3192,725.0,BUD
2025-05-16 13:52:00,67.33,67.34,67.33,67.33,2264.0,BUD
2025-05-16 13:51:00,67.32,67.33,67.32,67.33,1826.0,BUD
2025-05-16 13:50:00,67.32,67.325,67.32,67.325,346.0,BUD
2025-05-16 13:49:00,67.325,67.33,67.29,67.29,1502.0,BUD
2025-05-16 13:48:00,67.3,67.325,67.3,67.325,1198.0,BUD
2025-05-16 13:47:00,67.3,67.3,67.295,67.295,993.0,BUD
2025-05-16 13:46:00,67.29,67.29,67.29,67.29,666.0,BUD
2025-05-16 13:45:00,67.29,67.3,67.29,67.29,2333.0,BUD
2025-05-16 13:44:00,67.29,67.31,67.29,67.295,1239.0,BUD
2025-05-16 13:43:00,67.29,67.29,67.28,67.28,1183.0,BUD
2025-05-16 13:42:00,67.29,67.29,67.28,67.28,351.0,BUD
2025-05-16 13:41:00,67.29,67.3,67.26,67.265,2577.0,BUD
2025-05-16 13:40:00,67.27,67.28,67.27,67.28,3413.0,BUD
2025-05-16 13:39:00,67.27,67.275,67.27,67.27,1011.0,BUD
2025-05-16 13:38:00,67.285,67.29,67.28,67.28,838.0,BUD
2025-05-16 13:37:00,67.3,67.3,67.28,67.29,3171.0,BUD
2025-05-16 13:36:00,67.29,67.295,67.29,67.295,533.0,BUD
2025-05-16 13:35:00,67.28,67.28,67.28,67.28,387.0,BUD
2025-05-16 13:34:00,67.27,67.28,67.27,67.28,678.0,BUD
2025-05-16 13:33:00,67.28,67.28,67.28,67.28,296.0,BUD
2025-05-16 13:32:00,67.28,67.28,67.28,67.28,431.0,BUD
2025-05-16 13:31:00,67.27,67.29,67.27,67.29,1097.0,BUD
2025-05-16 13:30:00,67.26,67.26,67.25,67.25,536.0,BUD
2025-05-16 13:29:00,67.28,67.28,67.265,67.275,1916.0,BUD
2025-05-16 13:28:00,67.26,67.26,67.2462,67.2462,1191.0,BUD
2025-05-16 13:27:00,67.27,67.27,67.27,67.27,494.0,BUD
2025-05-16 13:25:00,67.285,67.285,67.27,67.27,919.0,BUD
2025-05-16 13:24:00,67.3,67.3,67.26,67.27,3299.0,BUD
2025-05-16 13:23:00,67.3,67.3,67.297,67.297,484.0,BUD
2025-05-16 13:22:00,67.29,67.29,67.29,67.29,258.0,BUD
2025-05-16 13:21:00,67.285,67.3,67.285,67.295,1024.0,BUD
2025-05-16 13:20:00,67.28,67.28,67.28,67.28,772.0,BUD
2025-05-16 13:19:00,67.28,67.28,67.27,67.27,1035.0,BUD
2025-05-16 13:18:00,67.2866,67.2866,67.28,67.28,623.0,BUD
2025-05-16 13:17:00,67.28,67.28,67.28,67.28,477.0,BUD
2025-05-16 13:16:00,67.26,67.27,67.26,67.27,784.0,BUD
2025-05-16 13:15:00,67.24,67.26,67.24,67.26,1653.0,BUD
2025-05-16 13:14:00,67.21,67.23,67.21,67.23,1293.0,BUD
2025-05-16 13:13:00,67.2238,67.2334,67.2238,67.23,1335.0,BUD
2025-05-16 13:12:00,67.23,67.23,67.22,67.22,848.0,BUD
2025-05-16 13:11:00,67.24,67.24,67.22,67.22,500.0,BUD
2025-05-16 13:10:00,67.23,67.25,67.23,67.24,850.0,BUD
2025-05-16 13:09:00,67.25,67.25,67.23,67.23,1278.0,BUD
2025-05-16 13:08:00,67.24,67.25,67.24,67.25,570.0,BUD
2025-05-16 13:07:00,67.26,67.26,67.25,67.25,1341.0,BUD
2025-05-16 13:05:00,67.24,67.24,67.24,67.24,462.0,BUD
2025-05-16 13:04:00,67.245,67.245,67.24,67.24,550.0,BUD
2025-05-16 13:03:00,67.21,67.22,67.21,67.22,1325.0,BUD
2025-05-16 13:02:00,67.21,67.21,67.2008,67.2008,714.0,BUD
2025-05-16 13:01:00,67.19,67.21,67.19,67.201,1398.0,BUD
2025-05-16 13:00:00,67.175,67.175,67.175,67.175,265.0,BUD
2025-05-16 12:59:00,67.18,67.18,67.18,67.18,411.0,BUD
2025-05-16 12:58:00,67.18,67.18,67.175,67.175,1021.0,BUD
2025-05-16 12:57:00,67.17,67.18,67.17,67.18,1230.0,BUD
2025-05-16 12:56:00,67.17,67.17,67.17,67.17,243.0,BUD
2025-05-16 12:54:00,67.16,67.16,67.16,67.16,396.0,BUD
2025-05-16 12:52:00,67.13,67.15,67.13,67.15,1866.0,BUD
2025-05-16 12:51:00,67.1396,67.14,67.1396,67.14,1287.0,BUD
2025-05-16 12:50:00,67.11,67.1451,67.11,67.1451,1490.0,BUD
2025-05-16 12:49:00,67.1595,67.1595,67.12,67.13,1370.0,BUD
2025-05-16 12:48:00,67.15,67.15,67.15,67.15,276.0,BUD
2025-05-16 12:47:00,67.14,67.14,67.14,67.14,362.0,BUD
2025-05-16 12:45:00,67.15,67.15,67.14,67.14,411.0,BUD
2025-05-16 12:44:00,67.14,67.16,67.14,67.16,896.0,BUD
2025-05-16 12:43:00,67.16,67.16,67.14,67.14,493.0,BUD
2025-05-16 12:42:00,67.17,67.1868,67.17,67.1868,1559.0,BUD
2025-05-16 12:41:00,67.19,67.19,67.19,67.19,600.0,BUD
2025-05-16 12:40:00,67.1915,67.1915,67.175,67.19,920.0,BUD
2025-05-16 12:39:00,67.185,67.19,67.17,67.19,1687.0,BUD
2025-05-16 12:38:00,67.18,67.18,67.18,67.18,334.0,BUD
2025-05-16 12:37:00,67.165,67.165,67.165,67.165,562.0,BUD
2025-05-16 12:36:00,67.18,67.195,67.18,67.18,1494.0,BUD
2025-05-16 12:35:00,67.17,67.17,67.17,67.17,167.0,BUD
2025-05-16 12:34:00,67.185,67.2,67.1692,67.1692,2186.0,BUD
2025-05-16 12:33:00,67.17,67.18,67.17,67.18,751.0,BUD
2025-05-16 12:32:00,67.17,67.17,67.155,67.155,980.0,BUD
2025-05-16 12:31:00,67.15,67.17,67.15,67.17,2829.0,BUD
2025-05-16 12:30:00,67.12,67.15,67.12,67.145,1306.0,BUD
2025-05-16 12:29:00,67.13,67.13,67.11,67.12,1579.0,BUD
2025-05-16 12:28:00,67.125,67.125,67.125,67.125,704.0,BUD
2025-05-16 12:27:00,67.12,67.12,67.12,67.12,279.0,BUD
2025-05-16 12:26:00,67.11,67.12,67.11,67.12,1094.0,BUD
2025-05-16 12:25:00,67.11,67.11,67.1,67.1,551.0,BUD
2025-05-16 12:24:00,67.11,67.12,67.11,67.11,1042.0,BUD
2025-05-16 12:23:00,67.1099,67.11,67.1099,67.11,799.0,BUD
2025-05-16 12:22:00,67.09,67.09,67.08,67.08,583.0,BUD
2025-05-16 12:21:00,67.09,67.0999,67.09,67.09,873.0,BUD
2025-05-16 12:20:00,67.1,67.1,67.08,67.095,1066.0,BUD
2025-05-16 12:19:00,67.08,67.1,67.08,67.1,1062.0,BUD
2025-05-16 12:18:00,67.08,67.09,67.075,67.075,1069.0,BUD
2025-05-16 12:17:00,67.1,67.1,67.1,67.1,514.0,BUD
2025-05-16 12:16:00,67.1,67.1,67.1,67.1,613.0,BUD
2025-05-16 12:15:00,67.12,67.12,67.09,67.105,1359.0,BUD
2025-05-16 12:14:00,67.13,67.135,67.1235,67.13,958.0,BUD
2025-05-16 12:13:00,67.13,67.13,67.12,67.12,467.0,BUD
2025-05-16 12:12:00,67.13,67.13,67.13,67.13,147.0,BUD
2025-05-16 12:11:00,67.11,67.115,67.1,67.1,1658.0,BUD
2025-05-16 12:10:00,67.08,67.1,67.08,67.1,980.0,BUD
2025-05-16 12:09:00,67.08,67.08,67.08,67.08,661.0,BUD
2025-05-16 12:08:00,67.0935,67.0935,67.08,67.08,457.0,BUD
2025-05-16 12:07:00,67.11,67.11,67.09,67.09,1462.0,BUD
2025-05-16 12:06:00,67.1,67.12,67.1,67.11,2979.0,BUD
2025-05-16 12:05:00,67.115,67.115,67.11,67.11,1097.0,BUD
2025-05-16 12:04:00,67.1,67.13,67.1,67.13,1724.0,BUD
2025-05-16 12:03:00,67.1,67.1,67.1,67.1,726.0,BUD
2025-05-16 12:02:00,67.09,67.1,67.09,67.1,1202.0,BUD
2025-05-16 12:01:00,67.08,67.1,67.08,67.1,1420.0,BUD
2025-05-16 12:00:00,67.0343,67.07,67.0343,67.07,1858.0,BUD
2025-05-16 11:59:00,67.03,67.03,67.03,67.03,1047.0,BUD
2025-05-16 11:58:00,67.04,67.04,67.02,67.02,931.0,BUD
2025-05-16 11:57:00,67.04,67.04,67.025,67.025,856.0,BUD
2025-05-16 11:56:00,67.06,67.06,67.04,67.04,1489.0,BUD
2025-05-16 11:55:00,67.06,67.075,67.06,67.06,4911.0,BUD
2025-05-16 11:54:00,67.0546,67.06,67.0546,67.06,2651.0,BUD
2025-05-16 11:53:00,67.06,67.06,67.05,67.06,2277.0,BUD
2025-05-16 11:52:00,67.05,67.085,67.05,67.05,7300.0,BUD
2025-05-16 11:51:00,67.03,67.06,67.02,67.06,12985.0,BUD
2025-05-16 11:50:00,67.06,67.06,67.05,67.05,686.0,BUD
2025-05-16 11:49:00,67.07,67.07,67.06,67.06,2764.0,BUD
2025-05-16 11:48:00,67.06,67.06,67.02,67.05,10767.0,BUD
2025-05-16 11:47:00,67.11,67.11,67.06,67.06,3306.0,BUD
2025-05-16 11:46:00,67.12,67.125,67.12,67.12,2700.0,BUD
2025-05-16 11:45:00,67.13,67.13,67.12,67.12,5773.0,BUD
2025-05-16 11:44:00,67.15,67.15,67.15,67.15,791.0,BUD
2025-05-16 11:43:00,67.15,67.15,67.14,67.15,1057.0,BUD
2025-05-16 11:42:00,67.16,67.16,67.14,67.14,1299.0,BUD
2025-05-16 11:41:00,67.14,67.165,67.13,67.165,2035.0,BUD
2025-05-16 11:40:00,67.16,67.17,67.14,67.14,2049.0,BUD
2025-05-16 11:39:00,67.19,67.19,67.16,67.16,3479.0,BUD
2025-05-16 11:38:00,67.17,67.19,67.17,67.19,2172.0,BUD
2025-05-16 11:37:00,67.17,67.18,67.17,67.18,2195.0,BUD
2025-05-16 11:36:00,67.18,67.18,67.17,67.175,1979.0,BUD
2025-05-16 11:35:00,67.145,67.21,67.145,67.19,40488.0,BUD
2025-05-16 11:34:00,67.025,67.15,67.02,67.15,18747.0,BUD
2025-05-16 11:33:00,67.02,67.02,67.02,67.02,1611.0,BUD
2025-05-16 11:32:00,67.03,67.03,67.02,67.02,1504.0,BUD
2025-05-16 11:31:00,67.03,67.05,67.03,67.03,2371.0,BUD
2025-05-16 11:30:00,67.03,67.03,67.01,67.02,1865.0,BUD
2025-05-16 11:29:00,67.005,67.03,67.005,67.02,3954.0,BUD
2025-05-16 11:28:00,67.01,67.01,67.01,67.01,597.0,BUD
2025-05-16 11:27:00,67.02,67.02,67.02,67.02,1104.0,BUD
2025-05-16 11:26:00,67.02,67.03,67.02,67.02,1862.0,BUD
2025-05-16 11:25:00,67.02,67.02,67.01,67.02,2711.0,BUD
2025-05-16 11:24:00,67.02,67.02,67.01,67.02,1886.0,BUD
2025-05-16 11:23:00,67.03,67.05,67.02,67.02,1687.0,BUD
2025-05-16 11:22:00,67.055,67.055,67.01,67.02,1863.0,BUD
2025-05-16 11:21:00,67.06,67.07,67.06,67.07,1282.0,BUD
2025-05-16 11:20:00,67.075,67.075,67.06,67.06,2240.0,BUD
2025-05-16 11:19:00,67.04,67.05,67.04,67.05,369.0,BUD
2025-05-16 11:18:00,67.03,67.04,67.02,67.04,2647.0,BUD
2025-05-16 11:17:00,67.01,67.02,67.0,67.0,1041.0,BUD
2025-05-16 11:16:00,67.005,67.03,67.0,67.0,4930.0,BUD
2025-05-16 11:15:00,67.03,67.03,67.0,67.005,1344.0,BUD
2025-05-16 11:14:00,67.02,67.03,67.02,67.03,1056.0,BUD
2025-05-16 11:13:00,67.005,67.03,67.005,67.005,3647.0,BUD
2025-05-16 11:12:00,67.01,67.02,67.01,67.02,1597.0,BUD
2025-05-16 11:11:00,67.0219,67.0219,67.01,67.02,2321.0,BUD
2025-05-16 11:10:00,67.01,67.03,67.01,67.02,1981.0,BUD
2025-05-16 11:09:00,67.03,67.03,67.02,67.03,1107.0,BUD
2025-05-16 11:08:00,67.03,67.035,67.02,67.02,1920.0,BUD
2025-05-16 11:06:00,67.02,67.04,67.02,67.04,1128.0,BUD
2025-05-16 11:05:00,67.03,67.045,67.03,67.03,771.0,BUD
2025-05-16 11:04:00,67.0101,67.0101,67.0,67.0,1275.0,BUD
2025-05-16 11:03:00,67.0,67.01,67.0,67.01,875.0,BUD
2025-05-16 11:02:00,66.98,66.99,66.97,66.99,1673.0,BUD
2025-05-16 11:01:00,67.0,67.01,66.99,66.99,1753.0,BUD
2025-05-16 11:00:00,66.98,67.01,66.98,67.01,696.0,BUD
2025-05-16 10:59:00,67.005,67.005,66.98,66.98,1614.0,BUD
2025-05-16 10:58:00,66.99,67.01,66.99,67.005,1105.0,BUD
2025-05-16 10:57:00,66.99,66.995,66.99,66.995,614.0,BUD
2025-05-16 10:56:00,66.99,67.0,66.99,66.99,1539.0,BUD
2025-05-16 10:55:00,67.02,67.02,66.97,66.99,3103.0,BUD
2025-05-16 10:54:00,67.015,67.03,67.015,67.02,3238.0,BUD
2025-05-16 10:53:00,66.98,67.015,66.98,67.015,2423.0,BUD
2025-05-16 10:52:00,66.99,67.01,66.98,66.98,2934.0,BUD
2025-05-16 10:51:00,67.0,67.0,66.99,66.99,1495.0,BUD
2025-05-16 10:50:00,67.01,67.01,67.005,67.005,440.0,BUD
2025-05-16 10:49:00,67.01,67.01,67.0,67.005,1661.0,BUD
2025-05-16 10:48:00,67.05,67.05,67.01,67.015,1334.0,BUD
2025-05-16 10:47:00,67.07,67.075,67.03,67.04,2978.0,BUD
2025-05-16 10:46:00,67.07,67.07,67.06,67.07,1161.0,BUD
2025-05-16 10:45:00,67.07,67.09,67.07,67.08,1159.0,BUD
2025-05-16 10:44:00,67.095,67.095,67.08,67.08,1302.0,BUD
2025-05-16 10:43:00,67.08,67.09,67.08,67.09,6337.0,BUD
2025-05-16 10:42:00,67.08,67.095,67.08,67.08,2112.0,BUD
2025-05-16 10:41:00,67.09,67.095,67.0708,67.08,4471.0,BUD
2025-05-16 10:40:00,67.13,67.14,67.12,67.12,2762.0,BUD
2025-05-16 10:39:00,67.17,67.17,67.13,67.13,6149.0,BUD
2025-05-16 10:38:00,67.17,67.17,67.16,67.165,1009.0,BUD
2025-05-16 10:37:00,67.1901,67.2,67.18,67.19,2436.0,BUD
2025-05-16 10:36:00,67.2,67.21,67.2,67.2,687.0,BUD
2025-05-16 10:35:00,67.2,67.2,67.17,67.19,1603.0,BUD
2025-05-16 10:34:00,67.205,67.22,67.205,67.205,1817.0,BUD
2025-05-16 10:33:00,67.21,67.22,67.2,67.2,4247.0,BUD
2025-05-16 10:32:00,67.2,67.22,67.2,67.21,1417.0,BUD
2025-05-16 10:31:00,67.22,67.22,67.19,67.21,3886.0,BUD
2025-05-16 10:30:00,67.18,67.21,67.18,67.21,1353.0,BUD
2025-05-16 10:29:00,67.18,67.19,67.16,67.17,1827.0,BUD
2025-05-16 10:28:00,67.17,67.18,67.165,67.1754,2351.0,BUD
2025-05-16 10:27:00,67.18,67.18,67.18,67.18,756.0,BUD
2025-05-16 10:26:00,67.185,67.19,67.18,67.18,1930.0,BUD
2025-05-16 10:25:00,67.19,67.19,67.17,67.185,2650.0,BUD
2025-05-16 10:24:00,67.18,67.19,67.18,67.18,701.0,BUD
2025-05-16 10:23:00,67.185,67.185,67.17,67.18,1266.0,BUD
2025-05-16 10:22:00,67.17,67.195,67.17,67.185,3975.0,BUD
2025-05-16 10:21:00,67.15,67.17,67.15,67.16,2699.0,BUD
2025-05-16 10:20:00,67.13,67.15,67.13,67.15,1640.0,BUD
2025-05-16 10:19:00,67.13,67.13,67.115,67.12,2115.0,BUD
2025-05-16 10:18:00,67.12,67.14,67.1115,67.13,2696.0,BUD
2025-05-16 10:17:00,67.14,67.14,67.11,67.12,2252.0,BUD
2025-05-16 10:16:00,67.16,67.16,67.12,67.13,1833.0,BUD
2025-05-16 10:15:00,67.185,67.2,67.165,67.17,5386.0,BUD
2025-05-16 10:14:00,67.19,67.19,67.1786,67.18,913.0,BUD
2025-05-16 10:13:00,67.18,67.18,67.17,67.18,3179.0,BUD
2025-05-16 10:12:00,67.2001,67.2001,67.19,67.19,1821.0,BUD
2025-05-16 10:11:00,67.16,67.23,67.16,67.215,3651.0,BUD
2025-05-16 10:10:00,67.16,67.17,67.15,67.17,4235.0,BUD
2025-05-16 10:09:00,67.175,67.175,67.155,67.155,791.0,BUD
2025-05-16 10:08:00,67.17,67.175,67.16,67.165,2226.0,BUD
2025-05-16 10:07:00,67.15,67.17,67.15,67.17,1210.0,BUD
2025-05-16 10:06:00,67.16,67.18,67.16,67.17,1822.0,BUD
2025-05-16 10:05:00,67.145,67.18,67.145,67.18,854.0,BUD
2025-05-16 10:04:00,67.15,67.17,67.135,67.14,4269.0,BUD
2025-05-16 10:03:00,67.13,67.15,67.11,67.15,8716.0,BUD
2025-05-16 10:02:00,67.175,67.175,67.13,67.13,1162.0,BUD
2025-05-16 10:01:00,67.225,67.25,67.18,67.18,3988.0,BUD
2025-05-16 10:00:00,67.32,67.32,67.22,67.22,8410.0,BUD
2025-05-16 09:59:00,67.31,67.32,67.31,67.32,7314.0,BUD
2025-05-16 09:58:00,67.29,67.31,67.29,67.31,8873.0,BUD
2025-05-16 09:57:00,67.31,67.31,67.28,67.28,919.0,BUD
2025-05-16 09:56:00,67.28,67.34,67.28,67.33,10816.0,BUD
2025-05-16 09:55:00,67.3,67.31,67.29,67.29,526.0,BUD
2025-05-16 09:54:00,67.3,67.3,67.265,67.29,3257.0,BUD
2025-05-16 09:53:00,67.33,67.33,67.31,67.31,1614.0,BUD
2025-05-16 09:52:00,67.31,67.345,67.31,67.345,1327.0,BUD
2025-05-16 09:51:00,67.32,67.32,67.29,67.29,3501.0,BUD
2025-05-16 09:50:00,67.26,67.33,67.25,67.33,3770.0,BUD
2025-05-16 09:49:00,67.27,67.27,67.27,67.27,870.0,BUD
2025-05-16 09:48:00,67.29,67.295,67.275,67.29,3442.0,BUD
2025-05-16 09:47:00,67.26,67.29,67.26,67.27,5101.0,BUD
2025-05-16 09:46:00,67.25,67.275,67.25,67.25,2980.0,BUD
2025-05-16 09:44:00,67.255,67.26,67.25,67.26,1373.0,BUD
2025-05-16 09:43:00,67.28,67.28,67.25,67.25,1101.0,BUD
2025-05-16 09:42:00,67.25,67.29,67.25,67.28,1519.0,BUD
2025-05-16 09:41:00,67.23,67.245,67.23,67.24,1331.0,BUD
2025-05-16 09:40:00,67.2,67.21,67.195,67.21,1103.0,BUD
2025-05-16 09:39:00,67.18,67.2,67.15,67.2,1488.0,BUD
2025-05-16 09:38:00,67.16,67.195,67.16,67.18,3063.0,BUD
2025-05-16 09:37:00,67.17,67.17,67.16,67.16,2644.0,BUD
2025-05-16 09:36:00,67.16,67.19,67.16,67.17,2388.0,BUD
2025-05-16 09:35:00,67.13,67.18,67.13,67.18,3620.0,BUD
2025-05-16 09:34:00,67.22,67.22,67.15,67.15,1702.0,BUD
2025-05-16 09:33:00,67.28,67.285,67.211,67.211,10047.0,BUD
2025-05-16 09:32:00,67.285,67.33,67.24,67.3,7513.0,BUD
2025-05-16 09:31:00,67.26,67.29,67.25,67.285,13538.0,BUD
2025-05-16 09:30:00,67.19,67.26,67.19,67.22,20217.0,BUD
2025-05-16 09:28:00,67.18,67.18,67.18,67.18,282.0,BUD
2025-05-16 09:27:00,67.19,67.19,67.19,67.19,1.0,BUD
2025-05-16 09:24:00,67.19,67.19,67.19,67.19,50.0,BUD
2025-05-16 09:20:00,67.19,67.19,67.19,67.19,200.0,BUD
2025-05-16 09:15:00,67.2,67.2,67.17,67.17,110.0,BUD
2025-05-16 09:12:00,67.1718,67.1718,67.1718,67.1718,2.0,BUD
2025-05-16 09:08:00,67.15,67.15,67.15,67.15,5.0,BUD
2025-05-16 09:07:00,67.18,67.18,67.18,67.18,112.0,BUD
2025-05-16 08:56:00,67.244,67.244,67.2,67.2,134.0,BUD
2025-05-16 08:51:00,67.26,67.26,67.26,67.26,100.0,BUD
2025-05-16 08:11:00,67.51,67.51,67.5,67.5,80.0,BUD
2025-05-16 08:02:00,67.52,67.5688,67.52,67.5688,11.0,BUD
2025-05-16 08:01:00,67.724,67.724,67.724,67.724,1.0,BUD
2025-05-16 08:00:00,67.7917,67.85,67.67,67.7499,86.0,BUD
2025-05-16 07:51:00,67.68,67.68,67.66,67.66,1200.0,BUD
2025-05-16 07:49:00,67.75,67.75,67.75,67.75,1.0,BUD
2025-05-16 07:48:00,67.76,67.76,67.76,67.76,200.0,BUD
2025-05-16 07:22:00,67.75,67.75,67.75,67.75,34.0,BUD
2025-05-16 07:13:00,67.87,67.87,67.87,67.87,8.0,BUD
2025-05-16 07:10:00,67.85,67.86,67.85,67.86,108.0,BUD
2025-05-16 07:00:00,67.79,67.8,67.79,67.79,267.0,BUD
2025-05-16 06:17:00,67.9,67.9,67.9,67.9,60.0,BUD
2025-05-16 06:16:00,67.89,67.89,67.89,67.89,1.0,BUD
2025-05-16 06:10:00,67.85,67.85,67.85,67.85,1.0,BUD
2025-05-16 04:35:00,67.55,67.55,67.55,67.55,1.0,BUD
2025-05-16 04:00:00,67.5,67.5,67.5,67.5,15.0,BUD
2025-05-15 19:47:00,66.17,66.17,66.17,66.17,4.0,BUD
2025-05-15 19:44:00,66.2082,66.2082,66.2082,66.2082,1.0,BUD
2025-05-15 19:23:00,67.55,67.55,67.55,67.55,1.0,BUD
2025-05-15 19:00:00,67.52,67.52,67.52,67.52,104488.0,BUD
2025-05-15 18:59:00,67.7,67.7,67.7,67.7,1.0,BUD
2025-05-15 18:56:00,66.99,66.99,66.99,66.99,19.0,BUD
2025-05-15 18:43:00,67.7,67.7,67.7,67.7,6.0,BUD
2025-05-15 18:30:00,67.52,67.52,67.52,67.52,104488.0,BUD
2025-05-15 18:23:00,67.55,67.55,67.55,67.55,1.0,BUD
2025-05-15 18:10:00,67.55,67.55,67.55,67.55,1.0,BUD
2025-05-15 17:51:00,66.17,66.17,66.17,66.17,8.0,BUD
2025-05-15 17:45:00,66.797,66.797,66.797,66.797,80.0,BUD
2025-05-15 17:34:00,67.34,67.34,67.34,67.34,2.0,BUD
2025-05-15 17:04:00,67.52,67.52,67.52,67.52,4871.0,BUD
2025-05-15 16:45:00,67.4,67.4,67.4,67.4,1.0,BUD
2025-05-15 16:35:00,67.5,67.5,67.5,67.5,1.0,BUD
2025-05-15 16:10:00,67.52,67.52,67.52,67.52,104488.0,BUD
2025-05-15 16:06:00,67.5,67.5,67.5,67.5,3000.0,BUD
2025-05-15 16:05:00,67.52,67.52,67.52,67.52,10.0,BUD
2025-05-15 16:03:00,67.51,67.51,67.51,67.51,1.0,BUD
2025-05-15 16:00:00,67.53,67.53,67.52,67.52,229051.0,BUD
2025-05-15 15:59:00,67.485,67.54,67.455,67.53,53455.0,BUD
2025-05-15 15:58:00,67.485,67.495,67.485,67.485,13098.0,BUD
2025-05-15 15:57:00,67.52,67.52,67.485,67.485,13218.0,BUD
2025-05-15 15:56:00,67.519,67.54,67.519,67.525,15821.0,BUD
2025-05-15 15:55:00,67.48,67.52,67.465,67.51,19225.0,BUD
2025-05-15 15:54:00,67.51,67.51,67.47,67.48,8013.0,BUD
2025-05-15 15:53:00,67.51,67.52,67.49,67.515,18332.0,BUD
2025-05-15 15:52:00,67.51,67.51,67.49,67.505,7328.0,BUD
2025-05-15 15:51:00,67.48,67.52,67.46,67.51,16356.0,BUD
2025-05-15 15:50:00,67.47,67.51,67.4638,67.47,13165.0,BUD
2025-05-15 15:49:00,67.495,67.5,67.46,67.46,12239.0,BUD
2025-05-15 15:48:00,67.48,67.495,67.475,67.495,3548.0,BUD
2025-05-15 15:47:00,67.45,67.47,67.44,67.47,5917.0,BUD
2025-05-15 15:46:00,67.47,67.475,67.445,67.45,22939.0,BUD
2025-05-15 15:45:00,67.525,67.53,67.46,67.465,14506.0,BUD
2025-05-15 15:44:00,67.54,67.54,67.52,67.53,6921.0,BUD
2025-05-15 15:43:00,67.5,67.539,67.49,67.539,15575.0,BUD
2025-05-15 15:42:00,67.485,67.5,67.485,67.495,2375.0,BUD
2025-05-15 15:41:00,67.47,67.485,67.465,67.485,7334.0,BUD
2025-05-15 15:40:00,67.465,67.47,67.465,67.465,6459.0,BUD
2025-05-15 15:39:00,67.46,67.46,67.45,67.46,4151.0,BUD
2025-05-15 15:38:00,67.45,67.46,67.45,67.46,4820.0,BUD
2025-05-15 15:37:00,67.46,67.46,67.43,67.449,10748.0,BUD
2025-05-15 15:36:00,67.465,67.465,67.465,67.465,648.0,BUD
2025-05-15 15:35:00,67.455,67.465,67.455,67.46,1903.0,BUD
2025-05-15 15:34:00,67.44,67.455,67.435,67.455,4422.0,BUD
2025-05-15 15:33:00,67.45,67.46,67.45,67.45,2171.0,BUD
2025-05-15 15:32:00,67.45,67.45,67.44,67.445,2600.0,BUD
2025-05-15 15:31:00,67.466,67.475,67.45,67.45,5198.0,BUD
2025-05-15 15:30:00,67.45,67.47,67.45,67.469,2553.0,BUD
2025-05-15 15:29:00,67.44,67.44,67.425,67.435,5490.0,BUD
2025-05-15 15:28:00,67.44,67.445,67.439,67.445,5761.0,BUD
2025-05-15 15:27:00,67.43,67.44,67.425,67.435,2660.0,BUD
2025-05-15 15:26:00,67.45,67.45,67.425,67.425,2214.0,BUD
2025-05-15 15:25:00,67.42,67.449,67.415,67.449,5977.0,BUD
2025-05-15 15:24:00,67.425,67.425,67.425,67.425,539.0,BUD
2025-05-15 15:23:00,67.42,67.425,67.42,67.425,795.0,BUD
2025-05-15 15:22:00,67.41,67.415,67.41,67.415,1852.0,BUD
2025-05-15 15:21:00,67.41,67.41,67.4,67.4029,4171.0,BUD
2025-05-15 15:20:00,67.39,67.41,67.39,67.41,3749.0,BUD
2025-05-15 15:19:00,67.4,67.4,67.39,67.399,491.0,BUD
2025-05-15 15:18:00,67.38,67.39,67.38,67.39,1466.0,BUD
2025-05-15 15:17:00,67.38,67.38,67.38,67.38,2293.0,BUD
2025-05-15 15:16:00,67.375,67.38,67.375,67.38,1330.0,BUD
2025-05-15 15:15:00,67.365,67.37,67.365,67.37,1091.0,BUD
2025-05-15 15:14:00,67.38,67.38,67.37,67.37,1580.0,BUD
2025-05-15 15:13:00,67.3716,67.38,67.3716,67.38,1391.0,BUD
2025-05-15 15:12:00,67.37,67.3798,67.36,67.3798,2344.0,BUD
2025-05-15 15:11:00,67.36,67.37,67.36,67.37,2622.0,BUD
2025-05-15 15:10:00,67.36,67.36,67.345,67.355,3259.0,BUD
2025-05-15 15:09:00,67.36,67.37,67.36,67.37,1214.0,BUD
2025-05-15 15:08:00,67.36,67.36,67.36,67.36,973.0,BUD
2025-05-15 15:07:00,67.38,67.38,67.365,67.365,1416.0,BUD
2025-05-15 15:06:00,67.37,67.38,67.37,67.38,2386.0,BUD
2025-05-15 15:05:00,67.36,67.36,67.355,67.36,1076.0,BUD
2025-05-15 15:04:00,67.36,67.36,67.36,67.36,749.0,BUD
2025-05-15 15:03:00,67.36,67.36,67.35,67.35,3518.0,BUD
2025-05-15 15:02:00,67.37,67.375,67.36,67.36,2450.0,BUD
2025-05-15 15:01:00,67.36,67.375,67.36,67.375,2025.0,BUD
2025-05-15 14:59:00,67.35,67.355,67.35,67.35,4138.0,BUD
2025-05-15 14:58:00,67.345,67.345,67.345,67.345,659.0,BUD
2025-05-15 14:57:00,67.34,67.34,67.34,67.34,1237.0,BUD
2025-05-15 14:56:00,67.33,67.33,67.33,67.33,1254.0,BUD
2025-05-15 14:55:00,67.32,67.32,67.315,67.32,2591.0,BUD
2025-05-15 14:54:00,67.31,67.32,67.31,67.32,891.0,BUD
2025-05-15 14:53:00,67.315,67.315,67.3002,67.31,2483.0,BUD
2025-05-15 14:52:00,67.315,67.315,67.3116,67.315,853.0,BUD
2025-05-15 14:51:00,67.33,67.33,67.31,67.315,2427.0,BUD
2025-05-15 14:50:00,67.33,67.34,67.33,67.34,1273.0,BUD
2025-05-15 14:49:00,67.33,67.33,67.3299,67.3299,1244.0,BUD
2025-05-15 14:48:00,67.33,67.34,67.33,67.34,3624.0,BUD
2025-05-15 14:47:00,67.33,67.33,67.33,67.33,393.0,BUD
2025-05-15 14:46:00,67.32,67.335,67.32,67.33,3555.0,BUD
2025-05-15 14:44:00,67.32,67.3265,67.32,67.3265,1600.0,BUD
2025-05-15 14:43:00,67.3113,67.32,67.3113,67.315,1669.0,BUD
2025-05-15 14:42:00,67.31,67.31,67.31,67.31,1713.0,BUD
2025-05-15 14:41:00,67.33,67.33,67.32,67.32,2009.0,BUD
2025-05-15 14:40:00,67.31,67.32,67.31,67.32,953.0,BUD
2025-05-15 14:39:00,67.295,67.3,67.295,67.3,795.0,BUD
2025-05-15 14:38:00,67.3,67.3,67.285,67.29,1771.0,BUD
2025-05-15 14:36:00,67.275,67.3,67.275,67.29,4852.0,BUD
2025-05-15 14:35:00,67.285,67.29,67.28,67.28,1161.0,BUD
2025-05-15 14:34:00,67.27,67.28,67.27,67.28,1084.0,BUD
2025-05-15 14:33:00,67.27,67.27,67.26,67.26,3483.0,BUD
2025-05-15 14:32:00,67.275,67.275,67.27,67.27,1370.0,BUD
2025-05-15 14:31:00,67.25,67.27,67.25,67.27,2397.0,BUD
2025-05-15 14:30:00,67.26,67.26,67.23,67.23,1961.0,BUD
2025-05-15 14:29:00,67.26,67.265,67.26,67.26,1989.0,BUD
2025-05-15 14:28:00,67.25,67.25,67.25,67.25,1707.0,BUD
2025-05-15 14:27:00,67.275,67.275,67.245,67.25,3601.0,BUD
2025-05-15 14:26:00,67.2701,67.2701,67.2701,67.2701,1604.0,BUD
2025-05-15 14:25:00,67.285,67.285,67.28,67.28,1513.0,BUD
2025-05-15 14:24:00,67.29,67.29,67.2899,67.2899,935.0,BUD
2025-05-15 14:23:00,67.28,67.28,67.28,67.28,1975.0,BUD
2025-05-15 14:22:00,67.285,67.285,67.285,67.285,720.0,BUD
2025-05-15 14:21:00,67.28,67.29,67.28,67.29,903.0,BUD
2025-05-15 14:20:00,67.29,67.29,67.28,67.2803,1318.0,BUD
2025-05-15 14:19:00,67.275,67.28,67.275,67.28,813.0,BUD
2025-05-15 14:18:00,67.28,67.28,67.26,67.27,2628.0,BUD
2025-05-15 14:17:00,67.25,67.27,67.25,67.27,2897.0,BUD
2025-05-15 14:16:00,67.23,67.2433,67.23,67.2433,1406.0,BUD
2025-05-15 14:15:00,67.22,67.225,67.21,67.22,1750.0,BUD
2025-05-15 14:14:00,67.21,67.22,67.21,67.22,2548.0,BUD
2025-05-15 14:13:00,67.235,67.235,67.22,67.22,2347.0,BUD
2025-05-15 14:12:00,67.235,67.235,67.235,67.235,361.0,BUD
2025-05-15 14:11:00,67.235,67.235,67.23,67.23,1189.0,BUD
2025-05-15 14:10:00,67.235,67.235,67.23,67.23,980.0,BUD
2025-05-15 14:07:00,67.24,67.24,67.24,67.24,1431.0,BUD
2025-05-15 14:06:00,67.22,67.23,67.22,67.23,1020.0,BUD
2025-05-15 14:04:00,67.22,67.22,67.21,67.21,614.0,BUD
2025-05-15 14:03:00,67.245,67.245,67.22,67.22,3003.0,BUD
2025-05-15 14:02:00,67.245,67.27,67.24,67.24,4546.0,BUD
2025-05-15 14:01:00,67.245,67.245,67.245,67.245,364.0,BUD
2025-05-15 14:00:00,67.26,67.26,67.245,67.245,1436.0,BUD
2025-05-15 13:59:00,67.275,67.2764,67.26,67.2764,3104.0,BUD
2025-05-15 13:58:00,67.2854,67.2854,67.28,67.28,805.0,BUD
2025-05-15 13:57:00,67.27,67.29,67.27,67.29,1682.0,BUD
2025-05-15 13:56:00,67.26,67.265,67.26,67.265,547.0,BUD
2025-05-15 13:55:00,67.27,67.27,67.25,67.265,3962.0,BUD
2025-05-15 13:54:00,67.28,67.28,67.28,67.28,597.0,BUD
2025-05-15 13:53:00,67.3022,67.3022,67.27,67.28,4281.0,BUD
2025-05-15 13:52:00,67.3,67.3,67.3,67.3,242.0,BUD
2025-05-15 13:51:00,67.3,67.3,67.3,67.3,473.0,BUD
2025-05-15 13:50:00,67.31,67.31,67.31,67.31,437.0,BUD
2025-05-15 13:49:00,67.3,67.31,67.3,67.31,724.0,BUD
2025-05-15 13:48:00,67.3,67.3,67.3,67.3,271.0,BUD
2025-05-15 13:47:00,67.32,67.32,67.3,67.3,2833.0,BUD
2025-05-15 13:46:00,67.31,67.315,67.31,67.315,762.0,BUD
2025-05-15 13:45:00,67.3,67.3,67.3,67.3,490.0,BUD
2025-05-15 13:44:00,67.28,67.3,67.28,67.3,2898.0,BUD
2025-05-15 13:43:00,67.3,67.3,67.27,67.27,2733.0,BUD
2025-05-15 13:42:00,67.3003,67.3003,67.3003,67.3003,612.0,BUD
2025-05-15 13:41:00,67.305,67.305,67.305,67.305,239.0,BUD
2025-05-15 13:40:00,67.28,67.3,67.28,67.3,3170.0,BUD
2025-05-15 13:39:00,67.315,67.315,67.29,67.29,3281.0,BUD
2025-05-15 13:38:00,67.3224,67.3224,67.315,67.315,1072.0,BUD
2025-05-15 13:36:00,67.31,67.33,67.31,67.325,1365.0,BUD
2025-05-15 13:35:00,67.3,67.31,67.3,67.31,1980.0,BUD
2025-05-15 13:34:00,67.31,67.32,67.31,67.31,5213.0,BUD
2025-05-15 13:33:00,67.31,67.3112,67.31,67.31,1814.0,BUD
2025-05-15 13:32:00,67.31,67.31,67.31,67.31,907.0,BUD
2025-05-15 13:31:00,67.3,67.31,67.29,67.31,2570.0,BUD
2025-05-15 13:30:00,67.32,67.32,67.3,67.3,1433.0,BUD
2025-05-15 13:29:00,67.33,67.33,67.3228,67.3228,688.0,BUD
2025-05-15 13:28:00,67.3399,67.3399,67.335,67.335,931.0,BUD
2025-05-15 13:26:00,67.375,67.375,67.37,67.37,591.0,BUD
2025-05-15 13:25:00,67.39,67.4,67.375,67.375,4545.0,BUD
2025-05-15 13:24:00,67.405,67.405,67.39,67.39,1231.0,BUD
2025-05-15 13:23:00,67.41,67.41,67.4,67.4,2158.0,BUD
2025-05-15 13:22:00,67.41,67.42,67.41,67.42,1438.0,BUD
2025-05-15 13:21:00,67.4,67.4,67.3989,67.3989,671.0,BUD
2025-05-15 13:20:00,67.38,67.39,67.38,67.39,1353.0,BUD
2025-05-15 13:19:00,67.38,67.39,67.38,67.39,611.0,BUD
2025-05-15 13:18:00,67.37,67.375,67.37,67.37,1099.0,BUD
2025-05-15 13:17:00,67.36,67.36,67.36,67.36,596.0,BUD
2025-05-15 13:16:00,67.35,67.36,67.35,67.36,1455.0,BUD
2025-05-15 13:15:00,67.355,67.36,67.35,67.36,4838.0,BUD
2025-05-15 13:14:00,67.3501,67.36,67.3501,67.36,2085.0,BUD
2025-05-15 13:13:00,67.37,67.37,67.36,67.36,1057.0,BUD
2025-05-15 13:12:00,67.375,67.375,67.375,67.375,317.0,BUD
2025-05-15 13:11:00,67.37,67.38,67.37,67.375,1458.0,BUD
2025-05-15 13:10:00,67.39,67.39,67.365,67.365,1380.0,BUD
2025-05-15 13:09:00,67.4,67.41,67.4,67.4,1168.0,BUD
2025-05-15 13:08:00,67.41,67.41,67.405,67.41,2178.0,BUD
2025-05-15 13:07:00,67.41,67.42,67.41,67.42,1606.0,BUD
2025-05-15 13:06:00,67.41,67.41,67.4,67.4,1846.0,BUD
2025-05-15 13:05:00,67.39,67.4099,67.39,67.4,6413.0,BUD
2025-05-15 13:04:00,67.38,67.4,67.38,67.3933,1892.0,BUD
2025-05-15 13:03:00,67.37,67.37,67.37,67.37,502.0,BUD
2025-05-15 13:02:00,67.38,67.38,67.37,67.37,2597.0,BUD
2025-05-15 13:01:00,67.38,67.38,67.37,67.37,861.0,BUD
2025-05-15 13:00:00,67.36,67.36,67.36,67.36,1293.0,BUD
2025-05-15 12:59:00,67.35,67.37,67.35,67.36,2096.0,BUD
2025-05-15 12:57:00,67.345,67.36,67.345,67.36,3023.0,BUD
2025-05-15 12:56:00,67.34,67.34,67.34,67.34,994.0,BUD
2025-05-15 12:55:00,67.33,67.33,67.33,67.33,347.0,BUD
2025-05-15 12:54:00,67.3101,67.33,67.3101,67.33,1050.0,BUD
2025-05-15 12:53:00,67.3223,67.3223,67.32,67.32,1139.0,BUD
2025-05-15 12:52:00,67.31,67.325,67.31,67.325,942.0,BUD
2025-05-15 12:51:00,67.3,67.3,67.3,67.3,381.0,BUD
2025-05-15 12:50:00,67.3,67.3,67.3,67.3,1031.0,BUD
2025-05-15 12:49:00,67.3,67.3,67.29,67.29,1030.0,BUD
2025-05-15 12:48:00,67.31,67.315,67.3,67.3,2124.0,BUD
2025-05-15 12:47:00,67.2954,67.3,67.2954,67.3,1980.0,BUD
2025-05-15 12:46:00,67.3,67.3,67.295,67.295,367.0,BUD
2025-05-15 12:45:00,67.29,67.29,67.28,67.28,248.0,BUD
2025-05-15 12:44:00,67.2747,67.29,67.2747,67.28,2719.0,BUD
2025-05-15 12:43:00,67.3,67.3,67.27,67.27,3687.0,BUD
2025-05-15 12:42:00,67.31,67.32,67.31,67.31,969.0,BUD
2025-05-15 12:41:00,67.34,67.34,67.34,67.34,851.0,BUD
2025-05-15 12:40:00,67.3,67.33,67.3,67.32,6178.0,BUD
2025-05-15 12:39:00,67.3233,67.33,67.32,67.32,788.0,BUD
2025-05-15 12:38:00,67.33,67.33,67.33,67.33,1228.0,BUD
2025-05-15 12:37:00,67.34,67.34,67.34,67.34,747.0,BUD
2025-05-15 12:36:00,67.345,67.345,67.345,67.345,692.0,BUD
2025-05-15 12:35:00,67.35,67.35,67.34,67.34,1385.0,BUD
2025-05-15 12:34:00,67.355,67.355,67.355,67.355,364.0,BUD
2025-05-15 12:33:00,67.365,67.37,67.355,67.355,1434.0,BUD
2025-05-15 12:31:00,67.37,67.37,67.36,67.36,2512.0,BUD
2025-05-15 12:30:00,67.365,67.365,67.345,67.36,2016.0,BUD
2025-05-15 12:29:00,67.375,67.375,67.37,67.37,1208.0,BUD
2025-05-15 12:27:00,67.39,67.3999,67.375,67.375,1970.0,BUD
2025-05-15 12:26:00,67.39,67.39,67.39,67.39,441.0,BUD
2025-05-15 12:24:00,67.38,67.39,67.38,67.38,3160.0,BUD
2025-05-15 12:23:00,67.38,67.38,67.375,67.375,450.0,BUD
2025-05-15 12:22:00,67.3699,67.375,67.3699,67.375,1300.0,BUD
2025-05-15 12:21:00,67.37,67.38,67.36,67.3616,4930.0,BUD
2025-05-15 12:20:00,67.345,67.36,67.345,67.36,1369.0,BUD
2025-05-15 12:19:00,67.34,67.34,67.34,67.34,195.0,BUD
2025-05-15 12:18:00,67.36,67.37,67.35,67.35,2267.0,BUD
2025-05-15 12:17:00,67.35,67.35,67.35,67.35,1547.0,BUD
2025-05-15 12:16:00,67.35,67.35,67.35,67.35,1310.0,BUD
2025-05-15 12:15:00,67.36,67.36,67.355,67.355,827.0,BUD
2025-05-15 12:14:00,67.37,67.37,67.37,67.37,1080.0,BUD
2025-05-15 12:13:00,67.365,67.37,67.365,67.37,2325.0,BUD
2025-05-15 12:12:00,67.37,67.37,67.37,67.37,665.0,BUD
2025-05-15 12:11:00,67.39,67.39,67.38,67.38,1669.0,BUD
2025-05-15 12:10:00,67.39,67.4,67.39,67.39,1474.0,BUD
2025-05-15 12:09:00,67.3986,67.4,67.39,67.39,5634.0,BUD
2025-05-15 12:08:00,67.39,67.39,67.39,67.39,663.0,BUD
2025-05-15 12:07:00,67.39,67.39,67.39,67.39,869.0,BUD
2025-05-15 12:06:00,67.385,67.4,67.385,67.39,1934.0,BUD
2025-05-15 12:05:00,67.38,67.38,67.38,67.38,707.0,BUD
2025-05-15 12:04:00,67.36,67.37,67.36,67.36,909.0,BUD
2025-05-15 12:02:00,67.34,67.35,67.34,67.35,1670.0,BUD
2025-05-15 12:01:00,67.37,67.37,67.35,67.36,2964.0,BUD
2025-05-15 12:00:00,67.35,67.37,67.345,67.35,831.0,BUD
2025-05-15 11:59:00,67.35,67.35,67.342,67.345,456.0,BUD
2025-05-15 11:58:00,67.325,67.33,67.325,67.33,1152.0,BUD
2025-05-15 11:57:00,67.32,67.3399,67.315,67.3399,1768.0,BUD
2025-05-15 11:56:00,67.3,67.31,67.3,67.3,776.0,BUD
2025-05-15 11:55:00,67.29,67.29,67.29,67.29,555.0,BUD
2025-05-15 11:54:00,67.26,67.27,67.26,67.27,915.0,BUD
2025-05-15 11:53:00,67.27,67.28,67.26,67.26,2341.0,BUD
2025-05-15 11:52:00,67.315,67.315,67.25,67.27,5024.0,BUD
2025-05-15 11:51:00,67.29,67.315,67.29,67.315,2604.0,BUD
2025-05-15 11:50:00,67.3,67.3,67.28,67.295,3027.0,BUD
2025-05-15 11:49:00,67.31,67.31,67.31,67.31,441.0,BUD
2025-05-15 11:48:00,67.315,67.315,67.315,67.315,167.0,BUD
2025-05-15 11:47:00,67.32,67.32,67.32,67.32,967.0,BUD
2025-05-15 11:46:00,67.34,67.34,67.33,67.33,735.0,BUD
2025-05-15 11:45:00,67.34,67.34,67.33,67.34,1297.0,BUD
2025-05-15 11:44:00,67.34,67.36,67.33,67.3368,4445.0,BUD
2025-05-15 11:43:00,67.33,67.33,67.33,67.33,546.0,BUD
2025-05-15 11:42:00,67.315,67.33,67.315,67.33,2114.0,BUD
2025-05-15 11:41:00,67.32,67.32,67.3,67.3134,2748.0,BUD
2025-05-15 11:40:00,67.28,67.33,67.28,67.32,4444.0,BUD
2025-05-15 11:39:00,67.29,67.29,67.27,67.27,2866.0,BUD
2025-05-15 11:38:00,67.3,67.3019,67.2746,67.28,5012.0,BUD
2025-05-15 11:37:00,67.275,67.29,67.265,67.29,3108.0,BUD
2025-05-15 11:36:00,67.275,67.28,67.275,67.28,1347.0,BUD
2025-05-15 11:35:00,67.29,67.29,67.2715,67.2715,3356.0,BUD
2025-05-15 11:34:00,67.255,67.3,67.255,67.3,3000.0,BUD
2025-05-15 11:33:00,67.275,67.275,67.26,67.26,2361.0,BUD
2025-05-15 11:32:00,67.26,67.27,67.255,67.27,1565.0,BUD
2025-05-15 11:31:00,67.2566,67.26,67.25,67.2534,1834.0,BUD
2025-05-15 11:30:00,67.25,67.265,67.25,67.26,1189.0,BUD
2025-05-15 11:29:00,67.2501,67.2501,67.24,67.24,1114.0,BUD
2025-05-15 11:28:00,67.26,67.265,67.26,67.26,2544.0,BUD
2025-05-15 11:27:00,67.265,67.265,67.265,67.265,309.0,BUD
2025-05-15 11:26:00,67.3,67.3,67.28,67.28,3678.0,BUD
2025-05-15 11:25:00,67.31,67.32,67.305,67.31,4759.0,BUD
2025-05-15 11:24:00,67.305,67.32,67.305,67.31,2153.0,BUD
2025-05-15 11:23:00,67.32,67.32,67.305,67.305,1059.0,BUD
2025-05-15 11:22:00,67.32,67.32,67.32,67.32,1050.0,BUD
2025-05-15 11:21:00,67.29,67.32,67.29,67.32,3802.0,BUD
2025-05-15 11:20:00,67.28,67.29,67.28,67.29,995.0,BUD
2025-05-15 11:19:00,67.29,67.29,67.26,67.27,3236.0,BUD
2025-05-15 11:18:00,67.3,67.3,67.29,67.29,1153.0,BUD
2025-05-15 11:17:00,67.32,67.33,67.31,67.31,1841.0,BUD
2025-05-15 11:16:00,67.305,67.315,67.3,67.315,2103.0,BUD
2025-05-15 11:15:00,67.3,67.3,67.3,67.3,684.0,BUD
2025-05-15 11:14:00,67.29,67.29,67.29,67.29,771.0,BUD
2025-05-15 11:13:00,67.3,67.3,67.3,67.3,1771.0,BUD
2025-05-15 11:12:00,67.31,67.31,67.296,67.296,935.0,BUD
2025-05-15 11:11:00,67.29,67.3,67.29,67.3,1636.0,BUD
2025-05-15 11:09:00,67.23,67.25,67.22,67.25,4033.0,BUD
2025-05-15 11:08:00,67.24,67.24,67.24,67.24,318.0,BUD
2025-05-15 11:07:00,67.2119,67.23,67.2119,67.23,2133.0,BUD
2025-05-15 11:06:00,67.24,67.24,67.2,67.2,3076.0,BUD
2025-05-15 11:05:00,67.23,67.25,67.23,67.23,1972.0,BUD
2025-05-15 11:04:00,67.17,67.2,67.17,67.2,1901.0,BUD
2025-05-15 11:03:00,67.16,67.16,67.16,67.16,431.0,BUD
2025-05-15 11:02:00,67.13,67.16,67.13,67.14,2272.0,BUD
2025-05-15 11:01:00,67.195,67.195,67.15,67.15,4958.0,BUD
2025-05-15 11:00:00,67.24,67.24,67.195,67.195,4842.0,BUD
2025-05-15 10:59:00,67.235,67.235,67.235,67.235,410.0,BUD
2025-05-15 10:58:00,67.26,67.26,67.24,67.24,1781.0,BUD
2025-05-15 10:57:00,67.26,67.28,67.26,67.28,2508.0,BUD
2025-05-15 10:56:00,67.26,67.26,67.26,67.26,1532.0,BUD
2025-05-15 10:55:00,67.32,67.32,67.25,67.25,7024.0,BUD
2025-05-15 10:54:00,67.3,67.3,67.3,67.3,1163.0,BUD
2025-05-15 10:53:00,67.31,67.32,67.3,67.31,6808.0,BUD
2025-05-15 10:52:00,67.31,67.34,67.31,67.31,1816.0,BUD
2025-05-15 10:51:00,67.27,67.31,67.27,67.31,13810.0,BUD
2025-05-15 10:50:00,67.26,67.27,67.25,67.26,3840.0,BUD
2025-05-15 10:49:00,67.25,67.27,67.25,67.26,2512.0,BUD
2025-05-15 10:48:00,67.25,67.27,67.25,67.25,6319.0,BUD
2025-05-15 10:47:00,67.23,67.25,67.23,67.25,2227.0,BUD
2025-05-15 10:46:00,67.23,67.24,67.23,67.24,1713.0,BUD
2025-05-15 10:45:00,67.23,67.23,67.23,67.23,1603.0,BUD
2025-05-15 10:44:00,67.235,67.235,67.235,67.235,407.0,BUD
2025-05-15 10:43:00,67.2149,67.22,67.2149,67.22,1233.0,BUD
2025-05-15 10:42:00,67.25,67.26,67.22,67.22,2949.0,BUD
2025-05-15 10:41:00,67.26,67.27,67.26,67.265,2303.0,BUD
2025-05-15 10:40:00,67.31,67.31,67.27,67.27,3268.0,BUD
2025-05-15 10:39:00,67.2613,67.2613,67.26,67.26,2698.0,BUD
2025-05-15 10:38:00,67.27,67.29,67.2666,67.27,10608.0,BUD
2025-05-15 10:37:00,67.245,67.25,67.245,67.25,2857.0,BUD
2025-05-15 10:36:00,67.19,67.25,67.17,67.25,11456.0,BUD
2025-05-15 10:35:00,67.17,67.2,67.16,67.2,6505.0,BUD
2025-05-15 10:34:00,67.145,67.17,67.14,67.165,7006.0,BUD
2025-05-15 10:33:00,67.115,67.15,67.115,67.15,10697.0,BUD
2025-05-15 10:32:00,67.15,67.15,67.115,67.115,10441.0,BUD
2025-05-15 10:31:00,67.11,67.15,67.11,67.15,10332.0,BUD
2025-05-15 10:30:00,67.12,67.12,67.1,67.11,8493.0,BUD
2025-05-15 10:29:00,67.14,67.16,67.13,67.13,7934.0,BUD
2025-05-15 10:28:00,67.14,67.155,67.13,67.145,9195.0,BUD
2025-05-15 10:27:00,67.14,67.15,67.13,67.14,21492.0,BUD
2025-05-15 10:26:00,67.11,67.15,67.11,67.15,77271.0,BUD
2025-05-15 10:25:00,67.12,67.13,67.12,67.13,1073.0,BUD
2025-05-15 10:24:00,67.12,67.12,67.11,67.11,1498.0,BUD
2025-05-15 10:23:00,67.13,67.13,67.13,67.13,2310.0,BUD
2025-05-15 10:22:00,67.14,67.14,67.12,67.12,3403.0,BUD
2025-05-15 10:21:00,67.16,67.16,67.13,67.13,1405.0,BUD
2025-05-15 10:20:00,67.19,67.19,67.17,67.17,2395.0,BUD
2025-05-15 10:19:00,67.17,67.2,67.16,67.2,5835.0,BUD
2025-05-15 10:18:00,67.19,67.19,67.17,67.175,2229.0,BUD
2025-05-15 10:17:00,67.13,67.2,67.13,67.2,11177.0,BUD
2025-05-15 10:16:00,67.13,67.13,67.105,67.125,8939.0,BUD
2025-05-15 10:15:00,67.15,67.15,67.14,67.14,1547.0,BUD
2025-05-15 10:14:00,67.14,67.16,67.1375,67.15,17604.0,BUD
2025-05-15 10:13:00,67.15,67.16,67.13,67.14,6472.0,BUD
2025-05-15 10:12:00,67.15,67.16,67.13,67.16,11025.0,BUD
2025-05-15 10:11:00,67.14,67.16,67.13,67.16,4773.0,BUD
2025-05-15 10:10:00,67.12,67.12,67.12,67.12,851.0,BUD
2025-05-15 10:09:00,67.1,67.11,67.085,67.11,6211.0,BUD
2025-05-15 10:08:00,67.08,67.1,67.08,67.1,4372.0,BUD
2025-05-15 10:07:00,67.04,67.08,67.04,67.07,813.0,BUD
2025-05-15 10:06:00,67.03,67.04,67.03,67.03,2781.0,BUD
2025-05-15 10:05:00,66.98,67.03,66.98,67.03,63309.0,BUD
2025-05-15 10:04:00,67.01,67.02,67.0,67.0,2654.0,BUD
2025-05-15 10:03:00,67.02,67.02,66.98,67.0004,8212.0,BUD
2025-05-15 10:02:00,67.02,67.045,67.02,67.045,510.0,BUD
2025-05-15 10:01:00,67.0,67.01,67.0,67.01,892.0,BUD
2025-05-15 10:00:00,67.01,67.045,67.0,67.0,6746.0,BUD
2025-05-15 09:59:00,67.01,67.01,66.99,66.99,571.0,BUD
2025-05-15 09:58:00,67.0,67.0,66.99,66.99,716.0,BUD
2025-05-15 09:57:00,67.0,67.02,66.99,67.01,3979.0,BUD
2025-05-15 09:56:00,66.975,67.0,66.975,66.99,10086.0,BUD
2025-05-15 09:55:00,66.99,66.99,66.97,66.97,12160.0,BUD
2025-05-15 09:54:00,66.92,66.98,66.92,66.9775,2322.0,BUD
2025-05-15 09:53:00,66.88,66.91,66.88,66.9,2969.0,BUD
2025-05-15 09:52:00,66.84,66.85,66.83,66.85,11512.0,BUD
2025-05-15 09:51:00,66.835,66.855,66.835,66.85,2760.0,BUD
2025-05-15 09:50:00,66.83,66.835,66.83,66.83,1327.0,BUD
2025-05-15 09:49:00,66.85,66.85,66.84,66.84,1578.0,BUD
2025-05-15 09:48:00,66.83,66.85,66.83,66.85,8544.0,BUD
2025-05-15 09:47:00,66.8,66.81,66.8,66.81,923.0,BUD
2025-05-15 09:46:00,66.82,66.82,66.82,66.82,1398.0,BUD
2025-05-15 09:45:00,66.825,66.825,66.82,66.82,1646.0,BUD
2025-05-15 09:44:00,66.79,66.81,66.79,66.81,889.0,BUD
2025-05-15 09:43:00,66.81,66.8275,66.8,66.8,4193.0,BUD
2025-05-15 09:42:00,66.785,66.8175,66.775,66.81,12918.0,BUD
2025-05-15 09:41:00,66.8043,66.815,66.78,66.785,15587.0,BUD
2025-05-15 09:40:00,66.85,66.865,66.82,66.82,3685.0,BUD
2025-05-15 09:39:00,66.84,66.85,66.825,66.84,9300.0,BUD
2025-05-15 09:38:00,66.865,66.865,66.85,66.85,4567.0,BUD
2025-05-15 09:37:00,66.87,66.87,66.86,66.8608,844.0,BUD
2025-05-15 09:36:00,66.8,66.89,66.8,66.88,2508.0,BUD
2025-05-15 09:35:00,66.78,66.82,66.78,66.82,5082.0,BUD
2025-05-15 09:34:00,66.77,66.81,66.77,66.79,8227.0,BUD
2025-05-15 09:33:00,66.78,66.8,66.75,66.77,8620.0,BUD
2025-05-15 09:32:00,66.7015,66.75,66.66,66.75,6879.0,BUD
2025-05-15 09:31:00,66.73,66.735,66.72,66.72,1871.0,BUD
2025-05-15 09:30:00,66.84,66.89,66.77,66.77,28630.0,BUD
2025-05-15 09:29:00,66.85,66.85,66.85,66.85,1200.0,BUD
2025-05-15 09:27:00,66.91,66.91,66.91,66.91,1000.0,BUD
2025-05-15 09:26:00,66.93,66.93,66.93,66.93,1.0,BUD
2025-05-15 09:24:00,66.96,66.96,66.96,66.96,1045.0,BUD
2025-05-15 09:22:00,67.0,67.0,67.0,67.0,1.0,BUD
2025-05-15 09:17:00,66.98,66.99,66.98,66.98,1236.0,BUD
2025-05-15 09:16:00,67.01,67.02,67.01,67.02,144.0,BUD
2025-05-15 09:14:00,67.02,67.02,67.02,67.02,3.0,BUD
2025-05-15 09:13:00,66.96,66.98,66.96,66.98,360.0,BUD
2025-05-15 09:11:00,67.0,67.0,67.0,67.0,15.0,BUD
2025-05-15 09:09:00,66.96,66.96,66.94,66.94,2617.0,BUD
2025-05-15 09:08:00,66.98,66.98,66.96,66.96,137.0,BUD
2025-05-15 09:07:00,66.96,66.97,66.95,66.95,1900.0,BUD
2025-05-15 08:58:00,66.87,66.8701,66.87,66.8701,2.0,BUD
2025-05-15 08:51:00,66.87,66.87,66.87,66.87,20.0,BUD
2025-05-15 08:48:00,66.93,66.93,66.92,66.93,1120.0,BUD
2025-05-15 08:45:00,66.95,66.95,66.95,66.95,800.0,BUD
2025-05-15 08:43:00,66.98,66.98,66.98,66.98,100.0,BUD
2025-05-15 08:42:00,67.04,67.04,67.04,67.04,6.0,BUD
2025-05-15 08:41:00,67.03,67.03,67.03,67.03,100.0,BUD
2025-05-15 08:40:00,67.01,67.01,67.01,67.01,10.0,BUD
2025-05-15 08:38:00,67.01,67.01,67.01,67.01,6.0,BUD
2025-05-15 08:35:00,67.0,67.0,67.0,67.0,75.0,BUD
2025-05-15 08:34:00,66.97,66.97,66.97,66.97,340.0,BUD
2025-05-15 08:33:00,66.95,67.0,66.95,67.0,691.0,BUD
2025-05-15 08:25:00,66.85,66.86,66.84,66.84,824.0,BUD
2025-05-15 08:15:00,66.74,66.74,66.74,66.74,10.0,BUD
2025-05-15 08:11:00,66.76,66.76,66.76,66.76,55.0,BUD
2025-05-15 08:09:00,66.76,66.76,66.76,66.76,5.0,BUD
2025-05-15 08:02:00,66.26,66.26,66.26,66.26,1.0,BUD
2025-05-15 08:00:00,66.9089,66.9089,66.26,66.26,85.0,BUD
2025-05-15 07:56:00,66.76,66.76,66.76,66.76,1.0,BUD
2025-05-15 07:49:00,66.75,66.75,66.75,66.75,75.0,BUD
2025-05-15 07:48:00,66.78,66.78,66.78,66.78,250.0,BUD
2025-05-15 07:47:00,66.8,66.8,66.8,66.8,75.0,BUD
2025-05-15 07:33:00,66.82,66.82,66.82,66.82,231.0,BUD
2025-05-15 07:10:00,66.86,66.86,66.86,66.86,20.0,BUD
2025-05-15 07:06:00,66.82,66.82,66.81,66.81,5000.0,BUD
2025-05-15 07:05:00,66.82,66.82,66.82,66.82,2500.0,BUD
2025-05-15 07:03:00,66.82,66.82,66.82,66.82,1249.0,BUD
2025-05-15 07:01:00,66.85,66.85,66.82,66.82,9575.0,BUD
2025-05-15 07:00:00,66.83,66.83,66.81,66.83,509.0,BUD
2025-05-15 06:48:00,66.88,66.88,66.88,66.88,113.0,BUD
2025-05-15 06:36:00,66.94,66.94,66.94,66.94,11.0,BUD
2025-05-15 06:15:00,66.98,66.98,66.98,66.98,1.0,BUD
2025-05-15 05:57:00,66.98,66.98,66.98,66.98,301.0,BUD
2025-05-15 05:21:00,66.95,66.95,66.95,66.95,111.0,BUD
2025-05-15 05:19:00,66.94,66.94,66.94,66.94,75.0,BUD
2025-05-15 05:05:00,66.78,66.78,66.78,66.78,113.0,BUD
2025-05-15 04:50:00,66.91,66.91,66.91,66.91,600.0,BUD
2025-05-15 04:33:00,66.76,66.76,66.76,66.76,203.0,BUD
2025-05-15 04:32:00,66.72,66.76,66.72,66.76,504.0,BUD
2025-05-15 04:26:00,66.73,66.73,66.73,66.73,26.0,BUD
2025-05-15 04:20:00,66.75,66.75,66.75,66.75,1.0,BUD
2025-05-15 04:16:00,66.75,66.75,66.73,66.73,563.0,BUD
2025-05-15 04:15:00,66.72,66.72,66.72,66.72,75.0,BUD
2025-05-15 04:08:00,66.69,66.69,66.69,66.69,250.0,BUD
2025-05-15 04:03:00,66.5,66.5,66.5,66.5,493.0,BUD
2025-05-14 19:11:00,66.44,66.44,66.44,66.44,2.0,BUD
2025-05-14 19:00:00,66.26,66.26,66.26,66.26,131260.0,BUD
2025-05-14 18:59:00,65.78,65.78,65.78,65.78,5.0,BUD
2025-05-14 18:50:00,65.78,65.78,65.78,65.78,1.0,BUD
2025-05-14 18:30:00,66.26,66.26,66.26,66.26,131260.0,BUD
2025-05-14 18:09:00,66.26,66.26,66.26,66.26,6773.0,BUD
2025-05-14 18:04:00,66.49,66.49,66.49,66.49,15.0,BUD
2025-05-14 17:28:00,66.26,66.26,66.26,66.26,67400.0,BUD
2025-05-14 17:27:00,65.82,66.5,65.82,66.5,3.0,BUD
2025-05-14 17:19:00,66.25,66.26,66.25,66.26,251.0,BUD
2025-05-14 17:04:00,65.78,65.78,65.78,65.78,2.0,BUD
2025-05-14 17:02:00,65.15,65.15,65.15,65.15,1.0,BUD
2025-05-14 16:42:00,66.49,66.49,66.49,66.49,2.0,BUD
2025-05-14 16:33:00,66.26,66.26,66.26,66.26,53.0,BUD
2025-05-14 16:19:00,66.0,66.0,66.0,66.0,10.0,BUD
2025-05-14 16:18:00,65.15,65.15,65.15,65.15,5.0,BUD
2025-05-14 16:10:00,66.26,66.26,66.26,66.26,131260.0,BUD
2025-05-14 16:05:00,66.26,66.26,66.26,66.26,10.0,BUD
2025-05-14 16:00:00,66.27,66.28,66.26,66.26,268603.0,BUD
2025-05-14 15:59:00,66.26,66.28,66.2,66.26,123551.0,BUD
2025-05-14 15:58:00,66.255,66.265,66.235,66.26,39993.0,BUD
2025-05-14 15:57:00,66.265,66.27,66.25,66.26,29278.0,BUD
2025-05-14 15:56:00,66.29,66.29,66.25,66.265,46219.0,BUD
2025-05-14 15:55:00,66.34,66.34,66.29,66.295,13656.0,BUD
2025-05-14 15:54:00,66.375,66.38,66.345,66.35,12459.0,BUD
2025-05-14 15:53:00,66.37,66.385,66.36,66.375,11855.0,BUD
2025-05-14 15:52:00,66.38,66.39,66.37,66.38,8933.0,BUD
2025-05-14 15:51:00,66.36,66.4,66.355,66.37,70329.0,BUD
2025-05-14 15:50:00,66.36,66.365,66.34,66.355,9533.0,BUD
2025-05-14 15:49:00,66.355,66.355,66.34,66.35,2970.0,BUD
2025-05-14 15:48:00,66.365,66.365,66.34,66.36,5356.0,BUD
2025-05-14 15:47:00,66.36,66.365,66.36,66.36,2520.0,BUD
2025-05-14 15:46:00,66.38,66.385,66.36,66.36,6068.0,BUD
2025-05-14 15:45:00,66.395,66.4,66.38,66.38,2805.0,BUD
2025-05-14 15:44:00,66.405,66.415,66.39,66.39,6728.0,BUD
2025-05-14 15:43:00,66.42,66.42,66.4048,66.405,6142.0,BUD
2025-05-14 15:42:00,66.42,66.42,66.415,66.42,3089.0,BUD
2025-05-14 15:41:00,66.405,66.425,66.405,66.42,5337.0,BUD
2025-05-14 15:40:00,66.4007,66.405,66.4007,66.405,1601.0,BUD
2025-05-14 15:39:00,66.405,66.405,66.4,66.405,9767.0,BUD
2025-05-14 15:38:00,66.4,66.425,66.4,66.405,11536.0,BUD
2025-05-14 15:37:00,66.42,66.42,66.4,66.4,2968.0,BUD
2025-05-14 15:36:00,66.42,66.425,66.4,66.425,6915.0,BUD
2025-05-14 15:35:00,66.43,66.4301,66.425,66.425,2833.0,BUD
2025-05-14 15:34:00,66.415,66.43,66.41,66.42,9993.0,BUD
2025-05-14 15:33:00,66.405,66.41,66.405,66.41,4218.0,BUD
2025-05-14 15:32:00,66.4,66.405,66.4,66.405,2005.0,BUD
2025-05-14 15:31:00,66.395,66.4,66.35,66.4,25929.0,BUD
2025-05-14 15:30:00,66.385,66.39,66.37,66.3899,5478.0,BUD
2025-05-14 15:29:00,66.375,66.385,66.375,66.385,1654.0,BUD
2025-05-14 15:28:00,66.36,66.38,66.36,66.37,4517.0,BUD
2025-05-14 15:27:00,66.355,66.355,66.35,66.355,1366.0,BUD
2025-05-14 15:26:00,66.335,66.35,66.335,66.35,1853.0,BUD
2025-05-14 15:25:00,66.32,66.33,66.31,66.33,1745.0,BUD
2025-05-14 15:24:00,66.31,66.33,66.305,66.33,2227.0,BUD
2025-05-14 15:23:00,66.3269,66.3398,66.32,66.32,1181.0,BUD
2025-05-14 15:22:00,66.33,66.33,66.33,66.33,1455.0,BUD
2025-05-14 15:21:00,66.35,66.35,66.34,66.34,3265.0,BUD
2025-05-14 15:20:00,66.355,66.36,66.35,66.35,1475.0,BUD
2025-05-14 15:19:00,66.35,66.38,66.35,66.37,6638.0,BUD
2025-05-14 15:18:00,66.35,66.355,66.345,66.35,4981.0,BUD
2025-05-14 15:17:00,66.35,66.355,66.35,66.35,2059.0,BUD
2025-05-14 15:15:00,66.34,66.3436,66.34,66.3436,1045.0,BUD
2025-05-14 15:14:00,66.35,66.36,66.34,66.34,1915.0,BUD
2025-05-14 15:13:00,66.35,66.36,66.35,66.35,2274.0,BUD
2025-05-14 15:12:00,66.34,66.34,66.34,66.34,2368.0,BUD
2025-05-14 15:11:00,66.34,66.34,66.34,66.34,1662.0,BUD
2025-05-14 15:10:00,66.33,66.335,66.33,66.335,1298.0,BUD
2025-05-14 15:09:00,66.32,66.3238,66.32,66.3238,773.0,BUD
2025-05-14 15:08:00,66.34,66.34,66.32,66.32,4497.0,BUD
2025-05-14 15:07:00,66.32,66.34,66.32,66.32,2076.0,BUD
2025-05-14 15:06:00,66.32,66.32,66.32,66.32,331.0,BUD
2025-05-14 15:05:00,66.31,66.32,66.29,66.32,7658.0,BUD
2025-05-14 15:04:00,66.335,66.335,66.31,66.315,4088.0,BUD
2025-05-14 15:03:00,66.3315,66.3354,66.3315,66.335,1003.0,BUD
2025-05-14 15:02:00,66.34,66.34,66.33,66.33,1707.0,BUD
2025-05-14 15:01:00,66.35,66.35,66.34,66.34,1444.0,BUD
2025-05-14 15:00:00,66.36,66.36,66.355,66.355,1828.0,BUD
2025-05-14 14:59:00,66.355,66.36,66.355,66.36,2720.0,BUD
2025-05-14 14:58:00,66.35,66.35,66.35,66.35,531.0,BUD
2025-05-14 14:57:00,66.34,66.35,66.34,66.35,1457.0,BUD
2025-05-14 14:56:00,66.36,66.36,66.34,66.34,4822.0,BUD
2025-05-14 14:55:00,66.36,66.36,66.3501,66.3501,1078.0,BUD
2025-05-14 14:54:00,66.36,66.36,66.36,66.36,608.0,BUD
2025-05-14 14:53:00,66.36,66.36,66.3554,66.36,857.0,BUD
2025-05-14 14:51:00,66.34,66.36,66.34,66.36,1793.0,BUD
2025-05-14 14:50:00,66.36,66.36,66.35,66.35,1842.0,BUD
2025-05-14 14:49:00,66.3654,66.3654,66.36,66.36,2310.0,BUD
2025-05-14 14:48:00,66.365,66.365,66.36,66.365,832.0,BUD
2025-05-14 14:47:00,66.37,66.37,66.37,66.37,2227.0,BUD
2025-05-14 14:45:00,66.38,66.38,66.37,66.37,689.0,BUD
2025-05-14 14:44:00,66.39,66.39,66.38,66.38,854.0,BUD
2025-05-14 14:43:00,66.4,66.4,66.39,66.39,8754.0,BUD
2025-05-14 14:42:00,66.39,66.39,66.39,66.39,1120.0,BUD
2025-05-14 14:41:00,66.375,66.38,66.375,66.38,639.0,BUD
2025-05-14 14:40:00,66.39,66.39,66.375,66.375,796.0,BUD
2025-05-14 14:39:00,66.38,66.38,66.38,66.38,486.0,BUD
2025-05-14 14:38:00,66.39,66.39,66.38,66.38,1073.0,BUD
2025-05-14 14:37:00,66.39,66.41,66.39,66.39,12471.0,BUD
2025-05-14 14:36:00,66.37,66.37,66.37,66.37,231.0,BUD
2025-05-14 14:35:00,66.4,66.4,66.38,66.38,1225.0,BUD
2025-05-14 14:34:00,66.35,66.39,66.35,66.39,2747.0,BUD
2025-05-14 14:33:00,66.35,66.35,66.35,66.35,556.0,BUD
2025-05-14 14:32:00,66.36,66.36,66.345,66.345,997.0,BUD
2025-05-14 14:31:00,66.36,66.36,66.36,66.36,1072.0,BUD
2025-05-14 14:30:00,66.36,66.36,66.35,66.35,1231.0,BUD
2025-05-14 14:29:00,66.36,66.36,66.36,66.36,517.0,BUD
2025-05-14 14:28:00,66.37,66.37,66.35,66.36,1563.0,BUD
2025-05-14 14:27:00,66.3792,66.3792,66.37,66.37,568.0,BUD
2025-05-14 14:26:00,66.38,66.39,66.375,66.38,4401.0,BUD
2025-05-14 14:25:00,66.38,66.38,66.375,66.375,1170.0,BUD
2025-05-14 14:24:00,66.38,66.38,66.38,66.38,718.0,BUD
2025-05-14 14:23:00,66.38,66.38,66.38,66.38,1015.0,BUD
2025-05-14 14:22:00,66.39,66.39,66.385,66.39,1731.0,BUD
2025-05-14 14:21:00,66.36,66.39,66.36,66.38,1385.0,BUD
2025-05-14 14:20:00,66.37,66.37,66.35,66.36,3651.0,BUD
2025-05-14 14:19:00,66.355,66.37,66.355,66.365,1496.0,BUD
2025-05-14 14:18:00,66.33,66.35,66.33,66.35,2220.0,BUD
2025-05-14 14:17:00,66.325,66.325,66.325,66.325,485.0,BUD
2025-05-14 14:16:00,66.32,66.3245,66.32,66.3245,897.0,BUD
2025-05-14 14:15:00,66.325,66.3299,66.31,66.31,1237.0,BUD
2025-05-14 14:14:00,66.3492,66.3492,66.34,66.34,1339.0,BUD
2025-05-14 14:13:00,66.35,66.35,66.35,66.35,1366.0,BUD
2025-05-14 14:12:00,66.34,66.36,66.34,66.34,1764.0,BUD
2025-05-14 14:11:00,66.35,66.35,66.32,66.32,984.0,BUD
2025-05-14 14:10:00,66.35,66.36,66.35,66.35,2013.0,BUD
2025-05-14 14:09:00,66.37,66.37,66.35,66.35,1941.0,BUD
2025-05-14 14:08:00,66.375,66.375,66.365,66.365,1793.0,BUD
2025-05-14 14:07:00,66.38,66.38,66.38,66.38,1313.0,BUD
2025-05-14 14:06:00,66.35,66.37,66.35,66.37,2586.0,BUD
2025-05-14 14:05:00,66.3499,66.3499,66.34,66.34,1105.0,BUD
2025-05-14 14:04:00,66.36,66.36,66.35,66.35,1476.0,BUD
2025-05-14 14:03:00,66.35,66.36,66.35,66.3599,2060.0,BUD
2025-05-14 14:02:00,66.34,66.345,66.34,66.3413,1374.0,BUD
2025-05-14 14:01:00,66.32,66.3317,66.32,66.3278,2291.0,BUD
2025-05-14 14:00:00,66.33,66.33,66.33,66.33,1603.0,BUD
2025-05-14 13:59:00,66.31,66.33,66.31,66.33,1104.0,BUD
2025-05-14 13:58:00,66.305,66.305,66.305,66.305,159.0,BUD
2025-05-14 13:57:00,66.31,66.32,66.31,66.32,855.0,BUD
2025-05-14 13:56:00,66.3,66.3,66.29,66.3,3379.0,BUD
2025-05-14 13:55:00,66.29,66.305,66.29,66.305,2128.0,BUD
2025-05-14 13:54:00,66.29,66.2999,66.29,66.295,1244.0,BUD
2025-05-14 13:53:00,66.3,66.3,66.3,66.3,1289.0,BUD
2025-05-14 13:52:00,66.28,66.29,66.28,66.29,1943.0,BUD
2025-05-14 13:51:00,66.2761,66.2761,66.27,66.27,2181.0,BUD
2025-05-14 13:50:00,66.26,66.27,66.26,66.27,816.0,BUD
2025-05-14 13:49:00,66.25,66.26,66.25,66.255,1397.0,BUD
2025-05-14 13:47:00,66.24,66.245,66.24,66.245,285.0,BUD
2025-05-14 13:46:00,66.24,66.24,66.24,66.24,897.0,BUD
2025-05-14 13:45:00,66.25,66.25,66.24,66.24,2414.0,BUD
2025-05-14 13:44:00,66.3,66.3,66.26,66.26,2230.0,BUD
2025-05-14 13:43:00,66.28,66.29,66.28,66.29,628.0,BUD
2025-05-14 13:42:00,66.25,66.27,66.25,66.27,662.0,BUD
2025-05-14 13:41:00,66.26,66.26,66.25,66.25,1226.0,BUD
2025-05-14 13:40:00,66.27,66.276,66.26,66.26,1392.0,BUD
2025-05-14 13:39:00,66.25,66.26,66.25,66.26,2530.0,BUD
2025-05-14 13:38:00,66.25,66.25,66.24,66.25,856.0,BUD
2025-05-14 13:37:00,66.265,66.27,66.255,66.255,2008.0,BUD
2025-05-14 13:36:00,66.265,66.265,66.265,66.265,685.0,BUD
2025-05-14 13:35:00,66.27,66.27,66.26,66.26,520.0,BUD
2025-05-14 13:34:00,66.255,66.27,66.2501,66.26,2635.0,BUD
2025-05-14 13:33:00,66.24,66.25,66.24,66.25,2451.0,BUD
2025-05-14 13:32:00,66.2201,66.235,66.2201,66.23,970.0,BUD
2025-05-14 13:31:00,66.22,66.22,66.21,66.22,859.0,BUD
2025-05-14 13:30:00,66.22,66.22,66.21,66.21,1037.0,BUD
2025-05-14 13:29:00,66.245,66.25,66.23,66.23,3270.0,BUD
2025-05-14 13:28:00,66.25,66.25,66.25,66.25,753.0,BUD
2025-05-14 13:27:00,66.23,66.23,66.23,66.23,203.0,BUD
2025-05-14 13:26:00,66.2,66.24,66.2,66.24,1786.0,BUD
2025-05-14 13:25:00,66.2,66.2,66.2,66.2,1440.0,BUD
2025-05-14 13:24:00,66.21,66.21,66.2,66.205,1041.0,BUD
2025-05-14 13:23:00,66.21,66.21,66.2046,66.2046,705.0,BUD
2025-05-14 13:22:00,66.21,66.22,66.21,66.21,1730.0,BUD
2025-05-14 13:21:00,66.19,66.21,66.19,66.2,1877.0,BUD
2025-05-14 13:20:00,66.2,66.21,66.19,66.21,843.0,BUD
2025-05-14 13:19:00,66.2,66.205,66.2,66.205,987.0,BUD
2025-05-14 13:18:00,66.19,66.2,66.18,66.2,743.0,BUD
2025-05-14 13:17:00,66.18,66.19,66.18,66.19,1642.0,BUD
2025-05-14 13:16:00,66.1897,66.215,66.18,66.19,7234.0,BUD
2025-05-14 13:15:00,66.15,66.17,66.15,66.17,2166.0,BUD
2025-05-14 13:13:00,66.17,66.17,66.15,66.15,10943.0,BUD
2025-05-14 13:12:00,66.16,66.16,66.16,66.16,330.0,BUD
2025-05-14 13:11:00,66.16,66.17,66.16,66.1698,1360.0,BUD
2025-05-14 13:10:00,66.17,66.17,66.1601,66.1601,2091.0,BUD
2025-05-14 13:09:00,66.18,66.18,66.17,66.17,760.0,BUD
2025-05-14 13:08:00,66.175,66.185,66.175,66.18,1469.0,BUD
2025-05-14 13:06:00,66.18,66.18,66.18,66.18,751.0,BUD
2025-05-14 13:05:00,66.18,66.18,66.18,66.18,1821.0,BUD
2025-05-14 13:04:00,66.18,66.18,66.17,66.17,922.0,BUD
2025-05-14 13:03:00,66.1617,66.1617,66.15,66.15,1372.0,BUD
2025-05-14 13:02:00,66.14,66.15,66.14,66.15,2335.0,BUD
2025-05-14 13:00:00,66.12,66.13,66.12,66.13,1126.0,BUD
2025-05-14 12:59:00,66.135,66.135,66.13,66.13,706.0,BUD
2025-05-14 12:58:00,66.11,66.12,66.11,66.115,1200.0,BUD
2025-05-14 12:57:00,66.12,66.12,66.104,66.104,1230.0,BUD
2025-05-14 12:56:00,66.125,66.125,66.12,66.12,690.0,BUD
2025-05-14 12:55:00,66.125,66.13,66.125,66.13,412.0,BUD
2025-05-14 12:53:00,66.15,66.155,66.14,66.14,3530.0,BUD
2025-05-14 12:52:00,66.135,66.14,66.135,66.14,781.0,BUD
2025-05-14 12:51:00,66.12,66.135,66.12,66.135,1241.0,BUD
2025-05-14 12:50:00,66.11,66.12,66.11,66.12,1304.0,BUD
2025-05-14 12:49:00,66.07,66.1,66.07,66.1,2246.0,BUD
2025-05-14 12:46:00,66.07,66.07,66.07,66.07,674.0,BUD
2025-05-14 12:45:00,66.02,66.06,66.02,66.06,1401.0,BUD
2025-05-14 12:44:00,66.02,66.02,66.02,66.02,1272.0,BUD
2025-05-14 12:43:00,66.0,66.015,66.0,66.015,1872.0,BUD
2025-05-14 12:41:00,66.04,66.04,66.01,66.01,2159.0,BUD
2025-05-14 12:40:00,66.0868,66.0868,66.05,66.05,1552.0,BUD
2025-05-14 12:39:00,66.1,66.1,66.09,66.09,678.0,BUD
2025-05-14 12:38:00,66.1001,66.1032,66.1001,66.1032,841.0,BUD
2025-05-14 12:37:00,66.1139,66.12,66.1139,66.12,1272.0,BUD
2025-05-14 12:36:00,66.12,66.12,66.12,66.12,850.0,BUD
2025-05-14 12:35:00,66.12,66.12,66.12,66.12,1025.0,BUD
2025-05-14 12:34:00,66.115,66.115,66.11,66.11,1917.0,BUD
2025-05-14 12:33:00,66.112,66.112,66.112,66.112,567.0,BUD
2025-05-14 12:32:00,66.12,66.12,66.11,66.12,1356.0,BUD
2025-05-14 12:31:00,66.12,66.12,66.12,66.12,599.0,BUD
2025-05-14 12:30:00,66.125,66.125,66.12,66.12,1060.0,BUD
2025-05-14 12:29:00,66.12,66.125,66.12,66.12,1640.0,BUD
2025-05-14 12:27:00,66.12,66.12,66.12,66.12,215.0,BUD
2025-05-14 12:26:00,66.12,66.12,66.12,66.12,1084.0,BUD
2025-05-14 12:25:00,66.155,66.155,66.13,66.13,1383.0,BUD
2025-05-14 12:24:00,66.16,66.16,66.1511,66.1511,2952.0,BUD
2025-05-14 12:23:00,66.15,66.16,66.15,66.16,1162.0,BUD
2025-05-14 12:22:00,66.15,66.16,66.14,66.15,1841.0,BUD
2025-05-14 12:21:00,66.15,66.15,66.15,66.15,1581.0,BUD
2025-05-14 12:19:00,66.16,66.16,66.14,66.14,3162.0,BUD
2025-05-14 12:18:00,66.17,66.17,66.16,66.165,5193.0,BUD
2025-05-14 12:17:00,66.1638,66.175,66.1638,66.175,954.0,BUD
2025-05-14 12:15:00,66.17,66.17,66.16,66.17,987.0,BUD
2025-05-14 12:14:00,66.17,66.17,66.17,66.17,608.0,BUD
2025-05-14 12:12:00,66.18,66.18,66.18,66.18,1270.0,BUD
2025-05-14 12:11:00,66.21,66.21,66.19,66.19,713.0,BUD
2025-05-14 12:10:00,66.19,66.2,66.19,66.2,1102.0,BUD
2025-05-14 12:09:00,66.23,66.24,66.21,66.21,3646.0,BUD
2025-05-14 12:07:00,66.22,66.22,66.22,66.22,404.0,BUD
2025-05-14 12:06:00,66.21,66.21,66.21,66.21,432.0,BUD
2025-05-14 12:05:00,66.205,66.205,66.205,66.205,217.0,BUD
2025-05-14 12:04:00,66.18,66.2,66.18,66.2,1541.0,BUD
2025-05-14 12:03:00,66.17,66.18,66.17,66.18,1401.0,BUD
2025-05-14 12:02:00,66.15,66.16,66.15,66.16,706.0,BUD
2025-05-14 12:01:00,66.14,66.14,66.14,66.14,749.0,BUD
2025-05-14 12:00:00,66.16,66.16,66.15,66.15,1082.0,BUD
2025-05-14 11:59:00,66.16,66.165,66.16,66.16,1045.0,BUD
2025-05-14 11:58:00,66.17,66.18,66.17,66.17,51700.0,BUD
2025-05-14 11:57:00,66.16,66.16,66.16,66.16,337.0,BUD
2025-05-14 11:56:00,66.17,66.17,66.17,66.17,264.0,BUD
2025-05-14 11:55:00,66.19,66.19,66.18,66.18,1575.0,BUD
2025-05-14 11:54:00,66.19,66.19,66.19,66.19,255.0,BUD
2025-05-14 11:53:00,66.1708,66.18,66.1708,66.18,733.0,BUD
2025-05-14 11:52:00,66.18,66.18,66.17,66.17,739.0,BUD
2025-05-14 11:51:00,66.18,66.18,66.18,66.18,605.0,BUD
2025-05-14 11:50:00,66.19,66.19,66.175,66.175,703.0,BUD
2025-05-14 11:49:00,66.195,66.2008,66.18,66.19,1100.0,BUD
2025-05-14 11:48:00,66.2,66.2,66.19,66.19,969.0,BUD
2025-05-14 11:47:00,66.23,66.23,66.21,66.21,1009.0,BUD
2025-05-14 11:46:00,66.26,66.26,66.25,66.25,1485.0,BUD
2025-05-14 11:45:00,66.26,66.26,66.26,66.26,280.0,BUD
2025-05-14 11:44:00,66.24,66.26,66.23,66.26,1884.0,BUD
2025-05-14 11:43:00,66.26,66.26,66.25,66.25,866.0,BUD
2025-05-14 11:42:00,66.3,66.3,66.27,66.2799,3938.0,BUD
2025-05-14 11:41:00,66.27,66.28,66.27,66.28,101309.0,BUD
2025-05-14 11:39:00,66.235,66.26,66.235,66.26,2911.0,BUD
2025-05-14 11:38:00,66.21,66.24,66.2,66.24,5195.0,BUD
2025-05-14 11:37:00,66.2,66.2,66.2,66.2,1019.0,BUD
2025-05-14 11:36:00,66.19,66.19,66.19,66.19,1652.0,BUD
2025-05-14 11:35:00,66.25,66.26,66.19,66.19,16676.0,BUD
2025-05-14 11:34:00,66.183,66.28,66.182,66.26,54842.0,BUD
2025-05-14 11:33:00,66.18,66.19,66.1702,66.19,6355.0,BUD
2025-05-14 11:32:00,66.165,66.18,66.16,66.18,6389.0,BUD
2025-05-14 11:31:00,66.16,66.18,66.15,66.162,9628.0,BUD
2025-05-14 11:30:00,66.163,66.163,66.14,66.16,10231.0,BUD
2025-05-14 11:29:00,66.172,66.19,66.165,66.19,7115.0,BUD
2025-05-14 11:28:00,66.1727,66.18,66.17,66.172,2734.0,BUD
2025-05-14 11:27:00,66.162,66.175,66.162,66.175,3102.0,BUD
2025-05-14 11:26:00,66.18,66.19,66.16,66.162,4780.0,BUD
2025-05-14 11:25:00,66.163,66.172,66.16,66.16,2863.0,BUD
2025-05-14 11:24:00,66.1642,66.21,66.163,66.163,11005.0,BUD
2025-05-14 11:23:00,66.19,66.2108,66.17,66.17,23518.0,BUD
2025-05-14 11:22:00,66.19,66.2408,66.19,66.2,5786.0,BUD
2025-05-14 11:21:00,66.12,66.18,66.11,66.18,4131.0,BUD
2025-05-14 11:20:00,66.11,66.12,66.11,66.12,731.0,BUD
2025-05-14 11:19:00,66.06,66.09,66.05,66.09,9729.0,BUD
2025-05-14 11:18:00,66.05,66.07,66.05,66.06,38041.0,BUD
2025-05-14 11:17:00,66.03,66.04,66.03,66.04,779.0,BUD
2025-05-14 11:16:00,66.02,66.02,66.02,66.02,336.0,BUD
2025-05-14 11:15:00,66.06,66.06,66.005,66.005,3694.0,BUD
2025-05-14 11:14:00,66.06,66.07,66.06,66.07,998.0,BUD
2025-05-14 11:13:00,66.03,66.04,66.03,66.04,790.0,BUD
2025-05-14 11:12:00,66.05,66.05,66.025,66.025,1984.0,BUD
2025-05-14 11:11:00,66.055,66.06,66.05,66.06,2538.0,BUD
2025-05-14 11:10:00,66.065,66.065,66.05,66.05,3255.0,BUD
2025-05-14 11:09:00,66.04,66.07,66.04,66.06,3747.0,BUD
2025-05-14 11:08:00,66.03,66.04,66.02,66.035,5454.0,BUD
2025-05-14 11:07:00,66.035,66.05,66.03,66.03,3379.0,BUD
2025-05-14 11:06:00,66.03,66.035,66.02,66.035,5696.0,BUD
2025-05-14 11:05:00,66.03,66.035,66.03,66.03,3938.0,BUD
2025-05-14 11:04:00,66.03,66.03,66.025,66.03,2929.0,BUD
2025-05-14 11:03:00,66.05,66.05,66.03,66.03,2915.0,BUD
2025-05-14 11:02:00,66.07,66.07,66.05,66.055,4162.0,BUD
2025-05-14 11:01:00,66.08,66.08,66.06,66.065,1838.0,BUD
2025-05-14 11:00:00,66.08,66.08,66.06,66.06,3088.0,BUD
2025-05-14 10:59:00,66.08,66.08,66.08,66.08,406.0,BUD
2025-05-14 10:58:00,66.08,66.09,66.08,66.09,2459.0,BUD
2025-05-14 10:57:00,66.07,66.075,66.07,66.075,949.0,BUD
2025-05-14 10:56:00,66.09,66.09,66.0769,66.0769,745.0,BUD
2025-05-14 10:55:00,66.07,66.08,66.06,66.08,5142.0,BUD
2025-05-14 10:54:00,66.1,66.1,66.085,66.085,1427.0,BUD
2025-05-14 10:53:00,66.07,66.09,66.07,66.09,2862.0,BUD
2025-05-14 10:52:00,66.105,66.11,66.08,66.085,6691.0,BUD
2025-05-14 10:51:00,66.15,66.15,66.105,66.105,12871.0,BUD
2025-05-14 10:50:00,66.165,66.18,66.15,66.155,2009.0,BUD
2025-05-14 10:49:00,66.12,66.16,66.12,66.16,1585.0,BUD
2025-05-14 10:48:00,66.14,66.14,66.12,66.12,4607.0,BUD
2025-05-14 10:47:00,66.15,66.15,66.135,66.135,2170.0,BUD
2025-05-14 10:46:00,66.14,66.14,66.14,66.14,3368.0,BUD
2025-05-14 10:45:00,66.13,66.15,66.12,66.15,5318.0,BUD
2025-05-14 10:44:00,66.12,66.12,66.12,66.12,924.0,BUD
2025-05-14 10:43:00,66.12,66.13,66.11,66.12,8224.0,BUD
2025-05-14 10:42:00,66.11,66.13,66.11,66.1101,1355.0,BUD
2025-05-14 10:41:00,66.11,66.12,66.11,66.11,658.0,BUD
2025-05-14 10:40:00,66.08,66.11,66.08,66.11,2521.0,BUD
2025-05-14 10:39:00,66.09,66.1,66.09,66.1,1638.0,BUD
2025-05-14 10:38:00,66.1,66.1,66.1,66.1,553.0,BUD
2025-05-14 10:37:00,66.11,66.11,66.11,66.11,460.0,BUD
2025-05-14 10:36:00,66.165,66.165,66.11,66.12,8740.0,BUD
2025-05-14 10:35:00,66.19,66.19,66.17,66.17,1417.0,BUD
2025-05-14 10:34:00,66.19,66.195,66.175,66.19,3550.0,BUD
2025-05-14 10:33:00,66.18,66.18,66.18,66.18,871.0,BUD
2025-05-14 10:32:00,66.185,66.2,66.18,66.18,2186.0,BUD
2025-05-14 10:31:00,66.18,66.2,66.18,66.18,2117.0,BUD
2025-05-14 10:30:00,66.16,66.17,66.16,66.17,780.0,BUD
2025-05-14 10:29:00,66.14,66.15,66.14,66.15,434.0,BUD
2025-05-14 10:28:00,66.15,66.155,66.13,66.13,1971.0,BUD
2025-05-14 10:27:00,66.18,66.18,66.15,66.15,1584.0,BUD
2025-05-14 10:26:00,66.16,66.17,66.16,66.17,1586.0,BUD
2025-05-14 10:25:00,66.11,66.15,66.11,66.14,1884.0,BUD
2025-05-14 10:24:00,66.1305,66.14,66.1305,66.14,737.0,BUD
2025-05-14 10:23:00,66.16,66.16,66.15,66.15,1296.0,BUD
2025-05-14 10:22:00,66.19,66.19,66.17,66.17,2559.0,BUD
2025-05-14 10:21:00,66.18,66.19,66.18,66.185,2133.0,BUD
2025-05-14 10:20:00,66.17,66.175,66.17,66.17,1419.0,BUD
2025-05-14 10:19:00,66.2,66.2,66.19,66.19,2269.0,BUD
2025-05-14 10:18:00,66.19,66.2,66.19,66.19,4435.0,BUD
2025-05-14 10:17:00,66.18,66.18,66.17,66.1772,1436.0,BUD
2025-05-14 10:16:00,66.21,66.21,66.18,66.19,6018.0,BUD
2025-05-14 10:15:00,66.21,66.21,66.2,66.21,1572.0,BUD
2025-05-14 10:14:00,66.2,66.215,66.2,66.21,1760.0,BUD
2025-05-14 10:13:00,66.21,66.21,66.19,66.2,4873.0,BUD
2025-05-14 10:12:00,66.21,66.22,66.21,66.22,2621.0,BUD
2025-05-14 10:11:00,66.2,66.2,66.2,66.2,246.0,BUD
2025-05-14 10:10:00,66.21,66.24,66.21,66.22,2859.0,BUD
2025-05-14 10:09:00,66.2,66.2,66.195,66.2,1100.0,BUD
2025-05-14 10:08:00,66.22,66.22,66.19,66.19,5536.0,BUD
2025-05-14 10:07:00,66.215,66.24,66.21,66.23,2012.0,BUD
2025-05-14 10:06:00,66.24,66.24,66.21,66.215,8591.0,BUD
2025-05-14 10:05:00,66.2,66.22,66.19,66.22,1049.0,BUD
2025-05-14 10:04:00,66.22,66.23,66.19,66.19,1628.0,BUD
2025-05-14 10:03:00,66.18,66.22,66.18,66.22,5786.0,BUD
2025-05-14 10:02:00,66.17,66.21,66.17,66.18,3311.0,BUD
2025-05-14 10:01:00,66.19,66.19,66.17,66.17,3602.0,BUD
2025-05-14 10:00:00,66.25,66.26,66.205,66.22,5995.0,BUD
2025-05-14 09:59:00,66.235,66.27,66.23,66.25,4991.0,BUD
2025-05-14 09:58:00,66.17,66.225,66.17,66.225,2073.0,BUD
2025-05-14 09:57:00,66.19,66.2,66.18,66.185,2632.0,BUD
2025-05-14 09:56:00,66.2,66.21,66.18,66.18,4652.0,BUD
2025-05-14 09:55:00,66.185,66.2,66.17,66.2,51256.0,BUD
2025-05-14 09:54:00,66.13,66.16,66.12,66.15,2047.0,BUD
2025-05-14 09:53:00,66.12,66.12,66.1,66.12,3003.0,BUD
2025-05-14 09:52:00,66.07,66.11,66.07,66.11,1595.0,BUD
2025-05-14 09:51:00,66.08,66.08,66.04,66.05,5080.0,BUD
2025-05-14 09:50:00,66.08,66.105,66.07,66.09,4748.0,BUD
2025-05-14 09:49:00,66.1,66.1,66.07,66.085,7202.0,BUD
2025-05-14 09:48:00,66.06,66.09,66.05,66.09,10465.0,BUD
2025-05-14 09:47:00,66.06,66.07,66.045,66.06,8481.0,BUD
2025-05-14 09:46:00,66.07,66.085,66.04,66.05,7985.0,BUD
2025-05-14 09:45:00,66.025,66.08,66.01,66.065,8280.0,BUD
2025-05-14 09:44:00,66.055,66.06,66.02,66.025,8741.0,BUD
2025-05-14 09:43:00,66.035,66.055,66.02,66.05,11769.0,BUD
2025-05-14 09:42:00,66.04,66.05,66.03,66.04,9757.0,BUD
2025-05-14 09:41:00,65.985,66.055,65.98,66.0407,5473.0,BUD
2025-05-14 09:40:00,66.01,66.02,65.985,66.01,3873.0,BUD
2025-05-14 09:39:00,66.055,66.07,66.01,66.01,10407.0,BUD
2025-05-14 09:38:00,66.1004,66.13,66.05,66.05,19366.0,BUD
2025-05-14 09:37:00,66.04,66.11,66.04,66.085,6879.0,BUD
2025-05-14 09:36:00,66.05,66.05,66.02,66.02,12522.0,BUD
2025-05-14 09:35:00,66.11,66.11,66.03,66.07,11760.0,BUD
2025-05-14 09:34:00,66.12,66.13,66.11,66.125,5419.0,BUD
2025-05-14 09:33:00,66.15,66.15,66.1,66.13,5592.0,BUD
2025-05-14 09:32:00,66.19,66.19,66.105,66.16,8041.0,BUD
2025-05-14 09:31:00,66.25,66.25,66.18,66.2,5210.0,BUD
2025-05-14 09:30:00,66.27,66.28,66.24,66.26,42208.0,BUD
2025-05-14 09:29:00,66.33,66.33,66.33,66.33,2800.0,BUD
2025-05-14 09:13:00,66.42,66.42,66.38,66.38,588.0,BUD
2025-05-14 09:08:00,66.45,66.45,66.45,66.45,47.0,BUD
2025-05-14 09:05:00,66.4308,66.4308,66.4308,66.4308,3.0,BUD
2025-05-14 09:04:00,66.45,66.45,66.45,66.45,200.0,BUD
2025-05-14 09:02:00,66.45,66.45,66.45,66.45,567.0,BUD
2025-05-14 09:01:00,66.49,66.5,66.49,66.5,102.0,BUD
2025-05-14 09:00:00,66.51,66.51,66.51,66.51,648.0,BUD
2025-05-14 08:53:00,66.56,66.56,66.56,66.56,500.0,BUD
2025-05-14 08:44:00,66.61,66.61,66.61,66.61,676.0,BUD
2025-05-14 08:43:00,66.61,66.61,66.61,66.61,3.0,BUD
2025-05-14 08:40:00,66.6087,66.6087,66.6087,66.6087,1.0,BUD
2025-05-14 08:39:00,66.56,66.56,66.56,66.56,386.0,BUD
2025-05-14 08:34:00,66.63,66.63,66.63,66.63,1389.0,BUD
2025-05-14 08:26:00,66.63,66.63,66.63,66.63,1122.0,BUD
2025-05-14 08:25:00,66.63,66.63,66.63,66.63,600.0,BUD
2025-05-14 08:24:00,66.66,66.66,66.66,66.66,100.0,BUD
2025-05-14 08:21:00,66.68,66.68,66.68,66.68,31.0,BUD
2025-05-14 08:17:00,66.6,66.6,66.6,66.6,400.0,BUD
2025-05-14 08:11:00,66.53,66.53,66.53,66.53,815.0,BUD
2025-05-14 08:06:00,66.51,66.51,66.51,66.51,1645.0,BUD
2025-05-14 08:02:00,65.91,65.91,65.91,65.91,3.0,BUD
2025-05-14 08:00:00,66.3148,66.3148,66.3148,66.3148,1.0,BUD
2025-05-14 07:45:00,66.5,66.5,66.5,66.5,127.0,BUD
2025-05-14 07:38:00,66.45,66.45,66.45,66.45,5.0,BUD
2025-05-14 07:37:00,66.4,66.44,66.4,66.44,228.0,BUD
2025-05-14 07:00:00,66.41,66.42,66.41,66.41,800.0,BUD
2025-05-14 06:48:00,66.29,66.29,66.29,66.29,190.0,BUD
2025-05-14 05:53:00,66.6,66.6,66.6,66.6,300.0,BUD
2025-05-14 05:32:00,66.39,66.39,66.39,66.39,1.0,BUD
2025-05-14 05:29:00,66.41,66.41,66.41,66.41,100.0,BUD
2025-05-14 05:28:00,66.41,66.41,66.41,66.41,400.0,BUD
2025-05-14 05:23:00,66.44,66.44,66.44,66.44,3.0,BUD
2025-05-14 05:16:00,66.39,66.4,66.39,66.39,6100.0,BUD
2025-05-14 05:06:00,66.31,66.31,66.31,66.31,1000.0,BUD
2025-05-14 05:05:00,66.32,66.32,66.3,66.3,176.0,BUD
2025-05-14 05:03:00,66.35,66.35,66.35,66.35,44.0,BUD
2025-05-14 04:42:00,66.4,66.4,66.4,66.4,500.0,BUD
2025-05-14 04:30:00,66.46,66.46,66.46,66.46,75.0,BUD
2025-05-14 04:29:00,66.54,66.55,66.54,66.55,250.0,BUD
2025-05-14 04:23:00,66.5,66.5,66.5,66.5,500.0,BUD
2025-05-14 04:22:00,66.5,66.5,66.49,66.49,1000.0,BUD
2025-05-14 04:08:00,66.38,66.44,66.38,66.44,275.0,BUD
2025-05-14 04:07:00,66.37,66.38,66.37,66.38,2000.0,BUD
2025-05-13 19:56:00,66.0,66.0,65.99,65.99,6.0,BUD
2025-05-13 19:40:00,66.0,66.0,66.0,66.0,2.0,BUD
2025-05-13 19:20:00,66.1,66.1,66.1,66.1,1.0,BUD
2025-05-13 19:18:00,65.625,65.625,65.625,65.625,1.0,BUD
2025-05-13 19:00:00,65.91,65.91,65.65,65.65,104330.0,BUD
2025-05-13 18:41:00,65.65,65.65,65.65,65.65,1.0,BUD
2025-05-13 18:30:00,65.91,65.91,65.91,65.91,104328.0,BUD
2025-05-13 18:14:00,65.65,65.65,65.65,65.65,1.0,BUD
2025-05-13 17:57:00,65.65,65.65,65.65,65.65,2.0,BUD
2025-05-13 17:53:00,65.91,65.91,65.91,65.91,3600.0,BUD
2025-05-13 17:19:00,66.0,66.0,66.0,66.0,1.0,BUD
2025-05-13 17:08:00,65.65,65.65,65.65,65.65,1.0,BUD
2025-05-13 16:51:00,65.65,65.65,65.65,65.65,50.0,BUD
2025-05-13 16:43:00,66.0,66.0,66.0,66.0,2.0,BUD
2025-05-13 16:37:00,65.91,65.91,65.91,65.91,25.0,BUD
2025-05-13 16:36:00,65.65,65.65,65.65,65.65,9.0,BUD
2025-05-13 16:34:00,65.65,65.65,65.65,65.65,16.0,BUD
2025-05-13 16:15:00,65.65,65.65,65.65,65.65,11.0,BUD
2025-05-13 16:14:00,65.15,65.15,65.15,65.15,2.0,BUD
2025-05-13 16:13:00,65.65,65.65,65.65,65.65,1.0,BUD
2025-05-13 16:10:00,65.91,65.91,65.91,65.91,104328.0,BUD
2025-05-13 16:06:00,65.15,65.15,65.15,65.15,3.0,BUD
2025-05-13 16:05:00,65.91,65.91,65.91,65.91,9.0,BUD
2025-05-13 16:00:00,65.88,65.91,65.88,65.91,226333.0,BUD
2025-05-13 15:59:00,65.945,65.945,65.86,65.87,72606.0,BUD
2025-05-13 15:58:00,65.955,65.98,65.945,65.945,30368.0,BUD
2025-05-13 15:57:00,65.945,65.96,65.935,65.955,32974.0,BUD
2025-05-13 15:56:00,65.945,65.945,65.92,65.945,18174.0,BUD
2025-05-13 15:55:00,65.93,65.955,65.9,65.94,20047.0,BUD
2025-05-13 15:54:00,65.95,65.95,65.93,65.94,7091.0,BUD
2025-05-13 15:53:00,65.95,65.95,65.93,65.94,10107.0,BUD
2025-05-13 15:52:00,65.975,65.975,65.935,65.9575,12030.0,BUD
2025-05-13 15:51:00,65.965,65.975,65.95,65.975,10020.0,BUD
2025-05-13 15:50:00,65.99,66.0,65.97,65.97,8884.0,BUD
2025-05-13 15:49:00,65.95,65.99,65.95,65.985,16990.0,BUD
2025-05-13 15:48:00,65.96,65.96,65.95,65.955,2536.0,BUD
2025-05-13 15:47:00,65.975,65.975,65.95,65.95,6559.0,BUD
2025-05-13 15:46:00,65.995,66.005,65.98,65.98,7795.0,BUD
2025-05-13 15:45:00,66.005,66.01,65.99,65.995,8222.0,BUD
2025-05-13 15:44:00,66.0,66.015,66.0,66.0,8817.0,BUD
2025-05-13 15:43:00,65.995,65.995,65.985,65.99,5392.0,BUD
2025-05-13 15:42:00,65.965,66.0,65.965,65.995,4956.0,BUD
2025-05-13 15:41:00,65.985,65.985,65.96,65.96,9460.0,BUD
2025-05-13 15:40:00,65.99,66.0,65.975,65.985,8772.0,BUD
2025-05-13 15:39:00,65.975,65.99,65.97,65.99,8083.0,BUD
2025-05-13 15:38:00,65.975,65.975,65.965,65.975,3835.0,BUD
2025-05-13 15:37:00,65.97,65.975,65.96,65.975,3669.0,BUD
2025-05-13 15:36:00,65.96,65.975,65.955,65.975,5155.0,BUD
2025-05-13 15:35:00,65.96,65.96,65.95,65.96,1948.0,BUD
2025-05-13 15:34:00,65.98,65.98,65.96,65.96,2819.0,BUD
2025-05-13 15:33:00,65.98,65.985,65.975,65.975,3026.0,BUD
2025-05-13 15:32:00,65.975,65.985,65.975,65.98,2723.0,BUD
2025-05-13 15:31:00,65.96,65.98,65.96,65.97,5733.0,BUD
2025-05-13 15:30:00,65.95,65.97,65.95,65.965,3284.0,BUD
2025-05-13 15:29:00,65.92,65.95,65.92,65.95,8652.0,BUD
2025-05-13 15:28:00,65.925,65.93,65.915,65.915,4258.0,BUD
2025-05-13 15:27:00,65.92,65.925,65.92,65.925,1975.0,BUD
2025-05-13 15:26:00,65.92,65.935,65.92,65.92,8569.0,BUD
2025-05-13 15:25:00,65.925,65.93,65.925,65.925,1737.0,BUD
2025-05-13 15:24:00,65.9,65.92,65.9,65.92,3418.0,BUD
2025-05-13 15:23:00,65.905,65.91,65.9,65.9,2353.0,BUD
2025-05-13 15:22:00,65.92,65.92,65.9,65.9,3739.0,BUD
2025-05-13 15:21:00,65.915,65.92,65.91,65.91,1165.0,BUD
2025-05-13 15:20:00,65.9,65.915,65.895,65.915,4212.0,BUD
2025-05-13 15:19:00,65.915,65.925,65.9,65.9003,4101.0,BUD
2025-05-13 15:18:00,65.925,65.925,65.92,65.92,5402.0,BUD
2025-05-13 15:17:00,65.93,65.93,65.92,65.93,1719.0,BUD
2025-05-13 15:16:00,65.93,65.935,65.92,65.935,5736.0,BUD
2025-05-13 15:15:00,65.94,65.94,65.94,65.94,1333.0,BUD
2025-05-13 15:14:00,65.94,65.945,65.94,65.94,2296.0,BUD
2025-05-13 15:13:00,65.925,65.945,65.9235,65.945,3185.0,BUD
2025-05-13 15:12:00,65.91,65.93,65.91,65.93,1860.0,BUD
2025-05-13 15:11:00,65.9435,65.9435,65.9,65.9,5983.0,BUD
2025-05-13 15:10:00,65.95,65.96,65.95,65.95,2986.0,BUD
2025-05-13 15:09:00,65.94,65.9498,65.94,65.94,2917.0,BUD
2025-05-13 15:08:00,65.95,65.95,65.935,65.94,4337.0,BUD
2025-05-13 15:07:00,65.935,65.96,65.935,65.96,1866.0,BUD
2025-05-13 15:06:00,65.94,65.94,65.94,65.94,535.0,BUD
2025-05-13 15:05:00,65.93,65.94,65.93,65.94,1925.0,BUD
2025-05-13 15:04:00,65.94,65.94,65.94,65.94,2283.0,BUD
2025-05-13 15:03:00,65.955,65.96,65.945,65.95,4670.0,BUD
2025-05-13 15:01:00,65.95,65.95,65.95,65.95,928.0,BUD
2025-05-13 15:00:00,65.97,65.97,65.94,65.94,3611.0,BUD
2025-05-13 14:59:00,65.94,65.97,65.94,65.965,3724.0,BUD
2025-05-13 14:58:00,65.94,65.95,65.94,65.94,1886.0,BUD
2025-05-13 14:57:00,65.92,65.94,65.905,65.94,3360.0,BUD
2025-05-13 14:56:00,65.875,65.91,65.87,65.91,1733.0,BUD
2025-05-13 14:55:00,65.89,65.89,65.88,65.8899,2787.0,BUD
2025-05-13 14:54:00,65.895,65.9,65.89,65.9,1998.0,BUD
2025-05-13 14:53:00,65.8863,65.8863,65.8863,65.8863,574.0,BUD
2025-05-13 14:52:00,65.89,65.895,65.8835,65.8835,3084.0,BUD
2025-05-13 14:51:00,65.88,65.89,65.88,65.89,1236.0,BUD
2025-05-13 14:50:00,65.905,65.92,65.89,65.89,4196.0,BUD
2025-05-13 14:49:00,65.9,65.91,65.89,65.91,6234.0,BUD
2025-05-13 14:48:00,65.9,65.905,65.895,65.905,1886.0,BUD
2025-05-13 14:47:00,65.9,65.91,65.9,65.9,5886.0,BUD
2025-05-13 14:46:00,65.88,65.91,65.88,65.91,2910.0,BUD
2025-05-13 14:45:00,65.885,65.89,65.88,65.88,2474.0,BUD
2025-05-13 14:44:00,65.84,65.88,65.84,65.88,2670.0,BUD
2025-05-13 14:43:00,65.84,65.84,65.835,65.84,1614.0,BUD
2025-05-13 14:42:00,65.865,65.865,65.835,65.84,7666.0,BUD
2025-05-13 14:41:00,65.855,65.865,65.85,65.865,3863.0,BUD
2025-05-13 14:40:00,65.85,65.86,65.845,65.855,5352.0,BUD
2025-05-13 14:39:00,65.845,65.855,65.845,65.85,1598.0,BUD
2025-05-13 14:38:00,65.85,65.85,65.84,65.84,1642.0,BUD
2025-05-13 14:37:00,65.86,65.86,65.8504,65.86,4331.0,BUD
2025-05-13 14:36:00,65.845,65.87,65.845,65.8511,4636.0,BUD
2025-05-13 14:35:00,65.835,65.85,65.83,65.845,3387.0,BUD
2025-05-13 14:34:00,65.83,65.8398,65.83,65.835,2541.0,BUD
2025-05-13 14:33:00,65.83,65.84,65.83,65.84,2295.0,BUD
2025-05-13 14:32:00,65.83,65.83,65.82,65.83,1823.0,BUD
2025-05-13 14:31:00,65.82,65.82,65.82,65.82,3370.0,BUD
2025-05-13 14:30:00,65.81,65.825,65.81,65.815,1449.0,BUD
2025-05-13 14:29:00,65.81,65.82,65.8,65.82,4734.0,BUD
2025-05-13 14:28:00,65.84,65.84,65.815,65.82,1921.0,BUD
2025-05-13 14:27:00,65.85,65.85,65.835,65.84,3225.0,BUD
2025-05-13 14:26:00,65.845,65.85,65.845,65.8454,2460.0,BUD
2025-05-13 14:25:00,65.85,65.85,65.85,65.85,1432.0,BUD
2025-05-13 14:24:00,65.86,65.86,65.85,65.85,2811.0,BUD
2025-05-13 14:23:00,65.87,65.87,65.8643,65.8643,1004.0,BUD
2025-05-13 14:22:00,65.93,65.93,65.88,65.88,3907.0,BUD
2025-05-13 14:21:00,65.93,65.93,65.92,65.925,1354.0,BUD
2025-05-13 14:20:00,65.94,65.94,65.94,65.94,1197.0,BUD
2025-05-13 14:19:00,65.94,65.95,65.93,65.94,796.0,BUD
2025-05-13 14:18:00,65.92,65.96,65.92,65.935,4565.0,BUD
2025-05-13 14:17:00,65.92,65.93,65.92,65.925,906.0,BUD
2025-05-13 14:16:00,65.9162,65.95,65.9162,65.92,2797.0,BUD
2025-05-13 14:15:00,65.935,65.9351,65.93,65.93,1742.0,BUD
2025-05-13 14:14:00,65.95,65.95,65.94,65.94,1942.0,BUD
2025-05-13 14:13:00,65.95,65.97,65.95,65.95,5726.0,BUD
2025-05-13 14:12:00,65.955,65.955,65.95,65.95,834.0,BUD
2025-05-13 14:11:00,65.9577,65.965,65.955,65.96,1970.0,BUD
2025-05-13 14:10:00,65.945,65.96,65.945,65.96,2760.0,BUD
2025-05-13 14:09:00,65.92,65.95,65.92,65.945,6185.0,BUD
2025-05-13 14:08:00,65.91,65.93,65.91,65.92,3196.0,BUD
2025-05-13 14:07:00,65.91,65.91,65.91,65.91,704.0,BUD
2025-05-13 14:06:00,65.88,65.9,65.88,65.9,2175.0,BUD
2025-05-13 14:05:00,65.87,65.89,65.87,65.88,6021.0,BUD
2025-05-13 14:04:00,65.875,65.875,65.875,65.875,1059.0,BUD
2025-05-13 14:03:00,65.93,65.93,65.88,65.88,7630.0,BUD
2025-05-13 14:02:00,65.9,65.93,65.9,65.93,1553.0,BUD
2025-05-13 14:01:00,65.86,65.89,65.86,65.88,1322.0,BUD
2025-05-13 14:00:00,65.84,65.87,65.84,65.87,4968.0,BUD
2025-05-13 13:59:00,65.82,65.84,65.82,65.84,2537.0,BUD
2025-05-13 13:58:00,65.825,65.825,65.82,65.82,2450.0,BUD
2025-05-13 13:57:00,65.81,65.83,65.81,65.8242,1990.0,BUD
2025-05-13 13:56:00,65.81,65.825,65.81,65.81,2140.0,BUD
2025-05-13 13:55:00,65.81,65.83,65.8001,65.82,7022.0,BUD
2025-05-13 13:54:00,65.8,65.81,65.8,65.809,2637.0,BUD
2025-05-13 13:53:00,65.79,65.79,65.79,65.79,1077.0,BUD
2025-05-13 13:52:00,65.785,65.7934,65.78,65.78,1638.0,BUD
2025-05-13 13:51:00,65.8,65.805,65.79,65.79,3692.0,BUD
2025-05-13 13:50:00,65.805,65.805,65.805,65.805,361.0,BUD
2025-05-13 13:49:00,65.83,65.83,65.8,65.8,3885.0,BUD
2025-05-13 13:48:00,65.84,65.84,65.83,65.84,1776.0,BUD
2025-05-13 13:47:00,65.84,65.8437,65.84,65.8437,963.0,BUD
2025-05-13 13:46:00,65.865,65.865,65.86,65.86,862.0,BUD
2025-05-13 13:45:00,65.87,65.87,65.85,65.86,2687.0,BUD
2025-05-13 13:44:00,65.9,65.9,65.88,65.88,1661.0,BUD
2025-05-13 13:43:00,65.9,65.9,65.895,65.9,1968.0,BUD
2025-05-13 13:42:00,65.89,65.89,65.88,65.89,809.0,BUD
2025-05-13 13:41:00,65.895,65.895,65.89,65.89,660.0,BUD
2025-05-13 13:40:00,65.89,65.89,65.89,65.89,2009.0,BUD
2025-05-13 13:39:00,65.89,65.9,65.89,65.9,2085.0,BUD
2025-05-13 13:38:00,65.92,65.92,65.92,65.92,693.0,BUD
2025-05-13 13:37:00,65.96,65.965,65.93,65.93,7107.0,BUD
2025-05-13 13:36:00,65.96,65.965,65.96,65.96,1013.0,BUD
2025-05-13 13:35:00,65.96,65.97,65.96,65.97,621.0,BUD
2025-05-13 13:34:00,65.96,65.97,65.95,65.96,3233.0,BUD
2025-05-13 13:33:00,65.96,65.96,65.95,65.96,1759.0,BUD
2025-05-13 13:32:00,65.94,65.99,65.94,65.98,3992.0,BUD
2025-05-13 13:31:00,65.91,65.95,65.91,65.95,1363.0,BUD
2025-05-13 13:30:00,65.88,65.905,65.88,65.905,1562.0,BUD
2025-05-13 13:29:00,65.865,65.88,65.8601,65.88,3673.0,BUD
2025-05-13 13:28:00,65.895,65.895,65.87,65.87,2269.0,BUD
2025-05-13 13:27:00,65.89,65.905,65.885,65.895,5313.0,BUD
2025-05-13 13:26:00,65.905,65.905,65.895,65.9,2218.0,BUD
2025-05-13 13:25:00,65.9022,65.9022,65.9022,65.9022,1742.0,BUD
2025-05-13 13:24:00,65.9,65.905,65.9,65.905,1035.0,BUD
2025-05-13 13:23:00,65.89,65.905,65.89,65.905,1469.0,BUD
2025-05-13 13:22:00,65.905,65.91,65.89,65.89,5139.0,BUD
2025-05-13 13:21:00,65.87,65.905,65.87,65.905,3034.0,BUD
2025-05-13 13:20:00,65.86,65.87,65.86,65.87,907.0,BUD
2025-05-13 13:19:00,65.84,65.86,65.84,65.8532,1953.0,BUD
2025-05-13 13:18:00,65.83,65.835,65.82,65.82,1455.0,BUD
2025-05-13 13:17:00,65.83,65.83,65.83,65.83,2000.0,BUD
2025-05-13 13:16:00,65.815,65.84,65.815,65.83,3267.0,BUD
2025-05-13 13:15:00,65.8,65.81,65.8,65.81,953.0,BUD
2025-05-13 13:14:00,65.78,65.81,65.78,65.8,3621.0,BUD
2025-05-13 13:13:00,65.78,65.78,65.78,65.78,1545.0,BUD
2025-05-13 13:12:00,65.7899,65.7899,65.77,65.78,2445.0,BUD
2025-05-13 13:11:00,65.8,65.8,65.78,65.78,989.0,BUD
2025-05-13 13:10:00,65.7934,65.8,65.7934,65.8,1093.0,BUD
2025-05-13 13:09:00,65.8,65.8,65.8,65.8,1515.0,BUD
2025-05-13 13:08:00,65.79,65.8,65.78,65.8,2638.0,BUD
2025-05-13 13:07:00,65.8297,65.835,65.81,65.81,2227.0,BUD
2025-05-13 13:06:00,65.82,65.83,65.81,65.82,3380.0,BUD
2025-05-13 13:05:00,65.8034,65.8197,65.79,65.805,11334.0,BUD
2025-05-13 13:04:00,65.745,65.79,65.745,65.79,7429.0,BUD
2025-05-13 13:03:00,65.735,65.74,65.735,65.735,2753.0,BUD
2025-05-13 13:02:00,65.72,65.735,65.72,65.735,856.0,BUD
2025-05-13 13:01:00,65.735,65.735,65.72,65.72,1308.0,BUD
2025-05-13 13:00:00,65.72,65.74,65.71,65.74,1217.0,BUD
2025-05-13 12:59:00,65.71,65.73,65.71,65.73,1336.0,BUD
2025-05-13 12:58:00,65.72,65.73,65.7,65.7,2874.0,BUD
2025-05-13 12:57:00,65.71,65.71,65.71,65.71,910.0,BUD
2025-05-13 12:56:00,65.69,65.71,65.69,65.71,6343.0,BUD
2025-05-13 12:55:00,65.67,65.69,65.67,65.69,1801.0,BUD
2025-05-13 12:54:00,65.655,65.665,65.655,65.66,2293.0,BUD
2025-05-13 12:53:00,65.655,65.66,65.655,65.66,2790.0,BUD
2025-05-13 12:52:00,65.64,65.66,65.63,65.655,2096.0,BUD
2025-05-13 12:51:00,65.64,65.66,65.64,65.64,7126.0,BUD
2025-05-13 12:50:00,65.65,65.66,65.64,65.65,12837.0,BUD
2025-05-13 12:49:00,65.6573,65.66,65.64,65.66,3487.0,BUD
2025-05-13 12:48:00,65.66,65.66,65.645,65.66,5861.0,BUD
2025-05-13 12:47:00,65.67,65.68,65.66,65.66,6228.0,BUD
2025-05-13 12:46:00,65.665,65.685,65.65,65.685,4513.0,BUD
2025-05-13 12:45:00,65.6501,65.67,65.65,65.67,1757.0,BUD
2025-05-13 12:44:00,65.68,65.68,65.6554,65.66,50662.0,BUD
2025-05-13 12:43:00,65.67,65.68,65.67,65.68,2129.0,BUD
2025-05-13 12:42:00,65.675,65.68,65.67,65.68,3138.0,BUD
2025-05-13 12:41:00,65.67,65.675,65.67,65.6711,1783.0,BUD
2025-05-13 12:40:00,65.69,65.69,65.675,65.68,3239.0,BUD
2025-05-13 12:39:00,65.695,65.695,65.69,65.69,1206.0,BUD
2025-05-13 12:38:00,65.72,65.72,65.695,65.695,3046.0,BUD
2025-05-13 12:37:00,65.74,65.74,65.73,65.73,1373.0,BUD
2025-05-13 12:36:00,65.74,65.74,65.72,65.725,2408.0,BUD
2025-05-13 12:35:00,65.71,65.76,65.71,65.74,3911.0,BUD
2025-05-13 12:34:00,65.72,65.73,65.69,65.71,4214.0,BUD
2025-05-13 12:33:00,65.72,65.72,65.71,65.71,946.0,BUD
2025-05-13 12:32:00,65.72,65.73,65.7055,65.73,4391.0,BUD
2025-05-13 12:31:00,65.7,65.72,65.7,65.72,1583.0,BUD
2025-05-13 12:30:00,65.69,65.71,65.69,65.7,1626.0,BUD
2025-05-13 12:29:00,65.73,65.73,65.69,65.69,16417.0,BUD
2025-05-13 12:28:00,65.72,65.74,65.72,65.74,2017.0,BUD
2025-05-13 12:27:00,65.72,65.72,65.72,65.72,241.0,BUD
2025-05-13 12:26:00,65.71,65.7234,65.7,65.72,5190.0,BUD
2025-05-13 12:25:00,65.7,65.7,65.7,65.7,553.0,BUD
2025-05-13 12:24:00,65.7,65.7,65.69,65.69,1868.0,BUD
2025-05-13 12:23:00,65.735,65.74,65.69,65.69,2156.0,BUD
2025-05-13 12:22:00,65.73,65.73,65.72,65.73,3221.0,BUD
2025-05-13 12:21:00,65.72,65.73,65.71,65.73,1590.0,BUD
2025-05-13 12:20:00,65.73,65.7398,65.71,65.72,1447.0,BUD
2025-05-13 12:19:00,65.73,65.73,65.73,65.73,1101.0,BUD
2025-05-13 12:18:00,65.76,65.76,65.73,65.73,2966.0,BUD
2025-05-13 12:17:00,65.77,65.775,65.765,65.765,1063.0,BUD
2025-05-13 12:16:00,65.805,65.805,65.77,65.77,1883.0,BUD
2025-05-13 12:15:00,65.81,65.81,65.8,65.8,1604.0,BUD
2025-05-13 12:14:00,65.82,65.825,65.81,65.81,1753.0,BUD
2025-05-13 12:13:00,65.77,65.815,65.77,65.81,3607.0,BUD
2025-05-13 12:12:00,65.785,65.79,65.76,65.79,3565.0,BUD
2025-05-13 12:11:00,65.765,65.785,65.765,65.785,2308.0,BUD
2025-05-13 12:10:00,65.77,65.775,65.765,65.765,2255.0,BUD
2025-05-13 12:09:00,65.785,65.785,65.77,65.775,1504.0,BUD
2025-05-13 12:08:00,65.8,65.815,65.78,65.78,4003.0,BUD
2025-05-13 12:07:00,65.8,65.82,65.8,65.815,2243.0,BUD
2025-05-13 12:06:00,65.825,65.825,65.7937,65.7937,2743.0,BUD
2025-05-13 12:05:00,65.79,65.84,65.79,65.84,5350.0,BUD
2025-05-13 12:04:00,65.79,65.79,65.78,65.78,3456.0,BUD
2025-05-13 12:03:00,65.785,65.79,65.78,65.79,3080.0,BUD
2025-05-13 12:02:00,65.76,65.7795,65.75,65.7795,4013.0,BUD
2025-05-13 12:01:00,65.74,65.77,65.74,65.77,2123.0,BUD
2025-05-13 12:00:00,65.7,65.715,65.69,65.715,6144.0,BUD
2025-05-13 11:59:00,65.7,65.72,65.69,65.72,1864.0,BUD
2025-05-13 11:58:00,65.68,65.705,65.67,65.685,3601.0,BUD
2025-05-13 11:57:00,65.67,65.68,65.66,65.67,3673.0,BUD
2025-05-13 11:56:00,65.65,65.66,65.645,65.66,2405.0,BUD
2025-05-13 11:55:00,65.59,65.64,65.59,65.64,2156.0,BUD
2025-05-13 11:54:00,65.56,65.59,65.545,65.59,8762.0,BUD
2025-05-13 11:53:00,65.565,65.58,65.56,65.57,8598.0,BUD
2025-05-13 11:52:00,65.58,65.58,65.54,65.56,6150.0,BUD
2025-05-13 11:51:00,65.54,65.58,65.54,65.58,5512.0,BUD
2025-05-13 11:50:00,65.58,65.58,65.55,65.55,2086.0,BUD
2025-05-13 11:49:00,65.59,65.59,65.5791,65.5791,824.0,BUD
2025-05-13 11:48:00,65.63,65.63,65.595,65.595,6530.0,BUD
2025-05-13 11:47:00,65.68,65.68,65.65,65.65,151087.0,BUD
2025-05-13 11:46:00,65.66,65.69,65.66,65.69,2328.0,BUD
2025-05-13 11:45:00,65.67,65.68,65.65,65.6599,2033.0,BUD
2025-05-13 11:44:00,65.65,65.67,65.65,65.67,1323.0,BUD
2025-05-13 11:43:00,65.68,65.68,65.655,65.67,2750.0,BUD
2025-05-13 11:42:00,65.66,65.69,65.66,65.69,1478.0,BUD
2025-05-13 11:41:00,65.72,65.72,65.66,65.66,1800.0,BUD
2025-05-13 11:40:00,65.68,65.71,65.68,65.71,2147.0,BUD
2025-05-13 11:39:00,65.72,65.72,65.68,65.68,4333.0,BUD
2025-05-13 11:38:00,65.7152,65.73,65.7152,65.73,1402.0,BUD
2025-05-13 11:37:00,65.68,65.71,65.68,65.71,6929.0,BUD
2025-05-13 11:36:00,65.65,65.67,65.65,65.67,2509.0,BUD
2025-05-13 11:35:00,65.7,65.705,65.64,65.64,47622.0,BUD
2025-05-13 11:34:00,65.65,65.71,65.64,65.7,46749.0,BUD
2025-05-13 11:33:00,65.64,65.66,65.64,65.65,5138.0,BUD
2025-05-13 11:32:00,65.63,65.64,65.63,65.63,3954.0,BUD
2025-05-13 11:31:00,65.63,65.64,65.625,65.63,17085.0,BUD
2025-05-13 11:30:00,65.63,65.63,65.605,65.63,7724.0,BUD
2025-05-13 11:29:00,65.63,65.65,65.63,65.65,3924.0,BUD
2025-05-13 11:28:00,65.61,65.62,65.61,65.62,880.0,BUD
2025-05-13 11:27:00,65.6001,65.62,65.6001,65.62,1179.0,BUD
2025-05-13 11:26:00,65.62,65.62,65.595,65.62,2191.0,BUD
2025-05-13 11:25:00,65.5949,65.615,65.5949,65.615,658.0,BUD
2025-05-13 11:24:00,65.56,65.59,65.56,65.59,2226.0,BUD
2025-05-13 11:23:00,65.56,65.59,65.56,65.58,2886.0,BUD
2025-05-13 11:22:00,65.53,65.56,65.53,65.56,666.0,BUD
2025-05-13 11:21:00,65.55,65.55,65.525,65.525,920.0,BUD
2025-05-13 11:20:00,65.53,65.56,65.525,65.56,4164.0,BUD
2025-05-13 11:19:00,65.54,65.54,65.51,65.52,3135.0,BUD
2025-05-13 11:18:00,65.52,65.55,65.52,65.55,3145.0,BUD
2025-05-13 11:17:00,65.515,65.52,65.505,65.51,2715.0,BUD
2025-05-13 11:16:00,65.58,65.58,65.53,65.53,1136.0,BUD
2025-05-13 11:15:00,65.64,65.64,65.59,65.59,4023.0,BUD
2025-05-13 11:14:00,65.63,65.63,65.63,65.63,691.0,BUD
2025-05-13 11:13:00,65.65,65.68,65.65,65.65,13958.0,BUD
2025-05-13 11:12:00,65.67,65.675,65.64,65.64,10486.0,BUD
2025-05-13 11:11:00,65.6754,65.68,65.665,65.68,2491.0,BUD
2025-05-13 11:10:00,65.695,65.7,65.67,65.67,5063.0,BUD
2025-05-13 11:09:00,65.69,65.69,65.68,65.69,745.0,BUD
2025-05-13 11:08:00,65.69,65.69,65.68,65.68,1005.0,BUD
2025-05-13 11:07:00,65.65,65.7,65.65,65.7,1431.0,BUD
2025-05-13 11:06:00,65.655,65.66,65.65,65.66,1461.0,BUD
2025-05-13 11:05:00,65.65,65.6602,65.65,65.6602,1881.0,BUD
2025-05-13 11:04:00,65.66,65.66,65.6303,65.6303,2031.0,BUD
2025-05-13 11:03:00,65.63,65.66,65.63,65.65,1673.0,BUD
2025-05-13 11:02:00,65.61,65.6302,65.61,65.62,2368.0,BUD
2025-05-13 11:01:00,65.605,65.61,65.605,65.61,517.0,BUD
2025-05-13 11:00:00,65.62,65.62,65.58,65.58,12427.0,BUD
2025-05-13 10:59:00,65.61,65.64,65.61,65.63,2303.0,BUD
2025-05-13 10:58:00,65.6,65.61,65.595,65.61,3651.0,BUD
2025-05-13 10:57:00,65.61,65.62,65.6,65.61,4197.0,BUD
2025-05-13 10:56:00,65.55,65.61,65.54,65.59,12429.0,BUD
2025-05-13 10:55:00,65.57,65.57,65.51,65.54,7728.0,BUD
2025-05-13 10:54:00,65.51,65.56,65.51,65.56,11311.0,BUD
2025-05-13 10:53:00,65.46,65.515,65.46,65.515,4354.0,BUD
2025-05-13 10:52:00,65.435,65.45,65.435,65.45,853.0,BUD
2025-05-13 10:51:00,65.445,65.45,65.415,65.44,6098.0,BUD
2025-05-13 10:50:00,65.45,65.46,65.45,65.45,2661.0,BUD
2025-05-13 10:49:00,65.43,65.445,65.43,65.445,4948.0,BUD
2025-05-13 10:48:00,65.44,65.44,65.42,65.44,4012.0,BUD
2025-05-13 10:47:00,65.485,65.49,65.44,65.44,3082.0,BUD
2025-05-13 10:46:00,65.47,65.49,65.47,65.49,5523.0,BUD
2025-05-13 10:45:00,65.46,65.48,65.44,65.47,8335.0,BUD
2025-05-13 10:44:00,65.46,65.46,65.45,65.46,1363.0,BUD
2025-05-13 10:43:00,65.45,65.46,65.45,65.46,1213.0,BUD
2025-05-13 10:42:00,65.44,65.44,65.42,65.43,2706.0,BUD
2025-05-13 10:41:00,65.41,65.45,65.41,65.45,7068.0,BUD
2025-05-13 10:40:00,65.39,65.41,65.38,65.41,2996.0,BUD
2025-05-13 10:39:00,65.38,65.39,65.38,65.39,1109.0,BUD
2025-05-13 10:38:00,65.39,65.39,65.38,65.38,1984.0,BUD
2025-05-13 10:37:00,65.4,65.405,65.39,65.405,1118.0,BUD
2025-05-13 10:36:00,65.45,65.45,65.4,65.4,7317.0,BUD
2025-05-13 10:35:00,65.48,65.49,65.445,65.45,19376.0,BUD
2025-05-13 10:34:00,65.46,65.48,65.45,65.48,4591.0,BUD
2025-05-13 10:33:00,65.42,65.44,65.42,65.44,1833.0,BUD
2025-05-13 10:32:00,65.43,65.44,65.415,65.43,5964.0,BUD
2025-05-13 10:31:00,65.39,65.41,65.385,65.41,3847.0,BUD
2025-05-13 10:30:00,65.37,65.4049,65.355,65.385,5185.0,BUD
2025-05-13 10:29:00,65.34,65.37,65.34,65.365,2273.0,BUD
2025-05-13 10:28:00,65.36,65.365,65.355,65.355,2012.0,BUD
2025-05-13 10:27:00,65.38,65.38,65.37,65.37,1857.0,BUD
2025-05-13 10:26:00,65.38,65.39,65.38,65.38,1839.0,BUD
2025-05-13 10:25:00,65.42,65.42,65.37,65.37,5575.0,BUD
2025-05-13 10:24:00,65.43,65.45,65.4,65.4,5447.0,BUD
2025-05-13 10:23:00,65.41,65.44,65.41,65.44,3685.0,BUD
2025-05-13 10:22:00,65.44,65.47,65.44,65.445,8107.0,BUD
2025-05-13 10:21:00,65.45,65.45,65.43,65.43,3830.0,BUD
2025-05-13 10:20:00,65.475,65.505,65.44,65.44,4372.0,BUD
2025-05-13 10:19:00,65.48,65.49,65.47,65.47,3754.0,BUD
2025-05-13 10:18:00,65.47,65.49,65.46,65.49,2177.0,BUD
2025-05-13 10:17:00,65.47,65.48,65.46,65.48,3065.0,BUD
2025-05-13 10:16:00,65.49,65.49,65.48,65.48,1268.0,BUD
2025-05-13 10:15:00,65.48,65.5,65.47,65.485,4276.0,BUD
2025-05-13 10:14:00,65.475,65.49,65.46,65.49,9596.0,BUD
2025-05-13 10:13:00,65.46,65.475,65.46,65.47,2501.0,BUD
2025-05-13 10:12:00,65.56,65.56,65.46,65.46,5767.0,BUD
2025-05-13 10:11:00,65.535,65.565,65.535,65.565,3322.0,BUD
2025-05-13 10:10:00,65.485,65.53,65.485,65.51,11162.0,BUD
2025-05-13 10:09:00,65.415,65.49,65.415,65.48,7014.0,BUD
2025-05-13 10:08:00,65.38,65.42,65.38,65.42,3246.0,BUD
2025-05-13 10:07:00,65.3475,65.38,65.34,65.365,7100.0,BUD
2025-05-13 10:06:00,65.36,65.36,65.34,65.345,1736.0,BUD
2025-05-13 10:05:00,65.33,65.39,65.33,65.3675,13455.0,BUD
2025-05-13 10:04:00,65.31,65.34,65.31,65.34,11306.0,BUD
2025-05-13 10:03:00,65.31,65.33,65.28,65.3,19543.0,BUD
2025-05-13 10:02:00,65.3,65.32,65.3,65.32,976.0,BUD
2025-05-13 10:01:00,65.22,65.29,65.21,65.29,5481.0,BUD
2025-05-13 10:00:00,65.2,65.25,65.15,65.235,8973.0,BUD
2025-05-13 09:59:00,65.21,65.21,65.2,65.21,1729.0,BUD
2025-05-13 09:58:00,65.23,65.23,65.2,65.21,9401.0,BUD
2025-05-13 09:57:00,65.33,65.33,65.23,65.23,5144.0,BUD
2025-05-13 09:56:00,65.315,65.32,65.31,65.32,1408.0,BUD
2025-05-13 09:55:00,65.35,65.35,65.32,65.32,3302.0,BUD
2025-05-13 09:54:00,65.37,65.37,65.32,65.325,2848.0,BUD
2025-05-13 09:53:00,65.4,65.4,65.35,65.36,4340.0,BUD
2025-05-13 09:52:00,65.36,65.39,65.36,65.38,2830.0,BUD
2025-05-13 09:51:00,65.36,65.41,65.36,65.37,3369.0,BUD
2025-05-13 09:50:00,65.42,65.45,65.37,65.37,4673.0,BUD
2025-05-13 09:49:00,65.44,65.44,65.43,65.43,3253.0,BUD
2025-05-13 09:48:00,65.45,65.47,65.4357,65.4357,8841.0,BUD
2025-05-13 09:47:00,65.44,65.45,65.43,65.44,2969.0,BUD
2025-05-13 09:46:00,65.49,65.5,65.455,65.47,11360.0,BUD
2025-05-13 09:45:00,65.51,65.51,65.45,65.48,18050.0,BUD
2025-05-13 09:44:00,65.52,65.54,65.49,65.52,8760.0,BUD
2025-05-13 09:43:00,65.55,65.56,65.5,65.51,10849.0,BUD
2025-05-13 09:42:00,65.52,65.545,65.49,65.545,7241.0,BUD
2025-05-13 09:41:00,65.49,65.55,65.49,65.533,9629.0,BUD
2025-05-13 09:40:00,65.535,65.545,65.47,65.47,5347.0,BUD
2025-05-13 09:39:00,65.53,65.55,65.5023,65.55,3278.0,BUD
2025-05-13 09:38:00,65.63,65.63,65.53,65.53,8570.0,BUD
2025-05-13 09:37:00,65.69,65.69,65.57,65.61,15198.0,BUD
2025-05-13 09:36:00,65.66,65.72,65.66,65.705,9417.0,BUD
2025-05-13 09:35:00,65.7,65.705,65.65,65.67,9790.0,BUD
2025-05-13 09:34:00,65.74,65.74,65.705,65.705,7092.0,BUD
2025-05-13 09:33:00,65.83,65.83,65.7,65.7,3715.0,BUD
2025-05-13 09:32:00,65.86,65.88,65.79,65.79,13176.0,BUD
2025-05-13 09:31:00,65.91,65.95,65.87,65.89,14305.0,BUD
2025-05-13 09:30:00,65.94,65.94,65.84,65.88,27542.0,BUD
2025-05-13 09:29:00,65.89,65.89,65.89,65.89,105.0,BUD
2025-05-13 09:27:00,65.91,65.91,65.91,65.91,6.0,BUD
2025-05-13 09:20:00,65.8801,65.8801,65.8801,65.8801,30.0,BUD
2025-05-13 09:16:00,65.87,65.87,65.87,65.87,5.0,BUD
2025-05-13 09:15:00,65.92,65.92,65.92,65.92,139.0,BUD
2025-05-13 09:12:00,65.99,66.01,65.99,65.99,1126.0,BUD
2025-05-13 09:03:00,66.06,66.06,66.05,66.05,201.0,BUD
2025-05-13 09:02:00,66.1,66.11,66.1,66.11,118.0,BUD
2025-05-13 09:01:00,66.1,66.11,66.1,66.11,2913.0,BUD
2025-05-13 09:00:00,66.07,66.07,66.06,66.06,2400.0,BUD
2025-05-13 08:52:00,66.05,66.05,66.02,66.02,5.0,BUD
2025-05-13 08:44:00,66.05,66.09,66.05,66.09,1100.0,BUD
2025-05-13 08:38:00,66.05,66.05,66.05,66.05,500.0,BUD
2025-05-13 08:37:00,66.06,66.06,66.06,66.06,168.0,BUD
2025-05-13 08:30:00,66.15,66.16,66.15,66.16,1539.0,BUD
2025-05-13 08:26:00,66.12,66.12,66.12,66.12,1.0,BUD
2025-05-13 08:24:00,66.12,66.12,66.1,66.1,102.0,BUD
2025-05-13 08:09:00,66.09,66.09,66.09,66.09,10.0,BUD
2025-05-13 08:02:00,65.9,65.9,65.9,65.9,1.0,BUD
2025-05-13 08:00:00,66.0281,66.12,66.0281,66.0812,4.0,BUD
2025-05-13 07:54:00,66.0,66.0,66.0,66.0,1246.0,BUD
2025-05-13 07:53:00,66.0,66.0,65.99,65.99,201.0,BUD
2025-05-13 07:46:00,66.03,66.03,66.03,66.03,69.0,BUD
2025-05-13 07:45:00,66.05,66.05,66.03,66.03,873.0,BUD
2025-05-13 07:44:00,66.03,66.03,66.03,66.03,116.0,BUD
2025-05-13 07:42:00,66.04,66.04,66.02,66.02,197.0,BUD
2025-05-13 07:41:00,66.04,66.04,66.04,66.04,59.0,BUD
2025-05-13 07:40:00,66.05,66.05,66.05,66.05,104.0,BUD
2025-05-13 07:39:00,66.07,66.07,66.04,66.04,103.0,BUD
2025-05-13 07:38:00,66.04,66.04,66.03,66.03,109.0,BUD
2025-05-13 07:34:00,66.08,66.08,66.07,66.08,137.0,BUD
2025-05-13 07:33:00,66.09,66.09,66.08,66.08,159.0,BUD
2025-05-13 07:32:00,66.07,66.08,66.07,66.08,120.0,BUD
2025-05-13 07:23:00,66.09,66.09,66.09,66.09,1.0,BUD
2025-05-13 07:21:00,66.1,66.1,66.1,66.1,100.0,BUD
2025-05-13 07:01:00,66.05,66.05,66.05,66.05,100.0,BUD
2025-05-13 07:00:00,66.02,66.02,66.02,66.02,60.0,BUD
2025-05-13 06:58:00,66.03,66.03,66.03,66.03,50.0,BUD
2025-05-13 06:50:00,66.04,66.04,66.04,66.04,1.0,BUD
2025-05-13 06:40:00,66.07,66.07,66.07,66.07,1.0,BUD
2025-05-13 06:32:00,66.06,66.06,66.06,66.06,75.0,BUD
2025-05-13 06:19:00,66.0,66.0,66.0,66.0,50.0,BUD
2025-05-13 06:01:00,66.0,66.0,66.0,66.0,100.0,BUD
2025-05-13 05:53:00,66.0,66.04,66.0,66.04,3050.0,BUD
2025-05-13 05:51:00,65.92,65.92,65.92,65.92,28.0,BUD
2025-05-13 05:47:00,65.91,65.92,65.91,65.92,80.0,BUD
2025-05-13 05:37:00,65.9,65.9,65.9,65.9,5.0,BUD
2025-05-13 05:33:00,65.83,65.83,65.83,65.83,75.0,BUD
2025-05-13 05:28:00,65.91,65.91,65.91,65.91,2001.0,BUD
2025-05-13 05:21:00,65.78,65.79,65.78,65.79,1300.0,BUD
2025-05-13 05:15:00,65.79,65.79,65.79,65.79,2.0,BUD
2025-05-13 05:09:00,65.82,65.82,65.82,65.82,75.0,BUD
2025-05-13 05:05:00,65.79,65.79,65.79,65.79,1.0,BUD
2025-05-13 04:32:00,65.84,65.84,65.84,65.84,687.0,BUD
2025-05-13 04:18:00,65.82,65.82,65.82,65.82,75.0,BUD
2025-05-13 04:14:00,65.84,65.89,65.84,65.89,700.0,BUD
2025-05-13 04:13:00,65.83,65.83,65.83,65.83,75.0,BUD
2025-05-13 04:04:00,65.81,65.85,65.8,65.85,1619.0,BUD
2025-05-13 04:03:00,65.85,65.85,65.85,65.85,10.0,BUD
2025-05-13 04:01:00,65.88,65.96,65.88,65.94,2867.0,BUD
2025-05-12 19:32:00,65.82,65.82,65.82,65.82,50.0,BUD
2025-05-12 19:09:00,66.37,66.37,66.37,66.37,2.0,BUD
2025-05-12 19:04:00,65.81,65.81,65.81,65.81,1.0,BUD
2025-05-12 19:00:00,65.9,65.9,65.9,65.9,142487.0,BUD
2025-05-12 18:30:00,65.9,65.9,65.9,65.9,142487.0,BUD
2025-05-12 18:29:00,66.37,66.37,66.37,66.37,20.0,BUD
2025-05-12 18:19:00,65.81,66.34,65.81,66.34,4.0,BUD
2025-05-12 18:17:00,66.35,66.35,66.35,66.35,1.0,BUD
2025-05-12 18:10:00,66.38,66.38,66.38,66.38,40.0,BUD
2025-05-12 17:39:00,66.3,66.3,66.3,66.3,1.0,BUD
2025-05-12 17:18:00,65.9,65.9,65.85,65.85,60.0,BUD
2025-05-12 16:58:00,65.9,65.9,65.9,65.9,7.0,BUD
2025-05-12 16:54:00,66.3267,66.3267,66.3267,66.3267,3.0,BUD
2025-05-12 16:51:00,66.38,66.38,66.38,66.38,15.0,BUD
2025-05-12 16:45:00,65.9,65.9,65.9,65.9,2.0,BUD
2025-05-12 16:44:00,65.837,65.837,65.837,65.837,50.0,BUD
2025-05-12 16:42:00,66.348,66.348,66.348,66.348,5.0,BUD
2025-05-12 16:34:00,65.9,65.9,65.9,65.9,75.0,BUD
2025-05-12 16:10:00,65.9,65.9,65.9,65.9,142487.0,BUD
2025-05-12 16:05:00,65.9,66.0,65.9,66.0,459.0,BUD
2025-05-12 16:03:00,65.9,65.9,65.9,65.9,19.0,BUD
2025-05-12 16:00:00,65.9,65.9,65.9,65.9,311011.0,BUD
2025-05-12 15:59:00,65.951,65.96,65.9,65.9,68038.0,BUD
2025-05-12 15:58:00,65.93,65.96,65.915,65.95,34233.0,BUD
2025-05-12 15:57:00,65.935,65.955,65.93,65.93,31128.0,BUD
2025-05-12 15:56:00,65.94,65.96,65.935,65.935,17895.0,BUD
2025-05-12 15:55:00,65.9,65.95,65.895,65.95,17172.0,BUD
2025-05-12 15:54:00,65.925,65.925,65.88,65.91,16848.0,BUD
2025-05-12 15:53:00,65.9,65.93,65.9,65.93,14735.0,BUD
2025-05-12 15:52:00,65.87,65.91,65.87,65.91,5407.0,BUD
2025-05-12 15:51:00,65.87,65.875,65.87,65.87,7199.0,BUD
2025-05-12 15:50:00,65.84,65.86,65.83,65.86,7288.0,BUD
2025-05-12 15:49:00,65.85,65.875,65.82,65.85,18322.0,BUD
2025-05-12 15:48:00,65.86,65.86,65.84,65.85,7831.0,BUD
2025-05-12 15:47:00,65.86,65.86,65.85,65.855,5753.0,BUD
2025-05-12 15:46:00,65.88,65.89,65.87,65.87,5505.0,BUD
2025-05-12 15:45:00,65.86,65.88,65.86,65.88,8631.0,BUD
2025-05-12 15:44:00,65.89,65.89,65.86,65.86,4604.0,BUD
2025-05-12 15:43:00,65.885,65.89,65.88,65.89,8855.0,BUD
2025-05-12 15:42:00,65.89,65.89,65.885,65.885,5255.0,BUD
2025-05-12 15:41:00,65.895,65.9,65.895,65.895,2689.0,BUD
2025-05-12 15:40:00,65.9,65.91,65.9,65.9001,5911.0,BUD
2025-05-12 15:39:00,65.89,65.9,65.89,65.895,8582.0,BUD
2025-05-12 15:38:00,65.9,65.9,65.89,65.9,7861.0,BUD
2025-05-12 15:37:00,65.92,65.92,65.895,65.895,5911.0,BUD
2025-05-12 15:36:00,65.915,65.92,65.915,65.92,3872.0,BUD
2025-05-12 15:35:00,65.9,65.915,65.9,65.915,5631.0,BUD
2025-05-12 15:34:00,65.91,65.91,65.895,65.9,4112.0,BUD
2025-05-12 15:33:00,65.91,65.92,65.91,65.92,1654.0,BUD
2025-05-12 15:32:00,65.89,65.91,65.89,65.91,5588.0,BUD
2025-05-12 15:31:00,65.88,65.91,65.88,65.9,2567.0,BUD
2025-05-12 15:30:00,65.89,65.89,65.87,65.88,2829.0,BUD
2025-05-12 15:29:00,65.88,65.91,65.88,65.891,6133.0,BUD
2025-05-12 15:28:00,65.885,65.885,65.87,65.88,3380.0,BUD
2025-05-12 15:27:00,65.915,65.915,65.88,65.89,4869.0,BUD
2025-05-12 15:26:00,65.902,65.92,65.902,65.9165,1701.0,BUD
2025-05-12 15:25:00,65.88,65.91,65.88,65.91,4562.0,BUD
2025-05-12 15:24:00,65.9,65.9,65.88,65.88,2377.0,BUD
2025-05-12 15:23:00,65.8864,65.91,65.8864,65.91,2760.0,BUD
2025-05-12 15:22:00,65.87,65.895,65.87,65.895,3116.0,BUD
2025-05-12 15:21:00,65.87,65.87,65.86,65.86,546.0,BUD
2025-05-12 15:20:00,65.87,65.88,65.865,65.87,3222.0,BUD
2025-05-12 15:19:00,65.85,65.86,65.85,65.86,2377.0,BUD
2025-05-12 15:18:00,65.86,65.86,65.85,65.86,1986.0,BUD
2025-05-12 15:17:00,65.825,65.85,65.825,65.85,6183.0,BUD
2025-05-12 15:16:00,65.815,65.83,65.815,65.825,2266.0,BUD
2025-05-12 15:15:00,65.825,65.825,65.81,65.82,4034.0,BUD
2025-05-12 15:14:00,65.825,65.83,65.825,65.825,1495.0,BUD
2025-05-12 15:13:00,65.8,65.83,65.8,65.83,4861.0,BUD
2025-05-12 15:12:00,65.79,65.7998,65.78,65.7998,3094.0,BUD
2025-05-12 15:11:00,65.8013,65.8013,65.8,65.8,1680.0,BUD
2025-05-12 15:10:00,65.8,65.81,65.795,65.8,3929.0,BUD
2025-05-12 15:09:00,65.82,65.82,65.8,65.81,2382.0,BUD
2025-05-12 15:08:00,65.83,65.83,65.8155,65.82,2418.0,BUD
2025-05-12 15:07:00,65.795,65.82,65.79,65.82,5181.0,BUD
2025-05-12 15:06:00,65.8,65.8,65.795,65.795,1341.0,BUD
2025-05-12 15:05:00,65.82,65.82,65.81,65.81,2346.0,BUD
2025-05-12 15:04:00,65.82,65.82,65.82,65.82,1461.0,BUD
2025-05-12 15:03:00,65.825,65.825,65.82,65.82,1512.0,BUD
2025-05-12 15:02:00,65.82,65.825,65.8104,65.82,4006.0,BUD
2025-05-12 15:01:00,65.815,65.82,65.81,65.82,2991.0,BUD
2025-05-12 15:00:00,65.83,65.83,65.815,65.815,4468.0,BUD
2025-05-12 14:59:00,65.835,65.835,65.83,65.83,1443.0,BUD
2025-05-12 14:58:00,65.83,65.83,65.83,65.83,2149.0,BUD
2025-05-12 14:57:00,65.84,65.84,65.83,65.83,2338.0,BUD
2025-05-12 14:56:00,65.835,65.8365,65.835,65.8365,802.0,BUD
2025-05-12 14:55:00,65.82,65.83,65.82,65.83,1301.0,BUD
2025-05-12 14:54:00,65.82,65.83,65.82,65.825,3975.0,BUD
2025-05-12 14:53:00,65.81,65.82,65.81,65.81,1993.0,BUD
2025-05-12 14:52:00,65.8,65.81,65.7959,65.81,2386.0,BUD
2025-05-12 14:51:00,65.81,65.81,65.8,65.8,1812.0,BUD
2025-05-12 14:50:00,65.8,65.81,65.8,65.81,5915.0,BUD
2025-05-12 14:49:00,65.81,65.81,65.8,65.8,1502.0,BUD
2025-05-12 14:48:00,65.81,65.81,65.81,65.81,786.0,BUD
2025-05-12 14:47:00,65.8,65.82,65.8,65.81,1287.0,BUD
2025-05-12 14:46:00,65.805,65.81,65.805,65.81,3722.0,BUD
2025-05-12 14:45:00,65.82,65.82,65.795,65.8,3117.0,BUD
2025-05-12 14:44:00,65.785,65.81,65.785,65.81,2526.0,BUD
2025-05-12 14:43:00,65.8,65.8,65.78,65.78,2654.0,BUD
2025-05-12 14:42:00,65.8,65.81,65.8,65.81,3882.0,BUD
2025-05-12 14:41:00,65.78,65.8,65.78,65.8,2195.0,BUD
2025-05-12 14:40:00,65.78,65.79,65.78,65.78,2619.0,BUD
2025-05-12 14:39:00,65.79,65.79,65.78,65.78,1334.0,BUD
2025-05-12 14:38:00,65.78,65.79,65.77,65.79,3510.0,BUD
2025-05-12 14:37:00,65.79,65.79,65.77,65.77,3208.0,BUD
2025-05-12 14:36:00,65.7854,65.79,65.785,65.79,1419.0,BUD
2025-05-12 14:35:00,65.79,65.79,65.78,65.79,2145.0,BUD
2025-05-12 14:34:00,65.76,65.79,65.76,65.79,3865.0,BUD
2025-05-12 14:33:00,65.755,65.7599,65.75,65.7599,2388.0,BUD
2025-05-12 14:32:00,65.73,65.755,65.73,65.755,3211.0,BUD
2025-05-12 14:31:00,65.73,65.73,65.73,65.73,1577.0,BUD
2025-05-12 14:30:00,65.74,65.77,65.74,65.74,4452.0,BUD
2025-05-12 14:29:00,65.75,65.75,65.7337,65.7337,2760.0,BUD
2025-05-12 14:28:00,65.75,65.75,65.74,65.74,1562.0,BUD
2025-05-12 14:27:00,65.78,65.78,65.75,65.76,3248.0,BUD
2025-05-12 14:26:00,65.805,65.82,65.785,65.785,4333.0,BUD
2025-05-12 14:25:00,65.7973,65.805,65.7973,65.805,1769.0,BUD
2025-05-12 14:24:00,65.8,65.81,65.8,65.8,1693.0,BUD
2025-05-12 14:23:00,65.815,65.815,65.775,65.8,5441.0,BUD
2025-05-12 14:22:00,65.815,65.815,65.815,65.815,679.0,BUD
2025-05-12 14:21:00,65.815,65.815,65.815,65.815,420.0,BUD
2025-05-12 14:20:00,65.78,65.81,65.78,65.81,2669.0,BUD
2025-05-12 14:19:00,65.78,65.78,65.78,65.78,1009.0,BUD
2025-05-12 14:18:00,65.77,65.78,65.77,65.78,3114.0,BUD
2025-05-12 14:17:00,65.775,65.78,65.775,65.78,911.0,BUD
2025-05-12 14:16:00,65.77,65.78,65.77,65.775,2078.0,BUD
2025-05-12 14:15:00,65.75,65.77,65.74,65.77,1169.0,BUD
2025-05-12 14:14:00,65.76,65.76,65.74,65.75,2567.0,BUD
2025-05-12 14:13:00,65.785,65.785,65.76,65.77,4034.0,BUD
2025-05-12 14:12:00,65.8,65.8,65.78,65.785,3452.0,BUD
2025-05-12 14:11:00,65.84,65.84,65.81,65.81,5061.0,BUD
2025-05-12 14:10:00,65.835,65.84,65.835,65.84,483.0,BUD
2025-05-12 14:09:00,65.83,65.83,65.83,65.83,1330.0,BUD
2025-05-12 14:08:00,65.83,65.85,65.83,65.85,3027.0,BUD
2025-05-12 14:07:00,65.8202,65.84,65.82,65.825,3691.0,BUD
2025-05-12 14:06:00,65.83,65.83,65.82,65.8229,2633.0,BUD
2025-05-12 14:05:00,65.84,65.84,65.825,65.825,1352.0,BUD
2025-05-12 14:04:00,65.85,65.85,65.825,65.84,3034.0,BUD
2025-05-12 14:03:00,65.815,65.84,65.815,65.84,1248.0,BUD
2025-05-12 14:02:00,65.805,65.82,65.805,65.8143,2262.0,BUD
2025-05-12 14:01:00,65.8,65.82,65.8,65.805,4728.0,BUD
2025-05-12 14:00:00,65.76,65.8,65.76,65.8,2301.0,BUD
2025-05-12 13:59:00,65.78,65.78,65.76,65.76,4057.0,BUD
2025-05-12 13:58:00,65.77,65.78,65.77,65.78,2547.0,BUD
2025-05-12 13:57:00,65.775,65.775,65.765,65.77,2167.0,BUD
2025-05-12 13:56:00,65.79,65.79,65.775,65.775,2132.0,BUD
2025-05-12 13:55:00,65.7701,65.78,65.77,65.78,4607.0,BUD
2025-05-12 13:54:00,65.77,65.7898,65.77,65.7898,4598.0,BUD
2025-05-12 13:53:00,65.77,65.7721,65.77,65.7721,1407.0,BUD
2025-05-12 13:52:00,65.78,65.78,65.77,65.77,2675.0,BUD
2025-05-12 13:51:00,65.78,65.79,65.78,65.79,2398.0,BUD
2025-05-12 13:50:00,65.78,65.79,65.78,65.79,1730.0,BUD
2025-05-12 13:49:00,65.79,65.81,65.785,65.8,2608.0,BUD
2025-05-12 13:48:00,65.79,65.8,65.7857,65.79,3199.0,BUD
2025-05-12 13:47:00,65.8,65.805,65.79,65.79,3556.0,BUD
2025-05-12 13:46:00,65.795,65.8,65.7907,65.8,6545.0,BUD
2025-05-12 13:45:00,65.77,65.795,65.77,65.795,1588.0,BUD
2025-05-12 13:44:00,65.785,65.79,65.77,65.77,2898.0,BUD
2025-05-12 13:43:00,65.78,65.785,65.77,65.785,2630.0,BUD
2025-05-12 13:42:00,65.775,65.79,65.7648,65.79,6665.0,BUD
2025-05-12 13:41:00,65.81,65.83,65.79,65.79,8993.0,BUD
2025-05-12 13:40:00,65.82,65.82,65.815,65.82,1001.0,BUD
2025-05-12 13:39:00,65.83,65.83,65.82,65.825,2823.0,BUD
2025-05-12 13:38:00,65.81,65.83,65.81,65.83,1149.0,BUD
2025-05-12 13:37:00,65.82,65.83,65.81,65.81,5161.0,BUD
2025-05-12 13:36:00,65.81,65.815,65.805,65.815,5632.0,BUD
2025-05-12 13:35:00,65.82,65.82,65.79,65.805,5415.0,BUD
2025-05-12 13:34:00,65.8662,65.8796,65.81,65.82,5228.0,BUD
2025-05-12 13:33:00,65.88,65.88,65.85,65.865,3326.0,BUD
2025-05-12 13:32:00,65.94,65.94,65.88,65.88,6512.0,BUD
2025-05-12 13:31:00,65.935,65.945,65.935,65.94,3374.0,BUD
2025-05-12 13:29:00,65.9492,65.95,65.935,65.935,3387.0,BUD
2025-05-12 13:28:00,65.94,65.9575,65.94,65.9575,2084.0,BUD
2025-05-12 13:27:00,65.94,65.945,65.94,65.94,2835.0,BUD
2025-05-12 13:26:00,65.95,65.95,65.94,65.94,1807.0,BUD
2025-05-12 13:25:00,65.9782,65.9782,65.95,65.95,3065.0,BUD
2025-05-12 13:23:00,66.0,66.01,65.99,65.99,5502.0,BUD
2025-05-12 13:22:00,66.01,66.01,66.0,66.0,6834.0,BUD
2025-05-12 13:21:00,66.05,66.06,66.01,66.01,3188.0,BUD
2025-05-12 13:20:00,66.05,66.07,66.04,66.04,15171.0,BUD
2025-05-12 13:19:00,66.06,66.06,66.055,66.06,1630.0,BUD
2025-05-12 13:18:00,66.08,66.08,66.04,66.05,5671.0,BUD
2025-05-12 13:17:00,66.08,66.09,66.08,66.09,1564.0,BUD
2025-05-12 13:16:00,66.08,66.08,66.08,66.08,1363.0,BUD
2025-05-12 13:15:00,66.11,66.12,66.09,66.09,5822.0,BUD
2025-05-12 13:14:00,66.11,66.11,66.11,66.11,1454.0,BUD
2025-05-12 13:13:00,66.1,66.12,66.1,66.115,2400.0,BUD
2025-05-12 13:12:00,66.12,66.12,66.1,66.1,4384.0,BUD
2025-05-12 13:10:00,66.14,66.14,66.13,66.13,1206.0,BUD
2025-05-12 13:09:00,66.15,66.16,66.14,66.14,2916.0,BUD
2025-05-12 13:08:00,66.12,66.15,66.12,66.15,3867.0,BUD
2025-05-12 13:07:00,66.12,66.13,66.12,66.13,1094.0,BUD
2025-05-12 13:06:00,66.13,66.14,66.11,66.11,5627.0,BUD
2025-05-12 13:05:00,66.12,66.125,66.12,66.12,1427.0,BUD
2025-05-12 13:04:00,66.11,66.13,66.105,66.13,2018.0,BUD
2025-05-12 13:03:00,66.095,66.1,66.095,66.1,680.0,BUD
2025-05-12 13:02:00,66.09,66.09,66.08,66.09,2284.0,BUD
2025-05-12 13:01:00,66.08,66.085,66.08,66.085,873.0,BUD
2025-05-12 13:00:00,66.095,66.095,66.085,66.085,1532.0,BUD
2025-05-12 12:59:00,66.1,66.105,66.09,66.09,1544.0,BUD
2025-05-12 12:58:00,66.115,66.115,66.09,66.09,3154.0,BUD
2025-05-12 12:57:00,66.11,66.115,66.11,66.115,1192.0,BUD
2025-05-12 12:56:00,66.1,66.1,66.1,66.1,1076.0,BUD
2025-05-12 12:55:00,66.0917,66.0917,66.08,66.09,3126.0,BUD
2025-05-12 12:54:00,66.09,66.0937,66.09,66.0937,1005.0,BUD
2025-05-12 12:53:00,66.085,66.09,66.08,66.09,1871.0,BUD
2025-05-12 12:52:00,66.08,66.08,66.075,66.08,1935.0,BUD
2025-05-12 12:51:00,66.08,66.09,66.08,66.08,1758.0,BUD
2025-05-12 12:50:00,66.1,66.1,66.08,66.08,1263.0,BUD
2025-05-12 12:49:00,66.11,66.11,66.105,66.105,367.0,BUD
2025-05-12 12:48:00,66.12,66.14,66.12,66.12,3110.0,BUD
2025-05-12 12:47:00,66.17,66.17,66.14,66.14,5038.0,BUD
2025-05-12 12:45:00,66.13,66.15,66.13,66.15,1160.0,BUD
2025-05-12 12:44:00,66.14,66.14,66.13,66.13,1626.0,BUD
2025-05-12 12:43:00,66.14,66.14,66.13,66.14,1176.0,BUD
2025-05-12 12:42:00,66.13,66.14,66.13,66.14,1273.0,BUD
2025-05-12 12:41:00,66.11,66.12,66.09,66.12,3721.0,BUD
2025-05-12 12:40:00,66.11,66.11,66.11,66.11,249.0,BUD
2025-05-12 12:39:00,66.1,66.1,66.1,66.1,404.0,BUD
2025-05-12 12:38:00,66.11,66.11,66.11,66.11,389.0,BUD
2025-05-12 12:37:00,66.1,66.1,66.1,66.1,151.0,BUD
2025-05-12 12:36:00,66.1,66.1,66.09,66.09,2894.0,BUD
2025-05-12 12:35:00,66.1,66.12,66.1,66.12,680.0,BUD
2025-05-12 12:34:00,66.09,66.09,66.09,66.09,1608.0,BUD
2025-05-12 12:33:00,66.11,66.11,66.1,66.1,728.0,BUD
2025-05-12 12:32:00,66.04,66.09,66.04,66.09,1930.0,BUD
2025-05-12 12:31:00,66.03,66.03,66.025,66.025,1237.0,BUD
2025-05-12 12:30:00,66.07,66.07,66.04,66.04,1990.0,BUD
2025-05-12 12:29:00,66.09,66.09,66.07,66.08,4191.0,BUD
2025-05-12 12:27:00,66.1045,66.1045,66.08,66.08,2540.0,BUD
2025-05-12 12:26:00,66.08,66.1,66.08,66.1,3433.0,BUD
2025-05-12 12:25:00,66.09,66.11,66.08,66.09,1499.0,BUD
2025-05-12 12:24:00,66.1,66.1,66.09,66.09,1892.0,BUD
2025-05-12 12:23:00,66.07,66.09,66.07,66.09,929.0,BUD
2025-05-12 12:22:00,66.06,66.06,66.06,66.06,1550.0,BUD
2025-05-12 12:21:00,66.04,66.05,66.04,66.05,1298.0,BUD
2025-05-12 12:20:00,66.04,66.05,66.04,66.05,1401.0,BUD
2025-05-12 12:19:00,66.04,66.05,66.03,66.03,2454.0,BUD
2025-05-12 12:18:00,66.06,66.06,66.06,66.06,700.0,BUD
2025-05-12 12:17:00,66.055,66.06,66.05,66.05,1699.0,BUD
2025-05-12 12:15:00,66.055,66.055,66.055,66.055,293.0,BUD
2025-05-12 12:13:00,66.0,66.02,65.995,66.0107,2546.0,BUD
2025-05-12 12:12:00,66.03,66.03,66.01,66.01,1812.0,BUD
2025-05-12 12:11:00,66.03,66.03,66.03,66.03,434.0,BUD
2025-05-12 12:10:00,66.04,66.04,66.04,66.04,806.0,BUD
2025-05-12 12:09:00,66.02,66.03,66.01,66.03,2711.0,BUD
2025-05-12 12:08:00,66.005,66.02,66.005,66.02,1041.0,BUD
2025-05-12 12:07:00,66.02,66.02,65.99,65.99,2252.0,BUD
2025-05-12 12:06:00,66.0,66.02,66.0,66.02,2547.0,BUD
2025-05-12 12:05:00,65.95,65.99,65.95,65.99,3109.0,BUD
2025-05-12 12:04:00,65.935,65.935,65.935,65.935,675.0,BUD
2025-05-12 12:03:00,65.98,65.98,65.94,65.94,2269.0,BUD
2025-05-12 12:02:00,65.99,66.02,65.99,66.0,3557.0,BUD
2025-05-12 12:01:00,65.96,65.99,65.95,65.9793,4059.0,BUD
2025-05-12 12:00:00,65.97,65.98,65.9579,65.96,5084.0,BUD
2025-05-12 11:59:00,65.98,65.98,65.9698,65.98,1451.0,BUD
2025-05-12 11:58:00,65.99,65.99,65.98,65.98,1847.0,BUD
2025-05-12 11:57:00,66.0,66.0,65.99,65.99,3117.0,BUD
2025-05-12 11:56:00,66.01,66.01,66.01,66.01,1509.0,BUD
2025-05-12 11:55:00,65.995,66.02,65.995,66.02,1881.0,BUD
2025-05-12 11:54:00,66.005,66.01,66.0,66.0,4902.0,BUD
2025-05-12 11:53:00,65.985,65.99,65.985,65.99,1926.0,BUD
2025-05-12 11:52:00,65.98,65.98,65.975,65.975,2476.0,BUD
2025-05-12 11:51:00,66.02,66.02,65.99,65.99,5265.0,BUD
2025-05-12 11:50:00,66.035,66.035,66.02,66.02,1615.0,BUD
2025-05-12 11:49:00,66.06,66.06,66.03,66.035,3026.0,BUD
2025-05-12 11:48:00,66.08,66.08,66.06,66.06,2364.0,BUD
2025-05-12 11:47:00,66.09,66.09,66.09,66.09,1624.0,BUD
2025-05-12 11:46:00,66.08,66.1,66.08,66.095,2333.0,BUD
2025-05-12 11:45:00,66.11,66.1137,66.095,66.095,1894.0,BUD
2025-05-12 11:44:00,66.115,66.115,66.1,66.1,1218.0,BUD
2025-05-12 11:43:00,66.14,66.14,66.115,66.115,2524.0,BUD
2025-05-12 11:42:00,66.17,66.17,66.14,66.145,1602.0,BUD
2025-05-12 11:41:00,66.17,66.18,66.17,66.18,1498.0,BUD
2025-05-12 11:40:00,66.2,66.2,66.175,66.175,2127.0,BUD
2025-05-12 11:39:00,66.21,66.22,66.21,66.21,2113.0,BUD
2025-05-12 11:38:00,66.22,66.23,66.22,66.23,1807.0,BUD
2025-05-12 11:37:00,66.21,66.21,66.21,66.21,1212.0,BUD
2025-05-12 11:36:00,66.21,66.21,66.2,66.2,1481.0,BUD
2025-05-12 11:35:00,66.255,66.255,66.23,66.23,3988.0,BUD
2025-05-12 11:34:00,66.19,66.25,66.19,66.25,6324.0,BUD
2025-05-12 11:33:00,66.21,66.21,66.18,66.18,4373.0,BUD
2025-05-12 11:32:00,66.19,66.215,66.19,66.2,2895.0,BUD
2025-05-12 11:31:00,66.175,66.19,66.16,66.19,7689.0,BUD
2025-05-12 11:30:00,66.12,66.16,66.12,66.16,101275.0,BUD
2025-05-12 11:29:00,66.09,66.12,66.09,66.12,5261.0,BUD
2025-05-12 11:28:00,66.08,66.09,66.08,66.08,1020.0,BUD
2025-05-12 11:27:00,66.095,66.095,66.07,66.0738,2559.0,BUD
2025-05-12 11:26:00,66.07,66.09,66.07,66.09,1817.0,BUD
2025-05-12 11:25:00,66.06,66.06,66.0501,66.0501,1162.0,BUD
2025-05-12 11:24:00,66.05,66.056,66.05,66.056,1949.0,BUD
2025-05-12 11:23:00,66.06,66.06,66.05,66.05,1941.0,BUD
2025-05-12 11:22:00,66.08,66.08,66.08,66.08,3230.0,BUD
2025-05-12 11:21:00,66.07,66.1,66.07,66.09,8891.0,BUD
2025-05-12 11:20:00,66.07,66.08,66.07,66.07,2427.0,BUD
2025-05-12 11:19:00,66.105,66.11,66.07,66.07,3618.0,BUD
2025-05-12 11:18:00,66.065,66.095,66.06,66.095,6938.0,BUD
2025-05-12 11:17:00,66.16,66.16,66.08,66.08,2307.0,BUD
2025-05-12 11:16:00,66.18,66.18,66.17,66.17,3125.0,BUD
2025-05-12 11:15:00,66.25,66.25,66.2,66.2,5550.0,BUD
2025-05-12 11:14:00,66.25,66.26,66.25,66.26,2278.0,BUD
2025-05-12 11:13:00,66.21,66.2307,66.21,66.2307,1553.0,BUD
2025-05-12 11:12:00,66.21,66.21,66.2,66.21,1028.0,BUD
2025-05-12 11:11:00,66.18,66.19,66.18,66.19,2830.0,BUD
2025-05-12 11:10:00,66.1765,66.18,66.17,66.18,2126.0,BUD
2025-05-12 11:09:00,66.18,66.2,66.18,66.18,7111.0,BUD
2025-05-12 11:08:00,66.19,66.2,66.18,66.18,1052.0,BUD
2025-05-12 11:07:00,66.2,66.21,66.2,66.2,1077.0,BUD
2025-05-12 11:06:00,66.22,66.22,66.18,66.19,3071.0,BUD
2025-05-12 11:05:00,66.2401,66.25,66.23,66.23,13322.0,BUD
2025-05-12 11:04:00,66.23,66.24,66.22,66.24,2969.0,BUD
2025-05-12 11:03:00,66.19,66.25,66.185,66.245,5529.0,BUD
2025-05-12 11:02:00,66.18,66.185,66.18,66.18,3749.0,BUD
2025-05-12 11:01:00,66.18,66.19,66.17,66.18,2551.0,BUD
2025-05-12 11:00:00,66.16,66.18,66.16,66.1651,1996.0,BUD
2025-05-12 10:59:00,66.17,66.18,66.165,66.165,1729.0,BUD
2025-05-12 10:58:00,66.17,66.17,66.155,66.17,2777.0,BUD
2025-05-12 10:57:00,66.2,66.21,66.165,66.165,3329.0,BUD
2025-05-12 10:56:00,66.25,66.255,66.21,66.21,4385.0,BUD
2025-05-12 10:55:00,66.26,66.265,66.25,66.25,2943.0,BUD
2025-05-12 10:54:00,66.26,66.26,66.24,66.25,3272.0,BUD
2025-05-12 10:53:00,66.26,66.27,66.26,66.26,1164.0,BUD
2025-05-12 10:52:00,66.26,66.275,66.26,66.26,3626.0,BUD
2025-05-12 10:51:00,66.26,66.26,66.25,66.26,5710.0,BUD
2025-05-12 10:50:00,66.27,66.27,66.25,66.25,4447.0,BUD
2025-05-12 10:49:00,66.28,66.29,66.28,66.28,2892.0,BUD
2025-05-12 10:48:00,66.27,66.28,66.26,66.28,1161.0,BUD
2025-05-12 10:47:00,66.28,66.28,66.26,66.27,1907.0,BUD
2025-05-12 10:46:00,66.26,66.26,66.26,66.26,1403.0,BUD
2025-05-12 10:45:00,66.19,66.25,66.19,66.25,5610.0,BUD
2025-05-12 10:44:00,66.1719,66.18,66.1719,66.18,2726.0,BUD
2025-05-12 10:43:00,66.17,66.18,66.17,66.17,2357.0,BUD
2025-05-12 10:42:00,66.19,66.19,66.17,66.17,3172.0,BUD
2025-05-12 10:41:00,66.16,66.21,66.16,66.19,6702.0,BUD
2025-05-12 10:40:00,66.12,66.1468,66.11,66.1468,2221.0,BUD
2025-05-12 10:39:00,66.11,66.14,66.11,66.13,3172.0,BUD
2025-05-12 10:38:00,66.06,66.11,66.06,66.11,2696.0,BUD
2025-05-12 10:37:00,66.04,66.06,66.03,66.05,6499.0,BUD
2025-05-12 10:36:00,65.99,66.04,65.99,66.04,4602.0,BUD
2025-05-12 10:35:00,65.955,65.99,65.95,65.99,3214.0,BUD
2025-05-12 10:34:00,65.935,65.955,65.93,65.955,5036.0,BUD
2025-05-12 10:33:00,65.9433,65.96,65.9433,65.95,1424.0,BUD
2025-05-12 10:32:00,65.91,65.96,65.91,65.96,5183.0,BUD
2025-05-12 10:31:00,65.975,65.975,65.91,65.91,8751.0,BUD
2025-05-12 10:30:00,66.005,66.02,65.99,65.99,4413.0,BUD
2025-05-12 10:29:00,66.06,66.06,66.005,66.005,7310.0,BUD
2025-05-12 10:28:00,66.09,66.095,66.065,66.065,5538.0,BUD
2025-05-12 10:27:00,66.09,66.1,66.07,66.1,5662.0,BUD
2025-05-12 10:26:00,66.12,66.13,66.09,66.09,3474.0,BUD
2025-05-12 10:25:00,66.1599,66.1599,66.13,66.13,1436.0,BUD
2025-05-12 10:24:00,66.14,66.15,66.13,66.145,3911.0,BUD
2025-05-12 10:23:00,66.17,66.18,66.15,66.15,3228.0,BUD
2025-05-12 10:22:00,66.23,66.23,66.18,66.18,3273.0,BUD
2025-05-12 10:21:00,66.2,66.21,66.19,66.2,5040.0,BUD
2025-05-12 10:20:00,66.23,66.23,66.205,66.205,1997.0,BUD
2025-05-12 10:19:00,66.25,66.25,66.23,66.25,6872.0,BUD
2025-05-12 10:18:00,66.24,66.26,66.24,66.26,1514.0,BUD
2025-05-12 10:17:00,66.22,66.27,66.22,66.24,7290.0,BUD
2025-05-12 10:16:00,66.15,66.1986,66.15,66.1986,1597.0,BUD
2025-05-12 10:15:00,66.15,66.185,66.14,66.15,12700.0,BUD
2025-05-12 10:14:00,66.15,66.16,66.12,66.15,12185.0,BUD
2025-05-12 10:13:00,66.18,66.18,66.16,66.16,1231.0,BUD
2025-05-12 10:12:00,66.18,66.2,66.18,66.195,2168.0,BUD
2025-05-12 10:11:00,66.215,66.215,66.17,66.18,1579.0,BUD
2025-05-12 10:10:00,66.19,66.19,66.19,66.19,408.0,BUD
2025-05-12 10:09:00,66.16,66.2,66.145,66.19,5215.0,BUD
2025-05-12 10:08:00,66.155,66.2,66.155,66.17,1466.0,BUD
2025-05-12 10:07:00,66.15,66.17,66.15,66.15,1089.0,BUD
2025-05-12 10:06:00,66.18,66.185,66.15,66.15,2799.0,BUD
2025-05-12 10:05:00,66.13,66.19,66.11,66.17,7366.0,BUD
2025-05-12 10:04:00,66.165,66.17,66.13,66.13,6821.0,BUD
2025-05-12 10:03:00,66.18,66.19,66.12,66.17,9572.0,BUD
2025-05-12 10:02:00,66.2,66.21,66.175,66.175,4579.0,BUD
2025-05-12 10:01:00,66.225,66.225,66.2,66.2194,5272.0,BUD
2025-05-12 10:00:00,66.24,66.24,66.22,66.23,3538.0,BUD
2025-05-12 09:59:00,66.25,66.28,66.25,66.25,7978.0,BUD
2025-05-12 09:58:00,66.275,66.285,66.23,66.23,6168.0,BUD
2025-05-12 09:57:00,66.33,66.33,66.29,66.29,2458.0,BUD
2025-05-12 09:56:00,66.32,66.32,66.3044,66.3044,995.0,BUD
2025-05-12 09:55:00,66.37,66.38,66.32,66.32,6743.0,BUD
2025-05-12 09:54:00,66.33,66.37,66.33,66.36,5882.0,BUD
2025-05-12 09:53:00,66.37,66.38,66.34,66.34,10731.0,BUD
2025-05-12 09:52:00,66.34,66.37,66.34,66.37,2331.0,BUD
2025-05-12 09:51:00,66.34,66.37,66.34,66.35,5709.0,BUD
2025-05-12 09:50:00,66.275,66.34,66.27,66.34,17586.0,BUD
2025-05-12 09:49:00,66.29,66.325,66.29,66.29,4685.0,BUD
2025-05-12 09:48:00,66.3,66.31,66.28,66.31,8772.0,BUD
2025-05-12 09:47:00,66.28,66.31,66.275,66.28,9470.0,BUD
2025-05-12 09:46:00,66.29,66.29,66.24,66.27,5024.0,BUD
2025-05-12 09:45:00,66.31,66.36,66.28,66.3,21424.0,BUD
2025-05-12 09:44:00,66.36,66.38,66.3,66.3,6081.0,BUD
2025-05-12 09:43:00,66.38,66.38,66.32,66.36,4417.0,BUD
2025-05-12 09:42:00,66.29,66.39,66.29,66.34,11215.0,BUD
2025-05-12 09:41:00,66.23,66.29,66.22,66.29,10029.0,BUD
2025-05-12 09:40:00,66.195,66.24,66.155,66.24,7711.0,BUD
2025-05-12 09:39:00,66.07,66.185,66.07,66.185,10854.0,BUD
2025-05-12 09:38:00,66.07,66.1,66.05,66.06,19909.0,BUD
2025-05-12 09:37:00,66.01,66.09,66.0,66.055,6551.0,BUD
2025-05-12 09:36:00,66.05,66.06,65.99,65.99,16288.0,BUD
2025-05-12 09:35:00,66.14,66.15,66.05,66.05,26055.0,BUD
2025-05-12 09:34:00,66.155,66.1899,66.14,66.16,7358.0,BUD
2025-05-12 09:33:00,66.26,66.26,66.145,66.15,23410.0,BUD
2025-05-12 09:32:00,66.165,66.28,66.165,66.27,25610.0,BUD
2025-05-12 09:31:00,66.22,66.26,66.15,66.16,40458.0,BUD
2025-05-12 09:30:00,66.28,66.33,66.18,66.18,68170.0,BUD
2025-05-12 09:29:00,66.33,66.38,66.33,66.34,8645.0,BUD
2025-05-12 09:28:00,66.34,66.37,66.34,66.35,3267.0,BUD
2025-05-12 09:27:00,66.32,66.35,66.32,66.34,2274.0,BUD
2025-05-12 09:26:00,66.35,66.38,66.35,66.38,2032.0,BUD
2025-05-12 09:25:00,66.35,66.35,66.35,66.35,2175.0,BUD
2025-05-12 09:24:00,66.36,66.36,66.35,66.35,1540.0,BUD
2025-05-12 09:23:00,66.38,66.38,66.38,66.38,1000.0,BUD
2025-05-12 09:22:00,66.47,66.48,66.38,66.38,3471.0,BUD
2025-05-12 09:21:00,66.5,66.5,66.5,66.5,1152.0,BUD
2025-05-12 09:19:00,66.43,66.47,66.43,66.43,180.0,BUD
2025-05-12 09:18:00,66.47,66.4788,66.47,66.4788,350.0,BUD
2025-05-12 09:17:00,66.4,66.4,66.4,66.4,1.0,BUD
2025-05-12 09:16:00,66.43,66.43,66.43,66.43,20.0,BUD
2025-05-12 09:15:00,66.46,66.46,66.46,66.46,2300.0,BUD
2025-05-12 09:14:00,66.5,66.5,66.5,66.5,50.0,BUD
2025-05-12 09:13:00,66.52,66.52,66.51,66.51,201.0,BUD
2025-05-12 09:12:00,66.56,66.56,66.56,66.56,1.0,BUD
2025-05-12 09:11:00,66.51,66.55,66.51,66.55,3700.0,BUD
2025-05-12 09:10:00,66.48,66.48,66.48,66.48,20.0,BUD
2025-05-12 09:09:00,66.5,66.5,66.5,66.5,10.0,BUD
2025-05-12 09:05:00,66.43,66.43,66.43,66.43,150.0,BUD
2025-05-12 09:02:00,66.41,66.41,66.41,66.41,2.0,BUD
2025-05-12 09:00:00,66.42,66.42,66.42,66.42,200.0,BUD
2025-05-12 08:53:00,66.46,66.46,66.39,66.39,1005.0,BUD
2025-05-12 08:52:00,66.45,66.46,66.45,66.46,251.0,BUD
2025-05-12 08:51:00,66.47,66.47,66.46,66.46,244.0,BUD
2025-05-12 08:49:00,66.46,66.46,66.46,66.46,3.0,BUD
2025-05-12 08:45:00,66.48,66.48,66.48,66.48,238.0,BUD
2025-05-12 08:44:00,66.5,66.5,66.5,66.5,2.0,BUD
2025-05-12 08:40:00,66.48,66.53,66.48,66.53,33.0,BUD
2025-05-12 08:36:00,66.44,66.45,66.44,66.45,336.0,BUD
2025-05-12 08:32:00,66.33,66.359,66.33,66.359,201.0,BUD
2025-05-12 08:31:00,66.32,66.32,66.32,66.32,84.0,BUD
2025-05-12 08:30:00,66.31,66.31,66.31,66.31,50.0,BUD
2025-05-12 08:27:00,66.33,66.33,66.33,66.33,50.0,BUD
2025-05-12 08:26:00,66.36,66.36,66.35,66.35,203.0,BUD
2025-05-12 08:25:00,66.4,66.4,66.4,66.4,150.0,BUD
2025-05-12 08:24:00,66.38,66.38,66.37,66.37,500.0,BUD
2025-05-12 08:21:00,66.35,66.35,66.35,66.35,5.0,BUD
2025-05-12 08:18:00,66.29,66.33,66.29,66.33,406.0,BUD
2025-05-12 08:15:00,66.28,66.28,66.28,66.28,100.0,BUD
2025-05-12 08:14:00,66.3,66.3,66.3,66.3,134.0,BUD
2025-05-12 08:13:00,66.28,66.28,66.28,66.28,500.0,BUD
2025-05-12 08:11:00,66.24,66.269,66.24,66.269,2.0,BUD
2025-05-12 08:05:00,66.21,66.21,66.21,66.21,30.0,BUD
2025-05-12 08:04:00,66.27,66.27,66.27,66.27,1.0,BUD
2025-05-12 08:02:00,67.27,67.27,67.27,67.27,2.0,BUD
2025-05-12 08:01:00,68.15,68.16,67.27,67.27,608.0,BUD
2025-05-12 08:00:00,66.02,67.27,65.98,67.27,931.0,BUD
2025-05-12 07:57:00,66.25,66.25,66.25,66.25,1.0,BUD
2025-05-12 07:53:00,66.28,66.28,66.28,66.28,1200.0,BUD
2025-05-12 07:37:00,66.12,66.12,66.12,66.12,100.0,BUD
2025-05-12 07:34:00,66.09,66.09,66.09,66.09,1900.0,BUD
2025-05-12 07:33:00,66.09,66.09,66.09,66.09,352.0,BUD
2025-05-12 07:32:00,66.1,66.1,66.1,66.1,226.0,BUD
2025-05-12 07:31:00,66.09,66.11,66.09,66.11,78.0,BUD
2025-05-12 07:25:00,66.12,66.12,66.12,66.12,10.0,BUD
2025-05-12 07:24:00,66.11,66.11,66.11,66.11,75.0,BUD
2025-05-12 07:22:00,66.08,66.08,66.08,66.08,1000.0,BUD
2025-05-12 07:21:00,66.08,66.08,66.08,66.08,88.0,BUD
2025-05-12 07:20:00,66.08,66.08,66.08,66.08,1000.0,BUD
2025-05-12 07:19:00,66.11,66.11,66.11,66.11,5.0,BUD
2025-05-12 07:10:00,66.0,66.0,66.0,66.0,150.0,BUD
2025-05-12 07:02:00,66.0,66.0,66.0,66.0,4675.0,BUD
2025-05-12 07:00:00,66.0,66.0,65.89,65.9,2189.0,BUD
2025-05-12 06:48:00,65.9,65.9,65.9,65.9,150.0,BUD
2025-05-12 06:43:00,65.95,65.95,65.95,65.95,75.0,BUD
2025-05-12 06:23:00,66.02,66.02,66.02,66.02,223.0,BUD
2025-05-12 06:21:00,66.07,66.07,66.05,66.05,400.0,BUD
2025-05-12 06:18:00,66.1,66.1,66.1,66.1,1900.0,BUD
2025-05-12 06:08:00,66.19,66.19,66.19,66.19,20.0,BUD
2025-05-12 06:03:00,66.25,66.25,66.25,66.25,200.0,BUD
2025-05-12 05:56:00,66.36,66.37,66.36,66.37,1895.0,BUD
2025-05-12 05:53:00,66.31,66.31,66.31,66.31,150.0,BUD
2025-05-12 05:52:00,66.32,66.32,66.32,66.32,2.0,BUD
2025-05-12 05:48:00,66.38,66.38,66.35,66.35,475.0,BUD
2025-05-12 05:47:00,66.39,66.39,66.38,66.38,125.0,BUD
2025-05-12 05:40:00,66.32,66.32,66.32,66.32,36.0,BUD
2025-05-12 05:39:00,66.28,66.32,66.28,66.32,2500.0,BUD
2025-05-12 05:36:00,66.37,66.37,66.34,66.34,661.0,BUD
2025-05-12 05:35:00,66.4,66.4,66.4,66.4,75.0,BUD
2025-05-12 05:34:00,66.39,66.39,66.39,66.39,15.0,BUD
2025-05-12 05:33:00,66.43,66.43,66.43,66.43,333.0,BUD
2025-05-12 05:31:00,66.53,66.53,66.53,66.53,275.0,BUD
2025-05-12 05:30:00,66.54,66.56,66.47,66.47,350.0,BUD
2025-05-12 05:29:00,66.54,66.54,66.54,66.54,1185.0,BUD
2025-05-12 05:25:00,66.73,66.73,66.73,66.73,600.0,BUD
2025-05-12 05:22:00,66.77,66.77,66.77,66.77,15.0,BUD
2025-05-12 05:21:00,66.79,66.79,66.79,66.79,200.0,BUD
2025-05-12 05:09:00,66.73,66.73,66.73,66.73,1.0,BUD
2025-05-12 05:08:00,66.73,66.73,66.73,66.73,50.0,BUD
2025-05-12 05:07:00,66.73,66.73,66.73,66.73,1000.0,BUD
2025-05-12 05:01:00,66.61,66.61,66.61,66.61,333.0,BUD
2025-05-12 05:00:00,66.67,66.67,66.67,66.67,350.0,BUD
2025-05-12 04:58:00,66.74,66.74,66.74,66.74,75.0,BUD
2025-05-12 04:57:00,66.7,66.7,66.7,66.7,1100.0,BUD
2025-05-12 04:54:00,66.71,67.09,66.71,66.74,3125.0,BUD
2025-05-12 04:52:00,66.69,66.71,66.69,66.71,1100.0,BUD
2025-05-12 04:50:00,66.7,66.81,66.69,66.78,3323.0,BUD
2025-05-12 04:48:00,66.63,66.63,66.63,66.63,1930.0,BUD
2025-05-12 04:47:00,66.64,66.64,66.64,66.64,250.0,BUD
2025-05-12 04:44:00,66.72,66.72,66.72,66.72,297.0,BUD
2025-05-12 04:42:00,66.84,66.84,66.84,66.84,200.0,BUD
2025-05-12 04:41:00,66.85,66.85,66.84,66.84,2200.0,BUD
2025-05-12 04:39:00,66.89,66.89,66.89,66.89,75.0,BUD
2025-05-12 04:36:00,66.85,66.85,66.85,66.85,177.0,BUD
2025-05-12 04:34:00,66.77,66.77,66.77,66.77,75.0,BUD
2025-05-12 04:33:00,66.74,66.74,66.74,66.74,200.0,BUD
2025-05-12 04:32:00,66.72,66.72,66.72,66.72,75.0,BUD
2025-05-12 04:31:00,66.74,66.74,66.74,66.74,25.0,BUD
2025-05-12 04:30:00,66.71,66.71,66.71,66.71,150.0,BUD
2025-05-12 04:29:00,66.66,66.7,66.66,66.7,773.0,BUD
2025-05-12 04:25:00,66.57,66.57,66.57,66.57,150.0,BUD
2025-05-12 04:24:00,66.61,66.61,66.61,66.61,100.0,BUD
2025-05-12 04:22:00,66.55,66.55,66.55,66.55,90.0,BUD
2025-05-12 04:20:00,66.56,66.56,66.55,66.55,220.0,BUD
2025-05-12 04:16:00,66.53,66.56,66.53,66.56,2131.0,BUD
2025-05-12 04:14:00,66.52,66.52,66.51,66.51,74.0,BUD
2025-05-12 04:13:00,66.58,66.58,66.58,66.58,60.0,BUD
2025-05-12 04:12:00,66.63,66.63,66.63,66.63,74.0,BUD
2025-05-12 04:01:00,66.75,66.75,66.75,66.75,3.0,BUD
2025-05-09 19:21:00,67.45,67.45,67.27,67.45,13.0,BUD
2025-05-09 19:20:00,67.5,67.5,67.27,67.27,12.0,BUD
2025-05-09 19:06:00,67.27,67.27,67.27,67.27,2.0,BUD
2025-05-09 19:01:00,66.17,66.17,66.17,66.17,10.0,BUD
2025-05-09 19:00:00,67.27,67.27,67.27,67.27,79150.0,BUD
2025-05-09 18:30:00,67.27,67.27,67.27,67.27,79165.0,BUD
2025-05-09 17:46:00,67.8,67.8,67.8,67.8,2.0,BUD
2025-05-09 17:12:00,68.0,68.0,68.0,68.0,7.0,BUD
2025-05-09 16:55:00,67.39,67.39,67.39,67.39,2.0,BUD
2025-05-09 16:33:00,64.71,64.71,64.71,64.71,10.0,BUD
2025-05-09 16:10:00,67.27,67.27,67.27,67.27,79150.0,BUD
2025-05-09 16:05:00,67.27,67.27,67.27,67.27,10.0,BUD
2025-05-09 16:00:00,67.27,67.28,67.27,67.27,166893.0,BUD
2025-05-09 15:59:00,67.31,67.32,67.26,67.27,42346.0,BUD
2025-05-09 15:58:00,67.27,67.31,67.27,67.31,20015.0,BUD
2025-05-09 15:57:00,67.29,67.29,67.26,67.28,21168.0,BUD
2025-05-09 15:56:00,67.31,67.325,67.291,67.295,20375.0,BUD
2025-05-09 15:55:00,67.3443,67.3443,67.29,67.305,22871.0,BUD
2025-05-09 15:54:00,67.35,67.351,67.32,67.35,17212.0,BUD
2025-05-09 15:53:00,67.36,67.36,67.35,67.36,5535.0,BUD
2025-05-09 15:52:00,67.311,67.3678,67.311,67.3678,6092.0,BUD
2025-05-09 15:51:00,67.355,67.365,67.34,67.34,5589.0,BUD
2025-05-09 15:50:00,67.32,67.355,67.32,67.3501,13507.0,BUD
2025-05-09 15:49:00,67.32,67.33,67.29,67.33,9828.0,BUD
2025-05-09 15:48:00,67.32,67.3299,67.31,67.32,6086.0,BUD
2025-05-09 15:47:00,67.32,67.33,67.311,67.33,5510.0,BUD
2025-05-09 15:46:00,67.33,67.33,67.32,67.32,3165.0,BUD
2025-05-09 15:45:00,67.385,67.385,67.31,67.33,10727.0,BUD
2025-05-09 15:44:00,67.395,67.395,67.38,67.38,2677.0,BUD
2025-05-09 15:43:00,67.4,67.405,67.39,67.405,3964.0,BUD
2025-05-09 15:42:00,67.4,67.41,67.4,67.4,3247.0,BUD
2025-05-09 15:41:00,67.39,67.41,67.39,67.39,3204.0,BUD
2025-05-09 15:40:00,67.395,67.4,67.395,67.4,1807.0,BUD
2025-05-09 15:39:00,67.4,67.42,67.4,67.4,4469.0,BUD
2025-05-09 15:38:00,67.39,67.39,67.385,67.39,2288.0,BUD
2025-05-09 15:37:00,67.405,67.41,67.4,67.4,4327.0,BUD
2025-05-09 15:36:00,67.405,67.405,67.4,67.405,1768.0,BUD
2025-05-09 15:35:00,67.41,67.41,67.4,67.4,1496.0,BUD
2025-05-09 15:34:00,67.395,67.41,67.381,67.3901,12823.0,BUD
2025-05-09 15:33:00,67.42,67.425,67.41,67.41,2829.0,BUD
2025-05-09 15:32:00,67.41,67.42,67.41,67.42,6052.0,BUD
2025-05-09 15:31:00,67.4,67.405,67.395,67.401,4674.0,BUD
2025-05-09 15:30:00,67.42,67.42,67.39,67.395,4726.0,BUD
2025-05-09 15:29:00,67.43,67.43,67.415,67.415,2605.0,BUD
2025-05-09 15:28:00,67.435,67.44,67.43,67.43,2450.0,BUD
2025-05-09 15:27:00,67.441,67.441,67.435,67.435,1659.0,BUD
2025-05-09 15:26:00,67.45,67.45,67.44,67.44,2992.0,BUD
2025-05-09 15:25:00,67.46,67.46,67.4566,67.4566,1626.0,BUD
2025-05-09 15:24:00,67.45,67.4527,67.45,67.4527,893.0,BUD
2025-05-09 15:23:00,67.46,67.46,67.44,67.455,4401.0,BUD
2025-05-09 15:22:00,67.4904,67.4904,67.47,67.47,2664.0,BUD
2025-05-09 15:21:00,67.49,67.49,67.48,67.49,2015.0,BUD
2025-05-09 15:20:00,67.49,67.5,67.482,67.482,2317.0,BUD
2025-05-09 15:19:00,67.475,67.49,67.47,67.485,5618.0,BUD
2025-05-09 15:18:00,67.5,67.5,67.471,67.48,8410.0,BUD
2025-05-09 15:17:00,67.5,67.5,67.5,67.5,781.0,BUD
2025-05-09 15:16:00,67.51,67.51,67.51,67.51,1081.0,BUD
2025-05-09 15:15:00,67.51,67.51,67.51,67.51,1292.0,BUD
2025-05-09 15:14:00,67.51,67.51,67.51,67.51,1069.0,BUD
2025-05-09 15:13:00,67.53,67.53,67.51,67.51,3688.0,BUD
2025-05-09 15:12:00,67.53,67.53,67.52,67.53,1637.0,BUD
2025-05-09 15:11:00,67.53,67.54,67.53,67.535,4511.0,BUD
2025-05-09 15:10:00,67.53,67.54,67.53,67.5301,3769.0,BUD
2025-05-09 15:09:00,67.49,67.53,67.49,67.53,8711.0,BUD
2025-05-09 15:08:00,67.48,67.48,67.47,67.47,1322.0,BUD
2025-05-09 15:07:00,67.48,67.48,67.48,67.48,470.0,BUD
2025-05-09 15:06:00,67.48,67.48,67.47,67.47,2203.0,BUD
2025-05-09 15:05:00,67.48,67.49,67.48,67.49,1149.0,BUD
2025-05-09 15:04:00,67.475,67.48,67.475,67.4799,716.0,BUD
2025-05-09 15:03:00,67.46,67.48,67.46,67.48,2404.0,BUD
2025-05-09 15:02:00,67.465,67.465,67.46,67.46,1448.0,BUD
2025-05-09 15:01:00,67.46,67.47,67.46,67.47,1343.0,BUD
2025-05-09 15:00:00,67.49,67.49,67.465,67.465,3948.0,BUD
2025-05-09 14:59:00,67.485,67.5,67.47,67.5,9667.0,BUD
2025-05-09 14:58:00,67.48,67.4899,67.48,67.485,7874.0,BUD
2025-05-09 14:57:00,67.47,67.47,67.47,67.47,1556.0,BUD
2025-05-09 14:56:00,67.455,67.465,67.455,67.46,1306.0,BUD
2025-05-09 14:55:00,67.46,67.46,67.45,67.455,3198.0,BUD
2025-05-09 14:54:00,67.4454,67.46,67.44,67.45,3670.0,BUD
2025-05-09 14:53:00,67.47,67.4754,67.45,67.45,4294.0,BUD
2025-05-09 14:52:00,67.47,67.47,67.465,67.465,1704.0,BUD
2025-05-09 14:51:00,67.485,67.485,67.47,67.47,4171.0,BUD
2025-05-09 14:50:00,67.47,67.485,67.47,67.485,1542.0,BUD
2025-05-09 14:49:00,67.465,67.47,67.465,67.47,3011.0,BUD
2025-05-09 14:48:00,67.46,67.46,67.45,67.46,5923.0,BUD
2025-05-09 14:47:00,67.45,67.46,67.45,67.46,1639.0,BUD
2025-05-09 14:46:00,67.44,67.45,67.44,67.445,1894.0,BUD
2025-05-09 14:45:00,67.38,67.43,67.38,67.43,11687.0,BUD
2025-05-09 14:44:00,67.39,67.39,67.38,67.3801,9544.0,BUD
2025-05-09 14:43:00,67.39,67.39,67.39,67.39,579.0,BUD
2025-05-09 14:42:00,67.39,67.39,67.39,67.39,544.0,BUD
2025-05-09 14:41:00,67.39,67.4,67.39,67.39,2851.0,BUD
2025-05-09 14:40:00,67.38,67.39,67.38,67.39,2628.0,BUD
2025-05-09 14:39:00,67.37,67.37,67.37,67.37,1015.0,BUD
2025-05-09 14:38:00,67.37,67.37,67.37,67.37,3071.0,BUD
2025-05-09 14:37:00,67.36,67.3608,67.36,67.3608,1623.0,BUD
2025-05-09 14:36:00,67.36,67.37,67.36,67.37,2438.0,BUD
2025-05-09 14:35:00,67.36,67.37,67.36,67.36,2800.0,BUD
2025-05-09 14:34:00,67.37,67.38,67.37,67.38,2284.0,BUD
2025-05-09 14:33:00,67.37,67.38,67.37,67.38,1080.0,BUD
2025-05-09 14:32:00,67.35,67.355,67.35,67.355,1263.0,BUD
2025-05-09 14:31:00,67.33,67.34,67.32,67.34,3250.0,BUD
2025-05-09 14:30:00,67.36,67.37,67.32,67.335,9079.0,BUD
2025-05-09 14:29:00,67.35,67.35,67.34,67.35,2288.0,BUD
2025-05-09 14:28:00,67.365,67.3691,67.34,67.345,2691.0,BUD
2025-05-09 14:27:00,67.365,67.365,67.365,67.365,430.0,BUD
2025-05-09 14:26:00,67.37,67.37,67.37,67.37,708.0,BUD
2025-05-09 14:25:00,67.375,67.375,67.37,67.37,1803.0,BUD
2025-05-09 14:24:00,67.355,67.375,67.355,67.375,2302.0,BUD
2025-05-09 14:22:00,67.3518,67.36,67.3518,67.355,705.0,BUD
2025-05-09 14:21:00,67.37,67.3727,67.36,67.36,738.0,BUD
2025-05-09 14:20:00,67.36,67.37,67.36,67.37,976.0,BUD
2025-05-09 14:19:00,67.345,67.345,67.345,67.345,1002.0,BUD
2025-05-09 14:18:00,67.35,67.35,67.34,67.35,3212.0,BUD
2025-05-09 14:17:00,67.38,67.38,67.36,67.36,1929.0,BUD
2025-05-09 14:16:00,67.39,67.4,67.39,67.4,954.0,BUD
2025-05-09 14:14:00,67.375,67.38,67.37,67.38,4381.0,BUD
2025-05-09 14:13:00,67.36,67.375,67.36,67.375,1601.0,BUD
2025-05-09 14:12:00,67.36,67.365,67.36,67.36,1234.0,BUD
2025-05-09 14:11:00,67.35,67.37,67.35,67.36,975.0,BUD
2025-05-09 14:10:00,67.37,67.37,67.3596,67.37,1051.0,BUD
2025-05-09 14:09:00,67.36,67.3632,67.36,67.3632,1327.0,BUD
2025-05-09 14:08:00,67.37,67.37,67.36,67.36,1060.0,BUD
2025-05-09 14:07:00,67.37,67.375,67.37,67.37,2008.0,BUD
2025-05-09 14:06:00,67.38,67.38,67.38,67.38,499.0,BUD
2025-05-09 14:05:00,67.38,67.388,67.38,67.38,3667.0,BUD
2025-05-09 14:04:00,67.395,67.395,67.37,67.38,3759.0,BUD
2025-05-09 14:03:00,67.395,67.395,67.395,67.395,531.0,BUD
2025-05-09 14:02:00,67.3992,67.3992,67.3992,67.3992,500.0,BUD
2025-05-09 14:01:00,67.42,67.42,67.39,67.4,2741.0,BUD
2025-05-09 14:00:00,67.42,67.425,67.42,67.425,893.0,BUD
2025-05-09 13:59:00,67.405,67.41,67.395,67.41,1607.0,BUD
2025-05-09 13:58:00,67.41,67.415,67.4,67.4,2897.0,BUD
2025-05-09 13:57:00,67.4094,67.41,67.4,67.41,4567.0,BUD
2025-05-09 13:56:00,67.4,67.4,67.39,67.39,1234.0,BUD
2025-05-09 13:55:00,67.3935,67.4,67.3935,67.4,1303.0,BUD
2025-05-09 13:53:00,67.37,67.4,67.37,67.4,2288.0,BUD
2025-05-09 13:52:00,67.385,67.385,67.37,67.37,2679.0,BUD
2025-05-09 13:51:00,67.39,67.39,67.38,67.385,1037.0,BUD
2025-05-09 13:50:00,67.39,67.39,67.39,67.39,409.0,BUD
2025-05-09 13:49:00,67.39,67.39,67.39,67.39,225.0,BUD
2025-05-09 13:48:00,67.41,67.41,67.39,67.39,2596.0,BUD
2025-05-09 13:47:00,67.41,67.415,67.41,67.415,523.0,BUD
2025-05-09 13:45:00,67.4,67.41,67.395,67.41,2274.0,BUD
2025-05-09 13:44:00,67.405,67.405,67.405,67.405,218.0,BUD
2025-05-09 13:43:00,67.39,67.4032,67.39,67.4,4845.0,BUD
2025-05-09 13:42:00,67.39,67.4,67.39,67.4,1462.0,BUD
2025-05-09 13:41:00,67.38,67.3822,67.3792,67.3822,1599.0,BUD
2025-05-09 13:40:00,67.35,67.39,67.35,67.37,5380.0,BUD
2025-05-09 13:39:00,67.35,67.35,67.35,67.35,391.0,BUD
2025-05-09 13:38:00,67.36,67.36,67.34,67.34,1496.0,BUD
2025-05-09 13:37:00,67.39,67.39,67.36,67.36,3813.0,BUD
2025-05-09 13:36:00,67.37,67.39,67.37,67.39,1919.0,BUD
2025-05-09 13:35:00,67.369,67.37,67.369,67.37,944.0,BUD
2025-05-09 13:34:00,67.34,67.35,67.34,67.35,1122.0,BUD
2025-05-09 13:33:00,67.33,67.33,67.33,67.33,721.0,BUD
2025-05-09 13:32:00,67.33,67.33,67.33,67.33,2016.0,BUD
2025-05-09 13:31:00,67.32,67.32,67.32,67.32,824.0,BUD
2025-05-09 13:30:00,67.34,67.34,67.32,67.32,1940.0,BUD
2025-05-09 13:29:00,67.36,67.36,67.35,67.35,2166.0,BUD
2025-05-09 13:27:00,67.3601,67.3601,67.3601,67.3601,521.0,BUD
2025-05-09 13:25:00,67.355,67.36,67.355,67.36,781.0,BUD
2025-05-09 13:24:00,67.34,67.34,67.32,67.32,1375.0,BUD
2025-05-09 13:23:00,67.32,67.35,67.32,67.35,1761.0,BUD
2025-05-09 13:22:00,67.33,67.33,67.27,67.31,7298.0,BUD
2025-05-09 13:21:00,67.35,67.35,67.335,67.335,2172.0,BUD
2025-05-09 13:20:00,67.3289,67.3289,67.3289,67.3289,591.0,BUD
2025-05-09 13:19:00,67.33,67.33,67.33,67.33,686.0,BUD
2025-05-09 13:18:00,67.32,67.33,67.32,67.33,1000.0,BUD
2025-05-09 13:17:00,67.27,67.3,67.27,67.3,2027.0,BUD
2025-05-09 13:16:00,67.25,67.2658,67.24,67.26,6625.0,BUD
2025-05-09 13:14:00,67.2392,67.25,67.2392,67.25,829.0,BUD
2025-05-09 13:13:00,67.27,67.27,67.23,67.245,4270.0,BUD
2025-05-09 13:12:00,67.28,67.28,67.28,67.28,318.0,BUD
2025-05-09 13:11:00,67.28,67.28,67.28,67.28,206.0,BUD
2025-05-09 13:10:00,67.25,67.28,67.25,67.28,1639.0,BUD
2025-05-09 13:09:00,67.24,67.24,67.24,67.24,1032.0,BUD
2025-05-09 13:08:00,67.22,67.23,67.22,67.23,719.0,BUD
2025-05-09 13:07:00,67.18,67.21,67.18,67.21,3188.0,BUD
2025-05-09 13:06:00,67.19,67.19,67.18,67.18,1973.0,BUD
2025-05-09 13:05:00,67.1968,67.2,67.19,67.19,3407.0,BUD
2025-05-09 13:03:00,67.2019,67.2019,67.2,67.2,625.0,BUD
2025-05-09 13:02:00,67.22,67.22,67.2,67.2,1442.0,BUD
2025-05-09 13:00:00,67.22,67.22,67.22,67.22,243.0,BUD
2025-05-09 12:59:00,67.235,67.235,67.21,67.22,2725.0,BUD
2025-05-09 12:58:00,67.23,67.24,67.23,67.24,1485.0,BUD
2025-05-09 12:57:00,67.25,67.25,67.24,67.2432,1803.0,BUD
2025-05-09 12:56:00,67.25,67.25,67.25,67.25,255.0,BUD
2025-05-09 12:55:00,67.27,67.27,67.25,67.25,1847.0,BUD
2025-05-09 12:54:00,67.26,67.27,67.26,67.27,537.0,BUD
2025-05-09 12:52:00,67.26,67.26,67.26,67.26,445.0,BUD
2025-05-09 12:51:00,67.26,67.28,67.26,67.27,2594.0,BUD
2025-05-09 12:50:00,67.28,67.28,67.27,67.27,1057.0,BUD
2025-05-09 12:49:00,67.2802,67.2802,67.275,67.28,1388.0,BUD
2025-05-09 12:48:00,67.2928,67.2928,67.29,67.29,694.0,BUD
2025-05-09 12:47:00,67.29,67.2938,67.28,67.2938,1718.0,BUD
2025-05-09 12:46:00,67.295,67.295,67.29,67.29,1146.0,BUD
2025-05-09 12:45:00,67.3,67.3,67.27,67.3,4830.0,BUD
2025-05-09 12:44:00,67.32,67.34,67.32,67.32,3085.0,BUD
2025-05-09 12:43:00,67.32,67.33,67.32,67.33,1864.0,BUD
2025-05-09 12:42:00,67.375,67.375,67.32,67.33,1897.0,BUD
2025-05-09 12:41:00,67.38,67.38,67.38,67.38,467.0,BUD
2025-05-09 12:40:00,67.37,67.38,67.36,67.38,1757.0,BUD
2025-05-09 12:39:00,67.4,67.4,67.37,67.37,2796.0,BUD
2025-05-09 12:38:00,67.4068,67.4199,67.4068,67.4199,601.0,BUD
2025-05-09 12:37:00,67.41,67.41,67.403,67.41,1567.0,BUD
2025-05-09 12:36:00,67.3762,67.4,67.37,67.4,3393.0,BUD
2025-05-09 12:35:00,67.34,67.365,67.34,67.36,1961.0,BUD
2025-05-09 12:34:00,67.34,67.34,67.335,67.335,1790.0,BUD
2025-05-09 12:33:00,67.35,67.35,67.3453,67.3453,1076.0,BUD
2025-05-09 12:32:00,67.36,67.36,67.3339,67.35,1317.0,BUD
2025-05-09 12:31:00,67.39,67.39,67.37,67.37,2147.0,BUD
2025-05-09 12:30:00,67.3803,67.39,67.3803,67.39,654.0,BUD
2025-05-09 12:29:00,67.39,67.41,67.39,67.39,1783.0,BUD
2025-05-09 12:28:00,67.4101,67.4101,67.38,67.38,1316.0,BUD
2025-05-09 12:27:00,67.44,67.445,67.41,67.41,3159.0,BUD
2025-05-09 12:26:00,67.45,67.45,67.45,67.45,418.0,BUD
2025-05-09 12:25:00,67.47,67.47,67.45,67.45,3044.0,BUD
2025-05-09 12:24:00,67.46,67.47,67.46,67.46,2036.0,BUD
2025-05-09 12:23:00,67.47,67.47,67.46,67.46,1943.0,BUD
2025-05-09 12:22:00,67.48,67.48,67.475,67.475,550.0,BUD
2025-05-09 12:21:00,67.47,67.47,67.465,67.465,444.0,BUD
2025-05-09 12:20:00,67.47,67.47,67.45,67.4698,4104.0,BUD
2025-05-09 12:19:00,67.475,67.48,67.475,67.48,814.0,BUD
2025-05-09 12:18:00,67.46,67.46,67.46,67.46,859.0,BUD
2025-05-09 12:17:00,67.47,67.47,67.46,67.46,324.0,BUD
2025-05-09 12:16:00,67.46,67.465,67.455,67.455,1429.0,BUD
2025-05-09 12:15:00,67.45,67.45,67.44,67.45,1695.0,BUD
2025-05-09 12:14:00,67.43,67.44,67.43,67.44,746.0,BUD
2025-05-09 12:13:00,67.4059,67.42,67.4059,67.42,388.0,BUD
2025-05-09 12:12:00,67.4142,67.4142,67.404,67.404,1365.0,BUD
2025-05-09 12:11:00,67.41,67.4126,67.41,67.4126,1516.0,BUD
2025-05-09 12:09:00,67.4,67.41,67.4,67.41,994.0,BUD
2025-05-09 12:08:00,67.41,67.41,67.41,67.41,1477.0,BUD
2025-05-09 12:07:00,67.4,67.41,67.4,67.41,1756.0,BUD
2025-05-09 12:06:00,67.37,67.39,67.37,67.39,809.0,BUD
2025-05-09 12:05:00,67.37,67.37,67.3661,67.3661,1120.0,BUD
2025-05-09 12:04:00,67.41,67.41,67.37,67.37,1728.0,BUD
2025-05-09 12:02:00,67.43,67.435,67.42,67.435,1464.0,BUD
2025-05-09 12:01:00,67.44,67.44,67.44,67.44,891.0,BUD
2025-05-09 12:00:00,67.47,67.47,67.45,67.45,1718.0,BUD
2025-05-09 11:59:00,67.48,67.48,67.475,67.48,2291.0,BUD
2025-05-09 11:57:00,67.465,67.465,67.4647,67.4647,1099.0,BUD
2025-05-09 11:55:00,67.47,67.47,67.46,67.46,3907.0,BUD
2025-05-09 11:54:00,67.48,67.49,67.48,67.48,1573.0,BUD
2025-05-09 11:53:00,67.47,67.473,67.47,67.473,444.0,BUD
2025-05-09 11:52:00,67.435,67.47,67.435,67.47,2190.0,BUD
2025-05-09 11:51:00,67.42,67.4391,67.42,67.435,1315.0,BUD
2025-05-09 11:50:00,67.43,67.43,67.43,67.43,459.0,BUD
2025-05-09 11:49:00,67.435,67.435,67.435,67.435,498.0,BUD
2025-05-09 11:48:00,67.41,67.43,67.41,67.43,1640.0,BUD
2025-05-09 11:47:00,67.405,67.405,67.405,67.405,653.0,BUD
2025-05-09 11:46:00,67.42,67.42,67.39,67.39,1845.0,BUD
2025-05-09 11:45:00,67.39,67.4,67.39,67.4,2469.0,BUD
2025-05-09 11:44:00,67.39,67.39,67.367,67.39,2130.0,BUD
2025-05-09 11:43:00,67.375,67.375,67.375,67.375,786.0,BUD
2025-05-09 11:42:00,67.3758,67.38,67.36,67.36,1404.0,BUD
2025-05-09 11:41:00,67.37,67.37,67.365,67.365,1915.0,BUD
2025-05-09 11:40:00,67.37,67.37,67.35,67.35,1704.0,BUD
2025-05-09 11:39:00,67.37,67.37,67.36,67.365,1091.0,BUD
2025-05-09 11:38:00,67.35,67.365,67.35,67.365,535.0,BUD
2025-05-09 11:37:00,67.33,67.34,67.33,67.34,1033.0,BUD
2025-05-09 11:34:00,67.22,67.35,67.22,67.33,21147.0,BUD
2025-05-09 11:33:00,67.21,67.21,67.21,67.21,955.0,BUD
2025-05-09 11:32:00,67.18,67.2,67.18,67.2,1046.0,BUD
2025-05-09 11:31:00,67.175,67.2,67.175,67.175,1882.0,BUD
2025-05-09 11:30:00,67.23,67.23,67.18,67.18,2204.0,BUD
2025-05-09 11:29:00,67.195,67.22,67.195,67.21,1738.0,BUD
2025-05-09 11:28:00,67.2,67.2,67.19,67.19,1370.0,BUD
2025-05-09 11:27:00,67.21,67.21,67.19,67.19,2392.0,BUD
2025-05-09 11:26:00,67.23,67.23,67.19,67.21,12206.0,BUD
2025-05-09 11:25:00,67.16,67.23,67.16,67.23,4474.0,BUD
2025-05-09 11:24:00,67.15,67.165,67.14,67.16,2259.0,BUD
2025-05-09 11:23:00,67.15,67.16,67.14,67.14,5382.0,BUD
2025-05-09 11:22:00,67.155,67.17,67.13,67.13,8368.0,BUD
2025-05-09 11:21:00,67.175,67.175,67.15,67.15,8518.0,BUD
2025-05-09 11:20:00,67.2,67.23,67.18,67.18,19803.0,BUD
2025-05-09 11:19:00,67.23,67.235,67.2,67.21,11339.0,BUD
2025-05-09 11:18:00,67.24,67.26,67.23,67.23,9893.0,BUD
2025-05-09 11:17:00,67.265,67.265,67.24,67.24,2563.0,BUD
2025-05-09 11:16:00,67.27,67.27,67.265,67.265,614.0,BUD
2025-05-09 11:15:00,67.265,67.265,67.265,67.265,229.0,BUD
2025-05-09 11:14:00,67.2608,67.2608,67.2608,67.2608,396.0,BUD
2025-05-09 11:13:00,67.26,67.28,67.26,67.28,971.0,BUD
2025-05-09 11:12:00,67.29,67.29,67.27,67.27,1547.0,BUD
2025-05-09 11:11:00,67.31,67.31,67.3,67.3,1580.0,BUD
2025-05-09 11:10:00,67.32,67.33,67.32,67.32,988.0,BUD
2025-05-09 11:09:00,67.3,67.3099,67.3,67.3017,2936.0,BUD
2025-05-09 11:08:00,67.3,67.3,67.285,67.3,1441.0,BUD
2025-05-09 11:07:00,67.34,67.35,67.31,67.31,2689.0,BUD
2025-05-09 11:06:00,67.335,67.34,67.33,67.34,1521.0,BUD
2025-05-09 11:05:00,67.31,67.335,67.31,67.335,1906.0,BUD
2025-05-09 11:04:00,67.3079,67.3079,67.3079,67.3079,725.0,BUD
2025-05-09 11:03:00,67.26,67.3,67.26,67.3,1611.0,BUD
2025-05-09 11:02:00,67.26,67.27,67.26,67.27,3705.0,BUD
2025-05-09 11:01:00,67.26,67.26,67.24,67.25,1271.0,BUD
2025-05-09 11:00:00,67.25,67.28,67.25,67.27,3518.0,BUD
2025-05-09 10:59:00,67.25,67.26,67.2401,67.245,13137.0,BUD
2025-05-09 10:58:00,67.24,67.25,67.24,67.245,4858.0,BUD
2025-05-09 10:57:00,67.26,67.27,67.19,67.235,10199.0,BUD
2025-05-09 10:56:00,67.24,67.265,67.24,67.2617,5283.0,BUD
2025-05-09 10:55:00,67.2,67.23,67.2,67.23,2210.0,BUD
2025-05-09 10:54:00,67.22,67.22,67.2,67.21,2636.0,BUD
2025-05-09 10:53:00,67.195,67.21,67.195,67.21,6401.0,BUD
2025-05-09 10:52:00,67.22,67.22,67.18,67.185,2284.0,BUD
2025-05-09 10:51:00,67.23,67.24,67.23,67.24,2112.0,BUD
2025-05-09 10:50:00,67.29,67.29,67.27,67.27,1806.0,BUD
2025-05-09 10:49:00,67.31,67.33,67.3,67.3,1395.0,BUD
2025-05-09 10:48:00,67.32,67.32,67.29,67.31,8128.0,BUD
2025-05-09 10:47:00,67.34,67.34,67.33,67.33,1379.0,BUD
2025-05-09 10:46:00,67.325,67.34,67.32,67.34,3668.0,BUD
2025-05-09 10:45:00,67.315,67.33,67.315,67.33,2800.0,BUD
2025-05-09 10:44:00,67.31,67.31,67.31,67.31,547.0,BUD
2025-05-09 10:43:00,67.3,67.31,67.29,67.29,6631.0,BUD
2025-05-09 10:42:00,67.32,67.32,67.29,67.3,8312.0,BUD
2025-05-09 10:41:00,67.33,67.345,67.33,67.33,4096.0,BUD
2025-05-09 10:40:00,67.32,67.35,67.315,67.33,10335.0,BUD
2025-05-09 10:39:00,67.33,67.345,67.33,67.33,3553.0,BUD
2025-05-09 10:38:00,67.305,67.32,67.3,67.32,3742.0,BUD
2025-05-09 10:37:00,67.27,67.315,67.27,67.315,6200.0,BUD
2025-05-09 10:36:00,67.37,67.38,67.31,67.31,56475.0,BUD
2025-05-09 10:35:00,67.4,67.4,67.37,67.38,2256.0,BUD
2025-05-09 10:34:00,67.3852,67.39,67.38,67.39,1917.0,BUD
2025-05-09 10:33:00,67.37,67.4,67.37,67.39,1600.0,BUD
2025-05-09 10:32:00,67.36,67.36,67.34,67.35,4746.0,BUD
2025-05-09 10:31:00,67.36,67.38,67.36,67.37,1010.0,BUD
2025-05-09 10:30:00,67.345,67.36,67.345,67.36,1148.0,BUD
2025-05-09 10:29:00,67.35,67.36,67.33,67.35,4067.0,BUD
2025-05-09 10:28:00,67.3,67.35,67.3,67.35,2339.0,BUD
2025-05-09 10:27:00,67.29,67.32,67.29,67.32,4915.0,BUD
2025-05-09 10:26:00,67.29,67.29,67.29,67.29,2130.0,BUD
2025-05-09 10:25:00,67.26,67.3099,67.25,67.26,7319.0,BUD
2025-05-09 10:24:00,67.24,67.26,67.24,67.26,4993.0,BUD
2025-05-09 10:23:00,67.22,67.24,67.22,67.235,3998.0,BUD
2025-05-09 10:22:00,67.2,67.21,67.19,67.21,1945.0,BUD
2025-05-09 10:21:00,67.18,67.2,67.175,67.2,5549.0,BUD
2025-05-09 10:20:00,67.21,67.21,67.18,67.19,104803.0,BUD
2025-05-09 10:19:00,67.22,67.25,67.22,67.22,102107.0,BUD
2025-05-09 10:18:00,67.21,67.22,67.21,67.22,358655.0,BUD
2025-05-09 10:17:00,67.18,67.215,67.18,67.215,208744.0,BUD
2025-05-09 10:16:00,67.17,67.2,67.17,67.19,2141.0,BUD
2025-05-09 10:15:00,67.16,67.16,67.15,67.15,2735.0,BUD
2025-05-09 10:14:00,67.14,67.17,67.14,67.17,5094.0,BUD
2025-05-09 10:13:00,67.12,67.12,67.11,67.12,3285.0,BUD
2025-05-09 10:12:00,67.0779,67.1,67.0779,67.09,2634.0,BUD
2025-05-09 10:11:00,67.09,67.09,67.07,67.07,1663.0,BUD
2025-05-09 10:10:00,67.05,67.095,67.05,67.09,6914.0,BUD
2025-05-09 10:09:00,67.04,67.05,67.04,67.045,1777.0,BUD
2025-05-09 10:08:00,67.06,67.06,67.04,67.045,2249.0,BUD
2025-05-09 10:07:00,67.03,67.07,67.0201,67.065,15199.0,BUD
2025-05-09 10:06:00,67.04,67.04,67.0,67.0297,7582.0,BUD
2025-05-09 10:05:00,67.01,67.03,67.0,67.03,3523.0,BUD
2025-05-09 10:04:00,67.0,67.01,67.0,67.01,1058.0,BUD
2025-05-09 10:03:00,66.97,66.99,66.97,66.985,5392.0,BUD
2025-05-09 10:02:00,66.97,66.98,66.94,66.965,29859.0,BUD
2025-05-09 10:01:00,66.96,66.98,66.945,66.945,1817.0,BUD
2025-05-09 10:00:00,66.98,66.98,66.94,66.96,9348.0,BUD
2025-05-09 09:59:00,66.96,66.99,66.96,66.96,7420.0,BUD
2025-05-09 09:58:00,66.94,66.95,66.9272,66.945,2171.0,BUD
2025-05-09 09:57:00,66.95,66.95,66.94,66.95,960.0,BUD
2025-05-09 09:56:00,67.0,67.0,66.97,66.97,1561.0,BUD
2025-05-09 09:55:00,67.02,67.0395,67.02,67.02,1354.0,BUD
2025-05-09 09:54:00,67.06,67.065,67.01,67.015,13576.0,BUD
2025-05-09 09:53:00,67.04,67.05,67.03,67.042,3779.0,BUD
2025-05-09 09:52:00,67.035,67.035,67.0216,67.03,1683.0,BUD
2025-05-09 09:51:00,67.01,67.0239,66.97,67.0239,2311.0,BUD
2025-05-09 09:50:00,67.02,67.02,67.0,67.01,2961.0,BUD
2025-05-09 09:49:00,66.97,67.0,66.97,67.0,2161.0,BUD
2025-05-09 09:48:00,66.935,66.96,66.935,66.96,4240.0,BUD
2025-05-09 09:47:00,66.965,66.965,66.945,66.945,1336.0,BUD
2025-05-09 09:46:00,66.95,66.96,66.91,66.95,287174.0,BUD
2025-05-09 09:45:00,66.94,66.94,66.89,66.91,7641.0,BUD
2025-05-09 09:44:00,66.99,66.99,66.93,66.93,2793.0,BUD
2025-05-09 09:43:00,67.05,67.05,66.99,67.0,3884.0,BUD
2025-05-09 09:42:00,67.08,67.11,67.04,67.06,27190.0,BUD
2025-05-09 09:41:00,67.16,67.16,67.08,67.08,3590.0,BUD
2025-05-09 09:40:00,67.26,67.27,67.2,67.2,6292.0,BUD
2025-05-09 09:39:00,67.26,67.2996,67.245,67.27,11497.0,BUD
2025-05-09 09:38:00,67.23,67.25,67.23,67.25,908.0,BUD
2025-05-09 09:37:00,67.23,67.25,67.21,67.24,13826.0,BUD
2025-05-09 09:36:00,67.3,67.31,67.21,67.23,27519.0,BUD
2025-05-09 09:35:00,67.27,67.36,67.25,67.305,13737.0,BUD
2025-05-09 09:34:00,67.26,67.28,67.25,67.28,4433.0,BUD
2025-05-09 09:33:00,67.12,67.25,67.12,67.25,17131.0,BUD
2025-05-09 09:32:00,67.2,67.2,67.12,67.14,6892.0,BUD
2025-05-09 09:31:00,67.17,67.28,67.16,67.215,31173.0,BUD
2025-05-09 09:30:00,67.19,67.23,67.16,67.17,29514.0,BUD
2025-05-09 09:26:00,67.23,67.23,67.23,67.23,36.0,BUD
2025-05-09 09:20:00,67.2348,67.2348,67.2348,67.2348,1.0,BUD
2025-05-09 09:08:00,67.17,67.17,67.17,67.17,25.0,BUD
2025-05-09 08:52:00,67.09,67.09,67.09,67.09,8.0,BUD
2025-05-09 08:47:00,67.14,67.14,67.14,67.14,1.0,BUD
2025-05-09 08:45:00,67.09,67.09,67.09,67.09,49.0,BUD
2025-05-09 08:43:00,67.12,67.12,67.12,67.12,160.0,BUD
2025-05-09 08:39:00,67.05,67.05,67.05,67.05,100.0,BUD
2025-05-09 08:34:00,67.02,67.02,67.02,67.02,100.0,BUD
2025-05-09 08:24:00,67.05,67.05,67.05,67.05,1.0,BUD
2025-05-09 08:22:00,67.06,67.06,67.06,67.06,110.0,BUD
2025-05-09 08:17:00,67.09,67.09,67.09,67.09,1.0,BUD
2025-05-09 08:16:00,67.09,67.09,67.09,67.09,100.0,BUD
2025-05-09 08:12:00,67.1093,67.1093,67.1093,67.1093,14.0,BUD
2025-05-09 08:11:00,67.13,67.13,67.12,67.12,101.0,BUD
2025-05-09 08:09:00,67.1599,67.1599,67.1599,67.1599,7.0,BUD
2025-05-09 08:08:00,67.1999,67.1999,67.1513,67.1513,3.0,BUD
2025-05-09 08:05:00,67.1696,67.1696,67.1696,67.1696,1.0,BUD
2025-05-09 08:02:00,67.0,67.0,67.0,67.0,1.0,BUD
2025-05-09 08:00:00,67.3596,67.3596,67.1508,67.3,70.0,BUD
2025-05-09 07:53:00,67.11,67.15,67.11,67.15,450.0,BUD
2025-05-09 07:52:00,67.11,67.11,67.11,67.11,600.0,BUD
2025-05-09 07:40:00,67.15,67.15,67.15,67.15,100.0,BUD
2025-05-09 07:39:00,67.15,67.15,67.15,67.15,10.0,BUD
2025-05-09 07:26:00,67.2,67.2,67.16,67.16,2259.0,BUD
2025-05-09 07:22:00,67.24,67.24,67.24,67.24,2090.0,BUD
2025-05-09 07:19:00,67.36,67.36,67.36,67.36,200.0,BUD
2025-05-09 07:05:00,67.29,67.29,67.29,67.29,1.0,BUD
2025-05-09 07:04:00,67.3,67.3,67.3,67.3,200.0,BUD
2025-05-09 07:00:00,67.27,67.27,67.27,67.27,200.0,BUD
2025-05-09 06:55:00,67.3,67.3,67.3,67.3,75.0,BUD
2025-05-09 06:49:00,67.31,67.31,67.31,67.31,75.0,BUD
2025-05-09 06:42:00,67.41,67.41,67.41,67.41,75.0,BUD
2025-05-09 06:41:00,67.4,67.4,67.4,67.4,2075.0,BUD
2025-05-09 05:57:00,67.27,67.27,67.27,67.27,100.0,BUD
2025-05-09 05:33:00,67.2,67.2,67.2,67.2,10.0,BUD
2025-05-09 05:23:00,67.18,67.18,67.18,67.18,1.0,BUD
2025-05-09 05:00:00,67.09,67.09,67.09,67.09,25.0,BUD
2025-05-09 04:53:00,67.14,67.14,67.14,67.14,22.0,BUD
2025-05-09 04:52:00,67.13,67.13,67.13,67.13,50.0,BUD
2025-05-09 04:19:00,67.0,67.0,67.0,67.0,100.0,BUD
2025-05-08 19:53:00,67.2897,67.3499,67.2897,67.3499,2.0,BUD
2025-05-08 19:07:00,67.42,67.42,67.42,67.42,2.0,BUD
2025-05-08 19:00:00,67.0,67.0,67.0,67.0,150244.0,BUD
2025-05-08 18:51:00,67.42,67.42,67.42,67.42,6.0,BUD
2025-05-08 18:33:00,67.42,67.42,67.42,67.42,100.0,BUD
2025-05-08 18:30:00,67.0,67.0,67.0,67.0,150244.0,BUD
2025-05-08 18:09:00,67.42,67.42,67.42,67.42,50.0,BUD
2025-05-08 18:04:00,67.42,67.42,67.42,67.42,16.0,BUD
2025-05-08 17:51:00,64.94,64.94,64.94,64.94,1.0,BUD
2025-05-08 17:43:00,67.42,67.42,67.42,67.42,2.0,BUD
2025-05-08 17:02:00,67.44,67.44,67.44,67.44,50.0,BUD
2025-05-08 16:54:00,67.44,67.44,67.44,67.44,1.0,BUD
2025-05-08 16:53:00,67.5685,67.569,67.5685,67.569,101.0,BUD
2025-05-08 16:52:00,67.26,67.26,67.26,67.26,10.0,BUD
2025-05-08 16:35:00,67.5,67.5,67.5,67.5,1.0,BUD
2025-05-08 16:32:00,66.36,67.9,66.36,67.9,4.0,BUD
2025-05-08 16:27:00,66.36,66.36,66.36,66.36,1.0,BUD
2025-05-08 16:13:00,67.0,67.0,67.0,67.0,1.0,BUD
2025-05-08 16:10:00,67.0,67.0,66.3601,66.3601,150247.0,BUD
2025-05-08 16:05:00,67.0,67.0,67.0,67.0,9.0,BUD
2025-05-08 16:04:00,67.0,67.0,67.0,67.0,174.0,BUD
2025-05-08 16:03:00,66.36,66.36,66.36,66.36,2.0,BUD
2025-05-08 16:00:00,67.01,67.02,67.0,67.0,309475.0,BUD
2025-05-08 15:59:00,67.105,67.11,66.99,67.01,65372.0,BUD
2025-05-08 15:58:00,67.085,67.12,67.08,67.105,43817.0,BUD
2025-05-08 15:57:00,67.12,67.12,67.06,67.085,31345.0,BUD
2025-05-08 15:56:00,67.125,67.145,67.11,67.12,41530.0,BUD
2025-05-08 15:55:00,67.15,67.1563,67.12,67.125,26651.0,BUD
2025-05-08 15:54:00,67.14,67.2,67.13,67.15,39492.0,BUD
2025-05-08 15:53:00,67.13,67.15,67.13,67.15,8443.0,BUD
2025-05-08 15:52:00,67.15,67.175,67.13,67.13,10662.0,BUD
2025-05-08 15:51:00,67.19,67.2,67.16,67.16,12499.0,BUD
2025-05-08 15:50:00,67.23,67.23,67.185,67.2,9457.0,BUD
2025-05-08 15:49:00,67.19,67.23,67.19,67.22,13932.0,BUD
2025-05-08 15:48:00,67.17,67.19,67.165,67.19,7589.0,BUD
2025-05-08 15:47:00,67.18,67.18,67.16,67.17,9160.0,BUD
2025-05-08 15:46:00,67.22,67.22,67.19,67.19,7926.0,BUD
2025-05-08 15:45:00,67.24,67.24,67.2,67.22,14739.0,BUD
2025-05-08 15:44:00,67.265,67.28,67.21,67.24,31846.0,BUD
2025-05-08 15:43:00,67.26,67.27,67.255,67.26,5606.0,BUD
2025-05-08 15:42:00,67.27,67.27,67.25,67.26,11763.0,BUD
2025-05-08 15:41:00,67.26,67.28,67.26,67.27,8408.0,BUD
2025-05-08 15:40:00,67.26,67.26,67.24,67.25,7858.0,BUD
2025-05-08 15:39:00,67.31,67.31,67.27,67.27,9870.0,BUD
2025-05-08 15:38:00,67.3,67.34,67.3,67.31,14320.0,BUD
2025-05-08 15:37:00,67.315,67.335,67.3,67.3,15368.0,BUD
2025-05-08 15:36:00,67.33,67.33,67.305,67.315,19073.0,BUD
2025-05-08 15:35:00,67.3,67.34,67.29,67.33,7732.0,BUD
2025-05-08 15:34:00,67.285,67.3,67.27,67.3,7971.0,BUD
2025-05-08 15:33:00,67.28,67.29,67.27,67.285,9761.0,BUD
2025-05-08 15:32:00,67.3,67.3,67.28,67.28,5888.0,BUD
2025-05-08 15:31:00,67.365,67.37,67.276,67.29,34772.0,BUD
2025-05-08 15:30:00,67.33,67.37,67.31,67.36,29685.0,BUD
2025-05-08 15:29:00,67.3,67.33,67.285,67.33,32924.0,BUD
2025-05-08 15:28:00,67.3,67.31,67.3,67.3,1337.0,BUD
2025-05-08 15:27:00,67.25,67.295,67.25,67.295,24932.0,BUD
2025-05-08 15:26:00,67.27,67.27,67.24,67.25,12309.0,BUD
2025-05-08 15:25:00,67.25,67.27,67.25,67.27,3080.0,BUD
2025-05-08 15:24:00,67.235,67.25,67.235,67.24,6727.0,BUD
2025-05-08 15:23:00,67.245,67.245,67.23,67.23,4556.0,BUD
2025-05-08 15:22:00,67.23,67.24,67.19,67.24,14673.0,BUD
2025-05-08 15:21:00,67.25,67.255,67.23,67.23,16443.0,BUD
2025-05-08 15:20:00,67.22,67.26,67.22,67.255,25941.0,BUD
2025-05-08 15:19:00,67.145,67.22,67.145,67.22,6821.0,BUD
2025-05-08 15:18:00,67.12,67.15,67.11,67.1418,18347.0,BUD
2025-05-08 15:17:00,67.11,67.12,67.11,67.12,4261.0,BUD
2025-05-08 15:16:00,67.1,67.115,67.1,67.11,4888.0,BUD
2025-05-08 15:15:00,67.09,67.13,67.09,67.1,10549.0,BUD
2025-05-08 15:14:00,67.07,67.09,67.065,67.09,8240.0,BUD
2025-05-08 15:13:00,67.075,67.1,67.065,67.07,8931.0,BUD
2025-05-08 15:12:00,67.06,67.09,67.06,67.075,6438.0,BUD
2025-05-08 15:11:00,67.03,67.07,67.03,67.05,8841.0,BUD
2025-05-08 15:10:00,66.985,67.02,66.98,67.02,7181.0,BUD
2025-05-08 15:09:00,66.98,66.985,66.98,66.985,2081.0,BUD
2025-05-08 15:08:00,67.0,67.01,66.98,66.98,16774.0,BUD
2025-05-08 15:07:00,66.99,67.005,66.99,67.0,4005.0,BUD
2025-05-08 15:06:00,66.99,66.99,66.99,66.99,1917.0,BUD
2025-05-08 15:05:00,66.99,66.995,66.98,66.995,6488.0,BUD
2025-05-08 15:04:00,66.965,66.98,66.955,66.9796,6412.0,BUD
2025-05-08 15:03:00,67.01,67.01,66.965,66.965,7664.0,BUD
2025-05-08 15:02:00,67.01,67.02,67.01,67.01,3004.0,BUD
2025-05-08 15:01:00,67.0,67.02,66.99,67.02,8670.0,BUD
2025-05-08 15:00:00,67.05,67.05,67.01,67.02,7381.0,BUD
2025-05-08 14:59:00,67.18,67.185,67.04,67.06,15134.0,BUD
2025-05-08 14:58:00,67.2,67.2,67.18,67.19,34805.0,BUD
2025-05-08 14:57:00,67.18,67.22,67.18,67.2,12525.0,BUD
2025-05-08 14:56:00,67.18,67.18,67.16,67.18,10041.0,BUD
2025-05-08 14:55:00,67.14,67.19,67.14,67.19,6508.0,BUD
2025-05-08 14:54:00,67.16,67.17,67.14,67.14,12643.0,BUD
2025-05-08 14:53:00,67.17,67.2,67.12,67.16,75811.0,BUD
2025-05-08 14:52:00,67.15,67.18,67.14,67.18,10118.0,BUD
2025-05-08 14:51:00,67.1,67.14,67.1,67.125,5015.0,BUD
2025-05-08 14:50:00,67.075,67.1,67.05,67.1,5255.0,BUD
2025-05-08 14:49:00,67.05,67.1,67.04,67.0749,15894.0,BUD
2025-05-08 14:48:00,67.04,67.06,67.02,67.0453,10416.0,BUD
2025-05-08 14:47:00,67.0,67.09,66.99,67.04,51760.0,BUD
2025-05-08 14:46:00,66.95,67.01,66.95,66.99,43722.0,BUD
2025-05-08 14:45:00,66.93,66.96,66.915,66.95,20000.0,BUD
2025-05-08 14:44:00,66.925,66.9253,66.925,66.925,1552.0,BUD
2025-05-08 14:43:00,66.93,66.93,66.915,66.93,4299.0,BUD
2025-05-08 14:42:00,66.94,66.94,66.91,66.93,8749.0,BUD
2025-05-08 14:41:00,66.97,66.98,66.94,66.94,16882.0,BUD
2025-05-08 14:40:00,66.965,66.97,66.965,66.97,2393.0,BUD
2025-05-08 14:39:00,66.975,66.975,66.96,66.97,4583.0,BUD
2025-05-08 14:38:00,66.97,66.975,66.97,66.975,2757.0,BUD
2025-05-08 14:37:00,66.97,66.975,66.97,66.975,1603.0,BUD
2025-05-08 14:36:00,66.97,66.975,66.97,66.975,3297.0,BUD
2025-05-08 14:35:00,66.9799,66.9799,66.97,66.975,3082.0,BUD
2025-05-08 14:34:00,66.97,66.98,66.97,66.975,2285.0,BUD
2025-05-08 14:33:00,66.965,66.985,66.965,66.98,5434.0,BUD
2025-05-08 14:32:00,66.975,66.99,66.96,66.96,12238.0,BUD
2025-05-08 14:31:00,66.955,66.97,66.95,66.97,3545.0,BUD
2025-05-08 14:30:00,66.94,66.945,66.94,66.945,2242.0,BUD
2025-05-08 14:29:00,66.925,66.935,66.925,66.93,3121.0,BUD
2025-05-08 14:28:00,66.925,66.93,66.92,66.925,6011.0,BUD
2025-05-08 14:27:00,66.935,66.945,66.925,66.925,14185.0,BUD
2025-05-08 14:26:00,66.945,66.945,66.93,66.93,4234.0,BUD
2025-05-08 14:25:00,66.93,66.94,66.92,66.94,7455.0,BUD
2025-05-08 14:24:00,66.935,66.94,66.925,66.93,4816.0,BUD
2025-05-08 14:23:00,66.94,66.94,66.91,66.92,8294.0,BUD
2025-05-08 14:22:00,66.94,66.94,66.93,66.93,2840.0,BUD
2025-05-08 14:21:00,66.94,66.95,66.9333,66.9333,846.0,BUD
2025-05-08 14:20:00,66.93,66.94,66.9201,66.94,3539.0,BUD
2025-05-08 14:19:00,66.93,66.93,66.92,66.925,5612.0,BUD
2025-05-08 14:18:00,66.92,66.94,66.92,66.93,3677.0,BUD
2025-05-08 14:17:00,66.935,66.96,66.92,66.93,15987.0,BUD
2025-05-08 14:16:00,66.935,66.935,66.935,66.935,1253.0,BUD
2025-05-08 14:15:00,66.915,66.935,66.915,66.935,2585.0,BUD
2025-05-08 14:14:00,66.915,66.9165,66.915,66.915,1218.0,BUD
2025-05-08 14:13:00,66.91,66.92,66.9027,66.915,3656.0,BUD
2025-05-08 14:12:00,66.88,66.905,66.88,66.905,727.0,BUD
2025-05-08 14:11:00,66.905,66.905,66.86,66.87,10701.0,BUD
2025-05-08 14:10:00,66.89,66.914,66.89,66.905,4443.0,BUD
2025-05-08 14:09:00,66.87,66.89,66.8612,66.89,4345.0,BUD
2025-05-08 14:08:00,66.86,66.88,66.86,66.86,3973.0,BUD
2025-05-08 14:07:00,66.825,66.85,66.825,66.85,3679.0,BUD
2025-05-08 14:06:00,66.825,66.825,66.82,66.825,977.0,BUD
2025-05-08 14:05:00,66.8001,66.82,66.8001,66.82,4120.0,BUD
2025-05-08 14:04:00,66.795,66.8099,66.795,66.8,4813.0,BUD
2025-05-08 14:03:00,66.81,66.81,66.8,66.8,3767.0,BUD
2025-05-08 14:02:00,66.84,66.85,66.82,66.82,3732.0,BUD
2025-05-08 14:01:00,66.84,66.8408,66.82,66.83,11015.0,BUD
2025-05-08 14:00:00,66.82,66.84,66.81,66.84,10195.0,BUD
2025-05-08 13:59:00,66.83,66.83,66.83,66.83,834.0,BUD
2025-05-08 13:58:00,66.83,66.83,66.82,66.83,6893.0,BUD
2025-05-08 13:57:00,66.83,66.84,66.82,66.83,4914.0,BUD
2025-05-08 13:56:00,66.865,66.87,66.84,66.84,6115.0,BUD
2025-05-08 13:55:00,66.9,66.9,66.86,66.865,6048.0,BUD
2025-05-08 13:54:00,66.88,66.8908,66.88,66.89,1656.0,BUD
2025-05-08 13:53:00,66.87,66.87,66.87,66.87,614.0,BUD
2025-05-08 13:52:00,66.84,66.87,66.84,66.87,3494.0,BUD
2025-05-08 13:51:00,66.835,66.835,66.82,66.82,3602.0,BUD
2025-05-08 13:50:00,66.82,66.86,66.82,66.835,6048.0,BUD
2025-05-08 13:49:00,66.82,66.83,66.81,66.81,5039.0,BUD
2025-05-08 13:48:00,66.82,66.82,66.81,66.82,3100.0,BUD
2025-05-08 13:46:00,66.83,66.83,66.805,66.8227,7946.0,BUD
2025-05-08 13:45:00,66.84,66.84,66.84,66.84,1691.0,BUD
2025-05-08 13:44:00,66.83,66.85,66.83,66.85,2542.0,BUD
2025-05-08 13:43:00,66.84,66.87,66.84,66.84,6613.0,BUD
2025-05-08 13:42:00,66.81,66.85,66.81,66.83,6816.0,BUD
2025-05-08 13:41:00,66.82,66.82,66.81,66.81,2907.0,BUD
2025-05-08 13:40:00,66.8475,66.8475,66.83,66.83,4055.0,BUD
2025-05-08 13:39:00,66.84,66.84,66.84,66.84,1499.0,BUD
2025-05-08 13:38:00,66.83,66.83,66.83,66.83,958.0,BUD
2025-05-08 13:37:00,66.79,66.83,66.79,66.83,2421.0,BUD
2025-05-08 13:36:00,66.815,66.82,66.8,66.8,2624.0,BUD
2025-05-08 13:35:00,66.79,66.815,66.785,66.81,5770.0,BUD
2025-05-08 13:34:00,66.82,66.82,66.79,66.79,8146.0,BUD
2025-05-08 13:33:00,66.86,66.86,66.83,66.83,7872.0,BUD
2025-05-08 13:32:00,66.85,66.85,66.85,66.85,1699.0,BUD
2025-05-08 13:31:00,66.84,66.85,66.84,66.85,4297.0,BUD
2025-05-08 13:30:00,66.84,66.85,66.84,66.85,1550.0,BUD
2025-05-08 13:29:00,66.83,66.84,66.83,66.84,3236.0,BUD
2025-05-08 13:28:00,66.84,66.85,66.84,66.85,1685.0,BUD
2025-05-08 13:27:00,66.83,66.85,66.83,66.845,3288.0,BUD
2025-05-08 13:26:00,66.81,66.82,66.81,66.82,2665.0,BUD
2025-05-08 13:25:00,66.83,66.83,66.81,66.81,2855.0,BUD
2025-05-08 13:24:00,66.84,66.84,66.83,66.83,3820.0,BUD
2025-05-08 13:23:00,66.85,66.85,66.83,66.83,3003.0,BUD
2025-05-08 13:22:00,66.855,66.855,66.85,66.85,1283.0,BUD
2025-05-08 13:21:00,66.86,66.88,66.86,66.87,2528.0,BUD
2025-05-08 13:20:00,66.91,66.91,66.87,66.87,5301.0,BUD
2025-05-08 13:19:00,66.87,66.9,66.87,66.89,3120.0,BUD
2025-05-08 13:18:00,66.88,66.8808,66.87,66.88,1739.0,BUD
2025-05-08 13:17:00,66.9,66.9,66.87,66.87,7927.0,BUD
2025-05-08 13:16:00,66.91,66.91,66.91,66.91,615.0,BUD
2025-05-08 13:15:00,66.92,66.92,66.91,66.91,4866.0,BUD
2025-05-08 13:14:00,66.91,66.92,66.91,66.91,1521.0,BUD
2025-05-08 13:13:00,66.91,66.91,66.91,66.91,487.0,BUD
2025-05-08 13:12:00,66.91,66.91,66.91,66.91,1150.0,BUD
2025-05-08 13:11:00,66.9,66.91,66.9,66.91,1679.0,BUD
2025-05-08 13:10:00,66.91,66.91,66.89,66.9,6250.0,BUD
2025-05-08 13:09:00,66.91,66.91,66.91,66.91,666.0,BUD
2025-05-08 13:08:00,66.93,66.93,66.9,66.91,5561.0,BUD
2025-05-08 13:07:00,66.925,66.94,66.92,66.94,6327.0,BUD
2025-05-08 13:06:00,66.88,66.94,66.88,66.92,10396.0,BUD
2025-05-08 13:05:00,66.9,66.9,66.89,66.89,4743.0,BUD
2025-05-08 13:04:00,66.92,66.92,66.91,66.915,2204.0,BUD
2025-05-08 13:02:00,66.925,66.925,66.9,66.91,6849.0,BUD
2025-05-08 13:01:00,66.91,66.93,66.91,66.925,3065.0,BUD
2025-05-08 13:00:00,66.91,66.915,66.91,66.91,2051.0,BUD
2025-05-08 12:59:00,66.91,66.91,66.9,66.91,1961.0,BUD
2025-05-08 12:58:00,66.9,66.91,66.9,66.91,2828.0,BUD
2025-05-08 12:57:00,66.93,66.94,66.91,66.91,4758.0,BUD
2025-05-08 12:56:00,66.865,66.92,66.865,66.92,4770.0,BUD
2025-05-08 12:55:00,66.86,66.87,66.86,66.87,1572.0,BUD
2025-05-08 12:54:00,66.87,66.87,66.86,66.86,1691.0,BUD
2025-05-08 12:53:00,66.88,66.88,66.86,66.87,6729.0,BUD
2025-05-08 12:52:00,66.88,66.89,66.88,66.88,2810.0,BUD
2025-05-08 12:51:00,66.895,66.895,66.89,66.89,1128.0,BUD
2025-05-08 12:49:00,66.8901,66.9,66.875,66.9,4107.0,BUD
2025-05-08 12:48:00,66.86,66.91,66.86,66.9,2809.0,BUD
2025-05-08 12:47:00,66.87,66.87,66.84,66.84,1908.0,BUD
2025-05-08 12:46:00,66.865,66.89,66.865,66.875,4388.0,BUD
2025-05-08 12:45:00,66.86,66.87,66.855,66.87,2926.0,BUD
2025-05-08 12:44:00,66.795,66.88,66.795,66.87,7740.0,BUD
2025-05-08 12:43:00,66.755,66.795,66.755,66.795,6830.0,BUD
2025-05-08 12:42:00,66.75,66.755,66.75,66.755,1740.0,BUD
2025-05-08 12:41:00,66.745,66.76,66.745,66.75,3137.0,BUD
2025-05-08 12:40:00,66.765,66.77,66.75,66.75,1879.0,BUD
2025-05-08 12:39:00,66.795,66.795,66.77,66.77,5772.0,BUD
2025-05-08 12:38:00,66.75,66.795,66.75,66.795,1718.0,BUD
2025-05-08 12:37:00,66.77,66.77,66.72,66.77,38052.0,BUD
2025-05-08 12:36:00,66.785,66.785,66.75,66.775,6418.0,BUD
2025-05-08 12:35:00,66.785,66.785,66.785,66.785,435.0,BUD
2025-05-08 12:34:00,66.83,66.84,66.78,66.78,5085.0,BUD
2025-05-08 12:33:00,66.81,66.83,66.81,66.83,1754.0,BUD
2025-05-08 12:32:00,66.79,66.81,66.775,66.8,4651.0,BUD
2025-05-08 12:31:00,66.79,66.79,66.79,66.79,608.0,BUD
2025-05-08 12:30:00,66.79,66.8,66.79,66.79,1780.0,BUD
2025-05-08 12:29:00,66.83,66.83,66.79,66.79,2942.0,BUD
2025-05-08 12:28:00,66.85,66.86,66.82,66.82,6438.0,BUD
2025-05-08 12:27:00,66.85,66.85,66.85,66.85,871.0,BUD
2025-05-08 12:26:00,66.835,66.845,66.835,66.845,3848.0,BUD
2025-05-08 12:25:00,66.83,66.83,66.83,66.83,562.0,BUD
2025-05-08 12:24:00,66.81,66.83,66.8,66.83,5786.0,BUD
2025-05-08 12:23:00,66.825,66.84,66.815,66.815,4165.0,BUD
2025-05-08 12:22:00,66.8294,66.8294,66.82,66.82,708.0,BUD
2025-05-08 12:21:00,66.85,66.85,66.829,66.83,1757.0,BUD
2025-05-08 12:20:00,66.84,66.8502,66.83,66.845,3887.0,BUD
2025-05-08 12:19:00,66.87,66.87,66.81,66.81,4768.0,BUD
2025-05-08 12:18:00,66.92,66.92,66.83,66.885,37807.0,BUD
2025-05-08 12:17:00,66.92,66.92,66.92,66.92,513.0,BUD
2025-05-08 12:16:00,66.92,66.92,66.92,66.92,780.0,BUD
2025-05-08 12:15:00,66.91,66.92,66.9,66.92,1140.0,BUD
2025-05-08 12:14:00,66.83,66.9,66.83,66.9,7019.0,BUD
2025-05-08 12:13:00,66.84,66.84,66.84,66.84,553.0,BUD
2025-05-08 12:12:00,66.82,66.85,66.82,66.84,2494.0,BUD
2025-05-08 12:11:00,66.89,66.89,66.83,66.83,6427.0,BUD
2025-05-08 12:10:00,66.925,66.93,66.89,66.89,7589.0,BUD
2025-05-08 12:09:00,66.91,66.92,66.91,66.92,644.0,BUD
2025-05-08 12:08:00,66.91,66.91,66.9,66.9,1089.0,BUD
2025-05-08 12:07:00,66.9,66.93,66.895,66.92,4874.0,BUD
2025-05-08 12:06:00,66.985,67.0,66.9,66.9,9729.0,BUD
2025-05-08 12:05:00,66.97,66.99,66.97,66.99,730.0,BUD
2025-05-08 12:04:00,66.95,66.98,66.95,66.98,2280.0,BUD
2025-05-08 12:03:00,66.965,66.965,66.95,66.95,2759.0,BUD
2025-05-08 12:02:00,66.95,66.975,66.94,66.97,6044.0,BUD
2025-05-08 12:01:00,66.94,66.97,66.94,66.95,4974.0,BUD
2025-05-08 12:00:00,66.8925,66.93,66.89,66.92,6464.0,BUD
2025-05-08 11:59:00,66.86,66.9,66.86,66.89,1350.0,BUD
2025-05-08 11:58:00,66.86,66.86,66.86,66.86,1409.0,BUD
2025-05-08 11:57:00,66.8,66.855,66.8,66.855,2497.0,BUD
2025-05-08 11:56:00,66.825,66.88,66.82,66.82,6155.0,BUD
2025-05-08 11:55:00,66.84,66.85,66.825,66.825,4960.0,BUD
2025-05-08 11:54:00,66.86,66.88,66.85,66.87,4000.0,BUD
2025-05-08 11:53:00,66.83,66.85,66.81,66.845,4233.0,BUD
2025-05-08 11:52:00,66.94,66.95,66.84,66.84,14141.0,BUD
2025-05-08 11:51:00,66.95,66.95,66.92,66.9201,4208.0,BUD
2025-05-08 11:50:00,66.99,67.0,66.93,66.95,8318.0,BUD
2025-05-08 11:49:00,67.03,67.03,66.96,67.0,19840.0,BUD
2025-05-08 11:48:00,66.98,67.03,66.98,67.0223,183739.0,BUD
2025-05-08 11:47:00,66.97,66.98,66.96,66.97,6283.0,BUD
2025-05-08 11:46:00,66.98,66.99,66.97,66.97,4583.0,BUD
2025-05-08 11:45:00,66.98,66.995,66.98,66.98,3711.0,BUD
2025-05-08 11:44:00,66.98,67.0,66.97,66.97,12035.0,BUD
2025-05-08 11:43:00,66.99,67.0,66.95,66.98,12695.0,BUD
2025-05-08 11:42:00,66.97,67.02,66.94,66.99,39879.0,BUD
2025-05-08 11:41:00,67.05,67.09,66.97,66.97,47769.0,BUD
2025-05-08 11:40:00,66.995,67.19,66.995,67.04,143654.0,BUD
2025-05-08 11:39:00,66.9999,67.015,66.97,66.995,11545.0,BUD
2025-05-08 11:38:00,66.93,66.98,66.92,66.98,6544.0,BUD
2025-05-08 11:37:00,66.92,66.94,66.91,66.9231,7388.0,BUD
2025-05-08 11:36:00,66.94,66.945,66.92,66.92,21377.0,BUD
2025-05-08 11:35:00,66.915,66.955,66.915,66.92,12104.0,BUD
2025-05-08 11:34:00,66.89,67.0,66.86,66.9,38726.0,BUD
2025-05-08 11:33:00,66.835,66.89,66.835,66.89,8641.0,BUD
2025-05-08 11:32:00,66.82,66.905,66.82,66.84,9314.0,BUD
2025-05-08 11:31:00,66.82,66.82,66.8,66.81,1779.0,BUD
2025-05-08 11:30:00,66.76,66.8,66.755,66.8,6449.0,BUD
2025-05-08 11:29:00,66.77,66.79,66.76,66.775,6766.0,BUD
2025-05-08 11:28:00,66.745,66.77,66.73,66.77,11811.0,BUD
2025-05-08 11:27:00,66.8,66.8,66.75,66.75,4479.0,BUD
2025-05-08 11:26:00,66.795,66.84,66.7762,66.81,5216.0,BUD
2025-05-08 11:25:00,66.82,66.82,66.79,66.8,9997.0,BUD
2025-05-08 11:24:00,66.79,66.82,66.78,66.81,5689.0,BUD
2025-05-08 11:23:00,66.75,66.79,66.75,66.79,3200.0,BUD
2025-05-08 11:22:00,66.735,66.75,66.73,66.75,4227.0,BUD
2025-05-08 11:21:00,66.76,66.785,66.73,66.73,9891.0,BUD
2025-05-08 11:20:00,66.715,66.78,66.715,66.76,4356.0,BUD
2025-05-08 11:19:00,66.72,66.75,66.72,66.73,5542.0,BUD
2025-05-08 11:18:00,66.75,66.755,66.71,66.72,10385.0,BUD
2025-05-08 11:17:00,66.73,66.76,66.73,66.75,6882.0,BUD
2025-05-08 11:16:00,66.71,66.725,66.7,66.725,9396.0,BUD
2025-05-08 11:15:00,66.76,66.76,66.72,66.72,18114.0,BUD
2025-05-08 11:14:00,66.76,66.8,66.76,66.765,13769.0,BUD
2025-05-08 11:13:00,66.74,66.76,66.74,66.755,4609.0,BUD
2025-05-08 11:12:00,66.735,66.75,66.73,66.74,7756.0,BUD
2025-05-08 11:11:00,66.74,66.75,66.74,66.745,2546.0,BUD
2025-05-08 11:10:00,66.68,66.72,66.68,66.72,9261.0,BUD
2025-05-08 11:09:00,66.71,66.71,66.67,66.67,5993.0,BUD
2025-05-08 11:08:00,66.72,66.73,66.7043,66.715,13892.0,BUD
2025-05-08 11:07:00,66.5739,66.71,66.5739,66.71,7658.0,BUD
2025-05-08 11:06:00,66.55,66.58,66.55,66.58,6114.0,BUD
2025-05-08 11:05:00,66.63,66.64,66.54,66.55,8551.0,BUD
2025-05-08 11:04:00,66.6,66.65,66.6,66.63,7213.0,BUD
2025-05-08 11:03:00,66.63,66.645,66.6,66.6,10354.0,BUD
2025-05-08 11:02:00,66.65,66.7,66.62,66.63,31958.0,BUD
2025-05-08 11:01:00,66.63,66.64,66.58,66.64,9744.0,BUD
2025-05-08 11:00:00,66.67,66.7,66.63,66.64,18248.0,BUD
2025-05-08 10:59:00,66.72,66.725,66.67,66.68,21000.0,BUD
2025-05-08 10:58:00,66.745,66.745,66.68,66.71,4551.0,BUD
2025-05-08 10:57:00,66.78,66.78,66.745,66.75,13687.0,BUD
2025-05-08 10:56:00,66.8,66.8,66.76,66.79,5150.0,BUD
2025-05-08 10:55:00,66.8,66.82,66.8,66.8,3397.0,BUD
2025-05-08 10:54:00,66.83,66.85,66.8,66.8,7328.0,BUD
2025-05-08 10:53:00,66.84,66.86,66.815,66.82,9622.0,BUD
2025-05-08 10:52:00,66.78,66.85,66.78,66.84,13489.0,BUD
2025-05-08 10:51:00,66.785,66.79,66.78,66.78,4548.0,BUD
2025-05-08 10:50:00,66.78,66.81,66.77,66.78,11449.0,BUD
2025-05-08 10:49:00,66.83,66.834,66.79,66.8,3674.0,BUD
2025-05-08 10:48:00,66.85,66.85,66.825,66.84,3147.0,BUD
2025-05-08 10:47:00,66.855,66.86,66.84,66.85,5642.0,BUD
2025-05-08 10:46:00,66.85,66.87,66.83,66.85,11976.0,BUD
2025-05-08 10:45:00,66.85,66.85,66.82,66.84,5901.0,BUD
2025-05-08 10:44:00,66.84,66.86,66.83,66.84,4123.0,BUD
2025-05-08 10:43:00,66.855,66.86,66.805,66.83,27417.0,BUD
2025-05-08 10:42:00,66.87,66.87,66.8403,66.86,2074.0,BUD
2025-05-08 10:41:00,66.86,66.9,66.86,66.86,7057.0,BUD
2025-05-08 10:40:00,66.86,66.88,66.815,66.84,9909.0,BUD
2025-05-08 10:39:00,66.86,66.87,66.86,66.87,3919.0,BUD
2025-05-08 10:38:00,66.865,66.9,66.855,66.865,12057.0,BUD
2025-05-08 10:37:00,66.96,66.97,66.92,66.92,11867.0,BUD
2025-05-08 10:36:00,67.03,67.04,66.95,66.97,9929.0,BUD
2025-05-08 10:35:00,67.085,67.09,67.01,67.02,12529.0,BUD
2025-05-08 10:34:00,67.055,67.0906,67.05,67.0906,6323.0,BUD
2025-05-08 10:33:00,67.1,67.12,67.08,67.08,6841.0,BUD
2025-05-08 10:32:00,67.06,67.1,67.06,67.1,3691.0,BUD
2025-05-08 10:31:00,67.0474,67.06,67.04,67.06,2900.0,BUD
2025-05-08 10:30:00,67.06,67.07,67.05,67.06,3462.0,BUD
2025-05-08 10:29:00,67.01,67.07,67.01,67.05,6921.0,BUD
2025-05-08 10:28:00,67.02,67.04,67.01,67.01,8960.0,BUD
2025-05-08 10:27:00,66.99,67.01,66.95,67.01,5866.0,BUD
2025-05-08 10:26:00,67.02,67.04,66.985,66.985,6295.0,BUD
2025-05-08 10:25:00,67.05,67.05,67.0,67.0,3758.0,BUD
2025-05-08 10:24:00,67.055,67.06,67.01,67.06,6993.0,BUD
2025-05-08 10:23:00,67.02,67.06,67.02,67.05,4112.0,BUD
2025-05-08 10:22:00,67.02,67.04,66.98,67.01,22246.0,BUD
2025-05-08 10:21:00,67.05,67.05,67.01,67.03,7998.0,BUD
2025-05-08 10:20:00,67.075,67.1,67.04,67.05,3851.0,BUD
2025-05-08 10:19:00,67.06,67.08,67.06,67.075,3109.0,BUD
2025-05-08 10:18:00,67.065,67.09,67.05,67.06,6797.0,BUD
2025-05-08 10:17:00,67.07,67.07,67.065,67.065,3329.0,BUD
2025-05-08 10:16:00,67.04,67.05,67.02,67.04,3670.0,BUD
2025-05-08 10:15:00,67.03,67.07,67.03,67.04,5957.0,BUD
2025-05-08 10:14:00,67.06,67.07,67.04,67.04,6861.0,BUD
2025-05-08 10:13:00,67.08,67.1,67.06,67.06,8915.0,BUD
2025-05-08 10:12:00,67.185,67.1854,67.08,67.08,20418.0,BUD
2025-05-08 10:11:00,67.31,67.31,67.19,67.19,12148.0,BUD
2025-05-08 10:10:00,67.43,67.43,67.3,67.3,14154.0,BUD
2025-05-08 10:09:00,67.53,67.53,67.44,67.44,7650.0,BUD
2025-05-08 10:08:00,67.4299,67.55,67.4299,67.515,34253.0,BUD
2025-05-08 10:07:00,67.31,67.435,67.31,67.4,12840.0,BUD
2025-05-08 10:06:00,67.27,67.31,67.25,67.31,7914.0,BUD
2025-05-08 10:05:00,67.145,67.275,67.12,67.265,6794.0,BUD
2025-05-08 10:04:00,67.13,67.13,67.08,67.125,4337.0,BUD
2025-05-08 10:03:00,67.16,67.175,67.125,67.125,5887.0,BUD
2025-05-08 10:02:00,67.11,67.16,67.11,67.1503,4371.0,BUD
2025-05-08 10:01:00,67.15,67.17,67.12,67.125,5920.0,BUD
2025-05-08 10:00:00,67.19,67.2,67.17,67.17,3365.0,BUD
2025-05-08 09:59:00,67.19,67.19,67.165,67.18,4295.0,BUD
2025-05-08 09:58:00,67.115,67.2102,67.115,67.2,5157.0,BUD
2025-05-08 09:57:00,67.12,67.13,67.09,67.1,7557.0,BUD
2025-05-08 09:56:00,67.125,67.13,67.07,67.1241,3862.0,BUD
2025-05-08 09:55:00,67.04,67.22,67.04,67.17,10379.0,BUD
2025-05-08 09:54:00,67.05,67.065,67.05,67.065,1671.0,BUD
2025-05-08 09:53:00,67.0,67.05,67.0,67.05,2961.0,BUD
2025-05-08 09:52:00,67.055,67.055,67.01,67.025,5577.0,BUD
2025-05-08 09:51:00,67.09,67.09,67.04,67.06,4994.0,BUD
2025-05-08 09:50:00,67.05,67.1,67.04,67.08,8578.0,BUD
2025-05-08 09:49:00,66.95,67.045,66.95,67.04,4916.0,BUD
2025-05-08 09:48:00,66.88,66.92,66.88,66.92,6293.0,BUD
2025-05-08 09:47:00,66.84,66.895,66.84,66.885,3853.0,BUD
2025-05-08 09:46:00,66.86,66.88,66.82,66.82,8041.0,BUD
2025-05-08 09:45:00,66.905,66.905,66.85,66.86,8955.0,BUD
2025-05-08 09:44:00,66.93,66.9699,66.88,66.91,8279.0,BUD
2025-05-08 09:43:00,66.9284,66.95,66.9187,66.945,6760.0,BUD
2025-05-08 09:42:00,66.97,66.975,66.91,66.92,14571.0,BUD
2025-05-08 09:41:00,66.98,67.05,66.97,66.97,10993.0,BUD
2025-05-08 09:40:00,66.98,67.02,66.98,66.98,5747.0,BUD
2025-05-08 09:39:00,67.11,67.12,66.91,66.96,18434.0,BUD
2025-05-08 09:38:00,67.13,67.14,67.1,67.12,13047.0,BUD
2025-05-08 09:37:00,67.125,67.19,67.1225,67.14,11483.0,BUD
2025-05-08 09:36:00,67.26,67.28,67.1081,67.1081,25770.0,BUD
2025-05-08 09:35:00,67.265,67.28,67.21,67.28,19596.0,BUD
2025-05-08 09:34:00,67.325,67.325,67.22,67.265,19628.0,BUD
2025-05-08 09:33:00,67.455,67.455,67.3,67.32,23396.0,BUD
2025-05-08 09:32:00,67.36,67.45,67.31,67.45,27871.0,BUD
2025-05-08 09:31:00,67.31,67.35,67.2,67.35,18079.0,BUD
2025-05-08 09:30:00,66.87,67.31,66.87,67.31,147506.0,BUD
2025-05-08 09:29:00,66.87,66.88,66.87,66.88,500.0,BUD
2025-05-08 09:24:00,66.7199,66.7199,66.7,66.71,271.0,BUD
2025-05-08 09:23:00,66.69,66.69,66.69,66.69,1000.0,BUD
2025-05-08 09:22:00,66.7,66.7,66.7,66.7,518.0,BUD
2025-05-08 09:21:00,66.81,66.81,66.72,66.7583,2030.0,BUD
2025-05-08 09:20:00,66.82,66.82,66.82,66.82,200.0,BUD
2025-05-08 09:17:00,66.81,66.81,66.81,66.81,75.0,BUD
2025-05-08 09:13:00,66.87,66.87,66.87,66.87,634.0,BUD
2025-05-08 09:10:00,66.899,66.899,66.899,66.899,1.0,BUD
2025-05-08 09:08:00,66.81,66.83,66.81,66.83,395.0,BUD
2025-05-08 09:05:00,66.8,66.8,66.8,66.8,6.0,BUD
2025-05-08 09:04:00,66.8,66.8,66.8,66.8,20.0,BUD
2025-05-08 09:00:00,66.7,66.7,66.7,66.7,500.0,BUD
2025-05-08 08:58:00,66.7796,66.7796,66.7796,66.7796,1.0,BUD
2025-05-08 08:57:00,66.79,66.79,66.78,66.78,1400.0,BUD
2025-05-08 08:55:00,66.85,66.85,66.85,66.85,100.0,BUD
2025-05-08 08:53:00,66.78,66.78,66.78,66.78,10.0,BUD
2025-05-08 08:52:00,66.76,66.76,66.74,66.74,203.0,BUD
2025-05-08 08:50:00,66.76,66.76,66.76,66.76,1.0,BUD
2025-05-08 08:45:00,66.7292,66.7292,66.7292,66.7292,1.0,BUD
2025-05-08 08:43:00,66.77,66.77,66.75,66.75,245.0,BUD
2025-05-08 08:42:00,66.84,66.84,66.84,66.84,2.0,BUD
2025-05-08 08:39:00,66.9228,66.9228,66.9228,66.9228,1.0,BUD
2025-05-08 08:37:00,66.96,67.05,66.94,67.04,4326.0,BUD
2025-05-08 08:36:00,66.94,66.94,66.94,66.94,88.0,BUD
2025-05-08 08:34:00,66.88,66.88,66.88,66.88,100.0,BUD
2025-05-08 08:31:00,66.85,66.85,66.85,66.85,25.0,BUD
2025-05-08 08:28:00,66.85,66.85,66.85,66.85,33.0,BUD
2025-05-08 08:27:00,66.88,66.88,66.85,66.85,201.0,BUD
2025-05-08 08:26:00,66.88,66.88,66.88,66.88,1.0,BUD
2025-05-08 08:25:00,66.82,66.85,66.82,66.85,1520.0,BUD
2025-05-08 08:22:00,66.76,66.76,66.76,66.76,100.0,BUD
2025-05-08 08:20:00,66.72,66.72,66.72,66.72,66.0,BUD
2025-05-08 08:19:00,66.71,66.71,66.71,66.71,525.0,BUD
2025-05-08 08:15:00,66.79,66.79,66.79,66.79,75.0,BUD
2025-05-08 08:14:00,66.78,66.8,66.78,66.8,26.0,BUD
2025-05-08 08:12:00,66.77,66.77,66.77,66.77,100.0,BUD
2025-05-08 08:10:00,66.71,66.71,66.71,66.71,200.0,BUD
2025-05-08 08:09:00,66.71,66.71,66.71,66.71,31.0,BUD
2025-05-08 08:06:00,66.8,66.8,66.8,66.8,515.0,BUD
2025-05-08 08:04:00,66.76,66.76,66.76,66.76,1.0,BUD
2025-05-08 08:02:00,65.5,65.5,65.5,65.5,1.0,BUD
2025-05-08 08:01:00,66.71,68.16,66.71,66.75,1920.0,BUD
2025-05-08 08:00:00,66.6382,67.5,65.5,67.23,8490.0,BUD
2025-05-08 07:58:00,66.76,66.77,66.76,66.77,2375.0,BUD
2025-05-08 07:57:00,66.83,66.83,66.82,66.82,1400.0,BUD
2025-05-08 07:55:00,66.93,66.93,66.92,66.92,275.0,BUD
2025-05-08 07:54:00,66.94,66.95,66.94,66.95,700.0,BUD
2025-05-08 07:48:00,66.94,66.95,66.92,66.95,1385.0,BUD
2025-05-08 07:45:00,66.95,66.95,66.95,66.95,15.0,BUD
2025-05-08 07:44:00,66.97,66.98,66.95,66.95,1934.0,BUD
2025-05-08 07:43:00,66.81,66.83,66.79,66.83,620.0,BUD
2025-05-08 07:42:00,66.72,66.72,66.72,66.72,42.0,BUD
2025-05-08 07:38:00,66.78,66.78,66.78,66.78,200.0,BUD
2025-05-08 07:37:00,66.78,66.78,66.77,66.78,5600.0,BUD
2025-05-08 07:36:00,66.64,66.71,66.64,66.71,3100.0,BUD
2025-05-08 07:35:00,66.59,66.59,66.59,66.59,3463.0,BUD
2025-05-08 07:34:00,66.63,66.63,66.57,66.57,600.0,BUD
2025-05-08 07:33:00,66.65,66.67,66.64,66.65,9565.0,BUD
2025-05-08 07:32:00,66.65,66.65,66.64,66.65,8400.0,BUD
2025-05-08 07:29:00,66.61,66.7,66.61,66.7,5172.0,BUD
2025-05-08 07:28:00,66.6,66.6,66.6,66.6,15.0,BUD
2025-05-08 07:26:00,66.55,66.57,66.55,66.57,401.0,BUD
2025-05-08 07:25:00,66.5,66.51,66.49,66.5,14489.0,BUD
2025-05-08 07:23:00,66.51,66.51,66.51,66.51,100.0,BUD
2025-05-08 07:19:00,66.5,66.5,66.5,66.5,1170.0,BUD
2025-05-08 07:18:00,66.52,66.52,66.49,66.5,2930.0,BUD
2025-05-08 07:17:00,66.43,66.51,66.43,66.51,2907.0,BUD
2025-05-08 07:14:00,66.45,66.46,66.43,66.43,3400.0,BUD
2025-05-08 07:13:00,66.47,66.49,66.47,66.47,2446.0,BUD
2025-05-08 07:11:00,66.41,66.43,66.41,66.43,3370.0,BUD
2025-05-08 07:10:00,66.33,66.35,66.33,66.33,5085.0,BUD
2025-05-08 07:08:00,66.36,66.37,66.36,66.37,1200.0,BUD
2025-05-08 07:07:00,66.47,66.47,66.46,66.46,900.0,BUD
2025-05-08 07:06:00,66.55,66.55,66.46,66.46,1280.0,BUD
2025-05-08 07:05:00,66.56,66.56,66.55,66.55,26.0,BUD
2025-05-08 07:04:00,66.55,66.56,66.55,66.56,1520.0,BUD
2025-05-08 07:02:00,66.56,66.56,66.56,66.56,10.0,BUD
2025-05-08 07:00:00,66.55,66.64,66.55,66.6,136.0,BUD
2025-05-08 06:58:00,66.67,66.67,66.67,66.67,75.0,BUD
2025-05-08 06:57:00,66.72,66.72,66.72,66.72,500.0,BUD
2025-05-08 06:23:00,66.78,66.78,66.78,66.78,200.0,BUD
2025-05-08 06:19:00,66.84,66.84,66.84,66.84,100.0,BUD
2025-05-08 06:16:00,66.9,66.9,66.9,66.9,7.0,BUD
2025-05-08 06:15:00,66.9,66.9,66.9,66.9,40.0,BUD
2025-05-08 06:05:00,67.02,67.04,67.02,67.04,481.0,BUD
2025-05-08 05:48:00,67.01,67.01,67.01,67.01,200.0,BUD
2025-05-08 05:45:00,67.01,67.01,67.0,67.01,759.0,BUD
2025-05-08 05:44:00,67.06,67.06,67.06,67.06,23.0,BUD
2025-05-08 05:14:00,67.1,67.1,67.1,67.1,1.0,BUD
2025-05-08 05:13:00,67.03,67.03,67.03,67.03,5.0,BUD
2025-05-08 05:06:00,67.08,67.08,67.08,67.08,50.0,BUD
2025-05-08 05:04:00,67.02,67.02,67.02,67.02,50.0,BUD
2025-05-08 05:03:00,66.91,66.91,66.91,66.91,88.0,BUD
2025-05-08 05:00:00,66.8,66.8,66.8,66.8,3.0,BUD
2025-05-08 04:58:00,66.85,66.85,66.85,66.85,37.0,BUD
2025-05-08 04:44:00,66.94,66.94,66.94,66.94,88.0,BUD
2025-05-08 04:43:00,66.93,66.93,66.93,66.93,105.0,BUD
2025-05-08 04:38:00,66.89,66.89,66.89,66.89,75.0,BUD
2025-05-08 04:33:00,67.03,67.03,67.03,67.03,200.0,BUD
2025-05-08 04:31:00,67.06,67.06,67.06,67.06,500.0,BUD
2025-05-08 04:30:00,67.1,67.1,67.1,67.1,50.0,BUD
2025-05-08 04:29:00,67.18,67.18,67.18,67.18,50.0,BUD
2025-05-08 04:28:00,67.19,67.19,67.19,67.19,50.0,BUD
2025-05-08 04:16:00,67.19,67.19,67.19,67.19,2.0,BUD
2025-05-08 04:15:00,67.0,67.1,67.0,67.1,31.0,BUD
2025-05-08 04:12:00,67.06,67.1,67.06,67.1,92.0,BUD
2025-05-08 04:09:00,67.17,67.17,67.15,67.15,590.0,BUD
2025-05-08 04:07:00,67.36,67.36,67.31,67.31,790.0,BUD
2025-05-08 04:05:00,67.47,67.47,67.46,67.46,700.0,BUD
2025-05-08 04:04:00,67.41,67.41,67.4,67.4,1678.0,BUD
2025-05-08 04:03:00,67.35,67.41,67.35,67.41,521.0,BUD
2025-05-08 04:02:00,67.21,67.33,67.21,67.33,100.0,BUD
2025-05-08 04:01:00,67.2,67.23,67.15,67.2,1021.0,BUD
2025-05-08 04:00:00,66.62,67.16,66.57,67.16,561.0,BUD
2025-05-07 19:52:00,65.44,65.44,65.44,65.44,10.0,BUD
2025-05-07 19:49:00,65.45,65.45,65.45,65.45,7.0,BUD
2025-05-07 19:48:00,65.4999,65.5,65.4999,65.5,82.0,BUD
2025-05-07 19:30:00,65.5,65.5,65.5,65.5,111.0,BUD
2025-05-07 19:28:00,65.0,65.0,65.0,65.0,6.0,BUD
2025-05-07 19:24:00,65.5,65.5,65.5,65.5,1.0,BUD
2025-05-07 19:17:00,65.5,65.5,65.5,65.5,12.0,BUD
2025-05-07 19:00:00,65.5,65.5,65.5,65.5,117271.0,BUD
2025-05-07 18:54:00,65.5,65.5,65.5,65.5,3.0,BUD
2025-05-07 18:42:00,66.1,66.1,66.1,66.1,1.0,BUD
2025-05-07 18:40:00,65.63,65.63,65.63,65.63,1.0,BUD
2025-05-07 18:30:00,65.5,65.5,65.5,65.5,117271.0,BUD
2025-05-07 18:14:00,65.0,65.0,65.0,65.0,1.0,BUD
2025-05-07 18:13:00,65.63,65.63,65.63,65.63,8.0,BUD
2025-05-07 18:11:00,66.1,66.1,66.1,66.1,1.0,BUD
2025-05-07 17:52:00,65.5,65.63,65.5,65.63,71004.0,BUD
2025-05-07 17:51:00,65.63,65.63,65.63,65.63,10.0,BUD
2025-05-07 17:41:00,65.63,65.63,65.63,65.63,1.0,BUD
2025-05-07 17:38:00,64.7447,64.7447,64.7447,64.7447,100.0,BUD
2025-05-07 17:37:00,66.1,66.1,66.1,66.1,10.0,BUD
2025-05-07 17:31:00,66.0,66.0,65.62,65.99,25.0,BUD
2025-05-07 17:30:00,66.0675,66.0675,66.0,66.0,2.0,BUD
2025-05-07 17:22:00,64.8,66.1,64.8,66.1,3.0,BUD
2025-05-07 16:58:00,64.71,64.71,64.71,64.71,1.0,BUD
2025-05-07 16:39:00,66.1,66.1,66.1,66.1,5.0,BUD
2025-05-07 16:31:00,66.1,66.1,66.1,66.1,1.0,BUD
2025-05-07 16:30:00,66.0653,66.0653,66.0653,66.0653,5.0,BUD
2025-05-07 16:12:00,66.15,66.15,66.15,66.15,2.0,BUD
2025-05-07 16:10:00,65.5,65.5,65.5,65.5,117271.0,BUD
2025-05-07 16:05:00,65.5,65.5,65.5,65.5,6.0,BUD
2025-05-07 16:02:00,65.5,65.5,65.5,65.5,3.0,BUD
2025-05-07 16:00:00,65.51,65.51,65.5,65.5,235921.0,BUD
2025-05-07 15:59:00,65.525,65.58,65.5,65.51,99221.0,BUD
2025-05-07 15:58:00,65.535,65.535,65.49,65.52,40548.0,BUD
2025-05-07 15:57:00,65.53,65.55,65.53,65.535,40801.0,BUD
2025-05-07 15:56:00,65.58,65.585,65.52,65.525,38413.0,BUD
2025-05-07 15:55:00,65.605,65.605,65.555,65.575,21799.0,BUD
2025-05-07 15:54:00,65.59,65.625,65.58,65.605,23502.0,BUD
2025-05-07 15:53:00,65.57,65.5985,65.56,65.59,14597.0,BUD
2025-05-07 15:52:00,65.555,65.6,65.555,65.57,25067.0,BUD
2025-05-07 15:51:00,65.48,65.56,65.48,65.56,18732.0,BUD
2025-05-07 15:50:00,65.52,65.52,65.4649,65.49,24670.0,BUD
2025-05-07 15:49:00,65.56,65.56,65.51,65.525,8598.0,BUD
2025-05-07 15:48:00,65.55,65.575,65.54,65.56,15058.0,BUD
2025-05-07 15:47:00,65.565,65.565,65.52,65.54,18624.0,BUD
2025-05-07 15:46:00,65.6,65.6,65.56,65.565,9188.0,BUD
2025-05-07 15:45:00,65.57,65.61,65.57,65.61,11380.0,BUD
2025-05-07 15:44:00,65.66,65.66,65.56,65.56,7496.0,BUD
2025-05-07 15:43:00,65.65,65.6996,65.64,65.66,14701.0,BUD
2025-05-07 15:42:00,65.56,65.66,65.56,65.66,15706.0,BUD
2025-05-07 15:41:00,65.485,65.565,65.47,65.55,19123.0,BUD
2025-05-07 15:40:00,65.49,65.495,65.48,65.485,12629.0,BUD
2025-05-07 15:39:00,65.5,65.505,65.48,65.49,8087.0,BUD
2025-05-07 15:38:00,65.515,65.525,65.5,65.5,9140.0,BUD
2025-05-07 15:37:00,65.46,65.52,65.46,65.51,10551.0,BUD
2025-05-07 15:36:00,65.42,65.455,65.42,65.455,2725.0,BUD
2025-05-07 15:35:00,65.4,65.415,65.39,65.41,14401.0,BUD
2025-05-07 15:34:00,65.41,65.41,65.4,65.4,3784.0,BUD
2025-05-07 15:33:00,65.41,65.44,65.41,65.43,6450.0,BUD
2025-05-07 15:32:00,65.38,65.4,65.38,65.4,8475.0,BUD
2025-05-07 15:31:00,65.35,65.39,65.35,65.39,8024.0,BUD
2025-05-07 15:30:00,65.44,65.44,65.37,65.37,18386.0,BUD
2025-05-07 15:29:00,65.46,65.46,65.44,65.44,7277.0,BUD
2025-05-07 15:28:00,65.41,65.46,65.41,65.46,6493.0,BUD
2025-05-07 15:27:00,65.44,65.44,65.39,65.41,15888.0,BUD
2025-05-07 15:26:00,65.445,65.445,65.43,65.445,58270.0,BUD
2025-05-07 15:25:00,65.45,65.45,65.435,65.44,31853.0,BUD
2025-05-07 15:24:00,65.445,65.46,65.44,65.455,10963.0,BUD
2025-05-07 15:23:00,65.45,65.45,65.42,65.45,5709.0,BUD
2025-05-07 15:22:00,65.475,65.475,65.4526,65.4526,7539.0,BUD
2025-05-07 15:21:00,65.455,65.48,65.45,65.48,9998.0,BUD
2025-05-07 15:20:00,65.48,65.48,65.455,65.455,11335.0,BUD
2025-05-07 15:19:00,65.44,65.47,65.435,65.47,3150.0,BUD
2025-05-07 15:18:00,65.44,65.45,65.425,65.435,15317.0,BUD
2025-05-07 15:17:00,65.42,65.45,65.42,65.44,5066.0,BUD
2025-05-07 15:16:00,65.41,65.445,65.41,65.42,11882.0,BUD
2025-05-07 15:15:00,65.42,65.43,65.42,65.42,2884.0,BUD
2025-05-07 15:14:00,65.41,65.44,65.41,65.415,7432.0,BUD
2025-05-07 15:13:00,65.44,65.44,65.405,65.41,5153.0,BUD
2025-05-07 15:12:00,65.4,65.43,65.36,65.43,8407.0,BUD
2025-05-07 15:11:00,65.43,65.43,65.4001,65.4001,3708.0,BUD
2025-05-07 15:10:00,65.485,65.485,65.45,65.45,6148.0,BUD
2025-05-07 15:09:00,65.45,65.48,65.44,65.47,2958.0,BUD
2025-05-07 15:08:00,65.43,65.455,65.42,65.455,5118.0,BUD
2025-05-07 15:07:00,65.42,65.43,65.42,65.43,3747.0,BUD
2025-05-07 15:06:00,65.43,65.43,65.4,65.41,2777.0,BUD
2025-05-07 15:05:00,65.44,65.44,65.4085,65.43,5199.0,BUD
2025-05-07 15:04:00,65.44,65.45,65.44,65.445,3790.0,BUD
2025-05-07 15:03:00,65.43,65.445,65.43,65.44,3811.0,BUD
2025-05-07 15:02:00,65.43,65.43,65.42,65.42,4320.0,BUD
2025-05-07 15:01:00,65.4274,65.46,65.4274,65.435,5053.0,BUD
2025-05-07 15:00:00,65.44,65.44,65.41,65.425,4773.0,BUD
2025-05-07 14:59:00,65.44,65.445,65.43,65.445,2744.0,BUD
2025-05-07 14:58:00,65.445,65.47,65.445,65.45,4004.0,BUD
2025-05-07 14:57:00,65.425,65.485,65.425,65.46,8603.0,BUD
2025-05-07 14:56:00,65.31,65.385,65.31,65.385,3575.0,BUD
2025-05-07 14:55:00,65.26,65.31,65.26,65.31,3787.0,BUD
2025-05-07 14:54:00,65.22,65.265,65.22,65.26,2425.0,BUD
2025-05-07 14:53:00,65.21,65.24,65.2,65.23,5696.0,BUD
2025-05-07 14:52:00,65.23,65.23,65.21,65.22,4515.0,BUD
2025-05-07 14:51:00,65.205,65.24,65.205,65.22,4417.0,BUD
2025-05-07 14:50:00,65.22,65.23,65.21,65.21,4591.0,BUD
2025-05-07 14:49:00,65.2,65.215,65.17,65.2,4349.0,BUD
2025-05-07 14:48:00,65.28,65.28,65.21,65.21,2784.0,BUD
2025-05-07 14:47:00,65.295,65.31,65.255,65.27,6016.0,BUD
2025-05-07 14:46:00,65.33,65.33,65.28,65.295,5528.0,BUD
2025-05-07 14:45:00,65.36,65.37,65.33,65.33,3997.0,BUD
2025-05-07 14:44:00,65.405,65.405,65.36,65.37,5169.0,BUD
2025-05-07 14:43:00,65.39,65.39,65.37,65.39,3352.0,BUD
2025-05-07 14:42:00,65.37,65.405,65.365,65.4,6926.0,BUD
2025-05-07 14:41:00,65.38,65.38,65.36,65.36,4001.0,BUD
2025-05-07 14:40:00,65.38,65.39,65.37,65.38,2688.0,BUD
2025-05-07 14:39:00,65.37,65.37,65.28,65.36,10218.0,BUD
2025-05-07 14:38:00,65.38,65.39,65.37,65.37,3795.0,BUD
2025-05-07 14:37:00,65.36,65.38,65.36,65.37,3148.0,BUD
2025-05-07 14:36:00,65.25,65.37,65.25,65.35,6290.0,BUD
2025-05-07 14:35:00,65.26,65.26,65.24,65.25,4152.0,BUD
2025-05-07 14:34:00,65.255,65.265,65.255,65.255,2951.0,BUD
2025-05-07 14:33:00,65.215,65.25,65.215,65.25,3597.0,BUD
2025-05-07 14:32:00,65.2,65.22,65.19,65.215,4813.0,BUD
2025-05-07 14:31:00,65.15,65.18,65.14,65.18,2084.0,BUD
2025-05-07 14:30:00,65.15,65.16,65.11,65.135,10171.0,BUD
2025-05-07 14:29:00,65.17,65.17,65.16,65.16,2294.0,BUD
2025-05-07 14:28:00,65.195,65.195,65.15,65.17,4242.0,BUD
2025-05-07 14:27:00,65.17,65.195,65.17,65.19,2039.0,BUD
2025-05-07 14:26:00,65.17,65.18,65.16,65.17,4637.0,BUD
2025-05-07 14:25:00,65.15,65.17,65.14,65.16,4740.0,BUD
2025-05-07 14:24:00,65.16,65.16,65.14,65.14,3126.0,BUD
2025-05-07 14:23:00,65.16,65.16,65.15,65.16,1845.0,BUD
2025-05-07 14:22:00,65.15,65.16,65.12,65.16,5264.0,BUD
2025-05-07 14:21:00,65.21,65.22,65.16,65.16,6681.0,BUD
2025-05-07 14:20:00,65.17,65.2,65.17,65.18,4178.0,BUD
2025-05-07 14:19:00,65.165,65.17,65.14,65.17,3928.0,BUD
2025-05-07 14:18:00,65.155,65.16,65.145,65.16,1852.0,BUD
2025-05-07 14:17:00,65.15,65.15,65.15,65.15,1457.0,BUD
2025-05-07 14:16:00,65.15,65.17,65.145,65.15,2350.0,BUD
2025-05-07 14:15:00,65.16,65.17,65.13,65.16,5642.0,BUD
2025-05-07 14:14:00,65.165,65.17,65.16,65.17,1257.0,BUD
2025-05-07 14:13:00,65.165,65.185,65.16,65.16,2863.0,BUD
2025-05-07 14:12:00,65.15,65.16,65.14,65.155,4471.0,BUD
2025-05-07 14:11:00,65.16,65.195,65.16,65.19,3536.0,BUD
2025-05-07 14:10:00,65.12,65.15,65.1,65.15,4056.0,BUD
2025-05-07 14:09:00,65.125,65.15,65.12,65.12,2380.0,BUD
2025-05-07 14:08:00,65.18,65.18,65.09,65.12,5296.0,BUD
2025-05-07 14:07:00,65.165,65.225,65.16,65.21,7137.0,BUD
2025-05-07 14:06:00,65.29,65.29,65.16,65.16,4152.0,BUD
2025-05-07 14:05:00,65.34,65.35,65.28,65.28,4212.0,BUD
2025-05-07 14:04:00,65.32,65.35,65.32,65.35,2459.0,BUD
2025-05-07 14:03:00,65.335,65.34,65.32,65.33,4636.0,BUD
2025-05-07 14:02:00,65.34,65.34,65.33,65.34,2938.0,BUD
2025-05-07 14:01:00,65.285,65.315,65.28,65.315,2733.0,BUD
2025-05-07 14:00:00,65.3,65.36,65.23,65.295,9020.0,BUD
2025-05-07 13:59:00,65.31,65.31,65.27,65.27,9049.0,BUD
2025-05-07 13:58:00,65.29,65.31,65.29,65.31,2393.0,BUD
2025-05-07 13:57:00,65.29,65.3,65.29,65.29,1619.0,BUD
2025-05-07 13:56:00,65.3,65.3,65.29,65.29,1919.0,BUD
2025-05-07 13:55:00,65.31,65.31,65.29,65.3,3710.0,BUD
2025-05-07 13:54:00,65.31,65.31,65.31,65.31,745.0,BUD
2025-05-07 13:53:00,65.34,65.34,65.3,65.3151,2339.0,BUD
2025-05-07 13:52:00,65.335,65.355,65.33,65.35,5153.0,BUD
2025-05-07 13:51:00,65.395,65.4,65.35,65.35,11895.0,BUD
2025-05-07 13:50:00,65.405,65.42,65.39,65.395,4623.0,BUD
2025-05-07 13:49:00,65.405,65.405,65.405,65.405,804.0,BUD
2025-05-07 13:48:00,65.38,65.41,65.38,65.4,4398.0,BUD
2025-05-07 13:47:00,65.39,65.4,65.37,65.37,2960.0,BUD
2025-05-07 13:46:00,65.4,65.4,65.39,65.4,1739.0,BUD
2025-05-07 13:45:00,65.39,65.4,65.39,65.39,974.0,BUD
2025-05-07 13:44:00,65.4,65.4,65.4,65.4,595.0,BUD
2025-05-07 13:43:00,65.4,65.41,65.4,65.4,3406.0,BUD
2025-05-07 13:42:00,65.41,65.41,65.39,65.39,3290.0,BUD
2025-05-07 13:40:00,65.41,65.42,65.41,65.42,3972.0,BUD
2025-05-07 13:39:00,65.45,65.45,65.42,65.42,4127.0,BUD
2025-05-07 13:38:00,65.45,65.46,65.445,65.45,3086.0,BUD
2025-05-07 13:37:00,65.44,65.45,65.44,65.45,3103.0,BUD
2025-05-07 13:36:00,65.455,65.455,65.44,65.44,3135.0,BUD
2025-05-07 13:35:00,65.49,65.49,65.46,65.46,4156.0,BUD
2025-05-07 13:34:00,65.47,65.5,65.465,65.49,5146.0,BUD
2025-05-07 13:33:00,65.47,65.47,65.465,65.47,1055.0,BUD
2025-05-07 13:32:00,65.47,65.485,65.47,65.47,2584.0,BUD
2025-05-07 13:31:00,65.49,65.49,65.48,65.48,1739.0,BUD
2025-05-07 13:30:00,65.5029,65.51,65.48,65.48,5588.0,BUD
2025-05-07 13:29:00,65.51,65.51,65.5,65.5,1011.0,BUD
2025-05-07 13:28:00,65.52,65.53,65.51,65.51,1507.0,BUD
2025-05-07 13:27:00,65.54,65.5499,65.52,65.52,1901.0,BUD
2025-05-07 13:26:00,65.54,65.55,65.53,65.535,5860.0,BUD
2025-05-07 13:25:00,65.545,65.545,65.545,65.545,937.0,BUD
2025-05-07 13:24:00,65.54,65.545,65.535,65.545,2367.0,BUD
2025-05-07 13:23:00,65.53,65.53,65.53,65.53,1022.0,BUD
2025-05-07 13:22:00,65.53,65.535,65.53,65.535,1029.0,BUD
2025-05-07 13:21:00,65.53,65.535,65.53,65.53,2463.0,BUD
2025-05-07 13:20:00,65.525,65.54,65.52,65.54,4426.0,BUD
2025-05-07 13:19:00,65.535,65.535,65.525,65.525,1116.0,BUD
2025-05-07 13:18:00,65.54,65.545,65.53,65.54,4450.0,BUD
2025-05-07 13:17:00,65.56,65.56,65.54,65.54,3863.0,BUD
2025-05-07 13:16:00,65.55,65.56,65.55,65.56,2624.0,BUD
2025-05-07 13:15:00,65.575,65.575,65.55,65.55,2686.0,BUD
2025-05-07 13:14:00,65.58,65.58,65.58,65.58,285.0,BUD
2025-05-07 13:13:00,65.59,65.59,65.58,65.58,3415.0,BUD
2025-05-07 13:12:00,65.57,65.58,65.57,65.58,2843.0,BUD
2025-05-07 13:11:00,65.56,65.57,65.56,65.57,1733.0,BUD
2025-05-07 13:10:00,65.57,65.57,65.57,65.57,1124.0,BUD
2025-05-07 13:09:00,65.57,65.57,65.565,65.57,709.0,BUD
2025-05-07 13:08:00,65.59,65.595,65.57,65.57,4411.0,BUD
2025-05-07 13:07:00,65.59,65.595,65.59,65.595,1478.0,BUD
2025-05-07 13:06:00,65.59,65.59,65.56,65.58,4370.0,BUD
2025-05-07 13:05:00,65.59,65.59,65.59,65.59,732.0,BUD
2025-05-07 13:04:00,65.59,65.6,65.59,65.6,948.0,BUD
2025-05-07 13:03:00,65.6,65.61,65.58,65.59,2973.0,BUD
2025-05-07 13:02:00,65.59,65.605,65.59,65.595,6184.0,BUD
2025-05-07 13:01:00,65.59,65.59,65.59,65.59,719.0,BUD
2025-05-07 13:00:00,65.575,65.59,65.575,65.59,2514.0,BUD
2025-05-07 12:59:00,65.58,65.59,65.575,65.575,3003.0,BUD
2025-05-07 12:58:00,65.59,65.59,65.59,65.59,860.0,BUD
2025-05-07 12:57:00,65.59,65.59,65.5892,65.59,2130.0,BUD
2025-05-07 12:56:00,65.56,65.57,65.55,65.57,3178.0,BUD
2025-05-07 12:55:00,65.57,65.58,65.56,65.56,3022.0,BUD
2025-05-07 12:54:00,65.58,65.58,65.58,65.58,911.0,BUD
2025-05-07 12:53:00,65.57,65.58,65.57,65.58,1982.0,BUD
2025-05-07 12:52:00,65.56,65.58,65.56,65.58,3077.0,BUD
2025-05-07 12:51:00,65.56,65.57,65.56,65.56,901.0,BUD
2025-05-07 12:50:00,65.56,65.565,65.56,65.56,979.0,BUD
2025-05-07 12:49:00,65.5845,65.5845,65.56,65.56,2832.0,BUD
2025-05-07 12:48:00,65.58,65.58,65.57,65.58,2539.0,BUD
2025-05-07 12:47:00,65.55,65.56,65.55,65.56,1987.0,BUD
2025-05-07 12:46:00,65.55,65.55,65.55,65.55,208.0,BUD
2025-05-07 12:45:00,65.54,65.55,65.54,65.54,2036.0,BUD
2025-05-07 12:44:00,65.545,65.545,65.54,65.54,1926.0,BUD
2025-05-07 12:43:00,65.54,65.56,65.53,65.54,6704.0,BUD
2025-05-07 12:42:00,65.53,65.53,65.51,65.53,4095.0,BUD
2025-05-07 12:41:00,65.5,65.53,65.5,65.52,3949.0,BUD
2025-05-07 12:40:00,65.51,65.51,65.49,65.49,1254.0,BUD
2025-05-07 12:39:00,65.49,65.515,65.49,65.51,1899.0,BUD
2025-05-07 12:38:00,65.48,65.49,65.48,65.49,1224.0,BUD
2025-05-07 12:37:00,65.48,65.48,65.46,65.47,3268.0,BUD
2025-05-07 12:36:00,65.46,65.485,65.46,65.48,5876.0,BUD
2025-05-07 12:35:00,65.47,65.47,65.46,65.46,1775.0,BUD
2025-05-07 12:34:00,65.47,65.47,65.46,65.47,1631.0,BUD
2025-05-07 12:33:00,65.47,65.47,65.465,65.47,1756.0,BUD
2025-05-07 12:32:00,65.46,65.47,65.46,65.47,1600.0,BUD
2025-05-07 12:31:00,65.44,65.44,65.44,65.44,770.0,BUD
2025-05-07 12:30:00,65.44,65.45,65.44,65.45,3131.0,BUD
2025-05-07 12:29:00,65.45,65.4566,65.44,65.44,2271.0,BUD
2025-05-07 12:28:00,65.46,65.46,65.45,65.45,1367.0,BUD
2025-05-07 12:27:00,65.45,65.46,65.45,65.46,2346.0,BUD
2025-05-07 12:26:00,65.45,65.46,65.45,65.455,4191.0,BUD
2025-05-07 12:25:00,65.45,65.45,65.45,65.45,1289.0,BUD
2025-05-07 12:24:00,65.425,65.45,65.425,65.45,3944.0,BUD
2025-05-07 12:23:00,65.425,65.425,65.425,65.425,585.0,BUD
2025-05-07 12:22:00,65.47,65.47,65.43,65.43,2067.0,BUD
2025-05-07 12:21:00,65.47,65.47,65.455,65.47,2292.0,BUD
2025-05-07 12:20:00,65.52,65.52,65.49,65.49,1818.0,BUD
2025-05-07 12:19:00,65.48,65.52,65.48,65.52,4181.0,BUD
2025-05-07 12:18:00,65.475,65.48,65.47,65.47,1433.0,BUD
2025-05-07 12:17:00,65.46,65.475,65.46,65.475,780.0,BUD
2025-05-07 12:16:00,65.48,65.48,65.46,65.46,3063.0,BUD
2025-05-07 12:15:00,65.48,65.48,65.47,65.48,1693.0,BUD
2025-05-07 12:14:00,65.51,65.51,65.5,65.5,1015.0,BUD
2025-05-07 12:13:00,65.53,65.54,65.5,65.51,6147.0,BUD
2025-05-07 12:12:00,65.51,65.52,65.51,65.52,1366.0,BUD
2025-05-07 12:11:00,65.5,65.52,65.5,65.5,3139.0,BUD
2025-05-07 12:10:00,65.49,65.49,65.49,65.49,793.0,BUD
2025-05-07 12:09:00,65.4854,65.5,65.47,65.48,4364.0,BUD
2025-05-07 12:08:00,65.49,65.49,65.485,65.485,1055.0,BUD
2025-05-07 12:07:00,65.45,65.49,65.4402,65.49,2513.0,BUD
2025-05-07 12:06:00,65.465,65.465,65.45,65.45,2323.0,BUD
2025-05-07 12:05:00,65.465,65.465,65.465,65.465,762.0,BUD
2025-05-07 12:04:00,65.46,65.47,65.46,65.47,2885.0,BUD
2025-05-07 12:03:00,65.43,65.475,65.43,65.475,3895.0,BUD
2025-05-07 12:02:00,65.4131,65.42,65.4127,65.42,1026.0,BUD
2025-05-07 12:01:00,65.42,65.43,65.42,65.43,1220.0,BUD
2025-05-07 12:00:00,65.42,65.43,65.4,65.42,5326.0,BUD
2025-05-07 11:59:00,65.44,65.44,65.43,65.44,1998.0,BUD
2025-05-07 11:58:00,65.445,65.445,65.42,65.43,2357.0,BUD
2025-05-07 11:57:00,65.43,65.45,65.42,65.445,2791.0,BUD
2025-05-07 11:56:00,65.4,65.42,65.4,65.42,3282.0,BUD
2025-05-07 11:55:00,65.39,65.41,65.38,65.41,3335.0,BUD
2025-05-07 11:54:00,65.365,65.41,65.365,65.4,4123.0,BUD
2025-05-07 11:53:00,65.365,65.37,65.36,65.37,1026.0,BUD
2025-05-07 11:52:00,65.34,65.365,65.34,65.36,3898.0,BUD
2025-05-07 11:51:00,65.33,65.34,65.32,65.32,3644.0,BUD
2025-05-07 11:50:00,65.32,65.32,65.32,65.32,797.0,BUD
2025-05-07 11:49:00,65.3101,65.325,65.31,65.32,4411.0,BUD
2025-05-07 11:48:00,65.315,65.33,65.315,65.33,4049.0,BUD
2025-05-07 11:47:00,65.37,65.37,65.32,65.32,2589.0,BUD
2025-05-07 11:46:00,65.395,65.395,65.36,65.37,1334.0,BUD
2025-05-07 11:45:00,65.435,65.46,65.4,65.4,41330.0,BUD
2025-05-07 11:44:00,65.4201,65.435,65.41,65.435,5137.0,BUD
2025-05-07 11:43:00,65.44,65.44,65.42,65.42,992.0,BUD
2025-05-07 11:42:00,65.4,65.43,65.4,65.43,4481.0,BUD
2025-05-07 11:41:00,65.38,65.4,65.38,65.4,2364.0,BUD
2025-05-07 11:40:00,65.38,65.38,65.37,65.38,3629.0,BUD
2025-05-07 11:39:00,65.37,65.38,65.37,65.38,6829.0,BUD
2025-05-07 11:38:00,65.33,65.355,65.33,65.34,5012.0,BUD
2025-05-07 11:37:00,65.27,65.3318,65.27,65.3278,7775.0,BUD
2025-05-07 11:36:00,65.29,65.29,65.27,65.27,2302.0,BUD
2025-05-07 11:35:00,65.32,65.32,65.255,65.3,49839.0,BUD
2025-05-07 11:34:00,65.375,65.385,65.31,65.31,37285.0,BUD
2025-05-07 11:33:00,65.37,65.38,65.37,65.375,2654.0,BUD
2025-05-07 11:32:00,65.35,65.37,65.35,65.36,6659.0,BUD
2025-05-07 11:31:00,65.33,65.36,65.32,65.35,3882.0,BUD
2025-05-07 11:30:00,65.33,65.36,65.33,65.335,7352.0,BUD
2025-05-07 11:29:00,65.33,65.34,65.33,65.34,1893.0,BUD
2025-05-07 11:28:00,65.36,65.365,65.33,65.335,9349.0,BUD
2025-05-07 11:27:00,65.395,65.4,65.37,65.37,3418.0,BUD
2025-05-07 11:26:00,65.37,65.38,65.36,65.38,1142.0,BUD
2025-05-07 11:25:00,65.405,65.405,65.37,65.37,3013.0,BUD
2025-05-07 11:24:00,65.38,65.405,65.38,65.405,2275.0,BUD
2025-05-07 11:23:00,65.38,65.38,65.36,65.36,1060.0,BUD
2025-05-07 11:22:00,65.37,65.38,65.35,65.38,3957.0,BUD
2025-05-07 11:21:00,65.37,65.39,65.37,65.38,6307.0,BUD
2025-05-07 11:20:00,65.32,65.37,65.32,65.36,5971.0,BUD
2025-05-07 11:19:00,65.29,65.32,65.29,65.31,7084.0,BUD
2025-05-07 11:18:00,65.3,65.3,65.28,65.3,1729.0,BUD
2025-05-07 11:17:00,65.32,65.32,65.3,65.3,1362.0,BUD
2025-05-07 11:16:00,65.3,65.34,65.29,65.33,6059.0,BUD
2025-05-07 11:15:00,65.32,65.33,65.31,65.31,4748.0,BUD
2025-05-07 11:14:00,65.31,65.325,65.31,65.32,6224.0,BUD
2025-05-07 11:13:00,65.34,65.34,65.3,65.3,9364.0,BUD
2025-05-07 11:12:00,65.39,65.4,65.355,65.355,4208.0,BUD
2025-05-07 11:11:00,65.395,65.395,65.38,65.38,2288.0,BUD
2025-05-07 11:10:00,65.39,65.395,65.38,65.39,2271.0,BUD
2025-05-07 11:09:00,65.38,65.38,65.37,65.37,4994.0,BUD
2025-05-07 11:08:00,65.36,65.38,65.355,65.38,3041.0,BUD
2025-05-07 11:07:00,65.38,65.39,65.36,65.3603,2678.0,BUD
2025-05-07 11:06:00,65.36,65.375,65.36,65.375,656.0,BUD
2025-05-07 11:05:00,65.33,65.37,65.33,65.37,3939.0,BUD
2025-05-07 11:04:00,65.33,65.33,65.32,65.32,4116.0,BUD
2025-05-07 11:03:00,65.335,65.34,65.33,65.34,1618.0,BUD
2025-05-07 11:02:00,65.31,65.33,65.3,65.33,8935.0,BUD
2025-05-07 11:01:00,65.31,65.31,65.3,65.31,6774.0,BUD
2025-05-07 11:00:00,65.35,65.35,65.32,65.32,1340.0,BUD
2025-05-07 10:59:00,65.35,65.36,65.34,65.355,4317.0,BUD
2025-05-07 10:58:00,65.36,65.36,65.35,65.35,1205.0,BUD
2025-05-07 10:57:00,65.365,65.365,65.35,65.35,1928.0,BUD
2025-05-07 10:56:00,65.33,65.38,65.33,65.37,3984.0,BUD
2025-05-07 10:55:00,65.33,65.36,65.33,65.33,9235.0,BUD
2025-05-07 10:54:00,65.355,65.36,65.33,65.33,1969.0,BUD
2025-05-07 10:53:00,65.39,65.39,65.36,65.37,2021.0,BUD
2025-05-07 10:52:00,65.4,65.42,65.39,65.39,3691.0,BUD
2025-05-07 10:51:00,65.4,65.4,65.39,65.39,1877.0,BUD
2025-05-07 10:50:00,65.395,65.41,65.39,65.4,3858.0,BUD
2025-05-07 10:49:00,65.41,65.41,65.4,65.4054,1845.0,BUD
2025-05-07 10:48:00,65.41,65.42,65.41,65.42,3243.0,BUD
2025-05-07 10:47:00,65.43,65.43,65.41,65.42,4276.0,BUD
2025-05-07 10:46:00,65.44,65.445,65.43,65.44,5915.0,BUD
2025-05-07 10:45:00,65.445,65.445,65.44,65.44,1959.0,BUD
2025-05-07 10:44:00,65.42,65.44,65.42,65.44,1406.0,BUD
2025-05-07 10:43:00,65.4,65.4,65.4,65.4,606.0,BUD
2025-05-07 10:42:00,65.38,65.42,65.38,65.415,2612.0,BUD
2025-05-07 10:41:00,65.395,65.41,65.39,65.395,3400.0,BUD
2025-05-07 10:40:00,65.39,65.3946,65.38,65.38,3999.0,BUD
2025-05-07 10:39:00,65.38,65.395,65.38,65.39,1742.0,BUD
2025-05-07 10:38:00,65.385,65.385,65.37,65.37,2348.0,BUD
2025-05-07 10:37:00,65.39,65.39,65.3717,65.38,1750.0,BUD
2025-05-07 10:36:00,65.38,65.39,65.37,65.39,2832.0,BUD
2025-05-07 10:35:00,65.37,65.38,65.37,65.375,1623.0,BUD
2025-05-07 10:34:00,65.37,65.385,65.37,65.37,2027.0,BUD
2025-05-07 10:33:00,65.35,65.39,65.35,65.39,3372.0,BUD
2025-05-07 10:32:00,65.38,65.38,65.35,65.36,5074.0,BUD
2025-05-07 10:31:00,65.375,65.39,65.37,65.38,5132.0,BUD
2025-05-07 10:30:00,65.37,65.375,65.36,65.375,2089.0,BUD
2025-05-07 10:29:00,65.35,65.37,65.33,65.37,4494.0,BUD
2025-05-07 10:28:00,65.31,65.33,65.31,65.33,1954.0,BUD
2025-05-07 10:27:00,65.28,65.31,65.27,65.31,2671.0,BUD
2025-05-07 10:26:00,65.24,65.27,65.24,65.27,2184.0,BUD
2025-05-07 10:25:00,65.24,65.26,65.24,65.26,1394.0,BUD
2025-05-07 10:24:00,65.27,65.275,65.245,65.245,2062.0,BUD
2025-05-07 10:23:00,65.25,65.27,65.25,65.27,2911.0,BUD
2025-05-07 10:22:00,65.25,65.28,65.25,65.26,2621.0,BUD
2025-05-07 10:21:00,65.21,65.24,65.2,65.24,2634.0,BUD
2025-05-07 10:20:00,65.23,65.24,65.2,65.21,3154.0,BUD
2025-05-07 10:19:00,65.25,65.26,65.23,65.23,3438.0,BUD
2025-05-07 10:18:00,65.245,65.265,65.245,65.26,2207.0,BUD
2025-05-07 10:17:00,65.2,65.2452,65.2,65.235,7502.0,BUD
2025-05-07 10:16:00,65.205,65.2063,65.19,65.19,2977.0,BUD
2025-05-07 10:15:00,65.23,65.23,65.2,65.21,5170.0,BUD
2025-05-07 10:14:00,65.24,65.255,65.23,65.23,6492.0,BUD
2025-05-07 10:13:00,65.26,65.26,65.25,65.25,636.0,BUD
2025-05-07 10:12:00,65.27,65.28,65.25,65.25,2257.0,BUD
2025-05-07 10:11:00,65.25,65.28,65.25,65.28,2200.0,BUD
2025-05-07 10:10:00,65.22,65.24,65.22,65.225,3054.0,BUD
2025-05-07 10:09:00,65.25,65.255,65.245,65.25,2263.0,BUD
2025-05-07 10:08:00,65.24,65.2644,65.24,65.26,2785.0,BUD
2025-05-07 10:07:00,65.25,65.25,65.235,65.24,3180.0,BUD
2025-05-07 10:06:00,65.3,65.3,65.26,65.26,2551.0,BUD
2025-05-07 10:05:00,65.26,65.31,65.26,65.3,3644.0,BUD
2025-05-07 10:04:00,65.23,65.26,65.23,65.26,7352.0,BUD
2025-05-07 10:03:00,65.225,65.26,65.22,65.235,4296.0,BUD
2025-05-07 10:02:00,65.21,65.225,65.21,65.225,4934.0,BUD
2025-05-07 10:01:00,65.2,65.245,65.2,65.2245,4328.0,BUD
2025-05-07 10:00:00,65.26,65.265,65.21,65.21,9282.0,BUD
2025-05-07 09:59:00,65.28,65.3,65.28,65.29,2451.0,BUD
2025-05-07 09:58:00,65.26,65.29,65.26,65.27,2446.0,BUD
2025-05-07 09:57:00,65.27,65.285,65.26,65.27,1634.0,BUD
2025-05-07 09:56:00,65.2,65.26,65.2,65.26,3920.0,BUD
2025-05-07 09:55:00,65.16,65.21,65.16,65.21,3917.0,BUD
2025-05-07 09:54:00,65.15,65.17,65.15,65.165,8929.0,BUD
2025-05-07 09:53:00,65.145,65.17,65.14,65.15,7562.0,BUD
2025-05-07 09:52:00,65.12,65.15,65.12,65.14,3779.0,BUD
2025-05-07 09:51:00,65.1,65.11,65.1,65.1,1225.0,BUD
2025-05-07 09:50:00,65.05,65.1,65.05,65.09,4136.0,BUD
2025-05-07 09:49:00,65.09,65.09,65.05,65.06,3629.0,BUD
2025-05-07 09:48:00,65.11,65.14,65.08,65.09,5341.0,BUD
2025-05-07 09:47:00,65.1,65.12,65.1,65.12,2062.0,BUD
2025-05-07 09:46:00,65.1,65.11,65.08,65.11,3303.0,BUD
2025-05-07 09:45:00,65.085,65.11,65.085,65.1,5830.0,BUD
2025-05-07 09:44:00,65.06,65.07,65.05,65.07,3456.0,BUD
2025-05-07 09:43:00,65.08,65.1,65.07,65.075,8773.0,BUD
2025-05-07 09:42:00,65.07,65.08,65.06,65.07,3237.0,BUD
2025-05-07 09:41:00,65.105,65.105,65.04,65.08,8830.0,BUD
2025-05-07 09:40:00,65.08,65.1,65.05,65.1,8597.0,BUD
2025-05-07 09:39:00,65.11,65.11,65.07,65.07,4249.0,BUD
2025-05-07 09:38:00,65.15,65.17,65.125,65.125,2852.0,BUD
2025-05-07 09:37:00,65.25,65.25,65.16,65.16,12704.0,BUD
2025-05-07 09:36:00,65.26,65.26,65.235,65.24,8194.0,BUD
2025-05-07 09:35:00,65.25,65.3,65.25,65.275,7266.0,BUD
2025-05-07 09:34:00,65.27,65.31,65.24,65.24,17633.0,BUD
2025-05-07 09:33:00,65.21,65.28,65.21,65.28,4548.0,BUD
2025-05-07 09:32:00,65.3,65.3,65.205,65.205,13697.0,BUD
2025-05-07 09:31:00,65.3,65.32,65.28,65.305,15906.0,BUD
2025-05-07 09:30:00,65.36,65.36,65.22,65.3,46567.0,BUD
2025-05-07 09:29:00,65.39,65.39,65.35,65.37,1598.0,BUD
2025-05-07 09:28:00,65.39,65.4,65.37,65.37,793.0,BUD
2025-05-07 09:27:00,65.4184,65.42,65.37,65.37,111.0,BUD
2025-05-07 09:25:00,65.4,65.41,65.39,65.41,708.0,BUD
2025-05-07 09:24:00,65.44,65.44,65.42,65.42,403.0,BUD
2025-05-07 09:23:00,65.41,65.41,65.41,65.41,84.0,BUD
2025-05-07 09:20:00,65.48,65.48,65.44,65.46,197.0,BUD
2025-05-07 09:19:00,65.48,65.48,65.48,65.48,500.0,BUD
2025-05-07 09:18:00,65.49,65.49,65.49,65.49,500.0,BUD
2025-05-07 09:17:00,65.48,65.48,65.48,65.48,80.0,BUD
2025-05-07 09:14:00,65.47,65.47,65.47,65.47,300.0,BUD
2025-05-07 09:13:00,65.38,65.38,65.38,65.38,17.0,BUD
2025-05-07 09:12:00,65.3894,65.3894,65.3894,65.3894,5.0,BUD
2025-05-07 09:05:00,65.46,65.46,65.46,65.46,61.0,BUD
2025-05-07 09:04:00,65.44,65.44,65.44,65.44,220.0,BUD
2025-05-07 09:03:00,65.43,65.46,65.43,65.46,58.0,BUD
2025-05-07 09:02:00,65.47,65.47,65.47,65.47,39.0,BUD
2025-05-07 09:01:00,65.44,65.44,65.43,65.43,114.0,BUD
2025-05-07 09:00:00,65.44,65.4789,65.43,65.4789,386.0,BUD
2025-05-07 08:58:00,65.46,65.46,65.46,65.46,1.0,BUD
2025-05-07 08:56:00,65.5,65.5,65.5,65.5,10.0,BUD
2025-05-07 08:41:00,65.54,65.54,65.54,65.54,1.0,BUD
2025-05-07 08:39:00,65.58,65.58,65.58,65.58,7.0,BUD
2025-05-07 08:33:00,65.56,65.56,65.56,65.56,10.0,BUD
2025-05-07 08:31:00,65.59,65.59,65.59,65.59,40.0,BUD
2025-05-07 08:27:00,65.55,65.55,65.55,65.55,50.0,BUD
2025-05-07 08:22:00,65.5708,65.5708,65.5708,65.5708,1.0,BUD
2025-05-07 08:15:00,65.73,65.73,65.73,65.73,5.0,BUD
2025-05-07 08:00:00,65.46,66.15,65.46,66.15,358.0,BUD
2025-05-07 07:52:00,65.6,65.6,65.6,65.6,75.0,BUD
2025-05-07 07:32:00,65.48,65.48,65.48,65.48,4.0,BUD
2025-05-07 06:40:00,65.43,65.44,65.43,65.43,16.0,BUD
2025-05-07 06:38:00,65.43,65.43,65.43,65.43,10.0,BUD
2025-05-07 06:11:00,65.52,65.52,65.52,65.52,17.0,BUD
2025-05-07 05:50:00,65.51,65.51,65.51,65.51,3.0,BUD
2025-05-07 04:05:00,65.79,65.79,65.79,65.79,1.0,BUD
2025-05-06 19:17:00,65.0382,65.0382,65.0382,65.0382,1.0,BUD
2025-05-06 19:06:00,65.0185,65.0185,65.0185,65.0185,30.0,BUD
2025-05-06 19:03:00,65.6091,65.6091,65.6091,65.6091,100.0,BUD
2025-05-06 19:02:00,65.3679,65.6976,65.3532,65.3532,200.0,BUD
2025-05-06 19:00:00,65.1071,65.1071,65.1071,65.1071,62957.0,BUD
2025-05-06 18:31:00,65.6998,65.6998,65.6998,65.6998,1.0,BUD
2025-05-06 18:30:00,65.1071,65.1071,65.1071,65.1071,62957.0,BUD
2025-05-06 17:19:00,65.0087,65.0087,65.0087,65.0087,65.0,BUD
2025-05-06 17:08:00,65.2547,65.2547,65.2547,65.2547,2.0,BUD
2025-05-06 16:52:00,65.0087,65.0087,65.0087,65.0087,65.0,BUD
2025-05-06 16:28:00,65.1169,65.1169,65.1169,65.1169,5.0,BUD
2025-05-06 16:24:00,65.0087,65.0087,65.0087,65.0087,1.0,BUD
2025-05-06 16:20:00,65.0185,65.0185,65.0185,65.0185,1.0,BUD
2025-05-06 16:17:00,65.2547,65.2547,65.2547,65.2547,10.0,BUD
2025-05-06 16:15:00,65.1563,65.1563,65.1563,65.1563,12.0,BUD
2025-05-06 16:10:00,65.1071,65.1071,65.1071,65.1071,62957.0,BUD
2025-05-06 16:05:00,65.1071,65.1071,65.1071,65.1071,8.0,BUD
2025-05-06 16:03:00,65.0087,65.0087,65.0087,65.0087,1.0,BUD
2025-05-06 16:02:00,65.1071,65.1071,65.1071,65.1071,114.0,BUD
2025-05-06 16:00:00,65.1071,65.1071,65.1071,65.1071,127676.0,BUD
2025-05-06 15:59:00,65.1415,65.1415,65.0973,65.1169,49377.0,BUD
2025-05-06 15:58:00,65.1317,65.1563,65.1268,65.1415,27100.0,BUD
2025-05-06 15:57:00,65.1268,65.1343,65.1169,65.1317,14752.0,BUD
2025-05-06 15:56:00,65.1169,65.1219,65.0973,65.1219,26179.0,BUD
2025-05-06 15:55:00,65.1071,65.1268,65.0973,65.1169,18101.0,BUD
2025-05-06 15:54:00,65.0973,65.116,65.0923,65.116,7498.0,BUD
2025-05-06 15:53:00,65.0923,65.1022,65.0923,65.0973,10247.0,BUD
2025-05-06 15:52:00,65.0923,65.0923,65.0776,65.0874,8714.0,BUD
2025-05-06 15:51:00,65.0973,65.0973,65.0776,65.0874,8713.0,BUD
2025-05-06 15:50:00,65.1366,65.1366,65.0923,65.0973,12977.0,BUD
2025-05-06 15:49:00,65.1366,65.1366,65.1268,65.1268,8647.0,BUD
2025-05-06 15:48:00,65.1071,65.1278,65.1071,65.1268,8563.0,BUD
2025-05-06 15:47:00,65.1169,65.1169,65.0973,65.1071,2439.0,BUD
2025-05-06 15:46:00,65.1219,65.1268,65.1169,65.1169,4570.0,BUD
2025-05-06 15:45:00,65.0973,65.1169,65.0973,65.1169,2421.0,BUD
2025-05-06 15:44:00,65.1071,65.1071,65.0973,65.0973,5584.0,BUD
2025-05-06 15:43:00,65.1071,65.1071,65.1071,65.1071,3114.0,BUD
2025-05-06 15:42:00,65.1169,65.1268,65.1105,65.1105,4115.0,BUD
2025-05-06 15:41:00,65.1169,65.1366,65.1071,65.1366,10005.0,BUD
2025-05-06 15:40:00,65.0874,65.1111,65.0874,65.0877,3797.0,BUD
2025-05-06 15:39:00,65.0677,65.0874,65.0677,65.0874,5588.0,BUD
2025-05-06 15:38:00,65.0874,65.0939,65.0776,65.0776,7154.0,BUD
2025-05-06 15:37:00,65.0973,65.0973,65.0874,65.0874,851.0,BUD
2025-05-06 15:36:00,65.107,65.1169,65.0973,65.0973,5172.0,BUD
2025-05-06 15:35:00,65.0973,65.112,65.0973,65.1022,6655.0,BUD
2025-05-06 15:34:00,65.1169,65.1169,65.1071,65.1071,2777.0,BUD
2025-05-06 15:33:00,65.1071,65.1169,65.1022,65.1071,3819.0,BUD
2025-05-06 15:32:00,65.0874,65.0973,65.0874,65.0973,2977.0,BUD
2025-05-06 15:31:00,65.1049,65.1071,65.0973,65.0973,5716.0,BUD
2025-05-06 15:30:00,65.0726,65.1071,65.0726,65.1022,3139.0,BUD
2025-05-06 15:29:00,65.0579,65.0677,65.048,65.0677,4453.0,BUD
2025-05-06 15:28:00,65.0677,65.0677,65.0579,65.0628,1658.0,BUD
2025-05-06 15:27:00,65.0382,65.0628,65.0382,65.0579,8230.0,BUD
2025-05-06 15:26:00,65.053,65.053,65.0382,65.0382,3513.0,BUD
2025-05-06 15:25:00,65.048,65.0579,65.0382,65.048,2981.0,BUD
2025-05-06 15:24:00,65.0382,65.0431,65.0382,65.0431,2494.0,BUD
2025-05-06 15:23:00,65.0284,65.0333,65.0284,65.0333,1699.0,BUD
2025-05-06 15:22:00,65.0284,65.0284,65.0185,65.0185,1776.0,BUD
2025-05-06 15:21:00,65.0234,65.0382,65.0234,65.0284,2729.0,BUD
2025-05-06 15:20:00,65.048,65.048,65.0176,65.0382,3028.0,BUD
2025-05-06 15:19:00,65.0382,65.048,65.0382,65.048,2932.0,BUD
2025-05-06 15:18:00,65.0579,65.0628,65.0382,65.0382,4884.0,BUD
2025-05-06 15:17:00,65.0677,65.0677,65.0579,65.0579,1617.0,BUD
2025-05-06 15:16:00,65.053,65.0678,65.053,65.0579,3978.0,BUD
2025-05-06 15:15:00,65.048,65.053,65.048,65.048,1403.0,BUD
2025-05-06 15:14:00,65.0284,65.048,65.0284,65.048,5467.0,BUD
2025-05-06 15:13:00,65.0185,65.0234,65.0185,65.0234,2231.0,BUD
2025-05-06 15:12:00,65.0185,65.0185,65.0087,65.0087,1923.0,BUD
2025-05-06 15:11:00,65.0185,65.0185,65.0087,65.0087,2501.0,BUD
2025-05-06 15:10:00,65.0431,65.0431,65.0382,65.0382,1963.0,BUD
2025-05-06 15:09:00,65.0382,65.0431,65.0382,65.0431,2929.0,BUD
2025-05-06 15:08:00,65.0284,65.0333,65.0185,65.0185,4107.0,BUD
2025-05-06 15:07:00,65.0579,65.0579,65.0284,65.0284,2061.0,BUD
2025-05-06 15:06:00,65.0676,65.0677,65.0579,65.0579,4890.0,BUD
2025-05-06 15:05:00,65.0677,65.0677,65.0628,65.0628,860.0,BUD
2025-05-06 15:04:00,65.0874,65.0874,65.0776,65.0776,3118.0,BUD
2025-05-06 15:03:00,65.0874,65.0923,65.0874,65.0874,4045.0,BUD
2025-05-06 15:02:00,65.0776,65.0874,65.0776,65.0874,2089.0,BUD
2025-05-06 15:01:00,65.0677,65.0874,65.0677,65.0726,8834.0,BUD
2025-05-06 15:00:00,65.0579,65.0677,65.0579,65.0677,18635.0,BUD
2025-05-06 14:59:00,65.0677,65.0677,65.0579,65.0677,1013.0,BUD
2025-05-06 14:58:00,65.0677,65.0716,65.0677,65.0716,2770.0,BUD
2025-05-06 14:57:00,65.0776,65.0776,65.0776,65.0776,629.0,BUD
2025-05-06 14:56:00,65.0776,65.0776,65.0677,65.0726,3690.0,BUD
2025-05-06 14:55:00,65.0677,65.0776,65.0677,65.0776,3293.0,BUD
2025-05-06 14:54:00,65.0726,65.074,65.0677,65.0677,2249.0,BUD
2025-05-06 14:53:00,65.0776,65.0776,65.0677,65.0726,2372.0,BUD
2025-05-06 14:52:00,65.0814,65.0814,65.0677,65.0677,2220.0,BUD
2025-05-06 14:51:00,65.0284,65.0874,64.9988,65.0874,15302.0,BUD
2025-05-06 14:50:00,65.0234,65.0333,65.0234,65.0333,2308.0,BUD
2025-05-06 14:49:00,65.0382,65.048,65.0185,65.0185,3720.0,BUD
2025-05-06 14:48:00,65.0579,65.0579,65.0382,65.0382,2015.0,BUD
2025-05-06 14:47:00,65.0726,65.0726,65.0579,65.0579,5247.0,BUD
2025-05-06 14:46:00,65.0726,65.0726,65.0628,65.0726,4041.0,BUD
2025-05-06 14:45:00,65.0726,65.0726,65.0677,65.0677,1337.0,BUD
2025-05-06 14:44:00,65.0776,65.0776,65.0579,65.0677,2188.0,BUD
2025-05-06 14:43:00,65.1268,65.1268,65.0874,65.0874,2690.0,BUD
2025-05-06 14:42:00,65.1563,65.1563,65.1268,65.1268,2275.0,BUD
2025-05-06 14:41:00,65.1639,65.1639,65.1465,65.1612,10079.0,BUD
2025-05-06 14:40:00,65.1514,65.1661,65.1514,65.1612,2962.0,BUD
2025-05-06 14:39:00,65.1465,65.1465,65.1465,65.1465,818.0,BUD
2025-05-06 14:38:00,65.1514,65.1514,65.1465,65.1465,776.0,BUD
2025-05-06 14:37:00,65.1465,65.1465,65.1465,65.1465,1457.0,BUD
2025-05-06 14:36:00,65.1415,65.1415,65.1415,65.1415,415.0,BUD
2025-05-06 14:35:00,65.1366,65.1465,65.1268,65.1465,2805.0,BUD
2025-05-06 14:34:00,65.1366,65.1415,65.1366,65.1366,2194.0,BUD
2025-05-06 14:33:00,65.1317,65.1317,65.1317,65.1317,1261.0,BUD
2025-05-06 14:32:00,65.1268,65.1366,65.1268,65.1317,1408.0,BUD
2025-05-06 14:31:00,65.1219,65.1268,65.1169,65.1219,3805.0,BUD
2025-05-06 14:30:00,65.1169,65.1219,65.1169,65.1219,1062.0,BUD
2025-05-06 14:29:00,65.112,65.1268,65.1071,65.1219,4665.0,BUD
2025-05-06 14:28:00,65.1071,65.112,65.1071,65.112,925.0,BUD
2025-05-06 14:27:00,65.1071,65.1071,65.1022,65.1071,2204.0,BUD
2025-05-06 14:25:00,65.112,65.112,65.1071,65.112,725.0,BUD
2025-05-06 14:24:00,65.1071,65.1167,65.1071,65.1167,606.0,BUD
2025-05-06 14:23:00,65.1071,65.1071,65.1022,65.1022,1834.0,BUD
2025-05-06 14:22:00,65.0923,65.112,65.0923,65.1071,7343.0,BUD
2025-05-06 14:21:00,65.1022,65.1022,65.0874,65.0923,2827.0,BUD
2025-05-06 14:20:00,65.0874,65.0986,65.0847,65.0973,2528.0,BUD
2025-05-06 14:19:00,65.0874,65.0874,65.0874,65.0874,1753.0,BUD
2025-05-06 14:18:00,65.0972,65.0972,65.0972,65.0972,343.0,BUD
2025-05-06 14:17:00,65.0874,65.0874,65.0874,65.0874,821.0,BUD
2025-05-06 14:16:00,65.0726,65.0973,65.0726,65.0874,3835.0,BUD
2025-05-06 14:15:00,65.0726,65.0726,65.0677,65.0726,1798.0,BUD
2025-05-06 14:14:00,65.0726,65.0726,65.0628,65.0677,1865.0,BUD
2025-05-06 14:12:00,65.0677,65.0677,65.0677,65.0677,730.0,BUD
2025-05-06 14:11:00,65.048,65.0628,65.0382,65.0628,2799.0,BUD
2025-05-06 14:10:00,65.0874,65.0874,65.0579,65.0579,3113.0,BUD
2025-05-06 14:09:00,65.0973,65.0973,65.0973,65.0973,574.0,BUD
2025-05-06 14:08:00,65.0874,65.0973,65.0874,65.0923,2620.0,BUD
2025-05-06 14:07:00,65.0776,65.0874,65.0726,65.0874,1734.0,BUD
2025-05-06 14:05:00,65.0973,65.0973,65.0874,65.0874,2064.0,BUD
2025-05-06 14:04:00,65.0776,65.0963,65.0726,65.0923,2381.0,BUD
2025-05-06 14:03:00,65.0874,65.0874,65.0874,65.0874,983.0,BUD
2025-05-06 14:02:00,65.053,65.0874,65.053,65.0874,2890.0,BUD
2025-05-06 14:01:00,65.0284,65.0382,65.0284,65.0382,3166.0,BUD
2025-05-06 14:00:00,65.0087,65.0234,65.0087,65.0234,3232.0,BUD
2025-05-06 13:59:00,65.0087,65.0087,64.9988,64.9988,1649.0,BUD
2025-05-06 13:58:00,65.0185,65.0185,65.0136,65.0185,1262.0,BUD
2025-05-06 13:57:00,65.0037,65.0087,65.0037,65.0087,2418.0,BUD
2025-05-06 13:56:00,64.9988,65.0037,64.9988,64.9988,1149.0,BUD
2025-05-06 13:55:00,65.0185,65.0185,65.0037,65.0037,1722.0,BUD
2025-05-06 13:54:00,65.0333,65.0333,65.0185,65.0185,2539.0,BUD
2025-05-06 13:52:00,65.0379,65.0382,65.0284,65.0284,4296.0,BUD
2025-05-06 13:51:00,65.0333,65.0382,65.0284,65.0284,3075.0,BUD
2025-05-06 13:50:00,65.0185,65.0382,65.0087,65.0382,3370.0,BUD
2025-05-06 13:49:00,65.0185,65.0185,65.0185,65.0185,853.0,BUD
2025-05-06 13:48:00,65.0284,65.0284,65.0185,65.0284,1185.0,BUD
2025-05-06 13:47:00,65.0382,65.0382,65.0382,65.0382,375.0,BUD
2025-05-06 13:46:00,65.0579,65.0579,65.0382,65.0382,1663.0,BUD
2025-05-06 13:45:00,65.058,65.058,65.0579,65.0579,1091.0,BUD
2025-05-06 13:44:00,65.0874,65.0874,65.0677,65.0677,3121.0,BUD
2025-05-06 13:43:00,65.1069,65.1071,65.0874,65.0973,2008.0,BUD
2025-05-06 13:42:00,65.1169,65.1219,65.0973,65.0973,1458.0,BUD
2025-05-06 13:41:00,65.1169,65.1169,65.1071,65.1071,1623.0,BUD
2025-05-06 13:40:00,65.1366,65.1366,65.0973,65.1219,7542.0,BUD
2025-05-06 13:39:00,65.1563,65.1563,65.1465,65.1465,1053.0,BUD
2025-05-06 13:38:00,65.1563,65.176,65.1563,65.1661,3769.0,BUD
2025-05-06 13:37:00,65.1465,65.1465,65.1415,65.1465,1507.0,BUD
2025-05-06 13:36:00,65.1553,65.1612,65.1553,65.1563,1908.0,BUD
2025-05-06 13:35:00,65.1465,65.1612,65.1465,65.1514,3625.0,BUD
2025-05-06 13:34:00,65.1415,65.1465,65.1415,65.1461,1418.0,BUD
2025-05-06 13:33:00,65.1366,65.1514,65.1366,65.1415,6225.0,BUD
2025-05-06 13:32:00,65.1366,65.1366,65.1268,65.1268,1458.0,BUD
2025-05-06 13:31:00,65.1415,65.1415,65.1415,65.1415,1470.0,BUD
2025-05-06 13:30:00,65.1268,65.1415,65.1268,65.1415,1883.0,BUD
2025-05-06 13:29:00,65.1366,65.1366,65.1268,65.1268,956.0,BUD
2025-05-06 13:28:00,65.1415,65.1415,65.1268,65.1268,1155.0,BUD
2025-05-06 13:27:00,65.1317,65.1612,65.1317,65.1415,3648.0,BUD
2025-05-06 13:26:00,65.1317,65.1365,65.1317,65.1317,1114.0,BUD
2025-05-06 13:25:00,65.1317,65.1317,65.1317,65.1317,450.0,BUD
2025-05-06 13:24:00,65.1268,65.1317,65.1268,65.1317,691.0,BUD
2025-05-06 13:23:00,65.1465,65.1465,65.1317,65.1317,1438.0,BUD
2025-05-06 13:22:00,65.1465,65.1563,65.1465,65.1563,5427.0,BUD
2025-05-06 13:21:00,65.1465,65.1465,65.1366,65.1415,1146.0,BUD
2025-05-06 13:20:00,65.176,65.176,65.1563,65.1563,2527.0,BUD
2025-05-06 13:19:00,65.1661,65.176,65.1661,65.176,2181.0,BUD
2025-05-06 13:18:00,65.1711,65.1711,65.1661,65.1661,1370.0,BUD
2025-05-06 13:17:00,65.1661,65.176,65.1592,65.176,1312.0,BUD
2025-05-06 13:16:00,65.1661,65.1661,65.1661,65.1661,385.0,BUD
2025-05-06 13:15:00,65.1465,65.1661,65.1366,65.1661,2868.0,BUD
2025-05-06 13:14:00,65.1366,65.1661,65.1366,65.1465,2419.0,BUD
2025-05-06 13:13:00,65.1563,65.1563,65.1415,65.1415,1465.0,BUD
2025-05-06 13:12:00,65.1661,65.1687,65.1661,65.1661,1266.0,BUD
2025-05-06 13:10:00,65.1661,65.1661,65.1563,65.1601,1061.0,BUD
2025-05-06 13:09:00,65.1465,65.1661,65.1465,65.1661,1391.0,BUD
2025-05-06 13:08:00,65.1415,65.1465,65.1268,65.1366,4604.0,BUD
2025-05-06 13:07:00,65.1366,65.1366,65.1366,65.1366,139.0,BUD
2025-05-06 13:06:00,65.1563,65.1563,65.1268,65.1268,2304.0,BUD
2025-05-06 13:05:00,65.1366,65.1465,65.1268,65.1465,992.0,BUD
2025-05-06 13:04:00,65.1366,65.1366,65.1268,65.1268,1473.0,BUD
2025-05-06 13:03:00,65.1115,65.1268,65.1115,65.1268,1690.0,BUD
2025-05-06 13:02:00,65.0874,65.1169,65.0874,65.1169,2167.0,BUD
2025-05-06 13:01:00,65.0923,65.0973,65.0874,65.0973,3565.0,BUD
2025-05-06 13:00:00,65.0677,65.0973,65.0677,65.0923,3753.0,BUD
2025-05-06 12:59:00,65.0677,65.0677,65.0579,65.0579,1360.0,BUD
2025-05-06 12:58:00,65.0677,65.0677,65.0677,65.0677,606.0,BUD
2025-05-06 12:57:00,65.0677,65.0726,65.0677,65.0677,1241.0,BUD
2025-05-06 12:56:00,65.0973,65.0973,65.0702,65.0726,8881.0,BUD
2025-05-06 12:55:00,65.0874,65.1169,65.0874,65.1071,3580.0,BUD
2025-05-06 12:53:00,65.0874,65.0923,65.0776,65.0776,3207.0,BUD
2025-05-06 12:52:00,65.0776,65.0776,65.0776,65.0776,748.0,BUD
2025-05-06 12:50:00,65.0874,65.0874,65.0776,65.0776,2165.0,BUD
2025-05-06 12:49:00,65.0973,65.0973,65.0973,65.0973,298.0,BUD
2025-05-06 12:48:00,65.0874,65.0973,65.0825,65.0973,2331.0,BUD
2025-05-06 12:47:00,65.0973,65.0973,65.0973,65.0973,617.0,BUD
2025-05-06 12:46:00,65.0874,65.0874,65.0874,65.0874,2087.0,BUD
2025-05-06 12:45:00,65.0776,65.0874,65.0677,65.0874,3318.0,BUD
2025-05-06 12:44:00,65.1071,65.1071,65.0776,65.0807,1545.0,BUD
2025-05-06 12:43:00,65.1169,65.1169,65.112,65.1169,1444.0,BUD
2025-05-06 12:42:00,65.1169,65.1268,65.112,65.1169,2960.0,BUD
2025-05-06 12:41:00,65.1366,65.1366,65.1169,65.1268,2391.0,BUD
2025-05-06 12:40:00,65.1465,65.1465,65.1465,65.1465,403.0,BUD
2025-05-06 12:39:00,65.1465,65.1465,65.1366,65.1366,996.0,BUD
2025-05-06 12:38:00,65.1455,65.1563,65.1455,65.1563,2676.0,BUD
2025-05-06 12:37:00,65.1465,65.1465,65.1366,65.1465,954.0,BUD
2025-05-06 12:36:00,65.1563,65.1563,65.1563,65.1563,1716.0,BUD
2025-05-06 12:35:00,65.1465,65.1563,65.1465,65.1465,1500.0,BUD
2025-05-06 12:34:00,65.1169,65.1465,65.1169,65.1465,1482.0,BUD
2025-05-06 12:33:00,65.0971,65.1071,65.0874,65.1071,1332.0,BUD
2025-05-06 12:32:00,65.1022,65.1022,65.0874,65.0874,2668.0,BUD
2025-05-06 12:31:00,65.0677,65.0776,65.0677,65.0776,2042.0,BUD
2025-05-06 12:30:00,65.048,65.0628,65.048,65.0628,2651.0,BUD
2025-05-06 12:29:00,65.0677,65.0677,65.048,65.048,970.0,BUD
2025-05-06 12:28:00,65.0776,65.0776,65.048,65.0677,4035.0,BUD
2025-05-06 12:27:00,65.0874,65.0923,65.0776,65.0776,2283.0,BUD
2025-05-06 12:26:00,65.0874,65.0874,65.0874,65.0874,386.0,BUD
2025-05-06 12:25:00,65.1071,65.1169,65.0973,65.0973,1668.0,BUD
2025-05-06 12:24:00,65.1169,65.1169,65.0973,65.0973,2630.0,BUD
2025-05-06 12:23:00,65.1169,65.1268,65.1071,65.1268,2378.0,BUD
2025-05-06 12:22:00,65.1219,65.1268,65.1219,65.1268,1166.0,BUD
2025-05-06 12:21:00,65.1661,65.1661,65.1268,65.1268,1780.0,BUD
2025-05-06 12:20:00,65.2154,65.2154,65.1661,65.1661,2946.0,BUD
2025-05-06 12:19:00,65.2252,65.2252,65.2252,65.2252,1525.0,BUD
2025-05-06 12:18:00,65.2055,65.2154,65.2055,65.2154,1709.0,BUD
2025-05-06 12:17:00,65.2252,65.2252,65.2154,65.2154,1009.0,BUD
2025-05-06 12:16:00,65.2547,65.2547,65.2252,65.235,2009.0,BUD
2025-05-06 12:15:00,65.2744,65.2744,65.2547,65.2547,1170.0,BUD
2025-05-06 12:14:00,65.235,65.2695,65.235,65.2646,2050.0,BUD
2025-05-06 12:13:00,65.1809,65.2154,65.1809,65.2154,2367.0,BUD
2025-05-06 12:12:00,65.176,65.1858,65.176,65.1858,1736.0,BUD
2025-05-06 12:11:00,65.1169,65.1612,65.1169,65.1612,5080.0,BUD
2025-05-06 12:10:00,65.1071,65.1169,65.1071,65.1071,1593.0,BUD
2025-05-06 12:09:00,65.1317,65.1317,65.1268,65.1268,1831.0,BUD
2025-05-06 12:08:00,65.1366,65.1366,65.1169,65.1268,4069.0,BUD
2025-05-06 12:07:00,65.1317,65.1415,65.1317,65.1415,2389.0,BUD
2025-05-06 12:05:00,65.1317,65.1317,65.1268,65.1268,1592.0,BUD
2025-05-06 12:04:00,65.1071,65.1317,65.1071,65.1317,1906.0,BUD
2025-05-06 12:03:00,65.0726,65.0973,65.0579,65.0973,4521.0,BUD
2025-05-06 12:02:00,65.0874,65.0874,65.0677,65.0677,1170.0,BUD
2025-05-06 12:01:00,65.0874,65.0895,65.0776,65.0776,1559.0,BUD
2025-05-06 12:00:00,65.1071,65.1071,65.0677,65.0874,3608.0,BUD
2025-05-06 11:59:00,65.112,65.112,65.1012,65.1012,1387.0,BUD
2025-05-06 11:58:00,65.0973,65.112,65.0973,65.112,3282.0,BUD
2025-05-06 11:57:00,65.0973,65.1022,65.0923,65.0973,1662.0,BUD
2025-05-06 11:55:00,65.0874,65.0874,65.0874,65.0874,259.0,BUD
2025-05-06 11:54:00,65.0825,65.0923,65.0776,65.0923,3175.0,BUD
2025-05-06 11:53:00,65.0973,65.0973,65.0776,65.0776,1282.0,BUD
2025-05-06 11:52:00,65.0874,65.0973,65.0874,65.0973,1056.0,BUD
2025-05-06 11:51:00,65.112,65.1169,65.0973,65.0977,2235.0,BUD
2025-05-06 11:50:00,65.1366,65.1366,65.1169,65.1169,1350.0,BUD
2025-05-06 11:49:00,65.1366,65.1366,65.1366,65.1366,267.0,BUD
2025-05-06 11:48:00,65.1366,65.1366,65.1366,65.1366,547.0,BUD
2025-05-06 11:47:00,65.176,65.176,65.1366,65.1366,1537.0,BUD
2025-05-06 11:46:00,65.1809,65.1809,65.1661,65.176,1341.0,BUD
2025-05-06 11:45:00,65.176,65.176,65.1661,65.176,866.0,BUD
2025-05-06 11:44:00,65.1711,65.1814,65.1563,65.1814,2583.0,BUD
2025-05-06 11:43:00,65.1858,65.1858,65.176,65.176,1538.0,BUD
2025-05-06 11:42:00,65.2181,65.2181,65.1858,65.1957,3424.0,BUD
2025-05-06 11:41:00,65.2449,65.2449,65.2154,65.2154,1155.0,BUD
2025-05-06 11:40:00,65.2483,65.2597,65.2483,65.2547,2957.0,BUD
2025-05-06 11:39:00,65.235,65.2547,65.235,65.2547,1263.0,BUD
2025-05-06 11:38:00,65.2449,65.2498,65.2449,65.2449,3266.0,BUD
2025-05-06 11:37:00,65.24,65.24,65.235,65.24,1431.0,BUD
2025-05-06 11:35:00,65.24,65.24,65.235,65.24,2268.0,BUD
2025-05-06 11:34:00,65.2055,65.2252,65.2055,65.2252,2731.0,BUD
2025-05-06 11:32:00,65.2252,65.2252,65.1957,65.2055,2737.0,BUD
2025-05-06 11:31:00,65.235,65.24,65.235,65.235,1038.0,BUD
2025-05-06 11:30:00,65.2449,65.2449,65.2449,65.2449,1706.0,BUD
2025-05-06 11:29:00,65.2252,65.2449,65.2252,65.2449,2523.0,BUD
2025-05-06 11:28:00,65.2498,65.25,65.2154,65.2203,2720.0,BUD
2025-05-06 11:27:00,65.272,65.2843,65.2646,65.2646,4760.0,BUD
2025-05-06 11:26:00,65.2646,65.2695,65.2646,65.2695,869.0,BUD
2025-05-06 11:25:00,65.2646,65.2744,65.2547,65.2547,5010.0,BUD
2025-05-06 11:24:00,65.2843,65.2892,65.2646,65.2646,3888.0,BUD
2025-05-06 11:23:00,65.2843,65.2843,65.2547,65.2843,3169.0,BUD
2025-05-06 11:22:00,65.3236,65.3335,65.2744,65.2744,5447.0,BUD
2025-05-06 11:21:00,65.3039,65.3335,65.3039,65.3285,14796.0,BUD
2025-05-06 11:20:00,65.2744,65.2941,65.2744,65.2941,3496.0,BUD
2025-05-06 11:19:00,65.2547,65.2744,65.2547,65.2744,18905.0,BUD
2025-05-06 11:18:00,65.2154,65.2449,65.2154,65.2449,6622.0,BUD
2025-05-06 11:17:00,65.235,65.2449,65.2055,65.2252,9577.0,BUD
2025-05-06 11:16:00,65.235,65.2449,65.2252,65.235,2621.0,BUD
2025-05-06 11:15:00,65.235,65.2449,65.2252,65.2252,9351.0,BUD
2025-05-06 11:14:00,65.235,65.2449,65.2299,65.2447,2616.0,BUD
2025-05-06 11:13:00,65.176,65.235,65.176,65.235,3021.0,BUD
2025-05-06 11:12:00,65.1366,65.1563,65.1366,65.1563,1864.0,BUD
2025-05-06 11:11:00,65.0628,65.1366,65.0628,65.1366,6437.0,BUD
2025-05-06 11:10:00,65.1169,65.1169,65.048,65.0628,7305.0,BUD
2025-05-06 11:09:00,65.1219,65.1465,65.1219,65.1268,5673.0,BUD
2025-05-06 11:08:00,65.0874,65.1169,65.0874,65.1169,3458.0,BUD
2025-05-06 11:07:00,65.1219,65.1465,65.0874,65.0874,9458.0,BUD
2025-05-06 11:06:00,65.1071,65.1268,65.1071,65.1268,9109.0,BUD
2025-05-06 11:05:00,65.0874,65.1022,65.0874,65.1022,2746.0,BUD
2025-05-06 11:04:00,65.1071,65.1071,65.0776,65.0776,7355.0,BUD
2025-05-06 11:03:00,65.1022,65.1022,65.0973,65.0973,3974.0,BUD
2025-05-06 11:02:00,65.0874,65.0973,65.0874,65.0973,2774.0,BUD
2025-05-06 11:01:00,65.0874,65.0874,65.0776,65.0776,1666.0,BUD
2025-05-06 11:00:00,65.0776,65.0973,65.0776,65.0874,4727.0,BUD
2025-05-06 10:59:00,65.0923,65.0923,65.0776,65.0776,1582.0,BUD
2025-05-06 10:58:00,65.0973,65.1071,65.0874,65.0923,1654.0,BUD
2025-05-06 10:57:00,65.0874,65.1332,65.0874,65.112,4318.0,BUD
2025-05-06 10:56:00,65.0973,65.0973,65.0973,65.0973,650.0,BUD
2025-05-06 10:55:00,65.0677,65.0973,65.0677,65.0973,4120.0,BUD
2025-05-06 10:54:00,65.1071,65.1113,65.0874,65.0874,2064.0,BUD
2025-05-06 10:53:00,65.1465,65.1465,65.0973,65.112,2021.0,BUD
2025-05-06 10:52:00,65.1661,65.1661,65.1563,65.1563,3618.0,BUD
2025-05-06 10:51:00,65.176,65.176,65.1661,65.1661,1857.0,BUD
2025-05-06 10:50:00,65.2154,65.2154,65.176,65.176,6581.0,BUD
2025-05-06 10:49:00,65.2055,65.2252,65.2055,65.2154,1898.0,BUD
2025-05-06 10:48:00,65.2252,65.2252,65.2154,65.2154,2363.0,BUD
2025-05-06 10:47:00,65.1957,65.235,65.1957,65.235,12649.0,BUD
2025-05-06 10:46:00,65.1858,65.1858,65.1858,65.1858,742.0,BUD
2025-05-06 10:45:00,65.1661,65.1858,65.1661,65.176,3517.0,BUD
2025-05-06 10:44:00,65.1661,65.1661,65.1317,65.1563,3400.0,BUD
2025-05-06 10:43:00,65.1957,65.2006,65.1661,65.1661,2852.0,BUD
2025-05-06 10:42:00,65.2301,65.235,65.2055,65.2055,7876.0,BUD
2025-05-06 10:41:00,65.2547,65.2744,65.2301,65.2301,8494.0,BUD
2025-05-06 10:40:00,65.2843,65.2941,65.2646,65.2695,4414.0,BUD
2025-05-06 10:39:00,65.299,65.3039,65.2744,65.2843,4401.0,BUD
2025-05-06 10:38:00,65.2941,65.3039,65.2843,65.2892,3743.0,BUD
2025-05-06 10:37:00,65.3138,65.3236,65.3138,65.3236,3207.0,BUD
2025-05-06 10:36:00,65.3138,65.3285,65.3089,65.3089,3117.0,BUD
2025-05-06 10:35:00,65.2744,65.3138,65.2646,65.3138,9703.0,BUD
2025-05-06 10:34:00,65.2744,65.2843,65.2744,65.2793,1719.0,BUD
2025-05-06 10:33:00,65.2744,65.2744,65.2646,65.2744,2647.0,BUD
2025-05-06 10:32:00,65.2449,65.2695,65.2449,65.2695,1825.0,BUD
2025-05-06 10:31:00,65.2252,65.24,65.1957,65.235,6461.0,BUD
2025-05-06 10:30:00,65.235,65.2449,65.2203,65.2203,1533.0,BUD
2025-05-06 10:29:00,65.2498,65.2547,65.235,65.235,943.0,BUD
2025-05-06 10:28:00,65.2744,65.2843,65.2449,65.2449,3326.0,BUD
2025-05-06 10:27:00,65.2547,65.2842,65.2547,65.2744,3618.0,BUD
2025-05-06 10:26:00,65.235,65.2547,65.235,65.2449,3310.0,BUD
2025-05-06 10:25:00,65.2547,65.2547,65.2154,65.2226,4597.0,BUD
2025-05-06 10:24:00,65.2843,65.2843,65.2547,65.2547,2899.0,BUD
2025-05-06 10:23:00,65.2547,65.2843,65.2547,65.2843,3265.0,BUD
2025-05-06 10:22:00,65.3039,65.3039,65.2744,65.2744,2502.0,BUD
2025-05-06 10:21:00,65.2744,65.3039,65.2744,65.3039,1428.0,BUD
2025-05-06 10:20:00,65.2843,65.2843,65.2547,65.2843,1762.0,BUD
2025-05-06 10:19:00,65.2843,65.2941,65.2843,65.2941,1790.0,BUD
2025-05-06 10:18:00,65.3335,65.3335,65.2843,65.2843,3800.0,BUD
2025-05-06 10:17:00,65.2744,65.3335,65.2744,65.3335,4366.0,BUD
2025-05-06 10:16:00,65.363,65.3728,65.2646,65.2646,45682.0,BUD
2025-05-06 10:15:00,65.3335,65.3925,65.3236,65.3581,32034.0,BUD
2025-05-06 10:14:00,65.3433,65.3532,65.3433,65.3433,4147.0,BUD
2025-05-06 10:13:00,65.3532,65.363,65.3433,65.3482,11101.0,BUD
2025-05-06 10:12:00,65.363,65.363,65.3335,65.3335,3677.0,BUD
2025-05-06 10:11:00,65.3728,65.3728,65.3138,65.3532,19329.0,BUD
2025-05-06 10:10:00,65.3728,65.4024,65.363,65.3827,16182.0,BUD
2025-05-06 10:09:00,65.3925,65.422,65.3728,65.3876,4900.0,BUD
2025-05-06 10:08:00,65.422,65.4319,65.4122,65.4122,5530.0,BUD
2025-05-06 10:07:00,65.4516,65.4713,65.4319,65.4319,4902.0,BUD
2025-05-06 10:06:00,65.4417,65.4614,65.4417,65.4614,4219.0,BUD
2025-05-06 10:05:00,65.4319,65.4713,65.4319,65.4565,4651.0,BUD
2025-05-06 10:04:00,65.422,65.4516,65.422,65.4516,3419.0,BUD
2025-05-06 10:03:00,65.4024,65.4319,65.4024,65.4319,2149.0,BUD
2025-05-06 10:02:00,65.3728,65.4122,65.363,65.3941,6635.0,BUD
2025-05-06 10:01:00,65.4319,65.4417,65.4024,65.4024,3394.0,BUD
2025-05-06 10:00:00,65.4319,65.4319,65.3778,65.422,10187.0,BUD
2025-05-06 09:59:00,65.3925,65.4417,65.3925,65.4417,4999.0,BUD
2025-05-06 09:58:00,65.3925,65.4122,65.3925,65.4073,3642.0,BUD
2025-05-06 09:57:00,65.3974,65.4319,65.3974,65.4122,3234.0,BUD
2025-05-06 09:56:00,65.4417,65.4417,65.3925,65.3925,5502.0,BUD
2025-05-06 09:55:00,65.4319,65.4417,65.3925,65.4161,14054.0,BUD
2025-05-06 09:54:00,65.422,65.4417,65.4024,65.4417,7800.0,BUD
2025-05-06 09:53:00,65.3827,65.4319,65.3728,65.422,8053.0,BUD
2025-05-06 09:52:00,65.363,65.3827,65.3532,65.3728,7726.0,BUD
2025-05-06 09:51:00,65.3728,65.3728,65.3335,65.3728,5740.0,BUD
2025-05-06 09:50:00,65.3728,65.3925,65.3679,65.3679,6317.0,BUD
2025-05-06 09:49:00,65.4122,65.4122,65.363,65.363,15949.0,BUD
2025-05-06 09:48:00,65.4122,65.4417,65.4122,65.4319,3813.0,BUD
2025-05-06 09:47:00,65.3876,65.4467,65.3788,65.4467,4624.0,BUD
2025-05-06 09:46:00,65.3925,65.4319,65.3925,65.4024,11135.0,BUD
2025-05-06 09:45:00,65.4909,65.4909,65.422,65.422,7212.0,BUD
2025-05-06 09:43:00,65.5648,65.5648,65.5205,65.5303,9815.0,BUD
2025-05-06 09:42:00,65.5549,65.5894,65.55,65.5648,16352.0,BUD
2025-05-06 09:41:00,65.55,65.5598,65.5303,65.5598,13193.0,BUD
2025-05-06 09:40:00,65.4417,65.5894,65.4417,65.5697,13002.0,BUD
2025-05-06 09:39:00,65.5795,65.5894,65.4467,65.4467,13797.0,BUD
2025-05-06 09:38:00,65.55,65.5697,65.5402,65.5697,9436.0,BUD
2025-05-06 09:37:00,65.5746,65.5943,65.5254,65.55,13316.0,BUD
2025-05-06 09:36:00,65.6337,65.6386,65.5795,65.5795,20238.0,BUD
2025-05-06 09:35:00,65.6386,65.6484,65.5795,65.6337,44564.0,BUD
2025-05-06 09:34:00,65.7075,65.7075,65.6287,65.6469,27396.0,BUD
2025-05-06 09:33:00,65.7075,65.737,65.6435,65.7173,55314.0,BUD
2025-05-06 09:32:00,65.7222,65.7222,65.6238,65.6878,41071.0,BUD
2025-05-06 09:31:00,65.7862,65.7862,65.7124,65.7272,12626.0,BUD
2025-05-06 09:30:00,65.7961,65.8945,65.7272,65.7961,43720.0,BUD
2025-05-06 09:29:00,65.9043,66.0027,65.7665,65.7665,2863.0,BUD
2025-05-06 09:28:00,65.8748,65.8748,65.8354,65.865,303.0,BUD
2025-05-06 09:27:00,65.9437,65.9437,65.9437,65.9437,300.0,BUD
2025-05-06 09:25:00,65.9437,66.0027,65.9437,65.9732,1639.0,BUD
2025-05-06 09:13:00,65.9043,65.9043,65.9043,65.9043,1.0,BUD
2025-05-06 09:06:00,66.0913,66.0913,66.0913,66.0913,148.0,BUD
2025-05-06 08:58:00,65.9437,65.9437,65.9437,65.9437,10.0,BUD
2025-05-06 08:55:00,65.8945,66.0323,65.8945,66.0323,1073.0,BUD
2025-05-06 08:54:00,65.8059,65.9437,65.7567,65.8945,3066.0,BUD
2025-05-06 08:53:00,65.6583,65.6583,65.6583,65.6583,12.0,BUD
2025-05-06 08:43:00,65.737,65.7468,65.737,65.7468,31.0,BUD
2025-05-06 08:41:00,65.737,65.737,65.737,65.737,20.0,BUD
2025-05-06 08:39:00,65.8453,65.8453,65.8453,65.8453,5.0,BUD
2025-05-06 08:36:00,65.8453,65.8453,65.8453,65.8453,5.0,BUD
2025-05-06 08:35:00,65.8256,65.8354,65.8256,65.8354,1100.0,BUD
2025-05-06 08:34:00,65.8157,65.8256,65.7961,65.8059,1775.0,BUD
2025-05-06 08:02:00,64.9398,64.9398,64.9398,64.9398,2.0,BUD
2025-05-06 08:01:00,65.8059,65.8059,65.8059,65.8059,3.0,BUD
2025-05-06 08:00:00,65.6976,65.8551,65.6484,65.6484,34.0,BUD
2025-05-06 07:36:00,65.6779,65.6779,65.6779,65.6779,1.0,BUD
2025-05-06 07:08:00,65.8748,65.8748,65.8748,65.8748,100.0,BUD
2025-05-06 07:06:00,65.8748,65.8748,65.7272,65.7272,114.0,BUD
2025-05-06 07:04:00,65.8354,65.8551,65.8354,65.8551,301.0,BUD
2025-05-06 07:00:00,65.6976,65.6976,65.6976,65.6976,70.0,BUD
2025-05-06 06:59:00,65.7862,65.8059,65.7862,65.8059,2285.0,BUD
2025-05-06 06:54:00,65.7173,65.7468,65.7173,65.7468,2706.0,BUD
2025-05-06 06:53:00,65.6976,65.7075,65.6976,65.7075,2.0,BUD
2025-05-06 06:52:00,65.6976,65.7173,65.6976,65.7173,1014.0,BUD
2025-05-06 06:49:00,65.6878,65.6976,65.6878,65.6976,900.0,BUD
2025-05-06 06:38:00,65.4909,65.5008,65.4909,65.5008,1257.0,BUD
2025-05-06 06:32:00,65.2941,65.2941,65.2843,65.2843,200.0,BUD
2025-05-06 06:29:00,65.5402,65.5402,65.5402,65.5402,19.0,BUD
2025-05-06 06:21:00,65.55,65.55,65.55,65.55,10.0,BUD
2025-05-06 05:15:00,65.6681,65.6681,65.6681,65.6681,1.0,BUD
2025-05-06 05:05:00,65.6681,65.6681,65.6681,65.6681,100.0,BUD
2025-05-06 05:04:00,65.6484,65.6484,65.6484,65.6484,16.0,BUD
2025-05-06 05:00:00,65.6976,65.6976,65.6976,65.6976,16.0,BUD
2025-05-06 04:59:00,65.6976,65.6976,65.6976,65.6976,100.0,BUD
2025-05-06 04:58:00,65.6681,65.6878,65.6681,65.6878,200.0,BUD
2025-05-06 04:52:00,65.6779,65.6779,65.6779,65.6779,100.0,BUD
2025-05-06 04:48:00,65.6976,65.6976,65.6976,65.6976,200.0,BUD
2025-05-06 04:43:00,65.6976,65.6976,65.6976,65.6976,100.0,BUD
2025-05-06 04:42:00,65.6878,65.6878,65.6878,65.6878,100.0,BUD
2025-05-06 04:26:00,65.6484,65.6484,65.6484,65.6484,100.0,BUD
2025-05-06 04:24:00,65.6779,65.6779,65.6779,65.6779,100.0,BUD
2025-05-06 04:13:00,65.55,65.55,65.55,65.55,5.0,BUD
2025-05-06 04:00:00,64.4673,65.5008,64.4673,65.5008,96.0,BUD
2025-05-05 19:23:00,65.1957,65.1957,65.1957,65.1957,1.0,BUD
2025-05-05 19:00:00,64.9398,64.9398,64.9398,64.9398,105206.0,BUD
2025-05-05 18:36:00,65.1957,65.1957,65.1957,65.1957,1.0,BUD
2025-05-05 18:30:00,64.9398,64.9398,64.9398,64.9398,105206.0,BUD
2025-05-05 17:57:00,65.3433,65.3433,65.3433,65.3433,1.0,BUD
2025-05-05 17:35:00,65.3433,65.3433,65.3433,65.3433,2.0,BUD
2025-05-05 17:30:00,65.3312,65.3312,65.3312,65.3312,1.0,BUD
2025-05-05 17:22:00,64.861,64.861,64.861,64.861,10.0,BUD
2025-05-05 17:10:00,65.1661,65.1661,65.1661,65.1661,1.0,BUD
2025-05-05 17:02:00,65.0776,65.1858,65.0776,65.1858,109.0,BUD
2025-05-05 16:47:00,65.0776,65.0776,65.0776,65.0776,1.0,BUD
2025-05-05 16:20:00,64.861,64.861,64.861,64.861,2.0,BUD
2025-05-05 16:19:00,64.861,64.861,64.861,64.861,1.0,BUD
2025-05-05 16:10:00,64.9398,65.0776,64.9398,65.0776,105211.0,BUD
2025-05-05 16:05:00,64.9398,64.9398,64.9398,64.9398,8.0,BUD
2025-05-05 16:00:00,64.9201,64.9398,64.9201,64.9398,224963.0,BUD
2025-05-05 15:59:00,64.9742,64.9742,64.9201,64.9201,64016.0,BUD
2025-05-05 15:58:00,64.989,64.9939,64.9693,64.9742,17837.0,BUD
2025-05-05 15:57:00,64.989,64.9988,64.9791,64.9939,14519.0,BUD
2025-05-05 15:56:00,64.9791,64.989,64.9595,64.989,19945.0,BUD
2025-05-05 15:55:00,64.9447,64.9791,64.9349,64.9791,10992.0,BUD
2025-05-05 15:54:00,64.9791,64.9791,64.9201,64.9496,23744.0,BUD
2025-05-05 15:53:00,64.9791,64.9791,64.9791,64.9791,3825.0,BUD
2025-05-05 15:52:00,64.9791,64.9791,64.9791,64.9791,3765.0,BUD
2025-05-05 15:51:00,65.0037,65.0087,64.9791,64.9791,7469.0,BUD
2025-05-05 15:50:00,65.0284,65.0382,65.0037,65.0037,8732.0,BUD
2025-05-05 15:49:00,65.0382,65.0431,65.0234,65.0333,6628.0,BUD
2025-05-05 15:48:00,65.048,65.0677,65.0382,65.0431,10478.0,BUD
2025-05-05 15:47:00,64.9939,65.0431,64.9939,65.0382,6719.0,BUD
2025-05-05 15:46:00,65.0185,65.0185,64.9791,64.9939,9086.0,BUD
2025-05-05 15:45:00,65.0185,65.0284,65.0185,65.0234,3367.0,BUD
2025-05-05 15:44:00,65.0185,65.0185,65.0136,65.0185,4406.0,BUD
2025-05-05 15:43:00,65.0628,65.0628,65.0185,65.0185,3118.0,BUD
2025-05-05 15:42:00,65.0628,65.0677,65.048,65.0628,8960.0,BUD
2025-05-05 15:41:00,65.0628,65.0628,65.0579,65.0628,1799.0,BUD
2025-05-05 15:40:00,65.048,65.0628,65.048,65.0579,4559.0,BUD
2025-05-05 15:39:00,65.0776,65.0776,65.048,65.0579,4172.0,BUD
2025-05-05 15:38:00,65.0726,65.0923,65.0726,65.0825,6086.0,BUD
2025-05-05 15:37:00,65.0776,65.0776,65.0677,65.0677,4154.0,BUD
2025-05-05 15:36:00,65.0677,65.0825,65.0579,65.0776,3960.0,BUD
2025-05-05 15:35:00,65.0382,65.0579,65.0382,65.0579,8075.0,BUD
2025-05-05 15:34:00,65.0284,65.0284,65.0234,65.0284,3347.0,BUD
2025-05-05 15:33:00,65.0284,65.0382,65.0284,65.0284,1451.0,BUD
2025-05-05 15:32:00,65.0185,65.0284,65.0185,65.0284,3737.0,BUD
2025-05-05 15:31:00,65.0037,65.0382,64.9988,65.0284,6484.0,BUD
2025-05-05 15:30:00,65.0037,65.0087,64.9988,65.0037,2299.0,BUD
2025-05-05 15:29:00,64.9979,65.0037,64.9979,65.0037,1618.0,BUD
2025-05-05 15:28:00,65.0087,65.0087,64.9988,64.9988,4010.0,BUD
2025-05-05 15:27:00,65.0136,65.0136,64.9988,64.9988,2319.0,BUD
2025-05-05 15:26:00,65.0087,65.0185,64.9988,65.0136,2702.0,BUD
2025-05-05 15:25:00,65.0087,65.0087,65.0087,65.0087,1303.0,BUD
2025-05-05 15:24:00,65.0185,65.0185,65.0087,65.0185,1765.0,BUD
2025-05-05 15:23:00,65.0284,65.0333,65.0185,65.0185,4105.0,BUD
2025-05-05 15:22:00,65.0874,65.0874,65.0382,65.0382,3125.0,BUD
2025-05-05 15:21:00,65.0677,65.0923,65.0677,65.0923,5365.0,BUD
2025-05-05 15:20:00,65.0874,65.0874,65.0677,65.0677,3166.0,BUD
2025-05-05 15:19:00,65.0973,65.1022,65.0923,65.0923,2630.0,BUD
2025-05-05 15:18:00,65.1071,65.1071,65.0973,65.1022,4681.0,BUD
2025-05-05 15:17:00,65.1022,65.112,65.1022,65.112,2274.0,BUD
2025-05-05 15:16:00,65.0973,65.1071,65.0973,65.1022,3308.0,BUD
2025-05-05 15:15:00,65.0874,65.0923,65.0776,65.0923,3513.0,BUD
2025-05-05 15:14:00,65.0874,65.0923,65.0825,65.0825,2793.0,BUD
2025-05-05 15:13:00,65.0923,65.0923,65.0874,65.0923,1088.0,BUD
2025-05-05 15:12:00,65.0726,65.0923,65.0726,65.0923,2822.0,BUD
2025-05-05 15:11:00,65.0825,65.0825,65.0776,65.0776,2082.0,BUD
2025-05-05 15:10:00,65.0874,65.0973,65.0776,65.0874,3718.0,BUD
2025-05-05 15:09:00,65.0874,65.0874,65.0874,65.0874,1015.0,BUD
2025-05-05 15:08:00,65.0874,65.0874,65.0874,65.0874,451.0,BUD
2025-05-05 15:07:00,65.0776,65.0874,65.0776,65.0874,2735.0,BUD
2025-05-05 15:06:00,65.0776,65.0776,65.0677,65.0776,5978.0,BUD
2025-05-05 15:05:00,65.0677,65.0677,65.0677,65.0677,1241.0,BUD
2025-05-05 15:04:00,65.0726,65.0726,65.0579,65.0628,3175.0,BUD
2025-05-05 15:03:00,65.0776,65.0776,65.0726,65.0776,2339.0,BUD
2025-05-05 15:02:00,65.0776,65.0776,65.0677,65.0776,4151.0,BUD
2025-05-05 15:01:00,65.0382,65.0776,65.0382,65.0776,4771.0,BUD
2025-05-05 15:00:00,65.0923,65.0923,65.0382,65.0382,4481.0,BUD
2025-05-05 14:59:00,65.1071,65.1169,65.1071,65.1071,5813.0,BUD
2025-05-05 14:58:00,65.1465,65.1465,65.0973,65.1071,14027.0,BUD
2025-05-05 14:57:00,65.1612,65.1612,65.1465,65.1514,2905.0,BUD
2025-05-05 14:55:00,65.1612,65.1612,65.1563,65.1563,3483.0,BUD
2025-05-05 14:54:00,65.1563,65.1612,65.1563,65.1612,2413.0,BUD
2025-05-05 14:53:00,65.1465,65.1563,65.1465,65.1563,1613.0,BUD
2025-05-05 14:52:00,65.1563,65.1612,65.1481,65.1481,4492.0,BUD
2025-05-05 14:51:00,65.1514,65.1514,65.1514,65.1514,473.0,BUD
2025-05-05 14:49:00,65.1465,65.1465,65.1415,65.1465,1333.0,BUD
2025-05-05 14:48:00,65.1563,65.1563,65.1366,65.1415,4014.0,BUD
2025-05-05 14:47:00,65.1612,65.1612,65.1563,65.1563,368.0,BUD
2025-05-05 14:46:00,65.1169,65.1563,65.1169,65.1563,4303.0,BUD
2025-05-05 14:45:00,65.1465,65.1465,65.1268,65.1317,2020.0,BUD
2025-05-05 14:44:00,65.1465,65.1465,65.1465,65.1465,301.0,BUD
2025-05-05 14:42:00,65.1626,65.1626,65.1514,65.1514,1303.0,BUD
2025-05-05 14:41:00,65.1711,65.1711,65.1612,65.1612,3289.0,BUD
2025-05-05 14:40:00,65.1563,65.1661,65.1563,65.1661,3351.0,BUD
2025-05-05 14:39:00,65.1514,65.1563,65.1514,65.1563,666.0,BUD
2025-05-05 14:38:00,65.1563,65.1563,65.1514,65.1514,362.0,BUD
2025-05-05 14:37:00,65.1661,65.1661,65.1514,65.1563,2944.0,BUD
2025-05-05 14:35:00,65.1514,65.1563,65.1514,65.1563,1980.0,BUD
2025-05-05 14:34:00,65.1563,65.1563,65.1514,65.1514,1167.0,BUD
2025-05-05 14:33:00,65.1465,65.1514,65.1465,65.1514,932.0,BUD
2025-05-05 14:32:00,65.1612,65.1612,65.1563,65.1563,1195.0,BUD
2025-05-05 14:31:00,65.1661,65.1661,65.1612,65.1612,1215.0,BUD
2025-05-05 14:30:00,65.176,65.176,65.176,65.176,369.0,BUD
2025-05-05 14:29:00,65.1563,65.176,65.1514,65.176,4143.0,BUD
2025-05-05 14:28:00,65.1563,65.1563,65.1563,65.1563,1407.0,BUD
2025-05-05 14:27:00,65.166,65.166,65.166,65.166,634.0,BUD
2025-05-05 14:26:00,65.1661,65.1711,65.1661,65.1661,4614.0,BUD
2025-05-05 14:25:00,65.1661,65.1661,65.1563,65.1563,849.0,BUD
2025-05-05 14:24:00,65.1563,65.1563,65.1563,65.1563,1487.0,BUD
2025-05-05 14:22:00,65.1661,65.1661,65.1612,65.1612,1074.0,BUD
2025-05-05 14:21:00,65.1612,65.1612,65.1612,65.1612,109.0,BUD
2025-05-05 14:20:00,65.1614,65.1711,65.1563,65.1612,3969.0,BUD
2025-05-05 14:19:00,65.1563,65.1563,65.1563,65.1563,547.0,BUD
2025-05-05 14:18:00,65.176,65.1809,65.1711,65.1711,2141.0,BUD
2025-05-05 14:17:00,65.1908,65.1908,65.1858,65.1858,1662.0,BUD
2025-05-05 14:16:00,65.1809,65.1858,65.1809,65.1858,1082.0,BUD
2025-05-05 14:15:00,65.2006,65.2055,65.1858,65.1858,3086.0,BUD
2025-05-05 14:14:00,65.2055,65.2055,65.2055,65.2055,1546.0,BUD
2025-05-05 14:13:00,65.2154,65.2154,65.2154,65.2154,250.0,BUD
2025-05-05 14:12:00,65.2154,65.2154,65.2154,65.2154,396.0,BUD
2025-05-05 14:11:00,65.1858,65.2055,65.1858,65.2055,3138.0,BUD
2025-05-05 14:10:00,65.1858,65.1858,65.176,65.176,2483.0,BUD
2025-05-05 14:09:00,65.176,65.1858,65.176,65.1858,1600.0,BUD
2025-05-05 14:08:00,65.1809,65.1809,65.176,65.176,1716.0,BUD
2025-05-05 14:07:00,65.1563,65.1809,65.1563,65.1809,2405.0,BUD
2025-05-05 14:06:00,65.1563,65.1661,65.1514,65.1659,1722.0,BUD
2025-05-05 14:05:00,65.1563,65.1563,65.1465,65.1465,2425.0,BUD
2025-05-05 14:03:00,65.1563,65.1563,65.1563,65.1563,340.0,BUD
2025-05-05 14:02:00,65.1465,65.1661,65.1465,65.1661,1042.0,BUD
2025-05-05 14:01:00,65.1563,65.1563,65.1465,65.1465,1512.0,BUD
2025-05-05 14:00:00,65.1465,65.1563,65.1465,65.1563,1298.0,BUD
2025-05-05 13:58:00,65.1612,65.1661,65.1415,65.1415,4708.0,BUD
2025-05-05 13:57:00,65.1563,65.176,65.1563,65.1612,4613.0,BUD
2025-05-05 13:56:00,65.1366,65.1563,65.1312,65.1514,4211.0,BUD
2025-05-05 13:55:00,65.1268,65.1366,65.1268,65.128,3823.0,BUD
2025-05-05 13:54:00,65.112,65.1563,65.1071,65.1268,8927.0,BUD
2025-05-05 13:53:00,65.1169,65.1169,65.1071,65.1169,934.0,BUD
2025-05-05 13:52:00,65.1169,65.1169,65.0973,65.1071,969.0,BUD
2025-05-05 13:51:00,65.1169,65.1169,65.1071,65.1071,1933.0,BUD
2025-05-05 13:50:00,65.0973,65.1169,65.0973,65.1169,1822.0,BUD
2025-05-05 13:49:00,65.1071,65.1169,65.1071,65.1169,1457.0,BUD
2025-05-05 13:48:00,65.1005,65.1071,65.1005,65.1071,870.0,BUD
2025-05-05 13:47:00,65.1071,65.1071,65.1071,65.1071,634.0,BUD
2025-05-05 13:46:00,65.0874,65.1169,65.0776,65.1071,5952.0,BUD
2025-05-05 13:45:00,65.048,65.0677,65.0382,65.0677,3348.0,BUD
2025-05-05 13:44:00,65.053,65.053,65.053,65.053,250.0,BUD
2025-05-05 13:43:00,65.0382,65.048,65.0382,65.048,1083.0,BUD
2025-05-05 13:42:00,65.048,65.048,65.0382,65.0382,3551.0,BUD
2025-05-05 13:41:00,65.0382,65.048,65.0382,65.048,2204.0,BUD
2025-05-05 13:40:00,65.0382,65.048,65.0223,65.0333,3303.0,BUD
2025-05-05 13:39:00,65.0579,65.0579,65.0579,65.0579,1475.0,BUD
2025-05-05 13:38:00,65.0579,65.0579,65.048,65.0579,1111.0,BUD
2025-05-05 13:37:00,65.0579,65.0605,65.0382,65.0382,1535.0,BUD
2025-05-05 13:36:00,65.0579,65.0579,65.0579,65.0579,452.0,BUD
2025-05-05 13:35:00,65.048,65.0579,65.048,65.0579,2453.0,BUD
2025-05-05 13:33:00,65.0431,65.0569,65.0431,65.0569,1587.0,BUD
2025-05-05 13:32:00,65.0382,65.0677,65.0382,65.053,5761.0,BUD
2025-05-05 13:31:00,65.0185,65.0333,65.0185,65.0333,3148.0,BUD
2025-05-05 13:29:00,65.0382,65.0382,65.0087,65.0087,4485.0,BUD
2025-05-05 13:28:00,65.0382,65.0382,65.0382,65.0382,357.0,BUD
2025-05-05 13:27:00,65.0284,65.0382,65.0284,65.0382,567.0,BUD
2025-05-05 13:26:00,65.0185,65.0185,65.0185,65.0185,329.0,BUD
2025-05-05 13:25:00,65.0087,65.0274,65.0037,65.0185,3250.0,BUD
2025-05-05 13:24:00,65.0284,65.0284,65.0087,65.0087,926.0,BUD
2025-05-05 13:23:00,65.0185,65.0284,65.0185,65.0234,1274.0,BUD
2025-05-05 13:22:00,65.0284,65.0284,65.0284,65.0284,1818.0,BUD
2025-05-05 13:21:00,65.0382,65.0382,65.0284,65.0284,402.0,BUD
2025-05-05 13:20:00,65.0579,65.0579,65.0382,65.0382,1364.0,BUD
2025-05-05 13:19:00,65.0284,65.0579,65.0284,65.0579,3319.0,BUD
2025-05-05 13:18:00,65.0185,65.0284,65.0185,65.0284,1009.0,BUD
2025-05-05 13:17:00,65.0252,65.0252,65.0185,65.0234,901.0,BUD
2025-05-05 13:16:00,65.0284,65.0431,65.0234,65.0284,3281.0,BUD
2025-05-05 13:15:00,65.0579,65.0579,65.0284,65.0284,1377.0,BUD
2025-05-05 13:14:00,65.0579,65.0677,65.0579,65.0677,2989.0,BUD
2025-05-05 13:13:00,65.0589,65.0589,65.0579,65.0579,1408.0,BUD
2025-05-05 13:12:00,65.0677,65.0677,65.0579,65.0579,1961.0,BUD
2025-05-05 13:11:00,65.0776,65.0776,65.0776,65.0776,690.0,BUD
2025-05-05 13:10:00,65.0776,65.0776,65.0726,65.0726,1076.0,BUD
2025-05-05 13:09:00,65.0874,65.0874,65.0776,65.0776,372.0,BUD
2025-05-05 13:08:00,65.0973,65.0973,65.0973,65.0973,930.0,BUD
2025-05-05 13:07:00,65.1071,65.1071,65.0973,65.0973,1700.0,BUD
2025-05-05 13:06:00,65.1008,65.1071,65.0973,65.1071,3247.0,BUD
2025-05-05 13:05:00,65.1071,65.1071,65.1071,65.1071,715.0,BUD
2025-05-05 13:04:00,65.1169,65.1169,65.1169,65.1169,336.0,BUD
2025-05-05 13:03:00,65.1022,65.1071,65.1022,65.1071,1135.0,BUD
2025-05-05 13:02:00,65.0776,65.1071,65.0776,65.1071,3948.0,BUD
2025-05-05 13:01:00,65.0963,65.0973,65.0776,65.0776,1720.0,BUD
2025-05-05 13:00:00,65.0973,65.0973,65.0973,65.0973,596.0,BUD
2025-05-05 12:59:00,65.1169,65.1169,65.0874,65.0923,1122.0,BUD
2025-05-05 12:58:00,65.1366,65.1366,65.1169,65.1169,993.0,BUD
2025-05-05 12:57:00,65.1465,65.1465,65.1465,65.1465,659.0,BUD
2025-05-05 12:56:00,65.176,65.176,65.1516,65.1516,1291.0,BUD
2025-05-05 12:55:00,65.176,65.176,65.1711,65.1711,1722.0,BUD
2025-05-05 12:54:00,65.1858,65.1858,65.1858,65.1858,427.0,BUD
2025-05-05 12:53:00,65.1858,65.1858,65.1809,65.1858,2563.0,BUD
2025-05-05 12:52:00,65.1858,65.1908,65.1858,65.1908,2515.0,BUD
2025-05-05 12:51:00,65.176,65.176,65.176,65.176,1458.0,BUD
2025-05-05 12:50:00,65.1858,65.1858,65.1858,65.1858,582.0,BUD
2025-05-05 12:49:00,65.2055,65.2055,65.2055,65.2055,1149.0,BUD
2025-05-05 12:48:00,65.2154,65.2154,65.2154,65.2154,436.0,BUD
2025-05-05 12:47:00,65.2203,65.2252,65.2154,65.2251,1714.0,BUD
2025-05-05 12:46:00,65.2154,65.2154,65.2154,65.2154,165.0,BUD
2025-05-05 12:45:00,65.2154,65.2154,65.2154,65.2154,635.0,BUD
2025-05-05 12:44:00,65.2252,65.2252,65.2154,65.2154,590.0,BUD
2025-05-05 12:43:00,65.2154,65.2154,65.2154,65.2154,1753.0,BUD
2025-05-05 12:42:00,65.2252,65.2252,65.2252,65.2252,797.0,BUD
2025-05-05 12:41:00,65.235,65.235,65.2252,65.2252,1267.0,BUD
2025-05-05 12:40:00,65.2154,65.2449,65.2154,65.235,2161.0,BUD
2025-05-05 12:39:00,65.2154,65.2154,65.2006,65.2154,3066.0,BUD
2025-05-05 12:38:00,65.2154,65.2154,65.2055,65.2055,521.0,BUD
2025-05-05 12:37:00,65.2154,65.2208,65.2154,65.2208,1239.0,BUD
2025-05-05 12:36:00,65.1957,65.2154,65.1953,65.2154,1308.0,BUD
2025-05-05 12:35:00,65.1908,65.1957,65.1908,65.1957,1252.0,BUD
2025-05-05 12:34:00,65.2006,65.2006,65.1908,65.1908,1112.0,BUD
2025-05-05 12:33:00,65.2055,65.2055,65.2006,65.2006,1986.0,BUD
2025-05-05 12:32:00,65.2154,65.2252,65.2104,65.2104,2618.0,BUD
2025-05-05 12:31:00,65.2055,65.2104,65.1957,65.2104,4125.0,BUD
2025-05-05 12:29:00,65.2055,65.2055,65.1858,65.2055,1664.0,BUD
2025-05-05 12:28:00,65.1858,65.1908,65.176,65.1908,1386.0,BUD
2025-05-05 12:25:00,65.1661,65.1856,65.1612,65.1856,6347.0,BUD
2025-05-05 12:24:00,65.1612,65.1661,65.1563,65.1563,2357.0,BUD
2025-05-05 12:23:00,65.1366,65.1661,65.1366,65.1661,3719.0,BUD
2025-05-05 12:22:00,65.1661,65.1661,65.1465,65.1465,4824.0,BUD
2025-05-05 12:21:00,65.1563,65.1661,65.1563,65.1563,1927.0,BUD
2025-05-05 12:20:00,65.176,65.176,65.1563,65.1647,2303.0,BUD
2025-05-05 12:16:00,65.1858,65.1858,65.1858,65.1858,528.0,BUD
2025-05-05 12:15:00,65.1858,65.1858,65.1858,65.1858,1850.0,BUD
2025-05-05 12:13:00,65.2154,65.2154,65.1908,65.1908,2563.0,BUD
2025-05-05 12:12:00,65.2252,65.235,65.2252,65.235,995.0,BUD
2025-05-05 12:11:00,65.2154,65.2154,65.2154,65.2154,703.0,BUD
2025-05-05 12:10:00,65.2154,65.2301,65.2154,65.2252,5220.0,BUD
2025-05-05 12:09:00,65.2104,65.2125,65.2104,65.2125,714.0,BUD
2025-05-05 12:08:00,65.2449,65.2449,65.2252,65.2252,2057.0,BUD
2025-05-05 12:07:00,65.2547,65.2597,65.2449,65.2449,2899.0,BUD
2025-05-05 12:06:00,65.2547,65.2646,65.2449,65.2646,2519.0,BUD
2025-05-05 12:05:00,65.235,65.2449,65.235,65.2449,1287.0,BUD
2025-05-05 12:04:00,65.2449,65.2449,65.2449,65.2449,392.0,BUD
2025-05-05 12:03:00,65.24,65.2498,65.2364,65.2364,2158.0,BUD
2025-05-05 12:02:00,65.235,65.24,65.2253,65.24,1871.0,BUD
2025-05-05 12:01:00,65.1957,65.2252,65.1957,65.2252,1802.0,BUD
2025-05-05 12:00:00,65.1957,65.1957,65.1908,65.1908,3817.0,BUD
2025-05-05 11:59:00,65.1809,65.1858,65.176,65.1858,2374.0,BUD
2025-05-05 11:58:00,65.176,65.1858,65.176,65.1809,3474.0,BUD
2025-05-05 11:57:00,65.1565,65.1565,65.1565,65.1565,971.0,BUD
2025-05-05 11:56:00,65.1661,65.1671,65.1661,65.1661,1063.0,BUD
2025-05-05 11:55:00,65.1661,65.1661,65.1661,65.1661,1455.0,BUD
2025-05-05 11:54:00,65.1858,65.1858,65.1661,65.1661,3965.0,BUD
2025-05-05 11:53:00,65.2154,65.2154,65.1809,65.1809,5174.0,BUD
2025-05-05 11:52:00,65.2252,65.2252,65.2252,65.2252,466.0,BUD
2025-05-05 11:51:00,65.2055,65.2252,65.2055,65.2252,2999.0,BUD
2025-05-05 11:50:00,65.1514,65.1957,65.1514,65.1957,6458.0,BUD
2025-05-05 11:49:00,65.1514,65.1563,65.1465,65.1465,2811.0,BUD
2025-05-05 11:48:00,65.1465,65.1563,65.1465,65.1563,2089.0,BUD
2025-05-05 11:47:00,65.1465,65.1465,65.1366,65.1366,1225.0,BUD
2025-05-05 11:46:00,65.0677,65.1268,65.0677,65.1268,3657.0,BUD
2025-05-05 11:44:00,65.048,65.048,65.0284,65.0284,2000.0,BUD
2025-05-05 11:43:00,65.0087,65.0225,65.0087,65.0225,2245.0,BUD
2025-05-05 11:42:00,64.989,64.9988,64.989,64.9988,2783.0,BUD
2025-05-05 11:41:00,64.9988,64.9988,64.9791,64.989,2441.0,BUD
2025-05-05 11:40:00,64.9988,65.0037,64.9988,65.0037,1552.0,BUD
2025-05-05 11:39:00,64.9903,64.9903,64.9903,64.9903,636.0,BUD
2025-05-05 11:38:00,64.989,64.989,64.9841,64.989,1718.0,BUD
2025-05-05 11:37:00,65.0087,65.0234,64.9939,64.9939,9393.0,BUD
2025-05-05 11:36:00,65.0234,65.0234,65.0234,65.0234,589.0,BUD
2025-05-05 11:35:00,64.9693,65.0185,64.9595,65.0185,2989.0,BUD
2025-05-05 11:34:00,64.9791,64.9988,64.9693,64.9693,5206.0,BUD
2025-05-05 11:33:00,64.9791,64.9791,64.9693,64.9693,2207.0,BUD
2025-05-05 11:32:00,64.9939,64.9939,64.9841,64.9841,1380.0,BUD
2025-05-05 11:31:00,65.0087,65.0087,64.989,64.9939,3308.0,BUD
2025-05-05 11:29:00,65.0087,65.0185,65.0087,65.0087,2014.0,BUD
2025-05-05 11:28:00,64.989,65.0185,64.989,65.0185,8778.0,BUD
2025-05-05 11:27:00,64.989,64.989,64.9791,64.9791,1304.0,BUD
2025-05-05 11:26:00,65.0185,65.0234,64.9988,64.9988,2786.0,BUD
2025-05-05 11:25:00,65.0135,65.0185,65.0087,65.0185,1990.0,BUD
2025-05-05 11:24:00,65.0234,65.0284,65.0136,65.0136,2758.0,BUD
2025-05-05 11:23:00,65.0185,65.0284,65.0185,65.0234,1838.0,BUD
2025-05-05 11:22:00,65.0087,65.0087,65.0087,65.0087,849.0,BUD
2025-05-05 11:21:00,64.9791,64.9988,64.9791,64.9988,2096.0,BUD
2025-05-05 11:20:00,64.9693,64.9693,64.9693,64.9693,918.0,BUD
2025-05-05 11:19:00,64.9841,64.9841,64.9742,64.9791,2197.0,BUD
2025-05-05 11:18:00,64.9791,64.9791,64.9693,64.9791,1996.0,BUD
2025-05-05 11:17:00,64.9693,64.9791,64.9693,64.9791,3985.0,BUD
2025-05-05 11:16:00,64.9693,64.9693,64.9496,64.9693,2125.0,BUD
2025-05-05 11:15:00,64.9496,64.9595,64.9496,64.9595,1106.0,BUD
2025-05-05 11:14:00,64.9592,64.9592,64.9398,64.9447,1585.0,BUD
2025-05-05 11:13:00,64.9496,64.9496,64.9496,64.9496,986.0,BUD
2025-05-05 11:12:00,64.9496,64.9496,64.9299,64.9496,2380.0,BUD
2025-05-05 11:11:00,64.9595,64.9693,64.9595,64.9595,2640.0,BUD
2025-05-05 11:10:00,64.9496,64.9496,64.9398,64.9496,2446.0,BUD
2025-05-05 11:09:00,64.9791,64.9791,64.9496,64.9595,2150.0,BUD
2025-05-05 11:08:00,64.9299,64.9791,64.9299,64.9791,4064.0,BUD
2025-05-05 11:07:00,64.9398,64.9398,64.9398,64.9398,1485.0,BUD
2025-05-05 11:06:00,64.9299,64.9398,64.921,64.9398,1627.0,BUD
2025-05-05 11:05:00,64.9496,64.9593,64.9398,64.9398,3140.0,BUD
2025-05-05 11:04:00,64.9496,64.9496,64.9496,64.9496,426.0,BUD
2025-05-05 11:03:00,64.9791,64.9791,64.9545,64.9595,1396.0,BUD
2025-05-05 11:02:00,64.9791,64.9841,64.9791,64.9791,2108.0,BUD
2025-05-05 11:01:00,64.9791,64.9791,64.9545,64.9693,2382.0,BUD
2025-05-05 11:00:00,64.9693,64.9791,64.9644,64.9791,743.0,BUD
2025-05-05 10:59:00,64.9791,64.9791,64.9595,64.9595,2554.0,BUD
2025-05-05 10:58:00,64.989,64.989,64.9693,64.9693,3855.0,BUD
2025-05-05 10:57:00,64.989,64.989,64.989,64.989,717.0,BUD
2025-05-05 10:56:00,64.9791,64.9791,64.9791,64.9791,588.0,BUD
2025-05-05 10:55:00,64.989,64.989,64.9791,64.9791,1824.0,BUD
2025-05-05 10:54:00,64.9791,64.9988,64.9791,64.9988,1886.0,BUD
2025-05-05 10:53:00,64.9828,64.9828,64.9747,64.9825,2223.0,BUD
2025-05-05 10:52:00,64.9841,64.986,64.9841,64.986,1015.0,BUD
2025-05-05 10:51:00,64.9791,64.9791,64.9791,64.9791,824.0,BUD
2025-05-05 10:50:00,64.9545,65.0087,64.9545,64.9988,7534.0,BUD
2025-05-05 10:49:00,64.9495,64.9496,64.9299,64.9496,3575.0,BUD
2025-05-05 10:48:00,64.9299,64.9425,64.9299,64.9398,1717.0,BUD
2025-05-05 10:47:00,64.9398,64.9398,64.9299,64.9299,2298.0,BUD
2025-05-05 10:46:00,64.9496,64.9496,64.9496,64.9496,915.0,BUD
2025-05-05 10:45:00,64.9398,64.9398,64.9201,64.9299,4960.0,BUD
2025-05-05 10:44:00,64.9496,64.9496,64.9398,64.9496,821.0,BUD
2025-05-05 10:43:00,64.9496,64.9496,64.9398,64.9496,2341.0,BUD
2025-05-05 10:42:00,64.9469,64.9595,64.9469,64.9496,1515.0,BUD
2025-05-05 10:41:00,64.9299,64.9299,64.9299,64.9299,324.0,BUD
2025-05-05 10:40:00,64.9102,64.9201,64.9102,64.9201,2192.0,BUD
2025-05-05 10:39:00,64.8906,64.8906,64.8906,64.8906,1779.0,BUD
2025-05-05 10:38:00,64.8709,64.8807,64.8709,64.8807,1832.0,BUD
2025-05-05 10:37:00,64.8547,64.8709,64.8547,64.8709,930.0,BUD
2025-05-05 10:36:00,64.8118,64.8689,64.7971,64.8689,5676.0,BUD
2025-05-05 10:35:00,64.8709,64.8709,64.7971,64.7971,7059.0,BUD
2025-05-05 10:34:00,64.8815,64.8815,64.8815,64.8815,1460.0,BUD
2025-05-05 10:33:00,64.8905,64.8905,64.8832,64.8832,3398.0,BUD
2025-05-05 10:32:00,64.8906,64.9004,64.8906,64.8906,2895.0,BUD
2025-05-05 10:31:00,64.8807,64.8906,64.8807,64.8906,1507.0,BUD
2025-05-05 10:30:00,64.9201,64.9201,64.8807,64.8807,1701.0,BUD
2025-05-05 10:29:00,64.925,64.9294,64.925,64.9294,737.0,BUD
2025-05-05 10:28:00,64.9445,64.9463,64.9299,64.9299,2281.0,BUD
2025-05-05 10:27:00,64.9299,64.9398,64.9299,64.9299,1315.0,BUD
2025-05-05 10:26:00,64.9201,64.9299,64.9102,64.9102,2614.0,BUD
2025-05-05 10:25:00,64.9004,64.9004,64.9004,64.9004,1499.0,BUD
2025-05-05 10:24:00,64.861,64.9004,64.861,64.9004,4605.0,BUD
2025-05-05 10:23:00,64.8709,64.8807,64.8611,64.8758,3083.0,BUD
2025-05-05 10:22:00,64.8806,64.8806,64.8733,64.8758,5334.0,BUD
2025-05-05 10:21:00,64.8807,64.8807,64.8807,64.8807,930.0,BUD
2025-05-05 10:20:00,64.8709,64.8906,64.8709,64.8805,2171.0,BUD
2025-05-05 10:18:00,64.8561,64.8709,64.8561,64.8709,1438.0,BUD
2025-05-05 10:17:00,64.8807,64.8807,64.8561,64.8561,1714.0,BUD
2025-05-05 10:16:00,64.9102,64.9102,64.8807,64.9004,4450.0,BUD
2025-05-05 10:15:00,64.8709,64.9004,64.8512,64.9004,6890.0,BUD
2025-05-05 10:14:00,64.8807,64.8807,64.8709,64.8807,1739.0,BUD
2025-05-05 10:13:00,64.8512,64.8512,64.8512,64.8512,876.0,BUD
2025-05-05 10:12:00,64.7921,64.8217,64.7921,64.8118,3222.0,BUD
2025-05-05 10:11:00,64.7626,64.7823,64.7528,64.7823,5071.0,BUD
2025-05-05 10:10:00,64.7626,64.7921,64.7577,64.7646,9417.0,BUD
2025-05-05 10:09:00,64.7626,64.7725,64.7626,64.7626,4209.0,BUD
2025-05-05 10:08:00,64.7232,64.7429,64.7232,64.7331,3696.0,BUD
2025-05-05 10:07:00,64.7232,64.7232,64.7036,64.7134,1623.0,BUD
2025-05-05 10:06:00,64.7331,64.7331,64.7331,64.7331,1089.0,BUD
2025-05-05 10:05:00,64.802,64.802,64.7331,64.7331,3822.0,BUD
2025-05-05 10:04:00,64.802,64.8217,64.7971,64.7971,1716.0,BUD
2025-05-05 10:03:00,64.8217,64.8217,64.802,64.802,5339.0,BUD
2025-05-05 10:02:00,64.8118,64.8315,64.7921,64.7921,3957.0,BUD
2025-05-05 10:01:00,64.7921,64.8414,64.7921,64.8217,2244.0,BUD
2025-05-05 10:00:00,64.8512,64.8709,64.7725,64.7774,5708.0,BUD
2025-05-05 09:59:00,64.861,64.8709,64.8364,64.8364,3640.0,BUD
2025-05-05 09:58:00,64.8709,64.8709,64.8709,64.8709,1327.0,BUD
2025-05-05 09:57:00,64.8884,64.8884,64.8512,64.861,3706.0,BUD
2025-05-05 09:56:00,64.8414,64.9004,64.8414,64.8807,5113.0,BUD
2025-05-05 09:55:00,64.802,64.8315,64.802,64.8315,846.0,BUD
2025-05-05 09:54:00,64.8512,64.861,64.8167,64.8167,6099.0,BUD
2025-05-05 09:53:00,64.8266,64.8315,64.8266,64.8315,1308.0,BUD
2025-05-05 09:52:00,64.861,64.861,64.8217,64.8217,2223.0,BUD
2025-05-05 09:51:00,64.861,64.8709,64.8512,64.8512,2276.0,BUD
2025-05-05 09:50:00,64.866,64.8709,64.8414,64.8709,4045.0,BUD
2025-05-05 09:49:00,64.861,64.8709,64.8561,64.8709,2802.0,BUD
2025-05-05 09:48:00,64.8217,64.8709,64.8118,64.861,6910.0,BUD
2025-05-05 09:47:00,64.802,64.8364,64.802,64.8167,2769.0,BUD
2025-05-05 09:46:00,64.7921,64.8069,64.7823,64.7921,4732.0,BUD
2025-05-05 09:45:00,64.7823,64.802,64.7725,64.802,3151.0,BUD
2025-05-05 09:44:00,64.7921,64.8069,64.7823,64.7921,2218.0,BUD
2025-05-05 09:43:00,64.7823,64.8217,64.7725,64.7921,7779.0,BUD
2025-05-05 09:42:00,64.7429,64.7725,64.7429,64.7725,1707.0,BUD
2025-05-05 09:41:00,64.7823,64.7823,64.7331,64.7429,3076.0,BUD
2025-05-05 09:40:00,64.7528,64.802,64.7528,64.7921,5416.0,BUD
2025-05-05 09:39:00,64.7528,64.7528,64.7528,64.7528,1106.0,BUD
2025-05-05 09:38:00,64.7429,64.7626,64.7134,64.7429,9978.0,BUD
2025-05-05 09:37:00,64.7626,64.7725,64.7036,64.7429,6234.0,BUD
2025-05-05 09:36:00,64.7528,64.7725,64.7528,64.7626,4380.0,BUD
2025-05-05 09:35:00,64.7626,64.7921,64.7528,64.7626,3856.0,BUD
2025-05-05 09:34:00,64.8414,64.8414,64.7528,64.7626,5566.0,BUD
2025-05-05 09:33:00,64.8512,64.8709,64.8118,64.8709,5147.0,BUD
2025-05-05 09:32:00,64.8414,64.8906,64.8364,64.8709,6127.0,BUD
2025-05-05 09:31:00,64.9299,64.9299,64.8118,64.8512,8843.0,BUD
2025-05-05 09:30:00,65.1169,65.1169,64.9693,64.9693,17922.0,BUD
2025-05-05 09:29:00,65.0776,65.0776,65.0776,65.0776,100.0,BUD
2025-05-05 09:24:00,65.0579,65.0579,65.0579,65.0579,100.0,BUD
2025-05-05 09:21:00,65.0874,65.0874,65.0776,65.0776,305.0,BUD
2025-05-05 09:05:00,65.0284,65.048,65.0284,65.048,127.0,BUD
2025-05-05 09:03:00,65.0185,65.0284,65.0185,65.0284,206.0,BUD
2025-05-05 08:48:00,64.9399,64.9399,64.9399,64.9399,280.0,BUD
2025-05-05 08:47:00,64.9693,64.9693,64.9595,64.9595,200.0,BUD
2025-05-05 08:46:00,65.0185,65.0185,65.0185,65.0185,10.0,BUD
2025-05-05 08:42:00,65.0874,65.0874,65.0874,65.0874,300.0,BUD
2025-05-05 08:40:00,65.0973,65.0973,65.0973,65.0973,163.0,BUD
2025-05-05 08:36:00,65.1465,65.1465,65.1465,65.1465,5.0,BUD
2025-05-05 08:33:00,65.1661,65.1661,65.1661,65.1661,2.0,BUD
2025-05-05 08:24:00,65.1456,65.1456,65.1456,65.1456,1.0,BUD
2025-05-05 08:20:00,65.0579,65.0579,65.0579,65.0579,1.0,BUD
2025-05-05 08:02:00,64.9693,64.9693,64.9693,64.9693,1.0,BUD
2025-05-05 08:00:00,65.214,65.2547,65.1563,65.1858,543.0,BUD
2025-05-05 07:00:00,65.176,65.176,65.176,65.176,116.0,BUD
2025-05-05 05:04:00,65.1465,65.1465,65.1465,65.1465,100.0,BUD
2025-05-05 05:01:00,65.1071,65.1366,65.1071,65.1268,300.0,BUD
2025-05-05 04:59:00,65.1366,65.1366,65.1366,65.1366,200.0,BUD
2025-05-05 04:58:00,65.1268,65.1268,65.1169,65.1268,300.0,BUD
2025-05-05 04:57:00,65.1268,65.1268,65.1268,65.1268,300.0,BUD
2025-05-05 04:56:00,65.1268,65.1268,65.1268,65.1268,26.0,BUD
2025-05-05 04:54:00,65.1268,65.1268,65.1268,65.1268,100.0,BUD
2025-05-05 04:53:00,65.1169,65.1268,65.1169,65.1268,254.0,BUD
2025-05-05 04:52:00,65.1465,65.1465,65.1465,65.1465,100.0,BUD
2025-05-05 04:51:00,65.1465,65.1465,65.1465,65.1465,100.0,BUD
2025-05-05 04:50:00,65.1465,65.1465,65.1465,65.1465,200.0,BUD
2025-05-05 04:49:00,65.1661,65.1661,65.1563,65.1563,130.0,BUD
2025-05-05 04:48:00,65.176,65.176,65.176,65.176,100.0,BUD
2025-05-05 04:46:00,65.1366,65.1366,65.1366,65.1366,100.0,BUD
2025-05-05 04:45:00,65.1268,65.1268,65.1268,65.1268,100.0,BUD
2025-05-05 04:44:00,65.1465,65.1465,65.1465,65.1465,100.0,BUD
2025-05-05 04:43:00,65.0973,65.1366,65.0973,65.1366,445.0,BUD
2025-05-05 04:42:00,65.0677,65.0677,65.0677,65.0677,187.0,BUD
2025-05-05 04:41:00,65.048,65.048,65.048,65.048,89.0,BUD
2025-05-05 04:40:00,65.048,65.048,65.048,65.048,100.0,BUD
2025-05-05 04:38:00,65.0776,65.0776,65.0776,65.0776,100.0,BUD
2025-05-05 04:36:00,65.0677,65.0677,65.0677,65.0677,100.0,BUD
2025-05-05 04:35:00,65.0874,65.0874,65.0874,65.0874,100.0,BUD
2025-05-05 04:34:00,65.1071,65.1071,65.0776,65.0776,334.0,BUD
2025-05-05 04:00:00,64.9693,64.9791,64.9693,64.9693,700.0,BUD
2025-05-02 19:59:00,64.9595,64.9693,64.9595,64.9693,6.0,BUD
2025-05-02 19:58:00,64.9595,64.9693,64.9595,64.9595,6.0,BUD
2025-05-02 19:56:00,64.9595,64.9595,64.9595,64.9595,5.0,BUD
2025-05-02 19:55:00,64.9693,64.9693,64.9595,64.9595,3.0,BUD
2025-05-02 19:54:00,64.9595,64.9595,64.9595,64.9595,2.0,BUD
2025-05-02 19:31:00,64.9595,64.9595,64.9595,64.9595,2.0,BUD
2025-05-02 19:02:00,64.9791,64.9791,64.9791,64.9791,3.0,BUD
2025-05-02 19:00:00,64.9693,64.9693,64.9693,64.9693,169019.0,BUD
2025-05-02 18:41:00,64.9693,64.9693,64.9693,64.9693,1.0,BUD
2025-05-02 18:30:00,64.9693,64.9693,64.9693,64.9693,169019.0,BUD
2025-05-02 17:57:00,65.7173,65.7173,65.7173,65.7173,4.0,BUD
2025-05-02 17:37:00,65.3532,65.3532,65.3532,65.3532,2.0,BUD
2025-05-02 17:16:00,64.428,64.428,64.428,64.428,10.0,BUD
2025-05-02 17:09:00,65.2547,65.2547,65.2547,65.2547,3.0,BUD
2025-05-02 16:51:00,64.7478,64.7478,64.7478,64.7478,4.0,BUD
2025-05-02 16:42:00,64.9693,64.9693,64.9693,64.9693,50.0,BUD
2025-05-02 16:40:00,64.9693,64.9693,64.9693,64.9693,650.0,BUD
2025-05-02 16:36:00,65.176,65.176,65.176,65.176,1.0,BUD
2025-05-02 16:29:00,63.7784,63.7784,63.7784,63.7784,1.0,BUD
2025-05-02 16:11:00,65.3039,65.4024,65.3039,65.4024,25.0,BUD
2025-05-02 16:10:00,64.9693,64.9693,64.9693,64.9693,169019.0,BUD
2025-05-02 16:08:00,65.3532,65.3532,65.3532,65.3532,10.0,BUD
2025-05-02 16:05:00,64.9693,64.9693,64.9693,64.9693,597.0,BUD
2025-05-02 16:03:00,64.428,64.428,64.428,64.428,1.0,BUD
2025-05-02 16:00:00,64.9988,65.0087,64.9693,64.9693,357215.0,BUD
2025-05-02 15:59:00,65.048,65.0973,64.989,65.0087,134404.0,BUD
2025-05-02 15:58:00,65.0776,65.0825,65.0382,65.0382,27316.0,BUD
2025-05-02 15:57:00,65.0726,65.0825,65.0677,65.0825,14677.0,BUD
2025-05-02 15:56:00,65.0579,65.0923,65.0579,65.0697,23026.0,BUD
2025-05-02 15:55:00,65.0874,65.1022,65.048,65.0579,21603.0,BUD
2025-05-02 15:54:00,65.1612,65.1612,65.0923,65.0923,19217.0,BUD
2025-05-02 15:53:00,65.1661,65.1661,65.1514,65.1563,5278.0,BUD
2025-05-02 15:52:00,65.2104,65.2104,65.1661,65.1661,11908.0,BUD
2025-05-02 15:51:00,65.1957,65.2154,65.1661,65.2154,21850.0,BUD
2025-05-02 15:50:00,65.1858,65.2055,65.176,65.1908,10462.0,BUD
2025-05-02 15:49:00,65.176,65.1858,65.176,65.1858,2693.0,BUD
2025-05-02 15:48:00,65.1957,65.1957,65.1809,65.1858,7152.0,BUD
2025-05-02 15:47:00,65.1908,65.2006,65.1908,65.1957,7313.0,BUD
2025-05-02 15:46:00,65.2154,65.2154,65.1809,65.1908,24841.0,BUD
2025-05-02 15:45:00,65.2449,65.2449,65.2252,65.2252,5986.0,BUD
2025-05-02 15:44:00,65.24,65.2498,65.235,65.2498,5029.0,BUD
2025-05-02 15:43:00,65.24,65.2449,65.235,65.24,5469.0,BUD
2025-05-02 15:42:00,65.24,65.2498,65.24,65.24,5098.0,BUD
2025-05-02 15:41:00,65.24,65.24,65.24,65.24,1181.0,BUD
2025-05-02 15:40:00,65.2498,65.2498,65.2449,65.2449,2655.0,BUD
2025-05-02 15:39:00,65.2449,65.2547,65.235,65.2498,5001.0,BUD
2025-05-02 15:38:00,65.2498,65.2498,65.2498,65.2498,2393.0,BUD
2025-05-02 15:37:00,65.2252,65.2498,65.2252,65.2498,2639.0,BUD
2025-05-02 15:36:00,65.2547,65.2547,65.2547,65.2547,2004.0,BUD
2025-05-02 15:35:00,65.2597,65.2744,65.2547,65.2597,6518.0,BUD
2025-05-02 15:34:00,65.2547,65.2547,65.2498,65.2547,2883.0,BUD
2025-05-02 15:33:00,65.2547,65.2597,65.2547,65.2597,941.0,BUD
2025-05-02 15:32:00,65.256,65.2646,65.2449,65.2547,7180.0,BUD
2025-05-02 15:31:00,65.2547,65.2547,65.2547,65.2547,628.0,BUD
2025-05-02 15:30:00,65.2744,65.2744,65.2588,65.2588,5592.0,BUD
2025-05-02 15:29:00,65.2892,65.2892,65.2793,65.2793,3328.0,BUD
2025-05-02 15:28:00,65.2843,65.2892,65.2843,65.2892,2465.0,BUD
2025-05-02 15:27:00,65.2892,65.2892,65.2843,65.2843,1055.0,BUD
2025-05-02 15:26:00,65.2793,65.2941,65.2793,65.2892,5952.0,BUD
2025-05-02 15:25:00,65.2695,65.2744,65.2646,65.2744,6418.0,BUD
2025-05-02 15:24:00,65.2646,65.2744,65.2646,65.2695,2994.0,BUD
2025-05-02 15:23:00,65.2589,65.2589,65.2589,65.2589,939.0,BUD
2025-05-02 15:22:00,65.24,65.2547,65.235,65.2547,5729.0,BUD
2025-05-02 15:20:00,65.2252,65.235,65.2252,65.235,2821.0,BUD
2025-05-02 15:19:00,65.2203,65.2252,65.2203,65.2252,3689.0,BUD
2025-05-02 15:18:00,65.2055,65.2203,65.2055,65.2203,3544.0,BUD
2025-05-02 15:17:00,65.2055,65.2203,65.2055,65.2104,3747.0,BUD
2025-05-02 15:16:00,65.1957,65.2006,65.1957,65.1957,3135.0,BUD
2025-05-02 15:15:00,65.1858,65.1908,65.1858,65.1908,1574.0,BUD
2025-05-02 15:14:00,65.1858,65.1858,65.1809,65.1809,1271.0,BUD
2025-05-02 15:13:00,65.1661,65.1809,65.1661,65.176,3458.0,BUD
2025-05-02 15:12:00,65.1661,65.1661,65.1494,65.1563,2680.0,BUD
2025-05-02 15:11:00,65.1661,65.1661,65.1661,65.1661,1179.0,BUD
2025-05-02 15:10:00,65.1711,65.1858,65.1711,65.176,5858.0,BUD
2025-05-02 15:09:00,65.176,65.176,65.1661,65.1711,3051.0,BUD
2025-05-02 15:08:00,65.1711,65.1711,65.1661,65.1711,1948.0,BUD
2025-05-02 15:07:00,65.176,65.176,65.176,65.176,506.0,BUD
2025-05-02 15:06:00,65.1366,65.176,65.1366,65.176,3040.0,BUD
2025-05-02 15:05:00,65.1465,65.1465,65.1317,65.1415,1938.0,BUD
2025-05-02 15:04:00,65.1465,65.1514,65.1465,65.1465,1763.0,BUD
2025-05-02 15:03:00,65.1465,65.1465,65.1366,65.1366,495.0,BUD
2025-05-02 15:02:00,65.1465,65.1563,65.1465,65.1465,3695.0,BUD
2025-05-02 15:01:00,65.1366,65.1366,65.1268,65.1268,1054.0,BUD
2025-05-02 15:00:00,65.1535,65.1535,65.1366,65.1366,1156.0,BUD
2025-05-02 14:59:00,65.1563,65.1731,65.1563,65.1563,3731.0,BUD
2025-05-02 14:58:00,65.1661,65.1661,65.1465,65.1465,2201.0,BUD
2025-05-02 14:57:00,65.1169,65.1661,65.1169,65.1661,4246.0,BUD
2025-05-02 14:56:00,65.112,65.112,65.1105,65.112,406.0,BUD
2025-05-02 14:55:00,65.1169,65.1169,65.1169,65.1169,727.0,BUD
2025-05-02 14:54:00,65.0874,65.1071,65.0874,65.1071,2984.0,BUD
2025-05-02 14:53:00,65.0776,65.0923,65.0776,65.0776,8853.0,BUD
2025-05-02 14:52:00,65.1219,65.1268,65.0776,65.0776,6513.0,BUD
2025-05-02 14:51:00,65.1071,65.1169,65.1071,65.1169,615.0,BUD
2025-05-02 14:50:00,65.1366,65.1366,65.112,65.1169,2645.0,BUD
2025-05-02 14:49:00,65.1612,65.1612,65.1415,65.1465,2984.0,BUD
2025-05-02 14:48:00,65.1809,65.1809,65.1661,65.1661,1703.0,BUD
2025-05-02 14:47:00,65.1809,65.1809,65.176,65.1809,1067.0,BUD
2025-05-02 14:46:00,65.1809,65.1809,65.1809,65.1809,395.0,BUD
2025-05-02 14:45:00,65.1858,65.1957,65.176,65.1858,6692.0,BUD
2025-05-02 14:44:00,65.1858,65.1858,65.1858,65.1858,662.0,BUD
2025-05-02 14:43:00,65.1858,65.1858,65.1858,65.1858,459.0,BUD
2025-05-02 14:42:00,65.2154,65.2154,65.1956,65.1956,3375.0,BUD
2025-05-02 14:41:00,65.2154,65.2154,65.2154,65.2154,2203.0,BUD
2025-05-02 14:40:00,65.2154,65.2154,65.2055,65.2055,1046.0,BUD
2025-05-02 14:39:00,65.2154,65.2154,65.2055,65.2154,897.0,BUD
2025-05-02 14:38:00,65.2252,65.2301,65.2154,65.2154,2360.0,BUD
2025-05-02 14:37:00,65.2252,65.235,65.2203,65.2301,2381.0,BUD
2025-05-02 14:36:00,65.2154,65.2201,65.2154,65.2201,1753.0,BUD
2025-05-02 14:35:00,65.2252,65.2301,65.2055,65.2055,2118.0,BUD
2025-05-02 14:34:00,65.2203,65.2252,65.2154,65.2252,3013.0,BUD
2025-05-02 14:33:00,65.2154,65.2154,65.2055,65.2154,3069.0,BUD
2025-05-02 14:32:00,65.2252,65.2252,65.2104,65.2154,1068.0,BUD
2025-05-02 14:31:00,65.2154,65.2154,65.2071,65.2154,2450.0,BUD
2025-05-02 14:30:00,65.2301,65.2301,65.2252,65.2252,2162.0,BUD
2025-05-02 14:29:00,65.2301,65.2301,65.2173,65.2252,8164.0,BUD
2025-05-02 14:28:00,65.2301,65.2301,65.2301,65.2301,919.0,BUD
2025-05-02 14:27:00,65.2055,65.235,65.2055,65.2301,6419.0,BUD
2025-05-02 14:26:00,65.2055,65.2152,65.2055,65.2152,1110.0,BUD
2025-05-02 14:24:00,65.2055,65.2055,65.2055,65.2055,655.0,BUD
2025-05-02 14:23:00,65.2055,65.2252,65.2055,65.2154,3437.0,BUD
2025-05-02 14:22:00,65.1989,65.2065,65.1957,65.1957,391.0,BUD
2025-05-02 14:21:00,65.1858,65.2055,65.1661,65.2055,3876.0,BUD
2025-05-02 14:20:00,65.1956,65.1957,65.1956,65.1957,3918.0,BUD
2025-05-02 14:19:00,65.1858,65.1858,65.1785,65.1858,2225.0,BUD
2025-05-02 14:18:00,65.1858,65.1858,65.1858,65.1858,656.0,BUD
2025-05-02 14:17:00,65.1858,65.1858,65.1661,65.1858,3377.0,BUD
2025-05-02 14:16:00,65.1858,65.1858,65.1858,65.1858,390.0,BUD
2025-05-02 14:15:00,65.1957,65.1957,65.176,65.1858,4473.0,BUD
2025-05-02 14:14:00,65.1957,65.1957,65.1957,65.1957,1279.0,BUD
2025-05-02 14:13:00,65.1957,65.2055,65.1957,65.1957,8933.0,BUD
2025-05-02 14:12:00,65.1858,65.1858,65.1858,65.1858,996.0,BUD
2025-05-02 14:11:00,65.1858,65.1858,65.176,65.176,378.0,BUD
2025-05-02 14:10:00,65.176,65.1858,65.176,65.1858,1736.0,BUD
2025-05-02 14:09:00,65.1661,65.176,65.1563,65.1563,1681.0,BUD
2025-05-02 14:08:00,65.1759,65.1759,65.1661,65.1661,812.0,BUD
2025-05-02 14:07:00,65.1661,65.1661,65.1661,65.1661,938.0,BUD
2025-05-02 14:06:00,65.1514,65.1661,65.1514,65.1661,2747.0,BUD
2025-05-02 14:05:00,65.1465,65.1514,65.1465,65.1514,2982.0,BUD
2025-05-02 14:04:00,65.1563,65.1563,65.1514,65.1514,5168.0,BUD
2025-05-02 14:03:00,65.1563,65.1661,65.1465,65.1563,4104.0,BUD
2025-05-02 14:02:00,65.1563,65.1563,65.1563,65.1563,585.0,BUD
2025-05-02 14:01:00,65.1465,65.1661,65.1465,65.1465,1406.0,BUD
2025-05-02 14:00:00,65.1366,65.1366,65.1317,65.1366,1398.0,BUD
2025-05-02 13:59:00,65.1366,65.1366,65.1317,65.1317,846.0,BUD
2025-05-02 13:58:00,65.1563,65.1563,65.1415,65.1415,1943.0,BUD
2025-05-02 13:57:00,65.1366,65.1612,65.1366,65.1612,4451.0,BUD
2025-05-02 13:56:00,65.1317,65.1317,65.1317,65.1317,422.0,BUD
2025-05-02 13:55:00,65.1514,65.1514,65.1317,65.1317,1388.0,BUD
2025-05-02 13:54:00,65.1612,65.1661,65.1563,65.1563,2224.0,BUD
2025-05-02 13:53:00,65.1563,65.1563,65.1465,65.1563,2276.0,BUD
2025-05-02 13:52:00,65.1612,65.1612,65.1576,65.1576,1266.0,BUD
2025-05-02 13:51:00,65.1563,65.1563,65.1563,65.1563,878.0,BUD
2025-05-02 13:50:00,65.1415,65.1563,65.1415,65.1514,3280.0,BUD
2025-05-02 13:49:00,65.1366,65.1366,65.1366,65.1366,1158.0,BUD
2025-05-02 13:48:00,65.1317,65.1365,65.1317,65.1365,1042.0,BUD
2025-05-02 13:47:00,65.1268,65.1317,65.1268,65.1317,823.0,BUD
2025-05-02 13:46:00,65.1169,65.1169,65.1169,65.1169,702.0,BUD
2025-05-02 13:45:00,65.1169,65.1169,65.1169,65.1169,589.0,BUD
2025-05-02 13:44:00,65.1071,65.1268,65.1071,65.1268,1433.0,BUD
2025-05-02 13:43:00,65.0874,65.1071,65.0874,65.1071,2919.0,BUD
2025-05-02 13:42:00,65.1169,65.1169,65.0874,65.0874,1067.0,BUD
2025-05-02 13:41:00,65.1071,65.1169,65.1071,65.1169,1679.0,BUD
2025-05-02 13:40:00,65.1169,65.1169,65.1071,65.1071,1932.0,BUD
2025-05-02 13:39:00,65.1071,65.1071,65.1071,65.1071,687.0,BUD
2025-05-02 13:37:00,65.1169,65.1169,65.1169,65.1169,336.0,BUD
2025-05-02 13:36:00,65.0973,65.1169,65.0973,65.1169,2023.0,BUD
2025-05-02 13:35:00,65.0874,65.0874,65.0874,65.0874,711.0,BUD
2025-05-02 13:34:00,65.1071,65.1169,65.0973,65.0973,1591.0,BUD
2025-05-02 13:33:00,65.0874,65.0874,65.0874,65.0874,790.0,BUD
2025-05-02 13:32:00,65.0633,65.083,65.0633,65.083,1612.0,BUD
2025-05-02 13:31:00,65.0776,65.0776,65.0677,65.0774,971.0,BUD
2025-05-02 13:30:00,65.0874,65.0874,65.0776,65.0776,1501.0,BUD
2025-05-02 13:29:00,65.0579,65.0874,65.0579,65.0874,2038.0,BUD
2025-05-02 13:28:00,65.0776,65.0776,65.0677,65.0677,1180.0,BUD
2025-05-02 13:27:00,65.084,65.084,65.084,65.084,529.0,BUD
2025-05-02 13:26:00,65.0677,65.0776,65.0677,65.0776,1449.0,BUD
2025-05-02 13:25:00,65.0874,65.0874,65.0776,65.0776,2390.0,BUD
2025-05-02 13:24:00,65.0973,65.0973,65.0973,65.0973,372.0,BUD
2025-05-02 13:23:00,65.0973,65.1071,65.0973,65.1071,2239.0,BUD
2025-05-02 13:22:00,65.1169,65.1169,65.1071,65.112,2145.0,BUD
2025-05-02 13:21:00,65.1268,65.1268,65.1268,65.1268,1651.0,BUD
2025-05-02 13:20:00,65.1169,65.1268,65.1169,65.1268,1104.0,BUD
2025-05-02 13:19:00,65.1169,65.1268,65.112,65.1268,5717.0,BUD
2025-05-02 13:18:00,65.1169,65.1169,65.1169,65.1169,999.0,BUD
2025-05-02 13:17:00,65.1069,65.1169,65.1069,65.1169,1808.0,BUD
2025-05-02 13:16:00,65.1169,65.1219,65.0923,65.0973,13750.0,BUD
2025-05-02 13:14:00,65.1169,65.1169,65.1071,65.1071,1544.0,BUD
2025-05-02 13:13:00,65.1317,65.1366,65.1022,65.1022,1885.0,BUD
2025-05-02 13:12:00,65.1366,65.1366,65.1268,65.1366,2076.0,BUD
2025-05-02 13:11:00,65.1465,65.1465,65.1366,65.1366,1668.0,BUD
2025-05-02 13:10:00,65.1591,65.1591,65.1591,65.1591,274.0,BUD
2025-05-02 13:09:00,65.1755,65.176,65.1563,65.1563,866.0,BUD
2025-05-02 13:08:00,65.176,65.1858,65.1673,65.1858,1051.0,BUD
2025-05-02 13:07:00,65.1169,65.176,65.1169,65.176,11674.0,BUD
2025-05-02 13:06:00,65.0953,65.1169,65.0874,65.1169,2228.0,BUD
2025-05-02 13:05:00,65.0874,65.0874,65.0874,65.0874,476.0,BUD
2025-05-02 13:03:00,65.0874,65.0874,65.0874,65.0874,633.0,BUD
2025-05-02 13:01:00,65.0776,65.0776,65.0776,65.0776,290.0,BUD
2025-05-02 13:00:00,65.0776,65.0973,65.0677,65.0874,1886.0,BUD
2025-05-02 12:59:00,65.0776,65.0776,65.0776,65.0776,502.0,BUD
2025-05-02 12:58:00,65.0874,65.0874,65.0874,65.0874,1407.0,BUD
2025-05-02 12:57:00,65.0776,65.0776,65.0776,65.0776,661.0,BUD
2025-05-02 12:56:00,65.0776,65.0776,65.0776,65.0776,605.0,BUD
2025-05-02 12:55:00,65.0677,65.0677,65.0677,65.0677,798.0,BUD
2025-05-02 12:54:00,65.048,65.0874,65.048,65.0874,3170.0,BUD
2025-05-02 12:53:00,65.0544,65.0544,65.048,65.053,1082.0,BUD
2025-05-02 12:52:00,65.048,65.053,65.048,65.053,806.0,BUD
2025-05-02 12:51:00,65.048,65.048,65.048,65.048,218.0,BUD
2025-05-02 12:50:00,65.0726,65.0776,65.0579,65.0628,1496.0,BUD
2025-05-02 12:49:00,65.0874,65.0874,65.0677,65.0677,594.0,BUD
2025-05-02 12:48:00,65.0776,65.0923,65.0776,65.0923,1078.0,BUD
2025-05-02 12:47:00,65.0579,65.0726,65.0579,65.0697,1147.0,BUD
2025-05-02 12:46:00,65.0776,65.0776,65.0579,65.0579,966.0,BUD
2025-05-02 12:45:00,65.0776,65.0776,65.0776,65.0776,814.0,BUD
2025-05-02 12:44:00,65.0874,65.0874,65.0874,65.0874,1661.0,BUD
2025-05-02 12:43:00,65.0874,65.0874,65.0776,65.0825,971.0,BUD
2025-05-02 12:42:00,65.1022,65.1022,65.0874,65.0923,1910.0,BUD
2025-05-02 12:41:00,65.0973,65.0973,65.0973,65.0973,3043.0,BUD
2025-05-02 12:40:00,65.0973,65.1071,65.0973,65.1071,1646.0,BUD
2025-05-02 12:39:00,65.0923,65.0923,65.0923,65.0923,419.0,BUD
2025-05-02 12:38:00,65.0909,65.0973,65.0874,65.0973,702.0,BUD
2025-05-02 12:37:00,65.0973,65.0973,65.0973,65.0973,476.0,BUD
2025-05-02 12:36:00,65.0874,65.0973,65.0874,65.0973,2258.0,BUD
2025-05-02 12:35:00,65.1169,65.1169,65.0973,65.0973,886.0,BUD
2025-05-02 12:34:00,65.1071,65.112,65.1071,65.112,1018.0,BUD
2025-05-02 12:33:00,65.0973,65.1071,65.0973,65.0973,3341.0,BUD
2025-05-02 12:32:00,65.0874,65.0874,65.0874,65.0874,1736.0,BUD
2025-05-02 12:31:00,65.0973,65.0973,65.0776,65.0776,1554.0,BUD
2025-05-02 12:30:00,65.0874,65.1022,65.0874,65.0981,2046.0,BUD
2025-05-02 12:29:00,65.0579,65.0776,65.0579,65.0776,2645.0,BUD
2025-05-02 12:28:00,65.0579,65.0579,65.0579,65.0579,1246.0,BUD
2025-05-02 12:27:00,65.0776,65.0776,65.0677,65.0677,1678.0,BUD
2025-05-02 12:26:00,65.0579,65.0874,65.0579,65.0874,4117.0,BUD
2025-05-02 12:25:00,65.0478,65.048,65.0478,65.048,3885.0,BUD
2025-05-02 12:24:00,65.0431,65.0431,65.0382,65.0382,755.0,BUD
2025-05-02 12:23:00,65.048,65.053,65.0333,65.0382,2496.0,BUD
2025-05-02 12:22:00,65.053,65.053,65.053,65.053,345.0,BUD
2025-05-02 12:21:00,65.053,65.053,65.048,65.048,773.0,BUD
2025-05-02 12:20:00,65.053,65.0535,65.048,65.048,937.0,BUD
2025-05-02 12:19:00,65.048,65.048,65.048,65.048,741.0,BUD
2025-05-02 12:18:00,65.0382,65.0382,65.0333,65.0382,619.0,BUD
2025-05-02 12:17:00,65.048,65.0579,65.0382,65.0382,2352.0,BUD
2025-05-02 12:16:00,65.048,65.053,65.0431,65.0431,2177.0,BUD
2025-05-02 12:15:00,65.048,65.048,65.0382,65.0382,2323.0,BUD
2025-05-02 12:14:00,65.0579,65.0628,65.0579,65.0628,1841.0,BUD
2025-05-02 12:13:00,65.048,65.0579,65.048,65.0579,482.0,BUD
2025-05-02 12:12:00,65.0382,65.0382,65.0382,65.0382,539.0,BUD
2025-05-02 12:11:00,65.0185,65.0284,65.0087,65.0284,2052.0,BUD
2025-05-02 12:10:00,65.0284,65.0284,64.9988,65.0087,2738.0,BUD
2025-05-02 12:08:00,65.0087,65.0185,64.9988,65.0185,2049.0,BUD
2025-05-02 12:07:00,64.989,65.0087,64.989,65.0087,2227.0,BUD
2025-05-02 12:06:00,65.0431,65.0431,64.9989,65.0085,1320.0,BUD
2025-05-02 12:05:00,65.048,65.048,65.0382,65.0382,1311.0,BUD
2025-05-02 12:04:00,65.0382,65.0382,65.0284,65.0382,1831.0,BUD
2025-05-02 12:03:00,65.0677,65.0776,65.0677,65.0677,1101.0,BUD
2025-05-02 12:02:00,65.0382,65.0579,65.0382,65.0579,1850.0,BUD
2025-05-02 12:01:00,64.9988,65.0579,64.9988,65.0185,13037.0,BUD
2025-05-02 12:00:00,65.0087,65.0087,65.0087,65.0087,1279.0,BUD
2025-05-02 11:59:00,65.0136,65.0136,65.0087,65.0087,1099.0,BUD
2025-05-02 11:58:00,65.0234,65.0234,65.0185,65.0185,448.0,BUD
2025-05-02 11:57:00,65.0284,65.0284,65.0185,65.0185,1219.0,BUD
2025-05-02 11:56:00,65.0136,65.0284,65.0136,65.0284,1023.0,BUD
2025-05-02 11:55:00,65.0136,65.0185,65.0087,65.0087,994.0,BUD
2025-05-02 11:54:00,65.0284,65.0382,65.0185,65.0185,1783.0,BUD
2025-05-02 11:53:00,65.048,65.048,65.048,65.048,758.0,BUD
2025-05-02 11:52:00,65.0234,65.0382,65.0234,65.0382,1664.0,BUD
2025-05-02 11:51:00,65.0382,65.0382,65.0284,65.0284,1252.0,BUD
2025-05-02 11:50:00,65.0589,65.0589,65.0382,65.053,2453.0,BUD
2025-05-02 11:49:00,65.0579,65.0579,65.0579,65.0579,753.0,BUD
2025-05-02 11:48:00,65.0579,65.0579,65.0579,65.0579,667.0,BUD
2025-05-02 11:47:00,65.0726,65.0726,65.0579,65.0579,1019.0,BUD
2025-05-02 11:46:00,65.0874,65.0923,65.0776,65.0776,911.0,BUD
2025-05-02 11:45:00,65.112,65.1268,65.0973,65.0973,4320.0,BUD
2025-05-02 11:44:00,65.1071,65.1071,65.0973,65.1071,2154.0,BUD
2025-05-02 11:43:00,65.1071,65.1169,65.1071,65.1071,1225.0,BUD
2025-05-02 11:42:00,65.1169,65.1169,65.1071,65.1071,1479.0,BUD
2025-05-02 11:41:00,65.0825,65.1071,65.0776,65.1071,4241.0,BUD
2025-05-02 11:40:00,65.0825,65.0973,65.0825,65.0973,2665.0,BUD
2025-05-02 11:39:00,65.0923,65.0973,65.0825,65.0825,1515.0,BUD
2025-05-02 11:38:00,65.0874,65.0923,65.0874,65.0874,836.0,BUD
2025-05-02 11:37:00,65.0874,65.1022,65.048,65.1022,4424.0,BUD
2025-05-02 11:36:00,65.0973,65.1049,65.0874,65.1049,981.0,BUD
2025-05-02 11:35:00,65.1366,65.1612,65.0923,65.1022,35128.0,BUD
2025-05-02 11:34:00,65.0973,65.176,65.0973,65.1465,26274.0,BUD
2025-05-02 11:33:00,65.0874,65.1169,65.0776,65.1071,12399.0,BUD
2025-05-02 11:32:00,65.0579,65.0776,65.0579,65.0776,4741.0,BUD
2025-05-02 11:31:00,65.048,65.0677,65.0382,65.0677,19799.0,BUD
2025-05-02 11:30:00,65.0087,65.048,65.0087,65.0431,24129.0,BUD
2025-05-02 11:29:00,65.0087,65.0284,65.0087,65.0185,2319.0,BUD
2025-05-02 11:28:00,65.0185,65.0185,65.0037,65.0037,949.0,BUD
2025-05-02 11:27:00,65.048,65.0579,65.0382,65.0382,5953.0,BUD
2025-05-02 11:26:00,65.0628,65.0677,65.0382,65.0431,2467.0,BUD
2025-05-02 11:25:00,65.0185,65.0677,65.0185,65.0677,4150.0,BUD
2025-05-02 11:24:00,65.048,65.048,65.0284,65.0284,2917.0,BUD
2025-05-02 11:23:00,65.0037,65.0382,65.0037,65.0382,1444.0,BUD
2025-05-02 11:22:00,65.0333,65.0333,64.989,65.0037,1266.0,BUD
2025-05-02 11:21:00,65.0411,65.048,65.0284,65.0382,4775.0,BUD
2025-05-02 11:20:00,64.988,65.0382,64.988,65.0382,3381.0,BUD
2025-05-02 11:19:00,65.0087,65.0087,64.9841,64.9841,849.0,BUD
2025-05-02 11:18:00,65.0136,65.0136,65.0136,65.0136,502.0,BUD
2025-05-02 11:17:00,65.0628,65.0628,65.048,65.048,2554.0,BUD
2025-05-02 11:16:00,65.0726,65.0874,65.0726,65.0874,479.0,BUD
2025-05-02 11:15:00,65.0874,65.0874,65.0628,65.0776,1528.0,BUD
2025-05-02 11:14:00,65.0973,65.0973,65.0874,65.0874,474.0,BUD
2025-05-02 11:13:00,65.0973,65.0973,65.0973,65.0973,1029.0,BUD
2025-05-02 11:12:00,65.0874,65.0973,65.0874,65.0874,3273.0,BUD
2025-05-02 11:11:00,65.0874,65.0874,65.0874,65.0874,301.0,BUD
2025-05-02 11:10:00,65.0677,65.0776,65.0677,65.0776,1790.0,BUD
2025-05-02 11:09:00,65.0632,65.0632,65.053,65.0579,2038.0,BUD
2025-05-02 11:08:00,65.0874,65.0874,65.0726,65.0726,866.0,BUD
2025-05-02 11:07:00,65.0874,65.0874,65.0874,65.0874,783.0,BUD
2025-05-02 11:06:00,65.0973,65.0973,65.0874,65.0874,1920.0,BUD
2025-05-02 11:05:00,65.1268,65.1268,65.1169,65.1169,469.0,BUD
2025-05-02 11:04:00,65.1268,65.1366,65.1268,65.1366,2098.0,BUD
2025-05-02 11:03:00,65.1268,65.1268,65.1268,65.1268,816.0,BUD
2025-05-02 11:02:00,65.1366,65.1376,65.1169,65.1169,1830.0,BUD
2025-05-02 11:01:00,65.1514,65.1563,65.1514,65.1563,400.0,BUD
2025-05-02 11:00:00,65.1957,65.1957,65.1366,65.1366,871.0,BUD
2025-05-02 10:59:00,65.2006,65.2006,65.1957,65.1957,1316.0,BUD
2025-05-02 10:57:00,65.2252,65.2301,65.2252,65.2301,1072.0,BUD
2025-05-02 10:56:00,65.2055,65.2154,65.2055,65.2062,2049.0,BUD
2025-05-02 10:55:00,65.176,65.1957,65.176,65.1957,1568.0,BUD
2025-05-02 10:54:00,65.1858,65.1858,65.1762,65.1858,2853.0,BUD
2025-05-02 10:53:00,65.235,65.235,65.176,65.176,9694.0,BUD
2025-05-02 10:52:00,65.2154,65.2449,65.2154,65.24,1691.0,BUD
2025-05-02 10:51:00,65.2154,65.2301,65.2154,65.2301,531.0,BUD
2025-05-02 10:50:00,65.2251,65.235,65.2251,65.2301,2462.0,BUD
2025-05-02 10:49:00,65.2154,65.2154,65.2055,65.2055,791.0,BUD
2025-05-02 10:48:00,65.2055,65.2154,65.2055,65.2055,1087.0,BUD
2025-05-02 10:47:00,65.2154,65.2301,65.2055,65.2154,11591.0,BUD
2025-05-02 10:46:00,65.2055,65.2154,65.2006,65.2154,1222.0,BUD
2025-05-02 10:45:00,65.2154,65.2154,65.2154,65.2154,1058.0,BUD
2025-05-02 10:44:00,65.2154,65.2154,65.2104,65.2104,664.0,BUD
2025-05-02 10:43:00,65.2055,65.2203,65.2055,65.2203,2308.0,BUD
2025-05-02 10:42:00,65.2203,65.2203,65.1957,65.1957,1097.0,BUD
2025-05-02 10:41:00,65.2892,65.2941,65.2203,65.2203,2685.0,BUD
2025-05-02 10:40:00,65.2843,65.2843,65.2646,65.2843,1696.0,BUD
2025-05-02 10:39:00,65.2547,65.3433,65.2547,65.2843,22738.0,BUD
2025-05-02 10:38:00,65.1809,65.2449,65.1809,65.2449,5812.0,BUD
2025-05-02 10:37:00,65.1661,65.2154,65.1514,65.1858,18124.0,BUD
2025-05-02 10:36:00,65.1465,65.1563,65.1278,65.1563,6078.0,BUD
2025-05-02 10:35:00,65.1071,65.1268,65.1071,65.1268,1465.0,BUD
2025-05-02 10:34:00,65.1366,65.1366,65.1268,65.1268,354.0,BUD
2025-05-02 10:33:00,65.1071,65.1366,65.1071,65.1366,2910.0,BUD
2025-05-02 10:32:00,65.1858,65.1858,65.1071,65.1071,3746.0,BUD
2025-05-02 10:31:00,65.1858,65.1858,65.1514,65.176,1968.0,BUD
2025-05-02 10:30:00,65.1957,65.2154,65.1957,65.2154,2266.0,BUD
2025-05-02 10:29:00,65.1661,65.1908,65.1661,65.1908,1755.0,BUD
2025-05-02 10:28:00,65.1366,65.1563,65.1291,65.1563,3444.0,BUD
2025-05-02 10:27:00,65.1563,65.1563,65.1465,65.1465,682.0,BUD
2025-05-02 10:26:00,65.1268,65.1563,65.1268,65.1563,2538.0,BUD
2025-05-02 10:25:00,65.1317,65.1465,65.1268,65.1268,7360.0,BUD
2025-05-02 10:24:00,65.0874,65.1366,65.0874,65.1366,4623.0,BUD
2025-05-02 10:23:00,65.0776,65.0973,65.0677,65.0973,3538.0,BUD
2025-05-02 10:22:00,65.1169,65.1169,65.0776,65.0776,5194.0,BUD
2025-05-02 10:21:00,65.1465,65.1465,65.1465,65.1465,1024.0,BUD
2025-05-02 10:20:00,65.1858,65.1858,65.1364,65.1366,14723.0,BUD
2025-05-02 10:19:00,65.1612,65.1957,65.1612,65.1957,3532.0,BUD
2025-05-02 10:18:00,65.1514,65.1563,65.135,65.1563,1136.0,BUD
2025-05-02 10:17:00,65.1661,65.1661,65.1661,65.1661,865.0,BUD
2025-05-02 10:16:00,65.1366,65.176,65.1366,65.1563,6086.0,BUD
2025-05-02 10:15:00,65.176,65.176,65.1366,65.1465,2060.0,BUD
2025-05-02 10:14:00,65.1661,65.1858,65.1612,65.1711,1138.0,BUD
2025-05-02 10:13:00,65.1858,65.1858,65.1366,65.1366,1646.0,BUD
2025-05-02 10:12:00,65.176,65.2055,65.176,65.2055,2632.0,BUD
2025-05-02 10:10:00,65.1661,65.1858,65.1661,65.176,1974.0,BUD
2025-05-02 10:09:00,65.1071,65.176,65.1071,65.176,11646.0,BUD
2025-05-02 10:08:00,65.1071,65.1169,65.0923,65.0923,1790.0,BUD
2025-05-02 10:07:00,65.1268,65.1268,65.1071,65.1071,786.0,BUD
2025-05-02 10:06:00,65.1071,65.1169,65.0874,65.1169,1346.0,BUD
2025-05-02 10:05:00,65.1366,65.1366,65.1022,65.1022,4521.0,BUD
2025-05-02 10:04:00,65.1661,65.1661,65.1415,65.1415,1016.0,BUD
2025-05-02 10:03:00,65.1957,65.1957,65.176,65.1858,2066.0,BUD
2025-05-02 10:02:00,65.2055,65.2547,65.2055,65.2092,2792.0,BUD
2025-05-02 10:01:00,65.1661,65.2055,65.1563,65.1957,7018.0,BUD
2025-05-02 10:00:00,65.1563,65.2055,65.1563,65.176,7428.0,BUD
2025-05-02 09:59:00,65.1465,65.176,65.1366,65.176,3072.0,BUD
2025-05-02 09:58:00,65.1465,65.1465,65.1465,65.1465,474.0,BUD
2025-05-02 09:57:00,65.1563,65.176,65.1268,65.1555,5146.0,BUD
2025-05-02 09:56:00,65.1573,65.1612,65.1465,65.1612,1538.0,BUD
2025-05-02 09:55:00,65.176,65.1957,65.1514,65.1661,4244.0,BUD
2025-05-02 09:54:00,65.1169,65.1563,65.1169,65.1563,3186.0,BUD
2025-05-02 09:53:00,65.1465,65.1465,65.0973,65.1104,3781.0,BUD
2025-05-02 09:52:00,65.1465,65.1957,65.1366,65.1612,6249.0,BUD
2025-05-02 09:51:00,65.2154,65.2154,65.1366,65.1366,14936.0,BUD
2025-05-02 09:50:00,65.2646,65.2744,65.2104,65.2104,8912.0,BUD
2025-05-02 09:49:00,65.2547,65.2793,65.2547,65.2597,4286.0,BUD
2025-05-02 09:48:00,65.2154,65.2547,65.2154,65.2547,5689.0,BUD
2025-05-02 09:47:00,65.235,65.2449,65.1957,65.2055,4401.0,BUD
2025-05-02 09:46:00,65.2695,65.2695,65.2252,65.235,2114.0,BUD
2025-05-02 09:45:00,65.2744,65.2744,65.2744,65.2744,3992.0,BUD
2025-05-02 09:44:00,65.2301,65.3039,65.2301,65.2744,4059.0,BUD
2025-05-02 09:43:00,65.2843,65.2843,65.2449,65.2449,5634.0,BUD
2025-05-02 09:42:00,65.299,65.3236,65.2793,65.2793,12444.0,BUD
2025-05-02 09:41:00,65.2892,65.3138,65.2449,65.2941,5496.0,BUD
2025-05-02 09:40:00,65.3138,65.3236,65.2744,65.2892,16538.0,BUD
2025-05-02 09:39:00,65.2941,65.3138,65.2941,65.3138,3403.0,BUD
2025-05-02 09:38:00,65.2498,65.2941,65.2449,65.2744,12022.0,BUD
2025-05-02 09:37:00,65.2646,65.2646,65.235,65.2449,19292.0,BUD
2025-05-02 09:36:00,65.2547,65.2646,65.24,65.24,7690.0,BUD
2025-05-02 09:35:00,65.235,65.2941,65.176,65.2646,14018.0,BUD
2025-05-02 09:34:00,65.2252,65.2744,65.2055,65.2449,10054.0,BUD
2025-05-02 09:33:00,65.2055,65.2843,65.1957,65.2301,8812.0,BUD
2025-05-02 09:32:00,65.2055,65.2154,65.176,65.2055,5506.0,BUD
2025-05-02 09:31:00,65.2154,65.2547,65.176,65.2252,12488.0,BUD
2025-05-02 09:30:00,65.2154,65.3236,65.1957,65.2055,30964.0,BUD
2025-05-02 09:27:00,65.235,65.2449,65.235,65.2449,76.0,BUD
2025-05-02 09:26:00,65.1957,65.1957,65.1858,65.1858,301.0,BUD
2025-05-02 09:25:00,65.1465,65.1465,65.1465,65.1465,3150.0,BUD
2025-05-02 09:22:00,65.1465,65.1465,65.1465,65.1465,131.0,BUD
2025-05-02 09:18:00,65.1268,65.1563,65.1268,65.1465,3416.0,BUD
2025-05-02 09:17:00,65.1465,65.1465,65.1268,65.1268,7639.0,BUD
2025-05-02 09:16:00,65.1563,65.1563,65.1563,65.1563,501.0,BUD
2025-05-02 09:15:00,65.1169,65.1169,65.1169,65.1169,100.0,BUD
2025-05-02 09:09:00,65.0874,65.0874,65.0776,65.0776,22.0,BUD
2025-05-02 09:07:00,65.1366,65.1366,65.0776,65.0874,400.0,BUD
2025-05-02 08:59:00,65.0776,65.0776,65.0776,65.0776,40.0,BUD
2025-05-02 08:55:00,65.1169,65.1169,65.1169,65.1169,247.0,BUD
2025-05-02 08:53:00,65.1169,65.1169,65.1169,65.1169,1.0,BUD
2025-05-02 08:40:00,65.0481,65.0481,65.0481,65.0481,1000.0,BUD
2025-05-02 08:39:00,64.989,65.0677,64.989,65.0677,442.0,BUD
2025-05-02 08:38:00,64.9693,64.9693,64.9398,64.9398,2670.0,BUD
2025-05-02 08:33:00,64.9295,64.9295,64.8315,64.8315,3.0,BUD
2025-05-02 08:32:00,64.9595,64.9595,64.9595,64.9595,3.0,BUD
2025-05-02 08:30:00,64.9201,64.9201,64.9201,64.9201,1.0,BUD
2025-05-02 08:28:00,64.9496,64.9791,64.9496,64.9791,137.0,BUD
2025-05-02 08:15:00,65.0086,65.0086,65.0086,65.0086,10.0,BUD
2025-05-02 08:04:00,65.0279,65.0279,65.0279,65.0279,1.0,BUD
2025-05-02 08:03:00,64.9988,64.9988,64.9988,64.9988,538.0,BUD
2025-05-02 08:02:00,63.9949,63.9949,63.9949,63.9949,3.0,BUD
2025-05-02 08:00:00,64.7528,64.8512,64.6562,64.8512,24.0,BUD
2025-05-02 07:57:00,64.9791,64.9791,64.9791,64.9791,3.0,BUD
2025-05-02 07:51:00,64.9595,64.9693,64.9595,64.9693,257.0,BUD
2025-05-02 07:45:00,64.9201,64.9201,64.9201,64.9201,1.0,BUD
2025-05-02 07:40:00,64.9201,64.9201,64.9201,64.9201,100.0,BUD
2025-05-02 07:36:00,64.8906,64.8906,64.8906,64.8906,602.0,BUD
2025-05-02 07:21:00,64.8217,64.8217,64.8217,64.8217,105.0,BUD
2025-05-02 07:18:00,64.7429,64.7429,64.7429,64.7429,23.0,BUD
2025-05-02 07:17:00,64.7429,64.7429,64.7331,64.7331,2916.0,BUD
2025-05-02 07:00:00,64.7725,64.7823,64.7725,64.7725,301.0,BUD
2025-05-02 06:30:00,64.9102,64.9102,64.9102,64.9102,75.0,BUD
2025-05-02 06:08:00,64.861,64.861,64.861,64.861,10.0,BUD
2025-05-02 04:55:00,64.6248,64.6248,64.6248,64.6248,1.0,BUD
2025-05-02 04:02:00,64.4969,64.4969,64.4969,64.4969,150.0,BUD
2025-05-02 04:00:00,64.4181,64.5559,64.4181,64.5166,22000.0,BUD
2025-05-01 19:51:00,64.2212,64.2212,64.2212,64.2212,20.0,BUD
2025-05-01 19:00:00,63.9949,63.9949,63.9949,63.9949,80481.0,BUD
2025-05-01 18:55:00,64.2213,64.2213,64.2213,64.2213,2.0,BUD
2025-05-01 18:30:00,63.9949,63.9949,63.9949,63.9949,80481.0,BUD
2025-05-01 18:10:00,63.7882,63.7882,63.7882,63.7882,2.0,BUD
2025-05-01 16:36:00,63.7784,63.7784,63.7784,63.7784,5.0,BUD
2025-05-01 16:24:00,63.9752,63.9752,63.9752,63.9752,76.0,BUD
2025-05-01 16:21:00,63.7784,63.7784,63.7784,63.7784,4.0,BUD
2025-05-01 16:11:00,63.7882,63.7882,63.7882,63.7882,3.0,BUD
2025-05-01 16:10:00,63.9949,63.9949,63.9949,63.9949,80481.0,BUD
2025-05-01 16:05:00,63.9949,63.9949,63.9949,63.9949,8.0,BUD
2025-05-01 16:02:00,63.9949,63.9949,63.9949,63.9949,596.0,BUD
2025-05-01 16:01:00,63.9949,63.9949,63.9949,63.9949,850.0,BUD
2025-05-01 16:00:00,64.0146,64.0146,63.9949,63.9949,172600.0,BUD
2025-05-01 15:59:00,64.0038,64.0146,63.9132,64.0146,46186.0,BUD
2025-05-01 15:58:00,63.9752,64.0048,63.9555,64.0048,16575.0,BUD
2025-05-01 15:57:00,64.0244,64.0244,63.9851,63.9851,8542.0,BUD
2025-05-01 15:56:00,63.9949,64.0244,63.99,64.0244,13871.0,BUD
2025-05-01 15:55:00,64.0884,64.0884,63.99,63.99,12058.0,BUD
2025-05-01 15:54:00,64.0983,64.113,64.0933,64.1032,9427.0,BUD
2025-05-01 15:53:00,64.0884,64.1022,64.0786,64.1022,3291.0,BUD
2025-05-01 15:52:00,64.1022,64.1032,64.0664,64.0933,7538.0,BUD
2025-05-01 15:51:00,64.1229,64.1327,64.1032,64.1032,14896.0,BUD
2025-05-01 15:50:00,64.2213,64.2213,64.1229,64.1229,9792.0,BUD
2025-05-01 15:49:00,64.2016,64.2213,64.2016,64.2203,9684.0,BUD
2025-05-01 15:48:00,64.2016,64.2114,64.182,64.1918,5510.0,BUD
2025-05-01 15:47:00,64.1425,64.2006,64.1425,64.2006,4705.0,BUD
2025-05-01 15:46:00,64.1425,64.1514,64.1425,64.1425,1620.0,BUD
2025-05-01 15:45:00,64.0983,64.1416,64.0933,64.1327,5457.0,BUD
2025-05-01 15:44:00,64.1032,64.1032,64.0933,64.0983,6302.0,BUD
2025-05-01 15:43:00,64.113,64.1179,64.1032,64.1032,2260.0,BUD
2025-05-01 15:42:00,64.0835,64.113,64.0835,64.1081,8175.0,BUD
2025-05-01 15:41:00,64.0736,64.0835,64.0736,64.0835,1859.0,BUD
2025-05-01 15:40:00,64.0535,64.0835,64.0535,64.0825,3146.0,BUD
2025-05-01 15:39:00,64.0343,64.0638,64.0343,64.054,6333.0,BUD
2025-05-01 15:38:00,64.0392,64.0392,64.0146,64.0235,1752.0,BUD
2025-05-01 15:37:00,64.054,64.0628,64.0441,64.0441,5102.0,BUD
2025-05-01 15:36:00,64.0294,64.0638,64.0294,64.054,4729.0,BUD
2025-05-01 15:35:00,64.0048,64.0244,63.9949,64.0244,4055.0,BUD
2025-05-01 15:34:00,64.0146,64.0173,64.0097,64.0097,2813.0,BUD
2025-05-01 15:33:00,64.0195,64.0195,64.0048,64.0048,1375.0,BUD
2025-05-01 15:32:00,64.0244,64.0333,64.0146,64.0146,1439.0,BUD
2025-05-01 15:31:00,64.0244,64.0244,64.0235,64.0235,1202.0,BUD
2025-05-01 15:30:00,63.9949,64.0146,63.9851,64.0048,4160.0,BUD
2025-05-01 15:29:00,63.9949,64.0038,63.9949,63.9949,1085.0,BUD
2025-05-01 15:28:00,63.9752,64.0038,63.9752,64.0038,4867.0,BUD
2025-05-01 15:27:00,63.9752,63.9851,63.9654,63.9752,2359.0,BUD
2025-05-01 15:26:00,63.9546,63.9654,63.9506,63.9654,1567.0,BUD
2025-05-01 15:25:00,63.9359,63.9506,63.9359,63.9506,3318.0,BUD
2025-05-01 15:24:00,63.9359,63.9457,63.926,63.926,1244.0,BUD
2025-05-01 15:23:00,63.9195,63.9447,63.9195,63.9359,2576.0,BUD
2025-05-01 15:22:00,63.9162,63.9349,63.9063,63.926,2039.0,BUD
2025-05-01 15:21:00,63.926,63.9309,63.926,63.9309,900.0,BUD
2025-05-01 15:20:00,63.9162,63.9359,63.9162,63.9309,2668.0,BUD
2025-05-01 15:19:00,63.9162,63.9162,63.8916,63.9063,1003.0,BUD
2025-05-01 15:18:00,63.9152,63.9162,63.9063,63.9063,2004.0,BUD
2025-05-01 15:17:00,63.8866,63.8965,63.8866,63.8866,2648.0,BUD
2025-05-01 15:16:00,63.8889,63.8889,63.867,63.8864,1288.0,BUD
2025-05-01 15:15:00,63.9063,63.9063,63.8965,63.8965,1326.0,BUD
2025-05-01 15:14:00,63.8883,63.8965,63.8883,63.8965,1951.0,BUD
2025-05-01 15:13:00,63.867,63.8768,63.867,63.8768,2114.0,BUD
2025-05-01 15:12:00,63.8719,63.8719,63.867,63.867,679.0,BUD
2025-05-01 15:11:00,63.8866,63.8965,63.867,63.8718,2956.0,BUD
2025-05-01 15:10:00,63.8866,63.8866,63.8866,63.8866,919.0,BUD
2025-05-01 15:09:00,63.926,63.926,63.9162,63.9162,802.0,BUD
2025-05-01 15:08:00,63.9162,63.926,63.9112,63.9112,2304.0,BUD
2025-05-01 15:07:00,63.9359,63.9359,63.9168,63.9168,1364.0,BUD
2025-05-01 15:06:00,63.9408,63.9555,63.9368,63.9368,4245.0,BUD
2025-05-01 15:05:00,63.9408,63.9456,63.9359,63.9408,2467.0,BUD
2025-05-01 15:04:00,63.9408,63.9408,63.9408,63.9408,332.0,BUD
2025-05-01 15:03:00,63.9211,63.9359,63.9211,63.9359,4100.0,BUD
2025-05-01 15:02:00,63.9063,63.9162,63.8866,63.9162,2589.0,BUD
2025-05-01 15:01:00,63.926,63.926,63.9162,63.9162,3362.0,BUD
2025-05-01 15:00:00,63.926,63.931,63.9162,63.926,2195.0,BUD
2025-05-01 14:59:00,63.9063,63.926,63.9063,63.926,2025.0,BUD
2025-05-01 14:58:00,63.926,63.926,63.8965,63.8965,1908.0,BUD
2025-05-01 14:57:00,63.926,63.926,63.9162,63.9162,901.0,BUD
2025-05-01 14:56:00,63.9359,63.9359,63.926,63.926,655.0,BUD
2025-05-01 14:55:00,63.926,63.9359,63.926,63.9359,2405.0,BUD
2025-05-01 14:54:00,63.9359,63.9359,63.926,63.926,779.0,BUD
2025-05-01 14:53:00,63.9555,63.9555,63.9506,63.9506,826.0,BUD
2025-05-01 14:52:00,63.9654,63.9654,63.9555,63.9654,1117.0,BUD
2025-05-01 14:51:00,63.9949,63.9949,63.9752,63.9752,2382.0,BUD
2025-05-01 14:50:00,63.9998,63.9998,63.9998,63.9998,342.0,BUD
2025-05-01 14:49:00,64.0048,64.0146,64.0048,64.0048,1531.0,BUD
2025-05-01 14:48:00,64.0195,64.0195,64.0048,64.0048,2061.0,BUD
2025-05-01 14:47:00,64.0195,64.0195,64.0195,64.0195,642.0,BUD
2025-05-01 14:46:00,64.0343,64.0343,64.0244,64.0244,865.0,BUD
2025-05-01 14:45:00,64.0343,64.054,64.0343,64.0441,3700.0,BUD
2025-05-01 14:44:00,64.0294,64.0294,64.0244,64.0244,1493.0,BUD
2025-05-01 14:43:00,64.0343,64.0343,64.0244,64.0244,2516.0,BUD
2025-05-01 14:42:00,64.0195,64.0254,64.0146,64.0254,2968.0,BUD
2025-05-01 14:41:00,64.0195,64.0195,64.0195,64.0195,340.0,BUD
2025-05-01 14:40:00,64.0146,64.0244,64.0146,64.0244,1681.0,BUD
2025-05-01 14:39:00,64.0128,64.0146,64.0097,64.0146,1781.0,BUD
2025-05-01 14:38:00,64.0048,64.0048,63.9998,64.0048,727.0,BUD
2025-05-01 14:37:00,64.0146,64.0146,64.0146,64.0146,1682.0,BUD
2025-05-01 14:36:00,64.0146,64.0146,64.0097,64.0146,1294.0,BUD
2025-05-01 14:35:00,64.0146,64.0195,64.0146,64.0146,1287.0,BUD
2025-05-01 14:34:00,64.02,64.0244,64.0146,64.0244,1833.0,BUD
2025-05-01 14:33:00,64.0146,64.0146,64.0108,64.0108,2123.0,BUD
2025-05-01 14:32:00,64.0146,64.0244,64.0146,64.0146,1295.0,BUD
2025-05-01 14:31:00,64.0048,64.0244,63.9949,64.0146,4409.0,BUD
2025-05-01 14:30:00,64.0048,64.0146,64.0048,64.0146,646.0,BUD
2025-05-01 14:29:00,63.9851,64.0145,63.9851,64.0145,2160.0,BUD
2025-05-01 14:28:00,63.9703,63.9851,63.9703,63.9851,736.0,BUD
2025-05-01 14:27:00,63.9654,63.9752,63.9654,63.9752,1699.0,BUD
2025-05-01 14:26:00,63.99,63.9949,63.9851,63.9851,780.0,BUD
2025-05-01 14:25:00,64.0048,64.0048,63.9949,63.9949,1207.0,BUD
2025-05-01 14:24:00,64.0244,64.0294,64.0244,64.0244,781.0,BUD
2025-05-01 14:23:00,64.0244,64.0343,64.0209,64.0343,2203.0,BUD
2025-05-01 14:22:00,64.0244,64.0244,64.0195,64.0244,1445.0,BUD
2025-05-01 14:21:00,64.0392,64.0392,64.0244,64.0244,1754.0,BUD
2025-05-01 14:20:00,64.0638,64.0638,64.0441,64.0441,1672.0,BUD
2025-05-01 14:19:00,64.0736,64.0736,64.0736,64.0736,657.0,BUD
2025-05-01 14:18:00,64.0835,64.0835,64.0736,64.0736,1066.0,BUD
2025-05-01 14:17:00,64.0933,64.0933,64.0933,64.0933,658.0,BUD
2025-05-01 14:16:00,64.0736,64.0933,64.0736,64.0933,1501.0,BUD
2025-05-01 14:15:00,64.0835,64.0835,64.0736,64.0736,722.0,BUD
2025-05-01 14:14:00,64.0638,64.0638,64.0638,64.0638,855.0,BUD
2025-05-01 14:12:00,64.0736,64.0835,64.0736,64.0835,1984.0,BUD
2025-05-01 14:11:00,64.0835,64.0835,64.0638,64.0687,2231.0,BUD
2025-05-01 14:10:00,64.0687,64.0835,64.0687,64.0835,1199.0,BUD
2025-05-01 14:09:00,64.0638,64.0649,64.0638,64.0649,707.0,BUD
2025-05-01 14:08:00,64.0638,64.0638,64.0638,64.0638,277.0,BUD
2025-05-01 14:07:00,64.0441,64.0441,64.0441,64.0441,1558.0,BUD
2025-05-01 14:06:00,64.0343,64.0343,64.0343,64.0343,463.0,BUD
2025-05-01 14:05:00,64.0343,64.0343,64.0244,64.0343,1031.0,BUD
2025-05-01 14:04:00,64.0146,64.0244,64.0146,64.0244,497.0,BUD
2025-05-01 14:03:00,64.0244,64.0244,64.0097,64.0146,874.0,BUD
2025-05-01 14:02:00,64.0441,64.0441,64.0441,64.0441,1665.0,BUD
2025-05-01 14:01:00,64.0244,64.0441,64.0244,64.0441,1862.0,BUD
2025-05-01 14:00:00,64.0244,64.0244,64.0195,64.0244,933.0,BUD
2025-05-01 13:59:00,64.0343,64.0343,64.0343,64.0343,1216.0,BUD
2025-05-01 13:58:00,64.0441,64.0441,64.0343,64.0343,447.0,BUD
2025-05-01 13:57:00,64.0343,64.0441,64.0146,64.0392,3449.0,BUD
2025-05-01 13:56:00,64.0365,64.0441,64.0365,64.0441,546.0,BUD
2025-05-01 13:55:00,64.0343,64.0441,64.0343,64.0441,1343.0,BUD
2025-05-01 13:54:00,64.054,64.054,64.0441,64.0441,2328.0,BUD
2025-05-01 13:53:00,64.0343,64.0343,64.0343,64.0343,329.0,BUD
2025-05-01 13:52:00,64.0736,64.0736,64.0441,64.0441,2455.0,BUD
2025-05-01 13:51:00,64.0736,64.0736,64.0736,64.0736,343.0,BUD
2025-05-01 13:50:00,64.0845,64.0933,64.0736,64.0933,2594.0,BUD
2025-05-01 13:49:00,64.0933,64.0933,64.0933,64.0933,427.0,BUD
2025-05-01 13:48:00,64.0943,64.0943,64.0943,64.0943,416.0,BUD
2025-05-01 13:47:00,64.0933,64.0933,64.0933,64.0933,364.0,BUD
2025-05-01 13:46:00,64.0933,64.0933,64.0835,64.0884,1101.0,BUD
2025-05-01 13:44:00,64.1032,64.113,64.0933,64.1081,3327.0,BUD
2025-05-01 13:43:00,64.1229,64.1229,64.113,64.113,1348.0,BUD
2025-05-01 13:42:00,64.1524,64.1524,64.1032,64.1032,2689.0,BUD
2025-05-01 13:41:00,64.1485,64.1524,64.1485,64.1524,1409.0,BUD
2025-05-01 13:40:00,64.1425,64.1425,64.1327,64.1425,3044.0,BUD
2025-05-01 13:39:00,64.1573,64.1619,64.1425,64.1475,3784.0,BUD
2025-05-01 13:38:00,64.1524,64.1622,64.1524,64.1573,1213.0,BUD
2025-05-01 13:37:00,64.1524,64.1622,64.1524,64.1622,487.0,BUD
2025-05-01 13:36:00,64.1425,64.1622,64.1425,64.1425,4316.0,BUD
2025-05-01 13:35:00,64.1425,64.1425,64.1425,64.1425,1043.0,BUD
2025-05-01 13:34:00,64.1179,64.1425,64.113,64.1425,3306.0,BUD
2025-05-01 13:33:00,64.113,64.113,64.113,64.113,749.0,BUD
2025-05-01 13:32:00,64.1425,64.1425,64.1229,64.1229,9268.0,BUD
2025-05-01 13:31:00,64.1622,64.1721,64.1327,64.1327,5293.0,BUD
2025-05-01 13:30:00,64.1425,64.1622,64.1366,64.1622,1519.0,BUD
2025-05-01 13:29:00,64.113,64.113,64.113,64.113,639.0,BUD
2025-05-01 13:28:00,64.0933,64.1032,64.0933,64.1032,1456.0,BUD
2025-05-01 13:27:00,64.1425,64.1425,64.1032,64.1032,2836.0,BUD
2025-05-01 13:26:00,64.1425,64.1425,64.1421,64.1421,573.0,BUD
2025-05-01 13:25:00,64.1425,64.1524,64.1355,64.1425,844.0,BUD
2025-05-01 13:24:00,64.1229,64.1524,64.1229,64.1425,1549.0,BUD
2025-05-01 13:23:00,64.1425,64.1425,64.1229,64.1425,3910.0,BUD
2025-05-01 13:22:00,64.1425,64.1524,64.1425,64.1524,539.0,BUD
2025-05-01 13:21:00,64.1425,64.1425,64.1327,64.1327,936.0,BUD
2025-05-01 13:20:00,64.1032,64.1327,64.1032,64.1327,3197.0,BUD
2025-05-01 13:19:00,64.1032,64.113,64.1032,64.113,1191.0,BUD
2025-05-01 13:18:00,64.113,64.1229,64.0983,64.0983,1098.0,BUD
2025-05-01 13:17:00,64.113,64.1179,64.113,64.113,1167.0,BUD
2025-05-01 13:16:00,64.113,64.113,64.113,64.113,305.0,BUD
2025-05-01 13:15:00,64.1179,64.1179,64.1139,64.1139,416.0,BUD
2025-05-01 13:14:00,64.0835,64.0933,64.0835,64.0933,3093.0,BUD
2025-05-01 13:13:00,64.0736,64.0736,64.0638,64.0736,1335.0,BUD
2025-05-01 13:12:00,64.054,64.0638,64.054,64.0638,2141.0,BUD
2025-05-01 13:11:00,64.0638,64.0638,64.0441,64.0441,1235.0,BUD
2025-05-01 13:10:00,64.0638,64.0736,64.0638,64.0687,1899.0,BUD
2025-05-01 13:09:00,64.0687,64.0687,64.054,64.054,645.0,BUD
2025-05-01 13:08:00,64.0687,64.0687,64.0687,64.0687,134.0,BUD
2025-05-01 13:07:00,64.0441,64.0638,64.0441,64.0638,598.0,BUD
2025-05-01 13:06:00,64.0343,64.0343,64.0343,64.0343,387.0,BUD
2025-05-01 13:05:00,64.0146,64.0244,64.0146,64.0244,630.0,BUD
2025-05-01 13:04:00,64.0048,64.0048,64.0048,64.0048,549.0,BUD
2025-05-01 13:03:00,64.0244,64.0294,64.0244,64.0244,1071.0,BUD
2025-05-01 13:02:00,63.9949,64.0097,63.9949,64.0097,401.0,BUD
2025-05-01 13:01:00,64.0048,64.0048,64.0048,64.0048,393.0,BUD
2025-05-01 13:00:00,63.9555,63.9752,63.9555,63.9752,1234.0,BUD
2025-05-01 12:59:00,63.9654,63.9654,63.9457,63.9506,2472.0,BUD
2025-05-01 12:58:00,63.9654,63.9654,63.9654,63.9654,427.0,BUD
2025-05-01 12:57:00,63.9654,63.9654,63.9642,63.9642,391.0,BUD
2025-05-01 12:56:00,63.9752,63.9949,63.9752,63.9851,1306.0,BUD
2025-05-01 12:55:00,63.9654,63.9703,63.9654,63.9703,285.0,BUD
2025-05-01 12:54:00,63.9555,63.9949,63.9555,63.9752,2612.0,BUD
2025-05-01 12:53:00,63.9457,63.9457,63.9457,63.9457,597.0,BUD
2025-05-01 12:52:00,63.9555,63.9555,63.9359,63.9359,1240.0,BUD
2025-05-01 12:51:00,63.9457,63.9654,63.9457,63.9654,1383.0,BUD
2025-05-01 12:50:00,63.9069,63.9408,63.9069,63.9408,2703.0,BUD
2025-05-01 12:48:00,63.9162,63.9162,63.9162,63.9162,439.0,BUD
2025-05-01 12:47:00,63.9063,63.9112,63.9063,63.9112,1202.0,BUD
2025-05-01 12:46:00,63.8965,63.9063,63.8965,63.9063,1748.0,BUD
2025-05-01 12:45:00,63.9014,63.9014,63.9014,63.9014,209.0,BUD
2025-05-01 12:44:00,63.9063,63.9063,63.9063,63.9063,1296.0,BUD
2025-05-01 12:43:00,63.8965,63.8965,63.8965,63.8965,368.0,BUD
2025-05-01 12:42:00,63.9063,63.9063,63.8965,63.8965,472.0,BUD
2025-05-01 12:41:00,63.8866,63.8866,63.8768,63.8768,1207.0,BUD
2025-05-01 12:40:00,63.9063,63.9063,63.8939,63.8965,1348.0,BUD
2025-05-01 12:39:00,63.9063,63.9162,63.9014,63.9162,1374.0,BUD
2025-05-01 12:37:00,63.8965,63.9162,63.8965,63.9162,1203.0,BUD
2025-05-01 12:36:00,63.8965,63.8965,63.8768,63.8965,1656.0,BUD
2025-05-01 12:35:00,63.9162,63.9162,63.9063,63.9063,1008.0,BUD
2025-05-01 12:34:00,63.9162,63.926,63.9162,63.926,2028.0,BUD
2025-05-01 12:33:00,63.8965,63.9162,63.8955,63.9162,2040.0,BUD
2025-05-01 12:32:00,63.9162,63.9162,63.9014,63.9014,445.0,BUD
2025-05-01 12:31:00,63.9162,63.9162,63.8965,63.9014,1099.0,BUD
2025-05-01 12:30:00,63.926,63.926,63.9063,63.9063,1595.0,BUD
2025-05-01 12:29:00,63.9359,63.9457,63.9359,63.9359,1890.0,BUD
2025-05-01 12:28:00,63.9457,63.9457,63.926,63.926,1803.0,BUD
2025-05-01 12:27:00,63.9752,63.9752,63.9506,63.9506,2409.0,BUD
2025-05-01 12:26:00,63.9654,63.9801,63.9654,63.9752,2750.0,BUD
2025-05-01 12:25:00,63.926,63.9654,63.926,63.9654,3236.0,BUD
2025-05-01 12:24:00,63.9162,63.9162,63.91,63.9162,2811.0,BUD
2025-05-01 12:23:00,63.9359,63.9359,63.9162,63.9162,1772.0,BUD
2025-05-01 12:22:00,63.9359,63.9359,63.9359,63.9359,1402.0,BUD
2025-05-01 12:21:00,63.9359,63.9457,63.9359,63.9359,1111.0,BUD
2025-05-01 12:20:00,63.9063,63.9359,63.9063,63.9359,1462.0,BUD
2025-05-01 12:19:00,63.9112,63.9112,63.9063,63.9063,1557.0,BUD
2025-05-01 12:18:00,63.9276,63.9457,63.9063,63.9162,2437.0,BUD
2025-05-01 12:17:00,63.9112,63.9457,63.9112,63.9359,2429.0,BUD
2025-05-01 12:16:00,63.926,63.9359,63.9063,63.926,1301.0,BUD
2025-05-01 12:15:00,63.9654,63.9654,63.9408,63.9555,1650.0,BUD
2025-05-01 12:14:00,63.9851,63.99,63.9703,63.9703,558.0,BUD
2025-05-01 12:13:00,63.9851,63.9851,63.9654,63.9752,992.0,BUD
2025-05-01 12:12:00,63.9851,64.0048,63.9851,63.9949,946.0,BUD
2025-05-01 12:11:00,63.9752,63.9949,63.9752,63.9949,1737.0,BUD
2025-05-01 12:10:00,64.0048,64.0048,63.9654,63.9752,1340.0,BUD
2025-05-01 12:09:00,64.0343,64.0343,64.0244,64.0244,1345.0,BUD
2025-05-01 12:08:00,64.0343,64.0343,64.0195,64.0343,895.0,BUD
2025-05-01 12:07:00,64.0146,64.0244,64.0097,64.0097,1894.0,BUD
2025-05-01 12:06:00,63.9457,64.0244,63.9457,64.0244,3733.0,BUD
2025-05-01 12:05:00,63.9506,63.9555,63.9506,63.9555,1330.0,BUD
2025-05-01 12:04:00,63.9309,63.9506,63.9309,63.9506,626.0,BUD
2025-05-01 12:03:00,63.9211,63.9457,63.9162,63.9162,2351.0,BUD
2025-05-01 12:02:00,63.9457,63.9555,63.9162,63.9359,1417.0,BUD
2025-05-01 12:01:00,63.9408,63.9506,63.9162,63.9359,2444.0,BUD
2025-05-01 12:00:00,63.9112,63.9359,63.9112,63.9359,1225.0,BUD
2025-05-01 11:59:00,63.9112,63.9162,63.9112,63.9162,472.0,BUD
2025-05-01 11:58:00,63.9014,63.9112,63.8866,63.9112,1142.0,BUD
2025-05-01 11:57:00,63.9063,63.9162,63.8768,63.9063,2468.0,BUD
2025-05-01 11:56:00,63.8866,63.926,63.8768,63.926,4401.0,BUD
2025-05-01 11:55:00,63.9506,63.9506,63.8866,63.8866,2947.0,BUD
2025-05-01 11:54:00,63.9359,63.9457,63.9261,63.9359,3231.0,BUD
2025-05-01 11:53:00,63.9201,63.9359,63.9201,63.9359,2432.0,BUD
2025-05-01 11:51:00,63.926,63.926,63.9162,63.9162,2020.0,BUD
2025-05-01 11:50:00,63.9162,63.926,63.9162,63.926,1596.0,BUD
2025-05-01 11:49:00,63.9359,63.9359,63.926,63.926,1353.0,BUD
2025-05-01 11:48:00,63.9162,63.9162,63.8916,63.9063,3612.0,BUD
2025-05-01 11:47:00,63.9359,63.9359,63.9188,63.9188,3484.0,BUD
2025-05-01 11:46:00,63.9506,63.9555,63.9457,63.9555,1182.0,BUD
2025-05-01 11:45:00,63.9359,63.9457,63.926,63.9457,753.0,BUD
2025-05-01 11:44:00,63.9654,63.9654,63.926,63.9359,1535.0,BUD
2025-05-01 11:43:00,63.9555,63.9605,63.9555,63.9605,475.0,BUD
2025-05-01 11:42:00,63.9752,63.9752,63.9654,63.9752,1435.0,BUD
2025-05-01 11:41:00,63.9654,63.9752,63.9654,63.9752,838.0,BUD
2025-05-01 11:40:00,63.9949,64.0146,63.9949,64.0146,1653.0,BUD
2025-05-01 11:39:00,63.9851,63.9949,63.9851,63.9949,907.0,BUD
2025-05-01 11:38:00,64.0146,64.0244,63.9998,63.9998,993.0,BUD
2025-05-01 11:37:00,64.0146,64.0244,64.0146,64.0244,694.0,BUD
2025-05-01 11:36:00,64.0146,64.0244,64.0146,64.0244,1313.0,BUD
2025-05-01 11:35:00,63.9851,64.0146,63.9841,64.0146,3357.0,BUD
2025-05-01 11:34:00,64.0146,64.0146,63.9812,63.9812,2770.0,BUD
2025-05-01 11:33:00,63.9654,64.0244,63.9654,64.0244,1776.0,BUD
2025-05-01 11:32:00,63.9555,63.9801,63.9555,63.9752,2329.0,BUD
2025-05-01 11:31:00,63.9555,63.9654,63.9457,63.9555,3121.0,BUD
2025-05-01 11:30:00,63.9949,63.9998,63.9654,63.9703,2968.0,BUD
2025-05-01 11:29:00,64.0343,64.0343,64.0146,64.0146,3542.0,BUD
2025-05-01 11:28:00,64.0319,64.0441,64.0319,64.0441,542.0,BUD
2025-05-01 11:27:00,64.054,64.0557,64.0343,64.0343,1360.0,BUD
2025-05-01 11:26:00,64.0638,64.0638,64.0638,64.0638,1069.0,BUD
2025-05-01 11:25:00,64.054,64.0638,64.049,64.0638,2282.0,BUD
2025-05-01 11:24:00,64.0441,64.0441,64.0441,64.0441,496.0,BUD
2025-05-01 11:23:00,64.049,64.0638,64.049,64.0638,1535.0,BUD
2025-05-01 11:22:00,64.0343,64.054,64.0343,64.0441,2756.0,BUD
2025-05-01 11:21:00,64.0835,64.0933,64.0441,64.0441,1949.0,BUD
2025-05-01 11:20:00,64.1475,64.1475,64.0835,64.0835,2032.0,BUD
2025-05-01 11:19:00,64.1376,64.1622,64.1376,64.1622,1821.0,BUD
2025-05-01 11:18:00,64.1819,64.1819,64.1524,64.1622,2805.0,BUD
2025-05-01 11:17:00,64.1721,64.1918,64.1573,64.1918,1926.0,BUD
2025-05-01 11:16:00,64.2016,64.2016,64.1819,64.1868,3101.0,BUD
2025-05-01 11:15:00,64.1819,64.2213,64.1819,64.1918,5071.0,BUD
2025-05-01 11:14:00,64.1819,64.1819,64.1721,64.1819,884.0,BUD
2025-05-01 11:13:00,64.1721,64.1819,64.1721,64.1819,1531.0,BUD
2025-05-01 11:12:00,64.2065,64.2065,64.1721,64.1721,4154.0,BUD
2025-05-01 11:11:00,64.1868,64.2065,64.1868,64.2065,1254.0,BUD
2025-05-01 11:10:00,64.1622,64.1918,64.1524,64.1868,2050.0,BUD
2025-05-01 11:09:00,64.113,64.1622,64.113,64.1622,3407.0,BUD
2025-05-01 11:08:00,64.1425,64.1425,64.1032,64.1179,2746.0,BUD
2025-05-01 11:07:00,64.1672,64.1672,64.1475,64.1524,1808.0,BUD
2025-05-01 11:06:00,64.1524,64.1721,64.1524,64.1672,5161.0,BUD
2025-05-01 11:05:00,64.1327,64.1475,64.1327,64.1327,681.0,BUD
2025-05-01 11:04:00,64.0736,64.1327,64.0736,64.1327,3320.0,BUD
2025-05-01 11:03:00,64.0736,64.0736,64.0638,64.0638,526.0,BUD
2025-05-01 11:02:00,64.0835,64.0835,64.0835,64.0835,435.0,BUD
2025-05-01 11:01:00,64.0983,64.0983,64.0983,64.0983,365.0,BUD
2025-05-01 11:00:00,64.1032,64.1032,64.0884,64.1032,1910.0,BUD
2025-05-01 10:59:00,64.1081,64.1081,64.1032,64.1032,856.0,BUD
2025-05-01 10:58:00,64.1229,64.1229,64.1032,64.113,2641.0,BUD
2025-05-01 10:57:00,64.0933,64.1229,64.0933,64.1229,2013.0,BUD
2025-05-01 10:56:00,64.0884,64.0884,64.0884,64.0884,1010.0,BUD
2025-05-01 10:55:00,64.0933,64.1032,64.0736,64.0835,2502.0,BUD
2025-05-01 10:54:00,64.0835,64.0835,64.0638,64.0675,2922.0,BUD
2025-05-01 10:53:00,64.054,64.0933,64.0483,64.0835,2068.0,BUD
2025-05-01 10:52:00,64.0441,64.0589,64.0441,64.0589,866.0,BUD
2025-05-01 10:51:00,64.054,64.0589,64.0294,64.0589,8372.0,BUD
2025-05-01 10:50:00,64.0589,64.0589,64.054,64.054,871.0,BUD
2025-05-01 10:48:00,64.1819,64.1918,64.0835,64.0835,11764.0,BUD
2025-05-01 10:47:00,64.1721,64.1819,64.1721,64.1819,1241.0,BUD
2025-05-01 10:46:00,64.177,64.1819,64.177,64.1819,366.0,BUD
2025-05-01 10:45:00,64.1425,64.2114,64.1425,64.2114,3165.0,BUD
2025-05-01 10:44:00,64.1524,64.1524,64.1425,64.1524,1452.0,BUD
2025-05-01 10:43:00,64.1524,64.1573,64.1524,64.1524,1282.0,BUD
2025-05-01 10:42:00,64.1524,64.1672,64.1475,64.1475,1411.0,BUD
2025-05-01 10:41:00,64.1475,64.1721,64.1475,64.1573,1885.0,BUD
2025-05-01 10:40:00,64.1622,64.1721,64.1573,64.1721,1171.0,BUD
2025-05-01 10:39:00,64.1229,64.1622,64.1229,64.1524,1992.0,BUD
2025-05-01 10:38:00,64.1081,64.1081,64.1081,64.1081,609.0,BUD
2025-05-01 10:37:00,64.1622,64.1819,64.1425,64.1573,2888.0,BUD
2025-05-01 10:36:00,64.1278,64.1819,64.1278,64.177,3292.0,BUD
2025-05-01 10:35:00,64.1425,64.1425,64.1278,64.1278,1479.0,BUD
2025-05-01 10:34:00,64.1425,64.1425,64.1229,64.1376,1047.0,BUD
2025-05-01 10:33:00,64.1573,64.1573,64.1327,64.1327,1528.0,BUD
2025-05-01 10:32:00,64.1721,64.1819,64.1524,64.1524,1084.0,BUD
2025-05-01 10:31:00,64.2213,64.2213,64.1524,64.1721,4575.0,BUD
2025-05-01 10:30:00,64.2508,64.2705,64.2114,64.2213,22556.0,BUD
2025-05-01 10:29:00,64.241,64.2508,64.2311,64.241,3054.0,BUD
2025-05-01 10:28:00,64.2607,64.271,64.2508,64.2508,1550.0,BUD
2025-05-01 10:27:00,64.2508,64.2705,64.2508,64.2705,1779.0,BUD
2025-05-01 10:26:00,64.2705,64.2705,64.2508,64.2508,1992.0,BUD
2025-05-01 10:25:00,64.2557,64.2705,64.2508,64.2666,892.0,BUD
2025-05-01 10:24:00,64.241,64.2656,64.241,64.2656,2527.0,BUD
2025-05-01 10:23:00,64.2656,64.2656,64.241,64.241,1131.0,BUD
2025-05-01 10:22:00,64.2656,64.27,64.2656,64.2656,496.0,BUD
2025-05-01 10:21:00,64.2607,64.2754,64.2607,64.2656,1128.0,BUD
2025-05-01 10:20:00,64.2114,64.241,64.2114,64.241,1187.0,BUD
2025-05-01 10:19:00,64.2508,64.2508,64.2311,64.2311,1183.0,BUD
2025-05-01 10:18:00,64.2705,64.2799,64.2508,64.2508,1385.0,BUD
2025-05-01 10:17:00,64.2902,64.3049,64.2803,64.2803,3011.0,BUD
2025-05-01 10:16:00,64.2754,64.2754,64.2705,64.2754,730.0,BUD
2025-05-01 10:15:00,64.2803,64.2803,64.2803,64.2803,766.0,BUD
2025-05-01 10:14:00,64.2459,64.2459,64.2213,64.2262,1048.0,BUD
2025-05-01 10:13:00,64.2114,64.2164,64.2114,64.2164,427.0,BUD
2025-05-01 10:12:00,64.2065,64.2311,64.2065,64.2114,3404.0,BUD
2025-05-01 10:11:00,64.2065,64.2065,64.2065,64.2065,303.0,BUD
2025-05-01 10:10:00,64.177,64.241,64.1721,64.1721,5903.0,BUD
2025-05-01 10:09:00,64.1622,64.1918,64.1622,64.1819,1728.0,BUD
2025-05-01 10:08:00,64.1918,64.1918,64.1475,64.1622,2159.0,BUD
2025-05-01 10:07:00,64.2264,64.2264,64.2114,64.2114,422.0,BUD
2025-05-01 10:06:00,64.2508,64.2557,64.2311,64.236,5076.0,BUD
2025-05-01 10:05:00,64.2311,64.2508,64.2213,64.2508,2547.0,BUD
2025-05-01 10:04:00,64.2114,64.2311,64.2065,64.2311,2358.0,BUD
2025-05-01 10:03:00,64.2262,64.241,64.2114,64.241,1467.0,BUD
2025-05-01 10:02:00,64.241,64.2705,64.2262,64.2262,2484.0,BUD
2025-05-01 10:01:00,64.2902,64.3689,64.2311,64.2311,6023.0,BUD
2025-05-01 10:00:00,64.2803,64.3099,64.2311,64.2705,5568.0,BUD
2025-05-01 09:59:00,64.3295,64.3295,64.2311,64.2607,10970.0,BUD
2025-05-01 09:58:00,64.3591,64.3591,64.3295,64.3295,1281.0,BUD
2025-05-01 09:57:00,64.3984,64.3984,64.3689,64.3689,458.0,BUD
2025-05-01 09:56:00,64.3542,64.3886,64.3542,64.3886,1036.0,BUD
2025-05-01 09:55:00,64.3345,64.3492,64.3345,64.3492,587.0,BUD
2025-05-01 09:54:00,64.3837,64.3837,64.3837,64.3837,463.0,BUD
2025-05-01 09:53:00,64.3394,64.3689,64.3394,64.3689,660.0,BUD
2025-05-01 09:52:00,64.3492,64.3689,64.3394,64.3689,2057.0,BUD
2025-05-01 09:51:00,64.3394,64.3689,64.3394,64.3689,1027.0,BUD
2025-05-01 09:50:00,64.3295,64.3492,64.3295,64.3443,806.0,BUD
2025-05-01 09:49:00,64.2213,64.2213,64.2213,64.2213,801.0,BUD
2025-05-01 09:48:00,64.1819,64.2213,64.1721,64.2213,3820.0,BUD
2025-05-01 09:47:00,64.2311,64.2311,64.1918,64.1918,3309.0,BUD
2025-05-01 09:46:00,64.2311,64.2607,64.2213,64.241,2532.0,BUD
2025-05-01 09:45:00,64.2016,64.2607,64.2016,64.2439,6762.0,BUD
2025-05-01 09:44:00,64.2607,64.2705,64.2213,64.2213,1610.0,BUD
2025-05-01 09:43:00,64.2853,64.3295,64.2853,64.3295,1218.0,BUD
2025-05-01 09:42:00,64.3414,64.3414,64.2803,64.2902,2127.0,BUD
2025-05-01 09:41:00,64.3097,64.4083,64.3,64.3591,36947.0,BUD
2025-05-01 09:40:00,64.241,64.3295,64.2311,64.2951,5614.0,BUD
2025-05-01 09:39:00,64.2311,64.241,64.2213,64.238,3429.0,BUD
2025-05-01 09:38:00,64.2213,64.2508,64.2213,64.2459,2053.0,BUD
2025-05-01 09:37:00,64.2607,64.2803,64.2114,64.241,4839.0,BUD
2025-05-01 09:36:00,64.1918,64.2774,64.1819,64.2774,5668.0,BUD
2025-05-01 09:35:00,64.2114,64.2114,64.1819,64.2114,2440.0,BUD
2025-05-01 09:34:00,64.0569,64.1662,64.0441,64.1662,2925.0,BUD
2025-05-01 09:33:00,63.9457,64.054,63.9457,64.049,1977.0,BUD
2025-05-01 09:32:00,64.054,64.054,63.9703,64.0244,6761.0,BUD
2025-05-01 09:31:00,64.1721,64.1721,64.0734,64.0734,1463.0,BUD
2025-05-01 09:30:00,64.2213,64.4083,64.2213,64.4083,13884.0,BUD
2025-05-01 09:10:00,63.8375,63.8375,63.8375,63.8375,2.0,BUD
2025-05-01 08:57:00,64.5461,64.5461,64.5461,64.5461,1.0,BUD
2025-05-01 08:49:00,63.8374,63.8374,63.8374,63.8374,1.0,BUD
2025-05-01 08:34:00,63.8276,63.8276,63.8276,63.8276,2.0,BUD
2025-05-01 08:30:00,64.7725,64.7725,64.7725,64.7725,20.0,BUD
2025-05-01 08:27:00,63.8374,63.8374,63.8374,63.8374,5.0,BUD
2025-05-01 08:00:00,63.8374,64.3689,63.8374,64.3689,86.0,BUD
2025-05-01 06:58:00,64.7725,64.7725,64.7331,64.7331,6.0,BUD
2025-05-01 05:31:00,64.8414,64.8414,64.8414,64.8414,3.0,BUD
2025-05-01 04:04:00,64.7725,64.7725,64.7725,64.7725,2.0,BUD
2025-05-01 04:01:00,64.8512,64.8512,64.8512,64.8512,1.0,BUD
2025-04-30 19:09:00,64.2213,64.2213,64.2213,64.2213,18.0,BUD
2025-04-30 19:06:00,64.7725,64.7725,64.7725,64.7725,1.0,BUD
2025-04-30 19:00:00,64.7725,64.7725,64.7725,64.7725,114976.0,BUD
2025-04-30 18:41:00,63.9595,63.9595,63.9595,63.9595,10.0,BUD
2025-04-30 18:40:00,64.7725,64.7725,64.7725,64.7725,1.0,BUD
2025-04-30 18:39:00,64.7823,64.7823,64.7823,64.7823,1.0,BUD
2025-04-30 18:30:00,64.7725,64.7725,64.7725,64.7725,114976.0,BUD
2025-04-30 17:46:00,64.7823,64.7823,64.7823,64.7823,1.0,BUD
2025-04-30 17:40:00,63.9595,63.9595,63.9595,63.9595,10.0,BUD
2025-04-30 17:27:00,63.5422,63.5422,63.5422,63.5422,1.0,BUD
2025-04-30 17:22:00,64.1721,64.1721,64.1721,64.1721,2.0,BUD
2025-04-30 17:09:00,64.4673,64.4969,64.4673,64.4969,55.0,BUD
2025-04-30 17:00:00,64.802,64.802,64.802,64.802,2.0,BUD
2025-04-30 16:48:00,64.9201,64.9201,64.9201,64.9201,6.0,BUD
2025-04-30 16:36:00,64.8118,64.8118,64.8118,64.8118,76.0,BUD
2025-04-30 16:35:00,64.7134,64.7134,64.7134,64.7134,1.0,BUD
2025-04-30 16:34:00,63.5422,63.5422,63.5422,63.5422,2.0,BUD
2025-04-30 16:28:00,64.9102,64.9102,64.9102,64.9102,2.0,BUD
2025-04-30 16:20:00,63.5323,63.5323,63.5323,63.5323,3.0,BUD
2025-04-30 16:19:00,64.7232,64.7232,63.5323,63.5323,6.0,BUD
2025-04-30 16:10:00,64.7725,64.7725,64.7725,64.7725,114976.0,BUD
2025-04-30 16:07:00,63.9752,64.2213,63.9752,64.2213,1038.0,BUD
2025-04-30 16:05:00,64.7725,64.7725,64.7725,64.7725,7.0,BUD
2025-04-30 16:03:00,64.1721,64.1721,64.1721,64.1721,1.0,BUD
2025-04-30 16:00:00,64.7331,64.7725,64.7331,64.7725,234714.0,BUD
2025-04-30 15:59:00,64.7823,64.7872,64.6937,64.7331,49798.0,BUD
2025-04-30 15:58:00,64.7823,64.7921,64.7577,64.7872,31576.0,BUD
2025-04-30 15:57:00,64.8315,64.8315,64.7675,64.7774,28342.0,BUD
2025-04-30 15:56:00,64.8315,64.861,64.8266,64.8315,19988.0,BUD
2025-04-30 15:55:00,64.7725,64.8315,64.7725,64.8118,17244.0,BUD
2025-04-30 15:54:00,64.7823,64.8167,64.7725,64.7823,13199.0,BUD
2025-04-30 15:53:00,64.8118,64.8266,64.7626,64.7823,18581.0,BUD
2025-04-30 15:52:00,64.7331,64.8217,64.726,64.8118,24533.0,BUD
2025-04-30 15:51:00,64.6937,64.7429,64.6937,64.7429,12932.0,BUD
2025-04-30 15:50:00,64.6445,64.7036,64.6445,64.7036,27738.0,BUD
2025-04-30 15:49:00,64.6347,64.6543,64.6347,64.6543,3483.0,BUD
2025-04-30 15:48:00,64.6002,64.6445,64.5953,64.6376,9759.0,BUD
2025-04-30 15:47:00,64.5953,64.6051,64.5953,64.6051,4062.0,BUD
2025-04-30 15:46:00,64.5559,64.6051,64.5559,64.6002,15992.0,BUD
2025-04-30 15:45:00,64.5412,64.551,64.5266,64.551,21747.0,BUD
2025-04-30 15:44:00,64.5389,64.5559,64.5362,64.5362,11546.0,BUD
2025-04-30 15:43:00,64.5658,64.5756,64.5362,64.5387,34973.0,BUD
2025-04-30 15:42:00,64.5756,64.5805,64.5659,64.5707,9193.0,BUD
2025-04-30 15:41:00,64.5854,64.5854,64.5658,64.5658,1899.0,BUD
2025-04-30 15:40:00,64.5264,64.5707,64.5116,64.5707,17062.0,BUD
2025-04-30 15:39:00,64.615,64.6199,64.5067,64.5166,15514.0,BUD
2025-04-30 15:38:00,64.5953,64.6297,64.5953,64.6199,10817.0,BUD
2025-04-30 15:37:00,64.5658,64.5953,64.5658,64.5953,4853.0,BUD
2025-04-30 15:36:00,64.5658,64.5756,64.5658,64.5658,6892.0,BUD
2025-04-30 15:35:00,64.5756,64.5854,64.5559,64.5658,30108.0,BUD
2025-04-30 15:34:00,64.5756,64.5904,64.5756,64.5854,7041.0,BUD
2025-04-30 15:33:00,64.5756,64.5805,64.5707,64.5805,2427.0,BUD
2025-04-30 15:32:00,64.5756,64.5756,64.5658,64.5756,18171.0,BUD
2025-04-30 15:31:00,64.5854,64.5854,64.5756,64.5756,6098.0,BUD
2025-04-30 15:30:00,64.5608,64.5854,64.5264,64.5781,28329.0,BUD
2025-04-30 15:29:00,64.5608,64.5608,64.5559,64.5559,4288.0,BUD
2025-04-30 15:28:00,64.5854,64.5854,64.551,64.551,5992.0,BUD
2025-04-30 15:27:00,64.5953,64.5953,64.5854,64.5854,4365.0,BUD
2025-04-30 15:26:00,64.615,64.615,64.5854,64.5854,2825.0,BUD
2025-04-30 15:25:00,64.6347,64.6347,64.615,64.615,6013.0,BUD
2025-04-30 15:24:00,64.6445,64.6445,64.6347,64.6445,4355.0,BUD
2025-04-30 15:23:00,64.6347,64.6543,64.6248,64.6543,2952.0,BUD
2025-04-30 15:22:00,64.6593,64.6593,64.6248,64.6297,6379.0,BUD
2025-04-30 15:21:00,64.6543,64.6543,64.6493,64.6543,1109.0,BUD
2025-04-30 15:20:00,64.6662,64.674,64.6445,64.6543,6009.0,BUD
2025-04-30 15:19:00,64.679,64.679,64.6642,64.674,3310.0,BUD
2025-04-30 15:18:00,64.6937,64.6937,64.6642,64.674,3602.0,BUD
2025-04-30 15:17:00,64.7134,64.7134,64.7036,64.7036,3073.0,BUD
2025-04-30 15:16:00,64.6937,64.7134,64.6937,64.7085,4462.0,BUD
2025-04-30 15:15:00,64.6888,64.7036,64.6888,64.7036,3210.0,BUD
2025-04-30 15:14:00,64.6642,64.674,64.6642,64.674,1656.0,BUD
2025-04-30 15:13:00,64.6642,64.6642,64.6445,64.6543,6266.0,BUD
2025-04-30 15:12:00,64.6494,64.6691,64.6446,64.6642,4525.0,BUD
2025-04-30 15:11:00,64.615,64.6543,64.615,64.6494,6868.0,BUD
2025-04-30 15:10:00,64.6051,64.6051,64.5953,64.6051,1758.0,BUD
2025-04-30 15:08:00,64.5953,64.5953,64.5904,64.5904,640.0,BUD
2025-04-30 15:07:00,64.5953,64.5953,64.5953,64.5953,1761.0,BUD
2025-04-30 15:06:00,64.5658,64.6051,64.5658,64.6051,3142.0,BUD
2025-04-30 15:05:00,64.5658,64.5707,64.5658,64.5658,3320.0,BUD
2025-04-30 15:04:00,64.551,64.5658,64.551,64.5658,1437.0,BUD
2025-04-30 15:03:00,64.5461,64.551,64.5461,64.5461,2291.0,BUD
2025-04-30 15:02:00,64.5067,64.5362,64.5067,64.5362,2571.0,BUD
2025-04-30 15:01:00,64.5018,64.5264,64.5018,64.5067,5247.0,BUD
2025-04-30 15:00:00,64.4772,64.5018,64.4772,64.5018,9687.0,BUD
2025-04-30 14:59:00,64.4772,64.4772,64.4772,64.4772,8225.0,BUD
2025-04-30 14:58:00,64.487,64.487,64.4673,64.4772,3265.0,BUD
2025-04-30 14:57:00,64.4723,64.487,64.4723,64.4772,3333.0,BUD
2025-04-30 14:56:00,64.487,64.487,64.4673,64.4772,3401.0,BUD
2025-04-30 14:55:00,64.487,64.4969,64.487,64.4969,3610.0,BUD
2025-04-30 14:54:00,64.4772,64.4772,64.4772,64.4772,2844.0,BUD
2025-04-30 14:53:00,64.5166,64.5166,64.4723,64.4772,15280.0,BUD
2025-04-30 14:52:00,64.5166,64.5215,64.5166,64.5215,3371.0,BUD
2025-04-30 14:51:00,64.5166,64.5215,64.5116,64.5166,20163.0,BUD
2025-04-30 14:50:00,64.4772,64.5264,64.4772,64.5264,8153.0,BUD
2025-04-30 14:49:00,64.487,64.4919,64.4723,64.4772,8444.0,BUD
2025-04-30 14:48:00,64.4772,64.4821,64.4772,64.4821,3738.0,BUD
2025-04-30 14:47:00,64.4772,64.4772,64.4772,64.4772,2330.0,BUD
2025-04-30 14:46:00,64.4969,64.4969,64.4673,64.4673,16674.0,BUD
2025-04-30 14:45:00,64.4772,64.4969,64.4772,64.4969,6282.0,BUD
2025-04-30 14:44:00,64.4477,64.4821,64.4378,64.4723,9474.0,BUD
2025-04-30 14:43:00,64.4329,64.4491,64.4329,64.4477,4863.0,BUD
2025-04-30 14:42:00,64.4181,64.4329,64.4181,64.4329,6836.0,BUD
2025-04-30 14:41:00,64.3295,64.428,64.3246,64.4181,32071.0,BUD
2025-04-30 14:40:00,64.3492,64.3591,64.3492,64.3492,1092.0,BUD
2025-04-30 14:39:00,64.3492,64.3591,64.3406,64.3406,1395.0,BUD
2025-04-30 14:38:00,64.3345,64.3591,64.3296,64.3591,3387.0,BUD
2025-04-30 14:37:00,64.3591,64.3689,64.3394,64.3394,2004.0,BUD
2025-04-30 14:36:00,64.3689,64.3689,64.3394,64.3394,2068.0,BUD
2025-04-30 14:35:00,64.3886,64.3886,64.3788,64.3788,5115.0,BUD
2025-04-30 14:34:00,64.4132,64.4245,64.3984,64.4083,2237.0,BUD
2025-04-30 14:33:00,64.4358,64.4358,64.4083,64.4181,1559.0,BUD
2025-04-30 14:32:00,64.4477,64.4575,64.4378,64.4378,4161.0,BUD
2025-04-30 14:31:00,64.4526,64.4526,64.4329,64.4427,3050.0,BUD
2025-04-30 14:30:00,64.4492,64.4595,64.4378,64.4541,13603.0,BUD
2025-04-30 14:29:00,64.487,64.487,64.4181,64.4575,7938.0,BUD
2025-04-30 14:28:00,64.5953,64.5953,64.4949,64.4949,11027.0,BUD
2025-04-30 14:27:00,64.6051,64.6101,64.5953,64.5953,5638.0,BUD
2025-04-30 14:26:00,64.5953,64.6051,64.5953,64.6051,2920.0,BUD
2025-04-30 14:25:00,64.5805,64.5904,64.5756,64.5904,1592.0,BUD
2025-04-30 14:24:00,64.5756,64.5756,64.5756,64.5756,362.0,BUD
2025-04-30 14:23:00,64.5756,64.5756,64.5756,64.5756,770.0,BUD
2025-04-30 14:22:00,64.5854,64.5874,64.5707,64.5854,4995.0,BUD
2025-04-30 14:21:00,64.6051,64.6051,64.5756,64.5854,8024.0,BUD
2025-04-30 14:20:00,64.6248,64.6297,64.6051,64.6051,15275.0,BUD
2025-04-30 14:19:00,64.6347,64.6347,64.6248,64.6248,2433.0,BUD
2025-04-30 14:18:00,64.6248,64.6396,64.6248,64.6297,1477.0,BUD
2025-04-30 14:17:00,64.6347,64.6445,64.6248,64.6248,4587.0,BUD
2025-04-30 14:16:00,64.6445,64.6445,64.615,64.6248,14618.0,BUD
2025-04-30 14:15:00,64.6101,64.6445,64.5953,64.6445,6949.0,BUD
2025-04-30 14:14:00,64.6051,64.615,64.6002,64.6101,4740.0,BUD
2025-04-30 14:13:00,64.615,64.6246,64.6051,64.6051,10356.0,BUD
2025-04-30 14:12:00,64.6248,64.6347,64.615,64.615,4208.0,BUD
2025-04-30 14:11:00,64.6051,64.6445,64.6051,64.6248,8930.0,BUD
2025-04-30 14:10:00,64.5953,64.615,64.5854,64.6002,9599.0,BUD
2025-04-30 14:09:00,64.6248,64.6297,64.5805,64.5805,4409.0,BUD
2025-04-30 14:08:00,64.6347,64.6347,64.6101,64.615,2875.0,BUD
2025-04-30 14:07:00,64.5756,64.7134,64.5756,64.6543,14776.0,BUD
2025-04-30 14:06:00,64.5854,64.6051,64.5608,64.5608,3324.0,BUD
2025-04-30 14:05:00,64.6051,64.6051,64.5854,64.5861,5390.0,BUD
2025-04-30 14:04:00,64.5953,64.5953,64.5854,64.5854,1159.0,BUD
2025-04-30 14:03:00,64.5702,64.5953,64.5702,64.5953,1164.0,BUD
2025-04-30 14:02:00,64.5559,64.5658,64.5559,64.5658,3287.0,BUD
2025-04-30 14:01:00,64.5559,64.5559,64.5559,64.5559,896.0,BUD
2025-04-30 14:00:00,64.5362,64.5559,64.5362,64.5559,16761.0,BUD
2025-04-30 13:59:00,64.5362,64.5362,64.5362,64.5362,645.0,BUD
2025-04-30 13:58:00,64.5362,64.5362,64.5266,64.5362,655.0,BUD
2025-04-30 13:57:00,64.5362,64.5362,64.5362,64.5362,650.0,BUD
2025-04-30 13:56:00,64.5412,64.5461,64.5333,64.5333,3024.0,BUD
2025-04-30 13:55:00,64.5362,64.5461,64.5264,64.5461,1066.0,BUD
2025-04-30 13:54:00,64.5362,64.5362,64.5362,64.5362,411.0,BUD
2025-04-30 13:53:00,64.5166,64.5461,64.5166,64.5461,4571.0,BUD
2025-04-30 13:52:00,64.4772,64.5166,64.4772,64.5166,8663.0,BUD
2025-04-30 13:51:00,64.5018,64.5018,64.4919,64.4919,1010.0,BUD
2025-04-30 13:50:00,64.4772,64.5067,64.4772,64.5067,2302.0,BUD
2025-04-30 13:49:00,64.4673,64.468,64.4575,64.468,889.0,BUD
2025-04-30 13:48:00,64.4673,64.4673,64.4575,64.4575,1758.0,BUD
2025-04-30 13:47:00,64.487,64.487,64.4673,64.4673,958.0,BUD
2025-04-30 13:46:00,64.4821,64.488,64.4772,64.487,7760.0,BUD
2025-04-30 13:45:00,64.5067,64.5067,64.487,64.487,1203.0,BUD
2025-04-30 13:44:00,64.4969,64.5067,64.4969,64.4969,1667.0,BUD
2025-04-30 13:43:00,64.5362,64.5362,64.5116,64.5116,1661.0,BUD
2025-04-30 13:42:00,64.5018,64.5166,64.5018,64.5166,1891.0,BUD
2025-04-30 13:41:00,64.5067,64.5116,64.4969,64.5018,4085.0,BUD
2025-04-30 13:40:00,64.5067,64.5166,64.497,64.5019,1793.0,BUD
2025-04-30 13:39:00,64.5166,64.5362,64.5166,64.5362,4514.0,BUD
2025-04-30 13:38:00,64.5327,64.5327,64.5215,64.5215,1897.0,BUD
2025-04-30 13:37:00,64.5264,64.5264,64.5264,64.5264,1905.0,BUD
2025-04-30 13:36:00,64.5264,64.5461,64.5264,64.5461,1459.0,BUD
2025-04-30 13:35:00,64.5215,64.5264,64.5166,64.5166,3357.0,BUD
2025-04-30 13:34:00,64.487,64.5166,64.487,64.5166,3955.0,BUD
2025-04-30 13:33:00,64.4772,64.487,64.4772,64.487,656.0,BUD
2025-04-30 13:32:00,64.4772,64.4772,64.4772,64.4772,811.0,BUD
2025-04-30 13:31:00,64.4477,64.4772,64.4477,64.4772,2560.0,BUD
2025-04-30 13:30:00,64.4477,64.4477,64.4378,64.4378,853.0,BUD
2025-04-30 13:29:00,64.4477,64.4477,64.4378,64.4477,529.0,BUD
2025-04-30 13:28:00,64.4378,64.4477,64.4329,64.4477,6395.0,BUD
2025-04-30 13:27:00,64.4378,64.4378,64.428,64.428,700.0,BUD
2025-04-30 13:26:00,64.3984,64.4378,64.3984,64.4378,3118.0,BUD
2025-04-30 13:25:00,64.3837,64.3837,64.3837,64.3837,329.0,BUD
2025-04-30 13:24:00,64.3788,64.3984,64.3788,64.3886,1717.0,BUD
2025-04-30 13:23:00,64.3689,64.3788,64.3689,64.3788,63639.0,BUD
2025-04-30 13:22:00,64.3984,64.4083,64.3689,64.3689,3769.0,BUD
2025-04-30 13:21:00,64.3886,64.3886,64.3886,64.3886,1294.0,BUD
2025-04-30 13:19:00,64.3689,64.3689,64.3689,64.3689,159.0,BUD
2025-04-30 13:18:00,64.349,64.3591,64.349,64.3591,1245.0,BUD
2025-04-30 13:17:00,64.3394,64.3394,64.3295,64.3295,703.0,BUD
2025-04-30 13:16:00,64.3295,64.3353,64.3295,64.3345,1307.0,BUD
2025-04-30 13:15:00,64.3099,64.3295,64.3049,64.3197,1051.0,BUD
2025-04-30 13:14:00,64.2607,64.3049,64.2607,64.3049,3031.0,BUD
2025-04-30 13:13:00,64.2508,64.2607,64.2508,64.2508,1288.0,BUD
2025-04-30 13:12:00,64.2803,64.2803,64.2508,64.2656,8517.0,BUD
2025-04-30 13:11:00,64.2803,64.2803,64.2803,64.2803,1034.0,BUD
2025-04-30 13:10:00,64.3099,64.3099,64.2705,64.2803,2414.0,BUD
2025-04-30 13:09:00,64.3197,64.3197,64.3197,64.3197,465.0,BUD
2025-04-30 13:08:00,64.3295,64.3394,64.3246,64.3295,1745.0,BUD
2025-04-30 13:07:00,64.3197,64.3295,64.3197,64.3295,613.0,BUD
2025-04-30 13:06:00,64.3295,64.3492,64.3295,64.3295,959.0,BUD
2025-04-30 13:05:00,64.3591,64.3689,64.3492,64.3492,3170.0,BUD
2025-04-30 13:04:00,64.3591,64.3591,64.3492,64.3591,1439.0,BUD
2025-04-30 13:03:00,64.3689,64.3689,64.364,64.364,788.0,BUD
2025-04-30 13:02:00,64.3591,64.3788,64.3591,64.3788,747.0,BUD
2025-04-30 13:01:00,64.3788,64.3788,64.3788,64.3788,705.0,BUD
2025-04-30 13:00:00,64.3788,64.3886,64.3689,64.3788,3185.0,BUD
2025-04-30 12:59:00,64.3591,64.3788,64.3591,64.3788,1377.0,BUD
2025-04-30 12:58:00,64.3738,64.3738,64.3591,64.3591,679.0,BUD
2025-04-30 12:57:00,64.3984,64.3984,64.3689,64.3788,6808.0,BUD
2025-04-30 12:56:00,64.4083,64.4083,64.4083,64.4083,759.0,BUD
2025-04-30 12:55:00,64.3886,64.3886,64.3886,64.3886,469.0,BUD
2025-04-30 12:54:00,64.3788,64.3788,64.3788,64.3788,611.0,BUD
2025-04-30 12:53:00,64.3689,64.3738,64.3591,64.3738,1303.0,BUD
2025-04-30 12:52:00,64.3591,64.3591,64.3591,64.3591,1567.0,BUD
2025-04-30 12:50:00,64.3295,64.3492,64.3295,64.3492,2452.0,BUD
2025-04-30 12:49:00,64.3099,64.3394,64.3,64.3394,11360.0,BUD
2025-04-30 12:48:00,64.3197,64.3197,64.3099,64.3099,2313.0,BUD
2025-04-30 12:47:00,64.3394,64.3491,64.3394,64.3394,1315.0,BUD
2025-04-30 12:46:00,64.3394,64.3394,64.3353,64.3353,1304.0,BUD
2025-04-30 12:45:00,64.3394,64.3394,64.3345,64.3394,3334.0,BUD
2025-04-30 12:44:00,64.3318,64.3345,64.3197,64.3345,4903.0,BUD
2025-04-30 12:43:00,64.3,64.3332,64.3,64.3332,7377.0,BUD
2025-04-30 12:42:00,64.3099,64.3099,64.3099,64.3099,2175.0,BUD
2025-04-30 12:41:00,64.3049,64.3099,64.3,64.3099,2197.0,BUD
2025-04-30 12:40:00,64.3148,64.3197,64.3,64.3,9071.0,BUD
2025-04-30 12:39:00,64.3197,64.3197,64.3197,64.3197,371.0,BUD
2025-04-30 12:38:00,64.3345,64.3394,64.3295,64.3295,3169.0,BUD
2025-04-30 12:37:00,64.3197,64.3394,64.3099,64.3394,8468.0,BUD
2025-04-30 12:36:00,64.2754,64.3197,64.2754,64.3197,4684.0,BUD
2025-04-30 12:35:00,64.2705,64.2754,64.2705,64.2754,1009.0,BUD
2025-04-30 12:34:00,64.2607,64.2607,64.2508,64.2508,1226.0,BUD
2025-04-30 12:33:00,64.2705,64.2902,64.2508,64.2607,9588.0,BUD
2025-04-30 12:32:00,64.2803,64.2833,64.2705,64.2803,1318.0,BUD
2025-04-30 12:31:00,64.2705,64.2803,64.2705,64.2705,1286.0,BUD
2025-04-30 12:30:00,64.3,64.302,64.2766,64.2803,2468.0,BUD
2025-04-30 12:29:00,64.2902,64.3049,64.2902,64.3049,1447.0,BUD
2025-04-30 12:28:00,64.2853,64.2902,64.2853,64.2902,765.0,BUD
2025-04-30 12:27:00,64.2951,64.3,64.2853,64.2853,2103.0,BUD
2025-04-30 12:26:00,64.2607,64.2902,64.2607,64.2902,3144.0,BUD
2025-04-30 12:25:00,64.2557,64.2687,64.2508,64.2687,2173.0,BUD
2025-04-30 12:24:00,64.2607,64.2607,64.2557,64.2557,1120.0,BUD
2025-04-30 12:23:00,64.2902,64.3,64.2607,64.2607,2513.0,BUD
2025-04-30 12:22:00,64.3099,64.3099,64.3,64.3,880.0,BUD
2025-04-30 12:21:00,64.3148,64.3148,64.3099,64.3099,2715.0,BUD
2025-04-30 12:20:00,64.3049,64.3197,64.3049,64.3197,922.0,BUD
2025-04-30 12:19:00,64.3099,64.3294,64.3099,64.3294,1402.0,BUD
2025-04-30 12:18:00,64.3197,64.3277,64.3197,64.3197,905.0,BUD
2025-04-30 12:17:00,64.3099,64.3099,64.3099,64.3099,656.0,BUD
2025-04-30 12:15:00,64.2803,64.3,64.2803,64.3,981.0,BUD
2025-04-30 12:14:00,64.2508,64.2803,64.2508,64.2803,2099.0,BUD
2025-04-30 12:13:00,64.2705,64.2705,64.2607,64.2705,960.0,BUD
2025-04-30 12:12:00,64.2607,64.2803,64.2607,64.2705,1061.0,BUD
2025-04-30 12:11:00,64.2656,64.2656,64.2656,64.2656,1333.0,BUD
2025-04-30 12:10:00,64.3049,64.3099,64.3,64.3,2084.0,BUD
2025-04-30 12:09:00,64.2705,64.3196,64.2607,64.3196,13812.0,BUD
2025-04-30 12:08:00,64.2853,64.2902,64.2853,64.2902,939.0,BUD
2025-04-30 12:07:00,64.2853,64.2853,64.2853,64.2853,242.0,BUD
2025-04-30 12:06:00,64.3,64.3,64.3,64.3,758.0,BUD
2025-04-30 12:05:00,64.2705,64.2902,64.2705,64.2754,2287.0,BUD
2025-04-30 12:04:00,64.241,64.2607,64.241,64.2508,2329.0,BUD
2025-04-30 12:03:00,64.241,64.2486,64.2311,64.2311,1069.0,BUD
2025-04-30 12:02:00,64.241,64.2607,64.2311,64.2459,2448.0,BUD
2025-04-30 12:01:00,64.241,64.241,64.241,64.241,175.0,BUD
2025-04-30 12:00:00,64.2508,64.2508,64.2508,64.2508,204.0,BUD
2025-04-30 11:59:00,64.2607,64.2705,64.2508,64.2607,1196.0,BUD
2025-04-30 11:58:00,64.2459,64.2705,64.2311,64.2508,3192.0,BUD
2025-04-30 11:57:00,64.2607,64.2762,64.241,64.241,4113.0,BUD
2025-04-30 11:56:00,64.2607,64.2803,64.2607,64.2607,1118.0,BUD
2025-04-30 11:55:00,64.2902,64.2951,64.2705,64.2803,5961.0,BUD
2025-04-30 11:54:00,64.3,64.3,64.3,64.3,144.0,BUD
2025-04-30 11:53:00,64.3049,64.3099,64.3,64.3099,1041.0,BUD
2025-04-30 11:52:00,64.3,64.314,64.3,64.3,884.0,BUD
2025-04-30 11:51:00,64.2508,64.2902,64.2508,64.2803,7936.0,BUD
2025-04-30 11:50:00,64.2213,64.2508,64.2213,64.2508,1050.0,BUD
2025-04-30 11:49:00,64.2114,64.2311,64.2114,64.2311,1527.0,BUD
2025-04-30 11:48:00,64.2213,64.241,64.2213,64.2262,1529.0,BUD
2025-04-30 11:47:00,64.2213,64.2311,64.2213,64.2311,1621.0,BUD
2025-04-30 11:46:00,64.236,64.236,64.2016,64.2213,12215.0,BUD
2025-04-30 11:45:00,64.2311,64.241,64.2213,64.2213,2009.0,BUD
2025-04-30 11:44:00,64.2016,64.241,64.2016,64.241,3450.0,BUD
2025-04-30 11:43:00,64.1918,64.2164,64.1918,64.2164,950.0,BUD
2025-04-30 11:42:00,64.236,64.236,64.1967,64.2114,5369.0,BUD
2025-04-30 11:41:00,64.2311,64.2311,64.2213,64.2311,837.0,BUD
2025-04-30 11:40:00,64.2508,64.2607,64.2311,64.241,4148.0,BUD
2025-04-30 11:39:00,64.1918,64.2508,64.1918,64.241,7933.0,BUD
2025-04-30 11:38:00,64.1967,64.2016,64.1819,64.1918,1386.0,BUD
2025-04-30 11:37:00,64.2016,64.2114,64.1868,64.2016,4557.0,BUD
2025-04-30 11:36:00,64.1524,64.1819,64.1524,64.1819,2741.0,BUD
2025-04-30 11:35:00,64.113,64.1573,64.1032,64.1327,61124.0,BUD
2025-04-30 11:34:00,63.9654,64.1032,63.9555,64.0933,10792.0,BUD
2025-04-30 11:33:00,63.9457,64.0048,63.9457,63.9998,5541.0,BUD
2025-04-30 11:32:00,63.9555,63.9752,63.9408,63.9555,5791.0,BUD
2025-04-30 11:31:00,63.9703,63.9746,63.9555,63.9555,1978.0,BUD
2025-04-30 11:30:00,64.0244,64.0244,63.9752,63.9752,1618.0,BUD
2025-04-30 11:29:00,64.054,64.054,64.0343,64.0441,1898.0,BUD
2025-04-30 11:28:00,64.1032,64.1327,64.0736,64.0736,5321.0,BUD
2025-04-30 11:27:00,64.1032,64.1032,64.0835,64.0835,4095.0,BUD
2025-04-30 11:26:00,64.1132,64.1132,64.0835,64.1032,5697.0,BUD
2025-04-30 11:25:00,64.1229,64.1327,64.113,64.1229,19221.0,BUD
2025-04-30 11:24:00,64.113,64.1327,64.1081,64.113,25064.0,BUD
2025-04-30 11:23:00,64.1327,64.1376,64.1327,64.1327,1368.0,BUD
2025-04-30 11:22:00,64.1425,64.1819,64.1327,64.1524,6183.0,BUD
2025-04-30 11:21:00,64.113,64.1622,64.1032,64.1524,4737.0,BUD
2025-04-30 11:20:00,64.0879,64.113,64.0879,64.0933,2837.0,BUD
2025-04-30 11:19:00,64.0343,64.113,64.0343,64.1032,9748.0,BUD
2025-04-30 11:18:00,64.0195,64.0294,64.0195,64.0294,754.0,BUD
2025-04-30 11:17:00,64.0441,64.0441,64.0048,64.0048,8546.0,BUD
2025-04-30 11:16:00,64.0441,64.049,64.0294,64.049,7756.0,BUD
2025-04-30 11:15:00,64.0343,64.0638,64.0244,64.0441,4090.0,BUD
2025-04-30 11:14:00,64.0343,64.0441,64.0343,64.0441,708.0,BUD
2025-04-30 11:13:00,64.0146,64.054,64.0146,64.0441,5558.0,BUD
2025-04-30 11:12:00,64.0441,64.054,64.0194,64.0194,2478.0,BUD
2025-04-30 11:11:00,64.0933,64.0933,64.0343,64.0343,2425.0,BUD
2025-04-30 11:10:00,64.0736,64.113,64.0687,64.113,7958.0,BUD
2025-04-30 11:09:00,64.0638,64.0736,64.054,64.0687,5980.0,BUD
2025-04-30 11:08:00,64.054,64.0638,64.054,64.054,2574.0,BUD
2025-04-30 11:07:00,64.054,64.0736,64.049,64.0638,10362.0,BUD
2025-04-30 11:06:00,64.049,64.054,64.0343,64.0441,4982.0,BUD
2025-04-30 11:05:00,64.0244,64.0441,64.0244,64.0441,2136.0,BUD
2025-04-30 11:04:00,64.0244,64.0638,64.0244,64.0441,5213.0,BUD
2025-04-30 11:03:00,64.054,64.054,64.0244,64.0244,9640.0,BUD
2025-04-30 11:02:00,64.0441,64.0736,64.0441,64.0638,4131.0,BUD
2025-04-30 11:01:00,64.0195,64.0441,64.0146,64.0343,5785.0,BUD
2025-04-30 11:00:00,63.9851,64.0244,63.9851,64.0195,11446.0,BUD
2025-04-30 10:59:00,63.9851,63.9883,63.9654,63.9883,6085.0,BUD
2025-04-30 10:58:00,63.9359,63.9949,63.9359,63.9949,7950.0,BUD
2025-04-30 10:57:00,63.9555,63.9555,63.926,63.926,5581.0,BUD
2025-04-30 10:56:00,63.8571,63.9554,63.8571,63.9554,1892.0,BUD
2025-04-30 10:55:00,63.867,63.8768,63.862,63.8768,1244.0,BUD
2025-04-30 10:54:00,63.8719,63.8768,63.8571,63.8768,5089.0,BUD
2025-04-30 10:53:00,63.8768,63.8768,63.867,63.867,1462.0,BUD
2025-04-30 10:52:00,63.8227,63.867,63.8227,63.867,1390.0,BUD
2025-04-30 10:51:00,63.8374,63.8768,63.8276,63.867,8811.0,BUD
2025-04-30 10:50:00,63.7981,63.8276,63.7882,63.8276,7582.0,BUD
2025-04-30 10:49:00,63.8128,63.8177,63.7931,63.7981,2639.0,BUD
2025-04-30 10:48:00,63.7882,63.8227,63.7882,63.8177,3822.0,BUD
2025-04-30 10:47:00,63.7685,63.7685,63.7587,63.7685,1728.0,BUD
2025-04-30 10:46:00,63.7489,63.7656,63.7489,63.7656,1382.0,BUD
2025-04-30 10:45:00,63.739,63.739,63.7292,63.739,3307.0,BUD
2025-04-30 10:44:00,63.7685,63.7685,63.7587,63.7587,2490.0,BUD
2025-04-30 10:43:00,63.7784,63.7784,63.7341,63.7685,4316.0,BUD
2025-04-30 10:42:00,63.7882,63.7882,63.7685,63.7784,2783.0,BUD
2025-04-30 10:41:00,63.7489,63.7981,63.7489,63.7882,3930.0,BUD
2025-04-30 10:40:00,63.7193,63.7489,63.7193,63.7489,437.0,BUD
2025-04-30 10:39:00,63.7193,63.7193,63.7095,63.7095,2438.0,BUD
2025-04-30 10:38:00,63.6701,63.7193,63.6701,63.7193,2450.0,BUD
2025-04-30 10:37:00,63.7292,63.7292,63.7292,63.7292,3196.0,BUD
2025-04-30 10:36:00,63.7193,63.7489,63.7193,63.7489,1449.0,BUD
2025-04-30 10:35:00,63.7193,63.7292,63.7193,63.7193,2804.0,BUD
2025-04-30 10:34:00,63.7095,63.7193,63.6898,63.7193,7307.0,BUD
2025-04-30 10:33:00,63.7193,63.739,63.7193,63.7242,3772.0,BUD
2025-04-30 10:32:00,63.7685,63.7685,63.7095,63.717,5667.0,BUD
2025-04-30 10:31:00,63.7981,63.7981,63.7833,63.7924,1438.0,BUD
2025-04-30 10:30:00,63.7587,63.7981,63.7489,63.7981,5219.0,BUD
2025-04-30 10:29:00,63.7587,63.7784,63.7587,63.7587,3893.0,BUD
2025-04-30 10:28:00,63.7587,63.7587,63.7489,63.7587,1546.0,BUD
2025-04-30 10:27:00,63.7685,63.7735,63.7489,63.7489,2880.0,BUD
2025-04-30 10:26:00,63.739,63.7587,63.739,63.7587,2608.0,BUD
2025-04-30 10:25:00,63.7144,63.7515,63.7144,63.7489,3714.0,BUD
2025-04-30 10:24:00,63.7292,63.739,63.7144,63.7193,2404.0,BUD
2025-04-30 10:23:00,63.6898,63.7202,63.6898,63.7095,2928.0,BUD
2025-04-30 10:22:00,63.7193,63.7193,63.6996,63.6996,713.0,BUD
2025-04-30 10:21:00,63.7587,63.7587,63.7341,63.7341,819.0,BUD
2025-04-30 10:20:00,63.7292,63.7587,63.7292,63.7538,3696.0,BUD
2025-04-30 10:19:00,63.7046,63.7193,63.7046,63.7193,759.0,BUD
2025-04-30 10:18:00,63.7095,63.7193,63.6996,63.6996,2060.0,BUD
2025-04-30 10:17:00,63.7144,63.7193,63.6996,63.6996,742.0,BUD
2025-04-30 10:16:00,63.7587,63.7587,63.7341,63.7341,1612.0,BUD
2025-04-30 10:15:00,63.7882,63.7882,63.7685,63.7784,1290.0,BUD
2025-04-30 10:14:00,63.7833,63.7882,63.7636,63.7882,2053.0,BUD
2025-04-30 10:13:00,63.7685,63.7882,63.7685,63.7784,3234.0,BUD
2025-04-30 10:12:00,63.7784,63.7882,63.7784,63.7833,902.0,BUD
2025-04-30 10:11:00,63.7292,63.7685,63.7292,63.7685,2133.0,BUD
2025-04-30 10:10:00,63.7292,63.739,63.7095,63.7193,1179.0,BUD
2025-04-30 10:09:00,63.6898,63.7292,63.6898,63.7292,2210.0,BUD
2025-04-30 10:08:00,63.68,63.68,63.6553,63.68,2570.0,BUD
2025-04-30 10:07:00,63.7292,63.7292,63.68,63.68,3076.0,BUD
2025-04-30 10:06:00,63.7292,63.7292,63.7046,63.7292,5358.0,BUD
2025-04-30 10:05:00,63.7365,63.7587,63.7292,63.7439,8310.0,BUD
2025-04-30 10:04:00,63.7587,63.7784,63.7292,63.7292,4478.0,BUD
2025-04-30 10:03:00,63.7685,63.7784,63.7439,63.7439,6309.0,BUD
2025-04-30 10:02:00,63.8079,63.8079,63.7636,63.7636,7110.0,BUD
2025-04-30 10:01:00,63.8276,63.8473,63.8276,63.8473,1645.0,BUD
2025-04-30 10:00:00,63.8177,63.8473,63.803,63.803,5324.0,BUD
2025-04-30 09:59:00,63.8473,63.8473,63.7882,63.803,8519.0,BUD
2025-04-30 09:58:00,63.8177,63.8473,63.8177,63.8473,2139.0,BUD
2025-04-30 09:57:00,63.8177,63.8177,63.8053,63.8079,2098.0,BUD
2025-04-30 09:56:00,63.8473,63.8571,63.8276,63.8276,2171.0,BUD
2025-04-30 09:55:00,63.8374,63.8374,63.8325,63.8325,1739.0,BUD
2025-04-30 09:54:00,63.8866,63.8866,63.8522,63.8522,32710.0,BUD
2025-04-30 09:53:00,63.8571,63.8965,63.8571,63.8965,3454.0,BUD
2025-04-30 09:52:00,63.926,63.926,63.8719,63.8719,5610.0,BUD
2025-04-30 09:51:00,63.9555,63.9555,63.9162,63.925,7078.0,BUD
2025-04-30 09:50:00,63.9315,63.9596,63.9063,63.9596,7131.0,BUD
2025-04-30 09:49:00,63.9457,63.9851,63.9411,63.9411,6538.0,BUD
2025-04-30 09:48:00,63.9359,63.9654,63.926,63.9457,5795.0,BUD
2025-04-30 09:47:00,63.9703,63.9949,63.9654,63.9654,4603.0,BUD
2025-04-30 09:46:00,64.0097,64.0146,63.9752,63.9752,4230.0,BUD
2025-04-30 09:45:00,64.0294,64.0343,64.0146,64.0244,4392.0,BUD
2025-04-30 09:44:00,64.0343,64.0441,64.0294,64.0294,1667.0,BUD
2025-04-30 09:43:00,64.0441,64.0441,64.0294,64.0392,2870.0,BUD
2025-04-30 09:42:00,64.0638,64.0687,64.0441,64.054,2356.0,BUD
2025-04-30 09:41:00,64.1327,64.1425,64.0736,64.0736,3945.0,BUD
2025-04-30 09:40:00,64.1868,64.1868,64.1229,64.1376,3214.0,BUD
2025-04-30 09:39:00,64.1967,64.2016,64.1721,64.1819,2182.0,BUD
2025-04-30 09:38:00,64.2164,64.2311,64.1425,64.1918,4249.0,BUD
2025-04-30 09:37:00,64.2213,64.241,64.2016,64.2262,7225.0,BUD
2025-04-30 09:36:00,64.3246,64.3394,64.2607,64.2607,5513.0,BUD
2025-04-30 09:35:00,64.241,64.3394,64.2164,64.3394,12610.0,BUD
2025-04-30 09:34:00,64.2016,64.3,64.1967,64.2607,6766.0,BUD
2025-04-30 09:33:00,64.2459,64.2705,64.2114,64.2114,4614.0,BUD
2025-04-30 09:32:00,64.3,64.3197,64.2311,64.2459,18918.0,BUD
2025-04-30 09:31:00,64.2213,64.2803,64.2016,64.2803,8623.0,BUD
2025-04-30 09:30:00,64.1622,64.241,64.1425,64.2016,47471.0,BUD
2025-04-30 09:29:00,64.1819,64.2016,64.0933,64.1229,3700.0,BUD
2025-04-30 09:28:00,64.2311,64.2311,64.2016,64.2213,3200.0,BUD
2025-04-30 09:26:00,64.241,64.2705,64.241,64.2705,201.0,BUD
2025-04-30 09:25:00,64.2213,64.2213,64.2213,64.2213,1200.0,BUD
2025-04-30 09:22:00,64.2607,64.2607,64.2508,64.2508,200.0,BUD
2025-04-30 09:18:00,64.1721,64.1721,64.1721,64.1721,1.0,BUD
2025-04-30 09:15:00,64.1918,64.1918,64.1918,64.1918,30.0,BUD
2025-04-30 09:14:00,64.1918,64.1918,64.1918,64.1918,50.0,BUD
2025-04-30 09:13:00,64.1918,64.1918,64.1918,64.1918,1.0,BUD
2025-04-30 09:09:00,64.1229,64.1229,64.1229,64.1229,6.0,BUD
2025-04-30 09:07:00,64.1032,64.1032,64.1032,64.1032,1.0,BUD
2025-04-30 09:06:00,64.1327,64.1327,64.1229,64.1229,148.0,BUD
2025-04-30 08:57:00,64.1327,64.1327,64.1327,64.1327,50.0,BUD
2025-04-30 08:55:00,64.1032,64.1622,64.1032,64.1622,77.0,BUD
2025-04-30 08:49:00,64.1721,64.1721,64.1721,64.1721,96.0,BUD
2025-04-30 08:48:00,61.8689,61.8689,61.8689,61.8689,12.0,BUD
2025-04-30 08:47:00,64.2705,64.2705,64.2705,64.2705,10.0,BUD
2025-04-30 08:36:00,64.2902,64.2902,64.2902,64.2902,40.0,BUD
2025-04-30 08:32:00,64.3394,64.3394,64.2902,64.2902,11.0,BUD
2025-04-30 08:31:00,64.4083,64.4083,64.3984,64.3984,3.0,BUD
2025-04-30 08:27:00,64.4575,64.4575,64.4575,64.4575,100.0,BUD
2025-04-30 08:21:00,64.4477,64.4477,64.4477,64.4477,200.0,BUD
2025-04-30 08:18:00,64.4477,64.4477,64.4477,64.4477,100.0,BUD
2025-04-30 08:14:00,64.3984,64.3984,64.3984,64.3984,5.0,BUD
2025-04-30 08:04:00,64.428,64.428,64.428,64.428,170.0,BUD
2025-04-30 08:02:00,63.9359,63.9359,63.9359,63.9359,3.0,BUD
2025-04-30 08:00:00,64.4093,64.4757,64.3099,64.4154,424.0,BUD
2025-04-30 07:42:00,64.4575,64.4673,64.4575,64.4673,6.0,BUD
2025-04-30 07:40:00,64.4575,64.4575,64.4575,64.4575,75.0,BUD
2025-04-30 07:35:00,64.3886,64.3886,64.3886,64.3886,18.0,BUD
2025-04-30 07:13:00,64.3295,64.3295,64.3295,64.3295,1.0,BUD
2025-04-30 06:31:00,64.3492,64.3492,64.3492,64.3492,3.0,BUD
2025-04-30 06:05:00,64.3788,64.3788,64.3788,64.3788,88.0,BUD
2025-04-30 05:59:00,64.3,64.3,64.3,64.3,10.0,BUD
2025-04-30 05:50:00,64.2902,64.2902,64.2902,64.2902,9.0,BUD
2025-04-30 05:49:00,64.2607,64.2607,64.2607,64.2607,88.0,BUD
2025-04-30 04:29:00,64.3886,64.3886,64.3886,64.3886,87.0,BUD
2025-04-30 04:12:00,64.4969,64.4969,64.2902,64.4181,1749.0,BUD
2025-04-30 04:06:00,64.4575,64.4575,64.4575,64.4575,87.0,BUD
2025-04-30 04:02:00,64.3689,64.3689,64.3689,64.3689,1198.0,BUD
2025-04-30 04:01:00,64.3394,64.3689,64.3295,64.3689,1152.0,BUD
2025-04-30 04:00:00,64.3197,64.3197,64.3197,64.3197,81.0,BUD
2025-04-29 19:49:00,63.934,63.934,63.934,63.934,7.0,BUD
2025-04-29 19:00:00,63.9359,63.9359,63.9359,63.9359,102017.0,BUD
2025-04-29 18:59:00,63.8276,63.8276,63.8276,63.8276,4.0,BUD
2025-04-29 18:30:00,63.9359,63.9359,63.9359,63.9359,102017.0,BUD
2025-04-29 18:23:00,63.9752,63.9752,63.9752,63.9752,35.0,BUD
2025-04-29 18:22:00,63.9752,63.9752,63.9752,63.9752,5.0,BUD
2025-04-29 18:21:00,63.9654,63.9654,63.9654,63.9654,1.0,BUD
2025-04-29 18:18:00,63.8276,63.8276,63.8276,63.8276,2.0,BUD
2025-04-29 18:16:00,63.9359,63.9359,63.9359,63.9359,5.0,BUD
2025-04-29 18:13:00,64.0855,64.0855,64.0855,64.0855,20.0,BUD
2025-04-29 18:09:00,64.0587,64.0587,64.0587,64.0587,230.0,BUD
2025-04-29 18:08:00,63.9752,63.9752,63.9752,63.9752,10.0,BUD
2025-04-29 17:24:00,63.7863,63.8028,63.7863,63.8028,145.0,BUD
2025-04-29 17:10:00,63.7784,63.7784,63.7784,63.7784,3.0,BUD
2025-04-29 16:37:00,64.0933,64.0933,64.0933,64.0933,1.0,BUD
2025-04-29 16:35:00,63.9359,63.9359,63.9359,63.9359,1648.0,BUD
2025-04-29 16:32:00,63.7784,63.7784,63.7784,63.7784,15.0,BUD
2025-04-29 16:18:00,63.7796,63.7796,63.7796,63.7796,1.0,BUD
2025-04-29 16:11:00,63.9359,63.9359,63.9359,63.9359,1.0,BUD
2025-04-29 16:10:00,63.9359,64.0855,63.9359,64.0855,102033.0,BUD
2025-04-29 16:05:00,63.9359,63.9359,63.9359,63.9359,8.0,BUD
2025-04-29 16:03:00,63.9359,63.9359,63.9359,63.9359,1.0,BUD
2025-04-29 16:02:00,63.8437,63.8437,63.8437,63.8437,42220.0,BUD
2025-04-29 16:00:00,63.926,63.9359,63.9162,63.9359,212860.0,BUD
2025-04-29 15:59:00,63.8768,63.926,63.8571,63.926,77918.0,BUD
2025-04-29 15:58:00,63.867,63.8768,63.8571,63.8719,39338.0,BUD
2025-04-29 15:57:00,63.8473,63.8768,63.8473,63.8719,35565.0,BUD
2025-04-29 15:56:00,63.8276,63.867,63.8276,63.8522,27786.0,BUD
2025-04-29 15:55:00,63.8374,63.867,63.8079,63.8374,40320.0,BUD
2025-04-29 15:54:00,63.8719,63.8916,63.8384,63.8424,40873.0,BUD
2025-04-29 15:53:00,63.8473,63.8857,63.8473,63.8679,39180.0,BUD
2025-04-29 15:52:00,63.9014,63.9014,63.8276,63.8483,27237.0,BUD
2025-04-29 15:51:00,63.9112,63.926,63.8965,63.9014,14171.0,BUD
2025-04-29 15:50:00,63.8965,63.9162,63.8719,63.9112,17223.0,BUD
2025-04-29 15:49:00,63.8965,63.8965,63.8916,63.8916,6690.0,BUD
2025-04-29 15:48:00,63.9112,63.9162,63.8866,63.8965,7704.0,BUD
2025-04-29 15:47:00,63.926,63.9359,63.8916,63.9063,8302.0,BUD
2025-04-29 15:46:00,63.9063,63.9359,63.9063,63.926,5656.0,BUD
2025-04-29 15:45:00,63.9211,63.926,63.8866,63.9063,12527.0,BUD
2025-04-29 15:44:00,63.9457,63.9457,63.9211,63.926,15711.0,BUD
2025-04-29 15:43:00,63.9359,63.9555,63.9309,63.9555,10350.0,BUD
2025-04-29 15:42:00,63.9408,63.9457,63.9309,63.9359,8498.0,BUD
2025-04-29 15:41:00,63.9359,63.9457,63.926,63.9408,8920.0,BUD
2025-04-29 15:40:00,63.926,63.9447,63.926,63.926,14744.0,BUD
2025-04-29 15:39:00,63.926,63.9309,63.926,63.9309,6005.0,BUD
2025-04-29 15:38:00,63.9162,63.926,63.8965,63.926,10295.0,BUD
2025-04-29 15:37:00,63.926,63.926,63.9211,63.9211,2735.0,BUD
2025-04-29 15:36:00,63.894,63.9359,63.8866,63.926,12382.0,BUD
2025-04-29 15:35:00,63.9063,63.9063,63.867,63.8869,13290.0,BUD
2025-04-29 15:34:00,63.9112,63.9112,63.9112,63.9112,896.0,BUD
2025-04-29 15:33:00,63.9162,63.9162,63.8965,63.9112,7723.0,BUD
2025-04-29 15:32:00,63.926,63.9359,63.9162,63.9196,4681.0,BUD
2025-04-29 15:31:00,63.9359,63.9359,63.926,63.926,2195.0,BUD
2025-04-29 15:30:00,63.9359,63.9359,63.9211,63.9359,9632.0,BUD
2025-04-29 15:29:00,63.8965,63.9359,63.8965,63.9359,16537.0,BUD
2025-04-29 15:28:00,63.9506,63.9506,63.8965,63.8965,13659.0,BUD
2025-04-29 15:27:00,63.9457,63.9506,63.9456,63.9506,11939.0,BUD
2025-04-29 15:26:00,63.9457,63.9457,63.9359,63.9408,3861.0,BUD
2025-04-29 15:25:00,63.9752,63.9801,63.9359,63.9457,9570.0,BUD
2025-04-29 15:24:00,63.9506,63.9752,63.9506,63.9703,4214.0,BUD
2025-04-29 15:23:00,63.9555,63.9644,63.9506,63.9506,5137.0,BUD
2025-04-29 15:22:00,63.9457,63.9605,63.9408,63.9555,13289.0,BUD
2025-04-29 15:21:00,63.9605,63.9605,63.9506,63.9506,3859.0,BUD
2025-04-29 15:20:00,63.9555,63.9654,63.9555,63.9654,1328.0,BUD
2025-04-29 15:19:00,63.9555,63.9605,63.9457,63.9605,21600.0,BUD
2025-04-29 15:18:00,63.9309,63.9611,63.9309,63.9605,14073.0,BUD
2025-04-29 15:17:00,63.9359,63.9359,63.926,63.9309,4460.0,BUD
2025-04-29 15:16:00,63.9309,63.9309,63.9297,63.9309,1842.0,BUD
2025-04-29 15:15:00,63.9162,63.9359,63.9162,63.9309,3291.0,BUD
2025-04-29 15:14:00,63.9162,63.926,63.8965,63.9162,7925.0,BUD
2025-04-29 15:13:00,63.9309,63.9309,63.9211,63.926,6440.0,BUD
2025-04-29 15:12:00,63.926,63.9309,63.9162,63.9309,1939.0,BUD
2025-04-29 15:11:00,63.9205,63.9211,63.9205,63.9211,1756.0,BUD
2025-04-29 15:10:00,63.9112,63.9307,63.9063,63.926,4408.0,BUD
2025-04-29 15:09:00,63.9162,63.926,63.9162,63.9162,4856.0,BUD
2025-04-29 15:08:00,63.9211,63.926,63.9162,63.9199,5780.0,BUD
2025-04-29 15:07:00,63.9112,63.9359,63.9112,63.926,7781.0,BUD
2025-04-29 15:06:00,63.9162,63.9162,63.9063,63.9063,2574.0,BUD
2025-04-29 15:05:00,63.8916,63.9112,63.8916,63.9112,4485.0,BUD
2025-04-29 15:04:00,63.8955,63.8955,63.8916,63.8916,826.0,BUD
2025-04-29 15:03:00,63.8768,63.8964,63.8719,63.8964,6274.0,BUD
2025-04-29 15:02:00,63.8916,63.8956,63.8768,63.8866,3582.0,BUD
2025-04-29 15:01:00,63.8965,63.9112,63.8916,63.8916,4057.0,BUD
2025-04-29 15:00:00,63.8819,63.8965,63.8768,63.8866,6505.0,BUD
2025-04-29 14:59:00,63.8627,63.8768,63.8378,63.8768,12099.0,BUD
2025-04-29 14:58:00,63.867,63.8768,63.8473,63.8522,24816.0,BUD
2025-04-29 14:57:00,63.8571,63.8749,63.8374,63.8749,14102.0,BUD
2025-04-29 14:56:00,63.7882,63.8866,63.7735,63.8618,39269.0,BUD
2025-04-29 14:55:00,63.7882,63.7882,63.7833,63.7833,7892.0,BUD
2025-04-29 14:54:00,63.7931,63.7931,63.7784,63.7882,2371.0,BUD
2025-04-29 14:53:00,63.7735,63.7973,63.7735,63.7973,2625.0,BUD
2025-04-29 14:52:00,63.7685,63.7784,63.7685,63.7735,4320.0,BUD
2025-04-29 14:51:00,63.7685,63.7784,63.7587,63.7685,8134.0,BUD
2025-04-29 14:50:00,63.7784,63.7784,63.7685,63.7685,6060.0,BUD
2025-04-29 14:49:00,63.7833,63.7882,63.7833,63.7833,7995.0,BUD
2025-04-29 14:48:00,63.7817,63.7833,63.7817,63.7819,3605.0,BUD
2025-04-29 14:47:00,63.7784,63.7882,63.7784,63.7882,1837.0,BUD
2025-04-29 14:46:00,63.7685,63.7882,63.7685,63.7882,2738.0,BUD
2025-04-29 14:45:00,63.7931,63.7981,63.7735,63.7735,5103.0,BUD
2025-04-29 14:44:00,63.7931,63.7931,63.7784,63.7931,11428.0,BUD
2025-04-29 14:43:00,63.8177,63.8177,63.7981,63.8079,7036.0,BUD
2025-04-29 14:42:00,63.8227,63.8276,63.8177,63.8177,807.0,BUD
2025-04-29 14:41:00,63.8177,63.8177,63.8177,63.8177,207.0,BUD
2025-04-29 14:40:00,63.8177,63.8276,63.8177,63.8276,4676.0,BUD
2025-04-29 14:39:00,63.8128,63.8177,63.8079,63.8079,4754.0,BUD
2025-04-29 14:38:00,63.8177,63.8177,63.8128,63.8128,930.0,BUD
2025-04-29 14:37:00,63.8227,63.8227,63.8128,63.8128,981.0,BUD
2025-04-29 14:36:00,63.8177,63.8177,63.8177,63.8177,1776.0,BUD
2025-04-29 14:35:00,63.8177,63.8177,63.8177,63.8177,1734.0,BUD
2025-04-29 14:34:00,63.7931,63.8276,63.7931,63.8177,9240.0,BUD
2025-04-29 14:33:00,63.7931,63.7931,63.7931,63.7931,614.0,BUD
2025-04-29 14:32:00,63.803,63.803,63.7882,63.7931,1336.0,BUD
2025-04-29 14:31:00,63.8079,63.8079,63.803,63.803,733.0,BUD
2025-04-29 14:30:00,63.7735,63.7981,63.7735,63.7981,8992.0,BUD
2025-04-29 14:29:00,63.7729,63.7735,63.7729,63.7735,783.0,BUD
2025-04-29 14:28:00,63.7489,63.7735,63.7439,63.7685,4762.0,BUD
2025-04-29 14:27:00,63.7341,63.739,63.7292,63.739,3812.0,BUD
2025-04-29 14:26:00,63.7341,63.7439,63.7292,63.739,5363.0,BUD
2025-04-29 14:25:00,63.7341,63.739,63.7292,63.7341,5606.0,BUD
2025-04-29 14:24:00,63.7292,63.7489,63.7292,63.7341,7314.0,BUD
2025-04-29 14:23:00,63.7292,63.739,63.7292,63.739,4322.0,BUD
2025-04-29 14:22:00,63.7292,63.7341,63.7292,63.7292,1161.0,BUD
2025-04-29 14:21:00,63.7685,63.7685,63.7404,63.7404,2039.0,BUD
2025-04-29 14:20:00,63.803,63.803,63.7685,63.7784,9357.0,BUD
2025-04-29 14:19:00,63.8177,63.8177,63.8079,63.8079,4022.0,BUD
2025-04-29 14:18:00,63.8177,63.8177,63.8079,63.8079,2122.0,BUD
2025-04-29 14:17:00,63.8276,63.8276,63.8227,63.8227,1248.0,BUD
2025-04-29 14:16:00,63.8128,63.8276,63.8128,63.8276,1451.0,BUD
2025-04-29 14:15:00,63.8079,63.8079,63.8079,63.8079,3717.0,BUD
2025-04-29 14:14:00,63.7981,63.8079,63.7981,63.7981,4840.0,BUD
2025-04-29 14:13:00,63.8177,63.8276,63.7981,63.7981,3931.0,BUD
2025-04-29 14:12:00,63.8177,63.8177,63.8079,63.8079,2367.0,BUD
2025-04-29 14:11:00,63.8177,63.8177,63.8177,63.8177,3513.0,BUD
2025-04-29 14:10:00,63.8374,63.8374,63.8177,63.8177,2406.0,BUD
2025-04-29 14:09:00,63.8571,63.8571,63.8473,63.8473,1081.0,BUD
2025-04-29 14:08:00,63.8276,63.8473,63.8276,63.8473,4823.0,BUD
2025-04-29 14:07:00,63.8374,63.8473,63.8374,63.8424,2074.0,BUD
2025-04-29 14:06:00,63.8227,63.8473,63.8227,63.8473,7715.0,BUD
2025-04-29 14:05:00,63.8128,63.8276,63.8128,63.8187,2431.0,BUD
2025-04-29 14:04:00,63.8227,63.8227,63.8079,63.8128,2417.0,BUD
2025-04-29 14:03:00,63.8079,63.8227,63.8073,63.8227,4784.0,BUD
2025-04-29 14:02:00,63.8177,63.8227,63.8128,63.8128,4862.0,BUD
2025-04-29 14:01:00,63.7931,63.8177,63.7882,63.8177,6027.0,BUD
2025-04-29 14:00:00,63.7981,63.7981,63.7931,63.7931,1457.0,BUD
2025-04-29 13:59:00,63.8079,63.8177,63.7882,63.7882,2581.0,BUD
2025-04-29 13:58:00,63.8079,63.8276,63.8079,63.8177,829.0,BUD
2025-04-29 13:57:00,63.8374,63.8374,63.8276,63.8276,2904.0,BUD
2025-04-29 13:56:00,63.8571,63.862,63.8473,63.8473,2978.0,BUD
2025-04-29 13:55:00,63.8276,63.8571,63.8276,63.8571,6911.0,BUD
2025-04-29 13:54:00,63.8177,63.8276,63.8177,63.8276,3376.0,BUD
2025-04-29 13:53:00,63.8177,63.8177,63.8128,63.8128,1400.0,BUD
2025-04-29 13:52:00,63.8177,63.8177,63.8128,63.8177,1922.0,BUD
2025-04-29 13:51:00,63.8177,63.8177,63.8079,63.8177,4786.0,BUD
2025-04-29 13:50:00,63.8276,63.8374,63.8177,63.8276,5234.0,BUD
2025-04-29 13:49:00,63.8571,63.8571,63.8276,63.8473,2000.0,BUD
2025-04-29 13:48:00,63.8276,63.8571,63.8276,63.8571,4068.0,BUD
2025-04-29 13:47:00,63.8276,63.8374,63.8276,63.8325,7748.0,BUD
2025-04-29 13:46:00,63.8374,63.8473,63.8325,63.8325,1276.0,BUD
2025-04-29 13:45:00,63.8276,63.8374,63.8079,63.8276,10042.0,BUD
2025-04-29 13:44:00,63.8522,63.8522,63.8286,63.8286,1488.0,BUD
2025-04-29 13:43:00,63.8571,63.867,63.8522,63.8522,3017.0,BUD
2025-04-29 13:42:00,63.8571,63.862,63.8571,63.8581,912.0,BUD
2025-04-29 13:41:00,63.8571,63.867,63.8571,63.8571,1402.0,BUD
2025-04-29 13:40:00,63.8374,63.8571,63.8297,63.8571,6392.0,BUD
2025-04-29 13:39:00,63.8276,63.8374,63.8276,63.8374,2192.0,BUD
2025-04-29 13:38:00,63.7882,63.8177,63.7882,63.8177,5177.0,BUD
2025-04-29 13:37:00,63.7882,63.7981,63.7784,63.7784,857.0,BUD
2025-04-29 13:36:00,63.8173,63.82,63.7981,63.7981,7705.0,BUD
2025-04-29 13:35:00,63.8079,63.8276,63.8079,63.8276,1403.0,BUD
2025-04-29 13:34:00,63.7784,63.8079,63.7784,63.8079,6027.0,BUD
2025-04-29 13:33:00,63.8128,63.8128,63.7784,63.7784,3312.0,BUD
2025-04-29 13:32:00,63.7784,63.8177,63.7784,63.8177,6237.0,BUD
2025-04-29 13:30:00,63.7931,63.7931,63.7882,63.7882,362.0,BUD
2025-04-29 13:29:00,63.7882,63.7981,63.7784,63.7981,1745.0,BUD
2025-04-29 13:28:00,63.7784,63.7882,63.7685,63.7882,4222.0,BUD
2025-04-29 13:27:00,63.7784,63.7882,63.7784,63.7882,1999.0,BUD
2025-04-29 13:26:00,63.7833,63.7981,63.7784,63.7784,13562.0,BUD
2025-04-29 13:25:00,63.7882,63.7882,63.7784,63.7833,760.0,BUD
2025-04-29 13:24:00,63.7784,63.7882,63.7685,63.7784,7941.0,BUD
2025-04-29 13:23:00,63.7784,63.7784,63.7784,63.7784,948.0,BUD
2025-04-29 13:22:00,63.7833,63.7882,63.7784,63.7784,4788.0,BUD
2025-04-29 13:21:00,63.7784,63.7833,63.7784,63.7833,635.0,BUD
2025-04-29 13:20:00,63.7981,63.7981,63.7784,63.7833,2898.0,BUD
2025-04-29 13:19:00,63.7685,63.7882,63.7685,63.7882,3736.0,BUD
2025-04-29 13:18:00,63.7784,63.7784,63.7587,63.7587,1465.0,BUD
2025-04-29 13:17:00,63.7784,63.7882,63.7685,63.7784,4468.0,BUD
2025-04-29 13:16:00,63.7587,63.7685,63.7587,63.7685,239.0,BUD
2025-04-29 13:15:00,63.7636,63.7833,63.7636,63.7784,1861.0,BUD
2025-04-29 13:14:00,63.7636,63.7663,63.7587,63.7587,533.0,BUD
2025-04-29 13:13:00,63.739,63.7636,63.739,63.7636,2846.0,BUD
2025-04-29 13:12:00,63.7292,63.7489,63.7292,63.7292,863.0,BUD
2025-04-29 13:11:00,63.7292,63.7292,63.7292,63.7292,467.0,BUD
2025-04-29 13:10:00,63.7489,63.7489,63.7341,63.7341,672.0,BUD
2025-04-29 13:09:00,63.7489,63.7658,63.7489,63.7658,4157.0,BUD
2025-04-29 13:08:00,63.7784,63.7784,63.7587,63.7587,1475.0,BUD
2025-04-29 13:07:00,63.7784,63.7833,63.7685,63.7833,2731.0,BUD
2025-04-29 13:06:00,63.7882,63.7882,63.7685,63.7784,2787.0,BUD
2025-04-29 13:05:00,63.8079,63.8079,63.7882,63.7882,1761.0,BUD
2025-04-29 13:04:00,63.7895,63.8177,63.7882,63.8177,3682.0,BUD
2025-04-29 13:03:00,63.7882,63.7981,63.7882,63.7882,2599.0,BUD
2025-04-29 13:02:00,63.7981,63.8079,63.7981,63.7981,4053.0,BUD
2025-04-29 13:01:00,63.7981,63.8079,63.7784,63.7981,8850.0,BUD
2025-04-29 13:00:00,63.8276,63.8276,63.8079,63.8177,4032.0,BUD
2025-04-29 12:59:00,63.8128,63.8276,63.8128,63.8128,745.0,BUD
2025-04-29 12:58:00,63.8177,63.8177,63.8128,63.8128,1101.0,BUD
2025-04-29 12:57:00,63.8177,63.8177,63.8079,63.8079,1827.0,BUD
2025-04-29 12:56:00,63.8374,63.8374,63.8276,63.8276,1147.0,BUD
2025-04-29 12:55:00,63.8473,63.8473,63.8374,63.8374,4230.0,BUD
2025-04-29 12:54:00,63.8473,63.8571,63.8473,63.8571,958.0,BUD
2025-04-29 12:53:00,63.8276,63.862,63.8276,63.8571,1929.0,BUD
2025-04-29 12:52:00,63.8276,63.8374,63.8276,63.8374,885.0,BUD
2025-04-29 12:51:00,63.7833,63.7981,63.7587,63.7981,6100.0,BUD
2025-04-29 12:50:00,63.7685,63.8079,63.7685,63.7981,12938.0,BUD
2025-04-29 12:49:00,63.7587,63.7685,63.7489,63.7636,13062.0,BUD
2025-04-29 12:48:00,63.7981,63.7981,63.7489,63.7489,6276.0,BUD
2025-04-29 12:47:00,63.8473,63.8473,63.7981,63.7981,10857.0,BUD
2025-04-29 12:46:00,63.8768,63.8768,63.8571,63.8571,2157.0,BUD
2025-04-29 12:45:00,63.8866,63.8866,63.8866,63.8866,775.0,BUD
2025-04-29 12:44:00,63.8768,63.8965,63.8768,63.8866,1714.0,BUD
2025-04-29 12:43:00,63.8768,63.9162,63.8768,63.8965,2244.0,BUD
2025-04-29 12:42:00,63.862,63.8768,63.862,63.8768,3638.0,BUD
2025-04-29 12:41:00,63.8571,63.8571,63.8571,63.8571,1121.0,BUD
2025-04-29 12:40:00,63.867,63.867,63.8571,63.8571,1030.0,BUD
2025-04-29 12:39:00,63.867,63.8768,63.8571,63.867,1702.0,BUD
2025-04-29 12:38:00,63.9063,63.9162,63.9063,63.9063,1177.0,BUD
2025-04-29 12:37:00,63.926,63.926,63.9063,63.9162,1351.0,BUD
2025-04-29 12:36:00,63.9162,63.926,63.9162,63.926,882.0,BUD
2025-04-29 12:35:00,63.926,63.926,63.926,63.926,2117.0,BUD
2025-04-29 12:34:00,63.9063,63.9162,63.9063,63.9162,894.0,BUD
2025-04-29 12:33:00,63.9063,63.9162,63.9063,63.9139,2469.0,BUD
2025-04-29 12:32:00,63.926,63.926,63.9063,63.9063,1045.0,BUD
2025-04-29 12:31:00,63.9359,63.9359,63.9359,63.9359,199.0,BUD
2025-04-29 12:30:00,63.9949,63.9949,63.9359,63.9359,4256.0,BUD
2025-04-29 12:29:00,63.9851,63.9851,63.9834,63.9834,1053.0,BUD
2025-04-29 12:28:00,63.9359,63.9752,63.9359,63.9752,2153.0,BUD
2025-04-29 12:27:00,63.9063,63.9359,63.9063,63.9359,1690.0,BUD
2025-04-29 12:26:00,63.8965,63.9162,63.8965,63.9063,1674.0,BUD
2025-04-29 12:25:00,63.8866,63.9063,63.8866,63.9063,1273.0,BUD
2025-04-29 12:24:00,63.867,63.867,63.867,63.867,339.0,BUD
2025-04-29 12:23:00,63.8571,63.8768,63.8571,63.8768,1817.0,BUD
2025-04-29 12:22:00,63.8571,63.8571,63.8571,63.8571,1725.0,BUD
2025-04-29 12:21:00,63.8374,63.8374,63.8374,63.8374,686.0,BUD
2025-04-29 12:20:00,63.7784,63.8473,63.7784,63.8473,8169.0,BUD
2025-04-29 12:19:00,63.8079,63.8177,63.7833,63.7833,3145.0,BUD
2025-04-29 12:18:00,63.8177,63.8177,63.803,63.803,1489.0,BUD
2025-04-29 12:17:00,63.8276,63.8374,63.8177,63.8177,160771.0,BUD
2025-04-29 12:16:00,63.8571,63.8571,63.8473,63.8473,2797.0,BUD
2025-04-29 12:15:00,63.8473,63.8522,63.8473,63.8522,2061.0,BUD
2025-04-29 12:14:00,63.8128,63.8374,63.8079,63.8276,6735.0,BUD
2025-04-29 12:13:00,63.8177,63.8276,63.8079,63.8276,670.0,BUD
2025-04-29 12:12:00,63.8177,63.8177,63.8177,63.8177,1108.0,BUD
2025-04-29 12:11:00,63.8177,63.8177,63.8177,63.8177,808.0,BUD
2025-04-29 12:10:00,63.8374,63.8522,63.8276,63.8522,4161.0,BUD
2025-04-29 12:09:00,63.8177,63.8374,63.8079,63.8374,5170.0,BUD
2025-04-29 12:08:00,63.8276,63.8276,63.8177,63.8177,499.0,BUD
2025-04-29 12:07:00,63.8276,63.8276,63.826,63.8276,1909.0,BUD
2025-04-29 12:06:00,63.7685,63.8177,63.7685,63.8177,3628.0,BUD
2025-04-29 12:05:00,63.7341,63.7685,63.7292,63.7685,3799.0,BUD
2025-04-29 12:04:00,63.7292,63.7341,63.7292,63.7341,922.0,BUD
2025-04-29 12:03:00,63.7193,63.7193,63.7193,63.7193,860.0,BUD
2025-04-29 12:02:00,63.6701,63.7095,63.6701,63.7095,1655.0,BUD
2025-04-29 12:01:00,63.6406,63.6701,63.6406,63.6603,2890.0,BUD
2025-04-29 12:00:00,63.6406,63.6406,63.6209,63.6209,1694.0,BUD
2025-04-29 11:59:00,63.6307,63.6307,63.6307,63.6307,683.0,BUD
2025-04-29 11:58:00,63.6307,63.6307,63.6258,63.6307,844.0,BUD
2025-04-29 11:57:00,63.6406,63.6406,63.6209,63.6209,1527.0,BUD
2025-04-29 11:56:00,63.6209,63.6357,63.6209,63.6357,1250.0,BUD
2025-04-29 11:55:00,63.6258,63.6258,63.6211,63.6211,1404.0,BUD
2025-04-29 11:54:00,63.6012,63.6307,63.6012,63.6307,1899.0,BUD
2025-04-29 11:53:00,63.6209,63.6209,63.6111,63.616,22455.0,BUD
2025-04-29 11:52:00,63.5815,63.6307,63.5815,63.6209,12212.0,BUD
2025-04-29 11:51:00,63.5914,63.5914,63.5815,63.5818,2434.0,BUD
2025-04-29 11:50:00,63.5815,63.6012,63.5815,63.5914,2617.0,BUD
2025-04-29 11:49:00,63.6209,63.6209,63.6111,63.6111,7971.0,BUD
2025-04-29 11:48:00,63.6307,63.6307,63.6209,63.6209,1870.0,BUD
2025-04-29 11:46:00,63.6209,63.6297,63.6209,63.6297,2374.0,BUD
2025-04-29 11:45:00,63.6111,63.616,63.6111,63.616,1103.0,BUD
2025-04-29 11:44:00,63.6406,63.6504,63.6111,63.6114,15716.0,BUD
2025-04-29 11:43:00,63.68,63.6898,63.6307,63.6307,154963.0,BUD
2025-04-29 11:42:00,63.6701,63.6701,63.6701,63.6701,696.0,BUD
2025-04-29 11:41:00,63.6307,63.6898,63.6307,63.6898,2276.0,BUD
2025-04-29 11:40:00,63.616,63.6307,63.616,63.6307,888.0,BUD
2025-04-29 11:39:00,63.6406,63.6406,63.6061,63.6307,1783.0,BUD
2025-04-29 11:38:00,63.6406,63.6504,63.6111,63.6406,1467.0,BUD
2025-04-29 11:37:00,63.6504,63.7262,63.6307,63.6307,302083.0,BUD
2025-04-29 11:36:00,63.6209,63.6701,63.6209,63.6504,5799.0,BUD
2025-04-29 11:35:00,63.5914,63.616,63.5815,63.6111,32999.0,BUD
2025-04-29 11:34:00,63.5323,63.6012,63.5323,63.6012,11322.0,BUD
2025-04-29 11:33:00,63.5372,63.552,63.5323,63.552,4905.0,BUD
2025-04-29 11:32:00,63.5815,63.5865,63.5422,63.5422,5215.0,BUD
2025-04-29 11:31:00,63.5717,63.5717,63.5717,63.5717,1467.0,BUD
2025-04-29 11:30:00,63.6209,63.6209,63.5914,63.6012,1893.0,BUD
2025-04-29 11:29:00,63.6111,63.6603,63.6111,63.6603,6968.0,BUD
2025-04-29 11:28:00,63.5815,63.6307,63.5815,63.6012,5153.0,BUD
2025-04-29 11:27:00,63.6012,63.6111,63.5618,63.5618,3897.0,BUD
2025-04-29 11:26:00,63.5914,63.6111,63.5914,63.6111,1819.0,BUD
2025-04-29 11:25:00,63.5618,63.6111,63.5618,63.6012,2217.0,BUD
2025-04-29 11:24:00,63.5717,63.5717,63.552,63.5618,2495.0,BUD
2025-04-29 11:23:00,63.5618,63.5717,63.5569,63.5717,2091.0,BUD
2025-04-29 11:22:00,63.5717,63.5717,63.5717,63.5717,369.0,BUD
2025-04-29 11:21:00,63.5914,63.5914,63.5734,63.5815,5173.0,BUD
2025-04-29 11:20:00,63.5606,63.5914,63.5606,63.5815,3759.0,BUD
2025-04-29 11:19:00,63.5914,63.5963,63.552,63.5717,4962.0,BUD
2025-04-29 11:18:00,63.6357,63.6357,63.5914,63.5914,6185.0,BUD
2025-04-29 11:17:00,63.6603,63.6603,63.6406,63.6406,2910.0,BUD
2025-04-29 11:16:00,63.6603,63.68,63.6504,63.68,3838.0,BUD
2025-04-29 11:15:00,63.6881,63.6881,63.6701,63.675,3189.0,BUD
2025-04-29 11:14:00,63.6898,63.6898,63.6849,63.6898,1524.0,BUD
2025-04-29 11:13:00,63.7193,63.7193,63.6898,63.6898,3149.0,BUD
2025-04-29 11:12:00,63.7095,63.7095,63.7095,63.7095,1257.0,BUD
2025-04-29 11:11:00,63.7193,63.7193,63.7095,63.7144,2280.0,BUD
2025-04-29 11:10:00,63.7489,63.7489,63.7193,63.7193,5076.0,BUD
2025-04-29 11:09:00,63.7489,63.7489,63.7489,63.7489,1631.0,BUD
2025-04-29 11:08:00,63.739,63.739,63.7242,63.739,2924.0,BUD
2025-04-29 11:07:00,63.7489,63.7489,63.7292,63.7292,2040.0,BUD
2025-04-29 11:06:00,63.7685,63.7784,63.7587,63.7587,1316.0,BUD
2025-04-29 11:05:00,63.7193,63.7489,63.7193,63.7489,1812.0,BUD
2025-04-29 11:04:00,63.739,63.739,63.7193,63.7193,2883.0,BUD
2025-04-29 11:03:00,63.739,63.7587,63.739,63.7587,2082.0,BUD
2025-04-29 11:02:00,63.7193,63.739,63.7095,63.739,3394.0,BUD
2025-04-29 11:01:00,63.7193,63.7193,63.6996,63.7095,12253.0,BUD
2025-04-29 11:00:00,63.739,63.739,63.7193,63.7193,2104.0,BUD
2025-04-29 10:59:00,63.7587,63.7587,63.7489,63.7489,2062.0,BUD
2025-04-29 10:58:00,63.7292,63.7587,63.7292,63.7587,1858.0,BUD
2025-04-29 10:57:00,63.7193,63.7292,63.7144,63.7193,1439.0,BUD
2025-04-29 10:56:00,63.7095,63.7095,63.6996,63.6996,406.0,BUD
2025-04-29 10:55:00,63.6898,63.6898,63.68,63.6898,477.0,BUD
2025-04-29 10:54:00,63.6996,63.6996,63.6996,63.6996,743.0,BUD
2025-04-29 10:53:00,63.6603,63.6603,63.6603,63.6603,422.0,BUD
2025-04-29 10:52:00,63.6701,63.68,63.6406,63.68,1316.0,BUD
2025-04-29 10:51:00,63.68,63.68,63.6701,63.6701,1024.0,BUD
2025-04-29 10:50:00,63.68,63.7193,63.6701,63.7193,2759.0,BUD
2025-04-29 10:49:00,63.68,63.7095,63.68,63.6898,801.0,BUD
2025-04-29 10:48:00,63.6603,63.68,63.6504,63.68,3342.0,BUD
2025-04-29 10:47:00,63.6406,63.6553,63.6406,63.6504,4301.0,BUD
2025-04-29 10:46:00,63.6406,63.6504,63.6209,63.6504,6240.0,BUD
2025-04-29 10:45:00,63.6307,63.6701,63.6307,63.6701,1762.0,BUD
2025-04-29 10:44:00,63.6307,63.6307,63.6307,63.6307,363.0,BUD
2025-04-29 10:43:00,63.6209,63.6455,63.6111,63.6406,4358.0,BUD
2025-04-29 10:42:00,63.6209,63.6307,63.616,63.616,1510.0,BUD
2025-04-29 10:41:00,63.6111,63.6357,63.6111,63.6258,6203.0,BUD
2025-04-29 10:40:00,63.6603,63.6603,63.6307,63.6307,2135.0,BUD
2025-04-29 10:39:00,63.6701,63.675,63.6701,63.6701,2531.0,BUD
2025-04-29 10:38:00,63.6603,63.6701,63.6603,63.6701,1721.0,BUD
2025-04-29 10:37:00,63.6603,63.6701,63.6603,63.6701,1200.0,BUD
2025-04-29 10:36:00,63.6701,63.6701,63.6504,63.6603,1975.0,BUD
2025-04-29 10:35:00,63.6406,63.6406,63.6209,63.6357,1450.0,BUD
2025-04-29 10:34:00,63.6504,63.6652,63.6406,63.6406,4149.0,BUD
2025-04-29 10:33:00,63.6504,63.6504,63.6504,63.6504,797.0,BUD
2025-04-29 10:32:00,63.6603,63.6898,63.6603,63.6701,3447.0,BUD
2025-04-29 10:31:00,63.6406,63.6701,63.6406,63.6603,3829.0,BUD
2025-04-29 10:30:00,63.6209,63.6455,63.6209,63.6406,5220.0,BUD
2025-04-29 10:29:00,63.6307,63.6406,63.6111,63.6307,3381.0,BUD
2025-04-29 10:28:00,63.6209,63.6406,63.6209,63.6209,4900.0,BUD
2025-04-29 10:27:00,63.6603,63.6947,63.6406,63.6406,10483.0,BUD
2025-04-29 10:26:00,63.6406,63.6701,63.6406,63.6603,7611.0,BUD
2025-04-29 10:25:00,63.6012,63.6455,63.6012,63.641,3096.0,BUD
2025-04-29 10:24:00,63.6012,63.6012,63.6012,63.6012,709.0,BUD
2025-04-29 10:23:00,63.6307,63.6406,63.6111,63.6111,1574.0,BUD
2025-04-29 10:22:00,63.6307,63.6406,63.6209,63.6406,1765.0,BUD
2025-04-29 10:21:00,63.6504,63.6504,63.6209,63.6406,634.0,BUD
2025-04-29 10:20:00,63.6603,63.6701,63.6307,63.6511,3253.0,BUD
2025-04-29 10:19:00,63.6455,63.6701,63.6455,63.6504,3517.0,BUD
2025-04-29 10:18:00,63.6898,63.6898,63.6307,63.6307,4024.0,BUD
2025-04-29 10:17:00,63.68,63.7095,63.6603,63.6603,5084.0,BUD
2025-04-29 10:16:00,63.6701,63.68,63.6603,63.68,2311.0,BUD
2025-04-29 10:15:00,63.68,63.68,63.68,63.68,731.0,BUD
2025-04-29 10:14:00,63.68,63.6947,63.68,63.6898,1892.0,BUD
2025-04-29 10:13:00,63.7292,63.7292,63.68,63.68,991.0,BUD
2025-04-29 10:12:00,63.68,63.7489,63.68,63.7489,3149.0,BUD
2025-04-29 10:11:00,63.6603,63.6603,63.6504,63.6504,845.0,BUD
2025-04-29 10:10:00,63.6061,63.6898,63.6012,63.6701,10554.0,BUD
2025-04-29 10:09:00,63.6209,63.6307,63.6061,63.6061,2128.0,BUD
2025-04-29 10:08:00,63.6504,63.6504,63.6111,63.6111,1516.0,BUD
2025-04-29 10:07:00,63.6406,63.6603,63.6307,63.6504,2198.0,BUD
2025-04-29 10:06:00,63.6307,63.6406,63.6111,63.6406,2662.0,BUD
2025-04-29 10:05:00,63.6307,63.6307,63.5914,63.6111,1477.0,BUD
2025-04-29 10:04:00,63.6012,63.6209,63.6012,63.6209,1448.0,BUD
2025-04-29 10:03:00,63.5914,63.6111,63.5766,63.5963,4386.0,BUD
2025-04-29 10:02:00,63.6406,63.6406,63.6012,63.6061,1530.0,BUD
2025-04-29 10:01:00,63.6357,63.6603,63.6209,63.6209,3060.0,BUD
2025-04-29 10:00:00,63.6603,63.6701,63.6012,63.6504,10156.0,BUD
2025-04-29 09:59:00,63.6603,63.6701,63.6504,63.6603,2836.0,BUD
2025-04-29 09:58:00,63.6701,63.68,63.6406,63.6406,2619.0,BUD
2025-04-29 09:57:00,63.6603,63.6701,63.6504,63.6603,2263.0,BUD
2025-04-29 09:56:00,63.6603,63.68,63.6504,63.68,5119.0,BUD
2025-04-29 09:55:00,63.68,63.6996,63.68,63.6996,1349.0,BUD
2025-04-29 09:54:00,63.6603,63.675,63.6603,63.675,1685.0,BUD
2025-04-29 09:53:00,63.68,63.68,63.6504,63.6603,4193.0,BUD
2025-04-29 09:52:00,63.6898,63.6898,63.6849,63.6849,870.0,BUD
2025-04-29 09:51:00,63.7292,63.739,63.7144,63.7193,4754.0,BUD
2025-04-29 09:50:00,63.7095,63.7587,63.6996,63.6996,2976.0,BUD
2025-04-29 09:49:00,63.739,63.739,63.6996,63.7292,3109.0,BUD
2025-04-29 09:48:00,63.6898,63.7685,63.6898,63.7685,5948.0,BUD
2025-04-29 09:47:00,63.6504,63.6898,63.6406,63.6819,3401.0,BUD
2025-04-29 09:46:00,63.6111,63.6553,63.6111,63.6553,5501.0,BUD
2025-04-29 09:45:00,63.6061,63.6406,63.5914,63.5914,4498.0,BUD
2025-04-29 09:44:00,63.6209,63.6209,63.6209,63.6209,552.0,BUD
2025-04-29 09:43:00,63.552,63.6111,63.552,63.6111,5537.0,BUD
2025-04-29 09:42:00,63.5963,63.5963,63.552,63.552,7335.0,BUD
2025-04-29 09:41:00,63.6701,63.6701,63.6061,63.6209,5793.0,BUD
2025-04-29 09:40:00,63.6898,63.6898,63.6504,63.6652,4057.0,BUD
2025-04-29 09:39:00,63.6701,63.6996,63.6701,63.6996,1457.0,BUD
2025-04-29 09:38:00,63.6701,63.7095,63.6504,63.6701,10629.0,BUD
2025-04-29 09:37:00,63.6307,63.6996,63.6307,63.6996,4866.0,BUD
2025-04-29 09:36:00,63.616,63.6307,63.6012,63.6111,1572.0,BUD
2025-04-29 09:35:00,63.5914,63.6307,63.5865,63.616,7152.0,BUD
2025-04-29 09:34:00,63.552,63.5914,63.5274,63.5618,8426.0,BUD
2025-04-29 09:33:00,63.5176,63.5569,63.5028,63.5569,9546.0,BUD
2025-04-29 09:32:00,63.5126,63.5323,63.4929,63.5126,7735.0,BUD
2025-04-29 09:31:00,63.5914,63.6111,63.4929,63.5176,9851.0,BUD
2025-04-29 09:30:00,63.7784,63.7784,63.5914,63.5914,42445.0,BUD
2025-04-29 09:29:00,63.7489,63.8177,63.7489,63.8177,4604.0,BUD
2025-04-29 09:28:00,63.7292,63.7882,63.7292,63.7882,2942.0,BUD
2025-04-29 09:27:00,63.68,63.739,63.68,63.7292,10014.0,BUD
2025-04-29 09:25:00,63.6504,63.6504,63.6406,63.6406,101.0,BUD
2025-04-29 09:20:00,63.6504,63.6504,63.6504,63.6504,100.0,BUD
2025-04-29 09:18:00,63.6504,63.6504,63.6307,63.6307,235.0,BUD
2025-04-29 09:16:00,63.6898,63.6898,63.6701,63.6701,111.0,BUD
2025-04-29 09:15:00,63.7193,63.7193,63.7193,63.7193,100.0,BUD
2025-04-29 09:12:00,63.6701,63.6701,63.6701,63.6701,200.0,BUD
2025-04-29 09:11:00,63.6996,63.6996,63.6996,63.6996,19.0,BUD
2025-04-29 09:04:00,63.7981,63.7981,63.7981,63.7981,48.0,BUD
2025-04-29 09:03:00,63.7882,63.7882,63.7882,63.7882,1350.0,BUD
2025-04-29 08:54:00,63.867,63.867,63.867,63.867,3.0,BUD
2025-04-29 08:42:00,63.8276,63.8276,63.8276,63.8276,5.0,BUD
2025-04-29 08:38:00,63.8177,63.8177,63.8177,63.8177,2.0,BUD
2025-04-29 08:33:00,63.8555,63.8555,63.8555,63.8555,1.0,BUD
2025-04-29 08:31:00,63.8473,63.8473,63.8473,63.8473,1.0,BUD
2025-04-29 08:12:00,63.8965,63.8965,63.8768,63.8866,330.0,BUD
2025-04-29 08:09:00,63.9457,63.9457,63.9457,63.9457,10.0,BUD
2025-04-29 08:07:00,63.9457,63.9457,63.9457,63.9457,8.0,BUD
2025-04-29 08:00:00,63.867,64.1721,63.8375,64.1721,265.0,BUD
2025-04-29 07:58:00,63.8473,63.8473,63.8473,63.8473,10.0,BUD
2025-04-29 07:27:00,63.8473,63.8473,63.8473,63.8473,100.0,BUD
2025-04-29 07:15:00,63.9162,63.9162,63.8965,63.8965,61.0,BUD
2025-04-29 07:00:00,63.8473,63.8473,63.8473,63.8473,10.0,BUD
2025-04-29 05:28:00,64.0343,64.0343,64.0343,64.0343,100.0,BUD
2025-04-29 04:44:00,63.9359,63.9359,63.9359,63.9359,27.0,BUD
2025-04-29 04:40:00,63.9949,63.9949,63.9949,63.9949,249.0,BUD
2025-04-29 04:31:00,63.8768,63.8768,63.8768,63.8768,100.0,BUD
2025-04-29 04:00:00,63.867,63.867,63.867,63.867,61.0,BUD
2025-04-28 19:11:00,64.0933,64.0933,64.0933,64.0933,1.0,BUD
2025-04-28 19:00:00,64.0933,64.0933,64.0933,64.0933,65180.0,BUD
2025-04-28 18:30:00,64.0933,64.0933,64.0933,64.0933,65180.0,BUD
2025-04-28 18:26:00,63.9851,63.9851,63.9851,63.9851,1.0,BUD
2025-04-28 17:52:00,64.3689,64.3689,64.3689,64.3689,1.0,BUD
2025-04-28 16:34:00,64.1032,64.1032,64.0933,64.0933,101.0,BUD
2025-04-28 16:31:00,64.0933,64.0933,64.0933,64.0933,613.0,BUD
2025-04-28 16:29:00,64.3591,64.3591,64.3591,64.3591,1.0,BUD
2025-04-28 16:10:00,64.0933,64.0933,64.0933,64.0933,65180.0,BUD
2025-04-28 16:05:00,64.0933,64.0933,64.0933,64.0933,8.0,BUD
2025-04-28 16:04:00,63.9752,63.9752,63.9752,63.9752,1.0,BUD
2025-04-28 16:00:00,64.0933,64.1032,64.0933,64.0933,137998.0,BUD
2025-04-28 15:59:00,64.1229,64.1229,64.0638,64.0933,40340.0,BUD
2025-04-28 15:58:00,64.1155,64.1327,64.1032,64.1327,31988.0,BUD
2025-04-28 15:57:00,64.1081,64.1229,64.1032,64.113,17591.0,BUD
2025-04-28 15:56:00,64.1548,64.1622,64.1032,64.113,29139.0,BUD
2025-04-28 15:55:00,64.1721,64.1721,64.1425,64.1622,34501.0,BUD
2025-04-28 15:54:00,64.2016,64.2213,64.1721,64.1819,16714.0,BUD
2025-04-28 15:53:00,64.1819,64.1918,64.1721,64.1918,8614.0,BUD
2025-04-28 15:52:00,64.1622,64.1918,64.1622,64.1819,10310.0,BUD
2025-04-28 15:51:00,64.1573,64.1721,64.1524,64.1601,12940.0,BUD
2025-04-28 15:50:00,64.1327,64.1622,64.1229,64.1524,5512.0,BUD
2025-04-28 15:49:00,64.1327,64.1425,64.1229,64.1229,8056.0,BUD
2025-04-28 15:48:00,64.1327,64.1425,64.1229,64.1327,2030.0,BUD
2025-04-28 15:47:00,64.1032,64.1376,64.1032,64.1376,5479.0,BUD
2025-04-28 15:46:00,64.1229,64.1229,64.113,64.113,1959.0,BUD
2025-04-28 15:45:00,64.0835,64.113,64.0786,64.113,1853.0,BUD
2025-04-28 15:44:00,64.0638,64.0835,64.0638,64.0835,3615.0,BUD
2025-04-28 15:43:00,64.054,64.0687,64.054,64.0687,4226.0,BUD
2025-04-28 15:42:00,64.0294,64.054,64.0294,64.054,4817.0,BUD
2025-04-28 15:41:00,64.0146,64.0294,64.0075,64.0294,2180.0,BUD
2025-04-28 15:40:00,64.0244,64.0244,64.0048,64.0146,11374.0,BUD
2025-04-28 15:39:00,64.0294,64.0294,64.0146,64.0294,4621.0,BUD
2025-04-28 15:38:00,64.054,64.054,64.0254,64.0294,4483.0,BUD
2025-04-28 15:37:00,64.054,64.0638,64.0451,64.054,3661.0,BUD
2025-04-28 15:36:00,64.054,64.0638,64.0441,64.054,2620.0,BUD
2025-04-28 15:35:00,64.0244,64.0638,64.0048,64.0441,5969.0,BUD
2025-04-28 15:34:00,64.054,64.054,64.0343,64.0343,2730.0,BUD
2025-04-28 15:33:00,64.054,64.0638,64.054,64.0638,2502.0,BUD
2025-04-28 15:32:00,64.0343,64.054,64.0244,64.054,3388.0,BUD
2025-04-28 15:31:00,64.0343,64.0343,64.0097,64.0343,4589.0,BUD
2025-04-28 15:30:00,64.0441,64.0441,64.0343,64.0441,2649.0,BUD
2025-04-28 15:29:00,64.054,64.054,64.0343,64.0343,2669.0,BUD
2025-04-28 15:28:00,64.049,64.0638,64.049,64.0638,3511.0,BUD
2025-04-28 15:27:00,64.0736,64.0736,64.0451,64.049,4844.0,BUD
2025-04-28 15:26:00,64.0835,64.0835,64.0736,64.0736,3712.0,BUD
2025-04-28 15:25:00,64.0835,64.0835,64.0736,64.0736,2497.0,BUD
2025-04-28 15:24:00,64.0835,64.0835,64.0736,64.0835,1156.0,BUD
2025-04-28 15:23:00,64.0835,64.0835,64.0736,64.0786,2125.0,BUD
2025-04-28 15:22:00,64.0786,64.0835,64.0736,64.0786,2202.0,BUD
2025-04-28 15:21:00,64.0835,64.0933,64.0736,64.0736,2012.0,BUD
2025-04-28 15:20:00,64.0441,64.0736,64.0441,64.0736,3097.0,BUD
2025-04-28 15:19:00,64.0441,64.0451,64.0441,64.0441,2420.0,BUD
2025-04-28 15:18:00,64.0461,64.0461,64.0344,64.0441,3644.0,BUD
2025-04-28 15:17:00,64.0589,64.0589,64.054,64.054,2173.0,BUD
2025-04-28 15:16:00,64.0736,64.0736,64.054,64.0638,2814.0,BUD
2025-04-28 15:15:00,64.0638,64.0638,64.0638,64.0638,943.0,BUD
2025-04-28 15:14:00,64.0638,64.0786,64.0589,64.0736,1515.0,BUD
2025-04-28 15:13:00,64.054,64.0638,64.0441,64.0638,1959.0,BUD
2025-04-28 15:12:00,64.054,64.0611,64.0441,64.0611,1344.0,BUD
2025-04-28 15:11:00,64.0638,64.0638,64.0441,64.0441,1697.0,BUD
2025-04-28 15:10:00,64.0638,64.0736,64.0589,64.0736,5831.0,BUD
2025-04-28 15:09:00,64.0933,64.0933,64.0638,64.0687,8027.0,BUD
2025-04-28 15:08:00,64.1032,64.1229,64.0933,64.0933,2278.0,BUD
2025-04-28 15:07:00,64.0736,64.0933,64.0736,64.0933,1187.0,BUD
2025-04-28 15:06:00,64.0736,64.0886,64.054,64.0638,3370.0,BUD
2025-04-28 15:05:00,64.0638,64.0736,64.0589,64.0638,1715.0,BUD
2025-04-28 15:04:00,64.0638,64.0638,64.0638,64.0638,787.0,BUD
2025-04-28 15:03:00,64.049,64.0638,64.049,64.0638,1541.0,BUD
2025-04-28 15:02:00,64.0343,64.0343,64.0343,64.0343,529.0,BUD
2025-04-28 15:01:00,64.0294,64.0441,64.0294,64.0343,1655.0,BUD
2025-04-28 15:00:00,64.0146,64.054,64.0146,64.0343,4413.0,BUD
2025-04-28 14:59:00,64.0146,64.0259,64.0097,64.0146,3545.0,BUD
2025-04-28 14:58:00,64.012,64.0244,64.012,64.0244,1166.0,BUD
2025-04-28 14:57:00,64.0146,64.0244,64.0048,64.0244,4117.0,BUD
2025-04-28 14:56:00,64.0146,64.0244,64.0146,64.0244,2076.0,BUD
2025-04-28 14:55:00,64.0343,64.0343,63.9949,63.9949,3975.0,BUD
2025-04-28 14:54:00,64.0441,64.054,64.0244,64.0244,8105.0,BUD
2025-04-28 14:53:00,64.054,64.054,64.0343,64.049,1986.0,BUD
2025-04-28 14:52:00,64.0343,64.054,64.0343,64.054,4133.0,BUD
2025-04-28 14:51:00,64.0343,64.0343,64.0147,64.0343,1677.0,BUD
2025-04-28 14:50:00,64.0244,64.049,64.0244,64.049,2904.0,BUD
2025-04-28 14:49:00,64.0146,64.0146,64.0048,64.0146,1160.0,BUD
2025-04-28 14:48:00,64.0638,64.0638,63.9949,64.0244,11787.0,BUD
2025-04-28 14:47:00,64.0244,64.0441,64.0195,64.0441,1999.0,BUD
2025-04-28 14:46:00,64.0244,64.0244,64.0244,64.0244,1157.0,BUD
2025-04-28 14:45:00,64.0244,64.0343,64.0147,64.0244,2930.0,BUD
2025-04-28 14:44:00,64.0343,64.0343,64.0343,64.0343,627.0,BUD
2025-04-28 14:43:00,64.0638,64.0638,64.0343,64.0343,2760.0,BUD
2025-04-28 14:42:00,64.054,64.054,64.0471,64.054,2343.0,BUD
2025-04-28 14:41:00,64.0736,64.0835,64.0711,64.0711,1713.0,BUD
2025-04-28 14:40:00,64.0884,64.0884,64.0884,64.0884,261.0,BUD
2025-04-28 14:39:00,64.1032,64.1032,64.0835,64.1032,1432.0,BUD
2025-04-28 14:37:00,64.113,64.113,64.113,64.113,278.0,BUD
2025-04-28 14:36:00,64.0933,64.1032,64.0884,64.1032,1244.0,BUD
2025-04-28 14:35:00,64.0884,64.0933,64.0638,64.0884,1265.0,BUD
2025-04-28 14:34:00,64.113,64.113,64.0933,64.0933,4354.0,BUD
2025-04-28 14:33:00,64.1229,64.1327,64.1229,64.1327,558.0,BUD
2025-04-28 14:32:00,64.1229,64.1229,64.1229,64.1229,443.0,BUD
2025-04-28 14:31:00,64.1258,64.1258,64.1229,64.1229,311.0,BUD
2025-04-28 14:30:00,64.1327,64.1327,64.1229,64.1229,677.0,BUD
2025-04-28 14:29:00,64.1229,64.1229,64.0835,64.113,2053.0,BUD
2025-04-28 14:28:00,64.1229,64.1229,64.1032,64.1229,2431.0,BUD
2025-04-28 14:27:00,64.0835,64.113,64.0835,64.113,5595.0,BUD
2025-04-28 14:26:00,64.0835,64.0835,64.0835,64.0835,223.0,BUD
2025-04-28 14:25:00,64.0786,64.0933,64.0786,64.0835,5005.0,BUD
2025-04-28 14:24:00,64.0786,64.0786,64.0786,64.0786,631.0,BUD
2025-04-28 14:23:00,64.0638,64.0835,64.0638,64.0835,1187.0,BUD
2025-04-28 14:22:00,64.0553,64.0638,64.0553,64.0638,997.0,BUD
2025-04-28 14:20:00,64.0638,64.0736,64.054,64.0638,1455.0,BUD
2025-04-28 14:19:00,64.0638,64.0638,64.0638,64.0638,778.0,BUD
2025-04-28 14:18:00,64.049,64.0638,64.049,64.0638,1917.0,BUD
2025-04-28 14:17:00,64.0589,64.0638,64.0589,64.0636,1144.0,BUD
2025-04-28 14:16:00,64.0638,64.0638,64.0638,64.0638,749.0,BUD
2025-04-28 14:15:00,64.0687,64.0736,64.0638,64.0736,2481.0,BUD
2025-04-28 14:14:00,64.0736,64.0835,64.0736,64.0736,1438.0,BUD
2025-04-28 14:11:00,64.0736,64.0835,64.0736,64.0835,1388.0,BUD
2025-04-28 14:10:00,64.0835,64.0835,64.0736,64.0736,1256.0,BUD
2025-04-28 14:09:00,64.0933,64.0985,64.0933,64.0985,416.0,BUD
2025-04-28 14:08:00,64.0835,64.1032,64.0835,64.1032,1856.0,BUD
2025-04-28 14:07:00,64.0736,64.0736,64.0736,64.0736,431.0,BUD
2025-04-28 14:06:00,64.0736,64.0736,64.0736,64.0736,435.0,BUD
2025-04-28 14:05:00,64.0933,64.0933,64.0736,64.0736,3143.0,BUD
2025-04-28 14:04:00,64.0933,64.0933,64.0933,64.0933,737.0,BUD
2025-04-28 14:03:00,64.0933,64.0933,64.0933,64.0933,3262.0,BUD
2025-04-28 14:02:00,64.0933,64.1032,64.0933,64.0933,2453.0,BUD
2025-04-28 14:01:00,64.054,64.054,64.054,64.054,2191.0,BUD
2025-04-28 14:00:00,64.0195,64.054,64.0195,64.054,2460.0,BUD
2025-04-28 13:59:00,64.0343,64.0343,64.0146,64.0146,2658.0,BUD
2025-04-28 13:58:00,64.0343,64.0343,64.0244,64.0244,2753.0,BUD
2025-04-28 13:57:00,64.0343,64.0441,64.0343,64.0441,2290.0,BUD
2025-04-28 13:55:00,64.0343,64.0441,64.0343,64.0441,800.0,BUD
2025-04-28 13:54:00,64.0244,64.0244,64.0244,64.0244,310.0,BUD
2025-04-28 13:53:00,64.0589,64.0589,64.0343,64.0343,1010.0,BUD
2025-04-28 13:52:00,64.054,64.0638,64.0441,64.0638,1997.0,BUD
2025-04-28 13:51:00,64.0589,64.0589,64.0589,64.0589,456.0,BUD
2025-04-28 13:50:00,64.054,64.0638,64.054,64.0638,2208.0,BUD
2025-04-28 13:49:00,64.0638,64.0638,64.049,64.049,2305.0,BUD
2025-04-28 13:47:00,64.054,64.054,64.054,64.054,854.0,BUD
2025-04-28 13:46:00,64.054,64.054,64.054,64.054,1177.0,BUD
2025-04-28 13:45:00,64.0638,64.0638,64.0441,64.054,2026.0,BUD
2025-04-28 13:44:00,64.054,64.0687,64.054,64.0687,1217.0,BUD
2025-04-28 13:43:00,64.054,64.054,64.049,64.054,1136.0,BUD
2025-04-28 13:42:00,64.0589,64.0638,64.054,64.054,940.0,BUD
2025-04-28 13:41:00,64.054,64.0638,64.054,64.0638,922.0,BUD
2025-04-28 13:40:00,64.054,64.054,64.054,64.054,975.0,BUD
2025-04-28 13:39:00,64.0441,64.054,64.0441,64.054,981.0,BUD
2025-04-28 13:38:00,64.0257,64.0343,64.0257,64.0343,997.0,BUD
2025-04-28 13:37:00,64.0146,64.0244,64.0146,64.0244,2274.0,BUD
2025-04-28 13:36:00,64.0146,64.0244,64.0146,64.0146,629.0,BUD
2025-04-28 13:35:00,64.0343,64.0467,64.0244,64.0244,2024.0,BUD
2025-04-28 13:34:00,64.0048,64.0244,64.0048,64.0244,1918.0,BUD
2025-04-28 13:33:00,63.9998,63.9998,63.9998,63.9998,327.0,BUD
2025-04-28 13:32:00,63.9949,64.0048,63.9851,64.0048,961.0,BUD
2025-04-28 13:31:00,63.9949,63.9949,63.9949,63.9949,493.0,BUD
2025-04-28 13:30:00,64.0048,64.0048,63.9949,63.9949,3242.0,BUD
2025-04-28 13:29:00,64.0048,64.0146,64.0048,64.0097,2850.0,BUD
2025-04-28 13:28:00,64.0244,64.0244,64.0048,64.0048,3496.0,BUD
2025-04-28 13:26:00,64.0343,64.0392,64.0343,64.0343,2711.0,BUD
2025-04-28 13:25:00,64.0244,64.0343,64.0244,64.0244,9596.0,BUD
2025-04-28 13:24:00,64.0244,64.0244,64.0146,64.0244,2465.0,BUD
2025-04-28 13:23:00,64.0294,64.0294,64.0294,64.0294,1295.0,BUD
2025-04-28 13:22:00,64.0244,64.0441,64.0244,64.0441,1811.0,BUD
2025-04-28 13:21:00,64.0343,64.0343,64.0343,64.0343,858.0,BUD
2025-04-28 13:20:00,64.0294,64.0343,64.0195,64.0343,2294.0,BUD
2025-04-28 13:19:00,64.0244,64.0342,64.0244,64.0294,1466.0,BUD
2025-04-28 13:18:00,64.0244,64.0342,64.0244,64.0294,1773.0,BUD
2025-04-28 13:17:00,64.0244,64.0343,64.0195,64.0294,2119.0,BUD
2025-04-28 13:16:00,64.0343,64.0382,64.0294,64.0294,1589.0,BUD
2025-04-28 13:15:00,64.0253,64.0253,64.0253,64.0253,389.0,BUD
2025-04-28 13:14:00,64.0244,64.0294,64.0146,64.0244,1600.0,BUD
2025-04-28 13:13:00,64.0343,64.0389,64.0244,64.0244,2667.0,BUD
2025-04-28 13:12:00,64.0392,64.0392,64.0392,64.0392,119.0,BUD
2025-04-28 13:11:00,64.0343,64.0441,64.0343,64.0441,1519.0,BUD
2025-04-28 13:10:00,64.0441,64.0441,64.0244,64.0343,2307.0,BUD
2025-04-28 13:09:00,64.0441,64.0441,64.0441,64.0441,1231.0,BUD
2025-04-28 13:08:00,64.0343,64.0441,64.0343,64.0441,1621.0,BUD
2025-04-28 13:07:00,64.0441,64.0441,64.0441,64.0441,1110.0,BUD
2025-04-28 13:06:00,64.054,64.054,64.054,64.054,831.0,BUD
2025-04-28 13:05:00,64.0441,64.0441,64.0441,64.0441,637.0,BUD
2025-04-28 13:04:00,64.0638,64.0638,64.054,64.054,1404.0,BUD
2025-04-28 13:03:00,64.0353,64.054,64.0353,64.054,1497.0,BUD
2025-04-28 13:02:00,64.0638,64.0638,64.0441,64.049,2496.0,BUD
2025-04-28 13:01:00,64.0736,64.0736,64.0589,64.0638,869.0,BUD
2025-04-28 13:00:00,64.0638,64.0736,64.0638,64.0736,791.0,BUD
2025-04-28 12:59:00,64.0638,64.0638,64.0638,64.0638,1079.0,BUD
2025-04-28 12:58:00,64.0638,64.0736,64.054,64.054,2129.0,BUD
2025-04-28 12:57:00,64.0441,64.0441,64.0343,64.0392,2282.0,BUD
2025-04-28 12:56:00,64.0638,64.0638,64.054,64.054,944.0,BUD
2025-04-28 12:55:00,64.0933,64.0933,64.0736,64.0736,2492.0,BUD
2025-04-28 12:54:00,64.1032,64.1125,64.1032,64.1032,2792.0,BUD
2025-04-28 12:53:00,64.0933,64.0933,64.0835,64.0835,2235.0,BUD
2025-04-28 12:52:00,64.0835,64.0933,64.0835,64.0933,1195.0,BUD
2025-04-28 12:51:00,64.0835,64.0933,64.0638,64.0933,2139.0,BUD
2025-04-28 12:50:00,64.0835,64.0835,64.0835,64.0835,461.0,BUD
2025-04-28 12:49:00,64.0835,64.113,64.0835,64.0933,1132.0,BUD
2025-04-28 12:48:00,64.0638,64.0835,64.0638,64.0835,1042.0,BUD
2025-04-28 12:47:00,64.0638,64.0687,64.0638,64.0687,1271.0,BUD
2025-04-28 12:46:00,64.0736,64.0736,64.0441,64.054,3942.0,BUD
2025-04-28 12:45:00,64.0736,64.0736,64.0736,64.0736,2034.0,BUD
2025-04-28 12:43:00,64.0638,64.0638,64.0638,64.0638,622.0,BUD
2025-04-28 12:42:00,64.0835,64.0835,64.054,64.054,4920.0,BUD
2025-04-28 12:41:00,64.0687,64.0835,64.0638,64.0835,1179.0,BUD
2025-04-28 12:39:00,64.0569,64.0638,64.0569,64.0638,1159.0,BUD
2025-04-28 12:38:00,64.0638,64.0638,64.054,64.0589,910.0,BUD
2025-04-28 12:37:00,64.0983,64.1032,64.0687,64.0736,1454.0,BUD
2025-04-28 12:36:00,64.0884,64.0933,64.0884,64.0933,781.0,BUD
2025-04-28 12:35:00,64.0835,64.0835,64.0835,64.0835,471.0,BUD
2025-04-28 12:34:00,64.0736,64.093,64.0736,64.093,722.0,BUD
2025-04-28 12:33:00,64.0638,64.0736,64.0589,64.0736,3281.0,BUD
2025-04-28 12:31:00,64.113,64.113,64.113,64.113,967.0,BUD
2025-04-28 12:30:00,64.113,64.113,64.113,64.113,331.0,BUD
2025-04-28 12:29:00,64.0933,64.0983,64.0933,64.0983,540.0,BUD
2025-04-28 12:28:00,64.0933,64.0933,64.0933,64.0933,265.0,BUD
2025-04-28 12:27:00,64.0983,64.0983,64.0902,64.0902,450.0,BUD
2025-04-28 12:26:00,64.1278,64.1278,64.1081,64.113,4348.0,BUD
2025-04-28 12:24:00,64.1282,64.1282,64.1235,64.1235,404.0,BUD
2025-04-28 12:23:00,64.1229,64.1229,64.1229,64.1229,260.0,BUD
2025-04-28 12:21:00,64.1229,64.1376,64.1229,64.1376,2774.0,BUD
2025-04-28 12:20:00,64.1229,64.1229,64.1229,64.1229,1377.0,BUD
2025-04-28 12:18:00,64.113,64.113,64.113,64.113,779.0,BUD
2025-04-28 12:17:00,64.113,64.113,64.113,64.113,1019.0,BUD
2025-04-28 12:16:00,64.1229,64.1229,64.1229,64.1229,411.0,BUD
2025-04-28 12:15:00,64.113,64.113,64.113,64.113,604.0,BUD
2025-04-28 12:14:00,64.0835,64.1032,64.0835,64.1032,707.0,BUD
2025-04-28 12:13:00,64.0441,64.0835,64.0441,64.0835,2744.0,BUD
2025-04-28 12:12:00,64.0441,64.0441,64.0441,64.0441,416.0,BUD
2025-04-28 12:11:00,64.0441,64.054,64.0441,64.0441,937.0,BUD
2025-04-28 12:10:00,64.0343,64.0441,64.0343,64.0441,3029.0,BUD
2025-04-28 12:08:00,64.0244,64.0294,64.0244,64.0294,1306.0,BUD
2025-04-28 12:07:00,64.0392,64.0441,64.0244,64.0244,2633.0,BUD
2025-04-28 12:06:00,64.0441,64.0441,64.0441,64.0441,583.0,BUD
2025-04-28 12:05:00,64.0441,64.054,64.0441,64.054,1223.0,BUD
2025-04-28 12:04:00,64.0343,64.0441,64.0343,64.0343,836.0,BUD
2025-04-28 12:03:00,64.0097,64.0343,64.0097,64.0343,1138.0,BUD
2025-04-28 12:02:00,64.0097,64.0146,64.0097,64.0146,811.0,BUD
2025-04-28 12:01:00,64.0392,64.054,64.0146,64.0146,1292.0,BUD
2025-04-28 12:00:00,64.0343,64.0343,64.0343,64.0343,1253.0,BUD
2025-04-28 11:58:00,64.0441,64.0441,64.0441,64.0441,996.0,BUD
2025-04-28 11:57:00,64.054,64.054,64.054,64.054,3811.0,BUD
2025-04-28 11:56:00,64.1032,64.1032,64.0638,64.0638,937.0,BUD
2025-04-28 11:55:00,64.1081,64.113,64.1081,64.113,383.0,BUD
2025-04-28 11:54:00,64.152,64.1524,64.1425,64.1425,4050.0,BUD
2025-04-28 11:53:00,64.1524,64.1573,64.1425,64.1524,2067.0,BUD
2025-04-28 11:52:00,64.1081,64.1229,64.1032,64.1229,1549.0,BUD
2025-04-28 11:50:00,64.0983,64.1032,64.0933,64.1032,1014.0,BUD
2025-04-28 11:49:00,64.1032,64.1032,64.0933,64.0933,966.0,BUD
2025-04-28 11:48:00,64.1047,64.1047,64.1047,64.1047,190.0,BUD
2025-04-28 11:47:00,64.113,64.113,64.1081,64.1081,625.0,BUD
2025-04-28 11:46:00,64.1278,64.1278,64.1278,64.1278,516.0,BUD
2025-04-28 11:45:00,64.1425,64.1425,64.1229,64.1278,2345.0,BUD
2025-04-28 11:44:00,64.1524,64.1524,64.1475,64.1475,1499.0,BUD
2025-04-28 11:43:00,64.1721,64.1918,64.1721,64.177,2195.0,BUD
2025-04-28 11:42:00,64.1622,64.1721,64.1622,64.1622,1971.0,BUD
2025-04-28 11:41:00,64.1524,64.1721,64.1524,64.1721,573.0,BUD
2025-04-28 11:40:00,64.1327,64.1327,64.1327,64.1327,982.0,BUD
2025-04-28 11:39:00,64.1327,64.1327,64.1327,64.1327,960.0,BUD
2025-04-28 11:37:00,64.1229,64.1229,64.1229,64.1229,1338.0,BUD
2025-04-28 11:35:00,64.1081,64.1376,64.1032,64.1327,37136.0,BUD
2025-04-28 11:34:00,64.0933,64.1229,64.0786,64.1179,2527.0,BUD
2025-04-28 11:33:00,64.0933,64.1032,64.0884,64.1032,2990.0,BUD
2025-04-28 11:32:00,64.0835,64.0933,64.0835,64.0933,823.0,BUD
2025-04-28 11:31:00,64.0933,64.0933,64.0738,64.0738,22206.0,BUD
2025-04-28 11:30:00,64.1179,64.1179,64.0933,64.1081,889.0,BUD
2025-04-28 11:29:00,64.0835,64.1327,64.0835,64.1327,3495.0,BUD
2025-04-28 11:28:00,64.0933,64.1032,64.0933,64.0933,815.0,BUD
2025-04-28 11:27:00,64.0933,64.1032,64.0933,64.1032,1685.0,BUD
2025-04-28 11:26:00,64.113,64.113,64.0933,64.0983,6202.0,BUD
2025-04-28 11:25:00,64.113,64.1179,64.1032,64.1032,4478.0,BUD
2025-04-28 11:24:00,64.1425,64.1573,64.1229,64.1229,6640.0,BUD
2025-04-28 11:23:00,64.1425,64.1425,64.113,64.1327,7321.0,BUD
2025-04-28 11:22:00,64.1425,64.1425,64.1327,64.1327,2371.0,BUD
2025-04-28 11:21:00,64.1721,64.1721,64.1524,64.1524,6554.0,BUD
2025-04-28 11:20:00,64.1721,64.2016,64.1622,64.1721,8978.0,BUD
2025-04-28 11:19:00,64.113,64.1573,64.113,64.1573,1609.0,BUD
2025-04-28 11:18:00,64.1327,64.1425,64.1229,64.1229,2235.0,BUD
2025-04-28 11:17:00,64.1229,64.1327,64.113,64.1247,1605.0,BUD
2025-04-28 11:16:00,64.1229,64.1327,64.1032,64.1327,1179.0,BUD
2025-04-28 11:15:00,64.1081,64.1081,64.0835,64.0884,4305.0,BUD
2025-04-28 11:14:00,64.1622,64.1622,64.0933,64.1032,2007.0,BUD
2025-04-28 11:13:00,64.1721,64.1819,64.1622,64.1721,3454.0,BUD
2025-04-28 11:12:00,64.1918,64.1918,64.1524,64.1819,1433.0,BUD
2025-04-28 11:11:00,64.2016,64.2114,64.2016,64.2016,1339.0,BUD
2025-04-28 11:10:00,64.177,64.1819,64.1622,64.1721,6232.0,BUD
2025-04-28 11:09:00,64.2215,64.2215,64.1721,64.177,48742.0,BUD
2025-04-28 11:08:00,64.241,64.2557,64.2164,64.2311,43870.0,BUD
2025-04-28 11:07:00,64.241,64.2508,64.241,64.2508,776.0,BUD
2025-04-28 11:06:00,64.241,64.241,64.2213,64.2213,1776.0,BUD
2025-04-28 11:05:00,64.2508,64.2508,64.2508,64.2508,1313.0,BUD
2025-04-28 11:04:00,64.2607,64.2705,64.2557,64.2705,3406.0,BUD
2025-04-28 11:03:00,64.2705,64.2754,64.2705,64.2705,3250.0,BUD
2025-04-28 11:02:00,64.2508,64.2705,64.2508,64.2656,2636.0,BUD
2025-04-28 11:01:00,64.2164,64.2557,64.2164,64.2557,4601.0,BUD
2025-04-28 11:00:00,64.2016,64.2114,64.1918,64.1918,1279.0,BUD
2025-04-28 10:59:00,64.1918,64.2114,64.1918,64.2065,1914.0,BUD
2025-04-28 10:58:00,64.2164,64.241,64.2016,64.2016,3335.0,BUD
2025-04-28 10:57:00,64.2016,64.2164,64.2016,64.2114,7306.0,BUD
2025-04-28 10:56:00,64.1622,64.2016,64.1622,64.2016,3643.0,BUD
2025-04-28 10:55:00,64.1327,64.1425,64.1327,64.1425,2014.0,BUD
2025-04-28 10:54:00,64.1721,64.1721,64.1229,64.1229,3397.0,BUD
2025-04-28 10:53:00,64.1721,64.1819,64.1721,64.1721,2469.0,BUD
2025-04-28 10:52:00,64.1528,64.1918,64.1528,64.1721,3889.0,BUD
2025-04-28 10:51:00,64.1425,64.1524,64.1278,64.1524,6736.0,BUD
2025-04-28 10:50:00,64.1425,64.1524,64.1327,64.1425,3210.0,BUD
2025-04-28 10:49:00,64.1524,64.1524,64.1425,64.1425,989.0,BUD
2025-04-28 10:48:00,64.1524,64.1573,64.1524,64.1573,1392.0,BUD
2025-04-28 10:47:00,64.1524,64.1524,64.1278,64.1475,14322.0,BUD
2025-04-28 10:46:00,64.1868,64.1868,64.1573,64.1573,13564.0,BUD
2025-04-28 10:45:00,64.1672,64.1819,64.1672,64.1721,1779.0,BUD
2025-04-28 10:44:00,64.1721,64.1721,64.1622,64.1721,1846.0,BUD
2025-04-28 10:43:00,64.113,64.1622,64.113,64.1622,4168.0,BUD
2025-04-28 10:42:00,64.113,64.1209,64.1032,64.113,4384.0,BUD
2025-04-28 10:41:00,64.1425,64.1524,64.1032,64.1032,3808.0,BUD
2025-04-28 10:40:00,64.1229,64.1425,64.113,64.1327,9790.0,BUD
2025-04-28 10:39:00,64.1524,64.1721,64.1278,64.1278,18719.0,BUD
2025-04-28 10:38:00,64.1032,64.1327,64.1032,64.1229,3218.0,BUD
2025-04-28 10:37:00,64.0933,64.0933,64.0786,64.0786,2322.0,BUD
2025-04-28 10:36:00,64.0736,64.0736,64.0736,64.0736,302.0,BUD
2025-04-28 10:35:00,64.0441,64.0736,64.0441,64.049,3435.0,BUD
2025-04-28 10:34:00,64.0244,64.0244,64.0146,64.0244,1196.0,BUD
2025-04-28 10:33:00,64.0294,64.0294,63.9949,63.9949,2033.0,BUD
2025-04-28 10:32:00,64.0048,64.0195,64.0048,64.0195,2615.0,BUD
2025-04-28 10:31:00,64.0146,64.0146,63.9801,63.9801,1905.0,BUD
2025-04-28 10:30:00,64.054,64.0638,64.0048,64.0343,5968.0,BUD
2025-04-28 10:29:00,64.0835,64.0835,64.0244,64.0294,1742.0,BUD
2025-04-28 10:28:00,64.1229,64.1229,64.0884,64.0933,3248.0,BUD
2025-04-28 10:27:00,64.0933,64.1229,64.0933,64.1229,3558.0,BUD
2025-04-28 10:26:00,64.1425,64.1425,64.0983,64.1032,2802.0,BUD
2025-04-28 10:25:00,64.1179,64.1475,64.1032,64.1327,1085.0,BUD
2025-04-28 10:24:00,64.0835,64.0835,64.0835,64.0835,396.0,BUD
2025-04-28 10:23:00,64.0589,64.1029,64.0589,64.1029,2119.0,BUD
2025-04-28 10:22:00,64.0638,64.0638,64.054,64.054,1465.0,BUD
2025-04-28 10:21:00,64.0884,64.0884,64.0736,64.0736,1943.0,BUD
2025-04-28 10:20:00,64.0933,64.1002,64.0343,64.0589,1620.0,BUD
2025-04-28 10:19:00,64.054,64.0884,64.054,64.0884,989.0,BUD
2025-04-28 10:18:00,64.0638,64.0638,64.0441,64.0441,1188.0,BUD
2025-04-28 10:17:00,64.054,64.0638,64.0441,64.054,2174.0,BUD
2025-04-28 10:15:00,64.0048,64.0343,63.9998,64.0343,3900.0,BUD
2025-04-28 10:14:00,63.9998,64.0146,63.9998,64.0048,1613.0,BUD
2025-04-28 10:13:00,64.0343,64.0392,64.0048,64.0048,1319.0,BUD
2025-04-28 10:12:00,64.0736,64.0933,64.054,64.054,7205.0,BUD
2025-04-28 10:11:00,64.0736,64.0835,64.0638,64.0638,2922.0,BUD
2025-04-28 10:10:00,64.1179,64.1179,64.0933,64.0933,1673.0,BUD
2025-04-28 10:09:00,64.113,64.1327,64.1081,64.113,2515.0,BUD
2025-04-28 10:08:00,64.1524,64.1622,64.1032,64.113,4386.0,BUD
2025-04-28 10:07:00,64.1032,64.1622,64.1032,64.1524,4413.0,BUD
2025-04-28 10:06:00,64.0835,64.1229,64.0736,64.0933,7429.0,BUD
2025-04-28 10:05:00,64.0933,64.1229,64.0736,64.0849,5998.0,BUD
2025-04-28 10:04:00,64.0835,64.0835,64.0835,64.0835,1620.0,BUD
2025-04-28 10:03:00,64.1032,64.1327,64.0835,64.0835,11053.0,BUD
2025-04-28 10:02:00,64.1425,64.1425,64.1032,64.1032,2924.0,BUD
2025-04-28 10:01:00,64.1622,64.1622,64.1524,64.1524,796.0,BUD
2025-04-28 10:00:00,64.1819,64.1819,64.113,64.1425,4944.0,BUD
2025-04-28 09:59:00,64.2213,64.2311,64.2065,64.2065,2981.0,BUD
2025-04-28 09:58:00,64.1918,64.2311,64.1918,64.2311,5176.0,BUD
2025-04-28 09:57:00,64.2016,64.2114,64.1918,64.2016,1058.0,BUD
2025-04-28 09:56:00,64.1819,64.2016,64.177,64.2016,2643.0,BUD
2025-04-28 09:55:00,64.1524,64.1918,64.1524,64.1918,3619.0,BUD
2025-04-28 09:54:00,64.1721,64.1721,64.1622,64.1622,2356.0,BUD
2025-04-28 09:53:00,64.1622,64.177,64.1425,64.1721,14797.0,BUD
2025-04-28 09:52:00,64.1721,64.1819,64.1622,64.1672,3212.0,BUD
2025-04-28 09:51:00,64.1918,64.1918,64.1622,64.1721,9066.0,BUD
2025-04-28 09:50:00,64.2164,64.2311,64.1819,64.1918,6595.0,BUD
2025-04-28 09:49:00,64.1622,64.2016,64.1327,64.2016,5081.0,BUD
2025-04-28 09:48:00,64.1868,64.1868,64.1721,64.1721,1214.0,BUD
2025-04-28 09:47:00,64.1278,64.1918,64.1229,64.1868,8383.0,BUD
2025-04-28 09:46:00,64.1622,64.1819,64.1032,64.113,32280.0,BUD
2025-04-28 09:45:00,64.1622,64.1622,64.1327,64.1524,4929.0,BUD
2025-04-28 09:44:00,64.1622,64.1918,64.1622,64.177,5595.0,BUD
2025-04-28 09:43:00,64.1524,64.1721,64.1278,64.1524,15584.0,BUD
2025-04-28 09:42:00,64.1918,64.1918,64.1721,64.1819,3771.0,BUD
2025-04-28 09:41:00,64.1524,64.1918,64.1327,64.1918,6113.0,BUD
2025-04-28 09:40:00,64.1819,64.1819,64.1327,64.1524,16615.0,BUD
2025-04-28 09:39:00,64.2016,64.2114,64.1721,64.1721,6005.0,BUD
2025-04-28 09:38:00,64.2164,64.2164,64.1819,64.1819,4412.0,BUD
2025-04-28 09:37:00,64.1918,64.2311,64.1918,64.2114,15235.0,BUD
2025-04-28 09:36:00,64.1229,64.1819,64.1229,64.1721,8541.0,BUD
2025-04-28 09:35:00,64.1524,64.1622,64.0736,64.113,13009.0,BUD
2025-04-28 09:34:00,64.1622,64.2016,64.1622,64.1918,1483.0,BUD
2025-04-28 09:33:00,64.1819,64.241,64.1622,64.1721,9364.0,BUD
2025-04-28 09:32:00,64.3788,64.3788,64.2016,64.2213,9127.0,BUD
2025-04-28 09:31:00,64.2902,64.3788,64.2705,64.3788,5542.0,BUD
2025-04-28 09:30:00,64.3492,64.3492,64.2213,64.2311,27485.0,BUD
2025-04-28 09:29:00,64.2902,64.2902,64.2705,64.2705,1384.0,BUD
2025-04-28 09:28:00,64.2607,64.3197,64.2607,64.3197,58.0,BUD
2025-04-28 09:27:00,64.2707,64.2707,64.2707,64.2707,1.0,BUD
2025-04-28 09:23:00,64.3689,64.3689,64.3689,64.3689,190.0,BUD
2025-04-28 09:21:00,64.3295,64.3295,64.3295,64.3295,4.0,BUD
2025-04-28 09:20:00,64.3394,64.3394,64.3394,64.3394,400.0,BUD
2025-04-28 09:14:00,64.3984,64.4181,64.3984,64.4181,1870.0,BUD
2025-04-28 09:11:00,64.3295,64.3295,64.3295,64.3295,92.0,BUD
2025-04-28 09:10:00,64.3591,64.3591,64.3591,64.3591,16.0,BUD
2025-04-28 09:03:00,64.3977,64.3977,64.3977,64.3977,2.0,BUD
2025-04-28 09:00:00,64.3099,64.3197,64.3099,64.3197,236.0,BUD
2025-04-28 08:56:00,64.3689,64.3689,64.3689,64.3689,200.0,BUD
2025-04-28 08:53:00,64.3591,64.3591,64.3591,64.3591,48.0,BUD
2025-04-28 08:50:00,64.3876,64.3876,64.3876,64.3876,10.0,BUD
2025-04-28 08:32:00,64.3589,64.3589,64.3589,64.3589,2.0,BUD
2025-04-28 08:27:00,64.3787,64.3787,64.3787,64.3787,1.0,BUD
2025-04-28 08:02:00,63.9851,63.9851,63.9851,63.9851,1.0,BUD
2025-04-28 08:01:00,63.4339,63.4339,63.4339,63.4339,89.0,BUD
2025-04-28 08:00:00,64.3503,64.4378,63.9851,63.9851,13.0,BUD
2025-04-28 07:51:00,64.3788,64.3886,64.3788,64.3886,304.0,BUD
2025-04-28 07:50:00,64.3886,64.3886,64.3886,64.3886,1.0,BUD
2025-04-28 07:48:00,64.3492,64.3492,64.3492,64.3492,200.0,BUD
2025-04-28 07:00:00,64.3788,64.3788,64.3788,64.3788,381.0,BUD
2025-04-28 06:50:00,64.5362,64.5362,64.5362,64.5362,51.0,BUD
2025-04-28 06:41:00,64.5362,64.5362,64.5362,64.5362,200.0,BUD
2025-04-28 06:10:00,64.5067,64.5067,64.5067,64.5067,88.0,BUD
2025-04-28 06:06:00,64.4772,64.4772,64.4673,64.4673,500.0,BUD
2025-04-28 05:55:00,64.5559,64.5559,64.5559,64.5559,88.0,BUD
2025-04-28 05:49:00,64.615,64.615,64.615,64.615,1.0,BUD
2025-04-28 05:24:00,64.4477,64.4477,64.4477,64.4477,48.0,BUD
2025-04-28 04:49:00,64.4378,64.4378,64.4378,64.4378,200.0,BUD
2025-04-28 04:13:00,64.428,64.428,64.428,64.428,1.0,BUD
2025-04-28 04:05:00,64.3886,64.4772,64.3886,64.4772,532.0,BUD
2025-04-28 04:04:00,64.3788,64.3788,64.3788,64.3788,115.0,BUD
2025-04-28 04:03:00,64.3788,64.3788,64.3788,64.3788,115.0,BUD
2025-04-28 04:02:00,64.3788,64.3886,64.3788,64.3886,256.0,BUD
2025-04-25 19:19:00,63.9851,63.9851,63.9851,63.9851,1.0,BUD
2025-04-25 19:00:00,63.9851,63.9851,63.9851,63.9851,110801.0,BUD
2025-04-25 18:51:00,63.9753,63.9753,63.9753,63.9753,58.0,BUD
2025-04-25 18:30:00,63.9851,63.9851,63.9851,63.9851,110801.0,BUD
2025-04-25 16:43:00,63.4887,63.9851,63.4887,63.9851,487.0,BUD
2025-04-25 16:24:00,64.113,64.2114,63.9851,63.9851,4.0,BUD
2025-04-25 16:10:00,63.9851,63.9851,63.9851,63.9851,110801.0,BUD
2025-04-25 16:05:00,63.9851,63.9851,63.9851,63.9851,8.0,BUD
2025-04-25 16:01:00,63.9851,63.9851,63.9851,63.9851,6.0,BUD
2025-04-25 16:00:00,63.9851,63.9851,63.9752,63.9851,233019.0,BUD
2025-04-25 15:59:00,63.9998,64.0146,63.9654,63.9851,70657.0,BUD
2025-04-25 15:58:00,63.99,64.0097,63.9752,63.9949,47447.0,BUD
2025-04-25 15:57:00,64.0048,64.0146,63.9851,63.9998,44949.0,BUD
2025-04-25 15:56:00,64.0441,64.0546,63.9949,63.9998,31915.0,BUD
2025-04-25 15:55:00,64.0441,64.0441,63.99,64.0343,41408.0,BUD
2025-04-25 15:54:00,64.0441,64.0638,64.0343,64.049,22921.0,BUD
2025-04-25 15:53:00,64.049,64.0589,64.0392,64.0441,21079.0,BUD
2025-04-25 15:52:00,64.049,64.0638,64.0392,64.0441,28012.0,BUD
2025-04-25 15:51:00,64.0441,64.0638,64.0441,64.049,10188.0,BUD
2025-04-25 15:50:00,64.054,64.054,64.0048,64.0392,20481.0,BUD
2025-04-25 15:49:00,64.0244,64.0441,64.0146,64.0441,7880.0,BUD
2025-04-25 15:48:00,64.0244,64.0343,64.0195,64.0244,5437.0,BUD
2025-04-25 15:47:00,64.0343,64.0343,64.0048,64.0146,11164.0,BUD
2025-04-25 15:46:00,64.054,64.054,64.0294,64.0343,7253.0,BUD
2025-04-25 15:45:00,64.0638,64.0638,64.049,64.0589,5764.0,BUD
2025-04-25 15:44:00,64.0589,64.0638,64.049,64.0638,5722.0,BUD
2025-04-25 15:43:00,64.049,64.0638,64.0441,64.054,3721.0,BUD
2025-04-25 15:42:00,64.0441,64.0589,64.0343,64.0441,9880.0,BUD
2025-04-25 15:41:00,64.0392,64.0441,64.0244,64.0294,7903.0,BUD
2025-04-25 15:40:00,64.0441,64.0589,64.0392,64.0392,10747.0,BUD
2025-04-25 15:39:00,64.0441,64.0589,64.0441,64.049,4810.0,BUD
2025-04-25 15:38:00,64.054,64.054,64.0441,64.0468,6496.0,BUD
2025-04-25 15:37:00,64.054,64.054,64.0244,64.0343,6975.0,BUD
2025-04-25 15:36:00,64.054,64.0736,64.049,64.049,3586.0,BUD
2025-04-25 15:35:00,64.0343,64.054,64.0244,64.0343,10677.0,BUD
2025-04-25 15:34:00,64.054,64.054,64.0343,64.0392,5907.0,BUD
2025-04-25 15:33:00,64.054,64.0589,64.049,64.054,2749.0,BUD
2025-04-25 15:32:00,64.0441,64.054,64.0294,64.0441,13979.0,BUD
2025-04-25 15:31:00,64.0244,64.0441,64.0146,64.0441,6507.0,BUD
2025-04-25 15:30:00,64.0146,64.0343,64.0146,64.0294,4267.0,BUD
2025-04-25 15:29:00,64.0244,64.0343,63.9998,64.0343,6223.0,BUD
2025-04-25 15:28:00,64.0343,64.0441,64.0244,64.0244,5203.0,BUD
2025-04-25 15:27:00,64.054,64.054,64.0195,64.0343,7041.0,BUD
2025-04-25 15:26:00,64.0638,64.0638,64.054,64.054,2596.0,BUD
2025-04-25 15:25:00,64.0687,64.0736,64.054,64.0638,6098.0,BUD
2025-04-25 15:24:00,64.0638,64.0736,64.0638,64.0687,3539.0,BUD
2025-04-25 15:23:00,64.0441,64.0687,64.0441,64.0687,7461.0,BUD
2025-04-25 15:22:00,64.0343,64.0538,64.0343,64.0441,1261.0,BUD
2025-04-25 15:21:00,64.0343,64.0441,64.0294,64.0441,8448.0,BUD
2025-04-25 15:20:00,64.0146,64.0294,64.0146,64.0244,3541.0,BUD
2025-04-25 15:19:00,64.0146,64.0195,64.0048,64.0048,5321.0,BUD
2025-04-25 15:18:00,64.0048,64.0244,64.0048,64.0146,7205.0,BUD
2025-04-25 15:17:00,63.9949,64.0244,63.9949,64.0146,6660.0,BUD
2025-04-25 15:16:00,63.9752,63.9949,63.9703,63.99,4733.0,BUD
2025-04-25 15:15:00,63.9851,63.9851,63.9703,63.9752,9603.0,BUD
2025-04-25 15:14:00,63.9851,63.9851,63.9752,63.9851,6087.0,BUD
2025-04-25 15:13:00,63.9949,63.9949,63.9801,63.9949,5814.0,BUD
2025-04-25 15:12:00,63.9949,64.0048,63.9949,64.0048,3198.0,BUD
2025-04-25 15:11:00,64.0146,64.0146,64.0048,64.0048,859.0,BUD
2025-04-25 15:10:00,64.0195,64.0343,63.9949,64.0343,7735.0,BUD
2025-04-25 15:09:00,64.0156,64.0244,64.0146,64.0244,3790.0,BUD
2025-04-25 15:08:00,64.0097,64.0146,64.0097,64.0146,5290.0,BUD
2025-04-25 15:07:00,64.0244,64.0244,64.0048,64.0048,2803.0,BUD
2025-04-25 15:06:00,64.0343,64.0343,64.0343,64.0343,1304.0,BUD
2025-04-25 15:05:00,64.0244,64.0441,64.0146,64.0362,7412.0,BUD
2025-04-25 15:04:00,63.9998,64.0244,63.9949,64.0146,4935.0,BUD
2025-04-25 15:03:00,64.0048,64.0146,63.9949,64.0048,3024.0,BUD
2025-04-25 15:02:00,64.0146,64.0244,64.0146,64.0146,2457.0,BUD
2025-04-25 15:01:00,64.0097,64.0244,64.0097,64.0195,1654.0,BUD
2025-04-25 15:00:00,64.0343,64.0343,63.9949,64.0146,4324.0,BUD
2025-04-25 14:59:00,64.0329,64.0343,64.0244,64.0244,3269.0,BUD
2025-04-25 14:58:00,64.0146,64.0271,64.0048,64.0244,3373.0,BUD
2025-04-25 14:57:00,64.0146,64.0244,64.0097,64.0146,6177.0,BUD
2025-04-25 14:56:00,64.0146,64.0343,64.0097,64.0146,5741.0,BUD
2025-04-25 14:55:00,64.0244,64.0244,64.0048,64.0112,3909.0,BUD
2025-04-25 14:54:00,64.0048,64.0195,64.0048,64.0195,2669.0,BUD
2025-04-25 14:53:00,63.9851,64.0048,63.9851,64.0048,2500.0,BUD
2025-04-25 14:52:00,64.0146,64.0195,63.9851,63.9949,5517.0,BUD
2025-04-25 14:51:00,64.0195,64.0195,64.0146,64.0146,3097.0,BUD
2025-04-25 14:50:00,64.0294,64.0343,64.0244,64.0244,3958.0,BUD
2025-04-25 14:49:00,64.0343,64.0343,64.0146,64.0343,3244.0,BUD
2025-04-25 14:48:00,64.0441,64.0441,64.0343,64.0343,4077.0,BUD
2025-04-25 14:47:00,64.054,64.0638,64.054,64.054,5737.0,BUD
2025-04-25 14:46:00,64.0687,64.0736,64.0602,64.0736,624.0,BUD
2025-04-25 14:45:00,64.049,64.0638,64.0441,64.0638,3945.0,BUD
2025-04-25 14:44:00,64.0589,64.0736,64.054,64.054,1538.0,BUD
2025-04-25 14:43:00,64.0736,64.0736,64.054,64.054,3250.0,BUD
2025-04-25 14:42:00,64.0835,64.0835,64.0835,64.0835,1884.0,BUD
2025-04-25 14:41:00,64.0835,64.0933,64.0737,64.0835,6742.0,BUD
2025-04-25 14:40:00,64.0736,64.0835,64.0736,64.0835,5344.0,BUD
2025-04-25 14:38:00,64.0638,64.0835,64.0638,64.0835,6930.0,BUD
2025-04-25 14:37:00,64.0638,64.0638,64.0589,64.0589,2638.0,BUD
2025-04-25 14:36:00,64.0736,64.0736,64.054,64.0589,3478.0,BUD
2025-04-25 14:35:00,64.0638,64.0835,64.0638,64.0835,2713.0,BUD
2025-04-25 14:34:00,64.0392,64.0638,64.0392,64.0638,4249.0,BUD
2025-04-25 14:33:00,64.0441,64.0441,64.0392,64.0441,2545.0,BUD
2025-04-25 14:32:00,64.054,64.0736,64.054,64.0589,2747.0,BUD
2025-04-25 14:31:00,64.0638,64.0638,64.0441,64.0441,2081.0,BUD
2025-04-25 14:30:00,64.054,64.0736,64.049,64.0736,4805.0,BUD
2025-04-25 14:29:00,64.0687,64.0736,64.0687,64.0736,1129.0,BUD
2025-04-25 14:28:00,64.054,64.0736,64.049,64.0562,5737.0,BUD
2025-04-25 14:27:00,64.0835,64.0933,64.0638,64.0638,5648.0,BUD
2025-04-25 14:26:00,64.0835,64.0835,64.0835,64.0835,456.0,BUD
2025-04-25 14:25:00,64.0933,64.0933,64.0736,64.0933,4953.0,BUD
2025-04-25 14:24:00,64.0933,64.0933,64.0933,64.0933,500.0,BUD
2025-04-25 14:23:00,64.0835,64.0933,64.0835,64.0933,2446.0,BUD
2025-04-25 14:22:00,64.0638,64.0835,64.0638,64.0736,7173.0,BUD
2025-04-25 14:21:00,64.0441,64.0589,64.0441,64.0589,2654.0,BUD
2025-04-25 14:20:00,64.0244,64.0441,64.0244,64.0441,4950.0,BUD
2025-04-25 14:19:00,64.0343,64.0343,64.0244,64.0244,2194.0,BUD
2025-04-25 14:18:00,64.0245,64.0343,64.0245,64.0246,1258.0,BUD
2025-04-25 14:17:00,64.0244,64.0244,64.0195,64.0244,2777.0,BUD
2025-04-25 14:16:00,64.0244,64.0343,64.0244,64.0343,1471.0,BUD
2025-04-25 14:15:00,64.0343,64.0343,64.0146,64.0195,6085.0,BUD
2025-04-25 14:14:00,64.0097,64.0244,64.0048,64.0149,8791.0,BUD
2025-04-25 14:13:00,63.9949,64.0146,63.9949,64.0097,1234.0,BUD
2025-04-25 14:12:00,63.9949,63.9949,63.99,63.99,747.0,BUD
2025-04-25 14:11:00,63.9851,63.9851,63.9752,63.9801,1194.0,BUD
2025-04-25 14:10:00,63.9851,63.9851,63.9752,63.9851,2767.0,BUD
2025-04-25 14:09:00,63.9752,63.9949,63.9752,63.9949,1829.0,BUD
2025-04-25 14:08:00,63.9506,63.9752,63.9457,63.9752,8078.0,BUD
2025-04-25 14:07:00,63.9457,63.9506,63.9457,63.9506,569.0,BUD
2025-04-25 14:06:00,63.9309,63.9457,63.9309,63.9457,1871.0,BUD
2025-04-25 14:05:00,63.9309,63.9359,63.926,63.9359,1659.0,BUD
2025-04-25 14:04:00,63.9349,63.9359,63.926,63.9309,1303.0,BUD
2025-04-25 14:03:00,63.9063,63.926,63.8965,63.9163,1751.0,BUD
2025-04-25 14:02:00,63.8866,63.9162,63.8866,63.8866,1818.0,BUD
2025-04-25 14:01:00,63.8719,63.8866,63.867,63.8768,2802.0,BUD
2025-04-25 14:00:00,63.8866,63.8866,63.8768,63.8768,1591.0,BUD
2025-04-25 13:59:00,63.8965,63.9162,63.8965,63.9162,559.0,BUD
2025-04-25 13:58:00,63.867,63.8866,63.867,63.8866,2750.0,BUD
2025-04-25 13:57:00,63.8571,63.8768,63.8522,63.8768,3554.0,BUD
2025-04-25 13:56:00,63.8866,63.8866,63.867,63.8768,2730.0,BUD
2025-04-25 13:55:00,63.867,63.8866,63.867,63.8817,21468.0,BUD
2025-04-25 13:54:00,63.862,63.862,63.862,63.862,376.0,BUD
2025-04-25 13:53:00,63.8438,63.862,63.8438,63.8571,3353.0,BUD
2025-04-25 13:52:00,63.867,63.867,63.8473,63.8473,2337.0,BUD
2025-04-25 13:51:00,63.8768,63.9014,63.8719,63.8768,3003.0,BUD
2025-04-25 13:50:00,63.9063,63.9063,63.8768,63.8768,6515.0,BUD
2025-04-25 13:49:00,63.8571,63.8965,63.8571,63.8965,2812.0,BUD
2025-04-25 13:48:00,63.867,63.867,63.867,63.867,1243.0,BUD
2025-04-25 13:47:00,63.8473,63.8768,63.8424,63.867,5509.0,BUD
2025-04-25 13:46:00,63.8768,63.8768,63.862,63.862,1497.0,BUD
2025-04-25 13:45:00,63.867,63.8768,63.867,63.867,5466.0,BUD
2025-04-25 13:44:00,63.8571,63.8571,63.8473,63.8522,4577.0,BUD
2025-04-25 13:43:00,63.8719,63.8768,63.8473,63.8614,4660.0,BUD
2025-04-25 13:42:00,63.9063,63.9162,63.867,63.867,4090.0,BUD
2025-04-25 13:41:00,63.9162,63.9211,63.9063,63.9066,3001.0,BUD
2025-04-25 13:40:00,63.8768,63.9162,63.8768,63.9162,3028.0,BUD
2025-04-25 13:39:00,63.8965,63.8965,63.867,63.867,797.0,BUD
2025-04-25 13:38:00,63.9555,63.9555,63.8571,63.8866,8301.0,BUD
2025-04-25 13:37:00,63.9628,63.9654,63.9555,63.9654,2172.0,BUD
2025-04-25 13:36:00,63.9654,63.9654,63.9654,63.9654,1353.0,BUD
2025-04-25 13:35:00,63.9801,63.9851,63.9555,63.9654,7357.0,BUD
2025-04-25 13:34:00,63.9998,63.9998,63.9654,63.9801,11137.0,BUD
2025-04-25 13:33:00,64.0166,64.0244,64.0146,64.0146,11782.0,BUD
2025-04-25 13:32:00,63.9949,64.0244,63.9949,64.0244,2996.0,BUD
2025-04-25 13:31:00,63.9752,64.0048,63.9703,63.9949,4975.0,BUD
2025-04-25 13:30:00,64.0244,64.0244,63.9752,63.9752,3920.0,BUD
2025-04-25 13:29:00,64.0244,64.0343,64.0244,64.0343,3914.0,BUD
2025-04-25 13:28:00,64.0244,64.0343,64.0244,64.0343,4372.0,BUD
2025-04-25 13:27:00,64.0244,64.0244,64.0244,64.0244,2217.0,BUD
2025-04-25 13:26:00,64.0146,64.0341,64.0146,64.0244,1191.0,BUD
2025-04-25 13:25:00,63.9949,64.0342,63.9949,64.0146,7839.0,BUD
2025-04-25 13:24:00,63.9851,63.99,63.9801,63.9851,3146.0,BUD
2025-04-25 13:23:00,63.9998,63.9998,63.99,63.9949,2406.0,BUD
2025-04-25 13:22:00,63.9851,63.9949,63.9801,63.9949,3874.0,BUD
2025-04-25 13:21:00,63.9949,63.9949,63.9851,63.9851,314.0,BUD
2025-04-25 13:20:00,63.9949,64.0048,63.9949,63.9949,1118.0,BUD
2025-04-25 13:19:00,63.9851,63.9949,63.9851,63.9949,2498.0,BUD
2025-04-25 13:18:00,64.0048,64.0048,63.9949,63.9949,886.0,BUD
2025-04-25 13:17:00,63.99,64.0048,63.99,64.0048,1962.0,BUD
2025-04-25 13:15:00,63.9949,63.9949,63.9801,63.9949,1862.0,BUD
2025-04-25 13:13:00,63.9851,64.0048,63.9752,63.9998,6197.0,BUD
2025-04-25 13:12:00,63.9758,63.99,63.9758,63.99,622.0,BUD
2025-04-25 13:11:00,64.0048,64.0146,63.9949,63.9949,3258.0,BUD
2025-04-25 13:10:00,63.9851,63.9949,63.9851,63.9949,855.0,BUD
2025-04-25 13:09:00,63.9776,63.9809,63.9752,63.9752,2583.0,BUD
2025-04-25 13:08:00,64.0048,64.0048,63.9949,63.9949,1834.0,BUD
2025-04-25 13:07:00,64.0048,64.0146,64.0048,64.0048,1473.0,BUD
2025-04-25 13:06:00,63.9752,64.0146,63.9752,64.0146,3995.0,BUD
2025-04-25 13:05:00,63.9555,63.9752,63.9555,63.9654,1289.0,BUD
2025-04-25 13:04:00,63.9851,63.9851,63.9555,63.9555,1886.0,BUD
2025-04-25 13:03:00,63.9851,63.9851,63.9851,63.9851,497.0,BUD
2025-04-25 13:02:00,63.9949,63.9949,63.9752,63.99,3338.0,BUD
2025-04-25 13:01:00,64.0441,64.054,63.9949,63.9949,11316.0,BUD
2025-04-25 13:00:00,64.054,64.0638,64.0441,64.0441,4775.0,BUD
2025-04-25 12:59:00,64.0441,64.0441,64.0441,64.0441,1484.0,BUD
2025-04-25 12:58:00,64.054,64.054,64.0441,64.049,1746.0,BUD
2025-04-25 12:57:00,64.0702,64.0702,64.0441,64.0441,3971.0,BUD
2025-04-25 12:56:00,64.0835,64.0835,64.0736,64.0736,1887.0,BUD
2025-04-25 12:55:00,64.0835,64.0835,64.0835,64.0835,1209.0,BUD
2025-04-25 12:54:00,64.0835,64.0933,64.0835,64.0933,1980.0,BUD
2025-04-25 12:53:00,64.0835,64.0835,64.0835,64.0835,2447.0,BUD
2025-04-25 12:52:00,64.0835,64.0933,64.0835,64.0933,1300.0,BUD
2025-04-25 12:51:00,64.0736,64.0835,64.0736,64.0835,1982.0,BUD
2025-04-25 12:50:00,64.0638,64.0736,64.0589,64.0736,3136.0,BUD
2025-04-25 12:49:00,64.0638,64.0687,64.0638,64.0687,612.0,BUD
2025-04-25 12:48:00,64.0343,64.0638,64.0343,64.054,2881.0,BUD
2025-04-25 12:47:00,64.0687,64.0687,64.054,64.054,2260.0,BUD
2025-04-25 12:46:00,64.0884,64.0884,64.0736,64.0736,2650.0,BUD
2025-04-25 12:45:00,64.1032,64.1032,64.0933,64.0933,1196.0,BUD
2025-04-25 12:44:00,64.113,64.113,64.113,64.113,630.0,BUD
2025-04-25 12:43:00,64.113,64.1179,64.113,64.1179,812.0,BUD
2025-04-25 12:42:00,64.1327,64.1327,64.1229,64.1229,2009.0,BUD
2025-04-25 12:40:00,64.1425,64.1425,64.1425,64.1425,152.0,BUD
2025-04-25 12:39:00,64.1622,64.1622,64.1524,64.1524,1524.0,BUD
2025-04-25 12:38:00,64.1721,64.1721,64.1622,64.1622,694.0,BUD
2025-04-25 12:37:00,64.1622,64.1622,64.1573,64.1622,1829.0,BUD
2025-04-25 12:36:00,64.1524,64.1622,64.1425,64.1622,2234.0,BUD
2025-04-25 12:35:00,64.1524,64.1622,64.1524,64.1622,1249.0,BUD
2025-04-25 12:34:00,64.1524,64.1524,64.1524,64.1524,634.0,BUD
2025-04-25 12:33:00,64.1425,64.1465,64.1327,64.1327,1434.0,BUD
2025-04-25 12:32:00,64.1425,64.1524,64.1425,64.1524,1516.0,BUD
2025-04-25 12:31:00,64.1425,64.1622,64.1327,64.1327,6907.0,BUD
2025-04-25 12:30:00,64.1327,64.1425,64.1278,64.131,5102.0,BUD
2025-04-25 12:29:00,64.1425,64.1425,64.1148,64.1148,961.0,BUD
2025-04-25 12:28:00,64.1622,64.1622,64.1327,64.1425,2922.0,BUD
2025-04-25 12:27:00,64.1721,64.1721,64.1622,64.1622,1249.0,BUD
2025-04-25 12:26:00,64.1819,64.1819,64.1819,64.1819,514.0,BUD
2025-04-25 12:25:00,64.2016,64.2016,64.1721,64.1918,2201.0,BUD
2025-04-25 12:23:00,64.1918,64.1918,64.1918,64.1918,425.0,BUD
2025-04-25 12:22:00,64.1622,64.2016,64.1622,64.2016,1919.0,BUD
2025-04-25 12:21:00,64.1721,64.1721,64.1524,64.1622,1981.0,BUD
2025-04-25 12:20:00,64.1721,64.1868,64.1721,64.1868,1063.0,BUD
2025-04-25 12:19:00,64.1721,64.1721,64.1721,64.1721,834.0,BUD
2025-04-25 12:18:00,64.1721,64.1721,64.1721,64.1721,329.0,BUD
2025-04-25 12:16:00,64.1918,64.1918,64.1819,64.1819,814.0,BUD
2025-04-25 12:15:00,64.2016,64.2016,64.1967,64.1967,510.0,BUD
2025-04-25 12:14:00,64.2114,64.2114,64.2114,64.2114,242.0,BUD
2025-04-25 12:13:00,64.2164,64.2164,64.2164,64.2164,292.0,BUD
2025-04-25 12:12:00,64.2114,64.2114,64.2016,64.2016,892.0,BUD
2025-04-25 12:11:00,64.2109,64.2109,64.2109,64.2109,399.0,BUD
2025-04-25 12:10:00,64.1967,64.2016,64.1967,64.2016,1311.0,BUD
2025-04-25 12:09:00,64.2114,64.2213,64.1918,64.1918,2188.0,BUD
2025-04-25 12:08:00,64.2213,64.2262,64.2213,64.2237,673.0,BUD
2025-04-25 12:07:00,64.1819,64.2213,64.1819,64.2164,8164.0,BUD
2025-04-25 12:06:00,64.1918,64.1918,64.1721,64.1819,957.0,BUD
2025-04-25 12:05:00,64.1573,64.1672,64.1573,64.1672,488.0,BUD
2025-04-25 12:04:00,64.1426,64.1426,64.1426,64.1426,175.0,BUD
2025-04-25 12:03:00,64.1819,64.1819,64.1721,64.1721,597.0,BUD
2025-04-25 12:02:00,64.1819,64.1893,64.1721,64.1819,7347.0,BUD
2025-04-25 12:01:00,64.1771,64.1918,64.1721,64.1918,6661.0,BUD
2025-04-25 12:00:00,64.1524,64.1819,64.1524,64.1819,6841.0,BUD
2025-04-25 11:59:00,64.1622,64.1622,64.1425,64.1524,3182.0,BUD
2025-04-25 11:58:00,64.1622,64.1622,64.1622,64.1622,1705.0,BUD
2025-04-25 11:57:00,64.1622,64.1622,64.1622,64.1622,260.0,BUD
2025-04-25 11:56:00,64.1573,64.1573,64.1524,64.1525,732.0,BUD
2025-04-25 11:55:00,64.1229,64.1573,64.1229,64.1573,2063.0,BUD
2025-04-25 11:54:00,64.1376,64.1376,64.1327,64.1376,3589.0,BUD
2025-04-25 11:53:00,64.1425,64.1524,64.1229,64.1425,4595.0,BUD
2025-04-25 11:52:00,64.1327,64.1425,64.1229,64.1229,13082.0,BUD
2025-04-25 11:51:00,64.1229,64.1327,64.1229,64.1229,1009.0,BUD
2025-04-25 11:50:00,64.113,64.1278,64.113,64.1229,8276.0,BUD
2025-04-25 11:49:00,64.1032,64.113,64.0948,64.113,1851.0,BUD
2025-04-25 11:48:00,64.0933,64.1123,64.0933,64.1032,1964.0,BUD
2025-04-25 11:47:00,64.0786,64.1032,64.0786,64.1032,2503.0,BUD
2025-04-25 11:46:00,64.0736,64.0835,64.0687,64.0835,1837.0,BUD
2025-04-25 11:45:00,64.0736,64.0835,64.0736,64.0835,1839.0,BUD
2025-04-25 11:44:00,64.0589,64.0786,64.0589,64.0786,1127.0,BUD
2025-04-25 11:43:00,64.1032,64.1032,64.0589,64.0589,1768.0,BUD
2025-04-25 11:42:00,64.113,64.1229,64.113,64.1179,1203.0,BUD
2025-04-25 11:41:00,64.1032,64.1229,64.1032,64.1032,5634.0,BUD
2025-04-25 11:40:00,64.0983,64.1032,64.0933,64.1032,796.0,BUD
2025-04-25 11:39:00,64.0835,64.1032,64.0835,64.0835,1585.0,BUD
2025-04-25 11:38:00,64.0687,64.0835,64.0677,64.0736,4942.0,BUD
2025-04-25 11:37:00,64.0736,64.0835,64.0736,64.0736,4153.0,BUD
2025-04-25 11:36:00,64.0441,64.054,64.0244,64.049,2854.0,BUD
2025-04-25 11:35:00,64.054,64.0786,64.0441,64.0441,8696.0,BUD
2025-04-25 11:34:00,64.113,64.113,64.0736,64.0884,7619.0,BUD
2025-04-25 11:33:00,64.113,64.1278,64.0934,64.1278,3870.0,BUD
2025-04-25 11:32:00,64.1229,64.1229,64.1229,64.1229,523.0,BUD
2025-04-25 11:31:00,64.0933,64.1425,64.0933,64.1425,3490.0,BUD
2025-04-25 11:30:00,64.1032,64.1278,64.1032,64.113,11165.0,BUD
2025-04-25 11:29:00,64.0638,64.1229,64.054,64.1032,10281.0,BUD
2025-04-25 11:28:00,64.0441,64.054,64.0392,64.054,3594.0,BUD
2025-04-25 11:27:00,64.0638,64.0638,64.0343,64.0441,4456.0,BUD
2025-04-25 11:26:00,64.0736,64.0736,64.0736,64.0736,1409.0,BUD
2025-04-25 11:25:00,64.0638,64.0835,64.054,64.0736,3675.0,BUD
2025-04-25 11:24:00,64.0736,64.0736,64.0638,64.0736,3472.0,BUD
2025-04-25 11:23:00,64.0736,64.0835,64.0736,64.0835,1393.0,BUD
2025-04-25 11:22:00,64.0933,64.1228,64.054,64.0638,11675.0,BUD
2025-04-25 11:21:00,64.0835,64.0983,64.081,64.0933,8580.0,BUD
2025-04-25 11:20:00,64.0835,64.1032,64.0835,64.0933,2702.0,BUD
2025-04-25 11:19:00,64.0884,64.0933,64.0884,64.0933,4619.0,BUD
2025-04-25 11:18:00,64.0736,64.0835,64.0736,64.0835,3745.0,BUD
2025-04-25 11:17:00,64.0835,64.0835,64.0589,64.0736,3291.0,BUD
2025-04-25 11:16:00,64.1278,64.1278,64.0835,64.0933,1679.0,BUD
2025-04-25 11:15:00,64.0933,64.1229,64.0933,64.1229,4547.0,BUD
2025-04-25 11:14:00,64.113,64.1229,64.0835,64.0933,4218.0,BUD
2025-04-25 11:13:00,64.1032,64.1032,64.1032,64.1032,2167.0,BUD
2025-04-25 11:12:00,64.0947,64.113,64.0835,64.113,3474.0,BUD
2025-04-25 11:11:00,64.123,64.123,64.1229,64.1229,660.0,BUD
2025-04-25 11:10:00,64.0933,64.1477,64.0933,64.1477,3351.0,BUD
2025-04-25 11:09:00,64.1032,64.1032,64.0884,64.0884,894.0,BUD
2025-04-25 11:08:00,64.113,64.113,64.1081,64.1081,888.0,BUD
2025-04-25 11:07:00,64.0835,64.1032,64.0835,64.0933,1204.0,BUD
2025-04-25 11:06:00,64.0933,64.0933,64.0752,64.0752,974.0,BUD
2025-04-25 11:05:00,64.1327,64.1327,64.1032,64.1032,2074.0,BUD
2025-04-25 11:04:00,64.113,64.1229,64.113,64.1229,706.0,BUD
2025-04-25 11:03:00,64.113,64.1327,64.113,64.1229,7061.0,BUD
2025-04-25 11:02:00,64.1032,64.113,64.1032,64.113,1493.0,BUD
2025-04-25 11:01:00,64.113,64.113,64.1049,64.1049,738.0,BUD
2025-04-25 11:00:00,64.0933,64.113,64.0933,64.113,3474.0,BUD
2025-04-25 10:59:00,64.0835,64.0933,64.0661,64.0933,2455.0,BUD
2025-04-25 10:58:00,64.0983,64.1032,64.0736,64.0763,9580.0,BUD
2025-04-25 10:57:00,64.0983,64.1032,64.0933,64.0933,1706.0,BUD
2025-04-25 10:56:00,64.1229,64.1229,64.0835,64.0983,14032.0,BUD
2025-04-25 10:55:00,64.0835,64.1229,64.0835,64.1229,5228.0,BUD
2025-04-25 10:54:00,64.1032,64.1032,64.0933,64.0933,1734.0,BUD
2025-04-25 10:53:00,64.1229,64.1327,64.1032,64.113,8375.0,BUD
2025-04-25 10:52:00,64.1229,64.1327,64.113,64.113,3102.0,BUD
2025-04-25 10:51:00,64.1032,64.113,64.0835,64.113,3125.0,BUD
2025-04-25 10:50:00,64.1229,64.1229,64.113,64.113,1435.0,BUD
2025-04-25 10:49:00,64.1032,64.1229,64.0933,64.113,4256.0,BUD
2025-04-25 10:48:00,64.0736,64.0933,64.0638,64.0933,4083.0,BUD
2025-04-25 10:47:00,64.0933,64.113,64.0758,64.0835,6476.0,BUD
2025-04-25 10:46:00,64.113,64.113,64.0933,64.0933,1860.0,BUD
2025-04-25 10:45:00,64.0933,64.113,64.0736,64.113,10152.0,BUD
2025-04-25 10:44:00,64.0638,64.1032,64.0638,64.0933,1673.0,BUD
2025-04-25 10:43:00,64.0933,64.0933,64.0441,64.054,7096.0,BUD
2025-04-25 10:42:00,64.054,64.0736,64.054,64.0736,2260.0,BUD
2025-04-25 10:41:00,64.0638,64.0638,64.0343,64.054,7750.0,BUD
2025-04-25 10:40:00,64.054,64.054,64.0244,64.0485,6705.0,BUD
2025-04-25 10:39:00,64.054,64.0638,64.0441,64.0638,3341.0,BUD
2025-04-25 10:38:00,64.0343,64.0441,64.0146,64.0343,4307.0,BUD
2025-04-25 10:37:00,64.0343,64.054,64.0343,64.054,4567.0,BUD
2025-04-25 10:36:00,64.0343,64.0736,64.0244,64.0244,8872.0,BUD
2025-04-25 10:35:00,64.0343,64.0343,64.0097,64.0343,2775.0,BUD
2025-04-25 10:34:00,64.0048,64.0343,64.0048,64.0294,2268.0,BUD
2025-04-25 10:33:00,63.9949,64.0048,63.9752,63.9949,3584.0,BUD
2025-04-25 10:32:00,64.0048,64.0101,63.9654,63.9949,3314.0,BUD
2025-04-25 10:31:00,64.0146,64.0146,63.9796,63.9796,1739.0,BUD
2025-04-25 10:30:00,64.0244,64.0392,64.0146,64.0146,2823.0,BUD
2025-04-25 10:29:00,64.0048,64.0146,64.0048,64.0146,1424.0,BUD
2025-04-25 10:28:00,63.9851,64.0097,63.9851,64.0048,4629.0,BUD
2025-04-25 10:27:00,63.9851,63.9851,63.9555,63.9801,1606.0,BUD
2025-04-25 10:26:00,63.9752,63.9949,63.9654,63.9949,1465.0,BUD
2025-04-25 10:25:00,64.0048,64.0048,63.9851,63.9851,1055.0,BUD
2025-04-25 10:24:00,63.9949,64.0048,63.9654,63.9998,4833.0,BUD
2025-04-25 10:23:00,63.9063,63.99,63.8965,63.9851,5852.0,BUD
2025-04-25 10:22:00,63.9654,63.9654,63.8916,63.9063,11840.0,BUD
2025-04-25 10:21:00,63.9752,64.0048,63.9555,63.9654,15218.0,BUD
2025-04-25 10:20:00,63.936,63.9752,63.9211,63.9752,11193.0,BUD
2025-04-25 10:19:00,64.0048,64.0048,63.9508,63.9508,1328.0,BUD
2025-04-25 10:18:00,64.054,64.054,64.0244,64.0244,1120.0,BUD
2025-04-25 10:17:00,64.0343,64.0786,64.0343,64.0589,2642.0,BUD
2025-04-25 10:16:00,64.0343,64.054,64.0244,64.0441,3819.0,BUD
2025-04-25 10:15:00,64.049,64.049,63.9949,64.0343,7679.0,BUD
2025-04-25 10:14:00,64.0835,64.0933,64.0441,64.0441,8124.0,BUD
2025-04-25 10:13:00,64.0343,64.0933,64.0343,64.0736,8627.0,BUD
2025-04-25 10:12:00,64.0048,64.0244,63.9457,64.0146,9498.0,BUD
2025-04-25 10:11:00,64.0294,64.0441,64.0146,64.0146,2390.0,BUD
2025-04-25 10:10:00,64.0441,64.0835,64.0146,64.0146,3089.0,BUD
2025-04-25 10:09:00,64.1179,64.1179,64.0294,64.0294,5336.0,BUD
2025-04-25 10:08:00,64.1425,64.1721,64.113,64.1179,2584.0,BUD
2025-04-25 10:07:00,64.1524,64.1819,64.1475,64.1819,3325.0,BUD
2025-04-25 10:06:00,64.2016,64.2114,64.1425,64.1425,5140.0,BUD
2025-04-25 10:05:00,64.1819,64.2213,64.1721,64.2016,7609.0,BUD
2025-04-25 10:04:00,64.1721,64.2016,64.1721,64.1819,7582.0,BUD
2025-04-25 10:03:00,64.2213,64.2213,64.1721,64.1819,9221.0,BUD
2025-04-25 10:02:00,64.1819,64.2262,64.1622,64.2262,5583.0,BUD
2025-04-25 10:01:00,64.1622,64.2114,64.1622,64.1918,4943.0,BUD
2025-04-25 10:00:00,64.2016,64.2311,64.1425,64.1425,31941.0,BUD
2025-04-25 09:59:00,64.241,64.241,64.1721,64.1721,12476.0,BUD
2025-04-25 09:58:00,64.2262,64.2508,64.2114,64.2508,11127.0,BUD
2025-04-25 09:57:00,64.2311,64.2705,64.2213,64.2311,19542.0,BUD
2025-04-25 09:56:00,64.2902,64.2902,64.2214,64.2214,3662.0,BUD
2025-04-25 09:55:00,64.3197,64.3197,64.2656,64.2902,4416.0,BUD
2025-04-25 09:54:00,64.3197,64.3197,64.2853,64.3197,2996.0,BUD
2025-04-25 09:53:00,64.3197,64.3295,64.3,64.3099,7181.0,BUD
2025-04-25 09:52:00,64.3394,64.3394,64.3295,64.3305,1958.0,BUD
2025-04-25 09:51:00,64.3148,64.3492,64.3099,64.3492,4116.0,BUD
2025-04-25 09:50:00,64.3099,64.3291,64.3099,64.3291,1695.0,BUD
2025-04-25 09:49:00,64.2607,64.3099,64.2213,64.3,14828.0,BUD
2025-04-25 09:48:00,64.2902,64.3,64.2803,64.2902,2198.0,BUD
2025-04-25 09:47:00,64.3099,64.3197,64.2803,64.2803,1283.0,BUD
2025-04-25 09:46:00,64.3492,64.3492,64.2902,64.3099,7183.0,BUD
2025-04-25 09:45:00,64.3492,64.3591,64.3394,64.3591,3674.0,BUD
2025-04-25 09:44:00,64.3935,64.4083,64.3492,64.3689,11572.0,BUD
2025-04-25 09:43:00,64.4132,64.428,64.3886,64.3984,2222.0,BUD
2025-04-25 09:42:00,64.4673,64.4673,64.4181,64.4181,2782.0,BUD
2025-04-25 09:41:00,64.4772,64.4919,64.4477,64.4821,6799.0,BUD
2025-04-25 09:40:00,64.5658,64.5658,64.487,64.487,3730.0,BUD
2025-04-25 09:39:00,64.5018,64.5559,64.5018,64.5559,4547.0,BUD
2025-04-25 09:38:00,64.5264,64.5559,64.4969,64.5067,3204.0,BUD
2025-04-25 09:37:00,64.5018,64.5461,64.5018,64.5461,3363.0,BUD
2025-04-25 09:36:00,64.5215,64.5264,64.4772,64.5018,3350.0,BUD
2025-04-25 09:35:00,64.5018,64.5264,64.4772,64.5166,6624.0,BUD
2025-04-25 09:34:00,64.5658,64.5879,64.5166,64.5264,6587.0,BUD
2025-04-25 09:33:00,64.5362,64.5658,64.4969,64.5621,63554.0,BUD
2025-04-25 09:32:00,64.5658,64.5658,64.4969,64.5559,10986.0,BUD
2025-04-25 09:31:00,64.5953,64.6248,64.5559,64.5658,8652.0,BUD
2025-04-25 09:30:00,64.5658,64.6543,64.5559,64.5756,21514.0,BUD
2025-04-25 09:29:00,64.6445,64.6445,64.6051,64.6051,2206.0,BUD
2025-04-25 09:24:00,64.6642,64.6642,64.6642,64.6642,305.0,BUD
2025-04-25 09:13:00,64.6839,64.6839,64.6839,64.6839,10.0,BUD
2025-04-25 09:10:00,64.6642,64.6642,64.6642,64.6642,102.0,BUD
2025-04-25 09:05:00,64.7626,64.7626,64.7626,64.7626,230.0,BUD
2025-04-25 08:58:00,64.6839,64.6839,64.6839,64.6839,75.0,BUD
2025-04-25 08:41:00,65.3335,65.3335,65.3335,65.3335,1.0,BUD
2025-04-25 08:34:00,64.7518,64.7518,64.7518,64.7518,1.0,BUD
2025-04-25 08:27:00,64.7232,64.7232,64.7232,64.7232,152.0,BUD
2025-04-25 08:25:00,64.7232,64.7232,64.7232,64.7232,877.0,BUD
2025-04-25 08:23:00,64.5559,64.5559,64.5264,64.5362,958.0,BUD
2025-04-25 08:02:00,64.4181,64.4181,64.4181,64.4181,100.0,BUD
2025-04-25 08:00:00,64.5166,64.6832,64.5166,64.6728,317.0,BUD
2025-04-25 07:43:00,64.5658,64.5658,64.5658,64.5658,4.0,BUD
2025-04-25 07:27:00,64.674,64.674,64.674,64.674,186.0,BUD
2025-04-25 07:14:00,64.674,64.674,64.674,64.674,1.0,BUD
2025-04-25 06:48:00,64.6248,64.6248,64.6248,64.6248,200.0,BUD
2025-04-25 06:39:00,64.7429,64.7429,64.7429,64.7429,8.0,BUD
2025-04-25 05:23:00,64.4181,64.4181,64.4181,64.4181,1.0,BUD
2025-04-24 19:22:00,65.2055,65.2055,65.2055,65.2055,3.0,BUD
2025-04-24 19:15:00,64.4181,64.4181,64.4181,64.4181,10.0,BUD
2025-04-24 19:03:00,65.1957,65.1957,65.1957,65.1957,3.0,BUD
2025-04-24 19:00:00,64.7921,64.7921,64.7921,64.7921,106211.0,BUD
2025-04-24 18:34:00,64.5658,64.5658,64.5658,64.5658,1.0,BUD
2025-04-24 18:30:00,64.7921,64.7921,64.7921,64.7921,106211.0,BUD
2025-04-24 18:14:00,65.6287,65.6287,65.6287,65.6287,2.0,BUD
2025-04-24 18:02:00,64.5658,64.5658,64.5658,64.5658,1.0,BUD
2025-04-24 17:36:00,64.4787,64.4787,64.4787,64.4787,10.0,BUD
2025-04-24 17:32:00,64.4181,64.4181,64.4181,64.4181,3.0,BUD
2025-04-24 17:30:00,65.2055,65.2055,65.2055,65.2055,2.0,BUD
2025-04-24 17:12:00,64.428,64.428,64.428,64.428,13.0,BUD
2025-04-24 17:08:00,64.428,64.428,64.428,64.428,50.0,BUD
2025-04-24 17:07:00,64.428,64.428,64.428,64.428,10.0,BUD
2025-04-24 16:59:00,64.4181,64.4181,64.4181,64.4181,23.0,BUD
2025-04-24 16:48:00,61.0619,61.0619,61.0619,61.0619,12.0,BUD
2025-04-24 16:36:00,64.7921,64.7921,64.7921,64.7921,207.0,BUD
2025-04-24 16:10:00,64.7921,64.7921,64.7921,64.7921,106300.0,BUD
2025-04-24 16:07:00,64.7921,64.7921,64.7921,64.7921,210.0,BUD
2025-04-24 16:06:00,64.7823,64.7823,64.7823,64.7823,1.0,BUD
2025-04-24 16:05:00,64.7921,64.7921,64.7921,64.7921,8.0,BUD
2025-04-24 16:03:00,64.7921,64.7921,64.7921,64.7921,141.0,BUD
2025-04-24 16:01:00,64.802,64.802,64.802,64.802,1.0,BUD
2025-04-24 16:00:00,64.7823,64.802,64.7725,64.7921,227955.0,BUD
2025-04-24 15:59:00,64.8217,64.8217,64.7725,64.7823,49312.0,BUD
2025-04-24 15:58:00,64.8118,64.8364,64.8118,64.8217,22624.0,BUD
2025-04-24 15:57:00,64.8364,64.8414,64.802,64.8118,19072.0,BUD
2025-04-24 15:56:00,64.8315,64.8512,64.8315,64.8512,26690.0,BUD
2025-04-24 15:55:00,64.8709,64.8709,64.8069,64.8305,25900.0,BUD
2025-04-24 15:54:00,64.8856,64.8856,64.8512,64.8709,20262.0,BUD
2025-04-24 15:53:00,64.8807,64.8906,64.8807,64.8906,7810.0,BUD
2025-04-24 15:52:00,64.8807,64.9004,64.8758,64.9004,3494.0,BUD
2025-04-24 15:51:00,64.9004,64.9004,64.8709,64.8758,10734.0,BUD
2025-04-24 15:50:00,64.9201,64.9299,64.9004,64.9004,12411.0,BUD
2025-04-24 15:49:00,64.925,64.9299,64.9201,64.9299,1883.0,BUD
2025-04-24 15:48:00,64.9004,64.925,64.8955,64.925,7528.0,BUD
2025-04-24 15:47:00,64.8817,64.9004,64.8807,64.9004,3069.0,BUD
2025-04-24 15:46:00,64.8955,64.8984,64.8817,64.8906,6672.0,BUD
2025-04-24 15:45:00,64.9102,64.9102,64.9004,64.9004,6127.0,BUD
2025-04-24 15:44:00,64.9102,64.9102,64.8955,64.9053,5214.0,BUD
2025-04-24 15:43:00,64.9299,64.9347,64.9053,64.9102,10080.0,BUD
2025-04-24 15:42:00,64.8906,64.9349,64.8906,64.9201,10728.0,BUD
2025-04-24 15:41:00,64.8906,64.8906,64.861,64.8856,12305.0,BUD
2025-04-24 15:40:00,64.8955,64.8955,64.8955,64.8955,608.0,BUD
2025-04-24 15:39:00,64.9053,64.9053,64.8955,64.8955,1963.0,BUD
2025-04-24 15:38:00,64.9102,64.9201,64.8906,64.9102,3431.0,BUD
2025-04-24 15:37:00,64.8414,64.8906,64.8414,64.8906,9840.0,BUD
2025-04-24 15:36:00,64.861,64.861,64.8463,64.8463,1191.0,BUD
2025-04-24 15:35:00,64.8217,64.8512,64.7823,64.8414,10243.0,BUD
2025-04-24 15:34:00,64.8512,64.8512,64.8217,64.8217,4533.0,BUD
2025-04-24 15:33:00,64.8512,64.8512,64.8217,64.8512,13106.0,BUD
2025-04-24 15:32:00,64.8315,64.8463,64.8217,64.8463,3651.0,BUD
2025-04-24 15:31:00,64.7921,64.8217,64.7921,64.8217,13152.0,BUD
2025-04-24 15:30:00,64.802,64.802,64.7769,64.802,7005.0,BUD
2025-04-24 15:29:00,64.8118,64.8118,64.802,64.802,1387.0,BUD
2025-04-24 15:28:00,64.8153,64.8266,64.8118,64.8266,2423.0,BUD
2025-04-24 15:27:00,64.7646,64.8217,64.7646,64.8118,41707.0,BUD
2025-04-24 15:26:00,64.7725,64.7809,64.7528,64.7725,20833.0,BUD
2025-04-24 15:25:00,64.7429,64.7823,64.738,64.7823,14598.0,BUD
2025-04-24 15:24:00,64.7331,64.7429,64.7207,64.7429,10472.0,BUD
2025-04-24 15:23:00,64.7577,64.7626,64.7331,64.7331,5862.0,BUD
2025-04-24 15:22:00,64.7577,64.7626,64.7478,64.7577,11061.0,BUD
2025-04-24 15:21:00,64.7528,64.7623,64.7331,64.753,4846.0,BUD
2025-04-24 15:20:00,64.7429,64.7626,64.7331,64.7577,3351.0,BUD
2025-04-24 15:19:00,64.7331,64.7429,64.713,64.7282,8837.0,BUD
2025-04-24 15:18:00,64.7478,64.7478,64.7371,64.738,2618.0,BUD
2025-04-24 15:17:00,64.7331,64.7528,64.7331,64.7478,3012.0,BUD
2025-04-24 15:16:00,64.7232,64.7331,64.7085,64.7331,7533.0,BUD
2025-04-24 15:15:00,64.6986,64.7232,64.6986,64.7232,3438.0,BUD
2025-04-24 15:14:00,64.6937,64.7036,64.6691,64.7036,9082.0,BUD
2025-04-24 15:13:00,64.6937,64.7036,64.684,64.7036,2828.0,BUD
2025-04-24 15:12:00,64.6839,64.6937,64.6642,64.6937,5370.0,BUD
2025-04-24 15:11:00,64.6839,64.7036,64.679,64.6937,7422.0,BUD
2025-04-24 15:10:00,64.674,64.6839,64.674,64.6839,5073.0,BUD
2025-04-24 15:09:00,64.6642,64.6691,64.6543,64.6642,4472.0,BUD
2025-04-24 15:08:00,64.6543,64.6642,64.6494,64.6642,2701.0,BUD
2025-04-24 15:07:00,64.6445,64.6543,64.6396,64.6445,4960.0,BUD
2025-04-24 15:06:00,64.6445,64.6445,64.6396,64.6396,2907.0,BUD
2025-04-24 15:05:00,64.6445,64.6543,64.6445,64.6543,654.0,BUD
2025-04-24 15:04:00,64.6642,64.6642,64.6347,64.6445,3626.0,BUD
2025-04-24 15:03:00,64.6642,64.6642,64.6642,64.6642,889.0,BUD
2025-04-24 15:02:00,64.6445,64.6642,64.6445,64.6642,3122.0,BUD
2025-04-24 15:01:00,64.6396,64.6396,64.6297,64.6347,4363.0,BUD
2025-04-24 15:00:00,64.6445,64.6445,64.6347,64.6396,4904.0,BUD
2025-04-24 14:59:00,64.6494,64.6543,64.6347,64.6543,3132.0,BUD
2025-04-24 14:58:00,64.6642,64.674,64.6494,64.6494,4347.0,BUD
2025-04-24 14:57:00,64.669,64.674,64.6548,64.6642,7445.0,BUD
2025-04-24 14:56:00,64.6543,64.6642,64.6518,64.6593,5624.0,BUD
2025-04-24 14:55:00,64.6642,64.674,64.6347,64.6445,9025.0,BUD
2025-04-24 14:54:00,64.7036,64.7036,64.674,64.674,5249.0,BUD
2025-04-24 14:53:00,64.7429,64.7429,64.7085,64.7085,8274.0,BUD
2025-04-24 14:52:00,64.7232,64.7429,64.7036,64.7331,11878.0,BUD
2025-04-24 14:51:00,64.7331,64.7331,64.7232,64.7232,1779.0,BUD
2025-04-24 14:50:00,64.7528,64.7528,64.7331,64.7429,5242.0,BUD
2025-04-24 14:49:00,64.7429,64.7528,64.7331,64.7528,11134.0,BUD
2025-04-24 14:48:00,64.7331,64.7429,64.7232,64.7331,8317.0,BUD
2025-04-24 14:47:00,64.7232,64.7331,64.7232,64.7331,5177.0,BUD
2025-04-24 14:46:00,64.738,64.7429,64.7134,64.7232,4519.0,BUD
2025-04-24 14:45:00,64.7528,64.7528,64.7232,64.7232,2998.0,BUD
2025-04-24 14:44:00,64.7429,64.7528,64.7331,64.7528,4935.0,BUD
2025-04-24 14:43:00,64.7626,64.7626,64.7429,64.7429,3031.0,BUD
2025-04-24 14:42:00,64.7931,64.8217,64.7626,64.7626,21659.0,BUD
2025-04-24 14:41:00,64.7921,64.802,64.7921,64.7921,6341.0,BUD
2025-04-24 14:39:00,64.8118,64.8118,64.7823,64.7843,4485.0,BUD
2025-04-24 14:38:00,64.7921,64.7921,64.7921,64.7921,2417.0,BUD
2025-04-24 14:37:00,64.7921,64.7921,64.7823,64.7823,2410.0,BUD
2025-04-24 14:35:00,64.7865,64.802,64.7865,64.802,2906.0,BUD
2025-04-24 14:34:00,64.7921,64.7921,64.7921,64.7921,239.0,BUD
2025-04-24 14:33:00,64.7921,64.802,64.7921,64.7921,984.0,BUD
2025-04-24 14:32:00,64.7921,64.7921,64.7872,64.7921,1114.0,BUD
2025-04-24 14:30:00,64.7429,64.802,64.7429,64.7921,5370.0,BUD
2025-04-24 14:29:00,64.7331,64.7478,64.7141,64.7429,5225.0,BUD
2025-04-24 14:28:00,64.7725,64.7725,64.7429,64.7429,2213.0,BUD
2025-04-24 14:27:00,64.7897,64.7897,64.7725,64.7725,3001.0,BUD
2025-04-24 14:26:00,64.7823,64.7971,64.7823,64.7823,1118.0,BUD
2025-04-24 14:25:00,64.7921,64.7921,64.7823,64.7921,405.0,BUD
2025-04-24 14:24:00,64.7947,64.802,64.7824,64.7824,1039.0,BUD
2025-04-24 14:23:00,64.7921,64.7921,64.7802,64.7921,4190.0,BUD
2025-04-24 14:22:00,64.7874,64.7874,64.7823,64.7823,705.0,BUD
2025-04-24 14:21:00,64.7951,64.7951,64.7921,64.7921,943.0,BUD
2025-04-24 14:20:00,64.8315,64.8315,64.8118,64.8118,319.0,BUD
2025-04-24 14:19:00,64.8463,64.8463,64.8217,64.8217,1693.0,BUD
2025-04-24 14:18:00,64.8414,64.8414,64.8319,64.8319,790.0,BUD
2025-04-24 14:17:00,64.8272,64.8414,64.8217,64.8414,4948.0,BUD
2025-04-24 14:16:00,64.8561,64.8709,64.8414,64.8414,1616.0,BUD
2025-04-24 14:15:00,64.861,64.861,64.8414,64.8561,4095.0,BUD
2025-04-24 14:14:00,64.8315,64.8414,64.8266,64.8364,2918.0,BUD
2025-04-24 14:13:00,64.8167,64.8315,64.8167,64.8266,1812.0,BUD
2025-04-24 14:12:00,64.8167,64.8414,64.8167,64.8217,1841.0,BUD
2025-04-24 14:11:00,64.8118,64.8118,64.8118,64.8118,819.0,BUD
2025-04-24 14:10:00,64.802,64.802,64.7921,64.7971,5329.0,BUD
2025-04-24 14:09:00,64.8118,64.8217,64.8118,64.8217,1767.0,BUD
2025-04-24 14:08:00,64.8118,64.8118,64.802,64.8069,1815.0,BUD
2025-04-24 14:07:00,64.8217,64.8217,64.8217,64.8217,2412.0,BUD
2025-04-24 14:06:00,64.8207,64.8414,64.8118,64.8217,2738.0,BUD
2025-04-24 14:05:00,64.8118,64.8118,64.8118,64.8118,320.0,BUD
2025-04-24 14:04:00,64.8414,64.8414,64.8315,64.8315,939.0,BUD
2025-04-24 14:03:00,64.802,64.8512,64.802,64.8512,2960.0,BUD
2025-04-24 14:02:00,64.8118,64.8118,64.802,64.8021,1155.0,BUD
2025-04-24 14:01:00,64.802,64.802,64.7921,64.7971,2876.0,BUD
2025-04-24 14:00:00,64.7921,64.8118,64.7921,64.7971,4008.0,BUD
2025-04-24 13:59:00,64.7921,64.802,64.7823,64.802,971.0,BUD
2025-04-24 13:58:00,64.7823,64.802,64.7823,64.7872,3393.0,BUD
2025-04-24 13:57:00,64.7921,64.802,64.7823,64.7823,2309.0,BUD
2025-04-24 13:56:00,64.7971,64.802,64.7823,64.7823,4666.0,BUD
2025-04-24 13:55:00,64.802,64.8118,64.7928,64.7928,2102.0,BUD
2025-04-24 13:54:00,64.8118,64.8118,64.8118,64.8118,480.0,BUD
2025-04-24 13:53:00,64.7921,64.8118,64.7921,64.8118,2927.0,BUD
2025-04-24 13:52:00,64.7921,64.7921,64.7823,64.7921,1964.0,BUD
2025-04-24 13:51:00,64.7725,64.7921,64.7626,64.7921,3591.0,BUD
2025-04-24 13:50:00,64.7626,64.7774,64.7626,64.7726,1322.0,BUD
2025-04-24 13:49:00,64.7725,64.7823,64.7725,64.7725,1031.0,BUD
2025-04-24 13:48:00,64.8192,64.8192,64.7921,64.7921,1937.0,BUD
2025-04-24 13:47:00,64.8118,64.8217,64.8118,64.8217,3229.0,BUD
2025-04-24 13:46:00,64.8118,64.8217,64.8118,64.8118,3386.0,BUD
2025-04-24 13:45:00,64.8118,64.8315,64.802,64.8118,2777.0,BUD
2025-04-24 13:44:00,64.7921,64.8217,64.7823,64.8118,5360.0,BUD
2025-04-24 13:43:00,64.8069,64.8069,64.8069,64.8069,342.0,BUD
2025-04-24 13:42:00,64.8167,64.8167,64.8118,64.8118,1049.0,BUD
2025-04-24 13:41:00,64.8315,64.8315,64.8069,64.8069,1908.0,BUD
2025-04-24 13:40:00,64.8266,64.8463,64.8266,64.8315,2496.0,BUD
2025-04-24 13:39:00,64.8315,64.8315,64.8315,64.8315,4004.0,BUD
2025-04-24 13:38:00,64.8315,64.8315,64.8315,64.8315,2122.0,BUD
2025-04-24 13:37:00,64.8216,64.8217,64.8216,64.8217,807.0,BUD
2025-04-24 13:36:00,64.7921,64.8118,64.7921,64.8118,3906.0,BUD
2025-04-24 13:35:00,64.8069,64.8069,64.8069,64.8069,463.0,BUD
2025-04-24 13:34:00,64.802,64.802,64.7823,64.802,1475.0,BUD
2025-04-24 13:33:00,64.8217,64.8217,64.8118,64.8118,902.0,BUD
2025-04-24 13:32:00,64.8364,64.8512,64.8364,64.8512,3065.0,BUD
2025-04-24 13:31:00,64.861,64.861,64.8315,64.8364,1360.0,BUD
2025-04-24 13:30:00,64.8315,64.861,64.8315,64.861,2593.0,BUD
2025-04-24 13:29:00,64.8315,64.8401,64.8266,64.8266,3400.0,BUD
2025-04-24 13:28:00,64.8217,64.8512,64.8201,64.8512,2329.0,BUD
2025-04-24 13:27:00,64.861,64.861,64.8315,64.8315,4005.0,BUD
2025-04-24 13:26:00,64.8709,64.8709,64.8709,64.8709,2788.0,BUD
2025-04-24 13:25:00,64.8758,64.8758,64.861,64.8758,2604.0,BUD
2025-04-24 13:23:00,64.861,64.8758,64.861,64.8708,1566.0,BUD
2025-04-24 13:22:00,64.861,64.8807,64.861,64.8807,2975.0,BUD
2025-04-24 13:21:00,64.8856,64.8856,64.866,64.866,1566.0,BUD
2025-04-24 13:20:00,64.8856,64.8856,64.8709,64.8709,386.0,BUD
2025-04-24 13:19:00,64.8906,64.8955,64.8807,64.8807,2180.0,BUD
2025-04-24 13:18:00,64.8906,64.9004,64.8807,64.8906,7018.0,BUD
2025-04-24 13:17:00,64.9102,64.9152,64.8906,64.9102,1973.0,BUD
2025-04-24 13:16:00,64.9398,64.9398,64.925,64.925,822.0,BUD
2025-04-24 13:15:00,64.9496,64.9496,64.9496,64.9496,1852.0,BUD
2025-04-24 13:14:00,64.9616,64.9644,64.9539,64.9539,1340.0,BUD
2025-04-24 13:13:00,64.9496,64.9595,64.9496,64.9595,957.0,BUD
2025-04-24 13:12:00,64.9398,64.9447,64.9299,64.9299,1803.0,BUD
2025-04-24 13:11:00,64.9693,64.9693,64.9545,64.9693,3490.0,BUD
2025-04-24 13:10:00,64.989,64.989,64.9742,64.9742,1400.0,BUD
2025-04-24 13:08:00,65.0185,65.0185,65.0087,65.0087,674.0,BUD
2025-04-24 13:07:00,65.0284,65.0382,65.0185,65.0237,2628.0,BUD
2025-04-24 13:05:00,65.0284,65.0382,65.0284,65.0382,593.0,BUD
2025-04-24 13:04:00,65.0284,65.0284,65.0087,65.0185,3481.0,BUD
2025-04-24 13:03:00,65.0382,65.0382,65.0382,65.0382,428.0,BUD
2025-04-24 13:02:00,65.0382,65.0382,65.0284,65.0333,2175.0,BUD
2025-04-24 13:01:00,65.048,65.048,65.0382,65.0382,581.0,BUD
2025-04-24 13:00:00,65.0382,65.048,65.0284,65.0284,2524.0,BUD
2025-04-24 12:59:00,65.0734,65.0734,65.0579,65.0579,1524.0,BUD
2025-04-24 12:58:00,65.0776,65.0776,65.0677,65.0677,872.0,BUD
2025-04-24 12:57:00,65.0923,65.0923,65.0923,65.0923,702.0,BUD
2025-04-24 12:56:00,65.048,65.0579,65.0284,65.0579,2390.0,BUD
2025-04-24 12:55:00,65.048,65.0579,65.048,65.0579,1065.0,BUD
2025-04-24 12:53:00,65.0087,65.0185,65.0087,65.0185,697.0,BUD
2025-04-24 12:52:00,64.989,64.9988,64.989,64.9988,1074.0,BUD
2025-04-24 12:51:00,65.0087,65.0087,64.9988,64.9988,1474.0,BUD
2025-04-24 12:50:00,65.0087,65.0087,65.0087,65.0087,1331.0,BUD
2025-04-24 12:49:00,65.0088,65.0088,65.0088,65.0088,763.0,BUD
2025-04-24 12:48:00,65.0087,65.0185,65.0087,65.0185,1773.0,BUD
2025-04-24 12:47:00,65.0284,65.0284,65.0284,65.0284,222.0,BUD
2025-04-24 12:46:00,65.0185,65.0234,65.0185,65.0234,424.0,BUD
2025-04-24 12:45:00,65.0185,65.0185,64.989,65.0037,2585.0,BUD
2025-04-24 12:44:00,65.0234,65.0382,65.0234,65.0382,3776.0,BUD
2025-04-24 12:43:00,65.0234,65.0234,65.0234,65.0234,381.0,BUD
2025-04-24 12:42:00,65.0234,65.0234,65.0234,65.0234,179.0,BUD
2025-04-24 12:41:00,65.0382,65.0382,65.0382,65.0382,676.0,BUD
2025-04-24 12:40:00,65.0185,65.053,65.0185,65.053,1300.0,BUD
2025-04-24 12:39:00,65.0185,65.0185,65.0185,65.0185,990.0,BUD
2025-04-24 12:38:00,65.0284,65.0382,65.0185,65.0333,2793.0,BUD
2025-04-24 12:37:00,65.0776,65.0776,65.053,65.053,353.0,BUD
2025-04-24 12:36:00,65.0677,65.0677,65.0555,65.0579,977.0,BUD
2025-04-24 12:33:00,65.0579,65.0579,65.0579,65.0579,409.0,BUD
2025-04-24 12:32:00,65.048,65.0726,65.048,65.0579,1653.0,BUD
2025-04-24 12:31:00,65.0923,65.0923,65.0776,65.0776,2224.0,BUD
2025-04-24 12:30:00,65.0776,65.0923,65.0776,65.0923,811.0,BUD
2025-04-24 12:29:00,65.0923,65.1071,65.0923,65.1071,621.0,BUD
2025-04-24 12:28:00,65.0382,65.1071,65.0382,65.1071,3620.0,BUD
2025-04-24 12:27:00,65.048,65.048,65.048,65.048,859.0,BUD
2025-04-24 12:25:00,65.0382,65.0579,65.0185,65.0579,863.0,BUD
2025-04-24 12:24:00,65.0599,65.0599,65.0599,65.0599,270.0,BUD
2025-04-24 12:23:00,65.0579,65.0579,65.0579,65.0579,600.0,BUD
2025-04-24 12:22:00,65.0579,65.0677,65.0382,65.0677,4418.0,BUD
2025-04-24 12:21:00,65.0677,65.0677,65.0677,65.0677,1179.0,BUD
2025-04-24 12:20:00,65.0776,65.0776,65.0776,65.0776,291.0,BUD
2025-04-24 12:17:00,65.0185,65.053,65.0185,65.053,946.0,BUD
2025-04-24 12:16:00,65.0136,65.0284,65.0136,65.0284,738.0,BUD
2025-04-24 12:15:00,64.9988,64.9988,64.9693,64.9988,2766.0,BUD
2025-04-24 12:13:00,64.9693,64.989,64.9693,64.989,369.0,BUD
2025-04-24 12:11:00,64.9496,64.9496,64.9405,64.9405,1323.0,BUD
2025-04-24 12:10:00,64.9299,64.9447,64.9299,64.9349,2302.0,BUD
2025-04-24 12:09:00,64.9447,64.9447,64.9447,64.9447,348.0,BUD
2025-04-24 12:08:00,64.9447,64.9447,64.9447,64.9447,567.0,BUD
2025-04-24 12:07:00,64.9791,64.9791,64.9299,64.9299,1448.0,BUD
2025-04-24 12:06:00,64.9742,64.9742,64.9693,64.9693,1277.0,BUD
2025-04-24 12:05:00,65.0382,65.0382,64.9595,64.9595,1796.0,BUD
2025-04-24 12:04:00,64.9988,65.0087,64.9988,65.0087,1382.0,BUD
2025-04-24 12:02:00,64.9693,64.9693,64.9545,64.9693,2985.0,BUD
2025-04-24 12:01:00,64.989,64.989,64.9496,64.9595,1626.0,BUD
2025-04-24 12:00:00,64.9398,64.9693,64.9398,64.9693,1770.0,BUD
2025-04-24 11:59:00,64.9349,64.9349,64.9201,64.9201,1459.0,BUD
2025-04-24 11:58:00,64.9791,64.9791,64.9398,64.9398,2857.0,BUD
2025-04-24 11:57:00,64.9644,64.9644,64.9644,64.9644,549.0,BUD
2025-04-24 11:56:00,65.0087,65.0087,64.989,64.989,2309.0,BUD
2025-04-24 11:55:00,64.9988,64.9988,64.9988,64.9988,714.0,BUD
2025-04-24 11:54:00,64.9841,64.9988,64.9791,64.9988,433.0,BUD
2025-04-24 11:53:00,64.9791,64.9841,64.9791,64.9841,885.0,BUD
2025-04-24 11:52:00,64.9299,64.9496,64.9299,64.9496,1609.0,BUD
2025-04-24 11:51:00,64.9398,64.9398,64.9201,64.9201,4580.0,BUD
2025-04-24 11:50:00,64.9398,64.9496,64.9299,64.9299,2946.0,BUD
2025-04-24 11:49:00,64.9496,64.9685,64.9398,64.9545,2336.0,BUD
2025-04-24 11:48:00,64.9398,64.9595,64.9398,64.9595,1814.0,BUD
2025-04-24 11:46:00,64.9102,64.9102,64.9102,64.9102,872.0,BUD
2025-04-24 11:45:00,64.9349,64.9349,64.9349,64.9349,543.0,BUD
2025-04-24 11:44:00,64.9496,64.9496,64.9152,64.9152,2418.0,BUD
2025-04-24 11:43:00,64.9693,64.9693,64.9693,64.9693,749.0,BUD
2025-04-24 11:42:00,64.9693,64.9742,64.9693,64.9742,446.0,BUD
2025-04-24 11:41:00,64.9595,64.9595,64.9545,64.9545,1342.0,BUD
2025-04-24 11:40:00,64.9791,64.989,64.9693,64.9693,1064.0,BUD
2025-04-24 11:39:00,65.0382,65.0382,64.9988,64.9988,1703.0,BUD
2025-04-24 11:38:00,65.0284,65.0284,65.0185,65.0284,1248.0,BUD
2025-04-24 11:37:00,65.0136,65.0136,65.0136,65.0136,895.0,BUD
2025-04-24 11:36:00,65.0136,65.0136,65.0136,65.0136,999.0,BUD
2025-04-24 11:35:00,65.0087,65.0382,64.989,64.989,9964.0,BUD
2025-04-24 11:34:00,64.989,65.0087,64.989,65.0087,3292.0,BUD
2025-04-24 11:33:00,64.9545,64.9545,64.9545,64.9545,1883.0,BUD
2025-04-24 11:31:00,64.9496,64.9545,64.9496,64.9545,486.0,BUD
2025-04-24 11:30:00,64.9595,64.9595,64.9595,64.9595,774.0,BUD
2025-04-24 11:29:00,64.9693,64.989,64.9595,64.9595,2297.0,BUD
2025-04-24 11:28:00,64.9595,64.9595,64.9595,64.9595,401.0,BUD
2025-04-24 11:27:00,64.989,64.989,64.9496,64.9595,2578.0,BUD
2025-04-24 11:26:00,64.9693,64.9791,64.9693,64.9791,740.0,BUD
2025-04-24 11:25:00,64.9595,64.9595,64.9595,64.9595,592.0,BUD
2025-04-24 11:24:00,64.9841,64.9841,64.9693,64.9742,1420.0,BUD
2025-04-24 11:23:00,64.9988,64.9988,64.9693,64.9742,2027.0,BUD
2025-04-24 11:22:00,65.0185,65.0185,65.0087,65.0087,883.0,BUD
2025-04-24 11:21:00,65.0333,65.0382,65.0333,65.0333,477.0,BUD
2025-04-24 11:20:00,64.989,64.989,64.9595,64.989,5507.0,BUD
2025-04-24 11:19:00,65.0579,65.0579,64.9791,64.9841,13296.0,BUD
2025-04-24 11:18:00,65.1169,65.1268,65.0776,65.0776,1719.0,BUD
2025-04-24 11:17:00,65.1317,65.1317,65.0973,65.0973,1485.0,BUD
2025-04-24 11:16:00,65.1465,65.1563,65.1169,65.1169,2918.0,BUD
2025-04-24 11:15:00,65.1711,65.1711,65.1563,65.1563,1563.0,BUD
2025-04-24 11:14:00,65.1957,65.1957,65.1858,65.1858,1322.0,BUD
2025-04-24 11:13:00,65.2055,65.2252,65.1957,65.2055,2701.0,BUD
2025-04-24 11:12:00,65.176,65.1957,65.176,65.1957,1251.0,BUD
2025-04-24 11:11:00,65.1514,65.176,65.1514,65.176,2473.0,BUD
2025-04-24 11:10:00,65.1465,65.1465,65.1465,65.1465,843.0,BUD
2025-04-24 11:09:00,65.1179,65.1563,65.1179,65.1563,1091.0,BUD
2025-04-24 11:08:00,65.1415,65.1563,65.1415,65.1465,576.0,BUD
2025-04-24 11:07:00,65.1661,65.1661,65.1661,65.1661,267.0,BUD
2025-04-24 11:06:00,65.176,65.1858,65.1563,65.1563,1723.0,BUD
2025-04-24 11:04:00,65.1957,65.1957,65.176,65.1809,1954.0,BUD
2025-04-24 11:03:00,65.1858,65.1858,65.1858,65.1858,451.0,BUD
2025-04-24 11:02:00,65.2154,65.2154,65.1957,65.2055,1599.0,BUD
2025-04-24 11:01:00,65.2154,65.235,65.2055,65.2252,4210.0,BUD
2025-04-24 11:00:00,65.2252,65.2252,65.2252,65.2252,406.0,BUD
2025-04-24 10:59:00,65.1984,65.2252,65.1984,65.2055,1641.0,BUD
2025-04-24 10:58:00,65.1661,65.1858,65.1661,65.1858,802.0,BUD
2025-04-24 10:57:00,65.1661,65.176,65.1661,65.176,2479.0,BUD
2025-04-24 10:56:00,65.1348,65.1563,65.1317,65.1563,1922.0,BUD
2025-04-24 10:55:00,65.1465,65.1563,65.1268,65.1268,1822.0,BUD
2025-04-24 10:54:00,65.1219,65.1585,65.1219,65.1585,627.0,BUD
2025-04-24 10:53:00,65.0973,65.1268,65.0973,65.1268,480.0,BUD
2025-04-24 10:52:00,65.0088,65.0677,65.0087,65.0677,2719.0,BUD
2025-04-24 10:50:00,65.0284,65.0284,64.9791,65.0087,5310.0,BUD
2025-04-24 10:49:00,65.0628,65.0776,65.048,65.048,4981.0,BUD
2025-04-24 10:48:00,65.0874,65.0874,65.0579,65.0579,1525.0,BUD
2025-04-24 10:47:00,65.0776,65.1071,65.0776,65.1071,3125.0,BUD
2025-04-24 10:46:00,65.1169,65.1169,65.0874,65.0874,2417.0,BUD
2025-04-24 10:45:00,65.1366,65.1415,65.1268,65.1366,1171.0,BUD
2025-04-24 10:44:00,65.1858,65.1957,65.1366,65.1465,2772.0,BUD
2025-04-24 10:43:00,65.1858,65.2055,65.176,65.176,2489.0,BUD
2025-04-24 10:42:00,65.1661,65.1957,65.1661,65.1957,796.0,BUD
2025-04-24 10:41:00,65.1858,65.1858,65.1612,65.1612,669.0,BUD
2025-04-24 10:40:00,65.1957,65.1957,65.1957,65.1957,899.0,BUD
2025-04-24 10:39:00,65.2055,65.2154,65.1858,65.1957,5060.0,BUD
2025-04-24 10:38:00,65.176,65.2055,65.1612,65.1809,2337.0,BUD
2025-04-24 10:37:00,65.1957,65.2055,65.1858,65.1858,2673.0,BUD
2025-04-24 10:36:00,65.1858,65.2055,65.1858,65.1908,1342.0,BUD
2025-04-24 10:35:00,65.1858,65.1858,65.176,65.176,1154.0,BUD
2025-04-24 10:34:00,65.2252,65.2252,65.2055,65.2055,730.0,BUD
2025-04-24 10:33:00,65.2104,65.2252,65.1957,65.2252,650.0,BUD
2025-04-24 10:32:00,65.1957,65.2154,65.1957,65.1957,1237.0,BUD
2025-04-24 10:31:00,65.1563,65.176,65.1465,65.1754,3082.0,BUD
2025-04-24 10:30:00,65.1563,65.1661,65.1563,65.1563,2510.0,BUD
2025-04-24 10:29:00,65.176,65.176,65.1661,65.1661,941.0,BUD
2025-04-24 10:28:00,65.1563,65.1661,65.1563,65.1563,1502.0,BUD
2025-04-24 10:27:00,65.1858,65.1858,65.1563,65.176,1045.0,BUD
2025-04-24 10:26:00,65.1268,65.1563,65.1219,65.1563,4719.0,BUD
2025-04-24 10:25:00,65.0973,65.1135,65.0973,65.112,2181.0,BUD
2025-04-24 10:24:00,65.0825,65.1169,65.0825,65.1071,2714.0,BUD
2025-04-24 10:23:00,65.0726,65.0973,65.0726,65.0874,956.0,BUD
2025-04-24 10:22:00,65.0874,65.0874,65.0579,65.0776,1196.0,BUD
2025-04-24 10:21:00,65.0874,65.0874,65.0874,65.0874,669.0,BUD
2025-04-24 10:20:00,65.1071,65.1169,65.0973,65.0973,1845.0,BUD
2025-04-24 10:19:00,65.0776,65.0776,65.0776,65.0776,682.0,BUD
2025-04-24 10:18:00,65.0825,65.0874,65.0677,65.0677,4127.0,BUD
2025-04-24 10:17:00,65.0382,65.0825,65.0382,65.0776,2518.0,BUD
2025-04-24 10:16:00,65.0431,65.0431,65.0284,65.0284,935.0,BUD
2025-04-24 10:15:00,65.053,65.0628,65.048,65.048,1729.0,BUD
2025-04-24 10:14:00,65.0677,65.0677,65.0677,65.0677,274.0,BUD
2025-04-24 10:13:00,65.084,65.0973,65.0677,65.0677,4609.0,BUD
2025-04-24 10:12:00,65.0973,65.1071,65.0726,65.0973,9038.0,BUD
2025-04-24 10:11:00,65.1366,65.1366,65.0973,65.1071,4303.0,BUD
2025-04-24 10:10:00,65.1268,65.1465,65.1268,65.1465,2971.0,BUD
2025-04-24 10:09:00,65.1366,65.1465,65.1169,65.1366,8347.0,BUD
2025-04-24 10:08:00,65.1465,65.1465,65.1366,65.1366,552.0,BUD
2025-04-24 10:07:00,65.1465,65.1661,65.1169,65.1563,2281.0,BUD
2025-04-24 10:06:00,65.1612,65.1612,65.1366,65.1415,1665.0,BUD
2025-04-24 10:05:00,65.2055,65.2055,65.1661,65.1661,2453.0,BUD
2025-04-24 10:04:00,65.1563,65.1957,65.1563,65.1957,2531.0,BUD
2025-04-24 10:03:00,65.1366,65.1711,65.1366,65.1711,680.0,BUD
2025-04-24 10:02:00,65.1169,65.1317,65.1169,65.1317,1396.0,BUD
2025-04-24 10:01:00,65.1465,65.1465,65.1169,65.1169,3747.0,BUD
2025-04-24 10:00:00,65.1612,65.1957,65.1524,65.1563,1513.0,BUD
2025-04-24 09:59:00,65.1661,65.1661,65.1661,65.1661,577.0,BUD
2025-04-24 09:58:00,65.1563,65.1612,65.1415,65.1415,1678.0,BUD
2025-04-24 09:57:00,65.1661,65.1661,65.1465,65.1661,1100.0,BUD
2025-04-24 09:56:00,65.1661,65.176,65.1661,65.1711,2469.0,BUD
2025-04-24 09:55:00,65.176,65.176,65.176,65.176,1546.0,BUD
2025-04-24 09:54:00,65.176,65.176,65.1465,65.1563,1340.0,BUD
2025-04-24 09:53:00,65.1858,65.1858,65.1711,65.176,2186.0,BUD
2025-04-24 09:52:00,65.176,65.2006,65.1268,65.2006,6345.0,BUD
2025-04-24 09:51:00,65.1465,65.1858,65.1465,65.176,6237.0,BUD
2025-04-24 09:50:00,65.1563,65.1563,65.1366,65.1465,1014.0,BUD
2025-04-24 09:49:00,65.1957,65.1957,65.1957,65.1957,438.0,BUD
2025-04-24 09:48:00,65.1415,65.1957,65.1415,65.1957,6676.0,BUD
2025-04-24 09:47:00,65.1366,65.1465,65.0976,65.1465,6432.0,BUD
2025-04-24 09:46:00,65.1169,65.1366,65.1071,65.1366,3303.0,BUD
2025-04-24 09:45:00,65.1022,65.1465,65.1022,65.1287,1949.0,BUD
2025-04-24 09:44:00,65.1169,65.1169,65.092,65.1071,775.0,BUD
2025-04-24 09:43:00,65.0973,65.1268,65.0874,65.0973,2965.0,BUD
2025-04-24 09:42:00,65.048,65.0874,65.048,65.0874,959.0,BUD
2025-04-24 09:41:00,65.0874,65.0973,65.0431,65.0431,2575.0,BUD
2025-04-24 09:40:00,65.0776,65.112,65.0776,65.112,3092.0,BUD
2025-04-24 09:39:00,64.9791,65.0382,64.9791,65.0382,2797.0,BUD
2025-04-24 09:38:00,65.0382,65.0382,65.0037,65.0037,1491.0,BUD
2025-04-24 09:37:00,65.048,65.048,65.0185,65.0333,1439.0,BUD
2025-04-24 09:36:00,65.0382,65.053,65.0382,65.053,1099.0,BUD
2025-04-24 09:35:00,65.1071,65.1071,65.0382,65.0579,7855.0,BUD
2025-04-24 09:34:00,65.1366,65.1465,65.0874,65.1169,2905.0,BUD
2025-04-24 09:33:00,65.1858,65.2055,65.1465,65.1612,3948.0,BUD
2025-04-24 09:32:00,65.176,65.2055,65.1563,65.1858,8488.0,BUD
2025-04-24 09:31:00,65.2154,65.2252,65.1563,65.2055,15223.0,BUD
2025-04-24 09:30:00,65.3039,65.3335,65.2154,65.2154,26076.0,BUD
2025-04-24 09:29:00,65.2547,65.2744,65.2547,65.2744,1700.0,BUD
2025-04-24 09:27:00,65.2843,65.2843,65.2843,65.2843,5.0,BUD
2025-04-24 09:20:00,65.2055,65.2055,65.2055,65.2055,50.0,BUD
2025-04-24 09:17:00,65.1957,65.1957,65.176,65.176,1100.0,BUD
2025-04-24 09:07:00,65.2154,65.2154,65.2154,65.2154,3.0,BUD
2025-04-24 09:01:00,65.2449,65.2449,65.2449,65.2449,83.0,BUD
2025-04-24 09:00:00,65.2154,65.2449,65.2154,65.2449,1390.0,BUD
2025-04-24 08:48:00,65.2449,65.2449,65.2449,65.2449,16.0,BUD
2025-04-24 08:37:00,65.2055,65.2449,65.1957,65.2449,1292.0,BUD
2025-04-24 08:26:00,65.0776,65.0776,65.0776,65.0776,45.0,BUD
2025-04-24 08:24:00,65.0579,65.0973,65.0579,65.0874,701.0,BUD
2025-04-24 08:16:00,65.1678,65.1678,65.1678,65.1678,300.0,BUD
2025-04-24 08:02:00,65.176,65.176,65.176,65.176,1.0,BUD
2025-04-24 08:00:00,65.235,65.293,65.2154,65.2154,403.0,BUD
2025-04-24 07:38:00,65.2646,65.2646,65.2646,65.2646,8.0,BUD
2025-04-24 07:31:00,65.2646,65.2646,65.2646,65.2646,100.0,BUD
2025-04-24 07:15:00,65.2547,65.2547,65.2547,65.2547,100.0,BUD
2025-04-24 06:50:00,65.3827,65.3827,65.3827,65.3827,100.0,BUD
2025-04-24 05:43:00,65.3236,65.3236,65.3236,65.3236,100.0,BUD
2025-04-24 04:56:00,65.2547,65.2547,65.2547,65.2547,45.0,BUD
2025-04-24 04:48:00,65.2055,65.2055,65.1957,65.1957,750.0,BUD
2025-04-24 04:47:00,65.2055,65.235,65.1957,65.235,445.0,BUD
2025-04-24 04:07:00,65.2547,65.2547,65.2547,65.2547,69.0,BUD
2025-04-24 04:01:00,65.3138,65.3236,65.3138,65.3236,465.0,BUD
2025-04-24 04:00:00,65.2744,65.2744,65.2547,65.2547,2002.0,BUD
2025-04-23 19:55:00,65.2547,65.2547,65.2547,65.2547,27.0,BUD
2025-04-23 19:12:00,64.9595,64.9595,64.9595,64.9595,1.0,BUD
2025-04-23 19:00:00,65.176,65.176,65.176,65.176,105980.0,BUD
2025-04-23 18:48:00,64.428,65.0579,64.428,65.0579,208.0,BUD
2025-04-23 18:46:00,65.0973,65.0973,65.0973,65.0973,10.0,BUD
2025-04-23 18:42:00,65.1465,65.1465,65.1465,65.1465,10.0,BUD
2025-04-23 18:30:00,65.176,65.176,65.176,65.176,105980.0,BUD
2025-04-23 18:24:00,65.2547,65.2547,65.2547,65.2547,4.0,BUD
2025-04-23 17:46:00,64.4181,64.4181,64.4181,64.4181,1.0,BUD
2025-04-23 17:29:00,65.2338,65.2547,65.2338,65.2547,2.0,BUD
2025-04-23 16:34:00,65.176,65.176,65.176,65.176,409.0,BUD
2025-04-23 16:32:00,64.428,64.428,64.428,64.428,1.0,BUD
2025-04-23 16:14:00,63.6209,63.6209,63.6209,63.6209,1.0,BUD
2025-04-23 16:12:00,65.2547,65.2547,65.2546,65.2546,14.0,BUD
2025-04-23 16:10:00,65.176,65.176,65.176,65.176,105980.0,BUD
2025-04-23 16:05:00,65.176,65.176,65.176,65.176,8.0,BUD
2025-04-23 16:03:00,64.428,64.428,64.428,64.428,2.0,BUD
2025-04-23 16:00:00,65.176,65.176,65.1612,65.176,231280.0,BUD
2025-04-23 15:59:00,65.1317,65.1809,65.1268,65.176,24421.0,BUD
2025-04-23 15:58:00,65.1366,65.1465,65.1268,65.1317,24757.0,BUD
2025-04-23 15:57:00,65.1169,65.1415,65.1169,65.1415,18322.0,BUD
2025-04-23 15:56:00,65.0973,65.1268,65.0973,65.1169,17572.0,BUD
2025-04-23 15:55:00,65.0973,65.1022,65.048,65.0973,15210.0,BUD
2025-04-23 15:54:00,65.0677,65.1169,65.048,65.1071,11678.0,BUD
2025-04-23 15:53:00,65.0579,65.0923,65.048,65.0776,13175.0,BUD
2025-04-23 15:52:00,65.0087,65.048,65.0037,65.048,7242.0,BUD
2025-04-23 15:51:00,65.0382,65.048,65.0087,65.0087,10545.0,BUD
2025-04-23 15:50:00,64.9791,65.0284,64.9595,65.0284,19401.0,BUD
2025-04-23 15:49:00,64.9791,64.9791,64.9595,64.9791,6516.0,BUD
2025-04-23 15:48:00,64.9841,64.9988,64.9693,64.9791,5876.0,BUD
2025-04-23 15:47:00,64.9791,64.9939,64.9791,64.9791,4536.0,BUD
2025-04-23 15:46:00,64.9791,64.9791,64.9447,64.9791,7610.0,BUD
2025-04-23 15:45:00,64.9398,64.9693,64.9398,64.9693,4048.0,BUD
2025-04-23 15:44:00,64.9053,64.9299,64.8807,64.9154,7275.0,BUD
2025-04-23 15:43:00,64.8906,64.9053,64.8906,64.9053,1606.0,BUD
2025-04-23 15:42:00,64.8709,64.9201,64.8709,64.9004,6141.0,BUD
2025-04-23 15:41:00,64.8807,64.9004,64.8807,64.8807,3629.0,BUD
2025-04-23 15:40:00,64.8758,64.9102,64.8709,64.8807,5093.0,BUD
2025-04-23 15:39:00,64.8758,64.8807,64.8613,64.8807,5078.0,BUD
2025-04-23 15:38:00,64.8906,64.8906,64.8709,64.8758,6066.0,BUD
2025-04-23 15:37:00,64.861,64.8807,64.861,64.8709,4686.0,BUD
2025-04-23 15:36:00,64.802,64.8414,64.7971,64.8414,4478.0,BUD
2025-04-23 15:35:00,64.8414,64.8414,64.802,64.802,1550.0,BUD
2025-04-23 15:34:00,64.8906,64.8906,64.8364,64.8414,4682.0,BUD
2025-04-23 15:33:00,64.9102,64.9102,64.8709,64.9004,4561.0,BUD
2025-04-23 15:32:00,64.9201,64.9299,64.9201,64.9201,2011.0,BUD
2025-04-23 15:31:00,64.9004,64.9201,64.9004,64.9201,4099.0,BUD
2025-04-23 15:30:00,64.9004,64.9102,64.8807,64.9004,32411.0,BUD
2025-04-23 15:29:00,64.8906,64.9102,64.8807,64.9004,2289.0,BUD
2025-04-23 15:28:00,64.9398,64.9595,64.9152,64.9152,5278.0,BUD
2025-04-23 15:27:00,64.9201,64.925,64.9004,64.925,6144.0,BUD
2025-04-23 15:26:00,64.9004,64.9299,64.9004,64.9201,2048.0,BUD
2025-04-23 15:25:00,64.8856,64.9102,64.8856,64.9102,4026.0,BUD
2025-04-23 15:24:00,64.8906,64.9004,64.8709,64.8906,3321.0,BUD
2025-04-23 15:23:00,64.9102,64.9102,64.8856,64.8856,1448.0,BUD
2025-04-23 15:22:00,64.9299,64.9299,64.9004,64.9004,1822.0,BUD
2025-04-23 15:21:00,64.8906,64.8906,64.8816,64.8816,947.0,BUD
2025-04-23 15:20:00,64.8709,64.9004,64.8709,64.9004,2490.0,BUD
2025-04-23 15:19:00,64.8955,64.8955,64.8709,64.8709,2285.0,BUD
2025-04-23 15:18:00,64.874,64.8906,64.861,64.8906,2786.0,BUD
2025-04-23 15:17:00,64.8709,64.8906,64.8634,64.8807,2131.0,BUD
2025-04-23 15:16:00,64.8807,64.8807,64.8512,64.8512,2667.0,BUD
2025-04-23 15:14:00,64.8414,64.8512,64.8414,64.8512,797.0,BUD
2025-04-23 15:13:00,64.8217,64.8414,64.8217,64.8315,1778.0,BUD
2025-04-23 15:12:00,64.8414,64.8414,64.8364,64.8364,1076.0,BUD
2025-04-23 15:11:00,64.8167,64.861,64.8167,64.8512,3951.0,BUD
2025-04-23 15:10:00,64.7921,64.8217,64.7921,64.8217,1173.0,BUD
2025-04-23 15:09:00,64.7823,64.7823,64.7725,64.7823,1823.0,BUD
2025-04-23 15:08:00,64.7921,64.7921,64.7921,64.7921,297.0,BUD
2025-04-23 15:07:00,64.7725,64.7823,64.7725,64.7823,1511.0,BUD
2025-04-23 15:06:00,64.7872,64.8217,64.7823,64.7921,3275.0,BUD
2025-04-23 15:05:00,64.7823,64.7921,64.7823,64.7921,1385.0,BUD
2025-04-23 15:04:00,64.7921,64.802,64.7528,64.7725,3721.0,BUD
2025-04-23 15:03:00,64.8217,64.8217,64.7823,64.7823,1388.0,BUD
2025-04-23 15:02:00,64.8414,64.8414,64.8217,64.8217,1812.0,BUD
2025-04-23 15:01:00,64.861,64.8709,64.8512,64.8709,809.0,BUD
2025-04-23 15:00:00,64.8217,64.861,64.8118,64.8512,4134.0,BUD
2025-04-23 14:59:00,64.861,64.861,64.8217,64.8217,1238.0,BUD
2025-04-23 14:58:00,64.8709,64.8709,64.8709,64.8709,386.0,BUD
2025-04-23 14:57:00,64.861,64.8709,64.8463,64.866,2545.0,BUD
2025-04-23 14:56:00,64.8561,64.8758,64.8561,64.8758,1987.0,BUD
2025-04-23 14:55:00,64.8315,64.8512,64.8315,64.8512,1590.0,BUD
2025-04-23 14:54:00,64.8217,64.8217,64.8217,64.8217,564.0,BUD
2025-04-23 14:53:00,64.8512,64.8512,64.8414,64.8414,1835.0,BUD
2025-04-23 14:52:00,64.8414,64.8512,64.8315,64.8512,1323.0,BUD
2025-04-23 14:51:00,64.8414,64.8414,64.8414,64.8414,736.0,BUD
2025-04-23 14:50:00,64.8217,64.8315,64.8118,64.8315,1368.0,BUD
2025-04-23 14:49:00,64.8266,64.8414,64.8266,64.8414,1438.0,BUD
2025-04-23 14:48:00,64.8414,64.8414,64.8315,64.8315,1138.0,BUD
2025-04-23 14:47:00,64.8315,64.8315,64.8266,64.8266,1146.0,BUD
2025-04-23 14:46:00,64.8414,64.8414,64.802,64.8118,3446.0,BUD
2025-04-23 14:45:00,64.8118,64.8217,64.8118,64.8217,3202.0,BUD
2025-04-23 14:44:00,64.8364,64.8512,64.8364,64.8512,1138.0,BUD
2025-04-23 14:43:00,64.8414,64.8414,64.8414,64.8414,916.0,BUD
2025-04-23 14:42:00,64.8414,64.8758,64.8414,64.8758,1633.0,BUD
2025-04-23 14:41:00,64.8512,64.8512,64.8512,64.8512,1053.0,BUD
2025-04-23 14:40:00,64.9004,64.9004,64.8709,64.8856,1674.0,BUD
2025-04-23 14:39:00,64.8758,64.9004,64.8758,64.9004,1518.0,BUD
2025-04-23 14:38:00,64.8512,64.8807,64.8463,64.8758,2554.0,BUD
2025-04-23 14:37:00,64.8906,64.9004,64.861,64.866,3100.0,BUD
2025-04-23 14:36:00,64.8758,64.8758,64.8758,64.8758,465.0,BUD
2025-04-23 14:35:00,64.8758,64.8758,64.861,64.861,1559.0,BUD
2025-04-23 14:34:00,64.8906,64.8906,64.861,64.8758,1482.0,BUD
2025-04-23 14:33:00,64.9102,64.9102,64.8709,64.9004,3887.0,BUD
2025-04-23 14:32:00,64.9102,64.9398,64.9102,64.9398,2813.0,BUD
2025-04-23 14:31:00,64.8545,64.8906,64.8545,64.8906,1101.0,BUD
2025-04-23 14:30:00,64.861,64.8906,64.8512,64.8709,3638.0,BUD
2025-04-23 14:29:00,64.9004,64.9004,64.8512,64.8512,1814.0,BUD
2025-04-23 14:28:00,64.8748,64.8748,64.8748,64.8748,989.0,BUD
2025-04-23 14:27:00,64.8858,64.8906,64.8858,64.8906,741.0,BUD
2025-04-23 14:26:00,64.9201,64.9201,64.8807,64.8807,2479.0,BUD
2025-04-23 14:25:00,64.925,64.925,64.9004,64.9004,938.0,BUD
2025-04-23 14:24:00,64.9102,64.9299,64.9102,64.9201,1234.0,BUD
2025-04-23 14:23:00,64.9791,64.9791,64.9398,64.9398,2165.0,BUD
2025-04-23 14:22:00,65.0037,65.0087,64.9841,64.9841,1637.0,BUD
2025-04-23 14:21:00,65.0087,65.0087,65.0087,65.0087,477.0,BUD
2025-04-23 14:20:00,64.9841,65.0136,64.9721,65.0136,6787.0,BUD
2025-04-23 14:19:00,64.9791,64.9841,64.9739,64.9739,1507.0,BUD
2025-04-23 14:18:00,64.9693,64.9791,64.9595,64.9595,855.0,BUD
2025-04-23 14:17:00,64.9988,65.0085,64.9738,64.9738,3064.0,BUD
2025-04-23 14:16:00,64.9988,65.0284,64.9988,65.0087,2976.0,BUD
2025-04-23 14:15:00,64.9496,64.9595,64.9496,64.9595,661.0,BUD
2025-04-23 14:14:00,64.9791,64.9791,64.9201,64.9349,2823.0,BUD
2025-04-23 14:13:00,64.9791,64.9791,64.9791,64.9791,143.0,BUD
2025-04-23 14:12:00,64.9842,64.9842,64.9693,64.9791,1211.0,BUD
2025-04-23 14:11:00,64.9595,64.9841,64.9595,64.9693,3243.0,BUD
2025-04-23 14:10:00,64.9595,64.9595,64.9595,64.9595,187.0,BUD
2025-04-23 14:09:00,64.9398,64.9398,64.9398,64.9398,737.0,BUD
2025-04-23 14:08:00,64.9349,64.9447,64.9349,64.9447,1337.0,BUD
2025-04-23 14:07:00,64.9299,64.9299,64.9201,64.9201,524.0,BUD
2025-04-23 14:06:00,64.9398,64.9398,64.9299,64.9299,1461.0,BUD
2025-04-23 14:05:00,64.9398,64.9545,64.9398,64.9545,414.0,BUD
2025-04-23 14:04:00,64.9004,64.9398,64.9004,64.9398,1691.0,BUD
2025-04-23 14:03:00,64.9201,64.9201,64.8709,64.8807,4387.0,BUD
2025-04-23 14:02:00,64.9496,64.9496,64.9299,64.9299,1149.0,BUD
2025-04-23 14:01:00,64.9644,64.9693,64.9595,64.9595,1513.0,BUD
2025-04-23 14:00:00,64.9496,64.9496,64.9496,64.9496,1046.0,BUD
2025-04-23 13:59:00,64.9398,64.9398,64.9299,64.9299,372.0,BUD
2025-04-23 13:58:00,64.9595,64.9693,64.9398,64.9398,1424.0,BUD
2025-04-23 13:57:00,64.9447,64.9595,64.9447,64.9595,913.0,BUD
2025-04-23 13:56:00,64.9398,64.9592,64.9398,64.9592,872.0,BUD
2025-04-23 13:55:00,64.9201,64.9201,64.9201,64.9201,438.0,BUD
2025-04-23 13:54:00,64.9201,64.9496,64.9201,64.9496,1082.0,BUD
2025-04-23 13:53:00,64.8709,64.9004,64.861,64.8906,3075.0,BUD
2025-04-23 13:52:00,64.8709,64.8807,64.8709,64.8807,761.0,BUD
2025-04-23 13:51:00,64.8709,64.8709,64.861,64.866,1416.0,BUD
2025-04-23 13:50:00,64.8709,64.8709,64.8709,64.8709,917.0,BUD
2025-04-23 13:49:00,64.861,64.8809,64.861,64.8709,1791.0,BUD
2025-04-23 13:47:00,64.8807,64.8807,64.8315,64.8512,2832.0,BUD
2025-04-23 13:46:00,64.8807,64.8906,64.8807,64.8906,999.0,BUD
2025-04-23 13:45:00,64.8807,64.8906,64.8709,64.8709,1073.0,BUD
2025-04-23 13:44:00,64.861,64.8709,64.861,64.8709,1041.0,BUD
2025-04-23 13:43:00,64.8561,64.8561,64.8414,64.8512,1412.0,BUD
2025-04-23 13:42:00,64.8561,64.8708,64.8512,64.8708,1309.0,BUD
2025-04-23 13:41:00,64.8364,64.9004,64.8364,64.861,10271.0,BUD
2025-04-23 13:40:00,64.866,64.8758,64.8414,64.8414,4843.0,BUD
2025-04-23 13:38:00,64.8167,64.8512,64.8167,64.8463,2870.0,BUD
2025-04-23 13:37:00,64.8512,64.8512,64.8217,64.8217,1700.0,BUD
2025-04-23 13:35:00,64.8807,64.8906,64.861,64.861,2087.0,BUD
2025-04-23 13:34:00,64.866,64.8806,64.8512,64.8806,3366.0,BUD
2025-04-23 13:33:00,64.8955,64.8955,64.8807,64.8807,1549.0,BUD
2025-04-23 13:32:00,64.8906,64.8906,64.8906,64.8906,931.0,BUD
2025-04-23 13:31:00,64.9201,64.9201,64.9004,64.9004,1118.0,BUD
2025-04-23 13:30:00,64.9004,64.9201,64.8906,64.9004,4694.0,BUD
2025-04-23 13:29:00,64.9299,64.9299,64.8807,64.8807,1350.0,BUD
2025-04-23 13:28:00,64.9693,64.9693,64.9447,64.9447,1119.0,BUD
2025-04-23 13:27:00,64.9691,64.9841,64.9691,64.9841,1133.0,BUD
2025-04-23 13:26:00,64.9496,64.9693,64.9496,64.9595,3056.0,BUD
2025-04-23 13:25:00,64.925,64.9398,64.925,64.9398,1328.0,BUD
2025-04-23 13:24:00,64.9102,64.9299,64.9102,64.9208,1449.0,BUD
2025-04-23 13:23:00,64.925,64.9299,64.8906,64.8906,4922.0,BUD
2025-04-23 13:22:00,64.9398,64.9398,64.9201,64.925,2726.0,BUD
2025-04-23 13:21:00,64.9545,64.9693,64.9545,64.9693,541.0,BUD
2025-04-23 13:20:00,64.9693,64.989,64.9693,64.989,2090.0,BUD
2025-04-23 13:19:00,64.9791,64.9791,64.9693,64.9693,1501.0,BUD
2025-04-23 13:18:00,64.9693,64.9791,64.9693,64.9791,384.0,BUD
2025-04-23 13:17:00,64.989,64.989,64.9496,64.9496,2310.0,BUD
2025-04-23 13:16:00,64.9858,65.0284,64.9841,65.0087,2446.0,BUD
2025-04-23 13:15:00,65.0037,65.0185,64.9841,64.9841,8304.0,BUD
2025-04-23 13:13:00,65.0185,65.0185,64.989,64.989,1343.0,BUD
2025-04-23 13:11:00,65.0185,65.0185,65.0185,65.0185,358.0,BUD
2025-04-23 13:10:00,65.0284,65.0284,65.0185,65.0185,1213.0,BUD
2025-04-23 13:09:00,65.0185,65.0185,64.9988,64.9988,1171.0,BUD
2025-04-23 13:07:00,64.989,65.0087,64.989,64.9988,1600.0,BUD
2025-04-23 13:06:00,64.9791,64.9988,64.9791,64.9988,766.0,BUD
2025-04-23 13:05:00,64.9816,64.9816,64.9816,64.9816,417.0,BUD
2025-04-23 13:04:00,64.9398,64.9595,64.9398,64.9595,1044.0,BUD
2025-04-23 13:03:00,64.9201,64.9595,64.9201,64.9595,1330.0,BUD
2025-04-23 13:02:00,64.9299,64.9398,64.9299,64.9299,2683.0,BUD
2025-04-23 13:01:00,64.9102,64.9299,64.8906,64.9102,2503.0,BUD
2025-04-23 13:00:00,64.9496,64.9496,64.8315,64.9004,4232.0,BUD
2025-04-23 12:58:00,64.9398,64.9398,64.9349,64.9349,1332.0,BUD
2025-04-23 12:57:00,64.9102,64.9398,64.9102,64.9398,1257.0,BUD
2025-04-23 12:55:00,64.8807,64.9102,64.8807,64.9102,702.0,BUD
2025-04-23 12:54:00,64.8807,64.8807,64.866,64.866,1138.0,BUD
2025-04-23 12:52:00,64.8807,64.8807,64.8807,64.8807,390.0,BUD
2025-04-23 12:51:00,64.8709,64.8807,64.8709,64.8807,490.0,BUD
2025-04-23 12:50:00,64.8807,64.8807,64.8217,64.8414,1205.0,BUD
2025-04-23 12:49:00,64.9201,64.925,64.9201,64.925,1320.0,BUD
2025-04-23 12:48:00,64.9299,64.9299,64.9299,64.9299,1107.0,BUD
2025-04-23 12:46:00,64.9595,64.9595,64.9496,64.9496,377.0,BUD
2025-04-23 12:45:00,64.9545,64.9791,64.9545,64.9791,810.0,BUD
2025-04-23 12:44:00,64.9693,64.9693,64.9693,64.9693,707.0,BUD
2025-04-23 12:43:00,64.9693,64.989,64.9398,64.989,1298.0,BUD
2025-04-23 12:42:00,64.9299,64.9595,64.9299,64.9595,1623.0,BUD
2025-04-23 12:41:00,64.9274,64.9274,64.9274,64.9274,497.0,BUD
2025-04-23 12:40:00,64.9791,64.9791,64.9496,64.9496,1561.0,BUD
2025-04-23 12:39:00,64.9693,64.989,64.9693,64.989,851.0,BUD
2025-04-23 12:38:00,64.989,64.989,64.9791,64.9791,1642.0,BUD
2025-04-23 12:37:00,64.9791,65.0284,64.9496,65.0284,10677.0,BUD
2025-04-23 12:36:00,64.9398,64.989,64.9398,64.989,836.0,BUD
2025-04-23 12:35:00,64.9398,64.9595,64.9398,64.9398,2838.0,BUD
2025-04-23 12:34:00,64.9349,64.9545,64.9349,64.9545,804.0,BUD
2025-04-23 12:32:00,64.9004,64.9102,64.9004,64.9102,1704.0,BUD
2025-04-23 12:31:00,64.9398,64.9398,64.9201,64.9201,791.0,BUD
2025-04-23 12:30:00,64.9693,64.9742,64.9441,64.9441,4145.0,BUD
2025-04-23 12:29:00,64.8873,64.9742,64.8873,64.9693,3780.0,BUD
2025-04-23 12:28:00,64.8709,64.9299,64.8709,64.9102,2265.0,BUD
2025-04-23 12:27:00,64.8709,64.8709,64.8414,64.8414,1115.0,BUD
2025-04-23 12:26:00,64.8709,64.8709,64.8512,64.8709,342.0,BUD
2025-04-23 12:25:00,64.861,64.861,64.8512,64.861,839.0,BUD
2025-04-23 12:24:00,64.8709,64.8709,64.8709,64.8709,1350.0,BUD
2025-04-23 12:23:00,64.8709,64.8906,64.8709,64.8807,1219.0,BUD
2025-04-23 12:22:00,64.8709,64.8709,64.8709,64.8709,1129.0,BUD
2025-04-23 12:21:00,64.8807,64.8807,64.8807,64.8807,694.0,BUD
2025-04-23 12:20:00,64.9102,64.9102,64.8709,64.8867,3967.0,BUD
2025-04-23 12:18:00,65.0185,65.0185,64.9496,64.9496,5872.0,BUD
2025-04-23 12:17:00,65.0087,65.0185,65.0087,65.0185,1046.0,BUD
2025-04-23 12:15:00,65.0087,65.0087,65.0087,65.0087,721.0,BUD
2025-04-23 12:14:00,65.0825,65.0825,65.048,65.048,1388.0,BUD
2025-04-23 12:13:00,65.0776,65.0825,65.0776,65.0825,485.0,BUD
2025-04-23 12:12:00,65.1071,65.1071,65.0677,65.0677,1982.0,BUD
2025-04-23 12:11:00,65.1268,65.1268,65.1268,65.1268,455.0,BUD
2025-04-23 12:10:00,65.1071,65.1071,65.0874,65.0874,1200.0,BUD
2025-04-23 12:08:00,65.1169,65.1169,65.0851,65.1022,1299.0,BUD
2025-04-23 12:07:00,65.1219,65.1268,65.1219,65.1268,842.0,BUD
2025-04-23 12:06:00,65.1661,65.1661,65.1366,65.1366,1070.0,BUD
2025-04-23 12:05:00,65.1858,65.1858,65.1858,65.1858,313.0,BUD
2025-04-23 12:04:00,65.176,65.176,65.1612,65.1612,536.0,BUD
2025-04-23 12:03:00,65.1957,65.2449,65.176,65.176,3468.0,BUD
2025-04-23 12:02:00,65.1209,65.176,65.1209,65.176,788.0,BUD
2025-04-23 12:01:00,65.1071,65.1465,65.1071,65.1366,1920.0,BUD
2025-04-23 12:00:00,65.1465,65.1465,65.1465,65.1465,1084.0,BUD
2025-04-23 11:59:00,65.1465,65.1465,65.1465,65.1465,599.0,BUD
2025-04-23 11:57:00,65.1268,65.1268,65.1169,65.1169,878.0,BUD
2025-04-23 11:56:00,65.1366,65.1465,65.1317,65.1465,728.0,BUD
2025-04-23 11:55:00,65.0973,65.1169,65.0825,65.1169,1615.0,BUD
2025-04-23 11:54:00,65.0776,65.0776,65.0776,65.0776,606.0,BUD
2025-04-23 11:53:00,65.053,65.0776,65.0298,65.048,806.0,BUD
2025-04-23 11:52:00,65.0973,65.0973,65.0973,65.0973,571.0,BUD
2025-04-23 11:51:00,65.0973,65.1169,65.0973,65.1169,1314.0,BUD
2025-04-23 11:50:00,65.0776,65.0776,65.0776,65.0776,532.0,BUD
2025-04-23 11:49:00,65.0973,65.1022,65.0776,65.0776,3690.0,BUD
2025-04-23 11:48:00,65.1022,65.1022,65.0677,65.0677,1584.0,BUD
2025-04-23 11:47:00,65.1465,65.1465,65.1219,65.1219,1329.0,BUD
2025-04-23 11:46:00,65.1563,65.1661,65.1465,65.1465,878.0,BUD
2025-04-23 11:45:00,65.1169,65.1317,65.1071,65.1317,3307.0,BUD
2025-04-23 11:44:00,65.1071,65.1071,65.1022,65.1022,1739.0,BUD
2025-04-23 11:43:00,65.1661,65.1661,65.1268,65.1268,1628.0,BUD
2025-04-23 11:42:00,65.1661,65.1661,65.1563,65.1563,669.0,BUD
2025-04-23 11:41:00,65.176,65.176,65.176,65.176,684.0,BUD
2025-04-23 11:40:00,65.1366,65.176,65.1366,65.1661,5759.0,BUD
2025-04-23 11:39:00,65.1664,65.1664,65.1465,65.1563,1895.0,BUD
2025-04-23 11:38:00,65.1465,65.1612,65.1071,65.1465,3106.0,BUD
2025-04-23 11:37:00,65.1219,65.1268,65.1219,65.1268,904.0,BUD
2025-04-23 11:36:00,65.1612,65.1957,65.1465,65.1661,2729.0,BUD
2025-04-23 11:35:00,65.1071,65.1563,65.1071,65.1563,20667.0,BUD
2025-04-23 11:34:00,64.9496,65.1465,64.9496,65.1071,67575.0,BUD
2025-04-23 11:33:00,64.9201,64.9299,64.9102,64.9299,5290.0,BUD
2025-04-23 11:32:00,64.9496,64.9496,64.9299,64.9299,585.0,BUD
2025-04-23 11:31:00,64.9595,64.989,64.9496,64.9496,2326.0,BUD
2025-04-23 11:30:00,64.9545,64.9545,64.9398,64.9398,2970.0,BUD
2025-04-23 11:29:00,64.9201,64.9496,64.9174,64.9398,2651.0,BUD
2025-04-23 11:28:00,64.861,64.9201,64.861,64.9102,2379.0,BUD
2025-04-23 11:27:00,64.8709,64.8709,64.861,64.861,1517.0,BUD
2025-04-23 11:26:00,64.9102,64.9102,64.8315,64.8709,6225.0,BUD
2025-04-23 11:25:00,64.8266,64.8931,64.8266,64.8931,1890.0,BUD
2025-04-23 11:24:00,64.8315,64.84,64.7823,64.8315,7081.0,BUD
2025-04-23 11:23:00,64.8709,64.8709,64.7626,64.8374,19989.0,BUD
2025-04-23 11:22:00,64.8414,64.8807,64.8414,64.8807,798.0,BUD
2025-04-23 11:21:00,64.8315,64.8315,64.802,64.8315,1160.0,BUD
2025-04-23 11:20:00,64.8118,64.8364,64.8118,64.8364,1014.0,BUD
2025-04-23 11:19:00,64.8315,64.8315,64.8217,64.8315,1135.0,BUD
2025-04-23 11:18:00,64.8315,64.8512,64.8266,64.8364,1576.0,BUD
2025-04-23 11:17:00,64.8364,64.8512,64.8315,64.8315,1268.0,BUD
2025-04-23 11:16:00,64.8512,64.861,64.8463,64.861,1187.0,BUD
2025-04-23 11:15:00,64.8709,64.9102,64.8709,64.8709,1778.0,BUD
2025-04-23 11:14:00,64.9004,64.9004,64.8709,64.8709,6509.0,BUD
2025-04-23 11:13:00,64.9299,64.9398,64.8906,64.9152,7558.0,BUD
2025-04-23 11:12:00,64.9299,64.9398,64.9201,64.9201,1007.0,BUD
2025-04-23 11:11:00,64.9299,64.9398,64.9102,64.9398,2422.0,BUD
2025-04-23 11:10:00,64.9496,64.9496,64.9102,64.9201,2063.0,BUD
2025-04-23 11:09:00,64.9644,64.9644,64.9496,64.9496,679.0,BUD
2025-04-23 11:08:00,65.0284,65.0284,64.9791,64.9791,1017.0,BUD
2025-04-23 11:07:00,65.0234,65.0382,65.0234,65.0382,750.0,BUD
2025-04-23 11:06:00,65.0185,65.0185,64.989,64.989,821.0,BUD
2025-04-23 11:05:00,64.9951,65.0284,64.9951,65.0284,1125.0,BUD
2025-04-23 11:04:00,64.9299,64.9742,64.9299,64.9742,1106.0,BUD
2025-04-23 11:03:00,64.9398,64.9595,64.9398,64.9595,1311.0,BUD
2025-04-23 11:02:00,64.9299,64.9398,64.9299,64.9299,2974.0,BUD
2025-04-23 11:01:00,64.9496,65.0382,64.9299,64.9988,5464.0,BUD
2025-04-23 11:00:00,65.0185,65.0185,64.9004,64.9595,5942.0,BUD
2025-04-23 10:59:00,65.0087,65.0284,65.0087,65.0284,1489.0,BUD
2025-04-23 10:58:00,65.0333,65.0333,65.0185,65.0185,888.0,BUD
2025-04-23 10:57:00,65.0677,65.1219,65.0579,65.0579,3871.0,BUD
2025-04-23 10:56:00,65.0776,65.0776,65.0726,65.0726,854.0,BUD
2025-04-23 10:55:00,65.048,65.1022,65.0284,65.0726,3818.0,BUD
2025-04-23 10:54:00,65.0382,65.0382,65.0284,65.0284,3383.0,BUD
2025-04-23 10:53:00,65.0579,65.0579,65.0431,65.0431,2588.0,BUD
2025-04-23 10:52:00,65.0923,65.0973,65.0677,65.0677,2502.0,BUD
2025-04-23 10:51:00,65.0284,65.0923,65.0284,65.0923,2900.0,BUD
2025-04-23 10:50:00,65.1169,65.1169,65.0382,65.0382,2393.0,BUD
2025-04-23 10:49:00,65.1465,65.1465,65.1415,65.1415,1156.0,BUD
2025-04-23 10:48:00,65.1612,65.1661,65.1465,65.1612,1714.0,BUD
2025-04-23 10:47:00,65.0973,65.1661,65.0973,65.1661,1149.0,BUD
2025-04-23 10:46:00,65.1415,65.1415,65.0973,65.0973,1447.0,BUD
2025-04-23 10:45:00,65.1366,65.1661,65.1317,65.1366,1621.0,BUD
2025-04-23 10:44:00,65.1169,65.1317,65.1071,65.1268,3806.0,BUD
2025-04-23 10:43:00,65.1366,65.1366,65.1366,65.1366,383.0,BUD
2025-04-23 10:42:00,65.0973,65.1268,65.0848,65.1268,3685.0,BUD
2025-04-23 10:41:00,65.1071,65.1071,65.1071,65.1071,788.0,BUD
2025-04-23 10:40:00,65.1366,65.1366,65.1268,65.1366,1378.0,BUD
2025-04-23 10:39:00,65.1465,65.1612,65.1366,65.1563,1162.0,BUD
2025-04-23 10:38:00,65.1563,65.1661,65.1563,65.1661,617.0,BUD
2025-04-23 10:37:00,65.1563,65.1563,65.1465,65.1563,3654.0,BUD
2025-04-23 10:36:00,65.1071,65.1366,65.0874,65.1366,3036.0,BUD
2025-04-23 10:35:00,65.1514,65.1514,65.112,65.1268,1345.0,BUD
2025-04-23 10:34:00,65.1661,65.1784,65.1462,65.1462,6994.0,BUD
2025-04-23 10:33:00,65.1465,65.1465,65.1465,65.1465,990.0,BUD
2025-04-23 10:32:00,65.1711,65.1896,65.1612,65.1612,1108.0,BUD
2025-04-23 10:31:00,65.1858,65.1858,65.1366,65.1366,1752.0,BUD
2025-04-23 10:30:00,65.1169,65.2055,65.1169,65.2055,3829.0,BUD
2025-04-23 10:28:00,65.0677,65.1071,65.0677,65.0825,6675.0,BUD
2025-04-23 10:27:00,65.0776,65.1268,65.0776,65.0874,5580.0,BUD
2025-04-23 10:26:00,65.1268,65.1268,65.0776,65.0776,3401.0,BUD
2025-04-23 10:25:00,65.1015,65.1465,65.1015,65.1169,1177.0,BUD
2025-04-23 10:24:00,65.0726,65.0726,65.0726,65.0726,556.0,BUD
2025-04-23 10:23:00,65.0579,65.0825,65.048,65.0825,3349.0,BUD
2025-04-23 10:22:00,65.0284,65.0382,65.0185,65.0382,851.0,BUD
2025-04-23 10:21:00,65.0382,65.0579,65.0382,65.0579,2992.0,BUD
2025-04-23 10:20:00,65.0087,65.0185,64.9703,65.0185,2926.0,BUD
2025-04-23 10:19:00,64.989,65.0079,64.989,65.0079,787.0,BUD
2025-04-23 10:18:00,64.9496,64.9693,64.9374,64.9693,816.0,BUD
2025-04-23 10:17:00,64.9595,64.9693,64.9447,64.9693,1684.0,BUD
2025-04-23 10:16:00,65.0284,65.0284,64.9644,64.9644,3792.0,BUD
2025-04-23 10:15:00,65.0726,65.0776,65.0284,65.0284,1481.0,BUD
2025-04-23 10:14:00,65.0874,65.0874,65.0579,65.0579,1213.0,BUD
2025-04-23 10:13:00,65.1563,65.1563,65.0874,65.0874,2499.0,BUD
2025-04-23 10:12:00,65.1465,65.176,65.1465,65.176,836.0,BUD
2025-04-23 10:11:00,65.0874,65.0874,65.0874,65.0874,903.0,BUD
2025-04-23 10:10:00,65.0677,65.1465,65.0677,65.1465,1673.0,BUD
2025-04-23 10:09:00,65.112,65.1268,65.0776,65.1268,4278.0,BUD
2025-04-23 10:08:00,65.0874,65.1465,65.0874,65.1268,997.0,BUD
2025-04-23 10:07:00,65.107,65.1465,65.0973,65.0973,4212.0,BUD
2025-04-23 10:06:00,65.0677,65.1071,64.9988,65.1071,3536.0,BUD
2025-04-23 10:05:00,64.9201,65.0579,64.9201,65.0382,6736.0,BUD
2025-04-23 10:04:00,64.9299,64.9398,64.9004,64.9152,4647.0,BUD
2025-04-23 10:03:00,64.9398,64.9595,64.9398,64.9398,4182.0,BUD
2025-04-23 10:02:00,64.8856,64.9102,64.8315,64.9102,3383.0,BUD
2025-04-23 10:01:00,64.8414,64.9004,64.8414,64.9004,3990.0,BUD
2025-04-23 10:00:00,64.9004,64.9841,64.7823,64.8709,24361.0,BUD
2025-04-23 09:59:00,64.9201,64.9201,64.9004,64.9004,1120.0,BUD
2025-04-23 09:58:00,64.9595,65.0136,64.9595,64.9595,6270.0,BUD
2025-04-23 09:57:00,64.9398,64.9496,64.9299,64.9496,6031.0,BUD
2025-04-23 09:56:00,64.9299,64.9496,64.9053,64.9182,2141.0,BUD
2025-04-23 09:55:00,64.8414,64.9299,64.8414,64.9299,4747.0,BUD
2025-04-23 09:54:00,64.7971,64.8167,64.7921,64.8118,4222.0,BUD
2025-04-23 09:53:00,64.7232,64.7921,64.7134,64.7921,5217.0,BUD
2025-04-23 09:52:00,64.8709,64.8807,64.7036,64.7429,12889.0,BUD
2025-04-23 09:51:00,64.8217,64.8704,64.7626,64.8704,3726.0,BUD
2025-04-23 09:50:00,64.8709,64.8906,64.861,64.861,2630.0,BUD
2025-04-23 09:49:00,64.8807,64.9004,64.8758,64.9004,3541.0,BUD
2025-04-23 09:48:00,64.7921,64.9004,64.7921,64.8512,4208.0,BUD
2025-04-23 09:47:00,64.8315,64.8315,64.7921,64.7921,2487.0,BUD
2025-04-23 09:46:00,64.9004,64.9004,64.8069,64.8069,2992.0,BUD
2025-04-23 09:45:00,64.9299,64.9299,64.8463,64.9004,6092.0,BUD
2025-04-23 09:44:00,64.9595,64.9595,64.9102,64.9299,4734.0,BUD
2025-04-23 09:43:00,64.9102,64.9693,64.8807,64.9693,4577.0,BUD
2025-04-23 09:42:00,64.8906,64.9496,64.8807,64.8807,4975.0,BUD
2025-04-23 09:41:00,64.8709,64.9398,64.8709,64.9398,9335.0,BUD
2025-04-23 09:40:00,64.989,65.0284,64.9349,64.9349,11122.0,BUD
2025-04-23 09:39:00,65.1169,65.1465,64.9841,64.9841,6009.0,BUD
2025-04-23 09:38:00,65.2154,65.3138,65.0973,65.163,10040.0,BUD
2025-04-23 09:37:00,64.9299,65.2154,64.9102,65.1563,58090.0,BUD
2025-04-23 09:36:00,64.9988,65.0382,64.9187,64.9299,8871.0,BUD
2025-04-23 09:35:00,64.9496,65.0185,64.9299,64.9595,14368.0,BUD
2025-04-23 09:34:00,64.9299,64.9693,64.9299,64.9693,5256.0,BUD
2025-04-23 09:33:00,64.9693,64.9988,64.8875,64.9398,18725.0,BUD
2025-04-23 09:32:00,64.96,64.9791,64.9102,64.9595,15200.0,BUD
2025-04-23 09:31:00,64.7528,65.0185,64.7528,64.9791,26365.0,BUD
2025-04-23 09:30:00,64.6937,64.8118,64.6839,64.7675,60200.0,BUD
2025-04-23 09:29:00,64.7134,64.7134,64.6642,64.6642,3450.0,BUD
2025-04-23 09:27:00,64.7626,64.7626,64.7626,64.7626,3.0,BUD
2025-04-23 09:26:00,64.861,64.861,64.8414,64.8414,35.0,BUD
2025-04-23 09:25:00,64.8807,64.8807,64.8807,64.8807,10.0,BUD
2025-04-23 09:23:00,64.861,64.861,64.861,64.861,20.0,BUD
2025-04-23 09:22:00,64.861,64.861,64.861,64.861,20.0,BUD
2025-04-23 09:21:00,64.8118,64.8118,64.8118,64.8118,150.0,BUD
2025-04-23 09:20:00,64.8118,64.8218,64.8118,64.8218,494.0,BUD
2025-04-23 09:17:00,64.8322,64.861,64.8322,64.861,502.0,BUD
2025-04-23 09:16:00,64.8428,64.8428,64.8428,64.8428,5.0,BUD
2025-04-23 09:14:00,64.8709,64.8709,64.8709,64.8709,200.0,BUD
2025-04-23 09:13:00,64.8716,64.8716,64.8716,64.8716,20.0,BUD
2025-04-23 09:09:00,64.9201,64.9201,64.9201,64.9201,26.0,BUD
2025-04-23 09:08:00,64.9398,64.9398,64.9299,64.9299,291.0,BUD
2025-04-23 09:05:00,64.9299,64.9299,64.9299,64.9299,200.0,BUD
2025-04-23 09:03:00,64.8906,64.9299,64.8906,64.9299,28.0,BUD
2025-04-23 09:00:00,64.9299,64.9299,64.9299,64.9299,8.0,BUD
2025-04-23 08:59:00,64.9201,64.9398,64.8807,64.9398,465.0,BUD
2025-04-23 08:57:00,64.9496,64.9496,64.9299,64.9299,316.0,BUD
2025-04-23 08:54:00,64.9398,64.9398,64.9398,64.9398,18.0,BUD
2025-04-23 08:52:00,64.989,64.989,64.989,64.989,176.0,BUD
2025-04-23 08:45:00,64.8807,64.8807,64.8807,64.8807,140.0,BUD
2025-04-23 08:42:00,64.9102,64.9201,64.9102,64.9201,1900.0,BUD
2025-04-23 08:41:00,64.9004,64.9004,64.9004,64.9004,1.0,BUD
2025-04-23 08:40:00,64.9496,64.9496,64.9496,64.9496,1.0,BUD
2025-04-23 08:35:00,64.9988,64.9988,64.9988,64.9988,10.0,BUD
2025-04-23 08:32:00,64.9988,64.9988,64.9988,64.9988,600.0,BUD
2025-04-23 08:31:00,64.9693,64.9693,64.9693,64.9693,1.0,BUD
2025-04-23 08:25:00,64.9398,64.9398,64.9398,64.9398,10.0,BUD
2025-04-23 08:24:00,64.9102,64.9102,64.9102,64.9102,1.0,BUD
2025-04-23 08:21:00,64.93,64.93,64.9214,64.9214,15.0,BUD
2025-04-23 08:18:00,64.9595,64.9595,64.9398,64.9398,500.0,BUD
2025-04-23 08:13:00,64.9119,64.9119,64.9119,64.9119,1.0,BUD
2025-04-23 08:11:00,64.9201,64.9201,64.9201,64.9201,1.0,BUD
2025-04-23 08:06:00,64.9496,64.9595,64.9496,64.9595,216.0,BUD
2025-04-23 08:05:00,64.9791,64.9791,64.9595,64.9595,565.0,BUD
2025-04-23 08:02:00,65.0087,65.0087,65.0087,65.0087,100.0,BUD
2025-04-23 08:01:00,65.0579,65.0579,65.0579,65.0579,200.0,BUD
2025-04-23 08:00:00,64.9595,65.8453,64.8512,64.9252,366.0,BUD
2025-04-23 07:18:00,65.0087,65.0087,65.0087,65.0087,4.0,BUD
2025-04-23 07:09:00,64.9102,64.9102,64.9102,64.9102,5.0,BUD
2025-04-23 07:08:00,64.9595,64.9693,64.9496,64.9693,181.0,BUD
2025-04-23 07:06:00,65.0284,65.0284,65.0284,65.0284,15.0,BUD
2025-04-23 07:05:00,65.0284,65.0284,65.0284,65.0284,10.0,BUD
2025-04-23 07:03:00,65.0284,65.0284,65.0284,65.0284,1.0,BUD
2025-04-23 07:00:00,65.1169,65.1169,65.1169,65.1169,200.0,BUD
2025-04-23 06:38:00,64.9496,64.9496,64.9496,64.9496,74.0,BUD
2025-04-23 06:33:00,64.9299,64.9299,64.9201,64.9201,104.0,BUD
2025-04-23 06:30:00,64.9299,64.9299,64.9201,64.9299,238.0,BUD
2025-04-23 06:29:00,64.9693,64.9693,64.9693,64.9693,54.0,BUD
2025-04-23 06:26:00,64.989,64.989,64.989,64.989,89.0,BUD
2025-04-23 06:21:00,65.0874,65.0874,65.0874,65.0874,200.0,BUD
2025-04-23 06:08:00,65.1169,65.1169,65.1169,65.1169,112.0,BUD
2025-04-23 06:01:00,65.1465,65.1465,65.1465,65.1465,75.0,BUD
2025-04-23 05:59:00,65.1957,65.1957,65.1957,65.1957,322.0,BUD
2025-04-23 05:56:00,65.235,65.235,65.235,65.235,112.0,BUD
2025-04-23 05:51:00,65.3039,65.3039,65.3039,65.3039,112.0,BUD
2025-04-23 05:20:00,65.5008,65.5008,65.5008,65.5008,88.0,BUD
2025-04-23 05:17:00,65.5205,65.5303,65.5205,65.5303,275.0,BUD
2025-04-23 05:14:00,65.4417,65.4417,65.4417,65.4417,20.0,BUD
2025-04-23 04:59:00,65.55,65.55,65.55,65.55,238.0,BUD
2025-04-23 04:57:00,65.6484,65.6484,65.6484,65.6484,10.0,BUD
2025-04-23 04:48:00,65.5992,65.6189,65.5992,65.6189,2001.0,BUD
2025-04-23 04:35:00,65.5795,65.5795,65.5795,65.5795,25.0,BUD
2025-04-23 04:34:00,65.5894,65.5992,65.5795,65.5795,1587.0,BUD
2025-04-23 04:32:00,65.6287,65.6287,65.6287,65.6287,32.0,BUD
2025-04-23 04:23:00,65.7468,65.7468,65.7468,65.7468,2.0,BUD
2025-04-23 04:20:00,65.6878,65.6878,65.6878,65.6878,2.0,BUD
2025-04-23 04:19:00,65.7173,65.7173,65.7173,65.7173,1.0,BUD
2025-04-23 04:12:00,65.6878,65.6878,65.6779,65.6779,288.0,BUD
2025-04-22 19:59:00,66.2586,66.2586,66.2586,66.2586,1.0,BUD
2025-04-22 19:42:00,66.1405,66.239,66.1209,66.239,371.0,BUD
2025-04-22 19:24:00,66.1405,66.1405,66.1405,66.1405,1.0,BUD
2025-04-22 19:15:00,65.9437,66.1404,65.9437,66.1404,140.0,BUD
2025-04-22 19:00:00,65.8453,65.8453,65.8453,65.8453,109603.0,BUD
2025-04-22 18:43:00,65.9043,65.9043,65.8945,65.8945,533.0,BUD
2025-04-22 18:30:00,65.8453,65.8453,65.8453,65.8453,109603.0,BUD
2025-04-22 17:49:00,66.1405,66.1405,66.1405,66.1405,7.0,BUD
2025-04-22 17:47:00,66.1405,66.1405,66.1405,66.1405,30.0,BUD
2025-04-22 17:44:00,65.3335,65.3335,65.3335,65.3335,4.0,BUD
2025-04-22 17:34:00,66.1209,66.1209,66.1209,66.1209,8.0,BUD
2025-04-22 17:31:00,65.3335,65.3335,65.3335,65.3335,10.0,BUD
2025-04-22 17:26:00,65.3335,65.3335,65.3335,65.3335,5.0,BUD
2025-04-22 17:21:00,66.0421,66.0421,66.0421,66.0421,100.0,BUD
2025-04-22 17:17:00,65.9339,65.9437,65.9339,65.9437,382.0,BUD
2025-04-22 17:05:00,65.3335,65.3335,65.3335,65.3335,22.0,BUD
2025-04-22 16:33:00,65.8453,65.8453,65.8453,65.8453,623.0,BUD
2025-04-22 16:32:00,65.6976,65.6976,65.6976,65.6976,1.0,BUD
2025-04-22 16:10:00,65.8453,65.8453,65.8453,65.8453,109603.0,BUD
2025-04-22 16:05:00,65.8453,65.8453,65.3039,65.3039,9.0,BUD
2025-04-22 16:00:00,65.8502,65.8551,65.8354,65.8453,227892.0,BUD
2025-04-22 15:59:00,65.8945,65.8945,65.8256,65.8354,54356.0,BUD
2025-04-22 15:58:00,65.8846,65.8994,65.86,65.8994,31158.0,BUD
2025-04-22 15:57:00,65.8748,65.9043,65.8659,65.8846,19469.0,BUD
2025-04-22 15:56:00,65.8256,65.8846,65.8256,65.8797,17034.0,BUD
2025-04-22 15:55:00,65.8354,65.8354,65.7862,65.8108,11472.0,BUD
2025-04-22 15:54:00,65.8157,65.8502,65.801,65.8256,13408.0,BUD
2025-04-22 15:53:00,65.7764,65.8207,65.7764,65.8059,7637.0,BUD
2025-04-22 15:52:00,65.801,65.8059,65.7665,65.7665,6425.0,BUD
2025-04-22 15:51:00,65.7961,65.8059,65.7665,65.7961,14071.0,BUD
2025-04-22 15:50:00,65.865,65.865,65.7961,65.8059,7113.0,BUD
2025-04-22 15:49:00,65.9043,65.9043,65.8551,65.8748,12859.0,BUD
2025-04-22 15:48:00,65.9043,65.9043,65.8846,65.8945,3760.0,BUD
2025-04-22 15:47:00,65.8748,65.9092,65.8748,65.9043,4630.0,BUD
2025-04-22 15:46:00,65.9142,65.9142,65.8748,65.8945,5950.0,BUD
2025-04-22 15:45:00,65.8748,65.9142,65.865,65.9142,4085.0,BUD
2025-04-22 15:44:00,65.8795,65.9043,65.8748,65.8846,5057.0,BUD
2025-04-22 15:43:00,65.8551,65.8846,65.8551,65.8846,2843.0,BUD
2025-04-22 15:42:00,65.8354,65.865,65.8354,65.8453,7556.0,BUD
2025-04-22 15:41:00,65.7961,65.8354,65.7961,65.8256,4627.0,BUD
2025-04-22 15:40:00,65.7961,65.8157,65.7862,65.7961,7428.0,BUD
2025-04-22 15:39:00,65.8059,65.8059,65.7764,65.7961,3653.0,BUD
2025-04-22 15:38:00,65.8108,65.8108,65.8047,65.8047,2057.0,BUD
2025-04-22 15:37:00,65.801,65.8059,65.7862,65.8059,3598.0,BUD
2025-04-22 15:36:00,65.7961,65.8059,65.7961,65.7961,2644.0,BUD
2025-04-22 15:35:00,65.737,65.7961,65.7321,65.7961,5166.0,BUD
2025-04-22 15:34:00,65.7961,65.7961,65.737,65.7468,9354.0,BUD
2025-04-22 15:33:00,65.7961,65.7961,65.7862,65.7862,2565.0,BUD
2025-04-22 15:32:00,65.7915,65.8059,65.7773,65.801,6478.0,BUD
2025-04-22 15:31:00,65.7862,65.7911,65.7665,65.7862,1940.0,BUD
2025-04-22 15:30:00,65.7665,65.7764,65.7567,65.7764,3358.0,BUD
2025-04-22 15:29:00,65.8059,65.8059,65.7764,65.7764,2195.0,BUD
2025-04-22 15:28:00,65.7862,65.8108,65.7862,65.801,3046.0,BUD
2025-04-22 15:27:00,65.7961,65.7961,65.7665,65.796,3787.0,BUD
2025-04-22 15:26:00,65.8059,65.8157,65.797,65.801,1800.0,BUD
2025-04-22 15:25:00,65.7911,65.8108,65.7911,65.7961,3798.0,BUD
2025-04-22 15:24:00,65.7715,65.7833,65.7715,65.7813,1067.0,BUD
2025-04-22 15:23:00,65.7439,65.7665,65.7439,65.7665,1297.0,BUD
2025-04-22 15:22:00,65.7468,65.7468,65.737,65.737,1161.0,BUD
2025-04-22 15:21:00,65.7715,65.7715,65.737,65.7419,2318.0,BUD
2025-04-22 15:20:00,65.7567,65.7764,65.7567,65.7577,3115.0,BUD
2025-04-22 15:19:00,65.737,65.7468,65.7279,65.7468,2834.0,BUD
2025-04-22 15:18:00,65.7675,65.7764,65.7468,65.7468,2112.0,BUD
2025-04-22 15:17:00,65.7961,65.7961,65.7764,65.7764,4291.0,BUD
2025-04-22 15:16:00,65.7961,65.7961,65.7961,65.7961,673.0,BUD
2025-04-22 15:15:00,65.7961,65.8039,65.7961,65.8039,948.0,BUD
2025-04-22 15:14:00,65.8058,65.8058,65.7862,65.7862,997.0,BUD
2025-04-22 15:13:00,65.801,65.801,65.7813,65.7961,2919.0,BUD
2025-04-22 15:12:00,65.8157,65.8157,65.7961,65.7961,2956.0,BUD
2025-04-22 15:11:00,65.8256,65.8256,65.8148,65.8207,4837.0,BUD
2025-04-22 15:10:00,65.8157,65.8305,65.8059,65.8256,2244.0,BUD
2025-04-22 15:09:00,65.8305,65.8354,65.8157,65.8157,3312.0,BUD
2025-04-22 15:08:00,65.8177,65.8305,65.8157,65.8305,2091.0,BUD
2025-04-22 15:07:00,65.8354,65.8354,65.8256,65.8256,1706.0,BUD
2025-04-22 15:06:00,65.8551,65.865,65.8354,65.8354,3058.0,BUD
2025-04-22 15:05:00,65.8453,65.8453,65.8391,65.8391,1331.0,BUD
2025-04-22 15:04:00,65.8256,65.8551,65.8256,65.8551,2896.0,BUD
2025-04-22 15:03:00,65.8453,65.8453,65.8059,65.8157,3573.0,BUD
2025-04-22 15:02:00,65.8551,65.8551,65.8453,65.8453,2109.0,BUD
2025-04-22 15:01:00,65.8551,65.8699,65.8502,65.8699,2855.0,BUD
2025-04-22 15:00:00,65.8354,65.8551,65.8354,65.8551,4581.0,BUD
2025-04-22 14:59:00,65.8354,65.8453,65.8305,65.8354,1639.0,BUD
2025-04-22 14:58:00,65.8354,65.8453,65.8354,65.8416,2039.0,BUD
2025-04-22 14:57:00,65.8353,65.8353,65.8256,65.8256,1838.0,BUD
2025-04-22 14:56:00,65.8551,65.8551,65.8354,65.8354,2681.0,BUD
2025-04-22 14:55:00,65.8379,65.865,65.8379,65.865,1028.0,BUD
2025-04-22 14:54:00,65.8354,65.8453,65.8207,65.8453,2263.0,BUD
2025-04-22 14:53:00,65.8256,65.8305,65.8157,65.8305,2411.0,BUD
2025-04-22 14:52:00,65.8157,65.8256,65.8157,65.8157,2574.0,BUD
2025-04-22 14:51:00,65.8354,65.8354,65.816,65.8207,1557.0,BUD
2025-04-22 14:50:00,65.801,65.8453,65.801,65.8453,2259.0,BUD
2025-04-22 14:49:00,65.7961,65.7961,65.7961,65.7961,627.0,BUD
2025-04-22 14:48:00,65.8403,65.8403,65.8157,65.8157,2683.0,BUD
2025-04-22 14:47:00,65.8256,65.8354,65.8157,65.8354,1107.0,BUD
2025-04-22 14:46:00,65.8157,65.8327,65.8157,65.8256,1356.0,BUD
2025-04-22 14:45:00,65.7961,65.7961,65.7862,65.7961,1514.0,BUD
2025-04-22 14:44:00,65.8207,65.8256,65.7961,65.7961,3007.0,BUD
2025-04-22 14:43:00,65.8108,65.8157,65.8108,65.8157,1180.0,BUD
2025-04-22 14:42:00,65.7764,65.7911,65.7764,65.7911,1043.0,BUD
2025-04-22 14:41:00,65.7665,65.7665,65.7468,65.7468,2338.0,BUD
2025-04-22 14:40:00,65.7518,65.7567,65.7518,65.7567,1054.0,BUD
2025-04-22 14:39:00,65.7567,65.7567,65.7468,65.7468,1987.0,BUD
2025-04-22 14:38:00,65.7864,65.7864,65.7567,65.7567,5305.0,BUD
2025-04-22 14:37:00,65.7665,65.7961,65.7665,65.7961,1898.0,BUD
2025-04-22 14:36:00,65.7468,65.7567,65.737,65.7567,3753.0,BUD
2025-04-22 14:35:00,65.7272,65.737,65.7272,65.737,1123.0,BUD
2025-04-22 14:34:00,65.7272,65.7272,65.7173,65.7272,1774.0,BUD
2025-04-22 14:33:00,65.7173,65.737,65.7173,65.737,847.0,BUD
2025-04-22 14:32:00,65.7272,65.7419,65.7272,65.7272,1643.0,BUD
2025-04-22 14:31:00,65.7201,65.7201,65.7201,65.7201,649.0,BUD
2025-04-22 14:30:00,65.7124,65.7272,65.7075,65.7075,3253.0,BUD
2025-04-22 14:29:00,65.737,65.737,65.737,65.737,680.0,BUD
2025-04-22 14:28:00,65.7173,65.7173,65.7124,65.7173,1295.0,BUD
2025-04-22 14:27:00,65.7173,65.7321,65.7124,65.7241,503.0,BUD
2025-04-22 14:25:00,65.7124,65.7124,65.703,65.7075,1453.0,BUD
2025-04-22 14:24:00,65.737,65.737,65.7078,65.7078,2413.0,BUD
2025-04-22 14:23:00,65.7173,65.7419,65.7075,65.7272,3368.0,BUD
2025-04-22 14:22:00,65.6976,65.6976,65.6927,65.6976,743.0,BUD
2025-04-22 14:21:00,65.6772,65.7075,65.6772,65.7075,1099.0,BUD
2025-04-22 14:20:00,65.6829,65.6976,65.673,65.6829,1610.0,BUD
2025-04-22 14:19:00,65.6779,65.6969,65.6779,65.6969,634.0,BUD
2025-04-22 14:18:00,65.6976,65.7026,65.6681,65.6681,2951.0,BUD
2025-04-22 14:17:00,65.6878,65.6878,65.6878,65.6878,1778.0,BUD
2025-04-22 14:16:00,65.673,65.6976,65.673,65.6927,10906.0,BUD
2025-04-22 14:15:00,65.6632,65.6632,65.6632,65.6632,524.0,BUD
2025-04-22 14:14:00,65.6484,65.6533,65.6428,65.6533,1170.0,BUD
2025-04-22 14:13:00,65.6386,65.6386,65.6386,65.6386,1114.0,BUD
2025-04-22 14:12:00,65.6287,65.6337,65.6189,65.6189,2442.0,BUD
2025-04-22 14:11:00,65.614,65.6218,65.6099,65.6218,1142.0,BUD
2025-04-22 14:10:00,65.6091,65.6287,65.5992,65.614,4134.0,BUD
2025-04-22 14:08:00,65.6189,65.6189,65.6189,65.6189,693.0,BUD
2025-04-22 14:07:00,65.6189,65.6287,65.5992,65.6287,3112.0,BUD
2025-04-22 14:06:00,65.6189,65.6287,65.6189,65.6189,1200.0,BUD
2025-04-22 14:05:00,65.5697,65.5992,65.5697,65.5992,1282.0,BUD
2025-04-22 14:04:00,65.5451,65.5697,65.5451,65.5697,984.0,BUD
2025-04-22 14:03:00,65.486,65.5402,65.486,65.5402,2466.0,BUD
2025-04-22 14:02:00,65.4909,65.4909,65.4713,65.4811,1204.0,BUD
2025-04-22 14:01:00,65.5106,65.5106,65.4909,65.4909,1470.0,BUD
2025-04-22 14:00:00,65.5303,65.5303,65.5205,65.5205,1067.0,BUD
2025-04-22 13:59:00,65.55,65.55,65.5153,65.5205,1913.0,BUD
2025-04-22 13:58:00,65.5598,65.5598,65.55,65.55,1546.0,BUD
2025-04-22 13:57:00,65.5648,65.5795,65.5648,65.5795,1558.0,BUD
2025-04-22 13:56:00,65.55,65.5598,65.55,65.5598,517.0,BUD
2025-04-22 13:55:00,65.5697,65.5697,65.5598,65.5598,1993.0,BUD
2025-04-22 13:54:00,65.5697,65.5795,65.5697,65.5697,1778.0,BUD
2025-04-22 13:53:00,65.5686,65.5686,65.5686,65.5686,600.0,BUD
2025-04-22 13:51:00,65.5697,65.5697,65.5598,65.5598,1456.0,BUD
2025-04-22 13:50:00,65.5795,65.6024,65.5795,65.5894,2412.0,BUD
2025-04-22 13:49:00,65.55,65.5795,65.55,65.5795,1911.0,BUD
2025-04-22 13:48:00,65.5795,65.5795,65.5648,65.5795,1580.0,BUD
2025-04-22 13:47:00,65.5795,65.5894,65.5795,65.5894,457.0,BUD
2025-04-22 13:46:00,65.5894,65.5894,65.5697,65.5844,1699.0,BUD
2025-04-22 13:45:00,65.5992,65.5992,65.5795,65.5795,1519.0,BUD
2025-04-22 13:43:00,65.6041,65.609,65.5844,65.5894,1400.0,BUD
2025-04-22 13:42:00,65.6091,65.6091,65.5992,65.5992,1028.0,BUD
2025-04-22 13:41:00,65.6091,65.614,65.5992,65.614,1284.0,BUD
2025-04-22 13:40:00,65.6386,65.6386,65.6041,65.6041,4587.0,BUD
2025-04-22 13:39:00,65.6681,65.6681,65.6386,65.6386,2186.0,BUD
2025-04-22 13:38:00,65.6681,65.673,65.6681,65.673,904.0,BUD
2025-04-22 13:37:00,65.6681,65.6681,65.6484,65.6484,4256.0,BUD
2025-04-22 13:36:00,65.6681,65.6878,65.6583,65.6681,1776.0,BUD
2025-04-22 13:35:00,65.6435,65.6681,65.6435,65.6632,1330.0,BUD
2025-04-22 13:34:00,65.6287,65.6484,65.6287,65.6386,474.0,BUD
2025-04-22 13:33:00,65.6681,65.6681,65.6484,65.6484,911.0,BUD
2025-04-22 13:32:00,65.6779,65.6976,65.6583,65.6779,4992.0,BUD
2025-04-22 13:31:00,65.6681,65.7272,65.6484,65.6878,6237.0,BUD
2025-04-22 13:30:00,65.7173,65.7173,65.6976,65.6976,2056.0,BUD
2025-04-22 13:29:00,65.7173,65.7173,65.7075,65.7075,1656.0,BUD
2025-04-22 13:28:00,65.7662,65.7662,65.7173,65.7173,2181.0,BUD
2025-04-22 13:27:00,65.7616,65.7664,65.737,65.7518,1784.0,BUD
2025-04-22 13:26:00,65.7961,65.8945,65.7862,65.7862,13042.0,BUD
2025-04-22 13:25:00,65.7764,65.7862,65.7468,65.7764,2900.0,BUD
2025-04-22 13:24:00,65.7862,65.7862,65.7862,65.7862,557.0,BUD
2025-04-22 13:23:00,65.7567,65.7616,65.7419,65.7616,3285.0,BUD
2025-04-22 13:22:00,65.7567,65.7697,65.7567,65.7665,1852.0,BUD
2025-04-22 13:21:00,65.7862,65.7862,65.7862,65.7862,717.0,BUD
2025-04-22 13:20:00,65.8157,65.8157,65.7878,65.7961,3955.0,BUD
2025-04-22 13:19:00,65.8157,65.8354,65.806,65.806,1359.0,BUD
2025-04-22 13:18:00,65.7961,65.8059,65.7961,65.8059,580.0,BUD
2025-04-22 13:17:00,65.7961,65.7961,65.7665,65.7862,2660.0,BUD
2025-04-22 13:16:00,65.7567,65.7567,65.7567,65.7567,2696.0,BUD
2025-04-22 13:15:00,65.8748,65.8748,65.7646,65.7646,4392.0,BUD
2025-04-22 13:14:00,65.8748,65.8748,65.8406,65.8406,1329.0,BUD
2025-04-22 13:13:00,65.86,65.865,65.8453,65.865,2276.0,BUD
2025-04-22 13:12:00,65.8157,65.8453,65.8157,65.8453,3255.0,BUD
2025-04-22 13:11:00,65.8256,65.8551,65.8157,65.8305,2674.0,BUD
2025-04-22 13:10:00,65.9142,65.9142,65.8359,65.8359,2371.0,BUD
2025-04-22 13:09:00,65.9437,65.9437,65.9043,65.9043,1653.0,BUD
2025-04-22 13:08:00,65.924,65.9535,65.9074,65.9535,3437.0,BUD
2025-04-22 13:07:00,65.9142,65.9142,65.9043,65.9142,2691.0,BUD
2025-04-22 13:05:00,65.9043,65.9437,65.9043,65.9437,1533.0,BUD
2025-04-22 13:04:00,65.8846,65.8945,65.8846,65.8945,1419.0,BUD
2025-04-22 13:03:00,65.865,65.865,65.865,65.865,373.0,BUD
2025-04-22 13:02:00,65.86,65.8846,65.86,65.8846,807.0,BUD
2025-04-22 13:01:00,65.8551,65.8748,65.8551,65.8748,1745.0,BUD
2025-04-22 13:00:00,65.8846,65.8846,65.8523,65.8523,2272.0,BUD
2025-04-22 12:59:00,65.8846,65.8846,65.878,65.878,1613.0,BUD
2025-04-22 12:58:00,65.8797,65.8945,65.8797,65.8846,847.0,BUD
2025-04-22 12:57:00,65.8994,65.8994,65.8945,65.8945,524.0,BUD
2025-04-22 12:56:00,65.9142,65.9142,65.8994,65.8994,1729.0,BUD
2025-04-22 12:55:00,65.9266,65.9266,65.9142,65.9142,1874.0,BUD
2025-04-22 12:54:00,65.924,65.924,65.924,65.924,321.0,BUD
2025-04-22 12:53:00,65.9171,65.9339,65.9043,65.9043,2186.0,BUD
2025-04-22 12:52:00,65.8994,65.9142,65.8846,65.9142,2190.0,BUD
2025-04-22 12:51:00,65.913,65.913,65.8994,65.8994,1362.0,BUD
2025-04-22 12:50:00,65.924,65.924,65.9142,65.9142,574.0,BUD
2025-04-22 12:49:00,65.924,65.9339,65.924,65.9339,470.0,BUD
2025-04-22 12:48:00,65.9142,65.924,65.9142,65.924,589.0,BUD
2025-04-22 12:47:00,65.924,65.924,65.924,65.924,890.0,BUD
2025-04-22 12:46:00,65.9339,65.9339,65.924,65.924,2360.0,BUD
2025-04-22 12:45:00,65.9486,65.9535,65.9339,65.9535,700.0,BUD
2025-04-22 12:44:00,65.9437,65.9535,65.9437,65.9535,2219.0,BUD
2025-04-22 12:43:00,65.9535,65.9535,65.9535,65.9535,136.0,BUD
2025-04-22 12:42:00,65.9339,65.9437,65.924,65.924,1161.0,BUD
2025-04-22 12:41:00,65.9437,65.9437,65.9142,65.9191,2394.0,BUD
2025-04-22 12:40:00,65.9437,65.9535,65.9437,65.9535,836.0,BUD
2025-04-22 12:39:00,65.9339,65.9339,65.9339,65.9339,370.0,BUD
2025-04-22 12:38:00,65.9437,65.9437,65.9437,65.9437,411.0,BUD
2025-04-22 12:36:00,65.9585,65.9585,65.9339,65.9339,3630.0,BUD
2025-04-22 12:35:00,65.9585,65.9585,65.9585,65.9585,135.0,BUD
2025-04-22 12:34:00,65.9732,65.9732,65.9732,65.9732,265.0,BUD
2025-04-22 12:33:00,65.9437,65.9437,65.9437,65.9437,328.0,BUD
2025-04-22 12:32:00,65.9437,65.9437,65.9437,65.9437,331.0,BUD
2025-04-22 12:31:00,65.924,65.9339,65.924,65.9339,884.0,BUD
2025-04-22 12:30:00,65.9043,65.9142,65.9043,65.9142,530.0,BUD
2025-04-22 12:29:00,65.9043,65.9043,65.8896,65.9043,3292.0,BUD
2025-04-22 12:28:00,65.9142,65.9336,65.9142,65.9142,2248.0,BUD
2025-04-22 12:27:00,65.9092,65.9191,65.9043,65.9191,1749.0,BUD
2025-04-22 12:26:00,65.9289,65.9289,65.9043,65.9142,2198.0,BUD
2025-04-22 12:25:00,65.924,65.9289,65.9142,65.9289,1667.0,BUD
2025-04-22 12:24:00,65.924,65.924,65.924,65.924,406.0,BUD
2025-04-22 12:23:00,65.9191,65.9191,65.9191,65.9191,744.0,BUD
2025-04-22 12:22:00,65.9158,65.924,65.9142,65.924,2417.0,BUD
2025-04-22 12:21:00,65.924,65.9289,65.9142,65.924,3341.0,BUD
2025-04-22 12:20:00,65.9437,65.9535,65.924,65.924,2355.0,BUD
2025-04-22 12:18:00,65.8994,65.8994,65.8945,65.8945,1614.0,BUD
2025-04-22 12:17:00,65.9142,65.9191,65.8945,65.8945,6725.0,BUD
2025-04-22 12:16:00,65.9732,65.9781,65.9166,65.9166,3177.0,BUD
2025-04-22 12:15:00,65.9831,65.9831,65.9585,65.9585,1052.0,BUD
2025-04-22 12:14:00,65.9732,65.9781,65.9535,65.9732,2677.0,BUD
2025-04-22 12:13:00,65.9831,65.9831,65.9831,65.9831,701.0,BUD
2025-04-22 12:12:00,65.9683,65.9831,65.9683,65.9732,2218.0,BUD
2025-04-22 12:11:00,65.9634,65.9683,65.9634,65.9683,625.0,BUD
2025-04-22 12:10:00,65.9732,65.9732,65.9535,65.9634,3541.0,BUD
2025-04-22 12:09:00,65.9929,65.9929,65.9634,65.9732,2949.0,BUD
2025-04-22 12:08:00,65.9831,65.9926,65.9831,65.988,1372.0,BUD
2025-04-22 12:07:00,65.9781,65.9831,65.9732,65.9831,1975.0,BUD
2025-04-22 12:06:00,65.9535,65.9781,65.9535,65.9781,5969.0,BUD
2025-04-22 12:05:00,65.9732,65.9732,65.9437,65.9535,1899.0,BUD
2025-04-22 12:04:00,66.0175,66.0175,66.0027,66.0027,2210.0,BUD
2025-04-22 12:03:00,66.052,66.052,65.9929,65.9929,1822.0,BUD
2025-04-22 12:02:00,66.0716,66.0815,66.0716,66.0716,1091.0,BUD
2025-04-22 12:01:00,66.0618,66.1209,66.052,66.0913,4245.0,BUD
2025-04-22 12:00:00,65.9732,66.0716,65.9732,66.0716,14063.0,BUD
2025-04-22 11:59:00,65.924,65.9831,65.924,65.9634,4115.0,BUD
2025-04-22 11:58:00,65.9142,65.9831,65.9142,65.9339,25864.0,BUD
2025-04-22 11:57:00,65.9142,65.9142,65.9043,65.9049,1596.0,BUD
2025-04-22 11:56:00,65.924,65.924,65.9092,65.9142,2221.0,BUD
2025-04-22 11:55:00,65.924,65.9365,65.924,65.9365,1176.0,BUD
2025-04-22 11:54:00,65.8994,65.9142,65.8994,65.9142,2982.0,BUD
2025-04-22 11:53:00,65.9142,65.9142,65.9043,65.9043,1221.0,BUD
2025-04-22 11:52:00,65.9191,65.9289,65.9043,65.9092,2278.0,BUD
2025-04-22 11:51:00,65.8994,65.9142,65.8994,65.9142,1360.0,BUD
2025-04-22 11:50:00,65.8994,65.8994,65.8945,65.8945,476.0,BUD
2025-04-22 11:49:00,65.9142,65.924,65.8945,65.8945,1624.0,BUD
2025-04-22 11:48:00,65.9058,65.9142,65.9043,65.9043,2242.0,BUD
2025-04-22 11:47:00,65.9093,65.9191,65.9093,65.9191,578.0,BUD
2025-04-22 11:46:00,65.9142,65.9142,65.8994,65.9043,6277.0,BUD
2025-04-22 11:45:00,65.9191,65.9191,65.9143,65.9143,904.0,BUD
2025-04-22 11:44:00,65.8994,65.9142,65.8945,65.9142,1954.0,BUD
2025-04-22 11:43:00,65.924,65.924,65.8994,65.9142,3131.0,BUD
2025-04-22 11:42:00,65.9191,65.924,65.9142,65.924,1344.0,BUD
2025-04-22 11:41:00,65.9142,65.9339,65.9142,65.924,2744.0,BUD
2025-04-22 11:40:00,65.8945,65.9142,65.8945,65.9141,1309.0,BUD
2025-04-22 11:39:00,65.9142,65.9142,65.8994,65.9043,3529.0,BUD
2025-04-22 11:38:00,65.8994,65.9142,65.8945,65.9142,2361.0,BUD
2025-04-22 11:37:00,65.8853,65.8994,65.8853,65.8994,3312.0,BUD
2025-04-22 11:36:00,65.8846,65.8896,65.8846,65.8896,4758.0,BUD
2025-04-22 11:35:00,65.9142,65.9191,65.8945,65.9043,4644.0,BUD
2025-04-22 11:34:00,65.8748,65.924,65.8748,65.924,16390.0,BUD
2025-04-22 11:33:00,65.8453,65.8551,65.8427,65.8551,1436.0,BUD
2025-04-22 11:32:00,65.8453,65.8453,65.8453,65.8453,1488.0,BUD
2025-04-22 11:31:00,65.8354,65.8403,65.8157,65.8354,3824.0,BUD
2025-04-22 11:30:00,65.8157,65.8256,65.8059,65.8256,1465.0,BUD
2025-04-22 11:29:00,65.8354,65.8403,65.8059,65.8059,1688.0,BUD
2025-04-22 11:28:00,65.8256,65.8256,65.8256,65.8256,1157.0,BUD
2025-04-22 11:27:00,65.8305,65.8354,65.8256,65.8354,1798.0,BUD
2025-04-22 11:26:00,65.8354,65.8354,65.8256,65.8256,1501.0,BUD
2025-04-22 11:25:00,65.8551,65.865,65.8354,65.8354,3193.0,BUD
2025-04-22 11:24:00,65.8453,65.8453,65.8453,65.8453,282.0,BUD
2025-04-22 11:23:00,65.8502,65.8551,65.8403,65.8403,1542.0,BUD
2025-04-22 11:22:00,65.8354,65.8551,65.8354,65.8551,991.0,BUD
2025-04-22 11:21:00,65.8108,65.8256,65.8108,65.8256,3006.0,BUD
2025-04-22 11:20:00,65.8453,65.8453,65.8256,65.8256,1431.0,BUD
2025-04-22 11:19:00,65.8748,65.8748,65.8207,65.8354,5475.0,BUD
2025-04-22 11:18:00,65.865,65.8748,65.865,65.8748,781.0,BUD
2025-04-22 11:17:00,65.8551,65.8699,65.8551,65.8699,789.0,BUD
2025-04-22 11:16:00,65.8846,65.8846,65.865,65.865,1620.0,BUD
2025-04-22 11:15:00,65.8822,65.8945,65.865,65.8945,1652.0,BUD
2025-04-22 11:14:00,65.865,65.8945,65.8453,65.8453,2480.0,BUD
2025-04-22 11:13:00,65.865,65.8699,65.865,65.865,2371.0,BUD
2025-04-22 11:12:00,65.865,65.8748,65.865,65.865,1669.0,BUD
2025-04-22 11:11:00,65.8453,65.8748,65.8453,65.8699,1336.0,BUD
2025-04-22 11:10:00,65.8453,65.8453,65.8354,65.8354,845.0,BUD
2025-04-22 11:09:00,65.8403,65.8453,65.8403,65.8453,1507.0,BUD
2025-04-22 11:08:00,65.8748,65.8748,65.8403,65.8453,2317.0,BUD
2025-04-22 11:07:00,65.8453,65.8748,65.8453,65.8748,985.0,BUD
2025-04-22 11:06:00,65.865,65.8748,65.865,65.865,2563.0,BUD
2025-04-22 11:05:00,65.8453,65.865,65.8453,65.865,1339.0,BUD
2025-04-22 11:04:00,65.8551,65.865,65.8551,65.8551,1100.0,BUD
2025-04-22 11:03:00,65.8453,65.8551,65.8256,65.8551,1813.0,BUD
2025-04-22 11:02:00,65.8551,65.8551,65.8453,65.8453,1009.0,BUD
2025-04-22 11:01:00,65.8471,65.8471,65.8453,65.8453,568.0,BUD
2025-04-22 11:00:00,65.8748,65.8797,65.8453,65.8453,4684.0,BUD
2025-04-22 10:59:00,65.8453,65.865,65.8453,65.865,2644.0,BUD
2025-04-22 10:58:00,65.8453,65.8748,65.8354,65.8354,16119.0,BUD
2025-04-22 10:57:00,65.801,65.8448,65.7863,65.8256,16244.0,BUD
2025-04-22 10:56:00,65.7468,65.801,65.7468,65.801,1747.0,BUD
2025-04-22 10:55:00,65.7567,65.7567,65.737,65.737,3077.0,BUD
2025-04-22 10:54:00,65.7567,65.7665,65.7518,65.7665,1190.0,BUD
2025-04-22 10:53:00,65.7665,65.7764,65.7419,65.7468,3311.0,BUD
2025-04-22 10:52:00,65.7173,65.7567,65.7173,65.7567,1982.0,BUD
2025-04-22 10:51:00,65.7567,65.7665,65.7468,65.7518,1760.0,BUD
2025-04-22 10:50:00,65.7813,65.7862,65.774,65.7764,1836.0,BUD
2025-04-22 10:49:00,65.7764,65.7862,65.7764,65.7764,1815.0,BUD
2025-04-22 10:48:00,65.737,65.7764,65.737,65.7764,9248.0,BUD
2025-04-22 10:47:00,65.7468,65.7468,65.7419,65.7419,916.0,BUD
2025-04-22 10:46:00,65.7862,65.8059,65.7665,65.7665,3917.0,BUD
2025-04-22 10:45:00,65.7468,65.7665,65.737,65.7665,3479.0,BUD
2025-04-22 10:44:00,65.7272,65.7468,65.7272,65.7419,1855.0,BUD
2025-04-22 10:43:00,65.7075,65.7075,65.6878,65.7075,2634.0,BUD
2025-04-22 10:42:00,65.6927,65.7075,65.6878,65.7075,536.0,BUD
2025-04-22 10:41:00,65.6533,65.7124,65.6533,65.7075,2431.0,BUD
2025-04-22 10:40:00,65.6484,65.6681,65.6484,65.6681,1416.0,BUD
2025-04-22 10:39:00,65.6386,65.6484,65.6287,65.6386,1326.0,BUD
2025-04-22 10:38:00,65.5894,65.6091,65.5894,65.6091,1518.0,BUD
2025-04-22 10:37:00,65.5894,65.5943,65.5894,65.5943,628.0,BUD
2025-04-22 10:36:00,65.5992,65.5992,65.5795,65.5795,1608.0,BUD
2025-04-22 10:35:00,65.6189,65.6189,65.5697,65.5992,13539.0,BUD
2025-04-22 10:34:00,65.6189,65.6287,65.614,65.6287,3480.0,BUD
2025-04-22 10:33:00,65.614,65.614,65.5844,65.5908,1976.0,BUD
2025-04-22 10:32:00,65.5992,65.6091,65.5697,65.5992,3254.0,BUD
2025-04-22 10:31:00,65.6287,65.6287,65.5894,65.5894,2838.0,BUD
2025-04-22 10:30:00,65.6484,65.6533,65.6189,65.6337,6778.0,BUD
2025-04-22 10:29:00,65.6878,65.6878,65.6287,65.6386,5902.0,BUD
2025-04-22 10:28:00,65.6681,65.6976,65.6583,65.6976,2968.0,BUD
2025-04-22 10:27:00,65.6976,65.6976,65.6779,65.6976,1367.0,BUD
2025-04-22 10:26:00,65.7026,65.7222,65.7026,65.7173,1944.0,BUD
2025-04-22 10:25:00,65.6878,65.7173,65.6878,65.7075,3073.0,BUD
2025-04-22 10:24:00,65.6583,65.6976,65.6583,65.6878,3385.0,BUD
2025-04-22 10:23:00,65.6878,65.6878,65.6681,65.6681,3275.0,BUD
2025-04-22 10:22:00,65.6592,65.6927,65.6592,65.6927,1339.0,BUD
2025-04-22 10:21:00,65.6091,65.6583,65.6091,65.6583,2766.0,BUD
2025-04-22 10:20:00,65.6091,65.6189,65.5894,65.5894,3115.0,BUD
2025-04-22 10:19:00,65.6189,65.6287,65.6041,65.6091,3851.0,BUD
2025-04-22 10:18:00,65.6091,65.6189,65.6091,65.6189,2450.0,BUD
2025-04-22 10:17:00,65.5992,65.6287,65.5943,65.6287,2477.0,BUD
2025-04-22 10:16:00,65.5697,65.6091,65.5598,65.6091,2546.0,BUD
2025-04-22 10:15:00,65.6091,65.6091,65.5795,65.5795,3486.0,BUD
2025-04-22 10:14:00,65.6484,65.6484,65.5992,65.6091,1509.0,BUD
2025-04-22 10:13:00,65.6484,65.6681,65.6386,65.6583,2475.0,BUD
2025-04-22 10:12:00,65.6583,65.6583,65.6386,65.6386,2926.0,BUD
2025-04-22 10:11:00,65.6829,65.6976,65.6779,65.6976,1946.0,BUD
2025-04-22 10:10:00,65.7075,65.7173,65.7026,65.7075,2192.0,BUD
2025-04-22 10:09:00,65.7075,65.7177,65.7075,65.7177,1669.0,BUD
2025-04-22 10:08:00,65.6878,65.7075,65.6878,65.7075,4809.0,BUD
2025-04-22 10:07:00,65.6976,65.6976,65.6927,65.6927,1096.0,BUD
2025-04-22 10:06:00,65.6484,65.6976,65.6484,65.6976,2943.0,BUD
2025-04-22 10:05:00,65.6484,65.6484,65.6362,65.6386,3078.0,BUD
2025-04-22 10:04:00,65.6337,65.6484,65.6229,65.6229,1785.0,BUD
2025-04-22 10:03:00,65.6583,65.6583,65.6287,65.6287,2775.0,BUD
2025-04-22 10:02:00,65.6386,65.6681,65.6189,65.6533,5315.0,BUD
2025-04-22 10:01:00,65.5697,65.6287,65.5598,65.6189,4549.0,BUD
2025-04-22 10:00:00,65.5598,65.5795,65.5598,65.5795,2898.0,BUD
2025-04-22 09:59:00,65.5795,65.5795,65.5697,65.5697,830.0,BUD
2025-04-22 09:58:00,65.5894,65.5894,65.5894,65.5894,763.0,BUD
2025-04-22 09:57:00,65.5992,65.5992,65.5795,65.5894,1886.0,BUD
2025-04-22 09:56:00,65.5894,65.5992,65.5894,65.5992,422.0,BUD
2025-04-22 09:55:00,65.5106,65.5894,65.5106,65.5894,3294.0,BUD
2025-04-22 09:54:00,65.4811,65.4909,65.4811,65.4909,3505.0,BUD
2025-04-22 09:53:00,65.5106,65.5254,65.5106,65.5254,1014.0,BUD
2025-04-22 09:52:00,65.5057,65.5057,65.5008,65.5008,1577.0,BUD
2025-04-22 09:51:00,65.4811,65.5303,65.4614,65.4909,4534.0,BUD
2025-04-22 09:50:00,65.4467,65.4909,65.4467,65.4909,4294.0,BUD
2025-04-22 09:49:00,65.4811,65.4811,65.4516,65.4516,1412.0,BUD
2025-04-22 09:48:00,65.4614,65.4909,65.4614,65.4811,14305.0,BUD
2025-04-22 09:47:00,65.4417,65.5008,65.4417,65.4516,7791.0,BUD
2025-04-22 09:46:00,65.486,65.5205,65.4319,65.4319,11293.0,BUD
2025-04-22 09:45:00,65.4811,65.4959,65.4811,65.4909,2219.0,BUD
2025-04-22 09:44:00,65.5008,65.5106,65.4713,65.4811,4777.0,BUD
2025-04-22 09:43:00,65.4909,65.5087,65.4811,65.4959,6660.0,BUD
2025-04-22 09:42:00,65.4565,65.4909,65.4565,65.4909,1866.0,BUD
2025-04-22 09:41:00,65.4516,65.4713,65.4516,65.4516,3856.0,BUD
2025-04-22 09:40:00,65.4811,65.4909,65.4614,65.4614,1721.0,BUD
2025-04-22 09:39:00,65.4516,65.4909,65.4516,65.4909,2994.0,BUD
2025-04-22 09:38:00,65.4319,65.4614,65.4181,65.4417,1740.0,BUD
2025-04-22 09:37:00,65.4417,65.4417,65.4025,65.4319,2659.0,BUD
2025-04-22 09:36:00,65.4417,65.4614,65.4024,65.4417,5740.0,BUD
2025-04-22 09:35:00,65.5008,65.5008,65.4319,65.4319,3154.0,BUD
2025-04-22 09:34:00,65.4516,65.5303,65.4516,65.5057,5598.0,BUD
2025-04-22 09:33:00,65.4713,65.4713,65.4122,65.4329,6246.0,BUD
2025-04-22 09:32:00,65.4122,65.4713,65.4122,65.4614,3232.0,BUD
2025-04-22 09:31:00,65.4417,65.4713,65.4024,65.4024,4851.0,BUD
2025-04-22 09:30:00,65.4516,65.4988,65.3532,65.4319,53518.0,BUD
2025-04-22 09:29:00,65.4713,65.4713,65.4319,65.4319,765.0,BUD
2025-04-22 09:28:00,65.4713,65.4909,65.4319,65.4909,4697.0,BUD
2025-04-22 09:27:00,65.5008,65.5008,65.4909,65.5008,1179.0,BUD
2025-04-22 09:26:00,65.4811,65.4811,65.4811,65.4811,1.0,BUD
2025-04-22 09:25:00,65.5205,65.5205,65.5106,65.5106,951.0,BUD
2025-04-22 09:24:00,65.5795,65.5795,65.5205,65.5205,101.0,BUD
2025-04-22 09:23:00,65.5205,65.5205,65.5205,65.5205,70.0,BUD
2025-04-22 09:22:00,65.4614,65.4713,65.4614,65.4713,340.0,BUD
2025-04-22 09:21:00,65.5205,65.5205,65.5205,65.5205,100.0,BUD
2025-04-22 09:20:00,65.55,65.55,65.5402,65.5402,563.0,BUD
2025-04-22 09:19:00,65.5697,65.5991,65.5697,65.5991,160.0,BUD
2025-04-22 09:17:00,65.5894,65.5894,65.5894,65.5894,1.0,BUD
2025-04-22 09:15:00,65.5795,65.5795,65.5697,65.5697,500.0,BUD
2025-04-22 09:14:00,65.6091,65.6091,65.5992,65.5992,103.0,BUD
2025-04-22 09:11:00,65.6287,65.6287,65.6287,65.6287,3.0,BUD
2025-04-22 09:10:00,65.5795,65.5795,65.5795,65.5795,751.0,BUD
2025-04-22 09:09:00,65.6189,65.6189,65.5997,65.5997,10.0,BUD
2025-04-22 09:08:00,65.6189,65.6189,65.6189,65.6189,85.0,BUD
2025-04-22 09:05:00,65.5795,65.5795,65.5795,65.5795,1.0,BUD
2025-04-22 09:03:00,65.6386,65.6386,65.6386,65.6386,61.0,BUD
2025-04-22 09:00:00,65.5992,65.5992,65.55,65.55,863.0,BUD
2025-04-22 08:54:00,65.6092,65.6092,65.6092,65.6092,12.0,BUD
2025-04-22 08:53:00,65.6386,65.6386,65.6386,65.6386,200.0,BUD
2025-04-22 08:50:00,65.6484,65.6484,65.6484,65.6484,1.0,BUD
2025-04-22 08:46:00,65.6681,65.6681,65.6681,65.6681,1060.0,BUD
2025-04-22 08:45:00,65.6976,65.6976,65.6583,65.6681,4340.0,BUD
2025-04-22 08:43:00,65.6976,65.6976,65.6976,65.6976,100.0,BUD
2025-04-22 08:33:00,65.736,65.736,65.736,65.736,1.0,BUD
2025-04-22 08:27:00,65.6859,65.6878,65.6779,65.6878,206.0,BUD
2025-04-22 08:23:00,65.6779,65.6779,65.6779,65.6779,100.0,BUD
2025-04-22 08:13:00,65.7468,65.7468,65.7468,65.7468,100.0,BUD
2025-04-22 08:05:00,65.737,65.737,65.737,65.737,100.0,BUD
2025-04-22 08:03:00,65.7173,65.737,65.7173,65.737,885.0,BUD
2025-04-22 08:02:00,64.5756,64.5756,64.5756,64.5756,3.0,BUD
2025-04-22 08:00:00,65.8945,65.8945,64.3984,65.737,1229.0,BUD
2025-04-22 07:59:00,65.6976,65.6976,65.6976,65.6976,100.0,BUD
2025-04-22 07:58:00,65.7272,65.7272,65.7173,65.7173,624.0,BUD
2025-04-22 07:57:00,65.737,65.737,65.7173,65.7173,3188.0,BUD
2025-04-22 07:56:00,65.7961,65.7961,65.7961,65.7961,100.0,BUD
2025-04-22 07:54:00,65.7665,65.7665,65.7665,65.7665,50.0,BUD
2025-04-22 07:49:00,65.8945,65.8945,65.8256,65.8551,552.0,BUD
2025-04-22 07:46:00,65.8945,65.8945,65.8945,65.8945,512.0,BUD
2025-04-22 07:45:00,65.8945,65.8945,65.8846,65.8945,1000.0,BUD
2025-04-22 07:44:00,65.8945,65.8945,65.8846,65.8846,1300.0,BUD
2025-04-22 07:41:00,65.9142,65.9142,65.9142,65.9142,100.0,BUD
2025-04-22 07:40:00,65.8748,65.8945,65.8748,65.8846,2291.0,BUD
2025-04-22 07:39:00,65.8846,65.8945,65.8846,65.8945,2019.0,BUD
2025-04-22 07:38:00,65.924,65.924,65.924,65.924,1.0,BUD
2025-04-22 07:35:00,65.8846,65.8846,65.8846,65.8846,50.0,BUD
2025-04-22 07:33:00,65.8354,65.8453,65.8354,65.8453,160.0,BUD
2025-04-22 07:30:00,65.8157,65.8157,65.8157,65.8157,3.0,BUD
2025-04-22 07:22:00,65.7862,65.7862,65.7862,65.7862,200.0,BUD
2025-04-22 07:07:00,65.7961,65.7961,65.7961,65.7961,600.0,BUD
2025-04-22 07:06:00,65.8354,65.8354,65.8157,65.8157,361.0,BUD
2025-04-22 07:02:00,65.8059,65.8059,65.7961,65.7961,1450.0,BUD
2025-04-22 07:01:00,65.8256,65.8256,65.8256,65.8256,200.0,BUD
2025-04-22 07:00:00,65.865,65.865,65.8256,65.8256,2210.0,BUD
2025-04-22 06:58:00,65.9043,65.9043,65.9043,65.9043,100.0,BUD
2025-04-22 06:51:00,65.9437,65.9437,65.9437,65.9437,50.0,BUD
2025-04-22 06:47:00,66.0421,66.0421,66.0421,66.0421,30.0,BUD
2025-04-22 05:55:00,66.1209,66.1209,66.1209,66.1209,100.0,BUD
2025-04-22 05:49:00,66.1799,66.1799,66.1799,66.1799,1.0,BUD
2025-04-22 05:48:00,66.1701,66.1701,66.1701,66.1701,100.0,BUD
2025-04-22 05:34:00,66.1602,66.1602,66.1602,66.1602,200.0,BUD
2025-04-22 05:30:00,66.1209,66.1209,66.1209,66.1209,100.0,BUD
2025-04-22 05:21:00,66.0815,66.0815,66.0815,66.0815,88.0,BUD
2025-04-22 05:15:00,66.1405,66.1405,66.1405,66.1405,10.0,BUD
2025-04-22 04:57:00,66.2094,66.2193,66.2094,66.2193,6.0,BUD
2025-04-22 04:54:00,66.2094,66.2094,66.1996,66.1996,150.0,BUD
2025-04-22 04:41:00,66.1898,66.1898,66.1898,66.1898,3.0,BUD
2025-04-22 04:40:00,66.1898,66.1898,66.1898,66.1898,3.0,BUD
2025-04-22 04:39:00,66.1898,66.1898,66.1898,66.1898,91.0,BUD
2025-04-22 04:38:00,66.1799,66.1799,66.1799,66.1799,1.0,BUD
2025-04-22 04:36:00,66.1701,66.1701,66.1701,66.1701,1.0,BUD
2025-04-22 04:35:00,66.1504,66.1602,66.1504,66.1602,7.0,BUD
2025-04-22 04:34:00,66.1405,66.1405,66.1405,66.1405,11.0,BUD
2025-04-22 04:30:00,66.0224,66.0224,66.0224,66.0224,5.0,BUD
2025-04-22 04:28:00,66.0224,66.0224,66.0224,66.0224,1.0,BUD
2025-04-22 04:27:00,65.9929,65.9929,65.9929,65.9929,1.0,BUD
2025-04-22 04:25:00,65.9831,65.9831,65.9831,65.9831,1.0,BUD
2025-04-22 04:24:00,65.9831,65.9831,65.9831,65.9831,9.0,BUD
2025-04-22 04:20:00,65.9831,65.9831,65.9831,65.9831,5.0,BUD
2025-04-22 04:19:00,65.9535,65.9634,65.9535,65.9634,157.0,BUD
2025-04-22 04:16:00,66.0224,66.0224,66.0224,66.0224,81.0,BUD
2025-04-22 04:14:00,66.0913,66.0913,66.0913,66.0913,100.0,BUD
2025-04-22 04:10:00,65.9732,66.0027,65.9732,66.0027,49.0,BUD
2025-04-22 04:05:00,66.052,66.0618,66.052,66.0618,167.0,BUD
2025-04-22 04:02:00,66.0126,66.0126,66.0126,66.0126,100.0,BUD
2025-04-22 04:00:00,66.0027,66.0224,64.4673,66.0126,615.0,BUD
