date,1. open,2. high,3. low,4. close,5. volume,Ticker
2024-01-03 19:49:00,188.03,188.03,187.85,187.85,50.0,BURL
2024-01-03 19:00:00,187.85,187.85,187.85,187.85,134432.0,BURL
2024-01-03 18:30:00,187.85,187.85,187.85,187.85,134432.0,BURL
2024-01-03 17:57:00,187.62,187.62,187.62,187.62,1.0,BURL
2024-01-03 17:21:00,187.65,187.65,187.65,187.65,3.0,BURL
2024-01-03 17:19:00,187.63,187.63,187.63,187.63,30.0,BURL
2024-01-03 17:18:00,187.65,187.85,187.65,187.65,194466.0,BURL
2024-01-03 17:08:00,187.85,187.85,187.85,187.85,20377.0,BURL
2024-01-03 17:00:00,187.69,187.8,187.69,187.8,263.0,BURL
2024-01-03 16:57:00,187.69,187.69,187.69,187.69,2.0,BURL
2024-01-03 16:50:00,187.85,187.85,187.85,187.85,7299.0,BURL
2024-01-03 16:45:00,187.66,187.68,187.66,187.68,15.0,BURL
2024-01-03 16:34:00,187.7,187.7,187.68,187.68,171.0,BURL
2024-01-03 16:33:00,187.61,187.65,187.61,187.65,326.0,BURL
2024-01-03 16:32:00,187.61,187.61,187.57,187.57,514.0,BURL
2024-01-03 16:31:00,187.74,187.74,187.7,187.7,240.0,BURL
2024-01-03 16:28:00,187.7,187.78,187.68,187.73,1470.0,BURL
2024-01-03 16:27:00,187.73,187.78,187.67,187.68,680.0,BURL
2024-01-03 16:26:00,187.71,187.73,187.65,187.67,715.0,BURL
2024-01-03 16:24:00,187.75,187.77,187.55,187.55,702.0,BURL
2024-01-03 16:23:00,187.72,187.72,187.65,187.71,1181.0,BURL
2024-01-03 16:22:00,187.66,187.74,187.65,187.73,657.0,BURL
2024-01-03 16:21:00,187.69,187.69,187.69,187.69,160.0,BURL
2024-01-03 16:20:00,187.68,187.7,187.68,187.7,430.0,BURL
2024-01-03 16:19:00,187.61,187.61,187.5,187.6,1080.0,BURL
2024-01-03 16:18:00,187.68,187.75,187.5,187.67,4054.0,BURL
2024-01-03 16:17:00,187.59,187.7,187.5,187.68,2847.0,BURL
2024-01-03 16:16:00,187.6,187.71,187.57,187.71,2967.0,BURL
2024-01-03 16:14:00,187.64,187.7,187.2,187.38,2604.0,BURL
2024-01-03 16:13:00,187.61,187.61,186.5,187.61,662.0,BURL
2024-01-03 16:12:00,187.01,187.67,186.6,186.6,3301.0,BURL
2024-01-03 16:11:00,187.7,187.78,187.0,187.75,1773.0,BURL
2024-01-03 16:10:00,187.85,187.85,187.85,187.85,134432.0,BURL
2024-01-03 16:09:00,187.65,187.65,187.57,187.57,290.0,BURL
2024-01-03 16:08:00,187.79,187.8,187.53,187.53,2403.0,BURL
2024-01-03 16:07:00,187.5,187.5,185.02,187.5,795.0,BURL
2024-01-03 16:01:00,187.85,187.85,187.85,187.85,21229.0,BURL
2024-01-03 16:00:00,187.82,187.85,187.82,187.85,271802.0,BURL
2024-01-03 15:59:00,187.945,188.04,187.79,187.82,43869.0,BURL
2024-01-03 15:58:00,187.86,187.965,187.86,187.91,18474.0,BURL
2024-01-03 15:57:00,188.02,188.04,187.86,187.865,16302.0,BURL
2024-01-03 15:56:00,188.21,188.21,187.98,187.99,11970.0,BURL
2024-01-03 15:55:00,188.09,188.28,188.06,188.215,25404.0,BURL
2024-01-03 15:54:00,187.98,188.14,187.95,188.105,15153.0,BURL
2024-01-03 15:53:00,188.15,188.18,187.97,187.98,9687.0,BURL
2024-01-03 15:52:00,188.16,188.25,188.14,188.2,17126.0,BURL
2024-01-03 15:51:00,188.03,188.15,187.94,188.15,11295.0,BURL
2024-01-03 15:50:00,188.22,188.35,187.95,187.98,12791.0,BURL
2024-01-03 15:49:00,188.39,188.39,188.23,188.28,7087.0,BURL
2024-01-03 15:48:00,188.34,188.51,188.31,188.38,7851.0,BURL
2024-01-03 15:47:00,188.21,188.35,188.145,188.35,11207.0,BURL
2024-01-03 15:46:00,188.33,188.33,188.21,188.25,6637.0,BURL
2024-01-03 15:45:00,188.48,188.495,188.31,188.36,5046.0,BURL
2024-01-03 15:44:00,188.615,188.615,188.47,188.47,4180.0,BURL
2024-01-03 15:43:00,188.7,188.77,188.67,188.685,4686.0,BURL
2024-01-03 15:42:00,188.76,188.795,188.7,188.715,4176.0,BURL
2024-01-03 15:41:00,188.82,188.865,188.78,188.78,4391.0,BURL
2024-01-03 15:40:00,188.84,188.91,188.8,188.865,4598.0,BURL
2024-01-03 15:39:00,188.805,188.97,188.805,188.91,2840.0,BURL
2024-01-03 15:38:00,188.81,188.81,188.73,188.76,2126.0,BURL
2024-01-03 15:37:00,188.86,188.9,188.69,188.8,6921.0,BURL
2024-01-03 15:36:00,188.82,188.92,188.8,188.905,4211.0,BURL
2024-01-03 15:35:00,188.92,188.92,188.83,188.84,2717.0,BURL
2024-01-03 15:34:00,188.76,188.9,188.76,188.9,2283.0,BURL
2024-01-03 15:33:00,188.755,188.86,188.725,188.755,3084.0,BURL
2024-01-03 15:32:00,188.83,188.83,188.72,188.75,3511.0,BURL
2024-01-03 15:31:00,188.84,188.84,188.815,188.815,1316.0,BURL
2024-01-03 15:30:00,188.65,188.82,188.63,188.82,4203.0,BURL
2024-01-03 15:29:00,188.53,188.67,188.505,188.67,2923.0,BURL
2024-01-03 15:28:00,188.77,188.77,188.59,188.6,2242.0,BURL
2024-01-03 15:27:00,188.77,188.77,188.63,188.72,1397.0,BURL
2024-01-03 15:26:00,188.68,188.77,188.68,188.68,1354.0,BURL
2024-01-03 15:25:00,188.65,188.75,188.65,188.75,769.0,BURL
2024-01-03 15:24:00,189.12,189.12,188.74,188.74,3078.0,BURL
2024-01-03 15:23:00,188.985,189.24,188.985,189.215,6298.0,BURL
2024-01-03 15:22:00,188.82,188.99,188.8,188.99,1266.0,BURL
2024-01-03 15:21:00,188.82,188.82,188.54,188.56,1281.0,BURL
2024-01-03 15:20:00,188.79,188.81,188.73,188.8,1610.0,BURL
2024-01-03 15:19:00,188.83,188.84,188.73,188.825,1730.0,BURL
2024-01-03 15:18:00,188.73,188.85,188.695,188.785,1890.0,BURL
2024-01-03 15:17:00,188.845,188.845,188.71,188.71,619.0,BURL
2024-01-03 15:16:00,189.12,189.12,188.83,188.915,1638.0,BURL
2024-01-03 15:15:00,189.19,189.19,189.005,189.005,881.0,BURL
2024-01-03 15:14:00,189.04,189.19,189.04,189.19,770.0,BURL
2024-01-03 15:13:00,189.01,189.07,188.965,189.05,1491.0,BURL
2024-01-03 15:12:00,189.14,189.14,189.1,189.1,1243.0,BURL
2024-01-03 15:11:00,189.37,189.37,189.37,189.37,528.0,BURL
2024-01-03 15:10:00,189.26,189.26,189.15,189.2,1870.0,BURL
2024-01-03 15:09:00,188.885,189.26,188.855,189.25,4696.0,BURL
2024-01-03 15:08:00,189.03,189.095,188.74,188.915,3516.0,BURL
2024-01-03 15:07:00,189.165,189.25,189.08,189.23,3071.0,BURL
2024-01-03 15:06:00,189.35,189.35,189.18,189.18,910.0,BURL
2024-01-03 15:05:00,189.18,189.18,189.15,189.18,620.0,BURL
2024-01-03 15:04:00,189.295,189.295,189.15,189.15,1101.0,BURL
2024-01-03 15:03:00,189.4,189.4,189.141,189.295,3372.0,BURL
2024-01-03 15:02:00,189.385,189.5,189.385,189.5,817.0,BURL
2024-01-03 15:01:00,189.48,189.48,189.28,189.28,2366.0,BURL
2024-01-03 15:00:00,189.72,189.72,189.52,189.52,935.0,BURL
2024-01-03 14:59:00,189.64,189.64,189.55,189.62,1891.0,BURL
2024-01-03 14:58:00,189.635,189.64,189.635,189.64,1109.0,BURL
2024-01-03 14:56:00,189.615,189.665,189.615,189.665,809.0,BURL
2024-01-03 14:55:00,189.55,189.61,189.48,189.535,1944.0,BURL
2024-01-03 14:54:00,189.64,189.65,189.64,189.65,678.0,BURL
2024-01-03 14:52:00,189.74,189.74,189.74,189.74,318.0,BURL
2024-01-03 14:51:00,189.68,189.775,189.68,189.75,790.0,BURL
2024-01-03 14:50:00,190.025,190.025,189.7,189.7,1651.0,BURL
2024-01-03 14:49:00,190.0,190.03,189.96,190.03,970.0,BURL
2024-01-03 14:47:00,190.13,190.13,190.1,190.1,676.0,BURL
2024-01-03 14:46:00,189.985,189.985,189.91,189.935,1391.0,BURL
2024-01-03 14:45:00,190.12,190.12,190.12,190.12,218.0,BURL
2024-01-03 14:44:00,190.05,190.155,190.04,190.04,1780.0,BURL
2024-01-03 14:43:00,189.92,189.92,189.85,189.85,1451.0,BURL
2024-01-03 14:42:00,189.82,189.82,189.8,189.809,897.0,BURL
2024-01-03 14:41:00,189.79,189.795,189.79,189.79,411.0,BURL
2024-01-03 14:40:00,189.8,189.865,189.79,189.79,1041.0,BURL
2024-01-03 14:39:00,189.79,189.96,189.79,189.86,1620.0,BURL
2024-01-03 14:38:00,189.76,189.76,189.705,189.705,930.0,BURL
2024-01-03 14:36:00,189.765,189.765,189.6,189.71,894.0,BURL
2024-01-03 14:35:00,190.02,190.02,189.73,189.78,3086.0,BURL
2024-01-03 14:34:00,189.935,189.95,189.935,189.94,581.0,BURL
2024-01-03 14:33:00,189.905,189.905,189.895,189.895,302.0,BURL
2024-01-03 14:32:00,190.11,190.22,189.79,189.8,2834.0,BURL
2024-01-03 14:31:00,190.38,190.38,190.17,190.19,1260.0,BURL
2024-01-03 14:30:00,190.32,190.47,190.32,190.47,752.0,BURL
2024-01-03 14:29:00,190.23,190.285,190.18,190.285,1772.0,BURL
2024-01-03 14:28:00,190.2,190.2,190.2,190.2,934.0,BURL
2024-01-03 14:27:00,190.09,190.19,190.09,190.12,1940.0,BURL
2024-01-03 14:26:00,189.81,190.05,189.78,190.035,2212.0,BURL
2024-01-03 14:25:00,189.5,189.75,189.5,189.75,2427.0,BURL
2024-01-03 14:24:00,189.53,189.57,189.49,189.545,2454.0,BURL
2024-01-03 14:21:00,189.605,189.71,189.605,189.71,480.0,BURL
2024-01-03 14:20:00,189.655,189.655,189.47,189.59,1689.0,BURL
2024-01-03 14:19:00,189.5,189.71,189.5,189.655,1961.0,BURL
2024-01-03 14:18:00,189.53,189.53,189.53,189.53,515.0,BURL
2024-01-03 14:17:00,189.55,189.56,189.48,189.5,1572.0,BURL
2024-01-03 14:16:00,189.58,189.58,189.48,189.48,1131.0,BURL
2024-01-03 14:15:00,189.52,189.52,189.405,189.405,1719.0,BURL
2024-01-03 14:14:00,189.59,189.59,189.43,189.43,1325.0,BURL
2024-01-03 14:13:00,189.675,189.675,189.5,189.635,1015.0,BURL
2024-01-03 14:12:00,189.61,189.61,189.48,189.48,749.0,BURL
2024-01-03 14:11:00,189.84,189.85,189.6,189.65,1221.0,BURL
2024-01-03 14:10:00,189.71,189.76,189.68,189.76,1752.0,BURL
2024-01-03 14:09:00,189.45,189.45,189.4,189.41,750.0,BURL
2024-01-03 14:08:00,189.69,189.69,189.5,189.5,669.0,BURL
2024-01-03 14:07:00,189.78,189.81,189.71,189.71,984.0,BURL
2024-01-03 14:06:00,189.52,189.52,189.335,189.43,1168.0,BURL
2024-01-03 14:05:00,189.485,189.485,189.27,189.27,1410.0,BURL
2024-01-03 14:04:00,189.79,189.79,189.5,189.52,887.0,BURL
2024-01-03 14:03:00,189.515,190.02,189.515,190.02,1268.0,BURL
2024-01-03 14:02:00,189.67,189.67,189.565,189.565,1044.0,BURL
2024-01-03 14:01:00,189.97,189.97,189.735,189.8,899.0,BURL
2024-01-03 14:00:00,189.84,190.255,189.76,189.89,3725.0,BURL
2024-01-03 13:58:00,190.2,190.2,190.04,190.04,487.0,BURL
2024-01-03 13:57:00,190.17,190.17,190.06,190.06,1317.0,BURL
2024-01-03 13:55:00,190.29,190.29,190.29,190.29,289.0,BURL
2024-01-03 13:54:00,190.27,190.46,190.25,190.315,2883.0,BURL
2024-01-03 13:53:00,190.34,190.34,190.34,190.34,344.0,BURL
2024-01-03 13:52:00,190.26,190.26,190.23,190.235,722.0,BURL
2024-01-03 13:51:00,190.28,190.428,190.28,190.365,1529.0,BURL
2024-01-03 13:50:00,190.41,190.41,190.33,190.395,1006.0,BURL
2024-01-03 13:49:00,190.61,190.67,190.58,190.62,1485.0,BURL
2024-01-03 13:48:00,190.72,190.72,190.72,190.72,387.0,BURL
2024-01-03 13:47:00,190.81,190.81,190.68,190.68,592.0,BURL
2024-01-03 13:46:00,190.865,190.885,190.865,190.885,284.0,BURL
2024-01-03 13:45:00,190.85,190.85,190.85,190.85,303.0,BURL
2024-01-03 13:44:00,190.77,190.891,190.74,190.89,2136.0,BURL
2024-01-03 13:43:00,190.9,190.9,190.8,190.8,2779.0,BURL
2024-01-03 13:42:00,190.99,190.99,190.99,190.99,201.0,BURL
2024-01-03 13:41:00,190.98,190.99,190.98,190.99,279.0,BURL
2024-01-03 13:40:00,190.95,190.99,190.9,190.99,3817.0,BURL
2024-01-03 13:39:00,190.95,191.04,190.94,190.99,739.0,BURL
2024-01-03 13:38:00,191.005,191.005,190.94,190.975,1089.0,BURL
2024-01-03 13:37:00,190.965,191.05,190.965,191.05,707.0,BURL
2024-01-03 13:36:00,190.98,191.03,190.96,190.96,2186.0,BURL
2024-01-03 13:35:00,190.94,190.97,190.88,190.935,5671.0,BURL
2024-01-03 13:34:00,190.98,190.98,190.9,190.935,3428.0,BURL
2024-01-03 13:33:00,190.94,191.04,190.92,190.93,4520.0,BURL
2024-01-03 13:32:00,191.035,191.035,190.945,190.945,1195.0,BURL
2024-01-03 13:30:00,191.07,191.09,191.02,191.02,1857.0,BURL
2024-01-03 13:29:00,191.12,191.145,191.12,191.145,803.0,BURL
2024-01-03 13:28:00,191.13,191.13,191.13,191.13,130.0,BURL
2024-01-03 13:27:00,191.125,191.13,191.115,191.115,502.0,BURL
2024-01-03 13:26:00,191.29,191.29,191.13,191.14,807.0,BURL
2024-01-03 13:25:00,191.33,191.33,191.2,191.28,1598.0,BURL
2024-01-03 13:24:00,191.27,191.32,191.25,191.32,782.0,BURL
2024-01-03 13:23:00,191.2,191.345,191.2,191.345,811.0,BURL
2024-01-03 13:22:00,191.28,191.28,191.28,191.28,214.0,BURL
2024-01-03 13:21:00,191.18,191.185,191.18,191.185,300.0,BURL
2024-01-03 13:20:00,191.26,191.26,191.13,191.13,2242.0,BURL
2024-01-03 13:18:00,191.4,191.4,191.32,191.4,799.0,BURL
2024-01-03 13:17:00,191.37,191.37,191.37,191.37,473.0,BURL
2024-01-03 13:16:00,191.33,191.43,191.29,191.39,1433.0,BURL
2024-01-03 13:15:00,191.13,191.18,191.068,191.18,1611.0,BURL
2024-01-03 13:14:00,191.055,191.055,190.92,191.035,2466.0,BURL
2024-01-03 13:13:00,191.0,191.06,190.905,191.06,2060.0,BURL
2024-01-03 13:12:00,191.03,191.08,190.88,191.02,7737.0,BURL
2024-01-03 13:11:00,191.11,191.11,191.01,191.1,2115.0,BURL
2024-01-03 13:09:00,191.0,191.0,190.915,190.92,2972.0,BURL
2024-01-03 13:08:00,190.93,191.0,190.93,191.0,1836.0,BURL
2024-01-03 13:06:00,190.845,190.85,190.845,190.85,478.0,BURL
2024-01-03 13:05:00,190.842,190.85,190.843,190.845,1174.0,BURL
2024-01-03 13:03:00,190.85,190.85,190.8,190.815,1536.0,BURL
2024-01-03 13:02:00,190.94,190.94,190.86,190.86,912.0,BURL
2024-01-03 13:01:00,190.855,191.05,190.855,191.05,702.0,BURL
2024-01-03 13:00:00,190.79,190.85,190.74,190.85,2192.0,BURL
2024-01-03 12:59:00,190.83,190.83,190.76,190.805,1343.0,BURL
2024-01-03 12:58:00,190.82,190.965,190.82,190.87,1118.0,BURL
2024-01-03 12:57:00,190.75,190.89,190.75,190.82,1106.0,BURL
2024-01-03 12:56:00,190.795,190.81,190.718,190.745,1485.0,BURL
2024-01-03 12:55:00,190.65,190.77,190.65,190.77,943.0,BURL
2024-01-03 12:54:00,190.555,190.555,190.54,190.54,504.0,BURL
2024-01-03 12:53:00,190.355,190.58,190.355,190.58,1022.0,BURL
2024-01-03 12:51:00,190.445,190.445,190.34,190.36,749.0,BURL
2024-01-03 12:50:00,190.54,190.54,190.339,190.45,601.0,BURL
2024-01-03 12:49:00,190.47,190.51,190.47,190.51,490.0,BURL
2024-01-03 12:48:00,190.465,190.51,190.35,190.375,2653.0,BURL
2024-01-03 12:47:00,190.43,190.43,190.43,190.43,139.0,BURL
2024-01-03 12:46:00,190.185,190.34,190.129,190.34,2742.0,BURL
2024-01-03 12:45:00,190.26,190.26,190.185,190.185,1177.0,BURL
2024-01-03 12:44:00,190.05,190.09,190.05,190.09,2276.0,BURL
2024-01-03 12:43:00,190.24,190.24,190.16,190.16,1235.0,BURL
2024-01-03 12:42:00,190.11,190.16,190.1,190.11,1142.0,BURL
2024-01-03 12:41:00,190.02,190.15,189.95,190.15,1409.0,BURL
2024-01-03 12:40:00,189.88,189.945,189.88,189.942,1209.0,BURL
2024-01-03 12:39:00,189.74,189.81,189.74,189.81,738.0,BURL
2024-01-03 12:38:00,189.7,189.7,189.615,189.615,1165.0,BURL
2024-01-03 12:37:00,189.605,189.605,189.605,189.605,210.0,BURL
2024-01-03 12:36:00,189.625,189.625,189.55,189.55,334.0,BURL
2024-01-03 12:35:00,189.525,189.58,189.525,189.57,1151.0,BURL
2024-01-03 12:34:00,189.6,189.6,189.52,189.52,1256.0,BURL
2024-01-03 12:33:00,189.62,189.62,189.6,189.6,544.0,BURL
2024-01-03 12:32:00,189.63,189.63,189.5,189.505,1047.0,BURL
2024-01-03 12:31:00,189.81,189.81,189.64,189.64,1881.0,BURL
2024-01-03 12:30:00,190.05,190.05,189.86,189.86,2423.0,BURL
2024-01-03 12:29:00,189.81,189.98,189.81,189.975,2474.0,BURL
2024-01-03 12:28:00,189.81,189.9,189.77,189.77,748.0,BURL
2024-01-03 12:27:00,189.74,189.86,189.74,189.79,1590.0,BURL
2024-01-03 12:26:00,189.68,189.79,189.68,189.785,2383.0,BURL
2024-01-03 12:25:00,189.66,189.66,189.65,189.65,412.0,BURL
2024-01-03 12:24:00,189.79,189.81,189.67,189.69,1945.0,BURL
2024-01-03 12:23:00,189.575,189.81,189.575,189.79,2079.0,BURL
2024-01-03 12:22:00,189.585,189.605,189.53,189.58,1052.0,BURL
2024-01-03 12:21:00,189.47,189.59,189.47,189.54,1617.0,BURL
2024-01-03 12:20:00,189.46,189.48,189.45,189.48,1113.0,BURL
2024-01-03 12:19:00,189.42,189.57,189.42,189.57,1928.0,BURL
2024-01-03 12:18:00,189.33,189.365,189.262,189.35,2388.0,BURL
2024-01-03 12:16:00,189.3,189.3,189.272,189.272,259.0,BURL
2024-01-03 12:15:00,189.355,189.44,189.295,189.295,3906.0,BURL
2024-01-03 12:14:00,189.36,189.36,189.305,189.305,680.0,BURL
2024-01-03 12:13:00,189.28,189.32,189.28,189.32,723.0,BURL
2024-01-03 12:12:00,189.431,189.435,189.355,189.355,2543.0,BURL
2024-01-03 12:11:00,189.27,189.43,189.27,189.43,2206.0,BURL
2024-01-03 12:10:00,189.35,189.35,189.35,189.35,101.0,BURL
2024-01-03 12:09:00,189.37,189.43,189.22,189.22,1797.0,BURL
2024-01-03 12:08:00,189.23,189.37,189.21,189.37,2543.0,BURL
2024-01-03 12:07:00,189.03,189.25,189.03,189.25,1294.0,BURL
2024-01-03 12:06:00,189.1,189.1,189.0,189.0,739.0,BURL
2024-01-03 12:05:00,189.145,189.25,189.08,189.12,9665.0,BURL
2024-01-03 12:04:00,189.065,189.17,189.065,189.145,4135.0,BURL
2024-01-03 12:03:00,189.17,189.231,189.04,189.065,2478.0,BURL
2024-01-03 12:02:00,189.21,189.23,189.185,189.2,2313.0,BURL
2024-01-03 12:01:00,189.18,189.25,189.18,189.197,1182.0,BURL
2024-01-03 12:00:00,189.27,189.27,189.185,189.185,1625.0,BURL
2024-01-03 11:59:00,189.14,189.35,189.14,189.35,853.0,BURL
2024-01-03 11:58:00,189.12,189.22,189.12,189.18,2315.0,BURL
2024-01-03 11:57:00,189.04,189.1,189.035,189.075,1881.0,BURL
2024-01-03 11:56:00,188.895,189.05,188.895,189.05,1578.0,BURL
2024-01-03 11:55:00,188.875,188.875,188.875,188.875,253.0,BURL
2024-01-03 11:54:00,188.9,188.92,188.85,188.85,2888.0,BURL
2024-01-03 11:53:00,188.9,188.9,188.84,188.86,2177.0,BURL
2024-01-03 11:52:00,188.94,188.94,188.89,188.895,1837.0,BURL
2024-01-03 11:51:00,188.935,188.935,188.935,188.935,188.0,BURL
2024-01-03 11:50:00,188.97,188.97,188.9,188.9,1165.0,BURL
2024-01-03 11:49:00,188.97,188.97,188.82,188.83,1556.0,BURL
2024-01-03 11:48:00,188.8,188.96,188.69,188.96,1259.0,BURL
2024-01-03 11:47:00,189.025,189.025,188.78,188.78,956.0,BURL
2024-01-03 11:46:00,189.21,189.21,188.95,189.03,3430.0,BURL
2024-01-03 11:45:00,189.155,189.19,189.08,189.15,2035.0,BURL
2024-01-03 11:44:00,188.99,189.13,188.99,189.13,1235.0,BURL
2024-01-03 11:43:00,188.895,188.895,188.895,188.895,403.0,BURL
2024-01-03 11:42:00,188.6,188.84,188.52,188.84,2594.0,BURL
2024-01-03 11:41:00,188.5,188.57,188.21,188.21,1437.0,BURL
2024-01-03 11:40:00,188.79,188.79,188.57,188.57,1285.0,BURL
2024-01-03 11:39:00,189.07,189.07,188.68,188.775,2305.0,BURL
2024-01-03 11:37:00,188.94,189.0,188.94,189.0,257.0,BURL
2024-01-03 11:36:00,189.365,189.365,188.98,189.02,4855.0,BURL
2024-01-03 11:35:00,189.33,189.5,189.255,189.365,16695.0,BURL
2024-01-03 11:34:00,189.18,189.26,189.18,189.255,983.0,BURL
2024-01-03 11:33:00,189.11,189.39,189.11,189.26,6480.0,BURL
2024-01-03 11:32:00,189.23,189.23,189.175,189.185,923.0,BURL
2024-01-03 11:31:00,189.145,189.25,189.145,189.175,2806.0,BURL
2024-01-03 11:30:00,189.125,189.19,189.125,189.14,1483.0,BURL
2024-01-03 11:29:00,189.14,189.14,189.105,189.105,627.0,BURL
2024-01-03 11:28:00,188.875,189.15,188.875,189.09,1158.0,BURL
2024-01-03 11:27:00,189.428,189.45,188.962,188.962,2773.0,BURL
2024-01-03 11:26:00,189.18,189.42,189.18,189.42,1335.0,BURL
2024-01-03 11:25:00,188.785,189.17,188.785,189.17,7959.0,BURL
2024-01-03 11:24:00,188.73,188.81,188.73,188.785,1247.0,BURL
2024-01-03 11:23:00,188.95,188.97,188.86,188.86,819.0,BURL
2024-01-03 11:22:00,189.22,189.22,188.94,188.94,1012.0,BURL
2024-01-03 11:21:00,189.42,189.42,189.155,189.28,2370.0,BURL
2024-01-03 11:20:00,189.49,189.49,189.49,189.49,113.0,BURL
2024-01-03 11:19:00,189.76,189.76,189.45,189.495,2352.0,BURL
2024-01-03 11:18:00,189.53,189.58,189.53,189.58,1332.0,BURL
2024-01-03 11:17:00,189.5,189.5,189.33,189.435,905.0,BURL
2024-01-03 11:16:00,189.32,189.505,189.32,189.505,1951.0,BURL
2024-01-03 11:15:00,189.0,189.18,189.0,189.18,1988.0,BURL
2024-01-03 11:14:00,189.355,189.355,189.15,189.15,2125.0,BURL
2024-01-03 11:13:00,189.14,189.14,189.14,189.14,718.0,BURL
2024-01-03 11:12:00,189.0,189.0,189.0,189.0,505.0,BURL
2024-01-03 11:11:00,188.895,188.895,188.85,188.85,629.0,BURL
2024-01-03 11:10:00,189.05,189.05,188.83,188.83,2116.0,BURL
2024-01-03 11:09:00,188.83,188.915,188.83,188.915,758.0,BURL
2024-01-03 11:08:00,188.705,188.79,188.705,188.78,951.0,BURL
2024-01-03 11:07:00,188.77,188.785,188.66,188.69,1129.0,BURL
2024-01-03 11:06:00,188.72,188.95,188.72,188.925,3019.0,BURL
2024-01-03 11:04:00,188.65,188.8,188.62,188.71,12104.0,BURL
2024-01-03 11:03:00,188.92,188.92,188.57,188.63,2406.0,BURL
2024-01-03 11:02:00,188.74,188.86,188.74,188.84,1191.0,BURL
2024-01-03 11:01:00,188.58,188.65,188.58,188.65,1242.0,BURL
2024-01-03 11:00:00,188.46,188.46,188.46,188.46,308.0,BURL
2024-01-03 10:59:00,188.42,188.485,188.3,188.485,2291.0,BURL
2024-01-03 10:58:00,187.74,188.22,187.74,188.22,2913.0,BURL
2024-01-03 10:57:00,187.8,187.8,187.8,187.8,172.0,BURL
2024-01-03 10:56:00,187.775,187.805,187.775,187.805,723.0,BURL
2024-01-03 10:55:00,187.74,187.775,187.74,187.775,866.0,BURL
2024-01-03 10:53:00,188.32,188.32,188.045,188.055,1887.0,BURL
2024-01-03 10:52:00,188.22,188.32,188.21,188.32,1948.0,BURL
2024-01-03 10:51:00,187.8,188.38,187.8,188.315,7269.0,BURL
2024-01-03 10:50:00,187.9,187.915,187.88,187.91,9075.0,BURL
2024-01-03 10:49:00,187.68,187.96,187.68,187.96,1780.0,BURL
2024-01-03 10:47:00,187.58,187.8,187.58,187.8,1022.0,BURL
2024-01-03 10:46:00,187.88,187.88,187.475,187.57,2489.0,BURL
2024-01-03 10:45:00,187.75,187.87,187.75,187.87,3068.0,BURL
2024-01-03 10:44:00,187.83,187.83,187.781,187.781,990.0,BURL
2024-01-03 10:43:00,187.916,187.916,187.916,187.916,209.0,BURL
2024-01-03 10:42:00,188.02,188.02,187.84,187.84,999.0,BURL
2024-01-03 10:41:00,188.0,188.05,188.0,188.025,1605.0,BURL
2024-01-03 10:40:00,187.91,187.91,187.91,187.91,932.0,BURL
2024-01-03 10:39:00,187.95,187.959,187.82,187.83,1377.0,BURL
2024-01-03 10:38:00,188.0,188.07,188.0,188.07,1021.0,BURL
2024-01-03 10:37:00,188.37,188.49,188.14,188.227,13690.0,BURL
2024-01-03 10:36:00,188.39,188.4,188.37,188.37,1539.0,BURL
2024-01-03 10:35:00,188.54,188.59,188.54,188.54,848.0,BURL
2024-01-03 10:34:00,188.59,188.59,188.59,188.59,390.0,BURL
2024-01-03 10:33:00,188.74,188.74,188.74,188.74,623.0,BURL
2024-01-03 10:32:00,188.85,189.14,188.535,188.535,26202.0,BURL
2024-01-03 10:31:00,188.68,188.685,188.68,188.685,810.0,BURL
2024-01-03 10:30:00,189.15,189.15,188.8,188.83,3649.0,BURL
2024-01-03 10:29:00,189.055,189.055,189.055,189.055,594.0,BURL
2024-01-03 10:28:00,188.71,188.9,188.7,188.8,3400.0,BURL
2024-01-03 10:27:00,188.65,188.805,188.65,188.805,2112.0,BURL
2024-01-03 10:26:00,188.715,188.72,188.58,188.645,1642.0,BURL
2024-01-03 10:25:00,188.9,188.91,188.66,188.71,3239.0,BURL
2024-01-03 10:24:00,188.73,188.935,188.69,188.92,3182.0,BURL
2024-01-03 10:23:00,188.78,188.9,188.78,188.9,1635.0,BURL
2024-01-03 10:22:00,188.83,188.91,188.71,188.765,2319.0,BURL
2024-01-03 10:21:00,188.855,188.855,188.855,188.855,263.0,BURL
2024-01-03 10:20:00,188.88,189.02,188.86,188.88,965.0,BURL
2024-01-03 10:18:00,189.23,189.23,188.83,189.04,1761.0,BURL
2024-01-03 10:17:00,189.34,189.34,189.31,189.31,1283.0,BURL
2024-01-03 10:16:00,189.31,189.56,189.29,189.56,2375.0,BURL
2024-01-03 10:15:00,189.69,189.74,189.32,189.42,2066.0,BURL
2024-01-03 10:14:00,189.92,189.97,189.7,189.72,1606.0,BURL
2024-01-03 10:13:00,190.04,190.04,189.97,189.97,1545.0,BURL
2024-01-03 10:12:00,189.92,189.96,189.92,189.96,732.0,BURL
2024-01-03 10:11:00,190.14,190.17,190.13,190.15,1808.0,BURL
2024-01-03 10:10:00,190.56,190.56,190.205,190.205,1053.0,BURL
2024-01-03 10:09:00,190.61,190.7,190.56,190.56,1532.0,BURL
2024-01-03 10:08:00,190.585,190.7,190.585,190.637,1250.0,BURL
2024-01-03 10:07:00,190.88,190.89,190.59,190.59,1970.0,BURL
2024-01-03 10:06:00,190.905,190.905,190.73,190.73,6228.0,BURL
2024-01-03 10:05:00,190.73,190.9,190.63,190.9,3677.0,BURL
2024-01-03 10:03:00,190.63,190.82,190.63,190.63,1403.0,BURL
2024-01-03 10:02:00,190.18,190.63,190.14,190.63,2101.0,BURL
2024-01-03 10:01:00,190.005,190.47,190.005,190.47,882.0,BURL
2024-01-03 10:00:00,189.325,190.06,189.325,189.975,1903.0,BURL
2024-01-03 09:59:00,189.77,189.8,189.39,189.51,1844.0,BURL
2024-01-03 09:58:00,189.95,189.985,189.8,189.985,1215.0,BURL
2024-01-03 09:57:00,189.895,189.895,189.83,189.83,661.0,BURL
2024-01-03 09:56:00,190.115,190.115,190.055,190.055,657.0,BURL
2024-01-03 09:55:00,190.34,190.34,190.17,190.17,868.0,BURL
2024-01-03 09:54:00,190.46,190.49,190.46,190.49,5189.0,BURL
2024-01-03 09:53:00,190.25,190.25,190.25,190.25,170.0,BURL
2024-01-03 09:52:00,190.58,190.58,190.24,190.465,1846.0,BURL
2024-01-03 09:51:00,190.75,190.805,190.75,190.805,574.0,BURL
2024-01-03 09:50:00,190.58,190.76,190.475,190.475,1810.0,BURL
2024-01-03 09:48:00,190.99,190.99,190.52,190.52,2708.0,BURL
2024-01-03 09:47:00,191.48,191.48,191.47,191.47,380.0,BURL
2024-01-03 09:44:00,191.32,191.32,191.12,191.26,1442.0,BURL
2024-01-03 09:43:00,191.11,191.26,191.08,191.26,1294.0,BURL
2024-01-03 09:41:00,191.358,191.445,191.358,191.44,918.0,BURL
2024-01-03 09:40:00,191.44,191.445,191.11,191.445,1266.0,BURL
2024-01-03 09:39:00,191.37,191.77,191.37,191.77,764.0,BURL
2024-01-03 09:38:00,190.775,190.775,190.775,190.775,6935.0,BURL
2024-01-03 09:37:00,190.94,191.36,190.94,191.345,1755.0,BURL
2024-01-03 09:36:00,190.965,190.965,190.435,190.435,224.0,BURL
2024-01-03 09:35:00,190.73,191.37,190.435,190.435,668.0,BURL
2024-01-03 09:34:00,190.415,190.99,190.415,190.99,473.0,BURL
2024-01-03 09:33:00,190.28,190.94,190.28,190.415,1382.0,BURL
2024-01-03 09:32:00,191.74,191.74,189.95,190.67,15247.0,BURL
2024-01-03 09:30:00,191.85,193.5,191.85,193.5,5057.0,BURL
2024-01-03 09:26:00,191.0,191.0,191.0,191.0,6.0,BURL
2024-01-03 09:20:00,191.5,191.6,191.5,191.5,70.0,BURL
2024-01-03 09:19:00,191.99,191.99,191.99,191.99,8.0,BURL
2024-01-03 09:18:00,192.05,192.05,192.05,192.05,12.0,BURL
2024-01-03 09:10:00,185.2,185.2,185.2,185.2,1.0,BURL
2024-01-03 09:05:00,192.0,192.0,192.0,192.0,300.0,BURL
2024-01-03 08:57:00,192.05,192.05,192.05,192.05,4.0,BURL
2024-01-03 08:48:00,192.0,192.0,192.0,192.0,10.0,BURL
2024-01-03 07:48:00,192.0,192.0,192.0,192.0,1.0,BURL
2024-01-03 07:00:00,194.02,194.02,194.02,194.02,35.0,BURL
2024-01-02 19:00:00,194.86,194.86,194.86,194.86,63479.0,BURL
2024-01-02 18:30:00,194.86,194.86,194.86,194.86,63479.0,BURL
2024-01-02 17:16:00,194.71,194.71,194.6,194.6,190.0,BURL
2024-01-02 17:15:00,194.8,194.81,194.71,194.71,811.0,BURL
2024-01-02 16:55:00,194.86,194.86,194.86,194.86,12019.0,BURL
2024-01-02 16:20:00,194.86,194.86,194.86,194.86,1.0,BURL
2024-01-02 16:16:00,194.86,194.86,194.86,194.86,859.0,BURL
2024-01-02 16:10:00,194.86,194.86,194.86,194.86,63479.0,BURL
2024-01-02 16:09:00,194.91,194.91,194.85,194.85,654.0,BURL
2024-01-02 16:08:00,194.48,194.9,194.48,194.9,655.0,BURL
2024-01-02 16:07:00,194.19,194.19,194.19,194.19,1.0,BURL
2024-01-02 16:02:00,194.86,194.86,194.86,194.86,10300.0,BURL
2024-01-02 16:01:00,194.86,194.86,194.86,194.86,520.0,BURL
2024-01-02 16:00:00,194.86,194.86,194.86,194.86,137252.0,BURL
2024-01-02 15:59:00,194.88,194.98,194.77,194.86,38286.0,BURL
2024-01-02 15:58:00,194.88,194.95,194.85,194.875,12672.0,BURL
2024-01-02 15:57:00,194.81,194.92,194.81,194.855,8917.0,BURL
2024-01-02 15:56:00,194.79,194.92,194.79,194.85,16248.0,BURL
2024-01-02 15:55:00,194.55,194.775,194.55,194.75,10907.0,BURL
2024-01-02 15:54:00,194.57,194.58,194.51,194.55,6057.0,BURL
2024-01-02 15:53:00,194.46,194.632,194.46,194.533,11527.0,BURL
2024-01-02 15:52:00,194.43,194.49,194.39,194.455,5916.0,BURL
2024-01-02 15:51:00,194.25,194.455,194.25,194.39,9994.0,BURL
2024-01-02 15:50:00,193.66,194.26,193.64,194.26,7409.0,BURL
2024-01-02 15:49:00,193.44,193.64,193.44,193.64,5552.0,BURL
2024-01-02 15:48:00,193.445,193.445,193.32,193.44,2948.0,BURL
2024-01-02 15:47:00,193.53,193.58,193.4,193.4,3910.0,BURL
2024-01-02 15:46:00,193.48,193.56,193.48,193.51,2785.0,BURL
2024-01-02 15:45:00,193.528,193.57,193.47,193.47,2210.0,BURL
2024-01-02 15:44:00,193.44,193.51,193.41,193.47,2069.0,BURL
2024-01-02 15:43:00,193.65,193.67,193.5,193.515,3271.0,BURL
2024-01-02 15:42:00,193.72,193.72,193.63,193.63,1161.0,BURL
2024-01-02 15:41:00,193.64,193.73,193.64,193.715,3164.0,BURL
2024-01-02 15:40:00,193.57,193.65,193.55,193.65,1492.0,BURL
2024-01-02 15:39:00,193.625,193.7,193.597,193.61,2567.0,BURL
2024-01-02 15:38:00,193.66,193.66,193.61,193.62,953.0,BURL
2024-01-02 15:37:00,193.84,193.98,193.66,193.68,11325.0,BURL
2024-01-02 15:36:00,193.825,193.9,193.795,193.9,5073.0,BURL
2024-01-02 15:35:00,193.975,193.995,193.79,193.84,2344.0,BURL
2024-01-02 15:34:00,194.185,194.185,194.01,194.015,2270.0,BURL
2024-01-02 15:33:00,194.23,194.23,194.06,194.16,4063.0,BURL
2024-01-02 15:32:00,194.17,194.255,194.13,194.16,6360.0,BURL
2024-01-02 15:31:00,194.22,194.32,194.215,194.23,3286.0,BURL
2024-01-02 15:30:00,194.125,194.29,194.1,194.225,2492.0,BURL
2024-01-02 15:29:00,194.085,194.12,194.045,194.12,1509.0,BURL
2024-01-02 15:28:00,194.025,194.11,194.015,194.085,2116.0,BURL
2024-01-02 15:27:00,194.08,194.095,193.95,194.015,3742.0,BURL
2024-01-02 15:26:00,194.08,194.08,193.94,194.035,1717.0,BURL
2024-01-02 15:25:00,194.27,194.28,194.08,194.095,1807.0,BURL
2024-01-02 15:24:00,194.115,194.26,194.115,194.256,1814.0,BURL
2024-01-02 15:23:00,194.09,194.135,194.09,194.135,676.0,BURL
2024-01-02 15:22:00,194.09,194.16,194.04,194.04,1483.0,BURL
2024-01-02 15:21:00,194.385,194.385,194.14,194.215,2640.0,BURL
2024-01-02 15:20:00,194.3,194.395,194.3,194.395,433.0,BURL
2024-01-02 15:19:00,194.32,194.32,194.31,194.31,658.0,BURL
2024-01-02 15:18:00,194.23,194.23,193.97,194.23,3924.0,BURL
2024-01-02 15:17:00,194.131,194.205,194.131,194.205,1915.0,BURL
2024-01-02 15:16:00,193.8,193.97,193.8,193.97,3115.0,BURL
2024-01-02 15:15:00,193.77,193.82,193.71,193.805,2846.0,BURL
2024-01-02 15:14:00,193.84,193.93,193.74,193.83,3014.0,BURL
2024-01-02 15:13:00,193.74,193.8,193.71,193.8,2432.0,BURL
2024-01-02 15:12:00,193.82,193.82,193.8,193.8,748.0,BURL
2024-01-02 15:11:00,193.92,193.92,193.92,193.92,325.0,BURL
2024-01-02 15:10:00,193.905,194.02,193.86,193.86,2887.0,BURL
2024-01-02 15:09:00,193.83,193.99,193.83,193.905,3243.0,BURL
2024-01-02 15:08:00,193.59,193.62,193.54,193.61,845.0,BURL
2024-01-02 15:07:00,193.51,193.59,193.51,193.59,4330.0,BURL
2024-01-02 15:06:00,193.37,193.505,193.37,193.455,3750.0,BURL
2024-01-02 15:05:00,193.29,193.303,193.29,193.29,1010.0,BURL
2024-01-02 15:04:00,193.44,193.445,193.3,193.3,2740.0,BURL
2024-01-02 15:03:00,193.39,193.44,193.37,193.44,3684.0,BURL
2024-01-02 15:02:00,193.36,193.52,193.36,193.495,2299.0,BURL
2024-01-02 15:01:00,193.41,193.41,193.32,193.355,1423.0,BURL
2024-01-02 15:00:00,193.52,193.52,193.39,193.39,1371.0,BURL
2024-01-02 14:59:00,193.56,193.59,193.49,193.49,1173.0,BURL
2024-01-02 14:58:00,193.625,193.625,193.625,193.625,253.0,BURL
2024-01-02 14:57:00,193.75,193.77,193.63,193.64,3182.0,BURL
2024-01-02 14:56:00,193.81,193.82,193.795,193.795,1177.0,BURL
2024-01-02 14:55:00,193.7,193.815,193.7,193.815,1357.0,BURL
2024-01-02 14:54:00,193.755,193.755,193.755,193.755,724.0,BURL
2024-01-02 14:53:00,193.9,193.9,193.77,193.785,1423.0,BURL
2024-01-02 14:52:00,193.885,193.885,193.85,193.85,366.0,BURL
2024-01-02 14:51:00,193.85,193.85,193.82,193.82,462.0,BURL
2024-01-02 14:50:00,193.865,193.865,193.77,193.82,2697.0,BURL
2024-01-02 14:49:00,193.91,193.91,193.91,193.91,428.0,BURL
2024-01-02 14:48:00,193.82,193.87,193.81,193.87,1615.0,BURL
2024-01-02 14:47:00,193.82,193.91,193.82,193.91,871.0,BURL
2024-01-02 14:46:00,193.71,193.885,193.71,193.885,1176.0,BURL
2024-01-02 14:45:00,193.575,193.64,193.51,193.64,1727.0,BURL
2024-01-02 14:44:00,193.591,193.591,193.47,193.56,2540.0,BURL
2024-01-02 14:43:00,193.495,193.6,193.49,193.6,2586.0,BURL
2024-01-02 14:42:00,193.47,193.47,193.47,193.47,178.0,BURL
2024-01-02 14:41:00,193.405,193.56,193.37,193.56,1756.0,BURL
2024-01-02 14:40:00,193.435,193.435,193.38,193.405,1205.0,BURL
2024-01-02 14:39:00,193.43,193.495,193.42,193.46,1592.0,BURL
2024-01-02 14:38:00,193.47,193.47,193.44,193.44,902.0,BURL
2024-01-02 14:37:00,193.665,193.665,193.53,193.57,1678.0,BURL
2024-01-02 14:36:00,193.7,193.7,193.7,193.7,444.0,BURL
2024-01-02 14:35:00,193.72,193.75,193.63,193.63,889.0,BURL
2024-01-02 14:34:00,193.7,193.76,193.7,193.76,836.0,BURL
2024-01-02 14:33:00,193.71,193.71,193.66,193.66,945.0,BURL
2024-01-02 14:32:00,193.77,193.9,193.76,193.795,1505.0,BURL
2024-01-02 14:31:00,193.93,193.96,193.8,193.82,1510.0,BURL
2024-01-02 14:30:00,193.92,193.92,193.83,193.91,920.0,BURL
2024-01-02 14:29:00,193.985,193.99,193.96,193.96,920.0,BURL
2024-01-02 14:28:00,193.88,193.93,193.84,193.925,1464.0,BURL
2024-01-02 14:27:00,193.72,193.87,193.72,193.87,2333.0,BURL
2024-01-02 14:25:00,193.72,193.72,193.645,193.645,461.0,BURL
2024-01-02 14:24:00,193.705,193.715,193.705,193.715,285.0,BURL
2024-01-02 14:23:00,193.64,193.74,193.64,193.64,918.0,BURL
2024-01-02 14:22:00,193.865,193.865,193.72,193.72,2462.0,BURL
2024-01-02 14:21:00,193.796,193.796,193.795,193.795,245.0,BURL
2024-01-02 14:20:00,193.7,193.95,193.7,193.95,2551.0,BURL
2024-01-02 14:19:00,193.74,193.808,193.675,193.755,1918.0,BURL
2024-01-02 14:18:00,193.63,193.63,193.6,193.62,1446.0,BURL
2024-01-02 14:17:00,193.74,193.74,193.71,193.74,882.0,BURL
2024-01-02 14:16:00,193.83,193.83,193.83,193.83,555.0,BURL
2024-01-02 14:15:00,193.94,193.94,193.94,193.94,964.0,BURL
2024-01-02 14:14:00,194.15,194.185,193.97,194.02,2263.0,BURL
2024-01-02 14:12:00,193.99,194.05,193.99,194.05,1775.0,BURL
2024-01-02 14:11:00,193.81,193.93,193.805,193.93,761.0,BURL
2024-01-02 14:10:00,193.79,193.97,193.79,193.85,2788.0,BURL
2024-01-02 14:09:00,193.75,193.75,193.695,193.695,724.0,BURL
2024-01-02 14:07:00,193.765,193.77,193.765,193.765,1028.0,BURL
2024-01-02 14:06:00,193.7,193.85,193.7,193.85,327.0,BURL
2024-01-02 14:04:00,193.82,193.82,193.69,193.765,670.0,BURL
2024-01-02 14:03:00,193.9,193.9,193.799,193.799,1099.0,BURL
2024-01-02 14:02:00,193.93,193.96,193.93,193.96,944.0,BURL
2024-01-02 14:01:00,193.94,193.985,193.94,193.945,985.0,BURL
2024-01-02 14:00:00,194.03,194.13,194.03,194.13,475.0,BURL
2024-01-02 13:59:00,194.05,194.05,194.05,194.05,485.0,BURL
2024-01-02 13:57:00,194.18,194.273,194.05,194.095,2199.0,BURL
2024-01-02 13:56:00,194.235,194.35,194.235,194.295,1660.0,BURL
2024-01-02 13:54:00,194.28,194.28,194.24,194.24,302.0,BURL
2024-01-02 13:52:00,194.21,194.21,194.21,194.21,251.0,BURL
2024-01-02 13:51:00,194.23,194.23,194.23,194.23,479.0,BURL
2024-01-02 13:50:00,194.075,194.16,194.075,194.16,933.0,BURL
2024-01-02 13:49:00,194.23,194.23,194.15,194.15,794.0,BURL
2024-01-02 13:48:00,194.115,194.115,194.115,194.115,441.0,BURL
2024-01-02 13:46:00,194.095,194.095,194.095,194.095,316.0,BURL
2024-01-02 13:45:00,194.17,194.17,194.02,194.02,1089.0,BURL
2024-01-02 13:44:00,194.38,194.38,194.2,194.2,828.0,BURL
2024-01-02 13:43:00,194.32,194.33,194.32,194.33,556.0,BURL
2024-01-02 13:42:00,194.415,194.44,194.33,194.34,2942.0,BURL
2024-01-02 13:40:00,194.49,194.49,194.49,194.49,282.0,BURL
2024-01-02 13:36:00,194.51,194.51,194.51,194.51,283.0,BURL
2024-01-02 13:35:00,194.555,194.555,194.44,194.44,598.0,BURL
2024-01-02 13:34:00,194.52,194.65,194.52,194.61,1181.0,BURL
2024-01-02 13:33:00,194.48,194.48,194.455,194.455,848.0,BURL
2024-01-02 13:31:00,194.35,194.35,194.35,194.35,327.0,BURL
2024-01-02 13:29:00,194.42,194.49,194.28,194.28,879.0,BURL
2024-01-02 13:28:00,194.42,194.42,194.42,194.42,127.0,BURL
2024-01-02 13:26:00,194.195,194.4,194.195,194.4,878.0,BURL
2024-01-02 13:25:00,194.12,194.24,194.12,194.23,1133.0,BURL
2024-01-02 13:24:00,194.26,194.26,194.26,194.26,268.0,BURL
2024-01-02 13:23:00,194.455,194.455,194.3,194.3,1786.0,BURL
2024-01-02 13:22:00,194.59,194.59,194.465,194.465,329.0,BURL
2024-01-02 13:21:00,194.465,194.465,194.465,194.465,524.0,BURL
2024-01-02 13:19:00,194.445,194.575,194.445,194.575,261.0,BURL
2024-01-02 13:18:00,194.43,194.43,194.43,194.43,452.0,BURL
2024-01-02 13:17:00,194.3,194.3,194.3,194.3,421.0,BURL
2024-01-02 13:16:00,194.36,194.36,194.18,194.18,2144.0,BURL
2024-01-02 13:14:00,194.45,194.45,194.45,194.45,200.0,BURL
2024-01-02 13:13:00,193.965,194.41,193.965,194.41,2732.0,BURL
2024-01-02 13:12:00,193.85,193.86,193.85,193.85,690.0,BURL
2024-01-02 13:09:00,193.83,193.83,193.83,193.83,166.0,BURL
2024-01-02 13:08:00,194.17,194.17,194.17,194.17,310.0,BURL
2024-01-02 13:07:00,194.36,194.455,194.275,194.275,1922.0,BURL
2024-01-02 13:06:00,194.44,194.44,194.44,194.44,307.0,BURL
2024-01-02 13:05:00,194.55,194.55,194.55,194.55,161.0,BURL
2024-01-02 13:03:00,194.47,194.47,194.47,194.47,747.0,BURL
2024-01-02 13:02:00,194.515,194.515,194.44,194.48,816.0,BURL
2024-01-02 13:01:00,194.47,194.515,194.46,194.515,803.0,BURL
2024-01-02 13:00:00,194.48,194.5,194.48,194.48,1147.0,BURL
2024-01-02 12:59:00,194.605,194.605,194.605,194.605,351.0,BURL
2024-01-02 12:58:00,194.52,194.565,194.49,194.565,737.0,BURL
2024-01-02 12:57:00,194.56,194.645,194.52,194.645,612.0,BURL
2024-01-02 12:56:00,194.64,194.64,194.64,194.64,481.0,BURL
2024-01-02 12:55:00,194.605,194.605,194.605,194.605,600.0,BURL
2024-01-02 12:54:00,194.635,194.77,194.635,194.77,661.0,BURL
2024-01-02 12:52:00,194.63,194.63,194.63,194.63,159.0,BURL
2024-01-02 12:51:00,194.44,194.59,194.29,194.59,6514.0,BURL
2024-01-02 12:50:00,194.525,194.525,194.525,194.525,184.0,BURL
2024-01-02 12:48:00,194.52,194.54,194.46,194.508,2492.0,BURL
2024-01-02 12:44:00,194.58,194.58,194.58,194.58,203.0,BURL
2024-01-02 12:43:00,194.61,194.61,194.58,194.605,1014.0,BURL
2024-01-02 12:42:00,194.55,194.68,194.53,194.68,2406.0,BURL
2024-01-02 12:40:00,194.518,194.56,194.47,194.495,1334.0,BURL
2024-01-02 12:39:00,194.465,194.47,194.43,194.43,1052.0,BURL
2024-01-02 12:38:00,194.2,194.35,194.2,194.335,1738.0,BURL
2024-01-02 12:37:00,194.04,194.09,193.98,193.98,876.0,BURL
2024-01-02 12:36:00,194.15,194.165,194.04,194.165,601.0,BURL
2024-01-02 12:34:00,194.195,194.195,194.195,194.195,385.0,BURL
2024-01-02 12:33:00,194.38,194.438,194.24,194.24,1713.0,BURL
2024-01-02 12:32:00,194.32,194.52,194.32,194.52,223.0,BURL
2024-01-02 12:31:00,194.43,194.43,194.43,194.43,236.0,BURL
2024-01-02 12:30:00,194.43,194.43,194.36,194.43,988.0,BURL
2024-01-02 12:29:00,194.48,194.505,194.3,194.39,857.0,BURL
2024-01-02 12:28:00,194.61,194.61,194.55,194.55,377.0,BURL
2024-01-02 12:26:00,194.95,194.95,194.66,194.775,1589.0,BURL
2024-01-02 12:25:00,194.9,194.94,194.87,194.875,788.0,BURL
2024-01-02 12:24:00,195.02,195.02,195.02,195.02,538.0,BURL
2024-01-02 12:23:00,194.91,194.91,194.91,194.91,1310.0,BURL
2024-01-02 12:22:00,195.05,195.05,195.05,195.05,267.0,BURL
2024-01-02 12:20:00,194.94,195.055,194.94,195.04,940.0,BURL
2024-01-02 12:19:00,195.1,195.1,195.05,195.05,598.0,BURL
2024-01-02 12:17:00,195.02,195.02,194.895,194.895,996.0,BURL
2024-01-02 12:16:00,195.06,195.06,194.98,195.015,1110.0,BURL
2024-01-02 12:15:00,195.12,195.21,195.07,195.15,2279.0,BURL
2024-01-02 12:14:00,195.335,195.34,195.22,195.34,1343.0,BURL
2024-01-02 12:13:00,195.25,195.345,195.25,195.345,334.0,BURL
2024-01-02 12:12:00,195.32,195.435,195.25,195.31,1832.0,BURL
2024-01-02 12:11:00,195.115,195.25,195.11,195.25,1713.0,BURL
2024-01-02 12:10:00,195.07,195.19,195.07,195.19,1165.0,BURL
2024-01-02 12:09:00,195.145,195.145,195.04,195.145,782.0,BURL
2024-01-02 12:08:00,195.03,195.14,195.03,195.14,977.0,BURL
2024-01-02 12:07:00,195.165,195.165,194.94,195.02,2589.0,BURL
2024-01-02 12:06:00,195.09,195.09,195.09,195.09,790.0,BURL
2024-01-02 12:05:00,195.033,195.032,195.01,195.025,867.0,BURL
2024-01-02 12:04:00,194.745,195.0,194.742,195.0,8526.0,BURL
2024-01-02 12:03:00,194.67,194.67,194.67,194.67,671.0,BURL
2024-01-02 12:02:00,194.705,194.77,194.697,194.705,1631.0,BURL
2024-01-02 12:01:00,194.605,194.67,194.605,194.67,600.0,BURL
2024-01-02 12:00:00,194.41,194.665,194.41,194.665,1480.0,BURL
2024-01-02 11:59:00,194.58,194.58,194.49,194.49,623.0,BURL
2024-01-02 11:58:00,194.55,194.58,194.55,194.58,505.0,BURL
2024-01-02 11:57:00,194.465,194.56,194.465,194.56,1022.0,BURL
2024-01-02 11:56:00,194.58,194.58,194.58,194.58,466.0,BURL
2024-01-02 11:55:00,194.56,194.56,194.47,194.47,616.0,BURL
2024-01-02 11:54:00,194.46,194.56,194.46,194.465,640.0,BURL
2024-01-02 11:53:00,194.455,194.455,194.455,194.455,418.0,BURL
2024-01-02 11:52:00,194.4,194.49,194.4,194.49,2050.0,BURL
2024-01-02 11:51:00,194.395,194.395,194.29,194.29,365.0,BURL
2024-01-02 11:48:00,194.26,194.31,194.19,194.31,2255.0,BURL
2024-01-02 11:47:00,194.33,194.38,194.33,194.33,1232.0,BURL
2024-01-02 11:46:00,194.28,194.28,194.21,194.21,799.0,BURL
2024-01-02 11:45:00,194.17,194.22,194.17,194.22,1570.0,BURL
2024-01-02 11:43:00,194.32,194.32,194.32,194.32,279.0,BURL
2024-01-02 11:42:00,194.265,194.265,194.265,194.265,706.0,BURL
2024-01-02 11:40:00,194.27,194.3,194.19,194.265,1787.0,BURL
2024-01-02 11:38:00,194.44,194.44,194.11,194.11,1205.0,BURL
2024-01-02 11:37:00,194.35,194.35,194.27,194.27,493.0,BURL
2024-01-02 11:36:00,194.23,194.24,194.23,194.24,1055.0,BURL
2024-01-02 11:35:00,193.97,194.11,193.95,194.11,2128.0,BURL
2024-01-02 11:33:00,194.07,194.075,194.07,194.07,818.0,BURL
2024-01-02 11:32:00,193.99,194.075,193.952,194.07,2424.0,BURL
2024-01-02 11:31:00,194.09,194.09,194.03,194.075,1150.0,BURL
2024-01-02 11:30:00,194.19,194.19,194.08,194.08,587.0,BURL
2024-01-02 11:29:00,194.205,194.205,194.065,194.135,507.0,BURL
2024-01-02 11:28:00,194.035,194.15,194.035,194.12,1501.0,BURL
2024-01-02 11:27:00,193.97,194.05,193.95,194.05,1527.0,BURL
2024-01-02 11:26:00,193.835,193.955,193.835,193.955,1010.0,BURL
2024-01-02 11:25:00,193.975,193.975,193.875,193.875,934.0,BURL
2024-01-02 11:23:00,193.965,193.97,193.965,193.97,593.0,BURL
2024-01-02 11:22:00,193.795,193.95,193.795,193.95,919.0,BURL
2024-01-02 11:21:00,193.78,193.87,193.75,193.87,2033.0,BURL
2024-01-02 11:20:00,193.99,193.99,193.99,193.99,215.0,BURL
2024-01-02 11:19:00,194.41,194.41,194.21,194.21,1695.0,BURL
2024-01-02 11:18:00,194.435,194.44,194.37,194.37,1115.0,BURL
2024-01-02 11:17:00,194.415,194.415,194.29,194.31,574.0,BURL
2024-01-02 11:16:00,194.305,194.41,194.305,194.41,405.0,BURL
2024-01-02 11:15:00,194.31,194.4,194.29,194.38,2275.0,BURL
2024-01-02 11:14:00,194.08,194.23,194.08,194.19,3466.0,BURL
2024-01-02 11:12:00,194.36,194.435,194.15,194.195,2602.0,BURL
2024-01-02 11:11:00,194.6,194.6,194.49,194.49,356.0,BURL
2024-01-02 11:10:00,194.62,194.62,194.45,194.55,1229.0,BURL
2024-01-02 11:09:00,194.27,194.5,194.175,194.5,3128.0,BURL
2024-01-02 11:08:00,194.115,194.245,194.115,194.245,656.0,BURL
2024-01-02 11:07:00,194.09,194.275,194.08,194.17,2025.0,BURL
2024-01-02 11:06:00,194.19,194.19,194.19,194.19,319.0,BURL
2024-01-02 11:05:00,194.03,194.24,194.03,194.19,2413.0,BURL
2024-01-02 11:04:00,193.89,194.09,193.89,194.005,2060.0,BURL
2024-01-02 11:02:00,193.7,193.87,193.7,193.87,1180.0,BURL
2024-01-02 11:00:00,193.91,193.92,193.71,193.755,983.0,BURL
2024-01-02 10:59:00,193.93,193.99,193.72,193.99,2972.0,BURL
2024-01-02 10:58:00,193.84,193.94,193.84,193.94,718.0,BURL
2024-01-02 10:57:00,193.87,193.87,193.84,193.84,451.0,BURL
2024-01-02 10:56:00,194.15,194.31,194.15,194.15,1618.0,BURL
2024-01-02 10:55:00,194.56,194.56,194.29,194.345,2383.0,BURL
2024-01-02 10:53:00,194.93,194.93,194.7,194.7,1734.0,BURL
2024-01-02 10:52:00,195.2,195.2,195.04,195.07,1593.0,BURL
2024-01-02 10:51:00,195.385,195.385,195.385,195.385,283.0,BURL
2024-01-02 10:49:00,195.38,195.38,195.275,195.275,666.0,BURL
2024-01-02 10:48:00,195.02,195.37,195.02,195.37,3045.0,BURL
2024-01-02 10:47:00,194.86,194.975,194.86,194.975,439.0,BURL
2024-01-02 10:46:00,195.04,195.04,194.93,194.93,1356.0,BURL
2024-01-02 10:45:00,195.275,195.275,195.275,195.275,217.0,BURL
2024-01-02 10:44:00,195.23,195.37,195.23,195.275,1049.0,BURL
2024-01-02 10:43:00,195.16,195.26,195.13,195.19,1251.0,BURL
2024-01-02 10:42:00,195.37,195.48,195.37,195.37,1576.0,BURL
2024-01-02 10:41:00,195.19,195.19,195.19,195.19,410.0,BURL
2024-01-02 10:40:00,194.89,195.22,194.84,195.22,2611.0,BURL
2024-01-02 10:39:00,195.055,195.055,195.055,195.055,311.0,BURL
2024-01-02 10:38:00,195.16,195.24,195.12,195.12,1634.0,BURL
2024-01-02 10:37:00,195.39,195.4,195.23,195.25,7513.0,BURL
2024-01-02 10:36:00,195.47,195.65,195.47,195.63,1144.0,BURL
2024-01-02 10:35:00,195.535,195.65,195.535,195.65,514.0,BURL
2024-01-02 10:34:00,195.865,195.865,195.61,195.69,2107.0,BURL
2024-01-02 10:33:00,195.91,195.91,195.91,195.91,516.0,BURL
2024-01-02 10:32:00,195.84,195.84,195.678,195.78,1349.0,BURL
2024-01-02 10:31:00,195.97,195.97,195.78,195.84,1353.0,BURL
2024-01-02 10:30:00,196.15,196.25,195.97,195.995,4316.0,BURL
2024-01-02 10:29:00,196.15,196.33,196.15,196.33,797.0,BURL
2024-01-02 10:28:00,196.3,196.3,196.15,196.29,391.0,BURL
2024-01-02 10:27:00,196.295,196.295,196.16,196.275,597.0,BURL
2024-01-02 10:26:00,196.185,196.185,196.17,196.17,387.0,BURL
2024-01-02 10:25:00,196.16,196.321,196.16,196.207,838.0,BURL
2024-01-02 10:24:00,196.03,196.25,196.03,196.08,4552.0,BURL
2024-01-02 10:23:00,196.025,196.025,196.025,196.025,362.0,BURL
2024-01-02 10:22:00,196.03,196.05,196.03,196.05,494.0,BURL
2024-01-02 10:21:00,196.22,196.25,196.195,196.195,708.0,BURL
2024-01-02 10:20:00,196.06,196.06,196.02,196.03,1409.0,BURL
2024-01-02 10:19:00,196.23,196.4,196.07,196.07,2197.0,BURL
2024-01-02 10:18:00,196.37,196.37,196.16,196.3,3137.0,BURL
2024-01-02 10:17:00,196.13,196.13,196.005,196.09,1649.0,BURL
2024-01-02 10:16:00,196.17,196.32,196.09,196.285,2415.0,BURL
2024-01-02 10:14:00,196.48,196.48,196.13,196.13,921.0,BURL
2024-01-02 10:12:00,196.73,196.73,196.685,196.685,512.0,BURL
2024-01-02 10:11:00,196.76,196.76,196.58,196.58,2549.0,BURL
2024-01-02 10:10:00,197.0,197.02,197.0,197.02,964.0,BURL
2024-01-02 10:08:00,196.87,196.87,196.85,196.85,1733.0,BURL
2024-01-02 10:06:00,197.003,197.002,197.002,197.002,549.0,BURL
2024-01-02 10:05:00,196.87,197.02,196.86,197.02,3306.0,BURL
2024-01-02 10:04:00,197.18,197.18,197.04,197.04,3846.0,BURL
2024-01-02 10:03:00,197.04,197.1,197.035,197.035,1883.0,BURL
2024-01-02 10:02:00,196.66,196.98,196.56,196.93,10239.0,BURL
2024-01-02 10:01:00,196.745,196.83,196.745,196.83,1228.0,BURL
2024-01-02 10:00:00,196.87,196.87,196.87,196.87,219.0,BURL
2024-01-02 09:59:00,196.65,196.65,196.65,196.65,385.0,BURL
2024-01-02 09:57:00,196.57,196.57,196.31,196.52,1685.0,BURL
2024-01-02 09:56:00,196.88,196.885,196.69,196.7,1461.0,BURL
2024-01-02 09:55:00,196.59,196.81,196.59,196.81,991.0,BURL
2024-01-02 09:54:00,196.4,196.57,196.4,196.57,715.0,BURL
2024-01-02 09:53:00,196.67,196.67,196.285,196.285,2357.0,BURL
2024-01-02 09:52:00,196.42,196.82,196.42,196.77,3347.0,BURL
2024-01-02 09:51:00,196.19,196.83,196.19,196.83,1104.0,BURL
2024-01-02 09:50:00,195.79,196.0,195.79,196.0,936.0,BURL
2024-01-02 09:49:00,195.55,195.7,195.55,195.7,965.0,BURL
2024-01-02 09:47:00,195.65,195.73,195.65,195.73,719.0,BURL
2024-01-02 09:46:00,195.16,195.7,195.16,195.56,2989.0,BURL
2024-01-02 09:45:00,195.29,195.29,195.29,195.29,228.0,BURL
2024-01-02 09:44:00,195.37,195.58,195.16,195.305,7582.0,BURL
2024-01-02 09:43:00,195.57,195.57,195.57,195.57,281.0,BURL
2024-01-02 09:42:00,194.72,195.165,194.56,195.165,597.0,BURL
2024-01-02 09:41:00,194.54,194.54,194.54,194.54,264.0,BURL
2024-01-02 09:40:00,193.93,193.95,193.91,193.91,1296.0,BURL
2024-01-02 09:39:00,193.57,193.57,193.57,193.57,473.0,BURL
2024-01-02 09:38:00,193.94,194.01,193.57,194.01,1713.0,BURL
2024-01-02 09:37:00,193.61,194.2,192.985,193.92,5765.0,BURL
2024-01-02 09:35:00,192.28,192.37,192.26,192.26,479.0,BURL
2024-01-02 09:33:00,192.97,192.97,192.97,192.97,270.0,BURL
2024-01-02 09:32:00,192.965,192.965,192.965,192.965,313.0,BURL
2024-01-02 09:31:00,192.05,192.05,192.05,192.05,198.0,BURL
2024-01-02 09:30:00,192.35,192.8,192.05,192.8,5256.0,BURL
2024-01-02 08:35:00,194.48,194.48,194.48,194.48,6768.0,BURL
2024-01-02 08:31:00,194.48,194.48,194.48,194.48,208.0,BURL
2024-01-02 08:01:00,194.48,194.48,194.48,194.48,4.0,BURL
2024-01-02 04:05:00,194.48,194.48,194.48,194.48,1.0,BURL
2023-12-29 19:00:00,194.48,194.48,194.48,194.48,97934.0,BURL
2023-12-29 18:46:00,198.47,198.47,198.47,198.47,1.0,BURL
2023-12-29 18:30:00,194.48,194.48,194.48,194.48,97934.0,BURL
2023-12-29 18:03:00,193.47,193.47,193.47,193.47,75.0,BURL
2023-12-29 17:59:00,193.93,193.93,193.93,193.93,25.0,BURL
2023-12-29 17:25:00,194.03,194.03,193.98,193.98,143.0,BURL
2023-12-29 17:16:00,194.22,194.22,194.01,194.01,1379.0,BURL
2023-12-29 17:15:00,194.5,194.5,194.31,194.31,338.0,BURL
2023-12-29 17:14:00,195.03,195.03,194.505,194.51,787.0,BURL
2023-12-29 17:13:00,195.39,195.39,194.62,195.01,327.0,BURL
2023-12-29 17:12:00,194.28,199.05,194.28,199.05,572.0,BURL
2023-12-29 17:11:00,194.05,194.25,194.05,194.25,818.0,BURL
2023-12-29 17:06:00,194.07,194.07,194.07,194.07,99.0,BURL
2023-12-29 17:05:00,194.03,194.1,194.03,194.1,121.0,BURL
2023-12-29 17:03:00,194.15,194.15,194.15,194.15,100.0,BURL
2023-12-29 16:58:00,194.48,194.48,194.48,194.48,11028.0,BURL
2023-12-29 16:50:00,194.21,194.21,194.21,194.21,17.0,BURL
2023-12-29 16:49:00,194.2,194.2,194.2,194.2,260.0,BURL
2023-12-29 16:45:00,194.31,194.31,194.31,194.31,75.0,BURL
2023-12-29 16:44:00,194.3,194.3,194.3,194.3,150.0,BURL
2023-12-29 16:43:00,194.29,194.29,194.28,194.28,635.0,BURL
2023-12-29 16:42:00,194.37,194.37,194.36,194.36,200.0,BURL
2023-12-29 16:41:00,194.31,194.35,194.3,194.33,887.0,BURL
2023-12-29 16:40:00,194.48,194.48,194.34,194.35,67266.0,BURL
2023-12-29 16:39:00,194.32,194.35,194.32,194.35,590.0,BURL
2023-12-29 16:38:00,194.3,194.32,194.3,194.31,1955.0,BURL
2023-12-29 16:37:00,194.28,194.58,194.2,194.35,14470.0,BURL
2023-12-29 16:36:00,194.3,194.37,194.23,194.35,12386.0,BURL
2023-12-29 16:35:00,194.25,194.37,194.22,194.28,7441.0,BURL
2023-12-29 16:34:00,194.3,194.47,194.2,194.38,6031.0,BURL
2023-12-29 16:33:00,194.27,194.27,194.17,194.21,784.0,BURL
2023-12-29 16:32:00,194.3,194.3,194.27,194.27,375.0,BURL
2023-12-29 16:31:00,194.3,194.37,194.21,194.32,3218.0,BURL
2023-12-29 16:30:00,194.3,194.35,194.3,194.31,1041.0,BURL
2023-12-29 16:29:00,194.35,194.37,194.23,194.36,4852.0,BURL
2023-12-29 16:28:00,194.38,194.47,194.21,194.3,5249.0,BURL
2023-12-29 16:27:00,194.3,194.37,194.17,194.35,5729.0,BURL
2023-12-29 16:26:00,194.38,194.46,194.16,194.35,2880.0,BURL
2023-12-29 16:25:00,194.37,194.4,194.3,194.37,2564.0,BURL
2023-12-29 16:24:00,194.35,194.47,194.21,194.4,7851.0,BURL
2023-12-29 16:23:00,194.35,194.55,194.16,194.26,4955.0,BURL
2023-12-29 16:22:00,194.25,194.49,194.16,194.16,8068.0,BURL
2023-12-29 16:21:00,194.34,194.49,194.2,194.35,2587.0,BURL
2023-12-29 16:20:00,194.23,194.39,194.09,194.09,3532.0,BURL
2023-12-29 16:19:00,194.33,194.58,194.17,194.4,5109.0,BURL
2023-12-29 16:18:00,194.47,194.52,194.07,194.07,3464.0,BURL
2023-12-29 16:17:00,194.31,194.4,194.21,194.28,3218.0,BURL
2023-12-29 16:16:00,194.3,194.59,194.22,194.22,5126.0,BURL
2023-12-29 16:15:00,194.47,194.63,194.16,194.16,5175.0,BURL
2023-12-29 16:14:00,194.5,194.73,194.4,194.45,3575.0,BURL
2023-12-29 16:13:00,194.58,194.68,194.41,194.65,1848.0,BURL
2023-12-29 16:12:00,194.65,194.68,194.5,194.68,2474.0,BURL
2023-12-29 16:11:00,194.33,194.89,194.33,194.74,1143.0,BURL
2023-12-29 16:10:00,194.48,194.61,194.3,194.3,99036.0,BURL
2023-12-29 16:09:00,194.6,194.67,194.31,194.44,818.0,BURL
2023-12-29 16:08:00,194.7,194.7,194.55,194.64,2788.0,BURL
2023-12-29 16:07:00,194.65,194.66,194.37,194.37,41.0,BURL
2023-12-29 16:06:00,194.55,196.7,194.47,194.74,5545.0,BURL
2023-12-29 16:05:00,194.42,194.5,194.42,194.45,2720.0,BURL
2023-12-29 16:04:00,194.49,194.55,194.48,194.55,1189.0,BURL
2023-12-29 16:03:00,194.48,194.48,194.48,194.48,364.0,BURL
2023-12-29 16:02:00,194.48,194.48,194.48,194.48,626.0,BURL
2023-12-29 16:01:00,194.48,194.48,194.48,194.48,664.0,BURL
2023-12-29 16:00:00,194.32,194.481,194.32,194.48,252368.0,BURL
2023-12-29 15:59:00,194.455,194.62,194.32,194.32,30350.0,BURL
2023-12-29 15:58:00,194.44,194.57,194.39,194.42,25352.0,BURL
2023-12-29 15:57:00,194.555,194.555,194.39,194.435,10427.0,BURL
2023-12-29 15:56:00,194.51,194.6,194.36,194.39,14090.0,BURL
2023-12-29 15:55:00,194.45,194.57,194.41,194.53,11368.0,BURL
2023-12-29 15:54:00,194.665,194.73,194.46,194.46,13444.0,BURL
2023-12-29 15:53:00,194.66,194.75,194.65,194.71,7073.0,BURL
2023-12-29 15:52:00,194.71,194.9,194.685,194.73,11490.0,BURL
2023-12-29 15:51:00,194.62,194.72,194.61,194.69,4829.0,BURL
2023-12-29 15:50:00,194.67,194.705,194.405,194.67,6872.0,BURL
2023-12-29 15:49:00,194.7,194.73,194.68,194.73,3117.0,BURL
2023-12-29 15:48:00,194.65,194.745,194.59,194.69,6237.0,BURL
2023-12-29 15:47:00,194.75,194.785,194.65,194.66,3365.0,BURL
2023-12-29 15:46:00,194.77,194.77,194.69,194.7,1884.0,BURL
2023-12-29 15:45:00,194.74,194.75,194.735,194.75,1267.0,BURL
2023-12-29 15:44:00,194.7,194.74,194.68,194.74,1260.0,BURL
2023-12-29 15:43:00,194.76,194.79,194.7,194.7,2758.0,BURL
2023-12-29 15:42:00,194.855,194.875,194.85,194.875,1715.0,BURL
2023-12-29 15:41:00,194.79,194.79,194.79,194.79,576.0,BURL
2023-12-29 15:40:00,194.85,194.86,194.68,194.68,2658.0,BURL
2023-12-29 15:39:00,194.78,194.85,194.77,194.78,1032.0,BURL
2023-12-29 15:38:00,194.78,194.83,194.69,194.83,7827.0,BURL
2023-12-29 15:37:00,194.82,194.835,194.82,194.835,542.0,BURL
2023-12-29 15:36:00,194.82,194.82,194.81,194.82,588.0,BURL
2023-12-29 15:35:00,194.79,194.87,194.74,194.82,1135.0,BURL
2023-12-29 15:34:00,194.97,195.0,194.77,194.77,1904.0,BURL
2023-12-29 15:33:00,194.91,194.97,194.89,194.95,1522.0,BURL
2023-12-29 15:32:00,194.87,194.99,194.87,194.99,1730.0,BURL
2023-12-29 15:31:00,194.825,194.9,194.78,194.89,4232.0,BURL
2023-12-29 15:30:00,194.925,194.925,194.77,194.77,1954.0,BURL
2023-12-29 15:29:00,194.87,194.937,194.84,194.935,1701.0,BURL
2023-12-29 15:28:00,194.925,195.01,194.925,194.98,1770.0,BURL
2023-12-29 15:27:00,194.965,194.965,194.9,194.925,1744.0,BURL
2023-12-29 15:26:00,194.9,194.9,194.9,194.9,497.0,BURL
2023-12-29 15:25:00,194.87,194.88,194.87,194.88,1158.0,BURL
2023-12-29 15:24:00,194.89,194.89,194.89,194.89,131.0,BURL
2023-12-29 15:23:00,194.88,194.88,194.88,194.88,116.0,BURL
2023-12-29 15:22:00,194.745,194.83,194.745,194.82,1575.0,BURL
2023-12-29 15:21:00,194.6,194.66,194.55,194.66,1599.0,BURL
2023-12-29 15:20:00,194.72,194.725,194.65,194.661,1053.0,BURL
2023-12-29 15:19:00,194.84,194.84,194.73,194.73,1046.0,BURL
2023-12-29 15:18:00,194.76,194.81,194.62,194.77,5297.0,BURL
2023-12-29 15:17:00,194.695,194.715,194.68,194.68,2392.0,BURL
2023-12-29 15:16:00,194.69,194.74,194.69,194.74,848.0,BURL
2023-12-29 15:15:00,194.83,194.83,194.72,194.72,962.0,BURL
2023-12-29 15:14:00,194.85,194.85,194.85,194.85,435.0,BURL
2023-12-29 15:13:00,194.74,194.77,194.73,194.77,402.0,BURL
2023-12-29 15:12:00,194.75,194.75,194.75,194.75,258.0,BURL
2023-12-29 15:11:00,194.771,194.827,194.77,194.827,1643.0,BURL
2023-12-29 15:10:00,194.83,194.83,194.83,194.83,1012.0,BURL
2023-12-29 15:09:00,194.77,194.78,194.74,194.77,4390.0,BURL
2023-12-29 15:08:00,194.63,194.731,194.59,194.73,3666.0,BURL
2023-12-29 15:07:00,194.63,194.63,194.63,194.63,151.0,BURL
2023-12-29 15:05:00,194.54,194.54,194.54,194.54,737.0,BURL
2023-12-29 15:04:00,194.835,194.835,194.76,194.76,707.0,BURL
2023-12-29 15:03:00,194.85,194.85,194.85,194.85,459.0,BURL
2023-12-29 15:02:00,194.86,194.865,194.86,194.865,303.0,BURL
2023-12-29 15:01:00,194.96,194.96,194.81,194.81,1228.0,BURL
2023-12-29 14:59:00,195.0,195.02,194.9,194.925,1966.0,BURL
2023-12-29 14:58:00,195.045,195.055,195.04,195.055,634.0,BURL
2023-12-29 14:57:00,195.03,195.03,195.03,195.03,115.0,BURL
2023-12-29 14:56:00,194.94,195.02,194.94,195.0,2020.0,BURL
2023-12-29 14:54:00,195.02,195.02,194.86,194.93,882.0,BURL
2023-12-29 14:53:00,194.945,195.0,194.945,195.0,802.0,BURL
2023-12-29 14:51:00,194.97,194.97,194.87,194.93,1272.0,BURL
2023-12-29 14:50:00,194.94,195.02,194.94,194.96,1216.0,BURL
2023-12-29 14:49:00,194.84,194.87,194.84,194.86,1109.0,BURL
2023-12-29 14:48:00,194.885,194.915,194.885,194.915,824.0,BURL
2023-12-29 14:47:00,194.86,194.86,194.86,194.86,453.0,BURL
2023-12-29 14:46:00,194.82,194.84,194.76,194.76,859.0,BURL
2023-12-29 14:45:00,194.94,194.94,194.94,194.94,312.0,BURL
2023-12-29 14:44:00,194.89,194.89,194.89,194.89,555.0,BURL
2023-12-29 14:43:00,195.005,195.005,194.94,194.94,658.0,BURL
2023-12-29 14:42:00,195.02,195.02,194.967,194.967,1465.0,BURL
2023-12-29 14:41:00,195.09,195.09,195.09,195.09,257.0,BURL
2023-12-29 14:37:00,194.98,195.11,194.98,195.11,1508.0,BURL
2023-12-29 14:36:00,194.96,194.96,194.96,194.96,917.0,BURL
2023-12-29 14:35:00,194.93,194.93,194.93,194.93,523.0,BURL
2023-12-29 14:34:00,194.98,195.02,194.98,195.02,458.0,BURL
2023-12-29 14:32:00,194.92,195.02,194.92,195.02,1766.0,BURL
2023-12-29 14:31:00,194.825,194.825,194.825,194.825,180.0,BURL
2023-12-29 14:30:00,194.915,194.915,194.82,194.82,975.0,BURL
2023-12-29 14:29:00,194.905,194.905,194.905,194.905,394.0,BURL
2023-12-29 14:28:00,195.06,195.06,194.9,194.9,4470.0,BURL
2023-12-29 14:27:00,195.165,195.165,195.081,195.081,217.0,BURL
2023-12-29 14:25:00,195.16,195.16,195.16,195.16,118.0,BURL
2023-12-29 14:23:00,195.2,195.28,195.2,195.2,1238.0,BURL
2023-12-29 14:22:00,195.24,195.25,195.24,195.25,733.0,BURL
2023-12-29 14:21:00,195.315,195.33,195.315,195.33,435.0,BURL
2023-12-29 14:18:00,195.31,195.31,195.21,195.21,863.0,BURL
2023-12-29 14:17:00,195.385,195.385,195.385,195.385,114.0,BURL
2023-12-29 14:16:00,195.31,195.35,195.31,195.35,506.0,BURL
2023-12-29 14:15:00,195.09,195.355,195.065,195.355,2383.0,BURL
2023-12-29 14:14:00,195.16,195.16,195.075,195.075,1491.0,BURL
2023-12-29 14:13:00,195.27,195.27,195.27,195.27,847.0,BURL
2023-12-29 14:12:00,195.28,195.28,195.265,195.265,824.0,BURL
2023-12-29 14:11:00,195.16,195.16,195.16,195.16,629.0,BURL
2023-12-29 14:08:00,195.15,195.275,195.15,195.275,356.0,BURL
2023-12-29 14:07:00,195.275,195.277,195.275,195.277,239.0,BURL
2023-12-29 14:05:00,195.28,195.36,195.28,195.36,436.0,BURL
2023-12-29 14:04:00,195.39,195.39,195.38,195.38,364.0,BURL
2023-12-29 14:02:00,195.33,195.33,195.3,195.3,573.0,BURL
2023-12-29 14:01:00,195.41,195.41,195.41,195.41,188.0,BURL
2023-12-29 14:00:00,195.465,195.465,195.39,195.39,1983.0,BURL
2023-12-29 13:59:00,195.54,195.54,195.54,195.54,368.0,BURL
2023-12-29 13:57:00,195.568,195.567,195.567,195.567,230.0,BURL
2023-12-29 13:56:00,195.63,195.63,195.5,195.5,1080.0,BURL
2023-12-29 13:55:00,195.61,195.74,195.61,195.74,1642.0,BURL
2023-12-29 13:54:00,195.63,195.63,195.63,195.63,458.0,BURL
2023-12-29 13:52:00,195.76,195.77,195.682,195.682,1700.0,BURL
2023-12-29 13:51:00,195.64,195.69,195.62,195.68,1455.0,BURL
2023-12-29 13:50:00,195.77,195.77,195.77,195.77,237.0,BURL
2023-12-29 13:49:00,195.78,195.78,195.7,195.7,1466.0,BURL
2023-12-29 13:48:00,195.76,195.76,195.73,195.73,1201.0,BURL
2023-12-29 13:47:00,195.73,195.73,195.675,195.69,531.0,BURL
2023-12-29 13:46:00,195.645,195.65,195.645,195.65,456.0,BURL
2023-12-29 13:45:00,195.62,195.62,195.62,195.62,462.0,BURL
2023-12-29 13:44:00,195.67,195.705,195.54,195.705,2179.0,BURL
2023-12-29 13:43:00,195.74,195.74,195.74,195.74,254.0,BURL
2023-12-29 13:42:00,195.645,195.75,195.565,195.7,1551.0,BURL
2023-12-29 13:41:00,195.645,195.645,195.645,195.645,303.0,BURL
2023-12-29 13:40:00,195.76,195.76,195.58,195.58,5081.0,BURL
2023-12-29 13:38:00,195.76,195.76,195.76,195.76,333.0,BURL
2023-12-29 13:37:00,195.76,195.76,195.76,195.76,383.0,BURL
2023-12-29 13:35:00,195.81,195.84,195.69,195.72,1398.0,BURL
2023-12-29 13:34:00,195.85,195.85,195.78,195.805,1738.0,BURL
2023-12-29 13:33:00,196.0,196.03,195.82,195.82,2743.0,BURL
2023-12-29 13:31:00,196.11,196.11,196.06,196.06,470.0,BURL
2023-12-29 13:30:00,196.09,196.09,196.09,196.09,212.0,BURL
2023-12-29 13:29:00,196.005,196.13,196.005,196.13,267.0,BURL
2023-12-29 13:28:00,195.82,195.98,195.82,195.92,1706.0,BURL
2023-12-29 13:27:00,195.72,195.74,195.65,195.74,2334.0,BURL
2023-12-29 13:25:00,195.62,195.62,195.62,195.62,557.0,BURL
2023-12-29 13:24:00,195.585,195.615,195.585,195.615,325.0,BURL
2023-12-29 13:23:00,195.58,195.58,195.58,195.58,107.0,BURL
2023-12-29 13:22:00,195.8,195.8,195.67,195.67,735.0,BURL
2023-12-29 13:21:00,195.84,195.84,195.79,195.79,428.0,BURL
2023-12-29 13:20:00,195.54,195.77,195.54,195.76,2863.0,BURL
2023-12-29 13:19:00,195.515,195.515,195.5,195.5,351.0,BURL
2023-12-29 13:18:00,195.61,195.61,195.61,195.61,737.0,BURL
2023-12-29 13:17:00,195.685,195.71,195.685,195.71,306.0,BURL
2023-12-29 13:16:00,195.96,195.96,195.7,195.7,1180.0,BURL
2023-12-29 13:15:00,196.07,196.07,196.05,196.07,1435.0,BURL
2023-12-29 13:14:00,196.22,196.28,196.07,196.07,4209.0,BURL
2023-12-29 13:12:00,196.14,196.26,196.14,196.21,1574.0,BURL
2023-12-29 13:11:00,195.89,196.17,195.87,196.13,7397.0,BURL
2023-12-29 13:10:00,195.93,195.94,195.85,195.87,1126.0,BURL
2023-12-29 13:09:00,195.935,195.935,195.93,195.93,409.0,BURL
2023-12-29 13:08:00,195.86,195.95,195.84,195.89,1651.0,BURL
2023-12-29 13:07:00,195.94,195.94,195.84,195.86,1251.0,BURL
2023-12-29 13:06:00,195.945,195.945,195.84,195.945,548.0,BURL
2023-12-29 13:05:00,195.91,196.06,195.84,195.89,1887.0,BURL
2023-12-29 13:03:00,195.97,195.97,195.955,195.955,742.0,BURL
2023-12-29 13:02:00,195.96,195.96,195.96,195.96,325.0,BURL
2023-12-29 13:01:00,195.96,195.96,195.96,195.96,533.0,BURL
2023-12-29 13:00:00,195.965,195.965,195.965,195.965,956.0,BURL
2023-12-29 12:58:00,195.93,195.94,195.93,195.94,507.0,BURL
2023-12-29 12:57:00,196.09,196.09,195.92,196.02,3012.0,BURL
2023-12-29 12:56:00,195.885,195.935,195.79,195.935,2257.0,BURL
2023-12-29 12:55:00,195.47,195.785,195.47,195.785,2038.0,BURL
2023-12-29 12:54:00,195.475,195.475,195.39,195.43,819.0,BURL
2023-12-29 12:53:00,195.585,195.585,195.52,195.52,559.0,BURL
2023-12-29 12:52:00,195.58,195.58,195.56,195.56,532.0,BURL
2023-12-29 12:50:00,195.485,195.485,195.485,195.485,238.0,BURL
2023-12-29 12:49:00,195.45,195.48,195.42,195.48,692.0,BURL
2023-12-29 12:48:00,195.495,195.495,195.495,195.495,122.0,BURL
2023-12-29 12:47:00,195.5,195.5,195.5,195.5,310.0,BURL
2023-12-29 12:46:00,195.51,195.51,195.5,195.5,632.0,BURL
2023-12-29 12:45:00,195.605,195.605,195.54,195.55,1579.0,BURL
2023-12-29 12:44:00,195.53,195.53,195.53,195.53,298.0,BURL
2023-12-29 12:43:00,195.57,195.57,195.57,195.57,830.0,BURL
2023-12-29 12:41:00,195.49,195.56,195.47,195.56,968.0,BURL
2023-12-29 12:40:00,195.57,195.63,195.515,195.63,439.0,BURL
2023-12-29 12:39:00,195.44,195.54,195.44,195.54,2066.0,BURL
2023-12-29 12:38:00,195.42,195.43,195.345,195.42,1135.0,BURL
2023-12-29 12:37:00,195.31,195.31,195.31,195.31,120.0,BURL
2023-12-29 12:36:00,195.305,195.305,195.305,195.305,109.0,BURL
2023-12-29 12:35:00,195.4,195.4,195.205,195.205,601.0,BURL
2023-12-29 12:32:00,195.31,195.31,195.31,195.31,101.0,BURL
2023-12-29 12:31:00,195.305,195.305,195.305,195.305,205.0,BURL
2023-12-29 12:27:00,195.35,195.35,195.35,195.35,313.0,BURL
2023-12-29 12:25:00,195.473,195.472,195.42,195.42,311.0,BURL
2023-12-29 12:24:00,195.438,195.437,195.437,195.437,275.0,BURL
2023-12-29 12:23:00,195.41,195.51,195.39,195.39,1116.0,BURL
2023-12-29 12:22:00,195.525,195.525,195.525,195.525,331.0,BURL
2023-12-29 12:20:00,195.52,195.52,195.52,195.52,214.0,BURL
2023-12-29 12:19:00,195.58,195.58,195.57,195.57,919.0,BURL
2023-12-29 12:18:00,195.47,195.47,195.42,195.42,315.0,BURL
2023-12-29 12:17:00,195.35,195.4,195.35,195.383,824.0,BURL
2023-12-29 12:14:00,195.37,195.37,195.37,195.37,629.0,BURL
2023-12-29 12:13:00,195.36,195.56,195.36,195.48,623.0,BURL
2023-12-29 12:09:00,195.46,195.46,195.41,195.41,457.0,BURL
2023-12-29 12:08:00,195.54,195.54,195.49,195.49,835.0,BURL
2023-12-29 12:07:00,195.645,195.645,195.645,195.645,684.0,BURL
2023-12-29 12:05:00,195.67,195.67,195.67,195.67,248.0,BURL
2023-12-29 12:04:00,195.78,195.78,195.78,195.78,434.0,BURL
2023-12-29 12:02:00,196.0,196.0,195.93,195.932,658.0,BURL
2023-12-29 12:01:00,196.04,196.05,195.93,195.99,1885.0,BURL
2023-12-29 12:00:00,195.89,195.89,195.89,195.89,216.0,BURL
2023-12-29 11:59:00,195.85,195.85,195.85,195.85,1069.0,BURL
2023-12-29 11:57:00,195.74,195.74,195.69,195.71,898.0,BURL
2023-12-29 11:56:00,195.69,195.81,195.69,195.81,1482.0,BURL
2023-12-29 11:55:00,195.79,195.79,195.79,195.79,584.0,BURL
2023-12-29 11:54:00,195.74,195.77,195.73,195.77,1397.0,BURL
2023-12-29 11:53:00,195.92,195.94,195.92,195.94,1415.0,BURL
2023-12-29 11:52:00,195.82,195.82,195.82,195.82,613.0,BURL
2023-12-29 11:51:00,195.97,195.97,195.91,195.91,854.0,BURL
2023-12-29 11:50:00,195.8,195.95,195.8,195.95,1417.0,BURL
2023-12-29 11:48:00,195.85,195.85,195.85,195.85,364.0,BURL
2023-12-29 11:47:00,195.68,195.78,195.68,195.75,1114.0,BURL
2023-12-29 11:45:00,195.68,195.68,195.68,195.68,127.0,BURL
2023-12-29 11:44:00,195.68,195.68,195.68,195.68,383.0,BURL
2023-12-29 11:42:00,195.665,195.665,195.665,195.665,434.0,BURL
2023-12-29 11:41:00,195.63,195.65,195.62,195.65,439.0,BURL
2023-12-29 11:40:00,195.71,195.72,195.675,195.675,619.0,BURL
2023-12-29 11:39:00,195.71,195.71,195.7,195.71,868.0,BURL
2023-12-29 11:38:00,195.76,195.8,195.76,195.8,1446.0,BURL
2023-12-29 11:37:00,195.65,195.76,195.65,195.76,1279.0,BURL
2023-12-29 11:36:00,195.65,195.65,195.65,195.65,111.0,BURL
2023-12-29 11:34:00,195.65,195.65,195.64,195.64,680.0,BURL
2023-12-29 11:33:00,195.72,195.72,195.672,195.685,474.0,BURL
2023-12-29 11:32:00,195.825,195.85,195.74,195.74,1310.0,BURL
2023-12-29 11:30:00,195.83,195.83,195.825,195.83,654.0,BURL
2023-12-29 11:28:00,196.04,196.04,195.82,195.94,1761.0,BURL
2023-12-29 11:27:00,196.215,196.215,195.97,195.97,931.0,BURL
2023-12-29 11:26:00,195.83,196.115,195.83,196.115,1937.0,BURL
2023-12-29 11:25:00,196.02,196.09,195.72,195.81,2348.0,BURL
2023-12-29 11:24:00,195.76,195.96,195.75,195.96,2638.0,BURL
2023-12-29 11:23:00,195.815,195.88,195.7,195.83,972.0,BURL
2023-12-29 11:20:00,195.91,195.91,195.91,195.91,133.0,BURL
2023-12-29 11:19:00,195.85,195.85,195.85,195.85,158.0,BURL
2023-12-29 11:18:00,195.83,195.869,195.83,195.869,472.0,BURL
2023-12-29 11:16:00,196.035,196.035,195.88,195.915,1087.0,BURL
2023-12-29 11:15:00,196.0,196.0,196.0,196.0,163.0,BURL
2023-12-29 11:14:00,195.96,196.0,195.96,196.0,495.0,BURL
2023-12-29 11:11:00,196.1,196.15,196.1,196.13,611.0,BURL
2023-12-29 11:10:00,196.09,196.09,195.87,195.87,1666.0,BURL
2023-12-29 11:09:00,196.0,196.0,196.0,196.0,506.0,BURL
2023-12-29 11:08:00,195.83,195.985,195.83,195.965,779.0,BURL
2023-12-29 11:05:00,196.165,196.165,196.165,196.165,100.0,BURL
2023-12-29 11:04:00,196.18,196.25,196.113,196.17,1180.0,BURL
2023-12-29 11:03:00,195.95,195.95,195.93,195.93,586.0,BURL
2023-12-29 11:02:00,196.01,196.01,196.01,196.01,134.0,BURL
2023-12-29 11:01:00,196.16,196.16,196.16,196.16,436.0,BURL
2023-12-29 10:59:00,196.155,196.18,196.15,196.18,831.0,BURL
2023-12-29 10:58:00,196.22,196.22,196.22,196.22,102.0,BURL
2023-12-29 10:57:00,196.19,196.302,196.19,196.302,453.0,BURL
2023-12-29 10:56:00,196.14,196.14,196.14,196.14,121.0,BURL
2023-12-29 10:55:00,196.08,196.195,196.08,196.195,394.0,BURL
2023-12-29 10:54:00,196.22,196.22,196.195,196.195,457.0,BURL
2023-12-29 10:53:00,196.345,196.345,196.19,196.19,506.0,BURL
2023-12-29 10:52:00,196.345,196.38,196.345,196.345,1034.0,BURL
2023-12-29 10:51:00,196.33,196.37,196.33,196.37,338.0,BURL
2023-12-29 10:50:00,196.33,196.4,196.33,196.35,467.0,BURL
2023-12-29 10:49:00,196.23,196.255,196.23,196.255,646.0,BURL
2023-12-29 10:48:00,196.01,196.01,196.01,196.01,247.0,BURL
2023-12-29 10:47:00,196.08,196.11,196.02,196.02,694.0,BURL
2023-12-29 10:46:00,196.108,196.107,196.01,196.06,1490.0,BURL
2023-12-29 10:45:00,196.2,196.325,196.18,196.325,1580.0,BURL
2023-12-29 10:44:00,196.32,196.41,196.044,196.23,3644.0,BURL
2023-12-29 10:42:00,196.43,196.43,196.14,196.26,771.0,BURL
2023-12-29 10:41:00,196.575,196.575,196.53,196.56,783.0,BURL
2023-12-29 10:40:00,196.67,196.67,196.575,196.575,483.0,BURL
2023-12-29 10:39:00,196.855,196.855,196.855,196.855,557.0,BURL
2023-12-29 10:37:00,196.79,196.94,196.71,196.83,2354.0,BURL
2023-12-29 10:36:00,196.9,197.01,196.82,196.92,4041.0,BURL
2023-12-29 10:35:00,196.803,196.803,196.803,196.803,311.0,BURL
2023-12-29 10:34:00,196.86,196.86,196.86,196.86,245.0,BURL
2023-12-29 10:31:00,196.9,196.94,196.86,196.94,1321.0,BURL
2023-12-29 10:29:00,197.055,197.055,196.97,196.97,222.0,BURL
2023-12-29 10:28:00,197.02,197.02,197.02,197.02,147.0,BURL
2023-12-29 10:26:00,197.055,197.055,197.05,197.05,412.0,BURL
2023-12-29 10:25:00,197.12,197.19,197.12,197.19,924.0,BURL
2023-12-29 10:23:00,196.94,196.955,196.94,196.955,586.0,BURL
2023-12-29 10:22:00,196.835,196.835,196.835,196.835,112.0,BURL
2023-12-29 10:21:00,197.133,197.132,197.09,197.09,559.0,BURL
2023-12-29 10:20:00,197.37,197.395,197.21,197.21,988.0,BURL
2023-12-29 10:19:00,197.39,197.41,197.37,197.41,1485.0,BURL
2023-12-29 10:18:00,197.14,197.25,197.14,197.17,686.0,BURL
2023-12-29 10:17:00,197.37,197.37,197.37,197.37,964.0,BURL
2023-12-29 10:16:00,197.25,197.31,197.25,197.31,306.0,BURL
2023-12-29 10:15:00,197.2,197.32,197.2,197.32,990.0,BURL
2023-12-29 10:14:00,196.94,197.07,196.94,197.045,302.0,BURL
2023-12-29 10:13:00,197.1,197.1,197.03,197.05,520.0,BURL
2023-12-29 10:12:00,197.165,197.165,197.165,197.165,288.0,BURL
2023-12-29 10:11:00,197.53,197.55,197.33,197.33,2210.0,BURL
2023-12-29 10:09:00,197.66,197.66,197.58,197.58,1781.0,BURL
2023-12-29 10:08:00,197.63,197.65,197.63,197.65,499.0,BURL
2023-12-29 10:07:00,197.48,197.565,197.41,197.52,2447.0,BURL
2023-12-29 10:06:00,197.745,197.745,197.64,197.64,1574.0,BURL
2023-12-29 10:04:00,197.74,197.74,197.74,197.74,323.0,BURL
2023-12-29 10:03:00,197.635,197.635,197.52,197.53,760.0,BURL
2023-12-29 10:02:00,197.37,197.6,197.275,197.545,1305.0,BURL
2023-12-29 10:00:00,197.205,197.205,197.205,197.205,319.0,BURL
2023-12-29 09:58:00,197.23,197.23,197.23,197.23,177.0,BURL
2023-12-29 09:55:00,197.15,197.15,197.14,197.15,1529.0,BURL
2023-12-29 09:54:00,197.3,197.375,197.27,197.315,1111.0,BURL
2023-12-29 09:53:00,197.44,197.44,197.27,197.27,316.0,BURL
2023-12-29 09:50:00,197.2,197.52,197.2,197.52,1190.0,BURL
2023-12-29 09:49:00,197.44,197.44,197.31,197.37,2006.0,BURL
2023-12-29 09:48:00,197.7,197.792,197.47,197.47,1752.0,BURL
2023-12-29 09:47:00,197.62,197.62,197.62,197.62,365.0,BURL
2023-12-29 09:46:00,197.12,197.12,197.12,197.12,135.0,BURL
2023-12-29 09:45:00,197.315,197.315,197.315,197.315,210.0,BURL
2023-12-29 09:43:00,197.038,197.038,197.038,197.038,229.0,BURL
2023-12-29 09:40:00,197.39,197.46,197.39,197.46,1368.0,BURL
2023-12-29 09:36:00,198.3,198.3,198.3,198.3,146.0,BURL
2023-12-29 09:35:00,197.96,197.96,197.96,197.96,104.0,BURL
2023-12-29 09:34:00,197.83,197.84,197.83,197.84,262.0,BURL
2023-12-29 09:33:00,197.73,197.73,197.72,197.72,599.0,BURL
2023-12-29 09:32:00,196.83,197.28,196.82,197.205,847.0,BURL
2023-12-29 09:30:00,196.54,197.05,196.54,197.05,2899.0,BURL
2023-12-28 19:00:00,197.05,197.05,197.05,197.05,65028.0,BURL
2023-12-28 18:30:00,197.05,197.05,197.05,197.05,65028.0,BURL
2023-12-28 18:19:00,197.12,197.12,197.12,197.12,2.0,BURL
2023-12-28 17:44:00,197.3,197.3,197.3,197.3,2.0,BURL
2023-12-28 17:36:00,197.3,197.3,197.3,197.3,42.0,BURL
2023-12-28 17:35:00,197.35,197.38,197.35,197.35,358.0,BURL
2023-12-28 17:34:00,197.3,197.3,197.2,197.3,204.0,BURL
2023-12-28 17:29:00,197.29,197.29,197.29,197.29,5.0,BURL
2023-12-28 17:25:00,197.28,197.34,197.28,197.34,30.0,BURL
2023-12-28 17:24:00,197.29,197.35,197.27,197.35,759.0,BURL
2023-12-28 17:23:00,197.32,197.38,197.24,197.33,4199.0,BURL
2023-12-28 17:22:00,197.28,197.4,197.25,197.29,3622.0,BURL
2023-12-28 17:21:00,197.27,197.34,197.25,197.33,1812.0,BURL
2023-12-28 17:20:00,197.3,197.34,197.27,197.27,1745.0,BURL
2023-12-28 17:19:00,197.29,197.36,197.25,197.34,1695.0,BURL
2023-12-28 17:18:00,197.35,197.39,197.21,197.33,4185.0,BURL
2023-12-28 17:17:00,197.35,197.45,197.21,197.25,4986.0,BURL
2023-12-28 17:16:00,197.25,197.4,197.2,197.38,4995.0,BURL
2023-12-28 17:15:00,197.25,197.35,197.2,197.23,2714.0,BURL
2023-12-28 17:14:00,197.22,197.38,197.15,197.25,7553.0,BURL
2023-12-28 17:13:00,197.17,197.27,197.17,197.2,3637.0,BURL
2023-12-28 17:12:00,197.23,197.25,197.16,197.24,2154.0,BURL
2023-12-28 17:11:00,197.25,197.29,197.06,197.15,6914.0,BURL
2023-12-28 17:10:00,197.25,197.3,197.1,197.15,8741.0,BURL
2023-12-28 17:09:00,197.25,197.3,197.1,197.16,5329.0,BURL
2023-12-28 17:08:00,197.25,197.38,197.04,197.21,6148.0,BURL
2023-12-28 17:07:00,197.21,197.42,197.15,197.21,3988.0,BURL
2023-12-28 17:06:00,197.3,197.44,197.1,197.23,5229.0,BURL
2023-12-28 17:05:00,197.2,197.48,197.2,197.35,6632.0,BURL
2023-12-28 17:04:00,197.17,197.44,197.16,197.2,4013.0,BURL
2023-12-28 17:03:00,197.24,197.44,197.13,197.2,2299.0,BURL
2023-12-28 17:02:00,197.1,197.41,197.1,197.36,2724.0,BURL
2023-12-28 17:01:00,197.27,197.44,197.12,197.43,1791.0,BURL
2023-12-28 16:57:00,197.05,197.05,197.05,197.05,41.0,BURL
2023-12-28 16:56:00,197.42,197.55,197.2,197.24,1303.0,BURL
2023-12-28 16:40:00,197.45,197.45,197.45,197.45,600.0,BURL
2023-12-28 16:39:00,197.49,197.5,197.49,197.5,22.0,BURL
2023-12-28 16:37:00,197.5,197.5,197.5,197.5,23.0,BURL
2023-12-28 16:36:00,197.57,197.57,197.55,197.55,90.0,BURL
2023-12-28 16:35:00,197.52,197.58,197.52,197.58,555.0,BURL
2023-12-28 16:34:00,197.51,197.51,197.5,197.5,91.0,BURL
2023-12-28 16:32:00,197.48,197.48,197.48,197.48,24.0,BURL
2023-12-28 16:31:00,197.48,197.48,197.48,197.48,18.0,BURL
2023-12-28 16:30:00,197.48,197.5,197.4,197.48,1107.0,BURL
2023-12-28 16:28:00,197.35,197.7,197.25,197.49,2468.0,BURL
2023-12-28 16:27:00,197.09,197.09,197.0,197.0,501.0,BURL
2023-12-28 16:26:00,197.42,197.45,197.05,197.05,2131.0,BURL
2023-12-28 16:25:00,197.3,197.7,197.2,197.35,1596.0,BURL
2023-12-28 16:24:00,197.25,198.0,197.15,197.22,1655.0,BURL
2023-12-28 16:23:00,197.19,197.22,197.15,197.21,1108.0,BURL
2023-12-28 16:22:00,197.2,197.35,197.06,197.21,3267.0,BURL
2023-12-28 16:21:00,197.23,197.29,197.1,197.2,3186.0,BURL
2023-12-28 16:20:00,197.23,197.23,197.01,197.05,3000.0,BURL
2023-12-28 16:19:00,197.2,197.3,197.01,197.29,3011.0,BURL
2023-12-28 16:18:00,197.2,197.8,196.96,197.2,3072.0,BURL
2023-12-28 16:17:00,197.8,197.8,196.9,197.25,2662.0,BURL
2023-12-28 16:16:00,196.9,197.3,196.8,197.18,1462.0,BURL
2023-12-28 16:10:00,197.05,197.05,197.05,197.05,65028.0,BURL
2023-12-28 16:09:00,196.89,197.7,196.85,197.7,1512.0,BURL
2023-12-28 16:08:00,196.72,196.97,196.55,196.9,2874.0,BURL
2023-12-28 16:07:00,193.12,196.7,193.12,196.7,1158.0,BURL
2023-12-28 16:01:00,197.05,197.05,197.05,197.05,82.0,BURL
2023-12-28 16:00:00,197.07,197.07,197.05,197.05,134071.0,BURL
2023-12-28 15:59:00,197.03,197.15,196.98,197.07,25653.0,BURL
2023-12-28 15:58:00,196.62,196.98,196.62,196.98,12838.0,BURL
2023-12-28 15:57:00,196.49,196.66,196.49,196.59,11916.0,BURL
2023-12-28 15:56:00,196.67,196.73,196.48,196.525,10513.0,BURL
2023-12-28 15:55:00,196.57,196.75,196.56,196.62,6500.0,BURL
2023-12-28 15:54:00,196.72,196.8,196.57,196.605,10850.0,BURL
2023-12-28 15:53:00,196.73,196.81,196.63,196.78,12570.0,BURL
2023-12-28 15:52:00,196.72,196.8,196.72,196.77,1986.0,BURL
2023-12-28 15:51:00,196.805,196.81,196.78,196.78,1459.0,BURL
2023-12-28 15:50:00,197.01,197.01,196.89,196.89,2398.0,BURL
2023-12-28 15:49:00,196.9,197.01,196.9,196.955,5385.0,BURL
2023-12-28 15:48:00,197.04,197.04,196.905,196.905,2864.0,BURL
2023-12-28 15:47:00,197.02,197.13,197.0,197.05,3240.0,BURL
2023-12-28 15:46:00,196.975,197.085,196.975,197.065,1484.0,BURL
2023-12-28 15:45:00,196.82,197.04,196.82,196.98,6451.0,BURL
2023-12-28 15:44:00,197.01,197.03,196.75,196.75,9842.0,BURL
2023-12-28 15:43:00,197.02,197.07,197.02,197.055,2953.0,BURL
2023-12-28 15:42:00,197.08,197.08,196.97,197.01,2424.0,BURL
2023-12-28 15:40:00,197.1,197.1,197.03,197.03,3748.0,BURL
2023-12-28 15:38:00,197.18,197.18,197.08,197.11,1978.0,BURL
2023-12-28 15:37:00,197.13,197.13,197.13,197.13,281.0,BURL
2023-12-28 15:36:00,197.07,197.21,197.07,197.17,870.0,BURL
2023-12-28 15:35:00,196.89,197.0,196.89,196.98,1515.0,BURL
2023-12-28 15:34:00,196.93,196.94,196.87,196.94,2642.0,BURL
2023-12-28 15:33:00,197.01,197.01,197.01,197.01,814.0,BURL
2023-12-28 15:32:00,197.0,197.01,196.995,196.995,1155.0,BURL
2023-12-28 15:30:00,196.94,196.95,196.94,196.95,803.0,BURL
2023-12-28 15:29:00,197.04,197.04,196.89,196.89,1483.0,BURL
2023-12-28 15:27:00,196.88,196.96,196.88,196.92,877.0,BURL
2023-12-28 15:26:00,196.81,196.81,196.81,196.81,3650.0,BURL
2023-12-28 15:25:00,196.83,196.89,196.75,196.79,6331.0,BURL
2023-12-28 15:24:00,196.83,196.91,196.83,196.91,872.0,BURL
2023-12-28 15:23:00,196.73,196.73,196.73,196.73,1059.0,BURL
2023-12-28 15:22:00,196.69,196.76,196.69,196.73,811.0,BURL
2023-12-28 15:21:00,196.68,196.75,196.68,196.75,694.0,BURL
2023-12-28 15:19:00,196.54,196.61,196.54,196.56,1105.0,BURL
2023-12-28 15:18:00,196.48,196.48,196.4,196.4,539.0,BURL
2023-12-28 15:17:00,196.46,196.49,196.45,196.45,1036.0,BURL
2023-12-28 15:16:00,196.16,196.4,196.11,196.255,3177.0,BURL
2023-12-28 15:15:00,196.16,196.203,196.16,196.203,504.0,BURL
2023-12-28 15:13:00,196.3,196.42,196.205,196.365,1435.0,BURL
2023-12-28 15:12:00,196.38,196.45,196.34,196.34,896.0,BURL
2023-12-28 15:11:00,196.403,196.402,196.32,196.32,906.0,BURL
2023-12-28 15:10:00,196.52,196.52,196.44,196.44,838.0,BURL
2023-12-28 15:09:00,196.67,196.68,196.58,196.58,1703.0,BURL
2023-12-28 15:08:00,196.63,196.63,196.605,196.605,366.0,BURL
2023-12-28 15:07:00,196.62,196.67,196.62,196.67,643.0,BURL
2023-12-28 15:05:00,196.47,196.57,196.47,196.57,823.0,BURL
2023-12-28 15:04:00,196.5,196.5,196.36,196.37,1164.0,BURL
2023-12-28 15:03:00,196.46,196.56,196.46,196.56,1289.0,BURL
2023-12-28 15:02:00,196.48,196.48,196.38,196.38,436.0,BURL
2023-12-28 15:01:00,196.58,196.58,196.54,196.54,612.0,BURL
2023-12-28 15:00:00,196.71,196.71,196.64,196.64,473.0,BURL
2023-12-28 14:59:00,196.66,196.72,196.63,196.72,1551.0,BURL
2023-12-28 14:58:00,196.76,196.76,196.67,196.74,647.0,BURL
2023-12-28 14:57:00,196.795,196.88,196.795,196.805,1521.0,BURL
2023-12-28 14:56:00,196.8,196.865,196.8,196.8,1026.0,BURL
2023-12-28 14:55:00,197.02,197.065,196.92,196.92,2831.0,BURL
2023-12-28 14:54:00,197.092,197.16,197.02,197.03,10247.0,BURL
2023-12-28 14:53:00,197.035,197.035,197.02,197.02,562.0,BURL
2023-12-28 14:52:00,197.01,197.07,197.01,197.01,933.0,BURL
2023-12-28 14:51:00,197.015,197.015,197.015,197.015,422.0,BURL
2023-12-28 14:49:00,197.01,197.015,197.01,197.015,578.0,BURL
2023-12-28 14:48:00,197.03,197.03,197.03,197.03,1045.0,BURL
2023-12-28 14:46:00,196.92,196.94,196.915,196.915,1529.0,BURL
2023-12-28 14:44:00,197.04,197.04,196.95,196.95,595.0,BURL
2023-12-28 14:43:00,197.06,197.06,196.98,197.02,859.0,BURL
2023-12-28 14:42:00,197.07,197.07,197.0,197.0,1077.0,BURL
2023-12-28 14:41:00,197.18,197.18,197.11,197.15,1532.0,BURL
2023-12-28 14:39:00,197.08,197.08,196.99,197.04,2540.0,BURL
2023-12-28 14:38:00,197.11,197.11,197.11,197.11,513.0,BURL
2023-12-28 14:37:00,197.23,197.25,197.155,197.16,2375.0,BURL
2023-12-28 14:36:00,197.18,197.18,197.18,197.18,197.0,BURL
2023-12-28 14:35:00,197.23,197.26,197.2,197.2,2093.0,BURL
2023-12-28 14:33:00,197.23,197.23,197.23,197.23,741.0,BURL
2023-12-28 14:31:00,197.145,197.15,197.145,197.145,859.0,BURL
2023-12-28 14:30:00,197.165,197.165,197.14,197.145,803.0,BURL
2023-12-28 14:29:00,197.085,197.17,197.085,197.17,1690.0,BURL
2023-12-28 14:28:00,197.26,197.26,197.08,197.08,3489.0,BURL
2023-12-28 14:27:00,197.29,197.36,197.285,197.34,2790.0,BURL
2023-12-28 14:26:00,197.28,197.33,197.275,197.33,1198.0,BURL
2023-12-28 14:24:00,197.255,197.255,197.255,197.255,147.0,BURL
2023-12-28 14:23:00,197.233,197.232,197.232,197.232,529.0,BURL
2023-12-28 14:22:00,197.19,197.22,197.19,197.22,426.0,BURL
2023-12-28 14:21:00,197.07,197.13,197.07,197.09,851.0,BURL
2023-12-28 14:20:00,196.95,197.03,196.95,197.03,1113.0,BURL
2023-12-28 14:19:00,196.94,196.94,196.92,196.92,637.0,BURL
2023-12-28 14:18:00,197.03,197.03,196.85,196.85,4024.0,BURL
2023-12-28 14:17:00,196.965,196.965,196.965,196.965,101.0,BURL
2023-12-28 14:16:00,196.95,196.95,196.95,196.95,135.0,BURL
2023-12-28 14:15:00,196.9,197.04,196.9,196.98,1248.0,BURL
2023-12-28 14:14:00,196.935,196.935,196.932,196.932,2471.0,BURL
2023-12-28 14:13:00,196.985,196.985,196.94,196.95,1535.0,BURL
2023-12-28 14:12:00,196.85,196.99,196.85,196.99,1584.0,BURL
2023-12-28 14:11:00,196.87,196.87,196.87,196.87,146.0,BURL
2023-12-28 14:10:00,196.8,196.85,196.8,196.85,1209.0,BURL
2023-12-28 14:09:00,197.0,197.0,196.85,196.85,901.0,BURL
2023-12-28 14:07:00,196.98,197.0,196.98,197.0,390.0,BURL
2023-12-28 14:06:00,196.925,196.925,196.925,196.925,353.0,BURL
2023-12-28 14:05:00,196.86,196.86,196.85,196.85,686.0,BURL
2023-12-28 14:04:00,196.55,196.75,196.55,196.75,950.0,BURL
2023-12-28 14:03:00,196.56,196.62,196.56,196.59,1443.0,BURL
2023-12-28 14:02:00,196.475,196.475,196.475,196.475,406.0,BURL
2023-12-28 14:01:00,196.475,196.475,196.475,196.475,283.0,BURL
2023-12-28 14:00:00,196.4,196.49,196.4,196.49,1147.0,BURL
2023-12-28 13:59:00,196.32,196.35,196.32,196.35,230.0,BURL
2023-12-28 13:55:00,196.47,196.48,196.29,196.3,2018.0,BURL
2023-12-28 13:53:00,196.44,196.605,196.385,196.605,2820.0,BURL
2023-12-28 13:52:00,196.37,196.39,196.37,196.39,402.0,BURL
2023-12-28 13:51:00,196.16,196.37,196.16,196.37,1578.0,BURL
2023-12-28 13:50:00,196.23,196.23,196.175,196.175,331.0,BURL
2023-12-28 13:49:00,196.2,196.21,196.105,196.21,1893.0,BURL
2023-12-28 13:48:00,196.25,196.25,196.25,196.25,754.0,BURL
2023-12-28 13:47:00,196.19,196.19,196.19,196.19,762.0,BURL
2023-12-28 13:45:00,196.235,196.235,196.235,196.235,100.0,BURL
2023-12-28 13:44:00,196.45,196.45,196.215,196.235,3328.0,BURL
2023-12-28 13:43:00,196.52,196.52,196.45,196.45,400.0,BURL
2023-12-28 13:42:00,196.53,196.53,196.47,196.47,1109.0,BURL
2023-12-28 13:40:00,196.53,196.53,196.37,196.42,1519.0,BURL
2023-12-28 13:39:00,196.47,196.517,196.45,196.49,1653.0,BURL
2023-12-28 13:38:00,196.49,196.52,196.49,196.5,813.0,BURL
2023-12-28 13:37:00,196.31,196.46,196.31,196.46,2234.0,BURL
2023-12-28 13:35:00,196.21,196.21,196.21,196.21,147.0,BURL
2023-12-28 13:34:00,196.27,196.28,196.19,196.2,1388.0,BURL
2023-12-28 13:32:00,196.22,196.22,196.22,196.22,213.0,BURL
2023-12-28 13:31:00,196.065,196.18,196.065,196.18,925.0,BURL
2023-12-28 13:30:00,196.05,196.09,195.99,196.09,1576.0,BURL
2023-12-28 13:28:00,195.975,195.983,195.93,195.982,340.0,BURL
2023-12-28 13:27:00,196.07,196.07,195.98,195.98,1596.0,BURL
2023-12-28 13:26:00,196.17,196.17,196.07,196.07,380.0,BURL
2023-12-28 13:25:00,195.96,196.1,195.96,196.1,1490.0,BURL
2023-12-28 13:22:00,195.92,195.92,195.92,195.92,191.0,BURL
2023-12-28 13:21:00,195.86,195.86,195.82,195.82,692.0,BURL
2023-12-28 13:20:00,195.91,195.96,195.91,195.925,1527.0,BURL
2023-12-28 13:19:00,195.69,195.86,195.69,195.83,1777.0,BURL
2023-12-28 13:14:00,195.73,195.73,195.73,195.73,220.0,BURL
2023-12-28 13:13:00,195.83,195.86,195.785,195.785,1192.0,BURL
2023-12-28 13:12:00,195.8,195.8,195.7,195.7,705.0,BURL
2023-12-28 13:11:00,195.91,195.925,195.87,195.87,1294.0,BURL
2023-12-28 13:10:00,196.06,196.13,196.05,196.05,1071.0,BURL
2023-12-28 13:09:00,195.96,196.05,195.9,196.04,1875.0,BURL
2023-12-28 13:08:00,195.78,195.92,195.78,195.88,2297.0,BURL
2023-12-28 13:06:00,195.705,195.705,195.68,195.68,593.0,BURL
2023-12-28 13:05:00,195.66,195.7,195.57,195.7,2357.0,BURL
2023-12-28 13:04:00,195.64,195.815,195.64,195.815,1224.0,BURL
2023-12-28 13:03:00,195.67,195.75,195.54,195.54,1515.0,BURL
2023-12-28 13:02:00,195.76,195.795,195.63,195.63,1949.0,BURL
2023-12-28 13:01:00,195.89,195.91,195.75,195.77,3136.0,BURL
2023-12-28 12:59:00,195.87,195.87,195.785,195.8,1434.0,BURL
2023-12-28 12:57:00,195.83,195.83,195.83,195.83,245.0,BURL
2023-12-28 12:56:00,195.91,195.92,195.91,195.92,544.0,BURL
2023-12-28 12:55:00,195.825,195.825,195.825,195.825,235.0,BURL
2023-12-28 12:53:00,195.53,195.78,195.49,195.78,2506.0,BURL
2023-12-28 12:51:00,195.535,195.535,195.535,195.535,356.0,BURL
2023-12-28 12:50:00,195.49,195.51,195.435,195.49,2261.0,BURL
2023-12-28 12:49:00,195.55,195.55,195.55,195.55,101.0,BURL
2023-12-28 12:48:00,195.53,195.53,195.465,195.465,561.0,BURL
2023-12-28 12:46:00,195.695,195.695,195.58,195.58,870.0,BURL
2023-12-28 12:45:00,195.695,195.77,195.695,195.77,1724.0,BURL
2023-12-28 12:44:00,195.636,195.7,195.636,195.7,1689.0,BURL
2023-12-28 12:43:00,195.84,195.84,195.662,195.662,1983.0,BURL
2023-12-28 12:40:00,195.839,195.84,195.839,195.84,223.0,BURL
2023-12-28 12:37:00,195.95,196.06,195.9,195.9,946.0,BURL
2023-12-28 12:36:00,195.98,195.98,195.89,195.9,1542.0,BURL
2023-12-28 12:35:00,195.87,195.95,195.87,195.95,972.0,BURL
2023-12-28 12:34:00,195.77,195.805,195.77,195.805,762.0,BURL
2023-12-28 12:33:00,195.71,195.71,195.63,195.71,1114.0,BURL
2023-12-28 12:32:00,195.78,195.79,195.78,195.785,1438.0,BURL
2023-12-28 12:31:00,195.7,195.75,195.7,195.71,586.0,BURL
2023-12-28 12:30:00,195.77,195.78,195.59,195.59,743.0,BURL
2023-12-28 12:28:00,195.97,195.97,195.79,195.79,4167.0,BURL
2023-12-28 12:27:00,195.98,196.01,195.87,195.89,2614.0,BURL
2023-12-28 12:26:00,195.923,195.923,195.87,195.87,359.0,BURL
2023-12-28 12:25:00,195.925,195.925,195.925,195.925,302.0,BURL
2023-12-28 12:24:00,195.93,195.99,195.88,195.925,3453.0,BURL
2023-12-28 12:23:00,195.96,195.96,195.96,195.96,242.0,BURL
2023-12-28 12:21:00,196.0,196.0,195.98,195.98,267.0,BURL
2023-12-28 12:20:00,195.995,195.995,195.995,195.995,169.0,BURL
2023-12-28 12:19:00,196.04,196.04,195.92,196.0,1617.0,BURL
2023-12-28 12:18:00,196.05,196.05,196.05,196.05,130.0,BURL
2023-12-28 12:17:00,196.04,196.04,196.04,196.04,104.0,BURL
2023-12-28 12:16:00,196.04,196.13,195.975,196.13,2722.0,BURL
2023-12-28 12:15:00,195.83,195.83,195.83,195.83,121.0,BURL
2023-12-28 12:13:00,196.08,196.08,196.08,196.08,407.0,BURL
2023-12-28 12:12:00,196.15,196.15,196.15,196.15,369.0,BURL
2023-12-28 12:11:00,196.35,196.41,196.3,196.3,1331.0,BURL
2023-12-28 12:10:00,196.185,196.41,196.177,196.41,6595.0,BURL
2023-12-28 12:09:00,196.13,196.17,196.12,196.12,408.0,BURL
2023-12-28 12:08:00,196.08,196.08,196.08,196.08,204.0,BURL
2023-12-28 12:07:00,196.22,196.22,196.135,196.135,839.0,BURL
2023-12-28 12:04:00,196.312,196.311,196.311,196.311,164.0,BURL
2023-12-28 12:03:00,196.54,196.54,196.52,196.52,1707.0,BURL
2023-12-28 12:02:00,196.41,196.66,196.35,196.66,3287.0,BURL
2023-12-28 12:01:00,196.355,196.54,196.355,196.49,807.0,BURL
2023-12-28 12:00:00,196.33,196.33,196.33,196.33,219.0,BURL
2023-12-28 11:59:00,196.06,196.36,196.06,196.36,3360.0,BURL
2023-12-28 11:58:00,196.21,196.21,195.97,196.0,1326.0,BURL
2023-12-28 11:57:00,196.21,196.25,196.175,196.25,1328.0,BURL
2023-12-28 11:56:00,196.26,196.26,196.22,196.22,909.0,BURL
2023-12-28 11:54:00,196.38,196.39,196.27,196.27,1099.0,BURL
2023-12-28 11:51:00,196.41,196.41,196.41,196.41,553.0,BURL
2023-12-28 11:50:00,196.56,196.57,196.44,196.57,1995.0,BURL
2023-12-28 11:47:00,196.66,196.69,196.66,196.69,452.0,BURL
2023-12-28 11:46:00,196.55,196.61,196.55,196.61,1332.0,BURL
2023-12-28 11:45:00,196.57,196.57,196.5,196.56,1390.0,BURL
2023-12-28 11:44:00,196.66,196.66,196.66,196.66,105.0,BURL
2023-12-28 11:42:00,196.37,196.66,196.37,196.66,1761.0,BURL
2023-12-28 11:41:00,196.265,196.36,196.265,196.36,645.0,BURL
2023-12-28 11:40:00,196.31,196.32,196.17,196.32,1990.0,BURL
2023-12-28 11:39:00,196.26,196.37,196.26,196.37,2263.0,BURL
2023-12-28 11:38:00,196.25,196.25,196.2,196.235,1224.0,BURL
2023-12-28 11:35:00,196.31,196.35,196.31,196.35,600.0,BURL
2023-12-28 11:34:00,196.43,196.44,196.43,196.44,843.0,BURL
2023-12-28 11:33:00,196.55,196.55,196.55,196.55,420.0,BURL
2023-12-28 11:32:00,196.52,196.59,196.52,196.59,339.0,BURL
2023-12-28 11:29:00,196.4,196.4,196.4,196.4,123.0,BURL
2023-12-28 11:28:00,196.11,196.43,196.11,196.43,3412.0,BURL
2023-12-28 11:27:00,196.24,196.24,196.13,196.13,792.0,BURL
2023-12-28 11:26:00,196.38,196.38,196.24,196.24,940.0,BURL
2023-12-28 11:24:00,196.47,196.47,196.47,196.47,330.0,BURL
2023-12-28 11:23:00,196.49,196.49,196.45,196.45,477.0,BURL
2023-12-28 11:22:00,196.61,196.61,196.595,196.595,353.0,BURL
2023-12-28 11:21:00,196.585,196.585,196.56,196.56,214.0,BURL
2023-12-28 11:20:00,196.62,196.64,196.585,196.585,548.0,BURL
2023-12-28 11:19:00,196.72,196.83,196.68,196.83,4189.0,BURL
2023-12-28 11:18:00,196.942,196.942,196.942,196.942,186.0,BURL
2023-12-28 11:17:00,196.79,197.0,196.76,197.0,2952.0,BURL
2023-12-28 11:15:00,196.99,197.0,196.71,196.73,2993.0,BURL
2023-12-28 11:14:00,197.07,197.07,197.07,197.07,135.0,BURL
2023-12-28 11:12:00,197.24,197.26,197.23,197.23,986.0,BURL
2023-12-28 11:11:00,197.14,197.24,197.12,197.24,859.0,BURL
2023-12-28 11:10:00,196.87,197.08,196.87,197.07,2927.0,BURL
2023-12-28 11:09:00,196.85,197.0,196.85,196.97,1065.0,BURL
2023-12-28 11:08:00,196.925,196.925,196.77,196.77,1006.0,BURL
2023-12-28 11:07:00,197.03,197.03,196.85,196.925,1579.0,BURL
2023-12-28 11:06:00,197.01,197.15,197.01,197.15,1447.0,BURL
2023-12-28 11:05:00,196.9,197.04,196.88,196.975,5064.0,BURL
2023-12-28 11:04:00,196.99,197.035,196.975,196.975,717.0,BURL
2023-12-28 11:03:00,197.05,197.145,197.03,197.13,1317.0,BURL
2023-12-28 11:02:00,197.25,197.36,197.15,197.15,1981.0,BURL
2023-12-28 11:01:00,197.165,197.17,197.165,197.17,509.0,BURL
2023-12-28 11:00:00,197.165,197.165,197.165,197.165,229.0,BURL
2023-12-28 10:59:00,197.185,197.185,197.09,197.09,479.0,BURL
2023-12-28 10:58:00,197.24,197.25,197.09,197.16,1699.0,BURL
2023-12-28 10:57:00,197.04,197.225,197.04,197.135,1203.0,BURL
2023-12-28 10:56:00,197.115,197.115,196.86,196.89,5539.0,BURL
2023-12-28 10:55:00,197.17,197.19,197.04,197.12,1444.0,BURL
2023-12-28 10:54:00,197.395,197.48,197.13,197.17,10577.0,BURL
2023-12-28 10:53:00,197.345,197.51,197.332,197.39,4229.0,BURL
2023-12-28 10:52:00,197.195,197.43,197.195,197.43,10000.0,BURL
2023-12-28 10:51:00,197.2,197.2,197.2,197.2,375.0,BURL
2023-12-28 10:50:00,197.26,197.26,197.18,197.18,880.0,BURL
2023-12-28 10:49:00,197.25,197.25,197.25,197.25,173.0,BURL
2023-12-28 10:48:00,197.623,197.622,197.42,197.42,2066.0,BURL
2023-12-28 10:47:00,197.61,197.625,197.58,197.625,504.0,BURL
2023-12-28 10:46:00,197.39,197.63,197.39,197.63,1271.0,BURL
2023-12-28 10:45:00,197.33,197.36,197.28,197.335,687.0,BURL
2023-12-28 10:44:00,197.42,197.43,197.42,197.43,517.0,BURL
2023-12-28 10:43:00,197.51,197.54,197.42,197.51,2649.0,BURL
2023-12-28 10:42:00,197.84,197.84,197.625,197.63,2294.0,BURL
2023-12-28 10:41:00,197.91,197.99,197.87,197.87,2108.0,BURL
2023-12-28 10:40:00,197.86,197.915,197.81,197.9,5420.0,BURL
2023-12-28 10:39:00,197.78,197.92,197.78,197.92,1222.0,BURL
2023-12-28 10:38:00,197.765,197.87,197.765,197.81,3884.0,BURL
2023-12-28 10:37:00,197.535,197.73,197.535,197.73,3021.0,BURL
2023-12-28 10:36:00,197.525,197.53,197.525,197.53,329.0,BURL
2023-12-28 10:35:00,197.58,197.6,197.43,197.43,1641.0,BURL
2023-12-28 10:34:00,197.49,197.56,197.46,197.48,3879.0,BURL
2023-12-28 10:32:00,197.51,197.54,197.51,197.52,504.0,BURL
2023-12-28 10:31:00,197.42,197.52,197.41,197.48,1510.0,BURL
2023-12-28 10:30:00,197.23,197.48,197.23,197.48,1529.0,BURL
2023-12-28 10:29:00,197.355,197.355,197.2,197.24,622.0,BURL
2023-12-28 10:28:00,197.565,197.565,197.39,197.405,1433.0,BURL
2023-12-28 10:27:00,197.44,197.55,197.44,197.55,238.0,BURL
2023-12-28 10:26:00,197.55,197.55,197.49,197.49,374.0,BURL
2023-12-28 10:25:00,197.65,197.65,197.65,197.65,175.0,BURL
2023-12-28 10:24:00,197.565,197.65,197.565,197.64,522.0,BURL
2023-12-28 10:23:00,197.755,197.755,197.62,197.62,702.0,BURL
2023-12-28 10:22:00,197.71,197.77,197.64,197.77,1894.0,BURL
2023-12-28 10:21:00,197.91,197.91,197.74,197.84,1282.0,BURL
2023-12-28 10:20:00,197.77,197.89,197.77,197.89,206.0,BURL
2023-12-28 10:19:00,197.95,197.95,197.91,197.91,771.0,BURL
2023-12-28 10:18:00,197.97,198.035,197.8,197.835,3731.0,BURL
2023-12-28 10:17:00,197.915,198.04,197.915,198.04,680.0,BURL
2023-12-28 10:16:00,197.88,197.88,197.88,197.88,548.0,BURL
2023-12-28 10:15:00,197.685,197.77,197.685,197.77,440.0,BURL
2023-12-28 10:14:00,197.525,197.69,197.525,197.66,1016.0,BURL
2023-12-28 10:13:00,197.345,197.525,197.345,197.525,1455.0,BURL
2023-12-28 10:12:00,197.36,197.36,197.345,197.345,301.0,BURL
2023-12-28 10:11:00,197.27,197.27,197.27,197.27,102.0,BURL
2023-12-28 10:09:00,197.4,197.4,197.24,197.375,830.0,BURL
2023-12-28 10:08:00,197.3,197.57,197.3,197.565,2504.0,BURL
2023-12-28 10:07:00,197.51,197.51,197.425,197.425,518.0,BURL
2023-12-28 10:06:00,197.51,197.55,197.18,197.32,2657.0,BURL
2023-12-28 10:05:00,197.71,197.71,197.63,197.63,1249.0,BURL
2023-12-28 10:04:00,197.51,197.8,197.51,197.8,1100.0,BURL
2023-12-28 10:03:00,197.37,197.73,197.37,197.51,3014.0,BURL
2023-12-28 10:02:00,197.31,197.34,197.24,197.275,3006.0,BURL
2023-12-28 10:01:00,197.15,197.23,197.12,197.23,569.0,BURL
2023-12-28 10:00:00,197.21,197.23,197.125,197.125,1860.0,BURL
2023-12-28 09:59:00,197.21,197.21,197.21,197.21,222.0,BURL
2023-12-28 09:58:00,197.21,197.27,197.205,197.205,1040.0,BURL
2023-12-28 09:57:00,197.27,197.27,197.27,197.27,260.0,BURL
2023-12-28 09:56:00,197.02,197.075,197.02,197.075,1354.0,BURL
2023-12-28 09:54:00,196.94,197.04,196.89,196.89,1005.0,BURL
2023-12-28 09:53:00,196.81,196.81,196.81,196.81,346.0,BURL
2023-12-28 09:52:00,197.15,197.15,196.72,196.78,1765.0,BURL
2023-12-28 09:51:00,197.1,197.1,197.1,197.1,480.0,BURL
2023-12-28 09:50:00,196.9,196.92,196.9,196.91,693.0,BURL
2023-12-28 09:48:00,196.62,196.72,196.52,196.72,1121.0,BURL
2023-12-28 09:47:00,196.74,196.74,196.68,196.68,322.0,BURL
2023-12-28 09:46:00,196.5,196.73,196.5,196.73,384.0,BURL
2023-12-28 09:45:00,196.05,196.31,196.05,196.27,1399.0,BURL
2023-12-28 09:44:00,196.19,196.19,196.125,196.125,573.0,BURL
2023-12-28 09:43:00,196.47,196.48,196.35,196.39,1496.0,BURL
2023-12-28 09:42:00,196.53,196.64,196.38,196.64,1380.0,BURL
2023-12-28 09:41:00,196.64,196.77,196.36,196.53,3228.0,BURL
2023-12-28 09:40:00,196.35,197.02,196.35,197.02,438.0,BURL
2023-12-28 09:39:00,196.03,196.03,195.72,196.03,1383.0,BURL
2023-12-28 09:38:00,195.85,195.93,195.55,195.93,672.0,BURL
2023-12-28 09:35:00,195.74,195.765,195.74,195.765,759.0,BURL
2023-12-28 09:34:00,196.31,196.31,196.31,196.31,265.0,BURL
2023-12-28 09:33:00,196.48,196.52,195.95,195.95,3463.0,BURL
2023-12-28 09:32:00,196.95,196.96,196.57,196.71,1570.0,BURL
2023-12-28 09:31:00,196.75,196.75,196.29,196.29,1725.0,BURL
2023-12-28 09:30:00,195.89,197.23,195.89,197.23,4481.0,BURL
2023-12-28 09:06:00,196.6,196.6,196.6,196.6,900.0,BURL
2023-12-28 04:25:00,197.55,197.71,196.6,196.6,3.0,BURL
2023-12-28 04:24:00,196.36,196.48,196.36,196.48,2.0,BURL
2023-12-27 19:24:00,196.57,196.57,196.57,196.57,100.0,BURL
2023-12-27 19:06:00,196.59,196.59,196.59,196.59,5.0,BURL
2023-12-27 19:00:00,196.6,196.6,196.6,196.6,121023.0,BURL
2023-12-27 18:30:00,196.6,196.6,196.6,196.6,121023.0,BURL
2023-12-27 17:59:00,196.5,196.5,196.5,196.5,25.0,BURL
2023-12-27 17:57:00,196.62,196.62,196.6,196.6,75.0,BURL
2023-12-27 17:26:00,196.8,196.8,196.74,196.74,148.0,BURL
2023-12-27 17:25:00,196.81,196.81,196.64,196.64,353.0,BURL
2023-12-27 17:24:00,196.81,196.81,196.8,196.8,127.0,BURL
2023-12-27 17:23:00,196.9,196.9,196.61,196.8,583.0,BURL
2023-12-27 17:22:00,196.85,196.85,196.72,196.73,20.0,BURL
2023-12-27 17:21:00,196.85,196.85,196.85,196.85,30.0,BURL
2023-12-27 17:17:00,196.81,196.81,196.81,196.81,125.0,BURL
2023-12-27 17:11:00,196.71,196.71,196.7,196.7,115.0,BURL
2023-12-27 17:08:00,196.8,196.8,196.8,196.8,150.0,BURL
2023-12-27 17:07:00,196.8,196.95,196.8,196.95,250.0,BURL
2023-12-27 17:04:00,196.9,196.92,195.26,196.6,1820.0,BURL
2023-12-27 17:03:00,196.85,196.98,196.8,196.94,1231.0,BURL
2023-12-27 17:02:00,196.8,197.0,196.75,196.93,2032.0,BURL
2023-12-27 16:56:00,196.77,196.81,196.77,196.81,150.0,BURL
2023-12-27 16:53:00,196.81,196.98,196.81,196.98,350.0,BURL
2023-12-27 16:48:00,196.77,196.81,196.77,196.77,250.0,BURL
2023-12-27 16:44:00,196.79,196.79,196.78,196.78,300.0,BURL
2023-12-27 16:43:00,196.8,196.8,196.67,196.8,730.0,BURL
2023-12-27 16:42:00,196.81,196.81,196.81,196.81,350.0,BURL
2023-12-27 16:40:00,196.77,196.85,195.261,196.71,1349.0,BURL
2023-12-27 16:39:00,196.84,197.0,196.6,196.66,5515.0,BURL
2023-12-27 16:38:00,196.89,196.9,196.62,196.84,4748.0,BURL
2023-12-27 16:37:00,197.0,197.0,196.79,196.92,1685.0,BURL
2023-12-27 16:36:00,196.3,196.3,196.3,196.3,800.0,BURL
2023-12-27 16:35:00,196.79,196.82,196.79,196.82,59.0,BURL
2023-12-27 16:34:00,196.71,196.71,196.71,196.71,53.0,BURL
2023-12-27 16:32:00,196.7,196.7,196.65,196.65,140.0,BURL
2023-12-27 16:31:00,196.71,196.79,196.63,196.63,405.0,BURL
2023-12-27 16:30:00,196.78,196.85,196.65,196.67,2360.0,BURL
2023-12-27 16:29:00,196.71,196.87,196.7,196.75,2167.0,BURL
2023-12-27 16:28:00,196.67,196.84,196.64,196.75,3437.0,BURL
2023-12-27 16:27:00,196.7,196.84,196.64,196.66,3198.0,BURL
2023-12-27 16:26:00,196.82,196.9,196.6,196.9,6158.0,BURL
2023-12-27 16:25:00,196.81,196.9,196.66,196.67,1691.0,BURL
2023-12-27 16:24:00,196.59,196.89,196.53,196.82,2629.0,BURL
2023-12-27 16:23:00,195.264,196.71,195.264,196.59,734.0,BURL
2023-12-27 16:21:00,196.89,196.89,196.61,196.61,1472.0,BURL
2023-12-27 16:20:00,196.7,196.9,196.66,196.71,3318.0,BURL
2023-12-27 16:19:00,196.84,196.94,196.61,196.72,1907.0,BURL
2023-12-27 16:18:00,196.7,196.9,196.63,196.73,1565.0,BURL
2023-12-27 16:17:00,196.92,197.2,196.74,197.2,801.0,BURL
2023-12-27 16:16:00,196.65,196.96,195.88,196.9,2368.0,BURL
2023-12-27 16:15:00,196.6,197.0,196.44,197.0,2125.0,BURL
2023-12-27 16:14:00,196.6,196.8,196.1,196.64,3684.0,BURL
2023-12-27 16:13:00,196.65,196.95,196.55,196.79,4645.0,BURL
2023-12-27 16:12:00,196.72,196.94,196.15,196.89,5354.0,BURL
2023-12-27 16:11:00,196.61,197.0,196.1,196.1,5336.0,BURL
2023-12-27 16:10:00,196.6,196.75,196.6,196.7,123313.0,BURL
2023-12-27 16:09:00,196.6,196.8,196.5,196.7,2520.0,BURL
2023-12-27 16:07:00,196.01,196.01,196.01,196.01,1.0,BURL
2023-12-27 16:03:00,196.6,196.6,196.6,196.6,83.0,BURL
2023-12-27 16:00:00,196.71,196.71,196.6,196.6,250877.0,BURL
2023-12-27 15:59:00,196.68,196.88,196.63,196.71,30751.0,BURL
2023-12-27 15:58:00,196.605,196.73,196.545,196.685,21237.0,BURL
2023-12-27 15:57:00,196.58,196.63,196.55,196.61,11535.0,BURL
2023-12-27 15:56:00,196.56,196.66,196.45,196.585,17294.0,BURL
2023-12-27 15:55:00,196.3,196.58,196.255,196.58,10030.0,BURL
2023-12-27 15:54:00,196.18,196.3,196.15,196.3,6220.0,BURL
2023-12-27 15:53:00,196.19,196.22,196.1,196.15,11420.0,BURL
2023-12-27 15:52:00,196.07,196.21,196.03,196.152,10555.0,BURL
2023-12-27 15:51:00,195.88,196.105,195.85,196.05,11993.0,BURL
2023-12-27 15:50:00,196.085,196.14,195.88,195.88,9016.0,BURL
2023-12-27 15:49:00,196.05,196.18,196.05,196.12,6424.0,BURL
2023-12-27 15:48:00,196.1,196.14,195.94,196.14,6074.0,BURL
2023-12-27 15:47:00,196.115,196.12,196.04,196.075,4157.0,BURL
2023-12-27 15:46:00,196.045,196.16,196.045,196.14,1827.0,BURL
2023-12-27 15:45:00,196.13,196.13,196.01,196.04,4630.0,BURL
2023-12-27 15:44:00,196.06,196.15,196.06,196.13,3718.0,BURL
2023-12-27 15:43:00,196.01,196.11,195.94,196.11,3100.0,BURL
2023-12-27 15:42:00,196.045,196.085,195.96,196.01,1604.0,BURL
2023-12-27 15:41:00,196.215,196.215,196.02,196.03,4242.0,BURL
2023-12-27 15:40:00,196.2,196.205,196.12,196.19,4300.0,BURL
2023-12-27 15:39:00,196.065,196.19,196.065,196.165,4996.0,BURL
2023-12-27 15:38:00,196.06,196.07,196.04,196.06,2395.0,BURL
2023-12-27 15:37:00,196.12,196.12,196.055,196.055,1892.0,BURL
2023-12-27 15:36:00,196.02,196.11,196.02,196.11,4816.0,BURL
2023-12-27 15:35:00,195.895,196.015,195.895,196.015,2245.0,BURL
2023-12-27 15:34:00,195.885,195.89,195.885,195.89,833.0,BURL
2023-12-27 15:33:00,195.805,195.89,195.805,195.89,2079.0,BURL
2023-12-27 15:32:00,195.865,195.9,195.79,195.8,2368.0,BURL
2023-12-27 15:31:00,195.82,195.86,195.785,195.86,5135.0,BURL
2023-12-27 15:30:00,195.775,195.79,195.775,195.79,847.0,BURL
2023-12-27 15:29:00,195.72,195.79,195.64,195.75,2815.0,BURL
2023-12-27 15:28:00,195.7,195.735,195.7,195.732,867.0,BURL
2023-12-27 15:27:00,195.72,195.77,195.61,195.61,2788.0,BURL
2023-12-27 15:26:00,195.72,195.72,195.68,195.68,477.0,BURL
2023-12-27 15:25:00,195.7,195.7,195.6,195.61,1019.0,BURL
2023-12-27 15:24:00,195.8,195.8,195.67,195.71,2487.0,BURL
2023-12-27 15:23:00,195.86,195.86,195.84,195.84,1605.0,BURL
2023-12-27 15:22:00,195.85,195.875,195.85,195.875,1917.0,BURL
2023-12-27 15:21:00,195.82,195.82,195.82,195.82,730.0,BURL
2023-12-27 15:20:00,195.82,195.85,195.785,195.83,1210.0,BURL
2023-12-27 15:19:00,195.86,195.92,195.83,195.83,2716.0,BURL
2023-12-27 15:18:00,195.915,195.915,195.83,195.83,2112.0,BURL
2023-12-27 15:17:00,195.9,195.91,195.9,195.91,1090.0,BURL
2023-12-27 15:16:00,195.91,195.91,195.84,195.87,1721.0,BURL
2023-12-27 15:15:00,195.755,195.755,195.755,195.755,1171.0,BURL
2023-12-27 15:14:00,195.785,195.845,195.785,195.79,699.0,BURL
2023-12-27 15:13:00,195.81,195.81,195.785,195.785,830.0,BURL
2023-12-27 15:12:00,195.79,195.79,195.64,195.77,2485.0,BURL
2023-12-27 15:11:00,195.885,195.89,195.76,195.79,3326.0,BURL
2023-12-27 15:10:00,195.975,195.975,195.89,195.89,2061.0,BURL
2023-12-27 15:09:00,195.91,195.99,195.91,195.91,4133.0,BURL
2023-12-27 15:08:00,195.755,195.95,195.755,195.95,2105.0,BURL
2023-12-27 15:07:00,195.725,195.74,195.725,195.74,563.0,BURL
2023-12-27 15:06:00,195.65,195.765,195.63,195.74,2848.0,BURL
2023-12-27 15:05:00,195.78,195.78,195.67,195.67,2839.0,BURL
2023-12-27 15:04:00,195.78,195.78,195.78,195.78,116.0,BURL
2023-12-27 15:03:00,195.73,195.77,195.73,195.77,1025.0,BURL
2023-12-27 15:02:00,195.695,195.75,195.695,195.72,1546.0,BURL
2023-12-27 15:01:00,195.64,195.64,195.64,195.64,370.0,BURL
2023-12-27 15:00:00,195.805,195.805,195.64,195.64,2995.0,BURL
2023-12-27 14:59:00,195.81,195.81,195.81,195.81,408.0,BURL
2023-12-27 14:58:00,195.68,195.77,195.61,195.77,4521.0,BURL
2023-12-27 14:57:00,195.63,195.635,195.63,195.635,385.0,BURL
2023-12-27 14:56:00,195.56,195.635,195.525,195.59,2434.0,BURL
2023-12-27 14:55:00,195.63,195.63,195.56,195.62,2781.0,BURL
2023-12-27 14:54:00,195.53,195.695,195.53,195.695,2695.0,BURL
2023-12-27 14:53:00,195.54,195.555,195.525,195.525,412.0,BURL
2023-12-27 14:52:00,195.61,195.62,195.54,195.55,2147.0,BURL
2023-12-27 14:51:00,195.595,195.62,195.595,195.615,1314.0,BURL
2023-12-27 14:50:00,195.485,195.625,195.485,195.59,1674.0,BURL
2023-12-27 14:49:00,195.69,195.69,195.5,195.5,1068.0,BURL
2023-12-27 14:48:00,195.78,195.785,195.73,195.755,2005.0,BURL
2023-12-27 14:47:00,195.76,195.785,195.76,195.785,1460.0,BURL
2023-12-27 14:46:00,195.7,195.745,195.7,195.745,2497.0,BURL
2023-12-27 14:45:00,195.66,195.78,195.66,195.769,1267.0,BURL
2023-12-27 14:44:00,195.63,195.69,195.63,195.69,258.0,BURL
2023-12-27 14:43:00,195.64,195.655,195.63,195.655,469.0,BURL
2023-12-27 14:42:00,195.82,195.83,195.56,195.6,3307.0,BURL
2023-12-27 14:41:00,195.705,195.81,195.705,195.81,2937.0,BURL
2023-12-27 14:40:00,195.765,195.765,195.66,195.66,566.0,BURL
2023-12-27 14:39:00,195.72,195.85,195.68,195.85,2541.0,BURL
2023-12-27 14:38:00,195.765,195.765,195.765,195.765,543.0,BURL
2023-12-27 14:37:00,195.7,195.75,195.66,195.75,1023.0,BURL
2023-12-27 14:36:00,195.66,195.7,195.64,195.7,1044.0,BURL
2023-12-27 14:35:00,195.71,195.713,195.59,195.68,2212.0,BURL
2023-12-27 14:34:00,195.825,195.825,195.73,195.73,1195.0,BURL
2023-12-27 14:33:00,195.75,195.83,195.75,195.83,951.0,BURL
2023-12-27 14:32:00,195.83,195.89,195.655,195.655,1789.0,BURL
2023-12-27 14:31:00,195.85,195.91,195.83,195.83,1137.0,BURL
2023-12-27 14:30:00,196.01,196.01,195.86,195.91,2436.0,BURL
2023-12-27 14:29:00,196.05,196.2,196.05,196.05,3438.0,BURL
2023-12-27 14:28:00,196.04,196.04,196.04,196.04,433.0,BURL
2023-12-27 14:27:00,196.0,196.06,196.0,196.06,838.0,BURL
2023-12-27 14:26:00,195.83,196.07,195.71,196.0,2890.0,BURL
2023-12-27 14:25:00,195.785,195.895,195.785,195.82,2915.0,BURL
2023-12-27 14:24:00,195.58,195.79,195.58,195.755,2973.0,BURL
2023-12-27 14:23:00,195.575,195.58,195.57,195.57,585.0,BURL
2023-12-27 14:22:00,195.82,195.82,195.51,195.51,4271.0,BURL
2023-12-27 14:21:00,195.845,195.845,195.84,195.84,581.0,BURL
2023-12-27 14:20:00,195.71,195.89,195.71,195.8,1599.0,BURL
2023-12-27 14:19:00,195.84,195.84,195.69,195.69,2196.0,BURL
2023-12-27 14:18:00,195.56,195.648,195.55,195.58,3301.0,BURL
2023-12-27 14:17:00,195.325,195.41,195.325,195.41,731.0,BURL
2023-12-27 14:16:00,195.22,195.26,195.19,195.19,775.0,BURL
2023-12-27 14:15:00,195.127,195.145,195.127,195.145,1040.0,BURL
2023-12-27 14:14:00,195.31,195.365,195.21,195.21,2767.0,BURL
2023-12-27 14:13:00,195.24,195.24,195.24,195.24,1046.0,BURL
2023-12-27 14:12:00,195.13,195.13,195.13,195.13,137.0,BURL
2023-12-27 14:11:00,195.185,195.185,195.13,195.13,338.0,BURL
2023-12-27 14:10:00,195.08,195.155,194.96,195.13,4022.0,BURL
2023-12-27 14:09:00,195.06,195.205,195.06,195.205,839.0,BURL
2023-12-27 14:08:00,195.165,195.165,195.165,195.165,502.0,BURL
2023-12-27 14:07:00,195.05,195.155,195.05,195.155,1094.0,BURL
2023-12-27 14:06:00,194.99,195.125,194.99,195.0,2005.0,BURL
2023-12-27 14:05:00,194.905,194.905,194.74,194.74,1918.0,BURL
2023-12-27 14:04:00,195.02,195.02,194.83,194.9,6663.0,BURL
2023-12-27 14:03:00,195.04,195.04,194.955,194.955,1618.0,BURL
2023-12-27 14:02:00,194.935,195.03,194.89,194.97,4573.0,BURL
2023-12-27 14:01:00,194.95,195.0,194.95,195.0,1612.0,BURL
2023-12-27 14:00:00,195.25,195.31,194.84,194.87,3584.0,BURL
2023-12-27 13:59:00,195.32,195.32,195.31,195.31,651.0,BURL
2023-12-27 13:58:00,195.48,195.48,195.26,195.34,6286.0,BURL
2023-12-27 13:57:00,195.42,195.51,195.42,195.495,8145.0,BURL
2023-12-27 13:56:00,195.39,195.41,195.27,195.41,7674.0,BURL
2023-12-27 13:55:00,195.45,195.59,195.33,195.34,12613.0,BURL
2023-12-27 13:54:00,195.5,195.5,195.45,195.45,5013.0,BURL
2023-12-27 13:53:00,195.475,195.475,195.475,195.475,471.0,BURL
2023-12-27 13:52:00,195.48,195.48,195.48,195.48,154.0,BURL
2023-12-27 13:51:00,195.5,195.5,195.33,195.43,4638.0,BURL
2023-12-27 13:50:00,195.41,195.5,195.405,195.5,943.0,BURL
2023-12-27 13:49:00,195.45,195.46,195.42,195.42,999.0,BURL
2023-12-27 13:48:00,195.255,195.33,195.255,195.33,1304.0,BURL
2023-12-27 13:47:00,195.205,195.29,195.205,195.25,1967.0,BURL
2023-12-27 13:46:00,195.24,195.24,195.24,195.24,592.0,BURL
2023-12-27 13:45:00,195.41,195.41,195.345,195.345,1180.0,BURL
2023-12-27 13:44:00,195.395,195.43,195.395,195.43,719.0,BURL
2023-12-27 13:43:00,195.46,195.46,195.46,195.46,209.0,BURL
2023-12-27 13:42:00,195.455,195.455,195.455,195.455,247.0,BURL
2023-12-27 13:41:00,195.42,195.42,195.42,195.42,460.0,BURL
2023-12-27 13:40:00,195.437,195.438,195.437,195.437,138.0,BURL
2023-12-27 13:39:00,195.31,195.39,195.31,195.39,1843.0,BURL
2023-12-27 13:38:00,195.26,195.27,195.252,195.255,1680.0,BURL
2023-12-27 13:37:00,195.284,195.284,195.22,195.22,2233.0,BURL
2023-12-27 13:35:00,195.355,195.355,195.29,195.3,2542.0,BURL
2023-12-27 13:34:00,195.43,195.44,195.3,195.3,2661.0,BURL
2023-12-27 13:33:00,195.492,195.495,195.45,195.47,1106.0,BURL
2023-12-27 13:32:00,195.58,195.58,195.35,195.53,4088.0,BURL
2023-12-27 13:31:00,195.57,195.57,195.57,195.57,913.0,BURL
2023-12-27 13:30:00,195.725,195.725,195.54,195.57,2823.0,BURL
2023-12-27 13:28:00,195.8,195.805,195.7,195.7,1097.0,BURL
2023-12-27 13:27:00,195.82,195.82,195.805,195.805,521.0,BURL
2023-12-27 13:26:00,195.5,195.78,195.5,195.78,2953.0,BURL
2023-12-27 13:25:00,195.67,195.67,195.5,195.52,1757.0,BURL
2023-12-27 13:24:00,195.82,195.86,195.74,195.74,1595.0,BURL
2023-12-27 13:23:00,195.95,195.95,195.87,195.88,1763.0,BURL
2023-12-27 13:22:00,195.98,195.98,195.87,195.87,4190.0,BURL
2023-12-27 13:21:00,196.18,196.18,196.09,196.09,860.0,BURL
2023-12-27 13:19:00,196.05,196.18,196.05,196.18,846.0,BURL
2023-12-27 13:18:00,196.07,196.07,196.02,196.02,987.0,BURL
2023-12-27 13:17:00,196.07,196.13,195.97,196.105,7816.0,BURL
2023-12-27 13:16:00,196.05,196.05,196.05,196.05,464.0,BURL
2023-12-27 13:15:00,196.055,196.055,196.02,196.02,549.0,BURL
2023-12-27 13:14:00,196.03,196.07,196.03,196.05,921.0,BURL
2023-12-27 13:13:00,196.11,196.11,196.07,196.085,1843.0,BURL
2023-12-27 13:12:00,196.05,196.11,195.97,196.07,3456.0,BURL
2023-12-27 13:11:00,196.015,196.09,195.97,196.05,3461.0,BURL
2023-12-27 13:10:00,195.84,196.165,195.84,196.05,4205.0,BURL
2023-12-27 13:09:00,195.835,195.87,195.78,195.87,1379.0,BURL
2023-12-27 13:08:00,195.76,195.86,195.68,195.86,3637.0,BURL
2023-12-27 13:07:00,195.49,195.68,195.49,195.68,1351.0,BURL
2023-12-27 13:06:00,195.24,195.64,195.23,195.525,9495.0,BURL
2023-12-27 13:05:00,195.29,195.3,195.22,195.3,4591.0,BURL
2023-12-27 13:04:00,195.25,195.29,195.25,195.29,446.0,BURL
2023-12-27 13:03:00,195.245,195.245,195.245,195.245,142.0,BURL
2023-12-27 13:02:00,195.16,195.28,195.095,195.095,3000.0,BURL
2023-12-27 13:01:00,195.03,195.215,195.03,195.067,3933.0,BURL
2023-12-27 13:00:00,194.98,195.03,194.98,195.03,935.0,BURL
2023-12-27 12:59:00,194.945,194.945,194.945,194.945,223.0,BURL
2023-12-27 12:58:00,194.982,194.983,194.925,194.925,1399.0,BURL
2023-12-27 12:57:00,195.0,195.0,194.96,194.96,664.0,BURL
2023-12-27 12:56:00,194.865,194.94,194.865,194.94,908.0,BURL
2023-12-27 12:55:00,194.85,194.86,194.85,194.86,865.0,BURL
2023-12-27 12:54:00,194.855,194.965,194.81,194.965,2536.0,BURL
2023-12-27 12:53:00,194.88,194.88,194.85,194.85,552.0,BURL
2023-12-27 12:52:00,194.93,194.93,194.89,194.89,843.0,BURL
2023-12-27 12:51:00,195.0,195.02,194.92,194.92,3422.0,BURL
2023-12-27 12:50:00,194.96,194.96,194.96,194.96,280.0,BURL
2023-12-27 12:49:00,194.92,194.93,194.92,194.93,669.0,BURL
2023-12-27 12:48:00,194.855,194.855,194.855,194.855,333.0,BURL
2023-12-27 12:47:00,194.85,194.85,194.84,194.84,367.0,BURL
2023-12-27 12:46:00,194.89,194.89,194.83,194.86,2496.0,BURL
2023-12-27 12:45:00,194.95,195.0,194.89,194.89,3296.0,BURL
2023-12-27 12:44:00,195.08,195.08,194.97,195.0,1412.0,BURL
2023-12-27 12:43:00,195.08,195.11,195.07,195.07,1260.0,BURL
2023-12-27 12:42:00,195.29,195.305,195.225,195.24,4394.0,BURL
2023-12-27 12:41:00,195.24,195.32,195.21,195.32,2632.0,BURL
2023-12-27 12:40:00,195.0,195.23,194.94,195.23,9423.0,BURL
2023-12-27 12:39:00,194.94,194.94,194.94,194.94,478.0,BURL
2023-12-27 12:38:00,194.94,194.96,194.922,194.922,566.0,BURL
2023-12-27 12:37:00,194.965,194.965,194.96,194.96,969.0,BURL
2023-12-27 12:36:00,194.97,195.05,194.9,194.97,12619.0,BURL
2023-12-27 12:35:00,194.905,195.015,194.905,194.97,4818.0,BURL
2023-12-27 12:34:00,194.895,194.9,194.895,194.9,797.0,BURL
2023-12-27 12:33:00,194.985,195.015,194.905,194.905,1998.0,BURL
2023-12-27 12:32:00,194.95,194.975,194.95,194.975,698.0,BURL
2023-12-27 12:31:00,195.004,195.004,194.985,194.985,1351.0,BURL
2023-12-27 12:30:00,194.985,194.985,194.985,194.985,570.0,BURL
2023-12-27 12:29:00,195.04,195.045,194.97,194.97,682.0,BURL
2023-12-27 12:28:00,194.98,195.17,194.98,195.05,3586.0,BURL
2023-12-27 12:27:00,194.995,195.03,194.92,194.955,1829.0,BURL
2023-12-27 12:26:00,194.91,194.995,194.9,194.995,1434.0,BURL
2023-12-27 12:25:00,194.95,194.95,194.9,194.9,1563.0,BURL
2023-12-27 12:24:00,194.895,194.9,194.845,194.875,797.0,BURL
2023-12-27 12:23:00,194.825,194.84,194.715,194.84,1018.0,BURL
2023-12-27 12:22:00,194.88,194.96,194.88,194.95,3026.0,BURL
2023-12-27 12:20:00,194.947,194.947,194.84,194.922,907.0,BURL
2023-12-27 12:19:00,194.79,194.79,194.79,194.79,106.0,BURL
2023-12-27 12:18:00,194.94,195.0,194.94,195.0,2371.0,BURL
2023-12-27 12:17:00,195.035,195.07,194.81,194.88,2184.0,BURL
2023-12-27 12:16:00,195.375,195.375,195.15,195.15,4622.0,BURL
2023-12-27 12:15:00,195.59,195.605,195.375,195.375,2900.0,BURL
2023-12-27 12:14:00,195.59,195.66,195.53,195.53,6477.0,BURL
2023-12-27 12:13:00,195.635,195.635,195.53,195.59,1400.0,BURL
2023-12-27 12:12:00,195.44,195.6,195.44,195.6,1808.0,BURL
2023-12-27 12:09:00,195.38,195.4,195.36,195.36,899.0,BURL
2023-12-27 12:08:00,195.455,195.46,195.37,195.37,1915.0,BURL
2023-12-27 12:07:00,195.4,195.47,195.4,195.455,1612.0,BURL
2023-12-27 12:06:00,195.225,195.4,195.225,195.4,947.0,BURL
2023-12-27 12:05:00,195.225,195.225,195.225,195.225,514.0,BURL
2023-12-27 12:04:00,195.24,195.3,195.22,195.24,1668.0,BURL
2023-12-27 12:01:00,195.19,195.41,195.19,195.34,2423.0,BURL
2023-12-27 12:00:00,195.09,195.105,195.09,195.105,530.0,BURL
2023-12-27 11:58:00,194.95,195.12,194.95,195.12,4546.0,BURL
2023-12-27 11:57:00,195.02,195.03,195.02,195.03,210.0,BURL
2023-12-27 11:53:00,195.04,195.04,195.04,195.04,468.0,BURL
2023-12-27 11:52:00,195.04,195.04,195.04,195.04,192.0,BURL
2023-12-27 11:51:00,194.957,195.04,194.957,194.962,947.0,BURL
2023-12-27 11:49:00,195.08,195.08,195.025,195.077,615.0,BURL
2023-12-27 11:48:00,195.0,195.09,195.0,195.0,1194.0,BURL
2023-12-27 11:46:00,194.912,195.135,194.912,195.135,1983.0,BURL
2023-12-27 11:45:00,194.9,194.91,194.9,194.91,650.0,BURL
2023-12-27 11:44:00,194.81,194.82,194.74,194.74,1639.0,BURL
2023-12-27 11:43:00,194.925,194.93,194.925,194.93,295.0,BURL
2023-12-27 11:41:00,194.94,194.94,194.94,194.94,657.0,BURL
2023-12-27 11:38:00,195.01,195.01,195.01,195.01,282.0,BURL
2023-12-27 11:37:00,194.96,194.97,194.96,194.97,1347.0,BURL
2023-12-27 11:36:00,195.04,195.04,195.04,195.04,133.0,BURL
2023-12-27 11:35:00,195.03,195.03,195.03,195.03,785.0,BURL
2023-12-27 11:34:00,194.7,194.83,194.7,194.83,1134.0,BURL
2023-12-27 11:33:00,194.705,194.705,194.705,194.705,278.0,BURL
2023-12-27 11:32:00,194.75,194.88,194.75,194.82,1660.0,BURL
2023-12-27 11:30:00,194.68,194.74,194.6,194.6,1264.0,BURL
2023-12-27 11:28:00,194.69,194.73,194.69,194.71,2396.0,BURL
2023-12-27 11:27:00,194.655,194.655,194.655,194.655,417.0,BURL
2023-12-27 11:26:00,194.72,194.72,194.57,194.655,1056.0,BURL
2023-12-27 11:23:00,194.97,194.97,194.97,194.97,1046.0,BURL
2023-12-27 11:22:00,195.05,195.06,194.975,194.975,912.0,BURL
2023-12-27 11:21:00,195.02,195.045,194.87,194.95,1178.0,BURL
2023-12-27 11:20:00,195.11,195.11,195.11,195.11,378.0,BURL
2023-12-27 11:19:00,195.06,195.06,195.06,195.06,502.0,BURL
2023-12-27 11:18:00,194.935,194.935,194.935,194.935,496.0,BURL
2023-12-27 11:17:00,195.09,195.09,194.9,194.9,1457.0,BURL
2023-12-27 11:15:00,195.09,195.09,195.09,195.09,199.0,BURL
2023-12-27 11:14:00,194.93,194.96,194.93,194.96,1079.0,BURL
2023-12-27 11:13:00,194.8,194.8,194.8,194.8,372.0,BURL
2023-12-27 11:12:00,194.88,194.88,194.88,194.88,315.0,BURL
2023-12-27 11:11:00,194.99,195.07,194.72,194.86,4906.0,BURL
2023-12-27 11:10:00,195.12,195.12,195.09,195.105,603.0,BURL
2023-12-27 11:09:00,195.13,195.2,195.13,195.2,1070.0,BURL
2023-12-27 11:08:00,195.18,195.18,195.085,195.12,895.0,BURL
2023-12-27 11:07:00,195.11,195.11,195.06,195.06,619.0,BURL
2023-12-27 11:06:00,195.115,195.115,195.115,195.115,496.0,BURL
2023-12-27 11:05:00,194.91,195.015,194.91,194.91,1527.0,BURL
2023-12-27 11:04:00,194.85,194.85,194.85,194.85,626.0,BURL
2023-12-27 11:03:00,194.725,194.725,194.725,194.725,314.0,BURL
2023-12-27 11:01:00,194.94,194.95,194.94,194.95,476.0,BURL
2023-12-27 10:59:00,194.93,194.93,194.93,194.93,818.0,BURL
2023-12-27 10:58:00,195.21,195.21,194.69,194.69,1373.0,BURL
2023-12-27 10:57:00,195.31,195.435,195.31,195.425,1675.0,BURL
2023-12-27 10:56:00,195.25,195.36,195.21,195.24,1112.0,BURL
2023-12-27 10:55:00,195.19,195.19,195.19,195.19,319.0,BURL
2023-12-27 10:54:00,195.385,195.395,195.185,195.185,1082.0,BURL
2023-12-27 10:53:00,195.82,195.86,195.38,195.38,3671.0,BURL
2023-12-27 10:52:00,195.79,195.99,195.79,195.845,2953.0,BURL
2023-12-27 10:51:00,195.37,195.74,195.365,195.65,4166.0,BURL
2023-12-27 10:50:00,195.53,195.53,195.255,195.255,1580.0,BURL
2023-12-27 10:48:00,195.655,195.655,195.64,195.64,566.0,BURL
2023-12-27 10:47:00,195.755,195.78,195.63,195.657,2153.0,BURL
2023-12-27 10:44:00,195.52,195.825,195.52,195.825,1823.0,BURL
2023-12-27 10:42:00,195.72,195.72,195.4,195.4,1390.0,BURL
2023-12-27 10:41:00,195.73,195.73,195.73,195.73,249.0,BURL
2023-12-27 10:40:00,195.79,195.79,195.79,195.79,600.0,BURL
2023-12-27 10:39:00,195.72,195.72,195.72,195.72,329.0,BURL
2023-12-27 10:38:00,195.48,195.68,195.48,195.68,1021.0,BURL
2023-12-27 10:37:00,195.57,195.57,195.57,195.57,395.0,BURL
2023-12-27 10:36:00,195.87,195.87,195.695,195.695,842.0,BURL
2023-12-27 10:35:00,196.255,196.257,195.97,195.97,3109.0,BURL
2023-12-27 10:34:00,196.255,196.255,196.255,196.255,563.0,BURL
2023-12-27 10:33:00,196.28,196.28,196.28,196.28,238.0,BURL
2023-12-27 10:32:00,196.37,196.37,196.14,196.19,3358.0,BURL
2023-12-27 10:31:00,196.375,196.375,196.375,196.375,281.0,BURL
2023-12-27 10:30:00,196.37,196.37,196.28,196.28,1017.0,BURL
2023-12-27 10:28:00,196.21,196.37,196.21,196.37,1320.0,BURL
2023-12-27 10:26:00,196.08,196.48,196.07,196.31,2984.0,BURL
2023-12-27 10:25:00,196.0,196.115,196.0,196.005,1368.0,BURL
2023-12-27 10:24:00,195.66,195.95,195.66,195.91,1764.0,BURL
2023-12-27 10:23:00,195.555,195.56,195.555,195.56,305.0,BURL
2023-12-27 10:22:00,195.505,195.65,195.505,195.6,621.0,BURL
2023-12-27 10:21:00,195.515,195.515,195.505,195.505,528.0,BURL
2023-12-27 10:20:00,195.605,195.605,195.44,195.58,1401.0,BURL
2023-12-27 10:18:00,195.64,195.73,195.55,195.73,1454.0,BURL
2023-12-27 10:17:00,195.525,195.525,195.33,195.49,1667.0,BURL
2023-12-27 10:16:00,195.59,195.59,195.44,195.505,1099.0,BURL
2023-12-27 10:15:00,195.55,195.55,195.55,195.55,179.0,BURL
2023-12-27 10:14:00,195.515,195.67,195.38,195.51,1643.0,BURL
2023-12-27 10:13:00,195.72,195.72,195.52,195.52,447.0,BURL
2023-12-27 10:11:00,195.595,195.67,195.59,195.59,1715.0,BURL
2023-12-27 10:10:00,195.45,195.62,195.375,195.595,3457.0,BURL
2023-12-27 10:09:00,195.3,195.3,195.3,195.3,843.0,BURL
2023-12-27 10:06:00,195.07,195.095,195.07,195.095,1133.0,BURL
2023-12-27 10:05:00,195.1,195.11,195.09,195.11,779.0,BURL
2023-12-27 10:04:00,195.205,195.205,195.205,195.205,239.0,BURL
2023-12-27 10:03:00,195.23,195.23,195.23,195.23,188.0,BURL
2023-12-27 10:02:00,195.28,195.28,195.27,195.27,1177.0,BURL
2023-12-27 10:00:00,194.72,195.15,194.72,195.01,1298.0,BURL
2023-12-27 09:59:00,194.3,194.66,194.3,194.66,1773.0,BURL
2023-12-27 09:58:00,194.137,194.16,194.137,194.16,349.0,BURL
2023-12-27 09:56:00,194.2,194.2,194.2,194.2,211.0,BURL
2023-12-27 09:53:00,194.65,194.65,194.5,194.5,282.0,BURL
2023-12-27 09:52:00,194.3,194.43,194.3,194.43,1426.0,BURL
2023-12-27 09:50:00,194.19,194.19,194.19,194.19,184.0,BURL
2023-12-27 09:47:00,194.087,194.143,194.06,194.12,895.0,BURL
2023-12-27 09:45:00,194.765,194.765,194.395,194.55,1487.0,BURL
2023-12-27 09:44:00,194.83,194.83,194.83,194.83,773.0,BURL
2023-12-27 09:43:00,194.55,194.72,194.5,194.635,2146.0,BURL
2023-12-27 09:42:00,194.58,194.758,194.58,194.757,1164.0,BURL
2023-12-27 09:41:00,194.85,194.88,194.58,194.58,413.0,BURL
2023-12-27 09:40:00,194.465,194.838,194.465,194.837,874.0,BURL
2023-12-27 09:39:00,194.09,194.48,193.91,194.475,6659.0,BURL
2023-12-27 09:38:00,193.93,193.98,193.905,193.98,1131.0,BURL
2023-12-27 09:37:00,193.9,193.91,193.86,193.89,2166.0,BURL
2023-12-27 09:36:00,193.69,193.71,193.605,193.605,329.0,BURL
2023-12-27 09:35:00,194.42,194.573,193.56,193.56,1555.0,BURL
2023-12-27 09:34:00,194.77,194.91,194.665,194.68,1799.0,BURL
2023-12-27 09:33:00,194.85,194.85,194.46,194.46,1520.0,BURL
2023-12-27 09:32:00,194.84,194.845,194.84,194.845,800.0,BURL
2023-12-27 09:31:00,194.89,195.225,194.48,194.83,21275.0,BURL
2023-12-27 09:30:00,195.5,195.98,195.5,195.89,5743.0,BURL
2023-12-27 08:24:00,195.8,196.99,195.8,196.99,139.0,BURL
2023-12-27 08:23:00,195.8,195.8,195.8,195.8,100.0,BURL
2023-12-26 19:59:00,195.29,195.29,195.29,195.29,100.0,BURL
2023-12-26 19:58:00,195.31,195.31,195.3,195.3,103.0,BURL
2023-12-26 19:54:00,195.28,195.28,195.28,195.28,4.0,BURL
2023-12-26 19:50:00,195.28,195.28,195.28,195.28,4.0,BURL
2023-12-26 19:00:00,195.89,195.89,195.89,195.89,90312.0,BURL
2023-12-26 18:30:00,195.89,195.89,195.89,195.89,90312.0,BURL
2023-12-26 17:52:00,195.5,195.5,195.5,195.5,1.0,BURL
2023-12-26 17:29:00,195.37,195.92,195.37,195.92,24.0,BURL
2023-12-26 17:28:00,195.8,195.8,195.8,195.8,12.0,BURL
2023-12-26 17:19:00,195.95,195.95,195.78,195.78,114.0,BURL
2023-12-26 17:16:00,195.94,195.94,195.94,195.94,34.0,BURL
2023-12-26 17:15:00,195.82,195.94,195.82,195.9,226.0,BURL
2023-12-26 17:13:00,195.82,195.85,195.78,195.78,1112.0,BURL
2023-12-26 17:12:00,195.92,195.94,195.81,195.84,1154.0,BURL
2023-12-26 17:11:00,195.9,195.94,195.82,195.82,1920.0,BURL
2023-12-26 17:10:00,195.85,195.97,195.76,195.76,4426.0,BURL
2023-12-26 17:09:00,195.9,196.0,195.74,195.83,4517.0,BURL
2023-12-26 17:08:00,195.97,196.0,195.81,195.98,3330.0,BURL
2023-12-26 17:07:00,195.98,196.05,195.83,195.95,3195.0,BURL
2023-12-26 17:06:00,195.9,195.9,195.83,195.83,200.0,BURL
2023-12-26 17:05:00,195.91,195.99,195.8,195.85,770.0,BURL
2023-12-26 17:04:00,195.99,196.06,195.75,195.99,4481.0,BURL
2023-12-26 17:03:00,196.0,196.07,195.82,195.82,4162.0,BURL
2023-12-26 17:02:00,195.77,196.0,195.75,195.9,6587.0,BURL
2023-12-26 17:01:00,195.88,196.0,195.72,195.8,6110.0,BURL
2023-12-26 17:00:00,195.8,196.05,195.75,195.93,4082.0,BURL
2023-12-26 16:59:00,195.75,196.0,195.7,195.9,5289.0,BURL
2023-12-26 16:58:00,195.7,196.05,195.55,196.05,5643.0,BURL
2023-12-26 16:56:00,195.85,195.85,195.85,195.85,126.0,BURL
2023-12-26 16:55:00,196.09,196.09,195.65,195.83,1376.0,BURL
2023-12-26 16:54:00,195.92,195.92,195.9,195.9,267.0,BURL
2023-12-26 16:51:00,195.95,196.04,195.7,195.9,3046.0,BURL
2023-12-26 16:50:00,196.03,196.12,195.8,196.09,6233.0,BURL
2023-12-26 16:49:00,196.05,196.49,195.8,195.95,1923.0,BURL
2023-12-26 16:48:00,196.05,196.14,195.85,196.1,3153.0,BURL
2023-12-26 16:47:00,196.0,196.14,196.0,196.01,2611.0,BURL
2023-12-26 16:46:00,196.1,196.13,195.86,196.05,1899.0,BURL
2023-12-26 16:45:00,196.1,196.15,195.96,196.0,1570.0,BURL
2023-12-26 16:44:00,196.0,196.22,195.85,195.95,132946.0,BURL
2023-12-26 16:43:00,196.0,196.17,195.95,196.0,3809.0,BURL
2023-12-26 16:42:00,195.95,196.22,195.95,196.1,1915.0,BURL
2023-12-26 16:41:00,196.5,196.52,196.3,196.3,3456.0,BURL
2023-12-26 16:40:00,196.25,196.4,196.25,196.4,1400.0,BURL
2023-12-26 16:39:00,195.65,196.2,195.65,196.2,2768.0,BURL
2023-12-26 16:20:00,195.89,195.89,195.89,195.89,11.0,BURL
2023-12-26 16:10:00,195.89,195.89,195.89,195.89,90312.0,BURL
2023-12-26 16:07:00,200.0,200.0,200.0,200.0,1.0,BURL
2023-12-26 16:03:00,195.89,195.89,195.89,195.89,635.0,BURL
2023-12-26 16:00:00,195.87,195.89,195.87,195.89,184362.0,BURL
2023-12-26 15:59:00,195.95,196.18,195.87,195.89,46643.0,BURL
2023-12-26 15:58:00,196.0,196.05,195.882,195.94,24700.0,BURL
2023-12-26 15:57:00,196.15,196.15,195.93,195.98,18829.0,BURL
2023-12-26 15:56:00,196.24,196.24,196.09,196.14,19341.0,BURL
2023-12-26 15:55:00,196.37,196.39,196.2,196.33,15458.0,BURL
2023-12-26 15:54:00,196.335,196.48,196.335,196.37,10173.0,BURL
2023-12-26 15:53:00,196.66,196.66,196.31,196.32,8559.0,BURL
2023-12-26 15:52:00,196.62,196.705,196.61,196.66,8384.0,BURL
2023-12-26 15:51:00,196.78,196.92,196.725,196.725,8344.0,BURL
2023-12-26 15:50:00,197.07,197.07,196.855,196.855,9526.0,BURL
2023-12-26 15:49:00,197.21,197.21,197.09,197.12,5354.0,BURL
2023-12-26 15:48:00,197.12,197.2,197.065,197.155,9423.0,BURL
2023-12-26 15:47:00,197.2,197.24,197.13,197.17,8886.0,BURL
2023-12-26 15:46:00,196.96,197.2,196.96,197.2,4393.0,BURL
2023-12-26 15:45:00,197.005,197.11,196.88,196.927,8149.0,BURL
2023-12-26 15:44:00,197.0,197.08,196.93,197.02,8131.0,BURL
2023-12-26 15:43:00,196.76,197.0,196.71,197.0,6372.0,BURL
2023-12-26 15:42:00,196.63,196.77,196.63,196.77,7971.0,BURL
2023-12-26 15:41:00,196.675,196.71,196.63,196.664,4072.0,BURL
2023-12-26 15:40:00,196.65,196.71,196.62,196.71,3976.0,BURL
2023-12-26 15:39:00,196.67,196.68,196.57,196.62,6569.0,BURL
2023-12-26 15:38:00,196.675,196.675,196.675,196.675,412.0,BURL
2023-12-26 15:37:00,196.65,196.71,196.64,196.65,4023.0,BURL
2023-12-26 15:36:00,196.68,196.725,196.64,196.66,8278.0,BURL
2023-12-26 15:35:00,196.71,196.71,196.68,196.68,1674.0,BURL
2023-12-26 15:34:00,196.68,196.74,196.68,196.685,1523.0,BURL
2023-12-26 15:33:00,196.72,196.72,196.61,196.685,5173.0,BURL
2023-12-26 15:32:00,196.625,196.72,196.56,196.715,5442.0,BURL
2023-12-26 15:31:00,196.535,196.62,196.51,196.59,4068.0,BURL
2023-12-26 15:30:00,196.595,196.595,196.49,196.505,5731.0,BURL
2023-12-26 15:29:00,196.58,196.595,196.48,196.59,5758.0,BURL
2023-12-26 15:28:00,196.58,196.62,196.56,196.62,1803.0,BURL
2023-12-26 15:27:00,196.57,196.58,196.56,196.58,2285.0,BURL
2023-12-26 15:26:00,196.595,196.65,196.51,196.51,3728.0,BURL
2023-12-26 15:25:00,196.41,196.5,196.41,196.445,2540.0,BURL
2023-12-26 15:24:00,196.3,196.3,196.3,196.3,977.0,BURL
2023-12-26 15:23:00,196.36,196.36,196.23,196.26,2769.0,BURL
2023-12-26 15:22:00,196.31,196.36,196.31,196.36,1641.0,BURL
2023-12-26 15:21:00,196.33,196.37,196.32,196.32,4734.0,BURL
2023-12-26 15:20:00,196.26,196.29,196.26,196.29,731.0,BURL
2023-12-26 15:19:00,196.225,196.28,196.225,196.26,941.0,BURL
2023-12-26 15:18:00,196.29,196.31,196.16,196.21,9503.0,BURL
2023-12-26 15:17:00,196.34,196.44,196.32,196.43,2366.0,BURL
2023-12-26 15:16:00,196.32,196.34,196.28,196.34,2574.0,BURL
2023-12-26 15:15:00,196.18,196.32,196.18,196.32,3962.0,BURL
2023-12-26 15:14:00,196.28,196.28,196.28,196.28,774.0,BURL
2023-12-26 15:13:00,196.225,196.29,196.225,196.29,886.0,BURL
2023-12-26 15:12:00,196.23,196.27,196.23,196.27,2342.0,BURL
2023-12-26 15:10:00,196.29,196.29,196.23,196.23,1540.0,BURL
2023-12-26 15:09:00,196.24,196.25,196.19,196.25,3544.0,BURL
2023-12-26 15:08:00,196.2,196.3,196.18,196.245,1714.0,BURL
2023-12-26 15:07:00,196.205,196.3,196.2,196.3,771.0,BURL
2023-12-26 15:06:00,196.24,196.31,196.24,196.3,1122.0,BURL
2023-12-26 15:05:00,196.09,196.31,196.09,196.31,2564.0,BURL
2023-12-26 15:04:00,196.09,196.125,196.04,196.12,1578.0,BURL
2023-12-26 15:03:00,196.04,196.13,196.04,196.13,1139.0,BURL
2023-12-26 15:01:00,196.05,196.11,196.05,196.11,1265.0,BURL
2023-12-26 15:00:00,196.06,196.07,196.0,196.03,1580.0,BURL
2023-12-26 14:59:00,196.145,196.165,196.075,196.165,2788.0,BURL
2023-12-26 14:57:00,196.09,196.14,196.02,196.14,1411.0,BURL
2023-12-26 14:56:00,196.07,196.11,196.07,196.11,1394.0,BURL
2023-12-26 14:55:00,196.12,196.13,196.035,196.035,3934.0,BURL
2023-12-26 14:54:00,196.275,196.29,196.275,196.29,534.0,BURL
2023-12-26 14:53:00,196.17,196.17,196.17,196.17,307.0,BURL
2023-12-26 14:52:00,196.315,196.315,196.305,196.305,766.0,BURL
2023-12-26 14:51:00,196.155,196.31,196.155,196.3,2024.0,BURL
2023-12-26 14:50:00,196.16,196.16,196.155,196.155,756.0,BURL
2023-12-26 14:49:00,196.08,196.155,196.08,196.155,654.0,BURL
2023-12-26 14:48:00,196.19,196.19,196.18,196.18,732.0,BURL
2023-12-26 14:47:00,196.13,196.14,196.01,196.1,1599.0,BURL
2023-12-26 14:46:00,196.09,196.11,196.06,196.06,1239.0,BURL
2023-12-26 14:45:00,195.935,196.06,195.93,196.04,1304.0,BURL
2023-12-26 14:44:00,195.897,196.04,195.897,196.04,1547.0,BURL
2023-12-26 14:43:00,195.98,195.98,195.865,195.865,1017.0,BURL
2023-12-26 14:42:00,195.98,195.98,195.98,195.98,234.0,BURL
2023-12-26 14:41:00,195.86,195.975,195.86,195.975,354.0,BURL
2023-12-26 14:40:00,195.882,195.97,195.865,195.87,1993.0,BURL
2023-12-26 14:39:00,195.98,195.99,195.98,195.99,1432.0,BURL
2023-12-26 14:38:00,195.93,195.99,195.92,195.99,1685.0,BURL
2023-12-26 14:37:00,195.915,195.925,195.8,195.8,505.0,BURL
2023-12-26 14:35:00,195.69,195.84,195.69,195.84,1966.0,BURL
2023-12-26 14:34:00,195.68,195.68,195.68,195.68,966.0,BURL
2023-12-26 14:33:00,195.95,195.95,195.79,195.79,2517.0,BURL
2023-12-26 14:32:00,195.99,195.99,195.99,195.99,415.0,BURL
2023-12-26 14:31:00,195.94,195.94,195.86,195.89,3183.0,BURL
2023-12-26 14:30:00,195.99,195.99,195.99,195.99,491.0,BURL
2023-12-26 14:29:00,195.99,195.99,195.99,195.99,1352.0,BURL
2023-12-26 14:28:00,195.81,196.0,195.78,195.89,13758.0,BURL
2023-12-26 14:27:00,195.8,195.82,195.77,195.81,8391.0,BURL
2023-12-26 14:26:00,195.81,195.81,195.785,195.795,3960.0,BURL
2023-12-26 14:25:00,195.77,195.81,195.77,195.81,1957.0,BURL
2023-12-26 14:24:00,195.77,195.78,195.74,195.78,969.0,BURL
2023-12-26 14:23:00,195.785,195.785,195.715,195.715,1261.0,BURL
2023-12-26 14:22:00,195.74,195.79,195.74,195.79,1284.0,BURL
2023-12-26 14:21:00,195.705,195.75,195.705,195.75,1033.0,BURL
2023-12-26 14:20:00,195.69,195.72,195.66,195.72,3229.0,BURL
2023-12-26 14:19:00,195.672,195.79,195.672,195.79,1314.0,BURL
2023-12-26 14:18:00,195.7,195.71,195.7,195.71,436.0,BURL
2023-12-26 14:17:00,195.7,195.71,195.7,195.71,347.0,BURL
2023-12-26 14:16:00,195.637,195.84,195.638,195.75,5622.0,BURL
2023-12-26 14:15:00,195.635,195.635,195.635,195.635,153.0,BURL
2023-12-26 14:14:00,195.67,195.67,195.62,195.62,1342.0,BURL
2023-12-26 14:13:00,195.675,195.675,195.49,195.585,4195.0,BURL
2023-12-26 14:12:00,195.6,195.76,195.6,195.76,714.0,BURL
2023-12-26 14:11:00,195.51,195.51,195.51,195.51,641.0,BURL
2023-12-26 14:10:00,195.38,195.545,195.38,195.535,2929.0,BURL
2023-12-26 14:08:00,195.32,195.32,195.32,195.32,251.0,BURL
2023-12-26 14:07:00,195.35,195.41,195.26,195.32,4255.0,BURL
2023-12-26 14:06:00,195.4,195.53,195.4,195.53,1443.0,BURL
2023-12-26 14:04:00,195.36,195.36,195.36,195.36,211.0,BURL
2023-12-26 14:03:00,195.35,195.35,195.35,195.35,437.0,BURL
2023-12-26 14:02:00,195.27,195.35,195.27,195.35,422.0,BURL
2023-12-26 14:00:00,195.19,195.37,195.18,195.37,790.0,BURL
2023-12-26 13:59:00,195.16,195.17,195.11,195.17,1133.0,BURL
2023-12-26 13:58:00,195.035,195.035,195.035,195.035,253.0,BURL
2023-12-26 13:57:00,194.97,195.12,194.97,195.05,1503.0,BURL
2023-12-26 13:56:00,195.25,195.25,195.125,195.125,568.0,BURL
2023-12-26 13:55:00,195.1,195.1,195.1,195.1,475.0,BURL
2023-12-26 13:54:00,195.13,195.13,195.13,195.13,1414.0,BURL
2023-12-26 13:53:00,194.995,194.995,194.85,194.99,5670.0,BURL
2023-12-26 13:52:00,195.1,195.1,195.03,195.03,539.0,BURL
2023-12-26 13:49:00,195.02,195.11,195.01,195.08,2362.0,BURL
2023-12-26 13:48:00,195.03,195.095,195.01,195.092,2460.0,BURL
2023-12-26 13:47:00,195.02,195.025,195.02,195.025,487.0,BURL
2023-12-26 13:46:00,194.93,194.93,194.93,194.93,246.0,BURL
2023-12-26 13:45:00,195.02,195.02,195.0,195.0,1164.0,BURL
2023-12-26 13:44:00,194.99,194.99,194.88,194.88,1157.0,BURL
2023-12-26 13:43:00,195.01,195.05,194.93,194.93,1972.0,BURL
2023-12-26 13:42:00,194.98,194.98,194.93,194.93,1167.0,BURL
2023-12-26 13:41:00,195.06,195.06,195.0,195.05,2998.0,BURL
2023-12-26 13:40:00,195.105,195.105,195.0,195.0,2198.0,BURL
2023-12-26 13:39:00,195.105,195.105,195.105,195.105,313.0,BURL
2023-12-26 13:38:00,195.19,195.19,195.04,195.105,4283.0,BURL
2023-12-26 13:37:00,195.23,195.23,195.19,195.19,385.0,BURL
2023-12-26 13:36:00,195.2,195.2,195.2,195.2,486.0,BURL
2023-12-26 13:35:00,195.16,195.16,195.125,195.125,494.0,BURL
2023-12-26 13:34:00,195.1,195.15,195.06,195.06,2245.0,BURL
2023-12-26 13:33:00,195.225,195.225,195.225,195.225,425.0,BURL
2023-12-26 13:32:00,195.28,195.28,195.135,195.18,2075.0,BURL
2023-12-26 13:31:00,195.265,195.28,195.26,195.28,1999.0,BURL
2023-12-26 13:30:00,195.28,195.28,195.28,195.28,203.0,BURL
2023-12-26 13:29:00,195.27,195.27,195.27,195.27,298.0,BURL
2023-12-26 13:28:00,195.23,195.275,195.23,195.275,377.0,BURL
2023-12-26 13:27:00,195.12,195.17,195.09,195.17,2630.0,BURL
2023-12-26 13:26:00,195.14,195.15,195.14,195.15,1997.0,BURL
2023-12-26 13:25:00,195.065,195.065,195.057,195.065,1592.0,BURL
2023-12-26 13:23:00,195.0,195.12,195.0,195.085,2422.0,BURL
2023-12-26 13:22:00,194.95,194.98,194.945,194.98,2299.0,BURL
2023-12-26 13:21:00,195.022,195.022,194.9,194.9,1769.0,BURL
2023-12-26 13:19:00,195.1,195.14,195.1,195.14,342.0,BURL
2023-12-26 13:18:00,195.08,195.13,195.07,195.07,1448.0,BURL
2023-12-26 13:17:00,195.005,195.09,195.005,195.09,649.0,BURL
2023-12-26 13:15:00,195.09,195.09,195.09,195.09,294.0,BURL
2023-12-26 13:14:00,195.08,195.09,195.005,195.005,395.0,BURL
2023-12-26 13:13:00,195.005,195.005,195.005,195.005,330.0,BURL
2023-12-26 13:12:00,195.09,195.1,195.09,195.1,511.0,BURL
2023-12-26 13:11:00,195.085,195.105,195.01,195.01,737.0,BURL
2023-12-26 13:09:00,194.86,194.985,194.86,194.9,723.0,BURL
2023-12-26 13:08:00,194.93,194.98,194.91,194.91,2086.0,BURL
2023-12-26 13:07:00,194.94,194.94,194.86,194.86,1701.0,BURL
2023-12-26 13:06:00,195.09,195.09,194.94,194.94,3064.0,BURL
2023-12-26 13:05:00,195.02,195.04,194.985,195.03,1999.0,BURL
2023-12-26 13:04:00,194.97,195.025,194.84,195.025,4617.0,BURL
2023-12-26 13:02:00,194.89,194.89,194.87,194.87,517.0,BURL
2023-12-26 13:01:00,194.89,195.02,194.89,194.91,3214.0,BURL
2023-12-26 13:00:00,194.78,194.85,194.78,194.84,1184.0,BURL
2023-12-26 12:59:00,194.825,194.825,194.825,194.825,422.0,BURL
2023-12-26 12:58:00,194.785,194.81,194.785,194.81,420.0,BURL
2023-12-26 12:57:00,194.875,194.875,194.78,194.78,911.0,BURL
2023-12-26 12:56:00,194.86,194.875,194.78,194.875,1293.0,BURL
2023-12-26 12:55:00,194.99,194.99,194.89,194.89,806.0,BURL
2023-12-26 12:54:00,194.945,194.945,194.945,194.945,374.0,BURL
2023-12-26 12:53:00,195.0,195.0,194.91,194.93,1117.0,BURL
2023-12-26 12:52:00,194.95,194.95,194.87,194.87,2334.0,BURL
2023-12-26 12:51:00,194.99,194.99,194.99,194.99,663.0,BURL
2023-12-26 12:50:00,194.99,194.99,194.99,194.99,321.0,BURL
2023-12-26 12:49:00,194.78,194.97,194.78,194.97,1279.0,BURL
2023-12-26 12:48:00,194.78,194.85,194.78,194.79,1620.0,BURL
2023-12-26 12:47:00,194.82,194.843,194.78,194.78,1363.0,BURL
2023-12-26 12:46:00,194.95,194.95,194.78,194.85,5969.0,BURL
2023-12-26 12:45:00,194.94,194.95,194.94,194.95,434.0,BURL
2023-12-26 12:44:00,194.93,194.94,194.93,194.94,428.0,BURL
2023-12-26 12:43:00,194.835,194.835,194.79,194.8,1042.0,BURL
2023-12-26 12:42:00,194.79,194.83,194.79,194.83,321.0,BURL
2023-12-26 12:41:00,194.61,194.715,194.51,194.715,1711.0,BURL
2023-12-26 12:39:00,194.595,194.625,194.595,194.625,674.0,BURL
2023-12-26 12:38:00,194.49,194.52,194.49,194.52,2417.0,BURL
2023-12-26 12:37:00,194.51,194.51,194.51,194.51,208.0,BURL
2023-12-26 12:36:00,194.51,194.51,194.51,194.51,129.0,BURL
2023-12-26 12:33:00,194.45,194.45,194.45,194.45,644.0,BURL
2023-12-26 12:32:00,194.36,194.55,194.36,194.55,1484.0,BURL
2023-12-26 12:31:00,194.41,194.41,194.27,194.27,1115.0,BURL
2023-12-26 12:30:00,194.44,194.545,194.44,194.545,476.0,BURL
2023-12-26 12:29:00,194.425,194.425,194.425,194.425,284.0,BURL
2023-12-26 12:27:00,194.505,194.505,194.25,194.25,1854.0,BURL
2023-12-26 12:26:00,194.615,194.65,194.565,194.565,1865.0,BURL
2023-12-26 12:25:00,194.465,194.465,194.465,194.465,359.0,BURL
2023-12-26 12:24:00,194.47,194.625,194.47,194.615,814.0,BURL
2023-12-26 12:23:00,194.47,194.47,194.47,194.47,171.0,BURL
2023-12-26 12:22:00,194.475,194.604,194.475,194.475,555.0,BURL
2023-12-26 12:21:00,194.55,194.57,194.44,194.48,2469.0,BURL
2023-12-26 12:20:00,194.46,194.49,194.46,194.49,753.0,BURL
2023-12-26 12:19:00,194.875,194.875,194.45,194.64,4428.0,BURL
2023-12-26 12:18:00,194.89,194.89,194.765,194.765,350.0,BURL
2023-12-26 12:17:00,194.805,194.9,194.805,194.885,1147.0,BURL
2023-12-26 12:16:00,194.54,194.74,194.54,194.74,3384.0,BURL
2023-12-26 12:15:00,194.46,194.535,194.46,194.535,797.0,BURL
2023-12-26 12:13:00,194.52,194.52,194.39,194.45,835.0,BURL
2023-12-26 12:12:00,194.22,194.4,194.215,194.4,8837.0,BURL
2023-12-26 12:11:00,194.19,194.305,194.19,194.3,1541.0,BURL
2023-12-26 12:09:00,194.1,194.116,194.09,194.116,1922.0,BURL
2023-12-26 12:08:00,194.03,194.03,194.02,194.03,1053.0,BURL
2023-12-26 12:07:00,194.2,194.2,194.12,194.12,1087.0,BURL
2023-12-26 12:06:00,194.095,194.095,194.095,194.095,217.0,BURL
2023-12-26 12:05:00,194.095,194.095,194.095,194.095,259.0,BURL
2023-12-26 12:03:00,194.2,194.2,193.98,193.98,1362.0,BURL
2023-12-26 12:02:00,194.27,194.27,194.17,194.25,2315.0,BURL
2023-12-26 12:01:00,194.43,194.44,194.43,194.44,601.0,BURL
2023-12-26 12:00:00,194.365,194.45,194.365,194.45,659.0,BURL
2023-12-26 11:59:00,194.43,194.43,194.43,194.43,1049.0,BURL
2023-12-26 11:58:00,194.3,194.49,194.28,194.49,851.0,BURL
2023-12-26 11:57:00,194.27,194.385,194.27,194.385,469.0,BURL
2023-12-26 11:56:00,194.49,194.49,194.385,194.385,434.0,BURL
2023-12-26 11:55:00,194.43,194.45,194.43,194.45,707.0,BURL
2023-12-26 11:54:00,194.4,194.4,194.4,194.4,411.0,BURL
2023-12-26 11:53:00,194.46,194.46,194.21,194.28,2349.0,BURL
2023-12-26 11:52:00,194.42,194.53,194.365,194.38,3775.0,BURL
2023-12-26 11:51:00,194.36,194.41,194.36,194.41,728.0,BURL
2023-12-26 11:50:00,194.28,194.28,194.205,194.28,695.0,BURL
2023-12-26 11:49:00,194.195,194.27,194.11,194.22,3852.0,BURL
2023-12-26 11:48:00,193.92,194.22,193.92,194.21,8522.0,BURL
2023-12-26 11:47:00,193.99,193.99,193.99,193.99,147.0,BURL
2023-12-26 11:46:00,193.9,193.985,193.9,193.985,1675.0,BURL
2023-12-26 11:44:00,193.68,193.895,193.68,193.895,1434.0,BURL
2023-12-26 11:43:00,193.885,193.885,193.795,193.86,434.0,BURL
2023-12-26 11:42:00,193.795,193.885,193.69,193.795,528.0,BURL
2023-12-26 11:41:00,193.87,193.88,193.87,193.88,246.0,BURL
2023-12-26 11:40:00,193.86,193.88,193.795,193.85,1237.0,BURL
2023-12-26 11:39:00,193.825,193.845,193.825,193.845,264.0,BURL
2023-12-26 11:37:00,193.69,193.69,193.58,193.58,756.0,BURL
2023-12-26 11:36:00,193.645,193.8,193.645,193.765,1018.0,BURL
2023-12-26 11:35:00,193.62,193.62,193.62,193.62,367.0,BURL
2023-12-26 11:34:00,193.66,193.745,193.66,193.745,532.0,BURL
2023-12-26 11:33:00,193.7,193.7,193.68,193.68,680.0,BURL
2023-12-26 11:32:00,193.9,193.9,193.74,193.74,2740.0,BURL
2023-12-26 11:31:00,193.895,193.91,193.895,193.91,2469.0,BURL
2023-12-26 11:30:00,193.775,193.775,193.775,193.775,399.0,BURL
2023-12-26 11:29:00,193.79,193.865,193.76,193.865,545.0,BURL
2023-12-26 11:28:00,193.77,193.77,193.77,193.77,320.0,BURL
2023-12-26 11:27:00,193.865,193.885,193.865,193.885,226.0,BURL
2023-12-26 11:26:00,193.83,193.83,193.785,193.785,383.0,BURL
2023-12-26 11:25:00,193.73,193.775,193.65,193.775,825.0,BURL
2023-12-26 11:24:00,193.95,193.95,193.81,193.81,1358.0,BURL
2023-12-26 11:23:00,193.73,193.95,193.725,193.945,2852.0,BURL
2023-12-26 11:22:00,193.705,193.705,193.705,193.705,343.0,BURL
2023-12-26 11:21:00,193.61,193.715,193.61,193.61,746.0,BURL
2023-12-26 11:20:00,193.605,193.605,193.605,193.605,166.0,BURL
2023-12-26 11:19:00,193.52,193.52,193.52,193.52,739.0,BURL
2023-12-26 11:18:00,193.52,193.52,193.52,193.52,626.0,BURL
2023-12-26 11:16:00,193.83,193.83,193.645,193.645,2985.0,BURL
2023-12-26 11:15:00,193.93,193.93,193.925,193.925,352.0,BURL
2023-12-26 11:14:00,193.92,194.02,193.9,193.97,2401.0,BURL
2023-12-26 11:13:00,193.895,194.021,193.78,194.021,7361.0,BURL
2023-12-26 11:12:00,193.89,193.89,193.8,193.8,648.0,BURL
2023-12-26 11:11:00,193.905,193.91,193.805,193.805,415.0,BURL
2023-12-26 11:09:00,193.78,193.9,193.78,193.9,823.0,BURL
2023-12-26 11:08:00,193.93,193.95,193.72,193.81,2952.0,BURL
2023-12-26 11:07:00,193.97,193.97,193.84,193.85,2162.0,BURL
2023-12-26 11:06:00,193.955,193.955,193.935,193.935,245.0,BURL
2023-12-26 11:05:00,193.675,193.96,193.675,193.825,1072.0,BURL
2023-12-26 11:04:00,193.67,193.67,193.67,193.67,435.0,BURL
2023-12-26 11:03:00,193.675,193.675,193.675,193.675,314.0,BURL
2023-12-26 11:02:00,193.675,193.675,193.675,193.675,247.0,BURL
2023-12-26 11:01:00,194.06,194.06,193.72,193.72,3128.0,BURL
2023-12-26 11:00:00,193.93,194.03,193.93,194.02,1237.0,BURL
2023-12-26 10:58:00,193.85,193.85,193.74,193.75,2336.0,BURL
2023-12-26 10:57:00,193.842,193.842,193.74,193.74,1014.0,BURL
2023-12-26 10:56:00,194.03,194.2,193.81,193.89,6642.0,BURL
2023-12-26 10:55:00,193.89,193.89,193.89,193.89,168.0,BURL
2023-12-26 10:54:00,193.88,194.0,193.88,193.925,1515.0,BURL
2023-12-26 10:53:00,194.04,194.07,193.87,193.87,4358.0,BURL
2023-12-26 10:52:00,193.895,193.895,193.895,193.895,1879.0,BURL
2023-12-26 10:51:00,193.895,193.895,193.895,193.895,215.0,BURL
2023-12-26 10:50:00,193.695,193.89,193.695,193.89,1224.0,BURL
2023-12-26 10:49:00,193.87,193.87,193.66,193.66,1140.0,BURL
2023-12-26 10:48:00,194.56,194.6,193.91,193.91,5289.0,BURL
2023-12-26 10:47:00,194.59,194.59,194.51,194.51,517.0,BURL
2023-12-26 10:46:00,194.75,194.75,194.51,194.52,2152.0,BURL
2023-12-26 10:45:00,194.52,194.54,194.52,194.54,1020.0,BURL
2023-12-26 10:44:00,194.41,194.41,194.41,194.41,422.0,BURL
2023-12-26 10:43:00,194.45,194.495,194.39,194.41,2090.0,BURL
2023-12-26 10:42:00,194.49,194.58,194.49,194.58,2352.0,BURL
2023-12-26 10:41:00,194.37,194.41,194.36,194.405,2449.0,BURL
2023-12-26 10:40:00,194.455,194.455,194.455,194.455,500.0,BURL
2023-12-26 10:39:00,194.69,194.69,194.5,194.5,2883.0,BURL
2023-12-26 10:38:00,194.61,194.63,194.59,194.63,993.0,BURL
2023-12-26 10:37:00,194.59,194.61,194.59,194.61,244.0,BURL
2023-12-26 10:36:00,194.28,194.59,194.28,194.49,7210.0,BURL
2023-12-26 10:35:00,194.36,194.36,194.15,194.28,4050.0,BURL
2023-12-26 10:34:00,194.375,194.4,194.308,194.4,1079.0,BURL
2023-12-26 10:33:00,194.477,194.477,194.33,194.372,2009.0,BURL
2023-12-26 10:32:00,194.535,194.535,194.535,194.535,260.0,BURL
2023-12-26 10:31:00,194.485,194.66,194.485,194.66,483.0,BURL
2023-12-26 10:30:00,194.37,194.46,194.37,194.4,1662.0,BURL
2023-12-26 10:29:00,194.11,194.35,194.11,194.27,4656.0,BURL
2023-12-26 10:28:00,194.4,194.41,194.14,194.14,566.0,BURL
2023-12-26 10:27:00,194.265,194.265,194.25,194.25,440.0,BURL
2023-12-26 10:26:00,194.32,194.42,194.25,194.415,784.0,BURL
2023-12-26 10:25:00,194.12,194.23,194.12,194.18,2318.0,BURL
2023-12-26 10:24:00,193.87,194.13,193.87,194.13,1478.0,BURL
2023-12-26 10:23:00,193.899,194.13,193.899,193.9,1005.0,BURL
2023-12-26 10:22:00,194.025,194.13,194.005,194.13,667.0,BURL
2023-12-26 10:21:00,194.15,194.155,194.025,194.155,411.0,BURL
2023-12-26 10:20:00,194.02,194.05,193.9,193.9,1298.0,BURL
2023-12-26 10:19:00,193.882,193.895,193.82,193.82,869.0,BURL
2023-12-26 10:18:00,194.09,194.145,193.935,193.935,2294.0,BURL
2023-12-26 10:17:00,194.32,194.33,194.245,194.245,635.0,BURL
2023-12-26 10:16:00,194.27,194.27,194.135,194.135,911.0,BURL
2023-12-26 10:15:00,194.09,194.09,193.995,194.02,995.0,BURL
2023-12-26 10:14:00,194.465,194.465,193.95,194.41,2144.0,BURL
2023-12-26 10:13:00,194.47,194.47,194.28,194.47,589.0,BURL
2023-12-26 10:12:00,194.53,194.53,194.52,194.52,382.0,BURL
2023-12-26 10:11:00,194.17,194.42,194.17,194.23,390.0,BURL
2023-12-26 10:10:00,194.11,194.11,194.11,194.11,572.0,BURL
2023-12-26 10:09:00,193.37,193.715,193.37,193.715,1790.0,BURL
2023-12-26 10:08:00,193.17,193.375,193.17,193.375,744.0,BURL
2023-12-26 10:07:00,192.97,193.17,192.96,193.17,1108.0,BURL
2023-12-26 10:06:00,192.92,193.14,192.92,193.14,628.0,BURL
2023-12-26 10:05:00,192.7,193.035,192.7,193.035,1843.0,BURL
2023-12-26 10:04:00,192.69,192.785,192.69,192.785,511.0,BURL
2023-12-26 10:03:00,192.5,192.57,192.45,192.57,622.0,BURL
2023-12-26 10:02:00,192.56,192.605,192.56,192.605,569.0,BURL
2023-12-26 10:01:00,192.975,193.245,192.73,192.73,3322.0,BURL
2023-12-26 10:00:00,192.79,192.99,192.765,192.99,1317.0,BURL
2023-12-26 09:59:00,192.52,192.52,192.52,192.52,243.0,BURL
2023-12-26 09:58:00,192.76,192.76,192.49,192.5,1630.0,BURL
2023-12-26 09:57:00,192.705,192.76,192.705,192.76,378.0,BURL
2023-12-26 09:56:00,192.75,192.75,192.53,192.53,434.0,BURL
2023-12-26 09:55:00,192.75,193.0,192.75,193.0,402.0,BURL
2023-12-26 09:54:00,192.53,192.92,192.53,192.92,590.0,BURL
2023-12-26 09:53:00,192.705,192.72,192.705,192.72,483.0,BURL
2023-12-26 09:52:00,192.49,192.58,192.487,192.486,508.0,BURL
2023-12-26 09:51:00,192.13,192.13,192.13,192.13,291.0,BURL
2023-12-26 09:50:00,192.03,192.04,191.95,191.95,809.0,BURL
2023-12-26 09:48:00,192.38,192.61,192.22,192.29,3552.0,BURL
2023-12-26 09:47:00,192.24,192.37,192.23,192.37,1086.0,BURL
2023-12-26 09:46:00,192.225,192.225,192.18,192.18,340.0,BURL
2023-12-26 09:45:00,192.045,192.1,192.03,192.1,556.0,BURL
2023-12-26 09:44:00,191.75,192.02,191.75,192.02,302.0,BURL
2023-12-26 09:43:00,191.7,192.03,191.7,191.75,3468.0,BURL
2023-12-26 09:41:00,192.015,192.4,192.015,192.4,932.0,BURL
2023-12-26 09:40:00,191.86,191.86,191.75,191.75,597.0,BURL
2023-12-26 09:39:00,192.37,192.37,191.75,192.012,483.0,BURL
2023-12-26 09:38:00,192.37,192.4,191.75,192.4,563.0,BURL
2023-12-26 09:37:00,191.93,191.93,191.755,191.9,1204.0,BURL
2023-12-26 09:36:00,191.87,191.87,191.87,191.87,212.0,BURL
2023-12-26 09:35:00,191.97,192.0,191.915,191.915,980.0,BURL
2023-12-26 09:34:00,192.32,192.32,192.32,192.32,402.0,BURL
2023-12-26 09:33:00,191.95,192.57,191.95,192.57,1922.0,BURL
2023-12-26 09:32:00,192.06,192.06,192.06,192.06,479.0,BURL
2023-12-26 09:31:00,192.665,192.685,192.01,192.01,315.0,BURL
2023-12-26 09:30:00,191.47,191.47,191.47,191.47,3506.0,BURL
2023-12-26 09:29:00,191.83,191.83,191.83,191.83,1.0,BURL
2023-12-22 19:00:00,191.83,191.83,191.83,191.83,169128.0,BURL
2023-12-22 18:30:00,191.83,191.83,191.83,191.83,169128.0,BURL
2023-12-22 17:07:00,191.83,191.83,191.83,191.83,105.0,BURL
2023-12-22 16:10:00,191.83,191.83,191.83,191.83,169128.0,BURL
2023-12-22 16:00:00,191.83,191.85,191.83,191.83,349807.0,BURL
2023-12-22 15:59:00,192.1,192.12,191.82,191.83,31560.0,BURL
2023-12-22 15:58:00,192.02,192.11,192.01,192.11,16836.0,BURL
2023-12-22 15:57:00,191.97,192.04,191.93,192.01,10391.0,BURL
2023-12-22 15:56:00,191.86,192.01,191.81,191.95,15233.0,BURL
2023-12-22 15:55:00,191.86,192.04,191.77,191.84,13810.0,BURL
2023-12-22 15:54:00,191.76,191.89,191.73,191.8,8503.0,BURL
2023-12-22 15:53:00,191.85,191.87,191.61,191.75,8582.0,BURL
2023-12-22 15:52:00,191.97,192.0,191.79,191.79,8155.0,BURL
2023-12-22 15:51:00,192.02,192.04,191.94,191.98,3713.0,BURL
2023-12-22 15:50:00,191.77,191.99,191.65,191.99,5915.0,BURL
2023-12-22 15:49:00,191.82,191.985,191.69,191.69,9985.0,BURL
2023-12-22 15:48:00,191.77,191.8,191.77,191.785,1284.0,BURL
2023-12-22 15:47:00,191.73,191.81,191.7,191.81,3810.0,BURL
2023-12-22 15:46:00,191.76,191.81,191.76,191.81,2042.0,BURL
2023-12-22 15:45:00,191.73,191.76,191.62,191.69,5813.0,BURL
2023-12-22 15:44:00,191.64,191.77,191.64,191.73,4219.0,BURL
2023-12-22 15:43:00,191.45,191.63,191.45,191.61,7010.0,BURL
2023-12-22 15:42:00,191.41,191.45,191.375,191.45,2320.0,BURL
2023-12-22 15:41:00,191.445,191.445,191.34,191.365,2200.0,BURL
2023-12-22 15:40:00,191.31,191.47,191.31,191.47,3804.0,BURL
2023-12-22 15:38:00,191.35,191.39,191.29,191.39,1444.0,BURL
2023-12-22 15:37:00,191.405,191.405,191.3,191.36,2410.0,BURL
2023-12-22 15:36:00,191.39,191.41,191.39,191.41,1189.0,BURL
2023-12-22 15:35:00,191.23,191.3,191.21,191.29,2877.0,BURL
2023-12-22 15:34:00,191.36,191.36,191.19,191.265,6708.0,BURL
2023-12-22 15:33:00,191.45,191.45,191.375,191.42,2736.0,BURL
2023-12-22 15:32:00,191.335,191.44,191.335,191.44,5217.0,BURL
2023-12-22 15:31:00,191.39,191.39,191.27,191.33,1254.0,BURL
2023-12-22 15:30:00,191.33,191.39,191.33,191.385,1358.0,BURL
2023-12-22 15:29:00,191.25,191.35,191.25,191.33,3567.0,BURL
2023-12-22 15:28:00,191.305,191.305,191.25,191.305,1299.0,BURL
2023-12-22 15:27:00,191.27,191.27,191.27,191.27,1062.0,BURL
2023-12-22 15:26:00,191.305,191.305,191.26,191.27,1055.0,BURL
2023-12-22 15:25:00,191.31,191.35,191.2,191.3,2686.0,BURL
2023-12-22 15:24:00,191.29,191.34,191.245,191.29,2399.0,BURL
2023-12-22 15:23:00,191.305,191.305,191.22,191.22,629.0,BURL
2023-12-22 15:22:00,191.34,191.34,191.32,191.32,682.0,BURL
2023-12-22 15:21:00,191.28,191.42,191.28,191.35,6670.0,BURL
2023-12-22 15:20:00,191.365,191.4,191.365,191.4,860.0,BURL
2023-12-22 15:19:00,191.38,191.38,191.36,191.36,905.0,BURL
2023-12-22 15:17:00,191.25,191.25,191.17,191.24,855.0,BURL
2023-12-22 15:16:00,191.32,191.32,191.32,191.32,291.0,BURL
2023-12-22 15:15:00,191.265,191.4,191.26,191.34,1615.0,BURL
2023-12-22 15:14:00,191.27,191.33,191.27,191.33,1392.0,BURL
2023-12-22 15:13:00,191.17,191.23,191.17,191.21,629.0,BURL
2023-12-22 15:12:00,191.2,191.24,191.2,191.24,854.0,BURL
2023-12-22 15:11:00,191.23,191.23,191.2,191.2,263.0,BURL
2023-12-22 15:10:00,191.24,191.27,191.24,191.265,711.0,BURL
2023-12-22 15:09:00,191.35,191.35,191.23,191.24,2312.0,BURL
2023-12-22 15:08:00,191.32,191.32,191.32,191.32,440.0,BURL
2023-12-22 15:07:00,191.42,191.42,191.42,191.42,720.0,BURL
2023-12-22 15:05:00,191.42,191.42,191.42,191.42,322.0,BURL
2023-12-22 15:04:00,191.36,191.42,191.36,191.42,675.0,BURL
2023-12-22 15:03:00,191.27,191.27,191.27,191.27,736.0,BURL
2023-12-22 15:02:00,191.37,191.37,191.37,191.37,203.0,BURL
2023-12-22 15:01:00,191.38,191.38,191.29,191.29,1545.0,BURL
2023-12-22 15:00:00,191.46,191.46,191.3,191.3,2241.0,BURL
2023-12-22 14:59:00,191.3,191.38,191.3,191.38,556.0,BURL
2023-12-22 14:57:00,191.38,191.38,191.38,191.38,214.0,BURL
2023-12-22 14:56:00,191.24,191.37,191.24,191.37,1104.0,BURL
2023-12-22 14:55:00,191.23,191.23,191.23,191.23,1001.0,BURL
2023-12-22 14:53:00,191.26,191.31,191.2,191.31,1101.0,BURL
2023-12-22 14:52:00,191.11,191.155,191.11,191.155,1290.0,BURL
2023-12-22 14:51:00,191.195,191.195,191.195,191.195,247.0,BURL
2023-12-22 14:50:00,191.21,191.26,191.18,191.195,1449.0,BURL
2023-12-22 14:49:00,191.21,191.21,191.16,191.16,885.0,BURL
2023-12-22 14:48:00,191.37,191.37,191.21,191.245,2647.0,BURL
2023-12-22 14:47:00,191.39,191.39,191.39,191.39,196.0,BURL
2023-12-22 14:46:00,191.36,191.36,191.36,191.36,687.0,BURL
2023-12-22 14:44:00,191.32,191.32,191.285,191.285,1421.0,BURL
2023-12-22 14:43:00,191.265,191.27,191.12,191.23,3536.0,BURL
2023-12-22 14:42:00,191.01,191.21,191.01,191.21,1612.0,BURL
2023-12-22 14:39:00,190.89,190.89,190.89,190.89,237.0,BURL
2023-12-22 14:38:00,190.92,190.92,190.89,190.89,848.0,BURL
2023-12-22 14:37:00,190.58,190.86,190.58,190.82,1435.0,BURL
2023-12-22 14:36:00,190.4,190.55,190.4,190.55,1071.0,BURL
2023-12-22 14:35:00,190.37,190.4,190.37,190.4,459.0,BURL
2023-12-22 14:34:00,190.19,190.218,190.18,190.18,1482.0,BURL
2023-12-22 14:33:00,190.33,190.33,190.17,190.17,670.0,BURL
2023-12-22 14:32:00,190.0,190.24,189.98,190.23,4412.0,BURL
2023-12-22 14:31:00,189.954,190.04,189.954,190.04,425.0,BURL
2023-12-22 14:30:00,190.11,190.15,190.1,190.14,1007.0,BURL
2023-12-22 14:29:00,190.2,190.2,190.17,190.19,1053.0,BURL
2023-12-22 14:28:00,190.45,190.53,190.45,190.53,880.0,BURL
2023-12-22 14:26:00,190.57,190.57,190.28,190.28,1761.0,BURL
2023-12-22 14:25:00,190.49,190.58,190.39,190.58,2007.0,BURL
2023-12-22 14:24:00,190.3,190.53,190.3,190.53,2189.0,BURL
2023-12-22 14:23:00,190.48,190.48,190.39,190.415,979.0,BURL
2023-12-22 14:22:00,191.0,191.0,190.83,190.83,2949.0,BURL
2023-12-22 14:21:00,191.09,191.09,191.09,191.09,1946.0,BURL
2023-12-22 14:20:00,191.09,191.09,191.09,191.09,834.0,BURL
2023-12-22 14:19:00,190.9,190.925,190.9,190.925,544.0,BURL
2023-12-22 14:18:00,190.69,190.77,190.66,190.77,1301.0,BURL
2023-12-22 14:17:00,190.8,190.8,190.69,190.8,459.0,BURL
2023-12-22 14:16:00,190.79,190.79,190.79,190.79,586.0,BURL
2023-12-22 14:14:00,191.21,191.21,191.12,191.12,1474.0,BURL
2023-12-22 14:13:00,191.12,191.12,191.03,191.1,1237.0,BURL
2023-12-22 14:12:00,191.05,191.18,191.05,191.18,1164.0,BURL
2023-12-22 14:11:00,191.015,191.11,190.98,190.98,1760.0,BURL
2023-12-22 14:10:00,191.1,191.1,190.99,191.08,1670.0,BURL
2023-12-22 14:09:00,191.27,191.28,191.26,191.26,1480.0,BURL
2023-12-22 14:07:00,191.26,191.26,191.26,191.26,326.0,BURL
2023-12-22 14:06:00,191.24,191.41,191.225,191.28,2031.0,BURL
2023-12-22 14:05:00,191.49,191.49,191.145,191.165,2525.0,BURL
2023-12-22 14:04:00,191.535,191.535,191.535,191.535,419.0,BURL
2023-12-22 14:02:00,191.58,191.67,191.58,191.62,1500.0,BURL
2023-12-22 14:01:00,191.49,191.52,191.48,191.52,1495.0,BURL
2023-12-22 14:00:00,191.51,191.575,191.51,191.575,683.0,BURL
2023-12-22 13:59:00,191.65,191.65,191.49,191.49,572.0,BURL
2023-12-22 13:58:00,191.58,191.58,191.58,191.58,236.0,BURL
2023-12-22 13:56:00,191.55,191.55,191.55,191.55,795.0,BURL
2023-12-22 13:55:00,191.38,191.46,191.35,191.46,2649.0,BURL
2023-12-22 13:53:00,191.39,191.495,191.39,191.495,250.0,BURL
2023-12-22 13:52:00,191.5,191.5,191.5,191.5,593.0,BURL
2023-12-22 13:51:00,191.61,191.675,191.6,191.6,2055.0,BURL
2023-12-22 13:49:00,191.66,191.7,191.65,191.65,1012.0,BURL
2023-12-22 13:48:00,191.65,191.72,191.65,191.71,774.0,BURL
2023-12-22 13:47:00,191.655,191.655,191.655,191.655,174.0,BURL
2023-12-22 13:46:00,191.565,191.565,191.565,191.565,811.0,BURL
2023-12-22 13:44:00,191.59,191.59,191.59,191.59,321.0,BURL
2023-12-22 13:43:00,191.57,191.57,191.57,191.57,118.0,BURL
2023-12-22 13:42:00,191.555,191.555,191.555,191.555,378.0,BURL
2023-12-22 13:41:00,191.525,191.59,191.525,191.59,987.0,BURL
2023-12-22 13:38:00,191.495,191.5,191.495,191.5,535.0,BURL
2023-12-22 13:37:00,191.6,191.6,191.53,191.53,759.0,BURL
2023-12-22 13:36:00,191.57,191.57,191.55,191.55,1908.0,BURL
2023-12-22 13:34:00,191.69,191.76,191.69,191.7,1345.0,BURL
2023-12-22 13:33:00,191.65,191.65,191.62,191.62,581.0,BURL
2023-12-22 13:32:00,191.66,191.685,191.66,191.685,1115.0,BURL
2023-12-22 13:31:00,191.745,191.78,191.745,191.78,671.0,BURL
2023-12-22 13:30:00,191.7,191.77,191.67,191.77,2905.0,BURL
2023-12-22 13:29:00,191.65,191.65,191.625,191.625,966.0,BURL
2023-12-22 13:25:00,191.55,191.67,191.55,191.67,1322.0,BURL
2023-12-22 13:24:00,191.71,191.71,191.62,191.62,1119.0,BURL
2023-12-22 13:22:00,191.85,191.85,191.85,191.85,138.0,BURL
2023-12-22 13:20:00,191.85,191.85,191.85,191.85,400.0,BURL
2023-12-22 13:19:00,191.85,191.85,191.85,191.85,176.0,BURL
2023-12-22 13:17:00,191.84,191.84,191.69,191.74,2439.0,BURL
2023-12-22 13:16:00,192.03,192.03,191.93,191.95,1500.0,BURL
2023-12-22 13:13:00,191.925,191.93,191.925,191.93,653.0,BURL
2023-12-22 13:12:00,191.98,191.98,191.98,191.98,322.0,BURL
2023-12-22 13:11:00,191.7,191.96,191.65,191.915,2246.0,BURL
2023-12-22 13:10:00,191.795,191.795,191.795,191.795,199.0,BURL
2023-12-22 13:09:00,191.84,191.88,191.84,191.88,479.0,BURL
2023-12-22 13:06:00,191.795,191.795,191.795,191.795,114.0,BURL
2023-12-22 13:05:00,191.81,191.81,191.81,191.81,582.0,BURL
2023-12-22 13:02:00,191.65,191.65,191.65,191.65,154.0,BURL
2023-12-22 13:01:00,191.8,191.8,191.7,191.7,1102.0,BURL
2023-12-22 13:00:00,191.69,191.87,191.69,191.81,1206.0,BURL
2023-12-22 12:59:00,191.6,191.6,191.58,191.58,211.0,BURL
2023-12-22 12:57:00,191.51,191.62,191.51,191.6,2895.0,BURL
2023-12-22 12:56:00,191.705,191.705,191.61,191.61,1814.0,BURL
2023-12-22 12:55:00,191.722,191.723,191.723,191.722,345.0,BURL
2023-12-22 12:54:00,191.76,191.76,191.76,191.76,131.0,BURL
2023-12-22 12:53:00,191.66,191.78,191.66,191.78,1229.0,BURL
2023-12-22 12:52:00,191.555,191.65,191.555,191.65,3167.0,BURL
2023-12-22 12:48:00,191.55,191.55,191.55,191.55,319.0,BURL
2023-12-22 12:47:00,191.53,191.53,191.52,191.52,936.0,BURL
2023-12-22 12:46:00,191.52,191.6,191.52,191.6,1024.0,BURL
2023-12-22 12:45:00,191.46,191.46,191.46,191.46,534.0,BURL
2023-12-22 12:44:00,191.4,191.46,191.4,191.46,1071.0,BURL
2023-12-22 12:43:00,191.22,191.285,191.22,191.285,737.0,BURL
2023-12-22 12:41:00,191.35,191.35,191.34,191.34,427.0,BURL
2023-12-22 12:40:00,191.46,191.46,191.4,191.4,1035.0,BURL
2023-12-22 12:38:00,191.345,191.345,191.345,191.345,219.0,BURL
2023-12-22 12:36:00,191.295,191.52,191.295,191.52,1737.0,BURL
2023-12-22 12:35:00,191.251,191.34,191.251,191.34,1657.0,BURL
2023-12-22 12:31:00,191.3,191.305,191.3,191.305,657.0,BURL
2023-12-22 12:30:00,191.42,191.42,191.31,191.31,2504.0,BURL
2023-12-22 12:29:00,191.49,191.505,191.49,191.505,949.0,BURL
2023-12-22 12:28:00,191.31,191.41,191.31,191.41,3206.0,BURL
2023-12-22 12:27:00,191.235,191.235,191.235,191.235,298.0,BURL
2023-12-22 12:26:00,191.23,191.23,191.15,191.15,733.0,BURL
2023-12-22 12:25:00,191.225,191.225,191.225,191.225,343.0,BURL
2023-12-22 12:24:00,190.9,191.18,190.9,191.18,4021.0,BURL
2023-12-22 12:23:00,190.79,190.84,190.79,190.79,849.0,BURL
2023-12-22 12:22:00,190.84,190.84,190.84,190.84,625.0,BURL
2023-12-22 12:21:00,190.88,190.88,190.81,190.81,1644.0,BURL
2023-12-22 12:20:00,190.96,190.985,190.96,190.985,850.0,BURL
2023-12-22 12:19:00,190.93,190.93,190.89,190.89,364.0,BURL
2023-12-22 12:18:00,190.81,190.88,190.81,190.845,1819.0,BURL
2023-12-22 12:17:00,190.75,190.75,190.75,190.75,1261.0,BURL
2023-12-22 12:16:00,190.6,190.675,190.6,190.675,371.0,BURL
2023-12-22 12:15:00,190.65,190.675,190.65,190.675,447.0,BURL
2023-12-22 12:13:00,190.67,190.79,190.67,190.79,395.0,BURL
2023-12-22 12:11:00,190.785,190.8,190.785,190.8,348.0,BURL
2023-12-22 12:10:00,190.811,190.811,190.785,190.785,1158.0,BURL
2023-12-22 12:07:00,191.27,191.27,191.01,191.01,1813.0,BURL
2023-12-22 12:06:00,191.32,191.32,191.275,191.275,630.0,BURL
2023-12-22 12:05:00,191.28,191.28,191.28,191.28,170.0,BURL
2023-12-22 12:04:00,191.22,191.42,191.22,191.35,1723.0,BURL
2023-12-22 12:03:00,191.28,191.28,191.225,191.225,691.0,BURL
2023-12-22 12:01:00,191.19,191.19,191.19,191.19,145.0,BURL
2023-12-22 11:59:00,191.27,191.27,191.185,191.185,918.0,BURL
2023-12-22 11:58:00,190.905,191.2,190.9,191.2,3170.0,BURL
2023-12-22 11:57:00,191.2,191.2,190.82,190.82,1518.0,BURL
2023-12-22 11:52:00,191.33,191.41,191.33,191.35,1039.0,BURL
2023-12-22 11:51:00,191.415,191.56,191.415,191.56,916.0,BURL
2023-12-22 11:50:00,191.42,191.42,191.41,191.41,358.0,BURL
2023-12-22 11:49:00,191.41,191.41,191.41,191.41,707.0,BURL
2023-12-22 11:48:00,191.51,191.51,191.51,191.51,115.0,BURL
2023-12-22 11:47:00,191.25,191.51,191.25,191.51,1855.0,BURL
2023-12-22 11:46:00,191.2,191.33,191.2,191.33,1101.0,BURL
2023-12-22 11:43:00,191.49,191.495,191.49,191.495,373.0,BURL
2023-12-22 11:41:00,191.98,192.0,191.765,191.765,2422.0,BURL
2023-12-22 11:38:00,191.86,191.94,191.86,191.88,1793.0,BURL
2023-12-22 11:36:00,191.75,191.76,191.72,191.72,3446.0,BURL
2023-12-22 11:35:00,191.87,191.968,191.8,191.92,3528.0,BURL
2023-12-22 11:33:00,191.995,191.995,191.995,191.995,450.0,BURL
2023-12-22 11:31:00,192.08,192.08,192.01,192.01,633.0,BURL
2023-12-22 11:30:00,191.94,192.08,191.905,192.08,1750.0,BURL
2023-12-22 11:29:00,191.93,191.99,191.9,191.93,1625.0,BURL
2023-12-22 11:28:00,192.0,192.0,192.0,192.0,914.0,BURL
2023-12-22 11:27:00,191.89,191.95,191.89,191.95,605.0,BURL
2023-12-22 11:26:00,191.87,191.98,191.87,191.89,3188.0,BURL
2023-12-22 11:25:00,192.145,192.16,192.03,192.03,1959.0,BURL
2023-12-22 11:23:00,192.24,192.26,192.175,192.175,1717.0,BURL
2023-12-22 11:21:00,192.12,192.12,192.12,192.12,413.0,BURL
2023-12-22 11:19:00,191.99,192.13,191.99,192.13,1063.0,BURL
2023-12-22 11:18:00,191.97,191.97,191.97,191.97,317.0,BURL
2023-12-22 11:17:00,192.125,192.125,191.975,192.03,1249.0,BURL
2023-12-22 11:15:00,192.18,192.2,192.18,192.2,556.0,BURL
2023-12-22 11:14:00,191.99,192.14,191.99,192.095,1548.0,BURL
2023-12-22 11:13:00,191.89,191.89,191.89,191.89,247.0,BURL
2023-12-22 11:12:00,192.0,192.0,191.865,191.865,455.0,BURL
2023-12-22 11:09:00,192.08,192.09,192.08,192.09,1207.0,BURL
2023-12-22 11:08:00,192.19,192.205,192.1,192.1,1448.0,BURL
2023-12-22 11:07:00,192.12,192.12,192.12,192.12,762.0,BURL
2023-12-22 11:05:00,192.38,192.38,192.38,192.38,432.0,BURL
2023-12-22 11:04:00,192.84,192.84,192.37,192.38,3056.0,BURL
2023-12-22 11:02:00,192.75,192.75,192.68,192.68,1038.0,BURL
2023-12-22 11:00:00,192.75,192.785,192.6,192.69,1563.0,BURL
2023-12-22 10:59:00,192.71,192.72,192.656,192.72,1053.0,BURL
2023-12-22 10:58:00,193.0,193.005,193.0,193.005,918.0,BURL
2023-12-22 10:57:00,193.34,193.43,193.14,193.14,3746.0,BURL
2023-12-22 10:56:00,193.655,193.77,193.38,193.51,2607.0,BURL
2023-12-22 10:55:00,193.46,193.77,193.35,193.77,3923.0,BURL
2023-12-22 10:54:00,193.47,193.47,193.47,193.47,462.0,BURL
2023-12-22 10:53:00,193.37,193.44,193.345,193.42,2103.0,BURL
2023-12-22 10:52:00,193.21,193.36,193.21,193.36,828.0,BURL
2023-12-22 10:51:00,193.37,193.37,193.37,193.37,464.0,BURL
2023-12-22 10:50:00,193.31,193.39,193.3,193.39,1123.0,BURL
2023-12-22 10:49:00,193.501,193.501,193.501,193.501,329.0,BURL
2023-12-22 10:48:00,193.255,193.5,193.255,193.47,3722.0,BURL
2023-12-22 10:47:00,193.1,193.32,193.1,193.32,2223.0,BURL
2023-12-22 10:46:00,193.125,193.13,192.92,192.955,2951.0,BURL
2023-12-22 10:45:00,192.82,193.13,192.82,193.087,4377.0,BURL
2023-12-22 10:44:00,192.675,192.75,192.675,192.735,1189.0,BURL
2023-12-22 10:43:00,192.55,192.55,192.515,192.515,382.0,BURL
2023-12-22 10:42:00,192.4,192.565,192.4,192.565,973.0,BURL
2023-12-22 10:40:00,192.49,192.54,192.39,192.39,1564.0,BURL
2023-12-22 10:39:00,192.28,192.38,192.23,192.33,1357.0,BURL
2023-12-22 10:38:00,192.655,192.655,192.4,192.4,1752.0,BURL
2023-12-22 10:37:00,192.78,192.78,192.655,192.655,2124.0,BURL
2023-12-22 10:36:00,192.78,192.82,192.78,192.82,430.0,BURL
2023-12-22 10:35:00,192.77,192.77,192.77,192.77,302.0,BURL
2023-12-22 10:34:00,192.66,192.66,192.64,192.64,373.0,BURL
2023-12-22 10:32:00,192.55,192.65,192.539,192.539,4086.0,BURL
2023-12-22 10:31:00,192.36,192.48,192.27,192.48,1635.0,BURL
2023-12-22 10:30:00,192.245,192.305,192.24,192.305,505.0,BURL
2023-12-22 10:29:00,192.27,192.27,192.2,192.2,1448.0,BURL
2023-12-22 10:28:00,192.205,192.25,192.2,192.25,1832.0,BURL
2023-12-22 10:27:00,192.165,192.165,192.165,192.165,289.0,BURL
2023-12-22 10:26:00,192.065,192.09,191.929,191.929,1217.0,BURL
2023-12-22 10:25:00,191.97,191.97,191.89,191.89,487.0,BURL
2023-12-22 10:24:00,192.05,192.15,192.01,192.15,903.0,BURL
2023-12-22 10:23:00,192.17,192.24,192.075,192.075,2190.0,BURL
2023-12-22 10:22:00,192.14,192.14,192.14,192.14,214.0,BURL
2023-12-22 10:21:00,192.08,192.08,191.89,191.89,1443.0,BURL
2023-12-22 10:20:00,192.042,192.041,192.042,192.041,223.0,BURL
2023-12-22 10:18:00,192.05,192.05,191.82,192.04,2862.0,BURL
2023-12-22 10:17:00,192.1,192.23,191.99,192.23,3622.0,BURL
2023-12-22 10:16:00,191.965,191.965,191.83,191.83,946.0,BURL
2023-12-22 10:15:00,192.065,192.15,191.925,192.005,4027.0,BURL
2023-12-22 10:14:00,192.3,192.33,191.97,191.97,1796.0,BURL
2023-12-22 10:13:00,192.53,192.55,192.37,192.54,6927.0,BURL
2023-12-22 10:12:00,192.355,192.46,192.315,192.46,3782.0,BURL
2023-12-22 10:11:00,192.4,192.4,192.4,192.4,685.0,BURL
2023-12-22 10:10:00,192.475,192.475,192.4,192.4,2172.0,BURL
2023-12-22 10:09:00,192.35,192.52,192.35,192.475,2196.0,BURL
2023-12-22 10:08:00,192.19,192.4,192.18,192.27,4699.0,BURL
2023-12-22 10:07:00,192.52,192.53,192.25,192.39,1728.0,BURL
2023-12-22 10:06:00,192.46,192.56,192.4,192.4,1742.0,BURL
2023-12-22 10:05:00,192.575,192.575,192.575,192.575,848.0,BURL
2023-12-22 10:04:00,192.41,192.58,192.41,192.575,1450.0,BURL
2023-12-22 10:03:00,192.46,192.49,192.35,192.47,1857.0,BURL
2023-12-22 10:02:00,192.7,192.7,192.7,192.7,841.0,BURL
2023-12-22 10:01:00,192.4,192.62,192.075,192.51,4889.0,BURL
2023-12-22 10:00:00,192.62,192.7,192.55,192.6,1811.0,BURL
2023-12-22 09:59:00,192.43,192.47,192.43,192.47,1362.0,BURL
2023-12-22 09:58:00,192.413,192.56,192.235,192.34,561.0,BURL
2023-12-22 09:57:00,192.575,192.575,192.255,192.255,532.0,BURL
2023-12-22 09:56:00,192.61,192.61,192.575,192.58,448.0,BURL
2023-12-22 09:55:00,192.6,192.685,192.6,192.61,925.0,BURL
2023-12-22 09:54:00,192.66,192.695,192.51,192.51,1711.0,BURL
2023-12-22 09:53:00,192.42,192.66,192.42,192.66,1590.0,BURL
2023-12-22 09:52:00,192.51,192.51,192.475,192.475,470.0,BURL
2023-12-22 09:51:00,192.27,192.71,192.2,192.47,4877.0,BURL
2023-12-22 09:50:00,192.52,192.52,192.52,192.52,435.0,BURL
2023-12-22 09:49:00,192.47,192.6,192.47,192.545,1225.0,BURL
2023-12-22 09:48:00,192.37,192.37,192.37,192.37,633.0,BURL
2023-12-22 09:47:00,192.34,192.44,192.34,192.44,1504.0,BURL
2023-12-22 09:46:00,192.41,192.41,192.19,192.19,1597.0,BURL
2023-12-22 09:45:00,192.42,192.65,192.41,192.41,2589.0,BURL
2023-12-22 09:44:00,192.41,192.41,192.41,192.41,532.0,BURL
2023-12-22 09:43:00,192.21,192.21,191.95,191.95,431.0,BURL
2023-12-22 09:42:00,192.58,192.7,192.58,192.7,709.0,BURL
2023-12-22 09:41:00,192.11,192.29,192.085,192.29,1475.0,BURL
2023-12-22 09:40:00,192.04,192.04,191.9,191.9,562.0,BURL
2023-12-22 09:39:00,192.51,192.51,191.97,191.98,2186.0,BURL
2023-12-22 09:36:00,192.48,192.54,192.11,192.11,321.0,BURL
2023-12-22 09:34:00,192.29,192.29,192.29,192.29,228.0,BURL
2023-12-22 09:33:00,191.15,191.82,191.13,191.82,1306.0,BURL
2023-12-22 09:32:00,190.79,190.79,190.24,190.24,307.0,BURL
2023-12-22 09:31:00,189.81,190.475,189.61,190.44,3638.0,BURL
2023-12-22 09:30:00,189.82,190.5,189.0,190.43,7223.0,BURL
2023-12-22 09:26:00,190.0,190.0,190.0,190.0,5.0,BURL
2023-12-22 09:13:00,190.47,190.47,190.47,190.47,5.0,BURL
2023-12-22 09:09:00,190.0,190.0,190.0,190.0,20.0,BURL
2023-12-22 08:37:00,189.86,189.86,189.86,189.86,1.0,BURL
2023-12-22 08:33:00,189.81,189.81,189.81,189.81,31.0,BURL
2023-12-22 08:32:00,190.48,190.48,190.48,190.48,741.0,BURL
2023-12-22 08:31:00,190.48,190.48,190.48,190.48,20.0,BURL
2023-12-22 08:23:00,190.48,190.48,190.48,190.48,197.0,BURL
2023-12-22 08:20:00,190.48,190.48,190.48,190.48,5.0,BURL
2023-12-22 08:19:00,190.49,190.49,190.48,190.48,40.0,BURL
2023-12-22 08:14:00,189.81,189.81,189.81,189.81,1.0,BURL
2023-12-22 08:00:00,190.48,190.48,190.48,190.48,5.0,BURL
2023-12-22 07:56:00,190.61,190.61,190.6,190.6,2.0,BURL
2023-12-22 07:52:00,190.61,190.61,190.1,190.1,2.0,BURL
2023-12-22 07:02:00,190.61,190.61,190.6,190.6,2.0,BURL
2023-12-22 05:24:00,189.35,189.35,189.35,189.35,9.0,BURL
2023-12-21 19:37:00,190.4,190.4,190.4,190.4,100.0,BURL
2023-12-21 19:28:00,190.48,190.48,190.48,190.48,11.0,BURL
2023-12-21 19:15:00,189.82,189.82,189.82,189.82,2.0,BURL
2023-12-21 19:00:00,190.48,190.48,190.48,190.48,83558.0,BURL
2023-12-21 18:56:00,190.0,190.0,190.0,190.0,45.0,BURL
2023-12-21 18:30:00,190.48,190.48,190.48,190.48,83558.0,BURL
2023-12-21 17:23:00,190.48,190.48,190.48,190.48,82.0,BURL
2023-12-21 16:44:00,191.0,191.0,191.0,191.0,1.0,BURL
2023-12-21 16:39:00,190.22,190.5,190.22,190.5,101.0,BURL
2023-12-21 16:38:00,190.48,190.48,190.48,190.48,1390.0,BURL
2023-12-21 16:35:00,190.15,190.5,190.15,190.5,67.0,BURL
2023-12-21 16:30:00,190.1,190.5,190.1,190.5,71.0,BURL
2023-12-21 16:26:00,190.1,190.5,190.1,190.5,45.0,BURL
2023-12-21 16:13:00,191.24,191.24,190.26,190.26,10.0,BURL
2023-12-21 16:10:00,190.48,190.48,190.48,190.48,83558.0,BURL
2023-12-21 16:05:00,190.48,190.48,190.48,190.48,5.0,BURL
2023-12-21 16:00:00,190.4,190.49,190.4,190.48,178836.0,BURL
2023-12-21 15:59:00,190.645,190.7,190.39,190.4,30037.0,BURL
2023-12-21 15:58:00,190.5,190.58,190.46,190.58,22830.0,BURL
2023-12-21 15:57:00,190.36,190.5,190.36,190.5,14174.0,BURL
2023-12-21 15:56:00,190.31,190.37,190.22,190.32,20261.0,BURL
2023-12-21 15:55:00,190.16,190.315,190.09,190.315,22063.0,BURL
2023-12-21 15:54:00,190.24,190.252,190.12,190.19,11990.0,BURL
2023-12-21 15:53:00,190.21,190.26,190.099,190.26,12663.0,BURL
2023-12-21 15:52:00,190.29,190.31,190.165,190.2,10508.0,BURL
2023-12-21 15:51:00,190.3,190.43,190.19,190.28,15968.0,BURL
2023-12-21 15:50:00,190.4,190.57,190.3,190.305,13916.0,BURL
2023-12-21 15:49:00,190.39,190.535,190.28,190.435,10980.0,BURL
2023-12-21 15:48:00,190.505,190.51,190.39,190.42,4201.0,BURL
2023-12-21 15:47:00,190.58,190.68,190.555,190.59,8704.0,BURL
2023-12-21 15:46:00,190.52,190.59,190.52,190.59,3580.0,BURL
2023-12-21 15:45:00,190.24,190.53,190.24,190.53,8472.0,BURL
2023-12-21 15:44:00,190.37,190.37,190.19,190.19,1974.0,BURL
2023-12-21 15:43:00,190.48,190.48,190.35,190.35,1961.0,BURL
2023-12-21 15:42:00,190.63,190.7,190.48,190.48,6398.0,BURL
2023-12-21 15:41:00,190.69,190.69,190.59,190.64,5058.0,BURL
2023-12-21 15:40:00,190.66,190.73,190.66,190.69,2525.0,BURL
2023-12-21 15:39:00,190.73,190.73,190.683,190.682,1724.0,BURL
2023-12-21 15:38:00,190.73,190.78,190.65,190.69,2195.0,BURL
2023-12-21 15:37:00,190.54,190.79,190.54,190.67,8080.0,BURL
2023-12-21 15:36:00,190.445,190.56,190.445,190.56,2136.0,BURL
2023-12-21 15:35:00,190.42,190.47,190.33,190.46,3359.0,BURL
2023-12-21 15:34:00,190.69,190.69,190.47,190.47,3213.0,BURL
2023-12-21 15:33:00,190.445,190.66,190.445,190.66,5048.0,BURL
2023-12-21 15:32:00,190.39,190.45,190.36,190.445,3067.0,BURL
2023-12-21 15:31:00,190.52,190.62,190.52,190.56,2879.0,BURL
2023-12-21 15:30:00,190.84,190.85,190.58,190.58,4011.0,BURL
2023-12-21 15:29:00,190.619,190.86,190.619,190.86,4316.0,BURL
2023-12-21 15:28:00,190.57,190.725,190.57,190.725,2905.0,BURL
2023-12-21 15:27:00,190.7,190.7,190.44,190.6,4168.0,BURL
2023-12-21 15:26:00,190.69,190.7,190.56,190.69,5169.0,BURL
2023-12-21 15:25:00,190.845,190.845,190.64,190.69,2895.0,BURL
2023-12-21 15:24:00,190.785,190.785,190.785,190.785,376.0,BURL
2023-12-21 15:23:00,190.96,190.96,190.715,190.82,2510.0,BURL
2023-12-21 15:22:00,191.05,191.06,190.96,191.01,3361.0,BURL
2023-12-21 15:21:00,191.26,191.26,191.13,191.13,1008.0,BURL
2023-12-21 15:20:00,191.42,191.44,191.39,191.39,2147.0,BURL
2023-12-21 15:19:00,191.36,191.36,191.36,191.36,402.0,BURL
2023-12-21 15:18:00,191.48,191.48,191.315,191.32,1747.0,BURL
2023-12-21 15:17:00,191.38,191.48,191.31,191.43,4711.0,BURL
2023-12-21 15:16:00,191.388,191.4,191.385,191.385,937.0,BURL
2023-12-21 15:15:00,191.64,191.64,191.36,191.36,1412.0,BURL
2023-12-21 15:14:00,191.72,191.725,191.72,191.72,994.0,BURL
2023-12-21 15:13:00,191.72,191.84,191.705,191.785,2992.0,BURL
2023-12-21 15:12:00,191.625,191.74,191.625,191.675,2754.0,BURL
2023-12-21 15:11:00,191.68,191.68,191.59,191.59,1815.0,BURL
2023-12-21 15:10:00,191.76,191.77,191.725,191.76,2199.0,BURL
2023-12-21 15:09:00,191.86,191.86,191.78,191.79,5633.0,BURL
2023-12-21 15:08:00,191.9,191.9,191.85,191.9,882.0,BURL
2023-12-21 15:07:00,191.95,191.95,191.9,191.9,4111.0,BURL
2023-12-21 15:06:00,192.025,192.025,192.025,192.025,449.0,BURL
2023-12-21 15:05:00,191.985,192.05,191.985,192.01,2777.0,BURL
2023-12-21 15:04:00,192.11,192.11,192.0,192.0,4114.0,BURL
2023-12-21 15:03:00,192.07,192.16,192.06,192.15,3180.0,BURL
2023-12-21 15:02:00,191.97,192.05,191.97,192.05,1285.0,BURL
2023-12-21 15:01:00,191.85,192.005,191.85,192.005,1539.0,BURL
2023-12-21 15:00:00,191.9,191.94,191.805,191.86,3896.0,BURL
2023-12-21 14:59:00,191.81,191.93,191.81,191.93,2532.0,BURL
2023-12-21 14:58:00,191.76,191.92,191.76,191.85,2890.0,BURL
2023-12-21 14:57:00,191.72,191.8,191.68,191.73,2917.0,BURL
2023-12-21 14:55:00,191.85,191.85,191.78,191.815,913.0,BURL
2023-12-21 14:54:00,191.855,191.855,191.855,191.855,250.0,BURL
2023-12-21 14:53:00,192.05,192.05,191.87,191.91,1350.0,BURL
2023-12-21 14:52:00,192.035,192.15,192.035,192.145,3403.0,BURL
2023-12-21 14:51:00,192.01,192.07,192.0,192.035,2317.0,BURL
2023-12-21 14:50:00,192.02,192.03,191.97,191.98,4366.0,BURL
2023-12-21 14:49:00,192.08,192.085,192.025,192.05,3077.0,BURL
2023-12-21 14:48:00,192.09,192.14,192.01,192.05,2644.0,BURL
2023-12-21 14:47:00,192.07,192.18,192.07,192.115,1585.0,BURL
2023-12-21 14:46:00,192.1,192.14,192.08,192.08,2741.0,BURL
2023-12-21 14:45:00,192.07,192.12,192.0,192.12,3589.0,BURL
2023-12-21 14:44:00,192.085,192.085,192.02,192.07,3671.0,BURL
2023-12-21 14:43:00,192.03,192.12,192.03,192.075,5408.0,BURL
2023-12-21 14:42:00,192.11,192.11,192.02,192.02,1188.0,BURL
2023-12-21 14:41:00,192.11,192.11,192.11,192.11,399.0,BURL
2023-12-21 14:40:00,192.08,192.2,192.08,192.2,1377.0,BURL
2023-12-21 14:39:00,192.12,192.155,192.03,192.03,2197.0,BURL
2023-12-21 14:38:00,191.99,192.1,191.95,192.1,2438.0,BURL
2023-12-21 14:37:00,191.92,192.0,191.833,191.96,2763.0,BURL
2023-12-21 14:36:00,191.855,191.865,191.855,191.865,495.0,BURL
2023-12-21 14:35:00,192.01,192.02,191.91,191.94,908.0,BURL
2023-12-21 14:34:00,192.06,192.06,191.99,192.03,1822.0,BURL
2023-12-21 14:33:00,192.06,192.065,191.95,191.97,1762.0,BURL
2023-12-21 14:32:00,192.03,192.04,192.03,192.04,321.0,BURL
2023-12-21 14:30:00,192.16,192.16,192.03,192.03,1451.0,BURL
2023-12-21 14:29:00,192.15,192.19,192.15,192.19,1172.0,BURL
2023-12-21 14:28:00,192.075,192.185,192.075,192.185,1359.0,BURL
2023-12-21 14:27:00,192.12,192.12,192.09,192.098,1695.0,BURL
2023-12-21 14:26:00,192.14,192.14,192.13,192.14,1326.0,BURL
2023-12-21 14:24:00,192.2,192.2,192.15,192.15,889.0,BURL
2023-12-21 14:23:00,192.255,192.27,192.225,192.23,2034.0,BURL
2023-12-21 14:22:00,192.45,192.45,192.26,192.26,1169.0,BURL
2023-12-21 14:21:00,192.855,192.855,192.52,192.56,3706.0,BURL
2023-12-21 14:20:00,192.855,192.855,192.855,192.855,280.0,BURL
2023-12-21 14:19:00,192.85,192.88,192.815,192.88,1368.0,BURL
2023-12-21 14:18:00,192.83,192.83,192.83,192.83,508.0,BURL
2023-12-21 14:17:00,192.71,192.71,192.685,192.685,945.0,BURL
2023-12-21 14:16:00,192.76,192.79,192.73,192.74,1670.0,BURL
2023-12-21 14:15:00,192.6,192.72,192.6,192.72,1078.0,BURL
2023-12-21 14:14:00,192.525,192.53,192.525,192.53,229.0,BURL
2023-12-21 14:13:00,192.64,192.64,192.525,192.525,823.0,BURL
2023-12-21 14:12:00,192.71,192.71,192.65,192.65,1460.0,BURL
2023-12-21 14:11:00,192.73,192.73,192.689,192.689,854.0,BURL
2023-12-21 14:10:00,192.58,192.74,192.58,192.715,2482.0,BURL
2023-12-21 14:09:00,192.44,192.555,192.44,192.555,1083.0,BURL
2023-12-21 14:08:00,192.61,192.61,192.51,192.51,1375.0,BURL
2023-12-21 14:07:00,192.68,192.68,192.63,192.63,547.0,BURL
2023-12-21 14:06:00,192.65,192.73,192.643,192.73,1833.0,BURL
2023-12-21 14:05:00,192.575,192.575,192.575,192.575,251.0,BURL
2023-12-21 14:04:00,192.65,192.7,192.625,192.625,1127.0,BURL
2023-12-21 14:03:00,192.67,192.67,192.565,192.565,816.0,BURL
2023-12-21 14:02:00,192.87,192.91,192.73,192.805,2136.0,BURL
2023-12-21 14:00:00,192.97,192.97,192.79,192.79,9797.0,BURL
2023-12-21 13:59:00,192.92,192.97,192.9,192.93,1297.0,BURL
2023-12-21 13:58:00,192.84,192.87,192.84,192.86,1237.0,BURL
2023-12-21 13:57:00,192.77,192.805,192.77,192.795,666.0,BURL
2023-12-21 13:55:00,192.61,192.79,192.61,192.79,1643.0,BURL
2023-12-21 13:54:00,192.58,192.58,192.485,192.485,1680.0,BURL
2023-12-21 13:53:00,192.63,192.63,192.63,192.63,677.0,BURL
2023-12-21 13:52:00,192.48,192.57,192.48,192.54,1278.0,BURL
2023-12-21 13:51:00,192.39,192.39,192.39,192.39,370.0,BURL
2023-12-21 13:50:00,192.41,192.41,192.38,192.385,498.0,BURL
2023-12-21 13:49:00,192.42,192.42,192.42,192.42,414.0,BURL
2023-12-21 13:48:00,192.39,192.39,192.39,192.39,219.0,BURL
2023-12-21 13:47:00,192.43,192.565,192.39,192.48,4741.0,BURL
2023-12-21 13:46:00,192.36,192.53,192.36,192.46,5946.0,BURL
2023-12-21 13:45:00,192.14,192.32,192.14,192.315,761.0,BURL
2023-12-21 13:43:00,192.28,192.35,192.215,192.23,3842.0,BURL
2023-12-21 13:42:00,192.26,192.26,192.26,192.26,482.0,BURL
2023-12-21 13:41:00,192.225,192.225,192.205,192.22,970.0,BURL
2023-12-21 13:40:00,192.19,192.22,192.12,192.15,2005.0,BURL
2023-12-21 13:39:00,192.278,192.278,192.21,192.22,888.0,BURL
2023-12-21 13:38:00,192.335,192.335,192.33,192.33,523.0,BURL
2023-12-21 13:37:00,192.35,192.415,192.26,192.26,1388.0,BURL
2023-12-21 13:36:00,192.33,192.33,192.31,192.31,855.0,BURL
2023-12-21 13:35:00,192.22,192.22,192.215,192.22,545.0,BURL
2023-12-21 13:34:00,192.225,192.225,192.225,192.225,389.0,BURL
2023-12-21 13:33:00,192.245,192.245,192.14,192.215,970.0,BURL
2023-12-21 13:32:00,192.34,192.34,192.255,192.255,1194.0,BURL
2023-12-21 13:31:00,192.37,192.37,192.28,192.285,1348.0,BURL
2023-12-21 13:30:00,192.33,192.34,192.255,192.34,873.0,BURL
2023-12-21 13:29:00,192.17,192.27,192.134,192.27,1715.0,BURL
2023-12-21 13:28:00,192.11,192.11,192.11,192.11,320.0,BURL
2023-12-21 13:27:00,192.1,192.1,192.04,192.04,841.0,BURL
2023-12-21 13:26:00,192.09,192.09,192.09,192.09,249.0,BURL
2023-12-21 13:25:00,192.03,192.055,192.03,192.055,488.0,BURL
2023-12-21 13:24:00,192.03,192.221,192.03,192.08,2107.0,BURL
2023-12-21 13:23:00,192.17,192.26,191.98,191.98,2349.0,BURL
2023-12-21 13:22:00,191.77,192.22,191.745,192.22,3194.0,BURL
2023-12-21 13:21:00,191.6,191.686,191.595,191.686,910.0,BURL
2023-12-21 13:20:00,191.58,191.63,191.57,191.617,1675.0,BURL
2023-12-21 13:19:00,191.56,191.56,191.45,191.455,714.0,BURL
2023-12-21 13:18:00,191.88,191.88,191.87,191.87,1547.0,BURL
2023-12-21 13:17:00,192.15,192.15,191.755,191.755,9364.0,BURL
2023-12-21 13:16:00,192.17,192.18,192.145,192.15,908.0,BURL
2023-12-21 13:15:00,192.11,192.11,191.98,192.09,6062.0,BURL
2023-12-21 13:14:00,192.26,192.33,192.18,192.18,1727.0,BURL
2023-12-21 13:13:00,192.36,192.36,192.14,192.27,1244.0,BURL
2023-12-21 13:12:00,192.385,192.385,192.31,192.31,424.0,BURL
2023-12-21 13:11:00,192.39,192.39,192.39,192.39,552.0,BURL
2023-12-21 13:10:00,192.385,192.385,192.28,192.29,1589.0,BURL
2023-12-21 13:09:00,192.38,192.39,192.38,192.39,821.0,BURL
2023-12-21 13:08:00,192.24,192.38,192.225,192.38,1898.0,BURL
2023-12-21 13:07:00,192.36,192.36,192.3,192.345,1886.0,BURL
2023-12-21 13:06:00,192.35,192.44,192.35,192.41,815.0,BURL
2023-12-21 13:05:00,192.32,192.46,192.32,192.46,4053.0,BURL
2023-12-21 13:04:00,192.305,192.305,192.305,192.305,283.0,BURL
2023-12-21 13:03:00,192.29,192.29,192.25,192.26,798.0,BURL
2023-12-21 13:02:00,192.44,192.46,192.35,192.35,2402.0,BURL
2023-12-21 13:01:00,192.33,192.33,192.31,192.32,1307.0,BURL
2023-12-21 13:00:00,192.32,192.39,192.32,192.39,974.0,BURL
2023-12-21 12:59:00,192.19,192.32,192.188,192.32,2037.0,BURL
2023-12-21 12:58:00,192.15,192.15,192.135,192.135,828.0,BURL
2023-12-21 12:57:00,192.16,192.16,192.16,192.16,315.0,BURL
2023-12-21 12:56:00,192.19,192.25,192.19,192.2,896.0,BURL
2023-12-21 12:55:00,192.145,192.16,192.015,192.16,1686.0,BURL
2023-12-21 12:54:00,192.15,192.15,192.135,192.14,526.0,BURL
2023-12-21 12:53:00,192.075,192.21,192.073,192.16,1602.0,BURL
2023-12-21 12:52:00,192.27,192.31,192.15,192.15,1525.0,BURL
2023-12-21 12:51:00,192.46,192.46,192.38,192.44,706.0,BURL
2023-12-21 12:50:00,192.41,192.41,192.41,192.41,419.0,BURL
2023-12-21 12:49:00,192.42,192.42,192.31,192.35,1822.0,BURL
2023-12-21 12:48:00,192.39,192.49,192.35,192.425,1651.0,BURL
2023-12-21 12:47:00,192.275,192.285,192.275,192.28,1595.0,BURL
2023-12-21 12:46:00,192.33,192.33,192.33,192.33,364.0,BURL
2023-12-21 12:45:00,192.49,192.49,192.4,192.4,953.0,BURL
2023-12-21 12:44:00,192.52,192.53,192.52,192.53,387.0,BURL
2023-12-21 12:43:00,192.448,192.448,192.39,192.43,688.0,BURL
2023-12-21 12:42:00,192.49,192.61,192.45,192.56,2516.0,BURL
2023-12-21 12:41:00,192.375,192.49,192.34,192.49,2380.0,BURL
2023-12-21 12:40:00,192.335,192.48,192.335,192.4,1745.0,BURL
2023-12-21 12:39:00,192.27,192.3,192.27,192.28,891.0,BURL
2023-12-21 12:38:00,192.268,192.285,192.13,192.175,1854.0,BURL
2023-12-21 12:37:00,192.28,192.28,192.28,192.28,132.0,BURL
2023-12-21 12:36:00,192.28,192.28,192.27,192.28,1491.0,BURL
2023-12-21 12:35:00,192.16,192.16,192.08,192.08,645.0,BURL
2023-12-21 12:34:00,192.16,192.195,192.08,192.13,3287.0,BURL
2023-12-21 12:33:00,192.21,192.26,192.16,192.205,2317.0,BURL
2023-12-21 12:32:00,192.2,192.24,192.2,192.207,1603.0,BURL
2023-12-21 12:31:00,192.12,192.16,192.1,192.16,2387.0,BURL
2023-12-21 12:30:00,191.965,192.07,191.965,192.07,2175.0,BURL
2023-12-21 12:29:00,191.97,191.97,191.97,191.97,330.0,BURL
2023-12-21 12:28:00,191.97,192.0,191.93,191.93,646.0,BURL
2023-12-21 12:27:00,191.93,192.01,191.93,192.005,952.0,BURL
2023-12-21 12:26:00,192.02,192.03,191.95,192.02,2173.0,BURL
2023-12-21 12:25:00,192.06,192.06,192.03,192.04,1097.0,BURL
2023-12-21 12:24:00,192.01,192.125,192.01,192.11,2757.0,BURL
2023-12-21 12:23:00,192.0,192.0,191.93,191.93,639.0,BURL
2023-12-21 12:22:00,192.0,192.08,191.99,191.99,808.0,BURL
2023-12-21 12:21:00,192.16,192.165,191.98,191.98,1510.0,BURL
2023-12-21 12:20:00,192.17,192.17,192.17,192.17,223.0,BURL
2023-12-21 12:19:00,192.15,192.15,192.15,192.15,456.0,BURL
2023-12-21 12:18:00,192.1,192.21,192.1,192.21,3066.0,BURL
2023-12-21 12:17:00,192.11,192.16,191.953,192.1,4736.0,BURL
2023-12-21 12:16:00,192.14,192.14,192.05,192.11,2516.0,BURL
2023-12-21 12:15:00,192.04,192.18,192.04,192.18,2140.0,BURL
2023-12-21 12:13:00,191.97,191.985,191.93,191.93,1322.0,BURL
2023-12-21 12:12:00,192.075,192.075,192.075,192.075,615.0,BURL
2023-12-21 12:11:00,192.11,192.2,192.08,192.08,1387.0,BURL
2023-12-21 12:10:00,192.02,192.02,192.02,192.02,476.0,BURL
2023-12-21 12:09:00,191.96,192.13,191.96,192.0,2761.0,BURL
2023-12-21 12:08:00,192.0,192.0,191.9,191.9,2720.0,BURL
2023-12-21 12:07:00,192.09,192.16,191.985,191.995,1413.0,BURL
2023-12-21 12:06:00,192.155,192.27,192.155,192.19,1047.0,BURL
2023-12-21 12:05:00,192.0,192.24,192.0,192.24,2762.0,BURL
2023-12-21 12:04:00,192.0,192.04,191.95,192.0,1918.0,BURL
2023-12-21 12:03:00,192.085,192.085,192.065,192.065,548.0,BURL
2023-12-21 12:02:00,192.31,192.31,192.2,192.2,1502.0,BURL
2023-12-21 12:01:00,191.91,192.23,191.91,192.15,1290.0,BURL
2023-12-21 12:00:00,192.1,192.1,192.1,192.1,611.0,BURL
2023-12-21 11:59:00,192.58,192.58,192.24,192.24,2099.0,BURL
2023-12-21 11:58:00,192.48,192.5,192.48,192.5,717.0,BURL
2023-12-21 11:57:00,192.42,192.48,192.415,192.48,718.0,BURL
2023-12-21 11:56:00,192.33,192.37,192.29,192.335,2609.0,BURL
2023-12-21 11:55:00,192.335,192.4,192.335,192.4,859.0,BURL
2023-12-21 11:54:00,192.145,192.38,192.145,192.375,6012.0,BURL
2023-12-21 11:53:00,192.135,192.135,192.135,192.135,526.0,BURL
2023-12-21 11:52:00,192.215,192.215,192.215,192.215,360.0,BURL
2023-12-21 11:51:00,192.37,192.382,192.23,192.23,1847.0,BURL
2023-12-21 11:50:00,192.43,192.48,192.41,192.435,1600.0,BURL
2023-12-21 11:49:00,192.39,192.39,192.33,192.34,793.0,BURL
2023-12-21 11:48:00,192.31,192.31,192.26,192.26,697.0,BURL
2023-12-21 11:47:00,192.31,192.41,192.295,192.295,2223.0,BURL
2023-12-21 11:46:00,192.26,192.26,192.235,192.235,1277.0,BURL
2023-12-21 11:45:00,192.23,192.255,192.23,192.255,1499.0,BURL
2023-12-21 11:44:00,192.2,192.2,192.18,192.2,522.0,BURL
2023-12-21 11:43:00,192.12,192.195,192.065,192.195,2480.0,BURL
2023-12-21 11:42:00,192.13,192.24,192.13,192.165,2576.0,BURL
2023-12-21 11:41:00,192.01,192.11,192.01,192.085,1630.0,BURL
2023-12-21 11:40:00,191.965,192.03,191.955,191.955,1332.0,BURL
2023-12-21 11:39:00,192.02,192.03,191.9,192.03,11469.0,BURL
2023-12-21 11:38:00,192.035,192.04,191.93,192.025,1333.0,BURL
2023-12-21 11:37:00,192.08,192.103,192.06,192.06,549.0,BURL
2023-12-21 11:36:00,192.0,192.0,192.0,192.0,184.0,BURL
2023-12-21 11:35:00,191.995,192.12,191.93,192.04,3183.0,BURL
2023-12-21 11:34:00,192.01,192.06,191.988,192.005,2407.0,BURL
2023-12-21 11:33:00,192.005,192.03,191.92,192.03,1680.0,BURL
2023-12-21 11:32:00,192.0,192.01,192.0,192.01,809.0,BURL
2023-12-21 11:31:00,192.1,192.1,191.99,191.997,1399.0,BURL
2023-12-21 11:30:00,192.32,192.32,192.175,192.235,4058.0,BURL
2023-12-21 11:29:00,192.31,192.31,192.31,192.31,526.0,BURL
2023-12-21 11:28:00,192.25,192.33,192.25,192.33,595.0,BURL
2023-12-21 11:27:00,192.14,192.27,192.095,192.27,1796.0,BURL
2023-12-21 11:26:00,191.97,192.14,191.97,192.094,4029.0,BURL
2023-12-21 11:25:00,192.155,192.16,191.96,192.03,2836.0,BURL
2023-12-21 11:24:00,192.18,192.18,192.13,192.155,1055.0,BURL
2023-12-21 11:23:00,192.07,192.185,192.06,192.185,2074.0,BURL
2023-12-21 11:22:00,192.355,192.355,192.13,192.13,2659.0,BURL
2023-12-21 11:21:00,192.3,192.39,192.255,192.39,1294.0,BURL
2023-12-21 11:20:00,192.23,192.26,192.23,192.26,685.0,BURL
2023-12-21 11:19:00,192.12,192.19,192.09,192.19,1480.0,BURL
2023-12-21 11:18:00,192.025,192.025,192.025,192.025,326.0,BURL
2023-12-21 11:17:00,192.065,192.1,191.975,192.1,3071.0,BURL
2023-12-21 11:16:00,192.19,192.19,192.08,192.08,3283.0,BURL
2023-12-21 11:15:00,191.98,192.06,191.98,192.06,707.0,BURL
2023-12-21 11:13:00,191.85,191.95,191.81,191.95,673.0,BURL
2023-12-21 11:12:00,192.235,192.235,191.82,191.9,3839.0,BURL
2023-12-21 11:11:00,192.26,192.27,192.235,192.235,840.0,BURL
2023-12-21 11:10:00,192.08,192.19,192.08,192.18,1180.0,BURL
2023-12-21 11:09:00,192.025,192.025,192.025,192.025,516.0,BURL
2023-12-21 11:08:00,192.06,192.1,192.06,192.1,857.0,BURL
2023-12-21 11:07:00,191.96,191.96,191.92,191.92,535.0,BURL
2023-12-21 11:06:00,192.005,192.005,192.005,192.005,362.0,BURL
2023-12-21 11:05:00,192.09,192.15,192.0,192.0,1269.0,BURL
2023-12-21 11:04:00,191.97,192.17,191.97,192.13,5247.0,BURL
2023-12-21 11:03:00,191.92,192.06,191.92,192.06,1035.0,BURL
2023-12-21 11:02:00,192.01,192.01,191.95,191.95,1200.0,BURL
2023-12-21 11:01:00,192.09,192.092,191.99,191.99,1394.0,BURL
2023-12-21 11:00:00,192.28,192.305,192.18,192.21,4092.0,BURL
2023-12-21 10:59:00,192.13,192.28,192.13,192.2,1035.0,BURL
2023-12-21 10:58:00,192.13,192.13,192.12,192.12,217.0,BURL
2023-12-21 10:57:00,191.89,192.1,191.89,192.1,1626.0,BURL
2023-12-21 10:56:00,191.83,191.83,191.75,191.82,1287.0,BURL
2023-12-21 10:55:00,191.71,191.78,191.6,191.76,7011.0,BURL
2023-12-21 10:54:00,191.64,191.74,191.64,191.73,855.0,BURL
2023-12-21 10:53:00,191.83,191.83,191.72,191.72,512.0,BURL
2023-12-21 10:52:00,191.8,191.83,191.75,191.81,2299.0,BURL
2023-12-21 10:50:00,191.995,191.995,191.85,191.91,1837.0,BURL
2023-12-21 10:49:00,192.105,192.11,191.985,192.11,862.0,BURL
2023-12-21 10:48:00,192.135,192.135,191.995,192.11,2185.0,BURL
2023-12-21 10:46:00,192.68,192.68,192.05,192.05,1450.0,BURL
2023-12-21 10:45:00,192.5,192.555,192.5,192.555,1555.0,BURL
2023-12-21 10:44:00,192.155,192.32,192.14,192.32,1826.0,BURL
2023-12-21 10:43:00,192.285,192.31,192.005,192.035,2467.0,BURL
2023-12-21 10:42:00,192.15,192.28,192.15,192.28,539.0,BURL
2023-12-21 10:41:00,192.125,192.15,192.105,192.13,1224.0,BURL
2023-12-21 10:40:00,192.075,192.29,191.99,192.255,2714.0,BURL
2023-12-21 10:39:00,191.96,192.11,191.93,192.04,1956.0,BURL
2023-12-21 10:38:00,192.0,192.0,191.795,191.872,2237.0,BURL
2023-12-21 10:37:00,192.04,192.14,192.02,192.02,824.0,BURL
2023-12-21 10:36:00,191.6,191.99,191.6,191.99,1845.0,BURL
2023-12-21 10:35:00,191.83,191.965,191.76,191.765,959.0,BURL
2023-12-21 10:34:00,191.525,191.97,191.525,191.91,4263.0,BURL
2023-12-21 10:33:00,191.795,191.795,191.565,191.565,1120.0,BURL
2023-12-21 10:32:00,191.88,191.88,191.7,191.77,1230.0,BURL
2023-12-21 10:31:00,191.857,191.857,191.857,191.857,564.0,BURL
2023-12-21 10:30:00,191.755,191.96,191.755,191.875,2390.0,BURL
2023-12-21 10:29:00,191.99,191.99,191.75,191.75,1761.0,BURL
2023-12-21 10:28:00,192.0,192.0,191.87,191.87,1022.0,BURL
2023-12-21 10:27:00,191.96,191.96,191.71,191.92,2925.0,BURL
2023-12-21 10:26:00,192.23,192.23,191.77,191.77,2178.0,BURL
2023-12-21 10:25:00,192.72,192.72,192.25,192.25,3322.0,BURL
2023-12-21 10:24:00,192.72,192.79,192.685,192.79,659.0,BURL
2023-12-21 10:23:00,192.62,192.715,192.62,192.67,1464.0,BURL
2023-12-21 10:22:00,192.38,192.49,192.38,192.44,1192.0,BURL
2023-12-21 10:21:00,192.37,192.37,192.25,192.25,1647.0,BURL
2023-12-21 10:20:00,192.22,192.22,192.22,192.22,459.0,BURL
2023-12-21 10:19:00,192.08,192.11,192.07,192.11,891.0,BURL
2023-12-21 10:18:00,191.79,191.94,191.79,191.94,2796.0,BURL
2023-12-21 10:17:00,191.795,191.795,191.78,191.78,328.0,BURL
2023-12-21 10:16:00,191.5,191.76,191.5,191.76,1542.0,BURL
2023-12-21 10:15:00,191.46,191.46,191.3,191.395,1980.0,BURL
2023-12-21 10:14:00,191.31,191.45,191.31,191.45,408.0,BURL
2023-12-21 10:13:00,190.97,191.37,190.97,191.25,2067.0,BURL
2023-12-21 10:12:00,190.96,190.97,190.96,190.97,382.0,BURL
2023-12-21 10:11:00,190.97,190.97,190.88,190.935,678.0,BURL
2023-12-21 10:10:00,190.67,190.88,190.605,190.88,1962.0,BURL
2023-12-21 10:09:00,190.59,190.66,190.59,190.66,1358.0,BURL
2023-12-21 10:07:00,190.5,190.525,190.36,190.37,1683.0,BURL
2023-12-21 10:06:00,190.455,190.455,190.06,190.09,438.0,BURL
2023-12-21 10:04:00,190.785,190.79,190.785,190.79,472.0,BURL
2023-12-21 10:03:00,191.1,191.1,190.83,190.83,4524.0,BURL
2023-12-21 10:02:00,191.195,191.195,191.195,191.195,475.0,BURL
2023-12-21 10:00:00,191.02,191.02,190.84,190.85,1438.0,BURL
2023-12-21 09:59:00,191.04,191.16,190.88,191.02,793.0,BURL
2023-12-21 09:58:00,191.02,191.16,190.98,191.05,3216.0,BURL
2023-12-21 09:57:00,190.95,191.33,190.95,191.33,1032.0,BURL
2023-12-21 09:56:00,190.695,191.175,190.695,191.175,1817.0,BURL
2023-12-21 09:55:00,190.585,190.585,190.585,190.585,455.0,BURL
2023-12-21 09:53:00,190.489,190.489,190.489,190.489,295.0,BURL
2023-12-21 09:52:00,190.63,190.63,190.525,190.54,761.0,BURL
2023-12-21 09:51:00,190.5,190.5,190.5,190.5,240.0,BURL
2023-12-21 09:50:00,190.42,190.49,190.33,190.47,2067.0,BURL
2023-12-21 09:49:00,190.37,190.44,190.27,190.335,1666.0,BURL
2023-12-21 09:48:00,190.195,190.2,190.19,190.2,506.0,BURL
2023-12-21 09:46:00,190.02,190.39,190.0,190.255,2825.0,BURL
2023-12-21 09:45:00,190.45,190.605,190.02,190.02,1240.0,BURL
2023-12-21 09:44:00,190.21,190.21,190.05,190.05,442.0,BURL
2023-12-21 09:43:00,190.39,190.39,190.39,190.39,188.0,BURL
2023-12-21 09:41:00,191.15,191.36,191.06,191.105,1320.0,BURL
2023-12-21 09:40:00,191.515,191.515,191.06,191.2,5125.0,BURL
2023-12-21 09:39:00,191.53,191.57,191.53,191.57,731.0,BURL
2023-12-21 09:38:00,191.005,191.29,190.9,191.29,2593.0,BURL
2023-12-21 09:37:00,191.22,191.22,191.22,191.22,362.0,BURL
2023-12-21 09:36:00,191.515,191.515,190.795,190.795,401.0,BURL
2023-12-21 09:35:00,190.99,191.49,190.99,191.49,2287.0,BURL
2023-12-21 09:33:00,191.77,191.77,191.3,191.3,1256.0,BURL
2023-12-21 09:32:00,191.42,192.11,191.42,191.7,3122.0,BURL
2023-12-21 09:31:00,191.0,191.88,191.0,191.88,270.0,BURL
2023-12-21 09:30:00,190.28,190.975,190.28,190.975,11537.0,BURL
2023-12-21 08:39:00,190.0,190.0,190.0,190.0,25.0,BURL
2023-12-21 08:31:00,190.0,190.0,190.0,190.0,5.0,BURL
2023-12-20 19:00:00,188.64,188.64,188.64,188.64,479256.0,BURL
2023-12-20 18:33:00,187.93,187.93,187.93,187.93,10.0,BURL
2023-12-20 18:30:00,188.64,188.64,188.64,188.64,479256.0,BURL
2023-12-20 17:53:00,188.63,188.63,188.62,188.62,100.0,BURL
2023-12-20 17:43:00,188.5,188.5,188.5,188.5,25.0,BURL
2023-12-20 17:28:00,188.64,188.64,188.64,188.64,7003.0,BURL
2023-12-20 16:10:00,188.64,188.64,188.64,188.64,479256.0,BURL
2023-12-20 16:01:00,188.64,188.64,188.64,188.64,167.0,BURL
2023-12-20 16:00:00,188.59,188.64,188.59,188.64,976140.0,BURL
2023-12-20 15:59:00,188.705,188.79,188.59,188.59,49574.0,BURL
2023-12-20 15:58:00,188.61,188.77,188.61,188.71,31196.0,BURL
2023-12-20 15:57:00,188.74,188.74,188.56,188.59,19990.0,BURL
2023-12-20 15:56:00,189.08,189.14,188.72,188.745,27522.0,BURL
2023-12-20 15:55:00,189.35,189.35,188.96,189.085,18140.0,BURL
2023-12-20 15:54:00,189.29,189.405,189.16,189.405,16785.0,BURL
2023-12-20 15:53:00,189.54,189.54,189.14,189.25,20155.0,BURL
2023-12-20 15:52:00,189.6,189.63,189.46,189.54,10590.0,BURL
2023-12-20 15:51:00,190.08,190.08,189.62,189.62,11405.0,BURL
2023-12-20 15:50:00,190.19,190.435,190.05,190.06,12595.0,BURL
2023-12-20 15:49:00,189.87,190.13,189.81,190.11,11717.0,BURL
2023-12-20 15:48:00,190.09,190.16,189.85,189.85,9317.0,BURL
2023-12-20 15:47:00,190.0,190.13,190.0,190.085,3932.0,BURL
2023-12-20 15:46:00,190.105,190.13,189.96,190.055,14463.0,BURL
2023-12-20 15:45:00,190.155,190.22,190.02,190.105,6210.0,BURL
2023-12-20 15:44:00,190.18,190.2,190.05,190.16,6529.0,BURL
2023-12-20 15:43:00,190.28,190.28,190.165,190.23,6888.0,BURL
2023-12-20 15:42:00,190.09,190.34,190.09,190.34,5354.0,BURL
2023-12-20 15:41:00,189.935,190.12,189.935,190.06,4736.0,BURL
2023-12-20 15:40:00,189.92,190.04,189.895,189.97,11588.0,BURL
2023-12-20 15:39:00,189.87,189.92,189.84,189.84,4463.0,BURL
2023-12-20 15:38:00,189.98,190.07,189.9,190.02,8073.0,BURL
2023-12-20 15:37:00,189.91,190.03,189.91,189.977,4304.0,BURL
2023-12-20 15:36:00,189.85,189.96,189.825,189.94,2827.0,BURL
2023-12-20 15:35:00,189.925,189.925,189.74,189.84,2376.0,BURL
2023-12-20 15:34:00,189.76,189.945,189.76,189.945,3619.0,BURL
2023-12-20 15:33:00,189.88,189.88,189.71,189.87,6111.0,BURL
2023-12-20 15:32:00,190.05,190.05,189.86,189.97,2556.0,BURL
2023-12-20 15:31:00,190.07,190.155,189.78,190.07,9062.0,BURL
2023-12-20 15:30:00,189.94,190.14,189.93,190.01,7703.0,BURL
2023-12-20 15:29:00,190.065,190.065,189.9,189.91,5098.0,BURL
2023-12-20 15:28:00,190.16,190.16,189.97,189.97,4181.0,BURL
2023-12-20 15:27:00,190.35,190.37,189.978,190.065,5380.0,BURL
2023-12-20 15:26:00,190.265,190.29,190.18,190.18,2631.0,BURL
2023-12-20 15:25:00,190.23,190.28,190.05,190.28,2752.0,BURL
2023-12-20 15:24:00,190.63,190.64,190.34,190.34,3758.0,BURL
2023-12-20 15:23:00,190.85,190.85,190.72,190.725,2584.0,BURL
2023-12-20 15:22:00,191.05,191.115,190.73,190.85,2206.0,BURL
2023-12-20 15:21:00,191.33,191.33,191.125,191.13,2075.0,BURL
2023-12-20 15:20:00,191.33,191.33,191.18,191.26,3708.0,BURL
2023-12-20 15:19:00,191.355,191.4,191.175,191.4,1912.0,BURL
2023-12-20 15:18:00,191.23,191.42,191.22,191.355,3833.0,BURL
2023-12-20 15:17:00,190.94,191.21,190.94,191.175,7340.0,BURL
2023-12-20 15:16:00,190.64,190.87,190.64,190.82,1374.0,BURL
2023-12-20 15:15:00,190.38,190.78,190.34,190.78,4646.0,BURL
2023-12-20 15:14:00,190.14,190.3,190.12,190.295,2190.0,BURL
2023-12-20 15:13:00,190.22,190.24,190.1,190.18,2233.0,BURL
2023-12-20 15:12:00,190.42,190.475,190.245,190.245,2882.0,BURL
2023-12-20 15:11:00,190.34,190.51,190.34,190.51,4451.0,BURL
2023-12-20 15:10:00,190.02,190.36,190.02,190.26,9211.0,BURL
2023-12-20 15:09:00,189.93,189.97,189.885,189.97,1351.0,BURL
2023-12-20 15:08:00,189.77,189.92,189.77,189.845,7099.0,BURL
2023-12-20 15:07:00,189.895,189.895,189.78,189.85,6108.0,BURL
2023-12-20 15:06:00,190.0,190.01,189.77,189.9,2634.0,BURL
2023-12-20 15:05:00,189.955,189.955,189.835,189.89,6072.0,BURL
2023-12-20 15:04:00,189.83,190.03,189.83,190.03,3983.0,BURL
2023-12-20 15:03:00,189.98,189.98,189.745,189.82,1533.0,BURL
2023-12-20 15:02:00,189.98,190.11,189.939,189.98,4045.0,BURL
2023-12-20 15:01:00,190.31,190.31,189.97,189.97,2327.0,BURL
2023-12-20 15:00:00,190.525,190.77,190.37,190.477,23736.0,BURL
2023-12-20 14:59:00,190.58,190.59,190.53,190.53,861.0,BURL
2023-12-20 14:58:00,190.46,190.68,190.29,190.64,4505.0,BURL
2023-12-20 14:57:00,190.65,190.79,190.38,190.455,2154.0,BURL
2023-12-20 14:56:00,191.155,191.22,190.66,190.805,1135.0,BURL
2023-12-20 14:55:00,191.51,191.55,191.205,191.205,2536.0,BURL
2023-12-20 14:54:00,191.055,191.47,191.05,191.47,6413.0,BURL
2023-12-20 14:53:00,191.2,191.37,190.975,191.055,12050.0,BURL
2023-12-20 14:52:00,191.53,191.6,191.23,191.33,4825.0,BURL
2023-12-20 14:51:00,191.825,191.88,191.42,191.54,10124.0,BURL
2023-12-20 14:50:00,192.045,192.045,191.82,191.83,8672.0,BURL
2023-12-20 14:49:00,192.05,192.055,192.045,192.045,999.0,BURL
2023-12-20 14:48:00,192.33,192.33,192.06,192.065,2507.0,BURL
2023-12-20 14:47:00,192.285,192.32,192.13,192.245,5424.0,BURL
2023-12-20 14:46:00,192.28,192.28,192.275,192.275,697.0,BURL
2023-12-20 14:45:00,192.315,192.32,192.29,192.29,1096.0,BURL
2023-12-20 14:44:00,192.695,192.695,192.355,192.37,1926.0,BURL
2023-12-20 14:43:00,192.71,192.71,192.71,192.71,648.0,BURL
2023-12-20 14:42:00,192.79,192.85,192.74,192.745,1357.0,BURL
2023-12-20 14:41:00,192.76,192.95,192.75,192.84,7191.0,BURL
2023-12-20 14:40:00,192.735,192.735,192.725,192.725,709.0,BURL
2023-12-20 14:39:00,192.915,192.915,192.695,192.695,4814.0,BURL
2023-12-20 14:38:00,193.115,193.115,192.915,192.915,2034.0,BURL
2023-12-20 14:37:00,193.16,193.16,193.12,193.125,1010.0,BURL
2023-12-20 14:36:00,193.3,193.36,193.21,193.28,2678.0,BURL
2023-12-20 14:35:00,193.34,193.43,193.24,193.255,3806.0,BURL
2023-12-20 14:34:00,193.24,193.49,193.18,193.42,5837.0,BURL
2023-12-20 14:33:00,193.13,193.13,193.13,193.13,387.0,BURL
2023-12-20 14:32:00,193.335,193.335,193.165,193.165,2115.0,BURL
2023-12-20 14:31:00,193.48,193.5,193.3,193.375,4361.0,BURL
2023-12-20 14:30:00,193.95,193.95,193.53,193.535,12418.0,BURL
2023-12-20 14:29:00,193.95,194.03,193.945,194.03,547.0,BURL
2023-12-20 14:28:00,193.87,193.98,193.87,193.95,2471.0,BURL
2023-12-20 14:27:00,194.06,194.06,193.93,193.98,6070.0,BURL
2023-12-20 14:26:00,194.07,194.07,194.0,194.06,572.0,BURL
2023-12-20 14:25:00,194.005,194.07,194.0,194.07,730.0,BURL
2023-12-20 14:24:00,194.12,194.12,193.94,194.005,1386.0,BURL
2023-12-20 14:23:00,194.015,194.09,194.01,194.075,2944.0,BURL
2023-12-20 14:22:00,193.97,194.04,193.97,194.04,1741.0,BURL
2023-12-20 14:21:00,193.92,193.96,193.915,193.96,909.0,BURL
2023-12-20 14:20:00,193.96,194.03,193.9,193.93,4490.0,BURL
2023-12-20 14:19:00,194.025,194.03,194.025,194.03,425.0,BURL
2023-12-20 14:18:00,194.01,194.01,193.945,193.965,825.0,BURL
2023-12-20 14:17:00,194.03,194.03,193.9,193.945,2517.0,BURL
2023-12-20 14:16:00,194.03,194.03,193.965,193.965,1276.0,BURL
2023-12-20 14:15:00,193.97,194.03,193.965,194.03,1529.0,BURL
2023-12-20 14:14:00,193.84,194.01,193.84,194.01,4962.0,BURL
2023-12-20 14:13:00,193.84,193.85,193.73,193.84,1764.0,BURL
2023-12-20 14:12:00,193.79,193.845,193.73,193.79,1409.0,BURL
2023-12-20 14:11:00,193.57,193.83,193.55,193.79,4604.0,BURL
2023-12-20 14:10:00,193.665,193.665,193.54,193.57,4938.0,BURL
2023-12-20 14:09:00,193.73,193.78,193.73,193.745,1333.0,BURL
2023-12-20 14:08:00,193.874,193.874,193.78,193.81,1802.0,BURL
2023-12-20 14:07:00,193.96,193.96,193.96,193.96,249.0,BURL
2023-12-20 14:06:00,193.92,193.955,193.84,193.955,1786.0,BURL
2023-12-20 14:05:00,193.805,193.91,193.805,193.91,531.0,BURL
2023-12-20 14:04:00,193.87,193.88,193.86,193.865,1650.0,BURL
2023-12-20 14:03:00,193.88,193.88,193.74,193.8,2422.0,BURL
2023-12-20 14:02:00,193.945,194.02,193.875,193.875,2180.0,BURL
2023-12-20 14:01:00,194.015,194.015,194.0,194.0,530.0,BURL
2023-12-20 14:00:00,193.93,194.01,193.93,194.0,548.0,BURL
2023-12-20 13:59:00,193.81,194.03,193.78,194.025,2819.0,BURL
2023-12-20 13:58:00,193.725,193.805,193.725,193.805,884.0,BURL
2023-12-20 13:57:00,193.76,193.82,193.73,193.74,2971.0,BURL
2023-12-20 13:56:00,193.75,193.76,193.666,193.76,1033.0,BURL
2023-12-20 13:55:00,193.845,193.845,193.61,193.64,2901.0,BURL
2023-12-20 13:54:00,193.89,193.905,193.843,193.842,947.0,BURL
2023-12-20 13:53:00,193.835,193.89,193.835,193.88,903.0,BURL
2023-12-20 13:52:00,193.94,193.94,193.82,193.86,846.0,BURL
2023-12-20 13:51:00,193.84,193.93,193.84,193.93,2043.0,BURL
2023-12-20 13:50:00,194.005,194.01,193.87,193.87,1966.0,BURL
2023-12-20 13:49:00,193.925,194.06,193.925,194.055,1247.0,BURL
2023-12-20 13:48:00,194.14,194.19,193.93,193.93,2659.0,BURL
2023-12-20 13:47:00,194.25,194.25,194.12,194.18,3627.0,BURL
2023-12-20 13:46:00,194.04,194.27,194.03,194.21,5296.0,BURL
2023-12-20 13:45:00,194.025,194.05,193.94,193.97,10444.0,BURL
2023-12-20 13:44:00,194.035,194.04,193.87,193.95,1840.0,BURL
2023-12-20 13:43:00,194.01,194.05,194.01,194.05,1427.0,BURL
2023-12-20 13:42:00,193.935,194.0,193.86,194.0,2481.0,BURL
2023-12-20 13:41:00,193.955,194.0,193.87,193.99,1899.0,BURL
2023-12-20 13:40:00,193.94,193.955,193.9,193.955,596.0,BURL
2023-12-20 13:39:00,193.91,193.96,193.82,193.86,2565.0,BURL
2023-12-20 13:38:00,193.835,193.91,193.825,193.91,1166.0,BURL
2023-12-20 13:37:00,193.77,193.95,193.77,193.95,2479.0,BURL
2023-12-20 13:36:00,193.85,193.93,193.73,193.77,3091.0,BURL
2023-12-20 13:35:00,193.92,193.98,193.84,193.85,8493.0,BURL
2023-12-20 13:34:00,193.97,194.02,193.95,194.02,1641.0,BURL
2023-12-20 13:33:00,194.025,194.025,193.915,193.97,1345.0,BURL
2023-12-20 13:32:00,194.045,194.05,193.975,193.975,589.0,BURL
2023-12-20 13:31:00,193.985,193.985,193.96,193.96,575.0,BURL
2023-12-20 13:30:00,194.035,194.06,194.0,194.06,1259.0,BURL
2023-12-20 13:29:00,194.035,194.1,193.96,193.97,3134.0,BURL
2023-12-20 13:28:00,193.935,194.03,193.935,194.03,704.0,BURL
2023-12-20 13:27:00,193.985,194.04,193.94,193.94,2607.0,BURL
2023-12-20 13:26:00,193.89,193.965,193.89,193.96,421.0,BURL
2023-12-20 13:25:00,193.86,193.985,193.805,193.985,3903.0,BURL
2023-12-20 13:24:00,193.885,193.885,193.805,193.805,1169.0,BURL
2023-12-20 13:23:00,193.87,193.885,193.815,193.885,1071.0,BURL
2023-12-20 13:22:00,193.895,193.975,193.8,193.815,5032.0,BURL
2023-12-20 13:21:00,193.89,193.89,193.89,193.89,414.0,BURL
2023-12-20 13:20:00,193.95,194.0,193.89,193.89,7200.0,BURL
2023-12-20 13:19:00,193.95,193.95,193.95,193.95,403.0,BURL
2023-12-20 13:18:00,193.95,193.95,193.875,193.95,679.0,BURL
2023-12-20 13:17:00,193.775,193.925,193.69,193.9,3045.0,BURL
2023-12-20 13:16:00,193.78,193.78,193.78,193.78,235.0,BURL
2023-12-20 13:15:00,193.86,193.86,193.765,193.765,1375.0,BURL
2023-12-20 13:14:00,193.995,193.995,193.86,193.86,2033.0,BURL
2023-12-20 13:13:00,193.98,194.01,193.98,194.0,2740.0,BURL
2023-12-20 13:12:00,194.05,194.1,194.05,194.1,631.0,BURL
2023-12-20 13:11:00,194.06,194.06,193.985,193.985,2662.0,BURL
2023-12-20 13:10:00,194.11,194.23,194.11,194.145,2733.0,BURL
2023-12-20 13:09:00,194.295,194.335,194.11,194.12,4658.0,BURL
2023-12-20 13:08:00,194.36,194.37,194.3,194.36,899.0,BURL
2023-12-20 13:07:00,194.365,194.365,194.36,194.36,349.0,BURL
2023-12-20 13:06:00,194.325,194.36,194.325,194.36,1400.0,BURL
2023-12-20 13:05:00,194.325,194.325,194.24,194.3,639.0,BURL
2023-12-20 13:04:00,194.27,194.325,194.235,194.235,461.0,BURL
2023-12-20 13:03:00,194.185,194.26,194.185,194.26,1079.0,BURL
2023-12-20 13:02:00,194.06,194.18,194.04,194.18,2309.0,BURL
2023-12-20 13:01:00,193.99,194.11,193.955,194.085,1103.0,BURL
2023-12-20 13:00:00,194.235,194.235,193.98,193.98,3372.0,BURL
2023-12-20 12:59:00,194.21,194.31,194.21,194.31,2453.0,BURL
2023-12-20 12:58:00,194.285,194.285,194.235,194.235,415.0,BURL
2023-12-20 12:57:00,194.38,194.38,194.255,194.255,2756.0,BURL
2023-12-20 12:56:00,194.23,194.38,194.23,194.38,1742.0,BURL
2023-12-20 12:55:00,194.36,194.39,194.175,194.225,2552.0,BURL
2023-12-20 12:54:00,194.654,194.67,194.4,194.4,6579.0,BURL
2023-12-20 12:53:00,194.665,194.665,194.665,194.665,354.0,BURL
2023-12-20 12:52:00,194.58,194.685,194.49,194.675,5380.0,BURL
2023-12-20 12:51:00,194.53,194.58,194.462,194.58,1419.0,BURL
2023-12-20 12:50:00,194.55,194.55,194.505,194.55,1143.0,BURL
2023-12-20 12:49:00,194.42,194.525,194.36,194.497,3207.0,BURL
2023-12-20 12:48:00,194.2,194.47,194.2,194.46,5480.0,BURL
2023-12-20 12:47:00,194.35,194.36,194.2,194.2,785.0,BURL
2023-12-20 12:46:00,194.265,194.355,194.265,194.345,2356.0,BURL
2023-12-20 12:45:00,193.975,194.33,193.975,194.33,7743.0,BURL
2023-12-20 12:44:00,194.14,194.14,193.975,193.975,2394.0,BURL
2023-12-20 12:43:00,193.99,194.14,193.99,194.14,897.0,BURL
2023-12-20 12:42:00,194.12,194.18,193.99,194.085,4998.0,BURL
2023-12-20 12:41:00,194.011,194.11,194.011,194.07,864.0,BURL
2023-12-20 12:40:00,193.975,194.125,193.975,194.125,1848.0,BURL
2023-12-20 12:39:00,194.06,194.065,193.975,193.975,602.0,BURL
2023-12-20 12:38:00,193.925,193.98,193.925,193.98,818.0,BURL
2023-12-20 12:37:00,193.835,193.95,193.75,193.95,5257.0,BURL
2023-12-20 12:36:00,193.835,193.91,193.835,193.835,2400.0,BURL
2023-12-20 12:35:00,193.91,193.94,193.845,193.845,1636.0,BURL
2023-12-20 12:34:00,193.8,193.8,193.76,193.8,1793.0,BURL
2023-12-20 12:33:00,193.825,193.86,193.713,193.805,2477.0,BURL
2023-12-20 12:32:00,194.035,194.035,193.925,193.925,1640.0,BURL
2023-12-20 12:31:00,193.74,194.09,193.74,193.97,4226.0,BURL
2023-12-20 12:30:00,193.77,193.77,193.73,193.735,871.0,BURL
2023-12-20 12:29:00,194.0,194.0,193.86,193.86,4255.0,BURL
2023-12-20 12:28:00,194.01,194.09,193.92,194.0,2097.0,BURL
2023-12-20 12:27:00,194.12,194.15,194.095,194.145,1240.0,BURL
2023-12-20 12:26:00,194.03,194.18,194.03,194.18,699.0,BURL
2023-12-20 12:25:00,194.03,194.09,193.93,194.045,4263.0,BURL
2023-12-20 12:24:00,194.23,194.277,194.12,194.12,4852.0,BURL
2023-12-20 12:23:00,194.175,194.32,194.175,194.32,4165.0,BURL
2023-12-20 12:22:00,194.14,194.175,194.06,194.175,1212.0,BURL
2023-12-20 12:21:00,194.07,194.135,193.995,194.135,1867.0,BURL
2023-12-20 12:20:00,193.995,194.07,193.97,194.04,2837.0,BURL
2023-12-20 12:19:00,193.96,194.06,193.96,193.995,1804.0,BURL
2023-12-20 12:18:00,194.0,194.0,193.92,193.96,6351.0,BURL
2023-12-20 12:17:00,194.07,194.07,194.01,194.04,2343.0,BURL
2023-12-20 12:16:00,193.971,194.13,193.971,194.08,3740.0,BURL
2023-12-20 12:15:00,193.87,194.125,193.87,194.125,2006.0,BURL
2023-12-20 12:14:00,193.79,193.965,193.79,193.965,1427.0,BURL
2023-12-20 12:13:00,193.84,193.85,193.79,193.79,485.0,BURL
2023-12-20 12:12:00,193.755,193.835,193.75,193.835,3623.0,BURL
2023-12-20 12:10:00,193.725,193.88,193.725,193.755,5417.0,BURL
2023-12-20 12:09:00,193.73,193.73,193.675,193.675,621.0,BURL
2023-12-20 12:08:00,193.73,193.73,193.67,193.67,654.0,BURL
2023-12-20 12:07:00,193.61,193.73,193.61,193.67,3781.0,BURL
2023-12-20 12:06:00,193.57,193.67,193.57,193.605,471.0,BURL
2023-12-20 12:05:00,193.605,193.605,193.605,193.605,381.0,BURL
2023-12-20 12:04:00,193.605,193.68,193.605,193.605,1177.0,BURL
2023-12-20 12:03:00,193.68,193.68,193.585,193.585,597.0,BURL
2023-12-20 12:02:00,193.59,193.595,193.59,193.59,1101.0,BURL
2023-12-20 12:01:00,193.59,193.59,193.59,193.59,564.0,BURL
2023-12-20 12:00:00,193.45,193.6,193.42,193.59,2348.0,BURL
2023-12-20 11:59:00,193.395,193.395,193.26,193.36,1165.0,BURL
2023-12-20 11:58:00,193.74,193.855,193.405,193.405,9954.0,BURL
2023-12-20 11:57:00,193.595,193.73,193.595,193.69,5097.0,BURL
2023-12-20 11:56:00,193.595,193.595,193.56,193.56,884.0,BURL
2023-12-20 11:55:00,193.65,193.67,193.53,193.595,8593.0,BURL
2023-12-20 11:54:00,193.55,193.67,193.52,193.62,5048.0,BURL
2023-12-20 11:53:00,193.53,193.615,193.53,193.58,1884.0,BURL
2023-12-20 11:52:00,193.665,193.665,193.6,193.6,1959.0,BURL
2023-12-20 11:51:00,193.6,193.69,193.585,193.665,3377.0,BURL
2023-12-20 11:50:00,193.56,193.595,193.53,193.59,1616.0,BURL
2023-12-20 11:49:00,193.615,193.615,193.52,193.57,4370.0,BURL
2023-12-20 11:48:00,193.61,193.625,193.61,193.615,1121.0,BURL
2023-12-20 11:47:00,193.58,193.67,193.57,193.67,3329.0,BURL
2023-12-20 11:46:00,193.3,193.573,193.3,193.51,2030.0,BURL
2023-12-20 11:45:00,193.39,193.39,193.3,193.39,1223.0,BURL
2023-12-20 11:44:00,193.395,193.47,193.29,193.395,950.0,BURL
2023-12-20 11:43:00,193.5,193.5,193.395,193.395,1141.0,BURL
2023-12-20 11:42:00,193.555,193.555,193.375,193.375,2383.0,BURL
2023-12-20 11:41:00,193.555,193.555,193.555,193.555,282.0,BURL
2023-12-20 11:40:00,193.56,193.685,193.52,193.555,1802.0,BURL
2023-12-20 11:39:00,193.67,193.685,193.67,193.685,1479.0,BURL
2023-12-20 11:38:00,193.62,193.72,193.585,193.72,2150.0,BURL
2023-12-20 11:37:00,194.045,194.045,193.71,193.71,4376.0,BURL
2023-12-20 11:36:00,194.02,194.06,194.02,194.045,685.0,BURL
2023-12-20 11:35:00,193.84,194.02,193.84,194.02,3580.0,BURL
2023-12-20 11:34:00,193.83,193.85,193.83,193.85,749.0,BURL
2023-12-20 11:33:00,193.83,193.86,193.75,193.83,2331.0,BURL
2023-12-20 11:32:00,193.85,193.85,193.75,193.825,3077.0,BURL
2023-12-20 11:31:00,193.74,193.85,193.68,193.81,5792.0,BURL
2023-12-20 11:30:00,193.77,193.77,193.68,193.74,3921.0,BURL
2023-12-20 11:29:00,193.77,193.77,193.77,193.77,262.0,BURL
2023-12-20 11:28:00,194.06,194.1,193.86,193.86,2034.0,BURL
2023-12-20 11:27:00,194.07,194.12,194.01,194.045,2322.0,BURL
2023-12-20 11:26:00,193.98,193.98,193.97,193.97,945.0,BURL
2023-12-20 11:25:00,194.08,194.08,194.08,194.08,238.0,BURL
2023-12-20 11:24:00,193.98,193.98,193.975,193.98,1214.0,BURL
2023-12-20 11:23:00,193.99,193.99,193.98,193.98,985.0,BURL
2023-12-20 11:22:00,193.92,194.09,193.895,194.04,4957.0,BURL
2023-12-20 11:21:00,193.93,193.93,193.93,193.93,442.0,BURL
2023-12-20 11:20:00,194.01,194.02,193.96,193.96,1268.0,BURL
2023-12-20 11:19:00,193.97,193.97,193.95,193.95,1492.0,BURL
2023-12-20 11:18:00,194.015,194.015,193.98,193.98,603.0,BURL
2023-12-20 11:17:00,194.225,194.23,194.0,194.015,4274.0,BURL
2023-12-20 11:16:00,194.24,194.35,194.15,194.15,3867.0,BURL
2023-12-20 11:15:00,194.085,194.3,194.085,194.3,2788.0,BURL
2023-12-20 11:14:00,194.01,194.15,194.01,194.085,2890.0,BURL
2023-12-20 11:13:00,193.945,193.945,193.9,193.945,1719.0,BURL
2023-12-20 11:12:00,194.05,194.11,193.89,193.96,12964.0,BURL
2023-12-20 11:11:00,193.99,194.09,193.945,194.06,2828.0,BURL
2023-12-20 11:10:00,193.84,193.97,193.84,193.97,2882.0,BURL
2023-12-20 11:09:00,193.81,193.85,193.64,193.775,11073.0,BURL
2023-12-20 11:08:00,193.75,193.82,193.663,193.662,1892.0,BURL
2023-12-20 11:07:00,193.68,193.7,193.62,193.69,1591.0,BURL
2023-12-20 11:06:00,193.56,193.585,193.56,193.575,1732.0,BURL
2023-12-20 11:05:00,193.475,193.56,193.465,193.56,2235.0,BURL
2023-12-20 11:04:00,193.48,193.53,193.475,193.475,1795.0,BURL
2023-12-20 11:03:00,193.785,193.83,193.52,193.55,10373.0,BURL
2023-12-20 11:02:00,193.555,193.685,193.52,193.685,4125.0,BURL
2023-12-20 11:01:00,193.475,193.585,193.475,193.585,3648.0,BURL
2023-12-20 11:00:00,193.39,193.52,193.39,193.52,1351.0,BURL
2023-12-20 10:59:00,193.23,193.48,193.23,193.48,4097.0,BURL
2023-12-20 10:58:00,193.33,193.33,193.14,193.23,18602.0,BURL
2023-12-20 10:57:00,193.145,193.27,193.145,193.235,1606.0,BURL
2023-12-20 10:56:00,193.03,193.21,193.025,193.21,2505.0,BURL
2023-12-20 10:55:00,193.03,193.16,193.0,193.025,3255.0,BURL
2023-12-20 10:54:00,193.045,193.045,193.04,193.04,993.0,BURL
2023-12-20 10:53:00,193.175,193.175,193.045,193.045,4999.0,BURL
2023-12-20 10:52:00,193.355,193.355,193.175,193.175,8834.0,BURL
2023-12-20 10:51:00,193.405,193.405,193.13,193.39,7610.0,BURL
2023-12-20 10:50:00,193.4,193.47,193.33,193.405,5372.0,BURL
2023-12-20 10:49:00,193.3,193.44,193.25,193.425,5426.0,BURL
2023-12-20 10:48:00,193.38,193.38,193.25,193.26,5092.0,BURL
2023-12-20 10:47:00,193.48,193.485,193.38,193.46,1477.0,BURL
2023-12-20 10:46:00,193.235,193.36,193.12,193.34,3344.0,BURL
2023-12-20 10:45:00,193.225,193.235,193.225,193.235,1976.0,BURL
2023-12-20 10:44:00,193.1,193.35,193.01,193.35,7438.0,BURL
2023-12-20 10:43:00,193.02,193.15,193.02,193.14,3484.0,BURL
2023-12-20 10:42:00,193.21,193.21,193.13,193.15,4012.0,BURL
2023-12-20 10:41:00,193.765,193.765,193.27,193.41,6209.0,BURL
2023-12-20 10:40:00,193.84,193.91,193.655,193.75,5928.0,BURL
2023-12-20 10:39:00,193.78,193.99,193.78,193.97,4993.0,BURL
2023-12-20 10:38:00,193.71,193.8,193.645,193.75,8167.0,BURL
2023-12-20 10:37:00,193.86,193.86,193.86,193.86,436.0,BURL
2023-12-20 10:36:00,193.52,193.911,193.52,193.79,6172.0,BURL
2023-12-20 10:35:00,193.48,193.66,193.363,193.53,2194.0,BURL
2023-12-20 10:34:00,193.69,193.69,193.485,193.485,3669.0,BURL
2023-12-20 10:33:00,193.71,193.87,193.685,193.69,4751.0,BURL
2023-12-20 10:32:00,193.55,193.705,193.55,193.645,4560.0,BURL
2023-12-20 10:31:00,193.67,193.67,193.62,193.63,3162.0,BURL
2023-12-20 10:30:00,193.32,193.67,193.32,193.67,5999.0,BURL
2023-12-20 10:29:00,193.19,193.35,193.19,193.33,2152.0,BURL
2023-12-20 10:28:00,193.205,193.285,193.08,193.13,3611.0,BURL
2023-12-20 10:27:00,193.13,193.28,193.12,193.28,3101.0,BURL
2023-12-20 10:26:00,193.165,193.17,193.03,193.155,3350.0,BURL
2023-12-20 10:25:00,193.17,193.17,193.17,193.17,999.0,BURL
2023-12-20 10:24:00,193.29,193.29,192.92,193.25,6114.0,BURL
2023-12-20 10:23:00,193.98,194.0,193.42,193.43,4130.0,BURL
2023-12-20 10:22:00,193.775,193.93,193.775,193.93,2415.0,BURL
2023-12-20 10:21:00,193.72,193.915,193.71,193.915,2175.0,BURL
2023-12-20 10:20:00,193.71,193.85,193.71,193.85,653.0,BURL
2023-12-20 10:19:00,193.8,193.8,193.69,193.7,813.0,BURL
2023-12-20 10:18:00,194.13,194.135,193.92,193.92,5237.0,BURL
2023-12-20 10:17:00,193.85,194.18,193.85,194.165,5516.0,BURL
2023-12-20 10:16:00,193.84,193.9,193.77,193.9,2017.0,BURL
2023-12-20 10:15:00,193.715,193.85,193.45,193.73,3447.0,BURL
2023-12-20 10:14:00,194.15,194.16,193.725,193.725,10058.0,BURL
2023-12-20 10:13:00,193.97,194.145,193.97,194.145,3332.0,BURL
2023-12-20 10:12:00,194.02,194.075,193.9,194.06,5826.0,BURL
2023-12-20 10:11:00,193.965,194.02,193.915,194.02,2008.0,BURL
2023-12-20 10:10:00,194.03,194.03,193.77,193.98,4396.0,BURL
2023-12-20 10:09:00,193.67,194.015,193.57,194.015,6912.0,BURL
2023-12-20 10:08:00,193.58,193.72,193.49,193.71,3880.0,BURL
2023-12-20 10:07:00,193.24,193.61,193.08,193.53,7485.0,BURL
2023-12-20 10:06:00,193.63,193.73,193.09,193.09,10239.0,BURL
2023-12-20 10:05:00,193.41,193.625,193.41,193.55,3729.0,BURL
2023-12-20 10:04:00,193.28,193.4,193.14,193.4,4569.0,BURL
2023-12-20 10:03:00,193.49,193.5,193.188,193.188,4266.0,BURL
2023-12-20 10:02:00,193.71,193.75,193.34,193.42,8408.0,BURL
2023-12-20 10:01:00,193.47,193.58,192.93,193.58,13366.0,BURL
2023-12-20 10:00:00,192.99,193.52,192.92,193.48,8096.0,BURL
2023-12-20 09:59:00,192.47,192.93,192.47,192.93,3065.0,BURL
2023-12-20 09:58:00,192.3,192.63,192.235,192.63,2479.0,BURL
2023-12-20 09:57:00,192.1,192.33,191.92,192.33,5732.0,BURL
2023-12-20 09:56:00,192.08,192.14,191.93,192.015,1195.0,BURL
2023-12-20 09:55:00,191.75,192.12,191.645,192.02,3762.0,BURL
2023-12-20 09:54:00,191.58,191.595,191.56,191.59,3140.0,BURL
2023-12-20 09:53:00,191.985,191.985,191.75,191.75,2277.0,BURL
2023-12-20 09:52:00,192.56,192.56,191.86,192.06,6483.0,BURL
2023-12-20 09:51:00,192.44,192.5,192.23,192.47,4805.0,BURL
2023-12-20 09:50:00,192.28,192.416,192.1,192.415,2257.0,BURL
2023-12-20 09:49:00,191.84,192.33,191.84,192.32,3283.0,BURL
2023-12-20 09:48:00,192.466,192.465,191.77,191.805,3399.0,BURL
2023-12-20 09:47:00,192.24,192.46,192.21,192.46,1415.0,BURL
2023-12-20 09:46:00,192.03,192.25,192.005,192.25,2467.0,BURL
2023-12-20 09:45:00,191.75,191.99,191.75,191.99,839.0,BURL
2023-12-20 09:44:00,191.38,192.2,191.23,191.835,10826.0,BURL
2023-12-20 09:43:00,191.865,191.865,191.49,191.66,529.0,BURL
2023-12-20 09:42:00,191.56,191.79,191.43,191.45,911.0,BURL
2023-12-20 09:41:00,192.165,192.3,191.815,191.885,2221.0,BURL
2023-12-20 09:40:00,191.973,192.39,191.925,192.39,3006.0,BURL
2023-12-20 09:39:00,191.99,192.17,191.77,192.17,2425.0,BURL
2023-12-20 09:38:00,192.105,192.38,191.615,192.17,15930.0,BURL
2023-12-20 09:37:00,191.39,192.23,191.04,192.21,7989.0,BURL
2023-12-20 09:36:00,190.965,191.355,190.63,191.12,5214.0,BURL
2023-12-20 09:35:00,189.98,190.98,189.775,190.95,4925.0,BURL
2023-12-20 09:34:00,189.92,190.14,189.4,189.695,12806.0,BURL
2023-12-20 09:33:00,188.655,189.87,188.655,189.87,10396.0,BURL
2023-12-20 09:32:00,188.8,189.37,188.32,188.63,4382.0,BURL
2023-12-20 09:31:00,188.045,189.39,188.01,189.365,3960.0,BURL
2023-12-20 09:30:00,186.46,188.06,186.46,188.06,12519.0,BURL
2023-12-20 09:24:00,187.77,187.77,187.77,187.77,1.0,BURL
2023-12-20 09:11:00,186.71,186.71,186.7,186.7,20.0,BURL
2023-12-20 08:50:00,186.76,186.77,186.76,186.77,25.0,BURL
2023-12-20 08:42:00,186.77,186.77,186.77,186.77,20.0,BURL
2023-12-20 08:30:00,186.77,186.77,186.77,186.77,1.0,BURL
2023-12-20 08:15:00,185.43,185.43,185.43,185.43,1.0,BURL
2023-12-19 19:45:00,186.63,186.63,186.63,186.63,1.0,BURL
2023-12-19 19:00:00,186.64,186.64,186.64,186.64,126596.0,BURL
2023-12-19 18:30:00,186.64,186.64,186.64,186.64,126596.0,BURL
2023-12-19 16:28:00,186.64,186.64,186.64,186.64,3.0,BURL
2023-12-19 16:10:00,186.64,186.64,186.64,186.64,126596.0,BURL
2023-12-19 16:02:00,186.64,186.64,186.64,186.64,135.0,BURL
2023-12-19 16:01:00,186.64,186.64,186.64,186.64,122.0,BURL
2023-12-19 16:00:00,186.63,186.68,186.63,186.64,261683.0,BURL
2023-12-19 15:59:00,187.06,187.14,186.61,186.63,46499.0,BURL
2023-12-19 15:58:00,187.02,187.06,186.985,187.04,15843.0,BURL
2023-12-19 15:57:00,186.97,187.01,186.91,187.01,15926.0,BURL
2023-12-19 15:56:00,186.87,187.02,186.865,187.017,14305.0,BURL
2023-12-19 15:55:00,186.83,186.91,186.805,186.879,11482.0,BURL
2023-12-19 15:54:00,186.88,186.91,186.74,186.79,9800.0,BURL
2023-12-19 15:53:00,186.92,186.93,186.83,186.91,7638.0,BURL
2023-12-19 15:52:00,186.68,186.9,186.67,186.9,6236.0,BURL
2023-12-19 15:51:00,186.67,186.7,186.59,186.68,7385.0,BURL
2023-12-19 15:50:00,186.71,186.71,186.615,186.68,10493.0,BURL
2023-12-19 15:49:00,186.86,186.87,186.73,186.78,4659.0,BURL
2023-12-19 15:48:00,186.875,186.88,186.82,186.88,7696.0,BURL
2023-12-19 15:47:00,186.895,186.96,186.85,186.865,4478.0,BURL
2023-12-19 15:46:00,186.87,186.955,186.87,186.9,4401.0,BURL
2023-12-19 15:45:00,186.865,186.87,186.81,186.87,2910.0,BURL
2023-12-19 15:44:00,186.885,186.91,186.84,186.84,6864.0,BURL
2023-12-19 15:43:00,186.86,186.87,186.85,186.85,1187.0,BURL
2023-12-19 15:42:00,186.805,186.82,186.78,186.82,1354.0,BURL
2023-12-19 15:41:00,186.79,186.81,186.77,186.805,1513.0,BURL
2023-12-19 15:40:00,186.73,186.76,186.73,186.76,1130.0,BURL
2023-12-19 15:39:00,186.71,186.76,186.67,186.73,2261.0,BURL
2023-12-19 15:38:00,186.69,186.72,186.645,186.645,2730.0,BURL
2023-12-19 15:37:00,186.57,186.71,186.57,186.69,4699.0,BURL
2023-12-19 15:36:00,186.51,186.58,186.51,186.57,1158.0,BURL
2023-12-19 15:35:00,186.56,186.56,186.515,186.53,1320.0,BURL
2023-12-19 15:34:00,186.59,186.59,186.573,186.572,873.0,BURL
2023-12-19 15:33:00,186.495,186.65,186.495,186.54,3182.0,BURL
2023-12-19 15:32:00,186.44,186.51,186.43,186.49,3100.0,BURL
2023-12-19 15:31:00,186.61,186.61,186.49,186.49,2358.0,BURL
2023-12-19 15:30:00,186.61,186.65,186.61,186.61,1394.0,BURL
2023-12-19 15:29:00,186.39,186.6,186.39,186.6,2906.0,BURL
2023-12-19 15:28:00,186.29,186.38,186.23,186.38,5016.0,BURL
2023-12-19 15:27:00,186.3,186.3,186.245,186.29,1795.0,BURL
2023-12-19 15:26:00,186.36,186.36,186.36,186.36,179.0,BURL
2023-12-19 15:25:00,186.37,186.41,186.32,186.41,1777.0,BURL
2023-12-19 15:24:00,186.37,186.41,186.37,186.41,627.0,BURL
2023-12-19 15:23:00,186.41,186.41,186.38,186.41,3057.0,BURL
2023-12-19 15:22:00,186.38,186.38,186.375,186.375,231.0,BURL
2023-12-19 15:21:00,186.4,186.45,186.4,186.45,1029.0,BURL
2023-12-19 15:20:00,186.42,186.42,186.35,186.35,1971.0,BURL
2023-12-19 15:19:00,186.42,186.44,186.41,186.44,1868.0,BURL
2023-12-19 15:18:00,186.25,186.42,186.25,186.41,3104.0,BURL
2023-12-19 15:17:00,186.34,186.34,186.24,186.24,2359.0,BURL
2023-12-19 15:15:00,186.37,186.39,186.365,186.365,637.0,BURL
2023-12-19 15:12:00,186.39,186.39,186.39,186.39,321.0,BURL
2023-12-19 15:11:00,186.39,186.43,186.36,186.42,1432.0,BURL
2023-12-19 15:10:00,186.32,186.4,186.31,186.4,1244.0,BURL
2023-12-19 15:09:00,186.25,186.31,186.25,186.31,918.0,BURL
2023-12-19 15:08:00,186.26,186.3,186.23,186.23,3575.0,BURL
2023-12-19 15:07:00,186.22,186.25,186.19,186.25,1060.0,BURL
2023-12-19 15:06:00,186.24,186.25,186.24,186.25,467.0,BURL
2023-12-19 15:05:00,186.205,186.205,186.14,186.16,2135.0,BURL
2023-12-19 15:04:00,186.235,186.26,186.2,186.2,2301.0,BURL
2023-12-19 15:02:00,186.205,186.205,186.205,186.205,118.0,BURL
2023-12-19 15:01:00,186.17,186.17,186.17,186.17,176.0,BURL
2023-12-19 15:00:00,186.155,186.155,186.155,186.155,192.0,BURL
2023-12-19 14:59:00,186.11,186.155,186.1,186.155,2992.0,BURL
2023-12-19 14:58:00,186.05,186.08,186.05,186.08,764.0,BURL
2023-12-19 14:57:00,186.09,186.09,186.03,186.03,888.0,BURL
2023-12-19 14:55:00,186.1,186.1,186.1,186.1,635.0,BURL
2023-12-19 14:54:00,186.17,186.21,186.11,186.11,993.0,BURL
2023-12-19 14:53:00,186.18,186.2,186.18,186.2,808.0,BURL
2023-12-19 14:52:00,186.1,186.1,186.1,186.1,138.0,BURL
2023-12-19 14:51:00,186.14,186.14,186.14,186.14,182.0,BURL
2023-12-19 14:50:00,186.225,186.225,186.065,186.08,2485.0,BURL
2023-12-19 14:49:00,186.24,186.24,186.24,186.24,328.0,BURL
2023-12-19 14:47:00,186.35,186.35,186.15,186.225,2146.0,BURL
2023-12-19 14:46:00,186.31,186.31,186.31,186.31,262.0,BURL
2023-12-19 14:45:00,186.29,186.29,186.26,186.26,769.0,BURL
2023-12-19 14:44:00,186.345,186.345,186.345,186.345,177.0,BURL
2023-12-19 14:43:00,186.37,186.37,186.37,186.37,155.0,BURL
2023-12-19 14:42:00,186.3,186.36,186.29,186.36,898.0,BURL
2023-12-19 14:41:00,186.235,186.235,186.235,186.235,125.0,BURL
2023-12-19 14:40:00,186.18,186.28,186.18,186.22,3277.0,BURL
2023-12-19 14:39:00,186.233,186.232,186.23,186.23,358.0,BURL
2023-12-19 14:38:00,186.22,186.23,186.22,186.23,785.0,BURL
2023-12-19 14:37:00,186.2,186.26,186.2,186.2,2113.0,BURL
2023-12-19 14:36:00,186.23,186.245,186.19,186.245,1885.0,BURL
2023-12-19 14:35:00,186.23,186.23,186.19,186.19,528.0,BURL
2023-12-19 14:34:00,186.34,186.35,186.34,186.35,694.0,BURL
2023-12-19 14:32:00,186.255,186.255,186.255,186.255,551.0,BURL
2023-12-19 14:31:00,186.41,186.41,186.18,186.18,2807.0,BURL
2023-12-19 14:30:00,186.385,186.385,186.385,186.385,120.0,BURL
2023-12-19 14:29:00,186.34,186.34,186.34,186.34,145.0,BURL
2023-12-19 14:28:00,186.38,186.38,186.38,186.38,263.0,BURL
2023-12-19 14:27:00,186.53,186.53,186.38,186.38,981.0,BURL
2023-12-19 14:22:00,186.49,186.57,186.48,186.48,2088.0,BURL
2023-12-19 14:21:00,186.4,186.43,186.38,186.43,457.0,BURL
2023-12-19 14:20:00,186.235,186.44,186.19,186.44,5303.0,BURL
2023-12-19 14:19:00,186.23,186.26,186.22,186.24,1473.0,BURL
2023-12-19 14:18:00,186.18,186.2,186.145,186.2,1322.0,BURL
2023-12-19 14:17:00,186.19,186.2,186.13,186.16,2394.0,BURL
2023-12-19 14:16:00,186.27,186.28,186.23,186.26,1091.0,BURL
2023-12-19 14:14:00,186.25,186.255,186.24,186.255,1167.0,BURL
2023-12-19 14:12:00,186.31,186.31,186.31,186.31,114.0,BURL
2023-12-19 14:11:00,186.39,186.43,186.32,186.32,3685.0,BURL
2023-12-19 14:10:00,186.277,186.37,186.277,186.37,887.0,BURL
2023-12-19 14:09:00,186.3,186.365,186.3,186.31,1889.0,BURL
2023-12-19 14:07:00,186.39,186.39,186.39,186.39,116.0,BURL
2023-12-19 14:06:00,186.33,186.38,186.33,186.35,1864.0,BURL
2023-12-19 14:05:00,186.228,186.228,186.228,186.228,470.0,BURL
2023-12-19 14:03:00,186.3,186.3,186.3,186.3,113.0,BURL
2023-12-19 14:02:00,186.25,186.25,186.25,186.25,519.0,BURL
2023-12-19 13:59:00,186.22,186.28,186.22,186.24,1121.0,BURL
2023-12-19 13:58:00,186.23,186.23,186.16,186.2,1819.0,BURL
2023-12-19 13:57:00,186.255,186.255,186.255,186.255,157.0,BURL
2023-12-19 13:56:00,186.23,186.23,186.21,186.23,527.0,BURL
2023-12-19 13:55:00,186.108,186.108,186.108,186.108,572.0,BURL
2023-12-19 13:54:00,186.16,186.16,186.16,186.16,877.0,BURL
2023-12-19 13:53:00,186.2,186.2,186.2,186.2,486.0,BURL
2023-12-19 13:52:00,186.19,186.24,186.19,186.24,2273.0,BURL
2023-12-19 13:51:00,186.14,186.18,186.07,186.11,1912.0,BURL
2023-12-19 13:48:00,186.25,186.25,186.25,186.25,275.0,BURL
2023-12-19 13:47:00,186.22,186.23,186.19,186.23,709.0,BURL
2023-12-19 13:44:00,186.23,186.23,186.23,186.23,223.0,BURL
2023-12-19 13:42:00,186.26,186.26,186.26,186.26,194.0,BURL
2023-12-19 13:39:00,186.22,186.24,186.22,186.24,272.0,BURL
2023-12-19 13:38:00,186.11,186.11,186.11,186.11,127.0,BURL
2023-12-19 13:37:00,186.19,186.245,186.1,186.1,1473.0,BURL
2023-12-19 13:36:00,186.17,186.28,186.16,186.28,1220.0,BURL
2023-12-19 13:35:00,186.12,186.12,186.12,186.12,110.0,BURL
2023-12-19 13:34:00,186.08,186.11,186.08,186.11,994.0,BURL
2023-12-19 13:33:00,186.08,186.1,186.0,186.05,1736.0,BURL
2023-12-19 13:31:00,186.21,186.21,186.17,186.17,795.0,BURL
2023-12-19 13:30:00,186.28,186.3,186.28,186.3,404.0,BURL
2023-12-19 13:28:00,186.19,186.19,186.03,186.13,3755.0,BURL
2023-12-19 13:24:00,186.18,186.18,186.18,186.18,370.0,BURL
2023-12-19 13:23:00,186.15,186.15,186.08,186.105,1339.0,BURL
2023-12-19 13:21:00,186.14,186.18,186.14,186.18,771.0,BURL
2023-12-19 13:20:00,186.015,186.015,186.015,186.015,130.0,BURL
2023-12-19 13:18:00,186.06,186.06,186.06,186.06,704.0,BURL
2023-12-19 13:17:00,186.19,186.2,186.19,186.2,495.0,BURL
2023-12-19 13:16:00,186.23,186.23,186.23,186.23,418.0,BURL
2023-12-19 13:15:00,186.2,186.2,186.2,186.2,1025.0,BURL
2023-12-19 13:14:00,186.12,186.12,186.12,186.12,206.0,BURL
2023-12-19 13:13:00,186.21,186.21,186.135,186.135,689.0,BURL
2023-12-19 13:12:00,186.21,186.21,186.21,186.21,106.0,BURL
2023-12-19 13:11:00,186.14,186.2,186.14,186.2,1032.0,BURL
2023-12-19 13:10:00,186.18,186.18,186.055,186.055,2432.0,BURL
2023-12-19 13:09:00,186.3,186.3,186.26,186.26,758.0,BURL
2023-12-19 13:08:00,186.215,186.215,186.215,186.215,219.0,BURL
2023-12-19 13:07:00,186.35,186.35,186.22,186.22,1889.0,BURL
2023-12-19 13:06:00,186.435,186.435,186.435,186.435,152.0,BURL
2023-12-19 13:04:00,186.37,186.37,186.37,186.37,203.0,BURL
2023-12-19 13:03:00,186.34,186.39,186.28,186.39,778.0,BURL
2023-12-19 13:01:00,186.28,186.28,186.28,186.28,159.0,BURL
2023-12-19 13:00:00,186.32,186.32,186.32,186.32,100.0,BURL
2023-12-19 12:59:00,186.29,186.29,186.28,186.29,365.0,BURL
2023-12-19 12:58:00,186.215,186.215,186.215,186.215,528.0,BURL
2023-12-19 12:57:00,186.185,186.27,186.185,186.27,1165.0,BURL
2023-12-19 12:55:00,186.29,186.29,186.275,186.275,683.0,BURL
2023-12-19 12:53:00,186.33,186.33,186.17,186.33,1638.0,BURL
2023-12-19 12:52:00,186.355,186.355,186.355,186.355,584.0,BURL
2023-12-19 12:50:00,186.35,186.35,186.35,186.35,107.0,BURL
2023-12-19 12:49:00,186.32,186.32,186.32,186.32,348.0,BURL
2023-12-19 12:48:00,186.24,186.335,186.24,186.24,1289.0,BURL
2023-12-19 12:47:00,186.29,186.4,186.29,186.38,1545.0,BURL
2023-12-19 12:46:00,186.32,186.39,186.22,186.24,2642.0,BURL
2023-12-19 12:40:00,186.21,186.21,186.21,186.21,112.0,BURL
2023-12-19 12:39:00,186.105,186.28,186.105,186.28,440.0,BURL
2023-12-19 12:38:00,186.12,186.12,186.09,186.09,931.0,BURL
2023-12-19 12:37:00,186.24,186.24,186.24,186.24,424.0,BURL
2023-12-19 12:35:00,186.2,186.2,186.2,186.2,304.0,BURL
2023-12-19 12:34:00,186.14,186.16,186.14,186.16,457.0,BURL
2023-12-19 12:33:00,186.03,186.08,186.03,186.08,855.0,BURL
2023-12-19 12:32:00,185.87,186.0,185.87,185.915,4635.0,BURL
2023-12-19 12:31:00,185.93,185.96,185.93,185.96,967.0,BURL
2023-12-19 12:30:00,185.71,185.87,185.71,185.835,1763.0,BURL
2023-12-19 12:29:00,185.625,185.69,185.62,185.63,2358.0,BURL
2023-12-19 12:28:00,185.61,185.64,185.61,185.64,442.0,BURL
2023-12-19 12:27:00,185.53,185.61,185.53,185.61,2447.0,BURL
2023-12-19 12:24:00,185.385,185.525,185.385,185.525,773.0,BURL
2023-12-19 12:22:00,185.31,185.31,185.2,185.28,924.0,BURL
2023-12-19 12:21:00,185.42,185.42,185.39,185.41,686.0,BURL
2023-12-19 12:20:00,185.37,185.43,185.31,185.43,772.0,BURL
2023-12-19 12:17:00,185.48,185.48,185.43,185.43,633.0,BURL
2023-12-19 12:16:00,185.375,185.375,185.34,185.34,499.0,BURL
2023-12-19 12:15:00,185.64,185.64,185.375,185.375,1724.0,BURL
2023-12-19 12:14:00,185.705,185.705,185.61,185.62,1007.0,BURL
2023-12-19 12:13:00,185.74,185.74,185.725,185.725,581.0,BURL
2023-12-19 12:12:00,185.85,185.86,185.85,185.86,313.0,BURL
2023-12-19 12:09:00,185.855,185.855,185.85,185.85,510.0,BURL
2023-12-19 12:08:00,185.97,185.97,185.9,185.9,515.0,BURL
2023-12-19 12:07:00,185.72,185.9,185.64,185.9,2351.0,BURL
2023-12-19 12:06:00,185.73,185.73,185.635,185.635,1632.0,BURL
2023-12-19 12:05:00,185.7,185.7,185.7,185.7,103.0,BURL
2023-12-19 12:04:00,185.72,185.74,185.72,185.74,401.0,BURL
2023-12-19 12:02:00,185.59,185.74,185.53,185.74,1713.0,BURL
2023-12-19 12:01:00,185.49,185.49,185.49,185.49,187.0,BURL
2023-12-19 11:59:00,185.66,185.66,185.515,185.515,814.0,BURL
2023-12-19 11:58:00,185.66,185.66,185.66,185.66,661.0,BURL
2023-12-19 11:57:00,185.74,185.9,185.74,185.9,1388.0,BURL
2023-12-19 11:56:00,185.77,185.77,185.75,185.75,343.0,BURL
2023-12-19 11:54:00,185.69,185.73,185.69,185.73,276.0,BURL
2023-12-19 11:53:00,185.73,185.73,185.68,185.68,1120.0,BURL
2023-12-19 11:52:00,185.82,185.89,185.74,185.84,2167.0,BURL
2023-12-19 11:51:00,185.84,185.88,185.815,185.88,639.0,BURL
2023-12-19 11:50:00,185.89,185.89,185.89,185.89,537.0,BURL
2023-12-19 11:49:00,186.02,186.02,186.02,186.02,386.0,BURL
2023-12-19 11:46:00,186.045,186.045,186.045,186.045,122.0,BURL
2023-12-19 11:44:00,185.95,186.02,185.95,186.02,406.0,BURL
2023-12-19 11:42:00,185.895,185.945,185.895,185.945,624.0,BURL
2023-12-19 11:41:00,185.955,185.955,185.905,185.905,673.0,BURL
2023-12-19 11:40:00,186.09,186.09,186.09,186.09,146.0,BURL
2023-12-19 11:36:00,186.03,186.03,186.03,186.03,403.0,BURL
2023-12-19 11:34:00,186.07,186.095,186.07,186.095,1098.0,BURL
2023-12-19 11:33:00,186.12,186.18,186.12,186.145,1063.0,BURL
2023-12-19 11:32:00,185.98,186.17,185.98,185.99,2145.0,BURL
2023-12-19 11:31:00,185.945,185.945,185.88,185.9,1011.0,BURL
2023-12-19 11:28:00,185.9,185.97,185.89,185.94,939.0,BURL
2023-12-19 11:27:00,185.855,185.855,185.855,185.855,167.0,BURL
2023-12-19 11:26:00,185.89,185.89,185.89,185.89,321.0,BURL
2023-12-19 11:25:00,185.85,185.85,185.84,185.84,1333.0,BURL
2023-12-19 11:24:00,186.15,186.15,185.965,185.965,1753.0,BURL
2023-12-19 11:22:00,186.375,186.375,186.25,186.25,1080.0,BURL
2023-12-19 11:20:00,186.56,186.56,186.56,186.56,101.0,BURL
2023-12-19 11:19:00,186.56,186.58,186.56,186.56,927.0,BURL
2023-12-19 11:17:00,186.41,186.74,186.41,186.74,3320.0,BURL
2023-12-19 11:16:00,186.64,186.69,186.38,186.38,1915.0,BURL
2023-12-19 11:15:00,186.52,186.57,186.52,186.57,549.0,BURL
2023-12-19 11:14:00,186.35,186.47,186.35,186.47,1327.0,BURL
2023-12-19 11:13:00,186.25,186.25,186.25,186.25,225.0,BURL
2023-12-19 11:12:00,186.325,186.325,186.23,186.23,923.0,BURL
2023-12-19 11:10:00,186.33,186.34,186.22,186.245,1891.0,BURL
2023-12-19 11:09:00,186.31,186.32,186.31,186.32,424.0,BURL
2023-12-19 11:08:00,186.04,186.25,186.04,186.25,2334.0,BURL
2023-12-19 11:07:00,185.97,186.05,185.97,186.05,1079.0,BURL
2023-12-19 11:06:00,185.98,186.01,185.98,186.01,847.0,BURL
2023-12-19 11:05:00,186.01,186.01,186.0,186.0,1711.0,BURL
2023-12-19 11:03:00,185.95,186.02,185.95,186.02,626.0,BURL
2023-12-19 11:02:00,185.93,185.93,185.93,185.93,439.0,BURL
2023-12-19 11:01:00,186.0,186.0,185.86,185.86,1585.0,BURL
2023-12-19 11:00:00,186.07,186.07,186.07,186.07,159.0,BURL
2023-12-19 10:58:00,186.065,186.11,186.065,186.11,211.0,BURL
2023-12-19 10:57:00,186.205,186.205,186.08,186.08,1288.0,BURL
2023-12-19 10:56:00,186.28,186.29,186.195,186.195,302.0,BURL
2023-12-19 10:55:00,186.065,186.29,186.031,186.29,1347.0,BURL
2023-12-19 10:54:00,186.06,186.14,186.05,186.14,1585.0,BURL
2023-12-19 10:53:00,186.065,186.065,186.065,186.065,120.0,BURL
2023-12-19 10:52:00,186.05,186.08,186.05,186.08,624.0,BURL
2023-12-19 10:50:00,186.0,186.02,185.915,185.915,622.0,BURL
2023-12-19 10:49:00,185.91,186.02,185.91,186.02,285.0,BURL
2023-12-19 10:48:00,186.07,186.07,185.905,185.905,1797.0,BURL
2023-12-19 10:47:00,186.29,186.29,186.29,186.29,227.0,BURL
2023-12-19 10:45:00,186.16,186.16,186.16,186.16,655.0,BURL
2023-12-19 10:44:00,186.06,186.06,185.97,185.97,480.0,BURL
2023-12-19 10:43:00,186.16,186.17,186.02,186.06,1245.0,BURL
2023-12-19 10:42:00,186.41,186.46,186.275,186.31,1889.0,BURL
2023-12-19 10:41:00,186.4,186.4,186.308,186.308,845.0,BURL
2023-12-19 10:40:00,186.25,186.33,186.24,186.28,1404.0,BURL
2023-12-19 10:39:00,186.31,186.4,186.21,186.38,697.0,BURL
2023-12-19 10:38:00,185.94,186.39,185.88,186.39,4498.0,BURL
2023-12-19 10:37:00,185.78,185.78,185.78,185.78,191.0,BURL
2023-12-19 10:36:00,185.73,185.73,185.71,185.72,1671.0,BURL
2023-12-19 10:34:00,185.83,185.845,185.67,185.845,2865.0,BURL
2023-12-19 10:33:00,185.88,185.9,185.88,185.9,1195.0,BURL
2023-12-19 10:32:00,185.605,185.74,185.605,185.74,1298.0,BURL
2023-12-19 10:31:00,185.6,185.615,185.6,185.615,790.0,BURL
2023-12-19 10:30:00,185.61,185.61,185.47,185.47,2732.0,BURL
2023-12-19 10:29:00,185.73,185.73,185.665,185.665,744.0,BURL
2023-12-19 10:28:00,185.655,185.655,185.58,185.58,377.0,BURL
2023-12-19 10:27:00,185.64,185.64,185.64,185.64,214.0,BURL
2023-12-19 10:26:00,185.64,185.74,185.64,185.74,993.0,BURL
2023-12-19 10:25:00,185.55,185.73,185.39,185.64,5572.0,BURL
2023-12-19 10:24:00,185.64,185.71,185.51,185.51,2849.0,BURL
2023-12-19 10:23:00,186.09,186.09,185.42,185.42,5011.0,BURL
2023-12-19 10:22:00,185.93,185.99,185.848,185.99,1679.0,BURL
2023-12-19 10:21:00,185.9,185.9,185.855,185.855,545.0,BURL
2023-12-19 10:20:00,185.86,185.86,185.76,185.76,511.0,BURL
2023-12-19 10:19:00,185.81,185.89,185.81,185.89,1383.0,BURL
2023-12-19 10:18:00,185.65,185.75,185.52,185.72,2037.0,BURL
2023-12-19 10:17:00,185.77,185.77,185.77,185.77,334.0,BURL
2023-12-19 10:16:00,185.23,185.74,185.23,185.74,5338.0,BURL
2023-12-19 10:15:00,185.305,185.34,185.305,185.34,404.0,BURL
2023-12-19 10:14:00,185.38,185.385,185.24,185.25,1376.0,BURL
2023-12-19 10:13:00,185.475,185.475,185.475,185.475,965.0,BURL
2023-12-19 10:11:00,185.59,185.59,185.37,185.37,432.0,BURL
2023-12-19 10:10:00,185.345,185.72,185.345,185.58,2782.0,BURL
2023-12-19 10:09:00,185.29,185.29,185.29,185.29,430.0,BURL
2023-12-19 10:08:00,185.29,185.36,185.29,185.36,1265.0,BURL
2023-12-19 10:07:00,185.11,185.11,185.11,185.11,546.0,BURL
2023-12-19 10:06:00,185.07,185.08,185.0,185.08,876.0,BURL
2023-12-19 10:05:00,185.195,185.195,185.13,185.13,426.0,BURL
2023-12-19 10:04:00,185.21,185.21,185.02,185.145,3095.0,BURL
2023-12-19 10:01:00,185.1,185.29,185.0,185.29,2923.0,BURL
2023-12-19 10:00:00,184.975,185.405,184.92,185.0,8508.0,BURL
2023-12-19 09:59:00,184.97,185.0,184.97,185.0,497.0,BURL
2023-12-19 09:58:00,185.1,185.25,185.1,185.115,1087.0,BURL
2023-12-19 09:55:00,185.49,185.49,185.03,185.23,3332.0,BURL
2023-12-19 09:53:00,185.17,185.59,185.17,185.59,777.0,BURL
2023-12-19 09:52:00,184.94,184.94,184.83,184.83,1421.0,BURL
2023-12-19 09:51:00,184.81,185.08,184.81,185.08,613.0,BURL
2023-12-19 09:50:00,184.32,184.69,184.32,184.56,986.0,BURL
2023-12-19 09:49:00,184.25,184.31,184.25,184.31,373.0,BURL
2023-12-19 09:48:00,184.215,184.215,184.215,184.215,114.0,BURL
2023-12-19 09:47:00,184.11,184.54,184.11,184.54,458.0,BURL
2023-12-19 09:46:00,183.915,184.4,183.915,184.095,3635.0,BURL
2023-12-19 09:45:00,183.98,184.06,183.98,184.06,625.0,BURL
2023-12-19 09:44:00,183.78,183.79,183.78,183.79,298.0,BURL
2023-12-19 09:43:00,183.89,184.0,183.75,183.765,1336.0,BURL
2023-12-19 09:42:00,183.78,183.78,183.78,183.78,125.0,BURL
2023-12-19 09:41:00,183.99,183.99,183.72,183.72,1328.0,BURL
2023-12-19 09:40:00,183.62,183.98,183.62,183.85,1008.0,BURL
2023-12-19 09:39:00,183.41,183.41,183.41,183.41,165.0,BURL
2023-12-19 09:38:00,183.865,183.89,183.545,183.545,1082.0,BURL
2023-12-19 09:37:00,183.815,184.03,183.815,183.87,960.0,BURL
2023-12-19 09:36:00,183.84,183.84,183.655,183.815,808.0,BURL
2023-12-19 09:35:00,183.72,183.72,183.72,183.72,405.0,BURL
2023-12-19 09:34:00,184.79,184.89,184.03,184.04,2822.0,BURL
2023-12-19 09:33:00,184.58,184.605,183.95,183.95,818.0,BURL
2023-12-19 09:32:00,184.3,184.72,184.18,184.54,2836.0,BURL
2023-12-19 09:30:00,183.78,183.78,183.78,183.78,6580.0,BURL
2023-12-19 08:11:00,181.83,181.83,181.83,181.83,6027.0,BURL
2023-12-19 08:00:00,182.0,182.0,182.0,182.0,5.0,BURL
2023-12-19 07:01:00,181.63,181.63,181.63,181.63,3.0,BURL
2023-12-18 19:22:00,181.58,181.58,181.58,181.58,25.0,BURL
2023-12-18 19:00:00,181.83,181.83,181.83,181.83,104471.0,BURL
2023-12-18 18:30:00,181.83,181.83,181.83,181.83,104471.0,BURL
2023-12-18 18:05:00,182.2,182.2,182.2,182.2,1.0,BURL
2023-12-18 17:45:00,181.83,181.83,181.83,181.83,87136.0,BURL
2023-12-18 16:50:00,181.83,181.83,181.83,181.83,26009.0,BURL
2023-12-18 16:14:00,181.83,181.83,181.83,181.83,47.0,BURL
2023-12-18 16:10:00,181.83,181.83,181.83,181.83,104471.0,BURL
2023-12-18 16:06:00,181.83,181.83,181.83,181.83,267.0,BURL
2023-12-18 16:01:00,181.83,181.83,181.83,181.83,6879.0,BURL
2023-12-18 16:00:00,181.78,181.83,181.78,181.83,219967.0,BURL
2023-12-18 15:59:00,182.13,182.15,181.77,181.78,42487.0,BURL
2023-12-18 15:58:00,182.035,182.13,181.995,182.115,22389.0,BURL
2023-12-18 15:57:00,182.085,182.1,182.015,182.055,14545.0,BURL
2023-12-18 15:56:00,182.17,182.17,182.025,182.08,17408.0,BURL
2023-12-18 15:55:00,182.005,182.185,182.005,182.17,9862.0,BURL
2023-12-18 15:54:00,181.88,181.985,181.86,181.985,8166.0,BURL
2023-12-18 15:53:00,181.98,181.98,181.87,181.89,8154.0,BURL
2023-12-18 15:52:00,181.885,182.015,181.86,181.99,6708.0,BURL
2023-12-18 15:51:00,182.08,182.09,181.8,181.85,12712.0,BURL
2023-12-18 15:50:00,182.13,182.17,182.075,182.095,8700.0,BURL
2023-12-18 15:49:00,182.12,182.16,182.075,182.085,5852.0,BURL
2023-12-18 15:48:00,182.03,182.16,181.99,182.11,9621.0,BURL
2023-12-18 15:47:00,181.995,182.01,181.95,182.005,3698.0,BURL
2023-12-18 15:46:00,181.99,182.03,181.96,181.995,7298.0,BURL
2023-12-18 15:45:00,181.95,182.03,181.95,181.97,6958.0,BURL
2023-12-18 15:44:00,181.93,181.97,181.93,181.96,1920.0,BURL
2023-12-18 15:43:00,181.89,181.945,181.84,181.945,3199.0,BURL
2023-12-18 15:42:00,181.86,181.885,181.85,181.85,1045.0,BURL
2023-12-18 15:41:00,181.97,182.0,181.92,181.925,4794.0,BURL
2023-12-18 15:40:00,181.94,181.96,181.9,181.96,2612.0,BURL
2023-12-18 15:39:00,181.88,181.88,181.84,181.87,1431.0,BURL
2023-12-18 15:38:00,181.88,181.9,181.81,181.9,1521.0,BURL
2023-12-18 15:37:00,181.85,181.88,181.85,181.87,1153.0,BURL
2023-12-18 15:36:00,181.81,181.84,181.76,181.84,4414.0,BURL
2023-12-18 15:35:00,181.88,181.96,181.875,181.875,4022.0,BURL
2023-12-18 15:34:00,181.8,181.87,181.8,181.86,1518.0,BURL
2023-12-18 15:33:00,181.775,181.815,181.763,181.78,1797.0,BURL
2023-12-18 15:32:00,181.705,181.81,181.705,181.81,1353.0,BURL
2023-12-18 15:31:00,181.63,181.72,181.62,181.72,3305.0,BURL
2023-12-18 15:30:00,181.68,181.76,181.67,181.67,4760.0,BURL
2023-12-18 15:29:00,181.735,181.735,181.735,181.735,159.0,BURL
2023-12-18 15:28:00,181.64,181.78,181.62,181.74,3381.0,BURL
2023-12-18 15:27:00,181.745,181.745,181.745,181.745,182.0,BURL
2023-12-18 15:26:00,181.67,181.725,181.64,181.725,2053.0,BURL
2023-12-18 15:25:00,181.72,181.72,181.66,181.66,1465.0,BURL
2023-12-18 15:24:00,181.77,181.77,181.72,181.725,1810.0,BURL
2023-12-18 15:23:00,181.805,181.865,181.78,181.83,2765.0,BURL
2023-12-18 15:22:00,181.78,181.85,181.78,181.785,4371.0,BURL
2023-12-18 15:21:00,181.78,181.83,181.78,181.83,900.0,BURL
2023-12-18 15:20:00,181.74,181.81,181.74,181.81,1212.0,BURL
2023-12-18 15:19:00,181.62,181.78,181.61,181.755,2841.0,BURL
2023-12-18 15:17:00,181.7,181.7,181.59,181.62,2946.0,BURL
2023-12-18 15:16:00,181.7,181.7,181.7,181.7,455.0,BURL
2023-12-18 15:15:00,181.685,181.73,181.67,181.67,4399.0,BURL
2023-12-18 15:14:00,181.72,181.72,181.71,181.71,1342.0,BURL
2023-12-18 15:13:00,181.65,181.65,181.65,181.65,268.0,BURL
2023-12-18 15:12:00,181.625,181.72,181.625,181.71,2895.0,BURL
2023-12-18 15:10:00,181.595,181.595,181.595,181.595,510.0,BURL
2023-12-18 15:09:00,181.595,181.595,181.595,181.595,201.0,BURL
2023-12-18 15:08:00,181.72,181.72,181.65,181.65,1557.0,BURL
2023-12-18 15:07:00,181.74,181.8,181.74,181.78,1262.0,BURL
2023-12-18 15:06:00,181.79,181.79,181.76,181.79,903.0,BURL
2023-12-18 15:05:00,181.785,181.84,181.785,181.84,376.0,BURL
2023-12-18 15:03:00,181.81,181.81,181.68,181.715,1281.0,BURL
2023-12-18 15:02:00,181.77,181.81,181.76,181.81,3001.0,BURL
2023-12-18 15:01:00,181.733,181.732,181.723,181.722,1000.0,BURL
2023-12-18 15:00:00,181.69,181.77,181.69,181.74,2726.0,BURL
2023-12-18 14:59:00,181.56,181.64,181.56,181.61,1796.0,BURL
2023-12-18 14:58:00,181.61,181.61,181.52,181.52,892.0,BURL
2023-12-18 14:57:00,181.58,181.64,181.58,181.64,282.0,BURL
2023-12-18 14:56:00,181.68,181.69,181.57,181.57,3618.0,BURL
2023-12-18 14:54:00,181.68,181.76,181.68,181.76,2257.0,BURL
2023-12-18 14:53:00,181.67,181.67,181.65,181.65,1553.0,BURL
2023-12-18 14:52:00,181.62,181.62,181.62,181.62,176.0,BURL
2023-12-18 14:51:00,181.615,181.615,181.615,181.615,749.0,BURL
2023-12-18 14:50:00,181.61,181.61,181.61,181.61,369.0,BURL
2023-12-18 14:49:00,181.59,181.59,181.59,181.59,118.0,BURL
2023-12-18 14:48:00,181.6,181.6,181.6,181.6,425.0,BURL
2023-12-18 14:47:00,181.455,181.595,181.455,181.595,650.0,BURL
2023-12-18 14:46:00,181.51,181.515,181.38,181.455,1842.0,BURL
2023-12-18 14:45:00,181.57,181.595,181.57,181.595,459.0,BURL
2023-12-18 14:44:00,181.54,181.59,181.53,181.54,1002.0,BURL
2023-12-18 14:42:00,181.59,181.59,181.48,181.49,2806.0,BURL
2023-12-18 14:40:00,181.44,181.53,181.41,181.485,1236.0,BURL
2023-12-18 14:39:00,181.33,181.33,181.33,181.33,260.0,BURL
2023-12-18 14:38:00,181.1,181.35,181.1,181.35,1117.0,BURL
2023-12-18 14:37:00,181.02,181.14,181.02,181.12,868.0,BURL
2023-12-18 14:36:00,181.0,181.0,181.0,181.0,254.0,BURL
2023-12-18 14:35:00,181.03,181.07,181.03,181.07,680.0,BURL
2023-12-18 14:34:00,181.05,181.1,181.05,181.1,1191.0,BURL
2023-12-18 14:33:00,181.17,181.17,181.15,181.16,2452.0,BURL
2023-12-18 14:32:00,181.19,181.22,181.12,181.12,1875.0,BURL
2023-12-18 14:31:00,180.95,181.11,180.95,181.08,1891.0,BURL
2023-12-18 14:30:00,180.96,181.02,180.93,180.93,1857.0,BURL
2023-12-18 14:29:00,181.02,181.08,181.02,181.08,2173.0,BURL
2023-12-18 14:27:00,181.14,181.14,180.84,180.94,53063.0,BURL
2023-12-18 14:26:00,181.21,181.21,181.21,181.21,879.0,BURL
2023-12-18 14:24:00,181.29,181.31,181.27,181.27,3336.0,BURL
2023-12-18 14:23:00,181.1,181.29,181.1,181.23,3595.0,BURL
2023-12-18 14:22:00,181.03,181.095,181.03,181.095,350.0,BURL
2023-12-18 14:20:00,181.14,181.14,181.03,181.11,2004.0,BURL
2023-12-18 14:19:00,181.19,181.215,181.14,181.14,8844.0,BURL
2023-12-18 14:18:00,181.29,181.29,181.22,181.22,1475.0,BURL
2023-12-18 14:17:00,181.325,181.325,181.325,181.325,1200.0,BURL
2023-12-18 14:15:00,181.32,181.33,181.32,181.33,556.0,BURL
2023-12-18 14:14:00,181.29,181.29,181.29,181.29,115.0,BURL
2023-12-18 14:12:00,181.35,181.36,181.32,181.32,1958.0,BURL
2023-12-18 14:11:00,181.285,181.285,181.285,181.285,664.0,BURL
2023-12-18 14:10:00,181.29,181.29,181.285,181.285,364.0,BURL
2023-12-18 14:07:00,181.6,181.69,181.38,181.38,2076.0,BURL
2023-12-18 14:05:00,181.75,181.76,181.62,181.69,8845.0,BURL
2023-12-18 14:04:00,181.82,181.82,181.78,181.78,906.0,BURL
2023-12-18 14:03:00,181.82,181.82,181.82,181.82,169.0,BURL
2023-12-18 14:02:00,181.82,181.86,181.82,181.86,275.0,BURL
2023-12-18 14:01:00,181.86,181.86,181.86,181.86,322.0,BURL
2023-12-18 14:00:00,181.85,181.85,181.85,181.85,145.0,BURL
2023-12-18 13:59:00,181.86,181.88,181.74,181.81,8168.0,BURL
2023-12-18 13:58:00,181.96,181.96,181.96,181.96,207.0,BURL
2023-12-18 13:57:00,181.965,181.965,181.965,181.965,224.0,BURL
2023-12-18 13:56:00,181.97,181.97,181.97,181.97,276.0,BURL
2023-12-18 13:55:00,181.96,181.96,181.96,181.96,180.0,BURL
2023-12-18 13:52:00,181.97,181.97,181.97,181.97,441.0,BURL
2023-12-18 13:51:00,182.07,182.07,182.07,182.07,102.0,BURL
2023-12-18 13:50:00,181.96,182.075,181.95,182.075,1792.0,BURL
2023-12-18 13:49:00,181.89,181.89,181.86,181.86,722.0,BURL
2023-12-18 13:48:00,182.04,182.11,181.95,181.95,4195.0,BURL
2023-12-18 13:46:00,182.07,182.07,182.07,182.07,350.0,BURL
2023-12-18 13:45:00,181.995,182.08,181.995,182.08,495.0,BURL
2023-12-18 13:44:00,181.99,182.01,181.99,181.99,814.0,BURL
2023-12-18 13:43:00,181.94,181.945,181.94,181.945,263.0,BURL
2023-12-18 13:42:00,181.91,181.925,181.91,181.925,655.0,BURL
2023-12-18 13:41:00,181.84,181.89,181.765,181.89,2330.0,BURL
2023-12-18 13:40:00,181.81,181.85,181.79,181.79,2268.0,BURL
2023-12-18 13:39:00,181.735,181.735,181.735,181.735,352.0,BURL
2023-12-18 13:38:00,181.735,181.735,181.735,181.735,216.0,BURL
2023-12-18 13:37:00,181.71,181.79,181.71,181.79,912.0,BURL
2023-12-18 13:36:00,181.62,181.655,181.62,181.655,532.0,BURL
2023-12-18 13:35:00,181.68,181.7,181.65,181.65,1231.0,BURL
2023-12-18 13:34:00,181.7,181.7,181.68,181.68,356.0,BURL
2023-12-18 13:33:00,181.7,181.71,181.65,181.68,2483.0,BURL
2023-12-18 13:32:00,181.68,181.735,181.68,181.735,482.0,BURL
2023-12-18 13:31:00,181.74,181.74,181.74,181.74,412.0,BURL
2023-12-18 13:30:00,181.74,181.74,181.74,181.74,128.0,BURL
2023-12-18 13:28:00,181.74,181.74,181.74,181.74,372.0,BURL
2023-12-18 13:27:00,181.73,181.73,181.68,181.695,2379.0,BURL
2023-12-18 13:26:00,181.81,181.81,181.7,181.73,844.0,BURL
2023-12-18 13:25:00,181.81,181.81,181.81,181.81,572.0,BURL
2023-12-18 13:24:00,181.74,181.74,181.73,181.73,557.0,BURL
2023-12-18 13:23:00,181.85,181.85,181.725,181.74,2479.0,BURL
2023-12-18 13:21:00,181.85,181.92,181.835,181.92,1710.0,BURL
2023-12-18 13:19:00,181.78,181.785,181.78,181.785,334.0,BURL
2023-12-18 13:18:00,181.775,181.775,181.775,181.775,352.0,BURL
2023-12-18 13:16:00,181.575,181.725,181.575,181.725,1727.0,BURL
2023-12-18 13:15:00,181.56,181.56,181.56,181.56,984.0,BURL
2023-12-18 13:14:00,181.52,181.565,181.52,181.565,489.0,BURL
2023-12-18 13:13:00,181.53,181.53,181.53,181.53,231.0,BURL
2023-12-18 13:12:00,181.67,181.67,181.52,181.54,2617.0,BURL
2023-12-18 13:11:00,181.67,181.67,181.67,181.67,314.0,BURL
2023-12-18 13:10:00,181.67,181.67,181.67,181.67,273.0,BURL
2023-12-18 13:07:00,181.65,181.65,181.6,181.6,345.0,BURL
2023-12-18 13:06:00,181.39,181.58,181.39,181.58,2324.0,BURL
2023-12-18 13:04:00,181.38,181.38,181.38,181.38,353.0,BURL
2023-12-18 13:03:00,181.38,181.38,181.38,181.38,101.0,BURL
2023-12-18 13:02:00,181.29,181.48,181.275,181.385,4546.0,BURL
2023-12-18 13:01:00,181.4,181.4,181.38,181.38,899.0,BURL
2023-12-18 13:00:00,181.475,181.475,181.475,181.475,70858.0,BURL
2023-12-18 12:59:00,181.67,181.81,181.5,181.5,9877.0,BURL
2023-12-18 12:58:00,181.81,181.81,181.69,181.73,1876.0,BURL
2023-12-18 12:57:00,181.69,181.69,181.579,181.69,1118.0,BURL
2023-12-18 12:54:00,181.77,181.77,181.605,181.64,2245.0,BURL
2023-12-18 12:53:00,181.765,181.765,181.765,181.765,372.0,BURL
2023-12-18 12:52:00,181.89,181.92,181.73,181.73,2006.0,BURL
2023-12-18 12:51:00,181.96,182.05,181.96,182.05,983.0,BURL
2023-12-18 12:50:00,181.89,181.91,181.87,181.89,1905.0,BURL
2023-12-18 12:48:00,181.84,181.84,181.84,181.84,759.0,BURL
2023-12-18 12:47:00,181.863,181.865,181.73,181.73,2573.0,BURL
2023-12-18 12:45:00,181.82,181.85,181.82,181.85,479.0,BURL
2023-12-18 12:44:00,181.775,181.86,181.775,181.86,444.0,BURL
2023-12-18 12:43:00,181.76,181.76,181.76,181.76,615.0,BURL
2023-12-18 12:42:00,181.72,181.72,181.72,181.72,323.0,BURL
2023-12-18 12:40:00,181.625,181.65,181.625,181.65,567.0,BURL
2023-12-18 12:39:00,181.445,181.54,181.445,181.54,532.0,BURL
2023-12-18 12:38:00,181.43,181.43,181.43,181.43,247.0,BURL
2023-12-18 12:37:00,181.36,181.36,181.36,181.36,362.0,BURL
2023-12-18 12:36:00,181.24,181.24,181.24,181.24,402.0,BURL
2023-12-18 12:35:00,181.24,181.24,181.14,181.14,1184.0,BURL
2023-12-18 12:34:00,181.19,181.19,181.19,181.19,699.0,BURL
2023-12-18 12:33:00,181.038,181.26,181.038,181.26,3454.0,BURL
2023-12-18 12:32:00,181.025,181.025,181.025,181.025,450.0,BURL
2023-12-18 12:31:00,180.91,180.91,180.91,180.91,133.0,BURL
2023-12-18 12:30:00,181.025,181.025,181.025,181.025,275.0,BURL
2023-12-18 12:27:00,181.04,181.04,181.02,181.02,1686.0,BURL
2023-12-18 12:26:00,181.04,181.145,181.04,181.145,1762.0,BURL
2023-12-18 12:25:00,180.865,181.05,180.865,181.037,2927.0,BURL
2023-12-18 12:24:00,180.865,180.918,180.83,180.83,919.0,BURL
2023-12-18 12:23:00,180.96,180.96,180.84,180.865,2309.0,BURL
2023-12-18 12:22:00,181.07,181.09,180.98,180.98,1523.0,BURL
2023-12-18 12:21:00,181.03,181.06,180.899,181.01,1348.0,BURL
2023-12-18 12:20:00,181.05,181.125,181.03,181.03,1158.0,BURL
2023-12-18 12:19:00,181.22,181.22,181.15,181.15,607.0,BURL
2023-12-18 12:18:00,181.21,181.21,181.21,181.21,968.0,BURL
2023-12-18 12:17:00,181.45,181.47,181.27,181.27,2084.0,BURL
2023-12-18 12:15:00,181.66,181.705,181.52,181.52,1432.0,BURL
2023-12-18 12:14:00,181.64,181.66,181.64,181.66,784.0,BURL
2023-12-18 12:13:00,181.64,181.64,181.64,181.64,315.0,BURL
2023-12-18 12:12:00,181.36,181.62,181.36,181.57,3211.0,BURL
2023-12-18 12:11:00,181.317,181.317,181.317,181.317,531.0,BURL
2023-12-18 12:09:00,181.24,181.24,181.24,181.24,395.0,BURL
2023-12-18 12:07:00,181.355,181.355,181.28,181.28,543.0,BURL
2023-12-18 12:04:00,181.3,181.335,181.24,181.3,1632.0,BURL
2023-12-18 12:03:00,181.39,181.43,181.39,181.43,530.0,BURL
2023-12-18 12:01:00,181.485,181.485,181.39,181.39,716.0,BURL
2023-12-18 11:59:00,181.44,181.44,181.37,181.44,1014.0,BURL
2023-12-18 11:58:00,181.41,181.41,181.41,181.41,607.0,BURL
2023-12-18 11:57:00,181.41,181.44,181.37,181.44,462.0,BURL
2023-12-18 11:56:00,181.535,181.535,181.33,181.365,6373.0,BURL
2023-12-18 11:55:00,181.53,181.53,181.53,181.53,233.0,BURL
2023-12-18 11:54:00,181.43,181.6,181.43,181.495,1876.0,BURL
2023-12-18 11:53:00,181.62,181.62,181.43,181.43,1632.0,BURL
2023-12-18 11:52:00,181.62,181.72,181.62,181.72,987.0,BURL
2023-12-18 11:51:00,181.62,181.62,181.62,181.62,263.0,BURL
2023-12-18 11:48:00,181.615,181.615,181.614,181.614,378.0,BURL
2023-12-18 11:47:00,181.64,181.65,181.6,181.62,977.0,BURL
2023-12-18 11:46:00,181.52,181.52,181.52,181.52,293.0,BURL
2023-12-18 11:41:00,181.64,181.81,181.61,181.755,2892.0,BURL
2023-12-18 11:40:00,181.5,181.6,181.5,181.6,1338.0,BURL
2023-12-18 11:39:00,181.34,181.34,181.34,181.34,5722.0,BURL
2023-12-18 11:38:00,181.43,181.47,181.34,181.34,1688.0,BURL
2023-12-18 11:37:00,181.69,181.69,181.31,181.31,503.0,BURL
2023-12-18 11:31:00,181.55,181.58,181.46,181.46,498.0,BURL
2023-12-18 11:30:00,181.72,182.0,181.58,181.58,4618.0,BURL
2023-12-18 11:29:00,181.715,181.8,181.6,181.72,8534.0,BURL
2023-12-18 11:28:00,181.705,181.718,181.705,181.715,948.0,BURL
2023-12-18 11:25:00,181.75,181.75,181.705,181.705,1623.0,BURL
2023-12-18 11:24:00,181.98,181.98,181.74,181.75,9554.0,BURL
2023-12-18 11:23:00,181.98,181.98,181.909,181.98,889.0,BURL
2023-12-18 11:22:00,181.985,181.985,181.985,181.985,354.0,BURL
2023-12-18 11:21:00,181.985,181.985,181.985,181.985,122.0,BURL
2023-12-18 11:20:00,181.97,181.975,181.97,181.975,458.0,BURL
2023-12-18 11:19:00,181.93,182.03,181.925,181.97,2480.0,BURL
2023-12-18 11:18:00,182.03,182.03,181.92,181.925,6832.0,BURL
2023-12-18 11:17:00,182.08,182.08,182.08,182.08,441.0,BURL
2023-12-18 11:16:00,182.06,182.08,181.99,182.08,1248.0,BURL
2023-12-18 11:15:00,182.12,182.12,182.12,182.12,397.0,BURL
2023-12-18 11:14:00,182.05,182.055,182.05,182.055,342.0,BURL
2023-12-18 11:13:00,182.04,182.055,182.04,182.055,656.0,BURL
2023-12-18 11:12:00,182.128,182.128,181.875,181.92,2617.0,BURL
2023-12-18 11:11:00,182.08,182.11,182.05,182.05,2916.0,BURL
2023-12-18 11:10:00,181.915,182.01,181.915,182.01,780.0,BURL
2023-12-18 11:09:00,181.93,181.93,181.86,181.915,1619.0,BURL
2023-12-18 11:08:00,181.97,181.97,181.84,181.91,1729.0,BURL
2023-12-18 11:07:00,181.965,181.97,181.965,181.97,912.0,BURL
2023-12-18 11:06:00,182.105,182.105,181.96,181.965,5491.0,BURL
2023-12-18 11:04:00,182.07,182.07,182.07,182.07,159.0,BURL
2023-12-18 11:03:00,182.065,182.09,182.065,182.09,284.0,BURL
2023-12-18 11:02:00,182.06,182.09,182.05,182.06,1159.0,BURL
2023-12-18 11:01:00,182.097,182.098,181.82,181.82,1459.0,BURL
2023-12-18 11:00:00,182.245,182.245,182.09,182.11,1582.0,BURL
2023-12-18 10:59:00,181.94,182.17,181.94,182.09,1385.0,BURL
2023-12-18 10:58:00,181.86,181.86,181.86,181.86,179.0,BURL
2023-12-18 10:57:00,181.685,181.685,181.685,181.685,132.0,BURL
2023-12-18 10:56:00,181.65,181.65,181.505,181.65,2693.0,BURL
2023-12-18 10:55:00,181.56,181.56,181.45,181.535,1271.0,BURL
2023-12-18 10:54:00,181.73,181.73,181.64,181.705,931.0,BURL
2023-12-18 10:53:00,181.86,181.86,181.71,181.785,2384.0,BURL
2023-12-18 10:52:00,181.99,181.99,181.985,181.985,4337.0,BURL
2023-12-18 10:51:00,181.99,182.084,181.99,182.083,897.0,BURL
2023-12-18 10:50:00,182.11,182.11,182.1,182.1,780.0,BURL
2023-12-18 10:49:00,182.21,182.399,182.07,182.07,2188.0,BURL
2023-12-18 10:48:00,182.09,182.375,182.0,182.325,5016.0,BURL
2023-12-18 10:47:00,182.0,182.09,181.95,182.09,1238.0,BURL
2023-12-18 10:46:00,182.018,182.018,181.94,181.95,932.0,BURL
2023-12-18 10:45:00,182.035,182.035,181.95,181.985,1329.0,BURL
2023-12-18 10:44:00,181.98,182.02,181.95,181.95,965.0,BURL
2023-12-18 10:43:00,182.11,182.11,181.985,181.985,842.0,BURL
2023-12-18 10:42:00,181.97,181.985,181.915,181.985,544.0,BURL
2023-12-18 10:41:00,181.895,181.99,181.895,181.97,2092.0,BURL
2023-12-18 10:40:00,181.89,181.895,181.89,181.895,467.0,BURL
2023-12-18 10:39:00,181.84,181.89,181.84,181.89,510.0,BURL
2023-12-18 10:38:00,181.87,181.91,181.79,181.855,1878.0,BURL
2023-12-18 10:37:00,181.625,181.96,181.618,181.84,5845.0,BURL
2023-12-18 10:36:00,181.625,181.625,181.625,181.625,1324.0,BURL
2023-12-18 10:35:00,181.59,181.623,181.51,181.615,1883.0,BURL
2023-12-18 10:34:00,181.685,181.74,181.685,181.725,2313.0,BURL
2023-12-18 10:33:00,181.59,181.62,181.585,181.585,884.0,BURL
2023-12-18 10:32:00,181.87,181.9,181.66,181.66,4977.0,BURL
2023-12-18 10:31:00,181.96,181.995,181.96,181.995,331.0,BURL
2023-12-18 10:30:00,182.12,182.12,181.95,181.95,1297.0,BURL
2023-12-18 10:29:00,182.35,182.37,182.2,182.2,2341.0,BURL
2023-12-18 10:28:00,182.35,182.35,182.31,182.35,510.0,BURL
2023-12-18 10:27:00,182.275,182.345,182.275,182.345,651.0,BURL
2023-12-18 10:26:00,182.56,182.56,182.3,182.3,1593.0,BURL
2023-12-18 10:25:00,182.62,182.66,182.58,182.66,1275.0,BURL
2023-12-18 10:24:00,182.42,182.56,182.42,182.56,1173.0,BURL
2023-12-18 10:23:00,182.2,182.33,182.2,182.33,1046.0,BURL
2023-12-18 10:22:00,182.195,182.195,182.195,182.195,269.0,BURL
2023-12-18 10:21:00,182.27,182.32,182.17,182.185,1672.0,BURL
2023-12-18 10:20:00,182.355,182.355,182.355,182.355,142.0,BURL
2023-12-18 10:19:00,182.56,182.56,182.34,182.34,1768.0,BURL
2023-12-18 10:18:00,182.51,182.7,182.51,182.625,1643.0,BURL
2023-12-18 10:17:00,182.51,182.51,182.51,182.51,333.0,BURL
2023-12-18 10:16:00,182.23,182.56,182.23,182.56,1411.0,BURL
2023-12-18 10:15:00,182.43,182.48,182.43,182.47,811.0,BURL
2023-12-18 10:13:00,182.49,182.64,182.34,182.34,2010.0,BURL
2023-12-18 10:12:00,182.89,182.89,182.57,182.57,2055.0,BURL
2023-12-18 10:11:00,183.36,183.36,182.91,182.91,5672.0,BURL
2023-12-18 10:10:00,183.455,183.455,183.453,183.455,875.0,BURL
2023-12-18 10:09:00,183.475,183.475,183.475,183.475,207.0,BURL
2023-12-18 10:08:00,183.33,183.5,183.33,183.42,2508.0,BURL
2023-12-18 10:07:00,183.32,183.32,183.32,183.32,349.0,BURL
2023-12-18 10:06:00,183.15,183.32,183.11,183.31,2597.0,BURL
2023-12-18 10:05:00,183.07,183.17,183.06,183.17,706.0,BURL
2023-12-18 10:04:00,183.32,183.32,183.185,183.185,307.0,BURL
2023-12-18 10:03:00,183.105,183.105,183.105,183.105,248.0,BURL
2023-12-18 10:02:00,183.14,183.14,183.105,183.105,634.0,BURL
2023-12-18 10:01:00,182.86,183.25,182.86,183.16,2324.0,BURL
2023-12-18 10:00:00,183.16,183.16,183.01,183.092,1306.0,BURL
2023-12-18 09:59:00,182.772,183.03,182.773,183.03,1444.0,BURL
2023-12-18 09:58:00,182.885,182.885,182.88,182.88,354.0,BURL
2023-12-18 09:57:00,182.9,183.04,182.9,183.04,2465.0,BURL
2023-12-18 09:56:00,182.67,182.67,182.67,182.67,314.0,BURL
2023-12-18 09:55:00,182.79,182.79,182.55,182.55,724.0,BURL
2023-12-18 09:54:00,182.57,182.79,182.57,182.67,1339.0,BURL
2023-12-18 09:53:00,183.015,183.015,182.75,182.75,543.0,BURL
2023-12-18 09:51:00,182.93,183.17,182.93,183.05,1281.0,BURL
2023-12-18 09:50:00,183.29,183.29,182.95,182.95,1068.0,BURL
2023-12-18 09:49:00,183.51,183.51,183.51,183.51,410.0,BURL
2023-12-18 09:48:00,183.575,183.575,183.535,183.535,728.0,BURL
2023-12-18 09:47:00,183.625,183.625,183.625,183.625,297.0,BURL
2023-12-18 09:46:00,183.605,183.61,183.6,183.61,686.0,BURL
2023-12-18 09:45:00,183.6,183.6,183.6,183.6,159.0,BURL
2023-12-18 09:43:00,183.615,183.615,183.615,183.615,524.0,BURL
2023-12-18 09:42:00,183.645,183.645,183.615,183.615,279.0,BURL
2023-12-18 09:41:00,183.645,183.645,183.645,183.645,202.0,BURL
2023-12-18 09:40:00,183.64,184.18,183.51,183.51,9241.0,BURL
2023-12-18 09:39:00,183.31,183.33,183.31,183.33,424.0,BURL
2023-12-18 09:38:00,183.2,183.2,183.2,183.2,601.0,BURL
2023-12-18 09:35:00,183.67,183.73,182.995,183.285,3228.0,BURL
2023-12-18 09:34:00,183.65,183.65,183.65,183.65,185.0,BURL
2023-12-18 09:33:00,183.095,183.095,183.095,183.095,190.0,BURL
2023-12-18 09:32:00,183.59,183.59,182.64,183.005,2252.0,BURL
2023-12-18 09:31:00,184.185,184.185,183.61,183.61,611.0,BURL
2023-12-18 09:30:00,184.0,184.69,184.0,184.69,4409.0,BURL
2023-12-18 08:01:00,183.05,183.05,183.05,183.05,2.0,BURL
2023-12-18 07:00:00,184.88,184.88,184.88,184.88,9.0,BURL
2023-12-18 06:16:00,180.2,180.2,180.2,180.2,30.0,BURL
2023-12-18 06:09:00,180.21,180.21,180.21,180.21,50.0,BURL
2023-12-15 19:46:00,185.94,185.94,185.94,185.94,1.0,BURL
2023-12-15 19:00:00,183.05,183.05,183.05,183.05,472061.0,BURL
2023-12-15 18:30:00,183.05,183.05,183.05,183.05,472061.0,BURL
2023-12-15 17:58:00,185.639,185.639,183.02,183.02,7.0,BURL
2023-12-15 17:57:00,185.41,186.27,185.41,186.27,3.0,BURL
2023-12-15 17:55:00,185.919,185.919,185.919,185.919,1.0,BURL
2023-12-15 17:52:00,185.719,186.02,183.11,183.11,10.0,BURL
2023-12-15 17:35:00,184.41,184.6,183.929,183.95,5.0,BURL
2023-12-15 17:34:00,186.109,186.689,186.039,186.689,3.0,BURL
2023-12-15 17:33:00,185.31,185.31,185.31,185.31,1.0,BURL
2023-12-15 17:32:00,186.26,186.26,186.26,186.26,1.0,BURL
2023-12-15 16:51:00,183.05,183.05,183.05,183.05,110803.0,BURL
2023-12-15 16:32:00,188.84,188.84,188.84,188.84,5.0,BURL
2023-12-15 16:10:00,183.05,183.05,183.05,183.05,476728.0,BURL
2023-12-15 16:09:00,183.05,183.05,183.05,183.05,5150.0,BURL
2023-12-15 16:08:00,183.05,183.05,183.05,183.05,100.0,BURL
2023-12-15 16:07:00,183.05,183.05,183.05,183.05,1247.0,BURL
2023-12-15 16:06:00,183.05,183.05,183.05,183.05,10.0,BURL
2023-12-15 16:05:00,183.05,183.051,183.05,183.05,106052.0,BURL
2023-12-15 16:04:00,183.05,183.05,183.05,183.05,131521.0,BURL
2023-12-15 16:03:00,183.05,183.05,183.05,183.05,4996.0,BURL
2023-12-15 16:02:00,183.05,183.055,183.049,183.05,185477.0,BURL
2023-12-15 16:01:00,183.05,183.051,183.049,183.05,24450.0,BURL
2023-12-15 16:00:00,183.05,183.05,182.99,183.05,973896.0,BURL
2023-12-15 15:59:00,183.13,183.135,182.9,183.05,88681.0,BURL
2023-12-15 15:58:00,182.96,183.18,182.91,183.145,43182.0,BURL
2023-12-15 15:57:00,183.11,183.11,182.83,183.0,72188.0,BURL
2023-12-15 15:56:00,183.81,183.83,183.055,183.095,59628.0,BURL
2023-12-15 15:55:00,183.94,184.0,183.72,183.81,49516.0,BURL
2023-12-15 15:54:00,184.025,184.025,183.9,183.94,18124.0,BURL
2023-12-15 15:53:00,184.025,184.05,183.89,184.02,13697.0,BURL
2023-12-15 15:52:00,183.96,184.18,183.96,184.0,25149.0,BURL
2023-12-15 15:51:00,183.645,183.99,183.63,183.98,17097.0,BURL
2023-12-15 15:50:00,183.81,183.84,183.59,183.635,11121.0,BURL
2023-12-15 15:49:00,183.92,183.92,183.69,183.74,10551.0,BURL
2023-12-15 15:48:00,183.94,183.995,183.86,183.905,10614.0,BURL
2023-12-15 15:47:00,184.011,184.09,183.9,183.94,15047.0,BURL
2023-12-15 15:46:00,183.86,184.08,183.83,184.08,8647.0,BURL
2023-12-15 15:45:00,183.905,183.95,183.82,183.9,13122.0,BURL
2023-12-15 15:44:00,184.065,184.065,183.88,183.88,3551.0,BURL
2023-12-15 15:43:00,184.0,184.065,183.97,184.065,4584.0,BURL
2023-12-15 15:42:00,183.99,184.02,183.92,183.92,3456.0,BURL
2023-12-15 15:41:00,183.75,184.01,183.75,183.97,7682.0,BURL
2023-12-15 15:40:00,183.9,183.9,183.755,183.755,3990.0,BURL
2023-12-15 15:39:00,183.98,183.985,183.92,183.97,1016.0,BURL
2023-12-15 15:38:00,183.99,183.99,183.99,183.99,705.0,BURL
2023-12-15 15:37:00,184.025,184.08,183.94,183.985,13658.0,BURL
2023-12-15 15:36:00,184.23,184.23,184.0,184.04,2918.0,BURL
2023-12-15 15:35:00,184.38,184.38,184.23,184.23,5574.0,BURL
2023-12-15 15:34:00,184.46,184.47,184.36,184.38,10247.0,BURL
2023-12-15 15:33:00,184.6,184.65,184.45,184.455,8738.0,BURL
2023-12-15 15:32:00,184.53,184.6,184.53,184.59,2257.0,BURL
2023-12-15 15:31:00,184.76,184.845,184.42,184.442,5259.0,BURL
2023-12-15 15:30:00,184.73,184.826,184.65,184.826,1422.0,BURL
2023-12-15 15:29:00,184.39,184.475,184.39,184.475,1087.0,BURL
2023-12-15 15:28:00,184.36,184.45,184.36,184.45,1340.0,BURL
2023-12-15 15:27:00,184.29,184.379,184.21,184.295,9723.0,BURL
2023-12-15 15:26:00,184.48,184.52,184.25,184.36,5816.0,BURL
2023-12-15 15:25:00,184.26,184.545,184.26,184.445,3174.0,BURL
2023-12-15 15:24:00,184.21,184.21,184.2,184.2,696.0,BURL
2023-12-15 15:23:00,184.06,184.275,184.06,184.19,2711.0,BURL
2023-12-15 15:22:00,183.9,184.11,183.9,184.11,4128.0,BURL
2023-12-15 15:21:00,183.87,183.9,183.87,183.9,722.0,BURL
2023-12-15 15:19:00,183.75,183.75,183.75,183.75,347.0,BURL
2023-12-15 15:18:00,183.83,183.898,183.81,183.898,3070.0,BURL
2023-12-15 15:17:00,183.59,183.83,183.55,183.785,5559.0,BURL
2023-12-15 15:16:00,183.76,183.76,183.52,183.565,12614.0,BURL
2023-12-15 15:15:00,183.76,183.765,183.735,183.765,713.0,BURL
2023-12-15 15:14:00,183.7,183.7,183.685,183.7,630.0,BURL
2023-12-15 15:13:00,183.88,183.88,183.79,183.79,1541.0,BURL
2023-12-15 15:12:00,183.91,183.91,183.91,183.91,270.0,BURL
2023-12-15 15:11:00,183.99,184.01,183.99,183.995,5535.0,BURL
2023-12-15 15:10:00,184.215,184.218,183.995,183.995,2813.0,BURL
2023-12-15 15:09:00,184.12,184.24,184.12,184.21,2335.0,BURL
2023-12-15 15:08:00,184.04,184.09,184.04,184.09,1689.0,BURL
2023-12-15 15:07:00,183.88,184.08,183.88,184.08,3334.0,BURL
2023-12-15 15:06:00,183.97,183.97,183.86,183.86,1365.0,BURL
2023-12-15 15:05:00,183.96,183.98,183.92,183.96,3237.0,BURL
2023-12-15 15:04:00,184.08,184.08,183.99,184.02,4641.0,BURL
2023-12-15 15:03:00,184.14,184.173,184.09,184.1,2700.0,BURL
2023-12-15 15:01:00,184.1,184.1,184.1,184.1,133.0,BURL
2023-12-15 14:59:00,183.91,184.08,183.89,184.04,3617.0,BURL
2023-12-15 14:58:00,183.81,183.81,183.81,183.81,506.0,BURL
2023-12-15 14:57:00,184.24,184.24,184.0,184.0,4321.0,BURL
2023-12-15 14:56:00,184.32,184.38,184.32,184.32,3433.0,BURL
2023-12-15 14:55:00,184.3,184.384,184.27,184.27,6349.0,BURL
2023-12-15 14:54:00,184.31,184.31,184.31,184.31,1265.0,BURL
2023-12-15 14:53:00,184.35,184.36,184.315,184.36,669.0,BURL
2023-12-15 14:51:00,184.31,184.41,184.31,184.37,2492.0,BURL
2023-12-15 14:50:00,184.25,184.32,184.25,184.31,3471.0,BURL
2023-12-15 14:49:00,184.28,184.28,184.21,184.22,3293.0,BURL
2023-12-15 14:48:00,184.32,184.32,184.32,184.32,248.0,BURL
2023-12-15 14:47:00,184.33,184.33,184.24,184.24,1324.0,BURL
2023-12-15 14:46:00,184.41,184.41,184.34,184.4,1010.0,BURL
2023-12-15 14:45:00,184.41,184.415,184.41,184.41,934.0,BURL
2023-12-15 14:44:00,184.44,184.44,184.38,184.405,680.0,BURL
2023-12-15 14:43:00,184.46,184.46,184.44,184.44,1521.0,BURL
2023-12-15 14:42:00,184.47,184.57,184.4,184.57,4291.0,BURL
2023-12-15 14:41:00,184.38,184.38,184.38,184.38,206.0,BURL
2023-12-15 14:40:00,184.36,184.43,184.36,184.38,1434.0,BURL
2023-12-15 14:39:00,184.31,184.375,184.29,184.29,1168.0,BURL
2023-12-15 14:38:00,184.54,184.54,184.44,184.46,7472.0,BURL
2023-12-15 14:37:00,184.57,184.57,184.46,184.5,3731.0,BURL
2023-12-15 14:35:00,184.59,184.63,184.51,184.525,1209.0,BURL
2023-12-15 14:34:00,184.63,184.63,184.54,184.54,1793.0,BURL
2023-12-15 14:33:00,184.62,184.68,184.62,184.68,236.0,BURL
2023-12-15 14:32:00,184.74,184.74,184.6,184.64,1085.0,BURL
2023-12-15 14:31:00,184.76,184.78,184.75,184.75,2947.0,BURL
2023-12-15 14:30:00,184.64,184.68,184.64,184.68,628.0,BURL
2023-12-15 14:29:00,184.63,184.63,184.63,184.63,252.0,BURL
2023-12-15 14:28:00,184.675,184.675,184.67,184.67,563.0,BURL
2023-12-15 14:27:00,184.66,184.66,184.66,184.66,255.0,BURL
2023-12-15 14:26:00,184.475,184.62,184.475,184.62,2399.0,BURL
2023-12-15 14:25:00,184.44,184.5,184.41,184.47,2403.0,BURL
2023-12-15 14:24:00,184.48,184.51,184.38,184.48,7545.0,BURL
2023-12-15 14:23:00,184.65,184.65,184.47,184.5,2992.0,BURL
2023-12-15 14:22:00,184.64,184.64,184.64,184.64,122.0,BURL
2023-12-15 14:20:00,184.54,184.63,184.54,184.59,1478.0,BURL
2023-12-15 14:19:00,184.75,184.75,184.65,184.65,654.0,BURL
2023-12-15 14:17:00,184.98,184.98,184.89,184.895,575.0,BURL
2023-12-15 14:16:00,184.93,184.98,184.86,184.86,4209.0,BURL
2023-12-15 14:15:00,184.88,184.9,184.78,184.81,1200.0,BURL
2023-12-15 14:14:00,184.46,184.495,184.45,184.495,1047.0,BURL
2023-12-15 14:13:00,184.29,184.4,184.28,184.4,3752.0,BURL
2023-12-15 14:12:00,184.23,184.31,184.21,184.31,2639.0,BURL
2023-12-15 14:11:00,184.21,184.21,184.21,184.21,212.0,BURL
2023-12-15 14:10:00,184.26,184.27,184.25,184.26,807.0,BURL
2023-12-15 14:09:00,184.22,184.22,184.22,184.22,204.0,BURL
2023-12-15 14:08:00,184.18,184.26,184.18,184.22,1119.0,BURL
2023-12-15 14:07:00,184.05,184.18,184.05,184.18,1280.0,BURL
2023-12-15 14:06:00,184.03,184.11,184.03,184.04,746.0,BURL
2023-12-15 14:05:00,184.19,184.22,184.04,184.04,2207.0,BURL
2023-12-15 14:03:00,184.29,184.29,184.29,184.29,373.0,BURL
2023-12-15 14:02:00,184.285,184.34,184.285,184.34,351.0,BURL
2023-12-15 14:01:00,184.26,184.27,184.21,184.22,1649.0,BURL
2023-12-15 14:00:00,184.19,184.213,184.14,184.212,943.0,BURL
2023-12-15 13:59:00,184.19,184.265,184.19,184.265,800.0,BURL
2023-12-15 13:56:00,184.39,184.39,184.39,184.39,675.0,BURL
2023-12-15 13:55:00,184.45,184.62,184.44,184.48,2732.0,BURL
2023-12-15 13:54:00,184.27,184.39,184.21,184.39,3261.0,BURL
2023-12-15 13:53:00,184.23,184.26,184.22,184.22,716.0,BURL
2023-12-15 13:52:00,184.2,184.235,184.13,184.19,2419.0,BURL
2023-12-15 13:51:00,184.17,184.2,184.17,184.2,603.0,BURL
2023-12-15 13:50:00,184.3,184.3,184.3,184.3,542.0,BURL
2023-12-15 13:49:00,184.21,184.21,184.21,184.21,208.0,BURL
2023-12-15 13:48:00,184.22,184.27,184.148,184.225,1925.0,BURL
2023-12-15 13:47:00,184.1,184.24,184.1,184.2,1190.0,BURL
2023-12-15 13:46:00,184.07,184.17,183.8,184.17,2965.0,BURL
2023-12-15 13:45:00,184.072,184.072,183.97,184.07,1303.0,BURL
2023-12-15 13:44:00,184.145,184.145,184.05,184.07,3082.0,BURL
2023-12-15 13:43:00,184.045,184.16,184.04,184.15,2787.0,BURL
2023-12-15 13:42:00,184.035,184.045,184.035,184.045,770.0,BURL
2023-12-15 13:41:00,184.3,184.3,183.84,183.84,1674.0,BURL
2023-12-15 13:40:00,184.24,184.24,184.23,184.24,999.0,BURL
2023-12-15 13:39:00,184.405,184.405,184.405,184.405,204.0,BURL
2023-12-15 13:38:00,184.33,184.42,184.23,184.42,4690.0,BURL
2023-12-15 13:37:00,184.46,184.46,184.3,184.46,4467.0,BURL
2023-12-15 13:36:00,184.52,184.66,184.515,184.53,4123.0,BURL
2023-12-15 13:35:00,184.565,184.63,184.565,184.595,434.0,BURL
2023-12-15 13:34:00,184.6,184.6,184.6,184.6,806.0,BURL
2023-12-15 13:33:00,184.6,184.65,184.44,184.65,4590.0,BURL
2023-12-15 13:32:00,184.61,184.635,184.6,184.6,724.0,BURL
2023-12-15 13:31:00,184.74,184.74,184.71,184.71,2058.0,BURL
2023-12-15 13:30:00,184.71,184.8,184.71,184.8,589.0,BURL
2023-12-15 13:29:00,184.59,184.71,184.59,184.71,2375.0,BURL
2023-12-15 13:28:00,184.57,184.57,184.525,184.56,1051.0,BURL
2023-12-15 13:27:00,184.56,184.56,184.48,184.52,1971.0,BURL
2023-12-15 13:26:00,184.59,184.63,184.59,184.63,697.0,BURL
2023-12-15 13:24:00,184.64,184.64,184.64,184.64,319.0,BURL
2023-12-15 13:23:00,184.6,184.64,184.49,184.55,3599.0,BURL
2023-12-15 13:22:00,184.63,184.63,184.54,184.545,2654.0,BURL
2023-12-15 13:21:00,184.55,184.6,184.55,184.6,219.0,BURL
2023-12-15 13:20:00,184.52,184.52,184.52,184.52,257.0,BURL
2023-12-15 13:19:00,184.58,184.61,184.58,184.61,738.0,BURL
2023-12-15 13:18:00,184.59,184.61,184.535,184.61,707.0,BURL
2023-12-15 13:17:00,184.58,184.66,184.568,184.66,1537.0,BURL
2023-12-15 13:16:00,184.54,184.58,184.465,184.58,1165.0,BURL
2023-12-15 13:15:00,184.59,184.59,184.49,184.49,2666.0,BURL
2023-12-15 13:14:00,184.49,184.62,184.49,184.62,2000.0,BURL
2023-12-15 13:13:00,184.51,184.53,184.51,184.52,652.0,BURL
2023-12-15 13:12:00,184.51,184.51,184.4,184.42,2387.0,BURL
2023-12-15 13:11:00,184.57,184.58,184.53,184.53,2292.0,BURL
2023-12-15 13:10:00,184.64,184.64,184.46,184.46,938.0,BURL
2023-12-15 13:09:00,184.47,184.67,184.36,184.67,4562.0,BURL
2023-12-15 13:08:00,184.47,184.55,184.47,184.47,679.0,BURL
2023-12-15 13:07:00,184.72,184.72,184.615,184.615,1472.0,BURL
2023-12-15 13:06:00,184.65,184.65,184.47,184.62,954.0,BURL
2023-12-15 13:05:00,184.81,184.81,184.56,184.56,3001.0,BURL
2023-12-15 13:04:00,184.76,184.77,184.75,184.75,3113.0,BURL
2023-12-15 13:02:00,184.97,184.97,184.97,184.97,162.0,BURL
2023-12-15 13:01:00,184.88,184.98,184.875,184.95,731.0,BURL
2023-12-15 13:00:00,184.925,184.925,184.925,184.925,257.0,BURL
2023-12-15 12:59:00,184.94,184.945,184.78,184.78,993.0,BURL
2023-12-15 12:57:00,185.07,185.07,185.07,185.07,934.0,BURL
2023-12-15 12:56:00,185.28,185.37,185.28,185.37,1388.0,BURL
2023-12-15 12:55:00,185.19,185.19,185.19,185.19,271.0,BURL
2023-12-15 12:54:00,185.12,185.14,185.12,185.14,655.0,BURL
2023-12-15 12:53:00,184.95,184.96,184.94,184.96,2602.0,BURL
2023-12-15 12:52:00,185.09,185.105,185.04,185.04,1938.0,BURL
2023-12-15 12:51:00,185.02,185.02,184.925,185.01,751.0,BURL
2023-12-15 12:50:00,184.9,185.07,184.895,185.04,614.0,BURL
2023-12-15 12:49:00,184.88,185.07,184.862,184.91,6154.0,BURL
2023-12-15 12:48:00,184.36,184.85,184.35,184.805,5828.0,BURL
2023-12-15 12:47:00,184.55,184.55,184.42,184.42,882.0,BURL
2023-12-15 12:46:00,184.85,184.85,184.85,184.85,243.0,BURL
2023-12-15 12:45:00,184.875,184.875,184.875,184.875,220.0,BURL
2023-12-15 12:43:00,185.03,185.03,185.025,185.025,280.0,BURL
2023-12-15 12:42:00,185.249,185.249,185.22,185.22,1036.0,BURL
2023-12-15 12:41:00,185.355,185.355,185.355,185.355,141.0,BURL
2023-12-15 12:40:00,185.4,185.4,185.355,185.355,461.0,BURL
2023-12-15 12:39:00,185.31,185.33,185.28,185.31,824.0,BURL
2023-12-15 12:38:00,185.4,185.4,185.39,185.395,485.0,BURL
2023-12-15 12:37:00,185.53,185.53,185.385,185.385,1374.0,BURL
2023-12-15 12:36:00,185.59,185.62,185.53,185.58,1875.0,BURL
2023-12-15 12:35:00,185.49,185.54,185.49,185.505,1803.0,BURL
2023-12-15 12:34:00,185.42,185.56,185.41,185.56,1279.0,BURL
2023-12-15 12:33:00,185.32,185.39,185.32,185.325,687.0,BURL
2023-12-15 12:32:00,185.49,185.53,185.31,185.31,2391.0,BURL
2023-12-15 12:31:00,185.32,185.43,185.32,185.42,634.0,BURL
2023-12-15 12:30:00,185.4,185.4,185.33,185.33,1008.0,BURL
2023-12-15 12:29:00,185.36,185.42,185.3,185.4,704.0,BURL
2023-12-15 12:28:00,185.33,185.34,185.33,185.34,729.0,BURL
2023-12-15 12:27:00,185.44,185.48,185.265,185.33,1588.0,BURL
2023-12-15 12:26:00,185.3,185.3,185.3,185.3,138.0,BURL
2023-12-15 12:25:00,185.34,185.35,185.31,185.31,2123.0,BURL
2023-12-15 12:24:00,185.21,185.3,185.195,185.24,1789.0,BURL
2023-12-15 12:22:00,185.4,185.4,185.23,185.23,938.0,BURL
2023-12-15 12:21:00,185.34,185.34,185.34,185.34,287.0,BURL
2023-12-15 12:20:00,185.48,185.51,185.39,185.39,2404.0,BURL
2023-12-15 12:19:00,185.25,185.325,185.25,185.325,1156.0,BURL
2023-12-15 12:17:00,185.59,185.59,185.58,185.58,299.0,BURL
2023-12-15 12:16:00,185.45,185.45,185.45,185.45,308.0,BURL
2023-12-15 12:15:00,185.44,185.44,185.44,185.44,193.0,BURL
2023-12-15 12:14:00,185.65,185.65,185.38,185.455,810.0,BURL
2023-12-15 12:13:00,185.505,185.56,185.505,185.505,797.0,BURL
2023-12-15 12:12:00,185.76,185.76,185.49,185.49,2701.0,BURL
2023-12-15 12:10:00,185.875,185.875,185.875,185.875,150.0,BURL
2023-12-15 12:09:00,185.77,185.77,185.77,185.77,238.0,BURL
2023-12-15 12:08:00,185.68,185.69,185.68,185.69,638.0,BURL
2023-12-15 12:07:00,185.68,185.68,185.68,185.68,102.0,BURL
2023-12-15 12:06:00,185.7,185.7,185.65,185.65,459.0,BURL
2023-12-15 12:05:00,185.64,185.65,185.64,185.65,675.0,BURL
2023-12-15 12:04:00,185.62,185.62,185.42,185.545,2759.0,BURL
2023-12-15 12:03:00,185.945,185.945,185.76,185.85,2144.0,BURL
2023-12-15 12:02:00,186.0,186.0,185.93,185.93,369.0,BURL
2023-12-15 12:01:00,185.925,185.925,185.925,185.925,330.0,BURL
2023-12-15 11:59:00,185.93,185.93,185.93,185.93,239.0,BURL
2023-12-15 11:57:00,185.825,185.85,185.825,185.85,922.0,BURL
2023-12-15 11:56:00,185.715,185.85,185.715,185.85,681.0,BURL
2023-12-15 11:55:00,185.71,185.77,185.71,185.77,776.0,BURL
2023-12-15 11:54:00,185.71,185.71,185.71,185.71,573.0,BURL
2023-12-15 11:53:00,185.605,185.605,185.605,185.605,446.0,BURL
2023-12-15 11:52:00,185.45,185.56,185.39,185.56,3222.0,BURL
2023-12-15 11:51:00,185.45,185.5,185.418,185.45,1301.0,BURL
2023-12-15 11:50:00,185.265,185.31,185.265,185.31,817.0,BURL
2023-12-15 11:49:00,185.34,185.385,185.23,185.27,5671.0,BURL
2023-12-15 11:48:00,185.35,185.41,185.35,185.39,597.0,BURL
2023-12-15 11:47:00,185.25,185.37,185.25,185.33,837.0,BURL
2023-12-15 11:45:00,185.35,185.35,185.35,185.35,351.0,BURL
2023-12-15 11:44:00,185.19,185.19,185.19,185.19,349.0,BURL
2023-12-15 11:43:00,184.99,185.16,184.76,185.08,2117.0,BURL
2023-12-15 11:42:00,184.855,184.99,184.855,184.92,967.0,BURL
2023-12-15 11:41:00,185.21,185.22,184.8,184.8,7493.0,BURL
2023-12-15 11:40:00,185.37,185.41,185.37,185.41,695.0,BURL
2023-12-15 11:39:00,185.33,185.46,185.27,185.46,808.0,BURL
2023-12-15 11:38:00,185.15,185.28,185.15,185.21,750.0,BURL
2023-12-15 11:37:00,185.0,185.0,185.0,185.0,272.0,BURL
2023-12-15 11:36:00,184.69,184.98,184.67,184.98,3926.0,BURL
2023-12-15 11:35:00,185.11,185.13,184.79,184.79,2431.0,BURL
2023-12-15 11:34:00,185.35,185.35,185.21,185.21,1870.0,BURL
2023-12-15 11:33:00,184.96,185.45,184.96,185.45,2450.0,BURL
2023-12-15 11:32:00,185.07,185.17,185.06,185.065,2500.0,BURL
2023-12-15 11:31:00,184.97,185.07,184.84,184.97,4368.0,BURL
2023-12-15 11:30:00,184.995,184.995,184.995,184.995,831.0,BURL
2023-12-15 11:29:00,185.005,185.005,185.005,185.005,659.0,BURL
2023-12-15 11:28:00,185.14,185.14,185.14,185.14,1165.0,BURL
2023-12-15 11:27:00,185.2,185.2,185.2,185.2,427.0,BURL
2023-12-15 11:26:00,185.24,185.24,185.2,185.22,1744.0,BURL
2023-12-15 11:23:00,185.47,185.48,185.455,185.455,939.0,BURL
2023-12-15 11:22:00,185.37,185.5,185.37,185.455,2566.0,BURL
2023-12-15 11:21:00,185.65,185.65,185.375,185.375,3175.0,BURL
2023-12-15 11:20:00,185.66,185.66,185.66,185.66,222.0,BURL
2023-12-15 11:18:00,185.805,185.805,185.805,185.805,331.0,BURL
2023-12-15 11:16:00,185.71,185.765,185.71,185.765,1097.0,BURL
2023-12-15 11:15:00,185.84,185.94,185.835,185.835,1888.0,BURL
2023-12-15 11:14:00,185.96,185.96,185.59,185.7,4987.0,BURL
2023-12-15 11:13:00,185.835,185.835,185.835,185.835,209.0,BURL
2023-12-15 11:12:00,185.83,185.83,185.83,185.83,275.0,BURL
2023-12-15 11:11:00,185.88,185.88,185.845,185.845,595.0,BURL
2023-12-15 11:09:00,186.02,186.14,185.97,185.97,1289.0,BURL
2023-12-15 11:08:00,186.04,186.04,186.02,186.025,1382.0,BURL
2023-12-15 11:07:00,186.18,186.18,186.07,186.07,630.0,BURL
2023-12-15 11:06:00,186.3,186.3,186.17,186.185,1445.0,BURL
2023-12-15 11:05:00,186.42,186.42,186.195,186.195,917.0,BURL
2023-12-15 11:03:00,186.345,186.345,186.25,186.25,885.0,BURL
2023-12-15 11:02:00,186.14,186.408,186.065,186.345,2882.0,BURL
2023-12-15 11:01:00,186.28,186.28,186.28,186.28,2435.0,BURL
2023-12-15 11:00:00,186.16,186.28,186.16,186.28,461.0,BURL
2023-12-15 10:59:00,186.36,186.39,186.36,186.39,1383.0,BURL
2023-12-15 10:58:00,186.495,186.495,186.15,186.15,3571.0,BURL
2023-12-15 10:56:00,186.294,186.294,186.295,186.294,2135.0,BURL
2023-12-15 10:55:00,186.39,186.4,186.26,186.26,526.0,BURL
2023-12-15 10:54:00,186.39,186.39,186.39,186.39,3109.0,BURL
2023-12-15 10:53:00,186.42,186.43,186.285,186.285,1223.0,BURL
2023-12-15 10:52:00,186.05,186.33,186.05,186.27,10850.0,BURL
2023-12-15 10:51:00,185.91,185.91,185.91,185.91,330.0,BURL
2023-12-15 10:49:00,185.92,185.92,185.79,185.915,910.0,BURL
2023-12-15 10:48:00,185.725,186.12,185.725,185.98,4727.0,BURL
2023-12-15 10:47:00,185.57,185.57,185.57,185.57,194.0,BURL
2023-12-15 10:46:00,185.595,185.595,185.57,185.57,385.0,BURL
2023-12-15 10:45:00,185.612,185.612,185.51,185.51,302.0,BURL
2023-12-15 10:44:00,185.76,185.77,185.76,185.77,1036.0,BURL
2023-12-15 10:42:00,185.5,185.5,185.5,185.5,517.0,BURL
2023-12-15 10:41:00,185.79,185.79,185.62,185.62,1577.0,BURL
2023-12-15 10:40:00,185.9,185.9,185.9,185.9,629.0,BURL
2023-12-15 10:39:00,185.955,186.06,185.955,185.955,843.0,BURL
2023-12-15 10:38:00,186.58,186.59,185.84,185.84,2968.0,BURL
2023-12-15 10:37:00,186.78,186.78,186.715,186.715,890.0,BURL
2023-12-15 10:36:00,186.59,186.67,186.59,186.615,2493.0,BURL
2023-12-15 10:35:00,186.397,186.47,186.31,186.435,2234.0,BURL
2023-12-15 10:33:00,186.57,186.57,186.57,186.57,415.0,BURL
2023-12-15 10:32:00,186.42,186.55,186.42,186.47,1236.0,BURL
2023-12-15 10:31:00,186.39,186.39,186.31,186.35,735.0,BURL
2023-12-15 10:30:00,186.43,186.48,186.18,186.29,2500.0,BURL
2023-12-15 10:29:00,186.39,186.415,186.39,186.415,768.0,BURL
2023-12-15 10:28:00,186.23,186.23,186.23,186.23,545.0,BURL
2023-12-15 10:26:00,186.045,186.195,185.92,186.145,3086.0,BURL
2023-12-15 10:25:00,186.03,186.03,186.03,186.03,186.0,BURL
2023-12-15 10:24:00,186.23,186.24,185.86,186.04,1216.0,BURL
2023-12-15 10:22:00,185.94,186.04,185.79,186.04,2010.0,BURL
2023-12-15 10:21:00,185.678,185.695,185.65,185.695,670.0,BURL
2023-12-15 10:20:00,185.32,185.65,185.32,185.65,2115.0,BURL
2023-12-15 10:19:00,185.31,185.32,185.185,185.185,2241.0,BURL
2023-12-15 10:17:00,185.17,185.33,185.06,185.19,2869.0,BURL
2023-12-15 10:16:00,185.32,185.32,185.28,185.28,1075.0,BURL
2023-12-15 10:15:00,185.49,185.49,185.19,185.275,3236.0,BURL
2023-12-15 10:13:00,185.52,185.52,185.475,185.475,726.0,BURL
2023-12-15 10:11:00,185.35,185.49,185.31,185.49,1468.0,BURL
2023-12-15 10:10:00,185.527,185.527,185.08,185.2,1848.0,BURL
2023-12-15 10:09:00,185.467,185.64,185.468,185.575,1633.0,BURL
2023-12-15 10:08:00,185.49,185.49,185.47,185.485,759.0,BURL
2023-12-15 10:06:00,185.77,185.77,185.77,185.77,425.0,BURL
2023-12-15 10:05:00,185.95,185.95,185.95,185.95,440.0,BURL
2023-12-15 10:04:00,185.79,186.09,185.72,185.965,2426.0,BURL
2023-12-15 10:03:00,186.11,186.11,185.905,185.905,1059.0,BURL
2023-12-15 10:01:00,186.15,186.16,185.935,186.11,865.0,BURL
2023-12-15 10:00:00,186.28,186.4,185.995,186.14,2701.0,BURL
2023-12-15 09:57:00,186.31,186.31,185.89,186.167,2483.0,BURL
2023-12-15 09:56:00,186.65,186.65,185.94,186.282,1849.0,BURL
2023-12-15 09:54:00,186.56,186.56,186.56,186.56,106.0,BURL
2023-12-15 09:53:00,186.47,186.681,186.47,186.681,466.0,BURL
2023-12-15 09:52:00,186.555,186.555,186.47,186.47,508.0,BURL
2023-12-15 09:50:00,187.13,187.13,187.115,187.115,1266.0,BURL
2023-12-15 09:49:00,187.4,187.61,187.22,187.22,1415.0,BURL
2023-12-15 09:48:00,186.715,187.57,186.68,187.38,1422.0,BURL
2023-12-15 09:47:00,186.34,186.65,186.284,186.37,1987.0,BURL
2023-12-15 09:46:00,186.37,186.37,186.315,186.33,819.0,BURL
2023-12-15 09:45:00,186.03,186.84,186.03,186.68,1572.0,BURL
2023-12-15 09:44:00,185.92,186.1,185.79,186.03,3495.0,BURL
2023-12-15 09:43:00,185.5,185.52,185.49,185.49,1643.0,BURL
2023-12-15 09:42:00,186.63,186.63,185.23,185.7,3699.0,BURL
2023-12-15 09:41:00,186.595,186.595,186.595,186.595,405.0,BURL
2023-12-15 09:37:00,187.13,187.13,186.73,186.835,1891.0,BURL
2023-12-15 09:35:00,188.97,188.97,187.13,187.13,3846.0,BURL
2023-12-15 09:34:00,189.24,189.99,189.24,189.99,698.0,BURL
2023-12-15 09:33:00,188.99,188.99,188.97,188.97,519.0,BURL
2023-12-15 09:32:00,188.585,188.915,188.585,188.84,2364.0,BURL
2023-12-15 09:31:00,188.79,188.83,188.38,188.585,4609.0,BURL
2023-12-15 09:30:00,187.63,189.41,186.93,189.11,47353.0,BURL
2023-12-15 09:10:00,190.98,190.98,190.98,190.98,5.0,BURL
2023-12-15 09:02:00,190.98,190.98,190.98,190.98,5.0,BURL
2023-12-15 08:18:00,190.98,190.98,190.98,190.98,10.0,BURL
2023-12-15 08:00:00,190.99,190.99,190.99,190.99,10.0,BURL
2023-12-14 19:00:00,187.9,187.9,187.9,187.9,204719.0,BURL
2023-12-14 18:30:00,187.9,187.9,187.9,187.9,204719.0,BURL
2023-12-14 16:10:00,187.9,187.9,187.9,187.9,204719.0,BURL
2023-12-14 16:08:00,192.695,192.695,192.695,192.695,500.0,BURL
2023-12-14 16:03:00,187.9,187.9,187.5,187.5,391.0,BURL
2023-12-14 16:02:00,187.9,188.0,187.9,187.9,497.0,BURL
2023-12-14 16:01:00,187.9,187.9,187.9,187.9,43.0,BURL
2023-12-14 16:00:00,187.89,187.91,187.89,187.9,441081.0,BURL
2023-12-14 15:59:00,188.22,188.24,187.88,187.91,101474.0,BURL
2023-12-14 15:58:00,188.22,188.24,188.07,188.22,62270.0,BURL
2023-12-14 15:57:00,188.18,188.27,188.16,188.23,22482.0,BURL
2023-12-14 15:56:00,188.495,188.495,188.09,188.18,30924.0,BURL
2023-12-14 15:55:00,188.435,188.51,188.4,188.48,24066.0,BURL
2023-12-14 15:54:00,188.22,188.47,188.22,188.44,16750.0,BURL
2023-12-14 15:53:00,188.32,188.37,188.16,188.23,29217.0,BURL
2023-12-14 15:52:00,188.305,188.32,188.26,188.3,11915.0,BURL
2023-12-14 15:51:00,188.135,188.32,188.13,188.32,16185.0,BURL
2023-12-14 15:50:00,187.98,188.17,187.95,188.17,14177.0,BURL
2023-12-14 15:49:00,188.26,188.26,188.03,188.04,12086.0,BURL
2023-12-14 15:48:00,188.31,188.36,188.27,188.295,11207.0,BURL
2023-12-14 15:47:00,188.465,188.52,188.31,188.31,4833.0,BURL
2023-12-14 15:46:00,188.42,188.53,188.385,188.52,12732.0,BURL
2023-12-14 15:45:00,188.44,188.454,188.34,188.38,4342.0,BURL
2023-12-14 15:44:00,188.49,188.49,188.39,188.39,1934.0,BURL
2023-12-14 15:43:00,188.46,188.525,188.43,188.52,3382.0,BURL
2023-12-14 15:42:00,188.52,188.52,188.36,188.415,2507.0,BURL
2023-12-14 15:41:00,188.48,188.58,188.48,188.52,4282.0,BURL
2023-12-14 15:40:00,188.485,188.495,188.45,188.475,3228.0,BURL
2023-12-14 15:39:00,188.48,188.5,188.378,188.475,6088.0,BURL
2023-12-14 15:38:00,188.68,188.68,188.54,188.54,4220.0,BURL
2023-12-14 15:37:00,188.75,188.75,188.585,188.6,2114.0,BURL
2023-12-14 15:36:00,188.825,188.84,188.78,188.81,2652.0,BURL
2023-12-14 15:35:00,188.58,188.82,188.58,188.82,11514.0,BURL
2023-12-14 15:34:00,188.735,188.75,188.66,188.68,2743.0,BURL
2023-12-14 15:33:00,188.86,188.87,188.735,188.735,1748.0,BURL
2023-12-14 15:32:00,189.055,189.055,188.88,188.88,3209.0,BURL
2023-12-14 15:31:00,189.03,189.09,189.03,189.055,1369.0,BURL
2023-12-14 15:30:00,189.01,189.06,188.9,189.005,6994.0,BURL
2023-12-14 15:29:00,188.92,189.04,188.895,188.96,4891.0,BURL
2023-12-14 15:28:00,188.82,188.89,188.81,188.89,5840.0,BURL
2023-12-14 15:27:00,188.73,188.88,188.68,188.82,8134.0,BURL
2023-12-14 15:26:00,188.74,188.87,188.675,188.675,3891.0,BURL
2023-12-14 15:25:00,188.82,188.83,188.74,188.81,4914.0,BURL
2023-12-14 15:24:00,188.85,188.91,188.84,188.84,928.0,BURL
2023-12-14 15:23:00,189.14,189.165,188.945,188.945,3587.0,BURL
2023-12-14 15:22:00,189.18,189.225,189.09,189.22,4138.0,BURL
2023-12-14 15:21:00,189.16,189.18,189.16,189.18,691.0,BURL
2023-12-14 15:20:00,189.13,189.205,189.11,189.205,2302.0,BURL
2023-12-14 15:19:00,188.925,189.11,188.88,189.11,5002.0,BURL
2023-12-14 15:18:00,188.94,188.98,188.925,188.98,1485.0,BURL
2023-12-14 15:17:00,189.0,189.0,188.9,188.935,3367.0,BURL
2023-12-14 15:16:00,189.01,189.01,189.01,189.01,1999.0,BURL
2023-12-14 15:15:00,188.875,188.95,188.875,188.95,2542.0,BURL
2023-12-14 15:14:00,188.72,188.89,188.71,188.89,5393.0,BURL
2023-12-14 15:13:00,188.73,188.75,188.73,188.745,1219.0,BURL
2023-12-14 15:12:00,188.98,189.01,188.77,188.83,6277.0,BURL
2023-12-14 15:11:00,189.15,189.15,188.99,188.99,2259.0,BURL
2023-12-14 15:10:00,189.115,189.18,189.115,189.17,2150.0,BURL
2023-12-14 15:09:00,189.1,189.17,189.1,189.17,2283.0,BURL
2023-12-14 15:08:00,189.03,189.09,188.965,189.09,2166.0,BURL
2023-12-14 15:07:00,188.92,188.99,188.9,188.97,4081.0,BURL
2023-12-14 15:06:00,189.29,189.29,189.0,189.0,1749.0,BURL
2023-12-14 15:05:00,189.31,189.33,189.31,189.33,858.0,BURL
2023-12-14 15:04:00,189.36,189.36,189.31,189.31,2113.0,BURL
2023-12-14 15:03:00,189.32,189.32,189.255,189.32,4199.0,BURL
2023-12-14 15:02:00,189.25,189.31,189.17,189.275,3120.0,BURL
2023-12-14 15:01:00,189.245,189.35,189.245,189.32,3712.0,BURL
2023-12-14 15:00:00,189.26,189.26,189.18,189.2,1820.0,BURL
2023-12-14 14:59:00,189.29,189.29,189.21,189.27,2942.0,BURL
2023-12-14 14:58:00,189.12,189.24,189.12,189.2,2235.0,BURL
2023-12-14 14:57:00,189.04,189.17,189.03,189.13,3814.0,BURL
2023-12-14 14:56:00,188.97,189.09,188.95,189.0,7489.0,BURL
2023-12-14 14:55:00,188.99,188.99,188.96,188.96,2954.0,BURL
2023-12-14 14:54:00,188.92,188.92,188.91,188.91,891.0,BURL
2023-12-14 14:53:00,189.0,189.0,188.99,188.99,1149.0,BURL
2023-12-14 14:52:00,188.975,189.03,188.94,189.03,3321.0,BURL
2023-12-14 14:51:00,189.11,189.11,188.95,188.96,3440.0,BURL
2023-12-14 14:50:00,189.14,189.14,189.14,189.14,400.0,BURL
2023-12-14 14:49:00,189.06,189.155,189.06,189.14,1915.0,BURL
2023-12-14 14:48:00,188.935,189.06,188.92,189.06,2423.0,BURL
2023-12-14 14:47:00,188.92,188.92,188.9,188.9,1039.0,BURL
2023-12-14 14:46:00,188.97,188.97,188.87,188.87,3196.0,BURL
2023-12-14 14:45:00,189.15,189.15,188.875,188.875,2055.0,BURL
2023-12-14 14:44:00,188.995,189.15,188.995,189.15,3234.0,BURL
2023-12-14 14:43:00,188.995,188.995,188.995,188.995,298.0,BURL
2023-12-14 14:42:00,189.12,189.12,188.99,189.05,2143.0,BURL
2023-12-14 14:41:00,188.78,189.07,188.78,189.07,4569.0,BURL
2023-12-14 14:40:00,188.78,188.8,188.7,188.79,827.0,BURL
2023-12-14 14:39:00,188.92,188.93,188.87,188.87,1381.0,BURL
2023-12-14 14:38:00,188.9,189.01,188.865,188.94,3621.0,BURL
2023-12-14 14:37:00,188.86,188.88,188.83,188.875,1718.0,BURL
2023-12-14 14:36:00,188.935,188.935,188.8,188.8,3154.0,BURL
2023-12-14 14:35:00,188.85,188.97,188.85,188.92,4528.0,BURL
2023-12-14 14:34:00,188.78,188.86,188.71,188.83,5356.0,BURL
2023-12-14 14:33:00,188.74,188.775,188.67,188.75,3616.0,BURL
2023-12-14 14:32:00,188.68,188.71,188.68,188.71,420.0,BURL
2023-12-14 14:31:00,188.7,188.835,188.7,188.765,5149.0,BURL
2023-12-14 14:30:00,188.84,188.84,188.74,188.77,1379.0,BURL
2023-12-14 14:29:00,188.895,188.895,188.895,188.895,396.0,BURL
2023-12-14 14:28:00,189.0,189.04,188.925,188.925,1371.0,BURL
2023-12-14 14:27:00,189.0,189.0,188.96,189.0,1764.0,BURL
2023-12-14 14:26:00,188.84,189.05,188.8,188.975,4948.0,BURL
2023-12-14 14:25:00,188.84,188.84,188.74,188.82,1027.0,BURL
2023-12-14 14:24:00,188.92,188.92,188.88,188.88,968.0,BURL
2023-12-14 14:23:00,189.11,189.11,188.98,189.005,3290.0,BURL
2023-12-14 14:22:00,188.76,189.01,188.76,189.01,3741.0,BURL
2023-12-14 14:21:00,188.76,188.76,188.76,188.76,500.0,BURL
2023-12-14 14:20:00,188.67,188.67,188.66,188.66,4389.0,BURL
2023-12-14 14:19:00,188.57,188.76,188.57,188.71,7539.0,BURL
2023-12-14 14:18:00,188.67,188.68,188.56,188.61,3796.0,BURL
2023-12-14 14:17:00,188.705,188.74,188.69,188.74,844.0,BURL
2023-12-14 14:16:00,188.47,188.655,188.4,188.64,4483.0,BURL
2023-12-14 14:15:00,188.48,188.48,188.47,188.47,920.0,BURL
2023-12-14 14:14:00,188.475,188.48,188.475,188.48,772.0,BURL
2023-12-14 14:13:00,188.475,188.475,188.475,188.475,214.0,BURL
2023-12-14 14:12:00,188.34,188.465,188.33,188.465,1723.0,BURL
2023-12-14 14:11:00,188.25,188.3,188.245,188.3,1045.0,BURL
2023-12-14 14:10:00,188.25,188.28,188.25,188.28,2907.0,BURL
2023-12-14 14:08:00,188.03,188.18,187.99,188.18,9372.0,BURL
2023-12-14 14:07:00,188.06,188.08,188.01,188.01,6611.0,BURL
2023-12-14 14:06:00,188.02,188.07,187.98,188.03,7065.0,BURL
2023-12-14 14:05:00,188.06,188.13,188.01,188.075,2137.0,BURL
2023-12-14 14:04:00,188.02,188.135,188.0,188.06,1104.0,BURL
2023-12-14 14:03:00,188.09,188.115,188.09,188.1,610.0,BURL
2023-12-14 14:02:00,188.17,188.19,188.04,188.155,3592.0,BURL
2023-12-14 14:01:00,188.03,188.18,188.02,188.18,1638.0,BURL
2023-12-14 14:00:00,187.935,187.97,187.93,187.97,1089.0,BURL
2023-12-14 13:59:00,187.8,187.94,187.75,187.94,2678.0,BURL
2023-12-14 13:58:00,187.47,187.61,187.47,187.61,1066.0,BURL
2023-12-14 13:57:00,187.27,187.4,187.27,187.4,2025.0,BURL
2023-12-14 13:56:00,187.17,187.29,187.17,187.28,19227.0,BURL
2023-12-14 13:55:00,187.25,187.285,187.06,187.06,2046.0,BURL
2023-12-14 13:54:00,187.1,187.31,187.015,187.25,5128.0,BURL
2023-12-14 13:53:00,187.22,187.22,187.01,187.01,877.0,BURL
2023-12-14 13:52:00,187.48,187.48,187.23,187.325,1479.0,BURL
2023-12-14 13:51:00,187.64,187.64,187.48,187.48,541.0,BURL
2023-12-14 13:50:00,187.83,187.83,187.698,187.77,3613.0,BURL
2023-12-14 13:49:00,188.0,188.0,187.87,187.87,4172.0,BURL
2023-12-14 13:48:00,187.9,188.0,187.9,188.0,3918.0,BURL
2023-12-14 13:47:00,188.07,188.07,187.9,187.9,2256.0,BURL
2023-12-14 13:46:00,188.04,188.18,188.04,188.177,922.0,BURL
2023-12-14 13:45:00,188.005,188.05,187.9,188.05,4122.0,BURL
2023-12-14 13:44:00,188.04,188.04,187.94,188.005,1496.0,BURL
2023-12-14 13:43:00,188.135,188.19,188.13,188.13,901.0,BURL
2023-12-14 13:42:00,188.4,188.4,188.15,188.15,3406.0,BURL
2023-12-14 13:41:00,188.335,188.42,188.335,188.42,1714.0,BURL
2023-12-14 13:40:00,188.3,188.3,188.3,188.3,357.0,BURL
2023-12-14 13:39:00,187.99,188.35,187.93,188.35,9053.0,BURL
2023-12-14 13:38:00,188.03,188.03,187.93,187.99,2383.0,BURL
2023-12-14 13:37:00,187.995,187.995,187.995,187.995,561.0,BURL
2023-12-14 13:36:00,187.96,187.99,187.95,187.99,1401.0,BURL
2023-12-14 13:35:00,187.95,187.95,187.9,187.9,2185.0,BURL
2023-12-14 13:34:00,187.46,187.96,187.46,187.96,4733.0,BURL
2023-12-14 13:33:00,187.88,187.88,187.615,187.615,2651.0,BURL
2023-12-14 13:32:00,188.0,188.0,187.962,187.98,979.0,BURL
2023-12-14 13:31:00,188.26,188.28,187.98,187.98,7756.0,BURL
2023-12-14 13:30:00,188.26,188.31,188.175,188.175,2545.0,BURL
2023-12-14 13:29:00,188.515,188.515,188.23,188.29,9788.0,BURL
2023-12-14 13:28:00,188.54,188.54,188.4,188.51,4507.0,BURL
2023-12-14 13:27:00,188.8,188.8,188.61,188.61,2784.0,BURL
2023-12-14 13:26:00,188.875,188.875,188.775,188.795,5051.0,BURL
2023-12-14 13:25:00,188.92,188.94,188.84,188.875,8497.0,BURL
2023-12-14 13:24:00,188.91,188.95,188.88,188.92,1633.0,BURL
2023-12-14 13:23:00,188.935,188.935,188.91,188.91,565.0,BURL
2023-12-14 13:22:00,188.935,188.935,188.935,188.935,550.0,BURL
2023-12-14 13:21:00,188.975,188.975,188.94,188.94,563.0,BURL
2023-12-14 13:20:00,188.985,188.985,188.98,188.98,1299.0,BURL
2023-12-14 13:19:00,189.04,189.04,189.0,189.0,1572.0,BURL
2023-12-14 13:18:00,189.185,189.185,189.165,189.165,557.0,BURL
2023-12-14 13:17:00,188.92,189.14,188.88,189.14,2351.0,BURL
2023-12-14 13:16:00,188.9,188.935,188.89,188.925,2013.0,BURL
2023-12-14 13:15:00,188.625,188.81,188.625,188.805,3682.0,BURL
2023-12-14 13:14:00,188.65,188.7,188.63,188.63,1447.0,BURL
2023-12-14 13:12:00,188.42,188.61,188.395,188.58,4125.0,BURL
2023-12-14 13:11:00,188.725,188.73,188.52,188.52,11528.0,BURL
2023-12-14 13:10:00,188.46,188.7,188.405,188.65,2151.0,BURL
2023-12-14 13:09:00,188.34,188.345,188.34,188.34,1521.0,BURL
2023-12-14 13:08:00,188.35,188.35,188.335,188.335,305.0,BURL
2023-12-14 13:07:00,188.263,188.49,188.25,188.415,2117.0,BURL
2023-12-14 13:06:00,188.08,188.275,188.08,188.27,5740.0,BURL
2023-12-14 13:05:00,187.95,187.96,187.95,187.96,513.0,BURL
2023-12-14 13:04:00,188.045,188.045,187.97,187.97,2278.0,BURL
2023-12-14 13:03:00,188.22,188.22,188.2,188.2,1104.0,BURL
2023-12-14 13:02:00,188.39,188.39,188.3,188.3,680.0,BURL
2023-12-14 13:01:00,188.49,188.53,188.38,188.502,1380.0,BURL
2023-12-14 13:00:00,188.51,188.525,188.37,188.37,734.0,BURL
2023-12-14 12:59:00,188.82,188.82,188.76,188.76,1502.0,BURL
2023-12-14 12:58:00,188.98,188.98,188.88,188.9,1207.0,BURL
2023-12-14 12:57:00,188.93,189.0,188.93,188.94,1213.0,BURL
2023-12-14 12:56:00,188.905,189.07,188.905,188.93,2005.0,BURL
2023-12-14 12:55:00,189.12,189.12,188.92,188.94,3007.0,BURL
2023-12-14 12:53:00,189.24,189.24,189.24,189.24,302.0,BURL
2023-12-14 12:52:00,189.38,189.38,189.355,189.355,247.0,BURL
2023-12-14 12:51:00,189.51,189.52,189.46,189.46,1198.0,BURL
2023-12-14 12:50:00,189.76,189.86,189.62,189.62,671.0,BURL
2023-12-14 12:49:00,189.535,189.68,189.52,189.632,1066.0,BURL
2023-12-14 12:48:00,189.37,189.51,189.3,189.51,2638.0,BURL
2023-12-14 12:47:00,189.21,189.35,189.21,189.29,1442.0,BURL
2023-12-14 12:46:00,189.38,189.38,189.32,189.32,698.0,BURL
2023-12-14 12:45:00,189.86,189.91,189.56,189.56,2542.0,BURL
2023-12-14 12:44:00,190.11,190.11,189.86,189.86,2362.0,BURL
2023-12-14 12:43:00,189.92,190.08,189.92,190.07,1388.0,BURL
2023-12-14 12:42:00,189.97,190.04,189.935,189.935,2026.0,BURL
2023-12-14 12:41:00,189.915,189.93,189.915,189.93,253.0,BURL
2023-12-14 12:40:00,189.96,190.05,189.93,189.96,2521.0,BURL
2023-12-14 12:39:00,190.11,190.11,189.895,189.895,2020.0,BURL
2023-12-14 12:38:00,190.23,190.28,190.11,190.11,1155.0,BURL
2023-12-14 12:37:00,190.165,190.25,190.165,190.23,1987.0,BURL
2023-12-14 12:36:00,190.19,190.255,190.11,190.11,2064.0,BURL
2023-12-14 12:35:00,190.28,190.3,190.22,190.22,1677.0,BURL
2023-12-14 12:34:00,190.36,190.4,190.36,190.4,593.0,BURL
2023-12-14 12:33:00,190.3,190.38,190.3,190.325,3431.0,BURL
2023-12-14 12:32:00,190.2,190.27,190.165,190.27,1910.0,BURL
2023-12-14 12:31:00,190.265,190.265,190.03,190.23,13143.0,BURL
2023-12-14 12:30:00,190.28,190.28,190.27,190.27,1699.0,BURL
2023-12-14 12:29:00,190.33,190.35,190.278,190.28,2386.0,BURL
2023-12-14 12:28:00,190.23,190.275,190.23,190.275,553.0,BURL
2023-12-14 12:27:00,190.295,190.32,190.255,190.32,1519.0,BURL
2023-12-14 12:26:00,190.32,190.32,190.32,190.32,387.0,BURL
2023-12-14 12:25:00,190.34,190.36,190.28,190.285,1885.0,BURL
2023-12-14 12:24:00,190.285,190.285,190.255,190.255,768.0,BURL
2023-12-14 12:23:00,190.363,190.372,190.325,190.325,902.0,BURL
2023-12-14 12:22:00,190.26,190.44,190.19,190.422,11827.0,BURL
2023-12-14 12:20:00,190.4,190.4,190.4,190.4,119.0,BURL
2023-12-14 12:19:00,190.27,190.408,190.25,190.32,1088.0,BURL
2023-12-14 12:18:00,190.205,190.205,190.16,190.2,2131.0,BURL
2023-12-14 12:17:00,190.05,190.27,190.05,190.24,6185.0,BURL
2023-12-14 12:16:00,190.43,190.585,189.88,189.88,5794.0,BURL
2023-12-14 12:15:00,190.59,190.59,190.59,190.59,592.0,BURL
2023-12-14 12:12:00,190.72,190.78,190.7,190.78,773.0,BURL
2023-12-14 12:11:00,190.565,190.71,190.565,190.665,816.0,BURL
2023-12-14 12:10:00,190.413,190.67,190.413,190.63,5218.0,BURL
2023-12-14 12:09:00,190.94,190.98,190.61,190.61,8402.0,BURL
2023-12-14 12:08:00,190.95,191.04,190.91,191.008,4685.0,BURL
2023-12-14 12:07:00,191.0,191.02,190.96,190.96,2479.0,BURL
2023-12-14 12:06:00,191.05,191.05,190.9,190.945,5673.0,BURL
2023-12-14 12:05:00,190.95,191.05,190.94,191.0,6640.0,BURL
2023-12-14 12:04:00,190.965,190.965,190.911,190.91,1139.0,BURL
2023-12-14 12:03:00,191.01,191.05,190.85,190.97,16095.0,BURL
2023-12-14 12:02:00,190.845,190.9,190.845,190.9,252.0,BURL
2023-12-14 12:01:00,190.885,191.02,190.8,190.9,6508.0,BURL
2023-12-14 12:00:00,190.86,191.01,190.85,190.905,1636.0,BURL
2023-12-14 11:59:00,190.85,190.86,190.78,190.78,882.0,BURL
2023-12-14 11:58:00,191.29,191.32,191.015,191.015,6488.0,BURL
2023-12-14 11:57:00,191.22,191.225,191.17,191.225,2913.0,BURL
2023-12-14 11:56:00,191.325,191.4,191.23,191.33,1642.0,BURL
2023-12-14 11:54:00,191.4,191.4,191.31,191.31,1034.0,BURL
2023-12-14 11:52:00,191.4,191.4,191.4,191.4,1128.0,BURL
2023-12-14 11:51:00,191.285,191.285,191.23,191.23,782.0,BURL
2023-12-14 11:50:00,191.305,191.305,191.305,191.305,355.0,BURL
2023-12-14 11:48:00,191.3,191.3,191.26,191.29,1167.0,BURL
2023-12-14 11:47:00,191.405,191.405,191.3,191.3,1370.0,BURL
2023-12-14 11:46:00,191.4,191.45,191.36,191.45,1211.0,BURL
2023-12-14 11:45:00,191.5,191.59,191.37,191.37,4906.0,BURL
2023-12-14 11:44:00,191.5,191.5,191.5,191.5,822.0,BURL
2023-12-14 11:43:00,191.48,191.5,191.48,191.5,1679.0,BURL
2023-12-14 11:42:00,191.4,191.55,191.32,191.5,3354.0,BURL
2023-12-14 11:41:00,191.43,191.43,191.345,191.345,1044.0,BURL
2023-12-14 11:40:00,191.25,191.26,191.08,191.26,1060.0,BURL
2023-12-14 11:39:00,190.86,191.16,190.86,191.08,5061.0,BURL
2023-12-14 11:38:00,190.91,191.0,190.79,190.79,1013.0,BURL
2023-12-14 11:37:00,190.86,190.905,190.86,190.905,2306.0,BURL
2023-12-14 11:36:00,190.86,191.1,190.76,190.845,13613.0,BURL
2023-12-14 11:35:00,190.94,190.94,190.94,190.94,1137.0,BURL
2023-12-14 11:34:00,190.865,190.865,190.855,190.855,355.0,BURL
2023-12-14 11:33:00,191.14,191.16,190.92,190.955,1311.0,BURL
2023-12-14 11:32:00,191.08,191.16,191.01,191.03,2310.0,BURL
2023-12-14 11:30:00,190.98,191.06,190.945,190.945,1653.0,BURL
2023-12-14 11:29:00,190.89,190.89,190.89,190.89,386.0,BURL
2023-12-14 11:28:00,191.205,191.237,190.95,190.985,5866.0,BURL
2023-12-14 11:27:00,191.205,191.26,191.205,191.26,844.0,BURL
2023-12-14 11:26:00,191.2,191.2,191.2,191.2,232.0,BURL
2023-12-14 11:25:00,191.077,191.245,191.078,191.245,1562.0,BURL
2023-12-14 11:24:00,191.37,191.37,190.95,190.965,3831.0,BURL
2023-12-14 11:23:00,191.485,191.64,191.485,191.49,1573.0,BURL
2023-12-14 11:22:00,191.56,191.68,191.56,191.62,1008.0,BURL
2023-12-14 11:21:00,191.465,191.59,191.465,191.59,618.0,BURL
2023-12-14 11:20:00,190.645,191.565,190.59,191.512,21264.0,BURL
2023-12-14 11:19:00,190.64,190.645,190.64,190.645,363.0,BURL
2023-12-14 11:18:00,190.59,190.81,190.59,190.81,614.0,BURL
2023-12-14 11:17:00,191.09,191.09,190.71,190.71,1309.0,BURL
2023-12-14 11:16:00,190.9,191.02,190.854,191.005,2026.0,BURL
2023-12-14 11:15:00,190.35,190.8,190.27,190.71,4311.0,BURL
2023-12-14 11:14:00,190.81,190.81,190.8,190.8,498.0,BURL
2023-12-14 11:13:00,191.39,191.39,191.0,191.0,5903.0,BURL
2023-12-14 11:12:00,191.417,191.52,191.345,191.48,3424.0,BURL
2023-12-14 11:11:00,191.44,191.44,191.31,191.32,711.0,BURL
2023-12-14 11:10:00,191.425,191.47,191.26,191.38,4327.0,BURL
2023-12-14 11:09:00,191.77,191.77,191.35,191.35,1458.0,BURL
2023-12-14 11:08:00,191.415,191.66,191.37,191.47,1327.0,BURL
2023-12-14 11:07:00,191.89,191.99,191.58,191.58,5208.0,BURL
2023-12-14 11:06:00,192.205,192.235,192.0,192.03,3026.0,BURL
2023-12-14 11:05:00,192.08,192.21,192.08,192.21,531.0,BURL
2023-12-14 11:04:00,192.24,192.24,192.24,192.24,217.0,BURL
2023-12-14 11:03:00,192.04,192.26,192.0,192.26,4274.0,BURL
2023-12-14 11:02:00,191.945,191.97,191.945,191.97,381.0,BURL
2023-12-14 11:01:00,191.95,191.95,191.95,191.95,451.0,BURL
2023-12-14 11:00:00,191.8,192.12,191.8,191.935,3853.0,BURL
2023-12-14 10:59:00,191.705,191.845,191.7,191.705,880.0,BURL
2023-12-14 10:58:00,191.92,191.92,191.7,191.7,997.0,BURL
2023-12-14 10:57:00,192.12,192.12,191.85,191.925,1796.0,BURL
2023-12-14 10:56:00,192.317,192.317,192.02,192.02,2868.0,BURL
2023-12-14 10:55:00,192.29,192.44,192.285,192.315,2064.0,BURL
2023-12-14 10:54:00,192.24,192.27,192.15,192.26,2612.0,BURL
2023-12-14 10:53:00,192.05,192.2,192.01,192.14,4465.0,BURL
2023-12-14 10:52:00,192.02,192.06,192.0,192.04,2059.0,BURL
2023-12-14 10:51:00,191.945,191.945,191.945,191.945,713.0,BURL
2023-12-14 10:50:00,191.803,192.07,191.803,191.935,2273.0,BURL
2023-12-14 10:49:00,191.86,192.07,191.86,192.005,5463.0,BURL
2023-12-14 10:48:00,191.71,191.86,191.71,191.72,2420.0,BURL
2023-12-14 10:47:00,191.905,191.905,191.63,191.71,2463.0,BURL
2023-12-14 10:46:00,191.82,191.97,191.75,191.97,2852.0,BURL
2023-12-14 10:45:00,191.855,191.97,191.64,191.72,3115.0,BURL
2023-12-14 10:44:00,191.865,191.865,191.865,191.865,529.0,BURL
2023-12-14 10:43:00,191.88,191.97,191.88,191.97,1060.0,BURL
2023-12-14 10:42:00,191.915,191.915,191.72,191.765,1522.0,BURL
2023-12-14 10:41:00,191.915,191.942,191.915,191.915,1077.0,BURL
2023-12-14 10:40:00,191.81,191.99,191.81,191.92,1924.0,BURL
2023-12-14 10:39:00,191.945,191.965,191.82,191.965,586.0,BURL
2023-12-14 10:38:00,191.845,191.97,191.845,191.97,1645.0,BURL
2023-12-14 10:37:00,191.56,191.79,191.56,191.71,3217.0,BURL
2023-12-14 10:36:00,191.6,191.6,191.34,191.35,4687.0,BURL
2023-12-14 10:35:00,191.67,191.67,191.67,191.67,190.0,BURL
2023-12-14 10:34:00,191.74,191.74,191.678,191.677,663.0,BURL
2023-12-14 10:33:00,191.595,191.75,191.595,191.71,1858.0,BURL
2023-12-14 10:31:00,191.55,192.07,191.55,191.82,4542.0,BURL
2023-12-14 10:30:00,191.745,191.745,191.5,191.5,2749.0,BURL
2023-12-14 10:29:00,192.0,192.0,191.66,191.66,2405.0,BURL
2023-12-14 10:28:00,191.9,191.99,191.9,191.935,2567.0,BURL
2023-12-14 10:27:00,191.57,191.82,191.41,191.77,3532.0,BURL
2023-12-14 10:26:00,191.44,191.57,191.41,191.57,5353.0,BURL
2023-12-14 10:25:00,191.46,191.46,191.32,191.32,4416.0,BURL
2023-12-14 10:24:00,191.69,191.69,191.35,191.35,8042.0,BURL
2023-12-14 10:23:00,191.505,191.525,191.43,191.525,2118.0,BURL
2023-12-14 10:22:00,191.6,191.61,191.33,191.33,5577.0,BURL
2023-12-14 10:21:00,191.235,191.72,191.235,191.57,3496.0,BURL
2023-12-14 10:20:00,191.54,191.55,191.25,191.25,3585.0,BURL
2023-12-14 10:19:00,191.17,191.46,191.17,191.46,2333.0,BURL
2023-12-14 10:18:00,191.14,191.29,191.14,191.29,696.0,BURL
2023-12-14 10:17:00,191.03,191.14,191.03,191.14,2175.0,BURL
2023-12-14 10:16:00,190.94,191.06,190.77,190.99,10205.0,BURL
2023-12-14 10:15:00,191.2,191.2,190.82,190.94,6696.0,BURL
2023-12-14 10:14:00,191.245,191.28,190.91,191.09,12666.0,BURL
2023-12-14 10:13:00,191.38,191.38,191.21,191.28,6117.0,BURL
2023-12-14 10:12:00,191.41,191.45,191.34,191.44,1612.0,BURL
2023-12-14 10:11:00,191.54,191.59,191.415,191.415,3068.0,BURL
2023-12-14 10:10:00,191.742,191.742,191.5,191.545,2022.0,BURL
2023-12-14 10:09:00,191.64,191.89,191.64,191.68,5749.0,BURL
2023-12-14 10:08:00,192.36,192.51,191.5,191.61,5172.0,BURL
2023-12-14 10:07:00,192.36,192.43,192.36,192.39,746.0,BURL
2023-12-14 10:06:00,192.51,192.56,192.4,192.4,1485.0,BURL
2023-12-14 10:05:00,192.57,192.57,192.19,192.47,2213.0,BURL
2023-12-14 10:04:00,192.725,192.92,192.57,192.57,2847.0,BURL
2023-12-14 10:03:00,192.68,192.81,192.44,192.81,7123.0,BURL
2023-12-14 10:02:00,192.575,192.84,192.3,192.81,9438.0,BURL
2023-12-14 10:01:00,192.33,192.71,192.33,192.71,3929.0,BURL
2023-12-14 10:00:00,192.04,192.6,192.04,192.35,5509.0,BURL
2023-12-14 09:59:00,191.9,191.99,191.9,191.9,1258.0,BURL
2023-12-14 09:58:00,191.63,191.94,191.63,191.76,3412.0,BURL
2023-12-14 09:57:00,191.67,191.8,191.65,191.74,2979.0,BURL
2023-12-14 09:56:00,191.78,191.8,191.78,191.8,1132.0,BURL
2023-12-14 09:55:00,191.615,191.8,191.61,191.61,4064.0,BURL
2023-12-14 09:54:00,191.13,191.59,191.13,191.59,1152.0,BURL
2023-12-14 09:53:00,190.82,191.165,190.685,190.985,6190.0,BURL
2023-12-14 09:52:00,190.715,190.82,190.58,190.81,12190.0,BURL
2023-12-14 09:51:00,190.8,190.8,190.8,190.8,1347.0,BURL
2023-12-14 09:50:00,190.69,190.9,190.595,190.73,5468.0,BURL
2023-12-14 09:49:00,190.5,190.5,190.5,190.5,485.0,BURL
2023-12-14 09:48:00,190.63,190.78,190.48,190.66,2458.0,BURL
2023-12-14 09:47:00,190.86,191.02,190.49,190.495,3456.0,BURL
2023-12-14 09:46:00,191.04,191.24,191.04,191.05,1180.0,BURL
2023-12-14 09:45:00,191.43,191.43,191.43,191.43,1118.0,BURL
2023-12-14 09:44:00,190.9,191.28,190.9,191.05,3213.0,BURL
2023-12-14 09:43:00,190.116,190.82,190.116,190.67,4720.0,BURL
2023-12-14 09:41:00,190.26,190.26,190.26,190.26,339.0,BURL
2023-12-14 09:40:00,190.3,190.31,190.3,190.31,507.0,BURL
2023-12-14 09:39:00,190.36,190.625,190.189,190.375,5547.0,BURL
2023-12-14 09:38:00,190.11,190.373,190.11,190.312,2070.0,BURL
2023-12-14 09:37:00,190.43,190.43,190.11,190.11,902.0,BURL
2023-12-14 09:36:00,190.455,190.455,190.455,190.455,189.0,BURL
2023-12-14 09:35:00,190.55,190.55,190.41,190.41,478.0,BURL
2023-12-14 09:34:00,190.29,190.455,190.29,190.455,1136.0,BURL
2023-12-14 09:33:00,190.03,190.62,189.768,190.5,6951.0,BURL
2023-12-14 09:32:00,190.0,190.424,189.94,190.03,4072.0,BURL
2023-12-14 09:31:00,189.94,190.46,189.94,190.0,1898.0,BURL
2023-12-14 09:30:00,189.31,189.99,189.31,189.92,11761.0,BURL
2023-12-14 09:29:00,188.0,188.0,187.57,187.57,47.0,BURL
2023-12-14 09:19:00,190.83,190.83,186.67,190.83,9984.0,BURL
2023-12-14 09:10:00,190.87,190.87,190.87,190.87,7.0,BURL
2023-12-14 09:08:00,190.0,190.0,190.0,190.0,126.0,BURL
2023-12-14 09:05:00,189.91,189.95,189.91,189.95,40.0,BURL
2023-12-14 08:57:00,189.0,189.37,189.0,189.0,12.0,BURL
2023-12-14 08:52:00,189.0,189.0,189.0,189.0,20.0,BURL
2023-12-14 08:48:00,189.0,189.0,189.0,189.0,17.0,BURL
2023-12-14 08:45:00,189.0,189.0,189.0,189.0,10.0,BURL
2023-12-14 08:43:00,188.95,188.95,188.95,188.95,34.0,BURL
2023-12-14 08:40:00,188.51,188.51,188.5,188.5,22.0,BURL
2023-12-14 08:39:00,188.95,188.95,188.95,188.95,1.0,BURL
2023-12-14 06:43:00,187.63,187.63,187.63,187.63,3.0,BURL
2023-12-13 19:35:00,188.05,188.06,188.0,188.06,22.0,BURL
2023-12-13 19:00:00,186.67,186.67,186.67,186.67,196581.0,BURL
2023-12-13 18:39:00,185.94,185.94,185.94,185.94,3.0,BURL
2023-12-13 18:30:00,186.67,186.67,186.67,186.67,196581.0,BURL
2023-12-13 18:10:00,186.65,186.65,186.65,186.65,5.0,BURL
2023-12-13 17:40:00,186.65,186.65,186.65,186.65,1.0,BURL
2023-12-13 17:33:00,186.7,186.7,186.7,186.7,5.0,BURL
2023-12-13 17:08:00,186.67,186.67,186.67,186.67,6.0,BURL
2023-12-13 16:50:00,186.67,186.67,186.67,186.67,13806.0,BURL
2023-12-13 16:22:00,186.68,186.68,186.67,186.67,25.0,BURL
2023-12-13 16:20:00,186.67,186.67,186.67,186.67,36.0,BURL
2023-12-13 16:10:00,186.67,186.67,186.6,186.6,196591.0,BURL
2023-12-13 16:05:00,186.67,186.67,186.67,186.67,3.0,BURL
2023-12-13 16:01:00,186.67,186.67,186.67,186.67,65.0,BURL
2023-12-13 16:00:00,186.73,186.74,186.67,186.67,404464.0,BURL
2023-12-13 15:59:00,186.83,186.94,186.61,186.74,54811.0,BURL
2023-12-13 15:58:00,186.91,187.055,186.82,186.82,37633.0,BURL
2023-12-13 15:57:00,186.97,186.97,186.83,186.95,19591.0,BURL
2023-12-13 15:56:00,186.88,187.03,186.765,187.03,29947.0,BURL
2023-12-13 15:55:00,186.83,187.04,186.82,186.88,21000.0,BURL
2023-12-13 15:54:00,186.76,186.85,186.736,186.815,10915.0,BURL
2023-12-13 15:53:00,186.9,186.96,186.81,186.815,14442.0,BURL
2023-12-13 15:52:00,186.9,186.953,186.74,186.885,18115.0,BURL
2023-12-13 15:51:00,186.9,186.935,186.78,186.9,20930.0,BURL
2023-12-13 15:50:00,186.94,187.09,186.915,186.94,14577.0,BURL
2023-12-13 15:49:00,186.97,187.05,186.9,186.99,21575.0,BURL
2023-12-13 15:48:00,186.92,186.97,186.83,186.94,8742.0,BURL
2023-12-13 15:47:00,186.95,187.04,186.85,186.945,9583.0,BURL
2023-12-13 15:46:00,186.92,187.08,186.85,186.9,9105.0,BURL
2023-12-13 15:45:00,186.895,186.92,186.81,186.887,11655.0,BURL
2023-12-13 15:44:00,186.79,186.9,186.74,186.9,8808.0,BURL
2023-12-13 15:43:00,186.87,186.87,186.66,186.74,4728.0,BURL
2023-12-13 15:42:00,186.84,186.89,186.71,186.78,4541.0,BURL
2023-12-13 15:41:00,186.8,186.95,186.63,186.89,17156.0,BURL
2023-12-13 15:40:00,186.88,186.92,186.583,186.73,10769.0,BURL
2023-12-13 15:39:00,187.11,187.21,186.785,186.8,9907.0,BURL
2023-12-13 15:38:00,187.035,187.24,186.935,187.12,18408.0,BURL
2023-12-13 15:37:00,186.89,187.0,186.825,187.0,3420.0,BURL
2023-12-13 15:36:00,186.71,186.9,186.71,186.88,2625.0,BURL
2023-12-13 15:35:00,186.37,186.67,186.37,186.585,3747.0,BURL
2023-12-13 15:34:00,186.2,186.38,186.18,186.38,5116.0,BURL
2023-12-13 15:33:00,186.375,186.43,186.05,186.09,10928.0,BURL
2023-12-13 15:32:00,186.28,186.46,186.18,186.375,2592.0,BURL
2023-12-13 15:31:00,186.055,186.2,185.86,186.1,6988.0,BURL
2023-12-13 15:30:00,185.98,186.18,185.82,186.18,3786.0,BURL
2023-12-13 15:29:00,185.65,185.94,185.65,185.93,4492.0,BURL
2023-12-13 15:28:00,185.22,185.545,185.19,185.545,21171.0,BURL
2023-12-13 15:27:00,185.0,185.22,184.92,185.22,5957.0,BURL
2023-12-13 15:26:00,185.05,185.14,184.93,185.01,13671.0,BURL
2023-12-13 15:25:00,185.07,185.17,185.02,185.055,8915.0,BURL
2023-12-13 15:24:00,184.995,185.18,184.995,185.14,2519.0,BURL
2023-12-13 15:23:00,184.79,185.08,184.79,184.98,7068.0,BURL
2023-12-13 15:22:00,184.71,184.78,184.569,184.71,12711.0,BURL
2023-12-13 15:21:00,184.39,184.61,184.365,184.6,3713.0,BURL
2023-12-13 15:20:00,184.325,184.46,184.32,184.38,3261.0,BURL
2023-12-13 15:19:00,184.37,184.4,184.31,184.33,5457.0,BURL
2023-12-13 15:18:00,184.417,184.525,184.418,184.43,3892.0,BURL
2023-12-13 15:17:00,184.43,184.435,184.3,184.4,3220.0,BURL
2023-12-13 15:16:00,184.5,184.62,184.29,184.46,8853.0,BURL
2023-12-13 15:15:00,184.57,184.57,184.22,184.49,6991.0,BURL
2023-12-13 15:14:00,184.36,184.5,184.335,184.5,1752.0,BURL
2023-12-13 15:13:00,184.49,184.64,184.49,184.59,3014.0,BURL
2023-12-13 15:12:00,184.84,184.93,184.52,184.575,16690.0,BURL
2023-12-13 15:11:00,184.95,185.17,184.765,184.765,3476.0,BURL
2023-12-13 15:10:00,185.07,185.34,184.945,184.96,4465.0,BURL
2023-12-13 15:09:00,185.08,185.28,185.08,185.1,1026.0,BURL
2023-12-13 15:08:00,185.29,185.34,185.18,185.22,2172.0,BURL
2023-12-13 15:07:00,185.505,185.505,185.19,185.19,2928.0,BURL
2023-12-13 15:06:00,185.75,185.85,185.525,185.525,3209.0,BURL
2023-12-13 15:05:00,185.63,185.77,185.63,185.77,1833.0,BURL
2023-12-13 15:04:00,185.39,185.605,185.38,185.605,1462.0,BURL
2023-12-13 15:03:00,185.14,185.25,185.04,185.22,4029.0,BURL
2023-12-13 15:02:00,184.99,185.16,184.96,185.16,2071.0,BURL
2023-12-13 15:01:00,184.95,185.16,184.945,185.05,2787.0,BURL
2023-12-13 15:00:00,184.5,185.01,184.5,184.942,5291.0,BURL
2023-12-13 14:59:00,184.63,184.73,184.495,184.5,2999.0,BURL
2023-12-13 14:58:00,184.74,184.79,184.53,184.585,2717.0,BURL
2023-12-13 14:57:00,184.785,184.89,184.78,184.795,1893.0,BURL
2023-12-13 14:56:00,184.737,184.89,184.738,184.87,1516.0,BURL
2023-12-13 14:55:00,184.76,184.97,184.708,184.92,4794.0,BURL
2023-12-13 14:54:00,185.0,185.05,184.83,184.905,7990.0,BURL
2023-12-13 14:53:00,184.792,185.025,184.77,185.025,1948.0,BURL
2023-12-13 14:52:00,184.92,185.05,184.65,184.76,4062.0,BURL
2023-12-13 14:51:00,184.865,185.0,184.845,184.935,1388.0,BURL
2023-12-13 14:50:00,184.595,184.87,184.51,184.845,6367.0,BURL
2023-12-13 14:49:00,184.64,184.84,184.62,184.785,3361.0,BURL
2023-12-13 14:48:00,184.82,184.82,184.49,184.51,4699.0,BURL
2023-12-13 14:47:00,184.733,184.82,184.705,184.78,3317.0,BURL
2023-12-13 14:46:00,184.635,184.77,184.55,184.72,3219.0,BURL
2023-12-13 14:45:00,184.35,184.58,184.35,184.58,1567.0,BURL
2023-12-13 14:44:00,184.36,184.423,184.14,184.315,9996.0,BURL
2023-12-13 14:43:00,184.19,184.5,184.16,184.365,4433.0,BURL
2023-12-13 14:42:00,184.09,184.315,184.09,184.315,1745.0,BURL
2023-12-13 14:41:00,183.77,184.18,183.705,184.18,2548.0,BURL
2023-12-13 14:40:00,183.49,183.76,183.485,183.76,2260.0,BURL
2023-12-13 14:39:00,183.46,183.56,183.373,183.49,8190.0,BURL
2023-12-13 14:38:00,183.675,183.78,183.44,183.52,3521.0,BURL
2023-12-13 14:37:00,183.615,183.77,183.615,183.77,1810.0,BURL
2023-12-13 14:36:00,183.45,183.78,183.45,183.65,7686.0,BURL
2023-12-13 14:35:00,183.425,183.57,183.425,183.57,1008.0,BURL
2023-12-13 14:34:00,183.395,183.51,183.355,183.475,1644.0,BURL
2023-12-13 14:33:00,183.11,183.36,183.11,183.36,1550.0,BURL
2023-12-13 14:32:00,183.09,183.27,183.09,183.21,1708.0,BURL
2023-12-13 14:31:00,183.18,183.18,182.84,183.045,7634.0,BURL
2023-12-13 14:30:00,183.235,183.24,183.0,183.12,3609.0,BURL
2023-12-13 14:29:00,183.185,183.265,183.115,183.165,3778.0,BURL
2023-12-13 14:28:00,183.0,183.24,182.99,182.99,1872.0,BURL
2023-12-13 14:27:00,182.84,182.95,182.81,182.95,2180.0,BURL
2023-12-13 14:26:00,182.65,182.8,182.65,182.8,1708.0,BURL
2023-12-13 14:25:00,182.71,182.71,182.44,182.6,5550.0,BURL
2023-12-13 14:24:00,182.71,182.71,182.605,182.605,941.0,BURL
2023-12-13 14:23:00,182.465,182.65,182.465,182.565,925.0,BURL
2023-12-13 14:22:00,182.185,182.43,182.185,182.43,1294.0,BURL
2023-12-13 14:21:00,182.25,182.38,182.025,182.025,2441.0,BURL
2023-12-13 14:20:00,181.95,182.38,181.91,182.38,3775.0,BURL
2023-12-13 14:19:00,181.9,182.06,181.82,181.975,2509.0,BURL
2023-12-13 14:18:00,181.725,181.875,181.725,181.875,847.0,BURL
2023-12-13 14:17:00,181.67,181.865,181.66,181.82,1313.0,BURL
2023-12-13 14:16:00,181.63,181.78,181.52,181.78,2897.0,BURL
2023-12-13 14:15:00,181.45,181.715,181.45,181.635,2903.0,BURL
2023-12-13 14:14:00,181.47,181.47,181.375,181.455,436.0,BURL
2023-12-13 14:13:00,181.715,181.75,181.31,181.39,3494.0,BURL
2023-12-13 14:12:00,181.675,181.75,181.525,181.64,806.0,BURL
2023-12-13 14:11:00,181.52,181.725,181.26,181.675,3069.0,BURL
2023-12-13 14:10:00,181.35,181.51,181.345,181.5,1185.0,BURL
2023-12-13 14:09:00,181.295,181.46,181.275,181.35,1023.0,BURL
2023-12-13 14:08:00,181.2,181.2,181.08,181.16,1425.0,BURL
2023-12-13 14:07:00,181.01,181.17,180.96,181.17,1450.0,BURL
2023-12-13 14:06:00,181.33,181.36,180.9,180.9,6220.0,BURL
2023-12-13 14:05:00,180.99,181.28,180.945,181.185,2001.0,BURL
2023-12-13 14:04:00,180.85,180.99,180.845,180.87,2499.0,BURL
2023-12-13 14:03:00,180.785,180.85,180.785,180.84,932.0,BURL
2023-12-13 14:02:00,180.727,180.82,180.67,180.74,1435.0,BURL
2023-12-13 14:01:00,179.99,180.64,179.84,180.64,6489.0,BURL
2023-12-13 14:00:00,179.67,179.98,179.565,179.91,3022.0,BURL
2023-12-13 13:59:00,179.55,179.55,179.41,179.41,1328.0,BURL
2023-12-13 13:58:00,179.72,179.72,179.625,179.625,887.0,BURL
2023-12-13 13:57:00,179.575,179.68,179.575,179.68,1342.0,BURL
2023-12-13 13:56:00,179.495,179.51,179.485,179.485,544.0,BURL
2023-12-13 13:55:00,179.49,179.55,179.49,179.55,1117.0,BURL
2023-12-13 13:54:00,179.42,179.495,179.405,179.46,2759.0,BURL
2023-12-13 13:52:00,179.39,179.39,179.34,179.38,380.0,BURL
2023-12-13 13:50:00,179.27,179.42,179.24,179.39,1698.0,BURL
2023-12-13 13:49:00,179.27,179.28,179.24,179.279,1749.0,BURL
2023-12-13 13:48:00,179.22,179.22,179.22,179.22,226.0,BURL
2023-12-13 13:47:00,179.2,179.2,179.19,179.19,258.0,BURL
2023-12-13 13:45:00,179.047,179.16,179.048,179.16,763.0,BURL
2023-12-13 13:44:00,179.065,179.08,179.065,179.075,842.0,BURL
2023-12-13 13:43:00,179.1,179.18,179.09,179.09,2536.0,BURL
2023-12-13 13:42:00,179.08,179.135,179.08,179.135,1227.0,BURL
2023-12-13 13:40:00,179.105,179.115,179.105,179.115,323.0,BURL
2023-12-13 13:39:00,179.11,179.11,179.11,179.11,145.0,BURL
2023-12-13 13:37:00,179.12,179.12,179.12,179.12,494.0,BURL
2023-12-13 13:36:00,179.23,179.25,179.16,179.16,1952.0,BURL
2023-12-13 13:35:00,179.12,179.18,179.12,179.18,668.0,BURL
2023-12-13 13:34:00,179.18,179.2,179.18,179.2,794.0,BURL
2023-12-13 13:33:00,179.36,179.36,179.245,179.245,1935.0,BURL
2023-12-13 13:32:00,179.33,179.4,179.33,179.39,1042.0,BURL
2023-12-13 13:31:00,179.22,179.38,179.22,179.38,1530.0,BURL
2023-12-13 13:30:00,179.22,179.22,179.22,179.22,215.0,BURL
2023-12-13 13:29:00,179.2,179.22,179.2,179.215,580.0,BURL
2023-12-13 13:28:00,178.96,179.08,178.915,179.08,3226.0,BURL
2023-12-13 13:27:00,178.885,178.93,178.885,178.91,946.0,BURL
2023-12-13 13:26:00,178.93,178.93,178.87,178.88,1515.0,BURL
2023-12-13 13:25:00,178.96,178.96,178.94,178.94,400.0,BURL
2023-12-13 13:24:00,178.96,178.96,178.96,178.96,260.0,BURL
2023-12-13 13:23:00,179.0,179.1,179.0,179.1,1368.0,BURL
2023-12-13 13:22:00,178.935,179.0,178.92,179.0,1124.0,BURL
2023-12-13 13:21:00,179.02,179.02,178.92,178.95,793.0,BURL
2023-12-13 13:20:00,179.01,179.01,178.985,178.985,947.0,BURL
2023-12-13 13:18:00,179.17,179.17,179.14,179.14,596.0,BURL
2023-12-13 13:17:00,179.12,179.13,179.1,179.1,1129.0,BURL
2023-12-13 13:16:00,179.14,179.24,179.13,179.19,2041.0,BURL
2023-12-13 13:14:00,179.1,179.1,179.07,179.07,562.0,BURL
2023-12-13 13:13:00,179.09,179.09,179.09,179.09,188.0,BURL
2023-12-13 13:12:00,179.17,179.17,179.01,179.01,1674.0,BURL
2023-12-13 13:11:00,179.23,179.23,179.205,179.205,1668.0,BURL
2023-12-13 13:09:00,179.36,179.36,179.29,179.29,1575.0,BURL
2023-12-13 13:07:00,179.37,179.5,179.37,179.5,337.0,BURL
2023-12-13 13:06:00,179.455,179.455,179.445,179.445,282.0,BURL
2023-12-13 13:05:00,179.46,179.49,179.455,179.49,636.0,BURL
2023-12-13 13:04:00,179.53,179.53,179.46,179.46,816.0,BURL
2023-12-13 13:03:00,179.45,179.455,179.37,179.455,851.0,BURL
2023-12-13 13:02:00,179.49,179.49,179.41,179.45,495.0,BURL
2023-12-13 13:01:00,179.53,179.53,179.43,179.45,2036.0,BURL
2023-12-13 13:00:00,179.59,179.59,179.53,179.53,540.0,BURL
2023-12-13 12:59:00,179.53,179.53,179.53,179.53,241.0,BURL
2023-12-13 12:58:00,179.72,179.72,179.51,179.555,2014.0,BURL
2023-12-13 12:57:00,179.65,179.68,179.605,179.605,1604.0,BURL
2023-12-13 12:56:00,179.47,179.65,179.47,179.59,566.0,BURL
2023-12-13 12:55:00,179.54,179.54,179.4,179.465,1894.0,BURL
2023-12-13 12:54:00,179.54,179.6,179.52,179.6,697.0,BURL
2023-12-13 12:53:00,179.4,179.62,179.4,179.55,3599.0,BURL
2023-12-13 12:52:00,179.27,179.27,179.27,179.27,498.0,BURL
2023-12-13 12:51:00,178.85,179.26,178.85,179.26,4894.0,BURL
2023-12-13 12:50:00,178.9,178.9,178.82,178.85,492.0,BURL
2023-12-13 12:49:00,178.867,178.868,178.78,178.85,695.0,BURL
2023-12-13 12:48:00,178.92,178.95,178.78,178.875,1113.0,BURL
2023-12-13 12:47:00,178.91,178.96,178.91,178.915,1598.0,BURL
2023-12-13 12:46:00,179.12,179.12,179.12,179.12,630.0,BURL
2023-12-13 12:45:00,179.15,179.15,179.05,179.07,2799.0,BURL
2023-12-13 12:44:00,179.15,179.17,179.105,179.15,1786.0,BURL
2023-12-13 12:43:00,179.13,179.13,179.02,179.105,4972.0,BURL
2023-12-13 12:42:00,179.08,179.13,179.055,179.055,1434.0,BURL
2023-12-13 12:41:00,179.07,179.07,179.07,179.07,248.0,BURL
2023-12-13 12:40:00,179.01,179.02,179.005,179.02,976.0,BURL
2023-12-13 12:38:00,179.07,179.11,179.07,179.1,901.0,BURL
2023-12-13 12:37:00,179.1,179.12,179.08,179.08,1440.0,BURL
2023-12-13 12:35:00,179.04,179.04,178.92,179.02,1563.0,BURL
2023-12-13 12:34:00,179.05,179.05,179.035,179.035,228.0,BURL
2023-12-13 12:33:00,178.96,179.01,178.96,179.01,1492.0,BURL
2023-12-13 12:32:00,179.06,179.15,178.91,178.93,3947.0,BURL
2023-12-13 12:31:00,179.1,179.12,179.055,179.12,1457.0,BURL
2023-12-13 12:30:00,179.03,179.14,179.03,179.045,2797.0,BURL
2023-12-13 12:29:00,178.95,179.01,178.95,178.97,1043.0,BURL
2023-12-13 12:27:00,178.79,178.87,178.77,178.87,944.0,BURL
2023-12-13 12:26:00,178.835,178.84,178.73,178.785,935.0,BURL
2023-12-13 12:25:00,178.808,178.86,178.808,178.85,523.0,BURL
2023-12-13 12:24:00,178.79,178.86,178.79,178.815,1380.0,BURL
2023-12-13 12:23:00,178.99,178.99,178.78,178.78,2342.0,BURL
2023-12-13 12:22:00,179.05,179.1,178.99,179.06,3178.0,BURL
2023-12-13 12:21:00,178.98,179.06,178.98,179.06,792.0,BURL
2023-12-13 12:20:00,178.96,178.98,178.89,178.89,1113.0,BURL
2023-12-13 12:19:00,178.9,178.9,178.895,178.895,496.0,BURL
2023-12-13 12:18:00,178.87,178.95,178.87,178.915,1016.0,BURL
2023-12-13 12:17:00,179.0,179.0,178.89,178.94,1363.0,BURL
2023-12-13 12:16:00,179.01,179.01,179.01,179.01,1364.0,BURL
2023-12-13 12:15:00,178.91,179.01,178.91,179.01,251.0,BURL
2023-12-13 12:14:00,178.95,178.95,178.95,178.95,156.0,BURL
2023-12-13 12:12:00,178.79,179.03,178.79,178.975,1877.0,BURL
2023-12-13 12:11:00,178.786,178.786,178.718,178.718,660.0,BURL
2023-12-13 12:10:00,178.83,178.84,178.77,178.795,2933.0,BURL
2023-12-13 12:07:00,178.765,178.765,178.765,178.765,241.0,BURL
2023-12-13 12:06:00,178.75,178.75,178.75,178.75,345.0,BURL
2023-12-13 12:05:00,178.88,178.95,178.85,178.85,1472.0,BURL
2023-12-13 12:04:00,178.87,178.87,178.87,178.87,156.0,BURL
2023-12-13 12:03:00,178.89,178.91,178.815,178.815,2395.0,BURL
2023-12-13 12:00:00,178.905,178.905,178.905,178.905,295.0,BURL
2023-12-13 11:59:00,178.86,178.86,178.86,178.86,629.0,BURL
2023-12-13 11:58:00,178.805,178.86,178.805,178.86,1082.0,BURL
2023-12-13 11:57:00,178.7,178.83,178.7,178.8,1464.0,BURL
2023-12-13 11:56:00,178.66,178.66,178.66,178.66,279.0,BURL
2023-12-13 11:55:00,178.69,178.69,178.67,178.67,515.0,BURL
2023-12-13 11:53:00,178.53,178.59,178.525,178.59,795.0,BURL
2023-12-13 11:52:00,178.55,178.55,178.51,178.53,1302.0,BURL
2023-12-13 11:51:00,178.49,178.49,178.485,178.485,980.0,BURL
2023-12-13 11:50:00,178.375,178.375,178.375,178.375,291.0,BURL
2023-12-13 11:49:00,178.38,178.38,178.37,178.37,318.0,BURL
2023-12-13 11:48:00,178.28,178.365,178.28,178.365,626.0,BURL
2023-12-13 11:47:00,178.28,178.28,178.28,178.28,255.0,BURL
2023-12-13 11:46:00,178.36,178.36,178.27,178.27,900.0,BURL
2023-12-13 11:45:00,178.365,178.43,178.365,178.37,964.0,BURL
2023-12-13 11:44:00,178.45,178.45,178.39,178.39,714.0,BURL
2023-12-13 11:42:00,178.46,178.46,178.41,178.41,809.0,BURL
2023-12-13 11:41:00,178.51,178.51,178.47,178.47,855.0,BURL
2023-12-13 11:40:00,178.57,178.57,178.57,178.57,429.0,BURL
2023-12-13 11:37:00,178.51,178.67,178.51,178.67,1190.0,BURL
2023-12-13 11:36:00,178.25,178.58,178.25,178.53,3681.0,BURL
2023-12-13 11:35:00,178.28,178.28,178.25,178.25,890.0,BURL
2023-12-13 11:34:00,178.35,178.4,178.33,178.38,1168.0,BURL
2023-12-13 11:33:00,178.41,178.41,178.34,178.34,649.0,BURL
2023-12-13 11:32:00,178.75,178.75,178.54,178.54,1471.0,BURL
2023-12-13 11:31:00,178.815,178.815,178.815,178.815,536.0,BURL
2023-12-13 11:30:00,178.9,178.9,178.71,178.71,1641.0,BURL
2023-12-13 11:27:00,178.97,178.97,178.935,178.935,316.0,BURL
2023-12-13 11:26:00,178.695,179.06,178.695,179.06,894.0,BURL
2023-12-13 11:25:00,178.66,178.66,178.655,178.655,771.0,BURL
2023-12-13 11:24:00,178.585,178.585,178.565,178.565,757.0,BURL
2023-12-13 11:23:00,178.495,178.62,178.48,178.62,1640.0,BURL
2023-12-13 11:22:00,178.67,178.67,178.46,178.46,2597.0,BURL
2023-12-13 11:21:00,178.53,178.775,178.53,178.775,1859.0,BURL
2023-12-13 11:19:00,178.44,178.44,178.44,178.44,301.0,BURL
2023-12-13 11:18:00,178.46,178.46,178.45,178.45,631.0,BURL
2023-12-13 11:17:00,178.47,178.48,178.408,178.407,902.0,BURL
2023-12-13 11:16:00,178.555,178.56,178.46,178.46,1320.0,BURL
2023-12-13 11:15:00,178.47,178.63,178.47,178.56,531.0,BURL
2023-12-13 11:14:00,178.66,178.66,178.48,178.48,909.0,BURL
2023-12-13 11:13:00,178.66,178.68,178.66,178.66,625.0,BURL
2023-12-13 11:12:00,178.69,178.69,178.56,178.56,1238.0,BURL
2023-12-13 11:11:00,178.695,178.695,178.695,178.695,519.0,BURL
2023-12-13 11:10:00,178.78,178.78,178.65,178.65,756.0,BURL
2023-12-13 11:09:00,178.595,178.595,178.58,178.58,408.0,BURL
2023-12-13 11:08:00,178.56,178.61,178.56,178.605,896.0,BURL
2023-12-13 11:07:00,178.5,178.5,178.36,178.36,1493.0,BURL
2023-12-13 11:06:00,178.09,178.42,178.09,178.42,1545.0,BURL
2023-12-13 11:05:00,178.04,178.11,177.94,178.11,2088.0,BURL
2023-12-13 11:04:00,177.94,178.0,177.91,177.975,1529.0,BURL
2023-12-13 11:03:00,178.02,178.11,177.99,177.99,2806.0,BURL
2023-12-13 11:02:00,177.845,177.92,177.79,177.857,3426.0,BURL
2023-12-13 11:01:00,177.77,177.855,177.72,177.845,9269.0,BURL
2023-12-13 11:00:00,177.78,177.79,177.68,177.79,5011.0,BURL
2023-12-13 10:59:00,177.65,177.725,177.525,177.7,9066.0,BURL
2023-12-13 10:58:00,177.695,177.75,177.665,177.75,2086.0,BURL
2023-12-13 10:57:00,177.71,177.71,177.65,177.65,566.0,BURL
2023-12-13 10:56:00,177.7,177.71,177.7,177.71,1679.0,BURL
2023-12-13 10:55:00,177.62,177.74,177.62,177.74,6127.0,BURL
2023-12-13 10:54:00,177.6,177.7,177.58,177.65,5950.0,BURL
2023-12-13 10:53:00,177.68,177.7,177.65,177.675,3753.0,BURL
2023-12-13 10:52:00,177.54,177.65,177.51,177.605,2749.0,BURL
2023-12-13 10:51:00,177.63,177.63,177.63,177.63,366.0,BURL
2023-12-13 10:50:00,177.625,177.63,177.625,177.63,479.0,BURL
2023-12-13 10:49:00,177.7,177.7,177.59,177.677,2566.0,BURL
2023-12-13 10:48:00,177.68,177.76,177.68,177.7,1912.0,BURL
2023-12-13 10:47:00,177.65,177.75,177.615,177.745,1624.0,BURL
2023-12-13 10:46:00,177.55,177.66,177.55,177.66,2074.0,BURL
2023-12-13 10:45:00,177.51,177.51,177.44,177.47,1098.0,BURL
2023-12-13 10:44:00,177.59,177.59,177.48,177.48,1316.0,BURL
2023-12-13 10:43:00,177.585,177.585,177.585,177.585,144.0,BURL
2023-12-13 10:42:00,177.57,177.57,177.57,177.57,198.0,BURL
2023-12-13 10:41:00,177.63,177.63,177.52,177.52,737.0,BURL
2023-12-13 10:40:00,177.63,177.63,177.63,177.63,119.0,BURL
2023-12-13 10:39:00,177.53,177.63,177.53,177.63,1801.0,BURL
2023-12-13 10:38:00,177.61,177.61,177.44,177.44,1595.0,BURL
2023-12-13 10:37:00,177.61,177.61,177.61,177.61,226.0,BURL
2023-12-13 10:36:00,177.605,177.605,177.605,177.605,215.0,BURL
2023-12-13 10:35:00,177.58,177.615,177.535,177.535,1004.0,BURL
2023-12-13 10:34:00,177.65,177.65,177.65,177.65,415.0,BURL
2023-12-13 10:33:00,177.75,177.75,177.74,177.74,746.0,BURL
2023-12-13 10:32:00,177.89,177.89,177.68,177.76,1824.0,BURL
2023-12-13 10:30:00,177.8,177.8,177.8,177.8,211.0,BURL
2023-12-13 10:29:00,177.83,177.86,177.79,177.8,1857.0,BURL
2023-12-13 10:28:00,177.86,177.98,177.815,177.815,3013.0,BURL
2023-12-13 10:27:00,177.72,177.88,177.72,177.88,2377.0,BURL
2023-12-13 10:26:00,177.59,177.715,177.59,177.715,920.0,BURL
2023-12-13 10:25:00,177.7,177.8,177.7,177.75,1808.0,BURL
2023-12-13 10:24:00,177.64,177.7,177.64,177.65,858.0,BURL
2023-12-13 10:23:00,177.77,177.77,177.77,177.77,501.0,BURL
2023-12-13 10:22:00,177.755,177.77,177.67,177.765,1943.0,BURL
2023-12-13 10:21:00,177.78,177.78,177.66,177.735,1385.0,BURL
2023-12-13 10:20:00,177.84,177.89,177.73,177.73,3014.0,BURL
2023-12-13 10:19:00,177.8,177.95,177.8,177.85,7956.0,BURL
2023-12-13 10:18:00,177.775,177.91,177.775,177.79,4600.0,BURL
2023-12-13 10:17:00,177.775,177.84,177.77,177.77,1121.0,BURL
2023-12-13 10:16:00,177.78,177.78,177.72,177.72,427.0,BURL
2023-12-13 10:15:00,177.84,177.87,177.715,177.785,2697.0,BURL
2023-12-13 10:14:00,178.06,178.09,177.8,177.81,4043.0,BURL
2023-12-13 10:13:00,177.99,178.01,177.865,177.975,3208.0,BURL
2023-12-13 10:11:00,177.92,177.92,177.79,177.905,1001.0,BURL
2023-12-13 10:10:00,177.87,178.0,177.82,177.82,1873.0,BURL
2023-12-13 10:09:00,178.145,178.28,178.0,178.0,2402.0,BURL
2023-12-13 10:08:00,178.15,178.24,178.015,178.015,1178.0,BURL
2023-12-13 10:07:00,178.12,178.165,178.12,178.145,2052.0,BURL
2023-12-13 10:06:00,177.98,178.2,177.96,178.19,3442.0,BURL
2023-12-13 10:05:00,177.865,178.1,177.865,178.1,3188.0,BURL
2023-12-13 10:04:00,177.775,177.97,177.61,177.82,20746.0,BURL
2023-12-13 10:03:00,177.78,177.78,177.77,177.77,7341.0,BURL
2023-12-13 10:01:00,177.63,177.63,177.63,177.63,132.0,BURL
2023-12-13 10:00:00,177.785,177.785,177.785,177.785,114.0,BURL
2023-12-13 09:59:00,177.89,177.89,177.795,177.795,632.0,BURL
2023-12-13 09:58:00,177.94,178.05,177.825,177.83,1435.0,BURL
2023-12-13 09:57:00,177.765,177.765,177.765,177.765,1725.0,BURL
2023-12-13 09:56:00,177.59,177.59,177.59,177.59,368.0,BURL
2023-12-13 09:54:00,177.76,177.76,177.76,177.76,176.0,BURL
2023-12-13 09:52:00,178.3,178.3,178.04,178.04,2043.0,BURL
2023-12-13 09:51:00,177.84,178.3,177.84,178.3,2414.0,BURL
2023-12-13 09:50:00,178.04,178.06,178.04,178.05,1062.0,BURL
2023-12-13 09:49:00,178.255,178.575,177.96,178.085,4130.0,BURL
2023-12-13 09:48:00,177.88,178.29,177.88,178.29,2135.0,BURL
2023-12-13 09:47:00,177.645,177.665,177.456,177.665,826.0,BURL
2023-12-13 09:44:00,177.537,177.537,177.537,177.537,138.0,BURL
2023-12-13 09:43:00,177.53,177.53,177.53,177.53,652.0,BURL
2023-12-13 09:41:00,177.8,177.8,177.79,177.79,420.0,BURL
2023-12-13 09:39:00,177.64,177.64,177.64,177.64,182.0,BURL
2023-12-13 09:36:00,177.8,177.8,177.75,177.75,973.0,BURL
2023-12-13 09:35:00,178.14,178.14,178.14,178.14,336.0,BURL
2023-12-13 09:34:00,178.28,178.28,178.155,178.155,470.0,BURL
2023-12-13 09:33:00,178.15,178.15,178.15,178.15,101.0,BURL
2023-12-13 09:32:00,178.745,179.24,178.32,178.32,3443.0,BURL
2023-12-13 09:30:00,178.7,179.255,178.62,179.255,6855.0,BURL
2023-12-13 09:29:00,178.68,178.68,178.68,178.68,50.0,BURL
2023-12-13 08:56:00,178.68,178.68,178.68,178.68,65000.0,BURL
