date,1. open,2. high,3. low,4. close,5. volume,Ticker
2023-07-11 19:00:00,649.14,649.14,649.14,649.14,4952.0,CABO
2023-07-11 18:30:00,649.14,649.14,649.14,649.14,4952.0,CABO
2023-07-11 16:23:00,649.14,649.14,649.14,649.14,6.0,CABO
2023-07-11 16:10:00,649.14,649.14,649.14,649.14,4952.0,CABO
2023-07-11 16:08:00,642.4,642.4,642.4,642.4,1.0,CABO
2023-07-11 16:00:00,647.9,649.14,647.7,649.14,10435.0,CABO
2023-07-11 15:59:00,648.57,649.7,647.59,647.9,6042.0,CABO
2023-07-11 15:58:00,647.32,647.32,647.32,647.32,1486.0,CABO
2023-07-11 15:57:00,646.13,648.18,646.13,648.18,2127.0,CABO
2023-07-11 15:56:00,645.94,645.94,645.94,645.94,566.0,CABO
2023-07-11 15:55:00,644.2,645.115,644.2,645.115,660.0,CABO
2023-07-11 15:54:00,645.445,645.445,644.715,645.195,1191.0,CABO
2023-07-11 15:51:00,644.68,645.745,644.68,645.29,352.0,CABO
2023-07-11 15:47:00,644.2,644.2,644.2,644.2,154.0,CABO
2023-07-11 15:35:00,641.975,642.46,641.975,642.2,366.0,CABO
2023-07-11 15:32:00,642.365,642.365,642.265,642.265,627.0,CABO
2023-07-11 15:31:00,642.665,642.665,642.665,642.665,108.0,CABO
2023-07-11 15:26:00,642.11,642.11,642.11,642.11,128.0,CABO
2023-07-11 15:14:00,639.0,639.0,639.0,639.0,254.0,CABO
2023-07-11 15:11:00,639.01,639.01,639.01,639.01,1101.0,CABO
2023-07-11 15:10:00,639.87,639.87,639.87,639.87,151.0,CABO
2023-07-11 15:08:00,639.605,639.605,639.605,639.605,289.0,CABO
2023-07-11 15:07:00,638.9,638.9,638.9,638.9,329.0,CABO
2023-07-11 14:51:00,638.6,638.6,638.6,638.6,397.0,CABO
2023-07-11 14:38:00,639.98,639.98,639.98,639.98,140.0,CABO
2023-07-11 14:22:00,638.88,638.88,638.88,638.88,133.0,CABO
2023-07-11 14:12:00,639.65,639.65,639.65,639.65,225.0,CABO
2023-07-11 13:43:00,639.55,639.55,639.55,639.55,241.0,CABO
2023-07-11 13:39:00,639.185,639.185,639.185,639.185,172.0,CABO
2023-07-11 13:38:00,637.28,637.28,637.28,637.28,102.0,CABO
2023-07-11 13:36:00,639.135,639.135,639.135,639.135,100.0,CABO
2023-07-11 13:19:00,638.37,638.37,638.37,638.37,848.0,CABO
2023-07-11 13:12:00,639.82,639.82,639.82,639.82,218.0,CABO
2023-07-11 12:43:00,641.94,641.94,641.94,641.94,748.0,CABO
2023-07-11 12:28:00,642.845,642.845,642.845,642.845,146.0,CABO
2023-07-11 12:26:00,643.03,643.03,643.03,643.03,145.0,CABO
2023-07-11 12:18:00,643.99,644.0,643.99,643.999,400.0,CABO
2023-07-11 12:15:00,642.295,642.7,642.295,642.7,684.0,CABO
2023-07-11 12:11:00,641.99,641.99,641.99,641.99,533.0,CABO
2023-07-11 11:54:00,642.45,642.45,642.45,642.45,1143.0,CABO
2023-07-11 11:51:00,641.755,641.755,641.755,641.755,767.0,CABO
2023-07-11 11:49:00,640.05,640.05,640.05,640.05,261.0,CABO
2023-07-11 11:26:00,640.29,640.29,640.29,640.29,334.0,CABO
2023-07-11 11:21:00,641.512,641.513,641.512,641.512,223.0,CABO
2023-07-11 11:10:00,643.58,643.58,643.58,643.58,327.0,CABO
2023-07-11 10:50:00,647.14,647.99,647.14,647.99,658.0,CABO
2023-07-11 10:49:00,647.405,647.405,647.405,647.405,202.0,CABO
2023-07-11 10:39:00,647.655,647.655,647.655,647.655,110.0,CABO
2023-07-11 10:38:00,648.36,648.36,648.21,648.21,1277.0,CABO
2023-07-11 10:33:00,647.8,647.8,647.8,647.8,101.0,CABO
2023-07-11 10:31:00,647.05,647.92,647.05,647.08,1549.0,CABO
2023-07-11 10:30:00,647.035,647.035,646.1,646.1,649.0,CABO
2023-07-11 10:29:00,648.48,648.48,648.48,648.48,312.0,CABO
2023-07-11 10:28:00,648.87,648.87,647.905,647.905,904.0,CABO
2023-07-11 10:27:00,647.325,648.4,646.24,647.81,2324.0,CABO
2023-07-11 10:26:00,649.104,649.77,647.1,648.0,1371.0,CABO
2023-07-11 10:25:00,647.72,648.6,647.32,647.32,2077.0,CABO
2023-07-11 10:24:00,648.89,648.89,647.442,647.442,1235.0,CABO
2023-07-11 10:23:00,649.0,649.0,647.685,647.685,1494.0,CABO
2023-07-11 10:20:00,648.01,648.01,648.01,648.01,190.0,CABO
2023-07-11 10:18:00,647.065,647.065,647.065,647.065,234.0,CABO
2023-07-11 10:15:00,645.7,646.14,644.575,645.0,2524.0,CABO
2023-07-11 10:14:00,645.895,647.38,644.477,644.477,2195.0,CABO
2023-07-11 10:13:00,647.185,649.0,646.66,647.0,1725.0,CABO
2023-07-11 10:11:00,645.45,645.45,645.45,645.45,196.0,CABO
2023-07-11 10:10:00,647.0,649.94,645.07,645.07,2047.0,CABO
2023-07-11 10:09:00,642.195,642.195,642.195,642.195,228.0,CABO
2023-07-11 10:05:00,644.17,644.195,644.17,644.195,923.0,CABO
2023-07-11 10:04:00,641.07,641.94,639.8,641.94,838.0,CABO
2023-07-11 10:03:00,642.37,642.37,640.59,641.075,2542.0,CABO
2023-07-11 09:59:00,642.499,644.0,641.045,641.045,1639.0,CABO
2023-07-11 09:58:00,642.92,643.02,640.16,640.16,1602.0,CABO
2023-07-11 09:44:00,648.5,648.5,648.5,648.5,100.0,CABO
2023-07-11 09:39:00,641.665,641.665,641.665,641.665,106.0,CABO
2023-07-11 09:37:00,641.02,641.02,641.02,641.02,110.0,CABO
2023-07-11 09:30:00,642.03,642.03,642.03,642.03,134.0,CABO
2023-07-10 19:00:00,640.78,640.78,640.78,640.78,5654.0,CABO
2023-07-10 18:30:00,640.78,640.78,640.78,640.78,5654.0,CABO
2023-07-10 18:21:00,647.88,647.88,647.88,647.88,1.0,CABO
2023-07-10 16:10:00,640.78,640.78,640.78,640.78,5654.0,CABO
2023-07-10 16:00:00,641.25,641.25,639.74,640.78,12076.0,CABO
2023-07-10 15:59:00,641.26,641.27,639.74,641.25,3314.0,CABO
2023-07-10 15:58:00,639.9,639.9,639.9,639.9,445.0,CABO
2023-07-10 15:57:00,639.905,639.905,639.905,639.905,766.0,CABO
2023-07-10 15:55:00,643.3,643.78,640.84,640.84,2551.0,CABO
2023-07-10 15:54:00,643.777,643.778,643.777,643.777,561.0,CABO
2023-07-10 15:53:00,643.9,643.9,643.9,643.9,327.0,CABO
2023-07-10 15:47:00,641.8,641.819,641.8,641.819,445.0,CABO
2023-07-10 15:46:00,641.525,641.525,641.51,641.51,481.0,CABO
2023-07-10 15:45:00,641.04,641.04,641.04,641.04,658.0,CABO
2023-07-10 15:44:00,641.705,641.705,641.705,641.705,267.0,CABO
2023-07-10 15:40:00,641.395,641.395,641.395,641.395,661.0,CABO
2023-07-10 15:39:00,639.65,640.15,639.65,640.15,638.0,CABO
2023-07-10 15:36:00,640.13,640.13,640.13,640.13,402.0,CABO
2023-07-10 15:35:00,639.88,639.88,639.88,639.88,767.0,CABO
2023-07-10 15:33:00,639.355,639.355,639.355,639.355,231.0,CABO
2023-07-10 15:28:00,639.69,639.69,639.69,639.69,214.0,CABO
2023-07-10 15:26:00,640.82,640.82,640.235,640.235,398.0,CABO
2023-07-10 15:25:00,640.815,640.815,640.815,640.815,260.0,CABO
2023-07-10 15:21:00,640.38,641.335,639.84,641.335,1353.0,CABO
2023-07-10 15:19:00,639.642,639.643,639.615,639.615,524.0,CABO
2023-07-10 15:14:00,639.63,639.63,639.63,639.63,660.0,CABO
2023-07-10 15:06:00,641.0,641.0,641.0,641.0,145.0,CABO
2023-07-10 15:04:00,643.03,643.03,643.03,643.03,1133.0,CABO
2023-07-10 15:02:00,644.68,644.68,644.68,644.68,1127.0,CABO
2023-07-10 15:00:00,643.04,644.099,643.04,644.099,539.0,CABO
2023-07-10 14:59:00,645.05,645.05,643.75,643.75,546.0,CABO
2023-07-10 14:48:00,645.82,645.82,645.82,645.82,767.0,CABO
2023-07-10 14:22:00,649.6,650.0,649.6,650.0,370.0,CABO
2023-07-10 14:21:00,648.2,648.2,648.2,648.2,455.0,CABO
2023-07-10 14:20:00,648.21,648.21,648.21,648.21,126.0,CABO
2023-07-10 13:54:00,650.82,650.82,650.82,650.82,297.0,CABO
2023-07-10 13:36:00,653.31,653.31,653.31,653.31,121.0,CABO
2023-07-10 13:25:00,651.18,651.18,651.18,651.18,155.0,CABO
2023-07-10 13:20:00,650.76,650.76,650.76,650.76,104.0,CABO
2023-07-10 13:17:00,652.68,652.68,651.08,651.08,504.0,CABO
2023-07-10 13:11:00,653.337,653.337,652.55,652.55,379.0,CABO
2023-07-10 13:00:00,652.71,652.71,652.71,652.71,161.0,CABO
2023-07-10 12:54:00,654.36,654.36,654.36,654.36,410.0,CABO
2023-07-10 12:49:00,656.122,656.122,656.122,656.122,114.0,CABO
2023-07-10 12:47:00,655.655,655.655,655.655,655.655,108.0,CABO
2023-07-10 12:37:00,656.33,656.33,656.33,656.33,178.0,CABO
2023-07-10 12:36:00,656.7,656.7,655.02,655.02,644.0,CABO
2023-07-10 12:22:00,656.43,656.73,656.4,656.73,720.0,CABO
2023-07-10 12:03:00,657.0,657.0,657.0,657.0,743.0,CABO
2023-07-10 12:02:00,656.41,656.41,656.41,656.41,310.0,CABO
2023-07-10 11:58:00,656.5,656.8,656.5,656.8,739.0,CABO
2023-07-10 11:57:00,656.31,657.395,656.31,657.395,1500.0,CABO
2023-07-10 11:54:00,657.49,657.49,657.49,657.49,349.0,CABO
2023-07-10 11:53:00,657.0,657.0,657.0,657.0,488.0,CABO
2023-07-10 11:49:00,657.98,657.98,657.38,657.4,810.0,CABO
2023-07-10 11:44:00,657.0,657.0,657.0,657.0,522.0,CABO
2023-07-10 11:41:00,656.65,656.65,656.65,656.65,101.0,CABO
2023-07-10 11:39:00,656.65,656.8,656.65,656.8,736.0,CABO
2023-07-10 11:32:00,657.088,657.088,656.0,656.0,1114.0,CABO
2023-07-10 11:29:00,655.8,655.8,655.8,655.8,982.0,CABO
2023-07-10 11:24:00,654.83,654.83,654.785,654.785,200.0,CABO
2023-07-10 11:21:00,654.89,654.89,654.85,654.85,319.0,CABO
2023-07-10 11:17:00,654.34,654.34,653.49,653.49,655.0,CABO
2023-07-10 11:14:00,652.66,652.66,652.66,652.66,1982.0,CABO
2023-07-10 11:13:00,652.18,653.545,652.18,653.27,1521.0,CABO
2023-07-10 11:12:00,653.6,653.6,653.6,653.6,146.0,CABO
2023-07-10 11:09:00,652.385,652.386,652.385,652.385,204.0,CABO
2023-07-10 11:07:00,653.62,653.62,653.0,653.0,704.0,CABO
2023-07-10 11:04:00,653.61,655.97,653.61,655.475,1255.0,CABO
2023-07-10 10:59:00,652.99,652.99,652.99,652.99,494.0,CABO
2023-07-10 10:57:00,652.24,652.24,652.24,652.24,306.0,CABO
2023-07-10 10:54:00,652.2,652.245,652.2,652.245,502.0,CABO
2023-07-10 10:53:00,652.705,652.705,652.705,652.705,583.0,CABO
2023-07-10 10:50:00,653.24,653.24,653.24,653.24,611.0,CABO
2023-07-10 10:49:00,653.39,653.395,653.3,653.3,657.0,CABO
2023-07-10 10:47:00,653.01,653.01,651.88,651.88,586.0,CABO
2023-07-10 10:46:00,653.0,653.0,653.0,653.0,824.0,CABO
2023-07-10 10:44:00,653.22,654.04,653.07,654.04,574.0,CABO
2023-07-10 10:43:00,653.02,653.12,653.01,653.12,1370.0,CABO
2023-07-10 10:38:00,655.32,655.7,655.32,655.7,1531.0,CABO
2023-07-10 10:37:00,652.2,654.644,651.7,654.644,2186.0,CABO
2023-07-10 10:35:00,652.96,652.96,652.95,652.95,489.0,CABO
2023-07-10 10:34:00,653.1,653.1,653.01,653.01,484.0,CABO
2023-07-10 10:33:00,652.97,652.97,652.97,652.97,347.0,CABO
2023-07-10 10:30:00,657.88,657.88,656.95,656.95,551.0,CABO
2023-07-10 10:29:00,656.95,656.95,656.95,656.95,402.0,CABO
2023-07-10 10:28:00,655.49,655.61,655.49,655.49,2444.0,CABO
2023-07-10 10:24:00,655.58,655.58,655.5,655.5,1182.0,CABO
2023-07-10 10:11:00,655.79,655.79,655.79,655.79,398.0,CABO
2023-07-10 09:56:00,661.66,661.66,661.66,661.66,254.0,CABO
2023-07-10 09:52:00,657.96,657.96,657.96,657.96,836.0,CABO
2023-07-10 09:44:00,653.625,653.625,653.625,653.625,389.0,CABO
2023-07-10 09:30:00,647.24,647.24,647.24,647.24,348.0,CABO
2023-07-07 19:00:00,653.54,653.54,653.54,653.54,16558.0,CABO
2023-07-07 18:30:00,653.54,653.54,653.54,653.54,16558.0,CABO
2023-07-07 16:40:00,653.54,653.54,653.54,653.54,1641.0,CABO
2023-07-07 16:10:00,653.54,653.54,653.54,653.54,16558.0,CABO
2023-07-07 16:07:00,647.1,647.1,647.1,647.1,1.0,CABO
2023-07-07 16:00:00,653.54,653.62,653.54,653.54,33880.0,CABO
2023-07-07 15:59:00,651.03,653.95,649.48,653.54,3737.0,CABO
2023-07-07 15:58:00,651.58,651.58,650.68,650.68,473.0,CABO
2023-07-07 15:57:00,651.775,651.775,649.97,650.68,863.0,CABO
2023-07-07 15:55:00,651.75,651.75,651.75,651.75,278.0,CABO
2023-07-07 15:54:00,651.36,651.87,650.59,650.715,956.0,CABO
2023-07-07 15:53:00,651.58,651.82,651.58,651.82,1431.0,CABO
2023-07-07 15:52:00,653.14,653.14,652.335,652.335,1524.0,CABO
2023-07-07 15:51:00,652.31,652.67,651.485,652.67,1265.0,CABO
2023-07-07 15:50:00,651.54,651.54,651.54,651.54,244.0,CABO
2023-07-07 15:49:00,654.0,654.0,653.23,653.23,617.0,CABO
2023-07-07 15:48:00,655.017,655.017,655.017,655.017,427.0,CABO
2023-07-07 15:44:00,654.57,654.57,654.57,654.57,160.0,CABO
2023-07-07 15:43:00,655.34,655.34,655.34,655.34,796.0,CABO
2023-07-07 15:42:00,655.85,655.85,655.85,655.85,133.0,CABO
2023-07-07 15:39:00,658.99,658.99,658.99,658.99,157.0,CABO
2023-07-07 15:38:00,660.67,660.67,660.3,660.3,797.0,CABO
2023-07-07 15:34:00,660.835,660.835,660.835,660.835,271.0,CABO
2023-07-07 15:31:00,663.44,663.44,663.44,663.44,165.0,CABO
2023-07-07 15:17:00,660.7,660.7,660.7,660.7,578.0,CABO
2023-07-07 15:13:00,660.71,660.71,660.71,660.71,295.0,CABO
2023-07-07 15:11:00,658.08,658.08,658.08,658.08,110.0,CABO
2023-07-07 15:01:00,660.55,660.55,660.55,660.55,893.0,CABO
2023-07-07 14:59:00,660.57,660.57,660.57,660.57,381.0,CABO
2023-07-07 14:57:00,657.71,657.91,657.71,657.91,547.0,CABO
2023-07-07 14:56:00,656.95,656.95,656.95,656.95,686.0,CABO
2023-07-07 14:42:00,661.92,661.92,661.225,661.225,730.0,CABO
2023-07-07 14:40:00,663.31,663.31,663.31,663.31,561.0,CABO
2023-07-07 14:38:00,664.745,664.745,664.745,664.745,148.0,CABO
2023-07-07 14:36:00,666.17,666.17,664.77,664.77,209.0,CABO
2023-07-07 14:32:00,663.2,663.2,663.2,663.2,136.0,CABO
2023-07-07 14:24:00,665.02,665.02,665.02,665.02,106.0,CABO
2023-07-07 14:18:00,663.455,663.455,663.455,663.455,110.0,CABO
2023-07-07 14:16:00,665.01,665.01,665.01,665.01,108.0,CABO
2023-07-07 13:57:00,662.23,662.23,662.23,662.23,254.0,CABO
2023-07-07 13:49:00,665.665,665.665,665.665,665.665,102.0,CABO
2023-07-07 13:39:00,663.325,664.8,663.325,663.405,730.0,CABO
2023-07-07 13:38:00,662.68,663.5,662.47,663.465,1245.0,CABO
2023-07-07 13:37:00,665.32,665.32,665.32,665.32,131.0,CABO
2023-07-07 13:32:00,664.69,664.69,664.69,664.69,233.0,CABO
2023-07-07 13:25:00,664.585,664.585,664.585,664.585,209.0,CABO
2023-07-07 13:24:00,663.97,663.97,663.97,663.97,307.0,CABO
2023-07-07 13:22:00,664.085,664.085,661.47,661.47,381.0,CABO
2023-07-07 13:21:00,663.225,663.225,663.225,663.225,479.0,CABO
2023-07-07 13:18:00,663.94,663.94,663.94,663.94,104.0,CABO
2023-07-07 13:03:00,661.01,661.01,661.01,661.01,301.0,CABO
2023-07-07 12:20:00,660.5,660.5,660.5,660.5,103.0,CABO
2023-07-07 12:16:00,659.7,659.7,659.7,659.7,160.0,CABO
2023-07-07 12:10:00,659.055,659.055,659.055,659.055,179.0,CABO
2023-07-07 11:59:00,657.37,657.37,657.37,657.37,118.0,CABO
2023-07-07 11:56:00,655.38,656.81,654.639,656.17,1299.0,CABO
2023-07-07 11:53:00,655.025,655.025,655.025,655.025,111.0,CABO
2023-07-07 11:52:00,655.02,655.02,655.02,655.02,100.0,CABO
2023-07-07 11:44:00,654.035,654.035,654.035,654.035,122.0,CABO
2023-07-07 11:41:00,656.27,656.27,655.305,655.305,231.0,CABO
2023-07-07 11:23:00,656.13,656.13,656.13,656.13,123.0,CABO
2023-07-07 11:08:00,650.87,650.87,650.87,650.87,135.0,CABO
2023-07-07 10:48:00,646.22,646.22,646.22,646.22,541.0,CABO
2023-07-07 10:43:00,649.815,649.815,649.815,649.815,293.0,CABO
2023-07-07 10:35:00,647.08,647.08,647.08,647.08,138.0,CABO
2023-07-07 10:28:00,646.2,646.2,646.2,646.2,346.0,CABO
2023-07-07 10:27:00,647.0,648.82,646.39,646.39,1084.0,CABO
2023-07-07 10:17:00,644.63,644.63,644.63,644.63,1098.0,CABO
2023-07-07 10:16:00,643.53,643.62,643.52,643.52,1495.0,CABO
2023-07-07 10:12:00,644.81,645.0,644.81,645.0,811.0,CABO
2023-07-07 10:11:00,647.5,647.5,645.3,645.3,2302.0,CABO
2023-07-07 10:10:00,646.4,646.4,646.4,646.4,3221.0,CABO
2023-07-07 10:09:00,645.8,645.8,645.8,645.8,118.0,CABO
2023-07-07 10:08:00,645.6,646.4,645.6,646.4,2451.0,CABO
2023-07-07 10:04:00,646.17,646.293,645.38,645.399,565.0,CABO
2023-07-07 10:02:00,643.0,643.0,643.0,643.0,300.0,CABO
2023-07-07 10:01:00,646.48,646.48,646.48,646.48,617.0,CABO
2023-07-07 09:59:00,648.39,649.33,646.48,648.05,1802.0,CABO
2023-07-07 09:57:00,648.95,648.95,648.95,648.95,108.0,CABO
2023-07-07 09:56:00,648.0,648.0,648.0,648.0,476.0,CABO
2023-07-07 09:55:00,647.64,647.64,645.64,645.64,205.0,CABO
2023-07-07 09:54:00,643.96,644.77,643.94,644.765,2084.0,CABO
2023-07-07 09:30:00,640.52,640.52,640.52,640.52,764.0,CABO
2023-07-06 19:00:00,641.12,641.12,641.12,641.12,3670.0,CABO
2023-07-06 18:30:00,641.12,641.12,641.12,641.12,3670.0,CABO
2023-07-06 16:10:00,641.12,641.12,641.12,641.12,3670.0,CABO
2023-07-06 16:08:00,632.06,632.06,632.06,632.06,1.0,CABO
2023-07-06 16:01:00,641.12,641.12,641.12,641.12,25.0,CABO
2023-07-06 16:00:00,641.12,642.17,641.12,641.12,7958.0,CABO
2023-07-06 15:59:00,642.53,642.75,641.12,641.12,1581.0,CABO
2023-07-06 15:58:00,644.73,645.0,644.73,645.0,1342.0,CABO
2023-07-06 15:56:00,646.36,646.36,642.93,643.54,3655.0,CABO
2023-07-06 15:55:00,645.81,648.06,645.81,646.585,778.0,CABO
2023-07-06 15:54:00,645.81,645.81,645.2,645.2,613.0,CABO
2023-07-06 15:53:00,643.97,643.97,643.97,643.97,446.0,CABO
2023-07-06 15:52:00,645.735,645.735,645.7,645.7,218.0,CABO
2023-07-06 15:51:00,642.02,643.39,642.02,643.39,878.0,CABO
2023-07-06 15:50:00,643.99,643.99,642.06,642.09,667.0,CABO
2023-07-06 15:49:00,640.21,640.21,640.02,640.02,877.0,CABO
2023-07-06 15:42:00,638.79,638.79,638.79,638.79,242.0,CABO
2023-07-06 15:41:00,639.84,639.84,638.9,638.9,897.0,CABO
2023-07-06 15:39:00,640.83,640.83,640.83,640.83,1178.0,CABO
2023-07-06 15:31:00,639.18,639.18,639.18,639.18,368.0,CABO
2023-07-06 15:30:00,638.77,638.77,638.77,638.77,434.0,CABO
2023-07-06 15:26:00,641.09,641.09,641.09,641.09,248.0,CABO
2023-07-06 15:22:00,641.36,641.36,641.36,641.36,318.0,CABO
2023-07-06 15:19:00,640.68,640.68,640.68,640.68,257.0,CABO
2023-07-06 15:11:00,644.21,644.21,644.2,644.2,493.0,CABO
2023-07-06 15:05:00,646.93,646.93,646.78,646.78,487.0,CABO
2023-07-06 14:33:00,642.95,644.35,642.95,644.35,518.0,CABO
2023-07-06 14:32:00,643.0,643.99,642.4,643.69,1303.0,CABO
2023-07-06 14:20:00,641.76,641.76,641.76,641.76,468.0,CABO
2023-07-06 14:15:00,641.98,641.98,640.505,640.505,901.0,CABO
2023-07-06 13:34:00,638.14,638.14,638.14,638.14,130.0,CABO
2023-07-06 13:24:00,639.8,639.8,639.8,639.8,131.0,CABO
2023-07-06 13:11:00,640.0,640.0,640.0,640.0,133.0,CABO
2023-07-06 13:05:00,641.9,641.9,640.0,640.0,391.0,CABO
2023-07-06 12:56:00,639.31,639.85,639.31,639.85,450.0,CABO
2023-07-06 12:47:00,638.895,638.895,638.895,638.895,208.0,CABO
2023-07-06 12:44:00,640.38,640.38,640.38,640.38,329.0,CABO
2023-07-06 12:36:00,639.155,639.155,639.155,639.155,117.0,CABO
2023-07-06 12:27:00,639.47,639.47,639.47,639.47,177.0,CABO
2023-07-06 11:38:00,635.41,635.41,635.41,635.41,179.0,CABO
2023-07-06 11:37:00,639.35,639.35,639.35,639.35,526.0,CABO
2023-07-06 11:36:00,640.94,640.94,640.94,640.94,506.0,CABO
2023-07-06 11:34:00,640.0,640.0,640.0,640.0,107.0,CABO
2023-07-06 11:29:00,640.89,640.89,640.89,640.89,374.0,CABO
2023-07-06 11:18:00,642.37,642.37,642.37,642.37,113.0,CABO
2023-07-06 11:17:00,643.075,643.075,643.075,643.075,323.0,CABO
2023-07-06 11:09:00,641.83,641.83,641.83,641.83,123.0,CABO
2023-07-06 11:06:00,644.3,644.3,644.3,644.3,118.0,CABO
2023-07-06 11:00:00,644.0,645.605,644.0,645.605,979.0,CABO
2023-07-06 10:58:00,644.98,644.98,644.98,644.98,755.0,CABO
2023-07-06 10:55:00,644.97,644.97,643.815,643.815,247.0,CABO
2023-07-06 10:33:00,642.96,642.96,642.96,642.96,128.0,CABO
2023-07-06 10:28:00,644.75,644.75,644.75,644.75,134.0,CABO
2023-07-06 10:22:00,646.15,646.15,644.215,644.215,271.0,CABO
2023-07-06 10:11:00,643.195,643.195,643.195,643.195,353.0,CABO
2023-07-06 10:06:00,643.33,644.24,643.33,644.24,643.0,CABO
2023-07-06 10:05:00,645.42,645.42,645.42,645.42,1459.0,CABO
2023-07-06 10:02:00,648.78,648.78,648.78,648.78,325.0,CABO
2023-07-06 10:01:00,649.0,649.0,648.0,648.0,780.0,CABO
2023-07-06 10:00:00,643.27,643.27,643.27,643.27,971.0,CABO
2023-07-06 09:59:00,647.0,647.0,647.0,647.0,512.0,CABO
2023-07-06 09:58:00,648.99,650.11,648.9,650.11,4031.0,CABO
2023-07-06 09:57:00,648.85,648.85,647.59,647.59,359.0,CABO
2023-07-06 09:53:00,640.2,641.55,640.2,641.55,924.0,CABO
2023-07-06 09:51:00,639.1,640.6,638.865,639.43,811.0,CABO
2023-07-06 09:47:00,636.7,636.79,636.69,636.69,3574.0,CABO
2023-07-06 09:39:00,637.12,637.12,637.12,637.12,104.0,CABO
2023-07-06 09:30:00,641.27,641.27,641.27,641.27,159.0,CABO
2023-07-05 19:00:00,650.35,650.35,650.35,650.35,6807.0,CABO
2023-07-05 18:53:00,650.19,650.19,650.0,650.0,2.0,CABO
2023-07-05 18:30:00,650.35,650.35,650.35,650.35,6807.0,CABO
2023-07-05 16:44:00,650.35,650.35,650.35,650.35,2040.0,CABO
2023-07-05 16:10:00,650.35,650.35,650.35,650.35,6807.0,CABO
2023-07-05 16:08:00,645.1,645.1,645.1,645.1,1.0,CABO
2023-07-05 16:00:00,650.35,651.58,650.35,650.35,14652.0,CABO
2023-07-05 15:59:00,653.765,653.765,650.35,650.35,6390.0,CABO
2023-07-05 15:58:00,652.89,653.7,652.12,653.7,2563.0,CABO
2023-07-05 15:57:00,652.71,652.89,652.6,652.89,1138.0,CABO
2023-07-05 15:56:00,653.39,653.39,653.39,653.39,602.0,CABO
2023-07-05 15:55:00,652.85,653.5,652.67,653.09,1557.0,CABO
2023-07-05 15:54:00,653.39,653.425,652.64,652.64,855.0,CABO
2023-07-05 15:49:00,653.14,653.14,653.14,653.14,183.0,CABO
2023-07-05 15:48:00,654.26,654.26,652.69,653.265,1769.0,CABO
2023-07-05 15:43:00,653.78,655.41,653.78,655.25,1808.0,CABO
2023-07-05 15:36:00,653.405,653.405,653.405,653.405,316.0,CABO
2023-07-05 15:28:00,651.63,651.63,651.63,651.63,248.0,CABO
2023-07-05 15:25:00,649.73,651.635,649.73,651.635,2020.0,CABO
2023-07-05 15:24:00,650.62,651.39,650.62,651.39,536.0,CABO
2023-07-05 15:23:00,649.74,649.74,649.74,649.74,105.0,CABO
2023-07-05 15:14:00,649.735,649.735,649.735,649.735,113.0,CABO
2023-07-05 15:13:00,649.735,649.735,649.735,649.735,151.0,CABO
2023-07-05 14:51:00,646.71,646.71,646.71,646.71,112.0,CABO
2023-07-05 14:32:00,646.35,646.36,646.35,646.36,984.0,CABO
2023-07-05 14:31:00,647.5,647.5,647.5,647.5,452.0,CABO
2023-07-05 14:30:00,645.685,645.685,645.685,645.685,990.0,CABO
2023-07-05 14:29:00,644.38,645.685,644.38,644.5,2314.0,CABO
2023-07-05 14:21:00,646.805,646.805,646.805,646.805,100.0,CABO
2023-07-05 14:02:00,649.78,649.78,645.37,645.37,1058.0,CABO
2023-07-05 13:59:00,651.525,651.525,651.525,651.525,102.0,CABO
2023-07-05 13:53:00,650.76,650.76,650.76,650.76,102.0,CABO
2023-07-05 13:51:00,652.02,652.02,650.395,650.395,447.0,CABO
2023-07-05 13:28:00,652.6,652.6,652.6,652.6,229.0,CABO
2023-07-05 13:27:00,653.0,653.0,653.0,653.0,379.0,CABO
2023-07-05 13:16:00,656.03,656.03,655.265,655.265,761.0,CABO
2023-07-05 12:55:00,655.48,655.48,655.48,655.48,395.0,CABO
2023-07-05 12:51:00,655.57,655.57,655.57,655.57,201.0,CABO
2023-07-05 12:38:00,652.0,652.475,652.0,652.475,332.0,CABO
2023-07-05 12:28:00,655.475,655.475,655.475,655.475,105.0,CABO
2023-07-05 12:25:00,655.98,655.98,655.03,655.03,510.0,CABO
2023-07-05 12:11:00,653.88,653.88,653.88,653.88,104.0,CABO
2023-07-05 12:08:00,655.21,655.355,655.09,655.09,768.0,CABO
2023-07-05 11:55:00,654.5,654.5,654.5,654.5,116.0,CABO
2023-07-05 11:54:00,655.73,655.73,655.73,655.73,102.0,CABO
2023-07-05 11:49:00,655.0,655.0,653.977,653.977,223.0,CABO
2023-07-05 11:47:00,654.25,654.25,654.25,654.25,207.0,CABO
2023-07-05 11:43:00,655.375,655.375,651.37,654.51,630.0,CABO
2023-07-05 11:42:00,655.61,655.61,654.346,654.346,552.0,CABO
2023-07-05 11:41:00,657.02,657.02,656.525,656.525,534.0,CABO
2023-07-05 11:40:00,656.25,656.25,656.25,656.25,100.0,CABO
2023-07-05 11:36:00,656.18,656.18,656.18,656.18,151.0,CABO
2023-07-05 11:34:00,658.965,661.0,656.91,656.92,1922.0,CABO
2023-07-05 11:30:00,656.89,658.945,656.89,658.945,319.0,CABO
2023-07-05 11:29:00,659.54,662.1,655.05,662.1,3671.0,CABO
2023-07-05 11:24:00,656.57,656.57,656.57,656.57,155.0,CABO
2023-07-05 11:22:00,656.72,656.72,656.72,656.72,206.0,CABO
2023-07-05 11:08:00,657.0,657.0,657.0,657.0,979.0,CABO
2023-07-05 11:05:00,654.98,655.8,654.98,655.8,389.0,CABO
2023-07-05 10:58:00,652.16,652.16,652.16,652.16,336.0,CABO
2023-07-05 10:54:00,651.9,651.9,651.9,651.9,148.0,CABO
2023-07-05 10:50:00,647.64,647.64,647.64,647.64,730.0,CABO
2023-07-05 10:36:00,640.21,640.21,640.21,640.21,411.0,CABO
2023-07-05 10:34:00,645.745,646.28,644.93,644.93,2187.0,CABO
2023-07-05 10:33:00,648.0,648.0,648.0,648.0,416.0,CABO
2023-07-05 10:32:00,646.0,646.19,646.0,646.19,742.0,CABO
2023-07-05 10:30:00,645.72,645.72,645.72,645.72,655.0,CABO
2023-07-05 10:29:00,645.99,646.0,644.57,644.57,2266.0,CABO
2023-07-05 10:27:00,648.0,648.0,648.0,648.0,622.0,CABO
2023-07-05 10:26:00,647.98,647.98,645.22,645.88,1424.0,CABO
2023-07-05 10:25:00,646.7,648.0,646.7,647.9,2983.0,CABO
2023-07-05 10:24:00,645.87,645.979,645.87,645.979,341.0,CABO
2023-07-05 10:23:00,643.97,644.07,643.97,643.98,2748.0,CABO
2023-07-05 10:21:00,647.33,647.33,647.33,647.33,118.0,CABO
2023-07-05 10:13:00,642.29,643.13,642.29,642.871,2825.0,CABO
2023-07-05 10:12:00,642.9,642.9,642.85,642.9,1373.0,CABO
2023-07-05 10:10:00,646.06,646.54,646.06,646.54,493.0,CABO
2023-07-05 10:08:00,648.48,648.48,648.48,648.48,208.0,CABO
2023-07-05 10:04:00,646.53,646.55,646.53,646.55,335.0,CABO
2023-07-05 10:03:00,643.0,643.0,643.0,643.0,423.0,CABO
2023-07-05 10:00:00,637.702,637.702,637.702,637.702,165.0,CABO
2023-07-05 09:54:00,638.82,638.82,637.45,637.45,428.0,CABO
2023-07-05 09:48:00,646.24,646.24,638.97,638.97,415.0,CABO
2023-07-05 09:33:00,634.46,634.46,634.46,634.46,541.0,CABO
2023-07-05 09:30:00,644.6,644.6,644.6,644.6,192.0,CABO
2023-07-05 08:18:00,654.65,654.65,654.65,654.65,1.0,CABO
2023-07-03 17:00:00,649.05,649.05,649.05,649.05,2843.0,CABO
2023-07-03 15:30:00,649.05,649.05,649.05,649.05,2843.0,CABO
2023-07-03 13:22:00,657.08,657.08,657.08,657.08,1.0,CABO
2023-07-03 13:18:00,649.05,649.05,649.05,649.05,6.0,CABO
2023-07-03 13:12:00,649.05,649.05,649.05,649.05,15.0,CABO
2023-07-03 13:10:00,649.05,649.05,649.05,649.05,2843.0,CABO
2023-07-03 13:08:00,636.08,636.08,636.08,636.08,1.0,CABO
2023-07-03 13:07:00,649.05,649.05,649.05,649.05,11.0,CABO
2023-07-03 13:00:00,651.47,651.47,649.05,649.05,5890.0,CABO
2023-07-03 12:59:00,650.005,651.47,649.21,651.47,1069.0,CABO
2023-07-03 12:58:00,649.32,649.32,648.97,648.97,1078.0,CABO
2023-07-03 12:57:00,649.22,650.8,649.22,650.0,1330.0,CABO
2023-07-03 12:55:00,650.35,650.37,650.15,650.15,1453.0,CABO
2023-07-03 12:54:00,649.71,649.71,649.71,649.71,623.0,CABO
2023-07-03 12:53:00,649.57,649.57,649.57,649.57,265.0,CABO
2023-07-03 12:52:00,650.335,650.335,650.335,650.335,351.0,CABO
2023-07-03 12:51:00,649.7,650.335,649.7,650.335,492.0,CABO
2023-07-03 12:50:00,650.58,650.58,650.58,650.58,379.0,CABO
2023-07-03 12:44:00,650.29,650.5,650.29,650.5,564.0,CABO
2023-07-03 12:41:00,649.32,649.32,649.32,649.32,252.0,CABO
2023-07-03 12:35:00,650.98,650.98,650.98,650.98,169.0,CABO
2023-07-03 12:32:00,650.3,650.3,650.3,650.3,144.0,CABO
2023-07-03 12:26:00,649.38,649.38,649.38,649.38,235.0,CABO
2023-07-03 12:21:00,652.126,652.126,647.59,647.59,735.0,CABO
2023-07-03 12:19:00,648.63,648.63,648.63,648.63,111.0,CABO
2023-07-03 12:13:00,652.59,652.59,651.78,651.78,329.0,CABO
2023-07-03 12:10:00,653.0,653.0,653.0,653.0,652.0,CABO
2023-07-03 12:09:00,652.37,652.37,652.37,652.37,168.0,CABO
2023-07-03 12:08:00,651.66,651.66,651.66,651.66,308.0,CABO
2023-07-03 12:07:00,653.35,653.35,653.35,653.35,137.0,CABO
2023-07-03 12:05:00,651.555,651.555,651.555,651.555,179.0,CABO
2023-07-03 12:04:00,651.875,651.875,651.875,651.875,239.0,CABO
2023-07-03 12:01:00,651.68,652.0,651.68,651.685,471.0,CABO
2023-07-03 12:00:00,650.955,652.715,650.955,652.09,770.0,CABO
2023-07-03 11:52:00,650.96,650.96,650.96,650.96,128.0,CABO
2023-07-03 11:49:00,650.66,650.66,650.66,650.66,368.0,CABO
2023-07-03 11:48:00,652.12,652.12,650.85,650.85,346.0,CABO
2023-07-03 11:46:00,651.925,651.925,651.19,651.19,820.0,CABO
2023-07-03 11:45:00,651.8,651.8,651.8,651.8,101.0,CABO
2023-07-03 11:43:00,651.32,654.01,651.32,651.64,500.0,CABO
2023-07-03 11:40:00,650.9,650.9,650.9,650.9,127.0,CABO
2023-07-03 11:39:00,653.0,653.0,651.945,653.0,796.0,CABO
2023-07-03 11:36:00,653.945,653.945,653.7,653.7,263.0,CABO
2023-07-03 11:34:00,651.64,651.64,651.64,651.64,116.0,CABO
2023-07-03 11:32:00,653.57,653.57,653.57,653.57,145.0,CABO
2023-07-03 11:30:00,651.52,653.435,651.52,653.435,435.0,CABO
2023-07-03 11:29:00,652.2,652.2,652.2,652.2,258.0,CABO
2023-07-03 11:28:00,652.22,652.22,652.22,652.22,101.0,CABO
2023-07-03 11:26:00,652.93,652.93,652.93,652.93,115.0,CABO
2023-07-03 11:22:00,654.475,654.475,654.475,654.475,102.0,CABO
2023-07-03 11:20:00,651.52,651.52,651.52,651.52,104.0,CABO
2023-07-03 11:19:00,650.27,650.27,650.27,650.27,100.0,CABO
2023-07-03 11:17:00,654.11,655.06,654.11,655.06,1096.0,CABO
2023-07-03 11:15:00,655.46,655.46,655.075,655.075,908.0,CABO
2023-07-03 11:14:00,656.92,656.92,656.92,656.92,165.0,CABO
2023-07-03 11:10:00,657.52,657.52,657.52,657.52,427.0,CABO
2023-07-03 11:09:00,656.04,656.04,656.04,656.04,109.0,CABO
2023-07-03 11:07:00,658.005,658.005,658.005,658.005,103.0,CABO
2023-07-03 11:06:00,656.92,658.0,656.92,657.005,848.0,CABO
2023-07-03 11:04:00,656.64,656.64,656.64,656.64,102.0,CABO
2023-07-03 11:03:00,656.48,656.48,656.115,656.115,398.0,CABO
2023-07-03 11:02:00,654.42,657.92,654.42,656.0,2179.0,CABO
2023-07-03 11:01:00,654.695,656.41,654.69,655.53,2174.0,CABO
2023-07-03 11:00:00,655.09,655.095,655.09,655.095,340.0,CABO
2023-07-03 10:59:00,656.0,656.0,656.0,656.0,312.0,CABO
2023-07-03 10:58:00,654.11,654.11,654.11,654.11,193.0,CABO
2023-07-03 10:52:00,656.0,656.0,656.0,656.0,356.0,CABO
2023-07-03 10:47:00,656.62,656.62,656.62,656.62,118.0,CABO
2023-07-03 10:39:00,656.36,656.48,654.06,654.06,684.0,CABO
2023-07-03 10:34:00,654.49,654.49,654.49,654.49,156.0,CABO
2023-07-03 10:30:00,656.01,656.01,656.01,656.01,431.0,CABO
2023-07-03 10:07:00,656.325,656.325,656.325,656.325,271.0,CABO
2023-07-03 10:04:00,655.04,655.04,655.04,655.04,237.0,CABO
2023-07-03 09:54:00,654.13,654.13,654.13,654.13,130.0,CABO
2023-07-03 09:53:00,656.19,656.34,654.12,656.19,2004.0,CABO
2023-07-03 09:52:00,658.75,658.75,658.75,658.75,115.0,CABO
2023-07-03 09:35:00,661.18,661.18,661.18,661.18,121.0,CABO
2023-07-03 09:30:00,656.0,656.0,656.0,656.0,743.0,CABO
2023-06-30 19:00:00,657.08,657.08,657.08,657.08,5276.0,CABO
2023-06-30 18:30:00,657.08,657.08,657.08,657.08,5276.0,CABO
2023-06-30 18:16:00,657.08,657.08,657.08,657.08,11.0,CABO
2023-06-30 16:10:00,657.08,657.08,657.08,657.08,5276.0,CABO
2023-06-30 16:08:00,650.0,650.0,650.0,650.0,1.0,CABO
2023-06-30 16:07:00,657.08,657.08,657.08,657.08,1.0,CABO
2023-06-30 16:03:00,657.08,657.08,657.08,657.08,117.0,CABO
2023-06-30 16:02:00,657.08,657.08,657.08,657.08,374.0,CABO
2023-06-30 16:01:00,657.08,657.08,657.08,657.08,869.0,CABO
2023-06-30 16:00:00,656.5,657.08,656.27,657.08,11166.0,CABO
2023-06-30 15:59:00,658.25,659.11,656.5,656.5,3224.0,CABO
2023-06-30 15:58:00,656.96,657.81,656.96,657.81,744.0,CABO
2023-06-30 15:57:00,656.6,656.6,656.02,656.59,1563.0,CABO
2023-06-30 15:55:00,658.28,658.28,658.28,658.28,573.0,CABO
2023-06-30 15:53:00,658.41,658.41,658.41,658.41,626.0,CABO
2023-06-30 15:52:00,659.1,659.1,659.1,659.1,475.0,CABO
2023-06-30 15:51:00,659.41,659.41,658.41,658.41,417.0,CABO
2023-06-30 15:49:00,660.0,660.0,660.0,660.0,129.0,CABO
2023-06-30 15:48:00,659.19,659.19,659.19,659.19,657.0,CABO
2023-06-30 15:47:00,659.58,659.58,658.13,659.1,2165.0,CABO
2023-06-30 15:43:00,659.47,659.47,658.715,658.715,1246.0,CABO
2023-06-30 15:42:00,660.065,660.21,660.065,660.21,262.0,CABO
2023-06-30 15:32:00,659.72,659.72,659.72,659.72,103.0,CABO
2023-06-30 15:29:00,659.66,659.66,659.66,659.66,112.0,CABO
2023-06-30 15:27:00,661.15,661.15,660.01,660.01,2242.0,CABO
2023-06-30 15:26:00,660.065,660.065,660.065,660.065,118.0,CABO
2023-06-30 15:22:00,659.91,659.91,659.91,659.91,159.0,CABO
2023-06-30 15:19:00,659.885,659.885,659.885,659.885,122.0,CABO
2023-06-30 15:04:00,659.97,659.97,658.96,658.96,817.0,CABO
2023-06-30 15:01:00,658.395,658.395,658.395,658.395,123.0,CABO
2023-06-30 14:51:00,659.25,659.25,659.25,659.25,101.0,CABO
2023-06-30 14:44:00,659.91,659.91,659.91,659.91,123.0,CABO
2023-06-30 14:36:00,659.815,659.835,659.815,659.835,203.0,CABO
2023-06-30 14:34:00,659.725,659.725,659.725,659.725,170.0,CABO
2023-06-30 14:31:00,658.86,658.86,658.86,658.86,129.0,CABO
2023-06-30 14:30:00,660.345,660.345,658.855,658.855,205.0,CABO
2023-06-30 14:21:00,658.575,658.575,658.575,658.575,106.0,CABO
2023-06-30 14:11:00,658.33,658.33,658.33,658.33,102.0,CABO
2023-06-30 14:08:00,658.0,658.0,658.0,658.0,736.0,CABO
2023-06-30 14:07:00,659.77,659.77,658.1,658.235,638.0,CABO
2023-06-30 14:01:00,659.855,659.855,659.855,659.855,107.0,CABO
2023-06-30 13:51:00,658.63,658.63,658.63,658.63,102.0,CABO
2023-06-30 13:49:00,658.85,658.85,658.52,658.525,566.0,CABO
2023-06-30 13:41:00,657.0,657.0,657.0,657.0,106.0,CABO
2023-06-30 13:37:00,656.47,658.13,656.47,658.13,395.0,CABO
2023-06-30 13:35:00,656.06,656.06,656.06,656.06,182.0,CABO
2023-06-30 13:30:00,656.22,656.23,656.22,656.23,693.0,CABO
2023-06-30 13:29:00,655.135,655.135,655.135,655.135,203.0,CABO
2023-06-30 13:28:00,655.88,655.88,655.88,655.88,411.0,CABO
2023-06-30 13:23:00,657.12,657.12,656.26,656.26,315.0,CABO
2023-06-30 13:03:00,655.07,655.07,655.07,655.07,100.0,CABO
2023-06-30 12:39:00,654.9,654.9,654.825,654.825,705.0,CABO
2023-06-30 12:34:00,655.72,655.72,655.72,655.72,161.0,CABO
2023-06-30 12:31:00,655.17,655.17,655.17,655.17,104.0,CABO
2023-06-30 12:24:00,655.045,655.045,655.045,655.045,247.0,CABO
2023-06-30 12:13:00,655.865,655.865,655.865,655.865,252.0,CABO
2023-06-30 12:03:00,655.17,655.17,655.17,655.17,101.0,CABO
2023-06-30 11:48:00,653.6,653.6,653.6,653.6,211.0,CABO
2023-06-30 11:47:00,656.83,656.83,655.92,655.92,745.0,CABO
2023-06-30 11:43:00,657.96,657.96,657.96,657.96,103.0,CABO
2023-06-30 11:11:00,657.77,657.77,657.77,657.77,110.0,CABO
2023-06-30 11:10:00,658.0,658.49,657.74,657.9,1225.0,CABO
2023-06-30 11:02:00,655.615,655.705,655.615,655.705,300.0,CABO
2023-06-30 10:58:00,656.685,658.035,656.685,658.035,722.0,CABO
2023-06-30 10:57:00,657.19,657.19,657.19,657.19,313.0,CABO
2023-06-30 10:55:00,655.315,655.315,655.315,655.315,102.0,CABO
2023-06-30 10:54:00,655.315,655.315,655.315,655.315,109.0,CABO
2023-06-30 10:51:00,655.26,655.26,655.26,655.26,100.0,CABO
2023-06-30 10:50:00,656.49,656.49,655.26,655.26,376.0,CABO
2023-06-30 10:49:00,654.87,654.87,653.92,654.65,552.0,CABO
2023-06-30 10:44:00,654.86,654.86,654.86,654.86,640.0,CABO
2023-06-30 10:40:00,656.165,656.165,656.165,656.165,105.0,CABO
2023-06-30 10:36:00,658.42,658.42,658.42,658.42,269.0,CABO
2023-06-30 10:09:00,655.82,655.82,655.82,655.82,258.0,CABO
2023-06-30 10:08:00,656.18,656.18,656.18,656.18,221.0,CABO
2023-06-30 10:07:00,657.28,657.28,655.555,655.56,650.0,CABO
2023-06-30 10:06:00,658.635,658.635,655.74,655.74,774.0,CABO
2023-06-30 10:03:00,659.475,659.475,659.475,659.475,444.0,CABO
2023-06-30 10:02:00,656.05,656.05,656.05,656.05,210.0,CABO
2023-06-30 09:51:00,652.71,652.71,652.71,652.71,110.0,CABO
2023-06-30 09:50:00,655.67,655.67,655.67,655.67,130.0,CABO
2023-06-30 09:42:00,651.98,651.98,651.98,651.98,302.0,CABO
2023-06-30 09:41:00,654.63,654.63,654.63,654.63,967.0,CABO
2023-06-30 09:30:00,658.21,658.21,658.21,658.21,158.0,CABO
2023-06-30 08:02:00,653.96,653.96,653.96,653.96,1.0,CABO
2023-06-29 19:00:00,653.96,653.96,653.96,653.96,3291.0,CABO
2023-06-29 18:30:00,653.96,653.96,653.96,653.96,3291.0,CABO
2023-06-29 16:10:00,653.96,653.96,653.96,653.96,3291.0,CABO
2023-06-29 16:08:00,651.02,651.02,651.02,651.02,1.0,CABO
2023-06-29 16:01:00,653.96,653.96,653.96,653.96,77.0,CABO
2023-06-29 16:00:00,653.53,653.96,653.53,653.96,6951.0,CABO
2023-06-29 15:59:00,653.69,653.69,653.33,653.53,2377.0,CABO
2023-06-29 15:58:00,654.18,654.43,653.67,653.67,699.0,CABO
2023-06-29 15:57:00,653.13,653.59,652.66,653.59,2083.0,CABO
2023-06-29 15:56:00,654.0,654.08,653.83,653.83,1560.0,CABO
2023-06-29 15:55:00,654.18,654.18,654.18,654.18,3468.0,CABO
2023-06-29 15:54:00,654.55,654.97,654.55,654.97,812.0,CABO
2023-06-29 15:53:00,654.94,655.39,654.94,655.39,766.0,CABO
2023-06-29 15:52:00,655.01,655.01,655.01,655.01,358.0,CABO
2023-06-29 15:51:00,654.98,655.49,654.98,655.29,1753.0,CABO
2023-06-29 15:47:00,656.86,658.03,656.86,657.1,2073.0,CABO
2023-06-29 15:46:00,656.41,656.41,656.41,656.41,233.0,CABO
2023-06-29 15:45:00,656.595,657.245,656.595,657.245,319.0,CABO
2023-06-29 15:44:00,656.97,656.97,656.51,656.51,981.0,CABO
2023-06-29 15:43:00,656.37,656.37,656.37,656.37,116.0,CABO
2023-06-29 15:42:00,656.94,656.97,656.94,656.97,370.0,CABO
2023-06-29 15:40:00,656.33,656.33,656.33,656.33,175.0,CABO
2023-06-29 15:39:00,656.51,656.97,656.51,656.97,363.0,CABO
2023-06-29 15:38:00,657.1,657.1,657.1,657.1,165.0,CABO
2023-06-29 15:37:00,656.98,656.98,656.98,656.98,542.0,CABO
2023-06-29 15:31:00,658.655,658.66,658.655,658.66,363.0,CABO
2023-06-29 15:29:00,658.25,658.25,658.25,658.25,333.0,CABO
2023-06-29 15:26:00,657.4,657.4,657.4,657.4,279.0,CABO
2023-06-29 15:21:00,656.95,656.95,656.95,656.95,107.0,CABO
2023-06-29 15:16:00,656.85,656.85,656.57,656.57,333.0,CABO
2023-06-29 15:15:00,659.015,659.57,657.83,657.83,1880.0,CABO
2023-06-29 15:11:00,658.19,658.28,658.19,658.28,279.0,CABO
2023-06-29 15:05:00,658.92,658.92,658.92,658.92,105.0,CABO
2023-06-29 15:00:00,659.367,659.367,656.465,656.465,563.0,CABO
2023-06-29 14:59:00,657.625,657.625,657.625,657.625,104.0,CABO
2023-06-29 14:54:00,655.73,655.73,655.28,655.28,295.0,CABO
2023-06-29 14:52:00,654.48,654.48,654.48,654.48,243.0,CABO
2023-06-29 14:50:00,655.97,655.97,655.97,655.97,187.0,CABO
2023-06-29 14:47:00,653.322,655.395,653.322,655.395,217.0,CABO
2023-06-29 14:43:00,655.25,655.25,655.25,655.25,110.0,CABO
2023-06-29 14:42:00,654.9,654.92,654.9,654.92,457.0,CABO
2023-06-29 14:40:00,655.93,655.93,655.93,655.93,415.0,CABO
2023-06-29 14:33:00,655.0,655.0,655.0,655.0,253.0,CABO
2023-06-29 14:16:00,651.98,654.73,651.98,654.73,671.0,CABO
2023-06-29 14:07:00,655.95,655.95,653.215,653.215,523.0,CABO
2023-06-29 14:04:00,658.155,658.155,658.155,658.155,254.0,CABO
2023-06-29 13:59:00,658.69,658.69,658.69,658.69,123.0,CABO
2023-06-29 13:56:00,659.075,659.075,659.075,659.075,1233.0,CABO
2023-06-29 13:55:00,659.86,659.97,659.705,659.705,1171.0,CABO
2023-06-29 13:42:00,662.11,662.11,660.69,660.69,253.0,CABO
2023-06-29 13:30:00,660.91,660.91,660.91,660.91,126.0,CABO
2023-06-29 13:21:00,663.0,663.0,663.0,663.0,274.0,CABO
2023-06-29 13:20:00,660.895,660.895,660.895,660.895,126.0,CABO
2023-06-29 13:09:00,662.29,662.29,662.29,662.29,177.0,CABO
2023-06-29 13:08:00,660.545,660.545,660.545,660.545,318.0,CABO
2023-06-29 12:55:00,659.19,659.19,659.19,659.19,139.0,CABO
2023-06-29 12:49:00,659.92,659.99,659.92,659.99,410.0,CABO
2023-06-29 12:48:00,660.7,660.7,659.035,660.0,1257.0,CABO
2023-06-29 12:20:00,660.455,660.455,660.455,660.455,101.0,CABO
2023-06-29 12:09:00,660.315,660.315,660.315,660.315,104.0,CABO
2023-06-29 12:06:00,660.32,660.32,659.615,659.615,814.0,CABO
2023-06-29 11:48:00,659.75,661.76,657.935,658.715,4526.0,CABO
2023-06-29 11:44:00,656.63,656.63,656.63,656.63,103.0,CABO
2023-06-29 11:22:00,660.995,660.995,660.995,660.995,172.0,CABO
2023-06-29 11:10:00,660.79,660.79,660.79,660.79,778.0,CABO
2023-06-29 11:09:00,658.39,658.39,658.39,658.39,262.0,CABO
2023-06-29 11:04:00,659.12,659.12,659.12,659.12,112.0,CABO
2023-06-29 10:41:00,663.73,663.73,663.73,663.73,132.0,CABO
2023-06-29 10:36:00,665.73,665.73,665.73,665.73,822.0,CABO
2023-06-29 10:34:00,667.31,667.31,667.31,667.31,360.0,CABO
2023-06-29 10:33:00,668.0,668.0,668.0,668.0,907.0,CABO
2023-06-29 10:31:00,666.82,666.82,666.82,666.82,117.0,CABO
2023-06-29 10:30:00,669.15,669.15,669.15,669.15,270.0,CABO
2023-06-29 10:21:00,671.955,671.955,671.955,671.955,197.0,CABO
2023-06-29 10:13:00,671.915,671.915,671.915,671.915,101.0,CABO
2023-06-29 10:08:00,674.68,674.68,674.68,674.68,767.0,CABO
2023-06-29 09:58:00,674.89,674.89,674.89,674.89,209.0,CABO
2023-06-29 09:41:00,671.18,671.18,667.185,671.18,1570.0,CABO
2023-06-29 09:38:00,671.18,671.18,671.18,671.18,111.0,CABO
2023-06-29 09:30:00,671.07,674.2,671.07,674.2,1214.0,CABO
2023-06-28 19:00:00,674.85,674.85,674.85,674.85,3823.0,CABO
2023-06-28 18:30:00,674.85,674.85,674.85,674.85,3823.0,CABO
2023-06-28 16:10:00,674.85,674.85,674.85,674.85,3823.0,CABO
2023-06-28 16:08:00,668.02,668.02,665.06,665.06,10.0,CABO
2023-06-28 16:01:00,674.85,674.85,674.85,674.85,186.0,CABO
2023-06-28 16:00:00,674.29,674.85,674.29,674.85,9140.0,CABO
2023-06-28 15:59:00,671.885,674.85,671.8,674.85,3179.0,CABO
2023-06-28 15:58:00,671.4,671.79,671.4,671.79,507.0,CABO
2023-06-28 15:57:00,670.8,671.82,670.8,671.82,1696.0,CABO
2023-06-28 15:56:00,671.365,671.365,670.735,671.36,755.0,CABO
2023-06-28 15:55:00,671.655,671.655,671.55,671.55,478.0,CABO
2023-06-28 15:54:00,671.88,671.907,671.86,671.86,1320.0,CABO
2023-06-28 15:53:00,671.26,671.26,671.26,671.26,418.0,CABO
2023-06-28 15:52:00,671.51,671.51,671.46,671.46,518.0,CABO
2023-06-28 15:51:00,672.27,673.24,672.26,672.26,1247.0,CABO
2023-06-28 15:49:00,672.855,672.855,672.855,672.855,215.0,CABO
2023-06-28 15:46:00,672.84,672.84,672.84,672.84,307.0,CABO
2023-06-28 15:45:00,671.805,671.805,671.28,671.28,292.0,CABO
2023-06-28 15:41:00,671.795,671.795,671.795,671.795,260.0,CABO
2023-06-28 15:39:00,671.34,671.34,671.34,671.34,575.0,CABO
2023-06-28 15:38:00,671.27,671.27,671.27,671.27,126.0,CABO
2023-06-28 15:36:00,670.28,670.28,670.28,670.28,315.0,CABO
2023-06-28 15:25:00,670.6,670.6,670.6,670.6,448.0,CABO
2023-06-28 15:24:00,670.145,670.61,670.145,670.61,363.0,CABO
2023-06-28 15:15:00,670.755,670.755,670.755,670.755,124.0,CABO
2023-06-28 15:10:00,670.0,670.0,670.0,670.0,140.0,CABO
2023-06-28 14:55:00,669.7,669.7,669.67,669.67,478.0,CABO
2023-06-28 14:47:00,671.0,671.0,670.87,670.87,694.0,CABO
2023-06-28 14:42:00,672.98,672.98,671.66,671.665,786.0,CABO
2023-06-28 14:16:00,669.44,669.48,669.44,669.48,494.0,CABO
2023-06-28 14:15:00,670.41,670.41,670.41,670.41,462.0,CABO
2023-06-28 14:04:00,671.23,671.23,671.23,671.23,305.0,CABO
2023-06-28 14:01:00,671.17,671.17,671.17,671.17,655.0,CABO
2023-06-28 13:27:00,671.75,671.75,671.75,671.75,408.0,CABO
2023-06-28 13:23:00,670.15,670.15,670.15,670.15,173.0,CABO
2023-06-28 13:18:00,669.41,669.41,669.41,669.41,180.0,CABO
2023-06-28 13:12:00,668.71,668.76,668.71,668.76,396.0,CABO
2023-06-28 13:04:00,670.86,670.98,670.85,670.86,759.0,CABO
2023-06-28 12:12:00,672.13,672.13,672.13,672.13,225.0,CABO
2023-06-28 12:09:00,668.75,669.26,668.75,669.26,279.0,CABO
2023-06-28 12:08:00,666.19,668.73,666.07,668.73,802.0,CABO
2023-06-28 12:07:00,665.525,665.525,665.525,665.525,660.0,CABO
2023-06-28 11:43:00,663.895,663.895,663.895,663.895,510.0,CABO
2023-06-28 11:41:00,663.89,663.89,663.89,663.89,408.0,CABO
2023-06-28 11:37:00,665.53,665.555,665.53,665.555,703.0,CABO
2023-06-28 11:33:00,665.515,665.515,665.515,665.515,113.0,CABO
2023-06-28 11:25:00,664.93,664.93,664.93,664.93,106.0,CABO
2023-06-28 11:16:00,664.06,664.06,664.06,664.06,373.0,CABO
2023-06-28 11:03:00,665.93,665.93,665.93,665.93,635.0,CABO
2023-06-28 10:59:00,663.69,663.69,663.69,663.69,114.0,CABO
2023-06-28 10:46:00,663.9,663.9,663.58,663.58,1532.0,CABO
2023-06-28 10:38:00,666.2,666.2,666.2,666.2,392.0,CABO
2023-06-28 10:16:00,662.505,663.98,662.505,663.98,1336.0,CABO
2023-06-28 10:12:00,663.48,663.48,663.48,663.48,111.0,CABO
2023-06-28 10:09:00,661.38,661.38,661.38,661.38,300.0,CABO
2023-06-28 09:30:00,664.45,664.45,664.45,664.45,200.0,CABO
2023-06-27 19:00:00,666.23,666.23,666.23,666.23,4086.0,CABO
2023-06-27 18:30:00,666.23,666.23,666.23,666.23,4086.0,CABO
2023-06-27 16:10:00,666.23,666.23,666.23,666.23,4086.0,CABO
2023-06-27 16:08:00,660.7,660.7,660.7,660.7,1.0,CABO
2023-06-27 16:01:00,666.23,666.23,666.23,666.23,770.0,CABO
2023-06-27 16:00:00,666.14,666.97,666.14,666.23,9230.0,CABO
2023-06-27 15:59:00,665.53,666.4,665.53,666.14,2190.0,CABO
2023-06-27 15:57:00,664.42,664.42,664.27,664.27,789.0,CABO
2023-06-27 15:56:00,665.0,665.13,664.62,664.62,1222.0,CABO
2023-06-27 15:55:00,666.54,666.73,666.54,666.73,1394.0,CABO
2023-06-27 15:54:00,668.47,668.47,667.025,667.025,2068.0,CABO
2023-06-27 15:53:00,668.45,668.68,668.45,668.68,1059.0,CABO
2023-06-27 15:51:00,669.46,669.46,669.04,669.04,629.0,CABO
2023-06-27 15:50:00,670.27,670.27,669.09,669.5,1953.0,CABO
2023-06-27 15:47:00,670.93,670.93,670.93,670.93,169.0,CABO
2023-06-27 15:42:00,670.78,670.78,670.5,670.5,2019.0,CABO
2023-06-27 15:41:00,670.22,670.22,670.0,670.0,305.0,CABO
2023-06-27 15:40:00,669.6,669.7,668.595,668.595,525.0,CABO
2023-06-27 15:38:00,666.65,668.24,666.65,667.84,1591.0,CABO
2023-06-27 15:37:00,666.98,666.98,666.665,666.67,631.0,CABO
2023-06-27 15:36:00,666.665,666.665,666.665,666.665,144.0,CABO
2023-06-27 15:35:00,666.67,666.7,666.67,666.7,652.0,CABO
2023-06-27 15:34:00,666.53,666.53,666.53,666.53,120.0,CABO
2023-06-27 15:33:00,667.08,667.08,667.08,667.08,330.0,CABO
2023-06-27 15:32:00,667.635,667.635,667.635,667.635,766.0,CABO
2023-06-27 15:30:00,668.66,668.66,668.66,668.66,182.0,CABO
2023-06-27 15:29:00,667.685,667.685,667.685,667.685,361.0,CABO
2023-06-27 15:24:00,667.505,667.505,667.505,667.505,300.0,CABO
2023-06-27 15:22:00,666.67,666.67,666.67,666.67,148.0,CABO
2023-06-27 15:19:00,666.89,666.89,666.89,666.89,189.0,CABO
2023-06-27 15:18:00,667.38,667.385,667.38,667.385,213.0,CABO
2023-06-27 15:16:00,667.07,667.07,667.07,667.07,163.0,CABO
2023-06-27 15:15:00,667.495,667.495,667.495,667.495,238.0,CABO
2023-06-27 15:13:00,666.615,666.615,666.615,666.615,132.0,CABO
2023-06-27 15:10:00,667.53,667.53,667.53,667.53,215.0,CABO
2023-06-27 15:09:00,667.54,667.54,667.54,667.54,108.0,CABO
2023-06-27 15:08:00,667.055,667.055,667.055,667.055,160.0,CABO
2023-06-27 15:07:00,667.055,667.12,667.055,667.12,221.0,CABO
2023-06-27 15:06:00,668.61,668.61,667.565,667.565,210.0,CABO
2023-06-27 15:05:00,666.98,667.155,666.98,667.155,503.0,CABO
2023-06-27 15:01:00,666.885,666.885,666.885,666.885,179.0,CABO
2023-06-27 14:58:00,666.38,666.38,666.38,666.38,366.0,CABO
2023-06-27 14:36:00,666.74,666.74,666.74,666.74,137.0,CABO
2023-06-27 14:35:00,666.65,666.65,665.74,665.74,1151.0,CABO
2023-06-27 14:32:00,666.035,666.035,664.98,664.98,374.0,CABO
2023-06-27 14:20:00,667.05,667.05,667.05,667.05,188.0,CABO
2023-06-27 14:14:00,664.52,664.52,664.52,664.52,435.0,CABO
2023-06-27 14:11:00,668.9,668.9,666.42,666.42,472.0,CABO
2023-06-27 14:09:00,666.465,666.465,666.46,666.46,444.0,CABO
2023-06-27 14:08:00,669.46,670.38,666.12,670.38,3118.0,CABO
2023-06-27 14:00:00,669.78,669.78,669.78,669.78,595.0,CABO
2023-06-27 13:24:00,671.04,671.04,670.225,670.225,866.0,CABO
2023-06-27 12:55:00,670.31,670.7,670.31,670.7,740.0,CABO
2023-06-27 12:49:00,671.73,671.73,671.73,671.73,139.0,CABO
2023-06-27 12:48:00,671.21,671.21,671.21,671.21,509.0,CABO
2023-06-27 12:47:00,671.13,671.13,671.13,671.13,435.0,CABO
2023-06-27 12:26:00,670.0,670.0,670.0,670.0,511.0,CABO
2023-06-27 12:25:00,669.66,669.66,669.66,669.66,339.0,CABO
2023-06-27 12:14:00,669.44,669.44,669.44,669.44,118.0,CABO
2023-06-27 11:55:00,666.87,667.69,666.105,667.69,957.0,CABO
2023-06-27 11:41:00,666.91,666.91,666.91,666.91,311.0,CABO
2023-06-27 11:35:00,667.28,667.79,667.08,667.08,701.0,CABO
2023-06-27 11:20:00,668.442,668.442,668.443,668.442,108.0,CABO
2023-06-27 11:10:00,666.975,666.975,666.975,666.975,602.0,CABO
2023-06-27 11:09:00,666.72,666.72,666.645,666.65,1840.0,CABO
2023-06-27 11:03:00,664.64,664.66,664.64,664.66,525.0,CABO
2023-06-27 10:51:00,663.93,664.7,663.93,664.7,1124.0,CABO
2023-06-27 10:14:00,649.56,649.61,649.56,649.61,665.0,CABO
2023-06-27 09:38:00,644.85,644.85,644.85,644.85,139.0,CABO
2023-06-27 09:30:00,644.9,644.9,644.9,644.9,194.0,CABO
2023-06-27 07:27:00,647.2,647.2,647.2,647.2,3.0,CABO
2023-06-27 04:02:00,648.8,648.8,648.8,648.8,40.0,CABO
2023-06-26 19:00:00,641.63,641.63,641.63,641.63,3370.0,CABO
2023-06-26 18:30:00,641.63,641.63,641.63,641.63,3370.0,CABO
2023-06-26 16:46:00,641.63,641.63,641.63,641.63,2016.0,CABO
2023-06-26 16:10:00,641.63,641.63,641.63,641.63,3370.0,CABO
2023-06-26 16:08:00,634.02,634.02,634.02,634.02,1.0,CABO
2023-06-26 16:07:00,640.05,640.05,638.5,638.5,231.0,CABO
2023-06-26 16:00:00,641.63,641.89,641.63,641.63,7267.0,CABO
2023-06-26 15:59:00,642.81,642.81,641.53,641.63,3548.0,CABO
2023-06-26 15:57:00,645.15,645.15,642.02,642.02,4682.0,CABO
2023-06-26 15:56:00,646.7,646.7,645.39,645.39,2367.0,CABO
2023-06-26 15:55:00,646.09,646.09,646.09,646.09,443.0,CABO
2023-06-26 15:53:00,646.34,646.34,646.34,646.34,282.0,CABO
2023-06-26 15:52:00,647.06,647.06,647.06,647.06,318.0,CABO
2023-06-26 15:50:00,647.605,647.605,647.55,647.55,551.0,CABO
2023-06-26 15:48:00,647.19,647.19,647.19,647.19,132.0,CABO
2023-06-26 15:47:00,647.87,647.87,647.87,647.87,318.0,CABO
2023-06-26 15:45:00,649.33,649.33,649.09,649.09,752.0,CABO
2023-06-26 15:36:00,650.115,650.115,650.115,650.115,262.0,CABO
2023-06-26 15:35:00,649.855,649.855,649.855,649.855,598.0,CABO
2023-06-26 15:31:00,650.63,650.64,650.38,650.38,811.0,CABO
2023-06-26 15:26:00,650.07,650.07,650.07,650.07,177.0,CABO
2023-06-26 15:24:00,649.56,649.56,649.56,649.56,860.0,CABO
2023-06-26 15:23:00,649.42,649.42,649.42,649.42,151.0,CABO
2023-06-26 15:09:00,649.69,649.69,649.69,649.69,210.0,CABO
2023-06-26 15:07:00,648.48,648.48,648.02,648.02,974.0,CABO
2023-06-26 14:55:00,645.5,645.5,645.5,645.5,955.0,CABO
2023-06-26 14:53:00,644.405,644.45,644.405,644.45,387.0,CABO
2023-06-26 14:50:00,645.2,645.2,644.28,644.28,1145.0,CABO
2023-06-26 14:33:00,641.9,641.9,641.9,641.9,177.0,CABO
2023-06-26 14:06:00,639.285,639.285,638.288,638.287,224.0,CABO
2023-06-26 14:05:00,639.93,639.93,639.93,639.93,838.0,CABO
2023-06-26 14:02:00,640.07,640.07,640.07,640.07,728.0,CABO
2023-06-26 13:57:00,640.979,640.979,640.59,640.955,620.0,CABO
2023-06-26 13:56:00,640.53,640.53,640.315,640.315,847.0,CABO
2023-06-26 13:51:00,640.1,640.11,640.1,640.11,740.0,CABO
2023-06-26 13:43:00,644.59,644.59,642.32,642.32,2910.0,CABO
2023-06-26 13:41:00,645.2,645.2,645.2,645.2,189.0,CABO
2023-06-26 13:30:00,644.88,644.88,644.88,644.88,301.0,CABO
2023-06-26 13:20:00,643.08,643.08,643.08,643.08,139.0,CABO
2023-06-26 13:19:00,642.855,643.68,642.855,643.68,652.0,CABO
2023-06-26 13:09:00,644.0,644.0,644.0,644.0,248.0,CABO
2023-06-26 13:05:00,646.7,646.7,646.7,646.7,680.0,CABO
2023-06-26 12:57:00,651.27,651.27,648.79,649.04,793.0,CABO
2023-06-26 12:56:00,646.31,646.31,646.31,646.31,109.0,CABO
2023-06-26 11:53:00,649.21,649.21,649.21,649.21,303.0,CABO
2023-06-26 11:37:00,647.85,647.85,647.85,647.85,117.0,CABO
2023-06-26 11:36:00,647.235,647.235,647.235,647.235,112.0,CABO
2023-06-26 10:44:00,647.8,647.8,647.8,647.8,369.0,CABO
2023-06-26 10:23:00,649.4,649.4,649.4,649.4,109.0,CABO
2023-06-26 10:22:00,649.965,649.993,649.965,649.994,222.0,CABO
2023-06-26 10:17:00,649.735,649.735,649.735,649.735,102.0,CABO
2023-06-26 10:03:00,644.03,644.03,644.03,644.03,296.0,CABO
2023-06-26 09:46:00,641.83,643.36,641.83,643.36,357.0,CABO
2023-06-26 09:30:00,633.11,633.11,633.11,633.11,193.0,CABO
2023-06-23 19:00:00,634.85,634.85,634.85,634.85,33813.0,CABO
2023-06-23 18:30:00,634.85,634.85,634.85,634.85,33813.0,CABO
2023-06-23 17:44:00,634.85,634.85,634.85,634.85,303.0,CABO
2023-06-23 17:08:00,634.85,634.85,634.85,634.85,303.0,CABO
2023-06-23 17:00:00,634.85,634.85,634.85,634.85,3.0,CABO
2023-06-23 16:15:00,634.85,634.85,634.85,634.85,14310.0,CABO
2023-06-23 16:13:00,634.85,634.85,634.85,634.85,1416.0,CABO
2023-06-23 16:12:00,634.85,634.85,634.85,634.85,1906.0,CABO
2023-06-23 16:11:00,634.837,634.863,634.837,634.85,1639.0,CABO
2023-06-23 16:10:00,634.85,634.85,634.85,634.85,34167.0,CABO
2023-06-23 16:08:00,634.85,634.85,634.85,634.85,1.0,CABO
2023-06-23 16:07:00,634.85,634.85,627.01,627.01,132.0,CABO
2023-06-23 16:06:00,634.85,634.85,634.85,634.85,155.0,CABO
2023-06-23 16:04:00,634.889,634.889,634.811,634.825,7932.0,CABO
2023-06-23 16:03:00,634.859,634.916,634.79,634.79,7748.0,CABO
2023-06-23 16:02:00,634.856,634.856,634.856,634.856,60.0,CABO
2023-06-23 16:00:00,634.36,634.85,634.36,634.85,73379.0,CABO
2023-06-23 15:59:00,635.58,635.88,634.36,634.36,2518.0,CABO
2023-06-23 15:58:00,636.2,636.2,635.22,635.22,957.0,CABO
2023-06-23 15:56:00,636.23,636.23,635.523,636.21,2478.0,CABO
2023-06-23 15:55:00,635.91,635.91,635.91,635.91,869.0,CABO
2023-06-23 15:54:00,635.76,635.91,634.205,634.205,686.0,CABO
2023-06-23 15:53:00,635.1,635.5,635.0,635.0,872.0,CABO
2023-06-23 15:52:00,633.66,633.66,633.02,633.02,789.0,CABO
2023-06-23 15:51:00,632.18,633.15,632.18,632.86,1345.0,CABO
2023-06-23 15:50:00,632.7,632.7,632.7,632.7,332.0,CABO
2023-06-23 15:36:00,633.56,633.67,633.56,633.67,595.0,CABO
2023-06-23 15:35:00,633.71,633.71,633.71,633.71,157.0,CABO
2023-06-23 15:31:00,633.15,633.15,633.15,633.15,377.0,CABO
2023-06-23 15:23:00,632.11,632.46,631.91,632.46,1412.0,CABO
2023-06-23 15:22:00,631.38,631.38,631.38,631.38,237.0,CABO
2023-06-23 15:21:00,631.0,631.22,630.11,631.22,2071.0,CABO
2023-06-23 15:18:00,637.26,637.26,630.14,632.0,7701.0,CABO
2023-06-23 15:10:00,637.27,637.27,637.27,637.27,138.0,CABO
2023-06-23 14:53:00,639.795,639.795,639.795,639.795,107.0,CABO
2023-06-23 14:50:00,637.37,637.37,637.37,637.37,139.0,CABO
2023-06-23 14:45:00,637.12,637.12,637.12,637.12,441.0,CABO
2023-06-23 14:42:00,637.23,638.67,637.23,638.3,1748.0,CABO
2023-06-23 14:31:00,636.265,636.265,636.265,636.265,193.0,CABO
2023-06-23 14:06:00,638.42,638.42,638.01,638.01,886.0,CABO
2023-06-23 14:04:00,638.795,641.22,638.59,641.21,2610.0,CABO
2023-06-23 13:53:00,636.785,638.36,636.44,636.67,1616.0,CABO
2023-06-23 13:52:00,635.38,635.38,635.38,635.38,134.0,CABO
2023-06-23 13:32:00,635.91,635.91,635.91,635.91,118.0,CABO
2023-06-23 13:11:00,635.48,635.48,634.99,634.99,673.0,CABO
2023-06-23 13:10:00,636.69,636.69,635.47,635.47,1006.0,CABO
2023-06-23 13:08:00,637.85,637.85,637.85,637.85,103.0,CABO
2023-06-23 13:04:00,638.46,638.46,638.46,638.46,112.0,CABO
2023-06-23 13:00:00,638.3,638.3,638.3,638.3,106.0,CABO
2023-06-23 12:59:00,638.575,638.575,638.575,638.575,271.0,CABO
2023-06-23 12:57:00,639.435,639.435,639.435,639.435,127.0,CABO
2023-06-23 12:55:00,637.93,637.93,637.93,637.93,255.0,CABO
2023-06-23 12:54:00,637.35,637.35,637.35,637.35,125.0,CABO
2023-06-23 12:46:00,639.05,639.05,639.05,639.05,520.0,CABO
2023-06-23 12:38:00,638.065,638.065,638.065,638.065,148.0,CABO
2023-06-23 12:33:00,636.69,636.69,636.69,636.69,300.0,CABO
2023-06-23 12:29:00,635.29,636.69,635.29,635.295,368.0,CABO
2023-06-23 12:28:00,635.185,635.185,635.185,635.185,106.0,CABO
2023-06-23 12:19:00,635.285,635.285,635.285,635.285,161.0,CABO
2023-06-23 12:08:00,634.41,634.41,634.41,634.41,606.0,CABO
2023-06-23 12:01:00,635.16,635.16,635.16,635.16,714.0,CABO
2023-06-23 11:43:00,634.72,634.72,634.72,634.72,841.0,CABO
2023-06-23 11:20:00,633.205,633.205,630.98,630.98,557.0,CABO
2023-06-23 11:15:00,634.23,634.23,632.32,632.34,957.0,CABO
2023-06-23 11:13:00,635.52,635.52,635.52,635.52,123.0,CABO
2023-06-23 10:52:00,633.805,633.805,633.805,633.805,180.0,CABO
2023-06-23 10:39:00,635.415,635.415,635.415,635.415,241.0,CABO
2023-06-23 10:35:00,632.765,632.765,632.765,632.765,141.0,CABO
2023-06-23 10:25:00,632.99,632.99,632.99,632.99,272.0,CABO
2023-06-23 10:08:00,636.78,636.78,636.215,636.25,657.0,CABO
2023-06-23 10:06:00,635.315,635.396,635.315,635.396,642.0,CABO
2023-06-23 10:05:00,636.23,636.23,636.23,636.23,166.0,CABO
2023-06-23 10:01:00,635.01,635.01,635.01,635.01,338.0,CABO
2023-06-23 10:00:00,636.96,636.96,636.96,636.96,175.0,CABO
2023-06-23 09:57:00,636.245,636.245,636.245,636.245,110.0,CABO
2023-06-23 09:53:00,635.97,635.97,635.97,635.97,127.0,CABO
2023-06-23 09:52:00,635.57,635.57,635.57,635.57,228.0,CABO
2023-06-23 09:51:00,634.04,636.0,632.19,636.0,1050.0,CABO
2023-06-23 09:50:00,634.02,634.02,634.02,634.02,100.0,CABO
2023-06-23 09:44:00,629.96,629.96,629.96,629.96,156.0,CABO
2023-06-23 09:42:00,629.91,629.91,629.91,629.91,100.0,CABO
2023-06-23 09:36:00,632.2,632.2,632.2,632.2,339.0,CABO
2023-06-23 09:35:00,632.7,632.7,632.7,632.7,103.0,CABO
2023-06-23 09:31:00,632.99,632.99,632.99,632.99,137.0,CABO
2023-06-23 09:30:00,628.73,632.61,628.73,632.61,429.0,CABO
2023-06-23 08:27:00,634.2,634.2,634.2,634.2,1.0,CABO
2023-06-22 19:00:00,634.2,634.2,634.2,634.2,11262.0,CABO
2023-06-22 18:30:00,634.2,634.2,634.2,634.2,11262.0,CABO
2023-06-22 16:11:00,634.2,634.2,634.2,634.2,32.0,CABO
2023-06-22 16:10:00,634.2,634.2,634.2,634.2,11262.0,CABO
2023-06-22 16:09:00,634.2,634.2,634.2,634.2,13.0,CABO
2023-06-22 16:08:00,620.01,620.01,620.01,620.01,1.0,CABO
2023-06-22 16:00:00,636.0,636.01,634.2,634.2,22918.0,CABO
2023-06-22 15:59:00,636.805,637.42,634.91,636.01,7229.0,CABO
2023-06-22 15:58:00,636.85,637.84,636.85,637.25,3940.0,CABO
2023-06-22 15:57:00,636.71,637.065,636.32,636.8,2164.0,CABO
2023-06-22 15:56:00,637.1,637.1,636.495,637.1,836.0,CABO
2023-06-22 15:55:00,636.34,637.19,636.34,636.47,719.0,CABO
2023-06-22 15:54:00,637.0,637.1,636.71,637.0,3438.0,CABO
2023-06-22 15:53:00,636.935,636.935,636.3,636.41,1688.0,CABO
2023-06-22 15:52:00,637.135,637.135,637.135,637.135,698.0,CABO
2023-06-22 15:51:00,637.0,637.2,637.0,637.12,936.0,CABO
2023-06-22 15:50:00,637.18,637.18,636.94,636.94,475.0,CABO
2023-06-22 15:49:00,638.615,638.615,637.68,638.045,4604.0,CABO
2023-06-22 15:48:00,638.61,638.61,638.61,638.61,106.0,CABO
2023-06-22 15:47:00,637.71,638.965,637.71,638.965,1227.0,CABO
2023-06-22 15:46:00,637.56,637.71,637.21,637.705,1296.0,CABO
2023-06-22 15:45:00,637.66,637.665,637.66,637.665,324.0,CABO
2023-06-22 15:44:00,637.85,638.09,637.575,638.09,406.0,CABO
2023-06-22 15:40:00,637.14,637.395,637.14,637.31,1835.0,CABO
2023-06-22 15:39:00,636.96,636.96,636.96,636.96,231.0,CABO
2023-06-22 15:36:00,636.3,636.3,636.3,636.3,132.0,CABO
2023-06-22 15:34:00,636.875,636.875,636.875,636.875,105.0,CABO
2023-06-22 15:31:00,636.57,636.57,636.57,636.57,336.0,CABO
2023-06-22 15:30:00,636.415,636.415,636.415,636.415,129.0,CABO
2023-06-22 15:24:00,635.96,636.56,635.96,636.56,323.0,CABO
2023-06-22 15:23:00,634.695,634.695,634.695,634.695,102.0,CABO
2023-06-22 15:20:00,636.03,636.03,636.03,636.03,155.0,CABO
2023-06-22 15:17:00,633.1,634.35,633.1,634.35,623.0,CABO
2023-06-22 15:16:00,633.09,633.09,633.09,633.09,107.0,CABO
2023-06-22 15:12:00,633.83,633.83,633.83,633.83,139.0,CABO
2023-06-22 15:11:00,632.0,632.3,632.0,632.3,3844.0,CABO
2023-06-22 15:06:00,631.425,631.425,631.425,631.425,105.0,CABO
2023-06-22 14:55:00,631.365,631.365,631.365,631.365,194.0,CABO
2023-06-22 14:52:00,631.25,631.25,631.25,631.25,102.0,CABO
2023-06-22 14:51:00,631.05,631.05,631.05,631.05,111.0,CABO
2023-06-22 14:49:00,630.98,631.015,630.98,631.015,201.0,CABO
2023-06-22 14:47:00,631.01,631.01,630.755,630.755,1126.0,CABO
2023-06-22 14:43:00,631.395,631.395,631.395,631.395,127.0,CABO
2023-06-22 14:39:00,631.05,631.05,631.05,631.05,158.0,CABO
2023-06-22 14:37:00,630.96,630.96,630.96,630.96,204.0,CABO
2023-06-22 14:33:00,631.022,631.05,631.023,631.05,278.0,CABO
2023-06-22 14:27:00,633.025,633.025,633.025,633.025,105.0,CABO
2023-06-22 14:08:00,633.265,633.265,633.265,633.265,101.0,CABO
2023-06-22 14:03:00,632.84,633.307,632.3,632.865,1588.0,CABO
2023-06-22 14:01:00,632.57,632.57,631.565,631.565,247.0,CABO
2023-06-22 13:53:00,631.83,631.83,631.83,631.83,240.0,CABO
2023-06-22 13:50:00,631.365,631.365,631.365,631.365,164.0,CABO
2023-06-22 13:48:00,631.32,631.32,631.32,631.32,113.0,CABO
2023-06-22 13:39:00,631.0,631.0,631.0,631.0,159.0,CABO
2023-06-22 13:38:00,631.05,631.05,631.05,631.05,101.0,CABO
2023-06-22 13:36:00,630.98,630.98,630.98,630.98,141.0,CABO
2023-06-22 13:35:00,632.0,632.0,632.0,632.0,807.0,CABO
2023-06-22 13:29:00,632.85,632.85,632.85,632.85,223.0,CABO
2023-06-22 13:25:00,631.96,631.96,631.96,631.96,220.0,CABO
2023-06-22 13:16:00,631.745,631.745,631.745,631.745,219.0,CABO
2023-06-22 13:12:00,632.3,632.399,631.695,631.695,414.0,CABO
2023-06-22 13:11:00,632.33,632.33,632.33,632.33,125.0,CABO
2023-06-22 13:10:00,632.31,632.31,632.31,632.31,153.0,CABO
2023-06-22 12:58:00,631.49,631.81,631.49,631.81,201.0,CABO
2023-06-22 12:57:00,631.99,631.99,631.1,631.1,211.0,CABO
2023-06-22 12:56:00,632.035,632.035,632.035,632.035,155.0,CABO
2023-06-22 12:49:00,633.52,633.52,631.0,631.0,276.0,CABO
2023-06-22 12:43:00,632.55,632.55,632.55,632.55,142.0,CABO
2023-06-22 12:31:00,632.401,632.73,632.401,632.73,302.0,CABO
2023-06-22 12:30:00,632.42,632.42,632.4,632.4,874.0,CABO
2023-06-22 12:29:00,633.54,633.96,632.3,632.32,1698.0,CABO
2023-06-22 12:27:00,631.815,631.95,631.735,631.95,810.0,CABO
2023-06-22 12:23:00,632.3,632.3,631.81,631.81,1741.0,CABO
2023-06-22 12:20:00,631.87,631.87,631.87,631.87,179.0,CABO
2023-06-22 12:19:00,631.89,631.89,631.89,631.89,148.0,CABO
2023-06-22 12:16:00,631.895,631.895,631.895,631.895,138.0,CABO
2023-06-22 12:14:00,631.89,631.89,631.89,631.89,126.0,CABO
2023-06-22 12:11:00,632.035,632.035,632.035,632.035,107.0,CABO
2023-06-22 12:09:00,632.92,632.92,632.92,632.92,106.0,CABO
2023-06-22 12:03:00,631.701,631.995,631.701,631.99,429.0,CABO
2023-06-22 12:02:00,633.0,633.0,633.0,633.0,150.0,CABO
2023-06-22 11:57:00,633.6,633.6,632.845,632.845,987.0,CABO
2023-06-22 11:55:00,631.61,631.61,631.61,631.61,512.0,CABO
2023-06-22 11:54:00,631.97,631.97,631.97,631.97,107.0,CABO
2023-06-22 11:53:00,631.905,631.905,631.905,631.905,107.0,CABO
2023-06-22 11:48:00,631.985,631.985,631.985,631.985,197.0,CABO
2023-06-22 11:45:00,632.08,632.08,631.96,631.96,460.0,CABO
2023-06-22 11:44:00,632.08,632.08,632.08,632.08,102.0,CABO
2023-06-22 11:43:00,632.75,632.75,632.17,632.17,341.0,CABO
2023-06-22 11:41:00,633.755,633.755,632.18,632.69,1075.0,CABO
2023-06-22 11:40:00,632.8,632.8,632.565,632.565,893.0,CABO
2023-06-22 11:39:00,631.905,631.905,631.905,631.905,241.0,CABO
2023-06-22 11:33:00,631.55,631.55,631.55,631.55,157.0,CABO
2023-06-22 11:31:00,631.55,631.55,631.55,631.55,141.0,CABO
2023-06-22 11:30:00,631.545,631.545,630.28,631.473,1803.0,CABO
2023-06-22 11:27:00,631.975,631.975,631.975,631.975,831.0,CABO
2023-06-22 11:25:00,631.985,631.985,631.985,631.985,505.0,CABO
2023-06-22 11:23:00,631.975,631.975,631.975,631.975,109.0,CABO
2023-06-22 11:22:00,633.01,633.01,632.235,632.235,321.0,CABO
2023-06-22 11:16:00,633.16,633.16,631.81,631.81,1283.0,CABO
2023-06-22 11:13:00,632.24,632.57,632.24,632.57,330.0,CABO
2023-06-22 11:12:00,630.97,632.245,630.97,632.245,483.0,CABO
2023-06-22 11:04:00,631.09,631.09,631.09,631.09,114.0,CABO
2023-06-22 11:01:00,627.84,630.45,627.0,628.8,1513.0,CABO
2023-06-22 11:00:00,626.55,626.55,626.55,626.55,253.0,CABO
2023-06-22 10:59:00,626.54,626.54,626.54,626.54,518.0,CABO
2023-06-22 10:56:00,625.28,626.48,625.01,625.435,5989.0,CABO
2023-06-22 10:55:00,625.745,625.745,625.745,625.745,1192.0,CABO
2023-06-22 10:54:00,625.49,625.49,625.49,625.49,5065.0,CABO
2023-06-22 10:53:00,625.3,625.3,625.3,625.3,10144.0,CABO
2023-06-22 10:50:00,625.05,626.89,625.05,626.89,320.0,CABO
2023-06-22 10:48:00,624.835,625.635,624.835,625.635,396.0,CABO
2023-06-22 10:45:00,625.28,625.28,625.28,625.28,300.0,CABO
2023-06-22 10:38:00,628.2,628.2,626.82,626.82,612.0,CABO
2023-06-22 10:36:00,631.0,631.0,631.0,631.0,435.0,CABO
2023-06-22 10:35:00,628.61,629.79,628.61,629.78,2218.0,CABO
2023-06-22 10:32:00,627.53,627.53,627.35,627.35,204.0,CABO
2023-06-22 10:25:00,626.77,626.77,626.77,626.77,102.0,CABO
2023-06-22 10:24:00,627.62,627.62,627.62,627.62,370.0,CABO
2023-06-22 10:14:00,630.28,630.28,630.28,630.28,172.0,CABO
2023-06-22 10:05:00,624.1,624.1,624.1,624.1,410.0,CABO
2023-06-22 10:04:00,625.0,625.9,625.0,625.9,719.0,CABO
2023-06-22 10:02:00,624.15,624.229,622.9,622.9,1638.0,CABO
2023-06-22 10:01:00,624.26,624.26,624.015,624.02,1866.0,CABO
2023-06-22 10:00:00,624.92,625.97,624.92,625.97,391.0,CABO
2023-06-22 09:57:00,624.79,624.79,624.79,624.79,117.0,CABO
2023-06-22 09:52:00,624.85,625.2,624.85,625.2,1008.0,CABO
2023-06-22 09:50:00,621.01,622.505,621.01,621.01,1095.0,CABO
2023-06-22 09:49:00,622.1,622.1,622.0,622.0,242.0,CABO
2023-06-22 09:48:00,621.35,621.35,621.35,621.35,135.0,CABO
2023-06-22 09:46:00,623.6,623.6,623.6,623.6,146.0,CABO
2023-06-22 09:45:00,623.6,623.6,623.6,623.6,228.0,CABO
2023-06-22 09:42:00,624.81,624.81,624.79,624.79,202.0,CABO
2023-06-22 09:41:00,621.06,625.49,621.06,625.49,249.0,CABO
2023-06-22 09:35:00,625.99,625.99,625.74,625.74,505.0,CABO
2023-06-22 09:30:00,635.94,635.94,635.94,635.94,468.0,CABO
2023-06-21 19:00:00,638.75,638.75,638.75,638.75,24924.0,CABO
2023-06-21 18:30:00,638.75,638.75,638.75,638.75,24924.0,CABO
2023-06-21 16:10:00,638.75,638.75,638.75,638.75,24924.0,CABO
2023-06-21 16:01:00,638.75,638.75,638.75,638.75,18.0,CABO
2023-06-21 16:00:00,638.91,639.175,638.75,638.75,50934.0,CABO
2023-06-21 15:59:00,640.14,640.695,638.7,638.91,6602.0,CABO
2023-06-21 15:58:00,640.175,640.175,639.69,640.127,1132.0,CABO
2023-06-21 15:57:00,640.115,640.525,640.06,640.06,1889.0,CABO
2023-06-21 15:56:00,640.0,640.115,640.0,640.115,872.0,CABO
2023-06-21 15:55:00,640.405,640.405,640.05,640.05,1804.0,CABO
2023-06-21 15:54:00,640.335,640.335,640.335,640.335,759.0,CABO
2023-06-21 15:53:00,639.815,640.32,639.815,640.32,691.0,CABO
2023-06-21 15:52:00,639.16,640.56,639.16,640.56,808.0,CABO
2023-06-21 15:51:00,640.43,640.43,639.815,640.0,1259.0,CABO
2023-06-21 15:50:00,640.44,640.44,640.44,640.44,691.0,CABO
2023-06-21 15:49:00,641.36,644.83,641.26,641.63,2081.0,CABO
2023-06-21 15:48:00,642.67,642.67,641.992,641.992,521.0,CABO
2023-06-21 15:47:00,642.81,642.81,641.64,641.64,331.0,CABO
2023-06-21 15:46:00,642.34,642.52,642.34,642.52,243.0,CABO
2023-06-21 15:42:00,644.2,644.2,643.04,643.04,1658.0,CABO
2023-06-21 15:40:00,644.155,644.155,644.155,644.155,388.0,CABO
2023-06-21 15:38:00,644.47,644.47,644.47,644.47,137.0,CABO
2023-06-21 15:36:00,644.4,644.4,644.4,644.4,106.0,CABO
2023-06-21 15:33:00,644.98,644.98,644.98,644.98,298.0,CABO
2023-06-21 15:26:00,644.725,644.725,643.5,643.5,604.0,CABO
2023-06-21 15:25:00,646.625,646.625,646.625,646.625,194.0,CABO
2023-06-21 15:22:00,646.105,646.105,646.105,646.105,134.0,CABO
2023-06-21 15:21:00,645.1,645.1,645.1,645.1,190.0,CABO
2023-06-21 15:19:00,645.005,645.005,645.005,645.005,271.0,CABO
2023-06-21 15:17:00,644.03,644.03,644.03,644.03,190.0,CABO
2023-06-21 15:16:00,641.55,641.72,641.55,641.72,310.0,CABO
2023-06-21 15:14:00,640.515,640.53,640.455,640.455,371.0,CABO
2023-06-21 15:12:00,640.84,640.84,640.84,640.84,167.0,CABO
2023-06-21 15:10:00,640.17,640.225,640.17,640.225,342.0,CABO
2023-06-21 15:09:00,642.345,642.345,642.345,642.345,228.0,CABO
2023-06-21 15:08:00,640.125,641.55,640.125,641.55,475.0,CABO
2023-06-21 15:07:00,643.0,643.0,642.18,642.18,522.0,CABO
2023-06-21 15:03:00,644.11,644.11,644.11,644.11,562.0,CABO
2023-06-21 15:00:00,646.09,646.09,646.09,646.09,101.0,CABO
2023-06-21 14:59:00,645.99,645.99,645.792,645.902,846.0,CABO
2023-06-21 14:58:00,645.855,647.075,645.765,647.075,457.0,CABO
2023-06-21 14:57:00,645.83,646.695,645.0,646.695,770.0,CABO
2023-06-21 14:56:00,645.0,646.02,645.0,645.93,706.0,CABO
2023-06-21 14:55:00,645.155,645.155,645.155,645.155,156.0,CABO
2023-06-21 14:47:00,642.89,642.89,642.89,642.89,324.0,CABO
2023-06-21 14:45:00,643.84,643.84,643.16,643.345,11546.0,CABO
2023-06-21 14:40:00,645.0,645.56,645.0,645.0,765.0,CABO
2023-06-21 14:35:00,645.74,645.74,645.74,645.74,245.0,CABO
2023-06-21 14:34:00,645.385,646.93,645.365,645.365,5701.0,CABO
2023-06-21 14:33:00,645.385,645.385,645.385,645.385,3044.0,CABO
2023-06-21 14:32:00,645.375,645.375,645.375,645.375,187.0,CABO
2023-06-21 14:08:00,641.08,641.08,641.08,641.08,1046.0,CABO
2023-06-21 14:03:00,641.37,641.37,641.365,641.365,1593.0,CABO
2023-06-21 14:02:00,641.38,641.38,641.37,641.37,243.0,CABO
2023-06-21 14:00:00,641.92,641.92,641.92,641.92,291.0,CABO
2023-06-21 13:58:00,644.08,644.08,644.08,644.08,385.0,CABO
2023-06-21 13:57:00,645.56,645.56,644.27,644.27,786.0,CABO
2023-06-21 13:52:00,646.18,646.18,646.18,646.18,109.0,CABO
2023-06-21 13:47:00,645.655,645.655,645.655,645.655,390.0,CABO
2023-06-21 13:39:00,647.31,647.31,647.31,647.31,113.0,CABO
2023-06-21 13:28:00,645.74,645.775,645.74,645.775,669.0,CABO
2023-06-21 13:16:00,644.32,644.32,644.32,644.32,124.0,CABO
2023-06-21 13:11:00,645.765,645.765,645.765,645.765,113.0,CABO
2023-06-21 13:04:00,643.335,643.335,643.335,643.335,216.0,CABO
2023-06-21 12:55:00,644.74,644.74,644.74,644.74,103.0,CABO
2023-06-21 12:49:00,647.165,647.165,645.62,645.62,1161.0,CABO
2023-06-21 12:48:00,648.885,648.885,648.885,648.885,238.0,CABO
2023-06-21 12:28:00,647.41,647.41,647.41,647.41,646.0,CABO
2023-06-21 12:27:00,649.715,649.715,649.715,649.715,456.0,CABO
2023-06-21 12:26:00,647.88,647.88,647.88,647.88,121.0,CABO
2023-06-21 12:25:00,649.62,649.62,649.62,649.62,172.0,CABO
2023-06-21 12:22:00,649.955,649.955,649.955,649.955,202.0,CABO
2023-06-21 12:21:00,649.955,649.955,649.955,649.955,120.0,CABO
2023-06-21 12:19:00,649.78,649.78,649.66,649.78,830.0,CABO
2023-06-21 12:06:00,649.57,649.78,649.57,649.78,757.0,CABO
2023-06-21 12:01:00,648.41,648.41,648.41,648.41,107.0,CABO
2023-06-21 11:58:00,649.17,649.17,649.17,649.17,119.0,CABO
2023-06-21 11:53:00,649.82,649.83,649.82,649.83,711.0,CABO
2023-06-21 11:45:00,649.495,649.495,649.495,649.495,119.0,CABO
2023-06-21 11:40:00,647.525,648.08,647.525,648.08,432.0,CABO
2023-06-21 11:38:00,647.2,648.515,647.2,648.515,591.0,CABO
2023-06-21 11:35:00,645.52,645.52,645.52,645.52,502.0,CABO
2023-06-21 11:33:00,645.26,645.26,645.26,645.26,163.0,CABO
2023-06-21 11:32:00,643.855,643.855,643.855,643.855,117.0,CABO
2023-06-21 11:30:00,644.4,644.4,644.22,644.22,257.0,CABO
2023-06-21 11:22:00,644.62,644.81,644.62,644.81,703.0,CABO
2023-06-21 11:21:00,643.62,643.62,642.72,642.72,205.0,CABO
2023-06-21 11:20:00,643.81,643.81,643.53,643.62,586.0,CABO
2023-06-21 11:17:00,644.0,644.0,641.6,641.6,1352.0,CABO
2023-06-21 11:16:00,643.45,643.45,643.45,643.45,1188.0,CABO
2023-06-21 11:15:00,645.99,645.99,645.99,645.99,449.0,CABO
2023-06-21 11:14:00,645.19,645.19,643.45,643.78,1181.0,CABO
2023-06-21 11:13:00,645.04,645.14,645.025,645.14,661.0,CABO
2023-06-21 11:12:00,645.04,645.53,645.04,645.53,723.0,CABO
2023-06-21 11:10:00,644.99,645.04,644.99,645.04,958.0,CABO
2023-06-21 11:09:00,644.88,644.88,643.91,644.11,639.0,CABO
2023-06-21 11:06:00,644.345,644.345,644.345,644.345,205.0,CABO
2023-06-21 11:04:00,644.315,644.315,644.315,644.315,151.0,CABO
2023-06-21 11:03:00,645.965,645.965,645.965,645.965,101.0,CABO
2023-06-21 11:02:00,643.84,644.0,643.84,644.0,1872.0,CABO
2023-06-21 11:01:00,644.0,644.0,644.0,644.0,259.0,CABO
2023-06-21 11:00:00,640.865,640.865,640.865,640.865,117.0,CABO
2023-06-21 10:59:00,641.82,641.82,641.29,641.29,531.0,CABO
2023-06-21 10:58:00,641.29,641.7,641.29,641.29,782.0,CABO
2023-06-21 10:53:00,643.0,643.0,643.0,643.0,1626.0,CABO
2023-06-21 10:52:00,644.425,644.425,644.425,644.425,258.0,CABO
2023-06-21 10:48:00,644.0,645.99,644.0,644.43,3215.0,CABO
2023-06-21 10:47:00,645.42,645.42,645.42,645.42,275.0,CABO
2023-06-21 10:45:00,642.65,642.65,642.65,642.65,431.0,CABO
2023-06-21 10:43:00,645.52,645.89,645.52,645.89,1096.0,CABO
2023-06-21 10:40:00,647.95,647.95,647.67,647.67,477.0,CABO
2023-06-21 10:38:00,648.0,648.03,647.47,648.03,1508.0,CABO
2023-06-21 10:36:00,650.3,650.3,650.292,650.292,577.0,CABO
2023-06-21 10:35:00,647.495,647.495,647.34,647.34,663.0,CABO
2023-06-21 10:34:00,645.94,649.6,645.94,649.6,3252.0,CABO
2023-06-21 10:33:00,645.82,645.82,645.82,645.82,168.0,CABO
2023-06-21 10:31:00,645.44,645.44,645.44,645.44,218.0,CABO
2023-06-21 10:30:00,646.525,646.53,646.525,646.53,449.0,CABO
2023-06-21 10:27:00,646.55,646.55,646.55,646.55,215.0,CABO
2023-06-21 10:26:00,646.825,646.825,646.825,646.825,158.0,CABO
2023-06-21 10:23:00,646.79,646.79,646.79,646.79,175.0,CABO
2023-06-21 10:22:00,645.86,645.86,645.86,645.86,455.0,CABO
2023-06-21 10:20:00,643.85,644.59,643.0,644.59,1364.0,CABO
2023-06-21 10:19:00,642.62,643.54,642.5,643.54,1604.0,CABO
2023-06-21 10:16:00,642.94,642.94,642.94,642.94,178.0,CABO
2023-06-21 10:15:00,639.86,639.86,639.86,639.86,554.0,CABO
2023-06-21 10:14:00,642.26,642.26,642.115,642.115,468.0,CABO
2023-06-21 10:13:00,644.42,644.42,642.515,642.515,4108.0,CABO
2023-06-21 10:12:00,645.984,646.79,645.675,645.785,1001.0,CABO
2023-06-21 10:04:00,643.88,643.88,643.88,643.88,230.0,CABO
2023-06-21 09:55:00,645.59,645.59,645.59,645.59,2357.0,CABO
2023-06-21 09:54:00,645.71,645.71,645.71,645.71,125.0,CABO
2023-06-21 09:50:00,644.51,645.08,644.51,645.08,256.0,CABO
2023-06-21 09:43:00,646.76,646.76,643.54,643.54,642.0,CABO
2023-06-21 09:42:00,646.775,646.775,646.775,646.775,123.0,CABO
2023-06-21 09:33:00,659.951,659.951,659.951,659.951,160.0,CABO
2023-06-21 09:32:00,649.68,649.68,649.68,649.68,111.0,CABO
2023-06-21 09:30:00,655.1,655.1,655.1,655.1,457.0,CABO
2023-06-21 09:03:00,660.0,660.0,660.0,660.0,3.0,CABO
2023-06-20 19:00:00,659.9,659.9,659.9,659.9,25247.0,CABO
2023-06-20 18:30:00,659.9,659.9,659.9,659.9,25247.0,CABO
2023-06-20 16:10:00,659.9,659.9,659.9,659.9,25247.0,CABO
2023-06-20 16:00:00,661.96,661.96,659.9,659.9,51548.0,CABO
2023-06-20 15:59:00,661.2,661.98,659.64,661.96,4131.0,CABO
2023-06-20 15:58:00,660.1,661.75,660.1,661.75,1569.0,CABO
2023-06-20 15:57:00,660.0,660.0,660.0,660.0,442.0,CABO
2023-06-20 15:56:00,660.125,660.125,659.205,659.205,1368.0,CABO
2023-06-20 15:55:00,659.93,660.51,659.15,659.15,837.0,CABO
2023-06-20 15:54:00,660.0,660.0,659.35,659.845,825.0,CABO
2023-06-20 15:53:00,660.07,660.07,660.07,660.07,661.0,CABO
2023-06-20 15:52:00,659.46,659.49,659.46,659.49,470.0,CABO
2023-06-20 15:51:00,659.79,659.79,659.79,659.79,538.0,CABO
2023-06-20 15:50:00,659.605,659.605,659.47,659.54,774.0,CABO
2023-06-20 15:49:00,657.665,659.17,657.525,659.09,683.0,CABO
2023-06-20 15:48:00,658.5,658.5,658.5,658.5,361.0,CABO
2023-06-20 15:46:00,660.19,660.19,660.19,660.19,445.0,CABO
2023-06-20 15:45:00,660.0,660.0,660.0,660.0,589.0,CABO
2023-06-20 15:41:00,661.28,661.28,661.28,661.28,162.0,CABO
2023-06-20 15:30:00,661.525,661.525,661.525,661.525,162.0,CABO
2023-06-20 15:28:00,661.515,661.515,661.515,661.515,170.0,CABO
2023-06-20 15:25:00,660.48,662.87,659.92,662.87,1140.0,CABO
2023-06-20 15:17:00,659.64,659.64,659.6,659.6,285.0,CABO
2023-06-20 15:15:00,660.1,660.1,659.095,659.095,481.0,CABO
2023-06-20 15:14:00,659.825,659.825,659.825,659.825,122.0,CABO
2023-06-20 15:12:00,658.605,658.605,658.605,658.605,126.0,CABO
2023-06-20 14:55:00,658.7,658.7,658.0,658.0,1653.0,CABO
2023-06-20 14:42:00,656.415,656.415,656.415,656.415,529.0,CABO
2023-06-20 14:40:00,658.635,658.635,658.635,658.635,848.0,CABO
2023-06-20 14:31:00,659.832,659.832,659.075,659.075,270.0,CABO
2023-06-20 14:14:00,660.385,660.85,659.85,660.035,1374.0,CABO
2023-06-20 14:11:00,660.9,660.9,660.35,660.355,537.0,CABO
2023-06-20 14:10:00,657.75,659.0,657.75,658.68,562.0,CABO
2023-06-20 14:08:00,655.96,657.79,655.96,657.79,1765.0,CABO
2023-06-20 14:07:00,654.73,654.73,654.73,654.73,119.0,CABO
2023-06-20 13:54:00,655.9,655.9,655.9,655.9,235.0,CABO
2023-06-20 13:53:00,655.44,655.44,655.345,655.345,356.0,CABO
2023-06-20 13:48:00,656.1,656.1,656.1,656.1,539.0,CABO
2023-06-20 13:47:00,656.465,656.465,656.465,656.465,129.0,CABO
2023-06-20 13:17:00,657.455,657.7,657.01,657.47,1870.0,CABO
2023-06-20 13:16:00,659.51,659.51,658.18,658.18,744.0,CABO
2023-06-20 13:14:00,658.99,658.99,658.99,658.99,120.0,CABO
2023-06-20 13:12:00,658.175,658.175,658.175,658.175,303.0,CABO
2023-06-20 13:11:00,658.175,658.175,658.175,658.175,117.0,CABO
2023-06-20 13:09:00,658.175,658.175,658.175,658.175,108.0,CABO
2023-06-20 13:03:00,658.175,658.175,658.175,658.175,204.0,CABO
2023-06-20 12:59:00,658.23,658.23,658.175,658.175,530.0,CABO
2023-06-20 12:58:00,659.13,659.13,659.13,659.13,382.0,CABO
2023-06-20 12:52:00,657.25,657.25,657.25,657.25,349.0,CABO
2023-06-20 12:48:00,659.16,659.16,658.78,658.78,815.0,CABO
2023-06-20 12:46:00,660.0,660.0,660.0,660.0,131.0,CABO
2023-06-20 12:43:00,660.08,660.08,660.08,660.08,548.0,CABO
2023-06-20 12:28:00,661.0,661.0,661.0,661.0,287.0,CABO
2023-06-20 12:21:00,661.59,661.59,661.59,661.59,797.0,CABO
2023-06-20 12:20:00,663.76,666.21,662.45,666.21,2201.0,CABO
2023-06-20 12:12:00,662.175,662.175,662.175,662.175,231.0,CABO
2023-06-20 12:06:00,659.15,659.15,659.15,659.15,417.0,CABO
2023-06-20 12:05:00,657.09,659.0,657.09,659.0,1588.0,CABO
2023-06-20 12:04:00,655.74,655.74,653.21,653.21,2455.0,CABO
2023-06-20 11:46:00,657.85,657.85,657.85,657.85,101.0,CABO
2023-06-20 11:42:00,657.56,657.56,657.56,657.56,359.0,CABO
2023-06-20 11:40:00,653.02,657.2,653.02,657.2,665.0,CABO
2023-06-20 11:39:00,657.5,658.02,656.875,656.875,739.0,CABO
2023-06-20 11:37:00,651.17,654.43,651.17,654.43,892.0,CABO
2023-06-20 11:36:00,653.9,653.9,653.34,653.34,628.0,CABO
2023-06-20 11:35:00,653.84,653.84,653.83,653.83,1457.0,CABO
2023-06-20 11:32:00,654.045,654.045,654.045,654.045,200.0,CABO
2023-06-20 11:13:00,657.505,657.505,657.11,657.11,822.0,CABO
2023-06-20 10:58:00,659.63,659.63,659.63,659.63,636.0,CABO
2023-06-20 10:45:00,658.485,658.485,658.485,658.485,151.0,CABO
2023-06-20 10:44:00,657.0,657.0,657.0,657.0,616.0,CABO
2023-06-20 10:37:00,659.16,659.16,659.16,659.16,293.0,CABO
2023-06-20 10:34:00,662.38,662.38,662.38,662.38,183.0,CABO
2023-06-20 10:28:00,658.86,658.86,658.86,658.86,160.0,CABO
2023-06-20 09:40:00,671.74,671.74,671.74,671.74,667.0,CABO
2023-06-20 09:30:00,674.31,674.31,674.31,674.31,358.0,CABO
2023-06-16 19:00:00,675.64,675.64,675.64,675.64,54091.0,CABO
2023-06-16 18:30:00,675.64,675.64,675.64,675.64,54091.0,CABO
2023-06-16 16:10:00,675.64,675.64,675.64,675.64,54091.0,CABO
2023-06-16 16:09:00,675.64,675.64,675.64,675.64,150.0,CABO
2023-06-16 16:08:00,662.14,675.645,662.14,675.645,759.0,CABO
2023-06-16 16:05:00,675.64,675.64,675.64,675.64,20.0,CABO
2023-06-16 16:03:00,675.64,675.64,675.64,675.64,410.0,CABO
2023-06-16 16:02:00,675.64,675.646,675.64,675.646,4998.0,CABO
2023-06-16 16:01:00,675.64,675.64,675.64,675.64,33.0,CABO
2023-06-16 16:00:00,677.21,677.21,675.64,677.01,109151.0,CABO
2023-06-16 15:59:00,675.24,677.21,674.045,677.21,7408.0,CABO
2023-06-16 15:58:00,676.17,676.17,675.49,675.49,523.0,CABO
2023-06-16 15:57:00,674.11,675.93,674.03,675.93,2533.0,CABO
2023-06-16 15:56:00,674.64,674.91,674.64,674.84,1177.0,CABO
2023-06-16 15:55:00,675.36,675.36,674.805,674.82,2209.0,CABO
2023-06-16 15:54:00,676.005,676.005,674.73,674.73,1189.0,CABO
2023-06-16 15:53:00,676.52,676.52,676.477,676.477,380.0,CABO
2023-06-16 15:52:00,679.11,679.11,675.155,676.96,1908.0,CABO
2023-06-16 15:51:00,679.165,679.165,679.165,679.165,147.0,CABO
2023-06-16 15:50:00,676.9,676.9,676.9,676.9,655.0,CABO
2023-06-16 15:49:00,679.56,680.64,679.56,680.64,709.0,CABO
2023-06-16 15:48:00,679.13,679.75,679.13,679.75,330.0,CABO
2023-06-16 15:47:00,679.3,679.72,679.3,679.72,328.0,CABO
2023-06-16 15:46:00,679.77,679.77,679.77,679.77,701.0,CABO
2023-06-16 15:44:00,681.025,681.025,681.025,681.025,132.0,CABO
2023-06-16 15:41:00,680.865,680.865,680.865,680.865,412.0,CABO
2023-06-16 15:37:00,680.77,680.77,680.275,680.275,448.0,CABO
2023-06-16 15:32:00,680.86,680.86,680.38,680.38,1032.0,CABO
2023-06-16 15:28:00,678.39,678.39,678.39,678.39,163.0,CABO
2023-06-16 15:26:00,676.99,676.99,676.99,676.99,253.0,CABO
2023-06-16 15:25:00,675.48,676.02,675.48,676.02,428.0,CABO
2023-06-16 15:23:00,674.7,674.7,674.7,674.7,156.0,CABO
2023-06-16 15:22:00,674.355,674.37,674.355,674.37,345.0,CABO
2023-06-16 15:21:00,673.795,674.0,673.56,674.0,755.0,CABO
2023-06-16 15:17:00,672.5,672.5,672.5,672.5,125.0,CABO
2023-06-16 15:15:00,672.0,672.587,672.0,672.587,317.0,CABO
2023-06-16 15:14:00,672.01,672.4,671.33,672.4,1140.0,CABO
2023-06-16 15:13:00,673.31,673.96,673.29,673.29,360.0,CABO
2023-06-16 15:11:00,672.9,672.9,672.9,672.9,814.0,CABO
2023-06-16 15:05:00,672.96,672.96,672.96,672.96,379.0,CABO
2023-06-16 15:02:00,672.32,672.32,672.32,672.32,202.0,CABO
2023-06-16 14:55:00,671.23,671.23,671.23,671.23,290.0,CABO
2023-06-16 14:54:00,671.82,671.82,671.82,671.82,126.0,CABO
2023-06-16 14:38:00,670.685,670.685,670.685,670.685,129.0,CABO
2023-06-16 14:29:00,671.305,671.305,671.305,671.305,389.0,CABO
2023-06-16 14:10:00,675.26,675.26,672.69,672.69,1804.0,CABO
2023-06-16 14:09:00,674.655,674.655,674.655,674.655,555.0,CABO
2023-06-16 13:38:00,674.7,675.0,674.22,674.22,704.0,CABO
2023-06-16 13:30:00,674.33,675.08,674.26,675.08,990.0,CABO
2023-06-16 13:29:00,674.51,674.51,674.51,674.51,121.0,CABO
2023-06-16 13:24:00,674.7,674.98,674.7,674.8,1060.0,CABO
2023-06-16 13:18:00,676.32,676.32,676.32,676.32,144.0,CABO
2023-06-16 13:06:00,679.81,679.81,679.8,679.8,273.0,CABO
2023-06-16 12:43:00,681.55,681.55,681.55,681.55,1016.0,CABO
2023-06-16 12:11:00,682.195,682.195,682.195,682.195,176.0,CABO
2023-06-16 12:09:00,681.56,681.56,681.56,681.56,114.0,CABO
2023-06-16 12:03:00,680.555,680.555,680.555,680.555,243.0,CABO
2023-06-16 11:32:00,682.56,682.56,682.56,682.56,205.0,CABO
2023-06-16 11:31:00,682.195,682.95,682.195,682.945,444.0,CABO
2023-06-16 11:28:00,682.54,682.663,682.54,682.54,570.0,CABO
2023-06-16 11:27:00,682.87,683.46,682.87,683.46,819.0,CABO
2023-06-16 11:26:00,681.99,682.17,681.9,682.17,3694.0,CABO
2023-06-16 11:25:00,679.96,680.0,679.96,680.0,458.0,CABO
2023-06-16 11:18:00,679.7,679.7,678.79,678.79,271.0,CABO
2023-06-16 11:15:00,679.68,679.68,678.68,678.68,583.0,CABO
2023-06-16 11:12:00,681.31,681.31,681.31,681.31,520.0,CABO
2023-06-16 11:11:00,684.9,684.99,682.66,682.66,2497.0,CABO
2023-06-16 11:08:00,685.0,685.0,682.08,682.08,863.0,CABO
2023-06-16 11:02:00,682.81,683.63,682.81,683.63,304.0,CABO
2023-06-16 10:56:00,684.79,684.79,684.79,684.79,201.0,CABO
2023-06-16 10:55:00,682.49,682.62,682.49,682.62,823.0,CABO
2023-06-16 10:53:00,677.0,677.0,677.0,677.0,432.0,CABO
2023-06-16 10:52:00,681.02,681.02,680.17,680.17,2989.0,CABO
2023-06-16 10:42:00,682.18,682.18,682.16,682.16,337.0,CABO
2023-06-16 10:41:00,683.03,686.05,683.03,686.05,830.0,CABO
2023-06-16 10:36:00,687.54,687.54,687.54,687.54,390.0,CABO
2023-06-16 10:34:00,687.67,687.67,687.67,687.67,238.0,CABO
2023-06-16 10:33:00,688.55,689.32,688.42,688.79,2255.0,CABO
2023-06-16 10:29:00,687.08,687.08,687.08,687.08,1276.0,CABO
2023-06-16 10:28:00,687.0,687.0,687.0,687.0,644.0,CABO
2023-06-16 10:27:00,685.49,685.49,685.43,685.44,2067.0,CABO
2023-06-16 10:25:00,686.24,686.24,686.24,686.24,919.0,CABO
2023-06-16 10:21:00,685.0,685.0,685.0,685.0,496.0,CABO
2023-06-16 10:20:00,687.91,687.91,687.91,687.91,146.0,CABO
2023-06-16 10:18:00,687.02,687.02,686.52,686.52,637.0,CABO
2023-06-16 09:30:00,693.47,693.47,693.47,693.47,1877.0,CABO
2023-06-15 19:00:00,694.04,694.04,694.04,694.04,23298.0,CABO
2023-06-15 18:30:00,694.04,694.04,694.04,694.04,23298.0,CABO
2023-06-15 16:17:00,694.04,694.04,694.04,694.04,2895.0,CABO
2023-06-15 16:10:00,694.04,694.04,694.04,694.04,23298.0,CABO
2023-06-15 16:07:00,688.05,688.05,688.05,688.05,1.0,CABO
2023-06-15 16:00:00,693.39,694.04,693.39,694.04,47722.0,CABO
2023-06-15 15:59:00,694.16,694.16,693.39,693.39,3160.0,CABO
2023-06-15 15:57:00,695.94,695.94,695.94,695.94,454.0,CABO
2023-06-15 15:56:00,694.335,694.335,694.335,694.335,398.0,CABO
2023-06-15 15:55:00,694.9,694.9,694.9,694.9,796.0,CABO
2023-06-15 15:51:00,697.44,697.44,695.82,695.82,1391.0,CABO
2023-06-15 15:46:00,697.02,697.02,697.02,697.02,135.0,CABO
2023-06-15 15:40:00,696.02,696.02,696.02,696.02,248.0,CABO
2023-06-15 15:36:00,695.78,695.78,695.78,695.78,121.0,CABO
2023-06-15 15:33:00,696.85,696.85,696.85,696.85,110.0,CABO
2023-06-15 15:18:00,694.65,694.65,694.65,694.65,431.0,CABO
2023-06-15 15:00:00,695.28,695.28,695.0,695.0,615.0,CABO
2023-06-15 14:58:00,696.25,696.25,696.25,696.25,390.0,CABO
2023-06-15 14:39:00,690.92,690.92,690.92,690.92,473.0,CABO
2023-06-15 14:23:00,688.32,688.32,688.32,688.32,509.0,CABO
2023-06-15 13:10:00,684.8,684.8,684.8,684.8,842.0,CABO
2023-06-15 12:12:00,688.04,688.04,688.04,688.04,635.0,CABO
2023-06-15 12:09:00,686.375,686.375,686.375,686.375,173.0,CABO
2023-06-15 10:51:00,686.68,686.68,686.35,686.35,435.0,CABO
2023-06-15 10:44:00,681.01,681.01,681.01,681.01,756.0,CABO
2023-06-15 10:43:00,682.15,682.15,682.15,682.15,104.0,CABO
2023-06-15 10:36:00,679.32,679.46,677.59,677.59,1357.0,CABO
2023-06-15 10:31:00,680.0,680.0,680.0,680.0,708.0,CABO
2023-06-15 10:27:00,680.35,683.21,680.35,683.21,1546.0,CABO
2023-06-15 10:23:00,677.38,678.0,677.38,678.0,1298.0,CABO
2023-06-15 10:19:00,675.25,675.25,675.25,675.25,505.0,CABO
2023-06-15 10:17:00,675.91,675.91,675.91,675.91,284.0,CABO
2023-06-15 10:14:00,674.4,674.52,674.4,674.4,984.0,CABO
2023-06-15 10:13:00,674.71,674.995,674.01,674.01,1160.0,CABO
2023-06-15 10:10:00,675.05,675.05,674.0,674.0,2870.0,CABO
2023-06-15 10:02:00,676.57,676.57,674.0,674.0,979.0,CABO
2023-06-15 10:01:00,675.95,675.95,675.95,675.95,704.0,CABO
2023-06-15 10:00:00,673.38,673.38,673.38,673.38,120.0,CABO
2023-06-15 09:58:00,673.1,673.1,672.3,672.3,1344.0,CABO
2023-06-15 09:57:00,673.34,674.86,673.01,673.15,1311.0,CABO
2023-06-15 09:56:00,674.585,674.585,674.585,674.585,165.0,CABO
2023-06-15 09:54:00,673.53,673.53,673.53,673.53,501.0,CABO
2023-06-15 09:53:00,674.55,674.55,674.55,674.55,167.0,CABO
2023-06-15 09:52:00,670.56,674.5,670.56,674.5,2690.0,CABO
2023-06-15 09:48:00,671.11,671.11,671.11,671.11,156.0,CABO
2023-06-15 09:46:00,670.0,670.57,670.0,670.57,573.0,CABO
2023-06-15 09:43:00,670.73,670.73,670.73,670.73,656.0,CABO
2023-06-15 09:32:00,680.0,680.0,680.0,680.0,301.0,CABO
2023-06-15 09:30:00,676.11,676.11,676.11,676.11,142.0,CABO
2023-06-15 08:07:00,679.83,679.83,679.83,679.83,1.0,CABO
2023-06-14 19:00:00,679.83,679.83,679.83,679.83,24969.0,CABO
2023-06-14 18:30:00,679.83,679.83,679.83,679.83,24969.0,CABO
2023-06-14 16:10:00,679.83,679.83,679.83,679.83,24969.0,CABO
2023-06-14 16:08:00,666.24,666.24,666.24,666.24,1.0,CABO
2023-06-14 16:00:00,680.61,680.61,679.83,679.83,51292.0,CABO
2023-06-14 15:59:00,679.58,680.61,678.98,680.61,2689.0,CABO
2023-06-14 15:58:00,679.28,680.76,679.28,680.585,1742.0,CABO
2023-06-14 15:57:00,678.96,679.0,678.96,678.985,812.0,CABO
2023-06-14 15:56:00,679.0,679.0,679.0,679.0,360.0,CABO
2023-06-14 15:54:00,679.91,679.91,679.91,679.91,656.0,CABO
2023-06-14 15:52:00,676.94,676.94,676.94,676.94,163.0,CABO
2023-06-14 15:49:00,681.18,681.22,681.18,681.22,626.0,CABO
2023-06-14 15:47:00,682.94,682.94,682.94,682.94,574.0,CABO
2023-06-14 15:46:00,678.98,681.03,678.98,681.03,612.0,CABO
2023-06-14 15:45:00,679.07,679.07,679.06,679.06,656.0,CABO
2023-06-14 15:44:00,677.14,677.14,677.14,677.14,167.0,CABO
2023-06-14 15:41:00,680.14,680.14,680.14,680.14,177.0,CABO
2023-06-14 15:30:00,673.38,673.38,673.38,673.38,373.0,CABO
2023-06-14 15:28:00,675.76,675.76,675.76,675.76,512.0,CABO
2023-06-14 15:24:00,678.74,678.74,678.74,678.74,157.0,CABO
2023-06-14 15:22:00,680.495,680.56,678.705,678.705,1172.0,CABO
2023-06-14 15:21:00,678.34,678.34,678.34,678.34,142.0,CABO
2023-06-14 15:14:00,681.03,681.03,681.03,681.03,158.0,CABO
2023-06-14 15:12:00,683.58,683.6,683.58,683.6,723.0,CABO
2023-06-14 15:06:00,684.525,684.525,684.525,684.525,144.0,CABO
2023-06-14 14:56:00,685.05,685.05,685.05,685.05,221.0,CABO
2023-06-14 14:50:00,681.98,681.98,681.98,681.98,260.0,CABO
2023-06-14 14:24:00,679.15,679.15,679.15,679.15,124.0,CABO
2023-06-14 14:22:00,680.22,680.22,680.22,680.22,530.0,CABO
2023-06-14 14:02:00,685.52,685.52,685.52,685.52,207.0,CABO
2023-06-14 14:01:00,685.52,685.52,685.52,685.52,133.0,CABO
2023-06-14 13:03:00,693.62,693.62,693.62,693.62,351.0,CABO
2023-06-14 12:51:00,692.88,693.0,692.88,693.0,2139.0,CABO
2023-06-14 12:33:00,693.6,693.6,693.6,693.6,607.0,CABO
2023-06-14 11:31:00,692.14,693.46,692.14,693.46,608.0,CABO
2023-06-14 10:59:00,692.69,692.69,692.69,692.69,174.0,CABO
2023-06-14 10:58:00,693.08,693.08,692.99,692.99,204.0,CABO
2023-06-14 10:53:00,692.0,692.0,692.0,692.0,334.0,CABO
2023-06-14 10:52:00,690.0,690.0,690.0,690.0,229.0,CABO
2023-06-14 10:51:00,691.15,691.45,691.14,691.15,2070.0,CABO
2023-06-14 10:49:00,691.87,691.87,691.74,691.74,423.0,CABO
2023-06-14 10:47:00,694.59,694.76,694.32,694.32,861.0,CABO
2023-06-14 10:45:00,696.0,696.0,695.99,696.0,2224.0,CABO
2023-06-14 10:44:00,694.999,696.0,694.97,696.0,573.0,CABO
2023-06-14 10:40:00,694.36,694.36,694.36,694.36,387.0,CABO
2023-06-14 10:37:00,686.0,686.0,686.0,686.0,605.0,CABO
2023-06-14 10:36:00,688.6,688.715,688.59,688.715,2399.0,CABO
2023-06-14 10:34:00,690.7,690.7,690.7,690.7,321.0,CABO
2023-06-14 10:30:00,689.97,690.0,689.97,690.0,2112.0,CABO
2023-06-14 10:28:00,685.31,685.31,685.31,685.31,642.0,CABO
2023-06-14 10:27:00,686.2,686.2,686.2,686.2,1505.0,CABO
2023-06-14 10:26:00,684.41,684.41,684.41,684.41,246.0,CABO
2023-06-14 10:25:00,689.11,689.12,689.11,689.11,1394.0,CABO
2023-06-14 09:38:00,690.0,690.0,690.0,690.0,150.0,CABO
2023-06-14 09:35:00,685.96,685.96,685.96,685.96,132.0,CABO
2023-06-14 09:30:00,684.99,684.99,684.99,684.99,260.0,CABO
2023-06-14 09:16:00,682.0,682.0,682.0,682.0,3.0,CABO
2023-06-13 19:00:00,683.81,683.81,683.81,683.81,3997.0,CABO
2023-06-13 18:30:00,683.81,683.81,683.81,683.81,3997.0,CABO
2023-06-13 16:14:00,683.81,683.81,683.81,683.81,9.0,CABO
2023-06-13 16:10:00,683.81,683.81,683.81,683.81,3997.0,CABO
2023-06-13 16:00:00,683.87,686.41,683.81,683.81,8720.0,CABO
2023-06-13 15:59:00,683.76,685.81,683.7,683.87,5355.0,CABO
2023-06-13 15:58:00,682.77,683.74,682.71,683.44,2019.0,CABO
2023-06-13 15:56:00,684.47,684.47,684.47,684.47,524.0,CABO
2023-06-13 15:52:00,684.81,684.91,684.13,684.13,893.0,CABO
2023-06-13 15:49:00,685.8,685.8,685.8,685.8,842.0,CABO
2023-06-13 15:42:00,687.33,687.33,687.33,687.33,116.0,CABO
2023-06-13 15:39:00,686.07,686.07,686.07,686.07,477.0,CABO
2023-06-13 15:37:00,685.5,685.5,685.5,685.5,216.0,CABO
2023-06-13 15:30:00,686.27,686.59,686.27,686.59,807.0,CABO
2023-06-13 15:24:00,686.2,686.2,686.2,686.2,247.0,CABO
2023-06-13 15:13:00,685.99,685.99,685.99,685.99,237.0,CABO
2023-06-13 15:10:00,685.48,685.48,685.475,685.48,439.0,CABO
2023-06-13 15:01:00,683.865,683.899,683.865,683.899,396.0,CABO
2023-06-13 14:36:00,684.99,685.099,684.99,685.099,286.0,CABO
2023-06-13 14:31:00,686.48,686.48,686.48,686.48,182.0,CABO
2023-06-13 14:07:00,688.1,688.1,688.1,688.1,434.0,CABO
2023-06-13 13:59:00,689.52,689.58,689.52,689.52,1048.0,CABO
2023-06-13 13:45:00,694.2,694.2,692.965,692.965,454.0,CABO
2023-06-13 12:33:00,692.71,692.71,692.71,692.71,601.0,CABO
2023-06-13 12:29:00,691.26,691.26,691.26,691.26,303.0,CABO
2023-06-13 12:00:00,691.89,691.89,691.89,691.89,181.0,CABO
2023-06-13 11:38:00,692.34,692.34,692.34,692.34,122.0,CABO
2023-06-13 11:37:00,693.13,693.13,693.13,693.13,125.0,CABO
2023-06-13 11:33:00,691.99,694.99,691.99,694.99,2042.0,CABO
2023-06-13 11:13:00,693.59,693.59,693.59,693.59,503.0,CABO
2023-06-13 11:10:00,692.55,692.55,692.55,692.55,135.0,CABO
2023-06-13 10:47:00,691.38,691.38,691.38,691.38,113.0,CABO
2023-06-13 10:45:00,692.81,692.81,692.59,692.59,634.0,CABO
2023-06-13 10:39:00,693.0,693.0,692.43,692.43,713.0,CABO
2023-06-13 10:28:00,693.73,693.999,693.73,693.999,371.0,CABO
2023-06-13 10:25:00,695.0,695.0,694.95,694.95,832.0,CABO
2023-06-13 09:57:00,690.46,690.46,690.46,690.46,119.0,CABO
2023-06-13 09:49:00,693.92,693.92,693.92,693.92,173.0,CABO
2023-06-13 09:30:00,691.16,691.16,691.16,691.16,124.0,CABO
2023-06-13 08:02:00,684.92,684.92,684.92,684.92,1.0,CABO
