date,1. open,2. high,3. low,4. close,5. volume,Ticker
2023-07-13 18:13:00,3.78,3.78,3.78,3.78,2.0,CCCC
2023-07-13 17:46:00,3.6,3.6,3.6,3.6,75.0,CCCC
2023-07-13 17:01:00,3.6,3.6,3.6,3.6,500.0,CCCC
2023-07-13 16:53:00,3.71,3.71,3.71,3.71,1.0,CCCC
2023-07-13 16:37:00,3.71,3.71,3.71,3.71,50.0,CCCC
2023-07-13 16:25:00,3.6,3.6,3.6,3.6,1.0,CCCC
2023-07-13 16:10:00,3.531,3.531,3.531,3.531,1.0,CCCC
2023-07-13 16:00:00,3.65,3.65,3.64,3.64,31929.0,CCCC
2023-07-13 15:59:00,3.64,3.66,3.64,3.65,10620.0,CCCC
2023-07-13 15:58:00,3.64,3.645,3.64,3.645,1548.0,CCCC
2023-07-13 15:57:00,3.637,3.64,3.635,3.64,2144.0,CCCC
2023-07-13 15:56:00,3.625,3.635,3.62,3.635,5569.0,CCCC
2023-07-13 15:55:00,3.63,3.63,3.63,3.63,1577.0,CCCC
2023-07-13 15:54:00,3.63,3.63,3.625,3.63,2221.0,CCCC
2023-07-13 15:53:00,3.63,3.63,3.63,3.63,2493.0,CCCC
2023-07-13 15:52:00,3.64,3.64,3.635,3.64,5290.0,CCCC
2023-07-13 15:51:00,3.645,3.645,3.63,3.63,2992.0,CCCC
2023-07-13 15:50:00,3.65,3.65,3.645,3.645,5491.0,CCCC
2023-07-13 15:49:00,3.655,3.655,3.65,3.65,565.0,CCCC
2023-07-13 15:48:00,3.655,3.66,3.655,3.66,202.0,CCCC
2023-07-13 15:46:00,3.655,3.658,3.655,3.655,1067.0,CCCC
2023-07-13 15:45:00,3.65,3.65,3.65,3.65,3220.0,CCCC
2023-07-13 15:44:00,3.655,3.655,3.645,3.645,1757.0,CCCC
2023-07-13 15:42:00,3.66,3.66,3.655,3.655,558.0,CCCC
2023-07-13 15:41:00,3.661,3.665,3.655,3.66,5305.0,CCCC
2023-07-13 15:38:00,3.67,3.67,3.67,3.67,1178.0,CCCC
2023-07-13 15:37:00,3.665,3.665,3.66,3.66,7681.0,CCCC
2023-07-13 15:36:00,3.67,3.67,3.669,3.669,2217.0,CCCC
2023-07-13 15:34:00,3.675,3.675,3.675,3.675,1635.0,CCCC
2023-07-13 15:33:00,3.685,3.685,3.67,3.67,4706.0,CCCC
2023-07-13 15:31:00,3.685,3.69,3.685,3.69,2100.0,CCCC
2023-07-13 15:30:00,3.68,3.68,3.68,3.68,3884.0,CCCC
2023-07-13 15:29:00,3.675,3.675,3.671,3.671,980.0,CCCC
2023-07-13 15:27:00,3.678,3.678,3.678,3.678,384.0,CCCC
2023-07-13 15:26:00,3.678,3.678,3.678,3.678,533.0,CCCC
2023-07-13 15:25:00,3.675,3.675,3.675,3.675,125.0,CCCC
2023-07-13 15:24:00,3.675,3.68,3.675,3.68,279.0,CCCC
2023-07-13 15:23:00,3.669,3.678,3.669,3.677,3830.0,CCCC
2023-07-13 15:21:00,3.665,3.665,3.665,3.665,100.0,CCCC
2023-07-13 15:17:00,3.661,3.665,3.661,3.665,339.0,CCCC
2023-07-13 15:16:00,3.67,3.67,3.665,3.665,432.0,CCCC
2023-07-13 15:15:00,3.662,3.67,3.662,3.67,2691.0,CCCC
2023-07-13 15:14:00,3.675,3.68,3.661,3.665,2664.0,CCCC
2023-07-13 15:13:00,3.695,3.695,3.69,3.69,1304.0,CCCC
2023-07-13 15:12:00,3.705,3.705,3.695,3.695,3226.0,CCCC
2023-07-13 15:10:00,3.7,3.7,3.7,3.7,525.0,CCCC
2023-07-13 15:08:00,3.705,3.705,3.705,3.705,119.0,CCCC
2023-07-13 15:03:00,3.7,3.71,3.7,3.705,2110.0,CCCC
2023-07-13 15:02:00,3.695,3.7,3.695,3.7,3200.0,CCCC
2023-07-13 15:01:00,3.695,3.699,3.695,3.699,595.0,CCCC
2023-07-13 15:00:00,3.7,3.7,3.7,3.7,602.0,CCCC
2023-07-13 14:59:00,3.705,3.705,3.705,3.705,170.0,CCCC
2023-07-13 14:58:00,3.695,3.7,3.695,3.7,933.0,CCCC
2023-07-13 14:57:00,3.7,3.7,3.7,3.7,535.0,CCCC
2023-07-13 14:56:00,3.7,3.7,3.7,3.7,100.0,CCCC
2023-07-13 14:55:00,3.695,3.705,3.695,3.7,2757.0,CCCC
2023-07-13 14:51:00,3.69,3.69,3.69,3.69,2665.0,CCCC
2023-07-13 14:47:00,3.695,3.695,3.69,3.69,2582.0,CCCC
2023-07-13 14:46:00,3.695,3.697,3.691,3.691,1700.0,CCCC
2023-07-13 14:45:00,3.7,3.7,3.7,3.7,191.0,CCCC
2023-07-13 14:44:00,3.7,3.7,3.7,3.7,1057.0,CCCC
2023-07-13 14:43:00,3.7,3.7,3.7,3.7,1175.0,CCCC
2023-07-13 14:42:00,3.699,3.699,3.699,3.699,181.0,CCCC
2023-07-13 14:41:00,3.692,3.692,3.692,3.692,1000.0,CCCC
2023-07-13 14:40:00,3.69,3.691,3.69,3.691,969.0,CCCC
2023-07-13 14:39:00,3.69,3.69,3.69,3.69,328.0,CCCC
2023-07-13 14:36:00,3.7,3.7,3.7,3.7,363.0,CCCC
2023-07-13 14:35:00,3.705,3.705,3.705,3.705,140.0,CCCC
2023-07-13 14:34:00,3.7,3.7,3.7,3.7,117.0,CCCC
2023-07-13 14:32:00,3.71,3.71,3.71,3.71,1574.0,CCCC
2023-07-13 14:31:00,3.715,3.715,3.711,3.711,675.0,CCCC
2023-07-13 14:30:00,3.71,3.71,3.71,3.71,977.0,CCCC
2023-07-13 14:29:00,3.715,3.72,3.715,3.72,977.0,CCCC
2023-07-13 14:27:00,3.71,3.71,3.71,3.71,301.0,CCCC
2023-07-13 14:25:00,3.72,3.72,3.72,3.72,118.0,CCCC
2023-07-13 14:24:00,3.73,3.73,3.73,3.73,1279.0,CCCC
2023-07-13 14:21:00,3.735,3.735,3.735,3.735,100.0,CCCC
2023-07-13 14:20:00,3.74,3.74,3.74,3.74,380.0,CCCC
2023-07-13 14:19:00,3.735,3.735,3.735,3.735,100.0,CCCC
2023-07-13 14:18:00,3.74,3.74,3.74,3.74,625.0,CCCC
2023-07-13 14:16:00,3.74,3.74,3.74,3.74,560.0,CCCC
2023-07-13 14:15:00,3.745,3.745,3.74,3.74,2104.0,CCCC
2023-07-13 14:12:00,3.735,3.745,3.735,3.745,1005.0,CCCC
2023-07-13 14:11:00,3.745,3.745,3.74,3.74,1284.0,CCCC
2023-07-13 14:10:00,3.741,3.741,3.741,3.741,320.0,CCCC
2023-07-13 14:08:00,3.75,3.75,3.745,3.745,953.0,CCCC
2023-07-13 14:07:00,3.745,3.75,3.745,3.75,1747.0,CCCC
2023-07-13 14:06:00,3.749,3.749,3.745,3.745,927.0,CCCC
2023-07-13 14:05:00,3.755,3.755,3.745,3.745,1360.0,CCCC
2023-07-13 14:03:00,3.74,3.75,3.74,3.75,3089.0,CCCC
2023-07-13 14:02:00,3.74,3.74,3.739,3.74,4623.0,CCCC
2023-07-13 13:56:00,3.74,3.74,3.74,3.74,864.0,CCCC
2023-07-13 13:54:00,3.745,3.745,3.73,3.73,2574.0,CCCC
2023-07-13 13:52:00,3.745,3.75,3.745,3.75,1219.0,CCCC
2023-07-13 13:51:00,3.748,3.748,3.745,3.745,623.0,CCCC
2023-07-13 13:50:00,3.745,3.745,3.745,3.745,101.0,CCCC
2023-07-13 13:49:00,3.75,3.75,3.75,3.75,1537.0,CCCC
2023-07-13 13:48:00,3.745,3.755,3.745,3.755,2199.0,CCCC
2023-07-13 13:46:00,3.747,3.747,3.747,3.747,122.0,CCCC
2023-07-13 13:45:00,3.74,3.74,3.74,3.74,720.0,CCCC
2023-07-13 13:43:00,3.74,3.75,3.74,3.75,3850.0,CCCC
2023-07-13 13:42:00,3.74,3.74,3.74,3.74,2471.0,CCCC
2023-07-13 13:41:00,3.755,3.755,3.72,3.74,17391.0,CCCC
2023-07-13 13:39:00,3.75,3.751,3.75,3.75,2864.0,CCCC
2023-07-13 13:38:00,3.745,3.745,3.745,3.745,438.0,CCCC
2023-07-13 13:37:00,3.75,3.755,3.74,3.741,1575.0,CCCC
2023-07-13 13:36:00,3.76,3.76,3.76,3.76,2062.0,CCCC
2023-07-13 13:35:00,3.77,3.77,3.76,3.76,1047.0,CCCC
2023-07-13 13:34:00,3.78,3.78,3.77,3.77,1402.0,CCCC
2023-07-13 13:32:00,3.785,3.785,3.785,3.785,100.0,CCCC
2023-07-13 13:30:00,3.785,3.785,3.782,3.781,983.0,CCCC
2023-07-13 13:29:00,3.78,3.78,3.78,3.78,5003.0,CCCC
2023-07-13 13:28:00,3.79,3.79,3.781,3.781,773.0,CCCC
2023-07-13 13:27:00,3.795,3.795,3.795,3.795,2600.0,CCCC
2023-07-13 13:24:00,3.791,3.791,3.792,3.791,392.0,CCCC
2023-07-13 13:23:00,3.8,3.8,3.79,3.79,2704.0,CCCC
2023-07-13 13:19:00,3.8,3.8,3.8,3.8,854.0,CCCC
2023-07-13 13:18:00,3.8,3.8,3.8,3.8,2016.0,CCCC
2023-07-13 13:17:00,3.8,3.805,3.8,3.8,1007.0,CCCC
2023-07-13 13:15:00,3.791,3.795,3.791,3.795,291.0,CCCC
2023-07-13 13:14:00,3.79,3.795,3.79,3.79,1262.0,CCCC
2023-07-13 13:12:00,3.795,3.795,3.795,3.795,122.0,CCCC
2023-07-13 13:06:00,3.795,3.795,3.795,3.795,100.0,CCCC
2023-07-13 13:04:00,3.79,3.79,3.79,3.79,1835.0,CCCC
2023-07-13 13:03:00,3.781,3.781,3.781,3.781,1042.0,CCCC
2023-07-13 13:01:00,3.785,3.785,3.785,3.785,127.0,CCCC
2023-07-13 12:59:00,3.79,3.79,3.79,3.79,149.0,CCCC
2023-07-13 12:54:00,3.79,3.79,3.785,3.785,939.0,CCCC
2023-07-13 12:53:00,3.795,3.795,3.795,3.795,136.0,CCCC
2023-07-13 12:51:00,3.79,3.79,3.79,3.79,263.0,CCCC
2023-07-13 12:50:00,3.785,3.785,3.785,3.785,169.0,CCCC
2023-07-13 12:49:00,3.79,3.79,3.79,3.79,1581.0,CCCC
2023-07-13 12:48:00,3.79,3.795,3.79,3.795,2081.0,CCCC
2023-07-13 12:47:00,3.79,3.79,3.79,3.79,600.0,CCCC
2023-07-13 12:45:00,3.79,3.79,3.785,3.785,515.0,CCCC
2023-07-13 12:44:00,3.785,3.79,3.785,3.79,756.0,CCCC
2023-07-13 12:42:00,3.79,3.79,3.78,3.781,4346.0,CCCC
2023-07-13 12:41:00,3.79,3.79,3.79,3.79,805.0,CCCC
2023-07-13 12:40:00,3.79,3.795,3.79,3.79,489.0,CCCC
2023-07-13 12:39:00,3.775,3.78,3.775,3.78,726.0,CCCC
2023-07-13 12:38:00,3.79,3.79,3.771,3.771,1140.0,CCCC
2023-07-13 12:37:00,3.78,3.78,3.78,3.78,714.0,CCCC
2023-07-13 12:36:00,3.76,3.77,3.76,3.77,12828.0,CCCC
2023-07-13 12:31:00,3.76,3.76,3.76,3.76,1512.0,CCCC
2023-07-13 12:30:00,3.765,3.765,3.765,3.765,200.0,CCCC
2023-07-13 12:29:00,3.75,3.76,3.75,3.76,5443.0,CCCC
2023-07-13 12:28:00,3.748,3.76,3.745,3.745,42568.0,CCCC
2023-07-13 12:27:00,3.745,3.745,3.745,3.745,173.0,CCCC
2023-07-13 12:26:00,3.745,3.745,3.745,3.745,100.0,CCCC
2023-07-13 12:25:00,3.74,3.745,3.73,3.736,5761.0,CCCC
2023-07-13 12:24:00,3.741,3.741,3.74,3.74,7501.0,CCCC
2023-07-13 12:23:00,3.77,3.78,3.75,3.75,22985.0,CCCC
2023-07-13 12:21:00,3.77,3.77,3.76,3.76,6650.0,CCCC
2023-07-13 12:20:00,3.79,3.79,3.77,3.77,1502.0,CCCC
2023-07-13 12:19:00,3.805,3.805,3.79,3.79,1045.0,CCCC
2023-07-13 12:18:00,3.748,3.82,3.749,3.807,71784.0,CCCC
2023-07-13 12:17:00,3.741,3.741,3.742,3.741,1334.0,CCCC
2023-07-13 12:13:00,3.74,3.74,3.74,3.74,661.0,CCCC
2023-07-13 12:12:00,3.735,3.74,3.735,3.74,2096.0,CCCC
2023-07-13 12:09:00,3.74,3.75,3.74,3.74,5732.0,CCCC
2023-07-13 12:08:00,3.72,3.735,3.72,3.73,5205.0,CCCC
2023-07-13 12:07:00,3.703,3.72,3.7,3.72,14066.0,CCCC
2023-07-13 12:05:00,3.695,3.7,3.695,3.7,3682.0,CCCC
2023-07-13 12:04:00,3.69,3.7,3.69,3.7,6602.0,CCCC
2023-07-13 12:00:00,3.69,3.69,3.69,3.69,2119.0,CCCC
2023-07-13 11:58:00,3.695,3.695,3.695,3.695,138.0,CCCC
2023-07-13 11:52:00,3.7,3.7,3.68,3.691,8470.0,CCCC
2023-07-13 11:51:00,3.7,3.701,3.7,3.7,8286.0,CCCC
2023-07-13 11:50:00,3.691,3.7,3.692,3.7,2156.0,CCCC
2023-07-13 11:49:00,3.7,3.7,3.7,3.7,412.0,CCCC
2023-07-13 11:48:00,3.7,3.7,3.7,3.7,1486.0,CCCC
2023-07-13 11:47:00,3.71,3.71,3.71,3.71,1944.0,CCCC
2023-07-13 11:42:00,3.715,3.715,3.715,3.715,197.0,CCCC
2023-07-13 11:41:00,3.711,3.711,3.711,3.711,800.0,CCCC
2023-07-13 11:40:00,3.705,3.71,3.705,3.71,1260.0,CCCC
2023-07-13 11:38:00,3.71,3.71,3.71,3.71,422.0,CCCC
2023-07-13 11:37:00,3.72,3.72,3.7,3.71,2931.0,CCCC
2023-07-13 11:36:00,3.72,3.72,3.72,3.72,446.0,CCCC
2023-07-13 11:34:00,3.731,3.731,3.73,3.73,856.0,CCCC
2023-07-13 11:33:00,3.73,3.73,3.73,3.73,2459.0,CCCC
2023-07-13 11:31:00,3.74,3.74,3.74,3.74,500.0,CCCC
2023-07-13 11:30:00,3.735,3.735,3.735,3.735,1282.0,CCCC
2023-07-13 11:29:00,3.735,3.735,3.73,3.73,1656.0,CCCC
2023-07-13 11:26:00,3.735,3.735,3.735,3.735,114.0,CCCC
2023-07-13 11:23:00,3.73,3.731,3.72,3.73,8327.0,CCCC
2023-07-13 11:20:00,3.73,3.73,3.73,3.73,1497.0,CCCC
2023-07-13 11:18:00,3.73,3.74,3.73,3.73,6867.0,CCCC
2023-07-13 11:17:00,3.725,3.725,3.723,3.723,275.0,CCCC
2023-07-13 11:16:00,3.715,3.72,3.715,3.72,2178.0,CCCC
2023-07-13 11:15:00,3.735,3.735,3.71,3.71,12639.0,CCCC
2023-07-13 11:13:00,3.74,3.74,3.74,3.74,659.0,CCCC
2023-07-13 11:10:00,3.74,3.741,3.74,3.741,626.0,CCCC
2023-07-13 11:09:00,3.74,3.74,3.74,3.74,534.0,CCCC
2023-07-13 11:07:00,3.74,3.74,3.74,3.74,1592.0,CCCC
2023-07-13 11:06:00,3.741,3.741,3.74,3.74,398.0,CCCC
2023-07-13 11:05:00,3.74,3.74,3.74,3.74,247.0,CCCC
2023-07-13 11:04:00,3.74,3.74,3.74,3.74,200.0,CCCC
2023-07-13 11:02:00,3.74,3.75,3.74,3.745,3040.0,CCCC
2023-07-13 11:01:00,3.705,3.74,3.705,3.74,6747.0,CCCC
2023-07-13 11:00:00,3.701,3.701,3.701,3.701,216.0,CCCC
2023-07-13 10:58:00,3.701,3.71,3.702,3.71,674.0,CCCC
2023-07-13 10:55:00,3.72,3.72,3.72,3.72,698.0,CCCC
2023-07-13 10:54:00,3.725,3.725,3.725,3.725,338.0,CCCC
2023-07-13 10:52:00,3.73,3.73,3.73,3.73,427.0,CCCC
2023-07-13 10:51:00,3.738,3.74,3.738,3.74,572.0,CCCC
2023-07-13 10:50:00,3.74,3.747,3.735,3.735,1923.0,CCCC
2023-07-13 10:49:00,3.735,3.74,3.735,3.74,1478.0,CCCC
2023-07-13 10:48:00,3.73,3.73,3.73,3.73,373.0,CCCC
2023-07-13 10:47:00,3.74,3.74,3.72,3.728,6940.0,CCCC
2023-07-13 10:46:00,3.745,3.75,3.74,3.74,2846.0,CCCC
2023-07-13 10:45:00,3.71,3.75,3.71,3.75,8390.0,CCCC
2023-07-13 10:44:00,3.73,3.73,3.7,3.71,8315.0,CCCC
2023-07-13 10:43:00,3.73,3.733,3.73,3.73,8564.0,CCCC
2023-07-13 10:42:00,3.75,3.75,3.739,3.739,1748.0,CCCC
2023-07-13 10:41:00,3.731,3.75,3.73,3.75,6758.0,CCCC
2023-07-13 10:40:00,3.77,3.77,3.75,3.75,2325.0,CCCC
2023-07-13 10:39:00,3.78,3.78,3.77,3.77,2074.0,CCCC
2023-07-13 10:38:00,3.77,3.79,3.77,3.79,4711.0,CCCC
2023-07-13 10:37:00,3.775,3.775,3.775,3.775,182.0,CCCC
2023-07-13 10:36:00,3.772,3.78,3.77,3.77,935.0,CCCC
2023-07-13 10:35:00,3.775,3.775,3.775,3.775,1438.0,CCCC
2023-07-13 10:34:00,3.78,3.78,3.76,3.76,5591.0,CCCC
2023-07-13 10:32:00,3.775,3.79,3.76,3.775,20430.0,CCCC
2023-07-13 10:31:00,3.797,3.8,3.77,3.77,7832.0,CCCC
2023-07-13 10:30:00,3.776,3.796,3.776,3.796,6308.0,CCCC
2023-07-13 10:29:00,3.77,3.795,3.77,3.78,2617.0,CCCC
2023-07-13 10:28:00,3.769,3.769,3.769,3.769,282.0,CCCC
2023-07-13 10:27:00,3.76,3.766,3.76,3.766,1933.0,CCCC
2023-07-13 10:26:00,3.77,3.771,3.76,3.765,1064.0,CCCC
2023-07-13 10:25:00,3.785,3.79,3.779,3.779,4185.0,CCCC
2023-07-13 10:24:00,3.78,3.79,3.78,3.79,6778.0,CCCC
2023-07-13 10:23:00,3.785,3.795,3.77,3.77,8571.0,CCCC
2023-07-13 10:22:00,3.791,3.795,3.78,3.79,6043.0,CCCC
2023-07-13 10:21:00,3.735,3.78,3.735,3.78,18386.0,CCCC
2023-07-13 10:20:00,3.7,3.735,3.7,3.735,5696.0,CCCC
2023-07-13 10:19:00,3.698,3.698,3.699,3.698,1381.0,CCCC
2023-07-13 10:17:00,3.67,3.7,3.67,3.698,10383.0,CCCC
2023-07-13 10:16:00,3.67,3.67,3.67,3.67,218.0,CCCC
2023-07-13 10:15:00,3.655,3.679,3.655,3.67,4963.0,CCCC
2023-07-13 10:14:00,3.65,3.66,3.65,3.66,1846.0,CCCC
2023-07-13 10:13:00,3.64,3.64,3.64,3.64,441.0,CCCC
2023-07-13 10:12:00,3.63,3.632,3.63,3.632,947.0,CCCC
2023-07-13 10:09:00,3.62,3.62,3.62,3.62,329.0,CCCC
2023-07-13 10:08:00,3.61,3.615,3.61,3.615,852.0,CCCC
2023-07-13 10:07:00,3.615,3.615,3.615,3.615,537.0,CCCC
2023-07-13 10:04:00,3.62,3.62,3.62,3.62,832.0,CCCC
2023-07-13 10:02:00,3.63,3.63,3.62,3.62,1219.0,CCCC
2023-07-13 10:01:00,3.64,3.64,3.64,3.639,428.0,CCCC
2023-07-13 10:00:00,3.615,3.65,3.615,3.65,10957.0,CCCC
2023-07-13 09:59:00,3.61,3.615,3.6,3.611,4908.0,CCCC
2023-07-13 09:58:00,3.62,3.62,3.61,3.61,1293.0,CCCC
2023-07-13 09:57:00,3.64,3.64,3.63,3.63,949.0,CCCC
2023-07-13 09:56:00,3.645,3.645,3.645,3.645,523.0,CCCC
2023-07-13 09:54:00,3.638,3.638,3.639,3.638,501.0,CCCC
2023-07-13 09:53:00,3.63,3.64,3.63,3.64,6024.0,CCCC
2023-07-13 09:52:00,3.615,3.629,3.615,3.629,510.0,CCCC
2023-07-13 09:51:00,3.62,3.62,3.615,3.62,1629.0,CCCC
2023-07-13 09:50:00,3.62,3.62,3.62,3.62,256.0,CCCC
2023-07-13 09:49:00,3.59,3.6,3.59,3.6,331.0,CCCC
2023-07-13 09:48:00,3.606,3.606,3.6,3.6,752.0,CCCC
2023-07-13 09:47:00,3.605,3.605,3.605,3.605,171.0,CCCC
2023-07-13 09:46:00,3.615,3.615,3.59,3.59,1365.0,CCCC
2023-07-13 09:45:00,3.61,3.619,3.61,3.619,941.0,CCCC
2023-07-13 09:43:00,3.61,3.61,3.61,3.61,100.0,CCCC
2023-07-13 09:42:00,3.61,3.61,3.61,3.61,200.0,CCCC
2023-07-13 09:41:00,3.6,3.6,3.6,3.6,519.0,CCCC
2023-07-13 09:40:00,3.63,3.63,3.61,3.61,1380.0,CCCC
2023-07-13 09:39:00,3.65,3.65,3.609,3.62,7152.0,CCCC
2023-07-13 09:38:00,3.65,3.65,3.65,3.65,132.0,CCCC
2023-07-13 09:37:00,3.66,3.66,3.65,3.65,1467.0,CCCC
2023-07-13 09:36:00,3.67,3.68,3.65,3.66,4134.0,CCCC
2023-07-13 09:35:00,3.67,3.67,3.67,3.67,677.0,CCCC
2023-07-13 09:34:00,3.699,3.7,3.685,3.685,2840.0,CCCC
2023-07-13 09:33:00,3.7,3.7,3.675,3.675,6304.0,CCCC
2023-07-13 09:32:00,3.67,3.719,3.67,3.719,2717.0,CCCC
2023-07-13 09:31:00,3.64,3.64,3.64,3.64,1492.0,CCCC
2023-07-13 09:30:00,3.64,3.64,3.62,3.63,6155.0,CCCC
2023-07-13 09:17:00,3.64,3.64,3.59,3.59,16.0,CCCC
2023-07-13 09:09:00,3.698,3.698,3.699,3.698,50.0,CCCC
2023-07-13 09:04:00,3.64,3.64,3.64,3.64,5.0,CCCC
2023-07-13 08:57:00,3.531,3.531,3.532,3.531,1.0,CCCC
2023-07-13 08:50:00,3.59,3.59,3.58,3.58,105.0,CCCC
2023-07-13 08:49:00,3.698,3.698,3.699,3.698,100.0,CCCC
2023-07-13 08:45:00,3.59,3.59,3.59,3.59,5.0,CCCC
2023-07-13 08:34:00,3.7,3.7,3.7,3.7,1.0,CCCC
2023-07-13 08:31:00,3.67,3.67,3.67,3.67,1.0,CCCC
2023-07-13 08:13:00,3.56,3.56,3.56,3.56,100.0,CCCC
2023-07-13 08:07:00,3.59,3.59,3.59,3.59,2.0,CCCC
2023-07-13 08:03:00,3.56,3.56,3.56,3.56,12.0,CCCC
2023-07-13 08:02:00,3.56,3.7,3.4,3.56,282.0,CCCC
2023-07-13 08:01:00,3.601,3.601,3.45,3.56,564.0,CCCC
2023-07-13 08:00:00,3.699,3.7,3.699,3.7,2817.0,CCCC
2023-07-13 07:00:00,3.7,3.7,3.7,3.7,6.0,CCCC
2023-07-13 05:42:00,3.64,3.64,3.64,3.64,1.0,CCCC
2023-07-13 04:26:00,3.71,3.71,3.71,3.71,15.0,CCCC
2023-07-13 04:00:00,3.56,3.59,3.55,3.59,432.0,CCCC
2023-07-12 19:57:00,3.61,3.61,3.61,3.61,1.0,CCCC
2023-07-12 19:15:00,3.7,3.7,3.7,3.7,6.0,CCCC
2023-07-12 19:05:00,3.7,3.7,3.7,3.7,6311.0,CCCC
2023-07-12 19:04:00,3.69,3.7,3.69,3.7,3348.0,CCCC
2023-07-12 18:49:00,3.6,3.6,3.6,3.6,1.0,CCCC
2023-07-12 18:26:00,3.7,3.7,3.7,3.7,27.0,CCCC
2023-07-12 18:06:00,3.7,3.7,3.7,3.7,200.0,CCCC
2023-07-12 17:48:00,3.59,3.59,3.59,3.59,88.0,CCCC
2023-07-12 17:30:00,3.59,3.59,3.59,3.59,101.0,CCCC
2023-07-12 17:24:00,3.59,3.59,3.59,3.59,40.0,CCCC
2023-07-12 17:19:00,3.591,3.591,3.592,3.591,101.0,CCCC
2023-07-12 17:18:00,3.59,3.59,3.59,3.59,13802.0,CCCC
2023-07-12 17:06:00,3.6,3.6,3.6,3.6,7.0,CCCC
2023-07-12 16:35:00,3.6,3.6,3.6,3.6,220.0,CCCC
2023-07-12 16:25:00,3.51,3.51,3.51,3.51,1.0,CCCC
2023-07-12 16:10:00,3.411,3.411,3.412,3.411,1.0,CCCC
2023-07-12 16:01:00,3.51,3.51,3.51,3.51,10.0,CCCC
2023-07-12 16:00:00,3.595,3.595,3.59,3.59,46644.0,CCCC
2023-07-12 15:59:00,3.6,3.6,3.59,3.595,7992.0,CCCC
2023-07-12 15:58:00,3.585,3.6,3.585,3.6,5454.0,CCCC
2023-07-12 15:57:00,3.585,3.59,3.585,3.585,2691.0,CCCC
2023-07-12 15:56:00,3.58,3.58,3.575,3.58,3074.0,CCCC
2023-07-12 15:55:00,3.585,3.585,3.585,3.585,1306.0,CCCC
2023-07-12 15:54:00,3.575,3.59,3.575,3.59,3885.0,CCCC
2023-07-12 15:53:00,3.575,3.575,3.575,3.575,1230.0,CCCC
2023-07-12 15:52:00,3.58,3.58,3.58,3.58,3135.0,CCCC
2023-07-12 15:51:00,3.57,3.58,3.57,3.58,3297.0,CCCC
2023-07-12 15:50:00,3.57,3.57,3.57,3.57,2181.0,CCCC
2023-07-12 15:49:00,3.571,3.571,3.571,3.571,616.0,CCCC
2023-07-12 15:48:00,3.571,3.571,3.571,3.571,717.0,CCCC
2023-07-12 15:47:00,3.575,3.58,3.57,3.57,2376.0,CCCC
2023-07-12 15:46:00,3.57,3.58,3.565,3.57,1397.0,CCCC
2023-07-12 15:45:00,3.55,3.57,3.55,3.57,2693.0,CCCC
2023-07-12 15:44:00,3.57,3.57,3.55,3.55,1821.0,CCCC
2023-07-12 15:43:00,3.54,3.565,3.54,3.565,6991.0,CCCC
2023-07-12 15:42:00,3.56,3.56,3.54,3.541,27685.0,CCCC
2023-07-12 15:41:00,3.565,3.565,3.562,3.561,614.0,CCCC
2023-07-12 15:40:00,3.565,3.565,3.565,3.565,314.0,CCCC
2023-07-12 15:39:00,3.569,3.569,3.569,3.569,186.0,CCCC
2023-07-12 15:35:00,3.568,3.57,3.565,3.565,4346.0,CCCC
2023-07-12 15:34:00,3.565,3.565,3.565,3.565,200.0,CCCC
2023-07-12 15:33:00,3.565,3.57,3.565,3.565,7403.0,CCCC
2023-07-12 15:32:00,3.56,3.56,3.56,3.56,478.0,CCCC
2023-07-12 15:31:00,3.565,3.565,3.56,3.56,1308.0,CCCC
2023-07-12 15:30:00,3.565,3.565,3.565,3.565,1002.0,CCCC
2023-07-12 15:28:00,3.56,3.563,3.56,3.561,2620.0,CCCC
2023-07-12 15:27:00,3.565,3.569,3.56,3.56,1914.0,CCCC
2023-07-12 15:26:00,3.56,3.565,3.56,3.565,793.0,CCCC
2023-07-12 15:25:00,3.57,3.57,3.57,3.57,647.0,CCCC
2023-07-12 15:24:00,3.57,3.57,3.57,3.57,1246.0,CCCC
2023-07-12 15:23:00,3.59,3.59,3.59,3.59,268.0,CCCC
2023-07-12 15:22:00,3.59,3.59,3.59,3.59,1883.0,CCCC
2023-07-12 15:21:00,3.595,3.595,3.595,3.595,1735.0,CCCC
2023-07-12 15:20:00,3.604,3.604,3.595,3.6,4326.0,CCCC
2023-07-12 15:19:00,3.61,3.61,3.605,3.605,1784.0,CCCC
2023-07-12 15:18:00,3.615,3.615,3.605,3.615,4095.0,CCCC
2023-07-12 15:17:00,3.62,3.62,3.615,3.62,2881.0,CCCC
2023-07-12 15:16:00,3.61,3.61,3.61,3.61,2001.0,CCCC
2023-07-12 15:15:00,3.62,3.62,3.612,3.611,1000.0,CCCC
2023-07-12 15:14:00,3.621,3.621,3.62,3.62,743.0,CCCC
2023-07-12 15:13:00,3.62,3.621,3.62,3.621,3003.0,CCCC
2023-07-12 15:12:00,3.62,3.62,3.62,3.62,191.0,CCCC
2023-07-12 15:11:00,3.625,3.625,3.622,3.621,1252.0,CCCC
2023-07-12 15:10:00,3.62,3.62,3.615,3.62,1567.0,CCCC
2023-07-12 15:09:00,3.63,3.63,3.62,3.621,2563.0,CCCC
2023-07-12 15:08:00,3.635,3.64,3.63,3.63,5508.0,CCCC
2023-07-12 15:07:00,3.64,3.64,3.632,3.638,3247.0,CCCC
2023-07-12 15:06:00,3.645,3.645,3.645,3.645,2570.0,CCCC
2023-07-12 15:05:00,3.655,3.655,3.643,3.643,7734.0,CCCC
2023-07-12 15:04:00,3.655,3.655,3.651,3.651,1900.0,CCCC
2023-07-12 15:03:00,3.66,3.66,3.655,3.655,1104.0,CCCC
2023-07-12 15:01:00,3.663,3.663,3.66,3.66,1201.0,CCCC
2023-07-12 15:00:00,3.66,3.66,3.655,3.66,2656.0,CCCC
2023-07-12 14:59:00,3.685,3.685,3.66,3.66,6394.0,CCCC
2023-07-12 14:58:00,3.685,3.685,3.68,3.68,318.0,CCCC
2023-07-12 14:56:00,3.68,3.68,3.68,3.68,1191.0,CCCC
2023-07-12 14:55:00,3.685,3.685,3.68,3.68,2405.0,CCCC
2023-07-12 14:54:00,3.685,3.685,3.685,3.685,200.0,CCCC
2023-07-12 14:52:00,3.69,3.69,3.69,3.69,623.0,CCCC
2023-07-12 14:51:00,3.7,3.7,3.7,3.7,695.0,CCCC
2023-07-12 14:50:00,3.7,3.705,3.7,3.705,2941.0,CCCC
2023-07-12 14:49:00,3.702,3.702,3.702,3.702,100.0,CCCC
2023-07-12 14:46:00,3.7,3.701,3.7,3.701,497.0,CCCC
2023-07-12 14:45:00,3.705,3.71,3.7,3.71,3199.0,CCCC
2023-07-12 14:44:00,3.705,3.705,3.705,3.705,501.0,CCCC
2023-07-12 14:43:00,3.71,3.71,3.705,3.705,5303.0,CCCC
2023-07-12 14:42:00,3.705,3.705,3.705,3.705,210.0,CCCC
2023-07-12 14:40:00,3.71,3.71,3.71,3.71,5851.0,CCCC
2023-07-12 14:39:00,3.695,3.709,3.695,3.709,1662.0,CCCC
2023-07-12 14:38:00,3.705,3.705,3.695,3.695,966.0,CCCC
2023-07-12 14:37:00,3.72,3.72,3.71,3.71,2750.0,CCCC
2023-07-12 14:36:00,3.715,3.72,3.701,3.72,3685.0,CCCC
2023-07-12 14:35:00,3.72,3.72,3.72,3.72,150.0,CCCC
2023-07-12 14:34:00,3.71,3.71,3.71,3.71,3289.0,CCCC
2023-07-12 14:33:00,3.7,3.707,3.7,3.706,2370.0,CCCC
2023-07-12 14:32:00,3.69,3.7,3.69,3.7,2545.0,CCCC
2023-07-12 14:31:00,3.693,3.692,3.693,3.692,100.0,CCCC
2023-07-12 14:30:00,3.7,3.7,3.7,3.7,2387.0,CCCC
2023-07-12 14:29:00,3.702,3.701,3.7,3.7,249.0,CCCC
2023-07-12 14:28:00,3.71,3.71,3.7,3.7,500.0,CCCC
2023-07-12 14:27:00,3.7,3.71,3.7,3.702,4066.0,CCCC
2023-07-12 14:26:00,3.709,3.708,3.702,3.702,978.0,CCCC
2023-07-12 14:25:00,3.709,3.708,3.7,3.708,1353.0,CCCC
2023-07-12 14:24:00,3.7,3.7,3.695,3.7,2302.0,CCCC
2023-07-12 14:23:00,3.715,3.715,3.709,3.708,2148.0,CCCC
2023-07-12 14:22:00,3.66,3.72,3.66,3.715,23434.0,CCCC
2023-07-12 14:21:00,3.651,3.651,3.651,3.651,301.0,CCCC
2023-07-12 14:20:00,3.645,3.65,3.645,3.65,523.0,CCCC
2023-07-12 14:19:00,3.642,3.641,3.64,3.64,1891.0,CCCC
2023-07-12 14:18:00,3.659,3.659,3.645,3.645,2176.0,CCCC
2023-07-12 14:17:00,3.644,3.65,3.644,3.65,4594.0,CCCC
2023-07-12 14:16:00,3.645,3.645,3.645,3.645,800.0,CCCC
2023-07-12 14:15:00,3.64,3.64,3.64,3.64,539.0,CCCC
2023-07-12 14:14:00,3.64,3.64,3.64,3.64,978.0,CCCC
2023-07-12 14:13:00,3.64,3.64,3.64,3.64,801.0,CCCC
2023-07-12 14:12:00,3.635,3.64,3.635,3.64,436.0,CCCC
2023-07-12 14:10:00,3.64,3.64,3.635,3.64,1087.0,CCCC
2023-07-12 14:08:00,3.64,3.64,3.64,3.64,1105.0,CCCC
2023-07-12 14:07:00,3.641,3.641,3.64,3.641,1345.0,CCCC
2023-07-12 14:05:00,3.645,3.645,3.64,3.64,315.0,CCCC
2023-07-12 14:04:00,3.635,3.648,3.635,3.645,2138.0,CCCC
2023-07-12 14:03:00,3.63,3.631,3.63,3.631,1738.0,CCCC
2023-07-12 14:02:00,3.631,3.63,3.63,3.63,650.0,CCCC
2023-07-12 14:01:00,3.63,3.63,3.63,3.63,658.0,CCCC
2023-07-12 14:00:00,3.64,3.64,3.63,3.63,1307.0,CCCC
2023-07-12 13:59:00,3.64,3.645,3.64,3.645,200.0,CCCC
2023-07-12 13:57:00,3.64,3.649,3.64,3.649,550.0,CCCC
2023-07-12 13:54:00,3.65,3.65,3.65,3.65,201.0,CCCC
2023-07-12 13:53:00,3.632,3.65,3.632,3.65,1625.0,CCCC
2023-07-12 13:52:00,3.64,3.64,3.64,3.64,199.0,CCCC
2023-07-12 13:51:00,3.641,3.641,3.64,3.64,1017.0,CCCC
2023-07-12 13:50:00,3.65,3.65,3.64,3.641,10287.0,CCCC
2023-07-12 13:48:00,3.652,3.651,3.652,3.651,185.0,CCCC
2023-07-12 13:47:00,3.65,3.65,3.65,3.65,1116.0,CCCC
2023-07-12 13:46:00,3.65,3.655,3.65,3.655,553.0,CCCC
2023-07-12 13:45:00,3.659,3.658,3.659,3.658,255.0,CCCC
2023-07-12 13:44:00,3.66,3.665,3.66,3.66,921.0,CCCC
2023-07-12 13:43:00,3.65,3.66,3.65,3.66,1035.0,CCCC
2023-07-12 13:42:00,3.64,3.64,3.64,3.64,1231.0,CCCC
2023-07-12 13:39:00,3.65,3.65,3.65,3.65,2277.0,CCCC
2023-07-12 13:38:00,3.66,3.665,3.66,3.66,1308.0,CCCC
2023-07-12 13:37:00,3.66,3.66,3.65,3.655,1225.0,CCCC
2023-07-12 13:36:00,3.68,3.68,3.662,3.661,1679.0,CCCC
2023-07-12 13:35:00,3.685,3.685,3.685,3.685,200.0,CCCC
2023-07-12 13:34:00,3.68,3.68,3.68,3.68,1600.0,CCCC
2023-07-12 13:33:00,3.675,3.675,3.675,3.675,130.0,CCCC
2023-07-12 13:32:00,3.685,3.685,3.675,3.675,2737.0,CCCC
2023-07-12 13:31:00,3.69,3.69,3.69,3.69,1128.0,CCCC
2023-07-12 13:30:00,3.69,3.69,3.69,3.69,1925.0,CCCC
2023-07-12 13:29:00,3.68,3.695,3.68,3.69,5505.0,CCCC
2023-07-12 13:28:00,3.675,3.679,3.675,3.679,1400.0,CCCC
2023-07-12 13:27:00,3.66,3.675,3.66,3.675,1800.0,CCCC
2023-07-12 13:26:00,3.655,3.66,3.655,3.66,2938.0,CCCC
2023-07-12 13:24:00,3.65,3.655,3.65,3.651,1804.0,CCCC
2023-07-12 13:23:00,3.65,3.65,3.645,3.645,507.0,CCCC
2023-07-12 13:21:00,3.65,3.65,3.65,3.65,1250.0,CCCC
2023-07-12 13:20:00,3.655,3.655,3.655,3.655,213.0,CCCC
2023-07-12 13:19:00,3.655,3.655,3.655,3.655,1260.0,CCCC
2023-07-12 13:18:00,3.635,3.651,3.635,3.651,1779.0,CCCC
2023-07-12 13:16:00,3.61,3.63,3.61,3.63,3932.0,CCCC
2023-07-12 13:15:00,3.615,3.615,3.605,3.605,2385.0,CCCC
2023-07-12 13:14:00,3.605,3.61,3.605,3.61,618.0,CCCC
2023-07-12 13:13:00,3.609,3.609,3.605,3.605,363.0,CCCC
2023-07-12 13:12:00,3.605,3.605,3.605,3.605,228.0,CCCC
2023-07-12 13:11:00,3.61,3.62,3.6,3.601,5194.0,CCCC
2023-07-12 13:10:00,3.62,3.625,3.61,3.615,3909.0,CCCC
2023-07-12 13:09:00,3.62,3.62,3.62,3.62,1791.0,CCCC
2023-07-12 13:07:00,3.625,3.625,3.625,3.625,505.0,CCCC
2023-07-12 13:06:00,3.625,3.625,3.625,3.625,200.0,CCCC
2023-07-12 13:05:00,3.63,3.635,3.625,3.625,1867.0,CCCC
2023-07-12 13:03:00,3.625,3.625,3.625,3.625,123.0,CCCC
2023-07-12 13:02:00,3.629,3.629,3.629,3.629,1000.0,CCCC
2023-07-12 13:00:00,3.622,3.621,3.622,3.621,274.0,CCCC
2023-07-12 12:57:00,3.62,3.621,3.615,3.615,4036.0,CCCC
2023-07-12 12:55:00,3.63,3.63,3.63,3.63,155.0,CCCC
2023-07-12 12:54:00,3.62,3.628,3.62,3.628,2028.0,CCCC
2023-07-12 12:53:00,3.62,3.62,3.612,3.611,420.0,CCCC
2023-07-12 12:52:00,3.61,3.61,3.61,3.61,310.0,CCCC
2023-07-12 12:51:00,3.609,3.609,3.609,3.609,156.0,CCCC
2023-07-12 12:50:00,3.61,3.61,3.601,3.601,1476.0,CCCC
2023-07-12 12:49:00,3.612,3.613,3.613,3.613,600.0,CCCC
2023-07-12 12:48:00,3.611,3.615,3.61,3.61,2398.0,CCCC
2023-07-12 12:47:00,3.611,3.62,3.612,3.611,1671.0,CCCC
2023-07-12 12:46:00,3.591,3.615,3.591,3.615,6221.0,CCCC
2023-07-12 12:45:00,3.589,3.6,3.57,3.6,16737.0,CCCC
2023-07-12 12:44:00,3.58,3.595,3.58,3.595,3750.0,CCCC
2023-07-12 12:43:00,3.58,3.58,3.575,3.575,550.0,CCCC
2023-07-12 12:42:00,3.56,3.59,3.56,3.581,11740.0,CCCC
2023-07-12 12:41:00,3.565,3.565,3.555,3.555,2207.0,CCCC
2023-07-12 12:40:00,3.559,3.565,3.555,3.565,1455.0,CCCC
2023-07-12 12:39:00,3.55,3.55,3.55,3.55,130.0,CCCC
2023-07-12 12:38:00,3.55,3.55,3.55,3.55,5810.0,CCCC
2023-07-12 12:35:00,3.565,3.565,3.555,3.555,7100.0,CCCC
2023-07-12 12:34:00,3.561,3.565,3.561,3.56,2179.0,CCCC
2023-07-12 12:33:00,3.565,3.565,3.56,3.56,3687.0,CCCC
2023-07-12 12:32:00,3.57,3.57,3.57,3.57,398.0,CCCC
2023-07-12 12:31:00,3.569,3.569,3.569,3.569,601.0,CCCC
2023-07-12 12:30:00,3.57,3.57,3.565,3.565,500.0,CCCC
2023-07-12 12:29:00,3.575,3.575,3.575,3.575,130.0,CCCC
2023-07-12 12:28:00,3.57,3.57,3.57,3.57,130.0,CCCC
2023-07-12 12:27:00,3.57,3.57,3.57,3.57,425.0,CCCC
2023-07-12 12:26:00,3.57,3.57,3.563,3.563,1532.0,CCCC
2023-07-12 12:25:00,3.57,3.575,3.57,3.57,1092.0,CCCC
2023-07-12 12:24:00,3.556,3.57,3.556,3.57,6762.0,CCCC
2023-07-12 12:23:00,3.534,3.55,3.534,3.55,15347.0,CCCC
2023-07-12 12:22:00,3.53,3.535,3.525,3.53,1453.0,CCCC
2023-07-12 12:21:00,3.515,3.52,3.515,3.52,610.0,CCCC
2023-07-12 12:20:00,3.51,3.515,3.51,3.511,928.0,CCCC
2023-07-12 12:19:00,3.51,3.51,3.51,3.51,691.0,CCCC
2023-07-12 12:17:00,3.511,3.511,3.511,3.511,934.0,CCCC
2023-07-12 12:16:00,3.52,3.52,3.512,3.512,664.0,CCCC
2023-07-12 12:15:00,3.51,3.515,3.51,3.515,507.0,CCCC
2023-07-12 12:13:00,3.515,3.523,3.515,3.515,2932.0,CCCC
2023-07-12 12:12:00,3.51,3.523,3.51,3.52,5291.0,CCCC
2023-07-12 12:11:00,3.5,3.5,3.5,3.5,1222.0,CCCC
2023-07-12 12:09:00,3.5,3.5,3.49,3.49,1866.0,CCCC
2023-07-12 12:08:00,3.49,3.49,3.49,3.49,232.0,CCCC
2023-07-12 12:07:00,3.49,3.49,3.49,3.49,802.0,CCCC
2023-07-12 12:05:00,3.49,3.49,3.49,3.49,1100.0,CCCC
2023-07-12 12:04:00,3.495,3.495,3.491,3.491,1200.0,CCCC
2023-07-12 12:03:00,3.495,3.495,3.49,3.49,1120.0,CCCC
2023-07-12 12:02:00,3.498,3.5,3.495,3.498,2211.0,CCCC
2023-07-12 12:01:00,3.49,3.498,3.49,3.498,3989.0,CCCC
2023-07-12 12:00:00,3.48,3.485,3.48,3.485,571.0,CCCC
2023-07-12 11:59:00,3.475,3.475,3.475,3.475,301.0,CCCC
2023-07-12 11:58:00,3.485,3.485,3.471,3.471,536.0,CCCC
2023-07-12 11:57:00,3.472,3.485,3.47,3.485,2530.0,CCCC
2023-07-12 11:56:00,3.48,3.48,3.47,3.47,2492.0,CCCC
2023-07-12 11:55:00,3.491,3.491,3.485,3.485,523.0,CCCC
2023-07-12 11:54:00,3.485,3.495,3.48,3.495,6674.0,CCCC
2023-07-12 11:53:00,3.48,3.48,3.48,3.48,100.0,CCCC
2023-07-12 11:52:00,3.485,3.485,3.485,3.485,100.0,CCCC
2023-07-12 11:51:00,3.48,3.48,3.475,3.48,1903.0,CCCC
2023-07-12 11:50:00,3.49,3.49,3.49,3.49,100.0,CCCC
2023-07-12 11:49:00,3.496,3.496,3.48,3.48,3175.0,CCCC
2023-07-12 11:48:00,3.505,3.505,3.46,3.49,14642.0,CCCC
2023-07-12 11:47:00,3.51,3.51,3.5,3.5,6660.0,CCCC
2023-07-12 11:46:00,3.51,3.515,3.51,3.515,505.0,CCCC
2023-07-12 11:45:00,3.53,3.53,3.511,3.511,1256.0,CCCC
2023-07-12 11:44:00,3.52,3.535,3.52,3.535,924.0,CCCC
2023-07-12 11:43:00,3.5,3.52,3.5,3.52,1151.0,CCCC
2023-07-12 11:42:00,3.5,3.5,3.495,3.495,3655.0,CCCC
2023-07-12 11:41:00,3.525,3.525,3.5,3.5,8939.0,CCCC
2023-07-12 11:40:00,3.535,3.535,3.521,3.53,10381.0,CCCC
2023-07-12 11:39:00,3.53,3.545,3.53,3.54,16047.0,CCCC
2023-07-12 11:38:00,3.49,3.53,3.49,3.53,35321.0,CCCC
2023-07-12 11:37:00,3.47,3.49,3.47,3.49,8748.0,CCCC
2023-07-12 11:36:00,3.46,3.47,3.46,3.47,3090.0,CCCC
2023-07-12 11:35:00,3.458,3.458,3.455,3.458,1770.0,CCCC
2023-07-12 11:33:00,3.451,3.451,3.45,3.45,415.0,CCCC
2023-07-12 11:32:00,3.45,3.45,3.45,3.45,1989.0,CCCC
2023-07-12 11:31:00,3.455,3.455,3.45,3.455,813.0,CCCC
2023-07-12 11:30:00,3.455,3.455,3.455,3.455,265.0,CCCC
2023-07-12 11:29:00,3.45,3.46,3.45,3.455,5916.0,CCCC
2023-07-12 11:28:00,3.449,3.449,3.445,3.445,1170.0,CCCC
2023-07-12 11:27:00,3.44,3.441,3.44,3.441,3521.0,CCCC
2023-07-12 11:26:00,3.435,3.435,3.435,3.435,100.0,CCCC
2023-07-12 11:25:00,3.425,3.43,3.425,3.43,3292.0,CCCC
2023-07-12 11:24:00,3.425,3.425,3.42,3.425,2100.0,CCCC
2023-07-12 11:23:00,3.41,3.42,3.41,3.42,1828.0,CCCC
2023-07-12 11:22:00,3.405,3.41,3.4,3.4,21066.0,CCCC
2023-07-12 11:21:00,3.405,3.405,3.405,3.405,207.0,CCCC
2023-07-12 11:20:00,3.401,3.405,3.395,3.402,7614.0,CCCC
2023-07-12 11:17:00,3.405,3.405,3.405,3.405,210.0,CCCC
2023-07-12 11:16:00,3.385,3.4,3.385,3.4,3596.0,CCCC
2023-07-12 11:15:00,3.381,3.381,3.381,3.381,100.0,CCCC
2023-07-12 11:13:00,3.385,3.385,3.385,3.385,103.0,CCCC
2023-07-12 11:11:00,3.38,3.38,3.38,3.38,706.0,CCCC
2023-07-12 11:10:00,3.36,3.37,3.36,3.37,566.0,CCCC
2023-07-12 11:09:00,3.37,3.37,3.36,3.36,300.0,CCCC
2023-07-12 11:08:00,3.37,3.37,3.37,3.37,425.0,CCCC
2023-07-12 11:07:00,3.37,3.37,3.37,3.37,156.0,CCCC
2023-07-12 11:06:00,3.37,3.37,3.365,3.365,3227.0,CCCC
2023-07-12 11:05:00,3.365,3.365,3.355,3.36,3980.0,CCCC
2023-07-12 11:04:00,3.37,3.37,3.365,3.365,1854.0,CCCC
2023-07-12 11:03:00,3.375,3.375,3.375,3.375,462.0,CCCC
2023-07-12 11:02:00,3.37,3.37,3.37,3.37,326.0,CCCC
2023-07-12 11:01:00,3.35,3.37,3.35,3.37,3037.0,CCCC
2023-07-12 10:58:00,3.345,3.345,3.345,3.345,106.0,CCCC
2023-07-12 10:57:00,3.335,3.34,3.335,3.34,1414.0,CCCC
2023-07-12 10:55:00,3.331,3.335,3.331,3.335,820.0,CCCC
2023-07-12 10:54:00,3.347,3.347,3.335,3.335,1240.0,CCCC
2023-07-12 10:53:00,3.348,3.348,3.349,3.348,435.0,CCCC
2023-07-12 10:52:00,3.343,3.343,3.343,3.343,259.0,CCCC
2023-07-12 10:48:00,3.32,3.35,3.32,3.348,4592.0,CCCC
2023-07-12 10:47:00,3.318,3.318,3.319,3.318,500.0,CCCC
2023-07-12 10:46:00,3.311,3.311,3.312,3.311,415.0,CCCC
2023-07-12 10:45:00,3.31,3.31,3.31,3.31,321.0,CCCC
2023-07-12 10:44:00,3.32,3.32,3.32,3.32,2392.0,CCCC
2023-07-12 10:42:00,3.325,3.325,3.325,3.325,160.0,CCCC
2023-07-12 10:41:00,3.33,3.33,3.33,3.33,681.0,CCCC
2023-07-12 10:39:00,3.326,3.326,3.326,3.326,528.0,CCCC
2023-07-12 10:38:00,3.325,3.325,3.325,3.325,100.0,CCCC
2023-07-12 10:37:00,3.32,3.32,3.32,3.32,240.0,CCCC
2023-07-12 10:36:00,3.321,3.321,3.321,3.321,480.0,CCCC
2023-07-12 10:35:00,3.34,3.34,3.34,3.34,220.0,CCCC
2023-07-12 10:34:00,3.35,3.35,3.35,3.35,1896.0,CCCC
2023-07-12 10:33:00,3.35,3.35,3.34,3.34,536.0,CCCC
2023-07-12 10:32:00,3.36,3.365,3.36,3.36,1399.0,CCCC
2023-07-12 10:31:00,3.335,3.358,3.335,3.358,6338.0,CCCC
2023-07-12 10:30:00,3.33,3.33,3.33,3.33,1072.0,CCCC
2023-07-12 10:29:00,3.33,3.334,3.33,3.334,570.0,CCCC
2023-07-12 10:28:00,3.335,3.335,3.335,3.335,169.0,CCCC
2023-07-12 10:27:00,3.327,3.327,3.327,3.327,150.0,CCCC
2023-07-12 10:25:00,3.32,3.33,3.32,3.33,1918.0,CCCC
2023-07-12 10:23:00,3.33,3.33,3.33,3.33,944.0,CCCC
2023-07-12 10:20:00,3.325,3.33,3.325,3.33,808.0,CCCC
2023-07-12 10:19:00,3.33,3.33,3.33,3.33,1757.0,CCCC
2023-07-12 10:18:00,3.34,3.34,3.34,3.34,281.0,CCCC
2023-07-12 10:16:00,3.34,3.35,3.335,3.335,5514.0,CCCC
2023-07-12 10:15:00,3.34,3.35,3.34,3.344,5022.0,CCCC
2023-07-12 10:14:00,3.345,3.345,3.34,3.34,900.0,CCCC
2023-07-12 10:13:00,3.34,3.341,3.34,3.341,1505.0,CCCC
2023-07-12 10:12:00,3.33,3.33,3.33,3.33,114.0,CCCC
2023-07-12 10:11:00,3.32,3.32,3.32,3.32,1929.0,CCCC
2023-07-12 10:09:00,3.33,3.33,3.33,3.33,738.0,CCCC
2023-07-12 10:08:00,3.325,3.328,3.325,3.328,399.0,CCCC
2023-07-12 10:07:00,3.32,3.325,3.32,3.325,430.0,CCCC
2023-07-12 10:06:00,3.32,3.325,3.32,3.325,882.0,CCCC
2023-07-12 10:05:00,3.322,3.325,3.322,3.325,901.0,CCCC
2023-07-12 10:04:00,3.33,3.33,3.33,3.33,1760.0,CCCC
2023-07-12 10:03:00,3.332,3.335,3.332,3.335,1010.0,CCCC
2023-07-12 10:02:00,3.339,3.338,3.339,3.338,708.0,CCCC
2023-07-12 10:01:00,3.34,3.34,3.335,3.335,351.0,CCCC
2023-07-12 10:00:00,3.35,3.358,3.343,3.343,2597.0,CCCC
2023-07-12 09:58:00,3.35,3.35,3.35,3.35,889.0,CCCC
2023-07-12 09:57:00,3.35,3.35,3.349,3.35,700.0,CCCC
2023-07-12 09:56:00,3.36,3.36,3.36,3.36,1878.0,CCCC
2023-07-12 09:55:00,3.34,3.36,3.34,3.36,1987.0,CCCC
2023-07-12 09:54:00,3.345,3.345,3.33,3.33,3635.0,CCCC
2023-07-12 09:53:00,3.34,3.35,3.34,3.35,2862.0,CCCC
2023-07-12 09:52:00,3.33,3.33,3.32,3.32,2079.0,CCCC
2023-07-12 09:51:00,3.34,3.34,3.33,3.34,1190.0,CCCC
2023-07-12 09:50:00,3.335,3.35,3.335,3.34,2039.0,CCCC
2023-07-12 09:49:00,3.34,3.34,3.34,3.34,100.0,CCCC
2023-07-12 09:48:00,3.33,3.35,3.33,3.35,1978.0,CCCC
2023-07-12 09:47:00,3.33,3.33,3.32,3.321,1891.0,CCCC
2023-07-12 09:45:00,3.33,3.34,3.33,3.34,3025.0,CCCC
2023-07-12 09:44:00,3.36,3.36,3.355,3.355,323.0,CCCC
2023-07-12 09:43:00,3.355,3.36,3.35,3.351,4126.0,CCCC
2023-07-12 09:42:00,3.355,3.355,3.355,3.355,191.0,CCCC
2023-07-12 09:41:00,3.375,3.375,3.36,3.371,2331.0,CCCC
2023-07-12 09:40:00,3.389,3.388,3.379,3.378,2266.0,CCCC
2023-07-12 09:39:00,3.4,3.408,3.39,3.39,2086.0,CCCC
2023-07-12 09:38:00,3.38,3.41,3.38,3.41,3062.0,CCCC
2023-07-12 09:37:00,3.36,3.37,3.36,3.37,1706.0,CCCC
2023-07-12 09:36:00,3.352,3.361,3.35,3.361,2059.0,CCCC
2023-07-12 09:35:00,3.363,3.363,3.36,3.36,708.0,CCCC
2023-07-12 09:34:00,3.36,3.36,3.36,3.36,457.0,CCCC
2023-07-12 09:32:00,3.36,3.36,3.35,3.36,3446.0,CCCC
2023-07-12 09:31:00,3.367,3.38,3.367,3.37,1342.0,CCCC
2023-07-12 09:30:00,3.33,3.41,3.32,3.38,8085.0,CCCC
2023-07-12 09:28:00,3.36,3.36,3.36,3.36,196.0,CCCC
2023-07-12 09:18:00,3.37,3.37,3.37,3.37,1000.0,CCCC
2023-07-12 09:17:00,3.35,3.36,3.35,3.36,100.0,CCCC
2023-07-12 09:13:00,3.369,3.368,3.369,3.368,2.0,CCCC
2023-07-12 09:11:00,3.292,3.291,3.292,3.291,33.0,CCCC
2023-07-12 09:07:00,3.369,3.368,3.369,3.368,5.0,CCCC
2023-07-12 09:05:00,3.369,3.368,3.369,3.368,8.0,CCCC
2023-07-12 09:03:00,3.349,3.35,3.349,3.35,561.0,CCCC
2023-07-12 09:01:00,3.349,3.348,3.349,3.348,1.0,CCCC
2023-07-12 09:00:00,3.32,3.33,3.3,3.33,87.0,CCCC
2023-07-12 08:59:00,3.349,3.348,3.292,3.291,400.0,CCCC
2023-07-12 08:58:00,3.349,3.348,3.349,3.348,7.0,CCCC
2023-07-12 08:57:00,3.35,3.35,3.34,3.34,45.0,CCCC
2023-07-12 08:55:00,3.33,3.33,3.33,3.33,1.0,CCCC
2023-07-12 08:46:00,3.37,3.37,3.37,3.37,156.0,CCCC
2023-07-12 08:43:00,3.372,3.371,3.372,3.371,40.0,CCCC
2023-07-12 08:36:00,3.372,3.371,3.372,3.371,1.0,CCCC
2023-07-12 08:34:00,3.389,3.388,3.389,3.388,1.0,CCCC
2023-07-12 08:32:00,3.372,3.371,3.372,3.371,50.0,CCCC
2023-07-12 08:29:00,3.389,3.388,3.389,3.388,200.0,CCCC
2023-07-12 08:28:00,3.37,3.37,3.37,3.37,242.0,CCCC
2023-07-12 08:21:00,3.38,3.38,3.38,3.38,1.0,CCCC
2023-07-12 08:17:00,3.38,3.38,3.38,3.38,50.0,CCCC
2023-07-12 08:12:00,3.372,3.371,3.372,3.371,21.0,CCCC
2023-07-12 08:08:00,3.37,3.37,3.37,3.37,125.0,CCCC
2023-07-12 08:02:00,3.47,3.47,3.36,3.47,90.0,CCCC
2023-07-12 08:01:00,3.409,3.46,3.312,3.36,1511.0,CCCC
2023-07-12 08:00:00,3.371,3.39,3.37,3.37,327.0,CCCC
2023-07-12 06:29:00,3.37,3.37,3.37,3.37,10.0,CCCC
2023-07-12 05:46:00,3.38,3.38,3.38,3.38,15.0,CCCC
2023-07-12 05:20:00,3.39,3.39,3.38,3.38,11.0,CCCC
2023-07-12 04:19:00,3.38,3.38,3.38,3.38,10.0,CCCC
2023-07-12 04:12:00,3.4,3.4,3.4,3.4,13.0,CCCC
2023-07-11 19:49:00,3.42,3.42,3.42,3.42,25.0,CCCC
2023-07-11 19:27:00,3.4,3.4,3.36,3.36,52.0,CCCC
2023-07-11 18:48:00,3.43,3.43,3.43,3.43,5.0,CCCC
2023-07-11 18:22:00,3.4,3.4,3.4,3.4,1.0,CCCC
2023-07-11 17:24:00,3.4,3.4,3.4,3.4,1.0,CCCC
2023-07-11 17:10:00,3.37,3.37,3.37,3.37,60.0,CCCC
2023-07-11 16:56:00,3.46,3.46,3.46,3.46,300.0,CCCC
2023-07-11 16:51:00,3.37,3.37,3.37,3.37,50.0,CCCC
2023-07-11 16:41:00,3.36,3.38,3.36,3.36,5731.0,CCCC
2023-07-11 16:40:00,3.36,3.36,3.36,3.36,300.0,CCCC
2023-07-11 16:36:00,3.362,3.361,3.362,3.361,50.0,CCCC
2023-07-11 16:33:00,3.38,3.39,3.37,3.39,60.0,CCCC
2023-07-11 16:19:00,3.38,3.38,3.38,3.38,293.0,CCCC
2023-07-11 16:10:00,3.38,3.38,3.38,3.38,12.0,CCCC
2023-07-11 16:00:00,3.38,3.39,3.38,3.39,33725.0,CCCC
2023-07-11 15:59:00,3.385,3.4,3.38,3.38,22215.0,CCCC
2023-07-11 15:58:00,3.375,3.39,3.375,3.39,8830.0,CCCC
2023-07-11 15:57:00,3.375,3.379,3.375,3.375,4878.0,CCCC
2023-07-11 15:56:00,3.37,3.38,3.37,3.375,6411.0,CCCC
2023-07-11 15:55:00,3.37,3.38,3.37,3.375,1307.0,CCCC
2023-07-11 15:54:00,3.395,3.395,3.37,3.375,14659.0,CCCC
2023-07-11 15:53:00,3.39,3.4,3.385,3.39,7371.0,CCCC
2023-07-11 15:52:00,3.39,3.39,3.382,3.382,2405.0,CCCC
2023-07-11 15:51:00,3.385,3.39,3.381,3.381,1835.0,CCCC
2023-07-11 15:50:00,3.39,3.39,3.38,3.385,1451.0,CCCC
2023-07-11 15:49:00,3.385,3.385,3.385,3.385,409.0,CCCC
2023-07-11 15:48:00,3.385,3.385,3.38,3.385,1552.0,CCCC
2023-07-11 15:47:00,3.385,3.39,3.384,3.385,2518.0,CCCC
2023-07-11 15:46:00,3.37,3.39,3.37,3.39,6527.0,CCCC
2023-07-11 15:45:00,3.36,3.37,3.36,3.369,4670.0,CCCC
2023-07-11 15:44:00,3.36,3.36,3.36,3.36,302.0,CCCC
2023-07-11 15:43:00,3.36,3.36,3.36,3.36,207.0,CCCC
2023-07-11 15:42:00,3.355,3.355,3.355,3.355,359.0,CCCC
2023-07-11 15:41:00,3.36,3.36,3.36,3.36,1514.0,CCCC
2023-07-11 15:40:00,3.36,3.365,3.355,3.355,4548.0,CCCC
2023-07-11 15:39:00,3.375,3.375,3.35,3.36,21750.0,CCCC
2023-07-11 15:38:00,3.365,3.38,3.365,3.38,6708.0,CCCC
2023-07-11 15:37:00,3.361,3.37,3.361,3.365,5619.0,CCCC
2023-07-11 15:36:00,3.365,3.37,3.365,3.37,296.0,CCCC
2023-07-11 15:33:00,3.37,3.37,3.365,3.37,5614.0,CCCC
2023-07-11 15:32:00,3.37,3.37,3.37,3.37,1264.0,CCCC
2023-07-11 15:31:00,3.37,3.371,3.37,3.371,5353.0,CCCC
2023-07-11 15:30:00,3.365,3.37,3.365,3.365,735.0,CCCC
2023-07-11 15:28:00,3.365,3.365,3.365,3.365,360.0,CCCC
2023-07-11 15:27:00,3.37,3.37,3.365,3.365,1658.0,CCCC
2023-07-11 15:25:00,3.375,3.375,3.37,3.37,759.0,CCCC
2023-07-11 15:24:00,3.371,3.371,3.37,3.37,3111.0,CCCC
2023-07-11 15:23:00,3.375,3.375,3.375,3.375,1600.0,CCCC
2023-07-11 15:22:00,3.37,3.38,3.37,3.38,727.0,CCCC
2023-07-11 15:21:00,3.39,3.39,3.37,3.37,5247.0,CCCC
2023-07-11 15:20:00,3.38,3.4,3.38,3.395,6890.0,CCCC
2023-07-11 15:19:00,3.36,3.38,3.36,3.38,5357.0,CCCC
2023-07-11 15:18:00,3.36,3.36,3.36,3.36,1734.0,CCCC
2023-07-11 15:17:00,3.355,3.355,3.355,3.355,2000.0,CCCC
2023-07-11 15:16:00,3.359,3.359,3.359,3.359,501.0,CCCC
2023-07-11 15:15:00,3.37,3.37,3.36,3.36,2042.0,CCCC
2023-07-11 15:14:00,3.371,3.38,3.37,3.38,1897.0,CCCC
2023-07-11 15:13:00,3.37,3.375,3.37,3.375,3182.0,CCCC
2023-07-11 15:12:00,3.365,3.37,3.365,3.37,509.0,CCCC
2023-07-11 15:11:00,3.37,3.37,3.36,3.36,306.0,CCCC
2023-07-11 15:10:00,3.36,3.36,3.36,3.36,300.0,CCCC
2023-07-11 15:09:00,3.37,3.37,3.37,3.37,303.0,CCCC
2023-07-11 15:08:00,3.37,3.37,3.37,3.37,503.0,CCCC
2023-07-11 15:07:00,3.37,3.37,3.37,3.37,217.0,CCCC
2023-07-11 15:06:00,3.37,3.37,3.37,3.37,214.0,CCCC
2023-07-11 15:05:00,3.37,3.37,3.37,3.37,106.0,CCCC
2023-07-11 15:04:00,3.37,3.37,3.365,3.37,492.0,CCCC
2023-07-11 15:03:00,3.37,3.37,3.37,3.37,123.0,CCCC
2023-07-11 15:01:00,3.365,3.365,3.365,3.365,282.0,CCCC
2023-07-11 15:00:00,3.361,3.361,3.361,3.361,1503.0,CCCC
2023-07-11 14:59:00,3.367,3.367,3.367,3.367,1611.0,CCCC
2023-07-11 14:58:00,3.36,3.36,3.36,3.36,110.0,CCCC
2023-07-11 14:55:00,3.369,3.369,3.369,3.369,225.0,CCCC
2023-07-11 14:53:00,3.37,3.37,3.369,3.369,2001.0,CCCC
2023-07-11 14:52:00,3.37,3.37,3.37,3.37,1082.0,CCCC
2023-07-11 14:51:00,3.37,3.38,3.365,3.37,2680.0,CCCC
2023-07-11 14:50:00,3.369,3.369,3.369,3.369,107.0,CCCC
2023-07-11 14:49:00,3.36,3.365,3.36,3.365,483.0,CCCC
2023-07-11 14:47:00,3.35,3.36,3.35,3.36,9694.0,CCCC
2023-07-11 14:46:00,3.33,3.345,3.33,3.345,3744.0,CCCC
2023-07-11 14:45:00,3.329,3.328,3.322,3.325,717.0,CCCC
2023-07-11 14:43:00,3.325,3.325,3.325,3.325,1732.0,CCCC
2023-07-11 14:42:00,3.32,3.32,3.32,3.32,281.0,CCCC
2023-07-11 14:40:00,3.325,3.33,3.325,3.325,300.0,CCCC
2023-07-11 14:38:00,3.33,3.33,3.32,3.325,4037.0,CCCC
2023-07-11 14:37:00,3.33,3.33,3.33,3.33,131.0,CCCC
2023-07-11 14:36:00,3.331,3.331,3.331,3.331,267.0,CCCC
2023-07-11 14:35:00,3.335,3.335,3.335,3.335,214.0,CCCC
2023-07-11 14:34:00,3.33,3.335,3.33,3.335,886.0,CCCC
2023-07-11 14:33:00,3.335,3.335,3.332,3.331,298.0,CCCC
2023-07-11 14:32:00,3.345,3.345,3.34,3.34,1641.0,CCCC
2023-07-11 14:31:00,3.35,3.35,3.345,3.345,2900.0,CCCC
2023-07-11 14:30:00,3.355,3.355,3.35,3.355,3299.0,CCCC
2023-07-11 14:29:00,3.36,3.36,3.355,3.355,1459.0,CCCC
2023-07-11 14:28:00,3.36,3.365,3.36,3.36,4653.0,CCCC
2023-07-11 14:26:00,3.355,3.355,3.35,3.35,318.0,CCCC
2023-07-11 14:25:00,3.36,3.36,3.355,3.355,335.0,CCCC
2023-07-11 14:24:00,3.355,3.355,3.355,3.355,1000.0,CCCC
2023-07-11 14:23:00,3.35,3.36,3.35,3.36,3195.0,CCCC
2023-07-11 14:22:00,3.35,3.35,3.35,3.35,283.0,CCCC
2023-07-11 14:19:00,3.351,3.355,3.351,3.355,762.0,CCCC
2023-07-11 14:18:00,3.351,3.351,3.351,3.351,301.0,CCCC
2023-07-11 14:17:00,3.35,3.35,3.35,3.35,101.0,CCCC
2023-07-11 14:16:00,3.355,3.355,3.35,3.35,225.0,CCCC
2023-07-11 14:15:00,3.36,3.36,3.36,3.36,805.0,CCCC
2023-07-11 14:14:00,3.36,3.365,3.355,3.365,8771.0,CCCC
2023-07-11 14:12:00,3.365,3.365,3.365,3.365,382.0,CCCC
2023-07-11 14:11:00,3.36,3.36,3.36,3.36,300.0,CCCC
2023-07-11 14:10:00,3.37,3.37,3.362,3.361,1210.0,CCCC
2023-07-11 14:09:00,3.362,3.362,3.362,3.362,1100.0,CCCC
2023-07-11 14:08:00,3.366,3.366,3.366,3.366,1001.0,CCCC
2023-07-11 14:07:00,3.365,3.365,3.365,3.365,800.0,CCCC
2023-07-11 14:06:00,3.37,3.37,3.37,3.37,1091.0,CCCC
2023-07-11 14:05:00,3.37,3.38,3.37,3.38,913.0,CCCC
2023-07-11 14:03:00,3.375,3.375,3.375,3.375,100.0,CCCC
2023-07-11 14:02:00,3.37,3.375,3.37,3.375,2449.0,CCCC
2023-07-11 14:01:00,3.375,3.375,3.36,3.371,9692.0,CCCC
2023-07-11 14:00:00,3.375,3.375,3.375,3.375,402.0,CCCC
2023-07-11 13:57:00,3.375,3.375,3.375,3.375,216.0,CCCC
2023-07-11 13:54:00,3.38,3.38,3.38,3.38,3775.0,CCCC
2023-07-11 13:53:00,3.38,3.38,3.38,3.38,542.0,CCCC
2023-07-11 13:52:00,3.389,3.388,3.385,3.385,453.0,CCCC
2023-07-11 13:51:00,3.38,3.39,3.38,3.39,3455.0,CCCC
2023-07-11 13:50:00,3.38,3.385,3.38,3.38,4489.0,CCCC
2023-07-11 13:49:00,3.38,3.38,3.379,3.378,1944.0,CCCC
2023-07-11 13:48:00,3.38,3.38,3.37,3.38,2360.0,CCCC
2023-07-11 13:47:00,3.401,3.405,3.38,3.38,7165.0,CCCC
2023-07-11 13:46:00,3.409,3.408,3.405,3.405,874.0,CCCC
2023-07-11 13:45:00,3.409,3.41,3.405,3.41,1006.0,CCCC
2023-07-11 13:44:00,3.41,3.41,3.409,3.41,1837.0,CCCC
2023-07-11 13:42:00,3.41,3.41,3.405,3.405,657.0,CCCC
2023-07-11 13:41:00,3.405,3.405,3.405,3.405,200.0,CCCC
2023-07-11 13:40:00,3.405,3.41,3.401,3.401,1673.0,CCCC
2023-07-11 13:38:00,3.41,3.41,3.405,3.405,6637.0,CCCC
2023-07-11 13:37:00,3.405,3.41,3.405,3.405,500.0,CCCC
2023-07-11 13:36:00,3.395,3.41,3.395,3.401,7819.0,CCCC
2023-07-11 13:35:00,3.395,3.399,3.395,3.395,838.0,CCCC
2023-07-11 13:34:00,3.399,3.399,3.395,3.395,714.0,CCCC
2023-07-11 13:33:00,3.405,3.405,3.39,3.395,8728.0,CCCC
2023-07-11 13:32:00,3.405,3.405,3.405,3.405,100.0,CCCC
2023-07-11 13:31:00,3.409,3.409,3.405,3.405,536.0,CCCC
2023-07-11 13:30:00,3.41,3.41,3.405,3.405,616.0,CCCC
2023-07-11 13:29:00,3.405,3.41,3.405,3.41,1100.0,CCCC
2023-07-11 13:28:00,3.412,3.415,3.402,3.401,4487.0,CCCC
2023-07-11 13:27:00,3.43,3.43,3.41,3.415,2986.0,CCCC
2023-07-11 13:26:00,3.435,3.435,3.43,3.43,849.0,CCCC
2023-07-11 13:25:00,3.415,3.44,3.415,3.435,6711.0,CCCC
2023-07-11 13:24:00,3.415,3.42,3.415,3.415,779.0,CCCC
2023-07-11 13:23:00,3.411,3.411,3.411,3.411,153.0,CCCC
2023-07-11 13:22:00,3.415,3.42,3.415,3.42,240.0,CCCC
2023-07-11 13:21:00,3.415,3.415,3.415,3.415,501.0,CCCC
2023-07-11 13:20:00,3.415,3.415,3.415,3.415,208.0,CCCC
2023-07-11 13:19:00,3.415,3.415,3.415,3.415,156.0,CCCC
2023-07-11 13:18:00,3.415,3.415,3.415,3.415,216.0,CCCC
2023-07-11 13:14:00,3.44,3.44,3.415,3.415,8397.0,CCCC
2023-07-11 13:13:00,3.445,3.445,3.445,3.445,190.0,CCCC
2023-07-11 13:12:00,3.445,3.45,3.445,3.45,201.0,CCCC
2023-07-11 13:11:00,3.445,3.445,3.445,3.445,100.0,CCCC
2023-07-11 13:10:00,3.441,3.441,3.441,3.441,157.0,CCCC
2023-07-11 13:09:00,3.445,3.445,3.445,3.445,184.0,CCCC
2023-07-11 13:08:00,3.445,3.445,3.445,3.445,101.0,CCCC
2023-07-11 13:07:00,3.445,3.445,3.445,3.445,289.0,CCCC
2023-07-11 13:06:00,3.445,3.445,3.445,3.445,336.0,CCCC
2023-07-11 13:05:00,3.445,3.45,3.445,3.45,626.0,CCCC
2023-07-11 13:04:00,3.45,3.45,3.44,3.45,5051.0,CCCC
2023-07-11 13:03:00,3.45,3.45,3.445,3.445,741.0,CCCC
2023-07-11 13:02:00,3.45,3.45,3.45,3.45,200.0,CCCC
2023-07-11 13:01:00,3.46,3.46,3.455,3.455,2072.0,CCCC
2023-07-11 13:00:00,3.46,3.46,3.46,3.46,100.0,CCCC
2023-07-11 12:59:00,3.465,3.465,3.46,3.46,609.0,CCCC
2023-07-11 12:58:00,3.47,3.47,3.465,3.465,1087.0,CCCC
2023-07-11 12:56:00,3.472,3.471,3.47,3.47,357.0,CCCC
2023-07-11 12:55:00,3.49,3.49,3.48,3.48,2100.0,CCCC
2023-07-11 12:53:00,3.48,3.489,3.48,3.489,1205.0,CCCC
2023-07-11 12:52:00,3.485,3.485,3.485,3.485,100.0,CCCC
2023-07-11 12:51:00,3.49,3.49,3.49,3.49,2283.0,CCCC
2023-07-11 12:50:00,3.481,3.481,3.481,3.481,108.0,CCCC
2023-07-11 12:49:00,3.49,3.49,3.485,3.485,311.0,CCCC
2023-07-11 12:46:00,3.49,3.49,3.485,3.485,517.0,CCCC
2023-07-11 12:45:00,3.5,3.5,3.49,3.49,5073.0,CCCC
2023-07-11 12:44:00,3.5,3.5,3.492,3.492,1932.0,CCCC
2023-07-11 12:43:00,3.505,3.51,3.505,3.506,1304.0,CCCC
2023-07-11 12:42:00,3.51,3.51,3.5,3.505,1754.0,CCCC
2023-07-11 12:41:00,3.515,3.515,3.51,3.51,800.0,CCCC
2023-07-11 12:40:00,3.525,3.525,3.52,3.52,1089.0,CCCC
2023-07-11 12:39:00,3.52,3.52,3.51,3.52,5196.0,CCCC
2023-07-11 12:37:00,3.545,3.545,3.525,3.53,3448.0,CCCC
2023-07-11 12:36:00,3.545,3.545,3.545,3.545,310.0,CCCC
2023-07-11 12:35:00,3.55,3.55,3.54,3.54,7203.0,CCCC
2023-07-11 12:34:00,3.55,3.555,3.55,3.55,2645.0,CCCC
2023-07-11 12:31:00,3.54,3.545,3.54,3.545,701.0,CCCC
2023-07-11 12:30:00,3.545,3.545,3.545,3.545,279.0,CCCC
2023-07-11 12:29:00,3.545,3.55,3.545,3.545,5097.0,CCCC
2023-07-11 12:28:00,3.54,3.545,3.54,3.545,1101.0,CCCC
2023-07-11 12:26:00,3.55,3.55,3.55,3.55,1453.0,CCCC
2023-07-11 12:25:00,3.545,3.549,3.545,3.545,5301.0,CCCC
2023-07-11 12:24:00,3.55,3.55,3.55,3.55,725.0,CCCC
2023-07-11 12:19:00,3.551,3.551,3.54,3.54,4161.0,CCCC
2023-07-11 12:18:00,3.551,3.555,3.551,3.555,1145.0,CCCC
2023-07-11 12:17:00,3.551,3.56,3.552,3.56,731.0,CCCC
2023-07-11 12:16:00,3.551,3.551,3.551,3.551,1069.0,CCCC
2023-07-11 12:15:00,3.56,3.569,3.55,3.55,3584.0,CCCC
2023-07-11 12:14:00,3.55,3.56,3.55,3.56,4834.0,CCCC
2023-07-11 12:13:00,3.55,3.55,3.55,3.55,2470.0,CCCC
2023-07-11 12:12:00,3.535,3.54,3.535,3.54,2101.0,CCCC
2023-07-11 12:11:00,3.54,3.54,3.54,3.54,164.0,CCCC
2023-07-11 12:10:00,3.535,3.535,3.535,3.535,295.0,CCCC
2023-07-11 12:09:00,3.54,3.54,3.54,3.539,1464.0,CCCC
2023-07-11 12:08:00,3.53,3.535,3.53,3.535,1041.0,CCCC
2023-07-11 12:07:00,3.52,3.52,3.52,3.52,1163.0,CCCC
2023-07-11 12:06:00,3.52,3.52,3.52,3.52,245.0,CCCC
2023-07-11 12:05:00,3.505,3.52,3.505,3.515,3004.0,CCCC
2023-07-11 12:04:00,3.51,3.51,3.505,3.51,850.0,CCCC
2023-07-11 12:03:00,3.5,3.51,3.5,3.51,2479.0,CCCC
2023-07-11 12:00:00,3.5,3.5,3.5,3.5,302.0,CCCC
2023-07-11 11:57:00,3.5,3.5,3.5,3.5,205.0,CCCC
2023-07-11 11:55:00,3.5,3.5,3.494,3.494,2802.0,CCCC
2023-07-11 11:54:00,3.5,3.5,3.5,3.5,1300.0,CCCC
2023-07-11 11:53:00,3.5,3.5,3.5,3.5,1508.0,CCCC
2023-07-11 11:52:00,3.495,3.505,3.495,3.5,3699.0,CCCC
2023-07-11 11:51:00,3.495,3.495,3.495,3.495,103.0,CCCC
2023-07-11 11:49:00,3.49,3.49,3.49,3.49,300.0,CCCC
2023-07-11 11:48:00,3.495,3.495,3.49,3.49,1204.0,CCCC
2023-07-11 11:47:00,3.5,3.5,3.491,3.491,3230.0,CCCC
2023-07-11 11:45:00,3.495,3.495,3.495,3.495,215.0,CCCC
2023-07-11 11:44:00,3.495,3.495,3.495,3.495,300.0,CCCC
2023-07-11 11:42:00,3.485,3.49,3.485,3.49,1880.0,CCCC
2023-07-11 11:41:00,3.481,3.485,3.481,3.485,526.0,CCCC
2023-07-11 11:40:00,3.48,3.48,3.48,3.48,171.0,CCCC
2023-07-11 11:38:00,3.485,3.49,3.475,3.485,6677.0,CCCC
2023-07-11 11:37:00,3.485,3.49,3.485,3.49,551.0,CCCC
2023-07-11 11:36:00,3.49,3.49,3.485,3.49,665.0,CCCC
2023-07-11 11:35:00,3.48,3.485,3.48,3.481,800.0,CCCC
2023-07-11 11:34:00,3.48,3.48,3.48,3.48,1936.0,CCCC
2023-07-11 11:33:00,3.47,3.48,3.47,3.475,396.0,CCCC
2023-07-11 11:32:00,3.47,3.47,3.47,3.47,673.0,CCCC
2023-07-11 11:31:00,3.47,3.47,3.47,3.47,286.0,CCCC
2023-07-11 11:30:00,3.465,3.47,3.465,3.465,788.0,CCCC
2023-07-11 11:29:00,3.46,3.46,3.46,3.46,977.0,CCCC
2023-07-11 11:27:00,3.455,3.455,3.455,3.455,138.0,CCCC
2023-07-11 11:26:00,3.458,3.458,3.45,3.45,1100.0,CCCC
2023-07-11 11:25:00,3.46,3.46,3.455,3.455,3295.0,CCCC
2023-07-11 11:23:00,3.46,3.46,3.455,3.46,1685.0,CCCC
2023-07-11 11:22:00,3.46,3.46,3.46,3.46,415.0,CCCC
2023-07-11 11:21:00,3.45,3.451,3.45,3.451,2574.0,CCCC
2023-07-11 11:20:00,3.455,3.455,3.455,3.455,605.0,CCCC
2023-07-11 11:18:00,3.455,3.455,3.45,3.45,749.0,CCCC
2023-07-11 11:17:00,3.455,3.455,3.455,3.455,158.0,CCCC
2023-07-11 11:16:00,3.47,3.47,3.46,3.46,1845.0,CCCC
2023-07-11 11:15:00,3.47,3.47,3.47,3.47,689.0,CCCC
2023-07-11 11:14:00,3.46,3.47,3.46,3.47,820.0,CCCC
2023-07-11 11:12:00,3.46,3.46,3.455,3.455,1159.0,CCCC
2023-07-11 11:11:00,3.46,3.46,3.46,3.46,1613.0,CCCC
2023-07-11 11:10:00,3.455,3.455,3.455,3.455,212.0,CCCC
2023-07-11 11:09:00,3.47,3.47,3.45,3.45,3730.0,CCCC
2023-07-11 11:06:00,3.471,3.471,3.472,3.471,360.0,CCCC
2023-07-11 11:05:00,3.479,3.479,3.479,3.479,257.0,CCCC
2023-07-11 11:04:00,3.48,3.48,3.47,3.47,989.0,CCCC
2023-07-11 11:03:00,3.48,3.48,3.48,3.48,439.0,CCCC
2023-07-11 11:00:00,3.48,3.48,3.48,3.48,312.0,CCCC
2023-07-11 10:59:00,3.475,3.475,3.475,3.475,161.0,CCCC
2023-07-11 10:58:00,3.498,3.498,3.48,3.48,2458.0,CCCC
2023-07-11 10:57:00,3.49,3.49,3.49,3.49,680.0,CCCC
2023-07-11 10:55:00,3.475,3.48,3.475,3.48,629.0,CCCC
2023-07-11 10:54:00,3.48,3.481,3.47,3.47,2259.0,CCCC
2023-07-11 10:51:00,3.47,3.47,3.46,3.47,4019.0,CCCC
2023-07-11 10:50:00,3.475,3.475,3.47,3.47,963.0,CCCC
2023-07-11 10:49:00,3.46,3.475,3.46,3.475,18081.0,CCCC
2023-07-11 10:48:00,3.46,3.46,3.46,3.46,2428.0,CCCC
2023-07-11 10:47:00,3.465,3.465,3.465,3.465,130.0,CCCC
2023-07-11 10:46:00,3.47,3.47,3.47,3.47,1468.0,CCCC
2023-07-11 10:45:00,3.47,3.47,3.469,3.469,300.0,CCCC
2023-07-11 10:43:00,3.47,3.47,3.47,3.47,470.0,CCCC
2023-07-11 10:42:00,3.47,3.47,3.47,3.47,124.0,CCCC
2023-07-11 10:41:00,3.45,3.46,3.45,3.46,1817.0,CCCC
2023-07-11 10:40:00,3.45,3.45,3.45,3.45,3006.0,CCCC
2023-07-11 10:39:00,3.45,3.45,3.449,3.449,471.0,CCCC
2023-07-11 10:37:00,3.44,3.445,3.44,3.445,2483.0,CCCC
2023-07-11 10:35:00,3.43,3.44,3.43,3.44,2623.0,CCCC
2023-07-11 10:34:00,3.43,3.43,3.425,3.425,1107.0,CCCC
2023-07-11 10:33:00,3.431,3.431,3.43,3.43,578.0,CCCC
2023-07-11 10:30:00,3.44,3.44,3.435,3.435,1625.0,CCCC
2023-07-11 10:29:00,3.44,3.44,3.44,3.44,613.0,CCCC
2023-07-11 10:28:00,3.46,3.46,3.43,3.44,3851.0,CCCC
2023-07-11 10:27:00,3.47,3.47,3.46,3.46,504.0,CCCC
2023-07-11 10:26:00,3.445,3.46,3.441,3.46,3694.0,CCCC
2023-07-11 10:25:00,3.45,3.45,3.445,3.445,3322.0,CCCC
2023-07-11 10:24:00,3.445,3.45,3.445,3.45,574.0,CCCC
2023-07-11 10:23:00,3.45,3.45,3.45,3.45,202.0,CCCC
2023-07-11 10:22:00,3.446,3.446,3.44,3.44,3085.0,CCCC
2023-07-11 10:21:00,3.435,3.44,3.435,3.44,3504.0,CCCC
2023-07-11 10:20:00,3.435,3.435,3.435,3.435,300.0,CCCC
2023-07-11 10:19:00,3.431,3.435,3.432,3.435,1050.0,CCCC
2023-07-11 10:18:00,3.435,3.44,3.435,3.44,323.0,CCCC
2023-07-11 10:17:00,3.44,3.44,3.44,3.44,1136.0,CCCC
2023-07-11 10:16:00,3.42,3.435,3.42,3.435,697.0,CCCC
2023-07-11 10:15:00,3.42,3.425,3.419,3.425,2807.0,CCCC
2023-07-11 10:14:00,3.431,3.431,3.421,3.421,1385.0,CCCC
2023-07-11 10:13:00,3.431,3.431,3.432,3.431,201.0,CCCC
2023-07-11 10:12:00,3.441,3.441,3.435,3.435,1499.0,CCCC
2023-07-11 10:11:00,3.44,3.441,3.44,3.441,1740.0,CCCC
2023-07-11 10:10:00,3.45,3.45,3.44,3.44,6028.0,CCCC
2023-07-11 10:09:00,3.45,3.451,3.45,3.451,2506.0,CCCC
2023-07-11 10:08:00,3.445,3.445,3.445,3.445,301.0,CCCC
2023-07-11 10:07:00,3.45,3.45,3.441,3.441,1067.0,CCCC
2023-07-11 10:06:00,3.45,3.45,3.45,3.45,1920.0,CCCC
2023-07-11 10:05:00,3.45,3.46,3.45,3.46,2426.0,CCCC
2023-07-11 10:04:00,3.455,3.455,3.45,3.45,244.0,CCCC
2023-07-11 10:03:00,3.455,3.455,3.455,3.455,172.0,CCCC
2023-07-11 10:02:00,3.46,3.46,3.455,3.455,2060.0,CCCC
2023-07-11 10:01:00,3.48,3.48,3.46,3.465,3932.0,CCCC
2023-07-11 10:00:00,3.48,3.485,3.48,3.481,2734.0,CCCC
2023-07-11 09:58:00,3.485,3.485,3.48,3.48,1053.0,CCCC
2023-07-11 09:57:00,3.48,3.485,3.48,3.485,1259.0,CCCC
2023-07-11 09:56:00,3.49,3.49,3.475,3.475,1922.0,CCCC
2023-07-11 09:55:00,3.49,3.499,3.49,3.491,2091.0,CCCC
2023-07-11 09:54:00,3.48,3.48,3.48,3.48,1915.0,CCCC
2023-07-11 09:53:00,3.469,3.475,3.465,3.471,13250.0,CCCC
2023-07-11 09:50:00,3.46,3.46,3.46,3.46,1338.0,CCCC
2023-07-11 09:49:00,3.47,3.475,3.45,3.47,10809.0,CCCC
2023-07-11 09:48:00,3.48,3.48,3.465,3.465,1137.0,CCCC
2023-07-11 09:47:00,3.485,3.485,3.485,3.485,307.0,CCCC
2023-07-11 09:46:00,3.475,3.48,3.47,3.48,2180.0,CCCC
2023-07-11 09:45:00,3.485,3.49,3.48,3.48,1944.0,CCCC
2023-07-11 09:44:00,3.48,3.48,3.48,3.48,1328.0,CCCC
2023-07-11 09:42:00,3.47,3.47,3.47,3.47,1239.0,CCCC
2023-07-11 09:41:00,3.47,3.48,3.47,3.48,1855.0,CCCC
2023-07-11 09:40:00,3.451,3.451,3.452,3.451,181.0,CCCC
2023-07-11 09:39:00,3.44,3.45,3.44,3.45,259.0,CCCC
2023-07-11 09:37:00,3.42,3.42,3.42,3.42,513.0,CCCC
2023-07-11 09:36:00,3.43,3.43,3.41,3.41,1475.0,CCCC
2023-07-11 09:35:00,3.44,3.449,3.44,3.449,1046.0,CCCC
2023-07-11 09:34:00,3.455,3.455,3.455,3.455,419.0,CCCC
2023-07-11 09:33:00,3.412,3.43,3.412,3.43,1998.0,CCCC
2023-07-11 09:32:00,3.41,3.415,3.402,3.415,1495.0,CCCC
2023-07-11 09:31:00,3.41,3.41,3.41,3.41,4910.0,CCCC
2023-07-11 09:30:00,3.46,3.465,3.41,3.435,7697.0,CCCC
2023-07-11 09:25:00,3.411,3.411,3.412,3.411,1.0,CCCC
2023-07-11 09:21:00,3.412,3.498,3.412,3.48,645.0,CCCC
2023-07-11 09:20:00,3.41,3.498,3.41,3.498,2010.0,CCCC
2023-07-11 09:17:00,3.48,3.48,3.48,3.48,6.0,CCCC
2023-07-11 09:05:00,3.498,3.498,3.499,3.498,8.0,CCCC
2023-07-11 09:04:00,3.498,3.498,3.499,3.498,20.0,CCCC
2023-07-11 09:01:00,3.411,3.411,3.412,3.411,24.0,CCCC
2023-07-11 08:47:00,3.401,3.401,3.402,3.401,20.0,CCCC
2023-07-11 08:31:00,3.4,3.4,3.4,3.4,8878.0,CCCC
2023-07-11 08:28:00,3.49,3.49,3.49,3.49,220.0,CCCC
2023-07-11 08:25:00,3.45,3.45,3.45,3.45,1.0,CCCC
2023-07-11 08:14:00,3.441,3.441,3.442,3.441,1.0,CCCC
2023-07-11 08:10:00,3.49,3.49,3.49,3.49,200.0,CCCC
2023-07-11 08:08:00,3.48,3.48,3.48,3.48,100.0,CCCC
2023-07-11 08:07:00,3.498,3.498,3.48,3.48,2.0,CCCC
2023-07-11 08:03:00,3.4,3.4,3.392,3.392,101.0,CCCC
2023-07-11 08:02:00,3.46,3.47,3.46,3.47,252.0,CCCC
2023-07-11 08:01:00,3.468,3.498,3.38,3.46,634.0,CCCC
2023-07-11 08:00:00,3.39,3.5,3.39,3.5,5050.0,CCCC
2023-07-11 07:19:00,3.47,3.47,3.47,3.47,1.0,CCCC
2023-07-11 06:26:00,3.42,3.42,3.41,3.41,157.0,CCCC
2023-07-11 05:22:00,3.46,3.46,3.44,3.44,17.0,CCCC
2023-07-11 04:04:00,3.46,3.47,3.46,3.47,220.0,CCCC
2023-07-10 19:55:00,3.48,3.48,3.48,3.48,833.0,CCCC
2023-07-10 19:52:00,3.51,3.51,3.51,3.51,2.0,CCCC
2023-07-10 19:29:00,3.44,3.44,3.44,3.44,1.0,CCCC
2023-07-10 18:59:00,3.44,3.44,3.44,3.44,5.0,CCCC
2023-07-10 18:37:00,3.58,3.58,3.58,3.58,5.0,CCCC
2023-07-10 17:59:00,3.5,3.5,3.48,3.48,859.0,CCCC
2023-07-10 17:53:00,3.48,3.48,3.48,3.48,2.0,CCCC
2023-07-10 17:42:00,3.52,3.52,3.52,3.52,1.0,CCCC
2023-07-10 17:21:00,3.48,3.48,3.48,3.48,100.0,CCCC
2023-07-10 17:07:00,3.482,3.482,3.482,3.482,40.0,CCCC
2023-07-10 17:06:00,3.481,3.481,3.48,3.48,600.0,CCCC
2023-07-10 17:03:00,3.5,3.5,3.5,3.5,171.0,CCCC
2023-07-10 16:26:00,3.51,3.51,3.51,3.51,1.0,CCCC
2023-07-10 16:22:00,3.48,3.48,3.48,3.48,46.0,CCCC
2023-07-10 16:17:00,3.5,3.5,3.5,3.5,12.0,CCCC
2023-07-10 16:12:00,3.5,3.5,3.5,3.5,172.0,CCCC
2023-07-10 16:10:00,3.481,3.481,3.481,3.481,2.0,CCCC
2023-07-10 16:07:00,3.481,3.481,3.482,3.481,46.0,CCCC
2023-07-10 16:00:00,3.5,3.5,3.48,3.48,39531.0,CCCC
2023-07-10 15:59:00,3.5,3.505,3.49,3.5,29155.0,CCCC
2023-07-10 15:58:00,3.5,3.5,3.49,3.5,6268.0,CCCC
2023-07-10 15:57:00,3.485,3.495,3.48,3.495,9249.0,CCCC
2023-07-10 15:56:00,3.485,3.49,3.48,3.485,4162.0,CCCC
2023-07-10 15:55:00,3.475,3.485,3.475,3.48,7441.0,CCCC
2023-07-10 15:54:00,3.475,3.48,3.47,3.48,564.0,CCCC
2023-07-10 15:53:00,3.47,3.479,3.47,3.475,1163.0,CCCC
2023-07-10 15:52:00,3.475,3.48,3.475,3.475,4307.0,CCCC
2023-07-10 15:51:00,3.467,3.48,3.465,3.475,7226.0,CCCC
2023-07-10 15:50:00,3.46,3.465,3.46,3.465,614.0,CCCC
2023-07-10 15:49:00,3.46,3.46,3.46,3.46,1934.0,CCCC
2023-07-10 15:48:00,3.44,3.45,3.44,3.445,6856.0,CCCC
2023-07-10 15:47:00,3.445,3.445,3.44,3.44,10065.0,CCCC
2023-07-10 15:46:00,3.46,3.46,3.445,3.45,5836.0,CCCC
2023-07-10 15:45:00,3.46,3.46,3.46,3.46,6756.0,CCCC
2023-07-10 15:44:00,3.47,3.47,3.455,3.47,6929.0,CCCC
2023-07-10 15:43:00,3.485,3.485,3.48,3.48,9053.0,CCCC
2023-07-10 15:42:00,3.485,3.49,3.485,3.485,1002.0,CCCC
2023-07-10 15:40:00,3.49,3.49,3.485,3.49,2455.0,CCCC
2023-07-10 15:38:00,3.485,3.49,3.485,3.49,1088.0,CCCC
2023-07-10 15:37:00,3.48,3.485,3.48,3.485,2818.0,CCCC
2023-07-10 15:36:00,3.48,3.48,3.48,3.48,1646.0,CCCC
2023-07-10 15:35:00,3.475,3.48,3.475,3.475,3611.0,CCCC
2023-07-10 15:34:00,3.475,3.475,3.475,3.475,131.0,CCCC
2023-07-10 15:31:00,3.47,3.47,3.47,3.47,2923.0,CCCC
2023-07-10 15:30:00,3.47,3.47,3.47,3.47,731.0,CCCC
2023-07-10 15:27:00,3.475,3.475,3.475,3.475,404.0,CCCC
2023-07-10 15:26:00,3.465,3.475,3.465,3.475,8499.0,CCCC
2023-07-10 15:25:00,3.485,3.485,3.45,3.465,30322.0,CCCC
2023-07-10 15:24:00,3.481,3.481,3.481,3.481,595.0,CCCC
2023-07-10 15:21:00,3.485,3.485,3.485,3.485,102.0,CCCC
2023-07-10 15:20:00,3.485,3.485,3.485,3.485,170.0,CCCC
2023-07-10 15:19:00,3.481,3.481,3.481,3.481,382.0,CCCC
2023-07-10 15:18:00,3.485,3.488,3.485,3.488,725.0,CCCC
2023-07-10 15:16:00,3.49,3.49,3.48,3.48,6597.0,CCCC
2023-07-10 15:15:00,3.498,3.498,3.499,3.498,100.0,CCCC
2023-07-10 15:14:00,3.491,3.491,3.491,3.491,1000.0,CCCC
2023-07-10 15:13:00,3.51,3.51,3.495,3.495,6900.0,CCCC
2023-07-10 15:12:00,3.51,3.51,3.51,3.51,137.0,CCCC
2023-07-10 15:11:00,3.51,3.51,3.505,3.505,204.0,CCCC
2023-07-10 15:10:00,3.505,3.505,3.505,3.505,275.0,CCCC
2023-07-10 15:09:00,3.51,3.51,3.505,3.505,280.0,CCCC
2023-07-10 15:08:00,3.51,3.51,3.51,3.51,108.0,CCCC
2023-07-10 15:06:00,3.508,3.508,3.502,3.501,375.0,CCCC
2023-07-10 15:02:00,3.5,3.508,3.5,3.505,1841.0,CCCC
2023-07-10 15:00:00,3.505,3.505,3.505,3.505,100.0,CCCC
2023-07-10 14:58:00,3.501,3.501,3.502,3.501,353.0,CCCC
2023-07-10 14:57:00,3.5,3.5,3.5,3.5,1511.0,CCCC
2023-07-10 14:56:00,3.52,3.52,3.5,3.5,4249.0,CCCC
2023-07-10 14:55:00,3.51,3.515,3.505,3.515,2673.0,CCCC
2023-07-10 14:54:00,3.505,3.505,3.505,3.505,210.0,CCCC
2023-07-10 14:53:00,3.505,3.505,3.505,3.505,100.0,CCCC
2023-07-10 14:52:00,3.505,3.505,3.505,3.505,468.0,CCCC
2023-07-10 14:51:00,3.505,3.51,3.5,3.505,1510.0,CCCC
2023-07-10 14:50:00,3.505,3.505,3.505,3.505,410.0,CCCC
2023-07-10 14:49:00,3.505,3.505,3.505,3.505,101.0,CCCC
2023-07-10 14:48:00,3.505,3.505,3.505,3.505,839.0,CCCC
2023-07-10 14:47:00,3.51,3.51,3.502,3.508,780.0,CCCC
2023-07-10 14:46:00,3.501,3.505,3.502,3.505,1632.0,CCCC
2023-07-10 14:45:00,3.505,3.505,3.505,3.505,1548.0,CCCC
2023-07-10 14:42:00,3.51,3.51,3.509,3.508,707.0,CCCC
2023-07-10 14:41:00,3.505,3.505,3.505,3.505,846.0,CCCC
2023-07-10 14:40:00,3.501,3.505,3.5,3.5,556.0,CCCC
2023-07-10 14:39:00,3.501,3.505,3.502,3.505,941.0,CCCC
2023-07-10 14:38:00,3.51,3.51,3.505,3.505,3703.0,CCCC
2023-07-10 14:37:00,3.515,3.515,3.51,3.51,639.0,CCCC
2023-07-10 14:36:00,3.51,3.515,3.51,3.515,3407.0,CCCC
2023-07-10 14:34:00,3.491,3.505,3.491,3.505,2250.0,CCCC
2023-07-10 14:33:00,3.49,3.51,3.49,3.5,6107.0,CCCC
2023-07-10 14:32:00,3.489,3.49,3.485,3.49,10621.0,CCCC
2023-07-10 14:31:00,3.48,3.48,3.481,3.48,439.0,CCCC
2023-07-10 14:30:00,3.481,3.485,3.482,3.485,443.0,CCCC
2023-07-10 14:28:00,3.475,3.48,3.475,3.48,1271.0,CCCC
2023-07-10 14:27:00,3.5,3.5,3.475,3.48,4696.0,CCCC
2023-07-10 14:26:00,3.5,3.505,3.495,3.505,3534.0,CCCC
2023-07-10 14:25:00,3.485,3.505,3.481,3.5,11591.0,CCCC
2023-07-10 14:22:00,3.481,3.481,3.481,3.481,728.0,CCCC
2023-07-10 14:21:00,3.485,3.485,3.485,3.485,170.0,CCCC
2023-07-10 14:19:00,3.498,3.498,3.48,3.48,3835.0,CCCC
2023-07-10 14:18:00,3.495,3.495,3.495,3.495,249.0,CCCC
2023-07-10 14:16:00,3.495,3.495,3.49,3.49,3157.0,CCCC
2023-07-10 14:15:00,3.495,3.495,3.495,3.495,201.0,CCCC
2023-07-10 14:13:00,3.491,3.491,3.491,3.491,576.0,CCCC
2023-07-10 14:12:00,3.499,3.499,3.499,3.499,1500.0,CCCC
2023-07-10 14:11:00,3.498,3.498,3.499,3.498,205.0,CCCC
2023-07-10 14:10:00,3.51,3.51,3.495,3.495,3637.0,CCCC
2023-07-10 14:09:00,3.54,3.54,3.52,3.52,3864.0,CCCC
2023-07-10 14:08:00,3.545,3.545,3.54,3.54,324.0,CCCC
2023-07-10 14:07:00,3.545,3.545,3.541,3.541,404.0,CCCC
2023-07-10 14:06:00,3.545,3.545,3.545,3.545,295.0,CCCC
2023-07-10 14:05:00,3.549,3.549,3.542,3.541,2311.0,CCCC
2023-07-10 14:04:00,3.551,3.551,3.53,3.541,9564.0,CCCC
2023-07-10 14:02:00,3.551,3.551,3.552,3.551,200.0,CCCC
2023-07-10 14:01:00,3.55,3.55,3.551,3.55,244.0,CCCC
2023-07-10 14:00:00,3.55,3.55,3.55,3.55,4200.0,CCCC
2023-07-10 13:58:00,3.551,3.551,3.551,3.551,254.0,CCCC
2023-07-10 13:57:00,3.55,3.555,3.55,3.555,1012.0,CCCC
2023-07-10 13:56:00,3.541,3.541,3.542,3.541,418.0,CCCC
2023-07-10 13:55:00,3.541,3.55,3.541,3.55,2361.0,CCCC
2023-07-10 13:54:00,3.54,3.54,3.54,3.54,116.0,CCCC
2023-07-10 13:52:00,3.541,3.541,3.54,3.54,1822.0,CCCC
2023-07-10 13:51:00,3.532,3.54,3.532,3.54,2779.0,CCCC
2023-07-10 13:50:00,3.539,3.539,3.535,3.535,1274.0,CCCC
2023-07-10 13:49:00,3.525,3.53,3.52,3.53,5219.0,CCCC
2023-07-10 13:48:00,3.538,3.538,3.539,3.538,857.0,CCCC
2023-07-10 13:46:00,3.551,3.555,3.54,3.54,4190.0,CCCC
2023-07-10 13:45:00,3.558,3.56,3.551,3.551,1580.0,CCCC
2023-07-10 13:44:00,3.548,3.558,3.545,3.558,4401.0,CCCC
2023-07-10 13:43:00,3.548,3.548,3.541,3.541,2422.0,CCCC
2023-07-10 13:42:00,3.548,3.548,3.549,3.548,1426.0,CCCC
2023-07-10 13:41:00,3.545,3.545,3.545,3.545,199.0,CCCC
2023-07-10 13:40:00,3.535,3.55,3.53,3.545,5023.0,CCCC
2023-07-10 13:39:00,3.539,3.539,3.534,3.535,1387.0,CCCC
2023-07-10 13:37:00,3.521,3.535,3.521,3.535,5865.0,CCCC
2023-07-10 13:36:00,3.52,3.52,3.52,3.52,1393.0,CCCC
2023-07-10 13:34:00,3.51,3.515,3.51,3.515,2536.0,CCCC
2023-07-10 13:33:00,3.505,3.51,3.505,3.51,517.0,CCCC
2023-07-10 13:32:00,3.51,3.51,3.502,3.502,1006.0,CCCC
2023-07-10 13:31:00,3.51,3.511,3.5,3.5,2516.0,CCCC
2023-07-10 13:30:00,3.49,3.52,3.49,3.515,4519.0,CCCC
2023-07-10 13:29:00,3.48,3.48,3.48,3.48,5899.0,CCCC
2023-07-10 13:28:00,3.491,3.491,3.478,3.478,2509.0,CCCC
2023-07-10 13:26:00,3.49,3.492,3.485,3.492,6703.0,CCCC
2023-07-10 13:25:00,3.481,3.481,3.481,3.482,366.0,CCCC
2023-07-10 13:24:00,3.505,3.505,3.48,3.48,4261.0,CCCC
2023-07-10 13:23:00,3.501,3.501,3.501,3.501,3047.0,CCCC
2023-07-10 13:22:00,3.501,3.501,3.502,3.502,294.0,CCCC
2023-07-10 13:21:00,3.5,3.5,3.5,3.5,960.0,CCCC
2023-07-10 13:19:00,3.5,3.5,3.5,3.5,289.0,CCCC
2023-07-10 13:17:00,3.505,3.51,3.505,3.51,650.0,CCCC
2023-07-10 13:16:00,3.511,3.511,3.502,3.502,2833.0,CCCC
2023-07-10 13:14:00,3.52,3.52,3.52,3.52,1883.0,CCCC
2023-07-10 13:13:00,3.52,3.529,3.52,3.52,4417.0,CCCC
2023-07-10 13:12:00,3.52,3.52,3.515,3.52,2841.0,CCCC
2023-07-10 13:11:00,3.511,3.511,3.512,3.512,391.0,CCCC
2023-07-10 13:10:00,3.51,3.515,3.511,3.515,434.0,CCCC
2023-07-10 13:09:00,3.518,3.52,3.515,3.515,1422.0,CCCC
2023-07-10 13:08:00,3.51,3.52,3.51,3.52,1526.0,CCCC
2023-07-10 13:07:00,3.501,3.51,3.502,3.509,1989.0,CCCC
2023-07-10 13:06:00,3.501,3.501,3.5,3.5,206.0,CCCC
2023-07-10 13:05:00,3.5,3.505,3.5,3.502,683.0,CCCC
2023-07-10 13:04:00,3.47,3.5,3.47,3.5,1697.0,CCCC
2023-07-10 13:03:00,3.471,3.48,3.465,3.48,4865.0,CCCC
2023-07-10 13:02:00,3.49,3.49,3.47,3.472,9526.0,CCCC
2023-07-10 13:01:00,3.49,3.491,3.49,3.492,426.0,CCCC
2023-07-10 13:00:00,3.5,3.5,3.5,3.5,4977.0,CCCC
2023-07-10 12:59:00,3.525,3.526,3.5,3.505,13097.0,CCCC
2023-07-10 12:58:00,3.511,3.525,3.511,3.525,10591.0,CCCC
2023-07-10 12:57:00,3.49,3.51,3.49,3.51,13946.0,CCCC
2023-07-10 12:55:00,3.481,3.481,3.482,3.482,225.0,CCCC
2023-07-10 12:54:00,3.465,3.48,3.46,3.48,12656.0,CCCC
2023-07-10 12:53:00,3.465,3.465,3.465,3.465,252.0,CCCC
2023-07-10 12:52:00,3.465,3.47,3.462,3.47,2798.0,CCCC
2023-07-10 12:51:00,3.431,3.48,3.432,3.47,27060.0,CCCC
2023-07-10 12:50:00,3.438,3.445,3.431,3.431,6889.0,CCCC
2023-07-10 12:49:00,3.438,3.438,3.439,3.439,2054.0,CCCC
2023-07-10 12:48:00,3.42,3.431,3.42,3.431,3396.0,CCCC
2023-07-10 12:47:00,3.418,3.418,3.419,3.419,500.0,CCCC
2023-07-10 12:46:00,3.42,3.42,3.417,3.417,669.0,CCCC
2023-07-10 12:45:00,3.42,3.42,3.42,3.42,1042.0,CCCC
2023-07-10 12:44:00,3.415,3.415,3.411,3.411,400.0,CCCC
2023-07-10 12:43:00,3.408,3.41,3.409,3.41,1799.0,CCCC
2023-07-10 12:42:00,3.4,3.41,3.39,3.405,19046.0,CCCC
2023-07-10 12:41:00,3.4,3.4,3.395,3.395,247.0,CCCC
2023-07-10 12:40:00,3.395,3.395,3.395,3.395,192.0,CCCC
2023-07-10 12:39:00,3.4,3.4,3.395,3.395,201.0,CCCC
2023-07-10 12:38:00,3.375,3.39,3.375,3.39,7159.0,CCCC
2023-07-10 12:37:00,3.375,3.375,3.375,3.375,219.0,CCCC
2023-07-10 12:36:00,3.38,3.38,3.375,3.375,1736.0,CCCC
2023-07-10 12:35:00,3.37,3.371,3.37,3.371,1046.0,CCCC
2023-07-10 12:34:00,3.361,3.37,3.362,3.37,531.0,CCCC
2023-07-10 12:33:00,3.37,3.37,3.37,3.37,232.0,CCCC
2023-07-10 12:32:00,3.369,3.369,3.369,3.369,981.0,CCCC
2023-07-10 12:31:00,3.365,3.365,3.365,3.365,169.0,CCCC
2023-07-10 12:27:00,3.368,3.368,3.368,3.368,1105.0,CCCC
2023-07-10 12:26:00,3.34,3.365,3.34,3.365,2901.0,CCCC
2023-07-10 12:25:00,3.345,3.345,3.345,3.345,182.0,CCCC
2023-07-10 12:24:00,3.345,3.345,3.345,3.345,140.0,CCCC
2023-07-10 12:23:00,3.34,3.345,3.34,3.345,1960.0,CCCC
2023-07-10 12:22:00,3.33,3.335,3.33,3.332,1945.0,CCCC
2023-07-10 12:21:00,3.325,3.325,3.32,3.32,652.0,CCCC
2023-07-10 12:20:00,3.32,3.32,3.32,3.32,1682.0,CCCC
2023-07-10 12:14:00,3.31,3.31,3.31,3.31,1453.0,CCCC
2023-07-10 12:13:00,3.315,3.315,3.312,3.312,201.0,CCCC
2023-07-10 12:12:00,3.319,3.319,3.319,3.319,100.0,CCCC
2023-07-10 12:09:00,3.32,3.32,3.32,3.32,443.0,CCCC
2023-07-10 12:05:00,3.325,3.33,3.32,3.32,1743.0,CCCC
2023-07-10 12:04:00,3.329,3.329,3.329,3.329,161.0,CCCC
2023-07-10 12:03:00,3.321,3.322,3.322,3.322,150.0,CCCC
2023-07-10 12:02:00,3.33,3.33,3.32,3.32,1330.0,CCCC
2023-07-10 11:59:00,3.33,3.33,3.32,3.32,2397.0,CCCC
2023-07-10 11:58:00,3.332,3.332,3.325,3.33,1583.0,CCCC
2023-07-10 11:57:00,3.332,3.332,3.332,3.332,353.0,CCCC
2023-07-10 11:56:00,3.336,3.336,3.335,3.335,2997.0,CCCC
2023-07-10 11:55:00,3.335,3.339,3.335,3.339,705.0,CCCC
2023-07-10 11:54:00,3.33,3.33,3.33,3.33,589.0,CCCC
2023-07-10 11:53:00,3.338,3.339,3.33,3.33,803.0,CCCC
2023-07-10 11:51:00,3.321,3.321,3.32,3.32,332.0,CCCC
2023-07-10 11:50:00,3.33,3.33,3.31,3.322,9024.0,CCCC
2023-07-10 11:49:00,3.325,3.33,3.325,3.33,1688.0,CCCC
2023-07-10 11:48:00,3.325,3.329,3.325,3.329,501.0,CCCC
2023-07-10 11:47:00,3.32,3.32,3.32,3.32,297.0,CCCC
2023-07-10 11:46:00,3.325,3.33,3.325,3.33,470.0,CCCC
2023-07-10 11:45:00,3.315,3.32,3.315,3.315,3064.0,CCCC
2023-07-10 11:44:00,3.31,3.31,3.31,3.31,391.0,CCCC
2023-07-10 11:43:00,3.3,3.32,3.3,3.312,26606.0,CCCC
2023-07-10 11:42:00,3.3,3.3,3.3,3.3,364.0,CCCC
2023-07-10 11:40:00,3.309,3.309,3.309,3.309,152.0,CCCC
2023-07-10 11:38:00,3.305,3.305,3.3,3.3,695.0,CCCC
2023-07-10 11:37:00,3.305,3.305,3.305,3.305,233.0,CCCC
2023-07-10 11:36:00,3.3,3.3,3.3,3.3,228.0,CCCC
2023-07-10 11:35:00,3.299,3.302,3.298,3.302,4825.0,CCCC
2023-07-10 11:34:00,3.3,3.3,3.29,3.3,2014.0,CCCC
2023-07-10 11:33:00,3.31,3.31,3.31,3.31,3069.0,CCCC
2023-07-10 11:30:00,3.319,3.319,3.319,3.319,665.0,CCCC
2023-07-10 11:29:00,3.331,3.331,3.32,3.32,2088.0,CCCC
2023-07-10 11:28:00,3.33,3.33,3.33,3.33,1002.0,CCCC
2023-07-10 11:27:00,3.327,3.33,3.325,3.33,2241.0,CCCC
2023-07-10 11:26:00,3.33,3.33,3.325,3.325,2450.0,CCCC
2023-07-10 11:25:00,3.325,3.33,3.325,3.33,2166.0,CCCC
2023-07-10 11:23:00,3.325,3.325,3.325,3.325,101.0,CCCC
2023-07-10 11:22:00,3.32,3.32,3.32,3.32,270.0,CCCC
2023-07-10 11:20:00,3.32,3.32,3.32,3.32,608.0,CCCC
2023-07-10 11:18:00,3.329,3.329,3.32,3.32,3357.0,CCCC
2023-07-10 11:16:00,3.34,3.34,3.325,3.325,3337.0,CCCC
2023-07-10 11:15:00,3.345,3.345,3.345,3.345,136.0,CCCC
2023-07-10 11:14:00,3.355,3.355,3.34,3.34,1394.0,CCCC
2023-07-10 11:11:00,3.34,3.35,3.34,3.35,1909.0,CCCC
2023-07-10 11:10:00,3.32,3.33,3.32,3.33,4103.0,CCCC
2023-07-10 11:09:00,3.32,3.32,3.32,3.32,927.0,CCCC
2023-07-10 11:08:00,3.33,3.33,3.33,3.33,302.0,CCCC
2023-07-10 11:07:00,3.33,3.33,3.33,3.33,277.0,CCCC
2023-07-10 11:06:00,3.339,3.339,3.339,3.339,200.0,CCCC
2023-07-10 11:05:00,3.33,3.33,3.33,3.33,550.0,CCCC
2023-07-10 11:03:00,3.34,3.34,3.339,3.339,624.0,CCCC
2023-07-10 11:02:00,3.36,3.36,3.345,3.35,1626.0,CCCC
2023-07-10 11:01:00,3.36,3.36,3.354,3.354,761.0,CCCC
2023-07-10 11:00:00,3.319,3.35,3.319,3.35,9201.0,CCCC
2023-07-10 10:59:00,3.317,3.319,3.317,3.319,1208.0,CCCC
2023-07-10 10:58:00,3.311,3.319,3.311,3.319,352.0,CCCC
2023-07-10 10:57:00,3.31,3.315,3.305,3.315,957.0,CCCC
2023-07-10 10:56:00,3.319,3.319,3.31,3.31,1634.0,CCCC
2023-07-10 10:54:00,3.309,3.31,3.309,3.31,730.0,CCCC
2023-07-10 10:53:00,3.305,3.305,3.3,3.3,878.0,CCCC
2023-07-10 10:52:00,3.315,3.315,3.31,3.31,2238.0,CCCC
2023-07-10 10:51:00,3.315,3.315,3.315,3.315,311.0,CCCC
2023-07-10 10:48:00,3.31,3.319,3.31,3.31,5551.0,CCCC
2023-07-10 10:47:00,3.3,3.302,3.3,3.3,4800.0,CCCC
2023-07-10 10:46:00,3.312,3.312,3.3,3.3,2023.0,CCCC
2023-07-10 10:44:00,3.318,3.318,3.312,3.312,726.0,CCCC
2023-07-10 10:43:00,3.31,3.32,3.31,3.311,3189.0,CCCC
2023-07-10 10:42:00,3.31,3.31,3.3,3.305,3164.0,CCCC
2023-07-10 10:41:00,3.29,3.31,3.29,3.309,24691.0,CCCC
2023-07-10 10:40:00,3.32,3.32,3.29,3.295,28446.0,CCCC
2023-07-10 10:39:00,3.33,3.33,3.32,3.329,7873.0,CCCC
2023-07-10 10:38:00,3.335,3.339,3.334,3.339,4595.0,CCCC
2023-07-10 10:37:00,3.335,3.341,3.335,3.341,2386.0,CCCC
2023-07-10 10:36:00,3.335,3.335,3.335,3.335,1508.0,CCCC
2023-07-10 10:35:00,3.34,3.34,3.34,3.34,2390.0,CCCC
2023-07-10 10:34:00,3.34,3.34,3.335,3.34,4849.0,CCCC
2023-07-10 10:33:00,3.35,3.351,3.35,3.35,5498.0,CCCC
2023-07-10 10:32:00,3.34,3.34,3.335,3.34,14048.0,CCCC
2023-07-10 10:31:00,3.35,3.35,3.34,3.348,9998.0,CCCC
2023-07-10 10:30:00,3.35,3.35,3.35,3.35,3070.0,CCCC
2023-07-10 10:29:00,3.35,3.35,3.35,3.35,840.0,CCCC
2023-07-10 10:28:00,3.36,3.36,3.35,3.359,5536.0,CCCC
2023-07-10 10:27:00,3.365,3.37,3.365,3.37,275.0,CCCC
2023-07-10 10:25:00,3.368,3.372,3.368,3.37,1899.0,CCCC
2023-07-10 10:24:00,3.37,3.37,3.37,3.37,499.0,CCCC
2023-07-10 10:23:00,3.372,3.372,3.372,3.372,427.0,CCCC
2023-07-10 10:22:00,3.38,3.38,3.37,3.372,4242.0,CCCC
2023-07-10 10:21:00,3.37,3.39,3.362,3.39,10299.0,CCCC
2023-07-10 10:20:00,3.39,3.39,3.37,3.37,5800.0,CCCC
2023-07-10 10:19:00,3.37,3.375,3.365,3.37,8920.0,CCCC
2023-07-10 10:18:00,3.41,3.42,3.38,3.38,8858.0,CCCC
2023-07-10 10:17:00,3.4,3.409,3.4,3.409,730.0,CCCC
2023-07-10 10:16:00,3.4,3.4,3.39,3.399,1948.0,CCCC
2023-07-10 10:13:00,3.419,3.42,3.405,3.405,2438.0,CCCC
2023-07-10 10:12:00,3.45,3.45,3.41,3.41,3924.0,CCCC
2023-07-10 10:11:00,3.451,3.451,3.451,3.451,310.0,CCCC
2023-07-10 10:09:00,3.442,3.442,3.442,3.442,398.0,CCCC
2023-07-10 10:08:00,3.458,3.459,3.451,3.451,996.0,CCCC
2023-07-10 10:07:00,3.435,3.48,3.435,3.451,17629.0,CCCC
2023-07-10 10:06:00,3.44,3.44,3.432,3.432,2503.0,CCCC
2023-07-10 10:05:00,3.42,3.43,3.416,3.43,8614.0,CCCC
2023-07-10 10:04:00,3.43,3.43,3.421,3.421,1376.0,CCCC
2023-07-10 10:03:00,3.43,3.43,3.425,3.425,6103.0,CCCC
2023-07-10 10:02:00,3.41,3.42,3.41,3.42,3615.0,CCCC
2023-07-10 10:01:00,3.395,3.41,3.395,3.405,7873.0,CCCC
2023-07-10 10:00:00,3.395,3.4,3.395,3.4,1354.0,CCCC
2023-07-10 09:58:00,3.385,3.41,3.385,3.39,6966.0,CCCC
2023-07-10 09:57:00,3.38,3.385,3.38,3.385,1069.0,CCCC
2023-07-10 09:56:00,3.38,3.38,3.369,3.38,2302.0,CCCC
2023-07-10 09:55:00,3.375,3.385,3.375,3.385,737.0,CCCC
2023-07-10 09:54:00,3.37,3.389,3.365,3.365,2182.0,CCCC
2023-07-10 09:53:00,3.389,3.39,3.36,3.361,5286.0,CCCC
2023-07-10 09:52:00,3.38,3.38,3.38,3.38,492.0,CCCC
2023-07-10 09:51:00,3.38,3.38,3.372,3.372,1226.0,CCCC
2023-07-10 09:50:00,3.39,3.39,3.38,3.38,906.0,CCCC
2023-07-10 09:49:00,3.368,3.39,3.369,3.39,1750.0,CCCC
2023-07-10 09:48:00,3.36,3.365,3.35,3.36,3512.0,CCCC
2023-07-10 09:47:00,3.39,3.393,3.36,3.36,11804.0,CCCC
2023-07-10 09:46:00,3.4,3.4,3.385,3.385,1342.0,CCCC
2023-07-10 09:44:00,3.41,3.41,3.39,3.4,1939.0,CCCC
2023-07-10 09:43:00,3.41,3.412,3.41,3.412,1895.0,CCCC
2023-07-10 09:42:00,3.415,3.415,3.415,3.415,134.0,CCCC
2023-07-10 09:41:00,3.41,3.44,3.41,3.419,5483.0,CCCC
2023-07-10 09:40:00,3.421,3.43,3.42,3.42,2040.0,CCCC
2023-07-10 09:39:00,3.4,3.43,3.4,3.43,1727.0,CCCC
2023-07-10 09:38:00,3.428,3.429,3.38,3.4,4692.0,CCCC
2023-07-10 09:37:00,3.42,3.429,3.42,3.429,1662.0,CCCC
2023-07-10 09:36:00,3.39,3.429,3.37,3.41,9208.0,CCCC
2023-07-10 09:35:00,3.41,3.41,3.39,3.4,11674.0,CCCC
2023-07-10 09:34:00,3.4,3.45,3.4,3.45,15513.0,CCCC
2023-07-10 09:33:00,3.369,3.422,3.369,3.41,7307.0,CCCC
2023-07-10 09:32:00,3.37,3.37,3.37,3.37,205.0,CCCC
2023-07-10 09:31:00,3.37,3.37,3.352,3.36,2972.0,CCCC
2023-07-10 09:30:00,3.39,3.39,3.34,3.343,6192.0,CCCC
2023-07-10 09:25:00,3.34,3.34,3.34,3.34,30.0,CCCC
2023-07-10 09:21:00,3.331,3.332,3.332,3.332,392.0,CCCC
2023-07-10 09:13:00,3.39,3.39,3.39,3.39,8.0,CCCC
2023-07-10 09:11:00,3.33,3.33,3.33,3.33,1.0,CCCC
2023-07-10 09:10:00,3.331,3.332,3.332,3.332,1.0,CCCC
2023-07-10 09:05:00,3.37,3.37,3.37,3.37,750.0,CCCC
2023-07-10 09:02:00,3.33,3.33,3.33,3.33,234.0,CCCC
2023-07-10 09:00:00,3.331,3.332,3.332,3.332,1.0,CCCC
2023-07-10 08:59:00,3.33,3.369,3.33,3.369,110.0,CCCC
2023-07-10 08:57:00,3.33,3.33,3.33,3.33,207.0,CCCC
2023-07-10 08:56:00,3.368,3.369,3.369,3.369,4.0,CCCC
2023-07-10 08:53:00,3.33,3.33,3.33,3.33,195.0,CCCC
2023-07-10 08:50:00,3.331,3.332,3.332,3.332,10.0,CCCC
2023-07-10 08:49:00,3.368,3.369,3.33,3.33,745.0,CCCC
2023-07-10 08:47:00,3.33,3.33,3.33,3.33,2.0,CCCC
2023-07-10 08:46:00,3.34,3.34,3.34,3.34,1.0,CCCC
2023-07-10 08:44:00,3.331,3.331,3.332,3.332,51.0,CCCC
2023-07-10 08:39:00,3.33,3.33,3.33,3.33,500.0,CCCC
2023-07-10 08:30:00,3.34,3.34,3.34,3.34,200.0,CCCC
2023-07-10 08:28:00,3.331,3.331,3.332,3.332,3.0,CCCC
2023-07-10 08:26:00,3.33,3.418,3.33,3.419,190.0,CCCC
2023-07-10 08:25:00,3.42,3.42,3.42,3.42,28.0,CCCC
2023-07-10 08:23:00,3.418,3.418,3.419,3.419,3.0,CCCC
2023-07-10 08:22:00,3.39,3.39,3.38,3.38,550.0,CCCC
2023-07-10 08:20:00,3.418,3.418,3.419,3.419,4.0,CCCC
2023-07-10 08:14:00,3.438,3.44,3.439,3.44,718.0,CCCC
2023-07-10 08:13:00,3.381,3.381,3.382,3.382,370.0,CCCC
2023-07-10 08:11:00,3.438,3.438,3.439,3.439,3.0,CCCC
2023-07-10 08:10:00,3.381,3.438,3.382,3.439,438.0,CCCC
2023-07-10 08:09:00,3.42,3.45,3.382,3.382,600.0,CCCC
2023-07-10 08:08:00,3.43,3.46,3.4,3.4,403.0,CCCC
2023-07-10 08:07:00,3.4,3.4,3.4,3.4,1.0,CCCC
2023-07-10 08:06:00,3.33,3.33,3.33,3.33,4.0,CCCC
2023-07-10 08:05:00,3.331,3.4,3.332,3.4,7.0,CCCC
2023-07-10 08:04:00,3.43,3.43,3.43,3.43,3.0,CCCC
2023-07-10 08:03:00,3.3,3.37,3.29,3.3,177.0,CCCC
2023-07-10 08:02:00,3.48,3.48,3.3,3.3,7.0,CCCC
2023-07-10 08:01:00,3.328,3.46,3.279,3.3,2771.0,CCCC
2023-07-10 08:00:00,3.29,3.337,3.29,3.33,9999.0,CCCC
2023-07-10 07:28:00,3.35,3.36,3.35,3.36,7.0,CCCC
2023-07-10 07:18:00,3.32,3.33,3.32,3.33,739.0,CCCC
2023-07-10 07:08:00,3.29,3.29,3.29,3.29,400.0,CCCC
2023-07-10 07:05:00,3.3,3.3,3.3,3.3,12.0,CCCC
2023-07-10 07:00:00,3.32,3.32,3.32,3.32,100.0,CCCC
2023-07-10 06:59:00,3.32,3.32,3.29,3.29,168.0,CCCC
2023-07-10 06:24:00,3.29,3.29,3.29,3.29,3.0,CCCC
2023-07-10 05:55:00,3.32,3.32,3.32,3.32,1.0,CCCC
2023-07-10 05:54:00,3.28,3.28,3.28,3.28,41.0,CCCC
2023-07-10 05:16:00,3.28,3.28,3.28,3.28,159.0,CCCC
2023-07-10 05:14:00,3.3,3.3,3.3,3.3,10.0,CCCC
2023-07-10 05:13:00,3.28,3.3,3.28,3.3,331.0,CCCC
2023-07-10 05:12:00,3.28,3.28,3.28,3.28,2.0,CCCC
2023-07-10 05:11:00,3.28,3.28,3.28,3.28,100.0,CCCC
2023-07-10 05:10:00,3.29,3.29,3.27,3.27,2374.0,CCCC
2023-07-10 05:09:00,3.29,3.29,3.29,3.29,3.0,CCCC
2023-07-10 04:39:00,3.3,3.3,3.3,3.3,10.0,CCCC
2023-07-10 04:33:00,3.3,3.3,3.3,3.3,12.0,CCCC
2023-07-10 04:32:00,3.3,3.3,3.3,3.3,14.0,CCCC
2023-07-10 04:30:00,3.3,3.3,3.3,3.3,5.0,CCCC
2023-07-10 04:22:00,3.3,3.3,3.3,3.3,100.0,CCCC
2023-07-10 04:20:00,3.3,3.3,3.3,3.3,1.0,CCCC
2023-07-10 04:08:00,3.3,3.3,3.3,3.3,100.0,CCCC
2023-07-10 04:07:00,3.31,3.31,3.3,3.3,403.0,CCCC
2023-07-10 04:00:00,3.35,3.35,3.35,3.35,1.0,CCCC
2023-07-07 19:55:00,3.35,3.35,3.32,3.32,1104.0,CCCC
2023-07-07 19:40:00,3.35,3.35,3.35,3.35,4000.0,CCCC
2023-07-07 19:33:00,3.36,3.36,3.36,3.36,500.0,CCCC
2023-07-07 19:24:00,3.36,3.36,3.36,3.36,10.0,CCCC
2023-07-07 19:10:00,3.39,3.39,3.39,3.39,200.0,CCCC
2023-07-07 18:56:00,3.35,3.35,3.35,3.35,100.0,CCCC
2023-07-07 18:55:00,3.35,3.35,3.35,3.35,300.0,CCCC
2023-07-07 18:52:00,3.41,3.41,3.41,3.41,174.0,CCCC
2023-07-07 18:50:00,3.41,3.41,3.41,3.41,3000.0,CCCC
2023-07-07 18:32:00,3.45,3.45,3.45,3.45,500.0,CCCC
2023-07-07 18:21:00,3.45,3.45,3.45,3.45,5.0,CCCC
2023-07-07 18:14:00,3.35,3.35,3.35,3.35,1448.0,CCCC
2023-07-07 17:54:00,3.38,3.38,3.36,3.36,27.0,CCCC
2023-07-07 17:52:00,3.41,3.45,3.41,3.45,526.0,CCCC
2023-07-07 17:30:00,3.38,3.42,3.38,3.38,222.0,CCCC
2023-07-07 17:28:00,3.448,3.449,3.449,3.449,3.0,CCCC
2023-07-07 17:27:00,3.45,3.45,3.45,3.45,1.0,CCCC
2023-07-07 17:23:00,3.42,3.42,3.42,3.42,8.0,CCCC
2023-07-07 17:21:00,3.381,3.381,3.382,3.382,205.0,CCCC
2023-07-07 17:09:00,3.38,3.45,3.38,3.38,113.0,CCCC
2023-07-07 17:08:00,3.37,3.37,3.37,3.37,2.0,CCCC
2023-07-07 17:05:00,3.362,3.362,3.363,3.363,8.0,CCCC
2023-07-07 17:04:00,3.38,3.38,3.38,3.38,4.0,CCCC
2023-07-07 17:01:00,3.378,3.378,3.379,3.379,10.0,CCCC
2023-07-07 17:00:00,3.37,3.37,3.37,3.37,15.0,CCCC
2023-07-07 16:54:00,3.38,3.38,3.37,3.37,97.0,CCCC
2023-07-07 16:50:00,3.38,3.38,3.38,3.38,10.0,CCCC
2023-07-07 16:48:00,3.38,3.38,3.38,3.38,2.0,CCCC
2023-07-07 16:46:00,3.448,3.449,3.449,3.449,3.0,CCCC
2023-07-07 16:39:00,3.371,3.372,3.372,3.372,100.0,CCCC
2023-07-07 16:24:00,3.37,3.37,3.37,3.37,35.0,CCCC
2023-07-07 16:22:00,3.361,3.362,3.362,3.362,21.0,CCCC
2023-07-07 16:20:00,3.361,3.362,3.362,3.362,13.0,CCCC
2023-07-07 16:17:00,3.36,3.36,3.36,3.36,250.0,CCCC
2023-07-07 16:09:00,3.351,3.352,3.352,3.352,1.0,CCCC
2023-07-07 16:05:00,3.45,3.45,3.45,3.45,23.0,CCCC
2023-07-07 16:04:00,3.4,3.4,3.4,3.4,1.0,CCCC
2023-07-07 16:03:00,3.45,3.45,3.45,3.45,9.0,CCCC
2023-07-07 16:00:00,3.37,3.376,3.37,3.37,28823.0,CCCC
2023-07-07 15:59:00,3.365,3.39,3.365,3.376,29699.0,CCCC
2023-07-07 15:58:00,3.365,3.37,3.361,3.363,13206.0,CCCC
2023-07-07 15:57:00,3.37,3.37,3.365,3.37,4216.0,CCCC
2023-07-07 15:56:00,3.365,3.38,3.365,3.365,12926.0,CCCC
2023-07-07 15:55:00,3.385,3.385,3.36,3.365,12836.0,CCCC
2023-07-07 15:54:00,3.38,3.385,3.38,3.385,3385.0,CCCC
2023-07-07 15:53:00,3.39,3.39,3.38,3.385,4608.0,CCCC
2023-07-07 15:52:00,3.4,3.4,3.38,3.385,3582.0,CCCC
2023-07-07 15:51:00,3.39,3.4,3.39,3.39,10752.0,CCCC
2023-07-07 15:50:00,3.39,3.395,3.38,3.385,5337.0,CCCC
2023-07-07 15:49:00,3.395,3.4,3.393,3.4,8538.0,CCCC
2023-07-07 15:48:00,3.395,3.395,3.38,3.39,5631.0,CCCC
2023-07-07 15:47:00,3.395,3.395,3.395,3.395,310.0,CCCC
2023-07-07 15:46:00,3.395,3.4,3.39,3.4,6363.0,CCCC
2023-07-07 15:45:00,3.378,3.45,3.375,3.4,89792.0,CCCC
2023-07-07 15:44:00,3.375,3.375,3.375,3.375,385.0,CCCC
2023-07-07 15:43:00,3.375,3.375,3.375,3.375,819.0,CCCC
2023-07-07 15:42:00,3.37,3.375,3.37,3.37,6668.0,CCCC
2023-07-07 15:41:00,3.365,3.37,3.36,3.37,11893.0,CCCC
2023-07-07 15:40:00,3.365,3.37,3.365,3.37,4157.0,CCCC
2023-07-07 15:39:00,3.37,3.37,3.36,3.365,752.0,CCCC
2023-07-07 15:38:00,3.358,3.365,3.359,3.362,3016.0,CCCC
2023-07-07 15:37:00,3.355,3.355,3.355,3.355,362.0,CCCC
2023-07-07 15:36:00,3.355,3.365,3.355,3.355,12076.0,CCCC
2023-07-07 15:35:00,3.355,3.359,3.355,3.359,429.0,CCCC
2023-07-07 15:34:00,3.355,3.355,3.355,3.355,254.0,CCCC
2023-07-07 15:33:00,3.345,3.355,3.345,3.355,2854.0,CCCC
2023-07-07 15:32:00,3.355,3.355,3.345,3.35,2447.0,CCCC
2023-07-07 15:31:00,3.355,3.355,3.355,3.355,249.0,CCCC
2023-07-07 15:30:00,3.355,3.355,3.355,3.355,540.0,CCCC
2023-07-07 15:29:00,3.36,3.37,3.35,3.35,9942.0,CCCC
2023-07-07 15:28:00,3.325,3.35,3.325,3.35,16120.0,CCCC
2023-07-07 15:27:00,3.33,3.33,3.32,3.325,6220.0,CCCC
2023-07-07 15:26:00,3.335,3.335,3.335,3.335,247.0,CCCC
2023-07-07 15:24:00,3.345,3.345,3.33,3.335,1336.0,CCCC
2023-07-07 15:23:00,3.343,3.345,3.34,3.345,1252.0,CCCC
2023-07-07 15:22:00,3.335,3.34,3.335,3.34,3446.0,CCCC
2023-07-07 15:21:00,3.335,3.335,3.335,3.335,500.0,CCCC
2023-07-07 15:20:00,3.335,3.335,3.335,3.335,1914.0,CCCC
2023-07-07 15:18:00,3.335,3.335,3.335,3.335,248.0,CCCC
2023-07-07 15:17:00,3.33,3.335,3.33,3.335,4004.0,CCCC
2023-07-07 15:16:00,3.338,3.339,3.339,3.339,240.0,CCCC
2023-07-07 15:15:00,3.33,3.34,3.33,3.335,4848.0,CCCC
2023-07-07 15:14:00,3.315,3.32,3.315,3.32,4486.0,CCCC
2023-07-07 15:13:00,3.32,3.32,3.31,3.31,3450.0,CCCC
2023-07-07 15:12:00,3.3,3.32,3.295,3.314,14811.0,CCCC
2023-07-07 15:11:00,3.3,3.3,3.29,3.3,9715.0,CCCC
2023-07-07 15:10:00,3.305,3.305,3.295,3.3,31154.0,CCCC
2023-07-07 15:09:00,3.305,3.305,3.3,3.305,713.0,CCCC
2023-07-07 15:08:00,3.305,3.305,3.305,3.305,256.0,CCCC
2023-07-07 15:07:00,3.305,3.305,3.305,3.305,935.0,CCCC
2023-07-07 15:06:00,3.305,3.305,3.3,3.305,429.0,CCCC
2023-07-07 15:05:00,3.31,3.31,3.305,3.305,2420.0,CCCC
2023-07-07 15:04:00,3.307,3.307,3.305,3.305,894.0,CCCC
2023-07-07 15:03:00,3.305,3.305,3.305,3.305,2778.0,CCCC
2023-07-07 15:02:00,3.31,3.31,3.3,3.309,3289.0,CCCC
2023-07-07 15:01:00,3.305,3.31,3.305,3.31,926.0,CCCC
2023-07-07 15:00:00,3.325,3.339,3.305,3.305,4263.0,CCCC
2023-07-07 14:59:00,3.3,3.322,3.3,3.322,12361.0,CCCC
2023-07-07 14:58:00,3.315,3.315,3.28,3.295,15409.0,CCCC
2023-07-07 14:57:00,3.315,3.315,3.31,3.31,1017.0,CCCC
2023-07-07 14:56:00,3.318,3.319,3.311,3.315,1326.0,CCCC
2023-07-07 14:55:00,3.315,3.319,3.315,3.315,6595.0,CCCC
2023-07-07 14:54:00,3.319,3.319,3.311,3.311,1424.0,CCCC
2023-07-07 14:53:00,3.32,3.32,3.31,3.31,2923.0,CCCC
2023-07-07 14:52:00,3.33,3.33,3.31,3.32,7069.0,CCCC
2023-07-07 14:51:00,3.33,3.33,3.33,3.33,5080.0,CCCC
2023-07-07 14:50:00,3.32,3.32,3.32,3.32,222.0,CCCC
2023-07-07 14:49:00,3.315,3.325,3.315,3.321,3369.0,CCCC
2023-07-07 14:48:00,3.34,3.34,3.31,3.315,9169.0,CCCC
2023-07-07 14:47:00,3.345,3.345,3.34,3.345,3870.0,CCCC
2023-07-07 14:46:00,3.35,3.35,3.345,3.345,431.0,CCCC
2023-07-07 14:45:00,3.337,3.345,3.337,3.345,4867.0,CCCC
2023-07-07 14:44:00,3.339,3.339,3.335,3.339,2845.0,CCCC
2023-07-07 14:43:00,3.335,3.339,3.335,3.339,788.0,CCCC
2023-07-07 14:42:00,3.34,3.34,3.331,3.335,1680.0,CCCC
2023-07-07 14:41:00,3.34,3.34,3.335,3.335,393.0,CCCC
2023-07-07 14:40:00,3.335,3.34,3.33,3.34,7128.0,CCCC
2023-07-07 14:39:00,3.35,3.35,3.335,3.34,9007.0,CCCC
2023-07-07 14:38:00,3.358,3.359,3.355,3.355,475.0,CCCC
2023-07-07 14:37:00,3.351,3.355,3.35,3.355,1802.0,CCCC
2023-07-07 14:36:00,3.375,3.375,3.36,3.36,2763.0,CCCC
2023-07-07 14:35:00,3.375,3.375,3.375,3.375,685.0,CCCC
2023-07-07 14:34:00,3.375,3.375,3.37,3.375,1094.0,CCCC
2023-07-07 14:33:00,3.375,3.379,3.375,3.379,651.0,CCCC
2023-07-07 14:32:00,3.37,3.375,3.37,3.375,1251.0,CCCC
2023-07-07 14:31:00,3.379,3.38,3.371,3.375,1134.0,CCCC
2023-07-07 14:30:00,3.355,3.37,3.352,3.37,2272.0,CCCC
2023-07-07 14:29:00,3.36,3.36,3.355,3.355,2381.0,CCCC
2023-07-07 14:28:00,3.36,3.36,3.352,3.359,1459.0,CCCC
2023-07-07 14:27:00,3.375,3.375,3.36,3.36,2839.0,CCCC
2023-07-07 14:26:00,3.38,3.38,3.38,3.38,489.0,CCCC
2023-07-07 14:25:00,3.378,3.379,3.375,3.379,1298.0,CCCC
2023-07-07 14:24:00,3.375,3.381,3.37,3.38,5615.0,CCCC
2023-07-07 14:23:00,3.365,3.379,3.365,3.375,3037.0,CCCC
2023-07-07 14:22:00,3.37,3.37,3.36,3.36,1127.0,CCCC
2023-07-07 14:21:00,3.36,3.37,3.36,3.365,3516.0,CCCC
2023-07-07 14:20:00,3.365,3.365,3.36,3.36,6813.0,CCCC
2023-07-07 14:19:00,3.365,3.37,3.365,3.365,854.0,CCCC
2023-07-07 14:18:00,3.37,3.37,3.365,3.37,445.0,CCCC
2023-07-07 14:17:00,3.37,3.37,3.36,3.369,4666.0,CCCC
2023-07-07 14:16:00,3.37,3.375,3.355,3.37,3873.0,CCCC
2023-07-07 14:15:00,3.385,3.385,3.38,3.38,2311.0,CCCC
2023-07-07 14:14:00,3.385,3.385,3.375,3.38,5200.0,CCCC
2023-07-07 14:13:00,3.38,3.38,3.38,3.38,532.0,CCCC
2023-07-07 14:12:00,3.39,3.39,3.385,3.385,723.0,CCCC
2023-07-07 14:11:00,3.39,3.39,3.39,3.39,1438.0,CCCC
2023-07-07 14:10:00,3.405,3.405,3.4,3.4,499.0,CCCC
2023-07-07 14:09:00,3.4,3.4,3.4,3.4,1491.0,CCCC
2023-07-07 14:08:00,3.41,3.41,3.405,3.405,714.0,CCCC
2023-07-07 14:07:00,3.439,3.439,3.4,3.4,5005.0,CCCC
2023-07-07 14:06:00,3.435,3.44,3.435,3.439,2200.0,CCCC
2023-07-07 14:05:00,3.43,3.435,3.43,3.435,3580.0,CCCC
2023-07-07 14:04:00,3.4,3.435,3.4,3.43,20831.0,CCCC
2023-07-07 14:03:00,3.4,3.4,3.38,3.395,14093.0,CCCC
2023-07-07 14:02:00,3.39,3.4,3.39,3.391,4008.0,CCCC
2023-07-07 14:01:00,3.38,3.38,3.38,3.38,1048.0,CCCC
2023-07-07 14:00:00,3.375,3.385,3.35,3.385,9029.0,CCCC
2023-07-07 13:59:00,3.37,3.375,3.37,3.375,6288.0,CCCC
2023-07-07 13:58:00,3.371,3.375,3.36,3.36,2077.0,CCCC
2023-07-07 13:57:00,3.38,3.39,3.37,3.37,5235.0,CCCC
2023-07-07 13:56:00,3.365,3.38,3.365,3.379,7329.0,CCCC
2023-07-07 13:55:00,3.385,3.385,3.36,3.37,5031.0,CCCC
2023-07-07 13:54:00,3.38,3.38,3.38,3.38,304.0,CCCC
2023-07-07 13:53:00,3.41,3.415,3.38,3.385,19623.0,CCCC
2023-07-07 13:52:00,3.421,3.425,3.41,3.41,4185.0,CCCC
2023-07-07 13:51:00,3.425,3.425,3.425,3.425,110.0,CCCC
2023-07-07 13:50:00,3.435,3.435,3.425,3.425,1252.0,CCCC
2023-07-07 13:49:00,3.425,3.435,3.425,3.435,3144.0,CCCC
2023-07-07 13:48:00,3.425,3.425,3.425,3.425,478.0,CCCC
2023-07-07 13:47:00,3.425,3.429,3.425,3.425,571.0,CCCC
2023-07-07 13:46:00,3.42,3.432,3.42,3.43,4295.0,CCCC
2023-07-07 13:45:00,3.425,3.425,3.42,3.42,510.0,CCCC
2023-07-07 13:44:00,3.425,3.425,3.425,3.425,128.0,CCCC
2023-07-07 13:43:00,3.421,3.43,3.42,3.425,2756.0,CCCC
2023-07-07 13:42:00,3.43,3.43,3.42,3.425,943.0,CCCC
2023-07-07 13:40:00,3.425,3.43,3.42,3.43,1861.0,CCCC
2023-07-07 13:39:00,3.42,3.42,3.42,3.42,139.0,CCCC
2023-07-07 13:38:00,3.425,3.425,3.421,3.424,1461.0,CCCC
2023-07-07 13:37:00,3.43,3.43,3.42,3.42,2050.0,CCCC
2023-07-07 13:36:00,3.455,3.455,3.44,3.44,7897.0,CCCC
2023-07-07 13:35:00,3.45,3.45,3.45,3.45,2096.0,CCCC
2023-07-07 13:34:00,3.45,3.46,3.45,3.45,1792.0,CCCC
2023-07-07 13:33:00,3.45,3.455,3.45,3.455,501.0,CCCC
2023-07-07 13:32:00,3.455,3.459,3.455,3.459,525.0,CCCC
2023-07-07 13:31:00,3.46,3.46,3.451,3.455,1620.0,CCCC
2023-07-07 13:30:00,3.45,3.455,3.45,3.452,870.0,CCCC
2023-07-07 13:29:00,3.45,3.45,3.45,3.45,563.0,CCCC
2023-07-07 13:28:00,3.44,3.45,3.435,3.445,7193.0,CCCC
2023-07-07 13:27:00,3.449,3.449,3.449,3.449,864.0,CCCC
2023-07-07 13:26:00,3.455,3.455,3.45,3.45,3719.0,CCCC
2023-07-07 13:25:00,3.449,3.465,3.441,3.465,5057.0,CCCC
2023-07-07 13:24:00,3.455,3.455,3.445,3.45,4842.0,CCCC
2023-07-07 13:23:00,3.455,3.455,3.452,3.455,353.0,CCCC
2023-07-07 13:22:00,3.455,3.455,3.455,3.455,458.0,CCCC
2023-07-07 13:20:00,3.45,3.465,3.45,3.455,4062.0,CCCC
2023-07-07 13:19:00,3.445,3.445,3.445,3.445,555.0,CCCC
2023-07-07 13:18:00,3.455,3.455,3.445,3.45,2952.0,CCCC
2023-07-07 13:17:00,3.455,3.458,3.45,3.452,2382.0,CCCC
2023-07-07 13:16:00,3.458,3.459,3.45,3.45,2813.0,CCCC
2023-07-07 13:15:00,3.45,3.455,3.449,3.455,1507.0,CCCC
2023-07-07 13:13:00,3.45,3.459,3.45,3.455,2671.0,CCCC
2023-07-07 13:12:00,3.44,3.445,3.44,3.445,2476.0,CCCC
2023-07-07 13:11:00,3.445,3.445,3.44,3.445,604.0,CCCC
2023-07-07 13:10:00,3.45,3.45,3.45,3.45,1041.0,CCCC
2023-07-07 13:09:00,3.45,3.455,3.45,3.45,851.0,CCCC
2023-07-07 13:08:00,3.45,3.455,3.44,3.45,2160.0,CCCC
2023-07-07 13:07:00,3.46,3.47,3.445,3.45,6876.0,CCCC
2023-07-07 13:06:00,3.435,3.459,3.435,3.459,5490.0,CCCC
2023-07-07 13:05:00,3.43,3.435,3.43,3.435,2296.0,CCCC
2023-07-07 13:04:00,3.47,3.47,3.43,3.435,16335.0,CCCC
2023-07-07 13:03:00,3.471,3.472,3.47,3.47,742.0,CCCC
2023-07-07 13:02:00,3.475,3.475,3.475,3.475,1239.0,CCCC
2023-07-07 13:01:00,3.505,3.505,3.47,3.472,20163.0,CCCC
2023-07-07 13:00:00,3.52,3.52,3.509,3.509,3973.0,CCCC
2023-07-07 12:59:00,3.515,3.515,3.515,3.515,184.0,CCCC
2023-07-07 12:58:00,3.52,3.52,3.511,3.515,527.0,CCCC
2023-07-07 12:57:00,3.52,3.52,3.515,3.52,1820.0,CCCC
2023-07-07 12:56:00,3.52,3.52,3.52,3.52,280.0,CCCC
2023-07-07 12:55:00,3.51,3.52,3.51,3.52,1925.0,CCCC
2023-07-07 12:53:00,3.511,3.515,3.511,3.515,801.0,CCCC
2023-07-07 12:52:00,3.519,3.519,3.511,3.515,465.0,CCCC
2023-07-07 12:51:00,3.51,3.515,3.51,3.512,1820.0,CCCC
2023-07-07 12:50:00,3.5,3.505,3.5,3.505,301.0,CCCC
2023-07-07 12:49:00,3.51,3.51,3.505,3.505,448.0,CCCC
2023-07-07 12:48:00,3.54,3.54,3.51,3.51,6043.0,CCCC
2023-07-07 12:47:00,3.54,3.54,3.539,3.539,288.0,CCCC
2023-07-07 12:46:00,3.525,3.539,3.525,3.535,4206.0,CCCC
2023-07-07 12:45:00,3.528,3.53,3.525,3.53,1450.0,CCCC
2023-07-07 12:44:00,3.525,3.525,3.525,3.525,344.0,CCCC
2023-07-07 12:43:00,3.52,3.52,3.52,3.52,2425.0,CCCC
2023-07-07 12:42:00,3.51,3.52,3.51,3.52,1446.0,CCCC
2023-07-07 12:41:00,3.495,3.505,3.495,3.505,3075.0,CCCC
2023-07-07 12:40:00,3.51,3.51,3.49,3.49,11486.0,CCCC
2023-07-07 12:39:00,3.521,3.525,3.51,3.51,3771.0,CCCC
2023-07-07 12:38:00,3.52,3.52,3.52,3.52,588.0,CCCC
2023-07-07 12:37:00,3.525,3.525,3.525,3.525,326.0,CCCC
2023-07-07 12:36:00,3.51,3.525,3.51,3.525,5498.0,CCCC
2023-07-07 12:35:00,3.53,3.545,3.515,3.52,11296.0,CCCC
2023-07-07 12:34:00,3.539,3.539,3.539,3.539,1180.0,CCCC
2023-07-07 12:31:00,3.535,3.535,3.535,3.535,300.0,CCCC
2023-07-07 12:30:00,3.531,3.535,3.531,3.535,2053.0,CCCC
2023-07-07 12:29:00,3.535,3.535,3.535,3.535,430.0,CCCC
2023-07-07 12:28:00,3.541,3.545,3.53,3.53,5173.0,CCCC
2023-07-07 12:27:00,3.54,3.54,3.54,3.54,474.0,CCCC
2023-07-07 12:26:00,3.545,3.549,3.545,3.545,1037.0,CCCC
2023-07-07 12:25:00,3.539,3.545,3.539,3.545,3220.0,CCCC
2023-07-07 12:24:00,3.535,3.535,3.53,3.535,668.0,CCCC
2023-07-07 12:23:00,3.531,3.531,3.531,3.531,100.0,CCCC
2023-07-07 12:22:00,3.545,3.545,3.53,3.537,3873.0,CCCC
2023-07-07 12:21:00,3.55,3.55,3.545,3.545,427.0,CCCC
2023-07-07 12:20:00,3.55,3.55,3.541,3.541,1489.0,CCCC
2023-07-07 12:19:00,3.55,3.55,3.54,3.545,2552.0,CCCC
2023-07-07 12:18:00,3.57,3.57,3.549,3.549,4773.0,CCCC
2023-07-07 12:17:00,3.56,3.57,3.56,3.57,760.0,CCCC
2023-07-07 12:16:00,3.58,3.58,3.57,3.57,2805.0,CCCC
2023-07-07 12:15:00,3.58,3.585,3.579,3.579,2712.0,CCCC
2023-07-07 12:14:00,3.58,3.58,3.575,3.575,1827.0,CCCC
2023-07-07 12:12:00,3.559,3.571,3.559,3.57,10456.0,CCCC
2023-07-07 12:11:00,3.6,3.6,3.552,3.552,12388.0,CCCC
2023-07-07 12:10:00,3.615,3.615,3.61,3.61,5049.0,CCCC
2023-07-07 12:08:00,3.615,3.615,3.615,3.615,103.0,CCCC
2023-07-07 12:07:00,3.62,3.62,3.615,3.615,1302.0,CCCC
2023-07-07 12:06:00,3.625,3.625,3.622,3.623,1039.0,CCCC
2023-07-07 12:05:00,3.63,3.64,3.62,3.63,3667.0,CCCC
2023-07-07 12:04:00,3.628,3.63,3.629,3.63,802.0,CCCC
2023-07-07 12:03:00,3.615,3.63,3.615,3.63,2317.0,CCCC
2023-07-07 12:02:00,3.635,3.635,3.61,3.61,3955.0,CCCC
2023-07-07 12:01:00,3.629,3.64,3.629,3.64,5666.0,CCCC
2023-07-07 12:00:00,3.68,3.68,3.63,3.63,18227.0,CCCC
2023-07-07 11:59:00,3.68,3.68,3.68,3.68,831.0,CCCC
2023-07-07 11:58:00,3.67,3.68,3.67,3.68,2170.0,CCCC
2023-07-07 11:57:00,3.68,3.68,3.675,3.675,2163.0,CCCC
2023-07-07 11:56:00,3.675,3.68,3.671,3.68,2745.0,CCCC
2023-07-07 11:55:00,3.675,3.675,3.675,3.675,601.0,CCCC
2023-07-07 11:54:00,3.675,3.675,3.675,3.675,456.0,CCCC
2023-07-07 11:53:00,3.675,3.675,3.675,3.675,332.0,CCCC
2023-07-07 11:52:00,3.675,3.68,3.675,3.679,3175.0,CCCC
2023-07-07 11:51:00,3.675,3.675,3.675,3.675,1103.0,CCCC
2023-07-07 11:50:00,3.68,3.68,3.68,3.68,938.0,CCCC
2023-07-07 11:49:00,3.68,3.68,3.679,3.68,1018.0,CCCC
2023-07-07 11:48:00,3.665,3.685,3.665,3.68,12170.0,CCCC
2023-07-07 11:47:00,3.66,3.67,3.66,3.669,4852.0,CCCC
2023-07-07 11:46:00,3.65,3.66,3.65,3.66,924.0,CCCC
2023-07-07 11:45:00,3.658,3.66,3.651,3.655,1075.0,CCCC
2023-07-07 11:44:00,3.65,3.66,3.65,3.652,9375.0,CCCC
2023-07-07 11:43:00,3.655,3.66,3.655,3.66,684.0,CCCC
2023-07-07 11:42:00,3.655,3.655,3.655,3.655,273.0,CCCC
2023-07-07 11:41:00,3.645,3.655,3.645,3.655,1388.0,CCCC
2023-07-07 11:40:00,3.648,3.65,3.64,3.65,2385.0,CCCC
2023-07-07 11:39:00,3.64,3.645,3.64,3.645,644.0,CCCC
2023-07-07 11:38:00,3.64,3.645,3.64,3.645,824.0,CCCC
2023-07-07 11:37:00,3.65,3.65,3.65,3.65,226.0,CCCC
2023-07-07 11:36:00,3.645,3.65,3.645,3.65,503.0,CCCC
2023-07-07 11:35:00,3.65,3.65,3.645,3.645,201.0,CCCC
2023-07-07 11:34:00,3.641,3.649,3.64,3.64,1507.0,CCCC
2023-07-07 11:33:00,3.66,3.66,3.65,3.65,7350.0,CCCC
2023-07-07 11:32:00,3.65,3.66,3.65,3.66,1690.0,CCCC
2023-07-07 11:31:00,3.645,3.66,3.645,3.66,10011.0,CCCC
2023-07-07 11:30:00,3.641,3.645,3.642,3.645,821.0,CCCC
2023-07-07 11:29:00,3.645,3.649,3.645,3.649,1206.0,CCCC
2023-07-07 11:28:00,3.645,3.645,3.645,3.645,450.0,CCCC
2023-07-07 11:27:00,3.645,3.645,3.645,3.645,461.0,CCCC
2023-07-07 11:24:00,3.635,3.645,3.635,3.645,3828.0,CCCC
2023-07-07 11:23:00,3.635,3.635,3.632,3.635,600.0,CCCC
2023-07-07 11:22:00,3.65,3.655,3.63,3.63,5052.0,CCCC
2023-07-07 11:21:00,3.665,3.665,3.655,3.655,8423.0,CCCC
2023-07-07 11:20:00,3.665,3.67,3.661,3.661,2950.0,CCCC
2023-07-07 11:19:00,3.67,3.67,3.665,3.665,1138.0,CCCC
2023-07-07 11:18:00,3.67,3.67,3.665,3.67,649.0,CCCC
2023-07-07 11:17:00,3.661,3.665,3.662,3.665,808.0,CCCC
2023-07-07 11:16:00,3.665,3.665,3.665,3.665,519.0,CCCC
2023-07-07 11:15:00,3.67,3.67,3.66,3.665,2354.0,CCCC
2023-07-07 11:14:00,3.67,3.67,3.67,3.67,172.0,CCCC
2023-07-07 11:13:00,3.66,3.67,3.66,3.662,1970.0,CCCC
2023-07-07 11:12:00,3.66,3.66,3.66,3.66,575.0,CCCC
2023-07-07 11:11:00,3.66,3.66,3.655,3.655,953.0,CCCC
2023-07-07 11:10:00,3.661,3.665,3.657,3.657,3276.0,CCCC
2023-07-07 11:09:00,3.665,3.665,3.665,3.665,809.0,CCCC
2023-07-07 11:08:00,3.68,3.68,3.66,3.66,2767.0,CCCC
2023-07-07 11:07:00,3.69,3.69,3.685,3.685,697.0,CCCC
2023-07-07 11:06:00,3.69,3.695,3.68,3.695,6542.0,CCCC
2023-07-07 11:05:00,3.675,3.685,3.675,3.685,1895.0,CCCC
2023-07-07 11:04:00,3.675,3.675,3.675,3.675,760.0,CCCC
2023-07-07 11:03:00,3.671,3.675,3.67,3.67,657.0,CCCC
2023-07-07 11:02:00,3.68,3.68,3.68,3.68,3142.0,CCCC
2023-07-07 11:01:00,3.69,3.69,3.681,3.681,656.0,CCCC
2023-07-07 11:00:00,3.688,3.69,3.685,3.69,2835.0,CCCC
2023-07-07 10:59:00,3.685,3.685,3.685,3.685,237.0,CCCC
2023-07-07 10:58:00,3.68,3.69,3.68,3.685,1960.0,CCCC
2023-07-07 10:57:00,3.675,3.68,3.67,3.68,2245.0,CCCC
2023-07-07 10:56:00,3.67,3.675,3.67,3.675,3526.0,CCCC
2023-07-07 10:55:00,3.67,3.67,3.67,3.67,651.0,CCCC
2023-07-07 10:54:00,3.66,3.665,3.66,3.665,1171.0,CCCC
2023-07-07 10:52:00,3.665,3.665,3.665,3.665,594.0,CCCC
2023-07-07 10:51:00,3.67,3.67,3.67,3.67,504.0,CCCC
2023-07-07 10:50:00,3.66,3.662,3.66,3.662,3228.0,CCCC
2023-07-07 10:49:00,3.67,3.67,3.655,3.655,1998.0,CCCC
2023-07-07 10:48:00,3.675,3.68,3.67,3.67,1086.0,CCCC
2023-07-07 10:47:00,3.68,3.68,3.67,3.67,871.0,CCCC
2023-07-07 10:46:00,3.671,3.675,3.67,3.675,1041.0,CCCC
2023-07-07 10:45:00,3.675,3.675,3.675,3.675,642.0,CCCC
2023-07-07 10:44:00,3.668,3.679,3.669,3.675,6074.0,CCCC
2023-07-07 10:43:00,3.66,3.664,3.66,3.664,2455.0,CCCC
2023-07-07 10:42:00,3.635,3.655,3.635,3.655,2037.0,CCCC
2023-07-07 10:41:00,3.635,3.64,3.635,3.64,1061.0,CCCC
2023-07-07 10:40:00,3.625,3.64,3.625,3.63,1887.0,CCCC
2023-07-07 10:39:00,3.625,3.625,3.62,3.625,1967.0,CCCC
2023-07-07 10:38:00,3.622,3.622,3.622,3.622,608.0,CCCC
2023-07-07 10:37:00,3.621,3.621,3.615,3.62,4657.0,CCCC
2023-07-07 10:36:00,3.621,3.63,3.62,3.625,1660.0,CCCC
2023-07-07 10:35:00,3.625,3.63,3.61,3.63,2428.0,CCCC
2023-07-07 10:34:00,3.661,3.665,3.62,3.62,8229.0,CCCC
2023-07-07 10:33:00,3.655,3.665,3.65,3.665,2248.0,CCCC
2023-07-07 10:32:00,3.66,3.665,3.65,3.65,3418.0,CCCC
2023-07-07 10:31:00,3.655,3.66,3.655,3.66,771.0,CCCC
2023-07-07 10:30:00,3.69,3.69,3.645,3.659,5562.0,CCCC
2023-07-07 10:29:00,3.69,3.695,3.685,3.695,4404.0,CCCC
2023-07-07 10:28:00,3.68,3.69,3.67,3.69,1937.0,CCCC
2023-07-07 10:27:00,3.66,3.68,3.66,3.68,2597.0,CCCC
2023-07-07 10:26:00,3.645,3.66,3.645,3.66,5824.0,CCCC
2023-07-07 10:25:00,3.65,3.65,3.641,3.641,1734.0,CCCC
2023-07-07 10:24:00,3.66,3.66,3.649,3.649,6220.0,CCCC
2023-07-07 10:23:00,3.63,3.66,3.63,3.659,3605.0,CCCC
2023-07-07 10:22:00,3.61,3.625,3.61,3.625,3199.0,CCCC
2023-07-07 10:21:00,3.61,3.61,3.6,3.605,2968.0,CCCC
2023-07-07 10:20:00,3.61,3.61,3.602,3.61,2742.0,CCCC
2023-07-07 10:19:00,3.62,3.62,3.609,3.609,4585.0,CCCC
2023-07-07 10:18:00,3.61,3.62,3.61,3.62,886.0,CCCC
2023-07-07 10:17:00,3.601,3.61,3.6,3.61,1156.0,CCCC
2023-07-07 10:16:00,3.615,3.635,3.605,3.61,4804.0,CCCC
2023-07-07 10:15:00,3.61,3.637,3.605,3.62,4815.0,CCCC
2023-07-07 10:14:00,3.605,3.61,3.6,3.61,1470.0,CCCC
2023-07-07 10:13:00,3.6,3.6,3.59,3.6,2050.0,CCCC
2023-07-07 10:12:00,3.585,3.59,3.585,3.59,3027.0,CCCC
2023-07-07 10:11:00,3.62,3.62,3.6,3.6,4337.0,CCCC
2023-07-07 10:10:00,3.59,3.62,3.59,3.61,6435.0,CCCC
2023-07-07 10:09:00,3.59,3.59,3.58,3.59,3376.0,CCCC
2023-07-07 10:08:00,3.54,3.58,3.54,3.58,3365.0,CCCC
2023-07-07 10:07:00,3.545,3.55,3.545,3.55,339.0,CCCC
2023-07-07 10:06:00,3.56,3.56,3.55,3.555,16000.0,CCCC
2023-07-07 10:05:00,3.568,3.57,3.54,3.56,13566.0,CCCC
2023-07-07 10:04:00,3.581,3.585,3.562,3.565,16996.0,CCCC
2023-07-07 10:03:00,3.618,3.618,3.57,3.585,25740.0,CCCC
2023-07-07 10:02:00,3.645,3.645,3.6,3.61,13377.0,CCCC
2023-07-07 10:01:00,3.63,3.65,3.63,3.645,5370.0,CCCC
2023-07-07 10:00:00,3.685,3.688,3.62,3.62,22147.0,CCCC
2023-07-07 09:59:00,3.675,3.69,3.67,3.685,15304.0,CCCC
2023-07-07 09:58:00,3.689,3.71,3.66,3.679,40012.0,CCCC
2023-07-07 09:57:00,3.67,3.69,3.645,3.685,17328.0,CCCC
2023-07-07 09:56:00,3.635,3.67,3.635,3.67,13445.0,CCCC
2023-07-07 09:55:00,3.614,3.65,3.614,3.645,12956.0,CCCC
2023-07-07 09:54:00,3.635,3.64,3.615,3.62,7409.0,CCCC
2023-07-07 09:53:00,3.608,3.64,3.609,3.64,5755.0,CCCC
2023-07-07 09:52:00,3.58,3.61,3.58,3.61,4124.0,CCCC
2023-07-07 09:51:00,3.58,3.58,3.58,3.58,648.0,CCCC
2023-07-07 09:50:00,3.58,3.59,3.57,3.58,5166.0,CCCC
2023-07-07 09:49:00,3.538,3.59,3.539,3.58,8810.0,CCCC
2023-07-07 09:48:00,3.53,3.535,3.53,3.53,1451.0,CCCC
2023-07-07 09:47:00,3.52,3.535,3.52,3.53,2858.0,CCCC
2023-07-07 09:46:00,3.53,3.54,3.51,3.52,5461.0,CCCC
2023-07-07 09:45:00,3.535,3.555,3.53,3.53,4879.0,CCCC
2023-07-07 09:44:00,3.565,3.565,3.53,3.53,8317.0,CCCC
2023-07-07 09:43:00,3.595,3.6,3.57,3.57,16936.0,CCCC
2023-07-07 09:42:00,3.59,3.605,3.59,3.595,11856.0,CCCC
2023-07-07 09:41:00,3.56,3.59,3.56,3.59,5431.0,CCCC
2023-07-07 09:40:00,3.56,3.56,3.54,3.56,11455.0,CCCC
2023-07-07 09:39:00,3.55,3.555,3.55,3.555,5294.0,CCCC
2023-07-07 09:38:00,3.548,3.55,3.54,3.55,3625.0,CCCC
2023-07-07 09:37:00,3.548,3.55,3.52,3.54,8908.0,CCCC
2023-07-07 09:36:00,3.54,3.56,3.54,3.549,4660.0,CCCC
2023-07-07 09:35:00,3.48,3.53,3.475,3.53,4824.0,CCCC
2023-07-07 09:34:00,3.52,3.54,3.5,3.509,5043.0,CCCC
2023-07-07 09:33:00,3.485,3.549,3.47,3.51,7903.0,CCCC
2023-07-07 09:32:00,3.56,3.575,3.45,3.47,36302.0,CCCC
2023-07-07 09:31:00,3.63,3.635,3.56,3.56,13319.0,CCCC
2023-07-07 09:30:00,3.66,3.715,3.63,3.63,19784.0,CCCC
2023-07-07 09:29:00,3.65,3.67,3.65,3.67,20.0,CCCC
2023-07-07 09:28:00,3.65,3.65,3.65,3.65,2.0,CCCC
2023-07-07 09:27:00,3.641,3.668,3.642,3.669,7.0,CCCC
2023-07-07 09:26:00,3.61,3.64,3.61,3.64,230.0,CCCC
2023-07-07 09:25:00,3.64,3.64,3.64,3.64,14.0,CCCC
2023-07-07 09:24:00,3.668,3.669,3.669,3.669,5.0,CCCC
2023-07-07 09:23:00,3.611,3.612,3.612,3.612,1.0,CCCC
2023-07-07 09:21:00,3.63,3.668,3.63,3.64,262.0,CCCC
2023-07-07 09:20:00,3.631,3.64,3.632,3.64,2.0,CCCC
2023-07-07 09:15:00,3.63,3.63,3.622,3.622,243.0,CCCC
2023-07-07 09:14:00,3.64,3.64,3.64,3.64,4.0,CCCC
2023-07-07 09:13:00,3.62,3.62,3.62,3.62,24.0,CCCC
2023-07-07 09:11:00,3.61,3.64,3.61,3.64,2.0,CCCC
2023-07-07 09:10:00,3.64,3.68,3.64,3.68,200.0,CCCC
2023-07-07 09:08:00,3.62,3.62,3.62,3.62,5.0,CCCC
2023-07-07 09:06:00,3.61,3.62,3.61,3.62,501.0,CCCC
2023-07-07 09:01:00,3.61,3.61,3.61,3.61,39.0,CCCC
2023-07-07 08:59:00,3.62,3.689,3.62,3.689,298.0,CCCC
2023-07-07 08:58:00,3.64,3.64,3.64,3.64,10.0,CCCC
2023-07-07 08:57:00,3.611,3.612,3.612,3.612,4.0,CCCC
2023-07-07 08:56:00,3.612,3.612,3.612,3.612,6.0,CCCC
2023-07-07 08:53:00,3.611,3.612,3.612,3.612,75.0,CCCC
2023-07-07 08:52:00,3.611,3.612,3.61,3.61,34.0,CCCC
2023-07-07 08:51:00,3.688,3.689,3.612,3.689,24.0,CCCC
2023-07-07 08:50:00,3.64,3.689,3.64,3.689,7.0,CCCC
2023-07-07 08:49:00,3.612,3.612,3.612,3.612,100.0,CCCC
2023-07-07 08:48:00,3.61,3.61,3.61,3.61,55.0,CCCC
2023-07-07 08:47:00,3.64,3.64,3.64,3.64,10.0,CCCC
2023-07-07 08:46:00,3.6,3.6,3.6,3.6,10.0,CCCC
2023-07-07 08:44:00,3.6,3.61,3.6,3.61,327.0,CCCC
2023-07-07 08:43:00,3.6,3.6,3.6,3.6,9.0,CCCC
2023-07-07 08:42:00,3.6,3.6,3.6,3.6,200.0,CCCC
2023-07-07 08:40:00,3.59,3.64,3.59,3.64,310.0,CCCC
2023-07-07 08:38:00,3.688,3.699,3.582,3.582,68.0,CCCC
2023-07-07 08:37:00,3.581,3.582,3.582,3.582,89.0,CCCC
2023-07-07 08:35:00,3.64,3.64,3.58,3.582,32531.0,CCCC
2023-07-07 08:34:00,3.63,3.63,3.63,3.63,127.0,CCCC
2023-07-07 08:31:00,3.621,3.622,3.622,3.622,20.0,CCCC
2023-07-07 08:29:00,3.621,3.622,3.622,3.622,100.0,CCCC
2023-07-07 08:22:00,3.63,3.689,3.622,3.622,213.0,CCCC
2023-07-07 08:21:00,3.688,3.689,3.689,3.689,1.0,CCCC
2023-07-07 08:18:00,3.63,3.64,3.63,3.64,650.0,CCCC
2023-07-07 08:16:00,3.621,3.622,3.622,3.622,134.0,CCCC
2023-07-07 08:15:00,3.621,3.622,3.622,3.622,154.0,CCCC
2023-07-07 08:14:00,3.62,3.62,3.62,3.62,86.0,CCCC
2023-07-07 08:12:00,3.621,3.622,3.622,3.622,1.0,CCCC
2023-07-07 08:10:00,3.6,3.629,3.6,3.629,11.0,CCCC
2023-07-07 08:08:00,3.59,3.629,3.58,3.629,203.0,CCCC
2023-07-07 08:07:00,3.628,3.629,3.582,3.582,43.0,CCCC
2023-07-07 08:05:00,3.611,3.612,3.612,3.612,470.0,CCCC
2023-07-07 08:03:00,3.64,3.68,3.6,3.612,215.0,CCCC
2023-07-07 08:02:00,3.65,3.73,3.53,3.6,3506.0,CCCC
2023-07-07 08:01:00,3.582,3.72,3.52,3.54,6984.0,CCCC
2023-07-07 08:00:00,3.6,3.61,3.59,3.59,4240.0,CCCC
2023-07-07 07:59:00,3.61,3.61,3.605,3.605,1011.0,CCCC
2023-07-07 07:56:00,3.61,3.61,3.61,3.61,300.0,CCCC
2023-07-07 07:52:00,3.62,3.62,3.62,3.62,15.0,CCCC
2023-07-07 07:43:00,3.6,3.6,3.6,3.6,30.0,CCCC
2023-07-07 07:40:00,3.62,3.62,3.62,3.62,15.0,CCCC
2023-07-07 07:36:00,3.61,3.61,3.61,3.61,10.0,CCCC
2023-07-07 07:30:00,3.61,3.62,3.61,3.62,50.0,CCCC
2023-07-07 07:29:00,3.61,3.61,3.61,3.61,1.0,CCCC
2023-07-07 07:26:00,3.61,3.61,3.6,3.6,161.0,CCCC
2023-07-07 07:24:00,3.61,3.61,3.61,3.61,4.0,CCCC
2023-07-07 07:21:00,3.61,3.61,3.61,3.61,1.0,CCCC
2023-07-07 07:19:00,3.61,3.61,3.61,3.61,15.0,CCCC
2023-07-07 07:15:00,3.6,3.6,3.6,3.6,10.0,CCCC
2023-07-07 07:11:00,3.63,3.63,3.63,3.63,30.0,CCCC
2023-07-07 07:09:00,3.6,3.6,3.6,3.6,10.0,CCCC
2023-07-07 07:08:00,3.63,3.63,3.63,3.63,400.0,CCCC
2023-07-07 07:05:00,3.62,3.63,3.62,3.63,22.0,CCCC
2023-07-07 07:01:00,3.63,3.63,3.63,3.63,400.0,CCCC
2023-07-07 06:37:00,3.63,3.63,3.63,3.63,1.0,CCCC
2023-07-07 06:35:00,3.62,3.63,3.62,3.63,308.0,CCCC
2023-07-07 06:21:00,3.61,3.61,3.59,3.59,97.0,CCCC
2023-07-07 06:17:00,3.62,3.63,3.62,3.63,200.0,CCCC
2023-07-07 06:13:00,3.61,3.63,3.61,3.62,322.0,CCCC
2023-07-07 06:12:00,3.6,3.62,3.6,3.6,100.0,CCCC
2023-07-07 06:05:00,3.6,3.6,3.6,3.6,150.0,CCCC
2023-07-07 06:03:00,3.58,3.59,3.58,3.58,553.0,CCCC
2023-07-07 05:43:00,3.58,3.58,3.58,3.58,10.0,CCCC
2023-07-07 05:34:00,3.62,3.62,3.62,3.62,11.0,CCCC
2023-07-07 05:33:00,3.62,3.62,3.62,3.62,1.0,CCCC
2023-07-07 05:32:00,3.61,3.63,3.61,3.63,315.0,CCCC
2023-07-07 05:25:00,3.61,3.63,3.61,3.63,200.0,CCCC
2023-07-07 05:24:00,3.62,3.62,3.62,3.62,2.0,CCCC
2023-07-07 05:23:00,3.62,3.62,3.62,3.62,1.0,CCCC
2023-07-07 05:09:00,3.59,3.59,3.59,3.59,30.0,CCCC
2023-07-07 05:04:00,3.62,3.63,3.58,3.58,500.0,CCCC
2023-07-07 05:02:00,3.58,3.58,3.58,3.58,5.0,CCCC
2023-07-07 05:01:00,3.59,3.59,3.58,3.58,15.0,CCCC
2023-07-07 05:00:00,3.62,3.62,3.62,3.62,100.0,CCCC
2023-07-07 04:49:00,3.56,3.56,3.56,3.56,64.0,CCCC
2023-07-07 04:45:00,3.55,3.55,3.55,3.55,15.0,CCCC
2023-07-07 04:39:00,3.58,3.58,3.58,3.58,2.0,CCCC
2023-07-07 04:34:00,3.56,3.56,3.56,3.56,47.0,CCCC
2023-07-07 04:29:00,3.55,3.55,3.55,3.55,400.0,CCCC
2023-07-07 04:25:00,3.55,3.55,3.55,3.55,100.0,CCCC
2023-07-07 04:24:00,3.55,3.55,3.55,3.55,100.0,CCCC
2023-07-07 04:23:00,3.55,3.55,3.55,3.55,100.0,CCCC
2023-07-07 04:22:00,3.56,3.56,3.55,3.55,141.0,CCCC
2023-07-07 04:11:00,3.59,3.59,3.56,3.56,94.0,CCCC
2023-07-07 04:08:00,3.59,3.59,3.59,3.59,96.0,CCCC
2023-07-07 04:07:00,3.58,3.59,3.58,3.59,11.0,CCCC
2023-07-07 04:06:00,3.56,3.58,3.56,3.58,29.0,CCCC
2023-07-07 04:05:00,3.56,3.56,3.56,3.56,45.0,CCCC
2023-07-07 04:04:00,3.7,3.7,3.7,3.7,2.0,CCCC
2023-07-07 04:00:00,3.59,3.59,3.59,3.59,97.0,CCCC
2023-07-06 19:53:00,3.7,3.7,3.7,3.7,1043.0,CCCC
2023-07-06 19:50:00,3.65,3.66,3.65,3.66,15.0,CCCC
2023-07-06 19:48:00,3.641,3.65,3.64,3.64,20.0,CCCC
2023-07-06 19:41:00,3.641,3.641,3.641,3.641,2.0,CCCC
2023-07-06 19:39:00,3.64,3.64,3.64,3.64,18.0,CCCC
2023-07-06 19:26:00,3.65,3.65,3.65,3.65,10.0,CCCC
2023-07-06 19:07:00,3.64,3.64,3.64,3.64,1100.0,CCCC
2023-07-06 18:56:00,3.65,3.65,3.65,3.65,900.0,CCCC
2023-07-06 18:41:00,3.63,3.63,3.63,3.63,50.0,CCCC
2023-07-06 18:40:00,3.64,3.64,3.64,3.64,101.0,CCCC
2023-07-06 18:38:00,3.631,3.631,3.631,3.631,27.0,CCCC
2023-07-06 18:33:00,3.63,3.63,3.62,3.62,293.0,CCCC
2023-07-06 18:27:00,3.638,3.638,3.638,3.638,500.0,CCCC
2023-07-06 18:26:00,3.64,3.64,3.63,3.64,201.0,CCCC
2023-07-06 18:22:00,3.63,3.63,3.62,3.62,194.0,CCCC
2023-07-06 18:20:00,3.63,3.63,3.63,3.63,292.0,CCCC
2023-07-06 18:18:00,3.63,3.63,3.62,3.62,2100.0,CCCC
2023-07-06 18:17:00,3.63,3.63,3.63,3.63,10.0,CCCC
2023-07-06 18:10:00,3.64,3.64,3.64,3.64,417.0,CCCC
2023-07-06 18:09:00,3.64,3.64,3.64,3.64,593.0,CCCC
2023-07-06 18:07:00,3.65,3.65,3.65,3.65,100.0,CCCC
2023-07-06 18:00:00,3.66,3.66,3.66,3.66,200.0,CCCC
2023-07-06 17:58:00,3.659,3.659,3.659,3.659,1.0,CCCC
2023-07-06 17:57:00,3.66,3.66,3.66,3.66,2732.0,CCCC
2023-07-06 17:56:00,3.66,3.66,3.66,3.66,303.0,CCCC
2023-07-06 17:53:00,3.66,3.66,3.65,3.65,308.0,CCCC
2023-07-06 17:51:00,3.65,3.7,3.65,3.7,117.0,CCCC
2023-07-06 17:49:00,3.66,3.66,3.65,3.65,114.0,CCCC
2023-07-06 17:46:00,3.66,3.66,3.66,3.66,10.0,CCCC
2023-07-06 17:44:00,3.66,3.66,3.65,3.65,60.0,CCCC
2023-07-06 17:42:00,3.65,3.65,3.65,3.65,22.0,CCCC
2023-07-06 17:41:00,3.7,3.7,3.7,3.7,5.0,CCCC
2023-07-06 17:40:00,3.65,3.65,3.65,3.65,5.0,CCCC
2023-07-06 17:39:00,3.64,3.64,3.64,3.64,18.0,CCCC
2023-07-06 17:35:00,3.66,3.66,3.66,3.66,1.0,CCCC
2023-07-06 17:30:00,3.66,3.66,3.66,3.66,113.0,CCCC
2023-07-06 17:26:00,3.659,3.66,3.64,3.64,296.0,CCCC
2023-07-06 17:25:00,3.659,3.659,3.659,3.659,10.0,CCCC
2023-07-06 17:24:00,3.659,3.659,3.659,3.659,86.0,CCCC
2023-07-06 17:23:00,3.66,3.66,3.66,3.66,5.0,CCCC
2023-07-06 17:21:00,3.66,3.66,3.66,3.66,400.0,CCCC
2023-07-06 17:18:00,3.659,3.659,3.659,3.659,1.0,CCCC
2023-07-06 17:16:00,3.67,3.67,3.66,3.66,110.0,CCCC
2023-07-06 17:13:00,3.66,3.66,3.66,3.66,5.0,CCCC
2023-07-06 17:12:00,3.66,3.66,3.66,3.66,53.0,CCCC
2023-07-06 17:11:00,3.66,3.66,3.66,3.66,503.0,CCCC
2023-07-06 17:10:00,3.69,3.7,3.69,3.699,1002.0,CCCC
2023-07-06 17:09:00,3.66,3.66,3.65,3.65,32.0,CCCC
2023-07-06 17:07:00,3.66,3.66,3.66,3.66,3.0,CCCC
2023-07-06 17:04:00,3.7,3.7,3.66,3.66,53.0,CCCC
2023-07-06 17:03:00,3.65,3.66,3.65,3.65,554.0,CCCC
2023-07-06 17:02:00,3.651,3.651,3.651,3.651,50.0,CCCC
2023-07-06 16:58:00,3.652,3.652,3.652,3.652,7.0,CCCC
2023-07-06 16:57:00,3.65,3.65,3.65,3.65,42.0,CCCC
2023-07-06 16:55:00,3.65,3.652,3.65,3.652,530.0,CCCC
2023-07-06 16:54:00,3.652,3.652,3.652,3.652,1.0,CCCC
2023-07-06 16:53:00,3.65,3.65,3.65,3.65,36.0,CCCC
2023-07-06 16:51:00,3.69,3.699,3.69,3.699,2.0,CCCC
2023-07-06 16:50:00,3.66,3.7,3.65,3.7,70.0,CCCC
2023-07-06 16:49:00,3.64,3.64,3.64,3.64,100.0,CCCC
2023-07-06 16:47:00,3.64,3.64,3.64,3.64,355.0,CCCC
2023-07-06 16:46:00,3.64,3.641,3.641,3.641,12.0,CCCC
2023-07-06 16:45:00,3.64,3.64,3.64,3.64,81.0,CCCC
2023-07-06 16:44:00,3.64,3.641,3.64,3.641,15471.0,CCCC
2023-07-06 16:42:00,3.64,3.642,3.64,3.64,121.0,CCCC
2023-07-06 16:40:00,3.65,3.65,3.64,3.64,60.0,CCCC
2023-07-06 16:39:00,3.64,3.64,3.64,3.64,25.0,CCCC
2023-07-06 16:37:00,3.65,3.65,3.65,3.65,112.0,CCCC
2023-07-06 16:34:00,3.64,3.641,3.64,3.64,105.0,CCCC
2023-07-06 16:30:00,3.642,3.642,3.642,3.642,230.0,CCCC
2023-07-06 16:29:00,3.641,3.641,3.64,3.64,501.0,CCCC
2023-07-06 16:28:00,3.66,3.66,3.66,3.66,50.0,CCCC
2023-07-06 16:27:00,3.64,3.66,3.64,3.66,120.0,CCCC
2023-07-06 16:25:00,3.66,3.66,3.632,3.632,35.0,CCCC
2023-07-06 16:24:00,3.64,3.66,3.64,3.66,120.0,CCCC
2023-07-06 16:23:00,3.65,3.65,3.65,3.65,60.0,CCCC
2023-07-06 16:21:00,3.66,3.66,3.66,3.66,160.0,CCCC
2023-07-06 16:20:00,3.63,3.63,3.63,3.63,9.0,CCCC
2023-07-06 16:19:00,3.675,3.675,3.67,3.67,50.0,CCCC
2023-07-06 16:18:00,3.65,3.65,3.65,3.65,50.0,CCCC
2023-07-06 16:17:00,3.71,3.71,3.7,3.7,1683.0,CCCC
2023-07-06 16:16:00,3.7,3.71,3.7,3.71,187.0,CCCC
2023-07-06 16:15:00,3.7,3.7,3.7,3.7,5.0,CCCC
2023-07-06 16:14:00,3.7,3.7,3.7,3.7,73.0,CCCC
2023-07-06 16:13:00,3.71,3.71,3.71,3.71,10.0,CCCC
2023-07-06 16:12:00,3.71,3.71,3.71,3.71,250.0,CCCC
2023-07-06 16:11:00,3.701,3.71,3.7,3.7,248.0,CCCC
2023-07-06 16:09:00,3.7,3.709,3.7,3.709,178.0,CCCC
2023-07-06 16:08:00,3.708,3.709,3.702,3.702,25.0,CCCC
2023-07-06 16:07:00,3.702,3.709,3.702,3.709,151.0,CCCC
2023-07-06 16:06:00,3.7,3.709,3.7,3.702,65.0,CCCC
2023-07-06 16:05:00,3.7,3.7,3.7,3.7,12.0,CCCC
2023-07-06 16:04:00,3.7,3.7,3.7,3.7,1.0,CCCC
2023-07-06 16:03:00,3.67,3.67,3.67,3.67,1304.0,CCCC
2023-07-06 16:02:00,3.72,3.72,3.67,3.67,200.0,CCCC
2023-07-06 16:01:00,3.719,3.72,3.692,3.71,29163.0,CCCC
2023-07-06 16:00:00,3.711,3.711,3.71,3.71,105546.0,CCCC
2023-07-06 15:59:00,3.71,3.72,3.71,3.711,32468.0,CCCC
2023-07-06 15:58:00,3.71,3.72,3.71,3.715,21103.0,CCCC
2023-07-06 15:57:00,3.7,3.711,3.68,3.711,50415.0,CCCC
2023-07-06 15:56:00,3.69,3.71,3.69,3.7,9679.0,CCCC
2023-07-06 15:55:00,3.718,3.719,3.69,3.693,14550.0,CCCC
2023-07-06 15:54:00,3.709,3.72,3.7,3.718,14942.0,CCCC
2023-07-06 15:53:00,3.72,3.72,3.7,3.7,10706.0,CCCC
2023-07-06 15:52:00,3.721,3.73,3.715,3.72,4612.0,CCCC
2023-07-06 15:51:00,3.735,3.735,3.715,3.72,15180.0,CCCC
2023-07-06 15:50:00,3.73,3.76,3.72,3.733,42226.0,CCCC
2023-07-06 15:49:00,3.74,3.75,3.72,3.73,30264.0,CCCC
2023-07-06 15:48:00,3.71,3.74,3.71,3.739,38543.0,CCCC
2023-07-06 15:47:00,3.655,3.71,3.655,3.7,35343.0,CCCC
2023-07-06 15:46:00,3.65,3.65,3.65,3.65,294.0,CCCC
2023-07-06 15:45:00,3.66,3.66,3.63,3.66,28254.0,CCCC
2023-07-06 15:44:00,3.675,3.68,3.65,3.655,15421.0,CCCC
2023-07-06 15:43:00,3.675,3.675,3.67,3.67,527.0,CCCC
2023-07-06 15:42:00,3.68,3.69,3.67,3.67,8574.0,CCCC
2023-07-06 15:41:00,3.671,3.69,3.671,3.68,16188.0,CCCC
2023-07-06 15:40:00,3.65,3.68,3.65,3.68,13918.0,CCCC
2023-07-06 15:39:00,3.645,3.665,3.645,3.65,6089.0,CCCC
2023-07-06 15:38:00,3.647,3.651,3.647,3.65,6402.0,CCCC
2023-07-06 15:37:00,3.66,3.67,3.64,3.64,24389.0,CCCC
2023-07-06 15:36:00,3.652,3.665,3.645,3.66,11530.0,CCCC
2023-07-06 15:35:00,3.64,3.66,3.64,3.65,7746.0,CCCC
2023-07-06 15:34:00,3.635,3.655,3.63,3.65,9528.0,CCCC
2023-07-06 15:33:00,3.63,3.64,3.625,3.63,9510.0,CCCC
2023-07-06 15:32:00,3.63,3.64,3.62,3.62,11984.0,CCCC
2023-07-06 15:31:00,3.64,3.65,3.63,3.63,12773.0,CCCC
2023-07-06 15:30:00,3.65,3.65,3.63,3.644,18152.0,CCCC
2023-07-06 15:29:00,3.67,3.67,3.65,3.65,6686.0,CCCC
2023-07-06 15:28:00,3.67,3.68,3.67,3.67,9424.0,CCCC
2023-07-06 15:27:00,3.68,3.688,3.663,3.663,4655.0,CCCC
2023-07-06 15:26:00,3.68,3.685,3.66,3.67,10423.0,CCCC
2023-07-06 15:25:00,3.68,3.69,3.674,3.674,5006.0,CCCC
2023-07-06 15:24:00,3.69,3.69,3.68,3.685,1672.0,CCCC
2023-07-06 15:23:00,3.695,3.695,3.69,3.69,2223.0,CCCC
2023-07-06 15:22:00,3.685,3.705,3.685,3.69,6273.0,CCCC
2023-07-06 15:21:00,3.69,3.71,3.681,3.686,14210.0,CCCC
2023-07-06 15:20:00,3.685,3.7,3.685,3.699,2273.0,CCCC
2023-07-06 15:19:00,3.69,3.698,3.69,3.69,1903.0,CCCC
2023-07-06 15:18:00,3.69,3.7,3.69,3.69,3267.0,CCCC
2023-07-06 15:17:00,3.68,3.69,3.68,3.69,1566.0,CCCC
2023-07-06 15:16:00,3.67,3.672,3.67,3.672,1550.0,CCCC
2023-07-06 15:15:00,3.67,3.675,3.665,3.67,2599.0,CCCC
2023-07-06 15:14:00,3.67,3.675,3.67,3.67,2106.0,CCCC
2023-07-06 15:13:00,3.689,3.689,3.67,3.67,16034.0,CCCC
2023-07-06 15:12:00,3.69,3.69,3.68,3.68,778.0,CCCC
2023-07-06 15:11:00,3.69,3.699,3.68,3.69,8432.0,CCCC
2023-07-06 15:10:00,3.69,3.695,3.69,3.69,7945.0,CCCC
2023-07-06 15:09:00,3.695,3.71,3.67,3.69,16010.0,CCCC
2023-07-06 15:08:00,3.7,3.701,3.7,3.7,1290.0,CCCC
2023-07-06 15:07:00,3.712,3.712,3.695,3.695,3216.0,CCCC
2023-07-06 15:06:00,3.7,3.71,3.7,3.71,4963.0,CCCC
2023-07-06 15:05:00,3.72,3.72,3.7,3.7,2230.0,CCCC
2023-07-06 15:04:00,3.752,3.76,3.72,3.72,2880.0,CCCC
2023-07-06 15:03:00,3.76,3.77,3.75,3.75,5127.0,CCCC
2023-07-06 15:02:00,3.725,3.76,3.72,3.76,9328.0,CCCC
2023-07-06 15:01:00,3.73,3.73,3.72,3.72,2962.0,CCCC
2023-07-06 15:00:00,3.74,3.74,3.73,3.735,2928.0,CCCC
2023-07-06 14:59:00,3.74,3.745,3.74,3.745,802.0,CCCC
2023-07-06 14:58:00,3.76,3.76,3.74,3.741,11531.0,CCCC
2023-07-06 14:57:00,3.76,3.76,3.76,3.76,6619.0,CCCC
2023-07-06 14:55:00,3.73,3.76,3.73,3.76,3031.0,CCCC
2023-07-06 14:54:00,3.73,3.737,3.73,3.735,3079.0,CCCC
2023-07-06 14:52:00,3.743,3.743,3.74,3.74,1316.0,CCCC
2023-07-06 14:51:00,3.75,3.75,3.75,3.75,697.0,CCCC
2023-07-06 14:50:00,3.741,3.741,3.741,3.741,205.0,CCCC
2023-07-06 14:49:00,3.748,3.76,3.745,3.75,22564.0,CCCC
2023-07-06 14:48:00,3.72,3.741,3.72,3.741,4106.0,CCCC
2023-07-06 14:47:00,3.72,3.72,3.71,3.71,2248.0,CCCC
2023-07-06 14:46:00,3.72,3.72,3.72,3.72,1351.0,CCCC
2023-07-06 14:45:00,3.729,3.73,3.72,3.729,1488.0,CCCC
2023-07-06 14:44:00,3.73,3.74,3.72,3.722,4060.0,CCCC
2023-07-06 14:43:00,3.73,3.735,3.73,3.73,1377.0,CCCC
2023-07-06 14:42:00,3.72,3.739,3.71,3.739,5167.0,CCCC
2023-07-06 14:41:00,3.72,3.725,3.72,3.72,2791.0,CCCC
2023-07-06 14:40:00,3.73,3.733,3.722,3.722,4796.0,CCCC
2023-07-06 14:38:00,3.74,3.749,3.73,3.735,6090.0,CCCC
2023-07-06 14:37:00,3.745,3.749,3.73,3.741,5930.0,CCCC
2023-07-06 14:36:00,3.75,3.75,3.75,3.75,1322.0,CCCC
2023-07-06 14:35:00,3.788,3.788,3.75,3.75,21790.0,CCCC
2023-07-06 14:34:00,3.751,3.785,3.75,3.785,21329.0,CCCC
2023-07-06 14:33:00,3.751,3.76,3.75,3.76,1647.0,CCCC
2023-07-06 14:32:00,3.755,3.76,3.755,3.755,3536.0,CCCC
2023-07-06 14:31:00,3.741,3.77,3.741,3.76,9804.0,CCCC
2023-07-06 14:30:00,3.72,3.78,3.72,3.749,37214.0,CCCC
2023-07-06 14:29:00,3.71,3.72,3.71,3.716,12135.0,CCCC
2023-07-06 14:28:00,3.701,3.71,3.701,3.71,2512.0,CCCC
2023-07-06 14:27:00,3.71,3.71,3.7,3.7,1057.0,CCCC
2023-07-06 14:26:00,3.695,3.7,3.69,3.7,6654.0,CCCC
2023-07-06 14:25:00,3.701,3.701,3.69,3.69,6931.0,CCCC
2023-07-06 14:24:00,3.705,3.705,3.7,3.7,853.0,CCCC
2023-07-06 14:23:00,3.7,3.709,3.699,3.705,6471.0,CCCC
2023-07-06 14:22:00,3.691,3.71,3.692,3.7,11276.0,CCCC
2023-07-06 14:21:00,3.7,3.7,3.7,3.7,1240.0,CCCC
2023-07-06 14:20:00,3.71,3.71,3.7,3.7,5940.0,CCCC
2023-07-06 14:19:00,3.71,3.71,3.7,3.71,2808.0,CCCC
2023-07-06 14:18:00,3.68,3.72,3.68,3.71,33640.0,CCCC
2023-07-06 14:17:00,3.698,3.699,3.68,3.68,6077.0,CCCC
2023-07-06 14:16:00,3.71,3.71,3.69,3.69,3005.0,CCCC
2023-07-06 14:15:00,3.69,3.72,3.69,3.705,8643.0,CCCC
2023-07-06 14:14:00,3.71,3.71,3.685,3.69,20115.0,CCCC
2023-07-06 14:13:00,3.73,3.73,3.71,3.719,2388.0,CCCC
2023-07-06 14:12:00,3.72,3.72,3.72,3.72,1264.0,CCCC
2023-07-06 14:11:00,3.72,3.72,3.71,3.719,19896.0,CCCC
2023-07-06 14:10:00,3.72,3.725,3.72,3.72,2301.0,CCCC
2023-07-06 14:09:00,3.712,3.712,3.71,3.71,512.0,CCCC
2023-07-06 14:07:00,3.718,3.72,3.71,3.715,3044.0,CCCC
2023-07-06 14:06:00,3.71,3.71,3.7,3.71,8099.0,CCCC
2023-07-06 14:05:00,3.715,3.715,3.695,3.709,20119.0,CCCC
2023-07-06 14:04:00,3.73,3.73,3.7,3.719,18537.0,CCCC
2023-07-06 14:03:00,3.76,3.76,3.73,3.732,36974.0,CCCC
2023-07-06 14:02:00,3.77,3.78,3.765,3.765,13090.0,CCCC
2023-07-06 14:01:00,3.785,3.789,3.76,3.76,3683.0,CCCC
2023-07-06 14:00:00,3.785,3.795,3.77,3.79,16853.0,CCCC
2023-07-06 13:59:00,3.78,3.79,3.78,3.789,866.0,CCCC
2023-07-06 13:58:00,3.76,3.79,3.76,3.785,5318.0,CCCC
2023-07-06 13:57:00,3.785,3.79,3.76,3.76,22653.0,CCCC
2023-07-06 13:56:00,3.76,3.8,3.76,3.78,56243.0,CCCC
2023-07-06 13:55:00,3.75,3.765,3.75,3.76,12604.0,CCCC
2023-07-06 13:54:00,3.74,3.742,3.735,3.742,734.0,CCCC
2023-07-06 13:53:00,3.74,3.746,3.74,3.74,6154.0,CCCC
2023-07-06 13:52:00,3.742,3.75,3.742,3.75,2020.0,CCCC
2023-07-06 13:51:00,3.748,3.759,3.73,3.74,7975.0,CCCC
2023-07-06 13:50:00,3.74,3.76,3.735,3.74,25148.0,CCCC
2023-07-06 13:49:00,3.7,3.74,3.7,3.74,15970.0,CCCC
2023-07-06 13:48:00,3.7,3.7,3.69,3.695,581.0,CCCC
2023-07-06 13:47:00,3.7,3.7,3.7,3.7,361.0,CCCC
2023-07-06 13:46:00,3.701,3.705,3.7,3.7,1798.0,CCCC
2023-07-06 13:45:00,3.7,3.702,3.7,3.702,528.0,CCCC
2023-07-06 13:44:00,3.705,3.705,3.701,3.701,1393.0,CCCC
2023-07-06 13:43:00,3.69,3.7,3.69,3.7,7182.0,CCCC
2023-07-06 13:42:00,3.7,3.705,3.695,3.695,4350.0,CCCC
2023-07-06 13:41:00,3.695,3.71,3.695,3.7,1866.0,CCCC
2023-07-06 13:40:00,3.695,3.71,3.691,3.71,2769.0,CCCC
2023-07-06 13:39:00,3.71,3.71,3.7,3.7,2023.0,CCCC
2023-07-06 13:38:00,3.71,3.712,3.71,3.712,1084.0,CCCC
2023-07-06 13:37:00,3.69,3.705,3.69,3.705,6236.0,CCCC
2023-07-06 13:36:00,3.681,3.7,3.68,3.682,24717.0,CCCC
2023-07-06 13:35:00,3.677,3.69,3.671,3.69,14198.0,CCCC
2023-07-06 13:34:00,3.7,3.702,3.66,3.677,47383.0,CCCC
2023-07-06 13:33:00,3.71,3.71,3.7,3.7,6998.0,CCCC
2023-07-06 13:32:00,3.72,3.72,3.715,3.715,1006.0,CCCC
2023-07-06 13:31:00,3.72,3.74,3.71,3.712,15125.0,CCCC
2023-07-06 13:30:00,3.715,3.75,3.71,3.715,17772.0,CCCC
2023-07-06 13:29:00,3.71,3.715,3.7,3.71,6928.0,CCCC
2023-07-06 13:28:00,3.73,3.731,3.72,3.72,2040.0,CCCC
2023-07-06 13:27:00,3.722,3.739,3.72,3.73,12633.0,CCCC
2023-07-06 13:26:00,3.741,3.741,3.72,3.725,10489.0,CCCC
2023-07-06 13:25:00,3.74,3.749,3.74,3.749,4790.0,CCCC
2023-07-06 13:24:00,3.74,3.75,3.74,3.75,1614.0,CCCC
2023-07-06 13:23:00,3.75,3.75,3.73,3.74,12427.0,CCCC
2023-07-06 13:22:00,3.735,3.75,3.732,3.75,8610.0,CCCC
2023-07-06 13:21:00,3.75,3.75,3.74,3.74,3121.0,CCCC
2023-07-06 13:20:00,3.748,3.77,3.741,3.749,18707.0,CCCC
2023-07-06 13:19:00,3.745,3.749,3.74,3.749,3843.0,CCCC
2023-07-06 13:18:00,3.73,3.75,3.725,3.749,11411.0,CCCC
2023-07-06 13:17:00,3.719,3.73,3.71,3.725,13439.0,CCCC
2023-07-06 13:16:00,3.701,3.71,3.7,3.71,5819.0,CCCC
2023-07-06 13:15:00,3.73,3.73,3.7,3.7,4986.0,CCCC
2023-07-06 13:14:00,3.712,3.74,3.712,3.73,15008.0,CCCC
2023-07-06 13:13:00,3.71,3.72,3.71,3.719,6805.0,CCCC
2023-07-06 13:12:00,3.708,3.711,3.695,3.71,2781.0,CCCC
2023-07-06 13:11:00,3.705,3.71,3.703,3.703,856.0,CCCC
2023-07-06 13:10:00,3.71,3.71,3.7,3.705,4986.0,CCCC
2023-07-06 13:09:00,3.68,3.7,3.66,3.692,8276.0,CCCC
2023-07-06 13:08:00,3.689,3.689,3.68,3.681,1456.0,CCCC
2023-07-06 13:07:00,3.681,3.709,3.68,3.681,11842.0,CCCC
2023-07-06 13:06:00,3.689,3.7,3.68,3.68,6737.0,CCCC
2023-07-06 13:05:00,3.681,3.69,3.65,3.685,32232.0,CCCC
2023-07-06 13:04:00,3.719,3.719,3.68,3.681,39787.0,CCCC
2023-07-06 13:03:00,3.79,3.79,3.72,3.72,33605.0,CCCC
2023-07-06 13:02:00,3.797,3.798,3.782,3.782,3022.0,CCCC
2023-07-06 13:01:00,3.79,3.79,3.789,3.79,6687.0,CCCC
2023-07-06 13:00:00,3.785,3.8,3.785,3.791,9907.0,CCCC
2023-07-06 12:59:00,3.795,3.795,3.78,3.785,2153.0,CCCC
2023-07-06 12:58:00,3.8,3.805,3.79,3.79,2891.0,CCCC
2023-07-06 12:57:00,3.8,3.801,3.798,3.801,4620.0,CCCC
2023-07-06 12:56:00,3.78,3.81,3.775,3.79,14729.0,CCCC
2023-07-06 12:55:00,3.78,3.78,3.77,3.775,12883.0,CCCC
2023-07-06 12:54:00,3.78,3.785,3.76,3.779,14076.0,CCCC
2023-07-06 12:53:00,3.78,3.81,3.778,3.782,15447.0,CCCC
2023-07-06 12:52:00,3.821,3.821,3.78,3.78,21592.0,CCCC
2023-07-06 12:51:00,3.81,3.83,3.8,3.82,27787.0,CCCC
2023-07-06 12:50:00,3.771,3.81,3.77,3.81,18966.0,CCCC
2023-07-06 12:49:00,3.802,3.805,3.77,3.771,29378.0,CCCC
2023-07-06 12:48:00,3.801,3.81,3.8,3.802,4720.0,CCCC
2023-07-06 12:47:00,3.812,3.82,3.8,3.801,8416.0,CCCC
2023-07-06 12:46:00,3.82,3.82,3.81,3.819,2483.0,CCCC
2023-07-06 12:45:00,3.825,3.825,3.802,3.81,7781.0,CCCC
2023-07-06 12:44:00,3.81,3.825,3.81,3.82,5554.0,CCCC
2023-07-06 12:43:00,3.82,3.82,3.8,3.805,9533.0,CCCC
2023-07-06 12:42:00,3.839,3.839,3.81,3.81,10386.0,CCCC
2023-07-06 12:41:00,3.795,3.839,3.795,3.831,51205.0,CCCC
2023-07-06 12:40:00,3.79,3.792,3.78,3.792,6101.0,CCCC
2023-07-06 12:39:00,3.78,3.8,3.78,3.79,7968.0,CCCC
2023-07-06 12:38:00,3.805,3.805,3.77,3.789,30471.0,CCCC
2023-07-06 12:37:00,3.795,3.809,3.795,3.802,7200.0,CCCC
2023-07-06 12:36:00,3.78,3.808,3.78,3.8,20973.0,CCCC
2023-07-06 12:35:00,3.791,3.8,3.78,3.78,18626.0,CCCC
2023-07-06 12:34:00,3.81,3.81,3.799,3.799,24275.0,CCCC
2023-07-06 12:33:00,3.8,3.81,3.79,3.81,19208.0,CCCC
2023-07-06 12:32:00,3.838,3.838,3.77,3.79,42502.0,CCCC
2023-07-06 12:31:00,3.82,3.84,3.81,3.83,18557.0,CCCC
2023-07-06 12:30:00,3.839,3.839,3.8,3.83,63071.0,CCCC
2023-07-06 12:29:00,3.89,3.9,3.82,3.822,96343.0,CCCC
2023-07-06 12:28:00,3.86,3.91,3.85,3.88,89908.0,CCCC
2023-07-06 12:27:00,3.875,3.88,3.84,3.85,44396.0,CCCC
2023-07-06 12:26:00,3.84,3.88,3.83,3.879,118857.0,CCCC
2023-07-06 12:25:00,3.769,3.855,3.76,3.839,100035.0,CCCC
2023-07-06 12:24:00,3.76,3.77,3.756,3.764,23706.0,CCCC
2023-07-06 12:23:00,3.74,3.77,3.74,3.77,24341.0,CCCC
2023-07-06 12:22:00,3.74,3.75,3.74,3.74,1826.0,CCCC
2023-07-06 12:21:00,3.732,3.76,3.732,3.749,5720.0,CCCC
2023-07-06 12:20:00,3.749,3.749,3.73,3.735,10327.0,CCCC
2023-07-06 12:19:00,3.765,3.78,3.73,3.749,46268.0,CCCC
2023-07-06 12:18:00,3.75,3.77,3.745,3.769,25141.0,CCCC
2023-07-06 12:17:00,3.76,3.77,3.75,3.759,27157.0,CCCC
2023-07-06 12:16:00,3.715,3.77,3.71,3.762,29391.0,CCCC
2023-07-06 12:15:00,3.72,3.729,3.71,3.71,5866.0,CCCC
2023-07-06 12:14:00,3.729,3.73,3.72,3.725,15890.0,CCCC
2023-07-06 12:13:00,3.73,3.73,3.71,3.72,13403.0,CCCC
2023-07-06 12:12:00,3.732,3.74,3.701,3.72,38437.0,CCCC
2023-07-06 12:11:00,3.73,3.741,3.72,3.739,18424.0,CCCC
2023-07-06 12:10:00,3.72,3.73,3.72,3.729,13067.0,CCCC
2023-07-06 12:09:00,3.729,3.73,3.7,3.712,12127.0,CCCC
2023-07-06 12:08:00,3.719,3.74,3.719,3.72,45058.0,CCCC
2023-07-06 12:07:00,3.71,3.71,3.7,3.709,7868.0,CCCC
2023-07-06 12:06:00,3.701,3.72,3.7,3.708,12110.0,CCCC
2023-07-06 12:05:00,3.67,3.73,3.67,3.71,40736.0,CCCC
2023-07-06 12:04:00,3.679,3.679,3.66,3.679,12242.0,CCCC
2023-07-06 12:03:00,3.69,3.69,3.672,3.675,14661.0,CCCC
2023-07-06 12:02:00,3.68,3.7,3.68,3.69,5082.0,CCCC
2023-07-06 12:01:00,3.681,3.681,3.67,3.68,2425.0,CCCC
2023-07-06 12:00:00,3.691,3.7,3.67,3.69,29001.0,CCCC
2023-07-06 11:59:00,3.71,3.72,3.68,3.69,40855.0,CCCC
2023-07-06 11:58:00,3.65,3.735,3.64,3.71,80266.0,CCCC
2023-07-06 11:57:00,3.6,3.65,3.595,3.65,15755.0,CCCC
2023-07-06 11:56:00,3.61,3.619,3.609,3.609,6524.0,CCCC
2023-07-06 11:55:00,3.62,3.63,3.611,3.619,2494.0,CCCC
2023-07-06 11:54:00,3.59,3.63,3.59,3.622,17973.0,CCCC
2023-07-06 11:53:00,3.58,3.6,3.57,3.599,5788.0,CCCC
2023-07-06 11:52:00,3.57,3.59,3.57,3.58,37880.0,CCCC
2023-07-06 11:51:00,3.595,3.6,3.58,3.58,10670.0,CCCC
2023-07-06 11:50:00,3.612,3.612,3.59,3.599,18041.0,CCCC
2023-07-06 11:49:00,3.59,3.62,3.59,3.616,15316.0,CCCC
2023-07-06 11:48:00,3.615,3.62,3.59,3.59,22849.0,CCCC
2023-07-06 11:47:00,3.647,3.647,3.61,3.611,15517.0,CCCC
2023-07-06 11:46:00,3.611,3.65,3.61,3.643,15020.0,CCCC
2023-07-06 11:45:00,3.63,3.63,3.6,3.612,26592.0,CCCC
2023-07-06 11:44:00,3.645,3.645,3.62,3.626,19592.0,CCCC
2023-07-06 11:43:00,3.62,3.649,3.61,3.643,25916.0,CCCC
2023-07-06 11:42:00,3.61,3.62,3.6,3.612,16732.0,CCCC
2023-07-06 11:41:00,3.58,3.61,3.58,3.605,20609.0,CCCC
2023-07-06 11:40:00,3.57,3.58,3.56,3.579,8444.0,CCCC
2023-07-06 11:39:00,3.581,3.583,3.57,3.579,10251.0,CCCC
2023-07-06 11:38:00,3.58,3.59,3.565,3.585,17206.0,CCCC
2023-07-06 11:37:00,3.57,3.589,3.57,3.57,11136.0,CCCC
2023-07-06 11:36:00,3.58,3.59,3.57,3.58,43411.0,CCCC
2023-07-06 11:35:00,3.61,3.61,3.58,3.585,11746.0,CCCC
2023-07-06 11:34:00,3.595,3.61,3.59,3.61,9437.0,CCCC
2023-07-06 11:33:00,3.621,3.63,3.59,3.59,35550.0,CCCC
2023-07-06 11:32:00,3.57,3.64,3.565,3.63,53236.0,CCCC
2023-07-06 11:31:00,3.64,3.65,3.55,3.565,90223.0,CCCC
2023-07-06 11:30:00,3.59,3.659,3.59,3.645,107749.0,CCCC
2023-07-06 11:29:00,3.565,3.6,3.56,3.585,69760.0,CCCC
2023-07-06 11:28:00,3.509,3.565,3.501,3.565,65920.0,CCCC
2023-07-06 11:27:00,3.492,3.509,3.49,3.501,19501.0,CCCC
2023-07-06 11:26:00,3.49,3.499,3.49,3.492,8703.0,CCCC
2023-07-06 11:25:00,3.475,3.49,3.475,3.49,1735.0,CCCC
2023-07-06 11:24:00,3.481,3.485,3.47,3.47,6360.0,CCCC
2023-07-06 11:23:00,3.474,3.49,3.474,3.485,3253.0,CCCC
2023-07-06 11:22:00,3.465,3.47,3.465,3.47,1468.0,CCCC
2023-07-06 11:21:00,3.46,3.471,3.46,3.471,2898.0,CCCC
2023-07-06 11:20:00,3.498,3.5,3.46,3.462,19863.0,CCCC
2023-07-06 11:19:00,3.48,3.495,3.47,3.495,18233.0,CCCC
2023-07-06 11:18:00,3.474,3.474,3.46,3.47,2222.0,CCCC
2023-07-06 11:17:00,3.479,3.479,3.47,3.47,841.0,CCCC
2023-07-06 11:16:00,3.472,3.479,3.47,3.479,4378.0,CCCC
2023-07-06 11:15:00,3.465,3.48,3.465,3.47,4863.0,CCCC
2023-07-06 11:14:00,3.469,3.469,3.46,3.46,7812.0,CCCC
2023-07-06 11:13:00,3.47,3.48,3.45,3.469,7976.0,CCCC
2023-07-06 11:12:00,3.469,3.47,3.465,3.47,6528.0,CCCC
2023-07-06 11:11:00,3.47,3.48,3.461,3.462,6527.0,CCCC
2023-07-06 11:10:00,3.44,3.48,3.44,3.48,20862.0,CCCC
2023-07-06 11:09:00,3.435,3.436,3.435,3.436,552.0,CCCC
2023-07-06 11:08:00,3.43,3.435,3.43,3.43,2193.0,CCCC
2023-07-06 11:07:00,3.43,3.439,3.42,3.43,1689.0,CCCC
2023-07-06 11:06:00,3.45,3.45,3.435,3.435,1825.0,CCCC
2023-07-06 11:05:00,3.47,3.47,3.44,3.45,10629.0,CCCC
2023-07-06 11:04:00,3.47,3.48,3.47,3.48,4269.0,CCCC
2023-07-06 11:03:00,3.46,3.5,3.46,3.48,15710.0,CCCC
2023-07-06 11:02:00,3.451,3.47,3.45,3.47,6230.0,CCCC
2023-07-06 11:01:00,3.455,3.46,3.45,3.455,1572.0,CCCC
2023-07-06 11:00:00,3.431,3.46,3.43,3.46,2538.0,CCCC
2023-07-06 10:59:00,3.441,3.445,3.435,3.44,8044.0,CCCC
2023-07-06 10:58:00,3.45,3.47,3.44,3.44,14383.0,CCCC
2023-07-06 10:57:00,3.442,3.46,3.44,3.45,4407.0,CCCC
2023-07-06 10:56:00,3.425,3.46,3.421,3.44,12883.0,CCCC
2023-07-06 10:55:00,3.42,3.425,3.42,3.425,1409.0,CCCC
2023-07-06 10:54:00,3.425,3.425,3.421,3.425,995.0,CCCC
2023-07-06 10:53:00,3.421,3.44,3.42,3.43,4625.0,CCCC
2023-07-06 10:52:00,3.395,3.435,3.39,3.421,13780.0,CCCC
2023-07-06 10:51:00,3.41,3.41,3.391,3.395,11511.0,CCCC
2023-07-06 10:50:00,3.42,3.42,3.4,3.4,28239.0,CCCC
2023-07-06 10:49:00,3.43,3.44,3.41,3.43,6799.0,CCCC
2023-07-06 10:48:00,3.46,3.46,3.42,3.43,8722.0,CCCC
2023-07-06 10:47:00,3.441,3.46,3.44,3.451,5824.0,CCCC
2023-07-06 10:46:00,3.455,3.46,3.45,3.45,5633.0,CCCC
2023-07-06 10:45:00,3.465,3.47,3.441,3.45,23231.0,CCCC
2023-07-06 10:44:00,3.475,3.48,3.465,3.465,13378.0,CCCC
2023-07-06 10:43:00,3.475,3.48,3.47,3.471,6474.0,CCCC
2023-07-06 10:42:00,3.499,3.51,3.47,3.47,25506.0,CCCC
2023-07-06 10:41:00,3.46,3.51,3.46,3.49,51135.0,CCCC
2023-07-06 10:40:00,3.422,3.48,3.422,3.455,45137.0,CCCC
2023-07-06 10:39:00,3.51,3.52,3.4,3.43,150781.0,CCCC
2023-07-06 10:38:00,3.469,3.54,3.46,3.515,232820.0,CCCC
2023-07-06 10:37:00,3.45,3.47,3.445,3.47,12618.0,CCCC
2023-07-06 10:36:00,3.45,3.469,3.445,3.46,19257.0,CCCC
2023-07-06 10:35:00,3.452,3.46,3.45,3.46,6360.0,CCCC
2023-07-06 10:34:00,3.46,3.46,3.44,3.452,31192.0,CCCC
2023-07-06 10:33:00,3.49,3.495,3.46,3.465,31893.0,CCCC
2023-07-06 10:32:00,3.48,3.49,3.48,3.49,32597.0,CCCC
2023-07-06 10:31:00,3.489,3.489,3.48,3.48,14343.0,CCCC
2023-07-06 10:30:00,3.47,3.489,3.455,3.489,33028.0,CCCC
2023-07-06 10:29:00,3.469,3.49,3.462,3.479,33251.0,CCCC
2023-07-06 10:28:00,3.47,3.47,3.455,3.47,12089.0,CCCC
2023-07-06 10:27:00,3.46,3.47,3.45,3.469,28108.0,CCCC
2023-07-06 10:26:00,3.451,3.46,3.45,3.46,10957.0,CCCC
2023-07-06 10:25:00,3.43,3.46,3.43,3.452,19734.0,CCCC
2023-07-06 10:24:00,3.44,3.44,3.43,3.435,22787.0,CCCC
2023-07-06 10:23:00,3.43,3.45,3.425,3.445,13993.0,CCCC
2023-07-06 10:22:00,3.4,3.44,3.385,3.44,36527.0,CCCC
2023-07-06 10:21:00,3.39,3.4,3.38,3.395,21160.0,CCCC
2023-07-06 10:20:00,3.385,3.39,3.38,3.39,7179.0,CCCC
2023-07-06 10:19:00,3.38,3.39,3.38,3.388,9559.0,CCCC
2023-07-06 10:18:00,3.371,3.39,3.371,3.39,8188.0,CCCC
2023-07-06 10:17:00,3.361,3.38,3.36,3.375,5340.0,CCCC
2023-07-06 10:16:00,3.37,3.371,3.36,3.37,10489.0,CCCC
2023-07-06 10:15:00,3.39,3.39,3.37,3.371,9626.0,CCCC
2023-07-06 10:14:00,3.369,3.39,3.355,3.385,31209.0,CCCC
2023-07-06 10:13:00,3.349,3.37,3.34,3.37,30163.0,CCCC
2023-07-06 10:12:00,3.34,3.349,3.33,3.349,16894.0,CCCC
2023-07-06 10:11:00,3.33,3.34,3.32,3.33,14379.0,CCCC
2023-07-06 10:10:00,3.31,3.325,3.31,3.324,3476.0,CCCC
2023-07-06 10:09:00,3.32,3.32,3.29,3.305,9583.0,CCCC
2023-07-06 10:08:00,3.3,3.32,3.3,3.31,6094.0,CCCC
2023-07-06 10:07:00,3.305,3.325,3.301,3.301,26353.0,CCCC
2023-07-06 10:06:00,3.305,3.31,3.3,3.31,3669.0,CCCC
2023-07-06 10:05:00,3.29,3.305,3.29,3.305,4185.0,CCCC
2023-07-06 10:04:00,3.291,3.291,3.291,3.291,313.0,CCCC
2023-07-06 10:03:00,3.315,3.315,3.28,3.29,16078.0,CCCC
2023-07-06 10:02:00,3.3,3.32,3.3,3.31,23010.0,CCCC
2023-07-06 10:01:00,3.289,3.31,3.272,3.3,22900.0,CCCC
2023-07-06 10:00:00,3.28,3.28,3.28,3.28,177.0,CCCC
2023-07-06 09:59:00,3.28,3.28,3.272,3.272,1851.0,CCCC
2023-07-06 09:58:00,3.28,3.29,3.279,3.285,2776.0,CCCC
2023-07-06 09:57:00,3.235,3.269,3.235,3.269,1950.0,CCCC
2023-07-06 09:56:00,3.24,3.25,3.23,3.235,13208.0,CCCC
2023-07-06 09:55:00,3.235,3.24,3.232,3.238,3899.0,CCCC
2023-07-06 09:54:00,3.22,3.23,3.22,3.23,4018.0,CCCC
2023-07-06 09:53:00,3.23,3.24,3.21,3.225,5228.0,CCCC
2023-07-06 09:52:00,3.245,3.25,3.23,3.23,4312.0,CCCC
2023-07-06 09:51:00,3.25,3.255,3.24,3.249,10546.0,CCCC
2023-07-06 09:50:00,3.262,3.262,3.23,3.25,12815.0,CCCC
2023-07-06 09:49:00,3.28,3.29,3.26,3.26,2540.0,CCCC
2023-07-06 09:48:00,3.275,3.275,3.27,3.27,2026.0,CCCC
2023-07-06 09:47:00,3.281,3.285,3.27,3.28,3293.0,CCCC
2023-07-06 09:46:00,3.27,3.285,3.267,3.282,5405.0,CCCC
2023-07-06 09:45:00,3.255,3.261,3.255,3.261,2954.0,CCCC
2023-07-06 09:44:00,3.28,3.29,3.24,3.25,14205.0,CCCC
2023-07-06 09:43:00,3.289,3.29,3.281,3.283,2989.0,CCCC
2023-07-06 09:42:00,3.25,3.289,3.25,3.289,14696.0,CCCC
2023-07-06 09:41:00,3.24,3.27,3.24,3.27,14267.0,CCCC
2023-07-06 09:40:00,3.22,3.235,3.22,3.231,11962.0,CCCC
2023-07-06 09:39:00,3.225,3.225,3.19,3.21,20874.0,CCCC
2023-07-06 09:38:00,3.222,3.239,3.22,3.225,5644.0,CCCC
2023-07-06 09:37:00,3.225,3.232,3.21,3.23,5143.0,CCCC
2023-07-06 09:36:00,3.23,3.23,3.209,3.22,4827.0,CCCC
2023-07-06 09:35:00,3.248,3.265,3.235,3.235,29352.0,CCCC
2023-07-06 09:34:00,3.23,3.24,3.21,3.24,5332.0,CCCC
2023-07-06 09:33:00,3.27,3.29,3.22,3.24,22892.0,CCCC
2023-07-06 09:32:00,3.2,3.32,3.198,3.3,55821.0,CCCC
2023-07-06 09:31:00,3.171,3.199,3.171,3.19,15913.0,CCCC
2023-07-06 09:30:00,3.16,3.184,3.13,3.171,23095.0,CCCC
2023-07-06 09:29:00,3.15,3.179,3.15,3.179,36.0,CCCC
2023-07-06 09:28:00,3.179,3.179,3.179,3.179,10.0,CCCC
2023-07-06 09:27:00,3.17,3.179,3.152,3.179,105.0,CCCC
2023-07-06 09:25:00,3.152,3.18,3.15,3.15,828.0,CCCC
2023-07-06 09:24:00,3.15,3.15,3.15,3.15,121.0,CCCC
2023-07-06 09:23:00,3.152,3.18,3.151,3.151,221.0,CCCC
2023-07-06 09:22:00,3.15,3.15,3.15,3.15,40.0,CCCC
2023-07-06 09:21:00,3.16,3.18,3.14,3.18,3211.0,CCCC
2023-07-06 09:20:00,3.189,3.189,3.189,3.189,9.0,CCCC
2023-07-06 09:19:00,3.16,3.16,3.16,3.16,80.0,CCCC
2023-07-06 09:18:00,3.189,3.189,3.15,3.18,5017.0,CCCC
2023-07-06 09:17:00,3.15,3.15,3.14,3.14,222.0,CCCC
2023-07-06 09:16:00,3.16,3.16,3.14,3.14,2775.0,CCCC
2023-07-06 09:15:00,3.182,3.182,3.16,3.16,884.0,CCCC
2023-07-06 09:14:00,3.18,3.18,3.18,3.18,265.0,CCCC
2023-07-06 09:13:00,3.19,3.19,3.18,3.18,1234.0,CCCC
2023-07-06 09:12:00,3.19,3.19,3.19,3.19,1.0,CCCC
2023-07-06 09:11:00,3.18,3.19,3.16,3.19,816.0,CCCC
2023-07-06 09:09:00,3.18,3.18,3.17,3.18,2110.0,CCCC
2023-07-06 09:08:00,3.18,3.18,3.15,3.172,2214.0,CCCC
2023-07-06 09:07:00,3.172,3.18,3.17,3.18,91.0,CCCC
2023-07-06 09:05:00,3.19,3.19,3.17,3.18,1182.0,CCCC
2023-07-06 09:04:00,3.18,3.19,3.18,3.19,603.0,CCCC
2023-07-06 09:03:00,3.18,3.189,3.18,3.18,732.0,CCCC
2023-07-06 09:02:00,3.17,3.179,3.17,3.179,400.0,CCCC
2023-07-06 09:01:00,3.16,3.16,3.16,3.16,77.0,CCCC
2023-07-06 09:00:00,3.169,3.169,3.16,3.16,193.0,CCCC
2023-07-06 08:59:00,3.17,3.17,3.161,3.162,75.0,CCCC
2023-07-06 08:58:00,3.17,3.17,3.16,3.17,1465.0,CCCC
2023-07-06 08:57:00,3.152,3.152,3.15,3.15,13.0,CCCC
2023-07-06 08:56:00,3.189,3.189,3.189,3.189,39.0,CCCC
2023-07-06 08:55:00,3.17,3.18,3.17,3.17,1353.0,CCCC
2023-07-06 08:54:00,3.15,3.17,3.15,3.16,7662.0,CCCC
2023-07-06 08:53:00,3.159,3.16,3.15,3.15,474.0,CCCC
2023-07-06 08:52:00,3.16,3.16,3.15,3.152,365.0,CCCC
2023-07-06 08:51:00,3.151,3.151,3.151,3.151,4.0,CCCC
2023-07-06 08:50:00,3.152,3.16,3.15,3.15,614.0,CCCC
2023-07-06 08:49:00,3.15,3.16,3.15,3.159,1567.0,CCCC
2023-07-06 08:48:00,3.15,3.16,3.15,3.16,45.0,CCCC
2023-07-06 08:47:00,3.159,3.159,3.15,3.15,1730.0,CCCC
2023-07-06 08:46:00,3.15,3.15,3.15,3.15,1200.0,CCCC
2023-07-06 08:45:00,3.15,3.159,3.15,3.159,91.0,CCCC
2023-07-06 08:44:00,3.16,3.16,3.14,3.159,947.0,CCCC
2023-07-06 08:43:00,3.159,3.159,3.13,3.14,6182.0,CCCC
2023-07-06 08:42:00,3.159,3.159,3.132,3.132,29.0,CCCC
2023-07-06 08:41:00,3.16,3.16,3.13,3.158,264.0,CCCC
2023-07-06 08:40:00,3.142,3.142,3.14,3.14,375.0,CCCC
2023-07-06 08:39:00,3.152,3.152,3.14,3.15,1581.0,CCCC
2023-07-06 08:38:00,3.14,3.15,3.14,3.15,678.0,CCCC
2023-07-06 08:37:00,3.16,3.16,3.142,3.15,4327.0,CCCC
2023-07-06 08:36:00,3.162,3.162,3.162,3.162,22.0,CCCC
2023-07-06 08:35:00,3.17,3.18,3.16,3.16,1076.0,CCCC
2023-07-06 08:34:00,3.17,3.17,3.16,3.162,1293.0,CCCC
2023-07-06 08:33:00,3.161,3.17,3.161,3.169,514.0,CCCC
2023-07-06 08:32:00,3.16,3.17,3.16,3.17,392.0,CCCC
2023-07-06 08:31:00,3.162,3.17,3.16,3.16,594.0,CCCC
2023-07-06 08:30:00,3.15,3.17,3.14,3.162,5393.0,CCCC
2023-07-06 08:29:00,3.15,3.159,3.15,3.159,150.0,CCCC
2023-07-06 08:28:00,3.16,3.16,3.14,3.15,1038.0,CCCC
2023-07-06 08:26:00,3.142,3.142,3.142,3.142,240.0,CCCC
2023-07-06 08:25:00,3.141,3.142,3.14,3.142,1531.0,CCCC
2023-07-06 08:24:00,3.142,3.142,3.14,3.142,184.0,CCCC
2023-07-06 08:23:00,3.159,3.159,3.142,3.15,356.0,CCCC
2023-07-06 08:22:00,3.14,3.16,3.14,3.16,1574.0,CCCC
2023-07-06 08:21:00,3.14,3.142,3.14,3.142,2745.0,CCCC
2023-07-06 08:20:00,3.15,3.15,3.14,3.14,970.0,CCCC
2023-07-06 08:19:00,3.16,3.16,3.152,3.152,1880.0,CCCC
2023-07-06 08:18:00,3.162,3.17,3.16,3.16,1435.0,CCCC
2023-07-06 08:17:00,3.162,3.162,3.161,3.161,215.0,CCCC
2023-07-06 08:16:00,3.16,3.162,3.16,3.162,25.0,CCCC
2023-07-06 08:15:00,3.199,3.199,3.19,3.19,336.0,CCCC
2023-07-06 08:14:00,3.162,3.162,3.162,3.162,251.0,CCCC
2023-07-06 08:13:00,3.16,3.162,3.16,3.16,247.0,CCCC
2023-07-06 08:12:00,3.17,3.172,3.16,3.16,645.0,CCCC
2023-07-06 08:11:00,3.2,3.2,3.17,3.17,5306.0,CCCC
2023-07-06 08:10:00,3.18,3.182,3.15,3.182,1420.0,CCCC
2023-07-06 08:09:00,3.2,3.2,3.18,3.18,543.0,CCCC
2023-07-06 08:08:00,3.2,3.2,3.18,3.18,590.0,CCCC
2023-07-06 08:07:00,3.192,3.2,3.182,3.182,469.0,CCCC
2023-07-06 08:06:00,3.182,3.199,3.182,3.182,518.0,CCCC
2023-07-06 08:05:00,3.181,3.182,3.181,3.182,329.0,CCCC
2023-07-06 08:04:00,3.199,3.2,3.18,3.182,2834.0,CCCC
2023-07-06 08:03:00,3.32,3.33,3.19,3.199,4474.0,CCCC
2023-07-06 08:02:00,3.27,3.38,3.18,3.19,9592.0,CCCC
2023-07-06 08:01:00,3.322,3.38,3.082,3.27,19324.0,CCCC
2023-07-06 08:00:00,3.21,3.31,3.18,3.19,16538.0,CCCC
2023-07-06 07:58:00,3.19,3.19,3.18,3.18,1349.0,CCCC
2023-07-06 07:57:00,3.22,3.22,3.2,3.2,2400.0,CCCC
2023-07-06 07:54:00,3.24,3.24,3.24,3.24,990.0,CCCC
2023-07-06 07:51:00,3.24,3.24,3.24,3.24,10.0,CCCC
2023-07-06 07:48:00,3.23,3.24,3.22,3.24,690.0,CCCC
2023-07-06 07:42:00,3.22,3.22,3.22,3.22,540.0,CCCC
2023-07-06 07:40:00,3.23,3.23,3.22,3.22,100.0,CCCC
2023-07-06 07:38:00,3.21,3.21,3.21,3.21,170.0,CCCC
2023-07-06 07:36:00,3.21,3.24,3.21,3.24,1456.0,CCCC
2023-07-06 07:34:00,3.2,3.2,3.2,3.2,58.0,CCCC
2023-07-06 07:32:00,3.19,3.19,3.19,3.19,200.0,CCCC
2023-07-06 07:31:00,3.2,3.2,3.2,3.2,102.0,CCCC
2023-07-06 07:25:00,3.2,3.2,3.2,3.2,80.0,CCCC
2023-07-06 07:24:00,3.2,3.2,3.2,3.2,128.0,CCCC
2023-07-06 07:23:00,3.2,3.21,3.2,3.21,250.0,CCCC
2023-07-06 07:21:00,3.22,3.23,3.2,3.2,936.0,CCCC
2023-07-06 07:20:00,3.22,3.22,3.22,3.22,62.0,CCCC
2023-07-06 07:19:00,3.25,3.25,3.23,3.23,1100.0,CCCC
2023-07-06 07:18:00,3.21,3.21,3.21,3.21,10.0,CCCC
2023-07-06 07:17:00,3.25,3.25,3.25,3.25,52.0,CCCC
2023-07-06 07:12:00,3.25,3.26,3.25,3.26,991.0,CCCC
2023-07-06 07:11:00,3.22,3.22,3.22,3.22,11.0,CCCC
2023-07-06 07:10:00,3.21,3.22,3.21,3.22,11.0,CCCC
2023-07-06 07:07:00,3.22,3.22,3.22,3.22,206.0,CCCC
2023-07-06 07:03:00,3.22,3.25,3.22,3.25,2240.0,CCCC
2023-07-06 07:01:00,3.21,3.21,3.21,3.21,373.0,CCCC
2023-07-06 07:00:00,3.27,3.27,3.23,3.23,1252.0,CCCC
2023-07-06 06:55:00,3.22,3.22,3.21,3.21,238.0,CCCC
2023-07-06 06:54:00,3.23,3.23,3.22,3.22,750.0,CCCC
2023-07-06 06:51:00,3.27,3.27,3.15,3.22,7058.0,CCCC
2023-07-06 06:46:00,3.29,3.3,3.29,3.3,750.0,CCCC
2023-07-06 06:45:00,3.26,3.26,3.26,3.26,201.0,CCCC
2023-07-06 06:44:00,3.15,3.26,3.15,3.26,2380.0,CCCC
2023-07-06 06:43:00,3.18,3.18,3.17,3.17,117.0,CCCC
2023-07-06 06:40:00,3.15,3.17,3.15,3.17,48.0,CCCC
2023-07-06 06:39:00,3.17,3.19,3.17,3.19,100.0,CCCC
2023-07-06 06:38:00,3.16,3.16,3.16,3.16,40.0,CCCC
2023-07-06 06:37:00,3.12,3.12,3.11,3.11,201.0,CCCC
2023-07-06 06:36:00,3.16,3.16,3.16,3.16,1.0,CCCC
2023-07-06 06:35:00,3.17,3.17,3.17,3.17,23.0,CCCC
2023-07-06 06:33:00,3.09,3.18,3.09,3.18,905.0,CCCC
2023-07-06 06:30:00,3.1,3.1,3.08,3.08,739.0,CCCC
2023-07-06 06:29:00,3.18,3.18,3.09,3.09,2521.0,CCCC
2023-07-06 06:28:00,3.18,3.18,3.18,3.18,44.0,CCCC
2023-07-06 06:27:00,3.18,3.18,3.18,3.18,29.0,CCCC
2023-07-06 06:23:00,3.17,3.17,3.15,3.15,376.0,CCCC
2023-07-06 06:22:00,3.17,3.17,3.17,3.17,6.0,CCCC
2023-07-06 06:21:00,3.15,3.17,3.15,3.17,331.0,CCCC
2023-07-06 06:20:00,3.15,3.15,3.15,3.15,1.0,CCCC
2023-07-06 06:19:00,3.17,3.17,3.17,3.17,28.0,CCCC
2023-07-06 06:17:00,3.17,3.17,3.15,3.17,44.0,CCCC
2023-07-06 06:16:00,3.16,3.17,3.15,3.17,446.0,CCCC
2023-07-06 06:15:00,3.2,3.2,3.16,3.16,240.0,CCCC
2023-07-06 06:14:00,3.17,3.2,3.17,3.2,110.0,CCCC
2023-07-06 06:13:00,3.2,3.2,3.2,3.2,100.0,CCCC
2023-07-06 06:12:00,3.19,3.2,3.16,3.2,460.0,CCCC
2023-07-06 06:10:00,3.21,3.21,3.21,3.21,194.0,CCCC
2023-07-06 06:09:00,3.21,3.21,3.21,3.21,1006.0,CCCC
2023-07-06 06:08:00,3.22,3.22,3.22,3.22,12.0,CCCC
2023-07-06 06:07:00,3.22,3.22,3.22,3.22,487.0,CCCC
2023-07-06 06:06:00,3.25,3.25,3.22,3.23,1066.0,CCCC
2023-07-06 06:05:00,3.25,3.25,3.25,3.25,37.0,CCCC
2023-07-06 06:04:00,3.24,3.3,3.24,3.29,1000.0,CCCC
2023-07-06 05:41:00,3.23,3.23,3.22,3.22,20.0,CCCC
2023-07-06 05:37:00,3.21,3.21,3.21,3.21,14.0,CCCC
2023-07-06 05:36:00,3.21,3.21,3.21,3.21,10.0,CCCC
2023-07-06 05:35:00,3.2,3.2,3.2,3.2,2.0,CCCC
2023-07-06 05:25:00,3.2,3.2,3.2,3.2,38.0,CCCC
2023-07-06 05:24:00,3.2,3.2,3.2,3.2,50.0,CCCC
2023-07-06 05:22:00,3.2,3.2,3.2,3.2,10.0,CCCC
2023-07-06 05:21:00,3.2,3.2,3.2,3.2,9.0,CCCC
2023-07-06 05:17:00,3.19,3.19,3.19,3.19,60.0,CCCC
2023-07-06 05:16:00,3.2,3.2,3.2,3.2,1.0,CCCC
2023-07-06 05:12:00,3.21,3.21,3.21,3.21,5.0,CCCC
2023-07-06 05:11:00,3.2,3.21,3.2,3.21,134.0,CCCC
2023-07-06 05:08:00,3.19,3.19,3.19,3.19,366.0,CCCC
2023-07-06 05:07:00,3.19,3.19,3.19,3.19,344.0,CCCC
2023-07-06 05:06:00,3.2,3.2,3.2,3.2,156.0,CCCC
2023-07-06 04:57:00,3.21,3.21,3.21,3.21,1.0,CCCC
2023-07-06 04:55:00,3.2,3.2,3.2,3.2,58.0,CCCC
2023-07-06 04:49:00,3.21,3.23,3.21,3.23,254.0,CCCC
2023-07-06 04:48:00,3.21,3.21,3.21,3.21,1.0,CCCC
2023-07-06 04:47:00,3.21,3.21,3.21,3.21,11.0,CCCC
2023-07-06 04:46:00,3.21,3.21,3.21,3.21,132.0,CCCC
2023-07-06 04:45:00,3.23,3.23,3.21,3.21,686.0,CCCC
2023-07-06 04:41:00,3.27,3.27,3.27,3.27,1.0,CCCC
2023-07-06 04:40:00,3.23,3.23,3.23,3.23,467.0,CCCC
2023-07-06 04:38:00,3.23,3.23,3.23,3.23,228.0,CCCC
2023-07-06 04:37:00,3.26,3.26,3.23,3.23,20.0,CCCC
2023-07-06 04:34:00,3.23,3.23,3.23,3.23,250.0,CCCC
2023-07-06 04:33:00,3.24,3.24,3.24,3.24,250.0,CCCC
2023-07-06 04:30:00,3.26,3.26,3.26,3.26,100.0,CCCC
2023-07-06 04:22:00,3.26,3.26,3.26,3.26,1.0,CCCC
2023-07-06 04:21:00,3.24,3.24,3.24,3.24,100.0,CCCC
2023-07-06 04:20:00,3.235,3.24,3.235,3.24,400.0,CCCC
2023-07-06 04:19:00,3.25,3.25,3.24,3.24,1219.0,CCCC
2023-07-06 04:18:00,3.25,3.25,3.25,3.25,34.0,CCCC
2023-07-06 04:17:00,3.25,3.26,3.25,3.26,61.0,CCCC
2023-07-06 04:16:00,3.26,3.26,3.26,3.26,126.0,CCCC
2023-07-06 04:15:00,3.26,3.265,3.26,3.265,97.0,CCCC
2023-07-06 04:14:00,3.27,3.27,3.26,3.26,67.0,CCCC
2023-07-06 04:13:00,3.3,3.3,3.27,3.27,10.0,CCCC
2023-07-06 04:11:00,3.27,3.27,3.27,3.27,58.0,CCCC
2023-07-06 04:10:00,3.3,3.3,3.3,3.3,1.0,CCCC
2023-07-06 04:09:00,3.27,3.27,3.27,3.27,524.0,CCCC
2023-07-06 04:08:00,3.27,3.27,3.27,3.27,50.0,CCCC
2023-07-06 04:07:00,3.31,3.31,3.27,3.3,157.0,CCCC
2023-07-06 04:06:00,3.31,3.31,3.29,3.29,102.0,CCCC
2023-07-06 04:04:00,3.31,3.31,3.29,3.29,794.0,CCCC
2023-07-06 04:03:00,3.32,3.32,3.31,3.31,134.0,CCCC
2023-07-06 04:01:00,3.37,3.37,3.37,3.37,20.0,CCCC
2023-07-06 04:00:00,3.38,3.38,3.32,3.32,447.0,CCCC
2023-07-05 19:59:00,3.32,3.33,3.3,3.33,2282.0,CCCC
2023-07-05 19:58:00,3.31,3.31,3.31,3.31,768.0,CCCC
2023-07-05 19:57:00,3.319,3.319,3.319,3.319,10.0,CCCC
2023-07-05 19:56:00,3.32,3.32,3.32,3.32,51.0,CCCC
2023-07-05 19:55:00,3.33,3.33,3.33,3.33,150.0,CCCC
2023-07-05 19:52:00,3.31,3.32,3.31,3.32,1025.0,CCCC
2023-07-05 19:44:00,3.31,3.31,3.31,3.31,1170.0,CCCC
2023-07-05 19:43:00,3.31,3.31,3.3,3.3,100.0,CCCC
2023-07-05 19:34:00,3.3,3.3,3.3,3.3,200.0,CCCC
2023-07-05 19:30:00,3.3,3.3,3.3,3.3,400.0,CCCC
2023-07-05 19:29:00,3.3,3.31,3.3,3.31,53.0,CCCC
2023-07-05 19:25:00,3.3,3.3,3.3,3.3,68.0,CCCC
2023-07-05 19:24:00,3.3,3.3,3.3,3.3,200.0,CCCC
2023-07-05 19:23:00,3.31,3.31,3.3,3.3,528.0,CCCC
2023-07-05 19:19:00,3.31,3.31,3.31,3.31,30.0,CCCC
2023-07-05 19:17:00,3.3,3.31,3.3,3.31,2900.0,CCCC
2023-07-05 19:16:00,3.309,3.31,3.309,3.31,211.0,CCCC
2023-07-05 19:13:00,3.3,3.3,3.3,3.3,100.0,CCCC
2023-07-05 19:09:00,3.3,3.3,3.3,3.3,795.0,CCCC
2023-07-05 19:08:00,3.31,3.31,3.31,3.31,28.0,CCCC
2023-07-05 19:02:00,3.3,3.3,3.3,3.3,300.0,CCCC
2023-07-05 19:01:00,3.31,3.31,3.31,3.31,2010.0,CCCC
2023-07-05 18:59:00,3.301,3.301,3.3,3.3,630.0,CCCC
2023-07-05 18:57:00,3.31,3.31,3.31,3.31,150.0,CCCC
2023-07-05 18:55:00,3.31,3.31,3.31,3.31,100.0,CCCC
2023-07-05 18:54:00,3.31,3.31,3.31,3.31,1200.0,CCCC
2023-07-05 18:42:00,3.3,3.31,3.3,3.31,290.0,CCCC
2023-07-05 18:38:00,3.31,3.31,3.31,3.31,500.0,CCCC
2023-07-05 18:37:00,3.3,3.3,3.3,3.3,1000.0,CCCC
2023-07-05 18:36:00,3.301,3.301,3.301,3.301,1.0,CCCC
2023-07-05 18:34:00,3.31,3.31,3.31,3.31,2.0,CCCC
2023-07-05 18:32:00,3.3,3.3,3.3,3.3,1492.0,CCCC
2023-07-05 18:31:00,3.31,3.31,3.309,3.309,505.0,CCCC
2023-07-05 18:24:00,3.3,3.3,3.3,3.3,176.0,CCCC
2023-07-05 18:22:00,3.3,3.3,3.3,3.3,100.0,CCCC
2023-07-05 18:21:00,3.31,3.31,3.31,3.31,200.0,CCCC
2023-07-05 18:17:00,3.3,3.3,3.3,3.3,600.0,CCCC
2023-07-05 18:16:00,3.301,3.301,3.301,3.301,1221.0,CCCC
2023-07-05 18:14:00,3.3,3.3,3.3,3.3,18.0,CCCC
2023-07-05 18:13:00,3.3,3.3,3.3,3.3,100.0,CCCC
2023-07-05 18:11:00,3.309,3.309,3.309,3.309,15.0,CCCC
2023-07-05 18:09:00,3.3,3.3,3.3,3.3,16.0,CCCC
2023-07-05 18:08:00,3.31,3.31,3.3,3.3,16.0,CCCC
2023-07-05 18:05:00,3.33,3.33,3.31,3.31,2209.0,CCCC
2023-07-05 18:04:00,3.32,3.32,3.3,3.32,1291.0,CCCC
2023-07-05 18:00:00,3.3,3.3,3.3,3.3,10.0,CCCC
2023-07-05 17:59:00,3.3,3.3,3.3,3.3,16.0,CCCC
2023-07-05 17:58:00,3.3,3.3,3.3,3.3,263.0,CCCC
2023-07-05 17:56:00,3.31,3.31,3.3,3.3,101.0,CCCC
2023-07-05 17:52:00,3.31,3.31,3.31,3.31,445.0,CCCC
2023-07-05 17:51:00,3.31,3.31,3.31,3.31,592.0,CCCC
2023-07-05 17:50:00,3.31,3.31,3.31,3.31,90.0,CCCC
2023-07-05 17:49:00,3.31,3.31,3.31,3.31,200.0,CCCC
2023-07-05 17:48:00,3.311,3.311,3.311,3.311,5.0,CCCC
2023-07-05 17:46:00,3.31,3.31,3.31,3.31,318.0,CCCC
2023-07-05 17:45:00,3.31,3.31,3.31,3.31,100.0,CCCC
2023-07-05 17:42:00,3.33,3.33,3.31,3.31,351.0,CCCC
2023-07-05 17:41:00,3.329,3.329,3.329,3.329,3164.0,CCCC
2023-07-05 17:40:00,3.33,3.33,3.33,3.33,100.0,CCCC
2023-07-05 17:39:00,3.33,3.33,3.33,3.33,1.0,CCCC
2023-07-05 17:38:00,3.3,3.3,3.3,3.3,4.0,CCCC
2023-07-05 17:37:00,3.3,3.3,3.3,3.3,110.0,CCCC
2023-07-05 17:36:00,3.32,3.32,3.3,3.3,1533.0,CCCC
2023-07-05 17:35:00,3.32,3.34,3.312,3.34,4784.0,CCCC
2023-07-05 17:34:00,3.32,3.32,3.311,3.311,225.0,CCCC
2023-07-05 17:33:00,3.32,3.32,3.32,3.32,302.0,CCCC
2023-07-05 17:32:00,3.32,3.32,3.32,3.32,285.0,CCCC
2023-07-05 17:31:00,3.31,3.32,3.31,3.31,216.0,CCCC
2023-07-05 17:30:00,3.31,3.31,3.31,3.31,62.0,CCCC
2023-07-05 17:29:00,3.31,3.32,3.31,3.312,167.0,CCCC
2023-07-05 17:28:00,3.32,3.32,3.32,3.32,16.0,CCCC
2023-07-05 17:27:00,3.309,3.31,3.309,3.31,48.0,CCCC
2023-07-05 17:26:00,3.31,3.31,3.31,3.31,113.0,CCCC
2023-07-05 17:25:00,3.31,3.31,3.31,3.31,191.0,CCCC
2023-07-05 17:24:00,3.31,3.31,3.31,3.31,585.0,CCCC
2023-07-05 17:23:00,3.31,3.31,3.31,3.31,50.0,CCCC
2023-07-05 17:22:00,3.312,3.312,3.312,3.312,15.0,CCCC
2023-07-05 17:21:00,3.312,3.312,3.312,3.312,13.0,CCCC
2023-07-05 17:20:00,3.31,3.329,3.31,3.329,185.0,CCCC
2023-07-05 17:19:00,3.31,3.32,3.31,3.31,759.0,CCCC
2023-07-05 17:17:00,3.31,3.31,3.3,3.3,188.0,CCCC
2023-07-05 17:16:00,3.302,3.31,3.302,3.31,441.0,CCCC
2023-07-05 17:15:00,3.31,3.31,3.31,3.31,400.0,CCCC
2023-07-05 17:13:00,3.302,3.31,3.3,3.31,3439.0,CCCC
2023-07-05 17:12:00,3.3,3.3,3.3,3.3,1323.0,CCCC
2023-07-05 17:11:00,3.319,3.319,3.319,3.319,187.0,CCCC
2023-07-05 17:10:00,3.31,3.31,3.31,3.31,585.0,CCCC
2023-07-05 17:09:00,3.31,3.31,3.31,3.31,10.0,CCCC
2023-07-05 17:08:00,3.31,3.31,3.31,3.31,160.0,CCCC
2023-07-05 17:07:00,3.31,3.31,3.31,3.31,40.0,CCCC
2023-07-05 17:06:00,3.31,3.32,3.31,3.32,1419.0,CCCC
2023-07-05 17:05:00,3.312,3.312,3.312,3.312,10.0,CCCC
2023-07-05 17:04:00,3.32,3.32,3.31,3.31,7.0,CCCC
2023-07-05 17:02:00,3.31,3.33,3.31,3.33,110.0,CCCC
2023-07-05 17:01:00,3.312,3.312,3.31,3.312,461.0,CCCC
2023-07-05 17:00:00,3.31,3.31,3.31,3.31,5.0,CCCC
2023-07-05 16:58:00,3.312,3.329,3.31,3.329,281.0,CCCC
2023-07-05 16:57:00,3.31,3.31,3.31,3.31,42.0,CCCC
2023-07-05 16:56:00,3.32,3.32,3.31,3.311,1705.0,CCCC
2023-07-05 16:55:00,3.312,3.312,3.311,3.311,212.0,CCCC
2023-07-05 16:54:00,3.33,3.33,3.31,3.31,10962.0,CCCC
2023-07-05 16:53:00,3.31,3.31,3.31,3.31,170.0,CCCC
2023-07-05 16:51:00,3.33,3.33,3.3,3.3,113.0,CCCC
2023-07-05 16:50:00,3.329,3.329,3.329,3.329,1.0,CCCC
2023-07-05 16:49:00,3.32,3.339,3.32,3.33,2754.0,CCCC
2023-07-05 16:48:00,3.31,3.312,3.31,3.311,116.0,CCCC
2023-07-05 16:47:00,3.301,3.301,3.301,3.301,258.0,CCCC
2023-07-05 16:46:00,3.3,3.31,3.3,3.31,1599.0,CCCC
2023-07-05 16:45:00,3.302,3.31,3.302,3.31,522.0,CCCC
2023-07-05 16:44:00,3.302,3.302,3.3,3.3,1343.0,CCCC
2023-07-05 16:43:00,3.32,3.32,3.302,3.302,614.0,CCCC
2023-07-05 16:41:00,3.3,3.302,3.3,3.3,1000.0,CCCC
2023-07-05 16:40:00,3.3,3.302,3.3,3.302,855.0,CCCC
2023-07-05 16:39:00,3.29,3.3,3.29,3.3,471.0,CCCC
2023-07-05 16:38:00,3.29,3.29,3.29,3.29,3.0,CCCC
2023-07-05 16:37:00,3.3,3.3,3.29,3.29,1214.0,CCCC
2023-07-05 16:36:00,3.3,3.3,3.3,3.3,985.0,CCCC
2023-07-05 16:35:00,3.3,3.3,3.3,3.3,362.0,CCCC
2023-07-05 16:34:00,3.3,3.3,3.3,3.3,2870.0,CCCC
2023-07-05 16:33:00,3.31,3.31,3.302,3.302,233.0,CCCC
2023-07-05 16:32:00,3.31,3.31,3.3,3.31,1036.0,CCCC
2023-07-05 16:31:00,3.302,3.302,3.3,3.3,330.0,CCCC
2023-07-05 16:30:00,3.3,3.31,3.3,3.3,805.0,CCCC
2023-07-05 16:29:00,3.3,3.302,3.3,3.302,151.0,CCCC
2023-07-05 16:28:00,3.3,3.3,3.29,3.3,1330.0,CCCC
2023-07-05 16:27:00,3.302,3.302,3.302,3.302,30.0,CCCC
2023-07-05 16:26:00,3.3,3.3,3.3,3.3,100.0,CCCC
2023-07-05 16:25:00,3.29,3.3,3.29,3.3,259.0,CCCC
2023-07-05 16:24:00,3.3,3.3,3.3,3.3,32.0,CCCC
2023-07-05 16:23:00,3.34,3.34,3.3,3.3,1376.0,CCCC
2023-07-05 16:22:00,3.33,3.34,3.31,3.34,4233.0,CCCC
2023-07-05 16:21:00,3.35,3.35,3.34,3.34,502.0,CCCC
2023-07-05 16:20:00,3.33,3.33,3.31,3.31,1806.0,CCCC
2023-07-05 16:19:00,3.349,3.349,3.31,3.33,135.0,CCCC
2023-07-05 16:18:00,3.33,3.35,3.33,3.35,540.0,CCCC
2023-07-05 16:17:00,3.332,3.332,3.33,3.33,394.0,CCCC
2023-07-05 16:15:00,3.33,3.33,3.33,3.33,1301.0,CCCC
2023-07-05 16:14:00,3.33,3.33,3.33,3.33,100.0,CCCC
2023-07-05 16:13:00,3.35,3.35,3.35,3.35,80.0,CCCC
2023-07-05 16:12:00,3.34,3.34,3.34,3.34,4649.0,CCCC
2023-07-05 16:11:00,3.32,3.35,3.32,3.35,1030.0,CCCC
2023-07-05 16:10:00,3.322,3.322,3.322,3.322,23.0,CCCC
2023-07-05 16:09:00,3.33,3.33,3.32,3.32,3739.0,CCCC
2023-07-05 16:08:00,3.34,3.34,3.34,3.34,2117.0,CCCC
2023-07-05 16:07:00,3.33,3.35,3.33,3.34,1069.0,CCCC
2023-07-05 16:06:00,3.33,3.332,3.33,3.332,1407.0,CCCC
2023-07-05 16:05:00,3.34,3.35,3.32,3.32,3535.0,CCCC
2023-07-05 16:04:00,3.35,3.35,3.31,3.31,1058.0,CCCC
2023-07-05 16:03:00,3.35,3.35,3.35,3.35,10.0,CCCC
2023-07-05 16:02:00,3.33,3.35,3.33,3.35,2501.0,CCCC
2023-07-05 16:01:00,3.3,3.32,3.3,3.32,3240.0,CCCC
2023-07-05 16:00:00,3.32,3.327,3.28,3.28,117626.0,CCCC
2023-07-05 15:59:00,3.32,3.33,3.31,3.327,76787.0,CCCC
2023-07-05 15:58:00,3.33,3.34,3.32,3.332,37278.0,CCCC
2023-07-05 15:57:00,3.325,3.33,3.32,3.325,17381.0,CCCC
2023-07-05 15:56:00,3.329,3.33,3.32,3.325,7722.0,CCCC
2023-07-05 15:55:00,3.322,3.33,3.32,3.32,15321.0,CCCC
2023-07-05 15:54:00,3.33,3.33,3.32,3.325,28736.0,CCCC
2023-07-05 15:53:00,3.33,3.34,3.32,3.33,29480.0,CCCC
2023-07-05 15:52:00,3.335,3.34,3.33,3.331,2860.0,CCCC
2023-07-05 15:51:00,3.335,3.34,3.33,3.34,15875.0,CCCC
2023-07-05 15:50:00,3.333,3.34,3.33,3.33,13998.0,CCCC
2023-07-05 15:49:00,3.33,3.34,3.325,3.331,19425.0,CCCC
2023-07-05 15:48:00,3.345,3.345,3.33,3.33,12292.0,CCCC
2023-07-05 15:47:00,3.35,3.36,3.341,3.35,20723.0,CCCC
2023-07-05 15:46:00,3.35,3.359,3.35,3.359,14204.0,CCCC
2023-07-05 15:45:00,3.35,3.36,3.35,3.355,4651.0,CCCC
2023-07-05 15:44:00,3.358,3.36,3.35,3.355,10494.0,CCCC
2023-07-05 15:43:00,3.351,3.36,3.35,3.355,9219.0,CCCC
2023-07-05 15:42:00,3.36,3.365,3.35,3.35,37501.0,CCCC
2023-07-05 15:41:00,3.37,3.375,3.35,3.361,41104.0,CCCC
2023-07-05 15:40:00,3.38,3.385,3.37,3.371,22099.0,CCCC
2023-07-05 15:39:00,3.39,3.39,3.37,3.382,22083.0,CCCC
2023-07-05 15:38:00,3.405,3.405,3.39,3.39,11606.0,CCCC
2023-07-05 15:37:00,3.405,3.41,3.4,3.405,12838.0,CCCC
2023-07-05 15:36:00,3.41,3.415,3.4,3.401,27554.0,CCCC
2023-07-05 15:35:00,3.41,3.42,3.41,3.415,12175.0,CCCC
2023-07-05 15:34:00,3.41,3.415,3.395,3.41,17774.0,CCCC
2023-07-05 15:33:00,3.41,3.415,3.41,3.411,3685.0,CCCC
2023-07-05 15:32:00,3.41,3.42,3.41,3.411,7308.0,CCCC
2023-07-05 15:31:00,3.42,3.43,3.4,3.411,49755.0,CCCC
2023-07-05 15:30:00,3.422,3.425,3.42,3.42,2828.0,CCCC
2023-07-05 15:29:00,3.4,3.43,3.4,3.421,15249.0,CCCC
2023-07-05 15:28:00,3.42,3.42,3.4,3.405,26878.0,CCCC
2023-07-05 15:27:00,3.42,3.43,3.42,3.421,11549.0,CCCC
2023-07-05 15:26:00,3.42,3.44,3.42,3.43,14845.0,CCCC
2023-07-05 15:25:00,3.431,3.435,3.41,3.425,56406.0,CCCC
2023-07-05 15:24:00,3.439,3.45,3.43,3.44,21826.0,CCCC
2023-07-05 15:23:00,3.42,3.47,3.42,3.44,54311.0,CCCC
2023-07-05 15:22:00,3.41,3.43,3.405,3.42,25632.0,CCCC
2023-07-05 15:21:00,3.401,3.41,3.4,3.4,5509.0,CCCC
2023-07-05 15:20:00,3.404,3.405,3.401,3.405,2805.0,CCCC
2023-07-05 15:19:00,3.41,3.41,3.4,3.405,9199.0,CCCC
2023-07-05 15:18:00,3.411,3.419,3.41,3.41,6372.0,CCCC
2023-07-05 15:17:00,3.399,3.42,3.395,3.41,21284.0,CCCC
2023-07-05 15:16:00,3.398,3.4,3.39,3.39,4900.0,CCCC
2023-07-05 15:15:00,3.39,3.395,3.39,3.39,1294.0,CCCC
2023-07-05 15:14:00,3.39,3.395,3.39,3.392,1627.0,CCCC
2023-07-05 15:13:00,3.391,3.399,3.39,3.39,4789.0,CCCC
2023-07-05 15:12:00,3.391,3.395,3.391,3.395,3128.0,CCCC
2023-07-05 15:11:00,3.402,3.41,3.4,3.4,10377.0,CCCC
2023-07-05 15:10:00,3.401,3.41,3.4,3.4,8749.0,CCCC
2023-07-05 15:09:00,3.375,3.405,3.37,3.405,22659.0,CCCC
2023-07-05 15:08:00,3.409,3.409,3.37,3.375,39516.0,CCCC
2023-07-05 15:07:00,3.409,3.41,3.4,3.4,7878.0,CCCC
2023-07-05 15:06:00,3.399,3.41,3.395,3.401,9227.0,CCCC
2023-07-05 15:05:00,3.401,3.41,3.39,3.395,19194.0,CCCC
2023-07-05 15:04:00,3.381,3.405,3.381,3.4,19900.0,CCCC
2023-07-05 15:03:00,3.41,3.415,3.38,3.384,47978.0,CCCC
2023-07-05 15:02:00,3.43,3.44,3.415,3.415,24605.0,CCCC
2023-07-05 15:01:00,3.42,3.43,3.412,3.429,14927.0,CCCC
2023-07-05 15:00:00,3.42,3.42,3.41,3.42,23284.0,CCCC
2023-07-05 14:59:00,3.425,3.45,3.42,3.421,28879.0,CCCC
2023-07-05 14:58:00,3.41,3.43,3.41,3.43,9100.0,CCCC
2023-07-05 14:57:00,3.415,3.415,3.401,3.41,4064.0,CCCC
2023-07-05 14:56:00,3.43,3.43,3.4,3.41,48110.0,CCCC
2023-07-05 14:55:00,3.415,3.441,3.36,3.425,169923.0,CCCC
2023-07-05 14:54:00,3.415,3.425,3.41,3.42,16040.0,CCCC
2023-07-05 14:53:00,3.409,3.42,3.409,3.412,20260.0,CCCC
2023-07-05 14:52:00,3.404,3.41,3.39,3.4,35638.0,CCCC
2023-07-05 14:51:00,3.399,3.409,3.399,3.405,14893.0,CCCC
2023-07-05 14:50:00,3.391,3.4,3.39,3.395,8067.0,CCCC
2023-07-05 14:49:00,3.415,3.42,3.39,3.39,10901.0,CCCC
2023-07-05 14:48:00,3.39,3.42,3.39,3.41,73520.0,CCCC
2023-07-05 14:47:00,3.421,3.43,3.38,3.391,63482.0,CCCC
2023-07-05 14:46:00,3.41,3.43,3.4,3.421,74778.0,CCCC
2023-07-05 14:45:00,3.389,3.42,3.385,3.41,69030.0,CCCC
2023-07-05 14:44:00,3.39,3.39,3.37,3.385,22069.0,CCCC
2023-07-05 14:43:00,3.395,3.395,3.38,3.388,17144.0,CCCC
2023-07-05 14:42:00,3.362,3.4,3.362,3.39,49190.0,CCCC
2023-07-05 14:41:00,3.375,3.39,3.36,3.36,45720.0,CCCC
2023-07-05 14:40:00,3.36,3.379,3.36,3.375,20024.0,CCCC
2023-07-05 14:39:00,3.37,3.4,3.36,3.36,86273.0,CCCC
2023-07-05 14:38:00,3.33,3.37,3.33,3.361,54292.0,CCCC
2023-07-05 14:37:00,3.33,3.33,3.321,3.33,2120.0,CCCC
2023-07-05 14:36:00,3.325,3.325,3.32,3.32,1389.0,CCCC
2023-07-05 14:35:00,3.33,3.33,3.33,3.33,3235.0,CCCC
2023-07-05 14:34:00,3.321,3.33,3.32,3.33,4087.0,CCCC
2023-07-05 14:33:00,3.33,3.33,3.322,3.33,509.0,CCCC
2023-07-05 14:32:00,3.33,3.33,3.325,3.33,638.0,CCCC
2023-07-05 14:31:00,3.33,3.34,3.32,3.328,16950.0,CCCC
2023-07-05 14:30:00,3.33,3.34,3.321,3.34,2859.0,CCCC
2023-07-05 14:29:00,3.33,3.33,3.32,3.322,18087.0,CCCC
2023-07-05 14:28:00,3.349,3.35,3.33,3.34,43527.0,CCCC
2023-07-05 14:27:00,3.335,3.35,3.33,3.35,51548.0,CCCC
2023-07-05 14:26:00,3.318,3.34,3.31,3.34,19638.0,CCCC
2023-07-05 14:25:00,3.315,3.315,3.311,3.315,1580.0,CCCC
2023-07-05 14:24:00,3.305,3.32,3.305,3.32,4813.0,CCCC
2023-07-05 14:23:00,3.305,3.309,3.301,3.305,6507.0,CCCC
2023-07-05 14:22:00,3.3,3.31,3.3,3.305,8109.0,CCCC
2023-07-05 14:21:00,3.301,3.305,3.295,3.295,6798.0,CCCC
2023-07-05 14:20:00,3.3,3.31,3.3,3.305,3493.0,CCCC
2023-07-05 14:19:00,3.311,3.311,3.3,3.301,3128.0,CCCC
2023-07-05 14:18:00,3.311,3.315,3.31,3.315,1865.0,CCCC
2023-07-05 14:17:00,3.31,3.319,3.31,3.315,2621.0,CCCC
2023-07-05 14:16:00,3.331,3.335,3.3,3.301,20026.0,CCCC
2023-07-05 14:15:00,3.345,3.35,3.32,3.335,82562.0,CCCC
2023-07-05 14:14:00,3.3,3.35,3.3,3.349,111437.0,CCCC
2023-07-05 14:13:00,3.305,3.31,3.3,3.3,5623.0,CCCC
2023-07-05 14:12:00,3.3,3.31,3.3,3.3,14513.0,CCCC
2023-07-05 14:11:00,3.28,3.311,3.28,3.3,43328.0,CCCC
2023-07-05 14:10:00,3.305,3.305,3.28,3.28,36539.0,CCCC
2023-07-05 14:09:00,3.3,3.305,3.3,3.3,1376.0,CCCC
2023-07-05 14:08:00,3.301,3.308,3.3,3.3,3643.0,CCCC
2023-07-05 14:07:00,3.3,3.301,3.3,3.3,1961.0,CCCC
2023-07-05 14:06:00,3.305,3.305,3.3,3.3,255.0,CCCC
2023-07-05 14:05:00,3.3,3.31,3.3,3.305,13439.0,CCCC
2023-07-05 14:04:00,3.302,3.302,3.3,3.3,1518.0,CCCC
2023-07-05 14:03:00,3.301,3.307,3.301,3.305,2079.0,CCCC
2023-07-05 14:02:00,3.3,3.309,3.3,3.3,1452.0,CCCC
2023-07-05 14:01:00,3.3,3.31,3.3,3.305,6457.0,CCCC
2023-07-05 14:00:00,3.301,3.305,3.3,3.305,3284.0,CCCC
2023-07-05 13:59:00,3.305,3.305,3.3,3.305,2486.0,CCCC
2023-07-05 13:58:00,3.3,3.305,3.3,3.3,5566.0,CCCC
2023-07-05 13:57:00,3.305,3.305,3.3,3.3,1552.0,CCCC
2023-07-05 13:56:00,3.31,3.31,3.3,3.3,3330.0,CCCC
2023-07-05 13:55:00,3.3,3.31,3.3,3.31,1047.0,CCCC
2023-07-05 13:54:00,3.305,3.31,3.3,3.31,2686.0,CCCC
2023-07-05 13:53:00,3.31,3.31,3.3,3.3,12424.0,CCCC
2023-07-05 13:52:00,3.291,3.31,3.291,3.31,28929.0,CCCC
2023-07-05 13:51:00,3.29,3.3,3.29,3.299,2255.0,CCCC
2023-07-05 13:50:00,3.295,3.3,3.29,3.292,10366.0,CCCC
2023-07-05 13:49:00,3.291,3.3,3.29,3.295,6921.0,CCCC
2023-07-05 13:48:00,3.295,3.3,3.292,3.295,4564.0,CCCC
2023-07-05 13:47:00,3.291,3.295,3.291,3.295,5179.0,CCCC
2023-07-05 13:46:00,3.291,3.295,3.29,3.295,833.0,CCCC
2023-07-05 13:45:00,3.301,3.301,3.29,3.29,5518.0,CCCC
2023-07-05 13:44:00,3.31,3.31,3.301,3.305,7250.0,CCCC
2023-07-05 13:43:00,3.3,3.32,3.3,3.31,29447.0,CCCC
2023-07-05 13:42:00,3.3,3.31,3.29,3.3,34167.0,CCCC
2023-07-05 13:41:00,3.295,3.305,3.295,3.305,21979.0,CCCC
2023-07-05 13:40:00,3.295,3.3,3.29,3.292,3915.0,CCCC
2023-07-05 13:39:00,3.295,3.3,3.29,3.295,7455.0,CCCC
2023-07-05 13:38:00,3.29,3.3,3.29,3.295,11990.0,CCCC
2023-07-05 13:37:00,3.292,3.3,3.29,3.29,9334.0,CCCC
2023-07-05 13:36:00,3.3,3.302,3.29,3.29,18134.0,CCCC
2023-07-05 13:35:00,3.3,3.31,3.29,3.3,41874.0,CCCC
2023-07-05 13:34:00,3.291,3.3,3.29,3.29,657.0,CCCC
2023-07-05 13:33:00,3.3,3.31,3.29,3.299,37390.0,CCCC
2023-07-05 13:32:00,3.28,3.3,3.28,3.3,66142.0,CCCC
2023-07-05 13:31:00,3.281,3.29,3.28,3.28,11659.0,CCCC
2023-07-05 13:30:00,3.29,3.29,3.28,3.29,8371.0,CCCC
2023-07-05 13:29:00,3.285,3.29,3.28,3.281,11890.0,CCCC
2023-07-05 13:28:00,3.278,3.29,3.27,3.28,25310.0,CCCC
2023-07-05 13:27:00,3.27,3.278,3.27,3.275,2143.0,CCCC
2023-07-05 13:26:00,3.27,3.279,3.26,3.271,41177.0,CCCC
2023-07-05 13:25:00,3.27,3.28,3.27,3.271,11540.0,CCCC
2023-07-05 13:24:00,3.27,3.28,3.27,3.27,15008.0,CCCC
2023-07-05 13:23:00,3.27,3.275,3.27,3.27,10271.0,CCCC
2023-07-05 13:22:00,3.27,3.289,3.27,3.271,35334.0,CCCC
2023-07-05 13:21:00,3.255,3.275,3.255,3.27,48087.0,CCCC
2023-07-05 13:20:00,3.25,3.26,3.25,3.26,19828.0,CCCC
2023-07-05 13:19:00,3.24,3.25,3.24,3.245,5661.0,CCCC
2023-07-05 13:18:00,3.24,3.25,3.24,3.25,3335.0,CCCC
2023-07-05 13:17:00,3.245,3.25,3.242,3.248,2102.0,CCCC
2023-07-05 13:16:00,3.245,3.25,3.24,3.25,8834.0,CCCC
2023-07-05 13:15:00,3.23,3.245,3.23,3.245,18856.0,CCCC
2023-07-05 13:14:00,3.25,3.25,3.23,3.238,23720.0,CCCC
2023-07-05 13:13:00,3.245,3.26,3.24,3.25,20189.0,CCCC
2023-07-05 13:12:00,3.23,3.25,3.23,3.24,51364.0,CCCC
2023-07-05 13:11:00,3.23,3.24,3.22,3.23,19929.0,CCCC
2023-07-05 13:10:00,3.225,3.23,3.22,3.23,18998.0,CCCC
2023-07-05 13:09:00,3.21,3.23,3.21,3.222,72487.0,CCCC
2023-07-05 13:08:00,3.205,3.22,3.2,3.219,32452.0,CCCC
2023-07-05 13:07:00,3.23,3.23,3.19,3.205,48380.0,CCCC
2023-07-05 13:06:00,3.16,3.23,3.16,3.225,170002.0,CCCC
2023-07-05 13:05:00,3.29,3.29,3.14,3.15,419463.0,CCCC
2023-07-05 13:04:00,3.291,3.292,3.29,3.29,4130.0,CCCC
2023-07-05 13:03:00,3.31,3.31,3.29,3.29,7892.0,CCCC
2023-07-05 13:02:00,3.305,3.305,3.3,3.302,5613.0,CCCC
2023-07-05 13:01:00,3.3,3.31,3.3,3.31,1393.0,CCCC
2023-07-05 13:00:00,3.308,3.31,3.3,3.3,2009.0,CCCC
2023-07-05 12:59:00,3.301,3.301,3.3,3.301,2705.0,CCCC
2023-07-05 12:58:00,3.308,3.308,3.3,3.3,2619.0,CCCC
2023-07-05 12:57:00,3.31,3.314,3.3,3.3,21242.0,CCCC
2023-07-05 12:56:00,3.311,3.311,3.31,3.31,12311.0,CCCC
2023-07-05 12:55:00,3.3,3.31,3.3,3.31,29554.0,CCCC
2023-07-05 12:54:00,3.3,3.305,3.3,3.3,1018.0,CCCC
2023-07-05 12:53:00,3.305,3.305,3.3,3.3,5212.0,CCCC
2023-07-05 12:52:00,3.3,3.309,3.3,3.304,18524.0,CCCC
2023-07-05 12:51:00,3.302,3.305,3.3,3.301,6472.0,CCCC
2023-07-05 12:50:00,3.31,3.31,3.3,3.301,16481.0,CCCC
2023-07-05 12:49:00,3.301,3.32,3.301,3.31,33124.0,CCCC
2023-07-05 12:48:00,3.3,3.305,3.3,3.3,10721.0,CCCC
2023-07-05 12:47:00,3.3,3.31,3.3,3.301,8475.0,CCCC
2023-07-05 12:46:00,3.3,3.301,3.3,3.301,2908.0,CCCC
2023-07-05 12:45:00,3.3,3.304,3.3,3.3,8803.0,CCCC
2023-07-05 12:44:00,3.3,3.301,3.3,3.3,11778.0,CCCC
2023-07-05 12:43:00,3.3,3.305,3.3,3.3,6197.0,CCCC
2023-07-05 12:42:00,3.301,3.305,3.3,3.302,7463.0,CCCC
2023-07-05 12:41:00,3.308,3.31,3.3,3.301,57329.0,CCCC
2023-07-05 12:40:00,3.305,3.31,3.3,3.305,2603.0,CCCC
2023-07-05 12:39:00,3.305,3.31,3.3,3.3,1805.0,CCCC
2023-07-05 12:38:00,3.305,3.305,3.3,3.305,1128.0,CCCC
2023-07-05 12:37:00,3.302,3.31,3.3,3.3,6255.0,CCCC
2023-07-05 12:36:00,3.305,3.309,3.3,3.3,4700.0,CCCC
2023-07-05 12:35:00,3.302,3.31,3.3,3.305,8645.0,CCCC
2023-07-05 12:34:00,3.31,3.32,3.3,3.305,8576.0,CCCC
2023-07-05 12:33:00,3.3,3.31,3.3,3.305,883.0,CCCC
2023-07-05 12:32:00,3.312,3.312,3.301,3.301,8916.0,CCCC
2023-07-05 12:31:00,3.31,3.32,3.31,3.315,7088.0,CCCC
2023-07-05 12:30:00,3.31,3.315,3.31,3.31,5923.0,CCCC
2023-07-05 12:29:00,3.305,3.315,3.3,3.31,7038.0,CCCC
2023-07-05 12:28:00,3.305,3.319,3.3,3.3,32508.0,CCCC
2023-07-05 12:27:00,3.305,3.31,3.3,3.305,1796.0,CCCC
2023-07-05 12:26:00,3.301,3.31,3.3,3.301,14317.0,CCCC
2023-07-05 12:25:00,3.31,3.31,3.3,3.3,50586.0,CCCC
2023-07-05 12:24:00,3.3,3.301,3.3,3.301,585.0,CCCC
2023-07-05 12:23:00,3.31,3.31,3.3,3.305,4694.0,CCCC
2023-07-05 12:22:00,3.302,3.302,3.302,3.302,239.0,CCCC
2023-07-05 12:21:00,3.31,3.31,3.3,3.301,5094.0,CCCC
2023-07-05 12:20:00,3.301,3.31,3.3,3.309,6584.0,CCCC
2023-07-05 12:19:00,3.31,3.31,3.3,3.3,4655.0,CCCC
2023-07-05 12:18:00,3.31,3.31,3.31,3.31,835.0,CCCC
2023-07-05 12:17:00,3.311,3.315,3.31,3.315,1159.0,CCCC
2023-07-05 12:16:00,3.311,3.33,3.31,3.32,8474.0,CCCC
2023-07-05 12:15:00,3.321,3.321,3.32,3.32,6335.0,CCCC
2023-07-05 12:14:00,3.32,3.329,3.32,3.32,3022.0,CCCC
2023-07-05 12:13:00,3.32,3.32,3.32,3.32,4120.0,CCCC
2023-07-05 12:12:00,3.325,3.33,3.32,3.32,7001.0,CCCC
2023-07-05 12:11:00,3.325,3.33,3.32,3.32,12668.0,CCCC
2023-07-05 12:10:00,3.325,3.33,3.32,3.325,10518.0,CCCC
2023-07-05 12:09:00,3.3,3.34,3.3,3.328,51446.0,CCCC
2023-07-05 12:08:00,3.29,3.3,3.29,3.3,17009.0,CCCC
2023-07-05 12:07:00,3.305,3.305,3.28,3.29,24962.0,CCCC
2023-07-05 12:06:00,3.305,3.305,3.3,3.305,2517.0,CCCC
2023-07-05 12:05:00,3.3,3.307,3.3,3.301,1203.0,CCCC
2023-07-05 12:04:00,3.304,3.31,3.3,3.309,7069.0,CCCC
2023-07-05 12:03:00,3.305,3.31,3.301,3.301,4584.0,CCCC
2023-07-05 12:02:00,3.301,3.305,3.3,3.305,2967.0,CCCC
2023-07-05 12:01:00,3.3,3.31,3.3,3.305,4921.0,CCCC
2023-07-05 12:00:00,3.302,3.31,3.3,3.31,4250.0,CCCC
2023-07-05 11:59:00,3.3,3.31,3.3,3.3,5506.0,CCCC
2023-07-05 11:58:00,3.3,3.31,3.3,3.305,19025.0,CCCC
2023-07-05 11:57:00,3.32,3.324,3.3,3.305,22759.0,CCCC
2023-07-05 11:56:00,3.32,3.329,3.32,3.32,4352.0,CCCC
2023-07-05 11:55:00,3.329,3.33,3.32,3.33,16197.0,CCCC
2023-07-05 11:54:00,3.325,3.329,3.32,3.325,6120.0,CCCC
2023-07-05 11:53:00,3.33,3.33,3.32,3.328,12043.0,CCCC
2023-07-05 11:52:00,3.33,3.335,3.33,3.331,12067.0,CCCC
2023-07-05 11:51:00,3.325,3.34,3.322,3.335,28797.0,CCCC
2023-07-05 11:50:00,3.321,3.33,3.32,3.323,9083.0,CCCC
2023-07-05 11:49:00,3.33,3.339,3.32,3.325,47449.0,CCCC
2023-07-05 11:48:00,3.33,3.339,3.32,3.329,30499.0,CCCC
2023-07-05 11:47:00,3.334,3.34,3.33,3.33,28981.0,CCCC
2023-07-05 11:46:00,3.335,3.34,3.33,3.33,84759.0,CCCC
2023-07-05 11:45:00,3.305,3.335,3.3,3.335,40080.0,CCCC
2023-07-05 11:44:00,3.305,3.31,3.302,3.302,11760.0,CCCC
2023-07-05 11:43:00,3.305,3.31,3.305,3.305,5190.0,CCCC
2023-07-05 11:42:00,3.302,3.31,3.3,3.305,6841.0,CCCC
2023-07-05 11:41:00,3.309,3.309,3.305,3.305,2327.0,CCCC
2023-07-05 11:40:00,3.31,3.319,3.3,3.3,18911.0,CCCC
2023-07-05 11:39:00,3.315,3.32,3.31,3.31,17037.0,CCCC
2023-07-05 11:38:00,3.315,3.319,3.31,3.312,3977.0,CCCC
2023-07-05 11:37:00,3.315,3.319,3.31,3.311,11759.0,CCCC
2023-07-05 11:36:00,3.31,3.32,3.31,3.315,11877.0,CCCC
2023-07-05 11:35:00,3.299,3.32,3.29,3.31,36393.0,CCCC
2023-07-05 11:34:00,3.28,3.3,3.28,3.3,18137.0,CCCC
2023-07-05 11:33:00,3.276,3.284,3.27,3.28,33435.0,CCCC
2023-07-05 11:32:00,3.283,3.288,3.27,3.27,39589.0,CCCC
2023-07-05 11:31:00,3.281,3.295,3.28,3.285,37194.0,CCCC
2023-07-05 11:30:00,3.29,3.29,3.28,3.283,17825.0,CCCC
2023-07-05 11:29:00,3.28,3.3,3.27,3.3,48885.0,CCCC
2023-07-05 11:28:00,3.27,3.29,3.27,3.271,45932.0,CCCC
2023-07-05 11:27:00,3.305,3.31,3.27,3.27,70487.0,CCCC
2023-07-05 11:26:00,3.305,3.31,3.305,3.309,1582.0,CCCC
2023-07-05 11:25:00,3.301,3.306,3.3,3.305,6112.0,CCCC
2023-07-05 11:24:00,3.305,3.31,3.3,3.309,9852.0,CCCC
2023-07-05 11:23:00,3.31,3.31,3.3,3.3,13575.0,CCCC
2023-07-05 11:22:00,3.319,3.32,3.31,3.31,4988.0,CCCC
2023-07-05 11:21:00,3.31,3.32,3.3,3.32,18210.0,CCCC
2023-07-05 11:20:00,3.309,3.31,3.3,3.3,17409.0,CCCC
2023-07-05 11:19:00,3.301,3.31,3.3,3.31,6831.0,CCCC
2023-07-05 11:18:00,3.31,3.32,3.3,3.3,28179.0,CCCC
2023-07-05 11:17:00,3.315,3.319,3.31,3.311,24387.0,CCCC
2023-07-05 11:16:00,3.325,3.33,3.315,3.315,7209.0,CCCC
2023-07-05 11:15:00,3.329,3.33,3.32,3.325,6955.0,CCCC
2023-07-05 11:14:00,3.335,3.335,3.325,3.329,11083.0,CCCC
2023-07-05 11:13:00,3.33,3.331,3.32,3.33,11752.0,CCCC
2023-07-05 11:12:00,3.33,3.331,3.325,3.33,11217.0,CCCC
2023-07-05 11:11:00,3.339,3.339,3.33,3.335,14770.0,CCCC
2023-07-05 11:10:00,3.34,3.34,3.32,3.33,31571.0,CCCC
2023-07-05 11:09:00,3.339,3.34,3.33,3.335,5937.0,CCCC
2023-07-05 11:08:00,3.31,3.35,3.31,3.335,74929.0,CCCC
2023-07-05 11:07:00,3.32,3.32,3.31,3.312,7593.0,CCCC
2023-07-05 11:06:00,3.33,3.33,3.31,3.31,28248.0,CCCC
2023-07-05 11:05:00,3.325,3.34,3.32,3.33,37464.0,CCCC
2023-07-05 11:04:00,3.33,3.34,3.325,3.33,27664.0,CCCC
2023-07-05 11:03:00,3.339,3.339,3.325,3.335,15304.0,CCCC
2023-07-05 11:02:00,3.339,3.34,3.33,3.331,14257.0,CCCC
2023-07-05 11:01:00,3.33,3.34,3.32,3.34,37283.0,CCCC
2023-07-05 11:00:00,3.315,3.33,3.31,3.325,30211.0,CCCC
2023-07-05 10:59:00,3.315,3.32,3.31,3.32,3524.0,CCCC
2023-07-05 10:58:00,3.31,3.32,3.3,3.315,20624.0,CCCC
2023-07-05 10:57:00,3.305,3.31,3.3,3.31,21304.0,CCCC
2023-07-05 10:56:00,3.33,3.33,3.3,3.301,36966.0,CCCC
2023-07-05 10:55:00,3.32,3.325,3.31,3.32,12353.0,CCCC
2023-07-05 10:54:00,3.31,3.32,3.31,3.312,33479.0,CCCC
2023-07-05 10:53:00,3.345,3.345,3.3,3.31,72197.0,CCCC
2023-07-05 10:52:00,3.34,3.35,3.33,3.345,17429.0,CCCC
2023-07-05 10:51:00,3.32,3.35,3.32,3.34,52970.0,CCCC
2023-07-05 10:50:00,3.365,3.365,3.32,3.33,127237.0,CCCC
2023-07-05 10:49:00,3.38,3.38,3.36,3.365,137574.0,CCCC
2023-07-05 10:48:00,3.37,3.38,3.345,3.371,147185.0,CCCC
2023-07-05 10:47:00,3.331,3.37,3.33,3.361,76968.0,CCCC
2023-07-05 10:46:00,3.312,3.35,3.31,3.33,75032.0,CCCC
2023-07-05 10:45:00,3.32,3.32,3.31,3.315,8684.0,CCCC
2023-07-05 10:44:00,3.329,3.329,3.3,3.31,62208.0,CCCC
2023-07-05 10:43:00,3.33,3.34,3.33,3.33,14331.0,CCCC
2023-07-05 10:42:00,3.32,3.34,3.32,3.335,18864.0,CCCC
2023-07-05 10:41:00,3.325,3.34,3.32,3.33,33469.0,CCCC
2023-07-05 10:40:00,3.35,3.36,3.31,3.325,97830.0,CCCC
2023-07-05 10:39:00,3.32,3.36,3.31,3.345,124333.0,CCCC
2023-07-05 10:38:00,3.295,3.32,3.29,3.32,59566.0,CCCC
2023-07-05 10:37:00,3.28,3.3,3.28,3.294,63410.0,CCCC
2023-07-05 10:36:00,3.28,3.29,3.28,3.282,12178.0,CCCC
2023-07-05 10:35:00,3.29,3.29,3.28,3.289,21714.0,CCCC
2023-07-05 10:34:00,3.302,3.302,3.26,3.29,82529.0,CCCC
2023-07-05 10:33:00,3.31,3.32,3.305,3.305,14326.0,CCCC
2023-07-05 10:32:00,3.32,3.33,3.301,3.301,45142.0,CCCC
2023-07-05 10:31:00,3.31,3.34,3.3,3.319,134626.0,CCCC
2023-07-05 10:30:00,3.315,3.33,3.31,3.311,56089.0,CCCC
2023-07-05 10:29:00,3.295,3.33,3.29,3.31,75996.0,CCCC
2023-07-05 10:28:00,3.265,3.32,3.26,3.3,110367.0,CCCC
2023-07-05 10:27:00,3.26,3.27,3.25,3.26,29126.0,CCCC
2023-07-05 10:26:00,3.255,3.27,3.25,3.251,109203.0,CCCC
2023-07-05 10:25:00,3.279,3.283,3.25,3.258,91688.0,CCCC
2023-07-05 10:24:00,3.3,3.305,3.26,3.28,150267.0,CCCC
2023-07-05 10:23:00,3.312,3.32,3.3,3.31,53534.0,CCCC
2023-07-05 10:22:00,3.322,3.33,3.3,3.311,45723.0,CCCC
2023-07-05 10:21:00,3.33,3.33,3.3,3.329,73013.0,CCCC
2023-07-05 10:20:00,3.321,3.34,3.321,3.322,50928.0,CCCC
2023-07-05 10:19:00,3.3,3.34,3.3,3.325,84144.0,CCCC
2023-07-05 10:18:00,3.315,3.32,3.3,3.302,66396.0,CCCC
2023-07-05 10:17:00,3.323,3.33,3.31,3.319,49701.0,CCCC
2023-07-05 10:16:00,3.339,3.35,3.32,3.322,76734.0,CCCC
2023-07-05 10:15:00,3.32,3.34,3.29,3.339,219548.0,CCCC
2023-07-05 10:14:00,3.315,3.33,3.31,3.329,118884.0,CCCC
2023-07-05 10:13:00,3.36,3.37,3.3,3.315,241182.0,CCCC
2023-07-05 10:12:00,3.381,3.39,3.34,3.355,184698.0,CCCC
2023-07-05 10:11:00,3.34,3.4,3.335,3.388,342389.0,CCCC
2023-07-05 10:10:00,3.321,3.38,3.32,3.34,465915.0,CCCC
2023-07-05 10:09:00,3.252,3.34,3.24,3.33,353814.0,CCCC
2023-07-05 10:08:00,3.26,3.265,3.25,3.252,89738.0,CCCC
2023-07-05 10:07:00,3.259,3.27,3.25,3.25,66337.0,CCCC
2023-07-05 10:06:00,3.26,3.28,3.25,3.252,87916.0,CCCC
2023-07-05 10:05:00,3.289,3.299,3.25,3.26,185408.0,CCCC
2023-07-05 10:04:00,3.3,3.3,3.28,3.28,48595.0,CCCC
2023-07-05 10:03:00,3.29,3.305,3.28,3.299,110369.0,CCCC
2023-07-05 10:02:00,3.31,3.33,3.29,3.29,123296.0,CCCC
2023-07-05 10:01:00,3.29,3.32,3.28,3.31,71421.0,CCCC
2023-07-05 10:00:00,3.3,3.3,3.28,3.295,26443.0,CCCC
2023-07-05 09:59:00,3.3,3.305,3.28,3.29,96554.0,CCCC
2023-07-05 09:58:00,3.32,3.32,3.29,3.295,67253.0,CCCC
2023-07-05 09:57:00,3.29,3.325,3.285,3.31,90338.0,CCCC
2023-07-05 09:56:00,3.29,3.3,3.28,3.288,39932.0,CCCC
2023-07-05 09:55:00,3.29,3.299,3.27,3.289,91695.0,CCCC
2023-07-05 09:54:00,3.31,3.312,3.29,3.295,79993.0,CCCC
2023-07-05 09:53:00,3.3,3.35,3.29,3.315,146860.0,CCCC
2023-07-05 09:52:00,3.27,3.33,3.25,3.295,276793.0,CCCC
2023-07-05 09:51:00,3.279,3.29,3.27,3.28,67804.0,CCCC
2023-07-05 09:50:00,3.283,3.299,3.27,3.28,90701.0,CCCC
2023-07-05 09:49:00,3.27,3.31,3.27,3.29,176860.0,CCCC
2023-07-05 09:48:00,3.27,3.28,3.26,3.27,142171.0,CCCC
2023-07-05 09:47:00,3.279,3.29,3.25,3.265,371431.0,CCCC
2023-07-05 09:46:00,3.32,3.32,3.26,3.28,587642.0,CCCC
2023-07-05 09:45:00,3.34,3.35,3.32,3.328,147038.0,CCCC
2023-07-05 09:44:00,3.325,3.35,3.32,3.34,201333.0,CCCC
2023-07-05 09:43:00,3.34,3.37,3.31,3.325,358813.0,CCCC
2023-07-05 09:42:00,3.455,3.46,3.32,3.34,809841.0,CCCC
2023-07-05 09:41:00,3.485,3.5,3.44,3.45,605809.0,CCCC
2023-07-05 09:40:00,3.415,3.49,3.415,3.485,639098.0,CCCC
2023-07-05 09:39:00,3.422,3.43,3.41,3.41,260943.0,CCCC
2023-07-05 09:38:00,3.41,3.442,3.4,3.429,369795.0,CCCC
2023-07-05 09:37:00,3.365,3.43,3.36,3.409,191139.0,CCCC
2023-07-05 09:36:00,3.375,3.41,3.33,3.37,515229.0,CCCC
2023-07-05 09:35:00,3.38,3.39,3.35,3.37,306943.0,CCCC
2023-07-05 09:34:00,3.39,3.39,3.35,3.38,466270.0,CCCC
2023-07-05 09:33:00,3.414,3.43,3.38,3.389,327044.0,CCCC
2023-07-05 09:32:00,3.42,3.46,3.38,3.42,729093.0,CCCC
2023-07-05 09:31:00,3.475,3.49,3.42,3.43,667368.0,CCCC
2023-07-05 09:30:00,3.53,3.62,3.45,3.475,1200974.0,CCCC
2023-07-05 09:29:00,3.519,3.54,3.502,3.531,67243.0,CCCC
2023-07-05 09:28:00,3.54,3.58,3.5,3.52,105562.0,CCCC
2023-07-05 09:27:00,3.53,3.55,3.49,3.54,121414.0,CCCC
2023-07-05 09:26:00,3.54,3.55,3.53,3.53,49577.0,CCCC
2023-07-05 09:25:00,3.56,3.56,3.539,3.549,39782.0,CCCC
2023-07-05 09:24:00,3.57,3.58,3.55,3.55,53576.0,CCCC
2023-07-05 09:23:00,3.549,3.63,3.54,3.58,155464.0,CCCC
2023-07-05 09:22:00,3.54,3.56,3.48,3.55,201550.0,CCCC
2023-07-05 09:21:00,3.59,3.64,3.53,3.545,215606.0,CCCC
2023-07-05 09:20:00,3.62,3.62,3.58,3.6,146732.0,CCCC
2023-07-05 09:19:00,3.59,3.62,3.57,3.62,181176.0,CCCC
2023-07-05 09:18:00,3.55,3.65,3.53,3.582,348205.0,CCCC
2023-07-05 09:17:00,3.499,3.575,3.49,3.55,209845.0,CCCC
2023-07-05 09:16:00,3.47,3.56,3.469,3.5,244381.0,CCCC
2023-07-05 09:15:00,3.462,3.49,3.45,3.48,51239.0,CCCC
2023-07-05 09:14:00,3.492,3.5,3.46,3.46,110175.0,CCCC
2023-07-05 09:13:00,3.45,3.5,3.45,3.5,109471.0,CCCC
2023-07-05 09:12:00,3.41,3.5,3.4,3.442,160704.0,CCCC
2023-07-05 09:11:00,3.43,3.439,3.41,3.41,23575.0,CCCC
2023-07-05 09:10:00,3.459,3.46,3.41,3.43,106046.0,CCCC
2023-07-05 09:09:00,3.469,3.48,3.43,3.459,142601.0,CCCC
2023-07-05 09:08:00,3.43,3.49,3.415,3.46,133250.0,CCCC
2023-07-05 09:07:00,3.392,3.44,3.39,3.432,128902.0,CCCC
2023-07-05 09:06:00,3.38,3.4,3.37,3.399,24340.0,CCCC
2023-07-05 09:05:00,3.39,3.4,3.36,3.38,57612.0,CCCC
2023-07-05 09:04:00,3.369,3.41,3.36,3.39,110422.0,CCCC
2023-07-05 09:03:00,3.35,3.38,3.35,3.36,50579.0,CCCC
2023-07-05 09:02:00,3.33,3.37,3.32,3.359,73340.0,CCCC
2023-07-05 09:01:00,3.37,3.38,3.31,3.33,204535.0,CCCC
2023-07-05 09:00:00,3.39,3.4,3.37,3.38,104326.0,CCCC
2023-07-05 08:59:00,3.41,3.41,3.36,3.39,207453.0,CCCC
2023-07-05 08:58:00,3.519,3.53,3.4,3.409,206768.0,CCCC
2023-07-05 08:57:00,3.56,3.56,3.51,3.52,99017.0,CCCC
2023-07-05 08:56:00,3.5,3.56,3.499,3.56,165179.0,CCCC
2023-07-05 08:55:00,3.49,3.51,3.48,3.5,57421.0,CCCC
2023-07-05 08:54:00,3.49,3.5,3.46,3.482,108865.0,CCCC
2023-07-05 08:53:00,3.502,3.51,3.499,3.5,41757.0,CCCC
2023-07-05 08:52:00,3.5,3.51,3.49,3.51,35518.0,CCCC
2023-07-05 08:51:00,3.49,3.52,3.48,3.51,76778.0,CCCC
2023-07-05 08:50:00,3.51,3.53,3.48,3.49,106815.0,CCCC
2023-07-05 08:49:00,3.53,3.54,3.51,3.51,123399.0,CCCC
2023-07-05 08:48:00,3.52,3.56,3.52,3.54,226074.0,CCCC
2023-07-05 08:47:00,3.47,3.52,3.462,3.52,212323.0,CCCC
2023-07-05 08:46:00,3.42,3.48,3.42,3.47,131260.0,CCCC
2023-07-05 08:45:00,3.42,3.43,3.41,3.43,30503.0,CCCC
2023-07-05 08:44:00,3.45,3.45,3.4,3.43,74593.0,CCCC
2023-07-05 08:43:00,3.45,3.45,3.43,3.45,115432.0,CCCC
2023-07-05 08:42:00,3.45,3.48,3.39,3.45,224103.0,CCCC
2023-07-05 08:41:00,3.33,3.46,3.33,3.459,116738.0,CCCC
2023-07-05 08:40:00,3.34,3.35,3.33,3.33,43901.0,CCCC
2023-07-05 08:39:00,3.33,3.35,3.32,3.34,44397.0,CCCC
2023-07-05 08:38:00,3.32,3.33,3.31,3.33,27725.0,CCCC
2023-07-05 08:37:00,3.29,3.32,3.29,3.32,35044.0,CCCC
2023-07-05 08:36:00,3.33,3.34,3.28,3.29,53427.0,CCCC
2023-07-05 08:35:00,3.322,3.37,3.3,3.33,91185.0,CCCC
2023-07-05 08:34:00,3.309,3.36,3.309,3.33,75089.0,CCCC
2023-07-05 08:33:00,3.3,3.31,3.29,3.31,20694.0,CCCC
2023-07-05 08:32:00,3.319,3.32,3.28,3.3,61112.0,CCCC
2023-07-05 08:31:00,3.33,3.33,3.29,3.3,53010.0,CCCC
2023-07-05 08:30:00,3.33,3.33,3.28,3.329,69704.0,CCCC
2023-07-05 08:29:00,3.3,3.37,3.28,3.34,122082.0,CCCC
2023-07-05 08:28:00,3.295,3.37,3.282,3.29,80053.0,CCCC
2023-07-05 08:27:00,3.28,3.35,3.27,3.3,82876.0,CCCC
2023-07-05 08:26:00,3.329,3.4,3.28,3.28,108594.0,CCCC
2023-07-05 08:25:00,3.26,3.35,3.25,3.329,60533.0,CCCC
2023-07-05 08:24:00,3.3,3.3,3.24,3.27,46535.0,CCCC
2023-07-05 08:23:00,3.36,3.36,3.27,3.29,48673.0,CCCC
2023-07-05 08:22:00,3.29,3.36,3.2,3.35,50019.0,CCCC
2023-07-05 08:21:00,3.27,3.33,3.23,3.26,101758.0,CCCC
2023-07-05 08:20:00,3.142,3.28,3.142,3.28,31157.0,CCCC
2023-07-05 08:19:00,3.13,3.24,3.13,3.17,23187.0,CCCC
2023-07-05 08:18:00,3.108,3.139,3.08,3.129,8215.0,CCCC
2023-07-05 08:17:00,3.24,3.24,3.062,3.1,32402.0,CCCC
2023-07-05 08:16:00,3.16,3.37,3.16,3.21,30954.0,CCCC
2023-07-05 08:15:00,3.11,3.19,3.109,3.15,10728.0,CCCC
2023-07-05 08:14:00,3.099,3.11,3.07,3.109,10979.0,CCCC
2023-07-05 08:13:00,3.1,3.1,3.07,3.1,2216.0,CCCC
2023-07-05 08:12:00,3.089,3.1,3.08,3.1,10369.0,CCCC
2023-07-05 08:11:00,3.059,3.1,3.03,3.089,5540.0,CCCC
2023-07-05 08:10:00,3.028,3.05,2.971,3.05,5358.0,CCCC
2023-07-05 08:09:00,3.029,3.029,3.02,3.029,3363.0,CCCC
2023-07-05 08:08:00,3.039,3.039,2.972,2.972,2684.0,CCCC
2023-07-05 08:07:00,3.24,3.24,2.96,3.039,2487.0,CCCC
2023-07-05 08:06:00,2.999,3.01,2.959,3.01,1752.0,CCCC
2023-07-05 08:05:00,3.25,3.25,2.999,2.999,2832.0,CCCC
2023-07-05 08:04:00,2.932,3.019,2.932,3.019,184.0,CCCC
2023-07-05 08:03:00,2.93,2.97,2.93,2.93,148.0,CCCC
2023-07-05 08:02:00,2.94,2.94,2.932,2.932,221.0,CCCC
2023-07-05 08:01:00,2.93,3.159,2.802,2.93,18169.0,CCCC
2023-07-05 08:00:00,3.18,3.18,2.8,2.93,11388.0,CCCC
2023-07-05 07:57:00,2.83,2.83,2.83,2.83,185.0,CCCC
2023-07-05 07:53:00,2.88,2.88,2.88,2.88,10.0,CCCC
2023-07-05 07:52:00,2.84,2.84,2.84,2.84,10.0,CCCC
2023-07-05 07:51:00,2.86,2.86,2.86,2.86,92.0,CCCC
2023-07-05 07:50:00,2.86,2.86,2.86,2.86,8.0,CCCC
2023-07-05 07:49:00,2.93,2.93,2.84,2.84,182.0,CCCC
2023-07-05 07:48:00,2.93,2.94,2.93,2.93,283.0,CCCC
2023-07-05 07:47:00,2.93,2.93,2.93,2.93,100.0,CCCC
2023-07-05 07:43:00,2.94,2.94,2.94,2.94,1.0,CCCC
2023-07-05 07:41:00,2.93,2.94,2.93,2.94,283.0,CCCC
2023-07-05 07:39:00,2.94,2.94,2.93,2.93,171.0,CCCC
2023-07-05 07:33:00,2.94,2.94,2.94,2.94,7.0,CCCC
2023-07-05 07:32:00,2.94,2.94,2.94,2.94,61.0,CCCC
2023-07-05 07:31:00,2.94,2.94,2.94,2.94,248.0,CCCC
2023-07-05 07:28:00,2.97,2.97,2.94,2.94,1042.0,CCCC
2023-07-05 07:26:00,2.98,2.98,2.98,2.98,65.0,CCCC
2023-07-05 07:20:00,2.99,2.99,2.99,2.99,12.0,CCCC
2023-07-05 07:19:00,2.99,2.99,2.99,2.99,1.0,CCCC
2023-07-05 07:11:00,3.0,3.0,2.94,2.94,600.0,CCCC
2023-07-05 07:09:00,3.0,3.0,3.0,3.0,39.0,CCCC
2023-07-05 07:08:00,3.01,3.01,3.0,3.0,723.0,CCCC
2023-07-05 07:07:00,2.99,2.99,2.99,2.99,82.0,CCCC
2023-07-05 07:05:00,2.94,2.95,2.94,2.95,786.0,CCCC
2023-07-05 07:04:00,2.98,2.98,2.95,2.96,350.0,CCCC
2023-07-05 07:03:00,3.05,3.06,2.98,2.98,1624.0,CCCC
2023-07-05 07:02:00,3.05,3.05,3.05,3.05,113.0,CCCC
2023-07-05 07:01:00,3.24,3.24,2.93,2.93,854.0,CCCC
2023-07-05 07:00:00,2.92,3.13,2.85,3.1,2066.0,CCCC
2023-07-03 16:30:00,2.8,2.8,2.8,2.8,200.0,CCCC
2023-07-03 16:17:00,2.85,2.85,2.85,2.85,100.0,CCCC
2023-07-03 13:00:00,2.835,2.835,2.83,2.83,31724.0,CCCC
2023-07-03 12:59:00,2.835,2.84,2.83,2.835,8157.0,CCCC
2023-07-03 12:58:00,2.835,2.835,2.83,2.831,1070.0,CCCC
2023-07-03 12:57:00,2.835,2.835,2.83,2.83,431.0,CCCC
2023-07-03 12:56:00,2.84,2.84,2.835,2.835,1643.0,CCCC
2023-07-03 12:55:00,2.85,2.85,2.845,2.845,3056.0,CCCC
2023-07-03 12:54:00,2.855,2.855,2.85,2.85,567.0,CCCC
2023-07-03 12:53:00,2.84,2.86,2.84,2.86,2829.0,CCCC
2023-07-03 12:52:00,2.84,2.84,2.84,2.84,7506.0,CCCC
2023-07-03 12:51:00,2.83,2.84,2.83,2.84,2437.0,CCCC
2023-07-03 12:50:00,2.83,2.83,2.825,2.83,1631.0,CCCC
2023-07-03 12:48:00,2.825,2.825,2.821,2.825,1033.0,CCCC
2023-07-03 12:47:00,2.825,2.825,2.825,2.825,775.0,CCCC
2023-07-03 12:46:00,2.82,2.825,2.82,2.825,1015.0,CCCC
2023-07-03 12:45:00,2.82,2.825,2.815,2.825,9074.0,CCCC
2023-07-03 12:44:00,2.84,2.84,2.82,2.82,14587.0,CCCC
2023-07-03 12:43:00,2.845,2.845,2.832,2.84,11193.0,CCCC
2023-07-03 12:41:00,2.845,2.845,2.845,2.845,200.0,CCCC
2023-07-03 12:40:00,2.845,2.845,2.84,2.84,200.0,CCCC
2023-07-03 12:39:00,2.84,2.845,2.84,2.845,2481.0,CCCC
2023-07-03 12:38:00,2.855,2.855,2.84,2.84,2645.0,CCCC
2023-07-03 12:37:00,2.85,2.855,2.85,2.851,839.0,CCCC
2023-07-03 12:36:00,2.84,2.85,2.84,2.85,2044.0,CCCC
2023-07-03 12:35:00,2.84,2.84,2.835,2.835,674.0,CCCC
2023-07-03 12:33:00,2.835,2.84,2.835,2.84,1400.0,CCCC
2023-07-03 12:32:00,2.83,2.83,2.83,2.83,847.0,CCCC
2023-07-03 12:31:00,2.83,2.83,2.83,2.83,943.0,CCCC
2023-07-03 12:30:00,2.83,2.83,2.83,2.83,791.0,CCCC
2023-07-03 12:29:00,2.83,2.83,2.83,2.83,402.0,CCCC
2023-07-03 12:28:00,2.83,2.83,2.83,2.83,409.0,CCCC
2023-07-03 12:27:00,2.825,2.825,2.825,2.825,291.0,CCCC
2023-07-03 12:26:00,2.82,2.825,2.82,2.825,482.0,CCCC
2023-07-03 12:25:00,2.82,2.84,2.82,2.82,9258.0,CCCC
2023-07-03 12:24:00,2.82,2.82,2.815,2.82,500.0,CCCC
2023-07-03 12:23:00,2.82,2.82,2.82,2.82,200.0,CCCC
2023-07-03 12:22:00,2.82,2.82,2.815,2.815,400.0,CCCC
2023-07-03 12:21:00,2.81,2.82,2.805,2.82,1500.0,CCCC
2023-07-03 12:20:00,2.79,2.8,2.78,2.8,8358.0,CCCC
2023-07-03 12:18:00,2.785,2.79,2.78,2.785,883.0,CCCC
2023-07-03 12:17:00,2.79,2.79,2.783,2.783,712.0,CCCC
2023-07-03 12:16:00,2.785,2.79,2.78,2.78,893.0,CCCC
2023-07-03 12:15:00,2.781,2.781,2.781,2.781,215.0,CCCC
2023-07-03 12:14:00,2.785,2.785,2.785,2.785,301.0,CCCC
2023-07-03 12:13:00,2.785,2.79,2.78,2.785,1094.0,CCCC
2023-07-03 12:12:00,2.785,2.785,2.78,2.78,516.0,CCCC
2023-07-03 12:11:00,2.78,2.78,2.78,2.78,100.0,CCCC
2023-07-03 12:10:00,2.785,2.785,2.785,2.785,346.0,CCCC
2023-07-03 12:09:00,2.785,2.785,2.78,2.785,401.0,CCCC
2023-07-03 12:08:00,2.78,2.785,2.78,2.785,300.0,CCCC
2023-07-03 12:07:00,2.785,2.79,2.78,2.78,700.0,CCCC
2023-07-03 12:06:00,2.785,2.785,2.785,2.785,100.0,CCCC
2023-07-03 12:05:00,2.785,2.785,2.785,2.785,367.0,CCCC
2023-07-03 12:04:00,2.785,2.79,2.785,2.785,600.0,CCCC
2023-07-03 12:03:00,2.78,2.78,2.78,2.78,235.0,CCCC
2023-07-03 12:02:00,2.785,2.79,2.785,2.785,300.0,CCCC
2023-07-03 12:01:00,2.78,2.78,2.78,2.78,100.0,CCCC
2023-07-03 12:00:00,2.785,2.79,2.78,2.785,1296.0,CCCC
2023-07-03 11:59:00,2.785,2.785,2.78,2.785,593.0,CCCC
2023-07-03 11:58:00,2.79,2.79,2.79,2.79,355.0,CCCC
2023-07-03 11:57:00,2.785,2.785,2.78,2.785,400.0,CCCC
2023-07-03 11:56:00,2.785,2.79,2.785,2.79,315.0,CCCC
2023-07-03 11:55:00,2.785,2.79,2.785,2.79,700.0,CCCC
2023-07-03 11:54:00,2.79,2.79,2.79,2.79,202.0,CCCC
2023-07-03 11:53:00,2.785,2.785,2.785,2.785,392.0,CCCC
2023-07-03 11:52:00,2.785,2.785,2.78,2.78,300.0,CCCC
2023-07-03 11:51:00,2.785,2.785,2.785,2.785,100.0,CCCC
2023-07-03 11:50:00,2.785,2.79,2.785,2.79,1788.0,CCCC
2023-07-03 11:49:00,2.78,2.785,2.78,2.78,603.0,CCCC
2023-07-03 11:48:00,2.785,2.79,2.785,2.785,423.0,CCCC
2023-07-03 11:47:00,2.785,2.785,2.78,2.78,200.0,CCCC
2023-07-03 11:46:00,2.79,2.79,2.79,2.79,405.0,CCCC
2023-07-03 11:45:00,2.785,2.785,2.78,2.78,528.0,CCCC
2023-07-03 11:44:00,2.78,2.785,2.78,2.78,500.0,CCCC
2023-07-03 11:43:00,2.783,2.783,2.783,2.783,195.0,CCCC
2023-07-03 11:42:00,2.78,2.78,2.78,2.78,100.0,CCCC
2023-07-03 11:41:00,2.785,2.785,2.785,2.785,200.0,CCCC
2023-07-03 11:40:00,2.78,2.78,2.78,2.78,200.0,CCCC
2023-07-03 11:39:00,2.785,2.79,2.785,2.785,1337.0,CCCC
2023-07-03 11:38:00,2.785,2.79,2.783,2.79,1102.0,CCCC
2023-07-03 11:36:00,2.785,2.79,2.785,2.79,200.0,CCCC
2023-07-03 11:35:00,2.78,2.788,2.78,2.788,3322.0,CCCC
2023-07-03 11:34:00,2.78,2.78,2.78,2.78,1575.0,CCCC
2023-07-03 11:32:00,2.78,2.78,2.78,2.78,400.0,CCCC
2023-07-03 11:30:00,2.77,2.775,2.77,2.775,724.0,CCCC
2023-07-03 11:29:00,2.77,2.77,2.77,2.77,100.0,CCCC
2023-07-03 11:28:00,2.76,2.77,2.76,2.77,4261.0,CCCC
2023-07-03 11:27:00,2.755,2.755,2.755,2.755,106.0,CCCC
2023-07-03 11:26:00,2.755,2.755,2.755,2.755,200.0,CCCC
2023-07-03 11:24:00,2.75,2.76,2.75,2.76,643.0,CCCC
2023-07-03 11:23:00,2.76,2.76,2.76,2.76,107.0,CCCC
2023-07-03 11:22:00,2.75,2.75,2.75,2.75,700.0,CCCC
2023-07-03 11:21:00,2.75,2.755,2.75,2.755,461.0,CCCC
2023-07-03 11:19:00,2.75,2.75,2.75,2.75,139.0,CCCC
2023-07-03 11:18:00,2.75,2.75,2.745,2.75,4296.0,CCCC
2023-07-03 11:17:00,2.745,2.75,2.74,2.745,1994.0,CCCC
2023-07-03 11:16:00,2.75,2.75,2.74,2.745,1813.0,CCCC
2023-07-03 11:15:00,2.75,2.75,2.75,2.75,505.0,CCCC
2023-07-03 11:14:00,2.75,2.75,2.75,2.75,776.0,CCCC
2023-07-03 11:13:00,2.755,2.755,2.75,2.75,919.0,CCCC
2023-07-03 11:11:00,2.752,2.752,2.75,2.75,900.0,CCCC
2023-07-03 11:10:00,2.75,2.755,2.75,2.755,400.0,CCCC
2023-07-03 11:08:00,2.75,2.75,2.75,2.75,215.0,CCCC
2023-07-03 11:06:00,2.759,2.759,2.759,2.759,639.0,CCCC
2023-07-03 11:05:00,2.75,2.75,2.75,2.75,427.0,CCCC
2023-07-03 11:04:00,2.75,2.75,2.75,2.75,201.0,CCCC
2023-07-03 11:03:00,2.75,2.75,2.75,2.75,201.0,CCCC
2023-07-03 11:02:00,2.75,2.755,2.75,2.755,473.0,CCCC
2023-07-03 11:00:00,2.755,2.755,2.755,2.755,190.0,CCCC
2023-07-03 10:59:00,2.745,2.755,2.74,2.755,4591.0,CCCC
2023-07-03 10:57:00,2.74,2.745,2.74,2.745,403.0,CCCC
2023-07-03 10:56:00,2.755,2.755,2.745,2.745,1319.0,CCCC
2023-07-03 10:55:00,2.755,2.755,2.755,2.755,100.0,CCCC
2023-07-03 10:51:00,2.745,2.755,2.745,2.75,2213.0,CCCC
2023-07-03 10:50:00,2.751,2.751,2.745,2.745,1152.0,CCCC
2023-07-03 10:49:00,2.755,2.755,2.755,2.755,100.0,CCCC
2023-07-03 10:47:00,2.755,2.755,2.755,2.755,300.0,CCCC
2023-07-03 10:46:00,2.75,2.75,2.75,2.75,1152.0,CCCC
2023-07-03 10:45:00,2.749,2.75,2.745,2.75,3330.0,CCCC
2023-07-03 10:44:00,2.735,2.74,2.735,2.74,1632.0,CCCC
2023-07-03 10:43:00,2.735,2.735,2.735,2.735,250.0,CCCC
2023-07-03 10:39:00,2.74,2.74,2.73,2.73,2276.0,CCCC
2023-07-03 10:37:00,2.72,2.74,2.72,2.74,12130.0,CCCC
2023-07-03 10:32:00,2.74,2.74,2.735,2.735,400.0,CCCC
2023-07-03 10:29:00,2.75,2.75,2.75,2.75,200.0,CCCC
2023-07-03 10:26:00,2.75,2.75,2.75,2.75,1781.0,CCCC
2023-07-03 10:25:00,2.746,2.746,2.74,2.74,1000.0,CCCC
2023-07-03 10:24:00,2.745,2.75,2.74,2.75,901.0,CCCC
2023-07-03 10:23:00,2.745,2.745,2.745,2.745,1521.0,CCCC
2023-07-03 10:22:00,2.755,2.755,2.74,2.74,1520.0,CCCC
2023-07-03 10:20:00,2.755,2.755,2.755,2.755,400.0,CCCC
2023-07-03 10:19:00,2.762,2.762,2.76,2.76,2843.0,CCCC
2023-07-03 10:16:00,2.76,2.76,2.76,2.76,100.0,CCCC
2023-07-03 10:15:00,2.749,2.76,2.74,2.76,3774.0,CCCC
2023-07-03 10:14:00,2.749,2.749,2.749,2.749,601.0,CCCC
2023-07-03 10:13:00,2.755,2.755,2.75,2.75,792.0,CCCC
2023-07-03 10:11:00,2.755,2.76,2.75,2.75,587.0,CCCC
2023-07-03 10:10:00,2.756,2.756,2.75,2.75,408.0,CCCC
2023-07-03 10:08:00,2.75,2.75,2.75,2.75,718.0,CCCC
2023-07-03 10:07:00,2.755,2.755,2.755,2.755,100.0,CCCC
2023-07-03 10:06:00,2.755,2.755,2.755,2.755,100.0,CCCC
2023-07-03 10:05:00,2.75,2.75,2.75,2.75,811.0,CCCC
2023-07-03 10:04:00,2.725,2.74,2.725,2.74,4154.0,CCCC
2023-07-03 10:03:00,2.725,2.73,2.72,2.72,1054.0,CCCC
2023-07-03 10:02:00,2.725,2.725,2.725,2.725,550.0,CCCC
2023-07-03 10:00:00,2.725,2.725,2.725,2.725,300.0,CCCC
2023-07-03 09:59:00,2.74,2.74,2.73,2.73,4577.0,CCCC
2023-07-03 09:58:00,2.73,2.73,2.73,2.73,107.0,CCCC
2023-07-03 09:57:00,2.73,2.73,2.73,2.73,100.0,CCCC
2023-07-03 09:56:00,2.73,2.738,2.73,2.73,3033.0,CCCC
2023-07-03 09:55:00,2.735,2.735,2.735,2.735,403.0,CCCC
2023-07-03 09:54:00,2.73,2.73,2.73,2.73,100.0,CCCC
2023-07-03 09:53:00,2.74,2.74,2.74,2.74,450.0,CCCC
2023-07-03 09:49:00,2.73,2.73,2.725,2.73,2518.0,CCCC
2023-07-03 09:46:00,2.74,2.74,2.735,2.735,955.0,CCCC
2023-07-03 09:44:00,2.73,2.74,2.73,2.74,944.0,CCCC
2023-07-03 09:43:00,2.73,2.735,2.73,2.735,742.0,CCCC
2023-07-03 09:42:00,2.725,2.73,2.725,2.73,700.0,CCCC
2023-07-03 09:41:00,2.7,2.73,2.7,2.73,5674.0,CCCC
2023-07-03 09:40:00,2.71,2.71,2.71,2.71,396.0,CCCC
2023-07-03 09:39:00,2.71,2.71,2.7,2.7,663.0,CCCC
2023-07-03 09:36:00,2.719,2.719,2.719,2.719,200.0,CCCC
2023-07-03 09:35:00,2.69,2.71,2.69,2.71,4568.0,CCCC
2023-07-03 09:34:00,2.67,2.68,2.67,2.68,300.0,CCCC
2023-07-03 09:33:00,2.68,2.68,2.67,2.67,205.0,CCCC
2023-07-03 09:32:00,2.68,2.68,2.68,2.68,799.0,CCCC
2023-07-03 09:30:00,2.71,2.718,2.71,2.718,26750.0,CCCC
2023-07-03 09:28:00,2.75,2.76,2.75,2.76,2000.0,CCCC
2023-06-30 18:16:00,2.75,2.75,2.75,2.75,19.0,CCCC
2023-06-30 16:10:00,2.7,2.7,2.68,2.68,2.0,CCCC
2023-06-30 16:09:00,2.75,2.75,2.75,2.75,10.0,CCCC
2023-06-30 16:00:00,2.75,2.75,2.75,2.75,44713.0,CCCC
2023-06-30 15:59:00,2.76,2.77,2.75,2.75,7808.0,CCCC
2023-06-30 15:58:00,2.76,2.77,2.76,2.76,1406.0,CCCC
2023-06-30 15:57:00,2.76,2.77,2.76,2.76,1979.0,CCCC
2023-06-30 15:56:00,2.76,2.765,2.76,2.76,4809.0,CCCC
2023-06-30 15:55:00,2.76,2.76,2.76,2.76,737.0,CCCC
2023-06-30 15:54:00,2.765,2.765,2.76,2.76,5719.0,CCCC
2023-06-30 15:53:00,2.765,2.765,2.765,2.765,474.0,CCCC
2023-06-30 15:52:00,2.765,2.765,2.765,2.765,299.0,CCCC
2023-06-30 15:51:00,2.765,2.765,2.765,2.765,324.0,CCCC
2023-06-30 15:50:00,2.765,2.77,2.765,2.765,6522.0,CCCC
2023-06-30 15:49:00,2.765,2.765,2.76,2.765,2160.0,CCCC
2023-06-30 15:48:00,2.76,2.76,2.76,2.76,198.0,CCCC
2023-06-30 15:47:00,2.76,2.765,2.76,2.765,300.0,CCCC
2023-06-30 15:46:00,2.765,2.765,2.765,2.765,289.0,CCCC
2023-06-30 15:45:00,2.765,2.765,2.765,2.765,251.0,CCCC
2023-06-30 15:44:00,2.765,2.765,2.765,2.765,326.0,CCCC
2023-06-30 15:43:00,2.765,2.765,2.76,2.76,900.0,CCCC
2023-06-30 15:42:00,2.765,2.77,2.76,2.76,4788.0,CCCC
2023-06-30 15:41:00,2.765,2.765,2.765,2.765,300.0,CCCC
2023-06-30 15:39:00,2.765,2.765,2.765,2.765,403.0,CCCC
2023-06-30 15:36:00,2.76,2.76,2.76,2.76,971.0,CCCC
2023-06-30 15:35:00,2.769,2.769,2.769,2.769,100.0,CCCC
2023-06-30 15:34:00,2.765,2.765,2.765,2.765,121.0,CCCC
2023-06-30 15:33:00,2.755,2.77,2.755,2.765,8404.0,CCCC
2023-06-30 15:32:00,2.76,2.76,2.755,2.755,2083.0,CCCC
2023-06-30 15:30:00,2.755,2.765,2.755,2.765,8564.0,CCCC
2023-06-30 15:29:00,2.755,2.755,2.75,2.75,4322.0,CCCC
2023-06-30 15:28:00,2.755,2.755,2.755,2.755,101.0,CCCC
2023-06-30 15:26:00,2.76,2.76,2.755,2.755,401.0,CCCC
2023-06-30 15:24:00,2.755,2.755,2.75,2.755,511.0,CCCC
2023-06-30 15:21:00,2.755,2.755,2.755,2.755,400.0,CCCC
2023-06-30 15:20:00,2.755,2.755,2.755,2.755,399.0,CCCC
2023-06-30 15:19:00,2.76,2.76,2.76,2.76,100.0,CCCC
2023-06-30 15:18:00,2.755,2.755,2.75,2.75,900.0,CCCC
2023-06-30 15:17:00,2.755,2.755,2.755,2.755,100.0,CCCC
2023-06-30 15:16:00,2.755,2.755,2.75,2.755,2300.0,CCCC
2023-06-30 15:14:00,2.755,2.755,2.755,2.755,100.0,CCCC
2023-06-30 15:12:00,2.755,2.755,2.75,2.75,400.0,CCCC
2023-06-30 15:09:00,2.755,2.755,2.755,2.755,109.0,CCCC
2023-06-30 15:08:00,2.755,2.755,2.75,2.75,200.0,CCCC
2023-06-30 15:06:00,2.755,2.755,2.75,2.755,654.0,CCCC
2023-06-30 15:05:00,2.75,2.75,2.75,2.75,339.0,CCCC
2023-06-30 15:04:00,2.76,2.76,2.75,2.755,2547.0,CCCC
2023-06-30 15:00:00,2.76,2.76,2.76,2.76,300.0,CCCC
2023-06-30 14:56:00,2.765,2.765,2.76,2.76,300.0,CCCC
2023-06-30 14:55:00,2.77,2.77,2.765,2.765,1816.0,CCCC
2023-06-30 14:53:00,2.769,2.77,2.765,2.77,6529.0,CCCC
2023-06-30 14:52:00,2.765,2.767,2.76,2.765,2810.0,CCCC
2023-06-30 14:51:00,2.765,2.765,2.765,2.765,100.0,CCCC
2023-06-30 14:50:00,2.765,2.765,2.765,2.765,222.0,CCCC
2023-06-30 14:47:00,2.765,2.765,2.76,2.76,301.0,CCCC
2023-06-30 14:46:00,2.76,2.765,2.76,2.765,300.0,CCCC
2023-06-30 14:41:00,2.765,2.765,2.76,2.76,200.0,CCCC
2023-06-30 14:38:00,2.77,2.77,2.77,2.77,3174.0,CCCC
2023-06-30 14:37:00,2.77,2.77,2.76,2.765,1949.0,CCCC
2023-06-30 14:36:00,2.77,2.77,2.77,2.77,680.0,CCCC
2023-06-30 14:35:00,2.77,2.77,2.77,2.77,345.0,CCCC
2023-06-30 14:34:00,2.77,2.77,2.77,2.77,582.0,CCCC
2023-06-30 14:33:00,2.77,2.77,2.77,2.77,320.0,CCCC
2023-06-30 14:32:00,2.77,2.77,2.77,2.77,343.0,CCCC
2023-06-30 14:31:00,2.77,2.77,2.77,2.77,403.0,CCCC
2023-06-30 14:30:00,2.775,2.775,2.77,2.77,200.0,CCCC
2023-06-30 14:29:00,2.775,2.775,2.77,2.77,203.0,CCCC
2023-06-30 14:28:00,2.77,2.775,2.77,2.77,546.0,CCCC
2023-06-30 14:27:00,2.77,2.775,2.77,2.77,1693.0,CCCC
2023-06-30 14:26:00,2.77,2.77,2.77,2.77,100.0,CCCC
2023-06-30 14:25:00,2.77,2.77,2.77,2.77,300.0,CCCC
2023-06-30 14:24:00,2.77,2.77,2.77,2.77,300.0,CCCC
2023-06-30 14:23:00,2.77,2.77,2.77,2.77,100.0,CCCC
2023-06-30 14:22:00,2.77,2.77,2.77,2.77,549.0,CCCC
2023-06-30 14:21:00,2.77,2.77,2.77,2.77,200.0,CCCC
2023-06-30 14:20:00,2.77,2.77,2.77,2.77,200.0,CCCC
2023-06-30 14:19:00,2.77,2.77,2.77,2.77,596.0,CCCC
2023-06-30 14:18:00,2.77,2.775,2.77,2.77,387.0,CCCC
2023-06-30 14:17:00,2.775,2.775,2.77,2.77,410.0,CCCC
2023-06-30 14:15:00,2.775,2.775,2.775,2.775,200.0,CCCC
2023-06-30 14:14:00,2.775,2.775,2.77,2.775,448.0,CCCC
2023-06-30 14:13:00,2.78,2.78,2.775,2.78,2238.0,CCCC
2023-06-30 14:09:00,2.78,2.785,2.78,2.785,1000.0,CCCC
2023-06-30 14:08:00,2.76,2.785,2.76,2.785,11860.0,CCCC
2023-06-30 14:05:00,2.765,2.77,2.76,2.77,1206.0,CCCC
2023-06-30 14:02:00,2.765,2.765,2.765,2.765,250.0,CCCC
2023-06-30 14:00:00,2.765,2.77,2.765,2.765,700.0,CCCC
2023-06-30 13:58:00,2.765,2.765,2.765,2.765,100.0,CCCC
2023-06-30 13:54:00,2.765,2.765,2.765,2.765,300.0,CCCC
2023-06-30 13:53:00,2.765,2.765,2.765,2.765,100.0,CCCC
2023-06-30 13:52:00,2.765,2.765,2.765,2.765,335.0,CCCC
2023-06-30 13:51:00,2.765,2.765,2.765,2.765,120.0,CCCC
2023-06-30 13:50:00,2.77,2.77,2.765,2.765,1154.0,CCCC
2023-06-30 13:49:00,2.77,2.77,2.77,2.77,100.0,CCCC
2023-06-30 13:48:00,2.76,2.77,2.76,2.77,687.0,CCCC
2023-06-30 13:41:00,2.765,2.765,2.765,2.765,100.0,CCCC
2023-06-30 13:40:00,2.77,2.77,2.76,2.76,806.0,CCCC
2023-06-30 13:36:00,2.77,2.77,2.77,2.77,201.0,CCCC
2023-06-30 13:35:00,2.77,2.78,2.77,2.77,8331.0,CCCC
2023-06-30 13:34:00,2.76,2.77,2.76,2.77,3732.0,CCCC
2023-06-30 13:33:00,2.75,2.75,2.75,2.75,200.0,CCCC
2023-06-30 13:30:00,2.755,2.755,2.75,2.75,1130.0,CCCC
2023-06-30 13:26:00,2.755,2.765,2.755,2.76,2280.0,CCCC
2023-06-30 13:24:00,2.76,2.76,2.755,2.755,541.0,CCCC
2023-06-30 13:22:00,2.77,2.77,2.76,2.76,374.0,CCCC
2023-06-30 13:16:00,2.76,2.76,2.76,2.76,454.0,CCCC
2023-06-30 13:12:00,2.765,2.765,2.765,2.765,100.0,CCCC
2023-06-30 13:10:00,2.77,2.77,2.76,2.76,275.0,CCCC
2023-06-30 13:06:00,2.765,2.765,2.76,2.76,303.0,CCCC
2023-06-30 13:02:00,2.77,2.77,2.77,2.77,4429.0,CCCC
2023-06-30 13:00:00,2.76,2.76,2.76,2.76,973.0,CCCC
2023-06-30 12:54:00,2.75,2.755,2.75,2.755,491.0,CCCC
2023-06-30 12:52:00,2.75,2.75,2.75,2.75,100.0,CCCC
2023-06-30 12:47:00,2.76,2.76,2.755,2.755,1085.0,CCCC
2023-06-30 12:43:00,2.77,2.77,2.77,2.77,100.0,CCCC
2023-06-30 12:42:00,2.778,2.778,2.765,2.765,1211.0,CCCC
2023-06-30 12:41:00,2.77,2.77,2.77,2.77,500.0,CCCC
2023-06-30 12:40:00,2.775,2.775,2.775,2.775,200.0,CCCC
2023-06-30 12:39:00,2.78,2.78,2.775,2.78,612.0,CCCC
2023-06-30 12:38:00,2.76,2.78,2.76,2.775,5508.0,CCCC
2023-06-30 12:33:00,2.765,2.765,2.765,2.765,200.0,CCCC
2023-06-30 12:29:00,2.765,2.765,2.765,2.765,100.0,CCCC
2023-06-30 12:28:00,2.765,2.765,2.765,2.765,200.0,CCCC
2023-06-30 12:23:00,2.76,2.76,2.76,2.76,201.0,CCCC
2023-06-30 12:22:00,2.765,2.765,2.765,2.765,100.0,CCCC
2023-06-30 12:19:00,2.76,2.763,2.76,2.763,803.0,CCCC
2023-06-30 12:14:00,2.765,2.765,2.765,2.765,200.0,CCCC
2023-06-30 12:11:00,2.765,2.765,2.765,2.765,110.0,CCCC
2023-06-30 12:08:00,2.77,2.77,2.77,2.77,614.0,CCCC
2023-06-30 12:05:00,2.775,2.775,2.775,2.775,102.0,CCCC
2023-06-30 12:04:00,2.775,2.775,2.77,2.77,264.0,CCCC
2023-06-30 12:02:00,2.775,2.775,2.775,2.775,200.0,CCCC
2023-06-30 12:00:00,2.77,2.775,2.77,2.775,1872.0,CCCC
2023-06-30 11:56:00,2.765,2.765,2.765,2.765,202.0,CCCC
2023-06-30 11:51:00,2.765,2.765,2.76,2.76,344.0,CCCC
2023-06-30 11:50:00,2.762,2.762,2.762,2.762,202.0,CCCC
2023-06-30 11:47:00,2.76,2.76,2.76,2.76,206.0,CCCC
2023-06-30 11:41:00,2.765,2.765,2.76,2.76,300.0,CCCC
2023-06-30 11:40:00,2.765,2.77,2.765,2.77,800.0,CCCC
2023-06-30 11:38:00,2.765,2.77,2.765,2.77,407.0,CCCC
2023-06-30 11:35:00,2.765,2.765,2.765,2.765,300.0,CCCC
2023-06-30 11:34:00,2.77,2.77,2.77,2.77,100.0,CCCC
2023-06-30 11:32:00,2.765,2.765,2.765,2.765,101.0,CCCC
2023-06-30 11:30:00,2.765,2.765,2.76,2.76,330.0,CCCC
2023-06-30 11:25:00,2.76,2.76,2.76,2.76,410.0,CCCC
2023-06-30 11:24:00,2.76,2.76,2.76,2.76,400.0,CCCC
2023-06-30 11:22:00,2.76,2.76,2.76,2.76,100.0,CCCC
2023-06-30 11:19:00,2.77,2.77,2.77,2.77,3200.0,CCCC
2023-06-30 11:18:00,2.77,2.77,2.77,2.77,893.0,CCCC
2023-06-30 11:16:00,2.765,2.77,2.765,2.77,1903.0,CCCC
2023-06-30 11:15:00,2.755,2.76,2.755,2.76,1440.0,CCCC
2023-06-30 11:13:00,2.75,2.75,2.75,2.75,318.0,CCCC
2023-06-30 11:11:00,2.755,2.755,2.755,2.755,100.0,CCCC
2023-06-30 11:10:00,2.755,2.76,2.755,2.755,3200.0,CCCC
2023-06-30 11:09:00,2.75,2.755,2.75,2.755,747.0,CCCC
2023-06-30 11:05:00,2.745,2.745,2.74,2.74,929.0,CCCC
2023-06-30 11:03:00,2.745,2.745,2.745,2.745,232.0,CCCC
2023-06-30 11:02:00,2.75,2.75,2.75,2.75,500.0,CCCC
2023-06-30 11:01:00,2.745,2.745,2.745,2.745,334.0,CCCC
2023-06-30 11:00:00,2.74,2.74,2.74,2.74,132.0,CCCC
2023-06-30 10:59:00,2.745,2.745,2.74,2.74,300.0,CCCC
2023-06-30 10:58:00,2.75,2.75,2.75,2.75,517.0,CCCC
2023-06-30 10:57:00,2.755,2.755,2.755,2.755,100.0,CCCC
2023-06-30 10:53:00,2.75,2.75,2.75,2.75,258.0,CCCC
2023-06-30 10:52:00,2.735,2.75,2.735,2.75,3650.0,CCCC
2023-06-30 10:50:00,2.735,2.735,2.735,2.735,141.0,CCCC
2023-06-30 10:49:00,2.755,2.755,2.745,2.745,3579.0,CCCC
2023-06-30 10:48:00,2.752,2.76,2.752,2.76,260.0,CCCC
2023-06-30 10:47:00,2.745,2.76,2.745,2.75,4700.0,CCCC
2023-06-30 10:46:00,2.745,2.745,2.745,2.745,618.0,CCCC
2023-06-30 10:45:00,2.745,2.745,2.745,2.745,213.0,CCCC
2023-06-30 10:44:00,2.745,2.745,2.74,2.745,500.0,CCCC
2023-06-30 10:43:00,2.745,2.745,2.745,2.745,124.0,CCCC
2023-06-30 10:42:00,2.745,2.745,2.745,2.745,200.0,CCCC
2023-06-30 10:41:00,2.75,2.75,2.75,2.75,100.0,CCCC
2023-06-30 10:40:00,2.745,2.745,2.74,2.74,559.0,CCCC
2023-06-30 10:39:00,2.75,2.75,2.75,2.75,4300.0,CCCC
2023-06-30 10:38:00,2.745,2.745,2.745,2.745,100.0,CCCC
2023-06-30 10:36:00,2.745,2.745,2.745,2.745,1100.0,CCCC
2023-06-30 10:35:00,2.74,2.75,2.74,2.74,3057.0,CCCC
2023-06-30 10:31:00,2.75,2.75,2.75,2.75,108.0,CCCC
2023-06-30 10:30:00,2.745,2.745,2.74,2.74,301.0,CCCC
2023-06-30 10:28:00,2.749,2.749,2.749,2.749,1000.0,CCCC
2023-06-30 10:26:00,2.74,2.75,2.735,2.75,2999.0,CCCC
2023-06-30 10:23:00,2.749,2.749,2.749,2.749,502.0,CCCC
2023-06-30 10:21:00,2.745,2.75,2.742,2.741,2525.0,CCCC
2023-06-30 10:18:00,2.75,2.75,2.745,2.745,2100.0,CCCC
2023-06-30 10:17:00,2.74,2.74,2.725,2.73,1927.0,CCCC
2023-06-30 10:16:00,2.745,2.75,2.74,2.75,1700.0,CCCC
2023-06-30 10:13:00,2.76,2.76,2.75,2.75,1125.0,CCCC
2023-06-30 10:12:00,2.76,2.765,2.76,2.765,244.0,CCCC
2023-06-30 10:11:00,2.76,2.76,2.759,2.758,701.0,CCCC
2023-06-30 10:10:00,2.759,2.76,2.755,2.755,3400.0,CCCC
2023-06-30 10:09:00,2.74,2.76,2.74,2.755,2878.0,CCCC
2023-06-30 10:08:00,2.749,2.75,2.749,2.748,2400.0,CCCC
2023-06-30 10:07:00,2.74,2.749,2.739,2.748,3812.0,CCCC
2023-06-30 10:06:00,2.73,2.73,2.73,2.73,890.0,CCCC
2023-06-30 10:05:00,2.74,2.74,2.73,2.73,4640.0,CCCC
2023-06-30 10:04:00,2.76,2.76,2.76,2.76,341.0,CCCC
2023-06-30 10:02:00,2.76,2.76,2.76,2.76,100.0,CCCC
2023-06-30 09:58:00,2.76,2.76,2.76,2.76,100.0,CCCC
2023-06-30 09:51:00,2.76,2.76,2.76,2.76,752.0,CCCC
2023-06-30 09:50:00,2.76,2.76,2.76,2.76,529.0,CCCC
2023-06-30 09:48:00,2.76,2.76,2.76,2.76,269.0,CCCC
2023-06-30 09:47:00,2.75,2.775,2.75,2.77,2973.0,CCCC
2023-06-30 09:46:00,2.749,2.749,2.749,2.748,350.0,CCCC
2023-06-30 09:39:00,2.76,2.76,2.76,2.76,200.0,CCCC
2023-06-30 09:38:00,2.754,2.754,2.754,2.754,272.0,CCCC
2023-06-30 09:37:00,2.75,2.76,2.75,2.76,876.0,CCCC
2023-06-30 09:35:00,2.745,2.745,2.745,2.745,106.0,CCCC
2023-06-30 09:34:00,2.75,2.75,2.75,2.75,100.0,CCCC
2023-06-30 09:32:00,2.73,2.74,2.72,2.74,1131.0,CCCC
2023-06-30 09:30:00,2.73,2.77,2.73,2.77,1759.0,CCCC
2023-06-30 09:26:00,2.72,2.799,2.72,2.798,2.0,CCCC
2023-06-30 09:17:00,2.72,2.799,2.72,2.798,2.0,CCCC
2023-06-29 16:10:00,2.68,2.68,2.68,2.68,1.0,CCCC
2023-06-29 16:00:00,2.745,2.75,2.745,2.75,42810.0,CCCC
2023-06-29 15:59:00,2.74,2.75,2.74,2.745,18458.0,CCCC
2023-06-29 15:58:00,2.74,2.75,2.74,2.745,4885.0,CCCC
2023-06-29 15:57:00,2.74,2.75,2.74,2.745,4863.0,CCCC
2023-06-29 15:56:00,2.745,2.75,2.74,2.75,5534.0,CCCC
2023-06-29 15:55:00,2.745,2.745,2.74,2.745,3073.0,CCCC
2023-06-29 15:54:00,2.745,2.745,2.745,2.745,2040.0,CCCC
2023-06-29 15:53:00,2.74,2.745,2.74,2.74,827.0,CCCC
2023-06-29 15:52:00,2.75,2.755,2.74,2.745,10292.0,CCCC
2023-06-29 15:51:00,2.755,2.755,2.75,2.75,1329.0,CCCC
2023-06-29 15:50:00,2.75,2.755,2.75,2.755,2352.0,CCCC
2023-06-29 15:49:00,2.755,2.755,2.75,2.75,1480.0,CCCC
2023-06-29 15:48:00,2.755,2.755,2.755,2.755,866.0,CCCC
2023-06-29 15:47:00,2.75,2.755,2.75,2.755,1778.0,CCCC
2023-06-29 15:46:00,2.755,2.755,2.755,2.755,342.0,CCCC
2023-06-29 15:45:00,2.75,2.755,2.75,2.75,21403.0,CCCC
2023-06-29 15:44:00,2.755,2.755,2.755,2.755,144.0,CCCC
2023-06-29 15:43:00,2.75,2.755,2.75,2.755,1532.0,CCCC
2023-06-29 15:42:00,2.75,2.755,2.75,2.755,236.0,CCCC
2023-06-29 15:41:00,2.75,2.75,2.75,2.75,201.0,CCCC
2023-06-29 15:40:00,2.755,2.755,2.745,2.75,9850.0,CCCC
2023-06-29 15:39:00,2.755,2.755,2.755,2.755,889.0,CCCC
2023-06-29 15:38:00,2.755,2.755,2.755,2.755,1291.0,CCCC
2023-06-29 15:37:00,2.755,2.755,2.755,2.755,389.0,CCCC
2023-06-29 15:36:00,2.755,2.755,2.75,2.755,1826.0,CCCC
2023-06-29 15:35:00,2.755,2.755,2.755,2.755,1108.0,CCCC
2023-06-29 15:34:00,2.765,2.765,2.755,2.755,6551.0,CCCC
2023-06-29 15:33:00,2.765,2.765,2.765,2.765,300.0,CCCC
2023-06-29 15:32:00,2.765,2.765,2.765,2.765,700.0,CCCC
2023-06-29 15:31:00,2.765,2.77,2.765,2.765,1944.0,CCCC
2023-06-29 15:29:00,2.765,2.77,2.765,2.77,769.0,CCCC
2023-06-29 15:28:00,2.755,2.77,2.755,2.77,6402.0,CCCC
2023-06-29 15:27:00,2.755,2.755,2.755,2.755,100.0,CCCC
2023-06-29 15:26:00,2.755,2.755,2.75,2.75,1508.0,CCCC
2023-06-29 15:25:00,2.755,2.76,2.755,2.755,613.0,CCCC
2023-06-29 15:24:00,2.755,2.755,2.75,2.755,2000.0,CCCC
2023-06-29 15:23:00,2.755,2.755,2.755,2.755,528.0,CCCC
2023-06-29 15:22:00,2.755,2.755,2.755,2.755,700.0,CCCC
2023-06-29 15:21:00,2.755,2.755,2.755,2.755,632.0,CCCC
2023-06-29 15:20:00,2.745,2.755,2.745,2.755,4101.0,CCCC
2023-06-29 15:19:00,2.745,2.745,2.745,2.745,719.0,CCCC
2023-06-29 15:18:00,2.745,2.745,2.745,2.745,350.0,CCCC
2023-06-29 15:17:00,2.745,2.745,2.745,2.745,634.0,CCCC
2023-06-29 15:16:00,2.74,2.745,2.74,2.745,850.0,CCCC
2023-06-29 15:15:00,2.735,2.735,2.735,2.735,900.0,CCCC
2023-06-29 15:14:00,2.74,2.74,2.735,2.735,994.0,CCCC
2023-06-29 15:13:00,2.74,2.74,2.74,2.74,409.0,CCCC
2023-06-29 15:12:00,2.73,2.73,2.73,2.73,1033.0,CCCC
2023-06-29 15:08:00,2.73,2.73,2.725,2.725,2751.0,CCCC
2023-06-29 15:06:00,2.715,2.72,2.715,2.715,2777.0,CCCC
2023-06-29 15:05:00,2.71,2.71,2.71,2.71,200.0,CCCC
2023-06-29 15:04:00,2.71,2.715,2.71,2.715,300.0,CCCC
2023-06-29 15:03:00,2.73,2.73,2.705,2.71,67326.0,CCCC
2023-06-29 15:02:00,2.755,2.755,2.73,2.73,70194.0,CCCC
2023-06-29 15:00:00,2.755,2.755,2.755,2.755,100.0,CCCC
2023-06-29 14:59:00,2.755,2.755,2.75,2.755,502.0,CCCC
2023-06-29 14:58:00,2.755,2.755,2.755,2.755,200.0,CCCC
2023-06-29 14:57:00,2.755,2.755,2.755,2.755,100.0,CCCC
2023-06-29 14:54:00,2.755,2.755,2.755,2.755,100.0,CCCC
2023-06-29 14:53:00,2.755,2.755,2.75,2.75,4165.0,CCCC
2023-06-29 14:52:00,2.755,2.755,2.755,2.755,330.0,CCCC
2023-06-29 14:50:00,2.755,2.755,2.755,2.755,100.0,CCCC
2023-06-29 14:44:00,2.755,2.755,2.755,2.755,100.0,CCCC
2023-06-29 14:43:00,2.738,2.755,2.735,2.75,11449.0,CCCC
2023-06-29 14:41:00,2.73,2.735,2.73,2.735,300.0,CCCC
2023-06-29 14:40:00,2.715,2.74,2.715,2.74,11114.0,CCCC
2023-06-29 14:39:00,2.715,2.715,2.715,2.715,100.0,CCCC
2023-06-29 14:38:00,2.71,2.715,2.71,2.715,350.0,CCCC
2023-06-29 14:37:00,2.71,2.71,2.71,2.71,104.0,CCCC
2023-06-29 14:36:00,2.71,2.71,2.71,2.71,100.0,CCCC
2023-06-29 14:35:00,2.71,2.71,2.71,2.71,200.0,CCCC
2023-06-29 14:34:00,2.725,2.725,2.71,2.715,4230.0,CCCC
2023-06-29 14:33:00,2.72,2.72,2.72,2.72,601.0,CCCC
2023-06-29 14:32:00,2.72,2.725,2.72,2.72,1675.0,CCCC
2023-06-29 14:28:00,2.73,2.73,2.73,2.73,200.0,CCCC
2023-06-29 14:27:00,2.73,2.73,2.73,2.73,213.0,CCCC
2023-06-29 14:26:00,2.73,2.73,2.73,2.73,400.0,CCCC
2023-06-29 14:25:00,2.725,2.73,2.725,2.73,300.0,CCCC
2023-06-29 14:24:00,2.73,2.73,2.73,2.73,200.0,CCCC
2023-06-29 14:23:00,2.73,2.735,2.73,2.73,1637.0,CCCC
2023-06-29 14:22:00,2.73,2.735,2.73,2.735,1071.0,CCCC
2023-06-29 14:21:00,2.725,2.73,2.725,2.73,619.0,CCCC
2023-06-29 14:20:00,2.73,2.73,2.73,2.73,200.0,CCCC
2023-06-29 14:19:00,2.72,2.73,2.72,2.73,1289.0,CCCC
2023-06-29 14:18:00,2.7,2.72,2.7,2.715,6063.0,CCCC
2023-06-29 14:17:00,2.7,2.7,2.7,2.7,787.0,CCCC
2023-06-29 14:16:00,2.715,2.715,2.7,2.7,2367.0,CCCC
2023-06-29 14:15:00,2.71,2.71,2.71,2.71,100.0,CCCC
2023-06-29 14:14:00,2.71,2.715,2.71,2.715,540.0,CCCC
2023-06-29 14:13:00,2.715,2.715,2.71,2.715,479.0,CCCC
2023-06-29 14:11:00,2.715,2.715,2.71,2.715,478.0,CCCC
2023-06-29 14:10:00,2.71,2.71,2.71,2.71,100.0,CCCC
2023-06-29 14:09:00,2.715,2.72,2.715,2.715,1361.0,CCCC
2023-06-29 14:07:00,2.705,2.715,2.705,2.715,1242.0,CCCC
2023-06-29 14:06:00,2.71,2.715,2.71,2.715,1358.0,CCCC
2023-06-29 14:05:00,2.715,2.715,2.715,2.715,418.0,CCCC
2023-06-29 14:03:00,2.715,2.715,2.715,2.715,289.0,CCCC
2023-06-29 14:00:00,2.705,2.715,2.705,2.715,5529.0,CCCC
2023-06-29 13:59:00,2.7,2.7,2.7,2.7,100.0,CCCC
2023-06-29 13:58:00,2.71,2.71,2.705,2.705,1540.0,CCCC
2023-06-29 13:57:00,2.71,2.71,2.71,2.71,212.0,CCCC
2023-06-29 13:56:00,2.715,2.715,2.715,2.715,100.0,CCCC
2023-06-29 13:55:00,2.71,2.715,2.71,2.715,203.0,CCCC
2023-06-29 13:54:00,2.71,2.71,2.71,2.71,108.0,CCCC
2023-06-29 13:53:00,2.715,2.715,2.715,2.715,100.0,CCCC
2023-06-29 13:52:00,2.715,2.715,2.71,2.71,200.0,CCCC
2023-06-29 13:51:00,2.72,2.72,2.711,2.711,871.0,CCCC
2023-06-29 13:50:00,2.72,2.72,2.72,2.72,200.0,CCCC
2023-06-29 13:49:00,2.725,2.725,2.72,2.72,200.0,CCCC
2023-06-29 13:48:00,2.73,2.73,2.725,2.725,2851.0,CCCC
2023-06-29 13:47:00,2.735,2.735,2.735,2.735,201.0,CCCC
2023-06-29 13:46:00,2.735,2.735,2.73,2.73,500.0,CCCC
2023-06-29 13:45:00,2.725,2.74,2.71,2.73,30266.0,CCCC
2023-06-29 13:44:00,2.73,2.73,2.725,2.725,1502.0,CCCC
2023-06-29 13:42:00,2.74,2.74,2.735,2.735,525.0,CCCC
2023-06-29 13:41:00,2.735,2.745,2.735,2.74,4420.0,CCCC
2023-06-29 13:40:00,2.735,2.735,2.735,2.735,100.0,CCCC
2023-06-29 13:39:00,2.73,2.73,2.73,2.73,100.0,CCCC
2023-06-29 13:38:00,2.735,2.735,2.735,2.735,100.0,CCCC
2023-06-29 13:37:00,2.735,2.735,2.735,2.735,100.0,CCCC
2023-06-29 13:35:00,2.73,2.735,2.73,2.735,300.0,CCCC
2023-06-29 13:34:00,2.735,2.735,2.735,2.735,300.0,CCCC
2023-06-29 13:31:00,2.735,2.74,2.735,2.735,632.0,CCCC
2023-06-29 13:30:00,2.735,2.735,2.735,2.735,100.0,CCCC
2023-06-29 13:28:00,2.735,2.735,2.735,2.735,100.0,CCCC
2023-06-29 13:24:00,2.735,2.735,2.735,2.735,200.0,CCCC
2023-06-29 13:21:00,2.73,2.735,2.73,2.735,1545.0,CCCC
2023-06-29 13:20:00,2.725,2.725,2.725,2.725,285.0,CCCC
2023-06-29 13:17:00,2.725,2.725,2.725,2.725,140.0,CCCC
2023-06-29 13:12:00,2.725,2.725,2.725,2.725,123.0,CCCC
2023-06-29 13:11:00,2.725,2.725,2.725,2.725,464.0,CCCC
2023-06-29 13:10:00,2.722,2.722,2.722,2.721,336.0,CCCC
2023-06-29 13:09:00,2.72,2.73,2.72,2.73,4503.0,CCCC
2023-06-29 13:08:00,2.715,2.715,2.715,2.715,100.0,CCCC
2023-06-29 13:06:00,2.715,2.715,2.715,2.715,102.0,CCCC
2023-06-29 13:05:00,2.725,2.725,2.715,2.715,1505.0,CCCC
2023-06-29 13:02:00,2.73,2.73,2.73,2.73,100.0,CCCC
2023-06-29 13:00:00,2.73,2.73,2.725,2.725,2714.0,CCCC
2023-06-29 12:59:00,2.735,2.735,2.735,2.735,100.0,CCCC
2023-06-29 12:58:00,2.725,2.74,2.725,2.735,5458.0,CCCC
2023-06-29 12:56:00,2.725,2.725,2.725,2.725,203.0,CCCC
2023-06-29 12:55:00,2.72,2.725,2.72,2.725,425.0,CCCC
2023-06-29 12:53:00,2.72,2.725,2.72,2.725,609.0,CCCC
2023-06-29 12:52:00,2.72,2.725,2.72,2.725,424.0,CCCC
2023-06-29 12:51:00,2.725,2.725,2.72,2.72,200.0,CCCC
2023-06-29 12:49:00,2.725,2.725,2.725,2.725,401.0,CCCC
2023-06-29 12:48:00,2.725,2.725,2.725,2.725,144.0,CCCC
2023-06-29 12:47:00,2.725,2.725,2.725,2.725,200.0,CCCC
2023-06-29 12:46:00,2.73,2.73,2.73,2.73,100.0,CCCC
2023-06-29 12:45:00,2.725,2.725,2.725,2.725,200.0,CCCC
2023-06-29 12:44:00,2.729,2.729,2.72,2.725,1432.0,CCCC
2023-06-29 12:43:00,2.725,2.725,2.72,2.725,500.0,CCCC
2023-06-29 12:41:00,2.725,2.725,2.725,2.725,100.0,CCCC
2023-06-29 12:40:00,2.725,2.73,2.725,2.725,382.0,CCCC
2023-06-29 12:38:00,2.73,2.73,2.72,2.72,495.0,CCCC
2023-06-29 12:37:00,2.72,2.72,2.72,2.72,100.0,CCCC
2023-06-29 12:36:00,2.72,2.72,2.72,2.72,118.0,CCCC
2023-06-29 12:34:00,2.72,2.73,2.72,2.73,465.0,CCCC
2023-06-29 12:33:00,2.72,2.72,2.72,2.72,200.0,CCCC
2023-06-29 12:32:00,2.725,2.725,2.72,2.72,659.0,CCCC
2023-06-29 12:30:00,2.725,2.725,2.725,2.725,300.0,CCCC
2023-06-29 12:29:00,2.73,2.73,2.72,2.725,369.0,CCCC
2023-06-29 12:28:00,2.725,2.725,2.725,2.725,300.0,CCCC
2023-06-29 12:26:00,2.721,2.721,2.721,2.721,201.0,CCCC
2023-06-29 12:25:00,2.72,2.72,2.72,2.72,200.0,CCCC
2023-06-29 12:24:00,2.72,2.72,2.72,2.72,100.0,CCCC
2023-06-29 12:23:00,2.72,2.72,2.72,2.72,100.0,CCCC
2023-06-29 12:22:00,2.725,2.73,2.725,2.73,601.0,CCCC
2023-06-29 12:21:00,2.72,2.72,2.72,2.72,118.0,CCCC
2023-06-29 12:20:00,2.729,2.729,2.72,2.72,250.0,CCCC
2023-06-29 12:15:00,2.73,2.73,2.73,2.73,1191.0,CCCC
2023-06-29 12:13:00,2.735,2.735,2.735,2.735,229.0,CCCC
2023-06-29 12:12:00,2.725,2.73,2.725,2.73,2979.0,CCCC
2023-06-29 12:10:00,2.705,2.72,2.705,2.72,1851.0,CCCC
2023-06-29 12:09:00,2.705,2.705,2.705,2.705,100.0,CCCC
2023-06-29 12:08:00,2.7,2.705,2.699,2.705,2112.0,CCCC
2023-06-29 12:06:00,2.695,2.7,2.695,2.699,316.0,CCCC
2023-06-29 12:04:00,2.7,2.7,2.7,2.7,808.0,CCCC
2023-06-29 12:01:00,2.705,2.705,2.705,2.705,200.0,CCCC
2023-06-29 11:59:00,2.7,2.705,2.7,2.705,878.0,CCCC
2023-06-29 11:58:00,2.7,2.7,2.7,2.7,311.0,CCCC
2023-06-29 11:57:00,2.71,2.71,2.7,2.7,963.0,CCCC
2023-06-29 11:56:00,2.715,2.715,2.715,2.715,127.0,CCCC
2023-06-29 11:55:00,2.72,2.72,2.715,2.715,1170.0,CCCC
2023-06-29 11:54:00,2.69,2.715,2.69,2.715,2629.0,CCCC
2023-06-29 11:52:00,2.685,2.685,2.67,2.685,7872.0,CCCC
2023-06-29 11:51:00,2.705,2.705,2.682,2.685,9788.0,CCCC
2023-06-29 11:50:00,2.705,2.705,2.705,2.705,200.0,CCCC
2023-06-29 11:49:00,2.705,2.705,2.705,2.705,219.0,CCCC
2023-06-29 11:47:00,2.705,2.705,2.705,2.705,300.0,CCCC
2023-06-29 11:46:00,2.715,2.715,2.705,2.705,1760.0,CCCC
2023-06-29 11:44:00,2.715,2.715,2.715,2.715,149.0,CCCC
2023-06-29 11:42:00,2.711,2.711,2.711,2.711,200.0,CCCC
2023-06-29 11:40:00,2.715,2.719,2.715,2.719,434.0,CCCC
2023-06-29 11:39:00,2.715,2.715,2.715,2.715,100.0,CCCC
2023-06-29 11:37:00,2.705,2.715,2.705,2.715,2839.0,CCCC
2023-06-29 11:36:00,2.71,2.71,2.705,2.705,807.0,CCCC
2023-06-29 11:34:00,2.72,2.72,2.71,2.71,2345.0,CCCC
2023-06-29 11:33:00,2.722,2.725,2.72,2.725,752.0,CCCC
2023-06-29 11:31:00,2.725,2.725,2.725,2.725,202.0,CCCC
2023-06-29 11:30:00,2.725,2.725,2.725,2.725,106.0,CCCC
2023-06-29 11:29:00,2.725,2.725,2.725,2.725,100.0,CCCC
2023-06-29 11:28:00,2.722,2.725,2.722,2.725,422.0,CCCC
2023-06-29 11:23:00,2.725,2.725,2.725,2.725,200.0,CCCC
2023-06-29 11:22:00,2.73,2.73,2.73,2.729,200.0,CCCC
2023-06-29 11:19:00,2.726,2.726,2.726,2.726,505.0,CCCC
2023-06-29 11:18:00,2.725,2.725,2.725,2.725,200.0,CCCC
2023-06-29 11:17:00,2.74,2.74,2.73,2.73,2607.0,CCCC
2023-06-29 11:16:00,2.74,2.745,2.74,2.74,2791.0,CCCC
2023-06-29 11:13:00,2.735,2.735,2.735,2.735,185.0,CCCC
2023-06-29 11:06:00,2.75,2.75,2.75,2.75,770.0,CCCC
2023-06-29 11:05:00,2.75,2.755,2.75,2.75,1626.0,CCCC
2023-06-29 11:01:00,2.749,2.749,2.74,2.74,300.0,CCCC
2023-06-29 11:00:00,2.745,2.745,2.745,2.745,380.0,CCCC
2023-06-29 10:59:00,2.75,2.75,2.75,2.75,216.0,CCCC
2023-06-29 10:58:00,2.75,2.75,2.75,2.75,217.0,CCCC
2023-06-29 10:55:00,2.76,2.76,2.76,2.76,2230.0,CCCC
2023-06-29 10:53:00,2.765,2.765,2.76,2.76,300.0,CCCC
2023-06-29 10:51:00,2.765,2.765,2.765,2.765,100.0,CCCC
2023-06-29 10:48:00,2.775,2.775,2.77,2.77,1055.0,CCCC
2023-06-29 10:46:00,2.775,2.775,2.775,2.775,400.0,CCCC
2023-06-29 10:43:00,2.775,2.775,2.775,2.775,100.0,CCCC
2023-06-29 10:42:00,2.775,2.775,2.775,2.775,190.0,CCCC
2023-06-29 10:41:00,2.76,2.775,2.76,2.775,2253.0,CCCC
2023-06-29 10:38:00,2.765,2.765,2.765,2.765,200.0,CCCC
2023-06-29 10:37:00,2.77,2.77,2.77,2.77,1100.0,CCCC
2023-06-29 10:36:00,2.79,2.79,2.78,2.78,1702.0,CCCC
2023-06-29 10:34:00,2.795,2.795,2.795,2.795,100.0,CCCC
2023-06-29 10:30:00,2.79,2.795,2.79,2.791,1167.0,CCCC
2023-06-29 10:29:00,2.78,2.78,2.78,2.78,903.0,CCCC
2023-06-29 10:28:00,2.78,2.78,2.78,2.779,386.0,CCCC
2023-06-29 10:26:00,2.77,2.77,2.77,2.77,236.0,CCCC
2023-06-29 10:24:00,2.78,2.78,2.77,2.77,1859.0,CCCC
2023-06-29 10:23:00,2.77,2.78,2.77,2.78,3480.0,CCCC
2023-06-29 10:22:00,2.78,2.78,2.77,2.77,1057.0,CCCC
2023-06-29 10:21:00,2.785,2.785,2.78,2.78,410.0,CCCC
2023-06-29 10:15:00,2.78,2.78,2.78,2.78,1336.0,CCCC
2023-06-29 10:14:00,2.78,2.78,2.78,2.78,123.0,CCCC
2023-06-29 10:13:00,2.77,2.77,2.77,2.77,100.0,CCCC
2023-06-29 10:11:00,2.79,2.79,2.775,2.779,1791.0,CCCC
2023-06-29 10:10:00,2.79,2.795,2.79,2.79,1351.0,CCCC
2023-06-29 10:07:00,2.81,2.81,2.81,2.81,588.0,CCCC
2023-06-29 10:06:00,2.815,2.815,2.81,2.81,511.0,CCCC
2023-06-29 10:04:00,2.81,2.81,2.81,2.81,100.0,CCCC
2023-06-29 10:03:00,2.82,2.82,2.81,2.81,1913.0,CCCC
2023-06-29 10:02:00,2.83,2.83,2.825,2.825,1577.0,CCCC
2023-06-29 09:58:00,2.82,2.825,2.82,2.825,1526.0,CCCC
2023-06-29 09:48:00,2.82,2.82,2.82,2.82,154.0,CCCC
2023-06-29 09:47:00,2.81,2.81,2.81,2.81,164.0,CCCC
2023-06-29 09:44:00,2.822,2.822,2.82,2.82,473.0,CCCC
2023-06-29 09:43:00,2.83,2.83,2.83,2.83,348.0,CCCC
2023-06-29 09:42:00,2.829,2.829,2.829,2.829,156.0,CCCC
2023-06-29 09:41:00,2.81,2.82,2.81,2.82,384.0,CCCC
2023-06-29 09:40:00,2.801,2.801,2.8,2.8,700.0,CCCC
2023-06-29 09:39:00,2.79,2.79,2.79,2.79,124.0,CCCC
2023-06-29 09:38:00,2.78,2.79,2.78,2.785,582.0,CCCC
2023-06-29 09:37:00,2.78,2.78,2.78,2.78,271.0,CCCC
2023-06-29 09:36:00,2.76,2.77,2.76,2.77,445.0,CCCC
2023-06-29 09:35:00,2.77,2.77,2.76,2.76,749.0,CCCC
2023-06-29 09:34:00,2.76,2.76,2.76,2.76,734.0,CCCC
2023-06-29 09:32:00,2.76,2.76,2.76,2.76,218.0,CCCC
2023-06-29 09:30:00,2.8,2.8,2.8,2.8,3160.0,CCCC
2023-06-29 07:57:00,2.8,2.8,2.8,2.8,10.0,CCCC
2023-06-28 16:10:00,2.771,2.771,2.771,2.771,1.0,CCCC
2023-06-28 16:01:00,2.8,2.8,2.8,2.8,5.0,CCCC
2023-06-28 16:00:00,2.8,2.805,2.8,2.8,49081.0,CCCC
2023-06-28 15:59:00,2.81,2.81,2.8,2.805,10149.0,CCCC
2023-06-28 15:58:00,2.8,2.805,2.8,2.8,2484.0,CCCC
2023-06-28 15:57:00,2.805,2.805,2.8,2.805,2001.0,CCCC
2023-06-28 15:56:00,2.805,2.805,2.8,2.8,1136.0,CCCC
2023-06-28 15:55:00,2.805,2.805,2.8,2.8,3398.0,CCCC
2023-06-28 15:54:00,2.805,2.805,2.805,2.805,949.0,CCCC
2023-06-28 15:53:00,2.805,2.805,2.8,2.805,7014.0,CCCC
2023-06-28 15:52:00,2.805,2.805,2.805,2.805,476.0,CCCC
2023-06-28 15:51:00,2.805,2.805,2.805,2.805,614.0,CCCC
2023-06-28 15:50:00,2.81,2.81,2.805,2.805,633.0,CCCC
2023-06-28 15:49:00,2.805,2.81,2.805,2.81,789.0,CCCC
2023-06-28 15:48:00,2.8,2.802,2.8,2.802,4279.0,CCCC
2023-06-28 15:47:00,2.8,2.8,2.8,2.8,2576.0,CCCC
2023-06-28 15:46:00,2.79,2.8,2.79,2.8,8192.0,CCCC
2023-06-28 15:45:00,2.79,2.79,2.79,2.79,2957.0,CCCC
2023-06-28 15:44:00,2.79,2.79,2.79,2.79,508.0,CCCC
2023-06-28 15:43:00,2.785,2.79,2.78,2.785,9089.0,CCCC
2023-06-28 15:42:00,2.78,2.785,2.78,2.785,473.0,CCCC
2023-06-28 15:41:00,2.785,2.785,2.78,2.78,652.0,CCCC
2023-06-28 15:40:00,2.785,2.785,2.785,2.785,229.0,CCCC
2023-06-28 15:38:00,2.781,2.781,2.781,2.781,380.0,CCCC
2023-06-28 15:36:00,2.78,2.789,2.78,2.789,407.0,CCCC
2023-06-28 15:32:00,2.78,2.78,2.78,2.78,631.0,CCCC
2023-06-28 15:30:00,2.78,2.78,2.78,2.78,880.0,CCCC
2023-06-28 15:29:00,2.78,2.78,2.78,2.78,102.0,CCCC
2023-06-28 15:28:00,2.78,2.78,2.78,2.78,106.0,CCCC
2023-06-28 15:26:00,2.78,2.782,2.78,2.782,3402.0,CCCC
2023-06-28 15:25:00,2.785,2.785,2.785,2.785,423.0,CCCC
2023-06-28 15:24:00,2.785,2.785,2.785,2.785,480.0,CCCC
2023-06-28 15:23:00,2.785,2.785,2.785,2.785,415.0,CCCC
2023-06-28 15:22:00,2.78,2.78,2.78,2.78,790.0,CCCC
2023-06-28 15:21:00,2.795,2.795,2.79,2.79,3222.0,CCCC
2023-06-28 15:20:00,2.82,2.82,2.79,2.795,9932.0,CCCC
2023-06-28 15:18:00,2.825,2.825,2.82,2.821,3850.0,CCCC
2023-06-28 15:16:00,2.82,2.82,2.82,2.82,713.0,CCCC
2023-06-28 15:15:00,2.825,2.825,2.82,2.82,419.0,CCCC
2023-06-28 15:13:00,2.83,2.83,2.825,2.825,556.0,CCCC
2023-06-28 15:12:00,2.821,2.825,2.821,2.825,5768.0,CCCC
2023-06-28 15:11:00,2.821,2.821,2.82,2.82,500.0,CCCC
2023-06-28 15:10:00,2.825,2.825,2.82,2.82,400.0,CCCC
2023-06-28 15:09:00,2.82,2.825,2.82,2.825,303.0,CCCC
2023-06-28 15:08:00,2.81,2.82,2.81,2.82,5489.0,CCCC
2023-06-28 15:07:00,2.8,2.81,2.8,2.81,4204.0,CCCC
2023-06-28 15:06:00,2.805,2.805,2.805,2.805,400.0,CCCC
2023-06-28 15:05:00,2.8,2.8,2.8,2.8,415.0,CCCC
2023-06-28 15:04:00,2.8,2.805,2.8,2.805,2995.0,CCCC
2023-06-28 15:02:00,2.8,2.81,2.8,2.805,600.0,CCCC
2023-06-28 15:00:00,2.805,2.805,2.8,2.8,360.0,CCCC
2023-06-28 14:58:00,2.805,2.805,2.805,2.805,140.0,CCCC
2023-06-28 14:57:00,2.805,2.805,2.805,2.805,369.0,CCCC
2023-06-28 14:56:00,2.805,2.805,2.805,2.805,286.0,CCCC
2023-06-28 14:55:00,2.805,2.81,2.8,2.805,1407.0,CCCC
2023-06-28 14:53:00,2.801,2.81,2.801,2.81,1033.0,CCCC
2023-06-28 14:51:00,2.805,2.805,2.805,2.805,507.0,CCCC
2023-06-28 14:50:00,2.805,2.81,2.805,2.805,1946.0,CCCC
2023-06-28 14:49:00,2.81,2.815,2.8,2.805,3717.0,CCCC
2023-06-28 14:48:00,2.815,2.815,2.815,2.815,318.0,CCCC
2023-06-28 14:47:00,2.815,2.815,2.815,2.815,133.0,CCCC
2023-06-28 14:46:00,2.815,2.815,2.815,2.815,201.0,CCCC
2023-06-28 14:43:00,2.815,2.815,2.815,2.815,378.0,CCCC
2023-06-28 14:42:00,2.815,2.819,2.81,2.815,1154.0,CCCC
2023-06-28 14:39:00,2.81,2.81,2.81,2.81,183.0,CCCC
2023-06-28 14:38:00,2.805,2.81,2.805,2.81,5556.0,CCCC
2023-06-28 14:37:00,2.805,2.805,2.805,2.805,189.0,CCCC
2023-06-28 14:36:00,2.805,2.805,2.8,2.8,375.0,CCCC
2023-06-28 14:35:00,2.802,2.802,2.802,2.801,807.0,CCCC
2023-06-28 14:34:00,2.795,2.805,2.795,2.805,1416.0,CCCC
2023-06-28 14:33:00,2.799,2.8,2.79,2.79,879.0,CCCC
2023-06-28 14:32:00,2.795,2.795,2.79,2.79,1351.0,CCCC
2023-06-28 14:31:00,2.8,2.8,2.8,2.8,1977.0,CCCC
2023-06-28 14:30:00,2.8,2.81,2.8,2.801,5882.0,CCCC
2023-06-28 14:29:00,2.805,2.805,2.8,2.8,3607.0,CCCC
2023-06-28 14:28:00,2.795,2.81,2.795,2.81,2540.0,CCCC
2023-06-28 14:27:00,2.8,2.8,2.79,2.79,1465.0,CCCC
2023-06-28 14:26:00,2.802,2.81,2.802,2.805,4466.0,CCCC
2023-06-28 14:25:00,2.8,2.8,2.8,2.8,1155.0,CCCC
2023-06-28 14:24:00,2.8,2.801,2.8,2.801,1200.0,CCCC
2023-06-28 14:22:00,2.8,2.8,2.8,2.8,954.0,CCCC
2023-06-28 14:21:00,2.8,2.8,2.8,2.8,535.0,CCCC
2023-06-28 14:20:00,2.8,2.8,2.8,2.8,893.0,CCCC
2023-06-28 14:19:00,2.8,2.8,2.8,2.8,765.0,CCCC
2023-06-28 14:18:00,2.795,2.8,2.795,2.8,4108.0,CCCC
2023-06-28 14:17:00,2.79,2.79,2.79,2.79,1571.0,CCCC
2023-06-28 14:16:00,2.79,2.792,2.79,2.792,1098.0,CCCC
2023-06-28 14:15:00,2.78,2.79,2.775,2.79,4094.0,CCCC
2023-06-28 14:14:00,2.775,2.78,2.775,2.78,3032.0,CCCC
2023-06-28 14:13:00,2.77,2.77,2.77,2.77,1515.0,CCCC
2023-06-28 14:12:00,2.755,2.77,2.755,2.77,4714.0,CCCC
2023-06-28 14:11:00,2.75,2.75,2.75,2.75,500.0,CCCC
2023-06-28 14:09:00,2.75,2.75,2.75,2.75,1553.0,CCCC
2023-06-28 14:08:00,2.75,2.75,2.75,2.75,1710.0,CCCC
2023-06-28 14:07:00,2.75,2.755,2.75,2.75,5678.0,CCCC
2023-06-28 14:06:00,2.735,2.747,2.735,2.745,7101.0,CCCC
2023-06-28 14:05:00,2.73,2.735,2.725,2.735,4493.0,CCCC
2023-06-28 14:04:00,2.72,2.72,2.72,2.72,547.0,CCCC
2023-06-28 14:03:00,2.725,2.725,2.725,2.725,548.0,CCCC
2023-06-28 14:02:00,2.722,2.722,2.722,2.722,289.0,CCCC
2023-06-28 14:01:00,2.725,2.725,2.72,2.72,1044.0,CCCC
2023-06-28 14:00:00,2.72,2.72,2.72,2.72,363.0,CCCC
2023-06-28 13:59:00,2.72,2.72,2.72,2.72,509.0,CCCC
2023-06-28 13:58:00,2.72,2.72,2.72,2.72,406.0,CCCC
2023-06-28 13:54:00,2.72,2.72,2.72,2.72,289.0,CCCC
2023-06-28 13:52:00,2.725,2.725,2.725,2.725,197.0,CCCC
2023-06-28 13:50:00,2.724,2.724,2.72,2.72,2237.0,CCCC
2023-06-28 13:49:00,2.725,2.729,2.72,2.72,2443.0,CCCC
2023-06-28 13:48:00,2.72,2.72,2.72,2.72,227.0,CCCC
2023-06-28 13:47:00,2.729,2.729,2.725,2.729,2182.0,CCCC
2023-06-28 13:46:00,2.722,2.722,2.722,2.722,222.0,CCCC
2023-06-28 13:45:00,2.724,2.725,2.72,2.725,888.0,CCCC
2023-06-28 13:43:00,2.72,2.72,2.72,2.72,514.0,CCCC
2023-06-28 13:41:00,2.725,2.725,2.725,2.725,100.0,CCCC
2023-06-28 13:40:00,2.72,2.72,2.72,2.72,315.0,CCCC
2023-06-28 13:39:00,2.725,2.725,2.725,2.725,189.0,CCCC
2023-06-28 13:38:00,2.725,2.725,2.725,2.725,189.0,CCCC
2023-06-28 13:37:00,2.726,2.726,2.72,2.72,1761.0,CCCC
2023-06-28 13:36:00,2.726,2.726,2.726,2.726,1753.0,CCCC
2023-06-28 13:32:00,2.735,2.735,2.729,2.729,3772.0,CCCC
2023-06-28 13:31:00,2.74,2.74,2.74,2.74,1499.0,CCCC
2023-06-28 13:27:00,2.735,2.745,2.735,2.74,2207.0,CCCC
2023-06-28 13:24:00,2.735,2.735,2.735,2.735,100.0,CCCC
2023-06-28 13:22:00,2.735,2.735,2.735,2.735,264.0,CCCC
2023-06-28 13:21:00,2.73,2.73,2.73,2.73,3421.0,CCCC
2023-06-28 13:17:00,2.725,2.725,2.72,2.72,200.0,CCCC
2023-06-28 13:16:00,2.725,2.725,2.725,2.725,116.0,CCCC
2023-06-28 13:13:00,2.725,2.725,2.725,2.725,570.0,CCCC
2023-06-28 13:12:00,2.725,2.725,2.725,2.725,100.0,CCCC
2023-06-28 13:09:00,2.73,2.73,2.73,2.73,861.0,CCCC
2023-06-28 13:08:00,2.735,2.735,2.73,2.73,200.0,CCCC
2023-06-28 13:07:00,2.735,2.735,2.735,2.735,300.0,CCCC
2023-06-28 13:05:00,2.735,2.735,2.735,2.735,547.0,CCCC
2023-06-28 13:03:00,2.73,2.73,2.73,2.73,987.0,CCCC
2023-06-28 13:02:00,2.725,2.725,2.725,2.725,182.0,CCCC
2023-06-28 12:57:00,2.735,2.735,2.73,2.73,600.0,CCCC
2023-06-28 12:56:00,2.735,2.735,2.735,2.735,216.0,CCCC
2023-06-28 12:54:00,2.73,2.735,2.73,2.735,219.0,CCCC
2023-06-28 12:53:00,2.74,2.74,2.74,2.74,506.0,CCCC
2023-06-28 12:51:00,2.74,2.74,2.74,2.74,372.0,CCCC
2023-06-28 12:49:00,2.745,2.745,2.745,2.745,100.0,CCCC
2023-06-28 12:48:00,2.745,2.745,2.74,2.74,500.0,CCCC
2023-06-28 12:47:00,2.745,2.745,2.745,2.745,200.0,CCCC
2023-06-28 12:46:00,2.75,2.75,2.75,2.75,117.0,CCCC
2023-06-28 12:44:00,2.75,2.75,2.74,2.745,3022.0,CCCC
2023-06-28 12:43:00,2.75,2.75,2.75,2.75,554.0,CCCC
2023-06-28 12:42:00,2.75,2.755,2.75,2.755,1100.0,CCCC
2023-06-28 12:40:00,2.75,2.75,2.75,2.75,200.0,CCCC
2023-06-28 12:39:00,2.75,2.75,2.75,2.75,100.0,CCCC
2023-06-28 12:37:00,2.755,2.755,2.755,2.755,318.0,CCCC
2023-06-28 12:36:00,2.755,2.76,2.755,2.76,581.0,CCCC
2023-06-28 12:34:00,2.755,2.755,2.755,2.755,300.0,CCCC
2023-06-28 12:32:00,2.755,2.755,2.755,2.755,113.0,CCCC
2023-06-28 12:31:00,2.76,2.76,2.76,2.76,1397.0,CCCC
2023-06-28 12:29:00,2.76,2.76,2.76,2.76,100.0,CCCC
2023-06-28 12:28:00,2.765,2.765,2.765,2.765,200.0,CCCC
2023-06-28 12:27:00,2.77,2.77,2.77,2.77,210.0,CCCC
2023-06-28 12:25:00,2.779,2.779,2.77,2.77,500.0,CCCC
2023-06-28 12:24:00,2.765,2.775,2.765,2.775,1478.0,CCCC
2023-06-28 12:22:00,2.765,2.765,2.765,2.765,115.0,CCCC
2023-06-28 12:21:00,2.77,2.77,2.77,2.77,882.0,CCCC
2023-06-28 12:19:00,2.775,2.775,2.77,2.77,300.0,CCCC
2023-06-28 12:18:00,2.775,2.775,2.775,2.775,100.0,CCCC
2023-06-28 12:17:00,2.775,2.775,2.77,2.77,316.0,CCCC
2023-06-28 12:14:00,2.765,2.775,2.765,2.775,1308.0,CCCC
2023-06-28 12:13:00,2.765,2.765,2.765,2.765,304.0,CCCC
2023-06-28 12:11:00,2.765,2.765,2.76,2.765,400.0,CCCC
2023-06-28 12:07:00,2.76,2.76,2.76,2.76,125.0,CCCC
2023-06-28 12:06:00,2.76,2.765,2.76,2.765,1008.0,CCCC
2023-06-28 12:05:00,2.76,2.76,2.755,2.755,632.0,CCCC
2023-06-28 12:04:00,2.765,2.765,2.765,2.765,100.0,CCCC
2023-06-28 12:03:00,2.75,2.76,2.75,2.76,3248.0,CCCC
2023-06-28 12:02:00,2.75,2.75,2.75,2.75,315.0,CCCC
2023-06-28 12:01:00,2.755,2.755,2.75,2.75,407.0,CCCC
2023-06-28 12:00:00,2.755,2.755,2.755,2.755,100.0,CCCC
2023-06-28 11:59:00,2.75,2.75,2.75,2.75,1692.0,CCCC
2023-06-28 11:58:00,2.745,2.745,2.74,2.74,389.0,CCCC
2023-06-28 11:56:00,2.75,2.75,2.745,2.745,2286.0,CCCC
2023-06-28 11:51:00,2.755,2.755,2.75,2.75,490.0,CCCC
2023-06-28 11:50:00,2.755,2.755,2.755,2.755,110.0,CCCC
2023-06-28 11:48:00,2.755,2.755,2.751,2.751,300.0,CCCC
2023-06-28 11:47:00,2.761,2.761,2.755,2.755,1884.0,CCCC
2023-06-28 11:46:00,2.765,2.765,2.76,2.76,683.0,CCCC
2023-06-28 11:45:00,2.765,2.765,2.765,2.765,100.0,CCCC
2023-06-28 11:44:00,2.76,2.76,2.76,2.76,562.0,CCCC
2023-06-28 11:43:00,2.759,2.76,2.759,2.76,918.0,CCCC
2023-06-28 11:42:00,2.755,2.755,2.755,2.755,450.0,CCCC
2023-06-28 11:41:00,2.755,2.76,2.755,2.755,655.0,CCCC
2023-06-28 11:40:00,2.755,2.755,2.755,2.755,191.0,CCCC
2023-06-28 11:39:00,2.75,2.75,2.75,2.75,1654.0,CCCC
2023-06-28 11:38:00,2.745,2.745,2.745,2.745,115.0,CCCC
2023-06-28 11:37:00,2.745,2.745,2.745,2.745,227.0,CCCC
2023-06-28 11:35:00,2.745,2.745,2.745,2.745,532.0,CCCC
2023-06-28 11:34:00,2.74,2.745,2.74,2.745,3018.0,CCCC
2023-06-28 11:31:00,2.735,2.735,2.73,2.73,400.0,CCCC
2023-06-28 11:29:00,2.73,2.73,2.73,2.73,1086.0,CCCC
2023-06-28 11:26:00,2.725,2.725,2.725,2.725,599.0,CCCC
2023-06-28 11:25:00,2.725,2.725,2.72,2.72,2009.0,CCCC
2023-06-28 11:23:00,2.728,2.728,2.725,2.725,900.0,CCCC
2023-06-28 11:22:00,2.73,2.73,2.725,2.73,1370.0,CCCC
2023-06-28 11:21:00,2.73,2.74,2.73,2.735,11904.0,CCCC
2023-06-28 11:17:00,2.72,2.725,2.72,2.725,2165.0,CCCC
2023-06-28 11:16:00,2.715,2.715,2.715,2.715,539.0,CCCC
2023-06-28 11:15:00,2.72,2.72,2.715,2.715,1201.0,CCCC
2023-06-28 11:14:00,2.725,2.73,2.725,2.73,462.0,CCCC
2023-06-28 11:12:00,2.722,2.722,2.72,2.72,2151.0,CCCC
2023-06-28 11:11:00,2.73,2.73,2.73,2.73,1150.0,CCCC
2023-06-28 11:10:00,2.74,2.74,2.74,2.74,204.0,CCCC
2023-06-28 11:09:00,2.735,2.735,2.73,2.73,518.0,CCCC
2023-06-28 11:06:00,2.735,2.735,2.735,2.735,100.0,CCCC
2023-06-28 11:05:00,2.735,2.735,2.73,2.735,757.0,CCCC
2023-06-28 11:03:00,2.735,2.735,2.735,2.735,200.0,CCCC
2023-06-28 11:02:00,2.735,2.735,2.735,2.735,100.0,CCCC
2023-06-28 11:00:00,2.74,2.74,2.74,2.74,406.0,CCCC
2023-06-28 10:58:00,2.75,2.75,2.745,2.745,539.0,CCCC
2023-06-28 10:57:00,2.758,2.76,2.75,2.75,1525.0,CCCC
2023-06-28 10:56:00,2.755,2.755,2.755,2.755,100.0,CCCC
2023-06-28 10:53:00,2.75,2.75,2.75,2.75,1464.0,CCCC
2023-06-28 10:52:00,2.75,2.75,2.75,2.75,200.0,CCCC
2023-06-28 10:50:00,2.755,2.755,2.755,2.755,109.0,CCCC
2023-06-28 10:48:00,2.75,2.75,2.75,2.75,104.0,CCCC
2023-06-28 10:46:00,2.75,2.75,2.75,2.75,3565.0,CCCC
2023-06-28 10:45:00,2.76,2.76,2.76,2.76,200.0,CCCC
2023-06-28 10:44:00,2.76,2.76,2.76,2.76,1070.0,CCCC
2023-06-28 10:43:00,2.77,2.77,2.77,2.77,1371.0,CCCC
2023-06-28 10:41:00,2.77,2.775,2.77,2.775,499.0,CCCC
2023-06-28 10:37:00,2.77,2.77,2.77,2.77,389.0,CCCC
2023-06-28 10:35:00,2.77,2.77,2.77,2.77,200.0,CCCC
2023-06-28 10:34:00,2.77,2.77,2.77,2.77,300.0,CCCC
2023-06-28 10:33:00,2.775,2.775,2.775,2.775,100.0,CCCC
2023-06-28 10:31:00,2.775,2.775,2.775,2.775,200.0,CCCC
2023-06-28 10:30:00,2.775,2.775,2.775,2.775,300.0,CCCC
2023-06-28 10:29:00,2.775,2.775,2.77,2.77,680.0,CCCC
2023-06-28 10:28:00,2.775,2.775,2.775,2.775,413.0,CCCC
2023-06-28 10:27:00,2.775,2.775,2.775,2.775,100.0,CCCC
2023-06-28 10:26:00,2.78,2.78,2.775,2.775,1443.0,CCCC
2023-06-28 10:25:00,2.78,2.785,2.78,2.78,793.0,CCCC
2023-06-28 10:24:00,2.785,2.785,2.781,2.781,618.0,CCCC
2023-06-28 10:23:00,2.785,2.785,2.785,2.785,100.0,CCCC
2023-06-28 10:20:00,2.785,2.785,2.78,2.78,601.0,CCCC
2023-06-28 10:17:00,2.789,2.789,2.785,2.785,585.0,CCCC
2023-06-28 10:15:00,2.78,2.78,2.78,2.78,502.0,CCCC
2023-06-28 10:14:00,2.78,2.78,2.78,2.78,1006.0,CCCC
2023-06-28 10:12:00,2.791,2.791,2.78,2.78,1107.0,CCCC
2023-06-28 10:11:00,2.795,2.795,2.79,2.79,379.0,CCCC
2023-06-28 10:10:00,2.79,2.79,2.78,2.79,2003.0,CCCC
2023-06-28 10:09:00,2.785,2.785,2.78,2.785,617.0,CCCC
2023-06-28 10:08:00,2.785,2.785,2.785,2.785,250.0,CCCC
2023-06-28 10:06:00,2.78,2.789,2.78,2.789,887.0,CCCC
2023-06-28 10:05:00,2.77,2.79,2.77,2.78,21205.0,CCCC
2023-06-28 10:03:00,2.77,2.77,2.77,2.77,307.0,CCCC
2023-06-28 10:02:00,2.775,2.775,2.775,2.775,200.0,CCCC
2023-06-28 10:01:00,2.789,2.789,2.789,2.789,251.0,CCCC
2023-06-28 10:00:00,2.79,2.79,2.79,2.79,694.0,CCCC
2023-06-28 09:57:00,2.78,2.78,2.78,2.78,368.0,CCCC
2023-06-28 09:56:00,2.772,2.775,2.772,2.775,300.0,CCCC
2023-06-28 09:55:00,2.75,2.76,2.75,2.76,684.0,CCCC
2023-06-28 09:54:00,2.75,2.75,2.745,2.745,350.0,CCCC
2023-06-28 09:53:00,2.77,2.77,2.77,2.77,575.0,CCCC
2023-06-28 09:52:00,2.78,2.78,2.78,2.78,760.0,CCCC
2023-06-28 09:51:00,2.78,2.78,2.78,2.78,1426.0,CCCC
2023-06-28 09:49:00,2.78,2.78,2.778,2.778,1000.0,CCCC
2023-06-28 09:48:00,2.77,2.77,2.77,2.77,835.0,CCCC
2023-06-28 09:47:00,2.74,2.76,2.74,2.76,521.0,CCCC
2023-06-28 09:44:00,2.73,2.731,2.73,2.731,2432.0,CCCC
2023-06-28 09:43:00,2.699,2.71,2.699,2.71,1949.0,CCCC
2023-06-28 09:42:00,2.7,2.7,2.69,2.69,2336.0,CCCC
2023-06-28 09:40:00,2.716,2.716,2.7,2.7,4592.0,CCCC
2023-06-28 09:39:00,2.722,2.725,2.72,2.72,2974.0,CCCC
2023-06-28 09:38:00,2.72,2.72,2.72,2.72,1146.0,CCCC
2023-06-28 09:34:00,2.725,2.725,2.725,2.725,160.0,CCCC
2023-06-28 09:32:00,2.705,2.73,2.705,2.725,489.0,CCCC
2023-06-28 09:31:00,2.745,2.745,2.745,2.745,100.0,CCCC
2023-06-28 09:30:00,2.75,2.75,2.75,2.75,2684.0,CCCC
2023-06-28 07:05:00,2.69,2.69,2.69,2.69,4.0,CCCC
2023-06-27 19:24:00,2.81,2.81,2.81,2.81,10.0,CCCC
2023-06-27 16:27:00,2.75,2.75,2.75,2.75,521.0,CCCC
2023-06-27 16:09:00,2.66,2.66,2.66,2.66,1.0,CCCC
2023-06-27 16:01:00,2.75,2.75,2.75,2.75,1.0,CCCC
2023-06-27 16:00:00,2.75,2.76,2.75,2.75,73192.0,CCCC
2023-06-27 15:59:00,2.75,2.76,2.74,2.76,19511.0,CCCC
2023-06-27 15:58:00,2.745,2.75,2.74,2.75,8226.0,CCCC
2023-06-27 15:57:00,2.74,2.75,2.74,2.75,8676.0,CCCC
2023-06-27 15:56:00,2.745,2.75,2.74,2.745,4043.0,CCCC
2023-06-27 15:55:00,2.745,2.75,2.74,2.745,6162.0,CCCC
2023-06-27 15:54:00,2.745,2.75,2.74,2.75,2753.0,CCCC
2023-06-27 15:53:00,2.745,2.75,2.745,2.745,3797.0,CCCC
2023-06-27 15:52:00,2.755,2.759,2.745,2.745,5858.0,CCCC
2023-06-27 15:51:00,2.765,2.765,2.75,2.755,10462.0,CCCC
2023-06-27 15:50:00,2.765,2.77,2.76,2.765,1588.0,CCCC
2023-06-27 15:49:00,2.765,2.77,2.76,2.765,2454.0,CCCC
2023-06-27 15:48:00,2.77,2.77,2.765,2.765,385.0,CCCC
2023-06-27 15:47:00,2.765,2.77,2.765,2.765,2468.0,CCCC
2023-06-27 15:46:00,2.765,2.765,2.765,2.765,328.0,CCCC
2023-06-27 15:45:00,2.77,2.77,2.765,2.765,400.0,CCCC
2023-06-27 15:44:00,2.755,2.765,2.755,2.765,10811.0,CCCC
2023-06-27 15:43:00,2.755,2.755,2.75,2.755,7024.0,CCCC
2023-06-27 15:42:00,2.755,2.755,2.755,2.755,286.0,CCCC
2023-06-27 15:41:00,2.755,2.755,2.755,2.755,765.0,CCCC
2023-06-27 15:40:00,2.755,2.76,2.75,2.75,1214.0,CCCC
2023-06-27 15:39:00,2.755,2.755,2.755,2.755,801.0,CCCC
2023-06-27 15:38:00,2.755,2.755,2.75,2.755,1316.0,CCCC
2023-06-27 15:37:00,2.755,2.755,2.755,2.755,420.0,CCCC
2023-06-27 15:36:00,2.755,2.755,2.755,2.755,475.0,CCCC
2023-06-27 15:35:00,2.755,2.755,2.755,2.755,280.0,CCCC
2023-06-27 15:34:00,2.76,2.765,2.755,2.755,5713.0,CCCC
2023-06-27 15:33:00,2.77,2.77,2.765,2.765,1112.0,CCCC
2023-06-27 15:32:00,2.77,2.77,2.77,2.77,1004.0,CCCC
2023-06-27 15:31:00,2.765,2.765,2.765,2.765,329.0,CCCC
2023-06-27 15:30:00,2.765,2.765,2.765,2.765,1803.0,CCCC
2023-06-27 15:29:00,2.765,2.765,2.765,2.765,410.0,CCCC
2023-06-27 15:28:00,2.76,2.77,2.76,2.77,4869.0,CCCC
2023-06-27 15:27:00,2.759,2.759,2.755,2.759,1808.0,CCCC
2023-06-27 15:26:00,2.755,2.76,2.755,2.76,2207.0,CCCC
2023-06-27 15:24:00,2.755,2.76,2.755,2.76,1226.0,CCCC
2023-06-27 15:23:00,2.755,2.755,2.755,2.755,855.0,CCCC
2023-06-27 15:21:00,2.76,2.76,2.755,2.755,506.0,CCCC
2023-06-27 15:20:00,2.755,2.755,2.755,2.755,175.0,CCCC
2023-06-27 15:19:00,2.755,2.76,2.751,2.751,942.0,CCCC
2023-06-27 15:18:00,2.755,2.755,2.755,2.755,434.0,CCCC
2023-06-27 15:17:00,2.755,2.76,2.755,2.76,702.0,CCCC
2023-06-27 15:16:00,2.75,2.755,2.75,2.755,5131.0,CCCC
2023-06-27 15:15:00,2.745,2.745,2.745,2.745,741.0,CCCC
2023-06-27 15:14:00,2.745,2.745,2.745,2.745,641.0,CCCC
2023-06-27 15:13:00,2.745,2.748,2.745,2.748,312.0,CCCC
2023-06-27 15:11:00,2.745,2.745,2.745,2.745,207.0,CCCC
2023-06-27 15:10:00,2.745,2.745,2.745,2.745,866.0,CCCC
2023-06-27 15:09:00,2.745,2.75,2.745,2.75,1503.0,CCCC
2023-06-27 15:08:00,2.75,2.75,2.74,2.743,8095.0,CCCC
2023-06-27 15:07:00,2.75,2.755,2.75,2.755,676.0,CCCC
2023-06-27 15:06:00,2.755,2.755,2.755,2.755,743.0,CCCC
2023-06-27 15:05:00,2.755,2.755,2.755,2.755,400.0,CCCC
2023-06-27 15:04:00,2.75,2.76,2.75,2.75,1344.0,CCCC
2023-06-27 15:03:00,2.75,2.75,2.75,2.75,157.0,CCCC
2023-06-27 15:02:00,2.755,2.755,2.755,2.755,100.0,CCCC
2023-06-27 15:01:00,2.755,2.755,2.755,2.755,352.0,CCCC
2023-06-27 15:00:00,2.755,2.755,2.755,2.755,345.0,CCCC
2023-06-27 14:59:00,2.75,2.755,2.75,2.755,999.0,CCCC
2023-06-27 14:58:00,2.755,2.755,2.755,2.755,729.0,CCCC
2023-06-27 14:57:00,2.755,2.755,2.75,2.75,901.0,CCCC
2023-06-27 14:55:00,2.755,2.755,2.755,2.755,371.0,CCCC
2023-06-27 14:54:00,2.76,2.76,2.745,2.75,3103.0,CCCC
2023-06-27 14:53:00,2.785,2.785,2.76,2.76,19116.0,CCCC
2023-06-27 14:52:00,2.795,2.795,2.78,2.79,5114.0,CCCC
2023-06-27 14:50:00,2.795,2.795,2.795,2.795,404.0,CCCC
2023-06-27 14:49:00,2.79,2.8,2.785,2.795,12286.0,CCCC
2023-06-27 14:48:00,2.789,2.789,2.78,2.785,1074.0,CCCC
2023-06-27 14:47:00,2.785,2.79,2.785,2.79,7082.0,CCCC
2023-06-27 14:46:00,2.78,2.79,2.78,2.79,221.0,CCCC
2023-06-27 14:45:00,2.78,2.78,2.78,2.78,452.0,CCCC
2023-06-27 14:44:00,2.785,2.79,2.78,2.79,1643.0,CCCC
2023-06-27 14:43:00,2.785,2.785,2.78,2.785,1108.0,CCCC
2023-06-27 14:42:00,2.785,2.79,2.785,2.79,1520.0,CCCC
2023-06-27 14:40:00,2.785,2.785,2.785,2.785,100.0,CCCC
2023-06-27 14:39:00,2.79,2.79,2.785,2.785,995.0,CCCC
2023-06-27 14:38:00,2.79,2.79,2.79,2.79,1372.0,CCCC
2023-06-27 14:37:00,2.785,2.785,2.785,2.785,306.0,CCCC
2023-06-27 14:36:00,2.785,2.785,2.785,2.785,233.0,CCCC
2023-06-27 14:35:00,2.785,2.785,2.785,2.785,110.0,CCCC
2023-06-27 14:33:00,2.79,2.79,2.78,2.785,9128.0,CCCC
2023-06-27 14:32:00,2.79,2.79,2.79,2.79,210.0,CCCC
2023-06-27 14:31:00,2.785,2.79,2.78,2.78,1271.0,CCCC
2023-06-27 14:30:00,2.785,2.785,2.785,2.785,219.0,CCCC
2023-06-27 14:29:00,2.785,2.785,2.785,2.785,211.0,CCCC
2023-06-27 14:28:00,2.79,2.79,2.785,2.785,342.0,CCCC
2023-06-27 14:27:00,2.785,2.786,2.785,2.786,674.0,CCCC
2023-06-27 14:26:00,2.765,2.79,2.765,2.79,4107.0,CCCC
2023-06-27 14:24:00,2.765,2.765,2.765,2.765,142.0,CCCC
2023-06-27 14:23:00,2.77,2.77,2.77,2.77,331.0,CCCC
2023-06-27 14:21:00,2.765,2.765,2.765,2.765,145.0,CCCC
2023-06-27 14:20:00,2.765,2.765,2.765,2.765,110.0,CCCC
2023-06-27 14:18:00,2.755,2.77,2.755,2.77,5163.0,CCCC
2023-06-27 14:13:00,2.77,2.77,2.755,2.755,2891.0,CCCC
2023-06-27 14:12:00,2.775,2.78,2.77,2.77,566.0,CCCC
2023-06-27 14:10:00,2.775,2.775,2.775,2.775,170.0,CCCC
2023-06-27 14:07:00,2.775,2.779,2.775,2.775,569.0,CCCC
2023-06-27 14:06:00,2.775,2.775,2.77,2.77,713.0,CCCC
2023-06-27 14:05:00,2.775,2.775,2.77,2.77,201.0,CCCC
2023-06-27 14:04:00,2.775,2.775,2.775,2.775,210.0,CCCC
2023-06-27 14:01:00,2.775,2.775,2.775,2.775,403.0,CCCC
2023-06-27 13:59:00,2.775,2.775,2.77,2.77,623.0,CCCC
2023-06-27 13:58:00,2.775,2.775,2.775,2.775,420.0,CCCC
2023-06-27 13:57:00,2.775,2.775,2.775,2.775,156.0,CCCC
2023-06-27 13:56:00,2.775,2.775,2.77,2.77,579.0,CCCC
2023-06-27 13:55:00,2.775,2.775,2.775,2.775,110.0,CCCC
2023-06-27 13:53:00,2.775,2.775,2.775,2.775,224.0,CCCC
2023-06-27 13:52:00,2.78,2.78,2.77,2.77,210.0,CCCC
2023-06-27 13:51:00,2.775,2.775,2.775,2.775,211.0,CCCC
2023-06-27 13:49:00,2.775,2.775,2.775,2.775,310.0,CCCC
2023-06-27 13:48:00,2.775,2.775,2.775,2.775,221.0,CCCC
2023-06-27 13:47:00,2.78,2.78,2.775,2.775,322.0,CCCC
2023-06-27 13:45:00,2.775,2.775,2.775,2.775,120.0,CCCC
2023-06-27 13:44:00,2.775,2.775,2.775,2.775,299.0,CCCC
2023-06-27 13:43:00,2.775,2.775,2.775,2.775,200.0,CCCC
2023-06-27 13:42:00,2.78,2.78,2.77,2.775,401.0,CCCC
2023-06-27 13:41:00,2.78,2.78,2.78,2.78,202.0,CCCC
2023-06-27 13:39:00,2.775,2.775,2.775,2.775,285.0,CCCC
2023-06-27 13:38:00,2.775,2.775,2.775,2.775,102.0,CCCC
2023-06-27 13:37:00,2.77,2.771,2.77,2.771,431.0,CCCC
2023-06-27 13:36:00,2.775,2.775,2.775,2.775,347.0,CCCC
2023-06-27 13:35:00,2.78,2.78,2.775,2.775,1189.0,CCCC
2023-06-27 13:34:00,2.775,2.775,2.775,2.775,232.0,CCCC
2023-06-27 13:33:00,2.775,2.775,2.775,2.775,430.0,CCCC
2023-06-27 13:32:00,2.77,2.78,2.77,2.78,412.0,CCCC
2023-06-27 13:31:00,2.78,2.78,2.78,2.78,143.0,CCCC
2023-06-27 13:30:00,2.771,2.775,2.771,2.775,927.0,CCCC
2023-06-27 13:29:00,2.775,2.775,2.77,2.77,450.0,CCCC
2023-06-27 13:28:00,2.775,2.775,2.77,2.775,1352.0,CCCC
2023-06-27 13:27:00,2.77,2.775,2.77,2.775,2853.0,CCCC
2023-06-27 13:26:00,2.765,2.765,2.765,2.765,112.0,CCCC
2023-06-27 13:25:00,2.77,2.77,2.77,2.77,572.0,CCCC
2023-06-27 13:24:00,2.765,2.768,2.765,2.768,300.0,CCCC
2023-06-27 13:23:00,2.76,2.765,2.76,2.765,1796.0,CCCC
2023-06-27 13:22:00,2.76,2.76,2.76,2.76,100.0,CCCC
2023-06-27 13:21:00,2.75,2.76,2.75,2.751,6246.0,CCCC
2023-06-27 13:18:00,2.75,2.75,2.75,2.75,400.0,CCCC
2023-06-27 13:17:00,2.75,2.75,2.75,2.75,100.0,CCCC
2023-06-27 13:16:00,2.74,2.745,2.74,2.74,3469.0,CCCC
2023-06-27 13:15:00,2.735,2.735,2.731,2.731,460.0,CCCC
2023-06-27 13:14:00,2.732,2.732,2.732,2.732,148.0,CCCC
2023-06-27 13:13:00,2.739,2.739,2.739,2.739,698.0,CCCC
2023-06-27 13:12:00,2.735,2.735,2.73,2.735,537.0,CCCC
2023-06-27 13:11:00,2.74,2.74,2.735,2.735,402.0,CCCC
2023-06-27 13:09:00,2.735,2.735,2.735,2.735,228.0,CCCC
2023-06-27 13:08:00,2.74,2.74,2.74,2.74,500.0,CCCC
2023-06-27 13:07:00,2.73,2.735,2.73,2.731,2805.0,CCCC
2023-06-27 13:06:00,2.735,2.735,2.735,2.735,116.0,CCCC
2023-06-27 13:05:00,2.7,2.74,2.7,2.74,15134.0,CCCC
2023-06-27 13:03:00,2.705,2.71,2.705,2.705,1315.0,CCCC
2023-06-27 12:59:00,2.705,2.705,2.7,2.7,626.0,CCCC
2023-06-27 12:57:00,2.71,2.71,2.705,2.705,592.0,CCCC
2023-06-27 12:56:00,2.71,2.71,2.71,2.71,725.0,CCCC
2023-06-27 12:55:00,2.72,2.72,2.715,2.715,2213.0,CCCC
2023-06-27 12:54:00,2.725,2.73,2.725,2.725,932.0,CCCC
2023-06-27 12:53:00,2.715,2.725,2.71,2.725,10360.0,CCCC
2023-06-27 12:51:00,2.71,2.71,2.71,2.71,176.0,CCCC
2023-06-27 12:49:00,2.715,2.72,2.715,2.72,238.0,CCCC
2023-06-27 12:47:00,2.72,2.72,2.72,2.72,120.0,CCCC
2023-06-27 12:46:00,2.71,2.71,2.71,2.71,4076.0,CCCC
2023-06-27 12:44:00,2.705,2.705,2.7,2.7,442.0,CCCC
2023-06-27 12:43:00,2.705,2.705,2.7,2.7,401.0,CCCC
2023-06-27 12:40:00,2.705,2.705,2.705,2.705,447.0,CCCC
2023-06-27 12:39:00,2.7,2.709,2.7,2.709,300.0,CCCC
2023-06-27 12:37:00,2.708,2.708,2.708,2.708,200.0,CCCC
2023-06-27 12:36:00,2.7,2.7,2.7,2.7,1905.0,CCCC
2023-06-27 12:33:00,2.7,2.7,2.7,2.7,100.0,CCCC
2023-06-27 12:31:00,2.705,2.705,2.7,2.7,933.0,CCCC
2023-06-27 12:30:00,2.705,2.705,2.705,2.705,100.0,CCCC
2023-06-27 12:29:00,2.7,2.7,2.7,2.7,110.0,CCCC
2023-06-27 12:27:00,2.7,2.7,2.7,2.7,100.0,CCCC
2023-06-27 12:26:00,2.705,2.705,2.705,2.705,215.0,CCCC
2023-06-27 12:25:00,2.705,2.705,2.7,2.7,400.0,CCCC
2023-06-27 12:24:00,2.705,2.705,2.705,2.705,300.0,CCCC
2023-06-27 12:23:00,2.7,2.7,2.7,2.7,123.0,CCCC
2023-06-27 12:22:00,2.71,2.71,2.705,2.705,335.0,CCCC
2023-06-27 12:21:00,2.71,2.71,2.71,2.71,612.0,CCCC
2023-06-27 12:17:00,2.715,2.715,2.715,2.715,210.0,CCCC
2023-06-27 12:16:00,2.715,2.715,2.71,2.71,404.0,CCCC
2023-06-27 12:15:00,2.715,2.715,2.715,2.715,100.0,CCCC
2023-06-27 12:14:00,2.715,2.72,2.715,2.715,930.0,CCCC
2023-06-27 12:11:00,2.71,2.71,2.71,2.71,1279.0,CCCC
2023-06-27 12:09:00,2.705,2.715,2.7,2.715,4228.0,CCCC
2023-06-27 12:08:00,2.71,2.71,2.71,2.71,278.0,CCCC
2023-06-27 12:07:00,2.7,2.71,2.7,2.71,307.0,CCCC
2023-06-27 12:06:00,2.71,2.71,2.705,2.705,1101.0,CCCC
2023-06-27 12:05:00,2.718,2.72,2.705,2.71,1430.0,CCCC
2023-06-27 12:04:00,2.72,2.72,2.71,2.71,4216.0,CCCC
2023-06-27 12:03:00,2.72,2.72,2.72,2.72,244.0,CCCC
2023-06-27 12:02:00,2.729,2.73,2.725,2.725,801.0,CCCC
2023-06-27 12:01:00,2.72,2.72,2.72,2.72,518.0,CCCC
2023-06-27 12:00:00,2.72,2.729,2.72,2.729,1250.0,CCCC
2023-06-27 11:58:00,2.73,2.73,2.72,2.72,1029.0,CCCC
2023-06-27 11:57:00,2.73,2.73,2.73,2.73,237.0,CCCC
2023-06-27 11:55:00,2.74,2.74,2.74,2.74,800.0,CCCC
2023-06-27 11:53:00,2.74,2.74,2.74,2.74,352.0,CCCC
2023-06-27 11:50:00,2.75,2.75,2.75,2.75,306.0,CCCC
2023-06-27 11:49:00,2.74,2.74,2.74,2.74,794.0,CCCC
2023-06-27 11:47:00,2.745,2.75,2.745,2.745,426.0,CCCC
2023-06-27 11:46:00,2.748,2.75,2.748,2.75,300.0,CCCC
2023-06-27 11:44:00,2.745,2.745,2.745,2.745,100.0,CCCC
2023-06-27 11:43:00,2.745,2.745,2.74,2.745,1423.0,CCCC
2023-06-27 11:39:00,2.735,2.745,2.735,2.745,1202.0,CCCC
2023-06-27 11:38:00,2.735,2.735,2.735,2.735,115.0,CCCC
2023-06-27 11:34:00,2.739,2.74,2.73,2.735,2859.0,CCCC
2023-06-27 11:33:00,2.735,2.735,2.73,2.73,500.0,CCCC
2023-06-27 11:32:00,2.74,2.74,2.73,2.735,1345.0,CCCC
2023-06-27 11:31:00,2.74,2.74,2.74,2.74,216.0,CCCC
2023-06-27 11:30:00,2.73,2.74,2.73,2.735,1315.0,CCCC
2023-06-27 11:29:00,2.73,2.73,2.73,2.73,200.0,CCCC
2023-06-27 11:28:00,2.715,2.725,2.715,2.725,2795.0,CCCC
2023-06-27 11:27:00,2.718,2.718,2.71,2.71,718.0,CCCC
2023-06-27 11:25:00,2.715,2.715,2.715,2.715,338.0,CCCC
2023-06-27 11:24:00,2.715,2.715,2.715,2.715,200.0,CCCC
2023-06-27 11:23:00,2.71,2.71,2.71,2.71,200.0,CCCC
2023-06-27 11:21:00,2.715,2.715,2.71,2.71,700.0,CCCC
2023-06-27 11:20:00,2.71,2.71,2.71,2.71,809.0,CCCC
2023-06-27 11:19:00,2.715,2.715,2.71,2.71,1226.0,CCCC
2023-06-27 11:17:00,2.715,2.72,2.715,2.72,200.0,CCCC
2023-06-27 11:16:00,2.71,2.71,2.71,2.71,790.0,CCCC
2023-06-27 11:15:00,2.685,2.71,2.685,2.71,7496.0,CCCC
2023-06-27 11:13:00,2.685,2.685,2.685,2.685,111.0,CCCC
2023-06-27 11:12:00,2.69,2.69,2.68,2.68,200.0,CCCC
2023-06-27 11:11:00,2.67,2.68,2.67,2.675,3291.0,CCCC
2023-06-27 11:08:00,2.665,2.67,2.66,2.67,813.0,CCCC
2023-06-27 11:07:00,2.665,2.665,2.665,2.665,605.0,CCCC
2023-06-27 11:06:00,2.67,2.67,2.665,2.665,1068.0,CCCC
2023-06-27 11:05:00,2.67,2.67,2.67,2.67,1633.0,CCCC
2023-06-27 11:04:00,2.682,2.682,2.67,2.672,4981.0,CCCC
2023-06-27 11:03:00,2.68,2.68,2.68,2.68,100.0,CCCC
2023-06-27 11:02:00,2.685,2.685,2.685,2.685,120.0,CCCC
2023-06-27 11:01:00,2.685,2.685,2.68,2.68,500.0,CCCC
2023-06-27 10:59:00,2.68,2.688,2.68,2.687,795.0,CCCC
2023-06-27 10:58:00,2.68,2.7,2.675,2.675,44072.0,CCCC
2023-06-27 10:56:00,2.665,2.67,2.665,2.67,6751.0,CCCC
2023-06-27 10:55:00,2.655,2.67,2.655,2.67,4612.0,CCCC
2023-06-27 10:54:00,2.659,2.658,2.65,2.65,445.0,CCCC
2023-06-27 10:53:00,2.659,2.66,2.655,2.658,5589.0,CCCC
2023-06-27 10:51:00,2.65,2.655,2.65,2.65,1995.0,CCCC
2023-06-27 10:49:00,2.659,2.659,2.65,2.65,1207.0,CCCC
2023-06-27 10:48:00,2.65,2.66,2.65,2.66,319.0,CCCC
2023-06-27 10:46:00,2.651,2.651,2.651,2.651,200.0,CCCC
2023-06-27 10:45:00,2.657,2.657,2.657,2.657,2072.0,CCCC
2023-06-27 10:43:00,2.635,2.659,2.63,2.659,10294.0,CCCC
2023-06-27 10:42:00,2.635,2.635,2.635,2.635,402.0,CCCC
2023-06-27 10:41:00,2.64,2.64,2.63,2.63,803.0,CCCC
2023-06-27 10:40:00,2.635,2.64,2.635,2.64,2713.0,CCCC
2023-06-27 10:39:00,2.635,2.635,2.63,2.635,513.0,CCCC
2023-06-27 10:38:00,2.635,2.64,2.635,2.64,1156.0,CCCC
2023-06-27 10:37:00,2.64,2.64,2.64,2.64,400.0,CCCC
2023-06-27 10:36:00,2.64,2.64,2.64,2.64,408.0,CCCC
2023-06-27 10:35:00,2.645,2.645,2.635,2.635,1142.0,CCCC
2023-06-27 10:34:00,2.645,2.645,2.645,2.645,100.0,CCCC
2023-06-27 10:33:00,2.641,2.645,2.64,2.64,5539.0,CCCC
2023-06-27 10:32:00,2.65,2.65,2.645,2.645,8084.0,CCCC
2023-06-27 10:31:00,2.66,2.66,2.65,2.65,8132.0,CCCC
2023-06-27 10:30:00,2.645,2.66,2.645,2.66,1291.0,CCCC
2023-06-27 10:28:00,2.65,2.65,2.65,2.65,1269.0,CCCC
2023-06-27 10:27:00,2.64,2.645,2.64,2.64,2907.0,CCCC
2023-06-27 10:26:00,2.625,2.64,2.625,2.64,2941.0,CCCC
2023-06-27 10:25:00,2.625,2.625,2.625,2.625,288.0,CCCC
2023-06-27 10:21:00,2.629,2.63,2.629,2.63,3641.0,CCCC
2023-06-27 10:20:00,2.63,2.63,2.62,2.62,3245.0,CCCC
2023-06-27 10:19:00,2.63,2.63,2.61,2.62,1929.0,CCCC
2023-06-27 10:18:00,2.609,2.62,2.6,2.62,6900.0,CCCC
2023-06-27 10:17:00,2.609,2.61,2.6,2.605,3277.0,CCCC
2023-06-27 10:16:00,2.61,2.61,2.605,2.605,1727.0,CCCC
2023-06-27 10:15:00,2.63,2.631,2.62,2.62,3674.0,CCCC
2023-06-27 10:14:00,2.64,2.65,2.64,2.64,552.0,CCCC
2023-06-27 10:13:00,2.63,2.635,2.63,2.635,2662.0,CCCC
2023-06-27 10:12:00,2.646,2.65,2.63,2.63,3608.0,CCCC
2023-06-27 10:11:00,2.64,2.64,2.64,2.64,100.0,CCCC
2023-06-27 10:10:00,2.64,2.64,2.635,2.64,3198.0,CCCC
2023-06-27 10:09:00,2.659,2.659,2.65,2.65,6388.0,CCCC
2023-06-27 10:08:00,2.66,2.66,2.655,2.655,1252.0,CCCC
2023-06-27 10:07:00,2.665,2.665,2.66,2.66,838.0,CCCC
2023-06-27 10:06:00,2.67,2.679,2.66,2.66,4530.0,CCCC
2023-06-27 10:05:00,2.685,2.685,2.679,2.678,2429.0,CCCC
2023-06-27 10:04:00,2.69,2.69,2.69,2.69,1034.0,CCCC
2023-06-27 10:03:00,2.7,2.7,2.69,2.69,207.0,CCCC
2023-06-27 10:02:00,2.695,2.695,2.695,2.695,133.0,CCCC
2023-06-27 10:01:00,2.7,2.7,2.7,2.7,1200.0,CCCC
2023-06-27 10:00:00,2.69,2.69,2.69,2.69,313.0,CCCC
2023-06-27 09:59:00,2.705,2.705,2.69,2.69,2941.0,CCCC
2023-06-27 09:58:00,2.705,2.705,2.705,2.705,114.0,CCCC
2023-06-27 09:57:00,2.705,2.71,2.705,2.71,314.0,CCCC
2023-06-27 09:56:00,2.7,2.7,2.7,2.7,340.0,CCCC
2023-06-27 09:55:00,2.705,2.71,2.705,2.71,1647.0,CCCC
2023-06-27 09:54:00,2.709,2.709,2.709,2.709,113.0,CCCC
2023-06-27 09:53:00,2.71,2.71,2.71,2.71,125.0,CCCC
2023-06-27 09:52:00,2.7,2.7,2.7,2.7,167.0,CCCC
2023-06-27 09:49:00,2.69,2.69,2.69,2.69,158.0,CCCC
2023-06-27 09:47:00,2.69,2.7,2.69,2.7,1311.0,CCCC
2023-06-27 09:46:00,2.7,2.704,2.69,2.69,1845.0,CCCC
2023-06-27 09:45:00,2.69,2.7,2.69,2.7,1571.0,CCCC
2023-06-27 09:44:00,2.695,2.695,2.695,2.695,241.0,CCCC
2023-06-27 09:43:00,2.69,2.69,2.69,2.69,393.0,CCCC
2023-06-27 09:42:00,2.69,2.69,2.69,2.69,588.0,CCCC
2023-06-27 09:41:00,2.68,2.68,2.665,2.68,18790.0,CCCC
2023-06-27 09:40:00,2.69,2.69,2.69,2.69,720.0,CCCC
2023-06-27 09:39:00,2.73,2.73,2.68,2.7,14247.0,CCCC
2023-06-27 09:38:00,2.73,2.73,2.73,2.73,347.0,CCCC
2023-06-27 09:37:00,2.745,2.745,2.722,2.73,7733.0,CCCC
2023-06-27 09:36:00,2.75,2.75,2.745,2.745,1102.0,CCCC
2023-06-27 09:35:00,2.75,2.75,2.75,2.75,1197.0,CCCC
2023-06-27 09:34:00,2.75,2.76,2.74,2.74,3156.0,CCCC
2023-06-27 09:33:00,2.765,2.765,2.75,2.75,2718.0,CCCC
2023-06-27 09:32:00,2.775,2.78,2.745,2.76,2478.0,CCCC
2023-06-27 09:31:00,2.77,2.785,2.77,2.775,1984.0,CCCC
2023-06-27 09:30:00,2.76,2.76,2.76,2.76,3318.0,CCCC
2023-06-27 09:13:00,2.75,2.75,2.75,2.75,57.0,CCCC
2023-06-27 09:12:00,2.75,2.75,2.75,2.75,245.0,CCCC
2023-06-27 09:09:00,2.74,2.75,2.74,2.75,150.0,CCCC
2023-06-27 08:31:00,2.75,2.75,2.75,2.75,2.0,CCCC
2023-06-27 07:00:00,2.75,2.75,2.75,2.75,1.0,CCCC
2023-06-26 17:50:00,2.799,2.799,2.799,2.799,25.0,CCCC
2023-06-26 17:49:00,2.8,2.8,2.8,2.8,25.0,CCCC
2023-06-26 16:59:00,2.82,2.82,2.82,2.82,50.0,CCCC
2023-06-26 16:25:00,2.75,2.75,2.75,2.75,1.0,CCCC
2023-06-26 16:10:00,2.742,2.741,2.741,2.741,1.0,CCCC
2023-06-26 16:00:00,2.76,2.77,2.76,2.76,77490.0,CCCC
2023-06-26 15:59:00,2.765,2.78,2.76,2.77,23949.0,CCCC
2023-06-26 15:58:00,2.768,2.77,2.76,2.76,7375.0,CCCC
2023-06-26 15:57:00,2.76,2.77,2.76,2.77,5547.0,CCCC
2023-06-26 15:56:00,2.765,2.77,2.765,2.765,2085.0,CCCC
2023-06-26 15:55:00,2.765,2.77,2.76,2.765,1551.0,CCCC
2023-06-26 15:54:00,2.77,2.77,2.76,2.76,6386.0,CCCC
2023-06-26 15:53:00,2.765,2.769,2.76,2.769,4674.0,CCCC
2023-06-26 15:52:00,2.765,2.77,2.765,2.77,430.0,CCCC
2023-06-26 15:51:00,2.77,2.77,2.765,2.765,2716.0,CCCC
2023-06-26 15:50:00,2.76,2.77,2.75,2.765,23035.0,CCCC
2023-06-26 15:49:00,2.77,2.77,2.765,2.765,2890.0,CCCC
2023-06-26 15:48:00,2.77,2.77,2.77,2.77,1412.0,CCCC
2023-06-26 15:47:00,2.765,2.765,2.765,2.765,300.0,CCCC
2023-06-26 15:46:00,2.765,2.765,2.765,2.765,294.0,CCCC
2023-06-26 15:45:00,2.77,2.77,2.765,2.765,1829.0,CCCC
2023-06-26 15:44:00,2.775,2.775,2.775,2.775,111.0,CCCC
2023-06-26 15:43:00,2.785,2.785,2.775,2.775,6546.0,CCCC
2023-06-26 15:42:00,2.79,2.79,2.785,2.785,6848.0,CCCC
2023-06-26 15:41:00,2.79,2.79,2.785,2.79,1569.0,CCCC
2023-06-26 15:40:00,2.775,2.79,2.775,2.79,12533.0,CCCC
2023-06-26 15:39:00,2.775,2.775,2.77,2.775,1495.0,CCCC
2023-06-26 15:38:00,2.76,2.79,2.76,2.775,24956.0,CCCC
2023-06-26 15:37:00,2.76,2.765,2.76,2.76,1365.0,CCCC
2023-06-26 15:36:00,2.775,2.775,2.765,2.765,3857.0,CCCC
2023-06-26 15:35:00,2.775,2.775,2.77,2.77,1722.0,CCCC
2023-06-26 15:33:00,2.77,2.775,2.77,2.775,1716.0,CCCC
2023-06-26 15:32:00,2.775,2.775,2.775,2.775,339.0,CCCC
2023-06-26 15:30:00,2.775,2.775,2.77,2.77,416.0,CCCC
2023-06-26 15:29:00,2.775,2.775,2.77,2.775,530.0,CCCC
2023-06-26 15:28:00,2.78,2.78,2.77,2.77,4661.0,CCCC
2023-06-26 15:25:00,2.78,2.785,2.78,2.785,1145.0,CCCC
2023-06-26 15:24:00,2.78,2.78,2.78,2.78,201.0,CCCC
2023-06-26 15:23:00,2.79,2.79,2.785,2.785,1816.0,CCCC
2023-06-26 15:22:00,2.79,2.795,2.79,2.79,580.0,CCCC
2023-06-26 15:19:00,2.795,2.795,2.795,2.795,101.0,CCCC
2023-06-26 15:18:00,2.79,2.795,2.79,2.79,441.0,CCCC
2023-06-26 15:17:00,2.8,2.8,2.795,2.795,6528.0,CCCC
2023-06-26 15:15:00,2.81,2.81,2.805,2.805,3269.0,CCCC
2023-06-26 15:14:00,2.82,2.82,2.82,2.82,102.0,CCCC
2023-06-26 15:12:00,2.815,2.815,2.815,2.815,100.0,CCCC
2023-06-26 15:11:00,2.82,2.82,2.81,2.81,200.0,CCCC
2023-06-26 15:10:00,2.81,2.81,2.81,2.81,150.0,CCCC
2023-06-26 15:09:00,2.81,2.815,2.81,2.81,720.0,CCCC
2023-06-26 15:08:00,2.82,2.82,2.82,2.82,153.0,CCCC
2023-06-26 15:07:00,2.82,2.82,2.81,2.815,329.0,CCCC
2023-06-26 15:06:00,2.815,2.815,2.815,2.815,129.0,CCCC
2023-06-26 15:03:00,2.82,2.82,2.81,2.81,400.0,CCCC
2023-06-26 15:02:00,2.81,2.81,2.81,2.81,340.0,CCCC
2023-06-26 15:01:00,2.81,2.82,2.81,2.82,333.0,CCCC
2023-06-26 15:00:00,2.82,2.82,2.81,2.81,572.0,CCCC
2023-06-26 14:58:00,2.815,2.815,2.815,2.815,310.0,CCCC
2023-06-26 14:53:00,2.82,2.82,2.82,2.82,620.0,CCCC
2023-06-26 14:51:00,2.81,2.82,2.81,2.82,500.0,CCCC
2023-06-26 14:50:00,2.815,2.815,2.815,2.815,149.0,CCCC
2023-06-26 14:46:00,2.81,2.815,2.81,2.815,300.0,CCCC
2023-06-26 14:45:00,2.805,2.81,2.8,2.81,2623.0,CCCC
2023-06-26 14:44:00,2.81,2.81,2.805,2.805,2142.0,CCCC
2023-06-26 14:43:00,2.815,2.815,2.815,2.815,1100.0,CCCC
2023-06-26 14:42:00,2.81,2.81,2.81,2.81,102.0,CCCC
2023-06-26 14:40:00,2.825,2.825,2.81,2.815,1210.0,CCCC
2023-06-26 14:39:00,2.81,2.82,2.81,2.82,2946.0,CCCC
2023-06-26 14:38:00,2.83,2.83,2.81,2.81,3545.0,CCCC
2023-06-26 14:37:00,2.839,2.839,2.83,2.835,1848.0,CCCC
2023-06-26 14:36:00,2.835,2.835,2.83,2.835,2016.0,CCCC
2023-06-26 14:35:00,2.849,2.849,2.83,2.835,11001.0,CCCC
2023-06-26 14:34:00,2.828,2.84,2.82,2.84,17872.0,CCCC
2023-06-26 14:33:00,2.83,2.83,2.83,2.83,100.0,CCCC
2023-06-26 14:32:00,2.83,2.83,2.82,2.83,1139.0,CCCC
2023-06-26 14:31:00,2.83,2.83,2.825,2.825,531.0,CCCC
2023-06-26 14:30:00,2.83,2.83,2.825,2.825,390.0,CCCC
2023-06-26 14:29:00,2.82,2.825,2.82,2.825,299.0,CCCC
2023-06-26 14:28:00,2.83,2.83,2.83,2.83,113.0,CCCC
2023-06-26 14:27:00,2.83,2.83,2.83,2.83,277.0,CCCC
2023-06-26 14:26:00,2.83,2.83,2.82,2.825,1165.0,CCCC
2023-06-26 14:25:00,2.829,2.829,2.82,2.825,1021.0,CCCC
2023-06-26 14:24:00,2.83,2.83,2.82,2.82,428.0,CCCC
2023-06-26 14:22:00,2.821,2.829,2.821,2.825,1280.0,CCCC
2023-06-26 14:21:00,2.825,2.83,2.825,2.83,610.0,CCCC
2023-06-26 14:20:00,2.83,2.83,2.82,2.82,582.0,CCCC
2023-06-26 14:19:00,2.83,2.83,2.825,2.825,738.0,CCCC
2023-06-26 14:18:00,2.83,2.83,2.82,2.825,407.0,CCCC
2023-06-26 14:15:00,2.83,2.83,2.82,2.822,736.0,CCCC
2023-06-26 14:14:00,2.83,2.83,2.83,2.83,200.0,CCCC
2023-06-26 14:13:00,2.825,2.83,2.825,2.83,200.0,CCCC
2023-06-26 14:10:00,2.825,2.825,2.825,2.825,403.0,CCCC
2023-06-26 14:09:00,2.83,2.83,2.83,2.83,112.0,CCCC
2023-06-26 14:08:00,2.83,2.83,2.83,2.83,211.0,CCCC
2023-06-26 14:07:00,2.83,2.83,2.825,2.825,213.0,CCCC
2023-06-26 14:06:00,2.83,2.83,2.83,2.83,117.0,CCCC
2023-06-26 14:05:00,2.83,2.83,2.83,2.83,205.0,CCCC
2023-06-26 14:04:00,2.825,2.83,2.825,2.825,444.0,CCCC
2023-06-26 14:03:00,2.83,2.83,2.82,2.82,200.0,CCCC
2023-06-26 14:02:00,2.83,2.83,2.83,2.83,129.0,CCCC
2023-06-26 14:01:00,2.83,2.83,2.83,2.83,272.0,CCCC
2023-06-26 13:58:00,2.83,2.83,2.82,2.82,788.0,CCCC
2023-06-26 13:57:00,2.82,2.82,2.82,2.82,100.0,CCCC
2023-06-26 13:56:00,2.82,2.83,2.82,2.82,2095.0,CCCC
2023-06-26 13:55:00,2.83,2.83,2.83,2.83,130.0,CCCC
2023-06-26 13:54:00,2.83,2.83,2.83,2.83,282.0,CCCC
2023-06-26 13:53:00,2.83,2.83,2.83,2.83,110.0,CCCC
2023-06-26 13:52:00,2.83,2.83,2.83,2.83,105.0,CCCC
2023-06-26 13:51:00,2.83,2.83,2.83,2.83,100.0,CCCC
2023-06-26 13:48:00,2.823,2.823,2.823,2.823,744.0,CCCC
2023-06-26 13:47:00,2.82,2.83,2.82,2.83,263.0,CCCC
2023-06-26 13:45:00,2.83,2.83,2.83,2.83,210.0,CCCC
2023-06-26 13:44:00,2.82,2.83,2.82,2.825,1028.0,CCCC
2023-06-26 13:43:00,2.825,2.83,2.82,2.82,629.0,CCCC
2023-06-26 13:42:00,2.825,2.825,2.821,2.821,218.0,CCCC
2023-06-26 13:37:00,2.82,2.82,2.82,2.82,351.0,CCCC
2023-06-26 13:36:00,2.825,2.825,2.82,2.82,1711.0,CCCC
2023-06-26 13:32:00,2.82,2.83,2.82,2.828,1510.0,CCCC
2023-06-26 13:29:00,2.825,2.83,2.825,2.83,577.0,CCCC
2023-06-26 13:28:00,2.825,2.83,2.825,2.83,300.0,CCCC
2023-06-26 13:27:00,2.83,2.83,2.83,2.83,100.0,CCCC
2023-06-26 13:26:00,2.83,2.83,2.83,2.83,182.0,CCCC
2023-06-26 13:25:00,2.83,2.83,2.83,2.83,100.0,CCCC
2023-06-26 13:24:00,2.83,2.83,2.83,2.83,107.0,CCCC
2023-06-26 13:21:00,2.825,2.825,2.825,2.825,369.0,CCCC
2023-06-26 13:19:00,2.825,2.825,2.825,2.825,110.0,CCCC
2023-06-26 13:17:00,2.825,2.825,2.825,2.825,180.0,CCCC
2023-06-26 13:13:00,2.825,2.825,2.825,2.825,232.0,CCCC
2023-06-26 13:12:00,2.825,2.825,2.825,2.825,541.0,CCCC
2023-06-26 13:11:00,2.83,2.83,2.825,2.827,1713.0,CCCC
2023-06-26 13:09:00,2.825,2.825,2.825,2.825,210.0,CCCC
2023-06-26 13:07:00,2.83,2.83,2.825,2.825,219.0,CCCC
2023-06-26 13:05:00,2.82,2.825,2.82,2.825,329.0,CCCC
2023-06-26 13:04:00,2.825,2.825,2.82,2.82,270.0,CCCC
2023-06-26 13:03:00,2.83,2.83,2.825,2.825,268.0,CCCC
2023-06-26 13:02:00,2.83,2.83,2.83,2.83,120.0,CCCC
2023-06-26 13:00:00,2.82,2.825,2.82,2.82,2942.0,CCCC
2023-06-26 12:59:00,2.815,2.815,2.815,2.815,376.0,CCCC
2023-06-26 12:57:00,2.82,2.82,2.82,2.82,563.0,CCCC
2023-06-26 12:53:00,2.815,2.815,2.815,2.815,373.0,CCCC
2023-06-26 12:52:00,2.815,2.815,2.81,2.81,373.0,CCCC
2023-06-26 12:48:00,2.82,2.82,2.82,2.82,511.0,CCCC
2023-06-26 12:47:00,2.82,2.82,2.81,2.81,412.0,CCCC
2023-06-26 12:46:00,2.81,2.82,2.81,2.82,210.0,CCCC
2023-06-26 12:44:00,2.815,2.815,2.815,2.815,517.0,CCCC
2023-06-26 12:43:00,2.815,2.815,2.815,2.815,302.0,CCCC
2023-06-26 12:42:00,2.815,2.815,2.815,2.815,110.0,CCCC
2023-06-26 12:41:00,2.81,2.81,2.81,2.81,140.0,CCCC
2023-06-26 12:38:00,2.81,2.81,2.81,2.81,836.0,CCCC
2023-06-26 12:37:00,2.815,2.815,2.815,2.815,154.0,CCCC
2023-06-26 12:36:00,2.811,2.82,2.811,2.815,591.0,CCCC
2023-06-26 12:35:00,2.805,2.816,2.8,2.815,4848.0,CCCC
2023-06-26 12:34:00,2.8,2.805,2.8,2.805,705.0,CCCC
2023-06-26 12:33:00,2.801,2.809,2.801,2.809,839.0,CCCC
2023-06-26 12:32:00,2.805,2.81,2.805,2.81,1336.0,CCCC
2023-06-26 12:31:00,2.81,2.81,2.805,2.805,3196.0,CCCC
2023-06-26 12:29:00,2.81,2.819,2.81,2.81,675.0,CCCC
2023-06-26 12:27:00,2.81,2.81,2.81,2.81,110.0,CCCC
2023-06-26 12:24:00,2.815,2.815,2.815,2.815,300.0,CCCC
2023-06-26 12:23:00,2.815,2.815,2.81,2.81,430.0,CCCC
2023-06-26 12:22:00,2.815,2.815,2.815,2.815,521.0,CCCC
2023-06-26 12:21:00,2.815,2.815,2.815,2.815,110.0,CCCC
2023-06-26 12:20:00,2.82,2.82,2.82,2.82,1802.0,CCCC
2023-06-26 12:16:00,2.825,2.825,2.82,2.82,800.0,CCCC
2023-06-26 12:13:00,2.83,2.83,2.82,2.825,1163.0,CCCC
2023-06-26 12:12:00,2.829,2.83,2.827,2.83,1787.0,CCCC
2023-06-26 12:11:00,2.81,2.825,2.81,2.825,2783.0,CCCC
2023-06-26 12:10:00,2.81,2.82,2.8,2.81,11957.0,CCCC
2023-06-26 12:08:00,2.82,2.82,2.815,2.815,1087.0,CCCC
2023-06-26 12:07:00,2.82,2.82,2.82,2.82,101.0,CCCC
2023-06-26 12:06:00,2.82,2.82,2.82,2.82,100.0,CCCC
2023-06-26 12:05:00,2.83,2.83,2.825,2.825,2203.0,CCCC
2023-06-26 12:02:00,2.83,2.83,2.83,2.83,208.0,CCCC
2023-06-26 12:01:00,2.835,2.835,2.835,2.835,110.0,CCCC
2023-06-26 12:00:00,2.835,2.835,2.835,2.835,293.0,CCCC
2023-06-26 11:58:00,2.839,2.839,2.839,2.839,437.0,CCCC
2023-06-26 11:57:00,2.835,2.835,2.83,2.835,842.0,CCCC
2023-06-26 11:56:00,2.835,2.835,2.83,2.835,979.0,CCCC
2023-06-26 11:55:00,2.84,2.84,2.84,2.84,1422.0,CCCC
2023-06-26 11:54:00,2.841,2.841,2.84,2.84,325.0,CCCC
2023-06-26 11:53:00,2.845,2.845,2.845,2.845,629.0,CCCC
2023-06-26 11:51:00,2.84,2.85,2.84,2.85,1470.0,CCCC
2023-06-26 11:50:00,2.84,2.84,2.839,2.839,513.0,CCCC
2023-06-26 11:49:00,2.84,2.84,2.835,2.835,826.0,CCCC
2023-06-26 11:48:00,2.83,2.83,2.83,2.83,172.0,CCCC
2023-06-26 11:47:00,2.84,2.84,2.83,2.83,1789.0,CCCC
2023-06-26 11:46:00,2.83,2.846,2.83,2.84,3547.0,CCCC
2023-06-26 11:45:00,2.825,2.83,2.825,2.83,13445.0,CCCC
2023-06-26 11:44:00,2.83,2.83,2.82,2.825,2734.0,CCCC
2023-06-26 11:43:00,2.84,2.84,2.825,2.825,2922.0,CCCC
2023-06-26 11:41:00,2.84,2.84,2.84,2.84,915.0,CCCC
2023-06-26 11:37:00,2.85,2.85,2.85,2.85,1037.0,CCCC
2023-06-26 11:34:00,2.86,2.86,2.855,2.855,888.0,CCCC
2023-06-26 11:33:00,2.85,2.855,2.85,2.855,1202.0,CCCC
2023-06-26 11:31:00,2.84,2.85,2.84,2.845,1939.0,CCCC
2023-06-26 11:30:00,2.85,2.855,2.845,2.845,1741.0,CCCC
2023-06-26 11:28:00,2.855,2.855,2.855,2.855,110.0,CCCC
2023-06-26 11:23:00,2.855,2.86,2.855,2.86,1224.0,CCCC
2023-06-26 11:21:00,2.86,2.86,2.847,2.855,4739.0,CCCC
2023-06-26 11:20:00,2.861,2.861,2.861,2.861,105.0,CCCC
2023-06-26 11:19:00,2.87,2.875,2.87,2.87,1681.0,CCCC
2023-06-26 11:18:00,2.87,2.87,2.87,2.87,965.0,CCCC
2023-06-26 11:17:00,2.865,2.87,2.865,2.87,763.0,CCCC
2023-06-26 11:15:00,2.86,2.86,2.86,2.86,1538.0,CCCC
2023-06-26 11:14:00,2.855,2.86,2.85,2.86,685.0,CCCC
2023-06-26 11:13:00,2.85,2.85,2.85,2.85,440.0,CCCC
2023-06-26 11:08:00,2.86,2.86,2.86,2.86,596.0,CCCC
2023-06-26 11:07:00,2.865,2.865,2.861,2.861,860.0,CCCC
2023-06-26 11:06:00,2.87,2.87,2.87,2.87,296.0,CCCC
2023-06-26 11:05:00,2.86,2.87,2.86,2.87,954.0,CCCC
2023-06-26 11:04:00,2.86,2.865,2.86,2.86,4711.0,CCCC
2023-06-26 11:03:00,2.85,2.859,2.85,2.855,677.0,CCCC
2023-06-26 11:02:00,2.87,2.87,2.85,2.85,2732.0,CCCC
2023-06-26 11:00:00,2.875,2.875,2.87,2.87,310.0,CCCC
2023-06-26 10:58:00,2.87,2.87,2.87,2.87,103.0,CCCC
2023-06-26 10:56:00,2.87,2.87,2.87,2.87,100.0,CCCC
2023-06-26 10:55:00,2.88,2.88,2.87,2.875,2107.0,CCCC
2023-06-26 10:54:00,2.885,2.885,2.885,2.885,186.0,CCCC
2023-06-26 10:53:00,2.885,2.885,2.885,2.885,200.0,CCCC
2023-06-26 10:50:00,2.88,2.885,2.88,2.885,1715.0,CCCC
2023-06-26 10:47:00,2.875,2.875,2.875,2.875,210.0,CCCC
2023-06-26 10:46:00,2.865,2.865,2.86,2.86,834.0,CCCC
2023-06-26 10:44:00,2.866,2.866,2.866,2.866,496.0,CCCC
2023-06-26 10:42:00,2.85,2.865,2.85,2.865,593.0,CCCC
2023-06-26 10:41:00,2.86,2.86,2.86,2.86,1926.0,CCCC
2023-06-26 10:40:00,2.88,2.88,2.855,2.86,4667.0,CCCC
2023-06-26 10:38:00,2.885,2.885,2.885,2.885,183.0,CCCC
2023-06-26 10:37:00,2.885,2.885,2.885,2.885,345.0,CCCC
2023-06-26 10:36:00,2.885,2.885,2.885,2.885,595.0,CCCC
2023-06-26 10:35:00,2.88,2.88,2.88,2.88,173.0,CCCC
2023-06-26 10:33:00,2.89,2.89,2.885,2.885,1922.0,CCCC
2023-06-26 10:30:00,2.9,2.9,2.89,2.89,945.0,CCCC
2023-06-26 10:29:00,2.907,2.907,2.895,2.895,1631.0,CCCC
2023-06-26 10:28:00,2.895,2.9,2.895,2.9,631.0,CCCC
2023-06-26 10:25:00,2.87,2.895,2.87,2.895,4234.0,CCCC
2023-06-26 10:24:00,2.875,2.875,2.87,2.87,1788.0,CCCC
2023-06-26 10:23:00,2.89,2.89,2.878,2.878,1346.0,CCCC
2023-06-26 10:21:00,2.9,2.9,2.9,2.9,570.0,CCCC
2023-06-26 10:20:00,2.91,2.91,2.91,2.91,1349.0,CCCC
2023-06-26 10:19:00,2.915,2.915,2.915,2.915,213.0,CCCC
2023-06-26 10:17:00,2.915,2.915,2.915,2.915,110.0,CCCC
2023-06-26 10:16:00,2.915,2.915,2.915,2.915,193.0,CCCC
2023-06-26 10:15:00,2.91,2.912,2.91,2.912,1446.0,CCCC
2023-06-26 10:14:00,2.9,2.91,2.9,2.91,2591.0,CCCC
2023-06-26 10:13:00,2.9,2.9,2.899,2.899,4638.0,CCCC
2023-06-26 10:12:00,2.895,2.895,2.895,2.895,210.0,CCCC
2023-06-26 10:10:00,2.91,2.91,2.89,2.89,2295.0,CCCC
2023-06-26 10:09:00,2.915,2.915,2.915,2.915,282.0,CCCC
2023-06-26 10:08:00,2.915,2.915,2.915,2.915,176.0,CCCC
2023-06-26 10:05:00,2.91,2.91,2.91,2.91,1613.0,CCCC
2023-06-26 10:01:00,2.919,2.919,2.905,2.905,2156.0,CCCC
2023-06-26 10:00:00,2.92,2.92,2.915,2.915,1122.0,CCCC
2023-06-26 09:59:00,2.92,2.92,2.92,2.92,822.0,CCCC
2023-06-26 09:58:00,2.92,2.92,2.92,2.92,1362.0,CCCC
2023-06-26 09:56:00,2.92,2.92,2.92,2.92,2538.0,CCCC
2023-06-26 09:54:00,2.92,2.921,2.92,2.921,273.0,CCCC
2023-06-26 09:53:00,2.93,2.93,2.93,2.93,1140.0,CCCC
2023-06-26 09:52:00,2.94,2.94,2.93,2.93,465.0,CCCC
2023-06-26 09:51:00,2.93,2.93,2.93,2.93,262.0,CCCC
2023-06-26 09:50:00,2.915,2.93,2.915,2.93,4049.0,CCCC
2023-06-26 09:49:00,2.92,2.92,2.92,2.92,363.0,CCCC
2023-06-26 09:48:00,2.93,2.93,2.93,2.93,867.0,CCCC
2023-06-26 09:47:00,2.93,2.93,2.93,2.93,106.0,CCCC
2023-06-26 09:45:00,2.95,2.95,2.935,2.935,1085.0,CCCC
2023-06-26 09:43:00,2.94,2.94,2.94,2.94,192.0,CCCC
2023-06-26 09:42:00,2.97,2.97,2.96,2.96,1705.0,CCCC
2023-06-26 09:41:00,2.98,2.98,2.971,2.971,1903.0,CCCC
2023-06-26 09:40:00,2.97,2.97,2.96,2.97,6621.0,CCCC
2023-06-26 09:39:00,2.973,2.973,2.96,2.96,2271.0,CCCC
2023-06-26 09:38:00,2.94,2.96,2.94,2.96,270.0,CCCC
2023-06-26 09:37:00,2.92,2.94,2.92,2.94,2905.0,CCCC
2023-06-26 09:36:00,2.9,2.92,2.9,2.91,2754.0,CCCC
2023-06-26 09:35:00,2.9,2.9,2.9,2.9,156.0,CCCC
2023-06-26 09:34:00,2.9,2.9,2.88,2.89,9469.0,CCCC
2023-06-26 09:31:00,2.905,2.905,2.9,2.9,277.0,CCCC
2023-06-26 09:30:00,2.92,2.92,2.91,2.91,5935.0,CCCC
2023-06-26 09:23:00,2.97,2.97,2.97,2.97,20.0,CCCC
2023-06-26 09:22:00,2.97,2.97,2.97,2.97,20.0,CCCC
2023-06-26 09:08:00,2.97,2.97,2.97,2.97,106.0,CCCC
2023-06-26 09:02:00,2.86,2.86,2.86,2.86,15.0,CCCC
2023-06-26 07:14:00,2.92,2.98,2.92,2.98,2.0,CCCC
2023-06-23 17:49:00,2.9,2.9,2.9,2.9,125.0,CCCC
2023-06-23 17:48:00,2.9,2.9,2.9,2.9,575.0,CCCC
2023-06-23 17:00:00,2.89,2.89,2.89,2.89,61.0,CCCC
2023-06-23 16:23:00,2.892,2.892,2.892,2.892,49100.0,CCCC
2023-06-23 16:15:00,2.89,2.89,2.89,2.89,30387.0,CCCC
2023-06-23 16:12:00,2.89,2.89,2.89,2.89,17880.0,CCCC
2023-06-23 16:11:00,2.89,2.89,2.89,2.89,2701.0,CCCC
2023-06-23 16:10:00,2.89,2.89,2.89,2.89,79402.0,CCCC
2023-06-23 16:07:00,2.89,2.89,2.89,2.89,2645.0,CCCC
2023-06-23 16:06:00,2.86,2.89,2.86,2.89,20261.0,CCCC
2023-06-23 16:05:00,2.87,2.87,2.86,2.86,225.0,CCCC
2023-06-23 16:04:00,2.89,2.89,2.89,2.89,480274.0,CCCC
2023-06-23 16:03:00,2.89,2.89,2.89,2.89,664520.0,CCCC
2023-06-23 16:01:00,2.87,2.89,2.87,2.89,23374.0,CCCC
2023-06-23 16:00:00,2.91,2.91,2.87,2.91,8458382.0,CCCC
2023-06-23 15:59:00,2.905,2.91,2.89,2.91,94093.0,CCCC
2023-06-23 15:58:00,2.91,2.91,2.9,2.905,15887.0,CCCC
2023-06-23 15:57:00,2.905,2.94,2.9,2.91,47958.0,CCCC
2023-06-23 15:56:00,2.9,2.925,2.9,2.9,50352.0,CCCC
2023-06-23 15:55:00,2.94,2.94,2.9,2.9,38939.0,CCCC
2023-06-23 15:54:00,2.94,2.94,2.91,2.94,59643.0,CCCC
2023-06-23 15:53:00,2.9,2.945,2.9,2.935,26212.0,CCCC
2023-06-23 15:52:00,2.95,2.955,2.9,2.9,56173.0,CCCC
2023-06-23 15:51:00,2.95,2.955,2.95,2.95,7426.0,CCCC
2023-06-23 15:50:00,2.93,2.97,2.93,2.95,58195.0,CCCC
2023-06-23 15:49:00,2.925,2.93,2.92,2.93,2653.0,CCCC
2023-06-23 15:48:00,2.925,2.93,2.92,2.925,11161.0,CCCC
2023-06-23 15:47:00,2.925,2.93,2.92,2.925,3166.0,CCCC
2023-06-23 15:46:00,2.93,2.93,2.925,2.925,1506.0,CCCC
2023-06-23 15:45:00,2.925,2.93,2.922,2.925,2345.0,CCCC
2023-06-23 15:44:00,2.925,2.93,2.925,2.93,2983.0,CCCC
2023-06-23 15:43:00,2.93,2.93,2.925,2.93,2300.0,CCCC
2023-06-23 15:42:00,2.92,2.93,2.92,2.93,2919.0,CCCC
2023-06-23 15:41:00,2.925,2.93,2.925,2.925,4387.0,CCCC
2023-06-23 15:40:00,2.915,2.93,2.915,2.925,7490.0,CCCC
2023-06-23 15:39:00,2.91,2.92,2.91,2.915,2989.0,CCCC
2023-06-23 15:38:00,2.915,2.92,2.91,2.915,15082.0,CCCC
2023-06-23 15:37:00,2.92,2.92,2.91,2.92,1606.0,CCCC
2023-06-23 15:36:00,2.92,2.92,2.915,2.915,2092.0,CCCC
2023-06-23 15:35:00,2.915,2.92,2.915,2.92,2447.0,CCCC
2023-06-23 15:34:00,2.915,2.92,2.91,2.915,3147.0,CCCC
2023-06-23 15:33:00,2.91,2.915,2.91,2.91,4261.0,CCCC
2023-06-23 15:32:00,2.915,2.92,2.91,2.91,5881.0,CCCC
2023-06-23 15:31:00,2.915,2.92,2.91,2.915,2411.0,CCCC
2023-06-23 15:30:00,2.915,2.92,2.915,2.915,1302.0,CCCC
2023-06-23 15:29:00,2.92,2.92,2.915,2.915,1659.0,CCCC
2023-06-23 15:28:00,2.915,2.92,2.915,2.92,830.0,CCCC
2023-06-23 15:27:00,2.92,2.92,2.915,2.92,3937.0,CCCC
2023-06-23 15:26:00,2.92,2.92,2.91,2.915,2437.0,CCCC
2023-06-23 15:25:00,2.92,2.92,2.91,2.915,2532.0,CCCC
2023-06-23 15:24:00,2.915,2.92,2.915,2.919,1866.0,CCCC
2023-06-23 15:23:00,2.92,2.92,2.915,2.915,4393.0,CCCC
2023-06-23 15:22:00,2.915,2.92,2.915,2.915,1596.0,CCCC
2023-06-23 15:21:00,2.92,2.92,2.915,2.92,1779.0,CCCC
2023-06-23 15:20:00,2.91,2.92,2.91,2.915,3396.0,CCCC
2023-06-23 15:19:00,2.91,2.91,2.905,2.91,3913.0,CCCC
2023-06-23 15:18:00,2.91,2.91,2.9,2.905,2053.0,CCCC
2023-06-23 15:17:00,2.91,2.91,2.905,2.91,2552.0,CCCC
2023-06-23 15:16:00,2.905,2.91,2.905,2.905,1952.0,CCCC
2023-06-23 15:15:00,2.905,2.91,2.905,2.905,878.0,CCCC
2023-06-23 15:14:00,2.91,2.91,2.905,2.91,1307.0,CCCC
2023-06-23 15:13:00,2.91,2.91,2.905,2.91,6339.0,CCCC
2023-06-23 15:12:00,2.91,2.91,2.905,2.91,8347.0,CCCC
2023-06-23 15:11:00,2.905,2.91,2.905,2.905,1112.0,CCCC
2023-06-23 15:10:00,2.905,2.91,2.905,2.91,1308.0,CCCC
2023-06-23 15:09:00,2.9,2.91,2.9,2.905,870.0,CCCC
2023-06-23 15:08:00,2.91,2.91,2.9,2.9,2449.0,CCCC
2023-06-23 15:07:00,2.91,2.91,2.9,2.9,2570.0,CCCC
2023-06-23 15:06:00,2.905,2.91,2.905,2.905,566.0,CCCC
2023-06-23 15:05:00,2.9,2.905,2.9,2.9,932.0,CCCC
2023-06-23 15:04:00,2.905,2.905,2.905,2.905,610.0,CCCC
2023-06-23 15:03:00,2.895,2.91,2.895,2.91,7709.0,CCCC
2023-06-23 15:02:00,2.89,2.895,2.89,2.89,1255.0,CCCC
2023-06-23 15:01:00,2.89,2.895,2.89,2.89,1115.0,CCCC
2023-06-23 15:00:00,2.89,2.89,2.89,2.89,4862.0,CCCC
2023-06-23 14:59:00,2.895,2.9,2.89,2.89,790.0,CCCC
2023-06-23 14:58:00,2.895,2.9,2.89,2.89,1286.0,CCCC
2023-06-23 14:57:00,2.895,2.895,2.89,2.895,777.0,CCCC
2023-06-23 14:56:00,2.9,2.9,2.89,2.895,6440.0,CCCC
2023-06-23 14:55:00,2.9,2.905,2.9,2.905,1117.0,CCCC
2023-06-23 14:54:00,2.905,2.905,2.905,2.905,203.0,CCCC
2023-06-23 14:53:00,2.905,2.905,2.9,2.905,1680.0,CCCC
2023-06-23 14:52:00,2.91,2.91,2.905,2.905,1280.0,CCCC
2023-06-23 14:51:00,2.905,2.905,2.9,2.905,1353.0,CCCC
2023-06-23 14:50:00,2.905,2.91,2.905,2.905,417.0,CCCC
2023-06-23 14:49:00,2.905,2.905,2.9,2.9,1639.0,CCCC
2023-06-23 14:48:00,2.905,2.905,2.905,2.905,571.0,CCCC
2023-06-23 14:47:00,2.905,2.905,2.905,2.905,232.0,CCCC
2023-06-23 14:46:00,2.905,2.905,2.905,2.905,1480.0,CCCC
2023-06-23 14:45:00,2.91,2.91,2.905,2.905,4766.0,CCCC
2023-06-23 14:44:00,2.915,2.915,2.91,2.91,1326.0,CCCC
2023-06-23 14:43:00,2.91,2.915,2.91,2.915,1479.0,CCCC
2023-06-23 14:42:00,2.915,2.915,2.91,2.91,479.0,CCCC
2023-06-23 14:41:00,2.915,2.915,2.915,2.915,381.0,CCCC
2023-06-23 14:40:00,2.913,2.915,2.91,2.915,5141.0,CCCC
2023-06-23 14:39:00,2.915,2.915,2.915,2.915,457.0,CCCC
2023-06-23 14:38:00,2.915,2.915,2.915,2.915,1173.0,CCCC
2023-06-23 14:37:00,2.915,2.915,2.915,2.915,141.0,CCCC
2023-06-23 14:36:00,2.925,2.925,2.915,2.915,3654.0,CCCC
2023-06-23 14:35:00,2.92,2.92,2.92,2.92,680.0,CCCC
2023-06-23 14:34:00,2.92,2.92,2.92,2.92,3548.0,CCCC
2023-06-23 14:33:00,2.92,2.92,2.92,2.92,2274.0,CCCC
2023-06-23 14:32:00,2.92,2.925,2.92,2.92,2893.0,CCCC
2023-06-23 14:31:00,2.92,2.92,2.92,2.92,2466.0,CCCC
2023-06-23 14:30:00,2.92,2.92,2.92,2.92,3004.0,CCCC
2023-06-23 14:29:00,2.925,2.925,2.92,2.92,2965.0,CCCC
2023-06-23 14:28:00,2.92,2.925,2.92,2.925,519.0,CCCC
2023-06-23 14:27:00,2.925,2.93,2.925,2.925,654.0,CCCC
2023-06-23 14:26:00,2.925,2.925,2.925,2.925,1051.0,CCCC
2023-06-23 14:25:00,2.925,2.93,2.925,2.925,606.0,CCCC
2023-06-23 14:24:00,2.935,2.935,2.925,2.925,7004.0,CCCC
2023-06-23 14:23:00,2.94,2.94,2.935,2.935,1026.0,CCCC
2023-06-23 14:22:00,2.94,2.94,2.935,2.935,1134.0,CCCC
2023-06-23 14:21:00,2.935,2.935,2.935,2.935,653.0,CCCC
2023-06-23 14:20:00,2.935,2.935,2.93,2.935,585.0,CCCC
2023-06-23 14:19:00,2.931,2.94,2.931,2.94,3207.0,CCCC
2023-06-23 14:18:00,2.94,2.94,2.93,2.93,1755.0,CCCC
2023-06-23 14:17:00,2.935,2.935,2.935,2.935,496.0,CCCC
2023-06-23 14:16:00,2.93,2.93,2.93,2.93,331.0,CCCC
2023-06-23 14:15:00,2.93,2.93,2.925,2.93,3179.0,CCCC
2023-06-23 14:14:00,2.93,2.93,2.925,2.925,3598.0,CCCC
2023-06-23 14:13:00,2.95,2.95,2.94,2.94,7479.0,CCCC
2023-06-23 14:12:00,2.94,2.945,2.94,2.945,310.0,CCCC
2023-06-23 14:11:00,2.945,2.95,2.94,2.945,873.0,CCCC
2023-06-23 14:10:00,2.945,2.95,2.945,2.945,1333.0,CCCC
2023-06-23 14:09:00,2.945,2.945,2.94,2.945,825.0,CCCC
2023-06-23 14:08:00,2.945,2.95,2.945,2.945,526.0,CCCC
2023-06-23 14:07:00,2.945,2.945,2.945,2.945,600.0,CCCC
2023-06-23 14:06:00,2.94,2.94,2.94,2.94,782.0,CCCC
2023-06-23 14:04:00,2.935,2.945,2.935,2.945,6982.0,CCCC
2023-06-23 14:03:00,2.94,2.94,2.93,2.93,5530.0,CCCC
2023-06-23 14:02:00,2.945,2.945,2.94,2.94,1757.0,CCCC
2023-06-23 14:01:00,2.945,2.949,2.945,2.949,517.0,CCCC
2023-06-23 14:00:00,2.95,2.95,2.945,2.945,518.0,CCCC
2023-06-23 13:58:00,2.94,2.95,2.94,2.95,920.0,CCCC
2023-06-23 13:57:00,2.945,2.945,2.941,2.941,531.0,CCCC
2023-06-23 13:56:00,2.944,2.95,2.94,2.945,990.0,CCCC
2023-06-23 13:55:00,2.945,2.945,2.94,2.94,690.0,CCCC
2023-06-23 13:54:00,2.945,2.945,2.94,2.94,217.0,CCCC
2023-06-23 13:53:00,2.94,2.94,2.94,2.94,1176.0,CCCC
2023-06-23 13:52:00,2.94,2.94,2.94,2.94,540.0,CCCC
2023-06-23 13:51:00,2.94,2.94,2.94,2.94,6357.0,CCCC
2023-06-23 13:50:00,2.94,2.94,2.94,2.94,100.0,CCCC
2023-06-23 13:49:00,2.94,2.94,2.94,2.94,781.0,CCCC
2023-06-23 13:48:00,2.94,2.945,2.94,2.945,1073.0,CCCC
2023-06-23 13:47:00,2.949,2.95,2.94,2.94,8083.0,CCCC
2023-06-23 13:44:00,2.945,2.95,2.945,2.945,400.0,CCCC
2023-06-23 13:43:00,2.945,2.945,2.94,2.945,904.0,CCCC
2023-06-23 13:42:00,2.94,2.94,2.94,2.94,337.0,CCCC
2023-06-23 13:41:00,2.945,2.945,2.94,2.945,561.0,CCCC
2023-06-23 13:40:00,2.94,2.95,2.94,2.945,413.0,CCCC
2023-06-23 13:39:00,2.945,2.945,2.945,2.945,596.0,CCCC
2023-06-23 13:38:00,2.945,2.945,2.94,2.94,1243.0,CCCC
2023-06-23 13:37:00,2.94,2.945,2.94,2.945,410.0,CCCC
2023-06-23 13:36:00,2.945,2.945,2.945,2.945,142.0,CCCC
2023-06-23 13:35:00,2.945,2.947,2.94,2.945,992.0,CCCC
2023-06-23 13:34:00,2.945,2.945,2.94,2.945,777.0,CCCC
2023-06-23 13:32:00,2.945,2.945,2.94,2.945,906.0,CCCC
2023-06-23 13:31:00,2.945,2.945,2.945,2.945,333.0,CCCC
2023-06-23 13:30:00,2.945,2.945,2.945,2.945,169.0,CCCC
2023-06-23 13:29:00,2.945,2.945,2.94,2.945,717.0,CCCC
2023-06-23 13:27:00,2.94,2.95,2.94,2.95,2698.0,CCCC
2023-06-23 13:24:00,2.94,2.94,2.94,2.94,211.0,CCCC
2023-06-23 13:23:00,2.94,2.945,2.94,2.94,638.0,CCCC
2023-06-23 13:22:00,2.941,2.941,2.941,2.941,1209.0,CCCC
2023-06-23 13:20:00,2.945,2.945,2.945,2.945,464.0,CCCC
2023-06-23 13:19:00,2.945,2.945,2.945,2.945,212.0,CCCC
2023-06-23 13:18:00,2.945,2.945,2.94,2.94,844.0,CCCC
2023-06-23 13:17:00,2.95,2.95,2.945,2.945,495.0,CCCC
2023-06-23 13:16:00,2.945,2.945,2.94,2.94,522.0,CCCC
2023-06-23 13:13:00,2.95,2.95,2.95,2.95,188.0,CCCC
2023-06-23 13:12:00,2.945,2.945,2.94,2.94,993.0,CCCC
2023-06-23 13:11:00,2.945,2.945,2.94,2.94,674.0,CCCC
2023-06-23 13:10:00,2.945,2.945,2.94,2.94,612.0,CCCC
2023-06-23 13:09:00,2.94,2.94,2.94,2.94,236.0,CCCC
2023-06-23 13:08:00,2.94,2.94,2.94,2.94,215.0,CCCC
2023-06-23 13:07:00,2.949,2.949,2.949,2.949,244.0,CCCC
2023-06-23 13:06:00,2.941,2.941,2.941,2.941,169.0,CCCC
2023-06-23 13:05:00,2.945,2.945,2.94,2.94,733.0,CCCC
2023-06-23 13:03:00,2.95,2.95,2.94,2.945,2170.0,CCCC
2023-06-23 13:01:00,2.95,2.95,2.95,2.95,520.0,CCCC
2023-06-23 13:00:00,2.955,2.955,2.955,2.955,131.0,CCCC
2023-06-23 12:58:00,2.955,2.955,2.955,2.955,493.0,CCCC
2023-06-23 12:57:00,2.959,2.959,2.959,2.959,270.0,CCCC
2023-06-23 12:56:00,2.955,2.955,2.955,2.955,211.0,CCCC
2023-06-23 12:55:00,2.975,2.975,2.95,2.95,7747.0,CCCC
2023-06-23 12:54:00,2.975,2.975,2.975,2.975,120.0,CCCC
2023-06-23 12:53:00,2.975,2.975,2.975,2.975,193.0,CCCC
2023-06-23 12:52:00,2.97,2.975,2.97,2.975,707.0,CCCC
2023-06-23 12:51:00,2.975,2.975,2.975,2.975,210.0,CCCC
2023-06-23 12:50:00,2.97,2.975,2.97,2.975,358.0,CCCC
2023-06-23 12:49:00,2.975,2.975,2.97,2.97,366.0,CCCC
2023-06-23 12:48:00,2.97,2.97,2.97,2.97,133.0,CCCC
2023-06-23 12:47:00,2.975,2.975,2.975,2.975,141.0,CCCC
2023-06-23 12:46:00,2.975,2.98,2.975,2.98,226.0,CCCC
2023-06-23 12:45:00,2.975,2.975,2.975,2.975,215.0,CCCC
2023-06-23 12:43:00,2.975,2.98,2.975,2.975,524.0,CCCC
2023-06-23 12:42:00,2.97,2.975,2.97,2.975,612.0,CCCC
2023-06-23 12:40:00,2.975,2.975,2.975,2.975,214.0,CCCC
2023-06-23 12:35:00,2.975,2.975,2.97,2.97,310.0,CCCC
2023-06-23 12:34:00,2.985,2.985,2.98,2.98,4942.0,CCCC
2023-06-23 12:33:00,2.98,2.985,2.98,2.985,1294.0,CCCC
2023-06-23 12:30:00,2.97,2.975,2.97,2.975,2978.0,CCCC
2023-06-23 12:29:00,2.965,2.965,2.965,2.965,310.0,CCCC
2023-06-23 12:28:00,2.97,2.97,2.965,2.965,226.0,CCCC
2023-06-23 12:26:00,2.97,2.97,2.96,2.96,355.0,CCCC
2023-06-23 12:25:00,2.96,2.96,2.96,2.96,110.0,CCCC
2023-06-23 12:24:00,2.965,2.965,2.965,2.965,115.0,CCCC
2023-06-23 12:23:00,2.96,2.965,2.96,2.96,1422.0,CCCC
2023-06-23 12:22:00,2.96,2.96,2.955,2.955,955.0,CCCC
2023-06-23 12:21:00,2.965,2.965,2.955,2.96,6194.0,CCCC
2023-06-23 12:20:00,2.961,2.961,2.96,2.96,826.0,CCCC
2023-06-23 12:19:00,2.965,2.965,2.965,2.965,124.0,CCCC
2023-06-23 12:18:00,2.961,2.961,2.961,2.961,141.0,CCCC
2023-06-23 12:17:00,2.965,2.965,2.96,2.96,11144.0,CCCC
2023-06-23 12:14:00,2.961,2.97,2.961,2.97,1192.0,CCCC
2023-06-23 12:13:00,2.965,2.965,2.965,2.965,412.0,CCCC
2023-06-23 12:12:00,2.965,2.965,2.965,2.965,419.0,CCCC
2023-06-23 12:11:00,2.965,2.97,2.965,2.965,5313.0,CCCC
2023-06-23 12:10:00,2.96,2.97,2.96,2.97,1394.0,CCCC
2023-06-23 12:08:00,2.95,2.96,2.95,2.955,1949.0,CCCC
2023-06-23 12:07:00,2.945,2.95,2.945,2.95,217.0,CCCC
2023-06-23 12:05:00,2.945,2.945,2.945,2.945,427.0,CCCC
2023-06-23 12:03:00,2.946,2.946,2.946,2.946,110.0,CCCC
2023-06-23 12:01:00,2.95,2.95,2.945,2.945,327.0,CCCC
2023-06-23 12:00:00,2.942,2.945,2.942,2.945,1112.0,CCCC
2023-06-23 11:59:00,2.945,2.945,2.945,2.945,423.0,CCCC
2023-06-23 11:55:00,2.94,2.94,2.94,2.94,799.0,CCCC
2023-06-23 11:54:00,2.935,2.935,2.93,2.93,2582.0,CCCC
2023-06-23 11:53:00,2.935,2.94,2.935,2.94,5720.0,CCCC
2023-06-23 11:51:00,2.94,2.94,2.935,2.935,717.0,CCCC
2023-06-23 11:50:00,2.935,2.94,2.935,2.935,1229.0,CCCC
2023-06-23 11:49:00,2.935,2.935,2.935,2.935,330.0,CCCC
2023-06-23 11:48:00,2.935,2.935,2.935,2.935,1486.0,CCCC
2023-06-23 11:47:00,2.925,2.93,2.925,2.93,936.0,CCCC
2023-06-23 11:46:00,2.921,2.93,2.921,2.925,1650.0,CCCC
2023-06-23 11:45:00,2.925,2.925,2.915,2.92,4634.0,CCCC
2023-06-23 11:44:00,2.92,2.93,2.915,2.93,5409.0,CCCC
2023-06-23 11:43:00,2.918,2.918,2.915,2.915,1497.0,CCCC
2023-06-23 11:42:00,2.908,2.92,2.908,2.915,5212.0,CCCC
2023-06-23 11:41:00,2.9,2.91,2.9,2.905,4922.0,CCCC
2023-06-23 11:40:00,2.87,2.9,2.87,2.9,10486.0,CCCC
2023-06-23 11:39:00,2.87,2.87,2.87,2.87,200.0,CCCC
2023-06-23 11:38:00,2.865,2.87,2.86,2.87,969.0,CCCC
2023-06-23 11:37:00,2.865,2.865,2.865,2.865,322.0,CCCC
2023-06-23 11:36:00,2.86,2.87,2.86,2.87,2491.0,CCCC
2023-06-23 11:34:00,2.85,2.86,2.85,2.86,1962.0,CCCC
2023-06-23 11:33:00,2.855,2.855,2.855,2.855,4220.0,CCCC
2023-06-23 11:32:00,2.86,2.86,2.855,2.855,557.0,CCCC
2023-06-23 11:31:00,2.86,2.86,2.855,2.855,1510.0,CCCC
2023-06-23 11:30:00,2.85,2.86,2.85,2.86,202.0,CCCC
2023-06-23 11:29:00,2.85,2.855,2.85,2.855,2291.0,CCCC
2023-06-23 11:28:00,2.84,2.845,2.84,2.845,410.0,CCCC
2023-06-23 11:24:00,2.84,2.845,2.835,2.84,5671.0,CCCC
2023-06-23 11:23:00,2.835,2.835,2.835,2.835,679.0,CCCC
2023-06-23 11:22:00,2.835,2.835,2.835,2.835,403.0,CCCC
2023-06-23 11:21:00,2.845,2.845,2.84,2.84,10608.0,CCCC
2023-06-23 11:20:00,2.855,2.855,2.84,2.849,7692.0,CCCC
2023-06-23 11:19:00,2.85,2.85,2.85,2.85,332.0,CCCC
2023-06-23 11:18:00,2.85,2.855,2.85,2.85,651.0,CCCC
2023-06-23 11:17:00,2.855,2.855,2.855,2.855,563.0,CCCC
2023-06-23 11:16:00,2.86,2.86,2.85,2.855,6211.0,CCCC
2023-06-23 11:13:00,2.865,2.865,2.86,2.86,873.0,CCCC
2023-06-23 11:12:00,2.865,2.865,2.865,2.865,363.0,CCCC
2023-06-23 11:11:00,2.87,2.875,2.865,2.87,5307.0,CCCC
2023-06-23 11:09:00,2.87,2.875,2.87,2.87,3717.0,CCCC
2023-06-23 11:08:00,2.875,2.875,2.875,2.875,232.0,CCCC
2023-06-23 11:07:00,2.875,2.875,2.875,2.875,1619.0,CCCC
2023-06-23 11:06:00,2.875,2.875,2.875,2.875,116.0,CCCC
2023-06-23 11:05:00,2.86,2.875,2.86,2.875,5773.0,CCCC
2023-06-23 11:04:00,2.865,2.865,2.865,2.865,258.0,CCCC
2023-06-23 11:03:00,2.865,2.865,2.865,2.865,130.0,CCCC
2023-06-23 11:02:00,2.865,2.865,2.865,2.865,242.0,CCCC
2023-06-23 11:01:00,2.86,2.865,2.86,2.865,509.0,CCCC
2023-06-23 11:00:00,2.86,2.865,2.86,2.865,708.0,CCCC
2023-06-23 10:59:00,2.865,2.865,2.86,2.86,764.0,CCCC
2023-06-23 10:58:00,2.865,2.865,2.86,2.865,1167.0,CCCC
2023-06-23 10:57:00,2.86,2.865,2.86,2.86,544.0,CCCC
2023-06-23 10:56:00,2.86,2.86,2.86,2.86,5465.0,CCCC
2023-06-23 10:55:00,2.86,2.87,2.86,2.86,656.0,CCCC
2023-06-23 10:54:00,2.86,2.86,2.86,2.86,387.0,CCCC
2023-06-23 10:53:00,2.865,2.865,2.865,2.865,449.0,CCCC
2023-06-23 10:52:00,2.86,2.87,2.86,2.865,770.0,CCCC
2023-06-23 10:51:00,2.865,2.87,2.865,2.865,1686.0,CCCC
2023-06-23 10:50:00,2.86,2.865,2.86,2.865,1876.0,CCCC
2023-06-23 10:49:00,2.865,2.865,2.855,2.855,1440.0,CCCC
2023-06-23 10:48:00,2.86,2.865,2.855,2.865,9016.0,CCCC
2023-06-23 10:47:00,2.865,2.865,2.865,2.865,1207.0,CCCC
2023-06-23 10:46:00,2.87,2.87,2.865,2.865,1410.0,CCCC
2023-06-23 10:45:00,2.87,2.87,2.87,2.87,569.0,CCCC
2023-06-23 10:44:00,2.865,2.87,2.865,2.87,600.0,CCCC
2023-06-23 10:43:00,2.865,2.865,2.86,2.86,2003.0,CCCC
2023-06-23 10:42:00,2.87,2.87,2.861,2.865,1429.0,CCCC
2023-06-23 10:41:00,2.87,2.875,2.87,2.875,2178.0,CCCC
2023-06-23 10:40:00,2.865,2.87,2.865,2.87,1197.0,CCCC
2023-06-23 10:39:00,2.865,2.865,2.865,2.865,595.0,CCCC
2023-06-23 10:38:00,2.869,2.869,2.86,2.865,2400.0,CCCC
2023-06-23 10:37:00,2.865,2.865,2.865,2.865,1128.0,CCCC
2023-06-23 10:36:00,2.865,2.865,2.86,2.86,1715.0,CCCC
2023-06-23 10:34:00,2.86,2.865,2.86,2.865,1122.0,CCCC
2023-06-23 10:33:00,2.855,2.855,2.855,2.855,1812.0,CCCC
2023-06-23 10:32:00,2.855,2.855,2.855,2.855,112.0,CCCC
2023-06-23 10:31:00,2.85,2.855,2.85,2.855,5684.0,CCCC
2023-06-23 10:30:00,2.84,2.86,2.84,2.86,2609.0,CCCC
2023-06-23 10:29:00,2.83,2.845,2.83,2.845,1673.0,CCCC
2023-06-23 10:28:00,2.83,2.84,2.83,2.84,2898.0,CCCC
2023-06-23 10:27:00,2.835,2.835,2.825,2.825,8025.0,CCCC
2023-06-23 10:26:00,2.835,2.84,2.835,2.835,417.0,CCCC
2023-06-23 10:25:00,2.84,2.84,2.835,2.835,690.0,CCCC
2023-06-23 10:24:00,2.825,2.83,2.825,2.83,3318.0,CCCC
2023-06-23 10:22:00,2.815,2.83,2.815,2.83,1414.0,CCCC
2023-06-23 10:21:00,2.8,2.819,2.8,2.815,6882.0,CCCC
2023-06-23 10:20:00,2.81,2.81,2.805,2.805,4615.0,CCCC
2023-06-23 10:19:00,2.8,2.805,2.8,2.805,2904.0,CCCC
2023-06-23 10:18:00,2.8,2.81,2.8,2.805,968.0,CCCC
2023-06-23 10:17:00,2.795,2.805,2.795,2.805,3353.0,CCCC
2023-06-23 10:15:00,2.795,2.8,2.795,2.8,883.0,CCCC
2023-06-23 10:14:00,2.795,2.795,2.795,2.795,366.0,CCCC
2023-06-23 10:13:00,2.79,2.79,2.79,2.79,1358.0,CCCC
2023-06-23 10:11:00,2.8,2.8,2.795,2.795,4559.0,CCCC
2023-06-23 10:10:00,2.805,2.805,2.805,2.805,766.0,CCCC
2023-06-23 10:09:00,2.805,2.809,2.805,2.805,1025.0,CCCC
2023-06-23 10:08:00,2.8,2.8,2.8,2.8,923.0,CCCC
2023-06-23 10:07:00,2.805,2.805,2.8,2.8,931.0,CCCC
2023-06-23 10:06:00,2.8,2.805,2.8,2.8,721.0,CCCC
2023-06-23 10:05:00,2.8,2.805,2.8,2.8,1636.0,CCCC
2023-06-23 10:04:00,2.805,2.805,2.805,2.805,560.0,CCCC
2023-06-23 10:02:00,2.805,2.809,2.805,2.809,711.0,CCCC
2023-06-23 10:01:00,2.82,2.82,2.805,2.805,5691.0,CCCC
2023-06-23 10:00:00,2.82,2.82,2.82,2.82,730.0,CCCC
2023-06-23 09:59:00,2.82,2.82,2.82,2.82,709.0,CCCC
2023-06-23 09:58:00,2.82,2.82,2.82,2.82,598.0,CCCC
2023-06-23 09:57:00,2.82,2.82,2.82,2.82,442.0,CCCC
2023-06-23 09:56:00,2.83,2.83,2.825,2.825,588.0,CCCC
2023-06-23 09:55:00,2.83,2.83,2.83,2.83,648.0,CCCC
2023-06-23 09:54:00,2.835,2.835,2.83,2.83,1091.0,CCCC
2023-06-23 09:53:00,2.84,2.84,2.84,2.84,325.0,CCCC
2023-06-23 09:52:00,2.85,2.85,2.85,2.85,100.0,CCCC
2023-06-23 09:51:00,2.85,2.85,2.845,2.845,1017.0,CCCC
2023-06-23 09:50:00,2.84,2.84,2.84,2.84,320.0,CCCC
2023-06-23 09:49:00,2.86,2.86,2.843,2.843,1424.0,CCCC
2023-06-23 09:48:00,2.855,2.868,2.855,2.868,700.0,CCCC
2023-06-23 09:47:00,2.828,2.851,2.828,2.851,1883.0,CCCC
2023-06-23 09:46:00,2.82,2.83,2.82,2.83,540.0,CCCC
2023-06-23 09:45:00,2.83,2.83,2.825,2.825,670.0,CCCC
2023-06-23 09:44:00,2.825,2.83,2.825,2.825,300.0,CCCC
2023-06-23 09:43:00,2.83,2.83,2.83,2.83,1150.0,CCCC
2023-06-23 09:41:00,2.825,2.825,2.825,2.825,905.0,CCCC
2023-06-23 09:40:00,2.82,2.82,2.82,2.82,205.0,CCCC
2023-06-23 09:39:00,2.8,2.81,2.8,2.81,2478.0,CCCC
2023-06-23 09:38:00,2.81,2.81,2.81,2.81,972.0,CCCC
2023-06-23 09:37:00,2.81,2.81,2.81,2.81,100.0,CCCC
2023-06-23 09:35:00,2.785,2.81,2.785,2.805,1228.0,CCCC
2023-06-23 09:34:00,2.799,2.799,2.785,2.785,828.0,CCCC
2023-06-23 09:33:00,2.79,2.79,2.79,2.79,300.0,CCCC
2023-06-23 09:32:00,2.775,2.79,2.775,2.79,2030.0,CCCC
2023-06-23 09:31:00,2.8,2.8,2.775,2.775,5151.0,CCCC
2023-06-23 09:30:00,2.81,2.9,2.81,2.82,6350.0,CCCC
2023-06-23 09:28:00,2.81,2.81,2.81,2.81,6.0,CCCC
2023-06-22 16:09:00,2.79,2.79,2.79,2.79,1.0,CCCC
2023-06-22 16:01:00,2.88,2.88,2.88,2.88,2302.0,CCCC
2023-06-22 16:00:00,2.875,2.88,2.875,2.88,53221.0,CCCC
2023-06-22 15:59:00,2.871,2.88,2.87,2.875,19504.0,CCCC
2023-06-22 15:58:00,2.88,2.88,2.87,2.87,4705.0,CCCC
2023-06-22 15:57:00,2.87,2.88,2.87,2.87,3626.0,CCCC
2023-06-22 15:56:00,2.88,2.885,2.87,2.875,12825.0,CCCC
2023-06-22 15:55:00,2.881,2.885,2.88,2.88,5969.0,CCCC
2023-06-22 15:54:00,2.88,2.885,2.88,2.88,3805.0,CCCC
2023-06-22 15:53:00,2.88,2.885,2.88,2.88,2372.0,CCCC
2023-06-22 15:52:00,2.885,2.885,2.88,2.88,831.0,CCCC
2023-06-22 15:51:00,2.88,2.89,2.88,2.885,8795.0,CCCC
2023-06-22 15:50:00,2.89,2.89,2.88,2.88,1416.0,CCCC
2023-06-22 15:49:00,2.885,2.889,2.88,2.88,1092.0,CCCC
2023-06-22 15:48:00,2.885,2.885,2.885,2.885,493.0,CCCC
2023-06-22 15:47:00,2.887,2.887,2.887,2.887,327.0,CCCC
2023-06-22 15:46:00,2.885,2.885,2.885,2.885,412.0,CCCC
2023-06-22 15:45:00,2.88,2.89,2.88,2.885,7361.0,CCCC
2023-06-22 15:44:00,2.88,2.88,2.88,2.88,622.0,CCCC
2023-06-22 15:43:00,2.889,2.889,2.88,2.88,784.0,CCCC
2023-06-22 15:42:00,2.885,2.885,2.88,2.88,879.0,CCCC
2023-06-22 15:41:00,2.89,2.89,2.885,2.885,5796.0,CCCC
2023-06-22 15:40:00,2.895,2.895,2.89,2.89,994.0,CCCC
2023-06-22 15:39:00,2.89,2.898,2.89,2.898,604.0,CCCC
2023-06-22 15:38:00,2.89,2.89,2.89,2.89,232.0,CCCC
2023-06-22 15:37:00,2.89,2.9,2.89,2.895,881.0,CCCC
2023-06-22 15:36:00,2.89,2.89,2.89,2.89,399.0,CCCC
2023-06-22 15:35:00,2.892,2.895,2.89,2.895,400.0,CCCC
2023-06-22 15:34:00,2.89,2.9,2.89,2.9,400.0,CCCC
2023-06-22 15:33:00,2.895,2.9,2.895,2.9,788.0,CCCC
2023-06-22 15:32:00,2.89,2.89,2.89,2.89,389.0,CCCC
2023-06-22 15:31:00,2.89,2.895,2.89,2.895,300.0,CCCC
2023-06-22 15:30:00,2.89,2.899,2.89,2.899,3751.0,CCCC
2023-06-22 15:29:00,2.9,2.9,2.89,2.89,2516.0,CCCC
2023-06-22 15:28:00,2.9,2.9,2.9,2.9,559.0,CCCC
2023-06-22 15:26:00,2.901,2.901,2.901,2.901,602.0,CCCC
2023-06-22 15:25:00,2.9,2.9,2.9,2.9,107.0,CCCC
2023-06-22 15:24:00,2.915,2.915,2.905,2.905,3497.0,CCCC
2023-06-22 15:23:00,2.915,2.915,2.91,2.91,400.0,CCCC
2023-06-22 15:22:00,2.91,2.91,2.91,2.91,517.0,CCCC
2023-06-22 15:21:00,2.912,2.915,2.912,2.915,497.0,CCCC
2023-06-22 15:20:00,2.911,2.915,2.91,2.91,2151.0,CCCC
2023-06-22 15:19:00,2.915,2.915,2.915,2.915,280.0,CCCC
2023-06-22 15:18:00,2.91,2.91,2.91,2.91,723.0,CCCC
2023-06-22 15:17:00,2.93,2.935,2.91,2.91,10956.0,CCCC
2023-06-22 15:16:00,2.935,2.935,2.93,2.935,806.0,CCCC
2023-06-22 15:15:00,2.93,2.94,2.93,2.94,644.0,CCCC
2023-06-22 15:14:00,2.94,2.94,2.94,2.94,570.0,CCCC
2023-06-22 15:13:00,2.935,2.94,2.93,2.94,939.0,CCCC
2023-06-22 15:12:00,2.935,2.935,2.93,2.93,579.0,CCCC
2023-06-22 15:11:00,2.932,2.935,2.932,2.935,336.0,CCCC
2023-06-22 15:10:00,2.94,2.94,2.935,2.935,340.0,CCCC
2023-06-22 15:09:00,2.93,2.935,2.93,2.935,356.0,CCCC
2023-06-22 15:08:00,2.93,2.935,2.93,2.935,734.0,CCCC
2023-06-22 15:07:00,2.94,2.94,2.932,2.932,225.0,CCCC
2023-06-22 15:06:00,2.935,2.94,2.93,2.94,742.0,CCCC
2023-06-22 15:04:00,2.93,2.935,2.93,2.935,330.0,CCCC
2023-06-22 15:03:00,2.94,2.94,2.935,2.935,895.0,CCCC
2023-06-22 15:01:00,2.94,2.94,2.935,2.935,342.0,CCCC
2023-06-22 15:00:00,2.935,2.935,2.93,2.935,585.0,CCCC
2023-06-22 14:59:00,2.935,2.939,2.935,2.935,445.0,CCCC
2023-06-22 14:58:00,2.935,2.935,2.935,2.935,426.0,CCCC
2023-06-22 14:57:00,2.93,2.94,2.93,2.94,2039.0,CCCC
2023-06-22 14:56:00,2.92,2.925,2.915,2.925,3970.0,CCCC
2023-06-22 14:55:00,2.915,2.915,2.915,2.915,406.0,CCCC
2023-06-22 14:54:00,2.91,2.91,2.91,2.91,400.0,CCCC
2023-06-22 14:53:00,2.915,2.915,2.91,2.91,471.0,CCCC
2023-06-22 14:52:00,2.915,2.915,2.915,2.915,345.0,CCCC
2023-06-22 14:51:00,2.915,2.915,2.91,2.91,500.0,CCCC
2023-06-22 14:50:00,2.91,2.91,2.91,2.91,143.0,CCCC
2023-06-22 14:49:00,2.91,2.915,2.91,2.915,543.0,CCCC
2023-06-22 14:48:00,2.915,2.92,2.91,2.91,530.0,CCCC
2023-06-22 14:47:00,2.91,2.915,2.91,2.915,644.0,CCCC
2023-06-22 14:46:00,2.91,2.91,2.91,2.91,643.0,CCCC
2023-06-22 14:45:00,2.915,2.915,2.915,2.915,130.0,CCCC
2023-06-22 14:44:00,2.91,2.915,2.91,2.915,491.0,CCCC
2023-06-22 14:43:00,2.915,2.915,2.915,2.915,416.0,CCCC
2023-06-22 14:42:00,2.915,2.915,2.91,2.915,1581.0,CCCC
2023-06-22 14:41:00,2.92,2.92,2.91,2.91,610.0,CCCC
2023-06-22 14:39:00,2.91,2.915,2.91,2.915,2456.0,CCCC
2023-06-22 14:38:00,2.91,2.91,2.902,2.902,1326.0,CCCC
2023-06-22 14:36:00,2.905,2.905,2.902,2.902,329.0,CCCC
2023-06-22 14:35:00,2.9,2.905,2.9,2.905,432.0,CCCC
2023-06-22 14:33:00,2.9,2.9,2.9,2.9,100.0,CCCC
2023-06-22 14:32:00,2.905,2.905,2.905,2.905,216.0,CCCC
2023-06-22 14:31:00,2.91,2.91,2.902,2.902,921.0,CCCC
2023-06-22 14:30:00,2.905,2.905,2.9,2.9,600.0,CCCC
2023-06-22 14:29:00,2.9,2.9,2.9,2.9,300.0,CCCC
2023-06-22 14:27:00,2.9,2.9,2.9,2.9,100.0,CCCC
2023-06-22 14:26:00,2.905,2.905,2.905,2.905,400.0,CCCC
2023-06-22 14:25:00,2.895,2.905,2.895,2.905,3110.0,CCCC
2023-06-22 14:24:00,2.89,2.89,2.89,2.89,100.0,CCCC
2023-06-22 14:23:00,2.895,2.895,2.895,2.895,256.0,CCCC
2023-06-22 14:22:00,2.892,2.892,2.892,2.892,115.0,CCCC
2023-06-22 14:21:00,2.89,2.895,2.89,2.895,300.0,CCCC
2023-06-22 14:20:00,2.9,2.9,2.89,2.895,3188.0,CCCC
2023-06-22 14:19:00,2.905,2.905,2.905,2.905,100.0,CCCC
2023-06-22 14:17:00,2.9,2.9,2.9,2.9,186.0,CCCC
2023-06-22 14:16:00,2.9,2.905,2.9,2.9,1138.0,CCCC
2023-06-22 14:15:00,2.905,2.905,2.9,2.9,512.0,CCCC
2023-06-22 14:14:00,2.908,2.908,2.908,2.908,500.0,CCCC
2023-06-22 14:12:00,2.905,2.905,2.905,2.905,200.0,CCCC
2023-06-22 14:11:00,2.905,2.905,2.905,2.905,201.0,CCCC
2023-06-22 14:10:00,2.9,2.9,2.9,2.9,2342.0,CCCC
2023-06-22 14:09:00,2.905,2.905,2.895,2.895,1916.0,CCCC
2023-06-22 14:08:00,2.905,2.905,2.905,2.905,205.0,CCCC
2023-06-22 14:07:00,2.905,2.905,2.9,2.9,769.0,CCCC
2023-06-22 14:06:00,2.925,2.925,2.9,2.91,12299.0,CCCC
2023-06-22 14:04:00,2.92,2.925,2.92,2.925,1026.0,CCCC
2023-06-22 14:03:00,2.905,2.915,2.905,2.915,2135.0,CCCC
2023-06-22 14:02:00,2.88,2.91,2.88,2.91,14080.0,CCCC
2023-06-22 14:01:00,2.89,2.89,2.885,2.885,497.0,CCCC
2023-06-22 14:00:00,2.885,2.885,2.88,2.885,410.0,CCCC
2023-06-22 13:59:00,2.885,2.89,2.885,2.89,627.0,CCCC
2023-06-22 13:58:00,2.89,2.89,2.885,2.885,430.0,CCCC
2023-06-22 13:57:00,2.88,2.885,2.88,2.885,960.0,CCCC
2023-06-22 13:56:00,2.89,2.89,2.885,2.885,200.0,CCCC
2023-06-22 13:55:00,2.89,2.89,2.885,2.885,430.0,CCCC
2023-06-22 13:54:00,2.885,2.89,2.88,2.885,24287.0,CCCC
2023-06-22 13:53:00,2.88,2.885,2.88,2.885,592.0,CCCC
2023-06-22 13:52:00,2.885,2.885,2.88,2.885,699.0,CCCC
2023-06-22 13:50:00,2.89,2.89,2.89,2.89,100.0,CCCC
2023-06-22 13:49:00,2.885,2.89,2.885,2.89,300.0,CCCC
2023-06-22 13:48:00,2.882,2.89,2.882,2.89,300.0,CCCC
2023-06-22 13:47:00,2.888,2.89,2.885,2.885,1005.0,CCCC
2023-06-22 13:46:00,2.89,2.89,2.885,2.885,324.0,CCCC
2023-06-22 13:45:00,2.89,2.89,2.885,2.885,450.0,CCCC
2023-06-22 13:44:00,2.885,2.885,2.885,2.885,300.0,CCCC
2023-06-22 13:41:00,2.885,2.885,2.885,2.885,308.0,CCCC
2023-06-22 13:40:00,2.885,2.885,2.885,2.885,200.0,CCCC
2023-06-22 13:39:00,2.9,2.91,2.87,2.885,38013.0,CCCC
2023-06-22 13:38:00,2.9,2.905,2.9,2.9,5579.0,CCCC
2023-06-22 13:37:00,2.885,2.9,2.885,2.895,12523.0,CCCC
2023-06-22 13:36:00,2.885,2.885,2.885,2.885,300.0,CCCC
2023-06-22 13:34:00,2.888,2.9,2.885,2.89,21054.0,CCCC
2023-06-22 13:33:00,2.88,2.88,2.88,2.88,134.0,CCCC
2023-06-22 13:32:00,2.89,2.89,2.882,2.882,314.0,CCCC
2023-06-22 13:29:00,2.88,2.885,2.88,2.885,325.0,CCCC
2023-06-22 13:28:00,2.88,2.885,2.88,2.885,640.0,CCCC
2023-06-22 13:26:00,2.88,2.885,2.88,2.885,487.0,CCCC
2023-06-22 13:24:00,2.885,2.885,2.88,2.88,327.0,CCCC
2023-06-22 13:23:00,2.88,2.88,2.88,2.88,246.0,CCCC
2023-06-22 13:22:00,2.885,2.885,2.885,2.885,274.0,CCCC
2023-06-22 13:21:00,2.882,2.882,2.882,2.882,118.0,CCCC
2023-06-22 13:20:00,2.89,2.89,2.89,2.89,190.0,CCCC
2023-06-22 13:18:00,2.89,2.89,2.882,2.882,203.0,CCCC
2023-06-22 13:17:00,2.882,2.882,2.882,2.882,200.0,CCCC
2023-06-22 13:16:00,2.885,2.885,2.885,2.885,300.0,CCCC
2023-06-22 13:15:00,2.885,2.89,2.882,2.89,1851.0,CCCC
2023-06-22 13:14:00,2.89,2.89,2.882,2.882,325.0,CCCC
2023-06-22 13:12:00,2.885,2.885,2.885,2.885,165.0,CCCC
2023-06-22 13:10:00,2.89,2.89,2.89,2.89,100.0,CCCC
2023-06-22 13:08:00,2.885,2.885,2.885,2.885,100.0,CCCC
2023-06-22 13:07:00,2.88,2.885,2.88,2.885,1878.0,CCCC
2023-06-22 13:06:00,2.87,2.879,2.87,2.879,966.0,CCCC
2023-06-22 13:05:00,2.87,2.875,2.87,2.875,200.0,CCCC
2023-06-22 13:01:00,2.875,2.875,2.875,2.875,175.0,CCCC
2023-06-22 12:59:00,2.87,2.875,2.87,2.875,2721.0,CCCC
2023-06-22 12:58:00,2.862,2.862,2.862,2.862,257.0,CCCC
2023-06-22 12:57:00,2.862,2.862,2.862,2.862,358.0,CCCC
2023-06-22 12:55:00,2.862,2.865,2.862,2.865,241.0,CCCC
2023-06-22 12:53:00,2.865,2.865,2.86,2.86,1195.0,CCCC
2023-06-22 12:52:00,2.875,2.875,2.86,2.865,7349.0,CCCC
2023-06-22 12:51:00,2.87,2.87,2.87,2.87,109.0,CCCC
2023-06-22 12:50:00,2.875,2.875,2.875,2.875,100.0,CCCC
2023-06-22 12:49:00,2.88,2.88,2.88,2.88,168.0,CCCC
2023-06-22 12:48:00,2.87,2.87,2.87,2.87,123.0,CCCC
2023-06-22 12:47:00,2.87,2.875,2.87,2.87,753.0,CCCC
2023-06-22 12:45:00,2.87,2.87,2.87,2.87,287.0,CCCC
2023-06-22 12:43:00,2.875,2.875,2.87,2.87,300.0,CCCC
2023-06-22 12:42:00,2.875,2.875,2.87,2.875,730.0,CCCC
2023-06-22 12:41:00,2.875,2.875,2.875,2.875,216.0,CCCC
2023-06-22 12:40:00,2.88,2.88,2.87,2.87,371.0,CCCC
2023-06-22 12:39:00,2.875,2.875,2.872,2.872,301.0,CCCC
2023-06-22 12:38:00,2.872,2.875,2.872,2.875,418.0,CCCC
2023-06-22 12:36:00,2.872,2.872,2.872,2.872,200.0,CCCC
2023-06-22 12:35:00,2.872,2.872,2.872,2.872,116.0,CCCC
2023-06-22 12:33:00,2.872,2.875,2.872,2.875,327.0,CCCC
2023-06-22 12:32:00,2.845,2.88,2.841,2.88,6645.0,CCCC
2023-06-22 12:31:00,2.85,2.85,2.842,2.842,353.0,CCCC
2023-06-22 12:28:00,2.845,2.845,2.84,2.84,594.0,CCCC
2023-06-22 12:27:00,2.845,2.85,2.84,2.84,300.0,CCCC
2023-06-22 12:25:00,2.84,2.84,2.84,2.84,106.0,CCCC
2023-06-22 12:24:00,2.845,2.845,2.845,2.845,106.0,CCCC
2023-06-22 12:22:00,2.84,2.84,2.84,2.84,2276.0,CCCC
2023-06-22 12:21:00,2.83,2.83,2.83,2.83,200.0,CCCC
2023-06-22 12:20:00,2.84,2.84,2.83,2.83,1064.0,CCCC
2023-06-22 12:18:00,2.84,2.84,2.84,2.84,288.0,CCCC
2023-06-22 12:17:00,2.85,2.85,2.845,2.845,2472.0,CCCC
2023-06-22 12:16:00,2.855,2.855,2.855,2.855,101.0,CCCC
2023-06-22 12:15:00,2.86,2.86,2.85,2.85,1479.0,CCCC
2023-06-22 12:14:00,2.865,2.865,2.86,2.86,698.0,CCCC
2023-06-22 12:13:00,2.86,2.86,2.86,2.86,100.0,CCCC
2023-06-22 12:12:00,2.86,2.865,2.86,2.86,1113.0,CCCC
2023-06-22 12:11:00,2.86,2.86,2.86,2.86,150.0,CCCC
2023-06-22 12:10:00,2.86,2.86,2.86,2.86,3224.0,CCCC
2023-06-22 12:09:00,2.86,2.86,2.86,2.86,566.0,CCCC
2023-06-22 12:06:00,2.86,2.865,2.86,2.86,1828.0,CCCC
2023-06-22 12:05:00,2.86,2.865,2.86,2.865,210.0,CCCC
2023-06-22 12:04:00,2.86,2.865,2.86,2.865,600.0,CCCC
2023-06-22 12:03:00,2.865,2.865,2.865,2.865,150.0,CCCC
2023-06-22 12:02:00,2.87,2.87,2.862,2.869,372.0,CCCC
2023-06-22 12:01:00,2.86,2.86,2.86,2.86,2449.0,CCCC
2023-06-22 12:00:00,2.86,2.86,2.86,2.86,100.0,CCCC
2023-06-22 11:59:00,2.869,2.869,2.86,2.86,632.0,CCCC
2023-06-22 11:57:00,2.86,2.86,2.86,2.86,232.0,CCCC
2023-06-22 11:55:00,2.865,2.87,2.862,2.862,1077.0,CCCC
2023-06-22 11:54:00,2.88,2.88,2.87,2.87,1194.0,CCCC
2023-06-22 11:53:00,2.87,2.875,2.87,2.87,2068.0,CCCC
2023-06-22 11:52:00,2.87,2.87,2.87,2.87,182.0,CCCC
2023-06-22 11:51:00,2.872,2.872,2.872,2.872,100.0,CCCC
2023-06-22 11:49:00,2.87,2.88,2.87,2.88,726.0,CCCC
2023-06-22 11:48:00,2.875,2.875,2.875,2.875,447.0,CCCC
2023-06-22 11:42:00,2.87,2.875,2.87,2.87,2474.0,CCCC
2023-06-22 11:39:00,2.865,2.865,2.865,2.865,120.0,CCCC
2023-06-22 11:38:00,2.865,2.865,2.86,2.865,604.0,CCCC
2023-06-22 11:37:00,2.865,2.865,2.865,2.865,199.0,CCCC
2023-06-22 11:35:00,2.861,2.865,2.861,2.865,303.0,CCCC
2023-06-22 11:34:00,2.855,2.865,2.855,2.865,1412.0,CCCC
2023-06-22 11:33:00,2.85,2.855,2.85,2.855,1834.0,CCCC
2023-06-22 11:29:00,2.84,2.84,2.84,2.84,984.0,CCCC
2023-06-22 11:27:00,2.845,2.845,2.84,2.84,971.0,CCCC
2023-06-22 11:26:00,2.84,2.84,2.84,2.84,320.0,CCCC
2023-06-22 11:25:00,2.86,2.86,2.84,2.84,4984.0,CCCC
2023-06-22 11:24:00,2.84,2.85,2.84,2.85,2331.0,CCCC
2023-06-22 11:22:00,2.84,2.84,2.835,2.835,964.0,CCCC
2023-06-22 11:21:00,2.84,2.84,2.84,2.84,200.0,CCCC
2023-06-22 11:20:00,2.83,2.84,2.83,2.84,3319.0,CCCC
2023-06-22 11:19:00,2.83,2.83,2.83,2.83,734.0,CCCC
2023-06-22 11:18:00,2.829,2.83,2.827,2.83,4329.0,CCCC
2023-06-22 11:17:00,2.83,2.83,2.83,2.83,655.0,CCCC
2023-06-22 11:16:00,2.765,2.83,2.765,2.83,41034.0,CCCC
2023-06-22 11:15:00,2.76,2.76,2.76,2.76,390.0,CCCC
2023-06-22 11:14:00,2.76,2.76,2.76,2.76,201.0,CCCC
2023-06-22 11:12:00,2.775,2.775,2.762,2.762,9933.0,CCCC
2023-06-22 11:11:00,2.775,2.78,2.77,2.78,925.0,CCCC
2023-06-22 11:10:00,2.78,2.78,2.77,2.77,1143.0,CCCC
2023-06-22 11:09:00,2.78,2.79,2.78,2.78,687.0,CCCC
2023-06-22 11:08:00,2.789,2.789,2.78,2.78,816.0,CCCC
2023-06-22 11:07:00,2.785,2.785,2.785,2.785,1215.0,CCCC
2023-06-22 11:06:00,2.78,2.78,2.78,2.78,426.0,CCCC
2023-06-22 11:05:00,2.78,2.78,2.78,2.78,300.0,CCCC
2023-06-22 11:04:00,2.78,2.78,2.78,2.78,219.0,CCCC
2023-06-22 11:03:00,2.78,2.78,2.78,2.78,200.0,CCCC
2023-06-22 11:02:00,2.785,2.785,2.78,2.78,362.0,CCCC
2023-06-22 11:01:00,2.78,2.78,2.78,2.78,535.0,CCCC
2023-06-22 11:00:00,2.78,2.785,2.78,2.78,2776.0,CCCC
2023-06-22 10:59:00,2.77,2.78,2.77,2.77,1642.0,CCCC
2023-06-22 10:58:00,2.78,2.78,2.77,2.77,2711.0,CCCC
2023-06-22 10:57:00,2.78,2.78,2.78,2.78,394.0,CCCC
2023-06-22 10:55:00,2.78,2.78,2.78,2.78,940.0,CCCC
2023-06-22 10:54:00,2.785,2.785,2.78,2.78,351.0,CCCC
2023-06-22 10:53:00,2.79,2.79,2.78,2.78,1693.0,CCCC
2023-06-22 10:52:00,2.794,2.795,2.79,2.795,1961.0,CCCC
2023-06-22 10:51:00,2.795,2.795,2.79,2.795,2393.0,CCCC
2023-06-22 10:50:00,2.79,2.79,2.79,2.79,300.0,CCCC
2023-06-22 10:49:00,2.8,2.8,2.79,2.79,1008.0,CCCC
2023-06-22 10:46:00,2.795,2.795,2.795,2.795,156.0,CCCC
2023-06-22 10:43:00,2.79,2.795,2.79,2.795,2720.0,CCCC
2023-06-22 10:42:00,2.79,2.79,2.79,2.79,746.0,CCCC
2023-06-22 10:41:00,2.81,2.81,2.79,2.79,7379.0,CCCC
2023-06-22 10:40:00,2.81,2.81,2.81,2.81,401.0,CCCC
2023-06-22 10:37:00,2.81,2.81,2.81,2.81,648.0,CCCC
2023-06-22 10:36:00,2.815,2.815,2.815,2.815,1179.0,CCCC
2023-06-22 10:35:00,2.815,2.82,2.81,2.813,512.0,CCCC
2023-06-22 10:34:00,2.815,2.815,2.815,2.815,102.0,CCCC
2023-06-22 10:33:00,2.82,2.82,2.81,2.815,1292.0,CCCC
2023-06-22 10:32:00,2.825,2.825,2.82,2.82,931.0,CCCC
2023-06-22 10:31:00,2.82,2.82,2.82,2.82,271.0,CCCC
2023-06-22 10:30:00,2.825,2.829,2.825,2.829,1340.0,CCCC
2023-06-22 10:29:00,2.82,2.83,2.82,2.83,1300.0,CCCC
2023-06-22 10:28:00,2.82,2.82,2.82,2.82,200.0,CCCC
2023-06-22 10:27:00,2.82,2.82,2.815,2.82,2073.0,CCCC
2023-06-22 10:26:00,2.81,2.819,2.81,2.819,933.0,CCCC
2023-06-22 10:25:00,2.81,2.82,2.81,2.82,268.0,CCCC
2023-06-22 10:24:00,2.815,2.815,2.815,2.815,202.0,CCCC
2023-06-22 10:23:00,2.815,2.818,2.81,2.818,805.0,CCCC
2023-06-22 10:22:00,2.812,2.812,2.812,2.812,230.0,CCCC
2023-06-22 10:21:00,2.82,2.825,2.82,2.82,3131.0,CCCC
2023-06-22 10:20:00,2.825,2.83,2.825,2.83,884.0,CCCC
2023-06-22 10:19:00,2.82,2.82,2.82,2.82,210.0,CCCC
2023-06-22 10:18:00,2.82,2.825,2.82,2.825,1205.0,CCCC
2023-06-22 10:17:00,2.825,2.825,2.82,2.825,300.0,CCCC
2023-06-22 10:16:00,2.83,2.83,2.82,2.82,200.0,CCCC
2023-06-22 10:15:00,2.829,2.829,2.82,2.82,1200.0,CCCC
2023-06-22 10:14:00,2.82,2.82,2.82,2.82,101.0,CCCC
2023-06-22 10:13:00,2.83,2.83,2.82,2.82,1619.0,CCCC
2023-06-22 10:12:00,2.82,2.82,2.82,2.82,1312.0,CCCC
2023-06-22 10:11:00,2.815,2.815,2.812,2.815,300.0,CCCC
2023-06-22 10:10:00,2.81,2.81,2.81,2.81,300.0,CCCC
2023-06-22 10:09:00,2.81,2.81,2.81,2.81,181.0,CCCC
2023-06-22 10:08:00,2.81,2.815,2.81,2.81,700.0,CCCC
2023-06-22 10:07:00,2.815,2.815,2.815,2.815,397.0,CCCC
2023-06-22 10:06:00,2.81,2.819,2.81,2.819,302.0,CCCC
2023-06-22 10:05:00,2.81,2.82,2.81,2.82,2084.0,CCCC
2023-06-22 10:04:00,2.819,2.819,2.81,2.81,399.0,CCCC
2023-06-22 10:03:00,2.81,2.812,2.81,2.81,1169.0,CCCC
2023-06-22 10:02:00,2.81,2.81,2.81,2.81,349.0,CCCC
2023-06-22 10:01:00,2.826,2.826,2.81,2.81,755.0,CCCC
2023-06-22 10:00:00,2.81,2.81,2.81,2.81,100.0,CCCC
2023-06-22 09:59:00,2.8,2.82,2.8,2.82,628.0,CCCC
2023-06-22 09:58:00,2.81,2.819,2.81,2.819,1243.0,CCCC
2023-06-22 09:57:00,2.81,2.815,2.81,2.815,415.0,CCCC
2023-06-22 09:56:00,2.81,2.81,2.81,2.81,101.0,CCCC
2023-06-22 09:55:00,2.81,2.81,2.81,2.81,2451.0,CCCC
2023-06-22 09:54:00,2.82,2.82,2.81,2.81,801.0,CCCC
2023-06-22 09:53:00,2.818,2.82,2.818,2.82,358.0,CCCC
2023-06-22 09:52:00,2.82,2.82,2.82,2.82,195.0,CCCC
2023-06-22 09:51:00,2.805,2.82,2.802,2.811,4952.0,CCCC
2023-06-22 09:50:00,2.77,2.805,2.77,2.805,1563.0,CCCC
2023-06-22 09:49:00,2.77,2.78,2.76,2.779,10590.0,CCCC
2023-06-22 09:48:00,2.8,2.8,2.78,2.78,6585.0,CCCC
2023-06-22 09:47:00,2.78,2.79,2.78,2.79,30393.0,CCCC
2023-06-22 09:46:00,2.79,2.79,2.77,2.779,2729.0,CCCC
2023-06-22 09:45:00,2.78,2.789,2.775,2.783,2940.0,CCCC
2023-06-22 09:44:00,2.78,2.78,2.77,2.78,4557.0,CCCC
2023-06-22 09:43:00,2.79,2.826,2.79,2.79,6279.0,CCCC
2023-06-22 09:42:00,2.848,2.848,2.81,2.81,7986.0,CCCC
2023-06-22 09:41:00,2.84,2.84,2.84,2.84,203.0,CCCC
2023-06-22 09:40:00,2.84,2.845,2.84,2.844,1165.0,CCCC
2023-06-22 09:39:00,2.84,2.848,2.84,2.84,794.0,CCCC
2023-06-22 09:38:00,2.855,2.855,2.84,2.84,920.0,CCCC
2023-06-22 09:37:00,2.855,2.858,2.85,2.858,665.0,CCCC
2023-06-22 09:36:00,2.88,2.88,2.848,2.85,6764.0,CCCC
2023-06-22 09:35:00,2.88,2.885,2.88,2.885,1351.0,CCCC
2023-06-22 09:34:00,2.9,2.94,2.889,2.889,7648.0,CCCC
2023-06-22 09:33:00,2.9,2.9,2.9,2.9,165.0,CCCC
2023-06-22 09:32:00,2.93,2.93,2.9,2.9,1037.0,CCCC
2023-06-22 09:31:00,2.94,2.94,2.94,2.94,202.0,CCCC
2023-06-22 09:30:00,2.99,2.99,2.98,2.988,7393.0,CCCC
2023-06-22 08:11:00,3.01,3.01,3.01,3.01,50.0,CCCC
2023-06-21 18:32:00,3.1,3.1,3.1,3.1,50.0,CCCC
2023-06-21 18:20:00,3.1,3.1,3.1,3.1,15.0,CCCC
2023-06-21 18:06:00,3.04,3.04,3.04,3.04,10.0,CCCC
2023-06-21 17:25:00,3.03,3.03,3.03,3.03,2.0,CCCC
2023-06-21 16:23:00,2.91,2.91,2.91,2.91,1.0,CCCC
2023-06-21 16:20:00,2.96,2.96,2.96,2.96,42.0,CCCC
2023-06-21 16:08:00,2.901,2.901,2.901,2.901,1.0,CCCC
2023-06-21 16:02:00,2.96,2.96,2.96,2.96,4537.0,CCCC
2023-06-21 16:01:00,2.96,2.96,2.96,2.96,777.0,CCCC
2023-06-21 16:00:00,2.97,2.97,2.96,2.96,98610.0,CCCC
2023-06-21 15:59:00,2.97,2.98,2.96,2.97,9679.0,CCCC
2023-06-21 15:58:00,2.96,2.975,2.95,2.97,19536.0,CCCC
2023-06-21 15:57:00,2.945,2.96,2.94,2.95,16972.0,CCCC
2023-06-21 15:56:00,2.94,2.95,2.94,2.94,2437.0,CCCC
2023-06-21 15:55:00,2.955,2.955,2.94,2.945,12510.0,CCCC
2023-06-21 15:54:00,2.98,2.98,2.95,2.95,12617.0,CCCC
2023-06-21 15:53:00,2.98,2.985,2.98,2.98,80513.0,CCCC
2023-06-21 15:52:00,2.98,2.99,2.98,2.98,2658.0,CCCC
2023-06-21 15:51:00,2.985,2.99,2.98,2.98,3465.0,CCCC
2023-06-21 15:50:00,2.985,2.99,2.98,2.985,5198.0,CCCC
2023-06-21 15:49:00,2.985,2.99,2.98,2.98,1905.0,CCCC
2023-06-21 15:48:00,2.985,2.985,2.98,2.98,1956.0,CCCC
2023-06-21 15:47:00,2.98,2.99,2.98,2.985,5250.0,CCCC
2023-06-21 15:46:00,2.98,2.985,2.98,2.98,1429.0,CCCC
2023-06-21 15:45:00,2.98,2.985,2.98,2.98,911.0,CCCC
2023-06-21 15:44:00,2.985,2.985,2.98,2.98,589.0,CCCC
2023-06-21 15:43:00,2.985,2.985,2.98,2.98,2127.0,CCCC
2023-06-21 15:42:00,2.985,2.99,2.98,2.985,1871.0,CCCC
2023-06-21 15:41:00,2.985,2.99,2.98,2.98,1727.0,CCCC
2023-06-21 15:40:00,2.99,2.99,2.98,2.985,1055.0,CCCC
2023-06-21 15:39:00,2.985,2.99,2.98,2.98,1769.0,CCCC
2023-06-21 15:38:00,2.99,2.99,2.98,2.985,2663.0,CCCC
2023-06-21 15:37:00,2.985,2.985,2.985,2.985,989.0,CCCC
2023-06-21 15:36:00,2.985,2.99,2.98,2.99,1012.0,CCCC
2023-06-21 15:35:00,2.985,2.985,2.98,2.985,5979.0,CCCC
2023-06-21 15:34:00,2.985,2.985,2.985,2.985,434.0,CCCC
2023-06-21 15:33:00,2.98,2.985,2.98,2.985,44160.0,CCCC
2023-06-21 15:32:00,2.98,2.985,2.98,2.98,965.0,CCCC
2023-06-21 15:31:00,2.985,2.985,2.98,2.985,912.0,CCCC
2023-06-21 15:30:00,2.98,2.99,2.98,2.98,1733.0,CCCC
2023-06-21 15:29:00,2.98,2.985,2.98,2.98,965.0,CCCC
2023-06-21 15:28:00,2.99,2.99,2.985,2.985,428.0,CCCC
2023-06-21 15:27:00,2.98,2.986,2.98,2.985,890.0,CCCC
2023-06-21 15:26:00,2.985,2.985,2.985,2.985,118.0,CCCC
2023-06-21 15:24:00,2.98,2.985,2.98,2.985,4514.0,CCCC
2023-06-21 15:23:00,2.98,2.99,2.98,2.99,339.0,CCCC
2023-06-21 15:22:00,2.98,2.985,2.98,2.985,741.0,CCCC
2023-06-21 15:21:00,2.99,2.99,2.98,2.985,1392.0,CCCC
2023-06-21 15:19:00,2.98,2.985,2.98,2.985,1436.0,CCCC
2023-06-21 15:18:00,2.985,2.985,2.985,2.985,345.0,CCCC
2023-06-21 15:17:00,2.985,2.985,2.985,2.985,102.0,CCCC
2023-06-21 15:16:00,2.98,2.985,2.98,2.985,1038.0,CCCC
2023-06-21 15:15:00,2.985,2.99,2.98,2.985,2803.0,CCCC
2023-06-21 15:14:00,2.985,2.985,2.98,2.98,1466.0,CCCC
2023-06-21 15:13:00,2.98,2.98,2.98,2.98,686.0,CCCC
2023-06-21 15:12:00,2.98,2.98,2.98,2.98,200.0,CCCC
2023-06-21 15:11:00,2.98,2.98,2.98,2.98,100.0,CCCC
2023-06-21 15:10:00,2.985,2.985,2.985,2.985,302.0,CCCC
2023-06-21 15:09:00,2.985,2.985,2.98,2.98,566.0,CCCC
2023-06-21 15:08:00,2.985,2.985,2.985,2.985,246.0,CCCC
2023-06-21 15:07:00,2.98,2.98,2.98,2.98,239.0,CCCC
2023-06-21 15:06:00,2.985,2.985,2.98,2.98,687.0,CCCC
2023-06-21 15:05:00,2.985,2.985,2.98,2.985,304.0,CCCC
2023-06-21 15:04:00,2.98,2.985,2.98,2.985,320.0,CCCC
2023-06-21 15:03:00,2.98,2.985,2.98,2.985,2636.0,CCCC
2023-06-21 15:02:00,2.98,2.985,2.98,2.985,1159.0,CCCC
2023-06-21 15:01:00,2.98,2.985,2.98,2.98,612.0,CCCC
2023-06-21 15:00:00,2.985,2.985,2.98,2.98,1719.0,CCCC
2023-06-21 14:59:00,2.985,2.99,2.98,2.98,947.0,CCCC
2023-06-21 14:58:00,2.985,2.985,2.98,2.98,551.0,CCCC
2023-06-21 14:57:00,2.98,2.98,2.98,2.98,799.0,CCCC
2023-06-21 14:55:00,2.98,2.985,2.98,2.985,477.0,CCCC
2023-06-21 14:53:00,2.989,2.989,2.98,2.98,1403.0,CCCC
2023-06-21 14:52:00,2.985,2.985,2.98,2.98,501.0,CCCC
2023-06-21 14:51:00,2.98,2.985,2.98,2.985,346.0,CCCC
2023-06-21 14:50:00,2.98,2.98,2.98,2.98,202.0,CCCC
2023-06-21 14:49:00,2.98,2.98,2.98,2.98,404.0,CCCC
2023-06-21 14:48:00,2.98,2.98,2.98,2.98,239.0,CCCC
2023-06-21 14:47:00,2.98,2.985,2.98,2.985,1355.0,CCCC
2023-06-21 14:46:00,2.98,2.98,2.98,2.98,651.0,CCCC
2023-06-21 14:45:00,2.985,2.985,2.98,2.98,422.0,CCCC
2023-06-21 14:44:00,2.98,2.98,2.98,2.98,404.0,CCCC
2023-06-21 14:43:00,2.98,2.98,2.98,2.98,1034.0,CCCC
2023-06-21 14:42:00,2.98,2.98,2.98,2.98,387.0,CCCC
2023-06-21 14:41:00,2.98,2.985,2.98,2.98,712.0,CCCC
2023-06-21 14:40:00,2.98,2.985,2.98,2.985,550.0,CCCC
2023-06-21 14:39:00,2.985,2.985,2.98,2.985,403.0,CCCC
2023-06-21 14:38:00,2.981,2.985,2.98,2.985,877.0,CCCC
2023-06-21 14:37:00,2.985,2.985,2.985,2.985,202.0,CCCC
2023-06-21 14:36:00,2.985,2.985,2.985,2.985,203.0,CCCC
2023-06-21 14:35:00,2.98,2.99,2.98,2.985,7644.0,CCCC
2023-06-21 14:34:00,2.98,2.98,2.98,2.98,202.0,CCCC
2023-06-21 14:33:00,2.98,2.98,2.98,2.98,306.0,CCCC
2023-06-21 14:32:00,2.98,2.98,2.98,2.98,301.0,CCCC
2023-06-21 14:31:00,2.98,2.989,2.98,2.989,408.0,CCCC
2023-06-21 14:30:00,2.98,2.985,2.98,2.98,622.0,CCCC
2023-06-21 14:29:00,2.98,2.989,2.98,2.98,1502.0,CCCC
2023-06-21 14:28:00,2.98,2.98,2.98,2.98,402.0,CCCC
2023-06-21 14:27:00,2.98,2.985,2.98,2.98,613.0,CCCC
2023-06-21 14:26:00,2.98,2.985,2.98,2.985,215.0,CCCC
2023-06-21 14:25:00,2.985,2.985,2.985,2.985,132.0,CCCC
2023-06-21 14:24:00,2.995,2.995,2.985,2.985,4609.0,CCCC
2023-06-21 14:23:00,2.99,2.995,2.99,2.995,1885.0,CCCC
2023-06-21 14:22:00,3.0,3.0,3.0,3.0,100.0,CCCC
2023-06-21 14:21:00,2.985,3.0,2.985,2.99,6192.0,CCCC
2023-06-21 14:20:00,2.98,2.985,2.98,2.98,1067.0,CCCC
2023-06-21 14:19:00,2.99,2.99,2.98,2.98,602.0,CCCC
2023-06-21 14:18:00,2.98,2.985,2.98,2.985,911.0,CCCC
2023-06-21 14:17:00,2.98,2.985,2.98,2.98,402.0,CCCC
2023-06-21 14:16:00,2.98,2.98,2.98,2.98,432.0,CCCC
2023-06-21 14:15:00,2.98,2.98,2.98,2.98,401.0,CCCC
2023-06-21 14:14:00,2.985,2.985,2.98,2.98,622.0,CCCC
2023-06-21 14:13:00,2.98,2.98,2.98,2.98,515.0,CCCC
2023-06-21 14:12:00,2.98,2.989,2.98,2.985,801.0,CCCC
2023-06-21 14:11:00,2.98,2.98,2.98,2.98,300.0,CCCC
2023-06-21 14:10:00,2.98,2.98,2.98,2.98,200.0,CCCC
2023-06-21 14:08:00,2.985,2.985,2.985,2.985,322.0,CCCC
2023-06-21 14:06:00,2.988,2.988,2.988,2.988,201.0,CCCC
2023-06-21 14:05:00,2.99,2.99,2.98,2.98,2069.0,CCCC
2023-06-21 14:04:00,2.995,2.995,2.99,2.995,699.0,CCCC
2023-06-21 14:03:00,2.989,3.0,2.985,3.0,4457.0,CCCC
2023-06-21 14:02:00,2.99,2.99,2.985,2.985,2865.0,CCCC
2023-06-21 14:01:00,2.99,2.99,2.99,2.99,700.0,CCCC
2023-06-21 14:00:00,2.995,2.995,2.99,2.99,559.0,CCCC
2023-06-21 13:58:00,3.005,3.005,2.99,2.99,838.0,CCCC
2023-06-21 13:56:00,3.005,3.005,3.005,3.005,579.0,CCCC
2023-06-21 13:55:00,3.005,3.01,3.005,3.01,990.0,CCCC
2023-06-21 13:54:00,2.99,3.005,2.99,3.005,5520.0,CCCC
2023-06-21 13:53:00,3.01,3.01,2.995,3.0,18018.0,CCCC
2023-06-21 13:52:00,3.01,3.01,3.01,3.01,200.0,CCCC
2023-06-21 13:50:00,3.01,3.015,3.01,3.015,959.0,CCCC
2023-06-21 13:48:00,3.01,3.01,3.01,3.01,100.0,CCCC
2023-06-21 13:47:00,3.01,3.015,3.01,3.015,311.0,CCCC
2023-06-21 13:45:00,3.01,3.015,3.01,3.015,442.0,CCCC
2023-06-21 13:43:00,3.015,3.015,3.01,3.015,449.0,CCCC
2023-06-21 13:42:00,3.015,3.02,3.015,3.02,306.0,CCCC
2023-06-21 13:41:00,3.015,3.015,3.015,3.015,207.0,CCCC
2023-06-21 13:40:00,3.01,3.015,3.01,3.01,650.0,CCCC
2023-06-21 13:38:00,3.015,3.015,3.015,3.015,118.0,CCCC
2023-06-21 13:37:00,3.02,3.025,3.01,3.01,1420.0,CCCC
2023-06-21 13:36:00,3.015,3.02,3.015,3.015,400.0,CCCC
2023-06-21 13:35:00,3.011,3.011,3.011,3.011,200.0,CCCC
2023-06-21 13:34:00,3.01,3.012,3.01,3.01,899.0,CCCC
2023-06-21 13:33:00,2.98,3.0,2.98,3.0,8987.0,CCCC
2023-06-21 13:31:00,2.975,2.975,2.975,2.975,492.0,CCCC
2023-06-21 13:30:00,2.97,2.97,2.97,2.97,124.0,CCCC
2023-06-21 13:28:00,2.975,2.975,2.975,2.975,100.0,CCCC
2023-06-21 13:27:00,2.975,2.975,2.97,2.97,399.0,CCCC
2023-06-21 13:26:00,2.975,2.975,2.975,2.975,104.0,CCCC
2023-06-21 13:24:00,2.97,2.97,2.97,2.97,200.0,CCCC
2023-06-21 13:23:00,2.97,2.97,2.97,2.97,3429.0,CCCC
2023-06-21 13:22:00,2.98,2.98,2.98,2.98,1543.0,CCCC
2023-06-21 13:21:00,2.98,2.98,2.98,2.98,229.0,CCCC
2023-06-21 13:20:00,2.985,2.985,2.985,2.985,120.0,CCCC
2023-06-21 13:19:00,2.985,2.985,2.985,2.985,100.0,CCCC
2023-06-21 13:18:00,2.985,2.985,2.985,2.985,230.0,CCCC
2023-06-21 13:15:00,2.98,2.98,2.98,2.98,1201.0,CCCC
2023-06-21 13:14:00,2.98,2.98,2.98,2.98,1147.0,CCCC
2023-06-21 13:12:00,2.98,2.98,2.98,2.98,200.0,CCCC
2023-06-21 13:10:00,2.985,2.985,2.98,2.98,1454.0,CCCC
2023-06-21 13:09:00,2.975,2.98,2.975,2.98,4880.0,CCCC
2023-06-21 13:07:00,2.98,2.98,2.98,2.98,436.0,CCCC
2023-06-21 13:06:00,2.97,2.97,2.97,2.97,403.0,CCCC
2023-06-21 13:04:00,2.975,2.975,2.975,2.975,235.0,CCCC
2023-06-21 13:03:00,2.975,2.975,2.975,2.975,170.0,CCCC
2023-06-21 13:01:00,2.97,2.97,2.97,2.97,615.0,CCCC
2023-06-21 12:59:00,2.97,2.97,2.97,2.97,742.0,CCCC
2023-06-21 12:58:00,2.975,2.975,2.97,2.97,734.0,CCCC
2023-06-21 12:57:00,2.97,2.97,2.97,2.97,220.0,CCCC
2023-06-21 12:56:00,2.98,2.985,2.97,2.975,3097.0,CCCC
2023-06-21 12:55:00,2.99,2.99,2.985,2.985,293.0,CCCC
2023-06-21 12:54:00,2.985,2.985,2.985,2.985,203.0,CCCC
2023-06-21 12:53:00,2.985,2.99,2.985,2.99,226.0,CCCC
2023-06-21 12:52:00,2.985,2.985,2.98,2.98,1032.0,CCCC
2023-06-21 12:50:00,2.985,2.985,2.985,2.985,105.0,CCCC
2023-06-21 12:49:00,2.985,2.985,2.985,2.985,301.0,CCCC
2023-06-21 12:47:00,2.989,2.989,2.98,2.98,993.0,CCCC
2023-06-21 12:46:00,2.98,2.985,2.98,2.985,424.0,CCCC
2023-06-21 12:45:00,2.985,2.985,2.98,2.985,829.0,CCCC
2023-06-21 12:43:00,2.985,2.985,2.985,2.985,361.0,CCCC
2023-06-21 12:42:00,2.985,2.985,2.985,2.985,100.0,CCCC
2023-06-21 12:40:00,2.985,2.99,2.985,2.985,2568.0,CCCC
2023-06-21 12:39:00,2.98,2.98,2.98,2.98,300.0,CCCC
2023-06-21 12:37:00,2.98,2.98,2.98,2.98,1000.0,CCCC
2023-06-21 12:35:00,2.99,2.99,2.99,2.99,938.0,CCCC
2023-06-21 12:33:00,2.99,2.99,2.99,2.99,237.0,CCCC
2023-06-21 12:32:00,2.99,2.995,2.99,2.99,1196.0,CCCC
2023-06-21 12:29:00,2.995,2.995,2.995,2.995,402.0,CCCC
2023-06-21 12:27:00,2.99,2.99,2.99,2.99,3049.0,CCCC
2023-06-21 12:26:00,2.99,2.99,2.99,2.99,123.0,CCCC
2023-06-21 12:25:00,3.0,3.0,3.0,3.0,185.0,CCCC
2023-06-21 12:24:00,2.99,2.99,2.99,2.99,100.0,CCCC
2023-06-21 12:22:00,2.995,2.995,2.995,2.995,301.0,CCCC
2023-06-21 12:20:00,2.995,2.995,2.995,2.995,200.0,CCCC
2023-06-21 12:19:00,2.995,2.995,2.995,2.995,100.0,CCCC
2023-06-21 12:18:00,2.995,3.0,2.995,3.0,600.0,CCCC
2023-06-21 12:16:00,2.99,2.99,2.99,2.99,225.0,CCCC
2023-06-21 12:15:00,2.995,2.995,2.992,2.992,650.0,CCCC
2023-06-21 12:14:00,2.981,2.99,2.981,2.99,2292.0,CCCC
2023-06-21 12:12:00,2.988,2.988,2.98,2.98,368.0,CCCC
2023-06-21 12:11:00,2.995,2.995,2.99,2.99,3869.0,CCCC
2023-06-21 12:09:00,3.0,3.0,3.0,3.0,100.0,CCCC
2023-06-21 12:06:00,2.98,2.99,2.98,2.99,1486.0,CCCC
2023-06-21 12:05:00,2.98,2.98,2.98,2.98,205.0,CCCC
2023-06-21 12:04:00,2.965,2.97,2.965,2.97,1919.0,CCCC
2023-06-21 12:01:00,2.965,2.965,2.965,2.965,123.0,CCCC
2023-06-21 11:59:00,2.97,2.97,2.97,2.97,193.0,CCCC
2023-06-21 11:57:00,2.96,2.97,2.96,2.965,2360.0,CCCC
2023-06-21 11:55:00,2.95,2.95,2.95,2.95,204.0,CCCC
2023-06-21 11:52:00,2.965,2.965,2.955,2.955,1947.0,CCCC
2023-06-21 11:50:00,2.965,2.965,2.965,2.965,200.0,CCCC
2023-06-21 11:48:00,2.961,2.961,2.961,2.961,327.0,CCCC
2023-06-21 11:46:00,2.96,2.965,2.96,2.965,312.0,CCCC
2023-06-21 11:45:00,2.91,2.95,2.91,2.95,12114.0,CCCC
2023-06-21 11:44:00,2.91,2.91,2.91,2.91,202.0,CCCC
2023-06-21 11:43:00,2.915,2.915,2.915,2.915,258.0,CCCC
2023-06-21 11:42:00,2.915,2.915,2.915,2.915,105.0,CCCC
2023-06-21 11:41:00,2.915,2.915,2.915,2.915,695.0,CCCC
2023-06-21 11:40:00,2.91,2.915,2.91,2.915,961.0,CCCC
2023-06-21 11:39:00,2.915,2.915,2.915,2.915,132.0,CCCC
2023-06-21 11:37:00,2.915,2.915,2.915,2.915,114.0,CCCC
2023-06-21 11:35:00,2.915,2.915,2.915,2.915,300.0,CCCC
2023-06-21 11:34:00,2.91,2.915,2.91,2.915,458.0,CCCC
2023-06-21 11:33:00,2.91,2.91,2.91,2.91,217.0,CCCC
2023-06-21 11:32:00,2.91,2.919,2.91,2.915,1189.0,CCCC
2023-06-21 11:30:00,2.925,2.925,2.92,2.92,1932.0,CCCC
2023-06-21 11:27:00,2.92,2.925,2.92,2.925,417.0,CCCC
2023-06-21 11:26:00,2.92,2.92,2.92,2.92,1601.0,CCCC
2023-06-21 11:25:00,2.921,2.921,2.921,2.921,350.0,CCCC
2023-06-21 11:24:00,2.928,2.928,2.925,2.925,686.0,CCCC
2023-06-21 11:23:00,2.928,2.928,2.928,2.928,206.0,CCCC
2023-06-21 11:22:00,2.91,2.925,2.91,2.92,4066.0,CCCC
2023-06-21 11:21:00,2.86,2.91,2.86,2.91,36446.0,CCCC
2023-06-21 11:20:00,2.86,2.86,2.86,2.86,113.0,CCCC
2023-06-21 11:19:00,2.87,2.87,2.87,2.87,777.0,CCCC
2023-06-21 11:17:00,2.875,2.875,2.875,2.875,588.0,CCCC
2023-06-21 11:16:00,2.88,2.88,2.875,2.875,1066.0,CCCC
2023-06-21 11:15:00,2.886,2.886,2.885,2.885,385.0,CCCC
2023-06-21 11:14:00,2.88,2.88,2.88,2.88,1285.0,CCCC
2023-06-21 11:13:00,2.87,2.88,2.87,2.876,886.0,CCCC
2023-06-21 11:12:00,2.87,2.87,2.87,2.87,1590.0,CCCC
2023-06-21 11:11:00,2.865,2.865,2.865,2.865,563.0,CCCC
2023-06-21 11:10:00,2.86,2.86,2.86,2.86,140.0,CCCC
2023-06-21 11:09:00,2.88,2.88,2.87,2.87,621.0,CCCC
2023-06-21 11:08:00,2.88,2.88,2.88,2.88,680.0,CCCC
2023-06-21 11:06:00,2.88,2.88,2.88,2.88,213.0,CCCC
2023-06-21 11:05:00,2.885,2.885,2.885,2.885,101.0,CCCC
2023-06-21 11:04:00,2.895,2.895,2.89,2.89,1499.0,CCCC
2023-06-21 11:03:00,2.895,2.895,2.89,2.89,514.0,CCCC
2023-06-21 11:02:00,2.895,2.895,2.895,2.895,141.0,CCCC
2023-06-21 11:01:00,2.895,2.895,2.895,2.895,139.0,CCCC
2023-06-21 11:00:00,2.895,2.9,2.895,2.895,700.0,CCCC
2023-06-21 10:59:00,2.898,2.905,2.89,2.89,6724.0,CCCC
2023-06-21 10:57:00,2.895,2.895,2.895,2.895,100.0,CCCC
2023-06-21 10:56:00,2.89,2.89,2.89,2.89,1122.0,CCCC
2023-06-21 10:55:00,2.885,2.885,2.875,2.88,3873.0,CCCC
2023-06-21 10:54:00,2.89,2.89,2.88,2.88,616.0,CCCC
2023-06-21 10:53:00,2.881,2.881,2.881,2.881,1018.0,CCCC
2023-06-21 10:52:00,2.885,2.885,2.885,2.885,200.0,CCCC
2023-06-21 10:51:00,2.885,2.885,2.885,2.885,285.0,CCCC
2023-06-21 10:50:00,2.88,2.885,2.87,2.88,24146.0,CCCC
2023-06-21 10:49:00,2.88,2.885,2.88,2.88,2371.0,CCCC
2023-06-21 10:48:00,2.88,2.88,2.88,2.88,1126.0,CCCC
2023-06-21 10:47:00,2.89,2.89,2.885,2.885,1125.0,CCCC
2023-06-21 10:46:00,2.89,2.89,2.89,2.89,431.0,CCCC
2023-06-21 10:45:00,2.9,2.9,2.89,2.895,5721.0,CCCC
2023-06-21 10:43:00,2.905,2.905,2.9,2.9,285.0,CCCC
2023-06-21 10:42:00,2.911,2.915,2.9,2.9,3279.0,CCCC
2023-06-21 10:40:00,2.921,2.921,2.92,2.92,1389.0,CCCC
2023-06-21 10:39:00,2.92,2.92,2.92,2.92,2274.0,CCCC
2023-06-21 10:38:00,2.91,2.91,2.91,2.91,473.0,CCCC
2023-06-21 10:36:00,2.919,2.92,2.91,2.91,1627.0,CCCC
2023-06-21 10:35:00,2.915,2.915,2.915,2.915,220.0,CCCC
2023-06-21 10:34:00,2.915,2.915,2.91,2.91,619.0,CCCC
2023-06-21 10:32:00,2.91,2.91,2.91,2.91,2520.0,CCCC
2023-06-21 10:30:00,2.915,2.915,2.915,2.915,554.0,CCCC
2023-06-21 10:28:00,2.915,2.915,2.915,2.915,200.0,CCCC
2023-06-21 10:27:00,2.91,2.91,2.91,2.91,500.0,CCCC
2023-06-21 10:26:00,2.92,2.92,2.91,2.915,407.0,CCCC
2023-06-21 10:25:00,2.91,2.91,2.91,2.91,914.0,CCCC
2023-06-21 10:24:00,2.909,2.915,2.907,2.915,2825.0,CCCC
2023-06-21 10:23:00,2.905,2.91,2.905,2.91,1031.0,CCCC
2023-06-21 10:22:00,2.9,2.9,2.9,2.9,122.0,CCCC
2023-06-21 10:21:00,2.9,2.9,2.9,2.9,105.0,CCCC
2023-06-21 10:20:00,2.9,2.9,2.9,2.9,536.0,CCCC
2023-06-21 10:19:00,2.91,2.91,2.91,2.91,846.0,CCCC
2023-06-21 10:18:00,2.91,2.91,2.91,2.91,137.0,CCCC
2023-06-21 10:17:00,2.92,2.92,2.91,2.915,464.0,CCCC
2023-06-21 10:16:00,2.925,2.925,2.925,2.925,143.0,CCCC
2023-06-21 10:15:00,2.931,2.931,2.92,2.925,1583.0,CCCC
2023-06-21 10:14:00,2.93,2.935,2.93,2.935,344.0,CCCC
2023-06-21 10:13:00,2.94,2.94,2.94,2.94,1709.0,CCCC
2023-06-21 10:12:00,2.948,2.948,2.945,2.945,740.0,CCCC
2023-06-21 10:11:00,2.93,2.941,2.93,2.941,1148.0,CCCC
2023-06-21 10:10:00,2.925,2.925,2.925,2.925,306.0,CCCC
2023-06-21 10:09:00,2.92,2.93,2.92,2.93,4166.0,CCCC
2023-06-21 10:08:00,2.91,2.91,2.91,2.91,269.0,CCCC
2023-06-21 10:07:00,2.91,2.91,2.91,2.91,2228.0,CCCC
2023-06-21 10:06:00,2.9,2.908,2.9,2.905,2345.0,CCCC
2023-06-21 10:05:00,2.925,2.925,2.9,2.9,6791.0,CCCC
2023-06-21 10:04:00,2.925,2.925,2.925,2.925,100.0,CCCC
2023-06-21 10:03:00,2.925,2.93,2.925,2.929,4004.0,CCCC
2023-06-21 10:02:00,2.928,2.93,2.92,2.92,4914.0,CCCC
2023-06-21 10:01:00,2.93,2.93,2.93,2.93,767.0,CCCC
2023-06-21 10:00:00,2.935,2.935,2.935,2.935,142.0,CCCC
2023-06-21 09:59:00,2.93,2.93,2.925,2.93,1756.0,CCCC
2023-06-21 09:58:00,2.93,2.93,2.92,2.92,216.0,CCCC
2023-06-21 09:57:00,2.94,2.94,2.93,2.93,1505.0,CCCC
2023-06-21 09:56:00,2.95,2.95,2.95,2.95,1342.0,CCCC
2023-06-21 09:55:00,2.94,2.95,2.94,2.94,818.0,CCCC
2023-06-21 09:54:00,2.93,2.949,2.93,2.94,2717.0,CCCC
2023-06-21 09:53:00,2.95,2.95,2.93,2.93,361.0,CCCC
2023-06-21 09:52:00,2.96,2.96,2.96,2.96,602.0,CCCC
2023-06-21 09:51:00,2.97,2.97,2.95,2.95,1326.0,CCCC
2023-06-21 09:50:00,2.98,2.98,2.98,2.98,243.0,CCCC
2023-06-21 09:49:00,2.981,2.988,2.981,2.988,700.0,CCCC
2023-06-21 09:48:00,2.978,2.98,2.978,2.98,934.0,CCCC
2023-06-21 09:47:00,2.965,2.969,2.965,2.969,600.0,CCCC
2023-06-21 09:46:00,2.97,2.97,2.945,2.96,12457.0,CCCC
2023-06-21 09:45:00,2.98,2.98,2.97,2.97,272.0,CCCC
2023-06-21 09:44:00,2.98,2.98,2.97,2.98,1659.0,CCCC
2023-06-21 09:43:00,2.99,2.99,2.972,2.98,2760.0,CCCC
2023-06-21 09:41:00,2.99,2.995,2.99,2.995,1727.0,CCCC
2023-06-21 09:40:00,2.989,2.989,2.989,2.989,403.0,CCCC
2023-06-21 09:39:00,3.01,3.01,2.99,2.99,12865.0,CCCC
2023-06-21 09:38:00,3.02,3.02,3.015,3.015,1130.0,CCCC
2023-06-21 09:37:00,3.004,3.02,3.004,3.02,738.0,CCCC
2023-06-21 09:36:00,3.04,3.04,3.02,3.02,1270.0,CCCC
2023-06-21 09:35:00,3.045,3.048,3.04,3.04,755.0,CCCC
2023-06-21 09:34:00,3.05,3.05,3.05,3.05,1710.0,CCCC
2023-06-21 09:33:00,3.09,3.09,3.07,3.07,4732.0,CCCC
2023-06-21 09:30:00,3.09,3.11,3.09,3.11,1980.0,CCCC
2023-06-21 09:15:00,3.168,3.168,3.168,3.168,1.0,CCCC
2023-06-21 09:10:00,3.17,3.17,3.17,3.17,3.0,CCCC
2023-06-21 08:39:00,3.17,3.17,3.17,3.17,9.0,CCCC
2023-06-21 08:00:00,3.21,3.21,3.21,3.21,1.0,CCCC
2023-06-21 07:00:00,3.11,3.11,3.11,3.11,5.0,CCCC
2023-06-20 16:02:00,3.11,3.11,3.11,3.11,200.0,CCCC
2023-06-20 16:01:00,3.11,3.11,3.11,3.11,2300.0,CCCC
2023-06-20 16:00:00,3.11,3.11,3.11,3.11,106876.0,CCCC
2023-06-20 15:59:00,3.12,3.12,3.11,3.11,14024.0,CCCC
2023-06-20 15:58:00,3.12,3.12,3.11,3.12,6307.0,CCCC
2023-06-20 15:57:00,3.115,3.12,3.11,3.11,4522.0,CCCC
2023-06-20 15:56:00,3.115,3.12,3.11,3.11,2580.0,CCCC
2023-06-20 15:55:00,3.12,3.12,3.11,3.115,6109.0,CCCC
2023-06-20 15:54:00,3.12,3.12,3.11,3.11,3482.0,CCCC
2023-06-20 15:53:00,3.12,3.125,3.12,3.12,1646.0,CCCC
2023-06-20 15:52:00,3.135,3.135,3.12,3.12,1976.0,CCCC
2023-06-20 15:51:00,3.135,3.135,3.13,3.13,1025.0,CCCC
2023-06-20 15:50:00,3.14,3.14,3.13,3.14,5962.0,CCCC
2023-06-20 15:49:00,3.135,3.135,3.135,3.135,440.0,CCCC
2023-06-20 15:48:00,3.12,3.139,3.12,3.135,4216.0,CCCC
2023-06-20 15:47:00,3.125,3.125,3.125,3.125,423.0,CCCC
2023-06-20 15:46:00,3.11,3.13,3.11,3.13,4682.0,CCCC
2023-06-20 15:45:00,3.115,3.119,3.115,3.119,1740.0,CCCC
2023-06-20 15:44:00,3.115,3.115,3.11,3.11,606.0,CCCC
2023-06-20 15:43:00,3.115,3.115,3.11,3.115,1090.0,CCCC
2023-06-20 15:42:00,3.115,3.115,3.115,3.115,405.0,CCCC
2023-06-20 15:41:00,3.115,3.118,3.115,3.115,520.0,CCCC
2023-06-20 15:40:00,3.11,3.115,3.11,3.115,5131.0,CCCC
2023-06-20 15:39:00,3.11,3.11,3.1,3.11,2443.0,CCCC
2023-06-20 15:38:00,3.11,3.115,3.11,3.115,787.0,CCCC
2023-06-20 15:37:00,3.115,3.115,3.11,3.115,959.0,CCCC
2023-06-20 15:36:00,3.11,3.115,3.11,3.115,555.0,CCCC
2023-06-20 15:35:00,3.12,3.12,3.11,3.11,2290.0,CCCC
2023-06-20 15:34:00,3.12,3.125,3.12,3.12,896.0,CCCC
2023-06-20 15:33:00,3.12,3.12,3.12,3.12,205.0,CCCC
2023-06-20 15:32:00,3.12,3.125,3.12,3.12,1042.0,CCCC
2023-06-20 15:31:00,3.12,3.12,3.12,3.12,102.0,CCCC
2023-06-20 15:30:00,3.125,3.125,3.125,3.125,844.0,CCCC
2023-06-20 15:28:00,3.12,3.125,3.12,3.12,4126.0,CCCC
2023-06-20 15:27:00,3.12,3.12,3.11,3.115,2538.0,CCCC
2023-06-20 15:26:00,3.12,3.12,3.12,3.12,845.0,CCCC
2023-06-20 15:25:00,3.12,3.12,3.12,3.12,805.0,CCCC
2023-06-20 15:24:00,3.12,3.125,3.12,3.12,1107.0,CCCC
2023-06-20 15:23:00,3.12,3.12,3.12,3.12,1348.0,CCCC
2023-06-20 15:22:00,3.12,3.125,3.12,3.125,555.0,CCCC
2023-06-20 15:21:00,3.12,3.125,3.12,3.12,400.0,CCCC
2023-06-20 15:20:00,3.12,3.12,3.12,3.12,100.0,CCCC
2023-06-20 15:19:00,3.13,3.13,3.13,3.13,1571.0,CCCC
2023-06-20 15:16:00,3.132,3.132,3.13,3.13,826.0,CCCC
2023-06-20 15:15:00,3.14,3.14,3.139,3.14,1202.0,CCCC
2023-06-20 15:13:00,3.135,3.135,3.135,3.135,572.0,CCCC
2023-06-20 15:10:00,3.125,3.135,3.125,3.13,5267.0,CCCC
2023-06-20 15:09:00,3.125,3.129,3.125,3.125,875.0,CCCC
2023-06-20 15:08:00,3.13,3.13,3.12,3.125,2597.0,CCCC
2023-06-20 15:07:00,3.139,3.139,3.13,3.135,1423.0,CCCC
2023-06-20 15:05:00,3.131,3.135,3.13,3.135,995.0,CCCC
2023-06-20 15:04:00,3.135,3.14,3.135,3.135,2056.0,CCCC
2023-06-20 15:03:00,3.14,3.14,3.135,3.135,617.0,CCCC
2023-06-20 15:02:00,3.135,3.135,3.135,3.135,100.0,CCCC
2023-06-20 15:00:00,3.135,3.135,3.135,3.135,1667.0,CCCC
2023-06-20 14:59:00,3.135,3.14,3.135,3.135,591.0,CCCC
2023-06-20 14:58:00,3.125,3.135,3.125,3.135,8422.0,CCCC
2023-06-20 14:57:00,3.13,3.13,3.125,3.125,410.0,CCCC
2023-06-20 14:56:00,3.12,3.12,3.12,3.12,1793.0,CCCC
2023-06-20 14:54:00,3.12,3.12,3.12,3.12,496.0,CCCC
2023-06-20 14:53:00,3.125,3.125,3.125,3.125,457.0,CCCC
2023-06-20 14:51:00,3.12,3.12,3.12,3.12,500.0,CCCC
2023-06-20 14:50:00,3.12,3.12,3.12,3.12,300.0,CCCC
2023-06-20 14:49:00,3.12,3.125,3.12,3.12,756.0,CCCC
2023-06-20 14:47:00,3.125,3.125,3.12,3.12,578.0,CCCC
2023-06-20 14:46:00,3.12,3.12,3.12,3.12,471.0,CCCC
2023-06-20 14:45:00,3.123,3.123,3.123,3.123,1014.0,CCCC
2023-06-20 14:44:00,3.12,3.125,3.12,3.125,472.0,CCCC
2023-06-20 14:43:00,3.12,3.12,3.12,3.12,535.0,CCCC
2023-06-20 14:42:00,3.129,3.129,3.12,3.12,300.0,CCCC
2023-06-20 14:41:00,3.145,3.145,3.12,3.12,6959.0,CCCC
2023-06-20 14:40:00,3.14,3.15,3.14,3.14,1728.0,CCCC
2023-06-20 14:39:00,3.14,3.14,3.14,3.14,351.0,CCCC
2023-06-20 14:38:00,3.14,3.145,3.14,3.145,329.0,CCCC
2023-06-20 14:37:00,3.14,3.14,3.14,3.14,409.0,CCCC
2023-06-20 14:36:00,3.14,3.14,3.14,3.14,312.0,CCCC
2023-06-20 14:35:00,3.15,3.15,3.14,3.14,601.0,CCCC
2023-06-20 14:34:00,3.14,3.145,3.14,3.145,1147.0,CCCC
2023-06-20 14:32:00,3.145,3.145,3.14,3.14,301.0,CCCC
2023-06-20 14:31:00,3.15,3.15,3.145,3.145,1127.0,CCCC
2023-06-20 14:30:00,3.15,3.15,3.15,3.15,610.0,CCCC
2023-06-20 14:28:00,3.15,3.155,3.15,3.15,1202.0,CCCC
2023-06-20 14:26:00,3.155,3.155,3.15,3.15,405.0,CCCC
2023-06-20 14:25:00,3.15,3.15,3.15,3.15,254.0,CCCC
2023-06-20 14:24:00,3.15,3.15,3.15,3.15,359.0,CCCC
2023-06-20 14:23:00,3.15,3.15,3.15,3.15,227.0,CCCC
2023-06-20 14:22:00,3.155,3.16,3.155,3.16,602.0,CCCC
2023-06-20 14:21:00,3.155,3.155,3.15,3.15,405.0,CCCC
2023-06-20 14:20:00,3.15,3.15,3.15,3.15,204.0,CCCC
2023-06-20 14:19:00,3.15,3.15,3.15,3.15,644.0,CCCC
2023-06-20 14:18:00,3.158,3.158,3.158,3.158,665.0,CCCC
2023-06-20 14:17:00,3.15,3.15,3.15,3.15,112.0,CCCC
2023-06-20 14:16:00,3.15,3.155,3.15,3.15,670.0,CCCC
2023-06-20 14:12:00,3.15,3.15,3.15,3.15,339.0,CCCC
2023-06-20 14:11:00,3.15,3.15,3.15,3.15,347.0,CCCC
2023-06-20 14:10:00,3.155,3.155,3.15,3.15,400.0,CCCC
2023-06-20 14:09:00,3.15,3.155,3.15,3.155,445.0,CCCC
2023-06-20 14:06:00,3.15,3.155,3.15,3.15,400.0,CCCC
2023-06-20 14:05:00,3.15,3.15,3.15,3.15,701.0,CCCC
2023-06-20 14:04:00,3.15,3.15,3.15,3.15,323.0,CCCC
2023-06-20 14:03:00,3.155,3.155,3.155,3.155,100.0,CCCC
2023-06-20 14:02:00,3.15,3.16,3.15,3.15,500.0,CCCC
2023-06-20 14:01:00,3.155,3.155,3.155,3.155,200.0,CCCC
2023-06-20 14:00:00,3.15,3.15,3.15,3.15,200.0,CCCC
2023-06-20 13:59:00,3.16,3.16,3.15,3.15,860.0,CCCC
2023-06-20 13:57:00,3.165,3.165,3.165,3.165,473.0,CCCC
2023-06-20 13:56:00,3.16,3.16,3.16,3.16,100.0,CCCC
2023-06-20 13:55:00,3.16,3.17,3.16,3.165,600.0,CCCC
2023-06-20 13:54:00,3.17,3.17,3.17,3.17,840.0,CCCC
2023-06-20 13:51:00,3.16,3.16,3.16,3.16,300.0,CCCC
2023-06-20 13:48:00,3.16,3.16,3.16,3.16,336.0,CCCC
2023-06-20 13:47:00,3.16,3.16,3.16,3.16,460.0,CCCC
2023-06-20 13:45:00,3.17,3.17,3.17,3.17,380.0,CCCC
2023-06-20 13:44:00,3.16,3.16,3.16,3.16,240.0,CCCC
2023-06-20 13:40:00,3.16,3.16,3.16,3.16,300.0,CCCC
2023-06-20 13:39:00,3.165,3.165,3.165,3.165,141.0,CCCC
2023-06-20 13:38:00,3.165,3.165,3.165,3.165,200.0,CCCC
2023-06-20 13:37:00,3.17,3.17,3.17,3.17,102.0,CCCC
2023-06-20 13:36:00,3.165,3.165,3.165,3.165,604.0,CCCC
2023-06-20 13:35:00,3.16,3.16,3.16,3.16,210.0,CCCC
2023-06-20 13:34:00,3.165,3.165,3.165,3.165,134.0,CCCC
2023-06-20 13:32:00,3.16,3.16,3.16,3.16,400.0,CCCC
2023-06-20 13:31:00,3.17,3.17,3.17,3.17,1289.0,CCCC
2023-06-20 13:30:00,3.175,3.175,3.17,3.171,654.0,CCCC
2023-06-20 13:29:00,3.17,3.17,3.17,3.17,201.0,CCCC
2023-06-20 13:23:00,3.18,3.185,3.18,3.18,1885.0,CCCC
2023-06-20 13:21:00,3.18,3.18,3.18,3.18,1248.0,CCCC
2023-06-20 13:20:00,3.18,3.18,3.18,3.18,101.0,CCCC
2023-06-20 13:19:00,3.18,3.18,3.18,3.18,135.0,CCCC
2023-06-20 13:18:00,3.175,3.175,3.175,3.175,100.0,CCCC
2023-06-20 13:17:00,3.18,3.18,3.175,3.175,372.0,CCCC
2023-06-20 13:16:00,3.175,3.175,3.175,3.175,101.0,CCCC
2023-06-20 13:15:00,3.165,3.18,3.165,3.18,2740.0,CCCC
2023-06-20 13:14:00,3.165,3.17,3.165,3.165,400.0,CCCC
2023-06-20 13:12:00,3.169,3.169,3.169,3.169,331.0,CCCC
2023-06-20 13:08:00,3.145,3.16,3.145,3.16,5766.0,CCCC
2023-06-20 13:07:00,3.145,3.15,3.145,3.145,765.0,CCCC
2023-06-20 13:06:00,3.15,3.15,3.15,3.15,3075.0,CCCC
2023-06-20 13:05:00,3.155,3.155,3.155,3.155,405.0,CCCC
2023-06-20 13:03:00,3.159,3.159,3.159,3.159,305.0,CCCC
2023-06-20 13:02:00,3.15,3.15,3.15,3.15,202.0,CCCC
2023-06-20 13:01:00,3.155,3.155,3.155,3.155,340.0,CCCC
2023-06-20 13:00:00,3.15,3.15,3.15,3.15,200.0,CCCC
2023-06-20 12:59:00,3.151,3.151,3.151,3.151,243.0,CCCC
2023-06-20 12:58:00,3.15,3.15,3.15,3.15,150.0,CCCC
2023-06-20 12:57:00,3.15,3.15,3.15,3.15,287.0,CCCC
2023-06-20 12:56:00,3.17,3.17,3.15,3.15,7759.0,CCCC
2023-06-20 12:54:00,3.17,3.17,3.17,3.17,831.0,CCCC
2023-06-20 12:53:00,3.17,3.17,3.17,3.17,361.0,CCCC
2023-06-20 12:52:00,3.16,3.17,3.16,3.165,1041.0,CCCC
2023-06-20 12:51:00,3.165,3.165,3.165,3.165,624.0,CCCC
2023-06-20 12:50:00,3.163,3.163,3.163,3.163,401.0,CCCC
2023-06-20 12:48:00,3.17,3.17,3.17,3.17,100.0,CCCC
2023-06-20 12:47:00,3.165,3.165,3.165,3.165,341.0,CCCC
2023-06-20 12:45:00,3.17,3.17,3.165,3.165,200.0,CCCC
2023-06-20 12:44:00,3.165,3.165,3.165,3.165,141.0,CCCC
2023-06-20 12:43:00,3.165,3.165,3.165,3.165,201.0,CCCC
2023-06-20 12:42:00,3.165,3.165,3.16,3.16,200.0,CCCC
2023-06-20 12:41:00,3.165,3.165,3.165,3.165,343.0,CCCC
2023-06-20 12:38:00,3.17,3.17,3.165,3.165,303.0,CCCC
2023-06-20 12:37:00,3.165,3.165,3.165,3.165,200.0,CCCC
2023-06-20 12:36:00,3.16,3.169,3.16,3.161,1029.0,CCCC
2023-06-20 12:35:00,3.17,3.17,3.16,3.16,1583.0,CCCC
2023-06-20 12:34:00,3.165,3.165,3.165,3.165,100.0,CCCC
2023-06-20 12:33:00,3.165,3.165,3.165,3.165,177.0,CCCC
2023-06-20 12:31:00,3.165,3.165,3.162,3.162,478.0,CCCC
2023-06-20 12:30:00,3.16,3.165,3.16,3.165,1126.0,CCCC
2023-06-20 12:27:00,3.159,3.16,3.155,3.155,409.0,CCCC
2023-06-20 12:25:00,3.14,3.15,3.14,3.15,5573.0,CCCC
2023-06-20 12:24:00,3.14,3.14,3.14,3.14,210.0,CCCC
2023-06-20 12:20:00,3.15,3.15,3.15,3.15,313.0,CCCC
2023-06-20 12:19:00,3.145,3.145,3.145,3.145,441.0,CCCC
2023-06-20 12:16:00,3.14,3.14,3.14,3.14,849.0,CCCC
2023-06-20 12:15:00,3.14,3.14,3.14,3.14,294.0,CCCC
2023-06-20 12:14:00,3.145,3.145,3.14,3.14,1046.0,CCCC
2023-06-20 12:13:00,3.14,3.15,3.14,3.145,742.0,CCCC
2023-06-20 12:12:00,3.149,3.149,3.14,3.14,1231.0,CCCC
2023-06-20 12:11:00,3.14,3.14,3.14,3.14,148.0,CCCC
2023-06-20 12:10:00,3.145,3.145,3.14,3.14,335.0,CCCC
2023-06-20 12:09:00,3.14,3.145,3.14,3.145,371.0,CCCC
2023-06-20 12:07:00,3.14,3.14,3.14,3.14,261.0,CCCC
2023-06-20 12:06:00,3.145,3.145,3.145,3.145,146.0,CCCC
2023-06-20 12:05:00,3.14,3.14,3.14,3.14,226.0,CCCC
2023-06-20 12:04:00,3.14,3.146,3.14,3.146,401.0,CCCC
2023-06-20 12:03:00,3.145,3.145,3.14,3.14,224.0,CCCC
2023-06-20 12:02:00,3.14,3.14,3.14,3.14,100.0,CCCC
2023-06-20 12:00:00,3.14,3.145,3.14,3.145,251.0,CCCC
2023-06-20 11:58:00,3.15,3.15,3.15,3.15,1116.0,CCCC
2023-06-20 11:57:00,3.15,3.15,3.15,3.15,100.0,CCCC
2023-06-20 11:56:00,3.15,3.15,3.15,3.15,326.0,CCCC
2023-06-20 11:54:00,3.16,3.16,3.16,3.16,1313.0,CCCC
2023-06-20 11:47:00,3.16,3.16,3.16,3.16,919.0,CCCC
2023-06-20 11:45:00,3.15,3.16,3.145,3.155,2685.0,CCCC
2023-06-20 11:44:00,3.155,3.155,3.15,3.15,1565.0,CCCC
2023-06-20 11:42:00,3.16,3.16,3.16,3.16,607.0,CCCC
2023-06-20 11:41:00,3.16,3.16,3.16,3.16,502.0,CCCC
2023-06-20 11:40:00,3.155,3.165,3.155,3.16,2152.0,CCCC
2023-06-20 11:39:00,3.159,3.159,3.159,3.159,301.0,CCCC
2023-06-20 11:37:00,3.17,3.17,3.17,3.17,233.0,CCCC
2023-06-20 11:36:00,3.195,3.195,3.18,3.18,2462.0,CCCC
2023-06-20 11:34:00,3.2,3.2,3.2,3.2,302.0,CCCC
2023-06-20 11:33:00,3.191,3.191,3.19,3.19,1200.0,CCCC
2023-06-20 11:32:00,3.19,3.19,3.19,3.19,2319.0,CCCC
2023-06-20 11:31:00,3.19,3.19,3.185,3.185,200.0,CCCC
2023-06-20 11:27:00,3.185,3.185,3.185,3.185,363.0,CCCC
2023-06-20 11:26:00,3.19,3.193,3.18,3.185,6411.0,CCCC
2023-06-20 11:25:00,3.2,3.2,3.2,3.2,899.0,CCCC
2023-06-20 11:24:00,3.225,3.225,3.21,3.21,3418.0,CCCC
2023-06-20 11:23:00,3.23,3.23,3.225,3.225,299.0,CCCC
2023-06-20 11:22:00,3.225,3.225,3.225,3.225,450.0,CCCC
2023-06-20 11:20:00,3.225,3.225,3.225,3.225,343.0,CCCC
2023-06-20 11:19:00,3.211,3.22,3.211,3.22,3649.0,CCCC
2023-06-20 11:18:00,3.22,3.22,3.215,3.215,702.0,CCCC
2023-06-20 11:15:00,3.212,3.212,3.212,3.212,400.0,CCCC
2023-06-20 11:13:00,3.215,3.215,3.215,3.215,1059.0,CCCC
2023-06-20 11:12:00,3.23,3.23,3.21,3.21,4034.0,CCCC
2023-06-20 11:11:00,3.235,3.235,3.235,3.235,444.0,CCCC
2023-06-20 11:09:00,3.225,3.235,3.225,3.235,4817.0,CCCC
2023-06-20 11:08:00,3.225,3.24,3.225,3.225,13166.0,CCCC
2023-06-20 11:07:00,3.225,3.225,3.225,3.225,366.0,CCCC
2023-06-20 11:06:00,3.2,3.22,3.195,3.22,19454.0,CCCC
2023-06-20 11:05:00,3.205,3.205,3.195,3.195,7868.0,CCCC
2023-06-20 11:04:00,3.205,3.205,3.205,3.205,270.0,CCCC
2023-06-20 11:03:00,3.2,3.2,3.2,3.2,743.0,CCCC
2023-06-20 11:02:00,3.2,3.205,3.195,3.195,3182.0,CCCC
2023-06-20 11:01:00,3.195,3.195,3.185,3.195,2522.0,CCCC
2023-06-20 10:59:00,3.195,3.195,3.195,3.195,267.0,CCCC
2023-06-20 10:58:00,3.185,3.195,3.185,3.195,740.0,CCCC
2023-06-20 10:57:00,3.18,3.18,3.175,3.18,2479.0,CCCC
2023-06-20 10:56:00,3.17,3.17,3.17,3.17,100.0,CCCC
2023-06-20 10:55:00,3.19,3.19,3.18,3.18,1170.0,CCCC
2023-06-20 10:52:00,3.192,3.192,3.192,3.192,500.0,CCCC
2023-06-20 10:51:00,3.19,3.19,3.19,3.19,1679.0,CCCC
2023-06-20 10:50:00,3.191,3.191,3.191,3.191,470.0,CCCC
2023-06-20 10:49:00,3.2,3.2,3.195,3.195,869.0,CCCC
2023-06-20 10:48:00,3.205,3.205,3.205,3.205,100.0,CCCC
2023-06-20 10:47:00,3.205,3.21,3.205,3.205,556.0,CCCC
2023-06-20 10:46:00,3.21,3.21,3.205,3.205,1335.0,CCCC
2023-06-20 10:45:00,3.22,3.22,3.215,3.215,1470.0,CCCC
2023-06-20 10:44:00,3.228,3.228,3.225,3.225,605.0,CCCC
2023-06-20 10:43:00,3.24,3.24,3.225,3.23,2517.0,CCCC
2023-06-20 10:42:00,3.23,3.235,3.225,3.235,1499.0,CCCC
2023-06-20 10:41:00,3.21,3.23,3.21,3.225,3008.0,CCCC
2023-06-20 10:40:00,3.21,3.21,3.205,3.205,200.0,CCCC
2023-06-20 10:39:00,3.205,3.208,3.205,3.205,809.0,CCCC
2023-06-20 10:38:00,3.205,3.205,3.205,3.205,200.0,CCCC
2023-06-20 10:37:00,3.199,3.205,3.199,3.205,1092.0,CCCC
2023-06-20 10:36:00,3.17,3.18,3.17,3.18,2836.0,CCCC
2023-06-20 10:35:00,3.145,3.17,3.145,3.17,3802.0,CCCC
2023-06-20 10:34:00,3.14,3.15,3.136,3.15,3066.0,CCCC
2023-06-20 10:33:00,3.14,3.14,3.14,3.14,1146.0,CCCC
2023-06-20 10:32:00,3.12,3.14,3.12,3.14,6344.0,CCCC
2023-06-20 10:28:00,3.12,3.12,3.11,3.11,11450.0,CCCC
2023-06-20 10:25:00,3.12,3.12,3.115,3.12,1929.0,CCCC
2023-06-20 10:24:00,3.12,3.12,3.115,3.115,1924.0,CCCC
2023-06-20 10:23:00,3.13,3.13,3.12,3.13,1229.0,CCCC
2023-06-20 10:22:00,3.12,3.12,3.12,3.12,5180.0,CCCC
2023-06-20 10:21:00,3.125,3.125,3.12,3.12,7708.0,CCCC
2023-06-20 10:20:00,3.13,3.13,3.13,3.13,269.0,CCCC
2023-06-20 10:19:00,3.12,3.12,3.12,3.12,2029.0,CCCC
2023-06-20 10:18:00,3.12,3.125,3.12,3.125,3651.0,CCCC
2023-06-20 10:17:00,3.115,3.12,3.115,3.12,832.0,CCCC
2023-06-20 10:16:00,3.115,3.115,3.115,3.115,259.0,CCCC
2023-06-20 10:15:00,3.14,3.14,3.111,3.115,4174.0,CCCC
2023-06-20 10:14:00,3.16,3.16,3.15,3.15,723.0,CCCC
2023-06-20 10:13:00,3.18,3.18,3.165,3.165,2053.0,CCCC
2023-06-20 10:12:00,3.18,3.18,3.18,3.18,573.0,CCCC
2023-06-20 10:11:00,3.17,3.17,3.17,3.17,704.0,CCCC
2023-06-20 10:10:00,3.16,3.16,3.16,3.16,554.0,CCCC
2023-06-20 10:09:00,3.155,3.16,3.155,3.16,2389.0,CCCC
2023-06-20 10:08:00,3.159,3.16,3.155,3.155,5721.0,CCCC
2023-06-20 10:07:00,3.16,3.16,3.155,3.155,549.0,CCCC
2023-06-20 10:06:00,3.15,3.15,3.15,3.15,631.0,CCCC
2023-06-20 10:03:00,3.155,3.155,3.155,3.155,1297.0,CCCC
2023-06-20 10:02:00,3.16,3.16,3.155,3.158,4231.0,CCCC
2023-06-20 10:00:00,3.185,3.185,3.155,3.155,4279.0,CCCC
2023-06-20 09:59:00,3.18,3.18,3.18,3.18,488.0,CCCC
2023-06-20 09:58:00,3.185,3.185,3.18,3.18,897.0,CCCC
2023-06-20 09:57:00,3.169,3.17,3.169,3.17,2248.0,CCCC
2023-06-20 09:55:00,3.165,3.165,3.159,3.16,3161.0,CCCC
2023-06-20 09:54:00,3.18,3.18,3.16,3.16,1135.0,CCCC
2023-06-20 09:53:00,3.185,3.185,3.185,3.185,201.0,CCCC
2023-06-20 09:52:00,3.19,3.19,3.19,3.19,1022.0,CCCC
2023-06-20 09:51:00,3.17,3.2,3.17,3.2,3362.0,CCCC
2023-06-20 09:50:00,3.23,3.23,3.15,3.16,10621.0,CCCC
2023-06-20 09:49:00,3.238,3.238,3.238,3.238,500.0,CCCC
2023-06-20 09:48:00,3.24,3.24,3.235,3.239,913.0,CCCC
2023-06-20 09:47:00,3.23,3.23,3.23,3.23,2034.0,CCCC
2023-06-20 09:46:00,3.228,3.228,3.228,3.228,175.0,CCCC
2023-06-20 09:45:00,3.25,3.25,3.22,3.22,1846.0,CCCC
2023-06-20 09:44:00,3.26,3.27,3.25,3.25,2801.0,CCCC
2023-06-20 09:43:00,3.26,3.26,3.26,3.26,572.0,CCCC
2023-06-20 09:41:00,3.26,3.26,3.26,3.26,400.0,CCCC
2023-06-20 09:40:00,3.26,3.26,3.26,3.26,789.0,CCCC
2023-06-20 09:39:00,3.24,3.24,3.24,3.24,1263.0,CCCC
2023-06-20 09:37:00,3.24,3.24,3.24,3.24,250.0,CCCC
2023-06-20 09:36:00,3.22,3.25,3.205,3.25,4427.0,CCCC
2023-06-20 09:35:00,3.25,3.25,3.21,3.215,5888.0,CCCC
2023-06-20 09:34:00,3.25,3.25,3.25,3.25,200.0,CCCC
2023-06-20 09:33:00,3.24,3.27,3.235,3.265,2873.0,CCCC
2023-06-20 09:32:00,3.25,3.25,3.2,3.22,3357.0,CCCC
2023-06-20 09:31:00,3.35,3.35,3.25,3.25,8358.0,CCCC
2023-06-20 09:30:00,3.35,3.37,3.33,3.33,5480.0,CCCC
2023-06-20 09:28:00,3.37,3.37,3.37,3.37,9.0,CCCC
2023-06-20 07:45:00,3.37,3.37,3.37,3.37,1.0,CCCC
2023-06-20 07:00:00,3.37,3.37,3.37,3.37,4.0,CCCC
2023-06-16 17:47:00,3.53,3.53,3.53,3.53,2.0,CCCC
2023-06-16 16:59:00,3.31,3.31,3.31,3.31,10.0,CCCC
2023-06-16 16:03:00,3.37,3.37,3.37,3.37,3630.0,CCCC
2023-06-16 16:02:00,3.37,3.37,3.37,3.37,76.0,CCCC
2023-06-16 16:01:00,3.37,3.37,3.37,3.37,126.0,CCCC
2023-06-16 16:00:00,3.36,3.37,3.36,3.37,393376.0,CCCC
2023-06-16 15:59:00,3.375,3.39,3.36,3.36,10088.0,CCCC
2023-06-16 15:58:00,3.355,3.38,3.355,3.375,20131.0,CCCC
2023-06-16 15:57:00,3.36,3.365,3.355,3.355,4122.0,CCCC
2023-06-16 15:56:00,3.36,3.37,3.36,3.36,5264.0,CCCC
2023-06-16 15:55:00,3.37,3.375,3.36,3.36,5853.0,CCCC
2023-06-16 15:54:00,3.38,3.385,3.375,3.375,3130.0,CCCC
2023-06-16 15:53:00,3.385,3.39,3.375,3.385,2845.0,CCCC
2023-06-16 15:52:00,3.395,3.395,3.385,3.385,7884.0,CCCC
2023-06-16 15:51:00,3.39,3.39,3.385,3.39,1983.0,CCCC
2023-06-16 15:50:00,3.38,3.4,3.38,3.385,5354.0,CCCC
2023-06-16 15:49:00,3.38,3.38,3.36,3.38,29061.0,CCCC
2023-06-16 15:48:00,3.38,3.38,3.38,3.38,1394.0,CCCC
2023-06-16 15:47:00,3.38,3.38,3.38,3.38,638.0,CCCC
2023-06-16 15:46:00,3.39,3.39,3.385,3.385,3815.0,CCCC
2023-06-16 15:45:00,3.39,3.39,3.39,3.39,595.0,CCCC
2023-06-16 15:44:00,3.39,3.395,3.39,3.395,1776.0,CCCC
2023-06-16 15:43:00,3.39,3.395,3.39,3.39,613.0,CCCC
2023-06-16 15:42:00,3.4,3.4,3.39,3.39,9715.0,CCCC
2023-06-16 15:41:00,3.405,3.405,3.4,3.4,1380.0,CCCC
2023-06-16 15:40:00,3.405,3.405,3.4,3.405,1726.0,CCCC
2023-06-16 15:39:00,3.415,3.415,3.41,3.41,5045.0,CCCC
2023-06-16 15:38:00,3.415,3.415,3.41,3.415,2997.0,CCCC
2023-06-16 15:37:00,3.411,3.411,3.411,3.411,1117.0,CCCC
2023-06-16 15:36:00,3.415,3.415,3.41,3.415,1076.0,CCCC
2023-06-16 15:35:00,3.405,3.415,3.405,3.41,5420.0,CCCC
2023-06-16 15:34:00,3.405,3.405,3.405,3.405,269.0,CCCC
2023-06-16 15:33:00,3.405,3.405,3.405,3.405,1206.0,CCCC
2023-06-16 15:32:00,3.41,3.415,3.41,3.41,2116.0,CCCC
2023-06-16 15:31:00,3.415,3.415,3.41,3.41,1775.0,CCCC
2023-06-16 15:30:00,3.41,3.41,3.41,3.41,4403.0,CCCC
2023-06-16 15:29:00,3.41,3.41,3.4,3.4,1349.0,CCCC
2023-06-16 15:28:00,3.42,3.42,3.41,3.41,520.0,CCCC
2023-06-16 15:27:00,3.415,3.42,3.415,3.415,913.0,CCCC
2023-06-16 15:26:00,3.42,3.42,3.41,3.418,2804.0,CCCC
2023-06-16 15:25:00,3.42,3.42,3.42,3.42,3832.0,CCCC
2023-06-16 15:24:00,3.42,3.425,3.42,3.425,1600.0,CCCC
2023-06-16 15:23:00,3.425,3.43,3.425,3.425,1593.0,CCCC
2023-06-16 15:22:00,3.425,3.425,3.42,3.42,200.0,CCCC
2023-06-16 15:21:00,3.43,3.43,3.42,3.425,2256.0,CCCC
2023-06-16 15:20:00,3.41,3.42,3.41,3.42,8672.0,CCCC
2023-06-16 15:19:00,3.41,3.41,3.41,3.41,218.0,CCCC
2023-06-16 15:18:00,3.41,3.415,3.41,3.41,1914.0,CCCC
2023-06-16 15:17:00,3.415,3.415,3.415,3.415,1038.0,CCCC
2023-06-16 15:16:00,3.41,3.41,3.41,3.41,300.0,CCCC
2023-06-16 15:15:00,3.41,3.411,3.41,3.41,6040.0,CCCC
2023-06-16 15:14:00,3.41,3.41,3.41,3.41,496.0,CCCC
2023-06-16 15:13:00,3.415,3.415,3.415,3.415,232.0,CCCC
2023-06-16 15:12:00,3.41,3.41,3.41,3.41,1300.0,CCCC
2023-06-16 15:11:00,3.42,3.42,3.415,3.415,330.0,CCCC
2023-06-16 15:09:00,3.415,3.425,3.415,3.42,3854.0,CCCC
2023-06-16 15:08:00,3.43,3.43,3.41,3.41,4141.0,CCCC
2023-06-16 15:07:00,3.429,3.43,3.425,3.43,6532.0,CCCC
2023-06-16 15:06:00,3.425,3.425,3.42,3.425,1543.0,CCCC
2023-06-16 15:05:00,3.43,3.43,3.425,3.425,306.0,CCCC
2023-06-16 15:03:00,3.425,3.425,3.42,3.42,319.0,CCCC
2023-06-16 15:02:00,3.425,3.425,3.425,3.425,494.0,CCCC
2023-06-16 15:01:00,3.425,3.425,3.425,3.425,201.0,CCCC
2023-06-16 15:00:00,3.43,3.43,3.425,3.425,2081.0,CCCC
2023-06-16 14:58:00,3.42,3.43,3.42,3.43,7072.0,CCCC
2023-06-16 14:57:00,3.42,3.42,3.42,3.42,639.0,CCCC
2023-06-16 14:56:00,3.42,3.42,3.42,3.42,100.0,CCCC
2023-06-16 14:55:00,3.425,3.425,3.42,3.425,806.0,CCCC
2023-06-16 14:54:00,3.42,3.42,3.42,3.42,1099.0,CCCC
2023-06-16 14:53:00,3.42,3.42,3.42,3.42,213.0,CCCC
2023-06-16 14:51:00,3.42,3.42,3.42,3.42,183.0,CCCC
2023-06-16 14:50:00,3.43,3.43,3.425,3.425,792.0,CCCC
2023-06-16 14:49:00,3.43,3.43,3.43,3.43,618.0,CCCC
2023-06-16 14:48:00,3.43,3.43,3.43,3.43,700.0,CCCC
2023-06-16 14:47:00,3.435,3.435,3.435,3.435,170.0,CCCC
2023-06-16 14:46:00,3.44,3.44,3.44,3.44,100.0,CCCC
2023-06-16 14:45:00,3.43,3.43,3.43,3.43,1601.0,CCCC
2023-06-16 14:43:00,3.44,3.44,3.435,3.435,1516.0,CCCC
2023-06-16 14:39:00,3.435,3.44,3.435,3.44,2602.0,CCCC
2023-06-16 14:38:00,3.44,3.44,3.435,3.435,5150.0,CCCC
2023-06-16 14:37:00,3.43,3.435,3.43,3.435,380.0,CCCC
2023-06-16 14:35:00,3.43,3.435,3.43,3.43,700.0,CCCC
2023-06-16 14:34:00,3.435,3.435,3.435,3.435,702.0,CCCC
2023-06-16 14:32:00,3.44,3.44,3.435,3.435,1594.0,CCCC
2023-06-16 14:31:00,3.44,3.44,3.44,3.44,200.0,CCCC
2023-06-16 14:29:00,3.44,3.44,3.435,3.44,5882.0,CCCC
2023-06-16 14:28:00,3.44,3.44,3.44,3.44,495.0,CCCC
2023-06-16 14:27:00,3.44,3.45,3.44,3.44,500.0,CCCC
2023-06-16 14:26:00,3.44,3.44,3.44,3.44,507.0,CCCC
2023-06-16 14:25:00,3.44,3.445,3.44,3.445,697.0,CCCC
2023-06-16 14:24:00,3.44,3.44,3.44,3.44,385.0,CCCC
2023-06-16 14:23:00,3.44,3.44,3.44,3.44,400.0,CCCC
2023-06-16 14:22:00,3.445,3.445,3.44,3.44,883.0,CCCC
2023-06-16 14:21:00,3.44,3.44,3.44,3.44,500.0,CCCC
2023-06-16 14:20:00,3.44,3.44,3.44,3.44,322.0,CCCC
2023-06-16 14:19:00,3.44,3.44,3.44,3.44,100.0,CCCC
2023-06-16 14:18:00,3.44,3.44,3.44,3.44,491.0,CCCC
2023-06-16 14:17:00,3.44,3.44,3.44,3.44,300.0,CCCC
2023-06-16 14:16:00,3.45,3.45,3.445,3.45,3977.0,CCCC
2023-06-16 14:15:00,3.455,3.455,3.45,3.45,300.0,CCCC
2023-06-16 14:10:00,3.455,3.455,3.45,3.455,1022.0,CCCC
2023-06-16 14:08:00,3.455,3.459,3.455,3.459,600.0,CCCC
2023-06-16 14:07:00,3.455,3.455,3.455,3.455,204.0,CCCC
2023-06-16 14:06:00,3.45,3.455,3.45,3.455,220.0,CCCC
2023-06-16 14:05:00,3.44,3.455,3.44,3.45,4283.0,CCCC
2023-06-16 14:04:00,3.435,3.435,3.435,3.435,100.0,CCCC
2023-06-16 14:02:00,3.435,3.435,3.435,3.435,487.0,CCCC
2023-06-16 14:01:00,3.43,3.43,3.43,3.43,300.0,CCCC
2023-06-16 13:59:00,3.41,3.43,3.41,3.43,6839.0,CCCC
2023-06-16 13:56:00,3.42,3.42,3.42,3.42,1048.0,CCCC
2023-06-16 13:55:00,3.42,3.42,3.42,3.42,521.0,CCCC
2023-06-16 13:54:00,3.425,3.425,3.42,3.42,300.0,CCCC
2023-06-16 13:53:00,3.425,3.425,3.425,3.425,100.0,CCCC
2023-06-16 13:52:00,3.43,3.43,3.425,3.425,726.0,CCCC
2023-06-16 13:51:00,3.43,3.43,3.43,3.43,300.0,CCCC
2023-06-16 13:50:00,3.43,3.43,3.43,3.43,300.0,CCCC
2023-06-16 13:49:00,3.43,3.435,3.425,3.435,4279.0,CCCC
2023-06-16 13:48:00,3.43,3.43,3.43,3.43,172.0,CCCC
2023-06-16 13:47:00,3.43,3.43,3.43,3.43,661.0,CCCC
2023-06-16 13:46:00,3.44,3.44,3.43,3.43,950.0,CCCC
2023-06-16 13:45:00,3.44,3.44,3.44,3.44,706.0,CCCC
2023-06-16 13:44:00,3.445,3.45,3.44,3.44,1632.0,CCCC
2023-06-16 13:43:00,3.44,3.44,3.44,3.44,208.0,CCCC
2023-06-16 13:42:00,3.44,3.44,3.44,3.44,772.0,CCCC
2023-06-16 13:41:00,3.44,3.44,3.44,3.44,271.0,CCCC
2023-06-16 13:40:00,3.44,3.44,3.44,3.44,201.0,CCCC
2023-06-16 13:39:00,3.44,3.44,3.44,3.44,606.0,CCCC
2023-06-16 13:38:00,3.44,3.445,3.44,3.445,203.0,CCCC
2023-06-16 13:37:00,3.44,3.44,3.44,3.44,600.0,CCCC
2023-06-16 13:36:00,3.44,3.44,3.44,3.44,600.0,CCCC
2023-06-16 13:35:00,3.445,3.445,3.445,3.445,558.0,CCCC
2023-06-16 13:34:00,3.445,3.445,3.44,3.44,300.0,CCCC
2023-06-16 13:32:00,3.44,3.44,3.44,3.44,400.0,CCCC
2023-06-16 13:31:00,3.44,3.44,3.44,3.44,685.0,CCCC
2023-06-16 13:30:00,3.44,3.44,3.44,3.44,2064.0,CCCC
2023-06-16 13:29:00,3.44,3.44,3.44,3.44,200.0,CCCC
2023-06-16 13:28:00,3.44,3.44,3.44,3.44,509.0,CCCC
2023-06-16 13:27:00,3.45,3.45,3.44,3.44,344.0,CCCC
2023-06-16 13:26:00,3.45,3.455,3.45,3.455,763.0,CCCC
2023-06-16 13:25:00,3.45,3.45,3.45,3.45,687.0,CCCC
2023-06-16 13:23:00,3.45,3.45,3.45,3.45,300.0,CCCC
2023-06-16 13:22:00,3.45,3.45,3.45,3.45,400.0,CCCC
2023-06-16 13:21:00,3.45,3.45,3.45,3.45,200.0,CCCC
2023-06-16 13:20:00,3.45,3.45,3.45,3.45,200.0,CCCC
2023-06-16 13:19:00,3.45,3.45,3.45,3.45,200.0,CCCC
2023-06-16 13:18:00,3.45,3.455,3.445,3.45,2342.0,CCCC
2023-06-16 13:17:00,3.45,3.45,3.45,3.45,200.0,CCCC
2023-06-16 13:16:00,3.46,3.46,3.45,3.45,1847.0,CCCC
2023-06-16 13:15:00,3.46,3.46,3.46,3.46,300.0,CCCC
2023-06-16 13:14:00,3.46,3.46,3.46,3.46,315.0,CCCC
2023-06-16 13:13:00,3.46,3.46,3.46,3.46,200.0,CCCC
2023-06-16 13:12:00,3.46,3.465,3.46,3.46,408.0,CCCC
2023-06-16 13:11:00,3.46,3.46,3.46,3.46,300.0,CCCC
2023-06-16 13:10:00,3.46,3.46,3.46,3.46,200.0,CCCC
2023-06-16 13:09:00,3.46,3.46,3.455,3.46,1862.0,CCCC
2023-06-16 13:08:00,3.46,3.46,3.46,3.46,400.0,CCCC
2023-06-16 13:07:00,3.46,3.46,3.46,3.46,301.0,CCCC
2023-06-16 13:06:00,3.46,3.46,3.46,3.46,200.0,CCCC
2023-06-16 13:05:00,3.468,3.468,3.46,3.46,363.0,CCCC
2023-06-16 13:04:00,3.47,3.47,3.47,3.47,1913.0,CCCC
2023-06-16 13:03:00,3.48,3.48,3.47,3.47,759.0,CCCC
2023-06-16 13:02:00,3.495,3.495,3.48,3.48,1723.0,CCCC
2023-06-16 13:01:00,3.495,3.495,3.495,3.495,647.0,CCCC
2023-06-16 13:00:00,3.49,3.495,3.49,3.495,654.0,CCCC
2023-06-16 12:59:00,3.495,3.495,3.495,3.495,200.0,CCCC
2023-06-16 12:57:00,3.495,3.495,3.495,3.495,100.0,CCCC
2023-06-16 12:56:00,3.495,3.495,3.495,3.495,100.0,CCCC
2023-06-16 12:54:00,3.495,3.495,3.495,3.495,100.0,CCCC
2023-06-16 12:53:00,3.485,3.49,3.485,3.49,4990.0,CCCC
2023-06-16 12:52:00,3.48,3.48,3.48,3.48,614.0,CCCC
2023-06-16 12:51:00,3.48,3.48,3.48,3.48,645.0,CCCC
2023-06-16 12:46:00,3.48,3.48,3.48,3.48,600.0,CCCC
2023-06-16 12:44:00,3.48,3.48,3.48,3.48,100.0,CCCC
2023-06-16 12:43:00,3.48,3.49,3.475,3.48,3417.0,CCCC
2023-06-16 12:41:00,3.48,3.48,3.48,3.48,691.0,CCCC
2023-06-16 12:40:00,3.495,3.495,3.49,3.49,955.0,CCCC
2023-06-16 12:39:00,3.49,3.49,3.49,3.49,886.0,CCCC
2023-06-16 12:38:00,3.5,3.5,3.5,3.5,911.0,CCCC
2023-06-16 12:37:00,3.505,3.505,3.5,3.5,600.0,CCCC
2023-06-16 12:35:00,3.52,3.52,3.505,3.51,1488.0,CCCC
2023-06-16 12:33:00,3.515,3.515,3.515,3.515,238.0,CCCC
2023-06-16 12:32:00,3.515,3.515,3.515,3.515,100.0,CCCC
2023-06-16 12:31:00,3.52,3.52,3.52,3.52,219.0,CCCC
2023-06-16 12:30:00,3.515,3.515,3.515,3.515,200.0,CCCC
2023-06-16 12:29:00,3.515,3.515,3.515,3.515,142.0,CCCC
2023-06-16 12:28:00,3.505,3.51,3.505,3.51,4649.0,CCCC
2023-06-16 12:27:00,3.505,3.505,3.505,3.505,257.0,CCCC
2023-06-16 12:26:00,3.505,3.505,3.505,3.505,100.0,CCCC
2023-06-16 12:25:00,3.505,3.51,3.505,3.505,300.0,CCCC
2023-06-16 12:24:00,3.503,3.503,3.5,3.5,200.0,CCCC
2023-06-16 12:23:00,3.51,3.51,3.505,3.505,202.0,CCCC
2023-06-16 12:22:00,3.51,3.51,3.51,3.51,100.0,CCCC
2023-06-16 12:21:00,3.51,3.51,3.505,3.505,513.0,CCCC
2023-06-16 12:20:00,3.5,3.51,3.5,3.51,3039.0,CCCC
2023-06-16 12:19:00,3.505,3.505,3.505,3.505,460.0,CCCC
2023-06-16 12:17:00,3.51,3.51,3.5,3.5,449.0,CCCC
2023-06-16 12:16:00,3.505,3.505,3.505,3.505,101.0,CCCC
2023-06-16 12:13:00,3.505,3.505,3.505,3.505,100.0,CCCC
2023-06-16 12:12:00,3.505,3.505,3.505,3.505,100.0,CCCC
2023-06-16 12:10:00,3.49,3.5,3.485,3.5,3424.0,CCCC
2023-06-16 12:09:00,3.49,3.49,3.49,3.49,100.0,CCCC
2023-06-16 12:08:00,3.495,3.495,3.495,3.495,754.0,CCCC
2023-06-16 12:07:00,3.5,3.5,3.495,3.495,1046.0,CCCC
2023-06-16 12:05:00,3.505,3.505,3.505,3.505,200.0,CCCC
2023-06-16 12:00:00,3.505,3.505,3.505,3.505,102.0,CCCC
2023-06-16 11:59:00,3.505,3.505,3.505,3.505,508.0,CCCC
2023-06-16 11:58:00,3.505,3.505,3.505,3.505,200.0,CCCC
2023-06-16 11:57:00,3.508,3.508,3.505,3.505,301.0,CCCC
2023-06-16 11:56:00,3.505,3.515,3.505,3.51,3329.0,CCCC
2023-06-16 11:53:00,3.505,3.505,3.5,3.5,400.0,CCCC
2023-06-16 11:52:00,3.51,3.51,3.505,3.505,683.0,CCCC
2023-06-16 11:51:00,3.509,3.509,3.509,3.509,1020.0,CCCC
2023-06-16 11:50:00,3.51,3.51,3.5,3.5,1420.0,CCCC
2023-06-16 11:49:00,3.5,3.51,3.5,3.51,1303.0,CCCC
2023-06-16 11:47:00,3.5,3.5,3.495,3.495,6150.0,CCCC
2023-06-16 11:45:00,3.5,3.5,3.5,3.5,394.0,CCCC
2023-06-16 11:44:00,3.517,3.517,3.51,3.51,3810.0,CCCC
2023-06-16 11:41:00,3.53,3.53,3.515,3.515,1032.0,CCCC
2023-06-16 11:40:00,3.525,3.525,3.525,3.525,100.0,CCCC
2023-06-16 11:38:00,3.52,3.52,3.52,3.52,100.0,CCCC
2023-06-16 11:32:00,3.53,3.53,3.52,3.52,926.0,CCCC
2023-06-16 11:30:00,3.54,3.54,3.54,3.54,233.0,CCCC
2023-06-16 11:29:00,3.53,3.53,3.53,3.53,1671.0,CCCC
2023-06-16 11:28:00,3.515,3.52,3.515,3.52,2047.0,CCCC
2023-06-16 11:27:00,3.52,3.52,3.514,3.514,1115.0,CCCC
2023-06-16 11:26:00,3.52,3.52,3.52,3.52,428.0,CCCC
2023-06-16 11:23:00,3.52,3.52,3.52,3.52,100.0,CCCC
2023-06-16 11:22:00,3.529,3.529,3.529,3.529,103.0,CCCC
2023-06-16 11:21:00,3.53,3.53,3.525,3.525,1906.0,CCCC
2023-06-16 11:17:00,3.55,3.55,3.535,3.535,1809.0,CCCC
2023-06-16 11:16:00,3.54,3.54,3.54,3.54,100.0,CCCC
2023-06-16 11:15:00,3.55,3.55,3.545,3.55,407.0,CCCC
2023-06-16 11:13:00,3.55,3.55,3.549,3.549,439.0,CCCC
2023-06-16 11:12:00,3.55,3.55,3.55,3.55,133.0,CCCC
2023-06-16 11:11:00,3.55,3.55,3.55,3.55,268.0,CCCC
2023-06-16 11:09:00,3.54,3.54,3.54,3.54,1516.0,CCCC
2023-06-16 11:07:00,3.54,3.54,3.535,3.535,506.0,CCCC
2023-06-16 11:06:00,3.54,3.54,3.53,3.53,2767.0,CCCC
2023-06-16 11:05:00,3.55,3.55,3.54,3.54,200.0,CCCC
2023-06-16 11:03:00,3.55,3.55,3.55,3.55,266.0,CCCC
2023-06-16 11:02:00,3.545,3.55,3.545,3.55,1929.0,CCCC
2023-06-16 10:58:00,3.54,3.54,3.54,3.54,714.0,CCCC
2023-06-16 10:55:00,3.54,3.54,3.54,3.54,744.0,CCCC
2023-06-16 10:54:00,3.54,3.545,3.535,3.545,2086.0,CCCC
2023-06-16 10:52:00,3.545,3.545,3.545,3.545,600.0,CCCC
2023-06-16 10:51:00,3.545,3.545,3.545,3.545,100.0,CCCC
2023-06-16 10:50:00,3.55,3.55,3.55,3.55,182.0,CCCC
2023-06-16 10:49:00,3.56,3.56,3.56,3.56,465.0,CCCC
2023-06-16 10:48:00,3.56,3.56,3.56,3.56,134.0,CCCC
2023-06-16 10:47:00,3.57,3.57,3.57,3.57,916.0,CCCC
2023-06-16 10:45:00,3.57,3.57,3.565,3.57,1717.0,CCCC
2023-06-16 10:43:00,3.57,3.575,3.57,3.575,220.0,CCCC
2023-06-16 10:42:00,3.57,3.57,3.57,3.57,100.0,CCCC
2023-06-16 10:41:00,3.6,3.6,3.58,3.58,2408.0,CCCC
2023-06-16 10:39:00,3.61,3.61,3.61,3.61,333.0,CCCC
2023-06-16 10:37:00,3.6,3.607,3.6,3.607,693.0,CCCC
2023-06-16 10:36:00,3.59,3.59,3.59,3.59,891.0,CCCC
2023-06-16 10:35:00,3.58,3.58,3.57,3.58,3928.0,CCCC
2023-06-16 10:34:00,3.561,3.57,3.561,3.57,1041.0,CCCC
2023-06-16 10:33:00,3.57,3.57,3.57,3.57,121.0,CCCC
2023-06-16 10:32:00,3.57,3.57,3.57,3.57,487.0,CCCC
2023-06-16 10:30:00,3.57,3.57,3.57,3.57,114.0,CCCC
2023-06-16 10:29:00,3.57,3.57,3.57,3.57,113.0,CCCC
2023-06-16 10:26:00,3.57,3.57,3.57,3.57,100.0,CCCC
2023-06-16 10:25:00,3.59,3.59,3.58,3.58,2006.0,CCCC
2023-06-16 10:24:00,3.59,3.59,3.59,3.59,485.0,CCCC
2023-06-16 10:23:00,3.59,3.59,3.59,3.59,395.0,CCCC
2023-06-16 10:22:00,3.58,3.58,3.58,3.58,1278.0,CCCC
2023-06-16 10:21:00,3.565,3.58,3.565,3.58,669.0,CCCC
2023-06-16 10:19:00,3.58,3.58,3.58,3.58,398.0,CCCC
2023-06-16 10:18:00,3.58,3.58,3.58,3.58,2737.0,CCCC
2023-06-16 10:17:00,3.58,3.585,3.58,3.585,553.0,CCCC
2023-06-16 10:14:00,3.6,3.6,3.59,3.59,1417.0,CCCC
2023-06-16 10:13:00,3.62,3.62,3.62,3.62,277.0,CCCC
2023-06-16 10:12:00,3.605,3.62,3.605,3.62,207.0,CCCC
2023-06-16 10:11:00,3.605,3.605,3.605,3.605,210.0,CCCC
2023-06-16 10:10:00,3.59,3.6,3.59,3.6,787.0,CCCC
2023-06-16 10:09:00,3.58,3.585,3.58,3.585,1347.0,CCCC
2023-06-16 10:08:00,3.575,3.575,3.575,3.575,252.0,CCCC
2023-06-16 10:07:00,3.585,3.585,3.58,3.58,471.0,CCCC
2023-06-16 10:06:00,3.605,3.605,3.585,3.585,1723.0,CCCC
2023-06-16 10:05:00,3.61,3.61,3.605,3.605,222.0,CCCC
2023-06-16 10:03:00,3.62,3.62,3.62,3.62,109.0,CCCC
2023-06-16 10:02:00,3.58,3.61,3.58,3.61,968.0,CCCC
2023-06-16 10:01:00,3.58,3.58,3.58,3.58,191.0,CCCC
2023-06-16 10:00:00,3.56,3.56,3.56,3.56,973.0,CCCC
2023-06-16 09:58:00,3.55,3.55,3.55,3.55,724.0,CCCC
2023-06-16 09:57:00,3.555,3.555,3.55,3.55,954.0,CCCC
2023-06-16 09:56:00,3.55,3.55,3.55,3.55,1425.0,CCCC
2023-06-16 09:55:00,3.55,3.55,3.54,3.54,272.0,CCCC
2023-06-16 09:54:00,3.54,3.54,3.54,3.54,105.0,CCCC
2023-06-16 09:52:00,3.54,3.55,3.54,3.549,1436.0,CCCC
2023-06-16 09:50:00,3.54,3.55,3.54,3.54,1325.0,CCCC
2023-06-16 09:47:00,3.54,3.54,3.525,3.525,1671.0,CCCC
2023-06-16 09:46:00,3.525,3.53,3.525,3.53,918.0,CCCC
2023-06-16 09:45:00,3.52,3.53,3.515,3.53,3333.0,CCCC
2023-06-16 09:44:00,3.54,3.54,3.53,3.53,811.0,CCCC
2023-06-16 09:43:00,3.57,3.57,3.57,3.57,159.0,CCCC
2023-06-16 09:42:00,3.58,3.58,3.57,3.57,4100.0,CCCC
2023-06-16 09:40:00,3.61,3.61,3.61,3.61,1515.0,CCCC
2023-06-16 09:39:00,3.6,3.61,3.6,3.61,1655.0,CCCC
2023-06-16 09:38:00,3.585,3.59,3.585,3.59,2226.0,CCCC
2023-06-16 09:37:00,3.58,3.58,3.58,3.58,427.0,CCCC
2023-06-16 09:36:00,3.56,3.575,3.55,3.575,3157.0,CCCC
2023-06-16 09:35:00,3.59,3.59,3.59,3.59,372.0,CCCC
2023-06-16 09:32:00,3.64,3.64,3.56,3.59,3304.0,CCCC
2023-06-16 09:30:00,3.68,3.699,3.68,3.699,56523.0,CCCC
2023-06-16 09:13:00,3.61,3.61,3.61,3.61,4.0,CCCC
2023-06-15 18:02:00,3.66,3.66,3.66,3.66,2.0,CCCC
2023-06-15 17:14:00,3.67,3.67,3.67,3.67,13.0,CCCC
2023-06-15 16:04:00,3.61,3.61,3.61,3.61,12350.0,CCCC
2023-06-15 16:02:00,3.61,3.61,3.61,3.61,4030.0,CCCC
2023-06-15 16:00:00,3.61,3.62,3.61,3.61,75870.0,CCCC
2023-06-15 15:59:00,3.615,3.62,3.61,3.62,5040.0,CCCC
2023-06-15 15:58:00,3.61,3.615,3.61,3.61,1476.0,CCCC
2023-06-15 15:57:00,3.615,3.62,3.61,3.61,1964.0,CCCC
2023-06-15 15:56:00,3.615,3.615,3.61,3.61,1211.0,CCCC
2023-06-15 15:55:00,3.625,3.625,3.615,3.615,3782.0,CCCC
2023-06-15 15:54:00,3.625,3.625,3.62,3.625,605.0,CCCC
2023-06-15 15:53:00,3.63,3.63,3.62,3.625,3047.0,CCCC
2023-06-15 15:52:00,3.63,3.63,3.625,3.625,1506.0,CCCC
2023-06-15 15:51:00,3.625,3.63,3.625,3.625,2213.0,CCCC
2023-06-15 15:50:00,3.63,3.63,3.63,3.63,261.0,CCCC
2023-06-15 15:49:00,3.625,3.63,3.625,3.63,707.0,CCCC
2023-06-15 15:48:00,3.62,3.63,3.615,3.63,4599.0,CCCC
2023-06-15 15:47:00,3.62,3.62,3.61,3.615,834.0,CCCC
2023-06-15 15:46:00,3.615,3.615,3.615,3.615,312.0,CCCC
2023-06-15 15:45:00,3.62,3.62,3.612,3.615,1855.0,CCCC
2023-06-15 15:44:00,3.615,3.615,3.61,3.615,4211.0,CCCC
2023-06-15 15:43:00,3.61,3.615,3.61,3.61,401.0,CCCC
2023-06-15 15:42:00,3.62,3.62,3.615,3.62,400.0,CCCC
2023-06-15 15:41:00,3.61,3.61,3.61,3.61,108.0,CCCC
2023-06-15 15:40:00,3.61,3.615,3.61,3.615,781.0,CCCC
2023-06-15 15:38:00,3.61,3.615,3.61,3.615,2680.0,CCCC
2023-06-15 15:37:00,3.605,3.605,3.602,3.605,694.0,CCCC
2023-06-15 15:36:00,3.61,3.61,3.605,3.605,574.0,CCCC
2023-06-15 15:34:00,3.615,3.615,3.615,3.615,309.0,CCCC
2023-06-15 15:33:00,3.62,3.625,3.615,3.615,1599.0,CCCC
2023-06-15 15:32:00,3.625,3.628,3.62,3.62,438.0,CCCC
2023-06-15 15:31:00,3.625,3.625,3.625,3.625,112.0,CCCC
2023-06-15 15:30:00,3.615,3.62,3.615,3.62,1326.0,CCCC
2023-06-15 15:29:00,3.61,3.615,3.61,3.61,3329.0,CCCC
2023-06-15 15:28:00,3.61,3.61,3.605,3.605,1587.0,CCCC
2023-06-15 15:27:00,3.615,3.615,3.615,3.615,300.0,CCCC
2023-06-15 15:26:00,3.61,3.62,3.61,3.62,3797.0,CCCC
2023-06-15 15:25:00,3.62,3.62,3.61,3.61,2517.0,CCCC
2023-06-15 15:24:00,3.625,3.625,3.625,3.625,292.0,CCCC
2023-06-15 15:23:00,3.625,3.625,3.625,3.625,401.0,CCCC
2023-06-15 15:22:00,3.625,3.625,3.625,3.625,284.0,CCCC
2023-06-15 15:21:00,3.625,3.635,3.625,3.63,2617.0,CCCC
2023-06-15 15:20:00,3.63,3.63,3.625,3.625,548.0,CCCC
2023-06-15 15:19:00,3.64,3.64,3.63,3.63,720.0,CCCC
2023-06-15 15:18:00,3.645,3.645,3.645,3.645,104.0,CCCC
2023-06-15 15:17:00,3.66,3.66,3.645,3.645,1389.0,CCCC
2023-06-15 15:16:00,3.65,3.65,3.65,3.65,123.0,CCCC
2023-06-15 15:15:00,3.655,3.66,3.655,3.655,890.0,CCCC
2023-06-15 15:14:00,3.66,3.66,3.655,3.66,737.0,CCCC
2023-06-15 15:13:00,3.655,3.655,3.655,3.655,437.0,CCCC
2023-06-15 15:12:00,3.655,3.655,3.655,3.655,301.0,CCCC
2023-06-15 15:11:00,3.645,3.655,3.645,3.655,3089.0,CCCC
2023-06-15 15:10:00,3.64,3.645,3.64,3.645,494.0,CCCC
2023-06-15 15:09:00,3.648,3.648,3.64,3.645,587.0,CCCC
2023-06-15 15:08:00,3.645,3.645,3.645,3.645,110.0,CCCC
2023-06-15 15:07:00,3.645,3.645,3.64,3.64,252.0,CCCC
2023-06-15 15:06:00,3.645,3.645,3.645,3.645,200.0,CCCC
2023-06-15 15:05:00,3.645,3.65,3.645,3.645,1378.0,CCCC
2023-06-15 15:04:00,3.645,3.645,3.645,3.645,200.0,CCCC
2023-06-15 15:03:00,3.65,3.655,3.645,3.645,2831.0,CCCC
2023-06-15 15:02:00,3.64,3.642,3.64,3.64,3129.0,CCCC
2023-06-15 15:01:00,3.65,3.65,3.65,3.65,889.0,CCCC
2023-06-15 15:00:00,3.655,3.655,3.655,3.655,200.0,CCCC
2023-06-15 14:59:00,3.665,3.665,3.66,3.66,1076.0,CCCC
2023-06-15 14:58:00,3.67,3.67,3.66,3.66,2247.0,CCCC
2023-06-15 14:57:00,3.67,3.675,3.67,3.67,1394.0,CCCC
2023-06-15 14:55:00,3.68,3.68,3.675,3.675,687.0,CCCC
2023-06-15 14:54:00,3.685,3.685,3.685,3.685,169.0,CCCC
2023-06-15 14:53:00,3.69,3.69,3.685,3.685,756.0,CCCC
2023-06-15 14:52:00,3.695,3.695,3.695,3.695,345.0,CCCC
2023-06-15 14:50:00,3.695,3.695,3.695,3.695,100.0,CCCC
2023-06-15 14:49:00,3.695,3.7,3.695,3.7,1807.0,CCCC
2023-06-15 14:48:00,3.695,3.695,3.695,3.695,205.0,CCCC
2023-06-15 14:47:00,3.695,3.695,3.695,3.695,200.0,CCCC
2023-06-15 14:45:00,3.72,3.72,3.705,3.705,4931.0,CCCC
2023-06-15 14:44:00,3.715,3.725,3.715,3.725,1300.0,CCCC
2023-06-15 14:43:00,3.715,3.715,3.715,3.715,936.0,CCCC
2023-06-15 14:42:00,3.705,3.72,3.705,3.715,5601.0,CCCC
2023-06-15 14:41:00,3.705,3.71,3.705,3.71,411.0,CCCC
2023-06-15 14:40:00,3.705,3.71,3.705,3.71,500.0,CCCC
2023-06-15 14:39:00,3.705,3.71,3.705,3.71,717.0,CCCC
2023-06-15 14:38:00,3.708,3.708,3.705,3.705,300.0,CCCC
2023-06-15 14:37:00,3.7,3.705,3.7,3.705,1766.0,CCCC
2023-06-15 14:36:00,3.697,3.7,3.697,3.7,3100.0,CCCC
2023-06-15 14:35:00,3.695,3.7,3.695,3.695,300.0,CCCC
2023-06-15 14:34:00,3.685,3.695,3.685,3.695,1972.0,CCCC
2023-06-15 14:33:00,3.69,3.69,3.69,3.69,201.0,CCCC
2023-06-15 14:32:00,3.68,3.685,3.68,3.685,817.0,CCCC
2023-06-15 14:31:00,3.67,3.68,3.67,3.675,1532.0,CCCC
2023-06-15 14:30:00,3.67,3.67,3.67,3.67,201.0,CCCC
2023-06-15 14:29:00,3.66,3.665,3.66,3.665,1800.0,CCCC
2023-06-15 14:28:00,3.66,3.66,3.655,3.655,676.0,CCCC
2023-06-15 14:26:00,3.66,3.66,3.66,3.66,303.0,CCCC
2023-06-15 14:25:00,3.65,3.655,3.65,3.655,788.0,CCCC
2023-06-15 14:24:00,3.65,3.65,3.645,3.645,566.0,CCCC
2023-06-15 14:23:00,3.645,3.645,3.645,3.645,300.0,CCCC
2023-06-15 14:22:00,3.635,3.648,3.635,3.648,928.0,CCCC
2023-06-15 14:21:00,3.635,3.64,3.635,3.64,802.0,CCCC
2023-06-15 14:19:00,3.62,3.635,3.62,3.635,2107.0,CCCC
2023-06-15 14:18:00,3.615,3.615,3.615,3.615,163.0,CCCC
2023-06-15 14:17:00,3.61,3.615,3.61,3.615,1358.0,CCCC
2023-06-15 14:16:00,3.61,3.61,3.602,3.605,886.0,CCCC
2023-06-15 14:15:00,3.63,3.63,3.615,3.615,5189.0,CCCC
2023-06-15 14:14:00,3.64,3.64,3.635,3.635,757.0,CCCC
2023-06-15 14:13:00,3.63,3.63,3.63,3.63,105.0,CCCC
2023-06-15 14:12:00,3.635,3.64,3.635,3.64,200.0,CCCC
2023-06-15 14:11:00,3.635,3.635,3.635,3.635,362.0,CCCC
2023-06-15 14:10:00,3.635,3.635,3.635,3.635,301.0,CCCC
2023-06-15 14:08:00,3.63,3.63,3.63,3.63,275.0,CCCC
2023-06-15 14:05:00,3.635,3.635,3.635,3.635,100.0,CCCC
2023-06-15 14:04:00,3.635,3.635,3.635,3.635,420.0,CCCC
2023-06-15 14:03:00,3.635,3.635,3.635,3.635,257.0,CCCC
2023-06-15 14:02:00,3.635,3.635,3.635,3.635,300.0,CCCC
2023-06-15 14:01:00,3.63,3.63,3.63,3.63,288.0,CCCC
2023-06-15 14:00:00,3.62,3.64,3.615,3.63,13655.0,CCCC
2023-06-15 13:59:00,3.615,3.62,3.615,3.62,211.0,CCCC
2023-06-15 13:58:00,3.615,3.62,3.615,3.615,523.0,CCCC
2023-06-15 13:57:00,3.615,3.62,3.611,3.611,578.0,CCCC
2023-06-15 13:56:00,3.615,3.615,3.615,3.615,255.0,CCCC
2023-06-15 13:55:00,3.615,3.615,3.615,3.615,200.0,CCCC
2023-06-15 13:54:00,3.62,3.62,3.62,3.62,100.0,CCCC
2023-06-15 13:52:00,3.61,3.61,3.61,3.61,1355.0,CCCC
2023-06-15 13:51:00,3.61,3.61,3.605,3.605,600.0,CCCC
2023-06-15 13:49:00,3.611,3.611,3.61,3.61,1485.0,CCCC
2023-06-15 13:48:00,3.615,3.615,3.615,3.615,117.0,CCCC
2023-06-15 13:46:00,3.615,3.615,3.615,3.615,100.0,CCCC
2023-06-15 13:45:00,3.605,3.61,3.605,3.61,1049.0,CCCC
2023-06-15 13:44:00,3.6,3.6,3.6,3.6,208.0,CCCC
2023-06-15 13:43:00,3.6,3.6,3.6,3.6,110.0,CCCC
2023-06-15 13:42:00,3.59,3.595,3.59,3.595,838.0,CCCC
2023-06-15 13:40:00,3.58,3.59,3.58,3.59,1223.0,CCCC
2023-06-15 13:39:00,3.58,3.58,3.58,3.58,100.0,CCCC
2023-06-15 13:37:00,3.57,3.57,3.57,3.57,200.0,CCCC
2023-06-15 13:35:00,3.58,3.58,3.575,3.575,1010.0,CCCC
2023-06-15 13:34:00,3.57,3.57,3.57,3.57,535.0,CCCC
2023-06-15 13:32:00,3.57,3.57,3.57,3.57,1009.0,CCCC
2023-06-15 13:30:00,3.57,3.57,3.57,3.57,992.0,CCCC
2023-06-15 13:29:00,3.56,3.565,3.56,3.565,1496.0,CCCC
2023-06-15 13:28:00,3.56,3.56,3.56,3.56,100.0,CCCC
2023-06-15 13:26:00,3.56,3.56,3.555,3.555,442.0,CCCC
2023-06-15 13:25:00,3.555,3.555,3.555,3.555,100.0,CCCC
2023-06-15 13:22:00,3.56,3.56,3.555,3.555,1008.0,CCCC
2023-06-15 13:21:00,3.55,3.56,3.55,3.56,1651.0,CCCC
2023-06-15 13:20:00,3.535,3.545,3.535,3.545,3719.0,CCCC
2023-06-15 13:19:00,3.535,3.535,3.53,3.535,5140.0,CCCC
2023-06-15 13:18:00,3.53,3.53,3.53,3.53,100.0,CCCC
2023-06-15 13:17:00,3.54,3.54,3.535,3.535,2078.0,CCCC
2023-06-15 13:14:00,3.545,3.545,3.545,3.545,125.0,CCCC
2023-06-15 13:12:00,3.54,3.54,3.54,3.54,100.0,CCCC
2023-06-15 13:06:00,3.545,3.545,3.545,3.545,100.0,CCCC
2023-06-15 13:05:00,3.545,3.545,3.545,3.545,126.0,CCCC
2023-06-15 13:04:00,3.55,3.55,3.55,3.55,1917.0,CCCC
2023-06-15 13:03:00,3.555,3.555,3.555,3.555,113.0,CCCC
2023-06-15 13:01:00,3.555,3.56,3.555,3.56,1084.0,CCCC
2023-06-15 13:00:00,3.54,3.555,3.54,3.555,6251.0,CCCC
2023-06-15 12:59:00,3.535,3.54,3.535,3.54,1736.0,CCCC
2023-06-15 12:58:00,3.535,3.535,3.535,3.535,1130.0,CCCC
2023-06-15 12:57:00,3.54,3.54,3.54,3.54,100.0,CCCC
2023-06-15 12:55:00,3.54,3.54,3.54,3.54,185.0,CCCC
2023-06-15 12:53:00,3.53,3.535,3.53,3.535,706.0,CCCC
2023-06-15 12:52:00,3.53,3.53,3.525,3.53,534.0,CCCC
2023-06-15 12:51:00,3.52,3.53,3.52,3.53,2949.0,CCCC
2023-06-15 12:50:00,3.515,3.52,3.515,3.52,530.0,CCCC
2023-06-15 12:48:00,3.5,3.515,3.5,3.515,2752.0,CCCC
2023-06-15 12:47:00,3.5,3.5,3.5,3.5,201.0,CCCC
2023-06-15 12:45:00,3.505,3.505,3.5,3.5,400.0,CCCC
2023-06-15 12:42:00,3.5,3.505,3.5,3.5,400.0,CCCC
2023-06-15 12:37:00,3.5,3.5,3.5,3.5,100.0,CCCC
2023-06-15 12:36:00,3.505,3.505,3.505,3.505,151.0,CCCC
2023-06-15 12:35:00,3.505,3.505,3.5,3.5,303.0,CCCC
2023-06-15 12:34:00,3.51,3.51,3.505,3.505,1951.0,CCCC
2023-06-15 12:33:00,3.52,3.52,3.52,3.52,100.0,CCCC
2023-06-15 12:30:00,3.515,3.52,3.515,3.52,2761.0,CCCC
2023-06-15 12:28:00,3.515,3.515,3.51,3.51,360.0,CCCC
2023-06-15 12:27:00,3.51,3.51,3.51,3.51,100.0,CCCC
2023-06-15 12:26:00,3.52,3.52,3.515,3.515,2027.0,CCCC
2023-06-15 12:25:00,3.52,3.525,3.52,3.525,225.0,CCCC
2023-06-15 12:21:00,3.525,3.525,3.525,3.525,400.0,CCCC
2023-06-15 12:18:00,3.525,3.525,3.525,3.525,100.0,CCCC
2023-06-15 12:17:00,3.52,3.52,3.52,3.52,426.0,CCCC
2023-06-15 12:16:00,3.52,3.52,3.52,3.52,100.0,CCCC
2023-06-15 12:14:00,3.525,3.525,3.525,3.525,207.0,CCCC
2023-06-15 12:13:00,3.515,3.52,3.515,3.52,2595.0,CCCC
2023-06-15 12:12:00,3.52,3.52,3.515,3.515,1384.0,CCCC
2023-06-15 12:10:00,3.52,3.53,3.52,3.525,525.0,CCCC
2023-06-15 12:08:00,3.525,3.53,3.525,3.53,1304.0,CCCC
2023-06-15 12:07:00,3.52,3.52,3.52,3.52,252.0,CCCC
2023-06-15 12:05:00,3.525,3.525,3.525,3.525,153.0,CCCC
2023-06-15 12:02:00,3.52,3.52,3.52,3.52,225.0,CCCC
2023-06-15 12:00:00,3.52,3.52,3.52,3.52,1243.0,CCCC
2023-06-15 11:58:00,3.51,3.51,3.51,3.51,125.0,CCCC
2023-06-15 11:57:00,3.515,3.515,3.515,3.515,100.0,CCCC
2023-06-15 11:56:00,3.505,3.51,3.505,3.51,1809.0,CCCC
2023-06-15 11:55:00,3.505,3.505,3.505,3.505,100.0,CCCC
2023-06-15 11:54:00,3.505,3.505,3.505,3.505,544.0,CCCC
2023-06-15 11:52:00,3.51,3.51,3.51,3.51,394.0,CCCC
2023-06-15 11:51:00,3.505,3.505,3.505,3.505,100.0,CCCC
2023-06-15 11:50:00,3.507,3.507,3.5,3.5,739.0,CCCC
2023-06-15 11:49:00,3.51,3.51,3.5,3.5,525.0,CCCC
2023-06-15 11:47:00,3.51,3.51,3.51,3.51,900.0,CCCC
2023-06-15 11:46:00,3.51,3.51,3.51,3.51,349.0,CCCC
2023-06-15 11:45:00,3.515,3.52,3.515,3.52,606.0,CCCC
2023-06-15 11:43:00,3.51,3.51,3.51,3.51,612.0,CCCC
2023-06-15 11:42:00,3.52,3.52,3.51,3.51,1606.0,CCCC
2023-06-15 11:41:00,3.53,3.53,3.525,3.53,1083.0,CCCC
2023-06-15 11:40:00,3.53,3.53,3.53,3.53,150.0,CCCC
2023-06-15 11:39:00,3.53,3.53,3.53,3.53,564.0,CCCC
2023-06-15 11:38:00,3.5,3.53,3.495,3.53,52764.0,CCCC
2023-06-15 11:36:00,3.49,3.49,3.485,3.49,1438.0,CCCC
2023-06-15 11:35:00,3.48,3.49,3.48,3.49,971.0,CCCC
2023-06-15 11:33:00,3.475,3.475,3.475,3.475,101.0,CCCC
2023-06-15 11:32:00,3.465,3.475,3.465,3.475,1825.0,CCCC
2023-06-15 11:30:00,3.46,3.46,3.46,3.46,441.0,CCCC
2023-06-15 11:29:00,3.47,3.47,3.47,3.47,197.0,CCCC
2023-06-15 11:27:00,3.46,3.46,3.46,3.46,200.0,CCCC
2023-06-15 11:26:00,3.465,3.465,3.46,3.46,200.0,CCCC
2023-06-15 11:23:00,3.47,3.47,3.465,3.465,202.0,CCCC
2023-06-15 11:22:00,3.45,3.46,3.45,3.46,2955.0,CCCC
2023-06-15 11:21:00,3.445,3.45,3.445,3.45,707.0,CCCC
2023-06-15 11:20:00,3.445,3.445,3.445,3.445,112.0,CCCC
2023-06-15 11:19:00,3.44,3.445,3.44,3.445,454.0,CCCC
2023-06-15 11:18:00,3.445,3.445,3.445,3.445,100.0,CCCC
2023-06-15 11:17:00,3.44,3.447,3.44,3.447,1452.0,CCCC
2023-06-15 11:15:00,3.44,3.44,3.435,3.435,251.0,CCCC
2023-06-15 11:14:00,3.435,3.435,3.435,3.435,301.0,CCCC
2023-06-15 11:13:00,3.435,3.44,3.435,3.44,602.0,CCCC
2023-06-15 11:12:00,3.435,3.435,3.435,3.435,326.0,CCCC
2023-06-15 11:11:00,3.435,3.435,3.435,3.435,149.0,CCCC
2023-06-15 11:10:00,3.435,3.435,3.435,3.435,132.0,CCCC
2023-06-15 11:09:00,3.43,3.43,3.43,3.43,200.0,CCCC
2023-06-15 11:07:00,3.435,3.435,3.435,3.435,255.0,CCCC
2023-06-15 11:05:00,3.425,3.43,3.425,3.425,6659.0,CCCC
2023-06-15 11:04:00,3.421,3.421,3.42,3.42,869.0,CCCC
2023-06-15 11:02:00,3.42,3.42,3.42,3.42,782.0,CCCC
2023-06-15 10:59:00,3.43,3.43,3.42,3.42,343.0,CCCC
2023-06-15 10:56:00,3.43,3.43,3.43,3.43,200.0,CCCC
2023-06-15 10:54:00,3.43,3.43,3.43,3.43,280.0,CCCC
2023-06-15 10:52:00,3.425,3.44,3.425,3.44,796.0,CCCC
2023-06-15 10:51:00,3.42,3.42,3.42,3.42,1345.0,CCCC
2023-06-15 10:50:00,3.43,3.43,3.42,3.42,1003.0,CCCC
2023-06-15 10:49:00,3.43,3.43,3.43,3.43,300.0,CCCC
2023-06-15 10:47:00,3.425,3.44,3.425,3.44,309.0,CCCC
2023-06-15 10:46:00,3.42,3.425,3.42,3.425,762.0,CCCC
2023-06-15 10:45:00,3.42,3.42,3.411,3.411,2321.0,CCCC
2023-06-15 10:44:00,3.41,3.41,3.41,3.41,500.0,CCCC
2023-06-15 10:43:00,3.41,3.41,3.405,3.41,1734.0,CCCC
2023-06-15 10:42:00,3.4,3.4,3.4,3.4,1353.0,CCCC
2023-06-15 10:41:00,3.39,3.4,3.39,3.4,2674.0,CCCC
2023-06-15 10:40:00,3.381,3.39,3.381,3.39,2422.0,CCCC
2023-06-15 10:39:00,3.385,3.385,3.38,3.38,374.0,CCCC
2023-06-15 10:38:00,3.39,3.39,3.385,3.385,1310.0,CCCC
2023-06-15 10:37:00,3.395,3.395,3.39,3.39,278.0,CCCC
2023-06-15 10:36:00,3.41,3.41,3.4,3.4,878.0,CCCC
2023-06-15 10:35:00,3.415,3.415,3.41,3.41,550.0,CCCC
2023-06-15 10:34:00,3.42,3.42,3.41,3.41,1353.0,CCCC
2023-06-15 10:33:00,3.43,3.43,3.43,3.43,952.0,CCCC
2023-06-15 10:32:00,3.435,3.435,3.435,3.435,100.0,CCCC
2023-06-15 10:31:00,3.44,3.44,3.432,3.432,200.0,CCCC
2023-06-15 10:30:00,3.435,3.435,3.435,3.435,333.0,CCCC
2023-06-15 10:29:00,3.435,3.435,3.435,3.435,200.0,CCCC
2023-06-15 10:27:00,3.44,3.44,3.43,3.44,1143.0,CCCC
2023-06-15 10:26:00,3.44,3.45,3.44,3.45,1540.0,CCCC
2023-06-15 10:25:00,3.44,3.44,3.44,3.44,100.0,CCCC
2023-06-15 10:24:00,3.44,3.44,3.44,3.44,200.0,CCCC
2023-06-15 10:22:00,3.45,3.45,3.45,3.45,1241.0,CCCC
2023-06-15 10:21:00,3.415,3.44,3.415,3.44,3029.0,CCCC
2023-06-15 10:20:00,3.415,3.418,3.405,3.418,3535.0,CCCC
2023-06-15 10:19:00,3.4,3.41,3.4,3.41,2769.0,CCCC
2023-06-15 10:18:00,3.405,3.405,3.395,3.395,1574.0,CCCC
2023-06-15 10:17:00,3.4,3.405,3.4,3.4,500.0,CCCC
2023-06-15 10:15:00,3.41,3.41,3.41,3.41,715.0,CCCC
2023-06-15 10:14:00,3.415,3.415,3.41,3.41,1243.0,CCCC
2023-06-15 10:13:00,3.41,3.41,3.41,3.41,3607.0,CCCC
2023-06-15 10:12:00,3.39,3.405,3.39,3.4,2887.0,CCCC
2023-06-15 10:11:00,3.4,3.4,3.39,3.39,1471.0,CCCC
2023-06-15 10:10:00,3.408,3.408,3.4,3.4,406.0,CCCC
2023-06-15 10:09:00,3.4,3.405,3.4,3.405,458.0,CCCC
2023-06-15 10:08:00,3.4,3.409,3.4,3.405,925.0,CCCC
2023-06-15 10:07:00,3.4,3.405,3.39,3.4,4988.0,CCCC
2023-06-15 10:06:00,3.415,3.415,3.4,3.4,1365.0,CCCC
2023-06-15 10:05:00,3.435,3.435,3.39,3.41,8800.0,CCCC
2023-06-15 10:04:00,3.44,3.44,3.43,3.43,1377.0,CCCC
2023-06-15 10:02:00,3.45,3.455,3.44,3.44,1278.0,CCCC
2023-06-15 10:01:00,3.46,3.46,3.445,3.445,1086.0,CCCC
2023-06-15 10:00:00,3.45,3.46,3.45,3.46,1877.0,CCCC
2023-06-15 09:59:00,3.445,3.445,3.44,3.445,491.0,CCCC
2023-06-15 09:58:00,3.445,3.445,3.44,3.44,604.0,CCCC
2023-06-15 09:55:00,3.45,3.45,3.45,3.45,4351.0,CCCC
2023-06-15 09:54:00,3.45,3.45,3.45,3.45,1889.0,CCCC
2023-06-15 09:53:00,3.481,3.481,3.47,3.47,636.0,CCCC
2023-06-15 09:52:00,3.48,3.488,3.475,3.488,3139.0,CCCC
2023-06-15 09:51:00,3.465,3.47,3.46,3.47,1628.0,CCCC
2023-06-15 09:49:00,3.47,3.47,3.461,3.461,829.0,CCCC
2023-06-15 09:48:00,3.46,3.47,3.46,3.47,402.0,CCCC
2023-06-15 09:47:00,3.44,3.45,3.44,3.45,922.0,CCCC
2023-06-15 09:46:00,3.46,3.46,3.44,3.44,309.0,CCCC
2023-06-15 09:45:00,3.46,3.476,3.455,3.476,3022.0,CCCC
2023-06-15 09:44:00,3.46,3.46,3.46,3.46,461.0,CCCC
2023-06-15 09:43:00,3.455,3.46,3.45,3.455,1626.0,CCCC
2023-06-15 09:42:00,3.46,3.46,3.46,3.46,1752.0,CCCC
2023-06-15 09:41:00,3.46,3.46,3.46,3.46,103.0,CCCC
2023-06-15 09:40:00,3.47,3.47,3.47,3.47,1138.0,CCCC
2023-06-15 09:39:00,3.47,3.48,3.47,3.48,5124.0,CCCC
2023-06-15 09:37:00,3.48,3.48,3.47,3.47,1774.0,CCCC
2023-06-15 09:36:00,3.475,3.48,3.475,3.48,1678.0,CCCC
2023-06-15 09:34:00,3.452,3.48,3.44,3.48,5679.0,CCCC
2023-06-15 09:33:00,3.45,3.45,3.45,3.45,115.0,CCCC
2023-06-15 09:32:00,3.47,3.47,3.45,3.45,3854.0,CCCC
2023-06-15 09:31:00,3.599,3.599,3.5,3.5,1549.0,CCCC
2023-06-15 09:30:00,3.57,3.61,3.57,3.575,2990.0,CCCC
2023-06-15 09:28:00,3.61,3.61,3.61,3.61,48.0,CCCC
