date,1. open,2. high,3. low,4. close,5. volume,Ticker
2023-05-31 19:21:00,2.23,2.23,2.23,2.23,851.0,CDXS
2023-05-31 17:12:00,2.21,2.21,2.21,2.21,200.0,CDXS
2023-05-31 16:39:00,2.23,2.23,2.23,2.23,300.0,CDXS
2023-05-31 16:02:00,2.21,2.21,2.21,2.21,195382.0,CDXS
2023-05-31 16:00:00,2.21,2.21,2.21,2.21,170458.0,CDXS
2023-05-31 15:59:00,2.22,2.225,2.21,2.21,36469.0,CDXS
2023-05-31 15:58:00,2.215,2.23,2.21,2.22,24547.0,CDXS
2023-05-31 15:57:00,2.22,2.225,2.21,2.21,12842.0,CDXS
2023-05-31 15:56:00,2.22,2.225,2.22,2.22,8664.0,CDXS
2023-05-31 15:55:00,2.215,2.225,2.215,2.22,10877.0,CDXS
2023-05-31 15:54:00,2.22,2.235,2.205,2.21,49364.0,CDXS
2023-05-31 15:53:00,2.23,2.235,2.22,2.225,21381.0,CDXS
2023-05-31 15:52:00,2.23,2.235,2.23,2.23,5312.0,CDXS
2023-05-31 15:51:00,2.24,2.24,2.23,2.23,7497.0,CDXS
2023-05-31 15:50:00,2.25,2.25,2.24,2.24,14736.0,CDXS
2023-05-31 15:49:00,2.25,2.255,2.25,2.25,1520.0,CDXS
2023-05-31 15:48:00,2.26,2.26,2.25,2.25,6762.0,CDXS
2023-05-31 15:47:00,2.265,2.265,2.26,2.265,710.0,CDXS
2023-05-31 15:46:00,2.265,2.265,2.26,2.265,1091.0,CDXS
2023-05-31 15:45:00,2.265,2.265,2.265,2.265,2519.0,CDXS
2023-05-31 15:44:00,2.265,2.27,2.265,2.265,10382.0,CDXS
2023-05-31 15:43:00,2.25,2.265,2.25,2.265,15393.0,CDXS
2023-05-31 15:42:00,2.255,2.255,2.25,2.25,3149.0,CDXS
2023-05-31 15:41:00,2.255,2.255,2.25,2.25,3313.0,CDXS
2023-05-31 15:40:00,2.25,2.255,2.25,2.255,2345.0,CDXS
2023-05-31 15:39:00,2.255,2.255,2.25,2.25,3933.0,CDXS
2023-05-31 15:38:00,2.25,2.255,2.245,2.255,20850.0,CDXS
2023-05-31 15:37:00,2.25,2.255,2.25,2.25,1888.0,CDXS
2023-05-31 15:36:00,2.25,2.26,2.25,2.25,8198.0,CDXS
2023-05-31 15:35:00,2.255,2.255,2.25,2.25,4488.0,CDXS
2023-05-31 15:34:00,2.26,2.265,2.255,2.255,7012.0,CDXS
2023-05-31 15:33:00,2.265,2.27,2.26,2.26,3906.0,CDXS
2023-05-31 15:32:00,2.26,2.265,2.26,2.26,4119.0,CDXS
2023-05-31 15:31:00,2.265,2.265,2.26,2.26,752.0,CDXS
2023-05-31 15:30:00,2.265,2.265,2.265,2.265,1967.0,CDXS
2023-05-31 15:29:00,2.265,2.265,2.26,2.265,2356.0,CDXS
2023-05-31 15:28:00,2.265,2.265,2.265,2.265,2264.0,CDXS
2023-05-31 15:27:00,2.27,2.275,2.26,2.265,11931.0,CDXS
2023-05-31 15:26:00,2.27,2.275,2.27,2.275,1183.0,CDXS
2023-05-31 15:25:00,2.275,2.275,2.27,2.275,1440.0,CDXS
2023-05-31 15:24:00,2.27,2.275,2.27,2.27,994.0,CDXS
2023-05-31 15:23:00,2.27,2.275,2.27,2.27,3463.0,CDXS
2023-05-31 15:22:00,2.275,2.275,2.27,2.27,1749.0,CDXS
2023-05-31 15:21:00,2.275,2.275,2.27,2.27,1712.0,CDXS
2023-05-31 15:20:00,2.275,2.28,2.275,2.275,900.0,CDXS
2023-05-31 15:19:00,2.275,2.275,2.27,2.275,640.0,CDXS
2023-05-31 15:18:00,2.27,2.275,2.27,2.275,300.0,CDXS
2023-05-31 15:17:00,2.275,2.275,2.27,2.275,730.0,CDXS
2023-05-31 15:16:00,2.275,2.28,2.275,2.275,1256.0,CDXS
2023-05-31 15:15:00,2.275,2.28,2.275,2.275,6796.0,CDXS
2023-05-31 15:14:00,2.27,2.275,2.27,2.275,1633.0,CDXS
2023-05-31 15:13:00,2.275,2.275,2.27,2.27,1931.0,CDXS
2023-05-31 15:12:00,2.275,2.275,2.27,2.27,776.0,CDXS
2023-05-31 15:11:00,2.275,2.275,2.27,2.27,739.0,CDXS
2023-05-31 15:10:00,2.27,2.27,2.27,2.27,404.0,CDXS
2023-05-31 15:09:00,2.275,2.275,2.275,2.275,1098.0,CDXS
2023-05-31 15:08:00,2.27,2.275,2.27,2.275,410.0,CDXS
2023-05-31 15:07:00,2.285,2.285,2.27,2.27,15071.0,CDXS
2023-05-31 15:06:00,2.285,2.29,2.285,2.285,656.0,CDXS
2023-05-31 15:05:00,2.285,2.285,2.285,2.285,373.0,CDXS
2023-05-31 15:04:00,2.285,2.29,2.285,2.285,1149.0,CDXS
2023-05-31 15:03:00,2.285,2.285,2.285,2.285,1765.0,CDXS
2023-05-31 15:02:00,2.285,2.285,2.285,2.285,221.0,CDXS
2023-05-31 15:01:00,2.285,2.2886,2.285,2.285,1592.0,CDXS
2023-05-31 15:00:00,2.285,2.29,2.285,2.285,1567.0,CDXS
2023-05-31 14:59:00,2.285,2.29,2.285,2.285,5788.0,CDXS
2023-05-31 14:58:00,2.285,2.285,2.285,2.285,330.0,CDXS
2023-05-31 14:57:00,2.285,2.285,2.2825,2.285,912.0,CDXS
2023-05-31 14:56:00,2.285,2.285,2.285,2.285,130.0,CDXS
2023-05-31 14:55:00,2.285,2.285,2.285,2.285,231.0,CDXS
2023-05-31 14:54:00,2.285,2.2885,2.285,2.2878,564.0,CDXS
2023-05-31 14:53:00,2.285,2.2885,2.285,2.285,1172.0,CDXS
2023-05-31 14:52:00,2.285,2.285,2.285,2.285,375.0,CDXS
2023-05-31 14:51:00,2.2885,2.2885,2.2885,2.2885,550.0,CDXS
2023-05-31 14:50:00,2.285,2.285,2.28,2.285,1040.0,CDXS
2023-05-31 14:49:00,2.275,2.285,2.275,2.285,4943.0,CDXS
2023-05-31 14:48:00,2.275,2.275,2.275,2.275,102.0,CDXS
2023-05-31 14:47:00,2.275,2.28,2.27,2.275,2260.0,CDXS
2023-05-31 14:46:00,2.275,2.275,2.275,2.275,260.0,CDXS
2023-05-31 14:45:00,2.255,2.275,2.255,2.275,9455.0,CDXS
2023-05-31 14:44:00,2.255,2.255,2.255,2.255,354.0,CDXS
2023-05-31 14:43:00,2.26,2.26,2.25,2.255,7059.0,CDXS
2023-05-31 14:42:00,2.265,2.27,2.26,2.26,3167.0,CDXS
2023-05-31 14:41:00,2.27,2.27,2.265,2.265,8242.0,CDXS
2023-05-31 14:40:00,2.275,2.275,2.275,2.275,3150.0,CDXS
2023-05-31 14:39:00,2.275,2.275,2.27,2.27,13221.0,CDXS
2023-05-31 14:38:00,2.275,2.275,2.275,2.275,8896.0,CDXS
2023-05-31 14:37:00,2.275,2.275,2.275,2.275,145.0,CDXS
2023-05-31 14:36:00,2.275,2.28,2.27,2.275,1731.0,CDXS
2023-05-31 14:35:00,2.27,2.28,2.27,2.275,7771.0,CDXS
2023-05-31 14:34:00,2.275,2.275,2.275,2.275,102.0,CDXS
2023-05-31 14:33:00,2.275,2.275,2.275,2.275,170.0,CDXS
2023-05-31 14:32:00,2.275,2.275,2.275,2.275,122.0,CDXS
2023-05-31 14:31:00,2.275,2.275,2.27,2.27,1393.0,CDXS
2023-05-31 14:30:00,2.27,2.27,2.265,2.27,7323.0,CDXS
2023-05-31 14:29:00,2.275,2.275,2.27,2.27,1756.0,CDXS
2023-05-31 14:28:00,2.245,2.275,2.245,2.275,26021.0,CDXS
2023-05-31 14:27:00,2.25,2.25,2.25,2.25,210.0,CDXS
2023-05-31 14:26:00,2.245,2.25,2.245,2.245,892.0,CDXS
2023-05-31 14:25:00,2.24,2.245,2.24,2.245,333.0,CDXS
2023-05-31 14:24:00,2.245,2.245,2.245,2.245,1922.0,CDXS
2023-05-31 14:23:00,2.245,2.25,2.245,2.245,786.0,CDXS
2023-05-31 14:22:00,2.245,2.245,2.245,2.245,1632.0,CDXS
2023-05-31 14:20:00,2.245,2.245,2.245,2.245,456.0,CDXS
2023-05-31 14:19:00,2.25,2.25,2.245,2.245,240.0,CDXS
2023-05-31 14:18:00,2.245,2.245,2.245,2.245,230.0,CDXS
2023-05-31 14:17:00,2.245,2.245,2.24,2.245,770.0,CDXS
2023-05-31 14:16:00,2.245,2.245,2.24,2.24,2238.0,CDXS
2023-05-31 14:15:00,2.245,2.25,2.24,2.24,5917.0,CDXS
2023-05-31 14:14:00,2.245,2.25,2.245,2.245,12967.0,CDXS
2023-05-31 14:13:00,2.25,2.25,2.245,2.245,5696.0,CDXS
2023-05-31 14:12:00,2.255,2.2576,2.25,2.25,2612.0,CDXS
2023-05-31 14:11:00,2.255,2.255,2.255,2.255,110.0,CDXS
2023-05-31 14:10:00,2.25,2.255,2.25,2.255,350.0,CDXS
2023-05-31 14:09:00,2.255,2.255,2.255,2.255,1330.0,CDXS
2023-05-31 14:08:00,2.26,2.265,2.255,2.259,5781.0,CDXS
2023-05-31 14:07:00,2.255,2.265,2.255,2.265,7647.0,CDXS
2023-05-31 14:06:00,2.26,2.26,2.255,2.255,3746.0,CDXS
2023-05-31 14:05:00,2.255,2.255,2.255,2.255,329.0,CDXS
2023-05-31 14:04:00,2.255,2.2558,2.255,2.255,1050.0,CDXS
2023-05-31 14:03:00,2.25,2.255,2.25,2.255,4728.0,CDXS
2023-05-31 14:02:00,2.255,2.26,2.25,2.255,1675.0,CDXS
2023-05-31 14:01:00,2.235,2.255,2.235,2.255,8131.0,CDXS
2023-05-31 14:00:00,2.235,2.235,2.235,2.235,1738.0,CDXS
2023-05-31 13:59:00,2.235,2.235,2.23,2.235,1290.0,CDXS
2023-05-31 13:58:00,2.235,2.24,2.235,2.235,14895.0,CDXS
2023-05-31 13:57:00,2.235,2.235,2.23,2.235,1619.0,CDXS
2023-05-31 13:56:00,2.235,2.239,2.235,2.239,1059.0,CDXS
2023-05-31 13:55:00,2.23,2.235,2.225,2.23,17120.0,CDXS
2023-05-31 13:54:00,2.23,2.235,2.23,2.23,600.0,CDXS
2023-05-31 13:53:00,2.235,2.235,2.23,2.23,4080.0,CDXS
2023-05-31 13:52:00,2.235,2.235,2.235,2.235,1328.0,CDXS
2023-05-31 13:51:00,2.235,2.235,2.235,2.235,942.0,CDXS
2023-05-31 13:50:00,2.23,2.235,2.23,2.235,1852.0,CDXS
2023-05-31 13:49:00,2.24,2.24,2.235,2.235,2452.0,CDXS
2023-05-31 13:48:00,2.245,2.245,2.24,2.24,657.0,CDXS
2023-05-31 13:47:00,2.2485,2.2498,2.245,2.245,2757.0,CDXS
2023-05-31 13:46:00,2.24,2.245,2.24,2.245,434.0,CDXS
2023-05-31 13:45:00,2.245,2.245,2.24,2.24,1196.0,CDXS
2023-05-31 13:44:00,2.245,2.25,2.24,2.24,6576.0,CDXS
2023-05-31 13:43:00,2.245,2.245,2.245,2.245,100.0,CDXS
2023-05-31 13:42:00,2.245,2.245,2.24,2.24,530.0,CDXS
2023-05-31 13:41:00,2.245,2.245,2.24,2.24,2043.0,CDXS
2023-05-31 13:40:00,2.245,2.245,2.245,2.245,4321.0,CDXS
2023-05-31 13:38:00,2.245,2.245,2.24,2.24,200.0,CDXS
2023-05-31 13:37:00,2.24,2.245,2.24,2.24,12604.0,CDXS
2023-05-31 13:36:00,2.245,2.245,2.24,2.24,450.0,CDXS
2023-05-31 13:35:00,2.245,2.245,2.24,2.245,1895.0,CDXS
2023-05-31 13:34:00,2.245,2.245,2.245,2.245,160.0,CDXS
2023-05-31 13:33:00,2.245,2.245,2.245,2.245,455.0,CDXS
2023-05-31 13:32:00,2.245,2.245,2.245,2.245,642.0,CDXS
2023-05-31 13:31:00,2.24,2.245,2.24,2.245,1946.0,CDXS
2023-05-31 13:30:00,2.24,2.245,2.24,2.245,1409.0,CDXS
2023-05-31 13:29:00,2.245,2.25,2.245,2.245,20622.0,CDXS
2023-05-31 13:28:00,2.245,2.245,2.245,2.245,570.0,CDXS
2023-05-31 13:27:00,2.245,2.245,2.24,2.245,705.0,CDXS
2023-05-31 13:26:00,2.245,2.249,2.24,2.245,1374.0,CDXS
2023-05-31 13:25:00,2.245,2.245,2.245,2.245,385.0,CDXS
2023-05-31 13:24:00,2.245,2.245,2.245,2.245,400.0,CDXS
2023-05-31 13:22:00,2.24,2.24,2.24,2.24,8039.0,CDXS
2023-05-31 13:20:00,2.25,2.25,2.24,2.24,3806.0,CDXS
2023-05-31 13:19:00,2.255,2.255,2.255,2.255,101.0,CDXS
2023-05-31 13:18:00,2.25,2.2501,2.25,2.2501,1710.0,CDXS
2023-05-31 13:17:00,2.25,2.26,2.245,2.255,22329.0,CDXS
2023-05-31 13:16:00,2.255,2.255,2.25,2.255,426.0,CDXS
2023-05-31 13:15:00,2.255,2.255,2.25,2.25,1100.0,CDXS
2023-05-31 13:13:00,2.25,2.255,2.25,2.255,1074.0,CDXS
2023-05-31 13:12:00,2.255,2.255,2.255,2.255,200.0,CDXS
2023-05-31 13:11:00,2.25,2.255,2.25,2.255,347.0,CDXS
2023-05-31 13:10:00,2.255,2.255,2.255,2.255,311.0,CDXS
2023-05-31 13:09:00,2.255,2.255,2.25,2.25,436.0,CDXS
2023-05-31 13:08:00,2.255,2.255,2.255,2.255,583.0,CDXS
2023-05-31 13:07:00,2.255,2.255,2.255,2.255,837.0,CDXS
2023-05-31 13:05:00,2.25,2.255,2.25,2.255,444.0,CDXS
2023-05-31 13:04:00,2.255,2.255,2.255,2.255,601.0,CDXS
2023-05-31 13:03:00,2.255,2.255,2.255,2.255,220.0,CDXS
2023-05-31 13:02:00,2.255,2.255,2.255,2.255,240.0,CDXS
2023-05-31 13:01:00,2.255,2.255,2.255,2.255,362.0,CDXS
2023-05-31 13:00:00,2.255,2.255,2.255,2.255,303.0,CDXS
2023-05-31 12:59:00,2.25,2.255,2.25,2.255,1102.0,CDXS
2023-05-31 12:57:00,2.255,2.255,2.25,2.255,8475.0,CDXS
2023-05-31 12:56:00,2.2524,2.2524,2.2524,2.2524,130.0,CDXS
2023-05-31 12:55:00,2.255,2.255,2.255,2.255,190.0,CDXS
2023-05-31 12:54:00,2.255,2.255,2.255,2.255,140.0,CDXS
2023-05-31 12:53:00,2.255,2.255,2.255,2.255,245.0,CDXS
2023-05-31 12:52:00,2.26,2.26,2.255,2.255,4398.0,CDXS
2023-05-31 12:51:00,2.26,2.265,2.26,2.265,300.0,CDXS
2023-05-31 12:50:00,2.265,2.265,2.265,2.265,280.0,CDXS
2023-05-31 12:48:00,2.265,2.265,2.265,2.265,210.0,CDXS
2023-05-31 12:47:00,2.265,2.27,2.265,2.265,13638.0,CDXS
2023-05-31 12:45:00,2.265,2.265,2.265,2.265,145.0,CDXS
2023-05-31 12:44:00,2.26,2.265,2.26,2.265,280.0,CDXS
2023-05-31 12:43:00,2.265,2.265,2.265,2.265,300.0,CDXS
2023-05-31 12:41:00,2.265,2.265,2.265,2.265,100.0,CDXS
2023-05-31 12:40:00,2.26,2.265,2.26,2.26,5846.0,CDXS
2023-05-31 12:39:00,2.26,2.265,2.26,2.265,270.0,CDXS
2023-05-31 12:38:00,2.245,2.265,2.245,2.265,11805.0,CDXS
2023-05-31 12:37:00,2.245,2.245,2.24,2.24,544.0,CDXS
2023-05-31 12:36:00,2.245,2.245,2.245,2.245,130.0,CDXS
2023-05-31 12:35:00,2.245,2.25,2.24,2.24,9564.0,CDXS
2023-05-31 12:34:00,2.245,2.245,2.2425,2.245,748.0,CDXS
2023-05-31 12:33:00,2.245,2.245,2.245,2.245,300.0,CDXS
2023-05-31 12:32:00,2.245,2.245,2.245,2.245,169.0,CDXS
2023-05-31 12:31:00,2.25,2.25,2.24,2.24,2828.0,CDXS
2023-05-31 12:30:00,2.25,2.255,2.25,2.25,3319.0,CDXS
2023-05-31 12:29:00,2.25,2.255,2.25,2.25,1904.0,CDXS
2023-05-31 12:28:00,2.255,2.255,2.25,2.25,6003.0,CDXS
2023-05-31 12:27:00,2.255,2.255,2.255,2.255,100.0,CDXS
2023-05-31 12:26:00,2.25,2.255,2.25,2.255,300.0,CDXS
2023-05-31 12:25:00,2.255,2.255,2.255,2.255,1130.0,CDXS
2023-05-31 12:24:00,2.255,2.255,2.25,2.25,1612.0,CDXS
2023-05-31 12:23:00,2.255,2.255,2.255,2.255,240.0,CDXS
2023-05-31 12:21:00,2.259,2.259,2.255,2.255,1320.0,CDXS
2023-05-31 12:20:00,2.255,2.255,2.25,2.25,211.0,CDXS
2023-05-31 12:19:00,2.255,2.255,2.255,2.255,215.0,CDXS
2023-05-31 12:18:00,2.255,2.255,2.255,2.255,100.0,CDXS
2023-05-31 12:17:00,2.255,2.255,2.25,2.25,200.0,CDXS
2023-05-31 12:16:00,2.25,2.255,2.25,2.25,2732.0,CDXS
2023-05-31 12:15:00,2.25,2.26,2.25,2.255,1793.0,CDXS
2023-05-31 12:14:00,2.255,2.255,2.255,2.255,2008.0,CDXS
2023-05-31 12:13:00,2.255,2.255,2.255,2.255,500.0,CDXS
2023-05-31 12:12:00,2.255,2.255,2.255,2.255,5350.0,CDXS
2023-05-31 12:11:00,2.255,2.255,2.255,2.255,200.0,CDXS
2023-05-31 12:10:00,2.255,2.255,2.255,2.255,102.0,CDXS
2023-05-31 12:09:00,2.255,2.255,2.255,2.255,300.0,CDXS
2023-05-31 12:08:00,2.25,2.255,2.25,2.255,400.0,CDXS
2023-05-31 12:07:00,2.245,2.255,2.245,2.255,12248.0,CDXS
2023-05-31 12:06:00,2.245,2.245,2.24,2.24,425.0,CDXS
2023-05-31 12:05:00,2.245,2.245,2.245,2.245,205.0,CDXS
2023-05-31 12:04:00,2.245,2.2486,2.245,2.2486,803.0,CDXS
2023-05-31 12:03:00,2.245,2.25,2.245,2.245,801.0,CDXS
2023-05-31 12:02:00,2.245,2.245,2.245,2.245,417.0,CDXS
2023-05-31 12:01:00,2.25,2.25,2.2425,2.245,300.0,CDXS
2023-05-31 12:00:00,2.245,2.245,2.245,2.245,616.0,CDXS
2023-05-31 11:59:00,2.245,2.25,2.245,2.245,969.0,CDXS
2023-05-31 11:57:00,2.245,2.245,2.245,2.245,300.0,CDXS
2023-05-31 11:56:00,2.245,2.245,2.2425,2.245,903.0,CDXS
2023-05-31 11:55:00,2.245,2.249,2.245,2.245,900.0,CDXS
2023-05-31 11:54:00,2.245,2.25,2.2425,2.245,1608.0,CDXS
2023-05-31 11:53:00,2.2425,2.245,2.2425,2.245,601.0,CDXS
2023-05-31 11:52:00,2.245,2.245,2.245,2.245,860.0,CDXS
2023-05-31 11:51:00,2.245,2.25,2.2425,2.2425,550.0,CDXS
2023-05-31 11:50:00,2.245,2.2495,2.245,2.2495,1301.0,CDXS
2023-05-31 11:49:00,2.245,2.245,2.245,2.245,696.0,CDXS
2023-05-31 11:48:00,2.24,2.24,2.24,2.24,200.0,CDXS
2023-05-31 11:46:00,2.245,2.245,2.24,2.24,6209.0,CDXS
2023-05-31 11:45:00,2.24,2.245,2.235,2.245,17069.0,CDXS
2023-05-31 11:44:00,2.24,2.245,2.24,2.24,689.0,CDXS
2023-05-31 11:42:00,2.24,2.24,2.24,2.24,354.0,CDXS
2023-05-31 11:41:00,2.24,2.245,2.24,2.245,400.0,CDXS
2023-05-31 11:40:00,2.24,2.25,2.24,2.25,342.0,CDXS
2023-05-31 11:39:00,2.245,2.245,2.24,2.245,451.0,CDXS
2023-05-31 11:37:00,2.245,2.245,2.245,2.245,600.0,CDXS
2023-05-31 11:34:00,2.24,2.24,2.24,2.24,167.0,CDXS
2023-05-31 11:33:00,2.24,2.24,2.24,2.24,101.0,CDXS
2023-05-31 11:30:00,2.245,2.25,2.245,2.245,510.0,CDXS
2023-05-31 11:29:00,2.255,2.255,2.245,2.245,10576.0,CDXS
2023-05-31 11:28:00,2.255,2.26,2.255,2.255,4862.0,CDXS
2023-05-31 11:27:00,2.26,2.26,2.255,2.255,1329.0,CDXS
2023-05-31 11:26:00,2.255,2.255,2.255,2.255,970.0,CDXS
2023-05-31 11:25:00,2.255,2.255,2.25,2.255,700.0,CDXS
2023-05-31 11:24:00,2.255,2.2593,2.255,2.255,2318.0,CDXS
2023-05-31 11:23:00,2.255,2.255,2.255,2.255,415.0,CDXS
2023-05-31 11:22:00,2.2585,2.2585,2.255,2.255,421.0,CDXS
2023-05-31 11:21:00,2.26,2.26,2.255,2.255,664.0,CDXS
2023-05-31 11:20:00,2.255,2.255,2.255,2.255,1412.0,CDXS
2023-05-31 11:19:00,2.255,2.255,2.255,2.255,800.0,CDXS
2023-05-31 11:18:00,2.255,2.255,2.255,2.255,311.0,CDXS
2023-05-31 11:17:00,2.255,2.255,2.255,2.255,1122.0,CDXS
2023-05-31 11:16:00,2.235,2.255,2.235,2.245,11958.0,CDXS
2023-05-31 11:15:00,2.235,2.235,2.23,2.23,1010.0,CDXS
2023-05-31 11:14:00,2.235,2.235,2.235,2.235,1048.0,CDXS
2023-05-31 11:13:00,2.235,2.235,2.235,2.235,945.0,CDXS
2023-05-31 11:12:00,2.235,2.235,2.23,2.235,1043.0,CDXS
2023-05-31 11:11:00,2.235,2.235,2.235,2.235,700.0,CDXS
2023-05-31 11:08:00,2.235,2.235,2.23,2.23,2931.0,CDXS
2023-05-31 11:07:00,2.235,2.235,2.235,2.235,1571.0,CDXS
2023-05-31 11:06:00,2.25,2.25,2.23,2.235,15933.0,CDXS
2023-05-31 11:05:00,2.265,2.265,2.25,2.25,9017.0,CDXS
2023-05-31 11:04:00,2.2685,2.2685,2.26,2.26,871.0,CDXS
2023-05-31 11:03:00,2.265,2.265,2.26,2.265,1905.0,CDXS
2023-05-31 11:02:00,2.265,2.265,2.265,2.265,1515.0,CDXS
2023-05-31 11:01:00,2.265,2.265,2.265,2.265,1700.0,CDXS
2023-05-31 10:59:00,2.27,2.27,2.265,2.265,1174.0,CDXS
2023-05-31 10:58:00,2.2687,2.2687,2.2687,2.2687,300.0,CDXS
2023-05-31 10:57:00,2.265,2.2695,2.26,2.265,1643.0,CDXS
2023-05-31 10:56:00,2.265,2.265,2.265,2.265,911.0,CDXS
2023-05-31 10:55:00,2.265,2.265,2.265,2.265,145.0,CDXS
2023-05-31 10:54:00,2.26,2.265,2.26,2.26,915.0,CDXS
2023-05-31 10:53:00,2.265,2.27,2.255,2.26,17108.0,CDXS
2023-05-31 10:52:00,2.265,2.265,2.265,2.265,400.0,CDXS
2023-05-31 10:51:00,2.265,2.265,2.26,2.26,200.0,CDXS
2023-05-31 10:50:00,2.27,2.27,2.265,2.265,473.0,CDXS
2023-05-31 10:49:00,2.265,2.265,2.2625,2.265,500.0,CDXS
2023-05-31 10:48:00,2.265,2.265,2.265,2.265,315.0,CDXS
2023-05-31 10:47:00,2.265,2.265,2.26,2.2625,730.0,CDXS
2023-05-31 10:46:00,2.265,2.265,2.265,2.265,487.0,CDXS
2023-05-31 10:45:00,2.265,2.265,2.26,2.265,4564.0,CDXS
2023-05-31 10:44:00,2.265,2.265,2.2606,2.2606,3148.0,CDXS
2023-05-31 10:43:00,2.265,2.265,2.265,2.265,513.0,CDXS
2023-05-31 10:42:00,2.265,2.265,2.265,2.265,245.0,CDXS
2023-05-31 10:41:00,2.265,2.265,2.265,2.265,404.0,CDXS
2023-05-31 10:39:00,2.265,2.265,2.265,2.265,486.0,CDXS
2023-05-31 10:37:00,2.26,2.265,2.26,2.265,300.0,CDXS
2023-05-31 10:36:00,2.26,2.26,2.26,2.26,3772.0,CDXS
2023-05-31 10:35:00,2.26,2.26,2.25,2.255,2897.0,CDXS
2023-05-31 10:34:00,2.255,2.255,2.255,2.255,345.0,CDXS
2023-05-31 10:33:00,2.265,2.27,2.25,2.25,16245.0,CDXS
2023-05-31 10:32:00,2.265,2.265,2.265,2.265,702.0,CDXS
2023-05-31 10:31:00,2.265,2.265,2.26,2.265,834.0,CDXS
2023-05-31 10:30:00,2.26,2.26,2.26,2.26,200.0,CDXS
2023-05-31 10:28:00,2.265,2.265,2.26,2.26,600.0,CDXS
2023-05-31 10:27:00,2.255,2.265,2.255,2.265,6138.0,CDXS
2023-05-31 10:26:00,2.27,2.275,2.25,2.25,10772.0,CDXS
2023-05-31 10:25:00,2.275,2.28,2.275,2.275,1509.0,CDXS
2023-05-31 10:24:00,2.2785,2.2785,2.27,2.27,1364.0,CDXS
2023-05-31 10:22:00,2.275,2.275,2.275,2.275,356.0,CDXS
2023-05-31 10:21:00,2.27,2.275,2.27,2.27,1954.0,CDXS
2023-05-31 10:20:00,2.27,2.27,2.27,2.27,301.0,CDXS
2023-05-31 10:19:00,2.275,2.275,2.27,2.27,350.0,CDXS
2023-05-31 10:18:00,2.2799,2.2799,2.27,2.27,960.0,CDXS
2023-05-31 10:17:00,2.27,2.275,2.27,2.27,578.0,CDXS
2023-05-31 10:16:00,2.275,2.275,2.275,2.275,1313.0,CDXS
2023-05-31 10:15:00,2.275,2.275,2.275,2.275,694.0,CDXS
2023-05-31 10:14:00,2.27,2.27,2.27,2.27,252.0,CDXS
2023-05-31 10:13:00,2.27,2.275,2.27,2.275,3883.0,CDXS
2023-05-31 10:12:00,2.27,2.27,2.27,2.27,1100.0,CDXS
2023-05-31 10:11:00,2.28,2.28,2.28,2.28,3205.0,CDXS
2023-05-31 10:10:00,2.29,2.29,2.28,2.285,2788.0,CDXS
2023-05-31 10:09:00,2.295,2.295,2.29,2.295,402.0,CDXS
2023-05-31 10:08:00,2.295,2.2994,2.29,2.2994,1920.0,CDXS
2023-05-31 10:07:00,2.29,2.3,2.29,2.295,5400.0,CDXS
2023-05-31 10:06:00,2.2995,2.2998,2.295,2.2998,10100.0,CDXS
2023-05-31 10:05:00,2.2885,2.3,2.285,2.3,7442.0,CDXS
2023-05-31 10:04:00,2.29,2.29,2.285,2.285,2202.0,CDXS
2023-05-31 10:03:00,2.29,2.29,2.285,2.29,6237.0,CDXS
2023-05-31 10:02:00,2.295,2.295,2.29,2.29,661.0,CDXS
2023-05-31 10:01:00,2.2971,2.2971,2.29,2.295,350.0,CDXS
2023-05-31 10:00:00,2.295,2.295,2.295,2.295,450.0,CDXS
2023-05-31 09:59:00,2.295,2.295,2.295,2.295,257.0,CDXS
2023-05-31 09:58:00,2.3,2.3,2.295,2.3,1744.0,CDXS
2023-05-31 09:57:00,2.31,2.31,2.305,2.305,3093.0,CDXS
2023-05-31 09:56:00,2.31,2.31,2.3,2.3,896.0,CDXS
2023-05-31 09:54:00,2.33,2.33,2.31,2.31,3557.0,CDXS
2023-05-31 09:53:00,2.33,2.335,2.33,2.335,3259.0,CDXS
2023-05-31 09:52:00,2.32,2.325,2.32,2.325,1024.0,CDXS
2023-05-31 09:51:00,2.31,2.325,2.31,2.325,1815.0,CDXS
2023-05-31 09:50:00,2.31,2.31,2.305,2.31,8905.0,CDXS
2023-05-31 09:49:00,2.31,2.32,2.31,2.31,5795.0,CDXS
2023-05-31 09:48:00,2.31,2.31,2.3,2.305,7560.0,CDXS
2023-05-31 09:47:00,2.305,2.315,2.305,2.315,3224.0,CDXS
2023-05-31 09:46:00,2.315,2.315,2.305,2.305,1289.0,CDXS
2023-05-31 09:45:00,2.3125,2.315,2.3125,2.315,307.0,CDXS
2023-05-31 09:44:00,2.32,2.32,2.315,2.315,242.0,CDXS
2023-05-31 09:43:00,2.315,2.315,2.315,2.315,201.0,CDXS
2023-05-31 09:42:00,2.35,2.3594,2.32,2.32,6410.0,CDXS
2023-05-31 09:41:00,2.325,2.34,2.325,2.335,2590.0,CDXS
2023-05-31 09:40:00,2.33,2.335,2.33,2.33,863.0,CDXS
2023-05-31 09:39:00,2.335,2.335,2.335,2.335,301.0,CDXS
2023-05-31 09:38:00,2.335,2.335,2.335,2.335,1027.0,CDXS
2023-05-31 09:37:00,2.34,2.34,2.34,2.34,1886.0,CDXS
2023-05-31 09:36:00,2.35,2.35,2.35,2.35,1624.0,CDXS
2023-05-31 09:35:00,2.35,2.35,2.345,2.35,2479.0,CDXS
2023-05-31 09:34:00,2.39,2.39,2.35,2.355,4776.0,CDXS
2023-05-31 09:33:00,2.4,2.4,2.39,2.39,8200.0,CDXS
2023-05-31 09:32:00,2.38,2.38,2.38,2.38,343.0,CDXS
2023-05-31 09:31:00,2.35,2.38,2.35,2.38,4616.0,CDXS
2023-05-31 09:30:00,2.35,2.35,2.33,2.35,6835.0,CDXS
2023-05-30 19:51:00,2.37,2.37,2.37,2.37,100.0,CDXS
2023-05-30 19:11:00,2.3685,2.3685,2.3685,2.3685,400.0,CDXS
2023-05-30 16:59:00,2.37,2.37,2.37,2.37,120.0,CDXS
2023-05-30 16:00:00,2.35,2.35,2.35,2.35,6392.0,CDXS
2023-05-30 15:59:00,2.355,2.36,2.34,2.359,48498.0,CDXS
2023-05-30 15:58:00,2.36,2.36,2.355,2.36,41376.0,CDXS
2023-05-30 15:57:00,2.355,2.36,2.35,2.36,9422.0,CDXS
2023-05-30 15:56:00,2.3598,2.3598,2.355,2.355,800.0,CDXS
2023-05-30 15:55:00,2.345,2.355,2.345,2.355,10968.0,CDXS
2023-05-30 15:54:00,2.335,2.35,2.335,2.35,19070.0,CDXS
2023-05-30 15:53:00,2.34,2.34,2.33,2.335,41303.0,CDXS
2023-05-30 15:52:00,2.345,2.345,2.345,2.345,218.0,CDXS
2023-05-30 15:51:00,2.34,2.345,2.34,2.34,1067.0,CDXS
2023-05-30 15:50:00,2.34,2.345,2.34,2.34,2911.0,CDXS
2023-05-30 15:49:00,2.34,2.349,2.34,2.345,3077.0,CDXS
2023-05-30 15:48:00,2.345,2.345,2.345,2.345,329.0,CDXS
2023-05-30 15:47:00,2.345,2.345,2.34,2.34,2499.0,CDXS
2023-05-30 15:46:00,2.345,2.349,2.345,2.349,1919.0,CDXS
2023-05-30 15:45:00,2.34,2.345,2.34,2.34,2631.0,CDXS
2023-05-30 15:44:00,2.345,2.345,2.345,2.345,1005.0,CDXS
2023-05-30 15:43:00,2.335,2.345,2.335,2.345,8137.0,CDXS
2023-05-30 15:42:00,2.335,2.335,2.33,2.335,14551.0,CDXS
2023-05-30 15:41:00,2.3387,2.34,2.33,2.33,2861.0,CDXS
2023-05-30 15:40:00,2.31,2.33,2.31,2.33,31646.0,CDXS
2023-05-30 15:39:00,2.32,2.32,2.31,2.315,5283.0,CDXS
2023-05-30 15:38:00,2.315,2.325,2.305,2.325,19301.0,CDXS
2023-05-30 15:37:00,2.31,2.31,2.31,2.31,500.0,CDXS
2023-05-30 15:36:00,2.32,2.32,2.31,2.31,5404.0,CDXS
2023-05-30 15:35:00,2.32,2.32,2.32,2.32,647.0,CDXS
2023-05-30 15:34:00,2.33,2.33,2.32,2.32,4090.0,CDXS
2023-05-30 15:33:00,2.3301,2.3301,2.33,2.33,1930.0,CDXS
2023-05-30 15:32:00,2.34,2.34,2.33,2.33,802.0,CDXS
2023-05-30 15:31:00,2.34,2.34,2.33,2.33,4281.0,CDXS
2023-05-30 15:30:00,2.34,2.345,2.34,2.345,1074.0,CDXS
2023-05-30 15:29:00,2.34,2.34,2.34,2.34,114.0,CDXS
2023-05-30 15:28:00,2.355,2.355,2.34,2.34,6324.0,CDXS
2023-05-30 15:25:00,2.355,2.355,2.355,2.355,104.0,CDXS
2023-05-30 15:23:00,2.35,2.35,2.35,2.35,235.0,CDXS
2023-05-30 15:22:00,2.35,2.355,2.35,2.355,447.0,CDXS
2023-05-30 15:21:00,2.355,2.355,2.35,2.355,2084.0,CDXS
2023-05-30 15:20:00,2.355,2.355,2.35,2.35,2201.0,CDXS
2023-05-30 15:18:00,2.355,2.355,2.355,2.355,419.0,CDXS
2023-05-30 15:17:00,2.355,2.355,2.35,2.35,714.0,CDXS
2023-05-30 15:16:00,2.355,2.355,2.35,2.355,2445.0,CDXS
2023-05-30 15:15:00,2.36,2.36,2.355,2.355,11410.0,CDXS
2023-05-30 15:14:00,2.36,2.36,2.36,2.36,100.0,CDXS
2023-05-30 15:13:00,2.36,2.36,2.36,2.36,527.0,CDXS
2023-05-30 15:12:00,2.365,2.365,2.36,2.36,300.0,CDXS
2023-05-30 15:11:00,2.365,2.365,2.36,2.36,1023.0,CDXS
2023-05-30 15:10:00,2.36,2.365,2.36,2.365,1019.0,CDXS
2023-05-30 15:09:00,2.36,2.36,2.36,2.36,404.0,CDXS
2023-05-30 15:08:00,2.36,2.36,2.36,2.36,297.0,CDXS
2023-05-30 15:07:00,2.36,2.365,2.36,2.365,1125.0,CDXS
2023-05-30 15:06:00,2.36,2.36,2.36,2.36,905.0,CDXS
2023-05-30 15:05:00,2.36,2.36,2.36,2.36,7336.0,CDXS
2023-05-30 15:02:00,2.365,2.365,2.36,2.36,7055.0,CDXS
2023-05-30 15:00:00,2.36,2.36,2.36,2.36,153.0,CDXS
2023-05-30 14:59:00,2.36,2.365,2.355,2.36,17659.0,CDXS
2023-05-30 14:58:00,2.36,2.36,2.36,2.36,151.0,CDXS
2023-05-30 14:57:00,2.365,2.365,2.36,2.36,12562.0,CDXS
2023-05-30 14:56:00,2.365,2.365,2.365,2.365,442.0,CDXS
2023-05-30 14:55:00,2.365,2.365,2.3602,2.3602,837.0,CDXS
2023-05-30 14:53:00,2.36,2.36,2.36,2.36,101.0,CDXS
2023-05-30 14:52:00,2.365,2.365,2.365,2.365,500.0,CDXS
2023-05-30 14:51:00,2.365,2.37,2.36,2.365,2735.0,CDXS
2023-05-30 14:50:00,2.36,2.36,2.36,2.36,120.0,CDXS
2023-05-30 14:49:00,2.3601,2.3601,2.36,2.36,13750.0,CDXS
2023-05-30 14:48:00,2.365,2.365,2.36,2.36,305.0,CDXS
2023-05-30 14:47:00,2.365,2.365,2.365,2.365,801.0,CDXS
2023-05-30 14:46:00,2.365,2.365,2.36,2.36,612.0,CDXS
2023-05-30 14:44:00,2.36,2.3699,2.36,2.36,5754.0,CDXS
2023-05-30 14:43:00,2.37,2.37,2.36,2.36,4708.0,CDXS
2023-05-30 14:42:00,2.37,2.375,2.37,2.375,959.0,CDXS
2023-05-30 14:41:00,2.365,2.38,2.36,2.37,7416.0,CDXS
2023-05-30 14:39:00,2.365,2.365,2.365,2.365,152.0,CDXS
2023-05-30 14:36:00,2.365,2.365,2.365,2.365,706.0,CDXS
2023-05-30 14:35:00,2.355,2.36,2.355,2.36,7276.0,CDXS
2023-05-30 14:34:00,2.355,2.355,2.35,2.355,27719.0,CDXS
2023-05-30 14:32:00,2.355,2.355,2.355,2.355,100.0,CDXS
2023-05-30 14:30:00,2.35,2.355,2.35,2.355,317.0,CDXS
2023-05-30 14:29:00,2.355,2.36,2.35,2.355,3016.0,CDXS
2023-05-30 14:26:00,2.35,2.355,2.35,2.355,200.0,CDXS
2023-05-30 14:25:00,2.3589,2.3589,2.35,2.35,1001.0,CDXS
2023-05-30 14:24:00,2.355,2.36,2.355,2.355,305.0,CDXS
2023-05-30 14:22:00,2.35,2.35,2.35,2.35,105.0,CDXS
2023-05-30 14:20:00,2.355,2.355,2.355,2.355,345.0,CDXS
2023-05-30 14:18:00,2.355,2.355,2.355,2.355,101.0,CDXS
2023-05-30 14:17:00,2.35,2.35,2.35,2.35,100.0,CDXS
2023-05-30 14:16:00,2.35,2.35,2.35,2.35,100.0,CDXS
2023-05-30 14:15:00,2.355,2.355,2.35,2.35,200.0,CDXS
2023-05-30 14:12:00,2.35,2.35,2.35,2.35,161.0,CDXS
2023-05-30 14:10:00,2.35,2.355,2.35,2.355,456.0,CDXS
2023-05-30 14:05:00,2.355,2.355,2.355,2.355,259.0,CDXS
2023-05-30 14:03:00,2.35,2.35,2.35,2.35,113.0,CDXS
2023-05-30 14:02:00,2.35,2.35,2.35,2.35,135.0,CDXS
2023-05-30 14:00:00,2.35,2.355,2.35,2.35,657.0,CDXS
2023-05-30 13:59:00,2.35,2.355,2.35,2.355,233.0,CDXS
2023-05-30 13:58:00,2.35,2.35,2.35,2.35,224.0,CDXS
2023-05-30 13:57:00,2.35,2.35,2.35,2.35,148.0,CDXS
2023-05-30 13:55:00,2.355,2.355,2.355,2.355,1301.0,CDXS
2023-05-30 13:54:00,2.355,2.355,2.355,2.355,100.0,CDXS
2023-05-30 13:53:00,2.365,2.365,2.355,2.355,10378.0,CDXS
2023-05-30 13:52:00,2.365,2.368,2.365,2.365,545.0,CDXS
2023-05-30 13:49:00,2.36,2.36,2.36,2.36,326.0,CDXS
2023-05-30 13:48:00,2.36,2.36,2.36,2.36,279.0,CDXS
2023-05-30 13:45:00,2.365,2.37,2.36,2.36,2356.0,CDXS
2023-05-30 13:43:00,2.36,2.36,2.36,2.36,190.0,CDXS
2023-05-30 13:42:00,2.365,2.37,2.365,2.365,1223.0,CDXS
2023-05-30 13:41:00,2.36,2.36,2.36,2.36,1457.0,CDXS
2023-05-30 13:40:00,2.365,2.365,2.36,2.36,428.0,CDXS
2023-05-30 13:39:00,2.37,2.37,2.365,2.365,1794.0,CDXS
2023-05-30 13:34:00,2.375,2.375,2.375,2.375,191.0,CDXS
2023-05-30 13:33:00,2.375,2.375,2.375,2.375,200.0,CDXS
2023-05-30 13:31:00,2.375,2.375,2.375,2.375,2305.0,CDXS
2023-05-30 13:29:00,2.375,2.38,2.375,2.38,1732.0,CDXS
2023-05-30 13:28:00,2.385,2.385,2.38,2.38,1690.0,CDXS
2023-05-30 13:26:00,2.38,2.385,2.38,2.385,848.0,CDXS
2023-05-30 13:24:00,2.38,2.39,2.38,2.39,2859.0,CDXS
2023-05-30 13:23:00,2.375,2.38,2.375,2.38,967.0,CDXS
2023-05-30 13:22:00,2.37,2.37,2.37,2.37,236.0,CDXS
2023-05-30 13:21:00,2.375,2.38,2.375,2.38,3892.0,CDXS
2023-05-30 13:20:00,2.375,2.375,2.375,2.375,322.0,CDXS
2023-05-30 13:19:00,2.375,2.375,2.375,2.375,100.0,CDXS
2023-05-30 13:18:00,2.385,2.385,2.38,2.38,4220.0,CDXS
2023-05-30 13:17:00,2.385,2.385,2.385,2.385,485.0,CDXS
2023-05-30 13:16:00,2.39,2.39,2.385,2.385,1870.0,CDXS
2023-05-30 13:13:00,2.385,2.385,2.385,2.385,204.0,CDXS
2023-05-30 13:12:00,2.38,2.38,2.38,2.38,2520.0,CDXS
2023-05-30 13:11:00,2.375,2.375,2.375,2.375,100.0,CDXS
2023-05-30 13:10:00,2.375,2.375,2.375,2.375,400.0,CDXS
2023-05-30 13:09:00,2.375,2.375,2.375,2.375,600.0,CDXS
2023-05-30 13:08:00,2.37,2.37,2.37,2.37,100.0,CDXS
2023-05-30 13:07:00,2.37,2.375,2.365,2.375,8528.0,CDXS
2023-05-30 13:05:00,2.375,2.375,2.375,2.375,320.0,CDXS
2023-05-30 13:03:00,2.375,2.375,2.375,2.375,212.0,CDXS
2023-05-30 13:01:00,2.37,2.37,2.37,2.37,1571.0,CDXS
2023-05-30 13:00:00,2.37,2.37,2.37,2.37,1681.0,CDXS
2023-05-30 12:59:00,2.365,2.37,2.365,2.365,532.0,CDXS
2023-05-30 12:58:00,2.365,2.37,2.365,2.37,6246.0,CDXS
2023-05-30 12:57:00,2.365,2.365,2.365,2.365,201.0,CDXS
2023-05-30 12:54:00,2.36,2.36,2.36,2.36,500.0,CDXS
2023-05-30 12:53:00,2.365,2.365,2.365,2.365,630.0,CDXS
2023-05-30 12:51:00,2.36,2.36,2.36,2.36,1000.0,CDXS
2023-05-30 12:50:00,2.36,2.36,2.36,2.36,500.0,CDXS
2023-05-30 12:49:00,2.36,2.36,2.36,2.36,1001.0,CDXS
2023-05-30 12:48:00,2.369,2.369,2.365,2.365,1435.0,CDXS
2023-05-30 12:47:00,2.365,2.365,2.365,2.365,301.0,CDXS
2023-05-30 12:44:00,2.355,2.36,2.355,2.36,2062.0,CDXS
2023-05-30 12:43:00,2.3599,2.36,2.35,2.355,14872.0,CDXS
2023-05-30 12:42:00,2.35,2.35,2.35,2.35,100.0,CDXS
2023-05-30 12:41:00,2.36,2.36,2.355,2.355,2030.0,CDXS
2023-05-30 12:40:00,2.37,2.37,2.36,2.36,2840.0,CDXS
2023-05-30 12:39:00,2.37,2.375,2.37,2.375,1457.0,CDXS
2023-05-30 12:38:00,2.375,2.375,2.375,2.375,263.0,CDXS
2023-05-30 12:37:00,2.37,2.37,2.37,2.37,146.0,CDXS
2023-05-30 12:35:00,2.375,2.375,2.375,2.375,100.0,CDXS
2023-05-30 12:32:00,2.375,2.375,2.375,2.375,330.0,CDXS
2023-05-30 12:31:00,2.375,2.375,2.375,2.375,101.0,CDXS
2023-05-30 12:30:00,2.37,2.375,2.37,2.375,364.0,CDXS
2023-05-30 12:28:00,2.37,2.375,2.37,2.375,200.0,CDXS
2023-05-30 12:27:00,2.375,2.375,2.375,2.375,221.0,CDXS
2023-05-30 12:25:00,2.38,2.38,2.38,2.38,199.0,CDXS
2023-05-30 12:24:00,2.375,2.375,2.3741,2.3741,1100.0,CDXS
2023-05-30 12:18:00,2.37,2.375,2.37,2.375,332.0,CDXS
2023-05-30 12:17:00,2.38,2.38,2.38,2.38,1840.0,CDXS
2023-05-30 12:16:00,2.38,2.385,2.38,2.385,2606.0,CDXS
2023-05-30 12:15:00,2.38,2.38,2.38,2.38,200.0,CDXS
2023-05-30 12:14:00,2.37,2.37,2.37,2.37,178.0,CDXS
2023-05-30 12:12:00,2.37,2.375,2.37,2.375,383.0,CDXS
2023-05-30 12:11:00,2.385,2.385,2.375,2.375,4857.0,CDXS
2023-05-30 12:05:00,2.395,2.395,2.39,2.39,1761.0,CDXS
2023-05-30 11:59:00,2.4,2.4,2.4,2.4,1064.0,CDXS
2023-05-30 11:57:00,2.405,2.405,2.4,2.405,512.0,CDXS
2023-05-30 11:56:00,2.395,2.415,2.395,2.405,8323.0,CDXS
2023-05-30 11:53:00,2.39,2.39,2.39,2.39,125.0,CDXS
2023-05-30 11:52:00,2.395,2.395,2.395,2.395,115.0,CDXS
2023-05-30 11:46:00,2.395,2.395,2.395,2.395,200.0,CDXS
2023-05-30 11:45:00,2.39,2.39,2.39,2.39,100.0,CDXS
2023-05-30 11:44:00,2.39,2.395,2.39,2.395,4180.0,CDXS
2023-05-30 11:42:00,2.395,2.395,2.395,2.395,200.0,CDXS
2023-05-30 11:38:00,2.39,2.3996,2.3898,2.395,1548.0,CDXS
2023-05-30 11:37:00,2.385,2.39,2.385,2.39,4483.0,CDXS
2023-05-30 11:35:00,2.3808,2.385,2.3808,2.385,808.0,CDXS
2023-05-30 11:33:00,2.3801,2.3801,2.3801,2.3801,200.0,CDXS
2023-05-30 11:32:00,2.385,2.385,2.385,2.385,216.0,CDXS
2023-05-30 11:30:00,2.3841,2.3841,2.3841,2.3841,1050.0,CDXS
2023-05-30 11:29:00,2.38,2.385,2.37,2.385,2238.0,CDXS
2023-05-30 11:27:00,2.365,2.375,2.365,2.375,6023.0,CDXS
2023-05-30 11:24:00,2.36,2.36,2.36,2.36,100.0,CDXS
2023-05-30 11:22:00,2.365,2.365,2.36,2.36,306.0,CDXS
2023-05-30 11:21:00,2.37,2.37,2.37,2.37,235.0,CDXS
2023-05-30 11:20:00,2.38,2.38,2.37,2.37,2341.0,CDXS
2023-05-30 11:14:00,2.38,2.385,2.38,2.385,200.0,CDXS
2023-05-30 11:13:00,2.385,2.385,2.38,2.38,325.0,CDXS
2023-05-30 11:12:00,2.39,2.39,2.385,2.385,1162.0,CDXS
2023-05-30 11:10:00,2.39,2.39,2.39,2.39,200.0,CDXS
2023-05-30 11:09:00,2.4,2.4,2.395,2.395,3092.0,CDXS
2023-05-30 11:08:00,2.4,2.4,2.4,2.4,211.0,CDXS
2023-05-30 11:07:00,2.41,2.41,2.41,2.41,1194.0,CDXS
2023-05-30 11:06:00,2.405,2.405,2.4,2.405,502.0,CDXS
2023-05-30 11:05:00,2.395,2.405,2.395,2.405,5245.0,CDXS
2023-05-30 11:00:00,2.395,2.395,2.39,2.39,388.0,CDXS
2023-05-30 10:59:00,2.395,2.4,2.395,2.4,4922.0,CDXS
2023-05-30 10:58:00,2.395,2.395,2.395,2.395,135.0,CDXS
2023-05-30 10:57:00,2.39,2.395,2.39,2.395,1201.0,CDXS
2023-05-30 10:55:00,2.395,2.395,2.395,2.395,500.0,CDXS
2023-05-30 10:54:00,2.405,2.405,2.395,2.395,1539.0,CDXS
2023-05-30 10:53:00,2.415,2.415,2.41,2.41,3328.0,CDXS
2023-05-30 10:52:00,2.41,2.415,2.4077,2.41,5181.0,CDXS
2023-05-30 10:50:00,2.405,2.405,2.405,2.405,210.0,CDXS
2023-05-30 10:49:00,2.405,2.405,2.405,2.405,100.0,CDXS
2023-05-30 10:47:00,2.41,2.41,2.405,2.405,200.0,CDXS
2023-05-30 10:46:00,2.41,2.415,2.41,2.41,1434.0,CDXS
2023-05-30 10:45:00,2.4,2.405,2.4,2.405,5300.0,CDXS
2023-05-30 10:43:00,2.395,2.395,2.395,2.395,100.0,CDXS
2023-05-30 10:42:00,2.4,2.4,2.4,2.4,1261.0,CDXS
2023-05-30 10:41:00,2.41,2.41,2.4,2.4,1006.0,CDXS
2023-05-30 10:39:00,2.415,2.415,2.405,2.41,5632.0,CDXS
2023-05-30 10:38:00,2.4,2.41,2.4,2.405,5720.0,CDXS
2023-05-30 10:37:00,2.39,2.4,2.39,2.4,3292.0,CDXS
2023-05-30 10:36:00,2.385,2.395,2.385,2.395,3308.0,CDXS
2023-05-30 10:34:00,2.37,2.38,2.37,2.38,1151.0,CDXS
2023-05-30 10:33:00,2.38,2.38,2.38,2.38,686.0,CDXS
2023-05-30 10:32:00,2.3849,2.3849,2.3849,2.3849,101.0,CDXS
2023-05-30 10:31:00,2.375,2.38,2.375,2.38,5409.0,CDXS
2023-05-30 10:30:00,2.37,2.375,2.365,2.375,3692.0,CDXS
2023-05-30 10:29:00,2.38,2.38,2.37,2.37,1900.0,CDXS
2023-05-30 10:27:00,2.38,2.38,2.38,2.38,2123.0,CDXS
2023-05-30 10:25:00,2.385,2.385,2.38,2.385,1100.0,CDXS
2023-05-30 10:24:00,2.385,2.3885,2.385,2.3885,320.0,CDXS
2023-05-30 10:23:00,2.395,2.395,2.385,2.385,3014.0,CDXS
2023-05-30 10:21:00,2.395,2.395,2.395,2.395,264.0,CDXS
2023-05-30 10:20:00,2.3837,2.395,2.3837,2.395,8968.0,CDXS
2023-05-30 10:19:00,2.38,2.385,2.38,2.385,317.0,CDXS
2023-05-30 10:18:00,2.3847,2.3847,2.3847,2.3847,120.0,CDXS
2023-05-30 10:17:00,2.38,2.38,2.38,2.38,300.0,CDXS
2023-05-30 10:16:00,2.385,2.385,2.385,2.385,111.0,CDXS
2023-05-30 10:15:00,2.385,2.385,2.38,2.38,559.0,CDXS
2023-05-30 10:14:00,2.39,2.39,2.38,2.38,2861.0,CDXS
2023-05-30 10:13:00,2.3999,2.4,2.395,2.395,3702.0,CDXS
2023-05-30 10:12:00,2.41,2.41,2.4,2.4,5395.0,CDXS
2023-05-30 10:11:00,2.415,2.415,2.415,2.415,101.0,CDXS
2023-05-30 10:10:00,2.42,2.42,2.41,2.415,3586.0,CDXS
2023-05-30 10:09:00,2.425,2.425,2.425,2.425,145.0,CDXS
2023-05-30 10:08:00,2.43,2.43,2.4241,2.4241,1074.0,CDXS
2023-05-30 10:07:00,2.425,2.425,2.425,2.425,100.0,CDXS
2023-05-30 10:06:00,2.425,2.425,2.425,2.425,139.0,CDXS
2023-05-30 10:05:00,2.4294,2.4294,2.4294,2.4294,5877.0,CDXS
2023-05-30 10:03:00,2.425,2.425,2.425,2.425,200.0,CDXS
2023-05-30 10:02:00,2.43,2.43,2.43,2.43,376.0,CDXS
2023-05-30 10:01:00,2.43,2.43,2.43,2.43,3941.0,CDXS
2023-05-30 10:00:00,2.44,2.44,2.44,2.44,756.0,CDXS
2023-05-30 09:59:00,2.45,2.45,2.445,2.445,767.0,CDXS
2023-05-30 09:58:00,2.455,2.455,2.445,2.45,3152.0,CDXS
2023-05-30 09:57:00,2.46,2.46,2.46,2.46,2301.0,CDXS
2023-05-30 09:56:00,2.47,2.47,2.465,2.465,11376.0,CDXS
2023-05-30 09:55:00,2.475,2.475,2.47,2.47,3756.0,CDXS
2023-05-30 09:54:00,2.47,2.475,2.47,2.475,4758.0,CDXS
2023-05-30 09:53:00,2.49,2.49,2.47,2.47,836.0,CDXS
2023-05-30 09:52:00,2.49,2.49,2.49,2.49,706.0,CDXS
2023-05-30 09:51:00,2.485,2.49,2.485,2.49,3187.0,CDXS
2023-05-30 09:47:00,2.49,2.49,2.49,2.49,1995.0,CDXS
2023-05-30 09:46:00,2.48,2.48,2.48,2.48,1703.0,CDXS
2023-05-30 09:45:00,2.49,2.49,2.49,2.49,2182.0,CDXS
2023-05-30 09:44:00,2.5,2.5,2.5,2.5,473.0,CDXS
2023-05-30 09:43:00,2.5,2.51,2.5,2.51,3242.0,CDXS
2023-05-30 09:42:00,2.5,2.5089,2.5,2.5089,1032.0,CDXS
2023-05-30 09:41:00,2.49,2.495,2.49,2.495,642.0,CDXS
2023-05-30 09:39:00,2.5,2.5,2.495,2.495,603.0,CDXS
2023-05-30 09:38:00,2.52,2.52,2.5006,2.5006,953.0,CDXS
2023-05-30 09:37:00,2.51,2.525,2.51,2.525,3087.0,CDXS
2023-05-30 09:36:00,2.5096,2.52,2.5096,2.52,2617.0,CDXS
2023-05-30 09:35:00,2.48,2.51,2.48,2.51,9488.0,CDXS
2023-05-30 09:34:00,2.4985,2.5,2.475,2.475,1221.0,CDXS
2023-05-30 09:33:00,2.5,2.5,2.5,2.5,202.0,CDXS
2023-05-30 09:32:00,2.5,2.505,2.5,2.5,5067.0,CDXS
2023-05-30 09:31:00,2.5,2.5,2.48,2.5,3296.0,CDXS
2023-05-30 09:30:00,2.55,2.55,2.48,2.51,6161.0,CDXS
2023-05-30 09:02:00,2.5,2.5,2.5,2.5,276.0,CDXS
2023-05-30 08:00:00,2.39,2.39,2.39,2.39,300.0,CDXS
2023-05-26 17:55:00,2.54,2.54,2.54,2.54,1000.0,CDXS
2023-05-26 17:54:00,2.55,2.55,2.55,2.55,1500.0,CDXS
2023-05-26 17:53:00,2.52,2.52,2.52,2.52,500.0,CDXS
2023-05-26 17:49:00,2.63,2.63,2.52,2.52,2000.0,CDXS
2023-05-26 15:59:00,2.47,2.47,2.46,2.46,16199.0,CDXS
2023-05-26 15:58:00,2.47,2.47,2.46,2.465,5557.0,CDXS
2023-05-26 15:57:00,2.47,2.47,2.46,2.47,4122.0,CDXS
2023-05-26 15:56:00,2.47,2.47,2.465,2.47,2463.0,CDXS
2023-05-26 15:55:00,2.47,2.47,2.4625,2.47,2421.0,CDXS
2023-05-26 15:54:00,2.47,2.47,2.46,2.465,2212.0,CDXS
2023-05-26 15:53:00,2.47,2.47,2.465,2.47,1574.0,CDXS
2023-05-26 15:52:00,2.465,2.47,2.46,2.47,2120.0,CDXS
2023-05-26 15:51:00,2.47,2.47,2.465,2.47,1939.0,CDXS
2023-05-26 15:50:00,2.47,2.47,2.465,2.465,1710.0,CDXS
2023-05-26 15:49:00,2.47,2.47,2.4625,2.47,626.0,CDXS
2023-05-26 15:48:00,2.47,2.47,2.4692,2.4692,776.0,CDXS
2023-05-26 15:47:00,2.47,2.47,2.465,2.47,1354.0,CDXS
2023-05-26 15:46:00,2.47,2.47,2.47,2.47,646.0,CDXS
2023-05-26 15:45:00,2.47,2.47,2.47,2.47,409.0,CDXS
2023-05-26 15:44:00,2.465,2.47,2.465,2.47,1461.0,CDXS
2023-05-26 15:43:00,2.47,2.47,2.465,2.47,910.0,CDXS
2023-05-26 15:42:00,2.465,2.465,2.465,2.465,543.0,CDXS
2023-05-26 15:41:00,2.47,2.475,2.465,2.465,8679.0,CDXS
2023-05-26 15:40:00,2.47,2.47,2.465,2.465,876.0,CDXS
2023-05-26 15:39:00,2.465,2.465,2.465,2.465,379.0,CDXS
2023-05-26 15:38:00,2.465,2.47,2.465,2.465,1252.0,CDXS
2023-05-26 15:37:00,2.465,2.465,2.465,2.465,950.0,CDXS
2023-05-26 15:36:00,2.465,2.465,2.465,2.465,247.0,CDXS
2023-05-26 15:35:00,2.47,2.47,2.47,2.47,4724.0,CDXS
2023-05-26 15:34:00,2.48,2.48,2.475,2.475,350.0,CDXS
2023-05-26 15:33:00,2.48,2.48,2.48,2.48,100.0,CDXS
2023-05-26 15:32:00,2.475,2.48,2.475,2.48,300.0,CDXS
2023-05-26 15:31:00,2.475,2.475,2.475,2.475,166.0,CDXS
2023-05-26 15:30:00,2.475,2.475,2.475,2.475,358.0,CDXS
2023-05-26 15:29:00,2.48,2.48,2.475,2.475,691.0,CDXS
2023-05-26 15:28:00,2.48,2.48,2.47,2.475,7658.0,CDXS
2023-05-26 15:27:00,2.49,2.49,2.49,2.49,672.0,CDXS
2023-05-26 15:26:00,2.49,2.49,2.49,2.49,108.0,CDXS
2023-05-26 15:25:00,2.49,2.49,2.49,2.49,429.0,CDXS
2023-05-26 15:24:00,2.49,2.49,2.49,2.49,356.0,CDXS
2023-05-26 15:23:00,2.49,2.49,2.49,2.49,236.0,CDXS
2023-05-26 15:22:00,2.49,2.49,2.49,2.49,284.0,CDXS
2023-05-26 15:21:00,2.485,2.49,2.485,2.485,762.0,CDXS
2023-05-26 15:20:00,2.485,2.485,2.485,2.485,100.0,CDXS
2023-05-26 15:19:00,2.49,2.49,2.49,2.49,207.0,CDXS
2023-05-26 15:17:00,2.49,2.49,2.49,2.49,1902.0,CDXS
2023-05-26 15:16:00,2.49,2.49,2.49,2.49,110.0,CDXS
2023-05-26 15:15:00,2.49,2.49,2.49,2.49,465.0,CDXS
2023-05-26 15:14:00,2.485,2.49,2.485,2.49,703.0,CDXS
2023-05-26 15:13:00,2.485,2.49,2.485,2.485,1551.0,CDXS
2023-05-26 15:12:00,2.49,2.49,2.49,2.49,1562.0,CDXS
2023-05-26 15:11:00,2.49,2.49,2.489,2.489,396.0,CDXS
2023-05-26 15:08:00,2.49,2.49,2.49,2.49,200.0,CDXS
2023-05-26 15:07:00,2.49,2.49,2.49,2.49,327.0,CDXS
2023-05-26 15:06:00,2.485,2.485,2.485,2.485,100.0,CDXS
2023-05-26 15:05:00,2.49,2.49,2.49,2.49,228.0,CDXS
2023-05-26 15:04:00,2.49,2.49,2.485,2.485,419.0,CDXS
2023-05-26 15:03:00,2.49,2.49,2.49,2.49,221.0,CDXS
2023-05-26 15:02:00,2.485,2.485,2.48,2.48,676.0,CDXS
2023-05-26 15:01:00,2.49,2.49,2.49,2.49,418.0,CDXS
2023-05-26 15:00:00,2.485,2.485,2.485,2.485,407.0,CDXS
2023-05-26 14:59:00,2.485,2.485,2.485,2.485,101.0,CDXS
2023-05-26 14:58:00,2.49,2.49,2.485,2.485,355.0,CDXS
2023-05-26 14:57:00,2.485,2.485,2.485,2.485,104.0,CDXS
2023-05-26 14:56:00,2.485,2.485,2.485,2.485,185.0,CDXS
2023-05-26 14:55:00,2.485,2.485,2.485,2.485,427.0,CDXS
2023-05-26 14:54:00,2.485,2.485,2.485,2.485,118.0,CDXS
2023-05-26 14:53:00,2.48,2.49,2.48,2.49,1215.0,CDXS
2023-05-26 14:52:00,2.48,2.48,2.48,2.48,400.0,CDXS
2023-05-26 14:51:00,2.48,2.48,2.48,2.48,115.0,CDXS
2023-05-26 14:49:00,2.48,2.48,2.48,2.48,300.0,CDXS
2023-05-26 14:48:00,2.475,2.475,2.475,2.475,188.0,CDXS
2023-05-26 14:47:00,2.48,2.48,2.48,2.48,134.0,CDXS
2023-05-26 14:45:00,2.47,2.475,2.47,2.475,721.0,CDXS
2023-05-26 14:44:00,2.47,2.47,2.47,2.47,218.0,CDXS
2023-05-26 14:43:00,2.47,2.47,2.47,2.47,302.0,CDXS
2023-05-26 14:42:00,2.465,2.465,2.465,2.465,243.0,CDXS
2023-05-26 14:41:00,2.465,2.465,2.465,2.465,127.0,CDXS
2023-05-26 14:40:00,2.47,2.47,2.47,2.47,196.0,CDXS
2023-05-26 14:38:00,2.47,2.47,2.465,2.47,1720.0,CDXS
2023-05-26 14:37:00,2.47,2.47,2.465,2.465,338.0,CDXS
2023-05-26 14:36:00,2.465,2.47,2.465,2.47,239.0,CDXS
2023-05-26 14:34:00,2.47,2.47,2.465,2.465,1066.0,CDXS
2023-05-26 14:33:00,2.465,2.465,2.465,2.465,100.0,CDXS
2023-05-26 14:32:00,2.465,2.465,2.465,2.465,359.0,CDXS
2023-05-26 14:31:00,2.465,2.465,2.465,2.465,305.0,CDXS
2023-05-26 14:30:00,2.465,2.47,2.465,2.47,344.0,CDXS
2023-05-26 14:29:00,2.47,2.47,2.47,2.47,120.0,CDXS
2023-05-26 14:28:00,2.47,2.47,2.47,2.47,100.0,CDXS
2023-05-26 14:27:00,2.47,2.47,2.465,2.465,611.0,CDXS
2023-05-26 14:26:00,2.47,2.47,2.47,2.47,119.0,CDXS
2023-05-26 14:25:00,2.47,2.47,2.47,2.47,100.0,CDXS
2023-05-26 14:24:00,2.47,2.47,2.47,2.47,820.0,CDXS
2023-05-26 14:23:00,2.468,2.468,2.468,2.468,119.0,CDXS
2023-05-26 14:22:00,2.47,2.47,2.47,2.47,115.0,CDXS
2023-05-26 14:20:00,2.47,2.47,2.47,2.47,103.0,CDXS
2023-05-26 14:18:00,2.46,2.47,2.46,2.47,717.0,CDXS
2023-05-26 14:17:00,2.46,2.46,2.46,2.46,518.0,CDXS
2023-05-26 14:16:00,2.46,2.46,2.46,2.46,420.0,CDXS
2023-05-26 14:15:00,2.4573,2.46,2.4573,2.46,300.0,CDXS
2023-05-26 14:14:00,2.46,2.46,2.46,2.46,928.0,CDXS
2023-05-26 14:13:00,2.46,2.46,2.46,2.46,100.0,CDXS
2023-05-26 14:12:00,2.4525,2.4525,2.4525,2.4525,130.0,CDXS
2023-05-26 14:11:00,2.455,2.46,2.455,2.46,9828.0,CDXS
2023-05-26 14:10:00,2.45,2.45,2.45,2.45,100.0,CDXS
2023-05-26 14:09:00,2.445,2.45,2.445,2.45,4304.0,CDXS
2023-05-26 14:08:00,2.445,2.445,2.445,2.445,468.0,CDXS
2023-05-26 14:07:00,2.445,2.445,2.44,2.44,825.0,CDXS
2023-05-26 14:06:00,2.44,2.44,2.44,2.44,101.0,CDXS
2023-05-26 14:05:00,2.45,2.45,2.45,2.45,2687.0,CDXS
2023-05-26 14:04:00,2.455,2.455,2.455,2.455,204.0,CDXS
2023-05-26 14:03:00,2.455,2.455,2.455,2.455,255.0,CDXS
2023-05-26 14:01:00,2.4587,2.4587,2.455,2.455,2177.0,CDXS
2023-05-26 14:00:00,2.459,2.46,2.4585,2.46,1436.0,CDXS
2023-05-26 13:59:00,2.4595,2.4596,2.455,2.455,1003.0,CDXS
2023-05-26 13:57:00,2.46,2.46,2.46,2.46,100.0,CDXS
2023-05-26 13:56:00,2.455,2.455,2.45,2.455,411.0,CDXS
2023-05-26 13:55:00,2.455,2.46,2.455,2.46,1102.0,CDXS
2023-05-26 13:54:00,2.455,2.459,2.453,2.453,1706.0,CDXS
2023-05-26 13:53:00,2.46,2.46,2.46,2.46,341.0,CDXS
2023-05-26 13:52:00,2.46,2.46,2.46,2.46,152.0,CDXS
2023-05-26 13:49:00,2.455,2.46,2.455,2.46,300.0,CDXS
2023-05-26 13:48:00,2.455,2.455,2.455,2.455,446.0,CDXS
2023-05-26 13:47:00,2.45,2.45,2.45,2.45,507.0,CDXS
2023-05-26 13:45:00,2.455,2.4594,2.45,2.45,1300.0,CDXS
2023-05-26 13:44:00,2.455,2.455,2.455,2.455,107.0,CDXS
2023-05-26 13:43:00,2.455,2.455,2.455,2.455,150.0,CDXS
2023-05-26 13:41:00,2.475,2.475,2.46,2.46,6276.0,CDXS
2023-05-26 13:40:00,2.48,2.48,2.475,2.475,215.0,CDXS
2023-05-26 13:39:00,2.475,2.475,2.475,2.475,708.0,CDXS
2023-05-26 13:38:00,2.475,2.48,2.475,2.48,237.0,CDXS
2023-05-26 13:37:00,2.48,2.48,2.475,2.48,318.0,CDXS
2023-05-26 13:36:00,2.475,2.48,2.475,2.48,500.0,CDXS
2023-05-26 13:34:00,2.48,2.48,2.48,2.48,2310.0,CDXS
2023-05-26 13:33:00,2.47,2.48,2.47,2.475,3796.0,CDXS
2023-05-26 13:32:00,2.47,2.47,2.465,2.465,437.0,CDXS
2023-05-26 13:31:00,2.465,2.47,2.465,2.47,562.0,CDXS
2023-05-26 13:30:00,2.46,2.465,2.46,2.465,785.0,CDXS
2023-05-26 13:29:00,2.46,2.46,2.46,2.46,559.0,CDXS
2023-05-26 13:28:00,2.45,2.45,2.45,2.45,226.0,CDXS
2023-05-26 13:27:00,2.46,2.46,2.455,2.455,409.0,CDXS
2023-05-26 13:26:00,2.455,2.46,2.455,2.46,2869.0,CDXS
2023-05-26 13:23:00,2.45,2.455,2.45,2.455,222.0,CDXS
2023-05-26 13:22:00,2.455,2.455,2.455,2.455,100.0,CDXS
2023-05-26 13:18:00,2.455,2.455,2.455,2.455,100.0,CDXS
2023-05-26 13:17:00,2.455,2.455,2.455,2.455,100.0,CDXS
2023-05-26 13:16:00,2.46,2.46,2.455,2.455,633.0,CDXS
2023-05-26 13:15:00,2.465,2.465,2.465,2.465,550.0,CDXS
2023-05-26 13:14:00,2.46,2.46,2.46,2.46,117.0,CDXS
2023-05-26 13:11:00,2.47,2.47,2.47,2.47,1488.0,CDXS
2023-05-26 13:10:00,2.47,2.47,2.47,2.47,451.0,CDXS
2023-05-26 13:09:00,2.47,2.47,2.47,2.47,610.0,CDXS
2023-05-26 13:08:00,2.4801,2.4801,2.4715,2.4715,8273.0,CDXS
2023-05-26 13:07:00,2.485,2.485,2.48,2.48,9639.0,CDXS
2023-05-26 13:05:00,2.48,2.495,2.48,2.49,3683.0,CDXS
2023-05-26 13:03:00,2.475,2.48,2.475,2.48,550.0,CDXS
2023-05-26 13:02:00,2.475,2.475,2.475,2.475,100.0,CDXS
2023-05-26 13:01:00,2.4611,2.475,2.4611,2.47,3488.0,CDXS
2023-05-26 13:00:00,2.47,2.47,2.47,2.47,200.0,CDXS
2023-05-26 12:56:00,2.465,2.47,2.465,2.47,328.0,CDXS
2023-05-26 12:55:00,2.465,2.465,2.465,2.465,100.0,CDXS
2023-05-26 12:54:00,2.46,2.4627,2.46,2.4627,389.0,CDXS
2023-05-26 12:53:00,2.4685,2.4685,2.4685,2.4685,255.0,CDXS
2023-05-26 12:52:00,2.465,2.465,2.465,2.465,140.0,CDXS
2023-05-26 12:50:00,2.47,2.47,2.465,2.465,1112.0,CDXS
2023-05-26 12:49:00,2.475,2.475,2.47,2.47,1345.0,CDXS
2023-05-26 12:48:00,2.48,2.48,2.47,2.475,5506.0,CDXS
2023-05-26 12:47:00,2.475,2.48,2.475,2.48,1738.0,CDXS
2023-05-26 12:46:00,2.455,2.47,2.455,2.46,5945.0,CDXS
2023-05-26 12:45:00,2.45,2.455,2.445,2.455,5040.0,CDXS
2023-05-26 12:44:00,2.45,2.455,2.45,2.45,727.0,CDXS
2023-05-26 12:43:00,2.455,2.455,2.45,2.455,924.0,CDXS
2023-05-26 12:42:00,2.455,2.455,2.455,2.455,200.0,CDXS
2023-05-26 12:41:00,2.45,2.455,2.45,2.45,3129.0,CDXS
2023-05-26 12:40:00,2.45,2.45,2.45,2.45,300.0,CDXS
2023-05-26 12:39:00,2.45,2.45,2.45,2.45,834.0,CDXS
2023-05-26 12:37:00,2.45,2.45,2.45,2.45,200.0,CDXS
2023-05-26 12:35:00,2.45,2.45,2.445,2.45,3229.0,CDXS
2023-05-26 12:33:00,2.445,2.445,2.445,2.445,200.0,CDXS
2023-05-26 12:31:00,2.45,2.45,2.45,2.45,2422.0,CDXS
2023-05-26 12:30:00,2.445,2.445,2.44,2.445,668.0,CDXS
2023-05-26 12:29:00,2.44,2.44,2.44,2.44,244.0,CDXS
2023-05-26 12:27:00,2.45,2.45,2.445,2.445,10622.0,CDXS
2023-05-26 12:26:00,2.45,2.45,2.45,2.45,105.0,CDXS
2023-05-26 12:24:00,2.445,2.445,2.445,2.445,134.0,CDXS
2023-05-26 12:22:00,2.445,2.445,2.445,2.445,246.0,CDXS
2023-05-26 12:21:00,2.45,2.45,2.45,2.45,318.0,CDXS
2023-05-26 12:19:00,2.45,2.45,2.45,2.45,912.0,CDXS
2023-05-26 12:18:00,2.45,2.45,2.45,2.45,264.0,CDXS
2023-05-26 12:17:00,2.44,2.445,2.44,2.445,942.0,CDXS
2023-05-26 12:16:00,2.445,2.445,2.445,2.445,100.0,CDXS
2023-05-26 12:15:00,2.445,2.445,2.445,2.445,299.0,CDXS
2023-05-26 12:14:00,2.445,2.445,2.445,2.445,200.0,CDXS
2023-05-26 12:13:00,2.45,2.45,2.45,2.45,1543.0,CDXS
2023-05-26 12:11:00,2.445,2.45,2.445,2.45,425.0,CDXS
2023-05-26 12:10:00,2.445,2.445,2.445,2.445,125.0,CDXS
2023-05-26 12:08:00,2.44,2.445,2.44,2.445,915.0,CDXS
2023-05-26 12:07:00,2.425,2.435,2.425,2.435,2887.0,CDXS
2023-05-26 12:06:00,2.425,2.425,2.425,2.425,100.0,CDXS
2023-05-26 12:04:00,2.425,2.425,2.425,2.425,200.0,CDXS
2023-05-26 12:03:00,2.425,2.425,2.425,2.425,500.0,CDXS
2023-05-26 12:02:00,2.42,2.42,2.42,2.42,2533.0,CDXS
2023-05-26 12:00:00,2.425,2.425,2.415,2.415,5569.0,CDXS
2023-05-26 11:59:00,2.425,2.43,2.425,2.425,842.0,CDXS
2023-05-26 11:56:00,2.425,2.43,2.425,2.425,2225.0,CDXS
2023-05-26 11:54:00,2.425,2.425,2.425,2.425,595.0,CDXS
2023-05-26 11:53:00,2.425,2.43,2.425,2.43,632.0,CDXS
2023-05-26 11:52:00,2.425,2.425,2.425,2.425,700.0,CDXS
2023-05-26 11:51:00,2.425,2.425,2.425,2.425,750.0,CDXS
2023-05-26 11:50:00,2.425,2.425,2.425,2.425,102.0,CDXS
2023-05-26 11:49:00,2.43,2.43,2.43,2.43,373.0,CDXS
2023-05-26 11:48:00,2.425,2.425,2.425,2.425,100.0,CDXS
2023-05-26 11:47:00,2.43,2.43,2.43,2.43,214.0,CDXS
2023-05-26 11:46:00,2.425,2.425,2.425,2.425,109.0,CDXS
2023-05-26 11:45:00,2.4285,2.4285,2.4285,2.4285,101.0,CDXS
2023-05-26 11:42:00,2.43,2.43,2.425,2.425,809.0,CDXS
2023-05-26 11:41:00,2.421,2.421,2.421,2.421,354.0,CDXS
2023-05-26 11:40:00,2.425,2.425,2.425,2.425,458.0,CDXS
2023-05-26 11:39:00,2.425,2.425,2.425,2.425,216.0,CDXS
2023-05-26 11:38:00,2.425,2.425,2.425,2.425,258.0,CDXS
2023-05-26 11:35:00,2.435,2.435,2.425,2.425,4776.0,CDXS
2023-05-26 11:34:00,2.435,2.435,2.435,2.435,117.0,CDXS
2023-05-26 11:33:00,2.435,2.435,2.435,2.435,500.0,CDXS
2023-05-26 11:32:00,2.435,2.435,2.4301,2.435,603.0,CDXS
2023-05-26 11:30:00,2.435,2.4385,2.435,2.4385,605.0,CDXS
2023-05-26 11:29:00,2.44,2.44,2.43,2.43,207.0,CDXS
2023-05-26 11:28:00,2.435,2.435,2.435,2.435,134.0,CDXS
2023-05-26 11:27:00,2.44,2.44,2.435,2.435,696.0,CDXS
2023-05-26 11:26:00,2.44,2.44,2.44,2.44,1402.0,CDXS
2023-05-26 11:22:00,2.43,2.435,2.43,2.435,793.0,CDXS
2023-05-26 11:21:00,2.435,2.435,2.435,2.435,428.0,CDXS
2023-05-26 11:20:00,2.435,2.435,2.435,2.435,202.0,CDXS
2023-05-26 11:19:00,2.44,2.44,2.435,2.435,3722.0,CDXS
2023-05-26 11:18:00,2.44,2.44,2.44,2.44,964.0,CDXS
2023-05-26 11:17:00,2.435,2.435,2.435,2.435,225.0,CDXS
2023-05-26 11:13:00,2.43,2.44,2.43,2.435,7045.0,CDXS
2023-05-26 11:12:00,2.44,2.44,2.44,2.44,1847.0,CDXS
2023-05-26 11:11:00,2.44,2.44,2.44,2.44,876.0,CDXS
2023-05-26 11:10:00,2.44,2.445,2.44,2.44,3991.0,CDXS
2023-05-26 11:09:00,2.45,2.45,2.45,2.45,3968.0,CDXS
2023-05-26 11:08:00,2.455,2.455,2.45,2.455,1401.0,CDXS
2023-05-26 11:07:00,2.45,2.455,2.45,2.455,1033.0,CDXS
2023-05-26 11:06:00,2.45,2.455,2.45,2.455,200.0,CDXS
2023-05-26 11:05:00,2.4585,2.4585,2.45,2.45,1309.0,CDXS
2023-05-26 11:04:00,2.45,2.46,2.45,2.45,28272.0,CDXS
2023-05-26 11:03:00,2.445,2.45,2.445,2.445,317.0,CDXS
2023-05-26 11:02:00,2.45,2.45,2.445,2.445,790.0,CDXS
2023-05-26 11:01:00,2.45,2.45,2.445,2.45,1044.0,CDXS
2023-05-26 11:00:00,2.45,2.45,2.45,2.45,1618.0,CDXS
2023-05-26 10:59:00,2.45,2.45,2.45,2.45,387.0,CDXS
2023-05-26 10:58:00,2.45,2.45,2.445,2.45,7054.0,CDXS
2023-05-26 10:57:00,2.448,2.45,2.448,2.45,433.0,CDXS
2023-05-26 10:56:00,2.45,2.45,2.45,2.45,409.0,CDXS
2023-05-26 10:55:00,2.45,2.45,2.45,2.45,669.0,CDXS
2023-05-26 10:54:00,2.45,2.45,2.45,2.45,395.0,CDXS
2023-05-26 10:53:00,2.45,2.45,2.45,2.45,100.0,CDXS
2023-05-26 10:52:00,2.445,2.445,2.445,2.445,244.0,CDXS
2023-05-26 10:51:00,2.445,2.445,2.445,2.445,411.0,CDXS
2023-05-26 10:50:00,2.445,2.445,2.445,2.445,328.0,CDXS
2023-05-26 10:49:00,2.45,2.45,2.45,2.45,1152.0,CDXS
2023-05-26 10:48:00,2.45,2.45,2.45,2.45,517.0,CDXS
2023-05-26 10:47:00,2.45,2.45,2.4497,2.4497,646.0,CDXS
2023-05-26 10:46:00,2.45,2.45,2.44,2.45,23790.0,CDXS
2023-05-26 10:45:00,2.45,2.455,2.45,2.45,557.0,CDXS
2023-05-26 10:44:00,2.45,2.45,2.45,2.45,499.0,CDXS
2023-05-26 10:43:00,2.45,2.45,2.45,2.45,152.0,CDXS
2023-05-26 10:42:00,2.45,2.45,2.45,2.45,149.0,CDXS
2023-05-26 10:41:00,2.455,2.455,2.45,2.45,1102.0,CDXS
2023-05-26 10:40:00,2.45,2.45,2.45,2.45,625.0,CDXS
2023-05-26 10:39:00,2.455,2.455,2.45,2.45,5619.0,CDXS
2023-05-26 10:38:00,2.445,2.45,2.44,2.45,50360.0,CDXS
2023-05-26 10:34:00,2.44,2.44,2.44,2.44,559.0,CDXS
2023-05-26 10:31:00,2.45,2.45,2.445,2.445,2742.0,CDXS
2023-05-26 10:30:00,2.45,2.455,2.45,2.455,21591.0,CDXS
2023-05-26 10:29:00,2.45,2.45,2.445,2.445,13012.0,CDXS
2023-05-26 10:28:00,2.445,2.45,2.445,2.45,540.0,CDXS
2023-05-26 10:27:00,2.445,2.445,2.445,2.445,170.0,CDXS
2023-05-26 10:26:00,2.44,2.44,2.44,2.44,312.0,CDXS
2023-05-26 10:24:00,2.45,2.45,2.45,2.45,6401.0,CDXS
2023-05-26 10:23:00,2.445,2.445,2.445,2.445,130.0,CDXS
2023-05-26 10:19:00,2.45,2.45,2.45,2.45,816.0,CDXS
2023-05-26 10:18:00,2.46,2.46,2.45,2.45,2286.0,CDXS
2023-05-26 10:17:00,2.45,2.46,2.45,2.46,1735.0,CDXS
2023-05-26 10:16:00,2.4425,2.4425,2.4409,2.4409,2920.0,CDXS
2023-05-26 10:15:00,2.449,2.449,2.445,2.445,660.0,CDXS
2023-05-26 10:14:00,2.45,2.455,2.45,2.45,2963.0,CDXS
2023-05-26 10:13:00,2.45,2.455,2.45,2.455,201.0,CDXS
2023-05-26 10:12:00,2.455,2.455,2.455,2.455,130.0,CDXS
2023-05-26 10:10:00,2.455,2.4585,2.45,2.4585,451.0,CDXS
2023-05-26 10:09:00,2.455,2.455,2.455,2.455,200.0,CDXS
2023-05-26 10:08:00,2.455,2.46,2.45,2.455,18698.0,CDXS
2023-05-26 10:07:00,2.46,2.46,2.455,2.455,6313.0,CDXS
2023-05-26 10:06:00,2.455,2.46,2.455,2.46,3624.0,CDXS
2023-05-26 10:05:00,2.455,2.46,2.455,2.455,2334.0,CDXS
2023-05-26 10:04:00,2.45,2.46,2.45,2.455,5818.0,CDXS
2023-05-26 10:03:00,2.46,2.46,2.46,2.46,662.0,CDXS
2023-05-26 10:01:00,2.47,2.47,2.46,2.46,4437.0,CDXS
2023-05-26 09:58:00,2.49,2.49,2.47,2.475,7305.0,CDXS
2023-05-26 09:57:00,2.49,2.49,2.49,2.49,529.0,CDXS
2023-05-26 09:54:00,2.495,2.495,2.49,2.495,1763.0,CDXS
2023-05-26 09:51:00,2.4915,2.4915,2.4915,2.4915,1394.0,CDXS
2023-05-26 09:50:00,2.495,2.495,2.495,2.495,103.0,CDXS
2023-05-26 09:48:00,2.51,2.51,2.51,2.51,827.0,CDXS
2023-05-26 09:47:00,2.525,2.525,2.5,2.5,3829.0,CDXS
2023-05-26 09:46:00,2.52,2.53,2.52,2.53,8930.0,CDXS
2023-05-26 09:44:00,2.52,2.52,2.52,2.52,351.0,CDXS
2023-05-26 09:42:00,2.525,2.525,2.525,2.525,230.0,CDXS
2023-05-26 09:41:00,2.525,2.525,2.52,2.525,318.0,CDXS
2023-05-26 09:39:00,2.505,2.51,2.505,2.51,737.0,CDXS
2023-05-26 09:38:00,2.51,2.51,2.5,2.505,939.0,CDXS
2023-05-26 09:37:00,2.51,2.5102,2.51,2.5102,354.0,CDXS
2023-05-26 09:36:00,2.5,2.51,2.5,2.51,782.0,CDXS
2023-05-26 09:35:00,2.4901,2.495,2.4901,2.495,303.0,CDXS
2023-05-26 09:34:00,2.495,2.52,2.495,2.51,3900.0,CDXS
2023-05-26 09:32:00,2.48,2.49,2.47,2.49,1582.0,CDXS
2023-05-26 09:31:00,2.51,2.51,2.49,2.49,1023.0,CDXS
2023-05-26 09:30:00,2.51,2.5186,2.49,2.5186,7320.0,CDXS
2023-05-25 16:00:00,2.48,2.48,2.48,2.48,155.0,CDXS
2023-05-25 15:59:00,2.495,2.5,2.485,2.49,29506.0,CDXS
2023-05-25 15:58:00,2.5,2.5,2.485,2.495,14395.0,CDXS
2023-05-25 15:57:00,2.49,2.5,2.49,2.5,9508.0,CDXS
2023-05-25 15:56:00,2.48,2.49,2.48,2.49,8115.0,CDXS
2023-05-25 15:55:00,2.475,2.48,2.475,2.475,3362.0,CDXS
2023-05-25 15:54:00,2.485,2.49,2.48,2.48,9538.0,CDXS
2023-05-25 15:53:00,2.475,2.48,2.475,2.48,2550.0,CDXS
2023-05-25 15:52:00,2.475,2.48,2.475,2.475,1296.0,CDXS
2023-05-25 15:51:00,2.479,2.48,2.475,2.48,1231.0,CDXS
2023-05-25 15:50:00,2.475,2.475,2.475,2.475,704.0,CDXS
2023-05-25 15:49:00,2.475,2.48,2.47,2.48,2283.0,CDXS
2023-05-25 15:48:00,2.47,2.47,2.46,2.47,9942.0,CDXS
2023-05-25 15:47:00,2.475,2.475,2.475,2.475,749.0,CDXS
2023-05-25 15:46:00,2.475,2.475,2.47,2.475,1368.0,CDXS
2023-05-25 15:45:00,2.4714,2.48,2.4714,2.475,963.0,CDXS
2023-05-25 15:44:00,2.48,2.48,2.475,2.475,662.0,CDXS
2023-05-25 15:43:00,2.48,2.48,2.475,2.48,603.0,CDXS
2023-05-25 15:42:00,2.48,2.48,2.475,2.48,310.0,CDXS
2023-05-25 15:41:00,2.48,2.48,2.475,2.48,1530.0,CDXS
2023-05-25 15:40:00,2.48,2.48,2.47,2.475,1942.0,CDXS
2023-05-25 15:39:00,2.48,2.48,2.475,2.475,326.0,CDXS
2023-05-25 15:38:00,2.48,2.48,2.475,2.475,2759.0,CDXS
2023-05-25 15:37:00,2.475,2.475,2.475,2.475,407.0,CDXS
2023-05-25 15:36:00,2.465,2.475,2.465,2.475,5337.0,CDXS
2023-05-25 15:35:00,2.475,2.475,2.465,2.465,3044.0,CDXS
2023-05-25 15:34:00,2.475,2.475,2.475,2.475,579.0,CDXS
2023-05-25 15:33:00,2.475,2.475,2.47,2.47,751.0,CDXS
2023-05-25 15:32:00,2.475,2.475,2.475,2.475,236.0,CDXS
2023-05-25 15:31:00,2.475,2.475,2.47,2.475,953.0,CDXS
2023-05-25 15:30:00,2.47,2.475,2.47,2.47,4731.0,CDXS
2023-05-25 15:29:00,2.48,2.48,2.475,2.475,896.0,CDXS
2023-05-25 15:28:00,2.47,2.48,2.47,2.475,3591.0,CDXS
2023-05-25 15:27:00,2.465,2.4675,2.465,2.465,1277.0,CDXS
2023-05-25 15:26:00,2.465,2.465,2.46,2.46,508.0,CDXS
2023-05-25 15:25:00,2.46,2.465,2.46,2.465,1232.0,CDXS
2023-05-25 15:24:00,2.47,2.47,2.465,2.465,301.0,CDXS
2023-05-25 15:23:00,2.47,2.47,2.465,2.465,300.0,CDXS
2023-05-25 15:22:00,2.47,2.47,2.47,2.47,240.0,CDXS
2023-05-25 15:21:00,2.47,2.47,2.47,2.47,246.0,CDXS
2023-05-25 15:20:00,2.465,2.4689,2.46,2.46,485.0,CDXS
2023-05-25 15:17:00,2.465,2.475,2.465,2.47,8597.0,CDXS
2023-05-25 15:16:00,2.47,2.47,2.465,2.465,311.0,CDXS
2023-05-25 15:15:00,2.465,2.465,2.465,2.465,111.0,CDXS
2023-05-25 15:12:00,2.465,2.465,2.465,2.465,100.0,CDXS
2023-05-25 15:11:00,2.4615,2.4615,2.4615,2.4615,1051.0,CDXS
2023-05-25 15:10:00,2.47,2.475,2.47,2.47,7731.0,CDXS
2023-05-25 15:09:00,2.47,2.47,2.465,2.465,1091.0,CDXS
2023-05-25 15:08:00,2.465,2.465,2.465,2.465,352.0,CDXS
2023-05-25 15:07:00,2.455,2.47,2.455,2.47,5284.0,CDXS
2023-05-25 15:06:00,2.455,2.46,2.455,2.455,839.0,CDXS
2023-05-25 15:05:00,2.455,2.46,2.455,2.46,640.0,CDXS
2023-05-25 15:04:00,2.455,2.455,2.455,2.455,810.0,CDXS
2023-05-25 15:02:00,2.455,2.455,2.45,2.45,497.0,CDXS
2023-05-25 15:01:00,2.455,2.455,2.455,2.455,386.0,CDXS
2023-05-25 15:00:00,2.455,2.455,2.455,2.455,327.0,CDXS
2023-05-25 14:59:00,2.455,2.455,2.455,2.455,568.0,CDXS
2023-05-25 14:57:00,2.46,2.46,2.45,2.45,4867.0,CDXS
2023-05-25 14:56:00,2.46,2.46,2.46,2.46,125.0,CDXS
2023-05-25 14:55:00,2.465,2.47,2.46,2.465,1255.0,CDXS
2023-05-25 14:54:00,2.465,2.47,2.465,2.465,300.0,CDXS
2023-05-25 14:53:00,2.465,2.465,2.465,2.465,195.0,CDXS
2023-05-25 14:52:00,2.465,2.47,2.465,2.47,1173.0,CDXS
2023-05-25 14:51:00,2.46,2.47,2.455,2.47,2813.0,CDXS
2023-05-25 14:50:00,2.46,2.46,2.46,2.46,239.0,CDXS
2023-05-25 14:49:00,2.46,2.46,2.46,2.46,100.0,CDXS
2023-05-25 14:48:00,2.455,2.46,2.45,2.46,1838.0,CDXS
2023-05-25 14:47:00,2.445,2.455,2.445,2.45,4958.0,CDXS
2023-05-25 14:46:00,2.445,2.45,2.445,2.445,929.0,CDXS
2023-05-25 14:45:00,2.4468,2.45,2.44,2.44,1032.0,CDXS
2023-05-25 14:44:00,2.445,2.445,2.445,2.445,300.0,CDXS
2023-05-25 14:43:00,2.445,2.445,2.445,2.445,600.0,CDXS
2023-05-25 14:42:00,2.445,2.445,2.445,2.445,387.0,CDXS
2023-05-25 14:41:00,2.445,2.445,2.445,2.445,826.0,CDXS
2023-05-25 14:40:00,2.445,2.445,2.445,2.445,204.0,CDXS
2023-05-25 14:39:00,2.445,2.445,2.445,2.445,200.0,CDXS
2023-05-25 14:38:00,2.445,2.445,2.445,2.445,301.0,CDXS
2023-05-25 14:37:00,2.45,2.45,2.445,2.445,982.0,CDXS
2023-05-25 14:36:00,2.445,2.45,2.445,2.45,1628.0,CDXS
2023-05-25 14:35:00,2.45,2.45,2.44,2.44,2139.0,CDXS
2023-05-25 14:34:00,2.445,2.45,2.445,2.45,4775.0,CDXS
2023-05-25 14:33:00,2.45,2.455,2.445,2.445,1203.0,CDXS
2023-05-25 14:32:00,2.45,2.45,2.45,2.45,102.0,CDXS
2023-05-25 14:31:00,2.45,2.45,2.45,2.45,1051.0,CDXS
2023-05-25 14:30:00,2.46,2.46,2.455,2.455,4071.0,CDXS
2023-05-25 14:29:00,2.46,2.465,2.46,2.465,425.0,CDXS
2023-05-25 14:26:00,2.465,2.465,2.465,2.465,433.0,CDXS
2023-05-25 14:25:00,2.465,2.465,2.465,2.465,322.0,CDXS
2023-05-25 14:24:00,2.47,2.47,2.46,2.46,3973.0,CDXS
2023-05-25 14:23:00,2.475,2.475,2.475,2.475,100.0,CDXS
2023-05-25 14:22:00,2.475,2.48,2.475,2.48,374.0,CDXS
2023-05-25 14:21:00,2.475,2.48,2.47,2.475,1466.0,CDXS
2023-05-25 14:20:00,2.475,2.475,2.475,2.475,315.0,CDXS
2023-05-25 14:19:00,2.475,2.48,2.475,2.475,1052.0,CDXS
2023-05-25 14:18:00,2.475,2.48,2.475,2.48,802.0,CDXS
2023-05-25 14:17:00,2.475,2.48,2.475,2.48,680.0,CDXS
2023-05-25 14:16:00,2.48,2.48,2.475,2.475,341.0,CDXS
2023-05-25 14:15:00,2.475,2.475,2.475,2.475,374.0,CDXS
2023-05-25 14:12:00,2.475,2.475,2.475,2.475,126.0,CDXS
2023-05-25 14:11:00,2.475,2.475,2.475,2.475,764.0,CDXS
2023-05-25 14:10:00,2.47,2.47,2.465,2.47,3846.0,CDXS
2023-05-25 14:09:00,2.465,2.465,2.46,2.46,1100.0,CDXS
2023-05-25 14:08:00,2.47,2.47,2.46,2.46,2682.0,CDXS
2023-05-25 14:05:00,2.475,2.475,2.475,2.475,301.0,CDXS
2023-05-25 14:03:00,2.48,2.48,2.47,2.47,2191.0,CDXS
2023-05-25 14:02:00,2.48,2.48,2.48,2.48,526.0,CDXS
2023-05-25 14:01:00,2.479,2.49,2.479,2.48,13817.0,CDXS
2023-05-25 14:00:00,2.455,2.47,2.455,2.47,4252.0,CDXS
2023-05-25 13:59:00,2.455,2.455,2.455,2.455,874.0,CDXS
2023-05-25 13:58:00,2.455,2.455,2.455,2.455,407.0,CDXS
2023-05-25 13:57:00,2.45,2.455,2.45,2.455,2307.0,CDXS
2023-05-25 13:55:00,2.46,2.46,2.445,2.45,3335.0,CDXS
2023-05-25 13:53:00,2.46,2.465,2.46,2.465,770.0,CDXS
2023-05-25 13:52:00,2.465,2.465,2.46,2.465,329.0,CDXS
2023-05-25 13:51:00,2.46,2.46,2.46,2.46,219.0,CDXS
2023-05-25 13:50:00,2.46,2.465,2.455,2.46,12864.0,CDXS
2023-05-25 13:49:00,2.465,2.465,2.445,2.45,5799.0,CDXS
2023-05-25 13:46:00,2.465,2.465,2.465,2.465,127.0,CDXS
2023-05-25 13:45:00,2.465,2.465,2.465,2.465,133.0,CDXS
2023-05-25 13:44:00,2.47,2.475,2.46,2.465,5142.0,CDXS
2023-05-25 13:43:00,2.475,2.485,2.475,2.48,7840.0,CDXS
2023-05-25 13:42:00,2.479,2.479,2.479,2.479,300.0,CDXS
2023-05-25 13:41:00,2.48,2.48,2.475,2.475,236.0,CDXS
2023-05-25 13:40:00,2.48,2.48,2.48,2.48,106.0,CDXS
2023-05-25 13:38:00,2.48,2.48,2.48,2.48,200.0,CDXS
2023-05-25 13:37:00,2.475,2.475,2.475,2.475,100.0,CDXS
2023-05-25 13:36:00,2.475,2.475,2.475,2.475,134.0,CDXS
2023-05-25 13:35:00,2.475,2.475,2.475,2.475,128.0,CDXS
2023-05-25 13:34:00,2.48,2.48,2.48,2.48,101.0,CDXS
2023-05-25 13:33:00,2.47,2.475,2.47,2.47,478.0,CDXS
2023-05-25 13:32:00,2.455,2.475,2.455,2.475,6125.0,CDXS
2023-05-25 13:31:00,2.455,2.46,2.455,2.455,9847.0,CDXS
2023-05-25 13:30:00,2.455,2.455,2.455,2.455,232.0,CDXS
2023-05-25 13:29:00,2.455,2.455,2.455,2.455,201.0,CDXS
2023-05-25 13:27:00,2.455,2.455,2.455,2.455,130.0,CDXS
2023-05-25 13:26:00,2.455,2.455,2.455,2.455,435.0,CDXS
2023-05-25 13:25:00,2.455,2.455,2.455,2.455,465.0,CDXS
2023-05-25 13:23:00,2.45,2.45,2.45,2.45,301.0,CDXS
2023-05-25 13:21:00,2.46,2.465,2.45,2.45,6325.0,CDXS
2023-05-25 13:20:00,2.465,2.47,2.465,2.47,405.0,CDXS
2023-05-25 13:18:00,2.455,2.47,2.455,2.47,3335.0,CDXS
2023-05-25 13:17:00,2.46,2.46,2.455,2.455,1043.0,CDXS
2023-05-25 13:16:00,2.455,2.46,2.455,2.46,1563.0,CDXS
2023-05-25 13:15:00,2.455,2.46,2.455,2.455,803.0,CDXS
2023-05-25 13:14:00,2.455,2.455,2.455,2.455,415.0,CDXS
2023-05-25 13:13:00,2.4586,2.4586,2.4586,2.4586,1301.0,CDXS
2023-05-25 13:11:00,2.45,2.45,2.45,2.45,204.0,CDXS
2023-05-25 13:10:00,2.45,2.455,2.45,2.455,205.0,CDXS
2023-05-25 13:08:00,2.4509,2.455,2.45,2.455,688.0,CDXS
2023-05-25 13:07:00,2.455,2.455,2.455,2.455,499.0,CDXS
2023-05-25 13:06:00,2.45,2.45,2.45,2.45,1413.0,CDXS
2023-05-25 13:05:00,2.45,2.45,2.445,2.45,4935.0,CDXS
2023-05-25 13:04:00,2.445,2.445,2.445,2.445,212.0,CDXS
2023-05-25 13:03:00,2.445,2.45,2.445,2.45,1994.0,CDXS
2023-05-25 13:02:00,2.44,2.44,2.44,2.44,347.0,CDXS
2023-05-25 13:01:00,2.44,2.44,2.44,2.44,202.0,CDXS
2023-05-25 13:00:00,2.445,2.445,2.445,2.445,102.0,CDXS
2023-05-25 12:59:00,2.445,2.45,2.445,2.445,2528.0,CDXS
2023-05-25 12:58:00,2.45,2.45,2.445,2.445,1598.0,CDXS
2023-05-25 12:57:00,2.45,2.455,2.45,2.455,217.0,CDXS
2023-05-25 12:56:00,2.45,2.455,2.45,2.455,678.0,CDXS
2023-05-25 12:55:00,2.46,2.46,2.46,2.46,829.0,CDXS
2023-05-25 12:54:00,2.4685,2.4685,2.4685,2.4685,135.0,CDXS
2023-05-25 12:50:00,2.465,2.465,2.465,2.465,550.0,CDXS
2023-05-25 12:48:00,2.47,2.47,2.47,2.47,436.0,CDXS
2023-05-25 12:46:00,2.48,2.48,2.475,2.475,360.0,CDXS
2023-05-25 12:45:00,2.48,2.48,2.48,2.48,753.0,CDXS
2023-05-25 12:44:00,2.495,2.495,2.49,2.49,1390.0,CDXS
2023-05-25 12:43:00,2.485,2.49,2.485,2.49,19379.0,CDXS
2023-05-25 12:42:00,2.485,2.49,2.485,2.49,8186.0,CDXS
2023-05-25 12:41:00,2.48,2.48,2.48,2.48,508.0,CDXS
2023-05-25 12:40:00,2.48,2.485,2.475,2.485,4312.0,CDXS
2023-05-25 12:38:00,2.48,2.48,2.47,2.47,1140.0,CDXS
2023-05-25 12:37:00,2.48,2.48,2.475,2.475,2843.0,CDXS
2023-05-25 12:35:00,2.48,2.485,2.48,2.48,2483.0,CDXS
2023-05-25 12:34:00,2.495,2.495,2.48,2.48,3818.0,CDXS
2023-05-25 12:33:00,2.4975,2.4975,2.495,2.495,351.0,CDXS
2023-05-25 12:32:00,2.495,2.495,2.495,2.495,413.0,CDXS
2023-05-25 12:31:00,2.495,2.495,2.495,2.495,529.0,CDXS
2023-05-25 12:30:00,2.5,2.5,2.49,2.49,791.0,CDXS
2023-05-25 12:28:00,2.495,2.495,2.495,2.495,136.0,CDXS
2023-05-25 12:27:00,2.495,2.495,2.495,2.495,124.0,CDXS
2023-05-25 12:26:00,2.5,2.5,2.495,2.495,200.0,CDXS
2023-05-25 12:25:00,2.495,2.495,2.49,2.495,2925.0,CDXS
2023-05-25 12:24:00,2.495,2.5,2.495,2.5,910.0,CDXS
2023-05-25 12:23:00,2.495,2.495,2.495,2.495,245.0,CDXS
2023-05-25 12:22:00,2.495,2.495,2.495,2.495,210.0,CDXS
2023-05-25 12:21:00,2.5,2.5,2.495,2.499,1032.0,CDXS
2023-05-25 12:20:00,2.495,2.495,2.495,2.495,650.0,CDXS
2023-05-25 12:14:00,2.495,2.495,2.495,2.495,278.0,CDXS
2023-05-25 12:13:00,2.495,2.495,2.495,2.495,1032.0,CDXS
2023-05-25 12:12:00,2.49,2.49,2.485,2.49,2344.0,CDXS
2023-05-25 12:11:00,2.505,2.505,2.5,2.5,2274.0,CDXS
2023-05-25 12:10:00,2.51,2.51,2.51,2.51,275.0,CDXS
2023-05-25 12:09:00,2.5009,2.51,2.5,2.51,737.0,CDXS
2023-05-25 12:08:00,2.51,2.51,2.505,2.505,2636.0,CDXS
2023-05-25 12:06:00,2.515,2.52,2.515,2.52,3838.0,CDXS
2023-05-25 12:05:00,2.52,2.52,2.52,2.52,294.0,CDXS
2023-05-25 12:04:00,2.515,2.515,2.515,2.515,278.0,CDXS
2023-05-25 12:01:00,2.515,2.515,2.515,2.515,110.0,CDXS
2023-05-25 12:00:00,2.515,2.515,2.515,2.515,212.0,CDXS
2023-05-25 11:57:00,2.515,2.515,2.515,2.515,100.0,CDXS
2023-05-25 11:55:00,2.515,2.515,2.515,2.515,171.0,CDXS
2023-05-25 11:54:00,2.52,2.52,2.51,2.515,3844.0,CDXS
2023-05-25 11:53:00,2.52,2.525,2.52,2.525,1451.0,CDXS
2023-05-25 11:52:00,2.51,2.51,2.51,2.51,311.0,CDXS
2023-05-25 11:50:00,2.515,2.515,2.51,2.515,1178.0,CDXS
2023-05-25 11:49:00,2.51,2.51,2.51,2.51,842.0,CDXS
2023-05-25 11:48:00,2.5,2.5,2.5,2.5,212.0,CDXS
2023-05-25 11:47:00,2.495,2.51,2.495,2.5099,2103.0,CDXS
2023-05-25 11:46:00,2.495,2.495,2.495,2.495,115.0,CDXS
2023-05-25 11:45:00,2.49,2.49,2.49,2.49,186.0,CDXS
2023-05-25 11:44:00,2.495,2.4991,2.49,2.4991,5717.0,CDXS
2023-05-25 11:43:00,2.49,2.49,2.49,2.49,258.0,CDXS
2023-05-25 11:42:00,2.495,2.495,2.495,2.495,144.0,CDXS
2023-05-25 11:41:00,2.4908,2.495,2.4908,2.495,6392.0,CDXS
2023-05-25 11:40:00,2.5,2.5,2.485,2.495,15293.0,CDXS
2023-05-25 11:39:00,2.515,2.515,2.505,2.505,3887.0,CDXS
2023-05-25 11:38:00,2.52,2.52,2.51,2.51,620.0,CDXS
2023-05-25 11:36:00,2.515,2.52,2.512,2.515,845.0,CDXS
2023-05-25 11:35:00,2.515,2.515,2.515,2.515,202.0,CDXS
2023-05-25 11:34:00,2.51,2.5175,2.51,2.515,387.0,CDXS
2023-05-25 11:33:00,2.51,2.51,2.51,2.51,259.0,CDXS
2023-05-25 11:32:00,2.515,2.515,2.515,2.515,141.0,CDXS
2023-05-25 11:31:00,2.515,2.515,2.51,2.51,505.0,CDXS
2023-05-25 11:29:00,2.51,2.51,2.51,2.51,339.0,CDXS
2023-05-25 11:27:00,2.51,2.51,2.505,2.51,4045.0,CDXS
2023-05-25 11:26:00,2.5192,2.5192,2.5124,2.5124,480.0,CDXS
2023-05-25 11:25:00,2.515,2.515,2.515,2.515,942.0,CDXS
2023-05-25 11:24:00,2.515,2.515,2.51,2.51,429.0,CDXS
2023-05-25 11:23:00,2.52,2.52,2.515,2.515,1323.0,CDXS
2023-05-25 11:22:00,2.52,2.52,2.52,2.52,206.0,CDXS
2023-05-25 11:20:00,2.52,2.52,2.52,2.52,394.0,CDXS
2023-05-25 11:19:00,2.525,2.525,2.525,2.525,658.0,CDXS
2023-05-25 11:18:00,2.53,2.53,2.525,2.525,940.0,CDXS
2023-05-25 11:17:00,2.54,2.54,2.53,2.53,2962.0,CDXS
2023-05-25 11:16:00,2.55,2.55,2.545,2.545,1634.0,CDXS
2023-05-25 11:13:00,2.55,2.55,2.545,2.55,2778.0,CDXS
2023-05-25 11:12:00,2.55,2.555,2.55,2.55,568.0,CDXS
2023-05-25 11:11:00,2.55,2.55,2.55,2.55,1605.0,CDXS
2023-05-25 11:09:00,2.55,2.55,2.545,2.55,1397.0,CDXS
2023-05-25 11:08:00,2.5585,2.5585,2.545,2.545,2068.0,CDXS
2023-05-25 11:07:00,2.5585,2.5585,2.5585,2.5585,1010.0,CDXS
2023-05-25 11:06:00,2.56,2.5615,2.56,2.56,2208.0,CDXS
2023-05-25 11:05:00,2.56,2.56,2.56,2.56,2006.0,CDXS
2023-05-25 11:04:00,2.56,2.56,2.55,2.55,286.0,CDXS
2023-05-25 11:03:00,2.57,2.57,2.56,2.56,4545.0,CDXS
2023-05-25 11:02:00,2.55,2.56,2.55,2.56,4751.0,CDXS
2023-05-25 11:01:00,2.55,2.55,2.545,2.55,1130.0,CDXS
2023-05-25 11:00:00,2.535,2.54,2.535,2.54,1803.0,CDXS
2023-05-25 10:56:00,2.535,2.535,2.535,2.535,139.0,CDXS
2023-05-25 10:55:00,2.545,2.545,2.54,2.54,2198.0,CDXS
2023-05-25 10:54:00,2.535,2.545,2.535,2.545,2099.0,CDXS
2023-05-25 10:53:00,2.545,2.545,2.535,2.535,3680.0,CDXS
2023-05-25 10:52:00,2.545,2.55,2.545,2.55,2110.0,CDXS
2023-05-25 10:51:00,2.545,2.55,2.545,2.545,647.0,CDXS
2023-05-25 10:50:00,2.545,2.545,2.545,2.545,329.0,CDXS
2023-05-25 10:49:00,2.545,2.55,2.545,2.55,302.0,CDXS
2023-05-25 10:48:00,2.549,2.55,2.54,2.54,790.0,CDXS
2023-05-25 10:47:00,2.54,2.54,2.54,2.54,213.0,CDXS
2023-05-25 10:45:00,2.54,2.545,2.54,2.5415,7573.0,CDXS
2023-05-25 10:44:00,2.54,2.54,2.54,2.54,147.0,CDXS
2023-05-25 10:43:00,2.53,2.535,2.53,2.535,502.0,CDXS
2023-05-25 10:42:00,2.54,2.54,2.535,2.535,1109.0,CDXS
2023-05-25 10:41:00,2.545,2.545,2.54,2.54,400.0,CDXS
2023-05-25 10:40:00,2.54,2.54,2.54,2.54,758.0,CDXS
2023-05-25 10:39:00,2.535,2.5393,2.535,2.535,10160.0,CDXS
2023-05-25 10:38:00,2.535,2.535,2.535,2.535,241.0,CDXS
2023-05-25 10:37:00,2.535,2.5385,2.535,2.5385,315.0,CDXS
2023-05-25 10:36:00,2.535,2.535,2.535,2.535,107.0,CDXS
2023-05-25 10:35:00,2.5392,2.5392,2.5392,2.5392,850.0,CDXS
2023-05-25 10:34:00,2.535,2.535,2.535,2.535,385.0,CDXS
2023-05-25 10:33:00,2.5397,2.54,2.535,2.54,2882.0,CDXS
2023-05-25 10:32:00,2.53,2.54,2.53,2.535,432.0,CDXS
2023-05-25 10:31:00,2.545,2.545,2.535,2.535,3655.0,CDXS
2023-05-25 10:30:00,2.5396,2.54,2.535,2.535,3830.0,CDXS
2023-05-25 10:28:00,2.535,2.535,2.535,2.535,157.0,CDXS
2023-05-25 10:26:00,2.535,2.54,2.5315,2.535,445.0,CDXS
2023-05-25 10:25:00,2.535,2.535,2.535,2.535,535.0,CDXS
2023-05-25 10:24:00,2.545,2.5456,2.535,2.535,7290.0,CDXS
2023-05-25 10:23:00,2.5509,2.5509,2.54,2.54,2647.0,CDXS
2023-05-25 10:22:00,2.56,2.56,2.5501,2.5501,5779.0,CDXS
2023-05-25 10:21:00,2.565,2.565,2.565,2.565,105.0,CDXS
2023-05-25 10:20:00,2.565,2.57,2.565,2.565,8339.0,CDXS
2023-05-25 10:19:00,2.57,2.57,2.555,2.56,24299.0,CDXS
2023-05-25 10:18:00,2.575,2.575,2.575,2.575,105.0,CDXS
2023-05-25 10:17:00,2.58,2.58,2.58,2.58,110.0,CDXS
2023-05-25 10:16:00,2.58,2.58,2.575,2.575,384.0,CDXS
2023-05-25 10:14:00,2.575,2.575,2.575,2.575,148.0,CDXS
2023-05-25 10:12:00,2.585,2.585,2.575,2.575,2574.0,CDXS
2023-05-25 10:11:00,2.58,2.585,2.58,2.585,1545.0,CDXS
2023-05-25 10:10:00,2.58,2.58,2.575,2.58,4770.0,CDXS
2023-05-25 10:09:00,2.58,2.58,2.57,2.57,369.0,CDXS
2023-05-25 10:08:00,2.575,2.575,2.575,2.575,249.0,CDXS
2023-05-25 10:07:00,2.575,2.58,2.575,2.58,8140.0,CDXS
2023-05-25 10:06:00,2.575,2.575,2.57,2.57,274.0,CDXS
2023-05-25 10:05:00,2.58,2.58,2.58,2.58,561.0,CDXS
2023-05-25 10:04:00,2.6,2.6,2.585,2.585,11240.0,CDXS
2023-05-25 10:03:00,2.6,2.6,2.6,2.6,100.0,CDXS
2023-05-25 10:02:00,2.59,2.6,2.59,2.595,415.0,CDXS
2023-05-25 10:01:00,2.595,2.6,2.595,2.595,4656.0,CDXS
2023-05-25 10:00:00,2.59,2.6,2.59,2.595,2287.0,CDXS
2023-05-25 09:56:00,2.585,2.585,2.57,2.585,19059.0,CDXS
2023-05-25 09:54:00,2.585,2.585,2.5815,2.5815,200.0,CDXS
2023-05-25 09:53:00,2.58,2.58,2.575,2.58,3245.0,CDXS
2023-05-25 09:52:00,2.585,2.585,2.585,2.585,100.0,CDXS
2023-05-25 09:51:00,2.58,2.58,2.58,2.58,553.0,CDXS
2023-05-25 09:50:00,2.59,2.59,2.57,2.57,1610.0,CDXS
2023-05-25 09:49:00,2.6,2.6,2.59,2.595,8950.0,CDXS
2023-05-25 09:48:00,2.61,2.62,2.6,2.6,4192.0,CDXS
2023-05-25 09:45:00,2.589,2.6,2.589,2.6,830.0,CDXS
2023-05-25 09:44:00,2.59,2.59,2.58,2.58,4010.0,CDXS
2023-05-25 09:43:00,2.59,2.59,2.5885,2.59,1720.0,CDXS
2023-05-25 09:42:00,2.58,2.58,2.5717,2.58,3504.0,CDXS
2023-05-25 09:41:00,2.5715,2.575,2.5715,2.575,220.0,CDXS
2023-05-25 09:39:00,2.575,2.575,2.57,2.57,486.0,CDXS
2023-05-25 09:38:00,2.575,2.575,2.575,2.575,241.0,CDXS
2023-05-25 09:37:00,2.59,2.59,2.58,2.58,5021.0,CDXS
2023-05-25 09:36:00,2.59,2.59,2.58,2.58,4657.0,CDXS
2023-05-25 09:35:00,2.585,2.6,2.585,2.6,2179.0,CDXS
2023-05-25 09:34:00,2.6,2.6,2.58,2.58,970.0,CDXS
2023-05-25 09:33:00,2.58,2.63,2.58,2.61,3647.0,CDXS
2023-05-25 09:32:00,2.5515,2.56,2.5515,2.56,2603.0,CDXS
2023-05-25 09:31:00,2.63,2.63,2.58,2.58,1700.0,CDXS
2023-05-25 09:30:00,2.61,2.67,2.58,2.61,9880.0,CDXS
2023-05-24 19:54:00,2.61,2.61,2.61,2.61,400.0,CDXS
2023-05-24 17:26:00,2.63,2.63,2.63,2.63,350.0,CDXS
2023-05-24 16:00:00,2.61,2.61,2.61,2.61,303.0,CDXS
2023-05-24 15:59:00,2.61,2.62,2.6,2.62,37339.0,CDXS
2023-05-24 15:58:00,2.61,2.62,2.61,2.61,10918.0,CDXS
2023-05-24 15:57:00,2.615,2.62,2.61,2.61,10083.0,CDXS
2023-05-24 15:56:00,2.61,2.615,2.61,2.615,8836.0,CDXS
2023-05-24 15:55:00,2.615,2.62,2.61,2.61,10667.0,CDXS
2023-05-24 15:54:00,2.615,2.62,2.61,2.61,10687.0,CDXS
2023-05-24 15:53:00,2.61,2.615,2.61,2.61,12542.0,CDXS
2023-05-24 15:52:00,2.62,2.625,2.61,2.61,14294.0,CDXS
2023-05-24 15:51:00,2.62,2.625,2.62,2.62,1100.0,CDXS
2023-05-24 15:50:00,2.63,2.635,2.62,2.62,6284.0,CDXS
2023-05-24 15:49:00,2.635,2.635,2.635,2.635,406.0,CDXS
2023-05-24 15:48:00,2.635,2.635,2.635,2.635,1287.0,CDXS
2023-05-24 15:47:00,2.645,2.645,2.635,2.635,7303.0,CDXS
2023-05-24 15:46:00,2.635,2.645,2.635,2.645,2617.0,CDXS
2023-05-24 15:45:00,2.635,2.635,2.635,2.635,603.0,CDXS
2023-05-24 15:44:00,2.63,2.64,2.63,2.635,2955.0,CDXS
2023-05-24 15:43:00,2.61,2.63,2.61,2.63,5685.0,CDXS
2023-05-24 15:42:00,2.605,2.61,2.605,2.61,618.0,CDXS
2023-05-24 15:41:00,2.6,2.6087,2.6,2.605,1715.0,CDXS
2023-05-24 15:40:00,2.605,2.61,2.6025,2.6025,632.0,CDXS
2023-05-24 15:39:00,2.605,2.605,2.605,2.605,103.0,CDXS
2023-05-24 15:38:00,2.605,2.605,2.605,2.605,915.0,CDXS
2023-05-24 15:37:00,2.605,2.605,2.605,2.605,500.0,CDXS
2023-05-24 15:36:00,2.605,2.605,2.605,2.605,203.0,CDXS
2023-05-24 15:35:00,2.605,2.61,2.605,2.61,407.0,CDXS
2023-05-24 15:34:00,2.6,2.605,2.595,2.605,7811.0,CDXS
2023-05-24 15:33:00,2.595,2.6,2.585,2.6,23050.0,CDXS
2023-05-24 15:32:00,2.595,2.6,2.595,2.595,29412.0,CDXS
2023-05-24 15:31:00,2.595,2.605,2.595,2.595,22055.0,CDXS
2023-05-24 15:30:00,2.595,2.595,2.5925,2.5925,711.0,CDXS
2023-05-24 15:29:00,2.595,2.595,2.595,2.595,100.0,CDXS
2023-05-24 15:28:00,2.6,2.6,2.595,2.595,342.0,CDXS
2023-05-24 15:26:00,2.595,2.595,2.595,2.595,300.0,CDXS
2023-05-24 15:25:00,2.595,2.595,2.595,2.595,868.0,CDXS
2023-05-24 15:24:00,2.59,2.595,2.59,2.595,320.0,CDXS
2023-05-24 15:23:00,2.62,2.625,2.595,2.595,23245.0,CDXS
2023-05-24 15:22:00,2.625,2.625,2.625,2.625,262.0,CDXS
2023-05-24 15:21:00,2.625,2.625,2.625,2.625,696.0,CDXS
2023-05-24 15:20:00,2.62,2.625,2.62,2.625,6511.0,CDXS
2023-05-24 15:19:00,2.62,2.62,2.615,2.615,453.0,CDXS
2023-05-24 15:18:00,2.62,2.625,2.615,2.62,9157.0,CDXS
2023-05-24 15:17:00,2.615,2.615,2.615,2.615,200.0,CDXS
2023-05-24 15:16:00,2.62,2.62,2.615,2.615,686.0,CDXS
2023-05-24 15:15:00,2.615,2.615,2.615,2.615,555.0,CDXS
2023-05-24 15:14:00,2.615,2.615,2.615,2.615,328.0,CDXS
2023-05-24 15:13:00,2.615,2.62,2.615,2.62,913.0,CDXS
2023-05-24 15:12:00,2.615,2.615,2.615,2.615,338.0,CDXS
2023-05-24 15:11:00,2.615,2.615,2.615,2.615,4034.0,CDXS
2023-05-24 15:10:00,2.62,2.62,2.62,2.62,196.0,CDXS
2023-05-24 15:09:00,2.615,2.6185,2.615,2.6185,318.0,CDXS
2023-05-24 15:08:00,2.605,2.615,2.605,2.615,3326.0,CDXS
2023-05-24 15:07:00,2.61,2.61,2.605,2.605,2431.0,CDXS
2023-05-24 15:06:00,2.6,2.6,2.6,2.6,146.0,CDXS
2023-05-24 15:05:00,2.605,2.605,2.605,2.605,1162.0,CDXS
2023-05-24 15:04:00,2.6,2.61,2.6,2.61,4391.0,CDXS
2023-05-24 15:03:00,2.6057,2.6057,2.605,2.605,2527.0,CDXS
2023-05-24 15:00:00,2.605,2.605,2.605,2.605,867.0,CDXS
2023-05-24 14:59:00,2.6,2.605,2.6,2.605,552.0,CDXS
2023-05-24 14:58:00,2.6,2.6,2.6,2.6,506.0,CDXS
2023-05-24 14:57:00,2.6,2.605,2.595,2.6,8067.0,CDXS
2023-05-24 14:56:00,2.605,2.605,2.605,2.605,629.0,CDXS
2023-05-24 14:55:00,2.6,2.605,2.6,2.605,2946.0,CDXS
2023-05-24 14:54:00,2.605,2.605,2.6,2.605,951.0,CDXS
2023-05-24 14:53:00,2.605,2.605,2.605,2.605,200.0,CDXS
2023-05-24 14:52:00,2.605,2.605,2.605,2.605,401.0,CDXS
2023-05-24 14:51:00,2.605,2.61,2.605,2.605,8714.0,CDXS
2023-05-24 14:50:00,2.605,2.605,2.605,2.605,195.0,CDXS
2023-05-24 14:49:00,2.6,2.6,2.6,2.6,768.0,CDXS
2023-05-24 14:47:00,2.605,2.605,2.605,2.605,132.0,CDXS
2023-05-24 14:46:00,2.6,2.6,2.6,2.6,302.0,CDXS
2023-05-24 14:45:00,2.605,2.605,2.605,2.605,105.0,CDXS
2023-05-24 14:44:00,2.605,2.605,2.6,2.6,717.0,CDXS
2023-05-24 14:43:00,2.605,2.6091,2.605,2.6091,800.0,CDXS
2023-05-24 14:42:00,2.605,2.605,2.605,2.605,635.0,CDXS
2023-05-24 14:41:00,2.605,2.605,2.605,2.605,410.0,CDXS
2023-05-24 14:39:00,2.6,2.605,2.6,2.605,450.0,CDXS
2023-05-24 14:38:00,2.605,2.605,2.6,2.605,4258.0,CDXS
2023-05-24 14:37:00,2.605,2.6097,2.605,2.605,1075.0,CDXS
2023-05-24 14:36:00,2.605,2.61,2.605,2.605,5445.0,CDXS
2023-05-24 14:34:00,2.5992,2.605,2.5992,2.605,3233.0,CDXS
2023-05-24 14:32:00,2.595,2.595,2.59,2.59,8636.0,CDXS
2023-05-24 14:31:00,2.595,2.595,2.595,2.595,540.0,CDXS
2023-05-24 14:29:00,2.595,2.6,2.595,2.598,1493.0,CDXS
2023-05-24 14:28:00,2.595,2.595,2.595,2.595,150.0,CDXS
2023-05-24 14:27:00,2.595,2.595,2.585,2.59,5279.0,CDXS
2023-05-24 14:26:00,2.59,2.59,2.59,2.59,581.0,CDXS
2023-05-24 14:24:00,2.595,2.595,2.595,2.595,320.0,CDXS
2023-05-24 14:19:00,2.59,2.59,2.59,2.59,100.0,CDXS
2023-05-24 14:18:00,2.59,2.59,2.59,2.59,1504.0,CDXS
2023-05-24 14:17:00,2.605,2.605,2.59,2.59,6446.0,CDXS
2023-05-24 14:16:00,2.605,2.605,2.605,2.605,100.0,CDXS
2023-05-24 14:13:00,2.605,2.605,2.605,2.605,205.0,CDXS
2023-05-24 14:09:00,2.595,2.605,2.595,2.605,7691.0,CDXS
2023-05-24 14:08:00,2.6,2.6,2.6,2.6,425.0,CDXS
2023-05-24 14:06:00,2.59,2.5975,2.59,2.5975,347.0,CDXS
2023-05-24 14:05:00,2.59,2.59,2.59,2.59,100.0,CDXS
2023-05-24 14:02:00,2.6,2.6,2.6,2.6,1053.0,CDXS
2023-05-24 14:01:00,2.605,2.605,2.6,2.6,1081.0,CDXS
2023-05-24 14:00:00,2.61,2.61,2.605,2.605,2724.0,CDXS
2023-05-24 13:58:00,2.6,2.6,2.6,2.6,112.0,CDXS
2023-05-24 13:57:00,2.605,2.605,2.605,2.605,3040.0,CDXS
2023-05-24 13:56:00,2.605,2.605,2.605,2.605,200.0,CDXS
2023-05-24 13:54:00,2.61,2.61,2.61,2.61,1607.0,CDXS
2023-05-24 13:53:00,2.615,2.615,2.615,2.615,192.0,CDXS
2023-05-24 13:48:00,2.615,2.62,2.615,2.62,12526.0,CDXS
2023-05-24 13:47:00,2.61,2.61,2.61,2.61,1902.0,CDXS
2023-05-24 13:46:00,2.61,2.61,2.61,2.61,3057.0,CDXS
2023-05-24 13:45:00,2.615,2.62,2.615,2.62,14762.0,CDXS
2023-05-24 13:43:00,2.6175,2.6175,2.615,2.615,400.0,CDXS
2023-05-24 13:42:00,2.615,2.615,2.615,2.615,701.0,CDXS
2023-05-24 13:41:00,2.6175,2.6175,2.6175,2.6175,140.0,CDXS
2023-05-24 13:40:00,2.615,2.615,2.615,2.615,335.0,CDXS
2023-05-24 13:37:00,2.605,2.62,2.605,2.62,28619.0,CDXS
2023-05-24 13:36:00,2.6,2.61,2.6,2.605,12951.0,CDXS
2023-05-24 13:35:00,2.595,2.6,2.595,2.6,21263.0,CDXS
2023-05-24 13:33:00,2.595,2.595,2.595,2.595,417.0,CDXS
2023-05-24 13:32:00,2.585,2.6,2.585,2.6,8631.0,CDXS
2023-05-24 13:31:00,2.585,2.5875,2.585,2.5875,475.0,CDXS
2023-05-24 13:29:00,2.58,2.58,2.58,2.58,100.0,CDXS
2023-05-24 13:25:00,2.5891,2.5891,2.5891,2.5891,1000.0,CDXS
2023-05-24 13:23:00,2.585,2.6,2.585,2.59,7877.0,CDXS
2023-05-24 13:21:00,2.585,2.585,2.585,2.585,100.0,CDXS
2023-05-24 13:20:00,2.5925,2.6,2.58,2.585,20661.0,CDXS
2023-05-24 13:19:00,2.595,2.6,2.595,2.595,1156.0,CDXS
2023-05-24 13:16:00,2.595,2.595,2.595,2.595,100.0,CDXS
2023-05-24 13:14:00,2.6,2.605,2.6,2.6,2092.0,CDXS
2023-05-24 13:13:00,2.61,2.61,2.605,2.605,9524.0,CDXS
2023-05-24 13:12:00,2.64,2.64,2.615,2.615,13938.0,CDXS
2023-05-24 13:11:00,2.645,2.6475,2.64,2.645,1237.0,CDXS
2023-05-24 13:10:00,2.64,2.645,2.64,2.645,7521.0,CDXS
2023-05-24 13:09:00,2.645,2.645,2.645,2.645,203.0,CDXS
2023-05-24 13:08:00,2.645,2.645,2.645,2.645,400.0,CDXS
2023-05-24 13:07:00,2.64,2.645,2.64,2.645,420.0,CDXS
2023-05-24 13:05:00,2.635,2.645,2.635,2.64,2751.0,CDXS
2023-05-24 13:01:00,2.63,2.63,2.629,2.63,3299.0,CDXS
2023-05-24 13:00:00,2.63,2.63,2.63,2.63,1792.0,CDXS
2023-05-24 12:59:00,2.635,2.635,2.635,2.635,210.0,CDXS
2023-05-24 12:58:00,2.64,2.64,2.64,2.64,100.0,CDXS
2023-05-24 12:52:00,2.645,2.645,2.64,2.64,1514.0,CDXS
2023-05-24 12:51:00,2.635,2.64,2.635,2.64,2426.0,CDXS
2023-05-24 12:50:00,2.64,2.64,2.635,2.635,2273.0,CDXS
2023-05-24 12:49:00,2.645,2.645,2.645,2.645,141.0,CDXS
2023-05-24 12:48:00,2.64,2.645,2.64,2.64,1756.0,CDXS
2023-05-24 12:46:00,2.63,2.63,2.63,2.63,2235.0,CDXS
2023-05-24 12:45:00,2.62,2.63,2.62,2.625,1787.0,CDXS
2023-05-24 12:44:00,2.62,2.6245,2.62,2.6245,2850.0,CDXS
2023-05-24 12:43:00,2.625,2.625,2.62,2.62,526.0,CDXS
2023-05-24 12:42:00,2.62,2.625,2.62,2.625,506.0,CDXS
2023-05-24 12:41:00,2.625,2.625,2.625,2.625,330.0,CDXS
2023-05-24 12:40:00,2.62,2.62,2.615,2.62,2637.0,CDXS
2023-05-24 12:39:00,2.615,2.615,2.615,2.615,200.0,CDXS
2023-05-24 12:37:00,2.61,2.615,2.61,2.615,314.0,CDXS
2023-05-24 12:35:00,2.615,2.615,2.615,2.615,100.0,CDXS
2023-05-24 12:34:00,2.615,2.615,2.615,2.615,100.0,CDXS
2023-05-24 12:33:00,2.615,2.615,2.615,2.615,100.0,CDXS
2023-05-24 12:32:00,2.625,2.625,2.62,2.62,2864.0,CDXS
2023-05-24 12:31:00,2.62,2.625,2.615,2.625,3197.0,CDXS
2023-05-24 12:29:00,2.615,2.62,2.615,2.62,430.0,CDXS
2023-05-24 12:27:00,2.615,2.615,2.615,2.615,430.0,CDXS
2023-05-24 12:26:00,2.61,2.61,2.605,2.605,1200.0,CDXS
2023-05-24 12:25:00,2.6,2.61,2.6,2.61,403.0,CDXS
2023-05-24 12:23:00,2.585,2.595,2.585,2.595,6786.0,CDXS
2023-05-24 12:21:00,2.585,2.585,2.585,2.585,1123.0,CDXS
2023-05-24 12:20:00,2.58,2.585,2.58,2.585,600.0,CDXS
2023-05-24 12:19:00,2.5885,2.5885,2.58,2.5885,2000.0,CDXS
2023-05-24 12:18:00,2.59,2.59,2.5885,2.5885,1957.0,CDXS
2023-05-24 12:17:00,2.6,2.6,2.6,2.6,1314.0,CDXS
2023-05-24 12:16:00,2.6,2.6,2.6,2.6,200.0,CDXS
2023-05-24 12:14:00,2.605,2.605,2.605,2.605,285.0,CDXS
2023-05-24 12:12:00,2.61,2.61,2.605,2.605,912.0,CDXS
2023-05-24 12:09:00,2.61,2.61,2.61,2.61,204.0,CDXS
2023-05-24 12:08:00,2.615,2.615,2.615,2.615,200.0,CDXS
2023-05-24 12:07:00,2.615,2.615,2.615,2.615,319.0,CDXS
2023-05-24 12:06:00,2.62,2.62,2.61,2.61,2873.0,CDXS
2023-05-24 12:05:00,2.6299,2.6299,2.625,2.625,1647.0,CDXS
2023-05-24 12:04:00,2.625,2.625,2.625,2.625,408.0,CDXS
2023-05-24 12:03:00,2.625,2.625,2.625,2.625,232.0,CDXS
2023-05-24 12:02:00,2.6225,2.625,2.6225,2.625,1375.0,CDXS
2023-05-24 12:01:00,2.625,2.625,2.625,2.625,316.0,CDXS
2023-05-24 12:00:00,2.625,2.625,2.62,2.625,783.0,CDXS
2023-05-24 11:59:00,2.625,2.6275,2.625,2.6275,409.0,CDXS
2023-05-24 11:58:00,2.625,2.625,2.625,2.625,410.0,CDXS
2023-05-24 11:57:00,2.6225,2.63,2.6225,2.63,454.0,CDXS
2023-05-24 11:56:00,2.625,2.625,2.625,2.625,269.0,CDXS
2023-05-24 11:55:00,2.625,2.625,2.625,2.625,112.0,CDXS
2023-05-24 11:53:00,2.625,2.625,2.625,2.625,102.0,CDXS
2023-05-24 11:50:00,2.63,2.63,2.625,2.625,404.0,CDXS
2023-05-24 11:49:00,2.635,2.635,2.63,2.63,2518.0,CDXS
2023-05-24 11:48:00,2.63,2.635,2.63,2.635,2067.0,CDXS
2023-05-24 11:47:00,2.625,2.63,2.625,2.63,302.0,CDXS
2023-05-24 11:46:00,2.6205,2.625,2.62,2.62,5590.0,CDXS
2023-05-24 11:44:00,2.625,2.6291,2.6225,2.6225,3456.0,CDXS
2023-05-24 11:42:00,2.625,2.625,2.625,2.625,205.0,CDXS
2023-05-24 11:41:00,2.625,2.63,2.625,2.63,3521.0,CDXS
2023-05-24 11:40:00,2.625,2.63,2.62,2.63,2166.0,CDXS
2023-05-24 11:39:00,2.63,2.63,2.63,2.63,104.0,CDXS
2023-05-24 11:38:00,2.625,2.625,2.6225,2.6225,384.0,CDXS
2023-05-24 11:36:00,2.625,2.625,2.62,2.62,240.0,CDXS
2023-05-24 11:34:00,2.625,2.625,2.625,2.625,200.0,CDXS
2023-05-24 11:33:00,2.62,2.625,2.62,2.62,3173.0,CDXS
2023-05-24 11:31:00,2.63,2.63,2.63,2.63,2064.0,CDXS
2023-05-24 11:30:00,2.64,2.65,2.63,2.63,16307.0,CDXS
2023-05-24 11:29:00,2.64,2.64,2.64,2.64,1972.0,CDXS
2023-05-24 11:28:00,2.645,2.6499,2.645,2.645,859.0,CDXS
2023-05-24 11:27:00,2.645,2.65,2.645,2.65,832.0,CDXS
2023-05-24 11:26:00,2.65,2.65,2.645,2.645,861.0,CDXS
2023-05-24 11:25:00,2.65,2.65,2.65,2.65,146.0,CDXS
2023-05-24 11:23:00,2.63,2.64,2.63,2.64,3661.0,CDXS
2023-05-24 11:22:00,2.625,2.63,2.625,2.63,220.0,CDXS
2023-05-24 11:20:00,2.615,2.625,2.615,2.625,2774.0,CDXS
2023-05-24 11:19:00,2.615,2.615,2.615,2.615,200.0,CDXS
2023-05-24 11:18:00,2.615,2.615,2.615,2.615,100.0,CDXS
2023-05-24 11:16:00,2.605,2.61,2.605,2.61,1555.0,CDXS
2023-05-24 11:14:00,2.605,2.605,2.605,2.605,345.0,CDXS
2023-05-24 11:13:00,2.615,2.615,2.61,2.61,2044.0,CDXS
2023-05-24 11:12:00,2.605,2.61,2.605,2.61,1355.0,CDXS
2023-05-24 11:11:00,2.605,2.6085,2.605,2.6085,762.0,CDXS
2023-05-24 11:10:00,2.5985,2.605,2.5985,2.605,1866.0,CDXS
2023-05-24 11:09:00,2.5985,2.5985,2.595,2.5985,1615.0,CDXS
2023-05-24 11:08:00,2.5985,2.5985,2.5985,2.5985,1100.0,CDXS
2023-05-24 11:07:00,2.585,2.59,2.585,2.59,4253.0,CDXS
2023-05-24 11:06:00,2.58,2.58,2.58,2.58,200.0,CDXS
2023-05-24 11:05:00,2.58,2.585,2.58,2.585,2209.0,CDXS
2023-05-24 11:04:00,2.58,2.5815,2.58,2.5815,3372.0,CDXS
2023-05-24 11:03:00,2.585,2.585,2.585,2.585,235.0,CDXS
2023-05-24 11:02:00,2.59,2.59,2.58,2.58,2330.0,CDXS
2023-05-24 11:01:00,2.605,2.605,2.58,2.59,19279.0,CDXS
2023-05-24 11:00:00,2.615,2.615,2.605,2.605,4677.0,CDXS
2023-05-24 10:59:00,2.615,2.615,2.615,2.615,501.0,CDXS
2023-05-24 10:58:00,2.615,2.615,2.61,2.615,925.0,CDXS
2023-05-24 10:57:00,2.6125,2.615,2.61,2.615,559.0,CDXS
2023-05-24 10:56:00,2.6175,2.6175,2.615,2.615,939.0,CDXS
2023-05-24 10:55:00,2.615,2.615,2.61,2.615,507.0,CDXS
2023-05-24 10:54:00,2.6125,2.6125,2.6125,2.6125,100.0,CDXS
2023-05-24 10:53:00,2.61,2.615,2.61,2.615,200.0,CDXS
2023-05-24 10:52:00,2.615,2.615,2.615,2.615,340.0,CDXS
2023-05-24 10:51:00,2.615,2.6185,2.615,2.6185,459.0,CDXS
2023-05-24 10:49:00,2.6125,2.6125,2.6125,2.6125,153.0,CDXS
2023-05-24 10:48:00,2.625,2.625,2.61,2.61,3956.0,CDXS
2023-05-24 10:47:00,2.625,2.625,2.625,2.625,141.0,CDXS
2023-05-24 10:46:00,2.62,2.625,2.62,2.625,200.0,CDXS
2023-05-24 10:44:00,2.625,2.625,2.62,2.625,306.0,CDXS
2023-05-24 10:43:00,2.625,2.625,2.6212,2.6212,447.0,CDXS
2023-05-24 10:42:00,2.62,2.625,2.62,2.625,3276.0,CDXS
2023-05-24 10:41:00,2.615,2.615,2.615,2.615,433.0,CDXS
2023-05-24 10:38:00,2.6082,2.615,2.6082,2.615,4768.0,CDXS
2023-05-24 10:37:00,2.61,2.61,2.61,2.61,105.0,CDXS
2023-05-24 10:36:00,2.61,2.61,2.61,2.61,710.0,CDXS
2023-05-24 10:35:00,2.605,2.6085,2.605,2.6085,700.0,CDXS
2023-05-24 10:34:00,2.605,2.605,2.605,2.605,101.0,CDXS
2023-05-24 10:33:00,2.61,2.61,2.605,2.605,5634.0,CDXS
2023-05-24 10:32:00,2.61,2.61,2.6025,2.6025,1705.0,CDXS
2023-05-24 10:31:00,2.615,2.615,2.61,2.61,2225.0,CDXS
2023-05-24 10:28:00,2.61,2.61,2.61,2.61,1920.0,CDXS
2023-05-24 10:27:00,2.61,2.61,2.605,2.61,992.0,CDXS
2023-05-24 10:26:00,2.62,2.62,2.62,2.62,2023.0,CDXS
2023-05-24 10:25:00,2.615,2.62,2.615,2.62,3333.0,CDXS
2023-05-24 10:24:00,2.62,2.62,2.615,2.615,1832.0,CDXS
2023-05-24 10:23:00,2.6225,2.6225,2.6225,2.6225,202.0,CDXS
2023-05-24 10:22:00,2.6209,2.6209,2.6209,2.6209,106.0,CDXS
2023-05-24 10:21:00,2.6225,2.6225,2.6225,2.6225,202.0,CDXS
2023-05-24 10:20:00,2.635,2.635,2.63,2.63,2689.0,CDXS
2023-05-24 10:18:00,2.63,2.635,2.63,2.635,440.0,CDXS
2023-05-24 10:16:00,2.6375,2.6375,2.6375,2.6375,200.0,CDXS
2023-05-24 10:15:00,2.64,2.64,2.63,2.63,2605.0,CDXS
2023-05-24 10:14:00,2.64,2.64,2.64,2.64,2048.0,CDXS
2023-05-24 10:12:00,2.63,2.63,2.63,2.63,476.0,CDXS
2023-05-24 10:11:00,2.62,2.62,2.62,2.62,2619.0,CDXS
2023-05-24 10:10:00,2.625,2.63,2.62,2.62,3834.0,CDXS
2023-05-24 10:09:00,2.62,2.62,2.62,2.62,2119.0,CDXS
2023-05-24 10:08:00,2.61,2.62,2.61,2.62,3884.0,CDXS
2023-05-24 10:07:00,2.61,2.61,2.61,2.61,229.0,CDXS
2023-05-24 10:05:00,2.61,2.6185,2.61,2.6185,762.0,CDXS
2023-05-24 10:04:00,2.61,2.61,2.61,2.61,318.0,CDXS
2023-05-24 10:03:00,2.62,2.62,2.62,2.62,773.0,CDXS
2023-05-24 10:02:00,2.63,2.63,2.62,2.62,7363.0,CDXS
2023-05-24 10:00:00,2.64,2.64,2.64,2.64,5510.0,CDXS
2023-05-24 09:59:00,2.63,2.639,2.63,2.639,2348.0,CDXS
2023-05-24 09:58:00,2.635,2.6395,2.62,2.62,5105.0,CDXS
2023-05-24 09:57:00,2.64,2.64,2.6385,2.6385,10354.0,CDXS
2023-05-24 09:56:00,2.6285,2.64,2.6285,2.6399,13989.0,CDXS
2023-05-24 09:55:00,2.63,2.63,2.625,2.625,9181.0,CDXS
2023-05-24 09:54:00,2.64,2.64,2.635,2.6399,4852.0,CDXS
2023-05-24 09:52:00,2.65,2.65,2.65,2.65,480.0,CDXS
2023-05-24 09:51:00,2.65,2.65,2.645,2.65,2752.0,CDXS
2023-05-24 09:50:00,2.66,2.66,2.66,2.66,394.0,CDXS
2023-05-24 09:49:00,2.66,2.66,2.66,2.66,396.0,CDXS
2023-05-24 09:48:00,2.64,2.65,2.635,2.65,2597.0,CDXS
2023-05-24 09:47:00,2.66,2.66,2.645,2.645,3290.0,CDXS
2023-05-24 09:46:00,2.69,2.69,2.66,2.665,8272.0,CDXS
2023-05-24 09:45:00,2.695,2.695,2.695,2.695,203.0,CDXS
2023-05-24 09:44:00,2.69,2.69,2.69,2.69,3714.0,CDXS
2023-05-24 09:42:00,2.69,2.7,2.69,2.7,8498.0,CDXS
2023-05-24 09:41:00,2.69,2.7,2.6899,2.6973,5436.0,CDXS
2023-05-24 09:40:00,2.7099,2.71,2.69,2.69,5103.0,CDXS
2023-05-24 09:39:00,2.705,2.705,2.7,2.7,392.0,CDXS
2023-05-24 09:38:00,2.7003,2.7003,2.7003,2.7003,2602.0,CDXS
2023-05-24 09:37:00,2.69,2.7,2.6899,2.7,9964.0,CDXS
2023-05-24 09:36:00,2.7,2.7,2.7,2.7,239.0,CDXS
2023-05-24 09:35:00,2.73,2.73,2.7,2.7,2277.0,CDXS
2023-05-24 09:34:00,2.75,2.75,2.735,2.735,1106.0,CDXS
2023-05-24 09:33:00,2.69,2.74,2.69,2.74,2932.0,CDXS
2023-05-24 09:32:00,2.7,2.7,2.68,2.6885,3000.0,CDXS
2023-05-24 09:31:00,2.74,2.7485,2.71,2.71,3400.0,CDXS
2023-05-24 09:30:00,2.79,2.79,2.69,2.72,9059.0,CDXS
2023-05-24 08:27:00,2.78,2.78,2.78,2.78,200.0,CDXS
2023-05-23 15:59:00,2.76,2.77,2.76,2.76,21232.0,CDXS
2023-05-23 15:58:00,2.76,2.7699,2.76,2.765,13047.0,CDXS
2023-05-23 15:57:00,2.765,2.765,2.76,2.76,7983.0,CDXS
2023-05-23 15:56:00,2.77,2.78,2.76,2.76,16917.0,CDXS
2023-05-23 15:55:00,2.775,2.78,2.77,2.77,8980.0,CDXS
2023-05-23 15:54:00,2.78,2.78,2.775,2.775,10217.0,CDXS
2023-05-23 15:53:00,2.785,2.79,2.78,2.785,3989.0,CDXS
2023-05-23 15:52:00,2.785,2.79,2.785,2.785,2589.0,CDXS
2023-05-23 15:51:00,2.79,2.79,2.78,2.79,1575.0,CDXS
2023-05-23 15:50:00,2.775,2.79,2.775,2.79,16557.0,CDXS
2023-05-23 15:49:00,2.775,2.78,2.77,2.78,1703.0,CDXS
2023-05-23 15:48:00,2.775,2.78,2.775,2.775,1688.0,CDXS
2023-05-23 15:47:00,2.7743,2.775,2.7743,2.775,897.0,CDXS
2023-05-23 15:46:00,2.775,2.775,2.775,2.775,671.0,CDXS
2023-05-23 15:45:00,2.775,2.775,2.77,2.775,654.0,CDXS
2023-05-23 15:44:00,2.765,2.775,2.765,2.775,4383.0,CDXS
2023-05-23 15:43:00,2.785,2.785,2.77,2.77,6162.0,CDXS
2023-05-23 15:42:00,2.785,2.785,2.78,2.78,368.0,CDXS
2023-05-23 15:41:00,2.775,2.785,2.771,2.785,3694.0,CDXS
2023-05-23 15:40:00,2.775,2.775,2.775,2.775,844.0,CDXS
2023-05-23 15:39:00,2.805,2.815,2.78,2.78,25277.0,CDXS
2023-05-23 15:38:00,2.795,2.81,2.785,2.805,13423.0,CDXS
2023-05-23 15:37:00,2.82,2.82,2.785,2.79,27438.0,CDXS
2023-05-23 15:36:00,2.79,2.82,2.79,2.82,30137.0,CDXS
2023-05-23 15:35:00,2.745,2.79,2.745,2.79,25591.0,CDXS
2023-05-23 15:34:00,2.74,2.7475,2.74,2.745,2678.0,CDXS
2023-05-23 15:33:00,2.74,2.745,2.74,2.74,1877.0,CDXS
2023-05-23 15:32:00,2.74,2.74,2.74,2.74,1096.0,CDXS
2023-05-23 15:31:00,2.741,2.745,2.741,2.745,310.0,CDXS
2023-05-23 15:30:00,2.745,2.745,2.745,2.745,599.0,CDXS
2023-05-23 15:29:00,2.7475,2.75,2.74,2.74,1438.0,CDXS
2023-05-23 15:28:00,2.745,2.745,2.745,2.745,280.0,CDXS
2023-05-23 15:26:00,2.745,2.745,2.74,2.745,2764.0,CDXS
2023-05-23 15:25:00,2.7475,2.7475,2.74,2.74,513.0,CDXS
2023-05-23 15:24:00,2.745,2.745,2.745,2.745,1024.0,CDXS
2023-05-23 15:23:00,2.745,2.745,2.745,2.745,1965.0,CDXS
2023-05-23 15:22:00,2.745,2.745,2.745,2.745,202.0,CDXS
2023-05-23 15:21:00,2.745,2.745,2.74,2.745,3166.0,CDXS
2023-05-23 15:19:00,2.745,2.745,2.745,2.745,314.0,CDXS
2023-05-23 15:18:00,2.745,2.745,2.745,2.745,400.0,CDXS
2023-05-23 15:17:00,2.755,2.755,2.745,2.75,3164.0,CDXS
2023-05-23 15:15:00,2.755,2.755,2.755,2.755,1365.0,CDXS
2023-05-23 15:14:00,2.75,2.7593,2.75,2.755,10054.0,CDXS
2023-05-23 15:13:00,2.75,2.75,2.745,2.745,13298.0,CDXS
2023-05-23 15:12:00,2.745,2.745,2.74,2.74,1095.0,CDXS
2023-05-23 15:11:00,2.76,2.76,2.75,2.75,5720.0,CDXS
2023-05-23 15:10:00,2.765,2.765,2.76,2.765,1346.0,CDXS
2023-05-23 15:09:00,2.765,2.765,2.765,2.765,1023.0,CDXS
2023-05-23 15:08:00,2.76,2.76,2.76,2.76,210.0,CDXS
2023-05-23 15:07:00,2.77,2.77,2.765,2.765,22774.0,CDXS
2023-05-23 15:06:00,2.775,2.775,2.77,2.775,319.0,CDXS
2023-05-23 15:05:00,2.775,2.775,2.77,2.77,2038.0,CDXS
2023-05-23 15:04:00,2.77,2.77,2.77,2.77,113.0,CDXS
2023-05-23 15:03:00,2.775,2.775,2.775,2.775,1975.0,CDXS
2023-05-23 15:02:00,2.78,2.78,2.77,2.77,4055.0,CDXS
2023-05-23 15:01:00,2.78,2.78,2.78,2.78,800.0,CDXS
2023-05-23 15:00:00,2.785,2.7875,2.78,2.78,401.0,CDXS
2023-05-23 14:58:00,2.785,2.785,2.78,2.78,226.0,CDXS
2023-05-23 14:57:00,2.78,2.785,2.78,2.78,718.0,CDXS
2023-05-23 14:54:00,2.78,2.785,2.78,2.785,821.0,CDXS
2023-05-23 14:53:00,2.785,2.785,2.785,2.785,600.0,CDXS
2023-05-23 14:52:00,2.785,2.785,2.785,2.785,100.0,CDXS
2023-05-23 14:50:00,2.78,2.785,2.78,2.785,2702.0,CDXS
2023-05-23 14:49:00,2.785,2.785,2.785,2.785,646.0,CDXS
2023-05-23 14:48:00,2.785,2.785,2.785,2.785,308.0,CDXS
2023-05-23 14:46:00,2.785,2.785,2.785,2.785,311.0,CDXS
2023-05-23 14:45:00,2.795,2.795,2.785,2.785,3576.0,CDXS
2023-05-23 14:44:00,2.795,2.795,2.795,2.795,830.0,CDXS
2023-05-23 14:43:00,2.79,2.79,2.79,2.79,1471.0,CDXS
2023-05-23 14:42:00,2.79,2.79,2.785,2.785,2961.0,CDXS
2023-05-23 14:41:00,2.795,2.795,2.795,2.795,1047.0,CDXS
2023-05-23 14:40:00,2.795,2.8,2.79,2.795,17354.0,CDXS
2023-05-23 14:38:00,2.795,2.795,2.795,2.795,800.0,CDXS
2023-05-23 14:37:00,2.8,2.8,2.79,2.79,3291.0,CDXS
2023-05-23 14:36:00,2.805,2.805,2.805,2.805,249.0,CDXS
2023-05-23 14:33:00,2.805,2.805,2.8,2.802,646.0,CDXS
2023-05-23 14:32:00,2.805,2.8075,2.805,2.8075,767.0,CDXS
2023-05-23 14:31:00,2.805,2.805,2.8,2.8,2338.0,CDXS
2023-05-23 14:29:00,2.805,2.805,2.8,2.8,1346.0,CDXS
2023-05-23 14:27:00,2.8,2.805,2.8,2.805,441.0,CDXS
2023-05-23 14:26:00,2.805,2.805,2.805,2.805,731.0,CDXS
2023-05-23 14:25:00,2.81,2.81,2.8,2.8,2274.0,CDXS
2023-05-23 14:23:00,2.81,2.815,2.81,2.815,335.0,CDXS
2023-05-23 14:22:00,2.815,2.8185,2.815,2.815,711.0,CDXS
2023-05-23 14:21:00,2.81,2.81,2.81,2.81,506.0,CDXS
2023-05-23 14:20:00,2.81,2.81,2.81,2.81,249.0,CDXS
2023-05-23 14:17:00,2.82,2.82,2.81,2.81,1317.0,CDXS
2023-05-23 14:16:00,2.825,2.825,2.82,2.825,535.0,CDXS
2023-05-23 14:15:00,2.83,2.83,2.825,2.825,1336.0,CDXS
2023-05-23 14:14:00,2.84,2.84,2.84,2.84,2121.0,CDXS
2023-05-23 14:13:00,2.845,2.845,2.84,2.84,900.0,CDXS
2023-05-23 14:12:00,2.855,2.855,2.845,2.845,4102.0,CDXS
2023-05-23 14:09:00,2.855,2.855,2.85,2.85,1179.0,CDXS
2023-05-23 14:08:00,2.8535,2.8535,2.8535,2.8535,1187.0,CDXS
2023-05-23 14:07:00,2.855,2.855,2.855,2.855,205.0,CDXS
2023-05-23 14:06:00,2.85,2.855,2.85,2.855,336.0,CDXS
2023-05-23 14:05:00,2.85,2.855,2.85,2.855,507.0,CDXS
2023-05-23 14:04:00,2.86,2.86,2.86,2.86,334.0,CDXS
2023-05-23 14:03:00,2.85,2.85,2.85,2.85,618.0,CDXS
2023-05-23 14:02:00,2.85,2.85,2.845,2.845,3580.0,CDXS
2023-05-23 14:01:00,2.855,2.86,2.85,2.8547,4381.0,CDXS
2023-05-23 14:00:00,2.87,2.87,2.855,2.855,5568.0,CDXS
2023-05-23 13:59:00,2.88,2.88,2.8709,2.875,2414.0,CDXS
2023-05-23 13:58:00,2.8712,2.88,2.8712,2.88,630.0,CDXS
2023-05-23 13:57:00,2.88,2.88,2.87,2.875,3172.0,CDXS
2023-05-23 13:56:00,2.875,2.875,2.875,2.875,355.0,CDXS
2023-05-23 13:55:00,2.87,2.87,2.87,2.87,302.0,CDXS
2023-05-23 13:54:00,2.855,2.875,2.855,2.875,5902.0,CDXS
2023-05-23 13:53:00,2.85,2.86,2.85,2.86,899.0,CDXS
2023-05-23 13:52:00,2.855,2.855,2.855,2.855,102.0,CDXS
2023-05-23 13:51:00,2.855,2.855,2.855,2.855,318.0,CDXS
2023-05-23 13:50:00,2.855,2.855,2.855,2.855,300.0,CDXS
2023-05-23 13:49:00,2.855,2.855,2.85,2.855,622.0,CDXS
2023-05-23 13:48:00,2.855,2.855,2.855,2.855,201.0,CDXS
2023-05-23 13:47:00,2.855,2.855,2.85,2.85,6218.0,CDXS
2023-05-23 13:46:00,2.855,2.8578,2.855,2.8578,600.0,CDXS
2023-05-23 13:45:00,2.845,2.85,2.845,2.85,5063.0,CDXS
2023-05-23 13:43:00,2.835,2.84,2.835,2.84,817.0,CDXS
2023-05-23 13:42:00,2.845,2.845,2.84,2.84,1840.0,CDXS
2023-05-23 13:41:00,2.84,2.84,2.84,2.84,843.0,CDXS
2023-05-23 13:40:00,2.835,2.835,2.835,2.835,210.0,CDXS
2023-05-23 13:39:00,2.83,2.83,2.83,2.83,997.0,CDXS
2023-05-23 13:36:00,2.82,2.82,2.82,2.82,895.0,CDXS
2023-05-23 13:35:00,2.815,2.815,2.815,2.815,102.0,CDXS
2023-05-23 13:34:00,2.825,2.825,2.82,2.82,3132.0,CDXS
2023-05-23 13:33:00,2.825,2.825,2.82,2.82,610.0,CDXS
2023-05-23 13:32:00,2.825,2.825,2.825,2.825,200.0,CDXS
2023-05-23 13:31:00,2.825,2.825,2.825,2.825,106.0,CDXS
2023-05-23 13:30:00,2.83,2.83,2.82,2.825,6883.0,CDXS
2023-05-23 13:29:00,2.83,2.835,2.83,2.83,4729.0,CDXS
2023-05-23 13:28:00,2.84,2.84,2.84,2.84,104.0,CDXS
2023-05-23 13:27:00,2.83,2.835,2.83,2.835,671.0,CDXS
2023-05-23 13:25:00,2.835,2.84,2.83,2.84,623.0,CDXS
2023-05-23 13:24:00,2.835,2.835,2.835,2.835,248.0,CDXS
2023-05-23 13:23:00,2.835,2.8385,2.835,2.8385,1212.0,CDXS
2023-05-23 13:22:00,2.835,2.8358,2.835,2.8358,655.0,CDXS
2023-05-23 13:21:00,2.83,2.835,2.83,2.835,602.0,CDXS
2023-05-23 13:20:00,2.835,2.835,2.835,2.835,108.0,CDXS
2023-05-23 13:19:00,2.84,2.84,2.835,2.835,1439.0,CDXS
2023-05-23 13:18:00,2.845,2.845,2.84,2.84,429.0,CDXS
2023-05-23 13:17:00,2.84,2.845,2.84,2.84,7301.0,CDXS
2023-05-23 13:16:00,2.835,2.845,2.835,2.84,16206.0,CDXS
2023-05-23 13:14:00,2.835,2.835,2.835,2.835,204.0,CDXS
2023-05-23 13:13:00,2.835,2.84,2.835,2.836,1261.0,CDXS
2023-05-23 13:12:00,2.83,2.83,2.83,2.83,689.0,CDXS
2023-05-23 13:11:00,2.815,2.83,2.815,2.83,1442.0,CDXS
2023-05-23 13:08:00,2.81,2.815,2.81,2.815,1681.0,CDXS
2023-05-23 13:07:00,2.805,2.805,2.805,2.805,104.0,CDXS
2023-05-23 13:06:00,2.805,2.805,2.805,2.805,200.0,CDXS
2023-05-23 13:05:00,2.8,2.805,2.8,2.8,3066.0,CDXS
2023-05-23 13:03:00,2.805,2.805,2.805,2.805,206.0,CDXS
2023-05-23 13:01:00,2.8,2.8,2.8,2.8,206.0,CDXS
2023-05-23 13:00:00,2.795,2.8,2.795,2.8,2633.0,CDXS
2023-05-23 12:59:00,2.795,2.8,2.795,2.8,1184.0,CDXS
2023-05-23 12:58:00,2.8,2.805,2.8,2.8,2745.0,CDXS
2023-05-23 12:57:00,2.81,2.81,2.81,2.81,880.0,CDXS
2023-05-23 12:56:00,2.79,2.81,2.785,2.81,3376.0,CDXS
2023-05-23 12:54:00,2.79,2.79,2.79,2.79,200.0,CDXS
2023-05-23 12:53:00,2.785,2.785,2.785,2.785,536.0,CDXS
2023-05-23 12:52:00,2.78,2.785,2.78,2.785,2073.0,CDXS
2023-05-23 12:51:00,2.78,2.78,2.77,2.77,278.0,CDXS
2023-05-23 12:50:00,2.775,2.78,2.775,2.78,5418.0,CDXS
2023-05-23 12:49:00,2.775,2.775,2.77,2.775,1100.0,CDXS
2023-05-23 12:48:00,2.78,2.78,2.775,2.775,209.0,CDXS
2023-05-23 12:47:00,2.785,2.785,2.775,2.775,4175.0,CDXS
2023-05-23 12:45:00,2.77,2.78,2.77,2.78,2676.0,CDXS
2023-05-23 12:44:00,2.775,2.775,2.775,2.775,200.0,CDXS
2023-05-23 12:43:00,2.78,2.78,2.77,2.77,2179.0,CDXS
2023-05-23 12:41:00,2.785,2.785,2.785,2.785,319.0,CDXS
2023-05-23 12:40:00,2.795,2.795,2.78,2.78,7924.0,CDXS
2023-05-23 12:39:00,2.8,2.8,2.79,2.795,11223.0,CDXS
2023-05-23 12:38:00,2.8,2.8,2.795,2.795,2996.0,CDXS
2023-05-23 12:37:00,2.805,2.805,2.805,2.805,102.0,CDXS
2023-05-23 12:36:00,2.805,2.81,2.8,2.805,900.0,CDXS
2023-05-23 12:35:00,2.805,2.805,2.805,2.805,336.0,CDXS
2023-05-23 12:33:00,2.8009,2.805,2.8009,2.805,600.0,CDXS
2023-05-23 12:32:00,2.8,2.81,2.8,2.81,608.0,CDXS
2023-05-23 12:31:00,2.805,2.805,2.805,2.805,100.0,CDXS
2023-05-23 12:30:00,2.795,2.8,2.795,2.8,2231.0,CDXS
2023-05-23 12:29:00,2.79,2.8,2.79,2.795,600.0,CDXS
2023-05-23 12:28:00,2.8,2.8,2.8,2.8,1935.0,CDXS
2023-05-23 12:27:00,2.805,2.805,2.805,2.805,111.0,CDXS
2023-05-23 12:26:00,2.8,2.8,2.8,2.8,5171.0,CDXS
2023-05-23 12:25:00,2.8075,2.8075,2.8075,2.8075,234.0,CDXS
2023-05-23 12:24:00,2.8,2.805,2.8,2.805,624.0,CDXS
2023-05-23 12:22:00,2.805,2.805,2.805,2.805,700.0,CDXS
2023-05-23 12:21:00,2.805,2.805,2.805,2.805,100.0,CDXS
2023-05-23 12:20:00,2.8,2.8,2.8,2.8,428.0,CDXS
2023-05-23 12:19:00,2.805,2.805,2.805,2.805,202.0,CDXS
2023-05-23 12:18:00,2.805,2.805,2.805,2.805,459.0,CDXS
2023-05-23 12:16:00,2.805,2.805,2.8,2.805,780.0,CDXS
2023-05-23 12:15:00,2.815,2.815,2.81,2.81,2359.0,CDXS
2023-05-23 12:13:00,2.815,2.815,2.815,2.815,273.0,CDXS
2023-05-23 12:12:00,2.815,2.815,2.805,2.81,6002.0,CDXS
2023-05-23 12:10:00,2.81,2.815,2.805,2.81,3196.0,CDXS
2023-05-23 12:09:00,2.81,2.81,2.81,2.81,400.0,CDXS
2023-05-23 12:07:00,2.815,2.815,2.815,2.815,100.0,CDXS
2023-05-23 12:05:00,2.82,2.82,2.82,2.82,2938.0,CDXS
2023-05-23 12:04:00,2.825,2.825,2.815,2.82,5551.0,CDXS
2023-05-23 12:03:00,2.835,2.8375,2.825,2.825,3136.0,CDXS
2023-05-23 12:01:00,2.8375,2.8375,2.835,2.835,545.0,CDXS
2023-05-23 12:00:00,2.835,2.835,2.83,2.83,455.0,CDXS
2023-05-23 11:59:00,2.834,2.84,2.834,2.84,2195.0,CDXS
2023-05-23 11:58:00,2.835,2.84,2.835,2.84,311.0,CDXS
2023-05-23 11:57:00,2.835,2.84,2.835,2.835,451.0,CDXS
2023-05-23 11:56:00,2.84,2.84,2.83,2.83,728.0,CDXS
2023-05-23 11:55:00,2.835,2.84,2.835,2.835,2627.0,CDXS
2023-05-23 11:54:00,2.855,2.855,2.835,2.835,5446.0,CDXS
2023-05-23 11:53:00,2.8557,2.8575,2.8553,2.8553,314.0,CDXS
2023-05-23 11:52:00,2.855,2.855,2.85,2.85,556.0,CDXS
2023-05-23 11:51:00,2.855,2.855,2.855,2.855,219.0,CDXS
2023-05-23 11:50:00,2.855,2.855,2.855,2.855,204.0,CDXS
2023-05-23 11:49:00,2.855,2.8575,2.8515,2.8515,1405.0,CDXS
2023-05-23 11:48:00,2.855,2.8576,2.85,2.85,1137.0,CDXS
2023-05-23 11:47:00,2.855,2.855,2.855,2.855,122.0,CDXS
2023-05-23 11:46:00,2.855,2.855,2.85,2.855,4127.0,CDXS
2023-05-23 11:45:00,2.85,2.86,2.85,2.86,553.0,CDXS
2023-05-23 11:44:00,2.86,2.86,2.855,2.855,3354.0,CDXS
2023-05-23 11:43:00,2.855,2.855,2.855,2.855,1000.0,CDXS
2023-05-23 11:42:00,2.86,2.86,2.86,2.86,204.0,CDXS
2023-05-23 11:41:00,2.86,2.86,2.855,2.855,342.0,CDXS
2023-05-23 11:40:00,2.855,2.86,2.855,2.8575,5937.0,CDXS
2023-05-23 11:39:00,2.86,2.86,2.8518,2.8518,4354.0,CDXS
2023-05-23 11:38:00,2.855,2.855,2.8501,2.855,9384.0,CDXS
2023-05-23 11:37:00,2.855,2.86,2.855,2.855,1531.0,CDXS
2023-05-23 11:35:00,2.845,2.855,2.845,2.855,7229.0,CDXS
2023-05-23 11:34:00,2.83,2.845,2.825,2.845,9098.0,CDXS
2023-05-23 11:33:00,2.82,2.825,2.82,2.825,2071.0,CDXS
2023-05-23 11:32:00,2.82,2.825,2.82,2.825,1001.0,CDXS
2023-05-23 11:31:00,2.83,2.83,2.82,2.825,5159.0,CDXS
2023-05-23 11:30:00,2.845,2.845,2.83,2.83,16560.0,CDXS
2023-05-23 11:29:00,2.845,2.8475,2.845,2.845,2975.0,CDXS
2023-05-23 11:28:00,2.845,2.845,2.84,2.84,815.0,CDXS
2023-05-23 11:27:00,2.845,2.845,2.845,2.845,300.0,CDXS
2023-05-23 11:25:00,2.845,2.8485,2.845,2.845,2421.0,CDXS
2023-05-23 11:23:00,2.835,2.845,2.835,2.845,2033.0,CDXS
2023-05-23 11:21:00,2.825,2.835,2.82,2.835,7182.0,CDXS
2023-05-23 11:20:00,2.825,2.83,2.825,2.825,1413.0,CDXS
2023-05-23 11:18:00,2.83,2.83,2.825,2.83,2865.0,CDXS
2023-05-23 11:17:00,2.83,2.8395,2.82,2.825,3059.0,CDXS
2023-05-23 11:16:00,2.84,2.84,2.83,2.83,429.0,CDXS
2023-05-23 11:15:00,2.845,2.845,2.83,2.83,15517.0,CDXS
2023-05-23 11:13:00,2.85,2.85,2.85,2.85,368.0,CDXS
2023-05-23 11:12:00,2.845,2.85,2.84,2.85,732.0,CDXS
2023-05-23 11:10:00,2.84,2.84,2.84,2.84,3162.0,CDXS
2023-05-23 11:09:00,2.85,2.85,2.8415,2.8415,779.0,CDXS
2023-05-23 11:08:00,2.865,2.865,2.84,2.84,5637.0,CDXS
2023-05-23 11:07:00,2.87,2.87,2.87,2.87,145.0,CDXS
2023-05-23 11:06:00,2.86,2.87,2.86,2.87,2358.0,CDXS
2023-05-23 11:05:00,2.84,2.86,2.84,2.86,3624.0,CDXS
2023-05-23 11:04:00,2.835,2.835,2.83,2.835,9985.0,CDXS
2023-05-23 11:03:00,2.82,2.845,2.82,2.84,4502.0,CDXS
2023-05-23 11:02:00,2.82,2.82,2.82,2.82,200.0,CDXS
2023-05-23 11:01:00,2.78,2.81,2.78,2.81,7900.0,CDXS
2023-05-23 11:00:00,2.7785,2.7785,2.77,2.77,1881.0,CDXS
2023-05-23 10:59:00,2.775,2.775,2.775,2.775,305.0,CDXS
2023-05-23 10:57:00,2.77,2.775,2.765,2.775,5675.0,CDXS
2023-05-23 10:56:00,2.775,2.775,2.76,2.765,10559.0,CDXS
2023-05-23 10:55:00,2.775,2.775,2.77,2.77,540.0,CDXS
2023-05-23 10:54:00,2.75,2.78,2.75,2.77,44657.0,CDXS
2023-05-23 10:53:00,2.745,2.7456,2.745,2.7456,458.0,CDXS
2023-05-23 10:52:00,2.75,2.75,2.745,2.745,19862.0,CDXS
2023-05-23 10:51:00,2.75,2.75,2.74,2.745,22405.0,CDXS
2023-05-23 10:50:00,2.76,2.76,2.75,2.75,5855.0,CDXS
2023-05-23 10:49:00,2.7685,2.7685,2.76,2.765,1289.0,CDXS
2023-05-23 10:48:00,2.765,2.7675,2.76,2.7675,1383.0,CDXS
2023-05-23 10:47:00,2.765,2.77,2.765,2.765,2861.0,CDXS
2023-05-23 10:46:00,2.76,2.765,2.76,2.765,371.0,CDXS
2023-05-23 10:45:00,2.76,2.765,2.76,2.765,282.0,CDXS
2023-05-23 10:44:00,2.765,2.765,2.76,2.76,809.0,CDXS
2023-05-23 10:43:00,2.765,2.7685,2.76,2.765,1308.0,CDXS
2023-05-23 10:42:00,2.765,2.765,2.765,2.765,1062.0,CDXS
2023-05-23 10:41:00,2.765,2.7675,2.765,2.765,2687.0,CDXS
2023-05-23 10:40:00,2.76,2.765,2.76,2.765,829.0,CDXS
2023-05-23 10:39:00,2.76,2.765,2.75,2.76,15334.0,CDXS
2023-05-23 10:38:00,2.765,2.765,2.765,2.765,655.0,CDXS
2023-05-23 10:37:00,2.765,2.77,2.765,2.765,3910.0,CDXS
2023-05-23 10:36:00,2.765,2.765,2.76,2.76,997.0,CDXS
2023-05-23 10:35:00,2.765,2.77,2.765,2.77,1066.0,CDXS
2023-05-23 10:34:00,2.765,2.7693,2.76,2.76,3960.0,CDXS
2023-05-23 10:33:00,2.765,2.765,2.765,2.765,450.0,CDXS
2023-05-23 10:32:00,2.76,2.77,2.76,2.76,12627.0,CDXS
2023-05-23 10:31:00,2.78,2.78,2.76,2.76,6298.0,CDXS
2023-05-23 10:29:00,2.785,2.79,2.785,2.785,3880.0,CDXS
2023-05-23 10:28:00,2.775,2.79,2.765,2.78,16511.0,CDXS
2023-05-23 10:27:00,2.79,2.79,2.775,2.775,4404.0,CDXS
2023-05-23 10:26:00,2.795,2.8,2.795,2.795,2039.0,CDXS
2023-05-23 10:25:00,2.7915,2.8,2.79,2.795,4133.0,CDXS
2023-05-23 10:24:00,2.8,2.8,2.79,2.79,5656.0,CDXS
2023-05-23 10:23:00,2.8,2.805,2.8,2.805,1303.0,CDXS
2023-05-23 10:22:00,2.8,2.8079,2.8,2.805,3044.0,CDXS
2023-05-23 10:21:00,2.815,2.815,2.8,2.805,2280.0,CDXS
2023-05-23 10:20:00,2.8282,2.8282,2.81,2.81,9532.0,CDXS
2023-05-23 10:18:00,2.825,2.825,2.825,2.825,759.0,CDXS
2023-05-23 10:17:00,2.825,2.825,2.825,2.825,359.0,CDXS
2023-05-23 10:16:00,2.85,2.85,2.82,2.825,5775.0,CDXS
2023-05-23 10:15:00,2.8508,2.855,2.8508,2.855,201.0,CDXS
2023-05-23 10:14:00,2.855,2.855,2.855,2.855,429.0,CDXS
2023-05-23 10:13:00,2.855,2.855,2.85,2.85,8407.0,CDXS
2023-05-23 10:12:00,2.865,2.87,2.85,2.85,3327.0,CDXS
2023-05-23 10:11:00,2.865,2.87,2.865,2.8673,701.0,CDXS
2023-05-23 10:10:00,2.86,2.8675,2.86,2.865,867.0,CDXS
2023-05-23 10:09:00,2.85,2.86,2.85,2.855,2519.0,CDXS
2023-05-23 10:08:00,2.84,2.85,2.835,2.85,2304.0,CDXS
2023-05-23 10:07:00,2.8375,2.84,2.83,2.84,4311.0,CDXS
2023-05-23 10:06:00,2.83,2.8323,2.82,2.83,4406.0,CDXS
2023-05-23 10:05:00,2.815,2.84,2.815,2.8275,18960.0,CDXS
2023-05-23 10:04:00,2.82,2.825,2.81,2.81,4393.0,CDXS
2023-05-23 10:03:00,2.83,2.83,2.82,2.825,4043.0,CDXS
2023-05-23 10:02:00,2.8485,2.8485,2.83,2.83,7579.0,CDXS
2023-05-23 10:01:00,2.845,2.845,2.84,2.84,601.0,CDXS
2023-05-23 10:00:00,2.855,2.855,2.84,2.84,3625.0,CDXS
2023-05-23 09:59:00,2.86,2.86,2.85,2.85,1688.0,CDXS
2023-05-23 09:58:00,2.87,2.87,2.865,2.865,7101.0,CDXS
2023-05-23 09:57:00,2.875,2.875,2.875,2.875,273.0,CDXS
2023-05-23 09:56:00,2.87,2.8775,2.87,2.8775,633.0,CDXS
2023-05-23 09:55:00,2.88,2.88,2.875,2.875,710.0,CDXS
2023-05-23 09:54:00,2.875,2.875,2.875,2.875,666.0,CDXS
2023-05-23 09:53:00,2.875,2.88,2.875,2.875,4628.0,CDXS
2023-05-23 09:52:00,2.87,2.88,2.865,2.875,4183.0,CDXS
2023-05-23 09:51:00,2.875,2.88,2.87,2.875,5468.0,CDXS
2023-05-23 09:50:00,2.88,2.88,2.875,2.875,1277.0,CDXS
2023-05-23 09:49:00,2.8815,2.885,2.8815,2.885,681.0,CDXS
2023-05-23 09:48:00,2.88,2.89,2.875,2.885,6895.0,CDXS
2023-05-23 09:47:00,2.915,2.915,2.885,2.885,5128.0,CDXS
2023-05-23 09:45:00,2.9,2.91,2.9,2.91,1294.0,CDXS
2023-05-23 09:44:00,2.92,2.92,2.9,2.9,3977.0,CDXS
2023-05-23 09:43:00,2.9285,2.9285,2.9206,2.9215,2916.0,CDXS
2023-05-23 09:42:00,2.9285,2.93,2.9285,2.93,372.0,CDXS
2023-05-23 09:41:00,2.91,2.92,2.91,2.92,957.0,CDXS
2023-05-23 09:40:00,2.885,2.91,2.885,2.91,10753.0,CDXS
2023-05-23 09:39:00,2.88,2.89,2.8702,2.89,1395.0,CDXS
2023-05-23 09:38:00,2.8685,2.88,2.8685,2.88,1232.0,CDXS
2023-05-23 09:37:00,2.875,2.89,2.87,2.87,2926.0,CDXS
2023-05-23 09:36:00,2.87,2.87,2.86,2.87,1574.0,CDXS
2023-05-23 09:35:00,2.8501,2.87,2.8501,2.87,2244.0,CDXS
2023-05-23 09:34:00,2.855,2.855,2.81,2.82,2695.0,CDXS
2023-05-23 09:33:00,2.885,2.885,2.855,2.855,3568.0,CDXS
2023-05-23 09:32:00,2.81,2.89,2.81,2.89,9040.0,CDXS
2023-05-23 09:30:00,2.75,2.79,2.72,2.78,18931.0,CDXS
2023-05-22 16:00:00,2.74,2.74,2.74,2.74,811.0,CDXS
2023-05-22 15:59:00,2.74,2.75,2.73,2.75,23480.0,CDXS
2023-05-22 15:58:00,2.73,2.74,2.73,2.73,14321.0,CDXS
2023-05-22 15:57:00,2.735,2.74,2.73,2.73,30733.0,CDXS
2023-05-22 15:56:00,2.73,2.74,2.73,2.73,13726.0,CDXS
2023-05-22 15:55:00,2.735,2.74,2.73,2.73,10235.0,CDXS
2023-05-22 15:54:00,2.73,2.735,2.73,2.735,10102.0,CDXS
2023-05-22 15:53:00,2.73,2.7375,2.73,2.73,5323.0,CDXS
2023-05-22 15:52:00,2.735,2.739,2.73,2.73,4415.0,CDXS
2023-05-22 15:51:00,2.74,2.74,2.735,2.735,1563.0,CDXS
2023-05-22 15:50:00,2.735,2.74,2.735,2.735,4241.0,CDXS
2023-05-22 15:49:00,2.735,2.74,2.735,2.735,408.0,CDXS
2023-05-22 15:48:00,2.735,2.735,2.735,2.735,607.0,CDXS
2023-05-22 15:47:00,2.735,2.74,2.735,2.735,3481.0,CDXS
2023-05-22 15:46:00,2.735,2.735,2.735,2.735,1945.0,CDXS
2023-05-22 15:45:00,2.735,2.735,2.732,2.735,1617.0,CDXS
2023-05-22 15:44:00,2.735,2.735,2.73,2.73,901.0,CDXS
2023-05-22 15:43:00,2.735,2.735,2.73,2.735,15696.0,CDXS
2023-05-22 15:42:00,2.735,2.74,2.735,2.735,788.0,CDXS
2023-05-22 15:41:00,2.735,2.735,2.73,2.735,2089.0,CDXS
2023-05-22 15:40:00,2.735,2.735,2.735,2.735,1509.0,CDXS
2023-05-22 15:39:00,2.735,2.735,2.735,2.735,857.0,CDXS
2023-05-22 15:38:00,2.735,2.735,2.735,2.735,1888.0,CDXS
2023-05-22 15:37:00,2.73,2.735,2.73,2.735,7755.0,CDXS
2023-05-22 15:36:00,2.735,2.735,2.735,2.735,832.0,CDXS
2023-05-22 15:35:00,2.735,2.74,2.735,2.735,1295.0,CDXS
2023-05-22 15:34:00,2.735,2.74,2.735,2.735,1636.0,CDXS
2023-05-22 15:33:00,2.75,2.75,2.735,2.735,9852.0,CDXS
2023-05-22 15:32:00,2.755,2.755,2.755,2.755,300.0,CDXS
2023-05-22 15:31:00,2.755,2.755,2.755,2.755,2104.0,CDXS
2023-05-22 15:29:00,2.75,2.755,2.75,2.755,682.0,CDXS
2023-05-22 15:28:00,2.755,2.755,2.755,2.755,200.0,CDXS
2023-05-22 15:27:00,2.755,2.755,2.75,2.75,1934.0,CDXS
2023-05-22 15:26:00,2.75,2.755,2.745,2.755,16109.0,CDXS
2023-05-22 15:25:00,2.75,2.75,2.75,2.75,100.0,CDXS
2023-05-22 15:24:00,2.75,2.755,2.75,2.755,211.0,CDXS
2023-05-22 15:23:00,2.75,2.7505,2.75,2.75,700.0,CDXS
2023-05-22 15:22:00,2.755,2.755,2.755,2.755,301.0,CDXS
2023-05-22 15:21:00,2.75,2.75,2.75,2.75,102.0,CDXS
2023-05-22 15:20:00,2.7546,2.7546,2.75,2.75,340.0,CDXS
2023-05-22 15:19:00,2.755,2.755,2.755,2.755,720.0,CDXS
2023-05-22 15:18:00,2.765,2.765,2.755,2.755,4456.0,CDXS
2023-05-22 15:15:00,2.769,2.769,2.76,2.765,1357.0,CDXS
2023-05-22 15:14:00,2.7687,2.77,2.765,2.765,852.0,CDXS
2023-05-22 15:13:00,2.77,2.77,2.77,2.77,201.0,CDXS
2023-05-22 15:12:00,2.76,2.76,2.755,2.76,3655.0,CDXS
2023-05-22 15:11:00,2.755,2.755,2.755,2.755,504.0,CDXS
2023-05-22 15:10:00,2.755,2.76,2.755,2.76,700.0,CDXS
2023-05-22 15:09:00,2.755,2.76,2.755,2.755,400.0,CDXS
2023-05-22 15:07:00,2.76,2.76,2.755,2.755,326.0,CDXS
2023-05-22 15:06:00,2.755,2.755,2.755,2.755,202.0,CDXS
2023-05-22 15:05:00,2.76,2.76,2.755,2.755,284.0,CDXS
2023-05-22 15:04:00,2.755,2.76,2.755,2.755,881.0,CDXS
2023-05-22 15:03:00,2.755,2.755,2.755,2.755,172.0,CDXS
2023-05-22 15:02:00,2.755,2.755,2.755,2.755,269.0,CDXS
2023-05-22 15:01:00,2.755,2.76,2.755,2.755,500.0,CDXS
2023-05-22 15:00:00,2.76,2.76,2.755,2.755,600.0,CDXS
2023-05-22 14:59:00,2.76,2.76,2.755,2.755,428.0,CDXS
2023-05-22 14:58:00,2.755,2.755,2.755,2.755,320.0,CDXS
2023-05-22 14:57:00,2.755,2.755,2.755,2.755,200.0,CDXS
2023-05-22 14:56:00,2.755,2.755,2.755,2.755,523.0,CDXS
2023-05-22 14:55:00,2.76,2.76,2.76,2.76,100.0,CDXS
2023-05-22 14:54:00,2.76,2.76,2.755,2.76,701.0,CDXS
2023-05-22 14:53:00,2.755,2.76,2.755,2.755,300.0,CDXS
2023-05-22 14:50:00,2.755,2.755,2.75,2.75,7766.0,CDXS
2023-05-22 14:49:00,2.755,2.76,2.755,2.755,1291.0,CDXS
2023-05-22 14:48:00,2.75,2.755,2.75,2.755,7830.0,CDXS
2023-05-22 14:47:00,2.745,2.745,2.745,2.745,590.0,CDXS
2023-05-22 14:46:00,2.745,2.745,2.745,2.745,299.0,CDXS
2023-05-22 14:45:00,2.745,2.745,2.745,2.745,200.0,CDXS
2023-05-22 14:44:00,2.745,2.745,2.745,2.745,124.0,CDXS
2023-05-22 14:43:00,2.745,2.745,2.7448,2.7448,669.0,CDXS
2023-05-22 14:42:00,2.75,2.75,2.749,2.749,209.0,CDXS
2023-05-22 14:41:00,2.745,2.745,2.745,2.745,306.0,CDXS
2023-05-22 14:40:00,2.745,2.745,2.745,2.745,307.0,CDXS
2023-05-22 14:39:00,2.755,2.755,2.74,2.74,10232.0,CDXS
2023-05-22 14:38:00,2.76,2.76,2.755,2.755,301.0,CDXS
2023-05-22 14:37:00,2.755,2.755,2.755,2.755,300.0,CDXS
2023-05-22 14:36:00,2.755,2.755,2.755,2.755,200.0,CDXS
2023-05-22 14:35:00,2.755,2.755,2.755,2.755,150.0,CDXS
2023-05-22 14:34:00,2.75,2.755,2.745,2.755,34438.0,CDXS
2023-05-22 14:32:00,2.755,2.755,2.755,2.755,1301.0,CDXS
2023-05-22 14:31:00,2.76,2.76,2.755,2.755,5265.0,CDXS
2023-05-22 14:30:00,2.765,2.765,2.765,2.765,100.0,CDXS
2023-05-22 14:29:00,2.775,2.775,2.765,2.765,4771.0,CDXS
2023-05-22 14:28:00,2.775,2.775,2.775,2.775,1219.0,CDXS
2023-05-22 14:26:00,2.77,2.77,2.77,2.77,970.0,CDXS
2023-05-22 14:25:00,2.765,2.77,2.765,2.765,2419.0,CDXS
2023-05-22 14:24:00,2.765,2.765,2.765,2.765,716.0,CDXS
2023-05-22 14:23:00,2.76,2.77,2.76,2.77,2424.0,CDXS
2023-05-22 14:22:00,2.745,2.755,2.745,2.755,2506.0,CDXS
2023-05-22 14:21:00,2.745,2.745,2.745,2.745,100.0,CDXS
2023-05-22 14:20:00,2.745,2.745,2.745,2.745,825.0,CDXS
2023-05-22 14:19:00,2.745,2.75,2.745,2.745,12985.0,CDXS
2023-05-22 14:18:00,2.745,2.745,2.745,2.745,641.0,CDXS
2023-05-22 14:17:00,2.745,2.745,2.745,2.745,576.0,CDXS
2023-05-22 14:16:00,2.745,2.745,2.745,2.745,1729.0,CDXS
2023-05-22 14:15:00,2.745,2.745,2.745,2.745,222.0,CDXS
2023-05-22 14:14:00,2.74,2.745,2.74,2.745,1487.0,CDXS
2023-05-22 14:13:00,2.745,2.745,2.745,2.745,290.0,CDXS
2023-05-22 14:11:00,2.7415,2.7415,2.7415,2.7415,475.0,CDXS
2023-05-22 14:10:00,2.745,2.75,2.745,2.745,1000.0,CDXS
2023-05-22 14:09:00,2.745,2.75,2.745,2.745,1501.0,CDXS
2023-05-22 14:08:00,2.745,2.745,2.745,2.745,201.0,CDXS
2023-05-22 14:07:00,2.745,2.745,2.745,2.745,322.0,CDXS
2023-05-22 14:06:00,2.745,2.745,2.745,2.745,401.0,CDXS
2023-05-22 14:05:00,2.745,2.75,2.745,2.745,800.0,CDXS
2023-05-22 14:03:00,2.745,2.75,2.745,2.75,342.0,CDXS
2023-05-22 14:02:00,2.745,2.75,2.745,2.75,800.0,CDXS
2023-05-22 14:01:00,2.745,2.745,2.745,2.745,200.0,CDXS
2023-05-22 13:59:00,2.75,2.75,2.75,2.75,100.0,CDXS
2023-05-22 13:58:00,2.745,2.75,2.735,2.745,14407.0,CDXS
2023-05-22 13:57:00,2.7415,2.7415,2.7415,2.7415,316.0,CDXS
2023-05-22 13:56:00,2.75,2.75,2.745,2.745,380.0,CDXS
2023-05-22 13:55:00,2.74,2.745,2.74,2.745,1198.0,CDXS
2023-05-22 13:53:00,2.745,2.745,2.745,2.745,193.0,CDXS
2023-05-22 13:51:00,2.745,2.745,2.745,2.745,110.0,CDXS
2023-05-22 13:48:00,2.75,2.75,2.75,2.75,594.0,CDXS
2023-05-22 13:47:00,2.745,2.75,2.745,2.75,4947.0,CDXS
2023-05-22 13:45:00,2.745,2.75,2.745,2.745,301.0,CDXS
2023-05-22 13:43:00,2.75,2.75,2.74,2.745,1132.0,CDXS
2023-05-22 13:42:00,2.75,2.75,2.745,2.75,6410.0,CDXS
2023-05-22 13:40:00,2.745,2.745,2.745,2.745,700.0,CDXS
2023-05-22 13:39:00,2.75,2.755,2.745,2.745,5317.0,CDXS
2023-05-22 13:38:00,2.7547,2.755,2.7547,2.755,514.0,CDXS
2023-05-22 13:36:00,2.755,2.755,2.755,2.755,1291.0,CDXS
2023-05-22 13:35:00,2.755,2.755,2.755,2.755,600.0,CDXS
2023-05-22 13:34:00,2.755,2.755,2.755,2.755,1051.0,CDXS
2023-05-22 13:33:00,2.755,2.755,2.755,2.755,200.0,CDXS
2023-05-22 13:32:00,2.755,2.755,2.755,2.755,100.0,CDXS
2023-05-22 13:31:00,2.745,2.759,2.745,2.755,5779.0,CDXS
2023-05-22 13:30:00,2.75,2.75,2.745,2.745,514.0,CDXS
2023-05-22 13:29:00,2.745,2.75,2.745,2.745,400.0,CDXS
2023-05-22 13:28:00,2.745,2.75,2.745,2.75,500.0,CDXS
2023-05-22 13:27:00,2.745,2.75,2.745,2.745,400.0,CDXS
2023-05-22 13:26:00,2.745,2.75,2.745,2.745,302.0,CDXS
2023-05-22 13:25:00,2.75,2.75,2.745,2.75,500.0,CDXS
2023-05-22 13:24:00,2.745,2.75,2.745,2.745,1181.0,CDXS
2023-05-22 13:22:00,2.745,2.75,2.745,2.75,1002.0,CDXS
2023-05-22 13:21:00,2.75,2.75,2.745,2.745,800.0,CDXS
2023-05-22 13:20:00,2.745,2.745,2.74,2.74,214.0,CDXS
2023-05-22 13:19:00,2.745,2.745,2.745,2.745,288.0,CDXS
2023-05-22 13:18:00,2.75,2.75,2.745,2.745,1303.0,CDXS
2023-05-22 13:17:00,2.745,2.75,2.745,2.745,400.0,CDXS
2023-05-22 13:16:00,2.745,2.745,2.745,2.745,466.0,CDXS
2023-05-22 13:15:00,2.74,2.74,2.74,2.74,3207.0,CDXS
2023-05-22 13:14:00,2.75,2.75,2.745,2.75,1924.0,CDXS
2023-05-22 13:12:00,2.755,2.755,2.755,2.755,103.0,CDXS
2023-05-22 13:11:00,2.7615,2.7615,2.76,2.76,1452.0,CDXS
2023-05-22 13:09:00,2.76,2.76,2.76,2.76,104.0,CDXS
2023-05-22 13:07:00,2.77,2.77,2.765,2.765,6915.0,CDXS
2023-05-22 13:06:00,2.78,2.78,2.775,2.775,801.0,CDXS
2023-05-22 13:05:00,2.78,2.78,2.78,2.78,190.0,CDXS
2023-05-22 13:04:00,2.77,2.77,2.77,2.77,450.0,CDXS
2023-05-22 13:03:00,2.76,2.765,2.76,2.765,1182.0,CDXS
2023-05-22 13:02:00,2.76,2.76,2.76,2.76,2230.0,CDXS
2023-05-22 13:00:00,2.765,2.77,2.765,2.77,4109.0,CDXS
2023-05-22 12:59:00,2.765,2.77,2.765,2.765,835.0,CDXS
2023-05-22 12:58:00,2.765,2.765,2.765,2.765,291.0,CDXS
2023-05-22 12:57:00,2.765,2.765,2.765,2.765,200.0,CDXS
2023-05-22 12:56:00,2.7665,2.7665,2.765,2.765,304.0,CDXS
2023-05-22 12:55:00,2.755,2.76,2.755,2.76,4097.0,CDXS
2023-05-22 12:52:00,2.75,2.75,2.75,2.75,3127.0,CDXS
2023-05-22 12:51:00,2.755,2.76,2.755,2.755,6239.0,CDXS
2023-05-22 12:47:00,2.755,2.755,2.755,2.755,291.0,CDXS
2023-05-22 12:46:00,2.755,2.755,2.755,2.755,100.0,CDXS
2023-05-22 12:44:00,2.765,2.765,2.745,2.75,9078.0,CDXS
2023-05-22 12:43:00,2.76,2.765,2.76,2.765,300.0,CDXS
2023-05-22 12:42:00,2.745,2.77,2.745,2.765,4807.0,CDXS
2023-05-22 12:40:00,2.725,2.75,2.725,2.745,13748.0,CDXS
2023-05-22 12:39:00,2.725,2.725,2.725,2.725,1500.0,CDXS
2023-05-22 12:38:00,2.725,2.725,2.725,2.725,14733.0,CDXS
2023-05-22 12:37:00,2.725,2.73,2.725,2.725,2502.0,CDXS
2023-05-22 12:36:00,2.72,2.725,2.72,2.725,300.0,CDXS
2023-05-22 12:35:00,2.725,2.725,2.725,2.725,220.0,CDXS
2023-05-22 12:34:00,2.715,2.72,2.715,2.715,4760.0,CDXS
2023-05-22 12:33:00,2.715,2.715,2.715,2.715,200.0,CDXS
2023-05-22 12:32:00,2.715,2.72,2.705,2.715,19871.0,CDXS
2023-05-22 12:30:00,2.71,2.7183,2.71,2.715,600.0,CDXS
2023-05-22 12:29:00,2.71,2.71,2.71,2.71,600.0,CDXS
2023-05-22 12:28:00,2.715,2.715,2.715,2.715,100.0,CDXS
2023-05-22 12:27:00,2.715,2.715,2.715,2.715,100.0,CDXS
2023-05-22 12:25:00,2.715,2.715,2.715,2.715,100.0,CDXS
2023-05-22 12:24:00,2.73,2.73,2.715,2.715,2943.0,CDXS
2023-05-22 12:23:00,2.7385,2.7385,2.73,2.735,911.0,CDXS
2023-05-22 12:22:00,2.73,2.735,2.73,2.735,200.0,CDXS
2023-05-22 12:21:00,2.73,2.735,2.73,2.735,407.0,CDXS
2023-05-22 12:20:00,2.735,2.735,2.735,2.735,731.0,CDXS
2023-05-22 12:19:00,2.735,2.735,2.735,2.735,201.0,CDXS
2023-05-22 12:17:00,2.72,2.74,2.715,2.73,6164.0,CDXS
2023-05-22 12:16:00,2.71,2.71,2.71,2.71,4000.0,CDXS
2023-05-22 12:15:00,2.73,2.735,2.71,2.71,26805.0,CDXS
2023-05-22 12:14:00,2.735,2.735,2.735,2.735,100.0,CDXS
2023-05-22 12:13:00,2.735,2.735,2.735,2.735,401.0,CDXS
2023-05-22 12:11:00,2.735,2.735,2.735,2.735,319.0,CDXS
2023-05-22 12:10:00,2.73,2.75,2.73,2.735,6891.0,CDXS
2023-05-22 12:09:00,2.695,2.73,2.6901,2.73,30827.0,CDXS
2023-05-22 12:08:00,2.69,2.695,2.69,2.695,6180.0,CDXS
2023-05-22 12:07:00,2.7,2.7,2.695,2.695,1700.0,CDXS
2023-05-22 12:06:00,2.695,2.695,2.69,2.69,200.0,CDXS
2023-05-22 12:05:00,2.7,2.7,2.695,2.695,2245.0,CDXS
2023-05-22 12:03:00,2.695,2.695,2.695,2.695,110.0,CDXS
2023-05-22 12:02:00,2.7,2.7,2.7,2.7,104.0,CDXS
2023-05-22 12:01:00,2.695,2.7,2.695,2.695,317.0,CDXS
2023-05-22 12:00:00,2.69,2.7,2.68,2.69,13915.0,CDXS
2023-05-22 11:59:00,2.685,2.685,2.685,2.685,400.0,CDXS
2023-05-22 11:58:00,2.68,2.69,2.68,2.685,704.0,CDXS
2023-05-22 11:57:00,2.69,2.69,2.68,2.68,1421.0,CDXS
2023-05-22 11:56:00,2.69,2.69,2.68,2.685,1200.0,CDXS
2023-05-22 11:55:00,2.685,2.69,2.68,2.685,2469.0,CDXS
2023-05-22 11:54:00,2.685,2.685,2.68,2.68,609.0,CDXS
2023-05-22 11:53:00,2.69,2.69,2.685,2.685,1434.0,CDXS
2023-05-22 11:52:00,2.685,2.7,2.68,2.68,8592.0,CDXS
2023-05-22 11:51:00,2.67,2.685,2.67,2.685,6000.0,CDXS
2023-05-22 11:50:00,2.67,2.675,2.67,2.675,401.0,CDXS
2023-05-22 11:48:00,2.675,2.675,2.67,2.67,291.0,CDXS
2023-05-22 11:47:00,2.665,2.68,2.665,2.68,10775.0,CDXS
2023-05-22 11:46:00,2.665,2.665,2.665,2.665,518.0,CDXS
2023-05-22 11:45:00,2.665,2.665,2.66,2.66,715.0,CDXS
2023-05-22 11:41:00,2.6692,2.67,2.66,2.66,4179.0,CDXS
2023-05-22 11:40:00,2.66,2.69,2.66,2.66,20452.0,CDXS
2023-05-22 11:39:00,2.655,2.655,2.655,2.655,732.0,CDXS
2023-05-22 11:38:00,2.655,2.655,2.655,2.655,884.0,CDXS
2023-05-22 11:37:00,2.655,2.655,2.65,2.655,1249.0,CDXS
2023-05-22 11:35:00,2.6575,2.6575,2.6575,2.6575,100.0,CDXS
2023-05-22 11:34:00,2.655,2.66,2.655,2.655,400.0,CDXS
2023-05-22 11:33:00,2.655,2.66,2.655,2.655,786.0,CDXS
2023-05-22 11:32:00,2.655,2.655,2.655,2.655,352.0,CDXS
2023-05-22 11:31:00,2.65,2.66,2.65,2.655,864.0,CDXS
2023-05-22 11:30:00,2.655,2.66,2.655,2.66,442.0,CDXS
2023-05-22 11:29:00,2.655,2.655,2.65,2.65,500.0,CDXS
2023-05-22 11:28:00,2.66,2.66,2.65,2.65,235.0,CDXS
2023-05-22 11:27:00,2.655,2.66,2.655,2.655,783.0,CDXS
2023-05-22 11:26:00,2.655,2.655,2.65,2.655,634.0,CDXS
2023-05-22 11:25:00,2.655,2.655,2.65,2.65,415.0,CDXS
2023-05-22 11:24:00,2.655,2.66,2.655,2.655,421.0,CDXS
2023-05-22 11:23:00,2.655,2.655,2.655,2.655,404.0,CDXS
2023-05-22 11:21:00,2.65,2.65,2.65,2.65,277.0,CDXS
2023-05-22 11:19:00,2.66,2.66,2.65,2.6599,4852.0,CDXS
2023-05-22 11:17:00,2.66,2.66,2.66,2.66,300.0,CDXS
2023-05-22 11:15:00,2.665,2.67,2.66,2.66,3916.0,CDXS
2023-05-22 11:14:00,2.675,2.68,2.65,2.66,11572.0,CDXS
2023-05-22 11:13:00,2.675,2.675,2.675,2.675,170.0,CDXS
2023-05-22 11:12:00,2.675,2.675,2.675,2.675,300.0,CDXS
2023-05-22 11:09:00,2.675,2.6759,2.67,2.67,1202.0,CDXS
2023-05-22 11:08:00,2.655,2.675,2.655,2.6701,8468.0,CDXS
2023-05-22 11:07:00,2.65,2.65,2.645,2.65,4591.0,CDXS
2023-05-22 11:06:00,2.65,2.65,2.645,2.645,1190.0,CDXS
2023-05-22 11:05:00,2.645,2.65,2.645,2.645,402.0,CDXS
2023-05-22 11:03:00,2.645,2.645,2.645,2.645,230.0,CDXS
2023-05-22 11:02:00,2.65,2.65,2.645,2.645,230.0,CDXS
2023-05-22 11:01:00,2.64,2.64,2.64,2.64,418.0,CDXS
2023-05-22 11:00:00,2.645,2.645,2.645,2.645,201.0,CDXS
2023-05-22 10:59:00,2.645,2.645,2.645,2.645,823.0,CDXS
2023-05-22 10:58:00,2.645,2.645,2.645,2.645,300.0,CDXS
2023-05-22 10:56:00,2.64,2.64,2.64,2.64,192.0,CDXS
2023-05-22 10:55:00,2.65,2.65,2.645,2.645,3941.0,CDXS
2023-05-22 10:54:00,2.64,2.64,2.64,2.64,925.0,CDXS
2023-05-22 10:53:00,2.62,2.635,2.62,2.635,2296.0,CDXS
2023-05-22 10:52:00,2.645,2.645,2.62,2.62,3552.0,CDXS
2023-05-22 10:51:00,2.645,2.645,2.64,2.645,342.0,CDXS
2023-05-22 10:50:00,2.63,2.645,2.625,2.645,20417.0,CDXS
2023-05-22 10:49:00,2.635,2.635,2.635,2.635,284.0,CDXS
2023-05-22 10:48:00,2.635,2.635,2.635,2.635,320.0,CDXS
2023-05-22 10:47:00,2.64,2.645,2.63,2.63,26550.0,CDXS
2023-05-22 10:46:00,2.635,2.635,2.63,2.63,327.0,CDXS
2023-05-22 10:45:00,2.64,2.645,2.63,2.63,10937.0,CDXS
2023-05-22 10:44:00,2.62,2.65,2.62,2.635,28827.0,CDXS
2023-05-22 10:43:00,2.615,2.615,2.61,2.615,1730.0,CDXS
2023-05-22 10:42:00,2.615,2.615,2.61,2.615,1200.0,CDXS
2023-05-22 10:41:00,2.6199,2.62,2.61,2.61,17803.0,CDXS
2023-05-22 10:40:00,2.615,2.62,2.61,2.615,3193.0,CDXS
2023-05-22 10:39:00,2.61,2.625,2.6,2.615,17894.0,CDXS
2023-05-22 10:38:00,2.6,2.605,2.6,2.605,800.0,CDXS
2023-05-22 10:37:00,2.6,2.605,2.6,2.605,300.0,CDXS
2023-05-22 10:35:00,2.605,2.61,2.6,2.6,3295.0,CDXS
2023-05-22 10:34:00,2.62,2.62,2.6,2.605,10649.0,CDXS
2023-05-22 10:33:00,2.615,2.615,2.61,2.6146,1630.0,CDXS
2023-05-22 10:32:00,2.605,2.6175,2.605,2.615,9954.0,CDXS
2023-05-22 10:31:00,2.605,2.61,2.605,2.605,3228.0,CDXS
2023-05-22 10:30:00,2.6,2.605,2.595,2.605,32271.0,CDXS
2023-05-22 10:29:00,2.5999,2.605,2.595,2.5955,24121.0,CDXS
2023-05-22 10:28:00,2.59,2.6,2.575,2.6,18724.0,CDXS
2023-05-22 10:27:00,2.595,2.595,2.595,2.595,100.0,CDXS
2023-05-22 10:26:00,2.595,2.595,2.595,2.595,100.0,CDXS
2023-05-22 10:24:00,2.595,2.61,2.59,2.59,19936.0,CDXS
2023-05-22 10:23:00,2.575,2.6,2.575,2.6,18590.0,CDXS
2023-05-22 10:22:00,2.575,2.575,2.575,2.575,363.0,CDXS
2023-05-22 10:21:00,2.59,2.59,2.57,2.575,54827.0,CDXS
2023-05-22 10:20:00,2.62,2.625,2.6,2.6,16136.0,CDXS
2023-05-22 10:19:00,2.64,2.645,2.62,2.62,8175.0,CDXS
2023-05-22 10:18:00,2.655,2.656,2.64,2.64,2947.0,CDXS
2023-05-22 10:17:00,2.675,2.675,2.65,2.65,5455.0,CDXS
2023-05-22 10:16:00,2.67,2.675,2.67,2.67,50856.0,CDXS
2023-05-22 10:15:00,2.67,2.675,2.67,2.67,2661.0,CDXS
2023-05-22 10:14:00,2.695,2.695,2.67,2.67,9375.0,CDXS
2023-05-22 10:13:00,2.695,2.695,2.69,2.69,1321.0,CDXS
2023-05-22 10:12:00,2.705,2.705,2.7,2.7,3416.0,CDXS
2023-05-22 10:11:00,2.705,2.705,2.705,2.705,1400.0,CDXS
2023-05-22 10:10:00,2.705,2.705,2.705,2.705,301.0,CDXS
2023-05-22 10:09:00,2.705,2.705,2.705,2.705,201.0,CDXS
2023-05-22 10:08:00,2.71,2.715,2.702,2.705,3378.0,CDXS
2023-05-22 10:06:00,2.72,2.725,2.71,2.72,12511.0,CDXS
2023-05-22 10:05:00,2.725,2.725,2.715,2.719,4359.0,CDXS
2023-05-22 10:03:00,2.73,2.73,2.725,2.725,2085.0,CDXS
2023-05-22 10:02:00,2.765,2.765,2.74,2.7401,10979.0,CDXS
2023-05-22 10:00:00,2.765,2.765,2.765,2.765,141.0,CDXS
2023-05-22 09:59:00,2.765,2.765,2.765,2.765,104.0,CDXS
2023-05-22 09:58:00,2.76,2.76,2.76,2.76,107.0,CDXS
2023-05-22 09:57:00,2.76,2.76,2.76,2.76,146.0,CDXS
2023-05-22 09:56:00,2.7902,2.7902,2.76,2.765,11187.0,CDXS
2023-05-22 09:55:00,2.795,2.795,2.79,2.79,502.0,CDXS
2023-05-22 09:54:00,2.765,2.79,2.765,2.79,2769.0,CDXS
2023-05-22 09:52:00,2.76,2.765,2.76,2.765,1275.0,CDXS
2023-05-22 09:51:00,2.77,2.7702,2.76,2.76,6372.0,CDXS
2023-05-22 09:50:00,2.76,2.76,2.75,2.76,16506.0,CDXS
2023-05-22 09:48:00,2.75,2.75,2.745,2.7491,921.0,CDXS
2023-05-22 09:47:00,2.7225,2.75,2.7225,2.75,3951.0,CDXS
2023-05-22 09:46:00,2.732,2.735,2.725,2.73,15726.0,CDXS
2023-05-22 09:45:00,2.72,2.73,2.72,2.73,1050.0,CDXS
2023-05-22 09:44:00,2.7,2.725,2.7,2.725,10442.0,CDXS
2023-05-22 09:43:00,2.7044,2.7044,2.7044,2.7044,502.0,CDXS
2023-05-22 09:42:00,2.7056,2.7056,2.7056,2.7056,285.0,CDXS
2023-05-22 09:41:00,2.68,2.705,2.68,2.705,5060.0,CDXS
2023-05-22 09:40:00,2.6816,2.6816,2.6816,2.6816,900.0,CDXS
2023-05-22 09:39:00,2.68,2.68,2.675,2.68,411.0,CDXS
2023-05-22 09:38:00,2.68,2.68,2.6701,2.6701,7100.0,CDXS
2023-05-22 09:37:00,2.67,2.67,2.67,2.67,1404.0,CDXS
2023-05-22 09:36:00,2.655,2.655,2.655,2.655,120.0,CDXS
2023-05-22 09:35:00,2.6112,2.66,2.6112,2.66,3227.0,CDXS
2023-05-22 09:32:00,2.59,2.61,2.59,2.61,1605.0,CDXS
2023-05-22 09:31:00,2.58,2.585,2.5698,2.58,6109.0,CDXS
2023-05-22 09:30:00,2.59,2.64,2.555,2.59,15379.0,CDXS
2023-05-19 17:02:00,2.691,2.691,2.691,2.691,100.0,CDXS
2023-05-19 16:00:00,2.59,2.59,2.59,2.59,1253.0,CDXS
2023-05-19 15:59:00,2.585,2.59,2.58,2.59,11704.0,CDXS
2023-05-19 15:58:00,2.59,2.595,2.585,2.585,11150.0,CDXS
2023-05-19 15:57:00,2.585,2.6,2.585,2.6,12425.0,CDXS
2023-05-19 15:56:00,2.59,2.59,2.58,2.585,5976.0,CDXS
2023-05-19 15:55:00,2.595,2.6,2.59,2.59,87256.0,CDXS
2023-05-19 15:54:00,2.605,2.605,2.6,2.6,10220.0,CDXS
2023-05-19 15:53:00,2.615,2.615,2.6,2.605,30537.0,CDXS
2023-05-19 15:52:00,2.615,2.615,2.61,2.615,5703.0,CDXS
2023-05-19 15:51:00,2.61,2.615,2.61,2.615,4572.0,CDXS
2023-05-19 15:50:00,2.615,2.615,2.615,2.615,1902.0,CDXS
2023-05-19 15:49:00,2.615,2.615,2.615,2.615,1350.0,CDXS
2023-05-19 15:48:00,2.615,2.615,2.615,2.615,4300.0,CDXS
2023-05-19 15:47:00,2.62,2.62,2.615,2.615,16840.0,CDXS
2023-05-19 15:46:00,2.61,2.62,2.61,2.62,8838.0,CDXS
2023-05-19 15:45:00,2.615,2.6195,2.61,2.615,2153.0,CDXS
2023-05-19 15:44:00,2.615,2.62,2.61,2.615,13087.0,CDXS
2023-05-19 15:43:00,2.615,2.615,2.6125,2.615,938.0,CDXS
2023-05-19 15:42:00,2.615,2.615,2.615,2.615,1658.0,CDXS
2023-05-19 15:41:00,2.61,2.615,2.61,2.615,705.0,CDXS
2023-05-19 15:40:00,2.615,2.615,2.615,2.615,300.0,CDXS
2023-05-19 15:38:00,2.62,2.62,2.615,2.615,2444.0,CDXS
2023-05-19 15:37:00,2.625,2.625,2.625,2.625,2801.0,CDXS
2023-05-19 15:35:00,2.62,2.625,2.62,2.625,508.0,CDXS
2023-05-19 15:34:00,2.635,2.635,2.625,2.63,7091.0,CDXS
2023-05-19 15:33:00,2.635,2.64,2.635,2.635,4203.0,CDXS
2023-05-19 15:32:00,2.635,2.635,2.635,2.635,719.0,CDXS
2023-05-19 15:31:00,2.64,2.64,2.6313,2.635,2240.0,CDXS
2023-05-19 15:30:00,2.635,2.635,2.635,2.635,617.0,CDXS
2023-05-19 15:29:00,2.625,2.64,2.625,2.635,9664.0,CDXS
2023-05-19 15:28:00,2.63,2.63,2.62,2.625,5258.0,CDXS
2023-05-19 15:27:00,2.63,2.63,2.63,2.63,500.0,CDXS
2023-05-19 15:26:00,2.635,2.635,2.63,2.63,1078.0,CDXS
2023-05-19 15:25:00,2.635,2.635,2.635,2.635,300.0,CDXS
2023-05-19 15:24:00,2.63,2.63,2.63,2.63,3027.0,CDXS
2023-05-19 15:23:00,2.635,2.635,2.635,2.635,454.0,CDXS
2023-05-19 15:22:00,2.635,2.635,2.63,2.63,200.0,CDXS
2023-05-19 15:21:00,2.635,2.635,2.635,2.635,815.0,CDXS
2023-05-19 15:20:00,2.64,2.64,2.635,2.635,7758.0,CDXS
2023-05-19 15:19:00,2.645,2.645,2.645,2.645,684.0,CDXS
2023-05-19 15:18:00,2.645,2.645,2.645,2.645,239.0,CDXS
2023-05-19 15:17:00,2.645,2.6485,2.645,2.645,2304.0,CDXS
2023-05-19 15:16:00,2.64,2.64,2.64,2.64,100.0,CDXS
2023-05-19 15:15:00,2.64,2.645,2.64,2.645,1591.0,CDXS
2023-05-19 15:14:00,2.645,2.645,2.645,2.645,209.0,CDXS
2023-05-19 15:13:00,2.645,2.645,2.645,2.645,944.0,CDXS
2023-05-19 15:12:00,2.645,2.645,2.645,2.645,400.0,CDXS
2023-05-19 15:11:00,2.645,2.645,2.645,2.645,540.0,CDXS
2023-05-19 15:10:00,2.6488,2.6488,2.645,2.645,1771.0,CDXS
2023-05-19 15:09:00,2.635,2.655,2.635,2.65,31389.0,CDXS
2023-05-19 15:08:00,2.639,2.639,2.635,2.635,1370.0,CDXS
2023-05-19 15:07:00,2.635,2.64,2.635,2.635,735.0,CDXS
2023-05-19 15:06:00,2.635,2.635,2.635,2.635,325.0,CDXS
2023-05-19 15:05:00,2.635,2.635,2.635,2.635,317.0,CDXS
2023-05-19 15:04:00,2.635,2.635,2.63,2.635,920.0,CDXS
2023-05-19 15:03:00,2.635,2.635,2.635,2.635,443.0,CDXS
2023-05-19 15:02:00,2.64,2.64,2.635,2.635,706.0,CDXS
2023-05-19 15:01:00,2.6346,2.6346,2.6346,2.6346,1000.0,CDXS
2023-05-19 15:00:00,2.635,2.635,2.635,2.635,300.0,CDXS
2023-05-19 14:59:00,2.635,2.635,2.635,2.635,119.0,CDXS
2023-05-19 14:58:00,2.635,2.635,2.63,2.63,449.0,CDXS
2023-05-19 14:57:00,2.635,2.635,2.635,2.635,100.0,CDXS
2023-05-19 14:56:00,2.635,2.635,2.635,2.635,452.0,CDXS
2023-05-19 14:55:00,2.635,2.635,2.635,2.635,329.0,CDXS
2023-05-19 14:54:00,2.635,2.635,2.635,2.635,350.0,CDXS
2023-05-19 14:53:00,2.635,2.64,2.635,2.635,1440.0,CDXS
2023-05-19 14:52:00,2.635,2.635,2.635,2.635,268.0,CDXS
2023-05-19 14:51:00,2.635,2.635,2.635,2.635,325.0,CDXS
2023-05-19 14:50:00,2.635,2.635,2.635,2.635,483.0,CDXS
2023-05-19 14:49:00,2.635,2.635,2.63,2.63,300.0,CDXS
2023-05-19 14:48:00,2.635,2.635,2.635,2.635,120.0,CDXS
2023-05-19 14:47:00,2.635,2.635,2.635,2.635,223.0,CDXS
2023-05-19 14:46:00,2.635,2.635,2.635,2.635,456.0,CDXS
2023-05-19 14:45:00,2.635,2.635,2.635,2.635,300.0,CDXS
2023-05-19 14:44:00,2.64,2.64,2.635,2.635,6020.0,CDXS
2023-05-19 14:43:00,2.645,2.645,2.645,2.645,1833.0,CDXS
2023-05-19 14:42:00,2.645,2.645,2.645,2.645,1074.0,CDXS
2023-05-19 14:41:00,2.645,2.6451,2.64,2.6451,3400.0,CDXS
2023-05-19 14:40:00,2.645,2.645,2.645,2.645,100.0,CDXS
2023-05-19 14:39:00,2.645,2.645,2.645,2.645,150.0,CDXS
2023-05-19 14:38:00,2.645,2.645,2.645,2.645,412.0,CDXS
2023-05-19 14:36:00,2.645,2.645,2.645,2.645,2000.0,CDXS
2023-05-19 14:35:00,2.64,2.64,2.64,2.64,450.0,CDXS
2023-05-19 14:34:00,2.645,2.645,2.645,2.645,100.0,CDXS
2023-05-19 14:33:00,2.65,2.65,2.645,2.645,2433.0,CDXS
2023-05-19 14:32:00,2.645,2.645,2.645,2.645,380.0,CDXS
2023-05-19 14:31:00,2.64,2.64,2.635,2.64,4850.0,CDXS
2023-05-19 14:29:00,2.645,2.645,2.645,2.645,245.0,CDXS
2023-05-19 14:28:00,2.645,2.645,2.645,2.645,750.0,CDXS
2023-05-19 14:27:00,2.64,2.6485,2.64,2.645,600.0,CDXS
2023-05-19 14:25:00,2.645,2.65,2.645,2.645,2701.0,CDXS
2023-05-19 14:24:00,2.655,2.655,2.645,2.645,6141.0,CDXS
2023-05-19 14:23:00,2.65,2.655,2.645,2.655,4497.0,CDXS
2023-05-19 14:22:00,2.635,2.64,2.635,2.64,2215.0,CDXS
2023-05-19 14:21:00,2.635,2.635,2.63,2.63,4777.0,CDXS
2023-05-19 14:20:00,2.62,2.64,2.619,2.635,13378.0,CDXS
2023-05-19 14:19:00,2.615,2.62,2.615,2.615,3255.0,CDXS
2023-05-19 14:18:00,2.615,2.62,2.615,2.615,1100.0,CDXS
2023-05-19 14:16:00,2.6199,2.6199,2.6199,2.6199,268.0,CDXS
2023-05-19 14:15:00,2.62,2.62,2.615,2.615,1513.0,CDXS
2023-05-19 14:14:00,2.615,2.62,2.615,2.62,7275.0,CDXS
2023-05-19 14:13:00,2.61,2.62,2.61,2.615,2163.0,CDXS
2023-05-19 14:12:00,2.62,2.62,2.6185,2.6185,585.0,CDXS
2023-05-19 14:11:00,2.615,2.62,2.615,2.615,612.0,CDXS
2023-05-19 14:10:00,2.62,2.62,2.615,2.615,912.0,CDXS
2023-05-19 14:09:00,2.615,2.62,2.615,2.62,10929.0,CDXS
2023-05-19 14:08:00,2.615,2.62,2.615,2.615,751.0,CDXS
2023-05-19 14:07:00,2.62,2.62,2.615,2.615,797.0,CDXS
2023-05-19 14:06:00,2.62,2.62,2.615,2.615,1153.0,CDXS
2023-05-19 14:05:00,2.615,2.62,2.615,2.62,8023.0,CDXS
2023-05-19 14:04:00,2.615,2.62,2.615,2.62,1141.0,CDXS
2023-05-19 14:03:00,2.605,2.62,2.605,2.615,4971.0,CDXS
2023-05-19 14:02:00,2.605,2.605,2.6,2.6008,2571.0,CDXS
2023-05-19 14:01:00,2.6,2.605,2.6,2.605,945.0,CDXS
2023-05-19 14:00:00,2.625,2.625,2.61,2.61,26091.0,CDXS
2023-05-19 13:59:00,2.625,2.625,2.625,2.625,305.0,CDXS
2023-05-19 13:57:00,2.62,2.62,2.62,2.62,200.0,CDXS
2023-05-19 13:56:00,2.62,2.62,2.62,2.62,600.0,CDXS
2023-05-19 13:55:00,2.6258,2.6258,2.6258,2.6258,210.0,CDXS
2023-05-19 13:54:00,2.625,2.625,2.625,2.625,280.0,CDXS
2023-05-19 13:52:00,2.62,2.62,2.62,2.62,300.0,CDXS
2023-05-19 13:51:00,2.625,2.625,2.625,2.625,100.0,CDXS
2023-05-19 13:49:00,2.63,2.63,2.625,2.625,3739.0,CDXS
2023-05-19 13:47:00,2.635,2.635,2.63,2.63,500.0,CDXS
2023-05-19 13:46:00,2.635,2.635,2.635,2.635,1300.0,CDXS
2023-05-19 13:44:00,2.635,2.635,2.635,2.635,1100.0,CDXS
2023-05-19 13:43:00,2.635,2.6375,2.635,2.635,1400.0,CDXS
2023-05-19 13:42:00,2.63,2.63,2.63,2.63,307.0,CDXS
2023-05-19 13:40:00,2.635,2.635,2.635,2.635,103.0,CDXS
2023-05-19 13:39:00,2.635,2.635,2.635,2.635,1338.0,CDXS
2023-05-19 13:38:00,2.635,2.635,2.635,2.635,742.0,CDXS
2023-05-19 13:37:00,2.64,2.64,2.635,2.635,1290.0,CDXS
2023-05-19 13:36:00,2.645,2.645,2.635,2.635,3178.0,CDXS
2023-05-19 13:35:00,2.645,2.645,2.645,2.645,488.0,CDXS
2023-05-19 13:34:00,2.64,2.65,2.6387,2.645,9781.0,CDXS
2023-05-19 13:33:00,2.635,2.64,2.635,2.635,11793.0,CDXS
2023-05-19 13:32:00,2.64,2.65,2.63,2.63,23470.0,CDXS
2023-05-19 13:31:00,2.6493,2.6493,2.6493,2.6493,2647.0,CDXS
2023-05-19 13:30:00,2.6434,2.645,2.6434,2.645,1052.0,CDXS
2023-05-19 13:29:00,2.645,2.645,2.645,2.645,274.0,CDXS
2023-05-19 13:28:00,2.645,2.645,2.645,2.645,400.0,CDXS
2023-05-19 13:27:00,2.65,2.65,2.645,2.645,1619.0,CDXS
2023-05-19 13:26:00,2.65,2.655,2.65,2.655,658.0,CDXS
2023-05-19 13:25:00,2.665,2.665,2.65,2.655,18628.0,CDXS
2023-05-19 13:24:00,2.665,2.665,2.665,2.665,700.0,CDXS
2023-05-19 13:23:00,2.665,2.665,2.665,2.665,401.0,CDXS
2023-05-19 13:22:00,2.67,2.67,2.67,2.67,2384.0,CDXS
2023-05-19 13:21:00,2.675,2.675,2.67,2.67,832.0,CDXS
2023-05-19 13:20:00,2.67,2.67,2.67,2.67,335.0,CDXS
2023-05-19 13:19:00,2.675,2.675,2.675,2.675,210.0,CDXS
2023-05-19 13:17:00,2.675,2.675,2.675,2.675,100.0,CDXS
2023-05-19 13:16:00,2.6702,2.6702,2.6702,2.6702,300.0,CDXS
2023-05-19 13:15:00,2.67,2.67,2.67,2.67,400.0,CDXS
2023-05-19 13:14:00,2.675,2.675,2.67,2.67,737.0,CDXS
2023-05-19 13:12:00,2.675,2.675,2.675,2.675,200.0,CDXS
2023-05-19 13:11:00,2.67,2.67,2.67,2.67,1700.0,CDXS
2023-05-19 13:10:00,2.67,2.67,2.67,2.67,300.0,CDXS
2023-05-19 13:09:00,2.68,2.68,2.675,2.675,3903.0,CDXS
2023-05-19 13:08:00,2.685,2.685,2.685,2.685,200.0,CDXS
2023-05-19 13:05:00,2.68,2.68,2.68,2.68,300.0,CDXS
2023-05-19 13:04:00,2.68,2.68,2.68,2.68,200.0,CDXS
2023-05-19 13:03:00,2.68,2.68,2.68,2.68,135.0,CDXS
2023-05-19 13:02:00,2.685,2.685,2.685,2.685,758.0,CDXS
2023-05-19 13:01:00,2.68,2.685,2.68,2.685,424.0,CDXS
2023-05-19 12:58:00,2.69,2.69,2.69,2.69,200.0,CDXS
2023-05-19 12:57:00,2.685,2.685,2.685,2.685,255.0,CDXS
2023-05-19 12:56:00,2.685,2.685,2.68,2.68,733.0,CDXS
2023-05-19 12:54:00,2.6825,2.685,2.6825,2.685,600.0,CDXS
2023-05-19 12:53:00,2.69,2.69,2.69,2.69,188.0,CDXS
2023-05-19 12:52:00,2.68,2.68,2.68,2.68,701.0,CDXS
2023-05-19 12:51:00,2.675,2.68,2.675,2.68,1986.0,CDXS
2023-05-19 12:50:00,2.675,2.675,2.675,2.675,510.0,CDXS
2023-05-19 12:49:00,2.68,2.68,2.675,2.675,1294.0,CDXS
2023-05-19 12:48:00,2.68,2.685,2.675,2.685,1645.0,CDXS
2023-05-19 12:47:00,2.68,2.68,2.675,2.675,2111.0,CDXS
2023-05-19 12:46:00,2.685,2.69,2.68,2.69,514.0,CDXS
2023-05-19 12:45:00,2.685,2.685,2.685,2.685,104.0,CDXS
2023-05-19 12:44:00,2.685,2.685,2.685,2.685,424.0,CDXS
2023-05-19 12:43:00,2.68,2.68,2.68,2.68,102.0,CDXS
2023-05-19 12:41:00,2.68,2.68,2.68,2.68,1256.0,CDXS
2023-05-19 12:40:00,2.675,2.675,2.6702,2.6702,2589.0,CDXS
2023-05-19 12:38:00,2.675,2.675,2.675,2.675,200.0,CDXS
2023-05-19 12:37:00,2.675,2.675,2.6701,2.6701,4200.0,CDXS
2023-05-19 12:35:00,2.665,2.67,2.665,2.67,2347.0,CDXS
2023-05-19 12:33:00,2.67,2.67,2.6625,2.6625,1366.0,CDXS
2023-05-19 12:32:00,2.67,2.67,2.67,2.67,105.0,CDXS
2023-05-19 12:29:00,2.68,2.68,2.675,2.675,1504.0,CDXS
2023-05-19 12:28:00,2.685,2.685,2.685,2.685,200.0,CDXS
2023-05-19 12:26:00,2.68,2.68,2.68,2.68,2667.0,CDXS
2023-05-19 12:25:00,2.685,2.685,2.685,2.685,200.0,CDXS
2023-05-19 12:24:00,2.685,2.685,2.685,2.685,200.0,CDXS
2023-05-19 12:22:00,2.685,2.685,2.685,2.685,100.0,CDXS
2023-05-19 12:20:00,2.685,2.685,2.685,2.685,300.0,CDXS
2023-05-19 12:19:00,2.69,2.69,2.69,2.69,160.0,CDXS
2023-05-19 12:18:00,2.685,2.685,2.685,2.685,800.0,CDXS
2023-05-19 12:16:00,2.685,2.685,2.685,2.685,230.0,CDXS
2023-05-19 12:14:00,2.685,2.685,2.685,2.685,334.0,CDXS
2023-05-19 12:13:00,2.68,2.68,2.68,2.68,105.0,CDXS
2023-05-19 12:12:00,2.685,2.685,2.685,2.685,107.0,CDXS
2023-05-19 12:11:00,2.675,2.68,2.675,2.68,1865.0,CDXS
2023-05-19 12:10:00,2.675,2.675,2.675,2.675,200.0,CDXS
2023-05-19 12:09:00,2.675,2.675,2.675,2.675,350.0,CDXS
2023-05-19 12:07:00,2.675,2.675,2.675,2.675,233.0,CDXS
2023-05-19 12:06:00,2.68,2.68,2.68,2.68,1646.0,CDXS
2023-05-19 12:05:00,2.675,2.685,2.675,2.685,3473.0,CDXS
2023-05-19 12:04:00,2.67,2.675,2.67,2.675,2309.0,CDXS
2023-05-19 12:03:00,2.665,2.665,2.665,2.665,130.0,CDXS
2023-05-19 12:02:00,2.67,2.67,2.665,2.665,2076.0,CDXS
2023-05-19 12:00:00,2.675,2.675,2.67,2.67,400.0,CDXS
2023-05-19 11:59:00,2.67,2.67,2.67,2.67,1085.0,CDXS
2023-05-19 11:58:00,2.67,2.67,2.67,2.67,232.0,CDXS
2023-05-19 11:57:00,2.665,2.665,2.6625,2.6625,500.0,CDXS
2023-05-19 11:56:00,2.67,2.67,2.665,2.665,4794.0,CDXS
2023-05-19 11:55:00,2.665,2.665,2.665,2.665,441.0,CDXS
2023-05-19 11:54:00,2.6625,2.6625,2.6625,2.6625,100.0,CDXS
2023-05-19 11:53:00,2.67,2.67,2.665,2.665,1913.0,CDXS
2023-05-19 11:51:00,2.67,2.67,2.67,2.67,144.0,CDXS
2023-05-19 11:49:00,2.675,2.675,2.675,2.675,100.0,CDXS
2023-05-19 11:47:00,2.675,2.68,2.675,2.675,637.0,CDXS
2023-05-19 11:46:00,2.67,2.67,2.67,2.67,571.0,CDXS
2023-05-19 11:45:00,2.68,2.68,2.68,2.68,2205.0,CDXS
2023-05-19 11:44:00,2.675,2.675,2.675,2.675,101.0,CDXS
2023-05-19 11:42:00,2.685,2.685,2.675,2.675,1291.0,CDXS
2023-05-19 11:41:00,2.665,2.68,2.665,2.675,8511.0,CDXS
2023-05-19 11:40:00,2.665,2.665,2.665,2.665,147.0,CDXS
2023-05-19 11:39:00,2.6706,2.6706,2.665,2.665,1773.0,CDXS
2023-05-19 11:37:00,2.68,2.68,2.675,2.675,2273.0,CDXS
2023-05-19 11:36:00,2.68,2.68,2.68,2.68,100.0,CDXS
2023-05-19 11:35:00,2.6888,2.6888,2.6888,2.6888,518.0,CDXS
2023-05-19 11:34:00,2.69,2.69,2.685,2.685,2627.0,CDXS
2023-05-19 11:32:00,2.6913,2.6913,2.6913,2.6913,140.0,CDXS
2023-05-19 11:31:00,2.69,2.695,2.685,2.695,6479.0,CDXS
2023-05-19 11:29:00,2.69,2.69,2.69,2.69,150.0,CDXS
2023-05-19 11:27:00,2.69,2.7,2.685,2.7,11851.0,CDXS
2023-05-19 11:25:00,2.695,2.695,2.695,2.695,240.0,CDXS
2023-05-19 11:22:00,2.695,2.695,2.695,2.695,100.0,CDXS
2023-05-19 11:21:00,2.695,2.695,2.695,2.695,101.0,CDXS
2023-05-19 11:19:00,2.69,2.69,2.69,2.69,230.0,CDXS
2023-05-19 11:17:00,2.7,2.7,2.695,2.695,7415.0,CDXS
2023-05-19 11:16:00,2.69,2.7,2.685,2.7,19058.0,CDXS
2023-05-19 11:15:00,2.7,2.7,2.7,2.7,118.0,CDXS
2023-05-19 11:14:00,2.695,2.695,2.695,2.695,374.0,CDXS
2023-05-19 11:13:00,2.6975,2.7,2.695,2.7,409.0,CDXS
2023-05-19 11:12:00,2.695,2.6975,2.69,2.6975,555.0,CDXS
2023-05-19 11:11:00,2.695,2.695,2.695,2.695,172.0,CDXS
2023-05-19 11:09:00,2.7,2.7,2.695,2.695,203.0,CDXS
2023-05-19 11:06:00,2.695,2.695,2.695,2.695,180.0,CDXS
2023-05-19 11:05:00,2.695,2.695,2.695,2.695,403.0,CDXS
2023-05-19 11:04:00,2.695,2.6985,2.695,2.6985,368.0,CDXS
2023-05-19 11:02:00,2.7,2.7,2.6925,2.695,757.0,CDXS
2023-05-19 11:01:00,2.695,2.7,2.695,2.7,2959.0,CDXS
2023-05-19 11:00:00,2.695,2.7,2.695,2.7,200.0,CDXS
2023-05-19 10:59:00,2.695,2.695,2.695,2.695,125.0,CDXS
2023-05-19 10:58:00,2.695,2.695,2.695,2.695,301.0,CDXS
2023-05-19 10:57:00,2.695,2.7,2.695,2.695,5600.0,CDXS
2023-05-19 10:56:00,2.695,2.695,2.695,2.695,713.0,CDXS
2023-05-19 10:55:00,2.695,2.695,2.695,2.695,652.0,CDXS
2023-05-19 10:54:00,2.695,2.7,2.69,2.7,5873.0,CDXS
2023-05-19 10:53:00,2.695,2.695,2.695,2.695,180.0,CDXS
2023-05-19 10:52:00,2.695,2.695,2.695,2.695,443.0,CDXS
2023-05-19 10:51:00,2.7,2.7,2.695,2.695,555.0,CDXS
2023-05-19 10:50:00,2.7,2.7,2.69,2.7,6309.0,CDXS
2023-05-19 10:49:00,2.695,2.695,2.695,2.695,100.0,CDXS
2023-05-19 10:48:00,2.685,2.69,2.685,2.69,5379.0,CDXS
2023-05-19 10:47:00,2.6825,2.685,2.6825,2.685,625.0,CDXS
2023-05-19 10:46:00,2.685,2.685,2.685,2.685,200.0,CDXS
2023-05-19 10:45:00,2.6815,2.6825,2.6815,2.6825,342.0,CDXS
2023-05-19 10:44:00,2.685,2.685,2.685,2.685,135.0,CDXS
2023-05-19 10:42:00,2.685,2.685,2.6825,2.6825,800.0,CDXS
2023-05-19 10:40:00,2.68,2.68,2.675,2.68,5759.0,CDXS
2023-05-19 10:39:00,2.68,2.68,2.68,2.68,200.0,CDXS
2023-05-19 10:38:00,2.68,2.68,2.68,2.68,300.0,CDXS
2023-05-19 10:36:00,2.6938,2.6938,2.685,2.685,5295.0,CDXS
2023-05-19 10:34:00,2.6925,2.695,2.6925,2.695,300.0,CDXS
2023-05-19 10:33:00,2.7,2.7,2.695,2.7,736.0,CDXS
2023-05-19 10:30:00,2.695,2.695,2.695,2.695,201.0,CDXS
2023-05-19 10:29:00,2.69,2.69,2.69,2.69,315.0,CDXS
2023-05-19 10:28:00,2.695,2.695,2.695,2.695,200.0,CDXS
2023-05-19 10:27:00,2.695,2.695,2.695,2.695,415.0,CDXS
2023-05-19 10:26:00,2.695,2.695,2.695,2.695,400.0,CDXS
2023-05-19 10:25:00,2.6925,2.6925,2.69,2.69,206.0,CDXS
2023-05-19 10:23:00,2.69,2.695,2.69,2.695,500.0,CDXS
2023-05-19 10:22:00,2.695,2.695,2.695,2.695,368.0,CDXS
2023-05-19 10:21:00,2.69,2.69,2.69,2.69,327.0,CDXS
2023-05-19 10:20:00,2.695,2.695,2.6925,2.6925,510.0,CDXS
2023-05-19 10:17:00,2.695,2.695,2.695,2.695,511.0,CDXS
2023-05-19 10:16:00,2.69,2.69,2.69,2.69,100.0,CDXS
2023-05-19 10:14:00,2.7,2.7,2.69,2.6907,6083.0,CDXS
2023-05-19 10:13:00,2.695,2.695,2.695,2.695,100.0,CDXS
2023-05-19 10:10:00,2.695,2.7,2.69,2.695,944.0,CDXS
2023-05-19 10:09:00,2.695,2.7,2.695,2.698,1016.0,CDXS
2023-05-19 10:08:00,2.69,2.695,2.69,2.695,5463.0,CDXS
2023-05-19 10:05:00,2.69,2.69,2.69,2.69,184.0,CDXS
2023-05-19 10:04:00,2.685,2.7,2.685,2.69,11080.0,CDXS
2023-05-19 10:03:00,2.685,2.685,2.685,2.685,500.0,CDXS
2023-05-19 10:02:00,2.6999,2.705,2.68,2.685,24189.0,CDXS
2023-05-19 10:01:00,2.695,2.6997,2.695,2.695,5518.0,CDXS
2023-05-19 10:00:00,2.695,2.695,2.695,2.695,711.0,CDXS
2023-05-19 09:57:00,2.7,2.7,2.7,2.7,4326.0,CDXS
2023-05-19 09:56:00,2.685,2.69,2.685,2.69,819.0,CDXS
2023-05-19 09:55:00,2.685,2.685,2.685,2.685,200.0,CDXS
2023-05-19 09:54:00,2.69,2.69,2.685,2.685,408.0,CDXS
2023-05-19 09:53:00,2.68,2.685,2.68,2.685,2812.0,CDXS
2023-05-19 09:52:00,2.68,2.68,2.675,2.675,546.0,CDXS
2023-05-19 09:51:00,2.6899,2.6899,2.68,2.68,785.0,CDXS
2023-05-19 09:50:00,2.69,2.69,2.69,2.69,874.0,CDXS
2023-05-19 09:48:00,2.695,2.695,2.695,2.695,300.0,CDXS
2023-05-19 09:47:00,2.695,2.695,2.695,2.695,200.0,CDXS
2023-05-19 09:46:00,2.695,2.695,2.695,2.695,100.0,CDXS
2023-05-19 09:45:00,2.69,2.695,2.69,2.695,3685.0,CDXS
2023-05-19 09:44:00,2.7,2.7,2.695,2.695,1617.0,CDXS
2023-05-19 09:43:00,2.7,2.7,2.7,2.7,2648.0,CDXS
2023-05-19 09:40:00,2.695,2.695,2.695,2.695,200.0,CDXS
2023-05-19 09:39:00,2.7,2.7,2.7,2.7,430.0,CDXS
2023-05-19 09:38:00,2.701,2.701,2.701,2.701,211.0,CDXS
2023-05-19 09:37:00,2.715,2.72,2.715,2.715,981.0,CDXS
2023-05-19 09:36:00,2.71,2.71,2.7,2.7,2108.0,CDXS
2023-05-19 09:35:00,2.71,2.72,2.71,2.71,2919.0,CDXS
2023-05-19 09:34:00,2.725,2.725,2.71,2.71,700.0,CDXS
2023-05-19 09:33:00,2.74,2.74,2.705,2.71,5114.0,CDXS
2023-05-19 09:32:00,2.765,2.77,2.75,2.75,4667.0,CDXS
2023-05-19 09:31:00,2.74,2.76,2.71,2.76,23461.0,CDXS
2023-05-19 09:30:00,2.76,2.76,2.74,2.75,20476.0,CDXS
2023-05-18 19:50:00,2.75,2.75,2.75,2.75,2000.0,CDXS
2023-05-18 16:00:00,2.67,2.67,2.67,2.67,785.0,CDXS
2023-05-18 15:59:00,2.67,2.68,2.67,2.675,13752.0,CDXS
2023-05-18 15:58:00,2.675,2.68,2.67,2.67,8412.0,CDXS
2023-05-18 15:57:00,2.67,2.68,2.67,2.675,5838.0,CDXS
2023-05-18 15:56:00,2.675,2.68,2.67,2.67,7371.0,CDXS
2023-05-18 15:55:00,2.67,2.68,2.67,2.675,9633.0,CDXS
2023-05-18 15:54:00,2.67,2.675,2.67,2.675,3390.0,CDXS
2023-05-18 15:53:00,2.68,2.68,2.67,2.675,2063.0,CDXS
2023-05-18 15:52:00,2.68,2.68,2.67,2.67,1985.0,CDXS
2023-05-18 15:51:00,2.6725,2.68,2.67,2.67,2058.0,CDXS
2023-05-18 15:50:00,2.675,2.68,2.67,2.675,3136.0,CDXS
2023-05-18 15:49:00,2.68,2.68,2.67,2.67,969.0,CDXS
2023-05-18 15:48:00,2.68,2.68,2.67,2.67,1149.0,CDXS
2023-05-18 15:47:00,2.68,2.68,2.67,2.67,649.0,CDXS
2023-05-18 15:46:00,2.675,2.68,2.67,2.67,5370.0,CDXS
2023-05-18 15:45:00,2.67,2.68,2.67,2.68,677.0,CDXS
2023-05-18 15:44:00,2.67,2.68,2.67,2.68,1446.0,CDXS
2023-05-18 15:43:00,2.675,2.68,2.675,2.675,1750.0,CDXS
2023-05-18 15:42:00,2.675,2.675,2.675,2.675,518.0,CDXS
2023-05-18 15:41:00,2.66,2.68,2.66,2.675,8498.0,CDXS
2023-05-18 15:40:00,2.665,2.665,2.665,2.665,433.0,CDXS
2023-05-18 15:39:00,2.665,2.665,2.665,2.665,364.0,CDXS
2023-05-18 15:38:00,2.665,2.67,2.665,2.665,2360.0,CDXS
2023-05-18 15:37:00,2.665,2.665,2.665,2.665,534.0,CDXS
2023-05-18 15:36:00,2.665,2.67,2.665,2.665,1659.0,CDXS
2023-05-18 15:35:00,2.66,2.665,2.66,2.665,1934.0,CDXS
2023-05-18 15:34:00,2.66,2.665,2.66,2.66,4012.0,CDXS
2023-05-18 15:33:00,2.65,2.66,2.645,2.66,4233.0,CDXS
2023-05-18 15:32:00,2.645,2.645,2.645,2.645,407.0,CDXS
2023-05-18 15:31:00,2.65,2.65,2.645,2.645,1100.0,CDXS
2023-05-18 15:30:00,2.635,2.64,2.631,2.64,6294.0,CDXS
2023-05-18 15:29:00,2.63,2.63,2.63,2.63,372.0,CDXS
2023-05-18 15:28:00,2.63,2.64,2.63,2.64,233.0,CDXS
2023-05-18 15:27:00,2.63,2.635,2.63,2.63,718.0,CDXS
2023-05-18 15:26:00,2.63,2.64,2.63,2.635,2073.0,CDXS
2023-05-18 15:25:00,2.63,2.635,2.63,2.635,800.0,CDXS
2023-05-18 15:24:00,2.64,2.64,2.63,2.6333,13916.0,CDXS
2023-05-18 15:23:00,2.645,2.645,2.645,2.645,200.0,CDXS
2023-05-18 15:21:00,2.65,2.65,2.64,2.64,9868.0,CDXS
2023-05-18 15:20:00,2.65,2.66,2.65,2.66,4210.0,CDXS
2023-05-18 15:19:00,2.645,2.645,2.645,2.645,375.0,CDXS
2023-05-18 15:17:00,2.65,2.65,2.65,2.65,178.0,CDXS
2023-05-18 15:15:00,2.64,2.64,2.64,2.64,5073.0,CDXS
2023-05-18 15:14:00,2.63,2.64,2.63,2.635,1489.0,CDXS
2023-05-18 15:13:00,2.63,2.63,2.63,2.63,200.0,CDXS
2023-05-18 15:12:00,2.635,2.635,2.635,2.635,110.0,CDXS
2023-05-18 15:11:00,2.635,2.635,2.63,2.63,283.0,CDXS
2023-05-18 15:10:00,2.63,2.635,2.63,2.635,798.0,CDXS
2023-05-18 15:09:00,2.63,2.635,2.63,2.63,400.0,CDXS
2023-05-18 15:08:00,2.63,2.63,2.63,2.63,233.0,CDXS
2023-05-18 15:06:00,2.635,2.635,2.635,2.635,400.0,CDXS
2023-05-18 15:05:00,2.64,2.645,2.63,2.635,4171.0,CDXS
2023-05-18 15:04:00,2.65,2.65,2.649,2.649,1100.0,CDXS
2023-05-18 15:03:00,2.645,2.645,2.64,2.64,1217.0,CDXS
2023-05-18 15:02:00,2.645,2.645,2.645,2.645,300.0,CDXS
2023-05-18 15:00:00,2.65,2.655,2.645,2.65,9899.0,CDXS
2023-05-18 14:59:00,2.65,2.65,2.6499,2.6499,690.0,CDXS
2023-05-18 14:58:00,2.6499,2.65,2.64,2.65,2284.0,CDXS
2023-05-18 14:57:00,2.65,2.65,2.65,2.65,344.0,CDXS
2023-05-18 14:55:00,2.65,2.65,2.64,2.6494,4022.0,CDXS
2023-05-18 14:54:00,2.65,2.65,2.65,2.65,1187.0,CDXS
2023-05-18 14:53:00,2.64,2.645,2.64,2.645,1965.0,CDXS
2023-05-18 14:51:00,2.625,2.64,2.625,2.64,2100.0,CDXS
2023-05-18 14:50:00,2.625,2.63,2.615,2.625,16224.0,CDXS
2023-05-18 14:49:00,2.625,2.625,2.625,2.625,100.0,CDXS
2023-05-18 14:47:00,2.625,2.625,2.625,2.625,101.0,CDXS
2023-05-18 14:45:00,2.625,2.625,2.625,2.625,295.0,CDXS
2023-05-18 14:44:00,2.625,2.63,2.625,2.63,300.0,CDXS
2023-05-18 14:43:00,2.625,2.625,2.625,2.625,100.0,CDXS
2023-05-18 14:42:00,2.6225,2.6225,2.6225,2.6225,110.0,CDXS
2023-05-18 14:41:00,2.625,2.63,2.625,2.63,504.0,CDXS
2023-05-18 14:40:00,2.625,2.625,2.625,2.625,100.0,CDXS
2023-05-18 14:39:00,2.625,2.625,2.625,2.625,293.0,CDXS
2023-05-18 14:38:00,2.625,2.625,2.625,2.625,295.0,CDXS
2023-05-18 14:36:00,2.625,2.625,2.625,2.625,100.0,CDXS
2023-05-18 14:35:00,2.625,2.625,2.625,2.625,300.0,CDXS
2023-05-18 14:29:00,2.63,2.63,2.63,2.63,1449.0,CDXS
2023-05-18 14:28:00,2.63,2.64,2.6299,2.64,6680.0,CDXS
2023-05-18 14:27:00,2.62,2.625,2.62,2.625,2235.0,CDXS
2023-05-18 14:25:00,2.62,2.62,2.62,2.62,499.0,CDXS
2023-05-18 14:23:00,2.615,2.62,2.615,2.62,848.0,CDXS
2023-05-18 14:22:00,2.615,2.62,2.615,2.62,1111.0,CDXS
2023-05-18 14:20:00,2.62,2.62,2.6194,2.6194,1269.0,CDXS
2023-05-18 14:19:00,2.62,2.62,2.6199,2.6199,1175.0,CDXS
2023-05-18 14:18:00,2.62,2.62,2.62,2.62,200.0,CDXS
2023-05-18 14:16:00,2.62,2.62,2.62,2.62,2829.0,CDXS
2023-05-18 14:15:00,2.62,2.62,2.62,2.62,2378.0,CDXS
2023-05-18 14:14:00,2.61,2.61,2.605,2.61,5863.0,CDXS
2023-05-18 14:12:00,2.615,2.615,2.61,2.61,299.0,CDXS
2023-05-18 14:11:00,2.61,2.61,2.61,2.61,138.0,CDXS
2023-05-18 14:10:00,2.615,2.615,2.61,2.61,205.0,CDXS
2023-05-18 14:09:00,2.615,2.615,2.615,2.615,204.0,CDXS
2023-05-18 14:08:00,2.615,2.62,2.615,2.62,1307.0,CDXS
2023-05-18 14:07:00,2.615,2.615,2.615,2.615,100.0,CDXS
2023-05-18 14:06:00,2.625,2.625,2.615,2.615,2626.0,CDXS
2023-05-18 14:04:00,2.625,2.625,2.625,2.625,293.0,CDXS
2023-05-18 14:03:00,2.625,2.625,2.625,2.625,200.0,CDXS
2023-05-18 14:02:00,2.625,2.625,2.625,2.625,100.0,CDXS
2023-05-18 14:01:00,2.625,2.625,2.625,2.625,501.0,CDXS
2023-05-18 14:00:00,2.625,2.625,2.62,2.62,685.0,CDXS
2023-05-18 13:59:00,2.625,2.625,2.625,2.625,298.0,CDXS
2023-05-18 13:58:00,2.625,2.625,2.625,2.625,100.0,CDXS
2023-05-18 13:57:00,2.62,2.62,2.62,2.62,100.0,CDXS
2023-05-18 13:56:00,2.63,2.63,2.625,2.625,1637.0,CDXS
2023-05-18 13:55:00,2.635,2.635,2.635,2.635,235.0,CDXS
2023-05-18 13:52:00,2.635,2.635,2.635,2.635,101.0,CDXS
2023-05-18 13:51:00,2.65,2.65,2.64,2.64,8897.0,CDXS
2023-05-18 13:50:00,2.65,2.655,2.65,2.65,962.0,CDXS
2023-05-18 13:45:00,2.66,2.66,2.655,2.655,2639.0,CDXS
2023-05-18 13:42:00,2.675,2.675,2.67,2.67,7762.0,CDXS
2023-05-18 13:39:00,2.67,2.679,2.67,2.679,2269.0,CDXS
2023-05-18 13:38:00,2.67,2.67,2.67,2.67,101.0,CDXS
2023-05-18 13:35:00,2.6615,2.6615,2.6615,2.6615,150.0,CDXS
2023-05-18 13:33:00,2.6693,2.6693,2.6693,2.6693,537.0,CDXS
2023-05-18 13:31:00,2.659,2.66,2.655,2.655,4706.0,CDXS
2023-05-18 13:30:00,2.655,2.655,2.655,2.655,212.0,CDXS
2023-05-18 13:29:00,2.67,2.67,2.655,2.655,4328.0,CDXS
2023-05-18 13:28:00,2.66,2.67,2.66,2.665,916.0,CDXS
2023-05-18 13:24:00,2.67,2.67,2.67,2.67,563.0,CDXS
2023-05-18 13:22:00,2.66,2.66,2.66,2.66,981.0,CDXS
2023-05-18 13:20:00,2.665,2.67,2.665,2.67,1193.0,CDXS
2023-05-18 13:19:00,2.6696,2.6696,2.6696,2.6696,172.0,CDXS
2023-05-18 13:18:00,2.67,2.67,2.67,2.67,4319.0,CDXS
2023-05-18 13:16:00,2.66,2.665,2.66,2.665,600.0,CDXS
2023-05-18 13:15:00,2.665,2.665,2.665,2.665,228.0,CDXS
2023-05-18 13:14:00,2.67,2.675,2.66,2.665,5103.0,CDXS
2023-05-18 13:13:00,2.675,2.675,2.675,2.675,171.0,CDXS
2023-05-18 13:11:00,2.675,2.675,2.675,2.675,100.0,CDXS
2023-05-18 13:10:00,2.675,2.675,2.675,2.675,900.0,CDXS
2023-05-18 13:07:00,2.675,2.675,2.675,2.675,175.0,CDXS
2023-05-18 13:04:00,2.675,2.675,2.675,2.675,330.0,CDXS
2023-05-18 13:03:00,2.675,2.675,2.675,2.675,100.0,CDXS
2023-05-18 13:00:00,2.68,2.68,2.675,2.675,300.0,CDXS
2023-05-18 12:59:00,2.675,2.675,2.675,2.675,101.0,CDXS
2023-05-18 12:58:00,2.68,2.68,2.68,2.68,146.0,CDXS
2023-05-18 12:57:00,2.675,2.675,2.675,2.675,186.0,CDXS
2023-05-18 12:56:00,2.675,2.675,2.675,2.675,173.0,CDXS
2023-05-18 12:55:00,2.675,2.675,2.6746,2.6746,208.0,CDXS
2023-05-18 12:51:00,2.675,2.675,2.675,2.675,300.0,CDXS
2023-05-18 12:50:00,2.68,2.685,2.68,2.68,1522.0,CDXS
2023-05-18 12:46:00,2.68,2.685,2.68,2.68,6292.0,CDXS
2023-05-18 12:45:00,2.675,2.68,2.675,2.68,1400.0,CDXS
2023-05-18 12:42:00,2.675,2.675,2.675,2.675,100.0,CDXS
2023-05-18 12:41:00,2.66,2.67,2.66,2.67,3142.0,CDXS
2023-05-18 12:39:00,2.665,2.665,2.655,2.655,12133.0,CDXS
2023-05-18 12:37:00,2.66,2.66,2.66,2.66,551.0,CDXS
2023-05-18 12:36:00,2.665,2.665,2.665,2.665,100.0,CDXS
2023-05-18 12:32:00,2.665,2.665,2.665,2.665,200.0,CDXS
2023-05-18 12:31:00,2.665,2.665,2.665,2.665,100.0,CDXS
2023-05-18 12:30:00,2.66,2.66,2.66,2.66,100.0,CDXS
2023-05-18 12:29:00,2.665,2.665,2.66,2.66,480.0,CDXS
2023-05-18 12:28:00,2.655,2.66,2.655,2.66,4831.0,CDXS
2023-05-18 12:27:00,2.65,2.655,2.65,2.655,604.0,CDXS
2023-05-18 12:26:00,2.66,2.66,2.65,2.65,1212.0,CDXS
2023-05-18 12:25:00,2.66,2.66,2.66,2.66,289.0,CDXS
2023-05-18 12:23:00,2.6601,2.665,2.6601,2.665,3891.0,CDXS
2023-05-18 12:22:00,2.67,2.67,2.67,2.67,981.0,CDXS
2023-05-18 12:21:00,2.68,2.68,2.67,2.67,1445.0,CDXS
2023-05-18 12:20:00,2.685,2.685,2.68,2.68,1863.0,CDXS
2023-05-18 12:19:00,2.685,2.685,2.685,2.685,100.0,CDXS
2023-05-18 12:14:00,2.68,2.685,2.68,2.68,3684.0,CDXS
2023-05-18 12:13:00,2.685,2.685,2.685,2.685,458.0,CDXS
2023-05-18 12:10:00,2.685,2.69,2.685,2.685,3514.0,CDXS
2023-05-18 12:09:00,2.685,2.685,2.685,2.685,500.0,CDXS
2023-05-18 12:08:00,2.7,2.7,2.68,2.685,1690.0,CDXS
2023-05-18 12:06:00,2.705,2.705,2.69,2.69,2356.0,CDXS
2023-05-18 12:05:00,2.71,2.71,2.705,2.705,5292.0,CDXS
2023-05-18 12:02:00,2.715,2.715,2.7139,2.7139,475.0,CDXS
2023-05-18 12:01:00,2.715,2.715,2.715,2.715,300.0,CDXS
2023-05-18 12:00:00,2.7113,2.715,2.7113,2.715,222.0,CDXS
2023-05-18 11:58:00,2.7111,2.715,2.71,2.71,4544.0,CDXS
2023-05-18 11:56:00,2.725,2.725,2.71,2.72,3841.0,CDXS
2023-05-18 11:55:00,2.71,2.725,2.71,2.725,4199.0,CDXS
2023-05-18 11:53:00,2.7001,2.7001,2.7001,2.7001,243.0,CDXS
2023-05-18 11:51:00,2.705,2.705,2.705,2.705,333.0,CDXS
2023-05-18 11:47:00,2.69,2.7,2.69,2.7,4365.0,CDXS
2023-05-18 11:46:00,2.675,2.68,2.675,2.68,2413.0,CDXS
2023-05-18 11:44:00,2.675,2.675,2.675,2.675,200.0,CDXS
2023-05-18 11:42:00,2.675,2.675,2.675,2.675,200.0,CDXS
2023-05-18 11:40:00,2.675,2.675,2.675,2.675,100.0,CDXS
2023-05-18 11:38:00,2.675,2.675,2.675,2.675,100.0,CDXS
2023-05-18 11:37:00,2.675,2.675,2.675,2.675,100.0,CDXS
2023-05-18 11:36:00,2.675,2.675,2.675,2.675,101.0,CDXS
2023-05-18 11:34:00,2.675,2.675,2.675,2.675,100.0,CDXS
2023-05-18 11:33:00,2.6805,2.6805,2.675,2.675,1383.0,CDXS
2023-05-18 11:32:00,2.685,2.685,2.685,2.685,100.0,CDXS
2023-05-18 11:31:00,2.6885,2.6885,2.6885,2.6885,373.0,CDXS
2023-05-18 11:30:00,2.68,2.68,2.68,2.68,1910.0,CDXS
2023-05-18 11:29:00,2.685,2.685,2.66,2.67,19858.0,CDXS
2023-05-18 11:27:00,2.685,2.685,2.685,2.685,1368.0,CDXS
2023-05-18 11:26:00,2.69,2.69,2.685,2.685,4144.0,CDXS
2023-05-18 11:24:00,2.685,2.685,2.685,2.685,100.0,CDXS
2023-05-18 11:22:00,2.69,2.69,2.685,2.685,3124.0,CDXS
2023-05-18 11:20:00,2.69,2.7,2.69,2.695,5266.0,CDXS
2023-05-18 11:17:00,2.685,2.685,2.685,2.685,300.0,CDXS
2023-05-18 11:14:00,2.695,2.695,2.69,2.69,5290.0,CDXS
2023-05-18 11:11:00,2.69,2.695,2.69,2.695,892.0,CDXS
2023-05-18 11:10:00,2.69,2.69,2.69,2.69,1100.0,CDXS
2023-05-18 11:08:00,2.695,2.695,2.695,2.695,105.0,CDXS
2023-05-18 11:05:00,2.7,2.7,2.7,2.7,200.0,CDXS
2023-05-18 11:04:00,2.6985,2.6985,2.695,2.695,470.0,CDXS
2023-05-18 11:01:00,2.695,2.695,2.695,2.695,400.0,CDXS
2023-05-18 10:59:00,2.7,2.7,2.695,2.695,430.0,CDXS
2023-05-18 10:58:00,2.69,2.69,2.69,2.69,175.0,CDXS
2023-05-18 10:57:00,2.7,2.7,2.7,2.7,142.0,CDXS
2023-05-18 10:52:00,2.7,2.7,2.7,2.7,725.0,CDXS
2023-05-18 10:51:00,2.705,2.705,2.705,2.705,2675.0,CDXS
2023-05-18 10:50:00,2.71,2.71,2.7,2.7,800.0,CDXS
2023-05-18 10:49:00,2.7088,2.7088,2.7088,2.7088,200.0,CDXS
2023-05-18 10:47:00,2.705,2.705,2.705,2.705,105.0,CDXS
2023-05-18 10:46:00,2.705,2.705,2.705,2.705,670.0,CDXS
2023-05-18 10:45:00,2.715,2.715,2.71,2.71,3435.0,CDXS
2023-05-18 10:43:00,2.72,2.725,2.715,2.715,2366.0,CDXS
2023-05-18 10:41:00,2.71,2.715,2.71,2.715,549.0,CDXS
2023-05-18 10:39:00,2.7,2.7,2.7,2.7,6003.0,CDXS
2023-05-18 10:38:00,2.695,2.7,2.695,2.7,3900.0,CDXS
2023-05-18 10:35:00,2.7,2.7,2.695,2.695,468.0,CDXS
2023-05-18 10:34:00,2.7,2.7,2.7,2.7,5272.0,CDXS
2023-05-18 10:31:00,2.7,2.7,2.69,2.695,3669.0,CDXS
2023-05-18 10:30:00,2.705,2.705,2.705,2.705,118.0,CDXS
2023-05-18 10:29:00,2.705,2.705,2.705,2.705,242.0,CDXS
2023-05-18 10:28:00,2.705,2.705,2.705,2.705,200.0,CDXS
2023-05-18 10:27:00,2.705,2.705,2.705,2.705,100.0,CDXS
2023-05-18 10:25:00,2.71,2.71,2.705,2.705,1100.0,CDXS
2023-05-18 10:24:00,2.715,2.72,2.715,2.72,1427.0,CDXS
2023-05-18 10:23:00,2.71,2.715,2.71,2.715,280.0,CDXS
2023-05-18 10:22:00,2.71,2.71,2.705,2.71,3005.0,CDXS
2023-05-18 10:21:00,2.7,2.705,2.7,2.705,1017.0,CDXS
2023-05-18 10:20:00,2.695,2.7,2.695,2.695,11259.0,CDXS
2023-05-18 10:18:00,2.695,2.695,2.695,2.695,415.0,CDXS
2023-05-18 10:17:00,2.7,2.7,2.695,2.6985,701.0,CDXS
2023-05-18 10:16:00,2.7,2.7,2.695,2.695,4147.0,CDXS
2023-05-18 10:15:00,2.7,2.705,2.7,2.705,339.0,CDXS
2023-05-18 10:13:00,2.7,2.705,2.7,2.7,3496.0,CDXS
2023-05-18 10:12:00,2.7,2.7,2.6992,2.6992,493.0,CDXS
2023-05-18 10:11:00,2.695,2.695,2.695,2.695,567.0,CDXS
2023-05-18 10:10:00,2.6913,2.7,2.69,2.7,4223.0,CDXS
2023-05-18 10:09:00,2.695,2.695,2.695,2.695,248.0,CDXS
2023-05-18 10:08:00,2.695,2.695,2.695,2.695,100.0,CDXS
2023-05-18 10:07:00,2.7,2.7,2.7,2.7,416.0,CDXS
2023-05-18 10:06:00,2.68,2.7,2.68,2.7,3896.0,CDXS
2023-05-18 10:05:00,2.68,2.68,2.675,2.675,1770.0,CDXS
2023-05-18 10:04:00,2.685,2.685,2.685,2.685,130.0,CDXS
2023-05-18 10:03:00,2.685,2.685,2.685,2.685,106.0,CDXS
2023-05-18 09:58:00,2.69,2.69,2.69,2.69,1370.0,CDXS
2023-05-18 09:57:00,2.69,2.7,2.69,2.7,6581.0,CDXS
2023-05-18 09:56:00,2.685,2.685,2.685,2.685,120.0,CDXS
2023-05-18 09:54:00,2.68,2.68,2.68,2.68,606.0,CDXS
2023-05-18 09:52:00,2.68,2.68,2.68,2.68,618.0,CDXS
2023-05-18 09:51:00,2.69,2.69,2.69,2.69,102.0,CDXS
2023-05-18 09:50:00,2.69,2.69,2.69,2.69,1356.0,CDXS
2023-05-18 09:49:00,2.7,2.7,2.7,2.7,312.0,CDXS
2023-05-18 09:48:00,2.7,2.7,2.7,2.7,5120.0,CDXS
2023-05-18 09:47:00,2.73,2.735,2.7,2.71,27136.0,CDXS
2023-05-18 09:46:00,2.73,2.73,2.73,2.73,1927.0,CDXS
2023-05-18 09:45:00,2.71,2.72,2.71,2.72,2236.0,CDXS
2023-05-18 09:44:00,2.705,2.705,2.705,2.705,172.0,CDXS
2023-05-18 09:42:00,2.705,2.705,2.705,2.705,100.0,CDXS
2023-05-18 09:41:00,2.705,2.705,2.705,2.705,100.0,CDXS
2023-05-18 09:40:00,2.69,2.6925,2.69,2.6925,234.0,CDXS
2023-05-18 09:38:00,2.68,2.68,2.68,2.68,709.0,CDXS
2023-05-18 09:37:00,2.685,2.69,2.6771,2.6771,7326.0,CDXS
2023-05-18 09:36:00,2.685,2.685,2.685,2.685,100.0,CDXS
2023-05-18 09:35:00,2.68,2.69,2.68,2.68,987.0,CDXS
2023-05-18 09:34:00,2.69,2.69,2.66,2.66,3026.0,CDXS
2023-05-18 09:33:00,2.71,2.72,2.69,2.69,19833.0,CDXS
2023-05-18 09:32:00,2.74,2.74,2.71,2.72,3315.0,CDXS
2023-05-18 09:31:00,2.75,2.75,2.73,2.75,3222.0,CDXS
2023-05-18 09:30:00,2.76,2.77,2.75,2.76,5049.0,CDXS
2023-05-18 09:29:00,2.74,2.74,2.74,2.74,131.0,CDXS
2023-05-18 09:28:00,2.73,2.73,2.73,2.73,100.0,CDXS
