date,1. open,2. high,3. low,4. close,5. volume,Ticker
2023-06-26 19:00:00,545.77,545.77,545.77,545.77,10542.0,CHE
2023-06-26 18:30:00,545.77,545.77,545.77,545.77,10542.0,CHE
2023-06-26 16:10:00,545.77,545.77,545.77,545.77,10542.0,CHE
2023-06-26 16:00:00,546.17,546.185,545.77,545.77,22672.0,CHE
2023-06-26 15:59:00,546.255,546.255,545.78,546.17,3578.0,CHE
2023-06-26 15:58:00,546.31,546.73,546.31,546.4,854.0,CHE
2023-06-26 15:56:00,546.27,546.27,545.91,545.91,517.0,CHE
2023-06-26 15:54:00,546.69,546.69,546.68,546.68,739.0,CHE
2023-06-26 15:53:00,546.24,546.24,546.24,546.24,590.0,CHE
2023-06-26 15:52:00,548.52,548.52,547.46,547.46,1138.0,CHE
2023-06-26 15:51:00,547.59,547.59,547.49,547.49,646.0,CHE
2023-06-26 15:50:00,548.987,548.987,548.987,548.987,254.0,CHE
2023-06-26 15:49:00,548.0,548.0,548.0,548.0,183.0,CHE
2023-06-26 15:47:00,549.37,549.37,549.37,549.37,144.0,CHE
2023-06-26 15:44:00,548.35,548.47,548.03,548.47,1075.0,CHE
2023-06-26 15:43:00,548.025,548.025,548.025,548.025,789.0,CHE
2023-06-26 15:37:00,547.27,547.27,547.27,547.27,135.0,CHE
2023-06-26 15:36:00,547.21,547.21,547.21,547.21,206.0,CHE
2023-06-26 15:34:00,547.25,547.56,546.93,546.93,1591.0,CHE
2023-06-26 15:33:00,548.105,548.105,548.105,548.105,120.0,CHE
2023-06-26 15:28:00,548.01,548.01,548.01,548.01,179.0,CHE
2023-06-26 15:24:00,548.6,548.6,548.6,548.6,129.0,CHE
2023-06-26 15:18:00,548.82,548.82,548.82,548.82,162.0,CHE
2023-06-26 15:14:00,547.89,548.0,547.89,548.0,358.0,CHE
2023-06-26 15:09:00,548.02,548.02,548.02,548.02,164.0,CHE
2023-06-26 15:05:00,548.33,548.33,547.57,547.95,617.0,CHE
2023-06-26 15:04:00,548.0,548.0,548.0,548.0,355.0,CHE
2023-06-26 15:03:00,549.29,549.29,549.29,549.29,122.0,CHE
2023-06-26 15:00:00,548.0,548.0,548.0,548.0,175.0,CHE
2023-06-26 14:58:00,548.0,549.52,548.0,549.52,644.0,CHE
2023-06-26 14:57:00,549.53,549.53,548.0,548.0,464.0,CHE
2023-06-26 14:55:00,549.53,549.53,548.0,548.0,740.0,CHE
2023-06-26 14:46:00,548.82,548.82,548.82,548.82,417.0,CHE
2023-06-26 14:37:00,548.72,548.72,548.72,548.72,125.0,CHE
2023-06-26 14:34:00,548.0,548.0,548.0,548.0,174.0,CHE
2023-06-26 14:29:00,549.29,549.29,548.17,548.17,369.0,CHE
2023-06-26 14:28:00,548.18,548.18,548.18,548.18,127.0,CHE
2023-06-26 14:26:00,548.18,548.235,548.175,548.235,485.0,CHE
2023-06-26 14:23:00,548.17,548.185,548.17,548.17,709.0,CHE
2023-06-26 14:21:00,548.0,548.0,548.0,548.0,158.0,CHE
2023-06-26 14:19:00,549.29,549.29,548.0,548.0,389.0,CHE
2023-06-26 14:18:00,548.25,548.25,548.25,548.25,137.0,CHE
2023-06-26 14:10:00,549.63,549.63,549.63,549.63,131.0,CHE
2023-06-26 14:00:00,549.61,549.61,549.61,549.61,144.0,CHE
2023-06-26 13:50:00,549.29,549.29,549.29,549.29,152.0,CHE
2023-06-26 13:39:00,550.0,550.44,548.92,549.3,3966.0,CHE
2023-06-26 13:30:00,550.45,550.45,550.45,550.45,124.0,CHE
2023-06-26 13:25:00,549.82,549.82,549.82,549.82,168.0,CHE
2023-06-26 13:22:00,550.44,550.44,550.44,550.44,384.0,CHE
2023-06-26 13:20:00,549.26,550.48,549.23,549.855,2442.0,CHE
2023-06-26 13:17:00,549.65,549.65,549.65,549.65,151.0,CHE
2023-06-26 13:10:00,550.56,550.56,550.56,550.56,102.0,CHE
2023-06-26 12:59:00,549.665,549.665,549.665,549.665,126.0,CHE
2023-06-26 12:41:00,548.265,549.44,548.24,549.44,930.0,CHE
2023-06-26 12:40:00,550.63,550.63,550.63,550.63,749.0,CHE
2023-06-26 12:32:00,550.44,550.44,550.44,550.44,203.0,CHE
2023-06-26 12:25:00,551.355,553.06,551.355,553.06,631.0,CHE
2023-06-26 12:16:00,549.79,550.13,549.79,550.13,410.0,CHE
2023-06-26 12:12:00,549.035,549.035,549.035,549.035,151.0,CHE
2023-06-26 12:05:00,549.02,549.02,549.02,549.02,143.0,CHE
2023-06-26 12:01:00,547.95,547.95,547.95,547.95,401.0,CHE
2023-06-26 11:56:00,549.18,550.22,549.18,550.22,205.0,CHE
2023-06-26 11:49:00,547.97,547.97,547.94,547.94,833.0,CHE
2023-06-26 11:48:00,547.94,547.94,547.94,547.94,209.0,CHE
2023-06-26 11:43:00,548.76,548.76,548.76,548.76,387.0,CHE
2023-06-26 11:41:00,548.86,551.14,548.825,549.95,946.0,CHE
2023-06-26 11:25:00,548.905,549.6,548.905,549.6,649.0,CHE
2023-06-26 11:24:00,548.224,549.6,548.224,548.905,689.0,CHE
2023-06-26 11:13:00,548.86,548.86,548.86,548.86,1155.0,CHE
2023-06-26 11:11:00,546.74,549.29,546.49,548.96,3283.0,CHE
2023-06-26 10:47:00,547.37,547.37,547.37,547.37,177.0,CHE
2023-06-26 10:46:00,547.37,547.37,547.37,547.37,101.0,CHE
2023-06-26 10:42:00,543.62,544.85,543.6,544.85,987.0,CHE
2023-06-26 10:31:00,542.59,543.62,542.59,543.62,384.0,CHE
2023-06-26 10:29:00,543.62,543.62,543.62,543.62,121.0,CHE
2023-06-26 10:25:00,542.505,542.505,542.105,542.105,661.0,CHE
2023-06-26 10:24:00,542.505,542.505,542.505,542.505,128.0,CHE
2023-06-26 10:22:00,541.695,541.695,541.695,541.695,2021.0,CHE
2023-06-26 10:03:00,541.17,544.2,541.17,544.2,255.0,CHE
2023-06-26 09:56:00,540.94,542.37,540.94,542.37,771.0,CHE
2023-06-26 09:50:00,542.43,542.43,542.43,542.43,639.0,CHE
2023-06-26 09:30:00,541.95,541.95,541.95,541.95,146.0,CHE
2023-06-26 08:00:00,541.87,541.87,541.87,541.87,2.0,CHE
2023-06-23 19:00:00,541.87,541.87,541.87,541.87,73994.0,CHE
2023-06-23 18:30:00,541.87,541.87,541.87,541.87,73994.0,CHE
2023-06-23 17:45:00,541.87,541.87,541.87,541.87,638.0,CHE
2023-06-23 17:09:00,541.87,541.87,541.87,541.87,638.0,CHE
2023-06-23 16:15:00,541.87,541.87,541.87,541.87,20984.0,CHE
2023-06-23 16:13:00,541.87,541.87,541.87,541.87,1861.0,CHE
2023-06-23 16:12:00,541.87,541.87,541.87,541.87,4436.0,CHE
2023-06-23 16:11:00,541.881,541.881,541.859,541.87,1751.0,CHE
2023-06-23 16:10:00,541.87,541.87,541.87,541.87,78102.0,CHE
2023-06-23 16:09:00,541.87,541.87,541.87,541.87,389.0,CHE
2023-06-23 16:08:00,541.87,541.87,541.87,541.87,2.0,CHE
2023-06-23 16:07:00,541.87,541.87,541.87,541.87,466.0,CHE
2023-06-23 16:06:00,541.87,541.87,541.87,541.87,6.0,CHE
2023-06-23 16:04:00,541.837,541.903,541.837,541.848,13159.0,CHE
2023-06-23 16:03:00,541.878,541.921,541.814,541.921,13771.0,CHE
2023-06-23 16:02:00,541.865,541.865,541.865,541.865,10.0,CHE
2023-06-23 16:01:00,541.87,541.87,541.87,541.87,124.0,CHE
2023-06-23 16:00:00,541.44,541.89,541.44,541.87,167451.0,CHE
2023-06-23 15:59:00,542.93,542.93,541.43,541.44,7078.0,CHE
2023-06-23 15:58:00,543.68,543.7,542.99,543.52,1578.0,CHE
2023-06-23 15:57:00,543.03,543.68,543.03,543.68,886.0,CHE
2023-06-23 15:56:00,544.43,544.43,543.29,543.505,447.0,CHE
2023-06-23 15:55:00,543.72,543.72,543.29,543.29,884.0,CHE
2023-06-23 15:54:00,544.65,544.65,544.5,544.5,614.0,CHE
2023-06-23 15:53:00,544.2,544.99,543.88,543.88,2381.0,CHE
2023-06-23 15:52:00,544.54,544.54,544.54,544.54,635.0,CHE
2023-06-23 15:51:00,544.26,544.41,543.93,543.93,910.0,CHE
2023-06-23 15:50:00,545.11,545.82,544.42,544.5,1701.0,CHE
2023-06-23 15:49:00,545.77,546.26,545.6,546.26,2025.0,CHE
2023-06-23 15:48:00,545.55,545.55,545.55,545.55,386.0,CHE
2023-06-23 15:47:00,545.765,545.765,544.83,544.83,513.0,CHE
2023-06-23 15:46:00,546.71,546.71,545.43,545.43,1341.0,CHE
2023-06-23 15:41:00,547.25,547.25,547.25,547.25,179.0,CHE
2023-06-23 15:40:00,547.16,547.16,547.16,547.16,145.0,CHE
2023-06-23 15:22:00,548.045,548.1,548.045,548.1,253.0,CHE
2023-06-23 15:21:00,548.19,548.19,548.19,548.19,110.0,CHE
2023-06-23 15:20:00,547.865,547.865,547.86,547.86,365.0,CHE
2023-06-23 15:19:00,547.855,547.855,547.855,547.855,163.0,CHE
2023-06-23 15:15:00,547.79,547.79,547.79,547.79,296.0,CHE
2023-06-23 15:00:00,547.6,547.6,547.6,547.6,374.0,CHE
2023-06-23 14:51:00,547.2,547.91,547.2,547.91,574.0,CHE
2023-06-23 14:45:00,547.94,548.32,547.88,547.88,907.0,CHE
2023-06-23 14:40:00,548.8,548.8,548.8,548.8,137.0,CHE
2023-06-23 14:39:00,548.795,548.795,548.795,548.795,185.0,CHE
2023-06-23 14:23:00,549.68,549.68,548.955,548.955,588.0,CHE
2023-06-23 14:11:00,549.47,549.47,549.47,549.47,313.0,CHE
2023-06-23 13:59:00,550.45,550.45,550.45,550.45,229.0,CHE
2023-06-23 13:51:00,549.67,549.925,549.67,549.925,277.0,CHE
2023-06-23 13:03:00,549.715,550.3,548.88,550.3,405.0,CHE
2023-06-23 13:01:00,549.01,549.582,548.86,549.582,726.0,CHE
2023-06-23 12:56:00,549.74,549.74,549.74,549.74,203.0,CHE
2023-06-23 12:38:00,550.81,550.87,550.81,550.87,257.0,CHE
2023-06-23 12:28:00,549.83,549.83,549.83,549.83,100.0,CHE
2023-06-23 12:27:00,547.85,548.94,547.85,548.94,1429.0,CHE
2023-06-23 12:25:00,548.04,548.04,548.04,548.04,104.0,CHE
2023-06-23 12:23:00,549.96,549.96,549.01,549.01,564.0,CHE
2023-06-23 12:15:00,549.52,549.52,549.52,549.52,125.0,CHE
2023-06-23 12:09:00,549.44,549.76,549.44,549.76,316.0,CHE
2023-06-23 11:52:00,550.23,550.23,550.23,550.23,125.0,CHE
2023-06-23 11:44:00,551.685,551.685,551.685,551.685,154.0,CHE
2023-06-23 11:42:00,550.04,550.04,550.04,550.04,241.0,CHE
2023-06-23 11:02:00,552.68,552.68,552.68,552.68,111.0,CHE
2023-06-23 10:40:00,551.6,551.6,551.6,551.6,123.0,CHE
2023-06-23 09:30:00,549.21,549.21,549.21,549.21,204.0,CHE
2023-06-22 19:00:00,549.77,549.77,549.77,549.77,6237.0,CHE
2023-06-22 18:30:00,549.77,549.77,549.77,549.77,6237.0,CHE
2023-06-22 16:11:00,549.77,549.77,549.77,549.77,101.0,CHE
2023-06-22 16:10:00,549.77,549.77,549.77,549.77,6237.0,CHE
2023-06-22 16:01:00,549.77,549.77,549.77,549.77,65.0,CHE
2023-06-22 16:00:00,549.77,549.77,549.75,549.77,13090.0,CHE
2023-06-22 15:59:00,548.99,549.77,548.99,549.76,2618.0,CHE
2023-06-22 15:58:00,549.255,549.255,549.255,549.255,707.0,CHE
2023-06-22 15:57:00,549.5,549.5,549.08,549.08,614.0,CHE
2023-06-22 15:56:00,549.355,549.355,549.01,549.35,986.0,CHE
2023-06-22 15:54:00,549.295,549.295,549.295,549.295,302.0,CHE
2023-06-22 15:47:00,548.28,548.28,548.28,548.28,214.0,CHE
2023-06-22 15:46:00,548.362,548.362,548.362,548.362,203.0,CHE
2023-06-22 15:45:00,548.55,548.66,548.55,548.66,493.0,CHE
2023-06-22 15:40:00,549.03,549.03,549.03,549.03,142.0,CHE
2023-06-22 15:29:00,548.94,548.94,548.94,548.94,169.0,CHE
2023-06-22 15:25:00,549.39,549.39,549.11,549.11,378.0,CHE
2023-06-22 15:24:00,549.48,549.48,549.39,549.39,256.0,CHE
2023-06-22 15:13:00,551.54,551.54,551.28,551.28,680.0,CHE
2023-06-22 15:10:00,552.15,552.15,552.15,552.15,198.0,CHE
2023-06-22 14:59:00,552.92,552.92,552.92,552.92,208.0,CHE
2023-06-22 14:42:00,551.265,551.265,551.265,551.265,251.0,CHE
2023-06-22 14:40:00,551.34,551.342,551.34,551.342,237.0,CHE
2023-06-22 14:34:00,550.76,550.76,550.76,550.76,197.0,CHE
2023-06-22 14:30:00,550.76,550.76,550.76,550.76,639.0,CHE
2023-06-22 14:28:00,550.785,550.785,550.785,550.785,342.0,CHE
2023-06-22 14:15:00,550.295,550.295,550.295,550.295,139.0,CHE
2023-06-22 14:11:00,550.14,550.14,550.14,550.14,107.0,CHE
2023-06-22 14:05:00,548.97,548.98,548.97,548.98,733.0,CHE
2023-06-22 13:50:00,548.46,548.58,548.46,548.58,314.0,CHE
2023-06-22 13:49:00,548.42,548.42,548.42,548.42,754.0,CHE
2023-06-22 13:40:00,548.51,548.51,548.51,548.51,416.0,CHE
2023-06-22 13:37:00,548.04,548.04,548.04,548.04,180.0,CHE
2023-06-22 13:33:00,548.095,548.095,548.08,548.08,768.0,CHE
2023-06-22 13:32:00,548.44,548.44,548.165,548.165,479.0,CHE
2023-06-22 13:31:00,548.0,548.0,548.0,548.0,259.0,CHE
2023-06-22 13:08:00,548.49,548.659,548.24,548.34,906.0,CHE
2023-06-22 12:54:00,548.42,548.44,548.2,548.2,798.0,CHE
2023-06-22 12:53:00,548.36,548.36,548.36,548.36,185.0,CHE
2023-06-22 12:52:00,548.055,548.055,548.055,548.055,105.0,CHE
2023-06-22 12:44:00,548.16,548.16,548.16,548.16,109.0,CHE
2023-06-22 12:28:00,548.19,548.23,548.19,548.19,685.0,CHE
2023-06-22 12:21:00,548.26,548.26,548.26,548.26,430.0,CHE
2023-06-22 12:13:00,547.94,548.3,547.94,548.3,1010.0,CHE
2023-06-22 12:07:00,547.77,547.86,547.77,547.86,351.0,CHE
2023-06-22 12:04:00,548.015,548.015,548.015,548.015,176.0,CHE
2023-06-22 12:01:00,548.61,548.61,547.86,547.86,984.0,CHE
2023-06-22 11:01:00,546.68,546.68,546.68,546.68,146.0,CHE
2023-06-22 10:59:00,547.23,547.3,547.21,547.21,942.0,CHE
2023-06-22 10:52:00,547.65,547.67,547.58,547.58,486.0,CHE
2023-06-22 10:51:00,547.64,547.64,547.64,547.64,204.0,CHE
2023-06-22 10:41:00,549.5,549.5,548.06,548.06,979.0,CHE
2023-06-22 10:12:00,548.62,548.87,548.62,548.87,501.0,CHE
2023-06-22 09:47:00,545.16,545.16,545.16,545.16,117.0,CHE
2023-06-22 09:30:00,546.47,546.47,546.47,546.47,120.0,CHE
2023-06-21 19:00:00,546.42,546.42,546.42,546.42,12243.0,CHE
2023-06-21 18:30:00,546.42,546.42,546.42,546.42,12243.0,CHE
2023-06-21 17:48:00,544.258,544.258,544.258,544.258,53.0,CHE
2023-06-21 16:20:00,546.42,546.42,546.42,546.42,10.0,CHE
2023-06-21 16:10:00,546.42,546.42,546.42,546.42,12243.0,CHE
2023-06-21 16:01:00,546.42,546.42,546.42,546.42,992.0,CHE
2023-06-21 16:00:00,546.23,546.42,546.23,546.42,25140.0,CHE
2023-06-21 15:59:00,545.89,546.46,545.8,546.23,3802.0,CHE
2023-06-21 15:58:00,545.56,545.56,545.56,545.56,475.0,CHE
2023-06-21 15:57:00,545.62,545.645,545.61,545.645,1261.0,CHE
2023-06-21 15:56:00,545.71,546.14,545.71,546.14,811.0,CHE
2023-06-21 15:54:00,545.83,545.83,545.83,545.83,251.0,CHE
2023-06-21 15:53:00,546.22,546.22,545.87,545.87,314.0,CHE
2023-06-21 15:49:00,545.755,545.755,545.755,545.755,305.0,CHE
2023-06-21 15:46:00,545.46,545.5,545.46,545.5,2204.0,CHE
2023-06-21 15:44:00,545.825,545.825,545.635,545.635,319.0,CHE
2023-06-21 15:41:00,545.85,545.85,545.85,545.85,161.0,CHE
2023-06-21 15:40:00,545.2,545.2,545.2,545.2,115.0,CHE
2023-06-21 15:38:00,547.125,547.125,546.72,546.72,1327.0,CHE
2023-06-21 15:37:00,547.485,547.485,547.485,547.485,204.0,CHE
2023-06-21 15:33:00,547.01,547.15,547.01,547.12,1419.0,CHE
2023-06-21 15:32:00,546.65,546.65,546.65,546.65,160.0,CHE
2023-06-21 15:30:00,546.44,546.44,546.44,546.44,137.0,CHE
2023-06-21 15:29:00,546.59,546.59,546.59,546.59,108.0,CHE
2023-06-21 15:25:00,546.84,546.84,546.05,546.05,241.0,CHE
2023-06-21 15:12:00,546.97,546.97,546.97,546.97,104.0,CHE
2023-06-21 15:11:00,546.8,546.84,546.8,546.84,616.0,CHE
2023-06-21 15:09:00,545.48,545.48,545.48,545.48,121.0,CHE
2023-06-21 15:03:00,546.445,546.445,546.445,546.445,104.0,CHE
2023-06-21 15:00:00,546.485,546.485,546.485,546.485,140.0,CHE
2023-06-21 14:54:00,547.33,547.33,547.33,547.33,605.0,CHE
2023-06-21 14:52:00,546.36,547.06,546.36,547.06,398.0,CHE
2023-06-21 14:49:00,547.74,547.74,546.73,546.73,942.0,CHE
2023-06-21 14:48:00,548.46,548.46,548.46,548.46,105.0,CHE
2023-06-21 14:41:00,549.98,549.98,548.85,549.24,983.0,CHE
2023-06-21 14:40:00,547.63,547.63,547.63,547.63,206.0,CHE
2023-06-21 14:33:00,548.215,548.215,548.215,548.215,121.0,CHE
2023-06-21 14:31:00,547.64,547.64,547.565,547.565,454.0,CHE
2023-06-21 14:21:00,545.62,545.67,545.21,545.21,1147.0,CHE
2023-06-21 14:20:00,545.56,545.56,545.56,545.56,225.0,CHE
2023-06-21 14:18:00,544.33,544.33,544.33,544.33,301.0,CHE
2023-06-21 14:10:00,544.94,544.94,544.94,544.94,120.0,CHE
2023-06-21 14:07:00,544.12,544.12,544.12,544.12,121.0,CHE
2023-06-21 14:04:00,544.86,544.86,544.86,544.86,105.0,CHE
2023-06-21 14:01:00,544.7,544.74,544.62,544.69,1299.0,CHE
2023-06-21 13:44:00,544.66,545.005,544.53,544.53,703.0,CHE
2023-06-21 13:32:00,545.155,545.155,545.155,545.155,105.0,CHE
2023-06-21 13:29:00,544.34,544.34,544.34,544.34,249.0,CHE
2023-06-21 13:22:00,545.03,545.03,545.03,545.03,114.0,CHE
2023-06-21 13:19:00,545.023,545.022,545.023,545.022,100.0,CHE
2023-06-21 13:09:00,545.0,545.21,545.0,545.17,1535.0,CHE
2023-06-21 13:07:00,544.485,544.485,544.16,544.16,222.0,CHE
2023-06-21 13:06:00,544.9,544.9,544.9,544.9,114.0,CHE
2023-06-21 12:53:00,544.54,545.0,544.54,545.0,1040.0,CHE
2023-06-21 12:51:00,544.49,544.49,544.49,544.49,262.0,CHE
2023-06-21 12:46:00,543.98,543.98,543.96,543.96,237.0,CHE
2023-06-21 12:37:00,543.97,543.97,543.97,543.97,112.0,CHE
2023-06-21 12:27:00,544.0,544.0,544.0,544.0,109.0,CHE
2023-06-21 12:24:00,544.02,544.02,544.02,544.02,105.0,CHE
2023-06-21 12:19:00,544.14,544.555,543.18,544.04,2889.0,CHE
2023-06-21 12:17:00,544.565,544.565,544.565,544.565,198.0,CHE
2023-06-21 12:16:00,544.98,544.98,544.12,544.12,1370.0,CHE
2023-06-21 12:10:00,544.4,544.55,544.1,544.1,678.0,CHE
2023-06-21 12:05:00,544.245,544.245,544.245,544.245,139.0,CHE
2023-06-21 11:58:00,544.005,544.005,544.005,544.005,431.0,CHE
2023-06-21 11:55:00,543.14,543.14,543.14,543.14,127.0,CHE
2023-06-21 11:53:00,543.02,543.02,543.02,543.02,817.0,CHE
2023-06-21 11:41:00,543.72,543.72,543.72,543.72,110.0,CHE
2023-06-21 11:40:00,543.94,543.94,543.45,543.45,316.0,CHE
2023-06-21 11:35:00,543.23,543.23,543.23,543.23,575.0,CHE
2023-06-21 11:32:00,542.635,542.635,542.635,542.635,372.0,CHE
2023-06-21 11:31:00,542.64,542.64,542.36,542.36,538.0,CHE
2023-06-21 11:26:00,542.7,542.7,542.7,542.7,105.0,CHE
2023-06-21 11:16:00,542.74,542.74,542.74,542.74,102.0,CHE
2023-06-21 11:15:00,542.835,542.835,542.04,542.04,658.0,CHE
2023-06-21 11:14:00,542.84,542.84,542.84,542.84,108.0,CHE
2023-06-21 11:11:00,542.85,542.85,542.85,542.85,118.0,CHE
2023-06-21 11:04:00,542.03,542.03,542.03,542.03,113.0,CHE
2023-06-21 10:56:00,542.96,542.96,542.96,542.96,187.0,CHE
2023-06-21 10:55:00,542.54,542.9,542.54,542.9,695.0,CHE
2023-06-21 10:50:00,542.12,543.06,541.86,541.86,976.0,CHE
2023-06-21 10:47:00,543.07,543.07,543.07,543.07,130.0,CHE
2023-06-21 10:44:00,542.36,542.36,542.36,542.36,111.0,CHE
2023-06-21 10:40:00,542.12,542.12,542.12,542.12,104.0,CHE
2023-06-21 10:34:00,542.22,542.5,542.22,542.5,847.0,CHE
2023-06-21 10:33:00,541.385,541.385,541.385,541.385,189.0,CHE
2023-06-21 10:24:00,541.35,541.35,541.35,541.35,117.0,CHE
2023-06-21 10:22:00,541.325,541.325,541.325,541.325,105.0,CHE
2023-06-21 10:16:00,541.3,541.3,541.3,541.3,123.0,CHE
2023-06-21 10:10:00,540.04,541.47,540.04,541.47,688.0,CHE
2023-06-21 10:09:00,541.28,541.475,541.0,541.475,897.0,CHE
2023-06-21 10:03:00,540.025,540.025,540.025,540.025,103.0,CHE
2023-06-21 09:56:00,539.65,539.65,539.65,539.65,101.0,CHE
2023-06-21 09:55:00,539.38,539.38,539.38,539.38,201.0,CHE
2023-06-21 09:48:00,540.175,540.175,540.17,540.17,532.0,CHE
2023-06-21 09:35:00,541.668,541.668,541.668,541.668,181.0,CHE
2023-06-21 09:34:00,541.905,541.905,535.52,535.52,348.0,CHE
2023-06-21 09:33:00,541.072,541.072,541.072,541.072,150.0,CHE
2023-06-21 09:30:00,538.16,538.805,538.16,538.805,1512.0,CHE
2023-06-20 19:00:00,540.92,540.92,540.92,540.92,12277.0,CHE
2023-06-20 18:30:00,540.92,540.92,540.92,540.92,12277.0,CHE
2023-06-20 16:58:00,540.92,540.92,540.92,540.92,987.0,CHE
2023-06-20 16:10:00,540.92,540.92,540.92,540.92,12277.0,CHE
2023-06-20 16:02:00,540.92,540.92,540.92,540.92,172.0,CHE
2023-06-20 16:01:00,540.92,540.92,540.92,540.92,20.0,CHE
2023-06-20 16:00:00,540.92,541.29,540.92,540.92,25164.0,CHE
2023-06-20 15:59:00,541.91,542.14,540.92,540.92,2278.0,CHE
2023-06-20 15:58:00,541.44,542.15,541.44,542.15,789.0,CHE
2023-06-20 15:57:00,541.12,541.29,541.12,541.29,2047.0,CHE
2023-06-20 15:56:00,540.91,540.91,540.89,540.89,636.0,CHE
2023-06-20 15:54:00,541.47,541.47,541.0,541.0,1886.0,CHE
2023-06-20 15:50:00,541.92,541.94,541.91,541.94,1269.0,CHE
2023-06-20 15:43:00,541.82,541.9,541.82,541.9,407.0,CHE
2023-06-20 15:42:00,541.51,541.51,541.51,541.51,337.0,CHE
2023-06-20 15:39:00,541.715,541.715,541.715,541.715,187.0,CHE
2023-06-20 15:31:00,542.09,542.09,542.09,542.09,214.0,CHE
2023-06-20 15:25:00,543.41,543.41,543.41,543.41,355.0,CHE
2023-06-20 15:20:00,542.9,542.9,542.9,542.9,566.0,CHE
2023-06-20 15:13:00,543.13,543.98,543.13,543.21,1061.0,CHE
2023-06-20 15:12:00,543.06,543.06,543.06,543.06,339.0,CHE
2023-06-20 15:11:00,544.08,544.08,542.835,542.835,1097.0,CHE
2023-06-20 14:49:00,544.47,544.47,544.47,544.47,334.0,CHE
2023-06-20 14:48:00,543.64,543.64,543.64,543.64,569.0,CHE
2023-06-20 14:38:00,543.725,543.725,543.725,543.725,119.0,CHE
2023-06-20 14:24:00,541.865,541.865,541.865,541.865,149.0,CHE
2023-06-20 14:18:00,542.14,542.14,542.14,542.14,455.0,CHE
2023-06-20 14:12:00,541.48,541.48,541.48,541.48,457.0,CHE
2023-06-20 14:10:00,540.52,540.59,540.52,540.59,768.0,CHE
2023-06-20 14:07:00,541.645,541.645,540.68,540.7,3271.0,CHE
2023-06-20 14:06:00,541.659,541.659,541.659,541.659,227.0,CHE
2023-06-20 13:59:00,540.925,540.925,539.6,539.6,263.0,CHE
2023-06-20 13:37:00,540.585,540.585,540.585,540.585,112.0,CHE
2023-06-20 13:33:00,541.29,541.29,541.23,541.23,1074.0,CHE
2023-06-20 13:14:00,541.035,541.035,541.035,541.035,141.0,CHE
2023-06-20 13:02:00,540.03,540.04,540.03,540.04,388.0,CHE
2023-06-20 13:01:00,540.02,540.02,540.02,540.02,356.0,CHE
2023-06-20 12:59:00,538.875,538.875,538.875,538.875,345.0,CHE
2023-06-20 12:46:00,539.13,539.13,539.13,539.13,278.0,CHE
2023-06-20 12:43:00,538.1,538.28,538.1,538.28,1012.0,CHE
2023-06-20 12:42:00,536.96,536.96,536.96,536.96,147.0,CHE
2023-06-20 12:36:00,539.07,539.07,539.07,539.07,211.0,CHE
2023-06-20 12:31:00,536.77,538.35,536.77,538.35,374.0,CHE
2023-06-20 12:28:00,538.53,538.53,538.53,538.53,157.0,CHE
2023-06-20 12:27:00,538.51,538.51,538.51,538.51,353.0,CHE
2023-06-20 12:26:00,538.99,538.99,538.94,538.99,1222.0,CHE
2023-06-20 12:23:00,538.19,538.19,538.19,538.19,120.0,CHE
2023-06-20 12:19:00,538.94,538.94,538.94,538.94,150.0,CHE
2023-06-20 12:17:00,539.305,539.305,538.84,538.84,368.0,CHE
2023-06-20 12:15:00,539.075,539.075,538.78,538.78,316.0,CHE
2023-06-20 12:05:00,539.43,539.43,539.43,539.43,137.0,CHE
2023-06-20 12:04:00,539.77,539.77,539.77,539.77,339.0,CHE
2023-06-20 11:55:00,540.97,540.97,540.97,540.97,155.0,CHE
2023-06-20 11:49:00,541.695,541.695,540.905,540.905,871.0,CHE
2023-06-20 11:46:00,542.21,542.21,542.21,542.21,463.0,CHE
2023-06-20 11:12:00,540.82,540.82,540.82,540.82,1209.0,CHE
2023-06-20 11:11:00,540.615,540.615,540.615,540.615,153.0,CHE
2023-06-20 11:06:00,539.075,539.075,539.075,539.075,109.0,CHE
2023-06-20 11:01:00,539.36,539.36,539.36,539.36,114.0,CHE
2023-06-20 10:50:00,541.585,541.585,541.585,541.585,269.0,CHE
2023-06-20 10:45:00,543.005,543.005,541.74,541.74,254.0,CHE
2023-06-20 10:44:00,541.99,543.0,541.99,543.0,739.0,CHE
2023-06-20 10:43:00,542.63,542.63,542.63,542.63,1283.0,CHE
2023-06-20 10:41:00,543.91,543.91,543.91,543.91,149.0,CHE
2023-06-20 10:37:00,545.04,545.04,544.085,544.085,833.0,CHE
2023-06-20 10:16:00,546.04,546.04,545.96,545.96,254.0,CHE
2023-06-20 10:15:00,546.92,546.92,546.92,546.92,886.0,CHE
2023-06-20 10:06:00,547.495,547.495,547.495,547.495,331.0,CHE
2023-06-20 09:48:00,547.315,547.315,547.315,547.315,146.0,CHE
2023-06-20 09:45:00,547.19,547.19,547.19,547.19,115.0,CHE
2023-06-20 09:32:00,546.97,546.97,546.97,546.97,100.0,CHE
2023-06-20 09:31:00,542.14,542.14,542.14,542.14,100.0,CHE
2023-06-20 09:30:00,545.36,545.36,545.36,545.36,318.0,CHE
2023-06-20 08:02:00,546.66,546.66,546.66,546.66,1.0,CHE
2023-06-16 19:00:00,546.66,546.66,546.66,546.66,48802.0,CHE
2023-06-16 18:30:00,546.66,546.66,546.66,546.66,48802.0,CHE
2023-06-16 16:49:00,546.66,546.66,546.66,546.66,772.0,CHE
2023-06-16 16:10:00,546.66,546.66,546.66,546.66,48847.0,CHE
2023-06-16 16:09:00,546.66,546.66,546.66,546.66,457.0,CHE
2023-06-16 16:08:00,546.66,546.665,546.66,546.665,1333.0,CHE
2023-06-16 16:05:00,546.66,546.66,546.66,546.66,25.0,CHE
2023-06-16 16:04:00,546.66,546.66,546.66,546.66,591.0,CHE
2023-06-16 16:03:00,546.66,546.66,546.66,546.66,116.0,CHE
2023-06-16 16:02:00,546.66,546.666,546.654,546.654,4573.0,CHE
2023-06-16 16:01:00,546.66,546.66,546.66,546.66,1875.0,CHE
2023-06-16 16:00:00,546.07,546.66,546.07,546.66,98843.0,CHE
2023-06-16 15:59:00,546.85,546.85,546.59,546.61,3908.0,CHE
2023-06-16 15:58:00,546.8,546.8,546.8,546.8,694.0,CHE
2023-06-16 15:57:00,546.91,547.3,546.91,547.3,1682.0,CHE
2023-06-16 15:55:00,547.14,547.46,546.69,546.69,2595.0,CHE
2023-06-16 15:54:00,546.83,546.995,546.83,546.995,703.0,CHE
2023-06-16 15:52:00,546.02,546.02,546.02,546.02,395.0,CHE
2023-06-16 15:51:00,546.73,546.73,546.73,546.73,149.0,CHE
2023-06-16 15:33:00,543.88,543.88,543.88,543.88,406.0,CHE
2023-06-16 15:32:00,544.16,544.66,544.16,544.66,622.0,CHE
2023-06-16 15:24:00,543.34,543.34,543.34,543.34,120.0,CHE
2023-06-16 15:10:00,544.01,544.01,544.01,544.01,151.0,CHE
2023-06-16 15:09:00,544.99,544.99,544.99,544.99,228.0,CHE
2023-06-16 15:02:00,543.34,543.34,543.34,543.34,643.0,CHE
2023-06-16 14:41:00,544.52,544.52,544.52,544.52,105.0,CHE
2023-06-16 14:26:00,543.66,544.72,543.66,544.72,320.0,CHE
2023-06-16 14:20:00,542.6,542.6,542.6,542.6,1261.0,CHE
2023-06-16 14:16:00,541.57,541.57,541.57,541.57,154.0,CHE
2023-06-16 14:10:00,541.595,541.595,541.595,541.595,219.0,CHE
2023-06-16 14:09:00,542.0,542.2,541.87,542.07,1335.0,CHE
2023-06-16 14:08:00,542.45,542.45,541.68,541.965,3003.0,CHE
2023-06-16 13:57:00,542.33,542.33,542.33,542.33,796.0,CHE
2023-06-16 13:56:00,541.995,541.995,541.995,541.995,174.0,CHE
2023-06-16 13:29:00,541.665,541.665,541.665,541.665,139.0,CHE
2023-06-16 13:25:00,542.0,542.0,542.0,542.0,125.0,CHE
2023-06-16 13:23:00,541.53,541.53,541.53,541.53,111.0,CHE
2023-06-16 13:22:00,542.09,542.09,542.0,542.0,1069.0,CHE
2023-06-16 12:54:00,542.79,542.79,542.79,542.79,158.0,CHE
2023-06-16 12:26:00,544.03,544.05,544.01,544.05,1226.0,CHE
2023-06-16 12:16:00,543.99,543.99,543.99,543.99,214.0,CHE
2023-06-16 12:01:00,544.235,544.76,544.02,544.76,1596.0,CHE
2023-06-16 12:00:00,543.495,543.495,543.495,543.495,269.0,CHE
2023-06-16 10:50:00,542.02,542.02,542.02,542.02,171.0,CHE
2023-06-16 10:45:00,541.63,541.63,541.63,541.63,264.0,CHE
2023-06-16 10:40:00,545.34,545.34,543.84,543.84,1777.0,CHE
2023-06-16 09:55:00,543.51,543.51,543.51,543.51,367.0,CHE
2023-06-16 09:30:00,546.94,546.94,546.94,546.94,6128.0,CHE
2023-06-15 19:00:00,543.35,543.35,543.35,543.35,9577.0,CHE
2023-06-15 18:30:00,543.35,543.35,543.35,543.35,9577.0,CHE
2023-06-15 16:10:00,543.35,543.35,543.35,543.35,9577.0,CHE
2023-06-15 16:03:00,527.06,527.06,527.06,527.06,1.0,CHE
2023-06-15 16:01:00,543.35,543.35,543.35,543.35,764.0,CHE
2023-06-15 16:00:00,543.73,543.73,543.35,543.35,20775.0,CHE
2023-06-15 15:59:00,543.01,543.98,543.01,543.73,2933.0,CHE
2023-06-15 15:42:00,543.09,543.09,543.09,543.09,154.0,CHE
2023-06-15 15:38:00,542.0,542.0,542.0,542.0,164.0,CHE
2023-06-15 15:26:00,543.34,543.34,543.34,543.34,163.0,CHE
2023-06-15 15:24:00,542.56,542.56,542.56,542.56,151.0,CHE
2023-06-15 15:23:00,542.52,542.52,542.52,542.52,250.0,CHE
2023-06-15 15:17:00,543.77,543.77,543.32,543.32,714.0,CHE
2023-06-15 15:16:00,544.27,544.27,544.27,544.27,478.0,CHE
2023-06-15 15:10:00,544.14,544.14,544.14,544.14,185.0,CHE
2023-06-15 15:02:00,544.315,544.315,544.315,544.315,184.0,CHE
2023-06-15 14:44:00,544.39,544.39,544.39,544.39,180.0,CHE
2023-06-15 14:39:00,544.69,544.69,543.23,543.8,1362.0,CHE
2023-06-15 14:20:00,544.495,544.495,544.495,544.495,110.0,CHE
2023-06-15 14:11:00,543.315,543.315,543.315,543.315,198.0,CHE
2023-06-15 13:59:00,544.08,544.08,544.08,544.08,153.0,CHE
2023-06-15 13:53:00,543.425,544.59,543.425,544.59,407.0,CHE
2023-06-15 13:42:00,541.86,541.86,541.86,541.86,254.0,CHE
2023-06-15 13:15:00,542.595,542.595,542.595,542.595,209.0,CHE
2023-06-15 12:59:00,541.18,541.18,541.18,541.18,242.0,CHE
2023-06-15 12:51:00,542.13,542.13,542.13,542.13,409.0,CHE
2023-06-15 12:48:00,542.47,542.47,542.47,542.47,203.0,CHE
2023-06-15 12:43:00,542.635,542.635,542.635,542.635,183.0,CHE
2023-06-15 11:54:00,543.938,543.938,543.938,543.938,154.0,CHE
2023-06-15 11:53:00,543.57,543.57,543.57,543.57,136.0,CHE
2023-06-15 11:27:00,543.9,543.9,543.9,543.9,228.0,CHE
2023-06-15 11:24:00,543.95,543.95,543.95,543.95,306.0,CHE
2023-06-15 11:01:00,541.15,541.44,541.15,541.42,1487.0,CHE
2023-06-15 10:45:00,540.98,540.98,540.98,540.98,270.0,CHE
2023-06-15 10:39:00,541.51,541.51,541.51,541.51,343.0,CHE
2023-06-15 09:48:00,543.86,543.86,543.86,543.86,159.0,CHE
2023-06-15 09:30:00,540.39,540.39,540.39,540.39,332.0,CHE
2023-06-14 19:00:00,538.02,538.02,538.02,538.02,9267.0,CHE
2023-06-14 18:30:00,538.02,538.02,538.02,538.02,9267.0,CHE
2023-06-14 17:11:00,538.02,538.02,538.02,538.02,320.0,CHE
2023-06-14 16:10:00,538.02,538.02,538.02,538.02,9267.0,CHE
2023-06-14 16:08:00,538.02,538.02,538.02,538.02,4.0,CHE
2023-06-14 16:01:00,538.02,538.02,538.02,538.02,564.0,CHE
2023-06-14 16:00:00,538.72,538.73,538.02,538.02,18931.0,CHE
2023-06-14 15:59:00,537.53,538.74,537.53,538.72,3518.0,CHE
2023-06-14 15:58:00,537.51,537.51,537.51,537.51,363.0,CHE
2023-06-14 15:57:00,537.66,537.74,537.585,537.74,775.0,CHE
2023-06-14 15:54:00,536.5,536.5,536.5,536.5,234.0,CHE
2023-06-14 15:39:00,537.335,537.335,537.335,537.335,272.0,CHE
2023-06-14 15:11:00,537.93,537.93,537.93,537.93,106.0,CHE
2023-06-14 15:07:00,537.38,537.44,537.38,537.44,633.0,CHE
2023-06-14 15:04:00,535.71,535.71,535.71,535.71,105.0,CHE
2023-06-14 14:54:00,536.01,536.01,536.01,536.01,160.0,CHE
2023-06-14 14:44:00,536.92,536.92,536.92,536.92,654.0,CHE
2023-06-14 14:43:00,536.56,536.56,536.56,536.56,130.0,CHE
2023-06-14 14:39:00,534.72,534.72,534.72,534.72,161.0,CHE
2023-06-14 14:23:00,536.8,536.8,536.8,536.8,135.0,CHE
2023-06-14 14:22:00,537.51,537.51,537.51,537.51,174.0,CHE
2023-06-14 14:12:00,537.79,537.79,537.79,537.79,230.0,CHE
2023-06-14 14:11:00,537.3,538.345,537.3,538.345,927.0,CHE
2023-06-14 14:07:00,537.76,538.48,537.76,538.48,412.0,CHE
2023-06-14 14:01:00,540.17,540.17,540.17,540.17,194.0,CHE
2023-06-14 13:54:00,540.09,540.1,540.09,540.1,202.0,CHE
2023-06-14 13:44:00,539.75,539.75,539.75,539.75,132.0,CHE
2023-06-14 13:43:00,539.82,539.82,539.82,539.82,521.0,CHE
2023-06-14 13:15:00,541.56,541.56,541.56,541.56,114.0,CHE
2023-06-14 13:00:00,539.6,539.69,539.49,539.69,913.0,CHE
2023-06-14 12:50:00,538.47,538.47,538.47,538.47,149.0,CHE
2023-06-14 12:46:00,538.0,538.0,538.0,538.0,501.0,CHE
2023-06-14 12:42:00,539.73,539.73,539.73,539.73,147.0,CHE
2023-06-14 12:16:00,540.125,540.26,539.659,539.659,581.0,CHE
2023-06-14 12:11:00,538.83,538.83,538.83,538.83,285.0,CHE
2023-06-14 12:03:00,540.26,540.26,540.21,540.21,681.0,CHE
2023-06-14 12:01:00,540.28,540.28,540.28,540.28,125.0,CHE
2023-06-14 12:00:00,541.16,541.16,541.16,541.16,279.0,CHE
2023-06-14 11:53:00,540.51,540.51,540.51,540.51,191.0,CHE
2023-06-14 11:51:00,541.6,541.6,541.6,541.6,393.0,CHE
2023-06-14 11:46:00,541.08,541.08,541.08,541.08,473.0,CHE
2023-06-14 11:44:00,542.97,542.97,541.5,541.5,670.0,CHE
2023-06-14 11:43:00,541.96,542.11,541.96,542.11,1061.0,CHE
2023-06-14 11:40:00,542.64,543.07,541.35,541.35,836.0,CHE
2023-06-14 11:36:00,544.69,544.69,542.945,542.945,478.0,CHE
2023-06-14 10:45:00,549.005,549.005,547.745,548.955,1541.0,CHE
2023-06-14 10:44:00,547.47,548.23,546.18,548.22,1287.0,CHE
2023-06-14 10:43:00,546.595,547.61,546.47,547.61,2868.0,CHE
2023-06-14 10:42:00,544.625,545.945,544.21,545.52,1137.0,CHE
2023-06-14 10:41:00,540.25,544.565,540.25,544.345,3154.0,CHE
2023-06-14 10:33:00,539.61,539.61,539.45,539.45,402.0,CHE
2023-06-14 10:30:00,540.495,540.495,540.495,540.495,125.0,CHE
2023-06-14 10:26:00,541.29,541.29,541.29,541.29,196.0,CHE
2023-06-14 10:25:00,540.045,540.045,540.045,540.045,414.0,CHE
2023-06-14 10:20:00,539.98,539.98,539.98,539.98,118.0,CHE
2023-06-14 10:14:00,539.725,539.725,539.725,539.725,103.0,CHE
2023-06-14 10:09:00,541.38,542.67,538.81,540.36,3111.0,CHE
2023-06-14 10:08:00,542.96,542.96,542.96,542.96,129.0,CHE
2023-06-14 10:04:00,541.31,541.42,541.305,541.305,346.0,CHE
2023-06-14 10:02:00,543.13,543.13,543.13,543.13,100.0,CHE
2023-06-14 09:59:00,542.59,542.59,542.59,542.59,125.0,CHE
2023-06-14 09:57:00,541.25,541.25,541.25,541.25,248.0,CHE
2023-06-14 09:56:00,543.665,543.665,540.02,543.665,1009.0,CHE
2023-06-14 09:30:00,540.98,540.98,540.98,540.98,378.0,CHE
2023-06-14 08:02:00,542.25,542.25,542.25,542.25,1.0,CHE
2023-06-13 19:00:00,542.25,542.25,542.25,542.25,7052.0,CHE
2023-06-13 18:30:00,542.25,542.25,542.25,542.25,7052.0,CHE
2023-06-13 16:55:00,542.25,542.25,542.25,542.25,578.0,CHE
2023-06-13 16:10:00,542.25,542.25,542.25,542.25,7052.0,CHE
2023-06-13 16:01:00,542.25,542.25,542.25,542.25,1062.0,CHE
2023-06-13 16:00:00,542.52,542.52,542.25,542.25,14666.0,CHE
2023-06-13 15:59:00,542.3,542.51,542.26,542.26,2766.0,CHE
2023-06-13 15:57:00,542.59,542.59,542.48,542.48,1146.0,CHE
2023-06-13 15:50:00,541.93,541.93,541.93,541.93,656.0,CHE
2023-06-13 15:31:00,541.44,541.44,541.44,541.44,209.0,CHE
2023-06-13 15:23:00,541.825,541.825,541.825,541.825,174.0,CHE
2023-06-13 15:18:00,541.265,541.265,541.265,541.265,1531.0,CHE
2023-06-13 15:17:00,541.64,542.55,541.64,542.31,2075.0,CHE
2023-06-13 15:02:00,540.92,540.92,540.92,540.92,124.0,CHE
2023-06-13 14:55:00,540.44,540.93,540.44,540.93,996.0,CHE
2023-06-13 14:54:00,541.52,541.52,539.18,539.18,1582.0,CHE
2023-06-13 14:51:00,540.09,540.09,540.09,540.09,183.0,CHE
2023-06-13 14:29:00,540.0,540.0,540.0,540.0,171.0,CHE
2023-06-13 14:28:00,540.275,540.43,540.275,540.43,1148.0,CHE
2023-06-13 14:26:00,540.895,540.895,540.31,540.31,1634.0,CHE
2023-06-13 14:25:00,541.92,541.92,541.92,541.92,208.0,CHE
2023-06-13 14:15:00,541.268,541.268,541.268,541.268,116.0,CHE
2023-06-13 14:12:00,541.1,541.1,541.1,541.1,105.0,CHE
2023-06-13 13:56:00,541.26,541.49,541.26,541.49,520.0,CHE
2023-06-13 13:46:00,541.72,542.21,541.72,542.21,602.0,CHE
2023-06-13 13:28:00,543.16,543.16,543.16,543.16,198.0,CHE
2023-06-13 13:16:00,542.96,542.96,542.96,542.96,102.0,CHE
2023-06-13 13:15:00,542.195,542.195,542.195,542.195,218.0,CHE
2023-06-13 13:09:00,541.66,541.66,541.66,541.66,156.0,CHE
2023-06-13 13:03:00,542.91,542.91,542.91,542.91,240.0,CHE
2023-06-13 12:55:00,542.115,542.115,542.115,542.115,115.0,CHE
2023-06-13 12:54:00,542.11,542.11,542.11,542.11,164.0,CHE
2023-06-13 12:48:00,542.77,542.77,542.77,542.77,110.0,CHE
2023-06-13 12:47:00,541.3,542.24,541.3,542.24,680.0,CHE
2023-06-13 12:46:00,541.76,541.76,541.76,541.76,158.0,CHE
2023-06-13 12:35:00,541.05,541.05,541.05,541.05,731.0,CHE
2023-06-13 12:32:00,540.535,541.06,540.535,541.06,303.0,CHE
2023-06-13 12:18:00,540.74,540.74,540.74,540.74,102.0,CHE
2023-06-13 12:13:00,539.85,540.025,539.85,540.025,597.0,CHE
2023-06-13 12:08:00,539.2,539.2,539.2,539.2,150.0,CHE
2023-06-13 12:07:00,539.26,539.26,539.2,539.2,295.0,CHE
2023-06-13 12:06:00,539.31,539.87,539.31,539.87,242.0,CHE
2023-06-13 11:55:00,538.99,539.01,538.99,539.01,204.0,CHE
2023-06-13 11:53:00,538.57,538.965,538.57,538.965,321.0,CHE
2023-06-13 11:52:00,539.215,539.215,538.65,539.193,903.0,CHE
2023-06-13 11:51:00,538.69,539.215,538.58,539.215,771.0,CHE
2023-06-13 11:40:00,538.835,538.835,538.835,538.835,111.0,CHE
2023-06-13 11:26:00,538.84,538.84,538.84,538.84,101.0,CHE
2023-06-13 11:19:00,539.63,539.63,539.63,539.63,326.0,CHE
2023-06-13 11:18:00,538.41,538.41,538.41,538.41,232.0,CHE
2023-06-13 10:56:00,538.76,538.76,538.76,538.76,232.0,CHE
2023-06-13 10:54:00,538.5,538.5,538.5,538.5,100.0,CHE
2023-06-13 10:52:00,539.38,539.38,539.38,539.38,411.0,CHE
2023-06-13 10:49:00,540.03,540.05,540.02,540.05,1094.0,CHE
2023-06-13 10:43:00,540.81,540.81,540.81,540.81,119.0,CHE
2023-06-13 10:36:00,540.92,540.92,540.92,540.92,101.0,CHE
2023-06-13 10:35:00,541.965,541.965,541.965,541.965,333.0,CHE
2023-06-13 10:30:00,542.17,542.17,542.17,542.17,128.0,CHE
2023-06-13 10:26:00,541.58,541.58,541.58,541.58,136.0,CHE
2023-06-13 10:22:00,541.32,541.32,541.32,541.32,101.0,CHE
2023-06-13 10:20:00,539.82,540.02,539.515,539.515,773.0,CHE
2023-06-13 10:17:00,539.15,539.15,539.15,539.15,147.0,CHE
2023-06-13 10:16:00,539.5,539.5,539.5,539.5,208.0,CHE
2023-06-13 10:14:00,538.59,538.59,538.59,538.59,103.0,CHE
2023-06-13 10:11:00,538.47,538.47,538.47,538.47,158.0,CHE
2023-06-13 10:09:00,536.94,536.94,535.49,535.49,1288.0,CHE
2023-06-13 10:07:00,535.44,535.44,535.0,535.0,326.0,CHE
2023-06-13 10:06:00,535.0,537.02,535.0,537.02,213.0,CHE
2023-06-13 10:03:00,535.43,535.43,535.43,535.43,130.0,CHE
2023-06-13 09:59:00,536.155,536.155,536.015,536.015,466.0,CHE
2023-06-13 09:57:00,536.01,536.01,535.22,535.22,250.0,CHE
2023-06-13 09:56:00,536.16,536.16,536.16,536.16,396.0,CHE
2023-06-13 09:54:00,538.95,538.95,538.95,538.95,103.0,CHE
2023-06-13 09:49:00,539.02,539.02,539.02,539.02,114.0,CHE
2023-06-13 09:48:00,538.05,538.69,538.05,538.69,209.0,CHE
2023-06-13 09:43:00,538.82,538.82,538.44,538.44,413.0,CHE
2023-06-13 09:39:00,538.11,538.11,538.11,538.11,100.0,CHE
2023-06-13 09:36:00,537.8,537.8,537.8,537.8,103.0,CHE
2023-06-13 09:34:00,537.8,537.8,537.8,537.8,100.0,CHE
2023-06-13 09:30:00,533.19,533.19,533.19,533.19,317.0,CHE
2023-06-13 09:08:00,524.87,524.87,524.87,524.87,2.0,CHE
2023-06-12 19:00:00,533.79,533.79,533.79,533.79,10837.0,CHE
2023-06-12 18:30:00,533.79,533.79,533.79,533.79,10837.0,CHE
2023-06-12 16:10:00,533.79,533.79,533.79,533.79,10837.0,CHE
2023-06-12 16:03:00,525.74,525.74,525.74,525.74,1.0,CHE
2023-06-12 16:01:00,533.79,533.79,533.79,533.79,955.0,CHE
2023-06-12 16:00:00,534.09,534.14,533.79,533.79,22083.0,CHE
2023-06-12 15:59:00,533.9,534.09,533.9,534.09,1745.0,CHE
2023-06-12 15:58:00,533.38,533.86,533.35,533.86,665.0,CHE
2023-06-12 15:57:00,533.85,533.85,533.85,533.85,739.0,CHE
2023-06-12 15:56:00,534.43,534.43,534.43,534.43,287.0,CHE
2023-06-12 15:55:00,534.43,534.43,534.19,534.19,1255.0,CHE
2023-06-12 15:54:00,534.69,534.94,534.44,534.55,1780.0,CHE
2023-06-12 15:51:00,534.95,534.95,534.95,534.95,297.0,CHE
2023-06-12 15:50:00,534.615,534.615,534.615,534.615,381.0,CHE
2023-06-12 15:48:00,533.495,533.495,533.495,533.495,342.0,CHE
2023-06-12 15:41:00,533.54,533.54,533.54,533.54,132.0,CHE
2023-06-12 15:40:00,532.91,532.91,532.91,532.91,162.0,CHE
2023-06-12 15:39:00,533.37,533.37,533.37,533.37,282.0,CHE
2023-06-12 15:31:00,533.15,533.15,533.15,533.15,443.0,CHE
2023-06-12 15:30:00,533.29,533.29,533.29,533.29,260.0,CHE
2023-06-12 15:25:00,533.675,533.675,533.675,533.675,268.0,CHE
2023-06-12 15:19:00,533.51,533.51,533.51,533.51,271.0,CHE
2023-06-12 15:10:00,534.345,534.345,533.86,534.11,714.0,CHE
2023-06-12 15:09:00,533.47,533.47,533.47,533.47,121.0,CHE
2023-06-12 15:04:00,533.465,533.465,533.465,533.465,124.0,CHE
2023-06-12 14:45:00,533.02,533.02,533.02,533.02,120.0,CHE
2023-06-12 14:24:00,532.71,532.71,532.71,532.71,586.0,CHE
2023-06-12 14:23:00,533.0,533.0,533.0,533.0,205.0,CHE
2023-06-12 14:20:00,532.75,532.75,532.75,532.75,130.0,CHE
2023-06-12 14:12:00,532.84,532.84,532.84,532.84,114.0,CHE
2023-06-12 13:57:00,532.465,532.465,532.465,532.465,122.0,CHE
2023-06-12 13:55:00,532.465,532.465,532.465,532.465,122.0,CHE
2023-06-12 13:45:00,532.67,532.67,532.015,532.015,267.0,CHE
2023-06-12 13:44:00,531.89,531.89,531.89,531.89,133.0,CHE
2023-06-12 13:42:00,531.89,531.89,531.89,531.89,115.0,CHE
2023-06-12 13:40:00,531.815,532.12,531.815,531.855,380.0,CHE
2023-06-12 13:39:00,532.19,532.19,532.19,532.19,106.0,CHE
2023-06-12 13:19:00,532.345,532.345,532.345,532.345,524.0,CHE
2023-06-12 13:04:00,532.75,532.75,532.75,532.75,494.0,CHE
2023-06-12 12:59:00,533.18,533.18,533.18,533.18,270.0,CHE
2023-06-12 12:49:00,533.225,533.225,533.225,533.225,224.0,CHE
2023-06-12 12:40:00,533.0,533.0,533.0,533.0,102.0,CHE
2023-06-12 12:38:00,533.178,533.178,533.178,533.178,132.0,CHE
2023-06-12 12:36:00,533.0,533.0,533.0,533.0,101.0,CHE
2023-06-12 12:24:00,533.05,533.05,533.05,533.05,125.0,CHE
2023-06-12 12:20:00,533.05,533.05,533.04,533.04,231.0,CHE
2023-06-12 12:18:00,533.0,533.0,533.0,533.0,142.0,CHE
2023-06-12 12:13:00,534.74,534.74,534.28,534.28,1100.0,CHE
2023-06-12 12:09:00,535.005,535.005,535.005,535.005,137.0,CHE
2023-06-12 12:06:00,535.11,535.11,535.11,535.11,1024.0,CHE
2023-06-12 11:59:00,535.12,535.12,534.4,534.4,566.0,CHE
2023-06-12 11:58:00,533.725,533.725,533.725,533.725,247.0,CHE
2023-06-12 11:57:00,532.905,534.32,532.905,533.49,2736.0,CHE
2023-06-12 11:54:00,533.0,533.0,533.0,533.0,103.0,CHE
2023-06-12 11:47:00,533.04,533.1,532.19,532.97,1494.0,CHE
2023-06-12 11:41:00,533.05,533.05,533.05,533.05,116.0,CHE
2023-06-12 11:36:00,533.14,533.14,533.14,533.14,232.0,CHE
2023-06-12 11:32:00,533.15,533.72,533.03,533.03,1335.0,CHE
2023-06-12 11:22:00,533.15,533.15,533.15,533.15,149.0,CHE
2023-06-12 11:17:00,533.06,533.06,533.06,533.06,235.0,CHE
2023-06-12 11:11:00,532.97,532.97,532.97,532.97,102.0,CHE
2023-06-12 11:09:00,533.465,533.465,533.465,533.465,109.0,CHE
2023-06-12 11:08:00,533.04,533.04,533.04,533.04,113.0,CHE
2023-06-12 11:07:00,532.93,533.81,532.93,533.81,520.0,CHE
2023-06-12 11:06:00,533.02,533.02,533.02,533.02,236.0,CHE
2023-06-12 11:05:00,533.07,533.17,533.07,533.07,377.0,CHE
2023-06-12 11:03:00,533.17,533.17,533.17,533.17,116.0,CHE
2023-06-12 11:02:00,533.165,533.355,533.01,533.01,427.0,CHE
2023-06-12 11:01:00,533.165,533.25,533.165,533.25,282.0,CHE
2023-06-12 11:00:00,533.35,533.35,533.35,533.35,153.0,CHE
2023-06-12 10:37:00,532.345,532.345,532.345,532.345,136.0,CHE
2023-06-12 10:36:00,532.68,532.71,532.345,532.345,1153.0,CHE
2023-06-12 10:34:00,533.0,533.08,532.76,533.08,828.0,CHE
2023-06-12 10:04:00,533.0,533.0,533.0,533.0,104.0,CHE
2023-06-12 10:02:00,533.0,533.0,533.0,533.0,250.0,CHE
2023-06-12 09:57:00,533.0,533.0,533.0,533.0,194.0,CHE
2023-06-12 09:56:00,533.0,533.0,533.0,533.0,465.0,CHE
2023-06-12 09:55:00,533.0,533.0,533.0,533.0,236.0,CHE
2023-06-12 09:51:00,533.0,533.0,533.0,533.0,121.0,CHE
2023-06-12 09:48:00,531.96,535.68,531.96,535.68,266.0,CHE
2023-06-12 09:47:00,533.0,533.0,533.0,533.0,121.0,CHE
2023-06-12 09:30:00,533.73,533.73,533.73,533.73,140.0,CHE
2023-06-09 19:00:00,533.14,533.14,533.14,533.14,8707.0,CHE
2023-06-09 18:30:00,533.14,533.14,533.14,533.14,8707.0,CHE
2023-06-09 16:15:00,533.14,533.14,533.14,533.14,148.0,CHE
2023-06-09 16:10:00,533.14,533.14,533.14,533.14,8707.0,CHE
2023-06-09 16:00:00,533.14,533.24,533.14,533.14,18036.0,CHE
2023-06-09 15:59:00,533.8,533.92,533.14,533.14,4400.0,CHE
2023-06-09 15:58:00,533.605,533.71,533.4,533.4,1940.0,CHE
2023-06-09 15:56:00,534.12,534.12,533.66,533.66,1938.0,CHE
2023-06-09 15:55:00,534.26,534.26,534.2,534.21,728.0,CHE
2023-06-09 15:54:00,533.955,534.3,533.955,534.105,1464.0,CHE
2023-06-09 15:53:00,534.26,534.26,533.95,533.955,375.0,CHE
2023-06-09 15:52:00,533.96,533.96,533.96,533.96,403.0,CHE
2023-06-09 15:51:00,534.18,534.25,533.9,533.965,3125.0,CHE
2023-06-09 15:50:00,534.12,534.22,533.95,533.95,1086.0,CHE
2023-06-09 15:49:00,533.84,533.86,533.55,533.59,1073.0,CHE
2023-06-09 15:46:00,533.57,533.73,533.57,533.73,265.0,CHE
2023-06-09 15:44:00,533.7,533.7,533.7,533.7,127.0,CHE
2023-06-09 15:39:00,532.9,532.9,532.9,532.9,1238.0,CHE
2023-06-09 15:37:00,532.38,532.45,532.265,532.278,961.0,CHE
2023-06-09 15:33:00,532.535,532.535,532.535,532.535,450.0,CHE
2023-06-09 15:28:00,532.615,532.615,532.615,532.615,328.0,CHE
2023-06-09 15:25:00,532.77,532.815,532.715,532.81,972.0,CHE
2023-06-09 15:23:00,533.565,533.565,533.565,533.565,243.0,CHE
2023-06-09 15:21:00,533.19,533.29,533.19,533.28,619.0,CHE
2023-06-09 15:15:00,533.625,533.625,533.625,533.625,135.0,CHE
2023-06-09 15:13:00,533.91,533.91,533.91,533.91,612.0,CHE
2023-06-09 15:12:00,533.33,533.33,533.33,533.33,234.0,CHE
2023-06-09 15:10:00,532.83,532.83,532.83,532.83,203.0,CHE
2023-06-09 15:09:00,532.88,532.88,532.88,532.88,213.0,CHE
2023-06-09 15:08:00,533.2,533.2,533.2,533.2,240.0,CHE
2023-06-09 15:06:00,533.03,533.78,532.59,532.59,1327.0,CHE
2023-06-09 15:02:00,532.9,533.16,532.46,533.16,1608.0,CHE
2023-06-09 15:01:00,532.02,532.02,532.02,532.02,267.0,CHE
2023-06-09 14:53:00,533.71,533.71,533.15,533.15,471.0,CHE
2023-06-09 14:49:00,533.92,533.97,533.225,533.225,366.0,CHE
2023-06-09 14:26:00,534.34,534.66,534.34,534.38,1232.0,CHE
2023-06-09 14:23:00,533.63,533.63,533.63,533.63,122.0,CHE
2023-06-09 14:20:00,533.49,533.49,533.49,533.49,122.0,CHE
2023-06-09 14:18:00,534.04,534.04,533.48,533.48,3964.0,CHE
2023-06-09 14:15:00,534.09,534.44,534.09,534.44,788.0,CHE
2023-06-09 14:14:00,533.18,533.18,532.64,532.64,352.0,CHE
2023-06-09 14:12:00,533.63,533.63,533.63,533.63,120.0,CHE
2023-06-09 14:06:00,534.0,534.0,534.0,534.0,271.0,CHE
2023-06-09 14:02:00,533.73,533.73,533.73,533.73,114.0,CHE
2023-06-09 13:49:00,533.735,533.735,533.735,533.735,111.0,CHE
2023-06-09 13:45:00,534.63,534.63,534.63,534.63,109.0,CHE
2023-06-09 13:38:00,532.91,533.555,532.91,533.525,1191.0,CHE
2023-06-09 13:31:00,531.66,531.66,531.66,531.66,109.0,CHE
2023-06-09 13:22:00,532.69,532.69,532.69,532.69,286.0,CHE
2023-06-09 13:15:00,532.505,532.505,532.505,532.505,180.0,CHE
2023-06-09 13:11:00,531.461,531.461,531.461,531.461,503.0,CHE
2023-06-09 13:10:00,531.93,531.94,531.82,531.94,674.0,CHE
2023-06-09 13:09:00,531.98,531.98,531.98,531.98,142.0,CHE
2023-06-09 12:46:00,535.31,535.31,535.31,535.31,655.0,CHE
2023-06-09 12:45:00,535.41,535.41,535.41,535.41,195.0,CHE
2023-06-09 12:32:00,535.635,535.635,535.42,535.628,1332.0,CHE
2023-06-09 12:30:00,535.38,535.38,535.38,535.38,118.0,CHE
2023-06-09 12:24:00,535.48,535.48,535.48,535.48,106.0,CHE
2023-06-09 12:21:00,535.56,535.67,535.56,535.67,596.0,CHE
2023-06-09 12:16:00,534.99,534.99,534.99,534.99,288.0,CHE
2023-06-09 12:04:00,534.11,534.11,534.11,534.11,192.0,CHE
2023-06-09 12:01:00,535.27,535.27,534.09,534.09,744.0,CHE
2023-06-09 11:59:00,535.553,535.553,535.523,535.523,433.0,CHE
2023-06-09 11:54:00,534.8,534.8,534.8,534.8,107.0,CHE
2023-06-09 11:52:00,535.855,535.86,535.855,535.86,681.0,CHE
2023-06-09 11:45:00,535.945,536.97,535.89,536.55,585.0,CHE
2023-06-09 11:37:00,535.35,536.09,535.35,536.09,613.0,CHE
2023-06-09 11:36:00,535.29,535.3,535.29,535.3,442.0,CHE
2023-06-09 11:35:00,534.91,535.2,534.91,535.2,1328.0,CHE
2023-06-09 11:33:00,535.44,535.44,534.85,534.85,1651.0,CHE
2023-06-09 11:31:00,535.46,535.46,535.46,535.46,114.0,CHE
2023-06-09 11:27:00,535.24,535.24,535.24,535.24,129.0,CHE
2023-06-09 11:26:00,535.295,535.295,535.295,535.295,263.0,CHE
2023-06-09 11:23:00,535.27,535.27,535.265,535.27,327.0,CHE
2023-06-09 11:20:00,535.415,535.575,535.415,535.575,678.0,CHE
2023-06-09 11:10:00,535.665,535.665,535.665,535.665,207.0,CHE
2023-06-09 10:59:00,537.16,537.16,537.16,537.16,238.0,CHE
2023-06-09 10:58:00,538.33,538.33,537.685,537.685,543.0,CHE
2023-06-09 10:57:00,538.41,538.41,538.41,538.41,205.0,CHE
2023-06-09 10:52:00,539.105,539.105,539.105,539.105,102.0,CHE
2023-06-09 10:51:00,539.73,539.73,539.73,539.73,216.0,CHE
2023-06-09 10:49:00,538.85,539.2,538.85,538.995,992.0,CHE
2023-06-09 10:48:00,539.0,539.0,539.0,539.0,262.0,CHE
2023-06-09 10:41:00,538.45,538.93,538.45,538.93,1888.0,CHE
2023-06-09 10:39:00,537.84,538.28,537.84,538.28,347.0,CHE
2023-06-09 10:37:00,538.455,538.455,538.19,538.19,779.0,CHE
2023-06-09 10:36:00,538.36,538.36,538.36,538.36,1132.0,CHE
2023-06-09 10:35:00,538.545,538.82,538.545,538.82,458.0,CHE
2023-06-09 10:32:00,538.62,538.93,538.62,538.93,383.0,CHE
2023-06-09 10:31:00,538.77,539.06,538.54,538.81,1541.0,CHE
2023-06-09 10:30:00,538.8,538.8,538.8,538.8,233.0,CHE
2023-06-09 10:29:00,537.67,537.67,537.67,537.67,105.0,CHE
2023-06-09 10:27:00,538.49,538.49,538.49,538.49,493.0,CHE
2023-06-09 10:26:00,538.23,538.23,538.23,538.23,262.0,CHE
2023-06-09 10:24:00,538.21,538.38,538.21,538.22,1171.0,CHE
2023-06-09 10:23:00,538.22,538.22,538.185,538.22,880.0,CHE
2023-06-09 10:20:00,538.28,538.28,538.28,538.28,381.0,CHE
2023-06-09 10:18:00,538.21,538.21,536.87,538.21,1699.0,CHE
2023-06-09 10:16:00,537.855,537.855,537.855,537.855,188.0,CHE
2023-06-09 10:13:00,537.69,537.69,537.69,537.69,103.0,CHE
2023-06-09 10:10:00,538.88,538.91,538.23,538.23,767.0,CHE
2023-06-09 10:09:00,538.34,538.98,537.845,537.86,2325.0,CHE
2023-06-09 10:08:00,537.695,537.695,537.695,537.695,303.0,CHE
2023-06-09 10:06:00,536.8,536.8,536.8,536.8,209.0,CHE
2023-06-09 10:05:00,537.16,537.16,537.16,537.16,162.0,CHE
2023-06-09 10:04:00,537.81,537.81,537.81,537.81,130.0,CHE
2023-06-09 10:02:00,537.58,538.155,536.7,537.47,2975.0,CHE
2023-06-09 10:00:00,537.185,537.185,537.18,537.18,206.0,CHE
2023-06-09 09:56:00,537.03,537.03,537.03,537.03,317.0,CHE
2023-06-09 09:51:00,536.4,536.4,536.4,536.4,108.0,CHE
2023-06-09 09:47:00,539.4,539.4,539.4,539.4,112.0,CHE
2023-06-09 09:39:00,541.01,541.01,541.01,541.01,544.0,CHE
2023-06-09 09:37:00,537.745,537.745,537.745,537.745,103.0,CHE
2023-06-09 09:35:00,537.305,537.305,537.305,537.305,189.0,CHE
2023-06-09 09:31:00,537.868,537.868,537.868,537.868,106.0,CHE
2023-06-09 09:30:00,538.69,538.69,538.285,538.285,5235.0,CHE
2023-06-08 19:00:00,540.48,540.48,540.48,540.48,6814.0,CHE
2023-06-08 18:30:00,540.48,540.48,540.48,540.48,6814.0,CHE
2023-06-08 16:10:00,540.48,540.48,540.48,540.48,6814.0,CHE
2023-06-08 16:00:00,541.19,541.19,540.48,540.48,21682.0,CHE
2023-06-08 15:59:00,541.02,541.19,540.45,541.19,6888.0,CHE
2023-06-08 15:58:00,540.63,540.86,540.63,540.86,1005.0,CHE
2023-06-08 15:57:00,540.97,540.97,540.635,540.635,1116.0,CHE
2023-06-08 15:56:00,541.44,541.44,541.44,541.44,457.0,CHE
2023-06-08 15:55:00,540.86,540.86,540.86,540.86,536.0,CHE
2023-06-08 15:53:00,541.535,541.535,540.54,540.99,797.0,CHE
2023-06-08 15:51:00,541.72,541.72,541.59,541.59,682.0,CHE
2023-06-08 15:46:00,542.863,542.863,542.863,542.863,193.0,CHE
2023-06-08 15:44:00,542.936,542.936,542.936,542.936,185.0,CHE
2023-06-08 15:43:00,541.578,541.578,541.578,541.578,213.0,CHE
2023-06-08 15:41:00,542.86,542.86,542.57,542.57,768.0,CHE
2023-06-08 15:33:00,542.705,542.705,542.705,542.705,162.0,CHE
2023-06-08 15:32:00,542.5,542.51,542.5,542.51,357.0,CHE
2023-06-08 15:24:00,541.67,541.67,541.67,541.67,302.0,CHE
2023-06-08 15:14:00,540.7,540.7,540.695,540.7,1049.0,CHE
2023-06-08 14:58:00,541.0,541.0,540.57,540.57,954.0,CHE
2023-06-08 14:57:00,541.0,541.0,541.0,541.0,1503.0,CHE
2023-06-08 14:51:00,540.85,540.85,540.85,540.85,134.0,CHE
2023-06-08 14:50:00,541.0,541.0,541.0,541.0,1029.0,CHE
2023-06-08 14:44:00,541.0,541.0,540.725,540.725,565.0,CHE
2023-06-08 14:43:00,541.0,541.0,541.0,541.0,104.0,CHE
2023-06-08 14:42:00,541.0,541.03,541.0,541.03,856.0,CHE
2023-06-08 14:41:00,541.0,541.0,541.0,541.0,182.0,CHE
2023-06-08 14:40:00,540.86,541.02,540.86,541.02,214.0,CHE
2023-06-08 14:37:00,540.35,540.35,540.35,540.35,140.0,CHE
2023-06-08 14:35:00,540.36,540.835,540.36,540.65,414.0,CHE
2023-06-08 14:30:00,540.945,540.945,540.945,540.945,365.0,CHE
2023-06-08 14:26:00,540.985,540.985,540.985,540.985,203.0,CHE
2023-06-08 14:20:00,541.0,541.0,541.0,541.0,922.0,CHE
2023-06-08 14:14:00,541.0,541.0,541.0,541.0,118.0,CHE
2023-06-08 14:12:00,541.55,541.8,541.515,541.515,665.0,CHE
2023-06-08 14:10:00,541.39,541.39,541.39,541.39,115.0,CHE
2023-06-08 14:04:00,541.1,541.1,541.1,541.1,200.0,CHE
2023-06-08 14:01:00,540.885,540.885,540.885,540.885,163.0,CHE
2023-06-08 13:54:00,541.08,541.08,540.37,540.37,782.0,CHE
2023-06-08 13:53:00,541.26,541.26,541.26,541.26,228.0,CHE
2023-06-08 13:39:00,541.0,541.0,541.0,541.0,111.0,CHE
2023-06-08 13:35:00,540.82,540.82,540.82,540.82,202.0,CHE
2023-06-08 13:34:00,541.0,541.0,540.985,540.985,536.0,CHE
2023-06-08 13:32:00,540.995,540.995,540.995,540.995,123.0,CHE
2023-06-08 13:09:00,543.44,543.44,543.44,543.44,159.0,CHE
2023-06-08 13:04:00,543.44,543.44,543.44,543.44,179.0,CHE
2023-06-08 12:55:00,543.46,543.46,543.46,543.46,107.0,CHE
2023-06-08 12:27:00,542.24,542.24,542.24,542.24,251.0,CHE
2023-06-08 12:25:00,542.84,542.84,541.73,541.73,362.0,CHE
2023-06-08 11:48:00,542.08,542.08,542.08,542.08,1163.0,CHE
2023-06-08 11:40:00,541.91,541.91,541.91,541.91,113.0,CHE
2023-06-08 11:11:00,541.27,541.27,541.27,541.27,383.0,CHE
2023-06-08 10:57:00,541.98,541.98,541.98,541.98,215.0,CHE
2023-06-08 10:52:00,543.42,543.42,543.42,543.42,164.0,CHE
2023-06-08 10:44:00,542.133,542.133,542.133,542.133,184.0,CHE
2023-06-08 10:42:00,543.14,543.14,542.85,542.85,214.0,CHE
2023-06-08 10:40:00,544.83,544.83,543.32,543.32,1620.0,CHE
2023-06-08 10:33:00,545.845,545.845,545.845,545.845,114.0,CHE
2023-06-08 10:11:00,547.65,547.65,547.65,547.65,253.0,CHE
2023-06-08 10:00:00,544.4,544.4,544.4,544.4,529.0,CHE
2023-06-08 09:30:00,540.74,540.74,540.73,540.74,1078.0,CHE
2023-06-07 19:00:00,542.21,542.21,542.21,542.21,10744.0,CHE
2023-06-07 18:30:00,542.21,542.21,542.21,542.21,10744.0,CHE
2023-06-07 16:51:00,542.21,542.21,542.21,542.21,39.0,CHE
2023-06-07 16:10:00,542.21,542.21,542.21,542.21,10744.0,CHE
2023-06-07 16:01:00,542.21,542.21,542.21,542.21,418.0,CHE
2023-06-07 16:00:00,542.22,542.22,541.75,542.21,21885.0,CHE
2023-06-07 15:59:00,541.29,542.31,541.29,542.22,3384.0,CHE
2023-06-07 15:55:00,540.93,541.42,540.92,541.42,3310.0,CHE
2023-06-07 15:53:00,541.39,541.39,541.39,541.39,321.0,CHE
2023-06-07 15:50:00,540.845,540.845,540.845,540.845,348.0,CHE
2023-06-07 15:48:00,540.845,540.845,540.845,540.845,306.0,CHE
2023-06-07 15:47:00,540.78,540.78,540.78,540.78,209.0,CHE
2023-06-07 15:46:00,540.63,541.0,540.63,541.0,614.0,CHE
2023-06-07 15:45:00,541.0,541.0,540.93,541.0,1234.0,CHE
2023-06-07 15:44:00,541.89,541.89,541.89,541.89,258.0,CHE
2023-06-07 15:43:00,541.0,541.0,541.0,541.0,120.0,CHE
2023-06-07 15:35:00,541.86,541.86,541.86,541.86,269.0,CHE
2023-06-07 15:28:00,540.455,540.455,540.455,540.455,224.0,CHE
2023-06-07 15:23:00,540.43,540.88,540.43,540.88,319.0,CHE
2023-06-07 15:08:00,540.79,540.9,540.79,540.9,1954.0,CHE
2023-06-07 15:01:00,538.89,538.89,538.89,538.89,198.0,CHE
2023-06-07 14:53:00,542.47,542.47,542.47,542.47,298.0,CHE
2023-06-07 14:50:00,542.11,542.11,542.11,542.11,601.0,CHE
2023-06-07 14:49:00,541.2,542.85,541.2,542.85,912.0,CHE
2023-06-07 14:43:00,540.58,540.58,540.58,540.58,132.0,CHE
2023-06-07 14:37:00,542.61,542.9,540.45,540.45,324.0,CHE
2023-06-07 14:11:00,541.92,541.92,541.91,541.92,893.0,CHE
2023-06-07 14:00:00,543.84,543.84,541.9,542.885,462.0,CHE
2023-06-07 13:54:00,543.09,543.09,543.09,543.09,102.0,CHE
2023-06-07 13:44:00,542.82,542.82,542.82,542.82,641.0,CHE
2023-06-07 13:29:00,543.69,543.69,543.69,543.69,107.0,CHE
2023-06-07 13:04:00,542.54,542.54,542.54,542.54,115.0,CHE
2023-06-07 13:03:00,543.81,543.81,542.85,542.85,208.0,CHE
2023-06-07 12:59:00,542.765,542.765,542.765,542.765,163.0,CHE
2023-06-07 12:50:00,542.705,542.705,542.705,542.705,141.0,CHE
2023-06-07 12:35:00,543.81,544.66,543.81,544.66,236.0,CHE
2023-06-07 12:31:00,543.213,544.54,543.213,544.54,1111.0,CHE
2023-06-07 12:23:00,542.1,542.1,542.1,542.1,127.0,CHE
2023-06-07 11:52:00,541.64,541.64,541.64,541.64,160.0,CHE
2023-06-07 11:40:00,542.63,542.63,542.63,542.63,212.0,CHE
2023-06-07 11:28:00,543.89,543.89,543.89,543.89,136.0,CHE
2023-06-07 11:27:00,542.54,542.54,542.54,542.54,133.0,CHE
2023-06-07 11:19:00,543.795,543.795,543.795,543.795,303.0,CHE
2023-06-07 11:18:00,544.02,544.02,544.02,544.02,148.0,CHE
2023-06-07 11:16:00,543.755,543.94,543.755,543.873,432.0,CHE
2023-06-07 11:06:00,544.51,544.51,544.51,544.51,299.0,CHE
2023-06-07 11:05:00,544.29,544.29,544.29,544.29,121.0,CHE
2023-06-07 10:56:00,543.645,543.645,543.645,543.645,151.0,CHE
2023-06-07 10:48:00,542.98,542.98,542.98,542.98,258.0,CHE
2023-06-07 10:45:00,544.79,545.92,544.79,545.2,1267.0,CHE
2023-06-07 10:41:00,543.44,543.44,543.44,543.44,111.0,CHE
2023-06-07 10:16:00,542.79,545.18,542.79,545.18,250.0,CHE
2023-06-07 10:12:00,543.02,543.02,543.02,543.02,102.0,CHE
2023-06-07 09:48:00,546.32,546.32,546.32,546.32,166.0,CHE
2023-06-07 09:37:00,546.32,546.32,546.32,546.32,102.0,CHE
2023-06-07 09:30:00,544.05,544.05,544.05,544.05,108.0,CHE
2023-06-07 08:02:00,542.25,542.25,542.25,542.25,1.0,CHE
2023-06-06 19:00:00,542.25,542.25,542.25,542.25,6840.0,CHE
2023-06-06 18:30:00,542.25,542.25,542.25,542.25,6840.0,CHE
2023-06-06 16:21:00,542.315,542.315,542.315,542.315,7.0,CHE
2023-06-06 16:10:00,542.25,542.25,542.25,542.25,6840.0,CHE
2023-06-06 16:09:00,542.25,542.25,542.25,542.25,4.0,CHE
2023-06-06 16:03:00,534.3,534.3,534.3,534.3,1.0,CHE
2023-06-06 16:00:00,542.26,542.26,542.175,542.25,15392.0,CHE
2023-06-06 15:59:00,542.27,542.715,541.61,542.25,2476.0,CHE
2023-06-06 15:58:00,542.87,542.87,542.48,542.55,3093.0,CHE
2023-06-06 15:57:00,541.995,542.77,541.995,542.77,1375.0,CHE
2023-06-06 15:56:00,542.42,542.5,541.995,541.995,863.0,CHE
2023-06-06 15:55:00,542.45,542.45,542.02,542.07,929.0,CHE
2023-06-06 15:54:00,541.6,542.09,541.6,542.09,699.0,CHE
2023-06-06 15:53:00,542.13,542.13,542.13,542.13,424.0,CHE
2023-06-06 15:52:00,541.845,542.57,541.845,542.57,667.0,CHE
2023-06-06 15:51:00,541.555,541.555,541.555,541.555,705.0,CHE
2023-06-06 15:50:00,541.545,541.545,541.545,541.545,195.0,CHE
2023-06-06 15:49:00,542.2,542.2,542.2,542.2,151.0,CHE
2023-06-06 15:48:00,541.615,542.26,541.615,541.615,472.0,CHE
2023-06-06 15:47:00,542.44,542.44,541.2,542.045,345.0,CHE
2023-06-06 15:46:00,541.67,541.67,541.67,541.67,141.0,CHE
2023-06-06 15:45:00,541.785,541.785,541.05,541.05,314.0,CHE
2023-06-06 15:44:00,542.67,542.67,542.67,542.67,243.0,CHE
2023-06-06 15:43:00,542.0,542.84,542.0,542.84,1235.0,CHE
2023-06-06 15:41:00,541.79,541.79,541.79,541.79,260.0,CHE
2023-06-06 15:40:00,541.06,541.91,541.06,541.06,547.0,CHE
2023-06-06 15:39:00,541.0,541.0,541.0,541.0,358.0,CHE
2023-06-06 15:38:00,541.0,541.0,541.0,541.0,230.0,CHE
2023-06-06 15:37:00,542.0,542.0,541.0,541.94,414.0,CHE
2023-06-06 15:36:00,541.0,541.0,541.0,541.0,165.0,CHE
2023-06-06 15:25:00,541.53,541.53,541.53,541.53,306.0,CHE
2023-06-06 15:24:00,540.0,540.34,540.0,540.34,938.0,CHE
2023-06-06 15:22:00,540.72,540.72,540.72,540.72,166.0,CHE
2023-06-06 15:19:00,540.44,540.44,539.42,539.42,548.0,CHE
2023-06-06 15:10:00,541.57,541.57,541.57,541.57,125.0,CHE
2023-06-06 15:09:00,540.35,540.35,540.35,540.35,119.0,CHE
2023-06-06 15:03:00,540.0,540.0,540.0,540.0,915.0,CHE
2023-06-06 15:02:00,539.91,540.0,539.91,540.0,1099.0,CHE
2023-06-06 14:59:00,539.25,539.25,539.25,539.25,1075.0,CHE
2023-06-06 14:57:00,539.87,539.87,539.87,539.87,270.0,CHE
2023-06-06 14:56:00,539.095,539.095,539.095,539.095,1632.0,CHE
2023-06-06 14:54:00,539.01,539.01,539.01,539.01,1162.0,CHE
2023-06-06 14:49:00,538.92,538.92,538.92,538.92,1193.0,CHE
2023-06-06 14:33:00,538.91,538.91,538.91,538.91,108.0,CHE
2023-06-06 14:21:00,538.95,538.95,538.95,538.95,172.0,CHE
2023-06-06 14:19:00,538.99,538.99,538.25,538.25,628.0,CHE
2023-06-06 14:18:00,538.4,538.645,538.04,538.645,1647.0,CHE
2023-06-06 14:13:00,538.18,538.18,538.18,538.18,239.0,CHE
2023-06-06 13:58:00,536.27,537.76,536.27,537.76,2398.0,CHE
2023-06-06 13:57:00,536.27,536.94,536.27,536.94,2052.0,CHE
2023-06-06 13:56:00,536.8,536.8,536.8,536.8,177.0,CHE
2023-06-06 13:55:00,536.265,536.265,536.265,536.265,117.0,CHE
2023-06-06 13:54:00,536.27,536.27,536.27,536.27,639.0,CHE
2023-06-06 13:53:00,535.95,536.27,535.95,536.27,786.0,CHE
2023-06-06 13:49:00,536.23,536.23,536.23,536.23,128.0,CHE
2023-06-06 13:48:00,536.27,536.27,536.27,536.27,170.0,CHE
2023-06-06 13:44:00,536.78,536.78,536.78,536.78,116.0,CHE
2023-06-06 13:43:00,536.61,536.61,536.61,536.61,127.0,CHE
2023-06-06 13:20:00,537.87,538.2,537.74,538.2,1049.0,CHE
2023-06-06 13:10:00,539.15,539.15,539.15,539.15,248.0,CHE
2023-06-06 12:38:00,539.61,539.61,539.61,539.61,323.0,CHE
2023-06-06 12:37:00,539.61,539.61,539.61,539.61,206.0,CHE
2023-06-06 12:29:00,539.63,539.63,539.63,539.63,166.0,CHE
2023-06-06 12:24:00,540.02,540.02,540.02,540.02,149.0,CHE
2023-06-06 12:22:00,539.86,539.86,539.86,539.86,203.0,CHE
2023-06-06 12:19:00,539.58,539.965,539.58,539.965,605.0,CHE
2023-06-06 12:16:00,540.0,540.0,540.0,540.0,117.0,CHE
2023-06-06 12:09:00,540.785,540.785,540.785,540.785,121.0,CHE
2023-06-06 12:00:00,541.193,541.193,541.193,541.193,126.0,CHE
2023-06-06 11:44:00,541.147,541.147,541.147,541.147,547.0,CHE
2023-06-06 11:33:00,540.84,540.84,540.84,540.84,5234.0,CHE
2023-06-06 11:32:00,540.74,540.74,540.74,540.74,5020.0,CHE
2023-06-06 11:13:00,540.57,540.57,540.57,540.57,544.0,CHE
2023-06-06 11:12:00,540.6,541.33,540.6,540.7,1954.0,CHE
2023-06-06 11:11:00,541.58,541.59,541.5,541.59,1229.0,CHE
2023-06-06 11:09:00,541.29,541.29,541.29,541.29,476.0,CHE
2023-06-06 11:08:00,541.09,541.09,541.09,541.09,121.0,CHE
2023-06-06 11:05:00,541.0,541.0,541.0,541.0,1294.0,CHE
2023-06-06 11:04:00,540.72,540.72,540.26,540.26,1962.0,CHE
2023-06-06 11:03:00,540.01,540.66,540.01,540.66,491.0,CHE
2023-06-06 10:58:00,539.185,539.185,539.185,539.185,507.0,CHE
2023-06-06 10:56:00,539.23,539.23,539.23,539.23,103.0,CHE
2023-06-06 10:45:00,538.82,538.82,538.82,538.82,330.0,CHE
2023-06-06 10:40:00,538.095,538.095,538.095,538.095,218.0,CHE
2023-06-06 10:39:00,537.86,537.86,537.86,537.86,187.0,CHE
2023-06-06 10:38:00,538.77,538.77,538.77,538.77,146.0,CHE
2023-06-06 10:29:00,538.89,538.89,538.89,538.89,150.0,CHE
2023-06-06 10:23:00,541.0,541.0,540.505,540.505,2444.0,CHE
2023-06-06 10:22:00,541.8,541.8,541.28,541.28,363.0,CHE
2023-06-06 10:18:00,540.725,541.94,540.725,541.087,909.0,CHE
2023-06-06 10:17:00,540.725,540.725,540.725,540.725,129.0,CHE
2023-06-06 10:16:00,540.685,540.685,540.685,540.685,717.0,CHE
2023-06-06 10:14:00,541.0,541.0,539.43,540.69,2466.0,CHE
2023-06-06 10:13:00,541.47,541.47,541.0,541.0,6004.0,CHE
2023-06-06 10:12:00,542.734,542.734,541.955,541.955,687.0,CHE
2023-06-06 10:11:00,542.025,542.025,542.025,542.025,159.0,CHE
2023-06-06 10:08:00,541.495,541.495,541.495,541.495,111.0,CHE
2023-06-06 10:07:00,541.515,542.255,541.515,542.255,202.0,CHE
2023-06-06 10:06:00,542.255,542.255,542.255,542.255,307.0,CHE
2023-06-06 10:05:00,541.47,541.47,541.47,541.47,156.0,CHE
2023-06-06 09:55:00,542.59,542.59,542.59,542.59,138.0,CHE
2023-06-06 09:37:00,539.22,539.22,539.22,539.22,430.0,CHE
2023-06-06 09:36:00,540.465,540.465,540.465,540.465,1436.0,CHE
2023-06-06 09:34:00,536.93,536.93,536.93,536.93,662.0,CHE
2023-06-06 09:30:00,543.5,543.5,543.5,543.5,179.0,CHE
2023-06-05 19:00:00,543.52,543.52,543.52,543.52,6700.0,CHE
2023-06-05 18:30:00,543.52,543.52,543.52,543.52,6700.0,CHE
2023-06-05 16:10:00,543.52,543.52,543.52,543.52,6700.0,CHE
2023-06-05 16:03:00,536.68,536.68,536.68,536.68,1.0,CHE
2023-06-05 16:00:00,543.52,543.52,542.72,543.52,13927.0,CHE
2023-06-05 15:59:00,542.02,543.5,541.95,542.72,3788.0,CHE
2023-06-05 15:58:00,542.77,542.77,542.77,542.77,535.0,CHE
2023-06-05 15:57:00,541.94,542.8,541.94,542.75,1773.0,CHE
2023-06-05 15:56:00,543.12,543.12,542.92,542.92,1047.0,CHE
2023-06-05 15:55:00,543.425,543.425,543.425,543.425,186.0,CHE
2023-06-05 15:54:00,543.425,543.495,543.08,543.495,650.0,CHE
2023-06-05 15:53:00,543.425,543.425,543.425,543.425,448.0,CHE
2023-06-05 15:50:00,543.0,543.56,543.0,543.56,1295.0,CHE
2023-06-05 15:49:00,543.74,543.77,543.025,543.77,1521.0,CHE
2023-06-05 15:45:00,542.98,543.04,542.58,542.58,3594.0,CHE
2023-06-05 15:44:00,543.278,543.285,543.278,543.285,288.0,CHE
2023-06-05 15:42:00,543.285,543.41,543.24,543.24,566.0,CHE
2023-06-05 15:39:00,543.04,543.293,543.04,543.292,313.0,CHE
2023-06-05 15:38:00,543.13,543.23,543.13,543.23,1233.0,CHE
2023-06-05 15:37:00,543.3,543.52,543.3,543.52,364.0,CHE
2023-06-05 15:35:00,543.375,543.375,543.375,543.375,111.0,CHE
2023-06-05 15:34:00,543.17,543.17,543.17,543.17,157.0,CHE
2023-06-05 15:31:00,542.465,543.91,542.465,543.22,1301.0,CHE
2023-06-05 15:30:00,542.395,542.395,542.395,542.395,178.0,CHE
2023-06-05 15:29:00,542.325,542.87,541.81,542.395,1200.0,CHE
2023-06-05 15:28:00,542.55,542.55,542.55,542.55,160.0,CHE
2023-06-05 15:27:00,542.02,542.325,542.02,542.325,470.0,CHE
2023-06-05 15:24:00,542.0,542.139,541.731,542.139,541.0,CHE
2023-06-05 15:21:00,542.17,542.22,541.735,541.735,925.0,CHE
2023-06-05 15:20:00,543.22,543.225,543.22,543.225,456.0,CHE
2023-06-05 15:19:00,543.445,543.45,543.38,543.38,907.0,CHE
2023-06-05 15:18:00,543.38,543.445,543.38,543.445,252.0,CHE
2023-06-05 15:17:00,543.91,543.91,543.415,543.415,1162.0,CHE
2023-06-05 15:16:00,543.97,544.5,543.74,544.5,642.0,CHE
2023-06-05 15:14:00,544.485,544.485,544.485,544.485,109.0,CHE
2023-06-05 15:13:00,544.51,544.515,544.51,544.515,210.0,CHE
2023-06-05 15:10:00,543.86,544.81,543.86,544.81,1256.0,CHE
2023-06-05 15:09:00,544.72,544.72,544.09,544.09,847.0,CHE
2023-06-05 15:05:00,544.21,544.21,544.21,544.21,116.0,CHE
2023-06-05 15:01:00,544.89,544.89,544.89,544.89,203.0,CHE
2023-06-05 14:57:00,544.91,544.91,544.91,544.91,392.0,CHE
2023-06-05 14:56:00,545.0,545.0,545.0,545.0,146.0,CHE
2023-06-05 14:55:00,545.17,545.17,545.0,545.165,641.0,CHE
2023-06-05 14:49:00,545.61,545.61,545.61,545.61,247.0,CHE
2023-06-05 14:48:00,544.74,545.0,544.74,545.0,338.0,CHE
2023-06-05 14:45:00,544.7,544.7,544.7,544.7,154.0,CHE
2023-06-05 14:36:00,544.92,544.92,544.92,544.92,122.0,CHE
2023-06-05 14:33:00,545.13,545.13,545.13,545.13,164.0,CHE
2023-06-05 14:29:00,545.13,545.13,545.13,545.13,103.0,CHE
2023-06-05 14:25:00,545.13,545.13,545.13,545.13,101.0,CHE
2023-06-05 14:22:00,545.0,545.23,545.0,545.23,216.0,CHE
2023-06-05 14:18:00,545.15,545.17,545.0,545.0,1471.0,CHE
2023-06-05 14:14:00,545.0,545.0,545.0,545.0,121.0,CHE
2023-06-05 14:11:00,544.79,544.79,544.79,544.79,100.0,CHE
2023-06-05 14:06:00,545.26,545.26,545.26,545.26,106.0,CHE
2023-06-05 13:59:00,545.38,545.38,545.05,545.05,1506.0,CHE
2023-06-05 13:54:00,545.2,545.255,545.2,545.255,464.0,CHE
2023-06-05 13:53:00,545.51,545.51,545.51,545.51,135.0,CHE
2023-06-05 13:50:00,545.02,545.385,545.0,545.385,380.0,CHE
2023-06-05 13:46:00,545.08,545.08,545.02,545.02,768.0,CHE
2023-06-05 13:41:00,545.75,545.75,545.75,545.75,115.0,CHE
2023-06-05 13:40:00,545.18,545.18,545.18,545.18,109.0,CHE
2023-06-05 13:26:00,545.22,545.22,545.22,545.22,102.0,CHE
2023-06-05 13:15:00,545.0,545.0,544.85,544.85,338.0,CHE
2023-06-05 13:13:00,545.38,545.44,545.33,545.33,606.0,CHE
2023-06-05 13:01:00,545.29,545.69,545.16,545.16,590.0,CHE
2023-06-05 12:56:00,545.92,545.92,545.72,545.72,525.0,CHE
2023-06-05 12:53:00,545.78,545.78,545.78,545.78,108.0,CHE
2023-06-05 12:49:00,545.42,545.42,545.42,545.42,104.0,CHE
2023-06-05 12:43:00,545.13,545.13,545.13,545.13,225.0,CHE
2023-06-05 12:37:00,545.51,545.51,545.51,545.51,211.0,CHE
2023-06-05 12:32:00,546.11,546.11,546.11,546.11,132.0,CHE
2023-06-05 12:30:00,546.125,546.5,545.52,546.11,3429.0,CHE
2023-06-05 12:23:00,546.08,546.08,546.08,546.08,415.0,CHE
2023-06-05 12:22:00,545.36,545.36,545.01,545.01,484.0,CHE
2023-06-05 12:17:00,545.75,545.75,545.75,545.75,100.0,CHE
2023-06-05 12:16:00,545.58,545.58,545.58,545.58,523.0,CHE
2023-06-05 12:15:00,545.785,545.785,545.785,545.785,185.0,CHE
2023-06-05 12:14:00,546.5,546.5,545.785,545.785,863.0,CHE
2023-06-05 12:12:00,545.905,546.005,545.9,545.9,1219.0,CHE
2023-06-05 12:11:00,545.86,545.86,545.86,545.86,132.0,CHE
2023-06-05 12:10:00,545.78,545.78,545.78,545.78,455.0,CHE
2023-06-05 12:07:00,545.31,545.31,545.31,545.31,115.0,CHE
2023-06-05 12:03:00,545.715,545.715,545.715,545.715,161.0,CHE
2023-06-05 11:58:00,545.66,545.66,545.26,545.26,304.0,CHE
2023-06-05 11:57:00,545.25,545.25,545.25,545.25,119.0,CHE
2023-06-05 11:53:00,545.405,545.405,545.405,545.405,107.0,CHE
2023-06-05 11:50:00,545.74,545.74,545.74,545.74,143.0,CHE
2023-06-05 11:49:00,545.2,545.2,545.2,545.2,146.0,CHE
2023-06-05 11:45:00,545.28,545.38,545.15,545.38,967.0,CHE
2023-06-05 11:38:00,545.22,545.385,545.22,545.385,263.0,CHE
2023-06-05 11:33:00,546.2,546.4,545.055,545.055,719.0,CHE
2023-06-05 11:22:00,546.05,546.05,546.0,546.0,774.0,CHE
2023-06-05 11:16:00,545.74,545.74,545.74,545.74,108.0,CHE
2023-06-05 11:15:00,545.99,546.07,545.99,546.0,713.0,CHE
2023-06-05 11:08:00,544.295,544.295,544.295,544.295,332.0,CHE
2023-06-05 11:06:00,544.65,544.65,544.65,544.65,274.0,CHE
2023-06-05 11:05:00,544.63,544.63,544.63,544.63,203.0,CHE
2023-06-05 10:57:00,543.98,543.98,543.98,543.98,163.0,CHE
2023-06-05 10:56:00,544.11,544.11,544.11,544.11,166.0,CHE
2023-06-05 10:54:00,545.12,545.12,545.12,545.12,155.0,CHE
2023-06-05 10:50:00,544.505,544.99,544.36,544.36,944.0,CHE
2023-06-05 10:49:00,545.86,545.86,545.86,545.86,133.0,CHE
2023-06-05 10:45:00,546.86,546.86,546.86,546.86,336.0,CHE
2023-06-05 10:41:00,546.63,546.63,546.63,546.63,177.0,CHE
2023-06-05 10:38:00,545.77,545.77,545.77,545.77,628.0,CHE
2023-06-05 10:33:00,545.95,545.95,545.95,545.95,211.0,CHE
2023-06-05 10:30:00,544.62,544.62,544.62,544.62,110.0,CHE
2023-06-05 10:27:00,545.26,545.26,545.26,545.26,141.0,CHE
2023-06-05 10:26:00,545.54,545.54,545.11,545.11,522.0,CHE
2023-06-05 10:16:00,546.35,546.35,546.35,546.35,245.0,CHE
2023-06-05 10:15:00,546.38,546.38,546.38,546.38,152.0,CHE
2023-06-05 10:11:00,546.15,546.15,546.15,546.15,269.0,CHE
2023-06-05 10:09:00,547.5,547.5,547.5,547.5,147.0,CHE
2023-06-05 10:08:00,548.33,548.33,548.33,548.33,123.0,CHE
2023-06-05 10:03:00,547.3,547.3,547.19,547.19,362.0,CHE
2023-06-05 10:02:00,548.11,548.11,548.11,548.11,111.0,CHE
2023-06-05 10:01:00,547.15,547.15,547.15,547.15,681.0,CHE
2023-06-05 10:00:00,546.05,546.05,546.05,546.05,150.0,CHE
2023-06-05 09:56:00,544.01,544.96,544.01,544.102,429.0,CHE
2023-06-05 09:51:00,545.15,545.15,545.15,545.15,487.0,CHE
2023-06-05 09:44:00,546.86,546.86,546.86,546.86,141.0,CHE
2023-06-05 09:42:00,545.83,545.83,545.83,545.83,244.0,CHE
2023-06-05 09:41:00,546.09,546.09,546.09,546.09,100.0,CHE
2023-06-05 09:38:00,545.43,545.44,545.43,545.44,341.0,CHE
2023-06-05 09:33:00,547.12,547.12,547.07,547.07,221.0,CHE
2023-06-05 09:29:00,542.01,542.01,539.74,542.0,1398.0,CHE
2023-06-02 19:00:00,542.7,542.7,542.7,542.7,10842.0,CHE
2023-06-02 18:30:00,542.7,542.7,542.7,542.7,10842.0,CHE
2023-06-02 16:16:00,542.7,542.7,542.7,542.7,47.0,CHE
2023-06-02 16:10:00,542.7,542.7,542.7,542.7,10842.0,CHE
2023-06-02 16:07:00,542.7,542.7,542.7,542.7,130.0,CHE
2023-06-02 16:02:00,531.86,531.86,531.86,531.86,1.0,CHE
2023-06-02 16:01:00,542.7,542.7,542.699,542.699,1784.0,CHE
2023-06-02 16:00:00,542.69,542.7,542.41,542.7,22481.0,CHE
2023-06-02 15:59:00,541.535,542.69,541.535,542.69,5509.0,CHE
2023-06-02 15:58:00,542.05,542.05,541.325,541.735,784.0,CHE
2023-06-02 15:57:00,541.51,542.28,541.05,541.075,1225.0,CHE
2023-06-02 15:56:00,541.24,541.24,541.03,541.03,370.0,CHE
2023-06-02 15:55:00,542.088,542.088,541.62,541.62,896.0,CHE
2023-06-02 15:53:00,542.09,542.09,542.09,542.09,385.0,CHE
2023-06-02 15:51:00,542.81,542.81,542.81,542.81,165.0,CHE
2023-06-02 15:50:00,543.43,543.43,543.43,543.43,621.0,CHE
2023-06-02 15:46:00,543.42,543.42,543.42,543.42,273.0,CHE
2023-06-02 15:45:00,543.42,543.42,543.42,543.42,194.0,CHE
2023-06-02 15:43:00,543.375,543.375,543.375,543.375,252.0,CHE
2023-06-02 15:42:00,543.375,543.375,543.375,543.375,119.0,CHE
2023-06-02 15:40:00,542.87,543.42,542.755,543.42,1236.0,CHE
2023-06-02 15:39:00,542.76,542.76,542.76,542.76,436.0,CHE
2023-06-02 15:36:00,543.37,543.37,543.37,543.37,851.0,CHE
2023-06-02 15:32:00,543.67,543.67,543.67,543.67,109.0,CHE
2023-06-02 15:29:00,543.79,543.79,543.79,543.79,713.0,CHE
2023-06-02 15:25:00,543.65,543.795,543.65,543.795,993.0,CHE
2023-06-02 15:24:00,543.53,543.53,543.53,543.53,187.0,CHE
2023-06-02 15:20:00,543.29,543.29,543.29,543.29,260.0,CHE
2023-06-02 15:11:00,542.85,543.03,542.85,543.03,455.0,CHE
2023-06-02 15:10:00,542.53,542.53,542.53,542.53,145.0,CHE
2023-06-02 15:03:00,542.85,542.85,542.85,542.85,182.0,CHE
2023-06-02 14:55:00,542.21,542.21,542.21,542.21,168.0,CHE
2023-06-02 14:53:00,542.12,542.12,542.12,542.12,119.0,CHE
2023-06-02 14:50:00,541.99,541.99,541.99,541.99,141.0,CHE
2023-06-02 14:44:00,542.43,542.43,542.43,542.43,102.0,CHE
2023-06-02 14:41:00,543.66,543.66,543.66,543.66,386.0,CHE
2023-06-02 14:38:00,543.685,543.685,543.685,543.685,120.0,CHE
2023-06-02 14:37:00,543.145,543.73,543.145,543.73,982.0,CHE
2023-06-02 14:36:00,542.04,542.04,542.04,542.04,175.0,CHE
2023-06-02 14:30:00,542.45,542.45,542.45,542.45,230.0,CHE
2023-06-02 14:22:00,542.66,542.66,542.66,542.66,115.0,CHE
2023-06-02 14:16:00,542.06,542.06,542.06,542.06,232.0,CHE
2023-06-02 14:07:00,542.69,542.69,542.69,542.69,121.0,CHE
2023-06-02 14:06:00,542.32,542.32,542.32,542.32,102.0,CHE
2023-06-02 14:03:00,543.24,543.24,542.425,542.425,233.0,CHE
2023-06-02 14:02:00,543.2,543.25,542.86,542.86,427.0,CHE
2023-06-02 13:59:00,542.57,543.2,542.57,543.2,305.0,CHE
2023-06-02 13:51:00,541.84,541.84,541.84,541.84,306.0,CHE
2023-06-02 13:50:00,542.02,542.02,542.02,542.02,118.0,CHE
2023-06-02 13:48:00,542.0,542.0,542.0,542.0,109.0,CHE
2023-06-02 13:47:00,541.3,541.7,541.3,541.7,521.0,CHE
2023-06-02 13:46:00,541.09,541.18,541.09,541.18,206.0,CHE
2023-06-02 13:43:00,540.81,540.81,540.76,540.76,631.0,CHE
2023-06-02 13:42:00,541.53,541.53,540.99,540.99,459.0,CHE
2023-06-02 13:38:00,540.729,540.729,540.729,540.728,543.0,CHE
2023-06-02 13:36:00,540.88,540.88,540.88,540.88,100.0,CHE
2023-06-02 13:32:00,541.05,541.05,541.05,541.05,131.0,CHE
2023-06-02 13:30:00,540.4,540.4,540.4,540.4,113.0,CHE
2023-06-02 13:29:00,540.342,540.342,540.342,540.342,108.0,CHE
2023-06-02 13:27:00,540.5,540.5,540.32,540.32,412.0,CHE
2023-06-02 13:26:00,539.785,539.785,539.785,539.785,646.0,CHE
2023-06-02 13:25:00,539.95,540.02,539.74,540.02,1581.0,CHE
2023-06-02 13:23:00,540.0,540.0,540.0,540.0,302.0,CHE
2023-06-02 13:21:00,540.26,540.26,540.26,540.26,445.0,CHE
2023-06-02 13:16:00,539.83,539.83,539.83,539.83,118.0,CHE
2023-06-02 13:12:00,540.1,540.1,540.1,540.1,326.0,CHE
2023-06-02 13:11:00,540.26,540.26,539.65,540.1,1102.0,CHE
2023-06-02 13:10:00,541.48,541.48,540.41,540.785,1073.0,CHE
2023-06-02 12:57:00,540.59,540.77,540.59,540.77,651.0,CHE
2023-06-02 12:56:00,540.5,540.5,540.48,540.48,443.0,CHE
2023-06-02 12:54:00,540.95,540.95,540.95,540.95,104.0,CHE
2023-06-02 12:53:00,541.05,541.05,540.64,540.64,1204.0,CHE
2023-06-02 12:45:00,541.115,541.115,541.115,541.115,495.0,CHE
2023-06-02 12:37:00,540.58,540.58,540.58,540.58,126.0,CHE
2023-06-02 12:31:00,539.955,539.955,539.955,539.955,224.0,CHE
2023-06-02 12:28:00,539.895,539.895,539.895,539.895,123.0,CHE
2023-06-02 12:23:00,539.82,539.82,539.82,539.82,122.0,CHE
2023-06-02 12:19:00,539.46,539.8,539.455,539.8,780.0,CHE
2023-06-02 12:15:00,538.8,539.49,538.8,539.49,262.0,CHE
2023-06-02 12:11:00,539.55,539.55,539.55,539.55,165.0,CHE
2023-06-02 12:02:00,539.66,539.66,539.66,539.66,116.0,CHE
2023-06-02 12:01:00,539.63,539.63,539.63,539.63,115.0,CHE
2023-06-02 11:59:00,540.0,540.0,539.523,539.522,1236.0,CHE
2023-06-02 11:56:00,540.04,540.04,539.82,539.82,361.0,CHE
2023-06-02 11:54:00,539.41,539.42,539.03,539.03,712.0,CHE
2023-06-02 11:53:00,538.93,538.93,538.93,538.93,335.0,CHE
2023-06-02 11:52:00,538.17,538.17,538.17,538.17,123.0,CHE
2023-06-02 11:49:00,538.71,538.71,538.71,538.71,105.0,CHE
2023-06-02 11:37:00,537.39,538.38,537.34,538.38,645.0,CHE
2023-06-02 11:36:00,537.04,537.19,537.04,537.19,240.0,CHE
2023-06-02 11:29:00,536.375,536.375,536.375,536.375,111.0,CHE
2023-06-02 11:27:00,536.36,536.36,536.36,536.36,5395.0,CHE
2023-06-02 11:16:00,535.91,535.91,535.91,535.91,1739.0,CHE
2023-06-02 11:13:00,535.92,535.92,535.92,535.92,119.0,CHE
2023-06-02 11:11:00,535.715,535.715,535.715,535.715,251.0,CHE
2023-06-02 11:08:00,535.755,535.755,535.755,535.755,278.0,CHE
2023-06-02 11:01:00,535.53,535.53,535.525,535.525,399.0,CHE
2023-06-02 10:56:00,535.82,535.82,535.82,535.82,137.0,CHE
2023-06-02 10:47:00,534.46,534.46,534.46,534.46,134.0,CHE
2023-06-02 10:39:00,535.2,535.2,535.2,535.2,106.0,CHE
2023-06-02 10:37:00,534.72,534.72,534.72,534.72,301.0,CHE
2023-06-02 10:36:00,535.28,535.28,535.28,535.28,258.0,CHE
2023-06-02 10:35:00,534.72,534.72,534.72,534.72,487.0,CHE
2023-06-02 10:28:00,534.94,534.94,534.94,534.94,168.0,CHE
2023-06-02 10:27:00,536.63,536.63,535.08,535.08,360.0,CHE
2023-06-02 10:13:00,536.09,536.09,536.09,536.09,189.0,CHE
2023-06-02 10:11:00,538.84,538.84,538.84,538.84,122.0,CHE
2023-06-02 10:01:00,537.68,537.68,537.68,537.68,108.0,CHE
2023-06-02 09:50:00,534.63,534.63,534.63,534.63,259.0,CHE
2023-06-02 09:34:00,534.34,534.34,534.34,534.34,101.0,CHE
2023-06-02 09:30:00,532.93,532.93,532.93,532.93,306.0,CHE
2023-06-01 19:00:00,533.43,533.43,533.43,533.43,7928.0,CHE
2023-06-01 18:30:00,533.43,533.43,533.43,533.43,7928.0,CHE
2023-06-01 16:44:00,533.43,533.43,533.43,533.43,95.0,CHE
2023-06-01 16:10:00,533.43,533.43,533.43,533.43,7928.0,CHE
2023-06-01 16:05:00,533.43,533.43,533.43,533.43,56.0,CHE
2023-06-01 16:04:00,533.43,533.43,533.43,533.43,104.0,CHE
2023-06-01 16:03:00,524.91,524.91,524.91,524.91,1.0,CHE
2023-06-01 16:00:00,533.43,533.43,532.99,533.43,16344.0,CHE
2023-06-01 15:59:00,532.64,533.52,532.4,533.43,4623.0,CHE
2023-06-01 15:58:00,533.0,533.0,532.39,532.39,573.0,CHE
2023-06-01 15:57:00,532.53,532.54,532.24,532.54,1708.0,CHE
2023-06-01 15:56:00,531.96,532.45,531.96,532.45,446.0,CHE
2023-06-01 15:55:00,532.115,532.53,532.115,532.33,966.0,CHE
2023-06-01 15:54:00,532.52,532.52,532.04,532.24,1100.0,CHE
2023-06-01 15:53:00,532.47,532.47,532.47,532.47,234.0,CHE
2023-06-01 15:52:00,532.88,533.12,532.75,532.83,1351.0,CHE
2023-06-01 15:49:00,533.0,533.01,532.63,533.01,1486.0,CHE
2023-06-01 15:48:00,532.87,532.87,532.87,532.87,154.0,CHE
2023-06-01 15:47:00,532.53,532.53,532.33,532.33,451.0,CHE
2023-06-01 15:46:00,533.01,533.01,532.93,532.93,808.0,CHE
2023-06-01 15:44:00,533.22,533.42,533.07,533.07,1002.0,CHE
2023-06-01 15:43:00,533.23,533.395,533.055,533.395,994.0,CHE
2023-06-01 15:42:00,533.3,533.3,533.3,533.3,238.0,CHE
2023-06-01 15:41:00,533.15,533.16,533.15,533.15,900.0,CHE
2023-06-01 15:40:00,532.86,532.86,532.86,532.86,323.0,CHE
2023-06-01 15:38:00,532.74,532.74,532.74,532.74,115.0,CHE
2023-06-01 15:37:00,533.01,533.27,533.01,533.27,220.0,CHE
2023-06-01 15:36:00,533.01,533.01,533.01,533.01,613.0,CHE
2023-06-01 15:34:00,533.15,533.15,532.58,532.58,364.0,CHE
2023-06-01 15:32:00,532.93,532.935,532.93,532.935,225.0,CHE
2023-06-01 15:31:00,532.91,532.91,532.825,532.825,202.0,CHE
2023-06-01 15:30:00,532.8,533.27,532.79,533.27,730.0,CHE
2023-06-01 15:29:00,532.81,533.12,532.81,533.06,473.0,CHE
2023-06-01 15:26:00,533.27,533.27,533.0,533.05,1243.0,CHE
2023-06-01 15:21:00,533.73,533.73,533.36,533.36,413.0,CHE
2023-06-01 15:19:00,533.5,533.83,533.5,533.83,678.0,CHE
2023-06-01 15:18:00,532.785,533.45,532.778,533.28,2980.0,CHE
2023-06-01 15:17:00,533.0,533.0,532.79,532.79,1340.0,CHE
2023-06-01 15:14:00,533.01,533.01,533.01,533.01,111.0,CHE
2023-06-01 15:13:00,532.77,532.77,532.77,532.77,120.0,CHE
2023-06-01 15:09:00,532.4,532.4,532.4,532.4,807.0,CHE
2023-06-01 15:08:00,532.66,532.66,532.66,532.66,609.0,CHE
2023-06-01 15:07:00,532.87,532.87,532.87,532.87,1175.0,CHE
2023-06-01 15:05:00,532.94,533.23,532.85,533.16,1493.0,CHE
2023-06-01 15:00:00,532.96,532.96,532.96,532.96,315.0,CHE
2023-06-01 14:59:00,532.86,533.0,532.86,533.0,1608.0,CHE
2023-06-01 14:58:00,532.415,532.415,532.2,532.2,844.0,CHE
2023-06-01 14:54:00,532.2,532.2,532.12,532.12,804.0,CHE
2023-06-01 14:53:00,531.96,531.96,531.95,531.95,782.0,CHE
2023-06-01 14:51:00,532.26,532.5,532.26,532.5,1123.0,CHE
2023-06-01 14:50:00,531.6,531.6,531.6,531.6,227.0,CHE
2023-06-01 14:49:00,531.1,531.1,531.1,531.1,719.0,CHE
2023-06-01 14:48:00,531.665,531.665,531.66,531.66,250.0,CHE
2023-06-01 14:47:00,531.06,531.505,531.05,531.505,1298.0,CHE
2023-06-01 14:46:00,531.775,531.775,531.775,531.775,138.0,CHE
2023-06-01 14:39:00,532.39,532.39,531.98,531.98,408.0,CHE
2023-06-01 14:35:00,532.8,532.8,531.895,531.895,1179.0,CHE
2023-06-01 14:33:00,533.5,533.5,533.0,533.0,1331.0,CHE
2023-06-01 14:06:00,533.76,533.76,533.76,533.76,934.0,CHE
2023-06-01 13:59:00,532.65,532.65,532.65,532.65,130.0,CHE
2023-06-01 13:50:00,532.99,533.0,532.92,532.92,1051.0,CHE
2023-06-01 13:45:00,532.68,532.68,532.68,532.68,153.0,CHE
2023-06-01 13:42:00,532.34,532.46,532.34,532.46,616.0,CHE
2023-06-01 13:40:00,532.16,532.16,532.16,532.16,118.0,CHE
2023-06-01 13:39:00,532.41,532.41,532.41,532.41,102.0,CHE
2023-06-01 13:30:00,532.47,532.47,532.47,532.47,543.0,CHE
2023-06-01 13:29:00,533.01,533.01,532.96,532.96,529.0,CHE
2023-06-01 13:10:00,533.72,533.72,533.72,533.72,201.0,CHE
2023-06-01 13:07:00,534.19,534.19,534.175,534.175,796.0,CHE
2023-06-01 12:29:00,534.99,534.99,534.99,534.99,514.0,CHE
2023-06-01 12:19:00,534.56,534.56,534.56,534.56,105.0,CHE
2023-06-01 12:13:00,534.555,534.555,534.555,534.555,130.0,CHE
2023-06-01 12:03:00,534.72,534.72,534.72,534.72,229.0,CHE
2023-06-01 12:02:00,534.5,534.5,534.5,534.5,100.0,CHE
2023-06-01 12:01:00,534.97,534.97,534.92,534.92,815.0,CHE
2023-06-01 11:55:00,535.0,535.0,535.0,535.0,307.0,CHE
2023-06-01 11:54:00,534.81,534.89,534.53,534.53,405.0,CHE
2023-06-01 11:51:00,534.26,534.26,534.2,534.2,208.0,CHE
2023-06-01 11:47:00,534.58,535.33,534.58,535.0,2536.0,CHE
2023-06-01 11:46:00,534.105,534.105,534.105,534.105,150.0,CHE
2023-06-01 11:37:00,534.87,534.87,534.57,534.575,2011.0,CHE
2023-06-01 11:36:00,535.135,535.135,535.135,535.135,362.0,CHE
2023-06-01 11:30:00,534.935,534.935,534.935,534.935,104.0,CHE
2023-06-01 11:27:00,535.0,535.0,535.0,535.0,117.0,CHE
2023-06-01 11:13:00,535.34,535.34,535.0,535.12,1866.0,CHE
2023-06-01 11:11:00,534.95,535.0,534.95,535.0,259.0,CHE
2023-06-01 10:46:00,534.91,534.91,534.91,534.91,307.0,CHE
2023-06-01 10:38:00,534.6,534.6,533.47,534.57,1287.0,CHE
2023-06-01 10:37:00,534.389,534.389,534.389,534.389,281.0,CHE
2023-06-01 10:33:00,534.98,534.98,534.98,534.98,107.0,CHE
2023-06-01 10:32:00,534.64,534.64,534.64,534.64,424.0,CHE
2023-06-01 10:13:00,534.625,534.625,534.625,534.625,239.0,CHE
2023-06-01 10:02:00,533.8,533.8,533.8,533.8,165.0,CHE
2023-06-01 10:00:00,533.61,533.61,533.61,533.61,159.0,CHE
2023-06-01 09:58:00,530.05,530.05,530.05,530.05,104.0,CHE
2023-06-01 09:31:00,534.24,534.24,534.24,534.24,101.0,CHE
2023-06-01 09:30:00,536.31,536.31,536.31,536.31,246.0,CHE
2023-05-31 19:00:00,533.77,533.77,533.77,533.77,24675.0,CHE
2023-05-31 18:30:00,533.77,533.77,533.77,533.77,24675.0,CHE
2023-05-31 16:20:00,533.77,533.77,533.77,533.77,1246.0,CHE
2023-05-31 16:19:00,533.77,533.77,533.77,533.77,72.0,CHE
2023-05-31 16:13:00,533.77,533.77,533.77,533.77,711.0,CHE
2023-05-31 16:10:00,533.77,533.77,533.77,533.77,24675.0,CHE
2023-05-31 16:03:00,523.47,523.47,523.47,523.47,1.0,CHE
2023-05-31 16:02:00,533.77,533.775,533.767,533.77,4390.0,CHE
2023-05-31 16:01:00,533.77,533.77,533.77,533.77,1427.0,CHE
2023-05-31 16:00:00,533.77,533.77,533.465,533.77,51486.0,CHE
2023-05-31 15:59:00,533.265,534.07,532.97,533.77,5187.0,CHE
2023-05-31 15:58:00,533.5,533.53,533.3,533.3,1323.0,CHE
2023-05-31 15:57:00,533.86,533.86,533.05,533.14,1673.0,CHE
2023-05-31 15:56:00,532.88,533.83,532.88,533.83,1012.0,CHE
2023-05-31 15:53:00,533.105,533.105,533.105,533.105,298.0,CHE
2023-05-31 15:52:00,533.61,533.61,533.61,533.61,463.0,CHE
2023-05-31 15:51:00,532.71,532.71,532.71,532.71,421.0,CHE
2023-05-31 15:50:00,532.72,532.72,532.45,532.45,546.0,CHE
2023-05-31 15:48:00,531.825,531.825,531.825,531.825,165.0,CHE
2023-05-31 15:44:00,531.77,531.77,531.77,531.77,340.0,CHE
2023-05-31 15:43:00,531.13,531.57,531.13,531.41,1808.0,CHE
2023-05-31 15:41:00,530.81,530.81,530.81,530.81,429.0,CHE
2023-05-31 15:38:00,530.875,530.875,530.87,530.87,387.0,CHE
2023-05-31 15:35:00,531.57,531.57,531.57,531.57,113.0,CHE
2023-05-31 15:32:00,530.815,530.815,530.815,530.815,165.0,CHE
2023-05-31 15:23:00,530.645,530.645,530.645,530.645,109.0,CHE
2023-05-31 15:22:00,530.26,530.51,530.26,530.425,576.0,CHE
2023-05-31 15:21:00,530.26,530.26,530.26,530.26,283.0,CHE
2023-05-31 15:20:00,530.09,530.09,529.79,529.79,1198.0,CHE
2023-05-31 15:19:00,529.64,529.64,529.64,529.64,133.0,CHE
2023-05-31 15:18:00,529.64,529.64,529.64,529.64,112.0,CHE
2023-05-31 15:17:00,530.065,530.065,530.065,530.065,325.0,CHE
2023-05-31 15:16:00,529.6,529.6,529.6,529.6,143.0,CHE
2023-05-31 15:09:00,530.02,530.02,530.0,530.0,758.0,CHE
2023-05-31 15:08:00,530.06,530.06,530.06,530.06,254.0,CHE
2023-05-31 15:07:00,530.05,530.05,530.03,530.03,350.0,CHE
2023-05-31 15:05:00,529.18,529.47,529.18,529.27,1369.0,CHE
2023-05-31 15:02:00,529.11,529.11,529.11,529.11,135.0,CHE
2023-05-31 15:01:00,529.1,529.25,529.1,529.25,437.0,CHE
2023-05-31 15:00:00,527.935,527.935,527.935,527.935,269.0,CHE
2023-05-31 14:57:00,528.44,528.44,528.44,528.44,273.0,CHE
2023-05-31 14:54:00,530.05,530.05,528.84,528.84,4284.0,CHE
2023-05-31 14:52:00,530.08,530.08,530.08,530.08,393.0,CHE
2023-05-31 14:51:00,530.055,530.255,530.02,530.255,1246.0,CHE
2023-05-31 14:50:00,530.0,530.0,529.6,529.6,637.0,CHE
2023-05-31 14:49:00,530.09,530.09,530.09,530.09,114.0,CHE
2023-05-31 14:48:00,530.51,530.51,530.04,530.04,570.0,CHE
2023-05-31 14:47:00,531.13,531.13,531.13,531.13,129.0,CHE
2023-05-31 14:41:00,531.245,531.245,531.245,531.245,109.0,CHE
2023-05-31 14:40:00,530.54,530.54,530.52,530.52,263.0,CHE
2023-05-31 14:35:00,530.39,530.72,530.23,530.72,1130.0,CHE
2023-05-31 14:34:00,531.645,531.645,531.62,531.62,1117.0,CHE
2023-05-31 14:32:00,531.66,531.66,531.66,531.66,118.0,CHE
2023-05-31 14:31:00,531.91,531.91,531.71,531.71,1396.0,CHE
2023-05-31 14:27:00,532.32,532.34,531.965,532.34,944.0,CHE
2023-05-31 14:25:00,531.87,531.87,531.87,531.87,147.0,CHE
2023-05-31 14:16:00,532.31,532.31,532.31,532.31,190.0,CHE
2023-05-31 14:07:00,531.8,531.8,531.8,531.8,130.0,CHE
2023-05-31 13:52:00,531.7,531.7,531.7,531.7,117.0,CHE
2023-05-31 13:40:00,532.06,532.06,532.05,532.05,439.0,CHE
2023-05-31 13:22:00,531.57,531.57,531.57,531.57,112.0,CHE
2023-05-31 13:21:00,530.87,530.87,530.87,530.87,651.0,CHE
2023-05-31 12:48:00,531.28,531.33,531.23,531.33,1248.0,CHE
2023-05-31 12:33:00,530.825,530.825,530.825,530.825,236.0,CHE
2023-05-31 12:24:00,530.8,530.8,530.8,530.8,1074.0,CHE
2023-05-31 12:23:00,531.3,531.3,531.3,531.3,211.0,CHE
2023-05-31 12:17:00,530.9,531.07,530.9,531.07,314.0,CHE
2023-05-31 12:09:00,531.41,531.41,531.41,531.41,306.0,CHE
2023-05-31 11:56:00,531.92,531.92,531.92,531.92,105.0,CHE
2023-05-31 11:51:00,530.63,530.63,530.63,530.63,201.0,CHE
2023-05-31 11:49:00,531.08,531.08,531.08,531.08,133.0,CHE
2023-05-31 11:47:00,530.9,531.614,530.9,531.614,934.0,CHE
2023-05-31 11:46:00,530.1,530.633,530.1,530.12,420.0,CHE
2023-05-31 11:38:00,530.73,530.73,530.73,530.73,613.0,CHE
2023-05-31 11:37:00,530.52,530.52,530.52,530.52,251.0,CHE
2023-05-31 11:31:00,529.57,529.57,529.57,529.57,132.0,CHE
2023-05-31 11:28:00,529.57,529.57,529.57,529.57,120.0,CHE
2023-05-31 11:27:00,530.01,530.01,529.535,529.555,1726.0,CHE
2023-05-31 11:20:00,530.41,530.41,530.41,530.41,329.0,CHE
2023-05-31 11:06:00,529.57,529.57,529.57,529.57,497.0,CHE
2023-05-31 11:01:00,529.08,529.08,529.08,529.08,315.0,CHE
2023-05-31 10:59:00,529.07,529.07,529.07,529.07,119.0,CHE
2023-05-31 10:57:00,529.15,529.15,529.15,529.15,280.0,CHE
2023-05-31 10:48:00,527.99,528.12,527.99,528.12,596.0,CHE
2023-05-31 10:47:00,527.48,527.59,527.48,527.59,371.0,CHE
2023-05-31 10:45:00,527.87,527.87,527.87,527.87,296.0,CHE
2023-05-31 10:44:00,527.52,527.52,527.52,527.52,131.0,CHE
2023-05-31 10:32:00,527.72,527.72,527.5,527.5,1032.0,CHE
2023-05-31 10:19:00,528.985,528.985,528.985,528.985,266.0,CHE
2023-05-31 10:16:00,531.14,531.14,531.14,531.14,717.0,CHE
2023-05-31 10:15:00,530.52,530.52,530.52,530.52,474.0,CHE
2023-05-31 10:11:00,532.155,532.155,532.155,532.155,109.0,CHE
2023-05-31 10:02:00,532.24,532.24,532.24,532.24,143.0,CHE
2023-05-31 09:52:00,534.28,534.52,534.28,534.52,504.0,CHE
2023-05-31 09:30:00,528.56,528.56,528.56,528.56,342.0,CHE
2023-05-30 19:00:00,529.45,529.45,529.45,529.45,10687.0,CHE
2023-05-30 18:30:00,529.45,529.45,529.45,529.45,10687.0,CHE
2023-05-30 16:10:00,529.45,529.45,529.45,529.45,10687.0,CHE
2023-05-30 16:05:00,529.45,529.45,529.45,529.45,209.0,CHE
2023-05-30 16:00:00,529.6,529.6,529.45,529.45,22559.0,CHE
2023-05-30 15:59:00,529.63,530.25,529.43,530.2,3191.0,CHE
2023-05-30 15:58:00,529.9,530.04,529.56,529.56,1210.0,CHE
2023-05-30 15:57:00,530.18,530.18,529.77,529.87,1240.0,CHE
2023-05-30 15:53:00,530.25,530.25,530.25,530.25,169.0,CHE
2023-05-30 15:52:00,530.64,530.64,530.64,530.64,766.0,CHE
2023-05-30 15:50:00,532.58,532.58,532.58,532.58,460.0,CHE
2023-05-30 15:49:00,531.82,532.58,531.82,532.58,3309.0,CHE
2023-05-30 15:48:00,531.41,531.44,531.41,531.44,786.0,CHE
2023-05-30 15:45:00,531.37,531.37,530.983,530.982,251.0,CHE
2023-05-30 15:44:00,530.93,530.93,530.93,530.93,758.0,CHE
2023-05-30 15:42:00,530.76,530.76,530.53,530.53,997.0,CHE
2023-05-30 15:39:00,529.63,529.63,529.63,529.63,461.0,CHE
2023-05-30 15:36:00,530.02,530.02,530.02,530.02,227.0,CHE
2023-05-30 15:30:00,529.57,529.57,529.57,529.57,260.0,CHE
2023-05-30 15:26:00,528.57,528.57,528.57,528.57,313.0,CHE
2023-05-30 15:18:00,528.04,528.04,528.04,528.04,186.0,CHE
2023-05-30 15:08:00,527.6,527.6,527.6,527.6,752.0,CHE
2023-05-30 15:04:00,526.555,526.555,526.555,526.555,139.0,CHE
2023-05-30 14:55:00,527.315,527.315,527.315,527.315,183.0,CHE
2023-05-30 14:47:00,528.3,528.3,528.3,528.3,157.0,CHE
2023-05-30 14:42:00,528.92,528.92,528.92,528.92,576.0,CHE
2023-05-30 14:39:00,528.62,528.62,528.38,528.38,289.0,CHE
2023-05-30 14:16:00,531.44,531.44,531.44,531.44,147.0,CHE
2023-05-30 14:15:00,531.44,531.44,531.44,531.44,226.0,CHE
2023-05-30 14:11:00,532.02,532.02,532.02,532.02,134.0,CHE
2023-05-30 14:08:00,532.56,532.56,532.56,532.56,203.0,CHE
2023-05-30 13:42:00,534.86,534.86,534.86,534.86,524.0,CHE
2023-05-30 13:37:00,534.4,534.4,534.4,534.4,287.0,CHE
2023-05-30 13:33:00,534.335,535.23,534.335,535.23,573.0,CHE
2023-05-30 13:30:00,535.2,535.4,535.2,535.4,444.0,CHE
2023-05-30 13:14:00,535.64,535.64,535.64,535.64,142.0,CHE
2023-05-30 13:08:00,535.715,535.715,535.715,535.715,227.0,CHE
2023-05-30 13:07:00,534.96,534.96,534.96,534.96,397.0,CHE
2023-05-30 12:58:00,536.7,537.25,536.7,537.25,224.0,CHE
2023-05-30 12:57:00,536.35,536.53,536.35,536.53,309.0,CHE
2023-05-30 12:48:00,537.97,537.97,537.96,537.96,703.0,CHE
2023-05-30 12:45:00,538.635,538.635,538.635,538.635,178.0,CHE
2023-05-30 12:17:00,538.67,538.67,538.67,538.67,234.0,CHE
2023-05-30 11:46:00,539.97,539.97,538.6,538.6,876.0,CHE
2023-05-30 11:42:00,540.0,540.0,540.0,540.0,113.0,CHE
2023-05-30 11:40:00,539.02,539.02,539.02,539.02,235.0,CHE
2023-05-30 11:10:00,540.14,540.14,540.14,540.14,142.0,CHE
2023-05-30 11:04:00,540.0,540.07,540.0,540.07,352.0,CHE
2023-05-30 11:01:00,539.64,540.16,539.64,540.16,629.0,CHE
2023-05-30 10:57:00,540.38,540.71,540.06,540.29,1710.0,CHE
2023-05-30 10:51:00,541.81,541.95,541.345,541.345,412.0,CHE
2023-05-30 10:50:00,541.8,541.95,541.4,541.75,1974.0,CHE
2023-05-30 10:49:00,541.64,541.64,541.64,541.64,135.0,CHE
2023-05-30 10:31:00,544.44,544.44,544.44,544.44,137.0,CHE
2023-05-30 10:19:00,544.44,544.44,544.44,544.44,995.0,CHE
2023-05-30 10:16:00,543.37,543.37,543.37,543.37,472.0,CHE
2023-05-30 10:09:00,545.22,545.69,542.17,544.04,2021.0,CHE
2023-05-30 09:55:00,549.28,549.28,549.28,549.28,109.0,CHE
2023-05-30 09:50:00,545.19,545.19,545.19,545.19,627.0,CHE
2023-05-30 09:49:00,541.275,545.18,541.275,545.18,696.0,CHE
2023-05-30 09:31:00,544.72,544.72,544.72,544.72,123.0,CHE
2023-05-30 09:30:00,539.01,539.01,539.01,539.01,252.0,CHE
