date,1. open,2. high,3. low,4. close,5. volume,Ticker
2023-05-25 16:00:00,78.96,78.96,78.96,78.96,14888.0,CHK
2023-05-25 15:59:00,78.99,79.01,78.96,78.99,25505.0,CHK
2023-05-25 15:58:00,79.01,79.01,78.98,79.005,21236.0,CHK
2023-05-25 15:57:00,78.99,79.02,78.98,79.01,19559.0,CHK
2023-05-25 15:56:00,78.99,79.02,78.98,78.99,12862.0,CHK
2023-05-25 15:55:00,78.96,79.01,78.93,78.97,12654.0,CHK
2023-05-25 15:54:00,78.99,79.0,78.95,78.96,7233.0,CHK
2023-05-25 15:53:00,79.05,79.08,78.99,78.99,9928.0,CHK
2023-05-25 15:52:00,79.04,79.05,79.03,79.05,8925.0,CHK
2023-05-25 15:51:00,79.055,79.1,79.05,79.05,12508.0,CHK
2023-05-25 15:50:00,79.13,79.13,79.04,79.06,6109.0,CHK
2023-05-25 15:49:00,79.22,79.24,79.13,79.13,2807.0,CHK
2023-05-25 15:48:00,79.32,79.335,79.215,79.22,3608.0,CHK
2023-05-25 15:47:00,79.47,79.47,79.32,79.32,10950.0,CHK
2023-05-25 15:46:00,79.44,79.46,79.42,79.46,4428.0,CHK
2023-05-25 15:45:00,79.36,79.43,79.36,79.43,6572.0,CHK
2023-05-25 15:44:00,79.4,79.4,79.35,79.35,4446.0,CHK
2023-05-25 15:43:00,79.41,79.44,79.4,79.4,9019.0,CHK
2023-05-25 15:42:00,79.435,79.455,79.41,79.41,1530.0,CHK
2023-05-25 15:41:00,79.435,79.435,79.41,79.41,573.0,CHK
2023-05-25 15:40:00,79.495,79.51,79.41,79.41,9132.0,CHK
2023-05-25 15:39:00,79.53,79.53,79.47,79.495,5387.0,CHK
2023-05-25 15:37:00,79.53,79.565,79.53,79.549,1895.0,CHK
2023-05-25 15:36:00,79.505,79.529,79.505,79.529,645.0,CHK
2023-05-25 15:35:00,79.53,79.55,79.49,79.49,2575.0,CHK
2023-05-25 15:34:00,79.46,79.52,79.46,79.515,2781.0,CHK
2023-05-25 15:33:00,79.6,79.6,79.5,79.5,6353.0,CHK
2023-05-25 15:32:00,79.58,79.62,79.58,79.61,3510.0,CHK
2023-05-25 15:31:00,79.54,79.55,79.54,79.55,883.0,CHK
2023-05-25 15:30:00,79.54,79.55,79.5,79.52,5613.0,CHK
2023-05-25 15:29:00,79.545,79.545,79.51,79.52,5734.0,CHK
2023-05-25 15:28:00,79.5,79.56,79.5,79.56,3082.0,CHK
2023-05-25 15:27:00,79.4,79.51,79.4,79.51,2420.0,CHK
2023-05-25 15:26:00,79.36,79.37,79.36,79.37,2006.0,CHK
2023-05-25 15:25:00,79.33,79.37,79.33,79.37,1982.0,CHK
2023-05-25 15:24:00,79.33,79.35,79.33,79.35,1458.0,CHK
2023-05-25 15:23:00,79.29,79.32,79.29,79.315,1670.0,CHK
2023-05-25 15:22:00,79.26,79.29,79.26,79.285,1145.0,CHK
2023-05-25 15:21:00,79.21,79.23,79.18,79.1955,3932.0,CHK
2023-05-25 15:20:00,79.19,79.2,79.18,79.19,3006.0,CHK
2023-05-25 15:19:00,79.21,79.21,79.165,79.165,350.0,CHK
2023-05-25 15:18:00,79.155,79.185,79.155,79.185,1238.0,CHK
2023-05-25 15:17:00,79.12,79.16,79.12,79.16,1877.0,CHK
2023-05-25 15:16:00,79.12,79.12,79.12,79.12,680.0,CHK
2023-05-25 15:15:00,79.19,79.19,79.13,79.13,872.0,CHK
2023-05-25 15:14:00,79.18,79.2,79.18,79.19,487.0,CHK
2023-05-25 15:13:00,79.24,79.24,79.14,79.14,5875.0,CHK
2023-05-25 15:12:00,79.19,79.25,79.19,79.25,900.0,CHK
2023-05-25 15:11:00,79.165,79.195,79.14,79.195,864.0,CHK
2023-05-25 15:10:00,79.1,79.14,79.1,79.14,627.0,CHK
2023-05-25 15:09:00,79.005,79.1,79.005,79.1,2543.0,CHK
2023-05-25 15:08:00,79.08,79.08,79.0,79.01,2479.0,CHK
2023-05-25 15:07:00,79.1,79.1,79.06,79.06,1716.0,CHK
2023-05-25 15:06:00,79.09,79.09,79.09,79.09,212.0,CHK
2023-05-25 15:05:00,79.14,79.14,79.14,79.14,391.0,CHK
2023-05-25 15:04:00,79.13,79.13,79.09,79.09,1196.0,CHK
2023-05-25 15:03:00,79.14,79.14,79.14,79.14,534.0,CHK
2023-05-25 15:02:00,79.06,79.1,79.05,79.1,991.0,CHK
2023-05-25 15:01:00,79.02,79.06,79.005,79.06,1700.0,CHK
2023-05-25 15:00:00,78.92,78.96,78.92,78.96,1939.0,CHK
2023-05-25 14:59:00,78.97,78.99,78.9,78.9,3677.0,CHK
2023-05-25 14:58:00,78.93,78.99,78.93,78.95,4689.0,CHK
2023-05-25 14:56:00,78.93,78.93,78.93,78.93,1426.0,CHK
2023-05-25 14:55:00,78.99,78.99,78.93,78.95,3123.0,CHK
2023-05-25 14:54:00,78.905,78.905,78.905,78.905,246.0,CHK
2023-05-25 14:53:00,78.83,78.99,78.83,78.94,14810.0,CHK
2023-05-25 14:52:00,78.815,78.815,78.815,78.815,619.0,CHK
2023-05-25 14:51:00,78.78,78.815,78.78,78.815,376.0,CHK
2023-05-25 14:50:00,78.81,78.815,78.785,78.815,2263.0,CHK
2023-05-25 14:49:00,78.84,78.85,78.84,78.85,1170.0,CHK
2023-05-25 14:48:00,78.835,78.9,78.835,78.9,1792.0,CHK
2023-05-25 14:47:00,78.82,78.83,78.805,78.81,1766.0,CHK
2023-05-25 14:45:00,78.94,78.95,78.85,78.85,2094.0,CHK
2023-05-25 14:44:00,78.905,78.9724,78.905,78.94,1134.0,CHK
2023-05-25 14:43:00,78.92,78.92,78.875,78.9,1550.0,CHK
2023-05-25 14:42:00,79.04,79.04,78.96,78.96,1793.0,CHK
2023-05-25 14:41:00,79.01,79.06,79.005,79.06,3506.0,CHK
2023-05-25 14:40:00,79.07,79.075,79.01,79.01,1666.0,CHK
2023-05-25 14:39:00,79.07,79.0999,79.07,79.0999,828.0,CHK
2023-05-25 14:38:00,79.09,79.09,79.09,79.09,354.0,CHK
2023-05-25 14:37:00,79.11,79.11,79.1,79.1,685.0,CHK
2023-05-25 14:36:00,79.17,79.17,79.11,79.14,1340.0,CHK
2023-05-25 14:35:00,79.25,79.27,79.2,79.2,2600.0,CHK
2023-05-25 14:34:00,79.25,79.25,79.25,79.25,232.0,CHK
2023-05-25 14:33:00,79.315,79.315,79.25,79.255,1181.0,CHK
2023-05-25 14:32:00,79.32,79.34,79.32,79.33,552.0,CHK
2023-05-25 14:31:00,79.34,79.34,79.32,79.34,1280.0,CHK
2023-05-25 14:30:00,79.37,79.37,79.34,79.34,858.0,CHK
2023-05-25 14:29:00,79.42,79.42,79.36,79.38,2507.0,CHK
2023-05-25 14:28:00,79.44,79.44,79.44,79.44,371.0,CHK
2023-05-25 14:27:00,79.41,79.445,79.41,79.44,2434.0,CHK
2023-05-25 14:26:00,79.335,79.38,79.335,79.38,1151.0,CHK
2023-05-25 14:25:00,79.35,79.35,79.32,79.335,2429.0,CHK
2023-05-25 14:24:00,79.38,79.38,79.35,79.35,1083.0,CHK
2023-05-25 14:23:00,79.39,79.39,79.36,79.36,886.0,CHK
2023-05-25 14:22:00,79.36,79.39,79.36,79.37,2251.0,CHK
2023-05-25 14:21:00,79.3444,79.3444,79.3444,79.3444,592.0,CHK
2023-05-25 14:20:00,79.3587,79.3587,79.3587,79.3587,501.0,CHK
2023-05-25 14:19:00,79.35,79.35,79.35,79.35,731.0,CHK
2023-05-25 14:17:00,79.31,79.31,79.31,79.31,675.0,CHK
2023-05-25 14:16:00,79.33,79.37,79.325,79.37,1145.0,CHK
2023-05-25 14:15:00,79.27,79.29,79.24,79.29,1436.0,CHK
2023-05-25 14:14:00,79.2,79.25,79.2,79.25,1187.0,CHK
2023-05-25 14:13:00,79.2,79.2,79.1792,79.1792,900.0,CHK
2023-05-25 14:12:00,79.22,79.22,79.21,79.21,859.0,CHK
2023-05-25 14:11:00,79.29,79.3,79.25,79.25,1593.0,CHK
2023-05-25 14:10:00,79.25,79.29,79.24,79.29,1412.0,CHK
2023-05-25 14:09:00,79.26,79.26,79.24,79.24,772.0,CHK
2023-05-25 14:08:00,79.36,79.36,79.29,79.3,2376.0,CHK
2023-05-25 14:07:00,79.39,79.4013,79.37,79.4013,754.0,CHK
2023-05-25 14:05:00,79.41,79.41,79.41,79.41,838.0,CHK
2023-05-25 14:04:00,79.41,79.41,79.41,79.41,606.0,CHK
2023-05-25 14:03:00,79.49,79.53,79.41,79.41,2190.0,CHK
2023-05-25 14:02:00,79.58,79.58,79.5,79.5,1475.0,CHK
2023-05-25 14:01:00,79.67,79.67,79.67,79.67,522.0,CHK
2023-05-25 14:00:00,79.355,79.62,79.355,79.53,3704.0,CHK
2023-05-25 13:59:00,79.3,79.3,79.3,79.3,500.0,CHK
2023-05-25 13:58:00,79.23,79.24,79.23,79.24,1035.0,CHK
2023-05-25 13:57:00,79.31,79.31,79.22,79.22,3542.0,CHK
2023-05-25 13:56:00,79.31,79.33,79.31,79.33,962.0,CHK
2023-05-25 13:55:00,79.2701,79.33,79.2701,79.31,1437.0,CHK
2023-05-25 13:54:00,79.32,79.32,79.32,79.32,662.0,CHK
2023-05-25 13:53:00,79.315,79.315,79.28,79.28,635.0,CHK
2023-05-25 13:51:00,79.31,79.31,79.31,79.31,564.0,CHK
2023-05-25 13:50:00,79.31,79.32,79.29,79.29,927.0,CHK
2023-05-25 13:49:00,79.36,79.36,79.31,79.315,1952.0,CHK
2023-05-25 13:47:00,79.44,79.44,79.36,79.36,1992.0,CHK
2023-05-25 13:46:00,79.47,79.47,79.47,79.47,210.0,CHK
2023-05-25 13:45:00,79.46,79.46,79.46,79.46,259.0,CHK
2023-05-25 13:43:00,79.49,79.49,79.49,79.49,361.0,CHK
2023-05-25 13:42:00,79.48,79.49,79.48,79.49,744.0,CHK
2023-05-25 13:41:00,79.42,79.42,79.41,79.41,503.0,CHK
2023-05-25 13:40:00,79.37,79.38,79.37,79.38,945.0,CHK
2023-05-25 13:39:00,79.29,79.36,79.29,79.36,1572.0,CHK
2023-05-25 13:38:00,79.3675,79.37,79.31,79.3189,2473.0,CHK
2023-05-25 13:36:00,79.325,79.37,79.325,79.37,1106.0,CHK
2023-05-25 13:32:00,79.34,79.34,79.32,79.32,779.0,CHK
2023-05-25 13:31:00,79.385,79.385,79.35,79.35,839.0,CHK
2023-05-25 13:30:00,79.44,79.45,79.39,79.39,3923.0,CHK
2023-05-25 13:28:00,79.42,79.51,79.42,79.51,759.0,CHK
2023-05-25 13:27:00,79.47,79.47,79.47,79.47,304.0,CHK
2023-05-25 13:26:00,79.44,79.44,79.44,79.44,305.0,CHK
2023-05-25 13:25:00,79.41,79.41,79.4,79.4,479.0,CHK
2023-05-25 13:24:00,79.4,79.4,79.4,79.4,778.0,CHK
2023-05-25 13:23:00,79.44,79.44,79.38,79.38,1999.0,CHK
2023-05-25 13:22:00,79.43,79.43,79.43,79.43,603.0,CHK
2023-05-25 13:21:00,79.34,79.39,79.34,79.39,1027.0,CHK
2023-05-25 13:20:00,79.39,79.39,79.39,79.39,387.0,CHK
2023-05-25 13:19:00,79.37,79.4214,79.36,79.4214,1309.0,CHK
2023-05-25 13:18:00,79.42,79.42,79.4,79.4,741.0,CHK
2023-05-25 13:17:00,79.38,79.38,79.38,79.38,158.0,CHK
2023-05-25 13:16:00,79.39,79.39,79.39,79.39,422.0,CHK
2023-05-25 13:15:00,79.43,79.43,79.31,79.34,3657.0,CHK
2023-05-25 13:13:00,79.435,79.435,79.435,79.435,331.0,CHK
2023-05-25 13:11:00,79.41,79.41,79.38,79.38,389.0,CHK
2023-05-25 13:10:00,79.3876,79.4,79.35,79.4,1095.0,CHK
2023-05-25 13:09:00,79.33,79.33,79.33,79.33,529.0,CHK
2023-05-25 13:08:00,79.28,79.28,79.28,79.28,745.0,CHK
2023-05-25 13:07:00,79.29,79.3,79.28,79.3,815.0,CHK
2023-05-25 13:06:00,79.25,79.25,79.21,79.21,408.0,CHK
2023-05-25 13:05:00,79.19,79.19,79.18,79.18,622.0,CHK
2023-05-25 13:04:00,79.23,79.24,79.21,79.23,1043.0,CHK
2023-05-25 13:03:00,79.28,79.29,79.28,79.29,1051.0,CHK
2023-05-25 13:02:00,79.28,79.28,79.23,79.23,1166.0,CHK
2023-05-25 13:01:00,79.33,79.33,79.33,79.33,539.0,CHK
2023-05-25 12:59:00,79.34,79.34,79.26,79.32,1790.0,CHK
2023-05-25 12:58:00,79.38,79.38,79.35,79.35,420.0,CHK
2023-05-25 12:57:00,79.42,79.42,79.38,79.38,4950.0,CHK
2023-05-25 12:56:00,79.48,79.48,79.46,79.46,490.0,CHK
2023-05-25 12:55:00,79.4137,79.44,79.4137,79.44,368.0,CHK
2023-05-25 12:54:00,79.405,79.405,79.4,79.4,323.0,CHK
2023-05-25 12:53:00,79.44,79.44,79.44,79.44,329.0,CHK
2023-05-25 12:51:00,79.32,79.38,79.32,79.38,298.0,CHK
2023-05-25 12:50:00,79.32,79.32,79.32,79.32,309.0,CHK
2023-05-25 12:49:00,79.29,79.34,79.29,79.34,1901.0,CHK
2023-05-25 12:48:00,79.22,79.22,79.22,79.22,205.0,CHK
2023-05-25 12:46:00,79.27,79.27,79.18,79.19,4806.0,CHK
2023-05-25 12:45:00,79.23,79.23,79.21,79.21,1154.0,CHK
2023-05-25 12:44:00,79.245,79.26,79.245,79.26,530.0,CHK
2023-05-25 12:42:00,79.26,79.26,79.22,79.22,1216.0,CHK
2023-05-25 12:40:00,79.27,79.33,79.27,79.33,621.0,CHK
2023-05-25 12:39:00,79.2427,79.2427,79.2,79.21,898.0,CHK
2023-05-25 12:37:00,79.3,79.3,79.19,79.26,2190.0,CHK
2023-05-25 12:36:00,79.3,79.3,79.3,79.3,704.0,CHK
2023-05-25 12:35:00,79.23,79.29,79.23,79.29,1132.0,CHK
2023-05-25 12:34:00,79.165,79.23,79.165,79.22,1361.0,CHK
2023-05-25 12:33:00,79.15,79.15,79.15,79.15,524.0,CHK
2023-05-25 12:32:00,79.21,79.21,79.21,79.21,1642.0,CHK
2023-05-25 12:31:00,79.155,79.155,79.155,79.155,111.0,CHK
2023-05-25 12:30:00,79.13,79.15,79.09,79.09,2518.0,CHK
2023-05-25 12:29:00,79.15,79.15,79.15,79.15,223.0,CHK
2023-05-25 12:28:00,79.06,79.08,79.04,79.08,1839.0,CHK
2023-05-25 12:27:00,79.02,79.06,79.02,79.06,464.0,CHK
2023-05-25 12:26:00,79.03,79.03,78.97,78.97,669.0,CHK
2023-05-25 12:25:00,79.03,79.04,79.03,79.04,1140.0,CHK
2023-05-25 12:24:00,79.09,79.09,78.98,78.98,5146.0,CHK
2023-05-25 12:23:00,79.0925,79.0925,79.0925,79.0925,1501.0,CHK
2023-05-25 12:22:00,79.135,79.135,79.135,79.135,370.0,CHK
2023-05-25 12:21:00,79.07,79.07,79.07,79.07,140.0,CHK
2023-05-25 12:20:00,79.02,79.02,79.02,79.02,516.0,CHK
2023-05-25 12:19:00,78.92,78.98,78.92,78.98,3414.0,CHK
2023-05-25 12:18:00,78.86,78.86,78.86,78.86,326.0,CHK
2023-05-25 12:17:00,78.87,78.87,78.87,78.87,645.0,CHK
2023-05-25 12:16:00,78.86,78.86,78.86,78.86,743.0,CHK
2023-05-25 12:15:00,78.935,78.935,78.86,78.8717,3589.0,CHK
2023-05-25 12:14:00,78.98,78.98,78.9,78.9,225.0,CHK
2023-05-25 12:13:00,78.925,78.925,78.87,78.87,551.0,CHK
2023-05-25 12:12:00,78.89,78.92,78.88,78.92,852.0,CHK
2023-05-25 12:11:00,78.82,78.9,78.82,78.9,438.0,CHK
2023-05-25 12:09:00,78.65,78.71,78.65,78.71,1135.0,CHK
2023-05-25 12:08:00,78.62,78.63,78.62,78.63,473.0,CHK
2023-05-25 12:07:00,78.65,78.69,78.65,78.67,2792.0,CHK
2023-05-25 12:06:00,78.62,78.62,78.59,78.59,2695.0,CHK
2023-05-25 12:05:00,78.64,78.64,78.63,78.63,1631.0,CHK
2023-05-25 12:04:00,78.55,78.67,78.52,78.65,7338.0,CHK
2023-05-25 12:03:00,78.46,78.51,78.46,78.48,1383.0,CHK
2023-05-25 12:02:00,78.405,78.52,78.4,78.46,3481.0,CHK
2023-05-25 12:01:00,78.44,78.45,78.4,78.44,3286.0,CHK
2023-05-25 12:00:00,78.44,78.47,78.42,78.44,4675.0,CHK
2023-05-25 11:59:00,78.49,78.53,78.44,78.44,3507.0,CHK
2023-05-25 11:58:00,78.43,78.54,78.38,78.49,7730.0,CHK
2023-05-25 11:57:00,78.41,78.41,78.375,78.38,1203.0,CHK
2023-05-25 11:56:00,78.431,78.455,78.431,78.455,247.0,CHK
2023-05-25 11:55:00,78.455,78.455,78.455,78.455,424.0,CHK
2023-05-25 11:54:00,78.57,78.57,78.45,78.46,1963.0,CHK
2023-05-25 11:53:00,78.54,78.55,78.54,78.55,841.0,CHK
2023-05-25 11:52:00,78.5,78.5,78.5,78.5,702.0,CHK
2023-05-25 11:51:00,78.54,78.56,78.54,78.56,971.0,CHK
2023-05-25 11:50:00,78.49,78.49,78.44,78.49,3128.0,CHK
2023-05-25 11:49:00,78.56,78.56,78.49,78.49,2214.0,CHK
2023-05-25 11:48:00,78.59,78.59,78.59,78.59,738.0,CHK
2023-05-25 11:47:00,78.55,78.56,78.55,78.55,438.0,CHK
2023-05-25 11:45:00,78.71,78.71,78.58,78.595,5581.0,CHK
2023-05-25 11:44:00,78.69,78.71,78.63,78.68,2559.0,CHK
2023-05-25 11:43:00,78.7697,78.7697,78.71,78.71,973.0,CHK
2023-05-25 11:42:00,78.76,78.78,78.76,78.78,688.0,CHK
2023-05-25 11:41:00,78.65,78.73,78.65,78.73,1662.0,CHK
2023-05-25 11:40:00,78.74,78.74,78.67,78.67,1017.0,CHK
2023-05-25 11:39:00,78.76,78.78,78.74,78.74,1264.0,CHK
2023-05-25 11:38:00,78.84,78.84,78.74,78.74,1543.0,CHK
2023-05-25 11:37:00,78.875,78.91,78.875,78.91,445.0,CHK
2023-05-25 11:34:00,78.88,78.88,78.88,78.88,457.0,CHK
2023-05-25 11:33:00,78.97,78.97,78.87,78.87,1371.0,CHK
2023-05-25 11:32:00,78.95,79.02,78.9101,79.02,2814.0,CHK
2023-05-25 11:31:00,78.98,78.99,78.93,78.95,1349.0,CHK
2023-05-25 11:30:00,79.07,79.07,78.99,78.99,1353.0,CHK
2023-05-25 11:29:00,79.14,79.14,79.07,79.07,541.0,CHK
2023-05-25 11:28:00,79.085,79.14,79.085,79.14,434.0,CHK
2023-05-25 11:27:00,79.14,79.14,79.09,79.09,1393.0,CHK
2023-05-25 11:26:00,79.16,79.17,79.13,79.15,3227.0,CHK
2023-05-25 11:25:00,79.22,79.22,79.16,79.16,533.0,CHK
2023-05-25 11:24:00,79.29,79.29,79.16,79.22,1331.0,CHK
2023-05-25 11:23:00,79.145,79.28,79.09,79.27,10195.0,CHK
2023-05-25 11:22:00,79.15,79.19,79.15,79.19,634.0,CHK
2023-05-25 11:21:00,79.21,79.21,79.08,79.13,1681.0,CHK
2023-05-25 11:20:00,79.08,79.14,79.08,79.14,688.0,CHK
2023-05-25 11:19:00,79.06,79.13,79.06,79.13,868.0,CHK
2023-05-25 11:18:00,79.02,79.05,79.01,79.05,967.0,CHK
2023-05-25 11:17:00,78.95,79.02,78.95,79.02,1205.0,CHK
2023-05-25 11:16:00,79.05,79.05,78.97,78.98,1261.0,CHK
2023-05-25 11:15:00,79.04,79.11,79.04,79.05,2043.0,CHK
2023-05-25 11:14:00,79.05,79.05,79.01,79.01,1032.0,CHK
2023-05-25 11:13:00,79.1,79.1,79.08,79.08,541.0,CHK
2023-05-25 11:12:00,79.27,79.31,79.13,79.19,3068.0,CHK
2023-05-25 11:10:00,79.17,79.23,79.17,79.23,2010.0,CHK
2023-05-25 11:09:00,79.13,79.16,79.13,79.16,775.0,CHK
2023-05-25 11:08:00,79.17,79.18,79.145,79.18,1757.0,CHK
2023-05-25 11:07:00,79.1956,79.1956,79.14,79.15,973.0,CHK
2023-05-25 11:06:00,79.21,79.21,79.15,79.15,3392.0,CHK
2023-05-25 11:05:00,79.21,79.21,79.21,79.21,118.0,CHK
2023-05-25 11:04:00,79.25,79.25,79.21,79.24,1062.0,CHK
2023-05-25 11:02:00,79.18,79.21,79.17,79.21,607.0,CHK
2023-05-25 11:01:00,79.24,79.24,79.24,79.24,782.0,CHK
2023-05-25 11:00:00,79.17,79.2257,79.17,79.2257,1401.0,CHK
2023-05-25 10:58:00,79.125,79.1585,79.07,79.07,1048.0,CHK
2023-05-25 10:57:00,79.17,79.19,79.15,79.19,1124.0,CHK
2023-05-25 10:56:00,79.22,79.245,79.22,79.245,280.0,CHK
2023-05-25 10:55:00,79.23,79.23,79.23,79.23,431.0,CHK
2023-05-25 10:53:00,79.22,79.22,79.14,79.14,816.0,CHK
2023-05-25 10:52:00,79.12,79.18,79.12,79.18,2547.0,CHK
2023-05-25 10:51:00,79.02,79.12,79.02,79.05,2083.0,CHK
2023-05-25 10:50:00,78.965,78.965,78.965,78.965,274.0,CHK
2023-05-25 10:47:00,79.13,79.13,78.93,79.03,13376.0,CHK
2023-05-25 10:45:00,79.28,79.3,79.16,79.16,1287.0,CHK
2023-05-25 10:44:00,79.24,79.24,79.24,79.24,555.0,CHK
2023-05-25 10:43:00,79.19,79.19,79.19,79.19,535.0,CHK
2023-05-25 10:42:00,79.17,79.17,79.13,79.13,1445.0,CHK
2023-05-25 10:41:00,79.22,79.3,79.2,79.22,742.0,CHK
2023-05-25 10:40:00,79.14,79.17,79.14,79.17,1235.0,CHK
2023-05-25 10:38:00,79.07,79.08,79.07,79.08,496.0,CHK
2023-05-25 10:37:00,78.9971,78.9971,78.9971,78.9971,626.0,CHK
2023-05-25 10:36:00,78.9387,79.06,78.91,79.02,2162.0,CHK
2023-05-25 10:35:00,79.01,79.01,78.99,79.0,720.0,CHK
2023-05-25 10:34:00,79.02,79.02,78.99,79.003,1252.0,CHK
2023-05-25 10:33:00,79.03,79.03,78.97,78.99,928.0,CHK
2023-05-25 10:32:00,78.96,79.03,78.9593,79.03,2525.0,CHK
2023-05-25 10:31:00,79.06,79.08,78.97,79.03,1204.0,CHK
2023-05-25 10:30:00,79.29,79.29,79.07,79.07,2505.0,CHK
2023-05-25 10:29:00,79.29,79.32,79.29,79.32,564.0,CHK
2023-05-25 10:28:00,79.28,79.29,79.1885,79.1885,1324.0,CHK
2023-05-25 10:27:00,79.24,79.24,79.21,79.21,863.0,CHK
2023-05-25 10:26:00,79.21,79.26,79.21,79.26,879.0,CHK
2023-05-25 10:25:00,79.125,79.21,79.125,79.21,209.0,CHK
2023-05-25 10:24:00,79.02,79.13,78.96,79.13,978.0,CHK
2023-05-25 10:23:00,79.1,79.13,79.1,79.13,301.0,CHK
2023-05-25 10:20:00,79.13,79.14,79.13,79.14,664.0,CHK
2023-05-25 10:19:00,79.21,79.21,79.195,79.195,1035.0,CHK
2023-05-25 10:18:00,79.23,79.23,79.15,79.15,1262.0,CHK
2023-05-25 10:17:00,79.3,79.33,79.27,79.29,3188.0,CHK
2023-05-25 10:16:00,79.11,79.24,79.11,79.17,2344.0,CHK
2023-05-25 10:15:00,78.8,78.95,78.8,78.95,1660.0,CHK
2023-05-25 10:14:00,78.98,78.98,78.76,78.76,1280.0,CHK
2023-05-25 10:13:00,79.03,79.03,78.9,79.0,5016.0,CHK
2023-05-25 10:12:00,79.0292,79.055,78.99,79.055,2892.0,CHK
2023-05-25 10:11:00,79.0,79.03,78.92,78.99,14764.0,CHK
2023-05-25 10:10:00,79.1,79.145,79.0,79.02,10830.0,CHK
2023-05-25 10:09:00,79.08,79.13,78.97,79.11,33384.0,CHK
2023-05-25 10:08:00,79.13,79.13,79.035,79.08,5282.0,CHK
2023-05-25 10:07:00,79.23,79.24,79.22,79.23,1166.0,CHK
2023-05-25 10:06:00,79.135,79.19,79.06,79.18,8065.0,CHK
2023-05-25 10:05:00,79.15,79.1999,79.15,79.1999,926.0,CHK
2023-05-25 10:04:00,79.0349,79.16,79.02,79.08,4137.0,CHK
2023-05-25 10:03:00,78.98,79.05,78.97,79.05,2076.0,CHK
2023-05-25 10:01:00,79.06,79.12,78.975,78.975,1511.0,CHK
2023-05-25 10:00:00,78.985,79.1,78.985,79.08,1955.0,CHK
2023-05-25 09:59:00,79.02,79.02,78.9458,78.9458,880.0,CHK
2023-05-25 09:58:00,79.02,79.02,79.02,79.02,218.0,CHK
2023-05-25 09:57:00,79.14,79.14,79.01,79.01,845.0,CHK
2023-05-25 09:56:00,79.04,79.12,79.04,79.12,616.0,CHK
2023-05-25 09:55:00,78.92,78.92,78.92,78.92,467.0,CHK
2023-05-25 09:54:00,78.92,78.92,78.82,78.835,605.0,CHK
2023-05-25 09:53:00,78.88,78.89,78.84,78.85,1405.0,CHK
2023-05-25 09:52:00,78.93,79.03,78.93,79.03,308.0,CHK
2023-05-25 09:51:00,78.81,78.91,78.81,78.91,579.0,CHK
2023-05-25 09:50:00,78.74,78.74,78.74,78.74,157.0,CHK
2023-05-25 09:49:00,79.03,79.03,78.9073,78.9073,1742.0,CHK
2023-05-25 09:48:00,79.05,79.05,79.05,79.05,315.0,CHK
2023-05-25 09:47:00,79.05,79.14,79.035,79.11,2959.0,CHK
2023-05-25 09:46:00,79.0272,79.05,78.97,79.05,2265.0,CHK
2023-05-25 09:45:00,78.93,79.14,78.9,78.96,6585.0,CHK
2023-05-25 09:44:00,78.71,78.71,78.71,78.71,625.0,CHK
2023-05-25 09:43:00,78.42,78.67,78.42,78.635,1094.0,CHK
2023-05-25 09:42:00,78.57,78.59,78.41,78.58,3663.0,CHK
2023-05-25 09:41:00,78.72,78.72,78.61,78.64,1117.0,CHK
2023-05-25 09:40:00,78.8125,78.91,78.8125,78.86,1475.0,CHK
2023-05-25 09:39:00,78.815,78.815,78.815,78.815,135.0,CHK
2023-05-25 09:37:00,78.98,79.05,78.78,78.78,1022.0,CHK
2023-05-25 09:36:00,79.145,79.145,79.145,79.145,695.0,CHK
2023-05-25 09:35:00,79.25,79.25,78.99,79.01,1676.0,CHK
2023-05-25 09:34:00,78.99,79.25,78.96,79.25,3723.0,CHK
2023-05-25 09:33:00,78.825,78.84,78.82,78.82,660.0,CHK
2023-05-25 09:32:00,78.57,78.77,78.57,78.77,3862.0,CHK
2023-05-25 09:31:00,78.6,78.605,78.45,78.57,4512.0,CHK
2023-05-25 09:30:00,78.82,79.0,78.6,78.67,14449.0,CHK
2023-05-25 09:29:00,78.7,78.76,78.7,78.75,806.0,CHK
2023-05-25 09:23:00,79.25,79.25,79.25,79.25,1031.0,CHK
2023-05-25 09:22:00,79.26,79.26,79.25,79.25,1084.0,CHK
2023-05-25 08:31:00,79.0,79.0,79.0,79.0,111.0,CHK
2023-05-24 18:59:00,80.23,80.23,80.1628,80.1628,301.0,CHK
2023-05-24 16:08:00,80.04,80.04,80.04,80.04,207.0,CHK
2023-05-24 16:00:00,79.97,79.97,79.97,79.97,11721.0,CHK
2023-05-24 15:59:00,80.0,80.0,79.97,79.98,23719.0,CHK
2023-05-24 15:58:00,79.965,80.0,79.95,79.99,14102.0,CHK
2023-05-24 15:57:00,79.96,80.0,79.95,79.965,12883.0,CHK
2023-05-24 15:56:00,79.885,79.96,79.88,79.96,13428.0,CHK
2023-05-24 15:55:00,79.94,79.95,79.86,79.89,11667.0,CHK
2023-05-24 15:54:00,79.975,80.02,79.955,79.96,7139.0,CHK
2023-05-24 15:53:00,79.98,80.0,79.94,79.97,9506.0,CHK
2023-05-24 15:52:00,79.94,79.98,79.935,79.98,11936.0,CHK
2023-05-24 15:51:00,79.96,79.98,79.91,79.915,3713.0,CHK
2023-05-24 15:50:00,79.99,80.0,79.95,79.97,7522.0,CHK
2023-05-24 15:49:00,79.98,80.03,79.97,80.0,3362.0,CHK
2023-05-24 15:48:00,79.94,80.01,79.92,80.01,4590.0,CHK
2023-05-24 15:47:00,79.915,79.95,79.915,79.94,1209.0,CHK
2023-05-24 15:46:00,79.9,79.95,79.88,79.92,7268.0,CHK
2023-05-24 15:45:00,79.92,79.92,79.83,79.86,9032.0,CHK
2023-05-24 15:44:00,79.92,79.93,79.9,79.93,2323.0,CHK
2023-05-24 15:43:00,79.915,79.97,79.915,79.93,11711.0,CHK
2023-05-24 15:42:00,79.9,79.93,79.89,79.915,4173.0,CHK
2023-05-24 15:41:00,79.93,79.94,79.92,79.94,1231.0,CHK
2023-05-24 15:40:00,80.0,80.0325,79.97,79.97,4454.0,CHK
2023-05-24 15:39:00,79.96,80.0,79.96,79.96,3646.0,CHK
2023-05-24 15:38:00,80.01,80.01,79.935,79.95,3093.0,CHK
2023-05-24 15:37:00,79.97,80.02,79.94,80.0,4568.0,CHK
2023-05-24 15:36:00,80.02,80.02,80.0,80.0,1214.0,CHK
2023-05-24 15:35:00,80.09,80.09,80.01,80.02,3856.0,CHK
2023-05-24 15:34:00,80.055,80.115,80.055,80.115,3941.0,CHK
2023-05-24 15:33:00,80.13,80.135,80.05,80.05,2952.0,CHK
2023-05-24 15:32:00,80.08,80.21,80.08,80.14,6603.0,CHK
2023-05-24 15:31:00,80.08,80.105,80.075,80.105,3243.0,CHK
2023-05-24 15:30:00,80.065,80.08,80.06,80.065,2255.0,CHK
2023-05-24 15:29:00,80.04,80.055,80.03,80.05,1801.0,CHK
2023-05-24 15:28:00,80.065,80.065,80.01,80.03,1987.0,CHK
2023-05-24 15:27:00,80.065,80.08,80.065,80.065,1112.0,CHK
2023-05-24 15:26:00,80.1,80.12,80.04,80.04,1584.0,CHK
2023-05-24 15:25:00,80.095,80.125,80.09,80.125,3626.0,CHK
2023-05-24 15:24:00,80.04,80.12,80.04,80.1,3416.0,CHK
2023-05-24 15:23:00,80.19,80.19,80.08,80.08,4822.0,CHK
2023-05-24 15:22:00,80.18,80.2,80.17,80.19,3842.0,CHK
2023-05-24 15:21:00,80.21,80.22,80.17,80.18,3269.0,CHK
2023-05-24 15:20:00,80.16,80.185,80.15,80.17,1592.0,CHK
2023-05-24 15:19:00,80.16,80.16,80.12,80.12,1455.0,CHK
2023-05-24 15:18:00,80.09,80.18,80.09,80.18,1351.0,CHK
2023-05-24 15:17:00,80.08,80.09,80.07,80.09,1493.0,CHK
2023-05-24 15:16:00,80.075,80.0921,80.06,80.065,1127.0,CHK
2023-05-24 15:15:00,80.04,80.075,80.04,80.075,1287.0,CHK
2023-05-24 15:14:00,79.99,80.04,79.99,80.0389,2574.0,CHK
2023-05-24 15:13:00,79.98,80.0,79.98,79.98,2191.0,CHK
2023-05-24 15:12:00,79.955,79.98,79.955,79.98,985.0,CHK
2023-05-24 15:11:00,79.87,79.96,79.87,79.93,1647.0,CHK
2023-05-24 15:10:00,79.87,79.875,79.87,79.87,639.0,CHK
2023-05-24 15:09:00,79.89,79.9,79.89,79.9,675.0,CHK
2023-05-24 15:08:00,79.945,79.945,79.9,79.9,888.0,CHK
2023-05-24 15:07:00,79.95,79.95,79.91,79.94,1903.0,CHK
2023-05-24 15:06:00,79.94,79.94,79.9225,79.9225,355.0,CHK
2023-05-24 15:05:00,79.9,79.94,79.89,79.94,6508.0,CHK
2023-05-24 15:04:00,79.86,79.885,79.86,79.885,1073.0,CHK
2023-05-24 15:03:00,79.885,79.89,79.88,79.885,1462.0,CHK
2023-05-24 15:02:00,79.9,79.9,79.88,79.88,984.0,CHK
2023-05-24 15:01:00,79.905,79.91,79.9,79.91,1197.0,CHK
2023-05-24 15:00:00,79.935,79.935,79.935,79.935,445.0,CHK
2023-05-24 14:59:00,79.935,79.935,79.935,79.935,174.0,CHK
2023-05-24 14:58:00,79.95,79.95,79.95,79.95,190.0,CHK
2023-05-24 14:57:00,79.95,79.96,79.93,79.96,1917.0,CHK
2023-05-24 14:56:00,80.065,80.065,80.065,80.065,517.0,CHK
2023-05-24 14:55:00,80.08,80.1,80.07,80.09,1003.0,CHK
2023-05-24 14:54:00,80.14,80.14,80.14,80.14,908.0,CHK
2023-05-24 14:53:00,80.12,80.18,80.12,80.17,2335.0,CHK
2023-05-24 14:51:00,80.12,80.14,80.12,80.14,1201.0,CHK
2023-05-24 14:50:00,80.175,80.175,80.16,80.16,594.0,CHK
2023-05-24 14:49:00,80.15,80.2,80.15,80.2,1151.0,CHK
2023-05-24 14:48:00,80.195,80.26,80.17,80.17,7450.0,CHK
2023-05-24 14:47:00,80.3,80.3,80.16,80.18,8253.0,CHK
2023-05-24 14:46:00,80.325,80.325,80.325,80.325,384.0,CHK
2023-05-24 14:45:00,80.325,80.325,80.325,80.325,806.0,CHK
2023-05-24 14:44:00,80.31,80.32,80.28,80.32,2724.0,CHK
2023-05-24 14:43:00,80.27,80.31,80.27,80.31,2295.0,CHK
2023-05-24 14:42:00,80.28,80.28,80.255,80.255,1004.0,CHK
2023-05-24 14:41:00,80.3,80.3,80.29,80.3,1163.0,CHK
2023-05-24 14:40:00,80.35,80.3607,80.35,80.3607,662.0,CHK
2023-05-24 14:39:00,80.4,80.4,80.36,80.37,1656.0,CHK
2023-05-24 14:38:00,80.38,80.38,80.375,80.375,383.0,CHK
2023-05-24 14:37:00,80.34,80.35,80.34,80.35,2345.0,CHK
2023-05-24 14:36:00,80.22,80.34,80.205,80.34,3139.0,CHK
2023-05-24 14:35:00,80.24,80.24,80.2,80.2,1939.0,CHK
2023-05-24 14:34:00,80.21,80.24,80.21,80.2336,2149.0,CHK
2023-05-24 14:33:00,80.205,80.21,80.205,80.21,577.0,CHK
2023-05-24 14:32:00,80.205,80.205,80.205,80.205,210.0,CHK
2023-05-24 14:31:00,80.205,80.205,80.205,80.205,407.0,CHK
2023-05-24 14:30:00,80.23,80.23,80.2,80.215,1333.0,CHK
2023-05-24 14:29:00,80.2,80.235,80.2,80.235,2818.0,CHK
2023-05-24 14:28:00,80.145,80.23,80.145,80.23,3883.0,CHK
2023-05-24 14:27:00,79.99,80.16,79.985,80.16,11638.0,CHK
2023-05-24 14:26:00,80.0,80.0,79.96,79.98,8831.0,CHK
2023-05-24 14:25:00,80.065,80.09,80.06,80.06,2434.0,CHK
2023-05-24 14:24:00,80.13,80.14,80.065,80.065,2370.0,CHK
2023-05-24 14:23:00,80.15,80.15,80.12,80.12,1256.0,CHK
2023-05-24 14:22:00,80.165,80.165,80.15,80.15,855.0,CHK
2023-05-24 14:21:00,80.155,80.16,80.155,80.16,414.0,CHK
2023-05-24 14:20:00,80.14,80.155,80.13,80.155,1474.0,CHK
2023-05-24 14:19:00,80.2193,80.22,80.155,80.155,3882.0,CHK
2023-05-24 14:18:00,80.19,80.2098,80.19,80.2098,510.0,CHK
2023-05-24 14:17:00,80.18,80.22,80.18,80.185,6473.0,CHK
2023-05-24 14:16:00,80.21,80.21,80.17,80.17,610.0,CHK
2023-05-24 14:15:00,80.22,80.235,80.22,80.225,777.0,CHK
2023-05-24 14:14:00,80.24,80.24,80.24,80.24,187.0,CHK
2023-05-24 14:13:00,80.215,80.24,80.215,80.24,3423.0,CHK
2023-05-24 14:12:00,80.205,80.24,80.205,80.215,1203.0,CHK
2023-05-24 14:11:00,80.27,80.27,80.16,80.25,1806.0,CHK
2023-05-24 14:09:00,80.355,80.37,80.29,80.29,1788.0,CHK
2023-05-24 14:07:00,80.355,80.38,80.32,80.355,1910.0,CHK
2023-05-24 14:05:00,80.285,80.42,80.28,80.355,14961.0,CHK
2023-05-24 14:04:00,80.29,80.29,80.26,80.29,1365.0,CHK
2023-05-24 14:03:00,80.3,80.32,80.3,80.32,386.0,CHK
2023-05-24 14:02:00,80.28,80.3,80.28,80.3,570.0,CHK
2023-05-24 14:01:00,80.335,80.335,80.33,80.33,673.0,CHK
2023-05-24 14:00:00,80.35,80.38,80.3,80.32,3430.0,CHK
2023-05-24 13:59:00,80.3,80.335,80.29,80.29,1099.0,CHK
2023-05-24 13:58:00,80.335,80.35,80.31,80.35,595.0,CHK
2023-05-24 13:57:00,80.31,80.33,80.29,80.29,599.0,CHK
2023-05-24 13:56:00,80.36,80.38,80.34,80.345,1392.0,CHK
2023-05-24 13:55:00,80.34,80.34,80.34,80.34,179.0,CHK
2023-05-24 13:54:00,80.35,80.38,80.34,80.35,1144.0,CHK
2023-05-24 13:53:00,80.35,80.38,80.35,80.35,600.0,CHK
2023-05-24 13:52:00,80.37,80.38,80.35,80.35,836.0,CHK
2023-05-24 13:51:00,80.34,80.37,80.34,80.36,1283.0,CHK
2023-05-24 13:49:00,80.31,80.35,80.31,80.35,817.0,CHK
2023-05-24 13:48:00,80.35,80.42,80.335,80.38,2519.0,CHK
2023-05-24 13:47:00,80.33,80.37,80.33,80.33,425.0,CHK
2023-05-24 13:46:00,80.36,80.36,80.32,80.35,1116.0,CHK
2023-05-24 13:45:00,80.34,80.38,80.3,80.32,2898.0,CHK
2023-05-24 13:44:00,80.395,80.41,80.27,80.305,5187.0,CHK
2023-05-24 13:43:00,80.415,80.415,80.39,80.39,695.0,CHK
2023-05-24 13:42:00,80.38,80.42,80.38,80.42,1805.0,CHK
2023-05-24 13:41:00,80.4,80.4,80.38,80.4,966.0,CHK
2023-05-24 13:40:00,80.355,80.41,80.355,80.38,4021.0,CHK
2023-05-24 13:39:00,80.39,80.39,80.355,80.355,376.0,CHK
2023-05-24 13:38:00,80.34,80.36,80.34,80.355,1955.0,CHK
2023-05-24 13:37:00,80.3,80.33,80.3,80.32,1414.0,CHK
2023-05-24 13:36:00,80.3,80.33,80.3,80.33,2915.0,CHK
2023-05-24 13:35:00,80.29,80.29,80.29,80.29,193.0,CHK
2023-05-24 13:34:00,80.2587,80.32,80.2587,80.32,1816.0,CHK
2023-05-24 13:33:00,80.28,80.3,80.24,80.24,2807.0,CHK
2023-05-24 13:31:00,80.21,80.26,80.2,80.26,2123.0,CHK
2023-05-24 13:30:00,80.24,80.24,80.24,80.24,359.0,CHK
2023-05-24 13:29:00,80.245,80.26,80.22,80.26,657.0,CHK
2023-05-24 13:28:00,80.23,80.23,80.22,80.22,543.0,CHK
2023-05-24 13:27:00,80.21,80.25,80.21,80.25,939.0,CHK
2023-05-24 13:26:00,80.195,80.24,80.195,80.195,642.0,CHK
2023-05-24 13:25:00,80.18,80.25,80.18,80.25,1983.0,CHK
2023-05-24 13:24:00,80.18,80.24,80.16,80.19,4726.0,CHK
2023-05-24 13:23:00,80.315,80.315,80.21,80.21,2798.0,CHK
2023-05-24 13:22:00,80.27,80.32,80.27,80.32,1341.0,CHK
2023-05-24 13:21:00,80.27,80.36,80.27,80.31,6736.0,CHK
2023-05-24 13:20:00,80.23,80.23,80.23,80.23,259.0,CHK
2023-05-24 13:19:00,80.2303,80.31,80.23,80.31,4184.0,CHK
2023-05-24 13:18:00,80.24,80.24,80.24,80.24,704.0,CHK
2023-05-24 13:17:00,80.285,80.285,80.285,80.285,314.0,CHK
2023-05-24 13:16:00,80.25,80.3,80.25,80.3,1655.0,CHK
2023-05-24 13:15:00,80.235,80.27,80.16,80.24,8622.0,CHK
2023-05-24 13:14:00,80.245,80.29,80.23,80.23,4323.0,CHK
2023-05-24 13:13:00,80.245,80.245,80.245,80.245,976.0,CHK
2023-05-24 13:12:00,80.21,80.31,80.16,80.26,4142.0,CHK
2023-05-24 13:11:00,80.225,80.225,80.225,80.225,191.0,CHK
2023-05-24 13:09:00,80.22,80.3,80.22,80.26,1747.0,CHK
2023-05-24 13:08:00,80.28,80.28,80.16,80.175,2977.0,CHK
2023-05-24 13:07:00,80.33,80.33,80.27,80.31,1783.0,CHK
2023-05-24 13:06:00,80.31,80.39,80.31,80.33,1592.0,CHK
2023-05-24 13:05:00,80.31,80.35,80.31,80.35,548.0,CHK
2023-05-24 13:04:00,80.3,80.35,80.25,80.315,5670.0,CHK
2023-05-24 13:03:00,80.34,80.34,80.32,80.32,479.0,CHK
2023-05-24 13:02:00,80.34,80.34,80.34,80.34,310.0,CHK
2023-05-24 13:01:00,80.335,80.335,80.335,80.335,148.0,CHK
2023-05-24 13:00:00,80.32,80.39,80.28,80.35,7977.0,CHK
2023-05-24 12:59:00,80.3,80.34,80.28,80.32,757.0,CHK
2023-05-24 12:58:00,80.32,80.36,80.32,80.32,678.0,CHK
2023-05-24 12:57:00,80.315,80.3206,80.315,80.315,668.0,CHK
2023-05-24 12:56:00,80.29,80.36,80.24,80.36,5275.0,CHK
2023-05-24 12:55:00,80.285,80.32,80.28,80.28,894.0,CHK
2023-05-24 12:54:00,80.24,80.29,80.24,80.29,578.0,CHK
2023-05-24 12:53:00,80.285,80.29,80.285,80.285,441.0,CHK
2023-05-24 12:52:00,80.285,80.32,80.28,80.28,2176.0,CHK
2023-05-24 12:51:00,80.285,80.285,80.285,80.285,441.0,CHK
2023-05-24 12:49:00,80.36,80.36,80.27,80.32,3913.0,CHK
2023-05-24 12:48:00,80.395,80.395,80.34,80.36,1490.0,CHK
2023-05-24 12:47:00,80.415,80.43,80.365,80.41,2144.0,CHK
2023-05-24 12:46:00,80.38,80.42,80.38,80.42,247.0,CHK
2023-05-24 12:45:00,80.41,80.41,80.41,80.41,132.0,CHK
2023-05-24 12:44:00,80.405,80.405,80.405,80.405,405.0,CHK
2023-05-24 12:43:00,80.49,80.49,80.36,80.385,2191.0,CHK
2023-05-24 12:42:00,80.48,80.48,80.475,80.475,272.0,CHK
2023-05-24 12:41:00,80.46,80.53,80.46,80.48,1613.0,CHK
2023-05-24 12:40:00,80.47,80.47,80.43,80.44,2070.0,CHK
2023-05-24 12:39:00,80.42,80.435,80.42,80.435,1133.0,CHK
2023-05-24 12:38:00,80.42,80.46,80.42,80.46,1480.0,CHK
2023-05-24 12:37:00,80.42,80.45,80.42,80.42,1264.0,CHK
2023-05-24 12:36:00,80.45,80.45,80.39,80.39,2584.0,CHK
2023-05-24 12:35:00,80.435,80.435,80.435,80.435,196.0,CHK
2023-05-24 12:34:00,80.44,80.44,80.44,80.44,113.0,CHK
2023-05-24 12:33:00,80.41,80.41,80.41,80.41,156.0,CHK
2023-05-24 12:32:00,80.41,80.45,80.41,80.45,203.0,CHK
2023-05-24 12:31:00,80.41,80.46,80.41,80.42,686.0,CHK
2023-05-24 12:30:00,80.51,80.54,80.4,80.415,3483.0,CHK
2023-05-24 12:29:00,80.405,80.48,80.405,80.48,4340.0,CHK
2023-05-24 12:28:00,80.37,80.38,80.37,80.38,342.0,CHK
2023-05-24 12:27:00,80.32,80.38,80.32,80.38,1446.0,CHK
2023-05-24 12:26:00,80.31,80.32,80.25,80.28,3864.0,CHK
2023-05-24 12:25:00,80.275,80.31,80.23,80.27,2300.0,CHK
2023-05-24 12:24:00,80.315,80.315,80.27,80.29,1034.0,CHK
2023-05-24 12:23:00,80.255,80.33,80.25,80.33,2047.0,CHK
2023-05-24 12:22:00,80.33,80.33,80.245,80.29,2393.0,CHK
2023-05-24 12:21:00,80.425,80.47,80.35,80.38,2696.0,CHK
2023-05-24 12:20:00,80.36,80.44,80.36,80.38,1253.0,CHK
2023-05-24 12:19:00,80.3331,80.4,80.3331,80.36,1517.0,CHK
2023-05-24 12:18:00,80.38,80.38,80.38,80.38,218.0,CHK
2023-05-24 12:17:00,80.35,80.43,80.31,80.43,5344.0,CHK
2023-05-24 12:16:00,80.37,80.41,80.34,80.38,3158.0,CHK
2023-05-24 12:15:00,80.43,80.44,80.405,80.44,1463.0,CHK
2023-05-24 12:14:00,80.41,80.46,80.41,80.43,7300.0,CHK
2023-05-24 12:13:00,80.38,80.45,80.34,80.41,7234.0,CHK
2023-05-24 12:12:00,80.37,80.41,80.34,80.38,2732.0,CHK
2023-05-24 12:11:00,80.46,80.46,80.41,80.41,954.0,CHK
2023-05-24 12:10:00,80.52,80.545,80.49,80.49,3145.0,CHK
2023-05-24 12:09:00,80.5,80.64,80.5,80.6,12264.0,CHK
2023-05-24 12:08:00,80.51,80.51,80.495,80.5,1151.0,CHK
2023-05-24 12:07:00,80.55,80.61,80.54,80.54,2353.0,CHK
2023-05-24 12:06:00,80.66,80.68,80.54,80.6,20897.0,CHK
2023-05-24 12:05:00,80.68,80.705,80.68,80.705,401.0,CHK
2023-05-24 12:04:00,80.72,80.74,80.68,80.74,1059.0,CHK
2023-05-24 12:03:00,80.715,80.715,80.715,80.715,187.0,CHK
2023-05-24 12:02:00,80.69,80.72,80.69,80.72,872.0,CHK
2023-05-24 12:01:00,80.6,80.71,80.595,80.695,3084.0,CHK
2023-05-24 11:59:00,80.67,80.67,80.63,80.64,831.0,CHK
2023-05-24 11:58:00,80.67,80.72,80.67,80.72,1525.0,CHK
2023-05-24 11:57:00,80.61,80.71,80.6,80.71,2724.0,CHK
2023-05-24 11:56:00,80.565,80.6,80.565,80.6,2150.0,CHK
2023-05-24 11:55:00,80.51,80.58,80.5,80.58,3061.0,CHK
2023-05-24 11:54:00,80.59,80.59,80.528,80.528,1917.0,CHK
2023-05-24 11:53:00,80.595,80.6,80.59,80.59,2474.0,CHK
2023-05-24 11:52:00,80.55,80.59,80.55,80.59,1561.0,CHK
2023-05-24 11:51:00,80.59,80.59,80.5605,80.5605,640.0,CHK
2023-05-24 11:50:00,80.59,80.59,80.59,80.59,640.0,CHK
2023-05-24 11:48:00,80.6,80.605,80.58,80.58,876.0,CHK
2023-05-24 11:47:00,80.6,80.615,80.6,80.615,809.0,CHK
2023-05-24 11:46:00,80.55,80.55,80.52,80.52,345.0,CHK
2023-05-24 11:45:00,80.54,80.55,80.54,80.55,680.0,CHK
2023-05-24 11:44:00,80.53,80.5666,80.53,80.56,963.0,CHK
2023-05-24 11:43:00,80.695,80.695,80.53,80.54,1695.0,CHK
2023-05-24 11:42:00,80.56,80.71,80.56,80.69,1493.0,CHK
2023-05-24 11:41:00,80.56,80.6,80.54,80.54,4062.0,CHK
2023-05-24 11:39:00,80.55,80.59,80.55,80.56,1114.0,CHK
2023-05-24 11:38:00,80.54,80.55,80.5,80.55,1912.0,CHK
2023-05-24 11:37:00,80.49,80.49,80.49,80.49,543.0,CHK
2023-05-24 11:36:00,80.48,80.53,80.445,80.48,2793.0,CHK
2023-05-24 11:35:00,80.53,80.53,80.41,80.45,3855.0,CHK
2023-05-24 11:34:00,80.55,80.55,80.525,80.53,1505.0,CHK
2023-05-24 11:33:00,80.52,80.53,80.51,80.51,1306.0,CHK
2023-05-24 11:32:00,80.515,80.54,80.49,80.52,4009.0,CHK
2023-05-24 11:31:00,80.515,80.52,80.5,80.5,1594.0,CHK
2023-05-24 11:30:00,80.48,80.52,80.48,80.52,509.0,CHK
2023-05-24 11:29:00,80.51,80.54,80.49,80.49,1051.0,CHK
2023-05-24 11:28:00,80.565,80.57,80.52,80.545,1690.0,CHK
2023-05-24 11:27:00,80.63,80.63,80.6,80.6,869.0,CHK
2023-05-24 11:26:00,80.65,80.66,80.63,80.63,1833.0,CHK
2023-05-24 11:25:00,80.63,80.63,80.63,80.63,364.0,CHK
2023-05-24 11:24:00,80.6,80.68,80.5985,80.68,3529.0,CHK
2023-05-24 11:23:00,80.57,80.57,80.545,80.57,2118.0,CHK
2023-05-24 11:22:00,80.59,80.59,80.545,80.545,1531.0,CHK
2023-05-24 11:21:00,80.62,80.63,80.59,80.59,926.0,CHK
2023-05-24 11:20:00,80.655,80.7,80.655,80.66,1380.0,CHK
2023-05-24 11:19:00,80.56,80.63,80.56,80.59,2060.0,CHK
2023-05-24 11:18:00,80.54,80.58,80.54,80.58,865.0,CHK
2023-05-24 11:17:00,80.54,80.54,80.5,80.53,1737.0,CHK
2023-05-24 11:16:00,80.41,80.46,80.405,80.46,1790.0,CHK
2023-05-24 11:15:00,80.37,80.43,80.35,80.42,2174.0,CHK
2023-05-24 11:14:00,80.44,80.44,80.385,80.385,857.0,CHK
2023-05-24 11:13:00,80.465,80.49,80.4,80.43,4129.0,CHK
2023-05-24 11:12:00,80.45,80.48,80.45,80.48,674.0,CHK
2023-05-24 11:11:00,80.45,80.47,80.42,80.44,1303.0,CHK
2023-05-24 11:10:00,80.45,80.46,80.41,80.45,2051.0,CHK
2023-05-24 11:09:00,80.36,80.435,80.36,80.42,8933.0,CHK
2023-05-24 11:08:00,80.385,80.44,80.38,80.41,5360.0,CHK
2023-05-24 11:07:00,80.4,80.41,80.385,80.41,414.0,CHK
2023-05-24 11:06:00,80.385,80.42,80.385,80.415,501.0,CHK
2023-05-24 11:05:00,80.435,80.48,80.41,80.41,791.0,CHK
2023-05-24 11:04:00,80.445,80.465,80.445,80.465,1314.0,CHK
2023-05-24 11:03:00,80.535,80.54,80.45,80.47,3132.0,CHK
2023-05-24 11:02:00,80.51,80.51,80.51,80.51,221.0,CHK
2023-05-24 11:01:00,80.5,80.515,80.5,80.515,2431.0,CHK
2023-05-24 11:00:00,80.57,80.58,80.55,80.57,1081.0,CHK
2023-05-24 10:59:00,80.51,80.51,80.51,80.51,529.0,CHK
2023-05-24 10:58:00,80.4,80.56,80.38,80.54,7322.0,CHK
2023-05-24 10:57:00,80.54,80.54,80.45,80.45,3788.0,CHK
2023-05-24 10:56:00,80.52,80.56,80.52,80.55,1052.0,CHK
2023-05-24 10:55:00,80.55,80.58,80.53,80.57,2080.0,CHK
2023-05-24 10:53:00,80.49,80.58,80.49,80.555,1257.0,CHK
2023-05-24 10:52:00,80.505,80.51,80.48,80.505,1796.0,CHK
2023-05-24 10:51:00,80.55,80.55,80.48,80.53,1036.0,CHK
2023-05-24 10:50:00,80.59,80.59,80.54,80.565,1421.0,CHK
2023-05-24 10:49:00,80.59,80.59,80.58,80.58,234.0,CHK
2023-05-24 10:48:00,80.59,80.6,80.51,80.6,5014.0,CHK
2023-05-24 10:47:00,80.54,80.62,80.52,80.62,2914.0,CHK
2023-05-24 10:46:00,80.535,80.54,80.525,80.53,1022.0,CHK
2023-05-24 10:45:00,80.61,80.61,80.55,80.55,2706.0,CHK
2023-05-24 10:44:00,80.595,80.65,80.595,80.63,3097.0,CHK
2023-05-24 10:43:00,80.61,80.61,80.59,80.59,3012.0,CHK
2023-05-24 10:42:00,80.64,80.66,80.635,80.64,1663.0,CHK
2023-05-24 10:41:00,80.64,80.64,80.62,80.62,1282.0,CHK
2023-05-24 10:40:00,80.61,80.64,80.55,80.55,2539.0,CHK
2023-05-24 10:39:00,80.59,80.63,80.58,80.61,1195.0,CHK
2023-05-24 10:38:00,80.64,80.64,80.61,80.61,645.0,CHK
2023-05-24 10:37:00,80.67,80.71,80.67,80.71,1415.0,CHK
2023-05-24 10:36:00,80.725,80.78,80.7,80.78,1626.0,CHK
2023-05-24 10:35:00,80.7,80.73,80.67,80.73,1027.0,CHK
2023-05-24 10:34:00,80.63,80.7,80.54,80.7,1098.0,CHK
2023-05-24 10:33:00,80.61,80.66,80.595,80.595,2945.0,CHK
2023-05-24 10:32:00,80.59,80.59,80.52,80.52,2359.0,CHK
2023-05-24 10:31:00,80.6626,80.69,80.59,80.63,1766.0,CHK
2023-05-24 10:30:00,80.275,80.65,80.275,80.62,2731.0,CHK
2023-05-24 10:29:00,80.305,80.305,80.275,80.275,1537.0,CHK
2023-05-24 10:28:00,80.235,80.31,80.235,80.31,3779.0,CHK
2023-05-24 10:27:00,80.23,80.27,80.23,80.27,1538.0,CHK
2023-05-24 10:26:00,80.22,80.295,80.22,80.29,771.0,CHK
2023-05-24 10:25:00,80.26,80.265,80.26,80.265,1627.0,CHK
2023-05-24 10:24:00,80.27,80.33,80.27,80.29,2224.0,CHK
2023-05-24 10:23:00,80.17,80.28,80.17,80.26,3278.0,CHK
2023-05-24 10:22:00,80.3,80.3,80.14,80.15,4490.0,CHK
2023-05-24 10:21:00,80.5,80.5,80.305,80.315,5263.0,CHK
2023-05-24 10:20:00,80.45,80.51,80.45,80.51,667.0,CHK
2023-05-24 10:19:00,80.59,80.59,80.46,80.51,3006.0,CHK
2023-05-24 10:18:00,80.55,80.585,80.55,80.585,538.0,CHK
2023-05-24 10:17:00,80.51,80.57,80.49,80.57,2488.0,CHK
2023-05-24 10:16:00,80.515,80.515,80.42,80.5,865.0,CHK
2023-05-24 10:15:00,80.53,80.62,80.53,80.545,3196.0,CHK
2023-05-24 10:14:00,80.545,80.62,80.44,80.62,12390.0,CHK
2023-05-24 10:13:00,80.38,80.5402,80.38,80.52,4322.0,CHK
2023-05-24 10:12:00,80.27,80.39,80.27,80.38,6167.0,CHK
2023-05-24 10:11:00,80.27,80.27,80.2234,80.27,1848.0,CHK
2023-05-24 10:10:00,80.25,80.3125,80.22,80.27,3223.0,CHK
2023-05-24 10:09:00,80.18,80.24,80.17,80.21,3372.0,CHK
2023-05-24 10:08:00,80.26,80.26,80.15,80.18,1726.0,CHK
2023-05-24 10:07:00,80.29,80.29,80.21,80.26,2858.0,CHK
2023-05-24 10:06:00,80.485,80.485,80.28,80.36,927.0,CHK
2023-05-24 10:04:00,80.5,80.57,80.43,80.43,3726.0,CHK
2023-05-24 10:03:00,80.29,80.52,80.29,80.51,2613.0,CHK
2023-05-24 10:02:00,80.27,80.28,80.27,80.28,1044.0,CHK
2023-05-24 10:01:00,80.03,80.32,79.98,80.32,9569.0,CHK
2023-05-24 10:00:00,79.93,80.15,79.89,80.0,6430.0,CHK
2023-05-24 09:59:00,80.02,80.1,79.86,79.89,4258.0,CHK
2023-05-24 09:58:00,80.1,80.1,80.03,80.1,1515.0,CHK
2023-05-24 09:57:00,80.275,80.39,80.21,80.21,6876.0,CHK
2023-05-24 09:56:00,80.29,80.29,80.27,80.275,1033.0,CHK
2023-05-24 09:55:00,80.24,80.34,80.205,80.26,3831.0,CHK
2023-05-24 09:54:00,80.11,80.11,80.11,80.11,134.0,CHK
2023-05-24 09:53:00,80.35,80.41,80.09,80.09,9358.0,CHK
2023-05-24 09:52:00,80.36,80.36,80.36,80.36,614.0,CHK
2023-05-24 09:51:00,80.49,80.51,80.32,80.32,5378.0,CHK
2023-05-24 09:50:00,80.87,80.87,80.375,80.375,7008.0,CHK
2023-05-24 09:49:00,80.675,80.68,80.675,80.68,411.0,CHK
2023-05-24 09:48:00,80.83,80.84,80.78,80.79,2831.0,CHK
2023-05-24 09:47:00,80.92,80.95,80.87,80.87,1407.0,CHK
2023-05-24 09:46:00,81.1,81.18,80.86,80.98,3680.0,CHK
2023-05-24 09:45:00,81.16,81.22,81.16,81.22,1020.0,CHK
2023-05-24 09:44:00,81.265,81.35,81.22,81.22,701.0,CHK
2023-05-24 09:43:00,81.305,81.305,81.305,81.305,388.0,CHK
2023-05-24 09:42:00,81.22,81.4,81.22,81.345,877.0,CHK
2023-05-24 09:40:00,81.105,81.16,81.105,81.1175,2660.0,CHK
2023-05-24 09:39:00,81.17,81.17,81.17,81.17,800.0,CHK
2023-05-24 09:38:00,80.85,81.145,80.85,81.085,3880.0,CHK
2023-05-24 09:37:00,80.86,80.9531,80.8,80.85,9818.0,CHK
2023-05-24 09:36:00,80.875,80.875,80.81,80.81,739.0,CHK
2023-05-24 09:35:00,80.915,80.915,80.75,80.86,1616.0,CHK
2023-05-24 09:34:00,80.915,80.915,80.8,80.915,1315.0,CHK
2023-05-24 09:33:00,81.08,81.08,80.82,80.82,3101.0,CHK
2023-05-24 09:32:00,81.405,81.405,81.09,81.1,9966.0,CHK
2023-05-24 09:30:00,81.5,81.5,81.405,81.405,13814.0,CHK
2023-05-24 09:29:00,81.55,81.57,81.55,81.57,918.0,CHK
2023-05-24 08:22:00,81.4,81.4,81.34,81.34,442.0,CHK
2023-05-23 16:00:00,80.78,80.78,80.78,80.78,20783.0,CHK
2023-05-23 15:59:00,80.74,80.82,80.73,80.79,35610.0,CHK
2023-05-23 15:58:00,80.69,80.74,80.685,80.735,19622.0,CHK
2023-05-23 15:57:00,80.66,80.69,80.58,80.69,19768.0,CHK
2023-05-23 15:56:00,80.675,80.69,80.625,80.67,22001.0,CHK
2023-05-23 15:55:00,80.67,80.675,80.6,80.675,21325.0,CHK
2023-05-23 15:54:00,80.73,80.73,80.66,80.68,17394.0,CHK
2023-05-23 15:53:00,80.715,80.75,80.71,80.72,14900.0,CHK
2023-05-23 15:52:00,80.73,80.73,80.7,80.715,4374.0,CHK
2023-05-23 15:51:00,80.75,80.78,80.71,80.75,13789.0,CHK
2023-05-23 15:50:00,80.96,80.96,80.72,80.72,9756.0,CHK
2023-05-23 15:49:00,80.87,80.95,80.87,80.95,13282.0,CHK
2023-05-23 15:48:00,80.84,80.87,80.81,80.87,11596.0,CHK
2023-05-23 15:47:00,80.8894,80.8894,80.855,80.855,3693.0,CHK
2023-05-23 15:46:00,80.875,80.875,80.81,80.86,10669.0,CHK
2023-05-23 15:45:00,80.97,80.97,80.85,80.88,5714.0,CHK
2023-05-23 15:44:00,81.0,81.04,80.97,80.98,6765.0,CHK
2023-05-23 15:43:00,80.99,81.02,80.98,81.0,3893.0,CHK
2023-05-23 15:42:00,80.83,80.9843,80.83,80.9843,7397.0,CHK
2023-05-23 15:41:00,80.795,80.83,80.78,80.8,12521.0,CHK
2023-05-23 15:40:00,80.83,80.86,80.775,80.775,4493.0,CHK
2023-05-23 15:39:00,80.83,80.835,80.83,80.835,2556.0,CHK
2023-05-23 15:38:00,80.84,80.875,80.81,80.83,5613.0,CHK
2023-05-23 15:37:00,80.81,80.81,80.74,80.77,8325.0,CHK
2023-05-23 15:36:00,80.805,80.82,80.805,80.81,5538.0,CHK
2023-05-23 15:35:00,80.835,80.84,80.8,80.8,11197.0,CHK
2023-05-23 15:34:00,80.755,80.82,80.755,80.82,10805.0,CHK
2023-05-23 15:33:00,80.695,80.75,80.67,80.74,11472.0,CHK
2023-05-23 15:32:00,80.75,80.75,80.68,80.68,3413.0,CHK
2023-05-23 15:31:00,80.65,80.78,80.635,80.77,10739.0,CHK
2023-05-23 15:30:00,80.725,80.725,80.62,80.62,4231.0,CHK
2023-05-23 15:29:00,80.62,80.78,80.62,80.71,7336.0,CHK
2023-05-23 15:28:00,80.66,80.66,80.61,80.62,4237.0,CHK
2023-05-23 15:27:00,80.7,80.71,80.69,80.7,1320.0,CHK
2023-05-23 15:26:00,80.665,80.7,80.64,80.7,2359.0,CHK
2023-05-23 15:25:00,80.67,80.67,80.655,80.665,1815.0,CHK
2023-05-23 15:24:00,80.68,80.71,80.59,80.7,5663.0,CHK
2023-05-23 15:23:00,80.71,80.75,80.68,80.681,4060.0,CHK
2023-05-23 15:22:00,80.655,80.695,80.63,80.68,1198.0,CHK
2023-05-23 15:21:00,80.725,80.725,80.63,80.655,4212.0,CHK
2023-05-23 15:20:00,80.74,80.74,80.71,80.72,2979.0,CHK
2023-05-23 15:19:00,80.7,80.74,80.69,80.715,5098.0,CHK
2023-05-23 15:18:00,80.73,80.73,80.72,80.725,1699.0,CHK
2023-05-23 15:17:00,80.745,80.755,80.74,80.745,1786.0,CHK
2023-05-23 15:16:00,80.75,80.78,80.75,80.775,1740.0,CHK
2023-05-23 15:15:00,80.79,80.79,80.69,80.73,3539.0,CHK
2023-05-23 15:14:00,80.75,80.82,80.75,80.82,773.0,CHK
2023-05-23 15:13:00,80.77,80.77,80.74,80.75,1643.0,CHK
2023-05-23 15:12:00,80.77,80.78,80.77,80.78,406.0,CHK
2023-05-23 15:11:00,80.8,80.81,80.8,80.81,966.0,CHK
2023-05-23 15:10:00,80.745,80.82,80.745,80.78,2935.0,CHK
2023-05-23 15:09:00,80.79,80.79,80.74,80.74,1871.0,CHK
2023-05-23 15:08:00,80.81,80.81,80.78,80.78,3267.0,CHK
2023-05-23 15:06:00,80.86,80.89,80.86,80.865,806.0,CHK
2023-05-23 15:05:00,80.87,80.92,80.87,80.87,2281.0,CHK
2023-05-23 15:04:00,80.78,80.83,80.78,80.83,1958.0,CHK
2023-05-23 15:03:00,80.75,80.755,80.72,80.75,1742.0,CHK
2023-05-23 15:02:00,80.79,80.79,80.76,80.76,1179.0,CHK
2023-05-23 15:01:00,80.86,80.86,80.79,80.79,3165.0,CHK
2023-05-23 15:00:00,80.9,80.905,80.9,80.905,1177.0,CHK
2023-05-23 14:59:00,80.89,80.92,80.87,80.875,2270.0,CHK
2023-05-23 14:58:00,80.885,80.925,80.88,80.925,3013.0,CHK
2023-05-23 14:57:00,80.88,80.89,80.88,80.89,1077.0,CHK
2023-05-23 14:56:00,80.88,80.89,80.86,80.86,1206.0,CHK
2023-05-23 14:55:00,80.835,80.86,80.835,80.86,482.0,CHK
2023-05-23 14:54:00,80.85,80.85,80.82,80.85,3078.0,CHK
2023-05-23 14:53:00,80.91,80.91,80.83,80.83,3497.0,CHK
2023-05-23 14:52:00,80.935,80.935,80.935,80.935,225.0,CHK
2023-05-23 14:51:00,80.935,80.96,80.935,80.935,2304.0,CHK
2023-05-23 14:50:00,80.935,80.935,80.935,80.935,506.0,CHK
2023-05-23 14:49:00,80.94,80.97,80.9,80.9,1995.0,CHK
2023-05-23 14:48:00,80.86,80.92,80.86,80.92,2424.0,CHK
2023-05-23 14:47:00,80.86,80.875,80.83,80.86,1705.0,CHK
2023-05-23 14:46:00,80.88,80.88,80.8447,80.8447,2841.0,CHK
2023-05-23 14:45:00,80.89,80.935,80.88,80.92,2902.0,CHK
2023-05-23 14:44:00,80.87,80.87,80.87,80.87,850.0,CHK
2023-05-23 14:43:00,80.82,80.91,80.815,80.85,4010.0,CHK
2023-05-23 14:42:00,80.805,80.82,80.8,80.8,1630.0,CHK
2023-05-23 14:41:00,80.74,80.805,80.74,80.805,1104.0,CHK
2023-05-23 14:40:00,80.765,80.8,80.73,80.77,2334.0,CHK
2023-05-23 14:39:00,80.745,80.77,80.72,80.765,1824.0,CHK
2023-05-23 14:38:00,80.75,80.75,80.75,80.75,936.0,CHK
2023-05-23 14:37:00,80.77,80.77,80.76,80.76,315.0,CHK
2023-05-23 14:36:00,80.77,80.8,80.74,80.8,2762.0,CHK
2023-05-23 14:35:00,80.83,80.83,80.8,80.81,1847.0,CHK
2023-05-23 14:34:00,80.84,80.86,80.84,80.86,536.0,CHK
2023-05-23 14:33:00,80.81,80.85,80.81,80.82,1553.0,CHK
2023-05-23 14:32:00,80.86,80.87,80.8,80.805,1613.0,CHK
2023-05-23 14:31:00,80.89,80.91,80.88,80.91,1179.0,CHK
2023-05-23 14:30:00,80.76,80.86,80.76,80.86,1371.0,CHK
2023-05-23 14:29:00,80.83,80.86,80.74,80.75,3383.0,CHK
2023-05-23 14:28:00,80.81,80.84,80.8,80.83,1948.0,CHK
2023-05-23 14:27:00,80.615,80.795,80.615,80.795,3943.0,CHK
2023-05-23 14:26:00,80.575,80.66,80.575,80.59,3066.0,CHK
2023-05-23 14:25:00,80.65,80.665,80.57,80.57,2329.0,CHK
2023-05-23 14:24:00,80.705,80.71,80.66,80.66,1913.0,CHK
2023-05-23 14:23:00,80.71,80.735,80.65,80.735,2291.0,CHK
2023-05-23 14:22:00,80.78,80.78,80.71,80.755,1431.0,CHK
2023-05-23 14:21:00,80.845,80.845,80.8,80.805,2271.0,CHK
2023-05-23 14:20:00,80.89,80.89,80.84,80.84,1343.0,CHK
2023-05-23 14:19:00,81.0,81.0,80.86,80.86,2655.0,CHK
2023-05-23 14:18:00,81.015,81.05,81.015,81.02,2284.0,CHK
2023-05-23 14:17:00,81.07,81.07,81.02,81.0484,3322.0,CHK
2023-05-23 14:16:00,81.2,81.22,81.08,81.08,5588.0,CHK
2023-05-23 14:15:00,81.24,81.24,81.132,81.16,3436.0,CHK
2023-05-23 14:14:00,81.24,81.24,81.24,81.24,461.0,CHK
2023-05-23 14:13:00,81.24,81.28,81.22,81.22,875.0,CHK
2023-05-23 14:12:00,81.28,81.315,81.22,81.24,2731.0,CHK
2023-05-23 14:11:00,81.3,81.32,81.3,81.32,1389.0,CHK
2023-05-23 14:10:00,81.44,81.49,81.34,81.34,14822.0,CHK
2023-05-23 14:09:00,81.475,81.475,81.475,81.475,243.0,CHK
2023-05-23 14:08:00,81.5,81.53,81.42,81.46,3448.0,CHK
2023-05-23 14:07:00,81.54,81.54,81.54,81.54,494.0,CHK
2023-05-23 14:05:00,81.59,81.59,81.57,81.57,1722.0,CHK
2023-05-23 14:04:00,81.695,81.695,81.6,81.6575,2808.0,CHK
2023-05-23 14:03:00,81.6016,81.71,81.595,81.695,6192.0,CHK
2023-05-23 14:02:00,81.6,81.6,81.6,81.6,971.0,CHK
2023-05-23 14:01:00,81.59,81.62,81.57,81.6,4647.0,CHK
2023-05-23 14:00:00,81.6,81.6,81.55,81.59,1630.0,CHK
2023-05-23 13:59:00,81.6,81.6,81.57,81.595,2636.0,CHK
2023-05-23 13:58:00,81.56,81.62,81.56,81.6,3686.0,CHK
2023-05-23 13:57:00,81.68,81.68,81.56,81.57,2053.0,CHK
2023-05-23 13:56:00,81.66,81.68,81.65,81.65,619.0,CHK
2023-05-23 13:55:00,81.7404,81.7404,81.68,81.68,2236.0,CHK
2023-05-23 13:54:00,81.705,81.745,81.7,81.745,898.0,CHK
2023-05-23 13:53:00,81.732,81.732,81.732,81.732,508.0,CHK
2023-05-23 13:52:00,81.78,81.8,81.74,81.74,5955.0,CHK
2023-05-23 13:51:00,81.74,81.76,81.71,81.76,2643.0,CHK
2023-05-23 13:50:00,81.74,81.74,81.74,81.74,427.0,CHK
2023-05-23 13:49:00,81.72,81.78,81.72,81.72,2595.0,CHK
2023-05-23 13:48:00,81.75,81.75,81.75,81.75,402.0,CHK
2023-05-23 13:47:00,81.74,81.75,81.74,81.75,1054.0,CHK
2023-05-23 13:46:00,81.7317,81.7317,81.7317,81.7317,252.0,CHK
2023-05-23 13:45:00,81.73,81.78,81.73,81.73,2430.0,CHK
2023-05-23 13:44:00,81.665,81.73,81.65,81.73,637.0,CHK
2023-05-23 13:43:00,81.54,81.7,81.53,81.7,6221.0,CHK
2023-05-23 13:42:00,81.48,81.505,81.48,81.505,1114.0,CHK
2023-05-23 13:41:00,81.5,81.53,81.43,81.43,4553.0,CHK
2023-05-23 13:40:00,81.46,81.46,81.46,81.46,384.0,CHK
2023-05-23 13:39:00,81.52,81.55,81.46,81.46,2473.0,CHK
2023-05-23 13:37:00,81.5,81.54,81.47,81.52,2507.0,CHK
2023-05-23 13:36:00,81.52,81.52,81.46,81.475,2148.0,CHK
2023-05-23 13:35:00,81.5159,81.5159,81.5126,81.5126,443.0,CHK
2023-05-23 13:34:00,81.53,81.53,81.49,81.49,1029.0,CHK
2023-05-23 13:33:00,81.49,81.49,81.47,81.49,1066.0,CHK
2023-05-23 13:32:00,81.46,81.46,81.45,81.45,458.0,CHK
2023-05-23 13:31:00,81.505,81.505,81.5,81.5,265.0,CHK
2023-05-23 13:30:00,81.59,81.61,81.5304,81.5304,1668.0,CHK
2023-05-23 13:29:00,81.67,81.67,81.61,81.61,1381.0,CHK
2023-05-23 13:28:00,81.71,81.72,81.695,81.695,1730.0,CHK
2023-05-23 13:27:00,81.775,81.775,81.68,81.72,3663.0,CHK
2023-05-23 13:26:00,81.7903,81.8,81.775,81.775,727.0,CHK
2023-05-23 13:25:00,81.82,81.82,81.775,81.775,1287.0,CHK
2023-05-23 13:24:00,81.77,81.795,81.77,81.795,392.0,CHK
2023-05-23 13:23:00,81.6694,81.76,81.6694,81.76,2244.0,CHK
2023-05-23 13:22:00,81.67,81.67,81.66,81.67,1206.0,CHK
2023-05-23 13:21:00,81.665,81.6783,81.655,81.655,689.0,CHK
2023-05-23 13:20:00,81.7111,81.7111,81.66,81.66,1036.0,CHK
2023-05-23 13:19:00,81.64,81.68,81.637,81.68,1427.0,CHK
2023-05-23 13:18:00,81.586,81.655,81.586,81.64,3132.0,CHK
2023-05-23 13:17:00,81.56,81.5836,81.56,81.575,979.0,CHK
2023-05-23 13:16:00,81.5245,81.5245,81.5245,81.5245,223.0,CHK
2023-05-23 13:15:00,81.56,81.59,81.54,81.54,2269.0,CHK
2023-05-23 13:14:00,81.525,81.525,81.525,81.525,341.0,CHK
2023-05-23 13:13:00,81.485,81.525,81.485,81.525,1090.0,CHK
2023-05-23 13:12:00,81.5,81.5,81.46,81.46,472.0,CHK
2023-05-23 13:11:00,81.5,81.51,81.49,81.49,1086.0,CHK
2023-05-23 13:10:00,81.54,81.54,81.54,81.54,415.0,CHK
2023-05-23 13:08:00,81.53,81.555,81.51,81.535,1161.0,CHK
2023-05-23 13:07:00,81.56,81.56,81.56,81.56,841.0,CHK
2023-05-23 13:05:00,81.515,81.515,81.45,81.485,5587.0,CHK
2023-05-23 13:04:00,81.59,81.59,81.53,81.545,3117.0,CHK
2023-05-23 13:03:00,81.565,81.62,81.565,81.59,2138.0,CHK
2023-05-23 13:02:00,81.565,81.565,81.565,81.565,478.0,CHK
2023-05-23 13:01:00,81.575,81.575,81.55,81.55,12228.0,CHK
2023-05-23 13:00:00,81.53,81.6,81.53,81.6,2093.0,CHK
2023-05-23 12:59:00,81.48,81.5,81.48,81.5,893.0,CHK
2023-05-23 12:58:00,81.5,81.525,81.48,81.48,634.0,CHK
2023-05-23 12:57:00,81.485,81.49,81.47,81.49,2013.0,CHK
2023-05-23 12:56:00,81.49,81.52,81.485,81.5,1540.0,CHK
2023-05-23 12:55:00,81.47,81.49,81.47,81.475,1241.0,CHK
2023-05-23 12:54:00,81.53,81.53,81.47,81.47,2718.0,CHK
2023-05-23 12:53:00,81.49,81.51,81.49,81.5,1287.0,CHK
2023-05-23 12:51:00,81.43,81.46,81.43,81.43,1530.0,CHK
2023-05-23 12:50:00,81.485,81.485,81.43,81.43,1364.0,CHK
2023-05-23 12:49:00,81.44,81.44,81.44,81.44,565.0,CHK
2023-05-23 12:48:00,81.35,81.44,81.35,81.44,1494.0,CHK
2023-05-23 12:47:00,81.44,81.44,81.41,81.425,1506.0,CHK
2023-05-23 12:46:00,81.425,81.425,81.425,81.425,321.0,CHK
2023-05-23 12:45:00,81.36,81.39,81.355,81.39,1010.0,CHK
2023-05-23 12:44:00,81.51,81.51,81.38,81.38,2280.0,CHK
2023-05-23 12:43:00,81.53,81.59,81.495,81.51,6649.0,CHK
2023-05-23 12:42:00,81.52,81.53,81.49,81.53,1995.0,CHK
2023-05-23 12:41:00,81.565,81.565,81.5,81.5,1853.0,CHK
2023-05-23 12:40:00,81.56,81.565,81.52,81.565,2123.0,CHK
2023-05-23 12:38:00,81.5,81.54,81.49,81.5,4746.0,CHK
2023-05-23 12:37:00,81.613,81.613,81.5,81.5,1085.0,CHK
2023-05-23 12:36:00,81.55,81.6,81.55,81.6,1450.0,CHK
2023-05-23 12:35:00,81.66,81.66,81.55,81.55,1605.0,CHK
2023-05-23 12:34:00,81.71,81.72,81.71,81.72,993.0,CHK
2023-05-23 12:33:00,81.78,81.8,81.73,81.75,3592.0,CHK
2023-05-23 12:32:00,81.72,81.72,81.72,81.72,445.0,CHK
2023-05-23 12:31:00,81.72,81.72,81.72,81.72,379.0,CHK
2023-05-23 12:30:00,81.725,81.75,81.67,81.75,6579.0,CHK
2023-05-23 12:29:00,81.73,81.755,81.69,81.735,1959.0,CHK
2023-05-23 12:28:00,81.76,81.7899,81.75,81.76,2536.0,CHK
2023-05-23 12:27:00,81.775,81.775,81.775,81.775,572.0,CHK
2023-05-23 12:26:00,81.805,81.82,81.8,81.8,10804.0,CHK
2023-05-23 12:25:00,81.8,81.86,81.73,81.86,3183.0,CHK
2023-05-23 12:24:00,81.8,81.8,81.75,81.775,2537.0,CHK
2023-05-23 12:23:00,81.74,81.78,81.74,81.76,1933.0,CHK
2023-05-23 12:22:00,81.71,81.715,81.69,81.715,874.0,CHK
2023-05-23 12:21:00,81.74,81.74,81.7001,81.7001,1209.0,CHK
2023-05-23 12:20:00,81.8,81.81,81.76,81.76,1333.0,CHK
2023-05-23 12:19:00,81.81,81.81,81.805,81.805,713.0,CHK
2023-05-23 12:18:00,81.8,81.805,81.79,81.805,1116.0,CHK
2023-05-23 12:17:00,81.83,81.85,81.79,81.82,2632.0,CHK
2023-05-23 12:16:00,81.79,81.81,81.79,81.81,896.0,CHK
2023-05-23 12:14:00,81.83,81.83,81.825,81.825,574.0,CHK
2023-05-23 12:13:00,81.78,81.8899,81.78,81.855,569.0,CHK
2023-05-23 12:12:00,81.76,81.82,81.755,81.82,2028.0,CHK
2023-05-23 12:11:00,81.84,81.84,81.81,81.81,364.0,CHK
2023-05-23 12:10:00,81.87,81.87,81.87,81.87,270.0,CHK
2023-05-23 12:09:00,81.95,81.95,81.88,81.89,1880.0,CHK
2023-05-23 12:08:00,81.98,82.0,81.96,81.985,2692.0,CHK
2023-05-23 12:07:00,81.99,82.01,81.9491,82.01,2162.0,CHK
2023-05-23 12:06:00,81.935,81.94,81.935,81.94,1313.0,CHK
2023-05-23 12:05:00,81.87,81.93,81.87,81.93,1444.0,CHK
2023-05-23 12:04:00,81.87,81.87,81.87,81.87,318.0,CHK
2023-05-23 12:03:00,81.8,81.875,81.79,81.865,2806.0,CHK
2023-05-23 12:02:00,81.79,81.81,81.75,81.785,4149.0,CHK
2023-05-23 12:01:00,81.82,81.825,81.81,81.81,422.0,CHK
2023-05-23 12:00:00,81.88,81.88,81.82,81.82,500.0,CHK
2023-05-23 11:59:00,81.91,81.91,81.85,81.85,1335.0,CHK
2023-05-23 11:58:00,81.94,81.94,81.9,81.9,1990.0,CHK
2023-05-23 11:57:00,81.94,81.94,81.92,81.94,1281.0,CHK
2023-05-23 11:56:00,81.97,81.97,81.94,81.94,942.0,CHK
2023-05-23 11:55:00,82.06,82.06,81.98,81.99,1637.0,CHK
2023-05-23 11:54:00,82.14,82.14,82.04,82.08,5508.0,CHK
2023-05-23 11:53:00,82.14,82.17,82.14,82.16,2062.0,CHK
2023-05-23 11:52:00,82.105,82.13,82.105,82.13,2036.0,CHK
2023-05-23 11:51:00,82.1,82.13,82.1,82.12,1005.0,CHK
2023-05-23 11:50:00,82.1,82.1,82.08,82.08,1064.0,CHK
2023-05-23 11:49:00,82.07,82.08,82.07,82.07,1180.0,CHK
2023-05-23 11:48:00,82.075,82.11,82.04,82.06,3842.0,CHK
2023-05-23 11:47:00,82.08,82.099,82.08,82.0986,1336.0,CHK
2023-05-23 11:45:00,82.06,82.11,82.06,82.1,2046.0,CHK
2023-05-23 11:44:00,81.97,82.05,81.97,82.02,3132.0,CHK
2023-05-23 11:43:00,82.055,82.055,81.97,81.97,1866.0,CHK
2023-05-23 11:42:00,82.1601,82.1601,82.04,82.055,6981.0,CHK
2023-05-23 11:41:00,82.209,82.25,82.18,82.18,1867.0,CHK
2023-05-23 11:40:00,82.24,82.26,82.19,82.19,1530.0,CHK
2023-05-23 11:39:00,82.19,82.2,82.19,82.2,706.0,CHK
2023-05-23 11:38:00,82.2,82.2,82.19,82.2,2610.0,CHK
2023-05-23 11:37:00,82.31,82.31,82.23,82.23,2778.0,CHK
2023-05-23 11:36:00,82.37,82.37,82.285,82.285,560.0,CHK
2023-05-23 11:35:00,82.39,82.43,82.38,82.405,1989.0,CHK
2023-05-23 11:34:00,82.44,82.455,82.4,82.415,2161.0,CHK
2023-05-23 11:33:00,82.48,82.48,82.425,82.4373,1903.0,CHK
2023-05-23 11:32:00,82.51,82.51,82.47,82.48,1141.0,CHK
2023-05-23 11:31:00,82.48,82.535,82.48,82.535,1311.0,CHK
2023-05-23 11:30:00,82.48,82.48,82.48,82.48,1013.0,CHK
2023-05-23 11:29:00,82.51,82.51,82.51,82.51,122.0,CHK
2023-05-23 11:28:00,82.51,82.51,82.45,82.48,1749.0,CHK
2023-05-23 11:27:00,82.54,82.54,82.5,82.52,1092.0,CHK
2023-05-23 11:26:00,82.55,82.56,82.475,82.5,4501.0,CHK
2023-05-23 11:25:00,82.4723,82.53,82.4723,82.53,1296.0,CHK
2023-05-23 11:24:00,82.52,82.52,82.48,82.48,1424.0,CHK
2023-05-23 11:23:00,82.52,82.545,82.52,82.545,589.0,CHK
2023-05-23 11:22:00,82.6,82.6,82.48,82.48,13446.0,CHK
2023-05-23 11:21:00,82.54,82.6,82.54,82.6,1982.0,CHK
2023-05-23 11:20:00,82.54,82.545,82.51,82.53,2052.0,CHK
2023-05-23 11:19:00,82.6,82.62,82.565,82.565,1042.0,CHK
2023-05-23 11:18:00,82.59,82.59,82.587,82.587,1127.0,CHK
2023-05-23 11:17:00,82.68,82.68,82.57,82.57,2924.0,CHK
2023-05-23 11:16:00,82.64,82.68,82.64,82.675,1723.0,CHK
2023-05-23 11:15:00,82.62,82.625,82.62,82.625,517.0,CHK
2023-05-23 11:14:00,82.61,82.62,82.595,82.62,1801.0,CHK
2023-05-23 11:13:00,82.55,82.63,82.54,82.63,5402.0,CHK
2023-05-23 11:12:00,82.54,82.54,82.5,82.5,511.0,CHK
2023-05-23 11:11:00,82.42,82.52,82.42,82.515,1580.0,CHK
2023-05-23 11:10:00,82.34,82.43,82.34,82.425,5130.0,CHK
2023-05-23 11:09:00,82.33,82.33,82.32,82.32,500.0,CHK
2023-05-23 11:08:00,82.31,82.33,82.31,82.33,662.0,CHK
2023-05-23 11:07:00,82.24,82.32,82.24,82.3075,1576.0,CHK
2023-05-23 11:06:00,82.22,82.265,82.19,82.265,2522.0,CHK
2023-05-23 11:05:00,82.27,82.275,82.24,82.24,1022.0,CHK
2023-05-23 11:04:00,82.3,82.3,82.3,82.3,319.0,CHK
2023-05-23 11:03:00,82.235,82.28,82.2,82.28,3986.0,CHK
2023-05-23 11:02:00,82.16,82.24,82.135,82.24,3225.0,CHK
2023-05-23 11:01:00,82.19,82.19,82.135,82.135,1624.0,CHK
2023-05-23 11:00:00,82.18,82.18,82.18,82.18,572.0,CHK
2023-05-23 10:58:00,82.165,82.205,82.1617,82.205,2064.0,CHK
2023-05-23 10:57:00,82.17,82.2,82.16,82.165,1244.0,CHK
2023-05-23 10:56:00,82.17,82.19,82.17,82.185,1881.0,CHK
2023-05-23 10:55:00,82.3,82.3,82.15,82.2,4433.0,CHK
2023-05-23 10:54:00,82.3,82.3,82.3,82.3,1046.0,CHK
2023-05-23 10:53:00,82.27,82.29,82.25,82.25,1181.0,CHK
2023-05-23 10:52:00,82.35,82.35,82.18,82.28,2971.0,CHK
2023-05-23 10:51:00,82.39,82.39,82.32,82.35,3663.0,CHK
2023-05-23 10:50:00,82.42,82.42,82.37,82.385,3431.0,CHK
2023-05-23 10:49:00,82.36,82.42,82.36,82.395,578.0,CHK
2023-05-23 10:48:00,82.31,82.34,82.31,82.34,1638.0,CHK
2023-05-23 10:47:00,82.28,82.315,82.28,82.315,1267.0,CHK
2023-05-23 10:46:00,82.28,82.31,82.24,82.24,1342.0,CHK
2023-05-23 10:45:00,82.23,82.295,82.23,82.245,1525.0,CHK
2023-05-23 10:44:00,82.24,82.24,82.225,82.225,851.0,CHK
2023-05-23 10:43:00,82.3439,82.3439,82.235,82.235,1945.0,CHK
2023-05-23 10:42:00,82.4,82.4,82.34,82.34,5495.0,CHK
2023-05-23 10:41:00,82.485,82.51,82.42,82.42,3324.0,CHK
2023-05-23 10:40:00,82.45,82.48,82.45,82.48,2378.0,CHK
2023-05-23 10:39:00,82.47,82.47,82.45,82.45,475.0,CHK
2023-05-23 10:38:00,82.47,82.5,82.45,82.47,3215.0,CHK
2023-05-23 10:37:00,82.47,82.475,82.41,82.475,4015.0,CHK
2023-05-23 10:36:00,82.47,82.53,82.47,82.49,2468.0,CHK
2023-05-23 10:35:00,82.52,82.52,82.42,82.45,4330.0,CHK
2023-05-23 10:34:00,82.54,82.54,82.52,82.52,750.0,CHK
2023-05-23 10:33:00,82.4575,82.5607,82.45,82.5607,2242.0,CHK
2023-05-23 10:32:00,82.495,82.495,82.455,82.455,793.0,CHK
2023-05-23 10:31:00,82.495,82.495,82.445,82.49,3952.0,CHK
2023-05-23 10:30:00,82.5,82.57,82.485,82.5,5132.0,CHK
2023-05-23 10:28:00,82.495,82.495,82.48,82.49,689.0,CHK
2023-05-23 10:27:00,82.48,82.51,82.48,82.5,1450.0,CHK
2023-05-23 10:26:00,82.335,82.435,82.335,82.435,1250.0,CHK
2023-05-23 10:25:00,82.24,82.34,82.24,82.325,1399.0,CHK
2023-05-23 10:24:00,82.18,82.3,82.18,82.21,5059.0,CHK
2023-05-23 10:23:00,82.23,82.23,82.18,82.18,516.0,CHK
2023-05-23 10:22:00,82.29,82.29,82.29,82.29,363.0,CHK
2023-05-23 10:21:00,82.27,82.335,82.2,82.2,2210.0,CHK
2023-05-23 10:20:00,82.21,82.2725,82.14,82.2725,2714.0,CHK
2023-05-23 10:19:00,82.195,82.265,82.12,82.265,3723.0,CHK
2023-05-23 10:18:00,82.35,82.35,82.185,82.185,7168.0,CHK
2023-05-23 10:17:00,82.45,82.45,82.255,82.255,18638.0,CHK
2023-05-23 10:16:00,82.48,82.48,82.4,82.43,1336.0,CHK
2023-05-23 10:15:00,82.515,82.5202,82.44,82.48,2905.0,CHK
2023-05-23 10:14:00,82.465,82.52,82.465,82.515,1560.0,CHK
2023-05-23 10:13:00,82.51,82.51,82.465,82.465,1332.0,CHK
2023-05-23 10:12:00,82.62,82.62,82.56,82.585,1201.0,CHK
2023-05-23 10:11:00,82.62,82.66,82.57,82.66,5278.0,CHK
2023-05-23 10:10:00,82.615,82.66,82.61,82.61,1023.0,CHK
2023-05-23 10:09:00,82.615,82.615,82.615,82.615,234.0,CHK
2023-05-23 10:08:00,82.58,82.66,82.58,82.64,3110.0,CHK
2023-05-23 10:07:00,82.65,82.65,82.58,82.58,1354.0,CHK
2023-05-23 10:06:00,82.655,82.7217,82.59,82.645,2832.0,CHK
2023-05-23 10:05:00,82.68,82.68,82.55,82.585,1736.0,CHK
2023-05-23 10:04:00,82.75,82.75,82.69,82.74,1086.0,CHK
2023-05-23 10:03:00,82.7,82.745,82.7,82.745,1259.0,CHK
2023-05-23 10:02:00,82.64,82.685,82.64,82.685,1313.0,CHK
2023-05-23 10:01:00,82.635,82.635,82.63,82.635,422.0,CHK
2023-05-23 10:00:00,82.55,82.705,82.55,82.63,2884.0,CHK
2023-05-23 09:59:00,82.55,82.6011,82.55,82.55,1302.0,CHK
2023-05-23 09:58:00,82.58,82.58,82.51,82.55,2958.0,CHK
2023-05-23 09:57:00,82.52,82.52,82.48,82.48,2617.0,CHK
2023-05-23 09:56:00,82.54,82.58,82.47,82.53,1870.0,CHK
2023-05-23 09:55:00,82.47,82.5,82.47,82.5,1161.0,CHK
2023-05-23 09:54:00,82.44,82.46,82.425,82.46,4053.0,CHK
2023-05-23 09:53:00,82.385,82.44,82.385,82.4,3157.0,CHK
2023-05-23 09:52:00,82.38,82.38,82.38,82.38,692.0,CHK
2023-05-23 09:51:00,82.36,82.38,82.35,82.38,1349.0,CHK
2023-05-23 09:50:00,82.28,82.305,82.28,82.305,416.0,CHK
2023-05-23 09:49:00,82.37,82.37,82.37,82.37,713.0,CHK
2023-05-23 09:48:00,82.24,82.3,82.17,82.3,1610.0,CHK
2023-05-23 09:47:00,82.245,82.32,82.24,82.29,701.0,CHK
2023-05-23 09:46:00,82.345,82.365,82.2,82.245,3897.0,CHK
2023-05-23 09:45:00,82.21,82.345,82.21,82.345,591.0,CHK
2023-05-23 09:44:00,82.0122,82.26,82.0122,82.26,1644.0,CHK
2023-05-23 09:43:00,82.0,82.09,82.0,82.09,880.0,CHK
2023-05-23 09:42:00,81.995,82.0,81.81,81.99,3350.0,CHK
2023-05-23 09:41:00,81.91,82.06,81.91,82.015,1988.0,CHK
2023-05-23 09:40:00,81.765,82.01,81.765,81.925,14434.0,CHK
2023-05-23 09:39:00,82.055,82.22,81.77,82.04,14567.0,CHK
2023-05-23 09:38:00,82.34,82.3683,82.175,82.195,6638.0,CHK
2023-05-23 09:37:00,82.55,82.55,82.37,82.44,1203.0,CHK
2023-05-23 09:36:00,82.53,82.55,82.505,82.55,1232.0,CHK
2023-05-23 09:35:00,82.655,82.655,82.36,82.43,2654.0,CHK
2023-05-23 09:34:00,82.635,82.635,82.63,82.63,728.0,CHK
2023-05-23 09:33:00,82.79,82.8473,82.43,82.84,3872.0,CHK
2023-05-23 09:32:00,82.78,82.91,82.7,82.79,8220.0,CHK
2023-05-23 09:31:00,82.78,82.78,82.78,82.78,129.0,CHK
2023-05-23 09:30:00,82.89,82.89,82.54,82.77,23706.0,CHK
2023-05-23 08:00:00,80.12,80.12,80.12,80.12,500.0,CHK
2023-05-22 19:56:00,82.27,82.27,82.27,82.27,100.0,CHK
2023-05-22 18:31:00,82.28,82.28,82.28,82.28,1747.0,CHK
2023-05-22 16:00:00,81.82,81.82,81.82,81.82,16766.0,CHK
2023-05-22 15:59:00,81.79,81.84,81.77,81.81,37521.0,CHK
2023-05-22 15:58:00,81.78,81.79,81.72,81.78,33782.0,CHK
2023-05-22 15:57:00,81.75,81.8,81.71,81.78,21085.0,CHK
2023-05-22 15:56:00,81.78,81.795,81.74,81.75,29340.0,CHK
2023-05-22 15:55:00,81.78,81.82,81.77,81.795,9850.0,CHK
2023-05-22 15:54:00,81.66,81.8,81.66,81.78,43160.0,CHK
2023-05-22 15:53:00,81.69,81.72,81.675,81.675,18581.0,CHK
2023-05-22 15:52:00,81.645,81.76,81.63,81.685,23354.0,CHK
2023-05-22 15:51:00,81.67,81.73,81.6,81.64,21465.0,CHK
2023-05-22 15:50:00,81.71,81.74,81.66,81.695,19804.0,CHK
2023-05-22 15:49:00,81.735,81.735,81.68,81.71,13227.0,CHK
2023-05-22 15:48:00,81.8,81.81,81.72,81.735,7516.0,CHK
2023-05-22 15:47:00,81.79,81.81,81.76,81.78,7041.0,CHK
2023-05-22 15:46:00,81.79,81.81,81.77,81.789,5267.0,CHK
2023-05-22 15:45:00,81.77,81.79,81.76,81.765,5249.0,CHK
2023-05-22 15:44:00,81.77,81.81,81.74,81.77,6865.0,CHK
2023-05-22 15:43:00,81.79,81.81,81.75,81.77,6504.0,CHK
2023-05-22 15:42:00,81.83,81.85,81.75,81.785,17324.0,CHK
2023-05-22 15:41:00,81.84,81.84,81.76,81.815,9219.0,CHK
2023-05-22 15:40:00,81.84,81.88,81.83,81.86,9533.0,CHK
2023-05-22 15:39:00,81.82,81.84,81.82,81.84,3538.0,CHK
2023-05-22 15:38:00,81.78,81.84,81.78,81.82,3994.0,CHK
2023-05-22 15:37:00,81.74,81.809,81.74,81.78,6754.0,CHK
2023-05-22 15:36:00,81.79,81.806,81.76,81.76,3935.0,CHK
2023-05-22 15:35:00,81.76,81.82,81.76,81.82,14575.0,CHK
2023-05-22 15:34:00,81.76,81.825,81.76,81.815,3075.0,CHK
2023-05-22 15:33:00,81.775,81.8,81.695,81.76,8626.0,CHK
2023-05-22 15:32:00,81.795,81.82,81.75,81.775,5638.0,CHK
2023-05-22 15:31:00,81.9,81.9,81.795,81.795,6248.0,CHK
2023-05-22 15:30:00,81.9,81.93,81.88,81.9,2038.0,CHK
2023-05-22 15:29:00,81.98,82.01,81.885,81.885,6764.0,CHK
2023-05-22 15:28:00,82.06,82.06,81.99,81.99,4738.0,CHK
2023-05-22 15:27:00,82.06,82.06,82.03,82.045,4326.0,CHK
2023-05-22 15:26:00,82.09,82.09,82.03,82.08,4879.0,CHK
2023-05-22 15:25:00,82.09,82.09,82.09,82.09,248.0,CHK
2023-05-22 15:24:00,82.055,82.09,82.02,82.09,4203.0,CHK
2023-05-22 15:23:00,82.065,82.08,82.02,82.069,4968.0,CHK
2023-05-22 15:22:00,82.085,82.1,82.065,82.07,3102.0,CHK
2023-05-22 15:21:00,82.125,82.15,82.08,82.1,4759.0,CHK
2023-05-22 15:20:00,82.14,82.14,82.125,82.125,1296.0,CHK
2023-05-22 15:19:00,82.14,82.14,82.115,82.12,2113.0,CHK
2023-05-22 15:18:00,82.11,82.13,82.11,82.12,2078.0,CHK
2023-05-22 15:17:00,82.095,82.1,82.07,82.1,2724.0,CHK
2023-05-22 15:16:00,82.08,82.1,82.08,82.1,1296.0,CHK
2023-05-22 15:15:00,82.08,82.1,82.08,82.1,1123.0,CHK
2023-05-22 15:14:00,82.075,82.1,82.06,82.1,3960.0,CHK
2023-05-22 15:13:00,82.09,82.1,82.07,82.075,1980.0,CHK
2023-05-22 15:12:00,82.045,82.1,82.045,82.1,3510.0,CHK
2023-05-22 15:11:00,82.05,82.06,82.04,82.045,2040.0,CHK
2023-05-22 15:10:00,82.03,82.06,82.015,82.03,9127.0,CHK
2023-05-22 15:09:00,82.01,82.03,82.0,82.005,2715.0,CHK
2023-05-22 15:08:00,82.01,82.02,81.975,82.01,4160.0,CHK
2023-05-22 15:07:00,82.035,82.04,82.02,82.02,2507.0,CHK
2023-05-22 15:06:00,82.095,82.095,82.035,82.035,2778.0,CHK
2023-05-22 15:05:00,82.05,82.1,82.05,82.095,4575.0,CHK
2023-05-22 15:04:00,82.06,82.065,82.04,82.05,2432.0,CHK
2023-05-22 15:03:00,82.1,82.1,82.06,82.06,2915.0,CHK
2023-05-22 15:02:00,82.12,82.12,82.11,82.12,1558.0,CHK
2023-05-22 15:01:00,82.09,82.11,82.09,82.11,1984.0,CHK
2023-05-22 15:00:00,82.1,82.1,82.085,82.1,1278.0,CHK
2023-05-22 14:59:00,82.08,82.09,82.075,82.09,1734.0,CHK
2023-05-22 14:58:00,82.08,82.08,82.05,82.06,2035.0,CHK
2023-05-22 14:57:00,82.045,82.11,82.045,82.1,2533.0,CHK
2023-05-22 14:56:00,82.06,82.06,82.04,82.04,904.0,CHK
2023-05-22 14:55:00,82.06,82.08,82.024,82.06,3194.0,CHK
2023-05-22 14:54:00,82.06,82.06,82.05,82.06,937.0,CHK
2023-05-22 14:53:00,82.045,82.08,82.04,82.06,2273.0,CHK
2023-05-22 14:52:00,82.06,82.09,82.05,82.06,5757.0,CHK
2023-05-22 14:51:00,82.03,82.05,82.025,82.05,1905.0,CHK
2023-05-22 14:50:00,82.065,82.07,82.03,82.03,1281.0,CHK
2023-05-22 14:49:00,82.06,82.09,82.06,82.07,3265.0,CHK
2023-05-22 14:48:00,82.035,82.045,82.035,82.045,1222.0,CHK
2023-05-22 14:47:00,81.995,82.04,81.995,82.04,2386.0,CHK
2023-05-22 14:46:00,82.0,82.01,81.985,82.01,2339.0,CHK
2023-05-22 14:45:00,82.03,82.03,82.0,82.0,1541.0,CHK
2023-05-22 14:44:00,81.99,82.03,81.99,82.03,2176.0,CHK
2023-05-22 14:43:00,81.985,82.0,81.985,82.0,1339.0,CHK
2023-05-22 14:42:00,82.0,82.0,81.99,81.995,809.0,CHK
2023-05-22 14:41:00,82.0,82.0,82.0,82.0,654.0,CHK
2023-05-22 14:40:00,81.97,82.0,81.97,82.0,1536.0,CHK
2023-05-22 14:39:00,81.97,81.97,81.94,81.945,1489.0,CHK
2023-05-22 14:38:00,82.02,82.06,81.945,81.945,5099.0,CHK
2023-05-22 14:37:00,82.01,82.01,81.995,82.0,1561.0,CHK
2023-05-22 14:36:00,81.99,81.99,81.99,81.99,1115.0,CHK
2023-05-22 14:35:00,82.0,82.0,81.97,81.99,1861.0,CHK
2023-05-22 14:34:00,82.01,82.04,82.01,82.025,2047.0,CHK
2023-05-22 14:33:00,82.01,82.01,81.99,81.995,1089.0,CHK
2023-05-22 14:32:00,81.975,82.0,81.975,82.0,2400.0,CHK
2023-05-22 14:31:00,82.0,82.0,81.98,81.985,1289.0,CHK
2023-05-22 14:30:00,82.0,82.015,82.0,82.005,1367.0,CHK
2023-05-22 14:29:00,82.005,82.005,82.005,82.005,445.0,CHK
2023-05-22 14:28:00,82.05,82.05,82.01,82.01,3005.0,CHK
2023-05-22 14:27:00,82.01,82.065,82.01,82.065,1199.0,CHK
2023-05-22 14:26:00,82.0,82.01,82.0,82.0,925.0,CHK
2023-05-22 14:25:00,81.905,81.99,81.905,81.99,2821.0,CHK
2023-05-22 14:24:00,81.955,81.955,81.905,81.91,1650.0,CHK
2023-05-22 14:23:00,81.965,81.965,81.95,81.955,1106.0,CHK
2023-05-22 14:22:00,81.965,81.965,81.965,81.965,549.0,CHK
2023-05-22 14:21:00,81.92,81.965,81.92,81.965,1872.0,CHK
2023-05-22 14:20:00,81.925,81.925,81.895,81.905,1647.0,CHK
2023-05-22 14:19:00,81.93,81.935,81.9264,81.93,1908.0,CHK
2023-05-22 14:18:00,81.935,81.96,81.93,81.95,1316.0,CHK
2023-05-22 14:17:00,81.95,81.95,81.935,81.935,1235.0,CHK
2023-05-22 14:16:00,81.86,81.9359,81.86,81.9359,2092.0,CHK
2023-05-22 14:15:00,81.82,81.83,81.79,81.82,2110.0,CHK
2023-05-22 14:14:00,81.805,81.805,81.775,81.775,657.0,CHK
2023-05-22 14:13:00,81.805,81.83,81.8,81.805,2110.0,CHK
2023-05-22 14:12:00,81.815,81.82,81.79,81.79,582.0,CHK
2023-05-22 14:11:00,81.835,81.835,81.82,81.825,1275.0,CHK
2023-05-22 14:10:00,81.88,81.88,81.81,81.835,4713.0,CHK
2023-05-22 14:09:00,81.945,81.945,81.89,81.905,2195.0,CHK
2023-05-22 14:08:00,81.94,81.97,81.94,81.945,2059.0,CHK
2023-05-22 14:07:00,81.935,81.935,81.9349,81.9349,507.0,CHK
2023-05-22 14:06:00,81.96,81.96,81.94,81.94,550.0,CHK
2023-05-22 14:05:00,81.88,81.95,81.88,81.95,2658.0,CHK
2023-05-22 14:04:00,81.94,81.94,81.9,81.92,2692.0,CHK
2023-05-22 14:03:00,81.94,81.97,81.94,81.94,2012.0,CHK
2023-05-22 14:02:00,81.98,81.98,81.93,81.94,3057.0,CHK
2023-05-22 14:01:00,82.07,82.075,82.01,82.01,2103.0,CHK
2023-05-22 14:00:00,82.1,82.1,82.1,82.1,1175.0,CHK
2023-05-22 13:59:00,82.12,82.12,82.1,82.1,845.0,CHK
2023-05-22 13:58:00,82.09,82.105,82.09,82.1,1960.0,CHK
2023-05-22 13:57:00,82.09,82.15,82.09,82.135,2629.0,CHK
2023-05-22 13:56:00,82.135,82.135,82.08,82.11,1928.0,CHK
2023-05-22 13:55:00,82.125,82.135,82.125,82.125,1211.0,CHK
2023-05-22 13:54:00,82.15,82.16,82.12,82.12,995.0,CHK
2023-05-22 13:53:00,82.105,82.11,82.105,82.11,536.0,CHK
2023-05-22 13:52:00,82.13,82.13,82.1,82.13,599.0,CHK
2023-05-22 13:51:00,82.045,82.12,82.045,82.12,1549.0,CHK
2023-05-22 13:50:00,82.05,82.05,82.04,82.04,1148.0,CHK
2023-05-22 13:49:00,82.1581,82.1581,82.09,82.09,2373.0,CHK
2023-05-22 13:48:00,82.15,82.15,82.15,82.15,231.0,CHK
2023-05-22 13:47:00,82.14,82.18,82.14,82.155,2275.0,CHK
2023-05-22 13:46:00,82.13,82.14,82.1,82.14,561.0,CHK
2023-05-22 13:45:00,82.1,82.133,82.1,82.133,2450.0,CHK
2023-05-22 13:44:00,82.14,82.14,82.07,82.07,1054.0,CHK
2023-05-22 13:43:00,82.2,82.21,82.2,82.2,789.0,CHK
2023-05-22 13:42:00,82.1999,82.1999,82.16,82.16,338.0,CHK
2023-05-22 13:41:00,82.28,82.28,82.16,82.16,4657.0,CHK
2023-05-22 13:40:00,82.18,82.27,82.18,82.235,3246.0,CHK
2023-05-22 13:39:00,82.1,82.1599,82.1,82.155,704.0,CHK
2023-05-22 13:38:00,82.05,82.13,82.05,82.13,2990.0,CHK
2023-05-22 13:37:00,82.02,82.05,82.02,82.05,773.0,CHK
2023-05-22 13:36:00,82.0,82.0,82.0,82.0,660.0,CHK
2023-05-22 13:35:00,81.96,82.02,81.96,82.0,1412.0,CHK
2023-05-22 13:34:00,81.8494,81.93,81.8494,81.93,1812.0,CHK
2023-05-22 13:33:00,81.85,81.86,81.83,81.83,746.0,CHK
2023-05-22 13:32:00,81.81,81.81,81.81,81.81,402.0,CHK
2023-05-22 13:31:00,81.805,81.805,81.805,81.805,358.0,CHK
2023-05-22 13:30:00,81.94,81.94,81.74,81.74,4555.0,CHK
2023-05-22 13:29:00,81.94,81.94,81.94,81.94,481.0,CHK
2023-05-22 13:28:00,81.94,81.98,81.89,81.89,2973.0,CHK
2023-05-22 13:27:00,81.93,81.95,81.86,81.91,4568.0,CHK
2023-05-22 13:26:00,81.91,81.93,81.905,81.93,741.0,CHK
2023-05-22 13:25:00,81.87,81.94,81.87,81.9,2058.0,CHK
2023-05-22 13:24:00,81.9,81.9,81.87,81.87,997.0,CHK
2023-05-22 13:23:00,81.93,81.93,81.93,81.93,655.0,CHK
2023-05-22 13:22:00,81.88,81.88,81.88,81.88,595.0,CHK
2023-05-22 13:21:00,81.87,81.87,81.83,81.83,1605.0,CHK
2023-05-22 13:20:00,81.94,81.94,81.9,81.9,2797.0,CHK
2023-05-22 13:19:00,81.88,81.91,81.88,81.9,970.0,CHK
2023-05-22 13:18:00,81.89,81.925,81.87,81.89,7585.0,CHK
2023-05-22 13:17:00,81.82,81.92,81.82,81.92,3067.0,CHK
2023-05-22 13:16:00,81.73,81.73,81.73,81.73,461.0,CHK
2023-05-22 13:15:00,81.87,81.87,81.74,81.79,56962.0,CHK
2023-05-22 13:14:00,81.97,82.0,81.84,81.84,7963.0,CHK
2023-05-22 13:13:00,81.99,81.99,81.93,81.935,3545.0,CHK
2023-05-22 13:12:00,82.02,82.05,82.0,82.0,2802.0,CHK
2023-05-22 13:11:00,82.05,82.05,81.95,82.01,3880.0,CHK
2023-05-22 13:10:00,82.05,82.07,82.04,82.06,1279.0,CHK
2023-05-22 13:09:00,82.055,82.055,82.055,82.055,2531.0,CHK
2023-05-22 13:08:00,82.04,82.055,82.04,82.055,576.0,CHK
2023-05-22 13:07:00,82.005,82.09,82.005,82.085,2404.0,CHK
2023-05-22 13:06:00,81.9901,82.02,81.9901,82.02,1069.0,CHK
2023-05-22 13:05:00,82.005,82.02,81.99,82.01,976.0,CHK
2023-05-22 13:04:00,82.0,82.005,81.985,82.005,2235.0,CHK
2023-05-22 13:03:00,81.95,82.0,81.95,81.96,3471.0,CHK
2023-05-22 13:02:00,81.95,81.97,81.9275,81.97,2102.0,CHK
2023-05-22 13:01:00,81.975,81.975,81.95,81.975,1215.0,CHK
2023-05-22 13:00:00,81.98,82.0,81.96,81.975,2334.0,CHK
2023-05-22 12:59:00,81.98,81.98,81.96,81.96,653.0,CHK
2023-05-22 12:58:00,81.945,81.945,81.94,81.94,526.0,CHK
2023-05-22 12:57:00,81.945,81.945,81.945,81.945,372.0,CHK
2023-05-22 12:56:00,81.88,81.94,81.88,81.92,1810.0,CHK
2023-05-22 12:55:00,81.865,81.88,81.865,81.88,951.0,CHK
2023-05-22 12:54:00,81.84,81.84,81.82,81.84,719.0,CHK
2023-05-22 12:53:00,81.815,81.82,81.8076,81.82,1371.0,CHK
2023-05-22 12:52:00,81.84,81.84,81.78,81.78,2232.0,CHK
2023-05-22 12:51:00,81.85,81.85,81.8301,81.8375,1061.0,CHK
2023-05-22 12:50:00,81.84,81.87,81.84,81.85,1510.0,CHK
2023-05-22 12:49:00,81.855,81.86,81.83,81.83,583.0,CHK
2023-05-22 12:48:00,81.845,81.89,81.845,81.89,1568.0,CHK
2023-05-22 12:47:00,81.84,81.865,81.84,81.84,1711.0,CHK
2023-05-22 12:46:00,81.85,81.85,81.85,81.85,194.0,CHK
2023-05-22 12:45:00,81.845,81.85,81.825,81.85,3615.0,CHK
2023-05-22 12:44:00,81.86,81.86,81.85,81.85,766.0,CHK
2023-05-22 12:43:00,81.86,81.88,81.86,81.88,976.0,CHK
2023-05-22 12:42:00,81.82,81.875,81.815,81.875,1922.0,CHK
2023-05-22 12:41:00,81.76,81.78,81.76,81.78,1233.0,CHK
2023-05-22 12:40:00,81.75,81.76,81.75,81.76,989.0,CHK
2023-05-22 12:39:00,81.79,81.795,81.73,81.73,3974.0,CHK
2023-05-22 12:38:00,81.8,81.83,81.79,81.79,2801.0,CHK
2023-05-22 12:37:00,81.805,81.81,81.8,81.81,799.0,CHK
2023-05-22 12:36:00,81.8,81.81,81.8,81.81,484.0,CHK
2023-05-22 12:35:00,81.83,81.83,81.78,81.78,605.0,CHK
2023-05-22 12:34:00,81.78,81.84,81.78,81.84,813.0,CHK
2023-05-22 12:32:00,81.795,81.795,81.795,81.795,135.0,CHK
2023-05-22 12:30:00,81.77,81.83,81.76,81.83,2031.0,CHK
2023-05-22 12:29:00,81.78,81.78,81.75,81.75,1147.0,CHK
2023-05-22 12:28:00,81.76,81.78,81.76,81.78,584.0,CHK
2023-05-22 12:27:00,81.744,81.75,81.7,81.74,2332.0,CHK
2023-05-22 12:26:00,81.68,81.73,81.68,81.715,3019.0,CHK
2023-05-22 12:25:00,81.64,81.6713,81.63,81.6713,910.0,CHK
2023-05-22 12:24:00,81.63,81.63,81.55,81.58,3265.0,CHK
2023-05-22 12:23:00,81.73,81.73,81.705,81.705,999.0,CHK
2023-05-22 12:22:00,81.7,81.71,81.685,81.7,1521.0,CHK
2023-05-22 12:21:00,81.66,81.69,81.64,81.67,1524.0,CHK
2023-05-22 12:20:00,81.61,81.61,81.61,81.61,272.0,CHK
2023-05-22 12:19:00,81.6,81.63,81.5802,81.6,3121.0,CHK
2023-05-22 12:18:00,81.59,81.61,81.55,81.58,1022.0,CHK
2023-05-22 12:17:00,81.625,81.636,81.61,81.61,2339.0,CHK
2023-05-22 12:16:00,81.59,81.6225,81.59,81.6225,1593.0,CHK
2023-05-22 12:15:00,81.57,81.575,81.57,81.575,1235.0,CHK
2023-05-22 12:14:00,81.56,81.56,81.56,81.56,205.0,CHK
2023-05-22 12:13:00,81.555,81.555,81.555,81.555,124.0,CHK
2023-05-22 12:12:00,81.62,81.63,81.5,81.55,7942.0,CHK
2023-05-22 12:11:00,81.64,81.64,81.58,81.61,1829.0,CHK
2023-05-22 12:10:00,81.665,81.665,81.63,81.635,1402.0,CHK
2023-05-22 12:09:00,81.6642,81.665,81.6642,81.665,279.0,CHK
2023-05-22 12:08:00,81.67,81.68,81.64,81.675,2119.0,CHK
2023-05-22 12:07:00,81.63,81.66,81.63,81.66,467.0,CHK
2023-05-22 12:06:00,81.66,81.66,81.61,81.63,625.0,CHK
2023-05-22 12:05:00,81.6,81.6,81.6,81.6,175.0,CHK
2023-05-22 12:04:00,81.64,81.67,81.64,81.64,820.0,CHK
2023-05-22 12:03:00,81.62,81.67,81.62,81.67,1458.0,CHK
2023-05-22 12:02:00,81.555,81.62,81.53,81.58,5652.0,CHK
2023-05-22 12:01:00,81.61,81.62,81.61,81.62,1011.0,CHK
2023-05-22 12:00:00,81.6681,81.72,81.6681,81.67,2422.0,CHK
2023-05-22 11:59:00,81.7,81.71,81.665,81.71,448.0,CHK
2023-05-22 11:58:00,81.73,81.73,81.665,81.665,3597.0,CHK
2023-05-22 11:57:00,81.785,81.785,81.7301,81.78,1437.0,CHK
2023-05-22 11:56:00,81.75,81.82,81.7301,81.785,8549.0,CHK
2023-05-22 11:55:00,81.7,81.77,81.66,81.77,101900.0,CHK
2023-05-22 11:54:00,81.635,81.71,81.635,81.71,1222.0,CHK
2023-05-22 11:52:00,81.56,81.64,81.54,81.64,56204.0,CHK
2023-05-22 11:51:00,81.53,81.55,81.53,81.55,1225.0,CHK
2023-05-22 11:50:00,81.55,81.55,81.54,81.54,602.0,CHK
2023-05-22 11:49:00,81.54,81.54,81.52,81.52,724.0,CHK
2023-05-22 11:48:00,81.51,81.52,81.48,81.51,3051.0,CHK
2023-05-22 11:47:00,81.43,81.49,81.43,81.49,1266.0,CHK
2023-05-22 11:46:00,81.465,81.465,81.455,81.455,543.0,CHK
2023-05-22 11:45:00,81.51,81.51,81.51,81.51,208.0,CHK
2023-05-22 11:43:00,81.45,81.46,81.45,81.46,884.0,CHK
2023-05-22 11:42:00,81.435,81.51,81.435,81.51,2008.0,CHK
2023-05-22 11:41:00,81.405,81.43,81.405,81.43,1835.0,CHK
2023-05-22 11:40:00,81.57,81.57,81.41,81.415,4691.0,CHK
2023-05-22 11:39:00,81.57,81.57,81.57,81.57,1249.0,CHK
2023-05-22 11:38:00,81.57,81.6,81.565,81.565,1776.0,CHK
2023-05-22 11:37:00,81.55,81.62,81.55,81.62,924.0,CHK
2023-05-22 11:36:00,81.47,81.53,81.47,81.53,1283.0,CHK
2023-05-22 11:35:00,81.47,81.47,81.44,81.47,3337.0,CHK
2023-05-22 11:34:00,81.455,81.49,81.43,81.49,7434.0,CHK
2023-05-22 11:33:00,81.455,81.455,81.455,81.455,318.0,CHK
2023-05-22 11:32:00,81.425,81.45,81.425,81.45,963.0,CHK
2023-05-22 11:31:00,81.36,81.4125,81.35,81.4125,2111.0,CHK
2023-05-22 11:30:00,81.295,81.35,81.295,81.35,1549.0,CHK
2023-05-22 11:29:00,81.38,81.38,81.3,81.3,2323.0,CHK
2023-05-22 11:28:00,81.415,81.415,81.31,81.345,3140.0,CHK
2023-05-22 11:27:00,81.355,81.43,81.355,81.415,2714.0,CHK
2023-05-22 11:26:00,81.355,81.38,81.35,81.38,413.0,CHK
2023-05-22 11:25:00,81.36,81.37,81.355,81.355,1279.0,CHK
2023-05-22 11:24:00,81.29,81.36,81.29,81.36,2189.0,CHK
2023-05-22 11:23:00,81.175,81.27,81.175,81.255,1486.0,CHK
2023-05-22 11:22:00,81.125,81.2,81.125,81.2,919.0,CHK
2023-05-22 11:21:00,81.11,81.16,81.11,81.16,1080.0,CHK
2023-05-22 11:20:00,81.085,81.11,81.02,81.11,1487.0,CHK
2023-05-22 11:19:00,81.225,81.225,81.07,81.09,2883.0,CHK
2023-05-22 11:18:00,81.165,81.23,81.165,81.225,3092.0,CHK
2023-05-22 11:17:00,81.165,81.18,81.165,81.165,326.0,CHK
2023-05-22 11:16:00,81.165,81.165,81.165,81.165,290.0,CHK
2023-05-22 11:15:00,81.155,81.2,81.135,81.165,1761.0,CHK
2023-05-22 11:14:00,81.16,81.165,81.1585,81.1585,497.0,CHK
2023-05-22 11:13:00,81.16,81.16,81.16,81.16,555.0,CHK
2023-05-22 11:12:00,81.26,81.265,81.13,81.15,18218.0,CHK
2023-05-22 11:11:00,81.23,81.27,81.2201,81.245,3493.0,CHK
2023-05-22 11:10:00,81.295,81.295,81.23,81.24,4122.0,CHK
2023-05-22 11:09:00,81.32,81.32,81.295,81.295,1365.0,CHK
2023-05-22 11:08:00,81.245,81.31,81.245,81.29,2538.0,CHK
2023-05-22 11:07:00,81.23,81.26,81.21,81.245,1567.0,CHK
2023-05-22 11:06:00,81.21,81.23,81.19,81.23,2346.0,CHK
2023-05-22 11:05:00,81.18,81.21,81.155,81.18,2300.0,CHK
2023-05-22 11:04:00,81.07,81.16,81.07,81.16,3260.0,CHK
2023-05-22 11:03:00,81.035,81.04,81.03,81.04,6051.0,CHK
2023-05-22 11:02:00,80.97,81.07,80.97,81.03,3523.0,CHK
2023-05-22 11:01:00,81.01,81.05,80.945,80.945,1994.0,CHK
2023-05-22 11:00:00,80.985,81.05,80.985,81.05,6551.0,CHK
2023-05-22 10:59:00,81.0,81.0,80.955,81.0,3306.0,CHK
2023-05-22 10:58:00,81.0,81.0,80.95,80.95,3453.0,CHK
2023-05-22 10:57:00,80.875,80.92,80.87,80.92,1198.0,CHK
2023-05-22 10:56:00,80.94,80.955,80.86,80.87,3419.0,CHK
2023-05-22 10:55:00,80.97,80.97,80.91,80.91,3073.0,CHK
2023-05-22 10:53:00,81.02,81.02,81.02,81.02,12338.0,CHK
2023-05-22 10:52:00,81.0,81.07,80.99,81.05,2849.0,CHK
2023-05-22 10:51:00,81.14,81.14,81.03,81.035,1231.0,CHK
2023-05-22 10:50:00,81.06,81.16,81.06,81.14,1206.0,CHK
2023-05-22 10:49:00,81.145,81.145,80.99,81.005,2594.0,CHK
2023-05-22 10:48:00,81.07,81.15,81.07,81.145,2598.0,CHK
2023-05-22 10:46:00,81.105,81.105,81.005,81.005,1958.0,CHK
2023-05-22 10:45:00,81.02,81.155,81.02,81.105,4210.0,CHK
2023-05-22 10:44:00,81.115,81.115,80.88,80.92,16163.0,CHK
2023-05-22 10:43:00,81.23,81.23,81.12,81.15,3505.0,CHK
2023-05-22 10:41:00,81.25,81.25,81.21,81.23,2321.0,CHK
2023-05-22 10:40:00,81.2,81.265,81.18,81.25,3676.0,CHK
2023-05-22 10:39:00,81.22,81.24,81.205,81.205,1885.0,CHK
2023-05-22 10:38:00,81.26,81.26,81.26,81.26,350.0,CHK
2023-05-22 10:37:00,81.275,81.275,81.23,81.23,1574.0,CHK
2023-05-22 10:36:00,81.2,81.28,81.2,81.25,5924.0,CHK
2023-05-22 10:35:00,81.18,81.2,81.14,81.2,7438.0,CHK
2023-05-22 10:34:00,81.2,81.21,81.175,81.18,11653.0,CHK
2023-05-22 10:33:00,81.185,81.2,81.1775,81.1775,4167.0,CHK
2023-05-22 10:32:00,81.2,81.205,81.18,81.2,4845.0,CHK
2023-05-22 10:31:00,81.2,81.24,81.19,81.195,3555.0,CHK
2023-05-22 10:30:00,81.19,81.2,81.16,81.16,5736.0,CHK
2023-05-22 10:29:00,81.2,81.235,81.15,81.15,18242.0,CHK
2023-05-22 10:28:00,81.15,81.2,81.15,81.2,11459.0,CHK
2023-05-22 10:27:00,81.105,81.21,81.105,81.2,2995.0,CHK
2023-05-22 10:26:00,81.07,81.08,81.07,81.08,946.0,CHK
2023-05-22 10:25:00,81.11,81.145,80.95,81.025,10280.0,CHK
2023-05-22 10:24:00,81.1,81.16,81.1,81.16,3291.0,CHK
2023-05-22 10:23:00,81.085,81.1,81.015,81.09,5119.0,CHK
2023-05-22 10:22:00,81.085,81.085,81.085,81.085,1131.0,CHK
2023-05-22 10:21:00,81.11,81.11,81.085,81.085,984.0,CHK
2023-05-22 10:20:00,81.2,81.2,81.1,81.1,5413.0,CHK
2023-05-22 10:19:00,81.17,81.19,81.155,81.155,773.0,CHK
2023-05-22 10:18:00,81.1559,81.17,81.12,81.17,529.0,CHK
2023-05-22 10:17:00,80.97,81.09,80.97,81.09,1949.0,CHK
2023-05-22 10:16:00,81.0236,81.15,81.015,81.02,2352.0,CHK
2023-05-22 10:15:00,80.955,81.11,80.955,81.02,5588.0,CHK
2023-05-22 10:14:00,80.95,81.0099,80.94,81.0099,1164.0,CHK
2023-05-22 10:13:00,80.92,81.05,80.92,80.99,3805.0,CHK
2023-05-22 10:12:00,80.795,80.95,80.795,80.95,2720.0,CHK
2023-05-22 10:11:00,80.835,80.865,80.795,80.795,2221.0,CHK
2023-05-22 10:10:00,80.72,80.91,80.65,80.89,17415.0,CHK
2023-05-22 10:09:00,80.82,80.82,80.6,80.71,12444.0,CHK
2023-05-22 10:08:00,80.915,80.915,80.8,80.87,3076.0,CHK
2023-05-22 10:07:00,80.98,80.98,80.85,80.85,5744.0,CHK
2023-05-22 10:06:00,80.83,81.02,80.82,80.98,5208.0,CHK
2023-05-22 10:05:00,80.795,80.885,80.795,80.865,7498.0,CHK
2023-05-22 10:04:00,80.8,80.81,80.8,80.81,1674.0,CHK
2023-05-22 10:03:00,80.875,80.88,80.82,80.825,7725.0,CHK
2023-05-22 10:02:00,81.01,81.01,80.855,80.855,1833.0,CHK
2023-05-22 10:01:00,81.14,81.2,81.045,81.045,7361.0,CHK
2023-05-22 10:00:00,81.06,81.1,81.06,81.1,2057.0,CHK
2023-05-22 09:59:00,81.1,81.1,81.06,81.06,969.0,CHK
2023-05-22 09:58:00,81.1,81.19,80.965,81.19,21948.0,CHK
2023-05-22 09:57:00,81.15,81.15,81.15,81.15,910.0,CHK
2023-05-22 09:56:00,81.31,81.31,81.1456,81.195,6096.0,CHK
2023-05-22 09:55:00,81.145,81.22,81.14,81.14,1971.0,CHK
2023-05-22 09:54:00,80.83,81.07,80.83,81.07,11179.0,CHK
2023-05-22 09:53:00,80.85,80.88,80.8,80.83,18405.0,CHK
2023-05-22 09:52:00,80.6906,80.6906,80.6906,80.6906,364.0,CHK
2023-05-22 09:51:00,80.75,80.85,80.73,80.85,1872.0,CHK
2023-05-22 09:50:00,80.78,80.85,80.66,80.69,7703.0,CHK
2023-05-22 09:49:00,80.82,80.85,80.7,80.73,2120.0,CHK
2023-05-22 09:48:00,80.67,80.83,80.67,80.83,1616.0,CHK
2023-05-22 09:47:00,80.65,80.72,80.57,80.72,2861.0,CHK
2023-05-22 09:46:00,80.725,80.725,80.575,80.64,1657.0,CHK
2023-05-22 09:45:00,80.82,80.85,80.61,80.725,2972.0,CHK
2023-05-22 09:44:00,80.77,80.77,80.65,80.655,2493.0,CHK
2023-05-22 09:43:00,80.72,80.85,80.6,80.6,2327.0,CHK
2023-05-22 09:42:00,80.82,80.82,80.66,80.72,1713.0,CHK
2023-05-22 09:41:00,80.655,80.84,80.655,80.84,2263.0,CHK
2023-05-22 09:40:00,80.38,80.64,80.38,80.61,1916.0,CHK
2023-05-22 09:39:00,80.385,80.48,80.385,80.48,468.0,CHK
2023-05-22 09:38:00,80.215,80.42,80.215,80.255,4060.0,CHK
2023-05-22 09:37:00,80.095,80.315,80.095,80.21,343.0,CHK
2023-05-22 09:36:00,80.2349,80.2349,80.15,80.19,2046.0,CHK
2023-05-22 09:35:00,80.08,80.4,80.08,80.4,2292.0,CHK
2023-05-22 09:34:00,80.125,80.125,80.125,80.125,534.0,CHK
2023-05-22 09:33:00,80.0799,80.3,79.86,80.3,8105.0,CHK
2023-05-22 09:32:00,80.1,80.28,79.726,79.726,6113.0,CHK
2023-05-22 09:31:00,79.95,79.99,79.95,79.99,764.0,CHK
2023-05-22 09:30:00,80.07,80.1,79.83,80.035,17876.0,CHK
2023-05-22 09:26:00,80.45,80.45,80.45,80.45,477.0,CHK
2023-05-22 09:22:00,80.25,80.25,80.25,80.25,321.0,CHK
2023-05-22 09:07:00,80.25,80.25,80.25,80.25,100.0,CHK
2023-05-22 09:05:00,80.25,80.25,80.25,80.25,100.0,CHK
2023-05-22 08:58:00,80.51,80.51,80.5,80.5,659.0,CHK
2023-05-22 08:56:00,80.45,80.45,80.45,80.45,1152.0,CHK
2023-05-22 08:55:00,80.48,80.48,80.48,80.48,1000.0,CHK
2023-05-22 08:39:00,80.26,80.26,80.26,80.26,1000.0,CHK
2023-05-22 08:35:00,80.26,80.26,80.26,80.26,500.0,CHK
2023-05-22 08:30:00,80.261,80.261,80.261,80.261,1000.0,CHK
2023-05-22 08:05:00,81.22,81.22,81.22,81.22,121.0,CHK
2023-05-19 16:00:00,81.22,81.22,81.22,81.22,16902.0,CHK
2023-05-19 15:59:00,81.3,81.32,81.16,81.19,30465.0,CHK
2023-05-19 15:58:00,81.27,81.31,81.24,81.27,25758.0,CHK
2023-05-19 15:57:00,81.225,81.26,81.22,81.26,10426.0,CHK
2023-05-19 15:56:00,81.22,81.24,81.18,81.225,15087.0,CHK
2023-05-19 15:55:00,81.29,81.3,81.195,81.24,15604.0,CHK
2023-05-19 15:54:00,81.245,81.3,81.245,81.28,9544.0,CHK
2023-05-19 15:53:00,81.245,81.25,81.22,81.245,8100.0,CHK
2023-05-19 15:52:00,81.25,81.28,81.24,81.245,8378.0,CHK
2023-05-19 15:51:00,81.2275,81.31,81.22,81.24,10594.0,CHK
2023-05-19 15:50:00,81.14,81.23,81.14,81.225,12516.0,CHK
2023-05-19 15:49:00,81.17,81.17,81.11,81.125,3964.0,CHK
2023-05-19 15:48:00,81.145,81.16,81.145,81.145,900.0,CHK
2023-05-19 15:47:00,81.14,81.16,81.13,81.15,5252.0,CHK
2023-05-19 15:46:00,81.155,81.17,81.15,81.16,3174.0,CHK
2023-05-19 15:45:00,81.22,81.24,81.13,81.145,11902.0,CHK
2023-05-19 15:44:00,81.215,81.215,81.215,81.215,391.0,CHK
2023-05-19 15:43:00,81.21,81.25,81.21,81.23,2941.0,CHK
2023-05-19 15:42:00,81.245,81.245,81.19,81.2,4994.0,CHK
2023-05-19 15:41:00,81.2332,81.25,81.23,81.25,1929.0,CHK
2023-05-19 15:40:00,81.245,81.25,81.245,81.25,796.0,CHK
2023-05-19 15:39:00,81.21,81.22,81.21,81.22,272.0,CHK
2023-05-19 15:38:00,81.22,81.26,81.22,81.245,1572.0,CHK
2023-05-19 15:37:00,81.21,81.21,81.13,81.21,7506.0,CHK
2023-05-19 15:36:00,81.2,81.21,81.1748,81.19,5046.0,CHK
2023-05-19 15:35:00,81.17,81.2,81.17,81.19,3290.0,CHK
2023-05-19 15:34:00,81.185,81.2,81.17,81.185,1628.0,CHK
2023-05-19 15:33:00,81.1422,81.17,81.13,81.17,1315.0,CHK
2023-05-19 15:32:00,81.1,81.19,81.09,81.15,4167.0,CHK
2023-05-19 15:31:00,81.17,81.175,81.09,81.09,3386.0,CHK
2023-05-19 15:30:00,81.19,81.19,81.1562,81.19,1203.0,CHK
2023-05-19 15:29:00,81.18,81.18,81.18,81.18,417.0,CHK
2023-05-19 15:28:00,81.2,81.2,81.15,81.19,1350.0,CHK
2023-05-19 15:27:00,81.195,81.195,81.15,81.19,2010.0,CHK
2023-05-19 15:26:00,81.2,81.2,81.17,81.18,760.0,CHK
2023-05-19 15:25:00,81.205,81.205,81.18,81.2,810.0,CHK
2023-05-19 15:24:00,81.2,81.25,81.19,81.21,4159.0,CHK
2023-05-19 15:23:00,81.21,81.23,81.21,81.23,1257.0,CHK
2023-05-19 15:22:00,81.24,81.24,81.18,81.2,3905.0,CHK
2023-05-19 15:21:00,81.25,81.25,81.25,81.25,721.0,CHK
2023-05-19 15:20:00,81.23,81.23,81.23,81.23,123.0,CHK
2023-05-19 15:19:00,81.1897,81.23,81.1897,81.23,2360.0,CHK
2023-05-19 15:18:00,81.2199,81.22,81.2,81.22,1615.0,CHK
2023-05-19 15:17:00,81.19,81.2,81.15,81.18,2406.0,CHK
2023-05-19 15:16:00,81.22,81.22,81.21,81.21,216.0,CHK
2023-05-19 15:15:00,81.22,81.27,81.22,81.27,1313.0,CHK
2023-05-19 15:14:00,81.23,81.23,81.19,81.19,2006.0,CHK
2023-05-19 15:13:00,81.26,81.27,81.24,81.2625,4205.0,CHK
2023-05-19 15:12:00,81.26,81.265,81.26,81.265,780.0,CHK
2023-05-19 15:11:00,81.28,81.28,81.2602,81.2602,812.0,CHK
2023-05-19 15:10:00,81.25,81.32,81.25,81.32,1489.0,CHK
2023-05-19 15:09:00,81.3,81.305,81.2,81.2,7355.0,CHK
2023-05-19 15:08:00,81.25,81.27,81.24,81.27,2242.0,CHK
2023-05-19 15:07:00,81.23,81.24,81.21,81.24,1310.0,CHK
2023-05-19 15:06:00,81.215,81.215,81.19,81.19,1104.0,CHK
2023-05-19 15:05:00,81.24,81.2425,81.18,81.2,3747.0,CHK
2023-05-19 15:04:00,81.27,81.27,81.24,81.24,648.0,CHK
2023-05-19 15:03:00,81.31,81.32,81.28,81.28,1096.0,CHK
2023-05-19 15:02:00,81.3301,81.3301,81.3301,81.3301,471.0,CHK
2023-05-19 15:01:00,81.4,81.4,81.31,81.31,1010.0,CHK
2023-05-19 15:00:00,81.35,81.35,81.35,81.35,499.0,CHK
2023-05-19 14:59:00,81.25,81.3499,81.25,81.3499,1239.0,CHK
2023-05-19 14:58:00,81.26,81.27,81.22,81.22,1737.0,CHK
2023-05-19 14:56:00,81.32,81.37,81.25,81.25,2735.0,CHK
2023-05-19 14:55:00,81.36,81.36,81.36,81.36,414.0,CHK
2023-05-19 14:54:00,81.31,81.31,81.31,81.31,232.0,CHK
2023-05-19 14:53:00,81.2,81.27,81.2,81.27,1328.0,CHK
2023-05-19 14:52:00,81.19,81.19,81.19,81.19,1308.0,CHK
2023-05-19 14:51:00,81.165,81.165,81.16,81.16,863.0,CHK
2023-05-19 14:50:00,81.12,81.165,81.12,81.165,1301.0,CHK
2023-05-19 14:47:00,81.13,81.13,81.09,81.09,395.0,CHK
2023-05-19 14:46:00,81.18,81.185,81.13,81.14,13270.0,CHK
2023-05-19 14:44:00,81.195,81.22,81.195,81.2,748.0,CHK
2023-05-19 14:43:00,81.155,81.16,81.155,81.16,982.0,CHK
2023-05-19 14:42:00,81.155,81.155,81.14,81.14,1158.0,CHK
2023-05-19 14:41:00,81.14,81.14,81.14,81.14,636.0,CHK
2023-05-19 14:40:00,81.1,81.1,81.09,81.1,783.0,CHK
2023-05-19 14:39:00,81.055,81.06,81.055,81.06,209.0,CHK
2023-05-19 14:38:00,81.02,81.03,81.02,81.03,350.0,CHK
2023-05-19 14:37:00,80.97,81.03,80.97,81.02,797.0,CHK
2023-05-19 14:36:00,80.97,80.97,80.97,80.97,633.0,CHK
2023-05-19 14:35:00,80.94,80.99,80.94,80.98,1281.0,CHK
2023-05-19 14:33:00,80.87,80.93,80.855,80.93,1381.0,CHK
2023-05-19 14:32:00,80.8745,80.92,80.86,80.86,2261.0,CHK
2023-05-19 14:31:00,80.91,80.91,80.8825,80.8825,3475.0,CHK
2023-05-19 14:30:00,80.96,80.96,80.94,80.94,527.0,CHK
2023-05-19 14:29:00,80.93,80.97,80.91,80.97,2446.0,CHK
2023-05-19 14:28:00,81.055,81.055,80.92,80.92,1535.0,CHK
2023-05-19 14:27:00,81.12,81.135,81.11,81.11,940.0,CHK
2023-05-19 14:26:00,81.2,81.2,81.13,81.135,1552.0,CHK
2023-05-19 14:25:00,81.14,81.23,81.14,81.23,4710.0,CHK
2023-05-19 14:24:00,81.195,81.195,81.17,81.17,6116.0,CHK
2023-05-19 14:22:00,81.13,81.18,81.13,81.17,5485.0,CHK
2023-05-19 14:21:00,81.125,81.125,81.125,81.125,165.0,CHK
2023-05-19 14:20:00,81.07,81.13,81.06,81.13,1241.0,CHK
2023-05-19 14:19:00,81.02,81.065,81.02,81.065,453.0,CHK
2023-05-19 14:18:00,80.975,81.02,80.975,81.02,951.0,CHK
2023-05-19 14:17:00,80.99,81.01,80.99,81.01,466.0,CHK
2023-05-19 14:16:00,80.97,80.97,80.97,80.97,392.0,CHK
2023-05-19 14:15:00,81.01,81.01,80.93,80.935,2376.0,CHK
2023-05-19 14:14:00,81.01,81.01,80.98,80.98,288.0,CHK
2023-05-19 14:13:00,80.995,81.02,80.93,81.02,2700.0,CHK
2023-05-19 14:12:00,80.985,81.01,80.96,80.99,1926.0,CHK
2023-05-19 14:11:00,81.05,81.05,80.985,80.985,858.0,CHK
2023-05-19 14:10:00,81.05,81.05,81.01,81.01,818.0,CHK
2023-05-19 14:09:00,81.09,81.09,81.0425,81.0425,1046.0,CHK
2023-05-19 14:08:00,81.09,81.09,81.08,81.085,1006.0,CHK
2023-05-19 14:07:00,81.03,81.035,81.03,81.035,1327.0,CHK
2023-05-19 14:06:00,81.115,81.12,81.01,81.035,9287.0,CHK
2023-05-19 14:05:00,81.09,81.09,81.07,81.085,1079.0,CHK
2023-05-19 14:04:00,81.07,81.07,81.04,81.05,1894.0,CHK
2023-05-19 14:03:00,81.06,81.09,81.06,81.09,1419.0,CHK
2023-05-19 14:02:00,81.06,81.06,81.04,81.04,1419.0,CHK
2023-05-19 14:01:00,81.08,81.0898,81.08,81.0898,765.0,CHK
2023-05-19 13:59:00,81.08,81.08,81.08,81.08,419.0,CHK
2023-05-19 13:58:00,81.05,81.05,81.05,81.05,1011.0,CHK
2023-05-19 13:57:00,81.12,81.12,81.03,81.05,1561.0,CHK
2023-05-19 13:56:00,81.13,81.155,81.12,81.12,1218.0,CHK
2023-05-19 13:55:00,81.31,81.31,81.13,81.13,14191.0,CHK
2023-05-19 13:54:00,81.3,81.31,81.3,81.31,320.0,CHK
2023-05-19 13:53:00,81.33,81.33,81.33,81.33,605.0,CHK
2023-05-19 13:52:00,81.29,81.29,81.27,81.29,1209.0,CHK
2023-05-19 13:51:00,81.235,81.32,81.235,81.32,1543.0,CHK
2023-05-19 13:50:00,81.22,81.22,81.22,81.22,226.0,CHK
2023-05-19 13:49:00,81.19,81.25,81.18,81.25,3155.0,CHK
2023-05-19 13:48:00,81.31,81.31,81.19,81.2,2540.0,CHK
2023-05-19 13:47:00,81.32,81.32,81.22,81.31,615.0,CHK
2023-05-19 13:46:00,81.16,81.25,81.14,81.235,1475.0,CHK
2023-05-19 13:45:00,81.065,81.095,81.03,81.095,1658.0,CHK
2023-05-19 13:44:00,81.06,81.1,81.06,81.06,1587.0,CHK
2023-05-19 13:43:00,81.17,81.17,81.055,81.055,1948.0,CHK
2023-05-19 13:42:00,81.07,81.1,81.06,81.1,1005.0,CHK
2023-05-19 13:41:00,81.26,81.27,81.11,81.13,2018.0,CHK
2023-05-19 13:40:00,81.18,81.23,81.18,81.23,444.0,CHK
2023-05-19 13:39:00,81.13,81.17,81.1,81.17,3299.0,CHK
2023-05-19 13:38:00,81.2,81.21,81.15,81.17,8577.0,CHK
2023-05-19 13:37:00,81.09,81.2,81.09,81.18,1855.0,CHK
2023-05-19 13:36:00,81.105,81.12,81.075,81.09,728.0,CHK
2023-05-19 13:35:00,81.06,81.08,81.05,81.08,1136.0,CHK
2023-05-19 13:34:00,81.01,81.08,81.0,81.08,3015.0,CHK
2023-05-19 13:33:00,81.18,81.18,81.09,81.13,1339.0,CHK
2023-05-19 13:32:00,81.15,81.18,81.11,81.18,404.0,CHK
2023-05-19 13:31:00,80.97,81.08,80.97,81.08,2145.0,CHK
2023-05-19 13:30:00,81.01,81.0699,80.96,81.0213,5422.0,CHK
2023-05-19 13:29:00,81.04,81.05,81.04,81.04,1991.0,CHK
2023-05-19 13:28:00,80.96,80.96,80.955,80.955,1221.0,CHK
2023-05-19 13:27:00,80.96,80.96,80.86,80.86,1851.0,CHK
2023-05-19 13:26:00,81.205,81.205,80.93,80.98,60131.0,CHK
2023-05-19 13:25:00,81.34,81.34,80.9,81.21,70948.0,CHK
2023-05-19 13:24:00,81.4,81.41,81.34,81.34,3530.0,CHK
2023-05-19 13:23:00,81.47,81.47,81.42,81.42,2358.0,CHK
2023-05-19 13:22:00,81.44,81.44,81.44,81.44,194.0,CHK
2023-05-19 13:21:00,81.41,81.46,81.41,81.46,2213.0,CHK
2023-05-19 13:20:00,81.46,81.46,81.41,81.41,454.0,CHK
2023-05-19 13:19:00,81.6,81.6,81.455,81.455,7285.0,CHK
2023-05-19 13:18:00,81.51,81.57,81.51,81.56,1208.0,CHK
2023-05-19 13:16:00,81.43,81.57,81.43,81.57,1941.0,CHK
2023-05-19 13:15:00,81.4,81.4,81.36,81.395,811.0,CHK
2023-05-19 13:14:00,81.42,81.46,81.365,81.365,4562.0,CHK
2023-05-19 13:13:00,81.39,81.5,81.39,81.46,1644.0,CHK
2023-05-19 13:12:00,81.61,81.61,81.34,81.4,20745.0,CHK
2023-05-19 13:11:00,81.79,81.79,81.67,81.67,3177.0,CHK
2023-05-19 13:10:00,81.84,81.84,81.78,81.8,1367.0,CHK
2023-05-19 13:09:00,81.785,81.86,81.785,81.86,1293.0,CHK
2023-05-19 13:08:00,81.885,81.885,81.8,81.8,7430.0,CHK
2023-05-19 13:07:00,81.92,81.92,81.86,81.86,671.0,CHK
2023-05-19 13:06:00,82.02,82.02,81.93,81.94,3503.0,CHK
2023-05-19 13:05:00,82.05,82.05,81.99,81.99,667.0,CHK
2023-05-19 13:04:00,82.0,82.08,82.0,82.08,787.0,CHK
2023-05-19 13:03:00,82.06,82.06,82.01,82.02,1144.0,CHK
2023-05-19 13:02:00,82.1474,82.1474,82.09,82.09,1066.0,CHK
2023-05-19 13:01:00,82.09,82.17,82.06,82.15,2821.0,CHK
2023-05-19 13:00:00,82.045,82.08,82.045,82.08,1127.0,CHK
2023-05-19 12:59:00,81.99,81.995,81.975,81.975,1208.0,CHK
2023-05-19 12:57:00,82.06,82.06,82.02,82.02,2635.0,CHK
2023-05-19 12:56:00,82.05,82.08,81.98,82.08,3342.0,CHK
2023-05-19 12:55:00,82.09,82.09,82.04,82.04,5370.0,CHK
2023-05-19 12:54:00,82.1,82.1275,82.1,82.115,915.0,CHK
2023-05-19 12:53:00,82.085,82.1332,82.085,82.1071,1752.0,CHK
2023-05-19 12:52:00,82.08,82.08,82.06,82.06,710.0,CHK
2023-05-19 12:51:00,82.11,82.14,82.05,82.05,4008.0,CHK
2023-05-19 12:50:00,82.12,82.14,82.11,82.11,351.0,CHK
2023-05-19 12:49:00,82.22,82.24,82.11,82.12,6995.0,CHK
2023-05-19 12:48:00,82.22,82.22,82.21,82.21,1019.0,CHK
2023-05-19 12:47:00,82.29,82.29,82.17,82.17,2360.0,CHK
2023-05-19 12:46:00,82.32,82.32,82.29,82.29,1561.0,CHK
2023-05-19 12:45:00,82.26,82.32,82.26,82.32,681.0,CHK
2023-05-19 12:44:00,82.21,82.26,82.21,82.26,768.0,CHK
2023-05-19 12:43:00,82.17,82.17,82.17,82.17,131.0,CHK
2023-05-19 12:42:00,82.14,82.2,82.135,82.16,4686.0,CHK
2023-05-19 12:41:00,82.04,82.095,82.04,82.06,1649.0,CHK
2023-05-19 12:39:00,82.11,82.11,81.99,82.03,1865.0,CHK
2023-05-19 12:38:00,82.0612,82.09,82.0612,82.09,675.0,CHK
2023-05-19 12:37:00,82.04,82.1,82.04,82.06,1426.0,CHK
2023-05-19 12:36:00,81.99,82.0,81.99,82.0,443.0,CHK
2023-05-19 12:35:00,81.93,81.98,81.93,81.98,757.0,CHK
2023-05-19 12:34:00,81.905,81.98,81.88,81.96,3530.0,CHK
2023-05-19 12:33:00,81.85,81.91,81.84,81.9,2567.0,CHK
2023-05-19 12:32:00,82.02,82.02,81.84,81.87,15163.0,CHK
2023-05-19 12:31:00,81.93,81.98,81.92,81.96,2109.0,CHK
2023-05-19 12:30:00,82.01,82.02,81.95,81.96,3202.0,CHK
2023-05-19 12:29:00,82.03,82.09,82.01,82.01,147877.0,CHK
2023-05-19 12:28:00,82.03,82.03,82.03,82.03,490.0,CHK
2023-05-19 12:27:00,82.03,82.03,81.99,81.99,1167.0,CHK
2023-05-19 12:26:00,81.965,82.04,81.965,82.03,1497.0,CHK
2023-05-19 12:25:00,82.05,82.05,81.94,81.965,2921.0,CHK
2023-05-19 12:24:00,82.05,82.06,82.03,82.03,774.0,CHK
2023-05-19 12:23:00,81.905,81.98,81.9,81.98,2886.0,CHK
2023-05-19 12:22:00,81.9,81.9,81.9,81.9,1349.0,CHK
2023-05-19 12:21:00,81.92,81.92,81.89,81.92,1502.0,CHK
2023-05-19 12:20:00,81.92,81.92,81.91,81.92,1208.0,CHK
2023-05-19 12:19:00,81.985,81.985,81.92,81.94,4006.0,CHK
2023-05-19 12:18:00,81.98,81.985,81.98,81.985,524.0,CHK
2023-05-19 12:17:00,82.0,82.0,81.985,81.985,829.0,CHK
2023-05-19 12:16:00,81.98,82.05,81.9725,82.05,2123.0,CHK
2023-05-19 12:15:00,82.04,82.05,81.93,81.94,3417.0,CHK
2023-05-19 12:14:00,82.05,82.05,82.05,82.05,124.0,CHK
2023-05-19 12:13:00,81.98,82.05,81.98,82.035,969.0,CHK
2023-05-19 12:11:00,82.01,82.02,82.0,82.01,2615.0,CHK
2023-05-19 12:10:00,82.13,82.13,82.01,82.035,4443.0,CHK
2023-05-19 12:09:00,82.19,82.21,82.16,82.175,3441.0,CHK
2023-05-19 12:08:00,82.14,82.17,82.14,82.17,1423.0,CHK
2023-05-19 12:07:00,82.09,82.13,82.09,82.13,1477.0,CHK
2023-05-19 12:06:00,82.1,82.11,82.07,82.11,1097.0,CHK
2023-05-19 12:05:00,82.05,82.09,82.0,82.0,1903.0,CHK
2023-05-19 12:04:00,82.06,82.09,82.055,82.09,1276.0,CHK
2023-05-19 12:03:00,81.9851,82.01,81.9851,82.01,645.0,CHK
2023-05-19 12:02:00,81.98,81.98,81.98,81.98,241.0,CHK
2023-05-19 12:01:00,82.0,82.0,81.95,81.985,1763.0,CHK
2023-05-19 12:00:00,81.905,82.055,81.905,82.055,2511.0,CHK
2023-05-19 11:59:00,81.955,81.97,81.905,81.905,2876.0,CHK
2023-05-19 11:58:00,82.01,82.09,81.955,81.975,1946.0,CHK
2023-05-19 11:57:00,81.92,82.06,81.92,82.06,3615.0,CHK
2023-05-19 11:56:00,81.89,82.0,81.88,81.88,14097.0,CHK
2023-05-19 11:55:00,81.86,81.865,81.84,81.865,1976.0,CHK
2023-05-19 11:54:00,81.79,81.89,81.79,81.875,4535.0,CHK
2023-05-19 11:53:00,81.91,81.98,81.79,81.82,29146.0,CHK
2023-05-19 11:52:00,81.77,81.84,81.74,81.84,4488.0,CHK
2023-05-19 11:51:00,81.83,81.86,81.78,81.78,4677.0,CHK
2023-05-19 11:50:00,81.87,81.87,81.77,81.805,4717.0,CHK
2023-05-19 11:49:00,81.845,81.87,81.83,81.87,588.0,CHK
2023-05-19 11:48:00,81.8872,81.8872,81.8872,81.8872,159.0,CHK
2023-05-19 11:47:00,81.77,81.84,81.74,81.81,12735.0,CHK
2023-05-19 11:45:00,81.69,81.74,81.69,81.74,1189.0,CHK
2023-05-19 11:44:00,81.58,81.75,81.58,81.75,5230.0,CHK
2023-05-19 11:43:00,81.84,81.84,81.61,81.63,8350.0,CHK
2023-05-19 11:42:00,81.86,81.9,81.84,81.84,3848.0,CHK
2023-05-19 11:41:00,81.75,81.88,81.75,81.83,3694.0,CHK
2023-05-19 11:40:00,81.725,81.78,81.7,81.75,9678.0,CHK
2023-05-19 11:39:00,81.68,81.73,81.68,81.725,1811.0,CHK
2023-05-19 11:38:00,81.72,81.79,81.68,81.68,2608.0,CHK
2023-05-19 11:37:00,81.91,81.91,81.72,81.72,2102.0,CHK
2023-05-19 11:36:00,81.855,81.89,81.84,81.865,1445.0,CHK
2023-05-19 11:35:00,81.69,81.85,81.69,81.85,3659.0,CHK
2023-05-19 11:34:00,81.7001,81.72,81.66,81.69,1446.0,CHK
2023-05-19 11:33:00,81.685,81.74,81.65,81.7175,3248.0,CHK
2023-05-19 11:32:00,81.72,81.73,81.6554,81.6554,1840.0,CHK
2023-05-19 11:31:00,81.885,81.885,81.72,81.8,3729.0,CHK
2023-05-19 11:30:00,81.86,81.895,81.86,81.88,1633.0,CHK
2023-05-19 11:29:00,81.94,81.99,81.89,81.89,2025.0,CHK
2023-05-19 11:28:00,81.845,81.91,81.82,81.905,2893.0,CHK
2023-05-19 11:27:00,81.89,81.89,81.85,81.85,1249.0,CHK
2023-05-19 11:26:00,82.2,82.2,81.99,82.02,3990.0,CHK
2023-05-19 11:25:00,82.18,82.195,82.16,82.195,1748.0,CHK
2023-05-19 11:24:00,82.25,82.25,82.0702,82.15,1835.0,CHK
2023-05-19 11:23:00,82.29,82.29,82.235,82.25,4623.0,CHK
2023-05-19 11:22:00,82.28,82.305,82.25,82.25,3424.0,CHK
2023-05-19 11:21:00,82.21,82.35,82.175,82.35,18976.0,CHK
2023-05-19 11:20:00,82.155,82.16,82.155,82.16,402.0,CHK
2023-05-19 11:19:00,82.3302,82.3302,82.15,82.1591,3608.0,CHK
2023-05-19 11:18:00,82.405,82.4325,82.29,82.32,6380.0,CHK
2023-05-19 11:17:00,82.405,82.46,82.405,82.4138,2371.0,CHK
2023-05-19 11:16:00,82.38,82.405,82.31,82.405,1999.0,CHK
2023-05-19 11:15:00,82.45,82.49,82.4,82.4,4885.0,CHK
2023-05-19 11:14:00,82.535,82.5516,82.4625,82.4625,2412.0,CHK
2023-05-19 11:13:00,82.545,82.58,82.53,82.535,2756.0,CHK
2023-05-19 11:12:00,82.57,82.5725,82.54,82.555,1454.0,CHK
2023-05-19 11:11:00,82.63,82.63,82.59,82.59,2324.0,CHK
2023-05-19 11:10:00,82.58,82.66,82.58,82.66,2500.0,CHK
2023-05-19 11:09:00,82.58,82.61,82.56,82.57,1908.0,CHK
2023-05-19 11:08:00,82.66,82.67,82.59,82.59,2148.0,CHK
2023-05-19 11:07:00,82.7,82.7,82.66,82.66,553.0,CHK
2023-05-19 11:06:00,82.73,82.755,82.71,82.755,1985.0,CHK
2023-05-19 11:05:00,82.855,82.87,82.77,82.77,3241.0,CHK
2023-05-19 11:04:00,82.93,82.93,82.85,82.85,1441.0,CHK
2023-05-19 11:03:00,83.04,83.04,82.93,82.93,1549.0,CHK
2023-05-19 11:02:00,83.03,83.03,83.0,83.005,978.0,CHK
2023-05-19 11:01:00,82.935,82.98,82.935,82.98,745.0,CHK
2023-05-19 11:00:00,82.92,82.92,82.9,82.9,871.0,CHK
2023-05-19 10:59:00,82.93,82.93,82.885,82.92,1202.0,CHK
2023-05-19 10:58:00,82.8,82.92,82.8,82.89,1491.0,CHK
2023-05-19 10:57:00,82.75,82.795,82.72,82.795,1311.0,CHK
2023-05-19 10:56:00,82.67,82.71,82.67,82.68,1589.0,CHK
2023-05-19 10:55:00,82.73,82.73,82.67,82.67,423.0,CHK
2023-05-19 10:54:00,82.73,82.74,82.7,82.7,739.0,CHK
2023-05-19 10:53:00,82.865,82.865,82.6713,82.735,4128.0,CHK
2023-05-19 10:52:00,82.775,82.865,82.775,82.865,2701.0,CHK
2023-05-19 10:51:00,82.73,82.77,82.72,82.75,676.0,CHK
2023-05-19 10:50:00,82.69,82.745,82.69,82.745,1474.0,CHK
2023-05-19 10:48:00,82.6899,82.6899,82.6899,82.6899,180.0,CHK
2023-05-19 10:47:00,82.67,82.67,82.6,82.65,3575.0,CHK
2023-05-19 10:46:00,82.75,82.79,82.69,82.69,2059.0,CHK
2023-05-19 10:45:00,82.87,82.87,82.78,82.78,3691.0,CHK
2023-05-19 10:44:00,82.772,82.88,82.772,82.88,1417.0,CHK
2023-05-19 10:43:00,82.73,82.79,82.7103,82.79,2504.0,CHK
2023-05-19 10:42:00,82.76,82.77,82.75,82.75,943.0,CHK
2023-05-19 10:41:00,82.82,82.82,82.78,82.78,1855.0,CHK
2023-05-19 10:40:00,82.83,82.8711,82.83,82.85,1923.0,CHK
2023-05-19 10:38:00,82.844,82.844,82.844,82.844,117.0,CHK
2023-05-19 10:37:00,82.87,82.92,82.85,82.92,1080.0,CHK
2023-05-19 10:36:00,82.93,82.93,82.92,82.92,1514.0,CHK
2023-05-19 10:35:00,83.0,83.03,82.99,82.99,2815.0,CHK
2023-05-19 10:34:00,83.0,83.05,83.0,83.05,2145.0,CHK
2023-05-19 10:33:00,82.985,83.0069,82.985,83.0,1766.0,CHK
2023-05-19 10:32:00,82.81,83.0,82.81,83.0,1457.0,CHK
2023-05-19 10:31:00,82.83,82.85,82.69,82.75,5935.0,CHK
2023-05-19 10:30:00,82.69,82.79,82.69,82.79,1420.0,CHK
2023-05-19 10:29:00,82.73,82.73,82.68,82.71,612.0,CHK
2023-05-19 10:28:00,82.53,82.685,82.53,82.63,3902.0,CHK
2023-05-19 10:27:00,82.48,82.54,82.48,82.53,1862.0,CHK
2023-05-19 10:26:00,82.365,82.48,82.32,82.48,2245.0,CHK
2023-05-19 10:25:00,82.37,82.3755,82.37,82.3755,551.0,CHK
2023-05-19 10:24:00,82.325,82.41,82.31,82.37,5504.0,CHK
2023-05-19 10:23:00,82.42,82.47,82.34,82.34,1605.0,CHK
2023-05-19 10:22:00,82.63,82.63,82.54,82.54,1184.0,CHK
2023-05-19 10:21:00,82.76,82.76,82.66,82.67,3227.0,CHK
2023-05-19 10:20:00,82.86,82.87,82.79,82.8,3363.0,CHK
2023-05-19 10:19:00,82.9,82.9,82.82,82.84,2343.0,CHK
2023-05-19 10:18:00,82.8344,82.89,82.8344,82.89,901.0,CHK
2023-05-19 10:17:00,82.74,82.835,82.7279,82.835,1267.0,CHK
2023-05-19 10:16:00,82.65,82.725,82.65,82.725,1823.0,CHK
2023-05-19 10:15:00,82.65,82.65,82.65,82.65,743.0,CHK
2023-05-19 10:14:00,82.64,82.6899,82.64,82.65,2859.0,CHK
2023-05-19 10:13:00,82.6,82.605,82.54,82.605,3297.0,CHK
2023-05-19 10:12:00,82.68,82.68,82.54,82.61,5462.0,CHK
2023-05-19 10:11:00,82.65,82.68,82.65,82.65,3095.0,CHK
2023-05-19 10:10:00,82.65,82.72,82.6,82.69,1597.0,CHK
2023-05-19 10:09:00,82.59,82.7,82.58,82.7,619.0,CHK
2023-05-19 10:08:00,82.51,82.56,82.505,82.55,2307.0,CHK
2023-05-19 10:07:00,82.48,82.53,82.48,82.49,955.0,CHK
2023-05-19 10:06:00,82.42,82.475,82.34,82.475,912.0,CHK
2023-05-19 10:05:00,82.28,82.42,82.26,82.42,2490.0,CHK
2023-05-19 10:04:00,82.3252,82.38,82.31,82.315,686.0,CHK
2023-05-19 10:03:00,82.38,82.3838,82.29,82.33,2804.0,CHK
2023-05-19 10:02:00,82.5,82.505,82.39,82.39,4560.0,CHK
2023-05-19 10:01:00,82.26,82.45,82.26,82.45,3096.0,CHK
2023-05-19 10:00:00,82.31,82.33,82.18,82.22,14522.0,CHK
2023-05-19 09:59:00,82.3,82.35,82.21,82.35,3271.0,CHK
2023-05-19 09:58:00,82.39,82.4,82.355,82.355,583.0,CHK
2023-05-19 09:57:00,82.3227,82.38,82.305,82.38,1093.0,CHK
2023-05-19 09:56:00,82.345,82.345,82.305,82.305,1068.0,CHK
2023-05-19 09:55:00,82.455,82.455,82.355,82.36,2190.0,CHK
2023-05-19 09:54:00,82.455,82.455,82.455,82.455,564.0,CHK
2023-05-19 09:53:00,82.51,82.51,82.39,82.39,2331.0,CHK
2023-05-19 09:52:00,82.49,82.49,82.35,82.4499,3186.0,CHK
2023-05-19 09:51:00,82.48,82.48,82.4586,82.4586,3859.0,CHK
2023-05-19 09:50:00,82.48,82.49,82.43,82.43,3684.0,CHK
2023-05-19 09:49:00,82.2701,82.2701,82.2701,82.2701,266.0,CHK
2023-05-19 09:48:00,82.51,82.51,82.255,82.375,6994.0,CHK
2023-05-19 09:47:00,82.53,82.595,82.42,82.43,5070.0,CHK
2023-05-19 09:46:00,82.51,82.53,82.51,82.53,424.0,CHK
2023-05-19 09:45:00,82.215,82.385,82.215,82.385,1382.0,CHK
2023-05-19 09:44:00,82.3,82.3,82.215,82.22,1062.0,CHK
2023-05-19 09:43:00,82.255,82.32,82.13,82.23,44332.0,CHK
2023-05-19 09:42:00,82.28,82.3227,82.28,82.3227,592.0,CHK
2023-05-19 09:41:00,82.11,82.2,82.11,82.2,869.0,CHK
2023-05-19 09:40:00,82.12,82.12,81.84,81.92,2231.0,CHK
2023-05-19 09:39:00,82.2787,82.2787,82.26,82.26,5292.0,CHK
2023-05-19 09:38:00,82.595,82.595,82.44,82.44,205.0,CHK
2023-05-19 09:37:00,82.675,82.7,82.45,82.57,3592.0,CHK
2023-05-19 09:36:00,82.7994,82.805,82.5202,82.66,8115.0,CHK
2023-05-19 09:35:00,82.87,82.9,82.75,82.79,3888.0,CHK
2023-05-19 09:34:00,82.88,82.88,82.6,82.6,806.0,CHK
2023-05-19 09:33:00,82.705,82.715,82.7,82.7,5448.0,CHK
2023-05-19 09:32:00,82.5301,82.695,82.5301,82.695,1202.0,CHK
2023-05-19 09:31:00,82.95,82.95,82.815,82.815,743.0,CHK
2023-05-19 09:30:00,82.86,83.05,82.83,83.0075,18609.0,CHK
2023-05-19 08:45:00,83.0,83.0,83.0,83.0,1109.0,CHK
2023-05-19 08:44:00,82.84,82.84,82.84,82.84,150.0,CHK
2023-05-18 17:13:00,82.0021,82.0021,82.0021,82.0021,151.0,CHK
2023-05-18 16:00:00,82.23,82.23,82.23,82.23,18993.0,CHK
2023-05-18 15:59:00,82.23,82.24,82.17,82.23,57552.0,CHK
2023-05-18 15:58:00,82.285,82.29,82.22,82.23,44849.0,CHK
2023-05-18 15:57:00,82.295,82.3,82.27,82.285,27096.0,CHK
2023-05-18 15:56:00,82.3,82.33,82.28,82.295,24668.0,CHK
2023-05-18 15:55:00,82.23,82.32,82.22,82.29,35943.0,CHK
2023-05-18 15:54:00,82.26,82.26,82.2,82.215,17864.0,CHK
2023-05-18 15:53:00,82.25,82.27,82.24,82.27,24081.0,CHK
2023-05-18 15:52:00,82.25,82.26,82.21,82.26,26769.0,CHK
2023-05-18 15:51:00,82.16,82.26,82.16,82.25,18396.0,CHK
2023-05-18 15:50:00,82.08,82.19,82.06,82.17,18923.0,CHK
2023-05-18 15:49:00,82.06,82.06,82.01,82.05,9151.0,CHK
2023-05-18 15:48:00,82.06,82.0777,82.03,82.06,12093.0,CHK
2023-05-18 15:47:00,81.97,82.07,81.97,82.06,15077.0,CHK
2023-05-18 15:46:00,81.995,81.995,81.95,81.95,19383.0,CHK
2023-05-18 15:45:00,81.94,82.0,81.94,81.995,3760.0,CHK
2023-05-18 15:44:00,81.9,81.96,81.89,81.96,6757.0,CHK
2023-05-18 15:43:00,81.98,82.02,81.92,81.92,15962.0,CHK
2023-05-18 15:42:00,81.9,81.99,81.9,81.98,7141.0,CHK
2023-05-18 15:41:00,81.89,81.91,81.86,81.89,18332.0,CHK
2023-05-18 15:40:00,81.935,81.935,81.89,81.89,7896.0,CHK
2023-05-18 15:39:00,81.87,81.94,81.87,81.935,7847.0,CHK
2023-05-18 15:38:00,81.865,81.91,81.83,81.86,7644.0,CHK
2023-05-18 15:37:00,81.875,81.91,81.85,81.87,19447.0,CHK
2023-05-18 15:36:00,81.85,81.88,81.85,81.88,2796.0,CHK
2023-05-18 15:35:00,81.755,81.86,81.74,81.846,14450.0,CHK
2023-05-18 15:34:00,81.675,81.77,81.65,81.77,5917.0,CHK
2023-05-18 15:33:00,81.645,81.75,81.645,81.69,12396.0,CHK
2023-05-18 15:32:00,81.67,81.685,81.61,81.645,15778.0,CHK
2023-05-18 15:31:00,81.6,81.65,81.6,81.64,4741.0,CHK
2023-05-18 15:30:00,81.61,81.65,81.6,81.6075,11274.0,CHK
2023-05-18 15:29:00,81.555,81.61,81.555,81.595,7344.0,CHK
2023-05-18 15:28:00,81.55,81.57,81.55,81.555,1682.0,CHK
2023-05-18 15:27:00,81.495,81.55,81.495,81.545,5343.0,CHK
2023-05-18 15:26:00,81.5,81.51,81.48,81.49,5069.0,CHK
2023-05-18 15:25:00,81.52,81.52,81.46,81.49,5650.0,CHK
2023-05-18 15:24:00,81.51,81.53,81.49,81.53,3145.0,CHK
2023-05-18 15:23:00,81.47,81.51,81.455,81.49,5516.0,CHK
2023-05-18 15:22:00,81.48,81.48,81.43,81.455,6547.0,CHK
2023-05-18 15:21:00,81.42,81.47,81.3975,81.47,3092.0,CHK
2023-05-18 15:20:00,81.36,81.42,81.34,81.3601,7483.0,CHK
2023-05-18 15:19:00,81.355,81.36,81.355,81.36,547.0,CHK
2023-05-18 15:18:00,81.48,81.48,81.41,81.41,3831.0,CHK
2023-05-18 15:17:00,81.54,81.56,81.4511,81.465,4503.0,CHK
2023-05-18 15:16:00,81.4,81.56,81.4,81.54,9259.0,CHK
2023-05-18 15:15:00,81.35,81.42,81.35,81.405,2393.0,CHK
2023-05-18 15:14:00,81.3,81.369,81.3,81.35,3661.0,CHK
2023-05-18 15:13:00,81.339,81.34,81.32,81.32,2051.0,CHK
2023-05-18 15:12:00,81.35,81.35,81.31,81.32,6924.0,CHK
2023-05-18 15:11:00,81.31,81.35,81.31,81.35,2412.0,CHK
2023-05-18 15:10:00,81.23,81.3,81.23,81.28,2734.0,CHK
2023-05-18 15:09:00,81.185,81.23,81.185,81.23,3420.0,CHK
2023-05-18 15:08:00,81.145,81.2099,81.1425,81.185,2900.0,CHK
2023-05-18 15:07:00,81.18,81.19,81.155,81.16,2900.0,CHK
2023-05-18 15:06:00,81.14,81.18,81.135,81.18,2885.0,CHK
2023-05-18 15:05:00,81.09,81.13,81.09,81.13,2189.0,CHK
2023-05-18 15:04:00,81.225,81.225,81.09,81.09,4586.0,CHK
2023-05-18 15:03:00,81.23,81.24,81.2,81.24,4164.0,CHK
2023-05-18 15:02:00,81.23,81.249,81.23,81.249,682.0,CHK
2023-05-18 15:01:00,81.24,81.259,81.22,81.23,6790.0,CHK
2023-05-18 15:00:00,81.25,81.25,81.22,81.24,2817.0,CHK
2023-05-18 14:59:00,81.255,81.27,81.22,81.25,4615.0,CHK
2023-05-18 14:58:00,81.2831,81.32,81.26,81.27,6824.0,CHK
2023-05-18 14:57:00,81.225,81.29,81.225,81.29,4077.0,CHK
2023-05-18 14:56:00,81.27,81.27,81.23,81.23,1953.0,CHK
2023-05-18 14:55:00,81.2,81.27,81.19,81.27,5276.0,CHK
2023-05-18 14:54:00,81.23,81.26,81.2,81.23,2155.0,CHK
2023-05-18 14:53:00,81.26,81.26,81.21,81.23,2460.0,CHK
2023-05-18 14:52:00,81.15,81.26,81.13,81.25,4772.0,CHK
2023-05-18 14:51:00,81.16,81.16,81.125,81.15,2587.0,CHK
2023-05-18 14:50:00,81.165,81.1799,81.16,81.17,2429.0,CHK
2023-05-18 14:49:00,81.12,81.165,81.115,81.165,3239.0,CHK
2023-05-18 14:48:00,81.115,81.1399,81.115,81.1399,416.0,CHK
2023-05-18 14:47:00,81.06,81.15,81.06,81.115,2841.0,CHK
2023-05-18 14:46:00,81.01,81.09,81.01,81.087,3421.0,CHK
2023-05-18 14:45:00,81.1,81.15,81.05,81.05,2921.0,CHK
2023-05-18 14:44:00,80.995,81.1,80.95,81.1,3203.0,CHK
2023-05-18 14:43:00,81.11,81.135,81.04,81.04,3477.0,CHK
2023-05-18 14:42:00,81.01,81.105,81.01,81.105,1611.0,CHK
2023-05-18 14:41:00,80.945,81.04,80.945,81.01,11582.0,CHK
2023-05-18 14:40:00,80.88,80.94,80.84,80.94,3414.0,CHK
2023-05-18 14:39:00,80.94,80.94,80.91,80.9161,4103.0,CHK
2023-05-18 14:38:00,80.99,81.02,80.93,80.98,3331.0,CHK
2023-05-18 14:37:00,81.055,81.055,81.02,81.02,1748.0,CHK
2023-05-18 14:36:00,81.05,81.09,81.05,81.09,3534.0,CHK
2023-05-18 14:35:00,80.995,80.995,80.995,80.995,204.0,CHK
2023-05-18 14:34:00,80.85,81.05,80.85,81.03,7367.0,CHK
2023-05-18 14:33:00,80.89,80.895,80.89,80.895,318.0,CHK
2023-05-18 14:32:00,80.96,80.96,80.85,80.915,3288.0,CHK
2023-05-18 14:31:00,81.235,81.235,81.0,81.0,4631.0,CHK
2023-05-18 14:30:00,81.27,81.2886,81.235,81.235,1208.0,CHK
2023-05-18 14:29:00,81.25,81.28,81.23,81.28,4719.0,CHK
2023-05-18 14:28:00,81.185,81.27,81.175,81.25,1839.0,CHK
2023-05-18 14:27:00,81.25,81.31,81.17,81.19,14676.0,CHK
2023-05-18 14:26:00,81.17,81.25,81.16,81.215,2827.0,CHK
2023-05-18 14:25:00,81.12,81.169,81.12,81.145,2664.0,CHK
2023-05-18 14:24:00,81.11,81.15,81.1,81.11,5966.0,CHK
2023-05-18 14:23:00,81.09,81.14,81.08,81.14,3256.0,CHK
2023-05-18 14:22:00,81.03,81.055,81.02,81.035,3502.0,CHK
2023-05-18 14:21:00,81.05,81.089,81.035,81.07,3209.0,CHK
2023-05-18 14:20:00,80.99,81.09,80.98,81.05,7639.0,CHK
2023-05-18 14:19:00,80.909,81.01,80.89,81.01,18686.0,CHK
2023-05-18 14:18:00,80.88,80.9,80.87,80.885,1105.0,CHK
2023-05-18 14:17:00,80.82,80.895,80.79,80.87,6670.0,CHK
2023-05-18 14:16:00,80.73,80.8,80.73,80.8,3204.0,CHK
2023-05-18 14:15:00,80.695,80.73,80.695,80.73,1793.0,CHK
2023-05-18 14:14:00,80.69,80.71,80.69,80.71,402.0,CHK
2023-05-18 14:13:00,80.56,80.7,80.555,80.68,21048.0,CHK
2023-05-18 14:12:00,80.65,80.65,80.555,80.555,19380.0,CHK
2023-05-18 14:11:00,80.655,80.69,80.655,80.69,1266.0,CHK
2023-05-18 14:10:00,80.54,80.66,80.48,80.65,7487.0,CHK
2023-05-18 14:09:00,80.41,80.515,80.41,80.515,7698.0,CHK
2023-05-18 14:08:00,80.4,80.405,80.4,80.405,1544.0,CHK
2023-05-18 14:07:00,80.27,80.41,80.27,80.41,3808.0,CHK
2023-05-18 14:06:00,80.2,80.25,80.2,80.25,1270.0,CHK
2023-05-18 14:05:00,80.235,80.35,80.23,80.24,10180.0,CHK
2023-05-18 14:04:00,80.5679,80.5679,80.235,80.235,45581.0,CHK
2023-05-18 14:03:00,80.57,80.57,80.48,80.53,1902.0,CHK
2023-05-18 14:02:00,80.52,80.58,80.46,80.535,9452.0,CHK
2023-05-18 14:01:00,80.49,80.495,80.425,80.495,979.0,CHK
2023-05-18 14:00:00,80.52,80.52,80.3,80.4374,40680.0,CHK
2023-05-18 13:59:00,80.5,80.5145,80.46,80.5145,3467.0,CHK
2023-05-18 13:58:00,80.465,80.465,80.465,80.465,344.0,CHK
2023-05-18 13:57:00,80.53,80.535,80.46,80.46,1903.0,CHK
2023-05-18 13:56:00,80.54,80.6,80.52,80.5553,2048.0,CHK
2023-05-18 13:55:00,80.66,80.66,80.56,80.595,5408.0,CHK
2023-05-18 13:54:00,80.655,80.69,80.655,80.685,3298.0,CHK
2023-05-18 13:53:00,80.615,80.615,80.615,80.615,645.0,CHK
2023-05-18 13:52:00,80.5333,80.63,80.5333,80.62,5130.0,CHK
2023-05-18 13:51:00,80.61,80.64,80.57,80.575,2292.0,CHK
2023-05-18 13:50:00,80.79,80.79,80.65,80.65,5766.0,CHK
2023-05-18 13:49:00,80.83,80.84,80.77,80.79,6761.0,CHK
2023-05-18 13:48:00,80.835,80.84,80.82,80.84,1989.0,CHK
2023-05-18 13:47:00,80.815,80.845,80.815,80.845,596.0,CHK
2023-05-18 13:46:00,80.8399,80.9255,80.83,80.86,2191.0,CHK
2023-05-18 13:45:00,80.81,80.825,80.715,80.81,50211.0,CHK
2023-05-18 13:44:00,80.76,80.835,80.76,80.835,4498.0,CHK
2023-05-18 13:43:00,80.705,80.76,80.705,80.76,1422.0,CHK
2023-05-18 13:42:00,80.71,80.75,80.67,80.705,12329.0,CHK
2023-05-18 13:41:00,80.71,80.749,80.71,80.749,1494.0,CHK
2023-05-18 13:40:00,80.735,80.77,80.73,80.77,2995.0,CHK
2023-05-18 13:39:00,80.735,80.735,80.735,80.735,243.0,CHK
2023-05-18 13:38:00,80.85,80.85,80.715,80.74,6780.0,CHK
2023-05-18 13:37:00,80.85,80.85,80.85,80.85,495.0,CHK
2023-05-18 13:36:00,80.76,80.86,80.73,80.86,3990.0,CHK
2023-05-18 13:35:00,80.795,80.795,80.75,80.75,718.0,CHK
2023-05-18 13:34:00,80.79,80.83,80.76,80.8,7013.0,CHK
2023-05-18 13:33:00,80.72,80.805,80.72,80.79,10580.0,CHK
2023-05-18 13:32:00,80.68,80.74,80.63,80.71,4620.0,CHK
2023-05-18 13:31:00,80.63,80.67,80.56,80.625,3473.0,CHK
2023-05-18 13:30:00,80.515,80.57,80.46,80.57,976.0,CHK
2023-05-18 13:29:00,80.49,80.515,80.49,80.515,1152.0,CHK
2023-05-18 13:28:00,80.485,80.66,80.45,80.59,15161.0,CHK
2023-05-18 13:27:00,80.5,80.5,80.485,80.485,598.0,CHK
2023-05-18 13:26:00,80.48,80.48,80.48,80.48,572.0,CHK
2023-05-18 13:25:00,80.52,80.52,80.46,80.48,3996.0,CHK
2023-05-18 13:24:00,80.525,80.5499,80.52,80.5499,1329.0,CHK
2023-05-18 13:23:00,80.55,80.56,80.51,80.525,5697.0,CHK
2023-05-18 13:22:00,80.46,80.515,80.4201,80.51,12182.0,CHK
2023-05-18 13:21:00,80.5,80.5,80.43,80.46,5778.0,CHK
2023-05-18 13:20:00,80.4,80.455,80.38,80.455,2731.0,CHK
2023-05-18 13:19:00,80.37,80.39,80.32,80.39,2342.0,CHK
2023-05-18 13:18:00,80.34,80.36,80.31,80.36,2743.0,CHK
2023-05-18 13:17:00,80.345,80.37,80.34,80.34,816.0,CHK
2023-05-18 13:16:00,80.31,80.35,80.31,80.34,1246.0,CHK
2023-05-18 13:15:00,80.32,80.35,80.3,80.35,1405.0,CHK
2023-05-18 13:13:00,80.29,80.29,80.29,80.29,227.0,CHK
2023-05-18 13:12:00,80.33,80.33,80.295,80.295,531.0,CHK
2023-05-18 13:11:00,80.4083,80.4083,80.25,80.28,2534.0,CHK
2023-05-18 13:10:00,80.36,80.375,80.28,80.31,2556.0,CHK
2023-05-18 13:09:00,80.315,80.38,80.315,80.38,1246.0,CHK
2023-05-18 13:08:00,80.28,80.28,80.26,80.26,1021.0,CHK
2023-05-18 13:07:00,80.27,80.27,80.27,80.27,933.0,CHK
2023-05-18 13:06:00,80.29,80.29,80.29,80.29,797.0,CHK
2023-05-18 13:05:00,80.27,80.33,80.27,80.3,2608.0,CHK
2023-05-18 13:04:00,80.19,80.23,80.19,80.225,3040.0,CHK
2023-05-18 13:03:00,80.19,80.235,80.19,80.235,570.0,CHK
2023-05-18 13:02:00,80.2,80.2,80.2,80.2,172.0,CHK
2023-05-18 13:01:00,80.19,80.2,80.18,80.2,652.0,CHK
2023-05-18 13:00:00,80.235,80.235,80.18,80.215,2029.0,CHK
2023-05-18 12:59:00,80.35,80.35,80.18,80.235,5607.0,CHK
2023-05-18 12:58:00,80.25,80.33,80.23,80.23,6277.0,CHK
2023-05-18 12:57:00,80.25,80.25,80.2,80.2,1652.0,CHK
2023-05-18 12:56:00,80.28,80.42,80.28,80.29,6387.0,CHK
2023-05-18 12:55:00,80.29,80.305,80.25,80.305,2181.0,CHK
2023-05-18 12:53:00,80.33,80.33,80.22,80.22,525.0,CHK
2023-05-18 12:52:00,80.31,80.31,80.22,80.23,1951.0,CHK
2023-05-18 12:51:00,80.265,80.265,80.265,80.265,523.0,CHK
2023-05-18 12:50:00,80.23,80.23,80.23,80.23,480.0,CHK
2023-05-18 12:49:00,80.32,80.32,80.2,80.23,5164.0,CHK
2023-05-18 12:48:00,80.35,80.35,80.33,80.33,1288.0,CHK
2023-05-18 12:47:00,80.27,80.38,80.27,80.38,1207.0,CHK
2023-05-18 12:46:00,80.2,80.25,80.18,80.25,4770.0,CHK
2023-05-18 12:45:00,80.21,80.24,80.21,80.24,1046.0,CHK
2023-05-18 12:44:00,80.18,80.23,80.16,80.2,2736.0,CHK
2023-05-18 12:43:00,80.295,80.295,80.16,80.16,8091.0,CHK
2023-05-18 12:42:00,80.32,80.32,80.32,80.32,279.0,CHK
2023-05-18 12:41:00,80.2,80.3,80.2,80.3,2977.0,CHK
2023-05-18 12:40:00,80.27,80.27,80.2,80.245,3666.0,CHK
2023-05-18 12:39:00,80.34,80.385,80.26,80.26,11694.0,CHK
2023-05-18 12:38:00,80.26,80.35,80.26,80.335,8722.0,CHK
2023-05-18 12:37:00,80.27,80.27,80.21,80.21,1596.0,CHK
2023-05-18 12:36:00,80.1,80.26,80.1,80.26,3104.0,CHK
2023-05-18 12:34:00,80.16,80.16,80.1,80.1,2579.0,CHK
2023-05-18 12:33:00,80.16,80.16,80.16,80.16,664.0,CHK
2023-05-18 12:32:00,80.2,80.2,80.1,80.175,1153.0,CHK
2023-05-18 12:31:00,80.28,80.29,80.18,80.18,1910.0,CHK
2023-05-18 12:30:00,80.36,80.365,80.3,80.32,2445.0,CHK
2023-05-18 12:29:00,80.33,80.46,80.33,80.37,10929.0,CHK
2023-05-18 12:28:00,80.31,80.35,80.31,80.345,951.0,CHK
2023-05-18 12:27:00,80.35,80.35,80.28,80.315,5733.0,CHK
2023-05-18 12:26:00,80.37,80.37,80.335,80.335,1017.0,CHK
2023-05-18 12:25:00,80.31,80.35,80.29,80.34,3079.0,CHK
2023-05-18 12:24:00,80.43,80.45,80.33,80.34,9357.0,CHK
2023-05-18 12:23:00,80.455,80.455,80.38,80.42,18599.0,CHK
2023-05-18 12:22:00,80.42,80.435,80.3901,80.3901,1268.0,CHK
2023-05-18 12:21:00,80.4,80.41,80.3697,80.37,1243.0,CHK
2023-05-18 12:20:00,80.4,80.4,80.36,80.375,4068.0,CHK
2023-05-18 12:19:00,80.38,80.4,80.36,80.36,2200.0,CHK
2023-05-18 12:18:00,80.305,80.42,80.305,80.38,8140.0,CHK
2023-05-18 12:17:00,80.25,80.34,80.25,80.34,2796.0,CHK
2023-05-18 12:16:00,80.2,80.32,80.2,80.275,4972.0,CHK
2023-05-18 12:15:00,80.15,80.165,80.11,80.14,5954.0,CHK
2023-05-18 12:14:00,80.215,80.215,80.11,80.175,6298.0,CHK
2023-05-18 12:13:00,80.24,80.24,80.215,80.215,1205.0,CHK
2023-05-18 12:12:00,80.25,80.25,80.22,80.23,1828.0,CHK
2023-05-18 12:11:00,80.24,80.25,80.215,80.215,1070.0,CHK
2023-05-18 12:10:00,80.25,80.25,80.25,80.25,843.0,CHK
2023-05-18 12:09:00,80.2,80.2,80.2,80.2,297.0,CHK
2023-05-18 12:08:00,80.19,80.19,80.14,80.15,1778.0,CHK
2023-05-18 12:07:00,80.215,80.215,80.2,80.2,773.0,CHK
2023-05-18 12:06:00,80.195,80.25,80.18,80.195,7487.0,CHK
2023-05-18 12:05:00,80.19,80.22,80.17,80.19,2026.0,CHK
2023-05-18 12:04:00,80.3618,80.3618,80.17,80.22,52049.0,CHK
2023-05-18 12:03:00,80.35,80.35,80.32,80.35,4157.0,CHK
2023-05-18 12:02:00,80.13,80.3,80.13,80.3,3018.0,CHK
2023-05-18 12:01:00,80.1171,80.1572,80.09,80.14,6842.0,CHK
2023-05-18 12:00:00,80.14,80.14,80.14,80.14,199.0,CHK
2023-05-18 11:59:00,80.09,80.14,80.09,80.14,1818.0,CHK
2023-05-18 11:58:00,80.19,80.19,80.1,80.14,4120.0,CHK
2023-05-18 11:57:00,80.18,80.21,80.15,80.19,3891.0,CHK
2023-05-18 11:56:00,80.27,80.29,80.22,80.22,7109.0,CHK
2023-05-18 11:55:00,80.17,80.25,80.17,80.225,3531.0,CHK
2023-05-18 11:54:00,80.125,80.125,80.125,80.125,323.0,CHK
2023-05-18 11:53:00,80.125,80.1593,80.125,80.1593,1099.0,CHK
2023-05-18 11:52:00,80.125,80.16,80.085,80.085,3072.0,CHK
2023-05-18 11:51:00,80.17,80.17,80.12,80.12,1082.0,CHK
2023-05-18 11:50:00,80.31,80.31,80.12,80.13,13278.0,CHK
2023-05-18 11:49:00,80.325,80.35,80.29,80.31,3485.0,CHK
2023-05-18 11:48:00,80.4,80.4,80.29,80.35,9687.0,CHK
2023-05-18 11:47:00,80.3336,80.36,80.32,80.355,3851.0,CHK
2023-05-18 11:46:00,80.26,80.39,80.26,80.35,6253.0,CHK
2023-05-18 11:45:00,80.27,80.27,80.24,80.26,3720.0,CHK
2023-05-18 11:44:00,80.26,80.27,80.235,80.235,1289.0,CHK
2023-05-18 11:43:00,80.21,80.265,80.19,80.2,3342.0,CHK
2023-05-18 11:42:00,80.285,80.285,80.205,80.23,4208.0,CHK
2023-05-18 11:41:00,80.325,80.325,80.22,80.285,11853.0,CHK
2023-05-18 11:40:00,80.325,80.33,80.27,80.33,1161.0,CHK
2023-05-18 11:39:00,80.33,80.33,80.27,80.33,1160.0,CHK
2023-05-18 11:38:00,80.35,80.38,80.31,80.33,10644.0,CHK
2023-05-18 11:37:00,80.3355,80.3355,80.27,80.32,3580.0,CHK
2023-05-18 11:36:00,80.41,80.41,80.32,80.332,4871.0,CHK
2023-05-18 11:35:00,80.37,80.385,80.34,80.385,2375.0,CHK
2023-05-18 11:34:00,80.32,80.37,80.26,80.3475,5717.0,CHK
2023-05-18 11:33:00,80.19,80.28,80.16,80.28,6926.0,CHK
2023-05-18 11:32:00,80.115,80.16,80.115,80.16,2255.0,CHK
2023-05-18 11:31:00,80.07,80.19,80.05,80.14,6594.0,CHK
2023-05-18 11:30:00,80.11,80.1242,80.0,80.065,33651.0,CHK
2023-05-18 11:29:00,80.0783,80.125,80.06,80.08,41080.0,CHK
2023-05-18 11:28:00,80.09,80.1,80.09,80.095,911.0,CHK
2023-05-18 11:27:00,80.125,80.13,80.0346,80.0346,9363.0,CHK
2023-05-18 11:26:00,80.09,80.14,80.08,80.13,4035.0,CHK
2023-05-18 11:25:00,79.9251,80.115,79.925,80.115,35252.0,CHK
2023-05-18 11:24:00,79.93,80.0,79.92,79.925,4616.0,CHK
2023-05-18 11:23:00,79.795,79.9,79.795,79.9,1347.0,CHK
2023-05-18 11:22:00,79.805,79.835,79.72,79.8,4794.0,CHK
2023-05-18 11:21:00,79.955,79.955,79.8,79.8125,6186.0,CHK
2023-05-18 11:20:00,79.94,80.015,79.905,79.98,12960.0,CHK
2023-05-18 11:19:00,79.8164,79.94,79.79,79.895,11070.0,CHK
2023-05-18 11:18:00,79.795,79.83,79.795,79.83,2084.0,CHK
2023-05-18 11:17:00,79.65,79.735,79.62,79.735,4916.0,CHK
2023-05-18 11:16:00,79.6,79.66,79.6,79.65,1087.0,CHK
2023-05-18 11:15:00,79.505,79.6,79.47,79.56,3000.0,CHK
2023-05-18 11:14:00,79.46,79.5,79.42,79.49,4957.0,CHK
2023-05-18 11:13:00,79.55,79.55,79.46,79.46,5349.0,CHK
2023-05-18 11:12:00,79.55,79.55,79.55,79.55,167.0,CHK
2023-05-18 11:11:00,79.59,79.59,79.5,79.55,6579.0,CHK
2023-05-18 11:10:00,79.55,79.605,79.51,79.605,5507.0,CHK
2023-05-18 11:09:00,79.415,79.56,79.415,79.55,2269.0,CHK
2023-05-18 11:08:00,79.35,79.425,79.35,79.425,777.0,CHK
2023-05-18 11:07:00,79.355,79.355,79.355,79.355,908.0,CHK
2023-05-18 11:06:00,79.35,79.35,79.3,79.33,1313.0,CHK
2023-05-18 11:05:00,79.47,79.51,79.4,79.4,3967.0,CHK
2023-05-18 11:04:00,79.39,79.5,79.29,79.49,27143.0,CHK
2023-05-18 11:03:00,79.29,79.47,79.29,79.4,3213.0,CHK
2023-05-18 11:02:00,79.325,79.35,79.28,79.35,1983.0,CHK
2023-05-18 11:01:00,79.28,79.35,79.28,79.35,1149.0,CHK
2023-05-18 11:00:00,79.06,79.26,79.06,79.24,2035.0,CHK
2023-05-18 10:59:00,79.1832,79.1832,79.015,79.015,7609.0,CHK
2023-05-18 10:58:00,79.025,79.155,79.025,79.14,8206.0,CHK
2023-05-18 10:57:00,79.0858,79.0858,78.94,79.035,12802.0,CHK
2023-05-18 10:56:00,78.93,79.0,78.93,78.98,416.0,CHK
2023-05-18 10:55:00,78.84,78.935,78.83,78.93,3012.0,CHK
2023-05-18 10:54:00,78.81,78.91,78.79,78.875,3324.0,CHK
2023-05-18 10:53:00,78.85,78.865,78.82,78.82,1175.0,CHK
2023-05-18 10:52:00,78.8535,78.87,78.82,78.82,1041.0,CHK
2023-05-18 10:51:00,78.98,79.0,78.8,78.8,17500.0,CHK
2023-05-18 10:50:00,78.89,78.895,78.83,78.83,1558.0,CHK
2023-05-18 10:49:00,78.84,78.98,78.82,78.975,2468.0,CHK
2023-05-18 10:48:00,78.83,78.83,78.79,78.79,879.0,CHK
2023-05-18 10:47:00,78.56,78.64,78.56,78.59,1572.0,CHK
2023-05-18 10:46:00,78.55,78.59,78.465,78.575,2329.0,CHK
2023-05-18 10:45:00,78.71,78.82,78.565,78.565,789.0,CHK
2023-05-18 10:44:00,78.705,78.705,78.705,78.705,421.0,CHK
2023-05-18 10:43:00,78.7,78.795,78.62,78.62,3197.0,CHK
2023-05-18 10:42:00,78.56,78.66,78.56,78.66,1595.0,CHK
2023-05-18 10:41:00,78.64,78.64,78.56,78.58,1751.0,CHK
2023-05-18 10:40:00,78.655,78.71,78.53,78.585,4590.0,CHK
2023-05-18 10:39:00,78.61,78.705,78.59,78.67,4479.0,CHK
2023-05-18 10:38:00,78.575,78.575,78.54,78.54,545.0,CHK
2023-05-18 10:37:00,78.51,78.59,78.51,78.565,2996.0,CHK
2023-05-18 10:36:00,78.55,78.55,78.45,78.45,3681.0,CHK
2023-05-18 10:35:00,78.55,78.5924,78.44,78.44,1759.0,CHK
2023-05-18 10:34:00,78.975,78.99,78.35,78.55,51068.0,CHK
2023-05-18 10:33:00,78.89,79.0,78.76,78.96,9472.0,CHK
2023-05-18 10:32:00,78.58,78.83,78.58,78.83,4535.0,CHK
2023-05-18 10:31:00,78.505,78.51,78.505,78.51,746.0,CHK
2023-05-18 10:30:00,78.31,78.49,78.305,78.49,3193.0,CHK
2023-05-18 10:29:00,78.23,78.25,78.19,78.19,1849.0,CHK
2023-05-18 10:28:00,78.135,78.1577,78.135,78.1577,765.0,CHK
2023-05-18 10:27:00,78.24,78.24,78.235,78.235,563.0,CHK
2023-05-18 10:26:00,78.22,78.22,78.14,78.14,602.0,CHK
2023-05-18 10:25:00,78.31,78.31,78.2,78.2,3279.0,CHK
2023-05-18 10:24:00,78.31,78.38,78.31,78.3475,906.0,CHK
2023-05-18 10:22:00,78.33,78.35,78.31,78.31,1273.0,CHK
2023-05-18 10:21:00,78.39,78.39,78.33,78.33,3318.0,CHK
2023-05-18 10:20:00,78.395,78.52,78.395,78.455,665.0,CHK
2023-05-18 10:19:00,78.48,78.48,78.34,78.4,1232.0,CHK
2023-05-18 10:18:00,78.32,78.39,78.32,78.33,2307.0,CHK
2023-05-18 10:17:00,78.2837,78.2837,78.275,78.275,2460.0,CHK
2023-05-18 10:16:00,78.25,78.25,78.2,78.2,2165.0,CHK
2023-05-18 10:15:00,78.18,78.25,78.14,78.25,2152.0,CHK
2023-05-18 10:14:00,78.125,78.19,78.05,78.19,11300.0,CHK
2023-05-18 10:13:00,78.14,78.14,78.09,78.09,447.0,CHK
2023-05-18 10:12:00,78.15,78.15,78.06,78.06,465.0,CHK
2023-05-18 10:11:00,77.98,77.98,77.98,77.98,121.0,CHK
2023-05-18 10:10:00,78.07,78.07,77.97,77.975,2221.0,CHK
2023-05-18 10:09:00,77.87,77.97,77.87,77.97,918.0,CHK
2023-05-18 10:08:00,77.8,77.81,77.8,77.81,264.0,CHK
2023-05-18 10:07:00,77.97,77.97,77.915,77.92,806.0,CHK
2023-05-18 10:06:00,77.79,77.88,77.79,77.88,2043.0,CHK
2023-05-18 10:05:00,77.815,77.815,77.66,77.6725,2886.0,CHK
2023-05-18 10:04:00,77.93,77.93,77.87,77.895,5622.0,CHK
2023-05-18 10:03:00,77.93,77.93,77.93,77.93,345.0,CHK
2023-05-18 10:02:00,77.935,77.95,77.91,77.91,1511.0,CHK
2023-05-18 10:01:00,77.95,77.95,77.95,77.95,695.0,CHK
2023-05-18 10:00:00,77.96,77.96,77.96,77.96,327.0,CHK
2023-05-18 09:59:00,77.8,77.97,77.8,77.97,1204.0,CHK
2023-05-18 09:58:00,77.78,77.85,77.67,77.71,1457.0,CHK
2023-05-18 09:57:00,77.78,77.78,77.78,77.78,452.0,CHK
2023-05-18 09:56:00,77.77,77.78,77.68,77.78,512.0,CHK
2023-05-18 09:55:00,77.8,77.82,77.8,77.82,1412.0,CHK
2023-05-18 09:53:00,77.93,78.055,77.93,78.055,1407.0,CHK
2023-05-18 09:52:00,77.95,78.07,77.94,78.0,6008.0,CHK
2023-05-18 09:51:00,78.115,78.115,77.88,77.88,1775.0,CHK
2023-05-18 09:50:00,78.11,78.115,78.11,78.115,477.0,CHK
2023-05-18 09:49:00,78.16,78.16,78.08,78.11,1027.0,CHK
2023-05-18 09:48:00,78.2,78.2,77.98,77.98,1603.0,CHK
2023-05-18 09:46:00,78.26,78.395,78.26,78.34,1009.0,CHK
2023-05-18 09:45:00,78.26,78.26,78.26,78.26,137.0,CHK
2023-05-18 09:44:00,78.2,78.28,78.19,78.2375,2373.0,CHK
2023-05-18 09:43:00,78.22,78.22,78.11,78.12,1285.0,CHK
2023-05-18 09:42:00,78.25,78.25,78.235,78.235,989.0,CHK
2023-05-18 09:41:00,78.25,78.25,78.25,78.25,325.0,CHK
2023-05-18 09:40:00,78.12,78.185,78.12,78.185,795.0,CHK
2023-05-18 09:39:00,77.86,77.945,77.84,77.945,600.0,CHK
2023-05-18 09:38:00,78.03,78.05,77.92,77.92,1387.0,CHK
2023-05-18 09:37:00,77.965,78.0899,77.9031,77.9031,745.0,CHK
2023-05-18 09:36:00,77.97,78.0,77.87,77.97,1138.0,CHK
2023-05-18 09:35:00,78.1,78.1,77.75,77.77,1726.0,CHK
2023-05-18 09:34:00,77.96,78.245,77.93,78.245,2574.0,CHK
2023-05-18 09:33:00,78.115,78.115,78.115,78.115,25140.0,CHK
2023-05-18 09:32:00,78.22,78.25,78.1,78.1,1113.0,CHK
2023-05-18 09:31:00,77.72,78.04,77.56,78.04,4851.0,CHK
2023-05-18 09:30:00,77.76,78.01,77.7,77.8044,8167.0,CHK
2023-05-17 16:00:00,78.26,78.26,78.26,78.26,11163.0,CHK
2023-05-17 15:59:00,78.28,78.32,78.23,78.28,41405.0,CHK
2023-05-17 15:58:00,78.27,78.28,78.24,78.28,20623.0,CHK
2023-05-17 15:57:00,78.34,78.34,78.26,78.27,15214.0,CHK
2023-05-17 15:56:00,78.42,78.42,78.33,78.33,18878.0,CHK
2023-05-17 15:55:00,78.33,78.47,78.325,78.425,18734.0,CHK
2023-05-17 15:54:00,78.28,78.36,78.26,78.33,15239.0,CHK
2023-05-17 15:53:00,78.22,78.3,78.2,78.27,25116.0,CHK
2023-05-17 15:52:00,78.24,78.25,78.215,78.22,16303.0,CHK
2023-05-17 15:51:00,78.135,78.255,78.115,78.25,13954.0,CHK
2023-05-17 15:50:00,78.14,78.16,78.1,78.12,8842.0,CHK
2023-05-17 15:49:00,78.145,78.15,78.12,78.14,6363.0,CHK
2023-05-17 15:48:00,78.02,78.125,78.005,78.11,7906.0,CHK
2023-05-17 15:47:00,78.04,78.04,78.0,78.0037,7818.0,CHK
2023-05-17 15:46:00,77.95,78.06,77.95,78.05,6774.0,CHK
2023-05-17 15:45:00,78.02,78.04,77.94,77.97,10181.0,CHK
2023-05-17 15:44:00,78.05,78.05,78.02,78.042,5734.0,CHK
2023-05-17 15:43:00,78.09,78.1,78.06,78.06,6729.0,CHK
2023-05-17 15:42:00,77.995,78.09,77.995,78.09,8531.0,CHK
2023-05-17 15:41:00,78.005,78.02,77.98,77.995,630.0,CHK
2023-05-17 15:40:00,78.07,78.07,77.985,78.005,10115.0,CHK
2023-05-17 15:39:00,78.0,78.07,78.0,78.07,3039.0,CHK
2023-05-17 15:38:00,77.98,77.99,77.96,77.99,5136.0,CHK
2023-05-17 15:37:00,78.0,78.0,77.98,77.9825,3463.0,CHK
2023-05-17 15:36:00,78.0,78.02,77.965,78.0,4789.0,CHK
2023-05-17 15:35:00,78.04,78.04,77.99,77.995,3884.0,CHK
2023-05-17 15:34:00,78.01,78.06,78.01,78.06,4107.0,CHK
2023-05-17 15:33:00,78.05,78.05,78.02,78.025,4019.0,CHK
2023-05-17 15:32:00,78.1,78.1,78.05,78.07,3576.0,CHK
2023-05-17 15:31:00,78.12,78.13,78.11,78.115,3101.0,CHK
2023-05-17 15:30:00,78.14,78.14,78.1,78.1175,2258.0,CHK
2023-05-17 15:29:00,78.11,78.14,78.11,78.13,2059.0,CHK
2023-05-17 15:28:00,78.16,78.16,78.1,78.11,5412.0,CHK
2023-05-17 15:27:00,78.13,78.18,78.13,78.18,4154.0,CHK
2023-05-17 15:26:00,78.13,78.16,78.105,78.15,4353.0,CHK
2023-05-17 15:25:00,78.12,78.12,78.06,78.1,3755.0,CHK
2023-05-17 15:24:00,78.135,78.15,78.135,78.15,2753.0,CHK
2023-05-17 15:23:00,78.14,78.14,78.11,78.135,3007.0,CHK
2023-05-17 15:22:00,78.17,78.175,78.155,78.155,3021.0,CHK
2023-05-17 15:21:00,78.24,78.24,78.185,78.185,2097.0,CHK
2023-05-17 15:20:00,78.195,78.225,78.195,78.21,2595.0,CHK
2023-05-17 15:19:00,78.345,78.345,78.24,78.26,1442.0,CHK
2023-05-17 15:18:00,78.495,78.495,78.34,78.345,10851.0,CHK
2023-05-17 15:17:00,78.44,78.5,78.4371,78.5,5222.0,CHK
2023-05-17 15:16:00,78.44,78.44,78.44,78.44,776.0,CHK
2023-05-17 15:15:00,78.42,78.48,78.42,78.445,3147.0,CHK
2023-05-17 15:14:00,78.4,78.425,78.39,78.415,3686.0,CHK
2023-05-17 15:13:00,78.355,78.425,78.355,78.425,1773.0,CHK
2023-05-17 15:12:00,78.355,78.3934,78.35,78.355,1569.0,CHK
2023-05-17 15:11:00,78.31,78.38,78.305,78.31,9944.0,CHK
2023-05-17 15:10:00,78.335,78.335,78.31,78.315,1784.0,CHK
2023-05-17 15:09:00,78.165,78.355,78.14,78.32,6150.0,CHK
2023-05-17 15:08:00,78.17,78.17,78.14,78.165,2202.0,CHK
2023-05-17 15:07:00,78.15,78.165,78.14,78.15,2267.0,CHK
2023-05-17 15:06:00,78.1518,78.2,78.15,78.15,4301.0,CHK
2023-05-17 15:05:00,78.21,78.21,78.111,78.175,6442.0,CHK
2023-05-17 15:04:00,78.22,78.24,78.14,78.2,13726.0,CHK
2023-05-17 15:03:00,78.14,78.2,78.14,78.2,776.0,CHK
2023-05-17 15:02:00,78.03,78.11,78.02,78.11,2142.0,CHK
2023-05-17 15:01:00,77.98,78.02,77.98,78.0,4671.0,CHK
2023-05-17 15:00:00,78.02,78.02,77.99,78.0,3944.0,CHK
2023-05-17 14:59:00,78.0,78.005,78.0,78.005,2164.0,CHK
2023-05-17 14:58:00,77.88,77.95,77.88,77.94,6576.0,CHK
2023-05-17 14:57:00,77.92,77.92,77.89,77.89,4054.0,CHK
2023-05-17 14:56:00,77.93,77.935,77.92,77.92,1590.0,CHK
2023-05-17 14:55:00,77.94,77.945,77.94,77.945,433.0,CHK
2023-05-17 14:54:00,77.975,77.99,77.9,77.94,7166.0,CHK
2023-05-17 14:53:00,77.965,77.97,77.965,77.97,214.0,CHK
2023-05-17 14:52:00,77.94,78.0,77.94,77.965,5050.0,CHK
2023-05-17 14:51:00,77.96,77.96,77.885,77.915,3020.0,CHK
2023-05-17 14:50:00,77.99,78.0,77.97,77.975,2724.0,CHK
2023-05-17 14:49:00,77.91,77.955,77.91,77.955,2250.0,CHK
2023-05-17 14:48:00,77.91,77.915,77.87,77.885,2381.0,CHK
2023-05-17 14:47:00,77.9313,77.9313,77.91,77.91,3775.0,CHK
2023-05-17 14:46:00,77.895,77.98,77.89,77.94,7240.0,CHK
2023-05-17 14:45:00,77.96,77.97,77.89,77.89,9866.0,CHK
2023-05-17 14:44:00,77.99,78.0,77.96,77.98,5828.0,CHK
2023-05-17 14:43:00,77.96,78.015,77.95,78.015,5373.0,CHK
2023-05-17 14:42:00,77.94,77.95,77.94,77.95,1344.0,CHK
2023-05-17 14:41:00,77.935,77.935,77.9075,77.93,5526.0,CHK
2023-05-17 14:40:00,77.93,77.93,77.93,77.93,716.0,CHK
2023-05-17 14:39:00,77.935,77.96,77.935,77.935,538.0,CHK
2023-05-17 14:38:00,77.96,77.96,77.935,77.935,1028.0,CHK
2023-05-17 14:37:00,77.935,77.935,77.935,77.935,1282.0,CHK
2023-05-17 14:36:00,77.97,77.97,77.935,77.94,1149.0,CHK
2023-05-17 14:35:00,77.87,77.88,77.855,77.88,1445.0,CHK
2023-05-17 14:34:00,77.8725,77.8725,77.84,77.85,2241.0,CHK
2023-05-17 14:33:00,77.855,77.855,77.855,77.855,157.0,CHK
2023-05-17 14:32:00,77.8,77.85,77.76,77.85,6937.0,CHK
2023-05-17 14:31:00,77.8,77.8,77.8,77.8,630.0,CHK
2023-05-17 14:30:00,77.72,77.8294,77.72,77.8294,15692.0,CHK
2023-05-17 14:29:00,77.72,77.72,77.7,77.71,2187.0,CHK
2023-05-17 14:28:00,77.76,77.76,77.715,77.715,1691.0,CHK
2023-05-17 14:27:00,77.77,77.78,77.76,77.775,1255.0,CHK
2023-05-17 14:26:00,77.835,77.835,77.74,77.785,5861.0,CHK
2023-05-17 14:25:00,77.85,77.85,77.83,77.83,1909.0,CHK
2023-05-17 14:24:00,77.9775,77.9775,77.85,77.89,3816.0,CHK
2023-05-17 14:23:00,77.96,77.97,77.96,77.965,723.0,CHK
2023-05-17 14:22:00,78.04,78.05,77.97,77.97,3634.0,CHK
2023-05-17 14:21:00,78.075,78.075,78.03,78.03,3172.0,CHK
2023-05-17 14:20:00,78.07,78.0825,78.04,78.07,3156.0,CHK
2023-05-17 14:19:00,78.06,78.07,78.06,78.07,1033.0,CHK
2023-05-17 14:18:00,78.04,78.04,78.0,78.03,6744.0,CHK
2023-05-17 14:17:00,78.05,78.05,78.04,78.04,1362.0,CHK
2023-05-17 14:16:00,77.95,78.05,77.95,78.05,4639.0,CHK
2023-05-17 14:15:00,77.92,77.94,77.92,77.94,3278.0,CHK
2023-05-17 14:14:00,77.88,77.88,77.88,77.88,1100.0,CHK
2023-05-17 14:13:00,77.9,77.905,77.88,77.88,724.0,CHK
2023-05-17 14:12:00,77.89,77.92,77.87,77.9,5058.0,CHK
2023-05-17 14:11:00,77.92,77.92,77.9,77.91,1925.0,CHK
2023-05-17 14:10:00,77.9,77.91,77.9,77.9,1165.0,CHK
2023-05-17 14:09:00,77.9,77.9,77.87,77.895,4101.0,CHK
2023-05-17 14:08:00,77.91,77.91,77.91,77.91,555.0,CHK
2023-05-17 14:07:00,77.97,77.97,77.92,77.92,1033.0,CHK
2023-05-17 14:06:00,77.97,77.99,77.935,77.98,5982.0,CHK
2023-05-17 14:05:00,78.0,78.0,77.96,77.96,1556.0,CHK
2023-05-17 14:04:00,78.035,78.035,78.0,78.0,2153.0,CHK
2023-05-17 14:03:00,78.035,78.035,78.03,78.035,367.0,CHK
2023-05-17 14:02:00,78.0409,78.0674,78.03,78.03,7502.0,CHK
2023-05-17 14:01:00,78.0425,78.0558,78.02,78.0558,1471.0,CHK
2023-05-17 14:00:00,78.0,78.045,78.0,78.045,2548.0,CHK
2023-05-17 13:59:00,78.0,78.0,78.0,78.0,660.0,CHK
2023-05-17 13:58:00,77.915,78.0,77.915,78.0,4229.0,CHK
2023-05-17 13:57:00,77.99,77.99,77.9,77.92,4433.0,CHK
2023-05-17 13:56:00,77.985,78.0,77.985,78.0,1460.0,CHK
2023-05-17 13:55:00,77.975,77.99,77.975,77.985,2598.0,CHK
2023-05-17 13:54:00,77.96,77.9777,77.96,77.9777,1516.0,CHK
2023-05-17 13:53:00,77.98,77.98,77.91,77.93,1838.0,CHK
2023-05-17 13:52:00,78.03,78.03,77.97,77.97,2491.0,CHK
2023-05-17 13:51:00,78.04,78.04,78.01,78.01,4371.0,CHK
2023-05-17 13:50:00,78.045,78.06,78.03,78.04,1359.0,CHK
2023-05-17 13:49:00,78.03,78.045,78.02,78.045,2013.0,CHK
2023-05-17 13:48:00,78.07,78.09,78.04,78.04,3052.0,CHK
2023-05-17 13:47:00,78.08,78.08,78.02,78.02,1043.0,CHK
2023-05-17 13:46:00,78.145,78.145,78.08,78.1,3334.0,CHK
2023-05-17 13:45:00,78.1426,78.145,78.14,78.145,446.0,CHK
2023-05-17 13:44:00,78.07,78.12,78.07,78.11,1855.0,CHK
2023-05-17 13:43:00,78.07,78.07,78.02,78.045,4079.0,CHK
2023-05-17 13:42:00,78.13,78.13,78.07,78.09,9479.0,CHK
2023-05-17 13:41:00,78.155,78.155,78.14,78.14,1481.0,CHK
2023-05-17 13:40:00,78.15,78.165,78.15,78.16,1296.0,CHK
2023-05-17 13:39:00,78.175,78.175,78.14,78.16,471.0,CHK
2023-05-17 13:38:00,78.24,78.25,78.13,78.17,4136.0,CHK
2023-05-17 13:37:00,78.205,78.2158,78.205,78.205,789.0,CHK
2023-05-17 13:36:00,78.21,78.21,78.15,78.205,1726.0,CHK
2023-05-17 13:35:00,78.37,78.4,78.225,78.235,7134.0,CHK
2023-05-17 13:34:00,78.4,78.4,78.27,78.34,9882.0,CHK
2023-05-17 13:33:00,78.18,78.41,78.18,78.4,5648.0,CHK
2023-05-17 13:32:00,78.15,78.185,78.15,78.16,6096.0,CHK
2023-05-17 13:31:00,78.11,78.175,78.11,78.15,2808.0,CHK
2023-05-17 13:30:00,78.07,78.11,78.06,78.11,1783.0,CHK
2023-05-17 13:29:00,77.99,78.09,77.985,78.09,8422.0,CHK
2023-05-17 13:28:00,77.99,77.99,77.97,77.98,1948.0,CHK
2023-05-17 13:27:00,77.98,78.0,77.97,77.99,5933.0,CHK
2023-05-17 13:25:00,77.98,78.0,77.98,78.0,1415.0,CHK
2023-05-17 13:24:00,77.95,77.99,77.95,77.97,1725.0,CHK
2023-05-17 13:23:00,78.05,78.05,77.95,77.9529,3800.0,CHK
2023-05-17 13:22:00,78.095,78.095,78.02,78.03,2792.0,CHK
2023-05-17 13:20:00,78.1,78.13,78.095,78.13,2967.0,CHK
2023-05-17 13:19:00,78.08,78.09,78.07,78.08,1935.0,CHK
2023-05-17 13:18:00,78.12,78.12,78.095,78.105,1112.0,CHK
2023-05-17 13:17:00,78.095,78.135,78.09,78.09,1963.0,CHK
2023-05-17 13:16:00,78.09,78.09,78.01,78.06,6035.0,CHK
2023-05-17 13:15:00,78.11,78.11,78.11,78.11,668.0,CHK
2023-05-17 13:14:00,78.17,78.17,78.08,78.085,2456.0,CHK
2023-05-17 13:13:00,78.17,78.1952,78.17,78.1708,2626.0,CHK
2023-05-17 13:12:00,78.16,78.17,78.14,78.17,2163.0,CHK
2023-05-17 13:11:00,78.16,78.17,78.145,78.165,3165.0,CHK
2023-05-17 13:10:00,78.24,78.24,78.15,78.15,4229.0,CHK
2023-05-17 13:09:00,78.285,78.285,78.23,78.24,3981.0,CHK
2023-05-17 13:08:00,78.25,78.285,78.25,78.285,1629.0,CHK
2023-05-17 13:07:00,78.21,78.25,78.21,78.24,7733.0,CHK
2023-05-17 13:06:00,78.16,78.22,78.14,78.21,2740.0,CHK
2023-05-17 13:05:00,78.14,78.185,78.13,78.14,2595.0,CHK
2023-05-17 13:04:00,78.04,78.1,78.02,78.09,9566.0,CHK
2023-05-17 13:03:00,78.115,78.17,78.05,78.05,6413.0,CHK
2023-05-17 13:02:00,78.1,78.13,78.08,78.1,3266.0,CHK
2023-05-17 13:01:00,78.146,78.15,78.11,78.125,6607.0,CHK
2023-05-17 13:00:00,78.175,78.21,78.125,78.125,5998.0,CHK
2023-05-17 12:59:00,78.16,78.215,78.16,78.16,4243.0,CHK
2023-05-17 12:58:00,77.98,78.13,77.975,78.13,7721.0,CHK
2023-05-17 12:57:00,77.96,78.03,77.93,77.9832,11011.0,CHK
2023-05-17 12:56:00,78.08,78.09,77.98,77.98,13746.0,CHK
2023-05-17 12:55:00,78.15,78.39,78.065,78.08,22440.0,CHK
2023-05-17 12:54:00,77.93,78.3291,77.93,78.13,20140.0,CHK
2023-05-17 12:53:00,77.87,77.91,77.87,77.91,4678.0,CHK
2023-05-17 12:52:00,77.89,77.89,77.87,77.87,1815.0,CHK
2023-05-17 12:51:00,77.88,77.91,77.86,77.88,3681.0,CHK
2023-05-17 12:50:00,77.9,77.95,77.87,77.875,7763.0,CHK
2023-05-17 12:49:00,77.92,77.95,77.87,77.89,10814.0,CHK
2023-05-17 12:48:00,77.9,77.93,77.89,77.89,5592.0,CHK
2023-05-17 12:47:00,77.785,77.93,77.77,77.93,25690.0,CHK
2023-05-17 12:46:00,77.75,77.81,77.75,77.8,23950.0,CHK
2023-05-17 12:45:00,77.75,77.765,77.73,77.74,21138.0,CHK
2023-05-17 12:44:00,77.72,77.75,77.72,77.75,7772.0,CHK
2023-05-17 12:43:00,77.75,77.76,77.75,77.75,2337.0,CHK
2023-05-17 12:42:00,77.705,77.75,77.68,77.72,21833.0,CHK
2023-05-17 12:41:00,77.63,77.705,77.625,77.705,7150.0,CHK
2023-05-17 12:40:00,77.6,77.68,77.575,77.63,9829.0,CHK
2023-05-17 12:39:00,77.58,77.58,77.525,77.575,4331.0,CHK
2023-05-17 12:38:00,77.72,77.75,77.6,77.6,11330.0,CHK
2023-05-17 12:37:00,77.72,77.75,77.7,77.7,14737.0,CHK
2023-05-17 12:36:00,77.75,77.75,77.69,77.71,14089.0,CHK
2023-05-17 12:35:00,77.74,77.75,77.725,77.73,3855.0,CHK
2023-05-17 12:34:00,77.685,77.7,77.66,77.68,5860.0,CHK
2023-05-17 12:33:00,77.7175,77.725,77.67,77.67,6561.0,CHK
2023-05-17 12:32:00,77.73,77.75,77.71,77.725,8463.0,CHK
2023-05-17 12:31:00,77.705,77.75,77.705,77.725,4796.0,CHK
2023-05-17 12:30:00,77.72,77.73,77.7,77.705,1232.0,CHK
2023-05-17 12:29:00,77.7,77.77,77.7,77.74,4177.0,CHK
2023-05-17 12:27:00,77.77,77.77,77.745,77.745,1004.0,CHK
2023-05-17 12:26:00,77.675,77.8,77.675,77.795,5005.0,CHK
2023-05-17 12:25:00,77.71,77.71,77.65,77.675,3394.0,CHK
2023-05-17 12:24:00,77.75,77.77,77.69,77.69,1720.0,CHK
2023-05-17 12:23:00,77.78,77.8199,77.74,77.74,6583.0,CHK
2023-05-17 12:22:00,77.785,77.81,77.77,77.785,2071.0,CHK
2023-05-17 12:21:00,77.7,77.77,77.7,77.7401,5851.0,CHK
2023-05-17 12:20:00,77.755,77.77,77.7,77.7,2622.0,CHK
2023-05-17 12:19:00,77.74,77.755,77.74,77.74,1534.0,CHK
2023-05-17 12:18:00,77.66,77.74,77.65,77.74,5228.0,CHK
2023-05-17 12:17:00,77.67,77.68,77.67,77.675,567.0,CHK
2023-05-17 12:16:00,77.76,77.76,77.68,77.68,2750.0,CHK
2023-05-17 12:15:00,77.76,77.79,77.73,77.73,3501.0,CHK
2023-05-17 12:14:00,77.81,77.83,77.795,77.795,1091.0,CHK
2023-05-17 12:13:00,77.74,77.78,77.74,77.78,470.0,CHK
2023-05-17 12:11:00,77.8399,77.84,77.79,77.79,1954.0,CHK
2023-05-17 12:10:00,77.86,77.89,77.84,77.86,1900.0,CHK
2023-05-17 12:09:00,77.95,77.96,77.87,77.87,2172.0,CHK
2023-05-17 12:08:00,78.01,78.01,77.94,77.945,1838.0,CHK
2023-05-17 12:07:00,78.0,78.03,77.99,78.03,3016.0,CHK
2023-05-17 12:06:00,77.99,77.99,77.98,77.98,735.0,CHK
2023-05-17 12:05:00,77.93,77.99,77.93,77.97,3104.0,CHK
2023-05-17 12:04:00,77.99,78.0,77.92,77.92,3154.0,CHK
2023-05-17 12:03:00,77.98,77.99,77.95,77.99,2269.0,CHK
2023-05-17 12:02:00,78.08,78.08,78.01,78.01,2523.0,CHK
2023-05-17 12:01:00,78.065,78.1,78.065,78.08,1310.0,CHK
2023-05-17 12:00:00,78.02,78.0484,78.02,78.0484,852.0,CHK
2023-05-17 11:59:00,78.02,78.06,78.0,78.035,3058.0,CHK
2023-05-17 11:58:00,77.97,78.0,77.93,78.0,2728.0,CHK
2023-05-17 11:57:00,77.98,78.03,77.98,78.01,16415.0,CHK
2023-05-17 11:56:00,78.04,78.07,78.0,78.0,1614.0,CHK
2023-05-17 11:55:00,78.085,78.12,78.055,78.055,3800.0,CHK
2023-05-17 11:54:00,78.07,78.08,78.065,78.07,943.0,CHK
2023-05-17 11:53:00,78.125,78.125,78.09,78.09,2060.0,CHK
2023-05-17 11:52:00,77.995,78.12,77.995,78.1,4195.0,CHK
2023-05-17 11:51:00,77.99,78.01,77.99,77.99,755.0,CHK
2023-05-17 11:50:00,77.98,78.01,77.98,77.99,1846.0,CHK
2023-05-17 11:49:00,77.93,78.0,77.93,77.98,2280.0,CHK
2023-05-17 11:48:00,77.89,77.97,77.89,77.97,1523.0,CHK
2023-05-17 11:47:00,77.84,77.9,77.83,77.89,4059.0,CHK
2023-05-17 11:46:00,77.85,77.9,77.85,77.8981,4510.0,CHK
2023-05-17 11:45:00,77.77,77.84,77.77,77.84,3320.0,CHK
2023-05-17 11:44:00,77.95,77.95,77.8196,77.8196,7036.0,CHK
2023-05-17 11:43:00,77.975,77.975,77.91,77.96,3438.0,CHK
2023-05-17 11:42:00,78.06,78.06,77.965,77.975,2125.0,CHK
2023-05-17 11:41:00,78.08,78.08,78.08,78.08,782.0,CHK
2023-05-17 11:40:00,78.08,78.1192,78.07,78.08,4915.0,CHK
2023-05-17 11:39:00,77.84,78.05,77.84,78.04,2993.0,CHK
2023-05-17 11:38:00,77.82,77.9,77.81,77.88,7168.0,CHK
2023-05-17 11:37:00,77.785,77.83,77.78,77.81,8710.0,CHK
2023-05-17 11:36:00,77.8,77.8,77.76,77.78,1610.0,CHK
2023-05-17 11:35:00,77.74,77.84,77.74,77.795,5099.0,CHK
2023-05-17 11:34:00,77.75,77.75,77.73,77.73,617.0,CHK
2023-05-17 11:33:00,77.71,77.78,77.688,77.78,2797.0,CHK
2023-05-17 11:32:00,77.85,77.85,77.77,77.77,5811.0,CHK
2023-05-17 11:31:00,77.87,77.87,77.83,77.83,1342.0,CHK
2023-05-17 11:30:00,77.8,77.86,77.8,77.8275,3042.0,CHK
2023-05-17 11:29:00,77.825,77.84,77.8,77.8,1609.0,CHK
2023-05-17 11:28:00,77.8375,77.9,77.76,77.76,2779.0,CHK
2023-05-17 11:27:00,77.72,77.8,77.66,77.79,6589.0,CHK
2023-05-17 11:26:00,77.725,77.725,77.69,77.69,966.0,CHK
2023-05-17 11:25:00,77.76,77.76,77.725,77.725,704.0,CHK
2023-05-17 11:24:00,77.76,77.78,77.74,77.76,4273.0,CHK
2023-05-17 11:23:00,77.64,77.83,77.64,77.76,5672.0,CHK
2023-05-17 11:22:00,77.79,77.79,77.67,77.67,2084.0,CHK
2023-05-17 11:21:00,77.8,77.84,77.78,77.82,6810.0,CHK
2023-05-17 11:20:00,77.81,77.81,77.77,77.77,1702.0,CHK
2023-05-17 11:19:00,77.885,77.94,77.77,77.77,8674.0,CHK
2023-05-17 11:18:00,77.86,77.872,77.795,77.83,7878.0,CHK
2023-05-17 11:17:00,77.765,77.86,77.765,77.845,3668.0,CHK
2023-05-17 11:16:00,77.82,77.82,77.74,77.74,4210.0,CHK
2023-05-17 11:15:00,77.76,77.81,77.76,77.785,3991.0,CHK
2023-05-17 11:14:00,77.61,77.701,77.61,77.701,3843.0,CHK
2023-05-17 11:13:00,77.61,77.61,77.57,77.57,1982.0,CHK
2023-05-17 11:12:00,77.7,77.7,77.59,77.655,15012.0,CHK
2023-05-17 11:11:00,77.64,77.67,77.64,77.67,813.0,CHK
2023-05-17 11:10:00,77.64,77.66,77.62,77.64,2332.0,CHK
2023-05-17 11:09:00,77.61,77.61,77.61,77.61,516.0,CHK
2023-05-17 11:08:00,77.58,77.655,77.58,77.65,2911.0,CHK
2023-05-17 11:07:00,77.65,77.65,77.62,77.62,650.0,CHK
2023-05-17 11:06:00,77.72,77.72,77.72,77.72,430.0,CHK
2023-05-17 11:05:00,77.795,77.8117,77.795,77.8117,455.0,CHK
2023-05-17 11:04:00,77.72,77.8,77.72,77.78,2065.0,CHK
2023-05-17 11:03:00,77.79,77.79,77.79,77.79,299.0,CHK
2023-05-17 11:02:00,77.805,77.81,77.805,77.81,1496.0,CHK
2023-05-17 11:01:00,77.8,77.8,77.78,77.78,1426.0,CHK
2023-05-17 11:00:00,77.9,77.9,77.84,77.87,8550.0,CHK
2023-05-17 10:58:00,77.82,77.9012,77.82,77.88,2898.0,CHK
2023-05-17 10:57:00,77.74,77.83,77.7,77.82,2283.0,CHK
2023-05-17 10:56:00,77.73,77.735,77.68,77.735,869.0,CHK
2023-05-17 10:55:00,77.79,77.79,77.77,77.77,1358.0,CHK
2023-05-17 10:53:00,77.8,77.86,77.775,77.825,3547.0,CHK
2023-05-17 10:52:00,77.83,77.8318,77.83,77.8318,1327.0,CHK
2023-05-17 10:51:00,77.85,77.88,77.82,77.82,1016.0,CHK
2023-05-17 10:50:00,77.665,77.87,77.665,77.85,6212.0,CHK
2023-05-17 10:49:00,77.69,77.7028,77.62,77.6201,2173.0,CHK
2023-05-17 10:48:00,77.74,77.74,77.7,77.7,2644.0,CHK
2023-05-17 10:47:00,77.75,77.765,77.75,77.75,1524.0,CHK
2023-05-17 10:46:00,77.74,77.8,77.69,77.8,1802.0,CHK
2023-05-17 10:45:00,77.88,77.88,77.73,77.73,2463.0,CHK
2023-05-17 10:44:00,77.94,77.94,77.84,77.88,3713.0,CHK
2023-05-17 10:43:00,77.98,78.02,77.88,77.985,5851.0,CHK
2023-05-17 10:42:00,78.0,78.03,77.92,77.985,1850.0,CHK
2023-05-17 10:41:00,78.12,78.12,78.07,78.07,822.0,CHK
2023-05-17 10:40:00,78.12,78.14,78.07,78.14,2043.0,CHK
2023-05-17 10:39:00,78.33,78.33,78.2,78.2,1980.0,CHK
2023-05-17 10:38:00,78.31,78.365,78.31,78.365,392.0,CHK
2023-05-17 10:37:00,78.42,78.4592,78.32,78.32,2855.0,CHK
2023-05-17 10:36:00,78.525,78.525,78.425,78.46,3202.0,CHK
2023-05-17 10:35:00,78.65,78.65,78.56,78.56,1504.0,CHK
2023-05-17 10:34:00,78.55,78.67,78.55,78.67,7452.0,CHK
2023-05-17 10:33:00,78.6,78.6,78.55,78.55,20520.0,CHK
2023-05-17 10:32:00,78.85,78.86,78.65,78.665,2766.0,CHK
2023-05-17 10:31:00,78.8,78.8,78.8,78.8,198.0,CHK
2023-05-17 10:30:00,78.82,78.88,78.77,78.835,2174.0,CHK
2023-05-17 10:29:00,78.87,78.9,78.83,78.83,3615.0,CHK
2023-05-17 10:28:00,78.8306,78.8306,78.8306,78.8306,672.0,CHK
2023-05-17 10:27:00,78.7,78.81,78.7,78.81,1798.0,CHK
2023-05-17 10:26:00,78.66,78.73,78.66,78.73,3789.0,CHK
2023-05-17 10:25:00,78.62,78.65,78.61,78.65,3810.0,CHK
2023-05-17 10:24:00,78.52,78.64,78.52,78.64,7957.0,CHK
2023-05-17 10:23:00,78.525,78.5385,78.51,78.51,2406.0,CHK
2023-05-17 10:22:00,78.56,78.58,78.53,78.53,4687.0,CHK
2023-05-17 10:21:00,78.5,78.55,78.5,78.55,5697.0,CHK
2023-05-17 10:20:00,78.48,78.53,78.48,78.53,3876.0,CHK
2023-05-17 10:19:00,78.47,78.49,78.44,78.48,1704.0,CHK
2023-05-17 10:18:00,78.47,78.51,78.44,78.47,1561.0,CHK
2023-05-17 10:17:00,78.51,78.5599,78.47,78.47,2695.0,CHK
2023-05-17 10:16:00,78.55,78.56,78.52,78.56,1103.0,CHK
2023-05-17 10:15:00,78.56,78.59,78.56,78.59,592.0,CHK
2023-05-17 10:14:00,78.49,78.61,78.47,78.56,6008.0,CHK
2023-05-17 10:13:00,78.49,78.495,78.49,78.495,892.0,CHK
2023-05-17 10:12:00,78.51,78.51,78.48,78.49,2418.0,CHK
2023-05-17 10:11:00,78.55,78.58,78.53,78.55,2697.0,CHK
2023-05-17 10:10:00,78.59,78.63,78.55,78.575,1301.0,CHK
2023-05-17 10:09:00,78.59,78.63,78.56,78.59,5684.0,CHK
2023-05-17 10:08:00,78.6184,78.6184,78.54,78.565,1517.0,CHK
2023-05-17 10:07:00,78.585,78.665,78.58,78.635,8079.0,CHK
2023-05-17 10:06:00,78.41,78.53,78.385,78.49,4121.0,CHK
2023-05-17 10:05:00,78.36,78.4,78.32,78.385,3483.0,CHK
2023-05-17 10:04:00,78.4,78.4,78.33,78.365,1862.0,CHK
2023-05-17 10:03:00,78.38,78.46,78.33,78.43,29320.0,CHK
2023-05-17 10:02:00,78.36,78.42,78.36,78.415,1422.0,CHK
2023-05-17 10:01:00,78.46,78.48,78.37,78.43,6055.0,CHK
2023-05-17 10:00:00,78.32,78.47,78.22,78.46,2061.0,CHK
2023-05-17 09:59:00,78.52,78.52,78.25,78.385,3642.0,CHK
2023-05-17 09:58:00,78.45,78.56,78.42,78.55,3437.0,CHK
2023-05-17 09:56:00,78.49,78.52,78.49,78.495,1163.0,CHK
2023-05-17 09:55:00,78.445,78.52,78.445,78.5035,2268.0,CHK
2023-05-17 09:54:00,78.44,78.53,78.435,78.435,3225.0,CHK
2023-05-17 09:53:00,78.4954,78.525,78.43,78.465,2635.0,CHK
2023-05-17 09:52:00,78.5,78.53,78.42,78.45,4163.0,CHK
2023-05-17 09:51:00,78.61,78.61,78.47,78.47,3779.0,CHK
2023-05-17 09:50:00,78.76,78.82,78.76,78.7925,1405.0,CHK
2023-05-17 09:49:00,78.98,78.99,78.69,78.82,3280.0,CHK
2023-05-17 09:48:00,78.77,78.96,78.76,78.95,2474.0,CHK
2023-05-17 09:47:00,78.89,78.89,78.89,78.89,619.0,CHK
2023-05-17 09:46:00,78.825,78.825,78.825,78.825,116.0,CHK
2023-05-17 09:45:00,78.755,78.755,78.755,78.755,498.0,CHK
2023-05-17 09:44:00,78.78,78.78,78.78,78.78,421.0,CHK
2023-05-17 09:43:00,78.535,78.63,78.535,78.63,504.0,CHK
2023-05-17 09:42:00,78.42,78.57,78.42,78.57,2471.0,CHK
2023-05-17 09:41:00,78.3699,78.38,78.21,78.38,1911.0,CHK
2023-05-17 09:40:00,78.32,78.32,78.2,78.27,1894.0,CHK
2023-05-17 09:39:00,78.5,78.5,78.37,78.37,4750.0,CHK
2023-05-17 09:38:00,78.53,78.53,78.49,78.49,1235.0,CHK
2023-05-17 09:37:00,78.7896,78.7896,78.49,78.52,7204.0,CHK
2023-05-17 09:36:00,78.8,78.8,78.695,78.8,752.0,CHK
2023-05-17 09:35:00,78.77,78.8,78.69,78.69,3847.0,CHK
2023-05-17 09:34:00,78.63,78.7776,78.51,78.7776,3268.0,CHK
2023-05-17 09:33:00,78.87,78.87,78.29,78.455,4017.0,CHK
2023-05-17 09:32:00,78.81,78.8877,78.65,78.78,4418.0,CHK
2023-05-17 09:31:00,79.1515,79.24,78.955,78.955,4017.0,CHK
2023-05-17 09:30:00,79.46,79.6,79.12,79.12,16738.0,CHK
2023-05-17 09:29:00,79.59,79.6,79.59,79.59,854.0,CHK
2023-05-17 09:08:00,79.7,79.7,79.7,79.7,100.0,CHK
2023-05-17 09:05:00,79.6,79.6,79.6,79.6,146.0,CHK
2023-05-17 09:03:00,79.57,79.57,79.57,79.57,200.0,CHK
2023-05-17 08:52:00,79.58,79.58,79.58,79.58,300.0,CHK
2023-05-17 08:19:00,79.27,79.27,79.27,79.27,200.0,CHK
2023-05-17 07:00:00,79.5,80.01,79.5,80.01,641.0,CHK
2023-05-17 04:10:00,79.28,79.3,79.27,79.27,810.0,CHK
2023-05-16 16:00:00,78.792,78.792,78.792,78.792,187875.0,CHK
2023-05-16 15:59:00,78.8117,78.8511,78.7624,78.8117,79711.0,CHK
2023-05-16 15:58:00,78.8462,78.8511,78.8018,78.8117,28934.0,CHK
2023-05-16 15:57:00,78.8412,78.8511,78.7821,78.8462,29508.0,CHK
2023-05-16 15:56:00,78.8708,78.8757,78.8117,78.8412,27166.0,CHK
2023-05-16 15:55:00,78.8609,78.8708,78.8314,78.8629,25225.0,CHK
2023-05-16 15:54:00,78.9792,78.9792,78.8412,78.8609,11588.0,CHK
2023-05-16 15:53:00,79.0087,79.0284,78.9693,78.9742,9005.0,CHK
2023-05-16 15:52:00,78.9595,79.0284,78.9595,79.0136,11286.0,CHK
2023-05-16 15:51:00,79.0038,79.0087,78.9447,78.9545,16647.0,CHK
2023-05-16 15:50:00,79.1663,79.1663,78.9989,78.9989,9223.0,CHK
2023-05-16 15:49:00,79.1565,79.1663,79.0875,79.1516,6387.0,CHK
2023-05-16 15:48:00,79.255,79.2648,79.2057,79.2057,4685.0,CHK
2023-05-16 15:47:00,79.2895,79.2895,79.2402,79.2402,5631.0,CHK
2023-05-16 15:46:00,79.2846,79.3043,79.2648,79.2846,4632.0,CHK
2023-05-16 15:45:00,79.2353,79.2648,79.1762,79.2599,9530.0,CHK
2023-05-16 15:44:00,79.2846,79.2846,79.2451,79.2451,2618.0,CHK
2023-05-16 15:43:00,79.3535,79.3634,79.2796,79.2846,5929.0,CHK
2023-05-16 15:42:00,79.3437,79.3732,79.324,79.3535,14157.0,CHK
2023-05-16 15:41:00,79.3437,79.3437,79.3387,79.3437,1335.0,CHK
2023-05-16 15:40:00,79.3831,79.3831,79.3437,79.3437,2800.0,CHK
2023-05-16 15:39:00,79.3781,79.4126,79.3781,79.3978,7250.0,CHK
2023-05-16 15:38:00,79.4372,79.4372,79.3781,79.3831,2618.0,CHK
2023-05-16 15:37:00,79.4372,79.4372,79.4372,79.4372,1121.0,CHK
2023-05-16 15:36:00,79.457,79.457,79.457,79.457,873.0,CHK
2023-05-16 15:35:00,79.5899,79.5899,79.521,79.521,2211.0,CHK
2023-05-16 15:34:00,79.5998,79.6294,79.5949,79.5998,4911.0,CHK
2023-05-16 15:33:00,79.6195,79.6195,79.5949,79.6195,1748.0,CHK
2023-05-16 15:32:00,79.5998,79.6294,79.5998,79.6294,4379.0,CHK
2023-05-16 15:31:00,79.6441,79.6441,79.6195,79.6392,3628.0,CHK
2023-05-16 15:30:00,79.6491,79.6589,79.6343,79.6589,1411.0,CHK
2023-05-16 15:29:00,79.6343,79.6589,79.6294,79.6392,9257.0,CHK
2023-05-16 15:28:00,79.6294,79.6441,79.5998,79.6343,2905.0,CHK
2023-05-16 15:27:00,79.6294,79.6589,79.6244,79.6392,875.0,CHK
2023-05-16 15:26:00,79.6097,79.6491,79.6097,79.6294,4541.0,CHK
2023-05-16 15:25:00,79.5407,79.5899,79.5407,79.5899,1817.0,CHK
2023-05-16 15:24:00,79.5111,79.5555,79.5111,79.5555,4138.0,CHK
2023-05-16 15:23:00,79.4914,79.4914,79.452,79.4914,3933.0,CHK
2023-05-16 15:22:00,79.4816,79.4816,79.4816,79.4816,378.0,CHK
2023-05-16 15:21:00,79.5259,79.5259,79.4816,79.4816,933.0,CHK
2023-05-16 15:20:00,79.5456,79.5752,79.5259,79.5259,7388.0,CHK
2023-05-16 15:19:00,79.4914,79.5407,79.4914,79.5407,3054.0,CHK
2023-05-16 15:18:00,79.4668,79.5259,79.4668,79.4964,3253.0,CHK
2023-05-16 15:17:00,79.4422,79.4914,79.4225,79.4816,7073.0,CHK
2023-05-16 15:16:00,79.4225,79.4372,79.4126,79.4372,2791.0,CHK
2023-05-16 15:15:00,79.4175,79.4422,79.4126,79.4422,6333.0,CHK
2023-05-16 15:14:00,79.4126,79.4268,79.3831,79.4126,3624.0,CHK
2023-05-16 15:13:00,79.4422,79.452,79.4323,79.4422,1777.0,CHK
2023-05-16 15:12:00,79.4717,79.4816,79.4422,79.4422,1031.0,CHK
2023-05-16 15:11:00,79.457,79.5013,79.457,79.4816,1691.0,CHK
2023-05-16 15:10:00,79.4816,79.4855,79.4422,79.4422,1895.0,CHK
2023-05-16 15:09:00,79.5013,79.5062,79.4816,79.5062,1760.0,CHK
2023-05-16 15:08:00,79.521,79.521,79.5111,79.5111,1263.0,CHK
2023-05-16 15:07:00,79.5308,79.5358,79.5308,79.5358,534.0,CHK
2023-05-16 15:06:00,79.5702,79.5801,79.5407,79.5801,5077.0,CHK
2023-05-16 15:05:00,79.585,79.585,79.585,79.585,317.0,CHK
2023-05-16 15:04:00,79.5899,79.5899,79.5604,79.5702,1178.0,CHK
2023-05-16 15:03:00,79.6097,79.6195,79.5899,79.5899,1978.0,CHK
2023-05-16 15:02:00,79.5604,79.5801,79.5505,79.5801,1416.0,CHK
2023-05-16 15:01:00,79.4323,79.5407,79.4028,79.5358,7077.0,CHK
2023-05-16 15:00:00,79.4816,79.4816,79.452,79.452,1616.0,CHK
2023-05-16 14:59:00,79.5308,79.5505,79.4816,79.4816,2567.0,CHK
2023-05-16 14:58:00,79.5505,79.5801,79.5013,79.5259,10204.0,CHK
2023-05-16 14:57:00,79.521,79.5505,79.5111,79.5407,3100.0,CHK
2023-05-16 14:56:00,79.5308,79.5308,79.5013,79.5013,2319.0,CHK
2023-05-16 14:55:00,79.5161,79.5604,79.5013,79.5308,2649.0,CHK
2023-05-16 14:54:00,79.5111,79.5397,79.5013,79.521,1099.0,CHK
2023-05-16 14:53:00,79.4914,79.5111,79.4816,79.4964,2493.0,CHK
2023-05-16 14:52:00,79.4816,79.5111,79.4619,79.5111,1403.0,CHK
2023-05-16 14:51:00,79.4816,79.5013,79.4422,79.4767,1054.0,CHK
2023-05-16 14:50:00,79.3907,79.452,79.3907,79.452,3816.0,CHK
2023-05-16 14:49:00,79.4322,79.4322,79.3831,79.4028,1201.0,CHK
2023-05-16 14:48:00,79.452,79.4717,79.4028,79.4411,2392.0,CHK
2023-05-16 14:47:00,79.3929,79.4619,79.3929,79.4126,2328.0,CHK
2023-05-16 14:46:00,79.3831,79.4126,79.3535,79.3732,7375.0,CHK
2023-05-16 14:45:00,79.4028,79.4028,79.3781,79.3781,2710.0,CHK
2023-05-16 14:44:00,79.4372,79.4372,79.4028,79.4028,424.0,CHK
2023-05-16 14:43:00,79.4225,79.521,79.4126,79.4422,3671.0,CHK
2023-05-16 14:42:00,79.3929,79.3929,79.3929,79.3929,442.0,CHK
2023-05-16 14:41:00,79.4372,79.4372,79.3732,79.388,1201.0,CHK
2023-05-16 14:40:00,79.449,79.4801,79.4422,79.4422,1340.0,CHK
2023-05-16 14:39:00,79.4372,79.4372,79.4323,79.4372,415.0,CHK
2023-05-16 14:38:00,79.3535,79.4126,79.3535,79.4126,2113.0,CHK
2023-05-16 14:37:00,79.3092,79.3831,79.3092,79.3584,1883.0,CHK
2023-05-16 14:36:00,79.3437,79.3437,79.324,79.3338,641.0,CHK
2023-05-16 14:35:00,79.2944,79.3634,79.2846,79.3535,2260.0,CHK
2023-05-16 14:34:00,79.3535,79.3535,79.3325,79.3338,598.0,CHK
2023-05-16 14:33:00,79.4126,79.4126,79.3151,79.3342,2197.0,CHK
2023-05-16 14:32:00,79.3634,79.4126,79.3634,79.4126,1610.0,CHK
2023-05-16 14:31:00,79.2747,79.4028,79.2501,79.3437,8267.0,CHK
2023-05-16 14:30:00,79.2944,79.2944,79.2353,79.2353,894.0,CHK
2023-05-16 14:29:00,79.3535,79.3535,79.255,79.3338,4649.0,CHK
2023-05-16 14:28:00,79.3634,79.3781,79.3634,79.3781,1537.0,CHK
2023-05-16 14:27:00,79.2451,79.3929,79.2451,79.3929,3102.0,CHK
2023-05-16 14:26:00,79.186,79.3043,79.186,79.2846,6925.0,CHK
2023-05-16 14:25:00,79.1269,79.1762,79.0974,79.1713,1925.0,CHK
2023-05-16 14:24:00,79.1319,79.1368,79.0974,79.0974,2403.0,CHK
2023-05-16 14:23:00,79.1072,79.1368,79.1072,79.1368,1509.0,CHK
2023-05-16 14:22:00,79.1225,79.1663,79.0777,79.1565,2787.0,CHK
2023-05-16 14:21:00,79.186,79.1959,79.1072,79.1072,3445.0,CHK
2023-05-16 14:20:00,79.2057,79.255,79.2057,79.2254,2035.0,CHK
2023-05-16 14:18:00,79.1762,79.2057,79.1762,79.2057,709.0,CHK
2023-05-16 14:17:00,79.1368,79.1762,79.1368,79.1762,1393.0,CHK
2023-05-16 14:16:00,79.1269,79.1368,79.1148,79.122,804.0,CHK
2023-05-16 14:15:00,79.122,79.1269,79.122,79.1269,2210.0,CHK
2023-05-16 14:14:00,79.1762,79.1762,79.1072,79.1269,3876.0,CHK
2023-05-16 14:13:00,79.186,79.2095,79.1762,79.2095,3189.0,CHK
2023-05-16 14:12:00,79.2254,79.2254,79.2205,79.2205,1016.0,CHK
2023-05-16 14:11:00,79.2254,79.2254,79.2254,79.2254,744.0,CHK
2023-05-16 14:10:00,79.2057,79.2156,79.2057,79.2156,783.0,CHK
2023-05-16 14:09:00,79.2353,79.2353,79.2353,79.2353,1421.0,CHK
2023-05-16 14:08:00,79.186,79.186,79.186,79.186,601.0,CHK
2023-05-16 14:07:00,79.186,79.186,79.1762,79.1762,1164.0,CHK
2023-05-16 14:06:00,79.2057,79.2057,79.2057,79.2057,355.0,CHK
2023-05-16 14:05:00,79.191,79.2251,79.186,79.186,3123.0,CHK
2023-05-16 14:04:00,79.1762,79.1762,79.1762,79.1762,677.0,CHK
2023-05-16 14:03:00,79.1466,79.1466,79.1466,79.1466,378.0,CHK
2023-05-16 14:01:00,79.1269,79.1466,79.122,79.1368,1204.0,CHK
2023-05-16 14:00:00,79.058,79.1171,79.058,79.1072,2084.0,CHK
2023-05-16 13:59:00,79.058,79.0678,79.058,79.0678,708.0,CHK
2023-05-16 13:58:00,79.0974,79.0974,79.058,79.058,3327.0,CHK
2023-05-16 13:57:00,79.0678,79.0974,79.0678,79.0875,862.0,CHK
2023-05-16 13:56:00,79.0678,79.0777,79.0284,79.0678,2361.0,CHK
2023-05-16 13:55:00,79.058,79.0974,79.058,79.0974,787.0,CHK
2023-05-16 13:54:00,79.0383,79.0383,79.0333,79.0333,2591.0,CHK
2023-05-16 13:53:00,79.0678,79.0678,79.058,79.0629,1061.0,CHK
2023-05-16 13:52:00,79.0186,79.0777,79.0186,79.0678,1586.0,CHK
2023-05-16 13:50:00,78.9989,79.0087,78.9989,79.0087,967.0,CHK
2023-05-16 13:49:00,78.9792,78.9989,78.9792,78.9989,1141.0,CHK
2023-05-16 13:48:00,78.9989,79.0038,78.989,78.989,1082.0,CHK
2023-05-16 13:47:00,78.9595,78.9742,78.9496,78.9742,690.0,CHK
2023-05-16 13:46:00,78.9595,78.9693,78.9595,78.9644,1062.0,CHK
2023-05-16 13:45:00,78.92,78.9398,78.92,78.9398,1213.0,CHK
2023-05-16 13:44:00,78.8609,78.8905,78.8511,78.8609,4790.0,CHK
2023-05-16 13:43:00,78.8609,78.8757,78.8511,78.8511,1420.0,CHK
2023-05-16 13:42:00,78.92,78.92,78.8659,78.8708,3342.0,CHK
2023-05-16 13:41:00,78.92,78.92,78.92,78.92,383.0,CHK
2023-05-16 13:40:00,78.9595,78.9841,78.9595,78.9595,3056.0,CHK
2023-05-16 13:39:00,78.9102,78.9792,78.9102,78.9595,921.0,CHK
2023-05-16 13:38:00,78.92,78.92,78.8511,78.8757,6178.0,CHK
2023-05-16 13:37:00,78.8806,78.8806,78.8806,78.8806,234.0,CHK
2023-05-16 13:36:00,78.9595,78.9595,78.9595,78.9595,371.0,CHK
2023-05-16 13:35:00,78.9398,78.9742,78.9398,78.9742,3089.0,CHK
2023-05-16 13:34:00,79.0087,79.0087,78.9496,78.9595,1464.0,CHK
2023-05-16 13:33:00,78.9792,79.0481,78.9792,79.0481,3258.0,CHK
2023-05-16 13:31:00,79.0284,79.0284,79.0284,79.0284,2105.0,CHK
2023-05-16 13:30:00,79.1072,79.1072,79.0284,79.0284,2116.0,CHK
2023-05-16 13:29:00,79.1269,79.1565,79.1072,79.1368,4662.0,CHK
2023-05-16 13:28:00,79.1269,79.1368,79.1269,79.1368,381.0,CHK
2023-05-16 13:27:00,79.0974,79.1145,79.0974,79.1145,892.0,CHK
2023-05-16 13:26:00,79.1269,79.1269,79.1269,79.1269,818.0,CHK
2023-05-16 13:24:00,79.1171,79.1171,79.0974,79.0974,566.0,CHK
2023-05-16 13:23:00,79.058,79.1417,79.058,79.1417,2356.0,CHK
2023-05-16 13:21:00,79.087,79.087,79.0186,79.0186,1929.0,CHK
2023-05-16 13:20:00,78.9989,79.0727,78.9989,79.0727,3526.0,CHK
2023-05-16 13:19:00,78.9496,78.9742,78.9496,78.9496,318.0,CHK
2023-05-16 13:18:00,79.0087,79.0087,78.9398,78.9742,1348.0,CHK
2023-05-16 13:16:00,78.9822,78.9822,78.9822,78.9822,264.0,CHK
2023-05-16 13:15:00,78.9693,79.0826,78.9644,79.0333,3858.0,CHK
2023-05-16 13:14:00,78.92,78.9496,78.92,78.9496,1955.0,CHK
2023-05-16 13:13:00,78.8215,78.9299,78.8215,78.92,2867.0,CHK
2023-05-16 13:12:00,78.8215,78.8215,78.8215,78.8215,244.0,CHK
2023-05-16 13:11:00,78.8511,78.8511,78.8265,78.8265,791.0,CHK
2023-05-16 13:10:00,78.8117,78.8708,78.8117,78.8708,827.0,CHK
2023-05-16 13:09:00,78.8609,78.8609,78.8215,78.8215,424.0,CHK
2023-05-16 13:08:00,78.7821,78.8708,78.7821,78.8511,1219.0,CHK
2023-05-16 13:07:00,78.8511,78.8609,78.792,78.792,2373.0,CHK
2023-05-16 13:06:00,78.8609,78.8609,78.8511,78.8609,1385.0,CHK
2023-05-16 13:05:00,78.8806,78.8842,78.8806,78.8842,1057.0,CHK
2023-05-16 13:04:00,78.8511,78.9003,78.8511,78.9003,2019.0,CHK
2023-05-16 13:03:00,78.8905,78.8905,78.832,78.832,2951.0,CHK
2023-05-16 13:02:00,78.92,78.92,78.92,78.92,582.0,CHK
2023-05-16 13:01:00,79.0186,79.0186,78.92,78.9503,4352.0,CHK
2023-05-16 13:00:00,79.0284,79.0678,79.0284,79.0481,1109.0,CHK
2023-05-16 12:59:00,78.8659,78.989,78.8609,78.989,5787.0,CHK
2023-05-16 12:58:00,78.8806,78.8806,78.856,78.8806,1769.0,CHK
2023-05-16 12:57:00,78.8117,78.8806,78.792,78.8806,4109.0,CHK
2023-05-16 12:56:00,78.8117,78.8117,78.7772,78.8117,823.0,CHK
2023-05-16 12:55:00,78.8905,78.8905,78.8117,78.8117,8012.0,CHK
2023-05-16 12:54:00,78.8265,78.92,78.8265,78.8609,6814.0,CHK
2023-05-16 12:53:00,78.792,78.9102,78.7871,78.8215,76440.0,CHK
2023-05-16 12:52:00,78.7723,78.8018,78.7526,78.7526,2859.0,CHK
2023-05-16 12:51:00,78.7132,78.7427,78.7033,78.7427,1788.0,CHK
2023-05-16 12:50:00,78.6491,78.7132,78.6491,78.7132,1280.0,CHK
2023-05-16 12:49:00,78.6245,78.6541,78.6245,78.6491,1451.0,CHK
2023-05-16 12:48:00,78.526,78.6245,78.5161,78.6245,4339.0,CHK
2023-05-16 12:47:00,78.6147,78.6147,78.5063,78.5063,3138.0,CHK
2023-05-16 12:46:00,78.6898,78.6898,78.6541,78.6541,1025.0,CHK
2023-05-16 12:45:00,78.7033,78.7033,78.6442,78.6442,838.0,CHK
2023-05-16 12:44:00,78.7427,78.7427,78.7033,78.7427,2142.0,CHK
2023-05-16 12:43:00,78.8806,78.8806,78.7427,78.7427,4586.0,CHK
2023-05-16 12:42:00,78.9102,78.9102,78.8856,78.8905,1425.0,CHK
2023-05-16 12:41:00,78.9496,78.9496,78.9476,78.9496,1962.0,CHK
2023-05-16 12:40:00,79.0087,79.0186,78.9792,79.0186,1242.0,CHK
2023-05-16 12:39:00,78.9742,79.0087,78.9693,78.9792,2465.0,CHK
2023-05-16 12:38:00,78.9214,78.9693,78.9053,78.9693,3039.0,CHK
2023-05-16 12:37:00,78.9299,78.9299,78.9293,78.9293,927.0,CHK
2023-05-16 12:36:00,78.92,78.9545,78.92,78.9545,2094.0,CHK
2023-05-16 12:35:00,78.9792,78.9792,78.92,78.9299,1658.0,CHK
2023-05-16 12:34:00,78.9792,79.0087,78.9693,79.0087,3783.0,CHK
2023-05-16 12:33:00,79.0087,79.0087,78.9299,78.9299,1872.0,CHK
2023-05-16 12:32:00,79.0678,79.0777,79.0678,79.0777,632.0,CHK
2023-05-16 12:30:00,79.1417,79.1466,79.1171,79.1221,2103.0,CHK
2023-05-16 12:29:00,79.0284,79.1171,79.0186,79.1171,2154.0,CHK
2023-05-16 12:28:00,79.0957,79.0974,79.0481,79.0481,733.0,CHK
2023-05-16 12:27:00,79.0875,79.0875,79.0875,79.0875,606.0,CHK
2023-05-16 12:26:00,79.1466,79.1466,79.1072,79.1072,1135.0,CHK
2023-05-16 12:25:00,79.1762,79.1762,79.1565,79.1565,611.0,CHK
2023-05-16 12:24:00,79.2057,79.2057,79.1762,79.1959,821.0,CHK
2023-05-16 12:23:00,79.2451,79.2451,79.2451,79.2451,470.0,CHK
2023-05-16 12:22:00,79.2747,79.3141,79.2648,79.2648,937.0,CHK
2023-05-16 12:21:00,79.3437,79.3437,79.2648,79.2698,1464.0,CHK
2023-05-16 12:20:00,79.4126,79.4126,79.388,79.388,956.0,CHK
2023-05-16 12:19:00,79.4816,79.4816,79.4126,79.4422,1521.0,CHK
2023-05-16 12:18:00,79.4422,79.452,79.4422,79.452,1129.0,CHK
2023-05-16 12:17:00,79.4126,79.4126,79.4126,79.4126,369.0,CHK
2023-05-16 12:15:00,79.2993,79.3535,79.2993,79.3535,871.0,CHK
2023-05-16 12:14:00,79.3122,79.3535,79.2944,79.3043,1817.0,CHK
2023-05-16 12:12:00,79.4126,79.4126,79.3781,79.3781,1160.0,CHK
2023-05-16 12:11:00,79.408,79.452,79.4028,79.4422,1606.0,CHK
2023-05-16 12:10:00,79.3043,79.3536,79.3043,79.3536,376.0,CHK
2023-05-16 12:09:00,79.3043,79.3831,79.2747,79.3141,6924.0,CHK
2023-05-16 12:08:00,79.2254,79.2944,79.2205,79.2944,1336.0,CHK
2023-05-16 12:07:00,79.1876,79.1876,79.1762,79.1762,784.0,CHK
2023-05-16 12:06:00,79.2156,79.2254,79.1762,79.1762,1816.0,CHK
2023-05-16 12:05:00,79.3043,79.3535,79.2254,79.2451,5783.0,CHK
2023-05-16 12:04:00,79.2064,79.2944,79.2064,79.2648,904.0,CHK
2023-05-16 12:03:00,79.255,79.2648,79.2057,79.2057,1761.0,CHK
2023-05-16 12:02:00,79.2944,79.324,79.2648,79.2648,2951.0,CHK
2023-05-16 12:01:00,79.2648,79.3141,79.2648,79.2944,1746.0,CHK
2023-05-16 12:00:00,79.2845,79.2895,79.2648,79.2895,1734.0,CHK
2023-05-16 11:59:00,79.2944,79.2944,79.2353,79.2648,775.0,CHK
2023-05-16 11:58:00,79.3043,79.3043,79.2993,79.2993,683.0,CHK
2023-05-16 11:57:00,79.3043,79.3043,79.2747,79.2747,1413.0,CHK
2023-05-16 11:56:00,79.3634,79.3634,79.3634,79.3634,265.0,CHK
2023-05-16 11:55:00,79.3929,79.3929,79.3929,79.3929,251.0,CHK
2023-05-16 11:54:00,79.3781,79.3929,79.3338,79.3929,3292.0,CHK
2023-05-16 11:53:00,79.4619,79.4717,79.3634,79.3634,2035.0,CHK
2023-05-16 11:52:00,79.4126,79.4914,79.3634,79.4914,4715.0,CHK
2023-05-16 11:51:00,79.452,79.452,79.4225,79.4225,599.0,CHK
2023-05-16 11:50:00,79.4619,79.4619,79.4126,79.452,4060.0,CHK
2023-05-16 11:49:00,79.4816,79.4816,79.457,79.4816,609.0,CHK
2023-05-16 11:48:00,79.4225,79.4323,79.3929,79.4323,1349.0,CHK
2023-05-16 11:47:00,79.4816,79.4816,79.4225,79.4225,2653.0,CHK
2023-05-16 11:46:00,79.5161,79.5161,79.4816,79.5161,751.0,CHK
2023-05-16 11:45:00,79.579,79.579,79.4717,79.4717,3268.0,CHK
2023-05-16 11:44:00,79.5013,79.5407,79.5013,79.5407,1016.0,CHK
2023-05-16 11:43:00,79.4028,79.5013,79.3929,79.4668,2110.0,CHK
2023-05-16 11:42:00,79.4027,79.4027,79.4027,79.4027,403.0,CHK
2023-05-16 11:41:00,79.5013,79.521,79.4225,79.4225,1535.0,CHK
2023-05-16 11:40:00,79.4422,79.5013,79.4422,79.4816,819.0,CHK
2023-05-16 11:39:00,79.4816,79.4816,79.4816,79.4816,369.0,CHK
2023-05-16 11:38:00,79.4717,79.5062,79.4717,79.5013,1857.0,CHK
2023-05-16 11:37:00,79.6491,79.6491,79.5013,79.5013,4300.0,CHK
2023-05-16 11:36:00,79.6885,79.6885,79.6294,79.6343,1212.0,CHK
2023-05-16 11:35:00,79.8165,79.8165,79.7279,79.7279,1841.0,CHK
2023-05-16 11:34:00,79.8953,79.8953,79.8461,79.8461,1899.0,CHK
2023-05-16 11:33:00,79.8461,79.8756,79.8461,79.8461,2239.0,CHK
2023-05-16 11:32:00,79.7623,79.8412,79.7279,79.8067,2053.0,CHK
2023-05-16 11:31:00,79.8264,79.8264,79.6688,79.7328,17988.0,CHK
2023-05-16 11:30:00,79.8609,79.8609,79.851,79.851,679.0,CHK
2023-05-16 11:29:00,79.8806,79.8855,79.7968,79.8559,2429.0,CHK
2023-05-16 11:28:00,79.8412,79.8756,79.8412,79.8756,934.0,CHK
2023-05-16 11:27:00,79.7968,79.8658,79.7968,79.8559,2709.0,CHK
2023-05-16 11:26:00,79.8461,79.8953,79.8264,79.8264,5476.0,CHK
2023-05-16 11:25:00,79.7968,79.8264,79.787,79.8264,3387.0,CHK
2023-05-16 11:24:00,79.6589,79.7673,79.6589,79.7673,3540.0,CHK
2023-05-16 11:23:00,79.8116,79.8756,79.6983,79.6983,3209.0,CHK
2023-05-16 11:22:00,79.8362,79.8362,79.8291,79.8291,1096.0,CHK
2023-05-16 11:21:00,79.7476,79.7919,79.7476,79.7722,2265.0,CHK
2023-05-16 11:20:00,79.7279,79.8165,79.6983,79.7328,4111.0,CHK
2023-05-16 11:19:00,79.6491,79.7082,79.6491,79.6688,999.0,CHK
2023-05-16 11:18:00,79.6491,79.7082,79.6491,79.6491,1778.0,CHK
2023-05-16 11:17:00,79.6983,79.6983,79.6343,79.6392,3193.0,CHK
2023-05-16 11:16:00,79.8067,79.8412,79.7426,79.7426,1147.0,CHK
2023-05-16 11:15:00,79.787,79.8362,79.7722,79.8362,1528.0,CHK
2023-05-16 11:14:00,79.718,79.7377,79.6934,79.6934,449.0,CHK
2023-05-16 11:13:00,79.7574,79.8215,79.6786,79.6934,6183.0,CHK
2023-05-16 11:12:00,79.718,79.7574,79.718,79.7574,594.0,CHK
2023-05-16 11:11:00,79.7673,79.7968,79.7082,79.7082,3327.0,CHK
2023-05-16 11:10:00,79.8953,79.9347,79.8116,79.8165,3881.0,CHK
2023-05-16 11:09:00,79.9397,79.9446,79.8953,79.915,5240.0,CHK
2023-05-16 11:08:00,79.9939,79.9939,79.9347,79.9643,7439.0,CHK
2023-05-16 11:07:00,79.984,79.9939,79.984,79.9939,2584.0,CHK
2023-05-16 11:06:00,79.9397,79.9939,79.9347,79.9594,4882.0,CHK
2023-05-16 11:05:00,79.9939,79.9939,79.8806,79.8904,12878.0,CHK
2023-05-16 11:04:00,79.7968,79.9742,79.7968,79.9742,5050.0,CHK
2023-05-16 11:03:00,79.7426,79.8067,79.7426,79.7968,732.0,CHK
2023-05-16 11:02:00,79.787,79.8018,79.7525,79.7821,2532.0,CHK
2023-05-16 11:01:00,79.6688,79.7771,79.6688,79.7771,1074.0,CHK
2023-05-16 11:00:00,79.5702,79.6885,79.5308,79.6885,4704.0,CHK
2023-05-16 10:59:00,79.521,79.5899,79.5013,79.5899,939.0,CHK
2023-05-16 10:58:00,79.6392,79.6392,79.4126,79.4619,4516.0,CHK
2023-05-16 10:57:00,79.6047,79.6047,79.6047,79.6047,469.0,CHK
2023-05-16 10:56:00,79.6491,79.6491,79.6146,79.6392,756.0,CHK
2023-05-16 10:55:00,79.6688,79.6885,79.5801,79.6294,5657.0,CHK
2023-05-16 10:54:00,79.6294,79.6885,79.6294,79.6786,1639.0,CHK
2023-05-16 10:53:00,79.7476,79.7476,79.6195,79.6343,4868.0,CHK
2023-05-16 10:52:00,79.7771,79.787,79.7476,79.787,3825.0,CHK
2023-05-16 10:51:00,79.8067,79.8362,79.787,79.8116,2081.0,CHK
2023-05-16 10:50:00,79.9446,79.9545,79.8067,79.8165,3017.0,CHK
2023-05-16 10:49:00,79.9742,80.0333,79.9643,79.9939,2452.0,CHK
2023-05-16 10:48:00,79.9939,80.0037,79.9939,80.0037,1168.0,CHK
2023-05-16 10:47:00,80.0234,80.048,79.9742,79.9988,1044.0,CHK
2023-05-16 10:46:00,79.9545,80.0234,79.9249,80.0234,2662.0,CHK
2023-05-16 10:45:00,79.9594,79.984,79.9347,79.984,5220.0,CHK
2023-05-16 10:44:00,79.9939,79.9939,79.9446,79.9446,1692.0,CHK
2023-05-16 10:43:00,79.9742,80.0185,79.9742,80.0185,774.0,CHK
2023-05-16 10:42:00,80.0136,80.0809,79.9742,80.0234,3724.0,CHK
2023-05-16 10:41:00,80.0234,80.0628,79.9347,80.0431,3371.0,CHK
2023-05-16 10:40:00,79.9446,79.9881,79.9347,79.9881,4362.0,CHK
2023-05-16 10:39:00,79.8067,79.984,79.8067,79.984,5685.0,CHK
2023-05-16 10:38:00,79.8264,79.8264,79.7082,79.7673,5249.0,CHK
2023-05-16 10:37:00,79.8165,79.8264,79.7082,79.8215,7138.0,CHK
2023-05-16 10:36:00,79.8362,79.8559,79.8165,79.8412,3546.0,CHK
2023-05-16 10:35:00,79.8165,79.851,79.7574,79.8362,10617.0,CHK
2023-05-16 10:34:00,79.8018,79.8287,79.7574,79.8116,5370.0,CHK
2023-05-16 10:33:00,79.8264,79.8264,79.7377,79.8018,7274.0,CHK
2023-05-16 10:32:00,79.8953,79.8953,79.8215,79.8559,5655.0,CHK
2023-05-16 10:31:00,79.9446,79.9742,79.9101,79.9249,5931.0,CHK
2023-05-16 10:30:00,80.0234,80.0234,79.9347,79.9446,8222.0,CHK
2023-05-16 10:29:00,79.8756,80.0234,79.8658,80.0086,5709.0,CHK
2023-05-16 10:28:00,79.915,79.915,79.8412,79.8658,1685.0,CHK
2023-05-16 10:27:00,79.9545,80.0086,79.8855,79.915,8892.0,CHK
2023-05-16 10:26:00,79.9249,79.984,79.9249,79.9446,2881.0,CHK
2023-05-16 10:25:00,79.9446,79.9643,79.8362,79.8362,2191.0,CHK
2023-05-16 10:24:00,79.915,79.9298,79.8855,79.9298,2563.0,CHK
2023-05-16 10:23:00,80.0628,80.0628,79.7969,79.915,9359.0,CHK
2023-05-16 10:22:00,80.2401,80.2401,80.0333,80.0333,3215.0,CHK
2023-05-16 10:21:00,80.2697,80.2697,80.1144,80.2303,5004.0,CHK
2023-05-16 10:20:00,80.2204,80.2894,80.1909,80.2697,2944.0,CHK
2023-05-16 10:19:00,80.1613,80.1712,80.1613,80.1663,752.0,CHK
2023-05-16 10:18:00,80.1446,80.25,80.1022,80.1318,5304.0,CHK
2023-05-16 10:17:00,80.2352,80.25,80.1269,80.1269,1115.0,CHK
2023-05-16 10:16:00,80.1641,80.25,80.1564,80.2352,3542.0,CHK
2023-05-16 10:15:00,80.2795,80.2795,80.1515,80.1515,1288.0,CHK
2023-05-16 10:14:00,80.1712,80.314,80.1712,80.2795,5479.0,CHK
2023-05-16 10:13:00,80.2007,80.2007,80.0924,80.0924,1757.0,CHK
2023-05-16 10:12:00,80.2401,80.2598,80.2057,80.2057,1589.0,CHK
2023-05-16 10:11:00,80.2106,80.2795,80.2106,80.2795,505.0,CHK
2023-05-16 10:10:00,80.4372,80.4372,80.25,80.25,3009.0,CHK
2023-05-16 10:09:00,80.5751,80.5849,80.3978,80.3978,2857.0,CHK
2023-05-16 10:08:00,80.6933,80.7327,80.6046,80.6046,3245.0,CHK
2023-05-16 10:07:00,80.6416,80.7229,80.6416,80.6982,1178.0,CHK
2023-05-16 10:06:00,80.6342,80.6415,80.5652,80.6391,1836.0,CHK
2023-05-16 10:05:00,80.6736,80.713,80.6145,80.6342,1958.0,CHK
2023-05-16 10:04:00,80.7426,80.7524,80.6736,80.6736,1626.0,CHK
2023-05-16 10:03:00,80.5357,80.7426,80.4963,80.7426,2392.0,CHK
2023-05-16 10:02:00,80.5505,80.6046,80.4569,80.5357,4808.0,CHK
2023-05-16 10:01:00,80.5357,80.5357,80.5357,80.5357,270.0,CHK
2023-05-16 10:00:00,80.4717,80.5849,80.4582,80.5652,4189.0,CHK
2023-05-16 09:59:00,80.4569,80.4667,80.3781,80.4569,1266.0,CHK
2023-05-16 09:58:00,80.6835,80.6835,80.5455,80.58,1879.0,CHK
2023-05-16 09:57:00,80.5554,80.6736,80.5061,80.6046,1797.0,CHK
2023-05-16 09:56:00,80.6539,80.6539,80.5258,80.6046,3901.0,CHK
2023-05-16 09:55:00,80.6736,80.6736,80.5849,80.5948,942.0,CHK
2023-05-16 09:54:00,80.7524,80.7524,80.649,80.649,1247.0,CHK
2023-05-16 09:53:00,80.6933,80.7721,80.5554,80.7721,2442.0,CHK
2023-05-16 09:52:00,80.6736,80.6736,80.6145,80.6342,559.0,CHK
2023-05-16 09:51:00,80.5455,80.7032,80.5455,80.7032,2260.0,CHK
2023-05-16 09:50:00,80.6342,80.6539,80.5357,80.5751,2774.0,CHK
2023-05-16 09:49:00,80.7032,80.782,80.6835,80.7623,955.0,CHK
2023-05-16 09:48:00,80.6194,80.6507,80.4608,80.6194,2373.0,CHK
2023-05-16 09:47:00,80.6046,80.7524,80.6046,80.6293,2351.0,CHK
2023-05-16 09:46:00,80.7524,80.7524,80.6736,80.6785,1264.0,CHK
2023-05-16 09:45:00,80.8903,80.9199,80.8115,80.8312,3852.0,CHK
2023-05-16 09:44:00,81.1071,81.1465,80.9544,80.9593,1626.0,CHK
2023-05-16 09:43:00,81.1169,81.1169,81.0086,81.0381,1931.0,CHK
2023-05-16 09:41:00,80.9297,81.048,80.9297,81.0233,1223.0,CHK
2023-05-16 09:40:00,81.1071,81.1859,80.9297,80.9297,2640.0,CHK
2023-05-16 09:39:00,81.0184,81.0184,80.8706,81.0184,3482.0,CHK
2023-05-16 09:38:00,81.1859,81.2253,81.1268,81.1268,1063.0,CHK
2023-05-16 09:37:00,81.3337,81.3337,81.2154,81.2154,1056.0,CHK
2023-05-16 09:36:00,81.1071,81.3041,81.0874,81.3041,2556.0,CHK
2023-05-16 09:35:00,81.3238,81.3238,81.1366,81.1366,1461.0,CHK
2023-05-16 09:34:00,81.0283,81.2992,81.0283,81.2154,1722.0,CHK
2023-05-16 09:33:00,81.3189,81.3534,81.0086,81.2647,2546.0,CHK
2023-05-16 09:32:00,80.9051,81.3041,80.8854,81.3041,3774.0,CHK
2023-05-16 09:31:00,80.8706,81.2154,80.8706,81.0578,5173.0,CHK
2023-05-16 09:30:00,80.8509,80.8509,80.7524,80.7721,10919.0,CHK
2023-05-16 09:06:00,80.7623,80.8115,80.7623,80.8115,469.0,CHK
2023-05-15 16:00:00,80.7918,80.7918,80.7918,80.7918,14900.0,CHK
2023-05-15 15:59:00,80.7918,80.8214,80.7721,80.7721,58666.0,CHK
2023-05-15 15:58:00,80.846,80.846,80.777,80.782,53334.0,CHK
2023-05-15 15:57:00,80.9297,80.9297,80.8411,80.846,22092.0,CHK
2023-05-15 15:56:00,80.9593,80.9692,80.8903,80.9199,23348.0,CHK
2023-05-15 15:55:00,80.8559,80.9642,80.8115,80.9494,31788.0,CHK
2023-05-15 15:54:00,80.782,80.8706,80.7524,80.8559,19790.0,CHK
2023-05-15 15:53:00,80.846,80.8509,80.7278,80.7623,23363.0,CHK
2023-05-15 15:52:00,80.8805,80.8805,80.8411,80.846,10458.0,CHK
2023-05-15 15:51:00,80.9289,80.9289,80.8509,80.8854,9013.0,CHK
2023-05-15 15:50:00,80.9889,80.9889,80.9297,80.9297,13399.0,CHK
2023-05-15 15:49:00,80.8798,80.9297,80.8706,80.91,13476.0,CHK
2023-05-15 15:48:00,80.8411,80.9002,80.8411,80.8608,8231.0,CHK
2023-05-15 15:47:00,80.8903,80.9248,80.8427,80.8706,11516.0,CHK
2023-05-15 15:46:00,80.8608,80.8903,80.8608,80.8756,6499.0,CHK
2023-05-15 15:45:00,80.9199,80.9199,80.8559,80.8559,6119.0,CHK
2023-05-15 15:44:00,80.9741,80.9741,80.9248,80.9248,7680.0,CHK
2023-05-15 15:43:00,80.9839,80.9987,80.9593,80.9692,5501.0,CHK
2023-05-15 15:42:00,81.0036,81.0135,80.9544,80.9839,9163.0,CHK
2023-05-15 15:41:00,80.8903,81.0086,80.8903,81.0036,8161.0,CHK
2023-05-15 15:40:00,80.8657,80.9002,80.8608,80.8854,11340.0,CHK
2023-05-15 15:39:00,80.8805,80.8805,80.8502,80.8706,7025.0,CHK
2023-05-15 15:38:00,80.8805,80.8805,80.8706,80.8805,4938.0,CHK
2023-05-15 15:37:00,80.8953,80.8953,80.7918,80.8657,7213.0,CHK
2023-05-15 15:36:00,80.9494,80.9494,80.9002,80.91,13469.0,CHK
2023-05-15 15:35:00,80.9297,80.9396,80.9297,80.9347,5276.0,CHK
2023-05-15 15:34:00,80.8953,80.9297,80.8805,80.915,7418.0,CHK
2023-05-15 15:33:00,80.8706,80.9002,80.8706,80.9002,7427.0,CHK
2023-05-15 15:32:00,80.8953,80.9051,80.8706,80.8706,6453.0,CHK
2023-05-15 15:31:00,80.8559,80.8903,80.8509,80.8805,10109.0,CHK
2023-05-15 15:30:00,80.8214,80.8411,80.7968,80.8362,3842.0,CHK
2023-05-15 15:29:00,80.8115,80.8214,80.8115,80.8165,2072.0,CHK
2023-05-15 15:28:00,80.8432,80.8432,80.8165,80.8411,5069.0,CHK
2023-05-15 15:27:00,80.8706,80.8706,80.8017,80.846,5017.0,CHK
2023-05-15 15:26:00,80.8509,80.8805,80.8312,80.8509,4481.0,CHK
2023-05-15 15:25:00,80.782,80.8411,80.782,80.8411,2708.0,CHK
2023-05-15 15:24:00,80.6933,80.7968,80.6933,80.7968,7816.0,CHK
2023-05-15 15:23:00,80.6441,80.713,80.6441,80.6933,3672.0,CHK
2023-05-15 15:22:00,80.6835,80.6835,80.649,80.649,2499.0,CHK
2023-05-15 15:21:00,80.6884,80.7623,80.6736,80.6736,6648.0,CHK
2023-05-15 15:20:00,80.7342,80.7342,80.6736,80.6835,2570.0,CHK
2023-05-15 15:19:00,80.6835,80.7623,80.6736,80.7475,2613.0,CHK
2023-05-15 15:18:00,80.7672,80.7672,80.6391,80.6638,7934.0,CHK
2023-05-15 15:17:00,80.7376,80.7817,80.7376,80.7672,1566.0,CHK
2023-05-15 15:16:00,80.7376,80.7623,80.7327,80.7376,2591.0,CHK
2023-05-15 15:15:00,80.7204,80.7426,80.6933,80.7376,5573.0,CHK
2023-05-15 15:14:00,80.7523,80.7524,80.7229,80.7229,6450.0,CHK
2023-05-15 15:13:00,80.7918,80.7918,80.7524,80.7524,1900.0,CHK
2023-05-15 15:12:00,80.8115,80.8115,80.777,80.777,3470.0,CHK
2023-05-15 15:11:00,80.8312,80.8312,80.7918,80.7918,1086.0,CHK
2023-05-15 15:10:00,80.8362,80.8608,80.8017,80.8411,5149.0,CHK
2023-05-15 15:09:00,80.8411,80.8411,80.8115,80.8115,1511.0,CHK
2023-05-15 15:08:00,80.8362,80.8411,80.7918,80.8066,3256.0,CHK
2023-05-15 15:07:00,80.8608,80.8608,80.8312,80.8362,1282.0,CHK
2023-05-15 15:06:00,80.7918,80.8411,80.7918,80.8411,1034.0,CHK
2023-05-15 15:05:00,80.8312,80.8509,80.8017,80.8509,455.0,CHK
2023-05-15 15:04:00,80.8805,80.8854,80.8115,80.8509,4693.0,CHK
2023-05-15 15:03:00,80.8411,80.8805,80.8411,80.8805,4035.0,CHK
2023-05-15 15:02:00,80.8214,80.8509,80.8165,80.8165,776.0,CHK
2023-05-15 15:01:00,80.8115,80.8509,80.782,80.8509,2326.0,CHK
2023-05-15 15:00:00,80.7721,80.8017,80.7721,80.7918,1174.0,CHK
2023-05-15 14:59:00,80.777,80.782,80.7524,80.7524,2185.0,CHK
2023-05-15 14:58:00,80.8017,80.8017,80.756,80.7721,1895.0,CHK
2023-05-15 14:57:00,80.7721,80.8017,80.7721,80.7918,1913.0,CHK
2023-05-15 14:56:00,80.8165,80.8165,80.7626,80.7626,1310.0,CHK
2023-05-15 14:55:00,80.91,80.91,80.8411,80.8411,1777.0,CHK
2023-05-15 14:54:00,80.9692,80.9787,80.8953,80.91,2783.0,CHK
2023-05-15 14:53:00,80.915,80.9889,80.915,80.9839,4004.0,CHK
2023-05-15 14:52:00,80.9445,80.9445,80.915,80.915,1163.0,CHK
2023-05-15 14:51:00,80.9297,80.9494,80.9297,80.9494,1398.0,CHK
2023-05-15 14:50:00,80.9889,80.9889,80.9199,80.9199,2750.0,CHK
2023-05-15 14:49:00,81.027,81.0283,80.9987,81.0036,1943.0,CHK
2023-05-15 14:48:00,81.1071,81.1071,80.9987,81.0283,7746.0,CHK
2023-05-15 14:47:00,81.112,81.112,81.1071,81.1071,1375.0,CHK
2023-05-15 14:46:00,81.1563,81.1563,81.1071,81.1268,3130.0,CHK
2023-05-15 14:45:00,81.1268,81.1662,81.1071,81.1366,5433.0,CHK
2023-05-15 14:44:00,81.0874,81.1366,81.0874,81.1366,2862.0,CHK
2023-05-15 14:43:00,81.0578,81.0677,81.048,81.0677,905.0,CHK
2023-05-15 14:42:00,81.0677,81.0677,81.0381,81.0677,1551.0,CHK
2023-05-15 14:41:00,81.0381,81.0677,81.0381,81.0677,2750.0,CHK
2023-05-15 14:40:00,81.0381,81.0775,81.0381,81.0381,2074.0,CHK
2023-05-15 14:39:00,80.9987,81.0283,80.9938,81.0283,1424.0,CHK
2023-05-15 14:38:00,80.979,81.0283,80.9692,81.0086,10920.0,CHK
2023-05-15 14:37:00,80.91,80.979,80.91,80.979,1594.0,CHK
2023-05-15 14:36:00,80.9494,80.9494,80.9002,80.9002,893.0,CHK
2023-05-15 14:35:00,80.9396,80.9987,80.9396,80.9494,2773.0,CHK
2023-05-15 14:34:00,81.0115,81.0115,80.9593,80.9618,2381.0,CHK
2023-05-15 14:33:00,81.0283,81.048,81.0184,81.0381,2166.0,CHK
2023-05-15 14:32:00,80.979,81.0383,80.979,81.0283,3689.0,CHK
2023-05-15 14:31:00,80.9445,80.9987,80.9445,80.979,3598.0,CHK
2023-05-15 14:30:00,80.9199,80.979,80.9199,80.9445,1902.0,CHK
2023-05-15 14:29:00,80.7869,80.9002,80.7869,80.9002,11681.0,CHK
2023-05-15 14:28:00,80.8214,80.8312,80.7918,80.7968,1877.0,CHK
2023-05-15 14:27:00,80.7426,80.8411,80.7426,80.8411,4652.0,CHK
2023-05-15 14:26:00,80.8312,80.8312,80.7229,80.7278,3100.0,CHK
2023-05-15 14:25:00,80.8115,80.8115,80.7672,80.8066,3801.0,CHK
2023-05-15 14:24:00,80.8017,80.8017,80.7918,80.8017,917.0,CHK
2023-05-15 14:23:00,80.8559,80.8559,80.8017,80.8017,1421.0,CHK
2023-05-15 14:22:00,80.9593,80.9593,80.8559,80.8559,3356.0,CHK
2023-05-15 14:21:00,80.9494,80.9692,80.9494,80.9692,484.0,CHK
2023-05-15 14:20:00,80.8706,80.9297,80.8608,80.9297,4366.0,CHK
2023-05-15 14:19:00,80.8411,80.8608,80.8411,80.8608,1228.0,CHK
2023-05-15 14:18:00,80.8017,80.8411,80.7849,80.8411,4610.0,CHK
2023-05-15 14:17:00,80.7623,80.8017,80.7278,80.8017,1607.0,CHK
2023-05-15 14:16:00,80.7623,80.8115,80.7426,80.7524,3441.0,CHK
2023-05-15 14:15:00,80.7278,80.7623,80.6736,80.7623,3927.0,CHK
2023-05-15 14:14:00,80.7229,80.7327,80.7229,80.7327,615.0,CHK
2023-05-15 14:13:00,80.7623,80.7623,80.7229,80.7229,1861.0,CHK
2023-05-15 14:12:00,80.7672,80.7721,80.7327,80.7327,2516.0,CHK
2023-05-15 14:11:00,80.8017,80.8017,80.7426,80.7721,4653.0,CHK
2023-05-15 14:10:00,80.7795,80.8115,80.777,80.8017,3125.0,CHK
2023-05-15 14:09:00,80.7721,80.777,80.7721,80.777,367.0,CHK
2023-05-15 14:08:00,80.782,80.782,80.7426,80.7623,2717.0,CHK
2023-05-15 14:07:00,80.7623,80.782,80.7426,80.782,2220.0,CHK
2023-05-15 14:06:00,80.7752,80.7752,80.7573,80.7573,267.0,CHK
2023-05-15 14:05:00,80.7327,80.782,80.6933,80.782,4340.0,CHK
2023-05-15 14:04:00,80.7426,80.782,80.7327,80.782,1955.0,CHK
2023-05-15 14:03:00,80.7623,80.7623,80.713,80.7229,1889.0,CHK
2023-05-15 14:02:00,80.782,80.782,80.7623,80.7721,1133.0,CHK
2023-05-15 14:01:00,80.8115,80.8165,80.7524,80.8017,5606.0,CHK
2023-05-15 14:00:00,80.8312,80.8312,80.8017,80.8115,892.0,CHK
2023-05-15 13:59:00,80.782,80.8312,80.777,80.8263,1802.0,CHK
2023-05-15 13:58:00,80.7918,80.7918,80.7721,80.782,1665.0,CHK
2023-05-15 13:57:00,80.8263,80.8312,80.7672,80.7918,4143.0,CHK
2023-05-15 13:56:00,80.8312,80.8312,80.8263,80.8263,883.0,CHK
2023-05-15 13:55:00,80.7721,80.8312,80.7623,80.8312,1148.0,CHK
2023-05-15 13:54:00,80.8312,80.8312,80.7918,80.7918,2068.0,CHK
2023-05-15 13:53:00,80.7623,80.8115,80.7623,80.8115,1842.0,CHK
2023-05-15 13:52:00,80.782,80.782,80.7426,80.782,2907.0,CHK
2023-05-15 13:51:00,80.7229,80.782,80.7229,80.782,2459.0,CHK
2023-05-15 13:50:00,80.7032,80.7327,80.6736,80.6933,2778.0,CHK
2023-05-15 13:49:00,80.6933,80.713,80.6293,80.6933,9150.0,CHK
2023-05-15 13:48:00,80.713,80.7278,80.6835,80.6835,2579.0,CHK
2023-05-15 13:47:00,80.7032,80.7524,80.7032,80.7376,3895.0,CHK
2023-05-15 13:46:00,80.6736,80.6933,80.6687,80.6884,1512.0,CHK
2023-05-15 13:45:00,80.6244,80.6736,80.6244,80.6736,1996.0,CHK
2023-05-15 13:44:00,80.6293,80.6441,80.6046,80.6244,1304.0,CHK
2023-05-15 13:43:00,80.6145,80.6342,80.6046,80.6145,2111.0,CHK
2023-05-15 13:42:00,80.6638,80.6638,80.6145,80.6145,2591.0,CHK
2023-05-15 13:41:00,80.6933,80.6933,80.6539,80.6539,1752.0,CHK
2023-05-15 13:40:00,80.713,80.7278,80.6638,80.6835,1325.0,CHK
2023-05-15 13:39:00,80.6736,80.713,80.6736,80.713,1121.0,CHK
2023-05-15 13:38:00,80.7278,80.7278,80.6539,80.6578,2899.0,CHK
2023-05-15 13:37:00,80.7229,80.7426,80.6982,80.7278,971.0,CHK
2023-05-15 13:36:00,80.7647,80.8017,80.7327,80.7524,3338.0,CHK
2023-05-15 13:35:00,80.7721,80.7721,80.7721,80.7721,689.0,CHK
2023-05-15 13:34:00,80.8017,80.8017,80.7623,80.7968,815.0,CHK
2023-05-15 13:33:00,80.782,80.782,80.7623,80.782,1309.0,CHK
2023-05-15 13:32:00,80.7524,80.8017,80.7524,80.7968,1609.0,CHK
2023-05-15 13:31:00,80.7721,80.7721,80.713,80.713,1874.0,CHK
2023-05-15 13:30:00,80.8017,80.8608,80.782,80.782,1569.0,CHK
2023-05-15 13:29:00,80.8017,80.8115,80.782,80.782,1591.0,CHK
2023-05-15 13:28:00,80.7869,80.8509,80.7721,80.8509,3818.0,CHK
2023-05-15 13:27:00,80.8598,80.8598,80.7918,80.7918,1419.0,CHK
2023-05-15 13:26:00,80.9002,80.9002,80.8411,80.8411,1488.0,CHK
2023-05-15 13:25:00,80.846,80.8903,80.846,80.8903,1444.0,CHK
2023-05-15 13:24:00,80.8509,80.8608,80.8312,80.846,1971.0,CHK
2023-05-15 13:23:00,80.7918,80.846,80.7672,80.8214,1357.0,CHK
2023-05-15 13:22:00,80.7721,80.7721,80.7623,80.7672,715.0,CHK
2023-05-15 13:21:00,80.91,80.91,80.7781,80.7781,3464.0,CHK
2023-05-15 13:20:00,80.9347,80.9347,80.9347,80.9347,289.0,CHK
2023-05-15 13:19:00,81.0184,81.0184,80.9494,80.9692,1782.0,CHK
2023-05-15 13:18:00,81.0972,81.0972,81.0184,81.0184,1642.0,CHK
2023-05-15 13:17:00,81.0578,81.0972,81.0578,81.0806,2795.0,CHK
2023-05-15 13:16:00,80.9987,81.0283,80.9987,81.0283,984.0,CHK
2023-05-15 13:15:00,80.9741,81.0283,80.9741,80.9987,1279.0,CHK
2023-05-15 13:14:00,80.9889,80.9889,80.9002,80.9889,3970.0,CHK
2023-05-15 13:13:00,80.8903,80.9889,80.8903,80.9889,2993.0,CHK
2023-05-15 13:12:00,80.8706,80.8756,80.8706,80.8756,420.0,CHK
2023-05-15 13:11:00,80.9002,80.9002,80.8548,80.8548,744.0,CHK
2023-05-15 13:10:00,80.8756,80.9692,80.8706,80.9692,1424.0,CHK
2023-05-15 13:09:00,80.9297,80.9297,80.8706,80.8706,1151.0,CHK
2023-05-15 13:08:00,80.9692,80.9692,80.9494,80.9544,772.0,CHK
2023-05-15 13:07:00,80.9593,80.9692,80.9593,80.9692,1382.0,CHK
2023-05-15 13:06:00,80.9002,80.9199,80.9002,80.91,769.0,CHK
2023-05-15 13:05:00,80.9938,80.9938,80.9002,80.91,1151.0,CHK
2023-05-15 13:04:00,80.9544,81.0184,80.9544,80.9938,1733.0,CHK
2023-05-15 13:03:00,81.0283,81.0332,80.9199,80.9396,3379.0,CHK
2023-05-15 13:02:00,81.0677,81.0677,81.0381,81.0381,1079.0,CHK
2023-05-15 13:01:00,81.0775,81.0775,81.0677,81.0677,735.0,CHK
2023-05-15 13:00:00,81.0923,81.0923,81.0283,81.0627,2992.0,CHK
2023-05-15 12:59:00,81.1169,81.1169,81.0874,81.0923,900.0,CHK
2023-05-15 12:58:00,81.132,81.1366,81.1169,81.1169,2024.0,CHK
2023-05-15 12:57:00,81.0775,81.1239,81.0677,81.1239,1751.0,CHK
2023-05-15 12:56:00,81.0184,81.0677,81.0086,81.043,6307.0,CHK
2023-05-15 12:55:00,81.043,81.0578,81.0283,81.0332,3470.0,CHK
2023-05-15 12:54:00,81.048,81.048,81.0184,81.0381,2333.0,CHK
2023-05-15 12:53:00,80.9692,81.0283,80.9692,81.0283,1498.0,CHK
2023-05-15 12:52:00,80.9987,80.9987,80.9938,80.9938,578.0,CHK
2023-05-15 12:51:00,80.9889,81.0135,80.9692,80.9692,3577.0,CHK
2023-05-15 12:50:00,80.9248,80.9248,80.9248,80.9248,562.0,CHK
2023-05-15 12:49:00,80.9396,80.9464,80.8608,80.9464,3419.0,CHK
2023-05-15 12:47:00,80.8903,80.9297,80.8805,80.8854,2551.0,CHK
2023-05-15 12:46:00,80.8608,80.8608,80.8608,80.8608,864.0,CHK
2023-05-15 12:45:00,80.8509,80.8509,80.8509,80.8509,597.0,CHK
2023-05-15 12:44:00,80.782,80.7828,80.6743,80.7828,2443.0,CHK
2023-05-15 12:43:00,80.8312,80.8411,80.782,80.782,1609.0,CHK
2023-05-15 12:42:00,80.9202,80.9445,80.8411,80.8411,3617.0,CHK
2023-05-15 12:41:00,80.9839,80.9839,80.9199,80.9494,2284.0,CHK
2023-05-15 12:40:00,81.0086,81.0184,80.9889,80.9889,3042.0,CHK
2023-05-15 12:39:00,80.9889,81.0381,80.9889,81.0086,6605.0,CHK
2023-05-15 12:38:00,80.9889,80.9889,80.9593,80.9889,2411.0,CHK
2023-05-15 12:37:00,80.9002,80.9396,80.9002,80.9396,2507.0,CHK
2023-05-15 12:36:00,80.7918,80.8263,80.7803,80.8263,1938.0,CHK
2023-05-15 12:35:00,80.8165,80.841,80.782,80.8214,2038.0,CHK
2023-05-15 12:34:00,80.8411,80.8411,80.8066,80.8312,889.0,CHK
2023-05-15 12:33:00,80.7327,80.8312,80.7327,80.8312,2195.0,CHK
2023-05-15 12:32:00,80.7327,80.7376,80.6933,80.7032,3034.0,CHK
2023-05-15 12:31:00,80.6736,80.7623,80.6736,80.7524,3603.0,CHK
2023-05-15 12:30:00,80.6638,80.6835,80.6441,80.6638,1129.0,CHK
2023-05-15 12:29:00,80.6539,80.6785,80.6539,80.6638,585.0,CHK
2023-05-15 12:28:00,80.5707,80.6736,80.5707,80.6736,1743.0,CHK
2023-05-15 12:27:00,80.5455,80.6145,80.5258,80.6145,4751.0,CHK
2023-05-15 12:26:00,80.5751,80.5948,80.5554,80.5554,1575.0,CHK
2023-05-15 12:25:00,80.5061,80.5751,80.5061,80.5702,1825.0,CHK
2023-05-15 12:24:00,80.4667,80.5061,80.4667,80.5012,1855.0,CHK
2023-05-15 12:23:00,80.3824,80.4667,80.3824,80.4569,2310.0,CHK
2023-05-15 12:22:00,80.3682,80.3731,80.3288,80.3731,1437.0,CHK
2023-05-15 12:21:00,80.4076,80.4175,80.3682,80.3781,2021.0,CHK
2023-05-15 12:20:00,80.3978,80.4076,80.3978,80.3978,1777.0,CHK
2023-05-15 12:19:00,80.3485,80.3879,80.3485,80.3879,3418.0,CHK
2023-05-15 12:18:00,80.314,80.3584,80.2894,80.3584,1986.0,CHK
2023-05-15 12:17:00,80.214,80.3288,80.214,80.3288,2427.0,CHK
2023-05-15 12:16:00,80.25,80.25,80.2204,80.2401,1381.0,CHK
2023-05-15 12:15:00,80.3265,80.3265,80.2697,80.2697,721.0,CHK
2023-05-15 12:14:00,80.3288,80.3485,80.3091,80.3091,1026.0,CHK
2023-05-15 12:13:00,80.4076,80.4076,80.3781,80.3879,1269.0,CHK
2023-05-15 12:12:00,80.2648,80.3978,80.2648,80.3978,3107.0,CHK
2023-05-15 12:11:00,80.2057,80.2894,80.2057,80.2894,1916.0,CHK
2023-05-15 12:10:00,80.2204,80.2204,80.2204,80.2204,690.0,CHK
2023-05-15 12:09:00,80.2993,80.2993,80.2401,80.2697,2019.0,CHK
2023-05-15 12:08:00,80.2993,80.3337,80.2975,80.3337,860.0,CHK
2023-05-15 12:07:00,80.2894,80.2894,80.2894,80.2894,120.0,CHK
2023-05-15 12:06:00,80.319,80.319,80.2994,80.3042,1194.0,CHK
2023-05-15 12:05:00,80.319,80.3485,80.2795,80.2795,1976.0,CHK
2023-05-15 12:04:00,80.25,80.319,80.25,80.319,1692.0,CHK
2023-05-15 12:03:00,80.2254,80.2254,80.2254,80.2254,119.0,CHK
2023-05-15 12:02:00,80.3083,80.3091,80.2254,80.25,2891.0,CHK
2023-05-15 12:01:00,80.2795,80.3485,80.2795,80.3485,641.0,CHK
2023-05-15 12:00:00,80.3288,80.3584,80.2697,80.2795,1553.0,CHK
2023-05-15 11:59:00,80.3731,80.3731,80.3387,80.3485,1865.0,CHK
2023-05-15 11:58:00,80.2795,80.3387,80.2598,80.3387,2126.0,CHK
2023-05-15 11:57:00,80.319,80.319,80.2645,80.2795,3602.0,CHK
2023-05-15 11:56:00,80.3288,80.3436,80.2795,80.3288,3896.0,CHK
2023-05-15 11:55:00,80.3485,80.3485,80.3485,80.3485,433.0,CHK
2023-05-15 11:54:00,80.3485,80.3731,80.2833,80.319,4955.0,CHK
2023-05-15 11:53:00,80.3387,80.3486,80.3387,80.3436,2944.0,CHK
2023-05-15 11:52:00,80.3091,80.3387,80.2943,80.319,1661.0,CHK
2023-05-15 11:51:00,80.2993,80.3239,80.2894,80.2894,4286.0,CHK
2023-05-15 11:50:00,80.3288,80.3288,80.2993,80.2993,3234.0,CHK
2023-05-15 11:49:00,80.2894,80.3337,80.2894,80.3337,2511.0,CHK
2023-05-15 11:48:00,80.2598,80.2795,80.2549,80.2795,1588.0,CHK
2023-05-15 11:47:00,80.2204,80.2795,80.2204,80.2795,2463.0,CHK
2023-05-15 11:46:00,80.2598,80.2598,80.2401,80.2401,656.0,CHK
2023-05-15 11:45:00,80.181,80.2598,80.181,80.2401,4767.0,CHK
2023-05-15 11:44:00,80.1466,80.2007,80.1466,80.1761,9236.0,CHK
2023-05-15 11:43:00,80.1318,80.1515,80.1318,80.1515,387.0,CHK
2023-05-15 11:42:00,80.1219,80.181,80.0924,80.1712,3355.0,CHK
2023-05-15 11:41:00,80.1318,80.1367,80.1318,80.1367,470.0,CHK
2023-05-15 11:40:00,80.0924,80.1613,80.0924,80.1318,3569.0,CHK
2023-05-15 11:39:00,80.0727,80.1022,80.0727,80.0924,1380.0,CHK
2023-05-15 11:38:00,80.0579,80.0727,80.053,80.053,1776.0,CHK
2023-05-15 11:37:00,80.053,80.0727,80.0333,80.0727,3432.0,CHK
2023-05-15 11:36:00,79.9939,80.0727,79.984,80.053,3685.0,CHK
2023-05-15 11:35:00,80.048,80.048,79.9618,79.9692,2334.0,CHK
2023-05-15 11:34:00,80.0333,80.0727,80.0333,80.053,1071.0,CHK
2023-05-15 11:33:00,79.984,80.053,79.9643,80.053,2675.0,CHK
2023-05-15 11:32:00,79.9692,79.9692,79.8953,79.9446,2966.0,CHK
2023-05-15 11:31:00,79.9791,80.0037,79.9643,79.9692,2480.0,CHK
2023-05-15 11:30:00,79.9742,79.984,79.9446,79.9594,1822.0,CHK
2023-05-15 11:29:00,79.9298,79.984,79.9298,79.951,2382.0,CHK
2023-05-15 11:28:00,79.9545,79.9545,79.8756,79.9052,5976.0,CHK
2023-05-15 11:27:00,79.9545,79.984,79.9545,79.9692,2364.0,CHK
2023-05-15 11:26:00,79.9545,79.9666,79.9249,79.9545,3323.0,CHK
2023-05-15 11:25:00,79.8067,79.9742,79.8067,79.9397,9979.0,CHK
2023-05-15 11:24:00,79.7771,79.8067,79.7673,79.8067,1125.0,CHK
2023-05-15 11:23:00,79.6491,79.7771,79.6392,79.7771,6604.0,CHK
2023-05-15 11:22:00,79.6047,79.6491,79.581,79.6244,754.0,CHK
2023-05-15 11:21:00,79.5702,79.6047,79.5555,79.5899,1869.0,CHK
2023-05-15 11:20:00,79.6638,79.6983,79.6195,79.6343,1367.0,CHK
2023-05-15 11:19:00,79.6786,79.6885,79.6294,79.6638,2727.0,CHK
2023-05-15 11:18:00,79.6589,79.6983,79.6195,79.6343,2504.0,CHK
2023-05-15 11:17:00,79.6491,79.7032,79.6491,79.654,3366.0,CHK
2023-05-15 11:16:00,79.6885,79.6983,79.6688,79.6737,1021.0,CHK
2023-05-15 11:15:00,79.654,79.6688,79.5702,79.6589,3949.0,CHK
2023-05-15 11:14:00,79.6983,79.6983,79.6392,79.6638,2359.0,CHK
2023-05-15 11:13:00,79.6294,79.6983,79.6294,79.6786,1851.0,CHK
2023-05-15 11:12:00,79.6392,79.6491,79.6195,79.6195,1418.0,CHK
2023-05-15 11:11:00,79.6195,79.6294,79.5801,79.6294,1937.0,CHK
2023-05-15 11:10:00,79.5998,79.6589,79.5801,79.6392,1670.0,CHK
2023-05-15 11:09:00,79.5259,79.5308,79.4816,79.5308,1431.0,CHK
2023-05-15 11:08:00,79.5702,79.6195,79.5013,79.5259,3306.0,CHK
2023-05-15 11:07:00,79.5801,79.5998,79.5407,79.5555,2976.0,CHK
2023-05-15 11:06:00,79.5013,79.5998,79.5013,79.5998,3628.0,CHK
2023-05-15 11:05:00,79.6097,79.6097,79.4323,79.4323,2522.0,CHK
2023-05-15 11:04:00,79.5949,79.6294,79.5801,79.6146,1183.0,CHK
2023-05-15 11:03:00,79.6983,79.6983,79.5505,79.5949,3043.0,CHK
2023-05-15 11:02:00,79.5998,79.6441,79.5998,79.6441,1651.0,CHK
2023-05-15 11:01:00,79.5702,79.6195,79.5308,79.5949,2652.0,CHK
2023-05-15 11:00:00,79.4717,79.5111,79.4323,79.5111,1278.0,CHK
2023-05-15 10:59:00,79.5013,79.5013,79.4767,79.4767,1519.0,CHK
2023-05-15 10:58:00,79.5013,79.5407,79.4914,79.5407,1515.0,CHK
2023-05-15 10:57:00,79.6983,79.6983,79.4619,79.4619,4451.0,CHK
2023-05-15 10:56:00,79.6983,79.6983,79.6983,79.6983,472.0,CHK
2023-05-15 10:55:00,79.6983,79.7365,79.6491,79.7365,1185.0,CHK
2023-05-15 10:54:00,79.7377,79.7574,79.7279,79.7279,1192.0,CHK
2023-05-15 10:53:00,79.585,79.7377,79.585,79.6589,4791.0,CHK
2023-05-15 10:52:00,79.4717,79.5604,79.4717,79.5604,1079.0,CHK
2023-05-15 10:51:00,79.6934,79.7082,79.5702,79.5702,3190.0,CHK
2023-05-15 10:50:00,79.6786,79.7574,79.6786,79.6885,2253.0,CHK
2023-05-15 10:49:00,79.6835,79.6835,79.6491,79.654,1353.0,CHK
2023-05-15 10:48:00,79.6786,79.6786,79.6097,79.6195,1736.0,CHK
2023-05-15 10:47:00,79.5702,79.6491,79.5308,79.6491,5209.0,CHK
2023-05-15 10:46:00,79.628,79.628,79.5998,79.6047,845.0,CHK
2023-05-15 10:45:00,79.6885,79.6885,79.6195,79.6195,1710.0,CHK
2023-05-15 10:44:00,79.5604,79.6392,79.5555,79.6392,1737.0,CHK
2023-05-15 10:43:00,79.4619,79.5702,79.4225,79.5308,4857.0,CHK
2023-05-15 10:42:00,79.4717,79.4717,79.4668,79.4717,426.0,CHK
2023-05-15 10:41:00,79.452,79.4914,79.4028,79.457,7264.0,CHK
2023-05-15 10:40:00,79.4274,79.4619,79.3929,79.4422,28600.0,CHK
2023-05-15 10:39:00,79.4422,79.452,79.3929,79.4126,2944.0,CHK
2023-05-15 10:38:00,79.4668,79.521,79.4668,79.4865,3674.0,CHK
2023-05-15 10:37:00,79.4816,79.5013,79.4717,79.4717,3067.0,CHK
2023-05-15 10:36:00,79.6047,79.6047,79.5407,79.5407,987.0,CHK
2023-05-15 10:35:00,79.718,79.7525,79.6195,79.6195,7238.0,CHK
2023-05-15 10:34:00,79.6441,79.6983,79.6441,79.6885,3561.0,CHK
2023-05-15 10:33:00,79.6491,79.6688,79.6097,79.6589,13780.0,CHK
2023-05-15 10:32:00,79.7673,79.7673,79.6491,79.6491,4982.0,CHK
2023-05-15 10:31:00,79.7279,79.8412,79.7279,79.7722,4590.0,CHK
2023-05-15 10:30:00,79.7131,79.7476,79.6885,79.7279,8337.0,CHK
2023-05-15 10:29:00,79.7476,79.7968,79.6934,79.6983,10563.0,CHK
2023-05-15 10:28:00,79.8559,79.8559,79.7377,79.7377,4329.0,CHK
2023-05-15 10:27:00,79.6491,79.8165,79.6385,79.8165,2874.0,CHK
2023-05-15 10:26:00,79.6097,79.718,79.5801,79.6589,4517.0,CHK
2023-05-15 10:25:00,79.4028,79.5013,79.4028,79.5013,2675.0,CHK
2023-05-15 10:24:00,79.3043,79.4668,79.2993,79.3831,6133.0,CHK
2023-05-15 10:23:00,79.2304,79.3043,79.2254,79.3043,22728.0,CHK
2023-05-15 10:22:00,79.1959,79.255,79.1959,79.2254,5711.0,CHK
2023-05-15 10:21:00,79.1762,79.2254,79.1762,79.1959,9027.0,CHK
2023-05-15 10:20:00,79.0136,79.2057,79.0136,79.2057,2496.0,CHK
2023-05-15 10:19:00,78.9545,79.0186,78.9545,79.0038,3026.0,CHK
2023-05-15 10:18:00,79.0777,79.0826,78.9545,78.9545,10756.0,CHK
2023-05-15 10:17:00,79.1269,79.1269,79.0777,79.0777,2451.0,CHK
2023-05-15 10:16:00,79.1269,79.1565,79.0826,79.1171,2503.0,CHK
2023-05-15 10:15:00,79.1663,79.2057,79.0777,79.0777,4424.0,CHK
2023-05-15 10:14:00,79.0777,79.1072,79.058,79.1072,743.0,CHK
2023-05-15 10:13:00,79.1811,79.1811,79.0875,79.0875,2191.0,CHK
2023-05-15 10:12:00,79.1614,79.2057,79.0875,79.2057,3872.0,CHK
2023-05-15 10:11:00,79.1466,79.2156,79.1269,79.1663,7162.0,CHK
2023-05-15 10:10:00,79.2156,79.2304,79.1466,79.1466,2409.0,CHK
2023-05-15 10:09:00,79.2747,79.2747,79.2057,79.255,1499.0,CHK
2023-05-15 10:08:00,79.2451,79.2747,79.2451,79.2451,1147.0,CHK
2023-05-15 10:07:00,79.3781,79.427,79.2648,79.2747,1896.0,CHK
2023-05-15 10:06:00,79.2304,79.3967,79.2304,79.3732,3109.0,CHK
2023-05-15 10:05:00,79.3486,79.3801,79.1734,79.2274,4639.0,CHK
2023-05-15 10:04:00,79.3781,79.3781,79.3338,79.3338,1899.0,CHK
2023-05-15 10:03:00,79.6097,79.6097,79.3732,79.3732,4668.0,CHK
2023-05-15 10:02:00,79.5308,79.5899,79.5308,79.5702,2859.0,CHK
2023-05-15 10:01:00,79.5111,79.5555,79.5111,79.5505,5172.0,CHK
2023-05-15 10:00:00,79.4865,79.5407,79.4225,79.5111,4438.0,CHK
2023-05-15 09:59:00,79.452,79.452,79.452,79.452,253.0,CHK
2023-05-15 09:58:00,79.4274,79.4323,79.4126,79.4274,629.0,CHK
2023-05-15 09:57:00,79.3141,79.5111,79.3141,79.5013,2098.0,CHK
2023-05-15 09:56:00,79.3535,79.4323,79.3141,79.3141,9819.0,CHK
2023-05-15 09:55:00,79.3043,79.3535,79.3043,79.3437,7522.0,CHK
2023-05-15 09:54:00,79.3141,79.3535,79.2993,79.2993,10219.0,CHK
2023-05-15 09:53:00,79.2846,79.3289,79.2796,79.3141,7428.0,CHK
2023-05-15 09:52:00,79.1614,79.2501,79.1614,79.2501,6687.0,CHK
2023-05-15 09:51:00,79.1417,79.1836,79.1368,79.1614,6503.0,CHK
2023-05-15 09:50:00,79.1466,79.186,79.1072,79.1072,7876.0,CHK
2023-05-15 09:49:00,79.1565,79.2057,79.0333,79.0974,2251.0,CHK
2023-05-15 09:48:00,79.1171,79.2107,79.0678,79.1516,4065.0,CHK
2023-05-15 09:47:00,79.1097,79.1122,79.0146,79.0658,5876.0,CHK
2023-05-15 09:46:00,79.0777,79.1663,79.0777,79.1663,3881.0,CHK
2023-05-15 09:45:00,79.1762,79.1762,79.0383,79.0383,2599.0,CHK
2023-05-15 09:44:00,79.2944,79.2944,79.2205,79.2796,1865.0,CHK
2023-05-15 09:43:00,79.2846,79.2993,79.2156,79.2156,786.0,CHK
2023-05-15 09:42:00,79.2944,79.3929,79.2944,79.3634,3032.0,CHK
2023-05-15 09:41:00,79.4225,79.4323,79.3929,79.3929,1602.0,CHK
2023-05-15 09:40:00,79.4486,79.5161,79.4323,79.4914,10038.0,CHK
2023-05-15 09:39:00,79.4717,79.5111,79.452,79.452,2975.0,CHK
2023-05-15 09:38:00,79.4998,79.6097,79.4816,79.5505,4874.0,CHK
2023-05-15 09:37:00,79.5505,79.5505,79.3929,79.3929,1957.0,CHK
2023-05-15 09:36:00,79.5604,79.5604,79.3486,79.5505,1042.0,CHK
2023-05-15 09:35:00,79.7082,79.7968,79.5505,79.6441,3636.0,CHK
2023-05-15 09:34:00,80.0181,80.0181,79.6294,79.6885,9459.0,CHK
2023-05-15 09:33:00,79.718,80.0727,79.718,79.8658,6501.0,CHK
2023-05-15 09:32:00,79.8855,79.92,79.5505,79.7722,8946.0,CHK
2023-05-15 09:31:00,79.5998,80.053,79.5998,79.8067,27139.0,CHK
2023-05-15 09:30:00,79.5604,79.6786,79.1811,79.6195,20061.0,CHK
2023-05-15 09:29:00,79.521,79.5308,79.521,79.5308,623.0,CHK
2023-05-15 08:54:00,79.0875,79.1072,79.0875,79.1072,940.0,CHK
2023-05-15 07:29:00,78.8117,78.8117,78.8117,78.8117,404.0,CHK
2023-05-12 16:00:00,78.5949,78.5949,78.5949,78.5949,8120.0,CHK
2023-05-12 15:59:00,78.6245,78.6344,78.5752,78.6147,26542.0,CHK
2023-05-12 15:58:00,78.6442,78.6541,78.6147,78.6294,24850.0,CHK
2023-05-12 15:57:00,78.6245,78.6836,78.5752,78.6442,24649.0,CHK
2023-05-12 15:56:00,78.6541,78.6738,78.6245,78.6245,18053.0,CHK
2023-05-12 15:55:00,78.5457,78.6442,78.526,78.6442,20312.0,CHK
2023-05-12 15:54:00,78.4078,78.6048,78.3979,78.526,22959.0,CHK
2023-05-12 15:53:00,78.4472,78.4866,78.3881,78.4176,9757.0,CHK
2023-05-12 15:52:00,78.4078,78.457,78.3782,78.4472,9541.0,CHK
2023-05-12 15:51:00,78.2501,78.4176,78.2501,78.4028,21577.0,CHK
2023-05-12 15:50:00,78.1713,78.2492,78.1713,78.2304,10331.0,CHK
2023-05-12 15:49:00,78.2206,78.2206,78.1418,78.1713,7743.0,CHK
2023-05-12 15:48:00,78.2501,78.2797,78.2107,78.2107,3850.0,CHK
2023-05-12 15:47:00,78.2304,78.2452,78.2304,78.2354,4069.0,CHK
2023-05-12 15:46:00,78.2403,78.2403,78.2058,78.2304,1642.0,CHK
2023-05-12 15:45:00,78.2896,78.2896,78.191,78.191,3256.0,CHK
2023-05-12 15:44:00,78.26,78.26,78.191,78.2452,4524.0,CHK
2023-05-12 15:43:00,78.1713,78.2994,78.1615,78.2748,8812.0,CHK
2023-05-12 15:42:00,78.2403,78.2501,78.1516,78.1516,6172.0,CHK
2023-05-12 15:41:00,78.3191,78.329,78.2403,78.2403,4001.0,CHK
2023-05-12 15:40:00,78.3979,78.3979,78.3487,78.3487,4937.0,CHK
2023-05-12 15:39:00,78.4078,78.4078,78.3388,78.3782,6781.0,CHK
2023-05-12 15:38:00,78.4176,78.4176,78.3782,78.3782,4959.0,CHK
2023-05-12 15:37:00,78.5752,78.5815,78.457,78.457,10444.0,CHK
2023-05-12 15:36:00,78.59,78.6048,78.5654,78.5752,6226.0,CHK
2023-05-12 15:35:00,78.5752,78.5949,78.5654,78.5851,4694.0,CHK
2023-05-12 15:34:00,78.4767,78.5555,78.4767,78.5555,8316.0,CHK
2023-05-12 15:33:00,78.4866,78.4866,78.457,78.457,1043.0,CHK
2023-05-12 15:32:00,78.5063,78.5063,78.4767,78.4915,1564.0,CHK
2023-05-12 15:31:00,78.5546,78.5752,78.5063,78.526,3653.0,CHK
2023-05-12 15:30:00,78.5358,78.5358,78.4718,78.526,7840.0,CHK
2023-05-12 15:29:00,78.5555,78.5753,78.5358,78.5753,2276.0,CHK
2023-05-12 15:28:00,78.6935,78.6935,78.6048,78.6048,2084.0,CHK
2023-05-12 15:27:00,78.7033,78.723,78.7033,78.7033,2689.0,CHK
2023-05-12 15:26:00,78.6935,78.7181,78.6935,78.7033,1954.0,CHK
2023-05-12 15:25:00,78.7427,78.7516,78.6836,78.7082,4948.0,CHK
2023-05-12 15:24:00,78.7427,78.7427,78.7132,78.7329,3432.0,CHK
2023-05-12 15:23:00,78.6984,78.7624,78.6738,78.723,2696.0,CHK
2023-05-12 15:22:00,78.6491,78.6935,78.6442,78.6885,2047.0,CHK
2023-05-12 15:21:00,78.6196,78.6639,78.5949,78.6442,5537.0,CHK
2023-05-12 15:20:00,78.5851,78.6147,78.5556,78.6147,3126.0,CHK
2023-05-12 15:19:00,78.6048,78.6048,78.5752,78.5851,1979.0,CHK
2023-05-12 15:18:00,78.5654,78.5949,78.5619,78.5949,1180.0,CHK
2023-05-12 15:17:00,78.5457,78.5457,78.5045,78.5045,1103.0,CHK
2023-05-12 15:16:00,78.4472,78.5161,78.4373,78.5161,3222.0,CHK
2023-05-12 15:15:00,78.3782,78.4472,78.3585,78.4472,4278.0,CHK
2023-05-12 15:14:00,78.457,78.4606,78.3487,78.3487,5124.0,CHK
2023-05-12 15:13:00,78.6491,78.6541,78.4964,78.5063,5452.0,CHK
2023-05-12 15:12:00,78.6294,78.6541,78.6294,78.6541,1280.0,CHK
2023-05-12 15:11:00,78.6491,78.6688,78.6245,78.6294,12720.0,CHK
2023-05-12 15:10:00,78.6038,78.6541,78.6038,78.6541,2458.0,CHK
2023-05-12 15:09:00,78.5555,78.5949,78.5555,78.5949,1608.0,CHK
2023-05-12 15:08:00,78.5555,78.5802,78.526,78.5358,5463.0,CHK
2023-05-12 15:07:00,78.5161,78.526,78.5112,78.526,2346.0,CHK
2023-05-12 15:06:00,78.4817,78.5457,78.4817,78.5457,2589.0,CHK
2023-05-12 15:05:00,78.5063,78.5063,78.4767,78.4767,1825.0,CHK
2023-05-12 15:04:00,78.4028,78.4915,78.4028,78.4866,4821.0,CHK
2023-05-12 15:03:00,78.4028,78.4028,78.4028,78.4028,306.0,CHK
2023-05-12 15:02:00,78.3881,78.4176,78.3881,78.4176,1334.0,CHK
2023-05-12 15:01:00,78.4176,78.4176,78.3437,78.3881,3389.0,CHK
2023-05-12 15:00:00,78.4275,78.4373,78.4176,78.4176,3768.0,CHK
2023-05-12 14:59:00,78.393,78.4275,78.393,78.4275,1283.0,CHK
2023-05-12 14:58:00,78.3881,78.3979,78.3684,78.3979,4888.0,CHK
2023-05-12 14:57:00,78.3634,78.4176,78.3634,78.4176,3588.0,CHK
2023-05-12 14:56:00,78.3782,78.3979,78.3585,78.3782,2913.0,CHK
2023-05-12 14:55:00,78.4028,78.4028,78.3782,78.393,3377.0,CHK
2023-05-12 14:54:00,78.4028,78.4176,78.4028,78.4085,1505.0,CHK
2023-05-12 14:53:00,78.4078,78.4078,78.4028,78.4028,331.0,CHK
2023-05-12 14:52:00,78.3881,78.4176,78.3684,78.4176,6663.0,CHK
2023-05-12 14:51:00,78.3664,78.3772,78.3487,78.3772,1266.0,CHK
2023-05-12 14:50:00,78.2501,78.329,78.2501,78.329,2770.0,CHK
2023-05-12 14:49:00,78.2403,78.2403,78.2207,78.2255,2492.0,CHK
2023-05-12 14:48:00,78.2058,78.2403,78.2058,78.2157,956.0,CHK
2023-05-12 14:47:00,78.2206,78.2304,78.1516,78.2295,4154.0,CHK
2023-05-12 14:46:00,78.2107,78.2403,78.2107,78.2403,1614.0,CHK
2023-05-12 14:45:00,78.1812,78.2107,78.1763,78.2107,1577.0,CHK
2023-05-12 14:44:00,78.2107,78.2304,78.1713,78.1861,13262.0,CHK
2023-05-12 14:43:00,78.2107,78.2206,78.2009,78.2206,1067.0,CHK
2023-05-12 14:42:00,78.0827,78.1861,78.0827,78.1812,3077.0,CHK
2023-05-12 14:41:00,78.058,78.0654,78.0433,78.063,2776.0,CHK
2023-05-12 14:40:00,78.0039,78.0925,78.0039,78.0925,4693.0,CHK
2023-05-12 14:39:00,77.994,78.0531,77.994,78.0531,2927.0,CHK
2023-05-12 14:38:00,77.9891,77.994,77.9743,77.9743,930.0,CHK
2023-05-12 14:37:00,77.9349,77.9743,77.9349,77.9743,1965.0,CHK
2023-05-12 14:36:00,77.8758,77.9251,77.8758,77.9152,1016.0,CHK
2023-05-12 14:35:00,77.8068,77.8856,77.8068,77.8856,2731.0,CHK
2023-05-12 14:34:00,77.9817,77.9817,77.8265,77.8265,3027.0,CHK
2023-05-12 14:33:00,77.9645,77.994,77.9645,77.9792,1279.0,CHK
2023-05-12 14:32:00,77.9448,78.0236,77.9053,78.0236,2292.0,CHK
2023-05-12 14:31:00,77.9579,77.9579,77.9448,77.9448,751.0,CHK
2023-05-12 14:30:00,77.9891,77.9891,77.9891,77.9891,403.0,CHK
2023-05-12 14:29:00,78.0334,78.0728,77.994,77.994,4784.0,CHK
2023-05-12 14:28:00,78.0137,78.0236,78.0039,78.0236,1389.0,CHK
2023-05-12 14:27:00,77.9595,78.0039,77.9595,78.0039,1619.0,CHK
2023-05-12 14:26:00,78.0925,78.0925,78.0039,78.0039,1629.0,CHK
2023-05-12 14:25:00,78.1467,78.1566,78.0728,78.0728,3396.0,CHK
2023-05-12 14:24:00,78.063,78.1369,78.063,78.1369,1794.0,CHK
2023-05-12 14:23:00,78.0285,78.0531,78.0285,78.0433,3102.0,CHK
2023-05-12 14:22:00,77.9842,78.1221,77.9842,78.0334,10784.0,CHK
2023-05-12 14:21:00,77.9546,77.9842,77.9353,77.9842,10373.0,CHK
2023-05-12 14:20:00,77.8659,77.9448,77.8462,77.9349,8869.0,CHK
2023-05-12 14:19:00,77.8856,77.8879,77.8659,77.8856,3263.0,CHK
2023-05-12 14:18:00,77.8758,77.9251,77.8758,77.8906,9094.0,CHK
2023-05-12 14:17:00,77.8265,77.8758,77.7625,77.8561,13119.0,CHK
2023-05-12 14:16:00,77.8986,77.9004,77.797,77.797,9391.0,CHK
2023-05-12 14:15:00,77.9022,77.9251,77.9022,77.9251,1114.0,CHK
2023-05-12 14:14:00,77.9053,77.9152,77.8472,77.8856,6237.0,CHK
2023-05-12 14:13:00,77.8856,77.9349,77.8856,77.9101,2689.0,CHK
2023-05-12 14:12:00,77.8462,77.8758,77.8315,77.8758,2536.0,CHK
2023-05-12 14:11:00,77.8265,77.8561,77.8265,77.8364,1432.0,CHK
2023-05-12 14:10:00,77.6394,77.8462,77.6394,77.797,10199.0,CHK
2023-05-12 14:09:00,77.6985,77.7083,77.664,77.6985,6327.0,CHK
2023-05-12 14:08:00,77.728,77.7674,77.6295,77.7083,15301.0,CHK
2023-05-12 14:07:00,77.7231,77.7773,77.7083,77.7576,5854.0,CHK
2023-05-12 14:06:00,77.6886,77.7477,77.6886,77.7083,3874.0,CHK
2023-05-12 14:05:00,77.6837,77.728,77.6837,77.6886,1024.0,CHK
2023-05-12 14:04:00,77.6886,77.7182,77.6788,77.6837,2167.0,CHK
2023-05-12 14:03:00,77.6985,77.7379,77.6689,77.6985,3941.0,CHK
2023-05-12 14:02:00,77.6197,77.6886,77.5901,77.6886,2743.0,CHK
2023-05-12 14:01:00,77.6394,77.6394,77.5802,77.5827,1893.0,CHK
2023-05-12 14:00:00,77.6049,77.6394,77.5802,77.6394,2175.0,CHK
2023-05-12 13:59:00,77.3734,77.6,77.3635,77.6,15054.0,CHK
2023-05-12 13:58:00,77.3635,77.3635,77.3093,77.3241,2847.0,CHK
2023-05-12 13:57:00,77.4029,77.5113,77.3684,77.3734,10288.0,CHK
2023-05-12 13:56:00,77.3734,77.3734,77.3734,77.3734,472.0,CHK
2023-05-12 13:55:00,77.3438,77.4128,77.3438,77.4128,1556.0,CHK
2023-05-12 13:54:00,77.4817,77.4817,77.2926,77.2926,1291.0,CHK
2023-05-12 13:53:00,77.6197,77.6295,77.5014,77.5014,6942.0,CHK
2023-05-12 13:52:00,77.6,77.6098,77.6,77.6098,2259.0,CHK
2023-05-12 13:51:00,77.6492,77.6492,77.6492,77.6492,447.0,CHK
2023-05-12 13:50:00,77.5605,77.6394,77.5605,77.6394,1956.0,CHK
2023-05-12 13:49:00,77.5211,77.5458,77.5211,77.5261,2148.0,CHK
2023-05-12 13:48:00,77.5408,77.5507,77.5014,77.5507,1556.0,CHK
2023-05-12 13:47:00,77.5014,77.531,77.5014,77.531,1641.0,CHK
2023-05-12 13:46:00,77.531,77.531,77.4325,77.4325,866.0,CHK
2023-05-12 13:45:00,77.5014,77.5408,77.5014,77.5408,1163.0,CHK
2023-05-12 13:44:00,77.531,77.5408,77.531,77.5408,532.0,CHK
2023-05-12 13:43:00,77.5507,77.5605,77.5113,77.5113,1336.0,CHK
2023-05-12 13:42:00,77.5507,77.5901,77.531,77.5802,1205.0,CHK
2023-05-12 13:41:00,77.7132,77.7182,77.6295,77.6295,1046.0,CHK
2023-05-12 13:40:00,77.6985,77.7379,77.6788,77.7379,1845.0,CHK
2023-05-12 13:39:00,77.7674,77.7674,77.7663,77.7663,305.0,CHK
2023-05-12 13:38:00,77.7871,77.797,77.7674,77.7773,3199.0,CHK
2023-05-12 13:37:00,77.6541,77.7182,77.6099,77.6985,1750.0,CHK
2023-05-12 13:36:00,77.6295,77.7182,77.6098,77.6098,2380.0,CHK
2023-05-12 13:35:00,77.6098,77.6147,77.5704,77.5704,361.0,CHK
2023-05-12 13:34:00,77.6,77.6985,77.6,77.6985,5560.0,CHK
2023-05-12 13:33:00,77.3734,77.5802,77.3734,77.5802,5413.0,CHK
2023-05-12 13:32:00,77.4029,77.4029,77.265,77.3734,3864.0,CHK
2023-05-12 13:31:00,77.4423,77.4423,77.4423,77.4423,300.0,CHK
2023-05-12 13:30:00,77.334,77.4423,77.334,77.4423,1482.0,CHK
2023-05-12 13:29:00,77.3389,77.3734,77.2946,77.3537,1376.0,CHK
2023-05-12 13:28:00,77.4029,77.4029,77.3241,77.3241,658.0,CHK
2023-05-12 13:27:00,77.256,77.3734,77.256,77.3734,1974.0,CHK
2023-05-12 13:26:00,77.3734,77.4029,77.2552,77.2552,3345.0,CHK
2023-05-12 13:25:00,77.4719,77.4719,77.4374,77.4374,442.0,CHK
2023-05-12 13:24:00,77.5014,77.6591,77.4916,77.5507,7485.0,CHK
2023-05-12 13:23:00,77.3586,77.5014,77.3586,77.5014,12362.0,CHK
2023-05-12 13:22:00,77.2946,77.4029,77.2946,77.4029,4126.0,CHK
2023-05-12 13:21:00,77.0975,77.265,77.0975,77.265,4954.0,CHK
2023-05-12 13:20:00,77.0187,77.1369,77.0138,77.0975,6722.0,CHK
2023-05-12 13:19:00,76.6444,77.068,76.6444,77.0236,52332.0,CHK
2023-05-12 13:18:00,76.5373,76.605,76.5373,76.605,1225.0,CHK
2023-05-12 13:17:00,76.5261,76.5458,76.5261,76.5458,2143.0,CHK
2023-05-12 13:16:00,76.4853,76.5261,76.4853,76.5261,1423.0,CHK
2023-05-12 13:14:00,76.4473,76.4473,76.4375,76.4375,559.0,CHK
2023-05-12 13:13:00,76.4424,76.4769,76.4276,76.4769,2432.0,CHK
2023-05-12 13:11:00,76.3193,76.3685,76.3193,76.3685,1792.0,CHK
2023-05-12 13:10:00,76.2996,76.2996,76.27,76.2897,1672.0,CHK
2023-05-12 13:09:00,76.2503,76.27,76.2405,76.2528,1473.0,CHK
2023-05-12 13:08:00,76.0927,76.1912,76.0927,76.1616,7244.0,CHK
2023-05-12 13:07:00,76.073,76.0848,76.0434,76.0681,1224.0,CHK
2023-05-12 13:06:00,76.076,76.076,76.0139,76.0139,388.0,CHK
2023-05-12 13:05:00,75.9843,76.0533,75.9548,76.0533,737.0,CHK
2023-05-12 13:04:00,75.9652,75.9652,75.9449,75.9498,2079.0,CHK
2023-05-12 13:03:00,75.94,76.0237,75.94,75.9745,6206.0,CHK
2023-05-12 13:02:00,75.9055,75.9252,75.9055,75.9252,12438.0,CHK
2023-05-12 13:01:00,75.9252,75.9252,75.9252,75.9252,1131.0,CHK
2023-05-12 13:00:00,75.9695,75.9839,75.9695,75.9839,602.0,CHK
2023-05-12 12:59:00,75.9449,75.9843,75.8956,75.9745,5509.0,CHK
2023-05-12 12:58:00,75.9548,76.0237,75.9548,76.004,5630.0,CHK
2023-05-12 12:57:00,75.9767,75.9767,75.9767,75.9767,174.0,CHK
2023-05-12 12:56:00,75.9695,76.0237,75.9695,76.0237,694.0,CHK
2023-05-12 12:55:00,75.9449,75.9745,75.9449,75.9745,585.0,CHK
2023-05-12 12:54:00,75.9843,75.9843,75.9843,75.9843,898.0,CHK
2023-05-12 12:53:00,76.0631,76.0631,75.9646,75.9646,790.0,CHK
2023-05-12 12:52:00,76.0237,76.0434,76.0237,76.0434,648.0,CHK
2023-05-12 12:51:00,76.004,76.0139,75.9892,75.9892,3603.0,CHK
2023-05-12 12:50:00,75.9745,75.9745,75.9745,75.9745,1031.0,CHK
2023-05-12 12:49:00,75.9991,75.9991,75.9991,75.9991,212.0,CHK
2023-05-12 12:47:00,75.964,76.0139,75.964,76.0139,700.0,CHK
2023-05-12 12:46:00,75.9745,75.9843,75.9745,75.9843,628.0,CHK
2023-05-12 12:45:00,75.9252,75.9548,75.9252,75.9498,2748.0,CHK
2023-05-12 12:44:00,75.9301,75.9301,75.8956,75.9104,1258.0,CHK
2023-05-12 12:43:00,75.9695,75.9695,75.9449,75.9449,513.0,CHK
2023-05-12 12:42:00,76.0139,76.0139,75.9745,75.9745,981.0,CHK
2023-05-12 12:41:00,76.0434,76.0434,76.0434,76.0434,295.0,CHK
2023-05-12 12:40:00,76.1025,76.1124,76.1001,76.1124,1761.0,CHK
2023-05-12 12:39:00,76.0917,76.0927,76.0917,76.0927,429.0,CHK
2023-05-12 12:38:00,76.004,76.004,76.004,76.004,330.0,CHK
2023-05-12 12:37:00,76.004,76.073,76.004,76.073,1274.0,CHK
2023-05-12 12:36:00,76.0434,76.0434,76.0139,76.0139,522.0,CHK
2023-05-12 12:35:00,76.0237,76.0533,76.0237,76.0533,1237.0,CHK
2023-05-12 12:34:00,76.0336,76.0336,75.9942,75.9942,663.0,CHK
2023-05-12 12:33:00,76.0828,76.0828,76.0434,76.0434,355.0,CHK
2023-05-12 12:32:00,76.0927,76.0927,76.0927,76.0927,253.0,CHK
2023-05-12 12:31:00,76.0434,76.073,76.0434,76.0631,921.0,CHK
2023-05-12 12:30:00,76.0286,76.0286,75.9942,76.0237,3197.0,CHK
2023-05-12 12:29:00,76.0631,76.0927,76.0631,76.0828,1130.0,CHK
2023-05-12 12:28:00,76.0631,76.0631,76.0434,76.0434,1360.0,CHK
2023-05-12 12:27:00,76.1075,76.1075,76.0533,76.073,2283.0,CHK
2023-05-12 12:25:00,76.1222,76.1321,76.0927,76.1025,2307.0,CHK
2023-05-12 12:24:00,76.1616,76.1715,76.1616,76.1616,1144.0,CHK
2023-05-12 12:23:00,76.1764,76.1764,76.1764,76.1764,228.0,CHK
2023-05-12 12:22:00,76.201,76.2109,76.1715,76.1715,1061.0,CHK
2023-05-12 12:20:00,76.2306,76.2306,76.2306,76.2306,1033.0,CHK
2023-05-12 12:19:00,76.206,76.2306,76.206,76.2207,1100.0,CHK
2023-05-12 12:18:00,76.2109,76.2207,76.1813,76.2207,1096.0,CHK
2023-05-12 12:16:00,76.1616,76.1863,76.1616,76.1863,1038.0,CHK
2023-05-12 12:15:00,76.0927,76.1518,76.0828,76.1321,2581.0,CHK
2023-05-12 12:13:00,76.1272,76.1321,76.1272,76.1321,485.0,CHK
2023-05-12 12:12:00,76.1321,76.1616,76.1321,76.1567,2388.0,CHK
2023-05-12 12:11:00,76.1419,76.1419,76.0434,76.0434,1653.0,CHK
2023-05-12 12:10:00,76.1715,76.1715,76.1616,76.1616,670.0,CHK
2023-05-12 12:09:00,76.137,76.1991,76.137,76.1912,2005.0,CHK
2023-05-12 12:07:00,76.1419,76.1764,76.0927,76.1469,2369.0,CHK
2023-05-12 12:06:00,76.1518,76.1616,76.1124,76.1173,2280.0,CHK
2023-05-12 12:05:00,76.1419,76.1509,76.1124,76.1509,1810.0,CHK
2023-05-12 12:04:00,76.1419,76.2099,76.1321,76.1419,5675.0,CHK
2023-05-12 12:03:00,76.2602,76.2602,76.201,76.201,1293.0,CHK
2023-05-12 12:02:00,76.2996,76.2996,76.2897,76.2996,1297.0,CHK
2023-05-12 12:01:00,76.3439,76.3439,76.2922,76.3094,4143.0,CHK
2023-05-12 12:00:00,76.2799,76.339,76.2799,76.339,865.0,CHK
2023-05-12 11:59:00,76.2799,76.2996,76.2799,76.2848,978.0,CHK
2023-05-12 11:58:00,76.2405,76.2405,76.2405,76.2405,618.0,CHK
2023-05-12 11:57:00,76.2306,76.27,76.2207,76.2405,2272.0,CHK
2023-05-12 11:56:00,76.2158,76.2158,76.2158,76.2158,715.0,CHK
2023-05-12 11:54:00,76.206,76.206,76.1961,76.1961,330.0,CHK
2023-05-12 11:53:00,76.2306,76.2503,76.2207,76.2207,1288.0,CHK
2023-05-12 11:51:00,76.27,76.27,76.206,76.2109,2300.0,CHK
2023-05-12 11:50:00,76.2405,76.2799,76.2306,76.2799,1635.0,CHK
2023-05-12 11:49:00,76.2306,76.2405,76.201,76.2405,2815.0,CHK
2023-05-12 11:48:00,76.2602,76.2602,76.1616,76.2109,4048.0,CHK
2023-05-12 11:47:00,76.2552,76.27,76.2355,76.27,2199.0,CHK
2023-05-12 11:46:00,76.27,76.27,76.2405,76.2552,1612.0,CHK
2023-05-12 11:45:00,76.2848,76.2848,76.2848,76.2848,142.0,CHK
2023-05-12 11:44:00,76.2799,76.2799,76.2799,76.2799,276.0,CHK
2023-05-12 11:43:00,76.2405,76.2897,76.2405,76.2897,1048.0,CHK
2023-05-12 11:42:00,76.2207,76.2799,76.1912,76.2503,1732.0,CHK
2023-05-12 11:41:00,76.2207,76.2306,76.1753,76.2207,2352.0,CHK
2023-05-12 11:40:00,76.1616,76.1616,76.1173,76.1518,2409.0,CHK
2023-05-12 11:39:00,76.2306,76.2405,76.1715,76.1715,1525.0,CHK
2023-05-12 11:38:00,76.3094,76.3094,76.2749,76.2749,1708.0,CHK
2023-05-12 11:37:00,76.339,76.3488,76.339,76.3488,532.0,CHK
2023-05-12 11:36:00,76.3291,76.3291,76.3291,76.3291,1109.0,CHK
2023-05-12 11:35:00,76.3488,76.3784,76.3094,76.3094,941.0,CHK
2023-05-12 11:34:00,76.334,76.334,76.3193,76.3193,544.0,CHK
2023-05-12 11:33:00,76.3291,76.3291,76.3291,76.3291,397.0,CHK
2023-05-12 11:32:00,76.3685,76.3685,76.3685,76.3685,140.0,CHK
2023-05-12 11:31:00,76.2996,76.3291,76.2996,76.3291,389.0,CHK
2023-05-12 11:30:00,76.3505,76.3505,76.3193,76.3488,1100.0,CHK
2023-05-12 11:29:00,76.2946,76.3587,76.2946,76.3587,680.0,CHK
2023-05-12 11:28:00,76.339,76.3488,76.2996,76.3488,1436.0,CHK
2023-05-12 11:27:00,76.4669,76.4669,76.3833,76.3833,1224.0,CHK
2023-05-12 11:26:00,76.4079,76.4572,76.4079,76.4473,3364.0,CHK
2023-05-12 11:24:00,76.4178,76.4867,76.4079,76.4621,1598.0,CHK
2023-05-12 11:22:00,76.3488,76.3784,76.3488,76.3784,993.0,CHK
2023-05-12 11:21:00,76.2897,76.2996,76.2897,76.2996,745.0,CHK
2023-05-12 11:20:00,76.1272,76.2848,76.1222,76.2848,4277.0,CHK
2023-05-12 11:19:00,76.2158,76.2158,76.1321,76.1321,1059.0,CHK
2023-05-12 11:18:00,76.2651,76.3094,76.2454,76.2454,2402.0,CHK
2023-05-12 11:17:00,76.2306,76.2602,76.2306,76.2503,2700.0,CHK
2023-05-12 11:16:00,76.176,76.2503,76.176,76.2306,3934.0,CHK
2023-05-12 11:15:00,76.27,76.27,76.206,76.206,1255.0,CHK
2023-05-12 11:14:00,76.2207,76.2207,76.2207,76.2207,180.0,CHK
2023-05-12 11:13:00,76.27,76.3291,76.2207,76.2207,4251.0,CHK
2023-05-12 11:12:00,76.2897,76.2897,76.2306,76.2306,1019.0,CHK
2023-05-12 11:11:00,76.2503,76.3193,76.2503,76.3193,601.0,CHK
2023-05-12 11:10:00,76.3488,76.3488,76.339,76.339,1899.0,CHK
2023-05-12 11:09:00,76.3242,76.3685,76.3242,76.3685,1872.0,CHK
2023-05-12 11:08:00,76.4276,76.4276,76.3587,76.3587,1824.0,CHK
2023-05-12 11:07:00,76.4375,76.4473,76.3981,76.4178,2141.0,CHK
2023-05-12 11:06:00,76.4375,76.4867,76.4375,76.4744,1288.0,CHK
2023-05-12 11:05:00,76.4572,76.5163,76.4424,76.4867,4215.0,CHK
2023-05-12 11:04:00,76.4769,76.5163,76.4375,76.467,5568.0,CHK
2023-05-12 11:02:00,76.6,76.6,76.4079,76.4276,3950.0,CHK
2023-05-12 11:01:00,76.6444,76.6444,76.5951,76.605,1062.0,CHK
2023-05-12 11:00:00,76.6148,76.7035,76.6148,76.7035,691.0,CHK
2023-05-12 10:59:00,76.5853,76.605,76.5853,76.605,787.0,CHK
2023-05-12 10:58:00,76.5853,76.5902,76.5261,76.5655,2759.0,CHK
2023-05-12 10:57:00,76.4178,76.5163,76.4079,76.5163,1725.0,CHK
2023-05-12 10:56:00,76.3981,76.4079,76.3833,76.3931,1459.0,CHK
2023-05-12 10:55:00,76.2503,76.3636,76.2503,76.3636,2515.0,CHK
2023-05-12 10:54:00,76.2306,76.27,76.2207,76.2503,3096.0,CHK
2023-05-12 10:53:00,76.2382,76.2382,76.201,76.201,588.0,CHK
2023-05-12 10:52:00,76.3291,76.3291,76.2799,76.2799,1863.0,CHK
2023-05-12 10:51:00,76.2732,76.3784,76.2732,76.3488,3507.0,CHK
2023-05-12 10:50:00,76.4178,76.4178,76.3094,76.3094,6748.0,CHK
2023-05-12 10:49:00,76.4227,76.4227,76.4227,76.4227,472.0,CHK
2023-05-12 10:48:00,76.467,76.4769,76.3784,76.3784,2925.0,CHK
2023-05-12 10:47:00,76.4769,76.4769,76.3882,76.3882,1187.0,CHK
2023-05-12 10:46:00,76.5261,76.5261,76.4473,76.467,2421.0,CHK
2023-05-12 10:45:00,76.5557,76.5557,76.5557,76.5557,176.0,CHK
2023-05-12 10:44:00,76.536,76.5655,76.536,76.5655,1215.0,CHK
2023-05-12 10:43:00,76.4966,76.605,76.4966,76.5557,1433.0,CHK
2023-05-12 10:41:00,76.4572,76.4572,76.4572,76.4572,332.0,CHK
2023-05-12 10:40:00,76.339,76.4572,76.3193,76.4572,3079.0,CHK
2023-05-12 10:39:00,76.4867,76.4867,76.3981,76.4079,3071.0,CHK
2023-05-12 10:38:00,76.3882,76.467,76.3882,76.4301,738.0,CHK
2023-05-12 10:37:00,76.467,76.467,76.3981,76.3981,1413.0,CHK
2023-05-12 10:36:00,76.3784,76.4079,76.3734,76.3981,1606.0,CHK
2023-05-12 10:35:00,76.5951,76.5951,76.5064,76.5064,1583.0,CHK
2023-05-12 10:33:00,76.5655,76.6591,76.5655,76.6,679.0,CHK
2023-05-12 10:32:00,76.3981,76.5458,76.3981,76.4769,1576.0,CHK
2023-05-12 10:31:00,76.4079,76.472,76.4079,76.472,1616.0,CHK
2023-05-12 10:30:00,76.3833,76.3833,76.3734,76.3734,814.0,CHK
2023-05-12 10:29:00,76.3685,76.3685,76.3685,76.3685,827.0,CHK
2023-05-12 10:28:00,76.3784,76.4473,76.3537,76.4473,2454.0,CHK
2023-05-12 10:27:00,76.403,76.403,76.3291,76.3488,1987.0,CHK
2023-05-12 10:26:00,76.3784,76.4178,76.3784,76.4178,1560.0,CHK
2023-05-12 10:25:00,76.3193,76.3784,76.3193,76.3587,817.0,CHK
2023-05-12 10:24:00,76.3094,76.339,76.2996,76.339,1381.0,CHK
2023-05-12 10:23:00,76.4867,76.4867,76.3833,76.3833,855.0,CHK
2023-05-12 10:22:00,76.4375,76.5163,76.4375,76.4769,1011.0,CHK
2023-05-12 10:21:00,76.6148,76.6148,76.5458,76.5458,696.0,CHK
2023-05-12 10:20:00,76.4867,76.5311,76.4769,76.5311,1826.0,CHK
2023-05-12 10:19:00,76.472,76.536,76.4079,76.4867,1920.0,CHK
2023-05-12 10:17:00,76.5163,76.536,76.4966,76.4966,1205.0,CHK
2023-05-12 10:15:00,76.6838,76.6838,76.5655,76.5853,1148.0,CHK
2023-05-12 10:13:00,76.7527,76.7527,76.6838,76.6838,400.0,CHK
2023-05-12 10:12:00,76.733,76.733,76.733,76.733,371.0,CHK
2023-05-12 10:10:00,76.605,76.6641,76.5902,76.5902,1691.0,CHK
2023-05-12 10:09:00,76.6542,76.6641,76.6,76.6,860.0,CHK
2023-05-12 10:08:00,76.6296,76.6641,76.5854,76.6247,961.0,CHK
2023-05-12 10:07:00,76.5655,76.6838,76.5557,76.6838,1952.0,CHK
2023-05-12 10:06:00,76.6345,76.6394,76.5803,76.5803,842.0,CHK
2023-05-12 10:05:00,76.733,76.7527,76.6444,76.6838,1760.0,CHK
2023-05-12 10:04:00,76.6739,76.6739,76.6739,76.6739,864.0,CHK
2023-05-12 10:03:00,76.9399,76.9399,76.8512,76.8512,772.0,CHK
2023-05-12 10:02:00,76.802,76.8611,76.802,76.8611,1031.0,CHK
2023-05-12 10:01:00,76.8217,76.9005,76.7527,76.7527,1861.0,CHK
2023-05-12 10:00:00,76.8315,76.8808,76.8217,76.8808,2170.0,CHK
2023-05-12 09:59:00,76.9103,76.9596,76.8611,76.8611,2210.0,CHK
2023-05-12 09:58:00,76.9202,76.9202,76.9103,76.9103,414.0,CHK
2023-05-12 09:56:00,76.8512,76.9103,76.8512,76.9103,651.0,CHK
2023-05-12 09:55:00,76.8906,76.8906,76.802,76.802,708.0,CHK
2023-05-12 09:54:00,76.6247,76.8217,76.6148,76.8217,1682.0,CHK
2023-05-12 09:53:00,76.733,76.733,76.666,76.6739,1800.0,CHK
2023-05-12 09:52:00,76.6345,76.6345,76.5261,76.605,1209.0,CHK
2023-05-12 09:51:00,76.6247,76.7133,76.6247,76.7133,908.0,CHK
2023-05-12 09:50:00,76.4769,76.4966,76.467,76.467,1205.0,CHK
2023-05-12 09:49:00,76.5754,76.5754,76.3587,76.3587,967.0,CHK
2023-05-12 09:48:00,76.5557,76.5557,76.4592,76.4592,938.0,CHK
2023-05-12 09:47:00,76.6641,76.6641,76.6247,76.6345,868.0,CHK
2023-05-12 09:46:00,76.7819,76.7819,76.6444,76.6641,2631.0,CHK
2023-05-12 09:45:00,76.7527,76.802,76.7429,76.802,942.0,CHK
2023-05-12 09:44:00,76.6444,76.733,76.6444,76.6641,1966.0,CHK
2023-05-12 09:43:00,76.7035,76.802,76.6838,76.6838,3994.0,CHK
2023-05-12 09:42:00,76.6985,76.6985,76.6985,76.6985,659.0,CHK
2023-05-12 09:41:00,76.7823,76.7823,76.7823,76.7823,254.0,CHK
2023-05-12 09:40:00,76.792,76.9005,76.7232,76.8414,4578.0,CHK
2023-05-12 09:39:00,76.7232,76.7232,76.7232,76.7232,273.0,CHK
2023-05-12 09:37:00,76.7921,76.7921,76.6887,76.7429,2920.0,CHK
2023-05-12 09:36:00,76.9103,76.9399,76.7577,76.7577,2281.0,CHK
2023-05-12 09:35:00,76.9005,76.9005,76.8611,76.8611,1285.0,CHK
2023-05-12 09:34:00,76.8611,76.8611,76.802,76.8217,1657.0,CHK
2023-05-12 09:33:00,76.9744,76.9744,76.8808,76.8906,1645.0,CHK
2023-05-12 09:32:00,76.9596,76.999,76.9596,76.999,1743.0,CHK
2023-05-12 09:31:00,76.9301,76.9301,76.9005,76.9005,2275.0,CHK
2023-05-12 09:30:00,76.9596,76.9596,76.8611,76.8611,8184.0,CHK
2023-05-12 09:29:00,76.8709,76.9793,76.8709,76.9793,778.0,CHK
