date,1. open,2. high,3. low,4. close,5. volume,Ticker
2023-06-27 19:19:00,41.32,41.32,41.32,41.32,2.0,CIEN
2023-06-27 19:00:00,41.75,41.75,41.75,41.75,66106.0,CIEN
2023-06-27 18:30:00,41.75,41.75,41.75,41.75,66106.0,CIEN
2023-06-27 16:38:00,41.75,41.75,41.75,41.75,1.0,CIEN
2023-06-27 16:10:00,41.75,41.75,41.09,41.09,223123.0,CIEN
2023-06-27 16:07:00,40.661,40.661,40.662,40.662,1.0,CIEN
2023-06-27 16:02:00,41.75,41.75,41.75,41.75,1243.0,CIEN
2023-06-27 16:01:00,41.75,41.75,41.75,41.75,30044.0,CIEN
2023-06-27 16:00:00,41.755,41.755,41.75,41.75,142674.0,CIEN
2023-06-27 15:59:00,41.72,41.76,41.715,41.755,32865.0,CIEN
2023-06-27 15:58:00,41.71,41.72,41.7,41.72,7942.0,CIEN
2023-06-27 15:57:00,41.71,41.71,41.68,41.705,14005.0,CIEN
2023-06-27 15:56:00,41.725,41.735,41.71,41.715,14286.0,CIEN
2023-06-27 15:55:00,41.725,41.73,41.71,41.725,6630.0,CIEN
2023-06-27 15:54:00,41.74,41.74,41.705,41.73,7599.0,CIEN
2023-06-27 15:53:00,41.71,41.73,41.69,41.73,9527.0,CIEN
2023-06-27 15:52:00,41.71,41.73,41.71,41.71,6181.0,CIEN
2023-06-27 15:51:00,41.69,41.705,41.685,41.705,7082.0,CIEN
2023-06-27 15:50:00,41.8,41.805,41.7,41.7,22635.0,CIEN
2023-06-27 15:49:00,41.8,41.81,41.8,41.805,2691.0,CIEN
2023-06-27 15:48:00,41.79,41.795,41.78,41.795,2806.0,CIEN
2023-06-27 15:47:00,41.81,41.815,41.785,41.795,6031.0,CIEN
2023-06-27 15:46:00,41.795,41.815,41.795,41.805,3704.0,CIEN
2023-06-27 15:45:00,41.79,41.805,41.79,41.79,3659.0,CIEN
2023-06-27 15:44:00,41.78,41.795,41.78,41.795,1947.0,CIEN
2023-06-27 15:43:00,41.79,41.791,41.775,41.78,4373.0,CIEN
2023-06-27 15:42:00,41.77,41.795,41.77,41.79,4923.0,CIEN
2023-06-27 15:41:00,41.765,41.769,41.76,41.765,1865.0,CIEN
2023-06-27 15:40:00,41.75,41.77,41.75,41.76,3018.0,CIEN
2023-06-27 15:39:00,41.755,41.76,41.74,41.75,3722.0,CIEN
2023-06-27 15:38:00,41.755,41.77,41.74,41.75,3999.0,CIEN
2023-06-27 15:37:00,41.76,41.765,41.74,41.755,5312.0,CIEN
2023-06-27 15:36:00,41.78,41.78,41.76,41.76,1092.0,CIEN
2023-06-27 15:35:00,41.79,41.79,41.77,41.78,4213.0,CIEN
2023-06-27 15:34:00,41.81,41.81,41.79,41.79,2793.0,CIEN
2023-06-27 15:33:00,41.825,41.83,41.8,41.82,4201.0,CIEN
2023-06-27 15:32:00,41.82,41.825,41.8,41.82,7757.0,CIEN
2023-06-27 15:31:00,41.815,41.835,41.815,41.825,2752.0,CIEN
2023-06-27 15:30:00,41.805,41.82,41.805,41.82,1307.0,CIEN
2023-06-27 15:29:00,41.805,41.82,41.8,41.81,3151.0,CIEN
2023-06-27 15:28:00,41.795,41.82,41.795,41.81,3841.0,CIEN
2023-06-27 15:27:00,41.78,41.795,41.78,41.795,2230.0,CIEN
2023-06-27 15:26:00,41.77,41.77,41.77,41.77,420.0,CIEN
2023-06-27 15:25:00,41.76,41.78,41.76,41.77,6367.0,CIEN
2023-06-27 15:24:00,41.75,41.76,41.75,41.755,1844.0,CIEN
2023-06-27 15:23:00,41.74,41.74,41.74,41.74,239.0,CIEN
2023-06-27 15:22:00,41.75,41.755,41.73,41.74,2532.0,CIEN
2023-06-27 15:21:00,41.77,41.77,41.75,41.75,2640.0,CIEN
2023-06-27 15:19:00,41.76,41.775,41.76,41.775,3065.0,CIEN
2023-06-27 15:18:00,41.775,41.775,41.765,41.765,1977.0,CIEN
2023-06-27 15:17:00,41.77,41.78,41.76,41.77,2402.0,CIEN
2023-06-27 15:16:00,41.78,41.78,41.755,41.765,2644.0,CIEN
2023-06-27 15:15:00,41.78,41.785,41.77,41.785,2535.0,CIEN
2023-06-27 15:14:00,41.77,41.77,41.765,41.77,1328.0,CIEN
2023-06-27 15:13:00,41.74,41.755,41.74,41.755,1378.0,CIEN
2023-06-27 15:12:00,41.735,41.75,41.735,41.75,2202.0,CIEN
2023-06-27 15:11:00,41.765,41.765,41.75,41.75,1601.0,CIEN
2023-06-27 15:10:00,41.78,41.78,41.76,41.77,3696.0,CIEN
2023-06-27 15:09:00,41.78,41.786,41.78,41.786,5252.0,CIEN
2023-06-27 15:08:00,41.78,41.78,41.775,41.775,1635.0,CIEN
2023-06-27 15:07:00,41.77,41.79,41.77,41.78,4199.0,CIEN
2023-06-27 15:06:00,41.76,41.76,41.76,41.76,300.0,CIEN
2023-06-27 15:05:00,41.76,41.77,41.76,41.77,1998.0,CIEN
2023-06-27 15:04:00,41.75,41.76,41.75,41.753,836.0,CIEN
2023-06-27 15:02:00,41.75,41.75,41.74,41.75,2292.0,CIEN
2023-06-27 15:01:00,41.74,41.75,41.74,41.75,1286.0,CIEN
2023-06-27 15:00:00,41.73,41.735,41.73,41.735,1160.0,CIEN
2023-06-27 14:59:00,41.735,41.735,41.725,41.725,712.0,CIEN
2023-06-27 14:58:00,41.73,41.735,41.73,41.73,793.0,CIEN
2023-06-27 14:57:00,41.74,41.74,41.725,41.725,542.0,CIEN
2023-06-27 14:56:00,41.74,41.745,41.73,41.745,2572.0,CIEN
2023-06-27 14:55:00,41.77,41.77,41.74,41.74,2158.0,CIEN
2023-06-27 14:54:00,41.77,41.77,41.76,41.77,1615.0,CIEN
2023-06-27 14:53:00,41.77,41.77,41.76,41.76,387.0,CIEN
2023-06-27 14:52:00,41.76,41.77,41.76,41.77,1282.0,CIEN
2023-06-27 14:51:00,41.735,41.76,41.735,41.755,1650.0,CIEN
2023-06-27 14:50:00,41.75,41.75,41.73,41.74,2277.0,CIEN
2023-06-27 14:49:00,41.74,41.747,41.74,41.745,801.0,CIEN
2023-06-27 14:48:00,41.73,41.75,41.73,41.75,1012.0,CIEN
2023-06-27 14:47:00,41.71,41.74,41.71,41.72,10874.0,CIEN
2023-06-27 14:46:00,41.7,41.72,41.7,41.72,663.0,CIEN
2023-06-27 14:45:00,41.715,41.715,41.7,41.71,2589.0,CIEN
2023-06-27 14:43:00,41.72,41.725,41.71,41.71,2360.0,CIEN
2023-06-27 14:42:00,41.7,41.715,41.7,41.715,1024.0,CIEN
2023-06-27 14:41:00,41.705,41.72,41.705,41.71,1082.0,CIEN
2023-06-27 14:40:00,41.73,41.73,41.71,41.71,1688.0,CIEN
2023-06-27 14:39:00,41.74,41.745,41.73,41.73,1936.0,CIEN
2023-06-27 14:38:00,41.73,41.73,41.73,41.73,417.0,CIEN
2023-06-27 14:37:00,41.74,41.74,41.73,41.73,1248.0,CIEN
2023-06-27 14:36:00,41.76,41.76,41.75,41.75,1332.0,CIEN
2023-06-27 14:35:00,41.735,41.75,41.735,41.745,2170.0,CIEN
2023-06-27 14:34:00,41.73,41.73,41.73,41.73,522.0,CIEN
2023-06-27 14:33:00,41.73,41.739,41.73,41.73,712.0,CIEN
2023-06-27 14:32:00,41.755,41.755,41.74,41.74,1797.0,CIEN
2023-06-27 14:31:00,41.76,41.77,41.75,41.75,2988.0,CIEN
2023-06-27 14:30:00,41.77,41.78,41.77,41.78,828.0,CIEN
2023-06-27 14:29:00,41.76,41.78,41.76,41.76,1933.0,CIEN
2023-06-27 14:28:00,41.76,41.76,41.76,41.76,580.0,CIEN
2023-06-27 14:27:00,41.775,41.775,41.76,41.765,1316.0,CIEN
2023-06-27 14:26:00,41.74,41.78,41.74,41.77,1584.0,CIEN
2023-06-27 14:25:00,41.74,41.74,41.73,41.73,1182.0,CIEN
2023-06-27 14:24:00,41.745,41.745,41.745,41.745,257.0,CIEN
2023-06-27 14:23:00,41.758,41.758,41.75,41.75,681.0,CIEN
2023-06-27 14:22:00,41.77,41.77,41.749,41.76,1634.0,CIEN
2023-06-27 14:21:00,41.76,41.76,41.755,41.76,1091.0,CIEN
2023-06-27 14:20:00,41.77,41.779,41.77,41.77,765.0,CIEN
2023-06-27 14:19:00,41.77,41.78,41.77,41.77,1005.0,CIEN
2023-06-27 14:18:00,41.76,41.76,41.76,41.76,332.0,CIEN
2023-06-27 14:17:00,41.76,41.76,41.76,41.76,1396.0,CIEN
2023-06-27 14:16:00,41.778,41.78,41.778,41.78,570.0,CIEN
2023-06-27 14:15:00,41.76,41.77,41.76,41.77,768.0,CIEN
2023-06-27 14:14:00,41.75,41.75,41.745,41.75,1598.0,CIEN
2023-06-27 14:13:00,41.76,41.76,41.76,41.76,462.0,CIEN
2023-06-27 14:12:00,41.75,41.76,41.75,41.76,554.0,CIEN
2023-06-27 14:11:00,41.76,41.767,41.759,41.767,851.0,CIEN
2023-06-27 14:10:00,41.73,41.76,41.73,41.75,1681.0,CIEN
2023-06-27 14:09:00,41.75,41.75,41.715,41.73,3750.0,CIEN
2023-06-27 14:08:00,41.755,41.78,41.75,41.77,2869.0,CIEN
2023-06-27 14:07:00,41.75,41.76,41.75,41.755,441.0,CIEN
2023-06-27 14:06:00,41.75,41.75,41.75,41.75,224.0,CIEN
2023-06-27 14:05:00,41.76,41.78,41.755,41.77,2287.0,CIEN
2023-06-27 14:04:00,41.77,41.77,41.75,41.75,1283.0,CIEN
2023-06-27 14:03:00,41.78,41.785,41.77,41.78,1902.0,CIEN
2023-06-27 14:02:00,41.775,41.775,41.77,41.77,517.0,CIEN
2023-06-27 14:01:00,41.77,41.78,41.77,41.77,621.0,CIEN
2023-06-27 14:00:00,41.79,41.792,41.77,41.77,1570.0,CIEN
2023-06-27 13:59:00,41.79,41.795,41.79,41.795,667.0,CIEN
2023-06-27 13:58:00,41.795,41.795,41.79,41.79,231.0,CIEN
2023-06-27 13:57:00,41.81,41.81,41.795,41.795,1564.0,CIEN
2023-06-27 13:56:00,41.82,41.824,41.82,41.824,670.0,CIEN
2023-06-27 13:55:00,41.85,41.85,41.82,41.83,1497.0,CIEN
2023-06-27 13:54:00,41.84,41.84,41.84,41.84,573.0,CIEN
2023-06-27 13:53:00,41.85,41.85,41.84,41.84,931.0,CIEN
2023-06-27 13:52:00,41.83,41.835,41.83,41.835,1269.0,CIEN
2023-06-27 13:51:00,41.79,41.83,41.79,41.83,1611.0,CIEN
2023-06-27 13:50:00,41.8,41.8,41.795,41.8,724.0,CIEN
2023-06-27 13:49:00,41.8,41.8,41.8,41.8,333.0,CIEN
2023-06-27 13:48:00,41.81,41.81,41.8,41.8,1577.0,CIEN
2023-06-27 13:47:00,41.82,41.82,41.8,41.8,1030.0,CIEN
2023-06-27 13:46:00,41.82,41.83,41.82,41.83,313.0,CIEN
2023-06-27 13:45:00,41.82,41.825,41.81,41.81,1891.0,CIEN
2023-06-27 13:44:00,41.8,41.82,41.8,41.82,1302.0,CIEN
2023-06-27 13:43:00,41.805,41.805,41.8,41.8,225.0,CIEN
2023-06-27 13:42:00,41.8,41.802,41.8,41.802,997.0,CIEN
2023-06-27 13:41:00,41.82,41.82,41.805,41.805,1838.0,CIEN
2023-06-27 13:39:00,41.78,41.79,41.78,41.79,1013.0,CIEN
2023-06-27 13:38:00,41.8,41.8,41.78,41.78,1113.0,CIEN
2023-06-27 13:37:00,41.81,41.84,41.8,41.81,3012.0,CIEN
2023-06-27 13:36:00,41.83,41.83,41.815,41.815,1777.0,CIEN
2023-06-27 13:35:00,41.82,41.84,41.82,41.84,1367.0,CIEN
2023-06-27 13:34:00,41.82,41.83,41.82,41.83,551.0,CIEN
2023-06-27 13:33:00,41.84,41.84,41.84,41.84,570.0,CIEN
2023-06-27 13:32:00,41.86,41.86,41.85,41.85,668.0,CIEN
2023-06-27 13:31:00,41.82,41.86,41.82,41.85,1920.0,CIEN
2023-06-27 13:30:00,41.83,41.83,41.83,41.83,740.0,CIEN
2023-06-27 13:29:00,41.82,41.825,41.81,41.825,4716.0,CIEN
2023-06-27 13:28:00,41.87,41.87,41.81,41.82,972.0,CIEN
2023-06-27 13:27:00,41.88,41.88,41.86,41.86,1782.0,CIEN
2023-06-27 13:26:00,41.9,41.91,41.86,41.86,1384.0,CIEN
2023-06-27 13:25:00,41.935,41.935,41.9,41.9,3390.0,CIEN
2023-06-27 13:24:00,41.946,41.95,41.94,41.94,1924.0,CIEN
2023-06-27 13:23:00,41.94,41.94,41.93,41.93,1028.0,CIEN
2023-06-27 13:22:00,41.93,41.93,41.93,41.93,481.0,CIEN
2023-06-27 13:21:00,41.93,41.94,41.91,41.91,2118.0,CIEN
2023-06-27 13:20:00,41.91,41.92,41.91,41.92,1075.0,CIEN
2023-06-27 13:19:00,41.91,41.91,41.91,41.91,480.0,CIEN
2023-06-27 13:18:00,41.9,41.91,41.9,41.9,1508.0,CIEN
2023-06-27 13:17:00,41.91,41.91,41.88,41.88,1957.0,CIEN
2023-06-27 13:16:00,41.88,41.91,41.88,41.9,4849.0,CIEN
2023-06-27 13:15:00,41.87,41.88,41.87,41.87,901.0,CIEN
2023-06-27 13:14:00,41.862,41.88,41.86,41.88,2644.0,CIEN
2023-06-27 13:13:00,41.87,41.87,41.85,41.86,4651.0,CIEN
2023-06-27 13:12:00,41.84,41.88,41.84,41.86,1731.0,CIEN
2023-06-27 13:11:00,41.84,41.85,41.84,41.845,754.0,CIEN
2023-06-27 13:10:00,41.831,41.831,41.83,41.83,1668.0,CIEN
2023-06-27 13:09:00,41.83,41.83,41.81,41.83,1910.0,CIEN
2023-06-27 13:08:00,41.83,41.835,41.825,41.83,1552.0,CIEN
2023-06-27 13:07:00,41.8,41.82,41.8,41.82,1177.0,CIEN
2023-06-27 13:06:00,41.82,41.82,41.81,41.81,1040.0,CIEN
2023-06-27 13:05:00,41.81,41.82,41.81,41.82,1264.0,CIEN
2023-06-27 13:04:00,41.835,41.84,41.82,41.82,430.0,CIEN
2023-06-27 13:03:00,41.865,41.87,41.82,41.83,2390.0,CIEN
2023-06-27 13:02:00,41.865,41.865,41.84,41.86,4650.0,CIEN
2023-06-27 13:01:00,41.86,41.86,41.86,41.86,208.0,CIEN
2023-06-27 13:00:00,41.84,41.87,41.84,41.87,1186.0,CIEN
2023-06-27 12:59:00,41.82,41.835,41.82,41.835,2527.0,CIEN
2023-06-27 12:58:00,41.845,41.845,41.82,41.82,1380.0,CIEN
2023-06-27 12:57:00,41.845,41.845,41.84,41.84,1972.0,CIEN
2023-06-27 12:56:00,41.85,41.85,41.84,41.85,4172.0,CIEN
2023-06-27 12:55:00,41.87,41.87,41.86,41.86,1404.0,CIEN
2023-06-27 12:54:00,41.86,41.87,41.86,41.87,970.0,CIEN
2023-06-27 12:53:00,41.86,41.87,41.86,41.86,882.0,CIEN
2023-06-27 12:52:00,41.85,41.87,41.85,41.86,1514.0,CIEN
2023-06-27 12:51:00,41.86,41.86,41.845,41.845,1175.0,CIEN
2023-06-27 12:50:00,41.85,41.875,41.845,41.86,4960.0,CIEN
2023-06-27 12:49:00,41.845,41.86,41.84,41.855,1606.0,CIEN
2023-06-27 12:48:00,41.845,41.85,41.845,41.85,205.0,CIEN
2023-06-27 12:47:00,41.83,41.84,41.82,41.84,1577.0,CIEN
2023-06-27 12:46:00,41.84,41.84,41.83,41.835,2325.0,CIEN
2023-06-27 12:45:00,41.845,41.845,41.84,41.84,1006.0,CIEN
2023-06-27 12:44:00,41.84,41.84,41.84,41.84,939.0,CIEN
2023-06-27 12:43:00,41.835,41.84,41.83,41.84,3205.0,CIEN
2023-06-27 12:42:00,41.86,41.86,41.82,41.83,1326.0,CIEN
2023-06-27 12:41:00,41.86,41.88,41.85,41.85,3539.0,CIEN
2023-06-27 12:40:00,41.845,41.87,41.84,41.86,4307.0,CIEN
2023-06-27 12:39:00,41.815,41.83,41.815,41.83,1349.0,CIEN
2023-06-27 12:38:00,41.795,41.815,41.795,41.815,10157.0,CIEN
2023-06-27 12:37:00,41.85,41.85,41.795,41.8,6934.0,CIEN
2023-06-27 12:36:00,41.78,41.84,41.77,41.82,5332.0,CIEN
2023-06-27 12:35:00,41.79,41.79,41.77,41.77,623.0,CIEN
2023-06-27 12:34:00,41.77,41.78,41.77,41.78,746.0,CIEN
2023-06-27 12:33:00,41.75,41.76,41.75,41.76,923.0,CIEN
2023-06-27 12:32:00,41.74,41.76,41.74,41.76,1267.0,CIEN
2023-06-27 12:31:00,41.76,41.76,41.74,41.74,2227.0,CIEN
2023-06-27 12:30:00,41.745,41.76,41.745,41.76,787.0,CIEN
2023-06-27 12:29:00,41.74,41.75,41.73,41.75,4888.0,CIEN
2023-06-27 12:28:00,41.74,41.75,41.74,41.75,553.0,CIEN
2023-06-27 12:27:00,41.72,41.74,41.71,41.74,1052.0,CIEN
2023-06-27 12:26:00,41.72,41.734,41.715,41.72,3713.0,CIEN
2023-06-27 12:25:00,41.68,41.71,41.68,41.71,2559.0,CIEN
2023-06-27 12:24:00,41.65,41.67,41.65,41.67,4166.0,CIEN
2023-06-27 12:23:00,41.65,41.65,41.64,41.65,2494.0,CIEN
2023-06-27 12:22:00,41.637,41.65,41.637,41.65,1450.0,CIEN
2023-06-27 12:21:00,41.63,41.641,41.63,41.64,1883.0,CIEN
2023-06-27 12:20:00,41.6,41.63,41.6,41.63,870.0,CIEN
2023-06-27 12:19:00,41.58,41.6,41.58,41.6,2448.0,CIEN
2023-06-27 12:18:00,41.57,41.57,41.55,41.56,3058.0,CIEN
2023-06-27 12:17:00,41.57,41.57,41.55,41.56,2805.0,CIEN
2023-06-27 12:16:00,41.56,41.575,41.56,41.57,2450.0,CIEN
2023-06-27 12:15:00,41.58,41.58,41.57,41.57,2101.0,CIEN
2023-06-27 12:14:00,41.56,41.58,41.56,41.58,748.0,CIEN
2023-06-27 12:13:00,41.525,41.555,41.525,41.555,2112.0,CIEN
2023-06-27 12:12:00,41.55,41.55,41.525,41.53,685.0,CIEN
2023-06-27 12:11:00,41.56,41.56,41.56,41.56,427.0,CIEN
2023-06-27 12:10:00,41.515,41.52,41.5,41.52,2251.0,CIEN
2023-06-27 12:09:00,41.55,41.55,41.515,41.515,1510.0,CIEN
2023-06-27 12:08:00,41.56,41.56,41.54,41.54,1447.0,CIEN
2023-06-27 12:07:00,41.515,41.54,41.51,41.54,3204.0,CIEN
2023-06-27 12:06:00,41.52,41.54,41.515,41.515,1429.0,CIEN
2023-06-27 12:05:00,41.52,41.52,41.515,41.52,1160.0,CIEN
2023-06-27 12:04:00,41.53,41.53,41.52,41.52,685.0,CIEN
2023-06-27 12:03:00,41.54,41.55,41.535,41.535,2385.0,CIEN
2023-06-27 12:02:00,41.54,41.55,41.54,41.541,1500.0,CIEN
2023-06-27 12:01:00,41.56,41.56,41.54,41.54,928.0,CIEN
2023-06-27 12:00:00,41.54,41.55,41.53,41.55,1479.0,CIEN
2023-06-27 11:59:00,41.54,41.54,41.53,41.53,657.0,CIEN
2023-06-27 11:58:00,41.548,41.55,41.54,41.541,728.0,CIEN
2023-06-27 11:57:00,41.565,41.565,41.54,41.54,2849.0,CIEN
2023-06-27 11:56:00,41.555,41.56,41.555,41.56,343.0,CIEN
2023-06-27 11:55:00,41.54,41.56,41.54,41.549,2395.0,CIEN
2023-06-27 11:54:00,41.53,41.55,41.53,41.54,1191.0,CIEN
2023-06-27 11:53:00,41.55,41.55,41.52,41.53,1643.0,CIEN
2023-06-27 11:52:00,41.48,41.53,41.48,41.53,1294.0,CIEN
2023-06-27 11:51:00,41.48,41.48,41.48,41.48,338.0,CIEN
2023-06-27 11:50:00,41.45,41.5,41.45,41.5,15488.0,CIEN
2023-06-27 11:49:00,41.435,41.44,41.43,41.44,642.0,CIEN
2023-06-27 11:48:00,41.41,41.415,41.4,41.4,1006.0,CIEN
2023-06-27 11:47:00,41.425,41.425,41.401,41.401,684.0,CIEN
2023-06-27 11:46:00,41.38,41.43,41.38,41.42,712.0,CIEN
2023-06-27 11:45:00,41.37,41.38,41.35,41.38,2065.0,CIEN
2023-06-27 11:44:00,41.35,41.37,41.35,41.37,379.0,CIEN
2023-06-27 11:43:00,41.33,41.35,41.33,41.35,646.0,CIEN
2023-06-27 11:42:00,41.37,41.37,41.35,41.35,1137.0,CIEN
2023-06-27 11:41:00,41.345,41.37,41.345,41.37,1367.0,CIEN
2023-06-27 11:40:00,41.33,41.345,41.33,41.345,2439.0,CIEN
2023-06-27 11:39:00,41.34,41.34,41.33,41.33,3498.0,CIEN
2023-06-27 11:38:00,41.34,41.34,41.32,41.32,930.0,CIEN
2023-06-27 11:37:00,41.345,41.358,41.34,41.34,3089.0,CIEN
2023-06-27 11:36:00,41.33,41.35,41.33,41.35,1296.0,CIEN
2023-06-27 11:35:00,41.35,41.35,41.32,41.325,1955.0,CIEN
2023-06-27 11:34:00,41.37,41.38,41.36,41.36,1569.0,CIEN
2023-06-27 11:33:00,41.388,41.388,41.36,41.37,1127.0,CIEN
2023-06-27 11:32:00,41.39,41.39,41.38,41.38,554.0,CIEN
2023-06-27 11:31:00,41.411,41.411,41.39,41.39,4604.0,CIEN
2023-06-27 11:30:00,41.4,41.42,41.4,41.42,388.0,CIEN
2023-06-27 11:29:00,41.38,41.38,41.38,41.38,295.0,CIEN
2023-06-27 11:28:00,41.34,41.38,41.34,41.38,2865.0,CIEN
2023-06-27 11:27:00,41.325,41.335,41.325,41.335,1040.0,CIEN
2023-06-27 11:26:00,41.34,41.34,41.33,41.33,996.0,CIEN
2023-06-27 11:25:00,41.36,41.365,41.35,41.35,2478.0,CIEN
2023-06-27 11:24:00,41.37,41.375,41.36,41.36,876.0,CIEN
2023-06-27 11:23:00,41.355,41.365,41.355,41.365,418.0,CIEN
2023-06-27 11:22:00,41.38,41.38,41.36,41.36,1126.0,CIEN
2023-06-27 11:21:00,41.335,41.37,41.335,41.37,1237.0,CIEN
2023-06-27 11:20:00,41.34,41.36,41.33,41.34,2163.0,CIEN
2023-06-27 11:19:00,41.33,41.34,41.33,41.34,619.0,CIEN
2023-06-27 11:18:00,41.34,41.34,41.34,41.34,1124.0,CIEN
2023-06-27 11:16:00,41.34,41.34,41.33,41.33,785.0,CIEN
2023-06-27 11:15:00,41.36,41.36,41.34,41.34,631.0,CIEN
2023-06-27 11:14:00,41.36,41.36,41.35,41.36,1723.0,CIEN
2023-06-27 11:13:00,41.33,41.33,41.31,41.32,1923.0,CIEN
2023-06-27 11:12:00,41.31,41.31,41.31,41.31,325.0,CIEN
2023-06-27 11:11:00,41.32,41.325,41.3,41.32,1037.0,CIEN
2023-06-27 11:10:00,41.35,41.35,41.34,41.34,697.0,CIEN
2023-06-27 11:09:00,41.39,41.39,41.37,41.37,1427.0,CIEN
2023-06-27 11:08:00,41.41,41.42,41.4,41.4,6367.0,CIEN
2023-06-27 11:07:00,41.42,41.42,41.41,41.41,550.0,CIEN
2023-06-27 11:06:00,41.35,41.39,41.35,41.39,538.0,CIEN
2023-06-27 11:05:00,41.32,41.33,41.32,41.33,1331.0,CIEN
2023-06-27 11:04:00,41.37,41.37,41.33,41.33,1105.0,CIEN
2023-06-27 11:03:00,41.4,41.4,41.38,41.38,1323.0,CIEN
2023-06-27 11:02:00,41.39,41.405,41.39,41.4,1471.0,CIEN
2023-06-27 11:01:00,41.38,41.4,41.38,41.39,817.0,CIEN
2023-06-27 11:00:00,41.35,41.39,41.35,41.39,1699.0,CIEN
2023-06-27 10:59:00,41.34,41.36,41.34,41.34,1924.0,CIEN
2023-06-27 10:58:00,41.33,41.35,41.33,41.35,1771.0,CIEN
2023-06-27 10:57:00,41.33,41.35,41.33,41.34,1457.0,CIEN
2023-06-27 10:56:00,41.38,41.38,41.37,41.37,1243.0,CIEN
2023-06-27 10:55:00,41.4,41.42,41.38,41.38,2180.0,CIEN
2023-06-27 10:54:00,41.38,41.42,41.37,41.41,2732.0,CIEN
2023-06-27 10:53:00,41.41,41.41,41.36,41.37,1608.0,CIEN
2023-06-27 10:52:00,41.401,41.42,41.4,41.41,2184.0,CIEN
2023-06-27 10:51:00,41.42,41.42,41.4,41.4,1655.0,CIEN
2023-06-27 10:50:00,41.41,41.415,41.4,41.41,2714.0,CIEN
2023-06-27 10:49:00,41.42,41.42,41.42,41.42,518.0,CIEN
2023-06-27 10:48:00,41.35,41.41,41.35,41.41,1097.0,CIEN
2023-06-27 10:47:00,41.36,41.36,41.35,41.35,1094.0,CIEN
2023-06-27 10:46:00,41.335,41.34,41.33,41.34,2360.0,CIEN
2023-06-27 10:45:00,41.29,41.32,41.29,41.31,1250.0,CIEN
2023-06-27 10:44:00,41.235,41.28,41.235,41.28,1718.0,CIEN
2023-06-27 10:43:00,41.27,41.28,41.24,41.24,2488.0,CIEN
2023-06-27 10:42:00,41.28,41.28,41.27,41.27,767.0,CIEN
2023-06-27 10:41:00,41.28,41.3,41.28,41.295,1261.0,CIEN
2023-06-27 10:40:00,41.285,41.29,41.275,41.285,1070.0,CIEN
2023-06-27 10:39:00,41.26,41.288,41.26,41.288,514.0,CIEN
2023-06-27 10:38:00,41.25,41.26,41.25,41.25,1018.0,CIEN
2023-06-27 10:37:00,41.21,41.25,41.21,41.25,952.0,CIEN
2023-06-27 10:36:00,41.199,41.23,41.19,41.22,1958.0,CIEN
2023-06-27 10:35:00,41.2,41.21,41.19,41.2,1008.0,CIEN
2023-06-27 10:34:00,41.21,41.21,41.21,41.21,1400.0,CIEN
2023-06-27 10:33:00,41.15,41.2,41.15,41.2,3672.0,CIEN
2023-06-27 10:32:00,41.2,41.2,41.16,41.162,1739.0,CIEN
2023-06-27 10:31:00,41.18,41.198,41.18,41.19,1568.0,CIEN
2023-06-27 10:30:00,41.18,41.18,41.17,41.18,1308.0,CIEN
2023-06-27 10:29:00,41.18,41.19,41.18,41.18,895.0,CIEN
2023-06-27 10:28:00,41.205,41.21,41.19,41.21,676.0,CIEN
2023-06-27 10:27:00,41.19,41.22,41.19,41.22,854.0,CIEN
2023-06-27 10:26:00,41.16,41.19,41.16,41.19,1497.0,CIEN
2023-06-27 10:25:00,41.2,41.2,41.17,41.17,1286.0,CIEN
2023-06-27 10:24:00,41.26,41.26,41.21,41.21,1754.0,CIEN
2023-06-27 10:23:00,41.22,41.24,41.22,41.24,1132.0,CIEN
2023-06-27 10:22:00,41.16,41.21,41.16,41.201,2411.0,CIEN
2023-06-27 10:21:00,41.156,41.165,41.155,41.165,830.0,CIEN
2023-06-27 10:20:00,41.2,41.2,41.18,41.182,775.0,CIEN
2023-06-27 10:19:00,41.187,41.2,41.18,41.2,1119.0,CIEN
2023-06-27 10:18:00,41.2,41.202,41.18,41.19,899.0,CIEN
2023-06-27 10:17:00,41.142,41.21,41.14,41.21,1993.0,CIEN
2023-06-27 10:16:00,41.14,41.16,41.14,41.15,701.0,CIEN
2023-06-27 10:15:00,41.11,41.15,41.11,41.15,798.0,CIEN
2023-06-27 10:14:00,41.07,41.12,41.07,41.12,633.0,CIEN
2023-06-27 10:13:00,41.045,41.063,41.045,41.06,2167.0,CIEN
2023-06-27 10:12:00,41.04,41.05,41.03,41.045,2236.0,CIEN
2023-06-27 10:11:00,41.05,41.08,41.05,41.06,3159.0,CIEN
2023-06-27 10:10:00,41.12,41.12,41.04,41.04,797.0,CIEN
2023-06-27 10:09:00,41.14,41.14,41.09,41.12,1280.0,CIEN
2023-06-27 10:08:00,41.12,41.14,41.12,41.14,1069.0,CIEN
2023-06-27 10:07:00,41.2,41.2,41.09,41.11,4509.0,CIEN
2023-06-27 10:06:00,41.18,41.19,41.17,41.19,1292.0,CIEN
2023-06-27 10:05:00,41.21,41.21,41.17,41.17,1399.0,CIEN
2023-06-27 10:04:00,41.19,41.23,41.19,41.21,1140.0,CIEN
2023-06-27 10:03:00,41.19,41.2,41.18,41.2,1749.0,CIEN
2023-06-27 10:02:00,41.17,41.2,41.17,41.18,1400.0,CIEN
2023-06-27 10:01:00,41.25,41.25,41.17,41.17,3007.0,CIEN
2023-06-27 10:00:00,41.27,41.3,41.24,41.286,1555.0,CIEN
2023-06-27 09:59:00,41.26,41.26,41.26,41.26,500.0,CIEN
2023-06-27 09:58:00,41.23,41.265,41.23,41.25,1018.0,CIEN
2023-06-27 09:57:00,41.2,41.22,41.2,41.22,340.0,CIEN
2023-06-27 09:56:00,41.17,41.17,41.17,41.17,255.0,CIEN
2023-06-27 09:55:00,41.17,41.17,41.13,41.14,865.0,CIEN
2023-06-27 09:54:00,41.2,41.204,41.17,41.18,1004.0,CIEN
2023-06-27 09:53:00,41.23,41.23,41.22,41.22,1377.0,CIEN
2023-06-27 09:52:00,41.21,41.22,41.21,41.22,754.0,CIEN
2023-06-27 09:51:00,41.16,41.16,41.16,41.16,1327.0,CIEN
2023-06-27 09:50:00,41.13,41.14,41.13,41.13,936.0,CIEN
2023-06-27 09:49:00,41.156,41.156,41.12,41.131,1864.0,CIEN
2023-06-27 09:48:00,41.13,41.16,41.12,41.16,1308.0,CIEN
2023-06-27 09:47:00,41.16,41.17,41.12,41.12,730.0,CIEN
2023-06-27 09:46:00,41.2,41.2,41.19,41.19,655.0,CIEN
2023-06-27 09:45:00,41.22,41.23,41.22,41.23,662.0,CIEN
2023-06-27 09:43:00,41.26,41.26,41.23,41.23,735.0,CIEN
2023-06-27 09:42:00,41.19,41.22,41.19,41.22,1062.0,CIEN
2023-06-27 09:41:00,41.12,41.19,41.12,41.175,1392.0,CIEN
2023-06-27 09:40:00,41.09,41.153,41.09,41.14,1412.0,CIEN
2023-06-27 09:39:00,41.15,41.15,41.1,41.1,734.0,CIEN
2023-06-27 09:38:00,41.14,41.15,41.1,41.15,2202.0,CIEN
2023-06-27 09:37:00,41.06,41.15,41.06,41.14,2372.0,CIEN
2023-06-27 09:36:00,41.065,41.07,41.03,41.04,1253.0,CIEN
2023-06-27 09:35:00,41.12,41.12,41.065,41.065,868.0,CIEN
2023-06-27 09:34:00,41.18,41.18,41.18,41.18,290.0,CIEN
2023-06-27 09:33:00,41.14,41.2,41.14,41.18,2272.0,CIEN
2023-06-27 09:32:00,41.2,41.2,41.13,41.13,1158.0,CIEN
2023-06-27 09:31:00,41.22,41.22,41.17,41.17,785.0,CIEN
2023-06-27 09:30:00,41.24,41.24,41.17,41.17,7831.0,CIEN
2023-06-26 19:00:00,41.17,41.17,41.17,41.17,113259.0,CIEN
2023-06-26 18:30:00,41.17,41.17,41.17,41.17,113259.0,CIEN
2023-06-26 18:29:00,41.03,41.03,41.03,41.03,7.0,CIEN
2023-06-26 17:00:00,41.17,41.17,41.17,41.17,69.0,CIEN
2023-06-26 16:10:00,41.17,41.17,41.17,41.17,113259.0,CIEN
2023-06-26 16:00:00,41.18,41.18,41.17,41.17,260880.0,CIEN
2023-06-26 15:59:00,41.175,41.19,41.15,41.18,36035.0,CIEN
2023-06-26 15:58:00,41.16,41.18,41.16,41.18,14199.0,CIEN
2023-06-26 15:57:00,41.185,41.185,41.15,41.155,12245.0,CIEN
2023-06-26 15:56:00,41.205,41.205,41.18,41.185,8402.0,CIEN
2023-06-26 15:55:00,41.195,41.21,41.185,41.205,7784.0,CIEN
2023-06-26 15:54:00,41.2,41.21,41.18,41.195,8956.0,CIEN
2023-06-26 15:53:00,41.21,41.215,41.19,41.205,9284.0,CIEN
2023-06-26 15:52:00,41.22,41.23,41.215,41.215,6246.0,CIEN
2023-06-26 15:51:00,41.21,41.22,41.2,41.22,6109.0,CIEN
2023-06-26 15:50:00,41.25,41.25,41.22,41.22,8019.0,CIEN
2023-06-26 15:49:00,41.24,41.26,41.235,41.26,7016.0,CIEN
2023-06-26 15:48:00,41.255,41.255,41.235,41.25,5575.0,CIEN
2023-06-26 15:47:00,41.285,41.285,41.255,41.265,9865.0,CIEN
2023-06-26 15:46:00,41.3,41.3,41.28,41.28,3403.0,CIEN
2023-06-26 15:45:00,41.34,41.34,41.3,41.3,4460.0,CIEN
2023-06-26 15:44:00,41.34,41.345,41.34,41.345,1497.0,CIEN
2023-06-26 15:43:00,41.335,41.35,41.335,41.34,3660.0,CIEN
2023-06-26 15:42:00,41.37,41.37,41.34,41.34,1715.0,CIEN
2023-06-26 15:41:00,41.35,41.38,41.35,41.375,5396.0,CIEN
2023-06-26 15:40:00,41.365,41.37,41.35,41.35,9289.0,CIEN
2023-06-26 15:39:00,41.37,41.37,41.36,41.361,3045.0,CIEN
2023-06-26 15:38:00,41.37,41.37,41.365,41.37,3713.0,CIEN
2023-06-26 15:37:00,41.355,41.38,41.355,41.375,3503.0,CIEN
2023-06-26 15:36:00,41.36,41.36,41.357,41.358,546.0,CIEN
2023-06-26 15:35:00,41.335,41.36,41.335,41.355,1777.0,CIEN
2023-06-26 15:34:00,41.35,41.37,41.34,41.34,2894.0,CIEN
2023-06-26 15:33:00,41.355,41.355,41.345,41.345,1103.0,CIEN
2023-06-26 15:32:00,41.34,41.365,41.34,41.35,4139.0,CIEN
2023-06-26 15:31:00,41.31,41.35,41.31,41.35,2170.0,CIEN
2023-06-26 15:30:00,41.315,41.32,41.305,41.31,3284.0,CIEN
2023-06-26 15:29:00,41.325,41.325,41.31,41.315,2933.0,CIEN
2023-06-26 15:28:00,41.34,41.34,41.32,41.33,2890.0,CIEN
2023-06-26 15:27:00,41.33,41.345,41.33,41.345,1627.0,CIEN
2023-06-26 15:26:00,41.32,41.33,41.32,41.325,430.0,CIEN
2023-06-26 15:25:00,41.33,41.34,41.325,41.33,3361.0,CIEN
2023-06-26 15:24:00,41.33,41.34,41.325,41.34,3040.0,CIEN
2023-06-26 15:23:00,41.34,41.34,41.32,41.32,2262.0,CIEN
2023-06-26 15:22:00,41.35,41.35,41.34,41.35,1713.0,CIEN
2023-06-26 15:21:00,41.37,41.37,41.355,41.355,1686.0,CIEN
2023-06-26 15:20:00,41.37,41.37,41.36,41.36,3002.0,CIEN
2023-06-26 15:19:00,41.37,41.37,41.365,41.37,2120.0,CIEN
2023-06-26 15:18:00,41.36,41.38,41.36,41.375,2281.0,CIEN
2023-06-26 15:17:00,41.37,41.37,41.35,41.355,1990.0,CIEN
2023-06-26 15:16:00,41.35,41.36,41.35,41.36,978.0,CIEN
2023-06-26 15:15:00,41.37,41.37,41.355,41.355,2267.0,CIEN
2023-06-26 15:14:00,41.38,41.38,41.365,41.371,2498.0,CIEN
2023-06-26 15:13:00,41.39,41.4,41.385,41.39,2791.0,CIEN
2023-06-26 15:12:00,41.385,41.39,41.385,41.39,864.0,CIEN
2023-06-26 15:11:00,41.39,41.395,41.38,41.39,2224.0,CIEN
2023-06-26 15:10:00,41.4,41.4,41.38,41.385,816.0,CIEN
2023-06-26 15:09:00,41.39,41.4,41.39,41.4,1539.0,CIEN
2023-06-26 15:08:00,41.4,41.4,41.395,41.4,2655.0,CIEN
2023-06-26 15:07:00,41.42,41.42,41.4,41.4,3110.0,CIEN
2023-06-26 15:06:00,41.428,41.428,41.415,41.42,2444.0,CIEN
2023-06-26 15:05:00,41.41,41.42,41.405,41.42,1707.0,CIEN
2023-06-26 15:04:00,41.4,41.41,41.4,41.41,765.0,CIEN
2023-06-26 15:03:00,41.38,41.4,41.38,41.39,2319.0,CIEN
2023-06-26 15:02:00,41.39,41.39,41.38,41.38,576.0,CIEN
2023-06-26 15:00:00,41.375,41.385,41.37,41.38,2037.0,CIEN
2023-06-26 14:59:00,41.38,41.38,41.375,41.375,2306.0,CIEN
2023-06-26 14:58:00,41.37,41.375,41.37,41.375,611.0,CIEN
2023-06-26 14:57:00,41.38,41.38,41.38,41.38,691.0,CIEN
2023-06-26 14:56:00,41.38,41.39,41.38,41.39,1660.0,CIEN
2023-06-26 14:55:00,41.395,41.405,41.39,41.39,3742.0,CIEN
2023-06-26 14:54:00,41.39,41.39,41.39,41.39,1114.0,CIEN
2023-06-26 14:53:00,41.39,41.39,41.37,41.37,1588.0,CIEN
2023-06-26 14:52:00,41.395,41.395,41.395,41.395,200.0,CIEN
2023-06-26 14:51:00,41.41,41.41,41.385,41.39,2100.0,CIEN
2023-06-26 14:50:00,41.4,41.42,41.4,41.42,1438.0,CIEN
2023-06-26 14:49:00,41.39,41.39,41.385,41.39,1036.0,CIEN
2023-06-26 14:48:00,41.4,41.4,41.391,41.4,1126.0,CIEN
2023-06-26 14:47:00,41.4,41.405,41.398,41.405,1932.0,CIEN
2023-06-26 14:46:00,41.39,41.4,41.385,41.4,905.0,CIEN
2023-06-26 14:45:00,41.38,41.39,41.38,41.39,1801.0,CIEN
2023-06-26 14:44:00,41.39,41.39,41.38,41.38,1482.0,CIEN
2023-06-26 14:43:00,41.39,41.39,41.385,41.39,1026.0,CIEN
2023-06-26 14:42:00,41.41,41.41,41.385,41.385,2648.0,CIEN
2023-06-26 14:41:00,41.4,41.41,41.4,41.41,908.0,CIEN
2023-06-26 14:40:00,41.4,41.405,41.39,41.395,1566.0,CIEN
2023-06-26 14:39:00,41.39,41.4,41.39,41.4,1428.0,CIEN
2023-06-26 14:37:00,41.38,41.385,41.371,41.385,1081.0,CIEN
2023-06-26 14:36:00,41.38,41.38,41.375,41.38,1541.0,CIEN
2023-06-26 14:35:00,41.37,41.375,41.37,41.375,573.0,CIEN
2023-06-26 14:34:00,41.35,41.37,41.35,41.37,2347.0,CIEN
2023-06-26 14:33:00,41.345,41.345,41.345,41.345,301.0,CIEN
2023-06-26 14:32:00,41.35,41.355,41.345,41.345,2177.0,CIEN
2023-06-26 14:31:00,41.35,41.355,41.345,41.35,2318.0,CIEN
2023-06-26 14:30:00,41.34,41.35,41.34,41.35,1089.0,CIEN
2023-06-26 14:29:00,41.34,41.351,41.34,41.34,2474.0,CIEN
2023-06-26 14:28:00,41.33,41.335,41.325,41.335,1356.0,CIEN
2023-06-26 14:27:00,41.33,41.33,41.32,41.32,1633.0,CIEN
2023-06-26 14:26:00,41.34,41.34,41.325,41.325,753.0,CIEN
2023-06-26 14:25:00,41.34,41.355,41.34,41.345,3175.0,CIEN
2023-06-26 14:24:00,41.33,41.335,41.33,41.33,486.0,CIEN
2023-06-26 14:23:00,41.34,41.34,41.33,41.33,953.0,CIEN
2023-06-26 14:22:00,41.35,41.359,41.34,41.34,1807.0,CIEN
2023-06-26 14:21:00,41.355,41.355,41.355,41.355,310.0,CIEN
2023-06-26 14:20:00,41.355,41.36,41.34,41.355,2389.0,CIEN
2023-06-26 14:19:00,41.37,41.37,41.35,41.35,414.0,CIEN
2023-06-26 14:18:00,41.36,41.37,41.35,41.37,1680.0,CIEN
2023-06-26 14:17:00,41.35,41.37,41.35,41.37,1920.0,CIEN
2023-06-26 14:16:00,41.36,41.36,41.36,41.36,144.0,CIEN
2023-06-26 14:15:00,41.38,41.38,41.36,41.36,1604.0,CIEN
2023-06-26 14:14:00,41.4,41.41,41.38,41.38,4611.0,CIEN
2023-06-26 14:12:00,41.4,41.405,41.395,41.399,1507.0,CIEN
2023-06-26 14:11:00,41.39,41.41,41.39,41.41,2423.0,CIEN
2023-06-26 14:10:00,41.39,41.39,41.38,41.389,2066.0,CIEN
2023-06-26 14:09:00,41.38,41.39,41.38,41.39,1083.0,CIEN
2023-06-26 14:08:00,41.39,41.39,41.375,41.38,1238.0,CIEN
2023-06-26 14:07:00,41.385,41.39,41.38,41.39,1788.0,CIEN
2023-06-26 14:06:00,41.39,41.39,41.38,41.38,2285.0,CIEN
2023-06-26 14:05:00,41.371,41.4,41.371,41.4,1486.0,CIEN
2023-06-26 14:03:00,41.37,41.375,41.37,41.375,314.0,CIEN
2023-06-26 14:02:00,41.384,41.39,41.37,41.37,2536.0,CIEN
2023-06-26 14:01:00,41.37,41.39,41.37,41.39,2231.0,CIEN
2023-06-26 14:00:00,41.38,41.38,41.365,41.365,717.0,CIEN
2023-06-26 13:59:00,41.4,41.4,41.38,41.39,1275.0,CIEN
2023-06-26 13:58:00,41.39,41.41,41.39,41.41,1347.0,CIEN
2023-06-26 13:57:00,41.37,41.383,41.37,41.383,1612.0,CIEN
2023-06-26 13:56:00,41.37,41.37,41.365,41.37,1302.0,CIEN
2023-06-26 13:55:00,41.39,41.39,41.38,41.38,677.0,CIEN
2023-06-26 13:54:00,41.42,41.42,41.4,41.4,1227.0,CIEN
2023-06-26 13:53:00,41.425,41.43,41.415,41.43,2506.0,CIEN
2023-06-26 13:52:00,41.42,41.425,41.42,41.425,1469.0,CIEN
2023-06-26 13:51:00,41.45,41.45,41.42,41.42,2095.0,CIEN
2023-06-26 13:50:00,41.45,41.45,41.45,41.45,871.0,CIEN
2023-06-26 13:49:00,41.45,41.45,41.45,41.45,326.0,CIEN
2023-06-26 13:48:00,41.46,41.46,41.44,41.44,1128.0,CIEN
2023-06-26 13:47:00,41.45,41.465,41.45,41.465,1471.0,CIEN
2023-06-26 13:46:00,41.45,41.459,41.45,41.459,1234.0,CIEN
2023-06-26 13:45:00,41.435,41.445,41.43,41.445,1537.0,CIEN
2023-06-26 13:44:00,41.44,41.445,41.43,41.43,1153.0,CIEN
2023-06-26 13:43:00,41.41,41.445,41.405,41.445,1877.0,CIEN
2023-06-26 13:42:00,41.415,41.415,41.415,41.415,261.0,CIEN
2023-06-26 13:41:00,41.43,41.43,41.41,41.41,1827.0,CIEN
2023-06-26 13:40:00,41.41,41.45,41.41,41.45,2607.0,CIEN
2023-06-26 13:39:00,41.4,41.409,41.4,41.409,1377.0,CIEN
2023-06-26 13:38:00,41.39,41.4,41.39,41.4,1176.0,CIEN
2023-06-26 13:37:00,41.37,41.38,41.37,41.38,1648.0,CIEN
2023-06-26 13:36:00,41.37,41.37,41.36,41.36,1166.0,CIEN
2023-06-26 13:35:00,41.38,41.39,41.37,41.375,2567.0,CIEN
2023-06-26 13:34:00,41.385,41.385,41.375,41.375,1000.0,CIEN
2023-06-26 13:33:00,41.38,41.38,41.38,41.38,960.0,CIEN
2023-06-26 13:32:00,41.365,41.385,41.365,41.38,1183.0,CIEN
2023-06-26 13:31:00,41.39,41.39,41.37,41.37,1694.0,CIEN
2023-06-26 13:30:00,41.395,41.4,41.395,41.4,1690.0,CIEN
2023-06-26 13:29:00,41.38,41.39,41.38,41.38,1755.0,CIEN
2023-06-26 13:28:00,41.36,41.39,41.36,41.39,2124.0,CIEN
2023-06-26 13:27:00,41.37,41.37,41.35,41.35,819.0,CIEN
2023-06-26 13:26:00,41.37,41.38,41.37,41.37,2835.0,CIEN
2023-06-26 13:25:00,41.39,41.39,41.375,41.375,1311.0,CIEN
2023-06-26 13:24:00,41.43,41.43,41.42,41.42,2398.0,CIEN
2023-06-26 13:23:00,41.455,41.455,41.43,41.43,2061.0,CIEN
2023-06-26 13:22:00,41.45,41.46,41.441,41.454,1918.0,CIEN
2023-06-26 13:21:00,41.43,41.445,41.42,41.445,1706.0,CIEN
2023-06-26 13:20:00,41.44,41.445,41.43,41.43,673.0,CIEN
2023-06-26 13:19:00,41.44,41.44,41.44,41.44,419.0,CIEN
2023-06-26 13:18:00,41.44,41.44,41.42,41.42,2382.0,CIEN
2023-06-26 13:17:00,41.423,41.43,41.42,41.43,819.0,CIEN
2023-06-26 13:16:00,41.399,41.41,41.395,41.41,1423.0,CIEN
2023-06-26 13:15:00,41.38,41.4,41.38,41.39,801.0,CIEN
2023-06-26 13:14:00,41.39,41.39,41.37,41.38,1875.0,CIEN
2023-06-26 13:13:00,41.39,41.395,41.39,41.395,379.0,CIEN
2023-06-26 13:12:00,41.4,41.4,41.4,41.4,898.0,CIEN
2023-06-26 13:11:00,41.36,41.4,41.36,41.4,1186.0,CIEN
2023-06-26 13:10:00,41.37,41.37,41.36,41.36,1936.0,CIEN
2023-06-26 13:09:00,41.4,41.4,41.375,41.375,1263.0,CIEN
2023-06-26 13:08:00,41.4,41.409,41.4,41.409,359.0,CIEN
2023-06-26 13:07:00,41.41,41.41,41.38,41.38,1005.0,CIEN
2023-06-26 13:06:00,41.395,41.41,41.395,41.41,849.0,CIEN
2023-06-26 13:05:00,41.39,41.42,41.39,41.4,1496.0,CIEN
2023-06-26 13:04:00,41.38,41.38,41.37,41.38,1358.0,CIEN
2023-06-26 13:03:00,41.42,41.42,41.39,41.39,2406.0,CIEN
2023-06-26 13:02:00,41.435,41.435,41.411,41.411,1290.0,CIEN
2023-06-26 13:01:00,41.43,41.45,41.43,41.44,1470.0,CIEN
2023-06-26 13:00:00,41.415,41.42,41.414,41.42,642.0,CIEN
2023-06-26 12:59:00,41.42,41.42,41.4,41.405,1341.0,CIEN
2023-06-26 12:58:00,41.41,41.435,41.41,41.43,3269.0,CIEN
2023-06-26 12:57:00,41.41,41.419,41.41,41.419,1165.0,CIEN
2023-06-26 12:56:00,41.395,41.41,41.395,41.41,861.0,CIEN
2023-06-26 12:55:00,41.41,41.41,41.4,41.4,1168.0,CIEN
2023-06-26 12:54:00,41.4,41.41,41.39,41.41,1558.0,CIEN
2023-06-26 12:53:00,41.4,41.4,41.4,41.4,738.0,CIEN
2023-06-26 12:52:00,41.38,41.4,41.38,41.39,1094.0,CIEN
2023-06-26 12:51:00,41.385,41.385,41.37,41.37,912.0,CIEN
2023-06-26 12:50:00,41.39,41.4,41.385,41.385,815.0,CIEN
2023-06-26 12:49:00,41.39,41.39,41.38,41.39,1884.0,CIEN
2023-06-26 12:48:00,41.39,41.409,41.388,41.4,2576.0,CIEN
2023-06-26 12:47:00,41.39,41.39,41.375,41.385,4529.0,CIEN
2023-06-26 12:46:00,41.35,41.38,41.35,41.38,1564.0,CIEN
2023-06-26 12:45:00,41.305,41.34,41.305,41.335,1257.0,CIEN
2023-06-26 12:44:00,41.319,41.319,41.305,41.305,772.0,CIEN
2023-06-26 12:43:00,41.339,41.339,41.31,41.32,1918.0,CIEN
2023-06-26 12:42:00,41.349,41.349,41.33,41.34,727.0,CIEN
2023-06-26 12:41:00,41.33,41.35,41.325,41.34,1421.0,CIEN
2023-06-26 12:40:00,41.37,41.377,41.345,41.345,2066.0,CIEN
2023-06-26 12:39:00,41.37,41.375,41.365,41.375,2024.0,CIEN
2023-06-26 12:38:00,41.39,41.4,41.37,41.37,3155.0,CIEN
2023-06-26 12:37:00,41.41,41.41,41.37,41.38,2455.0,CIEN
2023-06-26 12:36:00,41.4,41.41,41.395,41.41,2486.0,CIEN
2023-06-26 12:35:00,41.36,41.403,41.355,41.403,2666.0,CIEN
2023-06-26 12:34:00,41.375,41.375,41.36,41.365,993.0,CIEN
2023-06-26 12:33:00,41.38,41.405,41.37,41.37,4545.0,CIEN
2023-06-26 12:32:00,41.433,41.436,41.39,41.39,3648.0,CIEN
2023-06-26 12:31:00,41.49,41.49,41.46,41.46,2216.0,CIEN
2023-06-26 12:30:00,41.485,41.49,41.473,41.49,1159.0,CIEN
2023-06-26 12:29:00,41.49,41.5,41.485,41.485,1993.0,CIEN
2023-06-26 12:28:00,41.495,41.5,41.48,41.485,2064.0,CIEN
2023-06-26 12:27:00,41.5,41.5,41.49,41.495,1283.0,CIEN
2023-06-26 12:26:00,41.47,41.5,41.46,41.5,2708.0,CIEN
2023-06-26 12:25:00,41.51,41.51,41.47,41.47,1867.0,CIEN
2023-06-26 12:24:00,41.55,41.55,41.5,41.51,2185.0,CIEN
2023-06-26 12:23:00,41.56,41.56,41.55,41.55,468.0,CIEN
2023-06-26 12:22:00,41.485,41.55,41.485,41.55,2817.0,CIEN
2023-06-26 12:21:00,41.47,41.49,41.47,41.49,1867.0,CIEN
2023-06-26 12:20:00,41.51,41.515,41.48,41.48,2917.0,CIEN
2023-06-26 12:19:00,41.51,41.51,41.5,41.5,2465.0,CIEN
2023-06-26 12:18:00,41.53,41.53,41.51,41.51,1696.0,CIEN
2023-06-26 12:17:00,41.52,41.54,41.52,41.53,3535.0,CIEN
2023-06-26 12:16:00,41.51,41.52,41.49,41.52,2299.0,CIEN
2023-06-26 12:15:00,41.51,41.515,41.51,41.51,1696.0,CIEN
2023-06-26 12:14:00,41.49,41.5,41.49,41.5,1737.0,CIEN
2023-06-26 12:13:00,41.47,41.49,41.47,41.49,2379.0,CIEN
2023-06-26 12:12:00,41.45,41.475,41.435,41.475,10151.0,CIEN
2023-06-26 12:11:00,41.47,41.47,41.452,41.455,1365.0,CIEN
2023-06-26 12:10:00,41.5,41.5,41.46,41.46,2561.0,CIEN
2023-06-26 12:09:00,41.539,41.539,41.51,41.51,606.0,CIEN
2023-06-26 12:08:00,41.52,41.52,41.5,41.51,1172.0,CIEN
2023-06-26 12:07:00,41.54,41.54,41.53,41.535,8760.0,CIEN
2023-06-26 12:06:00,41.55,41.55,41.54,41.55,2714.0,CIEN
2023-06-26 12:05:00,41.61,41.61,41.56,41.56,1577.0,CIEN
2023-06-26 12:04:00,41.635,41.659,41.635,41.635,3162.0,CIEN
2023-06-26 12:03:00,41.64,41.65,41.635,41.635,1575.0,CIEN
2023-06-26 12:02:00,41.67,41.67,41.64,41.65,1888.0,CIEN
2023-06-26 12:01:00,41.69,41.69,41.67,41.675,2510.0,CIEN
2023-06-26 12:00:00,41.67,41.69,41.67,41.68,742.0,CIEN
2023-06-26 11:59:00,41.67,41.67,41.665,41.665,548.0,CIEN
2023-06-26 11:58:00,41.64,41.68,41.64,41.68,2995.0,CIEN
2023-06-26 11:57:00,41.6,41.64,41.6,41.635,8017.0,CIEN
2023-06-26 11:56:00,41.59,41.6,41.58,41.58,2263.0,CIEN
2023-06-26 11:55:00,41.6,41.605,41.585,41.585,1328.0,CIEN
2023-06-26 11:53:00,41.59,41.6,41.57,41.6,2370.0,CIEN
2023-06-26 11:52:00,41.6,41.6,41.595,41.6,510.0,CIEN
2023-06-26 11:51:00,41.595,41.6,41.59,41.6,2225.0,CIEN
2023-06-26 11:50:00,41.58,41.61,41.58,41.6,2021.0,CIEN
2023-06-26 11:49:00,41.58,41.58,41.575,41.58,504.0,CIEN
2023-06-26 11:48:00,41.59,41.6,41.58,41.58,2102.0,CIEN
2023-06-26 11:47:00,41.56,41.6,41.56,41.6,1838.0,CIEN
2023-06-26 11:46:00,41.55,41.55,41.55,41.55,678.0,CIEN
2023-06-26 11:45:00,41.54,41.54,41.53,41.54,2179.0,CIEN
2023-06-26 11:44:00,41.53,41.54,41.53,41.54,1528.0,CIEN
2023-06-26 11:43:00,41.56,41.565,41.51,41.53,16956.0,CIEN
2023-06-26 11:42:00,41.56,41.57,41.56,41.56,1633.0,CIEN
2023-06-26 11:41:00,41.59,41.59,41.54,41.54,1428.0,CIEN
2023-06-26 11:40:00,41.6,41.6,41.6,41.6,665.0,CIEN
2023-06-26 11:39:00,41.59,41.59,41.57,41.59,1149.0,CIEN
2023-06-26 11:38:00,41.64,41.64,41.6,41.6,1936.0,CIEN
2023-06-26 11:37:00,41.62,41.63,41.615,41.63,1819.0,CIEN
2023-06-26 11:36:00,41.615,41.63,41.615,41.63,1160.0,CIEN
2023-06-26 11:35:00,41.61,41.615,41.61,41.615,236.0,CIEN
2023-06-26 11:34:00,41.64,41.645,41.62,41.62,2087.0,CIEN
2023-06-26 11:33:00,41.62,41.637,41.62,41.63,1713.0,CIEN
2023-06-26 11:32:00,41.61,41.63,41.61,41.62,1495.0,CIEN
2023-06-26 11:31:00,41.63,41.64,41.63,41.63,1401.0,CIEN
2023-06-26 11:30:00,41.58,41.62,41.58,41.62,2670.0,CIEN
2023-06-26 11:29:00,41.6,41.6,41.575,41.575,1726.0,CIEN
2023-06-26 11:28:00,41.61,41.615,41.605,41.61,2049.0,CIEN
2023-06-26 11:27:00,41.595,41.615,41.595,41.615,1159.0,CIEN
2023-06-26 11:26:00,41.57,41.58,41.57,41.58,1432.0,CIEN
2023-06-26 11:25:00,41.525,41.57,41.525,41.57,2649.0,CIEN
2023-06-26 11:24:00,41.592,41.595,41.53,41.54,2420.0,CIEN
2023-06-26 11:23:00,41.61,41.61,41.61,41.61,256.0,CIEN
2023-06-26 11:22:00,41.55,41.59,41.55,41.59,2578.0,CIEN
2023-06-26 11:21:00,41.6,41.61,41.532,41.532,2074.0,CIEN
2023-06-26 11:20:00,41.63,41.63,41.61,41.61,1309.0,CIEN
2023-06-26 11:19:00,41.61,41.645,41.61,41.64,1370.0,CIEN
2023-06-26 11:18:00,41.58,41.6,41.58,41.6,3014.0,CIEN
2023-06-26 11:17:00,41.62,41.62,41.57,41.57,1759.0,CIEN
2023-06-26 11:16:00,41.63,41.64,41.6,41.61,3530.0,CIEN
2023-06-26 11:15:00,41.62,41.645,41.62,41.64,4284.0,CIEN
2023-06-26 11:14:00,41.61,41.62,41.61,41.62,831.0,CIEN
2023-06-26 11:13:00,41.6,41.61,41.6,41.61,902.0,CIEN
2023-06-26 11:12:00,41.62,41.62,41.58,41.59,1567.0,CIEN
2023-06-26 11:11:00,41.61,41.63,41.59,41.63,2003.0,CIEN
2023-06-26 11:10:00,41.625,41.64,41.625,41.63,1042.0,CIEN
2023-06-26 11:09:00,41.57,41.6,41.57,41.6,2152.0,CIEN
2023-06-26 11:08:00,41.61,41.61,41.58,41.58,1622.0,CIEN
2023-06-26 11:07:00,41.58,41.606,41.58,41.605,2562.0,CIEN
2023-06-26 11:06:00,41.61,41.62,41.58,41.58,2928.0,CIEN
2023-06-26 11:05:00,41.61,41.61,41.57,41.61,3900.0,CIEN
2023-06-26 11:04:00,41.63,41.63,41.62,41.62,1895.0,CIEN
2023-06-26 11:03:00,41.64,41.64,41.63,41.63,950.0,CIEN
2023-06-26 11:02:00,41.65,41.66,41.64,41.65,3148.0,CIEN
2023-06-26 11:01:00,41.675,41.675,41.65,41.65,2798.0,CIEN
2023-06-26 11:00:00,41.66,41.68,41.66,41.68,1808.0,CIEN
2023-06-26 10:59:00,41.64,41.65,41.64,41.65,1332.0,CIEN
2023-06-26 10:58:00,41.62,41.63,41.61,41.63,1766.0,CIEN
2023-06-26 10:57:00,41.62,41.63,41.617,41.63,1971.0,CIEN
2023-06-26 10:56:00,41.65,41.655,41.63,41.63,1829.0,CIEN
2023-06-26 10:55:00,41.65,41.66,41.63,41.64,1765.0,CIEN
2023-06-26 10:54:00,41.66,41.66,41.66,41.66,441.0,CIEN
2023-06-26 10:53:00,41.71,41.71,41.65,41.65,3049.0,CIEN
2023-06-26 10:52:00,41.72,41.73,41.72,41.73,1334.0,CIEN
2023-06-26 10:51:00,41.685,41.71,41.685,41.71,3240.0,CIEN
2023-06-26 10:50:00,41.675,41.68,41.675,41.68,2399.0,CIEN
2023-06-26 10:49:00,41.67,41.68,41.67,41.67,1354.0,CIEN
2023-06-26 10:48:00,41.67,41.675,41.67,41.67,1151.0,CIEN
2023-06-26 10:47:00,41.66,41.68,41.66,41.68,1803.0,CIEN
2023-06-26 10:46:00,41.64,41.66,41.64,41.66,2104.0,CIEN
2023-06-26 10:45:00,41.62,41.63,41.62,41.63,3673.0,CIEN
2023-06-26 10:44:00,41.615,41.63,41.61,41.63,724.0,CIEN
2023-06-26 10:43:00,41.56,41.62,41.56,41.62,1641.0,CIEN
2023-06-26 10:42:00,41.57,41.58,41.53,41.54,5704.0,CIEN
2023-06-26 10:41:00,41.54,41.57,41.531,41.57,2045.0,CIEN
2023-06-26 10:40:00,41.56,41.56,41.505,41.53,3921.0,CIEN
2023-06-26 10:39:00,41.57,41.58,41.56,41.57,2301.0,CIEN
2023-06-26 10:38:00,41.58,41.59,41.57,41.58,2043.0,CIEN
2023-06-26 10:37:00,41.63,41.63,41.56,41.56,2844.0,CIEN
2023-06-26 10:36:00,41.615,41.65,41.615,41.65,1825.0,CIEN
2023-06-26 10:35:00,41.61,41.62,41.61,41.615,2209.0,CIEN
2023-06-26 10:34:00,41.61,41.61,41.6,41.61,5832.0,CIEN
2023-06-26 10:33:00,41.62,41.62,41.6,41.6,1348.0,CIEN
2023-06-26 10:32:00,41.64,41.66,41.63,41.63,2944.0,CIEN
2023-06-26 10:31:00,41.67,41.68,41.64,41.64,2738.0,CIEN
2023-06-26 10:30:00,41.71,41.71,41.66,41.66,1987.0,CIEN
2023-06-26 10:29:00,41.73,41.73,41.71,41.71,2168.0,CIEN
2023-06-26 10:28:00,41.7,41.74,41.7,41.74,1250.0,CIEN
2023-06-26 10:27:00,41.68,41.69,41.67,41.68,1793.0,CIEN
2023-06-26 10:26:00,41.73,41.73,41.69,41.69,1497.0,CIEN
2023-06-26 10:25:00,41.75,41.76,41.74,41.74,2584.0,CIEN
2023-06-26 10:24:00,41.76,41.77,41.75,41.75,1328.0,CIEN
2023-06-26 10:23:00,41.77,41.77,41.76,41.76,1369.0,CIEN
2023-06-26 10:22:00,41.75,41.78,41.75,41.78,2118.0,CIEN
2023-06-26 10:20:00,41.74,41.77,41.73,41.75,1986.0,CIEN
2023-06-26 10:19:00,41.78,41.78,41.76,41.765,1413.0,CIEN
2023-06-26 10:18:00,41.805,41.82,41.79,41.79,1433.0,CIEN
2023-06-26 10:17:00,41.78,41.8,41.78,41.8,991.0,CIEN
2023-06-26 10:16:00,41.75,41.77,41.74,41.77,2538.0,CIEN
2023-06-26 10:15:00,41.71,41.74,41.705,41.74,886.0,CIEN
2023-06-26 10:14:00,41.75,41.75,41.725,41.725,1918.0,CIEN
2023-06-26 10:13:00,41.73,41.739,41.73,41.739,724.0,CIEN
2023-06-26 10:12:00,41.7,41.72,41.7,41.72,1475.0,CIEN
2023-06-26 10:11:00,41.74,41.76,41.73,41.73,1702.0,CIEN
2023-06-26 10:10:00,41.81,41.81,41.72,41.72,3361.0,CIEN
2023-06-26 10:09:00,41.8,41.84,41.8,41.82,3722.0,CIEN
2023-06-26 10:08:00,41.78,41.795,41.78,41.795,1601.0,CIEN
2023-06-26 10:07:00,41.8,41.815,41.785,41.785,1488.0,CIEN
2023-06-26 10:06:00,41.775,41.835,41.775,41.835,2537.0,CIEN
2023-06-26 10:05:00,41.67,41.8,41.66,41.8,2194.0,CIEN
2023-06-26 10:04:00,41.54,41.66,41.54,41.66,4082.0,CIEN
2023-06-26 10:03:00,41.56,41.57,41.54,41.55,7128.0,CIEN
2023-06-26 10:02:00,41.595,41.61,41.57,41.57,2663.0,CIEN
2023-06-26 10:01:00,41.56,41.595,41.55,41.59,5468.0,CIEN
2023-06-26 10:00:00,41.69,41.69,41.56,41.56,89346.0,CIEN
2023-06-26 09:59:00,41.675,41.69,41.675,41.69,908.0,CIEN
2023-06-26 09:58:00,41.69,41.69,41.66,41.67,1831.0,CIEN
2023-06-26 09:57:00,41.69,41.69,41.67,41.69,4026.0,CIEN
2023-06-26 09:56:00,41.7,41.7,41.67,41.67,1623.0,CIEN
2023-06-26 09:55:00,41.72,41.72,41.69,41.705,1891.0,CIEN
2023-06-26 09:54:00,41.678,41.72,41.63,41.7,5117.0,CIEN
2023-06-26 09:53:00,41.7,41.73,41.67,41.67,2986.0,CIEN
2023-06-26 09:52:00,41.7,41.71,41.68,41.68,1508.0,CIEN
2023-06-26 09:51:00,41.61,41.686,41.61,41.686,3855.0,CIEN
2023-06-26 09:50:00,41.56,41.6,41.56,41.6,1828.0,CIEN
2023-06-26 09:49:00,41.58,41.58,41.56,41.56,1597.0,CIEN
2023-06-26 09:48:00,41.57,41.57,41.55,41.57,1993.0,CIEN
2023-06-26 09:47:00,41.57,41.6,41.57,41.58,3960.0,CIEN
2023-06-26 09:46:00,41.58,41.59,41.575,41.59,2661.0,CIEN
2023-06-26 09:45:00,41.58,41.59,41.56,41.58,1479.0,CIEN
2023-06-26 09:44:00,41.58,41.58,41.572,41.572,1485.0,CIEN
2023-06-26 09:43:00,41.57,41.57,41.57,41.57,179.0,CIEN
2023-06-26 09:42:00,41.545,41.57,41.545,41.57,887.0,CIEN
2023-06-26 09:41:00,41.485,41.52,41.485,41.515,1892.0,CIEN
2023-06-26 09:40:00,41.5,41.55,41.5,41.5,2539.0,CIEN
2023-06-26 09:39:00,41.47,41.51,41.47,41.5,814.0,CIEN
2023-06-26 09:38:00,41.41,41.47,41.38,41.47,2500.0,CIEN
2023-06-26 09:37:00,41.38,41.44,41.37,41.426,4093.0,CIEN
2023-06-26 09:36:00,41.32,41.37,41.3,41.35,6719.0,CIEN
2023-06-26 09:35:00,41.29,41.3,41.275,41.29,1650.0,CIEN
2023-06-26 09:33:00,41.24,41.27,41.24,41.24,1779.0,CIEN
2023-06-26 09:32:00,41.12,41.26,41.12,41.24,1083.0,CIEN
2023-06-26 09:30:00,41.08,41.14,41.08,41.14,9057.0,CIEN
2023-06-26 08:17:00,41.0,41.0,41.0,41.0,121.0,CIEN
2023-06-26 08:03:00,41.0,41.0,41.0,41.0,40.0,CIEN
2023-06-26 04:30:00,41.01,41.01,41.0,41.0,3.0,CIEN
2023-06-23 19:53:00,41.08,41.08,41.08,41.08,1.0,CIEN
2023-06-23 19:27:00,40.8,40.8,40.8,40.8,46.0,CIEN
2023-06-23 19:00:00,41.02,41.02,41.02,41.02,492700.0,CIEN
2023-06-23 18:30:00,41.02,41.02,41.02,41.02,492700.0,CIEN
2023-06-23 17:54:00,41.15,41.15,41.15,41.15,2.0,CIEN
2023-06-23 17:02:00,41.02,41.02,41.02,41.02,10.0,CIEN
2023-06-23 17:00:00,41.02,41.02,41.02,41.02,6.0,CIEN
2023-06-23 16:15:00,41.02,41.02,41.02,41.02,52502.0,CIEN
2023-06-23 16:13:00,41.19,41.19,41.19,41.19,2.0,CIEN
2023-06-23 16:12:00,41.02,41.02,41.02,41.02,1665.0,CIEN
2023-06-23 16:11:00,41.021,41.021,41.021,41.021,592.0,CIEN
2023-06-23 16:10:00,41.02,41.02,41.02,41.02,492700.0,CIEN
2023-06-23 16:09:00,40.74,40.74,40.74,40.74,1.0,CIEN
2023-06-23 16:08:00,41.02,41.02,41.02,41.02,18.0,CIEN
2023-06-23 16:07:00,41.02,41.02,40.711,40.712,2798.0,CIEN
2023-06-23 16:06:00,41.02,41.02,41.02,41.02,1537.0,CIEN
2023-06-23 16:04:00,41.019,41.022,41.019,41.02,193362.0,CIEN
2023-06-23 16:03:00,41.019,41.024,41.019,41.024,7832.0,CIEN
2023-06-23 16:02:00,41.02,41.02,41.02,41.02,260.0,CIEN
2023-06-23 16:00:00,41.02,41.02,41.015,41.02,1010334.0,CIEN
2023-06-23 15:59:00,41.0,41.04,40.995,41.02,55883.0,CIEN
2023-06-23 15:58:00,41.02,41.04,40.99,40.995,25771.0,CIEN
2023-06-23 15:57:00,41.02,41.03,41.0,41.02,16689.0,CIEN
2023-06-23 15:56:00,41.06,41.06,41.02,41.02,24985.0,CIEN
2023-06-23 15:55:00,41.01,41.07,41.01,41.06,20646.0,CIEN
2023-06-23 15:54:00,41.045,41.055,41.005,41.005,13827.0,CIEN
2023-06-23 15:53:00,41.07,41.075,41.04,41.04,9202.0,CIEN
2023-06-23 15:52:00,41.05,41.07,41.03,41.07,11055.0,CIEN
2023-06-23 15:51:00,41.01,41.06,41.005,41.05,21395.0,CIEN
2023-06-23 15:50:00,41.05,41.05,41.01,41.01,22479.0,CIEN
2023-06-23 15:49:00,41.0,41.06,41.0,41.06,16853.0,CIEN
2023-06-23 15:48:00,40.985,41.0,40.98,41.0,2195.0,CIEN
2023-06-23 15:47:00,40.97,40.98,40.94,40.98,3713.0,CIEN
2023-06-23 15:46:00,40.975,40.981,40.95,40.98,11523.0,CIEN
2023-06-23 15:45:00,40.96,40.98,40.945,40.975,6827.0,CIEN
2023-06-23 15:44:00,40.94,40.97,40.94,40.96,5285.0,CIEN
2023-06-23 15:43:00,40.94,40.94,40.925,40.93,6735.0,CIEN
2023-06-23 15:42:00,40.93,40.95,40.925,40.95,2696.0,CIEN
2023-06-23 15:41:00,40.955,40.96,40.93,40.93,9998.0,CIEN
2023-06-23 15:40:00,40.985,40.985,40.951,40.951,4937.0,CIEN
2023-06-23 15:39:00,40.97,40.99,40.96,40.99,6184.0,CIEN
2023-06-23 15:38:00,40.985,40.987,40.97,40.98,1868.0,CIEN
2023-06-23 15:37:00,41.015,41.015,40.975,40.99,22365.0,CIEN
2023-06-23 15:36:00,41.03,41.03,41.014,41.015,4707.0,CIEN
2023-06-23 15:35:00,41.035,41.035,41.01,41.02,2947.0,CIEN
2023-06-23 15:34:00,41.02,41.04,41.02,41.04,2519.0,CIEN
2023-06-23 15:33:00,41.04,41.04,41.02,41.025,5140.0,CIEN
2023-06-23 15:32:00,41.04,41.06,41.04,41.05,5530.0,CIEN
2023-06-23 15:31:00,41.03,41.04,41.03,41.035,2650.0,CIEN
2023-06-23 15:30:00,41.025,41.03,41.01,41.02,3525.0,CIEN
2023-06-23 15:29:00,41.02,41.025,41.01,41.02,5757.0,CIEN
2023-06-23 15:28:00,41.02,41.02,41.01,41.015,2063.0,CIEN
2023-06-23 15:27:00,41.025,41.03,41.017,41.02,3308.0,CIEN
2023-06-23 15:26:00,41.03,41.03,41.02,41.02,2699.0,CIEN
2023-06-23 15:25:00,41.03,41.03,41.02,41.03,3139.0,CIEN
2023-06-23 15:24:00,41.035,41.035,41.025,41.025,1268.0,CIEN
2023-06-23 15:23:00,41.02,41.04,41.01,41.035,3288.0,CIEN
2023-06-23 15:22:00,41.04,41.04,41.03,41.03,766.0,CIEN
2023-06-23 15:21:00,41.045,41.05,41.03,41.03,3606.0,CIEN
2023-06-23 15:20:00,41.07,41.07,41.04,41.04,3097.0,CIEN
2023-06-23 15:19:00,41.078,41.086,41.065,41.075,3807.0,CIEN
2023-06-23 15:18:00,41.07,41.08,41.07,41.08,1974.0,CIEN
2023-06-23 15:17:00,41.06,41.06,41.06,41.06,208.0,CIEN
2023-06-23 15:16:00,41.08,41.08,41.06,41.065,4061.0,CIEN
2023-06-23 15:15:00,41.07,41.08,41.07,41.075,2697.0,CIEN
2023-06-23 15:14:00,41.07,41.085,41.05,41.08,3800.0,CIEN
2023-06-23 15:13:00,41.085,41.085,41.08,41.08,1630.0,CIEN
2023-06-23 15:12:00,41.075,41.08,41.075,41.08,744.0,CIEN
2023-06-23 15:11:00,41.085,41.085,41.07,41.07,6447.0,CIEN
2023-06-23 15:10:00,41.08,41.09,41.08,41.087,2787.0,CIEN
2023-06-23 15:09:00,41.051,41.075,41.051,41.075,1247.0,CIEN
2023-06-23 15:08:00,41.075,41.075,41.04,41.04,2548.0,CIEN
2023-06-23 15:07:00,41.065,41.075,41.05,41.075,4698.0,CIEN
2023-06-23 15:06:00,41.06,41.065,41.06,41.065,1199.0,CIEN
2023-06-23 15:05:00,41.05,41.055,41.05,41.055,769.0,CIEN
2023-06-23 15:04:00,41.05,41.05,41.03,41.03,3036.0,CIEN
2023-06-23 15:03:00,41.025,41.05,41.025,41.045,2141.0,CIEN
2023-06-23 15:02:00,40.99,41.02,40.99,41.02,7428.0,CIEN
2023-06-23 15:01:00,40.99,41.02,40.98,40.98,4699.0,CIEN
2023-06-23 15:00:00,41.05,41.055,41.0,41.0,12380.0,CIEN
2023-06-23 14:59:00,41.07,41.08,41.06,41.06,2071.0,CIEN
2023-06-23 14:58:00,41.065,41.075,41.065,41.075,1206.0,CIEN
2023-06-23 14:57:00,41.095,41.095,41.06,41.07,7432.0,CIEN
2023-06-23 14:56:00,41.085,41.1,41.085,41.095,4228.0,CIEN
2023-06-23 14:55:00,41.06,41.08,41.06,41.08,1271.0,CIEN
2023-06-23 14:54:00,41.06,41.07,41.06,41.07,315.0,CIEN
2023-06-23 14:53:00,41.07,41.07,41.055,41.06,2149.0,CIEN
2023-06-23 14:52:00,41.05,41.08,41.05,41.07,4042.0,CIEN
2023-06-23 14:51:00,41.045,41.05,41.04,41.05,2941.0,CIEN
2023-06-23 14:50:00,41.035,41.055,41.03,41.045,2488.0,CIEN
2023-06-23 14:49:00,40.98,41.02,40.98,41.02,5687.0,CIEN
2023-06-23 14:48:00,40.97,40.98,40.965,40.98,1902.0,CIEN
2023-06-23 14:47:00,40.999,41.01,40.98,40.98,3655.0,CIEN
2023-06-23 14:46:00,40.96,41.0,40.96,41.0,2942.0,CIEN
2023-06-23 14:45:00,41.02,41.02,40.97,40.97,10685.0,CIEN
2023-06-23 14:44:00,41.04,41.04,41.02,41.02,1913.0,CIEN
2023-06-23 14:43:00,41.05,41.05,41.05,41.05,1710.0,CIEN
2023-06-23 14:42:00,41.07,41.07,41.059,41.059,1929.0,CIEN
2023-06-23 14:41:00,41.06,41.07,41.06,41.07,3785.0,CIEN
2023-06-23 14:40:00,41.065,41.065,41.05,41.06,2403.0,CIEN
2023-06-23 14:39:00,41.07,41.075,41.07,41.07,536.0,CIEN
2023-06-23 14:38:00,41.1,41.105,41.07,41.08,4445.0,CIEN
2023-06-23 14:37:00,41.125,41.125,41.105,41.105,2003.0,CIEN
2023-06-23 14:36:00,41.15,41.15,41.125,41.13,4215.0,CIEN
2023-06-23 14:35:00,41.145,41.15,41.145,41.15,1202.0,CIEN
2023-06-23 14:34:00,41.14,41.14,41.14,41.14,688.0,CIEN
2023-06-23 14:33:00,41.145,41.145,41.14,41.145,2936.0,CIEN
2023-06-23 14:32:00,41.13,41.15,41.13,41.15,2662.0,CIEN
2023-06-23 14:31:00,41.12,41.135,41.12,41.135,2338.0,CIEN
2023-06-23 14:30:00,41.14,41.14,41.12,41.12,1923.0,CIEN
2023-06-23 14:29:00,41.15,41.15,41.14,41.14,1774.0,CIEN
2023-06-23 14:28:00,41.149,41.16,41.149,41.155,1151.0,CIEN
2023-06-23 14:27:00,41.15,41.15,41.14,41.145,4248.0,CIEN
2023-06-23 14:26:00,41.185,41.19,41.16,41.165,3557.0,CIEN
2023-06-23 14:25:00,41.2,41.2,41.19,41.19,2565.0,CIEN
2023-06-23 14:24:00,41.218,41.225,41.2,41.205,3265.0,CIEN
2023-06-23 14:23:00,41.2,41.225,41.195,41.2,3485.0,CIEN
2023-06-23 14:22:00,41.19,41.195,41.19,41.195,1110.0,CIEN
2023-06-23 14:21:00,41.17,41.19,41.165,41.19,1186.0,CIEN
2023-06-23 14:20:00,41.15,41.17,41.15,41.17,1106.0,CIEN
2023-06-23 14:19:00,41.17,41.17,41.15,41.15,4135.0,CIEN
2023-06-23 14:18:00,41.17,41.17,41.16,41.17,3285.0,CIEN
2023-06-23 14:17:00,41.17,41.18,41.17,41.17,1586.0,CIEN
2023-06-23 14:16:00,41.15,41.165,41.145,41.165,2691.0,CIEN
2023-06-23 14:15:00,41.15,41.16,41.15,41.15,2670.0,CIEN
2023-06-23 14:14:00,41.14,41.155,41.14,41.155,2190.0,CIEN
2023-06-23 14:13:00,41.12,41.14,41.12,41.13,1603.0,CIEN
2023-06-23 14:12:00,41.12,41.12,41.11,41.11,1887.0,CIEN
2023-06-23 14:11:00,41.15,41.15,41.125,41.125,2523.0,CIEN
2023-06-23 14:10:00,41.14,41.155,41.14,41.155,3412.0,CIEN
2023-06-23 14:09:00,41.14,41.14,41.14,41.14,113.0,CIEN
2023-06-23 14:08:00,41.13,41.15,41.13,41.14,3754.0,CIEN
2023-06-23 14:07:00,41.155,41.155,41.14,41.14,3943.0,CIEN
2023-06-23 14:06:00,41.17,41.17,41.15,41.15,920.0,CIEN
2023-06-23 14:05:00,41.2,41.2,41.175,41.175,3304.0,CIEN
2023-06-23 14:04:00,41.21,41.22,41.195,41.2,6554.0,CIEN
2023-06-23 14:03:00,41.21,41.22,41.195,41.22,1272.0,CIEN
2023-06-23 14:02:00,41.22,41.22,41.195,41.21,5543.0,CIEN
2023-06-23 14:01:00,41.195,41.235,41.195,41.23,5380.0,CIEN
2023-06-23 14:00:00,41.2,41.2,41.19,41.19,989.0,CIEN
2023-06-23 13:59:00,41.18,41.18,41.18,41.18,1001.0,CIEN
2023-06-23 13:58:00,41.185,41.19,41.185,41.185,1000.0,CIEN
2023-06-23 13:57:00,41.21,41.21,41.19,41.19,2661.0,CIEN
2023-06-23 13:56:00,41.2,41.215,41.2,41.2,3712.0,CIEN
2023-06-23 13:55:00,41.19,41.19,41.19,41.19,986.0,CIEN
2023-06-23 13:54:00,41.185,41.185,41.185,41.185,253.0,CIEN
2023-06-23 13:53:00,41.185,41.19,41.185,41.19,1465.0,CIEN
2023-06-23 13:52:00,41.185,41.185,41.185,41.185,242.0,CIEN
2023-06-23 13:51:00,41.255,41.255,41.2,41.2,2548.0,CIEN
2023-06-23 13:49:00,41.28,41.28,41.25,41.251,1811.0,CIEN
2023-06-23 13:48:00,41.27,41.3,41.27,41.28,2561.0,CIEN
2023-06-23 13:47:00,41.285,41.29,41.27,41.27,5737.0,CIEN
2023-06-23 13:46:00,41.28,41.28,41.28,41.28,765.0,CIEN
2023-06-23 13:45:00,41.27,41.28,41.27,41.27,2031.0,CIEN
2023-06-23 13:44:00,41.29,41.29,41.28,41.28,2393.0,CIEN
2023-06-23 13:43:00,41.28,41.28,41.28,41.28,460.0,CIEN
2023-06-23 13:42:00,41.29,41.29,41.29,41.29,2998.0,CIEN
2023-06-23 13:41:00,41.32,41.325,41.3,41.3,1848.0,CIEN
2023-06-23 13:40:00,41.33,41.33,41.31,41.31,1902.0,CIEN
2023-06-23 13:39:00,41.31,41.32,41.31,41.32,1118.0,CIEN
2023-06-23 13:38:00,41.31,41.31,41.31,41.31,618.0,CIEN
2023-06-23 13:37:00,41.3,41.33,41.3,41.33,2154.0,CIEN
2023-06-23 13:36:00,41.31,41.31,41.3,41.3,2558.0,CIEN
2023-06-23 13:35:00,41.32,41.325,41.315,41.32,1129.0,CIEN
2023-06-23 13:34:00,41.31,41.31,41.31,41.31,223.0,CIEN
2023-06-23 13:33:00,41.34,41.34,41.32,41.32,1609.0,CIEN
2023-06-23 13:32:00,41.33,41.36,41.33,41.35,2958.0,CIEN
2023-06-23 13:31:00,41.335,41.335,41.325,41.325,2858.0,CIEN
2023-06-23 13:30:00,41.32,41.33,41.32,41.33,1419.0,CIEN
2023-06-23 13:29:00,41.3,41.32,41.3,41.32,1733.0,CIEN
2023-06-23 13:28:00,41.31,41.31,41.282,41.29,5507.0,CIEN
2023-06-23 13:27:00,41.335,41.335,41.32,41.32,2584.0,CIEN
2023-06-23 13:26:00,41.34,41.34,41.33,41.333,2477.0,CIEN
2023-06-23 13:25:00,41.34,41.345,41.33,41.345,3938.0,CIEN
2023-06-23 13:24:00,41.34,41.34,41.34,41.34,1545.0,CIEN
2023-06-23 13:23:00,41.33,41.345,41.33,41.345,5233.0,CIEN
2023-06-23 13:22:00,41.32,41.33,41.32,41.33,12753.0,CIEN
2023-06-23 13:21:00,41.3,41.33,41.3,41.33,10461.0,CIEN
2023-06-23 13:20:00,41.285,41.3,41.285,41.3,1741.0,CIEN
2023-06-23 13:19:00,41.27,41.28,41.27,41.28,6479.0,CIEN
2023-06-23 13:18:00,41.229,41.27,41.228,41.27,5791.0,CIEN
2023-06-23 13:17:00,41.23,41.23,41.225,41.225,391.0,CIEN
2023-06-23 13:16:00,41.215,41.23,41.215,41.23,1382.0,CIEN
2023-06-23 13:15:00,41.22,41.225,41.21,41.215,4091.0,CIEN
2023-06-23 13:14:00,41.205,41.21,41.205,41.21,378.0,CIEN
2023-06-23 13:13:00,41.2,41.21,41.2,41.21,1807.0,CIEN
2023-06-23 13:12:00,41.19,41.19,41.19,41.19,390.0,CIEN
2023-06-23 13:11:00,41.18,41.19,41.18,41.18,1241.0,CIEN
2023-06-23 13:10:00,41.17,41.18,41.15,41.18,3387.0,CIEN
2023-06-23 13:09:00,41.15,41.17,41.15,41.17,2192.0,CIEN
2023-06-23 13:08:00,41.19,41.2,41.165,41.165,3013.0,CIEN
2023-06-23 13:07:00,41.19,41.21,41.18,41.21,7950.0,CIEN
2023-06-23 13:06:00,41.19,41.195,41.17,41.195,5205.0,CIEN
2023-06-23 13:05:00,41.19,41.195,41.18,41.195,825.0,CIEN
2023-06-23 13:04:00,41.2,41.2,41.19,41.19,838.0,CIEN
2023-06-23 13:03:00,41.18,41.19,41.17,41.18,2020.0,CIEN
2023-06-23 13:02:00,41.18,41.195,41.175,41.175,4268.0,CIEN
2023-06-23 13:01:00,41.18,41.18,41.18,41.18,622.0,CIEN
2023-06-23 13:00:00,41.185,41.185,41.175,41.175,1742.0,CIEN
2023-06-23 12:59:00,41.18,41.19,41.18,41.18,2739.0,CIEN
2023-06-23 12:58:00,41.17,41.175,41.16,41.175,2009.0,CIEN
2023-06-23 12:57:00,41.18,41.18,41.173,41.173,1329.0,CIEN
2023-06-23 12:56:00,41.15,41.16,41.15,41.16,760.0,CIEN
2023-06-23 12:55:00,41.15,41.155,41.15,41.155,755.0,CIEN
2023-06-23 12:54:00,41.17,41.17,41.16,41.16,3509.0,CIEN
2023-06-23 12:53:00,41.17,41.17,41.17,41.17,331.0,CIEN
2023-06-23 12:52:00,41.18,41.18,41.18,41.18,650.0,CIEN
2023-06-23 12:51:00,41.14,41.15,41.14,41.15,1814.0,CIEN
2023-06-23 12:50:00,41.18,41.18,41.15,41.15,3137.0,CIEN
2023-06-23 12:49:00,41.16,41.18,41.16,41.18,1381.0,CIEN
2023-06-23 12:48:00,41.14,41.15,41.14,41.15,530.0,CIEN
2023-06-23 12:47:00,41.14,41.14,41.135,41.135,991.0,CIEN
2023-06-23 12:46:00,41.15,41.15,41.145,41.145,1078.0,CIEN
2023-06-23 12:45:00,41.15,41.16,41.15,41.15,1088.0,CIEN
2023-06-23 12:44:00,41.14,41.14,41.13,41.13,1062.0,CIEN
2023-06-23 12:43:00,41.14,41.14,41.13,41.13,1478.0,CIEN
2023-06-23 12:42:00,41.16,41.16,41.145,41.145,2614.0,CIEN
2023-06-23 12:41:00,41.14,41.16,41.14,41.16,871.0,CIEN
2023-06-23 12:40:00,41.125,41.14,41.125,41.13,2006.0,CIEN
2023-06-23 12:39:00,41.12,41.13,41.12,41.13,1372.0,CIEN
2023-06-23 12:37:00,41.1,41.11,41.09,41.11,2409.0,CIEN
2023-06-23 12:36:00,41.11,41.11,41.1,41.1,865.0,CIEN
2023-06-23 12:35:00,41.1,41.11,41.1,41.11,1915.0,CIEN
2023-06-23 12:34:00,41.17,41.17,41.1,41.12,6120.0,CIEN
2023-06-23 12:33:00,41.15,41.19,41.15,41.17,3733.0,CIEN
2023-06-23 12:32:00,41.14,41.141,41.14,41.14,1275.0,CIEN
2023-06-23 12:31:00,41.13,41.135,41.13,41.135,418.0,CIEN
2023-06-23 12:30:00,41.14,41.14,41.13,41.13,4500.0,CIEN
2023-06-23 12:29:00,41.12,41.14,41.12,41.14,2090.0,CIEN
2023-06-23 12:28:00,41.11,41.12,41.11,41.12,973.0,CIEN
2023-06-23 12:27:00,41.1,41.11,41.1,41.11,1559.0,CIEN
2023-06-23 12:26:00,41.14,41.14,41.1,41.1,1165.0,CIEN
2023-06-23 12:25:00,41.13,41.145,41.13,41.141,1296.0,CIEN
2023-06-23 12:24:00,41.11,41.12,41.11,41.12,2153.0,CIEN
2023-06-23 12:23:00,41.173,41.173,41.11,41.11,4334.0,CIEN
2023-06-23 12:22:00,41.175,41.18,41.175,41.18,1935.0,CIEN
2023-06-23 12:21:00,41.16,41.17,41.155,41.16,3523.0,CIEN
2023-06-23 12:20:00,41.2,41.2,41.16,41.161,4775.0,CIEN
2023-06-23 12:19:00,41.185,41.21,41.185,41.19,3777.0,CIEN
2023-06-23 12:18:00,41.185,41.19,41.185,41.19,1114.0,CIEN
2023-06-23 12:17:00,41.2,41.2,41.16,41.18,5219.0,CIEN
2023-06-23 12:16:00,41.16,41.19,41.16,41.19,2668.0,CIEN
2023-06-23 12:15:00,41.13,41.16,41.125,41.13,5435.0,CIEN
2023-06-23 12:14:00,41.128,41.15,41.128,41.14,5705.0,CIEN
2023-06-23 12:13:00,41.1,41.13,41.1,41.13,4350.0,CIEN
2023-06-23 12:12:00,41.08,41.1,41.08,41.095,2699.0,CIEN
2023-06-23 12:11:00,41.05,41.08,41.05,41.08,18579.0,CIEN
2023-06-23 12:10:00,41.04,41.04,41.035,41.04,1520.0,CIEN
2023-06-23 12:09:00,41.045,41.05,41.03,41.04,5435.0,CIEN
2023-06-23 12:08:00,41.045,41.05,41.04,41.04,5433.0,CIEN
2023-06-23 12:07:00,41.04,41.05,41.04,41.04,3513.0,CIEN
2023-06-23 12:06:00,41.045,41.05,41.03,41.04,10368.0,CIEN
2023-06-23 12:05:00,41.04,41.04,41.04,41.04,3406.0,CIEN
2023-06-23 12:04:00,41.04,41.04,41.03,41.033,1293.0,CIEN
2023-06-23 12:03:00,41.03,41.05,41.03,41.04,809.0,CIEN
2023-06-23 12:02:00,41.06,41.06,41.02,41.03,3314.0,CIEN
2023-06-23 12:01:00,41.04,41.06,41.04,41.06,1965.0,CIEN
2023-06-23 12:00:00,41.03,41.04,41.02,41.04,3627.0,CIEN
2023-06-23 11:59:00,40.99,41.02,40.99,41.02,1735.0,CIEN
2023-06-23 11:58:00,40.98,40.98,40.98,40.98,422.0,CIEN
2023-06-23 11:57:00,40.99,40.99,40.97,40.99,1199.0,CIEN
2023-06-23 11:56:00,40.97,40.99,40.97,40.99,1796.0,CIEN
2023-06-23 11:55:00,40.98,40.985,40.96,40.96,3388.0,CIEN
2023-06-23 11:54:00,40.97,40.976,40.96,40.976,1143.0,CIEN
2023-06-23 11:53:00,40.985,40.985,40.97,40.97,1959.0,CIEN
2023-06-23 11:52:00,40.97,40.98,40.96,40.98,2529.0,CIEN
2023-06-23 11:51:00,40.98,40.98,40.97,40.97,1806.0,CIEN
2023-06-23 11:50:00,40.99,40.99,40.97,40.98,3768.0,CIEN
2023-06-23 11:49:00,40.995,40.995,40.98,40.98,4203.0,CIEN
2023-06-23 11:48:00,40.99,41.0,40.99,41.0,812.0,CIEN
2023-06-23 11:47:00,40.99,40.99,40.99,40.99,2304.0,CIEN
2023-06-23 11:46:00,40.99,40.99,40.98,40.98,2056.0,CIEN
2023-06-23 11:45:00,41.0,41.0,40.99,40.99,492.0,CIEN
2023-06-23 11:44:00,40.995,40.995,40.98,40.98,3328.0,CIEN
2023-06-23 11:43:00,40.99,41.0,40.98,40.99,3190.0,CIEN
2023-06-23 11:42:00,40.98,40.99,40.975,40.99,4634.0,CIEN
2023-06-23 11:41:00,40.968,40.985,40.96,40.98,1566.0,CIEN
2023-06-23 11:40:00,40.97,40.98,40.97,40.97,1741.0,CIEN
2023-06-23 11:39:00,40.99,40.99,40.96,40.96,3711.0,CIEN
2023-06-23 11:38:00,40.99,41.0,40.98,40.98,2925.0,CIEN
2023-06-23 11:37:00,40.975,40.99,40.97,40.985,3017.0,CIEN
2023-06-23 11:36:00,40.96,40.97,40.96,40.97,1210.0,CIEN
2023-06-23 11:35:00,40.948,40.95,40.91,40.94,5086.0,CIEN
2023-06-23 11:34:00,40.92,40.945,40.92,40.945,1891.0,CIEN
2023-06-23 11:33:00,40.9,40.91,40.89,40.91,3048.0,CIEN
2023-06-23 11:32:00,40.92,40.92,40.91,40.91,1308.0,CIEN
2023-06-23 11:31:00,40.92,40.92,40.91,40.92,2611.0,CIEN
2023-06-23 11:30:00,40.91,40.91,40.89,40.91,3349.0,CIEN
2023-06-23 11:29:00,40.89,40.9,40.89,40.9,3475.0,CIEN
2023-06-23 11:28:00,40.87,40.88,40.845,40.88,4561.0,CIEN
2023-06-23 11:27:00,40.9,40.905,40.88,40.88,14949.0,CIEN
2023-06-23 11:26:00,40.93,40.94,40.91,40.91,2056.0,CIEN
2023-06-23 11:25:00,40.95,40.95,40.92,40.93,4653.0,CIEN
2023-06-23 11:24:00,40.98,40.98,40.95,40.96,2716.0,CIEN
2023-06-23 11:23:00,40.935,40.98,40.935,40.97,3198.0,CIEN
2023-06-23 11:22:00,40.91,40.93,40.91,40.93,1949.0,CIEN
2023-06-23 11:21:00,40.935,40.935,40.91,40.91,5623.0,CIEN
2023-06-23 11:20:00,40.96,40.965,40.93,40.94,4740.0,CIEN
2023-06-23 11:19:00,40.99,40.99,40.95,40.95,6277.0,CIEN
2023-06-23 11:18:00,41.04,41.04,40.97,40.99,10169.0,CIEN
2023-06-23 11:17:00,41.06,41.065,41.03,41.04,7309.0,CIEN
2023-06-23 11:16:00,41.07,41.07,41.06,41.06,1027.0,CIEN
2023-06-23 11:15:00,41.055,41.07,41.04,41.05,2462.0,CIEN
2023-06-23 11:14:00,41.04,41.07,41.03,41.058,2155.0,CIEN
2023-06-23 11:13:00,41.04,41.05,41.04,41.05,2864.0,CIEN
2023-06-23 11:12:00,41.07,41.07,41.055,41.055,1636.0,CIEN
2023-06-23 11:11:00,41.055,41.055,41.03,41.05,2684.0,CIEN
2023-06-23 11:10:00,41.055,41.07,41.05,41.055,2957.0,CIEN
2023-06-23 11:09:00,41.06,41.06,41.05,41.05,896.0,CIEN
2023-06-23 11:08:00,41.06,41.06,41.035,41.05,1439.0,CIEN
2023-06-23 11:07:00,41.06,41.06,41.06,41.06,1353.0,CIEN
2023-06-23 11:06:00,41.1,41.1,41.065,41.07,3711.0,CIEN
2023-06-23 11:05:00,41.1,41.11,41.09,41.09,4191.0,CIEN
2023-06-23 11:04:00,41.09,41.095,41.08,41.095,1890.0,CIEN
2023-06-23 11:03:00,41.09,41.1,41.08,41.08,4348.0,CIEN
2023-06-23 11:02:00,41.035,41.085,41.035,41.085,2847.0,CIEN
2023-06-23 11:01:00,41.0,41.03,41.0,41.03,1979.0,CIEN
2023-06-23 11:00:00,41.055,41.055,41.01,41.01,2740.0,CIEN
2023-06-23 10:59:00,41.01,41.06,41.01,41.05,20435.0,CIEN
2023-06-23 10:58:00,41.02,41.035,41.0,41.005,6053.0,CIEN
2023-06-23 10:57:00,40.99,40.99,40.99,40.99,756.0,CIEN
2023-06-23 10:56:00,40.98,40.98,40.92,40.97,7513.0,CIEN
2023-06-23 10:55:00,41.05,41.05,40.99,40.99,4600.0,CIEN
2023-06-23 10:54:00,41.06,41.06,41.05,41.06,3014.0,CIEN
2023-06-23 10:53:00,41.11,41.11,41.065,41.065,2752.0,CIEN
2023-06-23 10:52:00,41.08,41.09,41.055,41.09,2445.0,CIEN
2023-06-23 10:51:00,41.11,41.13,41.075,41.075,9600.0,CIEN
2023-06-23 10:50:00,41.07,41.09,41.05,41.08,9330.0,CIEN
2023-06-23 10:49:00,41.04,41.07,41.0,41.05,45068.0,CIEN
2023-06-23 10:48:00,41.12,41.12,41.04,41.04,5782.0,CIEN
2023-06-23 10:47:00,41.17,41.17,41.13,41.14,5379.0,CIEN
2023-06-23 10:46:00,41.18,41.18,41.15,41.16,10372.0,CIEN
2023-06-23 10:45:00,41.195,41.2,41.175,41.18,10113.0,CIEN
2023-06-23 10:44:00,41.17,41.2,41.17,41.185,6187.0,CIEN
2023-06-23 10:43:00,41.18,41.19,41.17,41.175,7825.0,CIEN
2023-06-23 10:42:00,41.15,41.185,41.15,41.185,1682.0,CIEN
2023-06-23 10:41:00,41.18,41.18,41.15,41.16,2353.0,CIEN
2023-06-23 10:40:00,41.19,41.19,41.17,41.17,1904.0,CIEN
2023-06-23 10:39:00,41.19,41.19,41.17,41.19,2203.0,CIEN
2023-06-23 10:38:00,41.18,41.18,41.15,41.18,5619.0,CIEN
2023-06-23 10:37:00,41.16,41.2,41.16,41.18,4674.0,CIEN
2023-06-23 10:36:00,41.15,41.19,41.15,41.17,4097.0,CIEN
2023-06-23 10:35:00,41.11,41.15,41.11,41.15,3422.0,CIEN
2023-06-23 10:34:00,41.1,41.12,41.09,41.1,4747.0,CIEN
2023-06-23 10:33:00,41.06,41.102,41.06,41.102,3355.0,CIEN
2023-06-23 10:32:00,41.08,41.08,41.06,41.07,3461.0,CIEN
2023-06-23 10:31:00,41.08,41.09,41.05,41.07,4417.0,CIEN
2023-06-23 10:30:00,41.03,41.1,41.01,41.08,11141.0,CIEN
2023-06-23 10:29:00,40.99,41.03,40.99,41.03,3928.0,CIEN
2023-06-23 10:28:00,41.01,41.025,40.98,41.0,18961.0,CIEN
2023-06-23 10:27:00,41.03,41.05,41.02,41.02,8876.0,CIEN
2023-06-23 10:26:00,41.08,41.08,41.03,41.03,6623.0,CIEN
2023-06-23 10:25:00,41.12,41.12,41.1,41.105,4231.0,CIEN
2023-06-23 10:24:00,41.13,41.145,41.11,41.13,4245.0,CIEN
2023-06-23 10:23:00,41.09,41.1,41.09,41.1,606.0,CIEN
2023-06-23 10:22:00,41.11,41.11,41.07,41.1,17915.0,CIEN
2023-06-23 10:21:00,41.15,41.15,41.12,41.12,4281.0,CIEN
2023-06-23 10:20:00,41.18,41.195,41.14,41.15,6493.0,CIEN
2023-06-23 10:19:00,41.18,41.18,41.154,41.17,5788.0,CIEN
2023-06-23 10:18:00,41.18,41.18,41.18,41.18,686.0,CIEN
2023-06-23 10:17:00,41.13,41.17,41.13,41.17,3135.0,CIEN
2023-06-23 10:16:00,41.08,41.12,41.08,41.12,1975.0,CIEN
2023-06-23 10:15:00,41.06,41.075,41.06,41.07,2579.0,CIEN
2023-06-23 10:14:00,41.1,41.108,41.06,41.06,2367.0,CIEN
2023-06-23 10:13:00,41.125,41.125,41.09,41.09,6136.0,CIEN
2023-06-23 10:12:00,41.15,41.16,41.113,41.12,5996.0,CIEN
2023-06-23 10:11:00,41.07,41.15,41.07,41.13,4272.0,CIEN
2023-06-23 10:10:00,41.1,41.12,41.07,41.07,2842.0,CIEN
2023-06-23 10:09:00,41.11,41.13,41.1,41.1,4263.0,CIEN
2023-06-23 10:08:00,41.1,41.15,41.095,41.095,9266.0,CIEN
2023-06-23 10:07:00,41.09,41.1,41.08,41.09,3593.0,CIEN
2023-06-23 10:06:00,41.08,41.115,41.07,41.09,5024.0,CIEN
2023-06-23 10:05:00,41.05,41.09,41.05,41.06,12588.0,CIEN
2023-06-23 10:04:00,41.06,41.06,41.04,41.04,2487.0,CIEN
2023-06-23 10:03:00,41.065,41.1,41.05,41.058,5747.0,CIEN
2023-06-23 10:02:00,41.04,41.07,41.03,41.06,3280.0,CIEN
2023-06-23 10:01:00,41.09,41.09,41.02,41.03,3482.0,CIEN
2023-06-23 10:00:00,41.045,41.13,41.045,41.11,5817.0,CIEN
2023-06-23 09:59:00,41.0,41.055,41.0,41.05,17537.0,CIEN
2023-06-23 09:58:00,41.05,41.05,40.98,41.005,5858.0,CIEN
2023-06-23 09:57:00,41.07,41.1,41.05,41.05,5632.0,CIEN
2023-06-23 09:56:00,41.08,41.08,41.0,41.06,19494.0,CIEN
2023-06-23 09:55:00,41.04,41.08,41.02,41.078,11782.0,CIEN
2023-06-23 09:54:00,41.01,41.045,40.98,41.045,16376.0,CIEN
2023-06-23 09:53:00,40.96,41.0,40.93,41.0,8014.0,CIEN
2023-06-23 09:52:00,40.88,40.95,40.88,40.945,34418.0,CIEN
2023-06-23 09:51:00,40.89,40.9,40.875,40.89,7415.0,CIEN
2023-06-23 09:50:00,40.92,40.92,40.84,40.91,6137.0,CIEN
2023-06-23 09:49:00,40.95,40.96,40.92,40.92,2807.0,CIEN
2023-06-23 09:48:00,41.02,41.02,40.94,40.95,24323.0,CIEN
2023-06-23 09:47:00,41.07,41.07,41.04,41.06,2095.0,CIEN
2023-06-23 09:46:00,41.08,41.08,41.06,41.07,1829.0,CIEN
2023-06-23 09:45:00,41.125,41.13,41.09,41.09,3184.0,CIEN
2023-06-23 09:44:00,41.075,41.09,41.075,41.09,781.0,CIEN
2023-06-23 09:43:00,41.05,41.06,41.05,41.06,497.0,CIEN
2023-06-23 09:42:00,41.07,41.1,41.02,41.035,3256.0,CIEN
2023-06-23 09:41:00,41.035,41.035,41.01,41.03,1833.0,CIEN
2023-06-23 09:40:00,41.03,41.092,41.02,41.03,6420.0,CIEN
2023-06-23 09:39:00,41.05,41.05,40.98,41.0,17687.0,CIEN
2023-06-23 09:38:00,41.11,41.11,41.045,41.07,2530.0,CIEN
2023-06-23 09:37:00,41.17,41.18,41.1,41.11,5116.0,CIEN
2023-06-23 09:36:00,41.14,41.17,41.12,41.17,3601.0,CIEN
2023-06-23 09:35:00,41.11,41.15,41.11,41.15,2160.0,CIEN
2023-06-23 09:34:00,41.09,41.13,41.09,41.11,2992.0,CIEN
2023-06-23 09:33:00,41.1,41.1,41.06,41.06,1220.0,CIEN
2023-06-23 09:32:00,41.06,41.06,41.06,41.06,328.0,CIEN
2023-06-23 09:31:00,40.93,41.02,40.85,40.94,6643.0,CIEN
2023-06-23 09:30:00,41.05,41.085,40.85,41.0,50033.0,CIEN
2023-06-23 09:28:00,41.4,41.4,41.4,41.4,1.0,CIEN
2023-06-23 09:27:00,41.609,41.609,41.47,41.47,2.0,CIEN
2023-06-23 08:50:00,41.16,41.18,41.16,41.18,110.0,CIEN
2023-06-23 08:43:00,41.25,41.25,41.25,41.25,10.0,CIEN
2023-06-23 07:00:00,41.47,41.47,41.47,41.47,1074.0,CIEN
2023-06-22 19:46:00,41.91,41.91,41.91,41.91,1.0,CIEN
2023-06-22 19:00:00,41.52,41.52,41.52,41.52,131333.0,CIEN
2023-06-22 18:30:00,41.52,41.52,41.52,41.52,131333.0,CIEN
2023-06-22 17:12:00,41.52,41.52,41.52,41.52,1.0,CIEN
2023-06-22 17:10:00,41.58,41.58,41.58,41.58,1.0,CIEN
2023-06-22 17:07:00,41.58,41.58,41.58,41.58,1.0,CIEN
2023-06-22 16:57:00,41.132,41.132,41.131,41.132,1.0,CIEN
2023-06-22 16:55:00,41.6,41.62,41.6,41.62,15.0,CIEN
2023-06-22 16:54:00,41.58,41.58,41.58,41.58,20.0,CIEN
2023-06-22 16:49:00,41.58,41.58,41.58,41.58,30.0,CIEN
2023-06-22 16:11:00,41.52,41.52,41.52,41.52,1006.0,CIEN
2023-06-22 16:10:00,41.52,41.98,41.2,41.2,131434.0,CIEN
2023-06-22 16:09:00,41.52,41.52,41.52,41.52,55.0,CIEN
2023-06-22 16:07:00,41.122,41.121,41.121,41.122,1.0,CIEN
2023-06-22 16:04:00,41.517,41.517,41.517,41.517,1200.0,CIEN
2023-06-22 16:01:00,41.52,41.52,41.52,41.52,2982.0,CIEN
2023-06-22 16:00:00,41.525,41.53,41.52,41.52,273807.0,CIEN
2023-06-22 15:59:00,41.51,41.54,41.48,41.53,30303.0,CIEN
2023-06-22 15:58:00,41.49,41.52,41.49,41.515,16556.0,CIEN
2023-06-22 15:57:00,41.47,41.49,41.47,41.485,11645.0,CIEN
2023-06-22 15:56:00,41.45,41.475,41.45,41.47,27040.0,CIEN
2023-06-22 15:55:00,41.48,41.5,41.445,41.445,14299.0,CIEN
2023-06-22 15:54:00,41.465,41.475,41.46,41.475,9980.0,CIEN
2023-06-22 15:53:00,41.47,41.47,41.45,41.47,8348.0,CIEN
2023-06-22 15:52:00,41.455,41.47,41.45,41.47,8300.0,CIEN
2023-06-22 15:51:00,41.485,41.485,41.46,41.46,7584.0,CIEN
2023-06-22 15:50:00,41.49,41.5,41.485,41.495,11033.0,CIEN
2023-06-22 15:49:00,41.48,41.485,41.47,41.485,6593.0,CIEN
2023-06-22 15:48:00,41.463,41.485,41.46,41.485,8578.0,CIEN
2023-06-22 15:47:00,41.48,41.485,41.46,41.47,6449.0,CIEN
2023-06-22 15:46:00,41.47,41.49,41.46,41.485,5528.0,CIEN
2023-06-22 15:45:00,41.47,41.485,41.47,41.475,6667.0,CIEN
2023-06-22 15:44:00,41.46,41.466,41.42,41.465,11742.0,CIEN
2023-06-22 15:43:00,41.48,41.49,41.465,41.47,9640.0,CIEN
2023-06-22 15:42:00,41.485,41.485,41.475,41.475,4139.0,CIEN
2023-06-22 15:41:00,41.48,41.485,41.465,41.485,6335.0,CIEN
2023-06-22 15:40:00,41.47,41.475,41.46,41.47,6623.0,CIEN
2023-06-22 15:39:00,41.455,41.47,41.45,41.47,3648.0,CIEN
2023-06-22 15:38:00,41.472,41.48,41.455,41.455,7811.0,CIEN
2023-06-22 15:37:00,41.46,41.47,41.46,41.47,5068.0,CIEN
2023-06-22 15:36:00,41.44,41.47,41.44,41.47,3228.0,CIEN
2023-06-22 15:35:00,41.425,41.45,41.422,41.435,13437.0,CIEN
2023-06-22 15:34:00,41.385,41.42,41.38,41.42,5612.0,CIEN
2023-06-22 15:33:00,41.4,41.4,41.38,41.39,2249.0,CIEN
2023-06-22 15:32:00,41.342,41.39,41.325,41.39,14365.0,CIEN
2023-06-22 15:31:00,41.335,41.37,41.33,41.35,8706.0,CIEN
2023-06-22 15:30:00,41.32,41.34,41.31,41.34,8393.0,CIEN
2023-06-22 15:29:00,41.32,41.32,41.31,41.32,4362.0,CIEN
2023-06-22 15:28:00,41.34,41.347,41.33,41.33,4024.0,CIEN
2023-06-22 15:27:00,41.35,41.35,41.34,41.34,1570.0,CIEN
2023-06-22 15:26:00,41.36,41.37,41.355,41.355,2342.0,CIEN
2023-06-22 15:25:00,41.39,41.39,41.355,41.38,4887.0,CIEN
2023-06-22 15:24:00,41.4,41.42,41.395,41.395,3520.0,CIEN
2023-06-22 15:23:00,41.42,41.42,41.395,41.4,14633.0,CIEN
2023-06-22 15:22:00,41.43,41.435,41.41,41.42,3487.0,CIEN
2023-06-22 15:21:00,41.445,41.46,41.44,41.44,5629.0,CIEN
2023-06-22 15:20:00,41.44,41.45,41.43,41.45,1904.0,CIEN
2023-06-22 15:19:00,41.42,41.43,41.41,41.43,1519.0,CIEN
2023-06-22 15:18:00,41.42,41.42,41.4,41.42,5277.0,CIEN
2023-06-22 15:17:00,41.44,41.45,41.42,41.43,2660.0,CIEN
2023-06-22 15:16:00,41.45,41.45,41.43,41.45,2564.0,CIEN
2023-06-22 15:15:00,41.44,41.465,41.44,41.46,2848.0,CIEN
2023-06-22 15:14:00,41.47,41.485,41.44,41.45,8937.0,CIEN
2023-06-22 15:13:00,41.49,41.49,41.47,41.47,3851.0,CIEN
2023-06-22 15:12:00,41.48,41.49,41.47,41.49,2026.0,CIEN
2023-06-22 15:11:00,41.48,41.48,41.47,41.47,1120.0,CIEN
2023-06-22 15:10:00,41.47,41.485,41.47,41.48,2535.0,CIEN
2023-06-22 15:09:00,41.485,41.485,41.46,41.46,2221.0,CIEN
2023-06-22 15:08:00,41.51,41.51,41.49,41.49,2555.0,CIEN
2023-06-22 15:07:00,41.52,41.52,41.51,41.51,2547.0,CIEN
2023-06-22 15:06:00,41.49,41.52,41.49,41.52,5343.0,CIEN
2023-06-22 15:05:00,41.48,41.505,41.48,41.5,2636.0,CIEN
2023-06-22 15:04:00,41.49,41.505,41.48,41.48,10108.0,CIEN
2023-06-22 15:03:00,41.485,41.49,41.485,41.49,2187.0,CIEN
2023-06-22 15:02:00,41.475,41.49,41.47,41.49,3523.0,CIEN
2023-06-22 15:01:00,41.48,41.48,41.47,41.475,2654.0,CIEN
2023-06-22 15:00:00,41.47,41.495,41.47,41.49,6156.0,CIEN
2023-06-22 14:59:00,41.46,41.46,41.45,41.46,984.0,CIEN
2023-06-22 14:58:00,41.45,41.465,41.45,41.46,1867.0,CIEN
2023-06-22 14:57:00,41.47,41.47,41.455,41.455,1835.0,CIEN
2023-06-22 14:56:00,41.47,41.475,41.46,41.46,2966.0,CIEN
2023-06-22 14:55:00,41.45,41.48,41.45,41.48,2240.0,CIEN
2023-06-22 14:54:00,41.45,41.45,41.43,41.43,700.0,CIEN
2023-06-22 14:53:00,41.44,41.455,41.44,41.45,3364.0,CIEN
2023-06-22 14:52:00,41.48,41.48,41.44,41.44,4065.0,CIEN
2023-06-22 14:51:00,41.49,41.49,41.48,41.48,2265.0,CIEN
2023-06-22 14:50:00,41.46,41.49,41.46,41.48,4068.0,CIEN
2023-06-22 14:49:00,41.44,41.47,41.44,41.465,2320.0,CIEN
2023-06-22 14:48:00,41.43,41.44,41.43,41.43,1081.0,CIEN
2023-06-22 14:47:00,41.45,41.45,41.43,41.43,2098.0,CIEN
2023-06-22 14:46:00,41.425,41.45,41.425,41.45,1811.0,CIEN
2023-06-22 14:45:00,41.41,41.43,41.41,41.43,1823.0,CIEN
2023-06-22 14:44:00,41.405,41.42,41.405,41.41,2470.0,CIEN
2023-06-22 14:43:00,41.405,41.415,41.4,41.415,875.0,CIEN
2023-06-22 14:42:00,41.405,41.425,41.4,41.41,3442.0,CIEN
2023-06-22 14:41:00,41.42,41.42,41.4,41.4,1260.0,CIEN
2023-06-22 14:40:00,41.41,41.435,41.41,41.42,3305.0,CIEN
2023-06-22 14:39:00,41.43,41.44,41.41,41.42,5750.0,CIEN
2023-06-22 14:38:00,41.42,41.44,41.42,41.44,2979.0,CIEN
2023-06-22 14:37:00,41.41,41.42,41.41,41.42,494.0,CIEN
2023-06-22 14:36:00,41.405,41.42,41.405,41.41,1512.0,CIEN
2023-06-22 14:35:00,41.39,41.4,41.39,41.4,755.0,CIEN
2023-06-22 14:34:00,41.39,41.4,41.38,41.39,1762.0,CIEN
2023-06-22 14:33:00,41.42,41.42,41.39,41.4,3448.0,CIEN
2023-06-22 14:32:00,41.43,41.43,41.43,41.43,412.0,CIEN
2023-06-22 14:31:00,41.44,41.44,41.42,41.43,1668.0,CIEN
2023-06-22 14:30:00,41.41,41.45,41.41,41.44,5313.0,CIEN
2023-06-22 14:29:00,41.42,41.42,41.41,41.41,866.0,CIEN
2023-06-22 14:28:00,41.42,41.42,41.41,41.42,2678.0,CIEN
2023-06-22 14:27:00,41.41,41.415,41.41,41.415,354.0,CIEN
2023-06-22 14:26:00,41.39,41.41,41.38,41.41,2749.0,CIEN
2023-06-22 14:25:00,41.38,41.4,41.365,41.395,3561.0,CIEN
2023-06-22 14:24:00,41.38,41.38,41.37,41.375,1047.0,CIEN
2023-06-22 14:23:00,41.38,41.4,41.38,41.39,1744.0,CIEN
2023-06-22 14:22:00,41.4,41.4,41.38,41.38,1310.0,CIEN
2023-06-22 14:21:00,41.41,41.41,41.39,41.4,1665.0,CIEN
2023-06-22 14:20:00,41.37,41.4,41.37,41.4,1617.0,CIEN
2023-06-22 14:19:00,41.37,41.38,41.37,41.38,321.0,CIEN
2023-06-22 14:18:00,41.35,41.37,41.345,41.37,4098.0,CIEN
2023-06-22 14:16:00,41.35,41.35,41.345,41.35,1922.0,CIEN
2023-06-22 14:15:00,41.355,41.355,41.35,41.355,1943.0,CIEN
2023-06-22 14:14:00,41.33,41.36,41.33,41.355,2602.0,CIEN
2023-06-22 14:13:00,41.335,41.335,41.31,41.33,2578.0,CIEN
2023-06-22 14:12:00,41.34,41.34,41.335,41.335,314.0,CIEN
2023-06-22 14:11:00,41.31,41.34,41.31,41.34,1747.0,CIEN
2023-06-22 14:10:00,41.32,41.32,41.31,41.31,472.0,CIEN
2023-06-22 14:09:00,41.36,41.36,41.32,41.32,1564.0,CIEN
2023-06-22 14:08:00,41.38,41.38,41.36,41.36,811.0,CIEN
2023-06-22 14:07:00,41.37,41.375,41.37,41.375,1155.0,CIEN
2023-06-22 14:06:00,41.39,41.4,41.37,41.37,3352.0,CIEN
2023-06-22 14:05:00,41.37,41.39,41.37,41.39,2168.0,CIEN
2023-06-22 14:04:00,41.36,41.365,41.36,41.36,2515.0,CIEN
2023-06-22 14:03:00,41.35,41.36,41.35,41.36,456.0,CIEN
2023-06-22 14:02:00,41.365,41.37,41.36,41.36,1122.0,CIEN
2023-06-22 14:01:00,41.33,41.37,41.33,41.36,2363.0,CIEN
2023-06-22 14:00:00,41.35,41.35,41.335,41.335,1607.0,CIEN
2023-06-22 13:59:00,41.35,41.35,41.34,41.345,840.0,CIEN
2023-06-22 13:58:00,41.35,41.35,41.34,41.35,650.0,CIEN
2023-06-22 13:57:00,41.35,41.36,41.35,41.35,1253.0,CIEN
2023-06-22 13:56:00,41.335,41.34,41.335,41.34,406.0,CIEN
2023-06-22 13:55:00,41.33,41.35,41.33,41.34,1928.0,CIEN
2023-06-22 13:54:00,41.305,41.32,41.305,41.32,1111.0,CIEN
2023-06-22 13:53:00,41.351,41.351,41.305,41.305,2090.0,CIEN
2023-06-22 13:52:00,41.35,41.355,41.35,41.355,1248.0,CIEN
2023-06-22 13:51:00,41.33,41.35,41.325,41.35,2733.0,CIEN
2023-06-22 13:50:00,41.345,41.345,41.34,41.34,808.0,CIEN
2023-06-22 13:49:00,41.34,41.35,41.34,41.345,1781.0,CIEN
2023-06-22 13:48:00,41.34,41.34,41.34,41.34,681.0,CIEN
2023-06-22 13:47:00,41.35,41.35,41.34,41.34,800.0,CIEN
2023-06-22 13:46:00,41.35,41.35,41.342,41.342,647.0,CIEN
2023-06-22 13:45:00,41.35,41.35,41.32,41.34,3735.0,CIEN
2023-06-22 13:44:00,41.34,41.345,41.34,41.34,1439.0,CIEN
2023-06-22 13:42:00,41.35,41.35,41.34,41.34,1224.0,CIEN
2023-06-22 13:41:00,41.34,41.345,41.34,41.345,338.0,CIEN
2023-06-22 13:40:00,41.36,41.36,41.36,41.36,262.0,CIEN
2023-06-22 13:39:00,41.32,41.36,41.32,41.35,1306.0,CIEN
2023-06-22 13:38:00,41.35,41.35,41.31,41.315,1675.0,CIEN
2023-06-22 13:37:00,41.34,41.35,41.315,41.35,3575.0,CIEN
2023-06-22 13:36:00,41.345,41.35,41.34,41.345,743.0,CIEN
2023-06-22 13:35:00,41.345,41.345,41.345,41.345,260.0,CIEN
2023-06-22 13:34:00,41.335,41.35,41.335,41.345,738.0,CIEN
2023-06-22 13:33:00,41.35,41.35,41.33,41.33,2012.0,CIEN
2023-06-22 13:32:00,41.36,41.36,41.355,41.355,773.0,CIEN
2023-06-22 13:31:00,41.34,41.38,41.34,41.365,4116.0,CIEN
2023-06-22 13:29:00,41.32,41.33,41.32,41.33,2842.0,CIEN
2023-06-22 13:28:00,41.34,41.34,41.325,41.325,1043.0,CIEN
2023-06-22 13:27:00,41.35,41.35,41.34,41.34,533.0,CIEN
2023-06-22 13:26:00,41.34,41.34,41.33,41.34,3693.0,CIEN
2023-06-22 13:25:00,41.335,41.35,41.33,41.33,2321.0,CIEN
2023-06-22 13:24:00,41.305,41.33,41.3,41.33,2838.0,CIEN
2023-06-22 13:23:00,41.305,41.305,41.3,41.3,387.0,CIEN
2023-06-22 13:22:00,41.26,41.31,41.25,41.31,4134.0,CIEN
2023-06-22 13:21:00,41.29,41.29,41.26,41.26,2437.0,CIEN
2023-06-22 13:20:00,41.3,41.3,41.3,41.3,300.0,CIEN
2023-06-22 13:19:00,41.3,41.31,41.3,41.305,2349.0,CIEN
2023-06-22 13:18:00,41.28,41.3,41.28,41.3,842.0,CIEN
2023-06-22 13:17:00,41.273,41.273,41.27,41.27,864.0,CIEN
2023-06-22 13:16:00,41.28,41.28,41.27,41.28,1855.0,CIEN
2023-06-22 13:15:00,41.31,41.31,41.29,41.29,1144.0,CIEN
2023-06-22 13:14:00,41.3,41.3,41.3,41.3,1358.0,CIEN
2023-06-22 13:13:00,41.31,41.31,41.31,41.31,570.0,CIEN
2023-06-22 13:12:00,41.3,41.305,41.29,41.29,2250.0,CIEN
2023-06-22 13:11:00,41.26,41.285,41.26,41.27,1178.0,CIEN
2023-06-22 13:10:00,41.255,41.27,41.25,41.26,1372.0,CIEN
2023-06-22 13:09:00,41.24,41.27,41.24,41.27,1004.0,CIEN
2023-06-22 13:08:00,41.24,41.255,41.24,41.255,277.0,CIEN
2023-06-22 13:07:00,41.26,41.26,41.26,41.26,275.0,CIEN
2023-06-22 13:06:00,41.23,41.26,41.23,41.26,993.0,CIEN
2023-06-22 13:05:00,41.215,41.22,41.21,41.22,684.0,CIEN
2023-06-22 13:04:00,41.21,41.21,41.18,41.2,1817.0,CIEN
2023-06-22 13:03:00,41.24,41.24,41.24,41.24,681.0,CIEN
2023-06-22 13:02:00,41.28,41.29,41.235,41.24,12016.0,CIEN
2023-06-22 13:01:00,41.31,41.31,41.3,41.3,1073.0,CIEN
2023-06-22 13:00:00,41.355,41.355,41.32,41.325,1852.0,CIEN
2023-06-22 12:59:00,41.35,41.35,41.35,41.35,822.0,CIEN
2023-06-22 12:58:00,41.35,41.365,41.35,41.365,1402.0,CIEN
2023-06-22 12:57:00,41.37,41.38,41.35,41.36,2411.0,CIEN
2023-06-22 12:56:00,41.33,41.38,41.33,41.38,1876.0,CIEN
2023-06-22 12:55:00,41.28,41.33,41.28,41.33,2168.0,CIEN
2023-06-22 12:54:00,41.295,41.295,41.275,41.275,1120.0,CIEN
2023-06-22 12:53:00,41.28,41.29,41.27,41.29,4161.0,CIEN
2023-06-22 12:52:00,41.28,41.285,41.28,41.285,661.0,CIEN
2023-06-22 12:51:00,41.29,41.29,41.29,41.29,514.0,CIEN
2023-06-22 12:50:00,41.31,41.32,41.29,41.31,31151.0,CIEN
2023-06-22 12:49:00,41.315,41.314,41.31,41.31,1068.0,CIEN
2023-06-22 12:48:00,41.31,41.32,41.31,41.31,2027.0,CIEN
2023-06-22 12:47:00,41.32,41.33,41.32,41.32,1059.0,CIEN
2023-06-22 12:46:00,41.33,41.33,41.33,41.33,328.0,CIEN
2023-06-22 12:45:00,41.34,41.34,41.32,41.33,1924.0,CIEN
2023-06-22 12:44:00,41.34,41.34,41.34,41.34,2192.0,CIEN
2023-06-22 12:43:00,41.38,41.38,41.34,41.34,1316.0,CIEN
2023-06-22 12:42:00,41.38,41.38,41.38,41.38,605.0,CIEN
2023-06-22 12:41:00,41.41,41.41,41.38,41.38,2575.0,CIEN
2023-06-22 12:40:00,41.42,41.42,41.39,41.4,1687.0,CIEN
2023-06-22 12:39:00,41.45,41.47,41.42,41.42,4265.0,CIEN
2023-06-22 12:38:00,41.42,41.44,41.405,41.43,4364.0,CIEN
2023-06-22 12:37:00,41.42,41.43,41.42,41.43,1218.0,CIEN
2023-06-22 12:36:00,41.43,41.43,41.42,41.43,1530.0,CIEN
2023-06-22 12:35:00,41.39,41.42,41.39,41.42,1272.0,CIEN
2023-06-22 12:34:00,41.42,41.42,41.39,41.4,1602.0,CIEN
2023-06-22 12:33:00,41.43,41.44,41.43,41.43,1535.0,CIEN
2023-06-22 12:32:00,41.42,41.42,41.42,41.42,859.0,CIEN
2023-06-22 12:31:00,41.385,41.4,41.385,41.4,485.0,CIEN
2023-06-22 12:29:00,41.36,41.37,41.36,41.37,907.0,CIEN
2023-06-22 12:28:00,41.34,41.36,41.34,41.36,763.0,CIEN
2023-06-22 12:27:00,41.355,41.355,41.33,41.34,1832.0,CIEN
2023-06-22 12:26:00,41.365,41.365,41.35,41.35,2056.0,CIEN
2023-06-22 12:25:00,41.365,41.365,41.36,41.36,344.0,CIEN
2023-06-22 12:24:00,41.365,41.365,41.365,41.365,882.0,CIEN
2023-06-22 12:23:00,41.32,41.34,41.32,41.34,1380.0,CIEN
2023-06-22 12:22:00,41.32,41.32,41.32,41.32,459.0,CIEN
2023-06-22 12:21:00,41.33,41.33,41.32,41.32,1406.0,CIEN
2023-06-22 12:20:00,41.33,41.33,41.31,41.33,2385.0,CIEN
2023-06-22 12:19:00,41.34,41.35,41.33,41.34,2317.0,CIEN
2023-06-22 12:18:00,41.34,41.35,41.34,41.35,879.0,CIEN
2023-06-22 12:17:00,41.35,41.35,41.35,41.35,872.0,CIEN
2023-06-22 12:16:00,41.34,41.35,41.34,41.35,909.0,CIEN
2023-06-22 12:15:00,41.34,41.34,41.34,41.34,1016.0,CIEN
2023-06-22 12:14:00,41.355,41.36,41.35,41.35,1823.0,CIEN
2023-06-22 12:13:00,41.375,41.375,41.35,41.35,267.0,CIEN
2023-06-22 12:12:00,41.39,41.39,41.36,41.38,2412.0,CIEN
2023-06-22 12:11:00,41.345,41.39,41.34,41.39,3905.0,CIEN
2023-06-22 12:10:00,41.345,41.345,41.345,41.345,125.0,CIEN
2023-06-22 12:09:00,41.33,41.34,41.33,41.34,1497.0,CIEN
2023-06-22 12:08:00,41.35,41.35,41.35,41.35,609.0,CIEN
2023-06-22 12:07:00,41.375,41.375,41.36,41.365,990.0,CIEN
2023-06-22 12:06:00,41.34,41.37,41.34,41.37,1794.0,CIEN
2023-06-22 12:05:00,41.36,41.36,41.33,41.34,3132.0,CIEN
2023-06-22 12:04:00,41.37,41.37,41.36,41.36,739.0,CIEN
2023-06-22 12:03:00,41.39,41.39,41.38,41.38,1061.0,CIEN
2023-06-22 12:02:00,41.4,41.4,41.4,41.4,1247.0,CIEN
2023-06-22 12:01:00,41.46,41.46,41.39,41.39,2400.0,CIEN
2023-06-22 12:00:00,41.49,41.49,41.47,41.47,1134.0,CIEN
2023-06-22 11:59:00,41.44,41.44,41.43,41.44,7584.0,CIEN
2023-06-22 11:58:00,41.44,41.45,41.44,41.44,877.0,CIEN
2023-06-22 11:57:00,41.43,41.46,41.43,41.45,2374.0,CIEN
2023-06-22 11:56:00,41.42,41.44,41.42,41.44,928.0,CIEN
2023-06-22 11:55:00,41.45,41.45,41.41,41.42,1559.0,CIEN
2023-06-22 11:54:00,41.45,41.45,41.45,41.45,465.0,CIEN
2023-06-22 11:53:00,41.45,41.47,41.45,41.46,1591.0,CIEN
2023-06-22 11:52:00,41.46,41.47,41.46,41.46,1584.0,CIEN
2023-06-22 11:51:00,41.47,41.475,41.46,41.46,2123.0,CIEN
2023-06-22 11:50:00,41.45,41.45,41.45,41.45,1925.0,CIEN
2023-06-22 11:49:00,41.46,41.46,41.44,41.44,1293.0,CIEN
2023-06-22 11:48:00,41.49,41.49,41.46,41.46,7144.0,CIEN
2023-06-22 11:47:00,41.45,41.47,41.45,41.47,1180.0,CIEN
2023-06-22 11:45:00,41.418,41.42,41.418,41.42,1077.0,CIEN
2023-06-22 11:44:00,41.43,41.43,41.401,41.41,4849.0,CIEN
2023-06-22 11:43:00,41.44,41.46,41.43,41.43,2006.0,CIEN
2023-06-22 11:41:00,41.42,41.42,41.42,41.42,500.0,CIEN
2023-06-22 11:40:00,41.38,41.39,41.38,41.39,522.0,CIEN
2023-06-22 11:39:00,41.34,41.37,41.34,41.37,993.0,CIEN
2023-06-22 11:38:00,41.335,41.36,41.335,41.34,1999.0,CIEN
2023-06-22 11:37:00,41.31,41.33,41.31,41.33,5037.0,CIEN
2023-06-22 11:36:00,41.315,41.315,41.3,41.3,1489.0,CIEN
2023-06-22 11:35:00,41.295,41.33,41.295,41.3,1261.0,CIEN
2023-06-22 11:34:00,41.31,41.31,41.26,41.28,2193.0,CIEN
2023-06-22 11:33:00,41.31,41.34,41.3,41.33,3332.0,CIEN
2023-06-22 11:32:00,41.26,41.29,41.26,41.29,2978.0,CIEN
2023-06-22 11:31:00,41.293,41.293,41.293,41.293,869.0,CIEN
2023-06-22 11:30:00,41.31,41.32,41.27,41.27,3833.0,CIEN
2023-06-22 11:29:00,41.286,41.31,41.27,41.31,1693.0,CIEN
2023-06-22 11:28:00,41.27,41.29,41.26,41.28,1691.0,CIEN
2023-06-22 11:27:00,41.29,41.29,41.27,41.28,1910.0,CIEN
2023-06-22 11:26:00,41.3,41.3,41.28,41.289,1874.0,CIEN
2023-06-22 11:25:00,41.26,41.3,41.26,41.28,3390.0,CIEN
2023-06-22 11:24:00,41.27,41.27,41.25,41.25,849.0,CIEN
2023-06-22 11:23:00,41.255,41.28,41.25,41.28,2674.0,CIEN
2023-06-22 11:22:00,41.31,41.315,41.26,41.26,1675.0,CIEN
2023-06-22 11:21:00,41.34,41.34,41.34,41.34,1235.0,CIEN
2023-06-22 11:20:00,41.35,41.37,41.34,41.37,2153.0,CIEN
2023-06-22 11:19:00,41.39,41.39,41.35,41.35,1515.0,CIEN
2023-06-22 11:18:00,41.41,41.41,41.4,41.4,1136.0,CIEN
2023-06-22 11:17:00,41.43,41.435,41.42,41.42,1393.0,CIEN
2023-06-22 11:16:00,41.435,41.435,41.435,41.435,395.0,CIEN
2023-06-22 11:15:00,41.43,41.44,41.41,41.41,2907.0,CIEN
2023-06-22 11:14:00,41.43,41.43,41.429,41.429,4990.0,CIEN
2023-06-22 11:13:00,41.42,41.42,41.41,41.41,738.0,CIEN
2023-06-22 11:12:00,41.43,41.435,41.42,41.435,1133.0,CIEN
2023-06-22 11:11:00,41.485,41.485,41.43,41.45,3624.0,CIEN
2023-06-22 11:10:00,41.5,41.5,41.49,41.49,423.0,CIEN
2023-06-22 11:09:00,41.53,41.54,41.5,41.5,2407.0,CIEN
2023-06-22 11:08:00,41.537,41.56,41.537,41.56,874.0,CIEN
2023-06-22 11:07:00,41.56,41.56,41.53,41.54,2964.0,CIEN
2023-06-22 11:06:00,41.548,41.57,41.548,41.558,926.0,CIEN
2023-06-22 11:05:00,41.51,41.535,41.505,41.53,2209.0,CIEN
2023-06-22 11:04:00,41.52,41.52,41.487,41.488,1256.0,CIEN
2023-06-22 11:03:00,41.44,41.49,41.44,41.49,1859.0,CIEN
2023-06-22 11:02:00,41.435,41.435,41.41,41.425,1708.0,CIEN
2023-06-22 11:01:00,41.46,41.469,41.46,41.469,1333.0,CIEN
2023-06-22 11:00:00,41.42,41.46,41.42,41.46,1509.0,CIEN
2023-06-22 10:59:00,41.4,41.4,41.4,41.4,918.0,CIEN
2023-06-22 10:58:00,41.37,41.44,41.37,41.44,4746.0,CIEN
2023-06-22 10:57:00,41.381,41.381,41.355,41.355,1316.0,CIEN
2023-06-22 10:56:00,41.32,41.375,41.32,41.375,3146.0,CIEN
2023-06-22 10:55:00,41.32,41.33,41.295,41.32,3001.0,CIEN
2023-06-22 10:54:00,41.42,41.42,41.37,41.37,1591.0,CIEN
2023-06-22 10:53:00,41.43,41.44,41.38,41.42,35808.0,CIEN
2023-06-22 10:52:00,41.46,41.46,41.42,41.42,10127.0,CIEN
2023-06-22 10:51:00,41.46,41.46,41.46,41.46,1365.0,CIEN
2023-06-22 10:50:00,41.464,41.464,41.464,41.464,140.0,CIEN
2023-06-22 10:49:00,41.42,41.455,41.42,41.45,2524.0,CIEN
2023-06-22 10:48:00,41.41,41.42,41.41,41.42,1923.0,CIEN
2023-06-22 10:47:00,41.365,41.42,41.365,41.42,2429.0,CIEN
2023-06-22 10:46:00,41.42,41.42,41.37,41.37,1755.0,CIEN
2023-06-22 10:45:00,41.43,41.43,41.42,41.42,522.0,CIEN
2023-06-22 10:44:00,41.42,41.42,41.42,41.42,388.0,CIEN
2023-06-22 10:43:00,41.47,41.47,41.415,41.43,1727.0,CIEN
2023-06-22 10:42:00,41.52,41.52,41.47,41.5,15313.0,CIEN
2023-06-22 10:41:00,41.55,41.55,41.52,41.52,1109.0,CIEN
2023-06-22 10:40:00,41.58,41.59,41.56,41.56,7122.0,CIEN
2023-06-22 10:39:00,41.6,41.6,41.59,41.59,718.0,CIEN
2023-06-22 10:38:00,41.65,41.65,41.61,41.61,1796.0,CIEN
2023-06-22 10:37:00,41.67,41.67,41.65,41.67,2130.0,CIEN
2023-06-22 10:36:00,41.68,41.68,41.66,41.67,2608.0,CIEN
2023-06-22 10:35:00,41.69,41.69,41.675,41.675,1094.0,CIEN
2023-06-22 10:34:00,41.69,41.71,41.69,41.7,3101.0,CIEN
2023-06-22 10:33:00,41.691,41.695,41.68,41.68,3893.0,CIEN
2023-06-22 10:32:00,41.71,41.71,41.71,41.71,799.0,CIEN
2023-06-22 10:31:00,41.72,41.73,41.72,41.73,1250.0,CIEN
2023-06-22 10:30:00,41.73,41.73,41.7,41.7,1165.0,CIEN
2023-06-22 10:29:00,41.71,41.74,41.7,41.74,9162.0,CIEN
2023-06-22 10:28:00,41.69,41.71,41.69,41.7,822.0,CIEN
2023-06-22 10:27:00,41.675,41.68,41.67,41.67,2083.0,CIEN
2023-06-22 10:26:00,41.67,41.67,41.67,41.67,707.0,CIEN
2023-06-22 10:25:00,41.685,41.685,41.65,41.65,1330.0,CIEN
2023-06-22 10:24:00,41.65,41.66,41.65,41.65,3147.0,CIEN
2023-06-22 10:23:00,41.67,41.67,41.63,41.64,1292.0,CIEN
2023-06-22 10:22:00,41.65,41.68,41.65,41.67,2627.0,CIEN
2023-06-22 10:21:00,41.67,41.68,41.64,41.64,3231.0,CIEN
2023-06-22 10:20:00,41.71,41.71,41.685,41.69,857.0,CIEN
2023-06-22 10:19:00,41.68,41.69,41.68,41.69,812.0,CIEN
2023-06-22 10:18:00,41.64,41.66,41.64,41.66,1134.0,CIEN
2023-06-22 10:17:00,41.67,41.67,41.65,41.65,2017.0,CIEN
2023-06-22 10:16:00,41.68,41.69,41.68,41.68,1861.0,CIEN
2023-06-22 10:15:00,41.67,41.725,41.67,41.705,4689.0,CIEN
2023-06-22 10:14:00,41.652,41.665,41.652,41.66,2350.0,CIEN
2023-06-22 10:13:00,41.61,41.659,41.61,41.659,1846.0,CIEN
2023-06-22 10:12:00,41.62,41.62,41.61,41.62,1182.0,CIEN
2023-06-22 10:11:00,41.57,41.63,41.57,41.62,1689.0,CIEN
2023-06-22 10:10:00,41.56,41.569,41.56,41.56,1095.0,CIEN
2023-06-22 10:09:00,41.53,41.55,41.53,41.55,1071.0,CIEN
2023-06-22 10:08:00,41.55,41.55,41.5,41.5,1635.0,CIEN
2023-06-22 10:07:00,41.51,41.56,41.5,41.56,3036.0,CIEN
2023-06-22 10:06:00,41.46,41.54,41.46,41.54,1878.0,CIEN
2023-06-22 10:05:00,41.55,41.55,41.45,41.46,1231.0,CIEN
2023-06-22 10:04:00,41.51,41.52,41.51,41.52,1114.0,CIEN
2023-06-22 10:03:00,41.54,41.54,41.5,41.5,1433.0,CIEN
2023-06-22 10:02:00,41.535,41.56,41.535,41.541,2434.0,CIEN
2023-06-22 10:01:00,41.545,41.55,41.53,41.53,758.0,CIEN
2023-06-22 10:00:00,41.62,41.64,41.53,41.53,2429.0,CIEN
2023-06-22 09:59:00,41.61,41.66,41.61,41.66,490.0,CIEN
2023-06-22 09:58:00,41.55,41.6,41.55,41.6,1397.0,CIEN
2023-06-22 09:57:00,41.54,41.55,41.54,41.55,1502.0,CIEN
2023-06-22 09:56:00,41.5,41.53,41.5,41.53,3609.0,CIEN
2023-06-22 09:55:00,41.46,41.48,41.44,41.48,956.0,CIEN
2023-06-22 09:54:00,41.45,41.45,41.44,41.45,1862.0,CIEN
2023-06-22 09:53:00,41.52,41.52,41.47,41.48,1400.0,CIEN
2023-06-22 09:52:00,41.58,41.62,41.51,41.51,3007.0,CIEN
2023-06-22 09:51:00,41.506,41.53,41.506,41.53,1123.0,CIEN
2023-06-22 09:50:00,41.48,41.515,41.45,41.515,6238.0,CIEN
2023-06-22 09:49:00,41.48,41.51,41.48,41.51,1921.0,CIEN
2023-06-22 09:48:00,41.44,41.48,41.44,41.47,1161.0,CIEN
2023-06-22 09:47:00,41.35,41.44,41.35,41.44,827.0,CIEN
2023-06-22 09:46:00,41.49,41.49,41.35,41.35,2087.0,CIEN
2023-06-22 09:45:00,41.49,41.52,41.48,41.52,929.0,CIEN
2023-06-22 09:44:00,41.474,41.474,41.44,41.45,2770.0,CIEN
2023-06-22 09:43:00,41.49,41.49,41.43,41.45,3089.0,CIEN
2023-06-22 09:42:00,41.54,41.54,41.49,41.49,1738.0,CIEN
2023-06-22 09:41:00,41.52,41.61,41.46,41.6,35725.0,CIEN
2023-06-22 09:40:00,41.56,41.56,41.54,41.545,889.0,CIEN
2023-06-22 09:39:00,41.55,41.61,41.53,41.61,3325.0,CIEN
2023-06-22 09:38:00,41.59,41.59,41.58,41.58,1411.0,CIEN
2023-06-22 09:37:00,41.645,41.645,41.619,41.619,1064.0,CIEN
2023-06-22 09:36:00,41.61,41.66,41.59,41.66,1754.0,CIEN
2023-06-22 09:35:00,41.61,41.61,41.61,41.61,502.0,CIEN
2023-06-22 09:34:00,41.62,41.62,41.61,41.61,562.0,CIEN
2023-06-22 09:33:00,41.675,41.75,41.63,41.63,437.0,CIEN
2023-06-22 09:32:00,41.57,41.61,41.55,41.61,1688.0,CIEN
2023-06-22 09:31:00,41.55,41.55,41.46,41.46,1990.0,CIEN
2023-06-22 09:30:00,41.82,41.997,41.53,41.59,8391.0,CIEN
2023-06-21 19:00:00,41.87,41.87,41.87,41.87,151242.0,CIEN
2023-06-21 18:30:00,41.87,41.87,41.87,41.87,151242.0,CIEN
2023-06-21 18:22:00,42.21,42.21,42.21,42.21,1.0,CIEN
2023-06-21 16:20:00,41.87,41.87,41.87,41.87,212.0,CIEN
2023-06-21 16:18:00,41.87,41.87,41.87,41.87,1566.0,CIEN
2023-06-21 16:12:00,41.5,41.5,41.5,41.5,1.0,CIEN
2023-06-21 16:10:00,41.87,41.87,41.87,41.87,151242.0,CIEN
2023-06-21 16:06:00,41.352,41.352,41.351,41.352,1.0,CIEN
2023-06-21 16:02:00,41.87,41.87,41.87,41.87,448.0,CIEN
2023-06-21 16:01:00,41.87,41.87,41.87,41.87,37337.0,CIEN
2023-06-21 16:00:00,41.86,41.87,41.86,41.87,331933.0,CIEN
2023-06-21 15:59:00,41.905,41.91,41.86,41.87,45541.0,CIEN
2023-06-21 15:58:00,41.9,41.92,41.89,41.905,23182.0,CIEN
2023-06-21 15:57:00,41.935,41.935,41.9,41.91,11100.0,CIEN
2023-06-21 15:56:00,41.935,41.95,41.93,41.935,17021.0,CIEN
2023-06-21 15:55:00,41.955,41.96,41.91,41.935,21260.0,CIEN
2023-06-21 15:54:00,41.935,42.0,41.935,41.96,16282.0,CIEN
2023-06-21 15:53:00,41.995,41.995,41.93,41.93,9405.0,CIEN
2023-06-21 15:52:00,42.025,42.03,41.98,41.99,12304.0,CIEN
2023-06-21 15:51:00,42.04,42.04,42.01,42.03,12407.0,CIEN
2023-06-21 15:50:00,41.96,42.05,41.96,42.04,22267.0,CIEN
2023-06-21 15:49:00,42.0,42.0,41.96,41.96,11967.0,CIEN
2023-06-21 15:48:00,42.005,42.01,41.995,42.0,15618.0,CIEN
2023-06-21 15:47:00,42.015,42.04,42.0,42.0,10439.0,CIEN
2023-06-21 15:46:00,42.025,42.025,42.015,42.02,4693.0,CIEN
2023-06-21 15:45:00,42.04,42.04,42.015,42.025,4487.0,CIEN
2023-06-21 15:44:00,42.07,42.07,42.04,42.04,9041.0,CIEN
2023-06-21 15:43:00,42.065,42.08,42.06,42.07,5308.0,CIEN
2023-06-21 15:42:00,42.055,42.075,42.055,42.07,6975.0,CIEN
2023-06-21 15:41:00,42.08,42.085,42.055,42.06,4339.0,CIEN
2023-06-21 15:40:00,42.055,42.085,42.055,42.085,7964.0,CIEN
2023-06-21 15:39:00,42.045,42.055,42.025,42.055,8530.0,CIEN
2023-06-21 15:38:00,42.045,42.045,42.035,42.045,5654.0,CIEN
2023-06-21 15:37:00,42.035,42.04,42.025,42.04,4609.0,CIEN
2023-06-21 15:36:00,42.025,42.04,42.02,42.03,7329.0,CIEN
2023-06-21 15:35:00,42.045,42.045,42.03,42.03,2771.0,CIEN
2023-06-21 15:34:00,42.05,42.06,42.025,42.04,6316.0,CIEN
2023-06-21 15:33:00,41.995,42.04,41.995,42.04,6258.0,CIEN
2023-06-21 15:32:00,42.045,42.045,41.995,41.995,14293.0,CIEN
2023-06-21 15:31:00,42.04,42.059,42.035,42.05,7510.0,CIEN
2023-06-21 15:30:00,42.041,42.06,42.025,42.025,6819.0,CIEN
2023-06-21 15:29:00,42.08,42.08,42.04,42.04,3637.0,CIEN
2023-06-21 15:28:00,42.09,42.09,42.075,42.08,5523.0,CIEN
2023-06-21 15:27:00,42.08,42.085,42.08,42.085,988.0,CIEN
2023-06-21 15:26:00,42.06,42.07,42.055,42.07,1607.0,CIEN
2023-06-21 15:25:00,42.085,42.085,42.045,42.06,12989.0,CIEN
2023-06-21 15:24:00,42.1,42.1,42.09,42.09,2876.0,CIEN
2023-06-21 15:23:00,42.085,42.11,42.083,42.11,1115.0,CIEN
2023-06-21 15:22:00,42.09,42.1,42.075,42.085,7220.0,CIEN
2023-06-21 15:21:00,42.08,42.08,42.08,42.08,1212.0,CIEN
2023-06-21 15:20:00,42.07,42.08,42.055,42.08,5107.0,CIEN
2023-06-21 15:19:00,42.082,42.082,42.076,42.076,1609.0,CIEN
2023-06-21 15:18:00,42.07,42.09,42.07,42.09,2705.0,CIEN
2023-06-21 15:17:00,42.07,42.07,42.07,42.07,1680.0,CIEN
2023-06-21 15:16:00,42.07,42.09,42.07,42.08,1816.0,CIEN
2023-06-21 15:15:00,42.09,42.09,42.065,42.065,2732.0,CIEN
2023-06-21 15:14:00,42.07,42.09,42.07,42.09,1650.0,CIEN
2023-06-21 15:13:00,42.07,42.07,42.07,42.07,396.0,CIEN
2023-06-21 15:12:00,42.1,42.1,42.075,42.08,4769.0,CIEN
2023-06-21 15:11:00,42.08,42.095,42.08,42.095,2161.0,CIEN
2023-06-21 15:10:00,42.06,42.08,42.06,42.07,4411.0,CIEN
2023-06-21 15:09:00,42.05,42.05,42.05,42.05,2948.0,CIEN
2023-06-21 15:08:00,42.05,42.06,42.05,42.06,3631.0,CIEN
2023-06-21 15:07:00,42.035,42.06,42.03,42.05,2958.0,CIEN
2023-06-21 15:06:00,42.03,42.04,42.03,42.03,450.0,CIEN
2023-06-21 15:05:00,42.04,42.05,42.02,42.03,3956.0,CIEN
2023-06-21 15:04:00,42.109,42.109,42.04,42.04,6520.0,CIEN
2023-06-21 15:03:00,42.1,42.107,42.095,42.107,1920.0,CIEN
2023-06-21 15:02:00,42.095,42.105,42.095,42.105,1228.0,CIEN
2023-06-21 15:01:00,42.11,42.11,42.09,42.095,3702.0,CIEN
2023-06-21 15:00:00,42.14,42.14,42.11,42.12,2391.0,CIEN
2023-06-21 14:59:00,42.131,42.145,42.131,42.14,1482.0,CIEN
2023-06-21 14:57:00,42.14,42.15,42.14,42.14,1939.0,CIEN
2023-06-21 14:56:00,42.16,42.16,42.14,42.14,735.0,CIEN
2023-06-21 14:55:00,42.17,42.18,42.16,42.17,3227.0,CIEN
2023-06-21 14:54:00,42.18,42.18,42.18,42.18,338.0,CIEN
2023-06-21 14:53:00,42.18,42.19,42.18,42.18,3881.0,CIEN
2023-06-21 14:52:00,42.16,42.17,42.16,42.17,2717.0,CIEN
2023-06-21 14:51:00,42.15,42.15,42.13,42.14,1401.0,CIEN
2023-06-21 14:50:00,42.15,42.15,42.15,42.15,309.0,CIEN
2023-06-21 14:49:00,42.16,42.16,42.15,42.15,1203.0,CIEN
2023-06-21 14:48:00,42.18,42.18,42.17,42.17,3606.0,CIEN
2023-06-21 14:47:00,42.1,42.16,42.1,42.16,3114.0,CIEN
2023-06-21 14:46:00,42.11,42.11,42.11,42.11,800.0,CIEN
2023-06-21 14:45:00,42.11,42.12,42.105,42.11,1946.0,CIEN
2023-06-21 14:44:00,42.11,42.11,42.103,42.103,3302.0,CIEN
2023-06-21 14:43:00,42.1,42.115,42.1,42.11,1480.0,CIEN
2023-06-21 14:42:00,42.09,42.114,42.09,42.114,2005.0,CIEN
2023-06-21 14:41:00,42.11,42.11,42.08,42.08,3626.0,CIEN
2023-06-21 14:40:00,42.11,42.12,42.104,42.12,1721.0,CIEN
2023-06-21 14:39:00,42.085,42.1,42.08,42.1,2375.0,CIEN
2023-06-21 14:38:00,42.09,42.09,42.08,42.08,12490.0,CIEN
2023-06-21 14:37:00,42.09,42.1,42.09,42.1,998.0,CIEN
2023-06-21 14:36:00,42.11,42.11,42.1,42.1,2114.0,CIEN
2023-06-21 14:35:00,42.16,42.16,42.12,42.12,4966.0,CIEN
2023-06-21 14:34:00,42.18,42.18,42.155,42.155,1873.0,CIEN
2023-06-21 14:33:00,42.2,42.2,42.18,42.18,2003.0,CIEN
2023-06-21 14:32:00,42.18,42.2,42.18,42.2,2488.0,CIEN
2023-06-21 14:31:00,42.175,42.18,42.17,42.17,2890.0,CIEN
2023-06-21 14:30:00,42.181,42.195,42.175,42.18,5274.0,CIEN
2023-06-21 14:29:00,42.175,42.188,42.175,42.188,1924.0,CIEN
2023-06-21 14:28:00,42.18,42.19,42.18,42.18,956.0,CIEN
2023-06-21 14:27:00,42.18,42.19,42.18,42.18,2387.0,CIEN
2023-06-21 14:26:00,42.18,42.18,42.18,42.18,1352.0,CIEN
2023-06-21 14:25:00,42.195,42.195,42.18,42.18,2946.0,CIEN
2023-06-21 14:24:00,42.19,42.19,42.19,42.19,567.0,CIEN
2023-06-21 14:23:00,42.26,42.26,42.2,42.2,2390.0,CIEN
2023-06-21 14:22:00,42.26,42.26,42.26,42.26,2000.0,CIEN
2023-06-21 14:21:00,42.27,42.27,42.25,42.26,1785.0,CIEN
2023-06-21 14:20:00,42.28,42.299,42.28,42.28,2989.0,CIEN
2023-06-21 14:19:00,42.26,42.28,42.26,42.28,2572.0,CIEN
2023-06-21 14:18:00,42.24,42.25,42.24,42.25,1936.0,CIEN
2023-06-21 14:17:00,42.248,42.248,42.24,42.24,1078.0,CIEN
2023-06-21 14:16:00,42.24,42.25,42.24,42.24,2277.0,CIEN
2023-06-21 14:15:00,42.245,42.245,42.24,42.24,1268.0,CIEN
2023-06-21 14:14:00,42.23,42.247,42.23,42.247,1346.0,CIEN
2023-06-21 14:13:00,42.22,42.22,42.22,42.22,1106.0,CIEN
2023-06-21 14:11:00,42.17,42.22,42.17,42.22,4531.0,CIEN
2023-06-21 14:10:00,42.2,42.2,42.15,42.165,5210.0,CIEN
2023-06-21 14:09:00,42.22,42.22,42.22,42.22,656.0,CIEN
2023-06-21 14:08:00,42.2,42.22,42.2,42.21,871.0,CIEN
2023-06-21 14:07:00,42.2,42.22,42.2,42.21,2623.0,CIEN
2023-06-21 14:06:00,42.18,42.2,42.18,42.2,975.0,CIEN
2023-06-21 14:05:00,42.19,42.19,42.17,42.17,1117.0,CIEN
2023-06-21 14:04:00,42.17,42.2,42.17,42.19,1904.0,CIEN
2023-06-21 14:03:00,42.19,42.19,42.17,42.17,1290.0,CIEN
2023-06-21 14:02:00,42.21,42.21,42.18,42.195,2817.0,CIEN
2023-06-21 14:01:00,42.22,42.22,42.22,42.22,442.0,CIEN
2023-06-21 14:00:00,42.26,42.265,42.23,42.23,2174.0,CIEN
2023-06-21 13:59:00,42.27,42.27,42.245,42.25,3105.0,CIEN
2023-06-21 13:58:00,42.27,42.285,42.27,42.28,2023.0,CIEN
2023-06-21 13:57:00,42.25,42.27,42.25,42.265,5321.0,CIEN
2023-06-21 13:56:00,42.24,42.255,42.24,42.25,2690.0,CIEN
2023-06-21 13:55:00,42.265,42.265,42.24,42.25,1562.0,CIEN
2023-06-21 13:54:00,42.26,42.26,42.26,42.26,144.0,CIEN
2023-06-21 13:53:00,42.26,42.26,42.26,42.26,556.0,CIEN
2023-06-21 13:52:00,42.25,42.265,42.242,42.26,4087.0,CIEN
2023-06-21 13:51:00,42.22,42.245,42.22,42.243,2748.0,CIEN
2023-06-21 13:50:00,42.2,42.23,42.2,42.22,2331.0,CIEN
2023-06-21 13:49:00,42.21,42.21,42.21,42.21,646.0,CIEN
2023-06-21 13:48:00,42.223,42.223,42.209,42.209,1489.0,CIEN
2023-06-21 13:47:00,42.195,42.23,42.195,42.225,3269.0,CIEN
2023-06-21 13:46:00,42.2,42.205,42.2,42.2,1881.0,CIEN
2023-06-21 13:45:00,42.2,42.21,42.192,42.193,4388.0,CIEN
2023-06-21 13:44:00,42.175,42.2,42.17,42.2,4432.0,CIEN
2023-06-21 13:43:00,42.135,42.175,42.132,42.175,5189.0,CIEN
2023-06-21 13:42:00,42.11,42.14,42.11,42.135,5488.0,CIEN
2023-06-21 13:41:00,42.12,42.12,42.11,42.115,5060.0,CIEN
2023-06-21 13:40:00,42.12,42.13,42.12,42.13,611.0,CIEN
2023-06-21 13:39:00,42.07,42.12,42.07,42.12,2102.0,CIEN
2023-06-21 13:38:00,42.075,42.095,42.065,42.065,24910.0,CIEN
2023-06-21 13:37:00,42.07,42.08,42.07,42.08,1263.0,CIEN
2023-06-21 13:36:00,42.08,42.08,42.065,42.065,986.0,CIEN
2023-06-21 13:35:00,42.067,42.07,42.064,42.07,1451.0,CIEN
2023-06-21 13:34:00,42.06,42.067,42.06,42.06,1645.0,CIEN
2023-06-21 13:33:00,42.02,42.06,42.02,42.06,4524.0,CIEN
2023-06-21 13:31:00,42.0,42.01,42.0,42.0,2233.0,CIEN
2023-06-21 13:30:00,41.98,42.0,41.98,42.0,4978.0,CIEN
2023-06-21 13:29:00,42.0,42.017,42.0,42.0,2974.0,CIEN
2023-06-21 13:28:00,42.01,42.01,42.0,42.0,1099.0,CIEN
2023-06-21 13:27:00,42.01,42.01,42.0,42.0,502.0,CIEN
2023-06-21 13:26:00,42.02,42.02,41.987,41.987,1793.0,CIEN
2023-06-21 13:25:00,42.0,42.06,42.0,42.03,15445.0,CIEN
2023-06-21 13:24:00,42.04,42.04,42.0,42.0,2563.0,CIEN
2023-06-21 13:23:00,42.009,42.02,42.0,42.02,5612.0,CIEN
2023-06-21 13:22:00,42.01,42.01,42.0,42.0,2278.0,CIEN
2023-06-21 13:21:00,41.99,42.0,41.98,42.0,6498.0,CIEN
2023-06-21 13:20:00,42.01,42.01,41.98,41.99,3969.0,CIEN
2023-06-21 13:19:00,42.0,42.01,41.992,42.01,4277.0,CIEN
2023-06-21 13:18:00,42.0,42.01,41.992,42.0,5223.0,CIEN
2023-06-21 13:17:00,42.0,42.019,42.0,42.0,1789.0,CIEN
2023-06-21 13:16:00,41.97,42.0,41.96,42.0,3998.0,CIEN
2023-06-21 13:15:00,41.945,41.945,41.945,41.945,710.0,CIEN
2023-06-21 13:14:00,41.93,41.955,41.93,41.95,2270.0,CIEN
2023-06-21 13:13:00,41.95,41.95,41.93,41.93,953.0,CIEN
2023-06-21 13:12:00,41.97,41.97,41.97,41.97,230.0,CIEN
2023-06-21 13:11:00,41.97,41.97,41.95,41.96,2176.0,CIEN
2023-06-21 13:10:00,42.02,42.033,41.98,41.98,2265.0,CIEN
2023-06-21 13:09:00,42.02,42.02,42.02,42.02,719.0,CIEN
2023-06-21 13:08:00,41.93,42.0,41.93,41.99,4348.0,CIEN
2023-06-21 13:07:00,41.935,41.935,41.93,41.93,285.0,CIEN
2023-06-21 13:06:00,41.9,41.93,41.9,41.93,2256.0,CIEN
2023-06-21 13:05:00,41.89,41.92,41.89,41.91,1577.0,CIEN
2023-06-21 13:04:00,41.83,41.895,41.83,41.89,1886.0,CIEN
2023-06-21 13:03:00,41.82,41.82,41.81,41.82,1026.0,CIEN
2023-06-21 13:02:00,41.815,41.815,41.815,41.815,302.0,CIEN
2023-06-21 13:01:00,41.8,41.8,41.78,41.79,1556.0,CIEN
2023-06-21 13:00:00,41.78,41.8,41.77,41.8,4120.0,CIEN
2023-06-21 12:59:00,41.79,41.81,41.79,41.79,1778.0,CIEN
2023-06-21 12:58:00,41.79,41.82,41.785,41.8,2349.0,CIEN
2023-06-21 12:57:00,41.74,41.79,41.74,41.78,13073.0,CIEN
2023-06-21 12:56:00,41.73,41.76,41.72,41.74,5695.0,CIEN
2023-06-21 12:55:00,41.7,41.735,41.7,41.725,3972.0,CIEN
2023-06-21 12:54:00,41.68,41.7,41.68,41.7,1419.0,CIEN
2023-06-21 12:53:00,41.72,41.72,41.69,41.69,1660.0,CIEN
2023-06-21 12:52:00,41.696,41.725,41.696,41.725,1723.0,CIEN
2023-06-21 12:51:00,41.71,41.71,41.7,41.705,832.0,CIEN
2023-06-21 12:50:00,41.745,41.765,41.72,41.73,14814.0,CIEN
2023-06-21 12:49:00,41.78,41.78,41.77,41.77,2768.0,CIEN
2023-06-21 12:48:00,41.78,41.78,41.77,41.774,2636.0,CIEN
2023-06-21 12:47:00,41.8,41.8,41.78,41.785,751.0,CIEN
2023-06-21 12:46:00,41.79,41.8,41.785,41.8,1068.0,CIEN
2023-06-21 12:45:00,41.83,41.87,41.815,41.815,4383.0,CIEN
2023-06-21 12:44:00,41.82,41.83,41.82,41.83,1031.0,CIEN
2023-06-21 12:43:00,41.85,41.855,41.83,41.84,5458.0,CIEN
2023-06-21 12:42:00,41.81,41.85,41.81,41.85,3291.0,CIEN
2023-06-21 12:41:00,41.8,41.805,41.8,41.805,638.0,CIEN
2023-06-21 12:40:00,41.735,41.81,41.735,41.8,3506.0,CIEN
2023-06-21 12:38:00,41.77,41.79,41.74,41.74,5797.0,CIEN
2023-06-21 12:37:00,41.84,41.85,41.735,41.76,11231.0,CIEN
2023-06-21 12:36:00,41.865,41.87,41.84,41.84,1411.0,CIEN
2023-06-21 12:35:00,41.885,41.895,41.865,41.865,6074.0,CIEN
2023-06-21 12:34:00,41.905,41.905,41.85,41.88,18035.0,CIEN
2023-06-21 12:33:00,41.91,41.92,41.89,41.905,15708.0,CIEN
2023-06-21 12:32:00,41.82,41.91,41.82,41.91,21161.0,CIEN
2023-06-21 12:31:00,41.775,41.8,41.76,41.8,13453.0,CIEN
2023-06-21 12:30:00,41.74,41.78,41.74,41.775,20822.0,CIEN
2023-06-21 12:29:00,41.69,41.74,41.69,41.74,26131.0,CIEN
2023-06-21 12:28:00,41.58,41.68,41.58,41.68,23713.0,CIEN
2023-06-21 12:27:00,41.6,41.62,41.55,41.58,52167.0,CIEN
2023-06-21 12:26:00,41.59,41.63,41.57,41.59,16173.0,CIEN
2023-06-21 12:25:00,41.62,41.62,41.57,41.58,24652.0,CIEN
2023-06-21 12:24:00,41.64,41.65,41.62,41.62,6573.0,CIEN
2023-06-21 12:23:00,41.69,41.69,41.64,41.64,9239.0,CIEN
2023-06-21 12:22:00,41.7,41.7,41.69,41.69,1815.0,CIEN
2023-06-21 12:21:00,41.66,41.7,41.66,41.69,4585.0,CIEN
2023-06-21 12:20:00,41.66,41.71,41.65,41.67,19320.0,CIEN
2023-06-21 12:19:00,41.655,41.67,41.63,41.66,10297.0,CIEN
2023-06-21 12:18:00,41.68,41.69,41.64,41.665,6167.0,CIEN
2023-06-21 12:17:00,41.655,41.7,41.65,41.68,7238.0,CIEN
2023-06-21 12:16:00,41.68,41.68,41.61,41.655,8286.0,CIEN
2023-06-21 12:15:00,41.64,41.68,41.62,41.68,10593.0,CIEN
2023-06-21 12:14:00,41.63,41.65,41.63,41.63,5135.0,CIEN
2023-06-21 12:13:00,41.64,41.64,41.599,41.6,8595.0,CIEN
2023-06-21 12:12:00,41.63,41.645,41.62,41.63,4627.0,CIEN
2023-06-21 12:11:00,41.67,41.68,41.62,41.62,3821.0,CIEN
2023-06-21 12:10:00,41.65,41.68,41.61,41.68,11461.0,CIEN
2023-06-21 12:09:00,41.73,41.73,41.66,41.66,4789.0,CIEN
2023-06-21 12:08:00,41.755,41.76,41.74,41.74,2950.0,CIEN
2023-06-21 12:07:00,41.8,41.8,41.75,41.755,7102.0,CIEN
2023-06-21 12:06:00,41.8,41.81,41.78,41.79,7740.0,CIEN
2023-06-21 12:05:00,41.78,41.81,41.78,41.782,7925.0,CIEN
2023-06-21 12:04:00,41.77,41.82,41.77,41.78,10153.0,CIEN
2023-06-21 12:03:00,41.77,41.81,41.75,41.79,8358.0,CIEN
2023-06-21 12:02:00,41.74,41.77,41.72,41.77,12236.0,CIEN
2023-06-21 12:01:00,41.78,41.79,41.73,41.74,19603.0,CIEN
2023-06-21 12:00:00,41.82,41.87,41.79,41.79,53830.0,CIEN
2023-06-21 11:59:00,41.84,41.84,41.81,41.82,17282.0,CIEN
2023-06-21 11:58:00,41.86,41.91,41.811,41.82,21431.0,CIEN
2023-06-21 11:57:00,41.86,41.88,41.855,41.86,3553.0,CIEN
2023-06-21 11:56:00,41.88,41.88,41.85,41.85,2964.0,CIEN
2023-06-21 11:55:00,41.8,41.86,41.79,41.86,8299.0,CIEN
2023-06-21 11:54:00,41.8,41.81,41.79,41.79,7180.0,CIEN
2023-06-21 11:53:00,41.77,41.82,41.765,41.799,3461.0,CIEN
2023-06-21 11:52:00,41.75,41.8,41.75,41.78,3991.0,CIEN
2023-06-21 11:51:00,41.75,41.765,41.73,41.75,9339.0,CIEN
2023-06-21 11:50:00,41.83,41.84,41.76,41.76,11297.0,CIEN
2023-06-21 11:49:00,41.8,41.85,41.8,41.83,5365.0,CIEN
2023-06-21 11:48:00,41.81,41.81,41.78,41.8,7785.0,CIEN
2023-06-21 11:47:00,41.788,41.83,41.78,41.8,10116.0,CIEN
2023-06-21 11:46:00,41.795,41.8,41.75,41.78,48263.0,CIEN
2023-06-21 11:45:00,41.78,41.81,41.75,41.8,14911.0,CIEN
2023-06-21 11:44:00,41.86,41.86,41.77,41.78,13378.0,CIEN
2023-06-21 11:43:00,41.91,41.92,41.875,41.875,11992.0,CIEN
2023-06-21 11:42:00,41.81,41.9,41.8,41.9,11133.0,CIEN
2023-06-21 11:41:00,41.82,41.82,41.8,41.8,1115.0,CIEN
2023-06-21 11:40:00,41.73,41.81,41.73,41.81,11452.0,CIEN
2023-06-21 11:39:00,41.77,41.78,41.73,41.73,6415.0,CIEN
2023-06-21 11:38:00,41.76,41.79,41.76,41.77,16563.0,CIEN
2023-06-21 11:37:00,41.74,41.77,41.74,41.75,4780.0,CIEN
2023-06-21 11:36:00,41.74,41.769,41.735,41.74,15232.0,CIEN
2023-06-21 11:35:00,41.795,41.795,41.75,41.75,1507.0,CIEN
2023-06-21 11:34:00,41.8,41.8,41.78,41.8,3588.0,CIEN
2023-06-21 11:33:00,41.81,41.825,41.75,41.81,10650.0,CIEN
2023-06-21 11:32:00,41.83,41.83,41.8,41.81,17389.0,CIEN
2023-06-21 11:31:00,41.817,41.85,41.816,41.817,4553.0,CIEN
2023-06-21 11:30:00,41.88,41.88,41.79,41.82,23646.0,CIEN
2023-06-21 11:29:00,41.89,41.92,41.89,41.89,2567.0,CIEN
2023-06-21 11:28:00,41.89,41.9,41.88,41.9,4197.0,CIEN
2023-06-21 11:27:00,41.86,41.89,41.85,41.875,10957.0,CIEN
2023-06-21 11:26:00,41.86,41.92,41.86,41.88,11251.0,CIEN
2023-06-21 11:25:00,41.825,41.87,41.821,41.86,10643.0,CIEN
2023-06-21 11:24:00,41.85,41.86,41.795,41.798,12004.0,CIEN
2023-06-21 11:23:00,41.83,41.895,41.83,41.87,8107.0,CIEN
2023-06-21 11:22:00,41.875,41.89,41.85,41.85,6441.0,CIEN
2023-06-21 11:21:00,41.86,41.88,41.86,41.87,3902.0,CIEN
2023-06-21 11:20:00,41.83,41.87,41.815,41.86,3250.0,CIEN
2023-06-21 11:19:00,41.88,41.88,41.82,41.83,8380.0,CIEN
2023-06-21 11:18:00,41.88,41.908,41.85,41.88,7745.0,CIEN
2023-06-21 11:17:00,41.88,41.89,41.87,41.89,2382.0,CIEN
2023-06-21 11:16:00,41.87,41.92,41.87,41.88,5014.0,CIEN
2023-06-21 11:15:00,41.84,41.86,41.81,41.85,8048.0,CIEN
2023-06-21 11:14:00,41.78,41.85,41.78,41.845,11404.0,CIEN
2023-06-21 11:13:00,41.764,41.77,41.75,41.77,5359.0,CIEN
2023-06-21 11:12:00,41.69,41.76,41.68,41.76,7368.0,CIEN
2023-06-21 11:11:00,41.71,41.71,41.67,41.69,2551.0,CIEN
2023-06-21 11:10:00,41.73,41.75,41.68,41.71,6325.0,CIEN
2023-06-21 11:09:00,41.725,41.725,41.71,41.717,1866.0,CIEN
2023-06-21 11:08:00,41.74,41.77,41.71,41.71,8460.0,CIEN
2023-06-21 11:07:00,41.79,41.79,41.74,41.74,2258.0,CIEN
2023-06-21 11:06:00,41.85,41.85,41.78,41.785,7707.0,CIEN
2023-06-21 11:05:00,41.88,41.915,41.87,41.89,6812.0,CIEN
2023-06-21 11:04:00,41.86,41.88,41.86,41.865,4273.0,CIEN
2023-06-21 11:03:00,41.88,41.88,41.85,41.88,9377.0,CIEN
2023-06-21 11:02:00,41.92,41.92,41.88,41.89,2624.0,CIEN
2023-06-21 11:01:00,41.9,41.94,41.885,41.93,10263.0,CIEN
2023-06-21 11:00:00,41.855,41.899,41.84,41.88,20033.0,CIEN
2023-06-21 10:59:00,41.8,41.85,41.8,41.85,4738.0,CIEN
2023-06-21 10:58:00,41.79,41.81,41.77,41.8,11407.0,CIEN
2023-06-21 10:57:00,41.73,41.8,41.73,41.79,7932.0,CIEN
2023-06-21 10:56:00,41.82,41.82,41.74,41.75,12941.0,CIEN
2023-06-21 10:55:00,41.83,41.84,41.805,41.84,3547.0,CIEN
2023-06-21 10:54:00,41.81,41.83,41.78,41.829,9031.0,CIEN
2023-06-21 10:53:00,41.755,41.825,41.755,41.81,10235.0,CIEN
2023-06-21 10:52:00,41.79,41.795,41.76,41.76,2276.0,CIEN
2023-06-21 10:51:00,41.7,41.77,41.7,41.77,6501.0,CIEN
2023-06-21 10:50:00,41.77,41.79,41.72,41.72,10580.0,CIEN
2023-06-21 10:49:00,41.77,41.79,41.77,41.77,3509.0,CIEN
2023-06-21 10:48:00,41.82,41.9,41.78,41.79,47571.0,CIEN
2023-06-21 10:47:00,41.864,41.9,41.83,41.86,11636.0,CIEN
2023-06-21 10:46:00,41.84,41.87,41.84,41.87,2889.0,CIEN
2023-06-21 10:45:00,41.88,41.88,41.83,41.84,7035.0,CIEN
2023-06-21 10:44:00,41.92,41.96,41.875,41.88,6741.0,CIEN
2023-06-21 10:43:00,41.97,41.99,41.92,41.92,10637.0,CIEN
2023-06-21 10:42:00,41.935,42.0,41.935,41.965,11774.0,CIEN
2023-06-21 10:41:00,41.93,41.95,41.927,41.935,2971.0,CIEN
2023-06-21 10:40:00,41.9,42.01,41.9,41.93,15515.0,CIEN
2023-06-21 10:39:00,41.842,41.9,41.84,41.895,3822.0,CIEN
2023-06-21 10:38:00,41.78,41.84,41.77,41.835,10298.0,CIEN
2023-06-21 10:37:00,41.82,41.82,41.77,41.77,12892.0,CIEN
2023-06-21 10:36:00,41.875,41.875,41.85,41.85,625.0,CIEN
2023-06-21 10:35:00,41.945,41.945,41.89,41.89,3232.0,CIEN
2023-06-21 10:34:00,41.94,41.98,41.94,41.95,10035.0,CIEN
2023-06-21 10:33:00,41.85,41.86,41.81,41.86,4692.0,CIEN
2023-06-21 10:32:00,41.87,41.88,41.84,41.84,3223.0,CIEN
2023-06-21 10:31:00,41.89,41.89,41.86,41.88,2705.0,CIEN
2023-06-21 10:30:00,41.93,41.94,41.91,41.91,2857.0,CIEN
2023-06-21 10:29:00,41.88,41.92,41.88,41.92,2505.0,CIEN
2023-06-21 10:28:00,41.93,41.93,41.9,41.915,1426.0,CIEN
2023-06-21 10:27:00,41.88,41.96,41.88,41.96,5344.0,CIEN
2023-06-21 10:26:00,41.91,41.92,41.89,41.89,1842.0,CIEN
2023-06-21 10:25:00,41.96,41.96,41.895,41.93,2765.0,CIEN
2023-06-21 10:24:00,42.05,42.06,41.98,41.98,3935.0,CIEN
2023-06-21 10:23:00,42.05,42.06,42.045,42.05,1732.0,CIEN
2023-06-21 10:22:00,42.02,42.02,42.02,42.02,1082.0,CIEN
2023-06-21 10:21:00,41.995,42.03,41.995,42.02,1024.0,CIEN
2023-06-21 10:20:00,42.01,42.035,41.98,41.98,2540.0,CIEN
2023-06-21 10:19:00,42.0,42.0,41.98,42.0,785.0,CIEN
2023-06-21 10:18:00,41.98,41.99,41.965,41.99,2228.0,CIEN
2023-06-21 10:17:00,42.01,42.01,41.94,41.94,1282.0,CIEN
2023-06-21 10:16:00,41.95,42.03,41.89,42.028,9105.0,CIEN
2023-06-21 10:15:00,41.915,41.98,41.91,41.98,10893.0,CIEN
2023-06-21 10:14:00,41.92,41.92,41.895,41.92,1848.0,CIEN
2023-06-21 10:13:00,41.97,41.98,41.93,41.93,2229.0,CIEN
2023-06-21 10:12:00,41.84,41.97,41.84,41.94,4135.0,CIEN
2023-06-21 10:11:00,41.875,41.875,41.82,41.84,2347.0,CIEN
2023-06-21 10:10:00,41.885,41.92,41.87,41.915,5652.0,CIEN
2023-06-21 10:09:00,42.01,42.035,41.87,41.9,7948.0,CIEN
2023-06-21 10:08:00,42.02,42.03,41.99,42.01,9229.0,CIEN
2023-06-21 10:07:00,41.96,42.06,41.96,42.03,9570.0,CIEN
2023-06-21 10:06:00,42.0,42.0,41.93,41.975,15461.0,CIEN
2023-06-21 10:05:00,42.03,42.07,42.02,42.03,4351.0,CIEN
2023-06-21 10:04:00,42.11,42.12,42.005,42.01,2537.0,CIEN
2023-06-21 10:03:00,42.1,42.12,42.05,42.107,6250.0,CIEN
2023-06-21 10:02:00,42.12,42.16,42.115,42.16,3239.0,CIEN
2023-06-21 10:01:00,42.3,42.3,42.135,42.135,2685.0,CIEN
2023-06-21 10:00:00,42.37,42.385,42.3,42.3,4689.0,CIEN
2023-06-21 09:59:00,42.364,42.375,42.36,42.37,4866.0,CIEN
2023-06-21 09:58:00,42.32,42.36,42.3,42.36,4104.0,CIEN
2023-06-21 09:57:00,42.33,42.34,42.3,42.325,3324.0,CIEN
2023-06-21 09:56:00,42.355,42.355,42.33,42.33,909.0,CIEN
2023-06-21 09:55:00,42.3,42.33,42.29,42.328,8618.0,CIEN
2023-06-21 09:54:00,42.325,42.325,42.29,42.3,36437.0,CIEN
2023-06-21 09:53:00,42.36,42.36,42.311,42.335,560.0,CIEN
2023-06-21 09:52:00,42.3,42.36,42.3,42.36,7587.0,CIEN
2023-06-21 09:51:00,42.15,42.32,42.15,42.31,27644.0,CIEN
2023-06-21 09:50:00,42.12,42.174,42.12,42.145,1588.0,CIEN
2023-06-21 09:49:00,41.995,42.09,41.995,42.09,5518.0,CIEN
2023-06-21 09:48:00,42.035,42.09,42.035,42.04,8413.0,CIEN
2023-06-21 09:47:00,42.1,42.125,42.0,42.0,2854.0,CIEN
2023-06-21 09:46:00,41.98,42.092,41.98,42.08,3466.0,CIEN
2023-06-21 09:45:00,41.99,41.99,41.96,41.96,732.0,CIEN
2023-06-21 09:44:00,41.95,41.96,41.93,41.95,1432.0,CIEN
2023-06-21 09:43:00,42.0,42.02,41.95,41.997,4453.0,CIEN
2023-06-21 09:42:00,42.08,42.08,41.92,41.96,5700.0,CIEN
2023-06-21 09:41:00,42.14,42.14,42.008,42.05,8110.0,CIEN
2023-06-21 09:40:00,42.22,42.22,42.122,42.122,4542.0,CIEN
2023-06-21 09:39:00,42.156,42.24,42.14,42.24,3800.0,CIEN
2023-06-21 09:38:00,42.19,42.2,42.14,42.17,2710.0,CIEN
2023-06-21 09:37:00,42.229,42.26,42.2,42.21,2132.0,CIEN
2023-06-21 09:36:00,42.3,42.32,42.24,42.24,3484.0,CIEN
2023-06-21 09:35:00,42.31,42.36,42.3,42.3,1567.0,CIEN
2023-06-21 09:34:00,42.31,42.31,42.31,42.31,594.0,CIEN
2023-06-21 09:33:00,42.504,42.504,42.35,42.4,2766.0,CIEN
2023-06-21 09:32:00,42.51,42.54,42.49,42.54,868.0,CIEN
2023-06-21 09:31:00,42.46,42.56,42.46,42.56,1075.0,CIEN
2023-06-21 09:30:00,42.52,42.555,42.39,42.449,43070.0,CIEN
2023-06-21 09:29:00,42.7,42.72,42.55,42.55,874.0,CIEN
2023-06-21 08:31:00,42.97,42.97,42.97,42.97,2.0,CIEN
2023-06-21 08:00:00,43.05,43.05,43.05,43.05,3.0,CIEN
2023-06-21 07:41:00,43.04,43.04,43.04,43.04,1.0,CIEN
2023-06-20 19:00:00,43.05,43.05,43.05,43.05,173244.0,CIEN
2023-06-20 18:30:00,43.05,43.05,43.05,43.05,173244.0,CIEN
2023-06-20 17:04:00,43.24,43.24,43.24,43.24,1.0,CIEN
2023-06-20 16:58:00,43.24,43.24,43.24,43.24,10.0,CIEN
2023-06-20 16:17:00,45.39,45.39,45.39,45.39,42.0,CIEN
2023-06-20 16:10:00,43.05,43.05,42.73,42.73,173245.0,CIEN
2023-06-20 16:07:00,42.702,42.702,42.701,42.702,1.0,CIEN
2023-06-20 16:02:00,43.05,43.05,43.05,43.05,241.0,CIEN
2023-06-20 16:01:00,43.05,43.05,43.0,43.05,37599.0,CIEN
2023-06-20 16:00:00,43.05,43.05,43.05,43.05,371354.0,CIEN
2023-06-20 15:59:00,43.09,43.09,43.02,43.05,108567.0,CIEN
2023-06-20 15:58:00,43.09,43.1,43.09,43.09,22412.0,CIEN
2023-06-20 15:57:00,43.095,43.1,43.09,43.09,21800.0,CIEN
2023-06-20 15:56:00,43.08,43.11,43.06,43.1,28203.0,CIEN
2023-06-20 15:55:00,43.05,43.11,43.04,43.08,33631.0,CIEN
2023-06-20 15:54:00,43.13,43.13,43.04,43.04,24458.0,CIEN
2023-06-20 15:53:00,43.13,43.135,43.125,43.13,14974.0,CIEN
2023-06-20 15:52:00,43.14,43.145,43.125,43.13,8627.0,CIEN
2023-06-20 15:51:00,43.15,43.165,43.135,43.145,15377.0,CIEN
2023-06-20 15:50:00,43.13,43.165,43.13,43.155,13602.0,CIEN
2023-06-20 15:49:00,43.11,43.14,43.11,43.13,16388.0,CIEN
2023-06-20 15:48:00,43.11,43.115,43.11,43.115,3766.0,CIEN
2023-06-20 15:47:00,43.09,43.12,43.081,43.11,11420.0,CIEN
2023-06-20 15:46:00,43.12,43.125,43.09,43.09,10281.0,CIEN
2023-06-20 15:45:00,43.06,43.125,43.06,43.12,13080.0,CIEN
2023-06-20 15:44:00,43.075,43.075,43.05,43.05,5702.0,CIEN
2023-06-20 15:43:00,43.07,43.09,43.05,43.08,17683.0,CIEN
2023-06-20 15:42:00,43.091,43.091,43.07,43.075,3771.0,CIEN
2023-06-20 15:41:00,43.09,43.1,43.08,43.095,10088.0,CIEN
2023-06-20 15:40:00,43.09,43.105,43.081,43.091,7998.0,CIEN
2023-06-20 15:39:00,43.09,43.095,43.085,43.09,7171.0,CIEN
2023-06-20 15:38:00,43.075,43.09,43.06,43.09,8583.0,CIEN
2023-06-20 15:37:00,43.07,43.08,43.06,43.08,6118.0,CIEN
2023-06-20 15:36:00,43.07,43.075,43.05,43.071,4009.0,CIEN
2023-06-20 15:35:00,43.07,43.07,43.05,43.07,6161.0,CIEN
2023-06-20 15:34:00,43.06,43.07,43.05,43.07,7146.0,CIEN
2023-06-20 15:33:00,43.06,43.07,43.035,43.07,10080.0,CIEN
2023-06-20 15:32:00,43.09,43.1,43.06,43.06,13296.0,CIEN
2023-06-20 15:31:00,43.14,43.15,43.09,43.11,18219.0,CIEN
2023-06-20 15:30:00,43.14,43.14,43.12,43.135,4929.0,CIEN
2023-06-20 15:29:00,43.141,43.16,43.13,43.13,9239.0,CIEN
2023-06-20 15:28:00,43.15,43.15,43.13,43.13,3643.0,CIEN
2023-06-20 15:27:00,43.15,43.17,43.13,43.16,6098.0,CIEN
2023-06-20 15:26:00,43.16,43.16,43.131,43.15,6812.0,CIEN
2023-06-20 15:25:00,43.135,43.17,43.135,43.17,7881.0,CIEN
2023-06-20 15:24:00,43.14,43.15,43.13,43.13,4641.0,CIEN
2023-06-20 15:23:00,43.12,43.165,43.12,43.14,7684.0,CIEN
2023-06-20 15:22:00,43.045,43.12,43.042,43.12,3826.0,CIEN
2023-06-20 15:21:00,43.075,43.1,43.04,43.04,9002.0,CIEN
2023-06-20 15:20:00,43.045,43.09,43.045,43.075,7785.0,CIEN
2023-06-20 15:19:00,42.98,43.05,42.98,43.05,12674.0,CIEN
2023-06-20 15:18:00,42.972,42.98,42.96,42.97,5978.0,CIEN
2023-06-20 15:17:00,42.96,42.995,42.95,42.98,8335.0,CIEN
2023-06-20 15:16:00,42.96,42.98,42.96,42.97,3974.0,CIEN
2023-06-20 15:15:00,42.95,42.98,42.95,42.975,9888.0,CIEN
2023-06-20 15:14:00,42.96,42.98,42.95,42.95,6766.0,CIEN
2023-06-20 15:13:00,43.0,43.0,42.95,42.95,6981.0,CIEN
2023-06-20 15:12:00,43.01,43.03,42.995,43.0,10013.0,CIEN
2023-06-20 15:11:00,42.995,43.02,42.98,43.01,8033.0,CIEN
2023-06-20 15:10:00,43.03,43.04,43.01,43.01,5358.0,CIEN
2023-06-20 15:09:00,43.0,43.02,43.0,43.02,6163.0,CIEN
2023-06-20 15:08:00,42.99,43.0,42.99,43.0,1898.0,CIEN
2023-06-20 15:07:00,42.99,43.0,42.985,43.0,2559.0,CIEN
2023-06-20 15:06:00,43.0,43.0,42.99,43.0,3669.0,CIEN
2023-06-20 15:05:00,43.0,43.02,43.0,43.0,8899.0,CIEN
2023-06-20 15:04:00,42.98,43.01,42.97,43.01,4899.0,CIEN
2023-06-20 15:03:00,43.0,43.01,42.98,42.98,3831.0,CIEN
2023-06-20 15:02:00,43.02,43.03,43.0,43.01,5226.0,CIEN
2023-06-20 15:01:00,43.063,43.063,43.01,43.025,4221.0,CIEN
2023-06-20 15:00:00,43.05,43.08,43.05,43.08,4814.0,CIEN
2023-06-20 14:59:00,43.045,43.045,43.03,43.04,4629.0,CIEN
2023-06-20 14:58:00,43.05,43.05,43.04,43.04,1961.0,CIEN
2023-06-20 14:57:00,43.035,43.06,43.035,43.05,6037.0,CIEN
2023-06-20 14:56:00,43.02,43.038,43.0,43.035,4313.0,CIEN
2023-06-20 14:55:00,43.05,43.05,43.03,43.03,2211.0,CIEN
2023-06-20 14:54:00,43.04,43.07,43.04,43.05,5299.0,CIEN
2023-06-20 14:53:00,43.05,43.05,43.04,43.04,3295.0,CIEN
2023-06-20 14:52:00,43.05,43.06,43.045,43.05,3416.0,CIEN
2023-06-20 14:51:00,43.06,43.075,43.05,43.05,6946.0,CIEN
2023-06-20 14:50:00,43.055,43.065,43.055,43.065,445.0,CIEN
2023-06-20 14:49:00,43.01,43.05,43.01,43.04,5220.0,CIEN
2023-06-20 14:48:00,43.01,43.02,43.01,43.02,2272.0,CIEN
2023-06-20 14:47:00,43.0,43.02,43.0,43.02,1917.0,CIEN
2023-06-20 14:46:00,42.99,43.01,42.97,43.01,5239.0,CIEN
2023-06-20 14:45:00,42.98,43.01,42.98,43.01,1809.0,CIEN
2023-06-20 14:44:00,42.935,42.995,42.935,42.968,9609.0,CIEN
2023-06-20 14:43:00,42.968,42.968,42.935,42.94,4966.0,CIEN
2023-06-20 14:42:00,42.96,42.98,42.96,42.96,4966.0,CIEN
2023-06-20 14:41:00,43.02,43.03,42.97,42.97,5717.0,CIEN
2023-06-20 14:40:00,43.04,43.04,43.02,43.02,2392.0,CIEN
2023-06-20 14:39:00,43.07,43.07,43.04,43.04,2106.0,CIEN
2023-06-20 14:38:00,43.05,43.075,43.05,43.075,6035.0,CIEN
2023-06-20 14:37:00,43.05,43.05,43.03,43.03,4208.0,CIEN
2023-06-20 14:36:00,43.08,43.08,43.06,43.06,23565.0,CIEN
2023-06-20 14:35:00,43.1,43.13,43.09,43.1,3235.0,CIEN
2023-06-20 14:34:00,43.125,43.125,43.08,43.09,9469.0,CIEN
2023-06-20 14:33:00,43.16,43.16,43.13,43.145,4696.0,CIEN
2023-06-20 14:32:00,43.17,43.175,43.16,43.175,3571.0,CIEN
2023-06-20 14:31:00,43.19,43.2,43.16,43.17,1757.0,CIEN
2023-06-20 14:30:00,43.205,43.21,43.2,43.2,3019.0,CIEN
2023-06-20 14:29:00,43.17,43.21,43.17,43.21,1677.0,CIEN
2023-06-20 14:28:00,43.16,43.16,43.14,43.16,4748.0,CIEN
2023-06-20 14:27:00,43.17,43.17,43.16,43.165,2165.0,CIEN
2023-06-20 14:26:00,43.17,43.19,43.17,43.17,6116.0,CIEN
2023-06-20 14:25:00,43.185,43.19,43.15,43.15,3564.0,CIEN
2023-06-20 14:24:00,43.195,43.208,43.19,43.2,1748.0,CIEN
2023-06-20 14:23:00,43.21,43.21,43.17,43.195,5894.0,CIEN
2023-06-20 14:22:00,43.23,43.23,43.22,43.22,3465.0,CIEN
2023-06-20 14:21:00,43.235,43.235,43.22,43.23,2773.0,CIEN
2023-06-20 14:20:00,43.235,43.235,43.225,43.235,2808.0,CIEN
2023-06-20 14:19:00,43.21,43.248,43.2,43.23,6296.0,CIEN
2023-06-20 14:18:00,43.2,43.2,43.2,43.2,2105.0,CIEN
2023-06-20 14:17:00,43.2,43.219,43.2,43.21,2692.0,CIEN
2023-06-20 14:16:00,43.22,43.22,43.2,43.2,1904.0,CIEN
2023-06-20 14:15:00,43.24,43.24,43.213,43.22,1825.0,CIEN
2023-06-20 14:14:00,43.24,43.27,43.233,43.233,3411.0,CIEN
2023-06-20 14:13:00,43.25,43.25,43.23,43.23,2408.0,CIEN
2023-06-20 14:12:00,43.27,43.27,43.25,43.25,4763.0,CIEN
2023-06-20 14:11:00,43.275,43.28,43.27,43.28,4161.0,CIEN
2023-06-20 14:10:00,43.256,43.28,43.256,43.28,3561.0,CIEN
2023-06-20 14:09:00,43.25,43.27,43.25,43.26,3316.0,CIEN
2023-06-20 14:08:00,43.27,43.27,43.25,43.25,864.0,CIEN
2023-06-20 14:07:00,43.32,43.32,43.28,43.28,2835.0,CIEN
2023-06-20 14:06:00,43.31,43.327,43.31,43.32,3714.0,CIEN
2023-06-20 14:05:00,43.3,43.3,43.29,43.29,1312.0,CIEN
2023-06-20 14:04:00,43.29,43.3,43.29,43.29,958.0,CIEN
2023-06-20 14:03:00,43.335,43.335,43.3,43.3,1483.0,CIEN
2023-06-20 14:02:00,43.34,43.34,43.33,43.33,4067.0,CIEN
2023-06-20 14:01:00,43.32,43.355,43.32,43.35,3432.0,CIEN
2023-06-20 14:00:00,43.33,43.33,43.32,43.32,406.0,CIEN
2023-06-20 13:59:00,43.32,43.335,43.32,43.335,2696.0,CIEN
2023-06-20 13:58:00,43.33,43.33,43.29,43.32,5603.0,CIEN
2023-06-20 13:57:00,43.32,43.33,43.32,43.33,3294.0,CIEN
2023-06-20 13:56:00,43.34,43.34,43.31,43.32,2679.0,CIEN
2023-06-20 13:55:00,43.37,43.38,43.36,43.36,4914.0,CIEN
2023-06-20 13:54:00,43.38,43.38,43.36,43.36,1725.0,CIEN
2023-06-20 13:53:00,43.37,43.38,43.37,43.37,2056.0,CIEN
2023-06-20 13:52:00,43.39,43.39,43.37,43.37,1601.0,CIEN
2023-06-20 13:51:00,43.44,43.445,43.41,43.41,2692.0,CIEN
2023-06-20 13:50:00,43.44,43.45,43.43,43.435,5145.0,CIEN
2023-06-20 13:49:00,43.46,43.46,43.44,43.44,1193.0,CIEN
2023-06-20 13:48:00,43.46,43.49,43.46,43.47,3766.0,CIEN
2023-06-20 13:47:00,43.475,43.475,43.44,43.45,3547.0,CIEN
2023-06-20 13:46:00,43.449,43.47,43.44,43.46,4247.0,CIEN
2023-06-20 13:45:00,43.43,43.44,43.42,43.44,3103.0,CIEN
2023-06-20 13:44:00,43.44,43.445,43.41,43.433,1997.0,CIEN
2023-06-20 13:43:00,43.45,43.48,43.445,43.45,26338.0,CIEN
2023-06-20 13:42:00,43.48,43.49,43.455,43.455,4376.0,CIEN
2023-06-20 13:41:00,43.44,43.51,43.44,43.485,7454.0,CIEN
2023-06-20 13:40:00,43.47,43.485,43.441,43.445,17575.0,CIEN
2023-06-20 13:39:00,43.455,43.48,43.455,43.47,7575.0,CIEN
2023-06-20 13:38:00,43.485,43.5,43.46,43.46,3794.0,CIEN
2023-06-20 13:37:00,43.55,43.55,43.48,43.48,3716.0,CIEN
2023-06-20 13:36:00,43.55,43.56,43.53,43.55,5345.0,CIEN
2023-06-20 13:35:00,43.57,43.57,43.55,43.55,2317.0,CIEN
2023-06-20 13:34:00,43.575,43.575,43.56,43.56,1745.0,CIEN
2023-06-20 13:33:00,43.6,43.6,43.58,43.58,1247.0,CIEN
2023-06-20 13:32:00,43.61,43.61,43.61,43.61,342.0,CIEN
2023-06-20 13:31:00,43.59,43.65,43.59,43.632,7547.0,CIEN
2023-06-20 13:30:00,43.59,43.605,43.59,43.6,1248.0,CIEN
2023-06-20 13:29:00,43.605,43.605,43.59,43.59,1136.0,CIEN
2023-06-20 13:28:00,43.63,43.63,43.63,43.63,747.0,CIEN
2023-06-20 13:27:00,43.66,43.66,43.63,43.635,1571.0,CIEN
2023-06-20 13:26:00,43.68,43.68,43.655,43.66,1338.0,CIEN
2023-06-20 13:25:00,43.672,43.7,43.67,43.673,3704.0,CIEN
2023-06-20 13:24:00,43.685,43.69,43.67,43.68,1503.0,CIEN
2023-06-20 13:23:00,43.72,43.72,43.7,43.704,2220.0,CIEN
2023-06-20 13:22:00,43.74,43.754,43.73,43.73,2616.0,CIEN
2023-06-20 13:21:00,43.75,43.75,43.74,43.74,604.0,CIEN
2023-06-20 13:20:00,43.73,43.74,43.71,43.74,1169.0,CIEN
2023-06-20 13:19:00,43.73,43.73,43.72,43.72,3402.0,CIEN
2023-06-20 13:18:00,43.76,43.76,43.72,43.74,8994.0,CIEN
2023-06-20 13:17:00,43.81,43.81,43.77,43.77,4606.0,CIEN
2023-06-20 13:16:00,43.8,43.82,43.8,43.82,6872.0,CIEN
2023-06-20 13:15:00,43.81,43.81,43.795,43.8,2939.0,CIEN
2023-06-20 13:14:00,43.81,43.81,43.81,43.81,635.0,CIEN
2023-06-20 13:13:00,43.805,43.815,43.805,43.81,2848.0,CIEN
2023-06-20 13:12:00,43.805,43.805,43.8,43.8,619.0,CIEN
2023-06-20 13:11:00,43.815,43.815,43.79,43.8,2393.0,CIEN
2023-06-20 13:10:00,43.805,43.815,43.8,43.815,4165.0,CIEN
2023-06-20 13:09:00,43.815,43.815,43.81,43.81,1550.0,CIEN
2023-06-20 13:08:00,43.815,43.815,43.815,43.815,516.0,CIEN
2023-06-20 13:07:00,43.77,43.82,43.77,43.815,3259.0,CIEN
2023-06-20 13:06:00,43.77,43.77,43.76,43.76,1348.0,CIEN
2023-06-20 13:05:00,43.78,43.78,43.77,43.77,735.0,CIEN
2023-06-20 13:04:00,43.765,43.79,43.76,43.78,2590.0,CIEN
2023-06-20 13:03:00,43.76,43.76,43.76,43.76,903.0,CIEN
2023-06-20 13:02:00,43.775,43.775,43.76,43.76,1068.0,CIEN
2023-06-20 13:01:00,43.69,43.775,43.69,43.775,6359.0,CIEN
2023-06-20 13:00:00,43.765,43.77,43.7,43.7,5956.0,CIEN
2023-06-20 12:59:00,43.76,43.765,43.76,43.765,668.0,CIEN
2023-06-20 12:58:00,43.74,43.77,43.74,43.76,13430.0,CIEN
2023-06-20 12:57:00,43.74,43.74,43.74,43.74,729.0,CIEN
2023-06-20 12:56:00,43.71,43.74,43.71,43.74,2846.0,CIEN
2023-06-20 12:55:00,43.715,43.72,43.71,43.71,2204.0,CIEN
2023-06-20 12:54:00,43.72,43.72,43.71,43.715,2547.0,CIEN
2023-06-20 12:53:00,43.71,43.72,43.71,43.72,2373.0,CIEN
2023-06-20 12:52:00,43.71,43.71,43.69,43.69,1482.0,CIEN
2023-06-20 12:51:00,43.725,43.725,43.725,43.725,1010.0,CIEN
2023-06-20 12:50:00,43.72,43.735,43.72,43.735,1479.0,CIEN
2023-06-20 12:49:00,43.715,43.715,43.7,43.7,1127.0,CIEN
2023-06-20 12:48:00,43.67,43.71,43.67,43.71,4074.0,CIEN
2023-06-20 12:47:00,43.74,43.74,43.68,43.68,3956.0,CIEN
2023-06-20 12:46:00,43.74,43.74,43.73,43.74,1041.0,CIEN
2023-06-20 12:45:00,43.73,43.74,43.73,43.74,1162.0,CIEN
2023-06-20 12:44:00,43.76,43.77,43.73,43.735,4101.0,CIEN
2023-06-20 12:43:00,43.769,43.77,43.769,43.77,2941.0,CIEN
2023-06-20 12:42:00,43.75,43.76,43.75,43.75,5337.0,CIEN
2023-06-20 12:41:00,43.75,43.76,43.75,43.75,3149.0,CIEN
2023-06-20 12:40:00,43.725,43.74,43.725,43.74,2866.0,CIEN
2023-06-20 12:39:00,43.72,43.74,43.72,43.725,1962.0,CIEN
2023-06-20 12:38:00,43.61,43.72,43.61,43.72,7018.0,CIEN
2023-06-20 12:37:00,43.56,43.61,43.56,43.61,4191.0,CIEN
2023-06-20 12:36:00,43.57,43.57,43.56,43.56,2341.0,CIEN
2023-06-20 12:35:00,43.54,43.58,43.54,43.575,3868.0,CIEN
2023-06-20 12:34:00,43.53,43.55,43.53,43.55,1657.0,CIEN
2023-06-20 12:33:00,43.559,43.559,43.53,43.54,2168.0,CIEN
2023-06-20 12:32:00,43.55,43.55,43.54,43.55,2266.0,CIEN
2023-06-20 12:31:00,43.57,43.58,43.565,43.57,2368.0,CIEN
2023-06-20 12:30:00,43.57,43.57,43.57,43.57,826.0,CIEN
2023-06-20 12:29:00,43.639,43.639,43.6,43.6,1320.0,CIEN
2023-06-20 12:28:00,43.61,43.63,43.58,43.63,3524.0,CIEN
2023-06-20 12:27:00,43.58,43.595,43.58,43.59,749.0,CIEN
2023-06-20 12:26:00,43.605,43.605,43.59,43.59,868.0,CIEN
2023-06-20 12:25:00,43.58,43.612,43.57,43.612,3278.0,CIEN
2023-06-20 12:24:00,43.54,43.602,43.53,43.602,4360.0,CIEN
2023-06-20 12:23:00,43.55,43.55,43.55,43.55,819.0,CIEN
2023-06-20 12:22:00,43.575,43.575,43.55,43.55,1329.0,CIEN
2023-06-20 12:21:00,43.55,43.58,43.55,43.57,6837.0,CIEN
2023-06-20 12:20:00,43.53,43.53,43.53,43.53,259.0,CIEN
2023-06-20 12:19:00,43.54,43.561,43.53,43.54,2636.0,CIEN
2023-06-20 12:18:00,43.56,43.56,43.55,43.55,917.0,CIEN
2023-06-20 12:17:00,43.61,43.61,43.58,43.585,1845.0,CIEN
2023-06-20 12:16:00,43.62,43.62,43.62,43.62,686.0,CIEN
2023-06-20 12:15:00,43.6,43.63,43.6,43.62,2598.0,CIEN
2023-06-20 12:14:00,43.67,43.68,43.61,43.61,4663.0,CIEN
2023-06-20 12:13:00,43.63,43.66,43.63,43.66,769.0,CIEN
2023-06-20 12:12:00,43.595,43.61,43.58,43.61,2916.0,CIEN
2023-06-20 12:11:00,43.58,43.6,43.58,43.6,1601.0,CIEN
2023-06-20 12:10:00,43.54,43.575,43.54,43.575,2738.0,CIEN
2023-06-20 12:09:00,43.54,43.54,43.535,43.535,927.0,CIEN
2023-06-20 12:08:00,43.535,43.54,43.49,43.535,33045.0,CIEN
2023-06-20 12:07:00,43.53,43.54,43.525,43.53,12543.0,CIEN
2023-06-20 12:06:00,43.53,43.54,43.52,43.53,5780.0,CIEN
2023-06-20 12:05:00,43.54,43.54,43.535,43.535,1694.0,CIEN
2023-06-20 12:04:00,43.535,43.54,43.52,43.54,21739.0,CIEN
2023-06-20 12:03:00,43.56,43.56,43.515,43.54,4972.0,CIEN
2023-06-20 12:02:00,43.52,43.56,43.52,43.56,7660.0,CIEN
2023-06-20 12:01:00,43.54,43.54,43.51,43.51,795.0,CIEN
2023-06-20 12:00:00,43.55,43.56,43.54,43.54,6554.0,CIEN
2023-06-20 11:59:00,43.51,43.54,43.51,43.54,2311.0,CIEN
2023-06-20 11:58:00,43.55,43.55,43.51,43.51,2451.0,CIEN
2023-06-20 11:57:00,43.58,43.58,43.56,43.56,1318.0,CIEN
2023-06-20 11:56:00,43.59,43.6,43.585,43.59,3031.0,CIEN
2023-06-20 11:55:00,43.57,43.583,43.56,43.58,1443.0,CIEN
2023-06-20 11:54:00,43.55,43.56,43.55,43.56,2584.0,CIEN
2023-06-20 11:53:00,43.561,43.561,43.56,43.56,564.0,CIEN
2023-06-20 11:52:00,43.55,43.555,43.54,43.555,2657.0,CIEN
2023-06-20 11:51:00,43.53,43.56,43.53,43.56,1476.0,CIEN
2023-06-20 11:50:00,43.53,43.53,43.515,43.53,3624.0,CIEN
2023-06-20 11:49:00,43.53,43.53,43.52,43.53,3625.0,CIEN
2023-06-20 11:48:00,43.54,43.54,43.535,43.535,2070.0,CIEN
2023-06-20 11:47:00,43.51,43.55,43.51,43.54,2472.0,CIEN
2023-06-20 11:46:00,43.51,43.51,43.51,43.51,600.0,CIEN
2023-06-20 11:45:00,43.5,43.52,43.5,43.52,4589.0,CIEN
2023-06-20 11:44:00,43.51,43.51,43.5,43.5,826.0,CIEN
2023-06-20 11:43:00,43.51,43.51,43.47,43.505,4703.0,CIEN
2023-06-20 11:42:00,43.51,43.51,43.51,43.51,201.0,CIEN
2023-06-20 11:41:00,43.54,43.54,43.51,43.51,2278.0,CIEN
2023-06-20 11:40:00,43.55,43.55,43.55,43.55,1218.0,CIEN
2023-06-20 11:39:00,43.52,43.55,43.52,43.55,1570.0,CIEN
2023-06-20 11:38:00,43.53,43.53,43.52,43.53,2480.0,CIEN
2023-06-20 11:37:00,43.54,43.54,43.54,43.54,1319.0,CIEN
2023-06-20 11:36:00,43.51,43.555,43.51,43.555,5399.0,CIEN
2023-06-20 11:35:00,43.51,43.52,43.51,43.51,2627.0,CIEN
2023-06-20 11:34:00,43.51,43.51,43.49,43.49,765.0,CIEN
2023-06-20 11:33:00,43.54,43.54,43.52,43.53,3703.0,CIEN
2023-06-20 11:32:00,43.5,43.56,43.5,43.56,3750.0,CIEN
2023-06-20 11:31:00,43.49,43.49,43.485,43.49,2698.0,CIEN
2023-06-20 11:30:00,43.48,43.5,43.48,43.49,863.0,CIEN
2023-06-20 11:29:00,43.5,43.5,43.48,43.48,1768.0,CIEN
2023-06-20 11:28:00,43.51,43.51,43.51,43.51,1117.0,CIEN
2023-06-20 11:27:00,43.47,43.52,43.47,43.52,4699.0,CIEN
2023-06-20 11:26:00,43.45,43.47,43.45,43.47,4027.0,CIEN
2023-06-20 11:25:00,43.48,43.48,43.46,43.46,864.0,CIEN
2023-06-20 11:24:00,43.515,43.515,43.48,43.48,2346.0,CIEN
2023-06-20 11:23:00,43.47,43.525,43.45,43.52,17897.0,CIEN
2023-06-20 11:22:00,43.49,43.49,43.48,43.48,1104.0,CIEN
2023-06-20 11:21:00,43.523,43.523,43.5,43.5,1597.0,CIEN
2023-06-20 11:20:00,43.52,43.525,43.52,43.525,1125.0,CIEN
2023-06-20 11:19:00,43.52,43.52,43.505,43.51,4937.0,CIEN
2023-06-20 11:18:00,43.53,43.53,43.52,43.525,1540.0,CIEN
2023-06-20 11:17:00,43.52,43.52,43.52,43.52,2187.0,CIEN
2023-06-20 11:16:00,43.48,43.51,43.48,43.51,2218.0,CIEN
2023-06-20 11:15:00,43.45,43.495,43.44,43.49,14643.0,CIEN
2023-06-20 11:14:00,43.455,43.46,43.45,43.46,11048.0,CIEN
2023-06-20 11:13:00,43.45,43.46,43.45,43.45,1933.0,CIEN
2023-06-20 11:12:00,43.47,43.485,43.45,43.46,4211.0,CIEN
2023-06-20 11:11:00,43.48,43.48,43.46,43.46,530.0,CIEN
2023-06-20 11:10:00,43.535,43.535,43.48,43.48,2381.0,CIEN
2023-06-20 11:09:00,43.57,43.57,43.54,43.54,2380.0,CIEN
2023-06-20 11:08:00,43.56,43.57,43.55,43.57,4196.0,CIEN
2023-06-20 11:07:00,43.58,43.58,43.56,43.56,1321.0,CIEN
2023-06-20 11:06:00,43.58,43.58,43.58,43.58,1213.0,CIEN
2023-06-20 11:05:00,43.59,43.61,43.585,43.6,3691.0,CIEN
2023-06-20 11:04:00,43.61,43.61,43.59,43.59,3001.0,CIEN
2023-06-20 11:03:00,43.58,43.64,43.58,43.63,13637.0,CIEN
2023-06-20 11:02:00,43.52,43.55,43.52,43.55,2483.0,CIEN
2023-06-20 11:01:00,43.55,43.575,43.53,43.53,11310.0,CIEN
2023-06-20 11:00:00,43.51,43.54,43.51,43.54,3027.0,CIEN
2023-06-20 10:59:00,43.48,43.5,43.475,43.5,2518.0,CIEN
2023-06-20 10:58:00,43.51,43.51,43.48,43.48,1483.0,CIEN
2023-06-20 10:57:00,43.51,43.54,43.51,43.515,6503.0,CIEN
2023-06-20 10:56:00,43.475,43.49,43.475,43.49,4504.0,CIEN
2023-06-20 10:55:00,43.46,43.473,43.45,43.47,6247.0,CIEN
2023-06-20 10:54:00,43.46,43.48,43.45,43.46,4087.0,CIEN
2023-06-20 10:53:00,43.49,43.49,43.46,43.46,1324.0,CIEN
2023-06-20 10:52:00,43.55,43.56,43.5,43.5,3718.0,CIEN
2023-06-20 10:51:00,43.55,43.55,43.52,43.55,3776.0,CIEN
2023-06-20 10:50:00,43.55,43.56,43.53,43.56,3872.0,CIEN
2023-06-20 10:49:00,43.57,43.57,43.565,43.565,1658.0,CIEN
2023-06-20 10:48:00,43.581,43.581,43.55,43.58,2499.0,CIEN
2023-06-20 10:47:00,43.54,43.585,43.54,43.585,1649.0,CIEN
2023-06-20 10:46:00,43.532,43.54,43.52,43.53,3536.0,CIEN
2023-06-20 10:45:00,43.46,43.555,43.46,43.555,3797.0,CIEN
2023-06-20 10:44:00,43.46,43.475,43.45,43.45,2420.0,CIEN
2023-06-20 10:43:00,43.5,43.5,43.48,43.48,1652.0,CIEN
2023-06-20 10:42:00,43.48,43.5,43.46,43.5,2737.0,CIEN
2023-06-20 10:41:00,43.45,43.48,43.45,43.475,4028.0,CIEN
2023-06-20 10:40:00,43.48,43.48,43.42,43.45,9929.0,CIEN
2023-06-20 10:39:00,43.55,43.55,43.49,43.5,10670.0,CIEN
2023-06-20 10:38:00,43.56,43.56,43.53,43.55,2533.0,CIEN
2023-06-20 10:37:00,43.62,43.62,43.565,43.575,3621.0,CIEN
2023-06-20 10:36:00,43.615,43.63,43.61,43.61,2750.0,CIEN
2023-06-20 10:35:00,43.63,43.63,43.59,43.6,2137.0,CIEN
2023-06-20 10:34:00,43.61,43.66,43.61,43.65,3583.0,CIEN
2023-06-20 10:33:00,43.65,43.65,43.62,43.62,1170.0,CIEN
2023-06-20 10:32:00,43.56,43.65,43.56,43.63,4407.0,CIEN
2023-06-20 10:31:00,43.545,43.545,43.545,43.545,835.0,CIEN
2023-06-20 10:30:00,43.55,43.55,43.51,43.53,4686.0,CIEN
2023-06-20 10:29:00,43.53,43.57,43.52,43.57,3461.0,CIEN
2023-06-20 10:28:00,43.53,43.53,43.51,43.51,1080.0,CIEN
2023-06-20 10:27:00,43.63,43.63,43.53,43.53,8395.0,CIEN
2023-06-20 10:26:00,43.62,43.68,43.61,43.62,18718.0,CIEN
2023-06-20 10:25:00,43.56,43.63,43.56,43.62,4106.0,CIEN
2023-06-20 10:24:00,43.64,43.647,43.56,43.561,5615.0,CIEN
2023-06-20 10:23:00,43.61,43.65,43.61,43.65,8719.0,CIEN
2023-06-20 10:22:00,43.61,43.644,43.61,43.62,3380.0,CIEN
2023-06-20 10:21:00,43.7,43.7,43.62,43.62,5423.0,CIEN
2023-06-20 10:20:00,43.72,43.74,43.715,43.715,3272.0,CIEN
2023-06-20 10:19:00,43.77,43.77,43.73,43.73,3295.0,CIEN
2023-06-20 10:18:00,43.77,43.8,43.76,43.77,12964.0,CIEN
2023-06-20 10:17:00,43.78,43.8,43.755,43.78,7363.0,CIEN
2023-06-20 10:16:00,43.8,43.8,43.77,43.795,11031.0,CIEN
2023-06-20 10:15:00,43.86,43.88,43.8,43.81,5072.0,CIEN
2023-06-20 10:14:00,43.878,43.89,43.87,43.88,3009.0,CIEN
2023-06-20 10:13:00,43.8,43.92,43.74,43.86,58012.0,CIEN
2023-06-20 10:12:00,43.915,43.915,43.84,43.84,7342.0,CIEN
2023-06-20 10:11:00,43.93,43.94,43.92,43.92,2536.0,CIEN
2023-06-20 10:10:00,43.86,43.96,43.85,43.95,9524.0,CIEN
2023-06-20 10:09:00,43.865,43.865,43.85,43.85,2489.0,CIEN
2023-06-20 10:08:00,43.8,43.88,43.8,43.88,7961.0,CIEN
2023-06-20 10:07:00,43.84,43.85,43.81,43.81,4193.0,CIEN
2023-06-20 10:06:00,43.82,43.83,43.82,43.83,2322.0,CIEN
2023-06-20 10:05:00,43.8,43.81,43.77,43.79,6030.0,CIEN
2023-06-20 10:04:00,43.87,43.87,43.83,43.84,712.0,CIEN
2023-06-20 10:03:00,43.99,43.99,43.93,43.94,7322.0,CIEN
2023-06-20 10:02:00,44.039,44.039,44.0,44.0,1512.0,CIEN
2023-06-20 10:01:00,44.07,44.07,44.0,44.02,29000.0,CIEN
2023-06-20 10:00:00,44.07,44.095,44.045,44.095,3204.0,CIEN
2023-06-20 09:59:00,44.03,44.045,44.02,44.045,851.0,CIEN
2023-06-20 09:58:00,44.0,44.06,44.0,44.06,2787.0,CIEN
2023-06-20 09:57:00,43.96,43.995,43.95,43.995,5239.0,CIEN
2023-06-20 09:56:00,43.96,43.98,43.87,43.94,10019.0,CIEN
2023-06-20 09:55:00,43.975,43.989,43.82,43.94,89926.0,CIEN
2023-06-20 09:54:00,44.021,44.021,43.99,43.99,4945.0,CIEN
2023-06-20 09:53:00,44.08,44.09,44.02,44.025,2830.0,CIEN
2023-06-20 09:52:00,44.06,44.08,44.05,44.08,2753.0,CIEN
2023-06-20 09:51:00,44.13,44.14,44.11,44.11,998.0,CIEN
2023-06-20 09:50:00,44.15,44.16,44.15,44.16,923.0,CIEN
2023-06-20 09:49:00,44.16,44.16,44.11,44.11,3207.0,CIEN
2023-06-20 09:48:00,44.045,44.18,44.045,44.17,3421.0,CIEN
2023-06-20 09:47:00,44.09,44.09,44.0,44.07,4434.0,CIEN
2023-06-20 09:46:00,44.09,44.09,44.06,44.06,2391.0,CIEN
2023-06-20 09:45:00,44.01,44.095,44.01,44.095,3104.0,CIEN
2023-06-20 09:44:00,44.01,44.01,43.99,44.01,1772.0,CIEN
2023-06-20 09:43:00,43.93,44.045,43.93,44.045,6307.0,CIEN
2023-06-20 09:42:00,43.96,43.97,43.93,43.93,2765.0,CIEN
2023-06-20 09:41:00,43.94,43.98,43.93,43.96,4450.0,CIEN
2023-06-20 09:40:00,44.04,44.04,43.99,43.99,1736.0,CIEN
2023-06-20 09:39:00,44.02,44.08,44.0,44.07,5071.0,CIEN
2023-06-20 09:38:00,44.08,44.088,44.025,44.04,1911.0,CIEN
2023-06-20 09:37:00,44.03,44.09,44.0,44.07,5746.0,CIEN
2023-06-20 09:36:00,44.051,44.085,44.051,44.085,449.0,CIEN
2023-06-20 09:35:00,44.07,44.107,44.05,44.108,628.0,CIEN
2023-06-20 09:34:00,44.176,44.175,44.05,44.05,1808.0,CIEN
2023-06-20 09:33:00,43.99,44.185,43.99,44.18,4860.0,CIEN
2023-06-20 09:32:00,44.045,44.045,44.045,44.045,101.0,CIEN
2023-06-20 09:31:00,44.025,44.04,43.99,44.04,1261.0,CIEN
2023-06-20 09:30:00,44.06,44.3,43.9,43.99,36105.0,CIEN
2023-06-20 09:00:00,43.95,43.95,43.95,43.95,25.0,CIEN
2023-06-20 08:00:00,44.1,44.1,44.1,44.1,1.0,CIEN
2023-06-20 07:33:00,44.11,44.11,44.1,44.1,210.0,CIEN
2023-06-20 07:25:00,44.19,44.19,44.19,44.19,55.0,CIEN
2023-06-20 06:57:00,44.21,44.21,44.2,44.2,513.0,CIEN
2023-06-20 06:56:00,44.33,44.33,44.25,44.25,2116.0,CIEN
2023-06-16 19:00:00,44.31,44.31,44.31,44.31,649097.0,CIEN
2023-06-16 18:30:00,44.31,44.31,44.31,44.31,649097.0,CIEN
2023-06-16 18:17:00,44.3,44.3,44.3,44.3,1.0,CIEN
2023-06-16 17:59:00,44.3,44.3,44.3,44.3,50.0,CIEN
2023-06-16 16:50:00,44.31,44.31,44.31,44.31,14273.0,CIEN
2023-06-16 16:23:00,44.31,44.31,44.31,44.31,32567.0,CIEN
2023-06-16 16:14:00,44.31,44.31,44.31,44.31,74949.0,CIEN
2023-06-16 16:13:00,44.31,44.31,44.31,44.31,15475.0,CIEN
2023-06-16 16:10:00,44.31,44.31,44.31,44.31,651406.0,CIEN
2023-06-16 16:09:00,44.31,44.31,43.84,43.84,1893.0,CIEN
2023-06-16 16:08:00,44.31,44.315,44.31,44.315,8789.0,CIEN
2023-06-16 16:07:00,43.502,43.501,43.501,43.502,1.0,CIEN
2023-06-16 16:04:00,44.31,44.31,44.31,44.31,318530.0,CIEN
2023-06-16 16:03:00,44.31,44.31,44.31,44.31,1720.0,CIEN
2023-06-16 16:02:00,44.316,44.316,44.309,44.316,64058.0,CIEN
2023-06-16 16:01:00,44.31,44.31,44.31,44.31,4046.0,CIEN
2023-06-16 16:00:00,44.31,44.31,44.31,44.31,1358780.0,CIEN
2023-06-16 15:59:00,44.31,44.37,44.3,44.31,86240.0,CIEN
2023-06-16 15:58:00,44.34,44.34,44.31,44.31,27810.0,CIEN
2023-06-16 15:57:00,44.275,44.34,44.27,44.331,25136.0,CIEN
2023-06-16 15:56:00,44.285,44.29,44.27,44.27,18111.0,CIEN
2023-06-16 15:55:00,44.27,44.32,44.26,44.29,31878.0,CIEN
2023-06-16 15:54:00,44.3,44.3,44.26,44.275,14710.0,CIEN
2023-06-16 15:53:00,44.34,44.35,44.29,44.29,10818.0,CIEN
2023-06-16 15:52:00,44.325,44.35,44.31,44.34,10925.0,CIEN
2023-06-16 15:51:00,44.32,44.36,44.31,44.32,15066.0,CIEN
2023-06-16 15:50:00,44.35,44.4,44.295,44.315,21967.0,CIEN
2023-06-16 15:49:00,44.285,44.34,44.285,44.333,26732.0,CIEN
2023-06-16 15:48:00,44.29,44.295,44.271,44.29,9294.0,CIEN
2023-06-16 15:47:00,44.28,44.3,44.27,44.295,8776.0,CIEN
2023-06-16 15:46:00,44.26,44.28,44.255,44.28,6762.0,CIEN
2023-06-16 15:45:00,44.225,44.285,44.225,44.27,19012.0,CIEN
2023-06-16 15:44:00,44.25,44.25,44.22,44.222,6328.0,CIEN
2023-06-16 15:43:00,44.275,44.295,44.25,44.255,9808.0,CIEN
2023-06-16 15:42:00,44.27,44.275,44.27,44.275,3575.0,CIEN
2023-06-16 15:41:00,44.25,44.28,44.244,44.271,9252.0,CIEN
2023-06-16 15:40:00,44.295,44.305,44.25,44.25,8645.0,CIEN
2023-06-16 15:39:00,44.29,44.3,44.29,44.29,3100.0,CIEN
2023-06-16 15:38:00,44.28,44.28,44.263,44.28,2719.0,CIEN
2023-06-16 15:37:00,44.2,44.275,44.19,44.27,4659.0,CIEN
2023-06-16 15:36:00,44.23,44.24,44.19,44.195,4480.0,CIEN
2023-06-16 15:35:00,44.27,44.27,44.21,44.231,11562.0,CIEN
2023-06-16 15:34:00,44.26,44.271,44.26,44.27,3025.0,CIEN
2023-06-16 15:33:00,44.23,44.25,44.21,44.25,8324.0,CIEN
2023-06-16 15:32:00,44.22,44.24,44.205,44.24,10618.0,CIEN
2023-06-16 15:31:00,44.155,44.21,44.155,44.2,4611.0,CIEN
2023-06-16 15:30:00,44.14,44.16,44.13,44.155,3437.0,CIEN
2023-06-16 15:29:00,44.12,44.15,44.12,44.15,8304.0,CIEN
2023-06-16 15:28:00,44.13,44.14,44.12,44.13,2882.0,CIEN
2023-06-16 15:27:00,44.115,44.135,44.115,44.135,4496.0,CIEN
2023-06-16 15:26:00,44.11,44.12,44.11,44.12,1385.0,CIEN
2023-06-16 15:25:00,44.11,44.11,44.1,44.1,5235.0,CIEN
2023-06-16 15:24:00,44.09,44.115,44.09,44.115,2761.0,CIEN
2023-06-16 15:23:00,44.09,44.095,44.09,44.095,1803.0,CIEN
2023-06-16 15:22:00,44.08,44.09,44.08,44.09,2402.0,CIEN
2023-06-16 15:21:00,44.085,44.1,44.08,44.08,3521.0,CIEN
2023-06-16 15:20:00,44.07,44.09,44.07,44.09,3080.0,CIEN
2023-06-16 15:19:00,44.04,44.065,44.04,44.06,4721.0,CIEN
2023-06-16 15:18:00,44.05,44.05,44.03,44.045,3211.0,CIEN
2023-06-16 15:17:00,44.06,44.065,44.06,44.06,3429.0,CIEN
2023-06-16 15:16:00,44.04,44.05,44.04,44.05,1353.0,CIEN
2023-06-16 15:15:00,44.03,44.05,44.03,44.045,3490.0,CIEN
2023-06-16 15:14:00,44.02,44.04,44.02,44.04,2489.0,CIEN
2023-06-16 15:13:00,44.03,44.03,44.01,44.02,3416.0,CIEN
2023-06-16 15:12:00,44.04,44.05,44.02,44.05,6125.0,CIEN
2023-06-16 15:11:00,44.04,44.04,44.04,44.04,2430.0,CIEN
2023-06-16 15:10:00,44.045,44.045,44.04,44.04,1470.0,CIEN
2023-06-16 15:09:00,44.02,44.04,44.015,44.04,3038.0,CIEN
2023-06-16 15:08:00,44.02,44.02,44.02,44.02,181.0,CIEN
2023-06-16 15:07:00,44.002,44.02,43.99,44.02,7161.0,CIEN
2023-06-16 15:06:00,44.03,44.03,44.01,44.01,2021.0,CIEN
2023-06-16 15:05:00,44.03,44.03,44.02,44.03,2743.0,CIEN
2023-06-16 15:04:00,44.02,44.04,44.02,44.04,2699.0,CIEN
2023-06-16 15:03:00,44.03,44.04,44.0,44.01,3416.0,CIEN
2023-06-16 15:02:00,44.01,44.03,44.01,44.03,3185.0,CIEN
2023-06-16 15:01:00,44.005,44.015,43.995,44.015,2747.0,CIEN
2023-06-16 15:00:00,44.02,44.03,44.005,44.005,4065.0,CIEN
2023-06-16 14:59:00,44.0,44.015,43.99,44.015,2010.0,CIEN
2023-06-16 14:58:00,44.0,44.02,44.0,44.005,4273.0,CIEN
2023-06-16 14:57:00,44.0,44.01,43.99,44.0,9042.0,CIEN
2023-06-16 14:56:00,44.01,44.01,44.005,44.005,1097.0,CIEN
2023-06-16 14:55:00,44.02,44.02,44.01,44.01,3347.0,CIEN
2023-06-16 14:54:00,44.021,44.025,44.005,44.005,4846.0,CIEN
2023-06-16 14:53:00,44.03,44.05,44.025,44.03,2314.0,CIEN
2023-06-16 14:52:00,44.03,44.05,44.03,44.034,1798.0,CIEN
2023-06-16 14:51:00,44.01,44.04,44.0,44.04,4519.0,CIEN
2023-06-16 14:50:00,44.01,44.01,44.01,44.01,880.0,CIEN
2023-06-16 14:49:00,44.03,44.04,44.02,44.02,3409.0,CIEN
2023-06-16 14:48:00,44.025,44.025,44.02,44.02,771.0,CIEN
2023-06-16 14:47:00,44.025,44.04,44.025,44.03,2367.0,CIEN
2023-06-16 14:46:00,44.0,44.03,44.0,44.03,2549.0,CIEN
2023-06-16 14:45:00,44.005,44.005,43.99,43.99,409.0,CIEN
2023-06-16 14:44:00,44.0,44.0,44.0,44.0,870.0,CIEN
2023-06-16 14:43:00,44.0,44.01,43.99,44.01,3597.0,CIEN
2023-06-16 14:42:00,44.02,44.03,44.0,44.0,3214.0,CIEN
2023-06-16 14:41:00,44.025,44.025,44.01,44.015,1314.0,CIEN
2023-06-16 14:40:00,44.03,44.03,44.025,44.025,1183.0,CIEN
2023-06-16 14:39:00,44.03,44.05,44.02,44.031,1813.0,CIEN
2023-06-16 14:38:00,44.03,44.03,44.0,44.01,2576.0,CIEN
2023-06-16 14:37:00,43.99,44.03,43.99,44.03,8094.0,CIEN
2023-06-16 14:36:00,44.005,44.005,43.99,43.99,2136.0,CIEN
2023-06-16 14:35:00,43.99,44.03,43.99,44.005,4972.0,CIEN
2023-06-16 14:34:00,43.975,43.995,43.965,43.995,5193.0,CIEN
2023-06-16 14:33:00,43.93,43.98,43.93,43.978,3918.0,CIEN
2023-06-16 14:32:00,43.92,43.94,43.91,43.92,9054.0,CIEN
2023-06-16 14:31:00,43.93,43.93,43.92,43.925,4540.0,CIEN
2023-06-16 14:30:00,43.94,43.96,43.935,43.94,6394.0,CIEN
2023-06-16 14:29:00,43.92,43.945,43.92,43.945,3269.0,CIEN
2023-06-16 14:28:00,43.9,43.92,43.9,43.92,2152.0,CIEN
2023-06-16 14:27:00,43.905,43.905,43.89,43.89,2908.0,CIEN
2023-06-16 14:26:00,43.9,43.92,43.9,43.905,5513.0,CIEN
2023-06-16 14:25:00,43.88,43.88,43.88,43.88,408.0,CIEN
2023-06-16 14:24:00,43.89,43.89,43.89,43.89,1208.0,CIEN
2023-06-16 14:23:00,43.9,43.9,43.89,43.895,1212.0,CIEN
2023-06-16 14:22:00,43.905,43.92,43.905,43.905,3255.0,CIEN
2023-06-16 14:21:00,43.89,43.9,43.88,43.9,2835.0,CIEN
2023-06-16 14:20:00,43.9,43.91,43.89,43.89,2696.0,CIEN
2023-06-16 14:19:00,43.914,43.914,43.914,43.914,527.0,CIEN
2023-06-16 14:17:00,43.92,43.94,43.91,43.91,4551.0,CIEN
2023-06-16 14:16:00,43.93,43.93,43.92,43.92,2323.0,CIEN
2023-06-16 14:15:00,43.93,43.93,43.93,43.93,490.0,CIEN
2023-06-16 14:14:00,43.92,43.92,43.91,43.92,2894.0,CIEN
2023-06-16 14:12:00,43.96,43.96,43.93,43.93,2390.0,CIEN
2023-06-16 14:11:00,43.97,43.97,43.96,43.96,2451.0,CIEN
2023-06-16 14:10:00,43.969,43.975,43.969,43.97,1690.0,CIEN
2023-06-16 14:09:00,43.95,43.96,43.95,43.96,1314.0,CIEN
2023-06-16 14:08:00,43.94,43.95,43.94,43.94,3164.0,CIEN
2023-06-16 14:07:00,43.93,43.93,43.93,43.93,896.0,CIEN
2023-06-16 14:06:00,43.91,43.94,43.91,43.93,5925.0,CIEN
2023-06-16 14:05:00,43.92,43.92,43.92,43.92,766.0,CIEN
2023-06-16 14:04:00,43.93,43.93,43.92,43.93,2236.0,CIEN
2023-06-16 14:03:00,43.94,43.94,43.93,43.93,957.0,CIEN
2023-06-16 14:02:00,43.93,43.93,43.93,43.93,1444.0,CIEN
2023-06-16 14:01:00,43.96,43.96,43.94,43.94,2741.0,CIEN
2023-06-16 14:00:00,43.96,43.96,43.96,43.96,416.0,CIEN
2023-06-16 13:59:00,43.95,43.98,43.95,43.96,6372.0,CIEN
2023-06-16 13:58:00,43.95,43.955,43.95,43.95,1866.0,CIEN
2023-06-16 13:57:00,43.945,43.945,43.94,43.94,882.0,CIEN
2023-06-16 13:56:00,43.97,43.97,43.94,43.94,2711.0,CIEN
2023-06-16 13:55:00,43.96,43.97,43.96,43.97,861.0,CIEN
2023-06-16 13:54:00,43.96,43.965,43.96,43.965,809.0,CIEN
2023-06-16 13:53:00,43.95,43.95,43.95,43.95,1437.0,CIEN
2023-06-16 13:52:00,43.96,43.96,43.94,43.94,2092.0,CIEN
2023-06-16 13:51:00,43.965,43.97,43.96,43.96,3263.0,CIEN
2023-06-16 13:50:00,43.955,43.965,43.955,43.96,1923.0,CIEN
2023-06-16 13:49:00,43.94,43.95,43.93,43.95,1956.0,CIEN
2023-06-16 13:48:00,43.95,43.95,43.94,43.94,1872.0,CIEN
2023-06-16 13:47:00,43.95,43.95,43.95,43.95,586.0,CIEN
2023-06-16 13:46:00,43.97,43.97,43.952,43.952,1716.0,CIEN
2023-06-16 13:45:00,43.97,43.97,43.965,43.97,2312.0,CIEN
2023-06-16 13:44:00,43.96,43.98,43.96,43.97,3915.0,CIEN
2023-06-16 13:43:00,43.94,43.95,43.93,43.95,9397.0,CIEN
2023-06-16 13:42:00,43.95,43.95,43.95,43.95,355.0,CIEN
2023-06-16 13:41:00,43.95,43.95,43.95,43.95,318.0,CIEN
2023-06-16 13:40:00,43.96,43.97,43.96,43.97,2114.0,CIEN
2023-06-16 13:39:00,43.95,43.96,43.94,43.96,738.0,CIEN
2023-06-16 13:38:00,43.97,43.97,43.95,43.95,1551.0,CIEN
2023-06-16 13:37:00,43.99,43.99,43.98,43.98,1008.0,CIEN
2023-06-16 13:36:00,43.99,44.0,43.99,44.0,1443.0,CIEN
2023-06-16 13:35:00,43.99,44.0,43.99,44.0,1345.0,CIEN
2023-06-16 13:34:00,44.015,44.02,44.0,44.0,2352.0,CIEN
2023-06-16 13:33:00,44.01,44.01,44.01,44.01,1182.0,CIEN
2023-06-16 13:32:00,44.02,44.02,44.0,44.01,6954.0,CIEN
2023-06-16 13:31:00,44.02,44.03,44.02,44.025,646.0,CIEN
2023-06-16 13:30:00,44.053,44.053,44.04,44.04,1277.0,CIEN
2023-06-16 13:29:00,44.04,44.04,44.04,44.04,519.0,CIEN
2023-06-16 13:28:00,44.07,44.07,44.06,44.06,735.0,CIEN
2023-06-16 13:27:00,44.07,44.07,44.05,44.07,3387.0,CIEN
2023-06-16 13:26:00,44.09,44.09,44.09,44.09,1172.0,CIEN
2023-06-16 13:25:00,44.09,44.09,44.08,44.08,2933.0,CIEN
2023-06-16 13:24:00,44.09,44.098,44.09,44.092,603.0,CIEN
2023-06-16 13:23:00,44.08,44.09,44.08,44.09,1525.0,CIEN
2023-06-16 13:22:00,44.06,44.08,44.06,44.08,2776.0,CIEN
2023-06-16 13:21:00,44.08,44.08,44.07,44.07,1324.0,CIEN
2023-06-16 13:20:00,44.1,44.1,44.08,44.08,1638.0,CIEN
2023-06-16 13:19:00,44.1,44.11,44.1,44.11,997.0,CIEN
2023-06-16 13:18:00,44.1,44.11,44.1,44.1,1127.0,CIEN
2023-06-16 13:17:00,44.12,44.12,44.117,44.117,1083.0,CIEN
2023-06-16 13:16:00,44.15,44.15,44.12,44.122,1623.0,CIEN
2023-06-16 13:15:00,44.155,44.18,44.155,44.16,18351.0,CIEN
2023-06-16 13:14:00,44.11,44.15,44.11,44.15,2376.0,CIEN
2023-06-16 13:13:00,44.1,44.11,44.1,44.11,2950.0,CIEN
2023-06-16 13:12:00,44.1,44.1,44.09,44.094,1480.0,CIEN
2023-06-16 13:11:00,44.08,44.105,44.08,44.105,2057.0,CIEN
2023-06-16 13:10:00,44.13,44.13,44.09,44.09,1776.0,CIEN
2023-06-16 13:09:00,44.14,44.14,44.137,44.137,2139.0,CIEN
2023-06-16 13:08:00,44.13,44.15,44.13,44.15,2612.0,CIEN
2023-06-16 13:07:00,44.19,44.19,44.13,44.135,9900.0,CIEN
2023-06-16 13:06:00,44.23,44.23,44.2,44.2,2224.0,CIEN
2023-06-16 13:05:00,44.23,44.23,44.225,44.225,1127.0,CIEN
2023-06-16 13:04:00,44.231,44.231,44.231,44.231,362.0,CIEN
2023-06-16 13:03:00,44.23,44.23,44.222,44.222,946.0,CIEN
2023-06-16 13:02:00,44.23,44.24,44.23,44.24,1732.0,CIEN
2023-06-16 13:01:00,44.22,44.22,44.22,44.22,1775.0,CIEN
2023-06-16 13:00:00,44.22,44.225,44.22,44.225,470.0,CIEN
2023-06-16 12:59:00,44.227,44.23,44.21,44.21,2604.0,CIEN
2023-06-16 12:58:00,44.22,44.23,44.21,44.23,2487.0,CIEN
2023-06-16 12:57:00,44.24,44.24,44.22,44.22,1757.0,CIEN
2023-06-16 12:56:00,44.25,44.25,44.23,44.23,451.0,CIEN
2023-06-16 12:54:00,44.24,44.24,44.235,44.24,1902.0,CIEN
2023-06-16 12:53:00,44.24,44.24,44.24,44.24,1139.0,CIEN
2023-06-16 12:52:00,44.25,44.25,44.24,44.24,768.0,CIEN
2023-06-16 12:51:00,44.22,44.247,44.22,44.245,2571.0,CIEN
2023-06-16 12:50:00,44.222,44.222,44.22,44.22,913.0,CIEN
2023-06-16 12:49:00,44.19,44.24,44.19,44.24,3186.0,CIEN
2023-06-16 12:48:00,44.19,44.2,44.19,44.19,3327.0,CIEN
2023-06-16 12:47:00,44.185,44.185,44.185,44.185,889.0,CIEN
2023-06-16 12:46:00,44.19,44.19,44.19,44.19,775.0,CIEN
2023-06-16 12:45:00,44.18,44.18,44.17,44.175,376.0,CIEN
2023-06-16 12:44:00,44.18,44.18,44.18,44.18,464.0,CIEN
2023-06-16 12:43:00,44.14,44.18,44.14,44.18,2052.0,CIEN
2023-06-16 12:41:00,44.14,44.14,44.14,44.14,1679.0,CIEN
2023-06-16 12:40:00,44.14,44.15,44.13,44.15,1244.0,CIEN
2023-06-16 12:39:00,44.14,44.16,44.14,44.16,357.0,CIEN
2023-06-16 12:38:00,44.13,44.14,44.13,44.14,1085.0,CIEN
2023-06-16 12:37:00,44.12,44.12,44.12,44.12,453.0,CIEN
2023-06-16 12:36:00,44.14,44.14,44.12,44.12,1151.0,CIEN
2023-06-16 12:35:00,44.155,44.155,44.13,44.14,1894.0,CIEN
2023-06-16 12:34:00,44.12,44.15,44.12,44.15,2218.0,CIEN
2023-06-16 12:32:00,44.09,44.11,44.09,44.11,1396.0,CIEN
2023-06-16 12:31:00,44.087,44.09,44.087,44.09,1869.0,CIEN
2023-06-16 12:30:00,44.07,44.08,44.07,44.07,1323.0,CIEN
2023-06-16 12:29:00,44.09,44.09,44.08,44.08,561.0,CIEN
2023-06-16 12:28:00,44.11,44.11,44.105,44.105,1444.0,CIEN
2023-06-16 12:27:00,44.13,44.13,44.1,44.1,2211.0,CIEN
2023-06-16 12:26:00,44.11,44.13,44.1,44.12,1685.0,CIEN
2023-06-16 12:25:00,44.08,44.125,44.08,44.11,3655.0,CIEN
2023-06-16 12:24:00,44.09,44.09,44.085,44.09,3049.0,CIEN
2023-06-16 12:23:00,44.08,44.08,44.08,44.08,1019.0,CIEN
2023-06-16 12:22:00,44.1,44.1,44.09,44.09,461.0,CIEN
2023-06-16 12:21:00,44.09,44.09,44.07,44.08,1549.0,CIEN
2023-06-16 12:20:00,44.07,44.1,44.06,44.1,3389.0,CIEN
2023-06-16 12:19:00,44.055,44.08,44.05,44.07,1726.0,CIEN
2023-06-16 12:18:00,44.05,44.05,44.04,44.04,1029.0,CIEN
2023-06-16 12:17:00,44.02,44.06,44.02,44.06,1519.0,CIEN
2023-06-16 12:16:00,44.02,44.04,44.0,44.01,3460.0,CIEN
2023-06-16 12:15:00,44.01,44.01,44.0,44.0,1235.0,CIEN
2023-06-16 12:14:00,44.04,44.04,44.0,44.0,3199.0,CIEN
2023-06-16 12:13:00,44.053,44.052,44.03,44.03,786.0,CIEN
2023-06-16 12:12:00,44.04,44.05,44.04,44.05,1055.0,CIEN
2023-06-16 12:11:00,44.08,44.09,44.04,44.04,2114.0,CIEN
2023-06-16 12:10:00,44.09,44.1,44.08,44.08,2098.0,CIEN
2023-06-16 12:09:00,44.08,44.08,44.08,44.08,317.0,CIEN
2023-06-16 12:08:00,44.05,44.07,44.05,44.07,1639.0,CIEN
2023-06-16 12:07:00,44.06,44.06,44.03,44.03,5849.0,CIEN
2023-06-16 12:06:00,44.09,44.09,44.04,44.06,4696.0,CIEN
2023-06-16 12:05:00,44.08,44.08,44.075,44.08,1469.0,CIEN
2023-06-16 12:04:00,44.06,44.07,44.045,44.07,3188.0,CIEN
2023-06-16 12:03:00,44.0,44.06,44.0,44.06,3301.0,CIEN
2023-06-16 12:02:00,43.988,44.0,43.988,44.0,1280.0,CIEN
2023-06-16 12:01:00,43.99,43.99,43.985,43.985,1222.0,CIEN
2023-06-16 12:00:00,44.01,44.01,43.995,44.0,1078.0,CIEN
2023-06-16 11:59:00,43.98,44.01,43.98,44.01,2948.0,CIEN
2023-06-16 11:58:00,44.01,44.01,43.97,43.97,5906.0,CIEN
2023-06-16 11:57:00,43.99,44.015,43.99,44.01,2916.0,CIEN
2023-06-16 11:56:00,43.98,43.98,43.98,43.98,563.0,CIEN
2023-06-16 11:55:00,43.95,43.98,43.95,43.97,2676.0,CIEN
2023-06-16 11:54:00,43.97,43.97,43.96,43.96,1394.0,CIEN
2023-06-16 11:53:00,43.92,43.96,43.912,43.96,3290.0,CIEN
2023-06-16 11:52:00,43.93,43.93,43.91,43.91,3901.0,CIEN
2023-06-16 11:51:00,43.91,43.945,43.91,43.94,3665.0,CIEN
2023-06-16 11:50:00,43.92,43.92,43.9,43.92,3931.0,CIEN
2023-06-16 11:49:00,43.89,43.91,43.89,43.91,4479.0,CIEN
2023-06-16 11:48:00,43.91,43.91,43.89,43.895,2080.0,CIEN
2023-06-16 11:47:00,43.93,43.93,43.91,43.92,5534.0,CIEN
2023-06-16 11:46:00,43.93,43.935,43.93,43.93,2677.0,CIEN
2023-06-16 11:45:00,43.93,43.94,43.925,43.94,1956.0,CIEN
2023-06-16 11:44:00,43.93,43.94,43.93,43.94,665.0,CIEN
2023-06-16 11:43:00,43.92,43.925,43.92,43.925,978.0,CIEN
2023-06-16 11:42:00,43.88,43.91,43.88,43.91,2115.0,CIEN
2023-06-16 11:41:00,43.92,43.92,43.87,43.87,2216.0,CIEN
2023-06-16 11:40:00,43.9,43.92,43.9,43.91,1742.0,CIEN
2023-06-16 11:39:00,43.88,43.89,43.88,43.89,2557.0,CIEN
2023-06-16 11:38:00,43.89,43.89,43.89,43.89,1174.0,CIEN
2023-06-16 11:37:00,43.92,43.92,43.9,43.9,3435.0,CIEN
2023-06-16 11:36:00,43.98,43.98,43.93,43.93,5902.0,CIEN
2023-06-16 11:35:00,44.0,44.005,43.98,43.98,6183.0,CIEN
2023-06-16 11:34:00,44.01,44.02,44.01,44.01,3071.0,CIEN
2023-06-16 11:33:00,44.01,44.01,44.01,44.01,150.0,CIEN
2023-06-16 11:32:00,44.0,44.0,43.99,44.0,2655.0,CIEN
2023-06-16 11:31:00,43.98,44.01,43.98,44.01,2225.0,CIEN
2023-06-16 11:30:00,43.97,43.99,43.97,43.99,4091.0,CIEN
2023-06-16 11:29:00,43.94,43.985,43.94,43.98,6035.0,CIEN
2023-06-16 11:28:00,43.95,43.955,43.94,43.94,2956.0,CIEN
2023-06-16 11:27:00,43.96,43.96,43.94,43.94,1483.0,CIEN
2023-06-16 11:26:00,43.97,43.97,43.95,43.95,2500.0,CIEN
2023-06-16 11:25:00,43.98,44.03,43.975,43.98,8400.0,CIEN
2023-06-16 11:24:00,43.98,43.98,43.98,43.98,2368.0,CIEN
2023-06-16 11:23:00,44.0,44.0,43.98,43.98,3159.0,CIEN
2023-06-16 11:22:00,44.04,44.04,44.02,44.02,1752.0,CIEN
2023-06-16 11:20:00,44.05,44.08,44.04,44.066,9949.0,CIEN
2023-06-16 11:19:00,44.06,44.065,44.06,44.06,1513.0,CIEN
2023-06-16 11:18:00,44.11,44.11,44.08,44.08,3671.0,CIEN
2023-06-16 11:17:00,44.17,44.17,44.12,44.12,2386.0,CIEN
2023-06-16 11:16:00,44.14,44.16,44.14,44.16,1431.0,CIEN
2023-06-16 11:15:00,44.17,44.17,44.14,44.14,2676.0,CIEN
2023-06-16 11:14:00,44.17,44.2,44.17,44.18,1817.0,CIEN
2023-06-16 11:13:00,44.15,44.19,44.15,44.18,4876.0,CIEN
2023-06-16 11:12:00,44.1,44.14,44.1,44.14,3546.0,CIEN
2023-06-16 11:11:00,44.08,44.1,44.08,44.1,1003.0,CIEN
2023-06-16 11:10:00,44.08,44.08,44.07,44.07,1749.0,CIEN
2023-06-16 11:09:00,44.07,44.075,44.07,44.075,1083.0,CIEN
2023-06-16 11:08:00,44.07,44.09,44.07,44.07,3084.0,CIEN
2023-06-16 11:07:00,44.03,44.07,44.02,44.07,3795.0,CIEN
2023-06-16 11:06:00,44.08,44.08,44.04,44.05,1997.0,CIEN
2023-06-16 11:05:00,44.07,44.09,44.07,44.08,2191.0,CIEN
2023-06-16 11:04:00,44.05,44.07,44.05,44.06,2344.0,CIEN
2023-06-16 11:03:00,44.08,44.08,44.052,44.052,730.0,CIEN
2023-06-16 11:02:00,44.1,44.12,44.09,44.09,4740.0,CIEN
2023-06-16 11:01:00,44.096,44.12,44.09,44.11,2167.0,CIEN
2023-06-16 11:00:00,44.105,44.11,44.08,44.1,3982.0,CIEN
2023-06-16 10:59:00,44.13,44.13,44.11,44.11,2298.0,CIEN
2023-06-16 10:58:00,44.18,44.18,44.17,44.17,735.0,CIEN
2023-06-16 10:57:00,44.17,44.19,44.16,44.18,2413.0,CIEN
2023-06-16 10:56:00,44.15,44.17,44.15,44.17,888.0,CIEN
2023-06-16 10:55:00,44.105,44.12,44.105,44.12,913.0,CIEN
2023-06-16 10:54:00,44.01,44.08,44.0,44.08,10518.0,CIEN
2023-06-16 10:53:00,44.0,44.02,44.0,44.01,2549.0,CIEN
2023-06-16 10:52:00,44.0,44.0,43.98,43.99,4753.0,CIEN
2023-06-16 10:51:00,44.03,44.04,43.996,43.996,6446.0,CIEN
2023-06-16 10:50:00,43.99,44.02,43.99,44.02,5023.0,CIEN
2023-06-16 10:49:00,43.955,43.99,43.955,43.99,15314.0,CIEN
2023-06-16 10:48:00,43.95,43.95,43.95,43.95,2374.0,CIEN
2023-06-16 10:47:00,43.99,44.0,43.94,43.94,10947.0,CIEN
2023-06-16 10:46:00,44.02,44.02,43.995,44.0,3631.0,CIEN
2023-06-16 10:45:00,43.95,44.04,43.93,44.02,9339.0,CIEN
2023-06-16 10:44:00,43.99,43.99,43.96,43.96,4009.0,CIEN
2023-06-16 10:43:00,44.01,44.02,44.0,44.0,2507.0,CIEN
2023-06-16 10:42:00,43.99,44.02,43.98,44.0,5690.0,CIEN
2023-06-16 10:41:00,44.01,44.01,43.98,44.0,8688.0,CIEN
2023-06-16 10:40:00,44.13,44.13,44.05,44.05,2559.0,CIEN
2023-06-16 10:39:00,44.16,44.16,44.1,44.13,13127.0,CIEN
2023-06-16 10:38:00,44.15,44.19,44.14,44.17,8444.0,CIEN
2023-06-16 10:37:00,44.17,44.17,44.13,44.15,4341.0,CIEN
2023-06-16 10:36:00,44.26,44.26,44.17,44.17,2968.0,CIEN
2023-06-16 10:35:00,44.305,44.305,44.245,44.245,7894.0,CIEN
2023-06-16 10:34:00,44.25,44.3,44.25,44.3,6284.0,CIEN
2023-06-16 10:33:00,44.23,44.24,44.23,44.24,1641.0,CIEN
2023-06-16 10:32:00,44.28,44.28,44.22,44.233,4590.0,CIEN
2023-06-16 10:31:00,44.24,44.29,44.24,44.29,3716.0,CIEN
2023-06-16 10:30:00,44.225,44.245,44.2,44.245,4095.0,CIEN
2023-06-16 10:29:00,44.21,44.22,44.21,44.217,2055.0,CIEN
2023-06-16 10:28:00,44.22,44.23,44.19,44.21,4369.0,CIEN
2023-06-16 10:27:00,44.185,44.21,44.185,44.2,3134.0,CIEN
2023-06-16 10:26:00,44.19,44.21,44.185,44.185,4140.0,CIEN
2023-06-16 10:25:00,44.29,44.3,44.18,44.19,6998.0,CIEN
2023-06-16 10:24:00,44.31,44.312,44.27,44.27,3000.0,CIEN
2023-06-16 10:23:00,44.3,44.31,44.3,44.31,3601.0,CIEN
2023-06-16 10:22:00,44.29,44.29,44.25,44.29,3458.0,CIEN
2023-06-16 10:21:00,44.27,44.3,44.27,44.29,7125.0,CIEN
2023-06-16 10:20:00,44.35,44.35,44.28,44.297,4348.0,CIEN
2023-06-16 10:19:00,44.43,44.43,44.39,44.39,4045.0,CIEN
2023-06-16 10:18:00,44.52,44.52,44.42,44.44,3440.0,CIEN
2023-06-16 10:17:00,44.58,44.58,44.53,44.53,1863.0,CIEN
2023-06-16 10:16:00,44.53,44.57,44.52,44.555,5281.0,CIEN
2023-06-16 10:15:00,44.56,44.56,44.53,44.54,5252.0,CIEN
2023-06-16 10:14:00,44.54,44.56,44.54,44.56,3332.0,CIEN
2023-06-16 10:13:00,44.53,44.54,44.5,44.54,7546.0,CIEN
2023-06-16 10:12:00,44.55,44.57,44.535,44.54,6572.0,CIEN
2023-06-16 10:11:00,44.51,44.55,44.51,44.541,5019.0,CIEN
2023-06-16 10:10:00,44.5,44.53,44.48,44.52,5755.0,CIEN
2023-06-16 10:09:00,44.49,44.49,44.46,44.49,3392.0,CIEN
2023-06-16 10:08:00,44.46,44.48,44.46,44.475,6083.0,CIEN
2023-06-16 10:07:00,44.45,44.47,44.43,44.43,4033.0,CIEN
2023-06-16 10:06:00,44.445,44.47,44.43,44.45,6140.0,CIEN
2023-06-16 10:05:00,44.45,44.47,44.436,44.44,4109.0,CIEN
2023-06-16 10:04:00,44.42,44.45,44.4,44.45,4053.0,CIEN
2023-06-16 10:03:00,44.4,44.43,44.39,44.43,7596.0,CIEN
2023-06-16 10:02:00,44.43,44.46,44.4,44.4,5567.0,CIEN
2023-06-16 10:01:00,44.44,44.44,44.39,44.43,12753.0,CIEN
2023-06-16 10:00:00,44.37,44.45,44.37,44.44,4553.0,CIEN
2023-06-16 09:59:00,44.399,44.399,44.358,44.358,2817.0,CIEN
2023-06-16 09:58:00,44.4,44.41,44.38,44.38,7424.0,CIEN
2023-06-16 09:57:00,44.43,44.43,44.38,44.38,8263.0,CIEN
2023-06-16 09:56:00,44.38,44.45,44.38,44.43,12456.0,CIEN
2023-06-16 09:55:00,44.435,44.44,44.35,44.4,5641.0,CIEN
2023-06-16 09:54:00,44.51,44.53,44.46,44.46,7229.0,CIEN
2023-06-16 09:53:00,44.548,44.55,44.47,44.47,6775.0,CIEN
2023-06-16 09:52:00,44.54,44.56,44.51,44.56,6402.0,CIEN
2023-06-16 09:51:00,44.575,44.6,44.54,44.54,4475.0,CIEN
2023-06-16 09:50:00,44.59,44.59,44.52,44.56,4673.0,CIEN
2023-06-16 09:49:00,44.53,44.55,44.502,44.55,4318.0,CIEN
2023-06-16 09:48:00,44.48,44.59,44.46,44.531,6497.0,CIEN
2023-06-16 09:47:00,44.468,44.48,44.35,44.46,44837.0,CIEN
2023-06-16 09:46:00,44.518,44.54,44.45,44.465,17432.0,CIEN
2023-06-16 09:45:00,44.56,44.56,44.51,44.53,13826.0,CIEN
2023-06-16 09:44:00,44.5,44.58,44.46,44.58,7343.0,CIEN
2023-06-16 09:43:00,44.52,44.53,44.45,44.505,48758.0,CIEN
2023-06-16 09:42:00,44.56,44.58,44.52,44.56,14223.0,CIEN
2023-06-16 09:41:00,44.485,44.58,44.485,44.58,7016.0,CIEN
2023-06-16 09:40:00,44.54,44.56,44.47,44.485,13274.0,CIEN
2023-06-16 09:39:00,44.505,44.505,44.49,44.505,1400.0,CIEN
2023-06-16 09:38:00,44.525,44.55,44.47,44.505,39250.0,CIEN
2023-06-16 09:37:00,44.5,44.53,44.47,44.5,17842.0,CIEN
2023-06-16 09:36:00,44.55,44.55,44.48,44.53,6217.0,CIEN
2023-06-16 09:35:00,44.45,44.54,44.45,44.5,11305.0,CIEN
2023-06-16 09:34:00,44.39,44.5,44.351,44.45,1802.0,CIEN
2023-06-16 09:33:00,44.375,44.4,44.375,44.39,2434.0,CIEN
2023-06-16 09:32:00,44.39,44.39,44.35,44.35,6377.0,CIEN
2023-06-16 09:31:00,44.34,44.41,44.34,44.406,38579.0,CIEN
2023-06-16 09:30:00,44.37,44.45,44.07,44.305,91751.0,CIEN
2023-06-16 09:29:00,43.75,43.75,43.71,43.71,100.0,CIEN
2023-06-16 09:20:00,44.4,44.41,44.4,44.4,555.0,CIEN
2023-06-16 09:16:00,44.28,44.28,44.28,44.28,1.0,CIEN
2023-06-16 07:39:00,44.58,44.58,44.58,44.58,13.0,CIEN
2023-06-16 07:14:00,44.58,44.58,44.58,44.58,10.0,CIEN
2023-06-16 06:22:00,44.59,44.59,44.59,44.59,10.0,CIEN
2023-06-16 06:03:00,44.59,44.6,44.59,44.6,255.0,CIEN
2023-06-16 05:20:00,44.5,44.5,44.5,44.5,300.0,CIEN
2023-06-16 05:19:00,44.5,44.5,44.5,44.5,1.0,CIEN
2023-06-15 19:00:00,44.28,44.28,44.28,44.28,166425.0,CIEN
2023-06-15 18:30:00,44.28,44.28,44.28,44.28,166425.0,CIEN
2023-06-15 17:10:00,44.28,44.28,44.28,44.28,22929.0,CIEN
2023-06-15 17:08:00,44.25,44.25,44.25,44.25,1.0,CIEN
2023-06-15 16:47:00,44.5,44.5,44.5,44.5,1.0,CIEN
2023-06-15 16:28:00,44.28,44.28,44.28,44.28,299.0,CIEN
2023-06-15 16:24:00,44.3,44.3,44.3,44.3,20.0,CIEN
2023-06-15 16:21:00,44.5,44.5,44.35,44.35,822.0,CIEN
2023-06-15 16:15:00,44.24,44.24,44.24,44.24,1.0,CIEN
2023-06-15 16:13:00,44.28,44.28,44.28,44.28,810.0,CIEN
2023-06-15 16:10:00,44.28,44.28,44.28,44.28,166425.0,CIEN
2023-06-15 16:02:00,44.28,44.28,44.25,44.25,2130.0,CIEN
2023-06-15 16:01:00,44.28,44.28,44.28,44.28,9297.0,CIEN
2023-06-15 16:00:00,44.29,44.29,44.28,44.28,382273.0,CIEN
2023-06-15 15:59:00,44.3,44.3,44.26,44.28,78095.0,CIEN
2023-06-15 15:58:00,44.32,44.32,44.27,44.3,35126.0,CIEN
2023-06-15 15:57:00,44.33,44.33,44.31,44.31,28288.0,CIEN
2023-06-15 15:56:00,44.36,44.36,44.32,44.325,11455.0,CIEN
2023-06-15 15:55:00,44.39,44.39,44.34,44.36,17434.0,CIEN
2023-06-15 15:54:00,44.44,44.44,44.38,44.395,16153.0,CIEN
2023-06-15 15:53:00,44.46,44.47,44.41,44.43,24207.0,CIEN
2023-06-15 15:52:00,44.415,44.465,44.415,44.46,30988.0,CIEN
2023-06-15 15:51:00,44.425,44.425,44.39,44.415,13831.0,CIEN
2023-06-15 15:50:00,44.37,44.44,44.37,44.428,29449.0,CIEN
2023-06-15 15:49:00,44.31,44.37,44.3,44.37,9789.0,CIEN
2023-06-15 15:48:00,44.27,44.31,44.27,44.31,30706.0,CIEN
2023-06-15 15:47:00,44.23,44.28,44.22,44.27,34338.0,CIEN
2023-06-15 15:46:00,44.23,44.235,44.205,44.22,14356.0,CIEN
2023-06-15 15:45:00,44.205,44.24,44.205,44.235,12880.0,CIEN
2023-06-15 15:44:00,44.17,44.21,44.17,44.21,11444.0,CIEN
2023-06-15 15:43:00,44.24,44.24,44.17,44.175,10450.0,CIEN
2023-06-15 15:42:00,44.25,44.25,44.23,44.235,3204.0,CIEN
2023-06-15 15:41:00,44.27,44.28,44.25,44.25,9676.0,CIEN
2023-06-15 15:40:00,44.25,44.27,44.25,44.27,5461.0,CIEN
2023-06-15 15:39:00,44.27,44.27,44.24,44.24,5847.0,CIEN
2023-06-15 15:38:00,44.28,44.28,44.26,44.265,7668.0,CIEN
2023-06-15 15:37:00,44.245,44.27,44.245,44.27,8976.0,CIEN
2023-06-15 15:36:00,44.285,44.29,44.24,44.245,8453.0,CIEN
2023-06-15 15:35:00,44.31,44.31,44.28,44.29,10706.0,CIEN
2023-06-15 15:34:00,44.345,44.345,44.3,44.31,11100.0,CIEN
2023-06-15 15:33:00,44.34,44.35,44.33,44.345,5788.0,CIEN
2023-06-15 15:32:00,44.395,44.395,44.34,44.341,8836.0,CIEN
2023-06-15 15:31:00,44.395,44.4,44.38,44.395,6881.0,CIEN
2023-06-15 15:30:00,44.41,44.42,44.39,44.395,7228.0,CIEN
2023-06-15 15:29:00,44.41,44.41,44.41,44.41,829.0,CIEN
2023-06-15 15:28:00,44.37,44.41,44.37,44.41,4813.0,CIEN
2023-06-15 15:27:00,44.43,44.43,44.36,44.37,6547.0,CIEN
2023-06-15 15:26:00,44.42,44.43,44.415,44.43,5692.0,CIEN
2023-06-15 15:25:00,44.42,44.425,44.42,44.42,3112.0,CIEN
2023-06-15 15:24:00,44.425,44.435,44.41,44.41,2507.0,CIEN
2023-06-15 15:23:00,44.44,44.45,44.41,44.425,6527.0,CIEN
2023-06-15 15:22:00,44.49,44.49,44.44,44.45,3457.0,CIEN
2023-06-15 15:21:00,44.45,44.49,44.45,44.49,5277.0,CIEN
2023-06-15 15:20:00,44.505,44.505,44.436,44.44,5593.0,CIEN
2023-06-15 15:19:00,44.52,44.52,44.5,44.505,3079.0,CIEN
2023-06-15 15:18:00,44.475,44.52,44.47,44.516,4609.0,CIEN
2023-06-15 15:17:00,44.57,44.57,44.49,44.495,2272.0,CIEN
2023-06-15 15:16:00,44.6,44.6,44.57,44.57,4520.0,CIEN
2023-06-15 15:15:00,44.615,44.63,44.59,44.6,35977.0,CIEN
2023-06-15 15:14:00,44.605,44.63,44.6,44.62,7145.0,CIEN
2023-06-15 15:13:00,44.58,44.61,44.58,44.6,7247.0,CIEN
2023-06-15 15:12:00,44.6,44.605,44.58,44.58,5677.0,CIEN
2023-06-15 15:11:00,44.592,44.6,44.59,44.59,1116.0,CIEN
2023-06-15 15:10:00,44.61,44.615,44.58,44.59,6393.0,CIEN
2023-06-15 15:09:00,44.62,44.625,44.62,44.625,961.0,CIEN
2023-06-15 15:08:00,44.61,44.625,44.61,44.625,2485.0,CIEN
2023-06-15 15:07:00,44.59,44.61,44.58,44.61,2412.0,CIEN
2023-06-15 15:06:00,44.62,44.63,44.59,44.59,4369.0,CIEN
2023-06-15 15:05:00,44.6,44.61,44.59,44.61,4087.0,CIEN
2023-06-15 15:04:00,44.635,44.635,44.59,44.595,4144.0,CIEN
2023-06-15 15:03:00,44.62,44.635,44.62,44.635,3465.0,CIEN
2023-06-15 15:02:00,44.635,44.635,44.61,44.615,2458.0,CIEN
2023-06-15 15:01:00,44.635,44.635,44.62,44.635,1965.0,CIEN
2023-06-15 15:00:00,44.64,44.66,44.64,44.64,3865.0,CIEN
2023-06-15 14:59:00,44.635,44.65,44.63,44.64,3749.0,CIEN
2023-06-15 14:58:00,44.65,44.66,44.635,44.635,2469.0,CIEN
2023-06-15 14:57:00,44.62,44.66,44.62,44.65,7657.0,CIEN
2023-06-15 14:56:00,44.57,44.615,44.56,44.615,9020.0,CIEN
2023-06-15 14:55:00,44.575,44.59,44.56,44.57,2891.0,CIEN
2023-06-15 14:54:00,44.51,44.565,44.51,44.565,4264.0,CIEN
2023-06-15 14:53:00,44.53,44.535,44.51,44.518,6881.0,CIEN
2023-06-15 14:52:00,44.6,44.61,44.54,44.555,8299.0,CIEN
2023-06-15 14:51:00,44.575,44.59,44.56,44.59,4915.0,CIEN
2023-06-15 14:50:00,44.575,44.575,44.56,44.57,4333.0,CIEN
2023-06-15 14:49:00,44.58,44.595,44.572,44.572,3814.0,CIEN
2023-06-15 14:48:00,44.57,44.58,44.57,44.58,3046.0,CIEN
2023-06-15 14:47:00,44.56,44.565,44.555,44.555,954.0,CIEN
2023-06-15 14:46:00,44.58,44.58,44.54,44.565,5727.0,CIEN
2023-06-15 14:45:00,44.59,44.59,44.57,44.58,4227.0,CIEN
2023-06-15 14:44:00,44.61,44.61,44.585,44.59,1874.0,CIEN
2023-06-15 14:43:00,44.61,44.62,44.61,44.61,1145.0,CIEN
2023-06-15 14:42:00,44.63,44.635,44.6,44.6,2491.0,CIEN
2023-06-15 14:41:00,44.635,44.64,44.61,44.625,3404.0,CIEN
2023-06-15 14:40:00,44.645,44.655,44.64,44.645,7170.0,CIEN
2023-06-15 14:39:00,44.65,44.655,44.645,44.645,2096.0,CIEN
2023-06-15 14:38:00,44.645,44.665,44.64,44.659,6287.0,CIEN
2023-06-15 14:37:00,44.605,44.645,44.605,44.64,3315.0,CIEN
2023-06-15 14:36:00,44.595,44.615,44.595,44.61,3906.0,CIEN
2023-06-15 14:35:00,44.585,44.595,44.585,44.595,2016.0,CIEN
2023-06-15 14:34:00,44.57,44.585,44.56,44.585,6121.0,CIEN
2023-06-15 14:33:00,44.57,44.58,44.57,44.57,840.0,CIEN
2023-06-15 14:32:00,44.56,44.57,44.56,44.57,2000.0,CIEN
2023-06-15 14:31:00,44.56,44.56,44.56,44.56,839.0,CIEN
2023-06-15 14:30:00,44.54,44.56,44.54,44.55,11609.0,CIEN
2023-06-15 14:29:00,44.53,44.55,44.53,44.54,3420.0,CIEN
2023-06-15 14:28:00,44.495,44.54,44.495,44.52,6853.0,CIEN
2023-06-15 14:27:00,44.485,44.5,44.48,44.5,4226.0,CIEN
2023-06-15 14:26:00,44.47,44.485,44.47,44.485,3512.0,CIEN
2023-06-15 14:25:00,44.465,44.47,44.46,44.46,3491.0,CIEN
2023-06-15 14:24:00,44.495,44.495,44.46,44.47,5601.0,CIEN
2023-06-15 14:23:00,44.505,44.505,44.495,44.5,1174.0,CIEN
2023-06-15 14:22:00,44.485,44.51,44.485,44.51,3584.0,CIEN
2023-06-15 14:21:00,44.445,44.495,44.445,44.48,9535.0,CIEN
2023-06-15 14:20:00,44.47,44.47,44.445,44.445,4118.0,CIEN
2023-06-15 14:19:00,44.485,44.485,44.465,44.47,2989.0,CIEN
2023-06-15 14:18:00,44.475,44.49,44.475,44.49,3959.0,CIEN
2023-06-15 14:17:00,44.46,44.485,44.46,44.48,3465.0,CIEN
2023-06-15 14:16:00,44.475,44.475,44.46,44.46,551.0,CIEN
2023-06-15 14:15:00,44.5,44.5,44.475,44.475,1419.0,CIEN
2023-06-15 14:14:00,44.585,44.59,44.48,44.495,8571.0,CIEN
2023-06-15 14:13:00,44.595,44.61,44.585,44.585,2843.0,CIEN
2023-06-15 14:12:00,44.595,44.63,44.58,44.595,16087.0,CIEN
2023-06-15 14:11:00,44.583,44.6,44.58,44.59,3446.0,CIEN
2023-06-15 14:10:00,44.595,44.6,44.585,44.59,1060.0,CIEN
2023-06-15 14:09:00,44.595,44.61,44.58,44.6,2093.0,CIEN
2023-06-15 14:08:00,44.63,44.63,44.59,44.595,6683.0,CIEN
2023-06-15 14:07:00,44.6,44.645,44.6,44.645,5889.0,CIEN
2023-06-15 14:06:00,44.58,44.6,44.57,44.6,3425.0,CIEN
2023-06-15 14:05:00,44.62,44.625,44.58,44.58,8290.0,CIEN
2023-06-15 14:04:00,44.61,44.625,44.61,44.625,2982.0,CIEN
2023-06-15 14:03:00,44.62,44.63,44.62,44.63,2859.0,CIEN
2023-06-15 14:02:00,44.6,44.61,44.6,44.61,1701.0,CIEN
2023-06-15 14:01:00,44.57,44.6,44.57,44.6,39359.0,CIEN
2023-06-15 14:00:00,44.57,44.58,44.56,44.57,15098.0,CIEN
2023-06-15 13:59:00,44.55,44.56,44.55,44.56,1038.0,CIEN
2023-06-15 13:58:00,44.53,44.54,44.53,44.54,2888.0,CIEN
2023-06-15 13:57:00,44.54,44.54,44.525,44.525,1727.0,CIEN
2023-06-15 13:56:00,44.53,44.55,44.52,44.53,2693.0,CIEN
2023-06-15 13:55:00,44.51,44.54,44.51,44.54,3555.0,CIEN
2023-06-15 13:54:00,44.49,44.495,44.49,44.495,741.0,CIEN
2023-06-15 13:53:00,44.47,44.49,44.455,44.48,16037.0,CIEN
2023-06-15 13:52:00,44.502,44.502,44.48,44.49,2319.0,CIEN
2023-06-15 13:51:00,44.505,44.51,44.5,44.5,1834.0,CIEN
2023-06-15 13:50:00,44.48,44.505,44.48,44.5,6996.0,CIEN
2023-06-15 13:49:00,44.47,44.48,44.47,44.48,1441.0,CIEN
2023-06-15 13:48:00,44.47,44.475,44.47,44.47,1179.0,CIEN
2023-06-15 13:47:00,44.44,44.46,44.44,44.46,1903.0,CIEN
2023-06-15 13:46:00,44.42,44.43,44.41,44.43,4044.0,CIEN
2023-06-15 13:45:00,44.4,44.43,44.4,44.43,10766.0,CIEN
2023-06-15 13:44:00,44.39,44.4,44.39,44.4,1067.0,CIEN
2023-06-15 13:43:00,44.375,44.395,44.375,44.395,2500.0,CIEN
2023-06-15 13:42:00,44.345,44.37,44.345,44.37,1535.0,CIEN
2023-06-15 13:41:00,44.38,44.38,44.34,44.345,3088.0,CIEN
2023-06-15 13:40:00,44.35,44.38,44.35,44.37,3033.0,CIEN
2023-06-15 13:39:00,44.33,44.345,44.33,44.345,3134.0,CIEN
2023-06-15 13:38:00,44.3,44.32,44.3,44.32,3029.0,CIEN
2023-06-15 13:37:00,44.33,44.33,44.29,44.29,2305.0,CIEN
2023-06-15 13:36:00,44.32,44.34,44.32,44.34,2009.0,CIEN
2023-06-15 13:35:00,44.35,44.355,44.32,44.33,3353.0,CIEN
2023-06-15 13:34:00,44.34,44.35,44.34,44.35,3494.0,CIEN
2023-06-15 13:33:00,44.32,44.33,44.32,44.33,1674.0,CIEN
2023-06-15 13:32:00,44.32,44.34,44.32,44.33,687.0,CIEN
2023-06-15 13:31:00,44.35,44.35,44.33,44.33,1416.0,CIEN
2023-06-15 13:30:00,44.35,44.37,44.35,44.36,1558.0,CIEN
2023-06-15 13:29:00,44.335,44.335,44.335,44.335,290.0,CIEN
2023-06-15 13:28:00,44.33,44.34,44.33,44.33,1641.0,CIEN
2023-06-15 13:27:00,44.32,44.325,44.3,44.32,13484.0,CIEN
2023-06-15 13:26:00,44.33,44.33,44.309,44.31,3125.0,CIEN
2023-06-15 13:25:00,44.34,44.35,44.315,44.325,3651.0,CIEN
2023-06-15 13:24:00,44.35,44.35,44.35,44.35,636.0,CIEN
2023-06-15 13:23:00,44.3,44.34,44.3,44.34,2111.0,CIEN
2023-06-15 13:22:00,44.29,44.31,44.29,44.3,12426.0,CIEN
2023-06-15 13:21:00,44.28,44.29,44.28,44.29,901.0,CIEN
2023-06-15 13:20:00,44.24,44.27,44.233,44.27,4235.0,CIEN
2023-06-15 13:19:00,44.22,44.23,44.22,44.23,993.0,CIEN
2023-06-15 13:18:00,44.21,44.22,44.2,44.22,2583.0,CIEN
2023-06-15 13:17:00,44.23,44.24,44.21,44.22,1561.0,CIEN
2023-06-15 13:16:00,44.225,44.225,44.225,44.225,245.0,CIEN
2023-06-15 13:15:00,44.21,44.225,44.2,44.225,3244.0,CIEN
2023-06-15 13:14:00,44.21,44.22,44.21,44.22,1303.0,CIEN
2023-06-15 13:13:00,44.21,44.22,44.2,44.22,2829.0,CIEN
2023-06-15 13:12:00,44.27,44.28,44.23,44.23,3928.0,CIEN
2023-06-15 13:11:00,44.266,44.27,44.26,44.27,1368.0,CIEN
2023-06-15 13:10:00,44.26,44.26,44.25,44.26,2340.0,CIEN
2023-06-15 13:09:00,44.25,44.26,44.25,44.25,1982.0,CIEN
2023-06-15 13:08:00,44.26,44.26,44.25,44.26,2330.0,CIEN
2023-06-15 13:07:00,44.25,44.27,44.25,44.265,3004.0,CIEN
2023-06-15 13:06:00,44.29,44.3,44.26,44.26,1100.0,CIEN
2023-06-15 13:05:00,44.305,44.305,44.3,44.3,435.0,CIEN
2023-06-15 13:04:00,44.345,44.345,44.304,44.305,1170.0,CIEN
2023-06-15 13:03:00,44.36,44.37,44.34,44.345,12394.0,CIEN
2023-06-15 13:02:00,44.36,44.36,44.35,44.35,2555.0,CIEN
2023-06-15 13:01:00,44.376,44.385,44.37,44.375,2468.0,CIEN
2023-06-15 13:00:00,44.38,44.393,44.38,44.393,579.0,CIEN
2023-06-15 12:59:00,44.39,44.4,44.38,44.39,1296.0,CIEN
2023-06-15 12:58:00,44.365,44.38,44.365,44.38,961.0,CIEN
2023-06-15 12:57:00,44.36,44.37,44.36,44.365,2864.0,CIEN
2023-06-15 12:56:00,44.36,44.36,44.36,44.36,744.0,CIEN
2023-06-15 12:55:00,44.33,44.335,44.33,44.335,1432.0,CIEN
2023-06-15 12:54:00,44.285,44.35,44.285,44.34,1976.0,CIEN
2023-06-15 12:53:00,44.29,44.295,44.28,44.285,1232.0,CIEN
2023-06-15 12:52:00,44.265,44.31,44.265,44.309,3429.0,CIEN
2023-06-15 12:51:00,44.269,44.27,44.255,44.27,2905.0,CIEN
2023-06-15 12:50:00,44.26,44.275,44.26,44.27,7354.0,CIEN
2023-06-15 12:49:00,44.25,44.267,44.25,44.26,2692.0,CIEN
2023-06-15 12:48:00,44.22,44.24,44.2,44.24,1729.0,CIEN
2023-06-15 12:47:00,44.23,44.24,44.23,44.23,735.0,CIEN
2023-06-15 12:46:00,44.275,44.275,44.25,44.25,4993.0,CIEN
2023-06-15 12:45:00,44.285,44.29,44.285,44.29,3125.0,CIEN
2023-06-15 12:44:00,44.31,44.315,44.28,44.29,2695.0,CIEN
2023-06-15 12:43:00,44.295,44.295,44.295,44.295,414.0,CIEN
2023-06-15 12:42:00,44.255,44.3,44.255,44.295,4468.0,CIEN
2023-06-15 12:41:00,44.27,44.27,44.25,44.265,2382.0,CIEN
2023-06-15 12:40:00,44.265,44.275,44.265,44.265,10856.0,CIEN
2023-06-15 12:39:00,44.24,44.265,44.24,44.265,1255.0,CIEN
2023-06-15 12:38:00,44.25,44.25,44.23,44.245,1944.0,CIEN
2023-06-15 12:37:00,44.28,44.28,44.255,44.255,2033.0,CIEN
2023-06-15 12:36:00,44.26,44.29,44.26,44.27,4430.0,CIEN
2023-06-15 12:35:00,44.25,44.265,44.25,44.26,1709.0,CIEN
2023-06-15 12:34:00,44.23,44.23,44.22,44.23,1069.0,CIEN
2023-06-15 12:33:00,44.25,44.26,44.227,44.227,2388.0,CIEN
2023-06-15 12:32:00,44.26,44.26,44.25,44.25,1619.0,CIEN
2023-06-15 12:31:00,44.27,44.27,44.25,44.25,2236.0,CIEN
2023-06-15 12:30:00,44.23,44.26,44.23,44.255,3986.0,CIEN
2023-06-15 12:29:00,44.232,44.24,44.2,44.225,4456.0,CIEN
2023-06-15 12:28:00,44.215,44.24,44.21,44.24,6329.0,CIEN
2023-06-15 12:27:00,44.2,44.21,44.16,44.21,4898.0,CIEN
2023-06-15 12:26:00,44.18,44.18,44.18,44.18,393.0,CIEN
2023-06-15 12:25:00,44.22,44.22,44.18,44.2,1575.0,CIEN
2023-06-15 12:24:00,44.24,44.24,44.24,44.24,670.0,CIEN
2023-06-15 12:23:00,44.245,44.257,44.23,44.25,1534.0,CIEN
2023-06-15 12:22:00,44.285,44.285,44.23,44.24,1220.0,CIEN
2023-06-15 12:21:00,44.31,44.31,44.275,44.28,2089.0,CIEN
2023-06-15 12:20:00,44.32,44.35,44.31,44.32,13564.0,CIEN
2023-06-15 12:19:00,44.32,44.325,44.32,44.325,2019.0,CIEN
2023-06-15 12:18:00,44.32,44.33,44.32,44.33,1327.0,CIEN
2023-06-15 12:17:00,44.33,44.33,44.32,44.33,1536.0,CIEN
2023-06-15 12:16:00,44.37,44.37,44.34,44.34,2823.0,CIEN
2023-06-15 12:15:00,44.365,44.374,44.365,44.374,865.0,CIEN
2023-06-15 12:14:00,44.37,44.37,44.365,44.365,1610.0,CIEN
2023-06-15 12:13:00,44.39,44.39,44.365,44.365,909.0,CIEN
2023-06-15 12:12:00,44.435,44.435,44.41,44.41,3664.0,CIEN
2023-06-15 12:11:00,44.47,44.475,44.44,44.44,3651.0,CIEN
2023-06-15 12:10:00,44.53,44.53,44.47,44.47,4420.0,CIEN
2023-06-15 12:09:00,44.53,44.53,44.52,44.53,1230.0,CIEN
2023-06-15 12:08:00,44.539,44.539,44.52,44.53,2559.0,CIEN
2023-06-15 12:07:00,44.54,44.555,44.54,44.55,2394.0,CIEN
2023-06-15 12:06:00,44.547,44.547,44.54,44.545,733.0,CIEN
2023-06-15 12:05:00,44.535,44.55,44.535,44.55,922.0,CIEN
2023-06-15 12:04:00,44.53,44.56,44.525,44.55,3301.0,CIEN
2023-06-15 12:03:00,44.52,44.54,44.52,44.53,2012.0,CIEN
2023-06-15 12:02:00,44.5,44.51,44.49,44.51,3235.0,CIEN
2023-06-15 12:01:00,44.495,44.495,44.465,44.49,2021.0,CIEN
2023-06-15 12:00:00,44.47,44.5,44.47,44.495,2831.0,CIEN
2023-06-15 11:59:00,44.395,44.46,44.395,44.46,4101.0,CIEN
2023-06-15 11:58:00,44.395,44.395,44.395,44.395,852.0,CIEN
2023-06-15 11:57:00,44.41,44.41,44.36,44.395,5040.0,CIEN
2023-06-15 11:56:00,44.43,44.44,44.42,44.42,3022.0,CIEN
2023-06-15 11:55:00,44.445,44.445,44.43,44.445,1234.0,CIEN
2023-06-15 11:54:00,44.445,44.453,44.445,44.453,2531.0,CIEN
2023-06-15 11:53:00,44.45,44.45,44.44,44.445,835.0,CIEN
2023-06-15 11:52:00,44.46,44.471,44.451,44.465,4777.0,CIEN
2023-06-15 11:51:00,44.42,44.44,44.41,44.44,1688.0,CIEN
2023-06-15 11:50:00,44.42,44.42,44.39,44.39,1788.0,CIEN
2023-06-15 11:49:00,44.45,44.45,44.402,44.402,5973.0,CIEN
2023-06-15 11:48:00,44.5,44.52,44.46,44.46,6455.0,CIEN
2023-06-15 11:47:00,44.51,44.51,44.495,44.51,4884.0,CIEN
2023-06-15 11:46:00,44.48,44.5,44.48,44.5,3451.0,CIEN
2023-06-15 11:45:00,44.46,44.49,44.46,44.475,3026.0,CIEN
2023-06-15 11:44:00,44.459,44.465,44.45,44.46,1611.0,CIEN
2023-06-15 11:43:00,44.43,44.46,44.42,44.46,4550.0,CIEN
2023-06-15 11:42:00,44.439,44.45,44.41,44.418,3732.0,CIEN
2023-06-15 11:41:00,44.37,44.43,44.37,44.43,4034.0,CIEN
2023-06-15 11:40:00,44.36,44.38,44.345,44.37,5773.0,CIEN
2023-06-15 11:39:00,44.35,44.37,44.35,44.37,1478.0,CIEN
2023-06-15 11:38:00,44.33,44.38,44.33,44.35,5249.0,CIEN
2023-06-15 11:37:00,44.26,44.33,44.26,44.33,3077.0,CIEN
2023-06-15 11:36:00,44.2,44.26,44.19,44.26,7335.0,CIEN
2023-06-15 11:35:00,44.18,44.2,44.18,44.2,1642.0,CIEN
2023-06-15 11:34:00,44.16,44.18,44.16,44.18,2836.0,CIEN
2023-06-15 11:33:00,44.11,44.15,44.11,44.15,7615.0,CIEN
2023-06-15 11:32:00,44.1,44.14,44.1,44.11,7696.0,CIEN
2023-06-15 11:31:00,44.1,44.14,44.095,44.106,6877.0,CIEN
2023-06-15 11:30:00,44.1,44.1,44.08,44.09,5727.0,CIEN
2023-06-15 11:29:00,44.07,44.11,44.065,44.11,5996.0,CIEN
2023-06-15 11:28:00,44.04,44.06,44.04,44.06,4984.0,CIEN
2023-06-15 11:27:00,44.03,44.05,44.03,44.04,4918.0,CIEN
2023-06-15 11:26:00,44.02,44.02,44.0,44.02,3369.0,CIEN
2023-06-15 11:25:00,44.025,44.03,44.01,44.01,4489.0,CIEN
2023-06-15 11:24:00,44.01,44.03,44.005,44.03,3901.0,CIEN
2023-06-15 11:23:00,44.05,44.05,44.01,44.01,1894.0,CIEN
2023-06-15 11:22:00,44.05,44.06,44.03,44.05,4842.0,CIEN
2023-06-15 11:21:00,44.02,44.055,44.02,44.05,3791.0,CIEN
2023-06-15 11:20:00,44.01,44.02,43.99,44.02,1576.0,CIEN
2023-06-15 11:19:00,44.02,44.02,44.0,44.0,2365.0,CIEN
2023-06-15 11:18:00,44.01,44.02,44.0,44.0,1441.0,CIEN
2023-06-15 11:17:00,44.029,44.06,44.02,44.02,10228.0,CIEN
2023-06-15 11:16:00,44.03,44.03,44.02,44.025,2205.0,CIEN
2023-06-15 11:15:00,44.0,44.05,44.0,44.045,5898.0,CIEN
2023-06-15 11:14:00,44.01,44.01,44.0,44.0,1220.0,CIEN
2023-06-15 11:13:00,44.045,44.045,44.02,44.02,4071.0,CIEN
2023-06-15 11:12:00,44.01,44.04,44.01,44.03,3774.0,CIEN
2023-06-15 11:11:00,44.03,44.04,44.01,44.01,2705.0,CIEN
2023-06-15 11:10:00,44.05,44.05,44.02,44.03,2508.0,CIEN
2023-06-15 11:09:00,44.0,44.05,44.0,44.05,7139.0,CIEN
2023-06-15 11:08:00,44.015,44.03,44.015,44.015,3085.0,CIEN
2023-06-15 11:07:00,44.04,44.05,44.02,44.03,3387.0,CIEN
2023-06-15 11:06:00,44.01,44.06,44.01,44.06,6780.0,CIEN
2023-06-15 11:05:00,43.97,44.005,43.97,44.0,12719.0,CIEN
2023-06-15 11:04:00,43.98,43.98,43.98,43.98,442.0,CIEN
2023-06-15 11:03:00,43.96,43.972,43.96,43.972,2928.0,CIEN
2023-06-15 11:02:00,43.98,43.98,43.955,43.97,4237.0,CIEN
2023-06-15 11:01:00,44.0,44.0,43.98,43.98,2564.0,CIEN
2023-06-15 11:00:00,44.03,44.04,44.01,44.02,1783.0,CIEN
2023-06-15 10:59:00,44.03,44.03,44.02,44.02,1112.0,CIEN
2023-06-15 10:58:00,44.08,44.08,44.04,44.04,3701.0,CIEN
2023-06-15 10:57:00,44.08,44.09,44.07,44.087,2999.0,CIEN
2023-06-15 10:56:00,44.04,44.08,44.04,44.08,4413.0,CIEN
2023-06-15 10:55:00,44.035,44.035,44.01,44.01,9035.0,CIEN
2023-06-15 10:54:00,44.0,44.04,44.0,44.03,6261.0,CIEN
2023-06-15 10:53:00,44.03,44.03,43.99,44.0,8380.0,CIEN
2023-06-15 10:52:00,44.005,44.02,44.005,44.02,2863.0,CIEN
2023-06-15 10:51:00,43.99,44.02,43.99,44.02,8069.0,CIEN
2023-06-15 10:50:00,44.02,44.02,43.967,43.968,8948.0,CIEN
2023-06-15 10:49:00,44.05,44.05,44.02,44.02,352.0,CIEN
2023-06-15 10:48:00,44.03,44.08,44.01,44.07,4179.0,CIEN
2023-06-15 10:47:00,44.11,44.11,44.07,44.07,2420.0,CIEN
2023-06-15 10:46:00,44.05,44.12,44.05,44.12,5183.0,CIEN
2023-06-15 10:45:00,44.04,44.04,44.01,44.02,5730.0,CIEN
2023-06-15 10:44:00,43.98,44.06,43.98,44.03,4205.0,CIEN
2023-06-15 10:43:00,44.02,44.03,43.99,43.99,2989.0,CIEN
2023-06-15 10:42:00,43.99,44.01,43.99,44.01,3413.0,CIEN
2023-06-15 10:41:00,44.02,44.02,44.01,44.01,1958.0,CIEN
2023-06-15 10:40:00,43.9,44.02,43.9,44.0,5948.0,CIEN
2023-06-15 10:39:00,43.94,43.95,43.89,43.9,5613.0,CIEN
2023-06-15 10:38:00,43.95,43.95,43.94,43.94,1288.0,CIEN
2023-06-15 10:37:00,43.915,43.97,43.915,43.95,4521.0,CIEN
2023-06-15 10:36:00,43.89,43.9,43.88,43.9,6152.0,CIEN
2023-06-15 10:35:00,43.835,43.905,43.83,43.9,4460.0,CIEN
2023-06-15 10:34:00,43.785,43.83,43.785,43.83,13326.0,CIEN
2023-06-15 10:33:00,43.89,43.9,43.75,43.775,31090.0,CIEN
2023-06-15 10:32:00,43.92,43.94,43.88,43.89,12065.0,CIEN
2023-06-15 10:31:00,43.95,43.97,43.89,43.89,15064.0,CIEN
2023-06-15 10:30:00,44.02,44.03,43.96,43.96,9967.0,CIEN
2023-06-15 10:29:00,44.0,44.02,44.0,44.01,3579.0,CIEN
2023-06-15 10:28:00,43.98,43.99,43.96,43.99,11747.0,CIEN
2023-06-15 10:27:00,43.9,43.96,43.9,43.96,6708.0,CIEN
2023-06-15 10:26:00,43.895,43.895,43.88,43.895,5593.0,CIEN
2023-06-15 10:25:00,43.88,43.91,43.88,43.88,10216.0,CIEN
2023-06-15 10:24:00,43.86,43.88,43.86,43.875,1651.0,CIEN
2023-06-15 10:23:00,43.85,43.86,43.84,43.86,6631.0,CIEN
2023-06-15 10:22:00,43.92,43.945,43.85,43.85,10573.0,CIEN
2023-06-15 10:21:00,43.91,43.92,43.91,43.92,6035.0,CIEN
2023-06-15 10:20:00,43.9,43.91,43.89,43.9,5929.0,CIEN
2023-06-15 10:19:00,43.86,43.89,43.86,43.89,4511.0,CIEN
2023-06-15 10:18:00,43.88,43.92,43.86,43.87,5732.0,CIEN
2023-06-15 10:17:00,43.92,43.93,43.9,43.9,2120.0,CIEN
2023-06-15 10:16:00,43.98,43.99,43.92,43.92,3708.0,CIEN
2023-06-15 10:15:00,43.93,43.97,43.92,43.97,6352.0,CIEN
2023-06-15 10:14:00,43.99,43.99,43.95,43.95,3563.0,CIEN
2023-06-15 10:13:00,44.03,44.03,44.0,44.01,5154.0,CIEN
2023-06-15 10:12:00,44.03,44.07,44.03,44.04,2616.0,CIEN
2023-06-15 10:11:00,44.045,44.06,44.03,44.03,1657.0,CIEN
2023-06-15 10:10:00,44.025,44.05,44.025,44.04,2805.0,CIEN
2023-06-15 10:09:00,44.05,44.06,44.03,44.03,3550.0,CIEN
2023-06-15 10:08:00,44.035,44.06,44.035,44.06,1668.0,CIEN
2023-06-15 10:07:00,44.04,44.069,44.04,44.047,1525.0,CIEN
2023-06-15 10:06:00,44.0,44.02,43.98,44.02,3384.0,CIEN
2023-06-15 10:05:00,43.93,44.0,43.92,44.0,6558.0,CIEN
2023-06-15 10:04:00,43.92,43.92,43.9,43.915,4024.0,CIEN
2023-06-15 10:03:00,44.035,44.035,43.95,43.96,9403.0,CIEN
2023-06-15 10:02:00,44.04,44.06,44.04,44.06,1301.0,CIEN
2023-06-15 10:01:00,43.99,44.04,43.99,44.024,4796.0,CIEN
2023-06-15 10:00:00,43.92,44.01,43.92,44.0,6200.0,CIEN
2023-06-15 09:59:00,43.89,43.92,43.89,43.92,690.0,CIEN
2023-06-15 09:58:00,43.91,43.91,43.86,43.9,6665.0,CIEN
2023-06-15 09:57:00,43.93,43.93,43.86,43.91,3620.0,CIEN
2023-06-15 09:56:00,43.945,43.97,43.94,43.94,1136.0,CIEN
2023-06-15 09:55:00,43.98,43.98,43.945,43.945,1036.0,CIEN
2023-06-15 09:54:00,44.06,44.06,44.03,44.03,1600.0,CIEN
2023-06-15 09:53:00,43.995,44.04,43.995,44.04,2544.0,CIEN
2023-06-15 09:52:00,44.095,44.095,44.0,44.03,5879.0,CIEN
2023-06-15 09:51:00,44.1,44.1,44.04,44.095,1209.0,CIEN
2023-06-15 09:50:00,44.08,44.14,44.07,44.14,3656.0,CIEN
2023-06-15 09:49:00,44.07,44.075,44.04,44.05,3273.0,CIEN
2023-06-15 09:48:00,44.08,44.12,44.08,44.08,3345.0,CIEN
2023-06-15 09:47:00,44.045,44.06,44.0,44.06,4334.0,CIEN
2023-06-15 09:45:00,44.09,44.09,44.05,44.05,530.0,CIEN
2023-06-15 09:44:00,44.0,44.03,43.98,44.03,4346.0,CIEN
2023-06-15 09:43:00,43.99,43.99,43.94,43.97,6409.0,CIEN
2023-06-15 09:42:00,44.08,44.1,43.95,43.99,6466.0,CIEN
2023-06-15 09:41:00,44.095,44.095,44.01,44.08,7083.0,CIEN
2023-06-15 09:40:00,44.13,44.188,44.08,44.1,4419.0,CIEN
2023-06-15 09:39:00,44.11,44.13,44.11,44.13,543.0,CIEN
2023-06-15 09:38:00,44.07,44.13,44.07,44.13,3970.0,CIEN
2023-06-15 09:37:00,44.05,44.16,44.035,44.069,11659.0,CIEN
2023-06-15 09:36:00,44.085,44.13,44.07,44.129,2060.0,CIEN
2023-06-15 09:35:00,44.2,44.2,44.09,44.09,4798.0,CIEN
2023-06-15 09:34:00,44.125,44.165,44.125,44.159,476.0,CIEN
2023-06-15 09:33:00,44.12,44.12,44.12,44.12,152.0,CIEN
2023-06-15 09:32:00,44.23,44.23,44.099,44.099,213.0,CIEN
2023-06-15 09:30:00,44.09,44.12,44.09,44.12,21529.0,CIEN
2023-06-15 09:26:00,43.82,43.82,43.82,43.82,1.0,CIEN
2023-06-15 08:03:00,44.37,44.37,44.37,44.37,1.0,CIEN
2023-06-15 08:02:00,44.37,44.37,44.37,44.37,1.0,CIEN
2023-06-15 08:00:00,44.36,44.37,44.36,44.37,14.0,CIEN
2023-06-15 04:42:00,44.35,44.35,44.34,44.34,16.0,CIEN
2023-06-14 19:51:00,44.3,44.3,44.3,44.3,25.0,CIEN
2023-06-14 19:39:00,44.3,44.3,44.3,44.3,2.0,CIEN
2023-06-14 19:28:00,44.3,44.3,44.3,44.3,100.0,CIEN
2023-06-14 19:25:00,44.3,44.3,44.3,44.3,400.0,CIEN
2023-06-14 19:21:00,44.25,44.25,44.25,44.25,3.0,CIEN
2023-06-14 19:01:00,44.45,44.45,44.45,44.45,5.0,CIEN
2023-06-14 19:00:00,44.37,44.37,44.37,44.37,210452.0,CIEN
2023-06-14 18:30:00,44.37,44.37,44.37,44.37,210452.0,CIEN
2023-06-14 18:18:00,44.37,44.37,44.37,44.37,20.0,CIEN
2023-06-14 18:06:00,44.35,44.35,44.35,44.35,121.0,CIEN
2023-06-14 17:23:00,44.45,44.45,44.45,44.45,5.0,CIEN
2023-06-14 16:57:00,44.0,44.0,44.0,44.0,50.0,CIEN
2023-06-14 16:37:00,44.45,44.45,44.45,44.45,90.0,CIEN
2023-06-14 16:30:00,44.41,44.41,44.41,44.41,5.0,CIEN
2023-06-14 16:10:00,44.37,44.37,43.91,43.91,210453.0,CIEN
2023-06-14 16:07:00,43.77,43.77,43.77,43.77,1.0,CIEN
2023-06-14 16:01:00,44.37,44.37,44.37,44.37,233.0,CIEN
2023-06-14 16:00:00,44.38,44.38,44.35,44.37,477186.0,CIEN
2023-06-14 15:59:00,44.335,44.38,44.33,44.38,67807.0,CIEN
2023-06-14 15:58:00,44.36,44.365,44.32,44.335,30422.0,CIEN
2023-06-14 15:57:00,44.325,44.375,44.32,44.36,38959.0,CIEN
2023-06-14 15:56:00,44.303,44.325,44.29,44.325,29874.0,CIEN
2023-06-14 15:55:00,44.27,44.315,44.26,44.305,15640.0,CIEN
2023-06-14 15:54:00,44.23,44.31,44.23,44.27,22533.0,CIEN
2023-06-14 15:53:00,44.23,44.255,44.21,44.24,13856.0,CIEN
2023-06-14 15:52:00,44.2,44.28,44.195,44.24,12070.0,CIEN
2023-06-14 15:51:00,44.19,44.2,44.15,44.2,15757.0,CIEN
2023-06-14 15:50:00,44.29,44.32,44.18,44.19,20424.0,CIEN
2023-06-14 15:49:00,44.3,44.3,44.24,44.285,30051.0,CIEN
2023-06-14 15:48:00,44.3,44.315,44.29,44.305,13421.0,CIEN
2023-06-14 15:47:00,44.315,44.32,44.22,44.31,16567.0,CIEN
2023-06-14 15:46:00,44.325,44.34,44.3,44.315,16478.0,CIEN
2023-06-14 15:45:00,44.25,44.33,44.245,44.33,22115.0,CIEN
2023-06-14 15:44:00,44.195,44.26,44.195,44.25,32407.0,CIEN
2023-06-14 15:43:00,44.2,44.205,44.18,44.195,9403.0,CIEN
2023-06-14 15:42:00,44.19,44.21,44.18,44.2,7049.0,CIEN
2023-06-14 15:41:00,44.27,44.27,44.2,44.2,14137.0,CIEN
2023-06-14 15:40:00,44.269,44.305,44.26,44.27,16277.0,CIEN
2023-06-14 15:39:00,44.255,44.26,44.23,44.26,8503.0,CIEN
2023-06-14 15:38:00,44.24,44.275,44.24,44.255,7744.0,CIEN
2023-06-14 15:37:00,44.265,44.265,44.24,44.25,10730.0,CIEN
2023-06-14 15:36:00,44.295,44.295,44.26,44.265,8075.0,CIEN
2023-06-14 15:35:00,44.24,44.3,44.235,44.3,7190.0,CIEN
2023-06-14 15:34:00,44.29,44.29,44.24,44.245,11325.0,CIEN
2023-06-14 15:33:00,44.25,44.29,44.25,44.285,7937.0,CIEN
2023-06-14 15:32:00,44.24,44.263,44.24,44.24,8357.0,CIEN
2023-06-14 15:31:00,44.2,44.245,44.2,44.24,8512.0,CIEN
2023-06-14 15:30:00,44.27,44.27,44.18,44.19,13061.0,CIEN
2023-06-14 15:29:00,44.27,44.275,44.26,44.26,6281.0,CIEN
2023-06-14 15:28:00,44.28,44.285,44.24,44.27,6174.0,CIEN
2023-06-14 15:27:00,44.3,44.3,44.27,44.28,4359.0,CIEN
2023-06-14 15:26:00,44.29,44.31,44.27,44.3,8194.0,CIEN
2023-06-14 15:25:00,44.25,44.305,44.25,44.29,8745.0,CIEN
2023-06-14 15:24:00,44.28,44.29,44.25,44.25,4401.0,CIEN
2023-06-14 15:23:00,44.27,44.31,44.255,44.275,11273.0,CIEN
2023-06-14 15:22:00,44.23,44.29,44.225,44.27,13478.0,CIEN
2023-06-14 15:21:00,44.15,44.22,44.15,44.22,4073.0,CIEN
2023-06-14 15:20:00,44.12,44.15,44.09,44.15,7477.0,CIEN
2023-06-14 15:19:00,44.1,44.12,44.08,44.11,7340.0,CIEN
2023-06-14 15:18:00,44.13,44.135,44.1,44.11,10170.0,CIEN
2023-06-14 15:17:00,44.16,44.165,44.13,44.13,5633.0,CIEN
2023-06-14 15:16:00,44.15,44.16,44.107,44.16,9608.0,CIEN
2023-06-14 15:15:00,44.22,44.22,44.155,44.16,9001.0,CIEN
2023-06-14 15:14:00,44.21,44.245,44.19,44.22,9265.0,CIEN
2023-06-14 15:13:00,44.25,44.25,44.19,44.22,5250.0,CIEN
2023-06-14 15:12:00,44.255,44.27,44.25,44.26,4741.0,CIEN
2023-06-14 15:11:00,44.24,44.289,44.24,44.26,7080.0,CIEN
2023-06-14 15:10:00,44.31,44.32,44.2,44.235,11360.0,CIEN
2023-06-14 15:09:00,44.27,44.31,44.26,44.305,8043.0,CIEN
2023-06-14 15:08:00,44.275,44.28,44.25,44.265,5993.0,CIEN
2023-06-14 15:07:00,44.23,44.28,44.22,44.28,6631.0,CIEN
2023-06-14 15:06:00,44.22,44.23,44.19,44.23,9788.0,CIEN
2023-06-14 15:05:00,44.21,44.269,44.19,44.215,16480.0,CIEN
2023-06-14 15:04:00,44.14,44.21,44.14,44.21,5201.0,CIEN
2023-06-14 15:03:00,44.13,44.135,44.08,44.135,8939.0,CIEN
2023-06-14 15:02:00,44.13,44.17,44.13,44.14,6623.0,CIEN
2023-06-14 15:01:00,44.14,44.14,44.095,44.12,8465.0,CIEN
2023-06-14 15:00:00,44.09,44.135,44.09,44.125,10846.0,CIEN
2023-06-14 14:59:00,44.1,44.12,44.07,44.08,10184.0,CIEN
2023-06-14 14:58:00,44.12,44.12,44.08,44.1,8786.0,CIEN
2023-06-14 14:57:00,44.16,44.17,44.12,44.12,7062.0,CIEN
2023-06-14 14:56:00,44.1,44.18,44.1,44.15,11201.0,CIEN
2023-06-14 14:55:00,44.11,44.11,44.07,44.09,8139.0,CIEN
2023-06-14 14:54:00,44.1,44.12,44.1,44.12,4366.0,CIEN
2023-06-14 14:53:00,44.08,44.09,44.05,44.09,13467.0,CIEN
2023-06-14 14:52:00,44.1,44.12,44.069,44.085,6503.0,CIEN
2023-06-14 14:51:00,44.1,44.13,44.1,44.11,6071.0,CIEN
2023-06-14 14:50:00,44.14,44.14,44.09,44.105,5961.0,CIEN
2023-06-14 14:49:00,44.12,44.14,44.11,44.135,4796.0,CIEN
2023-06-14 14:48:00,44.06,44.1,44.06,44.1,5964.0,CIEN
2023-06-14 14:47:00,44.09,44.09,44.05,44.05,2880.0,CIEN
2023-06-14 14:46:00,44.101,44.101,44.06,44.085,4090.0,CIEN
2023-06-14 14:45:00,44.2,44.2,44.09,44.12,7003.0,CIEN
2023-06-14 14:44:00,44.09,44.21,44.09,44.195,4429.0,CIEN
2023-06-14 14:43:00,44.04,44.09,44.03,44.09,46553.0,CIEN
2023-06-14 14:42:00,44.04,44.1,44.04,44.04,5450.0,CIEN
2023-06-14 14:41:00,44.08,44.09,44.05,44.05,2825.0,CIEN
2023-06-14 14:40:00,44.085,44.105,44.07,44.09,7047.0,CIEN
2023-06-14 14:39:00,44.135,44.135,44.07,44.07,15184.0,CIEN
2023-06-14 14:38:00,44.09,44.19,44.09,44.13,4536.0,CIEN
2023-06-14 14:37:00,44.12,44.14,44.06,44.085,2795.0,CIEN
2023-06-14 14:36:00,44.07,44.14,44.06,44.12,6623.0,CIEN
2023-06-14 14:35:00,44.025,44.05,43.98,44.03,12054.0,CIEN
2023-06-14 14:34:00,44.04,44.04,44.0,44.01,2531.0,CIEN
2023-06-14 14:33:00,44.01,44.09,44.01,44.055,6379.0,CIEN
2023-06-14 14:32:00,43.98,44.02,43.93,44.01,4684.0,CIEN
2023-06-14 14:31:00,44.01,44.01,43.965,43.97,12106.0,CIEN
2023-06-14 14:30:00,44.03,44.055,43.98,44.035,9030.0,CIEN
2023-06-14 14:29:00,43.975,44.04,43.975,44.035,4433.0,CIEN
2023-06-14 14:28:00,43.99,43.99,43.92,43.975,8186.0,CIEN
2023-06-14 14:27:00,44.005,44.02,43.99,44.0,6083.0,CIEN
2023-06-14 14:26:00,43.9,43.99,43.9,43.99,6063.0,CIEN
2023-06-14 14:25:00,43.935,43.935,43.87,43.89,10720.0,CIEN
2023-06-14 14:24:00,43.915,43.935,43.9,43.935,4461.0,CIEN
2023-06-14 14:23:00,43.91,43.93,43.88,43.92,4299.0,CIEN
2023-06-14 14:22:00,44.03,44.03,43.92,43.92,5048.0,CIEN
2023-06-14 14:21:00,44.0,44.06,44.0,44.02,7081.0,CIEN
2023-06-14 14:20:00,43.985,44.015,43.95,43.99,7313.0,CIEN
2023-06-14 14:19:00,43.93,43.98,43.93,43.97,8788.0,CIEN
2023-06-14 14:18:00,43.98,43.98,43.94,43.95,10200.0,CIEN
2023-06-14 14:17:00,43.97,43.99,43.96,43.98,8019.0,CIEN
2023-06-14 14:16:00,44.03,44.04,43.98,43.99,8492.0,CIEN
2023-06-14 14:15:00,43.97,44.04,43.95,44.03,7127.0,CIEN
2023-06-14 14:14:00,43.95,43.96,43.93,43.96,16981.0,CIEN
2023-06-14 14:13:00,43.88,43.98,43.87,43.96,11235.0,CIEN
2023-06-14 14:12:00,43.89,43.92,43.865,43.89,15324.0,CIEN
2023-06-14 14:11:00,43.975,43.99,43.895,43.895,11594.0,CIEN
2023-06-14 14:10:00,43.94,43.98,43.92,43.98,14903.0,CIEN
2023-06-14 14:09:00,43.85,43.93,43.82,43.93,8777.0,CIEN
2023-06-14 14:08:00,43.75,43.84,43.74,43.82,8358.0,CIEN
2023-06-14 14:07:00,43.76,43.76,43.7,43.75,9744.0,CIEN
2023-06-14 14:06:00,43.82,43.84,43.77,43.77,10023.0,CIEN
2023-06-14 14:05:00,43.89,43.89,43.73,43.81,36805.0,CIEN
2023-06-14 14:04:00,43.79,43.89,43.79,43.89,6441.0,CIEN
2023-06-14 14:03:00,43.82,43.86,43.76,43.8,27440.0,CIEN
2023-06-14 14:02:00,43.87,43.87,43.81,43.81,3518.0,CIEN
2023-06-14 14:01:00,43.82,43.85,43.8,43.85,7962.0,CIEN
2023-06-14 14:00:00,43.95,43.95,43.79,43.82,27000.0,CIEN
2023-06-14 13:59:00,43.98,43.995,43.95,43.97,14417.0,CIEN
2023-06-14 13:58:00,43.96,44.0,43.949,44.0,6827.0,CIEN
2023-06-14 13:57:00,43.99,43.99,43.96,43.96,5953.0,CIEN
2023-06-14 13:56:00,44.02,44.02,44.0,44.0,2448.0,CIEN
2023-06-14 13:55:00,44.01,44.02,43.99,44.02,8530.0,CIEN
2023-06-14 13:54:00,44.03,44.03,44.0,44.008,5579.0,CIEN
2023-06-14 13:53:00,44.01,44.036,44.0,44.02,21957.0,CIEN
2023-06-14 13:52:00,44.055,44.055,44.0,44.01,12641.0,CIEN
2023-06-14 13:51:00,44.065,44.07,44.01,44.03,11770.0,CIEN
2023-06-14 13:50:00,44.09,44.09,44.06,44.06,2850.0,CIEN
2023-06-14 13:49:00,44.09,44.11,44.09,44.09,3948.0,CIEN
2023-06-14 13:48:00,44.13,44.15,44.09,44.09,8279.0,CIEN
2023-06-14 13:47:00,44.115,44.125,44.1,44.125,1511.0,CIEN
2023-06-14 13:46:00,44.1,44.11,44.1,44.11,2817.0,CIEN
2023-06-14 13:45:00,44.12,44.12,44.085,44.1,5063.0,CIEN
2023-06-14 13:44:00,44.2,44.2,44.12,44.12,6282.0,CIEN
2023-06-14 13:43:00,44.17,44.215,44.17,44.185,8051.0,CIEN
2023-06-14 13:42:00,44.13,44.175,44.115,44.15,6108.0,CIEN
2023-06-14 13:41:00,44.115,44.13,44.1,44.115,3300.0,CIEN
2023-06-14 13:40:00,44.15,44.16,44.1,44.1,5022.0,CIEN
2023-06-14 13:39:00,44.101,44.16,44.1,44.16,3808.0,CIEN
2023-06-14 13:38:00,44.11,44.125,44.095,44.1,7873.0,CIEN
2023-06-14 13:37:00,44.12,44.12,44.11,44.11,3326.0,CIEN
2023-06-14 13:36:00,44.105,44.12,44.105,44.12,1457.0,CIEN
2023-06-14 13:35:00,44.13,44.139,44.1,44.1,7838.0,CIEN
2023-06-14 13:34:00,44.13,44.13,44.12,44.13,3381.0,CIEN
2023-06-14 13:33:00,44.14,44.15,44.14,44.14,8980.0,CIEN
2023-06-14 13:32:00,44.13,44.15,44.07,44.14,11012.0,CIEN
2023-06-14 13:31:00,44.23,44.23,44.13,44.13,22965.0,CIEN
2023-06-14 13:30:00,44.22,44.25,44.21,44.24,108235.0,CIEN
2023-06-14 13:29:00,44.22,44.235,44.22,44.225,2987.0,CIEN
2023-06-14 13:28:00,44.25,44.26,44.22,44.23,3768.0,CIEN
2023-06-14 13:27:00,44.28,44.287,44.25,44.25,8311.0,CIEN
2023-06-14 13:26:00,44.25,44.285,44.25,44.275,4640.0,CIEN
2023-06-14 13:25:00,44.3,44.3,44.25,44.25,4383.0,CIEN
2023-06-14 13:24:00,44.32,44.32,44.28,44.295,6253.0,CIEN
2023-06-14 13:23:00,44.32,44.32,44.32,44.32,893.0,CIEN
2023-06-14 13:22:00,44.33,44.35,44.295,44.32,9567.0,CIEN
2023-06-14 13:21:00,44.25,44.32,44.24,44.32,6492.0,CIEN
2023-06-14 13:20:00,44.265,44.265,44.23,44.25,18330.0,CIEN
2023-06-14 13:19:00,44.27,44.27,44.25,44.265,10964.0,CIEN
2023-06-14 13:18:00,44.27,44.27,44.24,44.27,8860.0,CIEN
2023-06-14 13:17:00,44.315,44.315,44.27,44.27,8195.0,CIEN
2023-06-14 13:16:00,44.325,44.335,44.3,44.315,4711.0,CIEN
2023-06-14 13:15:00,44.31,44.33,44.305,44.33,7957.0,CIEN
2023-06-14 13:14:00,44.34,44.34,44.3,44.315,8340.0,CIEN
2023-06-14 13:13:00,44.315,44.345,44.315,44.34,6049.0,CIEN
2023-06-14 13:12:00,44.31,44.345,44.3,44.315,6314.0,CIEN
2023-06-14 13:11:00,44.325,44.325,44.31,44.32,10776.0,CIEN
2023-06-14 13:10:00,44.38,44.4,44.325,44.325,31604.0,CIEN
2023-06-14 13:09:00,44.35,44.38,44.35,44.375,2580.0,CIEN
2023-06-14 13:08:00,44.365,44.365,44.347,44.347,2210.0,CIEN
2023-06-14 13:07:00,44.36,44.37,44.34,44.37,4347.0,CIEN
2023-06-14 13:06:00,44.405,44.413,44.37,44.376,2752.0,CIEN
2023-06-14 13:05:00,44.38,44.41,44.38,44.4,3678.0,CIEN
2023-06-14 13:04:00,44.445,44.445,44.38,44.39,7478.0,CIEN
2023-06-14 13:03:00,44.41,44.45,44.41,44.45,3486.0,CIEN
2023-06-14 13:02:00,44.4,44.407,44.37,44.407,4495.0,CIEN
2023-06-14 13:01:00,44.34,44.41,44.32,44.41,11923.0,CIEN
2023-06-14 13:00:00,44.35,44.35,44.35,44.35,624.0,CIEN
2023-06-14 12:59:00,44.41,44.41,44.32,44.345,3965.0,CIEN
2023-06-14 12:58:00,44.4,44.415,44.4,44.4,4121.0,CIEN
2023-06-14 12:57:00,44.48,44.48,44.38,44.39,7637.0,CIEN
2023-06-14 12:56:00,44.465,44.49,44.45,44.48,15388.0,CIEN
2023-06-14 12:55:00,44.48,44.49,44.461,44.47,4814.0,CIEN
2023-06-14 12:54:00,44.395,44.46,44.395,44.46,1150.0,CIEN
2023-06-14 12:53:00,44.4,44.42,44.35,44.38,6601.0,CIEN
2023-06-14 12:52:00,44.41,44.45,44.4,44.42,11474.0,CIEN
2023-06-14 12:51:00,44.415,44.42,44.4,44.405,8585.0,CIEN
2023-06-14 12:50:00,44.42,44.42,44.4,44.419,6509.0,CIEN
2023-06-14 12:49:00,44.43,44.43,44.41,44.42,4579.0,CIEN
2023-06-14 12:48:00,44.411,44.46,44.41,44.43,1748.0,CIEN
2023-06-14 12:47:00,44.46,44.475,44.38,44.408,15112.0,CIEN
2023-06-14 12:46:00,44.41,44.46,44.41,44.46,5020.0,CIEN
2023-06-14 12:45:00,44.38,44.41,44.37,44.41,7491.0,CIEN
2023-06-14 12:44:00,44.34,44.39,44.335,44.39,4813.0,CIEN
2023-06-14 12:43:00,44.279,44.335,44.27,44.335,4028.0,CIEN
2023-06-14 12:42:00,44.27,44.29,44.27,44.28,8796.0,CIEN
2023-06-14 12:41:00,44.24,44.27,44.24,44.27,1920.0,CIEN
2023-06-14 12:40:00,44.27,44.27,44.21,44.225,10887.0,CIEN
2023-06-14 12:39:00,44.25,44.28,44.25,44.28,2760.0,CIEN
2023-06-14 12:38:00,44.23,44.25,44.23,44.25,765.0,CIEN
2023-06-14 12:37:00,44.19,44.25,44.18,44.23,4910.0,CIEN
2023-06-14 12:36:00,44.29,44.29,44.19,44.2,11246.0,CIEN
2023-06-14 12:35:00,44.315,44.315,44.3,44.3,3709.0,CIEN
2023-06-14 12:34:00,44.3,44.32,44.3,44.32,3649.0,CIEN
2023-06-14 12:33:00,44.3,44.34,44.29,44.29,9895.0,CIEN
2023-06-14 12:32:00,44.28,44.295,44.27,44.29,9553.0,CIEN
2023-06-14 12:31:00,44.29,44.295,44.28,44.28,3630.0,CIEN
2023-06-14 12:30:00,44.32,44.32,44.29,44.3,3036.0,CIEN
2023-06-14 12:29:00,44.31,44.33,44.31,44.33,2906.0,CIEN
2023-06-14 12:28:00,44.32,44.32,44.3,44.3,3451.0,CIEN
2023-06-14 12:27:00,44.31,44.32,44.3,44.31,1654.0,CIEN
2023-06-14 12:26:00,44.29,44.31,44.28,44.303,3248.0,CIEN
2023-06-14 12:25:00,44.305,44.33,44.28,44.29,8089.0,CIEN
2023-06-14 12:24:00,44.31,44.33,44.305,44.305,5130.0,CIEN
2023-06-14 12:23:00,44.36,44.36,44.31,44.315,11176.0,CIEN
2023-06-14 12:22:00,44.295,44.37,44.29,44.36,6686.0,CIEN
2023-06-14 12:21:00,44.25,44.295,44.245,44.295,3830.0,CIEN
2023-06-14 12:20:00,44.255,44.265,44.235,44.245,6981.0,CIEN
2023-06-14 12:19:00,44.242,44.28,44.241,44.26,6095.0,CIEN
2023-06-14 12:18:00,44.25,44.26,44.25,44.25,785.0,CIEN
2023-06-14 12:17:00,44.22,44.255,44.21,44.25,11452.0,CIEN
2023-06-14 12:16:00,44.21,44.25,44.21,44.22,4449.0,CIEN
2023-06-14 12:15:00,44.19,44.21,44.18,44.21,5162.0,CIEN
2023-06-14 12:14:00,44.19,44.21,44.18,44.18,5966.0,CIEN
2023-06-14 12:13:00,44.19,44.19,44.175,44.19,531.0,CIEN
2023-06-14 12:12:00,44.17,44.18,44.17,44.175,1601.0,CIEN
2023-06-14 12:11:00,44.15,44.16,44.15,44.16,1295.0,CIEN
2023-06-14 12:10:00,44.19,44.205,44.14,44.15,8591.0,CIEN
2023-06-14 12:09:00,44.19,44.195,44.17,44.19,2461.0,CIEN
2023-06-14 12:08:00,44.18,44.19,44.18,44.19,1866.0,CIEN
2023-06-14 12:07:00,44.16,44.17,44.155,44.17,2112.0,CIEN
2023-06-14 12:06:00,44.15,44.18,44.135,44.18,3415.0,CIEN
2023-06-14 12:05:00,44.18,44.22,44.155,44.16,3679.0,CIEN
2023-06-14 12:04:00,44.1,44.18,44.08,44.17,10298.0,CIEN
2023-06-14 12:03:00,44.19,44.19,44.1,44.11,16281.0,CIEN
2023-06-14 12:02:00,44.235,44.25,44.18,44.19,3987.0,CIEN
2023-06-14 12:01:00,44.23,44.24,44.15,44.24,10541.0,CIEN
2023-06-14 12:00:00,44.26,44.26,44.23,44.23,3476.0,CIEN
2023-06-14 11:59:00,44.3,44.3,44.245,44.26,17893.0,CIEN
2023-06-14 11:58:00,44.37,44.37,44.29,44.295,13513.0,CIEN
2023-06-14 11:57:00,44.31,44.37,44.31,44.37,13848.0,CIEN
2023-06-14 11:56:00,44.32,44.32,44.28,44.3,18695.0,CIEN
2023-06-14 11:55:00,44.29,44.32,44.285,44.32,4375.0,CIEN
2023-06-14 11:54:00,44.335,44.335,44.275,44.29,7215.0,CIEN
2023-06-14 11:53:00,44.4,44.41,44.32,44.34,14441.0,CIEN
2023-06-14 11:52:00,44.425,44.425,44.39,44.39,9995.0,CIEN
2023-06-14 11:51:00,44.45,44.45,44.4,44.43,32035.0,CIEN
2023-06-14 11:50:00,44.38,44.43,44.38,44.43,3658.0,CIEN
2023-06-14 11:49:00,44.375,44.39,44.37,44.375,4732.0,CIEN
2023-06-14 11:48:00,44.34,44.37,44.33,44.37,2478.0,CIEN
2023-06-14 11:47:00,44.32,44.35,44.32,44.34,6288.0,CIEN
2023-06-14 11:46:00,44.34,44.36,44.31,44.33,4784.0,CIEN
2023-06-14 11:45:00,44.305,44.34,44.305,44.34,7673.0,CIEN
2023-06-14 11:44:00,44.38,44.38,44.3,44.301,38321.0,CIEN
2023-06-14 11:43:00,44.36,44.36,44.32,44.36,11198.0,CIEN
2023-06-14 11:42:00,44.34,44.375,44.34,44.36,4409.0,CIEN
2023-06-14 11:41:00,44.35,44.36,44.32,44.335,7348.0,CIEN
2023-06-14 11:40:00,44.33,44.36,44.33,44.345,6385.0,CIEN
2023-06-14 11:39:00,44.24,44.37,44.24,44.34,11200.0,CIEN
2023-06-14 11:38:00,44.24,44.25,44.23,44.235,5166.0,CIEN
2023-06-14 11:37:00,44.215,44.25,44.215,44.245,7951.0,CIEN
2023-06-14 11:36:00,44.255,44.255,44.215,44.215,2091.0,CIEN
2023-06-14 11:35:00,44.24,44.28,44.24,44.255,3917.0,CIEN
2023-06-14 11:34:00,44.18,44.24,44.18,44.24,5064.0,CIEN
2023-06-14 11:33:00,44.21,44.21,44.16,44.175,5030.0,CIEN
2023-06-14 11:32:00,44.23,44.23,44.2,44.22,5067.0,CIEN
2023-06-14 11:31:00,44.21,44.245,44.2,44.22,6737.0,CIEN
2023-06-14 11:30:00,44.19,44.22,44.19,44.21,9987.0,CIEN
2023-06-14 11:29:00,44.16,44.23,44.14,44.2,14241.0,CIEN
2023-06-14 11:28:00,44.113,44.145,44.099,44.12,3409.0,CIEN
2023-06-14 11:27:00,44.1,44.13,44.09,44.11,9151.0,CIEN
2023-06-14 11:26:00,44.045,44.1,44.045,44.085,11953.0,CIEN
2023-06-14 11:25:00,44.09,44.09,44.043,44.06,20167.0,CIEN
2023-06-14 11:24:00,44.05,44.09,44.045,44.09,7548.0,CIEN
2023-06-14 11:23:00,44.07,44.08,44.055,44.055,3919.0,CIEN
2023-06-14 11:22:00,44.08,44.095,44.07,44.07,5379.0,CIEN
2023-06-14 11:21:00,44.09,44.13,44.09,44.1,6343.0,CIEN
2023-06-14 11:20:00,44.05,44.08,44.05,44.08,3326.0,CIEN
2023-06-14 11:19:00,44.0,44.045,44.0,44.035,3169.0,CIEN
2023-06-14 11:18:00,43.97,43.99,43.96,43.99,8940.0,CIEN
2023-06-14 11:17:00,44.02,44.03,43.94,43.96,9392.0,CIEN
2023-06-14 11:16:00,44.0,44.03,44.0,44.02,4670.0,CIEN
2023-06-14 11:15:00,44.08,44.09,43.99,44.005,8940.0,CIEN
2023-06-14 11:14:00,44.05,44.085,44.04,44.08,10316.0,CIEN
2023-06-14 11:13:00,44.04,44.06,44.04,44.055,7937.0,CIEN
2023-06-14 11:12:00,44.035,44.07,44.035,44.04,7027.0,CIEN
2023-06-14 11:11:00,43.995,44.045,43.995,44.04,5015.0,CIEN
2023-06-14 11:10:00,44.01,44.03,43.99,43.995,13341.0,CIEN
2023-06-14 11:09:00,43.985,44.0,43.96,44.0,7246.0,CIEN
2023-06-14 11:08:00,44.03,44.03,43.98,43.98,7869.0,CIEN
2023-06-14 11:07:00,44.015,44.03,44.0,44.03,6653.0,CIEN
2023-06-14 11:06:00,43.985,44.015,43.985,44.015,5576.0,CIEN
2023-06-14 11:05:00,44.01,44.01,43.985,43.985,8573.0,CIEN
2023-06-14 11:04:00,44.01,44.03,44.0,44.01,10974.0,CIEN
2023-06-14 11:03:00,44.035,44.035,43.995,44.0,18692.0,CIEN
2023-06-14 11:02:00,44.025,44.04,44.015,44.035,7485.0,CIEN
2023-06-14 11:01:00,44.015,44.045,44.015,44.03,6087.0,CIEN
2023-06-14 11:00:00,44.015,44.02,43.99,44.015,10619.0,CIEN
2023-06-14 10:59:00,44.01,44.03,44.01,44.015,3566.0,CIEN
2023-06-14 10:58:00,44.01,44.01,43.975,44.01,5978.0,CIEN
2023-06-14 10:57:00,43.97,44.01,43.97,44.01,13492.0,CIEN
2023-06-14 10:56:00,43.86,43.97,43.86,43.97,6243.0,CIEN
2023-06-14 10:55:00,43.92,43.92,43.86,43.87,4211.0,CIEN
2023-06-14 10:54:00,43.918,43.99,43.918,43.92,20184.0,CIEN
2023-06-14 10:53:00,43.82,43.91,43.82,43.91,18024.0,CIEN
2023-06-14 10:52:00,43.79,43.83,43.78,43.83,5951.0,CIEN
2023-06-14 10:51:00,43.845,43.845,43.791,43.791,4653.0,CIEN
2023-06-14 10:50:00,43.81,43.845,43.8,43.84,4477.0,CIEN
2023-06-14 10:49:00,43.8,43.825,43.71,43.825,20347.0,CIEN
2023-06-14 10:48:00,43.78,43.82,43.78,43.815,19148.0,CIEN
2023-06-14 10:47:00,43.71,43.79,43.71,43.78,10250.0,CIEN
2023-06-14 10:46:00,43.82,43.84,43.72,43.72,17091.0,CIEN
2023-06-14 10:45:00,43.9,43.92,43.801,43.815,34015.0,CIEN
2023-06-14 10:44:00,43.91,43.92,43.89,43.9,7416.0,CIEN
2023-06-14 10:43:00,43.945,43.95,43.89,43.9,29982.0,CIEN
2023-06-14 10:42:00,43.92,43.96,43.92,43.96,10221.0,CIEN
2023-06-14 10:41:00,43.875,43.925,43.875,43.91,12018.0,CIEN
2023-06-14 10:40:00,43.815,43.91,43.815,43.88,20633.0,CIEN
2023-06-14 10:39:00,43.77,43.82,43.77,43.805,11675.0,CIEN
2023-06-14 10:38:00,43.68,43.772,43.68,43.77,16009.0,CIEN
2023-06-14 10:37:00,43.64,43.68,43.64,43.68,7154.0,CIEN
2023-06-14 10:36:00,43.605,43.65,43.6,43.64,14495.0,CIEN
2023-06-14 10:35:00,43.62,43.62,43.6,43.61,10031.0,CIEN
2023-06-14 10:34:00,43.57,43.64,43.57,43.63,8749.0,CIEN
2023-06-14 10:33:00,43.54,43.56,43.51,43.56,8132.0,CIEN
2023-06-14 10:32:00,43.515,43.56,43.5,43.55,8589.0,CIEN
2023-06-14 10:31:00,43.49,43.52,43.49,43.52,5133.0,CIEN
2023-06-14 10:30:00,43.46,43.5,43.45,43.49,10206.0,CIEN
2023-06-14 10:29:00,43.415,43.46,43.4,43.45,1977.0,CIEN
2023-06-14 10:28:00,43.44,43.44,43.41,43.41,2510.0,CIEN
2023-06-14 10:27:00,43.415,43.48,43.41,43.441,11090.0,CIEN
2023-06-14 10:26:00,43.415,43.415,43.4,43.41,951.0,CIEN
2023-06-14 10:25:00,43.426,43.43,43.4,43.415,4298.0,CIEN
2023-06-14 10:24:00,43.372,43.43,43.37,43.42,11767.0,CIEN
2023-06-14 10:23:00,43.38,43.39,43.38,43.39,1306.0,CIEN
2023-06-14 10:22:00,43.39,43.39,43.32,43.37,5332.0,CIEN
2023-06-14 10:21:00,43.38,43.4,43.37,43.385,1887.0,CIEN
2023-06-14 10:20:00,43.35,43.43,43.35,43.4,8307.0,CIEN
2023-06-14 10:19:00,43.32,43.34,43.26,43.34,5250.0,CIEN
2023-06-14 10:18:00,43.375,43.41,43.33,43.33,3297.0,CIEN
2023-06-14 10:17:00,43.28,43.44,43.28,43.39,9510.0,CIEN
2023-06-14 10:16:00,43.279,43.279,43.24,43.26,3523.0,CIEN
2023-06-14 10:15:00,43.152,43.3,43.14,43.25,42452.0,CIEN
2023-06-14 10:14:00,43.11,43.135,43.11,43.135,251.0,CIEN
2023-06-14 10:13:00,43.11,43.17,43.11,43.135,3298.0,CIEN
2023-06-14 10:12:00,43.095,43.1,43.091,43.091,1137.0,CIEN
2023-06-14 10:11:00,43.099,43.108,43.07,43.108,2365.0,CIEN
2023-06-14 10:10:00,43.145,43.15,43.08,43.08,2930.0,CIEN
2023-06-14 10:09:00,43.04,43.16,43.01,43.145,3168.0,CIEN
2023-06-14 10:08:00,43.08,43.08,43.03,43.03,845.0,CIEN
2023-06-14 10:07:00,43.14,43.16,43.11,43.11,2607.0,CIEN
2023-06-14 10:06:00,43.07,43.12,43.07,43.11,1812.0,CIEN
2023-06-14 10:05:00,43.06,43.07,43.005,43.07,5219.0,CIEN
2023-06-14 10:04:00,43.13,43.13,43.07,43.07,2577.0,CIEN
2023-06-14 10:03:00,43.19,43.19,43.145,43.15,6659.0,CIEN
2023-06-14 10:02:00,43.12,43.19,43.105,43.175,6297.0,CIEN
2023-06-14 10:01:00,43.095,43.125,43.085,43.12,33793.0,CIEN
2023-06-14 10:00:00,43.02,43.1,43.02,43.1,13173.0,CIEN
2023-06-14 09:59:00,43.0,43.02,43.0,43.02,26643.0,CIEN
2023-06-14 09:58:00,43.015,43.025,43.0,43.015,36060.0,CIEN
2023-06-14 09:57:00,43.05,43.05,43.0,43.015,11246.0,CIEN
2023-06-14 09:56:00,43.04,43.09,43.03,43.07,4636.0,CIEN
2023-06-14 09:55:00,43.07,43.07,43.0,43.02,30945.0,CIEN
2023-06-14 09:54:00,43.045,43.045,43.035,43.035,351.0,CIEN
2023-06-14 09:53:00,43.05,43.115,43.04,43.05,36346.0,CIEN
2023-06-14 09:52:00,43.06,43.06,43.0,43.06,11720.0,CIEN
2023-06-14 09:51:00,43.03,43.05,43.01,43.045,4758.0,CIEN
2023-06-14 09:50:00,43.055,43.09,43.04,43.06,2280.0,CIEN
2023-06-14 09:49:00,43.05,43.055,43.02,43.055,1359.0,CIEN
2023-06-14 09:48:00,43.08,43.115,43.05,43.05,2447.0,CIEN
2023-06-14 09:47:00,43.12,43.136,43.06,43.065,4108.0,CIEN
2023-06-14 09:46:00,43.07,43.14,43.07,43.135,4335.0,CIEN
2023-06-14 09:45:00,43.0,43.07,43.0,43.07,3008.0,CIEN
2023-06-14 09:44:00,43.05,43.05,43.0,43.02,7955.0,CIEN
2023-06-14 09:43:00,43.095,43.14,43.07,43.07,2125.0,CIEN
2023-06-14 09:42:00,43.05,43.1,43.02,43.09,4930.0,CIEN
2023-06-14 09:41:00,43.106,43.12,43.05,43.05,2265.0,CIEN
2023-06-14 09:40:00,43.11,43.23,43.1,43.11,6209.0,CIEN
2023-06-14 09:39:00,43.12,43.13,43.06,43.09,4206.0,CIEN
2023-06-14 09:38:00,43.13,43.13,43.061,43.13,1704.0,CIEN
2023-06-14 09:37:00,43.08,43.14,43.0,43.14,39379.0,CIEN
2023-06-14 09:36:00,43.0,43.06,43.0,43.01,8328.0,CIEN
2023-06-14 09:35:00,43.101,43.115,43.0,43.05,5985.0,CIEN
2023-06-14 09:34:00,43.06,43.15,43.015,43.14,3183.0,CIEN
2023-06-14 09:33:00,42.91,43.03,42.91,42.97,10370.0,CIEN
2023-06-14 09:32:00,42.79,42.92,42.718,42.9,3639.0,CIEN
2023-06-14 09:31:00,42.69,42.75,42.58,42.75,5487.0,CIEN
2023-06-14 09:30:00,42.86,42.86,42.57,42.73,21343.0,CIEN
2023-06-14 09:28:00,42.32,42.32,42.32,42.32,1.0,CIEN
2023-06-14 09:23:00,42.79,42.79,42.79,42.79,172.0,CIEN
2023-06-14 09:22:00,42.77,42.8,42.49,42.79,1955.0,CIEN
2023-06-14 08:02:00,42.0,42.0,42.0,42.0,4.0,CIEN
2023-06-14 08:00:00,42.5,42.545,42.5,42.545,1091.0,CIEN
2023-06-14 07:44:00,42.77,42.78,42.77,42.78,20.0,CIEN
2023-06-14 07:03:00,42.4,42.4,42.4,42.4,15.0,CIEN
2023-06-14 07:00:00,42.31,42.31,42.31,42.31,1.0,CIEN
2023-06-14 04:54:00,42.49,42.5,42.49,42.5,100.0,CIEN
2023-06-14 04:09:00,41.77,41.77,41.77,41.77,15.0,CIEN
2023-06-14 04:06:00,42.3,42.3,42.3,42.3,10.0,CIEN
2023-06-13 19:15:00,42.05,42.13,42.05,42.13,2.0,CIEN
2023-06-13 19:00:00,42.4,42.4,42.4,42.4,124396.0,CIEN
2023-06-13 18:56:00,42.49,42.49,42.49,42.49,2.0,CIEN
2023-06-13 18:30:00,42.4,42.4,42.4,42.4,124396.0,CIEN
2023-06-13 18:20:00,42.35,42.35,42.35,42.35,100.0,CIEN
2023-06-13 18:15:00,42.35,42.35,42.35,42.35,25.0,CIEN
2023-06-13 17:41:00,42.22,42.22,42.2,42.2,35.0,CIEN
2023-06-13 17:25:00,42.49,42.49,42.49,42.49,150.0,CIEN
2023-06-13 17:15:00,42.5,42.5,42.5,42.5,40.0,CIEN
2023-06-13 17:12:00,42.392,42.392,42.392,42.392,1634.0,CIEN
2023-06-13 17:09:00,42.5,42.5,42.5,42.5,5.0,CIEN
2023-06-13 16:54:00,42.4,42.4,42.4,42.4,66059.0,CIEN
2023-06-13 16:46:00,42.5,42.5,42.5,42.5,15.0,CIEN
2023-06-13 16:36:00,42.4,42.4,42.4,42.4,7513.0,CIEN
2023-06-13 16:21:00,42.4,42.4,42.4,42.4,2.0,CIEN
2023-06-13 16:14:00,42.4,42.4,42.4,42.4,247.0,CIEN
2023-06-13 16:10:00,42.4,42.4,42.4,42.4,124396.0,CIEN
2023-06-13 16:05:00,42.4,42.4,42.4,42.4,27.0,CIEN
2023-06-13 16:03:00,42.0,42.0,42.0,42.0,2.0,CIEN
2023-06-13 16:01:00,42.4,42.4,42.4,42.4,827.0,CIEN
2023-06-13 16:00:00,42.41,42.41,42.4,42.4,261756.0,CIEN
2023-06-13 15:59:00,42.39,42.43,42.38,42.41,56478.0,CIEN
2023-06-13 15:58:00,42.385,42.39,42.38,42.38,22262.0,CIEN
2023-06-13 15:57:00,42.38,42.39,42.38,42.39,12312.0,CIEN
2023-06-13 15:56:00,42.44,42.44,42.38,42.38,15660.0,CIEN
2023-06-13 15:55:00,42.42,42.47,42.42,42.44,47571.0,CIEN
2023-06-13 15:54:00,42.365,42.42,42.365,42.42,29689.0,CIEN
2023-06-13 15:53:00,42.36,42.37,42.36,42.363,11390.0,CIEN
2023-06-13 15:52:00,42.31,42.355,42.31,42.355,13622.0,CIEN
2023-06-13 15:51:00,42.32,42.325,42.295,42.305,20962.0,CIEN
2023-06-13 15:50:00,42.32,42.33,42.31,42.32,16123.0,CIEN
2023-06-13 15:49:00,42.295,42.31,42.295,42.3,10019.0,CIEN
2023-06-13 15:48:00,42.305,42.31,42.28,42.29,9452.0,CIEN
2023-06-13 15:47:00,42.28,42.31,42.28,42.31,7306.0,CIEN
2023-06-13 15:46:00,42.285,42.295,42.285,42.285,6529.0,CIEN
2023-06-13 15:45:00,42.27,42.285,42.25,42.285,14652.0,CIEN
2023-06-13 15:44:00,42.285,42.29,42.26,42.26,4693.0,CIEN
2023-06-13 15:43:00,42.292,42.315,42.285,42.29,7384.0,CIEN
2023-06-13 15:42:00,42.295,42.3,42.295,42.3,2882.0,CIEN
2023-06-13 15:41:00,42.335,42.335,42.295,42.295,9071.0,CIEN
2023-06-13 15:40:00,42.32,42.35,42.32,42.335,4883.0,CIEN
2023-06-13 15:39:00,42.3,42.32,42.3,42.31,2276.0,CIEN
2023-06-13 15:38:00,42.29,42.3,42.29,42.29,1530.0,CIEN
2023-06-13 15:37:00,42.27,42.3,42.245,42.3,31523.0,CIEN
2023-06-13 15:36:00,42.22,42.27,42.22,42.27,6385.0,CIEN
2023-06-13 15:35:00,42.21,42.235,42.205,42.23,6552.0,CIEN
2023-06-13 15:34:00,42.23,42.235,42.215,42.215,2400.0,CIEN
2023-06-13 15:33:00,42.24,42.249,42.225,42.225,2428.0,CIEN
2023-06-13 15:32:00,42.27,42.27,42.24,42.24,5511.0,CIEN
2023-06-13 15:31:00,42.3,42.3,42.255,42.26,11080.0,CIEN
2023-06-13 15:30:00,42.28,42.3,42.28,42.3,4221.0,CIEN
2023-06-13 15:29:00,42.27,42.27,42.27,42.27,1291.0,CIEN
2023-06-13 15:28:00,42.265,42.28,42.265,42.28,2191.0,CIEN
2023-06-13 15:27:00,42.289,42.29,42.27,42.27,2450.0,CIEN
2023-06-13 15:26:00,42.27,42.28,42.252,42.28,3750.0,CIEN
2023-06-13 15:25:00,42.281,42.29,42.28,42.28,1749.0,CIEN
2023-06-13 15:24:00,42.31,42.31,42.29,42.29,4342.0,CIEN
2023-06-13 15:23:00,42.32,42.33,42.32,42.32,4436.0,CIEN
2023-06-13 15:22:00,42.32,42.32,42.3,42.3,1563.0,CIEN
2023-06-13 15:21:00,42.31,42.31,42.3,42.31,2495.0,CIEN
2023-06-13 15:20:00,42.29,42.31,42.29,42.31,3020.0,CIEN
2023-06-13 15:19:00,42.305,42.305,42.285,42.285,3311.0,CIEN
2023-06-13 15:18:00,42.28,42.31,42.28,42.31,2074.0,CIEN
2023-06-13 15:17:00,42.28,42.28,42.27,42.27,1152.0,CIEN
2023-06-13 15:16:00,42.25,42.28,42.25,42.28,2119.0,CIEN
2023-06-13 15:15:00,42.31,42.31,42.28,42.28,3853.0,CIEN
2023-06-13 15:14:00,42.32,42.32,42.31,42.31,785.0,CIEN
2023-06-13 15:13:00,42.31,42.325,42.31,42.325,3884.0,CIEN
2023-06-13 15:12:00,42.31,42.32,42.31,42.318,1688.0,CIEN
2023-06-13 15:11:00,42.34,42.345,42.31,42.31,1829.0,CIEN
2023-06-13 15:10:00,42.329,42.33,42.31,42.33,7739.0,CIEN
2023-06-13 15:09:00,42.34,42.34,42.32,42.32,2140.0,CIEN
2023-06-13 15:08:00,42.35,42.35,42.33,42.339,2605.0,CIEN
2023-06-13 15:07:00,42.36,42.37,42.345,42.35,5878.0,CIEN
2023-06-13 15:06:00,42.32,42.36,42.315,42.36,25959.0,CIEN
2023-06-13 15:05:00,42.32,42.32,42.315,42.32,5644.0,CIEN
2023-06-13 15:04:00,42.32,42.32,42.31,42.32,652.0,CIEN
2023-06-13 15:03:00,42.3,42.31,42.3,42.31,1003.0,CIEN
2023-06-13 15:02:00,42.31,42.31,42.3,42.3,2113.0,CIEN
2023-06-13 15:01:00,42.29,42.33,42.29,42.315,3789.0,CIEN
2023-06-13 15:00:00,42.3,42.31,42.29,42.29,2421.0,CIEN
2023-06-13 14:59:00,42.29,42.3,42.29,42.29,2637.0,CIEN
2023-06-13 14:58:00,42.3,42.3,42.285,42.285,3516.0,CIEN
2023-06-13 14:57:00,42.29,42.295,42.29,42.295,938.0,CIEN
2023-06-13 14:56:00,42.32,42.33,42.29,42.29,31066.0,CIEN
2023-06-13 14:55:00,42.27,42.32,42.265,42.32,26946.0,CIEN
2023-06-13 14:54:00,42.26,42.27,42.26,42.26,2987.0,CIEN
2023-06-13 14:53:00,42.261,42.265,42.25,42.26,3360.0,CIEN
2023-06-13 14:52:00,42.26,42.26,42.26,42.26,597.0,CIEN
2023-06-13 14:51:00,42.223,42.26,42.223,42.25,4755.0,CIEN
2023-06-13 14:50:00,42.21,42.23,42.21,42.23,582.0,CIEN
2023-06-13 14:49:00,42.23,42.23,42.21,42.21,2373.0,CIEN
2023-06-13 14:48:00,42.24,42.25,42.225,42.24,2220.0,CIEN
2023-06-13 14:47:00,42.22,42.24,42.21,42.24,2546.0,CIEN
2023-06-13 14:46:00,42.19,42.2,42.19,42.2,1439.0,CIEN
2023-06-13 14:45:00,42.2,42.2,42.18,42.18,4368.0,CIEN
2023-06-13 14:44:00,42.25,42.26,42.21,42.21,5076.0,CIEN
2023-06-13 14:43:00,42.22,42.26,42.22,42.255,6504.0,CIEN
2023-06-13 14:42:00,42.23,42.23,42.21,42.21,803.0,CIEN
2023-06-13 14:41:00,42.22,42.23,42.22,42.23,973.0,CIEN
2023-06-13 14:40:00,42.22,42.22,42.21,42.21,644.0,CIEN
2023-06-13 14:39:00,42.18,42.22,42.18,42.21,8309.0,CIEN
2023-06-13 14:38:00,42.175,42.175,42.17,42.17,3315.0,CIEN
2023-06-13 14:37:00,42.17,42.18,42.17,42.17,3261.0,CIEN
2023-06-13 14:36:00,42.149,42.18,42.14,42.174,3510.0,CIEN
2023-06-13 14:35:00,42.165,42.165,42.15,42.15,1886.0,CIEN
2023-06-13 14:34:00,42.15,42.17,42.13,42.17,4203.0,CIEN
2023-06-13 14:33:00,42.15,42.16,42.15,42.16,4103.0,CIEN
2023-06-13 14:31:00,42.18,42.2,42.155,42.16,3152.0,CIEN
2023-06-13 14:30:00,42.2,42.2,42.152,42.17,4207.0,CIEN
2023-06-13 14:29:00,42.19,42.2,42.18,42.2,2056.0,CIEN
2023-06-13 14:28:00,42.21,42.22,42.19,42.19,3523.0,CIEN
2023-06-13 14:27:00,42.23,42.24,42.205,42.21,2792.0,CIEN
2023-06-13 14:26:00,42.23,42.245,42.22,42.24,6419.0,CIEN
2023-06-13 14:25:00,42.225,42.24,42.21,42.24,3337.0,CIEN
2023-06-13 14:24:00,42.22,42.22,42.19,42.21,2203.0,CIEN
2023-06-13 14:23:00,42.23,42.23,42.2,42.205,5341.0,CIEN
2023-06-13 14:22:00,42.22,42.22,42.22,42.22,328.0,CIEN
2023-06-13 14:21:00,42.225,42.225,42.21,42.22,1582.0,CIEN
2023-06-13 14:20:00,42.22,42.24,42.22,42.225,2017.0,CIEN
2023-06-13 14:19:00,42.21,42.21,42.21,42.21,807.0,CIEN
2023-06-13 14:18:00,42.22,42.24,42.19,42.19,3736.0,CIEN
2023-06-13 14:17:00,42.18,42.2,42.18,42.2,1721.0,CIEN
2023-06-13 14:16:00,42.22,42.22,42.18,42.185,2516.0,CIEN
2023-06-13 14:15:00,42.25,42.25,42.225,42.225,3067.0,CIEN
2023-06-13 14:14:00,42.23,42.24,42.23,42.24,1046.0,CIEN
2023-06-13 14:13:00,42.24,42.24,42.22,42.225,1304.0,CIEN
2023-06-13 14:12:00,42.2,42.24,42.185,42.23,6036.0,CIEN
2023-06-13 14:11:00,42.22,42.22,42.21,42.21,1146.0,CIEN
2023-06-13 14:10:00,42.25,42.25,42.21,42.21,4148.0,CIEN
2023-06-13 14:09:00,42.27,42.27,42.26,42.26,3951.0,CIEN
2023-06-13 14:08:00,42.26,42.28,42.26,42.27,5920.0,CIEN
2023-06-13 14:07:00,42.26,42.26,42.26,42.26,265.0,CIEN
2023-06-13 14:06:00,42.23,42.25,42.23,42.25,3189.0,CIEN
2023-06-13 14:05:00,42.22,42.235,42.22,42.235,1314.0,CIEN
2023-06-13 14:04:00,42.235,42.25,42.22,42.23,3121.0,CIEN
2023-06-13 14:03:00,42.22,42.23,42.22,42.23,492.0,CIEN
2023-06-13 14:02:00,42.24,42.24,42.22,42.22,2094.0,CIEN
2023-06-13 14:01:00,42.23,42.26,42.2,42.24,13674.0,CIEN
2023-06-13 14:00:00,42.23,42.23,42.22,42.23,861.0,CIEN
2023-06-13 13:59:00,42.22,42.25,42.195,42.225,14154.0,CIEN
2023-06-13 13:58:00,42.22,42.23,42.21,42.22,4766.0,CIEN
2023-06-13 13:57:00,42.21,42.21,42.19,42.2,4285.0,CIEN
2023-06-13 13:56:00,42.2,42.23,42.2,42.23,5711.0,CIEN
2023-06-13 13:55:00,42.24,42.24,42.205,42.21,5003.0,CIEN
2023-06-13 13:54:00,42.24,42.27,42.23,42.25,4570.0,CIEN
2023-06-13 13:53:00,42.18,42.215,42.18,42.215,4140.0,CIEN
2023-06-13 13:52:00,42.19,42.2,42.18,42.18,3706.0,CIEN
2023-06-13 13:51:00,42.2,42.22,42.185,42.19,5792.0,CIEN
2023-06-13 13:50:00,42.15,42.2,42.15,42.2,8423.0,CIEN
2023-06-13 13:49:00,42.15,42.15,42.13,42.15,4097.0,CIEN
2023-06-13 13:48:00,42.14,42.14,42.1,42.13,7924.0,CIEN
2023-06-13 13:47:00,42.1,42.13,42.1,42.13,2032.0,CIEN
2023-06-13 13:46:00,42.08,42.11,42.08,42.09,422.0,CIEN
2023-06-13 13:45:00,42.05,42.09,42.032,42.08,2939.0,CIEN
2023-06-13 13:44:00,42.025,42.05,42.01,42.05,4462.0,CIEN
2023-06-13 13:43:00,42.01,42.025,42.01,42.025,419.0,CIEN
2023-06-13 13:42:00,42.036,42.036,42.0,42.025,3404.0,CIEN
2023-06-13 13:41:00,42.08,42.08,42.05,42.05,2322.0,CIEN
2023-06-13 13:40:00,42.1,42.1,42.077,42.077,2000.0,CIEN
2023-06-13 13:39:00,42.115,42.13,42.115,42.13,2494.0,CIEN
2023-06-13 13:38:00,42.19,42.19,42.1,42.1,8243.0,CIEN
2023-06-13 13:37:00,42.14,42.2,42.14,42.195,4468.0,CIEN
2023-06-13 13:36:00,42.12,42.14,42.12,42.14,1605.0,CIEN
2023-06-13 13:35:00,42.12,42.14,42.095,42.119,2548.0,CIEN
2023-06-13 13:34:00,42.105,42.12,42.105,42.12,1700.0,CIEN
2023-06-13 13:33:00,42.146,42.146,42.1,42.1,3845.0,CIEN
2023-06-13 13:31:00,42.16,42.16,42.14,42.145,5541.0,CIEN
2023-06-13 13:30:00,42.184,42.184,42.184,42.184,578.0,CIEN
2023-06-13 13:29:00,42.155,42.17,42.155,42.168,8811.0,CIEN
2023-06-13 13:28:00,42.19,42.2,42.16,42.16,6424.0,CIEN
2023-06-13 13:27:00,42.185,42.2,42.18,42.2,2656.0,CIEN
2023-06-13 13:26:00,42.15,42.17,42.15,42.17,4659.0,CIEN
2023-06-13 13:25:00,42.15,42.15,42.14,42.14,3785.0,CIEN
2023-06-13 13:24:00,42.16,42.16,42.15,42.15,486.0,CIEN
2023-06-13 13:23:00,42.16,42.16,42.13,42.16,5451.0,CIEN
2023-06-13 13:22:00,42.16,42.18,42.15,42.16,4948.0,CIEN
2023-06-13 13:21:00,42.14,42.16,42.14,42.16,1940.0,CIEN
2023-06-13 13:20:00,42.125,42.125,42.125,42.125,310.0,CIEN
2023-06-13 13:19:00,42.125,42.14,42.125,42.125,727.0,CIEN
2023-06-13 13:18:00,42.14,42.16,42.11,42.12,3823.0,CIEN
2023-06-13 13:17:00,42.13,42.15,42.13,42.15,1009.0,CIEN
2023-06-13 13:16:00,42.14,42.17,42.14,42.15,1328.0,CIEN
2023-06-13 13:15:00,42.16,42.17,42.12,42.13,13501.0,CIEN
2023-06-13 13:14:00,42.11,42.18,42.11,42.16,12504.0,CIEN
2023-06-13 13:13:00,42.09,42.09,42.07,42.09,611.0,CIEN
2023-06-13 13:12:00,42.06,42.1,42.05,42.1,2213.0,CIEN
2023-06-13 13:11:00,42.114,42.115,42.06,42.07,4749.0,CIEN
2023-06-13 13:10:00,42.11,42.12,42.1,42.115,2961.0,CIEN
2023-06-13 13:09:00,42.12,42.12,42.1,42.11,5623.0,CIEN
2023-06-13 13:08:00,42.13,42.13,42.105,42.12,4758.0,CIEN
2023-06-13 13:07:00,42.13,42.13,42.12,42.13,6624.0,CIEN
2023-06-13 13:06:00,42.14,42.16,42.12,42.13,10126.0,CIEN
2023-06-13 13:05:00,42.06,42.14,42.06,42.14,3868.0,CIEN
2023-06-13 13:04:00,42.02,42.03,42.02,42.03,415.0,CIEN
2023-06-13 13:03:00,42.04,42.045,42.0,42.01,4893.0,CIEN
2023-06-13 13:02:00,41.95,42.04,41.95,42.04,2533.0,CIEN
2023-06-13 13:01:00,41.83,41.94,41.83,41.935,11729.0,CIEN
2023-06-13 13:00:00,41.85,41.85,41.82,41.84,11588.0,CIEN
2023-06-13 12:59:00,41.83,41.895,41.76,41.86,56797.0,CIEN
2023-06-13 12:58:00,41.81,41.85,41.8,41.83,10501.0,CIEN
2023-06-13 12:57:00,41.77,41.8,41.77,41.8,15615.0,CIEN
2023-06-13 12:56:00,41.81,41.81,41.77,41.775,8314.0,CIEN
2023-06-13 12:55:00,41.8,41.82,41.79,41.81,24949.0,CIEN
2023-06-13 12:54:00,41.81,41.83,41.8,41.81,3301.0,CIEN
2023-06-13 12:53:00,41.715,41.8,41.7,41.8,17007.0,CIEN
2023-06-13 12:52:00,41.72,41.74,41.7,41.71,30551.0,CIEN
2023-06-13 12:51:00,41.71,41.72,41.71,41.72,11450.0,CIEN
2023-06-13 12:50:00,41.693,41.73,41.685,41.72,14447.0,CIEN
2023-06-13 12:49:00,41.72,41.725,41.7,41.7,10584.0,CIEN
2023-06-13 12:48:00,41.695,41.73,41.695,41.72,10444.0,CIEN
2023-06-13 12:47:00,41.73,41.735,41.71,41.71,2801.0,CIEN
2023-06-13 12:46:00,41.77,41.77,41.73,41.73,5280.0,CIEN
2023-06-13 12:45:00,41.78,41.78,41.77,41.77,7288.0,CIEN
2023-06-13 12:44:00,41.79,41.79,41.78,41.78,3521.0,CIEN
2023-06-13 12:43:00,41.8,41.8,41.79,41.79,2483.0,CIEN
2023-06-13 12:42:00,41.8,41.81,41.79,41.8,3905.0,CIEN
2023-06-13 12:41:00,41.78,41.82,41.75,41.805,14699.0,CIEN
2023-06-13 12:40:00,41.8,41.82,41.8,41.8,7502.0,CIEN
2023-06-13 12:39:00,41.83,41.84,41.76,41.76,17745.0,CIEN
2023-06-13 12:38:00,41.84,41.85,41.81,41.82,12421.0,CIEN
2023-06-13 12:37:00,41.84,41.88,41.84,41.84,10421.0,CIEN
2023-06-13 12:36:00,41.843,41.843,41.83,41.83,3182.0,CIEN
2023-06-13 12:35:00,41.85,41.85,41.83,41.85,7843.0,CIEN
2023-06-13 12:34:00,41.79,41.84,41.79,41.84,2948.0,CIEN
2023-06-13 12:33:00,41.83,41.83,41.75,41.79,8745.0,CIEN
2023-06-13 12:32:00,41.85,41.85,41.84,41.84,2505.0,CIEN
2023-06-13 12:31:00,41.84,41.875,41.81,41.86,19359.0,CIEN
2023-06-13 12:30:00,41.85,41.86,41.83,41.84,5483.0,CIEN
2023-06-13 12:29:00,41.88,41.9,41.85,41.85,11836.0,CIEN
2023-06-13 12:28:00,41.805,41.88,41.8,41.88,15085.0,CIEN
2023-06-13 12:27:00,41.78,41.8,41.76,41.8,2659.0,CIEN
2023-06-13 12:26:00,41.74,41.765,41.72,41.75,3364.0,CIEN
2023-06-13 12:25:00,41.77,41.77,41.735,41.75,7549.0,CIEN
2023-06-13 12:24:00,41.765,41.785,41.765,41.77,3556.0,CIEN
2023-06-13 12:23:00,41.71,41.78,41.7,41.77,15727.0,CIEN
2023-06-13 12:22:00,41.7,41.7,41.685,41.7,9387.0,CIEN
2023-06-13 12:21:00,41.66,41.7,41.65,41.695,9922.0,CIEN
2023-06-13 12:20:00,41.67,41.675,41.645,41.665,4951.0,CIEN
2023-06-13 12:19:00,41.65,41.7,41.64,41.67,14100.0,CIEN
2023-06-13 12:18:00,41.635,41.66,41.63,41.645,6157.0,CIEN
2023-06-13 12:17:00,41.623,41.64,41.615,41.63,9197.0,CIEN
2023-06-13 12:16:00,41.59,41.62,41.555,41.62,6779.0,CIEN
2023-06-13 12:15:00,41.57,41.58,41.57,41.57,2400.0,CIEN
2023-06-13 12:14:00,41.562,41.57,41.56,41.56,1368.0,CIEN
2023-06-13 12:13:00,41.59,41.59,41.55,41.56,3089.0,CIEN
2023-06-13 12:12:00,41.55,41.59,41.54,41.57,5506.0,CIEN
2023-06-13 12:11:00,41.54,41.55,41.53,41.53,1636.0,CIEN
2023-06-13 12:10:00,41.49,41.525,41.49,41.525,7562.0,CIEN
2023-06-13 12:09:00,41.5,41.5,41.49,41.49,620.0,CIEN
2023-06-13 12:08:00,41.48,41.505,41.48,41.49,2324.0,CIEN
2023-06-13 12:07:00,41.46,41.5,41.46,41.5,956.0,CIEN
2023-06-13 12:06:00,41.49,41.49,41.465,41.475,5586.0,CIEN
2023-06-13 12:05:00,41.48,41.52,41.48,41.48,3548.0,CIEN
2023-06-13 12:04:00,41.41,41.5,41.41,41.48,3057.0,CIEN
2023-06-13 12:03:00,41.4,41.42,41.4,41.41,2111.0,CIEN
2023-06-13 12:02:00,41.405,41.405,41.38,41.38,2290.0,CIEN
2023-06-13 12:01:00,41.36,41.41,41.36,41.405,6059.0,CIEN
2023-06-13 12:00:00,41.45,41.45,41.35,41.36,31301.0,CIEN
2023-06-13 11:59:00,41.49,41.49,41.45,41.45,3298.0,CIEN
2023-06-13 11:58:00,41.53,41.53,41.5,41.5,3391.0,CIEN
2023-06-13 11:57:00,41.61,41.61,41.54,41.54,5662.0,CIEN
2023-06-13 11:56:00,41.57,41.63,41.56,41.63,30845.0,CIEN
2023-06-13 11:55:00,41.62,41.62,41.58,41.58,5388.0,CIEN
2023-06-13 11:54:00,41.625,41.645,41.625,41.63,2177.0,CIEN
2023-06-13 11:53:00,41.595,41.62,41.58,41.62,6684.0,CIEN
2023-06-13 11:52:00,41.61,41.61,41.56,41.595,5449.0,CIEN
2023-06-13 11:51:00,41.565,41.61,41.565,41.57,4998.0,CIEN
2023-06-13 11:50:00,41.615,41.615,41.56,41.565,8257.0,CIEN
2023-06-13 11:49:00,41.58,41.615,41.58,41.615,2306.0,CIEN
2023-06-13 11:48:00,41.59,41.59,41.59,41.59,1510.0,CIEN
2023-06-13 11:47:00,41.59,41.61,41.59,41.61,2463.0,CIEN
2023-06-13 11:46:00,41.63,41.63,41.59,41.59,4032.0,CIEN
2023-06-13 11:45:00,41.65,41.65,41.63,41.63,1409.0,CIEN
2023-06-13 11:44:00,41.69,41.69,41.657,41.66,4202.0,CIEN
2023-06-13 11:43:00,41.66,41.7,41.65,41.69,5682.0,CIEN
2023-06-13 11:42:00,41.63,41.65,41.63,41.65,2464.0,CIEN
2023-06-13 11:41:00,41.67,41.67,41.635,41.635,3131.0,CIEN
2023-06-13 11:40:00,41.625,41.7,41.625,41.67,4650.0,CIEN
2023-06-13 11:39:00,41.61,41.63,41.585,41.625,9798.0,CIEN
2023-06-13 11:38:00,41.61,41.64,41.605,41.62,4066.0,CIEN
2023-06-13 11:37:00,41.62,41.63,41.6,41.625,2385.0,CIEN
2023-06-13 11:36:00,41.585,41.65,41.58,41.645,2971.0,CIEN
2023-06-13 11:35:00,41.6,41.61,41.58,41.585,3282.0,CIEN
2023-06-13 11:34:00,41.595,41.61,41.58,41.58,3700.0,CIEN
2023-06-13 11:33:00,41.61,41.655,41.585,41.595,14977.0,CIEN
2023-06-13 11:32:00,41.68,41.695,41.61,41.61,3054.0,CIEN
2023-06-13 11:31:00,41.675,41.7,41.67,41.69,3625.0,CIEN
2023-06-13 11:30:00,41.76,41.77,41.65,41.65,41772.0,CIEN
2023-06-13 11:29:00,41.79,41.79,41.72,41.75,28226.0,CIEN
2023-06-13 11:28:00,41.76,41.778,41.75,41.775,3978.0,CIEN
2023-06-13 11:27:00,41.75,41.78,41.75,41.75,18228.0,CIEN
2023-06-13 11:26:00,41.805,41.82,41.75,41.75,7467.0,CIEN
2023-06-13 11:25:00,41.755,41.82,41.74,41.8,7359.0,CIEN
2023-06-13 11:24:00,41.76,41.76,41.76,41.76,479.0,CIEN
2023-06-13 11:23:00,41.83,41.84,41.8,41.8,3002.0,CIEN
2023-06-13 11:22:00,41.775,41.81,41.755,41.81,4310.0,CIEN
2023-06-13 11:21:00,41.73,41.78,41.73,41.78,5549.0,CIEN
2023-06-13 11:20:00,41.81,41.81,41.72,41.72,4787.0,CIEN
2023-06-13 11:19:00,41.855,41.86,41.8,41.82,9535.0,CIEN
2023-06-13 11:18:00,41.79,41.89,41.79,41.86,36982.0,CIEN
2023-06-13 11:17:00,41.76,41.79,41.76,41.79,8300.0,CIEN
2023-06-13 11:16:00,41.76,41.78,41.75,41.75,12833.0,CIEN
2023-06-13 11:15:00,41.72,41.78,41.72,41.75,16667.0,CIEN
2023-06-13 11:14:00,41.69,41.72,41.68,41.71,41247.0,CIEN
2023-06-13 11:13:00,41.68,41.693,41.67,41.685,3534.0,CIEN
2023-06-13 11:12:00,41.69,41.71,41.67,41.69,10041.0,CIEN
2023-06-13 11:11:00,41.68,41.71,41.68,41.708,7177.0,CIEN
2023-06-13 11:10:00,41.655,41.675,41.655,41.675,2140.0,CIEN
2023-06-13 11:09:00,41.67,41.67,41.65,41.65,4046.0,CIEN
2023-06-13 11:08:00,41.662,41.68,41.662,41.68,3416.0,CIEN
2023-06-13 11:07:00,41.65,41.68,41.65,41.68,2910.0,CIEN
2023-06-13 11:06:00,41.685,41.7,41.66,41.66,3604.0,CIEN
2023-06-13 11:05:00,41.71,41.71,41.685,41.685,2712.0,CIEN
2023-06-13 11:04:00,41.66,41.7,41.66,41.69,4698.0,CIEN
2023-06-13 11:03:00,41.67,41.67,41.665,41.665,3224.0,CIEN
2023-06-13 11:02:00,41.69,41.7,41.67,41.67,2873.0,CIEN
2023-06-13 11:01:00,41.68,41.69,41.66,41.68,5388.0,CIEN
2023-06-13 11:00:00,41.66,41.68,41.63,41.67,5284.0,CIEN
2023-06-13 10:59:00,41.665,41.668,41.65,41.66,2592.0,CIEN
2023-06-13 10:58:00,41.73,41.747,41.68,41.68,5471.0,CIEN
2023-06-13 10:57:00,41.71,41.74,41.7,41.74,9329.0,CIEN
2023-06-13 10:56:00,41.72,41.72,41.705,41.71,2044.0,CIEN
2023-06-13 10:55:00,41.695,41.73,41.695,41.72,3215.0,CIEN
2023-06-13 10:54:00,41.705,41.707,41.7,41.7,2108.0,CIEN
2023-06-13 10:53:00,41.73,41.73,41.7,41.7,3448.0,CIEN
2023-06-13 10:52:00,41.74,41.74,41.67,41.715,6761.0,CIEN
2023-06-13 10:51:00,41.755,41.755,41.73,41.75,3866.0,CIEN
2023-06-13 10:50:00,41.78,41.79,41.76,41.76,1716.0,CIEN
2023-06-13 10:49:00,41.795,41.8,41.77,41.78,2111.0,CIEN
2023-06-13 10:48:00,41.749,41.79,41.72,41.78,5202.0,CIEN
2023-06-13 10:47:00,41.755,41.755,41.75,41.75,1676.0,CIEN
2023-06-13 10:46:00,41.82,41.82,41.77,41.78,3484.0,CIEN
2023-06-13 10:45:00,41.81,41.83,41.81,41.82,5486.0,CIEN
2023-06-13 10:44:00,41.805,41.818,41.8,41.81,2642.0,CIEN
2023-06-13 10:43:00,41.8,41.81,41.77,41.81,3965.0,CIEN
2023-06-13 10:42:00,41.825,41.825,41.8,41.8,2411.0,CIEN
2023-06-13 10:41:00,41.805,41.84,41.805,41.825,11257.0,CIEN
2023-06-13 10:40:00,41.83,41.83,41.775,41.79,4629.0,CIEN
2023-06-13 10:39:00,41.82,41.83,41.81,41.83,1769.0,CIEN
2023-06-13 10:38:00,41.815,41.819,41.815,41.815,4229.0,CIEN
2023-06-13 10:37:00,41.79,41.81,41.79,41.81,2770.0,CIEN
2023-06-13 10:36:00,41.86,41.86,41.81,41.81,1590.0,CIEN
2023-06-13 10:35:00,41.86,41.91,41.83,41.86,9104.0,CIEN
2023-06-13 10:34:00,41.84,41.85,41.83,41.85,3840.0,CIEN
2023-06-13 10:33:00,41.82,41.825,41.82,41.82,545.0,CIEN
2023-06-13 10:32:00,41.77,41.825,41.76,41.825,5118.0,CIEN
2023-06-13 10:31:00,41.84,41.84,41.76,41.76,3421.0,CIEN
2023-06-13 10:30:00,41.91,41.91,41.84,41.85,4898.0,CIEN
2023-06-13 10:29:00,41.89,41.9,41.88,41.9,1992.0,CIEN
2023-06-13 10:28:00,41.89,41.91,41.88,41.89,4224.0,CIEN
2023-06-13 10:27:00,41.89,41.94,41.88,41.89,7986.0,CIEN
2023-06-13 10:26:00,41.83,41.875,41.83,41.875,4619.0,CIEN
2023-06-13 10:25:00,41.83,41.85,41.83,41.84,2638.0,CIEN
2023-06-13 10:24:00,41.864,41.864,41.83,41.83,1952.0,CIEN
2023-06-13 10:23:00,41.825,41.885,41.81,41.87,3823.0,CIEN
2023-06-13 10:22:00,41.82,41.84,41.81,41.825,6988.0,CIEN
2023-06-13 10:21:00,41.763,41.82,41.755,41.82,4220.0,CIEN
2023-06-13 10:20:00,41.81,41.82,41.75,41.755,3660.0,CIEN
2023-06-13 10:19:00,41.772,41.81,41.75,41.81,4205.0,CIEN
2023-06-13 10:18:00,41.75,41.75,41.73,41.73,4173.0,CIEN
2023-06-13 10:17:00,41.79,41.79,41.75,41.75,3402.0,CIEN
2023-06-13 10:16:00,41.83,41.83,41.78,41.81,4268.0,CIEN
2023-06-13 10:15:00,41.861,41.87,41.83,41.835,5019.0,CIEN
2023-06-13 10:14:00,41.76,41.83,41.76,41.83,2924.0,CIEN
2023-06-13 10:13:00,41.82,41.823,41.765,41.77,4154.0,CIEN
2023-06-13 10:12:00,41.83,41.884,41.83,41.84,3725.0,CIEN
2023-06-13 10:11:00,41.85,41.86,41.84,41.848,2552.0,CIEN
2023-06-13 10:10:00,41.89,41.928,41.83,41.83,5335.0,CIEN
2023-06-13 10:09:00,41.88,41.91,41.87,41.905,2841.0,CIEN
2023-06-13 10:08:00,41.89,41.91,41.89,41.89,5947.0,CIEN
2023-06-13 10:07:00,41.88,41.88,41.79,41.88,9457.0,CIEN
2023-06-13 10:06:00,42.0,42.0,41.86,41.87,3528.0,CIEN
2023-06-13 10:05:00,41.88,42.0,41.88,42.0,5462.0,CIEN
2023-06-13 10:04:00,41.87,41.87,41.85,41.87,1062.0,CIEN
2023-06-13 10:03:00,41.85,41.91,41.85,41.89,8219.0,CIEN
2023-06-13 10:02:00,41.84,41.87,41.83,41.83,3853.0,CIEN
2023-06-13 10:01:00,41.82,41.9,41.8,41.86,34180.0,CIEN
2023-06-13 10:00:00,41.845,41.85,41.78,41.8,7528.0,CIEN
2023-06-13 09:59:00,41.87,41.88,41.817,41.83,6424.0,CIEN
2023-06-13 09:58:00,41.865,41.87,41.85,41.87,2987.0,CIEN
2023-06-13 09:57:00,41.93,41.93,41.85,41.865,4590.0,CIEN
2023-06-13 09:56:00,41.985,41.985,41.93,41.93,4205.0,CIEN
2023-06-13 09:55:00,42.0,42.0,41.96,41.965,2636.0,CIEN
2023-06-13 09:54:00,41.965,42.01,41.96,41.995,7677.0,CIEN
2023-06-13 09:53:00,41.94,41.963,41.94,41.963,2095.0,CIEN
2023-06-13 09:52:00,41.98,42.0,41.96,41.96,5436.0,CIEN
2023-06-13 09:51:00,41.96,41.97,41.91,41.97,5853.0,CIEN
2023-06-13 09:50:00,42.04,42.05,41.932,41.932,5235.0,CIEN
2023-06-13 09:49:00,41.98,42.0,41.98,41.98,1215.0,CIEN
2023-06-13 09:48:00,42.11,42.11,41.945,41.97,2073.0,CIEN
2023-06-13 09:47:00,42.15,42.15,42.06,42.11,2110.0,CIEN
2023-06-13 09:46:00,42.25,42.275,42.15,42.15,4670.0,CIEN
2023-06-13 09:45:00,42.23,42.256,42.17,42.17,9453.0,CIEN
2023-06-13 09:44:00,42.23,42.27,42.22,42.22,11362.0,CIEN
2023-06-13 09:43:00,42.346,42.346,42.19,42.19,27727.0,CIEN
2023-06-13 09:42:00,42.18,42.38,42.17,42.38,10835.0,CIEN
2023-06-13 09:41:00,42.285,42.285,42.17,42.21,5093.0,CIEN
2023-06-13 09:40:00,42.27,42.38,42.24,42.26,15318.0,CIEN
2023-06-13 09:39:00,42.255,42.255,42.21,42.255,2590.0,CIEN
2023-06-13 09:38:00,42.25,42.27,42.21,42.21,16562.0,CIEN
2023-06-13 09:37:00,42.19,42.24,42.19,42.2,3233.0,CIEN
2023-06-13 09:36:00,42.14,42.19,42.13,42.15,7140.0,CIEN
2023-06-13 09:35:00,42.2,42.23,42.09,42.09,8004.0,CIEN
2023-06-13 09:34:00,42.0,42.2,42.0,42.2,14207.0,CIEN
2023-06-13 09:33:00,41.89,41.95,41.89,41.95,2571.0,CIEN
2023-06-13 09:32:00,41.82,41.9,41.73,41.9,1252.0,CIEN
2023-06-13 09:31:00,41.82,41.82,41.82,41.82,214.0,CIEN
2023-06-13 09:30:00,41.8,41.858,41.7,41.71,13496.0,CIEN
2023-06-13 09:10:00,41.22,41.22,41.22,41.22,50.0,CIEN
2023-06-13 09:09:00,42.19,42.19,41.91,41.91,60.0,CIEN
2023-06-13 09:07:00,41.99,42.14,41.99,42.13,291.0,CIEN
2023-06-13 09:04:00,41.81,41.86,41.81,41.86,370.0,CIEN
2023-06-13 09:01:00,41.85,41.85,41.77,41.77,168.0,CIEN
2023-06-13 08:59:00,41.84,41.84,41.84,41.84,5.0,CIEN
2023-06-13 08:58:00,41.77,41.77,41.77,41.77,2.0,CIEN
2023-06-13 08:23:00,41.86,41.86,41.86,41.86,3.0,CIEN
2023-06-13 08:19:00,41.7,41.7,41.7,41.7,100.0,CIEN
2023-06-13 08:03:00,41.54,41.54,41.54,41.54,1.0,CIEN
2023-06-13 08:01:00,40.902,40.902,40.901,40.902,22.0,CIEN
2023-06-13 08:00:00,41.86,41.86,41.86,41.86,1.0,CIEN
2023-06-13 07:31:00,41.49,41.5,41.49,41.5,17.0,CIEN
2023-06-13 07:30:00,41.54,41.54,41.54,41.54,24.0,CIEN
2023-06-13 07:17:00,41.4,41.4,41.39,41.39,22.0,CIEN
2023-06-12 19:55:00,41.65,41.7,41.65,41.7,100.0,CIEN
2023-06-12 19:54:00,41.6,41.6,41.6,41.6,100.0,CIEN
2023-06-12 19:43:00,41.58,41.58,41.58,41.58,28.0,CIEN
2023-06-12 19:38:00,41.58,41.58,41.58,41.58,2.0,CIEN
2023-06-12 19:12:00,41.715,41.715,41.715,41.715,1.0,CIEN
2023-06-12 19:00:00,41.54,41.54,41.54,41.54,212514.0,CIEN
2023-06-12 18:31:00,41.715,41.715,41.715,41.715,10.0,CIEN
2023-06-12 18:30:00,41.54,41.54,41.54,41.54,212514.0,CIEN
2023-06-12 18:26:00,41.65,41.65,41.65,41.65,10.0,CIEN
2023-06-12 18:20:00,41.65,41.65,41.65,41.65,1.0,CIEN
2023-06-12 17:07:00,41.414,41.414,41.414,41.414,72.0,CIEN
2023-06-12 16:54:00,41.65,41.65,41.65,41.65,1.0,CIEN
2023-06-12 16:45:00,41.57,41.57,41.57,41.57,40.0,CIEN
2023-06-12 16:33:00,41.65,41.65,41.65,41.65,5.0,CIEN
2023-06-12 16:10:00,41.54,41.54,41.54,41.54,212514.0,CIEN
2023-06-12 16:00:00,41.55,41.55,41.54,41.54,466317.0,CIEN
2023-06-12 15:59:00,41.555,41.605,41.49,41.55,158445.0,CIEN
2023-06-12 15:58:00,41.56,41.56,41.52,41.555,44024.0,CIEN
2023-06-12 15:57:00,41.53,41.57,41.53,41.56,46054.0,CIEN
2023-06-12 15:56:00,41.57,41.57,41.52,41.53,28043.0,CIEN
2023-06-12 15:55:00,41.545,41.568,41.54,41.56,23986.0,CIEN
2023-06-12 15:54:00,41.555,41.56,41.52,41.54,27797.0,CIEN
2023-06-12 15:53:00,41.58,41.585,41.52,41.555,32324.0,CIEN
2023-06-12 15:52:00,41.585,41.6,41.58,41.58,21003.0,CIEN
2023-06-12 15:51:00,41.595,41.6,41.58,41.585,16983.0,CIEN
2023-06-12 15:50:00,41.63,41.65,41.59,41.599,33213.0,CIEN
2023-06-12 15:49:00,41.6,41.63,41.595,41.63,8945.0,CIEN
2023-06-12 15:48:00,41.655,41.655,41.59,41.6,18123.0,CIEN
2023-06-12 15:47:00,41.67,41.67,41.65,41.655,17513.0,CIEN
2023-06-12 15:46:00,41.6,41.675,41.6,41.675,8498.0,CIEN
2023-06-12 15:45:00,41.535,41.59,41.52,41.59,7853.0,CIEN
2023-06-12 15:44:00,41.575,41.575,41.53,41.535,8957.0,CIEN
2023-06-12 15:43:00,41.54,41.595,41.54,41.571,10179.0,CIEN
2023-06-12 15:42:00,41.571,41.571,41.54,41.545,6604.0,CIEN
2023-06-12 15:41:00,41.59,41.61,41.575,41.575,11151.0,CIEN
2023-06-12 15:40:00,41.505,41.59,41.5,41.58,6596.0,CIEN
2023-06-12 15:39:00,41.43,41.5,41.43,41.5,9051.0,CIEN
2023-06-12 15:38:00,41.425,41.44,41.421,41.43,11197.0,CIEN
2023-06-12 15:37:00,41.47,41.47,41.425,41.425,13683.0,CIEN
2023-06-12 15:36:00,41.465,41.475,41.465,41.475,4945.0,CIEN
2023-06-12 15:35:00,41.48,41.485,41.455,41.465,12734.0,CIEN
2023-06-12 15:34:00,41.495,41.515,41.481,41.485,16041.0,CIEN
2023-06-12 15:33:00,41.505,41.51,41.495,41.5,4614.0,CIEN
2023-06-12 15:32:00,41.535,41.54,41.5,41.505,5382.0,CIEN
2023-06-12 15:31:00,41.52,41.54,41.511,41.54,11833.0,CIEN
2023-06-12 15:30:00,41.55,41.56,41.52,41.525,6303.0,CIEN
2023-06-12 15:29:00,41.57,41.575,41.55,41.56,8441.0,CIEN
2023-06-12 15:28:00,41.565,41.59,41.565,41.57,7076.0,CIEN
2023-06-12 15:27:00,41.55,41.56,41.54,41.56,9247.0,CIEN
2023-06-12 15:26:00,41.53,41.55,41.521,41.55,9857.0,CIEN
2023-06-12 15:25:00,41.555,41.56,41.54,41.54,6851.0,CIEN
2023-06-12 15:24:00,41.52,41.56,41.51,41.555,12151.0,CIEN
2023-06-12 15:23:00,41.54,41.54,41.51,41.51,7643.0,CIEN
2023-06-12 15:22:00,41.545,41.55,41.54,41.545,5497.0,CIEN
2023-06-12 15:21:00,41.585,41.585,41.535,41.535,9471.0,CIEN
2023-06-12 15:20:00,41.56,41.6,41.56,41.59,8471.0,CIEN
2023-06-12 15:19:00,41.59,41.595,41.56,41.56,6741.0,CIEN
2023-06-12 15:18:00,41.64,41.64,41.595,41.595,13205.0,CIEN
2023-06-12 15:17:00,41.64,41.66,41.64,41.64,8138.0,CIEN
2023-06-12 15:16:00,41.66,41.67,41.65,41.65,3484.0,CIEN
2023-06-12 15:15:00,41.625,41.67,41.62,41.66,8161.0,CIEN
2023-06-12 15:14:00,41.65,41.66,41.62,41.625,7969.0,CIEN
2023-06-12 15:13:00,41.645,41.66,41.645,41.65,3487.0,CIEN
2023-06-12 15:12:00,41.64,41.645,41.635,41.645,2787.0,CIEN
2023-06-12 15:11:00,41.67,41.67,41.63,41.63,10173.0,CIEN
2023-06-12 15:10:00,41.625,41.68,41.625,41.675,8421.0,CIEN
2023-06-12 15:09:00,41.615,41.63,41.615,41.625,2756.0,CIEN
2023-06-12 15:08:00,41.595,41.615,41.59,41.615,5275.0,CIEN
2023-06-12 15:07:00,41.6,41.605,41.595,41.6,6795.0,CIEN
2023-06-12 15:06:00,41.654,41.655,41.59,41.59,6333.0,CIEN
2023-06-12 15:05:00,41.675,41.675,41.65,41.655,2082.0,CIEN
2023-06-12 15:04:00,41.64,41.69,41.64,41.68,5560.0,CIEN
2023-06-12 15:03:00,41.675,41.675,41.63,41.635,7222.0,CIEN
2023-06-12 15:02:00,41.67,41.69,41.655,41.675,2066.0,CIEN
2023-06-12 15:01:00,41.6,41.66,41.6,41.66,3838.0,CIEN
2023-06-12 15:00:00,41.495,41.6,41.49,41.6,17337.0,CIEN
2023-06-12 14:59:00,41.495,41.495,41.49,41.49,2577.0,CIEN
2023-06-12 14:58:00,41.505,41.505,41.49,41.495,3994.0,CIEN
2023-06-12 14:57:00,41.505,41.51,41.5,41.505,2927.0,CIEN
2023-06-12 14:56:00,41.515,41.515,41.505,41.505,7319.0,CIEN
2023-06-12 14:55:00,41.545,41.545,41.51,41.51,6229.0,CIEN
2023-06-12 14:54:00,41.565,41.57,41.54,41.545,18889.0,CIEN
2023-06-12 14:53:00,41.585,41.585,41.565,41.565,3871.0,CIEN
2023-06-12 14:52:00,41.595,41.595,41.585,41.585,3033.0,CIEN
2023-06-12 14:51:00,41.615,41.615,41.595,41.595,7210.0,CIEN
2023-06-12 14:50:00,41.64,41.64,41.61,41.61,4844.0,CIEN
2023-06-12 14:49:00,41.59,41.645,41.585,41.635,5554.0,CIEN
2023-06-12 14:48:00,41.59,41.61,41.585,41.585,4631.0,CIEN
2023-06-12 14:47:00,41.545,41.59,41.545,41.59,4663.0,CIEN
2023-06-12 14:46:00,41.51,41.54,41.51,41.54,2542.0,CIEN
2023-06-12 14:45:00,41.536,41.54,41.51,41.525,5937.0,CIEN
2023-06-12 14:44:00,41.47,41.53,41.47,41.53,3026.0,CIEN
2023-06-12 14:43:00,41.44,41.5,41.44,41.46,15257.0,CIEN
2023-06-12 14:42:00,41.445,41.46,41.43,41.45,3349.0,CIEN
2023-06-12 14:41:00,41.445,41.46,41.42,41.45,7351.0,CIEN
2023-06-12 14:40:00,41.41,41.44,41.38,41.44,16957.0,CIEN
2023-06-12 14:39:00,41.425,41.43,41.41,41.415,4593.0,CIEN
2023-06-12 14:38:00,41.44,41.44,41.42,41.425,4377.0,CIEN
2023-06-12 14:37:00,41.45,41.45,41.42,41.43,7441.0,CIEN
2023-06-12 14:36:00,41.49,41.49,41.42,41.435,5421.0,CIEN
2023-06-12 14:35:00,41.48,41.48,41.46,41.48,5193.0,CIEN
2023-06-12 14:34:00,41.43,41.48,41.42,41.46,11714.0,CIEN
2023-06-12 14:33:00,41.48,41.48,41.42,41.44,6143.0,CIEN
2023-06-12 14:32:00,41.45,41.47,41.43,41.46,3196.0,CIEN
2023-06-12 14:31:00,41.46,41.46,41.43,41.43,5932.0,CIEN
2023-06-12 14:30:00,41.51,41.51,41.46,41.47,3477.0,CIEN
2023-06-12 14:29:00,41.5,41.51,41.48,41.51,4178.0,CIEN
2023-06-12 14:28:00,41.5,41.525,41.5,41.5,3143.0,CIEN
2023-06-12 14:27:00,41.508,41.51,41.49,41.5,5205.0,CIEN
2023-06-12 14:26:00,41.495,41.5,41.46,41.48,6431.0,CIEN
2023-06-12 14:25:00,41.505,41.52,41.49,41.49,5400.0,CIEN
2023-06-12 14:24:00,41.51,41.51,41.5,41.505,2919.0,CIEN
2023-06-12 14:23:00,41.51,41.52,41.5,41.5,618.0,CIEN
2023-06-12 14:22:00,41.51,41.52,41.5,41.5,4243.0,CIEN
2023-06-12 14:21:00,41.53,41.53,41.49,41.49,3712.0,CIEN
2023-06-12 14:20:00,41.51,41.53,41.51,41.53,1628.0,CIEN
2023-06-12 14:19:00,41.46,41.53,41.46,41.52,5437.0,CIEN
2023-06-12 14:18:00,41.485,41.485,41.45,41.46,6131.0,CIEN
2023-06-12 14:17:00,41.51,41.518,41.48,41.48,3465.0,CIEN
2023-06-12 14:16:00,41.52,41.52,41.5,41.5,4715.0,CIEN
2023-06-12 14:15:00,41.5,41.53,41.5,41.52,4720.0,CIEN
2023-06-12 14:14:00,41.52,41.525,41.52,41.52,2149.0,CIEN
2023-06-12 14:13:00,41.55,41.55,41.52,41.52,4301.0,CIEN
2023-06-12 14:12:00,41.555,41.557,41.55,41.554,625.0,CIEN
2023-06-12 14:11:00,41.565,41.58,41.55,41.56,4501.0,CIEN
2023-06-12 14:10:00,41.53,41.579,41.52,41.55,5579.0,CIEN
2023-06-12 14:09:00,41.518,41.52,41.5,41.51,8492.0,CIEN
2023-06-12 14:08:00,41.53,41.53,41.5,41.515,4841.0,CIEN
2023-06-12 14:07:00,41.51,41.54,41.5,41.535,3348.0,CIEN
2023-06-12 14:06:00,41.51,41.51,41.5,41.5,1871.0,CIEN
2023-06-12 14:05:00,41.545,41.545,41.5,41.51,4310.0,CIEN
2023-06-12 14:04:00,41.52,41.54,41.51,41.53,7360.0,CIEN
2023-06-12 14:03:00,41.585,41.585,41.52,41.52,4609.0,CIEN
2023-06-12 14:02:00,41.545,41.63,41.54,41.585,9055.0,CIEN
2023-06-12 14:01:00,41.55,41.55,41.54,41.545,1130.0,CIEN
2023-06-12 14:00:00,41.55,41.565,41.54,41.54,2989.0,CIEN
2023-06-12 13:59:00,41.56,41.569,41.54,41.54,4813.0,CIEN
2023-06-12 13:58:00,41.58,41.58,41.56,41.565,2219.0,CIEN
2023-06-12 13:57:00,41.59,41.6,41.58,41.58,3773.0,CIEN
2023-06-12 13:56:00,41.57,41.575,41.56,41.575,3075.0,CIEN
2023-06-12 13:55:00,41.629,41.629,41.56,41.56,16100.0,CIEN
2023-06-12 13:54:00,41.63,41.63,41.625,41.625,1211.0,CIEN
2023-06-12 13:53:00,41.62,41.65,41.62,41.64,3089.0,CIEN
2023-06-12 13:52:00,41.57,41.62,41.57,41.62,1857.0,CIEN
2023-06-12 13:51:00,41.57,41.58,41.54,41.58,4813.0,CIEN
2023-06-12 13:50:00,41.59,41.599,41.55,41.575,6197.0,CIEN
2023-06-12 13:49:00,41.585,41.585,41.585,41.585,463.0,CIEN
2023-06-12 13:48:00,41.57,41.585,41.56,41.585,2628.0,CIEN
2023-06-12 13:47:00,41.592,41.592,41.58,41.58,1833.0,CIEN
2023-06-12 13:46:00,41.59,41.61,41.58,41.59,3358.0,CIEN
2023-06-12 13:45:00,41.56,41.585,41.56,41.585,2158.0,CIEN
2023-06-12 13:44:00,41.58,41.585,41.555,41.565,4315.0,CIEN
2023-06-12 13:43:00,41.55,41.58,41.55,41.56,3236.0,CIEN
2023-06-12 13:42:00,41.56,41.56,41.54,41.545,3922.0,CIEN
2023-06-12 13:41:00,41.57,41.57,41.55,41.55,1876.0,CIEN
2023-06-12 13:40:00,41.59,41.6,41.56,41.56,7258.0,CIEN
2023-06-12 13:39:00,41.585,41.59,41.585,41.59,319.0,CIEN
2023-06-12 13:38:00,41.575,41.59,41.57,41.59,2996.0,CIEN
2023-06-12 13:37:00,41.61,41.61,41.57,41.57,2964.0,CIEN
2023-06-12 13:36:00,41.625,41.625,41.61,41.61,696.0,CIEN
2023-06-12 13:35:00,41.66,41.67,41.625,41.625,2221.0,CIEN
2023-06-12 13:34:00,41.625,41.66,41.6,41.66,5506.0,CIEN
2023-06-12 13:33:00,41.66,41.66,41.63,41.64,2528.0,CIEN
2023-06-12 13:32:00,41.71,41.71,41.68,41.68,2051.0,CIEN
2023-06-12 13:31:00,41.7,41.72,41.695,41.71,4564.0,CIEN
2023-06-12 13:30:00,41.714,41.714,41.7,41.7,2010.0,CIEN
2023-06-12 13:29:00,41.74,41.74,41.72,41.72,2130.0,CIEN
2023-06-12 13:28:00,41.75,41.75,41.74,41.74,1998.0,CIEN
2023-06-12 13:27:00,41.77,41.78,41.76,41.76,1903.0,CIEN
2023-06-12 13:26:00,41.72,41.76,41.72,41.76,3329.0,CIEN
2023-06-12 13:25:00,41.72,41.73,41.72,41.73,1891.0,CIEN
2023-06-12 13:24:00,41.74,41.745,41.73,41.73,4617.0,CIEN
2023-06-12 13:23:00,41.76,41.76,41.75,41.75,1454.0,CIEN
2023-06-12 13:22:00,41.76,41.76,41.76,41.76,1623.0,CIEN
2023-06-12 13:21:00,41.77,41.78,41.77,41.78,1597.0,CIEN
2023-06-12 13:20:00,41.77,41.79,41.76,41.76,5151.0,CIEN
2023-06-12 13:19:00,41.76,41.78,41.76,41.78,1020.0,CIEN
2023-06-12 13:18:00,41.735,41.75,41.735,41.75,1845.0,CIEN
2023-06-12 13:17:00,41.78,41.78,41.74,41.74,7118.0,CIEN
2023-06-12 13:16:00,41.786,41.786,41.785,41.785,943.0,CIEN
2023-06-12 13:15:00,41.78,41.79,41.78,41.79,1455.0,CIEN
2023-06-12 13:14:00,41.78,41.78,41.771,41.771,1156.0,CIEN
2023-06-12 13:13:00,41.8,41.8,41.775,41.775,3078.0,CIEN
2023-06-12 13:12:00,41.77,41.795,41.77,41.795,3513.0,CIEN
2023-06-12 13:11:00,41.76,41.79,41.76,41.78,2539.0,CIEN
2023-06-12 13:10:00,41.76,41.76,41.76,41.76,372.0,CIEN
2023-06-12 13:09:00,41.72,41.75,41.72,41.75,1456.0,CIEN
2023-06-12 13:08:00,41.72,41.72,41.72,41.72,845.0,CIEN
2023-06-12 13:07:00,41.78,41.78,41.74,41.76,2797.0,CIEN
2023-06-12 13:06:00,41.81,41.815,41.79,41.79,3820.0,CIEN
2023-06-12 13:05:00,41.78,41.8,41.775,41.8,2414.0,CIEN
2023-06-12 13:04:00,41.775,41.78,41.75,41.76,5058.0,CIEN
2023-06-12 13:03:00,41.775,41.78,41.77,41.775,835.0,CIEN
2023-06-12 13:02:00,41.78,41.78,41.77,41.77,1353.0,CIEN
2023-06-12 13:01:00,41.81,41.81,41.78,41.78,3517.0,CIEN
2023-06-12 13:00:00,41.805,41.805,41.79,41.8,2489.0,CIEN
2023-06-12 12:59:00,41.75,41.81,41.75,41.81,3181.0,CIEN
2023-06-12 12:58:00,41.76,41.76,41.74,41.75,3255.0,CIEN
2023-06-12 12:57:00,41.76,41.77,41.76,41.76,1185.0,CIEN
2023-06-12 12:56:00,41.785,41.785,41.76,41.76,1682.0,CIEN
2023-06-12 12:55:00,41.78,41.795,41.78,41.78,3077.0,CIEN
2023-06-12 12:54:00,41.743,41.785,41.743,41.785,1539.0,CIEN
2023-06-12 12:53:00,41.75,41.79,41.75,41.76,6541.0,CIEN
2023-06-12 12:52:00,41.815,41.815,41.755,41.755,4690.0,CIEN
2023-06-12 12:51:00,41.82,41.83,41.81,41.815,7298.0,CIEN
2023-06-12 12:50:00,41.78,41.82,41.78,41.82,2633.0,CIEN
2023-06-12 12:49:00,41.7,41.74,41.7,41.74,4314.0,CIEN
2023-06-12 12:48:00,41.69,41.7,41.68,41.69,3411.0,CIEN
2023-06-12 12:47:00,41.73,41.73,41.68,41.69,8004.0,CIEN
2023-06-12 12:46:00,41.722,41.722,41.722,41.722,1031.0,CIEN
2023-06-12 12:45:00,41.71,41.73,41.71,41.73,3695.0,CIEN
2023-06-12 12:44:00,41.725,41.73,41.705,41.71,5353.0,CIEN
2023-06-12 12:43:00,41.72,41.76,41.71,41.74,8465.0,CIEN
2023-06-12 12:42:00,41.73,41.73,41.7,41.72,4389.0,CIEN
2023-06-12 12:41:00,41.82,41.82,41.73,41.74,5687.0,CIEN
2023-06-12 12:40:00,41.8,41.83,41.8,41.83,4239.0,CIEN
2023-06-12 12:39:00,41.865,41.875,41.79,41.795,8219.0,CIEN
2023-06-12 12:38:00,41.845,41.865,41.845,41.865,1968.0,CIEN
2023-06-12 12:37:00,41.875,41.89,41.835,41.84,9563.0,CIEN
2023-06-12 12:36:00,41.845,41.88,41.84,41.88,15321.0,CIEN
2023-06-12 12:35:00,41.845,41.855,41.84,41.85,3801.0,CIEN
2023-06-12 12:34:00,41.79,41.85,41.79,41.845,17490.0,CIEN
2023-06-12 12:33:00,41.79,41.797,41.79,41.798,1558.0,CIEN
2023-06-12 12:32:00,41.81,41.82,41.79,41.8,4620.0,CIEN
2023-06-12 12:31:00,41.82,41.83,41.81,41.82,14826.0,CIEN
2023-06-12 12:30:00,41.8,41.82,41.8,41.82,4078.0,CIEN
2023-06-12 12:29:00,41.81,41.835,41.8,41.8,4137.0,CIEN
2023-06-12 12:28:00,41.81,41.84,41.81,41.83,5612.0,CIEN
2023-06-12 12:27:00,41.85,41.85,41.81,41.81,5109.0,CIEN
2023-06-12 12:26:00,41.82,41.85,41.82,41.85,5459.0,CIEN
2023-06-12 12:25:00,41.773,41.81,41.77,41.81,8384.0,CIEN
2023-06-12 12:24:00,41.78,41.78,41.775,41.775,939.0,CIEN
2023-06-12 12:23:00,41.745,41.78,41.74,41.77,12110.0,CIEN
2023-06-12 12:22:00,41.76,41.77,41.74,41.75,3798.0,CIEN
2023-06-12 12:21:00,41.79,41.81,41.77,41.77,5604.0,CIEN
2023-06-12 12:20:00,41.8,41.81,41.79,41.8,695.0,CIEN
2023-06-12 12:19:00,41.808,41.82,41.79,41.8,3567.0,CIEN
2023-06-12 12:18:00,41.84,41.84,41.8,41.8,6181.0,CIEN
2023-06-12 12:17:00,41.8,41.86,41.8,41.86,3864.0,CIEN
2023-06-12 12:16:00,41.805,41.805,41.8,41.8,1193.0,CIEN
2023-06-12 12:15:00,41.87,41.88,41.82,41.82,12255.0,CIEN
2023-06-12 12:14:00,41.851,41.87,41.83,41.86,7677.0,CIEN
2023-06-12 12:13:00,41.8,41.862,41.8,41.863,3886.0,CIEN
2023-06-12 12:12:00,41.75,41.8,41.75,41.8,13753.0,CIEN
2023-06-12 12:11:00,41.84,41.85,41.76,41.77,25498.0,CIEN
2023-06-12 12:10:00,41.81,41.84,41.81,41.84,2095.0,CIEN
2023-06-12 12:09:00,41.78,41.81,41.78,41.81,2402.0,CIEN
2023-06-12 12:08:00,41.75,41.81,41.75,41.78,8306.0,CIEN
2023-06-12 12:07:00,41.78,41.79,41.745,41.75,26981.0,CIEN
2023-06-12 12:06:00,41.75,41.79,41.735,41.78,6800.0,CIEN
2023-06-12 12:05:00,41.66,41.735,41.66,41.735,4203.0,CIEN
2023-06-12 12:04:00,41.66,41.66,41.635,41.655,17474.0,CIEN
2023-06-12 12:03:00,41.765,41.77,41.66,41.66,7542.0,CIEN
2023-06-12 12:02:00,41.74,41.77,41.735,41.76,3601.0,CIEN
2023-06-12 12:01:00,41.695,41.74,41.695,41.74,3899.0,CIEN
2023-06-12 12:00:00,41.65,41.705,41.65,41.69,4862.0,CIEN
2023-06-12 11:59:00,41.64,41.65,41.63,41.64,1543.0,CIEN
2023-06-12 11:58:00,41.62,41.63,41.615,41.63,2798.0,CIEN
2023-06-12 11:57:00,41.635,41.64,41.625,41.625,4570.0,CIEN
2023-06-12 11:56:00,41.585,41.63,41.585,41.63,8367.0,CIEN
2023-06-12 11:55:00,41.589,41.59,41.575,41.575,3286.0,CIEN
2023-06-12 11:54:00,41.59,41.59,41.57,41.58,3855.0,CIEN
2023-06-12 11:53:00,41.61,41.61,41.59,41.59,2052.0,CIEN
2023-06-12 11:52:00,41.625,41.66,41.62,41.62,4937.0,CIEN
2023-06-12 11:51:00,41.595,41.64,41.595,41.625,7862.0,CIEN
2023-06-12 11:50:00,41.59,41.605,41.59,41.6,3419.0,CIEN
2023-06-12 11:49:00,41.56,41.61,41.555,41.58,19028.0,CIEN
2023-06-12 11:48:00,41.57,41.57,41.55,41.55,5296.0,CIEN
2023-06-12 11:47:00,41.58,41.586,41.57,41.57,2465.0,CIEN
2023-06-12 11:46:00,41.66,41.66,41.59,41.61,6507.0,CIEN
2023-06-12 11:45:00,41.715,41.72,41.66,41.67,5617.0,CIEN
2023-06-12 11:44:00,41.71,41.71,41.71,41.71,351.0,CIEN
2023-06-12 11:43:00,41.77,41.775,41.73,41.73,3098.0,CIEN
2023-06-12 11:42:00,41.74,41.76,41.74,41.76,2974.0,CIEN
2023-06-12 11:41:00,41.838,41.838,41.73,41.74,6657.0,CIEN
2023-06-12 11:40:00,41.85,41.87,41.83,41.84,10670.0,CIEN
2023-06-12 11:39:00,41.79,41.84,41.79,41.84,2372.0,CIEN
2023-06-12 11:38:00,41.82,41.826,41.785,41.8,6664.0,CIEN
2023-06-12 11:37:00,41.83,41.83,41.81,41.82,5468.0,CIEN
2023-06-12 11:36:00,41.78,41.84,41.78,41.83,8394.0,CIEN
2023-06-12 11:35:00,41.74,41.78,41.74,41.78,5878.0,CIEN
2023-06-12 11:34:00,41.69,41.73,41.69,41.73,4938.0,CIEN
2023-06-12 11:33:00,41.71,41.71,41.695,41.7,4664.0,CIEN
2023-06-12 11:32:00,41.7,41.725,41.7,41.71,4523.0,CIEN
2023-06-12 11:31:00,41.68,41.7,41.67,41.7,5694.0,CIEN
2023-06-12 11:30:00,41.69,41.7,41.665,41.69,5199.0,CIEN
2023-06-12 11:29:00,41.72,41.72,41.68,41.69,5492.0,CIEN
2023-06-12 11:28:00,41.65,41.725,41.65,41.725,3975.0,CIEN
2023-06-12 11:27:00,41.63,41.65,41.63,41.64,3069.0,CIEN
2023-06-12 11:26:00,41.68,41.68,41.63,41.63,9425.0,CIEN
2023-06-12 11:25:00,41.67,41.69,41.67,41.69,3389.0,CIEN
2023-06-12 11:24:00,41.58,41.66,41.565,41.66,5425.0,CIEN
2023-06-12 11:23:00,41.55,41.58,41.55,41.56,3910.0,CIEN
2023-06-12 11:22:00,41.575,41.58,41.5,41.53,11089.0,CIEN
2023-06-12 11:21:00,41.58,41.605,41.57,41.575,5173.0,CIEN
2023-06-12 11:20:00,41.635,41.64,41.57,41.59,14335.0,CIEN
2023-06-12 11:19:00,41.59,41.64,41.59,41.631,8791.0,CIEN
2023-06-12 11:18:00,41.57,41.6,41.57,41.59,4067.0,CIEN
2023-06-12 11:17:00,41.555,41.585,41.55,41.58,6863.0,CIEN
2023-06-12 11:16:00,41.52,41.57,41.52,41.55,9096.0,CIEN
2023-06-12 11:15:00,41.54,41.54,41.53,41.53,3452.0,CIEN
2023-06-12 11:14:00,41.59,41.59,41.56,41.57,7793.0,CIEN
2023-06-12 11:13:00,41.575,41.58,41.575,41.58,2999.0,CIEN
2023-06-12 11:12:00,41.508,41.57,41.505,41.56,6746.0,CIEN
2023-06-12 11:11:00,41.545,41.545,41.51,41.51,5425.0,CIEN
2023-06-12 11:10:00,41.52,41.545,41.52,41.545,5079.0,CIEN
2023-06-12 11:09:00,41.535,41.55,41.52,41.52,5356.0,CIEN
2023-06-12 11:08:00,41.45,41.53,41.445,41.53,6489.0,CIEN
2023-06-12 11:07:00,41.395,41.45,41.395,41.43,4801.0,CIEN
2023-06-12 11:06:00,41.5,41.51,41.395,41.395,10511.0,CIEN
2023-06-12 11:05:00,41.34,41.52,41.34,41.49,10180.0,CIEN
2023-06-12 11:04:00,41.32,41.335,41.31,41.335,5050.0,CIEN
2023-06-12 11:03:00,41.35,41.36,41.33,41.33,3420.0,CIEN
2023-06-12 11:02:00,41.33,41.365,41.33,41.365,7937.0,CIEN
2023-06-12 11:01:00,41.348,41.347,41.31,41.33,6228.0,CIEN
2023-06-12 11:00:00,41.2,41.34,41.2,41.33,15234.0,CIEN
2023-06-12 10:59:00,41.235,41.235,41.2,41.2,12604.0,CIEN
2023-06-12 10:58:00,41.21,41.235,41.21,41.235,8542.0,CIEN
2023-06-12 10:57:00,41.16,41.22,41.16,41.21,8076.0,CIEN
2023-06-12 10:56:00,41.17,41.19,41.155,41.17,5069.0,CIEN
2023-06-12 10:55:00,41.09,41.155,41.09,41.15,8988.0,CIEN
2023-06-12 10:54:00,41.173,41.173,41.1,41.104,14472.0,CIEN
2023-06-12 10:53:00,41.11,41.17,41.11,41.17,11535.0,CIEN
2023-06-12 10:52:00,41.13,41.13,41.098,41.098,3224.0,CIEN
2023-06-12 10:51:00,41.12,41.152,41.11,41.12,5174.0,CIEN
2023-06-12 10:50:00,41.09,41.13,41.09,41.12,4187.0,CIEN
2023-06-12 10:49:00,41.1,41.1,41.05,41.09,9258.0,CIEN
2023-06-12 10:48:00,41.11,41.11,41.1,41.11,3270.0,CIEN
2023-06-12 10:47:00,41.14,41.14,41.07,41.11,30053.0,CIEN
2023-06-12 10:46:00,41.19,41.2,41.12,41.12,14144.0,CIEN
2023-06-12 10:45:00,41.23,41.23,41.18,41.188,5933.0,CIEN
2023-06-12 10:44:00,41.18,41.26,41.175,41.238,4396.0,CIEN
2023-06-12 10:43:00,41.2,41.2,41.15,41.17,6190.0,CIEN
2023-06-12 10:42:00,41.213,41.22,41.19,41.19,6197.0,CIEN
2023-06-12 10:41:00,41.245,41.25,41.215,41.215,3400.0,CIEN
2023-06-12 10:40:00,41.185,41.26,41.17,41.245,6363.0,CIEN
2023-06-12 10:39:00,41.16,41.19,41.15,41.185,5066.0,CIEN
2023-06-12 10:38:00,41.177,41.177,41.11,41.15,9322.0,CIEN
2023-06-12 10:37:00,41.215,41.235,41.15,41.15,11203.0,CIEN
2023-06-12 10:36:00,41.25,41.258,41.22,41.22,3549.0,CIEN
2023-06-12 10:35:00,41.21,41.26,41.21,41.25,7319.0,CIEN
2023-06-12 10:34:00,41.335,41.35,41.22,41.22,9290.0,CIEN
2023-06-12 10:33:00,41.315,41.35,41.315,41.335,5420.0,CIEN
2023-06-12 10:32:00,41.3,41.335,41.3,41.315,5995.0,CIEN
2023-06-12 10:31:00,41.26,41.29,41.26,41.29,5596.0,CIEN
2023-06-12 10:30:00,41.28,41.295,41.25,41.26,8324.0,CIEN
2023-06-12 10:29:00,41.31,41.33,41.28,41.29,7928.0,CIEN
2023-06-12 10:28:00,41.26,41.3,41.23,41.29,39446.0,CIEN
2023-06-12 10:27:00,41.26,41.27,41.2,41.245,14560.0,CIEN
2023-06-12 10:26:00,41.285,41.32,41.25,41.25,10263.0,CIEN
2023-06-12 10:25:00,41.26,41.285,41.21,41.285,12777.0,CIEN
2023-06-12 10:24:00,41.24,41.27,41.24,41.26,5587.0,CIEN
2023-06-12 10:23:00,41.26,41.26,41.225,41.24,9256.0,CIEN
2023-06-12 10:22:00,41.31,41.31,41.26,41.26,2404.0,CIEN
2023-06-12 10:21:00,41.32,41.325,41.29,41.3,7531.0,CIEN
2023-06-12 10:20:00,41.24,41.335,41.23,41.32,9851.0,CIEN
2023-06-12 10:19:00,41.275,41.275,41.23,41.249,4390.0,CIEN
2023-06-12 10:18:00,41.24,41.286,41.23,41.26,3410.0,CIEN
2023-06-12 10:17:00,41.28,41.29,41.235,41.25,7640.0,CIEN
2023-06-12 10:16:00,41.26,41.3,41.26,41.28,5251.0,CIEN
2023-06-12 10:15:00,41.31,41.32,41.26,41.26,5042.0,CIEN
2023-06-12 10:14:00,41.31,41.32,41.255,41.305,10568.0,CIEN
2023-06-12 10:13:00,41.32,41.37,41.32,41.32,10208.0,CIEN
2023-06-12 10:12:00,41.3,41.34,41.3,41.32,10599.0,CIEN
2023-06-12 10:11:00,41.29,41.33,41.26,41.3,12936.0,CIEN
2023-06-12 10:10:00,41.34,41.385,41.26,41.26,9772.0,CIEN
2023-06-12 10:09:00,41.4,41.4,41.27,41.33,13627.0,CIEN
2023-06-12 10:08:00,41.46,41.46,41.4,41.4,6585.0,CIEN
2023-06-12 10:07:00,41.376,41.46,41.37,41.46,9389.0,CIEN
2023-06-12 10:06:00,41.43,41.453,41.37,41.37,4306.0,CIEN
2023-06-12 10:05:00,41.52,41.52,41.43,41.43,11774.0,CIEN
2023-06-12 10:04:00,41.56,41.59,41.52,41.522,6362.0,CIEN
2023-06-12 10:03:00,41.69,41.69,41.52,41.584,24425.0,CIEN
2023-06-12 10:02:00,41.67,41.72,41.65,41.67,5981.0,CIEN
2023-06-12 10:01:00,41.695,41.76,41.695,41.71,7776.0,CIEN
2023-06-12 10:00:00,41.71,41.79,41.68,41.695,72771.0,CIEN
2023-06-12 09:59:00,41.66,41.75,41.62,41.71,144003.0,CIEN
2023-06-12 09:58:00,41.63,41.7,41.6,41.66,59907.0,CIEN
2023-06-12 09:57:00,41.705,41.705,41.62,41.63,3182.0,CIEN
2023-06-12 09:56:00,41.7,41.7,41.68,41.69,5616.0,CIEN
2023-06-12 09:55:00,41.71,41.73,41.69,41.715,4780.0,CIEN
2023-06-12 09:54:00,41.76,41.765,41.7,41.7,1190.0,CIEN
2023-06-12 09:53:00,41.81,41.81,41.76,41.765,2678.0,CIEN
2023-06-12 09:52:00,41.78,41.79,41.77,41.79,1679.0,CIEN
2023-06-12 09:51:00,41.69,41.773,41.69,41.77,6529.0,CIEN
2023-06-12 09:50:00,41.68,41.73,41.669,41.69,4266.0,CIEN
2023-06-12 09:49:00,41.58,41.685,41.58,41.685,2783.0,CIEN
2023-06-12 09:48:00,41.61,41.62,41.59,41.619,3093.0,CIEN
2023-06-12 09:47:00,41.6,41.62,41.575,41.595,2053.0,CIEN
2023-06-12 09:46:00,41.65,41.65,41.55,41.55,2365.0,CIEN
2023-06-12 09:45:00,41.76,41.76,41.64,41.64,4392.0,CIEN
2023-06-12 09:44:00,41.76,41.8,41.73,41.76,9027.0,CIEN
2023-06-12 09:43:00,41.77,41.78,41.74,41.755,10119.0,CIEN
2023-06-12 09:42:00,41.73,41.77,41.68,41.77,2517.0,CIEN
2023-06-12 09:41:00,41.665,41.729,41.665,41.729,4313.0,CIEN
2023-06-12 09:40:00,41.53,41.69,41.53,41.69,8148.0,CIEN
2023-06-12 09:39:00,41.41,41.53,41.41,41.53,5886.0,CIEN
2023-06-12 09:38:00,41.4,41.4,41.35,41.38,1846.0,CIEN
2023-06-12 09:37:00,41.37,41.4,41.36,41.39,1239.0,CIEN
2023-06-12 09:36:00,41.345,41.39,41.331,41.37,3112.0,CIEN
2023-06-12 09:34:00,41.43,41.43,41.36,41.374,1562.0,CIEN
2023-06-12 09:33:00,41.535,41.56,41.44,41.44,2109.0,CIEN
2023-06-12 09:32:00,41.46,41.59,41.46,41.49,21012.0,CIEN
2023-06-12 09:31:00,41.335,41.47,41.335,41.469,3859.0,CIEN
2023-06-12 09:30:00,41.475,41.56,41.33,41.33,30954.0,CIEN
2023-06-12 09:20:00,41.49,41.5,41.49,41.5,32.0,CIEN
2023-06-12 09:08:00,41.9,41.9,41.9,41.9,100.0,CIEN
2023-06-12 08:38:00,41.75,41.75,41.75,41.75,10.0,CIEN
2023-06-12 07:39:00,41.49,41.5,41.49,41.5,31.0,CIEN
2023-06-12 07:10:00,41.35,41.35,41.28,41.28,49.0,CIEN
2023-06-12 04:00:00,40.99,41.0,40.99,41.0,41.0,CIEN
2023-06-09 19:41:00,41.3,41.3,41.3,41.3,25.0,CIEN
2023-06-09 19:39:00,41.3,41.3,41.3,41.3,50.0,CIEN
2023-06-09 19:26:00,41.3,41.3,41.3,41.3,20.0,CIEN
2023-06-09 19:01:00,41.4,41.4,41.4,41.4,1.0,CIEN
2023-06-09 19:00:00,41.35,41.35,41.35,41.35,373423.0,CIEN
2023-06-09 18:51:00,41.4,41.4,41.4,41.4,100.0,CIEN
2023-06-09 18:30:00,41.35,41.35,41.35,41.35,373423.0,CIEN
2023-06-09 17:46:00,41.33,41.33,41.33,41.33,3.0,CIEN
2023-06-09 17:14:00,41.35,41.35,41.35,41.35,1.0,CIEN
2023-06-09 17:08:00,41.3,41.3,41.3,41.3,300.0,CIEN
2023-06-09 17:04:00,41.3,41.3,41.3,41.3,17.0,CIEN
2023-06-09 16:28:00,41.47,41.47,41.47,41.47,3.0,CIEN
2023-06-09 16:24:00,41.5,41.5,41.5,41.5,10.0,CIEN
2023-06-09 16:13:00,41.3,41.3,41.3,41.3,100.0,CIEN
2023-06-09 16:10:00,41.35,41.35,41.35,41.35,373423.0,CIEN
2023-06-09 16:03:00,41.35,41.4,41.35,41.35,100.0,CIEN
2023-06-09 16:02:00,41.35,41.35,41.35,41.35,3965.0,CIEN
2023-06-09 16:00:00,41.343,41.65,41.33,41.35,777803.0,CIEN
2023-06-09 15:59:00,41.375,41.38,41.33,41.34,105115.0,CIEN
2023-06-09 15:58:00,41.36,41.38,41.33,41.37,72667.0,CIEN
2023-06-09 15:57:00,41.365,41.37,41.36,41.37,50210.0,CIEN
2023-06-09 15:56:00,41.32,41.37,41.32,41.365,64583.0,CIEN
2023-06-09 15:55:00,41.305,41.35,41.305,41.325,71756.0,CIEN
2023-06-09 15:54:00,41.28,41.328,41.27,41.3,36387.0,CIEN
2023-06-09 15:53:00,41.335,41.34,41.265,41.275,57700.0,CIEN
2023-06-09 15:52:00,41.31,41.34,41.31,41.335,30208.0,CIEN
2023-06-09 15:51:00,41.255,41.31,41.255,41.31,25820.0,CIEN
2023-06-09 15:50:00,41.335,41.335,41.24,41.255,45476.0,CIEN
2023-06-09 15:49:00,41.31,41.34,41.3,41.33,21375.0,CIEN
2023-06-09 15:48:00,41.295,41.32,41.29,41.315,19442.0,CIEN
2023-06-09 15:47:00,41.29,41.37,41.29,41.3,30852.0,CIEN
2023-06-09 15:46:00,41.27,41.29,41.265,41.29,3796.0,CIEN
2023-06-09 15:45:00,41.23,41.28,41.23,41.27,19872.0,CIEN
2023-06-09 15:44:00,41.265,41.28,41.24,41.24,9832.0,CIEN
2023-06-09 15:43:00,41.3,41.3,41.27,41.27,16081.0,CIEN
2023-06-09 15:42:00,41.255,41.3,41.25,41.3,15893.0,CIEN
2023-06-09 15:41:00,41.25,41.275,41.25,41.255,9567.0,CIEN
2023-06-09 15:40:00,41.245,41.27,41.24,41.255,13017.0,CIEN
2023-06-09 15:39:00,41.21,41.24,41.2,41.23,10681.0,CIEN
2023-06-09 15:38:00,41.19,41.22,41.18,41.22,13600.0,CIEN
2023-06-09 15:37:00,41.28,41.28,41.17,41.18,14247.0,CIEN
2023-06-09 15:36:00,41.27,41.29,41.26,41.29,8226.0,CIEN
2023-06-09 15:35:00,41.22,41.28,41.22,41.28,14463.0,CIEN
2023-06-09 15:34:00,41.28,41.29,41.22,41.22,14634.0,CIEN
2023-06-09 15:33:00,41.205,41.37,41.205,41.28,22496.0,CIEN
2023-06-09 15:32:00,41.21,41.28,41.2,41.2,17444.0,CIEN
2023-06-09 15:31:00,41.18,41.26,41.17,41.21,37905.0,CIEN
2023-06-09 15:30:00,41.18,41.25,41.175,41.185,39982.0,CIEN
2023-06-09 15:29:00,41.21,41.22,41.175,41.18,30830.0,CIEN
2023-06-09 15:28:00,41.3,41.3,41.22,41.22,18898.0,CIEN
2023-06-09 15:27:00,41.32,41.33,41.26,41.3,28205.0,CIEN
2023-06-09 15:26:00,41.37,41.38,41.31,41.325,30813.0,CIEN
2023-06-09 15:25:00,41.49,41.49,41.37,41.38,21217.0,CIEN
2023-06-09 15:24:00,41.5,41.51,41.49,41.495,16039.0,CIEN
2023-06-09 15:23:00,41.5,41.51,41.49,41.5,29030.0,CIEN
2023-06-09 15:22:00,41.495,41.515,41.485,41.51,19105.0,CIEN
2023-06-09 15:21:00,41.491,41.5,41.485,41.495,16365.0,CIEN
2023-06-09 15:20:00,41.47,41.5,41.465,41.495,24055.0,CIEN
2023-06-09 15:19:00,41.455,41.47,41.45,41.47,21204.0,CIEN
2023-06-09 15:18:00,41.445,41.455,41.44,41.45,11316.0,CIEN
2023-06-09 15:17:00,41.455,41.46,41.44,41.44,12743.0,CIEN
2023-06-09 15:16:00,41.47,41.48,41.45,41.45,13146.0,CIEN
2023-06-09 15:15:00,41.495,41.505,41.46,41.47,9712.0,CIEN
2023-06-09 15:14:00,41.48,41.52,41.48,41.49,13755.0,CIEN
2023-06-09 15:13:00,41.48,41.485,41.46,41.48,11362.0,CIEN
2023-06-09 15:12:00,41.49,41.5,41.48,41.48,5660.0,CIEN
2023-06-09 15:11:00,41.47,41.49,41.47,41.48,4602.0,CIEN
2023-06-09 15:10:00,41.46,41.48,41.46,41.47,12044.0,CIEN
2023-06-09 15:09:00,41.49,41.51,41.46,41.46,9085.0,CIEN
2023-06-09 15:08:00,41.495,41.515,41.47,41.49,14256.0,CIEN
2023-06-09 15:07:00,41.46,41.495,41.45,41.495,7250.0,CIEN
2023-06-09 15:06:00,41.46,41.52,41.46,41.46,15513.0,CIEN
2023-06-09 15:05:00,41.48,41.48,41.45,41.46,11167.0,CIEN
2023-06-09 15:04:00,41.49,41.495,41.46,41.48,13394.0,CIEN
2023-06-09 15:03:00,41.43,41.52,41.42,41.49,22881.0,CIEN
2023-06-09 15:02:00,41.37,41.43,41.365,41.42,19926.0,CIEN
2023-06-09 15:01:00,41.375,41.38,41.36,41.37,11176.0,CIEN
2023-06-09 15:00:00,41.38,41.41,41.38,41.38,11171.0,CIEN
2023-06-09 14:59:00,41.405,41.44,41.38,41.38,13459.0,CIEN
2023-06-09 14:58:00,41.325,41.395,41.325,41.395,20431.0,CIEN
2023-06-09 14:57:00,41.335,41.35,41.325,41.325,20653.0,CIEN
2023-06-09 14:56:00,41.32,41.34,41.32,41.33,19823.0,CIEN
2023-06-09 14:55:00,41.305,41.32,41.305,41.31,9200.0,CIEN
2023-06-09 14:54:00,41.34,41.35,41.3,41.3,10437.0,CIEN
2023-06-09 14:53:00,41.36,41.4,41.35,41.35,13584.0,CIEN
2023-06-09 14:52:00,41.36,41.375,41.35,41.36,28107.0,CIEN
2023-06-09 14:51:00,41.405,41.405,41.36,41.36,9805.0,CIEN
2023-06-09 14:50:00,41.44,41.46,41.41,41.41,8912.0,CIEN
2023-06-09 14:49:00,41.415,41.45,41.415,41.43,10894.0,CIEN
2023-06-09 14:48:00,41.46,41.52,41.4,41.4,15780.0,CIEN
2023-06-09 14:47:00,41.405,41.46,41.4,41.45,11920.0,CIEN
2023-06-09 14:46:00,41.38,41.41,41.37,41.4,17722.0,CIEN
2023-06-09 14:45:00,41.385,41.42,41.38,41.39,28704.0,CIEN
2023-06-09 14:44:00,41.38,41.39,41.38,41.385,6171.0,CIEN
2023-06-09 14:43:00,41.395,41.395,41.385,41.385,6741.0,CIEN
2023-06-09 14:42:00,41.41,41.41,41.39,41.395,3049.0,CIEN
2023-06-09 14:41:00,41.43,41.445,41.41,41.41,6190.0,CIEN
2023-06-09 14:40:00,41.42,41.438,41.41,41.43,5854.0,CIEN
2023-06-09 14:39:00,41.405,41.43,41.4,41.43,5995.0,CIEN
2023-06-09 14:38:00,41.39,41.41,41.37,41.395,8150.0,CIEN
2023-06-09 14:37:00,41.415,41.415,41.38,41.38,6283.0,CIEN
2023-06-09 14:36:00,41.42,41.43,41.4,41.42,14401.0,CIEN
2023-06-09 14:35:00,41.46,41.46,41.42,41.42,9369.0,CIEN
2023-06-09 14:34:00,41.48,41.48,41.46,41.47,6084.0,CIEN
2023-06-09 14:33:00,41.47,41.49,41.47,41.48,8471.0,CIEN
2023-06-09 14:32:00,41.495,41.5,41.46,41.46,7607.0,CIEN
2023-06-09 14:31:00,41.49,41.5,41.49,41.49,6424.0,CIEN
2023-06-09 14:30:00,41.49,41.5,41.49,41.49,6009.0,CIEN
2023-06-09 14:29:00,41.485,41.51,41.485,41.49,8782.0,CIEN
2023-06-09 14:28:00,41.51,41.54,41.49,41.49,12926.0,CIEN
2023-06-09 14:27:00,41.515,41.539,41.51,41.51,8967.0,CIEN
2023-06-09 14:26:00,41.51,41.52,41.5,41.515,8595.0,CIEN
2023-06-09 14:25:00,41.525,41.525,41.5,41.52,18115.0,CIEN
2023-06-09 14:24:00,41.53,41.53,41.5,41.52,11194.0,CIEN
2023-06-09 14:23:00,41.55,41.55,41.51,41.54,30300.0,CIEN
2023-06-09 14:22:00,41.56,41.58,41.54,41.555,34206.0,CIEN
2023-06-09 14:21:00,41.565,41.59,41.55,41.55,21808.0,CIEN
2023-06-09 14:20:00,41.555,41.575,41.555,41.57,6130.0,CIEN
2023-06-09 14:19:00,41.57,41.58,41.55,41.555,3880.0,CIEN
2023-06-09 14:18:00,41.57,41.58,41.565,41.565,7447.0,CIEN
2023-06-09 14:17:00,41.57,41.575,41.54,41.575,13547.0,CIEN
2023-06-09 14:16:00,41.63,41.63,41.58,41.58,4835.0,CIEN
2023-06-09 14:15:00,41.69,41.69,41.63,41.63,6538.0,CIEN
2023-06-09 14:14:00,41.7,41.71,41.685,41.7,7377.0,CIEN
2023-06-09 14:13:00,41.65,41.699,41.64,41.699,10522.0,CIEN
2023-06-09 14:12:00,41.68,41.68,41.65,41.65,7351.0,CIEN
2023-06-09 14:11:00,41.675,41.69,41.675,41.689,2373.0,CIEN
2023-06-09 14:10:00,41.65,41.69,41.65,41.67,6363.0,CIEN
2023-06-09 14:09:00,41.67,41.68,41.64,41.65,12133.0,CIEN
2023-06-09 14:08:00,41.68,41.68,41.66,41.67,6280.0,CIEN
2023-06-09 14:07:00,41.685,41.685,41.66,41.67,1870.0,CIEN
2023-06-09 14:06:00,41.685,41.695,41.68,41.68,5993.0,CIEN
2023-06-09 14:05:00,41.635,41.69,41.63,41.69,9359.0,CIEN
2023-06-09 14:04:00,41.66,41.66,41.64,41.64,4723.0,CIEN
2023-06-09 14:03:00,41.655,41.67,41.655,41.655,7211.0,CIEN
2023-06-09 14:02:00,41.65,41.65,41.64,41.65,4587.0,CIEN
2023-06-09 14:01:00,41.67,41.67,41.645,41.65,4092.0,CIEN
2023-06-09 14:00:00,41.705,41.71,41.68,41.68,4741.0,CIEN
2023-06-09 13:59:00,41.7,41.7,41.69,41.7,2958.0,CIEN
2023-06-09 13:58:00,41.655,41.705,41.654,41.7,6218.0,CIEN
2023-06-09 13:57:00,41.655,41.67,41.645,41.66,6297.0,CIEN
2023-06-09 13:56:00,41.685,41.69,41.66,41.66,3642.0,CIEN
2023-06-09 13:55:00,41.67,41.68,41.67,41.68,4191.0,CIEN
2023-06-09 13:54:00,41.655,41.675,41.655,41.67,5497.0,CIEN
2023-06-09 13:53:00,41.645,41.66,41.645,41.66,4250.0,CIEN
2023-06-09 13:52:00,41.66,41.66,41.64,41.65,3998.0,CIEN
2023-06-09 13:51:00,41.67,41.67,41.66,41.66,7695.0,CIEN
2023-06-09 13:50:00,41.66,41.68,41.66,41.675,4856.0,CIEN
2023-06-09 13:49:00,41.72,41.72,41.66,41.67,6714.0,CIEN
2023-06-09 13:48:00,41.74,41.745,41.72,41.73,2595.0,CIEN
2023-06-09 13:47:00,41.76,41.76,41.73,41.745,5117.0,CIEN
2023-06-09 13:46:00,41.72,41.76,41.71,41.76,7310.0,CIEN
2023-06-09 13:45:00,41.7,41.73,41.695,41.72,29558.0,CIEN
2023-06-09 13:44:00,41.67,41.71,41.66,41.695,8811.0,CIEN
2023-06-09 13:43:00,41.74,41.74,41.67,41.685,13459.0,CIEN
2023-06-09 13:42:00,41.765,41.77,41.745,41.745,6367.0,CIEN
2023-06-09 13:41:00,41.76,41.78,41.755,41.765,8483.0,CIEN
2023-06-09 13:40:00,41.784,41.784,41.76,41.76,7071.0,CIEN
2023-06-09 13:39:00,41.79,41.79,41.79,41.79,989.0,CIEN
2023-06-09 13:38:00,41.79,41.795,41.79,41.79,716.0,CIEN
2023-06-09 13:37:00,41.82,41.82,41.79,41.79,3832.0,CIEN
2023-06-09 13:36:00,41.78,41.825,41.765,41.825,5285.0,CIEN
2023-06-09 13:35:00,41.84,41.84,41.78,41.78,4183.0,CIEN
2023-06-09 13:34:00,41.86,41.87,41.84,41.849,6903.0,CIEN
2023-06-09 13:33:00,41.855,41.86,41.855,41.86,405.0,CIEN
2023-06-09 13:32:00,41.845,41.87,41.835,41.87,3151.0,CIEN
2023-06-09 13:31:00,41.865,41.87,41.85,41.85,3861.0,CIEN
2023-06-09 13:30:00,41.86,41.87,41.855,41.87,2028.0,CIEN
2023-06-09 13:29:00,41.85,41.865,41.85,41.86,2252.0,CIEN
2023-06-09 13:28:00,41.88,41.88,41.85,41.86,3532.0,CIEN
2023-06-09 13:27:00,41.88,41.88,41.88,41.88,432.0,CIEN
2023-06-09 13:26:00,41.895,41.9,41.875,41.88,3510.0,CIEN
2023-06-09 13:25:00,41.89,41.9,41.88,41.89,2034.0,CIEN
2023-06-09 13:24:00,41.85,41.88,41.85,41.88,1116.0,CIEN
2023-06-09 13:23:00,41.84,41.84,41.83,41.84,1918.0,CIEN
2023-06-09 13:22:00,41.839,41.84,41.83,41.83,1551.0,CIEN
2023-06-09 13:21:00,41.84,41.84,41.83,41.84,5260.0,CIEN
2023-06-09 13:20:00,41.84,41.85,41.84,41.845,1698.0,CIEN
2023-06-09 13:19:00,41.825,41.863,41.825,41.84,4977.0,CIEN
2023-06-09 13:18:00,41.82,41.83,41.82,41.83,1043.0,CIEN
2023-06-09 13:17:00,41.76,41.8,41.76,41.8,4553.0,CIEN
2023-06-09 13:16:00,41.77,41.77,41.75,41.75,1632.0,CIEN
2023-06-09 13:15:00,41.82,41.825,41.785,41.785,3757.0,CIEN
2023-06-09 13:14:00,41.788,41.83,41.788,41.82,4069.0,CIEN
2023-06-09 13:13:00,41.785,41.79,41.77,41.785,1778.0,CIEN
2023-06-09 13:12:00,41.79,41.8,41.78,41.79,5768.0,CIEN
2023-06-09 13:11:00,41.765,41.78,41.765,41.78,3335.0,CIEN
2023-06-09 13:10:00,41.79,41.79,41.767,41.77,4053.0,CIEN
2023-06-09 13:09:00,41.83,41.83,41.79,41.79,2504.0,CIEN
2023-06-09 13:08:00,41.835,41.835,41.83,41.83,1842.0,CIEN
2023-06-09 13:07:00,41.86,41.87,41.835,41.835,3233.0,CIEN
2023-06-09 13:06:00,41.88,41.88,41.86,41.86,2777.0,CIEN
2023-06-09 13:05:00,41.865,41.88,41.86,41.88,1406.0,CIEN
2023-06-09 13:04:00,41.89,41.9,41.87,41.87,4278.0,CIEN
2023-06-09 13:03:00,41.84,41.89,41.84,41.89,4704.0,CIEN
2023-06-09 13:02:00,41.85,41.855,41.84,41.84,3996.0,CIEN
2023-06-09 13:01:00,41.88,41.885,41.855,41.86,6268.0,CIEN
2023-06-09 13:00:00,41.88,41.89,41.88,41.89,562.0,CIEN
2023-06-09 12:59:00,41.89,41.89,41.88,41.89,2541.0,CIEN
2023-06-09 12:58:00,41.89,41.9,41.88,41.895,2394.0,CIEN
2023-06-09 12:57:00,41.865,41.895,41.865,41.895,3686.0,CIEN
2023-06-09 12:56:00,41.855,41.865,41.855,41.865,4724.0,CIEN
2023-06-09 12:55:00,41.843,41.85,41.84,41.85,9377.0,CIEN
2023-06-09 12:54:00,41.85,41.855,41.84,41.85,3772.0,CIEN
2023-06-09 12:53:00,41.85,41.865,41.84,41.85,5807.0,CIEN
2023-06-09 12:52:00,41.82,41.86,41.815,41.85,5357.0,CIEN
2023-06-09 12:51:00,41.82,41.83,41.81,41.81,3789.0,CIEN
2023-06-09 12:50:00,41.84,41.85,41.814,41.82,6404.0,CIEN
2023-06-09 12:49:00,41.834,41.834,41.834,41.834,631.0,CIEN
2023-06-09 12:48:00,41.77,41.84,41.765,41.825,5496.0,CIEN
2023-06-09 12:47:00,41.725,41.76,41.72,41.731,20101.0,CIEN
2023-06-09 12:46:00,41.72,41.725,41.71,41.725,4732.0,CIEN
2023-06-09 12:45:00,41.74,41.74,41.71,41.72,10534.0,CIEN
2023-06-09 12:44:00,41.705,41.77,41.705,41.73,12258.0,CIEN
2023-06-09 12:43:00,41.71,41.73,41.705,41.71,12305.0,CIEN
2023-06-09 12:42:00,41.723,41.74,41.71,41.71,3335.0,CIEN
2023-06-09 12:41:00,41.77,41.77,41.72,41.73,9672.0,CIEN
2023-06-09 12:40:00,41.77,41.79,41.76,41.79,15817.0,CIEN
2023-06-09 12:39:00,41.79,41.79,41.75,41.78,9026.0,CIEN
2023-06-09 12:38:00,41.8,41.8,41.79,41.8,3439.0,CIEN
2023-06-09 12:37:00,41.84,41.84,41.81,41.81,3728.0,CIEN
2023-06-09 12:36:00,41.87,41.875,41.84,41.84,3704.0,CIEN
2023-06-09 12:35:00,41.89,41.89,41.87,41.87,2417.0,CIEN
2023-06-09 12:34:00,41.89,41.89,41.885,41.89,2026.0,CIEN
2023-06-09 12:33:00,41.905,41.91,41.9,41.9,6340.0,CIEN
2023-06-09 12:32:00,41.91,41.92,41.905,41.91,3880.0,CIEN
2023-06-09 12:31:00,41.92,41.93,41.915,41.915,3385.0,CIEN
2023-06-09 12:30:00,41.92,41.92,41.905,41.92,3872.0,CIEN
2023-06-09 12:29:00,41.89,41.92,41.89,41.92,3425.0,CIEN
2023-06-09 12:28:00,41.84,41.9,41.835,41.89,8725.0,CIEN
2023-06-09 12:27:00,41.82,41.84,41.82,41.84,4353.0,CIEN
2023-06-09 12:26:00,41.855,41.855,41.83,41.84,8094.0,CIEN
2023-06-09 12:25:00,41.865,41.88,41.86,41.86,5227.0,CIEN
2023-06-09 12:24:00,41.89,41.898,41.87,41.87,2743.0,CIEN
2023-06-09 12:23:00,41.96,41.96,41.9,41.9,4444.0,CIEN
2023-06-09 12:22:00,41.96,41.96,41.94,41.94,1301.0,CIEN
2023-06-09 12:21:00,41.96,41.98,41.955,41.96,7296.0,CIEN
2023-06-09 12:20:00,41.94,41.96,41.94,41.945,6246.0,CIEN
2023-06-09 12:19:00,41.98,41.98,41.95,41.95,7157.0,CIEN
2023-06-09 12:18:00,41.99,41.995,41.98,41.98,5117.0,CIEN
2023-06-09 12:17:00,41.99,42.0,41.99,41.99,3281.0,CIEN
2023-06-09 12:16:00,41.96,41.98,41.96,41.98,3387.0,CIEN
2023-06-09 12:15:00,41.97,41.97,41.95,41.96,7372.0,CIEN
2023-06-09 12:14:00,41.96,41.98,41.96,41.97,3999.0,CIEN
2023-06-09 12:13:00,41.96,41.97,41.954,41.96,1919.0,CIEN
2023-06-09 12:12:00,41.98,41.98,41.945,41.963,3642.0,CIEN
2023-06-09 12:11:00,41.97,41.99,41.97,41.97,5757.0,CIEN
2023-06-09 12:10:00,41.95,41.98,41.95,41.96,5277.0,CIEN
2023-06-09 12:09:00,41.97,41.98,41.95,41.96,2307.0,CIEN
2023-06-09 12:08:00,41.97,41.97,41.95,41.95,3310.0,CIEN
2023-06-09 12:07:00,41.963,41.98,41.95,41.97,2530.0,CIEN
2023-06-09 12:06:00,41.98,41.99,41.97,41.97,2388.0,CIEN
2023-06-09 12:05:00,41.955,41.98,41.945,41.98,3900.0,CIEN
2023-06-09 12:04:00,41.96,41.96,41.95,41.95,2843.0,CIEN
2023-06-09 12:03:00,41.9,41.955,41.9,41.955,6243.0,CIEN
2023-06-09 12:02:00,41.9,41.9,41.88,41.899,4500.0,CIEN
2023-06-09 12:01:00,41.92,41.94,41.88,41.88,4003.0,CIEN
2023-06-09 12:00:00,41.93,41.94,41.91,41.92,5272.0,CIEN
2023-06-09 11:59:00,41.94,41.95,41.94,41.95,2340.0,CIEN
2023-06-09 11:58:00,41.91,41.93,41.91,41.93,4442.0,CIEN
2023-06-09 11:57:00,41.95,41.95,41.9,41.915,4834.0,CIEN
2023-06-09 11:56:00,41.98,41.99,41.96,41.965,3631.0,CIEN
2023-06-09 11:55:00,42.0,42.0,41.98,41.98,1019.0,CIEN
2023-06-09 11:54:00,42.02,42.02,42.0,42.0,1107.0,CIEN
2023-06-09 11:53:00,42.03,42.055,42.021,42.03,3021.0,CIEN
2023-06-09 11:52:00,42.0,42.025,42.0,42.02,4095.0,CIEN
2023-06-09 11:51:00,42.09,42.09,42.0,42.0,4684.0,CIEN
2023-06-09 11:50:00,42.092,42.12,42.092,42.1,3696.0,CIEN
2023-06-09 11:49:00,42.11,42.115,42.09,42.09,3851.0,CIEN
2023-06-09 11:48:00,42.12,42.12,42.09,42.115,3554.0,CIEN
2023-06-09 11:47:00,42.12,42.12,42.11,42.11,435.0,CIEN
2023-06-09 11:46:00,42.11,42.155,42.1,42.115,13734.0,CIEN
2023-06-09 11:45:00,42.06,42.13,42.06,42.13,8578.0,CIEN
2023-06-09 11:44:00,42.04,42.06,42.03,42.05,5133.0,CIEN
2023-06-09 11:43:00,42.01,42.03,42.01,42.01,6616.0,CIEN
2023-06-09 11:42:00,42.0,42.0,42.0,42.0,1467.0,CIEN
2023-06-09 11:41:00,42.0,42.01,41.995,42.0,2845.0,CIEN
2023-06-09 11:40:00,41.96,42.0,41.96,41.99,3520.0,CIEN
2023-06-09 11:39:00,41.97,41.97,41.94,41.95,5284.0,CIEN
2023-06-09 11:38:00,41.975,41.98,41.965,41.98,3727.0,CIEN
2023-06-09 11:37:00,41.97,41.985,41.95,41.97,7086.0,CIEN
2023-06-09 11:36:00,41.98,41.98,41.965,41.965,2669.0,CIEN
2023-06-09 11:35:00,41.97,41.99,41.97,41.99,1893.0,CIEN
2023-06-09 11:34:00,41.955,41.97,41.94,41.96,4514.0,CIEN
2023-06-09 11:33:00,41.895,41.96,41.895,41.955,5605.0,CIEN
2023-06-09 11:32:00,41.9,41.91,41.895,41.895,2497.0,CIEN
2023-06-09 11:31:00,41.89,41.9,41.85,41.9,10358.0,CIEN
2023-06-09 11:30:00,41.9,41.9,41.87,41.89,12999.0,CIEN
2023-06-09 11:29:00,41.89,41.919,41.883,41.91,8049.0,CIEN
2023-06-09 11:28:00,41.88,41.9,41.875,41.89,5788.0,CIEN
2023-06-09 11:27:00,41.88,41.88,41.84,41.87,8927.0,CIEN
2023-06-09 11:26:00,41.935,41.935,41.88,41.88,5947.0,CIEN
2023-06-09 11:25:00,41.986,41.99,41.91,41.94,8103.0,CIEN
2023-06-09 11:24:00,41.99,41.99,41.95,41.98,3912.0,CIEN
2023-06-09 11:23:00,41.99,41.99,41.95,41.99,4734.0,CIEN
2023-06-09 11:22:00,42.02,42.02,41.98,41.98,4776.0,CIEN
2023-06-09 11:21:00,42.1,42.1,42.02,42.02,3284.0,CIEN
2023-06-09 11:20:00,42.09,42.115,42.086,42.115,3082.0,CIEN
2023-06-09 11:19:00,42.1,42.11,42.1,42.11,1214.0,CIEN
2023-06-09 11:18:00,42.09,42.105,42.09,42.09,3892.0,CIEN
2023-06-09 11:17:00,42.1,42.1,42.07,42.08,6729.0,CIEN
2023-06-09 11:16:00,42.12,42.14,42.11,42.12,10257.0,CIEN
2023-06-09 11:15:00,42.12,42.13,42.11,42.13,7457.0,CIEN
2023-06-09 11:14:00,42.11,42.14,42.097,42.14,2944.0,CIEN
2023-06-09 11:13:00,42.11,42.12,42.07,42.12,6419.0,CIEN
2023-06-09 11:12:00,42.155,42.155,42.12,42.125,2422.0,CIEN
2023-06-09 11:11:00,42.18,42.18,42.14,42.15,1633.0,CIEN
2023-06-09 11:10:00,42.181,42.195,42.18,42.195,993.0,CIEN
2023-06-09 11:09:00,42.2,42.2,42.18,42.18,2812.0,CIEN
2023-06-09 11:08:00,42.19,42.21,42.19,42.2,2267.0,CIEN
2023-06-09 11:07:00,42.173,42.18,42.15,42.18,4048.0,CIEN
2023-06-09 11:06:00,42.14,42.17,42.14,42.17,1611.0,CIEN
2023-06-09 11:05:00,42.11,42.14,42.09,42.14,5268.0,CIEN
2023-06-09 11:04:00,42.11,42.11,42.06,42.081,6295.0,CIEN
2023-06-09 11:03:00,42.125,42.125,42.125,42.125,327.0,CIEN
2023-06-09 11:02:00,42.135,42.15,42.11,42.13,15401.0,CIEN
2023-06-09 11:01:00,42.15,42.15,42.12,42.135,1528.0,CIEN
2023-06-09 11:00:00,42.13,42.17,42.13,42.17,3042.0,CIEN
2023-06-09 10:59:00,42.06,42.14,42.06,42.14,4914.0,CIEN
2023-06-09 10:58:00,42.09,42.09,42.07,42.075,1939.0,CIEN
2023-06-09 10:57:00,42.15,42.15,42.1,42.1,6653.0,CIEN
2023-06-09 10:56:00,42.13,42.165,42.11,42.13,6887.0,CIEN
2023-06-09 10:55:00,42.1,42.1,42.06,42.1,3222.0,CIEN
2023-06-09 10:54:00,42.02,42.11,42.02,42.1,3515.0,CIEN
2023-06-09 10:53:00,42.11,42.11,42.02,42.02,3815.0,CIEN
2023-06-09 10:52:00,42.1,42.12,42.081,42.1,4677.0,CIEN
2023-06-09 10:51:00,42.09,42.11,42.08,42.09,2126.0,CIEN
2023-06-09 10:50:00,42.115,42.115,42.08,42.08,3975.0,CIEN
2023-06-09 10:49:00,42.225,42.225,42.1,42.1,5012.0,CIEN
2023-06-09 10:48:00,42.18,42.21,42.17,42.21,2098.0,CIEN
2023-06-09 10:47:00,42.17,42.2,42.16,42.2,2942.0,CIEN
2023-06-09 10:46:00,42.22,42.22,42.17,42.18,4587.0,CIEN
2023-06-09 10:45:00,42.27,42.27,42.2,42.2,2904.0,CIEN
2023-06-09 10:44:00,42.26,42.28,42.25,42.25,2366.0,CIEN
2023-06-09 10:43:00,42.29,42.29,42.23,42.24,3708.0,CIEN
2023-06-09 10:42:00,42.26,42.29,42.25,42.29,2465.0,CIEN
2023-06-09 10:41:00,42.32,42.32,42.278,42.28,4020.0,CIEN
2023-06-09 10:40:00,42.38,42.38,42.3,42.325,5685.0,CIEN
2023-06-09 10:39:00,42.467,42.475,42.4,42.4,8141.0,CIEN
2023-06-09 10:38:00,42.464,42.475,42.46,42.475,893.0,CIEN
2023-06-09 10:37:00,42.465,42.485,42.465,42.485,1320.0,CIEN
2023-06-09 10:36:00,42.475,42.49,42.455,42.46,5016.0,CIEN
2023-06-09 10:35:00,42.47,42.49,42.46,42.475,12039.0,CIEN
2023-06-09 10:34:00,42.44,42.485,42.44,42.485,4950.0,CIEN
2023-06-09 10:33:00,42.46,42.46,42.39,42.43,9947.0,CIEN
2023-06-09 10:32:00,42.46,42.46,42.44,42.44,6219.0,CIEN
2023-06-09 10:31:00,42.58,42.58,42.48,42.48,4073.0,CIEN
2023-06-09 10:30:00,42.58,42.6,42.575,42.58,2594.0,CIEN
2023-06-09 10:29:00,42.6,42.6,42.556,42.575,8091.0,CIEN
2023-06-09 10:28:00,42.55,42.608,42.55,42.595,3534.0,CIEN
2023-06-09 10:27:00,42.51,42.57,42.51,42.553,8006.0,CIEN
2023-06-09 10:26:00,42.46,42.52,42.46,42.5,5478.0,CIEN
2023-06-09 10:25:00,42.41,42.48,42.405,42.46,6742.0,CIEN
2023-06-09 10:24:00,42.49,42.49,42.43,42.43,7460.0,CIEN
2023-06-09 10:23:00,42.44,42.49,42.415,42.49,18869.0,CIEN
2023-06-09 10:22:00,42.405,42.44,42.395,42.44,2171.0,CIEN
2023-06-09 10:21:00,42.37,42.4,42.36,42.4,6543.0,CIEN
2023-06-09 10:20:00,42.335,42.44,42.33,42.38,12021.0,CIEN
2023-06-09 10:19:00,42.27,42.35,42.27,42.335,8250.0,CIEN
2023-06-09 10:18:00,42.24,42.265,42.22,42.26,7353.0,CIEN
2023-06-09 10:17:00,42.21,42.23,42.2,42.23,5331.0,CIEN
2023-06-09 10:16:00,42.165,42.19,42.15,42.19,3222.0,CIEN
2023-06-09 10:15:00,42.18,42.18,42.16,42.16,1752.0,CIEN
2023-06-09 10:14:00,42.19,42.2,42.185,42.19,2866.0,CIEN
2023-06-09 10:13:00,42.19,42.2,42.18,42.2,2433.0,CIEN
2023-06-09 10:12:00,42.2,42.2,42.16,42.2,4149.0,CIEN
2023-06-09 10:11:00,42.25,42.25,42.17,42.2,6662.0,CIEN
2023-06-09 10:10:00,42.245,42.27,42.24,42.24,3409.0,CIEN
2023-06-09 10:09:00,42.27,42.27,42.24,42.245,4698.0,CIEN
2023-06-09 10:08:00,42.31,42.32,42.26,42.26,2257.0,CIEN
2023-06-09 10:07:00,42.23,42.32,42.23,42.31,7421.0,CIEN
2023-06-09 10:06:00,42.24,42.27,42.21,42.215,8401.0,CIEN
2023-06-09 10:05:00,42.205,42.24,42.19,42.225,4434.0,CIEN
2023-06-09 10:04:00,42.19,42.21,42.19,42.21,3254.0,CIEN
2023-06-09 10:03:00,42.2,42.21,42.18,42.18,8992.0,CIEN
2023-06-09 10:02:00,42.175,42.23,42.175,42.23,4398.0,CIEN
2023-06-09 10:01:00,42.15,42.18,42.125,42.175,6003.0,CIEN
2023-06-09 10:00:00,42.13,42.15,42.1,42.125,5557.0,CIEN
2023-06-09 09:59:00,42.12,42.12,42.08,42.11,2064.0,CIEN
2023-06-09 09:58:00,42.235,42.31,42.18,42.18,6666.0,CIEN
2023-06-09 09:57:00,42.27,42.27,42.21,42.235,3596.0,CIEN
2023-06-09 09:56:00,42.35,42.36,42.27,42.27,3327.0,CIEN
2023-06-09 09:55:00,42.33,42.38,42.33,42.36,2025.0,CIEN
2023-06-09 09:54:00,42.26,42.35,42.26,42.316,3732.0,CIEN
2023-06-09 09:53:00,42.28,42.31,42.26,42.29,5946.0,CIEN
2023-06-09 09:52:00,42.38,42.38,42.32,42.32,3931.0,CIEN
2023-06-09 09:51:00,42.39,42.42,42.38,42.38,2370.0,CIEN
2023-06-09 09:50:00,42.43,42.44,42.38,42.38,2035.0,CIEN
2023-06-09 09:49:00,42.43,42.46,42.36,42.39,2891.0,CIEN
2023-06-09 09:48:00,42.49,42.49,42.4,42.43,5975.0,CIEN
2023-06-09 09:47:00,42.46,42.46,42.46,42.46,972.0,CIEN
2023-06-09 09:46:00,42.46,42.5,42.42,42.49,8976.0,CIEN
2023-06-09 09:45:00,42.43,42.46,42.42,42.42,6334.0,CIEN
2023-06-09 09:44:00,42.52,42.55,42.43,42.43,1661.0,CIEN
2023-06-09 09:43:00,42.58,42.58,42.52,42.55,1654.0,CIEN
2023-06-09 09:42:00,42.55,42.61,42.55,42.61,4101.0,CIEN
2023-06-09 09:41:00,42.63,42.63,42.55,42.58,6400.0,CIEN
2023-06-09 09:40:00,42.52,42.61,42.52,42.606,3526.0,CIEN
2023-06-09 09:39:00,42.52,42.52,42.52,42.52,951.0,CIEN
2023-06-09 09:38:00,42.49,42.56,42.41,42.52,3657.0,CIEN
2023-06-09 09:37:00,42.435,42.52,42.4,42.49,3472.0,CIEN
2023-06-09 09:36:00,42.629,42.63,42.39,42.39,6660.0,CIEN
2023-06-09 09:35:00,42.65,42.7,42.65,42.69,2514.0,CIEN
2023-06-09 09:34:00,42.74,42.75,42.68,42.68,1505.0,CIEN
2023-06-09 09:33:00,42.7,42.75,42.67,42.735,4984.0,CIEN
2023-06-09 09:32:00,42.66,42.72,42.66,42.72,930.0,CIEN
2023-06-09 09:31:00,42.77,42.84,42.72,42.745,2915.0,CIEN
2023-06-09 09:30:00,42.69,42.78,42.69,42.775,15979.0,CIEN
2023-06-09 09:29:00,42.47,42.47,42.47,42.47,20.0,CIEN
2023-06-09 09:08:00,42.32,42.32,42.32,42.32,46.0,CIEN
2023-06-09 08:29:00,42.53,42.53,42.53,42.53,11.0,CIEN
2023-06-09 08:25:00,42.66,42.66,42.66,42.66,1.0,CIEN
2023-06-09 08:01:00,42.322,42.322,42.322,42.322,20.0,CIEN
2023-06-09 08:00:00,42.66,42.66,42.32,42.32,50.0,CIEN
2023-06-09 07:33:00,42.54,42.54,42.54,42.54,24.0,CIEN
2023-06-08 19:31:00,42.54,42.54,42.54,42.54,5.0,CIEN
2023-06-08 19:00:00,42.53,42.53,42.53,42.53,167468.0,CIEN
2023-06-08 18:30:00,42.53,42.53,42.53,42.53,167468.0,CIEN
2023-06-08 18:21:00,42.59,42.59,42.59,42.59,1.0,CIEN
2023-06-08 18:18:00,42.44,42.44,42.44,42.44,10.0,CIEN
2023-06-08 18:14:00,42.78,42.78,42.78,42.78,8.0,CIEN
2023-06-08 17:36:00,42.45,42.46,42.44,42.44,239.0,CIEN
2023-06-08 17:21:00,42.45,42.45,42.45,42.45,43.0,CIEN
2023-06-08 17:07:00,42.44,42.44,42.44,42.44,100.0,CIEN
2023-06-08 17:00:00,42.6,42.6,42.6,42.6,42.0,CIEN
2023-06-08 16:52:00,42.53,42.53,42.53,42.53,86716.0,CIEN
2023-06-08 16:50:00,42.6,42.6,42.6,42.6,300.0,CIEN
2023-06-08 16:41:00,42.6,42.6,42.6,42.6,10.0,CIEN
2023-06-08 16:21:00,42.41,42.42,42.41,42.42,2.0,CIEN
2023-06-08 16:19:00,42.5,42.5,42.5,42.5,60.0,CIEN
2023-06-08 16:10:00,42.53,42.53,42.53,42.53,167468.0,CIEN
2023-06-08 16:06:00,42.412,42.412,42.412,42.412,1.0,CIEN
2023-06-08 16:05:00,43.5,43.5,43.5,43.5,37.0,CIEN
2023-06-08 16:02:00,42.53,42.53,42.53,42.53,35047.0,CIEN
2023-06-08 16:00:00,42.52,42.54,42.52,42.53,355640.0,CIEN
2023-06-08 15:59:00,42.515,42.55,42.505,42.52,57841.0,CIEN
2023-06-08 15:58:00,42.55,42.555,42.51,42.515,46375.0,CIEN
2023-06-08 15:57:00,42.53,42.56,42.5,42.55,39677.0,CIEN
2023-06-08 15:56:00,42.525,42.545,42.52,42.53,17616.0,CIEN
2023-06-08 15:55:00,42.54,42.575,42.52,42.53,22424.0,CIEN
2023-06-08 15:54:00,42.56,42.56,42.5,42.541,28735.0,CIEN
2023-06-08 15:53:00,42.59,42.6,42.55,42.55,15567.0,CIEN
2023-06-08 15:52:00,42.54,42.59,42.54,42.59,11983.0,CIEN
2023-06-08 15:51:00,42.62,42.625,42.52,42.53,21327.0,CIEN
2023-06-08 15:50:00,42.62,42.66,42.6,42.61,25136.0,CIEN
2023-06-08 15:49:00,42.655,42.685,42.62,42.625,13210.0,CIEN
2023-06-08 15:48:00,42.595,42.655,42.591,42.64,65701.0,CIEN
2023-06-08 15:47:00,42.61,42.625,42.565,42.6,27550.0,CIEN
2023-06-08 15:46:00,42.615,42.625,42.61,42.615,22640.0,CIEN
2023-06-08 15:45:00,42.625,42.635,42.61,42.61,13078.0,CIEN
2023-06-08 15:44:00,42.61,42.625,42.595,42.625,10463.0,CIEN
2023-06-08 15:43:00,42.595,42.63,42.595,42.615,8337.0,CIEN
2023-06-08 15:42:00,42.59,42.64,42.59,42.6,10952.0,CIEN
2023-06-08 15:41:00,42.59,42.595,42.57,42.58,9608.0,CIEN
2023-06-08 15:40:00,42.6,42.6,42.575,42.59,59738.0,CIEN
2023-06-08 15:39:00,42.61,42.61,42.56,42.6,10543.0,CIEN
2023-06-08 15:38:00,42.61,42.615,42.6,42.6,22027.0,CIEN
2023-06-08 15:37:00,42.59,42.62,42.58,42.61,31650.0,CIEN
2023-06-08 15:36:00,42.575,42.6,42.57,42.595,18700.0,CIEN
2023-06-08 15:35:00,42.57,42.575,42.56,42.575,2211.0,CIEN
2023-06-08 15:34:00,42.57,42.58,42.57,42.57,1646.0,CIEN
2023-06-08 15:33:00,42.57,42.57,42.54,42.56,7274.0,CIEN
2023-06-08 15:32:00,42.52,42.58,42.52,42.58,4083.0,CIEN
2023-06-08 15:31:00,42.56,42.57,42.52,42.52,4994.0,CIEN
2023-06-08 15:30:00,42.615,42.615,42.551,42.57,6187.0,CIEN
2023-06-08 15:29:00,42.64,42.655,42.62,42.62,8716.0,CIEN
2023-06-08 15:28:00,42.61,42.63,42.61,42.63,3825.0,CIEN
2023-06-08 15:27:00,42.595,42.61,42.595,42.61,2818.0,CIEN
2023-06-08 15:26:00,42.64,42.64,42.6,42.6,4058.0,CIEN
2023-06-08 15:25:00,42.665,42.665,42.645,42.65,4761.0,CIEN
2023-06-08 15:24:00,42.67,42.67,42.645,42.665,14484.0,CIEN
2023-06-08 15:23:00,42.66,42.67,42.655,42.67,3106.0,CIEN
2023-06-08 15:22:00,42.66,42.675,42.66,42.66,7153.0,CIEN
2023-06-08 15:21:00,42.65,42.67,42.64,42.66,6939.0,CIEN
2023-06-08 15:20:00,42.63,42.67,42.63,42.65,25942.0,CIEN
2023-06-08 15:19:00,42.65,42.655,42.62,42.63,7720.0,CIEN
2023-06-08 15:18:00,42.64,42.655,42.63,42.65,5515.0,CIEN
2023-06-08 15:17:00,42.65,42.65,42.65,42.65,2125.0,CIEN
2023-06-08 15:16:00,42.625,42.675,42.62,42.66,8369.0,CIEN
2023-06-08 15:15:00,42.61,42.63,42.6,42.63,2105.0,CIEN
2023-06-08 15:14:00,42.63,42.63,42.605,42.61,2921.0,CIEN
2023-06-08 15:13:00,42.64,42.645,42.63,42.64,3865.0,CIEN
2023-06-08 15:12:00,42.61,42.645,42.61,42.645,4988.0,CIEN
2023-06-08 15:11:00,42.6,42.61,42.59,42.59,734.0,CIEN
2023-06-08 15:10:00,42.615,42.625,42.585,42.6,6029.0,CIEN
2023-06-08 15:09:00,42.585,42.62,42.585,42.61,2891.0,CIEN
2023-06-08 15:08:00,42.59,42.59,42.59,42.59,2901.0,CIEN
2023-06-08 15:07:00,42.58,42.595,42.58,42.595,1495.0,CIEN
2023-06-08 15:06:00,42.52,42.585,42.52,42.58,5776.0,CIEN
2023-06-08 15:05:00,42.52,42.52,42.51,42.51,986.0,CIEN
2023-06-08 15:04:00,42.525,42.525,42.5,42.5,2278.0,CIEN
2023-06-08 15:03:00,42.51,42.53,42.51,42.53,4780.0,CIEN
2023-06-08 15:02:00,42.525,42.535,42.52,42.52,4209.0,CIEN
2023-06-08 15:01:00,42.58,42.58,42.52,42.52,6278.0,CIEN
2023-06-08 15:00:00,42.57,42.585,42.57,42.58,1814.0,CIEN
2023-06-08 14:59:00,42.59,42.59,42.585,42.585,1245.0,CIEN
2023-06-08 14:58:00,42.56,42.59,42.55,42.59,5434.0,CIEN
2023-06-08 14:57:00,42.59,42.6,42.56,42.575,3187.0,CIEN
2023-06-08 14:56:00,42.62,42.63,42.6,42.62,9474.0,CIEN
2023-06-08 14:55:00,42.63,42.64,42.605,42.62,4322.0,CIEN
2023-06-08 14:54:00,42.6,42.635,42.6,42.635,4759.0,CIEN
2023-06-08 14:53:00,42.64,42.64,42.59,42.6,5742.0,CIEN
2023-06-08 14:52:00,42.54,42.62,42.54,42.62,3492.0,CIEN
2023-06-08 14:51:00,42.55,42.55,42.54,42.545,1928.0,CIEN
2023-06-08 14:50:00,42.55,42.56,42.5,42.55,13988.0,CIEN
2023-06-08 14:49:00,42.55,42.57,42.51,42.53,7194.0,CIEN
2023-06-08 14:48:00,42.56,42.565,42.54,42.54,3327.0,CIEN
2023-06-08 14:47:00,42.57,42.575,42.57,42.575,456.0,CIEN
2023-06-08 14:46:00,42.59,42.59,42.56,42.57,7181.0,CIEN
2023-06-08 14:45:00,42.55,42.6,42.55,42.6,3205.0,CIEN
2023-06-08 14:44:00,42.55,42.55,42.5,42.54,10639.0,CIEN
2023-06-08 14:43:00,42.59,42.59,42.55,42.55,7489.0,CIEN
2023-06-08 14:42:00,42.54,42.6,42.54,42.6,4894.0,CIEN
2023-06-08 14:41:00,42.58,42.58,42.53,42.53,5868.0,CIEN
2023-06-08 14:40:00,42.61,42.62,42.56,42.58,9134.0,CIEN
2023-06-08 14:39:00,42.66,42.66,42.6,42.62,122451.0,CIEN
2023-06-08 14:38:00,42.66,42.68,42.63,42.67,23889.0,CIEN
2023-06-08 14:37:00,42.625,42.67,42.615,42.67,25258.0,CIEN
2023-06-08 14:36:00,42.63,42.655,42.625,42.63,15563.0,CIEN
2023-06-08 14:35:00,42.67,42.67,42.64,42.64,4870.0,CIEN
2023-06-08 14:34:00,42.69,42.7,42.67,42.68,6694.0,CIEN
2023-06-08 14:33:00,42.695,42.7,42.67,42.682,4091.0,CIEN
2023-06-08 14:32:00,42.718,42.718,42.69,42.69,1649.0,CIEN
2023-06-08 14:31:00,42.72,42.72,42.7,42.7,8887.0,CIEN
2023-06-08 14:30:00,42.71,42.725,42.71,42.72,5765.0,CIEN
2023-06-08 14:29:00,42.69,42.72,42.69,42.72,2670.0,CIEN
2023-06-08 14:28:00,42.7,42.7,42.68,42.68,1417.0,CIEN
2023-06-08 14:27:00,42.73,42.73,42.7,42.7,5123.0,CIEN
2023-06-08 14:26:00,42.73,42.73,42.73,42.73,231.0,CIEN
2023-06-08 14:25:00,42.74,42.75,42.73,42.74,5352.0,CIEN
2023-06-08 14:24:00,42.73,42.74,42.73,42.73,1154.0,CIEN
2023-06-08 14:23:00,42.74,42.74,42.74,42.74,558.0,CIEN
2023-06-08 14:22:00,42.72,42.75,42.72,42.74,2300.0,CIEN
2023-06-08 14:21:00,42.765,42.765,42.71,42.71,5512.0,CIEN
2023-06-08 14:20:00,42.79,42.79,42.77,42.77,1715.0,CIEN
2023-06-08 14:19:00,42.77,42.795,42.77,42.79,6659.0,CIEN
2023-06-08 14:18:00,42.76,42.76,42.75,42.75,419.0,CIEN
2023-06-08 14:17:00,42.77,42.775,42.755,42.77,3990.0,CIEN
2023-06-08 14:16:00,42.75,42.76,42.75,42.76,724.0,CIEN
2023-06-08 14:15:00,42.74,42.74,42.72,42.74,2517.0,CIEN
2023-06-08 14:14:00,42.74,42.76,42.74,42.75,2426.0,CIEN
2023-06-08 14:13:00,42.753,42.753,42.74,42.75,2272.0,CIEN
2023-06-08 14:12:00,42.74,42.76,42.735,42.76,1296.0,CIEN
2023-06-08 14:11:00,42.71,42.73,42.71,42.73,1224.0,CIEN
2023-06-08 14:10:00,42.73,42.73,42.7,42.71,1857.0,CIEN
2023-06-08 14:09:00,42.77,42.77,42.73,42.73,1885.0,CIEN
2023-06-08 14:08:00,42.79,42.79,42.77,42.77,694.0,CIEN
2023-06-08 14:07:00,42.8,42.81,42.78,42.78,5816.0,CIEN
2023-06-08 14:06:00,42.835,42.843,42.8,42.8,4489.0,CIEN
2023-06-08 14:05:00,42.8,42.815,42.79,42.81,27203.0,CIEN
2023-06-08 14:04:00,42.79,42.795,42.79,42.795,1167.0,CIEN
2023-06-08 14:03:00,42.77,42.79,42.77,42.785,2400.0,CIEN
2023-06-08 14:02:00,42.76,42.78,42.76,42.78,1562.0,CIEN
2023-06-08 14:01:00,42.76,42.785,42.76,42.766,1602.0,CIEN
2023-06-08 14:00:00,42.8,42.8,42.77,42.77,1416.0,CIEN
2023-06-08 13:59:00,42.8,42.81,42.79,42.79,3534.0,CIEN
2023-06-08 13:58:00,42.84,42.84,42.8,42.8,2913.0,CIEN
2023-06-08 13:57:00,42.84,42.84,42.83,42.84,3247.0,CIEN
2023-06-08 13:56:00,42.85,42.86,42.84,42.84,6400.0,CIEN
2023-06-08 13:55:00,42.78,42.83,42.78,42.83,2984.0,CIEN
2023-06-08 13:54:00,42.76,42.775,42.76,42.775,940.0,CIEN
2023-06-08 13:53:00,42.71,42.76,42.71,42.76,2071.0,CIEN
2023-06-08 13:52:00,42.71,42.72,42.705,42.71,4157.0,CIEN
2023-06-08 13:51:00,42.7,42.71,42.7,42.71,2037.0,CIEN
2023-06-08 13:50:00,42.695,42.7,42.69,42.69,1401.0,CIEN
2023-06-08 13:49:00,42.7,42.7,42.665,42.69,6763.0,CIEN
2023-06-08 13:48:00,42.71,42.71,42.695,42.695,1215.0,CIEN
2023-06-08 13:47:00,42.71,42.71,42.7,42.7,1234.0,CIEN
2023-06-08 13:46:00,42.74,42.74,42.72,42.72,3103.0,CIEN
2023-06-08 13:45:00,42.76,42.76,42.74,42.75,2346.0,CIEN
2023-06-08 13:44:00,42.8,42.8,42.77,42.77,2663.0,CIEN
2023-06-08 13:43:00,42.84,42.84,42.8,42.8,2574.0,CIEN
2023-06-08 13:42:00,42.86,42.86,42.831,42.85,2319.0,CIEN
2023-06-08 13:41:00,42.84,42.85,42.84,42.85,1246.0,CIEN
2023-06-08 13:40:00,42.83,42.84,42.83,42.84,2245.0,CIEN
2023-06-08 13:39:00,42.86,42.86,42.83,42.835,1145.0,CIEN
2023-06-08 13:38:00,42.87,42.87,42.85,42.865,1499.0,CIEN
2023-06-08 13:37:00,42.875,42.895,42.86,42.88,6604.0,CIEN
2023-06-08 13:36:00,42.86,42.88,42.86,42.875,1845.0,CIEN
2023-06-08 13:35:00,42.8,42.85,42.8,42.85,2804.0,CIEN
2023-06-08 13:34:00,42.86,42.86,42.82,42.82,2290.0,CIEN
2023-06-08 13:33:00,42.86,42.87,42.85,42.87,3815.0,CIEN
2023-06-08 13:32:00,42.86,42.87,42.86,42.87,499.0,CIEN
2023-06-08 13:30:00,42.84,42.86,42.82,42.86,1924.0,CIEN
2023-06-08 13:29:00,42.87,42.87,42.86,42.86,658.0,CIEN
2023-06-08 13:28:00,42.9,42.92,42.88,42.88,7748.0,CIEN
2023-06-08 13:27:00,42.86,42.91,42.86,42.91,28028.0,CIEN
2023-06-08 13:26:00,42.86,42.86,42.86,42.86,3351.0,CIEN
2023-06-08 13:25:00,42.825,42.87,42.825,42.87,1896.0,CIEN
2023-06-08 13:24:00,42.84,42.84,42.81,42.82,2137.0,CIEN
2023-06-08 13:23:00,42.78,42.825,42.78,42.825,2153.0,CIEN
2023-06-08 13:22:00,42.83,42.83,42.8,42.8,2233.0,CIEN
2023-06-08 13:21:00,42.85,42.86,42.85,42.86,976.0,CIEN
2023-06-08 13:20:00,42.865,42.88,42.85,42.85,5085.0,CIEN
2023-06-08 13:19:00,42.83,42.865,42.824,42.865,3277.0,CIEN
2023-06-08 13:18:00,42.83,42.83,42.83,42.83,381.0,CIEN
2023-06-08 13:17:00,42.85,42.852,42.82,42.82,3749.0,CIEN
2023-06-08 13:16:00,42.834,42.84,42.83,42.84,7830.0,CIEN
2023-06-08 13:15:00,42.84,42.86,42.835,42.835,8475.0,CIEN
2023-06-08 13:14:00,42.85,42.86,42.85,42.85,3678.0,CIEN
2023-06-08 13:13:00,42.86,42.86,42.86,42.86,792.0,CIEN
2023-06-08 13:12:00,42.88,42.88,42.865,42.865,1026.0,CIEN
2023-06-08 13:11:00,42.88,42.9,42.87,42.9,2297.0,CIEN
2023-06-08 13:10:00,42.952,42.955,42.88,42.885,5016.0,CIEN
2023-06-08 13:09:00,42.92,42.97,42.92,42.94,4192.0,CIEN
2023-06-08 13:08:00,42.89,42.93,42.89,42.92,10576.0,CIEN
2023-06-08 13:07:00,42.82,42.88,42.82,42.88,12841.0,CIEN
2023-06-08 13:06:00,42.79,42.83,42.79,42.83,4736.0,CIEN
2023-06-08 13:05:00,42.79,42.79,42.78,42.79,1318.0,CIEN
2023-06-08 13:04:00,42.745,42.785,42.74,42.77,12767.0,CIEN
2023-06-08 13:03:00,42.72,42.75,42.72,42.745,14623.0,CIEN
2023-06-08 13:02:00,42.7,42.735,42.7,42.735,3678.0,CIEN
2023-06-08 13:01:00,42.69,42.71,42.69,42.7,14338.0,CIEN
2023-06-08 13:00:00,42.74,42.74,42.7,42.705,4997.0,CIEN
2023-06-08 12:59:00,42.745,42.745,42.74,42.74,850.0,CIEN
2023-06-08 12:58:00,42.77,42.77,42.74,42.745,3861.0,CIEN
2023-06-08 12:57:00,42.77,42.78,42.76,42.775,2577.0,CIEN
2023-06-08 12:56:00,42.8,42.8,42.76,42.762,4141.0,CIEN
2023-06-08 12:55:00,42.79,42.81,42.79,42.81,2177.0,CIEN
2023-06-08 12:54:00,42.76,42.8,42.76,42.79,7574.0,CIEN
2023-06-08 12:53:00,42.76,42.77,42.76,42.762,754.0,CIEN
2023-06-08 12:52:00,42.755,42.79,42.755,42.77,5829.0,CIEN
2023-06-08 12:51:00,42.76,42.76,42.74,42.74,405.0,CIEN
2023-06-08 12:50:00,42.78,42.78,42.76,42.76,3085.0,CIEN
2023-06-08 12:49:00,42.73,42.775,42.71,42.77,11150.0,CIEN
2023-06-08 12:48:00,42.74,42.76,42.74,42.745,7805.0,CIEN
2023-06-08 12:47:00,42.74,42.75,42.72,42.74,1699.0,CIEN
2023-06-08 12:46:00,42.735,42.74,42.735,42.74,809.0,CIEN
2023-06-08 12:45:00,42.775,42.775,42.75,42.76,1844.0,CIEN
2023-06-08 12:44:00,42.79,42.79,42.75,42.76,5454.0,CIEN
2023-06-08 12:43:00,42.78,42.78,42.76,42.78,3468.0,CIEN
2023-06-08 12:42:00,42.76,42.77,42.76,42.77,933.0,CIEN
2023-06-08 12:41:00,42.74,42.76,42.74,42.76,882.0,CIEN
2023-06-08 12:40:00,42.75,42.78,42.72,42.743,8122.0,CIEN
2023-06-08 12:39:00,42.76,42.77,42.735,42.735,4597.0,CIEN
2023-06-08 12:38:00,42.71,42.78,42.7,42.77,7162.0,CIEN
2023-06-08 12:37:00,42.74,42.74,42.67,42.68,6087.0,CIEN
2023-06-08 12:36:00,42.78,42.78,42.75,42.75,2391.0,CIEN
2023-06-08 12:35:00,42.78,42.78,42.77,42.78,3184.0,CIEN
2023-06-08 12:34:00,42.7,42.78,42.7,42.78,8430.0,CIEN
2023-06-08 12:33:00,42.73,42.74,42.707,42.707,1941.0,CIEN
2023-06-08 12:32:00,42.745,42.77,42.745,42.745,4983.0,CIEN
2023-06-08 12:31:00,42.77,42.77,42.75,42.75,1639.0,CIEN
2023-06-08 12:30:00,42.71,42.76,42.68,42.76,14604.0,CIEN
2023-06-08 12:29:00,42.7,42.73,42.7,42.715,2700.0,CIEN
2023-06-08 12:28:00,42.675,42.69,42.675,42.69,852.0,CIEN
2023-06-08 12:27:00,42.66,42.68,42.66,42.675,2412.0,CIEN
2023-06-08 12:26:00,42.65,42.65,42.64,42.65,2372.0,CIEN
2023-06-08 12:25:00,42.7,42.7,42.651,42.651,2459.0,CIEN
2023-06-08 12:24:00,42.69,42.7,42.67,42.7,1654.0,CIEN
2023-06-08 12:23:00,42.7,42.72,42.69,42.69,3399.0,CIEN
2023-06-08 12:22:00,42.71,42.71,42.66,42.7,7805.0,CIEN
2023-06-08 12:21:00,42.63,42.71,42.63,42.705,3704.0,CIEN
2023-06-08 12:20:00,42.6,42.62,42.6,42.62,3846.0,CIEN
2023-06-08 12:19:00,42.58,42.605,42.58,42.6,5456.0,CIEN
2023-06-08 12:18:00,42.59,42.59,42.56,42.58,4765.0,CIEN
2023-06-08 12:17:00,42.59,42.59,42.58,42.59,728.0,CIEN
2023-06-08 12:16:00,42.55,42.58,42.535,42.58,6449.0,CIEN
2023-06-08 12:15:00,42.52,42.53,42.52,42.53,1934.0,CIEN
2023-06-08 12:14:00,42.53,42.545,42.53,42.53,2573.0,CIEN
2023-06-08 12:13:00,42.52,42.55,42.52,42.53,2866.0,CIEN
2023-06-08 12:12:00,42.5,42.51,42.49,42.51,4404.0,CIEN
2023-06-08 12:11:00,42.515,42.515,42.515,42.515,401.0,CIEN
2023-06-08 12:10:00,42.49,42.53,42.49,42.505,1884.0,CIEN
2023-06-08 12:09:00,42.49,42.49,42.47,42.49,1803.0,CIEN
2023-06-08 12:08:00,42.46,42.5,42.445,42.49,11833.0,CIEN
2023-06-08 12:07:00,42.42,42.45,42.35,42.45,5777.0,CIEN
2023-06-08 12:06:00,42.44,42.47,42.44,42.458,2913.0,CIEN
2023-06-08 12:05:00,42.425,42.465,42.425,42.44,3087.0,CIEN
2023-06-08 12:04:00,42.44,42.44,42.42,42.425,2998.0,CIEN
2023-06-08 12:03:00,42.42,42.43,42.42,42.43,1993.0,CIEN
2023-06-08 12:02:00,42.375,42.42,42.37,42.42,8338.0,CIEN
2023-06-08 12:01:00,42.43,42.44,42.375,42.375,5359.0,CIEN
2023-06-08 12:00:00,42.47,42.49,42.44,42.44,3579.0,CIEN
2023-06-08 11:59:00,42.55,42.55,42.47,42.47,4659.0,CIEN
2023-06-08 11:58:00,42.565,42.58,42.56,42.56,4043.0,CIEN
2023-06-08 11:57:00,42.54,42.56,42.54,42.555,2945.0,CIEN
2023-06-08 11:56:00,42.55,42.555,42.54,42.54,1424.0,CIEN
2023-06-08 11:55:00,42.53,42.54,42.51,42.535,2645.0,CIEN
2023-06-08 11:54:00,42.55,42.56,42.53,42.53,1438.0,CIEN
2023-06-08 11:53:00,42.63,42.63,42.57,42.57,2980.0,CIEN
2023-06-08 11:52:00,42.64,42.64,42.62,42.63,13092.0,CIEN
2023-06-08 11:51:00,42.61,42.645,42.61,42.63,3179.0,CIEN
2023-06-08 11:50:00,42.615,42.615,42.588,42.588,1855.0,CIEN
2023-06-08 11:49:00,42.635,42.635,42.62,42.62,1635.0,CIEN
2023-06-08 11:48:00,42.675,42.675,42.62,42.62,4354.0,CIEN
2023-06-08 11:47:00,42.68,42.68,42.641,42.675,5888.0,CIEN
2023-06-08 11:46:00,42.65,42.68,42.65,42.68,7233.0,CIEN
2023-06-08 11:45:00,42.585,42.66,42.585,42.66,3621.0,CIEN
2023-06-08 11:44:00,42.59,42.595,42.59,42.595,896.0,CIEN
2023-06-08 11:43:00,42.6,42.61,42.595,42.6,2066.0,CIEN
2023-06-08 11:42:00,42.655,42.655,42.61,42.61,3135.0,CIEN
2023-06-08 11:41:00,42.66,42.66,42.65,42.655,1514.0,CIEN
2023-06-08 11:40:00,42.65,42.66,42.64,42.66,3837.0,CIEN
2023-06-08 11:39:00,42.62,42.64,42.6,42.64,5381.0,CIEN
2023-06-08 11:38:00,42.53,42.61,42.53,42.61,6674.0,CIEN
2023-06-08 11:37:00,42.525,42.54,42.51,42.54,3639.0,CIEN
2023-06-08 11:36:00,42.595,42.595,42.535,42.535,1706.0,CIEN
2023-06-08 11:35:00,42.66,42.66,42.57,42.57,1941.0,CIEN
2023-06-08 11:34:00,42.68,42.68,42.675,42.675,769.0,CIEN
2023-06-08 11:33:00,42.74,42.74,42.71,42.71,2136.0,CIEN
2023-06-08 11:32:00,42.735,42.75,42.73,42.745,2731.0,CIEN
2023-06-08 11:31:00,42.74,42.77,42.74,42.74,2963.0,CIEN
2023-06-08 11:30:00,42.74,42.77,42.73,42.755,2655.0,CIEN
2023-06-08 11:29:00,42.75,42.77,42.73,42.74,4409.0,CIEN
2023-06-08 11:28:00,42.735,42.76,42.731,42.76,2657.0,CIEN
2023-06-08 11:27:00,42.74,42.765,42.735,42.735,3721.0,CIEN
2023-06-08 11:26:00,42.725,42.745,42.725,42.739,2920.0,CIEN
2023-06-08 11:25:00,42.75,42.75,42.73,42.73,1976.0,CIEN
2023-06-08 11:24:00,42.74,42.75,42.74,42.74,1959.0,CIEN
2023-06-08 11:23:00,42.72,42.75,42.72,42.75,860.0,CIEN
2023-06-08 11:22:00,42.73,42.75,42.73,42.745,1774.0,CIEN
2023-06-08 11:21:00,42.72,42.759,42.72,42.73,6533.0,CIEN
2023-06-08 11:20:00,42.68,42.71,42.67,42.71,4066.0,CIEN
2023-06-08 11:19:00,42.655,42.655,42.655,42.655,943.0,CIEN
2023-06-08 11:18:00,42.725,42.725,42.649,42.649,2420.0,CIEN
2023-06-08 11:17:00,42.74,42.758,42.72,42.72,3628.0,CIEN
2023-06-08 11:16:00,42.79,42.79,42.72,42.722,9391.0,CIEN
2023-06-08 11:15:00,42.788,42.81,42.788,42.79,4757.0,CIEN
2023-06-08 11:14:00,42.84,42.84,42.79,42.8,3945.0,CIEN
2023-06-08 11:13:00,42.89,42.89,42.84,42.86,4066.0,CIEN
2023-06-08 11:12:00,42.91,42.91,42.888,42.888,3600.0,CIEN
2023-06-08 11:11:00,42.89,42.91,42.89,42.91,2800.0,CIEN
2023-06-08 11:10:00,42.905,42.905,42.88,42.88,11889.0,CIEN
2023-06-08 11:09:00,42.88,42.91,42.87,42.91,6422.0,CIEN
2023-06-08 11:08:00,42.87,42.88,42.86,42.88,2200.0,CIEN
2023-06-08 11:07:00,42.85,42.885,42.85,42.87,7404.0,CIEN
2023-06-08 11:06:00,42.81,42.87,42.802,42.87,6011.0,CIEN
2023-06-08 11:05:00,42.785,42.8,42.785,42.79,2078.0,CIEN
2023-06-08 11:04:00,42.79,42.81,42.78,42.78,1311.0,CIEN
2023-06-08 11:03:00,42.78,42.81,42.78,42.8,1171.0,CIEN
2023-06-08 11:02:00,42.76,42.77,42.74,42.77,2491.0,CIEN
2023-06-08 11:01:00,42.78,42.78,42.76,42.76,1505.0,CIEN
2023-06-08 11:00:00,42.78,42.785,42.76,42.78,2241.0,CIEN
2023-06-08 10:59:00,42.79,42.79,42.755,42.78,2637.0,CIEN
2023-06-08 10:58:00,42.755,42.79,42.75,42.79,3445.0,CIEN
2023-06-08 10:57:00,42.76,42.765,42.73,42.75,3610.0,CIEN
2023-06-08 10:56:00,42.765,42.765,42.74,42.75,3372.0,CIEN
2023-06-08 10:55:00,42.725,42.765,42.725,42.765,2894.0,CIEN
2023-06-08 10:54:00,42.785,42.785,42.725,42.725,2000.0,CIEN
2023-06-08 10:53:00,42.76,42.775,42.76,42.77,2790.0,CIEN
2023-06-08 10:52:00,42.73,42.76,42.73,42.76,2076.0,CIEN
2023-06-08 10:51:00,42.75,42.76,42.71,42.71,2349.0,CIEN
2023-06-08 10:50:00,42.71,42.79,42.7,42.765,7589.0,CIEN
2023-06-08 10:49:00,42.7,42.7,42.7,42.7,315.0,CIEN
2023-06-08 10:48:00,42.72,42.72,42.645,42.7,6373.0,CIEN
2023-06-08 10:47:00,42.73,42.73,42.73,42.73,1754.0,CIEN
2023-06-08 10:46:00,42.74,42.75,42.73,42.75,2599.0,CIEN
2023-06-08 10:45:00,42.74,42.77,42.74,42.75,3384.0,CIEN
2023-06-08 10:44:00,42.735,42.735,42.695,42.71,2176.0,CIEN
2023-06-08 10:43:00,42.66,42.72,42.64,42.72,5055.0,CIEN
2023-06-08 10:42:00,42.71,42.715,42.68,42.68,2732.0,CIEN
2023-06-08 10:41:00,42.75,42.78,42.65,42.7,18372.0,CIEN
2023-06-08 10:40:00,42.75,42.75,42.74,42.75,25107.0,CIEN
2023-06-08 10:39:00,42.73,42.76,42.72,42.75,7226.0,CIEN
2023-06-08 10:38:00,42.755,42.755,42.72,42.731,9101.0,CIEN
2023-06-08 10:37:00,42.784,42.795,42.75,42.75,3216.0,CIEN
2023-06-08 10:36:00,42.84,42.84,42.73,42.775,4819.0,CIEN
2023-06-08 10:35:00,42.78,42.84,42.78,42.84,5247.0,CIEN
2023-06-08 10:34:00,42.785,42.8,42.76,42.76,2651.0,CIEN
2023-06-08 10:33:00,42.8,42.8,42.76,42.785,9281.0,CIEN
2023-06-08 10:32:00,42.69,42.78,42.69,42.78,12767.0,CIEN
2023-06-08 10:31:00,42.63,42.675,42.63,42.675,2659.0,CIEN
2023-06-08 10:30:00,42.63,42.7,42.62,42.64,14920.0,CIEN
2023-06-08 10:29:00,42.625,42.625,42.61,42.61,5445.0,CIEN
2023-06-08 10:28:00,42.56,42.64,42.55,42.62,6066.0,CIEN
2023-06-08 10:27:00,42.59,42.62,42.53,42.53,3471.0,CIEN
2023-06-08 10:26:00,42.55,42.67,42.54,42.61,6170.0,CIEN
2023-06-08 10:25:00,42.61,42.61,42.52,42.52,7771.0,CIEN
2023-06-08 10:24:00,42.62,42.66,42.59,42.61,13728.0,CIEN
2023-06-08 10:23:00,42.51,42.61,42.51,42.61,4634.0,CIEN
2023-06-08 10:22:00,42.455,42.49,42.44,42.49,8131.0,CIEN
2023-06-08 10:21:00,42.45,42.469,42.44,42.44,5347.0,CIEN
2023-06-08 10:20:00,42.48,42.49,42.45,42.46,6459.0,CIEN
2023-06-08 10:19:00,42.4,42.47,42.4,42.45,6289.0,CIEN
2023-06-08 10:18:00,42.415,42.415,42.38,42.41,2758.0,CIEN
2023-06-08 10:17:00,42.42,42.43,42.42,42.42,2343.0,CIEN
2023-06-08 10:16:00,42.46,42.46,42.41,42.41,2367.0,CIEN
2023-06-08 10:15:00,42.48,42.527,42.445,42.46,7956.0,CIEN
2023-06-08 10:14:00,42.48,42.48,42.415,42.475,5227.0,CIEN
2023-06-08 10:13:00,42.4,42.51,42.38,42.49,6617.0,CIEN
2023-06-08 10:12:00,42.315,42.41,42.31,42.41,13129.0,CIEN
2023-06-08 10:11:00,42.29,42.32,42.29,42.31,3765.0,CIEN
2023-06-08 10:10:00,42.29,42.29,42.26,42.275,3635.0,CIEN
2023-06-08 10:09:00,42.23,42.27,42.23,42.27,10219.0,CIEN
2023-06-08 10:08:00,42.24,42.25,42.23,42.245,5730.0,CIEN
2023-06-08 10:07:00,42.235,42.25,42.225,42.24,7621.0,CIEN
2023-06-08 10:06:00,42.27,42.295,42.21,42.25,6989.0,CIEN
2023-06-08 10:05:00,42.25,42.3,42.24,42.27,16240.0,CIEN
2023-06-08 10:04:00,42.28,42.28,42.255,42.26,1596.0,CIEN
2023-06-08 10:03:00,42.27,42.295,42.245,42.28,4188.0,CIEN
2023-06-08 10:02:00,42.245,42.31,42.24,42.285,3684.0,CIEN
2023-06-08 10:01:00,42.3,42.3,42.235,42.245,9446.0,CIEN
2023-06-08 10:00:00,42.245,42.29,42.23,42.29,7941.0,CIEN
2023-06-08 09:59:00,42.25,42.25,42.245,42.245,2664.0,CIEN
2023-06-08 09:58:00,42.214,42.29,42.21,42.25,3375.0,CIEN
2023-06-08 09:57:00,42.08,42.18,42.05,42.18,8140.0,CIEN
2023-06-08 09:56:00,42.041,42.06,41.97,42.06,4402.0,CIEN
2023-06-08 09:55:00,42.0,42.02,41.969,41.99,4692.0,CIEN
2023-06-08 09:54:00,41.97,42.04,41.94,41.96,9124.0,CIEN
2023-06-08 09:53:00,42.06,42.06,41.96,41.96,27118.0,CIEN
2023-06-08 09:52:00,42.12,42.14,42.07,42.092,4816.0,CIEN
2023-06-08 09:51:00,42.13,42.13,42.06,42.095,5193.0,CIEN
2023-06-08 09:50:00,42.24,42.26,42.04,42.16,9636.0,CIEN
2023-06-08 09:49:00,42.205,42.23,42.2,42.23,1433.0,CIEN
2023-06-08 09:48:00,42.2,42.21,42.16,42.2,3376.0,CIEN
2023-06-08 09:47:00,42.285,42.301,42.18,42.21,6758.0,CIEN
2023-06-08 09:46:00,42.445,42.48,42.21,42.31,19103.0,CIEN
2023-06-08 09:45:00,42.53,42.53,42.39,42.46,7687.0,CIEN
2023-06-08 09:44:00,42.73,42.73,42.56,42.594,8261.0,CIEN
2023-06-08 09:43:00,42.58,42.68,42.58,42.68,1565.0,CIEN
2023-06-08 09:42:00,42.66,42.69,42.6,42.6,3151.0,CIEN
2023-06-08 09:41:00,42.54,42.64,42.52,42.64,6050.0,CIEN
2023-06-08 09:40:00,42.51,42.57,42.46,42.52,6246.0,CIEN
2023-06-08 09:39:00,42.64,42.64,42.53,42.56,9121.0,CIEN
2023-06-08 09:38:00,42.73,42.76,42.64,42.7,7069.0,CIEN
2023-06-08 09:37:00,42.84,42.87,42.73,42.74,5203.0,CIEN
2023-06-08 09:36:00,42.843,42.855,42.8,42.85,2788.0,CIEN
2023-06-08 09:35:00,42.91,42.995,42.8,42.8,15389.0,CIEN
2023-06-08 09:34:00,42.87,42.93,42.83,42.83,2746.0,CIEN
2023-06-08 09:33:00,42.94,42.985,42.87,42.87,1122.0,CIEN
2023-06-08 09:32:00,43.0,43.0,42.91,42.91,1203.0,CIEN
2023-06-08 09:31:00,43.25,43.25,43.0,43.005,731.0,CIEN
2023-06-08 09:30:00,42.96,43.08,42.89,43.08,15429.0,CIEN
2023-06-08 09:22:00,43.27,43.28,43.27,43.28,100.0,CIEN
2023-06-08 09:18:00,43.28,43.28,43.28,43.28,30.0,CIEN
2023-06-08 09:15:00,43.01,43.01,43.01,43.01,100.0,CIEN
2023-06-08 09:11:00,43.02,43.02,43.02,43.02,8.0,CIEN
2023-06-08 08:59:00,43.02,43.02,43.02,43.02,5.0,CIEN
2023-06-08 08:36:00,42.99,43.0,42.99,43.0,112.0,CIEN
2023-06-08 08:29:00,42.96,42.96,42.91,42.91,350.0,CIEN
2023-06-08 08:28:00,42.96,42.96,42.95,42.95,51.0,CIEN
2023-06-08 08:25:00,42.56,42.56,42.56,42.56,58.0,CIEN
2023-06-08 08:01:00,44.199,44.199,42.202,42.202,34.0,CIEN
2023-06-08 08:00:00,42.271,42.271,42.271,42.271,250.0,CIEN
2023-06-08 07:04:00,43.3,43.3,43.28,43.28,17.0,CIEN
2023-06-08 07:00:00,43.45,43.46,43.45,43.46,19.0,CIEN
2023-06-08 05:35:00,43.27,43.28,43.27,43.28,3.0,CIEN
2023-06-07 19:47:00,43.11,43.11,43.11,43.11,40.0,CIEN
2023-06-07 19:11:00,43.1,43.1,43.1,43.1,135.0,CIEN
2023-06-07 19:10:00,42.93,42.93,42.93,42.93,15.0,CIEN
2023-06-07 19:06:00,43.07,43.1,43.07,43.1,100.0,CIEN
2023-06-07 19:00:00,43.28,43.28,43.28,43.28,196166.0,CIEN
2023-06-07 18:54:00,43.0,43.0,43.0,43.0,81.0,CIEN
2023-06-07 18:34:00,42.91,42.91,42.91,42.91,10.0,CIEN
2023-06-07 18:30:00,43.28,43.28,43.28,43.28,196166.0,CIEN
2023-06-07 18:02:00,42.91,42.91,42.91,42.91,133.0,CIEN
2023-06-07 17:49:00,42.94,42.94,42.92,42.92,200.0,CIEN
2023-06-07 17:46:00,42.91,42.91,42.91,42.91,25.0,CIEN
2023-06-07 17:36:00,43.1,43.1,43.1,43.1,10.0,CIEN
2023-06-07 17:34:00,42.91,42.91,42.91,42.91,1.0,CIEN
2023-06-07 17:21:00,43.1,43.1,43.1,43.1,25.0,CIEN
2023-06-07 17:19:00,42.92,42.92,42.92,42.92,50.0,CIEN
2023-06-07 17:04:00,42.912,42.912,42.912,42.912,50.0,CIEN
2023-06-07 16:34:00,43.0,43.0,43.0,43.0,919.0,CIEN
2023-06-07 16:28:00,42.77,42.77,42.77,42.77,180.0,CIEN
2023-06-07 16:20:00,43.28,43.28,43.28,43.28,1720.0,CIEN
2023-06-07 16:18:00,43.0,43.0,42.78,42.79,669.0,CIEN
2023-06-07 16:10:00,43.28,43.28,43.28,43.28,196166.0,CIEN
2023-06-07 16:08:00,43.15,43.15,43.0,43.0,5.0,CIEN
2023-06-07 16:00:00,43.275,43.28,43.275,43.28,392568.0,CIEN
2023-06-07 15:59:00,43.3,43.3,43.27,43.275,62628.0,CIEN
2023-06-07 15:58:00,43.295,43.3,43.29,43.295,53290.0,CIEN
2023-06-07 15:57:00,43.265,43.3,43.265,43.295,36721.0,CIEN
2023-06-07 15:56:00,43.25,43.27,43.245,43.265,26143.0,CIEN
2023-06-07 15:55:00,43.26,43.285,43.23,43.25,28183.0,CIEN
2023-06-07 15:54:00,43.305,43.325,43.25,43.255,36062.0,CIEN
2023-06-07 15:53:00,43.275,43.31,43.275,43.305,23693.0,CIEN
2023-06-07 15:52:00,43.275,43.28,43.27,43.27,12113.0,CIEN
2023-06-07 15:51:00,43.225,43.28,43.22,43.275,23530.0,CIEN
2023-06-07 15:50:00,43.17,43.28,43.165,43.23,46797.0,CIEN
2023-06-07 15:49:00,43.14,43.17,43.135,43.165,11828.0,CIEN
2023-06-07 15:48:00,43.15,43.155,43.1,43.13,20622.0,CIEN
2023-06-07 15:47:00,43.115,43.16,43.11,43.155,28613.0,CIEN
2023-06-07 15:46:00,43.14,43.145,43.11,43.11,16037.0,CIEN
2023-06-07 15:45:00,43.18,43.212,43.14,43.14,19805.0,CIEN
2023-06-07 15:44:00,43.19,43.205,43.18,43.18,6860.0,CIEN
2023-06-07 15:43:00,43.19,43.19,43.15,43.18,14730.0,CIEN
2023-06-07 15:42:00,43.2,43.21,43.19,43.19,9965.0,CIEN
2023-06-07 15:41:00,43.19,43.22,43.19,43.205,9546.0,CIEN
2023-06-07 15:40:00,43.245,43.245,43.18,43.19,9253.0,CIEN
2023-06-07 15:39:00,43.255,43.26,43.24,43.24,5745.0,CIEN
2023-06-07 15:38:00,43.26,43.275,43.25,43.255,4526.0,CIEN
2023-06-07 15:37:00,43.31,43.31,43.24,43.25,13941.0,CIEN
2023-06-07 15:36:00,43.32,43.32,43.305,43.31,3644.0,CIEN
2023-06-07 15:35:00,43.27,43.32,43.27,43.32,13396.0,CIEN
2023-06-07 15:34:00,43.295,43.295,43.28,43.28,8085.0,CIEN
2023-06-07 15:33:00,43.355,43.355,43.29,43.295,8472.0,CIEN
2023-06-07 15:32:00,43.34,43.37,43.34,43.35,10123.0,CIEN
2023-06-07 15:31:00,43.32,43.34,43.31,43.335,10964.0,CIEN
2023-06-07 15:30:00,43.37,43.37,43.3,43.31,10351.0,CIEN
2023-06-07 15:29:00,43.355,43.38,43.355,43.37,4978.0,CIEN
2023-06-07 15:28:00,43.31,43.35,43.27,43.35,12744.0,CIEN
2023-06-07 15:27:00,43.325,43.325,43.31,43.315,3482.0,CIEN
2023-06-07 15:26:00,43.39,43.39,43.325,43.325,4526.0,CIEN
2023-06-07 15:25:00,43.445,43.46,43.41,43.418,11796.0,CIEN
2023-06-07 15:24:00,43.425,43.48,43.425,43.445,8470.0,CIEN
2023-06-07 15:23:00,43.38,43.44,43.38,43.43,6246.0,CIEN
2023-06-07 15:22:00,43.395,43.4,43.33,43.37,15083.0,CIEN
2023-06-07 15:21:00,43.4,43.405,43.391,43.395,6164.0,CIEN
2023-06-07 15:20:00,43.415,43.42,43.4,43.405,6889.0,CIEN
2023-06-07 15:19:00,43.43,43.43,43.41,43.415,7989.0,CIEN
2023-06-07 15:18:00,43.43,43.44,43.43,43.43,3214.0,CIEN
2023-06-07 15:17:00,43.42,43.435,43.42,43.43,5097.0,CIEN
2023-06-07 15:16:00,43.43,43.43,43.42,43.42,4598.0,CIEN
2023-06-07 15:15:00,43.415,43.43,43.415,43.43,5152.0,CIEN
2023-06-07 15:14:00,43.395,43.42,43.382,43.415,9200.0,CIEN
2023-06-07 15:13:00,43.395,43.395,43.382,43.395,3133.0,CIEN
2023-06-07 15:12:00,43.39,43.395,43.38,43.395,4336.0,CIEN
2023-06-07 15:11:00,43.4,43.41,43.375,43.38,12842.0,CIEN
2023-06-07 15:10:00,43.4,43.4,43.39,43.395,3558.0,CIEN
2023-06-07 15:09:00,43.395,43.4,43.395,43.4,4949.0,CIEN
2023-06-07 15:08:00,43.405,43.405,43.39,43.395,4897.0,CIEN
2023-06-07 15:07:00,43.4,43.41,43.39,43.39,11963.0,CIEN
2023-06-07 15:06:00,43.41,43.41,43.4,43.4,2715.0,CIEN
2023-06-07 15:05:00,43.38,43.43,43.38,43.414,6894.0,CIEN
2023-06-07 15:04:00,43.35,43.38,43.33,43.38,18269.0,CIEN
2023-06-07 15:03:00,43.29,43.36,43.29,43.35,9626.0,CIEN
2023-06-07 15:02:00,43.29,43.295,43.29,43.295,2269.0,CIEN
2023-06-07 15:01:00,43.28,43.31,43.28,43.3,4185.0,CIEN
2023-06-07 15:00:00,43.24,43.3,43.235,43.29,8463.0,CIEN
2023-06-07 14:59:00,43.24,43.245,43.225,43.235,5467.0,CIEN
2023-06-07 14:58:00,43.24,43.25,43.23,43.23,3815.0,CIEN
2023-06-07 14:57:00,43.21,43.25,43.2,43.245,5908.0,CIEN
2023-06-07 14:56:00,43.26,43.26,43.23,43.23,4194.0,CIEN
2023-06-07 14:55:00,43.305,43.305,43.26,43.26,4750.0,CIEN
2023-06-07 14:54:00,43.26,43.305,43.255,43.305,11939.0,CIEN
2023-06-07 14:53:00,43.27,43.27,43.26,43.265,7438.0,CIEN
2023-06-07 14:52:00,43.255,43.285,43.25,43.27,5525.0,CIEN
2023-06-07 14:51:00,43.23,43.255,43.23,43.25,4214.0,CIEN
2023-06-07 14:50:00,43.247,43.25,43.22,43.245,6081.0,CIEN
2023-06-07 14:49:00,43.28,43.28,43.23,43.23,3822.0,CIEN
2023-06-07 14:48:00,43.29,43.29,43.28,43.28,1991.0,CIEN
2023-06-07 14:47:00,43.3,43.3,43.28,43.29,5160.0,CIEN
2023-06-07 14:46:00,43.23,43.3,43.23,43.3,4619.0,CIEN
2023-06-07 14:45:00,43.255,43.255,43.22,43.23,2899.0,CIEN
2023-06-07 14:44:00,43.27,43.27,43.225,43.25,5081.0,CIEN
2023-06-07 14:43:00,43.3,43.3,43.25,43.28,5822.0,CIEN
2023-06-07 14:42:00,43.31,43.31,43.3,43.3,6607.0,CIEN
2023-06-07 14:41:00,43.37,43.37,43.31,43.31,7911.0,CIEN
2023-06-07 14:40:00,43.36,43.39,43.36,43.37,6039.0,CIEN
2023-06-07 14:39:00,43.31,43.368,43.31,43.368,2549.0,CIEN
2023-06-07 14:38:00,43.238,43.31,43.238,43.303,5979.0,CIEN
2023-06-07 14:37:00,43.3,43.31,43.24,43.25,5101.0,CIEN
2023-06-07 14:36:00,43.293,43.32,43.29,43.295,3337.0,CIEN
2023-06-07 14:35:00,43.32,43.32,43.26,43.29,6057.0,CIEN
2023-06-07 14:34:00,43.34,43.36,43.32,43.33,3703.0,CIEN
2023-06-07 14:33:00,43.38,43.385,43.33,43.34,5146.0,CIEN
2023-06-07 14:32:00,43.391,43.4,43.38,43.39,4409.0,CIEN
2023-06-07 14:31:00,43.39,43.41,43.39,43.4,4775.0,CIEN
2023-06-07 14:30:00,43.425,43.425,43.36,43.375,8843.0,CIEN
2023-06-07 14:29:00,43.421,43.421,43.42,43.42,4378.0,CIEN
2023-06-07 14:28:00,43.395,43.43,43.395,43.43,3546.0,CIEN
2023-06-07 14:27:00,43.39,43.42,43.39,43.395,6825.0,CIEN
2023-06-07 14:26:00,43.405,43.405,43.39,43.39,1718.0,CIEN
2023-06-07 14:25:00,43.475,43.475,43.42,43.42,4332.0,CIEN
2023-06-07 14:24:00,43.42,43.47,43.42,43.47,5126.0,CIEN
2023-06-07 14:23:00,43.42,43.43,43.38,43.43,5520.0,CIEN
2023-06-07 14:22:00,43.425,43.44,43.42,43.42,6804.0,CIEN
2023-06-07 14:21:00,43.485,43.485,43.425,43.425,6993.0,CIEN
2023-06-07 14:20:00,43.478,43.49,43.46,43.485,4245.0,CIEN
2023-06-07 14:19:00,43.475,43.475,43.465,43.475,5422.0,CIEN
2023-06-07 14:18:00,43.47,43.486,43.46,43.48,8520.0,CIEN
2023-06-07 14:17:00,43.48,43.48,43.48,43.48,993.0,CIEN
2023-06-07 14:16:00,43.52,43.52,43.48,43.48,3315.0,CIEN
2023-06-07 14:15:00,43.5,43.52,43.48,43.52,11205.0,CIEN
2023-06-07 14:14:00,43.49,43.505,43.49,43.5,2285.0,CIEN
2023-06-07 14:13:00,43.48,43.495,43.475,43.495,2277.0,CIEN
2023-06-07 14:12:00,43.49,43.49,43.46,43.48,4872.0,CIEN
2023-06-07 14:11:00,43.56,43.56,43.49,43.5,3066.0,CIEN
2023-06-07 14:10:00,43.58,43.58,43.56,43.56,3635.0,CIEN
2023-06-07 14:09:00,43.555,43.575,43.55,43.575,4313.0,CIEN
2023-06-07 14:08:00,43.61,43.61,43.55,43.55,5088.0,CIEN
2023-06-07 14:07:00,43.63,43.63,43.61,43.61,3275.0,CIEN
2023-06-07 14:06:00,43.62,43.62,43.61,43.61,5219.0,CIEN
2023-06-07 14:05:00,43.57,43.638,43.565,43.638,7253.0,CIEN
2023-06-07 14:04:00,43.565,43.565,43.56,43.565,1284.0,CIEN
2023-06-07 14:03:00,43.555,43.57,43.555,43.565,4605.0,CIEN
2023-06-07 14:02:00,43.6,43.6,43.56,43.56,6773.0,CIEN
2023-06-07 14:01:00,43.615,43.615,43.6,43.605,2792.0,CIEN
2023-06-07 14:00:00,43.612,43.62,43.61,43.62,774.0,CIEN
2023-06-07 13:59:00,43.63,43.63,43.62,43.62,2361.0,CIEN
2023-06-07 13:58:00,43.61,43.62,43.61,43.62,4376.0,CIEN
2023-06-07 13:57:00,43.63,43.63,43.61,43.61,2803.0,CIEN
2023-06-07 13:56:00,43.63,43.635,43.62,43.62,5202.0,CIEN
2023-06-07 13:55:00,43.62,43.62,43.61,43.62,1311.0,CIEN
2023-06-07 13:54:00,43.6,43.625,43.6,43.615,4470.0,CIEN
2023-06-07 13:53:00,43.6,43.605,43.595,43.595,2770.0,CIEN
2023-06-07 13:52:00,43.58,43.6,43.58,43.595,4842.0,CIEN
2023-06-07 13:51:00,43.545,43.571,43.545,43.57,5037.0,CIEN
2023-06-07 13:50:00,43.58,43.59,43.55,43.55,6733.0,CIEN
2023-06-07 13:49:00,43.58,43.585,43.58,43.58,976.0,CIEN
2023-06-07 13:48:00,43.525,43.59,43.52,43.59,7695.0,CIEN
2023-06-07 13:47:00,43.545,43.545,43.493,43.52,4775.0,CIEN
2023-06-07 13:46:00,43.56,43.565,43.55,43.55,5962.0,CIEN
2023-06-07 13:45:00,43.56,43.57,43.56,43.56,4420.0,CIEN
2023-06-07 13:44:00,43.55,43.56,43.55,43.56,1303.0,CIEN
2023-06-07 13:43:00,43.495,43.55,43.495,43.55,4550.0,CIEN
2023-06-07 13:42:00,43.455,43.49,43.445,43.49,7647.0,CIEN
2023-06-07 13:41:00,43.465,43.47,43.46,43.46,1922.0,CIEN
2023-06-07 13:40:00,43.47,43.47,43.45,43.46,5708.0,CIEN
2023-06-07 13:39:00,43.5,43.5,43.46,43.47,8643.0,CIEN
2023-06-07 13:38:00,43.585,43.585,43.495,43.5,7749.0,CIEN
2023-06-07 13:37:00,43.66,43.66,43.58,43.58,4632.0,CIEN
2023-06-07 13:36:00,43.64,43.665,43.64,43.665,2200.0,CIEN
2023-06-07 13:35:00,43.64,43.655,43.63,43.63,6541.0,CIEN
2023-06-07 13:34:00,43.65,43.66,43.645,43.65,4059.0,CIEN
2023-06-07 13:33:00,43.65,43.66,43.65,43.652,2421.0,CIEN
2023-06-07 13:32:00,43.65,43.66,43.64,43.65,8398.0,CIEN
2023-06-07 13:31:00,43.67,43.67,43.615,43.65,4221.0,CIEN
2023-06-07 13:30:00,43.68,43.68,43.65,43.67,2621.0,CIEN
2023-06-07 13:29:00,43.71,43.71,43.69,43.69,5245.0,CIEN
2023-06-07 13:28:00,43.7,43.72,43.7,43.71,5031.0,CIEN
2023-06-07 13:27:00,43.67,43.71,43.67,43.71,4609.0,CIEN
2023-06-07 13:26:00,43.65,43.66,43.65,43.66,908.0,CIEN
2023-06-07 13:25:00,43.63,43.65,43.625,43.642,1937.0,CIEN
2023-06-07 13:24:00,43.655,43.655,43.63,43.64,4854.0,CIEN
2023-06-07 13:23:00,43.66,43.665,43.65,43.65,2431.0,CIEN
2023-06-07 13:22:00,43.65,43.66,43.65,43.66,5194.0,CIEN
2023-06-07 13:21:00,43.65,43.66,43.64,43.64,2846.0,CIEN
2023-06-07 13:20:00,43.6,43.65,43.6,43.64,2383.0,CIEN
2023-06-07 13:19:00,43.62,43.64,43.6,43.6,6903.0,CIEN
2023-06-07 13:18:00,43.615,43.64,43.6,43.63,2822.0,CIEN
2023-06-07 13:17:00,43.7,43.7,43.64,43.65,3259.0,CIEN
2023-06-07 13:16:00,43.62,43.699,43.62,43.699,3831.0,CIEN
2023-06-07 13:15:00,43.61,43.61,43.6,43.61,650.0,CIEN
2023-06-07 13:14:00,43.65,43.65,43.63,43.63,1328.0,CIEN
2023-06-07 13:13:00,43.61,43.65,43.61,43.65,7367.0,CIEN
2023-06-07 13:12:00,43.64,43.645,43.61,43.61,3906.0,CIEN
2023-06-07 13:11:00,43.635,43.65,43.63,43.64,6754.0,CIEN
2023-06-07 13:10:00,43.625,43.635,43.62,43.635,2087.0,CIEN
2023-06-07 13:09:00,43.595,43.62,43.595,43.62,3153.0,CIEN
2023-06-07 13:08:00,43.595,43.595,43.595,43.595,489.0,CIEN
2023-06-07 13:07:00,43.61,43.61,43.6,43.6,3898.0,CIEN
2023-06-07 13:06:00,43.59,43.61,43.585,43.61,3371.0,CIEN
2023-06-07 13:05:00,43.59,43.6,43.58,43.6,2591.0,CIEN
2023-06-07 13:04:00,43.61,43.63,43.57,43.59,5302.0,CIEN
2023-06-07 13:03:00,43.611,43.625,43.61,43.62,3050.0,CIEN
2023-06-07 13:02:00,43.63,43.65,43.62,43.62,5431.0,CIEN
2023-06-07 13:01:00,43.56,43.61,43.56,43.61,3285.0,CIEN
2023-06-07 13:00:00,43.57,43.58,43.56,43.56,6853.0,CIEN
2023-06-07 12:59:00,43.58,43.58,43.575,43.58,2632.0,CIEN
2023-06-07 12:58:00,43.59,43.595,43.58,43.58,4652.0,CIEN
2023-06-07 12:57:00,43.59,43.6,43.59,43.59,1559.0,CIEN
2023-06-07 12:56:00,43.61,43.61,43.6,43.6,1310.0,CIEN
2023-06-07 12:55:00,43.56,43.63,43.56,43.63,4767.0,CIEN
2023-06-07 12:54:00,43.59,43.59,43.55,43.56,3659.0,CIEN
2023-06-07 12:53:00,43.62,43.62,43.58,43.59,3294.0,CIEN
2023-06-07 12:52:00,43.635,43.635,43.615,43.63,7220.0,CIEN
2023-06-07 12:51:00,43.615,43.63,43.615,43.625,2184.0,CIEN
2023-06-07 12:50:00,43.63,43.63,43.61,43.62,2514.0,CIEN
2023-06-07 12:49:00,43.64,43.65,43.635,43.64,4317.0,CIEN
2023-06-07 12:48:00,43.69,43.69,43.6,43.64,4305.0,CIEN
2023-06-07 12:47:00,43.68,43.7,43.68,43.695,2970.0,CIEN
2023-06-07 12:46:00,43.72,43.72,43.68,43.69,3417.0,CIEN
2023-06-07 12:45:00,43.69,43.72,43.69,43.72,2833.0,CIEN
2023-06-07 12:44:00,43.705,43.71,43.69,43.69,5622.0,CIEN
2023-06-07 12:43:00,43.695,43.711,43.695,43.71,5872.0,CIEN
2023-06-07 12:42:00,43.69,43.7,43.68,43.7,7215.0,CIEN
2023-06-07 12:41:00,43.68,43.703,43.68,43.68,5383.0,CIEN
2023-06-07 12:39:00,43.6,43.665,43.6,43.665,2746.0,CIEN
2023-06-07 12:38:00,43.66,43.69,43.62,43.62,9754.0,CIEN
2023-06-07 12:37:00,43.58,43.67,43.58,43.67,6650.0,CIEN
2023-06-07 12:36:00,43.55,43.57,43.55,43.565,3788.0,CIEN
2023-06-07 12:35:00,43.545,43.56,43.518,43.55,5527.0,CIEN
2023-06-07 12:34:00,43.57,43.57,43.54,43.54,7034.0,CIEN
2023-06-07 12:33:00,43.58,43.58,43.58,43.58,1285.0,CIEN
2023-06-07 12:32:00,43.54,43.606,43.54,43.58,3349.0,CIEN
2023-06-07 12:31:00,43.52,43.53,43.5,43.52,8059.0,CIEN
2023-06-07 12:30:00,43.48,43.54,43.48,43.538,4990.0,CIEN
2023-06-07 12:29:00,43.474,43.474,43.45,43.45,358.0,CIEN
2023-06-07 12:28:00,43.38,43.475,43.38,43.45,9305.0,CIEN
2023-06-07 12:27:00,43.41,43.41,43.35,43.365,9431.0,CIEN
2023-06-07 12:26:00,43.44,43.445,43.4,43.425,3191.0,CIEN
2023-06-07 12:25:00,43.53,43.53,43.43,43.445,5814.0,CIEN
2023-06-07 12:24:00,43.58,43.6,43.55,43.55,4670.0,CIEN
2023-06-07 12:23:00,43.66,43.66,43.58,43.605,6553.0,CIEN
2023-06-07 12:22:00,43.725,43.725,43.68,43.68,5816.0,CIEN
2023-06-07 12:21:00,43.71,43.738,43.71,43.716,4285.0,CIEN
2023-06-07 12:20:00,43.7,43.71,43.7,43.71,1240.0,CIEN
2023-06-07 12:19:00,43.59,43.71,43.59,43.696,13026.0,CIEN
2023-06-07 12:18:00,43.5,43.58,43.49,43.58,5760.0,CIEN
2023-06-07 12:17:00,43.54,43.54,43.495,43.5,2618.0,CIEN
2023-06-07 12:16:00,43.565,43.59,43.55,43.552,8088.0,CIEN
2023-06-07 12:15:00,43.44,43.57,43.44,43.57,8942.0,CIEN
2023-06-07 12:14:00,43.45,43.45,43.43,43.44,3931.0,CIEN
2023-06-07 12:13:00,43.46,43.46,43.38,43.44,19059.0,CIEN
2023-06-07 12:12:00,43.49,43.49,43.465,43.465,3224.0,CIEN
2023-06-07 12:11:00,43.52,43.52,43.5,43.51,5778.0,CIEN
2023-06-07 12:10:00,43.514,43.52,43.48,43.51,4331.0,CIEN
2023-06-07 12:09:00,43.555,43.56,43.52,43.52,7019.0,CIEN
2023-06-07 12:08:00,43.58,43.58,43.56,43.56,3493.0,CIEN
2023-06-07 12:07:00,43.61,43.62,43.57,43.575,6160.0,CIEN
2023-06-07 12:06:00,43.66,43.67,43.625,43.625,4823.0,CIEN
2023-06-07 12:05:00,43.745,43.76,43.68,43.68,7371.0,CIEN
2023-06-07 12:04:00,43.65,43.76,43.65,43.745,10363.0,CIEN
2023-06-07 12:03:00,43.72,43.72,43.665,43.665,4720.0,CIEN
2023-06-07 12:02:00,43.74,43.74,43.726,43.726,829.0,CIEN
2023-06-07 12:01:00,43.715,43.74,43.715,43.74,6319.0,CIEN
2023-06-07 12:00:00,43.76,43.76,43.68,43.71,13170.0,CIEN
2023-06-07 11:59:00,43.805,43.816,43.76,43.76,3822.0,CIEN
2023-06-07 11:58:00,43.77,43.81,43.77,43.805,4882.0,CIEN
2023-06-07 11:57:00,43.78,43.79,43.77,43.79,6019.0,CIEN
2023-06-07 11:56:00,43.89,43.89,43.77,43.77,7509.0,CIEN
2023-06-07 11:55:00,43.895,43.9,43.885,43.9,8820.0,CIEN
2023-06-07 11:54:00,43.92,43.92,43.885,43.895,3418.0,CIEN
2023-06-07 11:53:00,43.9,43.92,43.9,43.92,4555.0,CIEN
2023-06-07 11:52:00,43.95,43.95,43.91,43.92,5000.0,CIEN
2023-06-07 11:51:00,43.91,43.94,43.89,43.94,4584.0,CIEN
2023-06-07 11:50:00,43.94,43.94,43.899,43.91,9919.0,CIEN
2023-06-07 11:49:00,43.97,43.97,43.94,43.94,2440.0,CIEN
2023-06-07 11:48:00,43.99,43.995,43.95,43.97,7756.0,CIEN
2023-06-07 11:47:00,43.965,43.985,43.965,43.98,4522.0,CIEN
2023-06-07 11:46:00,43.901,43.96,43.901,43.96,7574.0,CIEN
2023-06-07 11:45:00,43.9,43.9,43.89,43.9,4448.0,CIEN
2023-06-07 11:44:00,43.91,43.92,43.885,43.9,9051.0,CIEN
2023-06-07 11:43:00,43.92,43.92,43.9,43.9,4535.0,CIEN
2023-06-07 11:42:00,43.97,43.97,43.93,43.93,3893.0,CIEN
2023-06-07 11:41:00,43.96,43.96,43.96,43.96,106.0,CIEN
2023-06-07 11:40:00,43.97,43.98,43.97,43.97,3582.0,CIEN
2023-06-07 11:39:00,43.97,43.98,43.965,43.98,3209.0,CIEN
2023-06-07 11:38:00,43.93,43.96,43.93,43.96,6396.0,CIEN
2023-06-07 11:37:00,43.94,43.95,43.93,43.94,5818.0,CIEN
2023-06-07 11:36:00,43.97,43.97,43.95,43.95,12300.0,CIEN
2023-06-07 11:35:00,43.88,43.97,43.86,43.96,11695.0,CIEN
2023-06-07 11:34:00,43.89,43.89,43.88,43.88,3066.0,CIEN
2023-06-07 11:33:00,43.855,43.89,43.855,43.89,5803.0,CIEN
2023-06-07 11:32:00,43.805,43.865,43.805,43.86,4229.0,CIEN
2023-06-07 11:31:00,43.815,43.82,43.795,43.795,2175.0,CIEN
2023-06-07 11:30:00,43.8,43.82,43.755,43.81,9808.0,CIEN
2023-06-07 11:29:00,43.82,43.82,43.81,43.81,904.0,CIEN
2023-06-07 11:28:00,43.77,43.82,43.765,43.81,5847.0,CIEN
2023-06-07 11:27:00,43.75,43.77,43.74,43.76,4395.0,CIEN
2023-06-07 11:26:00,43.74,43.745,43.74,43.745,1074.0,CIEN
2023-06-07 11:25:00,43.74,43.75,43.71,43.73,7299.0,CIEN
2023-06-07 11:24:00,43.73,43.745,43.715,43.745,3084.0,CIEN
2023-06-07 11:23:00,43.71,43.72,43.71,43.715,806.0,CIEN
2023-06-07 11:22:00,43.74,43.75,43.686,43.715,7812.0,CIEN
2023-06-07 11:21:00,43.67,43.74,43.67,43.74,2864.0,CIEN
2023-06-07 11:20:00,43.67,43.67,43.63,43.67,6754.0,CIEN
2023-06-07 11:19:00,43.69,43.72,43.69,43.69,1156.0,CIEN
2023-06-07 11:18:00,43.685,43.748,43.66,43.72,7804.0,CIEN
2023-06-07 11:17:00,43.705,43.715,43.67,43.685,5459.0,CIEN
2023-06-07 11:16:00,43.62,43.71,43.62,43.705,8969.0,CIEN
2023-06-07 11:15:00,43.58,43.61,43.56,43.61,8572.0,CIEN
2023-06-07 11:14:00,43.476,43.59,43.46,43.58,9769.0,CIEN
2023-06-07 11:13:00,43.687,43.687,43.46,43.46,12222.0,CIEN
2023-06-07 11:12:00,43.68,43.698,43.67,43.68,1204.0,CIEN
2023-06-07 11:11:00,43.675,43.69,43.66,43.68,5647.0,CIEN
2023-06-07 11:10:00,43.625,43.687,43.625,43.675,12636.0,CIEN
2023-06-07 11:09:00,43.685,43.685,43.61,43.633,3742.0,CIEN
2023-06-07 11:08:00,43.68,43.69,43.67,43.685,5052.0,CIEN
2023-06-07 11:07:00,43.775,43.775,43.68,43.685,7466.0,CIEN
2023-06-07 11:06:00,43.775,43.775,43.76,43.77,3329.0,CIEN
2023-06-07 11:05:00,43.67,43.78,43.67,43.77,10835.0,CIEN
2023-06-07 11:04:00,43.67,43.706,43.67,43.67,7199.0,CIEN
2023-06-07 11:03:00,43.7,43.7,43.65,43.69,6335.0,CIEN
2023-06-07 11:02:00,43.73,43.76,43.72,43.72,6616.0,CIEN
2023-06-07 11:01:00,43.745,43.8,43.738,43.745,7517.0,CIEN
2023-06-07 11:00:00,43.785,43.785,43.745,43.745,2753.0,CIEN
2023-06-07 10:59:00,43.745,43.79,43.745,43.785,2521.0,CIEN
2023-06-07 10:58:00,43.763,43.77,43.74,43.76,4967.0,CIEN
2023-06-07 10:57:00,43.82,43.83,43.77,43.805,10891.0,CIEN
2023-06-07 10:56:00,43.8,43.82,43.75,43.82,8842.0,CIEN
2023-06-07 10:55:00,43.78,43.83,43.77,43.809,9451.0,CIEN
2023-06-07 10:54:00,43.8,43.8,43.75,43.77,8584.0,CIEN
2023-06-07 10:53:00,43.75,43.805,43.73,43.805,10428.0,CIEN
2023-06-07 10:52:00,43.84,43.84,43.745,43.76,7353.0,CIEN
2023-06-07 10:51:00,43.81,43.84,43.8,43.83,4723.0,CIEN
2023-06-07 10:50:00,43.81,43.81,43.75,43.795,7173.0,CIEN
2023-06-07 10:49:00,43.88,43.94,43.817,43.817,10083.0,CIEN
2023-06-07 10:48:00,43.92,43.92,43.865,43.88,6986.0,CIEN
2023-06-07 10:47:00,43.9,43.94,43.88,43.94,7006.0,CIEN
2023-06-07 10:46:00,43.94,43.95,43.89,43.9,8179.0,CIEN
2023-06-07 10:45:00,43.92,43.95,43.909,43.918,4868.0,CIEN
2023-06-07 10:44:00,43.83,43.97,43.83,43.96,11109.0,CIEN
2023-06-07 10:43:00,43.885,43.93,43.845,43.88,12217.0,CIEN
2023-06-07 10:42:00,43.86,43.92,43.86,43.89,9411.0,CIEN
2023-06-07 10:41:00,43.875,43.92,43.87,43.875,8480.0,CIEN
2023-06-07 10:40:00,43.94,43.942,43.87,43.88,6763.0,CIEN
2023-06-07 10:39:00,43.75,43.92,43.73,43.92,8050.0,CIEN
2023-06-07 10:38:00,43.765,43.78,43.74,43.75,5801.0,CIEN
2023-06-07 10:37:00,43.817,43.817,43.74,43.77,8608.0,CIEN
2023-06-07 10:36:00,43.94,43.94,43.81,43.81,12563.0,CIEN
2023-06-07 10:35:00,43.95,44.03,43.93,43.97,14966.0,CIEN
2023-06-07 10:34:00,43.98,44.0,43.94,43.94,18051.0,CIEN
2023-06-07 10:33:00,44.0,44.03,43.94,43.99,26473.0,CIEN
2023-06-07 10:32:00,44.05,44.06,44.0,44.0,7409.0,CIEN
2023-06-07 10:31:00,44.04,44.07,44.04,44.07,6429.0,CIEN
2023-06-07 10:30:00,44.0,44.03,43.98,44.015,6470.0,CIEN
2023-06-07 10:29:00,43.97,44.025,43.95,44.025,9201.0,CIEN
2023-06-07 10:28:00,44.09,44.09,43.955,43.955,14721.0,CIEN
2023-06-07 10:27:00,44.14,44.141,44.06,44.075,5317.0,CIEN
2023-06-07 10:26:00,43.91,44.18,43.91,44.17,11365.0,CIEN
2023-06-07 10:25:00,43.88,43.907,43.83,43.9,16642.0,CIEN
2023-06-07 10:24:00,43.88,43.91,43.83,43.875,11519.0,CIEN
2023-06-07 10:23:00,43.88,43.91,43.8,43.859,12252.0,CIEN
2023-06-07 10:22:00,43.905,43.905,43.851,43.89,7158.0,CIEN
2023-06-07 10:21:00,43.861,43.952,43.861,43.9,9567.0,CIEN
2023-06-07 10:20:00,43.885,43.915,43.83,43.88,8056.0,CIEN
2023-06-07 10:19:00,43.925,43.94,43.89,43.89,10637.0,CIEN
2023-06-07 10:18:00,43.88,43.98,43.88,43.93,9299.0,CIEN
2023-06-07 10:17:00,43.88,43.91,43.83,43.91,13349.0,CIEN
2023-06-07 10:16:00,43.9,43.92,43.83,43.88,10625.0,CIEN
2023-06-07 10:15:00,43.99,43.99,43.83,43.87,6826.0,CIEN
2023-06-07 10:14:00,44.005,44.005,43.97,43.99,4259.0,CIEN
2023-06-07 10:13:00,44.2,44.2,44.0,44.005,10809.0,CIEN
2023-06-07 10:12:00,44.14,44.21,44.08,44.208,14452.0,CIEN
2023-06-07 10:11:00,44.15,44.168,44.09,44.12,12325.0,CIEN
2023-06-07 10:10:00,44.175,44.18,44.1,44.15,6974.0,CIEN
2023-06-07 10:09:00,43.95,44.2,43.9,44.176,20635.0,CIEN
2023-06-07 10:08:00,43.99,44.0,43.9,43.94,5026.0,CIEN
2023-06-07 10:07:00,43.92,44.06,43.89,44.005,13261.0,CIEN
2023-06-07 10:06:00,43.96,43.96,43.8,43.929,18037.0,CIEN
2023-06-07 10:05:00,43.96,43.96,43.8,43.925,76048.0,CIEN
2023-06-07 10:04:00,44.05,44.07,43.93,43.955,20881.0,CIEN
2023-06-07 10:03:00,43.91,44.09,43.89,44.05,30009.0,CIEN
2023-06-07 10:02:00,43.742,43.98,43.74,43.966,16672.0,CIEN
2023-06-07 10:01:00,43.75,43.85,43.71,43.77,13851.0,CIEN
2023-06-07 10:00:00,43.82,43.99,43.75,43.75,15681.0,CIEN
2023-06-07 09:59:00,44.01,44.01,43.8,43.81,26157.0,CIEN
2023-06-07 09:58:00,43.859,44.07,43.859,43.94,40623.0,CIEN
2023-06-07 09:57:00,43.695,43.86,43.68,43.799,10004.0,CIEN
2023-06-07 09:56:00,43.85,43.92,43.68,43.7,79328.0,CIEN
2023-06-07 09:55:00,43.705,43.96,43.705,43.87,20015.0,CIEN
2023-06-07 09:54:00,43.7,43.73,43.64,43.73,6139.0,CIEN
2023-06-07 09:53:00,43.586,43.759,43.581,43.72,13127.0,CIEN
2023-06-07 09:52:00,43.455,43.65,43.455,43.59,25735.0,CIEN
2023-06-07 09:51:00,43.39,43.5,43.38,43.475,21050.0,CIEN
2023-06-07 09:50:00,43.2,43.41,43.2,43.38,41718.0,CIEN
2023-06-07 09:49:00,43.08,43.24,43.065,43.24,38717.0,CIEN
2023-06-07 09:48:00,43.067,43.18,43.067,43.08,9321.0,CIEN
2023-06-07 09:47:00,43.065,43.09,42.97,43.03,7054.0,CIEN
2023-06-07 09:46:00,43.105,43.13,43.04,43.04,21870.0,CIEN
2023-06-07 09:45:00,43.155,43.158,43.06,43.125,38211.0,CIEN
2023-06-07 09:44:00,42.88,43.159,42.85,43.13,55469.0,CIEN
2023-06-07 09:43:00,42.91,42.927,42.831,42.92,9081.0,CIEN
2023-06-07 09:42:00,42.95,43.02,42.88,42.885,5135.0,CIEN
2023-06-07 09:41:00,42.98,42.98,42.91,42.94,5348.0,CIEN
2023-06-07 09:40:00,43.05,43.06,42.92,42.92,14194.0,CIEN
2023-06-07 09:39:00,43.1,43.2,43.04,43.04,14351.0,CIEN
2023-06-07 09:38:00,43.05,43.1,43.0,43.055,8469.0,CIEN
2023-06-07 09:37:00,43.18,43.189,43.0,43.09,6717.0,CIEN
2023-06-07 09:36:00,42.99,43.22,42.99,43.21,23053.0,CIEN
2023-06-07 09:35:00,42.92,43.05,42.85,43.04,19071.0,CIEN
2023-06-07 09:34:00,42.84,43.0,42.73,42.999,18546.0,CIEN
2023-06-07 09:33:00,42.68,42.84,42.68,42.837,12907.0,CIEN
2023-06-07 09:32:00,42.65,42.707,42.62,42.63,10843.0,CIEN
2023-06-07 09:31:00,42.76,42.76,42.62,42.65,9218.0,CIEN
2023-06-07 09:30:00,42.54,42.76,42.47,42.76,59853.0,CIEN
2023-06-07 09:29:00,42.58,42.58,42.58,42.58,50.0,CIEN
2023-06-07 09:28:00,42.585,42.585,42.53,42.53,641.0,CIEN
2023-06-07 09:27:00,42.605,42.605,42.6,42.6,2000.0,CIEN
2023-06-07 09:25:00,42.61,42.64,42.61,42.64,600.0,CIEN
2023-06-07 09:23:00,42.655,42.655,42.65,42.65,200.0,CIEN
2023-06-07 09:22:00,42.66,42.66,42.66,42.66,10.0,CIEN
2023-06-07 09:21:00,42.65,42.66,42.65,42.66,300.0,CIEN
2023-06-07 09:20:00,42.73,42.73,42.66,42.66,69.0,CIEN
2023-06-07 09:17:00,42.74,42.74,42.74,42.74,210.0,CIEN
2023-06-07 09:16:00,42.74,42.74,42.74,42.74,400.0,CIEN
2023-06-07 09:15:00,42.73,42.73,42.73,42.73,10.0,CIEN
2023-06-07 09:14:00,42.67,42.74,42.67,42.74,1812.0,CIEN
2023-06-07 09:13:00,42.66,42.67,42.66,42.67,721.0,CIEN
2023-06-07 09:12:00,42.64,42.66,42.64,42.66,510.0,CIEN
2023-06-07 09:09:00,42.64,42.64,42.64,42.64,1.0,CIEN
2023-06-07 09:03:00,42.59,42.66,42.59,42.66,1080.0,CIEN
2023-06-07 09:02:00,42.57,42.57,42.57,42.57,150.0,CIEN
2023-06-07 09:01:00,42.59,42.59,42.59,42.59,353.0,CIEN
2023-06-07 08:59:00,42.571,42.571,42.571,42.571,10.0,CIEN
2023-06-07 08:58:00,42.59,42.59,42.59,42.59,100.0,CIEN
2023-06-07 08:57:00,42.66,42.66,42.66,42.66,100.0,CIEN
2023-06-07 08:54:00,42.66,42.66,42.66,42.66,1000.0,CIEN
2023-06-07 08:51:00,42.66,42.66,42.66,42.66,1.0,CIEN
2023-06-07 08:50:00,42.655,42.66,42.65,42.66,1659.0,CIEN
2023-06-07 08:46:00,42.65,42.65,42.65,42.65,1192.0,CIEN
2023-06-07 08:43:00,42.66,42.7,42.66,42.7,70.0,CIEN
2023-06-07 08:41:00,42.87,42.87,42.65,42.65,107.0,CIEN
2023-06-07 08:38:00,42.7,42.79,42.7,42.79,100.0,CIEN
2023-06-07 08:36:00,42.87,42.87,42.7,42.7,250.0,CIEN
2023-06-07 08:31:00,42.9,42.9,42.9,42.9,5.0,CIEN
2023-06-07 08:28:00,42.69,42.7,42.64,42.64,67.0,CIEN
2023-06-07 08:27:00,42.642,42.642,42.642,42.642,10.0,CIEN
2023-06-07 08:26:00,42.64,42.65,42.64,42.642,693.0,CIEN
2023-06-07 08:24:00,42.6,42.61,42.6,42.6,395.0,CIEN
2023-06-07 08:23:00,42.57,42.6,42.57,42.6,700.0,CIEN
2023-06-07 08:22:00,42.6,42.6,42.57,42.57,160.0,CIEN
2023-06-07 08:21:00,42.59,42.59,42.59,42.59,45.0,CIEN
2023-06-07 08:20:00,42.57,42.57,42.57,42.57,1.0,CIEN
2023-06-07 08:19:00,42.59,42.6,42.59,42.6,213.0,CIEN
2023-06-07 08:18:00,42.6,42.6,42.6,42.6,49.0,CIEN
2023-06-07 08:17:00,42.6,42.6,42.6,42.6,10.0,CIEN
2023-06-07 08:15:00,42.61,42.61,42.61,42.61,39.0,CIEN
2023-06-07 08:14:00,42.57,42.57,42.57,42.57,175.0,CIEN
2023-06-07 08:11:00,42.61,42.61,42.61,42.61,131.0,CIEN
2023-06-07 08:10:00,42.61,42.61,42.61,42.61,50.0,CIEN
2023-06-07 08:09:00,42.6,42.61,42.6,42.61,255.0,CIEN
2023-06-07 08:06:00,42.57,42.57,42.57,42.57,20.0,CIEN
2023-06-07 08:03:00,42.39,42.39,42.39,42.39,1.0,CIEN
2023-06-07 08:01:00,42.539,42.539,42.532,42.532,23.0,CIEN
2023-06-07 08:00:00,42.55,42.9,42.53,42.9,1437.0,CIEN
2023-06-07 07:58:00,42.6,42.6,42.6,42.6,25.0,CIEN
2023-06-07 07:56:00,42.6,42.6,42.6,42.6,36.0,CIEN
2023-06-07 07:54:00,42.59,42.59,42.59,42.59,265.0,CIEN
2023-06-07 07:53:00,42.61,42.61,42.59,42.59,38.0,CIEN
2023-06-07 07:46:00,42.61,42.61,42.61,42.61,125.0,CIEN
2023-06-07 07:43:00,42.57,42.57,42.57,42.57,200.0,CIEN
2023-06-07 07:42:00,42.61,42.61,42.6,42.6,113.0,CIEN
2023-06-07 07:41:00,42.61,42.61,42.6,42.6,117.0,CIEN
2023-06-07 07:40:00,42.61,42.61,42.61,42.61,100.0,CIEN
2023-06-07 07:39:00,42.61,42.61,42.61,42.61,235.0,CIEN
2023-06-07 07:37:00,42.61,42.61,42.61,42.61,3.0,CIEN
2023-06-07 07:34:00,42.61,42.61,42.61,42.61,5.0,CIEN
2023-06-07 07:32:00,42.61,42.61,42.61,42.61,25.0,CIEN
2023-06-07 07:30:00,42.69,42.7,42.61,42.7,54.0,CIEN
2023-06-07 07:22:00,42.57,42.57,42.57,42.57,8.0,CIEN
2023-06-07 07:21:00,42.61,42.61,42.61,42.61,1.0,CIEN
2023-06-07 07:19:00,42.58,42.58,42.58,42.58,2.0,CIEN
2023-06-07 07:15:00,42.58,42.7,42.58,42.7,6.0,CIEN
2023-06-07 07:10:00,42.54,42.89,42.54,42.75,254.0,CIEN
2023-06-07 07:05:00,42.54,42.54,42.54,42.54,200.0,CIEN
2023-06-07 07:00:00,42.54,42.54,42.54,42.54,9.0,CIEN
2023-06-07 06:57:00,42.55,42.55,42.55,42.55,42.0,CIEN
2023-06-07 06:55:00,42.54,42.54,42.54,42.54,577.0,CIEN
2023-06-07 05:19:00,42.53,42.53,42.53,42.53,70.0,CIEN
2023-06-07 05:04:00,42.53,42.53,42.53,42.53,208.0,CIEN
2023-06-07 05:00:00,42.54,42.54,42.54,42.54,50.0,CIEN
2023-06-07 04:38:00,42.535,42.54,42.535,42.54,125.0,CIEN
2023-06-07 04:29:00,42.53,42.53,42.53,42.53,5.0,CIEN
2023-06-07 04:18:00,42.54,42.54,42.54,42.54,175.0,CIEN
2023-06-06 19:59:00,42.61,42.63,42.53,42.53,388.0,CIEN
2023-06-06 19:57:00,42.6,42.6,42.56,42.6,346.0,CIEN
2023-06-06 19:56:00,42.6,42.6,42.6,42.6,25.0,CIEN
2023-06-06 19:55:00,42.52,42.52,42.52,42.52,93.0,CIEN
2023-06-06 19:54:00,42.52,42.52,42.52,42.52,118.0,CIEN
2023-06-06 19:51:00,42.53,42.53,42.53,42.53,5.0,CIEN
2023-06-06 19:50:00,42.55,42.55,42.53,42.55,320.0,CIEN
2023-06-06 19:44:00,42.53,42.53,42.53,42.53,79.0,CIEN
2023-06-06 19:38:00,42.53,42.53,42.53,42.53,5.0,CIEN
2023-06-06 19:36:00,42.59,42.59,42.59,42.59,10.0,CIEN
2023-06-06 19:35:00,42.6,42.6,42.6,42.6,1.0,CIEN
2023-06-06 19:33:00,42.6,42.6,42.6,42.6,5.0,CIEN
2023-06-06 19:29:00,42.59,42.59,42.59,42.59,9.0,CIEN
2023-06-06 19:25:00,42.6,42.6,42.6,42.6,3.0,CIEN
2023-06-06 19:23:00,42.59,42.59,42.59,42.59,10.0,CIEN
2023-06-06 19:14:00,42.6,42.6,42.6,42.6,25.0,CIEN
2023-06-06 19:13:00,42.51,42.53,42.51,42.53,50.0,CIEN
2023-06-06 19:06:00,42.53,42.53,42.53,42.53,50.0,CIEN
2023-06-06 19:00:00,42.39,42.39,42.39,42.39,236194.0,CIEN
2023-06-06 18:58:00,42.51,42.51,42.51,42.51,1.0,CIEN
2023-06-06 18:56:00,42.53,42.53,42.53,42.53,1.0,CIEN
2023-06-06 18:51:00,42.5,42.5,42.5,42.5,13.0,CIEN
2023-06-06 18:45:00,42.45,42.45,42.45,42.45,25.0,CIEN
2023-06-06 18:36:00,42.5,42.5,42.5,42.5,10.0,CIEN
2023-06-06 18:35:00,42.5,42.51,42.49,42.51,600.0,CIEN
2023-06-06 18:30:00,42.39,42.39,42.39,42.39,236194.0,CIEN
2023-06-06 18:28:00,42.5,42.5,42.5,42.5,200.0,CIEN
2023-06-06 18:25:00,42.5,42.5,42.5,42.5,1.0,CIEN
2023-06-06 18:22:00,42.38,42.5,42.38,42.5,55.0,CIEN
2023-06-06 18:19:00,42.5,42.5,42.5,42.5,68.0,CIEN
2023-06-06 18:18:00,42.4,42.4,42.4,42.4,332.0,CIEN
2023-06-06 18:15:00,42.38,42.399,42.38,42.399,6.0,CIEN
2023-06-06 18:09:00,42.38,42.38,42.38,42.38,34.0,CIEN
2023-06-06 18:06:00,42.38,42.38,42.38,42.38,16.0,CIEN
2023-06-06 18:01:00,42.34,42.34,42.34,42.34,5.0,CIEN
2023-06-06 18:00:00,42.4,42.4,42.4,42.4,15.0,CIEN
2023-06-06 17:55:00,42.42,42.42,42.4,42.4,1653.0,CIEN
2023-06-06 17:54:00,42.5,42.5,42.5,42.5,16.0,CIEN
2023-06-06 17:51:00,42.43,42.43,42.42,42.42,275.0,CIEN
2023-06-06 17:48:00,42.49,42.49,42.49,42.49,90.0,CIEN
2023-06-06 17:47:00,42.5,42.5,42.5,42.5,3.0,CIEN
2023-06-06 17:40:00,42.498,42.498,42.498,42.498,1.0,CIEN
2023-06-06 17:39:00,42.43,42.43,42.42,42.42,2000.0,CIEN
2023-06-06 17:34:00,42.5,42.5,42.5,42.5,2.0,CIEN
2023-06-06 17:30:00,42.51,42.51,42.51,42.51,1000.0,CIEN
2023-06-06 17:29:00,42.5,42.51,42.5,42.5,47.0,CIEN
2023-06-06 17:26:00,42.51,42.51,42.51,42.51,1.0,CIEN
2023-06-06 17:25:00,42.51,42.51,42.509,42.51,12.0,CIEN
2023-06-06 17:15:00,42.48,42.5,42.48,42.5,70.0,CIEN
2023-06-06 17:14:00,42.42,42.46,42.42,42.46,620.0,CIEN
2023-06-06 17:07:00,42.5,42.58,42.5,42.58,26.0,CIEN
2023-06-06 17:06:00,42.5,42.5,42.5,42.5,25.0,CIEN
2023-06-06 17:05:00,42.45,42.48,42.42,42.42,195.0,CIEN
2023-06-06 17:01:00,42.568,42.568,42.55,42.55,700.0,CIEN
2023-06-06 16:57:00,42.42,42.42,42.42,42.42,500.0,CIEN
2023-06-06 16:53:00,42.42,42.42,42.42,42.42,8.0,CIEN
2023-06-06 16:50:00,42.45,42.45,42.45,42.45,22.0,CIEN
2023-06-06 16:46:00,42.478,42.48,42.478,42.48,105.0,CIEN
2023-06-06 16:45:00,42.42,42.42,42.42,42.42,2114.0,CIEN
2023-06-06 16:44:00,42.46,42.48,42.42,42.42,1158.0,CIEN
2023-06-06 16:40:00,42.48,42.48,42.48,42.48,54.0,CIEN
2023-06-06 16:37:00,42.48,42.48,42.48,42.48,50.0,CIEN
2023-06-06 16:35:00,42.46,42.46,42.45,42.46,42.0,CIEN
2023-06-06 16:34:00,42.45,42.45,42.45,42.45,1.0,CIEN
2023-06-06 16:29:00,42.42,42.45,42.42,42.45,210.0,CIEN
2023-06-06 16:26:00,42.467,42.467,42.467,42.467,350.0,CIEN
2023-06-06 16:25:00,42.47,42.47,42.45,42.45,15.0,CIEN
2023-06-06 16:24:00,42.44,42.44,42.42,42.42,100.0,CIEN
2023-06-06 16:23:00,42.44,42.44,42.44,42.44,11.0,CIEN
2023-06-06 16:22:00,42.46,42.46,42.46,42.46,12.0,CIEN
2023-06-06 16:20:00,42.42,42.46,42.42,42.46,14610.0,CIEN
2023-06-06 16:19:00,42.46,42.48,42.46,42.46,680.0,CIEN
2023-06-06 16:18:00,42.46,42.46,42.46,42.46,70.0,CIEN
2023-06-06 16:17:00,42.44,42.46,42.44,42.46,200.0,CIEN
2023-06-06 16:15:00,42.42,42.42,42.42,42.42,106.0,CIEN
2023-06-06 16:14:00,42.43,42.43,42.42,42.42,104.0,CIEN
2023-06-06 16:13:00,42.4,42.42,42.4,42.42,834.0,CIEN
2023-06-06 16:12:00,42.44,42.44,42.4,42.4,64.0,CIEN
2023-06-06 16:11:00,42.44,42.46,42.44,42.46,200.0,CIEN
2023-06-06 16:10:00,42.39,42.46,42.38,42.38,236471.0,CIEN
2023-06-06 16:09:00,42.46,42.46,42.46,42.46,6.0,CIEN
2023-06-06 16:08:00,42.39,42.39,42.38,42.38,500.0,CIEN
2023-06-06 16:07:00,42.382,42.382,42.38,42.38,101.0,CIEN
2023-06-06 16:06:00,42.4,42.46,42.4,42.46,100.0,CIEN
2023-06-06 16:05:00,42.46,42.46,42.46,42.46,50.0,CIEN
2023-06-06 16:04:00,42.39,42.46,42.39,42.46,2102.0,CIEN
2023-06-06 16:02:00,42.46,42.46,42.46,42.46,6.0,CIEN
2023-06-06 16:01:00,42.48,42.48,42.48,42.48,350.0,CIEN
2023-06-06 16:00:00,42.39,42.49,42.35,42.35,483522.0,CIEN
2023-06-06 15:59:00,42.36,42.4,42.36,42.39,137312.0,CIEN
2023-06-06 15:58:00,42.355,42.4,42.35,42.365,102943.0,CIEN
2023-06-06 15:57:00,42.36,42.37,42.34,42.355,84400.0,CIEN
2023-06-06 15:56:00,42.33,42.37,42.321,42.353,94448.0,CIEN
2023-06-06 15:55:00,42.265,42.37,42.265,42.325,88047.0,CIEN
2023-06-06 15:54:00,42.26,42.28,42.255,42.265,57011.0,CIEN
2023-06-06 15:53:00,42.28,42.28,42.26,42.265,28082.0,CIEN
2023-06-06 15:52:00,42.265,42.28,42.22,42.279,53168.0,CIEN
2023-06-06 15:51:00,42.205,42.29,42.195,42.27,67645.0,CIEN
2023-06-06 15:50:00,42.2,42.26,42.2,42.205,44830.0,CIEN
2023-06-06 15:49:00,42.245,42.26,42.193,42.2,36641.0,CIEN
2023-06-06 15:48:00,42.269,42.29,42.23,42.25,44777.0,CIEN
2023-06-06 15:47:00,42.21,42.26,42.17,42.251,43345.0,CIEN
2023-06-06 15:46:00,42.26,42.28,42.215,42.215,40080.0,CIEN
2023-06-06 15:45:00,42.19,42.265,42.19,42.26,58745.0,CIEN
2023-06-06 15:44:00,42.217,42.217,42.18,42.19,11888.0,CIEN
2023-06-06 15:43:00,42.13,42.22,42.125,42.21,27756.0,CIEN
2023-06-06 15:42:00,42.1,42.16,42.09,42.125,33515.0,CIEN
2023-06-06 15:41:00,42.05,42.1,42.05,42.1,28234.0,CIEN
2023-06-06 15:40:00,42.03,42.06,42.01,42.05,19004.0,CIEN
2023-06-06 15:39:00,42.025,42.04,42.001,42.03,22003.0,CIEN
2023-06-06 15:38:00,42.07,42.08,42.0,42.013,35725.0,CIEN
2023-06-06 15:37:00,42.14,42.145,42.08,42.08,21917.0,CIEN
2023-06-06 15:36:00,42.165,42.17,42.14,42.15,9485.0,CIEN
2023-06-06 15:35:00,42.16,42.17,42.13,42.165,15944.0,CIEN
2023-06-06 15:34:00,42.135,42.18,42.131,42.16,19968.0,CIEN
2023-06-06 15:33:00,42.195,42.195,42.12,42.14,22320.0,CIEN
2023-06-06 15:32:00,42.171,42.2,42.16,42.18,28142.0,CIEN
2023-06-06 15:31:00,42.18,42.189,42.17,42.18,6864.0,CIEN
2023-06-06 15:30:00,42.125,42.2,42.1,42.18,24099.0,CIEN
2023-06-06 15:29:00,42.21,42.21,42.1,42.122,14728.0,CIEN
2023-06-06 15:28:00,42.095,42.22,42.09,42.215,32496.0,CIEN
2023-06-06 15:27:00,42.2,42.2,42.095,42.095,20199.0,CIEN
2023-06-06 15:26:00,42.2,42.23,42.2,42.205,23924.0,CIEN
2023-06-06 15:25:00,42.185,42.2,42.185,42.195,5003.0,CIEN
2023-06-06 15:24:00,42.165,42.18,42.16,42.18,12056.0,CIEN
2023-06-06 15:23:00,42.12,42.17,42.11,42.17,17857.0,CIEN
2023-06-06 15:22:00,42.132,42.15,42.1,42.12,14861.0,CIEN
2023-06-06 15:21:00,42.085,42.16,42.08,42.15,14852.0,CIEN
2023-06-06 15:20:00,42.1,42.1,42.085,42.085,4097.0,CIEN
2023-06-06 15:19:00,42.085,42.1,42.06,42.09,10221.0,CIEN
2023-06-06 15:18:00,41.99,42.1,41.99,42.1,30316.0,CIEN
2023-06-06 15:17:00,41.96,41.99,41.96,41.99,6125.0,CIEN
2023-06-06 15:16:00,41.975,41.975,41.92,41.965,9926.0,CIEN
2023-06-06 15:15:00,41.94,42.0,41.94,41.975,13610.0,CIEN
2023-06-06 15:14:00,41.98,41.99,41.928,41.95,9345.0,CIEN
2023-06-06 15:13:00,42.0,42.005,41.95,41.98,6983.0,CIEN
2023-06-06 15:12:00,41.98,42.0,41.96,42.0,10214.0,CIEN
2023-06-06 15:11:00,41.96,41.99,41.94,41.98,6559.0,CIEN
2023-06-06 15:10:00,41.99,41.995,41.94,41.955,10385.0,CIEN
2023-06-06 15:09:00,41.98,42.0,41.965,41.995,5242.0,CIEN
2023-06-06 15:08:00,41.935,42.0,41.93,41.975,17087.0,CIEN
2023-06-06 15:07:00,41.92,41.935,41.92,41.933,5618.0,CIEN
2023-06-06 15:06:00,41.93,41.945,41.91,41.92,11706.0,CIEN
2023-06-06 15:05:00,41.91,41.94,41.91,41.93,5555.0,CIEN
2023-06-06 15:04:00,41.88,41.9,41.843,41.9,16470.0,CIEN
2023-06-06 15:03:00,41.939,41.939,41.88,41.88,11283.0,CIEN
2023-06-06 15:02:00,41.93,41.939,41.92,41.935,4637.0,CIEN
2023-06-06 15:01:00,41.88,41.93,41.875,41.92,21979.0,CIEN
2023-06-06 15:00:00,41.895,41.91,41.88,41.885,9374.0,CIEN
2023-06-06 14:59:00,41.95,41.96,41.89,41.89,13882.0,CIEN
2023-06-06 14:58:00,41.945,41.96,41.94,41.945,5041.0,CIEN
2023-06-06 14:57:00,41.93,41.95,41.91,41.945,12778.0,CIEN
2023-06-06 14:56:00,41.92,41.95,41.92,41.94,8146.0,CIEN
2023-06-06 14:55:00,41.9,41.925,41.88,41.925,11740.0,CIEN
2023-06-06 14:54:00,41.96,41.96,41.9,41.905,4460.0,CIEN
2023-06-06 14:53:00,41.94,41.95,41.918,41.95,7822.0,CIEN
2023-06-06 14:52:00,41.958,41.98,41.95,41.95,5380.0,CIEN
2023-06-06 14:51:00,41.94,41.95,41.93,41.95,7379.0,CIEN
2023-06-06 14:50:00,41.92,41.95,41.92,41.935,8409.0,CIEN
2023-06-06 14:49:00,41.87,41.93,41.865,41.915,11575.0,CIEN
2023-06-06 14:48:00,41.86,41.88,41.86,41.865,6353.0,CIEN
2023-06-06 14:47:00,41.86,41.875,41.85,41.86,4276.0,CIEN
2023-06-06 14:46:00,41.9,41.91,41.86,41.865,7824.0,CIEN
2023-06-06 14:45:00,41.88,41.91,41.87,41.905,7555.0,CIEN
2023-06-06 14:44:00,41.89,41.9,41.875,41.89,6356.0,CIEN
2023-06-06 14:43:00,41.88,41.895,41.86,41.89,9235.0,CIEN
2023-06-06 14:42:00,41.89,41.89,41.885,41.89,2004.0,CIEN
2023-06-06 14:41:00,41.86,41.89,41.85,41.89,8959.0,CIEN
2023-06-06 14:40:00,41.81,41.86,41.8,41.86,16616.0,CIEN
2023-06-06 14:39:00,41.818,41.851,41.81,41.82,4496.0,CIEN
2023-06-06 14:38:00,41.825,41.825,41.78,41.81,4276.0,CIEN
2023-06-06 14:37:00,41.8,41.84,41.78,41.82,11075.0,CIEN
2023-06-06 14:36:00,41.93,41.93,41.8,41.8,14311.0,CIEN
2023-06-06 14:35:00,41.98,41.98,41.93,41.935,4241.0,CIEN
2023-06-06 14:34:00,41.99,41.99,41.97,41.98,4850.0,CIEN
2023-06-06 14:33:00,41.94,42.017,41.94,41.995,9894.0,CIEN
2023-06-06 14:32:00,42.0,42.0,41.93,41.935,7988.0,CIEN
2023-06-06 14:31:00,42.015,42.015,41.97,42.0,12632.0,CIEN
2023-06-06 14:30:00,42.1,42.1,42.015,42.015,17735.0,CIEN
2023-06-06 14:29:00,42.005,42.12,42.005,42.105,16005.0,CIEN
2023-06-06 14:28:00,41.96,42.0,41.955,42.0,15760.0,CIEN
2023-06-06 14:27:00,41.92,41.97,41.92,41.97,9653.0,CIEN
2023-06-06 14:26:00,41.91,41.921,41.9,41.92,5065.0,CIEN
2023-06-06 14:25:00,41.9,41.91,41.9,41.9,3137.0,CIEN
2023-06-06 14:24:00,41.885,41.9,41.885,41.9,2507.0,CIEN
2023-06-06 14:23:00,41.85,41.89,41.84,41.89,8201.0,CIEN
2023-06-06 14:22:00,41.85,41.875,41.83,41.86,12440.0,CIEN
2023-06-06 14:21:00,41.81,41.91,41.805,41.855,25871.0,CIEN
2023-06-06 14:20:00,41.8,41.81,41.8,41.805,11025.0,CIEN
2023-06-06 14:19:00,41.83,41.84,41.78,41.805,14043.0,CIEN
2023-06-06 14:18:00,41.905,41.91,41.83,41.83,25978.0,CIEN
2023-06-06 14:17:00,41.9,41.91,41.88,41.905,16200.0,CIEN
2023-06-06 14:16:00,41.92,41.92,41.88,41.9,11293.0,CIEN
2023-06-06 14:15:00,41.94,41.965,41.92,41.93,7588.0,CIEN
2023-06-06 14:14:00,41.92,41.943,41.91,41.94,5924.0,CIEN
2023-06-06 14:13:00,41.975,41.975,41.91,41.92,4516.0,CIEN
2023-06-06 14:12:00,41.945,41.99,41.94,41.99,22156.0,CIEN
2023-06-06 14:11:00,41.96,42.0,41.94,41.945,25561.0,CIEN
2023-06-06 14:10:00,41.96,41.97,41.95,41.96,6713.0,CIEN
2023-06-06 14:09:00,41.9,41.955,41.89,41.955,10421.0,CIEN
2023-06-06 14:08:00,41.97,41.98,41.88,41.89,21379.0,CIEN
2023-06-06 14:07:00,41.965,41.99,41.95,41.98,8666.0,CIEN
2023-06-06 14:06:00,41.97,41.975,41.93,41.966,10612.0,CIEN
2023-06-06 14:05:00,41.949,41.99,41.945,41.97,11746.0,CIEN
2023-06-06 14:04:00,41.88,41.97,41.85,41.95,16132.0,CIEN
2023-06-06 14:03:00,41.86,41.89,41.824,41.89,5477.0,CIEN
2023-06-06 14:02:00,41.79,41.855,41.77,41.855,18686.0,CIEN
2023-06-06 14:01:00,41.755,41.79,41.755,41.775,8040.0,CIEN
2023-06-06 14:00:00,41.8,41.8,41.74,41.757,3526.0,CIEN
2023-06-06 13:59:00,41.82,41.84,41.78,41.805,11537.0,CIEN
2023-06-06 13:58:00,41.81,41.835,41.77,41.815,12756.0,CIEN
2023-06-06 13:57:00,41.766,41.82,41.76,41.81,14158.0,CIEN
2023-06-06 13:56:00,41.7,41.78,41.685,41.775,15658.0,CIEN
2023-06-06 13:55:00,41.75,41.755,41.67,41.7,7127.0,CIEN
2023-06-06 13:54:00,41.755,41.765,41.75,41.75,2283.0,CIEN
2023-06-06 13:53:00,41.79,41.8,41.75,41.755,4508.0,CIEN
2023-06-06 13:52:00,41.72,41.765,41.72,41.765,11190.0,CIEN
2023-06-06 13:51:00,41.775,41.775,41.72,41.72,13311.0,CIEN
2023-06-06 13:50:00,41.825,41.83,41.76,41.78,9528.0,CIEN
2023-06-06 13:49:00,41.77,41.84,41.77,41.825,14448.0,CIEN
2023-06-06 13:48:00,41.755,41.77,41.75,41.76,10379.0,CIEN
2023-06-06 13:47:00,41.74,41.79,41.74,41.75,13358.0,CIEN
2023-06-06 13:46:00,41.755,41.755,41.69,41.73,10168.0,CIEN
2023-06-06 13:45:00,41.75,41.76,41.71,41.755,11964.0,CIEN
2023-06-06 13:44:00,41.65,41.8,41.65,41.755,14064.0,CIEN
2023-06-06 13:43:00,41.665,41.675,41.63,41.655,7645.0,CIEN
2023-06-06 13:42:00,41.67,41.69,41.65,41.67,10520.0,CIEN
2023-06-06 13:41:00,41.76,41.775,41.645,41.67,15569.0,CIEN
2023-06-06 13:40:00,41.885,41.89,41.75,41.76,17029.0,CIEN
2023-06-06 13:39:00,41.88,41.9,41.87,41.885,7712.0,CIEN
2023-06-06 13:38:00,41.87,41.899,41.856,41.88,7988.0,CIEN
2023-06-06 13:37:00,41.76,41.9,41.753,41.872,14819.0,CIEN
2023-06-06 13:36:00,41.83,41.83,41.71,41.77,20490.0,CIEN
2023-06-06 13:35:00,41.83,41.86,41.825,41.84,10268.0,CIEN
2023-06-06 13:34:00,41.836,41.84,41.75,41.815,13182.0,CIEN
2023-06-06 13:33:00,41.83,41.85,41.8,41.83,14421.0,CIEN
2023-06-06 13:32:00,41.76,41.83,41.731,41.83,8340.0,CIEN
2023-06-06 13:31:00,41.765,41.81,41.75,41.76,20541.0,CIEN
2023-06-06 13:30:00,41.725,41.77,41.719,41.765,12655.0,CIEN
2023-06-06 13:29:00,41.7,41.74,41.67,41.725,14838.0,CIEN
2023-06-06 13:28:00,41.62,41.7,41.62,41.69,21761.0,CIEN
2023-06-06 13:27:00,41.52,41.64,41.52,41.62,18148.0,CIEN
2023-06-06 13:26:00,41.504,41.549,41.488,41.51,33050.0,CIEN
2023-06-06 13:25:00,41.6,41.6,41.5,41.5,15158.0,CIEN
2023-06-06 13:24:00,41.601,41.609,41.582,41.609,10011.0,CIEN
2023-06-06 13:23:00,41.62,41.63,41.6,41.6,7594.0,CIEN
2023-06-06 13:22:00,41.695,41.72,41.61,41.63,15108.0,CIEN
2023-06-06 13:21:00,41.67,41.75,41.66,41.695,9592.0,CIEN
2023-06-06 13:20:00,41.65,41.67,41.62,41.66,12176.0,CIEN
2023-06-06 13:19:00,41.64,41.69,41.64,41.65,12707.0,CIEN
2023-06-06 13:18:00,41.675,41.675,41.61,41.64,18262.0,CIEN
2023-06-06 13:17:00,41.73,41.73,41.67,41.67,14179.0,CIEN
2023-06-06 13:16:00,41.71,41.798,41.7,41.74,9208.0,CIEN
2023-06-06 13:15:00,41.709,41.709,41.651,41.69,22733.0,CIEN
2023-06-06 13:14:00,41.755,41.76,41.7,41.705,12323.0,CIEN
2023-06-06 13:13:00,41.755,41.78,41.73,41.75,27659.0,CIEN
2023-06-06 13:12:00,41.73,41.77,41.725,41.76,7884.0,CIEN
2023-06-06 13:11:00,41.75,41.77,41.71,41.725,9658.0,CIEN
2023-06-06 13:10:00,41.71,41.77,41.69,41.76,13476.0,CIEN
2023-06-06 13:09:00,41.65,41.744,41.645,41.71,12984.0,CIEN
2023-06-06 13:08:00,41.8,41.8,41.61,41.639,57519.0,CIEN
2023-06-06 13:07:00,41.885,41.885,41.8,41.8,16040.0,CIEN
2023-06-06 13:06:00,41.985,41.985,41.88,41.88,7165.0,CIEN
2023-06-06 13:05:00,41.945,41.99,41.945,41.985,14342.0,CIEN
2023-06-06 13:04:00,41.955,41.98,41.945,41.95,9197.0,CIEN
2023-06-06 13:03:00,41.9,41.979,41.89,41.959,13375.0,CIEN
2023-06-06 13:02:00,41.81,41.92,41.8,41.905,16467.0,CIEN
2023-06-06 13:01:00,41.9,41.9,41.81,41.81,27944.0,CIEN
2023-06-06 13:00:00,41.92,41.93,41.875,41.91,13046.0,CIEN
2023-06-06 12:59:00,41.96,41.99,41.92,41.93,7181.0,CIEN
2023-06-06 12:58:00,41.88,41.95,41.87,41.945,16143.0,CIEN
2023-06-06 12:57:00,41.92,41.93,41.865,41.88,7095.0,CIEN
2023-06-06 12:56:00,41.92,41.92,41.87,41.92,22096.0,CIEN
2023-06-06 12:55:00,42.025,42.026,41.91,41.91,23021.0,CIEN
2023-06-06 12:54:00,42.05,42.06,42.01,42.037,10278.0,CIEN
2023-06-06 12:53:00,42.055,42.06,42.03,42.047,12729.0,CIEN
2023-06-06 12:52:00,41.985,42.075,41.97,42.06,8876.0,CIEN
2023-06-06 12:51:00,41.95,42.0,41.945,41.996,13219.0,CIEN
2023-06-06 12:50:00,41.94,41.97,41.92,41.955,8188.0,CIEN
2023-06-06 12:49:00,41.98,41.99,41.915,41.94,38398.0,CIEN
2023-06-06 12:48:00,41.989,41.989,41.98,41.98,4344.0,CIEN
2023-06-06 12:47:00,41.985,41.99,41.98,41.99,3225.0,CIEN
2023-06-06 12:46:00,42.052,42.052,41.98,41.988,15064.0,CIEN
2023-06-06 12:45:00,42.03,42.035,42.03,42.03,3172.0,CIEN
2023-06-06 12:44:00,42.035,42.09,42.001,42.001,11917.0,CIEN
2023-06-06 12:43:00,42.0,42.04,41.97,42.039,21541.0,CIEN
2023-06-06 12:42:00,41.905,41.995,41.905,41.995,8305.0,CIEN
2023-06-06 12:41:00,41.93,41.945,41.88,41.9,14001.0,CIEN
2023-06-06 12:40:00,41.909,41.977,41.9,41.929,12631.0,CIEN
2023-06-06 12:39:00,41.91,41.92,41.9,41.9,4731.0,CIEN
2023-06-06 12:38:00,41.91,41.92,41.9,41.91,17552.0,CIEN
2023-06-06 12:37:00,41.96,41.96,41.907,41.91,22561.0,CIEN
2023-06-06 12:36:00,42.03,42.03,41.96,41.96,5336.0,CIEN
2023-06-06 12:35:00,42.07,42.08,42.02,42.02,7580.0,CIEN
2023-06-06 12:34:00,42.07,42.1,42.06,42.093,11915.0,CIEN
2023-06-06 12:33:00,42.07,42.14,42.068,42.07,17902.0,CIEN
2023-06-06 12:32:00,41.93,42.06,41.93,42.06,24275.0,CIEN
2023-06-06 12:31:00,41.914,41.937,41.9,41.935,12580.0,CIEN
2023-06-06 12:30:00,41.88,41.92,41.88,41.915,8800.0,CIEN
2023-06-06 12:29:00,41.94,41.94,41.85,41.87,24390.0,CIEN
2023-06-06 12:28:00,41.933,41.96,41.92,41.96,17671.0,CIEN
2023-06-06 12:27:00,41.95,41.98,41.92,41.94,31100.0,CIEN
2023-06-06 12:26:00,42.035,42.035,41.95,41.955,7510.0,CIEN
2023-06-06 12:25:00,42.0,42.042,41.96,42.035,34928.0,CIEN
2023-06-06 12:24:00,42.07,42.088,42.0,42.0,23389.0,CIEN
2023-06-06 12:23:00,42.06,42.09,42.06,42.07,17233.0,CIEN
2023-06-06 12:22:00,42.049,42.078,42.0,42.06,25883.0,CIEN
2023-06-06 12:21:00,42.125,42.125,42.04,42.04,14477.0,CIEN
2023-06-06 12:20:00,42.08,42.14,42.075,42.13,5149.0,CIEN
2023-06-06 12:19:00,42.09,42.12,42.04,42.08,20651.0,CIEN
2023-06-06 12:18:00,42.09,42.11,42.04,42.11,29890.0,CIEN
2023-06-06 12:17:00,42.23,42.24,42.09,42.1,24012.0,CIEN
2023-06-06 12:16:00,42.255,42.268,42.22,42.235,10961.0,CIEN
2023-06-06 12:15:00,42.25,42.31,42.25,42.265,26506.0,CIEN
2023-06-06 12:14:00,42.21,42.28,42.2,42.245,32817.0,CIEN
2023-06-06 12:13:00,42.3,42.3,42.193,42.21,17431.0,CIEN
2023-06-06 12:12:00,42.31,42.38,42.29,42.315,10532.0,CIEN
2023-06-06 12:11:00,42.235,42.31,42.23,42.31,15625.0,CIEN
2023-06-06 12:10:00,42.315,42.315,42.23,42.23,9912.0,CIEN
2023-06-06 12:09:00,42.327,42.36,42.3,42.33,15964.0,CIEN
2023-06-06 12:08:00,42.4,42.4,42.305,42.33,12872.0,CIEN
2023-06-06 12:07:00,42.655,42.655,42.35,42.4,29648.0,CIEN
2023-06-06 12:06:00,42.64,42.77,42.64,42.655,33097.0,CIEN
2023-06-06 12:05:00,42.62,42.65,42.62,42.635,4979.0,CIEN
2023-06-06 12:04:00,42.58,42.63,42.58,42.61,9403.0,CIEN
2023-06-06 12:03:00,42.625,42.639,42.535,42.586,30804.0,CIEN
2023-06-06 12:02:00,42.52,42.65,42.515,42.61,27109.0,CIEN
2023-06-06 12:01:00,42.355,42.51,42.355,42.51,20952.0,CIEN
2023-06-06 12:00:00,42.39,42.42,42.325,42.355,27475.0,CIEN
2023-06-06 11:59:00,42.37,42.45,42.35,42.375,28032.0,CIEN
2023-06-06 11:58:00,42.35,42.399,42.325,42.36,15663.0,CIEN
2023-06-06 11:57:00,42.42,42.43,42.32,42.37,26967.0,CIEN
2023-06-06 11:56:00,42.51,42.52,42.4,42.4,30954.0,CIEN
2023-06-06 11:55:00,42.69,42.69,42.51,42.51,34713.0,CIEN
2023-06-06 11:54:00,42.71,42.78,42.69,42.69,18259.0,CIEN
2023-06-06 11:53:00,42.56,42.73,42.56,42.73,25821.0,CIEN
2023-06-06 11:52:00,42.734,42.735,42.54,42.555,13978.0,CIEN
2023-06-06 11:51:00,42.86,42.86,42.735,42.744,19171.0,CIEN
2023-06-06 11:50:00,43.075,43.11,42.86,42.865,15324.0,CIEN
2023-06-06 11:49:00,43.045,43.14,43.03,43.07,14431.0,CIEN
2023-06-06 11:48:00,43.06,43.09,43.012,43.06,13599.0,CIEN
2023-06-06 11:47:00,43.0,43.09,42.995,43.05,18170.0,CIEN
2023-06-06 11:46:00,42.979,43.0,42.93,43.0,18507.0,CIEN
2023-06-06 11:45:00,42.87,43.01,42.865,42.985,23016.0,CIEN
2023-06-06 11:44:00,42.84,42.88,42.84,42.88,11058.0,CIEN
2023-06-06 11:43:00,42.89,42.89,42.8,42.83,16663.0,CIEN
2023-06-06 11:42:00,42.755,42.89,42.74,42.89,22425.0,CIEN
2023-06-06 11:41:00,42.72,42.77,42.715,42.755,11424.0,CIEN
2023-06-06 11:40:00,42.775,42.78,42.69,42.72,9309.0,CIEN
2023-06-06 11:39:00,42.665,42.79,42.665,42.77,17407.0,CIEN
2023-06-06 11:38:00,42.65,42.68,42.6,42.679,46213.0,CIEN
2023-06-06 11:37:00,42.675,42.68,42.65,42.65,32955.0,CIEN
2023-06-06 11:36:00,42.909,42.909,42.66,42.67,20114.0,CIEN
2023-06-06 11:35:00,42.75,42.905,42.74,42.905,18400.0,CIEN
2023-06-06 11:34:00,42.74,42.75,42.7,42.72,15182.0,CIEN
2023-06-06 11:33:00,42.83,42.835,42.7,42.74,30322.0,CIEN
2023-06-06 11:32:00,42.81,42.84,42.8,42.835,15086.0,CIEN
2023-06-06 11:31:00,42.81,42.816,42.8,42.805,15006.0,CIEN
2023-06-06 11:30:00,42.77,42.87,42.76,42.81,21199.0,CIEN
2023-06-06 11:29:00,42.8,42.805,42.75,42.76,27157.0,CIEN
2023-06-06 11:28:00,42.855,42.855,42.7,42.805,31787.0,CIEN
2023-06-06 11:27:00,42.825,43.01,42.8,42.855,36708.0,CIEN
2023-06-06 11:26:00,42.75,42.91,42.72,42.85,50393.0,CIEN
2023-06-06 11:25:00,42.74,42.79,42.69,42.729,29933.0,CIEN
2023-06-06 11:24:00,42.71,42.78,42.7,42.735,23065.0,CIEN
2023-06-06 11:23:00,42.72,42.725,42.69,42.72,31756.0,CIEN
2023-06-06 11:22:00,42.75,42.84,42.72,42.721,40369.0,CIEN
2023-06-06 11:21:00,42.87,42.87,42.75,42.76,15965.0,CIEN
2023-06-06 11:20:00,42.79,42.92,42.79,42.88,24156.0,CIEN
2023-06-06 11:19:00,42.75,42.79,42.72,42.783,24813.0,CIEN
2023-06-06 11:18:00,42.74,42.79,42.735,42.765,14703.0,CIEN
2023-06-06 11:17:00,42.725,42.735,42.72,42.735,21061.0,CIEN
2023-06-06 11:16:00,42.77,42.77,42.71,42.725,16818.0,CIEN
2023-06-06 11:15:00,42.83,42.84,42.76,42.77,17320.0,CIEN
2023-06-06 11:14:00,42.975,42.98,42.81,42.82,14340.0,CIEN
2023-06-06 11:13:00,42.93,43.04,42.88,42.97,30740.0,CIEN
2023-06-06 11:12:00,42.925,42.95,42.85,42.93,27962.0,CIEN
2023-06-06 11:11:00,43.059,43.11,42.92,42.92,44289.0,CIEN
2023-06-06 11:10:00,43.176,43.215,43.07,43.07,29350.0,CIEN
2023-06-06 11:09:00,43.26,43.26,43.13,43.17,22156.0,CIEN
2023-06-06 11:08:00,43.15,43.29,43.02,43.26,72097.0,CIEN
2023-06-06 11:07:00,43.085,43.25,43.085,43.15,64087.0,CIEN
2023-06-06 11:06:00,42.835,43.085,42.83,43.085,58200.0,CIEN
2023-06-06 11:05:00,42.812,42.92,42.8,42.835,33452.0,CIEN
2023-06-06 11:04:00,42.71,42.83,42.68,42.805,16276.0,CIEN
2023-06-06 11:03:00,42.665,42.75,42.65,42.695,22024.0,CIEN
2023-06-06 11:02:00,42.62,42.68,42.6,42.665,26808.0,CIEN
2023-06-06 11:01:00,42.65,42.71,42.55,42.61,38780.0,CIEN
2023-06-06 11:00:00,42.5,42.7,42.5,42.64,24403.0,CIEN
2023-06-06 10:59:00,42.47,42.5,42.47,42.5,11643.0,CIEN
2023-06-06 10:58:00,42.46,42.495,42.45,42.461,12102.0,CIEN
2023-06-06 10:57:00,42.42,42.48,42.42,42.46,19413.0,CIEN
2023-06-06 10:56:00,42.355,42.42,42.33,42.42,18297.0,CIEN
2023-06-06 10:55:00,42.38,42.38,42.33,42.35,16247.0,CIEN
2023-06-06 10:54:00,42.315,42.39,42.3,42.39,15329.0,CIEN
2023-06-06 10:53:00,42.37,42.41,42.315,42.315,16699.0,CIEN
2023-06-06 10:52:00,42.21,42.38,42.21,42.38,20229.0,CIEN
2023-06-06 10:51:00,42.135,42.23,42.135,42.2,9664.0,CIEN
2023-06-06 10:50:00,42.105,42.19,42.1,42.14,30941.0,CIEN
2023-06-06 10:49:00,42.05,42.114,42.02,42.105,12354.0,CIEN
2023-06-06 10:48:00,42.11,42.125,42.055,42.06,28614.0,CIEN
2023-06-06 10:47:00,42.28,42.28,42.12,42.128,21548.0,CIEN
2023-06-06 10:46:00,42.25,42.28,42.25,42.275,15933.0,CIEN
2023-06-06 10:45:00,42.28,42.3,42.25,42.25,17430.0,CIEN
2023-06-06 10:44:00,42.198,42.25,42.18,42.25,13014.0,CIEN
2023-06-06 10:43:00,42.22,42.22,42.19,42.2,10507.0,CIEN
2023-06-06 10:42:00,42.17,42.27,42.17,42.22,12517.0,CIEN
2023-06-06 10:41:00,42.12,42.29,42.115,42.17,22845.0,CIEN
2023-06-06 10:40:00,42.05,42.12,42.05,42.11,15044.0,CIEN
2023-06-06 10:39:00,42.13,42.13,42.05,42.05,17092.0,CIEN
2023-06-06 10:38:00,42.11,42.21,42.09,42.15,39096.0,CIEN
2023-06-06 10:37:00,42.01,42.1,41.99,42.095,24844.0,CIEN
2023-06-06 10:36:00,41.96,42.03,41.92,42.01,20975.0,CIEN
2023-06-06 10:35:00,42.03,42.047,41.83,41.93,90368.0,CIEN
2023-06-06 10:34:00,42.045,42.08,42.0,42.015,18914.0,CIEN
2023-06-06 10:33:00,42.145,42.145,42.03,42.03,35902.0,CIEN
2023-06-06 10:32:00,42.09,42.23,42.085,42.14,11733.0,CIEN
2023-06-06 10:31:00,42.17,42.22,42.1,42.1,20293.0,CIEN
2023-06-06 10:30:00,42.06,42.175,42.06,42.175,101448.0,CIEN
2023-06-06 10:29:00,42.17,42.17,42.02,42.045,21121.0,CIEN
2023-06-06 10:28:00,42.22,42.22,42.11,42.19,36230.0,CIEN
2023-06-06 10:27:00,42.305,42.305,42.22,42.22,32084.0,CIEN
2023-06-06 10:26:00,42.415,42.42,42.29,42.31,16253.0,CIEN
2023-06-06 10:25:00,42.39,42.42,42.37,42.415,12377.0,CIEN
2023-06-06 10:24:00,42.345,42.4,42.345,42.395,8457.0,CIEN
2023-06-06 10:23:00,42.465,42.47,42.31,42.355,21393.0,CIEN
2023-06-06 10:22:00,42.55,42.59,42.46,42.465,18646.0,CIEN
2023-06-06 10:21:00,42.53,42.55,42.46,42.53,22214.0,CIEN
2023-06-06 10:20:00,42.47,42.546,42.465,42.53,11454.0,CIEN
2023-06-06 10:19:00,42.48,42.48,42.42,42.46,12945.0,CIEN
2023-06-06 10:18:00,42.35,42.494,42.35,42.494,31656.0,CIEN
2023-06-06 10:17:00,42.255,42.41,42.255,42.38,18535.0,CIEN
2023-06-06 10:16:00,42.2,42.28,42.135,42.275,40807.0,CIEN
2023-06-06 10:15:00,42.17,42.35,42.17,42.235,34891.0,CIEN
2023-06-06 10:14:00,42.25,42.28,42.145,42.161,31348.0,CIEN
2023-06-06 10:13:00,42.505,42.53,42.235,42.27,33659.0,CIEN
2023-06-06 10:12:00,42.55,42.64,42.5,42.505,26881.0,CIEN
2023-06-06 10:11:00,42.56,42.62,42.53,42.599,12639.0,CIEN
2023-06-06 10:10:00,42.49,42.559,42.44,42.515,28631.0,CIEN
2023-06-06 10:09:00,42.4,42.48,42.29,42.47,31566.0,CIEN
2023-06-06 10:08:00,42.11,42.45,42.11,42.42,50715.0,CIEN
2023-06-06 10:07:00,42.27,42.27,42.11,42.115,25537.0,CIEN
2023-06-06 10:06:00,42.3,42.34,42.27,42.28,21865.0,CIEN
2023-06-06 10:05:00,42.21,42.34,42.15,42.33,45818.0,CIEN
2023-06-06 10:04:00,42.5,42.5,42.23,42.23,32212.0,CIEN
2023-06-06 10:03:00,42.555,42.555,42.48,42.5,18498.0,CIEN
2023-06-06 10:02:00,42.565,42.61,42.54,42.555,30556.0,CIEN
2023-06-06 10:01:00,42.5,42.605,42.473,42.58,16886.0,CIEN
2023-06-06 10:00:00,42.48,42.56,42.46,42.49,40488.0,CIEN
2023-06-06 09:59:00,42.465,42.5,42.44,42.49,35654.0,CIEN
2023-06-06 09:58:00,42.38,42.465,42.38,42.465,28707.0,CIEN
2023-06-06 09:57:00,42.24,42.43,42.217,42.39,36724.0,CIEN
2023-06-06 09:56:00,42.46,42.465,42.218,42.25,41233.0,CIEN
2023-06-06 09:55:00,42.339,42.52,42.335,42.46,26562.0,CIEN
2023-06-06 09:54:00,42.525,42.525,42.31,42.335,48772.0,CIEN
2023-06-06 09:53:00,42.46,42.54,42.415,42.51,26457.0,CIEN
2023-06-06 09:52:00,42.475,42.57,42.4,42.46,64281.0,CIEN
2023-06-06 09:51:00,42.518,42.59,42.46,42.475,37428.0,CIEN
2023-06-06 09:50:00,42.772,42.772,42.53,42.53,27239.0,CIEN
2023-06-06 09:49:00,42.61,42.84,42.6,42.755,32023.0,CIEN
2023-06-06 09:48:00,42.55,42.77,42.41,42.605,30360.0,CIEN
2023-06-06 09:47:00,42.485,42.62,42.38,42.525,49909.0,CIEN
2023-06-06 09:46:00,42.11,42.655,42.1,42.468,108795.0,CIEN
2023-06-06 09:45:00,42.375,42.375,42.1,42.11,78050.0,CIEN
2023-06-06 09:44:00,42.0,42.44,41.951,42.375,57480.0,CIEN
2023-06-06 09:43:00,42.4,42.41,42.0,42.005,85286.0,CIEN
2023-06-06 09:42:00,42.55,42.85,42.41,42.41,43240.0,CIEN
2023-06-06 09:41:00,42.36,42.77,42.34,42.615,23105.0,CIEN
2023-06-06 09:40:00,42.317,42.78,42.298,42.37,36903.0,CIEN
2023-06-06 09:39:00,42.215,42.47,42.06,42.34,12942.0,CIEN
2023-06-06 09:38:00,41.94,42.42,41.88,42.293,28379.0,CIEN
2023-06-06 09:37:00,41.781,42.17,41.781,41.801,76914.0,CIEN
2023-06-06 09:36:00,42.558,42.558,41.78,41.79,58463.0,CIEN
2023-06-06 09:35:00,42.905,42.905,42.305,42.6,71027.0,CIEN
2023-06-06 09:34:00,43.0,43.2,42.9,42.9,75478.0,CIEN
2023-06-06 09:33:00,42.48,43.19,42.46,42.99,70533.0,CIEN
2023-06-06 09:32:00,42.38,42.56,42.03,42.48,65912.0,CIEN
2023-06-06 09:31:00,42.319,42.51,42.01,42.2,107805.0,CIEN
2023-06-06 09:30:00,42.92,43.19,42.2,42.329,230454.0,CIEN
2023-06-06 09:29:00,43.25,43.25,42.99,43.04,21773.0,CIEN
2023-06-06 09:28:00,43.51,43.55,43.3,43.3,15871.0,CIEN
2023-06-06 09:27:00,43.76,43.76,43.51,43.51,2436.0,CIEN
2023-06-06 09:26:00,43.71,43.85,43.7,43.85,9117.0,CIEN
2023-06-06 09:25:00,43.57,43.759,43.41,43.71,2366.0,CIEN
2023-06-06 09:24:00,43.8,43.8,43.35,43.6,2837.0,CIEN
2023-06-06 09:23:00,43.8,43.8,43.7,43.7,104.0,CIEN
2023-06-06 09:22:00,43.95,43.95,43.72,43.84,183.0,CIEN
2023-06-06 09:21:00,43.9,43.95,43.8,43.95,7377.0,CIEN
2023-06-06 09:20:00,43.3,44.0,43.3,43.9,16276.0,CIEN
2023-06-06 09:19:00,43.28,43.3,43.24,43.3,1084.0,CIEN
2023-06-06 09:18:00,43.28,43.28,43.25,43.28,1102.0,CIEN
2023-06-06 09:17:00,43.3,43.5,43.25,43.25,2840.0,CIEN
2023-06-06 09:16:00,43.063,43.5,43.063,43.5,2100.0,CIEN
2023-06-06 09:15:00,43.0,43.49,42.8,42.95,17264.0,CIEN
2023-06-06 09:14:00,42.87,43.2,42.87,43.14,493.0,CIEN
2023-06-06 09:13:00,42.85,43.0,42.61,43.0,4471.0,CIEN
2023-06-06 09:12:00,43.6,43.7,42.73,42.76,14088.0,CIEN
2023-06-06 09:11:00,43.46,43.7,43.39,43.7,12560.0,CIEN
2023-06-06 09:10:00,43.36,43.4,43.02,43.33,3613.0,CIEN
2023-06-06 09:09:00,43.71,43.72,43.2,43.47,11018.0,CIEN
2023-06-06 09:08:00,43.8,43.8,43.7,43.71,1235.0,CIEN
2023-06-06 09:07:00,43.7,43.84,43.7,43.82,228.0,CIEN
2023-06-06 09:06:00,43.85,43.95,43.7,43.72,5001.0,CIEN
2023-06-06 09:05:00,43.7,43.95,43.7,43.85,2895.0,CIEN
2023-06-06 09:04:00,43.95,43.95,43.75,43.75,3804.0,CIEN
2023-06-06 09:03:00,43.9,43.94,43.8,43.8,492.0,CIEN
2023-06-06 09:02:00,43.9,43.9,43.9,43.9,27.0,CIEN
2023-06-06 09:01:00,43.8,43.9,43.6,43.9,5619.0,CIEN
2023-06-06 09:00:00,43.92,44.0,43.7,43.7,4798.0,CIEN
2023-06-06 08:59:00,43.9,44.0,43.9,44.0,16055.0,CIEN
2023-06-06 08:58:00,43.9,44.0,43.87,44.0,552.0,CIEN
2023-06-06 08:57:00,44.0,44.0,43.6,43.9,6489.0,CIEN
2023-06-06 08:56:00,44.33,44.5,43.9,43.9,5262.0,CIEN
2023-06-06 08:55:00,44.99,45.0,44.34,44.5,13543.0,CIEN
2023-06-06 08:54:00,44.41,45.0,44.32,45.0,302.0,CIEN
2023-06-06 08:53:00,44.71,44.75,44.49,44.75,4768.0,CIEN
2023-06-06 08:52:00,44.7,44.85,44.7,44.7,7751.0,CIEN
2023-06-06 08:51:00,44.85,44.9,44.7,44.7,14952.0,CIEN
2023-06-06 08:50:00,45.47,45.5,44.7,44.85,8055.0,CIEN
2023-06-06 08:49:00,45.0,45.5,45.0,45.5,5720.0,CIEN
2023-06-06 08:48:00,44.6,45.2,44.5,45.15,9053.0,CIEN
2023-06-06 08:47:00,44.0,44.7,43.99,44.6,10211.0,CIEN
2023-06-06 08:46:00,44.2,44.2,43.7,44.0,1683.0,CIEN
2023-06-06 08:45:00,44.32,44.5,43.8,43.8,2901.0,CIEN
2023-06-06 08:44:00,44.55,44.6,44.3,44.371,4662.0,CIEN
2023-06-06 08:43:00,44.59,44.67,44.52,44.55,1605.0,CIEN
2023-06-06 08:42:00,44.907,44.907,44.6,44.61,2493.0,CIEN
2023-06-06 08:41:00,45.21,45.3,44.49,44.7,2856.0,CIEN
2023-06-06 08:40:00,45.5,45.5,45.14,45.14,2230.0,CIEN
2023-06-06 08:39:00,45.5,45.5,45.5,45.5,870.0,CIEN
2023-06-06 08:38:00,45.5,45.5,45.162,45.5,2558.0,CIEN
2023-06-06 08:37:00,45.6,45.6,45.14,45.5,8758.0,CIEN
2023-06-06 08:36:00,46.7,47.71,45.3,45.5,3138.0,CIEN
2023-06-06 08:35:00,48.2,48.3,46.7,46.75,8088.0,CIEN
2023-06-06 08:34:00,49.11,49.3,48.19,48.2,2315.0,CIEN
2023-06-06 08:26:00,49.44,49.44,49.44,49.44,100.0,CIEN
2023-06-06 08:25:00,49.4,49.4,49.4,49.4,10.0,CIEN
2023-06-06 08:24:00,49.48,49.48,49.48,49.48,150.0,CIEN
2023-06-06 08:22:00,49.49,49.49,49.49,49.49,200.0,CIEN
2023-06-06 08:21:00,49.3,49.49,49.3,49.4,95.0,CIEN
2023-06-06 08:20:00,49.3,49.3,49.3,49.3,320.0,CIEN
2023-06-06 08:19:00,49.3,49.4,49.0,49.25,379.0,CIEN
2023-06-06 08:18:00,49.35,49.35,49.35,49.35,150.0,CIEN
2023-06-06 08:17:00,49.06,49.25,49.0,49.0,585.0,CIEN
2023-06-06 08:16:00,49.34,49.49,49.0,49.0,750.0,CIEN
2023-06-06 08:15:00,49.455,49.49,49.455,49.49,84.0,CIEN
2023-06-06 08:14:00,49.15,49.23,49.15,49.23,11.0,CIEN
2023-06-06 08:12:00,48.58,49.0,48.5,49.0,172.0,CIEN
2023-06-06 08:11:00,48.9,48.9,48.9,48.9,6.0,CIEN
2023-06-06 08:10:00,49.03,49.03,49.03,49.03,4.0,CIEN
2023-06-06 08:09:00,49.1,49.43,49.01,49.01,1261.0,CIEN
2023-06-06 08:08:00,49.36,49.37,49.1,49.1,458.0,CIEN
2023-06-06 08:07:00,49.09,49.5,49.09,49.5,110.0,CIEN
2023-06-06 08:06:00,48.85,49.5,48.85,49.5,585.0,CIEN
2023-06-06 08:05:00,48.75,49.12,48.75,49.12,1996.0,CIEN
2023-06-06 08:03:00,48.75,48.925,48.75,48.75,500.0,CIEN
2023-06-06 08:02:00,48.65,48.65,48.65,48.65,20.0,CIEN
2023-06-06 08:01:00,48.2,50.699,48.2,49.799,34.0,CIEN
2023-06-06 08:00:00,50.23,51.27,48.699,48.7,17564.0,CIEN
2023-06-06 07:59:00,48.7,48.75,48.5,48.58,977.0,CIEN
2023-06-06 07:58:00,48.91,48.99,48.91,48.99,20.0,CIEN
2023-06-06 07:57:00,48.85,49.0,48.8,48.8,125.0,CIEN
2023-06-06 07:56:00,48.8,48.8,48.8,48.8,238.0,CIEN
2023-06-06 07:55:00,49.1,49.1,48.77,49.0,917.0,CIEN
2023-06-06 07:54:00,49.35,49.35,49.35,49.35,100.0,CIEN
2023-06-06 07:53:00,49.16,49.16,49.12,49.12,20.0,CIEN
2023-06-06 07:43:00,49.2,49.4,49.2,49.4,205.0,CIEN
2023-06-06 07:38:00,49.09,49.09,49.09,49.09,11.0,CIEN
2023-06-06 07:37:00,49.48,49.48,49.09,49.09,39.0,CIEN
2023-06-06 07:36:00,49.2,49.2,49.01,49.01,2400.0,CIEN
2023-06-06 07:27:00,49.26,49.26,49.12,49.12,100.0,CIEN
2023-06-06 07:26:00,49.52,49.52,49.44,49.44,33.0,CIEN
2023-06-06 07:24:00,49.5,49.5,49.5,49.5,73.0,CIEN
2023-06-06 07:23:00,49.5,49.79,49.5,49.79,31.0,CIEN
2023-06-06 07:22:00,49.5,49.8,49.5,49.5,371.0,CIEN
2023-06-06 07:20:00,49.5,49.5,49.5,49.5,100.0,CIEN
2023-06-06 07:18:00,49.47,49.55,49.42,49.42,130.0,CIEN
2023-06-06 07:17:00,49.46,49.65,49.46,49.51,201.0,CIEN
2023-06-06 07:16:00,49.27,49.27,49.27,49.27,1.0,CIEN
2023-06-06 07:14:00,49.03,49.14,49.03,49.06,309.0,CIEN
2023-06-06 07:13:00,49.36,49.4,49.2,49.25,292.0,CIEN
2023-06-06 07:12:00,49.39,49.39,49.39,49.39,4.0,CIEN
2023-06-06 07:11:00,49.31,49.4,49.31,49.4,100.0,CIEN
2023-06-06 07:10:00,49.06,49.16,49.0,49.16,55.0,CIEN
2023-06-06 07:09:00,49.2,49.3,49.0,49.2,498.0,CIEN
2023-06-06 07:08:00,49.55,49.55,49.55,49.55,100.0,CIEN
2023-06-06 07:07:00,49.5,49.5,49.5,49.5,116.0,CIEN
2023-06-06 07:06:00,50.0,50.01,49.5,49.5,429.0,CIEN
2023-06-06 07:05:00,50.18,50.18,50.18,50.18,3.0,CIEN
2023-06-06 07:04:00,50.48,50.48,50.07,50.07,421.0,CIEN
2023-06-06 07:03:00,50.78,50.97,50.7,50.87,754.0,CIEN
2023-06-06 07:02:00,50.57,50.99,49.8,50.9,4255.0,CIEN
2023-06-06 07:01:00,50.8,51.9,50.8,51.0,2940.0,CIEN
2023-06-06 07:00:00,48.2,50.5,48.2,50.0,1370.0,CIEN
2023-06-06 06:04:00,48.0,48.0,48.0,48.0,64.0,CIEN
2023-06-06 06:03:00,48.0,48.0,48.0,48.0,81.0,CIEN
2023-06-06 04:44:00,48.0,48.0,48.0,48.0,4.0,CIEN
2023-06-06 04:26:00,48.0,48.0,48.0,48.0,21.0,CIEN
2023-06-06 04:09:00,47.62,47.62,47.62,47.62,10.0,CIEN
2023-06-06 04:06:00,48.33,48.33,48.33,48.33,14.0,CIEN
2023-06-06 04:03:00,48.0,48.0,48.0,48.0,4.0,CIEN
2023-06-05 19:59:00,47.98,48.0,47.98,48.0,147.0,CIEN
2023-06-05 19:58:00,47.98,47.98,47.98,47.98,10.0,CIEN
2023-06-05 19:56:00,47.98,47.98,47.98,47.98,15.0,CIEN
2023-06-05 19:55:00,47.98,47.98,47.98,47.98,2.0,CIEN
2023-06-05 19:54:00,48.0,48.0,48.0,48.0,25.0,CIEN
2023-06-05 19:52:00,48.0,48.0,48.0,48.0,100.0,CIEN
2023-06-05 19:50:00,48.0,48.0,48.0,48.0,50.0,CIEN
2023-06-05 19:49:00,48.0,48.0,48.0,48.0,5.0,CIEN
2023-06-05 19:48:00,48.0,48.0,48.0,48.0,501.0,CIEN
2023-06-05 19:46:00,48.09,48.09,48.09,48.09,10.0,CIEN
2023-06-05 19:45:00,48.09,48.09,48.09,48.09,2800.0,CIEN
2023-06-05 19:43:00,48.09,48.09,48.09,48.09,30.0,CIEN
2023-06-05 19:42:00,48.09,48.09,48.09,48.09,888.0,CIEN
2023-06-05 19:41:00,48.09,48.09,48.09,48.09,1999.0,CIEN
2023-06-05 19:40:00,48.06,48.09,48.06,48.09,28.0,CIEN
2023-06-05 19:16:00,48.09,48.09,48.09,48.09,370.0,CIEN
2023-06-05 19:10:00,47.9,48.09,47.9,48.09,207.0,CIEN
2023-06-05 19:01:00,48.06,48.06,48.06,48.06,11.0,CIEN
2023-06-05 19:00:00,47.5,47.5,47.5,47.5,177495.0,CIEN
2023-06-05 18:57:00,48.06,48.06,48.06,48.06,10.0,CIEN
2023-06-05 18:55:00,48.0,48.0,48.0,48.0,100.0,CIEN
2023-06-05 18:53:00,47.95,47.95,47.95,47.95,5.0,CIEN
2023-06-05 18:52:00,47.98,47.98,47.98,47.98,1.0,CIEN
2023-06-05 18:51:00,47.95,47.95,47.95,47.95,5.0,CIEN
2023-06-05 18:46:00,48.09,48.09,47.98,47.98,27.0,CIEN
2023-06-05 18:41:00,47.96,48.06,47.96,48.06,212.0,CIEN
2023-06-05 18:40:00,47.88,47.88,47.88,47.88,25.0,CIEN
2023-06-05 18:33:00,48.09,48.09,48.09,48.09,201.0,CIEN
2023-06-05 18:30:00,47.5,47.5,47.5,47.5,177495.0,CIEN
2023-06-05 18:29:00,47.75,47.75,47.67,47.67,75.0,CIEN
2023-06-05 18:28:00,47.69,47.69,47.69,47.69,60.0,CIEN
2023-06-05 18:27:00,47.7,47.7,47.7,47.7,100.0,CIEN
2023-06-05 18:26:00,47.95,47.95,47.78,47.78,120.0,CIEN
2023-06-05 18:25:00,48.09,48.09,48.09,48.09,200.0,CIEN
2023-06-05 18:23:00,48.02,48.02,48.0,48.0,125.0,CIEN
2023-06-05 18:22:00,48.09,48.09,48.09,48.09,1.0,CIEN
2023-06-05 18:20:00,48.1,48.1,48.09,48.09,274.0,CIEN
2023-06-05 18:17:00,48.1,48.1,48.1,48.1,101.0,CIEN
2023-06-05 18:15:00,48.2,48.2,48.2,48.2,14.0,CIEN
2023-06-05 18:12:00,48.35,48.35,48.35,48.35,100.0,CIEN
2023-06-05 18:09:00,48.1,48.1,48.1,48.1,168.0,CIEN
2023-06-05 18:08:00,48.329,48.329,48.329,48.329,70.0,CIEN
2023-06-05 18:04:00,48.2,48.349,48.2,48.349,2733.0,CIEN
2023-06-05 17:58:00,48.22,48.35,48.22,48.35,7150.0,CIEN
2023-06-05 17:56:00,48.2,48.35,48.2,48.35,101.0,CIEN
2023-06-05 17:55:00,48.35,48.35,48.35,48.35,66.0,CIEN
2023-06-05 17:54:00,48.2,48.2,48.2,48.2,53.0,CIEN
2023-06-05 17:49:00,48.4,48.4,48.4,48.4,500.0,CIEN
2023-06-05 17:48:00,48.35,48.35,48.35,48.35,29.0,CIEN
2023-06-05 17:46:00,48.35,48.35,48.35,48.35,5.0,CIEN
2023-06-05 17:44:00,48.24,48.24,48.24,48.24,64.0,CIEN
2023-06-05 17:41:00,48.29,48.3,48.29,48.3,670.0,CIEN
2023-06-05 17:39:00,48.2,48.2,48.2,48.2,1259.0,CIEN
2023-06-05 17:30:00,48.2,48.2,48.2,48.2,50.0,CIEN
2023-06-05 17:29:00,48.27,48.3,48.27,48.3,1705.0,CIEN
2023-06-05 17:28:00,48.27,48.27,48.27,48.27,2.0,CIEN
2023-06-05 17:27:00,48.27,48.27,48.27,48.27,10.0,CIEN
2023-06-05 17:21:00,48.3,48.3,48.17,48.17,94.0,CIEN
2023-06-05 17:20:00,48.3,48.3,48.3,48.3,10.0,CIEN
2023-06-05 17:19:00,48.3,48.3,48.3,48.3,1.0,CIEN
2023-06-05 17:18:00,48.3,48.3,48.3,48.3,76.0,CIEN
2023-06-05 17:16:00,48.3,48.3,48.3,48.3,741.0,CIEN
2023-06-05 17:15:00,48.3,48.3,48.3,48.3,118.0,CIEN
2023-06-05 17:14:00,48.3,48.3,48.3,48.3,5.0,CIEN
2023-06-05 17:13:00,48.3,48.3,48.3,48.3,5.0,CIEN
2023-06-05 17:12:00,48.3,48.3,48.23,48.3,341.0,CIEN
2023-06-05 17:03:00,48.1,48.1,48.1,48.1,100.0,CIEN
2023-06-05 17:01:00,48.1,48.1,48.1,48.1,25.0,CIEN
2023-06-05 16:59:00,48.3,48.3,48.0,48.0,7705.0,CIEN
2023-06-05 16:57:00,48.06,48.06,48.0,48.0,216.0,CIEN
2023-06-05 16:56:00,48.06,48.06,48.06,48.06,100.0,CIEN
2023-06-05 16:55:00,48.05,48.06,48.05,48.06,72.0,CIEN
2023-06-05 16:53:00,48.0,48.05,48.0,48.05,35.0,CIEN
2023-06-05 16:52:00,48.0,48.0,48.0,48.0,142.0,CIEN
2023-06-05 16:46:00,48.0,48.0,48.0,48.0,1275.0,CIEN
2023-06-05 16:44:00,48.0,48.0,48.0,48.0,103.0,CIEN
2023-06-05 16:42:00,47.5,47.5,47.5,47.5,37775.0,CIEN
2023-06-05 16:41:00,48.0,48.0,47.9,47.9,1001.0,CIEN
2023-06-05 16:39:00,47.95,47.95,47.94,47.95,328.0,CIEN
2023-06-05 16:38:00,47.8,47.8,47.8,47.8,2.0,CIEN
2023-06-05 16:30:00,48.09,48.1,47.74,47.74,101.0,CIEN
2023-06-05 16:24:00,47.73,48.1,47.73,48.1,160.0,CIEN
2023-06-05 16:22:00,47.74,47.74,47.74,47.74,8.0,CIEN
2023-06-05 16:19:00,48.058,48.058,48.058,48.058,500.0,CIEN
2023-06-05 16:16:00,47.73,48.1,47.73,48.1,26.0,CIEN
2023-06-05 16:15:00,47.74,47.74,47.74,47.74,35.0,CIEN
2023-06-05 16:14:00,47.7,47.74,47.7,47.74,64.0,CIEN
2023-06-05 16:12:00,47.51,47.51,47.51,47.51,2.0,CIEN
2023-06-05 16:10:00,47.5,47.5,47.5,47.5,177495.0,CIEN
2023-06-05 16:08:00,47.5,47.5,47.5,47.5,46.0,CIEN
2023-06-05 16:06:00,47.74,47.74,47.74,47.74,2.0,CIEN
2023-06-05 16:03:00,47.74,47.94,47.0,47.0,855.0,CIEN
2023-06-05 16:02:00,47.74,48.45,47.5,47.74,1148.0,CIEN
2023-06-05 16:01:00,47.74,47.9,47.74,47.9,953.0,CIEN
2023-06-05 16:00:00,47.52,47.74,47.5,47.74,375862.0,CIEN
2023-06-05 15:59:00,47.435,47.52,47.41,47.52,100066.0,CIEN
2023-06-05 15:58:00,47.45,47.46,47.41,47.435,59571.0,CIEN
2023-06-05 15:57:00,47.47,47.49,47.43,47.455,56961.0,CIEN
2023-06-05 15:56:00,47.52,47.52,47.46,47.47,54199.0,CIEN
2023-06-05 15:55:00,47.565,47.57,47.51,47.51,47088.0,CIEN
2023-06-05 15:54:00,47.6,47.62,47.57,47.57,29245.0,CIEN
2023-06-05 15:53:00,47.545,47.61,47.54,47.6,31974.0,CIEN
2023-06-05 15:52:00,47.55,47.56,47.51,47.54,40049.0,CIEN
2023-06-05 15:51:00,47.59,47.59,47.55,47.56,25673.0,CIEN
2023-06-05 15:50:00,47.608,47.615,47.56,47.59,29943.0,CIEN
2023-06-05 15:49:00,47.6,47.62,47.57,47.61,18892.0,CIEN
2023-06-05 15:48:00,47.6,47.63,47.58,47.61,26384.0,CIEN
2023-06-05 15:47:00,47.53,47.62,47.51,47.6,26212.0,CIEN
2023-06-05 15:46:00,47.495,47.545,47.495,47.54,23453.0,CIEN
2023-06-05 15:45:00,47.51,47.52,47.46,47.51,22880.0,CIEN
2023-06-05 15:44:00,47.52,47.57,47.49,47.505,20420.0,CIEN
2023-06-05 15:43:00,47.48,47.56,47.46,47.525,26768.0,CIEN
2023-06-05 15:42:00,47.34,47.47,47.33,47.47,41419.0,CIEN
2023-06-05 15:41:00,47.33,47.37,47.32,47.34,17476.0,CIEN
2023-06-05 15:40:00,47.369,47.375,47.34,47.345,20325.0,CIEN
2023-06-05 15:39:00,47.36,47.361,47.34,47.35,14531.0,CIEN
2023-06-05 15:38:00,47.3,47.36,47.3,47.355,19914.0,CIEN
2023-06-05 15:37:00,47.33,47.34,47.3,47.3,13622.0,CIEN
2023-06-05 15:36:00,47.31,47.34,47.3,47.33,12366.0,CIEN
2023-06-05 15:35:00,47.34,47.35,47.325,47.325,8518.0,CIEN
2023-06-05 15:34:00,47.38,47.38,47.31,47.34,11520.0,CIEN
2023-06-05 15:33:00,47.455,47.455,47.385,47.385,10059.0,CIEN
2023-06-05 15:32:00,47.49,47.49,47.45,47.47,18674.0,CIEN
2023-06-05 15:31:00,47.53,47.53,47.49,47.5,24947.0,CIEN
2023-06-05 15:30:00,47.52,47.535,47.5,47.53,13174.0,CIEN
2023-06-05 15:29:00,47.535,47.55,47.49,47.505,8511.0,CIEN
2023-06-05 15:28:00,47.53,47.575,47.51,47.54,19467.0,CIEN
2023-06-05 15:27:00,47.51,47.57,47.5,47.53,11319.0,CIEN
2023-06-05 15:26:00,47.515,47.55,47.515,47.525,5819.0,CIEN
2023-06-05 15:25:00,47.56,47.58,47.51,47.515,8764.0,CIEN
2023-06-05 15:24:00,47.545,47.56,47.52,47.559,6426.0,CIEN
2023-06-05 15:23:00,47.56,47.56,47.536,47.558,3720.0,CIEN
2023-06-05 15:22:00,47.555,47.595,47.53,47.56,7387.0,CIEN
2023-06-05 15:21:00,47.55,47.585,47.525,47.555,8296.0,CIEN
2023-06-05 15:20:00,47.485,47.56,47.48,47.55,6831.0,CIEN
2023-06-05 15:19:00,47.465,47.54,47.465,47.49,11296.0,CIEN
2023-06-05 15:18:00,47.435,47.48,47.42,47.48,6810.0,CIEN
2023-06-05 15:17:00,47.385,47.44,47.385,47.435,4470.0,CIEN
2023-06-05 15:16:00,47.395,47.395,47.365,47.385,7842.0,CIEN
2023-06-05 15:15:00,47.411,47.43,47.38,47.4,8106.0,CIEN
2023-06-05 15:14:00,47.395,47.41,47.38,47.41,5574.0,CIEN
2023-06-05 15:13:00,47.36,47.39,47.355,47.39,2938.0,CIEN
2023-06-05 15:12:00,47.28,47.355,47.28,47.335,8590.0,CIEN
2023-06-05 15:11:00,47.275,47.275,47.25,47.27,1034.0,CIEN
2023-06-05 15:10:00,47.295,47.32,47.275,47.275,3250.0,CIEN
2023-06-05 15:09:00,47.265,47.32,47.265,47.295,4651.0,CIEN
2023-06-05 15:08:00,47.34,47.345,47.265,47.265,5913.0,CIEN
2023-06-05 15:07:00,47.29,47.34,47.29,47.34,2631.0,CIEN
2023-06-05 15:06:00,47.3,47.305,47.25,47.305,6413.0,CIEN
2023-06-05 15:05:00,47.295,47.33,47.26,47.3,5490.0,CIEN
2023-06-05 15:04:00,47.36,47.36,47.28,47.295,10917.0,CIEN
2023-06-05 15:03:00,47.35,47.37,47.33,47.37,3556.0,CIEN
2023-06-05 15:02:00,47.43,47.43,47.37,47.375,3324.0,CIEN
2023-06-05 15:01:00,47.51,47.52,47.43,47.43,6518.0,CIEN
2023-06-05 15:00:00,47.49,47.51,47.49,47.51,2869.0,CIEN
2023-06-05 14:59:00,47.46,47.5,47.45,47.475,6396.0,CIEN
2023-06-05 14:58:00,47.45,47.45,47.43,47.446,4057.0,CIEN
2023-06-05 14:57:00,47.425,47.44,47.395,47.435,6576.0,CIEN
2023-06-05 14:56:00,47.45,47.45,47.41,47.425,2436.0,CIEN
2023-06-05 14:55:00,47.455,47.46,47.42,47.45,5178.0,CIEN
2023-06-05 14:54:00,47.4,47.47,47.4,47.45,4305.0,CIEN
2023-06-05 14:53:00,47.335,47.42,47.325,47.37,10285.0,CIEN
2023-06-05 14:52:00,47.305,47.35,47.305,47.335,5115.0,CIEN
2023-06-05 14:51:00,47.29,47.34,47.29,47.32,8086.0,CIEN
2023-06-05 14:50:00,47.26,47.3,47.24,47.28,7437.0,CIEN
2023-06-05 14:49:00,47.29,47.29,47.28,47.28,1764.0,CIEN
2023-06-05 14:48:00,47.27,47.3,47.27,47.299,2793.0,CIEN
2023-06-05 14:47:00,47.265,47.29,47.265,47.29,3782.0,CIEN
2023-06-05 14:46:00,47.25,47.28,47.23,47.265,3527.0,CIEN
2023-06-05 14:45:00,47.32,47.32,47.25,47.25,4181.0,CIEN
2023-06-05 14:44:00,47.28,47.32,47.28,47.32,5955.0,CIEN
2023-06-05 14:43:00,47.295,47.295,47.27,47.28,3105.0,CIEN
2023-06-05 14:42:00,47.31,47.31,47.275,47.31,5367.0,CIEN
2023-06-05 14:41:00,47.29,47.32,47.29,47.312,5126.0,CIEN
2023-06-05 14:40:00,47.235,47.29,47.235,47.29,5038.0,CIEN
2023-06-05 14:39:00,47.25,47.26,47.23,47.235,4444.0,CIEN
2023-06-05 14:38:00,47.315,47.315,47.25,47.25,3121.0,CIEN
2023-06-05 14:37:00,47.32,47.33,47.28,47.315,3579.0,CIEN
2023-06-05 14:36:00,47.279,47.335,47.275,47.32,5989.0,CIEN
2023-06-05 14:35:00,47.185,47.29,47.185,47.275,6255.0,CIEN
2023-06-05 14:34:00,47.255,47.28,47.17,47.18,5415.0,CIEN
2023-06-05 14:33:00,47.31,47.31,47.27,47.27,2186.0,CIEN
2023-06-05 14:32:00,47.31,47.32,47.22,47.31,9622.0,CIEN
2023-06-05 14:31:00,47.34,47.34,47.31,47.32,3891.0,CIEN
2023-06-05 14:30:00,47.37,47.38,47.31,47.34,6988.0,CIEN
2023-06-05 14:29:00,47.32,47.369,47.31,47.36,4558.0,CIEN
2023-06-05 14:28:00,47.315,47.34,47.305,47.305,5292.0,CIEN
2023-06-05 14:27:00,47.305,47.33,47.3,47.33,2868.0,CIEN
2023-06-05 14:26:00,47.32,47.33,47.28,47.28,7085.0,CIEN
2023-06-05 14:25:00,47.34,47.34,47.34,47.34,760.0,CIEN
2023-06-05 14:24:00,47.35,47.37,47.32,47.34,4407.0,CIEN
2023-06-05 14:23:00,47.365,47.37,47.335,47.34,5694.0,CIEN
2023-06-05 14:22:00,47.345,47.375,47.345,47.36,3936.0,CIEN
2023-06-05 14:21:00,47.345,47.345,47.345,47.345,771.0,CIEN
2023-06-05 14:20:00,47.43,47.43,47.33,47.33,4076.0,CIEN
2023-06-05 14:19:00,47.39,47.42,47.385,47.42,4543.0,CIEN
2023-06-05 14:18:00,47.375,47.385,47.375,47.375,1268.0,CIEN
2023-06-05 14:17:00,47.32,47.39,47.32,47.375,5351.0,CIEN
2023-06-05 14:16:00,47.325,47.34,47.29,47.32,7531.0,CIEN
2023-06-05 14:15:00,47.32,47.34,47.315,47.327,7736.0,CIEN
2023-06-05 14:14:00,47.32,47.35,47.32,47.33,2923.0,CIEN
2023-06-05 14:13:00,47.27,47.32,47.27,47.315,5127.0,CIEN
2023-06-05 14:12:00,47.27,47.27,47.245,47.27,5621.0,CIEN
2023-06-05 14:11:00,47.31,47.325,47.27,47.27,2028.0,CIEN
2023-06-05 14:10:00,47.3,47.325,47.3,47.31,824.0,CIEN
2023-06-05 14:09:00,47.3,47.32,47.29,47.32,625.0,CIEN
2023-06-05 14:08:00,47.33,47.36,47.31,47.33,2974.0,CIEN
2023-06-05 14:07:00,47.4,47.4,47.345,47.345,2645.0,CIEN
2023-06-05 14:06:00,47.42,47.42,47.39,47.42,6939.0,CIEN
2023-06-05 14:05:00,47.44,47.45,47.415,47.435,6019.0,CIEN
2023-06-05 14:04:00,47.435,47.46,47.435,47.44,2688.0,CIEN
2023-06-05 14:03:00,47.52,47.52,47.44,47.44,2344.0,CIEN
2023-06-05 14:02:00,47.52,47.55,47.52,47.54,2419.0,CIEN
2023-06-05 14:01:00,47.56,47.56,47.53,47.53,4899.0,CIEN
2023-06-05 14:00:00,47.55,47.58,47.54,47.56,5713.0,CIEN
2023-06-05 13:59:00,47.53,47.56,47.53,47.55,4363.0,CIEN
2023-06-05 13:58:00,47.585,47.585,47.515,47.515,5421.0,CIEN
2023-06-05 13:57:00,47.54,47.6,47.54,47.585,5552.0,CIEN
2023-06-05 13:56:00,47.52,47.54,47.515,47.515,1635.0,CIEN
2023-06-05 13:55:00,47.56,47.56,47.498,47.52,5213.0,CIEN
2023-06-05 13:54:00,47.58,47.59,47.545,47.56,8339.0,CIEN
2023-06-05 13:53:00,47.52,47.57,47.49,47.57,7117.0,CIEN
2023-06-05 13:52:00,47.52,47.54,47.5,47.52,3510.0,CIEN
2023-06-05 13:51:00,47.51,47.55,47.51,47.54,2861.0,CIEN
2023-06-05 13:50:00,47.53,47.54,47.525,47.53,7098.0,CIEN
2023-06-05 13:49:00,47.5,47.52,47.44,47.52,14976.0,CIEN
2023-06-05 13:48:00,47.5,47.54,47.49,47.52,2994.0,CIEN
2023-06-05 13:47:00,47.46,47.51,47.45,47.51,2679.0,CIEN
2023-06-05 13:46:00,47.44,47.45,47.35,47.44,9193.0,CIEN
2023-06-05 13:45:00,47.415,47.48,47.415,47.45,11921.0,CIEN
2023-06-05 13:44:00,47.38,47.43,47.38,47.42,6118.0,CIEN
2023-06-05 13:43:00,47.4,47.4,47.4,47.4,785.0,CIEN
2023-06-05 13:42:00,47.39,47.4,47.365,47.4,5773.0,CIEN
2023-06-05 13:41:00,47.39,47.43,47.39,47.41,3118.0,CIEN
2023-06-05 13:40:00,47.385,47.39,47.37,47.38,1671.0,CIEN
2023-06-05 13:38:00,47.38,47.43,47.33,47.36,5849.0,CIEN
2023-06-05 13:37:00,47.405,47.41,47.39,47.41,2443.0,CIEN
2023-06-05 13:36:00,47.45,47.45,47.4,47.4,2380.0,CIEN
2023-06-05 13:35:00,47.463,47.48,47.44,47.465,5580.0,CIEN
2023-06-05 13:34:00,47.45,47.46,47.415,47.46,5087.0,CIEN
2023-06-05 13:33:00,47.455,47.48,47.455,47.46,1738.0,CIEN
2023-06-05 13:32:00,47.46,47.48,47.455,47.48,1857.0,CIEN
2023-06-05 13:31:00,47.435,47.45,47.435,47.44,1713.0,CIEN
2023-06-05 13:30:00,47.415,47.48,47.415,47.43,3972.0,CIEN
2023-06-05 13:29:00,47.36,47.43,47.33,47.42,12952.0,CIEN
2023-06-05 13:28:00,47.49,47.49,47.34,47.34,8674.0,CIEN
2023-06-05 13:27:00,47.555,47.555,47.51,47.51,1917.0,CIEN
2023-06-05 13:26:00,47.57,47.57,47.55,47.55,3574.0,CIEN
2023-06-05 13:25:00,47.61,47.62,47.585,47.585,3093.0,CIEN
2023-06-05 13:24:00,47.6,47.63,47.6,47.63,1481.0,CIEN
2023-06-05 13:23:00,47.62,47.63,47.55,47.58,9510.0,CIEN
2023-06-05 13:22:00,47.58,47.61,47.58,47.605,4568.0,CIEN
2023-06-05 13:21:00,47.575,47.6,47.575,47.6,2196.0,CIEN
2023-06-05 13:20:00,47.57,47.585,47.57,47.585,2386.0,CIEN
2023-06-05 13:19:00,47.53,47.59,47.53,47.57,8645.0,CIEN
2023-06-05 13:18:00,47.55,47.55,47.54,47.545,2289.0,CIEN
2023-06-05 13:17:00,47.555,47.575,47.555,47.57,2517.0,CIEN
2023-06-05 13:16:00,47.51,47.56,47.51,47.55,3351.0,CIEN
2023-06-05 13:15:00,47.5,47.53,47.48,47.49,5119.0,CIEN
2023-06-05 13:14:00,47.58,47.6,47.54,47.55,4795.0,CIEN
2023-06-05 13:13:00,47.63,47.63,47.61,47.61,1517.0,CIEN
2023-06-05 13:12:00,47.71,47.71,47.66,47.66,3312.0,CIEN
2023-06-05 13:11:00,47.65,47.69,47.65,47.69,1671.0,CIEN
2023-06-05 13:10:00,47.65,47.67,47.63,47.65,6454.0,CIEN
2023-06-05 13:09:00,47.7,47.71,47.64,47.64,3111.0,CIEN
2023-06-05 13:08:00,47.67,47.72,47.67,47.71,2627.0,CIEN
2023-06-05 13:07:00,47.63,47.67,47.63,47.66,5045.0,CIEN
2023-06-05 13:06:00,47.61,47.63,47.61,47.62,3192.0,CIEN
2023-06-05 13:05:00,47.647,47.647,47.61,47.61,3077.0,CIEN
2023-06-05 13:04:00,47.66,47.66,47.605,47.64,4484.0,CIEN
2023-06-05 13:03:00,47.655,47.655,47.625,47.64,2455.0,CIEN
2023-06-05 13:02:00,47.62,47.66,47.61,47.655,4551.0,CIEN
2023-06-05 13:01:00,47.715,47.715,47.63,47.63,3792.0,CIEN
2023-06-05 13:00:00,47.73,47.73,47.7,47.73,3825.0,CIEN
2023-06-05 12:59:00,47.69,47.74,47.68,47.735,3850.0,CIEN
2023-06-05 12:58:00,47.69,47.69,47.69,47.69,987.0,CIEN
2023-06-05 12:57:00,47.73,47.73,47.7,47.7,2828.0,CIEN
2023-06-05 12:56:00,47.72,47.74,47.69,47.72,9774.0,CIEN
2023-06-05 12:55:00,47.71,47.73,47.7,47.715,3112.0,CIEN
2023-06-05 12:54:00,47.7,47.73,47.7,47.73,738.0,CIEN
2023-06-05 12:53:00,47.74,47.74,47.7,47.7,2642.0,CIEN
2023-06-05 12:52:00,47.72,47.76,47.7,47.75,6471.0,CIEN
2023-06-05 12:51:00,47.76,47.77,47.69,47.69,4287.0,CIEN
2023-06-05 12:50:00,47.77,47.79,47.76,47.77,1421.0,CIEN
2023-06-05 12:49:00,47.73,47.745,47.73,47.745,1072.0,CIEN
2023-06-05 12:48:00,47.79,47.8,47.72,47.72,6662.0,CIEN
2023-06-05 12:47:00,47.75,47.79,47.725,47.75,6388.0,CIEN
2023-06-05 12:46:00,47.84,47.84,47.73,47.73,4698.0,CIEN
2023-06-05 12:45:00,47.84,47.86,47.814,47.83,4624.0,CIEN
2023-06-05 12:44:00,47.84,47.84,47.81,47.82,3534.0,CIEN
2023-06-05 12:43:00,47.76,47.83,47.76,47.81,6061.0,CIEN
2023-06-05 12:42:00,47.78,47.78,47.73,47.73,2058.0,CIEN
2023-06-05 12:41:00,47.75,47.78,47.69,47.76,20801.0,CIEN
2023-06-05 12:40:00,47.78,47.8,47.76,47.77,11070.0,CIEN
2023-06-05 12:39:00,47.76,47.83,47.74,47.77,5079.0,CIEN
2023-06-05 12:38:00,47.735,47.82,47.735,47.77,7351.0,CIEN
2023-06-05 12:37:00,47.705,47.75,47.705,47.735,3212.0,CIEN
2023-06-05 12:36:00,47.68,47.71,47.63,47.71,4015.0,CIEN
2023-06-05 12:35:00,47.65,47.665,47.62,47.655,2870.0,CIEN
2023-06-05 12:34:00,47.66,47.68,47.66,47.67,1578.0,CIEN
2023-06-05 12:33:00,47.66,47.7,47.66,47.66,5208.0,CIEN
2023-06-05 12:32:00,47.705,47.705,47.64,47.64,5746.0,CIEN
2023-06-05 12:31:00,47.7,47.735,47.68,47.705,3554.0,CIEN
2023-06-05 12:30:00,47.73,47.78,47.69,47.735,21146.0,CIEN
2023-06-05 12:29:00,47.708,47.73,47.708,47.73,2999.0,CIEN
2023-06-05 12:28:00,47.68,47.71,47.67,47.71,3230.0,CIEN
2023-06-05 12:27:00,47.665,47.685,47.66,47.68,3383.0,CIEN
2023-06-05 12:26:00,47.655,47.665,47.655,47.665,714.0,CIEN
2023-06-05 12:25:00,47.635,47.66,47.635,47.655,3897.0,CIEN
2023-06-05 12:24:00,47.64,47.665,47.615,47.635,2443.0,CIEN
2023-06-05 12:23:00,47.53,47.64,47.525,47.61,5683.0,CIEN
2023-06-05 12:22:00,47.54,47.54,47.51,47.51,4002.0,CIEN
2023-06-05 12:21:00,47.56,47.575,47.55,47.56,901.0,CIEN
2023-06-05 12:20:00,47.545,47.57,47.545,47.555,4775.0,CIEN
2023-06-05 12:19:00,47.56,47.57,47.52,47.545,5435.0,CIEN
2023-06-05 12:18:00,47.58,47.58,47.58,47.58,1226.0,CIEN
2023-06-05 12:17:00,47.525,47.58,47.525,47.58,2312.0,CIEN
2023-06-05 12:16:00,47.54,47.55,47.51,47.525,4864.0,CIEN
2023-06-05 12:15:00,47.5,47.52,47.5,47.51,2039.0,CIEN
2023-06-05 12:14:00,47.405,47.505,47.38,47.47,6730.0,CIEN
2023-06-05 12:13:00,47.46,47.46,47.38,47.38,2674.0,CIEN
2023-06-05 12:12:00,47.435,47.47,47.435,47.455,3576.0,CIEN
2023-06-05 12:11:00,47.42,47.43,47.41,47.42,2183.0,CIEN
2023-06-05 12:10:00,47.455,47.53,47.455,47.47,7575.0,CIEN
2023-06-05 12:09:00,47.51,47.545,47.44,47.44,5584.0,CIEN
2023-06-05 12:08:00,47.55,47.55,47.52,47.525,1192.0,CIEN
2023-06-05 12:07:00,47.52,47.55,47.52,47.54,1390.0,CIEN
2023-06-05 12:06:00,47.49,47.56,47.49,47.52,2360.0,CIEN
2023-06-05 12:05:00,47.528,47.56,47.5,47.51,5537.0,CIEN
2023-06-05 12:04:00,47.52,47.53,47.47,47.51,5025.0,CIEN
2023-06-05 12:03:00,47.59,47.59,47.53,47.54,1930.0,CIEN
2023-06-05 12:02:00,47.635,47.635,47.59,47.59,1541.0,CIEN
2023-06-05 12:01:00,47.73,47.73,47.63,47.64,3058.0,CIEN
2023-06-05 12:00:00,47.725,47.76,47.715,47.735,3305.0,CIEN
2023-06-05 11:59:00,47.71,47.74,47.71,47.725,1099.0,CIEN
2023-06-05 11:58:00,47.71,47.725,47.66,47.725,5566.0,CIEN
2023-06-05 11:57:00,47.75,47.75,47.735,47.735,2910.0,CIEN
2023-06-05 11:56:00,47.79,47.79,47.75,47.76,8870.0,CIEN
2023-06-05 11:55:00,47.8,47.83,47.8,47.815,3578.0,CIEN
2023-06-05 11:54:00,47.82,47.82,47.78,47.8,4057.0,CIEN
2023-06-05 11:53:00,47.76,47.83,47.76,47.8,2117.0,CIEN
2023-06-05 11:52:00,47.77,47.79,47.74,47.76,3989.0,CIEN
2023-06-05 11:51:00,47.71,47.8,47.705,47.79,6393.0,CIEN
2023-06-05 11:50:00,47.78,47.78,47.69,47.745,6773.0,CIEN
2023-06-05 11:49:00,47.73,47.79,47.73,47.78,3806.0,CIEN
2023-06-05 11:48:00,47.74,47.77,47.74,47.75,2095.0,CIEN
2023-06-05 11:47:00,47.72,47.81,47.72,47.745,4069.0,CIEN
2023-06-05 11:46:00,47.74,47.82,47.7,47.74,12365.0,CIEN
2023-06-05 11:45:00,47.7,47.74,47.7,47.74,2767.0,CIEN
2023-06-05 11:44:00,47.68,47.77,47.68,47.74,2407.0,CIEN
2023-06-05 11:43:00,47.685,47.73,47.635,47.675,7350.0,CIEN
2023-06-05 11:42:00,47.485,47.67,47.485,47.635,14292.0,CIEN
2023-06-05 11:41:00,47.51,47.535,47.485,47.485,2032.0,CIEN
2023-06-05 11:40:00,47.64,47.67,47.53,47.535,5257.0,CIEN
2023-06-05 11:39:00,47.64,47.64,47.61,47.64,5732.0,CIEN
2023-06-05 11:38:00,47.64,47.64,47.64,47.64,1342.0,CIEN
2023-06-05 11:37:00,47.65,47.66,47.64,47.64,3569.0,CIEN
2023-06-05 11:36:00,47.645,47.653,47.62,47.65,6760.0,CIEN
2023-06-05 11:35:00,47.67,47.7,47.65,47.65,5349.0,CIEN
2023-06-05 11:34:00,47.62,47.76,47.62,47.65,7131.0,CIEN
2023-06-05 11:33:00,47.76,47.76,47.6,47.62,16858.0,CIEN
2023-06-05 11:32:00,47.73,47.79,47.73,47.78,3832.0,CIEN
2023-06-05 11:31:00,47.63,47.76,47.62,47.705,52801.0,CIEN
2023-06-05 11:30:00,47.54,47.69,47.53,47.66,12477.0,CIEN
2023-06-05 11:29:00,47.56,47.63,47.5,47.54,36379.0,CIEN
2023-06-05 11:28:00,47.5,47.56,47.5,47.55,36715.0,CIEN
2023-06-05 11:27:00,47.52,47.52,47.49,47.49,1565.0,CIEN
2023-06-05 11:26:00,47.51,47.535,47.5,47.5,4006.0,CIEN
2023-06-05 11:25:00,47.54,47.54,47.5,47.5,4135.0,CIEN
2023-06-05 11:24:00,47.5,47.55,47.5,47.55,4682.0,CIEN
2023-06-05 11:23:00,47.47,47.5,47.46,47.495,4390.0,CIEN
2023-06-05 11:22:00,47.485,47.485,47.46,47.465,1664.0,CIEN
2023-06-05 11:21:00,47.52,47.52,47.48,47.49,6231.0,CIEN
2023-06-05 11:20:00,47.53,47.55,47.51,47.545,5570.0,CIEN
2023-06-05 11:19:00,47.465,47.51,47.45,47.505,10809.0,CIEN
2023-06-05 11:18:00,47.465,47.48,47.465,47.465,2555.0,CIEN
2023-06-05 11:17:00,47.475,47.48,47.44,47.465,7296.0,CIEN
2023-06-05 11:16:00,47.48,47.51,47.44,47.51,1327.0,CIEN
2023-06-05 11:15:00,47.485,47.52,47.45,47.47,7900.0,CIEN
2023-06-05 11:14:00,47.485,47.485,47.485,47.485,817.0,CIEN
2023-06-05 11:13:00,47.485,47.485,47.485,47.485,728.0,CIEN
2023-06-05 11:12:00,47.486,47.52,47.48,47.485,8210.0,CIEN
2023-06-05 11:11:00,47.45,47.51,47.45,47.505,7606.0,CIEN
2023-06-05 11:10:00,47.48,47.49,47.44,47.45,2104.0,CIEN
2023-06-05 11:09:00,47.42,47.455,47.42,47.455,563.0,CIEN
2023-06-05 11:08:00,47.52,47.52,47.45,47.455,4368.0,CIEN
2023-06-05 11:07:00,47.56,47.59,47.45,47.52,28468.0,CIEN
2023-06-05 11:06:00,47.55,47.55,47.515,47.515,1213.0,CIEN
2023-06-05 11:05:00,47.41,47.55,47.41,47.55,11094.0,CIEN
2023-06-05 11:04:00,47.395,47.44,47.395,47.41,6999.0,CIEN
2023-06-05 11:03:00,47.415,47.42,47.35,47.35,3379.0,CIEN
2023-06-05 11:02:00,47.42,47.456,47.4,47.4,2766.0,CIEN
2023-06-05 11:01:00,47.43,47.45,47.42,47.42,3092.0,CIEN
2023-06-05 11:00:00,47.49,47.51,47.47,47.48,3713.0,CIEN
2023-06-05 10:59:00,47.435,47.53,47.435,47.52,3550.0,CIEN
2023-06-05 10:58:00,47.38,47.44,47.38,47.44,3946.0,CIEN
2023-06-05 10:57:00,47.49,47.49,47.39,47.39,5185.0,CIEN
2023-06-05 10:56:00,47.5,47.53,47.49,47.49,7666.0,CIEN
2023-06-05 10:55:00,47.48,47.53,47.47,47.53,6880.0,CIEN
2023-06-05 10:54:00,47.33,47.47,47.33,47.43,9465.0,CIEN
2023-06-05 10:53:00,47.31,47.34,47.3,47.31,5127.0,CIEN
2023-06-05 10:52:00,47.3,47.315,47.285,47.29,1950.0,CIEN
2023-06-05 10:51:00,47.3,47.35,47.29,47.315,5812.0,CIEN
2023-06-05 10:50:00,47.32,47.34,47.3,47.33,2128.0,CIEN
2023-06-05 10:49:00,47.32,47.32,47.27,47.29,6163.0,CIEN
2023-06-05 10:48:00,47.34,47.34,47.31,47.32,5773.0,CIEN
2023-06-05 10:47:00,47.28,47.34,47.25,47.3,4826.0,CIEN
2023-06-05 10:46:00,47.26,47.3,47.24,47.27,5436.0,CIEN
2023-06-05 10:45:00,47.24,47.28,47.19,47.19,6901.0,CIEN
2023-06-05 10:44:00,47.29,47.29,47.23,47.26,4066.0,CIEN
2023-06-05 10:43:00,47.27,47.3,47.23,47.27,3607.0,CIEN
2023-06-05 10:42:00,47.32,47.323,47.26,47.28,5418.0,CIEN
2023-06-05 10:41:00,47.37,47.38,47.27,47.31,5572.0,CIEN
2023-06-05 10:40:00,47.33,47.34,47.29,47.335,5578.0,CIEN
2023-06-05 10:39:00,47.42,47.43,47.311,47.34,7995.0,CIEN
2023-06-05 10:38:00,47.46,47.47,47.39,47.43,7948.0,CIEN
2023-06-05 10:37:00,47.32,47.48,47.32,47.4,16301.0,CIEN
2023-06-05 10:36:00,47.32,47.34,47.26,47.31,14170.0,CIEN
2023-06-05 10:35:00,47.22,47.295,47.19,47.295,3292.0,CIEN
2023-06-05 10:34:00,47.145,47.29,47.1,47.24,32360.0,CIEN
2023-06-05 10:33:00,47.15,47.175,47.14,47.15,3266.0,CIEN
2023-06-05 10:32:00,47.1,47.16,47.1,47.16,6932.0,CIEN
2023-06-05 10:31:00,46.985,47.08,46.985,47.08,10119.0,CIEN
2023-06-05 10:30:00,47.095,47.1,46.94,46.99,12862.0,CIEN
2023-06-05 10:29:00,47.095,47.16,47.07,47.1,18609.0,CIEN
2023-06-05 10:28:00,47.01,47.12,47.01,47.11,11691.0,CIEN
2023-06-05 10:27:00,46.91,47.02,46.91,46.98,8486.0,CIEN
2023-06-05 10:26:00,46.95,46.96,46.84,46.91,6850.0,CIEN
2023-06-05 10:25:00,46.87,46.95,46.87,46.93,6903.0,CIEN
2023-06-05 10:24:00,46.89,46.89,46.85,46.87,4242.0,CIEN
2023-06-05 10:23:00,46.97,46.97,46.89,46.89,4284.0,CIEN
2023-06-05 10:22:00,46.98,47.03,46.97,46.97,5941.0,CIEN
2023-06-05 10:21:00,46.8,46.98,46.8,46.92,14613.0,CIEN
2023-06-05 10:20:00,46.84,46.84,46.79,46.801,4394.0,CIEN
2023-06-05 10:19:00,46.84,46.87,46.84,46.85,2108.0,CIEN
2023-06-05 10:18:00,46.82,46.88,46.74,46.85,11594.0,CIEN
2023-06-05 10:17:00,46.78,46.81,46.74,46.81,6783.0,CIEN
2023-06-05 10:16:00,46.83,46.88,46.75,46.78,13330.0,CIEN
2023-06-05 10:15:00,46.69,46.847,46.63,46.82,9515.0,CIEN
2023-06-05 10:14:00,46.64,46.73,46.63,46.69,18645.0,CIEN
2023-06-05 10:13:00,46.58,46.725,46.575,46.685,6588.0,CIEN
2023-06-05 10:12:00,46.56,46.58,46.56,46.56,748.0,CIEN
2023-06-05 10:11:00,46.49,46.59,46.439,46.56,12322.0,CIEN
2023-06-05 10:10:00,46.58,46.58,46.46,46.465,16223.0,CIEN
2023-06-05 10:09:00,46.74,46.74,46.6,46.62,7987.0,CIEN
2023-06-05 10:08:00,46.78,46.78,46.74,46.74,3088.0,CIEN
2023-06-05 10:07:00,46.79,46.79,46.765,46.78,2557.0,CIEN
2023-06-05 10:06:00,46.79,46.8,46.73,46.745,8400.0,CIEN
2023-06-05 10:05:00,46.805,46.85,46.77,46.8,12820.0,CIEN
2023-06-05 10:04:00,46.81,46.83,46.77,46.805,4908.0,CIEN
2023-06-05 10:03:00,46.86,46.879,46.81,46.879,3503.0,CIEN
2023-06-05 10:02:00,46.87,46.87,46.81,46.83,1862.0,CIEN
2023-06-05 10:01:00,46.93,46.98,46.88,46.88,8634.0,CIEN
2023-06-05 10:00:00,46.97,47.0,46.89,46.93,6163.0,CIEN
2023-06-05 09:59:00,46.905,46.96,46.87,46.94,5707.0,CIEN
2023-06-05 09:58:00,46.902,46.94,46.88,46.94,2376.0,CIEN
2023-06-05 09:57:00,46.935,46.94,46.895,46.935,4065.0,CIEN
2023-06-05 09:56:00,47.15,47.36,46.91,46.935,32750.0,CIEN
2023-06-05 09:55:00,47.07,47.07,47.0,47.0,652.0,CIEN
2023-06-05 09:54:00,47.11,47.32,47.07,47.07,3354.0,CIEN
2023-06-05 09:53:00,47.15,47.15,47.13,47.14,1087.0,CIEN
2023-06-05 09:52:00,47.14,47.25,47.1,47.15,6643.0,CIEN
2023-06-05 09:51:00,47.175,47.175,47.15,47.15,687.0,CIEN
2023-06-05 09:50:00,47.205,47.27,47.12,47.12,3289.0,CIEN
2023-06-05 09:49:00,47.115,47.27,47.11,47.14,5734.0,CIEN
2023-06-05 09:48:00,47.245,47.26,47.06,47.142,4906.0,CIEN
2023-06-05 09:47:00,47.27,47.34,47.22,47.27,6407.0,CIEN
2023-06-05 09:46:00,47.22,47.314,47.205,47.28,4675.0,CIEN
2023-06-05 09:45:00,47.17,47.4,47.17,47.27,6343.0,CIEN
2023-06-05 09:44:00,47.3,47.39,47.1,47.27,7369.0,CIEN
2023-06-05 09:43:00,47.41,47.475,47.32,47.32,2573.0,CIEN
2023-06-05 09:42:00,47.454,47.454,47.33,47.36,774.0,CIEN
2023-06-05 09:41:00,47.47,47.47,47.37,47.4,4566.0,CIEN
2023-06-05 09:40:00,47.55,47.55,47.47,47.47,1705.0,CIEN
2023-06-05 09:39:00,47.5,47.505,47.5,47.505,1411.0,CIEN
2023-06-05 09:38:00,47.59,47.59,47.47,47.5,1189.0,CIEN
2023-06-05 09:37:00,47.62,47.67,47.59,47.67,2403.0,CIEN
2023-06-05 09:36:00,47.72,47.775,47.66,47.7,2070.0,CIEN
2023-06-05 09:35:00,47.75,47.77,47.66,47.76,4548.0,CIEN
2023-06-05 09:34:00,47.79,47.79,47.75,47.75,3152.0,CIEN
2023-06-05 09:33:00,47.82,47.82,47.6,47.6,3453.0,CIEN
2023-06-05 09:32:00,47.631,47.9,47.6,47.9,940.0,CIEN
2023-06-05 09:31:00,47.965,47.965,47.58,47.65,10684.0,CIEN
2023-06-05 09:30:00,47.74,48.08,47.68,48.08,18154.0,CIEN
2023-06-05 09:27:00,48.13,48.13,48.13,48.13,47.0,CIEN
2023-06-05 09:26:00,48.25,48.25,48.14,48.14,80.0,CIEN
2023-06-05 09:15:00,48.25,48.25,48.25,48.25,25.0,CIEN
2023-06-05 09:10:00,48.45,48.45,48.25,48.25,4.0,CIEN
2023-06-05 08:32:00,48.5,48.5,48.5,48.5,500.0,CIEN
2023-06-05 08:24:00,48.45,48.5,48.45,48.5,102.0,CIEN
2023-06-05 08:23:00,48.5,48.5,48.5,48.5,1.0,CIEN
2023-06-05 08:07:00,48.45,48.45,48.45,48.45,1.0,CIEN
2023-06-05 08:05:00,48.25,48.25,48.25,48.25,475.0,CIEN
2023-06-05 08:03:00,48.43,48.43,48.43,48.43,10.0,CIEN
2023-06-05 08:01:00,48.45,48.45,48.45,48.45,2.0,CIEN
2023-06-05 08:00:00,48.5,48.5,48.4,48.475,696.0,CIEN
2023-06-05 07:52:00,48.44,48.44,48.44,48.44,50.0,CIEN
2023-06-05 07:45:00,48.26,48.26,48.26,48.26,207.0,CIEN
2023-06-05 07:40:00,48.49,48.49,48.45,48.45,154.0,CIEN
2023-06-05 07:25:00,48.48,48.5,48.4,48.49,750.0,CIEN
2023-06-05 07:21:00,48.4,48.4,48.4,48.4,8.0,CIEN
2023-06-05 07:07:00,48.4,48.4,48.4,48.4,785.0,CIEN
2023-06-05 07:06:00,48.39,48.4,48.39,48.4,35.0,CIEN
2023-06-05 07:00:00,48.49,48.49,48.31,48.31,22.0,CIEN
2023-06-02 19:52:00,48.5,48.5,48.5,48.5,99.0,CIEN
2023-06-02 19:00:00,48.13,48.13,48.13,48.13,223777.0,CIEN
2023-06-02 18:30:00,48.13,48.13,48.13,48.13,223777.0,CIEN
2023-06-02 17:44:00,48.48,48.49,48.48,48.49,100.0,CIEN
2023-06-02 16:16:00,48.13,48.13,48.13,48.13,557.0,CIEN
2023-06-02 16:10:00,48.13,48.13,48.13,48.13,223777.0,CIEN
2023-06-02 16:09:00,48.01,48.01,48.01,48.01,1.0,CIEN
2023-06-02 16:06:00,48.002,48.002,48.002,48.002,1.0,CIEN
2023-06-02 16:01:00,48.13,48.13,48.129,48.129,14105.0,CIEN
2023-06-02 16:00:00,48.13,48.13,48.115,48.13,469651.0,CIEN
2023-06-02 15:59:00,48.11,48.13,48.08,48.13,64842.0,CIEN
2023-06-02 15:58:00,48.155,48.16,48.09,48.1,40893.0,CIEN
2023-06-02 15:57:00,48.195,48.195,48.15,48.16,29047.0,CIEN
2023-06-02 15:56:00,48.19,48.2,48.185,48.195,21325.0,CIEN
2023-06-02 15:55:00,48.23,48.23,48.165,48.19,36342.0,CIEN
2023-06-02 15:54:00,48.2,48.235,48.195,48.22,20355.0,CIEN
2023-06-02 15:53:00,48.14,48.21,48.13,48.205,25935.0,CIEN
2023-06-02 15:52:00,48.17,48.18,48.14,48.14,15083.0,CIEN
2023-06-02 15:51:00,48.205,48.215,48.17,48.175,21088.0,CIEN
2023-06-02 15:50:00,48.26,48.27,48.205,48.21,16769.0,CIEN
2023-06-02 15:49:00,48.26,48.29,48.26,48.29,11266.0,CIEN
2023-06-02 15:48:00,48.205,48.27,48.205,48.27,19963.0,CIEN
2023-06-02 15:47:00,48.195,48.215,48.17,48.205,10614.0,CIEN
2023-06-02 15:46:00,48.23,48.235,48.19,48.195,8096.0,CIEN
2023-06-02 15:45:00,48.225,48.225,48.2,48.225,14371.0,CIEN
2023-06-02 15:44:00,48.23,48.235,48.22,48.23,7158.0,CIEN
2023-06-02 15:43:00,48.235,48.24,48.22,48.22,8917.0,CIEN
2023-06-02 15:42:00,48.255,48.27,48.25,48.25,10218.0,CIEN
2023-06-02 15:41:00,48.25,48.25,48.23,48.25,10054.0,CIEN
2023-06-02 15:40:00,48.26,48.26,48.25,48.25,1527.0,CIEN
2023-06-02 15:39:00,48.25,48.265,48.245,48.25,7141.0,CIEN
2023-06-02 15:38:00,48.264,48.265,48.24,48.25,2549.0,CIEN
2023-06-02 15:37:00,48.233,48.265,48.23,48.265,8708.0,CIEN
2023-06-02 15:36:00,48.225,48.25,48.215,48.235,22497.0,CIEN
2023-06-02 15:35:00,48.205,48.23,48.19,48.23,7116.0,CIEN
2023-06-02 15:34:00,48.16,48.205,48.16,48.205,5262.0,CIEN
2023-06-02 15:33:00,48.195,48.22,48.16,48.17,12955.0,CIEN
2023-06-02 15:32:00,48.2,48.22,48.195,48.195,6608.0,CIEN
2023-06-02 15:31:00,48.195,48.22,48.195,48.205,6555.0,CIEN
2023-06-02 15:30:00,48.175,48.21,48.15,48.21,10167.0,CIEN
2023-06-02 15:29:00,48.2,48.2,48.175,48.175,2500.0,CIEN
2023-06-02 15:28:00,48.2,48.21,48.195,48.2,4687.0,CIEN
2023-06-02 15:27:00,48.215,48.23,48.2,48.22,8492.0,CIEN
2023-06-02 15:26:00,48.24,48.25,48.215,48.215,3296.0,CIEN
2023-06-02 15:25:00,48.27,48.28,48.2,48.24,11939.0,CIEN
2023-06-02 15:24:00,48.28,48.29,48.28,48.28,2360.0,CIEN
2023-06-02 15:23:00,48.27,48.29,48.27,48.29,9265.0,CIEN
2023-06-02 15:22:00,48.245,48.27,48.245,48.265,16623.0,CIEN
2023-06-02 15:21:00,48.24,48.25,48.23,48.245,2011.0,CIEN
2023-06-02 15:20:00,48.275,48.275,48.22,48.22,2877.0,CIEN
2023-06-02 15:19:00,48.29,48.29,48.27,48.28,4264.0,CIEN
2023-06-02 15:18:00,48.26,48.285,48.25,48.275,5694.0,CIEN
2023-06-02 15:17:00,48.32,48.33,48.25,48.25,46721.0,CIEN
2023-06-02 15:16:00,48.305,48.32,48.305,48.32,1991.0,CIEN
2023-06-02 15:15:00,48.29,48.32,48.29,48.32,6238.0,CIEN
2023-06-02 15:14:00,48.24,48.28,48.235,48.27,4509.0,CIEN
2023-06-02 15:13:00,48.15,48.235,48.15,48.235,17888.0,CIEN
2023-06-02 15:12:00,48.13,48.17,48.13,48.17,4384.0,CIEN
2023-06-02 15:11:00,48.1,48.13,48.1,48.13,4925.0,CIEN
2023-06-02 15:10:00,48.07,48.12,48.07,48.1,36313.0,CIEN
2023-06-02 15:09:00,48.12,48.12,48.07,48.07,1927.0,CIEN
2023-06-02 15:08:00,48.175,48.18,48.11,48.14,14757.0,CIEN
2023-06-02 15:07:00,48.165,48.18,48.165,48.175,2738.0,CIEN
2023-06-02 15:06:00,48.13,48.17,48.11,48.165,8081.0,CIEN
2023-06-02 15:05:00,48.18,48.18,48.13,48.13,3900.0,CIEN
2023-06-02 15:04:00,48.16,48.18,48.16,48.175,6119.0,CIEN
2023-06-02 15:03:00,48.15,48.15,48.15,48.15,17226.0,CIEN
2023-06-02 15:02:00,48.14,48.15,48.14,48.15,2701.0,CIEN
2023-06-02 15:01:00,48.13,48.14,48.13,48.14,3351.0,CIEN
2023-06-02 15:00:00,48.09,48.13,48.09,48.13,5387.0,CIEN
2023-06-02 14:59:00,48.07,48.09,48.06,48.08,4900.0,CIEN
2023-06-02 14:58:00,48.09,48.1,48.075,48.075,2029.0,CIEN
2023-06-02 14:57:00,48.08,48.08,48.08,48.08,983.0,CIEN
2023-06-02 14:56:00,48.105,48.105,48.075,48.095,5037.0,CIEN
2023-06-02 14:55:00,48.085,48.1,48.085,48.1,3769.0,CIEN
2023-06-02 14:54:00,48.1,48.1,48.085,48.085,1639.0,CIEN
2023-06-02 14:53:00,48.07,48.1,48.07,48.1,6485.0,CIEN
2023-06-02 14:52:00,48.065,48.065,48.065,48.065,1492.0,CIEN
2023-06-02 14:51:00,48.055,48.07,48.05,48.065,3093.0,CIEN
2023-06-02 14:50:00,48.03,48.06,48.03,48.05,4132.0,CIEN
2023-06-02 14:49:00,48.1,48.1,48.04,48.04,2634.0,CIEN
2023-06-02 14:48:00,48.1,48.1,48.1,48.1,1126.0,CIEN
2023-06-02 14:47:00,48.045,48.1,48.045,48.1,6621.0,CIEN
2023-06-02 14:46:00,48.025,48.05,48.025,48.045,3979.0,CIEN
2023-06-02 14:45:00,48.08,48.09,48.01,48.025,4631.0,CIEN
2023-06-02 14:44:00,48.08,48.08,48.07,48.07,4086.0,CIEN
2023-06-02 14:43:00,48.0,48.08,48.0,48.06,15383.0,CIEN
2023-06-02 14:42:00,48.06,48.07,47.976,48.0,26427.0,CIEN
2023-06-02 14:41:00,48.095,48.095,48.08,48.08,1380.0,CIEN
2023-06-02 14:40:00,48.1,48.105,48.09,48.095,1131.0,CIEN
2023-06-02 14:39:00,48.11,48.12,48.1,48.1,1279.0,CIEN
2023-06-02 14:38:00,48.11,48.14,48.11,48.12,3695.0,CIEN
2023-06-02 14:37:00,48.16,48.16,48.13,48.13,1506.0,CIEN
2023-06-02 14:36:00,48.13,48.165,48.13,48.16,4604.0,CIEN
2023-06-02 14:35:00,48.21,48.21,48.13,48.13,4091.0,CIEN
2023-06-02 14:34:00,48.28,48.28,48.235,48.24,5331.0,CIEN
2023-06-02 14:33:00,48.27,48.28,48.27,48.27,4247.0,CIEN
2023-06-02 14:32:00,48.24,48.26,48.24,48.26,3341.0,CIEN
2023-06-02 14:31:00,48.25,48.25,48.24,48.25,3156.0,CIEN
2023-06-02 14:30:00,48.25,48.25,48.225,48.24,1494.0,CIEN
2023-06-02 14:29:00,48.245,48.26,48.2,48.235,9694.0,CIEN
2023-06-02 14:28:00,48.24,48.25,48.24,48.245,17885.0,CIEN
2023-06-02 14:27:00,48.225,48.27,48.2,48.27,10889.0,CIEN
2023-06-02 14:26:00,48.2,48.23,48.2,48.225,5236.0,CIEN
2023-06-02 14:25:00,48.21,48.23,48.195,48.2,5780.0,CIEN
2023-06-02 14:24:00,48.18,48.21,48.18,48.21,5977.0,CIEN
2023-06-02 14:23:00,48.13,48.15,48.13,48.15,3668.0,CIEN
2023-06-02 14:22:00,48.1,48.13,48.1,48.115,1760.0,CIEN
2023-06-02 14:21:00,48.04,48.06,48.035,48.06,2647.0,CIEN
2023-06-02 14:20:00,48.01,48.04,48.01,48.04,1554.0,CIEN
2023-06-02 14:19:00,47.97,48.0,47.96,48.0,5175.0,CIEN
2023-06-02 14:18:00,47.95,47.985,47.94,47.985,4145.0,CIEN
2023-06-02 14:17:00,47.96,47.96,47.94,47.95,1283.0,CIEN
2023-06-02 14:16:00,47.93,47.97,47.93,47.97,3893.0,CIEN
2023-06-02 14:15:00,47.91,47.93,47.91,47.93,3282.0,CIEN
2023-06-02 14:14:00,47.9,47.9,47.875,47.9,3578.0,CIEN
2023-06-02 14:13:00,47.9,47.9,47.88,47.9,8358.0,CIEN
2023-06-02 14:12:00,47.92,47.93,47.92,47.92,2746.0,CIEN
2023-06-02 14:11:00,47.915,47.93,47.915,47.915,1544.0,CIEN
2023-06-02 14:10:00,47.935,47.935,47.92,47.92,971.0,CIEN
2023-06-02 14:09:00,47.9,47.94,47.89,47.94,3983.0,CIEN
2023-06-02 14:08:00,47.87,47.9,47.87,47.9,3943.0,CIEN
2023-06-02 14:07:00,47.92,47.925,47.87,47.87,2844.0,CIEN
2023-06-02 14:06:00,47.97,47.97,47.925,47.925,2893.0,CIEN
2023-06-02 14:05:00,47.99,47.99,47.95,47.96,1939.0,CIEN
2023-06-02 14:04:00,47.99,47.998,47.98,47.98,2823.0,CIEN
2023-06-02 14:03:00,48.01,48.015,47.99,47.99,4092.0,CIEN
2023-06-02 14:02:00,48.02,48.02,48.02,48.02,699.0,CIEN
2023-06-02 14:01:00,48.01,48.02,48.01,48.02,2881.0,CIEN
2023-06-02 14:00:00,48.0,48.01,47.995,48.0,2077.0,CIEN
2023-06-02 13:59:00,47.94,47.985,47.93,47.985,6728.0,CIEN
2023-06-02 13:58:00,47.98,47.98,47.93,47.93,2881.0,CIEN
2023-06-02 13:57:00,47.98,47.98,47.98,47.98,1312.0,CIEN
2023-06-02 13:56:00,47.98,47.98,47.97,47.98,2086.0,CIEN
2023-06-02 13:55:00,47.98,47.99,47.955,47.96,4200.0,CIEN
2023-06-02 13:54:00,48.01,48.03,47.99,48.0,5103.0,CIEN
2023-06-02 13:53:00,48.01,48.01,47.99,48.0,2744.0,CIEN
2023-06-02 13:52:00,48.05,48.05,48.01,48.01,2328.0,CIEN
2023-06-02 13:51:00,48.06,48.065,48.06,48.06,1172.0,CIEN
2023-06-02 13:50:00,48.07,48.07,48.06,48.06,3784.0,CIEN
2023-06-02 13:49:00,48.05,48.07,48.05,48.07,2210.0,CIEN
2023-06-02 13:48:00,48.07,48.09,48.07,48.07,2891.0,CIEN
2023-06-02 13:47:00,48.05,48.07,48.05,48.07,2235.0,CIEN
2023-06-02 13:46:00,48.03,48.04,48.025,48.04,2547.0,CIEN
2023-06-02 13:45:00,48.03,48.04,48.03,48.03,1265.0,CIEN
2023-06-02 13:44:00,48.01,48.035,48.01,48.03,2427.0,CIEN
2023-06-02 13:43:00,47.99,48.0,47.98,48.0,3688.0,CIEN
2023-06-02 13:42:00,48.0,48.02,47.99,47.99,3057.0,CIEN
2023-06-02 13:41:00,47.985,47.985,47.985,47.985,282.0,CIEN
2023-06-02 13:40:00,48.01,48.01,47.99,47.99,2898.0,CIEN
2023-06-02 13:39:00,48.01,48.02,47.99,48.0,7395.0,CIEN
2023-06-02 13:38:00,48.0,48.0,47.99,48.0,1771.0,CIEN
2023-06-02 13:37:00,47.98,48.004,47.98,48.004,3565.0,CIEN
2023-06-02 13:36:00,48.02,48.02,47.98,47.98,1508.0,CIEN
2023-06-02 13:35:00,48.06,48.065,48.05,48.05,2329.0,CIEN
2023-06-02 13:34:00,48.04,48.06,48.04,48.045,1767.0,CIEN
2023-06-02 13:33:00,48.055,48.06,48.03,48.05,2830.0,CIEN
2023-06-02 13:32:00,48.07,48.07,48.05,48.06,2865.0,CIEN
2023-06-02 13:31:00,48.085,48.085,48.085,48.085,595.0,CIEN
2023-06-02 13:30:00,48.11,48.12,48.085,48.085,2257.0,CIEN
2023-06-02 13:29:00,48.11,48.11,48.11,48.11,885.0,CIEN
2023-06-02 13:28:00,48.11,48.11,48.1,48.1,1194.0,CIEN
2023-06-02 13:27:00,48.05,48.09,48.05,48.09,2554.0,CIEN
2023-06-02 13:26:00,48.05,48.05,48.03,48.05,887.0,CIEN
2023-06-02 13:25:00,48.04,48.055,48.031,48.05,3144.0,CIEN
2023-06-02 13:24:00,48.065,48.065,48.025,48.03,2325.0,CIEN
2023-06-02 13:23:00,48.06,48.07,48.06,48.066,1714.0,CIEN
2023-06-02 13:22:00,48.05,48.06,48.05,48.06,1803.0,CIEN
2023-06-02 13:21:00,48.05,48.07,48.05,48.06,1765.0,CIEN
2023-06-02 13:20:00,48.035,48.05,48.035,48.05,1331.0,CIEN
2023-06-02 13:19:00,48.03,48.035,48.03,48.035,1347.0,CIEN
2023-06-02 13:18:00,48.04,48.05,48.04,48.04,2089.0,CIEN
2023-06-02 13:17:00,48.01,48.04,48.01,48.04,2647.0,CIEN
2023-06-02 13:16:00,48.0,48.015,47.98,47.99,5290.0,CIEN
2023-06-02 13:15:00,48.03,48.03,48.0,48.0,2054.0,CIEN
2023-06-02 13:14:00,47.96,48.015,47.951,48.015,8807.0,CIEN
2023-06-02 13:13:00,47.95,47.96,47.95,47.95,3926.0,CIEN
2023-06-02 13:12:00,47.96,47.96,47.96,47.96,900.0,CIEN
2023-06-02 13:11:00,47.97,47.97,47.97,47.97,529.0,CIEN
2023-06-02 13:10:00,47.96,47.97,47.96,47.97,1889.0,CIEN
2023-06-02 13:09:00,48.0,48.0,47.96,47.96,3080.0,CIEN
2023-06-02 13:08:00,47.98,47.99,47.98,47.99,897.0,CIEN
2023-06-02 13:07:00,47.98,47.99,47.975,47.98,1500.0,CIEN
2023-06-02 13:06:00,47.98,47.98,47.968,47.98,1778.0,CIEN
2023-06-02 13:05:00,47.95,47.98,47.95,47.98,2048.0,CIEN
2023-06-02 13:04:00,47.935,47.935,47.935,47.935,874.0,CIEN
2023-06-02 13:03:00,47.94,47.95,47.94,47.94,2057.0,CIEN
2023-06-02 13:02:00,47.91,47.95,47.91,47.95,9981.0,CIEN
2023-06-02 13:01:00,47.94,47.94,47.915,47.92,1720.0,CIEN
2023-06-02 13:00:00,48.04,48.04,47.97,47.97,2116.0,CIEN
2023-06-02 12:59:00,48.05,48.05,48.02,48.02,2778.0,CIEN
2023-06-02 12:57:00,48.05,48.06,48.03,48.03,1614.0,CIEN
2023-06-02 12:56:00,48.05,48.06,48.04,48.042,1971.0,CIEN
2023-06-02 12:55:00,48.05,48.065,48.02,48.04,3848.0,CIEN
2023-06-02 12:54:00,48.05,48.05,48.05,48.05,364.0,CIEN
2023-06-02 12:53:00,48.08,48.08,48.07,48.07,629.0,CIEN
2023-06-02 12:52:00,48.1,48.1,48.07,48.07,2060.0,CIEN
2023-06-02 12:51:00,48.1,48.12,48.1,48.12,3588.0,CIEN
2023-06-02 12:50:00,48.1,48.1,48.085,48.09,1678.0,CIEN
2023-06-02 12:49:00,48.09,48.1,48.07,48.07,3793.0,CIEN
2023-06-02 12:48:00,48.13,48.13,48.13,48.13,908.0,CIEN
2023-06-02 12:47:00,48.145,48.165,48.145,48.15,3717.0,CIEN
2023-06-02 12:46:00,48.135,48.16,48.135,48.15,3976.0,CIEN
2023-06-02 12:45:00,48.135,48.135,48.135,48.135,390.0,CIEN
2023-06-02 12:44:00,48.11,48.13,48.11,48.13,1758.0,CIEN
2023-06-02 12:43:00,48.09,48.1,48.09,48.1,1180.0,CIEN
2023-06-02 12:42:00,48.08,48.08,48.04,48.07,5840.0,CIEN
2023-06-02 12:41:00,48.08,48.08,48.08,48.08,1197.0,CIEN
2023-06-02 12:40:00,48.085,48.085,48.07,48.08,1786.0,CIEN
2023-06-02 12:39:00,48.055,48.07,48.055,48.07,1276.0,CIEN
2023-06-02 12:38:00,48.01,48.05,48.01,48.05,2180.0,CIEN
2023-06-02 12:37:00,48.02,48.02,48.01,48.01,1679.0,CIEN
2023-06-02 12:36:00,48.02,48.04,48.02,48.035,5843.0,CIEN
2023-06-02 12:35:00,47.98,48.005,47.98,48.005,1734.0,CIEN
2023-06-02 12:34:00,47.92,47.965,47.92,47.965,1930.0,CIEN
2023-06-02 12:33:00,47.92,47.92,47.92,47.92,471.0,CIEN
2023-06-02 12:32:00,47.89,47.93,47.89,47.93,2855.0,CIEN
2023-06-02 12:31:00,47.915,47.915,47.87,47.9,4724.0,CIEN
2023-06-02 12:30:00,47.915,47.92,47.915,47.92,845.0,CIEN
2023-06-02 12:29:00,47.91,47.92,47.91,47.92,1023.0,CIEN
2023-06-02 12:28:00,47.895,47.91,47.88,47.91,6155.0,CIEN
2023-06-02 12:27:00,47.89,47.91,47.888,47.888,2482.0,CIEN
2023-06-02 12:26:00,47.89,47.89,47.89,47.89,1345.0,CIEN
2023-06-02 12:25:00,47.9,47.91,47.89,47.91,1450.0,CIEN
2023-06-02 12:24:00,47.9,47.9,47.89,47.89,813.0,CIEN
2023-06-02 12:23:00,47.885,47.92,47.885,47.91,2244.0,CIEN
2023-06-02 12:22:00,47.85,47.87,47.84,47.87,2057.0,CIEN
2023-06-02 12:21:00,47.805,47.89,47.805,47.88,3410.0,CIEN
2023-06-02 12:20:00,47.805,47.805,47.805,47.805,215.0,CIEN
2023-06-02 12:19:00,47.81,47.82,47.78,47.805,4653.0,CIEN
2023-06-02 12:18:00,47.845,47.845,47.825,47.835,2168.0,CIEN
2023-06-02 12:17:00,47.86,47.86,47.85,47.85,784.0,CIEN
2023-06-02 12:16:00,47.813,47.9,47.813,47.88,2495.0,CIEN
2023-06-02 12:15:00,47.84,47.85,47.8,47.81,3506.0,CIEN
2023-06-02 12:14:00,47.85,47.85,47.85,47.85,507.0,CIEN
2023-06-02 12:13:00,47.81,47.83,47.8,47.83,6664.0,CIEN
2023-06-02 12:12:00,47.8,47.815,47.78,47.81,4266.0,CIEN
2023-06-02 12:11:00,47.75,47.8,47.75,47.79,10591.0,CIEN
2023-06-02 12:10:00,47.73,47.75,47.72,47.73,3824.0,CIEN
2023-06-02 12:09:00,47.68,47.71,47.68,47.706,2628.0,CIEN
2023-06-02 12:08:00,47.665,47.69,47.665,47.68,1573.0,CIEN
2023-06-02 12:07:00,47.68,47.68,47.65,47.67,19690.0,CIEN
2023-06-02 12:06:00,47.68,47.69,47.66,47.69,12418.0,CIEN
2023-06-02 12:05:00,47.64,47.66,47.64,47.66,3759.0,CIEN
2023-06-02 12:04:00,47.65,47.65,47.624,47.626,761.0,CIEN
2023-06-02 12:03:00,47.6,47.64,47.6,47.64,2174.0,CIEN
2023-06-02 12:02:00,47.63,47.63,47.59,47.61,8890.0,CIEN
2023-06-02 12:01:00,47.68,47.68,47.645,47.645,3537.0,CIEN
2023-06-02 12:00:00,47.68,47.68,47.68,47.68,339.0,CIEN
2023-06-02 11:59:00,47.71,47.71,47.68,47.68,2156.0,CIEN
2023-06-02 11:58:00,47.72,47.77,47.71,47.71,3924.0,CIEN
2023-06-02 11:57:00,47.655,47.72,47.655,47.72,2888.0,CIEN
2023-06-02 11:56:00,47.61,47.66,47.61,47.66,5059.0,CIEN
2023-06-02 11:55:00,47.665,47.68,47.62,47.625,4152.0,CIEN
2023-06-02 11:54:00,47.65,47.67,47.64,47.66,28857.0,CIEN
2023-06-02 11:53:00,47.66,47.67,47.645,47.65,5407.0,CIEN
2023-06-02 11:52:00,47.685,47.7,47.67,47.68,3059.0,CIEN
2023-06-02 11:51:00,47.68,47.69,47.675,47.685,2150.0,CIEN
2023-06-02 11:50:00,47.73,47.73,47.67,47.67,2894.0,CIEN
2023-06-02 11:49:00,47.77,47.77,47.72,47.72,2187.0,CIEN
2023-06-02 11:48:00,47.72,47.77,47.71,47.755,3582.0,CIEN
2023-06-02 11:47:00,47.735,47.735,47.68,47.68,5291.0,CIEN
2023-06-02 11:46:00,47.73,47.75,47.73,47.75,922.0,CIEN
2023-06-02 11:45:00,47.74,47.75,47.73,47.73,1406.0,CIEN
2023-06-02 11:44:00,47.683,47.73,47.683,47.73,1951.0,CIEN
2023-06-02 11:43:00,47.7,47.71,47.685,47.685,1918.0,CIEN
2023-06-02 11:42:00,47.71,47.72,47.7,47.72,1471.0,CIEN
2023-06-02 11:41:00,47.699,47.7,47.69,47.69,1314.0,CIEN
2023-06-02 11:40:00,47.73,47.73,47.68,47.69,1958.0,CIEN
2023-06-02 11:39:00,47.7,47.74,47.69,47.735,4504.0,CIEN
2023-06-02 11:38:00,47.7,47.73,47.7,47.7,7289.0,CIEN
2023-06-02 11:37:00,47.72,47.72,47.68,47.69,2519.0,CIEN
2023-06-02 11:36:00,47.71,47.74,47.71,47.74,1591.0,CIEN
2023-06-02 11:35:00,47.71,47.72,47.7,47.7,1210.0,CIEN
2023-06-02 11:34:00,47.65,47.72,47.63,47.72,4686.0,CIEN
2023-06-02 11:33:00,47.7,47.7,47.67,47.67,1476.0,CIEN
2023-06-02 11:32:00,47.77,47.77,47.7,47.7,4715.0,CIEN
2023-06-02 11:31:00,47.8,47.8,47.785,47.785,627.0,CIEN
2023-06-02 11:30:00,47.77,47.79,47.75,47.785,4612.0,CIEN
2023-06-02 11:29:00,47.775,47.775,47.77,47.77,904.0,CIEN
2023-06-02 11:28:00,47.76,47.78,47.74,47.78,4294.0,CIEN
2023-06-02 11:27:00,47.72,47.79,47.72,47.77,6330.0,CIEN
2023-06-02 11:26:00,47.73,47.74,47.72,47.72,2341.0,CIEN
2023-06-02 11:25:00,47.69,47.72,47.69,47.715,3415.0,CIEN
2023-06-02 11:24:00,47.7,47.7,47.67,47.69,1672.0,CIEN
2023-06-02 11:23:00,47.74,47.74,47.7,47.7,2582.0,CIEN
2023-06-02 11:22:00,47.73,47.74,47.72,47.72,5051.0,CIEN
2023-06-02 11:21:00,47.68,47.72,47.66,47.72,4186.0,CIEN
2023-06-02 11:20:00,47.64,47.64,47.64,47.64,145.0,CIEN
2023-06-02 11:19:00,47.655,47.67,47.625,47.67,4473.0,CIEN
2023-06-02 11:18:00,47.65,47.655,47.65,47.65,676.0,CIEN
2023-06-02 11:17:00,47.57,47.65,47.57,47.63,3997.0,CIEN
2023-06-02 11:16:00,47.57,47.57,47.57,47.57,719.0,CIEN
2023-06-02 11:15:00,47.549,47.58,47.549,47.555,3206.0,CIEN
2023-06-02 11:14:00,47.56,47.56,47.55,47.55,1280.0,CIEN
2023-06-02 11:13:00,47.585,47.585,47.56,47.56,603.0,CIEN
2023-06-02 11:12:00,47.61,47.61,47.59,47.59,1241.0,CIEN
2023-06-02 11:11:00,47.64,47.66,47.6,47.61,9411.0,CIEN
2023-06-02 11:10:00,47.59,47.665,47.59,47.66,9494.0,CIEN
2023-06-02 11:09:00,47.58,47.59,47.568,47.59,1294.0,CIEN
2023-06-02 11:08:00,47.53,47.6,47.53,47.595,4018.0,CIEN
2023-06-02 11:07:00,47.56,47.56,47.53,47.56,2796.0,CIEN
2023-06-02 11:06:00,47.575,47.575,47.55,47.55,1812.0,CIEN
2023-06-02 11:05:00,47.575,47.59,47.56,47.575,1387.0,CIEN
2023-06-02 11:04:00,47.57,47.59,47.565,47.565,4035.0,CIEN
2023-06-02 11:03:00,47.58,47.58,47.57,47.57,2183.0,CIEN
2023-06-02 11:02:00,47.55,47.58,47.55,47.58,981.0,CIEN
2023-06-02 11:01:00,47.5,47.54,47.5,47.54,3398.0,CIEN
2023-06-02 11:00:00,47.505,47.52,47.5,47.515,3977.0,CIEN
2023-06-02 10:59:00,47.51,47.52,47.5,47.505,2203.0,CIEN
2023-06-02 10:58:00,47.5,47.51,47.486,47.51,1732.0,CIEN
2023-06-02 10:57:00,47.49,47.5,47.48,47.5,3179.0,CIEN
2023-06-02 10:56:00,47.465,47.49,47.44,47.475,2310.0,CIEN
2023-06-02 10:55:00,47.469,47.47,47.469,47.47,660.0,CIEN
2023-06-02 10:54:00,47.475,47.48,47.465,47.471,777.0,CIEN
2023-06-02 10:53:00,47.46,47.48,47.455,47.48,1874.0,CIEN
2023-06-02 10:52:00,47.44,47.48,47.43,47.48,2537.0,CIEN
2023-06-02 10:51:00,47.405,47.45,47.405,47.45,2497.0,CIEN
2023-06-02 10:50:00,47.44,47.44,47.4,47.405,3736.0,CIEN
2023-06-02 10:49:00,47.565,47.565,47.44,47.455,8344.0,CIEN
2023-06-02 10:48:00,47.495,47.55,47.495,47.55,4760.0,CIEN
2023-06-02 10:47:00,47.42,47.5,47.39,47.5,3379.0,CIEN
2023-06-02 10:46:00,47.36,47.4,47.36,47.388,2016.0,CIEN
2023-06-02 10:45:00,47.35,47.38,47.35,47.38,1961.0,CIEN
2023-06-02 10:44:00,47.38,47.38,47.331,47.331,2575.0,CIEN
2023-06-02 10:43:00,47.322,47.38,47.305,47.38,1947.0,CIEN
2023-06-02 10:42:00,47.25,47.315,47.25,47.315,8582.0,CIEN
2023-06-02 10:41:00,47.22,47.22,47.22,47.22,393.0,CIEN
2023-06-02 10:40:00,47.231,47.231,47.21,47.21,1087.0,CIEN
2023-06-02 10:39:00,47.23,47.23,47.23,47.23,489.0,CIEN
2023-06-02 10:38:00,47.26,47.26,47.2,47.2,1115.0,CIEN
2023-06-02 10:37:00,47.225,47.26,47.2,47.26,1794.0,CIEN
2023-06-02 10:36:00,47.29,47.29,47.21,47.27,3211.0,CIEN
2023-06-02 10:35:00,47.275,47.275,47.25,47.25,2478.0,CIEN
2023-06-02 10:34:00,47.296,47.3,47.296,47.3,573.0,CIEN
2023-06-02 10:33:00,47.25,47.33,47.2,47.33,3947.0,CIEN
2023-06-02 10:32:00,47.3,47.3,47.24,47.28,9171.0,CIEN
2023-06-02 10:31:00,47.33,47.35,47.31,47.315,2438.0,CIEN
2023-06-02 10:30:00,47.305,47.33,47.305,47.33,3359.0,CIEN
2023-06-02 10:29:00,47.32,47.32,47.31,47.31,1519.0,CIEN
2023-06-02 10:28:00,47.31,47.35,47.31,47.35,2331.0,CIEN
2023-06-02 10:27:00,47.265,47.29,47.265,47.277,1279.0,CIEN
2023-06-02 10:26:00,47.29,47.29,47.27,47.28,1420.0,CIEN
2023-06-02 10:25:00,47.185,47.27,47.16,47.27,7575.0,CIEN
2023-06-02 10:24:00,47.23,47.237,47.19,47.19,1892.0,CIEN
2023-06-02 10:23:00,47.28,47.28,47.23,47.23,2880.0,CIEN
2023-06-02 10:22:00,47.255,47.255,47.23,47.23,596.0,CIEN
2023-06-02 10:21:00,47.32,47.32,47.255,47.255,1728.0,CIEN
2023-06-02 10:20:00,47.22,47.33,47.22,47.33,3225.0,CIEN
2023-06-02 10:19:00,47.196,47.24,47.17,47.24,3965.0,CIEN
2023-06-02 10:18:00,47.24,47.25,47.221,47.221,941.0,CIEN
2023-06-02 10:17:00,47.22,47.22,47.11,47.21,10277.0,CIEN
2023-06-02 10:16:00,47.32,47.33,47.22,47.225,4184.0,CIEN
2023-06-02 10:15:00,47.285,47.32,47.285,47.285,621.0,CIEN
2023-06-02 10:14:00,47.3,47.3,47.25,47.25,718.0,CIEN
2023-06-02 10:13:00,47.24,47.33,47.224,47.28,2763.0,CIEN
2023-06-02 10:12:00,47.08,47.25,47.07,47.205,6468.0,CIEN
2023-06-02 10:11:00,47.11,47.11,47.105,47.105,1147.0,CIEN
2023-06-02 10:10:00,47.06,47.15,47.06,47.15,3020.0,CIEN
2023-06-02 10:09:00,47.09,47.09,47.03,47.07,2629.0,CIEN
2023-06-02 10:08:00,47.13,47.15,47.11,47.11,6924.0,CIEN
2023-06-02 10:07:00,47.12,47.15,47.08,47.12,2961.0,CIEN
2023-06-02 10:06:00,47.035,47.09,47.035,47.09,2495.0,CIEN
2023-06-02 10:05:00,46.955,47.03,46.952,47.01,4425.0,CIEN
2023-06-02 10:04:00,46.93,46.99,46.905,46.95,2497.0,CIEN
2023-06-02 10:03:00,46.97,46.97,46.93,46.93,2047.0,CIEN
2023-06-02 10:02:00,47.025,47.025,46.99,46.99,797.0,CIEN
2023-06-02 10:01:00,47.035,47.05,46.97,47.02,6135.0,CIEN
2023-06-02 10:00:00,47.1,47.1,46.99,47.035,10024.0,CIEN
2023-06-02 09:59:00,47.11,47.12,47.07,47.12,3283.0,CIEN
2023-06-02 09:58:00,47.17,47.17,47.11,47.13,615.0,CIEN
2023-06-02 09:57:00,47.34,47.34,47.23,47.24,2569.0,CIEN
2023-06-02 09:56:00,47.26,47.34,47.23,47.32,4203.0,CIEN
2023-06-02 09:55:00,47.27,47.28,47.24,47.28,2778.0,CIEN
2023-06-02 09:54:00,47.25,47.33,47.25,47.3,7382.0,CIEN
2023-06-02 09:53:00,47.43,47.44,47.25,47.25,2657.0,CIEN
2023-06-02 09:52:00,47.46,47.47,47.4,47.44,3325.0,CIEN
2023-06-02 09:51:00,47.53,47.53,47.4,47.43,5740.0,CIEN
2023-06-02 09:50:00,47.54,47.54,47.54,47.54,897.0,CIEN
2023-06-02 09:49:00,47.53,47.55,47.43,47.53,7093.0,CIEN
2023-06-02 09:48:00,47.5,47.56,47.47,47.515,2603.0,CIEN
2023-06-02 09:47:00,47.49,47.51,47.4,47.51,14008.0,CIEN
2023-06-02 09:46:00,47.475,47.53,47.47,47.51,9173.0,CIEN
2023-06-02 09:45:00,47.625,47.65,47.38,47.475,27727.0,CIEN
2023-06-02 09:44:00,47.73,47.77,47.65,47.65,10025.0,CIEN
2023-06-02 09:43:00,47.76,47.77,47.7,47.72,7413.0,CIEN
2023-06-02 09:42:00,47.77,47.79,47.73,47.79,7703.0,CIEN
2023-06-02 09:41:00,47.848,47.86,47.767,47.815,2442.0,CIEN
2023-06-02 09:40:00,47.8,47.85,47.71,47.71,3471.0,CIEN
2023-06-02 09:39:00,47.75,47.8,47.75,47.793,2799.0,CIEN
2023-06-02 09:38:00,47.77,47.82,47.74,47.79,2027.0,CIEN
2023-06-02 09:37:00,47.8,47.8,47.755,47.795,1863.0,CIEN
2023-06-02 09:36:00,47.8,47.8,47.765,47.765,3074.0,CIEN
2023-06-02 09:35:00,47.83,47.92,47.77,47.8,5190.0,CIEN
2023-06-02 09:34:00,47.8,47.8,47.71,47.8,5016.0,CIEN
2023-06-02 09:33:00,47.83,47.88,47.7,47.77,7669.0,CIEN
2023-06-02 09:32:00,47.99,47.99,47.75,47.785,9640.0,CIEN
2023-06-02 09:31:00,47.885,47.99,47.88,47.97,2907.0,CIEN
2023-06-02 09:30:00,47.54,47.98,47.45,47.96,19020.0,CIEN
2023-06-02 09:29:00,47.47,47.47,47.47,47.47,2.0,CIEN
2023-06-02 08:29:00,47.67,47.67,47.67,47.67,20.0,CIEN
2023-06-02 08:28:00,47.11,47.11,47.1,47.1,200.0,CIEN
2023-06-02 08:20:00,47.03,47.03,47.03,47.03,1.0,CIEN
2023-06-02 07:35:00,47.04,47.04,47.04,47.04,2.0,CIEN
2023-06-01 19:56:00,47.35,47.35,47.35,47.35,2.0,CIEN
2023-06-01 19:16:00,47.36,47.36,47.36,47.36,5.0,CIEN
2023-06-01 19:00:00,47.03,47.03,47.03,47.03,110034.0,CIEN
2023-06-01 18:30:00,47.03,47.03,47.03,47.03,110034.0,CIEN
2023-06-01 17:34:00,47.37,47.37,47.37,47.37,20.0,CIEN
2023-06-01 17:21:00,47.34,47.34,47.34,47.34,2.0,CIEN
2023-06-01 17:10:00,47.02,47.02,47.02,47.02,6.0,CIEN
2023-06-01 16:59:00,47.0,47.0,47.0,47.0,95.0,CIEN
2023-06-01 16:51:00,47.1,47.1,47.1,47.1,5000.0,CIEN
2023-06-01 16:44:00,47.03,47.03,47.03,47.03,959.0,CIEN
2023-06-01 16:10:00,47.03,47.03,47.03,47.03,110117.0,CIEN
2023-06-01 16:07:00,45.902,46.97,45.902,46.97,2.0,CIEN
2023-06-01 16:05:00,47.03,47.03,47.03,47.03,1623.0,CIEN
2023-06-01 16:04:00,46.986,46.986,46.986,46.986,7987.0,CIEN
2023-06-01 16:01:00,47.03,47.03,47.03,47.03,8.0,CIEN
2023-06-01 16:00:00,47.025,47.04,47.025,47.03,227660.0,CIEN
2023-06-01 15:59:00,46.95,47.04,46.95,47.04,32283.0,CIEN
2023-06-01 15:58:00,46.965,46.97,46.95,46.95,14592.0,CIEN
2023-06-01 15:57:00,47.015,47.02,46.96,46.96,18417.0,CIEN
2023-06-01 15:56:00,47.025,47.04,47.01,47.01,13829.0,CIEN
2023-06-01 15:55:00,46.97,47.05,46.97,47.025,21433.0,CIEN
2023-06-01 15:54:00,46.94,46.965,46.91,46.965,16489.0,CIEN
2023-06-01 15:53:00,46.85,46.95,46.85,46.95,12746.0,CIEN
2023-06-01 15:52:00,46.87,46.87,46.841,46.845,7193.0,CIEN
2023-06-01 15:51:00,46.865,46.89,46.845,46.865,17417.0,CIEN
2023-06-01 15:50:00,46.94,46.945,46.86,46.865,9247.0,CIEN
2023-06-01 15:49:00,46.95,46.955,46.94,46.945,2675.0,CIEN
2023-06-01 15:48:00,46.945,46.98,46.94,46.945,7590.0,CIEN
2023-06-01 15:47:00,46.92,46.95,46.92,46.945,6755.0,CIEN
2023-06-01 15:46:00,46.91,46.92,46.895,46.915,9744.0,CIEN
2023-06-01 15:45:00,46.9,46.92,46.895,46.905,7499.0,CIEN
2023-06-01 15:44:00,46.915,46.935,46.895,46.9,8377.0,CIEN
2023-06-01 15:43:00,46.9,46.92,46.895,46.92,6951.0,CIEN
2023-06-01 15:42:00,46.91,46.91,46.9,46.91,1374.0,CIEN
2023-06-01 15:41:00,46.91,46.95,46.905,46.91,10437.0,CIEN
2023-06-01 15:40:00,46.96,46.96,46.9,46.91,9788.0,CIEN
2023-06-01 15:39:00,46.93,46.97,46.93,46.97,7760.0,CIEN
2023-06-01 15:38:00,46.98,46.98,46.931,46.931,7073.0,CIEN
2023-06-01 15:37:00,47.01,47.01,46.97,46.98,3428.0,CIEN
2023-06-01 15:36:00,47.0,47.03,46.99,47.02,5468.0,CIEN
2023-06-01 15:35:00,47.02,47.03,46.99,46.99,5120.0,CIEN
2023-06-01 15:34:00,47.045,47.045,47.004,47.03,5559.0,CIEN
2023-06-01 15:33:00,47.08,47.1,47.06,47.06,4979.0,CIEN
2023-06-01 15:32:00,47.095,47.095,47.07,47.07,3777.0,CIEN
2023-06-01 15:31:00,47.14,47.16,47.09,47.1,6910.0,CIEN
2023-06-01 15:30:00,47.17,47.19,47.145,47.145,3089.0,CIEN
2023-06-01 15:29:00,47.225,47.23,47.157,47.175,7540.0,CIEN
2023-06-01 15:28:00,47.23,47.24,47.225,47.235,4835.0,CIEN
2023-06-01 15:27:00,47.225,47.23,47.215,47.225,2600.0,CIEN
2023-06-01 15:26:00,47.24,47.24,47.22,47.23,2627.0,CIEN
2023-06-01 15:25:00,47.245,47.26,47.245,47.25,2987.0,CIEN
2023-06-01 15:24:00,47.2,47.245,47.2,47.24,12728.0,CIEN
2023-06-01 15:23:00,47.21,47.21,47.19,47.195,1988.0,CIEN
2023-06-01 15:22:00,47.23,47.23,47.21,47.21,1221.0,CIEN
2023-06-01 15:21:00,47.25,47.255,47.22,47.22,3534.0,CIEN
2023-06-01 15:20:00,47.21,47.23,47.2,47.23,2958.0,CIEN
2023-06-01 15:19:00,47.24,47.24,47.21,47.21,1499.0,CIEN
2023-06-01 15:18:00,47.225,47.24,47.21,47.24,2236.0,CIEN
2023-06-01 15:17:00,47.21,47.23,47.21,47.23,2877.0,CIEN
2023-06-01 15:16:00,47.25,47.25,47.21,47.215,2935.0,CIEN
2023-06-01 15:15:00,47.24,47.27,47.23,47.26,3591.0,CIEN
2023-06-01 15:14:00,47.2,47.25,47.2,47.25,2614.0,CIEN
2023-06-01 15:13:00,47.205,47.205,47.205,47.205,638.0,CIEN
2023-06-01 15:12:00,47.18,47.21,47.175,47.205,3130.0,CIEN
2023-06-01 15:11:00,47.185,47.19,47.18,47.18,711.0,CIEN
2023-06-01 15:10:00,47.185,47.185,47.17,47.17,338.0,CIEN
2023-06-01 15:09:00,47.21,47.21,47.18,47.19,2179.0,CIEN
2023-06-01 15:08:00,47.25,47.25,47.21,47.21,1774.0,CIEN
2023-06-01 15:07:00,47.26,47.26,47.24,47.26,652.0,CIEN
2023-06-01 15:06:00,47.235,47.26,47.235,47.26,961.0,CIEN
2023-06-01 15:05:00,47.25,47.26,47.225,47.25,4284.0,CIEN
2023-06-01 15:04:00,47.21,47.25,47.21,47.24,3103.0,CIEN
2023-06-01 15:03:00,47.195,47.21,47.195,47.21,1911.0,CIEN
2023-06-01 15:02:00,47.17,47.19,47.17,47.19,1541.0,CIEN
2023-06-01 15:01:00,47.17,47.18,47.164,47.164,969.0,CIEN
2023-06-01 15:00:00,47.165,47.165,47.15,47.15,322.0,CIEN
2023-06-01 14:59:00,47.165,47.165,47.165,47.165,190.0,CIEN
2023-06-01 14:58:00,47.17,47.17,47.15,47.15,3193.0,CIEN
2023-06-01 14:57:00,47.17,47.18,47.17,47.17,3840.0,CIEN
2023-06-01 14:56:00,47.17,47.18,47.17,47.18,926.0,CIEN
2023-06-01 14:55:00,47.18,47.18,47.18,47.18,213.0,CIEN
2023-06-01 14:54:00,47.14,47.175,47.14,47.175,1552.0,CIEN
2023-06-01 14:53:00,47.14,47.15,47.138,47.15,2034.0,CIEN
2023-06-01 14:52:00,47.12,47.175,47.12,47.12,3969.0,CIEN
2023-06-01 14:51:00,47.12,47.12,47.09,47.11,9945.0,CIEN
2023-06-01 14:50:00,47.135,47.135,47.12,47.13,349.0,CIEN
2023-06-01 14:49:00,47.135,47.135,47.135,47.135,247.0,CIEN
2023-06-01 14:48:00,47.15,47.155,47.13,47.155,2154.0,CIEN
2023-06-01 14:47:00,47.135,47.17,47.135,47.16,1416.0,CIEN
2023-06-01 14:46:00,47.11,47.14,47.11,47.14,1716.0,CIEN
2023-06-01 14:45:00,47.12,47.12,47.12,47.12,1261.0,CIEN
2023-06-01 14:44:00,47.14,47.14,47.13,47.13,823.0,CIEN
2023-06-01 14:43:00,47.15,47.15,47.15,47.15,726.0,CIEN
2023-06-01 14:42:00,47.17,47.175,47.15,47.15,2536.0,CIEN
2023-06-01 14:41:00,47.17,47.17,47.15,47.16,627.0,CIEN
2023-06-01 14:40:00,47.16,47.16,47.16,47.16,568.0,CIEN
2023-06-01 14:39:00,47.15,47.17,47.14,47.16,2007.0,CIEN
2023-06-01 14:38:00,47.16,47.16,47.11,47.135,7056.0,CIEN
2023-06-01 14:37:00,47.18,47.18,47.16,47.16,1602.0,CIEN
2023-06-01 14:36:00,47.2,47.2,47.18,47.18,478.0,CIEN
2023-06-01 14:35:00,47.16,47.195,47.16,47.19,3541.0,CIEN
2023-06-01 14:34:00,47.16,47.16,47.16,47.16,365.0,CIEN
2023-06-01 14:33:00,47.165,47.17,47.16,47.165,1838.0,CIEN
2023-06-01 14:32:00,47.165,47.165,47.165,47.165,627.0,CIEN
2023-06-01 14:31:00,47.19,47.19,47.16,47.175,949.0,CIEN
2023-06-01 14:30:00,47.2,47.21,47.2,47.2,725.0,CIEN
2023-06-01 14:29:00,47.22,47.22,47.2,47.21,796.0,CIEN
2023-06-01 14:28:00,47.255,47.26,47.22,47.225,3324.0,CIEN
2023-06-01 14:27:00,47.24,47.265,47.24,47.255,1397.0,CIEN
2023-06-01 14:26:00,47.21,47.23,47.21,47.22,1446.0,CIEN
2023-06-01 14:25:00,47.22,47.22,47.195,47.2,2073.0,CIEN
2023-06-01 14:24:00,47.24,47.24,47.22,47.22,655.0,CIEN
2023-06-01 14:23:00,47.26,47.26,47.25,47.25,792.0,CIEN
2023-06-01 14:22:00,47.255,47.275,47.255,47.27,1606.0,CIEN
2023-06-01 14:21:00,47.25,47.27,47.25,47.255,1152.0,CIEN
2023-06-01 14:20:00,47.22,47.265,47.2,47.26,2173.0,CIEN
2023-06-01 14:19:00,47.27,47.27,47.22,47.22,1334.0,CIEN
2023-06-01 14:18:00,47.305,47.305,47.27,47.27,1952.0,CIEN
2023-06-01 14:17:00,47.315,47.315,47.315,47.315,579.0,CIEN
2023-06-01 14:16:00,47.335,47.335,47.31,47.31,1404.0,CIEN
2023-06-01 14:15:00,47.32,47.35,47.32,47.34,1664.0,CIEN
2023-06-01 14:14:00,47.325,47.325,47.325,47.325,241.0,CIEN
2023-06-01 14:13:00,47.335,47.335,47.31,47.325,674.0,CIEN
2023-06-01 14:12:00,47.35,47.35,47.32,47.32,319.0,CIEN
2023-06-01 14:11:00,47.34,47.345,47.34,47.345,320.0,CIEN
2023-06-01 14:10:00,47.375,47.375,47.32,47.335,1382.0,CIEN
2023-06-01 14:09:00,47.375,47.39,47.37,47.37,938.0,CIEN
2023-06-01 14:08:00,47.3,47.375,47.3,47.375,2800.0,CIEN
2023-06-01 14:07:00,47.31,47.32,47.3,47.3,1184.0,CIEN
2023-06-01 14:06:00,47.38,47.4,47.32,47.32,3322.0,CIEN
2023-06-01 14:05:00,47.415,47.415,47.36,47.36,5400.0,CIEN
2023-06-01 14:04:00,47.39,47.42,47.39,47.415,2307.0,CIEN
2023-06-01 14:03:00,47.35,47.38,47.35,47.38,1682.0,CIEN
2023-06-01 14:02:00,47.31,47.355,47.31,47.355,1458.0,CIEN
2023-06-01 14:01:00,47.31,47.31,47.31,47.31,452.0,CIEN
2023-06-01 14:00:00,47.34,47.34,47.3,47.31,2525.0,CIEN
2023-06-01 13:59:00,47.295,47.32,47.295,47.32,2030.0,CIEN
2023-06-01 13:58:00,47.275,47.3,47.27,47.29,9267.0,CIEN
2023-06-01 13:57:00,47.27,47.27,47.242,47.27,3092.0,CIEN
2023-06-01 13:56:00,47.275,47.275,47.265,47.265,643.0,CIEN
2023-06-01 13:55:00,47.25,47.29,47.25,47.275,3967.0,CIEN
2023-06-01 13:54:00,47.25,47.26,47.25,47.26,1275.0,CIEN
2023-06-01 13:53:00,47.22,47.25,47.215,47.25,5332.0,CIEN
2023-06-01 13:52:00,47.235,47.235,47.225,47.225,4475.0,CIEN
2023-06-01 13:51:00,47.23,47.265,47.23,47.24,4465.0,CIEN
2023-06-01 13:50:00,47.23,47.23,47.23,47.23,773.0,CIEN
2023-06-01 13:49:00,47.21,47.235,47.21,47.23,2394.0,CIEN
2023-06-01 13:48:00,47.18,47.22,47.18,47.21,7001.0,CIEN
2023-06-01 13:47:00,47.125,47.185,47.125,47.185,2791.0,CIEN
2023-06-01 13:46:00,47.15,47.15,47.12,47.123,3598.0,CIEN
2023-06-01 13:45:00,47.16,47.16,47.15,47.15,823.0,CIEN
2023-06-01 13:44:00,47.16,47.16,47.15,47.15,1725.0,CIEN
2023-06-01 13:43:00,47.145,47.165,47.135,47.165,2440.0,CIEN
2023-06-01 13:42:00,47.145,47.145,47.145,47.145,642.0,CIEN
2023-06-01 13:41:00,47.145,47.145,47.145,47.145,430.0,CIEN
2023-06-01 13:40:00,47.15,47.15,47.135,47.14,2488.0,CIEN
2023-06-01 13:39:00,47.16,47.16,47.13,47.145,2239.0,CIEN
2023-06-01 13:38:00,47.14,47.16,47.14,47.155,1877.0,CIEN
2023-06-01 13:37:00,47.15,47.15,47.14,47.14,1175.0,CIEN
2023-06-01 13:36:00,47.16,47.16,47.155,47.155,913.0,CIEN
2023-06-01 13:35:00,47.17,47.17,47.155,47.155,970.0,CIEN
2023-06-01 13:34:00,47.16,47.17,47.16,47.165,1500.0,CIEN
2023-06-01 13:33:00,47.15,47.16,47.15,47.16,554.0,CIEN
2023-06-01 13:32:00,47.15,47.16,47.15,47.16,1105.0,CIEN
2023-06-01 13:31:00,47.11,47.14,47.105,47.14,2033.0,CIEN
2023-06-01 13:30:00,47.11,47.11,47.11,47.11,820.0,CIEN
2023-06-01 13:29:00,47.13,47.13,47.102,47.11,2929.0,CIEN
2023-06-01 13:28:00,47.14,47.15,47.13,47.13,1689.0,CIEN
2023-06-01 13:27:00,47.11,47.14,47.1,47.14,2052.0,CIEN
2023-06-01 13:26:00,47.085,47.11,47.085,47.11,1932.0,CIEN
2023-06-01 13:25:00,47.12,47.12,47.073,47.085,4187.0,CIEN
2023-06-01 13:24:00,47.18,47.18,47.084,47.1,6014.0,CIEN
2023-06-01 13:23:00,47.18,47.19,47.18,47.19,1215.0,CIEN
2023-06-01 13:22:00,47.125,47.17,47.125,47.17,2721.0,CIEN
2023-06-01 13:21:00,47.13,47.13,47.13,47.13,233.0,CIEN
2023-06-01 13:20:00,47.1,47.12,47.1,47.12,1399.0,CIEN
2023-06-01 13:19:00,47.074,47.1,47.053,47.085,3519.0,CIEN
2023-06-01 13:18:00,47.14,47.14,47.08,47.09,5243.0,CIEN
2023-06-01 13:17:00,47.125,47.14,47.105,47.14,6340.0,CIEN
2023-06-01 13:16:00,47.14,47.14,47.125,47.125,903.0,CIEN
2023-06-01 13:15:00,47.095,47.125,47.095,47.125,2750.0,CIEN
2023-06-01 13:14:00,47.095,47.11,47.095,47.095,864.0,CIEN
2023-06-01 13:13:00,47.08,47.08,47.08,47.08,160.0,CIEN
2023-06-01 13:12:00,47.11,47.11,47.095,47.095,979.0,CIEN
2023-06-01 13:11:00,47.125,47.125,47.125,47.125,328.0,CIEN
2023-06-01 13:10:00,47.09,47.13,47.09,47.125,3173.0,CIEN
2023-06-01 13:09:00,47.07,47.08,47.05,47.07,4151.0,CIEN
2023-06-01 13:08:00,47.105,47.109,47.07,47.07,1384.0,CIEN
2023-06-01 13:07:00,47.09,47.121,47.09,47.11,1913.0,CIEN
2023-06-01 13:06:00,47.12,47.12,47.08,47.08,1152.0,CIEN
2023-06-01 13:05:00,47.23,47.23,47.12,47.12,3920.0,CIEN
2023-06-01 13:04:00,47.235,47.235,47.23,47.23,527.0,CIEN
2023-06-01 13:03:00,47.24,47.24,47.235,47.235,1665.0,CIEN
2023-06-01 13:02:00,47.23,47.23,47.23,47.23,463.0,CIEN
2023-06-01 13:01:00,47.23,47.23,47.23,47.23,301.0,CIEN
2023-06-01 13:00:00,47.22,47.23,47.215,47.225,1843.0,CIEN
2023-06-01 12:59:00,47.195,47.215,47.195,47.215,1178.0,CIEN
2023-06-01 12:58:00,47.23,47.23,47.18,47.2,5781.0,CIEN
2023-06-01 12:57:00,47.25,47.27,47.231,47.24,4493.0,CIEN
2023-06-01 12:56:00,47.28,47.28,47.26,47.26,2660.0,CIEN
2023-06-01 12:55:00,47.3,47.3,47.285,47.29,1112.0,CIEN
2023-06-01 12:54:00,47.28,47.31,47.27,47.31,2520.0,CIEN
2023-06-01 12:53:00,47.27,47.3,47.26,47.285,4529.0,CIEN
2023-06-01 12:52:00,47.29,47.29,47.27,47.27,2020.0,CIEN
2023-06-01 12:51:00,47.28,47.3,47.24,47.295,9317.0,CIEN
2023-06-01 12:50:00,47.317,47.317,47.295,47.295,1055.0,CIEN
2023-06-01 12:49:00,47.335,47.335,47.305,47.31,1039.0,CIEN
2023-06-01 12:48:00,47.34,47.35,47.33,47.34,2876.0,CIEN
2023-06-01 12:47:00,47.32,47.34,47.32,47.34,1689.0,CIEN
2023-06-01 12:46:00,47.33,47.33,47.29,47.31,4892.0,CIEN
2023-06-01 12:45:00,47.32,47.335,47.31,47.33,4690.0,CIEN
2023-06-01 12:44:00,47.295,47.325,47.295,47.325,2663.0,CIEN
2023-06-01 12:43:00,47.3,47.3,47.29,47.3,3404.0,CIEN
2023-06-01 12:42:00,47.33,47.33,47.3,47.305,1593.0,CIEN
2023-06-01 12:41:00,47.33,47.33,47.33,47.33,455.0,CIEN
2023-06-01 12:40:00,47.33,47.35,47.33,47.34,599.0,CIEN
2023-06-01 12:39:00,47.33,47.34,47.33,47.34,1336.0,CIEN
2023-06-01 12:38:00,47.31,47.33,47.31,47.33,1591.0,CIEN
2023-06-01 12:37:00,47.385,47.385,47.3,47.32,6932.0,CIEN
2023-06-01 12:36:00,47.405,47.42,47.35,47.4,9589.0,CIEN
2023-06-01 12:35:00,47.41,47.415,47.405,47.405,5493.0,CIEN
2023-06-01 12:34:00,47.415,47.415,47.405,47.405,3078.0,CIEN
2023-06-01 12:33:00,47.41,47.415,47.4,47.415,2343.0,CIEN
2023-06-01 12:32:00,47.4,47.41,47.39,47.4,2831.0,CIEN
2023-06-01 12:31:00,47.42,47.42,47.39,47.4,5303.0,CIEN
2023-06-01 12:30:00,47.42,47.43,47.42,47.42,1547.0,CIEN
2023-06-01 12:29:00,47.4,47.42,47.39,47.41,2894.0,CIEN
2023-06-01 12:28:00,47.386,47.4,47.38,47.39,3011.0,CIEN
2023-06-01 12:27:00,47.365,47.39,47.365,47.39,1470.0,CIEN
2023-06-01 12:26:00,47.41,47.41,47.38,47.38,1307.0,CIEN
2023-06-01 12:25:00,47.34,47.37,47.34,47.37,3379.0,CIEN
2023-06-01 12:24:00,47.34,47.35,47.34,47.35,1367.0,CIEN
2023-06-01 12:23:00,47.33,47.33,47.325,47.325,646.0,CIEN
2023-06-01 12:22:00,47.35,47.36,47.33,47.34,3253.0,CIEN
2023-06-01 12:21:00,47.385,47.39,47.37,47.37,1317.0,CIEN
2023-06-01 12:20:00,47.27,47.38,47.27,47.38,17484.0,CIEN
2023-06-01 12:19:00,47.24,47.26,47.24,47.26,818.0,CIEN
2023-06-01 12:18:00,47.23,47.24,47.23,47.24,1893.0,CIEN
2023-06-01 12:17:00,47.23,47.24,47.22,47.22,2292.0,CIEN
2023-06-01 12:16:00,47.21,47.21,47.21,47.21,377.0,CIEN
2023-06-01 12:15:00,47.16,47.205,47.16,47.205,4062.0,CIEN
2023-06-01 12:13:00,47.18,47.185,47.18,47.18,559.0,CIEN
2023-06-01 12:12:00,47.19,47.19,47.19,47.19,425.0,CIEN
2023-06-01 12:11:00,47.16,47.2,47.14,47.195,3356.0,CIEN
2023-06-01 12:10:00,47.18,47.18,47.175,47.175,1910.0,CIEN
2023-06-01 12:09:00,47.18,47.18,47.18,47.18,672.0,CIEN
2023-06-01 12:08:00,47.195,47.195,47.195,47.195,923.0,CIEN
2023-06-01 12:07:00,47.22,47.23,47.22,47.23,855.0,CIEN
2023-06-01 12:06:00,47.22,47.247,47.22,47.247,1640.0,CIEN
2023-06-01 12:05:00,47.23,47.23,47.22,47.22,1253.0,CIEN
2023-06-01 12:04:00,47.23,47.23,47.23,47.23,529.0,CIEN
2023-06-01 12:03:00,47.25,47.25,47.23,47.24,1171.0,CIEN
2023-06-01 12:02:00,47.255,47.29,47.255,47.29,1812.0,CIEN
2023-06-01 12:01:00,47.275,47.28,47.27,47.27,1316.0,CIEN
2023-06-01 12:00:00,47.27,47.275,47.27,47.275,692.0,CIEN
2023-06-01 11:59:00,47.215,47.26,47.205,47.26,1823.0,CIEN
2023-06-01 11:58:00,47.16,47.22,47.15,47.21,6250.0,CIEN
2023-06-01 11:57:00,47.23,47.23,47.16,47.16,2114.0,CIEN
2023-06-01 11:56:00,47.23,47.235,47.23,47.235,1298.0,CIEN
2023-06-01 11:55:00,47.17,47.215,47.16,47.215,3747.0,CIEN
2023-06-01 11:54:00,47.18,47.18,47.17,47.175,3606.0,CIEN
2023-06-01 11:53:00,47.19,47.19,47.19,47.19,697.0,CIEN
2023-06-01 11:52:00,47.24,47.25,47.19,47.19,7446.0,CIEN
2023-06-01 11:51:00,47.23,47.23,47.23,47.23,233.0,CIEN
2023-06-01 11:50:00,47.19,47.25,47.18,47.25,3177.0,CIEN
2023-06-01 11:49:00,47.19,47.2,47.19,47.2,1799.0,CIEN
2023-06-01 11:48:00,47.2,47.2,47.165,47.185,3737.0,CIEN
2023-06-01 11:47:00,47.2,47.2,47.2,47.2,530.0,CIEN
2023-06-01 11:46:00,47.206,47.225,47.195,47.21,2933.0,CIEN
2023-06-01 11:45:00,47.21,47.21,47.19,47.19,1209.0,CIEN
2023-06-01 11:44:00,47.245,47.26,47.22,47.225,2352.0,CIEN
2023-06-01 11:43:00,47.245,47.245,47.245,47.245,738.0,CIEN
2023-06-01 11:42:00,47.23,47.245,47.23,47.245,787.0,CIEN
2023-06-01 11:41:00,47.25,47.25,47.24,47.24,805.0,CIEN
2023-06-01 11:40:00,47.26,47.27,47.26,47.26,2010.0,CIEN
2023-06-01 11:39:00,47.195,47.27,47.195,47.245,6549.0,CIEN
2023-06-01 11:38:00,47.21,47.21,47.19,47.21,3157.0,CIEN
2023-06-01 11:37:00,47.29,47.29,47.2,47.2,7287.0,CIEN
2023-06-01 11:36:00,47.34,47.36,47.32,47.32,1330.0,CIEN
2023-06-01 11:35:00,47.31,47.36,47.29,47.325,6269.0,CIEN
2023-06-01 11:34:00,47.315,47.32,47.28,47.29,3590.0,CIEN
2023-06-01 11:33:00,47.275,47.35,47.275,47.315,6915.0,CIEN
2023-06-01 11:32:00,47.265,47.31,47.26,47.26,6128.0,CIEN
2023-06-01 11:31:00,47.21,47.3,47.21,47.27,11002.0,CIEN
2023-06-01 11:30:00,47.135,47.21,47.135,47.21,3081.0,CIEN
2023-06-01 11:29:00,47.195,47.195,47.15,47.15,1912.0,CIEN
2023-06-01 11:28:00,47.147,47.18,47.145,47.18,2238.0,CIEN
2023-06-01 11:27:00,47.095,47.16,47.09,47.16,2650.0,CIEN
2023-06-01 11:26:00,47.11,47.11,47.08,47.09,2081.0,CIEN
2023-06-01 11:25:00,47.08,47.13,47.08,47.13,1770.0,CIEN
2023-06-01 11:24:00,47.045,47.08,47.045,47.08,2334.0,CIEN
2023-06-01 11:23:00,46.945,47.045,46.945,47.045,3102.0,CIEN
2023-06-01 11:22:00,46.96,46.96,46.94,46.94,2308.0,CIEN
2023-06-01 11:21:00,46.98,46.99,46.96,46.96,2588.0,CIEN
2023-06-01 11:20:00,47.034,47.04,46.97,46.99,7665.0,CIEN
2023-06-01 11:19:00,47.08,47.08,47.035,47.04,10350.0,CIEN
2023-06-01 11:18:00,47.03,47.08,47.015,47.08,3202.0,CIEN
2023-06-01 11:17:00,46.935,47.0,46.935,46.995,2757.0,CIEN
2023-06-01 11:16:00,46.95,46.95,46.91,46.94,3085.0,CIEN
2023-06-01 11:15:00,46.915,46.96,46.915,46.955,6766.0,CIEN
2023-06-01 11:14:00,46.87,46.91,46.87,46.9,985.0,CIEN
2023-06-01 11:13:00,46.88,46.898,46.87,46.87,2320.0,CIEN
2023-06-01 11:12:00,46.88,46.88,46.85,46.85,1874.0,CIEN
2023-06-01 11:11:00,46.85,46.9,46.85,46.9,1170.0,CIEN
2023-06-01 11:10:00,46.82,46.84,46.81,46.84,2304.0,CIEN
2023-06-01 11:09:00,46.82,46.84,46.82,46.839,1850.0,CIEN
2023-06-01 11:08:00,46.815,46.83,46.815,46.82,909.0,CIEN
2023-06-01 11:06:00,46.84,46.85,46.83,46.83,1364.0,CIEN
2023-06-01 11:05:00,46.78,46.82,46.76,46.82,3222.0,CIEN
2023-06-01 11:04:00,46.775,46.775,46.77,46.77,705.0,CIEN
2023-06-01 11:03:00,46.77,46.77,46.77,46.77,542.0,CIEN
2023-06-01 11:02:00,46.785,46.785,46.785,46.785,219.0,CIEN
2023-06-01 11:01:00,46.82,46.82,46.81,46.81,1142.0,CIEN
2023-06-01 11:00:00,46.84,46.84,46.825,46.825,413.0,CIEN
2023-06-01 10:59:00,46.825,46.825,46.825,46.825,511.0,CIEN
2023-06-01 10:58:00,46.78,46.8,46.76,46.8,1834.0,CIEN
2023-06-01 10:57:00,46.77,46.77,46.77,46.77,549.0,CIEN
2023-06-01 10:56:00,46.72,46.77,46.72,46.77,4430.0,CIEN
2023-06-01 10:55:00,46.76,46.765,46.735,46.74,2362.0,CIEN
2023-06-01 10:54:00,46.73,46.75,46.73,46.75,1100.0,CIEN
2023-06-01 10:53:00,46.73,46.755,46.73,46.73,10214.0,CIEN
2023-06-01 10:52:00,46.76,46.77,46.73,46.73,1855.0,CIEN
2023-06-01 10:51:00,46.805,46.82,46.77,46.77,2219.0,CIEN
2023-06-01 10:50:00,46.83,46.855,46.83,46.83,2503.0,CIEN
2023-06-01 10:49:00,46.8,46.815,46.8,46.815,544.0,CIEN
2023-06-01 10:48:00,46.9,46.91,46.83,46.83,5663.0,CIEN
2023-06-01 10:47:00,46.91,46.92,46.895,46.905,1310.0,CIEN
2023-06-01 10:46:00,46.89,46.915,46.87,46.9,2466.0,CIEN
2023-06-01 10:45:00,46.82,46.88,46.81,46.88,1976.0,CIEN
2023-06-01 10:44:00,46.86,46.86,46.8,46.825,4203.0,CIEN
2023-06-01 10:43:00,46.88,46.88,46.855,46.855,1642.0,CIEN
2023-06-01 10:42:00,46.83,46.88,46.83,46.84,2388.0,CIEN
2023-06-01 10:41:00,46.795,46.84,46.795,46.82,7045.0,CIEN
2023-06-01 10:40:00,46.72,46.76,46.71,46.76,4439.0,CIEN
2023-06-01 10:39:00,46.71,46.77,46.71,46.73,3390.0,CIEN
2023-06-01 10:38:00,46.67,46.7,46.67,46.7,3010.0,CIEN
2023-06-01 10:37:00,46.67,46.67,46.67,46.67,680.0,CIEN
2023-06-01 10:36:00,46.665,46.665,46.665,46.665,465.0,CIEN
2023-06-01 10:35:00,46.595,46.64,46.595,46.64,2245.0,CIEN
2023-06-01 10:34:00,46.53,46.6,46.53,46.6,5345.0,CIEN
2023-06-01 10:33:00,46.51,46.51,46.51,46.51,853.0,CIEN
2023-06-01 10:32:00,46.51,46.515,46.51,46.51,900.0,CIEN
2023-06-01 10:31:00,46.52,46.52,46.505,46.51,1082.0,CIEN
2023-06-01 10:30:00,46.555,46.555,46.496,46.496,3684.0,CIEN
2023-06-01 10:29:00,46.55,46.555,46.55,46.555,963.0,CIEN
2023-06-01 10:28:00,46.445,46.54,46.42,46.54,8957.0,CIEN
2023-06-01 10:27:00,46.44,46.46,46.43,46.445,1224.0,CIEN
2023-06-01 10:26:00,46.395,46.42,46.38,46.42,2651.0,CIEN
2023-06-01 10:25:00,46.49,46.49,46.38,46.39,1952.0,CIEN
2023-06-01 10:24:00,46.515,46.515,46.49,46.5,982.0,CIEN
2023-06-01 10:23:00,46.545,46.55,46.51,46.525,2703.0,CIEN
2023-06-01 10:22:00,46.54,46.55,46.535,46.55,2222.0,CIEN
2023-06-01 10:21:00,46.64,46.64,46.555,46.57,2896.0,CIEN
2023-06-01 10:20:00,46.65,46.65,46.64,46.645,1707.0,CIEN
2023-06-01 10:19:00,46.62,46.67,46.6,46.65,5368.0,CIEN
2023-06-01 10:18:00,46.635,46.64,46.61,46.61,2989.0,CIEN
2023-06-01 10:17:00,46.7,46.7,46.635,46.635,17648.0,CIEN
2023-06-01 10:16:00,46.7,46.75,46.7,46.7,4167.0,CIEN
2023-06-01 10:15:00,46.753,46.753,46.68,46.7,7129.0,CIEN
2023-06-01 10:14:00,46.72,46.75,46.72,46.75,5027.0,CIEN
2023-06-01 10:13:00,46.72,46.73,46.7,46.71,2411.0,CIEN
2023-06-01 10:12:00,46.695,46.74,46.695,46.74,3577.0,CIEN
2023-06-01 10:11:00,46.71,46.71,46.7,46.705,895.0,CIEN
2023-06-01 10:10:00,46.76,46.77,46.755,46.77,1520.0,CIEN
2023-06-01 10:09:00,46.805,46.82,46.72,46.74,3055.0,CIEN
2023-06-01 10:08:00,46.8,46.805,46.8,46.805,739.0,CIEN
2023-06-01 10:07:00,46.81,46.82,46.78,46.8,850.0,CIEN
2023-06-01 10:06:00,46.83,46.847,46.8,46.847,2340.0,CIEN
2023-06-01 10:05:00,46.9,46.9,46.83,46.83,1672.0,CIEN
2023-06-01 10:04:00,46.88,46.93,46.88,46.9,2127.0,CIEN
2023-06-01 10:03:00,46.87,46.92,46.87,46.89,2747.0,CIEN
2023-06-01 10:02:00,46.86,46.93,46.856,46.87,2734.0,CIEN
2023-06-01 10:01:00,46.85,46.85,46.84,46.84,623.0,CIEN
2023-06-01 10:00:00,46.775,46.83,46.775,46.83,324.0,CIEN
2023-06-01 09:59:00,46.8,46.8,46.77,46.77,645.0,CIEN
2023-06-01 09:58:00,46.85,46.86,46.76,46.79,3162.0,CIEN
2023-06-01 09:57:00,46.715,46.81,46.715,46.81,2045.0,CIEN
2023-06-01 09:56:00,46.67,46.72,46.67,46.715,3350.0,CIEN
2023-06-01 09:55:00,46.675,46.7,46.67,46.68,1120.0,CIEN
2023-06-01 09:54:00,46.71,46.739,46.67,46.675,1684.0,CIEN
2023-06-01 09:53:00,46.62,46.74,46.62,46.74,2365.0,CIEN
2023-06-01 09:52:00,46.62,46.62,46.59,46.59,1331.0,CIEN
2023-06-01 09:51:00,46.52,46.56,46.52,46.54,648.0,CIEN
2023-06-01 09:50:00,46.595,46.595,46.53,46.53,1684.0,CIEN
2023-06-01 09:49:00,46.55,46.62,46.55,46.62,1852.0,CIEN
2023-06-01 09:48:00,46.548,46.57,46.49,46.56,3108.0,CIEN
2023-06-01 09:47:00,46.56,46.56,46.52,46.52,453.0,CIEN
2023-06-01 09:46:00,46.535,46.57,46.535,46.55,461.0,CIEN
2023-06-01 09:45:00,46.575,46.62,46.575,46.62,937.0,CIEN
2023-06-01 09:44:00,46.645,46.645,46.6,46.62,909.0,CIEN
2023-06-01 09:42:00,46.76,46.76,46.66,46.74,2123.0,CIEN
2023-06-01 09:40:00,46.75,46.78,46.735,46.735,613.0,CIEN
2023-06-01 09:38:00,46.81,46.81,46.81,46.81,155.0,CIEN
2023-06-01 09:37:00,46.775,46.81,46.775,46.81,339.0,CIEN
2023-06-01 09:36:00,46.78,46.78,46.78,46.78,252.0,CIEN
2023-06-01 09:35:00,46.81,46.81,46.765,46.765,435.0,CIEN
2023-06-01 09:34:00,46.77,46.82,46.77,46.82,984.0,CIEN
2023-06-01 09:32:00,46.75,46.79,46.7,46.79,1027.0,CIEN
2023-06-01 09:31:00,46.981,46.99,46.87,46.87,1138.0,CIEN
2023-06-01 09:30:00,46.91,46.915,46.9,46.9,8345.0,CIEN
2023-06-01 09:21:00,47.7,47.7,47.7,47.7,20.0,CIEN
2023-06-01 08:57:00,46.73,46.73,46.73,46.73,1.0,CIEN
2023-06-01 08:33:00,46.74,46.74,46.74,46.74,100.0,CIEN
2023-06-01 08:28:00,46.74,46.74,46.74,46.74,2351.0,CIEN
2023-05-31 19:00:00,46.74,46.74,46.74,46.74,561380.0,CIEN
2023-05-31 18:30:00,46.74,46.74,46.74,46.74,561380.0,CIEN
2023-05-31 16:19:00,46.74,46.74,46.74,46.74,26285.0,CIEN
2023-05-31 16:18:00,46.74,46.74,46.74,46.74,81.0,CIEN
2023-05-31 16:16:00,46.74,46.74,46.74,46.74,27522.0,CIEN
2023-05-31 16:10:00,46.74,46.74,46.74,46.74,561380.0,CIEN
2023-05-31 16:04:00,46.74,46.74,46.74,46.74,305.0,CIEN
2023-05-31 16:03:00,46.74,46.74,46.74,46.74,20694.0,CIEN
2023-05-31 16:02:00,46.74,46.741,46.737,46.741,20080.0,CIEN
2023-05-31 16:01:00,46.74,46.74,46.74,46.74,28601.0,CIEN
2023-05-31 16:00:00,46.73,46.74,46.73,46.74,1157594.0,CIEN
2023-05-31 15:59:00,46.745,46.75,46.72,46.74,58092.0,CIEN
2023-05-31 15:58:00,46.75,46.75,46.74,46.745,16444.0,CIEN
2023-05-31 15:57:00,46.74,46.75,46.71,46.747,22521.0,CIEN
2023-05-31 15:56:00,46.755,46.76,46.73,46.74,15296.0,CIEN
2023-05-31 15:55:00,46.79,46.8,46.74,46.75,17429.0,CIEN
2023-05-31 15:54:00,46.8,46.82,46.79,46.79,8167.0,CIEN
2023-05-31 15:53:00,46.79,46.82,46.785,46.8,8533.0,CIEN
2023-05-31 15:52:00,46.79,46.83,46.79,46.795,8498.0,CIEN
2023-05-31 15:51:00,46.81,46.825,46.79,46.79,8246.0,CIEN
2023-05-31 15:50:00,46.73,46.86,46.72,46.8,30160.0,CIEN
2023-05-31 15:49:00,46.73,46.73,46.71,46.71,7121.0,CIEN
2023-05-31 15:48:00,46.7,46.75,46.7,46.73,13587.0,CIEN
2023-05-31 15:47:00,46.71,46.739,46.69,46.7,16632.0,CIEN
2023-05-31 15:46:00,46.75,46.779,46.7,46.705,9606.0,CIEN
2023-05-31 15:45:00,46.73,46.76,46.73,46.76,8462.0,CIEN
2023-05-31 15:44:00,46.69,46.735,46.69,46.73,11250.0,CIEN
2023-05-31 15:43:00,46.715,46.715,46.67,46.69,7727.0,CIEN
2023-05-31 15:42:00,46.67,46.72,46.67,46.719,5745.0,CIEN
2023-05-31 15:41:00,46.64,46.675,46.64,46.675,3870.0,CIEN
2023-05-31 15:40:00,46.65,46.66,46.63,46.63,7846.0,CIEN
2023-05-31 15:39:00,46.645,46.66,46.64,46.65,7851.0,CIEN
2023-05-31 15:38:00,46.61,46.65,46.6,46.65,6769.0,CIEN
2023-05-31 15:37:00,46.59,46.63,46.575,46.62,7253.0,CIEN
2023-05-31 15:36:00,46.62,46.64,46.59,46.59,8152.0,CIEN
2023-05-31 15:35:00,46.61,46.66,46.605,46.63,8589.0,CIEN
2023-05-31 15:34:00,46.625,46.625,46.605,46.605,1491.0,CIEN
2023-05-31 15:33:00,46.615,46.66,46.615,46.63,6693.0,CIEN
2023-05-31 15:32:00,46.64,46.64,46.615,46.615,2333.0,CIEN
2023-05-31 15:31:00,46.605,46.65,46.605,46.64,6126.0,CIEN
2023-05-31 15:30:00,46.585,46.615,46.585,46.61,10547.0,CIEN
2023-05-31 15:29:00,46.6,46.61,46.585,46.585,3237.0,CIEN
2023-05-31 15:28:00,46.64,46.64,46.6,46.61,2487.0,CIEN
2023-05-31 15:27:00,46.65,46.67,46.65,46.65,2264.0,CIEN
2023-05-31 15:26:00,46.62,46.64,46.59,46.63,8862.0,CIEN
2023-05-31 15:25:00,46.62,46.63,46.595,46.63,4256.0,CIEN
2023-05-31 15:24:00,46.62,46.64,46.61,46.63,2676.0,CIEN
2023-05-31 15:23:00,46.625,46.65,46.62,46.62,4397.0,CIEN
2023-05-31 15:22:00,46.65,46.65,46.625,46.625,1111.0,CIEN
2023-05-31 15:21:00,46.69,46.69,46.65,46.65,1651.0,CIEN
2023-05-31 15:20:00,46.7,46.7,46.68,46.695,3353.0,CIEN
2023-05-31 15:19:00,46.7,46.705,46.695,46.7,1889.0,CIEN
2023-05-31 15:18:00,46.71,46.71,46.695,46.705,2327.0,CIEN
2023-05-31 15:17:00,46.765,46.765,46.71,46.715,5439.0,CIEN
2023-05-31 15:16:00,46.77,46.77,46.765,46.765,1908.0,CIEN
2023-05-31 15:15:00,46.77,46.77,46.74,46.75,2690.0,CIEN
2023-05-31 15:14:00,46.78,46.8,46.78,46.78,1541.0,CIEN
2023-05-31 15:13:00,46.78,46.805,46.77,46.78,4956.0,CIEN
2023-05-31 15:12:00,46.77,46.77,46.76,46.77,607.0,CIEN
2023-05-31 15:11:00,46.76,46.77,46.755,46.77,2180.0,CIEN
2023-05-31 15:10:00,46.76,46.76,46.755,46.76,1016.0,CIEN
2023-05-31 15:09:00,46.78,46.78,46.76,46.77,1762.0,CIEN
2023-05-31 15:08:00,46.8,46.8,46.78,46.79,2087.0,CIEN
2023-05-31 15:07:00,46.81,46.81,46.8,46.8,4594.0,CIEN
2023-05-31 15:06:00,46.84,46.84,46.81,46.81,1673.0,CIEN
2023-05-31 15:05:00,46.83,46.84,46.83,46.84,1611.0,CIEN
2023-05-31 15:04:00,46.86,46.86,46.82,46.83,2275.0,CIEN
2023-05-31 15:03:00,46.89,46.89,46.86,46.86,1991.0,CIEN
2023-05-31 15:02:00,46.91,46.925,46.89,46.89,4983.0,CIEN
2023-05-31 15:01:00,46.96,46.96,46.92,46.92,2617.0,CIEN
2023-05-31 15:00:00,46.97,46.98,46.97,46.975,1666.0,CIEN
2023-05-31 14:59:00,46.99,46.99,46.94,46.96,11862.0,CIEN
2023-05-31 14:58:00,46.99,47.01,46.99,46.99,751.0,CIEN
2023-05-31 14:57:00,46.95,46.98,46.95,46.98,1383.0,CIEN
2023-05-31 14:56:00,46.9,46.94,46.9,46.94,8847.0,CIEN
2023-05-31 14:55:00,46.96,46.96,46.9,46.9,7548.0,CIEN
2023-05-31 14:54:00,46.93,46.95,46.93,46.95,1103.0,CIEN
2023-05-31 14:53:00,46.91,46.92,46.91,46.92,1033.0,CIEN
2023-05-31 14:52:00,46.9,46.91,46.885,46.9,5892.0,CIEN
2023-05-31 14:51:00,46.93,46.93,46.89,46.89,2232.0,CIEN
2023-05-31 14:50:00,47.0,47.0,46.93,46.93,5446.0,CIEN
2023-05-31 14:49:00,47.03,47.03,47.0,47.0,3066.0,CIEN
2023-05-31 14:48:00,47.07,47.07,47.03,47.04,4328.0,CIEN
2023-05-31 14:47:00,47.07,47.075,47.07,47.075,686.0,CIEN
2023-05-31 14:46:00,47.06,47.08,47.06,47.07,1808.0,CIEN
2023-05-31 14:45:00,47.07,47.08,47.055,47.06,3747.0,CIEN
2023-05-31 14:43:00,47.08,47.09,47.07,47.07,3277.0,CIEN
2023-05-31 14:42:00,47.02,47.08,47.02,47.07,2481.0,CIEN
2023-05-31 14:41:00,47.01,47.028,47.0,47.028,9713.0,CIEN
2023-05-31 14:40:00,47.05,47.05,47.015,47.015,3511.0,CIEN
2023-05-31 14:39:00,47.04,47.04,47.03,47.04,1419.0,CIEN
2023-05-31 14:38:00,47.04,47.04,47.04,47.04,1122.0,CIEN
2023-05-31 14:37:00,47.09,47.09,47.06,47.06,1140.0,CIEN
2023-05-31 14:36:00,47.06,47.09,47.04,47.09,2606.0,CIEN
2023-05-31 14:35:00,47.04,47.055,47.04,47.055,1776.0,CIEN
2023-05-31 14:34:00,47.05,47.05,47.04,47.04,1265.0,CIEN
2023-05-31 14:33:00,47.1,47.1,47.06,47.06,3171.0,CIEN
2023-05-31 14:32:00,47.085,47.11,47.08,47.11,2254.0,CIEN
2023-05-31 14:31:00,47.09,47.1,47.08,47.085,2247.0,CIEN
2023-05-31 14:30:00,47.095,47.1,47.08,47.1,2135.0,CIEN
2023-05-31 14:29:00,47.13,47.13,47.09,47.09,1641.0,CIEN
2023-05-31 14:28:00,47.1,47.135,47.1,47.115,1792.0,CIEN
2023-05-31 14:27:00,47.09,47.1,47.06,47.09,1767.0,CIEN
2023-05-31 14:26:00,47.03,47.08,47.03,47.07,2317.0,CIEN
2023-05-31 14:25:00,47.055,47.055,47.025,47.025,2546.0,CIEN
2023-05-31 14:24:00,47.04,47.07,47.04,47.059,1848.0,CIEN
2023-05-31 14:23:00,47.03,47.03,47.025,47.025,710.0,CIEN
2023-05-31 14:22:00,47.04,47.055,47.03,47.03,2909.0,CIEN
2023-05-31 14:21:00,47.04,47.04,47.03,47.033,730.0,CIEN
2023-05-31 14:20:00,47.04,47.04,47.03,47.04,3015.0,CIEN
2023-05-31 14:19:00,47.02,47.04,47.02,47.035,1825.0,CIEN
2023-05-31 14:18:00,47.01,47.01,46.99,47.01,2291.0,CIEN
2023-05-31 14:17:00,46.97,47.01,46.97,47.01,2627.0,CIEN
2023-05-31 14:16:00,47.01,47.02,46.97,46.97,3359.0,CIEN
2023-05-31 14:15:00,47.02,47.04,47.01,47.02,4689.0,CIEN
2023-05-31 14:14:00,46.93,47.02,46.93,47.01,5932.0,CIEN
2023-05-31 14:13:00,46.93,46.94,46.91,46.92,3635.0,CIEN
2023-05-31 14:12:00,46.92,46.92,46.92,46.92,354.0,CIEN
2023-05-31 14:11:00,46.98,46.98,46.92,46.92,1715.0,CIEN
2023-05-31 14:10:00,46.965,46.97,46.953,46.953,921.0,CIEN
2023-05-31 14:09:00,46.98,46.98,46.96,46.97,1349.0,CIEN
2023-05-31 14:08:00,46.97,46.97,46.925,46.94,2609.0,CIEN
2023-05-31 14:07:00,47.015,47.02,46.97,46.97,2139.0,CIEN
2023-05-31 14:06:00,46.91,47.01,46.9,47.01,20086.0,CIEN
2023-05-31 14:05:00,46.9,46.9,46.9,46.9,514.0,CIEN
2023-05-31 14:04:00,46.87,46.87,46.87,46.87,608.0,CIEN
2023-05-31 14:03:00,46.91,46.91,46.88,46.88,938.0,CIEN
2023-05-31 14:02:00,46.932,46.932,46.9,46.92,2554.0,CIEN
2023-05-31 14:01:00,46.88,46.93,46.88,46.92,1231.0,CIEN
2023-05-31 14:00:00,46.89,46.89,46.86,46.87,1947.0,CIEN
2023-05-31 13:59:00,46.85,46.9,46.85,46.9,1850.0,CIEN
2023-05-31 13:58:00,46.885,46.89,46.85,46.85,3438.0,CIEN
2023-05-31 13:57:00,46.88,46.88,46.88,46.88,337.0,CIEN
2023-05-31 13:56:00,46.89,46.89,46.88,46.88,1524.0,CIEN
2023-05-31 13:55:00,46.89,46.9,46.89,46.89,1444.0,CIEN
2023-05-31 13:54:00,46.87,46.88,46.85,46.88,4414.0,CIEN
2023-05-31 13:53:00,46.88,46.88,46.87,46.87,1688.0,CIEN
2023-05-31 13:52:00,46.9,46.9,46.88,46.89,1451.0,CIEN
2023-05-31 13:51:00,46.89,46.89,46.89,46.89,252.0,CIEN
2023-05-31 13:50:00,46.87,46.88,46.86,46.86,1893.0,CIEN
2023-05-31 13:49:00,46.87,46.87,46.87,46.87,101.0,CIEN
2023-05-31 13:48:00,46.88,46.89,46.86,46.86,1049.0,CIEN
2023-05-31 13:47:00,46.9,46.91,46.89,46.89,2149.0,CIEN
2023-05-31 13:46:00,46.9,46.9,46.87,46.885,3165.0,CIEN
2023-05-31 13:45:00,46.95,46.95,46.9,46.9,4664.0,CIEN
2023-05-31 13:44:00,47.02,47.02,46.96,46.96,1300.0,CIEN
2023-05-31 13:43:00,47.02,47.02,47.01,47.01,493.0,CIEN
2023-05-31 13:42:00,47.0,47.005,46.99,47.005,668.0,CIEN
2023-05-31 13:41:00,47.0,47.0,46.97,46.985,1823.0,CIEN
2023-05-31 13:40:00,46.98,47.02,46.98,47.015,3171.0,CIEN
2023-05-31 13:39:00,46.95,46.99,46.95,46.98,3986.0,CIEN
2023-05-31 13:38:00,46.93,46.95,46.93,46.94,1362.0,CIEN
2023-05-31 13:37:00,46.9,46.94,46.9,46.93,4610.0,CIEN
2023-05-31 13:36:00,46.92,46.95,46.89,46.9,18551.0,CIEN
2023-05-31 13:35:00,46.9,46.925,46.9,46.91,2096.0,CIEN
2023-05-31 13:34:00,46.89,46.905,46.89,46.89,2516.0,CIEN
2023-05-31 13:33:00,46.885,46.91,46.885,46.9,1067.0,CIEN
2023-05-31 13:32:00,46.89,46.89,46.88,46.89,3176.0,CIEN
2023-05-31 13:31:00,46.9,46.945,46.9,46.9,7418.0,CIEN
2023-05-31 13:30:00,46.9,46.91,46.88,46.9,7115.0,CIEN
2023-05-31 13:29:00,46.89,46.9,46.89,46.9,3194.0,CIEN
2023-05-31 13:28:00,46.9,46.9,46.89,46.9,1795.0,CIEN
2023-05-31 13:27:00,46.92,46.92,46.9,46.91,4814.0,CIEN
2023-05-31 13:26:00,46.96,46.98,46.91,46.92,21249.0,CIEN
2023-05-31 13:25:00,46.974,46.98,46.96,46.96,1428.0,CIEN
2023-05-31 13:24:00,47.0,47.0,46.95,46.95,3215.0,CIEN
2023-05-31 13:23:00,46.99,47.0,46.99,47.0,820.0,CIEN
2023-05-31 13:22:00,46.965,47.0,46.965,47.0,762.0,CIEN
2023-05-31 13:21:00,46.94,46.97,46.94,46.97,1450.0,CIEN
2023-05-31 13:20:00,46.99,46.99,46.94,46.95,3856.0,CIEN
2023-05-31 13:19:00,46.99,46.99,46.99,46.99,528.0,CIEN
2023-05-31 13:18:00,47.0,47.01,46.998,47.01,2125.0,CIEN
2023-05-31 13:17:00,47.01,47.01,47.01,47.01,1096.0,CIEN
2023-05-31 13:16:00,46.99,47.02,46.99,47.01,1772.0,CIEN
2023-05-31 13:15:00,46.97,46.98,46.97,46.98,1194.0,CIEN
2023-05-31 13:14:00,46.95,46.96,46.95,46.95,1077.0,CIEN
2023-05-31 13:13:00,46.96,46.96,46.96,46.96,1635.0,CIEN
2023-05-31 13:12:00,46.95,46.96,46.95,46.96,1065.0,CIEN
2023-05-31 13:11:00,46.915,46.92,46.91,46.92,2196.0,CIEN
2023-05-31 13:10:00,46.89,46.91,46.89,46.91,565.0,CIEN
2023-05-31 13:09:00,46.85,46.88,46.85,46.88,1463.0,CIEN
2023-05-31 13:08:00,46.85,46.86,46.84,46.84,7460.0,CIEN
2023-05-31 13:07:00,46.83,46.85,46.83,46.85,456.0,CIEN
2023-05-31 13:06:00,46.82,46.83,46.82,46.83,845.0,CIEN
2023-05-31 13:05:00,46.815,46.82,46.815,46.82,555.0,CIEN
2023-05-31 13:04:00,46.79,46.815,46.79,46.815,677.0,CIEN
2023-05-31 13:03:00,46.8,46.8,46.78,46.78,1294.0,CIEN
2023-05-31 13:02:00,46.79,46.81,46.78,46.8,1429.0,CIEN
2023-05-31 13:01:00,46.78,46.78,46.76,46.78,1747.0,CIEN
2023-05-31 13:00:00,46.81,46.81,46.78,46.78,2255.0,CIEN
2023-05-31 12:58:00,46.78,46.81,46.78,46.79,2275.0,CIEN
2023-05-31 12:56:00,46.78,46.79,46.78,46.79,847.0,CIEN
2023-05-31 12:55:00,46.79,46.79,46.79,46.79,404.0,CIEN
2023-05-31 12:54:00,46.765,46.77,46.765,46.77,228.0,CIEN
2023-05-31 12:53:00,46.73,46.765,46.73,46.765,471.0,CIEN
2023-05-31 12:52:00,46.74,46.74,46.7,46.73,4386.0,CIEN
2023-05-31 12:51:00,46.78,46.78,46.75,46.75,2187.0,CIEN
2023-05-31 12:50:00,46.825,46.825,46.78,46.795,3402.0,CIEN
2023-05-31 12:49:00,46.82,46.82,46.82,46.82,918.0,CIEN
2023-05-31 12:48:00,46.86,46.86,46.83,46.83,1930.0,CIEN
2023-05-31 12:47:00,46.83,46.88,46.83,46.87,4683.0,CIEN
2023-05-31 12:46:00,46.75,46.79,46.75,46.79,5829.0,CIEN
2023-05-31 12:45:00,46.755,46.76,46.75,46.75,2348.0,CIEN
2023-05-31 12:44:00,46.74,46.76,46.74,46.76,1075.0,CIEN
2023-05-31 12:43:00,46.74,46.74,46.74,46.74,368.0,CIEN
2023-05-31 12:42:00,46.72,46.73,46.72,46.73,728.0,CIEN
2023-05-31 12:41:00,46.71,46.72,46.71,46.71,1557.0,CIEN
2023-05-31 12:40:00,46.725,46.725,46.7,46.7,880.0,CIEN
2023-05-31 12:39:00,46.73,46.73,46.73,46.73,723.0,CIEN
2023-05-31 12:38:00,46.675,46.73,46.67,46.73,2390.0,CIEN
2023-05-31 12:37:00,46.71,46.71,46.68,46.68,1660.0,CIEN
2023-05-31 12:36:00,46.72,46.72,46.72,46.72,216.0,CIEN
2023-05-31 12:35:00,46.765,46.765,46.72,46.72,3450.0,CIEN
2023-05-31 12:34:00,46.75,46.755,46.75,46.755,747.0,CIEN
2023-05-31 12:33:00,46.73,46.76,46.73,46.75,2148.0,CIEN
2023-05-31 12:32:00,46.68,46.72,46.67,46.72,10842.0,CIEN
2023-05-31 12:31:00,46.73,46.745,46.68,46.68,2271.0,CIEN
2023-05-31 12:30:00,46.725,46.725,46.725,46.725,738.0,CIEN
2023-05-31 12:29:00,46.72,46.72,46.67,46.72,9143.0,CIEN
2023-05-31 12:28:00,46.78,46.78,46.72,46.72,3354.0,CIEN
2023-05-31 12:27:00,46.8,46.8,46.78,46.78,719.0,CIEN
2023-05-31 12:26:00,46.77,46.79,46.77,46.79,1624.0,CIEN
2023-05-31 12:25:00,46.825,46.825,46.79,46.79,996.0,CIEN
2023-05-31 12:24:00,46.81,46.83,46.805,46.83,1492.0,CIEN
2023-05-31 12:23:00,46.78,46.81,46.778,46.805,3085.0,CIEN
2023-05-31 12:22:00,46.8,46.8,46.78,46.79,1570.0,CIEN
2023-05-31 12:21:00,46.85,46.86,46.8,46.809,8017.0,CIEN
2023-05-31 12:20:00,46.88,46.88,46.85,46.85,2255.0,CIEN
2023-05-31 12:19:00,46.88,46.89,46.88,46.89,1878.0,CIEN
2023-05-31 12:18:00,46.95,46.95,46.88,46.88,3608.0,CIEN
2023-05-31 12:17:00,46.88,46.93,46.88,46.93,1821.0,CIEN
2023-05-31 12:16:00,46.895,46.9,46.88,46.88,1582.0,CIEN
2023-05-31 12:15:00,46.89,46.92,46.89,46.89,3825.0,CIEN
2023-05-31 12:14:00,46.875,46.89,46.875,46.88,1731.0,CIEN
2023-05-31 12:13:00,46.85,46.87,46.848,46.87,1390.0,CIEN
2023-05-31 12:12:00,46.845,46.845,46.83,46.83,741.0,CIEN
2023-05-31 12:11:00,46.86,46.86,46.86,46.86,909.0,CIEN
2023-05-31 12:10:00,46.855,46.86,46.85,46.86,1088.0,CIEN
2023-05-31 12:09:00,46.75,46.84,46.74,46.84,2554.0,CIEN
2023-05-31 12:08:00,46.8,46.8,46.74,46.765,4972.0,CIEN
2023-05-31 12:07:00,46.79,46.81,46.79,46.8,3153.0,CIEN
2023-05-31 12:06:00,46.74,46.784,46.72,46.78,11519.0,CIEN
2023-05-31 12:05:00,46.755,46.76,46.72,46.76,6169.0,CIEN
2023-05-31 12:04:00,46.72,46.76,46.72,46.745,1053.0,CIEN
2023-05-31 12:03:00,46.7,46.72,46.7,46.72,1515.0,CIEN
2023-05-31 12:02:00,46.68,46.69,46.68,46.69,1199.0,CIEN
2023-05-31 12:01:00,46.615,46.678,46.615,46.678,3436.0,CIEN
2023-05-31 12:00:00,46.56,46.61,46.56,46.6,1435.0,CIEN
2023-05-31 11:59:00,46.55,46.565,46.55,46.565,371.0,CIEN
2023-05-31 11:58:00,46.53,46.56,46.528,46.55,2416.0,CIEN
2023-05-31 11:57:00,46.525,46.553,46.525,46.53,2621.0,CIEN
2023-05-31 11:56:00,46.545,46.545,46.53,46.53,1710.0,CIEN
2023-05-31 11:55:00,46.533,46.54,46.52,46.54,2727.0,CIEN
2023-05-31 11:54:00,46.5,46.53,46.5,46.53,1290.0,CIEN
2023-05-31 11:53:00,46.51,46.51,46.5,46.51,1030.0,CIEN
2023-05-31 11:52:00,46.545,46.55,46.52,46.52,1951.0,CIEN
2023-05-31 11:51:00,46.49,46.52,46.49,46.52,1034.0,CIEN
2023-05-31 11:50:00,46.54,46.54,46.505,46.505,1294.0,CIEN
2023-05-31 11:49:00,46.46,46.525,46.46,46.525,1322.0,CIEN
2023-05-31 11:48:00,46.49,46.49,46.45,46.45,1360.0,CIEN
2023-05-31 11:47:00,46.46,46.485,46.46,46.485,621.0,CIEN
2023-05-31 11:46:00,46.49,46.49,46.44,46.44,3402.0,CIEN
2023-05-31 11:45:00,46.5,46.51,46.5,46.51,702.0,CIEN
2023-05-31 11:44:00,46.48,46.49,46.45,46.48,2716.0,CIEN
2023-05-31 11:43:00,46.47,46.495,46.47,46.495,872.0,CIEN
2023-05-31 11:42:00,46.44,46.445,46.44,46.445,651.0,CIEN
2023-05-31 11:41:00,46.4,46.43,46.4,46.42,1264.0,CIEN
2023-05-31 11:40:00,46.39,46.4,46.385,46.395,1804.0,CIEN
2023-05-31 11:39:00,46.39,46.4,46.37,46.38,2457.0,CIEN
2023-05-31 11:38:00,46.41,46.42,46.39,46.39,3158.0,CIEN
2023-05-31 11:37:00,46.39,46.4,46.38,46.39,2355.0,CIEN
2023-05-31 11:36:00,46.4,46.4,46.36,46.37,2084.0,CIEN
2023-05-31 11:35:00,46.405,46.405,46.4,46.4,1020.0,CIEN
2023-05-31 11:34:00,46.34,46.405,46.34,46.405,4454.0,CIEN
2023-05-31 11:33:00,46.36,46.36,46.32,46.32,1883.0,CIEN
2023-05-31 11:32:00,46.42,46.42,46.37,46.37,3106.0,CIEN
2023-05-31 11:31:00,46.45,46.45,46.42,46.425,2791.0,CIEN
2023-05-31 11:30:00,46.46,46.5,46.46,46.46,2476.0,CIEN
2023-05-31 11:29:00,46.47,46.48,46.45,46.46,2050.0,CIEN
2023-05-31 11:28:00,46.5,46.51,46.48,46.48,2065.0,CIEN
2023-05-31 11:27:00,46.53,46.53,46.49,46.5,2661.0,CIEN
2023-05-31 11:26:00,46.56,46.56,46.53,46.535,3199.0,CIEN
2023-05-31 11:25:00,46.59,46.59,46.561,46.561,2903.0,CIEN
2023-05-31 11:24:00,46.59,46.59,46.58,46.58,1502.0,CIEN
2023-05-31 11:23:00,46.58,46.6,46.58,46.6,2784.0,CIEN
2023-05-31 11:22:00,46.57,46.577,46.55,46.565,1272.0,CIEN
2023-05-31 11:21:00,46.54,46.56,46.54,46.56,757.0,CIEN
2023-05-31 11:20:00,46.48,46.54,46.47,46.54,2215.0,CIEN
2023-05-31 11:19:00,46.49,46.5,46.49,46.5,1343.0,CIEN
2023-05-31 11:18:00,46.48,46.5,46.47,46.49,5866.0,CIEN
2023-05-31 11:16:00,46.46,46.47,46.46,46.465,1222.0,CIEN
2023-05-31 11:15:00,46.51,46.515,46.445,46.45,5224.0,CIEN
2023-05-31 11:14:00,46.51,46.51,46.5,46.51,2026.0,CIEN
2023-05-31 11:13:00,46.505,46.52,46.505,46.52,2311.0,CIEN
2023-05-31 11:12:00,46.49,46.5,46.48,46.5,2541.0,CIEN
2023-05-31 11:11:00,46.53,46.53,46.48,46.49,3925.0,CIEN
2023-05-31 11:10:00,46.58,46.59,46.55,46.55,2566.0,CIEN
2023-05-31 11:09:00,46.57,46.6,46.56,46.56,2410.0,CIEN
2023-05-31 11:08:00,46.56,46.56,46.56,46.56,674.0,CIEN
2023-05-31 11:07:00,46.58,46.58,46.54,46.545,1516.0,CIEN
2023-05-31 11:06:00,46.54,46.58,46.54,46.58,1989.0,CIEN
2023-05-31 11:05:00,46.62,46.62,46.55,46.55,5100.0,CIEN
2023-05-31 11:04:00,46.57,46.64,46.57,46.64,2534.0,CIEN
2023-05-31 11:03:00,46.55,46.58,46.545,46.57,2534.0,CIEN
2023-05-31 11:02:00,46.58,46.615,46.56,46.56,2902.0,CIEN
2023-05-31 11:01:00,46.51,46.57,46.51,46.57,3923.0,CIEN
2023-05-31 11:00:00,46.55,46.55,46.495,46.505,6127.0,CIEN
2023-05-31 10:59:00,46.485,46.58,46.47,46.55,6699.0,CIEN
2023-05-31 10:58:00,46.58,46.58,46.47,46.48,14490.0,CIEN
2023-05-31 10:57:00,46.675,46.69,46.59,46.59,7648.0,CIEN
2023-05-31 10:56:00,46.7,46.7,46.67,46.67,4086.0,CIEN
2023-05-31 10:55:00,46.723,46.723,46.7,46.715,1480.0,CIEN
2023-05-31 10:54:00,46.67,46.73,46.67,46.69,3507.0,CIEN
2023-05-31 10:53:00,46.72,46.72,46.66,46.685,1446.0,CIEN
2023-05-31 10:52:00,46.73,46.76,46.73,46.753,4248.0,CIEN
2023-05-31 10:51:00,46.805,46.805,46.73,46.73,2604.0,CIEN
2023-05-31 10:50:00,46.762,46.81,46.762,46.8,2549.0,CIEN
2023-05-31 10:49:00,46.75,46.765,46.75,46.76,1598.0,CIEN
2023-05-31 10:48:00,46.752,46.76,46.69,46.76,6530.0,CIEN
2023-05-31 10:47:00,46.816,46.816,46.72,46.74,2346.0,CIEN
2023-05-31 10:46:00,46.83,46.83,46.81,46.83,2648.0,CIEN
2023-05-31 10:45:00,46.77,46.849,46.77,46.845,4959.0,CIEN
2023-05-31 10:44:00,46.8,46.81,46.77,46.77,1056.0,CIEN
2023-05-31 10:43:00,46.75,46.79,46.75,46.79,3251.0,CIEN
2023-05-31 10:42:00,46.675,46.71,46.66,46.71,9413.0,CIEN
2023-05-31 10:41:00,46.74,46.74,46.67,46.675,3086.0,CIEN
2023-05-31 10:40:00,46.75,46.765,46.71,46.715,1095.0,CIEN
2023-05-31 10:39:00,46.7,46.76,46.7,46.76,3191.0,CIEN
2023-05-31 10:38:00,46.7,46.72,46.675,46.7,3775.0,CIEN
2023-05-31 10:37:00,46.765,46.765,46.69,46.695,3393.0,CIEN
2023-05-31 10:36:00,46.74,46.79,46.74,46.77,2197.0,CIEN
2023-05-31 10:35:00,46.74,46.765,46.74,46.74,3053.0,CIEN
2023-05-31 10:34:00,46.745,46.745,46.715,46.725,8228.0,CIEN
2023-05-31 10:33:00,46.72,46.77,46.72,46.745,3906.0,CIEN
2023-05-31 10:32:00,46.755,46.755,46.73,46.735,1887.0,CIEN
2023-05-31 10:31:00,46.77,46.775,46.74,46.74,2540.0,CIEN
2023-05-31 10:30:00,46.85,46.85,46.76,46.76,4542.0,CIEN
2023-05-31 10:29:00,46.86,46.87,46.86,46.87,299.0,CIEN
2023-05-31 10:28:00,46.88,46.88,46.84,46.84,4412.0,CIEN
2023-05-31 10:27:00,46.87,46.93,46.87,46.88,3324.0,CIEN
2023-05-31 10:26:00,46.86,46.86,46.83,46.84,1168.0,CIEN
2023-05-31 10:25:00,46.9,46.9,46.85,46.85,3990.0,CIEN
2023-05-31 10:24:00,46.85,46.95,46.85,46.91,3934.0,CIEN
2023-05-31 10:23:00,46.81,46.85,46.78,46.845,4396.0,CIEN
2023-05-31 10:22:00,46.855,46.88,46.83,46.83,3325.0,CIEN
2023-05-31 10:21:00,46.87,46.89,46.81,46.86,9888.0,CIEN
2023-05-31 10:20:00,46.92,46.92,46.87,46.88,1043.0,CIEN
2023-05-31 10:19:00,46.975,46.975,46.92,46.95,3261.0,CIEN
2023-05-31 10:18:00,47.01,47.02,46.965,46.975,1721.0,CIEN
2023-05-31 10:17:00,47.11,47.11,47.04,47.04,2390.0,CIEN
2023-05-31 10:16:00,47.11,47.12,47.095,47.11,2487.0,CIEN
2023-05-31 10:15:00,47.22,47.22,47.16,47.16,2228.0,CIEN
2023-05-31 10:14:00,47.18,47.23,47.17,47.21,1420.0,CIEN
2023-05-31 10:13:00,47.11,47.16,47.11,47.152,3072.0,CIEN
2023-05-31 10:12:00,47.11,47.13,47.07,47.106,5416.0,CIEN
2023-05-31 10:11:00,46.995,47.11,46.961,47.11,3906.0,CIEN
2023-05-31 10:10:00,47.0,47.01,46.99,46.99,5284.0,CIEN
2023-05-31 10:09:00,47.05,47.05,47.03,47.03,2316.0,CIEN
2023-05-31 10:08:00,47.08,47.08,47.045,47.06,5965.0,CIEN
2023-05-31 10:07:00,47.14,47.14,47.09,47.09,4365.0,CIEN
2023-05-31 10:06:00,47.21,47.21,47.13,47.16,3424.0,CIEN
2023-05-31 10:05:00,47.255,47.255,47.22,47.22,1792.0,CIEN
2023-05-31 10:04:00,47.3,47.3,47.225,47.245,4219.0,CIEN
2023-05-31 10:03:00,47.31,47.31,47.25,47.3,5374.0,CIEN
2023-05-31 10:02:00,47.36,47.36,47.33,47.33,1720.0,CIEN
2023-05-31 10:01:00,47.39,47.39,47.34,47.375,4224.0,CIEN
2023-05-31 10:00:00,47.49,47.5,47.4,47.4,4328.0,CIEN
2023-05-31 09:59:00,47.46,47.48,47.46,47.48,824.0,CIEN
2023-05-31 09:58:00,47.49,47.49,47.464,47.464,877.0,CIEN
2023-05-31 09:57:00,47.47,47.5,47.465,47.5,2119.0,CIEN
2023-05-31 09:56:00,47.49,47.49,47.465,47.475,2550.0,CIEN
2023-05-31 09:55:00,47.5,47.52,47.5,47.52,1410.0,CIEN
2023-05-31 09:54:00,47.46,47.5,47.45,47.48,1206.0,CIEN
2023-05-31 09:53:00,47.42,47.44,47.4,47.44,2447.0,CIEN
2023-05-31 09:52:00,47.47,47.51,47.42,47.42,2423.0,CIEN
2023-05-31 09:51:00,47.42,47.53,47.42,47.53,805.0,CIEN
2023-05-31 09:50:00,47.35,47.385,47.34,47.38,2478.0,CIEN
2023-05-31 09:49:00,47.31,47.34,47.27,47.33,3853.0,CIEN
2023-05-31 09:48:00,47.35,47.355,47.27,47.27,1718.0,CIEN
2023-05-31 09:47:00,47.51,47.51,47.35,47.35,1480.0,CIEN
2023-05-31 09:46:00,47.65,47.65,47.47,47.47,21277.0,CIEN
2023-05-31 09:45:00,47.63,47.71,47.58,47.656,43870.0,CIEN
2023-05-31 09:44:00,47.55,47.63,47.55,47.63,1676.0,CIEN
2023-05-31 09:43:00,47.56,47.56,47.53,47.56,1125.0,CIEN
2023-05-31 09:42:00,47.64,47.67,47.6,47.63,1003.0,CIEN
2023-05-31 09:41:00,47.68,47.68,47.67,47.67,996.0,CIEN
2023-05-31 09:40:00,47.72,47.72,47.59,47.695,3668.0,CIEN
2023-05-31 09:39:00,47.618,47.74,47.618,47.65,14398.0,CIEN
2023-05-31 09:38:00,47.45,47.575,47.45,47.521,1978.0,CIEN
2023-05-31 09:37:00,47.41,47.45,47.38,47.45,2062.0,CIEN
2023-05-31 09:36:00,47.4,47.46,47.38,47.4,2252.0,CIEN
2023-05-31 09:35:00,47.52,47.52,47.42,47.46,1999.0,CIEN
2023-05-31 09:34:00,47.24,47.42,47.24,47.42,2546.0,CIEN
2023-05-31 09:33:00,47.245,47.245,47.19,47.19,789.0,CIEN
2023-05-31 09:32:00,47.325,47.355,47.26,47.265,3285.0,CIEN
2023-05-31 09:31:00,47.485,47.5,47.33,47.35,4591.0,CIEN
2023-05-31 09:30:00,47.39,47.5,47.38,47.5,13619.0,CIEN
2023-05-31 08:36:00,47.8,47.8,47.8,47.8,94.0,CIEN
2023-05-31 08:16:00,48.49,48.49,48.49,48.49,2.0,CIEN
2023-05-31 08:12:00,48.49,48.49,48.49,48.49,1.0,CIEN
2023-05-31 08:11:00,47.8,47.8,47.8,47.8,1906.0,CIEN
2023-05-31 08:09:00,47.62,47.67,47.6,47.66,383.0,CIEN
2023-05-31 08:00:00,47.61,47.61,47.61,47.61,13.0,CIEN
2023-05-30 19:00:00,47.97,47.97,47.97,47.97,152856.0,CIEN
2023-05-30 18:30:00,47.97,47.97,47.97,47.97,152856.0,CIEN
2023-05-30 16:59:00,48.0,48.0,48.0,48.0,9.0,CIEN
2023-05-30 16:54:00,47.96,47.96,47.96,47.96,1.0,CIEN
2023-05-30 16:13:00,47.97,47.97,47.97,47.97,26.0,CIEN
2023-05-30 16:10:00,47.97,47.97,47.97,47.97,152856.0,CIEN
2023-05-30 16:05:00,47.97,47.97,47.97,47.97,2017.0,CIEN
2023-05-30 16:00:00,47.96,47.97,47.96,47.97,318986.0,CIEN
2023-05-30 15:59:00,47.91,47.97,47.91,47.96,34662.0,CIEN
2023-05-30 15:58:00,47.905,47.905,47.87,47.9,23447.0,CIEN
2023-05-30 15:57:00,47.865,47.91,47.86,47.909,15705.0,CIEN
2023-05-30 15:56:00,47.86,47.91,47.85,47.865,22787.0,CIEN
2023-05-30 15:55:00,47.83,47.86,47.825,47.85,26833.0,CIEN
2023-05-30 15:54:00,47.83,47.855,47.83,47.83,20962.0,CIEN
2023-05-30 15:53:00,47.87,47.87,47.83,47.835,13473.0,CIEN
2023-05-30 15:52:00,47.92,47.925,47.86,47.86,22004.0,CIEN
2023-05-30 15:51:00,47.97,47.97,47.915,47.925,9666.0,CIEN
2023-05-30 15:50:00,48.03,48.03,47.97,47.975,16073.0,CIEN
2023-05-30 15:49:00,48.025,48.04,48.025,48.035,5750.0,CIEN
2023-05-30 15:48:00,48.04,48.04,48.01,48.025,5974.0,CIEN
2023-05-30 15:47:00,48.08,48.08,48.045,48.045,5236.0,CIEN
2023-05-30 15:46:00,48.045,48.09,48.045,48.085,6763.0,CIEN
2023-05-30 15:45:00,48.03,48.05,48.03,48.05,7813.0,CIEN
2023-05-30 15:44:00,48.02,48.045,48.02,48.04,5912.0,CIEN
2023-05-30 15:43:00,48.075,48.075,48.03,48.03,6202.0,CIEN
2023-05-30 15:42:00,48.065,48.08,48.06,48.08,9467.0,CIEN
2023-05-30 15:41:00,48.03,48.075,48.03,48.06,7013.0,CIEN
2023-05-30 15:40:00,48.06,48.06,48.025,48.03,4324.0,CIEN
2023-05-30 15:39:00,48.05,48.07,48.05,48.07,5130.0,CIEN
2023-05-30 15:38:00,48.06,48.07,48.045,48.05,2552.0,CIEN
2023-05-30 15:37:00,48.06,48.08,48.04,48.05,7652.0,CIEN
2023-05-30 15:36:00,48.09,48.1,48.05,48.065,5014.0,CIEN
2023-05-30 15:35:00,48.16,48.16,48.09,48.105,4563.0,CIEN
2023-05-30 15:34:00,48.13,48.185,48.13,48.185,4982.0,CIEN
2023-05-30 15:33:00,48.06,48.126,48.06,48.126,8557.0,CIEN
2023-05-30 15:32:00,48.14,48.15,48.06,48.06,7964.0,CIEN
2023-05-30 15:31:00,48.16,48.17,48.12,48.13,20799.0,CIEN
2023-05-30 15:30:00,48.13,48.16,48.13,48.155,8484.0,CIEN
2023-05-30 15:29:00,48.15,48.16,48.135,48.15,5558.0,CIEN
2023-05-30 15:28:00,48.15,48.17,48.14,48.145,10889.0,CIEN
2023-05-30 15:27:00,48.155,48.16,48.14,48.145,6433.0,CIEN
2023-05-30 15:26:00,48.16,48.18,48.15,48.15,3572.0,CIEN
2023-05-30 15:25:00,48.165,48.17,48.15,48.16,4528.0,CIEN
2023-05-30 15:24:00,48.145,48.18,48.145,48.17,2777.0,CIEN
2023-05-30 15:23:00,48.13,48.16,48.11,48.13,15515.0,CIEN
2023-05-30 15:22:00,48.11,48.13,48.105,48.11,7750.0,CIEN
2023-05-30 15:21:00,48.12,48.12,48.106,48.11,1548.0,CIEN
2023-05-30 15:20:00,48.099,48.12,48.09,48.11,6010.0,CIEN
2023-05-30 15:19:00,48.06,48.08,48.06,48.08,2161.0,CIEN
2023-05-30 15:18:00,48.05,48.07,48.048,48.06,6439.0,CIEN
2023-05-30 15:17:00,48.025,48.04,48.01,48.03,6974.0,CIEN
2023-05-30 15:16:00,48.03,48.04,48.03,48.035,4316.0,CIEN
2023-05-30 15:15:00,48.03,48.039,48.03,48.039,2653.0,CIEN
2023-05-30 15:14:00,48.02,48.02,48.0,48.02,4377.0,CIEN
2023-05-30 15:13:00,48.01,48.05,48.01,48.035,8023.0,CIEN
2023-05-30 15:12:00,48.06,48.06,48.02,48.02,1831.0,CIEN
2023-05-30 15:11:00,48.04,48.05,48.04,48.042,3270.0,CIEN
2023-05-30 15:10:00,48.0,48.03,48.0,48.03,3765.0,CIEN
2023-05-30 15:09:00,48.01,48.03,48.0,48.0,7487.0,CIEN
2023-05-30 15:08:00,48.02,48.03,48.02,48.03,962.0,CIEN
2023-05-30 15:07:00,48.015,48.03,48.01,48.02,4393.0,CIEN
2023-05-30 15:06:00,47.992,48.01,47.992,48.01,2539.0,CIEN
2023-05-30 15:05:00,48.02,48.04,48.0,48.01,3324.0,CIEN
2023-05-30 15:04:00,48.01,48.03,48.0,48.01,7539.0,CIEN
2023-05-30 15:03:00,48.01,48.035,48.01,48.02,5095.0,CIEN
2023-05-30 15:02:00,48.05,48.065,48.005,48.005,7404.0,CIEN
2023-05-30 15:01:00,48.04,48.04,48.03,48.04,3525.0,CIEN
2023-05-30 15:00:00,48.04,48.06,48.035,48.04,6857.0,CIEN
2023-05-30 14:59:00,48.06,48.075,48.035,48.045,4687.0,CIEN
2023-05-30 14:58:00,48.14,48.14,48.07,48.08,7715.0,CIEN
2023-05-30 14:57:00,48.16,48.165,48.13,48.15,6617.0,CIEN
2023-05-30 14:56:00,48.15,48.165,48.15,48.16,2694.0,CIEN
2023-05-30 14:55:00,48.16,48.17,48.13,48.15,11973.0,CIEN
2023-05-30 14:54:00,48.15,48.17,48.15,48.155,2864.0,CIEN
2023-05-30 14:53:00,48.15,48.16,48.14,48.15,6718.0,CIEN
2023-05-30 14:52:00,48.175,48.175,48.15,48.16,3837.0,CIEN
2023-05-30 14:51:00,48.17,48.19,48.15,48.17,2759.0,CIEN
2023-05-30 14:50:00,48.18,48.18,48.14,48.17,8818.0,CIEN
2023-05-30 14:49:00,48.19,48.2,48.19,48.19,1590.0,CIEN
2023-05-30 14:48:00,48.2,48.225,48.18,48.18,8488.0,CIEN
2023-05-30 14:47:00,48.21,48.21,48.21,48.21,555.0,CIEN
2023-05-30 14:46:00,48.2,48.25,48.2,48.21,4727.0,CIEN
2023-05-30 14:45:00,48.28,48.28,48.205,48.205,3627.0,CIEN
2023-05-30 14:44:00,48.29,48.29,48.27,48.27,1624.0,CIEN
2023-05-30 14:43:00,48.275,48.275,48.24,48.27,5238.0,CIEN
2023-05-30 14:42:00,48.27,48.29,48.26,48.26,2392.0,CIEN
2023-05-30 14:41:00,48.25,48.28,48.25,48.269,3177.0,CIEN
2023-05-30 14:40:00,48.24,48.26,48.24,48.26,2192.0,CIEN
2023-05-30 14:39:00,48.23,48.24,48.23,48.23,1189.0,CIEN
2023-05-30 14:38:00,48.24,48.25,48.24,48.24,2067.0,CIEN
2023-05-30 14:37:00,48.19,48.21,48.19,48.21,2000.0,CIEN
2023-05-30 14:36:00,48.22,48.22,48.2,48.2,1884.0,CIEN
2023-05-30 14:35:00,48.15,48.22,48.15,48.22,4926.0,CIEN
2023-05-30 14:34:00,48.18,48.19,48.17,48.17,3165.0,CIEN
2023-05-30 14:33:00,48.2,48.2,48.18,48.18,2673.0,CIEN
2023-05-30 14:32:00,48.19,48.2,48.19,48.195,2136.0,CIEN
2023-05-30 14:31:00,48.185,48.2,48.18,48.19,2685.0,CIEN
2023-05-30 14:30:00,48.18,48.2,48.18,48.19,4424.0,CIEN
2023-05-30 14:29:00,48.2,48.21,48.173,48.173,1267.0,CIEN
2023-05-30 14:28:00,48.17,48.22,48.17,48.2,4735.0,CIEN
2023-05-30 14:27:00,48.12,48.16,48.12,48.16,4488.0,CIEN
2023-05-30 14:26:00,48.11,48.12,48.1,48.1,3415.0,CIEN
2023-05-30 14:25:00,48.09,48.115,48.09,48.11,3164.0,CIEN
2023-05-30 14:24:00,48.08,48.1,48.08,48.08,1971.0,CIEN
2023-05-30 14:23:00,48.08,48.095,48.075,48.08,4456.0,CIEN
2023-05-30 14:22:00,48.08,48.09,48.07,48.07,2594.0,CIEN
2023-05-30 14:21:00,48.07,48.09,48.06,48.077,4868.0,CIEN
2023-05-30 14:20:00,48.055,48.06,48.04,48.06,3728.0,CIEN
2023-05-30 14:19:00,48.07,48.07,48.055,48.055,2780.0,CIEN
2023-05-30 14:18:00,48.05,48.065,48.04,48.065,6071.0,CIEN
2023-05-30 14:17:00,48.06,48.06,48.045,48.045,1155.0,CIEN
2023-05-30 14:16:00,48.06,48.07,48.04,48.05,3203.0,CIEN
2023-05-30 14:15:00,48.02,48.05,47.99,48.05,5815.0,CIEN
2023-05-30 14:14:00,48.02,48.03,48.01,48.01,2086.0,CIEN
2023-05-30 14:13:00,48.04,48.04,47.99,48.03,7458.0,CIEN
2023-05-30 14:12:00,48.04,48.05,48.04,48.05,883.0,CIEN
2023-05-30 14:11:00,48.03,48.03,48.03,48.03,635.0,CIEN
2023-05-30 14:10:00,48.03,48.04,48.025,48.025,1315.0,CIEN
2023-05-30 14:09:00,48.0,48.032,48.0,48.02,3414.0,CIEN
2023-05-30 14:08:00,48.015,48.015,47.99,48.0,8043.0,CIEN
2023-05-30 14:07:00,47.925,48.0,47.92,48.0,7447.0,CIEN
2023-05-30 14:06:00,47.92,47.925,47.9,47.92,6208.0,CIEN
2023-05-30 14:05:00,47.93,47.95,47.925,47.925,5703.0,CIEN
2023-05-30 14:04:00,47.98,47.98,47.94,47.94,2741.0,CIEN
2023-05-30 14:03:00,47.99,47.99,47.99,47.99,351.0,CIEN
2023-05-30 14:02:00,47.97,47.995,47.97,47.99,4583.0,CIEN
2023-05-30 14:01:00,48.005,48.005,47.97,47.975,2097.0,CIEN
2023-05-30 14:00:00,48.1,48.1,48.02,48.02,2797.0,CIEN
2023-05-30 13:59:00,48.08,48.09,48.07,48.09,1627.0,CIEN
2023-05-30 13:58:00,48.06,48.09,48.06,48.09,4272.0,CIEN
2023-05-30 13:57:00,48.07,48.07,48.07,48.07,853.0,CIEN
2023-05-30 13:56:00,48.08,48.08,48.05,48.06,2683.0,CIEN
2023-05-30 13:55:00,48.08,48.09,48.065,48.08,3124.0,CIEN
2023-05-30 13:54:00,48.15,48.15,48.1,48.1,2791.0,CIEN
2023-05-30 13:53:00,48.185,48.185,48.16,48.16,3621.0,CIEN
2023-05-30 13:52:00,48.24,48.24,48.19,48.19,2236.0,CIEN
2023-05-30 13:51:00,48.275,48.28,48.25,48.25,1051.0,CIEN
2023-05-30 13:50:00,48.255,48.275,48.25,48.275,3662.0,CIEN
2023-05-30 13:49:00,48.278,48.278,48.26,48.26,1051.0,CIEN
2023-05-30 13:48:00,48.24,48.27,48.24,48.27,1959.0,CIEN
2023-05-30 13:47:00,48.29,48.29,48.23,48.23,3129.0,CIEN
2023-05-30 13:46:00,48.32,48.32,48.3,48.3,1745.0,CIEN
2023-05-30 13:45:00,48.32,48.33,48.32,48.33,781.0,CIEN
2023-05-30 13:44:00,48.33,48.33,48.33,48.33,1549.0,CIEN
2023-05-30 13:43:00,48.35,48.35,48.305,48.32,2167.0,CIEN
2023-05-30 13:42:00,48.35,48.355,48.345,48.345,1254.0,CIEN
2023-05-30 13:41:00,48.35,48.35,48.33,48.33,2090.0,CIEN
2023-05-30 13:40:00,48.36,48.36,48.34,48.34,1229.0,CIEN
2023-05-30 13:39:00,48.42,48.42,48.37,48.37,1966.0,CIEN
2023-05-30 13:38:00,48.4,48.43,48.38,48.43,18739.0,CIEN
2023-05-30 13:37:00,48.35,48.4,48.35,48.4,4789.0,CIEN
2023-05-30 13:36:00,48.29,48.345,48.29,48.345,1690.0,CIEN
2023-05-30 13:35:00,48.3,48.3,48.28,48.28,395.0,CIEN
2023-05-30 13:34:00,48.32,48.32,48.28,48.29,2697.0,CIEN
2023-05-30 13:33:00,48.27,48.33,48.27,48.33,2007.0,CIEN
2023-05-30 13:32:00,48.26,48.26,48.26,48.26,989.0,CIEN
2023-05-30 13:31:00,48.24,48.265,48.22,48.25,2332.0,CIEN
2023-05-30 13:30:00,48.27,48.27,48.25,48.255,2422.0,CIEN
2023-05-30 13:29:00,48.27,48.3,48.27,48.3,1492.0,CIEN
2023-05-30 13:28:00,48.285,48.3,48.27,48.27,2349.0,CIEN
2023-05-30 13:27:00,48.29,48.29,48.24,48.27,3560.0,CIEN
2023-05-30 13:26:00,48.32,48.32,48.3,48.3,3986.0,CIEN
2023-05-30 13:25:00,48.34,48.34,48.33,48.33,1150.0,CIEN
2023-05-30 13:24:00,48.34,48.35,48.32,48.34,3263.0,CIEN
2023-05-30 13:23:00,48.29,48.32,48.28,48.32,1669.0,CIEN
2023-05-30 13:22:00,48.26,48.27,48.23,48.26,7976.0,CIEN
2023-05-30 13:21:00,48.3,48.305,48.265,48.265,3780.0,CIEN
2023-05-30 13:20:00,48.22,48.33,48.22,48.3,4928.0,CIEN
2023-05-30 13:19:00,48.15,48.18,48.14,48.18,2316.0,CIEN
2023-05-30 13:18:00,48.08,48.17,48.08,48.15,3045.0,CIEN
2023-05-30 13:17:00,48.02,48.09,48.02,48.08,8833.0,CIEN
2023-05-30 13:16:00,48.05,48.06,48.03,48.03,2760.0,CIEN
2023-05-30 13:15:00,48.05,48.05,48.035,48.05,2273.0,CIEN
2023-05-30 13:14:00,48.04,48.07,48.01,48.06,26698.0,CIEN
2023-05-30 13:13:00,48.07,48.07,48.045,48.045,3953.0,CIEN
2023-05-30 13:12:00,48.095,48.095,48.06,48.07,5324.0,CIEN
2023-05-30 13:11:00,48.075,48.1,48.075,48.095,3847.0,CIEN
2023-05-30 13:10:00,48.09,48.09,48.06,48.08,4274.0,CIEN
2023-05-30 13:09:00,48.12,48.15,48.11,48.11,6881.0,CIEN
2023-05-30 13:08:00,48.13,48.13,48.095,48.115,4755.0,CIEN
2023-05-30 13:07:00,48.22,48.23,48.135,48.14,9869.0,CIEN
2023-05-30 13:06:00,48.25,48.25,48.2,48.215,3323.0,CIEN
2023-05-30 13:05:00,48.28,48.28,48.26,48.27,3762.0,CIEN
2023-05-30 13:04:00,48.29,48.3,48.28,48.28,4817.0,CIEN
2023-05-30 13:03:00,48.348,48.348,48.3,48.3,2609.0,CIEN
2023-05-30 13:02:00,48.335,48.34,48.31,48.34,4721.0,CIEN
2023-05-30 13:01:00,48.34,48.36,48.335,48.335,2396.0,CIEN
2023-05-30 13:00:00,48.4,48.4,48.34,48.34,5216.0,CIEN
2023-05-30 12:59:00,48.41,48.41,48.4,48.4,544.0,CIEN
2023-05-30 12:58:00,48.4,48.42,48.395,48.405,5847.0,CIEN
2023-05-30 12:57:00,48.38,48.385,48.38,48.385,3024.0,CIEN
2023-05-30 12:56:00,48.38,48.38,48.365,48.37,2012.0,CIEN
2023-05-30 12:55:00,48.399,48.42,48.39,48.395,5767.0,CIEN
2023-05-30 12:54:00,48.39,48.42,48.39,48.415,6526.0,CIEN
2023-05-30 12:53:00,48.405,48.405,48.395,48.4,2935.0,CIEN
2023-05-30 12:52:00,48.4,48.415,48.4,48.405,5193.0,CIEN
2023-05-30 12:51:00,48.42,48.42,48.4,48.4,2335.0,CIEN
2023-05-30 12:50:00,48.41,48.44,48.41,48.43,5884.0,CIEN
2023-05-30 12:49:00,48.38,48.39,48.375,48.39,5248.0,CIEN
2023-05-30 12:48:00,48.4,48.4,48.39,48.39,1425.0,CIEN
2023-05-30 12:47:00,48.414,48.415,48.4,48.4,3530.0,CIEN
2023-05-30 12:46:00,48.47,48.47,48.42,48.43,5169.0,CIEN
2023-05-30 12:45:00,48.51,48.51,48.48,48.48,7737.0,CIEN
2023-05-30 12:44:00,48.53,48.53,48.52,48.52,3264.0,CIEN
2023-05-30 12:43:00,48.54,48.55,48.54,48.54,3539.0,CIEN
2023-05-30 12:42:00,48.55,48.55,48.525,48.545,2191.0,CIEN
2023-05-30 12:41:00,48.55,48.555,48.52,48.555,6185.0,CIEN
2023-05-30 12:40:00,48.58,48.58,48.555,48.56,2481.0,CIEN
2023-05-30 12:39:00,48.6,48.6,48.58,48.59,4006.0,CIEN
2023-05-30 12:38:00,48.62,48.63,48.595,48.595,4846.0,CIEN
2023-05-30 12:37:00,48.655,48.68,48.615,48.62,16261.0,CIEN
2023-05-30 12:36:00,48.66,48.66,48.64,48.65,2284.0,CIEN
2023-05-30 12:35:00,48.65,48.685,48.64,48.67,18909.0,CIEN
2023-05-30 12:34:00,48.655,48.658,48.64,48.64,3750.0,CIEN
2023-05-30 12:33:00,48.65,48.66,48.64,48.655,9264.0,CIEN
2023-05-30 12:32:00,48.65,48.65,48.64,48.64,3274.0,CIEN
2023-05-30 12:31:00,48.655,48.66,48.635,48.65,2473.0,CIEN
2023-05-30 12:30:00,48.64,48.67,48.635,48.66,24544.0,CIEN
2023-05-30 12:29:00,48.67,48.68,48.65,48.65,1484.0,CIEN
2023-05-30 12:28:00,48.69,48.69,48.65,48.65,4397.0,CIEN
2023-05-30 12:27:00,48.74,48.74,48.685,48.69,4289.0,CIEN
2023-05-30 12:26:00,48.75,48.77,48.73,48.75,3295.0,CIEN
2023-05-30 12:25:00,48.72,48.76,48.72,48.76,3327.0,CIEN
2023-05-30 12:24:00,48.74,48.75,48.74,48.74,2487.0,CIEN
2023-05-30 12:23:00,48.73,48.75,48.723,48.734,2898.0,CIEN
2023-05-30 12:22:00,48.78,48.79,48.74,48.74,3124.0,CIEN
2023-05-30 12:21:00,48.77,48.77,48.77,48.77,543.0,CIEN
2023-05-30 12:20:00,48.76,48.78,48.75,48.78,11868.0,CIEN
2023-05-30 12:19:00,48.725,48.76,48.725,48.76,1179.0,CIEN
2023-05-30 12:18:00,48.69,48.72,48.685,48.72,1504.0,CIEN
2023-05-30 12:17:00,48.73,48.73,48.67,48.68,4034.0,CIEN
2023-05-30 12:16:00,48.75,48.76,48.74,48.75,2692.0,CIEN
2023-05-30 12:15:00,48.75,48.75,48.74,48.74,1592.0,CIEN
2023-05-30 12:14:00,48.76,48.77,48.73,48.74,1905.0,CIEN
2023-05-30 12:13:00,48.75,48.76,48.736,48.75,1975.0,CIEN
2023-05-30 12:12:00,48.75,48.77,48.75,48.76,2509.0,CIEN
2023-05-30 12:11:00,48.75,48.75,48.73,48.741,4126.0,CIEN
2023-05-30 12:10:00,48.72,48.75,48.72,48.75,2168.0,CIEN
2023-05-30 12:09:00,48.73,48.735,48.715,48.735,2776.0,CIEN
2023-05-30 12:08:00,48.73,48.73,48.73,48.73,827.0,CIEN
2023-05-30 12:07:00,48.73,48.745,48.72,48.72,1584.0,CIEN
2023-05-30 12:06:00,48.72,48.72,48.7,48.72,2034.0,CIEN
2023-05-30 12:05:00,48.76,48.76,48.69,48.71,12224.0,CIEN
2023-05-30 12:04:00,48.78,48.78,48.76,48.775,657.0,CIEN
2023-05-30 12:03:00,48.8,48.8,48.79,48.8,1289.0,CIEN
2023-05-30 12:02:00,48.74,48.81,48.73,48.805,3507.0,CIEN
2023-05-30 12:01:00,48.8,48.8,48.74,48.74,1107.0,CIEN
2023-05-30 12:00:00,48.82,48.82,48.8,48.8,1664.0,CIEN
2023-05-30 11:59:00,48.8,48.86,48.8,48.86,3596.0,CIEN
2023-05-30 11:58:00,48.85,48.85,48.78,48.795,19177.0,CIEN
2023-05-30 11:57:00,48.88,48.88,48.85,48.85,1065.0,CIEN
2023-05-30 11:56:00,48.91,48.91,48.85,48.87,5810.0,CIEN
2023-05-30 11:55:00,48.94,48.94,48.925,48.925,2224.0,CIEN
2023-05-30 11:54:00,48.89,48.945,48.89,48.945,3092.0,CIEN
2023-05-30 11:53:00,48.895,48.9,48.89,48.89,2866.0,CIEN
2023-05-30 11:52:00,48.9,48.925,48.89,48.9,6716.0,CIEN
2023-05-30 11:51:00,48.87,48.88,48.86,48.865,3424.0,CIEN
2023-05-30 11:50:00,48.86,48.865,48.84,48.86,3438.0,CIEN
2023-05-30 11:49:00,48.86,48.88,48.86,48.875,1293.0,CIEN
2023-05-30 11:48:00,48.875,48.88,48.85,48.86,4667.0,CIEN
2023-05-30 11:47:00,48.925,48.925,48.88,48.88,2136.0,CIEN
2023-05-30 11:46:00,48.91,48.92,48.91,48.92,991.0,CIEN
2023-05-30 11:45:00,48.87,48.92,48.87,48.915,3496.0,CIEN
2023-05-30 11:44:00,48.91,48.91,48.86,48.87,2891.0,CIEN
2023-05-30 11:43:00,48.875,48.91,48.873,48.91,3119.0,CIEN
2023-05-30 11:42:00,48.87,48.88,48.86,48.88,2430.0,CIEN
2023-05-30 11:41:00,48.88,48.9,48.88,48.89,2022.0,CIEN
2023-05-30 11:40:00,48.88,48.9,48.86,48.9,5222.0,CIEN
2023-05-30 11:39:00,48.88,48.88,48.88,48.88,185.0,CIEN
2023-05-30 11:38:00,48.895,48.895,48.88,48.88,1765.0,CIEN
2023-05-30 11:37:00,48.88,48.9,48.86,48.9,992.0,CIEN
2023-05-30 11:36:00,48.82,48.86,48.81,48.86,1775.0,CIEN
2023-05-30 11:35:00,48.82,48.84,48.81,48.84,1435.0,CIEN
2023-05-30 11:34:00,48.845,48.845,48.81,48.81,2214.0,CIEN
2023-05-30 11:33:00,48.83,48.85,48.82,48.84,2781.0,CIEN
2023-05-30 11:32:00,48.81,48.82,48.805,48.82,1521.0,CIEN
2023-05-30 11:31:00,48.8,48.84,48.8,48.82,2225.0,CIEN
2023-05-30 11:30:00,48.78,48.82,48.76,48.77,23193.0,CIEN
2023-05-30 11:29:00,48.73,48.77,48.725,48.77,1820.0,CIEN
2023-05-30 11:28:00,48.695,48.72,48.695,48.715,1307.0,CIEN
2023-05-30 11:27:00,48.67,48.69,48.645,48.69,4195.0,CIEN
2023-05-30 11:26:00,48.66,48.66,48.66,48.66,1829.0,CIEN
2023-05-30 11:25:00,48.64,48.69,48.64,48.66,3026.0,CIEN
2023-05-30 11:24:00,48.65,48.65,48.65,48.65,1016.0,CIEN
2023-05-30 11:23:00,48.67,48.685,48.67,48.68,2261.0,CIEN
2023-05-30 11:22:00,48.69,48.69,48.658,48.658,1810.0,CIEN
2023-05-30 11:21:00,48.665,48.68,48.653,48.68,2020.0,CIEN
2023-05-30 11:20:00,48.685,48.71,48.66,48.7,5401.0,CIEN
2023-05-30 11:19:00,48.74,48.74,48.69,48.69,4797.0,CIEN
2023-05-30 11:18:00,48.72,48.76,48.72,48.755,2164.0,CIEN
2023-05-30 11:17:00,48.7,48.71,48.69,48.7,2687.0,CIEN
2023-05-30 11:16:00,48.69,48.7,48.65,48.7,3152.0,CIEN
2023-05-30 11:15:00,48.77,48.78,48.71,48.71,2686.0,CIEN
2023-05-30 11:14:00,48.75,48.8,48.75,48.76,2458.0,CIEN
2023-05-30 11:13:00,48.715,48.765,48.7,48.765,2565.0,CIEN
2023-05-30 11:12:00,48.7,48.7,48.69,48.7,1420.0,CIEN
2023-05-30 11:11:00,48.68,48.71,48.67,48.71,2333.0,CIEN
2023-05-30 11:10:00,48.68,48.68,48.655,48.67,1649.0,CIEN
2023-05-30 11:09:00,48.67,48.695,48.67,48.69,1336.0,CIEN
2023-05-30 11:08:00,48.7,48.7,48.67,48.67,3963.0,CIEN
2023-05-30 11:07:00,48.69,48.7,48.69,48.7,1844.0,CIEN
2023-05-30 11:06:00,48.65,48.73,48.635,48.7,5718.0,CIEN
2023-05-30 11:05:00,48.64,48.648,48.62,48.64,2862.0,CIEN
2023-05-30 11:04:00,48.62,48.65,48.62,48.63,4599.0,CIEN
2023-05-30 11:03:00,48.64,48.645,48.615,48.615,1152.0,CIEN
2023-05-30 11:02:00,48.61,48.65,48.61,48.64,2529.0,CIEN
2023-05-30 11:01:00,48.61,48.61,48.61,48.61,589.0,CIEN
2023-05-30 11:00:00,48.62,48.65,48.62,48.63,1588.0,CIEN
2023-05-30 10:59:00,48.62,48.62,48.59,48.6,2899.0,CIEN
2023-05-30 10:58:00,48.63,48.63,48.6,48.61,4182.0,CIEN
2023-05-30 10:57:00,48.69,48.69,48.64,48.64,2169.0,CIEN
2023-05-30 10:56:00,48.59,48.67,48.59,48.67,4076.0,CIEN
2023-05-30 10:55:00,48.6,48.6,48.58,48.6,2145.0,CIEN
2023-05-30 10:54:00,48.65,48.65,48.58,48.63,4229.0,CIEN
2023-05-30 10:53:00,48.67,48.69,48.65,48.65,1896.0,CIEN
2023-05-30 10:52:00,48.72,48.72,48.68,48.69,2411.0,CIEN
2023-05-30 10:51:00,48.67,48.69,48.65,48.69,2409.0,CIEN
2023-05-30 10:50:00,48.585,48.66,48.585,48.66,2352.0,CIEN
2023-05-30 10:49:00,48.58,48.58,48.58,48.58,1462.0,CIEN
2023-05-30 10:48:00,48.52,48.56,48.47,48.555,5978.0,CIEN
2023-05-30 10:47:00,48.49,48.525,48.48,48.525,3549.0,CIEN
2023-05-30 10:46:00,48.54,48.54,48.511,48.511,1265.0,CIEN
2023-05-30 10:45:00,48.56,48.57,48.55,48.55,1849.0,CIEN
2023-05-30 10:44:00,48.54,48.54,48.54,48.54,677.0,CIEN
2023-05-30 10:43:00,48.55,48.58,48.55,48.58,2502.0,CIEN
2023-05-30 10:42:00,48.525,48.596,48.525,48.56,2416.0,CIEN
2023-05-30 10:41:00,48.49,48.52,48.45,48.52,2162.0,CIEN
2023-05-30 10:40:00,48.46,48.5,48.46,48.48,2289.0,CIEN
2023-05-30 10:39:00,48.4,48.46,48.4,48.44,3256.0,CIEN
2023-05-30 10:38:00,48.37,48.39,48.37,48.385,2008.0,CIEN
2023-05-30 10:37:00,48.38,48.38,48.33,48.373,4398.0,CIEN
2023-05-30 10:36:00,48.39,48.39,48.39,48.39,482.0,CIEN
2023-05-30 10:35:00,48.365,48.41,48.365,48.4,2904.0,CIEN
2023-05-30 10:34:00,48.255,48.37,48.24,48.36,3803.0,CIEN
2023-05-30 10:33:00,48.38,48.38,48.26,48.26,3943.0,CIEN
2023-05-30 10:32:00,48.345,48.39,48.33,48.38,3348.0,CIEN
2023-05-30 10:31:00,48.31,48.36,48.29,48.36,1513.0,CIEN
2023-05-30 10:30:00,48.27,48.32,48.25,48.3,4143.0,CIEN
2023-05-30 10:29:00,48.3,48.335,48.27,48.27,3107.0,CIEN
2023-05-30 10:28:00,48.36,48.36,48.245,48.27,6779.0,CIEN
2023-05-30 10:27:00,48.37,48.4,48.36,48.37,5386.0,CIEN
2023-05-30 10:26:00,48.445,48.445,48.36,48.4,4056.0,CIEN
2023-05-30 10:25:00,48.4,48.44,48.395,48.44,3851.0,CIEN
2023-05-30 10:24:00,48.405,48.405,48.36,48.4,3970.0,CIEN
2023-05-30 10:23:00,48.46,48.485,48.34,48.39,13176.0,CIEN
2023-05-30 10:22:00,48.53,48.53,48.45,48.48,15927.0,CIEN
2023-05-30 10:21:00,48.565,48.62,48.54,48.54,7247.0,CIEN
2023-05-30 10:20:00,48.48,48.56,48.48,48.56,1872.0,CIEN
2023-05-30 10:19:00,48.39,48.48,48.38,48.48,2759.0,CIEN
2023-05-30 10:18:00,48.41,48.44,48.36,48.41,5761.0,CIEN
2023-05-30 10:17:00,48.385,48.43,48.385,48.4,3069.0,CIEN
2023-05-30 10:16:00,48.36,48.415,48.36,48.39,6658.0,CIEN
2023-05-30 10:15:00,48.365,48.37,48.31,48.35,2959.0,CIEN
2023-05-30 10:14:00,48.45,48.45,48.35,48.35,2757.0,CIEN
2023-05-30 10:13:00,48.399,48.44,48.37,48.44,5654.0,CIEN
2023-05-30 10:12:00,48.42,48.43,48.38,48.395,3767.0,CIEN
2023-05-30 10:11:00,48.5,48.51,48.45,48.45,2429.0,CIEN
2023-05-30 10:10:00,48.55,48.555,48.52,48.52,2252.0,CIEN
2023-05-30 10:09:00,48.46,48.53,48.43,48.52,3797.0,CIEN
2023-05-30 10:08:00,48.54,48.56,48.48,48.48,3167.0,CIEN
2023-05-30 10:07:00,48.61,48.62,48.57,48.57,2905.0,CIEN
2023-05-30 10:06:00,48.5,48.6,48.5,48.59,3105.0,CIEN
2023-05-30 10:05:00,48.57,48.59,48.49,48.49,5398.0,CIEN
2023-05-30 10:04:00,48.55,48.58,48.54,48.54,2037.0,CIEN
2023-05-30 10:03:00,48.51,48.6,48.5,48.58,5054.0,CIEN
2023-05-30 10:02:00,48.53,48.55,48.52,48.55,1226.0,CIEN
2023-05-30 10:01:00,48.715,48.715,48.5,48.54,3434.0,CIEN
2023-05-30 10:00:00,48.545,48.733,48.545,48.7,29892.0,CIEN
2023-05-30 09:59:00,48.62,48.62,48.558,48.558,2179.0,CIEN
2023-05-30 09:58:00,48.67,48.67,48.53,48.62,8854.0,CIEN
2023-05-30 09:57:00,48.68,48.71,48.6,48.71,5504.0,CIEN
2023-05-30 09:56:00,48.64,48.72,48.62,48.65,3050.0,CIEN
2023-05-30 09:55:00,48.735,48.8,48.62,48.64,57335.0,CIEN
2023-05-30 09:54:00,48.69,48.77,48.665,48.77,2882.0,CIEN
2023-05-30 09:53:00,48.86,48.86,48.73,48.76,10904.0,CIEN
2023-05-30 09:52:00,48.93,48.93,48.845,48.845,2724.0,CIEN
2023-05-30 09:51:00,49.193,49.193,48.91,48.93,13612.0,CIEN
2023-05-30 09:50:00,49.18,49.21,49.16,49.18,3366.0,CIEN
2023-05-30 09:49:00,49.175,49.23,49.17,49.2,2775.0,CIEN
2023-05-30 09:48:00,49.165,49.25,49.165,49.2,24598.0,CIEN
2023-05-30 09:47:00,49.1,49.165,49.06,49.165,5890.0,CIEN
2023-05-30 09:46:00,48.95,49.12,48.95,49.12,5606.0,CIEN
2023-05-30 09:45:00,48.98,48.98,48.9,48.926,7900.0,CIEN
2023-05-30 09:44:00,48.98,49.005,48.94,48.98,5098.0,CIEN
2023-05-30 09:43:00,49.04,49.05,48.95,48.99,10194.0,CIEN
2023-05-30 09:42:00,49.093,49.093,48.96,49.03,9657.0,CIEN
2023-05-30 09:41:00,48.99,49.08,48.99,49.07,5465.0,CIEN
2023-05-30 09:40:00,49.0,49.015,48.95,48.99,17862.0,CIEN
2023-05-30 09:39:00,49.025,49.05,48.99,49.01,4881.0,CIEN
2023-05-30 09:38:00,49.03,49.04,48.987,49.04,2646.0,CIEN
2023-05-30 09:37:00,49.16,49.16,48.96,49.035,6897.0,CIEN
2023-05-30 09:36:00,49.3,49.3,49.185,49.185,1856.0,CIEN
2023-05-30 09:35:00,49.37,49.56,49.3,49.38,7824.0,CIEN
2023-05-30 09:34:00,49.184,49.47,49.184,49.37,10461.0,CIEN
2023-05-30 09:33:00,49.07,49.29,49.07,49.19,21285.0,CIEN
2023-05-30 09:32:00,48.79,49.07,48.79,49.07,5382.0,CIEN
2023-05-30 09:31:00,48.865,48.865,48.73,48.79,4058.0,CIEN
2023-05-30 09:30:00,48.61,48.8,48.6,48.78,16083.0,CIEN
2023-05-30 09:29:00,48.69,48.69,48.69,48.69,1.0,CIEN
2023-05-30 09:28:00,48.6,48.61,48.53,48.61,1482.0,CIEN
2023-05-30 09:26:00,48.5,48.5,48.5,48.5,1100.0,CIEN
2023-05-30 09:25:00,48.5,48.5,48.5,48.5,68.0,CIEN
2023-05-30 09:21:00,48.5,48.5,48.5,48.5,111.0,CIEN
2023-05-30 09:20:00,48.5,48.5,48.5,48.5,941.0,CIEN
2023-05-30 09:06:00,48.7,48.7,48.7,48.7,90.0,CIEN
2023-05-30 09:03:00,48.7,48.7,48.7,48.7,1.0,CIEN
2023-05-30 08:59:00,48.7,48.7,48.7,48.7,6.0,CIEN
2023-05-30 08:33:00,48.7,48.7,48.7,48.7,2.0,CIEN
2023-05-30 08:31:00,48.7,48.7,48.7,48.7,100.0,CIEN
2023-05-30 08:30:00,48.6,48.6,48.6,48.6,100.0,CIEN
2023-05-30 08:22:00,48.5,48.5,48.5,48.5,15.0,CIEN
2023-05-30 08:21:00,48.5,48.5,48.5,48.5,40.0,CIEN
2023-05-30 08:19:00,48.51,48.51,48.51,48.51,1.0,CIEN
2023-05-30 08:00:00,48.959,48.959,48.959,48.959,10.0,CIEN
2023-05-30 07:18:00,48.48,48.5,48.46,48.5,2097.0,CIEN
2023-05-30 05:20:00,47.99,47.99,47.99,47.99,2.0,CIEN
