date,1. open,2. high,3. low,4. close,5. volume,Ticker
2023-06-09 19:41:00,41.3,41.3,41.3,41.3,25.0,CIEN
2023-06-09 19:39:00,41.3,41.3,41.3,41.3,50.0,CIEN
2023-06-09 19:26:00,41.3,41.3,41.3,41.3,20.0,CIEN
2023-06-09 19:01:00,41.4,41.4,41.4,41.4,1.0,CIEN
2023-06-09 19:00:00,41.35,41.35,41.35,41.35,373423.0,CIEN
2023-06-09 18:51:00,41.4,41.4,41.4,41.4,100.0,CIEN
2023-06-09 18:30:00,41.35,41.35,41.35,41.35,373423.0,CIEN
2023-06-09 17:46:00,41.33,41.33,41.33,41.33,3.0,CIEN
2023-06-09 17:14:00,41.35,41.35,41.35,41.35,1.0,CIEN
2023-06-09 17:08:00,41.3,41.3,41.3,41.3,300.0,CIEN
2023-06-09 17:04:00,41.3,41.3,41.3,41.3,17.0,CIEN
2023-06-09 16:28:00,41.47,41.47,41.47,41.47,3.0,CIEN
2023-06-09 16:24:00,41.5,41.5,41.5,41.5,10.0,CIEN
2023-06-09 16:13:00,41.3,41.3,41.3,41.3,100.0,CIEN
2023-06-09 16:10:00,41.35,41.35,41.35,41.35,373423.0,CIEN
2023-06-09 16:03:00,41.35,41.4,41.35,41.35,100.0,CIEN
2023-06-09 16:02:00,41.35,41.35,41.35,41.35,3965.0,CIEN
2023-06-09 16:00:00,41.343,41.65,41.33,41.35,777803.0,CIEN
2023-06-09 15:59:00,41.375,41.38,41.33,41.34,105115.0,CIEN
2023-06-09 15:58:00,41.36,41.38,41.33,41.37,72667.0,CIEN
2023-06-09 15:57:00,41.365,41.37,41.36,41.37,50210.0,CIEN
2023-06-09 15:56:00,41.32,41.37,41.32,41.365,64583.0,CIEN
2023-06-09 15:55:00,41.305,41.35,41.305,41.325,71756.0,CIEN
2023-06-09 15:54:00,41.28,41.327,41.27,41.3,36387.0,CIEN
2023-06-09 15:53:00,41.335,41.34,41.265,41.275,57700.0,CIEN
2023-06-09 15:52:00,41.31,41.34,41.31,41.335,30208.0,CIEN
2023-06-09 15:51:00,41.255,41.31,41.255,41.31,25820.0,CIEN
2023-06-09 15:50:00,41.335,41.335,41.24,41.255,45476.0,CIEN
2023-06-09 15:49:00,41.31,41.34,41.3,41.33,21375.0,CIEN
2023-06-09 15:48:00,41.295,41.32,41.29,41.315,19442.0,CIEN
2023-06-09 15:47:00,41.29,41.37,41.29,41.3,30852.0,CIEN
2023-06-09 15:46:00,41.27,41.29,41.265,41.29,3796.0,CIEN
2023-06-09 15:45:00,41.23,41.28,41.23,41.27,19872.0,CIEN
2023-06-09 15:44:00,41.265,41.28,41.24,41.24,9832.0,CIEN
2023-06-09 15:43:00,41.3,41.3,41.27,41.27,16081.0,CIEN
2023-06-09 15:42:00,41.255,41.3,41.25,41.3,15893.0,CIEN
2023-06-09 15:41:00,41.25,41.275,41.25,41.255,9567.0,CIEN
2023-06-09 15:40:00,41.245,41.27,41.24,41.255,13017.0,CIEN
2023-06-09 15:39:00,41.21,41.24,41.2,41.23,10681.0,CIEN
2023-06-09 15:38:00,41.19,41.22,41.18,41.22,13600.0,CIEN
2023-06-09 15:37:00,41.28,41.28,41.17,41.18,14247.0,CIEN
2023-06-09 15:36:00,41.27,41.29,41.26,41.29,8226.0,CIEN
2023-06-09 15:35:00,41.22,41.28,41.22,41.28,14463.0,CIEN
2023-06-09 15:34:00,41.28,41.29,41.22,41.22,14634.0,CIEN
2023-06-09 15:33:00,41.205,41.37,41.205,41.28,22496.0,CIEN
2023-06-09 15:32:00,41.21,41.28,41.2,41.2,17444.0,CIEN
2023-06-09 15:31:00,41.18,41.26,41.17,41.21,37905.0,CIEN
2023-06-09 15:30:00,41.18,41.25,41.175,41.185,39982.0,CIEN
2023-06-09 15:29:00,41.21,41.22,41.175,41.18,30830.0,CIEN
2023-06-09 15:28:00,41.3,41.3,41.22,41.22,18898.0,CIEN
2023-06-09 15:27:00,41.32,41.33,41.26,41.3,28205.0,CIEN
2023-06-09 15:26:00,41.37,41.38,41.31,41.325,30813.0,CIEN
2023-06-09 15:25:00,41.49,41.49,41.37,41.38,21217.0,CIEN
2023-06-09 15:24:00,41.5,41.51,41.49,41.495,16039.0,CIEN
2023-06-09 15:23:00,41.5,41.51,41.49,41.5,29030.0,CIEN
2023-06-09 15:22:00,41.495,41.515,41.485,41.51,19105.0,CIEN
2023-06-09 15:21:00,41.491,41.5,41.485,41.495,16365.0,CIEN
2023-06-09 15:20:00,41.47,41.5,41.465,41.495,24055.0,CIEN
2023-06-09 15:19:00,41.455,41.47,41.45,41.47,21204.0,CIEN
2023-06-09 15:18:00,41.445,41.455,41.44,41.45,11316.0,CIEN
2023-06-09 15:17:00,41.455,41.46,41.44,41.44,12743.0,CIEN
2023-06-09 15:16:00,41.47,41.48,41.45,41.45,13146.0,CIEN
2023-06-09 15:15:00,41.495,41.505,41.46,41.47,9712.0,CIEN
2023-06-09 15:14:00,41.48,41.52,41.48,41.49,13755.0,CIEN
2023-06-09 15:13:00,41.48,41.485,41.46,41.48,11362.0,CIEN
2023-06-09 15:12:00,41.49,41.5,41.48,41.48,5660.0,CIEN
2023-06-09 15:11:00,41.47,41.49,41.47,41.48,4602.0,CIEN
2023-06-09 15:10:00,41.46,41.48,41.46,41.47,12044.0,CIEN
2023-06-09 15:09:00,41.49,41.51,41.46,41.46,9085.0,CIEN
2023-06-09 15:08:00,41.495,41.515,41.47,41.49,14256.0,CIEN
2023-06-09 15:07:00,41.46,41.495,41.45,41.495,7250.0,CIEN
2023-06-09 15:06:00,41.46,41.52,41.46,41.46,15513.0,CIEN
2023-06-09 15:05:00,41.48,41.48,41.45,41.46,11167.0,CIEN
2023-06-09 15:04:00,41.49,41.495,41.46,41.48,13394.0,CIEN
2023-06-09 15:03:00,41.43,41.52,41.42,41.49,22881.0,CIEN
2023-06-09 15:02:00,41.37,41.43,41.365,41.42,19926.0,CIEN
2023-06-09 15:01:00,41.375,41.38,41.36,41.37,11176.0,CIEN
2023-06-09 15:00:00,41.38,41.41,41.38,41.38,11171.0,CIEN
2023-06-09 14:59:00,41.405,41.44,41.38,41.38,13459.0,CIEN
2023-06-09 14:58:00,41.325,41.395,41.325,41.395,20431.0,CIEN
2023-06-09 14:57:00,41.335,41.35,41.325,41.325,20653.0,CIEN
2023-06-09 14:56:00,41.32,41.34,41.32,41.33,19823.0,CIEN
2023-06-09 14:55:00,41.305,41.32,41.305,41.31,9200.0,CIEN
2023-06-09 14:54:00,41.34,41.35,41.3,41.3,10437.0,CIEN
2023-06-09 14:53:00,41.36,41.4,41.35,41.35,13584.0,CIEN
2023-06-09 14:52:00,41.36,41.375,41.35,41.36,28107.0,CIEN
2023-06-09 14:51:00,41.405,41.405,41.36,41.36,9805.0,CIEN
2023-06-09 14:50:00,41.44,41.46,41.41,41.41,8912.0,CIEN
2023-06-09 14:49:00,41.415,41.45,41.415,41.43,10894.0,CIEN
2023-06-09 14:48:00,41.46,41.52,41.4,41.4,15780.0,CIEN
2023-06-09 14:47:00,41.405,41.46,41.4,41.45,11920.0,CIEN
2023-06-09 14:46:00,41.38,41.41,41.37,41.4,17722.0,CIEN
2023-06-09 14:45:00,41.385,41.42,41.38,41.39,28704.0,CIEN
2023-06-09 14:44:00,41.38,41.39,41.38,41.385,6171.0,CIEN
2023-06-09 14:43:00,41.395,41.395,41.385,41.385,6741.0,CIEN
2023-06-09 14:42:00,41.41,41.41,41.39,41.395,3049.0,CIEN
2023-06-09 14:41:00,41.43,41.445,41.41,41.41,6190.0,CIEN
2023-06-09 14:40:00,41.42,41.438,41.41,41.43,5854.0,CIEN
2023-06-09 14:39:00,41.405,41.43,41.4,41.43,5995.0,CIEN
2023-06-09 14:38:00,41.39,41.41,41.37,41.395,8150.0,CIEN
2023-06-09 14:37:00,41.415,41.415,41.38,41.38,6283.0,CIEN
2023-06-09 14:36:00,41.42,41.43,41.4,41.42,14401.0,CIEN
2023-06-09 14:35:00,41.46,41.46,41.42,41.42,9369.0,CIEN
2023-06-09 14:34:00,41.48,41.48,41.46,41.47,6084.0,CIEN
2023-06-09 14:33:00,41.47,41.49,41.47,41.48,8471.0,CIEN
2023-06-09 14:32:00,41.495,41.5,41.46,41.46,7607.0,CIEN
2023-06-09 14:31:00,41.49,41.5,41.49,41.49,6424.0,CIEN
2023-06-09 14:30:00,41.49,41.5,41.49,41.49,6009.0,CIEN
2023-06-09 14:29:00,41.485,41.51,41.485,41.49,8782.0,CIEN
2023-06-09 14:28:00,41.51,41.54,41.49,41.49,12926.0,CIEN
2023-06-09 14:27:00,41.515,41.539,41.51,41.51,8967.0,CIEN
2023-06-09 14:26:00,41.51,41.52,41.5,41.515,8595.0,CIEN
2023-06-09 14:25:00,41.525,41.525,41.5,41.52,18115.0,CIEN
2023-06-09 14:24:00,41.53,41.53,41.5,41.52,11194.0,CIEN
2023-06-09 14:23:00,41.55,41.55,41.51,41.54,30300.0,CIEN
2023-06-09 14:22:00,41.56,41.58,41.54,41.555,34206.0,CIEN
2023-06-09 14:21:00,41.565,41.59,41.55,41.55,21808.0,CIEN
2023-06-09 14:20:00,41.555,41.575,41.555,41.57,6130.0,CIEN
2023-06-09 14:19:00,41.57,41.58,41.55,41.555,3880.0,CIEN
2023-06-09 14:18:00,41.57,41.58,41.565,41.565,7447.0,CIEN
2023-06-09 14:17:00,41.57,41.575,41.54,41.575,13547.0,CIEN
2023-06-09 14:16:00,41.63,41.63,41.58,41.58,4835.0,CIEN
2023-06-09 14:15:00,41.69,41.69,41.63,41.63,6538.0,CIEN
2023-06-09 14:14:00,41.7,41.71,41.685,41.7,7377.0,CIEN
2023-06-09 14:13:00,41.65,41.699,41.64,41.699,10522.0,CIEN
2023-06-09 14:12:00,41.68,41.68,41.65,41.65,7351.0,CIEN
2023-06-09 14:11:00,41.675,41.69,41.675,41.689,2373.0,CIEN
2023-06-09 14:10:00,41.65,41.69,41.65,41.67,6363.0,CIEN
2023-06-09 14:09:00,41.67,41.68,41.64,41.65,12133.0,CIEN
2023-06-09 14:08:00,41.68,41.68,41.66,41.67,6280.0,CIEN
2023-06-09 14:07:00,41.685,41.685,41.66,41.67,1870.0,CIEN
2023-06-09 14:06:00,41.685,41.695,41.68,41.68,5993.0,CIEN
2023-06-09 14:05:00,41.635,41.69,41.63,41.69,9359.0,CIEN
2023-06-09 14:04:00,41.66,41.66,41.64,41.64,4723.0,CIEN
2023-06-09 14:03:00,41.655,41.67,41.655,41.655,7211.0,CIEN
2023-06-09 14:02:00,41.65,41.65,41.64,41.65,4587.0,CIEN
2023-06-09 14:01:00,41.67,41.67,41.645,41.65,4092.0,CIEN
2023-06-09 14:00:00,41.705,41.71,41.68,41.68,4741.0,CIEN
2023-06-09 13:59:00,41.7,41.7,41.69,41.7,2958.0,CIEN
2023-06-09 13:58:00,41.655,41.705,41.654,41.7,6218.0,CIEN
2023-06-09 13:57:00,41.655,41.67,41.645,41.66,6297.0,CIEN
2023-06-09 13:56:00,41.685,41.69,41.66,41.66,3642.0,CIEN
2023-06-09 13:55:00,41.67,41.68,41.67,41.68,4191.0,CIEN
2023-06-09 13:54:00,41.655,41.675,41.655,41.67,5497.0,CIEN
2023-06-09 13:53:00,41.645,41.66,41.645,41.66,4250.0,CIEN
2023-06-09 13:52:00,41.66,41.66,41.64,41.65,3998.0,CIEN
2023-06-09 13:51:00,41.67,41.67,41.66,41.66,7695.0,CIEN
2023-06-09 13:50:00,41.66,41.68,41.66,41.675,4856.0,CIEN
2023-06-09 13:49:00,41.72,41.72,41.66,41.67,6714.0,CIEN
2023-06-09 13:48:00,41.74,41.745,41.72,41.73,2595.0,CIEN
2023-06-09 13:47:00,41.76,41.76,41.73,41.745,5117.0,CIEN
2023-06-09 13:46:00,41.72,41.76,41.71,41.76,7310.0,CIEN
2023-06-09 13:45:00,41.7,41.73,41.695,41.72,29558.0,CIEN
2023-06-09 13:44:00,41.67,41.71,41.66,41.695,8811.0,CIEN
2023-06-09 13:43:00,41.74,41.74,41.67,41.685,13459.0,CIEN
2023-06-09 13:42:00,41.765,41.77,41.745,41.745,6367.0,CIEN
2023-06-09 13:41:00,41.76,41.78,41.755,41.765,8483.0,CIEN
2023-06-09 13:40:00,41.784,41.784,41.76,41.76,7071.0,CIEN
2023-06-09 13:39:00,41.79,41.79,41.79,41.79,989.0,CIEN
2023-06-09 13:38:00,41.79,41.795,41.79,41.79,716.0,CIEN
2023-06-09 13:37:00,41.82,41.82,41.79,41.79,3832.0,CIEN
2023-06-09 13:36:00,41.78,41.825,41.765,41.825,5285.0,CIEN
2023-06-09 13:35:00,41.84,41.84,41.78,41.78,4183.0,CIEN
2023-06-09 13:34:00,41.86,41.87,41.84,41.849,6903.0,CIEN
2023-06-09 13:33:00,41.855,41.86,41.855,41.86,405.0,CIEN
2023-06-09 13:32:00,41.845,41.87,41.835,41.87,3151.0,CIEN
2023-06-09 13:31:00,41.865,41.87,41.85,41.85,3861.0,CIEN
2023-06-09 13:30:00,41.86,41.87,41.855,41.87,2028.0,CIEN
2023-06-09 13:29:00,41.85,41.865,41.85,41.86,2252.0,CIEN
2023-06-09 13:28:00,41.88,41.88,41.85,41.86,3532.0,CIEN
2023-06-09 13:27:00,41.88,41.88,41.88,41.88,432.0,CIEN
2023-06-09 13:26:00,41.895,41.9,41.875,41.88,3510.0,CIEN
2023-06-09 13:25:00,41.89,41.9,41.88,41.89,2034.0,CIEN
2023-06-09 13:24:00,41.85,41.88,41.85,41.88,1116.0,CIEN
2023-06-09 13:23:00,41.84,41.84,41.83,41.84,1918.0,CIEN
2023-06-09 13:22:00,41.839,41.84,41.83,41.83,1551.0,CIEN
2023-06-09 13:21:00,41.84,41.84,41.83,41.84,5260.0,CIEN
2023-06-09 13:20:00,41.84,41.85,41.84,41.845,1698.0,CIEN
2023-06-09 13:19:00,41.825,41.863,41.825,41.84,4977.0,CIEN
2023-06-09 13:18:00,41.82,41.83,41.82,41.83,1043.0,CIEN
2023-06-09 13:17:00,41.76,41.8,41.76,41.8,4553.0,CIEN
2023-06-09 13:16:00,41.77,41.77,41.75,41.75,1632.0,CIEN
2023-06-09 13:15:00,41.82,41.825,41.785,41.785,3757.0,CIEN
2023-06-09 13:14:00,41.788,41.83,41.788,41.82,4069.0,CIEN
2023-06-09 13:13:00,41.785,41.79,41.77,41.785,1778.0,CIEN
2023-06-09 13:12:00,41.79,41.8,41.78,41.79,5768.0,CIEN
2023-06-09 13:11:00,41.765,41.78,41.765,41.78,3335.0,CIEN
2023-06-09 13:10:00,41.79,41.79,41.767,41.77,4053.0,CIEN
2023-06-09 13:09:00,41.83,41.83,41.79,41.79,2504.0,CIEN
2023-06-09 13:08:00,41.835,41.835,41.83,41.83,1842.0,CIEN
2023-06-09 13:07:00,41.86,41.87,41.835,41.835,3233.0,CIEN
2023-06-09 13:06:00,41.88,41.88,41.86,41.86,2777.0,CIEN
2023-06-09 13:05:00,41.865,41.88,41.86,41.88,1406.0,CIEN
2023-06-09 13:04:00,41.89,41.9,41.87,41.87,4278.0,CIEN
2023-06-09 13:03:00,41.84,41.89,41.84,41.89,4704.0,CIEN
2023-06-09 13:02:00,41.85,41.855,41.84,41.84,3996.0,CIEN
2023-06-09 13:01:00,41.88,41.885,41.855,41.86,6268.0,CIEN
2023-06-09 13:00:00,41.88,41.89,41.88,41.89,562.0,CIEN
2023-06-09 12:59:00,41.89,41.89,41.88,41.89,2541.0,CIEN
2023-06-09 12:58:00,41.89,41.9,41.88,41.895,2394.0,CIEN
2023-06-09 12:57:00,41.865,41.895,41.865,41.895,3686.0,CIEN
2023-06-09 12:56:00,41.855,41.865,41.855,41.865,4724.0,CIEN
2023-06-09 12:55:00,41.842,41.85,41.84,41.85,9377.0,CIEN
2023-06-09 12:54:00,41.85,41.855,41.84,41.85,3772.0,CIEN
2023-06-09 12:53:00,41.85,41.865,41.84,41.85,5807.0,CIEN
2023-06-09 12:52:00,41.82,41.86,41.815,41.85,5357.0,CIEN
2023-06-09 12:51:00,41.82,41.83,41.81,41.81,3789.0,CIEN
2023-06-09 12:50:00,41.84,41.85,41.814,41.82,6404.0,CIEN
2023-06-09 12:49:00,41.833,41.834,41.834,41.834,631.0,CIEN
2023-06-09 12:48:00,41.77,41.84,41.765,41.825,5496.0,CIEN
2023-06-09 12:47:00,41.725,41.76,41.72,41.731,20101.0,CIEN
2023-06-09 12:46:00,41.72,41.725,41.71,41.725,4732.0,CIEN
2023-06-09 12:45:00,41.74,41.74,41.71,41.72,10534.0,CIEN
2023-06-09 12:44:00,41.705,41.77,41.705,41.73,12258.0,CIEN
2023-06-09 12:43:00,41.71,41.73,41.705,41.71,12305.0,CIEN
2023-06-09 12:42:00,41.723,41.74,41.71,41.71,3335.0,CIEN
2023-06-09 12:41:00,41.77,41.77,41.72,41.73,9672.0,CIEN
2023-06-09 12:40:00,41.77,41.79,41.76,41.79,15817.0,CIEN
2023-06-09 12:39:00,41.79,41.79,41.75,41.78,9026.0,CIEN
2023-06-09 12:38:00,41.8,41.8,41.79,41.8,3439.0,CIEN
2023-06-09 12:37:00,41.84,41.84,41.81,41.81,3728.0,CIEN
2023-06-09 12:36:00,41.87,41.875,41.84,41.84,3704.0,CIEN
2023-06-09 12:35:00,41.89,41.89,41.87,41.87,2417.0,CIEN
2023-06-09 12:34:00,41.89,41.89,41.885,41.89,2026.0,CIEN
2023-06-09 12:33:00,41.905,41.91,41.9,41.9,6340.0,CIEN
2023-06-09 12:32:00,41.91,41.92,41.905,41.91,3880.0,CIEN
2023-06-09 12:31:00,41.92,41.93,41.915,41.915,3385.0,CIEN
2023-06-09 12:30:00,41.92,41.92,41.905,41.92,3872.0,CIEN
2023-06-09 12:29:00,41.89,41.92,41.89,41.92,3425.0,CIEN
2023-06-09 12:28:00,41.84,41.9,41.835,41.89,8725.0,CIEN
2023-06-09 12:27:00,41.82,41.84,41.82,41.84,4353.0,CIEN
2023-06-09 12:26:00,41.855,41.855,41.83,41.84,8094.0,CIEN
2023-06-09 12:25:00,41.865,41.88,41.86,41.86,5227.0,CIEN
2023-06-09 12:24:00,41.89,41.898,41.87,41.87,2743.0,CIEN
2023-06-09 12:23:00,41.96,41.96,41.9,41.9,4444.0,CIEN
2023-06-09 12:22:00,41.96,41.96,41.94,41.94,1301.0,CIEN
2023-06-09 12:21:00,41.96,41.98,41.955,41.96,7296.0,CIEN
2023-06-09 12:20:00,41.94,41.96,41.94,41.945,6246.0,CIEN
2023-06-09 12:19:00,41.98,41.98,41.95,41.95,7157.0,CIEN
2023-06-09 12:18:00,41.99,41.995,41.98,41.98,5117.0,CIEN
2023-06-09 12:17:00,41.99,42.0,41.99,41.99,3281.0,CIEN
2023-06-09 12:16:00,41.96,41.98,41.96,41.98,3387.0,CIEN
2023-06-09 12:15:00,41.97,41.97,41.95,41.96,7372.0,CIEN
2023-06-09 12:14:00,41.96,41.98,41.96,41.97,3999.0,CIEN
2023-06-09 12:13:00,41.96,41.97,41.954,41.96,1919.0,CIEN
2023-06-09 12:12:00,41.98,41.98,41.945,41.963,3642.0,CIEN
2023-06-09 12:11:00,41.97,41.99,41.97,41.97,5757.0,CIEN
2023-06-09 12:10:00,41.95,41.98,41.95,41.96,5277.0,CIEN
2023-06-09 12:09:00,41.97,41.98,41.95,41.96,2307.0,CIEN
2023-06-09 12:08:00,41.97,41.97,41.95,41.95,3310.0,CIEN
2023-06-09 12:07:00,41.962,41.98,41.95,41.97,2530.0,CIEN
2023-06-09 12:06:00,41.98,41.99,41.97,41.97,2388.0,CIEN
2023-06-09 12:05:00,41.955,41.98,41.945,41.98,3900.0,CIEN
2023-06-09 12:04:00,41.96,41.96,41.95,41.95,2843.0,CIEN
2023-06-09 12:03:00,41.9,41.955,41.9,41.955,6243.0,CIEN
2023-06-09 12:02:00,41.9,41.9,41.88,41.899,4500.0,CIEN
2023-06-09 12:01:00,41.92,41.94,41.88,41.88,4003.0,CIEN
2023-06-09 12:00:00,41.93,41.94,41.91,41.92,5272.0,CIEN
2023-06-09 11:59:00,41.94,41.95,41.94,41.95,2340.0,CIEN
2023-06-09 11:58:00,41.91,41.93,41.91,41.93,4442.0,CIEN
2023-06-09 11:57:00,41.95,41.95,41.9,41.915,4834.0,CIEN
2023-06-09 11:56:00,41.98,41.99,41.96,41.965,3631.0,CIEN
2023-06-09 11:55:00,42.0,42.0,41.98,41.98,1019.0,CIEN
2023-06-09 11:54:00,42.02,42.02,42.0,42.0,1107.0,CIEN
2023-06-09 11:53:00,42.03,42.055,42.021,42.03,3021.0,CIEN
2023-06-09 11:52:00,42.0,42.025,42.0,42.02,4095.0,CIEN
2023-06-09 11:51:00,42.09,42.09,42.0,42.0,4684.0,CIEN
2023-06-09 11:50:00,42.092,42.12,42.092,42.1,3696.0,CIEN
2023-06-09 11:49:00,42.11,42.115,42.09,42.09,3851.0,CIEN
2023-06-09 11:48:00,42.12,42.12,42.09,42.115,3554.0,CIEN
2023-06-09 11:47:00,42.12,42.12,42.11,42.11,435.0,CIEN
2023-06-09 11:46:00,42.11,42.155,42.1,42.115,13734.0,CIEN
2023-06-09 11:45:00,42.06,42.13,42.06,42.13,8578.0,CIEN
2023-06-09 11:44:00,42.04,42.06,42.03,42.05,5133.0,CIEN
2023-06-09 11:43:00,42.01,42.03,42.01,42.01,6616.0,CIEN
2023-06-09 11:42:00,42.0,42.0,42.0,42.0,1467.0,CIEN
2023-06-09 11:41:00,42.0,42.01,41.995,42.0,2845.0,CIEN
2023-06-09 11:40:00,41.96,42.0,41.96,41.99,3520.0,CIEN
2023-06-09 11:39:00,41.97,41.97,41.94,41.95,5284.0,CIEN
2023-06-09 11:38:00,41.975,41.98,41.965,41.98,3727.0,CIEN
2023-06-09 11:37:00,41.97,41.985,41.95,41.97,7086.0,CIEN
2023-06-09 11:36:00,41.98,41.98,41.965,41.965,2669.0,CIEN
2023-06-09 11:35:00,41.97,41.99,41.97,41.99,1893.0,CIEN
2023-06-09 11:34:00,41.955,41.97,41.94,41.96,4514.0,CIEN
2023-06-09 11:33:00,41.895,41.96,41.895,41.955,5605.0,CIEN
2023-06-09 11:32:00,41.9,41.91,41.895,41.895,2497.0,CIEN
2023-06-09 11:31:00,41.89,41.9,41.85,41.9,10358.0,CIEN
2023-06-09 11:30:00,41.9,41.9,41.87,41.89,12999.0,CIEN
2023-06-09 11:29:00,41.89,41.919,41.883,41.91,8049.0,CIEN
2023-06-09 11:28:00,41.88,41.9,41.875,41.89,5788.0,CIEN
2023-06-09 11:27:00,41.88,41.88,41.84,41.87,8927.0,CIEN
2023-06-09 11:26:00,41.935,41.935,41.88,41.88,5947.0,CIEN
2023-06-09 11:25:00,41.986,41.99,41.91,41.94,8103.0,CIEN
2023-06-09 11:24:00,41.99,41.99,41.95,41.98,3912.0,CIEN
2023-06-09 11:23:00,41.99,41.99,41.95,41.99,4734.0,CIEN
2023-06-09 11:22:00,42.02,42.02,41.98,41.98,4776.0,CIEN
2023-06-09 11:21:00,42.1,42.1,42.02,42.02,3284.0,CIEN
2023-06-09 11:20:00,42.09,42.115,42.086,42.115,3082.0,CIEN
2023-06-09 11:19:00,42.1,42.11,42.1,42.11,1214.0,CIEN
2023-06-09 11:18:00,42.09,42.105,42.09,42.09,3892.0,CIEN
2023-06-09 11:17:00,42.1,42.1,42.07,42.08,6729.0,CIEN
2023-06-09 11:16:00,42.12,42.14,42.11,42.12,10257.0,CIEN
2023-06-09 11:15:00,42.12,42.13,42.11,42.13,7457.0,CIEN
2023-06-09 11:14:00,42.11,42.14,42.097,42.14,2944.0,CIEN
2023-06-09 11:13:00,42.11,42.12,42.07,42.12,6419.0,CIEN
2023-06-09 11:12:00,42.155,42.155,42.12,42.125,2422.0,CIEN
2023-06-09 11:11:00,42.18,42.18,42.14,42.15,1633.0,CIEN
2023-06-09 11:10:00,42.181,42.195,42.18,42.195,993.0,CIEN
2023-06-09 11:09:00,42.2,42.2,42.18,42.18,2812.0,CIEN
2023-06-09 11:08:00,42.19,42.21,42.19,42.2,2267.0,CIEN
2023-06-09 11:07:00,42.172,42.18,42.15,42.18,4048.0,CIEN
2023-06-09 11:06:00,42.14,42.17,42.14,42.17,1611.0,CIEN
2023-06-09 11:05:00,42.11,42.14,42.09,42.14,5268.0,CIEN
2023-06-09 11:04:00,42.11,42.11,42.06,42.081,6295.0,CIEN
2023-06-09 11:03:00,42.125,42.125,42.125,42.125,327.0,CIEN
2023-06-09 11:02:00,42.135,42.15,42.11,42.13,15401.0,CIEN
2023-06-09 11:01:00,42.15,42.15,42.12,42.135,1528.0,CIEN
2023-06-09 11:00:00,42.13,42.17,42.13,42.17,3042.0,CIEN
2023-06-09 10:59:00,42.06,42.14,42.06,42.14,4914.0,CIEN
2023-06-09 10:58:00,42.09,42.09,42.07,42.075,1939.0,CIEN
2023-06-09 10:57:00,42.15,42.15,42.1,42.1,6653.0,CIEN
2023-06-09 10:56:00,42.13,42.165,42.11,42.13,6887.0,CIEN
2023-06-09 10:55:00,42.1,42.1,42.06,42.1,3222.0,CIEN
2023-06-09 10:54:00,42.02,42.11,42.02,42.1,3515.0,CIEN
2023-06-09 10:53:00,42.11,42.11,42.02,42.02,3815.0,CIEN
2023-06-09 10:52:00,42.1,42.12,42.081,42.1,4677.0,CIEN
2023-06-09 10:51:00,42.09,42.11,42.08,42.09,2126.0,CIEN
2023-06-09 10:50:00,42.115,42.115,42.08,42.08,3975.0,CIEN
2023-06-09 10:49:00,42.225,42.225,42.1,42.1,5012.0,CIEN
2023-06-09 10:48:00,42.18,42.21,42.17,42.21,2098.0,CIEN
2023-06-09 10:47:00,42.17,42.2,42.16,42.2,2942.0,CIEN
2023-06-09 10:46:00,42.22,42.22,42.17,42.18,4587.0,CIEN
2023-06-09 10:45:00,42.27,42.27,42.2,42.2,2904.0,CIEN
2023-06-09 10:44:00,42.26,42.28,42.25,42.25,2366.0,CIEN
2023-06-09 10:43:00,42.29,42.29,42.23,42.24,3708.0,CIEN
2023-06-09 10:42:00,42.26,42.29,42.25,42.29,2465.0,CIEN
2023-06-09 10:41:00,42.32,42.32,42.278,42.28,4020.0,CIEN
2023-06-09 10:40:00,42.38,42.38,42.3,42.325,5685.0,CIEN
2023-06-09 10:39:00,42.466,42.475,42.4,42.4,8141.0,CIEN
2023-06-09 10:38:00,42.464,42.475,42.46,42.475,893.0,CIEN
2023-06-09 10:37:00,42.465,42.485,42.465,42.485,1320.0,CIEN
2023-06-09 10:36:00,42.475,42.49,42.455,42.46,5016.0,CIEN
2023-06-09 10:35:00,42.47,42.49,42.46,42.475,12039.0,CIEN
2023-06-09 10:34:00,42.44,42.485,42.44,42.485,4950.0,CIEN
2023-06-09 10:33:00,42.46,42.46,42.39,42.43,9947.0,CIEN
2023-06-09 10:32:00,42.46,42.46,42.44,42.44,6219.0,CIEN
2023-06-09 10:31:00,42.58,42.58,42.48,42.48,4073.0,CIEN
2023-06-09 10:30:00,42.58,42.6,42.575,42.58,2594.0,CIEN
2023-06-09 10:29:00,42.6,42.6,42.556,42.575,8091.0,CIEN
2023-06-09 10:28:00,42.55,42.608,42.55,42.595,3534.0,CIEN
2023-06-09 10:27:00,42.51,42.57,42.51,42.553,8006.0,CIEN
2023-06-09 10:26:00,42.46,42.52,42.46,42.5,5478.0,CIEN
2023-06-09 10:25:00,42.41,42.48,42.405,42.46,6742.0,CIEN
2023-06-09 10:24:00,42.49,42.49,42.43,42.43,7460.0,CIEN
2023-06-09 10:23:00,42.44,42.49,42.415,42.49,18869.0,CIEN
2023-06-09 10:22:00,42.405,42.44,42.395,42.44,2171.0,CIEN
2023-06-09 10:21:00,42.37,42.4,42.36,42.4,6543.0,CIEN
2023-06-09 10:20:00,42.335,42.44,42.33,42.38,12021.0,CIEN
2023-06-09 10:19:00,42.27,42.35,42.27,42.335,8250.0,CIEN
2023-06-09 10:18:00,42.24,42.265,42.22,42.26,7353.0,CIEN
2023-06-09 10:17:00,42.21,42.23,42.2,42.23,5331.0,CIEN
2023-06-09 10:16:00,42.165,42.19,42.15,42.19,3222.0,CIEN
2023-06-09 10:15:00,42.18,42.18,42.16,42.16,1752.0,CIEN
2023-06-09 10:14:00,42.19,42.2,42.185,42.19,2866.0,CIEN
2023-06-09 10:13:00,42.19,42.2,42.18,42.2,2433.0,CIEN
2023-06-09 10:12:00,42.2,42.2,42.16,42.2,4149.0,CIEN
2023-06-09 10:11:00,42.25,42.25,42.17,42.2,6662.0,CIEN
2023-06-09 10:10:00,42.245,42.27,42.24,42.24,3409.0,CIEN
2023-06-09 10:09:00,42.27,42.27,42.24,42.245,4698.0,CIEN
2023-06-09 10:08:00,42.31,42.32,42.26,42.26,2257.0,CIEN
2023-06-09 10:07:00,42.23,42.32,42.23,42.31,7421.0,CIEN
2023-06-09 10:06:00,42.24,42.27,42.21,42.215,8401.0,CIEN
2023-06-09 10:05:00,42.205,42.24,42.19,42.225,4434.0,CIEN
2023-06-09 10:04:00,42.19,42.21,42.19,42.21,3254.0,CIEN
2023-06-09 10:03:00,42.2,42.21,42.18,42.18,8992.0,CIEN
2023-06-09 10:02:00,42.175,42.23,42.175,42.23,4398.0,CIEN
2023-06-09 10:01:00,42.15,42.18,42.125,42.175,6003.0,CIEN
2023-06-09 10:00:00,42.13,42.15,42.1,42.125,5557.0,CIEN
2023-06-09 09:59:00,42.12,42.12,42.08,42.11,2064.0,CIEN
2023-06-09 09:58:00,42.235,42.31,42.18,42.18,6666.0,CIEN
2023-06-09 09:57:00,42.27,42.27,42.21,42.235,3596.0,CIEN
2023-06-09 09:56:00,42.35,42.36,42.27,42.27,3327.0,CIEN
2023-06-09 09:55:00,42.33,42.38,42.33,42.36,2025.0,CIEN
2023-06-09 09:54:00,42.26,42.35,42.26,42.316,3732.0,CIEN
2023-06-09 09:53:00,42.28,42.31,42.26,42.29,5946.0,CIEN
2023-06-09 09:52:00,42.38,42.38,42.32,42.32,3931.0,CIEN
2023-06-09 09:51:00,42.39,42.42,42.38,42.38,2370.0,CIEN
2023-06-09 09:50:00,42.43,42.44,42.38,42.38,2035.0,CIEN
2023-06-09 09:49:00,42.43,42.46,42.36,42.39,2891.0,CIEN
2023-06-09 09:48:00,42.49,42.49,42.4,42.43,5975.0,CIEN
2023-06-09 09:47:00,42.46,42.46,42.46,42.46,972.0,CIEN
2023-06-09 09:46:00,42.46,42.5,42.42,42.49,8976.0,CIEN
2023-06-09 09:45:00,42.43,42.46,42.42,42.42,6334.0,CIEN
2023-06-09 09:44:00,42.52,42.55,42.43,42.43,1661.0,CIEN
2023-06-09 09:43:00,42.58,42.58,42.52,42.55,1654.0,CIEN
2023-06-09 09:42:00,42.55,42.61,42.55,42.61,4101.0,CIEN
2023-06-09 09:41:00,42.63,42.63,42.55,42.58,6400.0,CIEN
2023-06-09 09:40:00,42.52,42.61,42.52,42.606,3526.0,CIEN
2023-06-09 09:39:00,42.52,42.52,42.52,42.52,951.0,CIEN
2023-06-09 09:38:00,42.49,42.56,42.41,42.52,3657.0,CIEN
2023-06-09 09:37:00,42.435,42.52,42.4,42.49,3472.0,CIEN
2023-06-09 09:36:00,42.629,42.63,42.39,42.39,6660.0,CIEN
2023-06-09 09:35:00,42.65,42.7,42.65,42.69,2514.0,CIEN
2023-06-09 09:34:00,42.74,42.75,42.68,42.68,1505.0,CIEN
2023-06-09 09:33:00,42.7,42.75,42.67,42.735,4984.0,CIEN
2023-06-09 09:32:00,42.66,42.72,42.66,42.72,930.0,CIEN
2023-06-09 09:31:00,42.77,42.84,42.72,42.745,2915.0,CIEN
2023-06-09 09:30:00,42.69,42.78,42.69,42.775,15979.0,CIEN
2023-06-09 09:29:00,42.47,42.47,42.47,42.47,20.0,CIEN
2023-06-09 09:08:00,42.32,42.32,42.32,42.32,46.0,CIEN
2023-06-09 08:29:00,42.53,42.53,42.53,42.53,11.0,CIEN
2023-06-09 08:25:00,42.66,42.66,42.66,42.66,1.0,CIEN
2023-06-09 08:01:00,42.321,42.322,42.321,42.322,20.0,CIEN
2023-06-09 08:00:00,42.66,42.66,42.32,42.32,50.0,CIEN
2023-06-09 07:33:00,42.54,42.54,42.54,42.54,24.0,CIEN
2023-06-08 19:31:00,42.54,42.54,42.54,42.54,5.0,CIEN
2023-06-08 19:00:00,42.53,42.53,42.53,42.53,167468.0,CIEN
2023-06-08 18:30:00,42.53,42.53,42.53,42.53,167468.0,CIEN
2023-06-08 18:21:00,42.59,42.59,42.59,42.59,1.0,CIEN
2023-06-08 18:18:00,42.44,42.44,42.44,42.44,10.0,CIEN
2023-06-08 18:14:00,42.78,42.78,42.78,42.78,8.0,CIEN
2023-06-08 17:36:00,42.45,42.46,42.44,42.44,239.0,CIEN
2023-06-08 17:21:00,42.45,42.45,42.45,42.45,43.0,CIEN
2023-06-08 17:07:00,42.44,42.44,42.44,42.44,100.0,CIEN
2023-06-08 17:00:00,42.6,42.6,42.6,42.6,42.0,CIEN
2023-06-08 16:52:00,42.53,42.53,42.53,42.53,86716.0,CIEN
2023-06-08 16:50:00,42.6,42.6,42.6,42.6,300.0,CIEN
2023-06-08 16:41:00,42.6,42.6,42.6,42.6,10.0,CIEN
2023-06-08 16:21:00,42.41,42.42,42.41,42.42,2.0,CIEN
2023-06-08 16:19:00,42.5,42.5,42.5,42.5,60.0,CIEN
2023-06-08 16:10:00,42.53,42.53,42.53,42.53,167468.0,CIEN
2023-06-08 16:06:00,42.411,42.412,42.411,42.412,1.0,CIEN
2023-06-08 16:05:00,43.5,43.5,43.5,43.5,37.0,CIEN
2023-06-08 16:02:00,42.53,42.53,42.53,42.53,35047.0,CIEN
2023-06-08 16:00:00,42.52,42.54,42.52,42.53,355640.0,CIEN
2023-06-08 15:59:00,42.515,42.55,42.505,42.52,57841.0,CIEN
2023-06-08 15:58:00,42.55,42.555,42.51,42.515,46375.0,CIEN
2023-06-08 15:57:00,42.53,42.56,42.5,42.55,39677.0,CIEN
2023-06-08 15:56:00,42.525,42.545,42.52,42.53,17616.0,CIEN
2023-06-08 15:55:00,42.54,42.575,42.52,42.53,22424.0,CIEN
2023-06-08 15:54:00,42.56,42.56,42.5,42.541,28735.0,CIEN
2023-06-08 15:53:00,42.59,42.6,42.55,42.55,15567.0,CIEN
2023-06-08 15:52:00,42.54,42.59,42.54,42.59,11983.0,CIEN
2023-06-08 15:51:00,42.62,42.625,42.52,42.53,21327.0,CIEN
2023-06-08 15:50:00,42.62,42.66,42.6,42.61,25136.0,CIEN
2023-06-08 15:49:00,42.655,42.685,42.62,42.625,13210.0,CIEN
2023-06-08 15:48:00,42.595,42.655,42.591,42.64,65701.0,CIEN
2023-06-08 15:47:00,42.61,42.625,42.565,42.6,27550.0,CIEN
2023-06-08 15:46:00,42.615,42.625,42.61,42.615,22640.0,CIEN
2023-06-08 15:45:00,42.625,42.635,42.61,42.61,13078.0,CIEN
2023-06-08 15:44:00,42.61,42.625,42.595,42.625,10463.0,CIEN
2023-06-08 15:43:00,42.595,42.63,42.595,42.615,8337.0,CIEN
2023-06-08 15:42:00,42.59,42.64,42.59,42.6,10952.0,CIEN
2023-06-08 15:41:00,42.59,42.595,42.57,42.58,9608.0,CIEN
2023-06-08 15:40:00,42.6,42.6,42.575,42.59,59738.0,CIEN
2023-06-08 15:39:00,42.61,42.61,42.56,42.6,10543.0,CIEN
2023-06-08 15:38:00,42.61,42.615,42.6,42.6,22027.0,CIEN
2023-06-08 15:37:00,42.59,42.62,42.58,42.61,31650.0,CIEN
2023-06-08 15:36:00,42.575,42.6,42.57,42.595,18700.0,CIEN
2023-06-08 15:35:00,42.57,42.575,42.56,42.575,2211.0,CIEN
2023-06-08 15:34:00,42.57,42.58,42.57,42.57,1646.0,CIEN
2023-06-08 15:33:00,42.57,42.57,42.54,42.56,7274.0,CIEN
2023-06-08 15:32:00,42.52,42.58,42.52,42.58,4083.0,CIEN
2023-06-08 15:31:00,42.56,42.57,42.52,42.52,4994.0,CIEN
2023-06-08 15:30:00,42.615,42.615,42.551,42.57,6187.0,CIEN
2023-06-08 15:29:00,42.64,42.655,42.62,42.62,8716.0,CIEN
2023-06-08 15:28:00,42.61,42.63,42.61,42.63,3825.0,CIEN
2023-06-08 15:27:00,42.595,42.61,42.595,42.61,2818.0,CIEN
2023-06-08 15:26:00,42.64,42.64,42.6,42.6,4058.0,CIEN
2023-06-08 15:25:00,42.665,42.665,42.645,42.65,4761.0,CIEN
2023-06-08 15:24:00,42.67,42.67,42.645,42.665,14484.0,CIEN
2023-06-08 15:23:00,42.66,42.67,42.655,42.67,3106.0,CIEN
2023-06-08 15:22:00,42.66,42.675,42.66,42.66,7153.0,CIEN
2023-06-08 15:21:00,42.65,42.67,42.64,42.66,6939.0,CIEN
2023-06-08 15:20:00,42.63,42.67,42.63,42.65,25942.0,CIEN
2023-06-08 15:19:00,42.65,42.655,42.62,42.63,7720.0,CIEN
2023-06-08 15:18:00,42.64,42.655,42.63,42.65,5515.0,CIEN
2023-06-08 15:17:00,42.65,42.65,42.65,42.65,2125.0,CIEN
2023-06-08 15:16:00,42.625,42.675,42.62,42.66,8369.0,CIEN
2023-06-08 15:15:00,42.61,42.63,42.6,42.63,2105.0,CIEN
2023-06-08 15:14:00,42.63,42.63,42.605,42.61,2921.0,CIEN
2023-06-08 15:13:00,42.64,42.645,42.63,42.64,3865.0,CIEN
2023-06-08 15:12:00,42.61,42.645,42.61,42.645,4988.0,CIEN
2023-06-08 15:11:00,42.6,42.61,42.59,42.59,734.0,CIEN
2023-06-08 15:10:00,42.615,42.625,42.585,42.6,6029.0,CIEN
2023-06-08 15:09:00,42.585,42.62,42.585,42.61,2891.0,CIEN
2023-06-08 15:08:00,42.59,42.59,42.59,42.59,2901.0,CIEN
2023-06-08 15:07:00,42.58,42.595,42.58,42.595,1495.0,CIEN
2023-06-08 15:06:00,42.52,42.585,42.52,42.58,5776.0,CIEN
2023-06-08 15:05:00,42.52,42.52,42.51,42.51,986.0,CIEN
2023-06-08 15:04:00,42.525,42.525,42.5,42.5,2278.0,CIEN
2023-06-08 15:03:00,42.51,42.53,42.51,42.53,4780.0,CIEN
2023-06-08 15:02:00,42.525,42.535,42.52,42.52,4209.0,CIEN
2023-06-08 15:01:00,42.58,42.58,42.52,42.52,6278.0,CIEN
2023-06-08 15:00:00,42.57,42.585,42.57,42.58,1814.0,CIEN
2023-06-08 14:59:00,42.74,42.74,42.74,42.74,558.0,CIEN
2023-06-08 14:58:00,42.71,42.74,42.705,42.745,2435.0,CIEN
2023-06-08 14:57:00,42.74,42.75,42.715,42.73,1428.0,CIEN
2023-06-08 14:56:00,42.77,42.78,42.755,42.775,4246.0,CIEN
2023-06-08 14:55:00,42.78,42.79,42.76,42.775,1937.0,CIEN
2023-06-08 14:54:00,42.75,42.785,42.755,42.79,2132.0,CIEN
2023-06-08 14:53:00,42.79,42.79,42.745,42.755,2573.0,CIEN
2023-06-08 14:52:00,42.69,42.77,42.695,42.775,1565.0,CIEN
2023-06-08 14:51:00,42.7,42.7,42.695,42.7,864.0,CIEN
2023-06-08 14:50:00,42.7,42.71,42.655,42.705,6269.0,CIEN
2023-06-08 14:49:00,42.7,42.72,42.665,42.685,3224.0,CIEN
2023-06-08 14:48:00,42.71,42.715,42.695,42.695,1491.0,CIEN
2023-06-08 14:47:00,42.72,42.725,42.725,42.73,204.0,CIEN
2023-06-08 14:46:00,42.74,42.74,42.715,42.725,3218.0,CIEN
2023-06-08 14:45:00,42.7,42.75,42.705,42.755,1436.0,CIEN
2023-06-08 14:44:00,42.7,42.7,42.655,42.695,4768.0,CIEN
2023-06-08 14:43:00,42.74,42.74,42.705,42.705,3356.0,CIEN
2023-06-08 14:42:00,42.69,42.75,42.695,42.755,2193.0,CIEN
2023-06-08 14:41:00,42.73,42.73,42.685,42.685,2629.0,CIEN
2023-06-08 14:40:00,42.76,42.77,42.715,42.735,4093.0,CIEN
2023-06-08 14:39:00,42.81,42.81,42.755,42.775,54881.0,CIEN
2023-06-08 14:38:00,42.81,42.83,42.785,42.825,10706.0,CIEN
2023-06-08 14:37:00,42.775,42.82,42.77,42.825,11320.0,CIEN
2023-06-08 14:36:00,42.78,42.805,42.78,42.785,6975.0,CIEN
2023-06-08 14:35:00,42.82,42.82,42.795,42.795,2182.0,CIEN
2023-06-08 14:34:00,42.84,42.85,42.825,42.835,3000.0,CIEN
2023-06-08 14:33:00,42.845,42.85,42.825,42.837,1833.0,CIEN
2023-06-08 14:32:00,42.868,42.868,42.845,42.845,739.0,CIEN
2023-06-08 14:31:00,42.87,42.87,42.855,42.855,3983.0,CIEN
2023-06-08 14:30:00,42.86,42.875,42.865,42.875,2583.0,CIEN
2023-06-08 14:29:00,42.84,42.87,42.845,42.875,1196.0,CIEN
2023-06-08 14:28:00,42.85,42.85,42.835,42.835,635.0,CIEN
2023-06-08 14:27:00,42.88,42.88,42.855,42.855,2296.0,CIEN
2023-06-08 14:26:00,42.88,42.88,42.886,42.886,103.0,CIEN
2023-06-08 14:25:00,42.891,42.901,42.886,42.896,2398.0,CIEN
2023-06-08 14:24:00,42.88,42.891,42.886,42.886,517.0,CIEN
2023-06-08 14:23:00,42.87,42.901,42.875,42.896,1030.0,CIEN
2023-06-08 14:22:00,42.72,42.75,42.72,42.74,2300.0,CIEN
2023-06-08 14:21:00,42.765,42.765,42.71,42.71,5512.0,CIEN
2023-06-08 14:20:00,42.79,42.79,42.77,42.77,1715.0,CIEN
2023-06-08 14:19:00,42.77,42.795,42.77,42.79,6659.0,CIEN
2023-06-08 14:18:00,42.76,42.76,42.75,42.75,419.0,CIEN
2023-06-08 14:17:00,42.77,42.775,42.755,42.77,3990.0,CIEN
2023-06-08 14:16:00,42.75,42.76,42.75,42.76,724.0,CIEN
2023-06-08 14:15:00,42.74,42.74,42.72,42.74,2517.0,CIEN
2023-06-08 14:14:00,42.74,42.76,42.74,42.75,2426.0,CIEN
2023-06-08 14:13:00,42.753,42.753,42.74,42.75,2272.0,CIEN
2023-06-08 14:12:00,42.74,42.76,42.735,42.76,1296.0,CIEN
2023-06-08 14:11:00,42.71,42.73,42.71,42.73,1224.0,CIEN
2023-06-08 14:10:00,42.73,42.73,42.7,42.71,1857.0,CIEN
2023-06-08 14:09:00,42.77,42.77,42.73,42.73,1885.0,CIEN
2023-06-08 14:08:00,42.79,42.79,42.77,42.77,694.0,CIEN
2023-06-08 14:07:00,42.8,42.81,42.78,42.78,5816.0,CIEN
2023-06-08 14:06:00,42.835,42.843,42.8,42.8,4489.0,CIEN
2023-06-08 14:05:00,42.8,42.815,42.79,42.81,27203.0,CIEN
2023-06-08 14:04:00,42.79,42.795,42.79,42.795,1167.0,CIEN
2023-06-08 14:03:00,42.77,42.79,42.77,42.785,2400.0,CIEN
2023-06-08 14:02:00,42.76,42.78,42.76,42.78,1562.0,CIEN
2023-06-08 14:01:00,42.76,42.785,42.76,42.766,1602.0,CIEN
2023-06-08 14:00:00,42.8,42.8,42.77,42.77,1416.0,CIEN
2023-06-08 13:59:00,42.8,42.81,42.79,42.79,3534.0,CIEN
2023-06-08 13:58:00,42.84,42.84,42.8,42.8,2913.0,CIEN
2023-06-08 13:57:00,42.84,42.84,42.83,42.84,3247.0,CIEN
2023-06-08 13:56:00,42.85,42.86,42.84,42.84,6400.0,CIEN
2023-06-08 13:55:00,42.78,42.83,42.78,42.83,2984.0,CIEN
2023-06-08 13:54:00,42.76,42.775,42.76,42.775,940.0,CIEN
2023-06-08 13:53:00,42.71,42.76,42.71,42.76,2071.0,CIEN
2023-06-08 13:52:00,42.71,42.72,42.705,42.71,4157.0,CIEN
2023-06-08 13:51:00,42.7,42.71,42.7,42.71,2037.0,CIEN
2023-06-08 13:50:00,42.695,42.7,42.69,42.69,1401.0,CIEN
2023-06-08 13:49:00,42.7,42.7,42.665,42.69,6763.0,CIEN
2023-06-08 13:48:00,42.71,42.71,42.695,42.695,1215.0,CIEN
2023-06-08 13:47:00,42.71,42.71,42.7,42.7,1234.0,CIEN
2023-06-08 13:46:00,42.74,42.74,42.72,42.72,3103.0,CIEN
2023-06-08 13:45:00,42.76,42.76,42.74,42.75,2346.0,CIEN
2023-06-08 13:44:00,42.8,42.8,42.77,42.77,2663.0,CIEN
2023-06-08 13:43:00,42.84,42.84,42.8,42.8,2574.0,CIEN
2023-06-08 13:42:00,42.86,42.86,42.831,42.85,2319.0,CIEN
2023-06-08 13:41:00,42.84,42.85,42.84,42.85,1246.0,CIEN
2023-06-08 13:40:00,42.83,42.84,42.83,42.84,2245.0,CIEN
2023-06-08 13:39:00,42.86,42.86,42.83,42.835,1145.0,CIEN
2023-06-08 13:38:00,42.87,42.87,42.85,42.865,1499.0,CIEN
2023-06-08 13:37:00,42.875,42.895,42.86,42.88,6604.0,CIEN
2023-06-08 13:36:00,42.86,42.88,42.86,42.875,1845.0,CIEN
2023-06-08 13:35:00,42.8,42.85,42.8,42.85,2804.0,CIEN
2023-06-08 13:34:00,42.86,42.86,42.82,42.82,2290.0,CIEN
2023-06-08 13:33:00,42.86,42.87,42.85,42.87,3815.0,CIEN
2023-06-08 13:32:00,42.86,42.87,42.86,42.87,499.0,CIEN
2023-06-08 13:30:00,42.84,42.86,42.82,42.86,1924.0,CIEN
2023-06-08 13:29:00,42.87,42.87,42.86,42.86,658.0,CIEN
2023-06-08 13:28:00,42.9,42.92,42.88,42.88,7748.0,CIEN
2023-06-08 13:27:00,42.86,42.91,42.86,42.91,28028.0,CIEN
2023-06-08 13:26:00,42.86,42.86,42.86,42.86,3351.0,CIEN
2023-06-08 13:25:00,42.825,42.87,42.825,42.87,1896.0,CIEN
2023-06-08 13:24:00,42.84,42.84,42.81,42.82,2137.0,CIEN
2023-06-08 13:23:00,42.78,42.825,42.78,42.825,2153.0,CIEN
2023-06-08 13:22:00,42.83,42.83,42.8,42.8,2233.0,CIEN
2023-06-08 13:21:00,42.85,42.86,42.85,42.86,976.0,CIEN
2023-06-08 13:20:00,42.865,42.88,42.85,42.85,5085.0,CIEN
2023-06-08 13:19:00,42.83,42.865,42.824,42.865,3277.0,CIEN
2023-06-08 13:18:00,42.83,42.83,42.83,42.83,381.0,CIEN
2023-06-08 13:17:00,42.85,42.852,42.82,42.82,3749.0,CIEN
2023-06-08 13:16:00,42.834,42.84,42.83,42.84,7830.0,CIEN
2023-06-08 13:15:00,42.84,42.86,42.835,42.835,8475.0,CIEN
2023-06-08 13:14:00,42.85,42.86,42.85,42.85,3678.0,CIEN
2023-06-08 13:13:00,42.88,42.88,42.865,42.865,1026.0,CIEN
2023-06-08 13:12:00,42.82,42.83,42.795,42.795,4578.0,CIEN
2023-06-08 13:11:00,42.82,42.85,42.8,42.83,10249.0,CIEN
2023-06-08 13:10:00,42.892,42.905,42.81,42.815,22382.0,CIEN
2023-06-08 13:09:00,42.86,42.92,42.85,42.87,18705.0,CIEN
2023-06-08 13:08:00,42.83,42.88,42.82,42.85,47191.0,CIEN
2023-06-08 13:07:00,42.76,42.83,42.75,42.81,57298.0,CIEN
2023-06-08 13:06:00,42.73,42.78,42.72,42.76,21132.0,CIEN
2023-06-08 13:05:00,42.73,42.74,42.71,42.72,5881.0,CIEN
2023-06-08 13:04:00,42.685,42.735,42.67,42.7,56967.0,CIEN
2023-06-08 13:03:00,42.66,42.7,42.65,42.675,65249.0,CIEN
2023-06-08 13:02:00,42.64,42.685,42.63,42.665,16411.0,CIEN
2023-06-08 13:01:00,42.63,42.66,42.62,42.63,63977.0,CIEN
2023-06-08 13:00:00,42.68,42.69,42.63,42.635,22297.0,CIEN
2023-06-08 12:59:00,42.7,42.72,42.69,42.7,4163.0,CIEN
2023-06-08 12:58:00,42.725,42.745,42.69,42.705,18910.0,CIEN
2023-06-08 12:57:00,42.725,42.755,42.71,42.735,12621.0,CIEN
2023-06-08 12:56:00,42.755,42.775,42.71,42.722,20281.0,CIEN
2023-06-08 12:55:00,42.745,42.785,42.74,42.77,10662.0,CIEN
2023-06-08 12:54:00,42.715,42.775,42.71,42.75,37096.0,CIEN
2023-06-08 12:53:00,42.715,42.745,42.71,42.722,3692.0,CIEN
2023-06-08 12:52:00,42.71,42.765,42.705,42.73,28549.0,CIEN
2023-06-08 12:51:00,42.715,42.735,42.69,42.7,1983.0,CIEN
2023-06-08 12:50:00,42.735,42.755,42.71,42.72,15109.0,CIEN
2023-06-08 12:49:00,42.685,42.75,42.66,42.73,54610.0,CIEN
2023-06-08 12:48:00,42.695,42.735,42.69,42.705,38227.0,CIEN
2023-06-08 12:47:00,42.695,42.725,42.67,42.7,8321.0,CIEN
2023-06-08 12:46:00,42.69,42.715,42.685,42.7,3962.0,CIEN
2023-06-08 12:45:00,42.73,42.75,42.7,42.72,9031.0,CIEN
2023-06-08 12:44:00,42.745,42.765,42.7,42.72,26712.0,CIEN
2023-06-08 12:43:00,42.735,42.755,42.71,42.74,16985.0,CIEN
2023-06-08 12:42:00,42.695,42.735,42.69,42.72,4319.0,CIEN
2023-06-08 12:41:00,42.68,42.71,42.67,42.69,3935.0,CIEN
2023-06-08 12:40:00,42.69,42.73,42.65,42.673,36241.0,CIEN
2023-06-08 12:39:00,42.7,42.72,42.665,42.665,20512.0,CIEN
2023-06-08 12:38:00,42.65,42.73,42.63,42.7,31957.0,CIEN
2023-06-08 12:37:00,42.68,42.69,42.6,42.61,27160.0,CIEN
2023-06-08 12:36:00,42.72,42.73,42.68,42.68,10668.0,CIEN
2023-06-08 12:35:00,42.72,42.73,42.7,42.71,14207.0,CIEN
2023-06-08 12:34:00,42.64,42.73,42.63,42.71,37615.0,CIEN
2023-06-08 12:33:00,42.67,42.69,42.637,42.637,8660.0,CIEN
2023-06-08 12:32:00,42.685,42.72,42.675,42.675,22234.0,CIEN
2023-06-08 12:31:00,42.71,42.72,42.68,42.68,7313.0,CIEN
2023-06-08 12:30:00,42.65,42.71,42.61,42.69,65164.0,CIEN
2023-06-08 12:29:00,42.64,42.68,42.63,42.645,12047.0,CIEN
2023-06-08 12:28:00,42.615,42.64,42.605,42.62,3801.0,CIEN
2023-06-08 12:27:00,42.6,42.63,42.59,42.605,10762.0,CIEN
2023-06-08 12:26:00,42.59,42.6,42.57,42.58,10584.0,CIEN
2023-06-08 12:25:00,42.64,42.65,42.581,42.581,10972.0,CIEN
2023-06-08 12:24:00,42.63,42.65,42.6,42.63,7380.0,CIEN
2023-06-08 12:23:00,42.64,42.67,42.62,42.62,15166.0,CIEN
2023-06-08 12:22:00,42.65,42.66,42.59,42.63,34826.0,CIEN
2023-06-08 12:21:00,42.57,42.66,42.56,42.635,16527.0,CIEN
2023-06-08 12:20:00,42.54,42.57,42.53,42.55,17161.0,CIEN
2023-06-08 12:19:00,42.52,42.555,42.51,42.53,24345.0,CIEN
2023-06-08 12:18:00,42.53,42.54,42.49,42.51,21262.0,CIEN
2023-06-08 12:17:00,42.53,42.54,42.51,42.52,3248.0,CIEN
2023-06-08 12:16:00,42.49,42.53,42.466,42.51,28776.0,CIEN
2023-06-08 12:15:00,42.46,42.48,42.451,42.461,8629.0,CIEN
2023-06-08 12:14:00,42.47,42.495,42.461,42.461,11481.0,CIEN
2023-06-08 12:13:00,42.46,42.5,42.451,42.461,12788.0,CIEN
2023-06-08 12:12:00,42.441,42.46,42.421,42.441,19651.0,CIEN
2023-06-08 12:11:00,42.455,42.465,42.446,42.446,1789.0,CIEN
2023-06-08 12:10:00,42.431,42.48,42.421,42.435,8406.0,CIEN
2023-06-08 12:09:00,42.431,42.44,42.401,42.421,8045.0,CIEN
2023-06-08 12:08:00,42.401,42.45,42.376,42.421,52800.0,CIEN
2023-06-08 12:07:00,42.361,42.4,42.281,42.381,25777.0,CIEN
2023-06-08 12:06:00,42.381,42.42,42.371,42.389,12998.0,CIEN
2023-06-08 12:05:00,42.366,42.415,42.356,42.371,13774.0,CIEN
2023-06-08 12:04:00,42.381,42.39,42.351,42.356,13377.0,CIEN
2023-06-08 12:03:00,42.361,42.381,42.351,42.361,8893.0,CIEN
2023-06-08 12:02:00,42.316,42.371,42.301,42.351,37205.0,CIEN
2023-06-08 12:01:00,42.371,42.39,42.306,42.306,23912.0,CIEN
2023-06-08 12:00:00,42.411,42.44,42.371,42.371,15969.0,CIEN
2023-06-08 11:59:00,42.49,42.5,42.401,42.401,20789.0,CIEN
2023-06-08 11:58:00,42.505,42.53,42.49,42.49,18040.0,CIEN
2023-06-08 11:57:00,42.48,42.51,42.471,42.485,13140.0,CIEN
2023-06-08 11:56:00,42.49,42.505,42.471,42.471,6354.0,CIEN
2023-06-08 11:55:00,42.47,42.49,42.441,42.466,11802.0,CIEN
2023-06-08 11:54:00,42.49,42.51,42.461,42.461,6416.0,CIEN
2023-06-08 11:53:00,42.57,42.58,42.5,42.5,13297.0,CIEN
2023-06-08 11:52:00,42.58,42.59,42.55,42.56,58418.0,CIEN
2023-06-08 11:51:00,42.55,42.595,42.54,42.56,14185.0,CIEN
2023-06-08 11:50:00,42.555,42.565,42.518,42.518,8277.0,CIEN
2023-06-08 11:49:00,42.575,42.585,42.55,42.55,7295.0,CIEN
2023-06-08 11:48:00,42.615,42.625,42.55,42.55,19428.0,CIEN
2023-06-08 11:47:00,42.62,42.63,42.571,42.605,26272.0,CIEN
2023-06-08 11:46:00,42.59,42.63,42.58,42.61,32274.0,CIEN
2023-06-08 11:45:00,42.525,42.61,42.515,42.59,16157.0,CIEN
2023-06-08 11:44:00,42.53,42.545,42.52,42.525,3998.0,CIEN
2023-06-08 11:43:00,42.54,42.56,42.525,42.53,9218.0,CIEN
2023-06-08 11:42:00,42.595,42.605,42.54,42.54,13988.0,CIEN
2023-06-08 11:41:00,42.6,42.61,42.58,42.585,6755.0,CIEN
2023-06-08 11:40:00,42.59,42.61,42.57,42.59,17121.0,CIEN
2023-06-08 11:39:00,42.56,42.59,42.53,42.57,24010.0,CIEN
2023-06-08 11:38:00,42.47,42.56,42.461,42.54,29780.0,CIEN
2023-06-08 11:37:00,42.465,42.49,42.441,42.471,16237.0,CIEN
2023-06-08 11:36:00,42.535,42.545,42.466,42.466,7612.0,CIEN
2023-06-08 11:35:00,42.6,42.61,42.5,42.5,8660.0,CIEN
2023-06-08 11:34:00,42.62,42.63,42.605,42.605,3431.0,CIEN
2023-06-08 11:33:00,42.68,42.69,42.64,42.64,9531.0,CIEN
2023-06-08 11:32:00,42.675,42.7,42.66,42.675,12186.0,CIEN
2023-06-08 11:31:00,42.68,42.72,42.67,42.67,13221.0,CIEN
2023-06-08 11:30:00,42.68,42.72,42.66,42.685,11846.0,CIEN
2023-06-08 11:29:00,42.69,42.72,42.66,42.67,19673.0,CIEN
2023-06-08 11:28:00,42.675,42.71,42.661,42.69,11855.0,CIEN
2023-06-08 11:27:00,42.68,42.715,42.665,42.665,16603.0,CIEN
2023-06-08 11:26:00,42.665,42.695,42.655,42.669,13029.0,CIEN
2023-06-08 11:25:00,42.69,42.7,42.66,42.66,8817.0,CIEN
2023-06-08 11:24:00,42.68,42.7,42.67,42.67,8741.0,CIEN
2023-06-08 11:23:00,42.66,42.7,42.65,42.68,3837.0,CIEN
2023-06-08 11:22:00,42.67,42.7,42.66,42.675,7915.0,CIEN
2023-06-08 11:21:00,42.66,42.709,42.65,42.66,29151.0,CIEN
2023-06-08 11:20:00,42.62,42.66,42.6,42.64,18142.0,CIEN
2023-06-08 11:19:00,42.595,42.605,42.585,42.585,4207.0,CIEN
2023-06-08 11:18:00,42.665,42.675,42.579,42.579,10798.0,CIEN
2023-06-08 11:17:00,42.68,42.709,42.65,42.65,16188.0,CIEN
2023-06-08 11:16:00,42.73,42.74,42.65,42.653,41903.0,CIEN
2023-06-08 11:15:00,42.728,42.76,42.718,42.72,21226.0,CIEN
2023-06-08 11:14:00,42.78,42.79,42.72,42.73,17603.0,CIEN
2023-06-08 11:13:00,42.83,42.84,42.77,42.79,18142.0,CIEN
2023-06-08 11:12:00,42.85,42.86,42.818,42.818,16063.0,CIEN
2023-06-08 11:11:00,42.83,42.86,42.82,42.84,12493.0,CIEN
2023-06-08 11:10:00,42.845,42.855,42.81,42.81,53050.0,CIEN
2023-06-08 11:09:00,42.82,42.86,42.8,42.84,28655.0,CIEN
2023-06-08 11:08:00,42.81,42.83,42.79,42.81,9816.0,CIEN
2023-06-08 11:07:00,42.79,42.835,42.78,42.8,33037.0,CIEN
2023-06-08 11:06:00,42.75,42.82,42.732,42.8,26821.0,CIEN
2023-06-08 11:05:00,42.725,42.75,42.715,42.72,9272.0,CIEN
2023-06-08 11:04:00,42.73,42.76,42.71,42.71,5849.0,CIEN
2023-06-08 11:03:00,42.72,42.76,42.71,42.73,5225.0,CIEN
2023-06-08 11:02:00,42.7,42.72,42.67,42.7,11115.0,CIEN
2023-06-08 11:01:00,42.72,42.73,42.69,42.69,6715.0,CIEN
2023-06-08 11:00:00,42.72,42.735,42.69,42.71,9999.0,CIEN
2023-06-08 10:59:00,42.73,42.74,42.685,42.71,11766.0,CIEN
2023-06-08 10:58:00,42.695,42.74,42.68,42.72,15372.0,CIEN
2023-06-08 10:57:00,42.7,42.715,42.66,42.68,16108.0,CIEN
2023-06-08 10:56:00,42.705,42.715,42.67,42.68,15046.0,CIEN
2023-06-08 10:55:00,42.665,42.715,42.655,42.695,12913.0,CIEN
2023-06-08 10:54:00,42.725,42.735,42.655,42.655,8924.0,CIEN
2023-06-08 10:53:00,42.7,42.725,42.69,42.7,12449.0,CIEN
2023-06-08 10:52:00,42.67,42.71,42.66,42.69,9263.0,CIEN
2023-06-08 10:51:00,42.69,42.71,42.64,42.64,10481.0,CIEN
2023-06-08 10:50:00,42.65,42.74,42.63,42.695,33863.0,CIEN
2023-06-08 10:49:00,42.64,42.65,42.63,42.63,1405.0,CIEN
2023-06-08 10:48:00,42.66,42.67,42.575,42.63,28437.0,CIEN
2023-06-08 10:47:00,42.67,42.68,42.66,42.66,7826.0,CIEN
2023-06-08 10:46:00,42.68,42.7,42.66,42.68,11597.0,CIEN
2023-06-08 10:45:00,42.68,42.72,42.67,42.68,15099.0,CIEN
2023-06-08 10:44:00,42.675,42.685,42.625,42.64,9709.0,CIEN
2023-06-08 10:43:00,42.6,42.67,42.57,42.65,22556.0,CIEN
2023-06-08 10:42:00,42.65,42.665,42.61,42.61,12190.0,CIEN
2023-06-08 10:41:00,42.69,42.73,42.58,42.63,81978.0,CIEN
2023-06-08 10:40:00,42.69,42.7,42.67,42.68,112030.0,CIEN
2023-06-08 10:39:00,42.67,42.71,42.65,42.68,32243.0,CIEN
2023-06-08 10:38:00,42.695,42.705,42.65,42.661,40609.0,CIEN
2023-06-08 10:37:00,42.724,42.745,42.68,42.68,14350.0,CIEN
2023-06-08 10:36:00,42.78,42.79,42.66,42.705,21502.0,CIEN
2023-06-08 10:35:00,42.72,42.79,42.71,42.77,23412.0,CIEN
2023-06-08 10:34:00,42.725,42.75,42.69,42.69,11829.0,CIEN
2023-06-08 10:33:00,42.74,42.75,42.69,42.715,41412.0,CIEN
2023-06-08 10:32:00,42.63,42.73,42.62,42.71,56967.0,CIEN
2023-06-08 10:31:00,42.57,42.625,42.56,42.605,11864.0,CIEN
2023-06-08 10:30:00,42.57,42.65,42.55,42.57,66574.0,CIEN
2023-06-08 10:29:00,42.565,42.575,42.54,42.54,24296.0,CIEN
2023-06-08 10:28:00,42.5,42.59,42.481,42.55,27067.0,CIEN
2023-06-08 10:27:00,42.53,42.57,42.461,42.461,15488.0,CIEN
2023-06-08 10:26:00,42.49,42.62,42.471,42.54,27531.0,CIEN
2023-06-08 10:25:00,42.55,42.56,42.451,42.451,34675.0,CIEN
2023-06-08 10:24:00,42.56,42.61,42.52,42.54,61256.0,CIEN
2023-06-08 10:23:00,42.45,42.56,42.441,42.54,20677.0,CIEN
2023-06-08 10:22:00,42.396,42.44,42.371,42.421,36281.0,CIEN
2023-06-08 10:21:00,42.391,42.419,42.371,42.371,23858.0,CIEN
2023-06-08 10:20:00,42.421,42.44,42.381,42.391,28820.0,CIEN
2023-06-08 10:19:00,42.341,42.42,42.331,42.381,28062.0,CIEN
2023-06-08 10:18:00,42.356,42.366,42.311,42.341,12306.0,CIEN
2023-06-08 10:17:00,42.361,42.381,42.351,42.351,10454.0,CIEN
2023-06-08 10:16:00,42.401,42.41,42.341,42.341,10561.0,CIEN
2023-06-08 10:15:00,42.421,42.477,42.376,42.391,35500.0,CIEN
2023-06-08 10:14:00,42.421,42.43,42.346,42.406,23323.0,CIEN
2023-06-08 10:13:00,42.341,42.46,42.311,42.421,29525.0,CIEN
2023-06-08 10:12:00,42.256,42.361,42.241,42.341,58583.0,CIEN
2023-06-08 10:11:00,42.231,42.271,42.221,42.241,16799.0,CIEN
2023-06-08 10:10:00,42.231,42.241,42.191,42.206,16219.0,CIEN
2023-06-08 10:09:00,42.171,42.221,42.161,42.201,45598.0,CIEN
2023-06-08 10:08:00,42.181,42.201,42.161,42.176,25567.0,CIEN
2023-06-08 10:07:00,42.176,42.201,42.156,42.171,34005.0,CIEN
2023-06-08 10:06:00,42.211,42.246,42.141,42.181,31185.0,CIEN
2023-06-08 10:05:00,42.191,42.251,42.171,42.201,72464.0,CIEN
2023-06-08 10:04:00,42.221,42.231,42.186,42.191,7121.0,CIEN
2023-06-08 10:03:00,42.211,42.246,42.176,42.211,18687.0,CIEN
2023-06-08 10:02:00,42.186,42.261,42.171,42.216,16438.0,CIEN
2023-06-08 10:01:00,42.241,42.251,42.166,42.176,42149.0,CIEN
2023-06-08 10:00:00,42.186,42.241,42.161,42.221,35433.0,CIEN
2023-06-08 09:59:00,43.209,43.23,43.199,43.209,446.0,CIEN
2023-06-08 09:58:00,43.173,43.27,43.164,43.214,565.0,CIEN
2023-06-08 09:57:00,43.036,43.158,43.0,43.143,1363.0,CIEN
2023-06-08 09:56:00,42.996,43.035,42.918,43.02,737.0,CIEN
2023-06-08 09:55:00,42.954,42.994,42.917,42.948,785.0,CIEN
2023-06-08 09:54:00,42.923,43.015,42.887,42.918,1528.0,CIEN
2023-06-08 09:53:00,43.015,43.035,42.908,42.918,4542.0,CIEN
2023-06-08 09:52:00,43.076,43.117,43.02,43.053,806.0,CIEN
2023-06-08 09:51:00,43.087,43.107,43.01,43.056,869.0,CIEN
2023-06-08 09:50:00,43.199,43.24,42.99,43.122,1614.0,CIEN
2023-06-08 09:49:00,43.163,43.209,43.153,43.194,240.0,CIEN
2023-06-08 09:48:00,43.158,43.189,43.112,43.163,565.0,CIEN
2023-06-08 09:47:00,43.245,43.281,43.133,43.174,1131.0,CIEN
2023-06-08 09:46:00,43.409,43.465,43.164,43.276,3199.0,CIEN
2023-06-08 09:45:00,43.496,43.516,43.348,43.429,1287.0,CIEN
2023-06-08 09:44:00,43.7,43.721,43.521,43.566,1383.0,CIEN
2023-06-08 09:43:00,43.547,43.669,43.542,43.654,262.0,CIEN
2023-06-08 09:42:00,43.629,43.68,43.562,43.572,527.0,CIEN
2023-06-08 09:41:00,43.506,43.629,43.481,43.613,1013.0,CIEN
2023-06-08 09:40:00,43.475,43.557,43.419,43.491,1046.0,CIEN
2023-06-08 09:39:00,43.608,43.629,43.491,43.532,1527.0,CIEN
2023-06-08 09:38:00,43.7,43.751,43.603,43.675,1184.0,CIEN
2023-06-08 09:37:00,43.813,43.864,43.695,43.716,871.0,CIEN
2023-06-08 09:36:00,43.816,43.849,43.767,43.828,466.0,CIEN
2023-06-08 09:35:00,43.884,43.992,43.767,43.777,2577.0,CIEN
2023-06-08 09:34:00,43.844,43.925,43.798,43.808,459.0,CIEN
2023-06-08 09:33:00,43.915,43.982,43.838,43.849,187.0,CIEN
2023-06-08 09:32:00,43.976,43.997,43.879,43.889,201.0,CIEN
2023-06-08 09:31:00,44.232,44.253,43.971,43.987,122.0,CIEN
2023-06-08 09:30:00,43.936,44.079,43.859,44.063,2584.0,CIEN
2023-06-08 09:22:00,44.263,44.283,44.258,44.268,5.0,CIEN
2023-06-08 09:18:00,43.219,43.23,43.209,43.209,133.0,CIEN
2023-06-08 09:15:00,42.95,42.96,42.94,42.94,446.0,CIEN
2023-06-08 09:11:00,42.96,42.97,42.95,42.95,35.0,CIEN
2023-06-08 08:59:00,42.93,42.95,42.92,42.93,499.0,CIEN
2023-06-08 08:36:00,42.87,42.89,42.85,42.86,5097.0,CIEN
2023-06-08 08:29:00,42.84,42.85,42.77,42.77,15929.0,CIEN
2023-06-08 08:28:00,42.441,42.451,42.421,42.421,2639.0,CIEN
2023-06-08 08:25:00,43.664,43.675,41.682,41.682,1759.0,CIEN
2023-06-08 08:01:00,43.368,43.378,41.399,41.399,7585.0,CIEN
2023-06-08 08:00:00,42.487,42.497,42.457,42.457,3792.0,CIEN
2023-06-08 07:04:00,43.239,43.249,43.209,43.209,75.0,CIEN
2023-06-08 07:00:00,43.389,43.409,43.379,43.389,84.0,CIEN
2023-06-08 05:35:00,43.209,43.23,43.199,43.209,13.0,CIEN
2023-06-07 19:47:00,43.05,43.06,43.04,43.04,178.0,CIEN
2023-06-07 19:11:00,43.04,43.05,43.03,43.03,602.0,CIEN
2023-06-07 19:10:00,42.87,42.88,42.86,42.86,66.0,CIEN
2023-06-07 19:06:00,43.01,43.05,43.0,43.03,446.0,CIEN
2023-06-07 19:00:00,43.219,43.23,43.209,43.209,875316.0,CIEN
2023-06-07 18:54:00,42.94,42.95,42.93,42.93,361.0,CIEN
2023-06-07 18:34:00,42.85,42.86,42.84,42.84,44.0,CIEN
2023-06-07 18:30:00,43.219,43.23,43.209,43.209,875316.0,CIEN
2023-06-07 18:02:00,42.85,42.86,42.84,42.84,593.0,CIEN
2023-06-07 17:49:00,42.88,42.89,42.85,42.85,892.0,CIEN
2023-06-07 17:46:00,42.85,42.86,42.84,42.84,111.0,CIEN
2023-06-07 17:36:00,43.04,43.05,43.03,43.03,44.0,CIEN
2023-06-07 17:34:00,42.85,42.86,42.84,42.84,4.0,CIEN
2023-06-07 17:21:00,43.04,43.05,43.03,43.03,111.0,CIEN
2023-06-07 17:19:00,42.86,42.87,42.85,42.85,223.0,CIEN
2023-06-07 17:04:00,42.851,42.861,42.841,42.841,223.0,CIEN
2023-06-07 16:34:00,42.94,42.95,42.93,42.93,4100.0,CIEN
2023-06-07 16:28:00,42.71,42.72,42.7,42.7,803.0,CIEN
2023-06-07 16:20:00,43.219,43.23,43.209,43.209,7674.0,CIEN
2023-06-07 16:18:00,42.94,42.95,42.71,42.72,2985.0,CIEN
2023-06-07 16:10:00,43.219,43.23,43.209,43.209,875316.0,CIEN
2023-06-07 16:08:00,43.09,43.1,42.93,42.93,22.0,CIEN
2023-06-07 16:00:00,43.214,43.23,43.204,43.209,1751686.0,CIEN
2023-06-07 15:59:00,43.239,43.249,43.199,43.204,279453.0,CIEN
2023-06-07 15:58:00,43.234,43.249,43.219,43.224,237786.0,CIEN
2023-06-07 15:57:00,43.204,43.249,43.194,43.224,163853.0,CIEN
2023-06-07 15:56:00,43.189,43.22,43.174,43.194,116653.0,CIEN
2023-06-07 15:55:00,43.199,43.235,43.159,43.179,125755.0,CIEN
2023-06-07 15:54:00,43.244,43.274,43.179,43.184,160913.0,CIEN
2023-06-07 15:53:00,43.214,43.259,43.204,43.234,105721.0,CIEN
2023-06-07 15:52:00,43.214,43.23,43.199,43.199,54049.0,CIEN
2023-06-07 15:51:00,43.164,43.23,43.149,43.204,104993.0,CIEN
2023-06-07 15:50:00,43.11,43.23,43.095,43.159,208813.0,CIEN
2023-06-07 15:49:00,43.08,43.12,43.065,43.095,52777.0,CIEN
2023-06-07 15:48:00,43.09,43.105,43.03,43.06,92017.0,CIEN
2023-06-07 15:47:00,43.055,43.11,43.04,43.085,127674.0,CIEN
2023-06-07 15:46:00,43.08,43.095,43.04,43.04,71559.0,CIEN
2023-06-07 15:45:00,43.12,43.162,43.07,43.07,88372.0,CIEN
2023-06-07 15:44:00,43.13,43.155,43.109,43.109,30610.0,CIEN
2023-06-07 15:43:00,43.13,43.14,43.08,43.109,65727.0,CIEN
2023-06-07 15:42:00,43.14,43.16,43.119,43.119,44465.0,CIEN
2023-06-07 15:41:00,43.13,43.17,43.119,43.134,42595.0,CIEN
2023-06-07 15:40:00,43.184,43.195,43.109,43.119,41288.0,CIEN
2023-06-07 15:39:00,43.194,43.21,43.169,43.169,25634.0,CIEN
2023-06-07 15:38:00,43.199,43.225,43.179,43.184,20195.0,CIEN
2023-06-07 15:37:00,43.249,43.259,43.169,43.179,62206.0,CIEN
2023-06-07 15:36:00,43.259,43.269,43.234,43.239,16259.0,CIEN
2023-06-07 15:35:00,43.21,43.269,43.199,43.249,59774.0,CIEN
2023-06-07 15:34:00,43.234,43.244,43.209,43.209,36076.0,CIEN
2023-06-07 15:33:00,43.294,43.304,43.219,43.224,37803.0,CIEN
2023-06-07 15:32:00,43.279,43.319,43.269,43.279,45170.0,CIEN
2023-06-07 15:31:00,43.259,43.289,43.239,43.264,48922.0,CIEN
2023-06-07 15:30:00,43.309,43.319,43.229,43.239,46187.0,CIEN
2023-06-07 15:29:00,43.294,43.329,43.284,43.299,22212.0,CIEN
2023-06-07 15:28:00,43.249,43.299,43.199,43.279,56865.0,CIEN
2023-06-07 15:27:00,43.264,43.274,43.239,43.244,15537.0,CIEN
2023-06-07 15:26:00,43.329,43.339,43.254,43.254,20195.0,CIEN
2023-06-07 15:25:00,43.384,43.409,43.339,43.347,52635.0,CIEN
2023-06-07 15:24:00,43.364,43.429,43.354,43.374,37794.0,CIEN
2023-06-07 15:23:00,43.319,43.389,43.309,43.359,27870.0,CIEN
2023-06-07 15:22:00,43.334,43.349,43.259,43.299,67302.0,CIEN
2023-06-07 15:21:00,43.339,43.354,43.32,43.324,27504.0,CIEN
2023-06-07 15:20:00,43.354,43.369,43.329,43.334,30739.0,CIEN
2023-06-07 15:19:00,43.369,43.379,43.339,43.344,35647.0,CIEN
2023-06-07 15:18:00,43.369,43.389,43.359,43.359,14341.0,CIEN
2023-06-07 15:17:00,43.359,43.384,43.349,43.359,22743.0,CIEN
2023-06-07 15:16:00,43.369,43.379,43.349,43.349,20516.0,CIEN
2023-06-07 15:15:00,43.354,43.379,43.344,43.359,22988.0,CIEN
2023-06-07 15:14:00,43.334,43.369,43.311,43.344,41051.0,CIEN
2023-06-07 15:13:00,43.334,43.344,43.311,43.324,13979.0,CIEN
2023-06-07 15:12:00,43.329,43.344,43.309,43.324,19347.0,CIEN
2023-06-07 15:11:00,43.339,43.359,43.304,43.309,57302.0,CIEN
2023-06-07 15:10:00,43.339,43.349,43.319,43.324,15876.0,CIEN
2023-06-07 15:09:00,43.334,43.349,43.324,43.329,22083.0,CIEN
2023-06-07 15:08:00,43.344,43.354,43.319,43.324,21851.0,CIEN
2023-06-07 15:07:00,43.339,43.359,43.319,43.319,53380.0,CIEN
2023-06-07 15:06:00,43.349,43.359,43.329,43.329,12114.0,CIEN
2023-06-07 15:05:00,43.319,43.379,43.309,43.343,30761.0,CIEN
2023-06-07 15:04:00,43.289,43.329,43.259,43.309,81518.0,CIEN
2023-06-07 15:03:00,43.229,43.309,43.219,43.279,42952.0,CIEN
2023-06-07 15:02:00,43.229,43.244,43.219,43.224,10124.0,CIEN
2023-06-07 15:01:00,43.219,43.259,43.209,43.229,18673.0,CIEN
2023-06-07 15:00:00,43.179,43.249,43.164,43.219,37762.0,CIEN
2023-06-07 14:59:00,43.419,43.429,43.409,43.409,4430.0,CIEN
2023-06-07 14:58:00,43.419,43.434,43.414,43.404,3091.0,CIEN
2023-06-07 14:57:00,43.389,43.434,43.384,43.419,4788.0,CIEN
2023-06-07 14:56:00,43.439,43.444,43.414,43.404,3399.0,CIEN
2023-06-07 14:55:00,43.484,43.49,43.444,43.434,3849.0,CIEN
2023-06-07 14:54:00,43.439,43.49,43.439,43.479,9676.0,CIEN
2023-06-07 14:53:00,43.449,43.454,43.444,43.439,6028.0,CIEN
2023-06-07 14:52:00,43.434,43.469,43.434,43.444,4477.0,CIEN
2023-06-07 14:51:00,43.409,43.439,43.414,43.424,3415.0,CIEN
2023-06-07 14:50:00,43.427,43.434,43.404,43.419,4928.0,CIEN
2023-06-07 14:49:00,43.459,43.464,43.414,43.404,3097.0,CIEN
2023-06-07 14:48:00,43.469,43.474,43.464,43.454,1613.0,CIEN
2023-06-07 14:47:00,43.479,43.485,43.464,43.464,4182.0,CIEN
2023-06-07 14:46:00,43.409,43.485,43.414,43.474,3743.0,CIEN
2023-06-07 14:45:00,43.434,43.439,43.404,43.404,2349.0,CIEN
2023-06-07 14:44:00,43.449,43.454,43.409,43.424,4118.0,CIEN
2023-06-07 14:43:00,43.479,43.485,43.434,43.454,4718.0,CIEN
2023-06-07 14:42:00,43.489,43.495,43.484,43.474,5354.0,CIEN
2023-06-07 14:41:00,43.55,43.555,43.494,43.484,6411.0,CIEN
2023-06-07 14:40:00,43.54,43.575,43.545,43.545,4894.0,CIEN
2023-06-07 14:39:00,43.489,43.553,43.494,43.543,2065.0,CIEN
2023-06-07 14:38:00,43.417,43.495,43.422,43.477,4845.0,CIEN
2023-06-07 14:37:00,43.479,43.495,43.424,43.424,4134.0,CIEN
2023-06-07 14:36:00,43.472,43.505,43.474,43.469,2704.0,CIEN
2023-06-07 14:35:00,43.499,43.505,43.444,43.464,4909.0,CIEN
2023-06-07 14:34:00,43.52,43.545,43.504,43.504,3001.0,CIEN
2023-06-07 14:33:00,43.56,43.57,43.514,43.514,4170.0,CIEN
2023-06-07 14:32:00,43.571,43.585,43.565,43.565,3573.0,CIEN
2023-06-07 14:31:00,43.57,43.595,43.575,43.575,3870.0,CIEN
2023-06-07 14:30:00,43.605,43.61,43.545,43.55,7167.0,CIEN
2023-06-07 14:29:00,43.601,43.606,43.605,43.595,3548.0,CIEN
2023-06-07 14:28:00,43.575,43.615,43.58,43.605,2873.0,CIEN
2023-06-07 14:27:00,43.57,43.605,43.575,43.57,5531.0,CIEN
2023-06-07 14:26:00,43.585,43.59,43.575,43.565,1392.0,CIEN
2023-06-07 14:25:00,43.655,43.66,43.605,43.595,3510.0,CIEN
2023-06-07 14:24:00,43.6,43.655,43.605,43.645,4154.0,CIEN
2023-06-07 14:23:00,43.6,43.615,43.565,43.605,4473.0,CIEN
2023-06-07 14:22:00,43.605,43.625,43.605,43.595,5514.0,CIEN
2023-06-07 14:21:00,43.665,43.67,43.61,43.6,5667.0,CIEN
2023-06-07 14:20:00,43.659,43.675,43.645,43.66,3440.0,CIEN
2023-06-07 14:19:00,43.655,43.66,43.65,43.65,4394.0,CIEN
2023-06-07 14:18:00,43.65,43.672,43.645,43.655,6905.0,CIEN
2023-06-07 14:17:00,43.7,43.705,43.665,43.655,2686.0,CIEN
2023-06-07 14:16:00,43.459,43.469,43.409,43.409,14791.0,CIEN
2023-06-07 14:15:00,43.439,43.469,43.409,43.449,49998.0,CIEN
2023-06-07 14:14:00,43.429,43.454,43.419,43.429,10195.0,CIEN
2023-06-07 14:13:00,43.419,43.444,43.404,43.424,10160.0,CIEN
2023-06-07 14:12:00,43.429,43.439,43.389,43.409,21739.0,CIEN
2023-06-07 14:11:00,43.499,43.509,43.419,43.429,13680.0,CIEN
2023-06-07 14:10:00,43.519,43.529,43.489,43.489,16219.0,CIEN
2023-06-07 14:09:00,43.494,43.524,43.479,43.504,19245.0,CIEN
2023-06-07 14:08:00,43.549,43.559,43.479,43.479,22703.0,CIEN
2023-06-07 14:07:00,43.569,43.579,43.539,43.539,14613.0,CIEN
2023-06-07 14:06:00,43.559,43.569,43.539,43.539,23287.0,CIEN
2023-06-07 14:05:00,43.509,43.587,43.494,43.567,32363.0,CIEN
2023-06-07 14:04:00,43.504,43.514,43.489,43.494,5729.0,CIEN
2023-06-07 14:03:00,43.494,43.519,43.484,43.494,20548.0,CIEN
2023-06-07 14:02:00,43.539,43.549,43.489,43.489,30221.0,CIEN
2023-06-07 14:01:00,43.554,43.564,43.529,43.534,12458.0,CIEN
2023-06-07 14:00:00,43.55,43.569,43.539,43.549,3453.0,CIEN
2023-06-07 13:59:00,43.569,43.579,43.549,43.549,10535.0,CIEN
2023-06-07 13:58:00,43.549,43.569,43.539,43.549,19526.0,CIEN
2023-06-07 13:57:00,43.569,43.579,43.539,43.539,12507.0,CIEN
2023-06-07 13:56:00,43.569,43.584,43.549,43.549,23211.0,CIEN
2023-06-07 13:55:00,43.559,43.569,43.539,43.549,5849.0,CIEN
2023-06-07 13:54:00,43.539,43.574,43.529,43.544,19945.0,CIEN
2023-06-07 13:53:00,43.539,43.554,43.524,43.524,12360.0,CIEN
2023-06-07 13:52:00,43.519,43.549,43.509,43.524,21605.0,CIEN
2023-06-07 13:51:00,43.484,43.52,43.474,43.499,22475.0,CIEN
2023-06-07 13:50:00,43.519,43.539,43.479,43.479,30043.0,CIEN
2023-06-07 13:49:00,43.519,43.534,43.509,43.509,4355.0,CIEN
2023-06-07 13:48:00,43.464,43.539,43.449,43.519,34336.0,CIEN
2023-06-07 13:47:00,43.484,43.494,43.421,43.449,21306.0,CIEN
2023-06-07 13:46:00,43.499,43.514,43.479,43.479,26603.0,CIEN
2023-06-07 13:45:00,43.499,43.519,43.489,43.489,19722.0,CIEN
2023-06-07 13:44:00,43.489,43.509,43.479,43.489,5814.0,CIEN
2023-06-07 13:43:00,43.434,43.499,43.424,43.479,20302.0,CIEN
2023-06-07 13:42:00,43.394,43.439,43.374,43.419,34121.0,CIEN
2023-06-07 13:41:00,43.404,43.419,43.389,43.389,8576.0,CIEN
2023-06-07 13:40:00,43.409,43.419,43.379,43.389,25469.0,CIEN
2023-06-07 13:39:00,43.439,43.449,43.389,43.399,38566.0,CIEN
2023-06-07 13:38:00,43.524,43.534,43.424,43.429,34576.0,CIEN
2023-06-07 13:37:00,43.599,43.609,43.509,43.509,20668.0,CIEN
2023-06-07 13:36:00,43.579,43.614,43.569,43.594,9816.0,CIEN
2023-06-07 13:35:00,43.579,43.604,43.559,43.559,29186.0,CIEN
2023-06-07 13:34:00,43.589,43.609,43.574,43.579,18111.0,CIEN
2023-06-07 13:33:00,43.589,43.609,43.579,43.581,10802.0,CIEN
2023-06-07 13:32:00,43.589,43.609,43.569,43.579,37472.0,CIEN
2023-06-07 13:31:00,43.609,43.619,43.544,43.579,18834.0,CIEN
2023-06-07 13:30:00,43.619,43.629,43.579,43.599,11695.0,CIEN
2023-06-07 13:29:00,43.649,43.659,43.619,43.619,23403.0,CIEN
2023-06-07 13:28:00,43.639,43.669,43.629,43.639,22448.0,CIEN
2023-06-07 13:27:00,43.609,43.659,43.599,43.639,20565.0,CIEN
2023-06-07 13:26:00,43.589,43.609,43.579,43.589,4051.0,CIEN
2023-06-07 13:25:00,43.569,43.599,43.554,43.571,8643.0,CIEN
2023-06-07 13:24:00,43.594,43.604,43.559,43.569,21659.0,CIEN
2023-06-07 13:23:00,43.599,43.614,43.579,43.579,10847.0,CIEN
2023-06-07 13:22:00,43.589,43.609,43.579,43.589,23176.0,CIEN
2023-06-07 13:21:00,43.589,43.609,43.569,43.569,12699.0,CIEN
2023-06-07 13:20:00,43.539,43.599,43.529,43.569,10633.0,CIEN
2023-06-07 13:19:00,43.559,43.589,43.529,43.529,30802.0,CIEN
2023-06-07 13:18:00,43.554,43.589,43.529,43.559,12592.0,CIEN
2023-06-07 13:17:00,43.639,43.649,43.569,43.579,14542.0,CIEN
2023-06-07 13:16:00,43.559,43.648,43.549,43.627,17094.0,CIEN
2023-06-07 13:15:00,43.549,43.559,43.529,43.539,2900.0,CIEN
2023-06-07 13:14:00,43.549,43.599,43.539,43.579,32872.0,CIEN
2023-06-07 13:13:00,43.494,43.544,43.504,43.544,12104.0,CIEN
2023-06-07 13:12:00,43.524,43.539,43.504,43.504,6417.0,CIEN
2023-06-07 13:11:00,43.519,43.544,43.524,43.534,11097.0,CIEN
2023-06-07 13:10:00,43.509,43.529,43.514,43.529,3429.0,CIEN
2023-06-07 13:09:00,43.479,43.514,43.489,43.514,5180.0,CIEN
2023-06-07 13:08:00,43.494,43.504,43.494,43.494,6404.0,CIEN
2023-06-07 13:07:00,43.529,43.539,43.519,43.519,30922.0,CIEN
2023-06-07 13:06:00,43.509,43.539,43.504,43.529,26742.0,CIEN
2023-06-07 13:05:00,43.509,43.529,43.499,43.519,20554.0,CIEN
2023-06-07 13:04:00,43.529,43.559,43.489,43.509,42060.0,CIEN
2023-06-07 13:03:00,43.53,43.554,43.529,43.539,24195.0,CIEN
2023-06-07 13:02:00,43.549,43.579,43.539,43.539,43084.0,CIEN
2023-06-07 13:01:00,43.479,43.539,43.479,43.529,26060.0,CIEN
2023-06-07 13:00:00,43.489,43.509,43.479,43.479,54365.0,CIEN
2023-06-07 12:59:00,43.499,43.509,43.494,43.499,20879.0,CIEN
2023-06-07 12:58:00,43.509,43.524,43.499,43.499,36904.0,CIEN
2023-06-07 12:57:00,43.509,43.529,43.509,43.509,12367.0,CIEN
2023-06-07 12:56:00,43.529,43.539,43.519,43.519,10392.0,CIEN
2023-06-07 12:55:00,43.479,43.559,43.479,43.549,37816.0,CIEN
2023-06-07 12:54:00,43.509,43.519,43.469,43.479,29026.0,CIEN
2023-06-07 12:53:00,43.539,43.549,43.499,43.509,26131.0,CIEN
2023-06-07 12:52:00,43.554,43.564,43.534,43.549,57276.0,CIEN
2023-06-07 12:51:00,43.534,43.559,43.534,43.544,17325.0,CIEN
2023-06-07 12:50:00,43.549,43.559,43.529,43.539,19943.0,CIEN
2023-06-07 12:49:00,43.559,43.579,43.554,43.559,34246.0,CIEN
2023-06-07 12:48:00,43.609,43.619,43.519,43.559,34151.0,CIEN
2023-06-07 12:47:00,43.599,43.629,43.599,43.614,23561.0,CIEN
2023-06-07 12:46:00,43.639,43.649,43.599,43.609,27107.0,CIEN
2023-06-07 12:45:00,43.609,43.649,43.609,43.639,22474.0,CIEN
2023-06-07 12:44:00,43.624,43.639,43.609,43.609,44599.0,CIEN
2023-06-07 12:43:00,43.614,43.64,43.614,43.629,46582.0,CIEN
2023-06-07 12:42:00,43.609,43.629,43.599,43.619,57236.0,CIEN
2023-06-07 12:41:00,43.599,43.632,43.599,43.599,42703.0,CIEN
2023-06-07 12:39:00,43.519,43.594,43.519,43.584,21784.0,CIEN
2023-06-07 12:38:00,43.579,43.619,43.539,43.539,77378.0,CIEN
2023-06-07 12:37:00,43.499,43.599,43.499,43.589,52754.0,CIEN
2023-06-07 12:36:00,43.469,43.499,43.469,43.484,30050.0,CIEN
2023-06-07 12:35:00,43.464,43.489,43.437,43.469,43845.0,CIEN
2023-06-07 12:34:00,43.489,43.499,43.459,43.459,55800.0,CIEN
2023-06-07 12:33:00,43.499,43.509,43.499,43.499,10193.0,CIEN
2023-06-07 12:32:00,43.459,43.535,43.459,43.499,26567.0,CIEN
2023-06-07 12:31:00,43.439,43.459,43.419,43.439,63932.0,CIEN
2023-06-07 12:30:00,43.399,43.469,43.399,43.457,39585.0,CIEN
2023-06-07 12:29:00,43.393,43.403,43.369,43.369,2840.0,CIEN
2023-06-07 12:28:00,43.299,43.404,43.299,43.369,73816.0,CIEN
2023-06-07 12:27:00,43.329,43.339,43.269,43.284,74816.0,CIEN
2023-06-07 12:26:00,43.359,43.374,43.319,43.344,25314.0,CIEN
2023-06-07 12:25:00,43.449,43.459,43.349,43.364,46122.0,CIEN
2023-06-07 12:24:00,43.499,43.529,43.469,43.469,37047.0,CIEN
2023-06-07 12:23:00,43.579,43.589,43.499,43.524,51985.0,CIEN
2023-06-07 12:22:00,43.644,43.654,43.599,43.599,46138.0,CIEN
2023-06-07 12:21:00,43.629,43.667,43.629,43.634,33993.0,CIEN
2023-06-07 12:20:00,43.619,43.639,43.619,43.629,9836.0,CIEN
2023-06-07 12:19:00,43.509,43.639,43.509,43.614,103335.0,CIEN
2023-06-07 12:18:00,43.419,43.509,43.409,43.499,45694.0,CIEN
2023-06-07 12:17:00,43.459,43.469,43.414,43.419,20768.0,CIEN
2023-06-07 12:16:00,43.484,43.519,43.469,43.47,64162.0,CIEN
2023-06-07 12:15:00,43.359,43.499,43.359,43.489,70937.0,CIEN
2023-06-07 12:14:00,43.369,43.379,43.349,43.359,31184.0,CIEN
2023-06-07 12:13:00,43.379,43.389,43.299,43.359,151195.0,CIEN
2023-06-07 12:12:00,43.409,43.419,43.384,43.384,25576.0,CIEN
2023-06-07 12:11:00,43.439,43.449,43.419,43.429,45837.0,CIEN
2023-06-07 12:10:00,43.433,43.449,43.399,43.429,34357.0,CIEN
2023-06-07 12:09:00,43.474,43.489,43.439,43.439,55681.0,CIEN
2023-06-07 12:08:00,43.499,43.509,43.479,43.479,27710.0,CIEN
2023-06-07 12:07:00,43.529,43.549,43.489,43.494,48867.0,CIEN
2023-06-07 12:06:00,43.579,43.599,43.544,43.544,38261.0,CIEN
2023-06-07 12:05:00,43.664,43.689,43.599,43.599,58474.0,CIEN
2023-06-07 12:04:00,43.569,43.689,43.569,43.664,82210.0,CIEN
2023-06-07 12:03:00,43.639,43.649,43.584,43.584,37443.0,CIEN
2023-06-07 12:02:00,43.659,43.669,43.645,43.645,6576.0,CIEN
2023-06-07 12:01:00,43.634,43.669,43.634,43.659,50128.0,CIEN
2023-06-07 12:00:00,43.679,43.689,43.599,43.629,104478.0,CIEN
2023-06-07 11:59:00,43.724,43.745,43.679,43.679,30320.0,CIEN
2023-06-07 11:58:00,43.689,43.739,43.688,43.723,38729.0,CIEN
2023-06-07 11:57:00,43.699,43.719,43.688,43.708,47748.0,CIEN
2023-06-07 11:56:00,43.808,43.819,43.688,43.688,59569.0,CIEN
2023-06-07 11:55:00,43.813,43.829,43.803,43.818,69969.0,CIEN
2023-06-07 11:54:00,43.838,43.848,43.803,43.813,27115.0,CIEN
2023-06-07 11:53:00,43.818,43.849,43.818,43.838,36134.0,CIEN
2023-06-07 11:52:00,43.868,43.879,43.828,43.838,39665.0,CIEN
2023-06-07 11:51:00,43.828,43.869,43.808,43.858,36365.0,CIEN
2023-06-07 11:50:00,43.858,43.869,43.817,43.828,78687.0,CIEN
2023-06-07 11:49:00,43.888,43.899,43.858,43.858,19356.0,CIEN
2023-06-07 11:48:00,43.908,43.924,43.868,43.888,61528.0,CIEN
2023-06-07 11:47:00,43.883,43.914,43.883,43.898,35873.0,CIEN
2023-06-07 11:46:00,43.819,43.889,43.819,43.878,60084.0,CIEN
2023-06-07 11:45:00,43.818,43.829,43.808,43.818,35286.0,CIEN
2023-06-07 11:44:00,43.828,43.849,43.803,43.818,71801.0,CIEN
2023-06-07 11:43:00,43.838,43.849,43.818,43.818,35976.0,CIEN
2023-06-07 11:42:00,43.888,43.899,43.848,43.848,30883.0,CIEN
2023-06-07 11:41:00,43.878,43.889,43.878,43.878,840.0,CIEN
2023-06-07 11:40:00,43.888,43.909,43.888,43.888,28416.0,CIEN
2023-06-07 11:39:00,43.888,43.909,43.883,43.898,25457.0,CIEN
2023-06-07 11:38:00,43.848,43.889,43.848,43.878,50739.0,CIEN
2023-06-07 11:37:00,43.858,43.879,43.848,43.858,46154.0,CIEN
2023-06-07 11:36:00,43.888,43.899,43.868,43.868,97576.0,CIEN
2023-06-07 11:35:00,43.798,43.899,43.778,43.878,92776.0,CIEN
2023-06-07 11:34:00,43.808,43.819,43.798,43.798,24322.0,CIEN
2023-06-07 11:33:00,43.774,43.819,43.773,43.808,46035.0,CIEN
2023-06-07 11:32:00,43.724,43.794,43.723,43.778,33548.0,CIEN
2023-06-07 11:31:00,43.734,43.749,43.714,43.714,17254.0,CIEN
2023-06-07 11:30:00,43.719,43.749,43.674,43.728,77807.0,CIEN
2023-06-07 11:29:00,43.739,43.749,43.728,43.728,7171.0,CIEN
2023-06-07 11:28:00,43.689,43.749,43.684,43.728,46384.0,CIEN
2023-06-07 11:27:00,43.669,43.699,43.659,43.679,34865.0,CIEN
2023-06-07 11:26:00,43.659,43.674,43.659,43.664,8520.0,CIEN
2023-06-07 11:25:00,43.659,43.679,43.629,43.649,57903.0,CIEN
2023-06-07 11:24:00,43.649,43.674,43.634,43.664,24465.0,CIEN
2023-06-07 11:23:00,43.629,43.649,43.629,43.634,6394.0,CIEN
2023-06-07 11:22:00,43.659,43.679,43.604,43.634,61972.0,CIEN
2023-06-07 11:21:00,43.589,43.669,43.589,43.659,22720.0,CIEN
2023-06-07 11:20:00,43.589,43.599,43.549,43.589,53579.0,CIEN
2023-06-07 11:19:00,43.609,43.649,43.609,43.609,9170.0,CIEN
2023-06-07 11:18:00,43.604,43.677,43.579,43.639,61909.0,CIEN
2023-06-07 11:17:00,43.624,43.644,43.589,43.604,43306.0,CIEN
2023-06-07 11:16:00,43.539,43.639,43.539,43.624,71151.0,CIEN
2023-06-07 11:15:00,43.499,43.539,43.479,43.529,68001.0,CIEN
2023-06-07 11:14:00,43.395,43.519,43.379,43.499,77497.0,CIEN
2023-06-07 11:13:00,43.605,43.616,43.379,43.379,96957.0,CIEN
2023-06-07 11:12:00,43.599,43.627,43.589,43.599,9551.0,CIEN
2023-06-07 11:11:00,43.594,43.619,43.579,43.599,44797.0,CIEN
2023-06-07 11:10:00,43.544,43.616,43.544,43.594,100241.0,CIEN
2023-06-07 11:09:00,43.604,43.614,43.529,43.552,29685.0,CIEN
2023-06-07 11:08:00,43.599,43.619,43.589,43.604,40077.0,CIEN
2023-06-07 11:07:00,43.694,43.704,43.599,43.604,59228.0,CIEN
2023-06-07 11:06:00,43.694,43.704,43.679,43.688,26409.0,CIEN
2023-06-07 11:05:00,43.589,43.709,43.589,43.689,85954.0,CIEN
2023-06-07 11:04:00,43.589,43.635,43.589,43.589,57109.0,CIEN
2023-06-07 11:03:00,43.619,43.629,43.569,43.609,50255.0,CIEN
2023-06-07 11:02:00,43.649,43.689,43.639,43.639,52484.0,CIEN
2023-06-07 11:01:00,43.664,43.729,43.656,43.664,59632.0,CIEN
2023-06-07 11:00:00,43.704,43.714,43.664,43.664,21839.0,CIEN
2023-06-07 10:59:00,43.664,43.719,43.664,43.703,19999.0,CIEN
2023-06-07 10:58:00,43.681,43.699,43.659,43.679,39403.0,CIEN
2023-06-07 10:57:00,43.739,43.759,43.688,43.723,86398.0,CIEN
2023-06-07 10:56:00,43.719,43.749,43.669,43.738,70143.0,CIEN
2023-06-07 10:55:00,43.699,43.759,43.688,43.727,74975.0,CIEN
2023-06-07 10:54:00,43.719,43.729,43.669,43.688,68097.0,CIEN
2023-06-07 10:53:00,43.669,43.734,43.649,43.723,82725.0,CIEN
2023-06-07 10:52:00,43.759,43.769,43.664,43.679,58331.0,CIEN
2023-06-07 10:51:00,43.729,43.769,43.718,43.748,37467.0,CIEN
2023-06-07 10:50:00,43.729,43.739,43.669,43.713,56903.0,CIEN
2023-06-07 10:49:00,43.798,43.869,43.736,43.736,79988.0,CIEN
2023-06-07 10:48:00,43.838,43.849,43.783,43.798,55420.0,CIEN
2023-06-07 10:47:00,43.818,43.869,43.798,43.858,55578.0,CIEN
2023-06-07 10:46:00,43.858,43.879,43.808,43.818,64884.0,CIEN
2023-06-07 10:45:00,43.838,43.879,43.827,43.836,38618.0,CIEN
2023-06-07 10:44:00,43.749,43.899,43.748,43.878,88128.0,CIEN
2023-06-07 10:43:00,43.803,43.859,43.763,43.798,96917.0,CIEN
2023-06-07 10:42:00,43.779,43.849,43.778,43.808,74657.0,CIEN
2023-06-07 10:41:00,43.794,43.849,43.788,43.793,67272.0,CIEN
2023-06-07 10:40:00,43.858,43.871,43.788,43.798,53651.0,CIEN
2023-06-07 10:39:00,43.669,43.849,43.649,43.838,63860.0,CIEN
2023-06-07 10:38:00,43.684,43.709,43.659,43.669,46019.0,CIEN
2023-06-07 10:37:00,43.735,43.746,43.659,43.688,68287.0,CIEN
2023-06-07 10:36:00,43.858,43.869,43.728,43.728,99662.0,CIEN
2023-06-07 10:35:00,43.868,43.958,43.848,43.888,118725.0,CIEN
2023-06-07 10:34:00,43.898,43.929,43.858,43.858,143199.0,CIEN
2023-06-07 10:33:00,43.918,43.958,43.858,43.908,210011.0,CIEN
2023-06-07 10:32:00,43.968,43.988,43.918,43.918,58775.0,CIEN
2023-06-07 10:31:00,43.958,43.998,43.958,43.988,51001.0,CIEN
2023-06-07 10:30:00,43.918,43.958,43.898,43.933,51326.0,CIEN
2023-06-07 10:29:00,43.888,43.953,43.868,43.943,72991.0,CIEN
2023-06-07 10:28:00,44.008,44.018,43.873,43.873,116782.0,CIEN
2023-06-07 10:27:00,44.058,44.07,43.978,43.993,42179.0,CIEN
2023-06-07 10:26:00,43.828,44.108,43.828,44.088,90158.0,CIEN
2023-06-07 10:25:00,43.798,43.836,43.748,43.818,132021.0,CIEN
2023-06-07 10:24:00,43.798,43.839,43.748,43.793,91380.0,CIEN
2023-06-07 10:23:00,43.798,43.839,43.718,43.777,97195.0,CIEN
2023-06-07 10:22:00,43.823,43.834,43.77,43.808,56784.0,CIEN
2023-06-07 10:21:00,43.78,43.88,43.779,43.818,75895.0,CIEN
2023-06-07 10:20:00,43.803,43.844,43.748,43.798,63908.0,CIEN
2023-06-07 10:19:00,43.843,43.869,43.808,43.808,84383.0,CIEN
2023-06-07 10:18:00,43.798,43.909,43.798,43.848,73769.0,CIEN
2023-06-07 10:17:00,43.798,43.839,43.748,43.828,105898.0,CIEN
2023-06-07 10:16:00,43.818,43.849,43.748,43.798,84288.0,CIEN
2023-06-07 10:15:00,43.908,43.919,43.748,43.788,54150.0,CIEN
2023-06-07 10:14:00,43.923,43.934,43.888,43.908,33786.0,CIEN
2023-06-07 10:13:00,44.118,44.128,43.918,43.923,85748.0,CIEN
2023-06-07 10:12:00,44.058,44.138,43.998,44.126,114648.0,CIEN
2023-06-07 10:11:00,44.068,44.096,44.008,44.038,97774.0,CIEN
2023-06-07 10:10:00,44.093,44.108,44.018,44.068,55324.0,CIEN
2023-06-07 10:09:00,43.868,44.128,43.818,44.094,163698.0,CIEN
2023-06-07 10:08:00,43.908,43.929,43.818,43.858,39871.0,CIEN
2023-06-07 10:07:00,43.838,43.988,43.808,43.923,105199.0,CIEN
2023-06-07 10:06:00,43.878,43.889,43.718,43.847,143088.0,CIEN
2023-06-07 10:05:00,43.878,43.889,43.718,43.843,603291.0,CIEN
2023-06-07 10:04:00,43.968,43.998,43.848,43.873,165649.0,CIEN
2023-06-07 10:03:00,43.828,44.018,43.808,43.968,238062.0,CIEN
2023-06-07 10:02:00,43.66,43.908,43.659,43.884,132259.0,CIEN
2023-06-07 10:01:00,43.669,43.779,43.629,43.688,109880.0,CIEN
2023-06-07 10:00:00,43.739,43.919,43.669,43.669,124397.0,CIEN
2023-06-07 09:59:00,42.501,42.511,42.501,42.501,396.0,CIEN
2023-06-07 09:58:00,42.355,42.569,42.558,42.627,616.0,CIEN
2023-06-07 09:57:00,42.197,42.366,42.385,42.49,151.0,CIEN
2023-06-07 09:56:00,42.346,42.424,42.384,42.394,1202.0,CIEN
2023-06-07 09:55:00,42.206,42.463,42.409,42.559,303.0,CIEN
2023-06-07 09:54:00,42.202,42.24,42.345,42.423,93.0,CIEN
2023-06-07 09:53:00,42.091,42.269,42.288,42.413,199.0,CIEN
2023-06-07 09:52:00,41.965,42.163,42.166,42.287,390.0,CIEN
2023-06-07 09:51:00,41.902,42.018,42.093,42.176,319.0,CIEN
2023-06-07 09:50:00,41.719,41.931,41.919,42.084,632.0,CIEN
2023-06-07 09:49:00,41.603,41.767,41.788,41.948,587.0,CIEN
2023-06-07 09:48:00,41.59,41.709,41.79,41.793,141.0,CIEN
2023-06-07 09:47:00,41.588,41.622,41.695,41.744,106.0,CIEN
2023-06-07 09:46:00,41.627,41.661,41.763,41.754,331.0,CIEN
2023-06-07 09:45:00,41.675,41.688,41.783,41.836,579.0,CIEN
2023-06-07 09:44:00,41.41,41.689,41.579,41.841,841.0,CIEN
2023-06-07 09:43:00,41.439,41.465,41.56,41.637,137.0,CIEN
2023-06-07 09:42:00,41.477,41.555,41.608,41.603,77.0,CIEN
2023-06-07 09:41:00,41.506,41.516,41.637,41.657,81.0,CIEN
2023-06-07 09:40:00,41.574,41.593,41.647,41.637,215.0,CIEN
2023-06-07 09:39:00,41.622,41.729,41.763,41.754,217.0,CIEN
2023-06-07 09:38:00,41.574,41.632,41.724,41.768,128.0,CIEN
2023-06-07 09:37:00,41.699,41.717,41.725,41.802,101.0,CIEN
2023-06-07 09:36:00,41.516,41.748,41.715,41.919,349.0,CIEN
2023-06-07 09:35:00,41.448,41.584,41.579,41.754,289.0,CIEN
2023-06-07 09:34:00,41.371,41.535,41.462,41.713,281.0,CIEN
2023-06-07 09:33:00,41.217,41.381,41.414,41.556,195.0,CIEN
2023-06-07 09:32:00,41.188,41.253,41.356,41.356,164.0,CIEN
2023-06-07 09:31:00,41.294,41.304,41.356,41.375,139.0,CIEN
2023-06-07 09:30:00,41.081,41.304,41.21,41.482,907.0,CIEN
2023-06-07 09:29:00,41.125,41.134,41.268,41.259,9.0,CIEN
2023-06-07 09:28:00,41.154,41.192,41.297,41.317,116.0,CIEN
2023-06-07 09:27:00,41.173,41.212,41.365,41.385,363.0,CIEN
2023-06-07 09:25:00,41.226,41.265,41.424,41.443,1.0,CIEN
2023-06-07 09:23:00,41.27,41.279,41.462,41.453,0.0,CIEN
2023-06-07 09:22:00,41.342,41.352,41.472,41.463,0.0,CIEN
2023-06-07 09:21:00,41.333,41.352,41.463,41.463,6.0,CIEN
2023-06-07 09:20:00,41.42,41.43,41.55,41.541,4.0,CIEN
2023-06-07 09:17:00,41.42,41.43,41.618,41.609,0.0,CIEN
2023-06-07 09:16:00,41.42,41.43,41.618,41.609,1.0,CIEN
2023-06-07 09:15:00,41.352,41.43,41.55,41.609,5.0,CIEN
2023-06-07 09:14:00,42.591,42.671,42.591,42.66,14374.0,CIEN
2023-06-07 09:13:00,42.581,42.601,42.581,42.59,5719.0,CIEN
2023-06-07 09:12:00,42.561,42.591,42.561,42.581,4045.0,CIEN
2023-06-07 09:09:00,42.561,42.571,42.561,42.561,7.0,CIEN
2023-06-07 09:03:00,42.511,42.591,42.511,42.581,8567.0,CIEN
2023-06-07 09:02:00,42.491,42.501,42.491,42.491,1189.0,CIEN
2023-06-07 09:01:00,42.511,42.521,42.511,42.511,2800.0,CIEN
2023-06-07 08:59:00,42.571,42.581,42.571,42.571,9456.0,CIEN
2023-06-07 08:58:00,42.589,42.599,42.589,42.589,94561.0,CIEN
2023-06-07 08:57:00,42.659,42.669,42.659,42.659,94561.0,CIEN
2023-06-07 08:54:00,42.659,42.669,42.659,42.659,945617.0,CIEN
2023-06-07 08:51:00,42.659,42.669,42.659,42.659,945.0,CIEN
2023-06-07 08:50:00,42.654,42.669,42.649,42.659,1568779.0,CIEN
2023-06-07 08:46:00,42.659,42.709,42.659,42.699,66193.0,CIEN
2023-06-07 08:43:00,42.709,42.85,42.709,42.839,5553.0,CIEN
2023-06-07 08:41:00,42.92,43.02,42.699,42.789,8488.0,CIEN
2023-06-07 08:38:00,42.92,43.02,42.749,42.839,19832.0,CIEN
2023-06-07 08:36:00,42.789,42.799,42.619,42.619,34707.0,CIEN
2023-06-07 08:31:00,42.819,42.829,42.819,42.819,694.0,CIEN
2023-06-07 08:28:00,42.61,42.629,42.559,42.559,9301.0,CIEN
2023-06-07 08:27:00,42.561,42.571,42.561,42.561,1388.0,CIEN
2023-06-07 08:26:00,42.56,42.58,42.559,42.561,96207.0,CIEN
2023-06-07 08:24:00,42.52,42.54,42.519,42.519,54837.0,CIEN
2023-06-07 08:23:00,42.49,42.53,42.489,42.519,97179.0,CIEN
2023-06-07 08:22:00,42.52,42.53,42.489,42.489,22212.0,CIEN
2023-06-07 08:21:00,42.51,42.52,42.509,42.509,6247.0,CIEN
2023-06-07 08:20:00,42.49,42.5,42.489,42.489,138.0,CIEN
2023-06-07 08:19:00,42.51,42.53,42.509,42.519,29570.0,CIEN
2023-06-07 08:18:00,42.52,42.53,42.519,42.519,6802.0,CIEN
2023-06-07 08:17:00,42.52,42.53,42.519,42.519,1388.0,CIEN
2023-06-07 08:15:00,42.53,42.54,42.529,42.529,5414.0,CIEN
2023-06-07 08:14:00,42.49,42.5,42.489,42.489,2776.0,CIEN
2023-06-07 08:11:00,42.53,42.539,42.529,42.529,2078.0,CIEN
2023-06-07 08:10:00,42.53,42.539,42.529,42.529,793.0,CIEN
2023-06-07 08:09:00,42.52,42.539,42.519,42.529,4045.0,CIEN
2023-06-07 08:06:00,42.491,42.501,42.491,42.491,158.0,CIEN
2023-06-07 08:03:00,42.311,42.321,42.311,42.311,7.0,CIEN
2023-06-07 08:01:00,42.459,42.469,42.452,42.452,182.0,CIEN
2023-06-07 08:00:00,42.471,42.83,42.451,42.82,11399.0,CIEN
2023-06-07 07:58:00,42.521,42.531,42.521,42.521,198.0,CIEN
2023-06-07 07:56:00,42.521,42.531,42.521,42.521,285.0,CIEN
2023-06-07 07:54:00,42.511,42.521,42.511,42.511,2102.0,CIEN
2023-06-07 07:53:00,42.491,42.501,42.491,42.491,1586.0,CIEN
2023-06-07 07:46:00,42.491,42.501,42.511,42.511,5219.0,CIEN
2023-06-07 07:43:00,42.491,42.501,42.511,42.511,125.0,CIEN
2023-06-07 07:42:00,42.531,42.541,42.541,42.541,70.0,CIEN
2023-06-07 07:41:00,42.531,42.541,42.541,42.541,73.0,CIEN
2023-06-07 07:40:00,42.531,42.541,42.551,42.551,62.0,CIEN
2023-06-07 07:39:00,42.531,42.541,42.551,42.551,147.0,CIEN
2023-06-07 07:37:00,42.531,42.541,42.551,42.551,15.0,CIEN
2023-06-07 07:34:00,42.531,42.541,42.551,42.551,26.0,CIEN
2023-06-07 07:32:00,42.611,42.631,42.551,42.641,281.0,CIEN
2023-06-07 07:30:00,42.571,42.591,42.511,42.6,90.0,CIEN
2023-06-07 07:22:00,42.461,42.591,42.481,42.6,10.0,CIEN
2023-06-07 07:21:00,42.501,42.631,42.521,42.641,1.0,CIEN
2023-06-07 07:19:00,42.471,42.601,42.491,42.61,2.0,CIEN
2023-06-07 07:15:00,42.431,42.561,42.451,42.57,250.0,CIEN
2023-06-07 07:10:00,42.391,42.75,42.411,42.62,10605.0,CIEN
2023-06-07 07:05:00,42.401,42.411,42.421,42.421,1753.0,CIEN
2023-06-07 07:00:00,42.401,42.411,42.421,42.421,78.0,CIEN
2023-06-07 06:57:00,42.471,42.481,42.471,42.471,333.0,CIEN
2023-06-07 06:55:00,42.461,42.471,42.461,42.461,4577.0,CIEN
2023-06-07 05:19:00,42.451,42.461,42.451,42.451,555.0,CIEN
2023-06-07 05:04:00,42.451,42.461,42.451,42.451,1650.0,CIEN
2023-06-07 05:00:00,42.461,42.471,42.461,42.461,396.0,CIEN
2023-06-07 04:38:00,42.456,42.471,42.456,42.461,991.0,CIEN
2023-06-07 04:29:00,42.451,42.461,42.451,42.451,39.0,CIEN
2023-06-07 04:18:00,42.461,42.471,42.461,42.461,1388.0,CIEN
2023-06-06 19:59:00,42.531,42.561,42.451,42.451,3078.0,CIEN
2023-06-06 19:57:00,42.521,42.531,42.481,42.521,2744.0,CIEN
2023-06-06 19:56:00,42.521,42.531,42.521,42.521,198.0,CIEN
2023-06-06 19:55:00,42.441,42.451,42.441,42.441,737.0,CIEN
2023-06-06 19:54:00,42.441,42.451,42.441,42.441,936.0,CIEN
2023-06-06 19:51:00,42.451,42.461,42.451,42.451,39.0,CIEN
2023-06-06 19:50:00,42.471,42.481,42.451,42.471,2538.0,CIEN
2023-06-06 19:44:00,42.451,42.461,42.451,42.451,626.0,CIEN
2023-06-06 19:38:00,42.451,42.461,42.451,42.451,39.0,CIEN
2023-06-06 19:36:00,42.511,42.521,42.511,42.511,79.0,CIEN
2023-06-06 19:35:00,42.521,42.531,42.521,42.521,7.0,CIEN
2023-06-06 19:33:00,42.521,42.531,42.521,42.521,39.0,CIEN
2023-06-06 19:29:00,42.511,42.521,42.511,42.511,71.0,CIEN
2023-06-06 19:25:00,42.521,42.531,42.521,42.521,23.0,CIEN
2023-06-06 19:23:00,42.511,42.521,42.511,42.511,79.0,CIEN
2023-06-06 19:14:00,42.521,42.531,42.521,42.521,198.0,CIEN
2023-06-06 19:13:00,42.431,42.461,42.431,42.451,396.0,CIEN
2023-06-06 19:06:00,42.451,42.461,42.451,42.451,396.0,CIEN
2023-06-06 19:00:00,42.311,42.321,42.311,42.311,1873734.0,CIEN
2023-06-06 18:58:00,42.431,42.441,42.431,42.431,7.0,CIEN
2023-06-06 18:56:00,42.451,42.461,42.451,42.451,7.0,CIEN
2023-06-06 18:51:00,42.421,42.431,42.421,42.421,103.0,CIEN
2023-06-06 18:45:00,42.371,42.381,42.371,42.371,198.0,CIEN
2023-06-06 18:36:00,42.421,42.431,42.421,42.421,79.0,CIEN
2023-06-06 18:35:00,42.421,42.441,42.411,42.431,4759.0,CIEN
2023-06-06 18:30:00,42.311,42.321,42.311,42.311,1873734.0,CIEN
2023-06-06 18:28:00,42.421,42.431,42.421,42.421,1586.0,CIEN
2023-06-06 18:25:00,42.421,42.431,42.421,42.421,7.0,CIEN
2023-06-06 18:22:00,42.301,42.431,42.301,42.421,436.0,CIEN
2023-06-06 18:19:00,42.421,42.431,42.421,42.421,539.0,CIEN
2023-06-06 18:18:00,42.321,42.331,42.321,42.321,2633.0,CIEN
2023-06-06 18:15:00,42.301,42.33,42.301,42.32,47.0,CIEN
2023-06-06 18:09:00,42.301,42.311,42.301,42.301,269.0,CIEN
2023-06-06 18:06:00,42.301,42.311,42.301,42.301,126.0,CIEN
2023-06-06 18:01:00,42.261,42.271,42.261,42.261,39.0,CIEN
2023-06-06 18:00:00,42.321,42.331,42.321,42.321,118.0,CIEN
2023-06-06 17:55:00,42.341,42.351,42.321,42.321,13113.0,CIEN
2023-06-06 17:54:00,42.421,42.431,42.421,42.421,126.0,CIEN
2023-06-06 17:51:00,42.351,42.361,42.341,42.341,2181.0,CIEN
2023-06-06 17:48:00,42.411,42.421,42.411,42.411,713.0,CIEN
2023-06-06 17:47:00,42.421,42.431,42.421,42.421,23.0,CIEN
2023-06-06 17:40:00,42.419,42.429,42.419,42.419,7.0,CIEN
2023-06-06 17:39:00,42.351,42.361,42.341,42.341,15866.0,CIEN
2023-06-06 17:34:00,42.421,42.431,42.421,42.421,15.0,CIEN
2023-06-06 17:30:00,42.431,42.441,42.431,42.431,7933.0,CIEN
2023-06-06 17:29:00,42.421,42.441,42.421,42.421,372.0,CIEN
2023-06-06 17:26:00,42.431,42.441,42.431,42.431,7.0,CIEN
2023-06-06 17:25:00,42.431,42.441,42.429,42.431,95.0,CIEN
2023-06-06 17:15:00,42.401,42.431,42.401,42.421,555.0,CIEN
2023-06-06 17:14:00,42.341,42.391,42.341,42.381,4918.0,CIEN
2023-06-06 17:07:00,42.421,42.511,42.421,42.501,206.0,CIEN
2023-06-06 17:06:00,42.421,42.431,42.421,42.421,198.0,CIEN
2023-06-06 17:05:00,42.371,42.411,42.341,42.341,1546.0,CIEN
2023-06-06 17:01:00,42.489,42.499,42.47,42.47,5553.0,CIEN
2023-06-06 16:57:00,42.341,42.351,42.341,42.341,3966.0,CIEN
2023-06-06 16:53:00,42.341,42.351,42.341,42.341,63.0,CIEN
2023-06-06 16:50:00,42.371,42.381,42.371,42.371,174.0,CIEN
2023-06-06 16:46:00,42.399,42.411,42.399,42.401,832.0,CIEN
2023-06-06 16:45:00,42.341,42.351,42.341,42.341,16770.0,CIEN
2023-06-06 16:44:00,42.381,42.411,42.341,42.341,9186.0,CIEN
2023-06-06 16:40:00,42.401,42.411,42.401,42.401,428.0,CIEN
2023-06-06 16:37:00,42.401,42.411,42.401,42.401,396.0,CIEN
2023-06-06 16:35:00,42.381,42.391,42.371,42.381,333.0,CIEN
2023-06-06 16:34:00,42.371,42.381,42.371,42.371,7.0,CIEN
2023-06-06 16:29:00,42.341,42.381,42.341,42.371,1665.0,CIEN
2023-06-06 16:26:00,42.388,42.398,42.388,42.388,2776.0,CIEN
2023-06-06 16:25:00,42.391,42.401,42.371,42.371,118.0,CIEN
2023-06-06 16:24:00,42.361,42.371,42.341,42.341,793.0,CIEN
2023-06-06 16:23:00,42.361,42.371,42.361,42.361,87.0,CIEN
2023-06-06 16:22:00,42.381,42.391,42.381,42.381,95.0,CIEN
2023-06-06 16:20:00,42.341,42.391,42.341,42.381,115901.0,CIEN
2023-06-06 16:19:00,42.381,42.411,42.381,42.381,5394.0,CIEN
2023-06-06 16:18:00,42.381,42.391,42.381,42.381,555.0,CIEN
2023-06-06 16:17:00,42.361,42.391,42.361,42.381,1586.0,CIEN
2023-06-06 16:15:00,42.341,42.351,42.341,42.341,840.0,CIEN
2023-06-06 16:14:00,42.351,42.361,42.341,42.341,825.0,CIEN
2023-06-06 16:13:00,42.321,42.351,42.321,42.341,6616.0,CIEN
2023-06-06 16:12:00,42.361,42.371,42.321,42.321,507.0,CIEN
2023-06-06 16:11:00,42.361,42.391,42.361,42.381,1586.0,CIEN
2023-06-06 16:10:00,42.311,42.391,42.301,42.301,1875932.0,CIEN
2023-06-06 16:09:00,42.381,42.391,42.381,42.381,47.0,CIEN
2023-06-06 16:08:00,42.311,42.321,42.301,42.301,3966.0,CIEN
2023-06-06 16:07:00,42.303,42.313,42.301,42.301,801.0,CIEN
2023-06-06 16:06:00,42.321,42.391,42.321,42.381,793.0,CIEN
2023-06-06 16:05:00,42.381,42.391,42.381,42.381,396.0,CIEN
2023-06-06 16:04:00,42.311,42.391,42.311,42.381,16675.0,CIEN
2023-06-06 16:02:00,42.381,42.391,42.381,42.381,47.0,CIEN
2023-06-06 16:01:00,42.401,42.411,42.401,42.401,2776.0,CIEN
2023-06-06 16:00:00,42.311,42.421,42.271,42.271,3835796.0,CIEN
2023-06-06 15:59:00,42.281,42.331,42.281,42.311,1089300.0,CIEN
2023-06-06 15:58:00,42.276,42.331,42.271,42.286,816650.0,CIEN
2023-06-06 15:57:00,42.281,42.301,42.261,42.276,669548.0,CIEN
2023-06-06 15:56:00,42.251,42.301,42.242,42.274,749259.0,CIEN
2023-06-06 15:55:00,42.186,42.301,42.186,42.246,698479.0,CIEN
2023-06-06 15:54:00,42.182,42.211,42.176,42.186,452270.0,CIEN
2023-06-06 15:53:00,42.201,42.211,42.181,42.186,222775.0,CIEN
2023-06-06 15:52:00,42.186,42.211,42.141,42.2,421783.0,CIEN
2023-06-06 15:51:00,42.127,42.221,42.116,42.191,536630.0,CIEN
2023-06-06 15:50:00,42.122,42.191,42.121,42.126,355637.0,CIEN
2023-06-06 15:49:00,42.167,42.191,42.114,42.121,290674.0,CIEN
2023-06-06 15:48:00,42.191,42.221,42.151,42.171,355217.0,CIEN
2023-06-06 15:47:00,42.132,42.191,42.091,42.172,343857.0,CIEN
2023-06-06 15:46:00,42.182,42.211,42.136,42.136,317955.0,CIEN
2023-06-06 15:45:00,42.112,42.196,42.111,42.181,466026.0,CIEN
2023-06-06 15:44:00,42.139,42.149,42.102,42.111,94307.0,CIEN
2023-06-06 15:43:00,42.052,42.151,42.047,42.131,220189.0,CIEN
2023-06-06 15:42:00,42.022,42.091,42.012,42.047,265875.0,CIEN
2023-06-06 15:41:00,41.972,42.032,41.972,42.022,223981.0,CIEN
2023-06-06 15:40:00,41.952,41.992,41.932,41.972,150759.0,CIEN
2023-06-06 15:39:00,41.947,41.972,41.923,41.952,174550.0,CIEN
2023-06-06 15:38:00,41.992,42.012,41.922,41.934,283407.0,CIEN
2023-06-06 15:37:00,42.062,42.077,42.002,42.002,173868.0,CIEN
2023-06-06 15:36:00,42.087,42.102,42.062,42.072,75244.0,CIEN
2023-06-06 15:35:00,42.082,42.102,42.052,42.086,126484.0,CIEN
2023-06-06 15:34:00,42.057,42.111,42.052,42.081,158406.0,CIEN
2023-06-06 15:33:00,42.117,42.126,42.042,42.062,177065.0,CIEN
2023-06-06 15:32:00,42.093,42.131,42.081,42.102,223251.0,CIEN
2023-06-06 15:31:00,42.102,42.12,42.091,42.101,54452.0,CIEN
2023-06-06 15:30:00,42.047,42.131,42.022,42.101,191178.0,CIEN
2023-06-06 15:29:00,42.132,42.141,42.022,42.044,116837.0,CIEN
2023-06-06 15:28:00,42.017,42.151,42.012,42.136,257791.0,CIEN
2023-06-06 15:27:00,42.122,42.131,42.017,42.017,160239.0,CIEN
2023-06-06 15:26:00,42.122,42.161,42.121,42.126,189789.0,CIEN
2023-06-06 15:25:00,42.107,42.131,42.106,42.116,39688.0,CIEN
2023-06-06 15:24:00,42.087,42.111,42.081,42.101,95640.0,CIEN
2023-06-06 15:23:00,42.042,42.102,42.032,42.091,141660.0,CIEN
2023-06-06 15:22:00,42.053,42.081,42.022,42.042,117892.0,CIEN
2023-06-06 15:21:00,42.007,42.092,42.002,42.072,117821.0,CIEN
2023-06-06 15:20:00,42.022,42.032,42.007,42.007,32501.0,CIEN
2023-06-06 15:19:00,42.007,42.032,41.982,42.012,81083.0,CIEN
2023-06-06 15:18:00,41.912,42.032,41.912,42.022,240497.0,CIEN
2023-06-06 15:17:00,41.882,41.922,41.882,41.912,48589.0,CIEN
2023-06-06 15:16:00,41.897,41.907,41.842,41.887,78743.0,CIEN
2023-06-06 15:15:00,41.862,41.932,41.862,41.897,107968.0,CIEN
2023-06-06 15:14:00,41.902,41.922,41.85,41.872,74134.0,CIEN
2023-06-06 15:13:00,41.922,41.937,41.872,41.902,55396.0,CIEN
2023-06-06 15:12:00,41.902,41.932,41.882,41.922,81028.0,CIEN
2023-06-06 15:11:00,41.882,41.922,41.862,41.902,52032.0,CIEN
2023-06-06 15:10:00,41.912,41.927,41.862,41.877,82384.0,CIEN
2023-06-06 15:09:00,41.902,41.932,41.887,41.917,41584.0,CIEN
2023-06-06 15:08:00,41.857,41.932,41.852,41.897,135551.0,CIEN
2023-06-06 15:07:00,41.842,41.867,41.842,41.854,44567.0,CIEN
2023-06-06 15:06:00,41.852,41.877,41.832,41.842,92864.0,CIEN
2023-06-06 15:05:00,41.832,41.872,41.832,41.852,44068.0,CIEN
2023-06-06 15:04:00,41.802,41.832,41.765,41.822,130657.0,CIEN
2023-06-06 15:03:00,41.861,41.871,41.802,41.802,89508.0,CIEN
2023-06-06 15:02:00,41.852,41.871,41.842,41.857,36785.0,CIEN
2023-06-06 15:01:00,41.802,41.862,41.797,41.842,174360.0,CIEN
2023-06-06 15:00:00,41.817,41.842,41.802,41.807,74364.0,CIEN
2023-06-06 14:59:00,41.872,41.892,41.812,41.812,110126.0,CIEN
2023-06-06 14:58:00,41.867,41.892,41.862,41.867,39990.0,CIEN
2023-06-06 14:57:00,41.852,41.881,41.832,41.867,101368.0,CIEN
2023-06-06 14:56:00,41.842,41.882,41.842,41.862,64622.0,CIEN
2023-06-06 14:55:00,41.822,41.857,41.802,41.847,93133.0,CIEN
2023-06-06 14:54:00,41.882,41.892,41.822,41.827,35381.0,CIEN
2023-06-06 14:53:00,41.862,41.882,41.839,41.872,62052.0,CIEN
2023-06-06 14:52:00,41.88,41.912,41.872,41.872,42679.0,CIEN
2023-06-06 14:51:00,41.862,41.882,41.852,41.872,58537.0,CIEN
2023-06-06 14:50:00,41.842,41.882,41.842,41.857,66708.0,CIEN
2023-06-06 14:49:00,41.792,41.862,41.787,41.837,91824.0,CIEN
2023-06-06 14:48:00,41.782,41.812,41.782,41.787,50398.0,CIEN
2023-06-06 14:47:00,41.782,41.807,41.772,41.782,33921.0,CIEN
2023-06-06 14:46:00,41.822,41.842,41.782,41.787,62068.0,CIEN
2023-06-06 14:45:00,41.802,41.842,41.792,41.827,59934.0,CIEN
2023-06-06 14:44:00,41.812,41.832,41.797,41.812,50422.0,CIEN
2023-06-06 14:43:00,41.802,41.827,41.782,41.812,73261.0,CIEN
2023-06-06 14:42:00,41.812,41.822,41.807,41.812,15897.0,CIEN
2023-06-06 14:41:00,41.782,41.822,41.772,41.812,71072.0,CIEN
2023-06-06 14:40:00,41.732,41.792,41.722,41.782,131815.0,CIEN
2023-06-06 14:39:00,41.74,41.783,41.732,41.742,35666.0,CIEN
2023-06-06 14:38:00,41.747,41.757,41.702,41.732,33921.0,CIEN
2023-06-06 14:37:00,41.722,41.772,41.702,41.742,87858.0,CIEN
2023-06-06 14:36:00,41.852,41.862,41.722,41.722,113529.0,CIEN
2023-06-06 14:35:00,41.902,41.912,41.852,41.857,33643.0,CIEN
2023-06-06 14:34:00,41.912,41.922,41.892,41.902,38475.0,CIEN
2023-06-06 14:33:00,41.862,41.949,41.862,41.917,78489.0,CIEN
2023-06-06 14:32:00,41.922,41.932,41.852,41.857,63369.0,CIEN
2023-06-06 14:31:00,41.937,41.947,41.892,41.922,100210.0,CIEN
2023-06-06 14:30:00,42.022,42.032,41.937,41.937,140692.0,CIEN
2023-06-06 14:29:00,41.927,42.052,41.927,42.027,126968.0,CIEN
2023-06-06 14:28:00,41.882,41.932,41.877,41.922,125024.0,CIEN
2023-06-06 14:27:00,41.842,41.902,41.842,41.892,76577.0,CIEN
2023-06-06 14:26:00,41.832,41.853,41.822,41.842,40180.0,CIEN
2023-06-06 14:25:00,41.822,41.842,41.822,41.822,24885.0,CIEN
2023-06-06 14:24:00,41.807,41.832,41.807,41.822,19888.0,CIEN
2023-06-06 14:23:00,41.772,41.822,41.762,41.812,65058.0,CIEN
2023-06-06 14:22:00,41.772,41.807,41.752,41.782,98686.0,CIEN
2023-06-06 14:21:00,41.732,41.842,41.727,41.777,205235.0,CIEN
2023-06-06 14:20:00,41.722,41.742,41.722,41.727,87461.0,CIEN
2023-06-06 14:19:00,41.752,41.772,41.702,41.727,111403.0,CIEN
2023-06-06 14:18:00,41.827,41.842,41.752,41.752,206084.0,CIEN
2023-06-06 14:17:00,41.822,41.842,41.802,41.827,128515.0,CIEN
2023-06-06 14:16:00,41.842,41.852,41.802,41.822,89587.0,CIEN
2023-06-06 14:15:00,41.862,41.897,41.842,41.852,60195.0,CIEN
2023-06-06 14:14:00,41.842,41.875,41.832,41.862,46995.0,CIEN
2023-06-06 14:13:00,41.897,41.907,41.832,41.842,35825.0,CIEN
2023-06-06 14:12:00,41.867,41.922,41.862,41.912,175764.0,CIEN
2023-06-06 14:11:00,41.882,41.932,41.862,41.867,202776.0,CIEN
2023-06-06 14:10:00,41.882,41.902,41.872,41.882,53254.0,CIEN
2023-06-06 14:09:00,41.822,41.887,41.812,41.877,82670.0,CIEN
2023-06-06 14:08:00,41.892,41.912,41.802,41.812,169600.0,CIEN
2023-06-06 14:07:00,41.887,41.922,41.872,41.902,68747.0,CIEN
2023-06-06 14:06:00,41.892,41.907,41.852,41.888,84185.0,CIEN
2023-06-06 14:05:00,41.871,41.922,41.867,41.892,93181.0,CIEN
2023-06-06 14:04:00,41.802,41.902,41.772,41.872,127975.0,CIEN
2023-06-06 14:03:00,41.782,41.822,41.746,41.812,43449.0,CIEN
2023-06-06 14:02:00,41.712,41.787,41.692,41.777,148236.0,CIEN
2023-06-06 14:01:00,41.677,41.722,41.677,41.697,63781.0,CIEN
2023-06-06 14:00:00,41.722,41.732,41.662,41.68,27971.0,CIEN
2023-06-06 13:59:00,41.742,41.772,41.702,41.727,91523.0,CIEN
2023-06-06 13:58:00,41.732,41.767,41.692,41.737,101193.0,CIEN
2023-06-06 13:57:00,41.688,41.752,41.682,41.732,112315.0,CIEN
2023-06-06 13:56:00,41.623,41.712,41.607,41.697,124215.0,CIEN
2023-06-06 13:55:00,41.672,41.687,41.592,41.622,56538.0,CIEN
2023-06-06 13:54:00,41.677,41.697,41.672,41.672,18111.0,CIEN
2023-06-06 13:53:00,41.712,41.732,41.672,41.677,35762.0,CIEN
2023-06-06 13:52:00,41.643,41.697,41.642,41.687,88770.0,CIEN
2023-06-06 13:51:00,41.697,41.707,41.642,41.642,105596.0,CIEN
2023-06-06 13:50:00,41.747,41.762,41.682,41.702,75585.0,CIEN
2023-06-06 13:49:00,41.692,41.772,41.692,41.747,114616.0,CIEN
2023-06-06 13:48:00,41.677,41.702,41.672,41.682,82336.0,CIEN
2023-06-06 13:47:00,41.662,41.722,41.662,41.672,105969.0,CIEN
2023-06-06 13:46:00,41.677,41.687,41.612,41.652,80663.0,CIEN
2023-06-06 13:45:00,41.672,41.692,41.632,41.677,94910.0,CIEN
2023-06-06 13:44:00,41.573,41.732,41.572,41.677,111570.0,CIEN
2023-06-06 13:43:00,41.588,41.607,41.552,41.577,60648.0,CIEN
2023-06-06 13:42:00,41.593,41.622,41.572,41.592,83455.0,CIEN
2023-06-06 13:41:00,41.683,41.707,41.567,41.592,123509.0,CIEN
2023-06-06 13:40:00,41.807,41.822,41.672,41.682,135091.0,CIEN
2023-06-06 13:39:00,41.802,41.832,41.792,41.807,61179.0,CIEN
2023-06-06 13:38:00,41.792,41.831,41.778,41.802,63369.0,CIEN
2023-06-06 13:37:00,41.682,41.832,41.675,41.794,117559.0,CIEN
2023-06-06 13:36:00,41.752,41.762,41.632,41.692,162547.0,CIEN
2023-06-06 13:35:00,41.752,41.792,41.747,41.762,81456.0,CIEN
2023-06-06 13:34:00,41.758,41.772,41.672,41.737,104573.0,CIEN
2023-06-06 13:33:00,41.752,41.782,41.722,41.752,114402.0,CIEN
2023-06-06 13:32:00,41.682,41.762,41.653,41.752,66161.0,CIEN
2023-06-06 13:31:00,41.687,41.742,41.672,41.682,162952.0,CIEN
2023-06-06 13:30:00,41.647,41.702,41.642,41.687,100392.0,CIEN
2023-06-06 13:29:00,41.623,41.672,41.592,41.647,117710.0,CIEN
2023-06-06 13:28:00,41.543,41.632,41.543,41.612,172630.0,CIEN
2023-06-06 13:27:00,41.443,41.572,41.443,41.543,143968.0,CIEN
2023-06-06 13:26:00,41.427,41.482,41.41,41.433,262186.0,CIEN
2023-06-06 13:25:00,41.523,41.532,41.423,41.423,120248.0,CIEN
2023-06-06 13:24:00,41.524,41.541,41.505,41.531,79417.0,CIEN
2023-06-06 13:23:00,41.543,41.562,41.523,41.523,60243.0,CIEN
2023-06-06 13:22:00,41.618,41.652,41.533,41.552,119852.0,CIEN
2023-06-06 13:21:00,41.592,41.682,41.582,41.617,76093.0,CIEN
2023-06-06 13:20:00,41.573,41.602,41.543,41.582,96592.0,CIEN
2023-06-06 13:19:00,41.563,41.622,41.562,41.572,100805.0,CIEN
2023-06-06 13:18:00,41.598,41.607,41.533,41.562,144873.0,CIEN
2023-06-06 13:17:00,41.652,41.662,41.592,41.593,112482.0,CIEN
2023-06-06 13:16:00,41.633,41.73,41.622,41.662,73047.0,CIEN
2023-06-06 13:15:00,41.631,41.641,41.573,41.612,180341.0,CIEN
2023-06-06 13:14:00,41.677,41.692,41.622,41.627,97758.0,CIEN
2023-06-06 13:13:00,41.677,41.712,41.652,41.672,219419.0,CIEN
2023-06-06 13:12:00,41.652,41.702,41.647,41.682,62544.0,CIEN
2023-06-06 13:11:00,41.673,41.702,41.632,41.647,76617.0,CIEN
2023-06-06 13:10:00,41.633,41.702,41.612,41.682,106905.0,CIEN
2023-06-06 13:09:00,41.573,41.677,41.567,41.632,103002.0,CIEN
2023-06-06 13:08:00,41.722,41.732,41.533,41.562,456300.0,CIEN
2023-06-06 13:07:00,41.807,41.817,41.722,41.722,127245.0,CIEN
2023-06-06 13:06:00,41.907,41.917,41.802,41.802,56840.0,CIEN
2023-06-06 13:05:00,41.867,41.922,41.867,41.907,113775.0,CIEN
2023-06-06 13:04:00,41.877,41.912,41.867,41.872,72960.0,CIEN
2023-06-06 13:03:00,41.822,41.911,41.812,41.881,106104.0,CIEN
2023-06-06 13:02:00,41.732,41.852,41.722,41.827,130633.0,CIEN
2023-06-06 13:01:00,41.822,41.832,41.732,41.732,221680.0,CIEN
2023-06-06 13:00:00,41.842,41.862,41.797,41.832,103494.0,CIEN
2023-06-06 12:59:00,41.882,41.922,41.842,41.852,56967.0,CIEN
2023-06-06 12:58:00,41.802,41.882,41.792,41.867,128062.0,CIEN
2023-06-06 12:57:00,41.842,41.862,41.787,41.802,56284.0,CIEN
2023-06-06 12:56:00,41.842,41.852,41.792,41.842,175288.0,CIEN
2023-06-06 12:55:00,41.947,41.958,41.832,41.832,182626.0,CIEN
2023-06-06 12:54:00,41.972,41.992,41.932,41.958,81535.0,CIEN
2023-06-06 12:53:00,41.977,41.991,41.952,41.968,100979.0,CIEN
2023-06-06 12:52:00,41.907,42.007,41.892,41.982,70413.0,CIEN
2023-06-06 12:51:00,41.872,41.932,41.867,41.917,104866.0,CIEN
2023-06-06 12:50:00,41.862,41.902,41.842,41.877,64955.0,CIEN
2023-06-06 12:49:00,41.902,41.922,41.837,41.862,304612.0,CIEN
2023-06-06 12:48:00,41.911,41.921,41.902,41.902,34461.0,CIEN
2023-06-06 12:47:00,41.907,41.922,41.902,41.912,25584.0,CIEN
2023-06-06 12:46:00,41.974,41.984,41.902,41.909,119503.0,CIEN
2023-06-06 12:45:00,41.952,41.967,41.952,41.952,25163.0,CIEN
2023-06-06 12:44:00,41.957,42.022,41.923,41.923,94537.0,CIEN
2023-06-06 12:43:00,41.922,41.972,41.892,41.961,170885.0,CIEN
2023-06-06 12:42:00,41.827,41.927,41.827,41.917,65883.0,CIEN
2023-06-06 12:41:00,41.852,41.877,41.802,41.822,111070.0,CIEN
2023-06-06 12:40:00,41.831,41.909,41.822,41.851,100202.0,CIEN
2023-06-06 12:39:00,41.832,41.852,41.822,41.822,37531.0,CIEN
2023-06-06 12:38:00,41.832,41.852,41.822,41.832,139240.0,CIEN
2023-06-06 12:37:00,41.882,41.892,41.829,41.832,178977.0,CIEN
2023-06-06 12:36:00,41.952,41.962,41.882,41.882,42330.0,CIEN
2023-06-06 12:35:00,41.992,42.012,41.942,41.942,60132.0,CIEN
2023-06-06 12:34:00,41.992,42.032,41.982,42.014,94522.0,CIEN
2023-06-06 12:33:00,41.992,42.072,41.989,41.992,142017.0,CIEN
2023-06-06 12:32:00,41.852,41.992,41.852,41.982,192574.0,CIEN
2023-06-06 12:31:00,41.836,41.869,41.822,41.857,99797.0,CIEN
2023-06-06 12:30:00,41.802,41.852,41.802,41.837,69810.0,CIEN
2023-06-06 12:29:00,41.862,41.872,41.772,41.792,193486.0,CIEN
2023-06-06 12:28:00,41.856,41.892,41.842,41.882,140184.0,CIEN
2023-06-06 12:27:00,41.872,41.912,41.842,41.862,246717.0,CIEN
2023-06-06 12:26:00,41.957,41.967,41.872,41.877,59577.0,CIEN
2023-06-06 12:25:00,41.922,41.974,41.882,41.957,277084.0,CIEN
2023-06-06 12:24:00,41.992,42.02,41.922,41.922,185545.0,CIEN
2023-06-06 12:23:00,41.982,42.022,41.982,41.992,136709.0,CIEN
2023-06-06 12:22:00,41.971,42.01,41.922,41.982,205330.0,CIEN
2023-06-06 12:21:00,42.047,42.057,41.962,41.962,114846.0,CIEN
2023-06-06 12:20:00,42.002,42.072,41.997,42.052,40847.0,CIEN
2023-06-06 12:19:00,42.012,42.052,41.962,42.002,163825.0,CIEN
2023-06-06 12:18:00,42.012,42.042,41.962,42.032,237118.0,CIEN
2023-06-06 12:17:00,42.152,42.171,42.012,42.022,190487.0,CIEN
2023-06-06 12:16:00,42.177,42.2,42.141,42.156,86953.0,CIEN
2023-06-06 12:15:00,42.172,42.241,42.171,42.186,210272.0,CIEN
2023-06-06 12:14:00,42.132,42.211,42.121,42.166,260338.0,CIEN
2023-06-06 12:13:00,42.221,42.231,42.114,42.131,138280.0,CIEN
2023-06-06 12:12:00,42.231,42.311,42.211,42.236,83550.0,CIEN
2023-06-06 12:11:00,42.157,42.241,42.151,42.231,123953.0,CIEN
2023-06-06 12:10:00,42.236,42.246,42.151,42.151,78632.0,CIEN
2023-06-06 12:09:00,42.248,42.291,42.221,42.251,126642.0,CIEN
2023-06-06 12:08:00,42.321,42.331,42.226,42.251,102114.0,CIEN
2023-06-06 12:07:00,42.576,42.586,42.271,42.321,235198.0,CIEN
2023-06-06 12:06:00,42.561,42.701,42.561,42.576,262559.0,CIEN
2023-06-06 12:05:00,42.541,42.581,42.541,42.556,39498.0,CIEN
2023-06-06 12:04:00,42.501,42.561,42.501,42.531,74594.0,CIEN
2023-06-06 12:03:00,42.546,42.57,42.456,42.507,244369.0,CIEN
2023-06-06 12:02:00,42.441,42.581,42.436,42.531,215056.0,CIEN
2023-06-06 12:01:00,42.276,42.441,42.276,42.431,166212.0,CIEN
2023-06-06 12:00:00,42.311,42.351,42.246,42.276,217960.0,CIEN
2023-06-06 11:59:00,42.291,42.381,42.271,42.296,222378.0,CIEN
2023-06-06 11:58:00,42.271,42.33,42.246,42.281,124255.0,CIEN
2023-06-06 11:57:00,42.341,42.361,42.241,42.291,213930.0,CIEN
2023-06-06 11:56:00,42.431,42.451,42.321,42.321,245559.0,CIEN
2023-06-06 11:55:00,42.611,42.621,42.431,42.431,275379.0,CIEN
2023-06-06 11:54:00,42.631,42.711,42.611,42.611,144849.0,CIEN
2023-06-06 11:53:00,42.481,42.661,42.481,42.65,204838.0,CIEN
2023-06-06 11:52:00,42.655,42.666,42.461,42.476,110887.0,CIEN
2023-06-06 11:51:00,42.78,42.79,42.655,42.665,152084.0,CIEN
2023-06-06 11:50:00,42.995,43.04,42.78,42.785,121565.0,CIEN
2023-06-06 11:49:00,42.965,43.07,42.95,42.99,114481.0,CIEN
2023-06-06 11:48:00,42.98,43.02,42.932,42.98,107881.0,CIEN
2023-06-06 11:47:00,42.92,43.02,42.915,42.97,144143.0,CIEN
2023-06-06 11:46:00,42.899,42.93,42.85,42.92,146816.0,CIEN
2023-06-06 11:45:00,42.79,42.94,42.785,42.905,182586.0,CIEN
2023-06-06 11:44:00,42.76,42.81,42.76,42.8,87723.0,CIEN
2023-06-06 11:43:00,42.81,42.82,42.72,42.75,132188.0,CIEN
2023-06-06 11:42:00,42.676,42.82,42.66,42.81,177898.0,CIEN
2023-06-06 11:41:00,42.641,42.701,42.635,42.675,90626.0,CIEN
2023-06-06 11:40:00,42.696,42.711,42.611,42.64,73848.0,CIEN
2023-06-06 11:39:00,42.586,42.72,42.586,42.69,138090.0,CIEN
2023-06-06 11:38:00,42.571,42.611,42.521,42.6,366609.0,CIEN
2023-06-06 11:37:00,42.596,42.611,42.571,42.571,261433.0,CIEN
2023-06-06 11:36:00,42.83,42.84,42.581,42.591,159565.0,CIEN
2023-06-06 11:35:00,42.671,42.835,42.66,42.825,145967.0,CIEN
2023-06-06 11:34:00,42.661,42.681,42.62,42.64,120439.0,CIEN
2023-06-06 11:33:00,42.751,42.765,42.62,42.66,240545.0,CIEN
2023-06-06 11:32:00,42.73,42.77,42.72,42.755,119677.0,CIEN
2023-06-06 11:31:00,42.73,42.747,42.72,42.725,119043.0,CIEN
2023-06-06 11:30:00,42.691,42.8,42.68,42.73,168172.0,CIEN
2023-06-06 11:29:00,42.721,42.735,42.67,42.68,215437.0,CIEN
2023-06-06 11:28:00,42.775,42.785,42.62,42.725,252167.0,CIEN
2023-06-06 11:27:00,42.745,42.94,42.72,42.775,291205.0,CIEN
2023-06-06 11:26:00,42.671,42.84,42.64,42.77,399769.0,CIEN
2023-06-06 11:25:00,42.661,42.72,42.611,42.649,237459.0,CIEN
2023-06-06 11:24:00,42.631,42.711,42.62,42.655,182975.0,CIEN
2023-06-06 11:23:00,42.641,42.656,42.611,42.64,251921.0,CIEN
2023-06-06 11:22:00,42.671,42.77,42.64,42.642,320248.0,CIEN
2023-06-06 11:21:00,42.79,42.8,42.67,42.68,126650.0,CIEN
2023-06-06 11:20:00,42.711,42.85,42.71,42.8,191630.0,CIEN
2023-06-06 11:19:00,42.671,42.72,42.64,42.704,196842.0,CIEN
2023-06-06 11:18:00,42.661,42.72,42.655,42.685,116639.0,CIEN
2023-06-06 11:17:00,42.646,42.666,42.64,42.655,167077.0,CIEN
2023-06-06 11:16:00,42.691,42.701,42.63,42.645,133417.0,CIEN
2023-06-06 11:15:00,42.75,42.77,42.681,42.69,137400.0,CIEN
2023-06-06 11:14:00,42.895,42.91,42.73,42.74,113759.0,CIEN
2023-06-06 11:13:00,42.85,42.97,42.8,42.89,243861.0,CIEN
2023-06-06 11:12:00,42.845,42.88,42.77,42.85,221823.0,CIEN
2023-06-06 11:11:00,42.979,43.04,42.84,42.84,351346.0,CIEN
2023-06-06 11:10:00,43.096,43.145,42.99,42.99,232834.0,CIEN
2023-06-06 11:09:00,43.18,43.19,43.05,43.09,175764.0,CIEN
2023-06-06 11:08:00,43.07,43.22,42.94,43.179,571947.0,CIEN
2023-06-06 11:07:00,43.005,43.18,43.005,43.07,508404.0,CIEN
2023-06-06 11:06:00,42.755,43.015,42.75,43.005,461702.0,CIEN
2023-06-06 11:05:00,42.732,42.85,42.72,42.755,265375.0,CIEN
2023-06-06 11:04:00,42.631,42.76,42.601,42.725,129118.0,CIEN
2023-06-06 11:03:00,42.586,42.681,42.571,42.615,174717.0,CIEN
2023-06-06 11:02:00,42.541,42.611,42.521,42.586,212668.0,CIEN
2023-06-06 11:01:00,42.571,42.641,42.471,42.531,307643.0,CIEN
2023-06-06 11:00:00,42.421,42.631,42.421,42.561,193589.0,CIEN
2023-06-06 10:59:00,42.391,42.431,42.391,42.421,92364.0,CIEN
2023-06-06 10:58:00,42.381,42.426,42.371,42.382,96005.0,CIEN
2023-06-06 10:57:00,42.341,42.411,42.341,42.381,154003.0,CIEN
2023-06-06 10:56:00,42.276,42.351,42.251,42.341,145150.0,CIEN
2023-06-06 10:55:00,42.301,42.311,42.251,42.271,128887.0,CIEN
2023-06-06 10:54:00,42.236,42.321,42.221,42.311,121605.0,CIEN
2023-06-06 10:53:00,42.291,42.341,42.236,42.236,132473.0,CIEN
2023-06-06 10:52:00,42.132,42.311,42.131,42.301,160477.0,CIEN
2023-06-06 10:51:00,42.057,42.161,42.057,42.121,76664.0,CIEN
2023-06-06 10:50:00,42.027,42.121,42.022,42.062,245455.0,CIEN
2023-06-06 10:49:00,41.972,42.046,41.942,42.027,98004.0,CIEN
2023-06-06 10:48:00,42.032,42.057,41.977,41.982,226995.0,CIEN
2023-06-06 10:47:00,42.201,42.211,42.042,42.049,170941.0,CIEN
2023-06-06 10:46:00,42.172,42.211,42.171,42.196,126397.0,CIEN
2023-06-06 10:45:00,42.201,42.231,42.171,42.171,138272.0,CIEN
2023-06-06 10:44:00,42.12,42.181,42.101,42.171,103240.0,CIEN
2023-06-06 10:43:00,42.142,42.151,42.111,42.121,83352.0,CIEN
2023-06-06 10:42:00,42.092,42.201,42.091,42.141,99297.0,CIEN
2023-06-06 10:41:00,42.042,42.221,42.037,42.091,181230.0,CIEN
2023-06-06 10:40:00,41.972,42.052,41.972,42.032,119344.0,CIEN
2023-06-06 10:39:00,42.052,42.062,41.972,41.972,135591.0,CIEN
2023-06-06 10:38:00,42.032,42.141,42.012,42.071,310149.0,CIEN
2023-06-06 10:37:00,41.932,42.032,41.912,42.017,197088.0,CIEN
2023-06-06 10:36:00,41.882,41.962,41.842,41.932,166395.0,CIEN
2023-06-06 10:35:00,41.952,41.978,41.752,41.852,716892.0,CIEN
2023-06-06 10:34:00,41.967,42.012,41.922,41.937,150045.0,CIEN
2023-06-06 10:33:00,42.067,42.077,41.952,41.952,284811.0,CIEN
2023-06-06 10:32:00,42.012,42.161,42.007,42.062,93078.0,CIEN
2023-06-06 10:31:00,42.092,42.151,42.022,42.022,160985.0,CIEN
2023-06-06 10:30:00,41.982,42.106,41.982,42.096,804790.0,CIEN
2023-06-06 10:29:00,42.092,42.102,41.942,41.967,167553.0,CIEN
2023-06-06 10:28:00,42.142,42.151,42.032,42.111,287413.0,CIEN
2023-06-06 10:27:00,42.226,42.236,42.141,42.141,254523.0,CIEN
2023-06-06 10:26:00,42.336,42.351,42.211,42.231,128935.0,CIEN
2023-06-06 10:25:00,42.311,42.351,42.291,42.336,98187.0,CIEN
2023-06-06 10:24:00,42.266,42.331,42.266,42.316,67089.0,CIEN
2023-06-06 10:23:00,42.386,42.401,42.231,42.276,169711.0,CIEN
2023-06-06 10:22:00,42.471,42.521,42.381,42.386,147919.0,CIEN
2023-06-06 10:21:00,42.451,42.481,42.381,42.451,176224.0,CIEN
2023-06-06 10:20:00,42.391,42.477,42.386,42.451,90864.0,CIEN
2023-06-06 10:19:00,42.401,42.411,42.341,42.381,102693.0,CIEN
2023-06-06 10:18:00,42.271,42.425,42.271,42.415,251128.0,CIEN
2023-06-06 10:17:00,42.177,42.341,42.176,42.301,147038.0,CIEN
2023-06-06 10:16:00,42.122,42.211,42.057,42.196,323723.0,CIEN
2023-06-06 10:15:00,42.092,42.281,42.091,42.156,276791.0,CIEN
2023-06-06 10:14:00,42.172,42.211,42.067,42.082,248684.0,CIEN
2023-06-06 10:13:00,42.426,42.461,42.156,42.191,267017.0,CIEN
2023-06-06 10:12:00,42.471,42.571,42.421,42.426,213247.0,CIEN
2023-06-06 10:11:00,42.481,42.551,42.451,42.52,100265.0,CIEN
2023-06-06 10:10:00,42.411,42.49,42.361,42.436,227130.0,CIEN
2023-06-06 10:09:00,42.321,42.411,42.211,42.391,250414.0,CIEN
2023-06-06 10:08:00,42.032,42.381,42.032,42.341,402323.0,CIEN
2023-06-06 10:07:00,42.191,42.201,42.032,42.037,202585.0,CIEN
2023-06-06 10:06:00,42.221,42.271,42.191,42.201,173455.0,CIEN
2023-06-06 10:05:00,42.132,42.271,42.072,42.251,363475.0,CIEN
2023-06-06 10:04:00,42.421,42.431,42.151,42.151,255538.0,CIEN
2023-06-06 10:03:00,42.476,42.486,42.401,42.421,146745.0,CIEN
2023-06-06 10:02:00,42.486,42.541,42.461,42.476,242401.0,CIEN
2023-06-06 10:01:00,42.421,42.536,42.394,42.501,133957.0,CIEN
2023-06-06 10:00:00,42.401,42.491,42.381,42.411,321192.0,CIEN
2023-06-06 09:59:00,42.386,42.431,42.361,42.411,282844.0,CIEN
2023-06-06 09:58:00,42.301,42.396,42.301,42.386,227733.0,CIEN
2023-06-06 09:57:00,42.162,42.361,42.138,42.311,291332.0,CIEN
2023-06-06 09:56:00,42.381,42.396,42.139,42.171,327102.0,CIEN
2023-06-06 09:55:00,42.26,42.451,42.256,42.381,210717.0,CIEN
2023-06-06 09:54:00,42.446,42.456,42.231,42.256,386909.0,CIEN
2023-06-06 09:53:00,42.381,42.471,42.336,42.431,209884.0,CIEN
2023-06-06 09:52:00,42.396,42.501,42.321,42.381,509943.0,CIEN
2023-06-06 09:51:00,42.439,42.521,42.381,42.396,296917.0,CIEN
2023-06-06 09:50:00,42.692,42.702,42.451,42.451,216087.0,CIEN
2023-06-06 09:49:00,42.531,42.77,42.521,42.675,254039.0,CIEN
2023-06-06 09:48:00,42.471,42.701,42.331,42.526,240846.0,CIEN
2023-06-06 09:47:00,42.406,42.551,42.301,42.446,395929.0,CIEN
2023-06-06 09:46:00,42.032,42.586,42.022,42.388,863074.0,CIEN
2023-06-06 09:45:00,42.296,42.306,42.022,42.032,619173.0,CIEN
2023-06-06 09:44:00,41.922,42.371,41.873,42.296,455990.0,CIEN
2023-06-06 09:43:00,42.321,42.341,41.922,41.927,676576.0,CIEN
2023-06-06 09:42:00,42.471,42.78,42.331,42.331,343024.0,CIEN
2023-06-06 09:41:00,42.281,42.7,42.261,42.536,183292.0,CIEN
2023-06-06 09:40:00,42.238,42.711,42.219,42.291,292752.0,CIEN
2023-06-06 09:39:00,42.137,42.401,41.982,42.261,102669.0,CIEN
2023-06-06 09:38:00,41.862,42.351,41.802,42.214,225131.0,CIEN
2023-06-06 09:37:00,41.703,42.101,41.703,41.723,610161.0,CIEN
2023-06-06 09:36:00,42.479,42.489,41.702,41.712,463788.0,CIEN
2023-06-06 09:35:00,42.825,42.835,42.226,42.521,563459.0,CIEN
2023-06-06 09:34:00,42.92,43.13,42.82,42.82,598769.0,CIEN
2023-06-06 09:33:00,42.401,43.12,42.381,42.91,559540.0,CIEN
2023-06-06 09:32:00,42.301,42.491,41.952,42.401,522882.0,CIEN
2023-06-06 09:31:00,42.24,42.441,41.932,42.122,855220.0,CIEN
2023-06-06 09:30:00,42.84,43.12,42.121,42.25,1828199.0,CIEN
2023-06-06 09:29:00,43.17,43.18,42.91,42.96,172725.0,CIEN
2023-06-06 09:28:00,43.429,43.479,43.219,43.219,125905.0,CIEN
2023-06-06 09:27:00,43.679,43.689,43.429,43.429,19324.0,CIEN
2023-06-06 09:26:00,43.629,43.779,43.619,43.768,72325.0,CIEN
2023-06-06 09:25:00,43.489,43.688,43.329,43.629,18769.0,CIEN
2023-06-06 09:24:00,43.719,43.729,43.269,43.519,22506.0,CIEN
2023-06-06 09:23:00,43.719,43.729,43.619,43.619,825.0,CIEN
2023-06-06 09:22:00,43.868,43.879,43.639,43.758,1451.0,CIEN
2023-06-06 09:21:00,43.818,43.879,43.718,43.868,58521.0,CIEN
2023-06-06 09:20:00,43.22,43.929,43.219,43.818,129118.0,CIEN
2023-06-06 09:19:00,43.2,43.23,43.159,43.219,8599.0,CIEN
2023-06-06 09:18:00,43.2,43.21,43.169,43.199,8742.0,CIEN
2023-06-06 09:17:00,43.22,43.429,43.169,43.169,22529.0,CIEN
2023-06-06 09:16:00,42.983,43.429,42.983,43.419,16659.0,CIEN
2023-06-06 09:15:00,42.92,43.419,42.72,42.87,136955.0,CIEN
2023-06-06 09:14:00,42.79,43.13,42.79,43.06,3910.0,CIEN
2023-06-06 09:13:00,42.77,42.93,42.531,42.92,35468.0,CIEN
2023-06-06 09:12:00,43.519,43.629,42.65,42.68,111760.0,CIEN
2023-06-06 09:11:00,43.379,43.629,43.309,43.619,99638.0,CIEN
2023-06-06 09:10:00,43.279,43.33,42.94,43.249,28662.0,CIEN
2023-06-06 09:09:00,43.629,43.649,43.12,43.389,87406.0,CIEN
2023-06-06 09:08:00,43.719,43.729,43.619,43.629,9797.0,CIEN
2023-06-06 09:07:00,43.619,43.769,43.619,43.738,1808.0,CIEN
2023-06-06 09:06:00,43.769,43.879,43.619,43.639,39673.0,CIEN
2023-06-06 09:05:00,43.619,43.879,43.619,43.768,22966.0,CIEN
2023-06-06 09:04:00,43.868,43.879,43.669,43.669,30177.0,CIEN
2023-06-06 09:03:00,43.818,43.869,43.718,43.718,3903.0,CIEN
2023-06-06 09:02:00,43.818,43.829,43.818,43.818,214.0,CIEN
2023-06-06 09:01:00,43.719,43.829,43.519,43.818,44575.0,CIEN
2023-06-06 09:00:00,43.838,43.929,43.619,43.619,38062.0,CIEN
2023-06-06 08:59:00,49.348,49.36,49.348,49.348,793.0,CIEN
2023-06-06 08:58:00,49.348,49.36,49.314,49.348,27.0,CIEN
2023-06-06 08:57:00,49.461,49.36,49.011,49.236,320.0,CIEN
2023-06-06 08:56:00,49.832,49.921,49.348,49.236,260.0,CIEN
2023-06-06 08:55:00,50.573,50.482,49.843,49.909,669.0,CIEN
2023-06-06 08:54:00,49.921,50.482,49.82,50.469,14.0,CIEN
2023-06-06 08:53:00,50.259,50.201,50.011,50.189,235.0,CIEN
2023-06-06 08:52:00,50.247,50.313,50.247,50.133,382.0,CIEN
2023-06-06 08:51:00,50.416,50.369,50.247,50.133,738.0,CIEN
2023-06-06 08:50:00,51.113,51.042,50.247,50.301,398.0,CIEN
2023-06-06 08:49:00,50.585,51.042,50.584,51.03,282.0,CIEN
2023-06-06 08:48:00,50.135,50.706,50.022,50.638,447.0,CIEN
2023-06-06 08:47:00,49.461,50.145,49.449,50.021,504.0,CIEN
2023-06-06 08:46:00,49.685,49.584,49.123,49.348,83.0,CIEN
2023-06-06 08:45:00,49.82,49.921,49.236,49.124,143.0,CIEN
2023-06-06 08:44:00,50.079,50.033,49.798,49.764,230.0,CIEN
2023-06-06 08:43:00,50.124,50.111,50.045,49.965,79.0,CIEN
2023-06-06 08:42:00,50.48,50.377,50.135,50.032,123.0,CIEN
2023-06-06 08:41:00,50.821,50.818,50.011,50.133,141.0,CIEN
2023-06-06 08:40:00,51.147,51.042,50.742,50.627,110.0,CIEN
2023-06-06 08:39:00,51.147,51.042,51.146,51.03,42.0,CIEN
2023-06-06 08:38:00,51.147,51.042,50.767,51.03,126.0,CIEN
2023-06-06 08:37:00,51.259,51.155,50.742,51.03,432.0,CIEN
2023-06-06 08:36:00,52.496,53.522,50.922,51.03,155.0,CIEN
2023-06-06 08:35:00,54.182,54.183,52.495,52.432,399.0,CIEN
2023-06-06 08:34:00,55.205,55.305,54.17,54.058,114.0,CIEN
2023-06-06 08:26:00,55.531,55.417,55.53,55.404,0.0,CIEN
2023-06-06 08:25:00,55.205,55.182,55.205,55.169,0.0,CIEN
2023-06-06 08:24:00,55.294,55.271,55.294,55.258,0.0,CIEN
2023-06-06 08:22:00,55.306,55.283,55.305,55.269,1.0,CIEN
2023-06-06 08:21:00,55.093,55.283,55.093,55.169,0.0,CIEN
2023-06-06 08:20:00,55.093,55.07,55.093,55.057,1.0,CIEN
2023-06-06 08:19:00,55.093,55.182,54.758,55.001,2.0,CIEN
2023-06-06 08:18:00,55.149,55.126,55.149,55.113,0.0,CIEN
2023-06-06 08:17:00,54.825,55.015,54.758,54.722,3.0,CIEN
2023-06-06 08:16:00,55.138,55.283,54.758,54.722,4.0,CIEN
2023-06-06 08:15:00,55.267,55.283,55.267,55.269,0.0,CIEN
2023-06-06 08:14:00,54.289,54.735,54.199,54.722,0.0,CIEN
2023-06-06 08:12:00,54.013,54.368,53.923,54.355,0.0,CIEN
2023-06-06 08:11:00,54.591,54.845,54.49,54.367,3.0,CIEN
2023-06-06 08:10:00,54.736,54.991,54.635,54.511,2.0,CIEN
2023-06-06 08:09:00,54.803,55.518,54.702,55.034,68.0,CIEN
2023-06-06 08:08:00,55.093,55.451,54.803,55.135,24.0,CIEN
2023-06-06 08:07:00,54.524,55.597,54.523,55.584,31.0,CIEN
2023-06-06 08:06:00,54.035,54.642,54.035,54.629,5.0,CIEN
2023-06-06 08:05:00,53.924,54.223,53.924,54.21,19.0,CIEN
2023-06-06 08:03:00,53.924,54.008,53.924,53.802,4.0,CIEN
2023-06-06 08:02:00,53.316,55.965,53.316,54.959,0.0,CIEN
2023-06-06 08:01:00,48.11,50.616,48.11,49.706,269.0,CIEN
2023-06-06 08:00:00,50.137,51.187,48.608,48.609,139335.0,CIEN
2023-06-06 07:59:00,48.819,48.91,48.819,48.899,158.0,CIEN
2023-06-06 07:58:00,48.919,48.961,49.121,49.12,38.0,CIEN
2023-06-06 07:57:00,48.859,48.971,49.01,48.93,241.0,CIEN
2023-06-06 07:56:00,49.169,49.13,49.332,49.251,38.0,CIEN
2023-06-06 07:55:00,49.472,49.433,49.301,49.452,148.0,CIEN
2023-06-06 07:54:00,49.724,49.684,49.888,49.806,16.0,CIEN
2023-06-06 07:53:00,49.572,49.735,49.736,49.856,33.0,CIEN
2023-06-06 07:43:00,49.502,49.664,49.706,49.826,18.0,CIEN
2023-06-06 07:38:00,49.502,49.463,49.514,49.432,214.0,CIEN
2023-06-06 07:37:00,49.895,49.856,49.514,49.432,760.0,CIEN
2023-06-06 07:36:00,49.673,49.634,49.544,49.463,1948.0,CIEN
2023-06-06 07:27:00,49.976,49.937,50.039,49.957,59.0,CIEN
2023-06-06 07:26:00,50.24,50.2,50.365,50.282,19.0,CIEN
2023-06-06 07:24:00,50.22,50.474,50.427,50.638,18.0,CIEN
2023-06-06 07:23:00,50.22,50.78,50.427,50.638,93.0,CIEN
2023-06-06 07:22:00,50.22,50.484,50.427,50.344,301.0,CIEN
2023-06-06 07:20:00,50.189,50.231,50.345,50.262,105.0,CIEN
2023-06-06 07:18:00,49.956,49.997,50.111,50.029,1.0,CIEN
2023-06-06 07:17:00,49.946,50.098,50.152,50.12,1.0,CIEN
2023-06-06 07:16:00,49.512,49.583,49.716,49.664,2.0,CIEN
2023-06-06 07:14:00,49.632,49.704,49.837,49.785,10.0,CIEN
2023-06-06 07:13:00,49.966,49.967,50.01,49.978,9.0,CIEN
2023-06-06 07:12:00,49.663,49.724,49.806,49.887,1.0,CIEN
2023-06-06 07:11:00,49.582,49.735,49.726,49.897,44.0,CIEN
2023-06-06 07:10:00,49.824,49.886,49.968,50.048,44.0,CIEN
2023-06-06 07:09:00,49.966,50.028,49.968,50.089,404.0,CIEN
2023-06-06 07:08:00,50.27,50.231,50.477,50.394,94.0,CIEN
2023-06-06 07:07:00,50.91,50.869,51.119,51.035,2.0,CIEN
2023-06-06 07:06:00,51.424,51.393,51.119,51.035,10.0,CIEN
2023-06-06 07:05:00,51.917,51.876,51.708,51.623,10.0,CIEN
2023-06-06 07:04:00,50.386,50.398,49.977,49.977,3339.0,CIEN
2023-06-06 07:03:00,50.686,50.887,50.606,50.775,5981.0,CIEN
2023-06-06 07:02:00,50.476,50.907,49.707,50.805,33755.0,CIEN
2023-06-06 07:01:00,50.706,51.816,50.705,50.905,23323.0,CIEN
2023-06-06 07:00:00,48.11,50.418,48.11,49.907,10868.0,CIEN
2023-06-06 06:04:00,47.911,47.922,47.911,47.911,642.0,CIEN
2023-06-06 06:03:00,47.911,47.922,47.911,47.911,40.0,CIEN
2023-06-06 04:44:00,47.911,47.922,47.911,47.911,31.0,CIEN
2023-06-06 04:26:00,47.532,47.543,47.531,47.531,79.0,CIEN
2023-06-06 04:09:00,47.512,47.543,47.512,47.531,555.0,CIEN
2023-06-06 04:06:00,48.22,48.252,48.22,48.24,777.0,CIEN
2023-06-06 04:03:00,47.891,47.922,47.891,47.911,222.0,CIEN
2023-06-05 19:59:00,47.891,47.922,47.891,47.911,1166.0,CIEN
2023-06-05 19:58:00,47.891,47.902,47.891,47.891,79.0,CIEN
2023-06-05 19:56:00,47.891,47.902,47.891,47.891,118.0,CIEN
2023-06-05 19:55:00,47.891,47.902,47.891,47.891,15.0,CIEN
2023-06-05 19:54:00,47.911,47.922,47.911,47.911,198.0,CIEN
2023-06-05 19:52:00,47.911,47.922,47.911,47.911,793.0,CIEN
2023-06-05 19:50:00,47.911,47.922,47.911,47.911,396.0,CIEN
2023-06-05 19:49:00,47.911,47.922,47.911,47.911,39.0,CIEN
2023-06-05 19:48:00,47.911,47.922,47.911,47.911,3974.0,CIEN
2023-06-05 19:46:00,48.001,48.012,48.0,48.0,79.0,CIEN
2023-06-05 19:45:00,48.001,48.012,48.0,48.0,22212.0,CIEN
2023-06-05 19:43:00,48.001,48.012,48.0,48.0,237.0,CIEN
2023-06-05 19:42:00,48.001,48.012,48.0,48.0,7044.0,CIEN
2023-06-05 19:41:00,48.001,48.012,48.0,48.0,15858.0,CIEN
2023-06-05 19:40:00,47.971,48.012,47.971,48.0,222.0,CIEN
2023-06-05 19:16:00,48.001,48.012,48.0,48.0,2935.0,CIEN
2023-06-05 19:10:00,47.811,48.012,47.811,48.0,1642.0,CIEN
2023-06-05 19:01:00,47.971,47.982,47.971,47.971,87.0,CIEN
2023-06-05 19:00:00,47.412,47.423,47.412,47.412,1408073.0,CIEN
2023-06-05 18:57:00,47.971,47.982,47.971,47.971,79.0,CIEN
2023-06-05 18:55:00,47.911,47.922,47.911,47.911,793.0,CIEN
2023-06-05 18:53:00,47.861,47.872,47.861,47.861,39.0,CIEN
2023-06-05 18:52:00,47.891,47.902,47.891,47.891,7.0,CIEN
2023-06-05 18:51:00,47.861,47.872,47.861,47.861,39.0,CIEN
2023-06-05 18:46:00,48.001,48.012,47.891,47.891,214.0,CIEN
2023-06-05 18:41:00,47.871,47.982,47.871,47.971,1681.0,CIEN
2023-06-05 18:40:00,47.791,47.802,47.791,47.791,198.0,CIEN
2023-06-05 18:33:00,48.001,48.012,48.0,48.0,1594.0,CIEN
2023-06-05 18:30:00,47.412,47.423,47.412,47.412,1408073.0,CIEN
2023-06-05 18:29:00,47.661,47.672,47.581,47.581,594.0,CIEN
2023-06-05 18:28:00,47.601,47.613,47.601,47.601,475.0,CIEN
2023-06-05 18:27:00,47.611,47.623,47.611,47.611,793.0,CIEN
2023-06-05 18:26:00,47.861,47.872,47.691,47.691,951.0,CIEN
2023-06-05 18:25:00,48.001,48.012,48.0,48.0,1586.0,CIEN
2023-06-05 18:23:00,47.931,47.942,47.911,47.911,991.0,CIEN
2023-06-05 18:22:00,48.001,48.012,48.0,48.0,7.0,CIEN
2023-06-05 18:20:00,48.011,48.022,48.0,48.0,2173.0,CIEN
2023-06-05 18:17:00,48.011,48.022,48.01,48.01,801.0,CIEN
2023-06-05 18:15:00,48.11,48.122,48.11,48.11,111.0,CIEN
2023-06-05 18:12:00,48.26,48.271,48.26,48.26,793.0,CIEN
2023-06-05 18:09:00,48.011,48.022,48.01,48.01,1332.0,CIEN
2023-06-05 18:08:00,48.239,48.25,48.239,48.239,555.0,CIEN
2023-06-05 18:04:00,48.11,48.271,48.11,48.259,21680.0,CIEN
2023-06-05 17:58:00,48.13,48.271,48.13,48.26,56721.0,CIEN
2023-06-05 17:56:00,48.11,48.271,48.11,48.26,801.0,CIEN
2023-06-05 17:55:00,48.26,48.271,48.26,48.26,523.0,CIEN
2023-06-05 17:54:00,48.11,48.122,48.11,48.11,420.0,CIEN
2023-06-05 17:49:00,48.31,48.321,48.31,48.31,3966.0,CIEN
2023-06-05 17:48:00,48.26,48.271,48.26,48.26,230.0,CIEN
2023-06-05 17:46:00,48.26,48.271,48.26,48.26,39.0,CIEN
2023-06-05 17:44:00,48.15,48.162,48.15,48.15,507.0,CIEN
2023-06-05 17:41:00,48.2,48.222,48.2,48.21,5315.0,CIEN
2023-06-05 17:39:00,48.11,48.122,48.11,48.11,9987.0,CIEN
2023-06-05 17:30:00,48.11,48.122,48.11,48.11,396.0,CIEN
2023-06-05 17:29:00,48.18,48.222,48.18,48.21,13525.0,CIEN
2023-06-05 17:28:00,48.18,48.192,48.18,48.18,15.0,CIEN
2023-06-05 17:27:00,48.18,48.192,48.18,48.18,79.0,CIEN
2023-06-05 17:21:00,48.21,48.222,48.08,48.08,745.0,CIEN
2023-06-05 17:20:00,48.21,48.222,48.21,48.21,79.0,CIEN
2023-06-05 17:19:00,48.21,48.222,48.21,48.21,7.0,CIEN
2023-06-05 17:18:00,48.21,48.222,48.21,48.21,602.0,CIEN
2023-06-05 17:16:00,48.21,48.222,48.21,48.21,5878.0,CIEN
2023-06-05 17:15:00,48.21,48.222,48.21,48.21,936.0,CIEN
2023-06-05 17:14:00,48.21,48.222,48.21,48.21,39.0,CIEN
2023-06-05 17:13:00,48.21,48.222,48.21,48.21,39.0,CIEN
2023-06-05 17:12:00,48.21,48.222,48.14,48.21,2705.0,CIEN
2023-06-05 17:03:00,48.011,48.022,48.01,48.01,793.0,CIEN
2023-06-05 17:01:00,48.011,48.022,48.01,48.01,198.0,CIEN
2023-06-05 16:59:00,48.21,48.221,47.911,47.911,61124.0,CIEN
2023-06-05 16:57:00,47.971,47.982,47.911,47.911,1713.0,CIEN
2023-06-05 16:56:00,47.971,47.982,47.971,47.971,793.0,CIEN
2023-06-05 16:55:00,47.961,47.982,47.961,47.971,571.0,CIEN
2023-06-05 16:53:00,47.911,47.972,47.911,47.961,277.0,CIEN
2023-06-05 16:52:00,47.911,47.922,47.911,47.911,1126.0,CIEN
2023-06-05 16:46:00,47.911,47.922,47.911,47.911,10114.0,CIEN
2023-06-05 16:44:00,47.911,47.922,47.911,47.911,817.0,CIEN
2023-06-05 16:42:00,47.412,47.423,47.412,47.412,299670.0,CIEN
2023-06-05 16:41:00,47.911,47.922,47.811,47.811,7940.0,CIEN
2023-06-05 16:39:00,47.861,47.872,47.851,47.861,2602.0,CIEN
2023-06-05 16:38:00,47.711,47.722,47.711,47.711,15.0,CIEN
2023-06-05 16:30:00,48.001,48.022,47.651,47.651,801.0,CIEN
2023-06-05 16:24:00,47.641,48.022,47.641,48.01,1269.0,CIEN
2023-06-05 16:22:00,47.651,47.662,47.651,47.651,63.0,CIEN
2023-06-05 16:19:00,47.968,47.979,47.968,47.968,3966.0,CIEN
2023-06-05 16:16:00,47.641,48.022,47.641,48.01,206.0,CIEN
2023-06-05 16:15:00,47.651,47.662,47.651,47.651,277.0,CIEN
2023-06-05 16:14:00,47.422,47.433,47.422,47.422,15.0,CIEN
2023-06-05 16:12:00,47.223,47.194,47.223,47.183,11.0,CIEN
2023-06-05 16:10:00,47.213,47.184,47.213,47.173,1012053.0,CIEN
2023-06-05 16:08:00,47.452,47.423,47.451,47.412,11.0,CIEN
2023-06-05 16:06:00,47.691,47.862,46.952,46.912,211.0,CIEN
2023-06-05 16:03:00,47.651,47.862,46.912,46.912,6782.0,CIEN
2023-06-05 16:02:00,47.651,48.371,47.412,47.651,9107.0,CIEN
2023-06-05 16:01:00,47.651,47.822,47.651,47.811,7560.0,CIEN
2023-06-05 16:00:00,47.432,47.662,47.412,47.651,2981725.0,CIEN
2023-06-05 15:59:00,47.347,47.443,47.322,47.432,793826.0,CIEN
2023-06-05 15:58:00,47.362,47.383,47.322,47.347,472578.0,CIEN
2023-06-05 15:57:00,47.382,47.413,47.342,47.367,451873.0,CIEN
2023-06-05 15:56:00,47.432,47.443,47.372,47.382,429962.0,CIEN
2023-06-05 15:55:00,47.477,47.493,47.422,47.422,373550.0,CIEN
2023-06-05 15:54:00,47.512,47.543,47.481,47.481,232001.0,CIEN
2023-06-05 15:53:00,47.457,47.533,47.451,47.511,253650.0,CIEN
2023-06-05 15:52:00,47.462,47.483,47.422,47.451,317710.0,CIEN
2023-06-05 15:51:00,47.502,47.513,47.461,47.471,203664.0,CIEN
2023-06-05 15:50:00,47.519,47.538,47.471,47.501,237538.0,CIEN
2023-06-05 15:49:00,47.512,47.543,47.481,47.521,149870.0,CIEN
2023-06-05 15:48:00,47.512,47.553,47.491,47.521,209305.0,CIEN
2023-06-05 15:47:00,47.442,47.543,47.422,47.511,207940.0,CIEN
2023-06-05 15:46:00,47.407,47.468,47.407,47.451,186053.0,CIEN
2023-06-05 15:45:00,47.422,47.443,47.372,47.422,181507.0,CIEN
2023-06-05 15:44:00,47.432,47.493,47.402,47.417,161992.0,CIEN
2023-06-05 15:43:00,47.392,47.483,47.372,47.437,212351.0,CIEN
2023-06-05 15:42:00,47.252,47.393,47.242,47.382,328578.0,CIEN
2023-06-05 15:41:00,47.242,47.293,47.232,47.252,138637.0,CIEN
2023-06-05 15:40:00,47.281,47.298,47.252,47.257,161238.0,CIEN
2023-06-05 15:39:00,47.272,47.284,47.252,47.262,115274.0,CIEN
2023-06-05 15:38:00,47.212,47.283,47.212,47.267,157978.0,CIEN
2023-06-05 15:37:00,47.242,47.263,47.212,47.212,108063.0,CIEN
2023-06-05 15:36:00,47.222,47.263,47.212,47.242,98099.0,CIEN
2023-06-05 15:35:00,47.252,47.273,47.237,47.237,67573.0,CIEN
2023-06-05 15:34:00,47.292,47.303,47.222,47.252,91388.0,CIEN
2023-06-05 15:33:00,47.367,47.378,47.297,47.297,79798.0,CIEN
2023-06-05 15:32:00,47.402,47.413,47.362,47.382,148141.0,CIEN
2023-06-05 15:31:00,47.442,47.453,47.402,47.412,197905.0,CIEN
2023-06-05 15:30:00,47.432,47.458,47.412,47.441,104509.0,CIEN
2023-06-05 15:29:00,47.447,47.473,47.402,47.417,67518.0,CIEN
2023-06-05 15:28:00,47.442,47.498,47.422,47.451,154432.0,CIEN
2023-06-05 15:27:00,47.422,47.493,47.412,47.441,89794.0,CIEN
2023-06-05 15:26:00,47.427,47.473,47.427,47.437,46162.0,CIEN
2023-06-05 15:25:00,47.472,47.503,47.422,47.427,69525.0,CIEN
2023-06-05 15:24:00,47.457,47.483,47.432,47.47,50977.0,CIEN
2023-06-05 15:23:00,47.472,47.483,47.447,47.47,29510.0,CIEN
2023-06-05 15:22:00,47.467,47.518,47.441,47.471,58601.0,CIEN
2023-06-05 15:21:00,47.462,47.508,47.437,47.466,65812.0,CIEN
2023-06-05 15:20:00,47.397,47.483,47.392,47.461,54190.0,CIEN
2023-06-05 15:19:00,47.377,47.463,47.377,47.402,89611.0,CIEN
2023-06-05 15:18:00,47.347,47.403,47.332,47.392,54023.0,CIEN
2023-06-05 15:17:00,47.297,47.363,47.297,47.347,35460.0,CIEN
2023-06-05 15:16:00,47.307,47.318,47.277,47.297,62210.0,CIEN
2023-06-05 15:15:00,47.323,47.353,47.292,47.312,64305.0,CIEN
2023-06-05 15:14:00,47.307,47.333,47.292,47.322,44218.0,CIEN
2023-06-05 15:13:00,47.272,47.313,47.267,47.302,23307.0,CIEN
2023-06-05 15:12:00,47.192,47.278,47.192,47.247,68144.0,CIEN
2023-06-05 15:11:00,47.187,47.198,47.162,47.182,8202.0,CIEN
2023-06-05 15:10:00,47.207,47.243,47.187,47.187,25782.0,CIEN
2023-06-05 15:09:00,47.177,47.243,47.177,47.207,36896.0,CIEN
2023-06-05 15:08:00,47.252,47.268,47.177,47.177,46908.0,CIEN
2023-06-05 15:07:00,47.202,47.263,47.202,47.252,20871.0,CIEN
2023-06-05 15:06:00,47.212,47.228,47.162,47.217,50874.0,CIEN
2023-06-05 15:05:00,47.207,47.253,47.172,47.212,43552.0,CIEN
2023-06-05 15:04:00,47.272,47.283,47.192,47.207,86604.0,CIEN
2023-06-05 15:03:00,47.262,47.293,47.242,47.282,28209.0,CIEN
2023-06-05 15:02:00,47.342,47.353,47.282,47.287,26369.0,CIEN
2023-06-05 15:01:00,47.422,47.443,47.342,47.342,51707.0,CIEN
2023-06-05 15:00:00,47.402,47.433,47.402,47.422,22759.0,CIEN
2023-06-05 14:59:00,47.372,47.423,47.362,47.387,50739.0,CIEN
2023-06-05 14:58:00,47.362,47.373,47.342,47.358,32184.0,CIEN
2023-06-05 14:57:00,47.337,47.363,47.307,47.347,52167.0,CIEN
2023-06-05 14:56:00,47.362,47.373,47.322,47.337,19324.0,CIEN
2023-06-05 14:55:00,47.367,47.383,47.332,47.362,41077.0,CIEN
2023-06-05 14:54:00,47.312,47.393,47.312,47.362,34151.0,CIEN
2023-06-05 14:53:00,47.247,47.343,47.237,47.282,81591.0,CIEN
2023-06-05 14:52:00,47.217,47.273,47.217,47.247,40577.0,CIEN
2023-06-05 14:51:00,47.202,47.263,47.202,47.232,64146.0,CIEN
2023-06-05 14:50:00,47.172,47.223,47.152,47.192,58997.0,CIEN
2023-06-05 14:49:00,47.202,47.213,47.192,47.192,13993.0,CIEN
2023-06-05 14:48:00,47.182,47.223,47.182,47.211,22156.0,CIEN
2023-06-05 14:47:00,47.177,47.213,47.177,47.202,30002.0,CIEN
2023-06-05 14:46:00,47.162,47.203,47.142,47.177,27979.0,CIEN
2023-06-05 14:45:00,47.232,47.243,47.162,47.162,33168.0,CIEN
2023-06-05 14:44:00,47.192,47.243,47.192,47.232,47241.0,CIEN
2023-06-05 14:43:00,47.207,47.218,47.182,47.192,24632.0,CIEN
2023-06-05 14:42:00,47.222,47.233,47.187,47.222,42576.0,CIEN
2023-06-05 14:41:00,47.202,47.243,47.202,47.224,40664.0,CIEN
2023-06-05 14:40:00,47.147,47.213,47.147,47.202,39966.0,CIEN
2023-06-05 14:39:00,47.162,47.183,47.142,47.147,35254.0,CIEN
2023-06-05 14:38:00,47.227,47.238,47.162,47.162,24758.0,CIEN
2023-06-05 14:37:00,47.232,47.253,47.192,47.227,28392.0,CIEN
2023-06-05 14:36:00,47.191,47.258,47.187,47.232,47510.0,CIEN
2023-06-05 14:35:00,47.097,47.213,47.097,47.187,49621.0,CIEN
2023-06-05 14:34:00,47.167,47.203,47.082,47.092,42957.0,CIEN
2023-06-05 14:33:00,47.222,47.233,47.182,47.182,17341.0,CIEN
2023-06-05 14:32:00,47.222,47.243,47.132,47.222,76331.0,CIEN
2023-06-05 14:31:00,47.252,47.263,47.222,47.232,30867.0,CIEN
2023-06-05 14:30:00,47.282,47.303,47.222,47.252,55436.0,CIEN
2023-06-05 14:29:00,47.232,47.292,47.222,47.272,36158.0,CIEN
2023-06-05 14:28:00,47.227,47.263,47.217,47.217,41981.0,CIEN
2023-06-05 14:27:00,47.217,47.253,47.212,47.242,22751.0,CIEN
2023-06-05 14:26:00,47.232,47.253,47.192,47.192,56205.0,CIEN
2023-06-05 14:25:00,47.252,47.263,47.252,47.252,6029.0,CIEN
2023-06-05 14:24:00,47.262,47.293,47.232,47.252,34960.0,CIEN
2023-06-05 14:23:00,47.277,47.293,47.247,47.252,45170.0,CIEN
2023-06-05 14:22:00,47.257,47.298,47.257,47.272,31224.0,CIEN
2023-06-05 14:21:00,47.257,47.268,47.257,47.257,6116.0,CIEN
2023-06-05 14:20:00,47.342,47.353,47.242,47.242,32335.0,CIEN
2023-06-05 14:19:00,47.302,47.343,47.297,47.332,36039.0,CIEN
2023-06-05 14:18:00,47.287,47.308,47.287,47.287,10059.0,CIEN
2023-06-05 14:17:00,47.232,47.313,47.232,47.287,42449.0,CIEN
2023-06-05 14:16:00,47.237,47.263,47.202,47.232,59743.0,CIEN
2023-06-05 14:15:00,47.232,47.263,47.227,47.239,61369.0,CIEN
2023-06-05 14:14:00,47.232,47.273,47.232,47.242,23188.0,CIEN
2023-06-05 14:13:00,47.182,47.243,47.182,47.227,40672.0,CIEN
2023-06-05 14:12:00,47.182,47.193,47.157,47.182,44591.0,CIEN
2023-06-05 14:11:00,47.222,47.248,47.182,47.182,16088.0,CIEN
2023-06-05 14:10:00,47.212,47.248,47.212,47.222,6536.0,CIEN
2023-06-05 14:09:00,47.212,47.243,47.202,47.232,4958.0,CIEN
2023-06-05 14:08:00,47.242,47.283,47.222,47.242,23592.0,CIEN
2023-06-05 14:07:00,47.312,47.323,47.257,47.257,20982.0,CIEN
2023-06-05 14:06:00,47.332,47.343,47.302,47.332,55047.0,CIEN
2023-06-05 14:05:00,47.352,47.373,47.327,47.347,47748.0,CIEN
2023-06-05 14:04:00,47.347,47.383,47.347,47.352,21323.0,CIEN
2023-06-05 14:03:00,47.432,47.443,47.352,47.352,18595.0,CIEN
2023-06-05 14:02:00,47.432,47.473,47.432,47.451,19190.0,CIEN
2023-06-05 14:01:00,47.472,47.483,47.441,47.441,38863.0,CIEN
2023-06-05 14:00:00,47.462,47.503,47.451,47.471,45321.0,CIEN
2023-06-05 13:59:00,47.442,47.483,47.441,47.461,34611.0,CIEN
2023-06-05 13:58:00,47.497,47.508,47.427,47.427,43004.0,CIEN
2023-06-05 13:57:00,47.452,47.523,47.451,47.496,44044.0,CIEN
2023-06-05 13:56:00,47.432,47.463,47.427,47.427,12970.0,CIEN
2023-06-05 13:55:00,47.472,47.483,47.409,47.432,41354.0,CIEN
2023-06-05 13:54:00,47.492,47.513,47.456,47.471,66153.0,CIEN
2023-06-05 13:53:00,47.432,47.493,47.402,47.481,56459.0,CIEN
2023-06-05 13:52:00,47.432,47.463,47.412,47.432,27844.0,CIEN
2023-06-05 13:51:00,47.422,47.473,47.422,47.451,22696.0,CIEN
2023-06-05 13:50:00,47.442,47.463,47.437,47.441,56308.0,CIEN
2023-06-05 13:49:00,47.412,47.443,47.352,47.432,118805.0,CIEN
2023-06-05 13:48:00,47.412,47.463,47.402,47.432,23751.0,CIEN
2023-06-05 13:47:00,47.372,47.433,47.362,47.422,21252.0,CIEN
2023-06-05 13:46:00,47.352,47.373,47.262,47.352,72928.0,CIEN
2023-06-05 13:45:00,47.327,47.403,47.327,47.362,94569.0,CIEN
2023-06-05 13:44:00,47.292,47.353,47.292,47.332,48534.0,CIEN
2023-06-05 13:43:00,47.312,47.323,47.312,47.312,6227.0,CIEN
2023-06-05 13:42:00,47.302,47.323,47.277,47.312,45797.0,CIEN
2023-06-05 13:41:00,47.302,47.353,47.302,47.322,24735.0,CIEN
2023-06-05 13:40:00,47.297,47.313,47.282,47.292,13256.0,CIEN
2023-06-05 13:38:00,47.292,47.353,47.242,47.272,46400.0,CIEN
2023-06-05 13:37:00,47.317,47.333,47.302,47.322,19380.0,CIEN
2023-06-05 13:36:00,47.362,47.373,47.312,47.312,18880.0,CIEN
2023-06-05 13:35:00,47.375,47.403,47.352,47.377,44266.0,CIEN
2023-06-05 13:34:00,47.362,47.383,47.327,47.372,40355.0,CIEN
2023-06-05 13:33:00,47.367,47.403,47.367,47.372,13787.0,CIEN
2023-06-05 13:32:00,47.372,47.403,47.367,47.392,14731.0,CIEN
2023-06-05 13:31:00,47.347,47.373,47.347,47.352,13589.0,CIEN
2023-06-05 13:30:00,47.327,47.403,47.327,47.342,31510.0,CIEN
2023-06-05 13:29:00,47.272,47.353,47.242,47.332,102748.0,CIEN
2023-06-05 13:28:00,47.402,47.413,47.252,47.252,68811.0,CIEN
2023-06-05 13:27:00,47.467,47.478,47.422,47.422,15207.0,CIEN
2023-06-05 13:26:00,47.482,47.493,47.461,47.461,28352.0,CIEN
2023-06-05 13:25:00,47.522,47.543,47.496,47.496,24536.0,CIEN
2023-06-05 13:24:00,47.512,47.553,47.511,47.541,11748.0,CIEN
2023-06-05 13:23:00,47.532,47.553,47.461,47.491,75443.0,CIEN
2023-06-05 13:22:00,47.492,47.533,47.491,47.516,36238.0,CIEN
2023-06-05 13:21:00,47.487,47.523,47.486,47.511,17420.0,CIEN
2023-06-05 13:20:00,47.482,47.508,47.481,47.496,18928.0,CIEN
2023-06-05 13:19:00,47.442,47.513,47.441,47.481,68581.0,CIEN
2023-06-05 13:18:00,47.462,47.473,47.451,47.456,18158.0,CIEN
2023-06-05 13:17:00,47.467,47.498,47.466,47.481,19967.0,CIEN
2023-06-05 13:16:00,47.422,47.483,47.422,47.461,26583.0,CIEN
2023-06-05 13:15:00,47.412,47.453,47.392,47.402,40609.0,CIEN
2023-06-05 13:14:00,47.492,47.523,47.451,47.461,38038.0,CIEN
2023-06-05 13:13:00,47.542,47.553,47.521,47.521,12034.0,CIEN
2023-06-05 13:12:00,47.621,47.633,47.571,47.571,26274.0,CIEN
2023-06-05 13:11:00,47.561,47.613,47.561,47.601,13256.0,CIEN
2023-06-05 13:10:00,47.561,47.593,47.541,47.561,51199.0,CIEN
2023-06-05 13:09:00,47.611,47.633,47.551,47.551,24679.0,CIEN
2023-06-05 13:08:00,47.581,47.642,47.581,47.621,20840.0,CIEN
2023-06-05 13:07:00,47.542,47.593,47.541,47.571,40022.0,CIEN
2023-06-05 13:06:00,47.522,47.553,47.521,47.531,25322.0,CIEN
2023-06-05 13:05:00,47.559,47.57,47.521,47.521,24409.0,CIEN
2023-06-05 13:04:00,47.571,47.583,47.516,47.551,35571.0,CIEN
2023-06-05 13:03:00,47.566,47.578,47.536,47.551,19475.0,CIEN
2023-06-05 13:02:00,47.532,47.583,47.521,47.566,36103.0,CIEN
2023-06-05 13:01:00,47.626,47.637,47.541,47.541,30082.0,CIEN
2023-06-05 13:00:00,47.641,47.652,47.611,47.641,30343.0,CIEN
2023-06-05 12:59:00,47.601,47.662,47.591,47.646,30542.0,CIEN
2023-06-05 12:58:00,47.601,47.613,47.601,47.601,7829.0,CIEN
2023-06-05 12:57:00,47.641,47.652,47.611,47.611,22434.0,CIEN
2023-06-05 12:56:00,47.631,47.662,47.601,47.631,77537.0,CIEN
2023-06-05 12:55:00,47.621,47.652,47.611,47.626,24687.0,CIEN
2023-06-05 12:54:00,47.611,47.652,47.611,47.641,5854.0,CIEN
2023-06-05 12:53:00,47.651,47.662,47.611,47.611,20959.0,CIEN
2023-06-05 12:52:00,47.631,47.682,47.611,47.661,51334.0,CIEN
2023-06-05 12:51:00,47.671,47.692,47.601,47.601,34008.0,CIEN
2023-06-05 12:50:00,47.681,47.712,47.671,47.681,11272.0,CIEN
2023-06-05 12:49:00,47.641,47.667,47.641,47.656,8504.0,CIEN
2023-06-05 12:48:00,47.701,47.722,47.631,47.631,52849.0,CIEN
2023-06-05 12:47:00,47.661,47.712,47.636,47.661,50676.0,CIEN
2023-06-05 12:46:00,47.751,47.762,47.641,47.641,37269.0,CIEN
2023-06-05 12:45:00,47.751,47.782,47.725,47.741,36682.0,CIEN
2023-06-05 12:44:00,47.751,47.762,47.721,47.731,28035.0,CIEN
2023-06-05 12:43:00,47.671,47.752,47.671,47.721,48082.0,CIEN
2023-06-05 12:42:00,47.691,47.702,47.641,47.641,16326.0,CIEN
2023-06-05 12:41:00,47.661,47.702,47.601,47.671,165015.0,CIEN
2023-06-05 12:40:00,47.691,47.722,47.671,47.681,87818.0,CIEN
2023-06-05 12:39:00,47.671,47.752,47.651,47.681,40291.0,CIEN
2023-06-05 12:38:00,47.646,47.742,47.646,47.681,58315.0,CIEN
2023-06-05 12:37:00,47.616,47.672,47.616,47.646,25480.0,CIEN
2023-06-05 12:36:00,47.591,47.633,47.541,47.621,31851.0,CIEN
2023-06-05 12:35:00,47.561,47.588,47.531,47.566,22767.0,CIEN
2023-06-05 12:34:00,47.571,47.603,47.571,47.581,12518.0,CIEN
2023-06-05 12:33:00,47.571,47.623,47.571,47.571,41315.0,CIEN
2023-06-05 12:32:00,47.616,47.628,47.551,47.551,45583.0,CIEN
2023-06-05 12:31:00,47.611,47.657,47.591,47.616,28194.0,CIEN
2023-06-05 12:30:00,47.641,47.702,47.601,47.646,167751.0,CIEN
2023-06-05 12:29:00,47.62,47.652,47.619,47.641,23791.0,CIEN
2023-06-05 12:28:00,47.591,47.633,47.581,47.621,25623.0,CIEN
2023-06-05 12:27:00,47.576,47.608,47.571,47.591,26837.0,CIEN
2023-06-05 12:26:00,47.566,47.588,47.566,47.576,5664.0,CIEN
2023-06-05 12:25:00,47.547,47.583,47.546,47.566,30915.0,CIEN
2023-06-05 12:24:00,47.552,47.588,47.526,47.546,19380.0,CIEN
2023-06-05 12:23:00,47.442,47.563,47.437,47.521,45083.0,CIEN
2023-06-05 12:22:00,47.452,47.463,47.422,47.422,31747.0,CIEN
2023-06-05 12:21:00,47.472,47.498,47.461,47.471,7147.0,CIEN
2023-06-05 12:20:00,47.457,47.493,47.456,47.466,37880.0,CIEN
2023-06-05 12:19:00,47.472,47.493,47.432,47.456,43116.0,CIEN
2023-06-05 12:18:00,47.492,47.503,47.491,47.491,9725.0,CIEN
2023-06-05 12:17:00,47.437,47.503,47.437,47.491,18341.0,CIEN
2023-06-05 12:16:00,47.452,47.473,47.422,47.437,38586.0,CIEN
2023-06-05 12:15:00,47.412,47.443,47.412,47.422,16175.0,CIEN
2023-06-05 12:14:00,47.317,47.428,47.292,47.382,53389.0,CIEN
2023-06-05 12:13:00,47.372,47.383,47.292,47.292,21212.0,CIEN
2023-06-05 12:12:00,47.347,47.393,47.347,47.367,28368.0,CIEN
2023-06-05 12:11:00,47.332,47.353,47.322,47.332,17317.0,CIEN
2023-06-05 12:10:00,47.367,47.453,47.367,47.382,60092.0,CIEN
2023-06-05 12:09:00,47.422,47.468,47.352,47.352,44298.0,CIEN
2023-06-05 12:08:00,47.462,47.473,47.432,47.437,9456.0,CIEN
2023-06-05 12:07:00,47.432,47.473,47.432,47.451,11026.0,CIEN
2023-06-05 12:06:00,47.402,47.483,47.402,47.432,18721.0,CIEN
2023-06-05 12:05:00,47.44,47.483,47.412,47.422,43925.0,CIEN
2023-06-05 12:04:00,47.432,47.453,47.382,47.422,39863.0,CIEN
2023-06-05 12:03:00,47.502,47.513,47.441,47.451,15310.0,CIEN
2023-06-05 12:02:00,47.547,47.558,47.501,47.501,12224.0,CIEN
2023-06-05 12:01:00,47.641,47.652,47.541,47.551,24259.0,CIEN
2023-06-05 12:00:00,47.636,47.682,47.626,47.646,26218.0,CIEN
2023-06-05 11:59:00,47.621,47.662,47.621,47.636,8718.0,CIEN
2023-06-05 11:58:00,47.621,47.647,47.571,47.636,44155.0,CIEN
2023-06-05 11:57:00,47.661,47.672,47.646,47.646,23085.0,CIEN
2023-06-05 11:56:00,47.701,47.712,47.661,47.671,70366.0,CIEN
2023-06-05 11:55:00,47.711,47.752,47.711,47.726,28384.0,CIEN
2023-06-05 11:54:00,47.731,47.742,47.691,47.711,32184.0,CIEN
2023-06-05 11:53:00,47.671,47.752,47.671,47.711,16794.0,CIEN
2023-06-05 11:52:00,47.681,47.712,47.651,47.671,31644.0,CIEN
2023-06-05 11:51:00,47.621,47.722,47.616,47.701,50715.0,CIEN
2023-06-05 11:50:00,47.691,47.702,47.601,47.656,53730.0,CIEN
2023-06-05 11:49:00,47.641,47.712,47.641,47.691,30193.0,CIEN
2023-06-05 11:48:00,47.651,47.692,47.651,47.661,16619.0,CIEN
2023-06-05 11:47:00,47.631,47.732,47.631,47.656,32279.0,CIEN
2023-06-05 11:46:00,47.651,47.742,47.611,47.651,98091.0,CIEN
2023-06-05 11:45:00,47.611,47.662,47.611,47.651,21950.0,CIEN
2023-06-05 11:44:00,47.591,47.692,47.591,47.651,19094.0,CIEN
2023-06-05 11:43:00,47.596,47.652,47.546,47.586,58307.0,CIEN
2023-06-05 11:42:00,47.397,47.593,47.397,47.546,113378.0,CIEN
2023-06-05 11:41:00,47.422,47.458,47.397,47.397,16119.0,CIEN
2023-06-05 11:40:00,47.552,47.593,47.441,47.446,41703.0,CIEN
2023-06-05 11:39:00,47.552,47.563,47.521,47.551,45472.0,CIEN
2023-06-05 11:38:00,47.552,47.563,47.551,47.551,10646.0,CIEN
2023-06-05 11:37:00,47.561,47.583,47.551,47.551,28312.0,CIEN
2023-06-05 11:36:00,47.557,47.575,47.531,47.561,53627.0,CIEN
2023-06-05 11:35:00,47.581,47.623,47.561,47.561,42433.0,CIEN
2023-06-05 11:34:00,47.532,47.682,47.531,47.561,56570.0,CIEN
2023-06-05 11:33:00,47.671,47.682,47.511,47.531,133735.0,CIEN
2023-06-05 11:32:00,47.641,47.712,47.641,47.691,30399.0,CIEN
2023-06-05 11:31:00,47.542,47.682,47.531,47.616,418872.0,CIEN
2023-06-05 11:30:00,47.452,47.613,47.441,47.571,98980.0,CIEN
2023-06-05 11:29:00,47.472,47.553,47.412,47.451,288595.0,CIEN
2023-06-05 11:28:00,47.412,47.483,47.412,47.461,291261.0,CIEN
2023-06-05 11:27:00,47.432,47.443,47.402,47.402,12415.0,CIEN
2023-06-05 11:26:00,47.422,47.458,47.412,47.412,31779.0,CIEN
2023-06-05 11:25:00,47.452,47.463,47.412,47.412,32803.0,CIEN
2023-06-05 11:24:00,47.412,47.473,47.412,47.461,37142.0,CIEN
2023-06-05 11:23:00,47.382,47.423,47.372,47.407,34826.0,CIEN
2023-06-05 11:22:00,47.397,47.408,47.372,47.377,13200.0,CIEN
2023-06-05 11:21:00,47.432,47.443,47.392,47.402,49430.0,CIEN
2023-06-05 11:20:00,47.442,47.473,47.422,47.456,44186.0,CIEN
2023-06-05 11:19:00,47.377,47.433,47.362,47.417,85748.0,CIEN
2023-06-05 11:18:00,47.377,47.403,47.377,47.377,20268.0,CIEN
2023-06-05 11:17:00,47.387,47.403,47.352,47.377,57879.0,CIEN
2023-06-05 11:16:00,47.392,47.433,47.352,47.422,10527.0,CIEN
2023-06-05 11:15:00,47.397,47.443,47.362,47.382,62670.0,CIEN
2023-06-05 11:14:00,47.397,47.408,47.397,47.397,6481.0,CIEN
2023-06-05 11:13:00,47.397,47.408,47.397,47.397,5775.0,CIEN
2023-06-05 11:12:00,47.398,47.443,47.392,47.397,65130.0,CIEN
2023-06-05 11:11:00,47.362,47.433,47.362,47.417,60338.0,CIEN
2023-06-05 11:10:00,47.392,47.413,47.352,47.362,16691.0,CIEN
2023-06-05 11:09:00,47.332,47.378,47.332,47.367,4466.0,CIEN
2023-06-05 11:08:00,47.432,47.443,47.362,47.367,34651.0,CIEN
2023-06-05 11:07:00,47.472,47.513,47.362,47.432,225837.0,CIEN
2023-06-05 11:06:00,47.462,47.473,47.427,47.427,9622.0,CIEN
2023-06-05 11:05:00,47.322,47.473,47.322,47.461,88009.0,CIEN
2023-06-05 11:04:00,47.307,47.363,47.307,47.322,55523.0,CIEN
2023-06-05 11:03:00,47.327,47.343,47.262,47.262,26805.0,CIEN
2023-06-05 11:02:00,47.332,47.379,47.312,47.312,21942.0,CIEN
2023-06-05 11:01:00,47.342,47.373,47.332,47.332,24528.0,CIEN
2023-06-05 11:00:00,47.402,47.433,47.382,47.392,29455.0,CIEN
2023-06-05 10:59:00,47.347,47.453,47.347,47.432,28162.0,CIEN
2023-06-05 10:58:00,47.292,47.363,47.292,47.352,31303.0,CIEN
2023-06-05 10:57:00,47.402,47.413,47.302,47.302,41132.0,CIEN
2023-06-05 10:56:00,47.412,47.453,47.402,47.402,60814.0,CIEN
2023-06-05 10:55:00,47.392,47.453,47.382,47.441,54579.0,CIEN
2023-06-05 10:54:00,47.242,47.393,47.242,47.342,75086.0,CIEN
2023-06-05 10:53:00,47.222,47.263,47.212,47.222,40672.0,CIEN
2023-06-05 10:52:00,47.212,47.238,47.197,47.202,15469.0,CIEN
2023-06-05 10:51:00,47.212,47.273,47.202,47.227,46106.0,CIEN
2023-06-05 10:50:00,47.232,47.263,47.212,47.242,16881.0,CIEN
2023-06-05 10:49:00,47.232,47.243,47.182,47.202,48891.0,CIEN
2023-06-05 10:48:00,47.252,47.263,47.222,47.232,45797.0,CIEN
2023-06-05 10:47:00,47.192,47.263,47.162,47.212,38284.0,CIEN
2023-06-05 10:46:00,47.172,47.223,47.152,47.182,43123.0,CIEN
2023-06-05 10:45:00,47.153,47.203,47.102,47.102,54745.0,CIEN
2023-06-05 10:44:00,47.202,47.213,47.142,47.172,32255.0,CIEN
2023-06-05 10:43:00,47.182,47.223,47.142,47.182,28614.0,CIEN
2023-06-05 10:42:00,47.232,47.246,47.172,47.192,42981.0,CIEN
2023-06-05 10:41:00,47.282,47.303,47.182,47.222,44202.0,CIEN
2023-06-05 10:40:00,47.242,47.263,47.202,47.247,44250.0,CIEN
2023-06-05 10:39:00,47.332,47.353,47.223,47.252,63424.0,CIEN
2023-06-05 10:38:00,47.372,47.393,47.302,47.342,63051.0,CIEN
2023-06-05 10:37:00,47.232,47.403,47.232,47.312,129316.0,CIEN
2023-06-05 10:36:00,47.232,47.263,47.172,47.222,112411.0,CIEN
2023-06-05 10:35:00,47.132,47.218,47.102,47.207,26115.0,CIEN
2023-06-05 10:34:00,47.057,47.213,47.012,47.152,256712.0,CIEN
2023-06-05 10:33:00,47.062,47.098,47.052,47.062,25909.0,CIEN
2023-06-05 10:32:00,47.013,47.083,47.012,47.072,54991.0,CIEN
2023-06-05 10:31:00,46.898,47.004,46.898,46.992,80274.0,CIEN
2023-06-05 10:30:00,47.008,47.023,46.853,46.903,102034.0,CIEN
2023-06-05 10:29:00,47.008,47.083,46.982,47.012,147625.0,CIEN
2023-06-05 10:28:00,46.923,47.043,46.922,47.022,92745.0,CIEN
2023-06-05 10:27:00,46.823,46.944,46.823,46.893,67319.0,CIEN
2023-06-05 10:26:00,46.863,46.884,46.753,46.823,54341.0,CIEN
2023-06-05 10:25:00,46.783,46.874,46.783,46.843,54761.0,CIEN
2023-06-05 10:24:00,46.803,46.814,46.763,46.783,33651.0,CIEN
2023-06-05 10:23:00,46.883,46.894,46.803,46.803,33985.0,CIEN
2023-06-05 10:22:00,46.893,46.954,46.883,46.883,47130.0,CIEN
2023-06-05 10:21:00,46.713,46.904,46.713,46.833,115925.0,CIEN
2023-06-05 10:20:00,46.753,46.764,46.703,46.714,34857.0,CIEN
2023-06-05 10:19:00,46.753,46.794,46.753,46.763,16722.0,CIEN
2023-06-05 10:18:00,46.733,46.804,46.653,46.763,91975.0,CIEN
2023-06-05 10:17:00,46.693,46.734,46.653,46.723,53809.0,CIEN
2023-06-05 10:16:00,46.743,46.804,46.663,46.693,105747.0,CIEN
2023-06-05 10:15:00,46.603,46.771,46.543,46.733,75482.0,CIEN
2023-06-05 10:14:00,46.553,46.654,46.543,46.603,147911.0,CIEN
2023-06-05 10:13:00,46.493,46.649,46.488,46.598,52262.0,CIEN
2023-06-05 10:12:00,46.474,46.504,46.473,46.473,5933.0,CIEN
2023-06-05 10:11:00,46.404,46.514,46.352,46.473,97750.0,CIEN
2023-06-05 10:10:00,46.493,46.504,46.373,46.378,128697.0,CIEN
2023-06-05 10:09:00,46.653,46.664,46.513,46.533,63361.0,CIEN
2023-06-05 10:08:00,46.693,46.704,46.653,46.653,24497.0,CIEN
2023-06-05 10:07:00,46.703,46.714,46.678,46.693,20284.0,CIEN
2023-06-05 10:06:00,46.703,46.724,46.643,46.658,66637.0,CIEN
2023-06-05 10:05:00,46.718,46.774,46.683,46.713,101701.0,CIEN
2023-06-05 10:04:00,46.723,46.754,46.683,46.718,38935.0,CIEN
2023-06-05 10:03:00,46.773,46.803,46.723,46.792,27789.0,CIEN
2023-06-05 10:02:00,46.783,46.794,46.723,46.743,14771.0,CIEN
2023-06-05 10:01:00,46.843,46.904,46.793,46.793,68493.0,CIEN
2023-06-05 10:00:00,46.883,46.924,46.803,46.843,48891.0,CIEN
2023-06-05 09:59:00,48.041,48.052,48.04,48.04,372.0,CIEN
2023-06-05 09:58:00,48.038,48.031,48.051,48.04,155.0,CIEN
2023-06-05 09:57:00,48.071,48.031,48.066,48.035,265.0,CIEN
2023-06-05 09:56:00,48.292,48.461,48.081,48.035,2139.0,CIEN
2023-06-05 09:55:00,48.21,48.164,48.174,48.102,42.0,CIEN
2023-06-05 09:54:00,48.251,48.42,48.245,48.173,219.0,CIEN
2023-06-05 09:53:00,48.292,48.246,48.307,48.245,71.0,CIEN
2023-06-05 09:52:00,48.281,48.349,48.276,48.255,434.0,CIEN
2023-06-05 09:51:00,48.317,48.272,48.327,48.255,44.0,CIEN
2023-06-05 09:50:00,48.348,48.369,48.297,48.225,214.0,CIEN
2023-06-05 09:49:00,48.256,48.369,48.286,48.245,374.0,CIEN
2023-06-05 09:48:00,48.389,48.359,48.235,48.247,320.0,CIEN
2023-06-05 09:47:00,48.414,48.441,48.399,48.378,418.0,CIEN
2023-06-05 09:46:00,48.363,48.414,48.384,48.388,305.0,CIEN
2023-06-05 09:45:00,48.312,48.502,48.348,48.378,414.0,CIEN
2023-06-05 09:44:00,48.445,48.492,48.276,48.378,481.0,CIEN
2023-06-05 09:43:00,48.558,48.579,48.502,48.429,168.0,CIEN
2023-06-05 09:42:00,48.603,48.557,48.512,48.47,50.0,CIEN
2023-06-05 09:41:00,48.619,48.574,48.553,48.511,298.0,CIEN
2023-06-05 09:40:00,48.701,48.656,48.655,48.583,111.0,CIEN
2023-06-05 09:39:00,48.65,48.609,48.686,48.619,92.0,CIEN
2023-06-05 09:38:00,48.742,48.696,48.655,48.614,77.0,CIEN
2023-06-05 09:37:00,48.773,48.778,48.778,48.788,156.0,CIEN
2023-06-05 09:36:00,48.875,48.886,48.85,48.818,135.0,CIEN
2023-06-05 09:35:00,48.906,48.881,48.85,48.88,297.0,CIEN
2023-06-05 09:34:00,48.947,48.901,48.942,48.869,205.0,CIEN
2023-06-05 09:33:00,48.978,48.932,48.789,48.716,225.0,CIEN
2023-06-05 09:32:00,48.784,49.014,48.789,49.023,61.0,CIEN
2023-06-05 09:31:00,49.126,49.08,48.768,48.767,698.0,CIEN
2023-06-05 09:30:00,48.896,49.198,48.871,49.207,1186.0,CIEN
2023-06-05 09:27:00,49.418,49.372,49.342,49.269,5.0,CIEN
2023-06-05 09:26:00,48.16,48.172,48.05,48.05,634.0,CIEN
2023-06-05 09:15:00,48.16,48.172,48.16,48.16,198.0,CIEN
2023-06-05 09:10:00,48.36,48.371,48.16,48.16,31.0,CIEN
2023-06-05 08:32:00,48.41,48.421,48.41,48.41,3966.0,CIEN
2023-06-05 08:24:00,48.36,48.421,48.36,48.41,809.0,CIEN
2023-06-05 08:23:00,48.41,48.421,48.41,48.41,7.0,CIEN
2023-06-05 08:07:00,48.36,48.371,48.36,48.36,7.0,CIEN
2023-06-05 08:05:00,48.16,48.172,48.16,48.16,3768.0,CIEN
2023-06-05 08:03:00,48.41,48.421,48.31,48.385,5521.0,CIEN
2023-06-05 08:01:00,48.43,48.441,48.33,48.405,1104.0,CIEN
2023-06-05 08:00:00,48.48,48.491,48.38,48.455,276069.0,CIEN
2023-06-05 07:52:00,48.42,48.431,48.42,48.42,19832.0,CIEN
2023-06-05 07:45:00,48.24,48.251,48.24,48.24,82106.0,CIEN
2023-06-05 07:40:00,48.47,48.481,48.43,48.43,61084.0,CIEN
2023-06-05 07:25:00,48.38,48.391,48.38,48.38,3173.0,CIEN
2023-06-05 07:21:00,48.39,48.381,48.29,48.2,93.0,CIEN
2023-06-05 07:07:00,48.39,48.381,48.29,48.2,9133.0,CIEN
2023-06-05 07:06:00,48.38,48.381,48.28,48.2,407.0,CIEN
2023-06-05 07:00:00,48.47,48.481,48.29,48.29,8726.0,CIEN
2023-06-02 19:52:00,48.48,48.491,48.48,48.48,39268.0,CIEN
2023-06-02 19:00:00,48.11,48.121,48.11,48.11,88761519.0,CIEN
2023-06-02 18:30:00,48.11,48.121,48.11,48.11,88761519.0,CIEN
2023-06-02 17:44:00,48.46,48.481,48.46,48.47,39665.0,CIEN
2023-06-02 16:16:00,48.11,48.121,48.11,48.11,220934.0,CIEN
2023-06-02 16:10:00,48.11,48.121,48.11,48.11,88761519.0,CIEN
2023-06-02 16:09:00,47.99,48.001,47.99,47.99,396.0,CIEN
2023-06-02 16:06:00,47.982,47.993,47.981,47.981,396.0,CIEN
2023-06-02 16:01:00,48.11,48.121,48.109,48.109,5594771.0,CIEN
2023-06-02 16:00:00,48.11,48.121,48.095,48.11,186287850.0,CIEN
2023-06-02 15:59:00,48.09,48.121,48.06,48.11,25719687.0,CIEN
2023-06-02 15:58:00,48.135,48.151,48.07,48.08,16220276.0,CIEN
2023-06-02 15:57:00,48.175,48.186,48.13,48.14,11521540.0,CIEN
2023-06-02 15:56:00,48.17,48.191,48.165,48.175,8458596.0,CIEN
2023-06-02 15:55:00,48.21,48.221,48.145,48.17,14415114.0,CIEN
2023-06-02 15:54:00,48.18,48.226,48.175,48.2,8073844.0,CIEN
2023-06-02 15:53:00,48.12,48.201,48.11,48.185,10287160.0,CIEN
2023-06-02 15:52:00,48.15,48.171,48.12,48.12,5982697.0,CIEN
2023-06-02 15:51:00,48.185,48.206,48.15,48.155,8364590.0,CIEN
2023-06-02 15:50:00,48.24,48.261,48.185,48.19,6651451.0,CIEN
2023-06-02 15:49:00,48.24,48.281,48.24,48.27,4468677.0,CIEN
2023-06-02 15:48:00,48.185,48.261,48.185,48.25,7918357.0,CIEN
2023-06-02 15:47:00,48.175,48.206,48.15,48.185,4210060.0,CIEN
2023-06-02 15:46:00,48.21,48.226,48.17,48.175,3211291.0,CIEN
2023-06-02 15:45:00,48.205,48.216,48.18,48.205,5700281.0,CIEN
2023-06-02 15:44:00,48.21,48.226,48.2,48.21,2839232.0,CIEN
2023-06-02 15:43:00,48.215,48.231,48.2,48.2,3536942.0,CIEN
2023-06-02 15:42:00,48.235,48.261,48.23,48.23,4052986.0,CIEN
2023-06-02 15:41:00,48.23,48.241,48.21,48.23,3987935.0,CIEN
2023-06-02 15:40:00,48.24,48.251,48.23,48.23,605687.0,CIEN
2023-06-02 15:39:00,48.23,48.256,48.225,48.23,2832489.0,CIEN
2023-06-02 15:38:00,48.244,48.256,48.22,48.23,1011065.0,CIEN
2023-06-02 15:37:00,48.212,48.256,48.21,48.245,3454042.0,CIEN
2023-06-02 15:36:00,48.205,48.241,48.195,48.215,8923472.0,CIEN
2023-06-02 15:35:00,48.185,48.221,48.17,48.21,2822573.0,CIEN
2023-06-02 15:34:00,48.14,48.196,48.14,48.185,2087181.0,CIEN
2023-06-02 15:33:00,48.175,48.211,48.14,48.15,5138622.0,CIEN
2023-06-02 15:32:00,48.18,48.211,48.175,48.175,2621074.0,CIEN
2023-06-02 15:31:00,48.175,48.211,48.175,48.185,2600051.0,CIEN
2023-06-02 15:30:00,48.155,48.201,48.13,48.19,4032757.0,CIEN
2023-06-02 15:29:00,48.18,48.191,48.155,48.155,991629.0,CIEN
2023-06-02 15:28:00,48.18,48.201,48.175,48.18,1859106.0,CIEN
2023-06-02 15:27:00,48.195,48.221,48.18,48.2,3368365.0,CIEN
2023-06-02 15:26:00,48.22,48.241,48.195,48.195,1307363.0,CIEN
2023-06-02 15:25:00,48.25,48.271,48.18,48.22,4735624.0,CIEN
2023-06-02 15:24:00,48.26,48.281,48.26,48.26,936097.0,CIEN
2023-06-02 15:23:00,48.25,48.281,48.25,48.27,3674977.0,CIEN
2023-06-02 15:22:00,48.225,48.261,48.225,48.245,6593540.0,CIEN
2023-06-02 15:21:00,48.22,48.241,48.21,48.225,797666.0,CIEN
2023-06-02 15:20:00,48.255,48.266,48.2,48.2,1141166.0,CIEN
2023-06-02 15:19:00,48.27,48.281,48.25,48.26,1691322.0,CIEN
2023-06-02 15:18:00,48.24,48.276,48.23,48.255,2258534.0,CIEN
2023-06-02 15:17:00,48.3,48.321,48.23,48.23,18531962.0,CIEN
2023-06-02 15:16:00,48.285,48.311,48.285,48.3,789733.0,CIEN
2023-06-02 15:15:00,48.27,48.311,48.27,48.3,2474313.0,CIEN
2023-06-02 15:14:00,48.22,48.271,48.215,48.25,1788502.0,CIEN
2023-06-02 15:13:00,48.13,48.226,48.13,48.215,7095304.0,CIEN
2023-06-02 15:12:00,48.11,48.161,48.11,48.15,1738920.0,CIEN
2023-06-02 15:11:00,48.08,48.121,48.08,48.11,1953509.0,CIEN
2023-06-02 15:10:00,48.05,48.111,48.05,48.08,14403611.0,CIEN
2023-06-02 15:09:00,48.1,48.111,48.05,48.05,764347.0,CIEN
2023-06-02 15:08:00,48.155,48.171,48.09,48.12,5853388.0,CIEN
2023-06-02 15:07:00,48.145,48.171,48.145,48.155,1086032.0,CIEN
2023-06-02 15:06:00,48.11,48.161,48.09,48.145,3205342.0,CIEN
2023-06-02 15:05:00,48.16,48.171,48.11,48.11,1546941.0,CIEN
2023-06-02 15:04:00,48.14,48.171,48.14,48.155,2427111.0,CIEN
2023-06-02 15:03:00,48.13,48.141,48.13,48.13,6832721.0,CIEN
2023-06-02 15:02:00,48.12,48.141,48.12,48.13,1071356.0,CIEN
2023-06-02 15:01:00,48.11,48.131,48.11,48.12,1329179.0,CIEN
2023-06-02 15:00:00,48.07,48.121,48.07,48.11,2136762.0,CIEN
2023-06-02 14:59:00,48.05,48.081,48.04,48.06,1943593.0,CIEN
2023-06-02 14:58:00,48.07,48.091,48.055,48.055,804806.0,CIEN
2023-06-02 14:57:00,48.06,48.071,48.06,48.06,389908.0,CIEN
2023-06-02 14:56:00,48.085,48.096,48.055,48.075,1997934.0,CIEN
2023-06-02 14:55:00,48.065,48.091,48.065,48.08,1494980.0,CIEN
2023-06-02 14:54:00,48.08,48.091,48.065,48.065,650112.0,CIEN
2023-06-02 14:53:00,48.05,48.091,48.05,48.08,2572286.0,CIEN
2023-06-02 14:52:00,48.045,48.056,48.045,48.045,591804.0,CIEN
2023-06-02 14:51:00,48.035,48.061,48.03,48.045,1226843.0,CIEN
2023-06-02 14:50:00,48.01,48.051,48.01,48.03,1638964.0,CIEN
2023-06-02 14:49:00,48.08,48.091,48.02,48.02,1044780.0,CIEN
2023-06-02 14:48:00,48.08,48.091,48.08,48.08,446629.0,CIEN
2023-06-02 14:47:00,48.025,48.091,48.025,48.08,2626230.0,CIEN
2023-06-02 14:46:00,48.005,48.041,48.005,48.025,1578276.0,CIEN
2023-06-02 14:45:00,48.06,48.081,47.99,48.005,1836893.0,CIEN
2023-06-02 14:44:00,48.06,48.071,48.05,48.05,1620718.0,CIEN
2023-06-02 14:43:00,47.98,48.071,47.98,48.04,6101692.0,CIEN
2023-06-02 14:42:00,48.04,48.061,47.956,47.98,10482313.0,CIEN
2023-06-02 14:41:00,48.075,48.086,48.06,48.06,547379.0,CIEN
2023-06-02 14:40:00,48.08,48.096,48.07,48.075,448613.0,CIEN
2023-06-02 14:39:00,48.09,48.111,48.08,48.08,507317.0,CIEN
2023-06-02 14:38:00,48.09,48.131,48.09,48.1,1465627.0,CIEN
2023-06-02 14:37:00,48.14,48.151,48.11,48.11,597357.0,CIEN
2023-06-02 14:36:00,48.11,48.156,48.11,48.14,1826184.0,CIEN
2023-06-02 14:35:00,48.19,48.201,48.11,48.11,1622701.0,CIEN
2023-06-02 14:34:00,48.26,48.271,48.215,48.22,2114550.0,CIEN
2023-06-02 14:33:00,48.25,48.271,48.25,48.25,1684579.0,CIEN
2023-06-02 14:32:00,48.22,48.251,48.22,48.24,1325213.0,CIEN
2023-06-02 14:31:00,48.23,48.241,48.22,48.23,1251832.0,CIEN
2023-06-02 14:30:00,48.23,48.241,48.205,48.22,592597.0,CIEN
2023-06-02 14:29:00,48.225,48.251,48.18,48.215,3845141.0,CIEN
2023-06-02 14:28:00,48.22,48.241,48.22,48.225,7094115.0,CIEN
2023-06-02 14:27:00,48.205,48.261,48.18,48.25,4319139.0,CIEN
2023-06-02 14:26:00,48.18,48.221,48.18,48.205,2076868.0,CIEN
2023-06-02 14:25:00,48.19,48.221,48.175,48.18,2292646.0,CIEN
2023-06-02 14:24:00,48.16,48.201,48.16,48.19,2370786.0,CIEN
2023-06-02 14:23:00,48.11,48.141,48.11,48.13,1454918.0,CIEN
2023-06-02 14:22:00,48.08,48.121,48.08,48.095,698106.0,CIEN
2023-06-02 14:21:00,48.02,48.051,48.015,48.04,1049936.0,CIEN
2023-06-02 14:20:00,47.99,48.031,47.99,48.02,616396.0,CIEN
2023-06-02 14:19:00,47.95,47.991,47.94,47.98,2052672.0,CIEN
2023-06-02 14:18:00,47.93,47.976,47.92,47.965,1644121.0,CIEN
2023-06-02 14:17:00,47.94,47.951,47.92,47.93,508904.0,CIEN
2023-06-02 14:16:00,47.91,47.961,47.91,47.95,1544164.0,CIEN
2023-06-02 14:15:00,47.89,47.921,47.89,47.91,1301810.0,CIEN
2023-06-02 14:14:00,47.88,47.891,47.855,47.88,1419219.0,CIEN
2023-06-02 14:13:00,47.88,47.891,47.86,47.88,3315214.0,CIEN
2023-06-02 14:12:00,47.9,47.921,47.9,47.9,1089205.0,CIEN
2023-06-02 14:11:00,47.895,47.921,47.895,47.895,612430.0,CIEN
2023-06-02 14:10:00,47.915,47.926,47.9,47.9,385148.0,CIEN
2023-06-02 14:09:00,47.88,47.931,47.87,47.92,1579863.0,CIEN
2023-06-02 14:08:00,47.85,47.891,47.85,47.88,1563997.0,CIEN
2023-06-02 14:07:00,47.9,47.916,47.85,47.85,1128077.0,CIEN
2023-06-02 14:06:00,47.95,47.961,47.905,47.905,1147513.0,CIEN
2023-06-02 14:05:00,47.97,47.981,47.93,47.94,769107.0,CIEN
2023-06-02 14:04:00,47.97,47.989,47.96,47.96,1119747.0,CIEN
2023-06-02 14:03:00,47.99,48.006,47.97,47.97,1623098.0,CIEN
2023-06-02 14:02:00,48.0,48.011,48.0,48.0,277259.0,CIEN
2023-06-02 14:01:00,47.99,48.011,47.99,48.0,1142753.0,CIEN
2023-06-02 14:00:00,47.98,48.001,47.975,47.98,823845.0,CIEN
2023-06-02 13:59:00,47.92,47.976,47.91,47.965,2668672.0,CIEN
2023-06-02 13:58:00,47.96,47.971,47.91,47.91,1142753.0,CIEN
2023-06-02 13:57:00,47.96,47.971,47.96,47.96,520406.0,CIEN
2023-06-02 13:56:00,47.96,47.971,47.95,47.96,827415.0,CIEN
2023-06-02 13:55:00,47.96,47.981,47.935,47.94,1665936.0,CIEN
2023-06-02 13:54:00,47.99,48.021,47.97,47.98,2024113.0,CIEN
2023-06-02 13:53:00,47.99,48.001,47.97,47.98,1088412.0,CIEN
2023-06-02 13:52:00,48.03,48.041,47.99,47.99,923405.0,CIEN
2023-06-02 13:51:00,48.04,48.056,48.04,48.04,464875.0,CIEN
2023-06-02 13:50:00,48.05,48.061,48.04,48.04,1500929.0,CIEN
2023-06-02 13:49:00,48.03,48.061,48.03,48.05,876600.0,CIEN
2023-06-02 13:48:00,48.05,48.081,48.05,48.05,1146719.0,CIEN
2023-06-02 13:47:00,48.03,48.061,48.03,48.05,886516.0,CIEN
2023-06-02 13:46:00,48.01,48.031,48.005,48.02,1010271.0,CIEN
2023-06-02 13:45:00,48.01,48.031,48.01,48.01,501764.0,CIEN
2023-06-02 13:44:00,47.99,48.026,47.99,48.01,962673.0,CIEN
2023-06-02 13:43:00,47.97,47.991,47.96,47.98,1462851.0,CIEN
2023-06-02 13:42:00,47.98,48.011,47.97,47.97,1212564.0,CIEN
2023-06-02 13:41:00,47.99,48.001,47.97,47.97,1149496.0,CIEN
2023-06-02 13:40:00,48.115,48.126,48.095,48.095,3607462.0,CIEN
2023-06-02 13:39:00,48.115,48.136,48.095,48.105,9205377.0,CIEN
2023-06-02 13:38:00,48.105,48.116,48.095,48.105,2204560.0,CIEN
2023-06-02 13:37:00,48.085,48.12,48.085,48.109,4437751.0,CIEN
2023-06-02 13:36:00,48.125,48.136,48.085,48.085,1877175.0,CIEN
2023-06-02 13:35:00,48.165,48.181,48.155,48.155,2899164.0,CIEN
2023-06-02 13:34:00,48.145,48.176,48.145,48.15,2199581.0,CIEN
2023-06-02 13:33:00,48.16,48.176,48.135,48.155,3522815.0,CIEN
2023-06-02 13:32:00,48.175,48.186,48.155,48.165,3566383.0,CIEN
2023-06-02 13:31:00,48.19,48.202,48.19,48.19,740662.0,CIEN
2023-06-02 13:30:00,48.215,48.237,48.19,48.19,2809538.0,CIEN
2023-06-02 13:29:00,48.215,48.227,48.205,48.205,1486304.0,CIEN
2023-06-02 13:28:00,48.065,48.076,48.055,48.055,1511496.0,CIEN
2023-06-02 13:27:00,48.005,48.056,48.005,48.045,3233133.0,CIEN
2023-06-02 13:26:00,48.005,48.016,47.985,48.005,1122861.0,CIEN
2023-06-02 13:25:00,47.995,48.021,47.985,48.005,3980019.0,CIEN
2023-06-02 13:24:00,48.02,48.031,47.98,47.985,2943239.0,CIEN
2023-06-02 13:23:00,48.015,48.036,48.015,48.021,2169768.0,CIEN
2023-06-02 13:22:00,48.005,48.026,48.005,48.015,2282434.0,CIEN
2023-06-02 13:21:00,48.005,48.036,48.005,48.015,2234330.0,CIEN
2023-06-02 13:20:00,47.99,48.016,47.99,48.005,1684925.0,CIEN
2023-06-02 13:19:00,47.985,48.001,47.985,47.99,1705180.0,CIEN
2023-06-02 13:18:00,47.995,48.016,47.995,47.995,2644485.0,CIEN
2023-06-02 13:17:00,47.965,48.006,47.965,47.995,3350862.0,CIEN
2023-06-02 13:16:00,47.955,47.981,47.935,47.945,6696661.0,CIEN
2023-06-02 13:15:00,47.985,47.996,47.955,47.955,2600178.0,CIEN
2023-06-02 13:14:00,47.915,47.981,47.905,47.97,11148865.0,CIEN
2023-06-02 13:13:00,47.905,47.926,47.905,47.905,4969960.0,CIEN
2023-06-02 13:12:00,47.925,47.936,47.925,47.925,669666.0,CIEN
2023-06-02 13:11:00,47.905,47.961,47.895,47.95,5006126.0,CIEN
2023-06-02 13:10:00,47.895,47.961,47.885,47.95,17876319.0,CIEN
2023-06-02 13:09:00,47.935,47.991,47.885,47.94,29147202.0,CIEN
2023-06-02 13:08:00,47.915,47.981,47.905,47.97,8488649.0,CIEN
2023-06-02 13:07:00,47.915,47.981,47.9,47.96,14195065.0,CIEN
2023-06-02 13:06:00,47.915,47.971,47.892,47.96,16825884.0,CIEN
2023-06-02 13:05:00,47.885,47.971,47.875,47.96,19380996.0,CIEN
2023-06-02 13:04:00,47.87,47.926,47.86,47.915,8270991.0,CIEN
2023-06-02 13:03:00,47.875,47.941,47.865,47.92,19466167.0,CIEN
2023-06-02 13:02:00,47.845,47.941,47.835,47.93,94453968.0,CIEN
2023-06-02 13:01:00,47.875,47.931,47.84,47.9,16277008.0,CIEN
2023-06-02 13:00:00,47.975,48.031,47.895,47.95,20024506.0,CIEN
2023-06-02 12:59:00,48.065,48.121,48.055,48.11,8592746.0,CIEN
2023-06-02 12:57:00,48.065,48.131,48.065,48.12,4992330.0,CIEN
2023-06-02 12:56:00,48.065,48.131,48.075,48.132,6096581.0,CIEN
2023-06-02 12:55:00,48.065,48.136,48.055,48.13,11902407.0,CIEN
2023-06-02 12:54:00,48.065,48.121,48.085,48.14,1125903.0,CIEN
2023-06-02 12:53:00,48.095,48.151,48.105,48.16,1945585.0,CIEN
2023-06-02 12:52:00,48.115,48.171,48.105,48.16,6371871.0,CIEN
2023-06-02 12:51:00,48.115,48.191,48.135,48.21,11098191.0,CIEN
2023-06-02 12:50:00,48.115,48.171,48.12,48.18,5190291.0,CIEN
2023-06-02 12:49:00,48.105,48.171,48.105,48.16,11732284.0,CIEN
2023-06-02 12:48:00,48.16,48.236,48.18,48.24,11497206.0,CIEN
2023-06-02 12:47:00,47.95,48.026,47.97,48.03,5963859.0,CIEN
2023-06-02 12:46:00,47.94,48.021,47.96,48.03,6379420.0,CIEN
2023-06-02 12:45:00,47.94,47.996,47.96,48.015,625747.0,CIEN
2023-06-02 12:44:00,47.915,47.991,47.935,48.01,2820679.0,CIEN
2023-06-02 12:43:00,47.895,47.961,47.915,47.98,1893288.0,CIEN
2023-06-02 12:42:00,47.885,47.941,47.865,47.95,9370174.0,CIEN
2023-06-02 12:41:00,47.885,47.941,47.905,47.96,1920564.0,CIEN
2023-06-02 12:40:00,47.89,47.946,47.895,47.96,2865604.0,CIEN
2023-06-02 12:39:00,47.86,47.931,47.88,47.95,2047318.0,CIEN
2023-06-02 12:38:00,47.815,47.911,47.835,47.93,3497770.0,CIEN
2023-06-02 12:37:00,47.825,47.881,47.835,47.89,2693925.0,CIEN
2023-06-02 12:36:00,47.825,47.901,47.845,47.915,9374987.0,CIEN
2023-06-02 12:35:00,47.785,47.866,47.805,47.885,2782171.0,CIEN
2023-06-02 12:34:00,47.726,47.827,47.745,47.845,3096650.0,CIEN
2023-06-02 12:33:00,47.696,47.792,47.715,47.81,4580795.0,CIEN
2023-06-02 12:32:00,47.636,47.732,47.646,47.74,7624933.0,CIEN
2023-06-02 12:31:00,47.661,47.717,47.626,47.71,12616528.0,CIEN
2023-06-02 12:30:00,47.661,47.722,47.671,47.73,2256766.0,CIEN
2023-06-02 12:29:00,47.656,47.722,47.666,47.73,2732156.0,CIEN
2023-06-02 12:28:00,47.641,47.712,47.636,47.72,16438342.0,CIEN
2023-06-02 12:27:00,47.636,47.712,47.643,47.698,6628751.0,CIEN
2023-06-02 12:26:00,47.636,47.692,47.646,47.7,3592131.0,CIEN
2023-06-02 12:25:00,47.646,47.712,47.646,47.72,3872558.0,CIEN
2023-06-02 12:24:00,47.646,47.702,47.646,47.7,2171303.0,CIEN
2023-06-02 12:23:00,47.631,47.722,47.641,47.72,5993117.0,CIEN
2023-06-02 12:22:00,47.596,47.672,47.596,47.681,5493691.0,CIEN
2023-06-02 12:21:00,47.552,47.692,47.561,47.69,9107189.0,CIEN
2023-06-02 12:20:00,47.552,47.607,47.561,47.616,574206.0,CIEN
2023-06-02 12:19:00,47.557,47.622,47.536,47.616,12426906.0,CIEN
2023-06-02 12:18:00,47.591,47.647,47.581,47.646,5790142.0,CIEN
2023-06-02 12:17:00,47.559,47.702,47.569,47.69,6663471.0,CIEN
2023-06-02 12:16:00,47.38,47.523,47.4,47.521,2881271.0,CIEN
2023-06-02 12:15:00,47.407,47.473,47.387,47.452,4048792.0,CIEN
2023-06-02 12:14:00,47.417,47.473,47.437,47.491,585492.0,CIEN
2023-06-02 12:13:00,47.378,47.453,47.387,47.471,7695708.0,CIEN
2023-06-02 12:12:00,47.368,47.438,47.367,47.452,4926454.0,CIEN
2023-06-02 12:11:00,47.318,47.423,47.338,47.432,12230679.0,CIEN
2023-06-02 12:10:00,47.298,47.374,47.308,47.372,4416024.0,CIEN
2023-06-02 12:09:00,47.249,47.334,47.268,47.348,3034862.0,CIEN
2023-06-02 12:08:00,47.234,47.314,47.253,47.323,1816528.0,CIEN
2023-06-02 12:07:00,47.249,47.304,47.239,47.313,22738369.0,CIEN
2023-06-02 12:06:00,47.249,47.314,47.248,47.332,14340532.0,CIEN
2023-06-02 12:05:00,47.209,47.284,47.229,47.303,4340961.0,CIEN
2023-06-02 12:04:00,47.219,47.275,47.212,47.268,878816.0,CIEN
2023-06-02 12:03:00,47.17,47.265,47.189,47.283,2510574.0,CIEN
2023-06-02 12:02:00,47.199,47.255,47.179,47.253,10266333.0,CIEN
2023-06-02 12:01:00,47.249,47.304,47.234,47.288,4084591.0,CIEN
2023-06-02 12:00:00,47.279,47.334,47.268,47.323,2489787.0,CIEN
2023-06-02 11:59:00,47.645,47.701,47.605,47.66,20403041.0,CIEN
2023-06-02 11:58:00,47.655,47.761,47.635,47.69,37134292.0,CIEN
2023-06-02 11:57:00,47.591,47.711,47.58,47.7,27330233.0,CIEN
2023-06-02 11:56:00,47.546,47.651,47.535,47.64,47875225.0,CIEN
2023-06-02 11:55:00,47.601,47.671,47.545,47.605,39291942.0,CIEN
2023-06-02 11:54:00,47.586,47.661,47.565,47.64,273084678.0,CIEN
2023-06-02 11:53:00,47.596,47.661,47.57,47.63,51168480.0,CIEN
2023-06-02 11:52:00,47.621,47.691,47.595,47.66,28948471.0,CIEN
2023-06-02 11:51:00,47.616,47.681,47.6,47.665,20346261.0,CIEN
2023-06-02 11:50:00,47.665,47.721,47.595,47.65,27387013.0,CIEN
2023-06-02 11:49:00,47.705,47.761,47.645,47.7,20696406.0,CIEN
2023-06-02 11:48:00,47.655,47.761,47.635,47.735,33897817.0,CIEN
2023-06-02 11:47:00,47.67,47.726,47.605,47.66,50070729.0,CIEN
2023-06-02 11:46:00,47.665,47.741,47.655,47.73,8725233.0,CIEN
2023-06-02 11:45:00,47.675,47.741,47.655,47.71,13305508.0,CIEN
2023-06-02 11:44:00,47.618,47.721,47.608,47.71,18463049.0,CIEN
2023-06-02 11:43:00,47.636,47.701,47.61,47.665,18150757.0,CIEN
2023-06-02 11:42:00,47.645,47.711,47.625,47.7,13920627.0,CIEN
2023-06-02 11:41:00,47.635,47.691,47.615,47.67,12434877.0,CIEN
2023-06-02 11:40:00,47.665,47.721,47.605,47.67,18529292.0,CIEN
2023-06-02 11:39:00,47.636,47.731,47.615,47.715,42623051.0,CIEN
2023-06-02 11:38:00,47.636,47.721,47.625,47.68,68978556.0,CIEN
2023-06-02 11:37:00,47.655,47.711,47.605,47.67,23838247.0,CIEN
2023-06-02 11:36:00,47.645,47.731,47.635,47.72,15056233.0,CIEN
2023-06-02 11:35:00,47.645,47.711,47.625,47.68,11450686.0,CIEN
2023-06-02 11:34:00,47.586,47.711,47.556,47.7,44345385.0,CIEN
2023-06-02 11:33:00,47.636,47.691,47.595,47.65,13967944.0,CIEN
2023-06-02 11:32:00,47.705,47.761,47.625,47.68,44619823.0,CIEN
2023-06-02 11:31:00,47.735,47.791,47.71,47.765,5933537.0,CIEN
2023-06-02 11:30:00,47.705,47.781,47.675,47.765,43645095.0,CIEN
2023-06-02 11:29:00,47.71,47.766,47.695,47.75,8554893.0,CIEN
2023-06-02 11:28:00,47.695,47.771,47.665,47.76,40635742.0,CIEN
2023-06-02 11:27:00,47.655,47.781,47.645,47.75,59903178.0,CIEN
2023-06-02 11:26:00,47.665,47.731,47.645,47.7,22153766.0,CIEN
2023-06-02 11:25:00,47.626,47.711,47.615,47.695,32317433.0,CIEN
2023-06-02 11:24:00,47.636,47.691,47.595,47.67,15822766.0,CIEN
2023-06-02 11:23:00,47.675,47.731,47.625,47.68,24434440.0,CIEN
2023-06-02 11:22:00,47.665,47.731,47.645,47.7,47799518.0,CIEN
2023-06-02 11:21:00,47.616,47.711,47.585,47.7,39613697.0,CIEN
2023-06-02 11:20:00,47.576,47.631,47.565,47.62,1372189.0,CIEN
2023-06-02 11:19:00,47.591,47.661,47.55,47.65,42329686.0,CIEN
2023-06-02 11:18:00,47.586,47.646,47.575,47.63,6397243.0,CIEN
2023-06-02 11:17:00,47.506,47.641,47.496,47.61,37825118.0,CIEN
2023-06-02 11:16:00,47.506,47.561,47.496,47.55,6804168.0,CIEN
2023-06-02 11:15:00,47.485,47.571,47.474,47.535,30339587.0,CIEN
2023-06-02 11:14:00,47.496,47.551,47.476,47.53,12113122.0,CIEN
2023-06-02 11:13:00,47.521,47.576,47.486,47.54,5706416.0,CIEN
2023-06-02 11:12:00,47.546,47.601,47.516,47.57,11744051.0,CIEN
2023-06-02 11:11:00,47.576,47.651,47.526,47.59,89059843.0,CIEN
2023-06-02 11:10:00,47.526,47.656,47.516,47.64,89845303.0,CIEN
2023-06-02 11:09:00,47.516,47.581,47.493,47.57,12245610.0,CIEN
2023-06-02 11:08:00,47.466,47.591,47.456,47.575,38023849.0,CIEN
2023-06-02 11:07:00,47.496,47.551,47.456,47.54,26459602.0,CIEN
2023-06-02 11:06:00,47.511,47.566,47.476,47.53,17147639.0,CIEN
2023-06-02 11:05:00,47.511,47.581,47.486,47.555,13125704.0,CIEN
2023-06-02 11:04:00,47.506,47.581,47.491,47.545,38184727.0,CIEN
2023-06-02 11:03:00,47.516,47.571,47.496,47.55,20658552.0,CIEN
2023-06-02 11:02:00,47.486,47.571,47.476,47.56,9283573.0,CIEN
2023-06-02 11:01:00,47.436,47.531,47.426,47.52,32156555.0,CIEN
2023-06-02 11:00:00,47.441,47.511,47.426,47.495,37635851.0,CIEN
2023-06-02 10:59:00,47.156,47.211,47.146,47.2,3719107.0,CIEN
2023-06-02 10:58:00,47.146,47.202,47.132,47.205,2923964.0,CIEN
2023-06-02 10:57:00,47.136,47.192,47.126,47.195,5366791.0,CIEN
2023-06-02 10:56:00,47.111,47.182,47.087,47.17,3899744.0,CIEN
2023-06-02 10:55:00,47.115,47.162,47.115,47.165,1114212.0,CIEN
2023-06-02 10:54:00,47.121,47.172,47.111,47.166,1311732.0,CIEN
2023-06-02 10:53:00,47.107,47.172,47.101,47.175,3163689.0,CIEN
2023-06-02 10:52:00,47.087,47.172,47.077,47.175,4282966.0,CIEN
2023-06-02 10:51:00,47.052,47.142,47.052,47.146,4215438.0,CIEN
2023-06-02 10:50:00,47.087,47.132,47.047,47.101,6307119.0,CIEN
2023-06-02 10:49:00,47.211,47.256,47.087,47.151,14086350.0,CIEN
2023-06-02 10:48:00,47.141,47.241,47.141,47.245,8035837.0,CIEN
2023-06-02 10:47:00,47.067,47.192,47.037,47.195,5704431.0,CIEN
2023-06-02 10:46:00,47.007,47.092,47.007,47.083,3403413.0,CIEN
2023-06-02 10:45:00,46.997,47.072,46.997,47.076,3310562.0,CIEN
2023-06-02 10:44:00,47.027,47.072,46.978,47.027,4347118.0,CIEN
2023-06-02 10:43:00,46.97,47.072,46.953,47.076,3286927.0,CIEN
2023-06-02 10:42:00,46.898,47.008,46.898,47.011,14488142.0,CIEN
2023-06-02 10:41:00,46.879,46.924,46.858,46.907,1835074.0,CIEN
2023-06-02 10:40:00,46.685,46.73,46.63,46.679,3721512.0,CIEN
2023-06-02 10:39:00,46.685,46.73,46.65,46.698,1674167.0,CIEN
2023-06-02 10:38:00,46.714,46.759,46.62,46.669,3817375.0,CIEN
2023-06-02 10:37:00,46.68,46.759,46.62,46.728,6142036.0,CIEN
2023-06-02 10:36:00,46.744,46.789,46.63,46.738,10993355.0,CIEN
2023-06-02 10:35:00,46.729,46.774,46.67,46.718,8483816.0,CIEN
2023-06-02 10:34:00,46.75,46.799,46.715,46.768,1961754.0,CIEN
2023-06-02 10:33:00,46.704,46.828,46.62,46.797,13513165.0,CIEN
2023-06-02 10:32:00,46.754,46.799,46.66,46.748,31398338.0,CIEN
2023-06-02 10:31:00,46.783,46.848,46.729,46.782,8346870.0,CIEN
2023-06-02 10:30:00,46.759,46.828,46.724,46.797,11500056.0,CIEN
2023-06-02 10:29:00,46.774,46.819,46.729,46.777,5200531.0,CIEN
2023-06-02 10:28:00,46.764,46.848,46.729,46.817,7980539.0,CIEN
2023-06-02 10:27:00,46.719,46.789,46.684,46.745,4378854.0,CIEN
2023-06-02 10:26:00,46.744,46.789,46.689,46.748,4861589.0,CIEN
2023-06-02 10:25:00,46.64,46.769,46.581,46.738,25934185.0,CIEN
2023-06-02 10:24:00,46.685,46.736,46.61,46.659,6477555.0,CIEN
2023-06-02 10:23:00,46.734,46.779,46.65,46.698,9860126.0,CIEN
2023-06-02 10:22:00,46.709,46.754,46.65,46.698,2040498.0,CIEN
2023-06-02 10:21:00,46.774,46.819,46.674,46.723,5916075.0,CIEN
2023-06-02 10:20:00,46.675,46.828,46.64,46.797,11041286.0,CIEN
2023-06-02 10:19:00,46.651,46.739,46.591,46.708,13574791.0,CIEN
2023-06-02 10:18:00,46.695,46.749,46.641,46.689,3221659.0,CIEN
2023-06-02 10:17:00,46.675,46.72,46.531,46.679,35184901.0,CIEN
2023-06-02 10:16:00,46.774,46.828,46.64,46.693,14324571.0,CIEN
2023-06-02 10:15:00,46.739,46.819,46.704,46.753,2126089.0,CIEN
2023-06-02 10:14:00,46.754,46.799,46.67,46.718,2458184.0,CIEN
2023-06-02 10:13:00,46.695,46.828,46.644,46.748,9459558.0,CIEN
2023-06-02 10:12:00,46.536,46.749,46.492,46.674,22144199.0,CIEN
2023-06-02 10:11:00,46.566,46.611,46.526,46.575,3926932.0,CIEN
2023-06-02 10:10:00,46.517,46.65,46.482,46.619,10339437.0,CIEN
2023-06-02 10:09:00,46.546,46.591,46.452,46.54,9000788.0,CIEN
2023-06-02 10:08:00,46.586,46.65,46.531,46.58,23705386.0,CIEN
2023-06-02 10:07:00,46.576,46.65,46.502,46.59,10137442.0,CIEN
2023-06-02 10:06:00,46.492,46.591,46.457,46.56,8542018.0,CIEN
2023-06-02 10:05:00,46.413,46.532,46.375,46.481,15149672.0,CIEN
2023-06-02 10:04:00,46.388,46.492,46.329,46.422,8548866.0,CIEN
2023-06-02 10:03:00,46.428,46.472,46.353,46.402,7008221.0,CIEN
2023-06-02 10:02:00,46.492,46.551,46.393,46.491,21004122.0,CIEN
2023-06-02 10:01:00,46.971,47.041,46.896,47.0,58057819.0,CIEN
2023-06-02 10:00:00,47.036,47.091,46.916,47.015,94860893.0,CIEN
2023-06-02 09:59:00,47.406,47.461,47.396,47.45,18926.0,CIEN
2023-06-02 09:58:00,47.466,47.512,47.436,47.46,3545.0,CIEN
2023-06-02 09:57:00,47.637,47.683,47.557,47.571,14810.0,CIEN
2023-06-02 09:56:00,47.557,47.683,47.557,47.651,24230.0,CIEN
2023-06-02 09:55:00,47.567,47.623,47.567,47.611,16015.0,CIEN
2023-06-02 09:54:00,47.547,47.673,47.577,47.631,42557.0,CIEN
2023-06-02 09:53:00,47.728,47.784,47.577,47.581,15317.0,CIEN
2023-06-02 09:52:00,47.758,47.814,47.728,47.772,19168.0,CIEN
2023-06-02 09:51:00,47.828,47.874,47.728,47.762,33091.0,CIEN
2023-06-02 09:50:00,47.839,47.884,47.869,47.873,5171.0,CIEN
2023-06-02 09:49:00,47.828,47.895,47.758,47.863,40891.0,CIEN
2023-06-02 09:48:00,47.798,47.905,47.798,47.848,15006.0,CIEN
2023-06-02 09:47:00,47.788,47.854,47.728,47.843,80757.0,CIEN
2023-06-02 09:46:00,47.773,47.874,47.798,47.843,52883.0,CIEN
2023-06-02 09:45:00,47.924,47.995,47.708,47.808,159848.0,CIEN
2023-06-02 09:44:00,48.03,48.116,47.98,47.984,57794.0,CIEN
2023-06-02 09:43:00,48.06,48.116,48.03,48.054,42736.0,CIEN
2023-06-02 09:42:00,48.07,48.136,48.06,48.125,44408.0,CIEN
2023-06-02 09:41:00,48.148,48.207,48.097,48.15,14078.0,CIEN
2023-06-02 09:40:00,48.1,48.197,48.04,48.044,20010.0,CIEN
2023-06-02 09:39:00,48.05,48.146,48.08,48.128,16136.0,CIEN
2023-06-02 09:38:00,48.07,48.166,48.07,48.125,11685.0,CIEN
2023-06-02 09:37:00,48.1,48.146,48.085,48.13,10740.0,CIEN
2023-06-02 09:36:00,48.1,48.146,48.096,48.1,17721.0,CIEN
2023-06-02 09:35:00,48.13,48.267,48.101,48.135,29920.0,CIEN
2023-06-02 09:34:00,48.1,48.146,48.04,48.135,28917.0,CIEN
2023-06-02 09:33:00,48.13,48.227,48.03,48.105,44212.0,CIEN
2023-06-02 09:32:00,48.291,48.338,48.08,48.12,55575.0,CIEN
2023-06-02 09:31:00,48.186,48.338,48.211,48.306,16759.0,CIEN
2023-06-02 09:30:00,47.839,48.328,47.778,48.296,109651.0,CIEN
2023-06-02 09:29:00,47.406,47.451,47.426,47.43,1153.0,CIEN
2023-06-02 08:29:00,47.046,47.101,47.026,47.08,1892675.0,CIEN
2023-06-02 08:28:00,46.415,46.469,46.395,46.448,94633.0,CIEN
2023-06-02 08:20:00,46.966,47.021,46.956,47.01,9463.0,CIEN
2023-06-02 07:35:00,46.976,47.031,46.966,47.02,18926.0,CIEN
2023-06-01 19:56:00,47.286,47.341,47.276,47.33,18926.0,CIEN
2023-06-01 19:16:00,47.296,47.351,47.286,47.34,47316.0,CIEN
2023-06-01 19:00:00,46.966,47.021,46.956,47.01,1041293255.0,CIEN
2023-06-01 18:30:00,46.966,47.021,46.956,47.01,1041293255.0,CIEN
2023-06-01 17:34:00,47.306,47.361,47.296,47.35,189267.0,CIEN
2023-06-01 17:21:00,47.276,47.331,47.266,47.32,18926.0,CIEN
2023-06-01 17:10:00,46.956,47.011,46.946,47.0,56780.0,CIEN
2023-06-01 16:59:00,46.936,46.991,46.926,46.98,899020.0,CIEN
2023-06-01 16:51:00,47.036,47.091,47.026,47.08,47316886.0,CIEN
2023-06-01 16:44:00,46.966,47.021,46.956,47.01,9075378.0,CIEN
2023-06-01 16:10:00,46.966,47.021,46.956,47.01,1042078715.0,CIEN
2023-06-01 16:07:00,45.839,46.961,45.83,46.95,18926.0,CIEN
2023-06-01 16:05:00,46.966,47.021,46.956,47.01,15359061.0,CIEN
2023-06-01 16:04:00,46.923,46.978,46.913,46.967,75583994.0,CIEN
2023-06-01 16:01:00,46.966,47.021,46.956,47.01,75707.0,CIEN
2023-06-01 16:00:00,46.961,47.031,46.951,47.01,2154432470.0,CIEN
2023-06-01 15:59:00,46.887,47.031,46.877,47.02,305506208.0,CIEN
2023-06-01 15:58:00,46.901,46.961,46.877,46.93,138089601.0,CIEN
2023-06-01 15:57:00,46.951,47.011,46.887,46.94,174287019.0,CIEN
2023-06-01 15:56:00,46.961,47.031,46.936,46.99,130869044.0,CIEN
2023-06-01 15:55:00,46.906,47.041,46.896,47.005,202828565.0,CIEN
2023-06-01 15:54:00,46.877,46.956,46.837,46.945,156041627.0,CIEN
2023-06-01 15:53:00,46.787,46.941,46.777,46.93,120620206.0,CIEN
2023-06-01 15:52:00,46.807,46.862,46.768,46.825,68070072.0,CIEN
2023-06-01 15:51:00,46.802,46.882,46.772,46.845,164823642.0,CIEN
2023-06-01 15:50:00,46.877,46.936,46.787,46.845,87507849.0,CIEN
2023-06-01 15:49:00,46.887,46.946,46.867,46.925,25314534.0,CIEN
2023-06-01 15:48:00,46.882,46.971,46.867,46.925,71827033.0,CIEN
2023-06-01 15:47:00,46.857,46.941,46.847,46.925,63925113.0,CIEN
2023-06-01 15:46:00,46.847,46.911,46.822,46.895,92211148.0,CIEN
2023-06-01 15:45:00,46.837,46.911,46.822,46.885,70965866.0,CIEN
2023-06-01 15:44:00,46.852,46.926,46.822,46.88,79274711.0,CIEN
2023-06-01 15:43:00,46.837,46.911,46.822,46.9,65779935.0,CIEN
2023-06-01 15:42:00,46.847,46.901,46.827,46.89,13002680.0,CIEN
2023-06-01 15:41:00,46.847,46.941,46.832,46.89,98769268.0,CIEN
2023-06-01 15:40:00,46.897,46.951,46.827,46.89,92627536.0,CIEN
2023-06-01 15:39:00,46.867,46.961,46.857,46.95,73435807.0,CIEN
2023-06-01 15:38:00,46.916,46.971,46.857,46.911,66934467.0,CIEN
2023-06-01 15:37:00,46.946,47.001,46.896,46.96,32440457.0,CIEN
2023-06-01 15:36:00,46.936,47.021,46.916,47.0,51745746.0,CIEN
2023-06-01 15:35:00,46.956,47.021,46.916,46.97,48452491.0,CIEN
2023-06-01 15:34:00,46.981,47.036,46.93,47.01,52606914.0,CIEN
2023-06-01 15:33:00,47.016,47.091,46.986,47.04,47118155.0,CIEN
2023-06-01 15:32:00,47.031,47.086,46.996,47.05,35743175.0,CIEN
2023-06-01 15:31:00,47.076,47.151,47.016,47.08,65391936.0,CIEN
2023-06-01 15:30:00,47.106,47.181,47.071,47.125,29232372.0,CIEN
2023-06-01 15:29:00,47.161,47.221,47.083,47.155,71353864.0,CIEN
2023-06-01 15:28:00,47.166,47.231,47.151,47.215,45755429.0,CIEN
2023-06-01 15:27:00,47.161,47.221,47.141,47.205,24604780.0,CIEN
2023-06-01 15:26:00,47.176,47.231,47.146,47.21,24860292.0,CIEN
2023-06-01 15:25:00,47.181,47.251,47.171,47.23,28267107.0,CIEN
2023-06-01 15:24:00,47.136,47.236,47.126,47.22,120449865.0,CIEN
2023-06-01 15:23:00,47.146,47.201,47.116,47.175,18813194.0,CIEN
2023-06-01 15:22:00,47.166,47.221,47.136,47.19,11554783.0,CIEN
2023-06-01 15:21:00,47.186,47.246,47.146,47.2,33443575.0,CIEN
2023-06-01 15:20:00,47.146,47.221,47.126,47.21,27992669.0,CIEN
2023-06-01 15:19:00,47.176,47.231,47.136,47.19,14185602.0,CIEN
2023-06-01 15:18:00,47.161,47.231,47.136,47.22,21160111.0,CIEN
2023-06-01 15:17:00,47.146,47.221,47.136,47.21,27226136.0,CIEN
2023-06-01 15:16:00,47.186,47.241,47.136,47.195,27775012.0,CIEN
2023-06-01 15:15:00,47.176,47.261,47.156,47.24,33982987.0,CIEN
2023-06-01 15:14:00,47.136,47.241,47.126,47.23,24737268.0,CIEN
2023-06-01 15:13:00,47.142,47.197,47.131,47.185,6037634.0,CIEN
2023-06-01 15:12:00,47.116,47.201,47.101,47.185,29620370.0,CIEN
2023-06-01 15:11:00,47.121,47.181,47.106,47.16,6728461.0,CIEN
2023-06-01 15:10:00,47.121,47.176,47.096,47.15,3198621.0,CIEN
2023-06-01 15:09:00,47.146,47.201,47.106,47.17,20620699.0,CIEN
2023-06-01 15:08:00,47.186,47.241,47.136,47.19,16788031.0,CIEN
2023-06-01 15:07:00,47.196,47.251,47.166,47.24,6170121.0,CIEN
2023-06-01 15:06:00,47.171,47.251,47.161,47.24,9094305.0,CIEN
2023-06-01 15:05:00,47.186,47.251,47.151,47.23,40541108.0,CIEN
2023-06-01 15:04:00,47.146,47.241,47.136,47.22,29364859.0,CIEN
2023-06-01 15:03:00,47.131,47.201,47.121,47.19,18084513.0,CIEN
2023-06-01 15:02:00,47.106,47.181,47.096,47.17,14583064.0,CIEN
2023-06-01 15:01:00,47.106,47.171,47.09,47.144,9170012.0,CIEN
2023-06-01 15:00:00,47.101,47.156,47.076,47.13,3047207.0,CIEN
2023-06-01 14:59:00,47.116,47.171,47.106,47.16,2015699.0,CIEN
2023-06-01 14:58:00,47.121,47.176,47.091,47.145,33874358.0,CIEN
2023-06-01 14:57:00,47.121,47.186,47.111,47.165,40738344.0,CIEN
2023-06-01 14:56:00,47.121,47.186,47.111,47.175,9823882.0,CIEN
2023-06-01 14:55:00,47.091,47.181,47.081,47.17,16465081.0,CIEN
2023-06-01 14:54:00,47.076,47.166,47.066,47.155,14687161.0,CIEN
2023-06-01 14:53:00,47.076,47.141,47.064,47.13,19248509.0,CIEN
2023-06-01 14:52:00,47.056,47.166,47.046,47.1,37560144.0,CIEN
2023-06-01 14:51:00,47.056,47.111,47.016,47.09,94113287.0,CIEN
2023-06-01 14:50:00,47.071,47.126,47.046,47.11,3302718.0,CIEN
2023-06-01 14:49:00,47.071,47.126,47.061,47.115,2337454.0,CIEN
2023-06-01 14:48:00,47.086,47.146,47.056,47.135,20384114.0,CIEN
2023-06-01 14:47:00,47.071,47.161,47.061,47.14,13400142.0,CIEN
2023-06-01 14:46:00,47.046,47.131,47.036,47.12,16239155.0,CIEN
2023-06-01 14:45:00,47.056,47.111,47.046,47.1,11933318.0,CIEN
2023-06-01 14:44:00,47.076,47.131,47.056,47.11,7788359.0,CIEN
2023-06-01 14:43:00,47.086,47.141,47.076,47.13,6870411.0,CIEN
2023-06-01 14:42:00,47.106,47.166,47.076,47.13,23999124.0,CIEN
2023-06-01 14:41:00,47.106,47.161,47.076,47.14,5933537.0,CIEN
2023-06-01 14:40:00,47.096,47.151,47.086,47.14,5375198.0,CIEN
2023-06-01 14:39:00,47.086,47.161,47.066,47.14,18992998.0,CIEN
2023-06-01 14:38:00,47.096,47.151,47.036,47.115,66773590.0,CIEN
2023-06-01 14:37:00,47.116,47.171,47.086,47.14,15160330.0,CIEN
2023-06-01 14:36:00,47.136,47.191,47.106,47.16,4523494.0,CIEN
2023-06-01 14:35:00,47.096,47.186,47.086,47.17,33509818.0,CIEN
2023-06-01 14:34:00,47.096,47.151,47.086,47.14,3454132.0,CIEN
2023-06-01 14:33:00,47.101,47.161,47.086,47.145,17393687.0,CIEN
2023-06-01 14:32:00,47.101,47.156,47.091,47.145,5933537.0,CIEN
2023-06-01 14:31:00,47.126,47.181,47.086,47.155,8980745.0,CIEN
2023-06-01 14:30:00,47.136,47.201,47.126,47.18,6860948.0,CIEN
2023-06-01 14:29:00,47.156,47.211,47.126,47.19,7532848.0,CIEN
2023-06-01 14:28:00,47.191,47.251,47.146,47.205,31456266.0,CIEN
2023-06-01 14:27:00,47.176,47.256,47.166,47.235,13220338.0,CIEN
2023-06-01 14:26:00,47.146,47.221,47.136,47.2,13684043.0,CIEN
2023-06-01 14:25:00,47.156,47.211,47.121,47.18,19617581.0,CIEN
2023-06-01 14:24:00,47.176,47.231,47.146,47.2,6198512.0,CIEN
2023-06-01 14:23:00,47.196,47.251,47.176,47.23,7494994.0,CIEN
2023-06-01 14:22:00,47.191,47.266,47.181,47.25,15198183.0,CIEN
2023-06-01 14:21:00,47.186,47.261,47.176,47.235,10901810.0,CIEN
2023-06-01 14:20:00,47.156,47.256,47.126,47.24,20563918.0,CIEN
2023-06-01 14:19:00,47.206,47.261,47.146,47.2,12624145.0,CIEN
2023-06-01 14:18:00,47.241,47.296,47.196,47.25,18472512.0,CIEN
2023-06-01 14:17:00,47.251,47.306,47.241,47.295,5479295.0,CIEN
2023-06-01 14:16:00,47.271,47.326,47.236,47.29,13286581.0,CIEN
2023-06-01 14:15:00,47.256,47.341,47.246,47.32,15747059.0,CIEN
2023-06-01 14:14:00,47.261,47.316,47.251,47.305,2280673.0,CIEN
2023-06-01 14:13:00,47.271,47.326,47.236,47.305,6378316.0,CIEN
2023-06-01 14:12:00,47.286,47.341,47.246,47.3,3018817.0,CIEN
2023-06-01 14:11:00,47.276,47.336,47.266,47.325,3028280.0,CIEN
2023-06-01 14:10:00,47.311,47.366,47.246,47.315,13078387.0,CIEN
2023-06-01 14:09:00,47.311,47.381,47.296,47.35,8876647.0,CIEN
2023-06-01 14:08:00,47.236,47.366,47.226,47.355,26497456.0,CIEN
2023-06-01 14:07:00,47.246,47.311,47.226,47.28,11204638.0,CIEN
2023-06-01 14:06:00,47.316,47.391,47.246,47.3,31437339.0,CIEN
2023-06-01 14:05:00,47.351,47.406,47.286,47.34,51102237.0,CIEN
2023-06-01 14:04:00,47.326,47.411,47.316,47.395,21832011.0,CIEN
2023-06-01 14:03:00,47.286,47.371,47.276,47.36,15917400.0,CIEN
2023-06-01 14:02:00,47.246,47.346,47.236,47.335,13797604.0,CIEN
2023-06-01 14:01:00,47.246,47.301,47.236,47.29,4277446.0,CIEN
2023-06-01 14:00:00,47.276,47.331,47.226,47.29,23895027.0,CIEN
2023-06-01 13:59:00,47.231,47.311,47.221,47.3,19210655.0,CIEN
2023-06-01 13:58:00,47.211,47.291,47.196,47.27,87697117.0,CIEN
2023-06-01 13:57:00,47.206,47.261,47.168,47.25,29260762.0,CIEN
2023-06-01 13:56:00,47.211,47.266,47.191,47.245,6084951.0,CIEN
2023-06-01 13:55:00,47.186,47.281,47.176,47.255,37541217.0,CIEN
2023-06-01 13:54:00,47.186,47.251,47.176,47.24,12065806.0,CIEN
2023-06-01 13:53:00,47.156,47.241,47.141,47.23,50458727.0,CIEN
2023-06-01 13:52:00,47.171,47.226,47.151,47.205,42348613.0,CIEN
2023-06-01 13:51:00,47.166,47.256,47.156,47.22,42253979.0,CIEN
2023-06-01 13:50:00,47.166,47.221,47.156,47.21,7315190.0,CIEN
2023-06-01 13:49:00,47.146,47.226,47.136,47.21,22655325.0,CIEN
2023-06-01 13:48:00,47.116,47.211,47.106,47.19,66253104.0,CIEN
2023-06-01 13:47:00,47.061,47.176,47.051,47.165,26412285.0,CIEN
2023-06-01 13:46:00,47.086,47.141,47.046,47.103,34049231.0,CIEN
2023-06-01 13:45:00,47.096,47.151,47.076,47.13,7788359.0,CIEN
2023-06-01 13:44:00,47.096,47.151,47.076,47.13,16324325.0,CIEN
2023-06-01 13:43:00,47.081,47.156,47.061,47.145,23090640.0,CIEN
2023-06-01 13:42:00,47.081,47.136,47.071,47.125,6075488.0,CIEN
2023-06-01 13:41:00,47.081,47.136,47.071,47.125,4069252.0,CIEN
2023-06-01 13:40:00,47.086,47.141,47.061,47.12,23544882.0,CIEN
2023-06-01 13:39:00,47.096,47.151,47.056,47.125,21188501.0,CIEN
2023-06-01 13:38:00,47.076,47.151,47.066,47.135,17762759.0,CIEN
2023-06-01 13:37:00,47.086,47.141,47.066,47.12,11119468.0,CIEN
2023-06-01 13:36:00,47.096,47.151,47.081,47.135,8640063.0,CIEN
2023-06-01 13:35:00,47.106,47.161,47.081,47.135,9179475.0,CIEN
2023-06-01 13:34:00,47.096,47.161,47.086,47.145,14195065.0,CIEN
2023-06-01 13:33:00,47.086,47.151,47.076,47.14,5242711.0,CIEN
2023-06-01 13:32:00,47.086,47.151,47.076,47.14,10457031.0,CIEN
2023-06-01 13:31:00,47.046,47.131,47.031,47.12,19239046.0,CIEN
2023-06-01 13:30:00,47.046,47.101,47.036,47.09,7759969.0,CIEN
2023-06-01 13:29:00,47.066,47.121,47.028,47.09,27718232.0,CIEN
2023-06-01 13:28:00,47.076,47.141,47.056,47.11,15983644.0,CIEN
2023-06-01 13:27:00,47.046,47.131,47.026,47.12,19418850.0,CIEN
2023-06-01 13:26:00,47.021,47.101,47.011,47.09,18283244.0,CIEN
2023-06-01 13:25:00,47.056,47.111,46.999,47.065,39623160.0,CIEN
2023-06-01 13:24:00,47.116,47.171,47.01,47.08,56912750.0,CIEN
2023-06-01 13:23:00,47.116,47.181,47.106,47.17,11498003.0,CIEN
2023-06-01 13:22:00,47.061,47.161,47.051,47.15,25749849.0,CIEN
2023-06-01 13:21:00,47.066,47.121,47.056,47.11,2204966.0,CIEN
2023-06-01 13:20:00,47.036,47.111,47.026,47.1,13239264.0,CIEN
2023-06-01 13:19:00,47.01,47.091,46.979,47.065,33301624.0,CIEN
2023-06-01 13:18:00,47.076,47.131,47.006,47.07,49616487.0,CIEN
2023-06-01 13:17:00,47.061,47.131,47.031,47.12,59997811.0,CIEN
2023-06-01 13:16:00,47.076,47.131,47.051,47.105,8545429.0,CIEN
2023-06-01 13:15:00,47.031,47.116,47.021,47.105,26024287.0,CIEN
2023-06-01 13:14:00,47.031,47.101,47.021,47.075,8176357.0,CIEN
2023-06-01 13:13:00,47.016,47.071,47.006,47.06,1514140.0,CIEN
2023-06-01 13:12:00,47.046,47.101,47.021,47.075,9264646.0,CIEN
2023-06-01 13:11:00,47.026,47.121,47.016,47.105,30027296.0,CIEN
2023-06-01 13:10:00,47.196,47.316,47.186,47.3,185839667.0,CIEN
2023-06-01 13:09:00,47.176,47.266,47.146,47.245,243120221.0,CIEN
2023-06-01 13:08:00,47.211,47.296,47.166,47.245,81059596.0,CIEN
2023-06-01 13:07:00,47.196,47.307,47.186,47.285,112042636.0,CIEN
2023-06-01 13:06:00,47.226,47.306,47.176,47.255,67471571.0,CIEN
2023-06-01 13:05:00,47.336,47.417,47.216,47.295,229590765.0,CIEN
2023-06-01 13:04:00,47.341,47.422,47.326,47.406,30865901.0,CIEN
2023-06-01 13:03:00,47.346,47.427,47.331,47.411,97517506.0,CIEN
2023-06-01 13:02:00,47.336,47.417,47.326,47.406,27117480.0,CIEN
2023-06-01 13:01:00,47.336,47.417,47.326,47.406,17629290.0,CIEN
2023-06-01 13:00:00,47.326,47.417,47.311,47.401,107942801.0,CIEN
2023-06-01 12:59:00,47.437,47.517,47.426,47.506,26648928.0,CIEN
2023-06-01 12:58:00,47.472,47.532,47.411,47.491,130778822.0,CIEN
2023-06-01 12:57:00,47.492,47.573,47.462,47.531,101641455.0,CIEN
2023-06-01 12:56:00,47.522,47.583,47.492,47.551,60174998.0,CIEN
2023-06-01 12:55:00,47.542,47.603,47.517,47.581,25155864.0,CIEN
2023-06-01 12:54:00,47.522,47.613,47.502,47.602,57007893.0,CIEN
2023-06-01 12:53:00,47.512,47.603,47.492,47.576,102455853.0,CIEN
2023-06-01 12:52:00,47.532,47.593,47.502,47.561,45696803.0,CIEN
2023-06-01 12:51:00,47.522,47.603,47.472,47.586,210770851.0,CIEN
2023-06-01 12:50:00,47.559,47.62,47.527,47.586,23866399.0,CIEN
2023-06-01 12:49:00,47.577,47.638,47.537,47.602,23504445.0,CIEN
2023-06-01 12:48:00,47.582,47.653,47.562,47.632,65061389.0,CIEN
2023-06-01 12:47:00,47.562,47.643,47.552,47.632,38208862.0,CIEN
2023-06-01 12:46:00,47.572,47.633,47.522,47.602,110667704.0,CIEN
2023-06-01 12:45:00,47.562,47.638,47.542,47.622,106098024.0,CIEN
2023-06-01 12:44:00,47.537,47.628,47.527,47.617,60242865.0,CIEN
2023-06-01 12:43:00,47.542,47.603,47.522,47.591,77005900.0,CIEN
2023-06-01 12:42:00,47.572,47.633,47.532,47.596,36037132.0,CIEN
2023-06-01 12:41:00,47.572,47.653,47.562,47.632,13550685.0,CIEN
2023-06-01 12:40:00,47.452,47.532,47.441,47.511,11227711.0,CIEN
2023-06-01 12:39:00,47.452,47.522,47.441,47.511,25042106.0,CIEN
2023-06-01 12:38:00,47.432,47.512,47.421,47.501,29821850.0,CIEN
2023-06-01 12:37:00,47.507,47.567,47.411,47.491,129934046.0,CIEN
2023-06-01 12:36:00,47.527,47.603,47.462,47.571,179737098.0,CIEN
2023-06-01 12:35:00,47.532,47.598,47.517,47.576,102961297.0,CIEN
2023-06-01 12:34:00,47.537,47.598,47.517,47.576,57694315.0,CIEN
2023-06-01 12:33:00,47.532,47.598,47.512,47.586,43917407.0,CIEN
2023-06-01 12:32:00,47.522,47.593,47.502,47.571,53064524.0,CIEN
2023-06-01 12:31:00,47.542,47.603,47.502,47.571,99399920.0,CIEN
2023-06-01 12:30:00,47.542,47.613,47.532,47.591,28997110.0,CIEN
2023-06-01 12:29:00,47.522,47.603,47.502,47.581,54245402.0,CIEN
2023-06-01 12:28:00,47.508,47.582,47.492,47.561,56438461.0,CIEN
2023-06-01 12:27:00,47.487,47.572,47.477,47.561,27553815.0,CIEN
2023-06-01 12:26:00,47.532,47.593,47.492,47.551,24498528.0,CIEN
2023-06-01 12:25:00,47.462,47.552,47.451,47.541,63336287.0,CIEN
2023-06-01 12:24:00,47.462,47.532,47.451,47.521,25623173.0,CIEN
2023-06-01 12:23:00,47.452,47.512,47.436,47.496,12108683.0,CIEN
2023-06-01 12:22:00,47.472,47.542,47.441,47.511,60974531.0,CIEN
2023-06-01 12:21:00,47.507,47.572,47.482,47.541,24685969.0,CIEN
2023-06-01 12:20:00,47.391,47.562,47.381,47.551,327721705.0,CIEN
2023-06-01 12:19:00,47.361,47.442,47.351,47.431,15332667.0,CIEN
2023-06-01 12:18:00,47.351,47.422,47.341,47.411,35482566.0,CIEN
2023-06-01 12:17:00,47.351,47.422,47.331,47.39,42961458.0,CIEN
2023-06-01 12:16:00,47.281,47.387,47.271,47.375,76138501.0,CIEN
2023-06-01 12:15:00,47.261,47.367,47.251,47.355,85832528.0,CIEN
2023-06-01 12:13:00,47.281,47.347,47.271,47.33,11812009.0,CIEN
2023-06-01 12:12:00,47.261,47.362,47.231,47.345,70914319.0,CIEN
2023-06-01 12:11:00,47.266,47.387,47.236,47.37,196557808.0,CIEN
2023-06-01 12:10:00,47.286,47.367,47.271,47.35,111866929.0,CIEN
2023-06-01 12:09:00,47.286,47.367,47.276,47.355,39358416.0,CIEN
2023-06-01 12:08:00,47.301,47.382,47.291,47.37,54059254.0,CIEN
2023-06-01 12:07:00,47.326,47.417,47.316,47.406,50076557.0,CIEN
2023-06-01 12:06:00,47.326,47.434,47.316,47.422,96053279.0,CIEN
2023-06-01 12:05:00,47.336,47.417,47.316,47.396,73387048.0,CIEN
2023-06-01 12:04:00,47.336,47.417,47.326,47.406,30983039.0,CIEN
2023-06-01 12:03:00,47.356,47.437,47.326,47.416,68584384.0,CIEN
2023-06-01 12:02:00,47.361,47.477,47.351,47.466,106127159.0,CIEN
2023-06-01 12:01:00,47.381,47.467,47.366,47.446,77076899.0,CIEN
2023-06-01 12:00:00,47.376,47.462,47.366,47.451,40529798.0,CIEN
2023-06-01 11:59:00,47.336,47.417,47.326,47.406,13646593.0,CIEN
2023-06-01 11:58:00,47.281,47.377,47.271,47.355,46786183.0,CIEN
2023-06-01 11:57:00,47.351,47.387,47.281,47.305,15824958.0,CIEN
2023-06-01 11:56:00,47.351,47.392,47.351,47.38,9716554.0,CIEN
2023-06-01 11:55:00,47.291,47.372,47.281,47.36,28049252.0,CIEN
2023-06-01 11:54:00,47.301,47.337,47.291,47.32,26993756.0,CIEN
2023-06-01 11:53:00,47.311,47.347,47.311,47.335,5217595.0,CIEN
2023-06-01 11:52:00,47.361,47.407,47.311,47.335,55739187.0,CIEN
2023-06-01 11:51:00,47.311,47.407,47.301,47.396,23782352.0,CIEN
2023-06-01 11:50:00,47.291,47.387,47.261,47.355,123402851.0,CIEN
2023-06-01 11:49:00,47.291,47.337,47.271,47.305,69877787.0,CIEN
2023-06-01 11:48:00,47.301,47.337,47.246,47.29,145154692.0,CIEN
2023-06-01 11:47:00,47.301,47.337,47.281,47.305,20586563.0,CIEN
2023-06-01 11:46:00,47.307,47.362,47.276,47.315,113925264.0,CIEN
2023-06-01 11:45:00,47.346,47.397,47.301,47.33,91357729.0,CIEN
2023-06-01 11:44:00,46.905,46.955,46.88,46.909,40956070.0,CIEN
2023-06-01 11:43:00,46.905,46.94,46.905,46.929,12851011.0,CIEN
2023-06-01 11:42:00,46.89,46.94,46.89,46.929,13704263.0,CIEN
2023-06-01 11:41:00,46.91,46.945,46.9,46.924,14017702.0,CIEN
2023-06-01 11:40:00,46.92,46.965,46.92,46.944,35000723.0,CIEN
2023-06-01 11:39:00,46.855,46.965,46.855,46.929,114039671.0,CIEN
2023-06-01 11:38:00,46.87,46.905,46.85,46.894,54973773.0,CIEN
2023-06-01 11:37:00,46.95,46.985,46.86,46.884,126890683.0,CIEN
2023-06-01 11:36:00,46.999,47.054,46.979,47.003,23159682.0,CIEN
2023-06-01 11:35:00,46.97,47.054,46.95,47.008,109163948.0,CIEN
2023-06-01 11:34:00,46.975,47.015,46.94,46.974,62513730.0,CIEN
2023-06-01 11:33:00,46.935,47.044,46.935,46.998,120412937.0,CIEN
2023-06-01 11:32:00,46.925,47.005,46.92,46.944,106708673.0,CIEN
2023-06-01 11:31:00,46.87,46.995,46.87,46.954,191581075.0,CIEN
2023-06-01 11:30:00,46.796,46.905,46.796,46.894,53650363.0,CIEN
2023-06-01 11:29:00,46.855,46.89,46.811,46.835,33294220.0,CIEN
2023-06-01 11:28:00,46.808,46.876,46.806,46.864,38970955.0,CIEN
2023-06-01 11:27:00,46.756,46.856,46.751,46.845,46145232.0,CIEN
2023-06-01 11:26:00,46.771,46.806,46.741,46.775,36237067.0,CIEN
2023-06-01 11:25:00,46.741,46.826,46.741,46.815,30821532.0,CIEN
2023-06-01 11:24:00,46.706,46.776,46.706,46.765,40642631.0,CIEN
2023-06-01 11:23:00,46.607,46.741,46.607,46.73,54016042.0,CIEN
2023-06-01 11:22:00,46.622,46.657,46.602,46.626,40189885.0,CIEN
2023-06-01 11:21:00,46.642,46.687,46.622,46.646,45065608.0,CIEN
2023-06-01 11:20:00,46.696,46.736,46.632,46.676,133472908.0,CIEN
2023-06-01 11:19:00,46.741,46.776,46.696,46.725,180227606.0,CIEN
2023-06-01 11:18:00,46.692,46.776,46.677,46.765,55757371.0,CIEN
2023-06-01 11:17:00,46.597,46.697,46.597,46.681,48008455.0,CIEN
2023-06-01 11:16:00,46.612,46.647,46.572,46.626,53720016.0,CIEN
2023-06-01 11:15:00,46.577,46.657,46.577,46.641,117818356.0,CIEN
2023-06-01 11:14:00,46.533,46.607,46.533,46.586,17152095.0,CIEN
2023-06-01 11:13:00,46.543,46.595,46.533,46.556,40398845.0,CIEN
2023-06-01 11:12:00,46.543,46.577,46.513,46.537,32632515.0,CIEN
2023-06-01 11:11:00,46.513,46.597,46.513,46.586,20373555.0,CIEN
2023-06-01 11:10:00,46.483,46.538,46.473,46.527,40120232.0,CIEN
2023-06-01 11:09:00,46.483,46.538,46.483,46.525,32214596.0,CIEN
2023-06-01 11:08:00,46.478,46.528,46.478,46.507,15828685.0,CIEN
2023-06-01 11:06:00,46.503,46.548,46.493,46.517,23751734.0,CIEN
2023-06-01 11:05:00,46.443,46.518,46.423,46.507,56105637.0,CIEN
2023-06-01 11:04:00,46.438,46.473,46.433,46.457,12276373.0,CIEN
2023-06-01 11:03:00,46.448,46.483,46.448,46.472,3813511.0,CIEN
2023-06-01 11:02:00,46.89,46.97,46.88,46.959,12826626.0,CIEN
2023-06-01 11:01:00,46.925,47.005,46.905,46.984,66885881.0,CIEN
2023-06-01 11:00:00,46.945,47.025,46.92,46.999,24189027.0,CIEN
2023-06-01 10:59:00,46.615,46.694,46.605,46.683,49959419.0,CIEN
2023-06-01 10:58:00,46.57,46.669,46.54,46.658,179306408.0,CIEN
2023-06-01 10:57:00,46.56,46.639,46.55,46.628,53674600.0,CIEN
2023-06-01 10:56:00,46.51,46.639,46.5,46.628,433111989.0,CIEN
2023-06-01 10:55:00,46.55,46.634,46.515,46.598,230927882.0,CIEN
2023-06-01 10:54:00,46.52,46.619,46.51,46.608,107544737.0,CIEN
2023-06-01 10:53:00,46.52,46.624,46.51,46.588,998601773.0,CIEN
2023-06-01 10:52:00,46.55,46.639,46.51,46.588,181359535.0,CIEN
2023-06-01 10:51:00,46.595,46.689,46.55,46.628,216947066.0,CIEN
2023-06-01 10:50:00,46.62,46.724,46.61,46.688,244713162.0,CIEN
2023-06-01 10:49:00,46.59,46.684,46.58,46.673,53185761.0,CIEN
2023-06-01 10:48:00,46.689,46.779,46.61,46.688,553659863.0,CIEN
2023-06-01 10:47:00,46.699,46.789,46.674,46.763,128076005.0,CIEN
2023-06-01 10:46:00,46.679,46.784,46.65,46.758,241095748.0,CIEN
2023-06-01 10:45:00,46.61,46.749,46.59,46.738,193189456.0,CIEN
2023-06-01 10:44:00,46.65,46.729,46.58,46.683,410918666.0,CIEN
2023-06-01 10:43:00,46.669,46.749,46.635,46.713,160534963.0,CIEN
2023-06-01 10:42:00,46.62,46.749,46.61,46.698,233469848.0,CIEN
2023-06-01 10:41:00,46.585,46.709,46.575,46.678,688775161.0,CIEN
2023-06-01 10:40:00,46.51,46.629,46.49,46.618,433991900.0,CIEN
2023-06-01 10:39:00,46.5,46.639,46.49,46.588,331433328.0,CIEN
2023-06-01 10:38:00,46.46,46.569,46.45,46.558,294281509.0,CIEN
2023-06-01 10:37:00,46.46,46.539,46.45,46.528,66482201.0,CIEN
2023-06-01 10:36:00,46.455,46.534,46.445,46.523,45462093.0,CIEN
2023-06-01 10:35:00,46.386,46.51,46.376,46.498,219489032.0,CIEN
2023-06-01 10:34:00,46.321,46.47,46.311,46.459,522569657.0,CIEN
2023-06-01 10:33:00,46.301,46.385,46.291,46.369,87991149.0,CIEN
2023-06-01 10:32:00,46.341,46.43,46.331,46.414,99338190.0,CIEN
2023-06-01 10:31:00,46.351,46.435,46.326,46.414,119426580.0,CIEN
2023-06-01 10:30:00,46.386,46.47,46.317,46.4,406624326.0,CIEN
2023-06-01 10:29:00,46.276,46.455,46.241,46.444,988635747.0,CIEN
2023-06-01 10:28:00,46.55,46.724,46.515,46.713,524603184.0,CIEN
2023-06-01 10:27:00,46.545,46.644,46.525,46.618,71688545.0,CIEN
2023-06-01 10:26:00,46.499,46.604,46.474,46.593,155266611.0,CIEN
2023-06-01 10:25:00,46.595,46.674,46.474,46.562,114326830.0,CIEN
2023-06-01 10:24:00,46.62,46.699,46.585,46.673,57514829.0,CIEN
2023-06-01 10:23:00,46.65,46.734,46.605,46.698,158312203.0,CIEN
2023-06-01 10:22:00,46.645,46.734,46.63,46.723,130140479.0,CIEN
2023-06-01 10:21:00,46.745,46.825,46.65,46.743,169616034.0,CIEN
2023-06-01 10:20:00,46.755,46.835,46.735,46.818,99977407.0,CIEN
2023-06-01 10:19:00,46.725,46.855,46.695,46.823,314398782.0,CIEN
2023-06-01 10:18:00,46.74,46.825,46.705,46.783,175062958.0,CIEN
2023-06-01 10:17:00,46.805,46.885,46.73,46.808,1033626996.0,CIEN
2023-06-01 10:16:00,46.805,46.935,46.795,46.874,244057326.0,CIEN
2023-06-01 10:15:00,46.859,46.938,46.775,46.874,417538919.0,CIEN
2023-06-01 10:14:00,46.825,46.935,46.815,46.924,294426728.0,CIEN
2023-06-01 10:13:00,46.825,46.915,46.795,46.884,141210034.0,CIEN
2023-06-01 10:12:00,46.8,46.925,46.79,46.914,209501573.0,CIEN
2023-06-01 10:11:00,46.815,46.895,46.795,46.879,52419320.0,CIEN
2023-06-01 10:10:00,46.865,46.955,46.85,46.944,89024990.0,CIEN
2023-06-01 10:09:00,46.91,47.005,46.815,46.914,178928517.0,CIEN
2023-06-01 10:08:00,46.905,46.99,46.895,46.979,43282544.0,CIEN
2023-06-01 10:07:00,46.915,47.005,46.875,46.974,49783711.0,CIEN
2023-06-01 10:06:00,46.935,47.032,46.895,47.021,137051630.0,CIEN
2023-06-01 10:05:00,47.006,47.086,46.925,47.004,97927489.0,CIEN
2023-06-01 10:04:00,46.985,47.116,46.975,47.074,124576417.0,CIEN
2023-06-01 10:03:00,46.975,47.106,46.965,47.064,160889242.0,CIEN
2023-06-01 10:02:00,46.965,47.116,46.951,47.044,160127844.0,CIEN
2023-06-01 10:01:00,46.955,47.035,46.935,47.014,36488532.0,CIEN
2023-06-01 10:00:00,46.88,47.015,46.87,47.004,18976379.0,CIEN
2023-06-01 09:59:00,46.905,46.985,46.865,46.944,37777051.0,CIEN
2023-06-01 09:58:00,46.915,46.995,46.905,46.984,9078206.0,CIEN
2023-06-01 09:57:00,46.78,46.945,46.86,47.004,5871262.0,CIEN
2023-06-01 09:56:00,46.735,46.855,46.815,46.909,9617960.0,CIEN
2023-06-01 09:55:00,46.74,46.835,46.815,46.874,3215556.0,CIEN
2023-06-01 09:54:00,46.775,46.874,46.815,46.869,4834819.0,CIEN
2023-06-01 09:53:00,46.685,46.875,46.765,46.934,6789992.0,CIEN
2023-06-01 09:52:00,46.685,46.754,46.735,46.783,3821344.0,CIEN
2023-06-01 09:51:00,46.585,46.694,46.665,46.733,1860429.0,CIEN
2023-06-01 09:50:00,46.66,46.729,46.675,46.723,4834819.0,CIEN
2023-06-01 09:49:00,46.615,46.754,46.695,46.813,5317153.0,CIEN
2023-06-01 09:48:00,46.613,46.704,46.634,46.753,8923170.0,CIEN
2023-06-01 09:47:00,46.625,46.694,46.665,46.713,1300577.0,CIEN
2023-06-01 09:46:00,46.6,46.704,46.68,46.743,1323546.0,CIEN
2023-06-01 09:45:00,46.64,46.754,46.72,46.813,2690157.0,CIEN
2023-06-01 09:44:00,46.71,46.78,46.745,46.813,2609768.0,CIEN
2023-06-01 09:42:00,46.825,46.895,46.805,46.934,6095203.0,CIEN
2023-06-01 09:40:00,46.815,46.915,46.88,46.929,1759943.0,CIEN
2023-06-01 09:38:00,46.84,46.945,46.92,47.004,973280.0,CIEN
2023-06-01 09:37:00,46.88,46.995,46.87,46.984,19854915.0,CIEN
2023-06-01 09:36:00,46.885,46.965,46.875,46.954,14759406.0,CIEN
2023-06-01 09:35:00,46.915,46.995,46.86,46.939,25477546.0,CIEN
2023-06-01 09:34:00,46.875,47.005,46.865,46.994,57631967.0,CIEN
2023-06-01 09:32:00,46.855,46.975,46.795,46.964,60150437.0,CIEN
2023-06-01 09:31:00,47.087,47.176,46.965,47.044,66651604.0,CIEN
2023-06-01 09:30:00,47.016,47.101,46.996,47.074,488758912.0,CIEN
2023-06-01 09:21:00,47.807,47.889,47.797,47.877,1171381.0,CIEN
2023-06-01 08:57:00,46.835,46.915,46.825,46.904,58569.0,CIEN
2023-06-01 08:33:00,46.845,46.925,46.835,46.914,5856907.0,CIEN
2023-06-01 08:28:00,46.845,46.925,46.835,46.914,137695890.0,CIEN
2023-05-31 19:00:00,46.845,46.925,46.835,46.914,32879506074.0,CIEN
2023-05-31 18:30:00,46.845,46.925,46.835,46.914,32879506074.0,CIEN
2023-05-31 16:19:00,46.845,46.925,46.835,46.914,1539488077.0,CIEN
2023-05-31 16:18:00,46.845,46.925,46.835,46.914,4744094.0,CIEN
2023-05-31 16:16:00,46.845,46.925,46.835,46.914,1611938020.0,CIEN
2023-05-31 16:10:00,46.845,46.925,46.835,46.914,32879506074.0,CIEN
2023-05-31 16:04:00,46.845,46.925,46.835,46.914,17863567.0,CIEN
2023-05-31 16:03:00,46.845,46.925,46.835,46.914,1212028392.0,CIEN
2023-05-31 16:02:00,46.845,46.925,46.833,46.914,1176066981.0,CIEN
2023-05-31 16:01:00,46.845,46.925,46.835,46.914,1675134050.0,CIEN
2023-05-31 16:00:00,46.835,46.925,46.825,46.914,67799207230.0,CIEN
2023-05-31 15:59:00,46.85,46.935,46.815,46.914,3402394575.0,CIEN
2023-05-31 15:58:00,46.855,46.935,46.835,46.919,963109832.0,CIEN
2023-05-31 15:57:00,46.845,46.935,46.805,46.921,1319034087.0,CIEN
2023-05-31 15:56:00,46.86,46.945,46.825,46.914,895872537.0,CIEN
2023-05-31 15:55:00,46.895,46.985,46.835,46.924,1020800369.0,CIEN
2023-05-31 15:54:00,46.905,47.005,46.885,46.964,478333617.0,CIEN
2023-05-31 15:53:00,46.895,47.005,46.88,46.974,499769897.0,CIEN
2023-05-31 15:52:00,46.895,47.015,46.885,46.969,497719980.0,CIEN
2023-05-31 15:51:00,46.915,47.01,46.885,46.964,482960574.0,CIEN
2023-05-31 15:50:00,46.835,47.045,46.815,46.974,1766443234.0,CIEN
2023-05-31 15:49:00,46.835,46.915,46.805,46.884,417070367.0,CIEN
2023-05-31 15:48:00,46.805,46.935,46.795,46.904,795777991.0,CIEN
2023-05-31 15:47:00,46.815,46.924,46.785,46.874,974120818.0,CIEN
2023-05-31 15:46:00,46.855,46.964,46.795,46.879,562614513.0,CIEN
2023-05-31 15:45:00,46.835,46.945,46.825,46.934,495611493.0,CIEN
2023-05-31 15:44:00,46.795,46.92,46.785,46.904,658902068.0,CIEN
2023-05-31 15:43:00,46.82,46.9,46.765,46.864,452563225.0,CIEN
2023-05-31 15:42:00,46.775,46.905,46.765,46.893,336479323.0,CIEN
2023-05-31 15:41:00,46.745,46.86,46.735,46.848,226662311.0,CIEN
2023-05-31 15:40:00,46.755,46.845,46.725,46.803,459532944.0,CIEN
2023-05-31 15:39:00,46.75,46.845,46.735,46.823,459825790.0,CIEN
2023-05-31 15:38:00,46.715,46.835,46.695,46.823,396454053.0,CIEN
2023-05-31 15:37:00,46.695,46.814,46.67,46.793,424801484.0,CIEN
2023-05-31 15:36:00,46.725,46.825,46.685,46.763,477455081.0,CIEN
2023-05-31 15:35:00,46.715,46.845,46.7,46.803,503049766.0,CIEN
2023-05-31 15:34:00,46.73,46.809,46.7,46.778,87326487.0,CIEN
2023-05-31 15:33:00,46.72,46.845,46.71,46.803,392002804.0,CIEN
2023-05-31 15:32:00,46.745,46.825,46.71,46.788,136641646.0,CIEN
2023-05-31 15:31:00,46.71,46.835,46.7,46.813,358794139.0,CIEN
2023-05-31 15:30:00,46.69,46.799,46.68,46.783,617728010.0,CIEN
2023-05-31 15:29:00,46.705,46.794,46.68,46.758,189588088.0,CIEN
2023-05-31 15:28:00,46.745,46.825,46.695,46.783,145661283.0,CIEN
2023-05-31 15:27:00,46.755,46.855,46.745,46.823,132600380.0,CIEN
2023-05-31 15:26:00,46.725,46.825,46.685,46.803,519039122.0,CIEN
2023-05-31 15:25:00,46.725,46.814,46.69,46.803,249269973.0,CIEN
2023-05-31 15:24:00,46.725,46.825,46.705,46.803,156730838.0,CIEN
2023-05-31 15:23:00,46.73,46.835,46.715,46.793,257528212.0,CIEN
2023-05-31 15:22:00,46.755,46.835,46.72,46.798,65070239.0,CIEN
2023-05-31 15:21:00,46.795,46.875,46.745,46.823,96697539.0,CIEN
2023-05-31 15:20:00,46.805,46.885,46.775,46.869,196382101.0,CIEN
2023-05-31 15:19:00,46.805,46.89,46.79,46.874,110636978.0,CIEN
2023-05-31 15:18:00,46.815,46.895,46.79,46.879,136290232.0,CIEN
2023-05-31 15:17:00,46.87,46.95,46.805,46.889,318557186.0,CIEN
2023-05-31 15:16:00,46.875,46.955,46.86,46.939,111749790.0,CIEN
2023-05-31 15:15:00,46.875,46.955,46.835,46.924,157550805.0,CIEN
2023-05-31 15:14:00,46.885,46.985,46.875,46.954,90254941.0,CIEN
2023-05-31 15:13:00,46.885,46.99,46.865,46.954,290268324.0,CIEN
2023-05-31 15:12:00,46.875,46.955,46.855,46.944,35551427.0,CIEN
2023-05-31 15:11:00,46.865,46.955,46.85,46.944,127680578.0,CIEN
2023-05-31 15:10:00,46.865,46.945,46.85,46.934,59506177.0,CIEN
2023-05-31 15:09:00,46.885,46.965,46.855,46.944,103198706.0,CIEN
2023-05-31 15:08:00,46.905,46.985,46.875,46.964,122233654.0,CIEN
2023-05-31 15:07:00,46.915,46.995,46.895,46.974,269066320.0,CIEN
2023-05-31 15:06:00,46.945,47.025,46.905,46.984,97986058.0,CIEN
2023-05-31 15:05:00,46.935,47.025,46.925,47.014,94354776.0,CIEN
2023-05-31 15:04:00,46.965,47.045,46.915,47.004,133244640.0,CIEN
2023-05-31 15:03:00,46.996,47.075,46.955,47.034,116611023.0,CIEN
2023-05-31 15:02:00,47.016,47.111,46.986,47.064,291849689.0,CIEN
2023-05-31 15:01:00,47.066,47.146,47.016,47.094,153275263.0,CIEN
2023-05-31 15:00:00,47.076,47.166,47.066,47.15,97576075.0,CIEN
2023-05-31 14:59:00,46.975,47.055,46.965,47.044,35609996.0,CIEN
2023-05-31 14:58:00,46.975,47.075,47.015,47.074,2254519.0,CIEN
2023-05-31 14:57:00,46.935,47.045,46.975,47.064,4151797.0,CIEN
2023-05-31 14:56:00,46.886,47.005,46.925,47.024,26558897.0,CIEN
2023-05-31 14:55:00,46.945,47.025,46.925,46.984,22659269.0,CIEN
2023-05-31 14:54:00,46.915,47.015,46.955,47.034,3311231.0,CIEN
2023-05-31 14:53:00,46.896,46.985,46.935,47.004,3101089.0,CIEN
2023-05-31 14:52:00,46.886,46.975,46.91,46.984,17687919.0,CIEN
2023-05-31 14:51:00,46.915,46.995,46.915,46.974,6700515.0,CIEN
2023-05-31 14:50:00,46.985,47.065,46.955,47.014,16349016.0,CIEN
2023-05-31 14:49:00,47.015,47.095,47.025,47.084,9204202.0,CIEN
2023-05-31 14:48:00,47.055,47.136,47.056,47.124,12992755.0,CIEN
2023-05-31 14:47:00,47.055,47.141,47.096,47.159,2059387.0,CIEN
2023-05-31 14:46:00,47.045,47.146,47.086,47.154,5427657.0,CIEN
2023-05-31 14:45:00,47.055,47.146,47.081,47.144,11248579.0,CIEN
2023-05-31 14:43:00,47.065,47.156,47.096,47.154,9837629.0,CIEN
2023-05-31 14:42:00,47.005,47.146,47.046,47.154,7448018.0,CIEN
2023-05-31 14:41:00,46.995,47.093,47.025,47.112,29158648.0,CIEN
2023-05-31 14:40:00,47.035,47.116,47.041,47.099,10540102.0,CIEN
2023-05-31 14:39:00,47.025,47.105,47.056,47.124,4259870.0,CIEN
2023-05-31 14:38:00,47.025,47.105,47.066,47.124,3368269.0,CIEN
2023-05-31 14:37:00,47.075,47.156,47.086,47.144,3422306.0,CIEN
2023-05-31 14:36:00,47.045,47.156,47.066,47.174,7823271.0,CIEN
2023-05-31 14:35:00,47.025,47.121,47.066,47.139,5331592.0,CIEN
2023-05-31 14:34:00,47.035,47.116,47.066,47.124,3797559.0,CIEN
2023-05-31 14:33:00,47.085,47.166,47.086,47.144,9519414.0,CIEN
2023-05-31 14:32:00,47.07,47.176,47.106,47.194,6766559.0,CIEN
2023-05-31 14:31:00,47.075,47.166,47.106,47.169,6745545.0,CIEN
2023-05-31 14:30:00,47.08,47.166,47.106,47.184,6409319.0,CIEN
2023-05-31 14:29:00,47.115,47.196,47.116,47.174,4926319.0,CIEN
2023-05-31 14:28:00,47.085,47.201,47.126,47.199,5379625.0,CIEN
2023-05-31 14:27:00,47.075,47.166,47.086,47.174,5304574.0,CIEN
2023-05-31 14:26:00,47.015,47.146,47.056,47.154,6955687.0,CIEN
2023-05-31 14:25:00,47.04,47.121,47.051,47.109,7643150.0,CIEN
2023-05-31 14:24:00,47.025,47.136,47.066,47.144,5547738.0,CIEN
2023-05-31 14:23:00,47.015,47.095,47.051,47.109,2131436.0,CIEN
2023-05-31 14:22:00,47.025,47.121,47.056,47.114,8732884.0,CIEN
2023-05-31 14:21:00,47.025,47.105,47.056,47.117,2191476.0,CIEN
2023-05-31 14:20:00,47.025,47.105,47.056,47.124,9051099.0,CIEN
2023-05-31 14:19:00,47.005,47.105,47.046,47.119,5478691.0,CIEN
2023-05-31 14:18:00,46.995,47.075,47.015,47.094,6877634.0,CIEN
2023-05-31 14:17:00,46.955,47.075,46.995,47.094,7886314.0,CIEN
2023-05-31 14:16:00,46.995,47.085,46.995,47.054,10083795.0,CIEN
2023-05-31 14:15:00,47.005,47.105,47.035,47.104,14076485.0,CIEN
2023-05-31 14:14:00,46.915,47.085,46.955,47.094,17808000.0,CIEN
2023-05-31 14:13:00,46.915,47.005,46.935,47.004,10912353.0,CIEN
2023-05-31 14:12:00,46.905,46.985,46.945,47.004,1062716.0,CIEN
2023-05-31 14:11:00,46.965,47.045,46.945,47.004,5148469.0,CIEN
2023-05-31 14:10:00,46.95,47.035,46.978,47.037,2764863.0,CIEN
2023-05-31 14:09:00,46.965,47.045,46.985,47.054,4049728.0,CIEN
2023-05-31 14:08:00,46.955,47.035,46.95,47.024,7832277.0,CIEN
2023-05-31 14:07:00,47.0,47.085,46.995,47.054,6421327.0,CIEN
2023-05-31 14:06:00,46.896,47.075,46.925,47.094,60298632.0,CIEN
2023-05-31 14:05:00,46.886,46.965,46.925,46.984,1543039.0,CIEN
2023-05-31 14:04:00,46.896,46.975,46.905,46.964,2815897.0,CIEN
2023-05-31 14:03:00,47.016,47.096,46.975,47.054,54937790.0,CIEN
2023-05-31 14:02:00,47.037,47.117,46.996,47.094,149585411.0,CIEN
2023-05-31 14:01:00,46.985,47.116,46.975,47.094,72098528.0,CIEN
2023-05-31 14:00:00,46.996,47.075,46.955,47.044,114033984.0,CIEN
2023-05-31 13:59:00,46.955,47.086,46.945,47.074,108352784.0,CIEN
2023-05-31 13:58:00,46.991,47.075,46.945,47.024,201360472.0,CIEN
2023-05-31 13:57:00,46.985,47.065,46.975,47.054,19737777.0,CIEN
2023-05-31 13:56:00,46.996,47.075,46.975,47.054,89259266.0,CIEN
2023-05-31 13:55:00,46.996,47.086,46.986,47.064,84573741.0,CIEN
2023-05-31 13:54:00,46.975,47.065,46.945,47.054,258523887.0,CIEN
2023-05-31 13:53:00,46.985,47.065,46.965,47.044,98864594.0,CIEN
2023-05-31 13:52:00,47.006,47.086,46.975,47.064,84983724.0,CIEN
2023-05-31 13:51:00,46.996,47.075,46.986,47.064,14759406.0,CIEN
2023-05-31 13:50:00,46.975,47.065,46.955,47.034,110871254.0,CIEN
2023-05-31 13:49:00,46.975,47.055,46.965,47.044,5915476.0,CIEN
2023-05-31 13:48:00,46.985,47.075,46.955,47.034,61438957.0,CIEN
2023-05-31 13:47:00,47.006,47.096,46.986,47.064,125864937.0,CIEN
2023-05-31 13:46:00,47.006,47.086,46.965,47.059,185371115.0,CIEN
2023-05-31 13:45:00,47.056,47.136,46.996,47.074,273166155.0,CIEN
2023-05-31 13:44:00,47.126,47.206,47.056,47.135,76139794.0,CIEN
2023-05-31 13:43:00,47.126,47.206,47.106,47.185,28874552.0,CIEN
2023-05-31 13:42:00,47.106,47.191,47.086,47.18,39124140.0,CIEN
2023-05-31 13:41:00,47.106,47.186,47.066,47.16,106771419.0,CIEN
2023-05-31 13:40:00,47.086,47.206,47.076,47.19,185722529.0,CIEN
2023-05-31 13:39:00,47.056,47.176,47.046,47.155,233456324.0,CIEN
2023-05-31 13:38:00,47.036,47.136,47.026,47.114,79771077.0,CIEN
2023-05-31 13:37:00,47.006,47.126,46.996,47.104,270003425.0,CIEN
2023-05-31 13:36:00,47.026,47.136,46.986,47.074,1086514869.0,CIEN
2023-05-31 13:35:00,47.006,47.111,46.996,47.084,122760776.0,CIEN
2023-05-31 13:34:00,46.996,47.091,46.986,47.064,147359787.0,CIEN
2023-05-31 13:33:00,46.991,47.096,46.98,47.074,62493200.0,CIEN
2023-05-31 13:32:00,46.996,47.075,46.975,47.064,186015375.0,CIEN
2023-05-31 13:31:00,47.006,47.131,46.996,47.074,434465381.0,CIEN
2023-05-31 13:30:00,47.006,47.096,46.975,47.074,416718952.0,CIEN
2023-05-31 13:29:00,46.996,47.086,46.986,47.074,187069618.0,CIEN
2023-05-31 13:28:00,47.006,47.086,46.986,47.074,105131485.0,CIEN
2023-05-31 13:27:00,47.026,47.106,46.996,47.084,281951516.0,CIEN
2023-05-31 13:26:00,47.066,47.166,47.006,47.094,1244534227.0,CIEN
2023-05-31 13:25:00,47.08,47.166,47.056,47.135,83636635.0,CIEN
2023-05-31 13:24:00,47.106,47.186,47.046,47.125,188299568.0,CIEN
2023-05-31 13:23:00,47.096,47.186,47.086,47.175,48026639.0,CIEN
2023-05-31 13:22:00,47.071,47.186,47.061,47.175,44629633.0,CIEN
2023-05-31 13:21:00,47.046,47.156,47.036,47.145,84925155.0,CIEN
2023-05-31 13:20:00,47.096,47.176,47.036,47.125,225842344.0,CIEN
2023-05-31 13:19:00,47.096,47.176,47.086,47.165,30924470.0,CIEN
2023-05-31 13:18:00,47.106,47.196,47.093,47.185,124459279.0,CIEN
2023-05-31 13:17:00,47.116,47.196,47.106,47.185,64191703.0,CIEN
2023-05-31 13:16:00,47.096,47.206,47.086,47.185,103784396.0,CIEN
2023-05-31 13:15:00,47.076,47.166,47.066,47.155,69931472.0,CIEN
2023-05-31 13:14:00,47.056,47.146,47.046,47.125,63078891.0,CIEN
2023-05-31 13:13:00,47.066,47.146,47.056,47.135,95760433.0,CIEN
2023-05-31 13:12:00,47.056,47.146,47.046,47.135,62376062.0,CIEN
2023-05-31 13:11:00,47.021,47.106,47.006,47.094,128617683.0,CIEN
2023-05-31 13:10:00,46.996,47.096,46.986,47.084,33091526.0,CIEN
2023-05-31 13:09:00,46.955,47.065,46.945,47.054,85686553.0,CIEN
2023-05-31 13:08:00,46.955,47.045,46.935,47.014,436925282.0,CIEN
2023-05-31 13:07:00,46.935,47.035,46.925,47.024,26707497.0,CIEN
2023-05-31 13:06:00,46.925,47.015,46.915,47.004,49490866.0,CIEN
2023-05-31 13:05:00,46.92,47.005,46.91,46.994,32505835.0,CIEN
2023-05-31 13:04:00,46.895,47.0,46.885,46.989,39651262.0,CIEN
2023-05-31 13:03:00,46.905,46.985,46.875,46.954,75788380.0,CIEN
2023-05-31 13:02:00,46.895,46.995,46.875,46.974,83695204.0,CIEN
2023-05-31 13:01:00,46.885,46.965,46.855,46.954,102320170.0,CIEN
2023-05-31 13:00:00,46.915,46.995,46.875,46.954,132073259.0,CIEN
2023-05-31 12:58:00,46.885,46.995,46.875,46.964,133244640.0,CIEN
2023-05-31 12:56:00,46.885,46.975,46.875,46.964,49608004.0,CIEN
2023-05-31 12:55:00,46.895,46.975,46.885,46.964,23661905.0,CIEN
2023-05-31 12:54:00,46.87,46.955,46.86,46.944,13353748.0,CIEN
2023-05-31 12:53:00,46.835,46.95,46.825,46.939,27586033.0,CIEN
2023-05-31 12:52:00,46.845,46.925,46.795,46.904,256883953.0,CIEN
2023-05-31 12:51:00,46.885,46.965,46.845,46.924,128090562.0,CIEN
2023-05-31 12:50:00,46.93,47.01,46.875,46.969,199251985.0,CIEN
2023-05-31 12:49:00,46.925,47.005,46.915,46.994,53766408.0,CIEN
2023-05-31 12:48:00,46.965,47.045,46.925,47.004,113038310.0,CIEN
2023-05-31 12:47:00,46.935,47.065,46.925,47.044,274278967.0,CIEN
2023-05-31 12:46:00,46.855,46.975,46.845,46.964,341399125.0,CIEN
2023-05-31 12:45:00,46.86,46.945,46.845,46.924,137520182.0,CIEN
2023-05-31 12:44:00,46.845,46.945,46.835,46.934,62961753.0,CIEN
2023-05-31 12:43:00,46.845,46.925,46.835,46.914,21553418.0,CIEN
2023-05-31 12:42:00,46.825,46.915,46.815,46.904,42638284.0,CIEN
2023-05-31 12:41:00,46.815,46.905,46.805,46.884,91192046.0,CIEN
2023-05-31 12:40:00,46.83,46.91,46.795,46.874,51540784.0,CIEN
2023-05-31 12:39:00,46.835,46.915,46.825,46.904,42345439.0,CIEN
2023-05-31 12:38:00,46.78,46.915,46.765,46.904,139980083.0,CIEN
2023-05-31 12:37:00,46.815,46.895,46.775,46.854,97224660.0,CIEN
2023-05-31 12:36:00,46.825,46.905,46.815,46.894,12650919.0,CIEN
2023-05-31 12:35:00,46.87,46.95,46.815,46.894,202063301.0,CIEN
2023-05-31 12:34:00,46.855,46.94,46.845,46.929,43751097.0,CIEN
2023-05-31 12:33:00,46.835,46.945,46.825,46.924,125806368.0,CIEN
2023-05-31 12:32:00,46.785,46.905,46.765,46.894,635005887.0,CIEN
2023-05-31 12:31:00,46.835,46.93,46.775,46.854,133010364.0,CIEN
2023-05-31 12:30:00,46.83,46.91,46.82,46.899,43223975.0,CIEN
2023-05-31 12:29:00,46.825,46.905,46.765,46.894,535497032.0,CIEN
2023-05-31 12:28:00,46.885,46.965,46.815,46.894,196440670.0,CIEN
2023-05-31 12:27:00,46.905,46.985,46.875,46.954,42111163.0,CIEN
2023-05-31 12:26:00,46.875,46.975,46.865,46.964,95116174.0,CIEN
2023-05-31 12:25:00,46.93,47.01,46.885,46.964,58334796.0,CIEN
2023-05-31 12:24:00,46.915,47.015,46.9,47.004,87385056.0,CIEN
2023-05-31 12:23:00,46.885,46.995,46.873,46.979,180685589.0,CIEN
2023-05-31 12:22:00,46.905,46.985,46.875,46.964,91953444.0,CIEN
2023-05-31 12:21:00,46.955,47.045,46.895,46.983,469548256.0,CIEN
2023-05-31 12:20:00,46.985,47.065,46.945,47.024,132073259.0,CIEN
2023-05-31 12:19:00,46.985,47.075,46.975,47.064,109992718.0,CIEN
2023-05-31 12:18:00,47.056,47.136,46.975,47.054,211317214.0,CIEN
2023-05-31 12:17:00,46.985,47.116,46.975,47.104,106654281.0,CIEN
2023-05-31 12:16:00,47.001,47.086,46.975,47.054,92656273.0,CIEN
2023-05-31 12:15:00,46.996,47.106,46.986,47.064,224026703.0,CIEN
2023-05-31 12:14:00,46.98,47.075,46.97,47.054,101383064.0,CIEN
2023-05-31 12:13:00,46.955,47.055,46.943,47.044,81411011.0,CIEN
2023-05-31 12:12:00,46.95,47.03,46.925,47.004,43399682.0,CIEN
2023-05-31 12:11:00,46.965,47.045,46.955,47.034,53239287.0,CIEN
2023-05-31 12:10:00,46.96,47.045,46.945,47.034,63723151.0,CIEN
2023-05-31 12:09:00,46.855,47.025,46.835,47.014,149585411.0,CIEN
2023-05-31 12:08:00,46.905,46.985,46.835,46.939,291205429.0,CIEN
2023-05-31 12:07:00,46.895,46.995,46.885,46.974,184668286.0,CIEN
2023-05-31 12:06:00,46.845,46.969,46.815,46.954,674657149.0,CIEN
2023-05-31 12:05:00,46.86,46.945,46.815,46.934,361312609.0,CIEN
2023-05-31 12:04:00,46.825,46.945,46.815,46.919,61673233.0,CIEN
2023-05-31 12:03:00,46.805,46.905,46.795,46.894,88732145.0,CIEN
2023-05-31 12:02:00,46.785,46.875,46.775,46.864,70224318.0,CIEN
2023-05-31 12:01:00,46.72,46.862,46.71,46.851,201243334.0,CIEN
2023-05-31 12:00:00,46.665,46.794,46.655,46.773,84046619.0,CIEN
2023-05-31 11:59:00,46.655,46.749,46.645,46.738,21729126.0,CIEN
2023-05-31 11:58:00,46.635,46.744,46.622,46.723,141502879.0,CIEN
2023-05-31 11:57:00,46.63,46.737,46.62,46.703,153509539.0,CIEN
2023-05-31 11:56:00,46.65,46.729,46.625,46.703,100153114.0,CIEN
2023-05-31 11:55:00,46.638,46.724,46.615,46.713,159717861.0,CIEN
2023-05-31 11:54:00,46.605,46.714,46.595,46.703,75554103.0,CIEN
2023-05-31 11:53:00,46.615,46.694,46.595,46.683,60326144.0,CIEN
2023-05-31 11:52:00,46.65,46.734,46.615,46.693,114268260.0,CIEN
2023-05-31 11:51:00,46.595,46.704,46.585,46.693,60560421.0,CIEN
2023-05-31 11:50:00,46.645,46.724,46.6,46.678,75788380.0,CIEN
2023-05-31 11:49:00,46.565,46.709,46.555,46.698,77428314.0,CIEN
2023-05-31 11:48:00,46.595,46.674,46.545,46.623,79653938.0,CIEN
2023-05-31 11:47:00,46.565,46.669,46.555,46.658,36371394.0,CIEN
2023-05-31 11:46:00,46.595,46.674,46.535,46.613,199251985.0,CIEN
2023-05-31 11:45:00,46.605,46.694,46.595,46.683,41115489.0,CIEN
2023-05-31 11:44:00,46.585,46.674,46.545,46.653,159073601.0,CIEN
2023-05-31 11:43:00,46.575,46.679,46.565,46.668,51072231.0,CIEN
2023-05-31 11:42:00,46.545,46.629,46.535,46.618,38128466.0,CIEN
2023-05-31 11:41:00,46.504,46.614,46.495,46.593,74031307.0,CIEN
2023-05-31 11:40:00,46.494,46.584,46.479,46.567,105658607.0,CIEN
2023-05-31 11:39:00,46.494,46.584,46.464,46.552,143904211.0,CIEN
2023-05-31 11:38:00,46.514,46.604,46.484,46.562,184961131.0,CIEN
2023-05-31 11:37:00,46.494,46.584,46.474,46.562,137930166.0,CIEN
2023-05-31 11:36:00,46.504,46.584,46.454,46.542,122057947.0,CIEN
2023-05-31 11:35:00,46.509,46.589,46.495,46.572,59740454.0,CIEN
2023-05-31 11:34:00,46.444,46.589,46.434,46.577,260866650.0,CIEN
2023-05-31 11:33:00,46.464,46.543,46.414,46.492,110285564.0,CIEN
2023-05-31 11:32:00,46.524,46.604,46.464,46.542,181915540.0,CIEN
2023-05-31 11:31:00,46.555,46.634,46.515,46.598,163466282.0,CIEN
2023-05-31 11:30:00,46.565,46.684,46.555,46.633,145017024.0,CIEN
2023-05-31 11:29:00,46.575,46.664,46.545,46.633,120066599.0,CIEN
2023-05-31 11:28:00,46.605,46.694,46.575,46.653,120945135.0,CIEN
2023-05-31 11:27:00,46.635,46.714,46.585,46.673,155852302.0,CIEN
2023-05-31 11:26:00,46.665,46.744,46.625,46.708,187362463.0,CIEN
2023-05-31 11:25:00,46.695,46.774,46.656,46.734,170026018.0,CIEN
2023-05-31 11:24:00,46.695,46.774,46.675,46.753,87970747.0,CIEN
2023-05-31 11:23:00,46.685,46.784,46.675,46.773,163056298.0,CIEN
2023-05-31 11:22:00,46.675,46.761,46.645,46.738,74499860.0,CIEN
2023-05-31 11:21:00,46.645,46.744,46.635,46.733,44336788.0,CIEN
2023-05-31 11:20:00,46.585,46.724,46.565,46.713,129730496.0,CIEN
2023-05-31 11:19:00,46.595,46.684,46.585,46.673,78658264.0,CIEN
2023-05-31 11:18:00,46.585,46.684,46.565,46.663,343566180.0,CIEN
2023-05-31 11:16:00,46.565,46.654,46.555,46.638,71571406.0,CIEN
2023-05-31 11:15:00,46.615,46.699,46.54,46.623,305964836.0,CIEN
2023-05-31 11:14:00,46.615,46.694,46.595,46.683,118660941.0,CIEN
2023-05-31 11:13:00,46.61,46.704,46.6,46.693,135353127.0,CIEN
2023-05-31 11:12:00,46.595,46.684,46.575,46.673,148824013.0,CIEN
2023-05-31 11:11:00,46.635,46.714,46.575,46.663,229883610.0,CIEN
2023-05-31 11:10:00,46.685,46.774,46.645,46.723,150288240.0,CIEN
2023-05-31 11:09:00,46.675,46.784,46.655,46.733,141151465.0,CIEN
2023-05-31 11:08:00,46.664,46.744,46.654,46.733,39475555.0,CIEN
2023-05-31 11:07:00,46.685,46.764,46.635,46.718,88790714.0,CIEN
2023-05-31 11:06:00,46.645,46.764,46.635,46.753,116493885.0,CIEN
2023-05-31 11:05:00,46.725,46.804,46.645,46.723,298702271.0,CIEN
2023-05-31 11:04:00,46.675,46.825,46.665,46.813,148414030.0,CIEN
2023-05-31 11:03:00,46.655,46.764,46.64,46.743,148414030.0,CIEN
2023-05-31 11:02:00,46.685,46.799,46.655,46.733,169967449.0,CIEN
2023-05-31 11:01:00,46.615,46.754,46.605,46.743,229766472.0,CIEN
2023-05-31 11:00:00,46.655,46.734,46.59,46.678,358852708.0,CIEN
2023-05-31 10:59:00,46.59,46.764,46.565,46.723,392354218.0,CIEN
2023-05-31 10:58:00,46.685,46.764,46.565,46.653,848665864.0,CIEN
2023-05-31 10:57:00,46.78,46.875,46.685,46.763,447936268.0,CIEN
2023-05-31 10:56:00,46.805,46.885,46.765,46.843,239313231.0,CIEN
2023-05-31 10:55:00,46.828,46.907,46.795,46.889,86682227.0,CIEN
2023-05-31 10:54:00,46.775,46.915,46.765,46.864,205401738.0,CIEN
2023-05-31 10:53:00,46.825,46.905,46.755,46.859,84690879.0,CIEN
2023-05-31 10:52:00,46.835,46.945,46.825,46.926,248801421.0,CIEN
2023-05-31 10:51:00,46.91,46.99,46.825,46.904,152513865.0,CIEN
2023-05-31 10:50:00,46.867,46.995,46.857,46.974,149292566.0,CIEN
2023-05-31 10:49:00,46.855,46.95,46.845,46.934,93593378.0,CIEN
2023-05-31 10:48:00,46.857,46.945,46.785,46.934,382456045.0,CIEN
2023-05-31 10:47:00,46.921,47.001,46.815,46.914,137403044.0,CIEN
2023-05-31 10:46:00,46.935,47.015,46.905,47.004,155090904.0,CIEN
2023-05-31 10:45:00,46.875,47.034,46.865,47.019,290444031.0,CIEN
2023-05-31 10:44:00,46.905,46.995,46.865,46.944,61848940.0,CIEN
2023-05-31 10:43:00,46.855,46.975,46.845,46.964,190408055.0,CIEN
2023-05-31 10:42:00,46.78,46.895,46.755,46.884,551310682.0,CIEN
2023-05-31 10:41:00,46.845,46.925,46.765,46.848,180744158.0,CIEN
2023-05-31 10:40:00,46.855,46.95,46.805,46.889,64133134.0,CIEN
2023-05-31 10:39:00,46.805,46.945,46.795,46.934,186893911.0,CIEN
2023-05-31 10:38:00,46.805,46.905,46.77,46.874,221098249.0,CIEN
2023-05-31 10:37:00,46.87,46.95,46.785,46.869,198724863.0,CIEN
2023-05-31 10:36:00,46.845,46.975,46.835,46.944,128676252.0,CIEN
2023-05-31 10:35:00,46.845,46.95,46.835,46.914,178811379.0,CIEN
2023-05-31 10:34:00,46.85,46.93,46.81,46.899,481906330.0,CIEN
2023-05-31 10:33:00,46.825,46.955,46.815,46.919,228770798.0,CIEN
2023-05-31 10:32:00,46.86,46.94,46.825,46.909,110519840.0,CIEN
2023-05-31 10:31:00,46.875,46.96,46.835,46.914,148765444.0,CIEN
2023-05-31 10:30:00,46.955,47.035,46.855,46.934,266020728.0,CIEN
2023-05-31 10:29:00,46.965,47.055,46.955,47.044,17512152.0,CIEN
2023-05-31 10:28:00,46.985,47.065,46.935,47.014,258406749.0,CIEN
2023-05-31 10:27:00,46.975,47.116,46.965,47.054,194683597.0,CIEN
2023-05-31 10:26:00,46.965,47.045,46.925,47.014,68408677.0,CIEN
2023-05-31 10:25:00,47.006,47.086,46.945,47.024,233690600.0,CIEN
2023-05-31 10:24:00,46.955,47.136,46.945,47.084,230410732.0,CIEN
2023-05-31 10:23:00,46.915,47.035,46.875,47.019,257469643.0,CIEN
2023-05-31 10:22:00,46.96,47.065,46.925,47.004,194742166.0,CIEN
2023-05-31 10:21:00,46.975,47.075,46.905,47.034,579130991.0,CIEN
2023-05-31 10:20:00,47.026,47.106,46.965,47.054,61087542.0,CIEN
2023-05-31 10:19:00,47.081,47.161,47.016,47.125,190993746.0,CIEN
2023-05-31 10:18:00,47.116,47.206,47.061,47.15,100797374.0,CIEN
2023-05-31 10:17:00,47.216,47.296,47.136,47.215,139980083.0,CIEN
2023-05-31 10:16:00,47.216,47.306,47.191,47.285,145661283.0,CIEN
2023-05-31 10:15:00,47.326,47.407,47.256,47.335,130491894.0,CIEN
2023-05-31 10:14:00,47.286,47.417,47.266,47.385,83168083.0,CIEN
2023-05-31 10:13:00,47.216,47.347,47.206,47.328,179924191.0,CIEN
2023-05-31 10:12:00,47.216,47.316,47.166,47.281,317210098.0,CIEN
2023-05-31 10:11:00,47.101,47.296,47.057,47.285,228770798.0,CIEN
2023-05-31 10:10:00,47.106,47.196,47.086,47.165,309478980.0,CIEN
2023-05-31 10:09:00,47.156,47.236,47.126,47.205,135645972.0,CIEN
2023-05-31 10:08:00,47.186,47.266,47.141,47.235,349364519.0,CIEN
2023-05-31 10:07:00,47.246,47.326,47.186,47.265,255654002.0,CIEN
2023-05-31 10:06:00,47.316,47.397,47.226,47.335,200540505.0,CIEN
2023-05-31 10:05:00,47.361,47.442,47.316,47.396,104955778.0,CIEN
2023-05-31 10:04:00,47.406,47.487,47.321,47.421,247102918.0,CIEN
2023-05-31 10:03:00,47.416,47.497,47.346,47.476,314750197.0,CIEN
2023-05-31 10:02:00,47.467,47.547,47.426,47.506,100738805.0,CIEN
2023-05-31 10:01:00,47.497,47.577,47.436,47.551,247395763.0,CIEN
2023-05-31 10:00:00,47.597,47.688,47.497,47.576,253486946.0,CIEN
2023-05-31 09:59:00,47.567,47.668,47.557,47.656,48260915.0,CIEN
2023-05-31 09:58:00,47.597,47.678,47.56,47.64,51365076.0,CIEN
2023-05-31 09:57:00,47.577,47.688,47.562,47.677,124107865.0,CIEN
2023-05-31 09:56:00,47.597,47.678,47.562,47.651,149351135.0,CIEN
2023-05-31 09:55:00,47.607,47.708,47.597,47.697,82582392.0,CIEN
2023-05-31 09:54:00,47.567,47.688,47.547,47.656,70634301.0,CIEN
2023-05-31 09:53:00,47.527,47.628,47.497,47.616,143318521.0,CIEN
2023-05-31 09:52:00,47.577,47.698,47.517,47.596,141912863.0,CIEN
2023-05-31 09:51:00,47.527,47.718,47.517,47.707,47148103.0,CIEN
2023-05-31 09:50:00,47.457,47.572,47.436,47.556,145134162.0,CIEN
2023-05-31 09:49:00,47.416,47.527,47.366,47.506,225666637.0,CIEN
2023-05-31 09:48:00,47.457,47.542,47.366,47.446,100621667.0,CIEN
2023-05-31 09:47:00,47.617,47.698,47.446,47.526,86682227.0,CIEN
2023-05-31 09:46:00,47.757,47.839,47.567,47.646,1246174161.0,CIEN
2023-05-31 09:45:00,47.737,47.899,47.677,47.833,2569425222.0,CIEN
2023-05-31 09:44:00,47.657,47.818,47.647,47.807,98161765.0,CIEN
2023-05-31 09:43:00,47.667,47.748,47.627,47.737,65890206.0,CIEN
2023-05-31 09:42:00,47.747,47.859,47.697,47.807,58744779.0,CIEN
2023-05-31 09:41:00,47.787,47.869,47.767,47.847,58334796.0,CIEN
2023-05-31 09:40:00,47.827,47.909,47.687,47.872,214831358.0,CIEN
2023-05-31 09:39:00,47.725,47.929,47.715,47.827,843277509.0,CIEN
2023-05-31 09:38:00,47.557,47.763,47.547,47.698,115849625.0,CIEN
2023-05-31 09:37:00,47.517,47.638,47.476,47.626,120769428.0,CIEN
2023-05-31 09:36:00,47.507,47.648,47.476,47.576,131897551.0,CIEN
2023-05-31 09:35:00,47.627,47.708,47.517,47.636,117079576.0,CIEN
2023-05-31 09:34:00,47.346,47.608,47.336,47.596,149116859.0,CIEN
2023-05-31 09:33:00,47.351,47.432,47.286,47.365,46210998.0,CIEN
2023-05-31 09:32:00,47.431,47.542,47.356,47.441,192399404.0,CIEN
2023-05-31 09:31:00,47.592,47.688,47.426,47.526,268890613.0,CIEN
2023-05-31 09:30:00,47.497,47.688,47.476,47.677,797652202.0,CIEN
2023-05-31 08:36:00,47.908,47.989,47.897,47.978,5505492.0,CIEN
2023-05-31 08:16:00,48.599,48.682,48.589,48.67,58569.0,CIEN
2023-05-31 08:12:00,47.727,47.859,47.697,47.837,11215977.0,CIEN
2023-05-31 08:11:00,47.048,47.178,47.018,47.156,21377652993.0,CIEN
2023-05-31 08:09:00,47.727,47.859,47.697,47.837,22431954.0,CIEN
2023-05-31 08:00:00,47.717,47.798,47.707,47.787,761397.0,CIEN
2023-05-30 19:00:00,48.078,48.16,48.068,48.148,8952634188.0,CIEN
2023-05-30 18:30:00,48.078,48.16,48.068,48.148,8952634188.0,CIEN
2023-05-30 16:59:00,48.108,48.19,48.098,48.178,527121.0,CIEN
2023-05-30 16:54:00,48.068,48.15,48.058,48.138,58569.0,CIEN
2023-05-30 16:13:00,48.078,48.16,48.068,48.148,1522795.0,CIEN
2023-05-30 16:10:00,48.078,48.16,48.068,48.148,8952634188.0,CIEN
2023-05-30 16:05:00,48.078,48.16,48.068,48.148,118133819.0,CIEN
2023-05-30 16:00:00,48.068,48.16,48.058,48.148,18682714248.0,CIEN
2023-05-30 15:59:00,48.018,48.16,48.008,48.138,2030121200.0,CIEN
2023-05-30 15:58:00,48.013,48.095,47.967,48.078,1373269049.0,CIEN
2023-05-30 15:57:00,47.973,48.1,47.957,48.087,919827287.0,CIEN
2023-05-30 15:56:00,47.968,48.1,47.947,48.043,1334613461.0,CIEN
2023-05-30 15:55:00,47.938,48.049,47.922,48.028,1571583929.0,CIEN
2023-05-30 15:54:00,47.938,48.044,47.927,48.008,1227724903.0,CIEN
2023-05-30 15:53:00,47.978,48.059,47.927,48.013,789101117.0,CIEN
2023-05-30 15:52:00,48.028,48.115,47.957,48.038,1288753877.0,CIEN
2023-05-30 15:51:00,48.078,48.16,48.013,48.103,566128657.0,CIEN
2023-05-30 15:50:00,48.138,48.22,48.068,48.153,941380706.0,CIEN
2023-05-30 15:49:00,48.133,48.23,48.123,48.214,336772168.0,CIEN
2023-05-30 15:48:00,48.148,48.23,48.108,48.204,349891640.0,CIEN
2023-05-30 15:47:00,48.188,48.27,48.143,48.224,306667665.0,CIEN
2023-05-30 15:46:00,48.153,48.28,48.143,48.264,396102639.0,CIEN
2023-05-30 15:45:00,48.138,48.24,48.128,48.229,457600165.0,CIEN
2023-05-30 15:44:00,48.128,48.235,48.118,48.219,346260358.0,CIEN
2023-05-30 15:43:00,48.183,48.265,48.128,48.209,363245389.0,CIEN
2023-05-30 15:42:00,48.173,48.27,48.158,48.259,554473411.0,CIEN
2023-05-30 15:41:00,48.138,48.265,48.128,48.239,410744907.0,CIEN
2023-05-30 15:40:00,48.168,48.25,48.123,48.209,253252670.0,CIEN
2023-05-30 15:39:00,48.158,48.26,48.148,48.249,300459343.0,CIEN
2023-05-30 15:38:00,48.168,48.26,48.143,48.229,149468273.0,CIEN
2023-05-30 15:37:00,48.168,48.27,48.138,48.229,448170544.0,CIEN
2023-05-30 15:36:00,48.198,48.29,48.148,48.244,293665330.0,CIEN
2023-05-30 15:35:00,48.268,48.351,48.188,48.284,267250679.0,CIEN
2023-05-30 15:34:00,48.238,48.376,48.228,48.364,291791120.0,CIEN
2023-05-30 15:33:00,48.168,48.316,48.158,48.305,501175555.0,CIEN
2023-05-30 15:32:00,48.248,48.34,48.158,48.239,466444095.0,CIEN
2023-05-30 15:31:00,48.268,48.361,48.218,48.309,1218178144.0,CIEN
2023-05-30 15:30:00,48.238,48.351,48.228,48.334,496900013.0,CIEN
2023-05-30 15:29:00,48.258,48.351,48.233,48.329,325526906.0,CIEN
2023-05-30 15:28:00,48.258,48.361,48.238,48.324,637758633.0,CIEN
2023-05-30 15:27:00,48.263,48.351,48.238,48.324,376774845.0,CIEN
2023-05-30 15:26:00,48.268,48.371,48.248,48.329,209208727.0,CIEN
2023-05-30 15:25:00,48.273,48.361,48.248,48.339,265200761.0,CIEN
2023-05-30 15:24:00,48.254,48.371,48.243,48.349,162646315.0,CIEN
2023-05-30 15:23:00,48.238,48.351,48.208,48.309,908699164.0,CIEN
2023-05-30 15:22:00,48.218,48.32,48.203,48.289,453910314.0,CIEN
2023-05-30 15:21:00,48.228,48.31,48.203,48.289,90664924.0,CIEN
2023-05-30 15:20:00,48.207,48.31,48.188,48.289,352000127.0,CIEN
2023-05-30 15:19:00,48.168,48.27,48.158,48.259,126567766.0,CIEN
2023-05-30 15:18:00,48.158,48.26,48.145,48.239,377126259.0,CIEN
2023-05-30 15:17:00,48.133,48.23,48.108,48.209,408460713.0,CIEN
2023-05-30 15:16:00,48.138,48.23,48.128,48.214,252784118.0,CIEN
2023-05-30 15:15:00,48.138,48.229,48.128,48.218,155383750.0,CIEN
2023-05-30 15:14:00,48.128,48.21,48.098,48.198,256356831.0,CIEN
2023-05-30 15:13:00,48.118,48.24,48.108,48.214,469899670.0,CIEN
2023-05-30 15:12:00,48.168,48.25,48.118,48.198,107239972.0,CIEN
2023-05-30 15:11:00,48.148,48.24,48.138,48.22,191520867.0,CIEN
2023-05-30 15:10:00,48.108,48.22,48.098,48.209,220512558.0,CIEN
2023-05-30 15:09:00,48.118,48.22,48.098,48.178,438506647.0,CIEN
2023-05-30 15:08:00,48.128,48.22,48.118,48.209,56343448.0,CIEN
2023-05-30 15:07:00,48.123,48.22,48.108,48.198,257293936.0,CIEN
2023-05-30 15:06:00,48.099,48.2,48.089,48.188,148706875.0,CIEN
2023-05-30 15:05:00,48.128,48.23,48.098,48.188,194683597.0,CIEN
2023-05-30 15:04:00,48.118,48.22,48.098,48.188,441552239.0,CIEN
2023-05-30 15:03:00,48.118,48.225,48.108,48.198,298409425.0,CIEN
2023-05-30 15:02:00,48.158,48.255,48.103,48.183,433645414.0,CIEN
2023-05-30 15:01:00,48.148,48.23,48.128,48.219,206455981.0,CIEN
2023-05-30 15:00:00,48.148,48.25,48.133,48.219,401608132.0,CIEN
2023-05-30 14:59:00,48.148,48.24,48.138,48.229,51716491.0,CIEN
2023-05-30 14:58:00,48.228,48.305,48.173,48.264,85127529.0,CIEN
2023-05-30 14:57:00,48.248,48.33,48.233,48.334,73012166.0,CIEN
2023-05-30 14:56:00,48.238,48.33,48.253,48.344,29725672.0,CIEN
2023-05-30 14:55:00,48.248,48.335,48.233,48.334,132110422.0,CIEN
2023-05-30 14:54:00,48.238,48.335,48.253,48.339,31601457.0,CIEN
2023-05-30 14:53:00,48.238,48.325,48.243,48.334,74126603.0,CIEN
2023-05-30 14:52:00,48.263,48.34,48.253,48.344,42337567.0,CIEN
2023-05-30 14:51:00,48.258,48.355,48.253,48.354,30442884.0,CIEN
2023-05-30 14:50:00,48.268,48.345,48.243,48.354,97298062.0,CIEN
2023-05-30 14:49:00,48.278,48.366,48.293,48.374,17544105.0,CIEN
2023-05-30 14:48:00,48.288,48.391,48.283,48.364,93656833.0,CIEN
2023-05-30 14:47:00,48.298,48.376,48.313,48.394,6123885.0,CIEN
2023-05-30 14:46:00,48.288,48.416,48.303,48.394,52157852.0,CIEN
2023-05-30 14:45:00,48.369,48.446,48.308,48.389,40020421.0,CIEN
2023-05-30 14:44:00,48.379,48.456,48.373,48.454,17919262.0,CIEN
2023-05-30 14:43:00,48.364,48.441,48.343,48.454,57796240.0,CIEN
2023-05-30 14:42:00,48.358,48.456,48.363,48.444,26393396.0,CIEN
2023-05-30 14:41:00,48.338,48.446,48.353,48.453,35055108.0,CIEN
2023-05-30 14:40:00,48.328,48.426,48.343,48.444,24186590.0,CIEN
2023-05-30 14:39:00,48.318,48.406,48.333,48.414,13119459.0,CIEN
2023-05-30 14:38:00,48.328,48.416,48.343,48.424,22807336.0,CIEN
2023-05-30 14:37:00,48.278,48.376,48.293,48.394,22068056.0,CIEN
2023-05-30 14:36:00,48.308,48.386,48.303,48.384,20788109.0,CIEN
2023-05-30 14:35:00,48.238,48.386,48.253,48.404,54353624.0,CIEN
2023-05-30 14:34:00,48.268,48.355,48.273,48.354,34922699.0,CIEN
2023-05-30 14:33:00,48.288,48.366,48.283,48.364,29493957.0,CIEN
2023-05-30 14:32:00,48.278,48.366,48.293,48.379,23568684.0,CIEN
2023-05-30 14:31:00,48.273,48.366,48.283,48.374,29626366.0,CIEN
2023-05-30 14:30:00,48.268,48.366,48.283,48.374,48814541.0,CIEN
2023-05-30 14:29:00,48.288,48.375,48.276,48.357,13980114.0,CIEN
2023-05-30 14:28:00,48.258,48.386,48.273,48.384,52246124.0,CIEN
2023-05-30 14:27:00,48.208,48.325,48.223,48.344,49520719.0,CIEN
2023-05-30 14:26:00,48.198,48.285,48.203,48.284,37681207.0,CIEN
2023-05-30 14:25:00,48.178,48.28,48.193,48.294,34911665.0,CIEN
2023-05-30 14:24:00,48.168,48.265,48.183,48.264,21748070.0,CIEN
2023-05-30 14:23:00,48.168,48.26,48.178,48.264,49167630.0,CIEN
2023-05-30 14:22:00,48.168,48.255,48.173,48.254,28622269.0,CIEN
2023-05-30 14:21:00,48.158,48.255,48.163,48.261,53713650.0,CIEN
2023-05-30 14:20:00,48.143,48.225,48.143,48.244,41134857.0,CIEN
2023-05-30 14:19:00,48.158,48.235,48.158,48.239,30674599.0,CIEN
2023-05-30 14:18:00,48.138,48.23,48.143,48.249,66987586.0,CIEN
2023-05-30 14:17:00,48.148,48.225,48.148,48.229,12744302.0,CIEN
2023-05-30 14:16:00,48.148,48.235,48.143,48.234,35341993.0,CIEN
2023-05-30 14:15:00,48.108,48.215,48.093,48.234,64162875.0,CIEN
2023-05-30 14:14:00,48.108,48.195,48.113,48.193,23016983.0,CIEN
2023-05-30 14:13:00,48.128,48.205,48.093,48.214,82291784.0,CIEN
2023-05-30 14:12:00,48.118,48.205,48.128,48.209,14509747.0,CIEN
2023-05-30 14:11:00,48.108,48.185,48.118,48.188,10434529.0,CIEN
2023-05-30 14:10:00,48.138,48.23,48.123,48.204,77018330.0,CIEN
2023-05-30 14:09:00,48.108,48.222,48.098,48.198,199954814.0,CIEN
2023-05-30 14:08:00,48.123,48.205,48.088,48.178,471071052.0,CIEN
2023-05-30 14:07:00,48.033,48.19,48.018,48.178,436163884.0,CIEN
2023-05-30 14:06:00,48.028,48.115,47.998,48.098,363596803.0,CIEN
2023-05-30 14:05:00,48.038,48.14,48.023,48.103,334019422.0,CIEN
2023-05-30 14:04:00,48.088,48.17,48.038,48.118,160537828.0,CIEN
2023-05-30 14:03:00,48.098,48.18,48.088,48.168,20557744.0,CIEN
2023-05-30 14:02:00,48.078,48.185,48.068,48.168,268422060.0,CIEN
2023-05-30 14:01:00,48.113,48.195,48.068,48.153,122819345.0,CIEN
2023-05-30 14:00:00,48.208,48.29,48.118,48.198,163817696.0,CIEN
2023-05-30 13:59:00,48.188,48.28,48.168,48.269,95291881.0,CIEN
2023-05-30 13:58:00,48.168,48.28,48.158,48.269,250207078.0,CIEN
2023-05-30 13:57:00,48.178,48.26,48.168,48.249,49959419.0,CIEN
2023-05-30 13:56:00,48.188,48.27,48.148,48.239,157140822.0,CIEN
2023-05-30 13:55:00,48.188,48.28,48.163,48.259,182969783.0,CIEN
2023-05-30 13:54:00,48.258,48.34,48.198,48.279,163466282.0,CIEN
2023-05-30 13:53:00,48.293,48.376,48.258,48.339,212078612.0,CIEN
2023-05-30 13:52:00,48.349,48.431,48.288,48.369,130960446.0,CIEN
2023-05-30 13:51:00,48.384,48.471,48.348,48.429,61556095.0,CIEN
2023-05-30 13:50:00,48.364,48.466,48.348,48.454,214479944.0,CIEN
2023-05-30 13:49:00,48.387,48.469,48.358,48.439,61556095.0,CIEN
2023-05-30 13:48:00,48.349,48.461,48.338,48.449,114736813.0,CIEN
2023-05-30 13:47:00,48.399,48.481,48.328,48.409,183262628.0,CIEN
2023-05-30 13:46:00,48.429,48.511,48.398,48.48,102203031.0,CIEN
2023-05-30 13:45:00,48.429,48.521,48.418,48.51,45742445.0,CIEN
2023-05-30 13:44:00,48.459,48.541,48.403,48.5,126919180.0,CIEN
2023-05-30 13:43:00,48.208,48.3,48.143,48.259,133310204.0,CIEN
2023-05-30 13:42:00,48.208,48.305,48.183,48.284,77143976.0,CIEN
2023-05-30 13:41:00,48.208,48.3,48.168,48.269,128573293.0,CIEN
2023-05-30 13:40:00,48.218,48.31,48.178,48.279,75606018.0,CIEN
2023-05-30 13:39:00,48.278,48.37,48.208,48.309,120945021.0,CIEN
2023-05-30 13:38:00,48.258,48.38,48.218,48.369,1152791843.0,CIEN
2023-05-30 13:37:00,48.208,48.35,48.188,48.339,294611245.0,CIEN
2023-05-30 13:36:00,48.148,48.295,48.128,48.284,103965964.0,CIEN
2023-05-30 13:35:00,48.158,48.25,48.118,48.219,24299737.0,CIEN
2023-05-30 13:34:00,48.178,48.27,48.118,48.229,165914915.0,CIEN
2023-05-30 13:33:00,48.128,48.28,48.108,48.269,123467273.0,CIEN
2023-05-30 13:32:00,48.118,48.21,48.098,48.199,60841620.0,CIEN
2023-05-30 13:31:00,48.098,48.215,48.058,48.189,143460727.0,CIEN
2023-05-30 13:30:00,48.128,48.22,48.088,48.194,148997376.0,CIEN
2023-05-30 13:29:00,48.128,48.25,48.108,48.239,91785337.0,CIEN
2023-05-30 13:28:00,48.143,48.25,48.108,48.209,144506539.0,CIEN
2023-05-30 13:27:00,48.148,48.24,48.078,48.209,219005227.0,CIEN
2023-05-30 13:26:00,48.178,48.27,48.138,48.239,245212033.0,CIEN
2023-05-30 13:25:00,48.198,48.29,48.168,48.269,70746070.0,CIEN
2023-05-30 13:24:00,48.198,48.3,48.158,48.279,200734286.0,CIEN
2023-05-30 13:23:00,48.148,48.27,48.118,48.259,102674080.0,CIEN
2023-05-30 13:22:00,48.118,48.22,48.068,48.199,490670139.0,CIEN
2023-05-30 13:21:00,48.158,48.255,48.103,48.204,232539258.0,CIEN
2023-05-30 13:20:00,48.079,48.28,48.058,48.239,303162292.0,CIEN
2023-05-30 13:19:00,48.009,48.13,47.979,48.119,142476434.0,CIEN
2023-05-30 13:18:00,47.939,48.12,47.919,48.089,187323291.0,CIEN
2023-05-30 13:17:00,47.879,48.04,47.859,48.019,543391341.0,CIEN
2023-05-30 13:16:00,47.909,48.011,47.869,47.969,169790569.0,CIEN
2023-05-30 13:15:00,47.909,48.001,47.874,47.989,139831146.0,CIEN
2023-05-30 13:14:00,47.899,48.021,47.849,47.999,1642416171.0,CIEN
2023-05-30 13:13:00,47.929,48.021,47.884,47.984,243181928.0,CIEN
2023-05-30 13:12:00,47.954,48.045,47.899,48.009,327523548.0,CIEN
2023-05-30 13:11:00,47.934,48.05,47.914,48.034,236660986.0,CIEN
2023-05-30 13:10:00,47.949,48.04,47.899,48.019,262929309.0,CIEN
2023-05-30 13:09:00,47.979,48.1,47.949,48.049,423307576.0,CIEN
2023-05-30 13:08:00,47.989,48.08,47.934,48.054,292519623.0,CIEN
2023-05-30 13:07:00,48.079,48.18,47.974,48.079,607124323.0,CIEN
2023-05-30 13:06:00,48.108,48.2,48.038,48.154,204425385.0,CIEN
2023-05-30 13:05:00,48.138,48.23,48.098,48.209,231431928.0,CIEN
2023-05-30 13:04:00,48.148,48.25,48.118,48.219,296333759.0,CIEN
2023-05-30 13:03:00,48.206,48.298,48.138,48.239,160501303.0,CIEN
2023-05-30 13:02:00,48.193,48.29,48.148,48.279,290428000.0,CIEN
2023-05-30 13:01:00,48.198,48.31,48.173,48.274,147397900.0,CIEN
2023-05-30 13:00:00,48.258,48.35,48.178,48.279,320879569.0,CIEN
2023-05-30 12:59:00,48.268,48.36,48.238,48.339,33465967.0,CIEN
2023-05-30 12:58:00,48.258,48.37,48.233,48.344,359697631.0,CIEN
2023-05-30 12:57:00,48.238,48.335,48.218,48.324,186031406.0,CIEN
2023-05-30 12:56:00,48.238,48.33,48.203,48.309,123774864.0,CIEN
2023-05-30 12:55:00,48.257,48.37,48.228,48.334,354776165.0,CIEN
2023-05-30 12:54:00,48.248,48.37,48.228,48.354,401468572.0,CIEN
2023-05-30 12:53:00,48.263,48.355,48.233,48.339,180556276.0,CIEN
2023-05-30 12:52:00,48.258,48.365,48.238,48.344,319464648.0,CIEN
2023-05-30 12:51:00,48.278,48.37,48.238,48.339,143645282.0,CIEN
2023-05-30 12:50:00,48.268,48.39,48.248,48.369,361973809.0,CIEN
2023-05-30 12:49:00,48.238,48.34,48.213,48.329,322848155.0,CIEN
2023-05-30 12:48:00,48.258,48.35,48.228,48.329,87663609.0,CIEN
2023-05-30 12:47:00,48.272,48.365,48.238,48.339,217159678.0,CIEN
2023-05-30 12:46:00,48.328,48.42,48.258,48.369,317988208.0,CIEN
2023-05-30 12:45:00,48.368,48.46,48.317,48.419,475967260.0,CIEN
2023-05-30 12:44:00,48.388,48.48,48.357,48.459,200795804.0,CIEN
2023-05-30 12:43:00,48.398,48.5,48.377,48.478,217713342.0,CIEN
2023-05-30 12:42:00,48.408,48.5,48.362,48.483,134786644.0,CIEN
2023-05-30 12:41:00,48.408,48.505,48.357,48.493,380490824.0,CIEN
2023-05-30 12:40:00,48.437,48.53,48.392,48.498,152626957.0,CIEN
2023-05-30 12:39:00,48.457,48.55,48.417,48.528,246442399.0,CIEN
2023-05-30 12:38:00,48.477,48.58,48.432,48.533,298117790.0,CIEN
2023-05-30 12:37:00,48.512,48.63,48.452,48.558,1000349440.0,CIEN
2023-05-30 12:36:00,48.517,48.61,48.477,48.588,140507848.0,CIEN
2023-05-30 12:35:00,48.507,48.635,48.477,48.608,1163249958.0,CIEN
2023-05-30 12:34:00,48.512,48.607,48.477,48.578,230693709.0,CIEN
2023-05-30 12:33:00,48.507,48.61,48.477,48.593,569905738.0,CIEN
2023-05-30 12:32:00,48.507,48.6,48.477,48.578,201410987.0,CIEN
2023-05-30 12:31:00,48.512,48.61,48.472,48.588,152134811.0,CIEN
2023-05-30 12:30:00,48.497,48.62,48.472,48.598,1509905705.0,CIEN
2023-05-30 12:29:00,48.527,48.63,48.487,48.588,91293190.0,CIEN
2023-05-30 12:28:00,48.547,48.64,48.487,48.588,270496063.0,CIEN
2023-05-30 12:27:00,48.597,48.69,48.522,48.628,263852084.0,CIEN
2023-05-30 12:26:00,48.607,48.72,48.567,48.688,202702872.0,CIEN
2023-05-30 12:25:00,48.577,48.71,48.557,48.698,204671458.0,CIEN
2023-05-30 12:24:00,48.597,48.7,48.577,48.678,152996067.0,CIEN
2023-05-30 12:23:00,48.587,48.7,48.56,48.672,178280098.0,CIEN
2023-05-30 12:22:00,48.637,48.74,48.577,48.678,192183239.0,CIEN
2023-05-30 12:21:00,48.627,48.72,48.606,48.708,33404449.0,CIEN
2023-05-30 12:20:00,48.617,48.73,48.586,48.718,730099450.0,CIEN
2023-05-30 12:19:00,48.582,48.71,48.562,48.698,72530102.0,CIEN
2023-05-30 12:18:00,48.547,48.67,48.522,48.658,92523556.0,CIEN
2023-05-30 12:17:00,48.587,48.68,48.507,48.618,248164912.0,CIEN
2023-05-30 12:16:00,48.607,48.71,48.577,48.688,165607323.0,CIEN
2023-05-30 12:15:00,48.607,48.7,48.577,48.678,97937169.0,CIEN
2023-05-30 12:14:00,48.617,48.72,48.567,48.678,117192404.0,CIEN
2023-05-30 12:13:00,48.607,48.71,48.572,48.688,121498686.0,CIEN
2023-05-30 12:12:00,48.607,48.72,48.586,48.698,154349470.0,CIEN
2023-05-30 12:11:00,48.607,48.7,48.567,48.679,253824598.0,CIEN
2023-05-30 12:10:00,48.577,48.7,48.557,48.688,133371722.0,CIEN
2023-05-30 12:09:00,48.587,48.685,48.552,48.673,170774862.0,CIEN
2023-05-30 12:08:00,48.587,48.68,48.567,48.668,50875652.0,CIEN
2023-05-30 12:07:00,48.587,48.695,48.557,48.658,97445022.0,CIEN
2023-05-30 12:06:00,48.577,48.67,48.537,48.658,125128267.0,CIEN
2023-05-30 12:05:00,48.617,48.71,48.527,48.648,751999973.0,CIEN
2023-05-30 12:04:00,48.637,48.73,48.596,48.713,40417537.0,CIEN
2023-05-30 12:03:00,48.657,48.75,48.626,48.738,79297117.0,CIEN
2023-05-30 12:02:00,48.597,48.76,48.567,48.743,215744756.0,CIEN
2023-05-30 12:01:00,48.657,48.75,48.577,48.678,68100782.0,CIEN
2023-05-30 12:00:00,48.677,48.77,48.636,48.738,102366488.0,CIEN
2023-05-30 11:59:00,48.657,48.81,48.636,48.798,221219887.0,CIEN
2023-05-30 11:58:00,48.707,48.8,48.616,48.733,1179736868.0,CIEN
2023-05-30 11:57:00,48.737,48.83,48.686,48.788,65517013.0,CIEN
2023-05-30 11:56:00,48.766,48.86,48.686,48.808,357421453.0,CIEN
2023-05-30 11:55:00,48.796,48.89,48.761,48.863,136816749.0,CIEN
2023-05-30 11:54:00,48.747,48.895,48.726,48.883,190214652.0,CIEN
2023-05-30 11:53:00,48.752,48.85,48.726,48.828,176311512.0,CIEN
2023-05-30 11:52:00,48.757,48.875,48.726,48.838,413157053.0,CIEN
2023-05-30 11:51:00,48.727,48.83,48.696,48.803,210638735.0,CIEN
2023-05-30 11:50:00,48.717,48.815,48.676,48.798,211499992.0,CIEN
2023-05-30 11:49:00,48.717,48.83,48.696,48.813,79543190.0,CIEN
2023-05-30 11:48:00,48.732,48.83,48.686,48.798,287106010.0,CIEN
2023-05-30 11:47:00,48.781,48.875,48.716,48.818,131403136.0,CIEN
2023-05-30 11:46:00,48.766,48.87,48.746,48.858,60964657.0,CIEN
2023-05-30 11:45:00,48.727,48.87,48.706,48.853,215068055.0,CIEN
2023-05-30 11:44:00,48.766,48.86,48.696,48.808,177849470.0,CIEN
2023-05-30 11:43:00,48.732,48.86,48.709,48.848,191875647.0,CIEN
2023-05-30 11:42:00,48.727,48.83,48.696,48.818,149489523.0,CIEN
2023-05-30 11:41:00,48.737,48.85,48.716,48.828,124390047.0,CIEN
2023-05-30 11:40:00,48.737,48.85,48.696,48.838,321248679.0,CIEN
2023-05-30 11:39:00,48.737,48.83,48.716,48.818,11380889.0,CIEN
2023-05-30 11:38:00,48.752,48.845,48.716,48.818,108579839.0,CIEN
2023-05-30 11:37:00,48.737,48.85,48.696,48.838,61026175.0,CIEN
2023-05-30 11:36:00,48.677,48.81,48.646,48.798,109195022.0,CIEN
2023-05-30 11:35:00,48.677,48.79,48.646,48.778,88278792.0,CIEN
2023-05-30 11:34:00,48.702,48.795,48.646,48.748,136201565.0,CIEN
2023-05-30 11:33:00,48.687,48.8,48.656,48.778,171082454.0,CIEN
2023-05-30 11:32:00,48.667,48.77,48.641,48.758,93569368.0,CIEN
2023-05-30 11:31:00,48.657,48.79,48.636,48.758,136878267.0,CIEN
2023-05-30 11:30:00,48.637,48.77,48.596,48.708,1426794451.0,CIEN
2023-05-30 11:29:00,48.587,48.72,48.562,48.708,111963346.0,CIEN
2023-05-30 11:28:00,48.552,48.67,48.532,48.653,80404447.0,CIEN
2023-05-30 11:27:00,48.527,48.64,48.482,48.628,258069362.0,CIEN
2023-05-30 11:26:00,48.517,48.61,48.497,48.598,112517011.0,CIEN
2023-05-30 11:25:00,48.497,48.64,48.477,48.598,186154443.0,CIEN
2023-05-30 11:24:00,48.507,48.6,48.487,48.588,62502615.0,CIEN
2023-05-30 11:23:00,48.527,48.635,48.507,48.618,139092926.0,CIEN
2023-05-30 11:22:00,48.547,48.64,48.495,48.596,111348163.0,CIEN
2023-05-30 11:21:00,48.522,48.63,48.49,48.618,124267011.0,CIEN
2023-05-30 11:20:00,48.542,48.66,48.497,48.638,332260459.0,CIEN
2023-05-30 11:19:00,48.597,48.69,48.527,48.628,295103392.0,CIEN
2023-05-30 11:18:00,48.577,48.71,48.557,48.693,133125649.0,CIEN
2023-05-30 11:17:00,48.557,48.66,48.527,48.638,165299732.0,CIEN
2023-05-30 11:16:00,48.547,48.65,48.487,48.638,193905752.0,CIEN
2023-05-30 11:15:00,48.627,48.73,48.547,48.648,165238213.0,CIEN
2023-05-30 11:14:00,48.607,48.75,48.586,48.698,151212036.0,CIEN
2023-05-30 11:13:00,48.572,48.715,48.537,48.703,157794496.0,CIEN
2023-05-30 11:12:00,48.557,48.65,48.527,48.638,87356017.0,CIEN
2023-05-30 11:11:00,48.537,48.66,48.507,48.648,143522246.0,CIEN
2023-05-30 11:10:00,48.537,48.63,48.492,48.608,101443713.0,CIEN
2023-05-30 11:09:00,48.527,48.645,48.507,48.628,82188478.0,CIEN
2023-05-30 11:08:00,48.557,48.65,48.507,48.608,243797111.0,CIEN
2023-05-30 11:07:00,48.547,48.65,48.527,48.638,113439786.0,CIEN
2023-05-30 11:06:00,48.507,48.68,48.472,48.638,351761767.0,CIEN
2023-05-30 11:05:00,48.497,48.598,48.457,48.578,176065438.0,CIEN
2023-05-30 11:04:00,48.477,48.6,48.457,48.568,282922764.0,CIEN
2023-05-30 11:03:00,48.497,48.595,48.452,48.553,70869107.0,CIEN
2023-05-30 11:02:00,48.467,48.6,48.447,48.578,155579837.0,CIEN
2023-05-30 11:01:00,48.467,48.56,48.447,48.548,36234291.0,CIEN
2023-05-30 11:00:00,48.477,48.6,48.457,48.568,97691095.0,CIEN
2023-05-30 10:59:00,48.477,48.57,48.427,48.538,178341616.0,CIEN
2023-05-30 10:58:00,48.487,48.58,48.437,48.548,257269624.0,CIEN
2023-05-30 10:57:00,48.547,48.64,48.477,48.578,133433241.0,CIEN
2023-05-30 10:56:00,48.447,48.62,48.427,48.608,250748682.0,CIEN
2023-05-30 10:55:00,48.457,48.55,48.417,48.538,131956801.0,CIEN
2023-05-30 10:54:00,48.507,48.6,48.417,48.568,260160985.0,CIEN
2023-05-30 10:53:00,48.527,48.64,48.487,48.588,116638739.0,CIEN
2023-05-30 10:52:00,48.577,48.67,48.517,48.628,148320675.0,CIEN
2023-05-30 10:51:00,48.527,48.64,48.487,48.628,148197638.0,CIEN
2023-05-30 10:50:00,48.442,48.61,48.422,48.598,144691094.0,CIEN
2023-05-30 10:49:00,48.437,48.53,48.417,48.518,89939787.0,CIEN
2023-05-30 10:48:00,48.378,48.51,48.307,48.493,367756531.0,CIEN
2023-05-30 10:47:00,48.348,48.475,48.317,48.463,218328526.0,CIEN
2023-05-30 10:46:00,48.398,48.49,48.348,48.45,77820677.0,CIEN
2023-05-30 10:45:00,48.418,48.52,48.387,48.488,113747378.0,CIEN
2023-05-30 10:44:00,48.398,48.49,48.377,48.478,41647904.0,CIEN
2023-05-30 10:43:00,48.408,48.53,48.387,48.518,153918842.0,CIEN
2023-05-30 10:42:00,48.383,48.546,48.362,48.498,148628266.0,CIEN
2023-05-30 10:41:00,48.348,48.47,48.288,48.459,133002613.0,CIEN
2023-05-30 10:40:00,48.318,48.45,48.297,48.419,140815439.0,CIEN
2023-05-30 10:39:00,48.258,48.41,48.238,48.379,200303657.0,CIEN
2023-05-30 10:38:00,48.228,48.34,48.208,48.324,123528791.0,CIEN
2023-05-30 10:37:00,48.238,48.33,48.168,48.311,270557581.0,CIEN
2023-05-30 10:36:00,48.248,48.34,48.228,48.329,29651831.0,CIEN
2023-05-30 10:35:00,48.223,48.36,48.203,48.339,178649208.0,CIEN
2023-05-30 10:34:00,48.113,48.32,48.078,48.299,233954180.0,CIEN
2023-05-30 10:33:00,48.238,48.33,48.098,48.199,242566745.0,CIEN
2023-05-30 10:32:00,48.203,48.34,48.168,48.319,205963343.0,CIEN
2023-05-30 10:31:00,48.168,48.31,48.128,48.299,93077221.0,CIEN
2023-05-30 10:30:00,48.128,48.27,48.088,48.239,254870409.0,CIEN
2023-05-30 10:29:00,48.158,48.285,48.108,48.209,191137427.0,CIEN
2023-05-30 10:28:00,48.218,48.31,48.083,48.209,417032707.0,CIEN
2023-05-30 10:27:00,48.228,48.35,48.198,48.309,331337684.0,CIEN
2023-05-30 10:26:00,48.303,48.395,48.198,48.339,249518315.0,CIEN
2023-05-30 10:25:00,48.258,48.39,48.233,48.379,236907059.0,CIEN
2023-05-30 10:24:00,48.263,48.355,48.198,48.339,244227739.0,CIEN
2023-05-30 10:23:00,48.318,48.435,48.178,48.329,810565416.0,CIEN
2023-05-30 10:22:00,48.388,48.48,48.288,48.419,979802320.0,CIEN
2023-05-30 10:21:00,48.423,48.57,48.377,48.478,445823282.0,CIEN
2023-05-30 10:20:00,48.338,48.51,48.317,48.498,115162299.0,CIEN
2023-05-30 10:19:00,48.248,48.43,48.218,48.419,169729051.0,CIEN
2023-05-30 10:18:00,48.268,48.39,48.198,48.349,354407055.0,CIEN
2023-05-30 10:17:00,48.243,48.38,48.223,48.339,188799731.0,CIEN
2023-05-30 10:16:00,48.218,48.365,48.198,48.329,409588990.0,CIEN
2023-05-30 10:15:00,48.223,48.32,48.148,48.289,182032715.0,CIEN
2023-05-30 10:14:00,48.308,48.4,48.188,48.289,169606014.0,CIEN
2023-05-30 10:13:00,48.257,48.39,48.208,48.379,347824594.0,CIEN
2023-05-30 10:12:00,48.278,48.38,48.218,48.334,231739520.0,CIEN
2023-05-30 10:11:00,48.358,48.46,48.288,48.389,149428005.0,CIEN
2023-05-30 10:10:00,48.408,48.505,48.357,48.459,138539262.0,CIEN
2023-05-30 10:09:00,48.318,48.48,48.268,48.459,233585070.0,CIEN
2023-05-30 10:08:00,48.398,48.51,48.317,48.419,194828527.0,CIEN
2023-05-30 10:07:00,48.467,48.57,48.407,48.508,178710726.0,CIEN
2023-05-30 10:06:00,48.358,48.55,48.337,48.528,191014391.0,CIEN
2023-05-30 10:05:00,48.427,48.54,48.327,48.429,332075904.0,CIEN
2023-05-30 10:04:00,48.408,48.53,48.377,48.478,125312822.0,CIEN
2023-05-30 10:03:00,48.368,48.55,48.337,48.518,310913601.0,CIEN
2023-05-30 10:02:00,48.388,48.5,48.357,48.488,75421463.0,CIEN
2023-05-30 10:01:00,48.572,48.665,48.337,48.478,211253919.0,CIEN
2023-05-30 10:00:00,48.403,48.682,48.382,48.638,1838905693.0,CIEN
2023-05-30 09:59:00,48.358,48.45,48.337,48.439,4183245.0,CIEN
2023-05-30 09:58:00,48.407,48.5,48.309,48.5,16997916.0,CIEN
2023-05-30 09:57:00,48.417,48.54,48.379,48.59,10566583.0,CIEN
2023-05-30 09:56:00,48.378,48.55,48.399,48.53,5855392.0,CIEN
2023-05-30 09:55:00,48.472,48.629,48.399,48.52,110071778.0,CIEN
2023-05-30 09:54:00,48.427,48.6,48.443,48.65,5532865.0,CIEN
2023-05-30 09:53:00,48.596,48.689,48.508,48.64,20933507.0,CIEN
2023-05-30 09:52:00,48.666,48.759,48.623,48.724,5229537.0,CIEN
2023-05-30 09:51:00,48.928,49.021,48.687,48.809,26132328.0,CIEN
2023-05-30 09:50:00,48.915,49.038,48.936,49.059,6462049.0,CIEN
2023-05-30 09:49:00,48.91,49.058,48.946,49.079,5327447.0,CIEN
2023-05-30 09:48:00,48.9,49.078,48.941,49.079,47223259.0,CIEN
2023-05-30 09:47:00,48.835,48.993,48.837,49.044,11307626.0,CIEN
2023-05-30 09:46:00,48.686,48.948,48.727,48.999,10762403.0,CIEN
2023-05-30 09:45:00,48.716,48.809,48.677,48.805,15166426.0,CIEN
2023-05-30 09:44:00,48.716,48.834,48.717,48.859,9787144.0,CIEN
2023-05-30 09:43:00,48.775,48.879,48.727,48.869,19570449.0,CIEN
2023-05-30 09:42:00,48.829,48.922,48.737,48.909,18539516.0,CIEN
2023-05-30 09:41:00,48.726,48.908,48.767,48.949,10491711.0,CIEN
2023-05-30 09:40:00,48.736,48.844,48.727,48.869,34291481.0,CIEN
2023-05-30 09:39:00,48.761,48.879,48.767,48.889,9370547.0,CIEN
2023-05-30 09:38:00,48.765,48.869,48.764,48.919,5079792.0,CIEN
2023-05-30 09:37:00,48.895,48.988,48.737,48.914,13240866.0,CIEN
2023-05-30 09:36:00,49.034,49.128,48.961,49.064,3563150.0,CIEN
2023-05-30 09:35:00,49.104,49.387,49.076,49.258,15020521.0,CIEN
2023-05-30 09:34:00,48.919,49.297,48.96,49.248,20083036.0,CIEN
2023-05-30 09:33:00,48.805,49.118,48.847,49.069,40862959.0,CIEN
2023-05-30 09:32:00,48.527,48.898,48.568,48.949,10332367.0,CIEN
2023-05-30 09:31:00,48.601,48.694,48.508,48.67,7790551.0,CIEN
2023-05-30 09:30:00,48.348,48.629,48.379,48.66,30876156.0,CIEN
2023-05-30 09:29:00,48.427,48.52,48.468,48.57,1919.0,CIEN
2023-05-30 09:28:00,48.338,48.44,48.309,48.49,2845144.0,CIEN
2023-05-30 09:26:00,48.238,48.33,48.279,48.38,2111780.0,CIEN
2023-05-30 09:25:00,48.238,48.33,48.279,48.38,1806532.0,CIEN
2023-05-30 09:21:00,48.238,48.33,48.279,48.38,2948898.0,CIEN
2023-05-30 09:20:00,48.437,48.53,48.478,48.58,2390998.0,CIEN
2023-05-30 09:06:00,48.637,48.73,48.678,48.78,2540.0,CIEN
2023-05-30 09:03:00,48.557,48.65,48.537,48.638,61518.0,CIEN
2023-05-30 08:59:00,48.557,48.65,48.537,48.638,369109.0,CIEN
2023-05-30 08:33:00,48.557,48.65,48.537,48.638,6151832.0,CIEN
2023-05-30 08:31:00,48.358,48.45,48.337,48.439,46138741.0,CIEN
2023-05-30 08:30:00,48.258,48.351,48.238,48.339,46138741.0,CIEN
2023-05-30 08:22:00,48.615,48.708,48.594,48.696,4613874.0,CIEN
2023-05-30 08:21:00,48.615,48.708,48.594,48.696,12303664.0,CIEN
2023-05-30 08:19:00,48.625,48.718,48.604,48.706,307591.0,CIEN
2023-05-30 08:00:00,48.595,48.708,48.554,48.696,645019610.0,CIEN
2023-05-30 07:18:00,48.338,48.45,48.297,48.439,129003922.0,CIEN
2023-05-30 05:20:00,47.849,47.941,47.829,47.929,123036.0,CIEN
2023-05-26 19:49:00,46.663,46.752,46.643,46.741,307591.0,CIEN
2023-05-26 19:46:00,47.45,47.541,47.43,47.53,61518.0,CIEN
2023-05-26 19:00:00,47.849,47.941,47.829,47.929,7986985316.0,CIEN
2023-05-26 18:30:00,47.849,47.941,47.829,47.929,7986985316.0,CIEN
2023-05-26 16:21:00,47.151,47.241,47.131,47.23,61518.0,CIEN
2023-05-26 16:17:00,47.759,47.851,47.739,47.839,4306282.0,CIEN
2023-05-26 16:10:00,47.849,47.941,47.829,47.929,7986985316.0,CIEN
2023-05-26 16:06:00,46.664,46.753,46.645,46.742,61518.0,CIEN
2023-05-26 16:01:00,47.849,47.941,47.829,47.929,54136123.0,CIEN
2023-05-26 16:00:00,47.849,47.941,47.819,47.929,17718937847.0,CIEN
2023-05-26 15:59:00,47.799,47.941,47.769,47.919,3472094116.0,CIEN
2023-05-26 15:58:00,47.844,47.941,47.779,47.879,1624514339.0,CIEN
2023-05-26 15:57:00,47.854,47.951,47.809,47.929,1454969843.0,CIEN
2023-05-26 15:56:00,47.859,47.961,47.809,47.929,1314031366.0,CIEN
2023-05-26 15:55:00,47.869,48.001,47.839,47.949,1391359897.0,CIEN
2023-05-26 15:54:00,47.819,47.971,47.799,47.949,1044150486.0,CIEN
2023-05-26 15:53:00,47.879,47.981,47.799,47.899,583993434.0,CIEN
2023-05-26 15:52:00,47.879,47.981,47.779,47.959,1534697589.0,CIEN
2023-05-26 15:51:00,47.919,48.031,47.849,47.949,857811487.0,CIEN
2023-05-26 15:50:00,47.999,48.09,47.889,47.989,962638708.0,CIEN
2023-05-26 15:49:00,47.999,48.115,47.979,48.084,798692379.0,CIEN
2023-05-26 15:48:00,48.059,48.15,47.969,48.069,871468555.0,CIEN
2023-05-26 15:47:00,48.069,48.17,48.028,48.139,653386102.0,CIEN
2023-05-26 15:46:00,48.069,48.17,48.029,48.139,586331130.0,CIEN
2023-05-26 15:45:00,48.08,48.2,47.998,48.129,1476808847.0,CIEN
2023-05-26 15:44:00,48.049,48.17,48.028,48.159,340319359.0,CIEN
2023-05-26 15:43:00,47.969,48.15,47.929,48.129,694295786.0,CIEN
2023-05-26 15:42:00,48.118,48.23,47.959,48.059,817147876.0,CIEN
2023-05-26 15:41:00,48.039,48.22,48.018,48.204,474306265.0,CIEN
2023-05-26 15:40:00,48.009,48.12,47.969,48.109,938400489.0,CIEN
2023-05-26 15:39:00,48.098,48.19,47.982,48.099,954026143.0,CIEN
2023-05-26 15:38:00,48.093,48.2,48.058,48.179,811980337.0,CIEN
2023-05-26 15:37:00,48.089,48.19,48.068,48.179,219497374.0,CIEN
2023-05-26 15:36:00,48.093,48.195,48.058,48.179,608293171.0,CIEN
2023-05-26 15:35:00,48.138,48.23,48.058,48.164,772977721.0,CIEN
2023-05-26 15:34:00,48.118,48.23,48.098,48.219,184308893.0,CIEN
2023-05-26 15:33:00,48.168,48.28,48.088,48.214,665812803.0,CIEN
2023-05-26 15:32:00,48.098,48.28,48.078,48.269,505988201.0,CIEN
2023-05-26 15:31:00,48.108,48.21,48.063,48.18,489993437.0,CIEN
2023-05-26 15:30:00,48.183,48.28,48.078,48.199,934586353.0,CIEN
2023-05-26 15:29:00,48.208,48.31,48.138,48.264,1312862518.0,CIEN
2023-05-26 15:28:00,48.179,48.29,48.158,48.279,412541870.0,CIEN
2023-05-26 15:27:00,48.168,48.275,48.148,48.259,526535321.0,CIEN
2023-05-26 15:26:00,48.193,48.285,48.118,48.239,1200837653.0,CIEN
2023-05-26 15:25:00,48.188,48.3,48.158,48.274,642128249.0,CIEN
2023-05-26 15:24:00,48.153,48.27,48.133,48.259,700201545.0,CIEN
2023-05-26 15:23:00,48.108,48.241,48.088,48.23,634069349.0,CIEN
2023-05-26 15:22:00,48.098,48.2,48.078,48.189,227371719.0,CIEN
2023-05-26 15:21:00,48.069,48.19,48.048,48.179,370586374.0,CIEN
2023-05-26 15:20:00,48.088,48.19,48.058,48.159,235922766.0,CIEN
2023-05-26 15:19:00,48.064,48.19,48.043,48.179,351700249.0,CIEN
2023-05-26 15:18:00,48.098,48.19,48.038,48.139,208793186.0,CIEN
2023-05-26 15:17:00,48.088,48.18,48.058,48.169,214329835.0,CIEN
2023-05-26 15:16:00,48.079,48.19,48.058,48.179,317803653.0,CIEN
2023-05-26 15:15:00,48.079,48.17,48.048,48.159,115531409.0,CIEN
2023-05-26 15:14:00,48.064,48.17,48.043,48.154,320448941.0,CIEN
2023-05-26 15:13:00,48.069,48.165,48.028,48.149,271787948.0,CIEN
2023-05-26 15:12:00,48.118,48.22,48.058,48.159,258192399.0,CIEN
2023-05-26 15:11:00,48.118,48.21,48.081,48.199,141861251.0,CIEN
2023-05-26 15:10:00,48.069,48.21,48.048,48.199,463232967.0,CIEN
2023-05-26 15:09:00,48.029,48.15,47.989,48.139,436657052.0,CIEN
2023-05-26 15:08:00,48.009,48.12,47.989,48.109,175327218.0,CIEN
2023-05-26 15:07:00,48.029,48.12,47.984,48.089,139708110.0,CIEN
2023-05-26 15:06:00,48.029,48.12,47.979,48.109,3522108512.0,CIEN
2023-05-26 15:05:00,48.009,48.145,47.989,48.119,548066734.0,CIEN
2023-05-26 15:04:00,48.029,48.12,47.984,48.089,203564128.0,CIEN
2023-05-26 15:03:00,48.022,48.12,47.998,48.109,49829841.0,CIEN
2023-05-26 15:02:00,48.019,48.13,47.979,48.089,435611240.0,CIEN
2023-05-26 15:01:00,48.019,48.125,47.989,48.089,293749989.0,CIEN
2023-05-26 15:00:00,47.969,48.105,47.949,48.089,410142655.0,CIEN
2023-05-26 14:59:00,47.899,48.011,47.879,47.999,112824603.0,CIEN
2023-05-26 14:58:00,47.899,48.011,47.889,47.999,80490578.0,CIEN
2023-05-26 14:57:00,47.909,48.021,47.889,48.014,179274469.0,CIEN
2023-05-26 14:56:00,47.894,48.021,47.894,48.014,64406717.0,CIEN
2023-05-26 14:55:00,47.894,48.021,47.839,47.999,283237506.0,CIEN
2023-05-26 14:54:00,47.889,48.011,47.879,47.994,82343667.0,CIEN
2023-05-26 14:53:00,47.889,48.001,47.879,47.984,69015681.0,CIEN
2023-05-26 14:52:00,47.899,48.021,47.874,47.984,120997200.0,CIEN
2023-05-26 14:51:00,47.934,48.05,47.909,48.014,78613731.0,CIEN
2023-05-26 14:50:00,47.949,48.065,47.939,48.054,69585862.0,CIEN
2023-05-26 14:49:00,47.949,48.07,47.939,48.059,109070910.0,CIEN
2023-05-26 14:48:00,47.929,48.06,47.919,48.054,130809068.0,CIEN
2023-05-26 14:47:00,47.949,48.06,47.929,48.034,102870189.0,CIEN
2023-05-26 14:46:00,47.919,48.06,47.919,48.054,74978826.0,CIEN
2023-05-26 14:45:00,47.989,48.1,47.919,48.029,94673835.0,CIEN
2023-05-26 14:44:00,47.969,48.1,47.968,48.094,48014007.0,CIEN
2023-05-26 14:43:00,47.949,48.08,47.939,48.064,94056139.0,CIEN
2023-05-26 14:42:00,48.019,48.14,47.929,48.054,474010630.0,CIEN
2023-05-26 14:41:00,47.954,48.13,47.954,48.124,126390164.0,CIEN
2023-05-26 14:40:00,47.969,48.12,47.959,48.074,162501639.0,CIEN
2023-05-26 14:39:00,47.949,48.08,47.939,48.064,81702213.0,CIEN
2023-05-26 14:38:00,47.939,48.07,47.939,48.064,231517321.0,CIEN
2023-05-26 14:37:00,47.919,48.05,47.919,48.044,82581242.0,CIEN
2023-05-26 14:36:00,47.929,48.04,47.909,48.034,187352036.0,CIEN
2023-05-26 14:35:00,47.909,48.06,47.909,48.029,121353563.0,CIEN
2023-05-26 14:34:00,47.904,48.016,47.889,48.004,91038930.0,CIEN
2023-05-26 14:33:00,47.904,48.021,47.894,48.014,112682057.0,CIEN
2023-05-26 14:32:00,47.899,48.021,47.889,48.004,157940190.0,CIEN
2023-05-26 14:31:00,47.959,48.07,47.899,48.014,148532200.0,CIEN
2023-05-26 14:30:00,47.919,48.06,47.909,48.054,165732666.0,CIEN
2023-05-26 14:29:00,47.939,48.05,47.904,48.009,138815362.0,CIEN
2023-05-26 14:28:00,47.909,48.05,47.909,48.044,50864913.0,CIEN
2023-05-26 14:27:00,47.929,48.05,47.889,48.004,182576769.0,CIEN
2023-05-26 14:26:00,47.919,48.03,47.889,48.024,166112787.0,CIEN
2023-05-26 14:25:00,47.929,48.05,47.909,48.024,83911665.0,CIEN
2023-05-26 14:24:00,47.899,48.075,47.899,48.034,317115772.0,CIEN
2023-05-26 14:23:00,47.924,48.035,47.899,48.004,50603580.0,CIEN
2023-05-26 14:22:00,47.859,48.025,47.849,48.019,199872265.0,CIEN
2023-05-26 14:21:00,47.889,48.001,47.794,47.944,199349599.0,CIEN
2023-05-26 14:20:00,47.879,48.011,47.869,48.004,88876993.0,CIEN
2023-05-26 14:19:00,47.889,48.001,47.879,47.994,43856436.0,CIEN
2023-05-26 14:18:00,47.809,47.991,47.809,47.979,261071713.0,CIEN
2023-05-26 14:17:00,47.909,48.021,47.824,47.929,237242890.0,CIEN
2023-05-26 14:16:00,47.904,48.03,47.899,48.014,38249654.0,CIEN
2023-05-26 14:15:00,47.904,48.04,47.904,48.024,41338136.0,CIEN
2023-05-26 14:14:00,47.864,48.03,47.839,48.024,119690535.0,CIEN
2023-05-26 14:13:00,47.79,47.941,47.789,47.924,71035073.0,CIEN
2023-05-26 14:12:00,47.859,47.991,47.839,47.969,183939783.0,CIEN
2023-05-26 14:11:00,47.879,47.971,47.819,47.919,241767007.0,CIEN
2023-05-26 14:10:00,47.829,47.961,47.799,47.949,270742136.0,CIEN
2023-05-26 14:09:00,47.799,47.903,47.759,47.859,179387428.0,CIEN
2023-05-26 14:08:00,47.749,47.901,47.729,47.879,247672766.0,CIEN
2023-05-26 14:07:00,47.67,47.831,47.65,47.819,548497362.0,CIEN
2023-05-26 14:06:00,47.67,47.761,47.64,47.739,221588997.0,CIEN
2023-05-26 14:05:00,47.675,47.771,47.65,47.759,116454184.0,CIEN
2023-05-26 14:04:00,47.68,47.811,47.65,47.769,316696323.0,CIEN
2023-05-26 14:03:00,47.66,47.761,47.64,47.739,65886123.0,CIEN
2023-05-26 14:02:00,47.65,47.751,47.62,47.719,3349611136.0,CIEN
2023-05-26 14:01:00,47.66,47.751,47.63,47.729,182832454.0,CIEN
2023-05-26 14:00:00,47.64,47.751,47.62,47.739,99475127.0,CIEN
2023-05-26 13:59:00,48.009,48.115,47.989,48.099,214945018.0,CIEN
2023-05-26 13:58:00,47.989,48.131,47.999,48.119,363254885.0,CIEN
2023-05-26 13:57:00,48.034,48.141,47.983,48.084,2396121000.0,CIEN
2023-05-26 13:56:00,48.059,48.166,48.029,48.144,399810907.0,CIEN
2023-05-26 13:55:00,48.011,48.156,48.021,48.159,231960584.0,CIEN
2023-05-26 13:54:00,47.969,48.125,47.968,48.129,581712795.0,CIEN
2023-05-26 13:53:00,47.979,48.085,47.989,48.089,82113827.0,CIEN
2023-05-26 13:52:00,47.979,48.105,47.989,48.089,374013114.0,CIEN
2023-05-26 13:51:00,47.989,48.095,47.989,48.099,255562820.0,CIEN
2023-05-26 13:50:00,48.029,48.146,48.009,48.109,362705996.0,CIEN
2023-05-26 13:49:00,47.969,48.125,47.978,48.124,298266402.0,CIEN
2023-05-26 13:48:00,47.938,48.068,47.948,48.069,377745561.0,CIEN
2023-05-26 13:47:00,47.923,48.04,47.929,48.039,519358979.0,CIEN
2023-05-26 13:46:00,47.933,48.04,47.928,48.034,449430493.0,CIEN
2023-05-26 13:45:00,47.928,48.045,47.928,48.044,681281299.0,CIEN
2023-05-26 13:44:00,47.913,48.035,47.908,48.018,484010514.0,CIEN
2023-05-26 13:43:00,47.898,48.05,47.888,48.023,1354768372.0,CIEN
2023-05-26 13:42:00,47.873,48.015,47.883,48.018,448662048.0,CIEN
2023-05-26 13:41:00,47.974,48.08,47.858,47.978,701809756.0,CIEN
2023-05-26 13:40:00,48.009,48.115,47.978,48.089,728705328.0,CIEN
2023-05-26 13:39:00,47.989,48.125,47.999,48.129,397395795.0,CIEN
2023-05-26 13:38:00,47.984,48.115,47.994,48.107,679634631.0,CIEN
2023-05-26 13:37:00,48.004,48.125,47.999,48.099,353704213.0,CIEN
2023-05-26 13:36:00,48.144,48.251,48.019,48.119,2939631105.0,CIEN
2023-05-26 13:35:00,48.179,48.297,48.059,48.24,4785106440.0,CIEN
2023-05-26 13:34:00,48.355,48.468,48.194,48.295,3305630437.0,CIEN
2023-05-26 13:33:00,48.35,48.468,48.36,48.471,117023181.0,CIEN
2023-05-26 13:32:00,48.33,48.448,48.31,48.451,1129614014.0,CIEN
2023-05-26 13:31:00,48.32,48.448,48.33,48.451,186732112.0,CIEN
2023-05-26 13:30:00,48.375,48.483,48.34,48.441,310232187.0,CIEN
2023-05-26 13:29:00,48.388,48.518,48.38,48.492,225373913.0,CIEN
2023-05-26 13:28:00,48.37,48.518,48.38,48.512,464579835.0,CIEN
2023-05-26 13:27:00,48.353,48.478,48.36,48.471,280921502.0,CIEN
2023-05-26 13:26:00,48.38,48.488,48.33,48.456,926195669.0,CIEN
2023-05-26 13:25:00,48.385,48.508,48.395,48.502,308146408.0,CIEN
2023-05-26 13:24:00,48.38,48.508,48.385,48.502,362047329.0,CIEN
2023-05-26 13:23:00,48.395,48.528,48.375,48.502,441306932.0,CIEN
2023-05-26 13:22:00,48.405,48.518,48.405,48.522,233058362.0,CIEN
2023-05-26 13:21:00,48.375,48.508,48.38,48.502,397725128.0,CIEN
2023-05-26 13:20:00,48.365,48.488,48.35,48.492,754832455.0,CIEN
2023-05-26 13:19:00,48.33,48.483,48.34,48.476,463811390.0,CIEN
2023-05-26 13:18:00,48.34,48.453,48.32,48.426,1038388626.0,CIEN
2023-05-26 13:17:00,48.33,48.446,48.335,48.45,202869455.0,CIEN
2023-05-26 13:16:00,48.31,48.448,48.32,48.446,469300282.0,CIEN
2023-05-26 13:15:00,48.32,48.427,48.3,48.411,506295416.0,CIEN
2023-05-26 13:14:00,48.335,48.453,48.34,48.451,989537485.0,CIEN
2023-05-26 13:13:00,48.325,48.443,48.33,48.446,346129542.0,CIEN
2023-05-26 13:12:00,48.37,48.483,48.33,48.436,1394398174.0,CIEN
2023-05-26 13:11:00,48.36,48.468,48.355,48.471,502453191.0,CIEN
2023-05-26 13:10:00,48.009,48.1,47.974,48.089,281569361.0,CIEN
2023-05-26 13:09:00,47.994,48.1,47.974,48.089,240598158.0,CIEN
2023-05-26 13:08:00,47.989,48.085,47.964,48.064,223249992.0,CIEN
2023-05-26 13:07:00,47.969,48.07,47.949,48.059,139954183.0,CIEN
2023-05-26 13:06:00,47.949,48.065,47.929,48.049,147582455.0,CIEN
2023-05-26 13:05:00,47.944,48.04,47.919,48.024,338842919.0,CIEN
2023-05-26 13:04:00,47.909,48.031,47.889,48.019,250994755.0,CIEN
2023-05-26 13:03:00,47.899,47.991,47.869,47.969,43616490.0,CIEN
2023-05-26 13:02:00,47.865,47.981,47.845,47.969,98244760.0,CIEN
2023-05-26 13:01:00,47.849,47.981,47.829,47.959,182032715.0,CIEN
2023-05-26 13:00:00,47.859,47.951,47.819,47.919,130049733.0,CIEN
2023-05-26 12:59:00,47.839,47.966,47.819,47.923,177910988.0,CIEN
2023-05-26 12:58:00,47.889,47.986,47.809,47.919,278678000.0,CIEN
2023-05-26 12:57:00,47.889,47.991,47.869,47.979,94615179.0,CIEN
2023-05-26 12:56:00,47.904,48.001,47.851,47.951,181294496.0,CIEN
2023-05-26 12:55:00,47.899,48.011,47.879,47.989,219866484.0,CIEN
2023-05-26 12:54:00,47.889,47.981,47.869,47.969,36664920.0,CIEN
2023-05-26 12:53:00,47.854,47.991,47.834,47.969,261514388.0,CIEN
2023-05-26 12:52:00,47.839,47.951,47.809,47.934,206086380.0,CIEN
2023-05-26 12:51:00,47.869,47.971,47.829,47.929,137739523.0,CIEN
2023-05-26 12:50:00,47.849,47.991,47.829,47.969,292396586.0,CIEN
2023-05-26 12:49:00,47.849,47.981,47.829,47.949,125804969.0,CIEN
2023-05-26 12:48:00,47.869,47.971,47.799,47.929,281200251.0,CIEN
2023-05-26 12:47:00,47.964,48.07,47.859,47.979,526412284.0,CIEN
2023-05-26 12:46:00,47.989,48.08,47.919,48.039,855535309.0,CIEN
2023-05-26 12:45:00,47.899,48.08,47.879,48.069,1975353332.0,CIEN
2023-05-26 12:44:00,47.769,48.001,47.739,47.989,1134090273.0,CIEN
2023-05-26 12:43:00,47.779,47.871,47.739,47.839,83664918.0,CIEN
2023-05-26 12:42:00,47.769,47.865,47.736,47.836,42509160.0,CIEN
2023-05-26 12:41:00,47.78,47.881,47.699,47.844,288582450.0,CIEN
2023-05-26 12:40:00,47.779,47.881,47.734,47.869,303531402.0,CIEN
2023-05-26 12:39:00,47.769,47.881,47.749,47.869,126850780.0,CIEN
2023-05-26 12:38:00,47.74,47.861,47.704,47.849,134540571.0,CIEN
2023-05-26 12:37:00,47.73,47.831,47.709,47.819,155764392.0,CIEN
2023-05-26 12:36:00,47.69,47.821,47.67,47.809,179695019.0,CIEN
2023-05-26 12:35:00,47.68,47.781,47.65,47.769,207931929.0,CIEN
2023-05-26 12:34:00,47.62,47.771,47.6,47.749,162100779.0,CIEN
2023-05-26 12:33:00,47.64,47.731,47.56,47.699,929172741.0,CIEN
2023-05-26 12:32:00,47.56,47.731,47.54,47.709,430382183.0,CIEN
2023-05-26 12:31:00,47.71,47.811,47.52,47.63,1019912267.0,CIEN
2023-05-26 12:30:00,47.69,47.801,47.67,47.779,370893965.0,CIEN
2023-05-26 12:29:00,47.665,47.791,47.64,47.779,277078524.0,CIEN
2023-05-26 12:28:00,47.65,47.761,47.63,47.744,206393971.0,CIEN
2023-05-26 12:27:00,47.625,47.741,47.605,47.729,84772248.0,CIEN
2023-05-26 12:26:00,47.6,47.716,47.58,47.704,162592926.0,CIEN
2023-05-26 12:25:00,47.6,47.706,47.57,47.689,278308890.0,CIEN
2023-05-26 12:24:00,47.59,47.701,47.57,47.679,282184544.0,CIEN
2023-05-26 12:23:00,47.59,47.681,47.55,47.67,221158369.0,CIEN
2023-05-26 12:22:00,47.58,47.681,47.56,47.67,43308898.0,CIEN
2023-05-26 12:21:00,47.555,47.651,47.53,47.64,271910985.0,CIEN
2023-05-26 12:20:00,47.56,47.666,47.52,47.64,530410975.0,CIEN
2023-05-26 12:19:00,47.55,47.656,47.53,47.645,172558894.0,CIEN
2023-05-26 12:18:00,47.58,47.671,47.52,47.63,248410985.0,CIEN
2023-05-26 12:17:00,47.54,47.681,47.5,47.67,249333760.0,CIEN
2023-05-26 12:16:00,47.52,47.631,47.5,47.62,110240833.0,CIEN
2023-05-26 12:15:00,47.51,47.621,47.48,47.61,210638735.0,CIEN
2023-05-26 12:14:00,47.51,47.631,47.485,47.585,232047112.0,CIEN
2023-05-26 12:13:00,47.52,47.611,47.48,47.58,96091619.0,CIEN
2023-05-26 12:12:00,47.51,47.616,47.48,47.605,171390046.0,CIEN
2023-05-26 12:11:00,47.51,47.601,47.48,47.58,168314130.0,CIEN
2023-05-26 12:10:00,47.5,47.611,47.47,47.6,183078527.0,CIEN
2023-05-26 12:09:00,47.46,47.581,47.44,47.57,128819367.0,CIEN
2023-05-26 12:08:00,47.44,47.551,47.42,47.535,248410985.0,CIEN
2023-05-26 12:07:00,47.43,47.531,47.4,47.5,42693715.0,CIEN
2023-05-26 12:06:00,47.356,47.511,47.336,47.485,151827219.0,CIEN
2023-05-26 12:05:00,47.321,47.431,47.296,47.42,149243450.0,CIEN
2023-05-26 12:04:00,47.271,47.401,47.251,47.39,137616487.0,CIEN
2023-05-26 12:03:00,47.233,47.361,47.211,47.35,223188473.0,CIEN
2023-05-26 12:02:00,47.216,47.326,47.196,47.31,80342929.0,CIEN
2023-05-26 12:01:00,47.216,47.321,47.196,47.31,62994762.0,CIEN
2023-05-26 12:00:00,47.211,47.311,47.191,47.3,91416227.0,CIEN
2023-05-26 11:59:00,47.176,47.291,47.151,47.275,114977744.0,CIEN
2023-05-26 11:58:00,47.166,47.271,47.131,47.25,170651826.0,CIEN
2023-05-26 11:57:00,47.291,47.391,47.131,47.25,406697629.0,CIEN
2023-05-26 11:56:00,47.296,47.401,47.261,47.375,68223819.0,CIEN
2023-05-26 11:55:00,47.271,47.396,47.241,47.366,153611251.0,CIEN
2023-05-26 11:54:00,47.271,47.371,47.241,47.35,144137429.0,CIEN
2023-05-26 11:53:00,47.251,47.361,47.221,47.335,92215965.0,CIEN
2023-05-26 11:52:00,47.341,47.431,47.236,47.335,162654444.0,CIEN
2023-05-26 11:51:00,47.341,47.481,47.304,47.403,211315437.0,CIEN
2023-05-26 11:50:00,47.301,47.431,47.271,47.42,203071982.0,CIEN
2023-05-26 11:49:00,47.341,47.431,47.231,47.38,413649199.0,CIEN
2023-05-26 11:48:00,47.331,47.431,47.301,47.42,155210727.0,CIEN
2023-05-26 11:47:00,47.311,47.426,47.291,47.41,140077220.0,CIEN
2023-05-26 11:46:00,47.292,47.401,47.231,47.39,357052343.0,CIEN
2023-05-26 11:45:00,47.366,47.461,47.241,47.36,552311498.0,CIEN
2023-05-26 11:44:00,47.43,47.521,47.291,47.445,688882174.0,CIEN
2023-05-26 11:43:00,47.42,47.521,47.4,47.51,189230359.0,CIEN
2023-05-26 11:42:00,47.42,47.531,47.4,47.505,392671451.0,CIEN
2023-05-26 11:41:00,47.341,47.521,47.316,47.5,1529530049.0,CIEN
2023-05-26 11:40:00,47.311,47.456,47.291,47.415,1092749960.0,CIEN
2023-05-26 11:39:00,47.181,47.406,47.141,47.39,1063159647.0,CIEN
2023-05-26 11:38:00,47.201,47.291,47.171,47.28,116454184.0,CIEN
2023-05-26 11:37:00,47.171,47.291,47.151,47.28,186338998.0,CIEN
2023-05-26 11:36:00,47.131,47.261,47.111,47.24,120883503.0,CIEN
2023-05-26 11:35:00,47.121,47.221,47.072,47.2,303900512.0,CIEN
2023-05-26 11:34:00,47.121,47.221,47.092,47.21,196735595.0,CIEN
2023-05-26 11:33:00,47.111,47.251,47.092,47.23,331091611.0,CIEN
2023-05-26 11:32:00,47.101,47.211,47.082,47.2,181786642.0,CIEN
2023-05-26 11:31:00,47.121,47.221,47.101,47.2,182647899.0,CIEN
2023-05-26 11:30:00,47.032,47.191,47.002,47.16,346963338.0,CIEN
2023-05-26 11:29:00,46.992,47.121,46.957,47.11,220481667.0,CIEN
2023-05-26 11:28:00,47.007,47.111,46.987,47.085,84649211.0,CIEN
2023-05-26 11:27:00,46.992,47.111,46.962,47.085,194090307.0,CIEN
2023-05-26 11:26:00,46.932,47.071,46.912,47.06,55181935.0,CIEN
2023-05-26 11:25:00,46.912,47.022,46.882,47.01,70746070.0,CIEN
2023-05-26 11:24:00,46.842,47.002,46.822,46.99,365234280.0,CIEN
2023-05-26 11:23:00,46.872,46.962,46.802,46.93,416602079.0,CIEN
2023-05-26 11:22:00,46.912,47.002,46.862,46.97,144937167.0,CIEN
2023-05-26 11:21:00,46.912,47.017,46.887,47.005,153549732.0,CIEN
2023-05-26 11:20:00,46.952,47.081,46.9,47.0,1394620368.0,CIEN
2023-05-26 11:19:00,46.934,47.042,46.912,47.015,218759154.0,CIEN
2023-05-26 11:18:00,46.937,47.027,46.917,47.015,16856020.0,CIEN
2023-05-26 11:17:00,46.937,47.061,46.917,47.043,229155750.0,CIEN
2023-05-26 11:16:00,46.932,47.027,46.912,47.015,37464658.0,CIEN
2023-05-26 11:15:00,46.962,47.052,46.922,47.02,102181933.0,CIEN
2023-05-26 11:14:00,46.922,47.042,46.882,47.03,391379567.0,CIEN
2023-05-26 11:13:00,47.002,47.116,46.882,47.01,880204156.0,CIEN
2023-05-26 11:12:00,47.062,47.161,47.002,47.1,561846838.0,CIEN
2023-05-26 11:11:00,47.022,47.131,46.992,47.12,507403123.0,CIEN
2023-05-26 11:10:00,46.992,47.121,46.942,47.11,558155739.0,CIEN
2023-05-26 11:09:00,46.972,47.086,46.952,47.075,124390047.0,CIEN
2023-05-26 11:08:00,47.027,47.116,46.962,47.06,141246068.0,CIEN
2023-05-26 11:07:00,47.002,47.131,46.982,47.105,172497376.0,CIEN
2023-05-26 11:06:00,46.992,47.091,46.952,47.08,238937164.0,CIEN
2023-05-26 11:05:00,46.977,47.111,46.957,47.083,181909679.0,CIEN
2023-05-26 11:04:00,46.992,47.101,46.936,47.035,275479047.0,CIEN
2023-05-26 11:03:00,47.027,47.116,46.962,47.08,135217272.0,CIEN
2023-05-26 11:02:00,47.012,47.131,46.992,47.105,182401825.0,CIEN
2023-05-26 11:01:00,46.992,47.092,46.952,47.08,254070671.0,CIEN
2023-05-26 11:00:00,46.942,47.104,46.922,47.09,281753916.0,CIEN
2023-05-26 10:59:00,46.663,46.752,46.643,46.741,17102093.0,CIEN
2023-05-26 10:58:00,46.607,46.742,46.599,46.711,49338208.0,CIEN
2023-05-26 10:57:00,46.667,46.742,46.619,46.681,110679709.0,CIEN
2023-05-26 10:56:00,46.686,46.752,46.619,46.731,29202815.0,CIEN
2023-05-26 10:55:00,46.677,46.752,46.669,46.741,8307473.0,CIEN
2023-05-26 10:54:00,46.667,46.752,46.659,46.731,16829291.0,CIEN
2023-05-26 10:53:00,46.647,46.722,46.609,46.711,19765161.0,CIEN
2023-05-26 10:52:00,46.617,46.712,46.604,46.701,14711827.0,CIEN
2023-05-26 10:51:00,46.667,46.732,46.599,46.681,49065406.0,CIEN
2023-05-26 10:50:00,46.637,46.732,46.609,46.691,32989568.0,CIEN
2023-05-26 10:49:00,46.667,46.737,46.639,46.701,12334552.0,CIEN
2023-05-26 10:48:00,46.617,46.772,46.609,46.741,35133013.0,CIEN
2023-05-26 10:47:00,46.607,46.692,46.59,46.661,100910796.0,CIEN
2023-05-26 10:46:00,46.548,46.682,46.54,46.661,53943367.0,CIEN
2023-05-26 10:45:00,46.478,46.613,46.451,46.592,51618054.0,CIEN
2023-05-26 10:44:00,46.488,46.553,46.382,46.513,36230717.0,CIEN
2023-05-26 10:43:00,46.508,46.573,46.461,46.525,56112794.0,CIEN
2023-05-26 10:42:00,46.488,46.573,46.481,46.562,10697739.0,CIEN
2023-05-26 10:41:00,46.439,46.563,46.411,46.542,37510288.0,CIEN
2023-05-26 10:40:00,46.444,46.509,46.436,46.498,766443.0,CIEN
2023-05-26 10:39:00,46.399,46.514,46.392,46.501,9268776.0,CIEN
2023-05-26 10:38:00,46.439,46.514,46.401,46.473,25331623.0,CIEN
2023-05-26 10:37:00,46.364,46.504,46.357,46.493,26845025.0,CIEN
2023-05-26 10:36:00,46.34,46.414,46.317,46.403,11964320.0,CIEN
2023-05-26 10:35:00,46.633,46.732,46.598,46.721,113316749.0,CIEN
2023-05-26 10:34:00,46.593,46.702,46.573,46.691,40294501.0,CIEN
2023-05-26 10:33:00,46.553,46.707,46.533,46.696,133125649.0,CIEN
2023-05-26 10:32:00,46.553,46.652,46.533,46.631,80158374.0,CIEN
2023-05-26 10:31:00,46.648,46.737,46.543,46.651,236168839.0,CIEN
2023-05-26 10:30:00,46.693,46.792,46.623,46.721,177726433.0,CIEN
2023-05-26 10:29:00,46.653,46.772,46.593,46.761,237952871.0,CIEN
2023-05-26 10:28:00,46.613,46.732,46.593,46.721,102674080.0,CIEN
2023-05-26 10:27:00,46.633,46.722,46.583,46.691,116946330.0,CIEN
2023-05-26 10:26:00,46.583,46.722,46.563,46.711,109379577.0,CIEN
2023-05-26 10:25:00,46.533,46.672,46.513,46.651,112147901.0,CIEN
2023-05-26 10:24:00,46.524,46.622,46.505,46.611,45954186.0,CIEN
2023-05-26 10:23:00,46.493,46.602,46.474,46.591,112086383.0,CIEN
2023-05-26 10:22:00,46.458,46.582,46.414,46.571,110363870.0,CIEN
2023-05-26 10:21:00,46.593,46.692,46.434,46.531,213222505.0,CIEN
2023-05-26 10:20:00,46.583,46.712,46.563,46.691,333859935.0,CIEN
2023-05-26 10:19:00,46.553,46.662,46.533,46.651,185293187.0,CIEN
2023-05-26 10:18:00,46.483,46.632,46.464,46.621,109871723.0,CIEN
2023-05-26 10:17:00,46.433,46.602,46.414,46.571,223803656.0,CIEN
2023-05-26 10:16:00,46.403,46.532,46.384,46.501,177849470.0,CIEN
2023-05-26 10:15:00,46.423,46.562,46.384,46.481,247795802.0,CIEN
2023-05-26 10:14:00,46.354,46.492,46.334,46.481,176126957.0,CIEN
2023-05-26 10:13:00,46.354,46.452,46.334,46.431,167575910.0,CIEN
2023-05-26 10:12:00,46.324,46.457,46.304,46.421,341611244.0,CIEN
2023-05-26 10:11:00,46.344,46.452,46.294,46.401,365603390.0,CIEN
2023-05-26 10:10:00,46.324,46.422,46.294,46.411,154841617.0,CIEN
2023-05-26 10:09:00,46.254,46.382,46.234,46.371,174219889.0,CIEN
2023-05-26 10:08:00,46.234,46.342,46.214,46.331,166653135.0,CIEN
2023-05-26 10:07:00,46.214,46.312,46.175,46.301,165853397.0,CIEN
2023-05-26 10:06:00,46.244,46.362,46.205,46.316,304823287.0,CIEN
2023-05-26 10:05:00,46.234,46.332,46.195,46.291,102735598.0,CIEN
2023-05-26 10:04:00,46.144,46.322,46.125,46.311,332568050.0,CIEN
2023-05-26 10:03:00,46.284,46.382,46.095,46.211,382890038.0,CIEN
2023-05-26 10:02:00,46.344,46.432,46.254,46.351,169175386.0,CIEN
2023-05-26 10:01:00,46.334,46.472,46.314,46.421,369540562.0,CIEN
2023-05-26 10:00:00,46.239,46.422,46.195,46.361,691158352.0,CIEN
2023-05-26 09:59:00,46.154,46.242,46.135,46.231,73760468.0,CIEN
2023-05-26 09:58:00,46.084,46.242,46.135,46.221,27450348.0,CIEN
2023-05-26 09:57:00,46.094,46.163,46.095,46.102,17609036.0,CIEN
2023-05-26 09:56:00,46.025,46.133,46.055,46.122,100750019.0,CIEN
2023-05-26 09:55:00,45.229,45.415,45.259,45.404,18570270.0,CIEN
2023-05-26 09:54:00,45.268,45.415,45.22,45.355,3277552.0,CIEN
2023-05-26 09:53:00,45.308,45.464,45.318,45.404,3389787.0,CIEN
2023-05-26 09:52:00,45.298,45.445,45.298,45.419,5184023.0,CIEN
2023-05-26 09:51:00,45.268,45.479,45.303,45.434,91835174.0,CIEN
2023-05-26 09:50:00,45.19,45.395,45.21,45.385,3356420.0,CIEN
2023-05-26 09:49:00,45.22,45.366,45.2,45.316,2196157.0,CIEN
2023-05-26 09:48:00,45.19,45.346,45.21,45.316,2913548.0,CIEN
2023-05-26 09:47:00,45.161,45.337,45.2,45.286,2849847.0,CIEN
2023-05-26 09:46:00,45.151,45.327,45.181,45.296,3417087.0,CIEN
2023-05-26 09:45:00,45.043,45.307,45.092,45.296,3168351.0,CIEN
2023-05-26 09:44:00,45.004,45.189,45.033,45.119,902426.0,CIEN
2023-05-26 09:43:00,45.004,45.15,45.014,45.139,2372092.0,CIEN
2023-05-26 09:42:00,45.019,45.189,45.068,45.169,1120828.0,CIEN
2023-05-26 09:41:00,44.994,45.209,45.043,45.198,3882709.0,CIEN
2023-05-26 09:40:00,44.877,45.101,44.926,45.09,3629423.0,CIEN
2023-05-26 09:39:00,44.818,44.983,44.867,44.972,1164812.0,CIEN
2023-05-26 09:38:00,44.877,45.022,44.872,44.962,2811930.0,CIEN
2023-05-26 09:37:00,44.877,45.062,44.916,45.051,1973204.0,CIEN
2023-05-26 09:36:00,44.833,45.037,44.882,45.026,1014661.0,CIEN
2023-05-26 09:35:00,44.965,45.111,44.877,44.967,3204751.0,CIEN
2023-05-26 09:34:00,44.975,45.12,44.994,45.1,1974721.0,CIEN
2023-05-26 09:33:00,44.838,45.052,44.887,45.041,1715368.0,CIEN
2023-05-26 09:32:00,44.73,44.963,44.779,44.953,1301314.0,CIEN
2023-05-26 09:31:00,44.588,44.954,44.637,44.864,2543477.0,CIEN
2023-05-26 09:30:00,44.456,44.787,44.505,44.776,23531341.0,CIEN
2023-05-26 09:29:00,44.182,44.325,44.23,44.315,127612217.0,CIEN
2023-05-25 19:00:00,45.008,45.094,44.989,45.083,5176090128.0,CIEN
2023-05-25 18:30:00,45.008,45.094,44.989,45.083,5176090128.0,CIEN
2023-05-25 18:11:00,44.918,45.004,44.899,44.993,3998690.0,CIEN
2023-05-25 17:13:00,45.008,45.094,44.989,45.083,615183.0,CIEN
2023-05-25 16:15:00,45.008,45.094,44.989,45.083,1476439.0,CIEN
2023-05-25 16:10:00,45.008,45.094,44.989,45.083,5176090128.0,CIEN
2023-05-25 16:09:00,44.629,44.714,44.61,44.703,61518.0,CIEN
2023-05-25 16:06:00,44.361,44.446,44.342,44.435,61518.0,CIEN
2023-05-25 16:01:00,45.008,45.094,44.989,45.083,26945025.0,CIEN
2023-05-25 16:00:00,45.008,45.094,44.979,45.083,11267572895.0,CIEN
2023-05-25 15:59:00,45.037,45.133,44.999,45.123,56104710.0,CIEN
2023-05-25 15:58:00,45.032,45.133,45.038,45.163,26678745.0,CIEN
2023-05-25 15:57:00,45.008,45.123,45.019,45.153,22051127.0,CIEN
2023-05-25 15:56:00,45.013,45.121,45.009,45.143,17031377.0,CIEN
2023-05-25 15:55:00,45.032,45.155,44.999,45.143,31008251.0,CIEN
2023-05-25 15:54:00,45.052,45.152,45.048,45.163,6551588.0,CIEN
2023-05-25 15:53:00,45.072,45.193,45.068,45.183,13467790.0,CIEN
2023-05-25 15:52:00,45.067,45.213,45.068,45.198,16996979.0,CIEN
2023-05-25 15:51:00,45.102,45.208,45.078,45.203,31106858.0,CIEN
2023-05-25 15:50:00,45.122,45.227,45.108,45.233,20544514.0,CIEN
2023-05-25 15:49:00,45.122,45.223,45.128,45.258,10376596.0,CIEN
2023-05-25 15:48:00,45.172,45.273,45.138,45.253,25188185.0,CIEN
2023-05-25 15:47:00,45.162,45.263,45.161,45.303,3448928.0,CIEN
2023-05-25 15:46:00,45.152,45.273,45.158,45.293,8161393.0,CIEN
2023-05-25 15:45:00,45.137,45.263,45.141,45.283,21539750.0,CIEN
2023-05-25 15:44:00,45.132,45.243,45.138,45.268,4934902.0,CIEN
2023-05-25 15:43:00,45.132,45.233,45.138,45.253,10342199.0,CIEN
2023-05-25 15:42:00,45.112,45.218,45.091,45.258,7592687.0,CIEN
2023-05-25 15:41:00,45.082,45.213,45.098,45.253,8789722.0,CIEN
2023-05-25 15:40:00,45.102,45.213,45.108,45.223,12197374.0,CIEN
2023-05-25 15:39:00,45.067,45.193,45.078,45.233,11176913.0,CIEN
2023-05-25 15:38:00,45.072,45.183,45.063,45.177,6177801.0,CIEN
2023-05-25 15:37:00,45.062,45.163,45.058,45.203,6636435.0,CIEN
2023-05-25 15:36:00,45.023,45.149,45.038,45.188,3423703.0,CIEN
2023-05-25 15:35:00,45.028,45.143,45.028,45.163,5556352.0,CIEN
2023-05-25 15:34:00,45.017,45.158,45.028,45.153,5737512.0,CIEN
2023-05-25 15:33:00,45.102,45.193,45.028,45.211,4937196.0,CIEN
2023-05-25 15:32:00,45.102,45.223,45.093,45.233,8276052.0,CIEN
2023-05-25 15:31:00,45.062,45.183,45.078,45.223,4774381.0,CIEN
2023-05-25 15:30:00,45.052,45.177,45.048,45.183,10328440.0,CIEN
2023-05-25 15:29:00,45.087,45.178,45.048,45.173,3189800.0,CIEN
2023-05-25 15:28:00,45.082,45.213,45.078,45.201,44982832.0,CIEN
2023-05-25 15:27:00,45.052,45.163,45.068,45.203,2699061.0,CIEN
2023-05-25 15:26:00,45.042,45.133,45.028,45.16,8053614.0,CIEN
2023-05-25 15:25:00,45.037,45.123,44.979,45.1,402121921.0,CIEN
2023-05-25 15:24:00,45.037,45.143,45.004,45.113,237242773.0,CIEN
2023-05-25 15:23:00,45.042,45.133,44.999,45.103,74195616.0,CIEN
2023-05-25 15:22:00,45.032,45.123,44.968,45.113,100186982.0,CIEN
2023-05-25 15:21:00,44.998,45.123,44.969,45.113,229227815.0,CIEN
2023-05-25 15:20:00,44.988,45.084,44.949,45.073,325178319.0,CIEN
2023-05-25 15:19:00,44.998,45.089,44.939,45.068,343841722.0,CIEN
2023-05-25 15:18:00,44.988,45.084,44.949,45.074,80836582.0,CIEN
2023-05-25 15:17:00,44.998,45.084,44.929,45.063,231861301.0,CIEN
2023-05-25 15:16:00,44.968,45.084,44.939,45.063,133849808.0,CIEN
2023-05-25 15:15:00,44.998,45.084,44.939,45.043,338574750.0,CIEN
2023-05-25 15:14:00,45.018,45.114,44.964,45.068,114041410.0,CIEN
2023-05-25 15:13:00,45.037,45.133,44.979,45.083,270333102.0,CIEN
2023-05-25 15:12:00,44.988,45.109,44.954,45.093,379909036.0,CIEN
2023-05-25 15:11:00,44.873,44.989,44.845,44.954,268269100.0,CIEN
2023-05-25 15:10:00,44.893,44.994,44.855,44.929,1410070256.0,CIEN
2023-05-25 15:09:00,44.883,44.969,44.839,44.939,433289363.0,CIEN
2023-05-25 15:08:00,44.873,44.964,44.826,44.929,197523029.0,CIEN
2023-05-25 15:07:00,44.863,44.984,44.83,44.934,1415406531.0,CIEN
2023-05-25 15:06:00,44.853,44.954,44.83,44.919,101793489.0,CIEN
2023-05-25 15:05:00,44.838,44.934,44.8,44.904,91363497.0,CIEN
2023-05-25 15:04:00,44.803,44.919,44.775,44.874,232855638.0,CIEN
2023-05-25 15:03:00,44.803,44.904,44.771,44.864,122653473.0,CIEN
2023-05-25 15:02:00,44.773,44.879,44.741,44.825,175207697.0,CIEN
2023-05-25 15:01:00,44.751,44.879,44.73,44.844,158611937.0,CIEN
2023-05-25 15:00:00,44.898,45.009,44.869,44.973,133310204.0,CIEN
2023-05-25 14:59:00,44.888,45.004,44.859,44.963,62195023.0,CIEN
2023-05-25 14:58:00,44.898,44.994,44.869,44.963,91170153.0,CIEN
2023-05-25 14:57:00,44.913,45.004,44.869,44.958,127798046.0,CIEN
2023-05-25 14:56:00,44.913,45.024,44.879,44.978,51567632.0,CIEN
2023-05-25 14:55:00,44.918,45.044,44.904,44.988,29210013.0,CIEN
2023-05-25 14:54:00,44.938,45.044,44.868,44.951,47402451.0,CIEN
2023-05-25 14:53:00,44.878,44.959,44.788,44.873,62939040.0,CIEN
2023-05-25 14:52:00,44.836,44.959,44.807,44.935,38676825.0,CIEN
2023-05-25 14:51:00,44.866,44.947,44.799,44.885,28757860.0,CIEN
2023-05-25 14:50:00,44.818,44.939,44.789,44.915,36321963.0,CIEN
2023-05-25 14:49:00,44.848,44.929,44.769,44.87,116744070.0,CIEN
2023-05-25 14:48:00,44.788,44.924,44.759,44.9,44207183.0,CIEN
2023-05-25 14:47:00,44.798,44.887,44.749,44.863,37071237.0,CIEN
2023-05-25 14:46:00,44.793,44.889,44.74,44.855,54839742.0,CIEN
2023-05-25 14:45:00,44.798,44.889,44.765,44.855,39390420.0,CIEN
2023-05-25 14:44:00,44.848,44.944,44.825,44.924,52040995.0,CIEN
2023-05-25 14:43:00,44.828,44.934,44.779,44.924,106156089.0,CIEN
2023-05-25 14:42:00,44.848,44.952,44.789,44.904,190298459.0,CIEN
2023-05-25 14:41:00,44.868,44.962,44.815,44.924,53219460.0,CIEN
2023-05-25 14:40:00,44.878,44.979,44.839,44.934,104930485.0,CIEN
2023-05-25 14:39:00,44.888,44.984,44.849,44.964,109125819.0,CIEN
2023-05-25 14:38:00,44.888,44.974,44.859,44.953,50453787.0,CIEN
2023-05-25 14:37:00,44.968,45.054,44.912,45.006,59088146.0,CIEN
2023-05-25 14:36:00,44.958,45.062,44.912,45.016,34380878.0,CIEN
2023-05-25 14:35:00,44.978,45.067,44.922,44.996,36371753.0,CIEN
2023-05-25 14:34:00,44.958,45.064,44.912,45.016,34023541.0,CIEN
2023-05-25 14:33:00,44.988,45.084,44.913,45.006,32849436.0,CIEN
2023-05-25 14:32:00,45.008,45.094,44.942,45.016,43008002.0,CIEN
2023-05-25 14:31:00,45.023,45.109,44.982,45.056,27719104.0,CIEN
2023-05-25 14:30:00,45.098,45.174,45.012,45.106,80834626.0,CIEN
2023-05-25 14:29:00,45.118,45.194,45.009,45.153,49810069.0,CIEN
2023-05-25 14:28:00,45.148,45.234,45.089,45.183,49525440.0,CIEN
2023-05-25 14:27:00,45.108,45.233,45.099,45.212,27726114.0,CIEN
2023-05-25 14:26:00,45.118,45.273,45.1,45.262,46767900.0,CIEN
2023-05-25 14:25:00,45.128,45.272,45.08,45.208,52571023.0,CIEN
2023-05-25 14:24:00,45.178,45.294,45.11,45.251,74675649.0,CIEN
2023-05-25 14:23:00,45.168,45.304,45.15,45.288,23740050.0,CIEN
2023-05-25 14:22:00,45.198,45.314,45.14,45.263,37957703.0,CIEN
2023-05-25 14:21:00,45.198,45.314,45.15,45.273,12846005.0,CIEN
2023-05-25 14:20:00,45.137,45.214,45.089,45.173,16785155.0,CIEN
2023-05-25 14:19:00,45.127,45.204,45.094,45.193,56145827.0,CIEN
2023-05-25 14:18:00,45.147,45.242,45.062,45.193,40877195.0,CIEN
2023-05-25 14:17:00,45.147,45.224,45.109,45.203,52940448.0,CIEN
2023-05-25 14:16:00,45.107,45.214,45.079,45.203,28848408.0,CIEN
2023-05-25 14:15:00,45.077,45.204,45.043,45.173,43875775.0,CIEN
2023-05-25 14:14:00,45.057,45.154,45.038,45.143,37085887.0,CIEN
2023-05-25 14:13:00,45.017,45.114,44.99,45.103,11511790.0,CIEN
2023-05-25 14:12:00,45.008,45.104,44.971,45.084,4292531.0,CIEN
2023-05-25 14:11:00,45.048,45.134,44.999,45.084,24996930.0,CIEN
2023-05-25 14:10:00,45.043,45.154,45.014,45.103,54538756.0,CIEN
2023-05-25 14:09:00,45.063,45.205,45.014,45.103,23161446.0,CIEN
2023-05-25 14:08:00,45.128,45.248,45.059,45.143,24646154.0,CIEN
2023-05-25 14:07:00,45.148,45.247,45.089,45.193,25988862.0,CIEN
2023-05-25 14:06:00,45.018,45.123,44.969,45.083,53582458.0,CIEN
2023-05-25 14:05:00,45.037,45.133,44.999,45.098,70253924.0,CIEN
2023-05-25 14:04:00,45.062,45.148,45.009,45.113,76651829.0,CIEN
2023-05-25 14:03:00,45.067,45.153,45.009,45.123,28175391.0,CIEN
2023-05-25 14:02:00,45.087,45.173,45.038,45.153,93999996.0,CIEN
2023-05-25 14:01:00,45.077,45.203,45.043,45.18,141615178.0,CIEN
2023-05-25 14:00:00,44.968,45.202,44.949,45.183,108764394.0,CIEN
2023-05-25 13:59:00,44.958,45.054,44.938,45.033,35003925.0,CIEN
2023-05-25 13:58:00,44.923,45.014,44.889,45.003,2030104.0,CIEN
2023-05-25 13:57:00,44.902,44.994,44.86,44.984,2599661.0,CIEN
2023-05-25 13:56:00,44.924,45.005,44.875,44.974,1990630.0,CIEN
2023-05-25 13:55:00,44.969,45.045,44.93,45.009,14537634.0,CIEN
2023-05-25 13:54:00,44.998,45.063,44.925,45.009,48946113.0,CIEN
2023-05-25 13:53:00,44.979,45.054,44.955,45.039,18161746.0,CIEN
2023-05-25 13:52:00,44.969,45.054,44.95,45.044,79956901.0,CIEN
2023-05-25 13:51:00,44.949,45.034,44.93,45.024,88924735.0,CIEN
2023-05-25 13:48:00,44.959,45.054,44.925,45.024,269395569.0,CIEN
2023-05-25 13:47:00,44.939,45.014,44.92,45.004,79346674.0,CIEN
2023-05-25 13:45:00,44.869,44.954,44.85,44.944,37050862.0,CIEN
2023-05-25 13:44:00,44.869,44.954,44.84,44.944,60872636.0,CIEN
2023-05-25 13:43:00,44.889,44.974,44.87,44.964,15630096.0,CIEN
2023-05-25 13:42:00,44.839,44.964,44.82,44.924,87377890.0,CIEN
2023-05-25 13:41:00,44.839,44.934,44.81,44.914,120992015.0,CIEN
2023-05-25 13:40:00,44.859,44.944,44.83,44.924,39828499.0,CIEN
2023-05-25 13:39:00,44.828,44.944,44.809,44.934,58518706.0,CIEN
2023-05-25 13:37:00,44.794,44.894,44.775,44.884,37333333.0,CIEN
2023-05-25 13:35:00,44.819,44.904,44.78,44.884,40205128.0,CIEN
2023-05-25 13:34:00,44.849,44.934,44.78,44.884,155500632.0,CIEN
2023-05-25 13:33:00,44.879,44.944,44.81,44.894,45436663.0,CIEN
2023-05-25 13:32:00,44.859,44.934,44.84,44.924,13948766.0,CIEN
2023-05-25 13:31:00,44.839,44.914,44.805,44.904,24912442.0,CIEN
2023-05-25 13:30:00,44.769,44.849,44.736,44.834,105684462.0,CIEN
2023-05-25 13:29:00,44.759,44.829,44.741,44.814,26902560.0,CIEN
2023-05-25 13:28:00,44.77,44.839,44.751,44.824,16748448.0,CIEN
2023-05-25 13:27:00,44.799,44.879,44.77,44.844,81758106.0,CIEN
2023-05-25 13:26:00,44.75,44.869,44.731,44.844,125817614.0,CIEN
2023-05-25 13:25:00,44.759,44.829,44.726,44.805,97922985.0,CIEN
2023-05-25 13:24:00,44.759,44.834,44.741,44.814,71370567.0,CIEN
2023-05-25 13:23:00,44.75,44.819,44.721,44.794,123950191.0,CIEN
2023-05-25 13:21:00,44.73,44.809,44.711,44.789,78081618.0,CIEN
2023-05-25 13:20:00,44.73,44.799,44.711,44.785,19607939.0,CIEN
2023-05-25 13:19:00,44.73,44.804,44.711,44.785,44176221.0,CIEN
2023-05-25 13:18:00,44.838,44.929,44.819,44.913,46569370.0,CIEN
2023-05-25 13:17:00,44.843,44.929,44.804,44.908,94676698.0,CIEN
2023-05-25 13:16:00,44.813,44.904,44.789,44.883,99721200.0,CIEN
2023-05-25 13:15:00,44.798,44.909,44.779,44.883,133802351.0,CIEN
2023-05-25 13:14:00,44.778,44.874,44.759,44.863,32235600.0,CIEN
2023-05-25 13:12:00,44.788,44.874,44.754,44.848,86556279.0,CIEN
2023-05-25 13:11:00,44.768,44.864,44.749,44.843,44170155.0,CIEN
2023-05-25 13:10:00,44.788,44.874,44.769,44.863,75606018.0,CIEN
2023-05-25 13:09:00,44.788,44.874,44.769,44.863,46569370.0,CIEN
2023-05-25 13:08:00,44.778,44.874,44.759,44.863,90308897.0,CIEN
2023-05-25 13:07:00,44.768,44.864,44.749,44.853,21469894.0,CIEN
2023-05-25 13:06:00,44.768,44.874,44.739,44.833,107534027.0,CIEN
2023-05-25 13:05:00,44.758,44.844,44.729,44.823,16486910.0,CIEN
2023-05-25 13:04:00,44.788,44.879,44.749,44.843,46569370.0,CIEN
2023-05-25 13:03:00,44.798,44.884,44.769,44.873,103289263.0,CIEN
2023-05-25 13:02:00,44.818,44.904,44.769,44.883,91908373.0,CIEN
2023-05-25 13:01:00,44.828,44.914,44.809,44.903,61272249.0,CIEN
2023-05-25 12:59:00,44.878,44.964,44.859,44.953,11503926.0,CIEN
2023-05-25 12:58:00,44.948,45.034,44.928,44.983,28682638.0,CIEN
2023-05-25 12:57:00,44.918,45.004,44.898,44.953,53223933.0,CIEN
2023-05-25 12:56:00,44.918,45.004,44.958,45.013,7480666.0,CIEN
2023-05-25 12:55:00,44.868,44.984,44.908,44.993,11675905.0,CIEN
2023-05-25 12:54:00,44.878,44.964,44.898,44.953,23840413.0,CIEN
2023-05-25 12:52:00,44.818,44.919,44.858,44.928,10934578.0,CIEN
2023-05-25 12:51:00,44.848,44.949,44.888,44.958,22909044.0,CIEN
2023-05-25 12:50:00,44.868,44.954,44.888,44.943,37063939.0,CIEN
2023-05-25 12:49:00,44.858,44.974,44.898,44.963,96507438.0,CIEN
2023-05-25 12:48:00,44.868,44.954,44.898,44.953,72892414.0,CIEN
2023-05-25 12:47:00,44.888,44.979,44.908,44.988,66185606.0,CIEN
2023-05-25 12:46:00,44.868,44.984,44.908,44.988,36040268.0,CIEN
2023-05-25 12:45:00,44.868,44.954,44.908,44.963,5294848.0,CIEN
2023-05-25 12:44:00,44.888,44.974,44.908,44.963,36640351.0,CIEN
2023-05-25 12:43:00,44.853,44.969,44.893,44.978,63220491.0,CIEN
2023-05-25 12:42:00,44.813,44.949,44.853,44.958,75481961.0,CIEN
2023-05-25 12:41:00,44.838,44.944,44.858,44.933,61194756.0,CIEN
2023-05-25 12:40:00,44.798,44.924,44.838,44.933,673690207.0,CIEN
2023-05-25 12:39:00,44.798,44.904,44.838,44.913,751304286.0,CIEN
2023-05-25 12:38:00,44.783,44.874,44.818,44.883,23876295.0,CIEN
2023-05-25 12:37:00,44.768,44.874,44.803,44.883,52029643.0,CIEN
2023-05-25 12:36:00,44.768,44.864,44.808,44.873,12925159.0,CIEN
2023-05-25 12:35:00,44.718,44.874,44.758,44.873,59549736.0,CIEN
2023-05-25 12:34:00,44.728,44.834,44.728,44.803,130708615.0,CIEN
2023-05-25 12:33:00,44.728,44.834,44.768,44.843,69184855.0,CIEN
2023-05-25 12:32:00,44.708,44.814,44.738,44.808,837503352.0,CIEN
2023-05-25 12:31:00,44.708,44.814,44.748,44.803,14335177.0,CIEN
2023-05-25 12:30:00,44.738,44.854,44.738,44.828,208823581.0,CIEN
2023-05-25 12:29:00,44.704,44.804,44.728,44.813,133528650.0,CIEN
2023-05-25 12:28:00,44.699,44.794,44.738,44.803,38446475.0,CIEN
2023-05-25 12:27:00,44.728,44.814,44.758,44.813,60019741.0,CIEN
2023-05-25 12:26:00,44.728,44.819,44.768,44.828,9447116.0,CIEN
2023-05-25 12:25:00,44.748,44.844,44.768,44.823,65048804.0,CIEN
2023-05-25 12:24:00,44.798,44.884,44.768,44.843,105704306.0,CIEN
2023-05-25 12:23:00,44.798,44.884,44.808,44.863,93719158.0,CIEN
2023-05-25 12:22:00,44.738,44.854,44.748,44.833,33886059.0,CIEN
2023-05-25 12:21:00,44.818,44.904,44.769,44.863,122667534.0,CIEN
2023-05-25 12:20:00,44.828,44.934,44.809,44.903,101751305.0,CIEN
2023-05-25 12:19:00,44.798,44.904,44.779,44.893,145183240.0,CIEN
2023-05-25 12:18:00,44.808,44.894,44.769,44.863,155825910.0,CIEN
2023-05-25 12:17:00,44.828,44.914,44.799,44.893,37895286.0,CIEN
2023-05-25 12:16:00,44.803,44.914,44.784,44.903,61026175.0,CIEN
2023-05-25 12:15:00,44.808,44.894,44.784,44.883,100828530.0,CIEN
2023-05-25 12:14:00,44.818,44.904,44.799,44.893,51121725.0,CIEN
2023-05-25 12:13:00,44.798,44.904,44.774,44.893,99844237.0,CIEN
2023-05-25 12:12:00,44.793,44.924,44.774,44.883,179571983.0,CIEN
2023-05-25 12:10:00,44.788,44.874,44.769,44.863,16671465.0,CIEN
2023-05-25 12:09:00,44.788,44.874,44.769,44.863,14210732.0,CIEN
2023-05-25 12:08:00,44.828,44.914,44.769,44.863,105873032.0,CIEN
2023-05-25 12:07:00,44.823,44.909,44.804,44.898,8304973.0,CIEN
2023-05-25 12:06:00,44.798,44.914,44.774,44.903,72160992.0,CIEN
2023-05-25 12:05:00,44.818,44.914,44.784,44.878,99352090.0,CIEN
2023-05-25 12:04:00,44.788,44.894,44.749,44.883,78620416.0,CIEN
2023-05-25 12:02:00,44.818,44.904,44.789,44.883,56043191.0,CIEN
2023-05-25 12:01:00,44.848,44.944,44.809,44.903,149243450.0,CIEN
2023-05-25 12:00:00,44.808,44.924,44.789,44.893,71853400.0,CIEN
2023-05-25 11:59:00,44.569,44.654,44.55,44.643,45462040.0,CIEN
2023-05-25 11:58:00,44.509,44.624,44.491,44.594,327936546.0,CIEN
2023-05-25 11:57:00,44.489,44.594,44.441,44.584,3728996131.0,CIEN
2023-05-25 11:56:00,44.519,44.604,44.481,44.574,583799126.0,CIEN
2023-05-25 11:55:00,44.489,44.609,44.471,44.599,276653147.0,CIEN
2023-05-25 11:54:00,44.519,44.604,44.471,44.564,686088717.0,CIEN
2023-05-25 11:53:00,44.489,44.629,44.471,44.594,1221930935.0,CIEN
2023-05-25 11:52:00,44.48,44.574,44.461,44.554,401950965.0,CIEN
2023-05-25 11:51:00,44.45,44.555,44.421,44.544,742361852.0,CIEN
2023-05-25 11:50:00,44.42,44.545,44.401,44.534,320451942.0,CIEN
2023-05-25 11:49:00,44.39,44.495,44.372,44.484,499250820.0,CIEN
2023-05-25 11:48:00,44.38,44.481,44.362,44.459,619836109.0,CIEN
2023-05-25 11:47:00,44.366,44.475,44.348,44.464,214835860.0,CIEN
2023-05-25 11:46:00,44.351,44.435,44.332,44.425,165215707.0,CIEN
2023-05-25 11:45:00,44.44,44.525,44.421,44.514,62822210.0,CIEN
2023-05-25 11:44:00,44.416,44.501,44.371,44.484,263937610.0,CIEN
2023-05-25 11:43:00,44.39,44.5,44.371,44.489,61451927.0,CIEN
2023-05-25 11:42:00,44.38,44.475,44.361,44.464,149044640.0,CIEN
2023-05-25 11:41:00,44.36,44.465,44.342,44.454,253080751.0,CIEN
2023-05-25 11:40:00,44.38,44.465,44.342,44.444,176134084.0,CIEN
2023-05-25 11:39:00,44.39,44.475,44.361,44.454,118160567.0,CIEN
2023-05-25 11:38:00,44.42,44.505,44.361,44.454,142931070.0,CIEN
2023-05-25 11:37:00,44.42,44.515,44.391,44.484,194685609.0,CIEN
2023-05-25 11:36:00,44.41,44.505,44.391,44.494,155474430.0,CIEN
2023-05-25 11:35:00,44.41,44.495,44.371,44.464,125960640.0,CIEN
2023-05-25 11:34:00,44.38,44.495,44.347,44.484,230629189.0,CIEN
2023-05-25 11:33:00,44.42,44.505,44.381,44.474,87803526.0,CIEN
2023-05-25 11:32:00,44.43,44.524,44.401,44.494,56919452.0,CIEN
2023-05-25 11:31:00,44.47,44.555,44.391,44.504,182353061.0,CIEN
2023-05-25 11:30:00,44.519,44.604,44.471,44.564,143141882.0,CIEN
2023-05-25 11:29:00,44.519,44.614,44.501,44.594,147568951.0,CIEN
2023-05-25 11:28:00,44.46,44.584,44.441,44.574,160428531.0,CIEN
2023-05-25 11:27:00,44.499,44.584,44.451,44.544,305573135.0,CIEN
2023-05-25 11:26:00,44.539,44.624,44.491,44.584,330132825.0,CIEN
2023-05-25 11:25:00,44.544,44.629,44.525,44.619,10646045.0,CIEN
2023-05-25 11:24:00,44.529,44.644,44.511,44.619,103298265.0,CIEN
2023-05-25 11:23:00,44.554,44.654,44.501,44.594,1852411965.0,CIEN
2023-05-25 11:22:00,44.559,44.654,44.535,44.629,150204111.0,CIEN
2023-05-25 11:21:00,44.529,44.624,44.491,44.604,365127748.0,CIEN
2023-05-25 11:20:00,44.504,44.624,44.486,44.614,257824039.0,CIEN
2023-05-25 11:19:00,44.549,44.634,44.471,44.574,133128275.0,CIEN
2023-05-25 11:18:00,44.539,44.664,44.471,44.614,545161869.0,CIEN
2023-05-25 11:17:00,44.529,44.654,44.461,44.604,351154086.0,CIEN
2023-05-25 11:16:00,44.678,44.764,44.461,44.594,485790311.0,CIEN
2023-05-25 11:15:00,44.678,44.784,44.66,44.753,198457732.0,CIEN
2023-05-25 11:14:00,44.698,44.784,44.655,44.753,150727392.0,CIEN
2023-05-25 11:13:00,44.688,44.774,44.64,44.758,176663366.0,CIEN
2023-05-25 11:12:00,44.688,44.784,44.67,44.763,67148374.0,CIEN
2023-05-25 11:11:00,44.728,44.814,44.67,44.763,341716650.0,CIEN
2023-05-25 11:10:00,44.728,44.834,44.709,44.813,35984467.0,CIEN
2023-05-25 11:09:00,44.693,44.834,44.675,44.803,105305488.0,CIEN
2023-05-25 11:08:00,44.619,44.774,44.59,44.763,1256808448.0,CIEN
2023-05-25 11:07:00,44.639,44.724,44.61,44.703,145227879.0,CIEN
2023-05-25 11:06:00,44.634,44.724,44.615,44.71,112841858.0,CIEN
2023-05-25 11:05:00,44.589,44.724,44.56,44.713,161115361.0,CIEN
2023-05-25 11:04:00,44.529,44.659,44.511,44.649,220659470.0,CIEN
2023-05-25 11:03:00,44.549,44.644,44.501,44.602,628098695.0,CIEN
2023-05-25 11:02:00,44.679,44.774,44.63,44.732,569106000.0,CIEN
2023-05-25 11:01:00,44.669,44.754,44.65,44.743,71914918.0,CIEN
2023-05-25 11:00:00,44.669,44.764,44.65,44.753,100090310.0,CIEN
2023-05-25 10:59:00,44.609,44.694,44.58,44.683,79973819.0,CIEN
2023-05-25 10:58:00,44.589,44.709,44.58,44.698,40524596.0,CIEN
2023-05-25 10:57:00,44.579,44.664,44.54,44.643,182473880.0,CIEN
2023-05-25 10:56:00,44.574,44.684,44.565,44.673,53089485.0,CIEN
2023-05-25 10:55:00,44.385,44.524,44.386,44.514,75917963.0,CIEN
2023-05-25 10:54:00,44.385,44.499,44.386,44.489,30108190.0,CIEN
2023-05-25 10:53:00,44.324,44.455,44.325,44.429,129902272.0,CIEN
2023-05-25 10:52:00,44.34,44.455,44.321,44.434,127636064.0,CIEN
2023-05-25 10:51:00,44.35,44.484,44.351,44.454,155639918.0,CIEN
2023-05-25 10:50:00,44.32,44.464,44.321,44.454,100927186.0,CIEN
2023-05-25 10:49:00,44.31,44.435,44.311,44.424,121484928.0,CIEN
2023-05-25 10:48:00,44.36,44.474,44.331,44.434,129254784.0,CIEN
2023-05-25 10:47:00,44.37,44.484,44.356,44.464,149650655.0,CIEN
2023-05-25 10:46:00,44.38,44.494,44.381,44.484,29298830.0,CIEN
2023-05-25 10:45:00,44.39,44.519,44.381,44.484,218689059.0,CIEN
2023-05-25 10:44:00,44.35,44.504,44.351,44.474,135486856.0,CIEN
2023-05-25 10:43:00,44.315,44.455,44.316,44.444,155478046.0,CIEN
2023-05-25 10:42:00,44.3,44.425,44.296,44.414,100603442.0,CIEN
2023-05-25 10:41:00,44.325,44.44,44.311,44.424,101979354.0,CIEN
2023-05-25 10:40:00,44.3,44.43,44.301,44.414,152240607.0,CIEN
2023-05-25 10:39:00,44.29,44.41,44.291,44.399,95018858.0,CIEN
2023-05-25 10:38:00,44.27,44.39,44.272,44.379,79074467.0,CIEN
2023-05-25 10:37:00,44.29,44.415,44.252,44.354,156611150.0,CIEN
2023-05-25 10:36:00,44.27,44.405,44.257,44.394,224759258.0,CIEN
2023-05-25 10:35:00,44.267,44.4,44.268,44.389,36906813.0,CIEN
2023-05-25 10:34:00,44.236,44.375,44.202,44.364,299786926.0,CIEN
2023-05-25 10:33:00,44.246,44.36,44.247,44.349,73247075.0,CIEN
2023-05-25 10:32:00,44.241,44.405,44.202,44.354,288617759.0,CIEN
2023-05-25 10:31:00,44.241,44.39,44.242,44.364,140262079.0,CIEN
2023-05-25 10:30:00,44.241,44.355,44.202,44.344,261180456.0,CIEN
2023-05-25 10:29:00,44.251,44.385,44.242,44.344,163976326.0,CIEN
2023-05-25 10:28:00,44.211,44.33,44.192,44.295,106107089.0,CIEN
2023-05-25 10:27:00,44.219,44.31,44.182,44.275,43264752.0,CIEN
2023-05-25 10:26:00,44.13,44.266,44.113,44.255,82470339.0,CIEN
2023-05-25 10:25:00,44.369,44.504,44.37,44.493,13273590.0,CIEN
2023-05-25 10:24:00,44.414,44.499,44.39,44.463,6809420.0,CIEN
2023-05-25 10:23:00,44.419,44.544,44.4,44.493,6331380.0,CIEN
2023-05-25 10:21:00,44.429,44.524,44.42,44.503,5274379.0,CIEN
2023-05-25 10:20:00,44.469,44.554,44.41,44.513,11260508.0,CIEN
2023-05-25 10:19:00,44.519,44.614,44.48,44.573,10113211.0,CIEN
2023-05-25 10:18:00,44.559,44.644,44.53,44.608,6825355.0,CIEN
2023-05-25 10:17:00,44.544,44.644,44.545,44.623,1922784.0,CIEN
2023-05-25 10:16:00,44.549,44.644,44.55,44.633,4451087.0,CIEN
2023-05-25 10:15:00,44.489,44.584,44.49,44.573,5200017.0,CIEN
2023-05-25 10:14:00,44.529,44.614,44.5,44.578,5763043.0,CIEN
2023-05-25 10:13:00,44.509,44.624,44.49,44.603,15074209.0,CIEN
2023-05-25 10:12:00,44.529,44.614,44.5,44.583,9013718.0,CIEN
2023-05-25 10:11:00,44.539,44.664,44.54,44.623,12232524.0,CIEN
2023-05-25 10:10:00,44.619,44.704,44.58,44.653,16104652.0,CIEN
2023-05-25 10:09:00,44.723,44.809,44.64,44.713,8259476.0,CIEN
2023-05-25 10:08:00,44.728,44.814,44.68,44.753,6442923.0,CIEN
2023-05-25 10:07:00,44.698,44.784,44.63,44.723,74621725.0,CIEN
2023-05-25 10:06:00,44.753,44.839,44.7,44.793,66316751.0,CIEN
2023-05-25 10:05:00,44.698,44.894,44.68,44.833,150719889.0,CIEN
2023-05-25 10:04:00,44.659,44.794,44.64,44.783,107718582.0,CIEN
2023-05-25 10:03:00,44.738,44.884,44.54,44.723,2047452806.0,CIEN
2023-05-25 10:02:00,44.758,44.854,44.708,44.802,180494757.0,CIEN
2023-05-25 10:01:00,44.868,44.954,44.72,44.813,167821983.0,CIEN
2023-05-25 10:00:00,44.808,44.954,44.749,44.943,197104704.0,CIEN
2023-05-25 09:59:00,44.639,44.724,44.52,44.613,845261749.0,CIEN
2023-05-25 09:58:00,44.659,44.736,44.55,44.638,474259078.0,CIEN
2023-05-25 09:57:00,44.659,44.771,44.54,44.668,1827398271.0,CIEN
2023-05-25 09:56:00,44.609,44.751,44.481,44.643,782827643.0,CIEN
2023-05-25 09:55:00,44.544,44.661,44.436,44.564,578716141.0,CIEN
2023-05-25 09:54:00,44.544,44.621,44.436,44.524,446043664.0,CIEN
2023-05-25 09:53:00,44.529,44.686,44.421,44.549,675368940.0,CIEN
2023-05-25 09:52:00,44.574,44.691,44.441,44.529,521084658.0,CIEN
2023-05-25 09:51:00,44.569,44.686,44.441,44.529,1767965804.0,CIEN
2023-05-25 09:50:00,44.649,44.726,44.471,44.559,434637433.0,CIEN
2023-05-25 09:49:00,44.738,44.815,44.466,44.628,1960671075.0,CIEN
2023-05-25 09:48:00,44.758,44.845,44.619,44.747,738403375.0,CIEN
2023-05-25 09:47:00,44.798,44.875,44.623,44.728,432236122.0,CIEN
2023-05-25 09:46:00,44.688,44.796,44.58,44.688,346389225.0,CIEN
2023-05-25 09:45:00,44.678,44.805,44.53,44.638,1376551983.0,CIEN
2023-05-25 09:44:00,44.639,44.736,44.515,44.618,693979107.0,CIEN
2023-05-25 09:43:00,44.678,44.776,44.51,44.598,743205998.0,CIEN
2023-05-25 09:42:00,44.688,44.825,44.58,44.688,1991287801.0,CIEN
2023-05-25 09:41:00,44.668,44.815,44.56,44.718,498272196.0,CIEN
2023-05-25 09:40:00,44.673,44.815,44.565,44.718,877679459.0,CIEN
2023-05-25 09:39:00,44.599,44.766,44.481,44.618,1908442544.0,CIEN
2023-05-25 09:38:00,44.599,44.726,44.49,44.598,705985666.0,CIEN
2023-05-25 09:37:00,44.639,44.716,44.401,44.499,986338817.0,CIEN
2023-05-25 09:36:00,44.768,44.845,44.59,44.688,486865965.0,CIEN
2023-05-25 09:35:00,44.703,44.89,44.594,44.747,1569857582.0,CIEN
2023-05-25 09:34:00,44.728,44.805,44.52,44.668,418428579.0,CIEN
2023-05-25 09:33:00,44.579,44.835,44.471,44.729,1137621460.0,CIEN
2023-05-25 09:32:00,44.41,44.676,44.302,44.574,1647900215.0,CIEN
2023-05-25 09:31:00,44.371,44.567,44.263,44.38,803839121.0,CIEN
2023-05-25 09:30:00,43.199,43.273,43.094,43.179,6003279.0,CIEN
2023-05-25 09:13:00,43.372,43.455,43.354,43.445,615183.0,CIEN
2023-05-25 07:32:00,44.768,44.854,44.749,44.843,12303664.0,CIEN
