date,1. open,2. high,3. low,4. close,5. volume,Ticker
2023-06-05 16:00:00,41.94,41.94,41.94,41.94,10574.0,CM
2023-06-05 15:59:00,41.995,41.995,41.93,41.96,109861.0,CM
2023-06-05 15:58:00,42.0,42.005,41.98,41.995,37351.0,CM
2023-06-05 15:57:00,41.98,42.0,41.975,42.0,6047.0,CM
2023-06-05 15:56:00,41.965,41.98,41.965,41.98,7126.0,CM
2023-06-05 15:55:00,41.985,41.99,41.96,41.96,4121.0,CM
2023-06-05 15:54:00,42.0,42.005,41.99,41.99,14478.0,CM
2023-06-05 15:53:00,42.0,42.015,42.0,42.0,7521.0,CM
2023-06-05 15:52:00,41.97,42.005,41.97,41.995,9548.0,CM
2023-06-05 15:51:00,41.98,41.98,41.95,41.975,32219.0,CM
2023-06-05 15:50:00,41.99,42.02,41.975,41.98,10191.0,CM
2023-06-05 15:49:00,41.98,41.99,41.98,41.99,2308.0,CM
2023-06-05 15:48:00,41.96,41.985,41.955,41.985,8804.0,CM
2023-06-05 15:47:00,41.955,41.955,41.945,41.955,3598.0,CM
2023-06-05 15:46:00,41.955,41.965,41.955,41.955,8097.0,CM
2023-06-05 15:45:00,41.98,41.98,41.96,41.96,2794.0,CM
2023-06-05 15:44:00,41.97,41.98,41.97,41.98,1874.0,CM
2023-06-05 15:43:00,41.97,41.985,41.97,41.98,1805.0,CM
2023-06-05 15:42:00,41.965,41.975,41.96,41.97,3621.0,CM
2023-06-05 15:41:00,41.96,41.96,41.96,41.96,111.0,CM
2023-06-05 15:40:00,41.96,41.965,41.96,41.96,2772.0,CM
2023-06-05 15:39:00,41.96,41.96,41.955,41.955,1026.0,CM
2023-06-05 15:38:00,41.965,41.9689,41.965,41.9689,720.0,CM
2023-06-05 15:37:00,41.94,41.955,41.94,41.955,2088.0,CM
2023-06-05 15:36:00,41.95,41.955,41.93,41.94,2209.0,CM
2023-06-05 15:35:00,41.98,41.98,41.96,41.96,850.0,CM
2023-06-05 15:34:00,41.96,41.975,41.96,41.975,4908.0,CM
2023-06-05 15:33:00,41.965,41.97,41.965,41.97,636.0,CM
2023-06-05 15:32:00,41.96,41.975,41.96,41.975,477.0,CM
2023-06-05 15:31:00,41.96,41.97,41.96,41.96,1495.0,CM
2023-06-05 15:30:00,41.94,41.97,41.94,41.965,3338.0,CM
2023-06-05 15:29:00,41.94,41.96,41.94,41.945,2132.0,CM
2023-06-05 15:28:00,41.905,41.93,41.905,41.93,1585.0,CM
2023-06-05 15:27:00,41.94,41.94,41.93,41.93,1202.0,CM
2023-06-05 15:26:00,41.935,41.96,41.92,41.93,3663.0,CM
2023-06-05 15:25:00,41.97,41.97,41.96,41.96,309.0,CM
2023-06-05 15:24:00,41.96,41.975,41.95,41.975,3192.0,CM
2023-06-05 15:23:00,41.96,41.97,41.96,41.97,692.0,CM
2023-06-05 15:22:00,41.966,41.966,41.965,41.965,696.0,CM
2023-06-05 15:21:00,41.96,41.96,41.96,41.96,592.0,CM
2023-06-05 15:20:00,41.96,41.97,41.96,41.97,426.0,CM
2023-06-05 15:19:00,42.005,42.005,41.97,41.97,1533.0,CM
2023-06-05 15:18:00,41.99,42.0,41.99,42.0,463.0,CM
2023-06-05 15:17:00,41.99,41.99,41.99,41.99,434.0,CM
2023-06-05 15:16:00,41.97,41.98,41.965,41.98,932.0,CM
2023-06-05 15:15:00,41.97,41.98,41.965,41.98,3337.0,CM
2023-06-05 15:14:00,41.97,41.99,41.97,41.975,737.0,CM
2023-06-05 15:13:00,42.0,42.0,41.98,41.98,2402.0,CM
2023-06-05 15:12:00,41.99,41.99,41.99,41.99,816.0,CM
2023-06-05 15:11:00,41.97,41.98,41.97,41.98,1415.0,CM
2023-06-05 15:10:00,41.975,41.975,41.975,41.975,137.0,CM
2023-06-05 15:09:00,41.969,41.969,41.969,41.969,318.0,CM
2023-06-05 15:08:00,41.99,41.99,41.96,41.97,4876.0,CM
2023-06-05 15:07:00,41.99,42.0,41.99,42.0,1253.0,CM
2023-06-05 15:06:00,42.0,42.0,42.0,42.0,191.0,CM
2023-06-05 15:05:00,41.94,41.95,41.94,41.95,715.0,CM
2023-06-05 15:04:00,41.97,41.97,41.935,41.94,3654.0,CM
2023-06-05 15:03:00,41.96,41.98,41.96,41.98,1008.0,CM
2023-06-05 15:02:00,41.93,41.9535,41.924,41.95,2821.0,CM
2023-06-05 15:01:00,41.98,41.98,41.94,41.94,1974.0,CM
2023-06-05 15:00:00,41.985,41.985,41.98,41.98,439.0,CM
2023-06-05 14:59:00,41.97,41.99,41.97,41.985,1623.0,CM
2023-06-05 14:58:00,41.97,41.97,41.955,41.965,766.0,CM
2023-06-05 14:57:00,41.9841,41.995,41.9841,41.985,1204.0,CM
2023-06-05 14:56:00,41.98,41.98,41.96,41.98,1898.0,CM
2023-06-05 14:55:00,41.925,41.98,41.925,41.98,3342.0,CM
2023-06-05 14:54:00,41.89,41.92,41.89,41.92,10742.0,CM
2023-06-05 14:53:00,41.86,41.895,41.855,41.89,3406.0,CM
2023-06-05 14:52:00,41.865,41.87,41.8512,41.86,2193.0,CM
2023-06-05 14:51:00,41.89,41.89,41.865,41.865,4026.0,CM
2023-06-05 14:50:00,41.91,41.91,41.895,41.895,454.0,CM
2023-06-05 14:49:00,41.92,41.92,41.92,41.92,278.0,CM
2023-06-05 14:48:00,41.92,41.92,41.91,41.92,2116.0,CM
2023-06-05 14:47:00,41.905,41.915,41.9,41.915,607.0,CM
2023-06-05 14:46:00,41.91,41.91,41.91,41.91,803.0,CM
2023-06-05 14:45:00,41.94,41.94,41.905,41.91,2933.0,CM
2023-06-05 14:44:00,41.93,41.95,41.93,41.94,2680.0,CM
2023-06-05 14:43:00,41.9232,41.93,41.9232,41.93,1257.0,CM
2023-06-05 14:42:00,41.94,41.945,41.94,41.94,913.0,CM
2023-06-05 14:41:00,41.93,41.95,41.93,41.945,9264.0,CM
2023-06-05 14:40:00,41.9203,41.93,41.9203,41.93,916.0,CM
2023-06-05 14:39:00,41.93,41.94,41.93,41.94,2854.0,CM
2023-06-05 14:38:00,41.98,41.98,41.94,41.94,1943.0,CM
2023-06-05 14:37:00,41.98,41.9863,41.97,41.9863,3024.0,CM
2023-06-05 14:36:00,41.97,41.9787,41.97,41.9787,438.0,CM
2023-06-05 14:35:00,41.95,41.96,41.95,41.96,723.0,CM
2023-06-05 14:34:00,41.96,41.97,41.93,41.95,10495.0,CM
2023-06-05 14:33:00,41.98,41.99,41.97,41.97,1133.0,CM
2023-06-05 14:32:00,41.99,41.99,41.99,41.99,452.0,CM
2023-06-05 14:31:00,42.01,42.01,42.005,42.005,280.0,CM
2023-06-05 14:30:00,42.0292,42.03,42.015,42.015,875.0,CM
2023-06-05 14:29:00,42.02,42.03,42.02,42.02,605.0,CM
2023-06-05 14:28:00,42.02,42.02,42.015,42.015,432.0,CM
2023-06-05 14:27:00,42.04,42.04,42.04,42.04,138.0,CM
2023-06-05 14:26:00,42.05,42.05,42.03,42.03,3712.0,CM
2023-06-05 14:25:00,42.05,42.05,42.05,42.05,248.0,CM
2023-06-05 14:24:00,42.07,42.07,42.07,42.07,187.0,CM
2023-06-05 14:23:00,42.055,42.055,42.055,42.055,322.0,CM
2023-06-05 14:22:00,42.075,42.075,42.075,42.075,188.0,CM
2023-06-05 14:21:00,42.07,42.075,42.07,42.075,495.0,CM
2023-06-05 14:20:00,42.09,42.099,42.09,42.099,463.0,CM
2023-06-05 14:19:00,42.08,42.105,42.08,42.1,794.0,CM
2023-06-05 14:17:00,42.0663,42.0663,42.0663,42.0663,133.0,CM
2023-06-05 14:16:00,42.06,42.065,42.05,42.06,829.0,CM
2023-06-05 14:15:00,42.02,42.045,42.02,42.045,918.0,CM
2023-06-05 14:13:00,41.99,42.01,41.99,42.01,3218.0,CM
2023-06-05 14:12:00,42.0,42.0,42.0,42.0,2791.0,CM
2023-06-05 14:11:00,42.03,42.03,42.01,42.01,374.0,CM
2023-06-05 14:10:00,42.016,42.02,42.016,42.02,685.0,CM
2023-06-05 14:09:00,42.02,42.02,42.0193,42.0193,1643.0,CM
2023-06-05 14:08:00,42.01,42.01,42.01,42.01,313.0,CM
2023-06-05 14:07:00,42.01,42.01,42.01,42.01,422.0,CM
2023-06-05 14:06:00,42.05,42.0505,42.03,42.03,9100.0,CM
2023-06-05 14:05:00,42.06,42.06,42.05,42.05,409.0,CM
2023-06-05 14:04:00,42.03,42.06,42.03,42.06,1530.0,CM
2023-06-05 14:03:00,42.039,42.039,42.02,42.03,1216.0,CM
2023-06-05 14:02:00,42.04,42.04,42.04,42.04,407.0,CM
2023-06-05 14:01:00,42.03,42.045,42.03,42.04,6108.0,CM
2023-06-05 14:00:00,42.03,42.04,42.0226,42.0226,760.0,CM
2023-06-05 13:59:00,42.07,42.07,42.04,42.04,3078.0,CM
2023-06-05 13:58:00,42.08,42.08,42.07,42.07,699.0,CM
2023-06-05 13:57:00,42.09,42.09,42.09,42.09,352.0,CM
2023-06-05 13:56:00,42.09,42.09,42.09,42.09,454.0,CM
2023-06-05 13:55:00,42.09,42.09,42.09,42.09,1257.0,CM
2023-06-05 13:54:00,42.095,42.095,42.095,42.095,1705.0,CM
2023-06-05 13:53:00,42.11,42.11,42.1,42.1,479.0,CM
2023-06-05 13:51:00,42.1,42.11,42.1,42.11,732.0,CM
2023-06-05 13:50:00,42.11,42.11,42.1,42.1,819.0,CM
2023-06-05 13:48:00,42.12,42.12,42.12,42.12,260.0,CM
2023-06-05 13:46:00,42.1,42.1,42.1,42.1,129.0,CM
2023-06-05 13:45:00,42.1091,42.11,42.1091,42.11,1696.0,CM
2023-06-05 13:44:00,42.12,42.12,42.12,42.12,212.0,CM
2023-06-05 13:43:00,42.12,42.12,42.12,42.12,319.0,CM
2023-06-05 13:42:00,42.11,42.11,42.11,42.11,550.0,CM
2023-06-05 13:40:00,42.11,42.118,42.11,42.118,1315.0,CM
2023-06-05 13:37:00,42.12,42.12,42.12,42.12,935.0,CM
2023-06-05 13:35:00,42.1044,42.13,42.1,42.11,3448.0,CM
2023-06-05 13:34:00,42.095,42.1,42.095,42.1,355.0,CM
2023-06-05 13:33:00,42.095,42.1,42.095,42.095,1252.0,CM
2023-06-05 13:32:00,42.1,42.1,42.095,42.095,1190.0,CM
2023-06-05 13:31:00,42.085,42.085,42.085,42.085,211.0,CM
2023-06-05 13:29:00,42.1,42.1,42.1,42.1,200.0,CM
2023-06-05 13:28:00,42.09,42.09,42.07,42.09,3902.0,CM
2023-06-05 13:27:00,42.105,42.1084,42.105,42.1084,440.0,CM
2023-06-05 13:26:00,42.12,42.12,42.12,42.12,595.0,CM
2023-06-05 13:25:00,42.12,42.13,42.12,42.13,1382.0,CM
2023-06-05 13:24:00,42.1,42.11,42.1,42.11,1802.0,CM
2023-06-05 13:22:00,42.1,42.1,42.1,42.1,398.0,CM
2023-06-05 13:21:00,42.1,42.1,42.1,42.1,876.0,CM
2023-06-05 13:20:00,42.11,42.13,42.095,42.095,5179.0,CM
2023-06-05 13:19:00,42.1,42.105,42.1,42.105,487.0,CM
2023-06-05 13:17:00,42.1,42.11,42.1,42.11,462.0,CM
2023-06-05 13:16:00,42.1,42.1,42.1,42.1,727.0,CM
2023-06-05 13:15:00,42.12,42.12,42.105,42.105,1127.0,CM
2023-06-05 13:14:00,42.135,42.135,42.13,42.13,705.0,CM
2023-06-05 13:12:00,42.13,42.135,42.12,42.12,3824.0,CM
2023-06-05 13:11:00,42.135,42.135,42.135,42.135,278.0,CM
2023-06-05 13:10:00,42.135,42.135,42.135,42.135,606.0,CM
2023-06-05 13:09:00,42.15,42.15,42.14,42.14,1293.0,CM
2023-06-05 13:08:00,42.15,42.15,42.15,42.15,655.0,CM
2023-06-05 13:07:00,42.17,42.17,42.155,42.155,524.0,CM
2023-06-05 13:06:00,42.16,42.16,42.155,42.155,230.0,CM
2023-06-05 13:05:00,42.175,42.175,42.17,42.17,819.0,CM
2023-06-05 13:02:00,42.19,42.19,42.19,42.19,562.0,CM
2023-06-05 13:01:00,42.19,42.195,42.19,42.195,500.0,CM
2023-06-05 13:00:00,42.21,42.21,42.21,42.21,341.0,CM
2023-06-05 12:59:00,42.22,42.22,42.22,42.22,766.0,CM
2023-06-05 12:57:00,42.2052,42.2052,42.2052,42.2052,219.0,CM
2023-06-05 12:56:00,42.21,42.215,42.21,42.215,227.0,CM
2023-06-05 12:55:00,42.22,42.22,42.21,42.21,1603.0,CM
2023-06-05 12:53:00,42.2,42.24,42.2,42.21,14630.0,CM
2023-06-05 12:52:00,42.16,42.21,42.16,42.21,1331.0,CM
2023-06-05 12:51:00,42.15,42.17,42.15,42.17,504.0,CM
2023-06-05 12:49:00,42.13,42.14,42.13,42.14,2671.0,CM
2023-06-05 12:48:00,42.14,42.14,42.14,42.14,261.0,CM
2023-06-05 12:47:00,42.17,42.17,42.16,42.16,843.0,CM
2023-06-05 12:45:00,42.18,42.18,42.17,42.18,469.0,CM
2023-06-05 12:44:00,42.15,42.16,42.15,42.16,2826.0,CM
2023-06-05 12:43:00,42.16,42.16,42.1488,42.1488,2177.0,CM
2023-06-05 12:42:00,42.16,42.16,42.16,42.16,912.0,CM
2023-06-05 12:41:00,42.17,42.17,42.17,42.17,249.0,CM
2023-06-05 12:40:00,42.155,42.17,42.15,42.16,1343.0,CM
2023-06-05 12:39:00,42.155,42.155,42.155,42.155,300.0,CM
2023-06-05 12:38:00,42.16,42.16,42.155,42.1595,2959.0,CM
2023-06-05 12:37:00,42.18,42.18,42.165,42.165,1005.0,CM
2023-06-05 12:36:00,42.18,42.18,42.175,42.18,426.0,CM
2023-06-05 12:35:00,42.19,42.19,42.17,42.17,2072.0,CM
2023-06-05 12:34:00,42.185,42.19,42.175,42.175,4573.0,CM
2023-06-05 12:33:00,42.2,42.2,42.18,42.19,1377.0,CM
2023-06-05 12:32:00,42.2,42.2,42.2,42.2,427.0,CM
2023-06-05 12:31:00,42.2,42.2,42.1956,42.2,1076.0,CM
2023-06-05 12:30:00,42.1999,42.21,42.1999,42.21,576.0,CM
2023-06-05 12:29:00,42.225,42.23,42.2,42.2,25506.0,CM
2023-06-05 12:27:00,42.23,42.23,42.22,42.22,447.0,CM
2023-06-05 12:26:00,42.23,42.23,42.23,42.23,850.0,CM
2023-06-05 12:24:00,42.24,42.25,42.24,42.25,622.0,CM
2023-06-05 12:23:00,42.24,42.245,42.24,42.245,355.0,CM
2023-06-05 12:22:00,42.22,42.22,42.22,42.22,1546.0,CM
2023-06-05 12:21:00,42.2379,42.2379,42.2379,42.2379,2053.0,CM
2023-06-05 12:20:00,42.24,42.24,42.24,42.24,100.0,CM
2023-06-05 12:19:00,42.24,42.24,42.24,42.24,186.0,CM
2023-06-05 12:17:00,42.25,42.25,42.25,42.25,494.0,CM
2023-06-05 12:16:00,42.27,42.28,42.27,42.28,635.0,CM
2023-06-05 12:15:00,42.25,42.26,42.25,42.26,362.0,CM
2023-06-05 12:14:00,42.25,42.25,42.23,42.23,2352.0,CM
2023-06-05 12:12:00,42.27,42.27,42.25,42.25,4029.0,CM
2023-06-05 12:11:00,42.26,42.27,42.26,42.27,342.0,CM
2023-06-05 12:09:00,42.2592,42.26,42.2592,42.26,642.0,CM
2023-06-05 12:08:00,42.24,42.255,42.24,42.25,913.0,CM
2023-06-05 12:07:00,42.24,42.24,42.23,42.24,437.0,CM
2023-06-05 12:06:00,42.25,42.25,42.25,42.25,115.0,CM
2023-06-05 12:05:00,42.22,42.25,42.22,42.24,1858.0,CM
2023-06-05 12:04:00,42.24,42.24,42.225,42.225,343.0,CM
2023-06-05 12:03:00,42.24,42.245,42.24,42.245,1213.0,CM
2023-06-05 12:02:00,42.23,42.23,42.23,42.23,160.0,CM
2023-06-05 12:01:00,42.25,42.25,42.25,42.25,208.0,CM
2023-06-05 12:00:00,42.255,42.26,42.255,42.26,420.0,CM
2023-06-05 11:58:00,42.185,42.22,42.185,42.22,1954.0,CM
2023-06-05 11:57:00,42.19,42.2,42.19,42.2,777.0,CM
2023-06-05 11:56:00,42.201,42.22,42.201,42.21,2081.0,CM
2023-06-05 11:55:00,42.19,42.2,42.1899,42.2,1556.0,CM
2023-06-05 11:54:00,42.1791,42.19,42.175,42.18,4551.0,CM
2023-06-05 11:53:00,42.18,42.18,42.165,42.165,1694.0,CM
2023-06-05 11:52:00,42.165,42.165,42.165,42.165,229.0,CM
2023-06-05 11:50:00,42.18,42.19,42.18,42.19,536.0,CM
2023-06-05 11:49:00,42.18,42.19,42.18,42.18,488.0,CM
2023-06-05 11:48:00,42.17,42.18,42.17,42.18,1729.0,CM
2023-06-05 11:47:00,42.18,42.18,42.17,42.17,244.0,CM
2023-06-05 11:45:00,42.14,42.17,42.14,42.17,1904.0,CM
2023-06-05 11:44:00,42.15,42.15,42.14,42.14,432.0,CM
2023-06-05 11:42:00,42.11,42.11,42.11,42.11,646.0,CM
2023-06-05 11:41:00,42.07,42.09,42.07,42.085,2306.0,CM
2023-06-05 11:40:00,42.09,42.09,42.07,42.07,2068.0,CM
2023-06-05 11:39:00,42.14,42.14,42.095,42.1,1826.0,CM
2023-06-05 11:37:00,42.165,42.17,42.16,42.16,442.0,CM
2023-06-05 11:36:00,42.16,42.17,42.15,42.16,1238.0,CM
2023-06-05 11:35:00,42.19,42.19,42.19,42.19,421.0,CM
2023-06-05 11:34:00,42.22,42.22,42.21,42.21,553.0,CM
2023-06-05 11:33:00,42.205,42.205,42.205,42.205,289.0,CM
2023-06-05 11:32:00,42.205,42.205,42.195,42.195,361.0,CM
2023-06-05 11:31:00,42.18,42.18,42.18,42.18,145.0,CM
2023-06-05 11:30:00,42.165,42.17,42.165,42.17,693.0,CM
2023-06-05 11:29:00,42.19,42.19,42.165,42.17,472.0,CM
2023-06-05 11:28:00,42.19,42.2,42.19,42.2,1479.0,CM
2023-06-05 11:27:00,42.21,42.21,42.19,42.195,2405.0,CM
2023-06-05 11:26:00,42.195,42.21,42.195,42.2,723.0,CM
2023-06-05 11:25:00,42.185,42.2,42.175,42.195,2086.0,CM
2023-06-05 11:24:00,42.165,42.19,42.165,42.19,3055.0,CM
2023-06-05 11:23:00,42.16,42.18,42.151,42.165,3433.0,CM
2023-06-05 11:22:00,42.17,42.17,42.165,42.165,521.0,CM
2023-06-05 11:21:00,42.165,42.17,42.165,42.165,910.0,CM
2023-06-05 11:20:00,42.18,42.1876,42.17,42.1876,1375.0,CM
2023-06-05 11:19:00,42.17,42.19,42.17,42.19,2193.0,CM
2023-06-05 11:18:00,42.145,42.18,42.145,42.18,1028.0,CM
2023-06-05 11:17:00,42.15,42.15,42.15,42.15,249.0,CM
2023-06-05 11:16:00,42.1506,42.16,42.141,42.16,4473.0,CM
2023-06-05 11:13:00,42.165,42.18,42.16,42.16,672.0,CM
2023-06-05 11:11:00,42.17,42.17,42.15,42.15,576.0,CM
2023-06-05 11:10:00,42.18,42.18,42.1701,42.1701,281.0,CM
2023-06-05 11:09:00,42.18,42.19,42.18,42.18,1547.0,CM
2023-06-05 11:08:00,42.18,42.18,42.165,42.165,2002.0,CM
2023-06-05 11:07:00,42.17,42.17,42.17,42.17,1079.0,CM
2023-06-05 11:06:00,42.16,42.18,42.16,42.18,962.0,CM
2023-06-05 11:05:00,42.16,42.16,42.16,42.16,254.0,CM
2023-06-05 11:04:00,42.16,42.16,42.1431,42.16,1502.0,CM
2023-06-05 11:03:00,42.22,42.225,42.2,42.2,1326.0,CM
2023-06-05 11:02:00,42.2,42.22,42.19,42.2,1142.0,CM
2023-06-05 11:01:00,42.19,42.2,42.18,42.185,1832.0,CM
2023-06-05 11:00:00,42.16,42.2,42.16,42.2,3865.0,CM
2023-06-05 10:59:00,42.11,42.14,42.11,42.135,784.0,CM
2023-06-05 10:58:00,42.16,42.16,42.12,42.13,589.0,CM
2023-06-05 10:57:00,42.14,42.16,42.14,42.16,1009.0,CM
2023-06-05 10:56:00,42.13,42.15,42.11,42.112,4118.0,CM
2023-06-05 10:55:00,42.13,42.14,42.13,42.14,312.0,CM
2023-06-05 10:54:00,42.19,42.2,42.19,42.2,369.0,CM
2023-06-05 10:53:00,42.21,42.21,42.2,42.2,965.0,CM
2023-06-05 10:52:00,42.21,42.21,42.21,42.21,326.0,CM
2023-06-05 10:51:00,42.255,42.255,42.23,42.24,1878.0,CM
2023-06-05 10:50:00,42.26,42.26,42.24,42.26,875.0,CM
2023-06-05 10:49:00,42.28,42.28,42.25,42.25,1033.0,CM
2023-06-05 10:48:00,42.26,42.3,42.26,42.28,977.0,CM
2023-06-05 10:47:00,42.25,42.275,42.24,42.24,3300.0,CM
2023-06-05 10:46:00,42.25,42.25,42.23,42.24,1484.0,CM
2023-06-05 10:45:00,42.23,42.25,42.22,42.25,3390.0,CM
2023-06-05 10:44:00,42.255,42.265,42.24,42.24,1585.0,CM
2023-06-05 10:43:00,42.28,42.29,42.26,42.275,1223.0,CM
2023-06-05 10:42:00,42.32,42.33,42.315,42.315,3005.0,CM
2023-06-05 10:41:00,42.305,42.31,42.29,42.3,17044.0,CM
2023-06-05 10:40:00,42.33,42.335,42.32,42.32,1154.0,CM
2023-06-05 10:39:00,42.27,42.32,42.27,42.32,2621.0,CM
2023-06-05 10:38:00,42.26,42.27,42.26,42.27,3106.0,CM
2023-06-05 10:37:00,42.185,42.22,42.185,42.22,4989.0,CM
2023-06-05 10:36:00,42.22,42.22,42.195,42.195,1483.0,CM
2023-06-05 10:35:00,42.2562,42.2562,42.23,42.24,2894.0,CM
2023-06-05 10:34:00,42.27,42.28,42.265,42.265,1025.0,CM
2023-06-05 10:33:00,42.275,42.275,42.275,42.275,408.0,CM
2023-06-05 10:32:00,42.28,42.28,42.28,42.28,586.0,CM
2023-06-05 10:31:00,42.25,42.28,42.25,42.28,658.0,CM
2023-06-05 10:30:00,42.27,42.27,42.24,42.25,961.0,CM
2023-06-05 10:29:00,42.27,42.29,42.27,42.27,2030.0,CM
2023-06-05 10:28:00,42.32,42.32,42.28,42.28,2151.0,CM
2023-06-05 10:27:00,42.34,42.35,42.31,42.32,6997.0,CM
2023-06-05 10:26:00,42.36,42.36,42.32,42.33,1443.0,CM
2023-06-05 10:25:00,42.38,42.39,42.35,42.36,2099.0,CM
2023-06-05 10:24:00,42.37,42.373,42.365,42.373,1000.0,CM
2023-06-05 10:23:00,42.27,42.37,42.27,42.37,5118.0,CM
2023-06-05 10:22:00,42.25,42.27,42.25,42.27,2101.0,CM
2023-06-05 10:21:00,42.25,42.28,42.25,42.28,1098.0,CM
2023-06-05 10:20:00,42.31,42.33,42.26,42.26,6424.0,CM
2023-06-05 10:19:00,42.32,42.32,42.3,42.3,1207.0,CM
2023-06-05 10:18:00,42.32,42.33,42.29,42.31,1176.0,CM
2023-06-05 10:17:00,42.32,42.34,42.32,42.34,529.0,CM
2023-06-05 10:16:00,42.29,42.3,42.285,42.29,1994.0,CM
2023-06-05 10:15:00,42.34,42.34,42.29,42.29,940.0,CM
2023-06-05 10:14:00,42.275,42.31,42.27,42.295,4920.0,CM
2023-06-05 10:13:00,42.285,42.3,42.275,42.3,1473.0,CM
2023-06-05 10:12:00,42.29,42.315,42.29,42.315,1188.0,CM
2023-06-05 10:11:00,42.33,42.33,42.28,42.3,2228.0,CM
2023-06-05 10:10:00,42.385,42.385,42.33,42.33,916.0,CM
2023-06-05 10:09:00,42.4288,42.4288,42.39,42.4,363.0,CM
2023-06-05 10:08:00,42.43,42.45,42.42,42.43,3036.0,CM
2023-06-05 10:07:00,42.43,42.44,42.43,42.43,1795.0,CM
2023-06-05 10:06:00,42.44,42.48,42.44,42.47,5090.0,CM
2023-06-05 10:05:00,42.4889,42.49,42.43,42.43,2401.0,CM
2023-06-05 10:04:00,42.48,42.48,42.4601,42.47,1013.0,CM
2023-06-05 10:03:00,42.49,42.49,42.48,42.48,1590.0,CM
2023-06-05 10:02:00,42.5,42.505,42.48,42.48,1456.0,CM
2023-06-05 10:01:00,42.5,42.57,42.49,42.55,3222.0,CM
2023-06-05 09:59:00,42.435,42.46,42.435,42.46,556.0,CM
2023-06-05 09:58:00,42.42,42.44,42.42,42.44,968.0,CM
2023-06-05 09:57:00,42.44,42.445,42.41,42.41,8317.0,CM
2023-06-05 09:56:00,42.46,42.47,42.43,42.47,11777.0,CM
2023-06-05 09:51:00,42.45,42.47,42.45,42.47,929.0,CM
2023-06-05 09:50:00,42.47,42.47,42.46,42.46,5248.0,CM
2023-06-05 09:49:00,42.51,42.51,42.51,42.51,236.0,CM
2023-06-05 09:47:00,42.48,42.51,42.47,42.51,1721.0,CM
2023-06-05 09:46:00,42.49,42.49,42.47,42.47,867.0,CM
2023-06-05 09:45:00,42.48,42.52,42.48,42.48,1167.0,CM
2023-06-05 09:44:00,42.485,42.485,42.48,42.48,367.0,CM
2023-06-05 09:43:00,42.52,42.52,42.5,42.5,337.0,CM
2023-06-05 09:42:00,42.52,42.535,42.52,42.535,1703.0,CM
2023-06-05 09:41:00,42.52,42.615,42.51,42.53,4451.0,CM
2023-06-05 09:40:00,42.56,42.615,42.52,42.52,5773.0,CM
2023-06-05 09:39:00,42.62,42.64,42.55,42.55,4361.0,CM
2023-06-05 09:38:00,42.58,42.63,42.58,42.61,7574.0,CM
2023-06-05 09:37:00,42.62,42.63,42.56,42.58,3744.0,CM
2023-06-05 09:36:00,42.63,42.63,42.57,42.58,2094.0,CM
2023-06-05 09:35:00,42.57,42.62,42.57,42.62,3766.0,CM
2023-06-05 09:34:00,42.56,42.5773,42.56,42.57,1061.0,CM
2023-06-05 09:33:00,42.57,42.62,42.57,42.58,8206.0,CM
2023-06-05 09:31:00,42.68,42.69,42.61,42.61,5721.0,CM
2023-06-05 09:30:00,42.76,42.79,42.74,42.74,1076.0,CM
2023-06-02 15:59:00,42.75,42.76,42.72,42.73,51325.0,CM
2023-06-02 15:58:00,42.8,42.8,42.74,42.75,51094.0,CM
2023-06-02 15:57:00,42.775,42.8,42.77,42.8,7111.0,CM
2023-06-02 15:56:00,42.775,42.775,42.77,42.775,5378.0,CM
2023-06-02 15:55:00,42.765,42.78,42.765,42.77,6242.0,CM
2023-06-02 15:54:00,42.75,42.78,42.75,42.775,6948.0,CM
2023-06-02 15:53:00,42.745,42.765,42.74,42.75,8448.0,CM
2023-06-02 15:52:00,42.77,42.77,42.74,42.74,5051.0,CM
2023-06-02 15:51:00,42.78,42.79,42.76,42.77,17823.0,CM
2023-06-02 15:50:00,42.73,42.77,42.7,42.77,35369.0,CM
2023-06-02 15:49:00,42.71,42.73,42.71,42.73,5110.0,CM
2023-06-02 15:48:00,42.7,42.72,42.7,42.72,4078.0,CM
2023-06-02 15:47:00,42.71,42.71,42.695,42.695,2567.0,CM
2023-06-02 15:46:00,42.725,42.725,42.71,42.71,6204.0,CM
2023-06-02 15:45:00,42.7,42.725,42.7,42.72,9387.0,CM
2023-06-02 15:44:00,42.72,42.72,42.68,42.685,2813.0,CM
2023-06-02 15:43:00,42.725,42.725,42.71,42.71,1710.0,CM
2023-06-02 15:42:00,42.71,42.735,42.705,42.72,7859.0,CM
2023-06-02 15:41:00,42.68,42.71,42.68,42.71,2175.0,CM
2023-06-02 15:40:00,42.65,42.67,42.65,42.67,4529.0,CM
2023-06-02 15:39:00,42.625,42.645,42.625,42.645,1893.0,CM
2023-06-02 15:38:00,42.62,42.62,42.6081,42.61,2692.0,CM
2023-06-02 15:37:00,42.57,42.62,42.57,42.62,4722.0,CM
2023-06-02 15:36:00,42.56,42.58,42.56,42.56,2408.0,CM
2023-06-02 15:35:00,42.52,42.55,42.52,42.55,857.0,CM
2023-06-02 15:34:00,42.5,42.51,42.49,42.51,4759.0,CM
2023-06-02 15:33:00,42.49,42.52,42.49,42.5,1490.0,CM
2023-06-02 15:32:00,42.4586,42.49,42.4586,42.49,1189.0,CM
2023-06-02 15:31:00,42.46,42.47,42.455,42.455,6077.0,CM
2023-06-02 15:30:00,42.46,42.46,42.46,42.46,914.0,CM
2023-06-02 15:29:00,42.49,42.49,42.46,42.46,2590.0,CM
2023-06-02 15:28:00,42.4601,42.49,42.4601,42.49,1062.0,CM
2023-06-02 15:26:00,42.5,42.5,42.465,42.4701,6619.0,CM
2023-06-02 15:25:00,42.52,42.53,42.49,42.495,6007.0,CM
2023-06-02 15:24:00,42.52,42.52,42.51,42.51,610.0,CM
2023-06-02 15:23:00,42.51,42.52,42.51,42.515,638.0,CM
2023-06-02 15:22:00,42.52,42.52,42.52,42.52,1297.0,CM
2023-06-02 15:21:00,42.5,42.52,42.5,42.52,1684.0,CM
2023-06-02 15:20:00,42.5,42.505,42.49,42.49,411.0,CM
2023-06-02 15:18:00,42.51,42.51,42.5,42.5,1023.0,CM
2023-06-02 15:16:00,42.52,42.52,42.52,42.52,425.0,CM
2023-06-02 15:15:00,42.52,42.52,42.52,42.52,853.0,CM
2023-06-02 15:14:00,42.5,42.5,42.5,42.5,254.0,CM
2023-06-02 15:13:00,42.5,42.5108,42.49,42.49,2208.0,CM
2023-06-02 15:12:00,42.5,42.5,42.49,42.5,1593.0,CM
2023-06-02 15:11:00,42.51,42.51,42.5,42.5,1037.0,CM
2023-06-02 15:10:00,42.5068,42.5068,42.5068,42.5068,499.0,CM
2023-06-02 15:09:00,42.54,42.54,42.515,42.515,1092.0,CM
2023-06-02 15:08:00,42.55,42.55,42.55,42.55,1403.0,CM
2023-06-02 15:07:00,42.555,42.56,42.555,42.56,732.0,CM
2023-06-02 15:05:00,42.55,42.55,42.54,42.54,555.0,CM
2023-06-02 15:04:00,42.53,42.54,42.53,42.54,785.0,CM
2023-06-02 15:03:00,42.53,42.53,42.5147,42.5208,3859.0,CM
2023-06-02 15:02:00,42.53,42.53,42.53,42.53,1583.0,CM
2023-06-02 15:01:00,42.55,42.55,42.52,42.54,14072.0,CM
2023-06-02 15:00:00,42.54,42.545,42.54,42.545,563.0,CM
2023-06-02 14:59:00,42.5279,42.535,42.5279,42.535,1529.0,CM
2023-06-02 14:58:00,42.52,42.53,42.52,42.53,775.0,CM
2023-06-02 14:57:00,42.51,42.51,42.51,42.51,234.0,CM
2023-06-02 14:56:00,42.51,42.51,42.51,42.51,1083.0,CM
2023-06-02 14:55:00,42.51,42.51,42.51,42.51,345.0,CM
2023-06-02 14:54:00,42.53,42.53,42.52,42.52,816.0,CM
2023-06-02 14:53:00,42.53,42.535,42.53,42.53,734.0,CM
2023-06-02 14:52:00,42.54,42.54,42.535,42.535,886.0,CM
2023-06-02 14:51:00,42.55,42.55,42.5452,42.55,1500.0,CM
2023-06-02 14:50:00,42.55,42.55,42.55,42.55,327.0,CM
2023-06-02 14:49:00,42.56,42.56,42.54,42.545,1014.0,CM
2023-06-02 14:48:00,42.555,42.56,42.555,42.56,647.0,CM
2023-06-02 14:47:00,42.54,42.545,42.54,42.545,2354.0,CM
2023-06-02 14:46:00,42.54,42.5499,42.54,42.5499,837.0,CM
2023-06-02 14:45:00,42.54,42.54,42.54,42.54,849.0,CM
2023-06-02 14:42:00,42.53,42.54,42.53,42.53,1466.0,CM
2023-06-02 14:41:00,42.54,42.54,42.54,42.54,302.0,CM
2023-06-02 14:40:00,42.53,42.53,42.53,42.53,511.0,CM
2023-06-02 14:39:00,42.53,42.53,42.525,42.53,562.0,CM
2023-06-02 14:38:00,42.53,42.53,42.53,42.53,621.0,CM
2023-06-02 14:37:00,42.53,42.54,42.53,42.54,821.0,CM
2023-06-02 14:36:00,42.515,42.52,42.51,42.52,5773.0,CM
2023-06-02 14:35:00,42.49,42.5,42.49,42.5,782.0,CM
2023-06-02 14:34:00,42.4992,42.4992,42.4992,42.4992,162.0,CM
2023-06-02 14:33:00,42.495,42.495,42.47,42.4908,2650.0,CM
2023-06-02 14:32:00,42.51,42.51,42.5,42.5,1271.0,CM
2023-06-02 14:31:00,42.51,42.5199,42.5,42.5011,1717.0,CM
2023-06-02 14:30:00,42.49,42.51,42.49,42.51,3890.0,CM
2023-06-02 14:29:00,42.47,42.49,42.47,42.49,2035.0,CM
2023-06-02 14:28:00,42.46,42.46,42.455,42.455,1155.0,CM
2023-06-02 14:27:00,42.44,42.469,42.44,42.45,15870.0,CM
2023-06-02 14:26:00,42.44,42.44,42.44,42.44,534.0,CM
2023-06-02 14:25:00,42.4,42.42,42.4,42.42,513.0,CM
2023-06-02 14:24:00,42.38,42.38,42.375,42.375,533.0,CM
2023-06-02 14:23:00,42.37,42.37,42.37,42.37,622.0,CM
2023-06-02 14:22:00,42.3791,42.3791,42.37,42.37,1398.0,CM
2023-06-02 14:21:00,42.38,42.38,42.37,42.372,1574.0,CM
2023-06-02 14:20:00,42.37,42.38,42.365,42.38,1247.0,CM
2023-06-02 14:19:00,42.38,42.385,42.375,42.375,2351.0,CM
2023-06-02 14:18:00,42.41,42.41,42.385,42.385,1893.0,CM
2023-06-02 14:17:00,42.41,42.41,42.41,42.41,105.0,CM
2023-06-02 14:16:00,42.41,42.41,42.41,42.41,1303.0,CM
2023-06-02 14:15:00,42.44,42.44,42.41,42.41,3894.0,CM
2023-06-02 14:14:00,42.42,42.42,42.42,42.42,285.0,CM
2023-06-02 14:13:00,42.41,42.41,42.405,42.405,888.0,CM
2023-06-02 14:11:00,42.44,42.44,42.42,42.42,1207.0,CM
2023-06-02 14:10:00,42.43,42.43,42.43,42.43,221.0,CM
2023-06-02 14:09:00,42.405,42.42,42.4,42.42,891.0,CM
2023-06-02 14:08:00,42.41,42.41,42.41,42.41,2131.0,CM
2023-06-02 14:07:00,42.42,42.42,42.41,42.41,3293.0,CM
2023-06-02 14:06:00,42.42,42.43,42.415,42.43,1373.0,CM
2023-06-02 14:05:00,42.43,42.43,42.425,42.43,876.0,CM
2023-06-02 14:04:00,42.415,42.4386,42.415,42.4386,1012.0,CM
2023-06-02 14:03:00,42.42,42.42,42.42,42.42,227.0,CM
2023-06-02 14:02:00,42.42,42.42,42.42,42.42,629.0,CM
2023-06-02 14:01:00,42.41,42.41,42.41,42.41,2991.0,CM
2023-06-02 14:00:00,42.4,42.41,42.4,42.41,5768.0,CM
2023-06-02 13:59:00,42.4,42.42,42.4,42.41,2031.0,CM
2023-06-02 13:58:00,42.4,42.4,42.4,42.4,810.0,CM
2023-06-02 13:57:00,42.42,42.42,42.38,42.4,21030.0,CM
2023-06-02 13:56:00,42.425,42.43,42.425,42.43,1084.0,CM
2023-06-02 13:55:00,42.43,42.43,42.43,42.43,3143.0,CM
2023-06-02 13:54:00,42.44,42.44,42.435,42.435,1493.0,CM
2023-06-02 13:53:00,42.45,42.45,42.45,42.45,144.0,CM
2023-06-02 13:52:00,42.435,42.445,42.435,42.445,2136.0,CM
2023-06-02 13:51:00,42.43,42.435,42.43,42.435,1295.0,CM
2023-06-02 13:49:00,42.44,42.44,42.425,42.43,2390.0,CM
2023-06-02 13:48:00,42.435,42.44,42.425,42.435,2109.0,CM
2023-06-02 13:47:00,42.436,42.436,42.436,42.436,332.0,CM
2023-06-02 13:46:00,42.42,42.42,42.415,42.42,748.0,CM
2023-06-02 13:45:00,42.42,42.42,42.415,42.42,690.0,CM
2023-06-02 13:44:00,42.41,42.42,42.41,42.42,814.0,CM
2023-06-02 13:43:00,42.42,42.42,42.41,42.41,727.0,CM
2023-06-02 13:42:00,42.44,42.44,42.42,42.42,541.0,CM
2023-06-02 13:40:00,42.465,42.465,42.445,42.45,3381.0,CM
2023-06-02 13:39:00,42.465,42.465,42.465,42.465,243.0,CM
2023-06-02 13:38:00,42.48,42.48,42.48,42.48,293.0,CM
2023-06-02 13:36:00,42.47,42.47,42.46,42.47,726.0,CM
2023-06-02 13:35:00,42.46,42.4718,42.46,42.4718,1053.0,CM
2023-06-02 13:34:00,42.46,42.46,42.46,42.46,264.0,CM
2023-06-02 13:33:00,42.46,42.46,42.46,42.46,871.0,CM
2023-06-02 13:32:00,42.47,42.47,42.465,42.465,259.0,CM
2023-06-02 13:31:00,42.47,42.47,42.47,42.47,1448.0,CM
2023-06-02 13:30:00,42.45,42.4818,42.45,42.4818,1340.0,CM
2023-06-02 13:29:00,42.45,42.45,42.44,42.445,1360.0,CM
2023-06-02 13:28:00,42.445,42.445,42.445,42.445,135.0,CM
2023-06-02 13:27:00,42.45,42.45,42.43,42.44,12004.0,CM
2023-06-02 13:26:00,42.47,42.47,42.44,42.46,4886.0,CM
2023-06-02 13:24:00,42.465,42.465,42.46,42.46,440.0,CM
2023-06-02 13:23:00,42.46,42.46,42.46,42.46,234.0,CM
2023-06-02 13:22:00,42.46,42.46,42.45,42.4588,419.0,CM
2023-06-02 13:21:00,42.47,42.47,42.465,42.47,1624.0,CM
2023-06-02 13:20:00,42.46,42.48,42.46,42.48,2317.0,CM
2023-06-02 13:19:00,42.46,42.46,42.46,42.46,1029.0,CM
2023-06-02 13:18:00,42.46,42.465,42.46,42.46,447.0,CM
2023-06-02 13:17:00,42.445,42.45,42.445,42.45,1577.0,CM
2023-06-02 13:16:00,42.46,42.46,42.43,42.43,1250.0,CM
2023-06-02 13:15:00,42.45,42.46,42.45,42.46,558.0,CM
2023-06-02 13:14:00,42.47,42.47,42.455,42.455,1008.0,CM
2023-06-02 13:13:00,42.45,42.46,42.45,42.46,1894.0,CM
2023-06-02 13:12:00,42.45,42.45,42.45,42.45,153.0,CM
2023-06-02 13:11:00,42.46,42.46,42.45,42.45,2624.0,CM
2023-06-02 13:10:00,42.46,42.46,42.45,42.45,1592.0,CM
2023-06-02 13:09:00,42.43,42.47,42.43,42.46,3139.0,CM
2023-06-02 13:07:00,42.43,42.4301,42.415,42.42,2344.0,CM
2023-06-02 13:06:00,42.41,42.43,42.4,42.43,2333.0,CM
2023-06-02 13:05:00,42.41,42.41,42.41,42.41,231.0,CM
2023-06-02 13:04:00,42.42,42.42,42.42,42.42,1054.0,CM
2023-06-02 13:03:00,42.44,42.44,42.425,42.425,558.0,CM
2023-06-02 13:02:00,42.42,42.44,42.42,42.44,1645.0,CM
2023-06-02 13:01:00,42.44,42.44,42.425,42.425,1326.0,CM
2023-06-02 13:00:00,42.43,42.43,42.43,42.43,763.0,CM
2023-06-02 12:59:00,42.43,42.43,42.43,42.43,664.0,CM
2023-06-02 12:58:00,42.44,42.44,42.42,42.43,13162.0,CM
2023-06-02 12:57:00,42.45,42.45,42.45,42.45,407.0,CM
2023-06-02 12:56:00,42.428,42.45,42.42,42.45,1246.0,CM
2023-06-02 12:55:00,42.44,42.44,42.43,42.43,1057.0,CM
2023-06-02 12:54:00,42.41,42.41,42.41,42.41,262.0,CM
2023-06-02 12:53:00,42.4,42.41,42.4,42.41,1115.0,CM
2023-06-02 12:52:00,42.39,42.4,42.37,42.4,13388.0,CM
2023-06-02 12:51:00,42.37,42.4,42.37,42.4,413.0,CM
2023-06-02 12:50:00,42.37,42.38,42.37,42.38,1646.0,CM
2023-06-02 12:49:00,42.3689,42.37,42.36,42.37,2755.0,CM
2023-06-02 12:48:00,42.38,42.38,42.36,42.37,7630.0,CM
2023-06-02 12:47:00,42.38,42.39,42.38,42.39,2485.0,CM
2023-06-02 12:46:00,42.37,42.375,42.37,42.375,638.0,CM
2023-06-02 12:45:00,42.35,42.36,42.35,42.355,1398.0,CM
2023-06-02 12:44:00,42.34,42.34,42.34,42.34,2293.0,CM
2023-06-02 12:43:00,42.33,42.34,42.33,42.34,3364.0,CM
2023-06-02 12:42:00,42.32,42.32,42.32,42.32,514.0,CM
2023-06-02 12:41:00,42.311,42.311,42.311,42.311,595.0,CM
2023-06-02 12:40:00,42.32,42.33,42.3109,42.3109,1048.0,CM
2023-06-02 12:39:00,42.33,42.33,42.315,42.315,1217.0,CM
2023-06-02 12:38:00,42.31,42.35,42.31,42.335,7365.0,CM
2023-06-02 12:37:00,42.295,42.295,42.295,42.295,100.0,CM
2023-06-02 12:36:00,42.28,42.29,42.28,42.29,1236.0,CM
2023-06-02 12:35:00,42.3,42.3,42.28,42.28,1127.0,CM
2023-06-02 12:34:00,42.31,42.31,42.3,42.31,4215.0,CM
2023-06-02 12:33:00,42.3,42.32,42.3,42.32,2896.0,CM
2023-06-02 12:32:00,42.32,42.325,42.28,42.29,26811.0,CM
2023-06-02 12:31:00,42.32,42.32,42.31,42.315,858.0,CM
2023-06-02 12:30:00,42.345,42.345,42.315,42.33,1568.0,CM
2023-06-02 12:29:00,42.33,42.34,42.33,42.34,1349.0,CM
2023-06-02 12:28:00,42.3359,42.3359,42.33,42.33,416.0,CM
2023-06-02 12:27:00,42.33,42.34,42.32,42.33,1940.0,CM
2023-06-02 12:26:00,42.34,42.34,42.34,42.34,450.0,CM
2023-06-02 12:25:00,42.33,42.33,42.33,42.33,527.0,CM
2023-06-02 12:24:00,42.32,42.33,42.32,42.325,2090.0,CM
2023-06-02 12:23:00,42.32,42.32,42.31,42.31,1183.0,CM
2023-06-02 12:22:00,42.32,42.32,42.315,42.315,869.0,CM
2023-06-02 12:21:00,42.3,42.33,42.3,42.33,2473.0,CM
2023-06-02 12:20:00,42.26,42.28,42.26,42.28,700.0,CM
2023-06-02 12:19:00,42.25,42.2501,42.24,42.25,8058.0,CM
2023-06-02 12:18:00,42.26,42.2605,42.26,42.26,1034.0,CM
2023-06-02 12:17:00,42.275,42.275,42.26,42.26,2238.0,CM
2023-06-02 12:16:00,42.28,42.28,42.27,42.27,6507.0,CM
2023-06-02 12:15:00,42.29,42.29,42.28,42.28,647.0,CM
2023-06-02 12:14:00,42.31,42.31,42.29,42.29,340.0,CM
2023-06-02 12:13:00,42.31,42.31,42.29,42.3,3144.0,CM
2023-06-02 12:12:00,42.31,42.31,42.31,42.31,500.0,CM
2023-06-02 12:11:00,42.31,42.31,42.31,42.31,598.0,CM
2023-06-02 12:10:00,42.33,42.33,42.32,42.33,1157.0,CM
2023-06-02 12:09:00,42.39,42.39,42.34,42.34,1920.0,CM
2023-06-02 12:08:00,42.38,42.38,42.38,42.38,1295.0,CM
2023-06-02 12:07:00,42.37,42.38,42.37,42.38,2752.0,CM
2023-06-02 12:06:00,42.37,42.37,42.37,42.37,451.0,CM
2023-06-02 12:05:00,42.33,42.37,42.33,42.37,5233.0,CM
2023-06-02 12:04:00,42.3,42.3301,42.3,42.3301,2992.0,CM
2023-06-02 12:03:00,42.23,42.29,42.23,42.29,4079.0,CM
2023-06-02 12:02:00,42.23,42.23,42.22,42.23,885.0,CM
2023-06-02 12:01:00,42.24,42.245,42.2299,42.2305,1082.0,CM
2023-06-02 12:00:00,42.23,42.23,42.23,42.23,1127.0,CM
2023-06-02 11:59:00,42.22,42.23,42.2,42.2,1784.0,CM
2023-06-02 11:58:00,42.25,42.25,42.24,42.24,1000.0,CM
2023-06-02 11:57:00,42.25,42.25,42.25,42.25,891.0,CM
2023-06-02 11:56:00,42.24,42.25,42.23,42.25,1293.0,CM
2023-06-02 11:55:00,42.24,42.24,42.24,42.24,825.0,CM
2023-06-02 11:54:00,42.23,42.2487,42.23,42.24,1807.0,CM
2023-06-02 11:53:00,42.22,42.22,42.2,42.22,25297.0,CM
2023-06-02 11:52:00,42.225,42.23,42.225,42.23,383.0,CM
2023-06-02 11:51:00,42.24,42.24,42.225,42.225,862.0,CM
2023-06-02 11:50:00,42.24,42.24,42.24,42.24,504.0,CM
2023-06-02 11:49:00,42.25,42.25,42.24,42.24,923.0,CM
2023-06-02 11:48:00,42.24,42.245,42.235,42.245,1037.0,CM
2023-06-02 11:47:00,42.23,42.23,42.22,42.22,1993.0,CM
2023-06-02 11:46:00,42.26,42.26,42.23,42.24,36471.0,CM
2023-06-02 11:45:00,42.25,42.25,42.25,42.25,177.0,CM
2023-06-02 11:44:00,42.2408,42.25,42.2408,42.25,1206.0,CM
2023-06-02 11:43:00,42.26,42.26,42.24,42.24,1981.0,CM
2023-06-02 11:42:00,42.25,42.27,42.25,42.27,937.0,CM
2023-06-02 11:41:00,42.26,42.26,42.25,42.25,821.0,CM
2023-06-02 11:40:00,42.26,42.26,42.26,42.26,869.0,CM
2023-06-02 11:39:00,42.25,42.25,42.25,42.25,209.0,CM
2023-06-02 11:38:00,42.26,42.26,42.24,42.24,3324.0,CM
2023-06-02 11:37:00,42.27,42.27,42.26,42.26,2441.0,CM
2023-06-02 11:36:00,42.26,42.26,42.26,42.26,110.0,CM
2023-06-02 11:35:00,42.26,42.26,42.26,42.26,398.0,CM
2023-06-02 11:34:00,42.2727,42.2727,42.25,42.26,1357.0,CM
2023-06-02 11:33:00,42.29,42.29,42.28,42.28,1042.0,CM
2023-06-02 11:32:00,42.31,42.31,42.3,42.3,652.0,CM
2023-06-02 11:31:00,42.3,42.32,42.3,42.32,1615.0,CM
2023-06-02 11:30:00,42.275,42.29,42.275,42.285,2217.0,CM
2023-06-02 11:29:00,42.31,42.31,42.27,42.29,3799.0,CM
2023-06-02 11:28:00,42.32,42.32,42.31,42.31,1634.0,CM
2023-06-02 11:27:00,42.33,42.33,42.33,42.33,234.0,CM
2023-06-02 11:26:00,42.33,42.33,42.33,42.33,1289.0,CM
2023-06-02 11:25:00,42.33,42.34,42.28,42.31,7007.0,CM
2023-06-02 11:24:00,42.34,42.34,42.32,42.33,4288.0,CM
2023-06-02 11:23:00,42.37,42.37,42.32,42.33,23173.0,CM
2023-06-02 11:22:00,42.38,42.38,42.36,42.38,5093.0,CM
2023-06-02 11:21:00,42.38,42.39,42.38,42.38,929.0,CM
2023-06-02 11:20:00,42.395,42.395,42.37,42.38,1054.0,CM
2023-06-02 11:19:00,42.41,42.41,42.385,42.385,1283.0,CM
2023-06-02 11:18:00,42.39,42.405,42.39,42.39,2288.0,CM
2023-06-02 11:17:00,42.385,42.39,42.37,42.39,2162.0,CM
2023-06-02 11:16:00,42.38,42.38,42.38,42.38,302.0,CM
2023-06-02 11:15:00,42.4,42.4,42.38,42.385,1635.0,CM
2023-06-02 11:14:00,42.41,42.41,42.38,42.38,4212.0,CM
2023-06-02 11:13:00,42.4,42.4091,42.39,42.4,1865.0,CM
2023-06-02 11:12:00,42.36,42.38,42.36,42.38,989.0,CM
2023-06-02 11:11:00,42.3552,42.3552,42.34,42.34,921.0,CM
2023-06-02 11:10:00,42.33,42.37,42.32,42.36,9569.0,CM
2023-06-02 11:09:00,42.335,42.335,42.32,42.32,1382.0,CM
2023-06-02 11:08:00,42.29,42.34,42.28,42.33,6067.0,CM
2023-06-02 11:07:00,42.2665,42.29,42.26,42.28,4053.0,CM
2023-06-02 11:06:00,42.25,42.27,42.25,42.27,3532.0,CM
2023-06-02 11:05:00,42.25,42.26,42.25,42.25,2679.0,CM
2023-06-02 11:04:00,42.24,42.24,42.24,42.24,698.0,CM
2023-06-02 11:03:00,42.23,42.24,42.23,42.24,1793.0,CM
2023-06-02 11:02:00,42.23,42.23,42.23,42.23,261.0,CM
2023-06-02 11:01:00,42.16,42.2,42.16,42.2,3697.0,CM
2023-06-02 11:00:00,42.13,42.155,42.13,42.1509,7598.0,CM
2023-06-02 10:59:00,42.18,42.19,42.14,42.14,8388.0,CM
2023-06-02 10:58:00,42.15,42.17,42.15,42.17,3002.0,CM
2023-06-02 10:57:00,42.14,42.14,42.14,42.14,2374.0,CM
2023-06-02 10:56:00,42.145,42.1484,42.13,42.13,4043.0,CM
2023-06-02 10:55:00,42.16,42.16,42.15,42.1511,1562.0,CM
2023-06-02 10:54:00,42.14,42.16,42.14,42.15,2319.0,CM
2023-06-02 10:53:00,42.13,42.14,42.1288,42.14,1640.0,CM
2023-06-02 10:52:00,42.12,42.13,42.1,42.13,2151.0,CM
2023-06-02 10:51:00,42.11,42.11,42.1,42.11,1142.0,CM
2023-06-02 10:50:00,42.1,42.12,42.1,42.12,2041.0,CM
2023-06-02 10:49:00,42.12,42.12,42.11,42.11,855.0,CM
2023-06-02 10:48:00,42.14,42.14,42.12,42.12,2829.0,CM
2023-06-02 10:47:00,42.16,42.17,42.15,42.16,2190.0,CM
2023-06-02 10:46:00,42.15,42.15,42.14,42.15,1040.0,CM
2023-06-02 10:45:00,42.13,42.14,42.12,42.14,1332.0,CM
2023-06-02 10:44:00,42.14,42.14,42.13,42.13,1436.0,CM
2023-06-02 10:43:00,42.12,42.145,42.115,42.145,1752.0,CM
2023-06-02 10:42:00,42.12,42.12,42.1195,42.1195,874.0,CM
2023-06-02 10:41:00,42.14,42.14,42.12,42.13,802.0,CM
2023-06-02 10:40:00,42.16,42.16,42.13,42.13,2383.0,CM
2023-06-02 10:39:00,42.15,42.15,42.15,42.15,1587.0,CM
2023-06-02 10:38:00,42.16,42.16,42.12,42.13,3573.0,CM
2023-06-02 10:37:00,42.075,42.13,42.06,42.13,34691.0,CM
2023-06-02 10:36:00,42.04,42.05,42.04,42.05,3872.0,CM
2023-06-02 10:35:00,42.07,42.07,42.04,42.05,4185.0,CM
2023-06-02 10:34:00,42.08,42.08,42.07,42.07,1999.0,CM
2023-06-02 10:33:00,42.045,42.07,42.045,42.07,2674.0,CM
2023-06-02 10:32:00,42.04,42.05,42.03,42.05,3825.0,CM
2023-06-02 10:31:00,42.04,42.04,42.02,42.03,1883.0,CM
2023-06-02 10:30:00,42.04,42.0401,42.04,42.0401,598.0,CM
2023-06-02 10:29:00,42.06,42.06,42.05,42.05,1144.0,CM
2023-06-02 10:28:00,42.085,42.085,42.065,42.07,1373.0,CM
2023-06-02 10:27:00,42.04,42.07,42.035,42.07,1977.0,CM
2023-06-02 10:26:00,42.02,42.035,42.02,42.03,2144.0,CM
2023-06-02 10:25:00,42.01,42.02,41.99,42.02,3294.0,CM
2023-06-02 10:24:00,42.0,42.01,41.995,42.01,1312.0,CM
2023-06-02 10:23:00,42.02,42.03,42.0,42.0,1364.0,CM
2023-06-02 10:22:00,42.02,42.03,42.005,42.02,3361.0,CM
2023-06-02 10:21:00,42.0,42.01,41.99,42.01,1692.0,CM
2023-06-02 10:20:00,42.02,42.04,41.99,42.0,16652.0,CM
2023-06-02 10:19:00,41.95,42.03,41.95,42.02,6026.0,CM
2023-06-02 10:18:00,41.89,41.945,41.89,41.945,4620.0,CM
2023-06-02 10:17:00,41.87,41.89,41.86,41.89,2106.0,CM
2023-06-02 10:16:00,41.9,41.9,41.88,41.88,2436.0,CM
2023-06-02 10:15:00,41.93,41.93,41.9,41.9,401.0,CM
2023-06-02 10:14:00,41.92,41.93,41.91,41.92,1521.0,CM
2023-06-02 10:13:00,41.94,41.94,41.91,41.93,2795.0,CM
2023-06-02 10:12:00,41.93,41.94,41.93,41.94,373.0,CM
2023-06-02 10:11:00,41.92,41.92,41.9,41.9,756.0,CM
2023-06-02 10:10:00,41.92,41.92,41.91,41.91,1909.0,CM
2023-06-02 10:09:00,41.94,41.94,41.92,41.92,1873.0,CM
2023-06-02 10:08:00,41.93,41.95,41.93,41.9491,2394.0,CM
2023-06-02 10:07:00,41.91,41.92,41.91,41.91,990.0,CM
2023-06-02 10:06:00,41.9,41.93,41.89,41.92,937.0,CM
2023-06-02 10:05:00,41.89,41.91,41.885,41.89,8189.0,CM
2023-06-02 10:04:00,41.86,41.89,41.86,41.88,2812.0,CM
2023-06-02 10:03:00,41.8698,41.885,41.86,41.87,5972.0,CM
2023-06-02 10:02:00,41.87,41.87,41.855,41.87,2377.0,CM
2023-06-02 10:01:00,41.85,41.85,41.821,41.835,1445.0,CM
2023-06-02 10:00:00,41.88,41.88,41.85,41.85,1707.0,CM
2023-06-02 09:59:00,41.86,41.87,41.85,41.87,2354.0,CM
2023-06-02 09:58:00,41.9,41.9,41.845,41.845,2649.0,CM
2023-06-02 09:57:00,41.95,41.95,41.9,41.905,4521.0,CM
2023-06-02 09:56:00,41.88,41.93,41.87,41.93,1763.0,CM
2023-06-02 09:55:00,41.91,41.91,41.87,41.9,4236.0,CM
2023-06-02 09:54:00,41.96,41.96,41.93,41.93,7032.0,CM
2023-06-02 09:53:00,41.93,41.97,41.93,41.96,4384.0,CM
2023-06-02 09:52:00,41.89,41.92,41.89,41.92,1806.0,CM
2023-06-02 09:51:00,41.92,41.93,41.89,41.89,1634.0,CM
2023-06-02 09:50:00,41.9,41.95,41.9,41.95,2885.0,CM
2023-06-02 09:49:00,41.93,41.93,41.88,41.89,1796.0,CM
2023-06-02 09:48:00,41.9,41.94,41.9,41.94,1365.0,CM
2023-06-02 09:47:00,41.86,41.88,41.83,41.88,3154.0,CM
2023-06-02 09:46:00,41.895,41.94,41.89,41.89,3150.0,CM
2023-06-02 09:45:00,41.89,41.91,41.89,41.91,1965.0,CM
2023-06-02 09:44:00,41.9,41.92,41.895,41.895,4136.0,CM
2023-06-02 09:43:00,41.92,41.93,41.88,41.9,5884.0,CM
2023-06-02 09:42:00,41.86,41.91,41.86,41.91,3446.0,CM
2023-06-02 09:41:00,41.83,41.86,41.81,41.85,6805.0,CM
2023-06-02 09:40:00,41.84,41.84,41.81,41.84,3848.0,CM
2023-06-02 09:39:00,41.9,41.91,41.85,41.85,2645.0,CM
2023-06-02 09:38:00,41.92,41.93,41.9,41.92,13999.0,CM
2023-06-02 09:37:00,41.83,41.92,41.83,41.92,8061.0,CM
2023-06-02 09:36:00,41.8,41.83,41.8,41.82,2678.0,CM
2023-06-02 09:35:00,41.77,41.82,41.76,41.76,3696.0,CM
2023-06-02 09:34:00,41.7972,41.8,41.76,41.76,3215.0,CM
2023-06-02 09:33:00,41.77,41.79,41.77,41.79,1958.0,CM
2023-06-02 09:32:00,41.79,41.8,41.74,41.74,6348.0,CM
2023-06-02 09:31:00,41.71,41.79,41.71,41.78,4783.0,CM
2023-06-02 09:30:00,41.61,41.74,41.61,41.74,6864.0,CM
2023-06-01 16:00:00,41.2,41.2,41.2,41.2,7971.0,CM
2023-06-01 15:59:00,41.18,41.21,41.16,41.21,46206.0,CM
2023-06-01 15:58:00,41.18,41.185,41.17,41.175,22318.0,CM
2023-06-01 15:57:00,41.16,41.185,41.15,41.18,14180.0,CM
2023-06-01 15:56:00,41.15,41.18,41.14,41.165,49780.0,CM
2023-06-01 15:55:00,41.15,41.165,41.12,41.145,18171.0,CM
2023-06-01 15:54:00,41.155,41.155,41.14,41.15,6719.0,CM
2023-06-01 15:53:00,41.14,41.165,41.14,41.155,6821.0,CM
2023-06-01 15:52:00,41.18,41.185,41.15,41.15,11182.0,CM
2023-06-01 15:51:00,41.19,41.21,41.18,41.18,20704.0,CM
2023-06-01 15:50:00,41.27,41.28,41.19,41.19,19457.0,CM
2023-06-01 15:49:00,41.25,41.27,41.25,41.265,9808.0,CM
2023-06-01 15:48:00,41.245,41.265,41.24,41.24,8773.0,CM
2023-06-01 15:47:00,41.24,41.25,41.24,41.245,2906.0,CM
2023-06-01 15:46:00,41.23,41.24,41.21,41.24,4780.0,CM
2023-06-01 15:45:00,41.21,41.235,41.2,41.23,17100.0,CM
2023-06-01 15:44:00,41.215,41.225,41.2,41.205,12277.0,CM
2023-06-01 15:43:00,41.22,41.22,41.21,41.21,4258.0,CM
2023-06-01 15:42:00,41.24,41.245,41.23,41.23,4746.0,CM
2023-06-01 15:41:00,41.24,41.25,41.24,41.25,1078.0,CM
2023-06-01 15:40:00,41.215,41.245,41.205,41.23,14261.0,CM
2023-06-01 15:39:00,41.215,41.215,41.21,41.21,698.0,CM
2023-06-01 15:38:00,41.21,41.21,41.21,41.21,1039.0,CM
2023-06-01 15:37:00,41.24,41.24,41.21,41.21,2500.0,CM
2023-06-01 15:36:00,41.23,41.235,41.22,41.225,2763.0,CM
2023-06-01 15:35:00,41.24,41.25,41.21,41.215,5437.0,CM
2023-06-01 15:34:00,41.24,41.245,41.23,41.245,3686.0,CM
2023-06-01 15:33:00,41.26,41.26,41.245,41.245,1105.0,CM
2023-06-01 15:32:00,41.26,41.28,41.26,41.265,1926.0,CM
2023-06-01 15:31:00,41.255,41.275,41.25,41.25,12128.0,CM
2023-06-01 15:30:00,41.28,41.285,41.26,41.26,3756.0,CM
2023-06-01 15:29:00,41.3,41.3,41.3,41.3,328.0,CM
2023-06-01 15:28:00,41.305,41.305,41.3,41.3,1155.0,CM
2023-06-01 15:27:00,41.29,41.3,41.28,41.3,2386.0,CM
2023-06-01 15:26:00,41.295,41.295,41.29,41.295,711.0,CM
2023-06-01 15:25:00,41.3,41.305,41.29,41.29,2146.0,CM
2023-06-01 15:24:00,41.31,41.31,41.3,41.3,709.0,CM
2023-06-01 15:23:00,41.31,41.32,41.295,41.31,3504.0,CM
2023-06-01 15:22:00,41.3,41.305,41.3,41.305,891.0,CM
2023-06-01 15:21:00,41.305,41.31,41.305,41.305,941.0,CM
2023-06-01 15:20:00,41.32,41.32,41.31,41.31,1329.0,CM
2023-06-01 15:19:00,41.33,41.33,41.32,41.32,1073.0,CM
2023-06-01 15:18:00,41.33,41.33,41.32,41.33,1179.0,CM
2023-06-01 15:17:00,41.35,41.35,41.34,41.34,1342.0,CM
2023-06-01 15:16:00,41.36,41.36,41.34,41.35,2315.0,CM
2023-06-01 15:15:00,41.34,41.37,41.34,41.37,1957.0,CM
2023-06-01 15:14:00,41.33,41.34,41.33,41.34,2495.0,CM
2023-06-01 15:13:00,41.315,41.32,41.315,41.32,1271.0,CM
2023-06-01 15:12:00,41.32,41.32,41.32,41.32,1638.0,CM
2023-06-01 15:11:00,41.33,41.33,41.31,41.31,2555.0,CM
2023-06-01 15:10:00,41.335,41.335,41.33,41.33,911.0,CM
2023-06-01 15:09:00,41.335,41.34,41.33,41.33,724.0,CM
2023-06-01 15:08:00,41.32,41.33,41.32,41.33,513.0,CM
2023-06-01 15:07:00,41.31,41.32,41.31,41.32,1513.0,CM
2023-06-01 15:06:00,41.325,41.325,41.32,41.32,488.0,CM
2023-06-01 15:05:00,41.33,41.34,41.33,41.33,1336.0,CM
2023-06-01 15:04:00,41.3,41.32,41.3,41.32,1476.0,CM
2023-06-01 15:03:00,41.315,41.315,41.3,41.3,1029.0,CM
2023-06-01 15:02:00,41.29,41.32,41.29,41.31,2727.0,CM
2023-06-01 15:01:00,41.285,41.285,41.285,41.285,299.0,CM
2023-06-01 15:00:00,41.29,41.29,41.29,41.29,643.0,CM
2023-06-01 14:59:00,41.29,41.29,41.28,41.28,750.0,CM
2023-06-01 14:58:00,41.3,41.3,41.28,41.29,1594.0,CM
2023-06-01 14:57:00,41.34,41.34,41.29,41.3,2086.0,CM
2023-06-01 14:56:00,41.35,41.35,41.34,41.35,1003.0,CM
2023-06-01 14:55:00,41.35,41.35,41.35,41.35,1144.0,CM
2023-06-01 14:54:00,41.35,41.35,41.35,41.35,123.0,CM
2023-06-01 14:53:00,41.355,41.36,41.355,41.36,2005.0,CM
2023-06-01 14:52:00,41.34,41.355,41.34,41.355,1670.0,CM
2023-06-01 14:51:00,41.345,41.35,41.34,41.34,5704.0,CM
2023-06-01 14:50:00,41.36,41.36,41.35,41.35,845.0,CM
2023-06-01 14:49:00,41.35,41.35,41.35,41.35,301.0,CM
2023-06-01 14:48:00,41.345,41.35,41.34,41.34,1265.0,CM
2023-06-01 14:47:00,41.36,41.36,41.34,41.34,1153.0,CM
2023-06-01 14:46:00,41.38,41.38,41.37,41.37,1409.0,CM
2023-06-01 14:45:00,41.3801,41.39,41.38,41.38,1712.0,CM
2023-06-01 14:44:00,41.37,41.38,41.37,41.38,550.0,CM
2023-06-01 14:43:00,41.32,41.38,41.32,41.37,8811.0,CM
2023-06-01 14:42:00,41.31,41.31,41.31,41.31,777.0,CM
2023-06-01 14:41:00,41.28,41.32,41.28,41.32,2276.0,CM
2023-06-01 14:40:00,41.255,41.26,41.255,41.26,364.0,CM
2023-06-01 14:39:00,41.25,41.25,41.25,41.25,181.0,CM
2023-06-01 14:38:00,41.28,41.28,41.26,41.26,3794.0,CM
2023-06-01 14:36:00,41.285,41.29,41.285,41.29,1495.0,CM
2023-06-01 14:35:00,41.28,41.28,41.28,41.28,2045.0,CM
2023-06-01 14:34:00,41.285,41.285,41.285,41.285,206.0,CM
2023-06-01 14:31:00,41.29,41.29,41.29,41.29,201.0,CM
2023-06-01 14:30:00,41.285,41.29,41.285,41.29,506.0,CM
2023-06-01 14:29:00,41.28,41.29,41.28,41.29,369.0,CM
2023-06-01 14:28:00,41.29,41.29,41.28,41.28,841.0,CM
2023-06-01 14:27:00,41.28,41.285,41.28,41.285,584.0,CM
2023-06-01 14:26:00,41.26,41.26,41.26,41.26,342.0,CM
2023-06-01 14:25:00,41.26,41.27,41.26,41.26,1267.0,CM
2023-06-01 14:24:00,41.26,41.265,41.2589,41.265,1132.0,CM
2023-06-01 14:23:00,41.262,41.269,41.262,41.265,650.0,CM
2023-06-01 14:22:00,41.27,41.27,41.27,41.27,937.0,CM
2023-06-01 14:21:00,41.27,41.27,41.26,41.26,853.0,CM
2023-06-01 14:20:00,41.26,41.28,41.255,41.28,3672.0,CM
2023-06-01 14:19:00,41.2525,41.2525,41.25,41.25,838.0,CM
2023-06-01 14:18:00,41.265,41.265,41.25,41.25,2220.0,CM
2023-06-01 14:17:00,41.25,41.27,41.25,41.27,873.0,CM
2023-06-01 14:16:00,41.26,41.265,41.25,41.25,2984.0,CM
2023-06-01 14:15:00,41.25,41.255,41.25,41.255,513.0,CM
2023-06-01 14:14:00,41.25,41.25,41.24,41.25,692.0,CM
2023-06-01 14:13:00,41.27,41.27,41.25,41.255,4201.0,CM
2023-06-01 14:12:00,41.29,41.295,41.28,41.28,4505.0,CM
2023-06-01 14:11:00,41.29,41.295,41.29,41.295,305.0,CM
2023-06-01 14:10:00,41.31,41.31,41.29,41.29,3222.0,CM
2023-06-01 14:09:00,41.3,41.31,41.3,41.31,1649.0,CM
2023-06-01 14:08:00,41.3,41.3,41.29,41.29,1322.0,CM
2023-06-01 14:07:00,41.33,41.33,41.3,41.3,2692.0,CM
2023-06-01 14:06:00,41.32,41.345,41.32,41.34,1790.0,CM
2023-06-01 14:05:00,41.285,41.3,41.28,41.3,2181.0,CM
2023-06-01 14:04:00,41.28,41.29,41.27,41.29,2850.0,CM
2023-06-01 14:03:00,41.275,41.28,41.26,41.27,8937.0,CM
2023-06-01 14:02:00,41.3,41.3,41.26,41.26,7498.0,CM
2023-06-01 14:01:00,41.31,41.315,41.3,41.3,2135.0,CM
2023-06-01 14:00:00,41.34,41.34,41.31,41.31,2648.0,CM
2023-06-01 13:59:00,41.37,41.37,41.34,41.34,2341.0,CM
2023-06-01 13:58:00,41.365,41.37,41.365,41.37,534.0,CM
2023-06-01 13:57:00,41.35,41.36,41.35,41.36,1060.0,CM
2023-06-01 13:56:00,41.38,41.38,41.36,41.36,1553.0,CM
2023-06-01 13:55:00,41.38,41.39,41.38,41.39,3064.0,CM
2023-06-01 13:54:00,41.38,41.38,41.38,41.38,198.0,CM
2023-06-01 13:53:00,41.39,41.39,41.38,41.38,882.0,CM
2023-06-01 13:52:00,41.415,41.415,41.39,41.39,2036.0,CM
2023-06-01 13:51:00,41.42,41.42,41.41,41.41,674.0,CM
2023-06-01 13:50:00,41.435,41.435,41.425,41.425,759.0,CM
2023-06-01 13:48:00,41.435,41.435,41.43,41.43,561.0,CM
2023-06-01 13:47:00,41.44,41.445,41.435,41.435,314.0,CM
2023-06-01 13:46:00,41.45,41.45,41.44,41.44,774.0,CM
2023-06-01 13:45:00,41.43,41.46,41.43,41.45,1917.0,CM
2023-06-01 13:43:00,41.41,41.41,41.41,41.41,578.0,CM
2023-06-01 13:42:00,41.3817,41.3817,41.3817,41.3817,280.0,CM
2023-06-01 13:41:00,41.38,41.38,41.37,41.37,739.0,CM
2023-06-01 13:40:00,41.39,41.39,41.38,41.38,980.0,CM
2023-06-01 13:39:00,41.3799,41.38,41.3799,41.38,1550.0,CM
2023-06-01 13:38:00,41.36,41.38,41.35,41.38,2948.0,CM
2023-06-01 13:37:00,41.35,41.36,41.345,41.36,4701.0,CM
2023-06-01 13:36:00,41.35,41.36,41.35,41.36,1142.0,CM
2023-06-01 13:35:00,41.35,41.35,41.35,41.35,224.0,CM
2023-06-01 13:34:00,41.36,41.36,41.36,41.36,659.0,CM
2023-06-01 13:33:00,41.37,41.37,41.365,41.365,965.0,CM
2023-06-01 13:31:00,41.36,41.36,41.36,41.36,402.0,CM
2023-06-01 13:30:00,41.37,41.37,41.36,41.36,738.0,CM
2023-06-01 13:29:00,41.365,41.365,41.365,41.365,396.0,CM
2023-06-01 13:27:00,41.34,41.36,41.34,41.36,3961.0,CM
2023-06-01 13:25:00,41.32,41.33,41.32,41.32,1269.0,CM
2023-06-01 13:24:00,41.34,41.34,41.31,41.31,3480.0,CM
2023-06-01 13:23:00,41.35,41.35,41.34,41.34,526.0,CM
2023-06-01 13:22:00,41.345,41.36,41.345,41.355,2254.0,CM
2023-06-01 13:21:00,41.35,41.35,41.335,41.335,932.0,CM
2023-06-01 13:20:00,41.35,41.36,41.35,41.36,520.0,CM
2023-06-01 13:19:00,41.36,41.36,41.36,41.36,1598.0,CM
2023-06-01 13:18:00,41.355,41.355,41.355,41.355,309.0,CM
2023-06-01 13:17:00,41.34,41.35,41.34,41.35,291.0,CM
2023-06-01 13:16:00,41.35,41.35,41.35,41.35,953.0,CM
2023-06-01 13:15:00,41.34,41.34,41.335,41.335,635.0,CM
2023-06-01 13:14:00,41.35,41.35,41.34,41.34,1198.0,CM
2023-06-01 13:13:00,41.35,41.35,41.345,41.35,532.0,CM
2023-06-01 13:12:00,41.3455,41.35,41.34,41.3485,5294.0,CM
2023-06-01 13:11:00,41.345,41.345,41.345,41.345,314.0,CM
2023-06-01 13:10:00,41.32,41.33,41.32,41.33,1389.0,CM
2023-06-01 13:09:00,41.35,41.35,41.33,41.33,1574.0,CM
2023-06-01 13:08:00,41.345,41.35,41.345,41.35,3733.0,CM
2023-06-01 13:07:00,41.34,41.34,41.34,41.34,242.0,CM
2023-06-01 13:06:00,41.32,41.33,41.32,41.3297,541.0,CM
2023-06-01 13:05:00,41.32,41.32,41.32,41.32,277.0,CM
2023-06-01 13:04:00,41.325,41.325,41.3172,41.3172,412.0,CM
2023-06-01 13:03:00,41.32,41.32,41.32,41.32,2267.0,CM
2023-06-01 13:02:00,41.35,41.35,41.31,41.32,1903.0,CM
2023-06-01 13:01:00,41.405,41.405,41.35,41.36,4600.0,CM
2023-06-01 13:00:00,41.42,41.42,41.41,41.41,631.0,CM
2023-06-01 12:59:00,41.405,41.41,41.4,41.41,345.0,CM
2023-06-01 12:58:00,41.4,41.405,41.39,41.405,1969.0,CM
2023-06-01 12:57:00,41.38,41.405,41.38,41.405,551.0,CM
2023-06-01 12:55:00,41.37,41.37,41.37,41.37,298.0,CM
2023-06-01 12:54:00,41.345,41.36,41.345,41.35,2565.0,CM
2023-06-01 12:53:00,41.3288,41.34,41.3288,41.34,695.0,CM
2023-06-01 12:52:00,41.33,41.33,41.33,41.33,676.0,CM
2023-06-01 12:51:00,41.32,41.32,41.31,41.31,1020.0,CM
2023-06-01 12:50:00,41.32,41.32,41.31,41.315,4986.0,CM
2023-06-01 12:49:00,41.29,41.31,41.29,41.31,2716.0,CM
2023-06-01 12:48:00,41.29,41.29,41.28,41.285,824.0,CM
2023-06-01 12:47:00,41.31,41.31,41.305,41.305,2599.0,CM
2023-06-01 12:46:00,41.32,41.32,41.3,41.3,5962.0,CM
2023-06-01 12:45:00,41.33,41.34,41.32,41.32,5708.0,CM
2023-06-01 12:44:00,41.32,41.33,41.32,41.33,2964.0,CM
2023-06-01 12:43:00,41.33,41.33,41.33,41.33,4705.0,CM
2023-06-01 12:42:00,41.34,41.34,41.335,41.335,1112.0,CM
2023-06-01 12:41:00,41.365,41.365,41.35,41.3625,7456.0,CM
2023-06-01 12:40:00,41.38,41.38,41.37,41.37,1572.0,CM
2023-06-01 12:39:00,41.37,41.38,41.37,41.38,4060.0,CM
2023-06-01 12:38:00,41.39,41.395,41.37,41.379,3030.0,CM
2023-06-01 12:37:00,41.405,41.405,41.4,41.4,2119.0,CM
2023-06-01 12:36:00,41.39,41.4,41.39,41.4,3209.0,CM
2023-06-01 12:35:00,41.4,41.4,41.39,41.4,4364.0,CM
2023-06-01 12:34:00,41.41,41.41,41.39,41.4,1643.0,CM
2023-06-01 12:33:00,41.42,41.42,41.42,41.42,1105.0,CM
2023-06-01 12:32:00,41.41,41.43,41.41,41.43,3605.0,CM
2023-06-01 12:31:00,41.43,41.43,41.41,41.41,597.0,CM
2023-06-01 12:30:00,41.45,41.46,41.43,41.43,3757.0,CM
2023-06-01 12:29:00,41.45,41.45,41.44,41.44,596.0,CM
2023-06-01 12:28:00,41.46,41.47,41.45,41.455,1653.0,CM
2023-06-01 12:27:00,41.43,41.45,41.43,41.45,1579.0,CM
2023-06-01 12:26:00,41.44,41.44,41.44,41.44,427.0,CM
2023-06-01 12:25:00,41.44,41.445,41.44,41.44,1933.0,CM
2023-06-01 12:24:00,41.45,41.45,41.44,41.44,691.0,CM
2023-06-01 12:23:00,41.46,41.46,41.44,41.44,3560.0,CM
2023-06-01 12:22:00,41.5001,41.51,41.46,41.46,5745.0,CM
2023-06-01 12:21:00,41.52,41.52,41.52,41.52,704.0,CM
2023-06-01 12:20:00,41.5,41.515,41.5,41.515,1844.0,CM
2023-06-01 12:19:00,41.47,41.4979,41.47,41.4979,416.0,CM
2023-06-01 12:18:00,41.47,41.47,41.465,41.465,786.0,CM
2023-06-01 12:17:00,41.435,41.46,41.435,41.46,2765.0,CM
2023-06-01 12:16:00,41.45,41.45,41.42,41.43,2513.0,CM
2023-06-01 12:15:00,41.46,41.46,41.455,41.455,845.0,CM
2023-06-01 12:14:00,41.45,41.47,41.45,41.47,2059.0,CM
2023-06-01 12:13:00,41.45,41.46,41.45,41.46,2579.0,CM
2023-06-01 12:12:00,41.5,41.5,41.45,41.45,3824.0,CM
2023-06-01 12:11:00,41.505,41.505,41.5,41.5,853.0,CM
2023-06-01 12:10:00,41.46,41.49,41.46,41.4865,3599.0,CM
2023-06-01 12:09:00,41.47,41.47,41.47,41.47,977.0,CM
2023-06-01 12:08:00,41.4601,41.4695,41.46,41.4695,2522.0,CM
2023-06-01 12:07:00,41.45,41.45,41.45,41.45,142.0,CM
2023-06-01 12:06:00,41.46,41.46,41.44,41.45,2091.0,CM
2023-06-01 12:05:00,41.49,41.49,41.44,41.44,1275.0,CM
2023-06-01 12:04:00,41.5,41.5,41.48,41.49,1784.0,CM
2023-06-01 12:03:00,41.54,41.54,41.49,41.5,8317.0,CM
2023-06-01 12:02:00,41.54,41.58,41.54,41.56,5342.0,CM
2023-06-01 12:01:00,41.54,41.55,41.54,41.55,891.0,CM
2023-06-01 12:00:00,41.53,41.53,41.52,41.52,638.0,CM
2023-06-01 11:58:00,41.54,41.54,41.53,41.53,602.0,CM
2023-06-01 11:57:00,41.53,41.56,41.53,41.55,3353.0,CM
2023-06-01 11:56:00,41.53,41.53,41.52,41.53,4138.0,CM
2023-06-01 11:55:00,41.56,41.56,41.52,41.52,3904.0,CM
2023-06-01 11:54:00,41.58,41.58,41.57,41.57,745.0,CM
2023-06-01 11:53:00,41.58,41.58,41.58,41.58,220.0,CM
2023-06-01 11:52:00,41.59,41.59,41.58,41.58,1729.0,CM
2023-06-01 11:51:00,41.59,41.59,41.57,41.58,3384.0,CM
2023-06-01 11:50:00,41.605,41.605,41.57,41.57,2924.0,CM
2023-06-01 11:49:00,41.6,41.605,41.595,41.605,488.0,CM
2023-06-01 11:48:00,41.6,41.605,41.6,41.605,893.0,CM
2023-06-01 11:47:00,41.59,41.59,41.59,41.59,1029.0,CM
2023-06-01 11:46:00,41.59,41.59,41.58,41.59,1642.0,CM
2023-06-01 11:45:00,41.6,41.6,41.5899,41.5899,1721.0,CM
2023-06-01 11:44:00,41.635,41.635,41.62,41.62,1436.0,CM
2023-06-01 11:43:00,41.63,41.64,41.63,41.63,1906.0,CM
2023-06-01 11:42:00,41.63,41.63,41.63,41.63,219.0,CM
2023-06-01 11:41:00,41.65,41.65,41.63,41.63,2101.0,CM
2023-06-01 11:40:00,41.63,41.655,41.63,41.655,1729.0,CM
2023-06-01 11:39:00,41.66,41.66,41.63,41.64,3115.0,CM
2023-06-01 11:38:00,41.66,41.685,41.66,41.67,1132.0,CM
2023-06-01 11:37:00,41.65,41.65,41.64,41.65,1292.0,CM
2023-06-01 11:36:00,41.64,41.64,41.64,41.64,1854.0,CM
2023-06-01 11:35:00,41.63,41.64,41.63,41.64,1708.0,CM
2023-06-01 11:34:00,41.6,41.61,41.6,41.61,1131.0,CM
2023-06-01 11:33:00,41.61,41.61,41.61,41.61,619.0,CM
2023-06-01 11:32:00,41.585,41.595,41.58,41.59,821.0,CM
2023-06-01 11:31:00,41.56,41.58,41.56,41.58,375.0,CM
2023-06-01 11:30:00,41.56,41.56,41.56,41.56,409.0,CM
2023-06-01 11:29:00,41.56,41.56,41.555,41.555,345.0,CM
2023-06-01 11:28:00,41.495,41.54,41.49,41.54,2172.0,CM
2023-06-01 11:27:00,41.53,41.53,41.5,41.51,3998.0,CM
2023-06-01 11:26:00,41.56,41.56,41.56,41.56,268.0,CM
2023-06-01 11:25:00,41.51,41.55,41.51,41.55,1010.0,CM
2023-06-01 11:24:00,41.51,41.51,41.5,41.5025,2673.0,CM
2023-06-01 11:23:00,41.505,41.53,41.5,41.52,2232.0,CM
2023-06-01 11:22:00,41.52,41.52,41.5,41.5,1533.0,CM
2023-06-01 11:21:00,41.53,41.53,41.52,41.52,2300.0,CM
2023-06-01 11:20:00,41.51,41.52,41.5,41.51,2561.0,CM
2023-06-01 11:19:00,41.52,41.53,41.5,41.5,5905.0,CM
2023-06-01 11:18:00,41.54,41.545,41.53,41.53,8184.0,CM
2023-06-01 11:17:00,41.52,41.53,41.52,41.53,952.0,CM
2023-06-01 11:16:00,41.49,41.51,41.49,41.5,8081.0,CM
2023-06-01 11:15:00,41.44,41.48,41.44,41.48,3956.0,CM
2023-06-01 11:14:00,41.43,41.45,41.42,41.44,2418.0,CM
2023-06-01 11:13:00,41.45,41.45,41.44,41.44,1131.0,CM
2023-06-01 11:12:00,41.41,41.45,41.41,41.45,763.0,CM
2023-06-01 11:11:00,41.43,41.43,41.42,41.42,809.0,CM
2023-06-01 11:10:00,41.42,41.43,41.42,41.43,614.0,CM
2023-06-01 11:09:00,41.39,41.42,41.39,41.41,3036.0,CM
2023-06-01 11:08:00,41.38,41.38,41.38,41.38,210.0,CM
2023-06-01 11:07:00,41.32,41.35,41.32,41.35,2975.0,CM
2023-06-01 11:06:00,41.32,41.35,41.32,41.34,2143.0,CM
2023-06-01 11:05:00,41.28,41.32,41.28,41.32,1365.0,CM
2023-06-01 11:04:00,41.27,41.27,41.27,41.27,312.0,CM
2023-06-01 11:03:00,41.295,41.295,41.2765,41.2765,1444.0,CM
2023-06-01 11:02:00,41.28,41.28,41.27,41.27,1598.0,CM
2023-06-01 11:01:00,41.295,41.3,41.285,41.285,1275.0,CM
2023-06-01 11:00:00,41.295,41.3,41.29,41.3,2568.0,CM
2023-06-01 10:59:00,41.29,41.3,41.29,41.3,1052.0,CM
2023-06-01 10:58:00,41.29,41.3,41.29,41.29,1464.0,CM
2023-06-01 10:57:00,41.29,41.29,41.29,41.29,414.0,CM
2023-06-01 10:56:00,41.29,41.29,41.29,41.29,148.0,CM
2023-06-01 10:55:00,41.28,41.29,41.28,41.29,752.0,CM
2023-06-01 10:54:00,41.26,41.27,41.26,41.27,714.0,CM
2023-06-01 10:53:00,41.285,41.3,41.27,41.27,946.0,CM
2023-06-01 10:52:00,41.27,41.28,41.27,41.28,547.0,CM
2023-06-01 10:51:00,41.275,41.28,41.275,41.28,432.0,CM
2023-06-01 10:50:00,41.22,41.27,41.22,41.27,1240.0,CM
2023-06-01 10:49:00,41.21,41.21,41.21,41.21,1680.0,CM
2023-06-01 10:48:00,41.25,41.255,41.21,41.21,7249.0,CM
2023-06-01 10:47:00,41.27,41.27,41.27,41.27,651.0,CM
2023-06-01 10:46:00,41.29,41.29,41.27,41.27,423.0,CM
2023-06-01 10:45:00,41.25,41.255,41.235,41.255,583.0,CM
2023-06-01 10:44:00,41.26,41.2689,41.2333,41.2333,1275.0,CM
2023-06-01 10:43:00,41.23,41.23,41.23,41.23,636.0,CM
2023-06-01 10:42:00,41.24,41.24,41.22,41.235,2737.0,CM
2023-06-01 10:41:00,41.25,41.27,41.23,41.23,1814.0,CM
2023-06-01 10:40:00,41.16,41.22,41.16,41.21,1993.0,CM
2023-06-01 10:39:00,41.14,41.16,41.14,41.15,1473.0,CM
2023-06-01 10:38:00,41.12,41.13,41.12,41.13,1133.0,CM
2023-06-01 10:37:00,41.13,41.15,41.13,41.13,1453.0,CM
2023-06-01 10:36:00,41.17,41.17,41.15,41.15,8747.0,CM
2023-06-01 10:35:00,41.15,41.18,41.14,41.18,2118.0,CM
2023-06-01 10:34:00,41.1173,41.12,41.1173,41.12,310.0,CM
2023-06-01 10:33:00,41.08,41.12,41.08,41.105,1269.0,CM
2023-06-01 10:32:00,41.075,41.11,41.075,41.08,2986.0,CM
2023-06-01 10:31:00,41.09,41.095,41.07,41.09,14485.0,CM
2023-06-01 10:30:00,41.04,41.1,41.04,41.1,2566.0,CM
2023-06-01 10:29:00,41.03,41.06,41.03,41.05,1105.0,CM
2023-06-01 10:28:00,40.975,41.04,40.96,41.04,4313.0,CM
2023-06-01 10:27:00,40.97,40.98,40.95,40.98,2478.0,CM
2023-06-01 10:26:00,40.98,40.98,40.98,40.98,779.0,CM
2023-06-01 10:25:00,41.025,41.04,40.99,40.99,1810.0,CM
2023-06-01 10:24:00,41.065,41.065,41.04,41.05,1699.0,CM
2023-06-01 10:23:00,41.07,41.07,41.07,41.07,115.0,CM
2023-06-01 10:22:00,41.02,41.04,41.02,41.04,1365.0,CM
2023-06-01 10:21:00,41.06,41.06,41.02,41.0299,2721.0,CM
2023-06-01 10:20:00,41.04,41.06,41.04,41.06,5741.0,CM
2023-06-01 10:19:00,41.0,41.04,41.0,41.04,790.0,CM
2023-06-01 10:18:00,41.0,41.0,40.98,40.99,3160.0,CM
2023-06-01 10:17:00,41.02,41.02,40.98,41.0,5401.0,CM
2023-06-01 10:16:00,41.01,41.03,41.01,41.0187,966.0,CM
2023-06-01 10:15:00,41.0,41.0,41.0,41.0,931.0,CM
2023-06-01 10:14:00,41.04,41.04,41.02,41.02,6006.0,CM
2023-06-01 10:13:00,41.07,41.07,41.04,41.04,1487.0,CM
2023-06-01 10:12:00,41.025,41.09,41.025,41.09,1019.0,CM
2023-06-01 10:11:00,41.03,41.03,41.03,41.03,384.0,CM
2023-06-01 10:10:00,41.08,41.08,41.06,41.07,1685.0,CM
2023-06-01 10:09:00,41.1,41.1,41.08,41.08,859.0,CM
2023-06-01 10:08:00,41.12,41.14,41.1,41.1,2262.0,CM
2023-06-01 10:07:00,41.02,41.11,41.02,41.11,5598.0,CM
2023-06-01 10:06:00,41.0,41.01,40.98,41.01,12328.0,CM
2023-06-01 10:05:00,40.98,40.98,40.97,40.9701,1416.0,CM
2023-06-01 10:04:00,40.96,41.0,40.96,41.0,1946.0,CM
2023-06-01 10:03:00,40.95,40.96,40.93,40.93,3009.0,CM
2023-06-01 10:02:00,40.92,40.96,40.92,40.96,7953.0,CM
2023-06-01 10:01:00,40.95,40.95,40.92,40.92,847.0,CM
2023-06-01 10:00:00,40.94,40.97,40.92,40.92,4896.0,CM
2023-06-01 09:59:00,40.87,40.9071,40.87,40.9071,720.0,CM
2023-06-01 09:58:00,40.88,40.88,40.87,40.87,210.0,CM
2023-06-01 09:57:00,40.91,40.91,40.875,40.89,5300.0,CM
2023-06-01 09:56:00,40.88,40.91,40.88,40.91,3675.0,CM
2023-06-01 09:55:00,40.89,40.91,40.88,40.88,4054.0,CM
2023-06-01 09:54:00,40.875,40.89,40.87,40.88,1748.0,CM
2023-06-01 09:53:00,40.85,40.87,40.85,40.87,1634.0,CM
2023-06-01 09:52:00,40.88,40.88,40.85,40.86,1929.0,CM
2023-06-01 09:51:00,40.86,40.885,40.85,40.85,2877.0,CM
2023-06-01 09:50:00,40.81,40.885,40.81,40.885,2363.0,CM
2023-06-01 09:49:00,40.79,40.82,40.79,40.8,9312.0,CM
2023-06-01 09:48:00,40.83,40.83,40.77,40.79,4027.0,CM
2023-06-01 09:47:00,40.87,40.89,40.84,40.84,11322.0,CM
2023-06-01 09:46:00,40.91,40.91,40.87,40.875,9591.0,CM
2023-06-01 09:45:00,40.91,40.92,40.87,40.91,11362.0,CM
2023-06-01 09:44:00,40.91,40.91,40.85,40.9,1159.0,CM
2023-06-01 09:43:00,40.99,40.99,40.92,40.93,3977.0,CM
2023-06-01 09:42:00,41.01,41.03,40.94,40.95,10780.0,CM
2023-06-01 09:41:00,41.02,41.04,40.99,40.99,1695.0,CM
2023-06-01 09:40:00,41.02,41.03,40.97,40.98,6490.0,CM
2023-06-01 09:39:00,41.06,41.06,40.99,41.01,7957.0,CM
2023-06-01 09:38:00,41.11,41.12,41.03,41.05,6883.0,CM
2023-06-01 09:37:00,41.05,41.14,41.02,41.11,6533.0,CM
2023-06-01 09:36:00,40.96,41.05,40.9,41.05,7116.0,CM
2023-06-01 09:35:00,40.88,40.9885,40.85,40.9885,2898.0,CM
2023-06-01 09:34:00,40.86,40.91,40.82,40.9,4555.0,CM
2023-06-01 09:33:00,40.92,40.94,40.85,40.85,8028.0,CM
2023-06-01 09:32:00,41.0,41.0,40.91,40.91,2820.0,CM
2023-06-01 09:31:00,41.21,41.21,41.15,41.15,4238.0,CM
2023-06-01 09:30:00,41.23,41.36,41.23,41.24,7800.0,CM
2023-05-31 16:00:00,41.21,41.21,41.21,41.21,9463.0,CM
2023-05-31 15:59:00,41.2,41.22,41.18,41.22,30098.0,CM
2023-05-31 15:58:00,41.145,41.2,41.145,41.2,16334.0,CM
2023-05-31 15:57:00,41.19,41.19,41.14,41.1487,30153.0,CM
2023-05-31 15:56:00,41.19,41.205,41.16,41.2,38543.0,CM
2023-05-31 15:55:00,41.22,41.23,41.19,41.195,30367.0,CM
2023-05-31 15:54:00,41.225,41.23,41.21,41.23,11921.0,CM
2023-05-31 15:53:00,41.245,41.26,41.21,41.22,16245.0,CM
2023-05-31 15:52:00,41.25,41.27,41.24,41.245,10878.0,CM
2023-05-31 15:51:00,41.29,41.31,41.24,41.245,16457.0,CM
2023-05-31 15:50:00,41.45,41.46,41.28,41.29,99856.0,CM
2023-05-31 15:49:00,41.46,41.47,41.46,41.465,1265.0,CM
2023-05-31 15:48:00,41.46,41.465,41.46,41.465,1833.0,CM
2023-05-31 15:47:00,41.465,41.47,41.45,41.45,3804.0,CM
2023-05-31 15:46:00,41.48,41.485,41.465,41.465,4028.0,CM
2023-05-31 15:45:00,41.47,41.48,41.47,41.475,10315.0,CM
2023-05-31 15:44:00,41.47,41.485,41.455,41.47,8284.0,CM
2023-05-31 15:43:00,41.45,41.47,41.45,41.47,1480.0,CM
2023-05-31 15:42:00,41.46,41.46,41.45,41.45,1112.0,CM
2023-05-31 15:41:00,41.46,41.47,41.46,41.47,2852.0,CM
2023-05-31 15:40:00,41.45,41.46,41.45,41.46,1401.0,CM
2023-05-31 15:39:00,41.46,41.46,41.44,41.44,2207.0,CM
2023-05-31 15:38:00,41.46,41.465,41.46,41.46,1611.0,CM
2023-05-31 15:37:00,41.47,41.47,41.465,41.465,775.0,CM
2023-05-31 15:36:00,41.48,41.485,41.47,41.485,10656.0,CM
2023-05-31 15:35:00,41.485,41.485,41.48,41.485,4469.0,CM
2023-05-31 15:34:00,41.49,41.495,41.49,41.495,1545.0,CM
2023-05-31 15:33:00,41.49,41.5,41.49,41.5,1488.0,CM
2023-05-31 15:31:00,41.52,41.52,41.505,41.505,454.0,CM
2023-05-31 15:30:00,41.515,41.515,41.515,41.515,619.0,CM
2023-05-31 15:29:00,41.54,41.545,41.53,41.53,1119.0,CM
2023-05-31 15:28:00,41.53,41.53,41.53,41.53,1043.0,CM
2023-05-31 15:26:00,41.52,41.52,41.51,41.52,1731.0,CM
2023-05-31 15:25:00,41.52,41.52,41.52,41.52,221.0,CM
2023-05-31 15:24:00,41.53,41.54,41.53,41.54,437.0,CM
2023-05-31 15:23:00,41.57,41.57,41.56,41.56,1034.0,CM
2023-05-31 15:22:00,41.56,41.565,41.56,41.56,741.0,CM
2023-05-31 15:21:00,41.565,41.575,41.565,41.575,389.0,CM
2023-05-31 15:20:00,41.542,41.56,41.542,41.56,1252.0,CM
2023-05-31 15:19:00,41.56,41.565,41.555,41.555,9114.0,CM
2023-05-31 15:17:00,41.58,41.58,41.58,41.58,2292.0,CM
2023-05-31 15:16:00,41.575,41.58,41.57,41.58,1079.0,CM
2023-05-31 15:13:00,41.56,41.58,41.56,41.58,921.0,CM
2023-05-31 15:12:00,41.51,41.55,41.51,41.55,2959.0,CM
2023-05-31 15:11:00,41.505,41.505,41.505,41.505,136.0,CM
2023-05-31 15:10:00,41.54,41.54,41.5,41.5,936.0,CM
2023-05-31 15:08:00,41.54,41.54,41.54,41.54,427.0,CM
2023-05-31 15:07:00,41.53,41.545,41.53,41.545,494.0,CM
2023-05-31 15:06:00,41.51,41.54,41.5,41.54,4798.0,CM
2023-05-31 15:05:00,41.5,41.5,41.485,41.5,1312.0,CM
2023-05-31 15:04:00,41.505,41.505,41.49,41.49,321.0,CM
2023-05-31 15:03:00,41.505,41.505,41.505,41.505,258.0,CM
2023-05-31 15:02:00,41.51,41.51,41.51,41.51,521.0,CM
2023-05-31 15:01:00,41.51,41.51,41.5,41.51,721.0,CM
2023-05-31 15:00:00,41.52,41.525,41.515,41.515,544.0,CM
2023-05-31 14:59:00,41.54,41.54,41.54,41.54,154.0,CM
2023-05-31 14:57:00,41.51,41.53,41.51,41.53,792.0,CM
2023-05-31 14:56:00,41.505,41.505,41.505,41.505,215.0,CM
2023-05-31 14:55:00,41.5,41.51,41.49,41.49,879.0,CM
2023-05-31 14:54:00,41.485,41.485,41.485,41.485,102.0,CM
2023-05-31 14:53:00,41.48,41.5,41.48,41.5,933.0,CM
2023-05-31 14:52:00,41.5,41.5,41.49,41.49,1999.0,CM
2023-05-31 14:51:00,41.49,41.49,41.49,41.49,857.0,CM
2023-05-31 14:50:00,41.54,41.54,41.49,41.49,5141.0,CM
2023-05-31 14:49:00,41.52,41.52,41.52,41.52,479.0,CM
2023-05-31 14:48:00,41.51,41.52,41.51,41.52,1811.0,CM
2023-05-31 14:47:00,41.52,41.52,41.52,41.52,620.0,CM
2023-05-31 14:46:00,41.52,41.52,41.52,41.52,318.0,CM
2023-05-31 14:45:00,41.54,41.54,41.525,41.525,695.0,CM
2023-05-31 14:44:00,41.54,41.54,41.54,41.54,286.0,CM
2023-05-31 14:43:00,41.54,41.55,41.54,41.55,1967.0,CM
2023-05-31 14:42:00,41.52,41.53,41.52,41.53,1345.0,CM
2023-05-31 14:41:00,41.53,41.53,41.5199,41.5199,847.0,CM
2023-05-31 14:40:00,41.545,41.55,41.545,41.55,539.0,CM
2023-05-31 14:39:00,41.53,41.56,41.53,41.56,796.0,CM
2023-05-31 14:38:00,41.525,41.525,41.52,41.52,498.0,CM
2023-05-31 14:37:00,41.53,41.53,41.52,41.52,776.0,CM
2023-05-31 14:36:00,41.53,41.53,41.53,41.53,327.0,CM
2023-05-31 14:35:00,41.5,41.53,41.5,41.53,1220.0,CM
2023-05-31 14:34:00,41.51,41.51,41.51,41.51,543.0,CM
2023-05-31 14:33:00,41.52,41.52,41.505,41.505,1003.0,CM
2023-05-31 14:32:00,41.515,41.52,41.5102,41.52,631.0,CM
2023-05-31 14:31:00,41.51,41.515,41.51,41.515,505.0,CM
2023-05-31 14:30:00,41.495,41.51,41.495,41.51,892.0,CM
2023-05-31 14:29:00,41.5,41.515,41.5,41.51,536.0,CM
2023-05-31 14:28:00,41.515,41.515,41.505,41.505,424.0,CM
2023-05-31 14:27:00,41.52,41.52,41.52,41.52,391.0,CM
2023-05-31 14:26:00,41.51,41.515,41.51,41.51,813.0,CM
2023-05-31 14:25:00,41.495,41.495,41.4916,41.4916,410.0,CM
2023-05-31 14:24:00,41.52,41.52,41.52,41.52,583.0,CM
2023-05-31 14:23:00,41.52,41.52,41.52,41.52,140.0,CM
2023-05-31 14:22:00,41.51,41.51,41.51,41.51,209.0,CM
2023-05-31 14:21:00,41.5,41.51,41.5,41.51,451.0,CM
2023-05-31 14:20:00,41.52,41.52,41.51,41.51,897.0,CM
2023-05-31 14:19:00,41.52,41.52,41.5101,41.515,1106.0,CM
2023-05-31 14:18:00,41.5,41.51,41.495,41.51,1422.0,CM
2023-05-31 14:17:00,41.51,41.51,41.51,41.51,1042.0,CM
2023-05-31 14:16:00,41.52,41.52,41.5,41.5067,4138.0,CM
2023-05-31 14:15:00,41.53,41.54,41.53,41.53,1256.0,CM
2023-05-31 14:14:00,41.52,41.52,41.52,41.52,444.0,CM
2023-05-31 14:13:00,41.505,41.52,41.505,41.51,1335.0,CM
2023-05-31 14:12:00,41.505,41.505,41.505,41.505,232.0,CM
2023-05-31 14:11:00,41.54,41.54,41.525,41.525,1478.0,CM
2023-05-31 14:10:00,41.54,41.55,41.535,41.55,1144.0,CM
2023-05-31 14:09:00,41.51,41.54,41.51,41.53,846.0,CM
2023-05-31 14:08:00,41.51,41.51,41.5,41.51,455.0,CM
2023-05-31 14:07:00,41.52,41.52,41.52,41.52,107.0,CM
2023-05-31 14:06:00,41.52,41.52,41.51,41.51,901.0,CM
2023-05-31 14:05:00,41.52,41.52,41.52,41.52,1407.0,CM
2023-05-31 14:04:00,41.5,41.5,41.5,41.5,417.0,CM
2023-05-31 14:03:00,41.495,41.495,41.495,41.495,293.0,CM
2023-05-31 14:02:00,41.505,41.53,41.505,41.53,1170.0,CM
2023-05-31 14:01:00,41.53,41.53,41.53,41.53,425.0,CM
2023-05-31 13:59:00,41.51,41.51,41.51,41.51,300.0,CM
2023-05-31 13:58:00,41.48,41.49,41.48,41.49,504.0,CM
2023-05-31 13:57:00,41.5,41.5,41.47,41.47,1685.0,CM
2023-05-31 13:56:00,41.49,41.49,41.49,41.49,246.0,CM
2023-05-31 13:55:00,41.49,41.49,41.49,41.49,123.0,CM
2023-05-31 13:54:00,41.5,41.5,41.5,41.5,189.0,CM
2023-05-31 13:51:00,41.5,41.51,41.49,41.51,885.0,CM
2023-05-31 13:50:00,41.49,41.49,41.49,41.49,100.0,CM
2023-05-31 13:49:00,41.52,41.52,41.5,41.5,2283.0,CM
2023-05-31 13:48:00,41.55,41.55,41.52,41.52,505.0,CM
2023-05-31 13:47:00,41.54,41.54,41.54,41.54,440.0,CM
2023-05-31 13:46:00,41.54,41.54,41.53,41.53,561.0,CM
2023-05-31 13:45:00,41.575,41.58,41.55,41.55,2450.0,CM
2023-05-31 13:44:00,41.58,41.58,41.58,41.58,669.0,CM
2023-05-31 13:43:00,41.6,41.6,41.6,41.6,464.0,CM
2023-05-31 13:42:00,41.58,41.59,41.58,41.59,616.0,CM
2023-05-31 13:40:00,41.54,41.575,41.54,41.565,1544.0,CM
2023-05-31 13:39:00,41.5067,41.5067,41.5067,41.5067,291.0,CM
2023-05-31 13:38:00,41.48,41.495,41.48,41.49,1147.0,CM
2023-05-31 13:37:00,41.48,41.48,41.48,41.48,892.0,CM
2023-05-31 13:36:00,41.51,41.51,41.49,41.49,5617.0,CM
2023-05-31 13:35:00,41.52,41.52,41.5,41.5,2142.0,CM
2023-05-31 13:34:00,41.535,41.535,41.5102,41.5102,624.0,CM
2023-05-31 13:33:00,41.53,41.535,41.53,41.535,356.0,CM
2023-05-31 13:32:00,41.545,41.545,41.54,41.54,647.0,CM
2023-05-31 13:31:00,41.5403,41.5403,41.5403,41.5403,343.0,CM
2023-05-31 13:30:00,41.54,41.54,41.52,41.53,1375.0,CM
2023-05-31 13:29:00,41.5,41.52,41.4922,41.52,378.0,CM
2023-05-31 13:28:00,41.5,41.5,41.5,41.5,552.0,CM
2023-05-31 13:27:00,41.47,41.4843,41.47,41.4843,901.0,CM
2023-05-31 13:26:00,41.47,41.47,41.47,41.47,2425.0,CM
2023-05-31 13:25:00,41.445,41.46,41.44,41.46,1609.0,CM
2023-05-31 13:24:00,41.43,41.445,41.43,41.445,541.0,CM
2023-05-31 13:23:00,41.42,41.43,41.42,41.43,479.0,CM
2023-05-31 13:22:00,41.41,41.4245,41.41,41.4245,252.0,CM
2023-05-31 13:21:00,41.39,41.4,41.39,41.4,940.0,CM
2023-05-31 13:20:00,41.415,41.415,41.39,41.39,2844.0,CM
2023-05-31 13:19:00,41.4121,41.415,41.4121,41.415,409.0,CM
2023-05-31 13:18:00,41.42,41.42,41.41,41.41,802.0,CM
2023-05-31 13:17:00,41.43,41.43,41.42,41.4285,2272.0,CM
2023-05-31 13:16:00,41.41,41.43,41.41,41.43,733.0,CM
2023-05-31 13:15:00,41.4,41.4,41.4,41.4,231.0,CM
2023-05-31 13:14:00,41.42,41.42,41.41,41.41,1295.0,CM
2023-05-31 13:13:00,41.43,41.43,41.43,41.43,201.0,CM
2023-05-31 13:12:00,41.42,41.43,41.42,41.43,266.0,CM
2023-05-31 13:11:00,41.41,41.41,41.41,41.41,615.0,CM
2023-05-31 13:07:00,41.37,41.4,41.37,41.395,1301.0,CM
2023-05-31 13:06:00,41.38,41.38,41.38,41.38,100.0,CM
2023-05-31 13:05:00,41.4,41.4,41.37,41.37,1838.0,CM
2023-05-31 13:04:00,41.365,41.38,41.365,41.38,784.0,CM
2023-05-31 13:03:00,41.37,41.37,41.37,41.37,315.0,CM
2023-05-31 13:02:00,41.3994,41.3994,41.3994,41.3994,616.0,CM
2023-05-31 13:01:00,41.37,41.385,41.37,41.385,360.0,CM
2023-05-31 13:00:00,41.37,41.38,41.37,41.38,795.0,CM
2023-05-31 12:58:00,41.38,41.38,41.37,41.37,712.0,CM
2023-05-31 12:57:00,41.37,41.375,41.36,41.375,1016.0,CM
2023-05-31 12:56:00,41.35,41.35,41.35,41.35,264.0,CM
2023-05-31 12:55:00,41.34,41.355,41.335,41.355,1269.0,CM
2023-05-31 12:53:00,41.33,41.35,41.33,41.35,701.0,CM
2023-05-31 12:52:00,41.34,41.34,41.31,41.32,7406.0,CM
2023-05-31 12:51:00,41.35,41.35,41.35,41.35,521.0,CM
2023-05-31 12:50:00,41.41,41.41,41.39,41.39,2074.0,CM
2023-05-31 12:49:00,41.42,41.42,41.42,41.42,418.0,CM
2023-05-31 12:48:00,41.45,41.46,41.44,41.44,6733.0,CM
2023-05-31 12:47:00,41.44,41.46,41.44,41.46,32076.0,CM
2023-05-31 12:46:00,41.425,41.43,41.425,41.43,426.0,CM
2023-05-31 12:45:00,41.41,41.415,41.41,41.415,1127.0,CM
2023-05-31 12:43:00,41.425,41.43,41.42,41.43,702.0,CM
2023-05-31 12:42:00,41.4,41.4,41.4,41.4,287.0,CM
2023-05-31 12:40:00,41.36,41.37,41.3515,41.37,2328.0,CM
2023-05-31 12:39:00,41.38,41.38,41.37,41.37,202.0,CM
2023-05-31 12:38:00,41.39,41.41,41.39,41.41,1657.0,CM
2023-05-31 12:37:00,41.445,41.445,41.41,41.41,5862.0,CM
2023-05-31 12:36:00,41.45,41.45,41.44,41.45,22104.0,CM
2023-05-31 12:35:00,41.44,41.45,41.44,41.44,1699.0,CM
2023-05-31 12:34:00,41.44,41.45,41.44,41.45,4469.0,CM
2023-05-31 12:33:00,41.44,41.45,41.43,41.45,24745.0,CM
2023-05-31 12:32:00,41.425,41.45,41.425,41.445,7432.0,CM
2023-05-31 12:31:00,41.43,41.43,41.42,41.42,302.0,CM
2023-05-31 12:30:00,41.4,41.44,41.39,41.44,8743.0,CM
2023-05-31 12:29:00,41.42,41.42,41.42,41.42,611.0,CM
2023-05-31 12:28:00,41.42,41.43,41.42,41.43,1065.0,CM
2023-05-31 12:27:00,41.42,41.42,41.42,41.42,183.0,CM
2023-05-31 12:26:00,41.41,41.41,41.41,41.41,153.0,CM
2023-05-31 12:25:00,41.42,41.44,41.41,41.42,4731.0,CM
2023-05-31 12:24:00,41.41,41.43,41.41,41.42,6769.0,CM
2023-05-31 12:23:00,41.34,41.4,41.34,41.4,6441.0,CM
2023-05-31 12:22:00,41.34,41.3452,41.34,41.3452,1161.0,CM
2023-05-31 12:21:00,41.33,41.339,41.33,41.339,6077.0,CM
2023-05-31 12:20:00,41.31,41.33,41.31,41.315,3891.0,CM
2023-05-31 12:19:00,41.29,41.32,41.29,41.32,477.0,CM
2023-05-31 12:18:00,41.32,41.32,41.29,41.29,867.0,CM
2023-05-31 12:17:00,41.29,41.29,41.29,41.29,651.0,CM
2023-05-31 12:16:00,41.285,41.3,41.285,41.29,1714.0,CM
2023-05-31 12:15:00,41.28,41.29,41.28,41.29,1094.0,CM
2023-05-31 12:14:00,41.29,41.295,41.285,41.285,1366.0,CM
2023-05-31 12:13:00,41.29,41.29,41.28,41.28,1117.0,CM
2023-05-31 12:12:00,41.31,41.31,41.3,41.3,719.0,CM
2023-05-31 12:11:00,41.3,41.3,41.3,41.3,144.0,CM
2023-05-31 12:10:00,41.29,41.295,41.29,41.29,602.0,CM
2023-05-31 12:09:00,41.27,41.28,41.27,41.28,505.0,CM
2023-05-31 12:08:00,41.29,41.29,41.26,41.27,7765.0,CM
2023-05-31 12:07:00,41.3,41.31,41.3,41.31,1449.0,CM
2023-05-31 12:06:00,41.3,41.3,41.29,41.3,3729.0,CM
2023-05-31 12:05:00,41.33,41.33,41.33,41.33,591.0,CM
2023-05-31 12:04:00,41.34,41.35,41.34,41.35,1072.0,CM
2023-05-31 12:03:00,41.3901,41.3901,41.36,41.36,752.0,CM
2023-05-31 12:02:00,41.39,41.39,41.39,41.39,1364.0,CM
2023-05-31 12:01:00,41.39,41.39,41.39,41.39,541.0,CM
2023-05-31 12:00:00,41.4,41.4,41.4,41.4,474.0,CM
2023-05-31 11:59:00,41.4,41.4,41.395,41.395,2005.0,CM
2023-05-31 11:58:00,41.41,41.41,41.41,41.41,982.0,CM
2023-05-31 11:57:00,41.39,41.41,41.39,41.41,1103.0,CM
2023-05-31 11:56:00,41.38,41.39,41.37,41.38,2699.0,CM
2023-05-31 11:55:00,41.37,41.41,41.37,41.405,1949.0,CM
2023-05-31 11:53:00,41.33,41.34,41.33,41.33,864.0,CM
2023-05-31 11:52:00,41.32,41.3295,41.32,41.32,995.0,CM
2023-05-31 11:51:00,41.29,41.31,41.29,41.31,3603.0,CM
2023-05-31 11:50:00,41.3,41.32,41.295,41.3,5071.0,CM
2023-05-31 11:49:00,41.31,41.31,41.3,41.3,700.0,CM
2023-05-31 11:48:00,41.36,41.36,41.31,41.32,496.0,CM
2023-05-31 11:47:00,41.36,41.36,41.36,41.36,169.0,CM
2023-05-31 11:46:00,41.39,41.39,41.35,41.365,1593.0,CM
2023-05-31 11:45:00,41.4,41.4,41.4,41.4,430.0,CM
2023-05-31 11:44:00,41.41,41.41,41.4,41.4,819.0,CM
2023-05-31 11:42:00,41.3988,41.3988,41.3988,41.3988,127.0,CM
2023-05-31 11:41:00,41.375,41.44,41.375,41.44,3576.0,CM
2023-05-31 11:40:00,41.35,41.365,41.35,41.365,1040.0,CM
2023-05-31 11:39:00,41.31,41.36,41.31,41.36,726.0,CM
2023-05-31 11:38:00,41.335,41.335,41.3,41.3,823.0,CM
2023-05-31 11:37:00,41.34,41.34,41.34,41.34,202.0,CM
2023-05-31 11:36:00,41.34,41.34,41.34,41.34,282.0,CM
2023-05-31 11:35:00,41.35,41.35,41.35,41.35,459.0,CM
2023-05-31 11:34:00,41.34,41.37,41.34,41.35,2181.0,CM
2023-05-31 11:33:00,41.33,41.35,41.33,41.345,923.0,CM
2023-05-31 11:32:00,41.335,41.34,41.335,41.34,316.0,CM
2023-05-31 11:31:00,41.31,41.31,41.31,41.31,210.0,CM
2023-05-31 11:30:00,41.29,41.29,41.29,41.29,209.0,CM
2023-05-31 11:29:00,41.29,41.29,41.29,41.29,568.0,CM
2023-05-31 11:28:00,41.32,41.33,41.32,41.33,1207.0,CM
2023-05-31 11:27:00,41.33,41.34,41.325,41.34,577.0,CM
2023-05-31 11:26:00,41.3,41.32,41.3,41.32,1150.0,CM
2023-05-31 11:25:00,41.27,41.3,41.27,41.295,1505.0,CM
2023-05-31 11:24:00,41.28,41.28,41.26,41.26,434.0,CM
2023-05-31 11:23:00,41.3,41.3,41.28,41.28,2239.0,CM
2023-05-31 11:22:00,41.34,41.34,41.32,41.32,1436.0,CM
2023-05-31 11:21:00,41.33,41.33,41.33,41.33,715.0,CM
2023-05-31 11:20:00,41.335,41.34,41.335,41.34,1500.0,CM
2023-05-31 11:19:00,41.33,41.33,41.32,41.32,1005.0,CM
2023-05-31 11:18:00,41.355,41.365,41.34,41.345,2125.0,CM
2023-05-31 11:17:00,41.36,41.365,41.36,41.36,997.0,CM
2023-05-31 11:16:00,41.36,41.36,41.35,41.355,3575.0,CM
2023-05-31 11:15:00,41.33,41.38,41.33,41.36,5213.0,CM
2023-05-31 11:14:00,41.345,41.345,41.345,41.345,134.0,CM
2023-05-31 11:13:00,41.33,41.345,41.32,41.345,1499.0,CM
2023-05-31 11:12:00,41.34,41.34,41.32,41.32,201.0,CM
2023-05-31 11:11:00,41.34,41.34,41.34,41.34,786.0,CM
2023-05-31 11:09:00,41.395,41.395,41.385,41.385,663.0,CM
2023-05-31 11:08:00,41.376,41.39,41.376,41.38,1053.0,CM
2023-05-31 11:06:00,41.4,41.4,41.4,41.4,329.0,CM
2023-05-31 11:05:00,41.44,41.45,41.4,41.4,2163.0,CM
2023-05-31 11:04:00,41.49,41.49,41.46,41.46,718.0,CM
2023-05-31 11:03:00,41.49,41.49,41.46,41.48,695.0,CM
2023-05-31 11:02:00,41.52,41.52,41.5,41.5,1626.0,CM
2023-05-31 11:01:00,41.44,41.5,41.44,41.49,2973.0,CM
2023-05-31 11:00:00,41.45,41.455,41.45,41.455,531.0,CM
2023-05-31 10:59:00,41.46,41.46,41.455,41.455,741.0,CM
2023-05-31 10:58:00,41.46,41.48,41.46,41.47,2336.0,CM
2023-05-31 10:57:00,41.48,41.49,41.47,41.49,1264.0,CM
2023-05-31 10:56:00,41.45,41.48,41.45,41.48,1295.0,CM
2023-05-31 10:55:00,41.445,41.465,41.44,41.44,1047.0,CM
2023-05-31 10:53:00,41.42,41.455,41.415,41.44,1314.0,CM
2023-05-31 10:52:00,41.44,41.44,41.43,41.43,5773.0,CM
2023-05-31 10:51:00,41.445,41.5,41.445,41.45,2119.0,CM
2023-05-31 10:50:00,41.4,41.46,41.4,41.45,5798.0,CM
2023-05-31 10:49:00,41.44,41.44,41.41,41.41,878.0,CM
2023-05-31 10:48:00,41.49,41.49,41.46,41.46,1533.0,CM
2023-05-31 10:47:00,41.5,41.51,41.5,41.51,486.0,CM
2023-05-31 10:46:00,41.5,41.52,41.495,41.52,3327.0,CM
2023-05-31 10:45:00,41.49,41.4994,41.49,41.4994,1077.0,CM
2023-05-31 10:44:00,41.46,41.46,41.46,41.46,153.0,CM
2023-05-31 10:43:00,41.49,41.49,41.48,41.48,3843.0,CM
2023-05-31 10:42:00,41.51,41.52,41.4982,41.5,1234.0,CM
2023-05-31 10:41:00,41.47,41.48,41.47,41.48,458.0,CM
2023-05-31 10:40:00,41.45,41.47,41.45,41.47,988.0,CM
2023-05-31 10:39:00,41.46,41.46,41.44,41.45,2040.0,CM
2023-05-31 10:38:00,41.45,41.48,41.44,41.48,2383.0,CM
2023-05-31 10:37:00,41.48,41.48,41.45,41.46,5175.0,CM
2023-05-31 10:36:00,41.48,41.49,41.465,41.48,910.0,CM
2023-05-31 10:35:00,41.435,41.45,41.435,41.45,1218.0,CM
2023-05-31 10:34:00,41.46,41.47,41.45,41.45,1678.0,CM
2023-05-31 10:33:00,41.42,41.45,41.42,41.45,1063.0,CM
2023-05-31 10:32:00,41.41,41.45,41.39,41.45,3802.0,CM
2023-05-31 10:31:00,41.42,41.45,41.4,41.42,6339.0,CM
2023-05-31 10:30:00,41.44,41.46,41.43,41.44,2042.0,CM
2023-05-31 10:29:00,41.46,41.46,41.45,41.45,3898.0,CM
2023-05-31 10:28:00,41.46,41.46,41.46,41.46,624.0,CM
2023-05-31 10:27:00,41.46,41.47,41.44,41.46,2702.0,CM
2023-05-31 10:26:00,41.43,41.45,41.4016,41.445,4796.0,CM
2023-05-31 10:25:00,41.47,41.48,41.45,41.45,1488.0,CM
2023-05-31 10:24:00,41.49,41.51,41.47,41.47,2911.0,CM
2023-05-31 10:23:00,41.52,41.52,41.51,41.51,13881.0,CM
2023-05-31 10:22:00,41.57,41.57,41.52,41.52,2066.0,CM
2023-05-31 10:21:00,41.6027,41.6027,41.59,41.6,1512.0,CM
2023-05-31 10:20:00,41.63,41.65,41.61,41.61,5405.0,CM
2023-05-31 10:19:00,41.62,41.63,41.62,41.63,4236.0,CM
2023-05-31 10:18:00,41.55,41.63,41.55,41.62,12193.0,CM
2023-05-31 10:17:00,41.58,41.59,41.55,41.55,4731.0,CM
2023-05-31 10:16:00,41.6,41.6,41.59,41.59,537.0,CM
2023-05-31 10:15:00,41.665,41.665,41.65,41.65,691.0,CM
2023-05-31 10:14:00,41.65,41.695,41.62,41.695,3458.0,CM
2023-05-31 10:13:00,41.64,41.645,41.64,41.64,1311.0,CM
2023-05-31 10:12:00,41.7,41.7,41.65,41.65,955.0,CM
2023-05-31 10:11:00,41.71,41.73,41.71,41.73,2720.0,CM
2023-05-31 10:10:00,41.7,41.72,41.7,41.72,2046.0,CM
2023-05-31 10:09:00,41.745,41.745,41.685,41.685,2664.0,CM
2023-05-31 10:08:00,41.73,41.74,41.7,41.74,1173.0,CM
2023-05-31 10:07:00,41.685,41.74,41.685,41.74,1404.0,CM
2023-05-31 10:06:00,41.715,41.72,41.7,41.71,1053.0,CM
2023-05-31 10:05:00,41.73,41.745,41.7,41.735,2823.0,CM
2023-05-31 10:04:00,41.79,41.79,41.74,41.76,2411.0,CM
2023-05-31 10:03:00,41.72,41.77,41.72,41.77,5892.0,CM
2023-05-31 10:02:00,41.72,41.745,41.72,41.73,3530.0,CM
2023-05-31 10:01:00,41.72,41.75,41.7,41.72,13901.0,CM
2023-05-31 10:00:00,41.7,41.73,41.66,41.725,6408.0,CM
2023-05-31 09:59:00,41.72,41.72,41.7,41.7,776.0,CM
2023-05-31 09:58:00,41.75,41.77,41.75,41.75,5919.0,CM
2023-05-31 09:57:00,41.73,41.755,41.73,41.75,3734.0,CM
2023-05-31 09:56:00,41.73,41.73,41.7,41.72,2675.0,CM
2023-05-31 09:55:00,41.7,41.73,41.7,41.73,1249.0,CM
2023-05-31 09:54:00,41.65,41.69,41.65,41.69,3386.0,CM
2023-05-31 09:53:00,41.66,41.66,41.65,41.65,332.0,CM
2023-05-31 09:52:00,41.7,41.7,41.67,41.68,1751.0,CM
2023-05-31 09:51:00,41.7,41.74,41.7,41.715,1745.0,CM
2023-05-31 09:50:00,41.71,41.75,41.695,41.695,1515.0,CM
2023-05-31 09:49:00,41.67,41.745,41.67,41.72,3092.0,CM
2023-05-31 09:48:00,41.75,41.76,41.69,41.69,25579.0,CM
2023-05-31 09:47:00,41.7,41.75,41.67,41.75,13204.0,CM
2023-05-31 09:46:00,41.74,41.74,41.71,41.735,2638.0,CM
2023-05-31 09:44:00,41.77,41.8,41.77,41.79,471.0,CM
2023-05-31 09:43:00,41.77,41.77,41.77,41.77,205.0,CM
2023-05-31 09:42:00,41.71,41.761,41.71,41.74,6416.0,CM
2023-05-31 09:41:00,41.68,41.71,41.68,41.7,2016.0,CM
2023-05-31 09:40:00,41.69,41.72,41.68,41.68,2360.0,CM
2023-05-31 09:39:00,41.66,41.7,41.65,41.7,1208.0,CM
2023-05-31 09:38:00,41.63,41.67,41.63,41.67,4008.0,CM
2023-05-31 09:37:00,41.61,41.64,41.57,41.64,12815.0,CM
2023-05-31 09:36:00,41.61,41.61,41.61,41.61,268.0,CM
2023-05-31 09:35:00,41.66,41.67,41.6,41.61,7243.0,CM
2023-05-31 09:34:00,41.6,41.616,41.59,41.616,1070.0,CM
2023-05-31 09:33:00,41.7,41.7,41.66,41.66,2008.0,CM
2023-05-31 09:32:00,41.65,41.65,41.65,41.65,543.0,CM
2023-05-31 09:31:00,41.65,41.71,41.65,41.68,2684.0,CM
2023-05-31 09:30:00,41.63,41.69,41.585,41.69,4957.0,CM
2023-05-30 16:03:00,41.96,41.96,41.96,41.96,153.0,CM
2023-05-30 16:00:00,41.96,41.96,41.96,41.96,4643.0,CM
2023-05-30 15:59:00,41.97,41.98,41.95,41.96,19566.0,CM
2023-05-30 15:58:00,41.97,41.98,41.955,41.965,11582.0,CM
2023-05-30 15:57:00,41.95,41.97,41.95,41.965,8528.0,CM
2023-05-30 15:56:00,41.96,41.965,41.945,41.945,10927.0,CM
2023-05-30 15:55:00,41.97,41.97,41.94,41.96,15493.0,CM
2023-05-30 15:54:00,41.95,41.98,41.95,41.96,11646.0,CM
2023-05-30 15:53:00,41.965,41.97,41.95,41.96,15922.0,CM
2023-05-30 15:52:00,41.985,41.985,41.97,41.97,1552.0,CM
2023-05-30 15:51:00,41.98,41.985,41.97,41.985,3072.0,CM
2023-05-30 15:50:00,42.0,42.0,41.98,41.98,12144.0,CM
2023-05-30 15:49:00,42.01,42.01,42.0,42.0095,976.0,CM
2023-05-30 15:48:00,41.975,42.01,41.975,42.01,4064.0,CM
2023-05-30 15:47:00,41.99,41.99,41.975,41.98,4415.0,CM
2023-05-30 15:46:00,42.0,42.0,41.98,41.98,3795.0,CM
2023-05-30 15:45:00,42.03,42.03,42.0,42.0,2423.0,CM
2023-05-30 15:44:00,42.035,42.045,42.035,42.035,4176.0,CM
2023-05-30 15:43:00,42.03,42.035,42.03,42.035,1446.0,CM
2023-05-30 15:42:00,42.0311,42.04,42.0311,42.035,1197.0,CM
2023-05-30 15:41:00,42.02,42.035,42.02,42.035,6689.0,CM
2023-05-30 15:40:00,42.035,42.04,42.02,42.0214,2539.0,CM
2023-05-30 15:39:00,42.035,42.04,42.03,42.035,4845.0,CM
2023-05-30 15:38:00,42.035,42.035,42.035,42.035,2083.0,CM
2023-05-30 15:37:00,42.01,42.03,42.0,42.03,4218.0,CM
2023-05-30 15:36:00,42.021,42.025,42.01,42.025,7679.0,CM
2023-05-30 15:35:00,42.0462,42.0462,42.025,42.025,633.0,CM
2023-05-30 15:34:00,42.05,42.06,42.04,42.055,2579.0,CM
2023-05-30 15:33:00,42.035,42.045,42.035,42.045,1308.0,CM
2023-05-30 15:32:00,42.04,42.05,42.035,42.035,918.0,CM
2023-05-30 15:31:00,42.05,42.065,42.05,42.05,1956.0,CM
2023-05-30 15:30:00,42.03,42.05,42.03,42.05,1205.0,CM
2023-05-30 15:29:00,42.02,42.025,42.02,42.025,2213.0,CM
2023-05-30 15:28:00,42.015,42.02,42.015,42.02,447.0,CM
2023-05-30 15:27:00,42.02,42.02,42.02,42.02,923.0,CM
2023-05-30 15:26:00,41.99,42.03,41.985,42.02,9611.0,CM
2023-05-30 15:25:00,41.9892,41.99,41.9892,41.99,1506.0,CM
2023-05-30 15:24:00,41.97,41.98,41.97,41.98,1016.0,CM
2023-05-30 15:23:00,41.96,41.965,41.96,41.965,426.0,CM
2023-05-30 15:22:00,41.965,41.965,41.965,41.965,215.0,CM
2023-05-30 15:21:00,41.96,41.96,41.9508,41.96,1408.0,CM
2023-05-30 15:20:00,41.98,41.98,41.98,41.98,511.0,CM
2023-05-30 15:19:00,41.98,41.98,41.97,41.97,799.0,CM
2023-05-30 15:18:00,41.99,41.99,41.97,41.97,541.0,CM
2023-05-30 15:17:00,41.98,41.99,41.98,41.99,351.0,CM
2023-05-30 15:16:00,41.98,41.98,41.98,41.98,665.0,CM
2023-05-30 15:15:00,41.98,41.98,41.98,41.98,277.0,CM
2023-05-30 15:14:00,41.98,41.98,41.975,41.975,307.0,CM
2023-05-30 15:13:00,41.98,41.98,41.965,41.97,854.0,CM
2023-05-30 15:12:00,41.985,41.985,41.985,41.985,218.0,CM
2023-05-30 15:11:00,41.98,41.98,41.98,41.98,470.0,CM
2023-05-30 15:10:00,41.9799,41.9799,41.9799,41.9799,581.0,CM
2023-05-30 15:09:00,41.97,41.98,41.97,41.98,1011.0,CM
2023-05-30 15:07:00,41.9601,41.9601,41.9601,41.9601,664.0,CM
2023-05-30 15:06:00,41.95,41.95,41.945,41.95,976.0,CM
2023-05-30 15:05:00,41.96,41.96,41.94,41.94,955.0,CM
2023-05-30 15:03:00,41.937,41.95,41.937,41.945,1623.0,CM
2023-05-30 15:02:00,41.96,41.965,41.95,41.955,1545.0,CM
2023-05-30 15:01:00,41.95,41.96,41.95,41.96,455.0,CM
2023-05-30 15:00:00,41.957,41.957,41.95,41.95,1518.0,CM
2023-05-30 14:59:00,41.965,41.965,41.95,41.95,1350.0,CM
2023-05-30 14:58:00,41.96,41.96,41.96,41.96,354.0,CM
2023-05-30 14:57:00,41.98,41.98,41.96,41.96,547.0,CM
2023-05-30 14:56:00,41.97,41.98,41.97,41.98,2182.0,CM
2023-05-30 14:55:00,41.98,41.98,41.98,41.98,452.0,CM
2023-05-30 14:54:00,41.96,41.97,41.96,41.97,964.0,CM
2023-05-30 14:53:00,41.96,41.96,41.96,41.96,676.0,CM
2023-05-30 14:52:00,41.98,41.98,41.96,41.96,1139.0,CM
2023-05-30 14:50:00,41.99,41.99,41.97,41.97,2290.0,CM
2023-05-30 14:49:00,41.99,41.99,41.99,41.99,1041.0,CM
2023-05-30 14:48:00,41.99,41.99,41.98,41.98,1577.0,CM
2023-05-30 14:47:00,41.9709,41.98,41.9709,41.98,888.0,CM
2023-05-30 14:46:00,41.9766,41.98,41.9766,41.98,1150.0,CM
2023-05-30 14:45:00,42.0,42.005,41.98,41.98,3223.0,CM
2023-05-30 14:44:00,41.99,41.99,41.9801,41.99,924.0,CM
2023-05-30 14:43:00,41.98,41.98,41.98,41.98,825.0,CM
2023-05-30 14:42:00,41.978,41.98,41.975,41.98,1154.0,CM
2023-05-30 14:41:00,41.98,41.99,41.98,41.99,725.0,CM
2023-05-30 14:40:00,41.995,41.995,41.99,41.99,775.0,CM
2023-05-30 14:38:00,41.9799,41.99,41.9799,41.99,2985.0,CM
2023-05-30 14:35:00,41.97,41.97,41.97,41.97,434.0,CM
2023-05-30 14:32:00,41.94,41.95,41.935,41.95,2317.0,CM
2023-05-30 14:31:00,41.94,41.94,41.935,41.935,953.0,CM
2023-05-30 14:30:00,41.915,41.94,41.91,41.93,5435.0,CM
2023-05-30 14:29:00,41.92,41.92,41.92,41.92,941.0,CM
2023-05-30 14:28:00,41.9273,41.93,41.915,41.915,1958.0,CM
2023-05-30 14:27:00,41.93,41.93,41.92,41.92,1721.0,CM
2023-05-30 14:26:00,41.93,41.93,41.93,41.93,394.0,CM
2023-05-30 14:25:00,41.92,41.921,41.92,41.921,802.0,CM
2023-05-30 14:24:00,41.93,41.93,41.93,41.93,612.0,CM
2023-05-30 14:21:00,41.92,41.92,41.92,41.92,4908.0,CM
2023-05-30 14:20:00,41.91,41.91,41.91,41.91,353.0,CM
2023-05-30 14:19:00,41.925,41.925,41.91,41.91,3281.0,CM
2023-05-30 14:17:00,41.92,41.92,41.92,41.92,292.0,CM
2023-05-30 14:16:00,41.93,41.93,41.93,41.93,843.0,CM
2023-05-30 14:15:00,41.9,41.9,41.9,41.9,453.0,CM
2023-05-30 14:14:00,41.9,41.9,41.9,41.9,216.0,CM
2023-05-30 14:13:00,41.891,41.895,41.89,41.89,781.0,CM
2023-05-30 14:12:00,41.89,41.89,41.89,41.89,526.0,CM
2023-05-30 14:11:00,41.88,41.89,41.88,41.89,592.0,CM
2023-05-30 14:09:00,41.865,41.88,41.865,41.88,1787.0,CM
2023-05-30 14:07:00,41.88,41.88,41.88,41.88,358.0,CM
2023-05-30 14:05:00,41.89,41.89,41.89,41.89,1217.0,CM
2023-05-30 14:03:00,41.9,41.9,41.89,41.89,1025.0,CM
2023-05-30 14:02:00,41.89,41.9,41.89,41.9,1179.0,CM
2023-05-30 14:01:00,41.88,41.8801,41.88,41.8801,776.0,CM
2023-05-30 14:00:00,41.87,41.87,41.87,41.87,272.0,CM
2023-05-30 13:59:00,41.88,41.88,41.87,41.87,1144.0,CM
2023-05-30 13:58:00,41.87,41.8885,41.87,41.8885,1853.0,CM
2023-05-30 13:56:00,41.9,41.9,41.88,41.88,2296.0,CM
2023-05-30 13:54:00,41.9,41.9,41.9,41.9,211.0,CM
2023-05-30 13:53:00,41.9,41.9,41.895,41.9,356.0,CM
2023-05-30 13:52:00,41.9179,41.9179,41.905,41.91,635.0,CM
2023-05-30 13:50:00,41.95,41.9508,41.95,41.9508,731.0,CM
2023-05-30 13:49:00,41.96,41.96,41.96,41.96,414.0,CM
2023-05-30 13:48:00,41.95,41.96,41.95,41.96,1069.0,CM
2023-05-30 13:47:00,41.97,41.97,41.945,41.945,561.0,CM
2023-05-30 13:46:00,41.985,41.985,41.98,41.98,358.0,CM
2023-05-30 13:44:00,41.97,41.97,41.97,41.97,502.0,CM
2023-05-30 13:43:00,41.97,41.97,41.955,41.955,404.0,CM
2023-05-30 13:42:00,41.9799,41.98,41.97,41.97,1004.0,CM
2023-05-30 13:40:00,41.95,41.97,41.95,41.96,1867.0,CM
2023-05-30 13:39:00,41.94,41.94,41.94,41.94,129.0,CM
2023-05-30 13:38:00,41.95,41.955,41.95,41.95,315.0,CM
2023-05-30 13:37:00,41.97,41.97,41.96,41.96,904.0,CM
2023-05-30 13:36:00,41.9,41.935,41.9,41.935,1020.0,CM
2023-05-30 13:35:00,41.92,41.92,41.895,41.895,808.0,CM
2023-05-30 13:34:00,41.92,41.92,41.92,41.92,517.0,CM
2023-05-30 13:33:00,41.9,41.93,41.895,41.93,1608.0,CM
2023-05-30 13:32:00,41.855,41.9,41.855,41.9,3355.0,CM
2023-05-30 13:31:00,41.86,41.87,41.86,41.87,529.0,CM
2023-05-30 13:30:00,41.87,41.87,41.86,41.87,726.0,CM
2023-05-30 13:29:00,41.87,41.8845,41.87,41.88,1585.0,CM
2023-05-30 13:28:00,41.91,41.91,41.87,41.87,9685.0,CM
2023-05-30 13:27:00,41.91,41.91,41.91,41.91,1223.0,CM
2023-05-30 13:26:00,41.94,41.945,41.91,41.91,13316.0,CM
2023-05-30 13:25:00,41.97,41.97,41.955,41.955,560.0,CM
2023-05-30 13:24:00,41.97,41.97,41.97,41.97,377.0,CM
2023-05-30 13:23:00,41.9707,41.98,41.96,41.98,5209.0,CM
2023-05-30 13:22:00,41.985,41.985,41.98,41.98,862.0,CM
2023-05-30 13:21:00,42.01,42.01,42.0,42.0,587.0,CM
2023-05-30 13:20:00,42.005,42.005,42.005,42.005,216.0,CM
2023-05-30 13:18:00,41.99,41.99,41.99,41.99,196.0,CM
2023-05-30 13:17:00,41.968,41.98,41.968,41.98,817.0,CM
2023-05-30 13:16:00,41.97,41.97,41.97,41.97,385.0,CM
2023-05-30 13:15:00,41.96,41.96,41.9599,41.96,1099.0,CM
2023-05-30 13:14:00,41.9599,41.96,41.9598,41.9598,826.0,CM
2023-05-30 13:13:00,41.97,41.97,41.97,41.97,247.0,CM
2023-05-30 13:12:00,41.98,41.98,41.97,41.97,1137.0,CM
2023-05-30 13:11:00,41.97,41.97,41.97,41.97,346.0,CM
2023-05-30 13:10:00,41.96,41.98,41.96,41.975,1092.0,CM
2023-05-30 13:09:00,41.96,41.96,41.96,41.96,885.0,CM
2023-05-30 13:08:00,41.95,41.95,41.95,41.95,1515.0,CM
2023-05-30 13:07:00,41.97,41.97,41.96,41.97,1023.0,CM
2023-05-30 13:06:00,41.97,41.97,41.97,41.97,594.0,CM
2023-05-30 13:05:00,42.0,42.0,41.97,41.97,1059.0,CM
2023-05-30 13:04:00,42.01,42.01,42.01,42.01,340.0,CM
2023-05-30 13:03:00,42.02,42.03,42.01,42.01,1605.0,CM
2023-05-30 12:59:00,42.03,42.03,42.02,42.03,892.0,CM
2023-05-30 12:58:00,42.04,42.04,42.04,42.04,343.0,CM
2023-05-30 12:56:00,42.03,42.03,42.03,42.03,222.0,CM
2023-05-30 12:55:00,42.04,42.04,42.02,42.03,836.0,CM
2023-05-30 12:54:00,42.03,42.04,42.03,42.04,618.0,CM
2023-05-30 12:51:00,42.0,42.0,41.995,41.995,514.0,CM
2023-05-30 12:50:00,41.999,42.02,41.999,42.02,1930.0,CM
2023-05-30 12:49:00,42.0,42.0,41.9956,41.9956,446.0,CM
2023-05-30 12:48:00,42.0,42.01,42.0,42.01,572.0,CM
2023-05-30 12:47:00,41.985,41.985,41.97,41.98,1846.0,CM
2023-05-30 12:46:00,41.98,41.99,41.98,41.9827,1901.0,CM
2023-05-30 12:45:00,41.96,41.98,41.95,41.9791,1565.0,CM
2023-05-30 12:44:00,41.99,41.99,41.96,41.96,734.0,CM
2023-05-30 12:43:00,42.0,42.0,42.0,42.0,404.0,CM
2023-05-30 12:42:00,41.98,42.0,41.97,42.0,2430.0,CM
2023-05-30 12:41:00,42.02,42.03,41.99,41.99,18485.0,CM
2023-05-30 12:40:00,42.07,42.07,42.04,42.05,6673.0,CM
2023-05-30 12:39:00,42.0801,42.09,42.07,42.08,6425.0,CM
2023-05-30 12:38:00,42.1,42.1,42.08,42.08,1576.0,CM
2023-05-30 12:37:00,42.11,42.11,42.09,42.095,5423.0,CM
2023-05-30 12:36:00,42.11,42.11,42.11,42.11,897.0,CM
2023-05-30 12:35:00,42.09,42.1,42.09,42.09,438.0,CM
2023-05-30 12:34:00,42.11,42.11,42.09,42.09,1445.0,CM
2023-05-30 12:33:00,42.1,42.12,42.1,42.11,1736.0,CM
2023-05-30 12:32:00,42.09,42.095,42.09,42.095,525.0,CM
2023-05-30 12:31:00,42.09,42.09,42.09,42.09,496.0,CM
2023-05-30 12:30:00,42.08,42.11,42.07,42.11,1269.0,CM
2023-05-30 12:29:00,42.05,42.08,42.04,42.07,6484.0,CM
2023-05-30 12:28:00,42.04,42.04,42.04,42.04,225.0,CM
2023-05-30 12:27:00,42.07,42.075,42.04,42.05,1694.0,CM
2023-05-30 12:26:00,42.085,42.085,42.08,42.08,503.0,CM
2023-05-30 12:25:00,42.07,42.08,42.07,42.08,1181.0,CM
2023-05-30 12:24:00,42.075,42.075,42.07,42.07,1095.0,CM
2023-05-30 12:23:00,42.019,42.07,42.019,42.065,5091.0,CM
2023-05-30 12:22:00,42.04,42.04,42.02,42.02,1174.0,CM
2023-05-30 12:21:00,42.05,42.05,42.03,42.03,864.0,CM
2023-05-30 12:19:00,42.04,42.06,42.04,42.06,785.0,CM
2023-05-30 12:18:00,42.03,42.03,42.03,42.03,206.0,CM
2023-05-30 12:17:00,42.07,42.07,42.06,42.06,516.0,CM
2023-05-30 12:16:00,42.09,42.09,42.085,42.085,756.0,CM
2023-05-30 12:15:00,42.1,42.1,42.1,42.1,135.0,CM
2023-05-30 12:14:00,42.05,42.06,42.05,42.06,407.0,CM
2023-05-30 12:13:00,42.02,42.06,42.02,42.045,3942.0,CM
2023-05-30 12:12:00,42.0409,42.0409,42.04,42.04,719.0,CM
2023-05-30 12:11:00,42.04,42.05,42.04,42.04,669.0,CM
2023-05-30 12:10:00,42.01,42.03,42.01,42.03,202.0,CM
2023-05-30 12:09:00,42.02,42.02,42.02,42.02,238.0,CM
2023-05-30 12:07:00,42.0,42.01,42.0,42.01,342.0,CM
2023-05-30 12:06:00,42.0,42.0,41.99,41.99,726.0,CM
2023-05-30 12:05:00,42.03,42.03,42.01,42.01,900.0,CM
2023-05-30 12:04:00,42.05,42.05,42.04,42.045,471.0,CM
2023-05-30 12:01:00,42.09,42.09,42.08,42.08,552.0,CM
2023-05-30 12:00:00,42.085,42.09,42.085,42.09,286.0,CM
2023-05-30 11:58:00,42.09,42.09,42.06,42.06,870.0,CM
2023-05-30 11:57:00,42.08,42.09,42.08,42.09,1195.0,CM
2023-05-30 11:56:00,42.04,42.06,42.04,42.06,708.0,CM
2023-05-30 11:55:00,42.01,42.03,42.01,42.03,900.0,CM
2023-05-30 11:54:00,42.01,42.01,42.01,42.01,518.0,CM
2023-05-30 11:53:00,42.0,42.01,42.0,42.01,918.0,CM
2023-05-30 11:52:00,42.01,42.015,42.01,42.015,523.0,CM
2023-05-30 11:51:00,41.98,42.01,41.98,42.01,1725.0,CM
2023-05-30 11:50:00,42.02,42.02,42.005,42.005,1327.0,CM
2023-05-30 11:49:00,42.03,42.03,42.03,42.03,387.0,CM
2023-05-30 11:48:00,42.01,42.01,42.01,42.01,549.0,CM
2023-05-30 11:47:00,42.02,42.03,42.02,42.02,425.0,CM
2023-05-30 11:45:00,42.0,42.03,42.0,42.03,2148.0,CM
2023-05-30 11:44:00,42.06,42.06,42.01,42.01,1103.0,CM
2023-05-30 11:42:00,42.06,42.06,42.06,42.06,238.0,CM
2023-05-30 11:41:00,42.05,42.055,42.05,42.055,594.0,CM
2023-05-30 11:40:00,42.06,42.07,42.06,42.06,1748.0,CM
2023-05-30 11:39:00,42.04,42.05,42.04,42.05,1258.0,CM
2023-05-30 11:38:00,42.03,42.05,42.03,42.05,1183.0,CM
2023-05-30 11:37:00,42.02,42.03,42.02,42.02,525.0,CM
2023-05-30 11:36:00,42.01,42.02,42.0,42.02,534.0,CM
2023-05-30 11:35:00,42.02,42.02,42.0001,42.01,605.0,CM
2023-05-30 11:34:00,42.025,42.025,42.005,42.01,637.0,CM
2023-05-30 11:33:00,42.04,42.04,42.02,42.02,1276.0,CM
2023-05-30 11:32:00,42.055,42.06,42.035,42.035,1452.0,CM
2023-05-30 11:31:00,42.04,42.04,42.03,42.03,1556.0,CM
2023-05-30 11:30:00,42.04,42.05,42.04,42.05,522.0,CM
2023-05-30 11:29:00,42.03,42.045,42.03,42.045,856.0,CM
2023-05-30 11:28:00,42.05,42.05,42.04,42.04,1303.0,CM
2023-05-30 11:27:00,42.05,42.05,42.05,42.05,319.0,CM
2023-05-30 11:26:00,42.04,42.04,42.04,42.04,101.0,CM
2023-05-30 11:25:00,42.08,42.08,42.06,42.06,1727.0,CM
2023-05-30 11:24:00,42.075,42.075,42.075,42.075,116.0,CM
2023-05-30 11:23:00,42.06,42.06,42.05,42.05,603.0,CM
2023-05-30 11:22:00,42.07,42.07,42.06,42.06,906.0,CM
2023-05-30 11:21:00,42.07,42.08,42.06,42.07,510.0,CM
2023-05-30 11:20:00,42.09,42.09,42.065,42.075,4400.0,CM
2023-05-30 11:19:00,42.11,42.12,42.09,42.1,706.0,CM
2023-05-30 11:18:00,42.08,42.13,42.08,42.11,5331.0,CM
2023-05-30 11:17:00,42.09,42.1,42.08,42.08,730.0,CM
2023-05-30 11:16:00,42.12,42.12,42.1,42.1,2813.0,CM
2023-05-30 11:15:00,42.18,42.18,42.15,42.15,3195.0,CM
2023-05-30 11:13:00,42.17,42.18,42.17,42.18,701.0,CM
2023-05-30 11:12:00,42.18,42.18,42.165,42.165,346.0,CM
2023-05-30 11:11:00,42.18,42.18,42.18,42.18,365.0,CM
2023-05-30 11:10:00,42.2,42.2,42.19,42.19,517.0,CM
2023-05-30 11:09:00,42.19,42.19,42.185,42.185,410.0,CM
2023-05-30 11:07:00,42.205,42.21,42.205,42.21,966.0,CM
2023-05-30 11:06:00,42.23,42.23,42.21,42.21,1067.0,CM
2023-05-30 11:05:00,42.23,42.24,42.23,42.24,1164.0,CM
2023-05-30 11:04:00,42.2,42.22,42.2,42.22,406.0,CM
2023-05-30 11:03:00,42.2,42.2,42.19,42.19,690.0,CM
2023-05-30 11:02:00,42.21,42.21,42.21,42.21,128.0,CM
2023-05-30 11:01:00,42.19,42.19,42.19,42.19,264.0,CM
2023-05-30 11:00:00,42.155,42.191,42.15,42.191,1113.0,CM
2023-05-30 10:59:00,42.16,42.16,42.15,42.16,2110.0,CM
2023-05-30 10:58:00,42.15,42.19,42.1,42.14,67020.0,CM
2023-05-30 10:57:00,42.21,42.21,42.18,42.2,2828.0,CM
2023-05-30 10:56:00,42.21,42.23,42.21,42.22,931.0,CM
2023-05-30 10:55:00,42.21,42.21,42.21,42.21,201.0,CM
2023-05-30 10:54:00,42.215,42.225,42.195,42.195,2321.0,CM
2023-05-30 10:53:00,42.225,42.225,42.225,42.225,130.0,CM
2023-05-30 10:52:00,42.195,42.215,42.195,42.21,1188.0,CM
2023-05-30 10:51:00,42.175,42.185,42.17,42.18,2049.0,CM
2023-05-30 10:50:00,42.2,42.2,42.18,42.19,3144.0,CM
2023-05-30 10:49:00,42.15,42.2,42.15,42.2,1075.0,CM
2023-05-30 10:48:00,42.17,42.18,42.15,42.15,816.0,CM
2023-05-30 10:47:00,42.19,42.19,42.17,42.17,667.0,CM
2023-05-30 10:45:00,42.17,42.19,42.17,42.19,1291.0,CM
2023-05-30 10:44:00,42.175,42.175,42.17,42.17,403.0,CM
2023-05-30 10:43:00,42.165,42.19,42.16,42.19,1597.0,CM
2023-05-30 10:42:00,42.19,42.2,42.175,42.175,1253.0,CM
2023-05-30 10:41:00,42.18,42.18,42.18,42.18,708.0,CM
2023-05-30 10:40:00,42.18,42.18,42.18,42.18,126.0,CM
2023-05-30 10:39:00,42.17,42.17,42.15,42.15,732.0,CM
2023-05-30 10:38:00,42.17,42.17,42.15,42.16,476.0,CM
2023-05-30 10:37:00,42.17,42.17,42.16,42.16,391.0,CM
2023-05-30 10:36:00,42.19,42.19,42.19,42.19,430.0,CM
2023-05-30 10:35:00,42.17,42.17,42.17,42.17,305.0,CM
2023-05-30 10:34:00,42.15,42.17,42.15,42.16,2230.0,CM
2023-05-30 10:33:00,42.21,42.2116,42.16,42.16,9503.0,CM
2023-05-30 10:32:00,42.22,42.22,42.21,42.22,4259.0,CM
2023-05-30 10:31:00,42.21,42.245,42.205,42.24,2526.0,CM
2023-05-30 10:30:00,42.18,42.2,42.16,42.2,2702.0,CM
2023-05-30 10:29:00,42.13,42.18,42.12,42.18,2660.0,CM
2023-05-30 10:28:00,42.1207,42.13,42.09,42.13,4316.0,CM
2023-05-30 10:27:00,42.16,42.16,42.135,42.14,1409.0,CM
2023-05-30 10:26:00,42.17,42.17,42.1559,42.16,1670.0,CM
2023-05-30 10:25:00,42.21,42.21,42.18,42.1808,976.0,CM
2023-05-30 10:24:00,42.25,42.25,42.25,42.25,426.0,CM
2023-05-30 10:23:00,42.23,42.235,42.23,42.23,1895.0,CM
2023-05-30 10:22:00,42.28,42.28,42.27,42.27,1004.0,CM
2023-05-30 10:21:00,42.34,42.34,42.33,42.33,1393.0,CM
2023-05-30 10:20:00,42.33,42.33,42.33,42.33,1273.0,CM
2023-05-30 10:19:00,42.27,42.27,42.26,42.26,771.0,CM
2023-05-30 10:18:00,42.3,42.3,42.27,42.27,872.0,CM
2023-05-30 10:17:00,42.3,42.3,42.29,42.3,1123.0,CM
2023-05-30 10:16:00,42.26,42.28,42.26,42.28,453.0,CM
2023-05-30 10:15:00,42.24,42.26,42.24,42.26,768.0,CM
2023-05-30 10:14:00,42.27,42.27,42.23,42.23,1023.0,CM
2023-05-30 10:13:00,42.21,42.27,42.21,42.26,1223.0,CM
2023-05-30 10:12:00,42.23,42.23,42.19,42.2,1142.0,CM
2023-05-30 10:11:00,42.25,42.25,42.23,42.23,1256.0,CM
2023-05-30 10:10:00,42.26,42.26,42.25,42.25,716.0,CM
2023-05-30 10:09:00,42.21,42.23,42.21,42.23,1229.0,CM
2023-05-30 10:08:00,42.15,42.22,42.15,42.22,4287.0,CM
2023-05-30 10:07:00,42.17,42.18,42.16,42.16,1660.0,CM
2023-05-30 10:06:00,42.14,42.14,42.1201,42.14,2918.0,CM
2023-05-30 10:05:00,42.16,42.16,42.13,42.13,3020.0,CM
2023-05-30 10:04:00,42.195,42.21,42.17,42.175,2829.0,CM
2023-05-30 10:03:00,42.17,42.23,42.17,42.185,5006.0,CM
2023-05-30 10:02:00,42.26,42.26,42.16,42.175,6662.0,CM
2023-05-30 10:01:00,42.265,42.275,42.24,42.25,10051.0,CM
2023-05-30 10:00:00,42.23,42.28,42.21,42.27,9645.0,CM
2023-05-30 09:59:00,42.22,42.23,42.215,42.23,1343.0,CM
2023-05-30 09:58:00,42.17,42.21,42.17,42.2,2098.0,CM
2023-05-30 09:57:00,42.155,42.155,42.13,42.14,715.0,CM
2023-05-30 09:56:00,42.18,42.1967,42.14,42.14,2393.0,CM
2023-05-30 09:55:00,42.205,42.21,42.18,42.195,2233.0,CM
2023-05-30 09:54:00,42.14,42.16,42.13,42.15,1375.0,CM
2023-05-30 09:53:00,42.19,42.21,42.15,42.16,3948.0,CM
2023-05-30 09:52:00,42.14,42.16,42.13,42.15,1139.0,CM
2023-05-30 09:51:00,42.21,42.21,42.2,42.2,758.0,CM
2023-05-30 09:50:00,42.14,42.22,42.14,42.21,1978.0,CM
2023-05-30 09:49:00,42.14,42.16,42.13,42.13,826.0,CM
2023-05-30 09:48:00,42.17,42.18,42.16,42.16,2183.0,CM
2023-05-30 09:47:00,42.19,42.21,42.14,42.14,2192.0,CM
2023-05-30 09:46:00,42.06,42.18,42.06,42.18,3464.0,CM
2023-05-30 09:45:00,42.03,42.07,41.99,42.06,15133.0,CM
2023-05-30 09:44:00,42.08,42.08,42.03,42.05,3282.0,CM
2023-05-30 09:43:00,42.11,42.11,42.08,42.08,2252.0,CM
2023-05-30 09:42:00,42.11,42.11,42.05,42.1,3872.0,CM
2023-05-30 09:41:00,42.13,42.13,42.06,42.13,2316.0,CM
2023-05-30 09:40:00,42.18,42.22,42.15,42.15,13468.0,CM
2023-05-30 09:39:00,42.24,42.25,42.17,42.2,1632.0,CM
2023-05-30 09:38:00,42.3,42.3,42.24,42.24,2206.0,CM
2023-05-30 09:37:00,42.32,42.35,42.31,42.31,5700.0,CM
2023-05-30 09:36:00,42.42,42.43,42.38,42.38,1826.0,CM
2023-05-30 09:35:00,42.4,42.44,42.4,42.44,1167.0,CM
2023-05-30 09:34:00,42.39,42.39,42.39,42.39,355.0,CM
2023-05-30 09:33:00,42.45,42.45,42.43,42.43,763.0,CM
2023-05-30 09:32:00,42.45,42.49,42.45,42.4666,1439.0,CM
2023-05-30 09:31:00,42.43,42.49,42.43,42.45,2220.0,CM
2023-05-30 09:30:00,42.48,42.48,42.34,42.45,6205.0,CM
2023-05-26 15:59:00,42.28,42.285,42.27,42.28,12000.0,CM
2023-05-26 15:58:00,42.26,42.285,42.25,42.28,8814.0,CM
2023-05-26 15:57:00,42.27,42.275,42.26,42.26,4242.0,CM
2023-05-26 15:56:00,42.275,42.28,42.265,42.265,10750.0,CM
2023-05-26 15:55:00,42.285,42.285,42.275,42.275,2758.0,CM
2023-05-26 15:54:00,42.285,42.29,42.27,42.28,3784.0,CM
2023-05-26 15:53:00,42.285,42.3,42.285,42.285,3964.0,CM
2023-05-26 15:52:00,42.275,42.28,42.275,42.28,2588.0,CM
2023-05-26 15:51:00,42.26,42.28,42.26,42.275,2502.0,CM
2023-05-26 15:50:00,42.25,42.265,42.23,42.255,10818.0,CM
2023-05-26 15:49:00,42.265,42.265,42.26,42.26,2376.0,CM
2023-05-26 15:48:00,42.25,42.265,42.2425,42.265,2446.0,CM
2023-05-26 15:47:00,42.265,42.265,42.25,42.255,3139.0,CM
2023-05-26 15:46:00,42.255,42.26,42.255,42.26,697.0,CM
2023-05-26 15:44:00,42.25,42.25,42.25,42.25,2885.0,CM
2023-05-26 15:43:00,42.255,42.255,42.255,42.255,614.0,CM
2023-05-26 15:42:00,42.24,42.25,42.24,42.25,1419.0,CM
2023-05-26 15:41:00,42.23,42.245,42.23,42.245,2313.0,CM
2023-05-26 15:40:00,42.22,42.23,42.22,42.23,1075.0,CM
2023-05-26 15:39:00,42.21,42.21,42.1925,42.21,2229.0,CM
2023-05-26 15:38:00,42.2111,42.22,42.21,42.215,1664.0,CM
2023-05-26 15:37:00,42.21,42.21,42.21,42.21,594.0,CM
2023-05-26 15:36:00,42.215,42.215,42.21,42.21,2355.0,CM
2023-05-26 15:35:00,42.21,42.215,42.21,42.21,2773.0,CM
2023-05-26 15:34:00,42.2,42.2,42.2,42.2,109.0,CM
2023-05-26 15:33:00,42.22,42.22,42.205,42.205,1727.0,CM
2023-05-26 15:32:00,42.22,42.245,42.22,42.24,923.0,CM
2023-05-26 15:31:00,42.21,42.22,42.21,42.22,1134.0,CM
2023-05-26 15:30:00,42.19,42.205,42.19,42.205,2158.0,CM
2023-05-26 15:29:00,42.19,42.19,42.18,42.19,4047.0,CM
2023-05-26 15:28:00,42.18,42.18,42.18,42.18,316.0,CM
2023-05-26 15:27:00,42.19,42.19,42.175,42.18,1180.0,CM
2023-05-26 15:26:00,42.19,42.19,42.1803,42.1803,470.0,CM
2023-05-26 15:25:00,42.185,42.19,42.185,42.19,1552.0,CM
2023-05-26 15:24:00,42.18,42.18,42.18,42.18,608.0,CM
2023-05-26 15:23:00,42.17,42.2,42.17,42.2,3162.0,CM
2023-05-26 15:22:00,42.17,42.18,42.17,42.18,2254.0,CM
2023-05-26 15:21:00,42.16,42.17,42.155,42.17,2610.0,CM
2023-05-26 15:20:00,42.15,42.15,42.15,42.15,1901.0,CM
2023-05-26 15:19:00,42.155,42.17,42.155,42.162,736.0,CM
2023-05-26 15:18:00,42.14,42.16,42.14,42.16,1852.0,CM
2023-05-26 15:17:00,42.1,42.13,42.1,42.13,3219.0,CM
2023-05-26 15:16:00,42.12,42.12,42.11,42.11,635.0,CM
2023-05-26 15:15:00,42.12,42.14,42.12,42.13,2098.0,CM
2023-05-26 15:14:00,42.12,42.12,42.105,42.105,674.0,CM
2023-05-26 15:13:00,42.12,42.13,42.12,42.125,1230.0,CM
2023-05-26 15:12:00,42.16,42.16,42.135,42.135,4716.0,CM
2023-05-26 15:11:00,42.19,42.1912,42.19,42.1912,447.0,CM
2023-05-26 15:10:00,42.19,42.19,42.19,42.19,200.0,CM
2023-05-26 15:09:00,42.202,42.202,42.2,42.2,512.0,CM
2023-05-26 15:08:00,42.23,42.23,42.2,42.2,3692.0,CM
2023-05-26 15:07:00,42.25,42.25,42.23,42.23,1530.0,CM
2023-05-26 15:06:00,42.2685,42.2685,42.255,42.255,644.0,CM
2023-05-26 15:05:00,42.25,42.25,42.25,42.25,889.0,CM
2023-05-26 15:04:00,42.255,42.255,42.25,42.255,3319.0,CM
2023-05-26 15:03:00,42.26,42.26,42.26,42.26,807.0,CM
2023-05-26 15:01:00,42.245,42.26,42.245,42.26,2109.0,CM
2023-05-26 14:59:00,42.23,42.23,42.23,42.23,112.0,CM
2023-05-26 14:58:00,42.235,42.235,42.23,42.23,1129.0,CM
2023-05-26 14:57:00,42.255,42.26,42.25,42.25,3222.0,CM
2023-05-26 14:55:00,42.26,42.26,42.26,42.26,440.0,CM
2023-05-26 14:54:00,42.25,42.26,42.25,42.26,2648.0,CM
2023-05-26 14:53:00,42.2642,42.2642,42.245,42.245,1508.0,CM
2023-05-26 14:52:00,42.26,42.26,42.255,42.2599,1876.0,CM
2023-05-26 14:51:00,42.25,42.26,42.25,42.26,762.0,CM
2023-05-26 14:50:00,42.24,42.24,42.24,42.24,223.0,CM
2023-05-26 14:49:00,42.26,42.26,42.25,42.25,1591.0,CM
2023-05-26 14:48:00,42.25,42.255,42.25,42.255,584.0,CM
2023-05-26 14:46:00,42.24,42.255,42.24,42.255,706.0,CM
2023-05-26 14:45:00,42.26,42.26,42.25,42.25,2768.0,CM
2023-05-26 14:44:00,42.26,42.26,42.26,42.26,214.0,CM
2023-05-26 14:43:00,42.25,42.25,42.25,42.25,571.0,CM
2023-05-26 14:42:00,42.265,42.265,42.25,42.25,3375.0,CM
2023-05-26 14:41:00,42.27,42.27,42.26,42.26,781.0,CM
2023-05-26 14:40:00,42.27,42.2716,42.27,42.27,1190.0,CM
2023-05-26 14:39:00,42.28,42.28,42.26,42.26,683.0,CM
2023-05-26 14:38:00,42.27,42.285,42.27,42.285,1999.0,CM
2023-05-26 14:37:00,42.26,42.26,42.26,42.26,283.0,CM
2023-05-26 14:36:00,42.27,42.27,42.27,42.27,224.0,CM
2023-05-26 14:35:00,42.27,42.275,42.27,42.275,467.0,CM
2023-05-26 14:34:00,42.27,42.27,42.26,42.2609,761.0,CM
2023-05-26 14:33:00,42.26,42.275,42.26,42.275,2382.0,CM
2023-05-26 14:32:00,42.2701,42.2701,42.26,42.265,9951.0,CM
2023-05-26 14:31:00,42.275,42.275,42.27,42.27,205.0,CM
2023-05-26 14:30:00,42.28,42.28,42.28,42.28,442.0,CM
2023-05-26 14:29:00,42.285,42.285,42.285,42.285,246.0,CM
2023-05-26 14:28:00,42.27,42.29,42.27,42.28,720.0,CM
2023-05-26 14:26:00,42.26,42.26,42.26,42.26,361.0,CM
2023-05-26 14:24:00,42.255,42.26,42.255,42.26,1231.0,CM
2023-05-26 14:23:00,42.27,42.27,42.26,42.26,632.0,CM
2023-05-26 14:20:00,42.26,42.26,42.26,42.26,1373.0,CM
2023-05-26 14:18:00,42.2522,42.27,42.2522,42.27,1590.0,CM
2023-05-26 14:17:00,42.239,42.24,42.239,42.24,639.0,CM
2023-05-26 14:15:00,42.23,42.23,42.23,42.23,1390.0,CM
2023-05-26 14:14:00,42.22,42.23,42.21,42.23,1760.0,CM
2023-05-26 14:13:00,42.25,42.25,42.22,42.23,10800.0,CM
2023-05-26 14:12:00,42.245,42.255,42.24,42.255,3156.0,CM
2023-05-26 14:11:00,42.235,42.2375,42.235,42.2375,523.0,CM
2023-05-26 14:10:00,42.22,42.23,42.22,42.23,673.0,CM
2023-05-26 14:09:00,42.21,42.21,42.21,42.21,129.0,CM
2023-05-26 14:08:00,42.205,42.22,42.19,42.21,4422.0,CM
2023-05-26 14:07:00,42.195,42.2,42.1931,42.195,748.0,CM
2023-05-26 14:06:00,42.19,42.19,42.19,42.19,126.0,CM
2023-05-26 14:05:00,42.195,42.195,42.195,42.195,123.0,CM
2023-05-26 14:04:00,42.19,42.195,42.19,42.19,3454.0,CM
2023-05-26 14:03:00,42.18,42.185,42.18,42.185,733.0,CM
2023-05-26 14:02:00,42.2,42.2,42.19,42.19,15767.0,CM
2023-05-26 14:01:00,42.21,42.21,42.21,42.21,914.0,CM
2023-05-26 14:00:00,42.2,42.2,42.2,42.2,177.0,CM
2023-05-26 13:59:00,42.18,42.19,42.18,42.19,7729.0,CM
2023-05-26 13:58:00,42.17,42.18,42.165,42.18,2029.0,CM
2023-05-26 13:57:00,42.17,42.2,42.17,42.18,5624.0,CM
2023-05-26 13:56:00,42.16,42.1614,42.16,42.1614,676.0,CM
2023-05-26 13:54:00,42.15,42.15,42.145,42.145,278.0,CM
2023-05-26 13:53:00,42.158,42.158,42.158,42.158,253.0,CM
2023-05-26 13:51:00,42.16,42.16,42.16,42.16,389.0,CM
2023-05-26 13:50:00,42.16,42.165,42.16,42.165,369.0,CM
2023-05-26 13:49:00,42.14,42.15,42.14,42.15,2033.0,CM
2023-05-26 13:48:00,42.12,42.13,42.12,42.13,1396.0,CM
2023-05-26 13:46:00,42.125,42.125,42.125,42.125,533.0,CM
2023-05-26 13:45:00,42.135,42.14,42.135,42.14,368.0,CM
2023-05-26 13:44:00,42.15,42.155,42.145,42.145,1795.0,CM
2023-05-26 13:43:00,42.15,42.15,42.145,42.145,795.0,CM
2023-05-26 13:42:00,42.1545,42.1545,42.14,42.15,740.0,CM
2023-05-26 13:41:00,42.15,42.16,42.15,42.16,997.0,CM
2023-05-26 13:40:00,42.18,42.18,42.15,42.15,884.0,CM
2023-05-26 13:39:00,42.185,42.19,42.185,42.19,1204.0,CM
2023-05-26 13:36:00,42.185,42.185,42.185,42.185,1461.0,CM
2023-05-26 13:35:00,42.2,42.2,42.19,42.19,508.0,CM
2023-05-26 13:34:00,42.2,42.2,42.2,42.2,124.0,CM
2023-05-26 13:33:00,42.2,42.2,42.2,42.2,489.0,CM
2023-05-26 13:32:00,42.18,42.2,42.18,42.2,1276.0,CM
2023-05-26 13:31:00,42.175,42.175,42.17,42.17,225.0,CM
2023-05-26 13:30:00,42.17,42.17,42.17,42.17,329.0,CM
2023-05-26 13:29:00,42.155,42.16,42.155,42.16,524.0,CM
2023-05-26 13:28:00,42.15,42.16,42.15,42.16,3324.0,CM
2023-05-26 13:27:00,42.155,42.155,42.155,42.155,200.0,CM
2023-05-26 13:26:00,42.1599,42.1599,42.1599,42.1599,325.0,CM
2023-05-26 13:23:00,42.16,42.17,42.16,42.17,349.0,CM
2023-05-26 13:20:00,42.145,42.15,42.145,42.15,2396.0,CM
2023-05-26 13:19:00,42.13,42.15,42.13,42.15,4382.0,CM
2023-05-26 13:18:00,42.135,42.14,42.13,42.13,3160.0,CM
2023-05-26 13:17:00,42.14,42.15,42.14,42.15,2119.0,CM
2023-05-26 13:16:00,42.145,42.15,42.14,42.15,10141.0,CM
2023-05-26 13:15:00,42.16,42.16,42.145,42.145,1296.0,CM
2023-05-26 13:14:00,42.16,42.16,42.16,42.16,203.0,CM
2023-05-26 13:13:00,42.158,42.16,42.15,42.16,527.0,CM
2023-05-26 13:12:00,42.16,42.16,42.155,42.155,776.0,CM
2023-05-26 13:11:00,42.14,42.15,42.14,42.15,732.0,CM
2023-05-26 13:10:00,42.13,42.13,42.13,42.13,201.0,CM
2023-05-26 13:08:00,42.13,42.13,42.13,42.13,301.0,CM
2023-05-26 13:07:00,42.13,42.13,42.125,42.125,211.0,CM
2023-05-26 13:06:00,42.12,42.13,42.12,42.13,420.0,CM
2023-05-26 13:05:00,42.13,42.13,42.12,42.12,3220.0,CM
2023-05-26 13:04:00,42.12,42.12,42.12,42.12,141.0,CM
2023-05-26 13:03:00,42.165,42.165,42.15,42.15,2385.0,CM
2023-05-26 13:02:00,42.16,42.16,42.16,42.16,229.0,CM
2023-05-26 13:01:00,42.17,42.17,42.16,42.16,478.0,CM
2023-05-26 13:00:00,42.17,42.1701,42.17,42.17,424.0,CM
2023-05-26 12:58:00,42.155,42.155,42.155,42.155,323.0,CM
2023-05-26 12:57:00,42.15,42.155,42.15,42.1512,793.0,CM
2023-05-26 12:56:00,42.15,42.15,42.15,42.15,691.0,CM
2023-05-26 12:54:00,42.1312,42.14,42.1312,42.14,634.0,CM
2023-05-26 12:53:00,42.15,42.155,42.14,42.14,2864.0,CM
2023-05-26 12:52:00,42.13,42.14,42.13,42.14,816.0,CM
2023-05-26 12:51:00,42.13,42.13,42.12,42.12,784.0,CM
2023-05-26 12:50:00,42.12,42.125,42.12,42.125,270.0,CM
2023-05-26 12:49:00,42.11,42.12,42.11,42.12,2059.0,CM
2023-05-26 12:48:00,42.105,42.105,42.105,42.105,163.0,CM
2023-05-26 12:47:00,42.1091,42.115,42.1091,42.115,779.0,CM
2023-05-26 12:46:00,42.11,42.11,42.11,42.11,111.0,CM
2023-05-26 12:44:00,42.1,42.11,42.1,42.11,359.0,CM
2023-05-26 12:43:00,42.1,42.1,42.1,42.1,296.0,CM
2023-05-26 12:41:00,42.1226,42.1226,42.1226,42.1226,714.0,CM
2023-05-26 12:40:00,42.12,42.12,42.11,42.12,678.0,CM
2023-05-26 12:39:00,42.12,42.1239,42.12,42.1239,422.0,CM
2023-05-26 12:38:00,42.13,42.13,42.13,42.13,218.0,CM
2023-05-26 12:37:00,42.13,42.13,42.13,42.13,385.0,CM
2023-05-26 12:36:00,42.13,42.13,42.13,42.13,969.0,CM
2023-05-26 12:35:00,42.11,42.12,42.1,42.12,1809.0,CM
2023-05-26 12:34:00,42.13,42.13,42.1,42.1,2031.0,CM
2023-05-26 12:33:00,42.13,42.1305,42.12,42.13,754.0,CM
2023-05-26 12:32:00,42.1811,42.1811,42.14,42.14,12090.0,CM
2023-05-26 12:31:00,42.17,42.19,42.17,42.19,1131.0,CM
2023-05-26 12:29:00,42.17,42.17,42.164,42.164,659.0,CM
2023-05-26 12:28:00,42.17,42.18,42.17,42.17,550.0,CM
2023-05-26 12:27:00,42.15,42.15,42.14,42.15,2427.0,CM
2023-05-26 12:26:00,42.15,42.15,42.1375,42.14,1465.0,CM
2023-05-26 12:25:00,42.16,42.16,42.14,42.145,673.0,CM
2023-05-26 12:24:00,42.16,42.17,42.16,42.17,636.0,CM
2023-05-26 12:23:00,42.17,42.17,42.1513,42.1513,299.0,CM
2023-05-26 12:22:00,42.15,42.165,42.15,42.165,344.0,CM
2023-05-26 12:21:00,42.12,42.14,42.12,42.14,1008.0,CM
2023-05-26 12:20:00,42.12,42.1285,42.12,42.12,778.0,CM
2023-05-26 12:19:00,42.1,42.11,42.1,42.11,1640.0,CM
2023-05-26 12:18:00,42.1,42.105,42.09,42.095,2041.0,CM
2023-05-26 12:17:00,42.1,42.1,42.095,42.1,1159.0,CM
2023-05-26 12:15:00,42.115,42.12,42.115,42.12,251.0,CM
2023-05-26 12:14:00,42.12,42.12,42.12,42.12,205.0,CM
2023-05-26 12:13:00,42.12,42.1275,42.12,42.1275,879.0,CM
2023-05-26 12:12:00,42.13,42.13,42.125,42.1263,1113.0,CM
2023-05-26 12:11:00,42.134,42.1399,42.134,42.1399,790.0,CM
2023-05-26 12:09:00,42.13,42.13,42.13,42.13,646.0,CM
2023-05-26 12:08:00,42.1,42.13,42.1,42.13,1225.0,CM
2023-05-26 12:07:00,42.1,42.1,42.1,42.1,7061.0,CM
2023-05-26 12:05:00,42.09,42.09,42.0806,42.0806,1740.0,CM
2023-05-26 12:04:00,42.07,42.09,42.07,42.09,1502.0,CM
2023-05-26 12:03:00,42.06,42.06,42.06,42.06,316.0,CM
2023-05-26 12:02:00,42.06,42.06,42.06,42.06,548.0,CM
2023-05-26 12:01:00,42.03,42.04,42.03,42.04,856.0,CM
2023-05-26 12:00:00,42.03,42.03,42.03,42.03,154.0,CM
2023-05-26 11:59:00,42.03,42.03,42.03,42.03,228.0,CM
2023-05-26 11:58:00,42.04,42.04,42.04,42.04,648.0,CM
2023-05-26 11:57:00,42.06,42.06,42.04,42.04,1389.0,CM
2023-05-26 11:56:00,42.06,42.06,42.06,42.06,200.0,CM
2023-05-26 11:54:00,42.06,42.06,42.045,42.045,690.0,CM
2023-05-26 11:53:00,42.06,42.06,42.06,42.06,200.0,CM
2023-05-26 11:52:00,42.06,42.07,42.06,42.06,590.0,CM
2023-05-26 11:51:00,42.05,42.05,42.05,42.05,1271.0,CM
2023-05-26 11:50:00,42.045,42.045,42.04,42.04,1391.0,CM
2023-05-26 11:49:00,42.02,42.02,42.02,42.02,572.0,CM
2023-05-26 11:48:00,42.01,42.015,42.01,42.015,211.0,CM
2023-05-26 11:47:00,41.99,42.03,41.99,42.02,1234.0,CM
2023-05-26 11:46:00,42.0,42.0,41.99,42.0,5708.0,CM
2023-05-26 11:45:00,41.99,42.0,41.985,42.0,2214.0,CM
2023-05-26 11:44:00,41.98,41.98,41.97,41.98,2119.0,CM
2023-05-26 11:43:00,41.98,41.99,41.97,41.98,4592.0,CM
2023-05-26 11:42:00,41.93,41.98,41.93,41.98,2972.0,CM
2023-05-26 11:41:00,41.9,41.93,41.9,41.93,1932.0,CM
2023-05-26 11:39:00,41.89,41.89,41.89,41.89,287.0,CM
2023-05-26 11:38:00,41.895,41.9,41.89,41.89,1262.0,CM
2023-05-26 11:37:00,41.91,41.91,41.9,41.905,506.0,CM
2023-05-26 11:36:00,41.9,41.92,41.9,41.92,638.0,CM
2023-05-26 11:35:00,41.885,41.89,41.88,41.89,1888.0,CM
2023-05-26 11:34:00,41.9,41.9,41.89,41.89,1690.0,CM
2023-05-26 11:33:00,41.8808,41.89,41.8808,41.89,1891.0,CM
2023-05-26 11:32:00,41.87,41.89,41.87,41.89,463.0,CM
2023-05-26 11:31:00,41.88,41.88,41.86,41.87,2973.0,CM
2023-05-26 11:30:00,41.85,41.87,41.85,41.87,506.0,CM
2023-05-26 11:29:00,41.84,41.85,41.84,41.85,1550.0,CM
2023-05-26 11:28:00,41.865,41.865,41.85,41.85,388.0,CM
2023-05-26 11:27:00,41.88,41.88,41.87,41.87,448.0,CM
2023-05-26 11:26:00,41.86,41.89,41.86,41.89,2252.0,CM
2023-05-26 11:25:00,41.87,41.87,41.85,41.86,614.0,CM
2023-05-26 11:24:00,41.85,41.85,41.85,41.85,582.0,CM
2023-05-26 11:23:00,41.86,41.86,41.85,41.85,1539.0,CM
2023-05-26 11:22:00,41.9,41.9,41.88,41.88,1669.0,CM
2023-05-26 11:21:00,41.89,41.9,41.89,41.9,617.0,CM
2023-05-26 11:20:00,41.91,41.91,41.89,41.9,3992.0,CM
2023-05-26 11:19:00,41.91,41.91,41.89,41.9,803.0,CM
2023-05-26 11:18:00,41.91,41.92,41.91,41.91,1901.0,CM
2023-05-26 11:17:00,41.91,41.91,41.91,41.91,200.0,CM
2023-05-26 11:16:00,41.91,41.91,41.91,41.91,809.0,CM
2023-05-26 11:15:00,41.91,41.91,41.91,41.91,103.0,CM
2023-05-26 11:13:00,41.8893,41.8893,41.8893,41.8893,469.0,CM
2023-05-26 11:12:00,41.89,41.8988,41.89,41.89,926.0,CM
2023-05-26 11:11:00,41.87,41.895,41.87,41.895,1317.0,CM
2023-05-26 11:10:00,41.915,41.92,41.89,41.89,1884.0,CM
2023-05-26 11:09:00,41.96,41.96,41.96,41.96,297.0,CM
2023-05-26 11:08:00,41.97,41.97,41.97,41.97,204.0,CM
2023-05-26 11:07:00,41.945,41.98,41.94,41.97,1865.0,CM
2023-05-26 11:06:00,41.955,41.955,41.94,41.94,458.0,CM
2023-05-26 11:05:00,41.98,41.98,41.97,41.97,507.0,CM
2023-05-26 11:04:00,41.97,41.979,41.96,41.97,3409.0,CM
2023-05-26 11:03:00,41.97,41.97,41.96,41.96,483.0,CM
2023-05-26 11:02:00,41.98,41.98,41.98,41.98,304.0,CM
2023-05-26 11:01:00,41.99,41.99,41.98,41.98,328.0,CM
2023-05-26 11:00:00,41.96,41.98,41.96,41.98,339.0,CM
2023-05-26 10:59:00,41.965,41.97,41.96,41.96,610.0,CM
2023-05-26 10:58:00,41.95,41.96,41.95,41.96,1838.0,CM
2023-05-26 10:57:00,41.95,41.95,41.95,41.95,732.0,CM
2023-05-26 10:56:00,41.96,41.96,41.94,41.94,2943.0,CM
2023-05-26 10:55:00,41.98,41.98,41.97,41.97,1749.0,CM
2023-05-26 10:54:00,41.96,41.971,41.96,41.971,685.0,CM
2023-05-26 10:53:00,41.97,41.98,41.95,41.95,1950.0,CM
2023-05-26 10:52:00,41.97,41.97,41.95,41.9619,3069.0,CM
2023-05-26 10:51:00,42.0,42.0,41.96,41.96,4064.0,CM
2023-05-26 10:50:00,42.04,42.04,42.005,42.005,553.0,CM
2023-05-26 10:49:00,42.03,42.04,42.03,42.04,2387.0,CM
2023-05-26 10:48:00,42.04,42.055,42.04,42.04,1947.0,CM
2023-05-26 10:47:00,42.03,42.03,42.02,42.02,1079.0,CM
2023-05-26 10:46:00,42.0,42.02,42.0,42.02,505.0,CM
2023-05-26 10:45:00,42.01,42.01,41.985,41.99,890.0,CM
2023-05-26 10:44:00,42.01,42.01,42.0,42.01,1524.0,CM
2023-05-26 10:43:00,42.07,42.08,42.05,42.05,4443.0,CM
2023-05-26 10:42:00,42.08,42.08,42.06,42.07,1062.0,CM
2023-05-26 10:41:00,42.05,42.07,42.05,42.07,265.0,CM
2023-05-26 10:39:00,42.06,42.06,42.06,42.06,1177.0,CM
2023-05-26 10:38:00,42.0284,42.03,42.0284,42.03,541.0,CM
2023-05-26 10:37:00,42.06,42.06,42.05,42.05,331.0,CM
2023-05-26 10:36:00,42.08,42.08,42.0725,42.08,1511.0,CM
2023-05-26 10:35:00,42.08,42.08,42.06,42.06,579.0,CM
2023-05-26 10:34:00,42.06,42.07,42.05,42.07,1489.0,CM
2023-05-26 10:33:00,42.05,42.05,42.03,42.03,305.0,CM
2023-05-26 10:32:00,42.02,42.05,42.02,42.05,1183.0,CM
2023-05-26 10:31:00,42.09,42.09,42.0262,42.038,1486.0,CM
2023-05-26 10:30:00,42.09,42.1,42.06,42.08,14852.0,CM
2023-05-26 10:29:00,42.09,42.09,42.0891,42.0891,1304.0,CM
2023-05-26 10:28:00,42.07,42.09,42.07,42.07,1296.0,CM
2023-05-26 10:27:00,42.08,42.08,42.069,42.069,637.0,CM
2023-05-26 10:26:00,42.07,42.08,42.07,42.08,685.0,CM
2023-05-26 10:25:00,42.09,42.09,42.06,42.0609,856.0,CM
2023-05-26 10:24:00,42.06,42.07,42.06,42.07,866.0,CM
2023-05-26 10:23:00,41.99,42.03,41.99,42.02,1257.0,CM
2023-05-26 10:22:00,42.03,42.03,41.981,41.99,2180.0,CM
2023-05-26 10:21:00,42.0201,42.06,42.0,42.02,4916.0,CM
2023-05-26 10:20:00,42.025,42.03,42.0201,42.03,1381.0,CM
2023-05-26 10:19:00,42.02,42.0262,42.02,42.0262,1606.0,CM
2023-05-26 10:18:00,42.0,42.0,42.0,42.0,371.0,CM
2023-05-26 10:17:00,42.01,42.01,42.0,42.0,1221.0,CM
2023-05-26 10:16:00,42.03,42.03,42.01,42.02,1760.0,CM
2023-05-26 10:15:00,42.02,42.03,42.02,42.0209,2101.0,CM
2023-05-26 10:14:00,41.981,42.0,41.975,42.0,3002.0,CM
2023-05-26 10:13:00,41.98,41.98,41.98,41.98,350.0,CM
2023-05-26 10:12:00,41.99,41.99,41.9893,41.9893,366.0,CM
2023-05-26 10:11:00,42.0115,42.03,41.99,42.0,3613.0,CM
2023-05-26 10:10:00,42.0,42.03,42.0,42.02,4895.0,CM
2023-05-26 10:09:00,42.01,42.03,42.01,42.03,1470.0,CM
2023-05-26 10:08:00,41.99,42.01,41.99,41.99,1734.0,CM
2023-05-26 10:07:00,41.98,41.98,41.98,41.98,212.0,CM
2023-05-26 10:06:00,41.95,41.97,41.95,41.96,2948.0,CM
2023-05-26 10:05:00,41.96,41.96,41.94,41.94,422.0,CM
2023-05-26 10:04:00,41.91,41.93,41.91,41.93,1631.0,CM
2023-05-26 10:03:00,41.96,41.96,41.9,41.9,458.0,CM
2023-05-26 10:02:00,41.93,41.95,41.91,41.95,2962.0,CM
2023-05-26 10:01:00,41.93,41.955,41.93,41.95,1489.0,CM
2023-05-26 10:00:00,41.9,41.94,41.9,41.92,2603.0,CM
2023-05-26 09:59:00,41.9,41.9,41.87,41.9,5945.0,CM
2023-05-26 09:58:00,41.9,41.9,41.9,41.9,314.0,CM
2023-05-26 09:57:00,41.87,41.89,41.87,41.89,364.0,CM
2023-05-26 09:56:00,41.88,41.88,41.86,41.865,3635.0,CM
2023-05-26 09:55:00,41.88,41.89,41.875,41.875,2419.0,CM
2023-05-26 09:54:00,41.86,41.88,41.86,41.87,1963.0,CM
2023-05-26 09:53:00,41.84,41.87,41.84,41.87,2634.0,CM
2023-05-26 09:52:00,41.84,41.85,41.815,41.8201,2941.0,CM
2023-05-26 09:51:00,41.81,41.84,41.8,41.84,6070.0,CM
2023-05-26 09:50:00,41.87,41.87,41.81,41.81,9078.0,CM
2023-05-26 09:49:00,41.86,41.865,41.845,41.865,1291.0,CM
2023-05-26 09:48:00,41.9,41.9,41.86,41.86,3432.0,CM
2023-05-26 09:47:00,41.9,41.91,41.895,41.9,960.0,CM
2023-05-26 09:46:00,41.905,41.91,41.89,41.91,1253.0,CM
2023-05-26 09:45:00,41.92,41.92,41.89,41.89,475.0,CM
2023-05-26 09:44:00,41.9,41.905,41.87,41.895,1380.0,CM
2023-05-26 09:43:00,41.94,41.94,41.89,41.9,1249.0,CM
2023-05-26 09:42:00,41.98,41.98,41.97,41.97,602.0,CM
2023-05-26 09:41:00,41.95,42.01,41.95,41.99,7929.0,CM
2023-05-26 09:40:00,41.94,41.94,41.9095,41.9095,1230.0,CM
2023-05-26 09:39:00,41.91,41.91,41.91,41.91,356.0,CM
2023-05-26 09:38:00,41.92,41.92,41.89,41.91,2694.0,CM
2023-05-26 09:37:00,41.84,41.93,41.84,41.93,15162.0,CM
2023-05-26 09:36:00,41.81,41.81,41.79,41.81,1141.0,CM
2023-05-26 09:35:00,41.84,41.87,41.832,41.84,1959.0,CM
2023-05-26 09:34:00,41.84,41.84,41.8,41.8178,4163.0,CM
2023-05-26 09:33:00,41.8,41.83,41.8,41.83,692.0,CM
2023-05-26 09:32:00,41.66,41.75,41.66,41.75,3263.0,CM
2023-05-26 09:31:00,41.68,41.71,41.68,41.68,967.0,CM
2023-05-26 09:30:00,41.72,41.74,41.63,41.68,14875.0,CM
2023-05-25 16:22:00,41.61,41.61,41.6,41.6,300.0,CM
2023-05-25 16:05:00,41.6,41.6,41.6,41.6,700.0,CM
2023-05-25 16:02:00,41.51,41.51,41.51,41.51,200.0,CM
2023-05-25 16:01:00,41.5,41.5,41.5,41.5,100.0,CM
2023-05-25 16:00:00,41.66,41.66,41.66,41.66,6622.0,CM
2023-05-25 15:59:00,41.665,41.68,41.63,41.66,92897.0,CM
2023-05-25 15:58:00,41.665,41.68,41.65,41.665,47938.0,CM
2023-05-25 15:57:00,41.63,41.6608,41.63,41.6608,12229.0,CM
2023-05-25 15:56:00,41.64,41.66,41.62,41.64,25047.0,CM
2023-05-25 15:55:00,41.6,41.65,41.6,41.65,26275.0,CM
2023-05-25 15:54:00,41.59,41.61,41.57,41.61,10304.0,CM
2023-05-25 15:53:00,41.58,41.615,41.575,41.59,17314.0,CM
2023-05-25 15:52:00,41.54,41.575,41.535,41.575,6213.0,CM
2023-05-25 15:51:00,41.54,41.555,41.53,41.53,8048.0,CM
2023-05-25 15:50:00,41.57,41.6,41.53,41.54,7622.0,CM
2023-05-25 15:49:00,41.54,41.5706,41.535,41.56,4649.0,CM
2023-05-25 15:48:00,41.56,41.565,41.525,41.53,4869.0,CM
2023-05-25 15:47:00,41.575,41.575,41.54,41.55,11046.0,CM
2023-05-25 15:46:00,41.565,41.585,41.545,41.57,9867.0,CM
2023-05-25 15:45:00,41.55,41.565,41.55,41.56,5766.0,CM
2023-05-25 15:44:00,41.535,41.57,41.535,41.555,8434.0,CM
2023-05-25 15:43:00,41.54,41.54,41.53,41.53,2449.0,CM
2023-05-25 15:42:00,41.54,41.54,41.515,41.53,9639.0,CM
2023-05-25 15:41:00,41.51,41.545,41.505,41.54,4707.0,CM
2023-05-25 15:40:00,41.495,41.515,41.495,41.51,2163.0,CM
2023-05-25 15:39:00,41.48,41.495,41.47,41.495,5047.0,CM
2023-05-25 15:38:00,41.5,41.5,41.48,41.485,3086.0,CM
2023-05-25 15:37:00,41.47,41.5,41.47,41.49,6275.0,CM
2023-05-25 15:36:00,41.48,41.5,41.475,41.48,8596.0,CM
2023-05-25 15:35:00,41.52,41.52,41.47,41.48,5116.0,CM
2023-05-25 15:34:00,41.525,41.525,41.51,41.51,4198.0,CM
2023-05-25 15:33:00,41.58,41.58,41.53,41.53,4033.0,CM
2023-05-25 15:32:00,41.55,41.59,41.55,41.57,3874.0,CM
2023-05-25 15:31:00,41.54,41.545,41.52,41.545,4764.0,CM
2023-05-25 15:30:00,41.53,41.56,41.53,41.54,8229.0,CM
2023-05-25 15:29:00,41.53,41.53,41.525,41.53,4631.0,CM
2023-05-25 15:28:00,41.53,41.54,41.53,41.53,2871.0,CM
2023-05-25 15:27:00,41.5099,41.52,41.5,41.515,2789.0,CM
2023-05-25 15:26:00,41.53,41.53,41.51,41.51,2828.0,CM
2023-05-25 15:25:00,41.55,41.55,41.525,41.5392,2860.0,CM
2023-05-25 15:24:00,41.55,41.555,41.55,41.555,2427.0,CM
2023-05-25 15:23:00,41.54,41.55,41.52,41.55,2386.0,CM
2023-05-25 15:22:00,41.51,41.55,41.51,41.55,5718.0,CM
2023-05-25 15:21:00,41.495,41.51,41.495,41.51,2298.0,CM
2023-05-25 15:20:00,41.48,41.505,41.48,41.495,5451.0,CM
2023-05-25 15:19:00,41.51,41.51,41.48,41.48,1750.0,CM
2023-05-25 15:18:00,41.51,41.51,41.49,41.51,977.0,CM
2023-05-25 15:17:00,41.52,41.52,41.495,41.51,1943.0,CM
2023-05-25 15:16:00,41.54,41.54,41.52,41.52,4379.0,CM
2023-05-25 15:15:00,41.61,41.61,41.54,41.54,10254.0,CM
2023-05-25 15:14:00,41.58,41.6,41.58,41.6,2947.0,CM
2023-05-25 15:13:00,41.61,41.61,41.58,41.58,3614.0,CM
2023-05-25 15:12:00,41.5808,41.59,41.5808,41.59,4176.0,CM
2023-05-25 15:11:00,41.635,41.635,41.59,41.595,3874.0,CM
2023-05-25 15:10:00,41.645,41.645,41.63,41.63,1326.0,CM
2023-05-25 15:09:00,41.64,41.64,41.63,41.64,2534.0,CM
2023-05-25 15:08:00,41.65,41.65,41.65,41.65,642.0,CM
2023-05-25 15:07:00,41.65,41.65,41.635,41.64,1610.0,CM
2023-05-25 15:06:00,41.635,41.65,41.635,41.65,321.0,CM
2023-05-25 15:05:00,41.65,41.65,41.65,41.65,1414.0,CM
2023-05-25 15:04:00,41.62,41.64,41.62,41.64,2173.0,CM
2023-05-25 15:03:00,41.61,41.62,41.61,41.62,918.0,CM
2023-05-25 15:02:00,41.64,41.64,41.605,41.605,1595.0,CM
2023-05-25 15:01:00,41.655,41.655,41.63,41.63,3403.0,CM
2023-05-25 15:00:00,41.62,41.63,41.62,41.63,1791.0,CM
2023-05-25 14:59:00,41.59,41.605,41.59,41.605,823.0,CM
2023-05-25 14:58:00,41.59,41.59,41.585,41.59,1300.0,CM
2023-05-25 14:57:00,41.61,41.615,41.58,41.58,1118.0,CM
2023-05-25 14:56:00,41.6,41.61,41.58,41.61,1127.0,CM
2023-05-25 14:55:00,41.62,41.625,41.605,41.605,1670.0,CM
2023-05-25 14:54:00,41.62,41.62,41.62,41.62,1484.0,CM
2023-05-25 14:53:00,41.615,41.615,41.61,41.615,1430.0,CM
2023-05-25 14:52:00,41.59,41.61,41.585,41.61,1040.0,CM
2023-05-25 14:51:00,41.6,41.6,41.595,41.6,1176.0,CM
2023-05-25 14:50:00,41.61,41.61,41.6,41.6,709.0,CM
2023-05-25 14:49:00,41.65,41.65,41.605,41.605,1811.0,CM
2023-05-25 14:48:00,41.63,41.64,41.62,41.64,4597.0,CM
2023-05-25 14:47:00,41.61,41.63,41.59,41.63,1493.0,CM
2023-05-25 14:46:00,41.6,41.62,41.59,41.62,4144.0,CM
2023-05-25 14:45:00,41.62,41.62,41.61,41.61,900.0,CM
2023-05-25 14:44:00,41.58,41.62,41.58,41.62,1483.0,CM
2023-05-25 14:43:00,41.58,41.58,41.57,41.58,802.0,CM
2023-05-25 14:42:00,41.61,41.61,41.58,41.58,1223.0,CM
2023-05-25 14:41:00,41.64,41.6408,41.615,41.62,2505.0,CM
2023-05-25 14:40:00,41.62,41.65,41.62,41.65,2101.0,CM
2023-05-25 14:39:00,41.62,41.62,41.615,41.62,1739.0,CM
2023-05-25 14:38:00,41.58,41.62,41.58,41.62,6681.0,CM
2023-05-25 14:37:00,41.61,41.61,41.575,41.58,934.0,CM
2023-05-25 14:36:00,41.62,41.62,41.6,41.61,1219.0,CM
2023-05-25 14:35:00,41.65,41.65,41.605,41.605,1453.0,CM
2023-05-25 14:34:00,41.64,41.655,41.63,41.655,1184.0,CM
2023-05-25 14:33:00,41.67,41.67,41.6425,41.6425,1470.0,CM
2023-05-25 14:32:00,41.71,41.71,41.68,41.68,4930.0,CM
2023-05-25 14:31:00,41.74,41.74,41.71,41.71,1186.0,CM
2023-05-25 14:30:00,41.735,41.74,41.73,41.74,2333.0,CM
2023-05-25 14:29:00,41.75,41.76,41.74,41.745,2722.0,CM
2023-05-25 14:28:00,41.755,41.76,41.755,41.76,490.0,CM
2023-05-25 14:27:00,41.7608,41.77,41.755,41.76,1868.0,CM
2023-05-25 14:26:00,41.73,41.76,41.73,41.76,3295.0,CM
2023-05-25 14:25:00,41.7001,41.72,41.7001,41.72,1522.0,CM
2023-05-25 14:24:00,41.73,41.73,41.7,41.7,1884.0,CM
2023-05-25 14:23:00,41.74,41.76,41.74,41.74,1103.0,CM
2023-05-25 14:22:00,41.73,41.73,41.725,41.73,623.0,CM
2023-05-25 14:21:00,41.72,41.73,41.715,41.73,1992.0,CM
2023-05-25 14:20:00,41.73,41.73,41.71,41.71,3641.0,CM
2023-05-25 14:19:00,41.74,41.74,41.73,41.735,1073.0,CM
2023-05-25 14:18:00,41.75,41.75,41.745,41.75,1121.0,CM
2023-05-25 14:17:00,41.77,41.77,41.75,41.75,1889.0,CM
2023-05-25 14:16:00,41.765,41.765,41.75,41.765,2033.0,CM
2023-05-25 14:15:00,41.74,41.77,41.74,41.7613,1342.0,CM
2023-05-25 14:14:00,41.75,41.75,41.735,41.74,1258.0,CM
2023-05-25 14:13:00,41.745,41.75,41.73,41.75,801.0,CM
2023-05-25 14:12:00,41.77,41.77,41.745,41.745,2042.0,CM
2023-05-25 14:11:00,41.79,41.79,41.78,41.78,1377.0,CM
2023-05-25 14:10:00,41.785,41.79,41.785,41.79,2112.0,CM
2023-05-25 14:09:00,41.76,41.789,41.76,41.789,8493.0,CM
2023-05-25 14:08:00,41.76,41.77,41.76,41.76,2276.0,CM
2023-05-25 14:07:00,41.74,41.75,41.74,41.75,679.0,CM
2023-05-25 14:06:00,41.74,41.75,41.73,41.75,2641.0,CM
2023-05-25 14:05:00,41.76,41.76,41.74,41.74,881.0,CM
2023-05-25 14:04:00,41.76,41.76,41.73,41.76,1988.0,CM
2023-05-25 14:03:00,41.8,41.805,41.77,41.77,1962.0,CM
2023-05-25 14:02:00,41.83,41.83,41.81,41.81,1531.0,CM
2023-05-25 14:01:00,41.83,41.85,41.83,41.83,1271.0,CM
2023-05-25 14:00:00,41.77,41.845,41.77,41.83,27385.0,CM
2023-05-25 13:59:00,41.74,41.75,41.74,41.75,2171.0,CM
2023-05-25 13:58:00,41.74,41.74,41.735,41.735,625.0,CM
2023-05-25 13:57:00,41.74,41.74,41.73,41.73,1942.0,CM
2023-05-25 13:56:00,41.75,41.75,41.74,41.74,1329.0,CM
2023-05-25 13:55:00,41.73,41.74,41.73,41.74,2309.0,CM
2023-05-25 13:54:00,41.74,41.74,41.715,41.73,2401.0,CM
2023-05-25 13:53:00,41.77,41.77,41.735,41.74,1367.0,CM
2023-05-25 13:52:00,41.78,41.78,41.78,41.78,228.0,CM
2023-05-25 13:51:00,41.78,41.78,41.78,41.78,1119.0,CM
2023-05-25 13:50:00,41.79,41.79,41.79,41.79,611.0,CM
2023-05-25 13:49:00,41.79,41.79,41.79,41.79,120.0,CM
2023-05-25 13:48:00,41.8,41.8,41.79,41.79,755.0,CM
2023-05-25 13:47:00,41.7837,41.79,41.7837,41.79,554.0,CM
2023-05-25 13:46:00,41.79,41.79,41.78,41.79,1496.0,CM
2023-05-25 13:45:00,41.81,41.81,41.81,41.81,529.0,CM
2023-05-25 13:44:00,41.835,41.835,41.815,41.815,698.0,CM
2023-05-25 13:43:00,41.83,41.85,41.83,41.83,3972.0,CM
2023-05-25 13:42:00,41.82,41.82,41.82,41.82,313.0,CM
2023-05-25 13:41:00,41.815,41.815,41.81,41.81,794.0,CM
2023-05-25 13:40:00,41.8,41.8,41.8,41.8,663.0,CM
2023-05-25 13:39:00,41.78,41.79,41.775,41.79,745.0,CM
2023-05-25 13:38:00,41.79,41.79,41.79,41.79,247.0,CM
2023-05-25 13:37:00,41.81,41.81,41.8,41.8,1015.0,CM
2023-05-25 13:36:00,41.8,41.805,41.8,41.805,413.0,CM
2023-05-25 13:35:00,41.81,41.81,41.795,41.8,710.0,CM
2023-05-25 13:34:00,41.81,41.82,41.8001,41.81,1210.0,CM
2023-05-25 13:33:00,41.81,41.82,41.79,41.81,3465.0,CM
2023-05-25 13:32:00,41.8,41.82,41.8,41.81,1055.0,CM
2023-05-25 13:31:00,41.82,41.82,41.8,41.8,2067.0,CM
2023-05-25 13:30:00,41.79,41.8,41.79,41.8,1130.0,CM
2023-05-25 13:29:00,41.79,41.79,41.78,41.785,618.0,CM
2023-05-25 13:28:00,41.8,41.81,41.795,41.8,1489.0,CM
2023-05-25 13:27:00,41.82,41.8227,41.78,41.79,5733.0,CM
2023-05-25 13:26:00,41.785,41.81,41.785,41.81,405.0,CM
2023-05-25 13:25:00,41.76,41.78,41.76,41.78,2273.0,CM
2023-05-25 13:24:00,41.77,41.77,41.76,41.76,2026.0,CM
2023-05-25 13:23:00,41.8,41.8,41.77,41.78,14442.0,CM
2023-05-25 13:22:00,41.77,41.81,41.77,41.81,2248.0,CM
2023-05-25 13:21:00,41.76,41.76,41.7525,41.76,1683.0,CM
2023-05-25 13:20:00,41.75,41.755,41.75,41.75,1169.0,CM
2023-05-25 13:19:00,41.78,41.78,41.74,41.74,2109.0,CM
2023-05-25 13:18:00,41.81,41.81,41.78,41.8,3881.0,CM
2023-05-25 13:17:00,41.8,41.81,41.7892,41.81,7171.0,CM
2023-05-25 13:16:00,41.82,41.83,41.795,41.8,7686.0,CM
2023-05-25 13:15:00,41.82,41.825,41.8,41.81,2041.0,CM
2023-05-25 13:14:00,41.82,41.82,41.81,41.81,553.0,CM
2023-05-25 13:13:00,41.81,41.83,41.81,41.82,3722.0,CM
2023-05-25 13:12:00,41.77,41.8,41.77,41.8,1106.0,CM
2023-05-25 13:11:00,41.78,41.79,41.7704,41.7704,1211.0,CM
2023-05-25 13:10:00,41.75,41.78,41.75,41.78,1395.0,CM
2023-05-25 13:09:00,41.74,41.74,41.73,41.74,1164.0,CM
2023-05-25 13:08:00,41.72,41.735,41.72,41.73,702.0,CM
2023-05-25 13:07:00,41.71,41.735,41.71,41.72,917.0,CM
2023-05-25 13:06:00,41.7,41.7,41.695,41.695,1681.0,CM
2023-05-25 13:05:00,41.68,41.68,41.675,41.68,1019.0,CM
2023-05-25 13:04:00,41.69,41.69,41.665,41.675,909.0,CM
2023-05-25 13:03:00,41.66,41.69,41.66,41.69,1088.0,CM
2023-05-25 13:02:00,41.68,41.68,41.63,41.65,3963.0,CM
2023-05-25 13:01:00,41.7,41.7,41.68,41.685,2120.0,CM
2023-05-25 13:00:00,41.7,41.72,41.7,41.71,907.0,CM
2023-05-25 12:59:00,41.765,41.765,41.71,41.71,19720.0,CM
2023-05-25 12:58:00,41.76,41.77,41.76,41.77,1291.0,CM
2023-05-25 12:57:00,41.78,41.78,41.77,41.77,1181.0,CM
2023-05-25 12:56:00,41.81,41.812,41.78,41.795,12764.0,CM
2023-05-25 12:55:00,41.79,41.79,41.7749,41.79,1259.0,CM
2023-05-25 12:54:00,41.81,41.81,41.795,41.795,1549.0,CM
2023-05-25 12:53:00,41.7707,41.8,41.77,41.8,6637.0,CM
2023-05-25 12:52:00,41.77,41.77,41.765,41.77,874.0,CM
2023-05-25 12:51:00,41.76,41.77,41.76,41.77,397.0,CM
2023-05-25 12:50:00,41.76,41.77,41.76,41.76,1168.0,CM
2023-05-25 12:49:00,41.76,41.77,41.76,41.7617,1504.0,CM
2023-05-25 12:48:00,41.76,41.76,41.75,41.76,739.0,CM
2023-05-25 12:47:00,41.77,41.772,41.75,41.75,4514.0,CM
2023-05-25 12:46:00,41.76,41.765,41.76,41.765,1351.0,CM
2023-05-25 12:45:00,41.75,41.755,41.75,41.75,656.0,CM
2023-05-25 12:44:00,41.745,41.76,41.745,41.75,2461.0,CM
2023-05-25 12:43:00,41.74,41.74,41.74,41.74,302.0,CM
2023-05-25 12:42:00,41.735,41.735,41.735,41.735,498.0,CM
2023-05-25 12:41:00,41.73,41.73,41.73,41.73,527.0,CM
2023-05-25 12:40:00,41.73,41.73,41.71,41.715,2570.0,CM
2023-05-25 12:39:00,41.7,41.725,41.7,41.725,1118.0,CM
2023-05-25 12:38:00,41.68,41.68,41.67,41.68,1464.0,CM
2023-05-25 12:37:00,41.68,41.69,41.68,41.685,1350.0,CM
2023-05-25 12:36:00,41.64,41.68,41.64,41.68,2379.0,CM
2023-05-25 12:35:00,41.61,41.632,41.61,41.63,1566.0,CM
2023-05-25 12:34:00,41.665,41.665,41.6,41.61,9252.0,CM
2023-05-25 12:33:00,41.665,41.665,41.66,41.66,543.0,CM
2023-05-25 12:32:00,41.725,41.725,41.69,41.69,2284.0,CM
2023-05-25 12:31:00,41.72,41.74,41.72,41.73,962.0,CM
2023-05-25 12:30:00,41.75,41.75,41.7,41.71,10726.0,CM
2023-05-25 12:29:00,41.72,41.74,41.72,41.74,3332.0,CM
2023-05-25 12:28:00,41.69,41.73,41.69,41.73,1901.0,CM
2023-05-25 12:27:00,41.7,41.71,41.69,41.69,2732.0,CM
2023-05-25 12:26:00,41.66,41.69,41.66,41.69,1210.0,CM
2023-05-25 12:25:00,41.68,41.68,41.65,41.66,4023.0,CM
2023-05-25 12:24:00,41.67,41.69,41.67,41.68,4408.0,CM
2023-05-25 12:23:00,41.66,41.68,41.64,41.68,4770.0,CM
2023-05-25 12:22:00,41.64,41.66,41.64,41.66,1008.0,CM
2023-05-25 12:21:00,41.63,41.64,41.62,41.64,909.0,CM
2023-05-25 12:20:00,41.64,41.64,41.63,41.64,550.0,CM
2023-05-25 12:19:00,41.64,41.65,41.62,41.63,2997.0,CM
2023-05-25 12:18:00,41.63,41.63,41.62,41.625,840.0,CM
2023-05-25 12:17:00,41.64,41.64,41.63,41.63,1051.0,CM
2023-05-25 12:16:00,41.63,41.64,41.63,41.64,2519.0,CM
2023-05-25 12:15:00,41.66,41.66,41.64,41.64,1528.0,CM
2023-05-25 12:14:00,41.67,41.67,41.66,41.66,2150.0,CM
2023-05-25 12:13:00,41.71,41.71,41.67,41.67,6315.0,CM
2023-05-25 12:12:00,41.74,41.755,41.715,41.715,6568.0,CM
2023-05-25 12:11:00,41.74,41.74,41.74,41.74,207.0,CM
2023-05-25 12:10:00,41.745,41.745,41.73,41.74,1539.0,CM
2023-05-25 12:09:00,41.74,41.745,41.725,41.745,1410.0,CM
2023-05-25 12:08:00,41.72,41.73,41.7,41.73,2776.0,CM
2023-05-25 12:07:00,41.73,41.74,41.71,41.71,2634.0,CM
2023-05-25 12:06:00,41.7,41.71,41.7,41.71,1167.0,CM
2023-05-25 12:05:00,41.71,41.71,41.705,41.705,339.0,CM
2023-05-25 12:04:00,41.67,41.715,41.67,41.715,3661.0,CM
2023-05-25 12:03:00,41.67,41.675,41.66,41.67,2672.0,CM
2023-05-25 12:02:00,41.65,41.67,41.63,41.665,6548.0,CM
2023-05-25 12:01:00,41.68,41.68,41.67,41.67,1557.0,CM
2023-05-25 12:00:00,41.69,41.69,41.67,41.68,626.0,CM
2023-05-25 11:59:00,41.71,41.71,41.69,41.69,1545.0,CM
2023-05-25 11:58:00,41.65,41.69,41.65,41.69,1970.0,CM
2023-05-25 11:57:00,41.626,41.65,41.62,41.65,1249.0,CM
2023-05-25 11:56:00,41.65,41.65,41.625,41.625,1800.0,CM
2023-05-25 11:55:00,41.65,41.65,41.64,41.65,1710.0,CM
2023-05-25 11:54:00,41.645,41.66,41.625,41.645,4710.0,CM
2023-05-25 11:53:00,41.62,41.65,41.61,41.65,9300.0,CM
2023-05-25 11:52:00,41.62,41.62,41.59,41.61,3124.0,CM
2023-05-25 11:51:00,41.61,41.63,41.608,41.62,2476.0,CM
2023-05-25 11:50:00,41.58,41.61,41.565,41.61,4697.0,CM
2023-05-25 11:49:00,41.55,41.59,41.54,41.58,8593.0,CM
2023-05-25 11:48:00,41.5,41.56,41.5,41.56,9498.0,CM
2023-05-25 11:47:00,41.46,41.5,41.46,41.5,1926.0,CM
2023-05-25 11:46:00,41.45,41.46,41.44,41.46,2335.0,CM
2023-05-25 11:45:00,41.44,41.45,41.42,41.44,1276.0,CM
2023-05-25 11:44:00,41.45,41.45,41.415,41.42,5158.0,CM
2023-05-25 11:43:00,41.4348,41.45,41.425,41.45,2135.0,CM
2023-05-25 11:42:00,41.39,41.44,41.39,41.43,1328.0,CM
2023-05-25 11:41:00,41.3785,41.4,41.375,41.39,9477.0,CM
2023-05-25 11:40:00,41.4,41.4,41.36,41.37,1122.0,CM
2023-05-25 11:39:00,41.405,41.41,41.39,41.4,3636.0,CM
2023-05-25 11:38:00,41.41,41.42,41.41,41.41,914.0,CM
2023-05-25 11:37:00,41.39,41.41,41.39,41.41,1226.0,CM
2023-05-25 11:36:00,41.39,41.395,41.38,41.38,1830.0,CM
2023-05-25 11:35:00,41.41,41.41,41.39,41.39,1596.0,CM
2023-05-25 11:34:00,41.47,41.47,41.42,41.43,4828.0,CM
2023-05-25 11:33:00,41.51,41.51,41.48,41.48,1412.0,CM
2023-05-25 11:32:00,41.525,41.525,41.49,41.51,1745.0,CM
2023-05-25 11:31:00,41.54,41.55,41.52,41.52,1802.0,CM
2023-05-25 11:30:00,41.54,41.545,41.54,41.54,530.0,CM
2023-05-25 11:29:00,41.5473,41.56,41.54,41.55,2604.0,CM
2023-05-25 11:28:00,41.53,41.55,41.53,41.55,2313.0,CM
2023-05-25 11:27:00,41.51,41.54,41.51,41.53,2310.0,CM
2023-05-25 11:26:00,41.56,41.56,41.51,41.51,2774.0,CM
2023-05-25 11:25:00,41.57,41.57,41.55,41.57,1058.0,CM
2023-05-25 11:24:00,41.6,41.6,41.57,41.575,2521.0,CM
2023-05-25 11:22:00,41.61,41.61,41.59,41.59,1952.0,CM
2023-05-25 11:21:00,41.6,41.605,41.58,41.6,3464.0,CM
2023-05-25 11:20:00,41.58,41.61,41.57,41.59,1810.0,CM
2023-05-25 11:19:00,41.545,41.598,41.545,41.59,2979.0,CM
2023-05-25 11:18:00,41.52,41.55,41.52,41.55,2225.0,CM
2023-05-25 11:17:00,41.58,41.58,41.51,41.52,11756.0,CM
2023-05-25 11:16:00,41.6,41.6,41.56,41.58,14311.0,CM
2023-05-25 11:15:00,41.58,41.61,41.58,41.6,2606.0,CM
2023-05-25 11:14:00,41.6,41.6,41.575,41.58,1303.0,CM
2023-05-25 11:13:00,41.58,41.58,41.58,41.58,105.0,CM
2023-05-25 11:12:00,41.62,41.62,41.57,41.57,2661.0,CM
2023-05-25 11:11:00,41.61,41.62,41.61,41.61,720.0,CM
2023-05-25 11:10:00,41.61,41.6211,41.605,41.62,4615.0,CM
2023-05-25 11:09:00,41.6193,41.63,41.615,41.63,765.0,CM
2023-05-25 11:08:00,41.63,41.63,41.62,41.63,925.0,CM
2023-05-25 11:07:00,41.64,41.64,41.62,41.63,1060.0,CM
2023-05-25 11:06:00,41.66,41.66,41.65,41.65,710.0,CM
2023-05-25 11:05:00,41.65,41.68,41.65,41.665,5257.0,CM
2023-05-25 11:04:00,41.63,41.645,41.61,41.64,9725.0,CM
2023-05-25 11:03:00,41.64,41.65,41.62,41.63,1355.0,CM
2023-05-25 11:02:00,41.67,41.68,41.63,41.65,4007.0,CM
2023-05-25 11:01:00,41.68,41.68,41.65,41.65,1520.0,CM
2023-05-25 11:00:00,41.72,41.74,41.685,41.69,3592.0,CM
2023-05-25 10:59:00,41.69,41.72,41.675,41.72,1884.0,CM
2023-05-25 10:58:00,41.66,41.69,41.66,41.69,648.0,CM
2023-05-25 10:57:00,41.66,41.665,41.655,41.665,863.0,CM
2023-05-25 10:56:00,41.68,41.695,41.68,41.68,1073.0,CM
2023-05-25 10:55:00,41.61,41.67,41.61,41.67,2571.0,CM
2023-05-25 10:54:00,41.59,41.59,41.59,41.59,406.0,CM
2023-05-25 10:53:00,41.62,41.62,41.59,41.6,5047.0,CM
2023-05-25 10:52:00,41.64,41.64,41.62,41.62,9328.0,CM
2023-05-25 10:51:00,41.68,41.68,41.635,41.6488,2077.0,CM
2023-05-25 10:50:00,41.68,41.68,41.68,41.68,1023.0,CM
2023-05-25 10:49:00,41.64,41.65,41.632,41.65,8571.0,CM
2023-05-25 10:48:00,41.675,41.69,41.65,41.65,16571.0,CM
2023-05-25 10:47:00,41.68,41.69,41.665,41.68,5085.0,CM
2023-05-25 10:46:00,41.705,41.71,41.686,41.686,1747.0,CM
2023-05-25 10:45:00,41.67,41.71,41.67,41.68,2839.0,CM
2023-05-25 10:44:00,41.72,41.72,41.67,41.67,3323.0,CM
2023-05-25 10:43:00,41.7275,41.73,41.72,41.72,949.0,CM
2023-05-25 10:42:00,41.71,41.71,41.68,41.7,2853.0,CM
2023-05-25 10:41:00,41.67,41.75,41.67,41.72,6372.0,CM
2023-05-25 10:40:00,41.65,41.67,41.65,41.66,3169.0,CM
2023-05-25 10:39:00,41.63,41.6443,41.63,41.6443,2395.0,CM
2023-05-25 10:38:00,41.5909,41.62,41.5909,41.62,3226.0,CM
2023-05-25 10:37:00,41.63,41.63,41.59,41.6,1717.0,CM
2023-05-25 10:36:00,41.605,41.62,41.605,41.62,958.0,CM
2023-05-25 10:35:00,41.57,41.61,41.57,41.61,3441.0,CM
2023-05-25 10:34:00,41.58,41.58,41.57,41.57,1021.0,CM
2023-05-25 10:33:00,41.59,41.6,41.57,41.57,2220.0,CM
2023-05-25 10:32:00,41.54,41.6,41.54,41.59,1649.0,CM
2023-05-25 10:31:00,41.61,41.61,41.55,41.55,1651.0,CM
2023-05-25 10:30:00,41.62,41.62,41.6,41.61,2190.0,CM
2023-05-25 10:29:00,41.66,41.67,41.62,41.63,10990.0,CM
2023-05-25 10:28:00,41.69,41.69,41.66,41.67,3010.0,CM
2023-05-25 10:27:00,41.68,41.69,41.67,41.69,4081.0,CM
2023-05-25 10:26:00,41.68,41.69,41.65,41.67,5049.0,CM
2023-05-25 10:25:00,41.625,41.68,41.625,41.67,5435.0,CM
2023-05-25 10:24:00,41.61,41.61,41.55,41.61,2551.0,CM
2023-05-25 10:23:00,41.68,41.68,41.62,41.62,1685.0,CM
2023-05-25 10:22:00,41.65,41.68,41.645,41.68,7732.0,CM
2023-05-25 10:21:00,41.6,41.64,41.6,41.63,833.0,CM
2023-05-25 10:20:00,41.605,41.61,41.56,41.59,3448.0,CM
2023-05-25 10:19:00,41.56,41.605,41.555,41.605,3809.0,CM
2023-05-25 10:18:00,41.53,41.57,41.515,41.56,12650.0,CM
2023-05-25 10:17:00,41.4999,41.525,41.4999,41.51,2834.0,CM
2023-05-25 10:16:00,41.5,41.5,41.48,41.49,5554.0,CM
2023-05-25 10:15:00,41.47,41.505,41.435,41.49,2054.0,CM
2023-05-25 10:14:00,41.49,41.49,41.45,41.4679,7013.0,CM
2023-05-25 10:13:00,41.47,41.5,41.47,41.5,2265.0,CM
2023-05-25 10:12:00,41.46,41.46,41.44,41.44,1975.0,CM
2023-05-25 10:11:00,41.49,41.52,41.47,41.47,10565.0,CM
2023-05-25 10:10:00,41.575,41.59,41.49,41.5,57467.0,CM
2023-05-25 10:09:00,41.62,41.62,41.585,41.59,4690.0,CM
2023-05-25 10:08:00,41.66,41.66,41.62,41.62,1260.0,CM
2023-05-25 10:07:00,41.61,41.64,41.61,41.63,2485.0,CM
2023-05-25 10:06:00,41.63,41.63,41.61,41.61,20050.0,CM
2023-05-25 10:05:00,41.66,41.69,41.63,41.63,1661.0,CM
2023-05-25 10:04:00,41.65,41.65,41.63,41.65,1290.0,CM
2023-05-25 10:03:00,41.63,41.66,41.63,41.66,1201.0,CM
2023-05-25 10:02:00,41.58,41.62,41.58,41.6,10682.0,CM
2023-05-25 10:01:00,41.64,41.66,41.58,41.58,2411.0,CM
2023-05-25 10:00:00,41.6,41.65,41.6,41.65,1606.0,CM
2023-05-25 09:59:00,41.5,41.6,41.5,41.6,3574.0,CM
2023-05-25 09:58:00,41.59,41.59,41.47,41.5,51891.0,CM
2023-05-25 09:57:00,41.62,41.63,41.54,41.54,2228.0,CM
2023-05-25 09:56:00,41.61,41.63,41.58,41.62,3134.0,CM
2023-05-25 09:55:00,41.62,41.62,41.57,41.5701,1222.0,CM
2023-05-25 09:54:00,41.61,41.64,41.58,41.64,556.0,CM
2023-05-25 09:53:00,41.53,41.62,41.53,41.57,6095.0,CM
2023-05-25 09:52:00,41.44,41.48,41.44,41.48,1508.0,CM
2023-05-25 09:51:00,41.39,41.43,41.38,41.4,6912.0,CM
2023-05-25 09:50:00,41.44,41.46,41.37,41.395,6098.0,CM
2023-05-25 09:49:00,41.57,41.57,41.46,41.46,10797.0,CM
2023-05-25 09:48:00,41.66,41.685,41.59,41.59,15067.0,CM
2023-05-25 09:47:00,41.69,41.69,41.64,41.65,4761.0,CM
2023-05-25 09:46:00,41.69,41.71,41.64,41.67,3535.0,CM
2023-05-25 09:45:00,41.52,41.69,41.52,41.685,8281.0,CM
2023-05-25 09:44:00,41.5,41.54,41.48,41.51,6109.0,CM
2023-05-25 09:43:00,41.51,41.52,41.48,41.51,21543.0,CM
2023-05-25 09:42:00,41.67,41.68,41.59,41.59,9885.0,CM
2023-05-25 09:41:00,41.64,41.72,41.63,41.66,17510.0,CM
2023-05-25 09:40:00,41.57,41.66,41.55,41.64,15465.0,CM
2023-05-25 09:39:00,41.56,41.65,41.56,41.59,3492.0,CM
2023-05-25 09:38:00,41.51,41.64,41.5,41.59,10484.0,CM
2023-05-25 09:37:00,41.48,41.51,41.43,41.5,8932.0,CM
2023-05-25 09:36:00,41.455,41.5,41.4,41.48,19696.0,CM
2023-05-25 09:35:00,41.46,41.67,41.45,41.53,13365.0,CM
2023-05-25 09:34:00,41.44,41.52,41.41,41.41,4068.0,CM
2023-05-25 09:33:00,41.52,41.555,41.43,41.49,16649.0,CM
2023-05-25 09:32:00,41.8,41.93,41.58,41.58,6608.0,CM
2023-05-25 09:31:00,41.61,41.8,41.58,41.8,7964.0,CM
2023-05-25 09:30:00,41.19,41.64,41.14,41.523,33562.0,CM
2023-05-25 08:04:00,42.0,42.0,42.0,42.0,160.0,CM
2023-05-25 07:43:00,42.0,42.0,42.0,42.0,200.0,CM
2023-05-25 07:31:00,41.99,42.0,41.99,42.0,201.0,CM
2023-05-25 07:19:00,42.0,42.0,42.0,42.0,100.0,CM
2023-05-24 16:00:00,40.94,40.94,40.94,40.94,11098.0,CM
2023-05-24 15:59:00,40.96,40.96,40.93,40.93,29608.0,CM
2023-05-24 15:58:00,40.945,40.96,40.93,40.96,22218.0,CM
2023-05-24 15:57:00,40.905,40.955,40.905,40.945,11793.0,CM
2023-05-24 15:56:00,40.905,40.91,40.9,40.91,3584.0,CM
2023-05-24 15:55:00,40.945,40.955,40.91,40.91,9830.0,CM
2023-05-24 15:54:00,40.94,40.975,40.94,40.955,3597.0,CM
2023-05-24 15:53:00,40.955,40.96,40.945,40.95,4816.0,CM
2023-05-24 15:52:00,40.915,40.96,40.915,40.95,4984.0,CM
2023-05-24 15:51:00,40.935,40.935,40.905,40.91,7145.0,CM
2023-05-24 15:50:00,41.04,41.04,40.925,40.935,19317.0,CM
2023-05-24 15:49:00,41.05,41.06,41.035,41.06,8158.0,CM
2023-05-24 15:48:00,41.08,41.08,41.06,41.06,1051.0,CM
2023-05-24 15:47:00,41.08,41.08,41.07,41.07,1175.0,CM
2023-05-24 15:46:00,41.07,41.08,41.06,41.08,4569.0,CM
2023-05-24 15:45:00,41.09,41.09,41.075,41.08,4986.0,CM
2023-05-24 15:44:00,41.105,41.11,41.095,41.095,3475.0,CM
2023-05-24 15:43:00,41.1,41.11,41.095,41.11,5254.0,CM
2023-05-24 15:42:00,41.09,41.1,41.09,41.1,2248.0,CM
2023-05-24 15:41:00,41.1,41.1,41.08,41.09,5084.0,CM
2023-05-24 15:40:00,41.11,41.11,41.0999,41.1,2772.0,CM
2023-05-24 15:39:00,41.06,41.1,41.06,41.1,2255.0,CM
2023-05-24 15:38:00,41.09,41.1,41.0583,41.0583,7225.0,CM
2023-05-24 15:37:00,41.09,41.1,41.09,41.09,3749.0,CM
2023-05-24 15:36:00,41.05,41.1,41.05,41.09,6287.0,CM
2023-05-24 15:35:00,41.06,41.065,41.05,41.06,3569.0,CM
2023-05-24 15:34:00,41.06,41.065,41.06,41.065,1631.0,CM
2023-05-24 15:33:00,41.08,41.08,41.06,41.06,6992.0,CM
2023-05-24 15:32:00,41.07,41.095,41.07,41.09,2278.0,CM
2023-05-24 15:31:00,41.04,41.08,41.04,41.07,1856.0,CM
2023-05-24 15:30:00,41.02,41.035,41.02,41.035,4060.0,CM
2023-05-24 15:29:00,41.02,41.025,41.015,41.015,1795.0,CM
2023-05-24 15:28:00,41.03,41.031,41.01,41.02,6472.0,CM
2023-05-24 15:27:00,41.02,41.03,41.02,41.03,995.0,CM
2023-05-24 15:26:00,41.02,41.02,41.015,41.02,709.0,CM
2023-05-24 15:25:00,41.01,41.025,41.01,41.025,1997.0,CM
2023-05-24 15:24:00,40.97,41.0023,40.97,41.0023,6191.0,CM
2023-05-24 15:23:00,41.0,41.0,40.97,40.98,5315.0,CM
2023-05-24 15:22:00,41.02,41.02,41.005,41.005,1074.0,CM
2023-05-24 15:21:00,41.05,41.05,41.03,41.03,543.0,CM
2023-05-24 15:20:00,41.03,41.055,41.03,41.05,2782.0,CM
2023-05-24 15:19:00,41.01,41.025,41.01,41.025,1802.0,CM
2023-05-24 15:18:00,40.98,41.005,40.98,41.005,5236.0,CM
2023-05-24 15:17:00,40.965,40.98,40.96,40.98,1881.0,CM
2023-05-24 15:16:00,41.0,41.005,40.9709,40.9709,2149.0,CM
2023-05-24 15:15:00,40.98,41.0,40.98,41.0,995.0,CM
2023-05-24 15:14:00,40.955,40.98,40.955,40.98,632.0,CM
2023-05-24 15:13:00,40.96,40.96,40.95,40.95,546.0,CM
2023-05-24 15:12:00,40.96,40.9699,40.945,40.96,1663.0,CM
2023-05-24 15:11:00,40.955,40.955,40.955,40.955,100.0,CM
2023-05-24 15:10:00,40.975,40.975,40.96,40.96,680.0,CM
2023-05-24 15:09:00,41.0,41.01,40.98,40.98,1353.0,CM
2023-05-24 15:08:00,40.99,40.99,40.99,40.99,1213.0,CM
2023-05-24 15:07:00,40.98,40.995,40.98,40.99,1574.0,CM
2023-05-24 15:06:00,40.96,40.97,40.96,40.97,315.0,CM
2023-05-24 15:05:00,40.91,40.95,40.91,40.95,1657.0,CM
2023-05-24 15:04:00,40.9,40.905,40.895,40.9,2236.0,CM
2023-05-24 15:03:00,40.89,40.9,40.89,40.9,1484.0,CM
2023-05-24 15:02:00,40.895,40.9,40.89,40.89,659.0,CM
2023-05-24 15:01:00,40.905,40.905,40.89,40.89,867.0,CM
2023-05-24 15:00:00,40.895,40.895,40.89,40.89,1894.0,CM
2023-05-24 14:59:00,40.9,40.9,40.9,40.9,682.0,CM
2023-05-24 14:58:00,40.905,40.91,40.89,40.89,6756.0,CM
2023-05-24 14:57:00,40.925,40.925,40.91,40.91,1035.0,CM
2023-05-24 14:56:00,40.9301,40.9301,40.925,40.925,2620.0,CM
2023-05-24 14:55:00,40.94,40.95,40.93,40.94,3935.0,CM
2023-05-24 14:54:00,40.95,40.955,40.93,40.94,4694.0,CM
2023-05-24 14:53:00,40.97,40.97,40.95,40.95,2091.0,CM
2023-05-24 14:52:00,40.98,40.98,40.97,40.975,1296.0,CM
2023-05-24 14:51:00,40.985,40.995,40.985,40.985,1244.0,CM
2023-05-24 14:50:00,40.98,40.985,40.98,40.985,798.0,CM
2023-05-24 14:49:00,40.995,41.0,40.99,40.99,840.0,CM
2023-05-24 14:48:00,41.0099,41.0099,41.0,41.0,1943.0,CM
2023-05-24 14:47:00,41.01,41.015,41.0,41.005,1371.0,CM
2023-05-24 14:46:00,41.02,41.02,41.02,41.02,557.0,CM
2023-05-24 14:45:00,41.02,41.025,41.02,41.025,546.0,CM
2023-05-24 14:44:00,41.015,41.015,41.01,41.015,728.0,CM
2023-05-24 14:43:00,41.01,41.01,41.01,41.01,334.0,CM
2023-05-24 14:42:00,41.035,41.035,41.035,41.035,214.0,CM
2023-05-24 14:41:00,41.04,41.04,41.03,41.03,1279.0,CM
2023-05-24 14:40:00,41.04,41.045,41.035,41.045,549.0,CM
2023-05-24 14:39:00,41.05,41.05,41.03,41.035,1187.0,CM
2023-05-24 14:38:00,41.055,41.055,41.055,41.055,241.0,CM
2023-05-24 14:37:00,41.04,41.055,41.036,41.055,747.0,CM
2023-05-24 14:36:00,41.02,41.02,41.02,41.02,325.0,CM
2023-05-24 14:35:00,41.03,41.03,41.02,41.02,1243.0,CM
2023-05-24 14:34:00,41.025,41.025,41.025,41.025,209.0,CM
2023-05-24 14:33:00,40.99,41.02,40.99,41.02,1049.0,CM
2023-05-24 14:32:00,40.99,41.015,40.99,41.0,5988.0,CM
2023-05-24 14:31:00,40.975,40.99,40.97,40.99,1156.0,CM
2023-05-24 14:30:00,41.0,41.0,40.98,40.98,1234.0,CM
2023-05-24 14:29:00,41.0,41.0,40.99,41.0,1658.0,CM
2023-05-24 14:28:00,41.015,41.015,41.005,41.005,982.0,CM
2023-05-24 14:27:00,41.0,41.01,41.0,41.01,607.0,CM
2023-05-24 14:26:00,40.99,41.0,40.99,41.0,1833.0,CM
2023-05-24 14:25:00,41.03,41.035,41.02,41.02,725.0,CM
2023-05-24 14:24:00,41.04,41.04,41.035,41.035,2483.0,CM
2023-05-24 14:23:00,41.02,41.035,41.02,41.035,789.0,CM
2023-05-24 14:22:00,41.019,41.019,41.019,41.019,916.0,CM
2023-05-24 14:21:00,41.015,41.02,41.01,41.01,2153.0,CM
2023-05-24 14:20:00,41.03,41.03,41.01,41.01,477.0,CM
2023-05-24 14:19:00,41.02,41.03,41.02,41.03,666.0,CM
2023-05-24 14:18:00,41.02,41.025,41.02,41.02,441.0,CM
2023-05-24 14:17:00,41.02,41.03,41.015,41.029,1349.0,CM
2023-05-24 14:16:00,41.05,41.05,41.015,41.015,455.0,CM
2023-05-24 14:15:00,41.02,41.05,41.02,41.05,917.0,CM
2023-05-24 14:14:00,41.01,41.03,41.01,41.03,1286.0,CM
2023-05-24 14:13:00,41.0004,41.01,41.0004,41.009,1026.0,CM
2023-05-24 14:12:00,40.99,41.005,40.99,41.005,1487.0,CM
2023-05-24 14:11:00,41.035,41.035,41.005,41.005,2103.0,CM
2023-05-24 14:10:00,41.04,41.04,41.03,41.04,587.0,CM
2023-05-24 14:09:00,41.045,41.045,41.035,41.035,2000.0,CM
2023-05-24 14:08:00,41.045,41.05,41.04,41.045,903.0,CM
2023-05-24 14:07:00,41.04,41.04,41.04,41.04,695.0,CM
2023-05-24 14:06:00,41.06,41.06,41.06,41.06,259.0,CM
2023-05-24 14:05:00,41.075,41.08,41.075,41.08,439.0,CM
2023-05-24 14:04:00,41.08,41.08,41.065,41.07,1850.0,CM
2023-05-24 14:03:00,41.08,41.09,41.08,41.09,1372.0,CM
2023-05-24 14:02:00,41.05,41.08,41.05,41.08,2873.0,CM
2023-05-24 14:01:00,41.07,41.07,41.05,41.05,2255.0,CM
2023-05-24 14:00:00,41.04,41.08,41.04,41.07,4148.0,CM
2023-05-24 13:59:00,41.03,41.03,41.03,41.03,228.0,CM
2023-05-24 13:58:00,41.03,41.03,41.03,41.03,334.0,CM
2023-05-24 13:57:00,41.03,41.03,41.03,41.03,504.0,CM
2023-05-24 13:55:00,41.06,41.06,41.06,41.06,1576.0,CM
2023-05-24 13:54:00,41.065,41.065,41.065,41.065,100.0,CM
2023-05-24 13:53:00,41.085,41.09,41.065,41.065,1213.0,CM
2023-05-24 13:52:00,41.09,41.1,41.08,41.08,2842.0,CM
2023-05-24 13:51:00,41.07,41.09,41.07,41.09,1253.0,CM
2023-05-24 13:50:00,41.05,41.07,41.05,41.07,1138.0,CM
2023-05-24 13:49:00,41.04,41.05,41.04,41.05,406.0,CM
2023-05-24 13:48:00,41.02,41.04,41.02,41.04,1308.0,CM
2023-05-24 13:47:00,41.025,41.025,41.02,41.02,503.0,CM
2023-05-24 13:46:00,41.025,41.031,41.02,41.03,1730.0,CM
2023-05-24 13:45:00,41.05,41.075,41.05,41.05,3001.0,CM
2023-05-24 13:44:00,41.045,41.045,41.045,41.045,426.0,CM
2023-05-24 13:43:00,41.03,41.0301,41.03,41.0301,1147.0,CM
2023-05-24 13:42:00,41.025,41.035,41.025,41.035,460.0,CM
2023-05-24 13:41:00,41.02,41.02,41.02,41.02,221.0,CM
2023-05-24 13:40:00,40.995,41.015,40.995,41.015,464.0,CM
2023-05-24 13:39:00,40.99,40.99,40.99,40.99,453.0,CM
2023-05-24 13:38:00,40.985,40.985,40.985,40.985,219.0,CM
2023-05-24 13:37:00,40.99,40.99,40.98,40.98,403.0,CM
2023-05-24 13:36:00,40.98,41.02,40.98,41.0,6156.0,CM
2023-05-24 13:35:00,40.985,40.985,40.975,40.975,1788.0,CM
2023-05-24 13:34:00,40.985,40.99,40.985,40.99,448.0,CM
2023-05-24 13:33:00,40.9741,40.98,40.9741,40.98,306.0,CM
2023-05-24 13:32:00,40.985,40.985,40.98,40.98,640.0,CM
2023-05-24 13:31:00,40.97,40.99,40.97,40.985,1789.0,CM
2023-05-24 13:30:00,40.975,40.975,40.975,40.975,367.0,CM
2023-05-24 13:29:00,40.94,40.96,40.94,40.96,433.0,CM
2023-05-24 13:28:00,40.97,40.97,40.955,40.955,257.0,CM
2023-05-24 13:27:00,40.9699,40.97,40.9699,40.97,450.0,CM
2023-05-24 13:26:00,40.95,40.96,40.95,40.96,1102.0,CM
2023-05-24 13:25:00,40.94,40.96,40.93,40.955,5446.0,CM
2023-05-24 13:24:00,41.0,41.0,40.96,40.96,3466.0,CM
2023-05-24 13:23:00,41.02,41.025,41.01,41.01,1791.0,CM
2023-05-24 13:22:00,41.02,41.025,41.015,41.015,644.0,CM
2023-05-24 13:21:00,40.99,41.015,40.99,41.015,844.0,CM
2023-05-24 13:20:00,40.97,40.995,40.97,40.995,1241.0,CM
2023-05-24 13:19:00,40.95,40.969,40.95,40.969,2010.0,CM
2023-05-24 13:18:00,40.94,40.96,40.94,40.96,1659.0,CM
2023-05-24 13:17:00,40.92,40.935,40.92,40.935,1787.0,CM
2023-05-24 13:16:00,40.92,40.925,40.92,40.925,714.0,CM
2023-05-24 13:15:00,40.91,40.91,40.91,40.91,447.0,CM
2023-05-24 13:14:00,40.91,40.91,40.9,40.905,924.0,CM
2023-05-24 13:13:00,40.94,40.94,40.93,40.93,517.0,CM
2023-05-24 13:12:00,40.95,40.95,40.95,40.95,1231.0,CM
2023-05-24 13:11:00,40.955,40.955,40.955,40.955,272.0,CM
2023-05-24 13:10:00,40.96,40.96,40.955,40.955,903.0,CM
2023-05-24 13:09:00,40.93,40.96,40.93,40.945,2811.0,CM
2023-05-24 13:08:00,40.93,40.94,40.93,40.93,4355.0,CM
2023-05-24 13:07:00,40.94,40.94,40.91,40.93,6127.0,CM
2023-05-24 13:06:00,40.92,40.94,40.92,40.94,1185.0,CM
2023-05-24 13:05:00,40.92,40.93,40.92,40.92,2247.0,CM
2023-05-24 13:04:00,40.92,40.925,40.92,40.925,1100.0,CM
2023-05-24 13:03:00,40.91,40.92,40.9,40.92,2704.0,CM
2023-05-24 13:02:00,40.919,40.925,40.919,40.925,609.0,CM
2023-05-24 13:01:00,40.935,40.945,40.9217,40.935,2730.0,CM
2023-05-24 13:00:00,40.98,40.98,40.93,40.94,8478.0,CM
2023-05-24 12:59:00,40.97,40.975,40.96,40.97,4856.0,CM
2023-05-24 12:58:00,40.97,40.97,40.965,40.97,2094.0,CM
2023-05-24 12:57:00,40.975,40.975,40.97,40.97,283.0,CM
2023-05-24 12:56:00,40.99,40.99,40.965,40.98,1803.0,CM
2023-05-24 12:55:00,40.995,40.995,40.995,40.995,330.0,CM
2023-05-24 12:53:00,40.985,40.985,40.985,40.985,329.0,CM
2023-05-24 12:52:00,40.99,40.995,40.99,40.995,751.0,CM
2023-05-24 12:51:00,40.97,40.97,40.97,40.97,313.0,CM
2023-05-24 12:49:00,41.0,41.005,40.995,40.995,1023.0,CM
2023-05-24 12:48:00,41.0,41.0,41.0,41.0,255.0,CM
2023-05-24 12:47:00,40.995,40.995,40.995,40.995,109.0,CM
2023-05-24 12:46:00,40.98,40.985,40.98,40.985,334.0,CM
2023-05-24 12:45:00,40.99,40.99,40.99,40.99,317.0,CM
2023-05-24 12:44:00,40.995,40.995,40.995,40.995,256.0,CM
2023-05-24 12:43:00,41.0,41.005,40.985,40.985,609.0,CM
2023-05-24 12:42:00,41.01,41.01,41.0,41.0,1021.0,CM
2023-05-24 12:41:00,41.01,41.01,41.01,41.01,342.0,CM
2023-05-24 12:40:00,41.005,41.005,40.995,40.995,632.0,CM
2023-05-24 12:39:00,40.97,40.985,40.97,40.985,1408.0,CM
2023-05-24 12:38:00,40.965,40.965,40.95,40.965,1837.0,CM
2023-05-24 12:37:00,40.98,40.98,40.96,40.96,1375.0,CM
2023-05-24 12:36:00,40.975,40.975,40.975,40.975,408.0,CM
2023-05-24 12:35:00,40.9699,40.975,40.965,40.975,1247.0,CM
2023-05-24 12:34:00,40.96,40.97,40.96,40.97,976.0,CM
2023-05-24 12:33:00,40.945,40.97,40.945,40.9616,2375.0,CM
2023-05-24 12:32:00,40.935,40.935,40.935,40.935,127.0,CM
2023-05-24 12:31:00,40.935,40.935,40.935,40.935,511.0,CM
2023-05-24 12:30:00,40.93,40.9374,40.93,40.93,953.0,CM
2023-05-24 12:29:00,40.92,40.925,40.92,40.92,859.0,CM
2023-05-24 12:28:00,40.9,40.91,40.895,40.91,1729.0,CM
2023-05-24 12:27:00,40.9,40.9,40.9,40.9,440.0,CM
2023-05-24 12:26:00,40.9,40.9,40.88,40.88,393.0,CM
2023-05-24 12:25:00,40.88,40.895,40.88,40.895,467.0,CM
2023-05-24 12:24:00,40.87,40.88,40.87,40.8701,2794.0,CM
2023-05-24 12:23:00,40.86,40.86,40.86,40.86,410.0,CM
2023-05-24 12:22:00,40.88,40.89,40.85,40.86,2964.0,CM
2023-05-24 12:21:00,40.89,40.905,40.88,40.88,1230.0,CM
2023-05-24 12:20:00,40.89,40.9,40.89,40.89,1868.0,CM
2023-05-24 12:19:00,40.89,40.89,40.885,40.8892,1000.0,CM
2023-05-24 12:18:00,40.925,40.925,40.8944,40.8999,2548.0,CM
2023-05-24 12:17:00,40.93,40.9305,40.92,40.9289,2484.0,CM
2023-05-24 12:16:00,40.96,40.96,40.95,40.95,2581.0,CM
2023-05-24 12:15:00,40.985,40.985,40.96,40.965,1816.0,CM
2023-05-24 12:14:00,40.97,40.99,40.97,40.99,1211.0,CM
2023-05-24 12:13:00,40.975,40.975,40.97,40.97,1117.0,CM
2023-05-24 12:12:00,40.96,40.99,40.96,40.965,5405.0,CM
2023-05-24 12:11:00,40.97,40.975,40.955,40.955,5082.0,CM
2023-05-24 12:10:00,41.01,41.015,40.98,40.98,1939.0,CM
2023-05-24 12:09:00,41.02,41.03,41.0,41.0,3274.0,CM
2023-05-24 12:08:00,41.0,41.02,41.0,41.015,1983.0,CM
2023-05-24 12:07:00,40.98,40.995,40.98,40.995,984.0,CM
2023-05-24 12:06:00,41.005,41.005,40.99,40.99,246.0,CM
2023-05-24 12:05:00,41.03,41.03,41.01,41.015,3285.0,CM
2023-05-24 12:04:00,41.04,41.06,41.04,41.04,677.0,CM
2023-05-24 12:03:00,41.025,41.05,41.02,41.05,2198.0,CM
2023-05-24 12:02:00,41.035,41.04,41.035,41.04,457.0,CM
2023-05-24 12:01:00,41.05,41.05,41.02,41.02,2645.0,CM
2023-05-24 12:00:00,41.04,41.05,41.04,41.05,2484.0,CM
2023-05-24 11:59:00,40.99,41.03,40.99,41.02,2905.0,CM
2023-05-24 11:58:00,40.98,41.0,40.975,40.99,9364.0,CM
2023-05-24 11:57:00,40.97,40.99,40.96,40.98,4924.0,CM
2023-05-24 11:56:00,40.9802,40.99,40.96,40.96,864.0,CM
2023-05-24 11:55:00,40.99,40.99,40.98,40.98,463.0,CM
2023-05-24 11:54:00,41.02,41.02,40.975,40.99,11280.0,CM
2023-05-24 11:53:00,41.03,41.035,41.015,41.035,1176.0,CM
2023-05-24 11:52:00,41.04,41.0499,41.04,41.045,865.0,CM
2023-05-24 11:51:00,41.055,41.055,41.03,41.03,707.0,CM
2023-05-24 11:50:00,41.04,41.05,41.04,41.05,3654.0,CM
2023-05-24 11:49:00,41.04,41.045,41.035,41.045,616.0,CM
2023-05-24 11:48:00,41.04,41.06,41.02,41.05,3659.0,CM
2023-05-24 11:47:00,41.03,41.04,41.03,41.04,708.0,CM
2023-05-24 11:46:00,41.04,41.04,41.025,41.025,928.0,CM
2023-05-24 11:45:00,41.055,41.06,41.055,41.06,546.0,CM
2023-05-24 11:44:00,41.0414,41.05,41.03,41.04,2591.0,CM
2023-05-24 11:43:00,41.1,41.1,41.04,41.04,4316.0,CM
2023-05-24 11:42:00,41.11,41.13,41.11,41.13,1006.0,CM
2023-05-24 11:41:00,41.1,41.12,41.1,41.12,6563.0,CM
2023-05-24 11:40:00,41.1,41.14,41.1,41.1,11341.0,CM
2023-05-24 11:39:00,41.1,41.11,41.1,41.1,1485.0,CM
2023-05-24 11:38:00,41.05,41.1,41.05,41.1,8243.0,CM
2023-05-24 11:37:00,41.04,41.055,41.04,41.055,994.0,CM
2023-05-24 11:36:00,41.01,41.04,41.01,41.04,4076.0,CM
2023-05-24 11:35:00,41.0,41.005,40.99,41.005,3487.0,CM
2023-05-24 11:34:00,41.01,41.015,41.01,41.01,680.0,CM
2023-05-24 11:33:00,41.015,41.02,41.015,41.02,660.0,CM
2023-05-24 11:32:00,41.025,41.04,41.02,41.04,2476.0,CM
2023-05-24 11:31:00,41.07,41.07,41.03,41.04,3770.0,CM
2023-05-24 11:30:00,41.06,41.065,41.06,41.065,580.0,CM
2023-05-24 11:29:00,41.06,41.07,41.05,41.06,2390.0,CM
2023-05-24 11:28:00,41.1,41.115,41.07,41.07,5705.0,CM
2023-05-24 11:27:00,41.14,41.14,41.12,41.125,1031.0,CM
2023-05-24 11:26:00,41.11,41.125,41.11,41.125,1496.0,CM
2023-05-24 11:25:00,41.1,41.1,41.1,41.1,247.0,CM
2023-05-24 11:24:00,41.105,41.11,41.105,41.11,341.0,CM
2023-05-24 11:23:00,41.055,41.1,41.055,41.1,1093.0,CM
2023-05-24 11:22:00,41.06,41.06,41.05,41.057,654.0,CM
2023-05-24 11:21:00,41.04,41.065,41.04,41.065,696.0,CM
2023-05-24 11:20:00,41.02,41.035,41.02,41.035,900.0,CM
2023-05-24 11:19:00,40.98,40.995,40.98,40.995,1689.0,CM
2023-05-24 11:18:00,41.0,41.005,40.98,40.985,1879.0,CM
2023-05-24 11:17:00,41.0007,41.005,41.0007,41.005,1158.0,CM
2023-05-24 11:16:00,40.99,41.0,40.99,41.0,422.0,CM
2023-05-24 11:15:00,40.99,40.99,40.98,40.985,802.0,CM
2023-05-24 11:14:00,41.01,41.01,41.0,41.0,318.0,CM
2023-05-24 11:13:00,41.05,41.05,41.02,41.03,2900.0,CM
2023-05-24 11:12:00,41.02,41.055,41.02,41.05,3144.0,CM
2023-05-24 11:11:00,41.0,41.01,41.0,41.01,866.0,CM
2023-05-24 11:10:00,41.01,41.015,41.01,41.01,2218.0,CM
2023-05-24 11:09:00,41.01,41.01,40.98,40.99,1502.0,CM
2023-05-24 11:08:00,41.03,41.04,41.025,41.03,2672.0,CM
2023-05-24 11:07:00,41.065,41.065,41.04,41.06,2861.0,CM
2023-05-24 11:05:00,41.115,41.115,41.085,41.085,464.0,CM
2023-05-24 11:04:00,41.105,41.12,41.1,41.12,1016.0,CM
2023-05-24 11:03:00,41.12,41.12,41.105,41.105,1380.0,CM
2023-05-24 11:02:00,41.135,41.15,41.135,41.145,765.0,CM
2023-05-24 11:01:00,41.15,41.16,41.13,41.1302,2589.0,CM
2023-05-24 11:00:00,41.15,41.15,41.14,41.15,1403.0,CM
2023-05-24 10:59:00,41.13,41.14,41.125,41.13,956.0,CM
2023-05-24 10:58:00,41.11,41.12,41.11,41.11,1766.0,CM
2023-05-24 10:57:00,41.08,41.11,41.07,41.11,3504.0,CM
2023-05-24 10:56:00,41.07,41.075,41.07,41.075,464.0,CM
2023-05-24 10:55:00,41.08,41.08,41.066,41.066,929.0,CM
2023-05-24 10:54:00,41.0894,41.0894,41.07,41.075,1765.0,CM
2023-05-24 10:53:00,41.05,41.09,41.045,41.09,1055.0,CM
2023-05-24 10:52:00,41.05,41.08,41.04,41.07,782.0,CM
2023-05-24 10:51:00,41.05,41.06,41.04,41.04,1410.0,CM
2023-05-24 10:50:00,41.05,41.065,41.05,41.06,1209.0,CM
2023-05-24 10:49:00,41.11,41.11,41.07,41.07,678.0,CM
2023-05-24 10:48:00,41.12,41.13,41.1,41.115,3327.0,CM
2023-05-24 10:47:00,41.15,41.16,41.15,41.15,4687.0,CM
2023-05-24 10:46:00,41.125,41.15,41.125,41.15,937.0,CM
2023-05-24 10:45:00,41.12,41.13,41.12,41.13,518.0,CM
2023-05-24 10:44:00,41.09,41.09,41.09,41.09,171.0,CM
2023-05-24 10:43:00,41.12,41.13,41.09,41.09,1283.0,CM
2023-05-24 10:42:00,41.095,41.11,41.09,41.105,1872.0,CM
2023-05-24 10:41:00,41.08,41.1,41.08,41.095,1105.0,CM
2023-05-24 10:40:00,41.095,41.11,41.08,41.08,3063.0,CM
2023-05-24 10:39:00,41.12,41.12,41.115,41.115,407.0,CM
2023-05-24 10:38:00,41.13,41.13,41.1183,41.1183,616.0,CM
2023-05-24 10:37:00,41.09,41.11,41.09,41.095,555.0,CM
2023-05-24 10:36:00,41.06,41.06,41.055,41.06,763.0,CM
2023-05-24 10:35:00,41.035,41.05,41.01,41.05,745.0,CM
2023-05-24 10:34:00,41.02,41.04,41.01,41.04,488.0,CM
2023-05-24 10:33:00,41.01,41.01,40.97,41.01,1650.0,CM
2023-05-24 10:32:00,41.0,41.0,40.97,40.99,8128.0,CM
2023-05-24 10:31:00,41.02,41.03,41.01,41.015,2628.0,CM
2023-05-24 10:30:00,40.99,41.02,40.985,41.02,1140.0,CM
2023-05-24 10:29:00,40.97,40.99,40.97,40.98,1422.0,CM
2023-05-24 10:28:00,40.92,40.94,40.915,40.94,1433.0,CM
2023-05-24 10:27:00,40.97,41.12,40.93,40.93,10577.0,CM
2023-05-24 10:26:00,40.98,40.98,40.97,40.97,4420.0,CM
2023-05-24 10:25:00,41.015,41.02,40.975,40.98,8363.0,CM
2023-05-24 10:24:00,40.9873,41.01,40.96,41.0,6342.0,CM
2023-05-24 10:23:00,41.02,41.02,41.0,41.0,1321.0,CM
2023-05-24 10:22:00,41.03,41.03,41.01,41.015,1107.0,CM
2023-05-24 10:21:00,41.04,41.04,41.01,41.02,1066.0,CM
2023-05-24 10:20:00,41.05,41.08,41.05,41.06,3263.0,CM
2023-05-24 10:19:00,41.06,41.07,41.015,41.04,4997.0,CM
2023-05-24 10:18:00,40.985,41.04,40.975,41.04,5144.0,CM
2023-05-24 10:17:00,41.025,41.05,41.0,41.0,6057.0,CM
2023-05-24 10:16:00,40.965,40.98,40.965,40.98,3864.0,CM
2023-05-24 10:15:00,41.04,41.04,40.975,40.98,3098.0,CM
2023-05-24 10:14:00,40.99,41.02,40.985,41.02,1294.0,CM
2023-05-24 10:13:00,41.0,41.0,40.975,40.995,7919.0,CM
2023-05-24 10:12:00,40.92,41.0,40.92,40.98,7223.0,CM
2023-05-24 10:11:00,40.94,40.95,40.92,40.92,3246.0,CM
2023-05-24 10:10:00,40.95,40.98,40.95,40.96,4394.0,CM
2023-05-24 10:09:00,40.98,40.98,40.95,40.95,1308.0,CM
2023-05-24 10:08:00,40.98,41.02,40.96,40.97,1461.0,CM
2023-05-24 10:07:00,40.98,40.98,40.95,40.97,2874.0,CM
2023-05-24 10:06:00,40.975,40.98,40.969,40.98,674.0,CM
2023-05-24 10:05:00,41.0,41.0,40.97,40.97,1464.0,CM
2023-05-24 10:04:00,41.05,41.06,41.03,41.03,1338.0,CM
2023-05-24 10:03:00,41.07,41.07,41.04,41.04,1544.0,CM
2023-05-24 10:02:00,41.07,41.07,41.02,41.06,2612.0,CM
2023-05-24 10:01:00,41.06,41.08,41.06,41.0791,2059.0,CM
2023-05-24 10:00:00,40.99,41.0592,40.99,41.0592,1740.0,CM
2023-05-24 09:59:00,41.01,41.02,40.97,40.97,3596.0,CM
2023-05-24 09:58:00,40.99,40.99,40.97,40.99,1116.0,CM
2023-05-24 09:57:00,41.0,41.01,40.98,40.99,2763.0,CM
2023-05-24 09:56:00,41.0,41.0,40.95,40.985,4021.0,CM
2023-05-24 09:55:00,40.88,41.0,40.88,41.0,6835.0,CM
2023-05-24 09:54:00,40.87,40.895,40.87,40.88,2870.0,CM
2023-05-24 09:53:00,40.87,40.9,40.84,40.86,14029.0,CM
2023-05-24 09:52:00,40.87,40.87,40.85,40.87,1003.0,CM
2023-05-24 09:51:00,40.93,40.93,40.88,40.88,6484.0,CM
2023-05-24 09:50:00,40.99,41.0,40.93,40.93,4530.0,CM
2023-05-24 09:49:00,40.96,41.06,40.96,40.97,4140.0,CM
2023-05-24 09:48:00,40.99,40.99,40.935,40.97,4283.0,CM
2023-05-24 09:47:00,41.01,41.03,41.0,41.0,1766.0,CM
2023-05-24 09:46:00,41.04,41.04,40.99,41.0,2876.0,CM
2023-05-24 09:45:00,41.07,41.11,41.06,41.06,2981.0,CM
2023-05-24 09:44:00,41.02,41.07,41.02,41.07,1582.0,CM
2023-05-24 09:43:00,40.94,40.97,40.9,40.97,1526.0,CM
2023-05-24 09:42:00,40.975,41.01,40.94,40.94,5280.0,CM
2023-05-24 09:41:00,40.99,41.0,40.96,40.98,7680.0,CM
2023-05-24 09:40:00,41.03,41.03,40.98,40.99,17078.0,CM
2023-05-24 09:39:00,41.02,41.03,40.96,41.03,6568.0,CM
2023-05-24 09:38:00,41.05,41.11,41.03,41.03,11943.0,CM
2023-05-24 09:37:00,41.05,41.08,41.01,41.04,14032.0,CM
2023-05-24 09:36:00,41.05,41.08,40.95,41.07,11381.0,CM
2023-05-24 09:35:00,41.09,41.11,41.02,41.06,25812.0,CM
2023-05-24 09:34:00,41.135,41.15,41.07,41.11,6725.0,CM
2023-05-24 09:33:00,41.07,41.13,41.04,41.13,6892.0,CM
2023-05-24 09:32:00,41.0,41.05,41.0,41.04,4173.0,CM
2023-05-24 09:31:00,40.96,40.99,40.92,40.97,3326.0,CM
2023-05-24 09:30:00,41.12,41.12,40.9482,41.03,14059.0,CM
2023-05-24 09:29:00,41.19,41.19,41.19,41.19,1312.0,CM
2023-05-24 09:11:00,41.4,41.4,41.4,41.4,104.0,CM
2023-05-24 09:00:00,41.4,41.4,41.4,41.4,262.0,CM
2023-05-24 08:21:00,41.4,41.4,41.4,41.4,765.0,CM
2023-05-23 16:00:00,41.6,41.6,41.6,41.6,2761.0,CM
2023-05-23 15:59:00,41.65,41.66,41.61,41.62,31338.0,CM
2023-05-23 15:58:00,41.645,41.66,41.64,41.65,6506.0,CM
2023-05-23 15:57:00,41.67,41.67,41.645,41.645,8527.0,CM
2023-05-23 15:56:00,41.68,41.68,41.67,41.68,3061.0,CM
2023-05-23 15:55:00,41.68,41.7,41.67,41.68,20581.0,CM
2023-05-23 15:54:00,41.7,41.7,41.675,41.675,4009.0,CM
2023-05-23 15:53:00,41.71,41.72,41.7,41.7,3440.0,CM
2023-05-23 15:52:00,41.74,41.74,41.71,41.71,4089.0,CM
2023-05-23 15:51:00,41.71,41.73,41.705,41.73,3941.0,CM
2023-05-23 15:50:00,41.66,41.72,41.66,41.71,24193.0,CM
2023-05-23 15:49:00,41.65,41.675,41.645,41.675,2536.0,CM
2023-05-23 15:48:00,41.67,41.6775,41.65,41.665,2307.0,CM
2023-05-23 15:47:00,41.685,41.685,41.67,41.67,1085.0,CM
2023-05-23 15:46:00,41.67,41.68,41.67,41.675,3242.0,CM
2023-05-23 15:45:00,41.6685,41.67,41.6685,41.67,1123.0,CM
2023-05-23 15:44:00,41.655,41.67,41.65,41.67,3491.0,CM
2023-05-23 15:43:00,41.66,41.66,41.66,41.66,1097.0,CM
2023-05-23 15:42:00,41.67,41.67,41.66,41.665,1121.0,CM
2023-05-23 15:41:00,41.67,41.67,41.66,41.67,505.0,CM
2023-05-23 15:40:00,41.67,41.679,41.665,41.67,1286.0,CM
2023-05-23 15:39:00,41.68,41.69,41.68,41.68,4834.0,CM
2023-05-23 15:38:00,41.68,41.68,41.675,41.675,1267.0,CM
2023-05-23 15:37:00,41.68,41.685,41.675,41.68,1944.0,CM
2023-05-23 15:36:00,41.68,41.69,41.68,41.69,1053.0,CM
2023-05-23 15:35:00,41.67,41.68,41.67,41.68,630.0,CM
2023-05-23 15:34:00,41.67,41.67,41.66,41.66,788.0,CM
2023-05-23 15:33:00,41.69,41.69,41.675,41.68,1144.0,CM
2023-05-23 15:32:00,41.68,41.695,41.68,41.69,397.0,CM
2023-05-23 15:31:00,41.69,41.69,41.68,41.68,2354.0,CM
2023-05-23 15:30:00,41.7,41.7,41.69,41.69,658.0,CM
2023-05-23 15:29:00,41.69,41.7,41.69,41.7,1869.0,CM
2023-05-23 15:28:00,41.71,41.71,41.7,41.7,1455.0,CM
2023-05-23 15:26:00,41.73,41.73,41.705,41.705,1003.0,CM
2023-05-23 15:25:00,41.73,41.73,41.73,41.73,629.0,CM
2023-05-23 15:24:00,41.72,41.73,41.72,41.72,2540.0,CM
2023-05-23 15:23:00,41.74,41.74,41.71,41.71,2726.0,CM
2023-05-23 15:22:00,41.73,41.735,41.73,41.735,698.0,CM
2023-05-23 15:21:00,41.71,41.73,41.71,41.73,1399.0,CM
2023-05-23 15:20:00,41.69,41.7,41.69,41.7,630.0,CM
2023-05-23 15:19:00,41.71,41.71,41.7,41.7,1281.0,CM
2023-05-23 15:18:00,41.72,41.72,41.71,41.72,1507.0,CM
2023-05-23 15:17:00,41.72,41.72,41.72,41.72,2231.0,CM
2023-05-23 15:16:00,41.73,41.73,41.73,41.73,316.0,CM
2023-05-23 15:15:00,41.74,41.74,41.73,41.73,461.0,CM
2023-05-23 15:14:00,41.74,41.74,41.74,41.74,954.0,CM
2023-05-23 15:13:00,41.75,41.75,41.74,41.74,1978.0,CM
2023-05-23 15:12:00,41.73,41.74,41.73,41.74,780.0,CM
2023-05-23 15:11:00,41.726,41.73,41.726,41.73,974.0,CM
2023-05-23 15:10:00,41.7204,41.74,41.7204,41.73,1046.0,CM
2023-05-23 15:09:00,41.71,41.729,41.71,41.72,2190.0,CM
2023-05-23 15:08:00,41.69,41.7,41.69,41.7,655.0,CM
2023-05-23 15:07:00,41.73,41.73,41.7,41.7,4667.0,CM
2023-05-23 15:05:00,41.725,41.73,41.725,41.73,1349.0,CM
2023-05-23 15:04:00,41.72,41.725,41.72,41.725,870.0,CM
2023-05-23 15:03:00,41.71,41.71,41.71,41.71,524.0,CM
2023-05-23 15:02:00,41.7,41.72,41.7,41.71,3832.0,CM
2023-05-23 15:01:00,41.7,41.715,41.7,41.7,5982.0,CM
2023-05-23 14:58:00,41.69,41.71,41.69,41.71,752.0,CM
2023-05-23 14:57:00,41.69,41.69,41.69,41.69,279.0,CM
2023-05-23 14:55:00,41.705,41.705,41.7,41.7,618.0,CM
2023-05-23 14:54:00,41.685,41.685,41.685,41.685,278.0,CM
2023-05-23 14:53:00,41.69,41.69,41.6897,41.6897,570.0,CM
2023-05-23 14:52:00,41.7,41.7,41.68,41.68,2521.0,CM
2023-05-23 14:51:00,41.72,41.72,41.71,41.71,734.0,CM
2023-05-23 14:50:00,41.7,41.72,41.7,41.72,533.0,CM
2023-05-23 14:49:00,41.7,41.7,41.6901,41.6901,2156.0,CM
2023-05-23 14:48:00,41.69,41.69,41.69,41.69,421.0,CM
2023-05-23 14:47:00,41.68,41.68,41.68,41.68,351.0,CM
2023-05-23 14:46:00,41.6827,41.6827,41.67,41.67,573.0,CM
2023-05-23 14:45:00,41.7,41.7,41.695,41.695,312.0,CM
2023-05-23 14:43:00,41.66,41.68,41.66,41.68,710.0,CM
2023-05-23 14:42:00,41.67,41.67,41.67,41.67,482.0,CM
2023-05-23 14:41:00,41.67,41.68,41.67,41.68,2081.0,CM
2023-05-23 14:40:00,41.67,41.67,41.67,41.67,228.0,CM
2023-05-23 14:39:00,41.66,41.66,41.66,41.66,468.0,CM
2023-05-23 14:38:00,41.67,41.67,41.66,41.66,1209.0,CM
2023-05-23 14:37:00,41.7,41.7,41.67,41.67,2367.0,CM
2023-05-23 14:36:00,41.71,41.71,41.69,41.69,422.0,CM
2023-05-23 14:34:00,41.74,41.74,41.73,41.73,581.0,CM
2023-05-23 14:33:00,41.72,41.74,41.72,41.74,861.0,CM
2023-05-23 14:32:00,41.72,41.72,41.72,41.72,118.0,CM
2023-05-23 14:31:00,41.68,41.715,41.68,41.715,569.0,CM
2023-05-23 14:30:00,41.665,41.665,41.665,41.665,446.0,CM
2023-05-23 14:29:00,41.69,41.69,41.675,41.675,2679.0,CM
2023-05-23 14:28:00,41.66,41.69,41.66,41.69,615.0,CM
2023-05-23 14:27:00,41.66,41.66,41.655,41.66,2848.0,CM
2023-05-23 14:26:00,41.64,41.65,41.63,41.65,2293.0,CM
2023-05-23 14:25:00,41.635,41.64,41.625,41.64,5306.0,CM
2023-05-23 14:24:00,41.64,41.645,41.635,41.64,2620.0,CM
2023-05-23 14:23:00,41.675,41.675,41.65,41.65,4453.0,CM
2023-05-23 14:22:00,41.695,41.695,41.68,41.68,1469.0,CM
2023-05-23 14:21:00,41.71,41.71,41.695,41.695,953.0,CM
2023-05-23 14:20:00,41.7,41.71,41.7,41.71,1235.0,CM
2023-05-23 14:18:00,41.72,41.72,41.7,41.7,1124.0,CM
2023-05-23 14:17:00,41.74,41.74,41.74,41.74,809.0,CM
2023-05-23 14:16:00,41.74,41.75,41.74,41.75,1112.0,CM
2023-05-23 14:15:00,41.71,41.74,41.71,41.74,1954.0,CM
2023-05-23 14:14:00,41.7,41.73,41.68,41.72,2378.0,CM
2023-05-23 14:13:00,41.73,41.73,41.71,41.71,896.0,CM
2023-05-23 14:12:00,41.76,41.76,41.728,41.728,2003.0,CM
2023-05-23 14:11:00,41.768,41.768,41.765,41.765,294.0,CM
2023-05-23 14:10:00,41.77,41.77,41.76,41.76,771.0,CM
2023-05-23 14:09:00,41.79,41.79,41.77,41.77,591.0,CM
2023-05-23 14:08:00,41.795,41.795,41.775,41.78,4303.0,CM
2023-05-23 14:07:00,41.8,41.805,41.79,41.8,1929.0,CM
2023-05-23 14:06:00,41.79,41.8,41.79,41.8,823.0,CM
2023-05-23 14:05:00,41.79,41.79,41.79,41.79,272.0,CM
2023-05-23 14:04:00,41.77,41.79,41.77,41.79,1181.0,CM
2023-05-23 14:03:00,41.77,41.77,41.77,41.77,486.0,CM
2023-05-23 14:02:00,41.77,41.77,41.76,41.76,741.0,CM
2023-05-23 14:01:00,41.745,41.75,41.745,41.75,678.0,CM
2023-05-23 14:00:00,41.75,41.75,41.745,41.745,654.0,CM
2023-05-23 13:59:00,41.75,41.75,41.75,41.75,774.0,CM
2023-05-23 13:58:00,41.74,41.75,41.74,41.75,929.0,CM
2023-05-23 13:57:00,41.73,41.73,41.72,41.72,1165.0,CM
2023-05-23 13:56:00,41.74,41.74,41.74,41.74,536.0,CM
2023-05-23 13:55:00,41.76,41.76,41.75,41.75,804.0,CM
2023-05-23 13:53:00,41.765,41.765,41.76,41.76,4654.0,CM
2023-05-23 13:51:00,41.755,41.755,41.755,41.755,336.0,CM
2023-05-23 13:50:00,41.76,41.76,41.74,41.74,1643.0,CM
2023-05-23 13:49:00,41.77,41.77,41.76,41.765,329.0,CM
2023-05-23 13:47:00,41.79,41.79,41.775,41.775,724.0,CM
2023-05-23 13:46:00,41.8,41.8,41.8,41.8,943.0,CM
2023-05-23 13:45:00,41.79,41.8,41.79,41.8,3134.0,CM
2023-05-23 13:44:00,41.79,41.79,41.78,41.78,628.0,CM
2023-05-23 13:43:00,41.79,41.79,41.79,41.79,684.0,CM
2023-05-23 13:42:00,41.78,41.79,41.78,41.79,403.0,CM
2023-05-23 13:41:00,41.77,41.8,41.77,41.78,2662.0,CM
2023-05-23 13:40:00,41.76,41.76,41.76,41.76,187.0,CM
2023-05-23 13:38:00,41.74,41.74,41.74,41.74,462.0,CM
2023-05-23 13:37:00,41.75,41.75,41.75,41.75,502.0,CM
2023-05-23 13:36:00,41.745,41.75,41.74,41.75,1191.0,CM
2023-05-23 13:35:00,41.73,41.735,41.73,41.735,1329.0,CM
2023-05-23 13:34:00,41.75,41.75,41.72,41.72,4681.0,CM
2023-05-23 13:33:00,41.735,41.75,41.72,41.75,5662.0,CM
2023-05-23 13:32:00,41.74,41.74,41.72,41.735,2440.0,CM
2023-05-23 13:31:00,41.755,41.755,41.74,41.745,3000.0,CM
2023-05-23 13:30:00,41.76,41.76,41.71,41.75,5547.0,CM
2023-05-23 13:29:00,41.79,41.79,41.76,41.76,7241.0,CM
2023-05-23 13:28:00,41.81,41.81,41.8,41.8,1107.0,CM
2023-05-23 13:27:00,41.865,41.865,41.82,41.82,3555.0,CM
2023-05-23 13:26:00,41.8637,41.865,41.86,41.865,1722.0,CM
2023-05-23 13:25:00,41.86,41.875,41.86,41.875,2305.0,CM
2023-05-23 13:24:00,41.89,41.89,41.85,41.86,11663.0,CM
2023-05-23 13:23:00,41.9,41.9,41.9,41.9,1149.0,CM
2023-05-23 13:22:00,41.895,41.895,41.895,41.895,183.0,CM
2023-05-23 13:21:00,41.89,41.9,41.89,41.9,614.0,CM
2023-05-23 13:20:00,41.91,41.91,41.89,41.89,2566.0,CM
2023-05-23 13:19:00,41.9,41.9,41.9,41.9,219.0,CM
2023-05-23 13:18:00,41.9,41.9,41.895,41.9,1838.0,CM
2023-05-23 13:17:00,41.865,41.88,41.86,41.88,748.0,CM
2023-05-23 13:16:00,41.89,41.89,41.868,41.868,6519.0,CM
2023-05-23 13:15:00,41.88,41.88,41.88,41.88,600.0,CM
2023-05-23 13:14:00,41.88,41.88,41.875,41.875,653.0,CM
2023-05-23 13:13:00,41.87,41.88,41.87,41.88,3846.0,CM
2023-05-23 13:12:00,41.87,41.87,41.86,41.86,1011.0,CM
2023-05-23 13:11:00,41.8831,41.8831,41.8831,41.8831,432.0,CM
2023-05-23 13:10:00,41.88,41.88,41.88,41.88,348.0,CM
2023-05-23 13:09:00,41.875,41.88,41.87,41.87,1603.0,CM
2023-05-23 13:07:00,41.85,41.86,41.85,41.86,972.0,CM
2023-05-23 13:05:00,41.81,41.81,41.805,41.805,405.0,CM
2023-05-23 13:04:00,41.82,41.82,41.82,41.82,648.0,CM
2023-05-23 13:03:00,41.8252,41.8252,41.8252,41.8252,253.0,CM
2023-05-23 13:02:00,41.83,41.83,41.83,41.83,484.0,CM
2023-05-23 13:01:00,41.83,41.83,41.82,41.82,513.0,CM
2023-05-23 13:00:00,41.82,41.83,41.82,41.83,1982.0,CM
2023-05-23 12:59:00,41.805,41.83,41.8012,41.83,1663.0,CM
2023-05-23 12:58:00,41.81,41.81,41.7888,41.8,6327.0,CM
2023-05-23 12:57:00,41.83,41.83,41.82,41.82,2079.0,CM
2023-05-23 12:56:00,41.82,41.84,41.82,41.83,4003.0,CM
2023-05-23 12:54:00,41.82,41.825,41.81,41.82,4583.0,CM
2023-05-23 12:53:00,41.835,41.84,41.83,41.83,3648.0,CM
2023-05-23 12:52:00,41.8,41.835,41.8,41.835,1714.0,CM
2023-05-23 12:51:00,41.79,41.79,41.775,41.79,4506.0,CM
2023-05-23 12:50:00,41.8,41.83,41.79,41.79,9812.0,CM
2023-05-23 12:49:00,41.785,41.785,41.785,41.785,613.0,CM
2023-05-23 12:48:00,41.76,41.76,41.75,41.76,670.0,CM
2023-05-23 12:47:00,41.77,41.77,41.77,41.77,635.0,CM
2023-05-23 12:45:00,41.78,41.79,41.77,41.79,1660.0,CM
2023-05-23 12:43:00,41.79,41.798,41.79,41.798,404.0,CM
2023-05-23 12:42:00,41.815,41.815,41.79,41.8,3253.0,CM
2023-05-23 12:41:00,41.81,41.8123,41.81,41.8123,428.0,CM
2023-05-23 12:40:00,41.83,41.83,41.83,41.83,325.0,CM
2023-05-23 12:39:00,41.84,41.84,41.83,41.83,435.0,CM
2023-05-23 12:38:00,41.84,41.84,41.82,41.83,1093.0,CM
2023-05-23 12:37:00,41.9,41.9,41.9,41.9,255.0,CM
2023-05-23 12:36:00,41.9,41.9,41.9,41.9,188.0,CM
2023-05-23 12:35:00,41.93,41.94,41.9,41.9,2422.0,CM
2023-05-23 12:34:00,41.93,41.935,41.93,41.935,641.0,CM
2023-05-23 12:33:00,41.955,41.955,41.95,41.95,646.0,CM
2023-05-23 12:32:00,41.955,41.955,41.955,41.955,150.0,CM
2023-05-23 12:30:00,41.94,41.955,41.94,41.95,1296.0,CM
2023-05-23 12:28:00,41.97,41.97,41.96,41.96,1034.0,CM
2023-05-23 12:27:00,41.98,41.985,41.98,41.98,778.0,CM
2023-05-23 12:26:00,41.995,41.995,41.99,41.99,593.0,CM
2023-05-23 12:24:00,41.98,41.98,41.9746,41.98,2025.0,CM
2023-05-23 12:22:00,41.98,41.98,41.98,41.98,145.0,CM
2023-05-23 12:20:00,41.97,41.97,41.97,41.97,100.0,CM
2023-05-23 12:19:00,41.97,41.97,41.97,41.97,314.0,CM
2023-05-23 12:18:00,41.99,41.99,41.97,41.97,2997.0,CM
2023-05-23 12:17:00,41.9814,41.99,41.9814,41.99,337.0,CM
2023-05-23 12:16:00,42.01,42.01,41.99,41.99,2272.0,CM
2023-05-23 12:15:00,42.04,42.04,42.03,42.03,577.0,CM
2023-05-23 12:14:00,42.055,42.055,42.04,42.04,557.0,CM
2023-05-23 12:13:00,42.05,42.06,42.05,42.06,819.0,CM
2023-05-23 12:12:00,42.05,42.05,42.04,42.04,623.0,CM
2023-05-23 12:11:00,42.07,42.07,42.05,42.0507,1259.0,CM
2023-05-23 12:10:00,42.12,42.12,42.07,42.07,3239.0,CM
2023-05-23 12:09:00,42.13,42.13,42.11,42.12,8688.0,CM
2023-05-23 12:08:00,42.13,42.145,42.13,42.135,8258.0,CM
2023-05-23 12:07:00,42.125,42.13,42.12,42.125,1129.0,CM
2023-05-23 12:06:00,42.13,42.13,42.125,42.125,5382.0,CM
2023-05-23 12:05:00,42.13,42.135,42.13,42.135,1993.0,CM
2023-05-23 12:04:00,42.125,42.125,42.105,42.125,7179.0,CM
2023-05-23 12:03:00,42.095,42.13,42.09,42.13,13922.0,CM
2023-05-23 12:02:00,42.095,42.095,42.09,42.095,2097.0,CM
2023-05-23 12:01:00,42.09,42.105,42.09,42.105,1937.0,CM
2023-05-23 12:00:00,42.1,42.1,42.1,42.1,225.0,CM
2023-05-23 11:59:00,42.125,42.125,42.09,42.09,7074.0,CM
2023-05-23 11:58:00,42.125,42.125,42.12,42.125,1706.0,CM
2023-05-23 11:57:00,42.12,42.13,42.12,42.125,2190.0,CM
2023-05-23 11:56:00,42.12,42.14,42.12,42.1301,2087.0,CM
2023-05-23 11:55:00,42.1511,42.1511,42.13,42.135,3022.0,CM
2023-05-23 11:54:00,42.14,42.15,42.14,42.15,430.0,CM
2023-05-23 11:53:00,42.125,42.14,42.12,42.14,9763.0,CM
2023-05-23 11:52:00,42.11,42.13,42.11,42.13,10375.0,CM
2023-05-23 11:51:00,42.1,42.11,42.1,42.11,1872.0,CM
2023-05-23 11:50:00,42.09,42.11,42.09,42.095,12655.0,CM
2023-05-23 11:49:00,42.075,42.1,42.075,42.095,7629.0,CM
2023-05-23 11:48:00,42.075,42.075,42.075,42.075,1074.0,CM
2023-05-23 11:47:00,42.105,42.105,42.075,42.075,11887.0,CM
2023-05-23 11:46:00,42.1,42.11,42.1,42.105,3178.0,CM
2023-05-23 11:45:00,42.1,42.11,42.1,42.1,2586.0,CM
2023-05-23 11:44:00,42.1,42.105,42.1,42.1,1230.0,CM
2023-05-23 11:43:00,42.1,42.105,42.1,42.1,2337.0,CM
2023-05-23 11:42:00,42.105,42.105,42.095,42.095,766.0,CM
2023-05-23 11:41:00,42.135,42.135,42.13,42.13,870.0,CM
2023-05-23 11:40:00,42.14,42.15,42.14,42.15,720.0,CM
2023-05-23 11:39:00,42.12,42.12,42.12,42.12,802.0,CM
2023-05-23 11:38:00,42.135,42.135,42.12,42.12,686.0,CM
2023-05-23 11:37:00,42.08,42.125,42.08,42.125,876.0,CM
2023-05-23 11:36:00,42.09,42.09,42.08,42.08,1101.0,CM
2023-05-23 11:35:00,42.1,42.1,42.09,42.09,716.0,CM
2023-05-23 11:34:00,42.1,42.1,42.1,42.1,175.0,CM
2023-05-23 11:32:00,42.08,42.1,42.08,42.1,1203.0,CM
2023-05-23 11:31:00,42.07,42.08,42.065,42.065,1851.0,CM
2023-05-23 11:30:00,42.05,42.0592,42.05,42.0592,781.0,CM
2023-05-23 11:28:00,42.04,42.04,42.04,42.04,133.0,CM
2023-05-23 11:27:00,42.02,42.028,42.02,42.028,316.0,CM
2023-05-23 11:26:00,42.01,42.01,42.01,42.01,517.0,CM
2023-05-23 11:25:00,41.98,42.0,41.97,42.0,871.0,CM
2023-05-23 11:24:00,41.97,41.98,41.965,41.98,1098.0,CM
2023-05-23 11:23:00,41.98,41.98,41.98,41.98,293.0,CM
2023-05-23 11:22:00,41.98,41.98,41.97,41.97,761.0,CM
2023-05-23 11:21:00,41.985,41.985,41.98,41.98,393.0,CM
2023-05-23 11:20:00,41.975,41.98,41.97,41.98,618.0,CM
2023-05-23 11:19:00,42.01,42.01,41.965,41.97,3392.0,CM
2023-05-23 11:18:00,42.0,42.01,41.985,42.01,2953.0,CM
2023-05-23 11:17:00,42.01,42.01,42.0,42.0,582.0,CM
2023-05-23 11:16:00,42.005,42.01,42.005,42.01,718.0,CM
2023-05-23 11:15:00,42.0099,42.02,42.0,42.01,2718.0,CM
2023-05-23 11:14:00,42.02,42.02,42.01,42.01,634.0,CM
2023-05-23 11:13:00,42.015,42.015,42.01,42.01,1450.0,CM
2023-05-23 11:12:00,42.005,42.005,42.0001,42.0001,661.0,CM
2023-05-23 11:10:00,42.005,42.01,42.005,42.01,356.0,CM
2023-05-23 11:09:00,42.01,42.01,42.01,42.01,2424.0,CM
2023-05-23 11:08:00,42.01,42.015,42.01,42.015,209.0,CM
2023-05-23 11:07:00,42.02,42.02,42.02,42.02,491.0,CM
2023-05-23 11:05:00,42.03,42.03,42.02,42.02,1192.0,CM
2023-05-23 11:04:00,42.02,42.02,42.02,42.02,120.0,CM
2023-05-23 11:03:00,42.02,42.02,42.02,42.02,732.0,CM
2023-05-23 11:02:00,42.0,42.0,42.0,42.0,400.0,CM
2023-05-23 11:01:00,41.99,41.99,41.97,41.98,2873.0,CM
2023-05-23 11:00:00,41.96,41.97,41.96,41.97,599.0,CM
2023-05-23 10:59:00,41.96,41.96,41.96,41.96,225.0,CM
2023-05-23 10:58:00,41.98,41.9807,41.96,41.96,1258.0,CM
2023-05-23 10:57:00,41.95,41.95,41.95,41.95,798.0,CM
2023-05-23 10:56:00,41.9399,41.9399,41.9399,41.9399,1728.0,CM
2023-05-23 10:54:00,41.95,41.95,41.95,41.95,710.0,CM
2023-05-23 10:53:00,41.91,41.91,41.91,41.91,248.0,CM
2023-05-23 10:52:00,41.94,41.94,41.94,41.94,268.0,CM
2023-05-23 10:51:00,41.95,41.95,41.94,41.94,743.0,CM
2023-05-23 10:50:00,41.92,41.93,41.91,41.91,1357.0,CM
2023-05-23 10:49:00,41.94,41.94,41.92,41.92,498.0,CM
2023-05-23 10:48:00,41.94,41.94,41.94,41.94,325.0,CM
2023-05-23 10:47:00,41.92,41.93,41.91,41.93,964.0,CM
2023-05-23 10:46:00,41.93,41.93,41.91,41.91,788.0,CM
2023-05-23 10:45:00,41.94,41.94,41.94,41.94,639.0,CM
2023-05-23 10:43:00,41.99,41.99,41.97,41.98,1280.0,CM
2023-05-23 10:42:00,42.0,42.0,42.0,42.0,532.0,CM
2023-05-23 10:41:00,42.04,42.04,42.02,42.02,1408.0,CM
2023-05-23 10:40:00,42.04,42.05,42.03,42.05,2430.0,CM
2023-05-23 10:39:00,42.015,42.05,42.015,42.05,1750.0,CM
2023-05-23 10:38:00,42.0,42.015,42.0,42.015,2000.0,CM
2023-05-23 10:37:00,41.97,41.99,41.97,41.985,2670.0,CM
2023-05-23 10:36:00,41.965,41.975,41.96,41.965,5590.0,CM
2023-05-23 10:35:00,41.96,41.97,41.96,41.965,669.0,CM
2023-05-23 10:34:00,41.97,41.97,41.97,41.97,655.0,CM
2023-05-23 10:33:00,41.99,41.99,41.965,41.965,1812.0,CM
2023-05-23 10:32:00,41.99,42.0,41.98,42.0,792.0,CM
2023-05-23 10:31:00,41.99,41.99,41.99,41.99,452.0,CM
2023-05-23 10:30:00,41.95,41.96,41.95,41.96,310.0,CM
2023-05-23 10:29:00,41.97,41.97,41.95,41.95,1711.0,CM
2023-05-23 10:28:00,42.0,42.0,41.98,41.99,1636.0,CM
2023-05-23 10:27:00,41.98,41.98,41.96,41.965,1786.0,CM
2023-05-23 10:26:00,41.95,41.98,41.95,41.98,876.0,CM
2023-05-23 10:25:00,41.94,41.95,41.94,41.95,614.0,CM
2023-05-23 10:23:00,41.9094,41.9094,41.9094,41.9094,391.0,CM
2023-05-23 10:22:00,41.88,41.88,41.86,41.86,436.0,CM
2023-05-23 10:21:00,41.85,41.85,41.84,41.85,3579.0,CM
2023-05-23 10:20:00,41.84,41.85,41.84,41.85,1345.0,CM
2023-05-23 10:19:00,41.84,41.84,41.84,41.84,395.0,CM
2023-05-23 10:18:00,41.84,41.84,41.84,41.84,772.0,CM
2023-05-23 10:16:00,41.78,41.8,41.78,41.8,419.0,CM
2023-05-23 10:15:00,41.84,41.84,41.78,41.78,2367.0,CM
2023-05-23 10:14:00,41.85,41.85,41.84,41.84,1250.0,CM
2023-05-23 10:13:00,41.88,41.885,41.87,41.87,1581.0,CM
2023-05-23 10:12:00,41.92,41.92,41.88,41.88,1410.0,CM
2023-05-23 10:11:00,41.915,41.935,41.915,41.93,5245.0,CM
2023-05-23 10:10:00,41.88,41.92,41.88,41.915,5869.0,CM
2023-05-23 10:09:00,41.885,41.885,41.87,41.875,1534.0,CM
2023-05-23 10:08:00,41.885,41.89,41.875,41.875,3729.0,CM
2023-05-23 10:07:00,41.87,41.89,41.865,41.88,1781.0,CM
2023-05-23 10:06:00,41.88,41.88,41.86,41.87,7709.0,CM
2023-05-23 10:05:00,41.9,41.905,41.89,41.89,1291.0,CM
2023-05-23 10:04:00,41.9,41.91,41.9,41.9,1496.0,CM
2023-05-23 10:03:00,41.89,41.89,41.89,41.89,838.0,CM
2023-05-23 10:02:00,41.85,41.88,41.85,41.88,565.0,CM
2023-05-23 10:01:00,41.87,41.87,41.82,41.86,2161.0,CM
2023-05-23 10:00:00,41.83,41.88,41.83,41.85,11067.0,CM
2023-05-23 09:59:00,41.83,41.84,41.83,41.83,599.0,CM
2023-05-23 09:58:00,41.815,41.835,41.81,41.835,3301.0,CM
2023-05-23 09:57:00,41.815,41.835,41.8,41.81,2482.0,CM
2023-05-23 09:56:00,41.79,41.805,41.77,41.8006,5231.0,CM
2023-05-23 09:55:00,41.8,41.805,41.79,41.795,2499.0,CM
2023-05-23 09:54:00,41.77,41.81,41.77,41.805,949.0,CM
2023-05-23 09:53:00,41.785,41.785,41.76,41.77,1852.0,CM
2023-05-23 09:52:00,41.8153,41.83,41.805,41.805,4684.0,CM
2023-05-23 09:51:00,41.755,41.805,41.755,41.805,6407.0,CM
2023-05-23 09:50:00,41.74,41.75,41.74,41.75,609.0,CM
2023-05-23 09:49:00,41.72,41.76,41.72,41.75,1410.0,CM
2023-05-23 09:48:00,41.7,41.7,41.7,41.7,513.0,CM
2023-05-23 09:47:00,41.68,41.68,41.63,41.64,3524.0,CM
2023-05-23 09:46:00,41.645,41.66,41.645,41.6542,1309.0,CM
2023-05-23 09:45:00,41.63,41.63,41.59,41.6,2434.0,CM
2023-05-23 09:44:00,41.64,41.64,41.64,41.64,184.0,CM
2023-05-23 09:43:00,41.66,41.68,41.64,41.64,4220.0,CM
2023-05-23 09:42:00,41.635,41.635,41.63,41.63,200.0,CM
2023-05-23 09:41:00,41.62,41.64,41.615,41.64,1446.0,CM
2023-05-23 09:40:00,41.61,41.6193,41.59,41.6193,1099.0,CM
2023-05-23 09:39:00,41.59,41.63,41.58,41.6,2818.0,CM
2023-05-23 09:38:00,41.59,41.6,41.57,41.58,4378.0,CM
2023-05-23 09:37:00,41.56,41.59,41.54,41.59,2089.0,CM
2023-05-23 09:36:00,41.57,41.59,41.55,41.55,1101.0,CM
2023-05-23 09:35:00,41.66,41.67,41.59,41.59,3302.0,CM
2023-05-23 09:34:00,41.67,41.67,41.66,41.66,2703.0,CM
2023-05-23 09:33:00,41.69,41.69,41.665,41.665,874.0,CM
2023-05-23 09:32:00,41.65,41.71,41.65,41.685,2145.0,CM
2023-05-23 09:31:00,41.64,41.66,41.605,41.605,2213.0,CM
2023-05-23 09:30:00,41.68,41.68,41.53,41.615,7987.0,CM
2023-05-23 08:53:00,41.86,41.86,41.86,41.86,300.0,CM
