date,1. open,2. high,3. low,4. close,5. volume,Ticker
2023-05-31 17:27:00,2072.01,2072.01,2072.01,2072.01,160.0,CMG
2023-05-31 17:22:00,2072.01,2072.01,2072.01,2072.01,160.0,CMG
2023-05-31 17:14:00,2072.298,2072.298,2072.298,2072.298,160.0,CMG
2023-05-31 16:07:00,2076.49,2076.49,2076.49,2076.49,8021.0,CMG
2023-05-31 16:06:00,2076.49,2076.49,2076.49,2076.49,2130.0,CMG
2023-05-31 16:03:00,2076.49,2076.49,2076.49,2076.49,19963.0,CMG
2023-05-31 15:59:00,2075.5,2076.22,2074.65,2075.75,13946.0,CMG
2023-05-31 15:58:00,2075.61,2076.62,2075.61,2076.575,7801.0,CMG
2023-05-31 15:57:00,2076.87,2076.87,2074.66,2074.66,4419.0,CMG
2023-05-31 15:56:00,2074.05,2077.78,2074.05,2077.78,4799.0,CMG
2023-05-31 15:55:00,2072.16,2073.06,2071.11,2073.06,3895.0,CMG
2023-05-31 15:54:00,2071.07,2071.67,2070.5,2071.67,4374.0,CMG
2023-05-31 15:53:00,2071.52,2071.52,2071.52,2071.52,2643.0,CMG
2023-05-31 15:52:00,2071.69,2071.69,2071.69,2071.69,1405.0,CMG
2023-05-31 15:51:00,2072.72,2072.72,2072.72,2072.72,3020.0,CMG
2023-05-31 15:50:00,2071.53,2075.23,2071.53,2072.76,3396.0,CMG
2023-05-31 15:49:00,2069.86,2069.86,2069.86,2069.86,1311.0,CMG
2023-05-31 15:48:00,2069.015,2069.015,2069.015,2069.015,419.0,CMG
2023-05-31 15:47:00,2069.04,2069.04,2069.03,2069.03,1503.0,CMG
2023-05-31 15:46:00,2069.96,2070.08,2069.96,2070.08,2312.0,CMG
2023-05-31 15:45:00,2070.23,2070.23,2070.19,2070.19,1181.0,CMG
2023-05-31 15:44:00,2069.73,2069.73,2069.43,2069.43,1762.0,CMG
2023-05-31 15:42:00,2069.315,2069.315,2069.3026,2069.3026,1008.0,CMG
2023-05-31 15:41:00,2068.97,2068.97,2068.97,2068.97,707.0,CMG
2023-05-31 15:36:00,2070.2,2070.27,2069.75,2069.75,3027.0,CMG
2023-05-31 15:35:00,2070.58,2070.58,2070.58,2070.58,315.0,CMG
2023-05-31 15:34:00,2071.0,2071.0,2071.0,2071.0,1470.0,CMG
2023-05-31 15:28:00,2070.7775,2070.7775,2070.7775,2070.7775,370.0,CMG
2023-05-31 15:26:00,2070.59,2070.88,2070.59,2070.86,1125.0,CMG
2023-05-31 15:25:00,2070.73,2070.73,2070.075,2070.075,2212.0,CMG
2023-05-31 15:22:00,2070.42,2070.52,2070.42,2070.48,514.0,CMG
2023-05-31 15:18:00,2070.675,2070.675,2070.0,2070.0,416.0,CMG
2023-05-31 15:16:00,2072.05,2072.05,2070.86,2070.86,605.0,CMG
2023-05-31 15:13:00,2071.28,2071.37,2070.705,2070.7825,1685.0,CMG
2023-05-31 15:09:00,2070.405,2070.405,2070.405,2070.405,350.0,CMG
2023-05-31 15:08:00,2071.565,2071.565,2070.8,2071.53,1396.0,CMG
2023-05-31 15:02:00,2070.02,2070.09,2069.96,2070.02,1874.0,CMG
2023-05-31 14:52:00,2068.0047,2068.0047,2068.0047,2068.0047,214.0,CMG
2023-05-31 14:50:00,2069.155,2069.155,2069.155,2069.155,642.0,CMG
2023-05-31 14:48:00,2069.265,2069.265,2068.75,2068.75,1364.0,CMG
2023-05-31 14:46:00,2068.9958,2069.055,2068.9958,2069.055,360.0,CMG
2023-05-31 14:37:00,2069.56,2069.56,2069.56,2069.56,256.0,CMG
2023-05-31 14:31:00,2068.67,2068.67,2067.46,2067.46,511.0,CMG
2023-05-31 14:30:00,2068.585,2068.585,2068.25,2068.26,809.0,CMG
2023-05-31 14:29:00,2070.19,2070.2,2070.19,2070.2,718.0,CMG
2023-05-31 14:27:00,2068.86,2070.35,2068.86,2069.86,1012.0,CMG
2023-05-31 14:26:00,2069.5,2069.5,2069.5,2069.5,1240.0,CMG
2023-05-31 14:16:00,2069.0,2069.0,2066.89,2066.89,838.0,CMG
2023-05-31 14:12:00,2070.89,2070.89,2070.89,2070.89,301.0,CMG
2023-05-31 14:11:00,2071.31,2071.31,2071.31,2071.31,857.0,CMG
2023-05-31 14:09:00,2070.9,2070.9,2070.9,2070.9,167.0,CMG
2023-05-31 14:08:00,2069.77,2069.77,2069.77,2069.77,429.0,CMG
2023-05-31 14:06:00,2070.24,2070.79,2070.24,2070.79,1253.0,CMG
2023-05-31 14:03:00,2068.29,2068.29,2067.28,2067.28,1772.0,CMG
2023-05-31 14:01:00,2070.415,2070.415,2070.415,2070.415,228.0,CMG
2023-05-31 14:00:00,2069.43,2069.43,2069.43,2069.43,577.0,CMG
2023-05-31 13:58:00,2070.6399,2070.6399,2070.6399,2070.6399,872.0,CMG
2023-05-31 13:50:00,2069.25,2069.43,2068.32,2068.32,1662.0,CMG
2023-05-31 13:49:00,2069.28,2069.28,2069.28,2069.28,274.0,CMG
2023-05-31 13:47:00,2070.26,2070.26,2070.26,2070.26,593.0,CMG
2023-05-31 13:46:00,2068.81,2068.91,2068.81,2068.91,812.0,CMG
2023-05-31 13:38:00,2070.06,2070.5,2070.06,2070.5,1787.0,CMG
2023-05-31 13:35:00,2071.055,2071.74,2071.055,2071.74,763.0,CMG
2023-05-31 13:33:00,2070.22,2070.22,2070.1,2070.1,728.0,CMG
2023-05-31 13:30:00,2069.14,2069.14,2067.875,2067.875,1362.0,CMG
2023-05-31 13:27:00,2068.1,2068.1,2068.1,2068.1,444.0,CMG
2023-05-31 13:25:00,2066.84,2066.84,2066.84,2066.84,503.0,CMG
2023-05-31 13:20:00,2066.27,2066.27,2066.27,2066.27,369.0,CMG
2023-05-31 13:19:00,2067.25,2067.25,2067.25,2067.25,371.0,CMG
2023-05-31 13:15:00,2067.69,2067.89,2067.39,2067.39,903.0,CMG
2023-05-31 13:10:00,2068.94,2068.94,2068.94,2068.94,429.0,CMG
2023-05-31 13:07:00,2068.7,2068.7,2068.7,2068.7,936.0,CMG
2023-05-31 13:04:00,2067.485,2067.71,2067.485,2067.71,371.0,CMG
2023-05-31 13:03:00,2067.87,2067.87,2067.87,2067.87,146.0,CMG
2023-05-31 13:01:00,2066.42,2066.42,2066.42,2066.42,228.0,CMG
2023-05-31 12:59:00,2068.69,2068.69,2067.975,2067.975,691.0,CMG
2023-05-31 12:57:00,2068.58,2068.58,2068.58,2068.58,234.0,CMG
2023-05-31 12:56:00,2067.9,2067.9,2067.9,2067.9,682.0,CMG
2023-05-31 12:53:00,2067.99,2067.99,2067.99,2067.99,371.0,CMG
2023-05-31 12:49:00,2068.765,2068.765,2068.765,2068.765,229.0,CMG
2023-05-31 12:47:00,2066.54,2066.54,2066.54,2066.54,400.0,CMG
2023-05-31 12:39:00,2062.33,2062.33,2061.85,2061.85,404.0,CMG
2023-05-31 12:34:00,2063.69,2063.74,2062.64,2063.74,313.0,CMG
2023-05-31 12:33:00,2062.0,2063.04,2062.0,2062.43,1690.0,CMG
2023-05-31 12:30:00,2061.19,2061.19,2061.19,2061.19,169.0,CMG
2023-05-31 12:27:00,2062.51,2062.51,2061.19,2061.19,785.0,CMG
2023-05-31 12:25:00,2061.65,2061.65,2061.65,2061.65,537.0,CMG
2023-05-31 12:23:00,2061.28,2061.28,2061.28,2061.28,186.0,CMG
2023-05-31 12:18:00,2061.11,2061.11,2061.11,2061.11,112.0,CMG
2023-05-31 12:15:00,2060.92,2060.94,2060.9,2060.92,776.0,CMG
2023-05-31 12:14:00,2062.315,2063.31,2062.0,2062.0525,781.0,CMG
2023-05-31 12:08:00,2061.31,2061.31,2060.23,2060.23,907.0,CMG
2023-05-31 12:06:00,2062.0,2062.0,2062.0,2062.0,228.0,CMG
2023-05-31 12:04:00,2062.0,2062.0,2062.0,2062.0,401.0,CMG
2023-05-31 12:03:00,2060.74,2060.74,2060.74,2060.74,377.0,CMG
2023-05-31 12:01:00,2062.0,2062.68,2061.28,2062.68,3028.0,CMG
2023-05-31 12:00:00,2061.6,2062.06,2061.6,2062.0,1352.0,CMG
2023-05-31 11:58:00,2060.8725,2060.8725,2060.8725,2060.8725,197.0,CMG
2023-05-31 11:57:00,2060.79,2060.79,2060.79,2060.79,159.0,CMG
2023-05-31 11:50:00,2062.0,2062.0,2061.0,2061.0,1978.0,CMG
2023-05-31 11:47:00,2062.5,2062.5,2062.0,2062.0,1024.0,CMG
2023-05-31 11:46:00,2060.545,2060.545,2060.545,2060.545,229.0,CMG
2023-05-31 11:43:00,2062.0,2062.6,2060.6,2062.335,4070.0,CMG
2023-05-31 11:40:00,2060.0,2061.29,2060.0,2061.29,921.0,CMG
2023-05-31 11:39:00,2061.32,2061.32,2061.32,2061.32,511.0,CMG
2023-05-31 11:38:00,2060.43,2060.72,2060.43,2060.72,294.0,CMG
2023-05-31 11:36:00,2061.315,2061.315,2061.315,2061.315,349.0,CMG
2023-05-31 11:35:00,2061.55,2061.55,2061.55,2061.55,641.0,CMG
2023-05-31 11:34:00,2062.65,2062.65,2062.0,2062.05,462.0,CMG
2023-05-31 11:33:00,2062.61,2062.61,2062.61,2062.61,148.0,CMG
2023-05-31 11:28:00,2061.565,2063.91,2061.565,2063.91,2008.0,CMG
2023-05-31 11:23:00,2060.84,2060.84,2060.84,2060.84,928.0,CMG
2023-05-31 11:22:00,2060.16,2060.16,2060.16,2060.16,328.0,CMG
2023-05-31 11:21:00,2062.275,2062.61,2062.15,2062.61,2266.0,CMG
2023-05-31 11:20:00,2064.25,2064.25,2063.0,2063.0,2278.0,CMG
2023-05-31 11:16:00,2064.67,2065.93,2064.67,2065.93,709.0,CMG
2023-05-31 11:08:00,2063.93,2063.95,2063.93,2063.95,528.0,CMG
2023-05-31 11:03:00,2064.9,2064.9,2064.9,2064.9,253.0,CMG
2023-05-31 11:02:00,2066.79,2066.79,2066.79,2066.79,601.0,CMG
2023-05-31 11:01:00,2068.39,2068.73,2068.39,2068.73,655.0,CMG
2023-05-31 11:00:00,2069.4,2069.4,2069.4,2069.4,872.0,CMG
2023-05-31 10:58:00,2071.98,2071.98,2071.98,2071.98,249.0,CMG
2023-05-31 10:55:00,2069.5,2072.0,2069.5,2072.0,1049.0,CMG
2023-05-31 10:54:00,2069.32,2069.32,2069.32,2069.32,233.0,CMG
2023-05-31 10:53:00,2069.65,2069.65,2069.65,2069.65,354.0,CMG
2023-05-31 10:52:00,2068.33,2068.33,2068.33,2068.33,812.0,CMG
2023-05-31 10:51:00,2068.5,2068.81,2067.54,2067.57,698.0,CMG
2023-05-31 10:49:00,2068.45,2068.45,2067.3,2067.33,770.0,CMG
2023-05-31 10:48:00,2066.12,2068.28,2066.12,2066.695,2725.0,CMG
2023-05-31 10:43:00,2064.29,2064.29,2064.29,2064.29,409.0,CMG
2023-05-31 10:42:00,2067.495,2067.495,2066.2,2066.2,1604.0,CMG
2023-05-31 10:41:00,2067.13,2068.36,2066.74,2067.68,987.0,CMG
2023-05-31 10:40:00,2066.39,2066.43,2064.395,2066.43,933.0,CMG
2023-05-31 10:39:00,2066.75,2066.75,2064.115,2064.115,742.0,CMG
2023-05-31 10:37:00,2066.3,2066.3,2066.3,2066.3,274.0,CMG
2023-05-31 10:36:00,2064.56,2066.41,2064.56,2066.41,652.0,CMG
2023-05-31 10:35:00,2064.36,2064.36,2064.36,2064.36,138.0,CMG
2023-05-31 10:32:00,2065.39,2065.39,2065.39,2065.39,215.0,CMG
2023-05-31 10:31:00,2065.11,2065.255,2064.27,2064.27,3291.0,CMG
2023-05-31 10:30:00,2063.3,2064.39,2063.3,2064.39,1930.0,CMG
2023-05-31 10:28:00,2061.32,2061.5,2061.32,2061.5,585.0,CMG
2023-05-31 10:27:00,2059.19,2059.19,2059.19,2059.19,710.0,CMG
2023-05-31 10:26:00,2060.39,2060.39,2060.39,2060.39,696.0,CMG
2023-05-31 10:25:00,2061.0,2061.0,2061.0,2061.0,1166.0,CMG
2023-05-31 10:23:00,2060.99,2060.99,2060.99,2060.99,1206.0,CMG
2023-05-31 10:22:00,2060.0,2060.0,2060.0,2060.0,712.0,CMG
2023-05-31 10:18:00,2061.83,2061.83,2061.55,2061.78,1958.0,CMG
2023-05-31 10:17:00,2063.19,2063.19,2063.19,2063.19,689.0,CMG
2023-05-31 10:16:00,2064.58,2064.58,2064.58,2064.58,250.0,CMG
2023-05-31 10:15:00,2064.57,2064.57,2064.57,2064.57,257.0,CMG
2023-05-31 10:13:00,2063.82,2064.04,2061.8001,2064.04,934.0,CMG
2023-05-31 10:12:00,2062.82,2062.82,2062.82,2062.82,981.0,CMG
2023-05-31 10:11:00,2064.36,2067.4909,2064.36,2067.4909,1496.0,CMG
2023-05-31 10:07:00,2065.75,2065.81,2064.18,2065.81,1781.0,CMG
2023-05-31 10:05:00,2068.25,2068.25,2067.79,2067.79,603.0,CMG
2023-05-31 10:01:00,2069.7,2069.7,2068.97,2068.97,1513.0,CMG
2023-05-31 09:59:00,2069.84,2072.0,2069.26,2072.0,2125.0,CMG
2023-05-31 09:57:00,2068.11,2068.11,2068.11,2068.11,472.0,CMG
2023-05-31 09:56:00,2068.01,2068.01,2068.01,2068.01,451.0,CMG
2023-05-31 09:55:00,2067.735,2067.735,2067.735,2067.735,627.0,CMG
2023-05-31 09:53:00,2071.035,2072.06,2069.515,2069.5225,655.0,CMG
2023-05-31 09:51:00,2072.65,2074.995,2072.65,2074.995,1932.0,CMG
2023-05-31 09:50:00,2067.15,2067.17,2067.14,2067.14,763.0,CMG
2023-05-31 09:49:00,2063.7,2063.7,2063.7,2063.7,367.0,CMG
2023-05-31 09:48:00,2065.38,2065.39,2063.55,2065.035,2256.0,CMG
2023-05-31 09:47:00,2072.27,2072.27,2070.0,2070.0,589.0,CMG
2023-05-31 09:45:00,2068.81,2071.41,2068.81,2071.41,826.0,CMG
2023-05-31 09:44:00,2073.92,2073.92,2070.45,2070.6,3009.0,CMG
2023-05-31 09:43:00,2073.24,2076.0,2073.195,2073.71,865.0,CMG
2023-05-31 09:42:00,2073.38,2076.25,2073.38,2075.205,1087.0,CMG
2023-05-31 09:39:00,2070.4147,2070.4147,2070.4147,2070.4147,169.0,CMG
2023-05-31 09:37:00,2072.99,2072.99,2071.83,2072.94,876.0,CMG
2023-05-31 09:35:00,2075.42,2075.42,2075.42,2075.42,433.0,CMG
2023-05-31 09:34:00,2077.5361,2077.5361,2077.5361,2077.5361,191.0,CMG
2023-05-31 09:33:00,2075.3047,2075.3047,2075.3047,2075.3047,295.0,CMG
2023-05-31 09:32:00,2073.47,2073.47,2073.47,2073.47,748.0,CMG
2023-05-31 09:31:00,2070.0,2070.0,2070.0,2070.0,2339.0,CMG
2023-05-30 16:03:00,2071.28,2071.28,2071.28,2071.28,2884.0,CMG
2023-05-30 15:59:00,2071.5,2073.48,2070.68,2073.01,13626.0,CMG
2023-05-30 15:58:00,2071.32,2073.32,2071.32,2072.0,5132.0,CMG
2023-05-30 15:57:00,2071.05,2072.45,2070.2503,2071.26,6458.0,CMG
2023-05-30 15:56:00,2067.42,2070.015,2067.09,2069.82,2739.0,CMG
2023-05-30 15:55:00,2067.17,2069.96,2066.38,2067.37,7822.0,CMG
2023-05-30 15:54:00,2065.32,2066.99,2064.66,2066.49,4797.0,CMG
2023-05-30 15:53:00,2067.39,2067.39,2066.55,2066.56,4292.0,CMG
2023-05-30 15:52:00,2069.52,2069.52,2067.67,2067.67,3963.0,CMG
2023-05-30 15:51:00,2065.95,2068.34,2065.95,2067.81,3585.0,CMG
2023-05-30 15:50:00,2070.83,2070.83,2066.33,2066.34,3491.0,CMG
2023-05-30 15:49:00,2069.89,2072.24,2068.7,2071.31,4190.0,CMG
2023-05-30 15:48:00,2068.4,2068.87,2066.45,2068.09,2121.0,CMG
2023-05-30 15:47:00,2071.05,2071.27,2068.18,2068.18,4580.0,CMG
2023-05-30 15:46:00,2070.45,2071.975,2070.26,2071.975,3400.0,CMG
2023-05-30 15:45:00,2072.41,2072.845,2070.44,2070.44,4443.0,CMG
2023-05-30 15:44:00,2071.65,2071.65,2071.65,2071.65,1085.0,CMG
2023-05-30 15:43:00,2073.61,2073.61,2071.69,2071.7,1557.0,CMG
2023-05-30 15:42:00,2073.72,2073.72,2073.54,2073.54,1275.0,CMG
2023-05-30 15:41:00,2073.82,2073.82,2073.82,2073.82,658.0,CMG
2023-05-30 15:40:00,2073.75,2074.705,2073.54,2074.07,2446.0,CMG
2023-05-30 15:39:00,2074.39,2074.44,2074.21,2074.42,1327.0,CMG
2023-05-30 15:38:00,2074.11,2074.11,2074.07,2074.07,663.0,CMG
2023-05-30 15:37:00,2075.965,2075.965,2072.625,2075.55,3294.0,CMG
2023-05-30 15:36:00,2074.83,2076.12,2074.425,2076.12,994.0,CMG
2023-05-30 15:35:00,2077.25,2077.25,2074.79,2074.79,1168.0,CMG
2023-05-30 15:34:00,2077.25,2078.99,2077.11,2078.065,1296.0,CMG
2023-05-30 15:33:00,2079.25,2079.25,2076.67,2077.25,1886.0,CMG
2023-05-30 15:32:00,2079.44,2079.44,2079.44,2079.44,845.0,CMG
2023-05-30 15:31:00,2079.25,2079.25,2079.25,2079.25,699.0,CMG
2023-05-30 15:30:00,2080.74,2080.74,2080.74,2080.74,570.0,CMG
2023-05-30 15:29:00,2079.34,2079.34,2079.34,2079.34,283.0,CMG
2023-05-30 15:28:00,2079.22,2079.3,2079.13,2079.13,501.0,CMG
2023-05-30 15:26:00,2079.0,2079.0,2079.0,2079.0,386.0,CMG
2023-05-30 15:23:00,2080.1,2080.1,2079.17,2079.17,1339.0,CMG
2023-05-30 15:22:00,2080.47,2082.31,2079.42,2079.42,1358.0,CMG
2023-05-30 15:21:00,2077.4,2077.4,2077.4,2077.4,166.0,CMG
2023-05-30 15:20:00,2076.79,2076.79,2076.79,2076.79,469.0,CMG
2023-05-30 15:19:00,2076.16,2076.16,2076.16,2076.16,414.0,CMG
2023-05-30 15:18:00,2077.32,2077.73,2075.41,2077.14,853.0,CMG
2023-05-30 15:17:00,2075.18,2076.855,2075.18,2075.28,1416.0,CMG
2023-05-30 15:15:00,2075.75,2076.14,2073.87,2073.87,814.0,CMG
2023-05-30 15:14:00,2076.07,2076.4,2073.13,2075.51,3520.0,CMG
2023-05-30 15:13:00,2076.94,2076.94,2076.94,2076.94,910.0,CMG
2023-05-30 15:12:00,2076.28,2077.12,2076.28,2076.3003,569.0,CMG
2023-05-30 15:11:00,2076.33,2076.33,2076.28,2076.28,537.0,CMG
2023-05-30 15:10:00,2074.63,2074.63,2074.63,2074.63,525.0,CMG
2023-05-30 15:09:00,2078.375,2078.375,2074.59,2074.59,4976.0,CMG
2023-05-30 15:08:00,2078.39,2078.39,2078.39,2078.39,573.0,CMG
2023-05-30 15:07:00,2078.375,2078.38,2077.49,2077.49,456.0,CMG
2023-05-30 15:06:00,2077.47,2078.31,2077.47,2077.47,478.0,CMG
2023-05-30 15:05:00,2077.38,2078.325,2077.3203,2078.315,667.0,CMG
2023-05-30 15:04:00,2077.4,2077.4,2077.4,2077.4,315.0,CMG
2023-05-30 15:03:00,2078.675,2078.675,2077.39,2077.39,670.0,CMG
2023-05-30 15:01:00,2077.5,2077.5,2077.5,2077.5,199.0,CMG
2023-05-30 14:59:00,2079.065,2079.065,2079.065,2079.065,547.0,CMG
2023-05-30 14:58:00,2078.52,2078.52,2078.52,2078.52,312.0,CMG
2023-05-30 14:57:00,2078.665,2078.665,2078.665,2078.665,266.0,CMG
2023-05-30 14:56:00,2077.705,2078.82,2077.7,2078.82,822.0,CMG
2023-05-30 14:51:00,2075.27,2077.37,2075.27,2076.94,2588.0,CMG
2023-05-30 14:50:00,2075.8,2075.915,2074.8,2075.65,1628.0,CMG
2023-05-30 14:49:00,2075.82,2075.82,2075.82,2075.82,153.0,CMG
2023-05-30 14:48:00,2075.885,2075.885,2075.88,2075.88,569.0,CMG
2023-05-30 14:45:00,2073.81,2074.005,2073.81,2074.005,1366.0,CMG
2023-05-30 14:42:00,2072.46,2074.38,2072.46,2073.85,1984.0,CMG
2023-05-30 14:37:00,2071.75,2072.49,2071.75,2072.49,873.0,CMG
2023-05-30 14:35:00,2072.29,2072.29,2072.29,2072.29,434.0,CMG
2023-05-30 14:31:00,2072.42,2072.61,2072.04,2072.04,2415.0,CMG
2023-05-30 14:30:00,2071.41,2071.54,2070.81,2071.245,1505.0,CMG
2023-05-30 14:29:00,2070.23,2070.695,2070.23,2070.695,748.0,CMG
2023-05-30 14:27:00,2071.4,2071.4,2071.4,2071.4,339.0,CMG
2023-05-30 14:26:00,2070.8,2071.4,2070.8,2071.4,429.0,CMG
2023-05-30 14:22:00,2071.35,2072.45,2071.35,2072.45,1407.0,CMG
2023-05-30 14:18:00,2070.06,2070.61,2070.06,2070.58,1323.0,CMG
2023-05-30 14:15:00,2069.17,2069.17,2069.17,2069.17,697.0,CMG
2023-05-30 14:12:00,2069.1,2069.18,2069.1,2069.18,287.0,CMG
2023-05-30 14:11:00,2066.755,2068.87,2066.755,2068.87,2444.0,CMG
2023-05-30 14:10:00,2066.7,2066.7,2066.7,2066.7,251.0,CMG
2023-05-30 14:09:00,2067.9199,2067.9199,2065.58,2066.95,1161.0,CMG
2023-05-30 14:08:00,2066.16,2066.16,2065.82,2065.82,1073.0,CMG
2023-05-30 14:07:00,2068.6799,2068.6799,2065.98,2065.98,1493.0,CMG
2023-05-30 14:03:00,2067.305,2067.375,2065.865,2065.865,686.0,CMG
2023-05-30 13:58:00,2068.35,2068.35,2066.255,2066.255,610.0,CMG
2023-05-30 13:57:00,2065.75,2068.205,2065.75,2068.135,856.0,CMG
2023-05-30 13:56:00,2066.005,2066.005,2066.005,2066.005,727.0,CMG
2023-05-30 13:55:00,2067.39,2067.39,2067.39,2067.39,146.0,CMG
2023-05-30 13:50:00,2071.58,2071.58,2071.58,2071.58,251.0,CMG
2023-05-30 13:49:00,2071.39,2072.85,2071.325,2072.85,435.0,CMG
2023-05-30 13:48:00,2071.37,2071.37,2071.37,2071.37,253.0,CMG
2023-05-30 13:45:00,2073.22,2073.22,2073.22,2073.22,232.0,CMG
2023-05-30 13:36:00,2072.74,2074.43,2072.74,2074.43,783.0,CMG
2023-05-30 13:35:00,2072.255,2073.155,2072.1,2072.1,834.0,CMG
2023-05-30 13:34:00,2074.06,2074.06,2072.255,2072.255,364.0,CMG
2023-05-30 13:33:00,2072.3,2072.3,2072.08,2072.1,1267.0,CMG
2023-05-30 13:32:00,2069.48,2072.77,2069.48,2072.25,1442.0,CMG
2023-05-30 13:31:00,2068.81,2068.81,2068.81,2068.81,532.0,CMG
2023-05-30 13:29:00,2072.415,2072.415,2072.415,2072.415,252.0,CMG
2023-05-30 13:28:00,2073.01,2073.01,2069.57,2069.57,893.0,CMG
2023-05-30 13:26:00,2073.23,2073.23,2073.23,2073.23,230.0,CMG
2023-05-30 13:25:00,2074.265,2074.265,2074.265,2074.265,543.0,CMG
2023-05-30 13:24:00,2072.77,2072.77,2072.21,2072.21,473.0,CMG
2023-05-30 13:22:00,2075.36,2077.77,2072.6701,2072.6701,1292.0,CMG
2023-05-30 13:19:00,2076.61,2076.61,2076.61,2076.61,328.0,CMG
2023-05-30 13:18:00,2076.56,2076.56,2076.56,2076.56,291.0,CMG
2023-05-30 13:16:00,2076.62,2076.87,2076.62,2076.87,323.0,CMG
2023-05-30 13:14:00,2076.6,2076.6,2076.6,2076.6,251.0,CMG
2023-05-30 13:13:00,2076.92,2076.92,2076.92,2076.92,229.0,CMG
2023-05-30 13:11:00,2076.85,2076.85,2076.85,2076.85,160.0,CMG
2023-05-30 13:09:00,2075.54,2075.54,2075.54,2075.54,224.0,CMG
2023-05-30 13:08:00,2076.83,2076.83,2076.82,2076.82,744.0,CMG
2023-05-30 13:07:00,2076.78,2076.78,2076.78,2076.78,330.0,CMG
2023-05-30 13:06:00,2076.73,2076.73,2076.73,2076.73,238.0,CMG
2023-05-30 13:05:00,2076.7778,2076.7778,2076.7778,2076.7778,164.0,CMG
2023-05-30 13:04:00,2079.155,2079.18,2079.155,2079.155,919.0,CMG
2023-05-30 13:03:00,2078.0,2079.235,2078.0,2079.15,1968.0,CMG
2023-05-30 13:02:00,2078.12,2078.12,2078.12,2078.12,120.0,CMG
2023-05-30 13:01:00,2079.25,2079.25,2079.25,2079.25,286.0,CMG
2023-05-30 13:00:00,2076.72,2076.72,2076.72,2076.72,137.0,CMG
2023-05-30 12:59:00,2079.26,2079.26,2079.26,2079.26,135.0,CMG
2023-05-30 12:58:00,2076.52,2076.52,2076.52,2076.52,169.0,CMG
2023-05-30 12:56:00,2078.8,2078.8,2078.8,2078.8,130.0,CMG
2023-05-30 12:52:00,2077.34,2078.815,2077.34,2078.815,678.0,CMG
2023-05-30 12:50:00,2077.37,2077.37,2077.37,2077.37,107.0,CMG
2023-05-30 12:48:00,2076.635,2078.085,2075.24,2078.085,821.0,CMG
2023-05-30 12:47:00,2077.56,2078.545,2076.6,2078.545,1392.0,CMG
2023-05-30 12:45:00,2075.84,2077.45,2074.07,2077.45,1205.0,CMG
2023-05-30 12:43:00,2073.63,2073.63,2073.63,2073.63,212.0,CMG
2023-05-30 12:42:00,2075.39,2075.39,2075.39,2075.39,112.0,CMG
2023-05-30 12:41:00,2076.26,2076.26,2073.05,2073.05,1098.0,CMG
2023-05-30 12:39:00,2076.51,2076.51,2076.51,2076.51,245.0,CMG
2023-05-30 12:38:00,2077.93,2077.93,2077.93,2077.93,171.0,CMG
2023-05-30 12:37:00,2075.59,2075.59,2075.59,2075.59,201.0,CMG
2023-05-30 12:36:00,2076.54,2076.54,2076.54,2076.54,114.0,CMG
2023-05-30 12:34:00,2077.93,2077.93,2077.93,2077.93,109.0,CMG
2023-05-30 12:33:00,2078.0,2078.0,2078.0,2078.0,143.0,CMG
2023-05-30 12:32:00,2075.49,2078.02,2075.49,2077.64,2090.0,CMG
2023-05-30 12:31:00,2077.47,2077.84,2076.18,2076.18,742.0,CMG
2023-05-30 12:30:00,2075.88,2075.88,2074.74,2075.03,943.0,CMG
2023-05-30 12:29:00,2077.02,2077.02,2075.89,2075.89,798.0,CMG
2023-05-30 12:28:00,2078.29,2078.29,2077.31,2077.31,431.0,CMG
2023-05-30 12:27:00,2079.14,2079.14,2077.86,2078.845,1195.0,CMG
2023-05-30 12:25:00,2079.26,2079.31,2078.55,2079.31,556.0,CMG
2023-05-30 12:24:00,2079.59,2079.59,2079.59,2079.59,218.0,CMG
2023-05-30 12:22:00,2079.755,2079.755,2079.755,2079.755,332.0,CMG
2023-05-30 12:21:00,2077.37,2077.37,2077.37,2077.37,418.0,CMG
2023-05-30 12:19:00,2078.0,2079.29,2077.635,2079.29,2799.0,CMG
2023-05-30 12:18:00,2077.67,2077.67,2077.67,2077.67,432.0,CMG
2023-05-30 12:16:00,2076.07,2076.72,2076.07,2076.72,630.0,CMG
2023-05-30 12:13:00,2075.9,2076.07,2075.89,2076.07,366.0,CMG
2023-05-30 12:12:00,2075.93,2076.06,2075.93,2076.06,550.0,CMG
2023-05-30 12:11:00,2077.45,2077.45,2077.45,2077.45,230.0,CMG
2023-05-30 12:10:00,2077.7914,2081.83,2077.5,2077.5,755.0,CMG
2023-05-30 12:09:00,2080.18,2080.18,2080.0,2080.0,2281.0,CMG
2023-05-30 12:08:00,2082.05,2082.05,2082.05,2082.05,429.0,CMG
2023-05-30 12:07:00,2080.23,2080.23,2080.23,2080.23,305.0,CMG
2023-05-30 12:05:00,2082.115,2082.115,2082.115,2082.115,380.0,CMG
2023-05-30 12:02:00,2084.62,2084.62,2084.13,2084.13,384.0,CMG
2023-05-30 12:00:00,2084.6,2084.6,2084.6,2084.6,125.0,CMG
2023-05-30 11:59:00,2086.035,2087.69,2086.0,2086.0,633.0,CMG
2023-05-30 11:58:00,2086.62,2086.62,2086.065,2086.065,780.0,CMG
2023-05-30 11:56:00,2089.6599,2089.6599,2089.6599,2089.6599,187.0,CMG
2023-05-30 11:55:00,2089.32,2089.32,2089.1,2089.1,1462.0,CMG
2023-05-30 11:54:00,2090.42,2090.43,2090.215,2090.43,1775.0,CMG
2023-05-30 11:53:00,2090.42,2090.425,2090.0,2090.42,1058.0,CMG
2023-05-30 11:52:00,2088.4,2090.455,2088.4,2090.45,1791.0,CMG
2023-05-30 11:51:00,2086.84,2086.84,2085.5,2086.83,641.0,CMG
2023-05-30 11:49:00,2085.21,2085.21,2085.21,2085.21,139.0,CMG
2023-05-30 11:48:00,2086.83,2086.83,2085.17,2086.83,364.0,CMG
2023-05-30 11:46:00,2085.11,2085.11,2085.11,2085.11,152.0,CMG
2023-05-30 11:45:00,2086.775,2086.775,2086.775,2086.775,676.0,CMG
2023-05-30 11:41:00,2086.55,2086.55,2086.55,2086.55,741.0,CMG
2023-05-30 11:37:00,2083.52,2083.75,2083.31,2083.31,1368.0,CMG
2023-05-30 11:32:00,2085.4,2085.4,2078.34,2079.03,1500.0,CMG
2023-05-30 11:29:00,2084.7554,2087.33,2083.92,2085.8786,1689.0,CMG
2023-05-30 11:28:00,2085.28,2085.5825,2083.79,2083.79,1188.0,CMG
2023-05-30 11:27:00,2083.63,2083.63,2083.63,2083.63,445.0,CMG
2023-05-30 11:26:00,2083.57,2083.57,2083.57,2083.57,391.0,CMG
2023-05-30 11:25:00,2083.56,2083.56,2083.56,2083.56,375.0,CMG
2023-05-30 11:21:00,2085.45,2085.69,2080.91,2085.69,4002.0,CMG
2023-05-30 11:20:00,2091.04,2091.04,2085.0003,2085.0003,1915.0,CMG
2023-05-30 11:05:00,2092.54,2092.54,2092.54,2092.54,744.0,CMG
2023-05-30 10:50:00,2090.85,2090.85,2090.6,2090.805,826.0,CMG
2023-05-30 10:49:00,2091.31,2091.31,2091.31,2091.31,1054.0,CMG
2023-05-30 10:48:00,2089.4,2089.4,2089.4,2089.4,696.0,CMG
2023-05-30 10:45:00,2089.15,2089.16,2089.15,2089.16,1015.0,CMG
2023-05-30 10:43:00,2087.65,2087.65,2087.0,2087.0,769.0,CMG
2023-05-30 10:41:00,2088.85,2089.44,2088.85,2089.0,1904.0,CMG
2023-05-30 10:40:00,2087.6,2087.8,2087.6,2087.8,1552.0,CMG
2023-05-30 10:39:00,2089.05,2089.305,2089.05,2089.305,316.0,CMG
2023-05-30 10:34:00,2089.84,2089.84,2089.84,2089.84,751.0,CMG
2023-05-30 10:33:00,2087.39,2087.39,2087.39,2087.39,750.0,CMG
2023-05-30 10:32:00,2089.295,2089.295,2088.72,2088.72,1607.0,CMG
2023-05-30 10:30:00,2089.555,2089.555,2089.555,2089.555,355.0,CMG
2023-05-30 10:29:00,2090.01,2090.01,2088.82,2088.82,1476.0,CMG
2023-05-30 10:28:00,2091.33,2091.33,2091.33,2091.33,459.0,CMG
2023-05-30 10:27:00,2092.76,2092.76,2092.76,2092.76,1028.0,CMG
2023-05-30 10:26:00,2093.93,2095.0,2093.93,2095.0,1106.0,CMG
2023-05-30 10:25:00,2093.88,2094.21,2093.88,2094.21,1218.0,CMG
2023-05-30 10:18:00,2093.13,2093.13,2093.13,2093.13,464.0,CMG
2023-05-30 10:16:00,2090.0,2090.18,2090.0,2090.18,1604.0,CMG
2023-05-30 10:12:00,2088.23,2088.66,2088.23,2088.66,1176.0,CMG
2023-05-30 10:09:00,2091.4699,2091.4699,2091.4699,2091.4699,151.0,CMG
2023-05-30 10:06:00,2088.0,2090.34,2088.0,2089.5,1561.0,CMG
2023-05-30 10:04:00,2085.86,2086.03,2085.86,2086.03,1026.0,CMG
2023-05-30 10:01:00,2086.04,2087.22,2085.0,2085.0,1742.0,CMG
2023-05-30 10:00:00,2089.96,2089.96,2089.96,2089.96,514.0,CMG
2023-05-30 09:55:00,2088.74,2088.74,2088.74,2088.74,820.0,CMG
2023-05-30 09:54:00,2086.99,2086.99,2086.99,2086.99,642.0,CMG
2023-05-30 09:53:00,2088.5,2089.82,2088.5,2089.82,801.0,CMG
2023-05-30 09:52:00,2089.81,2091.8775,2088.5,2088.5,1815.0,CMG
2023-05-30 09:51:00,2092.5,2092.5,2092.18,2092.18,2477.0,CMG
2023-05-30 09:50:00,2095.74,2095.74,2095.22,2095.22,423.0,CMG
2023-05-30 09:48:00,2094.825,2094.825,2094.825,2094.825,298.0,CMG
2023-05-30 09:47:00,2092.11,2092.19,2090.29,2091.84,1704.0,CMG
2023-05-30 09:46:00,2091.63,2091.63,2091.63,2091.63,638.0,CMG
2023-05-30 09:44:00,2092.2709,2092.2709,2092.2709,2092.2709,1165.0,CMG
2023-05-30 09:41:00,2095.98,2095.98,2095.98,2095.98,843.0,CMG
2023-05-30 09:40:00,2088.51,2097.64,2088.505,2097.59,10333.0,CMG
2023-05-30 09:39:00,2088.0,2088.0,2088.0,2088.0,1831.0,CMG
2023-05-30 09:37:00,2088.2,2088.2,2088.2,2088.2,252.0,CMG
2023-05-30 09:36:00,2086.4,2086.4,2086.0,2086.0,526.0,CMG
2023-05-30 09:35:00,2089.9,2092.33,2086.77,2089.7,2134.0,CMG
2023-05-30 09:34:00,2085.0,2085.0,2085.0,2085.0,975.0,CMG
2023-05-30 09:33:00,2087.53,2087.53,2087.53,2087.53,345.0,CMG
2023-05-30 09:32:00,2072.32,2072.32,2072.32,2072.32,1705.0,CMG
2023-05-26 16:00:00,2071.02,2071.02,2071.02,2071.02,1793.0,CMG
2023-05-26 15:59:00,2069.615,2072.85,2069.01,2069.03,6412.0,CMG
2023-05-26 15:58:00,2072.82,2072.82,2068.62,2069.2,7134.0,CMG
2023-05-26 15:57:00,2072.74,2072.74,2071.37,2072.335,4809.0,CMG
2023-05-26 15:56:00,2069.61,2072.49,2069.61,2072.39,3520.0,CMG
2023-05-26 15:55:00,2068.76,2069.84,2068.44,2068.645,3077.0,CMG
2023-05-26 15:54:00,2065.83,2067.495,2065.83,2067.495,5304.0,CMG
2023-05-26 15:53:00,2067.27,2067.88,2066.42,2066.42,5153.0,CMG
2023-05-26 15:52:00,2065.41,2068.28,2065.38,2068.28,3743.0,CMG
2023-05-26 15:51:00,2066.25,2066.25,2066.25,2066.25,1890.0,CMG
2023-05-26 15:50:00,2066.46,2066.635,2066.46,2066.635,1176.0,CMG
2023-05-26 15:49:00,2066.12,2066.76,2066.12,2066.76,1978.0,CMG
2023-05-26 15:48:00,2067.91,2067.91,2065.9,2065.9,6726.0,CMG
2023-05-26 15:47:00,2068.445,2069.0,2068.045,2068.045,1488.0,CMG
2023-05-26 15:45:00,2069.93,2069.93,2068.465,2068.465,571.0,CMG
2023-05-26 15:44:00,2074.99,2074.99,2070.5623,2071.0,3506.0,CMG
2023-05-26 15:43:00,2076.09,2076.23,2076.09,2076.1,2025.0,CMG
2023-05-26 15:41:00,2074.715,2075.48,2074.715,2075.48,1012.0,CMG
2023-05-26 15:40:00,2075.04,2075.04,2074.25,2074.46,2272.0,CMG
2023-05-26 15:38:00,2075.375,2075.375,2075.0,2075.0,1028.0,CMG
2023-05-26 15:37:00,2075.75,2075.75,2075.75,2075.75,578.0,CMG
2023-05-26 15:36:00,2075.76,2075.76,2074.3425,2074.3425,4413.0,CMG
2023-05-26 15:33:00,2074.5,2074.5,2074.5,2074.5,794.0,CMG
2023-05-26 15:31:00,2075.13,2075.13,2075.13,2075.13,471.0,CMG
2023-05-26 15:30:00,2075.02,2075.02,2075.02,2075.02,606.0,CMG
2023-05-26 15:29:00,2074.72,2075.97,2074.72,2075.68,1856.0,CMG
2023-05-26 15:25:00,2075.559,2075.559,2074.43,2074.43,1956.0,CMG
2023-05-26 15:24:00,2074.99,2074.99,2074.99,2074.99,744.0,CMG
2023-05-26 15:21:00,2073.125,2074.92,2073.125,2074.92,1435.0,CMG
2023-05-26 15:20:00,2073.425,2073.425,2072.45,2072.45,1665.0,CMG
2023-05-26 15:19:00,2073.59,2073.59,2073.59,2073.59,356.0,CMG
2023-05-26 15:14:00,2072.12,2072.12,2072.12,2072.12,176.0,CMG
2023-05-26 15:13:00,2072.12,2072.12,2072.12,2072.12,519.0,CMG
2023-05-26 15:11:00,2073.0,2074.1,2073.0,2073.245,2794.0,CMG
2023-05-26 15:07:00,2072.0,2072.0,2072.0,2072.0,867.0,CMG
2023-05-26 15:05:00,2072.63,2072.63,2072.63,2072.63,1046.0,CMG
2023-05-26 15:04:00,2073.78,2073.78,2073.78,2073.78,274.0,CMG
2023-05-26 15:03:00,2073.555,2073.925,2072.5,2072.65,2202.0,CMG
2023-05-26 15:01:00,2071.35,2072.38,2071.015,2071.015,1104.0,CMG
2023-05-26 15:00:00,2071.25,2071.25,2071.015,2071.015,677.0,CMG
2023-05-26 14:59:00,2070.72,2070.72,2070.29,2070.29,1109.0,CMG
2023-05-26 14:58:00,2071.53,2071.53,2071.53,2071.53,497.0,CMG
2023-05-26 14:57:00,2071.88,2071.88,2071.88,2071.88,260.0,CMG
2023-05-26 14:56:00,2073.48,2073.48,2073.41,2073.425,400.0,CMG
2023-05-26 14:55:00,2073.285,2073.415,2073.285,2073.415,371.0,CMG
2023-05-26 14:52:00,2073.13,2073.13,2072.45,2072.63,1976.0,CMG
2023-05-26 14:49:00,2073.62,2073.62,2073.62,2073.62,455.0,CMG
2023-05-26 14:48:00,2073.62,2073.62,2073.62,2073.62,126.0,CMG
2023-05-26 14:46:00,2073.52,2073.795,2073.52,2073.62,1271.0,CMG
2023-05-26 14:45:00,2073.43,2073.55,2073.43,2073.52,962.0,CMG
2023-05-26 14:44:00,2073.55,2074.05,2073.25,2073.25,1513.0,CMG
2023-05-26 14:43:00,2073.52,2073.93,2073.52,2073.52,2143.0,CMG
2023-05-26 14:42:00,2073.21,2073.21,2073.21,2073.21,332.0,CMG
2023-05-26 14:41:00,2074.24,2074.24,2073.88,2073.88,442.0,CMG
2023-05-26 14:40:00,2073.52,2073.52,2073.52,2073.52,668.0,CMG
2023-05-26 14:38:00,2073.095,2074.57,2073.095,2073.52,859.0,CMG
2023-05-26 14:36:00,2074.395,2074.395,2073.16,2073.16,4170.0,CMG
2023-05-26 14:35:00,2074.815,2074.925,2074.815,2074.925,740.0,CMG
2023-05-26 14:24:00,2074.845,2074.845,2074.845,2074.845,287.0,CMG
2023-05-26 14:22:00,2076.51,2076.51,2076.51,2076.51,312.0,CMG
2023-05-26 14:19:00,2073.01,2073.2,2073.01,2073.2,455.0,CMG
2023-05-26 14:17:00,2072.43,2072.43,2072.43,2072.43,405.0,CMG
2023-05-26 14:11:00,2074.78,2074.79,2074.78,2074.79,1156.0,CMG
2023-05-26 14:05:00,2073.31,2073.31,2073.31,2073.31,595.0,CMG
2023-05-26 14:04:00,2075.17,2075.17,2075.17,2075.17,734.0,CMG
2023-05-26 14:02:00,2074.24,2076.24,2074.24,2076.24,1736.0,CMG
2023-05-26 13:59:00,2074.235,2074.235,2074.235,2074.235,223.0,CMG
2023-05-26 13:56:00,2071.98,2071.98,2071.98,2071.98,568.0,CMG
2023-05-26 13:50:00,2070.51,2070.51,2070.51,2070.51,1394.0,CMG
2023-05-26 13:49:00,2070.43,2070.43,2069.9,2069.9,1466.0,CMG
2023-05-26 13:47:00,2069.175,2069.175,2068.555,2068.555,656.0,CMG
2023-05-26 13:46:00,2069.53,2069.53,2068.48,2068.48,304.0,CMG
2023-05-26 13:45:00,2069.53,2069.53,2069.53,2069.53,177.0,CMG
2023-05-26 13:40:00,2069.74,2070.225,2069.74,2070.225,473.0,CMG
2023-05-26 13:39:00,2070.0,2070.02,2070.0,2070.02,1363.0,CMG
2023-05-26 13:38:00,2070.47,2070.47,2069.74,2069.74,1422.0,CMG
2023-05-26 13:37:00,2070.22,2070.22,2070.0,2070.0,1292.0,CMG
2023-05-26 13:33:00,2072.885,2072.885,2072.885,2072.885,166.0,CMG
2023-05-26 13:32:00,2073.0,2073.0,2073.0,2073.0,321.0,CMG
2023-05-26 13:29:00,2072.1,2072.1,2072.1,2072.1,304.0,CMG
2023-05-26 13:23:00,2072.0,2073.21,2072.0,2072.0,2977.0,CMG
2023-05-26 13:22:00,2072.49,2072.49,2072.49,2072.49,211.0,CMG
2023-05-26 13:18:00,2073.1,2073.1,2071.87,2071.87,703.0,CMG
2023-05-26 13:16:00,2073.19,2073.19,2073.19,2073.19,459.0,CMG
2023-05-26 13:14:00,2074.61,2074.61,2074.61,2074.61,211.0,CMG
2023-05-26 13:11:00,2075.01,2075.01,2074.28,2074.28,811.0,CMG
2023-05-26 13:10:00,2074.49,2074.49,2074.28,2074.28,330.0,CMG
2023-05-26 13:09:00,2074.61,2074.61,2074.61,2074.61,343.0,CMG
2023-05-26 13:07:00,2075.94,2076.0,2074.97,2074.97,1751.0,CMG
2023-05-26 13:05:00,2075.94,2075.97,2075.94,2075.97,327.0,CMG
2023-05-26 13:04:00,2077.72,2077.72,2076.905,2076.905,377.0,CMG
2023-05-26 13:02:00,2077.86,2077.86,2077.86,2077.86,636.0,CMG
2023-05-26 13:01:00,2076.905,2076.905,2076.905,2076.905,187.0,CMG
2023-05-26 12:59:00,2076.905,2076.905,2076.905,2076.905,270.0,CMG
2023-05-26 12:57:00,2077.0,2077.99,2076.91,2076.91,990.0,CMG
2023-05-26 12:55:00,2077.6,2077.6,2077.6,2077.6,377.0,CMG
2023-05-26 12:49:00,2075.84,2075.84,2075.84,2075.84,197.0,CMG
2023-05-26 12:48:00,2075.54,2075.82,2075.43,2075.82,951.0,CMG
2023-05-26 12:39:00,2077.49,2077.49,2076.93,2076.935,1034.0,CMG
2023-05-26 12:34:00,2077.055,2077.055,2077.055,2077.055,455.0,CMG
2023-05-26 12:33:00,2077.055,2077.055,2077.055,2077.055,354.0,CMG
2023-05-26 12:28:00,2077.72,2077.72,2077.08,2077.08,391.0,CMG
2023-05-26 12:19:00,2075.1,2075.1,2075.1,2075.1,139.0,CMG
2023-05-26 12:16:00,2075.11,2075.11,2075.11,2075.11,1104.0,CMG
2023-05-26 12:14:00,2075.98,2075.98,2075.98,2075.98,134.0,CMG
2023-05-26 12:13:00,2076.14,2076.14,2076.14,2076.14,369.0,CMG
2023-05-26 12:12:00,2077.605,2077.605,2077.6,2077.6,362.0,CMG
2023-05-26 12:10:00,2076.87,2076.87,2076.87,2076.87,364.0,CMG
2023-05-26 12:07:00,2078.245,2078.245,2078.245,2078.245,497.0,CMG
2023-05-26 12:06:00,2076.87,2077.54,2076.87,2077.54,713.0,CMG
2023-05-26 12:05:00,2078.35,2078.35,2078.35,2078.35,126.0,CMG
2023-05-26 12:03:00,2077.75,2079.03,2076.87,2079.03,904.0,CMG
2023-05-26 12:02:00,2076.055,2079.26,2076.055,2079.26,499.0,CMG
2023-05-26 11:54:00,2076.58,2076.58,2076.58,2076.58,185.0,CMG
2023-05-26 11:52:00,2077.64,2077.64,2077.64,2077.64,305.0,CMG
2023-05-26 11:50:00,2077.975,2077.975,2077.975,2077.975,316.0,CMG
2023-05-26 11:47:00,2078.25,2078.25,2078.25,2078.25,183.0,CMG
2023-05-26 11:45:00,2079.29,2079.29,2077.69,2077.69,1155.0,CMG
2023-05-26 11:41:00,2078.0,2079.31,2078.0,2079.31,1632.0,CMG
2023-05-26 11:40:00,2076.26,2078.0,2076.26,2078.0,775.0,CMG
2023-05-26 11:39:00,2076.83,2076.83,2076.83,2076.83,660.0,CMG
2023-05-26 11:38:00,2075.48,2075.48,2075.48,2075.48,876.0,CMG
2023-05-26 11:29:00,2075.43,2075.43,2075.43,2075.43,584.0,CMG
2023-05-26 11:28:00,2076.0,2076.0,2076.0,2076.0,218.0,CMG
2023-05-26 11:27:00,2078.7,2078.7,2078.7,2078.7,358.0,CMG
2023-05-26 11:25:00,2076.71,2076.71,2076.71,2076.71,551.0,CMG
2023-05-26 11:20:00,2075.0,2075.0,2075.0,2075.0,543.0,CMG
2023-05-26 11:19:00,2074.0,2074.0,2074.0,2074.0,738.0,CMG
2023-05-26 11:16:00,2075.98,2075.98,2075.98,2075.98,273.0,CMG
2023-05-26 11:13:00,2075.18,2075.18,2075.18,2075.18,512.0,CMG
2023-05-26 11:11:00,2075.74,2075.76,2075.74,2075.76,749.0,CMG
2023-05-26 11:07:00,2073.13,2075.335,2072.29,2075.335,1304.0,CMG
2023-05-26 11:06:00,2073.08,2073.08,2073.08,2073.08,336.0,CMG
2023-05-26 11:04:00,2075.45,2076.385,2074.72,2074.72,531.0,CMG
2023-05-26 11:01:00,2076.27,2076.27,2076.27,2076.27,810.0,CMG
2023-05-26 11:00:00,2075.7235,2077.065,2075.7235,2077.065,830.0,CMG
2023-05-26 10:58:00,2075.0,2076.0,2074.55,2074.55,1854.0,CMG
2023-05-26 10:56:00,2074.0,2074.0,2074.0,2074.0,1038.0,CMG
2023-05-26 10:54:00,2075.0,2076.0,2075.0,2076.0,1165.0,CMG
2023-05-26 10:52:00,2071.49,2071.49,2070.29,2071.32,703.0,CMG
2023-05-26 10:50:00,2073.245,2073.245,2073.245,2073.245,208.0,CMG
2023-05-26 10:49:00,2071.84,2072.98,2071.84,2072.98,528.0,CMG
2023-05-26 10:42:00,2070.0,2070.16,2070.0,2070.09,991.0,CMG
2023-05-26 10:35:00,2066.17,2066.17,2066.17,2066.17,281.0,CMG
2023-05-26 10:34:00,2068.79,2068.79,2067.715,2067.715,1011.0,CMG
2023-05-26 10:33:00,2067.58,2067.58,2067.58,2067.58,1083.0,CMG
2023-05-26 10:32:00,2067.26,2067.27,2067.26,2067.27,736.0,CMG
2023-05-26 10:31:00,2069.05,2069.05,2069.05,2069.05,157.0,CMG
2023-05-26 10:30:00,2068.89,2068.94,2068.85,2068.94,553.0,CMG
2023-05-26 10:29:00,2068.85,2069.1,2068.83,2069.1,657.0,CMG
2023-05-26 10:28:00,2068.86,2068.86,2068.86,2068.86,139.0,CMG
2023-05-26 10:27:00,2068.0,2068.0,2068.0,2068.0,217.0,CMG
2023-05-26 10:25:00,2068.26,2068.46,2068.0,2068.0,768.0,CMG
2023-05-26 10:23:00,2068.0,2068.0,2068.0,2068.0,320.0,CMG
2023-05-26 10:19:00,2068.07,2068.19,2068.06,2068.19,327.0,CMG
2023-05-26 10:18:00,2067.99,2068.59,2067.99,2068.59,1474.0,CMG
2023-05-26 10:16:00,2065.885,2065.885,2065.885,2065.885,182.0,CMG
2023-05-26 10:15:00,2065.885,2065.885,2065.2123,2065.2123,715.0,CMG
2023-05-26 10:12:00,2066.155,2066.155,2066.155,2066.155,299.0,CMG
2023-05-26 10:10:00,2068.0,2068.0,2068.0,2068.0,539.0,CMG
2023-05-26 10:09:00,2071.0499,2071.0499,2071.0499,2071.0499,822.0,CMG
2023-05-26 10:08:00,2065.22,2065.44,2065.1,2065.1,1121.0,CMG
2023-05-26 10:06:00,2067.87,2067.87,2066.636,2066.636,660.0,CMG
2023-05-26 10:02:00,2069.31,2069.31,2069.31,2069.31,765.0,CMG
2023-05-26 10:01:00,2070.0,2071.13,2070.0,2070.655,1496.0,CMG
2023-05-26 10:00:00,2070.03,2070.03,2070.0,2070.0,542.0,CMG
2023-05-26 09:57:00,2070.2107,2070.2107,2070.2107,2070.2107,305.0,CMG
2023-05-26 09:55:00,2068.0,2068.61,2068.0,2068.37,838.0,CMG
2023-05-26 09:54:00,2069.49,2069.49,2068.0,2068.655,994.0,CMG
2023-05-26 09:49:00,2066.0,2066.0,2066.0,2066.0,384.0,CMG
2023-05-26 09:48:00,2069.61,2069.61,2068.0,2068.0,749.0,CMG
2023-05-26 09:47:00,2070.54,2070.54,2067.82,2067.82,1830.0,CMG
2023-05-26 09:46:00,2070.0,2070.0,2070.0,2070.0,411.0,CMG
2023-05-26 09:45:00,2070.895,2070.895,2070.895,2070.895,524.0,CMG
2023-05-26 09:43:00,2071.03,2071.03,2071.03,2071.03,528.0,CMG
2023-05-26 09:42:00,2069.39,2069.39,2069.39,2069.39,195.0,CMG
2023-05-26 09:40:00,2069.08,2072.43,2069.08,2072.2,1987.0,CMG
2023-05-26 09:36:00,2075.2,2078.695,2070.7,2070.7,2220.0,CMG
2023-05-26 09:35:00,2070.6805,2075.36,2070.6805,2073.68,2200.0,CMG
2023-05-26 09:33:00,2071.99,2072.0,2071.61,2071.61,706.0,CMG
2023-05-26 09:32:00,2068.8,2068.8,2068.8,2068.8,580.0,CMG
2023-05-26 09:31:00,2062.67,2067.0,2062.67,2065.62,1286.0,CMG
2023-05-26 09:30:00,2057.0,2058.745,2057.0,2058.745,2461.0,CMG
2023-05-25 16:11:00,2057.9,2057.9,2057.9,2057.9,213.0,CMG
2023-05-25 16:03:00,2057.9,2057.9,2057.9,2057.9,4757.0,CMG
2023-05-25 15:59:00,2055.46,2058.37,2055.37,2058.37,5253.0,CMG
2023-05-25 15:58:00,2059.35,2059.49,2056.23,2056.23,10264.0,CMG
2023-05-25 15:57:00,2059.18,2061.33,2059.18,2059.5,4531.0,CMG
2023-05-25 15:56:00,2058.26,2059.51,2058.26,2059.51,2680.0,CMG
2023-05-25 15:55:00,2058.355,2058.63,2057.74,2057.74,2422.0,CMG
2023-05-25 15:53:00,2058.855,2058.855,2058.855,2058.855,1894.0,CMG
2023-05-25 15:52:00,2059.0,2059.02,2059.0,2059.02,2542.0,CMG
2023-05-25 15:51:00,2060.37,2060.37,2060.37,2060.37,1217.0,CMG
2023-05-25 15:49:00,2060.38,2060.38,2060.04,2060.36,3938.0,CMG
2023-05-25 15:48:00,2061.49,2061.49,2061.49,2061.49,1142.0,CMG
2023-05-25 15:47:00,2062.48,2062.48,2062.48,2062.48,669.0,CMG
2023-05-25 15:45:00,2061.4,2061.4,2061.4,2061.4,497.0,CMG
2023-05-25 15:43:00,2062.555,2062.555,2061.575,2061.575,2426.0,CMG
2023-05-25 15:42:00,2063.0,2063.0,2063.0,2063.0,3139.0,CMG
2023-05-25 15:41:00,2063.87,2064.17,2063.31,2063.31,1648.0,CMG
2023-05-25 15:40:00,2063.6,2063.995,2063.6,2063.995,1647.0,CMG
2023-05-25 15:39:00,2065.505,2065.505,2065.505,2065.505,273.0,CMG
2023-05-25 15:35:00,2065.42,2066.37,2065.42,2065.735,2334.0,CMG
2023-05-25 15:33:00,2065.01,2065.01,2065.0,2065.0,1592.0,CMG
2023-05-25 15:32:00,2066.035,2066.39,2066.0,2066.39,1376.0,CMG
2023-05-25 15:31:00,2066.26,2066.26,2066.035,2066.035,779.0,CMG
2023-05-25 15:30:00,2066.85,2066.85,2065.02,2065.02,1209.0,CMG
2023-05-25 15:29:00,2066.951,2066.951,2066.951,2066.951,452.0,CMG
2023-05-25 15:28:00,2067.95,2067.95,2067.0,2067.05,1240.0,CMG
2023-05-25 15:25:00,2068.5,2068.535,2066.96,2067.95,4917.0,CMG
2023-05-25 15:24:00,2070.0,2070.135,2070.0,2070.135,221.0,CMG
2023-05-25 15:21:00,2070.68,2070.68,2070.02,2070.02,1513.0,CMG
2023-05-25 15:20:00,2071.755,2071.755,2071.755,2071.755,361.0,CMG
2023-05-25 15:19:00,2071.62,2071.62,2071.62,2071.62,606.0,CMG
2023-05-25 15:18:00,2072.24,2072.37,2072.17,2072.17,916.0,CMG
2023-05-25 15:17:00,2072.0,2072.0,2072.0,2072.0,267.0,CMG
2023-05-25 15:15:00,2072.795,2072.795,2072.74,2072.74,264.0,CMG
2023-05-25 15:12:00,2072.9,2072.9,2072.9,2072.9,212.0,CMG
2023-05-25 15:11:00,2070.57,2070.57,2070.57,2070.57,305.0,CMG
2023-05-25 15:04:00,2069.99,2070.19,2069.99,2070.19,937.0,CMG
2023-05-25 15:03:00,2069.37,2069.37,2069.37,2069.37,263.0,CMG
2023-05-25 15:02:00,2069.265,2069.5,2069.265,2069.5,592.0,CMG
2023-05-25 15:01:00,2068.52,2068.52,2068.52,2068.52,358.0,CMG
2023-05-25 15:00:00,2068.65,2068.65,2068.63,2068.63,983.0,CMG
2023-05-25 14:58:00,2069.62,2069.62,2069.55,2069.55,356.0,CMG
2023-05-25 14:57:00,2070.32,2070.32,2070.32,2070.32,155.0,CMG
2023-05-25 14:51:00,2069.485,2069.485,2069.485,2069.485,274.0,CMG
2023-05-25 14:50:00,2069.46,2069.46,2067.1257,2067.1257,249.0,CMG
2023-05-25 14:49:00,2069.2,2069.2,2069.2,2069.2,1369.0,CMG
2023-05-25 14:47:00,2071.585,2071.585,2071.585,2071.585,287.0,CMG
2023-05-25 14:43:00,2071.56,2071.56,2071.56,2071.56,131.0,CMG
2023-05-25 14:36:00,2072.02,2072.02,2072.02,2072.02,165.0,CMG
2023-05-25 14:34:00,2070.95,2071.16,2070.115,2071.045,1443.0,CMG
2023-05-25 14:33:00,2071.84,2071.84,2071.84,2071.84,640.0,CMG
2023-05-25 14:32:00,2072.88,2072.88,2072.32,2072.36,1991.0,CMG
2023-05-25 14:31:00,2073.16,2073.16,2073.16,2073.16,481.0,CMG
2023-05-25 14:29:00,2074.0,2074.0,2072.9,2072.9,252.0,CMG
2023-05-25 14:28:00,2072.74,2072.74,2072.74,2072.74,319.0,CMG
2023-05-25 14:27:00,2074.0,2074.0,2073.65,2073.65,352.0,CMG
2023-05-25 14:23:00,2071.79,2071.79,2071.79,2071.79,124.0,CMG
2023-05-25 14:22:00,2073.76,2073.76,2073.76,2073.76,171.0,CMG
2023-05-25 14:15:00,2073.02,2073.02,2073.02,2073.02,288.0,CMG
2023-05-25 14:13:00,2069.73,2071.03,2069.73,2071.03,1443.0,CMG
2023-05-25 14:11:00,2068.705,2068.705,2068.705,2068.705,128.0,CMG
2023-05-25 14:10:00,2068.7,2068.7,2068.7,2068.7,264.0,CMG
2023-05-25 14:08:00,2070.18,2070.18,2070.18,2070.18,528.0,CMG
2023-05-25 14:05:00,2069.45,2069.45,2069.45,2069.45,394.0,CMG
2023-05-25 14:03:00,2070.0,2070.0,2069.4501,2069.4501,1010.0,CMG
2023-05-25 14:02:00,2071.42,2074.19,2071.42,2074.19,374.0,CMG
2023-05-25 14:01:00,2070.9428,2072.115,2070.9428,2072.115,1150.0,CMG
2023-05-25 14:00:00,2070.5,2073.0,2069.49,2070.635,7414.0,CMG
2023-05-25 13:56:00,2069.205,2069.205,2069.205,2069.205,157.0,CMG
2023-05-25 13:54:00,2070.35,2070.35,2070.35,2070.35,119.0,CMG
2023-05-25 13:49:00,2069.445,2069.445,2069.445,2069.445,186.0,CMG
2023-05-25 13:48:00,2069.45,2069.45,2069.45,2069.45,233.0,CMG
2023-05-25 13:47:00,2070.38,2070.38,2070.38,2070.38,387.0,CMG
2023-05-25 13:43:00,2071.0,2071.0,2071.0,2071.0,1196.0,CMG
2023-05-25 13:42:00,2069.5,2069.5,2069.5,2069.5,459.0,CMG
2023-05-25 13:41:00,2069.77,2069.77,2069.77,2069.77,248.0,CMG
2023-05-25 13:40:00,2069.62,2069.62,2069.62,2069.62,111.0,CMG
2023-05-25 13:39:00,2068.11,2068.11,2068.11,2068.11,148.0,CMG
2023-05-25 13:38:00,2069.81,2069.81,2069.81,2069.81,506.0,CMG
2023-05-25 13:37:00,2070.45,2071.2,2070.45,2071.2,575.0,CMG
2023-05-25 13:35:00,2070.5968,2070.5968,2070.5968,2070.5968,807.0,CMG
2023-05-25 13:34:00,2071.0,2071.85,2071.0,2071.85,466.0,CMG
2023-05-25 13:33:00,2070.0,2070.0,2070.0,2070.0,547.0,CMG
2023-05-25 13:29:00,2070.76,2070.76,2070.375,2070.375,1190.0,CMG
2023-05-25 13:26:00,2072.02,2072.02,2072.02,2072.02,225.0,CMG
2023-05-25 13:22:00,2070.745,2070.745,2070.745,2070.745,137.0,CMG
2023-05-25 13:20:00,2069.91,2071.355,2069.91,2071.355,356.0,CMG
2023-05-25 13:19:00,2069.93,2071.94,2069.93,2071.94,367.0,CMG
2023-05-25 13:18:00,2070.33,2071.355,2069.665,2069.665,991.0,CMG
2023-05-25 13:17:00,2070.51,2070.51,2070.51,2070.51,384.0,CMG
2023-05-25 13:15:00,2070.255,2070.255,2070.255,2070.255,172.0,CMG
2023-05-25 13:12:00,2071.97,2072.26,2071.97,2072.26,228.0,CMG
2023-05-25 13:11:00,2071.0,2071.51,2070.99,2071.51,1329.0,CMG
2023-05-25 13:07:00,2068.74,2068.74,2068.74,2068.74,219.0,CMG
2023-05-25 13:03:00,2068.92,2068.92,2068.92,2068.92,193.0,CMG
2023-05-25 12:58:00,2070.265,2070.265,2070.265,2070.265,128.0,CMG
2023-05-25 12:56:00,2070.16,2070.16,2070.16,2070.16,119.0,CMG
2023-05-25 12:54:00,2071.09,2073.02,2071.09,2073.02,797.0,CMG
2023-05-25 12:51:00,2072.94,2072.94,2072.94,2072.94,174.0,CMG
2023-05-25 12:47:00,2073.17,2073.17,2073.17,2073.17,314.0,CMG
2023-05-25 12:44:00,2075.08,2075.08,2075.08,2075.08,132.0,CMG
2023-05-25 12:40:00,2071.09,2071.09,2071.09,2071.09,176.0,CMG
2023-05-25 12:39:00,2073.235,2073.235,2073.21,2073.21,1020.0,CMG
2023-05-25 12:37:00,2074.05,2075.025,2073.29,2073.29,928.0,CMG
2023-05-25 12:36:00,2073.11,2073.11,2073.105,2073.105,558.0,CMG
2023-05-25 12:35:00,2073.45,2074.135,2073.45,2074.135,1124.0,CMG
2023-05-25 12:34:00,2073.05,2074.115,2073.05,2073.99,968.0,CMG
2023-05-25 12:30:00,2075.82,2076.92,2075.275,2076.92,1074.0,CMG
2023-05-25 12:29:00,2074.44,2074.44,2074.44,2074.44,137.0,CMG
2023-05-25 12:27:00,2075.145,2075.145,2075.145,2075.145,384.0,CMG
2023-05-25 12:25:00,2076.26,2076.26,2071.35,2071.35,1851.0,CMG
2023-05-25 12:24:00,2076.595,2077.97,2075.0,2077.97,3607.0,CMG
2023-05-25 12:23:00,2075.16,2076.53,2075.16,2076.53,548.0,CMG
2023-05-25 12:22:00,2072.85,2072.85,2072.85,2072.85,495.0,CMG
2023-05-25 12:18:00,2070.0,2070.0,2070.0,2070.0,487.0,CMG
2023-05-25 12:17:00,2071.425,2071.425,2071.425,2071.425,243.0,CMG
2023-05-25 12:16:00,2070.09,2072.215,2070.09,2072.215,2032.0,CMG
2023-05-25 12:15:00,2069.98,2069.98,2069.98,2069.98,219.0,CMG
2023-05-25 12:09:00,2069.95,2069.95,2068.93,2068.93,385.0,CMG
2023-05-25 12:08:00,2069.9,2071.195,2069.9,2071.195,1227.0,CMG
2023-05-25 12:05:00,2071.06,2071.06,2071.06,2071.06,189.0,CMG
2023-05-25 12:04:00,2068.65,2070.75,2068.65,2070.75,388.0,CMG
2023-05-25 12:03:00,2070.86,2072.465,2070.0,2072.465,904.0,CMG
2023-05-25 12:02:00,2071.35,2071.35,2071.35,2071.35,129.0,CMG
2023-05-25 12:01:00,2070.6,2070.6,2070.57,2070.58,659.0,CMG
2023-05-25 12:00:00,2069.35,2069.35,2069.35,2069.35,186.0,CMG
2023-05-25 11:59:00,2069.455,2070.575,2069.455,2070.575,326.0,CMG
2023-05-25 11:58:00,2069.5,2069.5,2069.5,2069.5,910.0,CMG
2023-05-25 11:56:00,2069.45,2070.115,2069.45,2070.115,1008.0,CMG
2023-05-25 11:55:00,2070.215,2071.01,2070.215,2071.01,397.0,CMG
2023-05-25 11:54:00,2071.98,2071.98,2071.98,2071.98,333.0,CMG
2023-05-25 11:53:00,2070.74,2072.575,2069.745,2070.64,2704.0,CMG
2023-05-25 11:51:00,2068.84,2068.8896,2068.84,2068.8896,210.0,CMG
2023-05-25 11:50:00,2070.95,2070.95,2070.615,2070.615,965.0,CMG
2023-05-25 11:49:00,2070.2,2070.2,2068.2,2068.2,1364.0,CMG
2023-05-25 11:48:00,2068.54,2069.475,2068.54,2069.475,400.0,CMG
2023-05-25 11:46:00,2067.64,2067.64,2067.64,2067.64,223.0,CMG
2023-05-25 11:45:00,2065.64,2067.81,2065.64,2067.81,214.0,CMG
2023-05-25 11:44:00,2066.81,2068.355,2065.32,2065.32,1755.0,CMG
2023-05-25 11:43:00,2066.52,2066.52,2066.52,2066.52,212.0,CMG
2023-05-25 11:42:00,2069.1,2069.1,2067.75,2067.75,230.0,CMG
2023-05-25 11:41:00,2067.78,2067.78,2067.78,2067.78,328.0,CMG
2023-05-25 11:39:00,2069.04,2069.04,2069.04,2069.04,121.0,CMG
2023-05-25 11:32:00,2069.51,2069.51,2069.51,2069.51,189.0,CMG
2023-05-25 11:30:00,2069.65,2069.65,2069.355,2069.355,737.0,CMG
2023-05-25 11:25:00,2067.97,2067.97,2067.97,2067.97,121.0,CMG
2023-05-25 11:19:00,2068.8,2068.8,2068.8,2068.8,129.0,CMG
2023-05-25 11:18:00,2067.345,2067.345,2067.345,2067.345,184.0,CMG
2023-05-25 11:16:00,2068.33,2070.67,2068.33,2070.67,971.0,CMG
2023-05-25 11:14:00,2071.08,2071.08,2071.08,2071.08,224.0,CMG
2023-05-25 11:13:00,2069.69,2073.285,2069.69,2071.29,2933.0,CMG
2023-05-25 11:12:00,2067.62,2067.62,2067.62,2067.62,194.0,CMG
2023-05-25 11:10:00,2067.36,2067.36,2067.305,2067.305,219.0,CMG
2023-05-25 11:08:00,2069.005,2069.005,2064.83,2067.365,640.0,CMG
2023-05-25 11:07:00,2065.12,2067.535,2065.12,2067.535,715.0,CMG
2023-05-25 10:59:00,2063.81,2063.81,2063.81,2063.81,150.0,CMG
2023-05-25 10:58:00,2067.545,2067.545,2067.545,2067.545,346.0,CMG
2023-05-25 10:56:00,2065.675,2065.675,2065.675,2065.675,179.0,CMG
2023-05-25 10:52:00,2064.69,2064.69,2064.69,2064.69,317.0,CMG
2023-05-25 10:51:00,2065.14,2065.19,2064.705,2064.705,675.0,CMG
2023-05-25 10:49:00,2064.46,2064.46,2064.46,2064.46,735.0,CMG
2023-05-25 10:47:00,2063.955,2063.955,2063.955,2063.955,344.0,CMG
2023-05-25 10:40:00,2063.47,2063.47,2063.47,2063.47,418.0,CMG
2023-05-25 10:39:00,2061.82,2061.82,2061.82,2061.82,463.0,CMG
2023-05-25 10:37:00,2060.92,2061.945,2060.92,2061.945,470.0,CMG
2023-05-25 10:35:00,2062.325,2062.33,2062.325,2062.325,312.0,CMG
2023-05-25 10:33:00,2062.1401,2062.1401,2062.1401,2062.1401,215.0,CMG
2023-05-25 10:31:00,2067.065,2067.065,2067.065,2067.065,334.0,CMG
2023-05-25 10:29:00,2065.82,2065.82,2063.165,2063.165,880.0,CMG
2023-05-25 10:28:00,2063.165,2063.165,2063.165,2063.165,145.0,CMG
2023-05-25 10:27:00,2061.72,2064.565,2061.72,2063.185,989.0,CMG
2023-05-25 10:25:00,2062.04,2062.04,2062.04,2062.04,178.0,CMG
2023-05-25 10:21:00,2063.42,2065.095,2061.99,2065.095,1589.0,CMG
2023-05-25 10:20:00,2064.57,2064.57,2062.0,2063.195,2101.0,CMG
2023-05-25 10:19:00,2064.605,2065.805,2064.605,2065.805,662.0,CMG
2023-05-25 10:18:00,2063.59,2066.06,2063.59,2063.59,986.0,CMG
2023-05-25 10:17:00,2067.515,2067.515,2067.515,2067.515,393.0,CMG
2023-05-25 10:15:00,2066.93,2068.745,2065.39,2068.745,1841.0,CMG
2023-05-25 10:14:00,2065.0,2065.0,2065.0,2065.0,335.0,CMG
2023-05-25 10:13:00,2063.81,2063.81,2063.81,2063.81,360.0,CMG
2023-05-25 10:12:00,2067.22,2067.22,2063.91,2063.91,629.0,CMG
2023-05-25 10:11:00,2065.43,2065.43,2065.43,2065.43,146.0,CMG
2023-05-25 10:06:00,2070.12,2070.12,2070.12,2070.12,403.0,CMG
2023-05-25 10:05:00,2072.095,2072.095,2072.095,2072.095,324.0,CMG
2023-05-25 10:04:00,2072.16,2072.72,2069.01,2071.7,2116.0,CMG
2023-05-25 10:02:00,2071.81,2071.81,2071.81,2071.81,560.0,CMG
2023-05-25 10:01:00,2071.93,2071.93,2071.93,2071.93,408.0,CMG
2023-05-25 09:59:00,2070.66,2070.66,2063.985,2063.985,415.0,CMG
2023-05-25 09:58:00,2070.84,2074.72,2070.84,2074.71,1046.0,CMG
2023-05-25 09:52:00,2075.84,2075.84,2075.84,2075.84,343.0,CMG
2023-05-25 09:50:00,2076.74,2076.74,2076.74,2076.74,715.0,CMG
2023-05-25 09:49:00,2086.42,2086.43,2084.84,2085.87,8572.0,CMG
2023-05-25 09:48:00,2083.27,2087.21,2083.27,2087.21,3333.0,CMG
2023-05-25 09:47:00,2073.95,2080.49,2073.95,2079.84,4741.0,CMG
2023-05-25 09:46:00,2069.24,2072.34,2069.24,2070.66,3828.0,CMG
2023-05-25 09:45:00,2068.06,2068.06,2068.06,2068.06,394.0,CMG
2023-05-25 09:40:00,2060.0,2060.0,2060.0,2060.0,853.0,CMG
2023-05-25 09:37:00,2062.97,2062.97,2056.825,2059.495,1365.0,CMG
2023-05-25 09:35:00,2063.3,2063.3,2063.3,2063.3,264.0,CMG
2023-05-25 09:34:00,2062.94,2062.94,2062.94,2062.94,1258.0,CMG
2023-05-25 09:33:00,2066.16,2066.16,2066.16,2066.16,474.0,CMG
2023-05-25 09:32:00,2069.72,2071.0415,2069.72,2071.0415,2549.0,CMG
2023-05-24 19:03:00,2057.0,2057.0,2057.0,2057.0,100.0,CMG
2023-05-24 17:35:00,2057.0,2057.0,2057.0,2057.0,500.0,CMG
2023-05-24 16:03:00,2053.07,2053.07,2053.07,2053.07,5780.0,CMG
2023-05-24 15:59:00,2054.09,2055.02,2052.56,2054.77,6554.0,CMG
2023-05-24 15:58:00,2053.565,2055.02,2053.565,2053.74,3345.0,CMG
2023-05-24 15:57:00,2055.62,2055.62,2053.13,2054.58,3911.0,CMG
2023-05-24 15:56:00,2052.92,2055.63,2052.11,2055.63,3775.0,CMG
2023-05-24 15:55:00,2053.21,2053.21,2051.905,2052.07,2706.0,CMG
2023-05-24 15:54:00,2051.92,2053.26,2051.92,2053.26,6513.0,CMG
2023-05-24 15:53:00,2051.51,2051.51,2051.485,2051.485,372.0,CMG
2023-05-24 15:52:00,2051.74,2052.36,2050.93,2052.36,1993.0,CMG
2023-05-24 15:51:00,2052.5299,2052.5299,2052.5299,2052.5299,1336.0,CMG
2023-05-24 15:50:00,2054.01,2054.01,2051.78,2052.225,2729.0,CMG
2023-05-24 15:49:00,2055.11,2055.11,2055.11,2055.11,1453.0,CMG
2023-05-24 15:48:00,2054.45,2054.45,2054.45,2054.45,1239.0,CMG
2023-05-24 15:47:00,2054.11,2054.11,2054.11,2054.11,262.0,CMG
2023-05-24 15:45:00,2053.18,2053.37,2053.18,2053.32,2287.0,CMG
2023-05-24 15:44:00,2053.35,2053.645,2052.87,2052.87,1479.0,CMG
2023-05-24 15:43:00,2054.17,2054.17,2052.27,2052.27,712.0,CMG
2023-05-24 15:40:00,2056.54,2056.54,2055.2,2055.2,762.0,CMG
2023-05-24 15:38:00,2057.4,2057.58,2056.585,2056.585,1027.0,CMG
2023-05-24 15:37:00,2057.74,2058.115,2057.74,2058.115,849.0,CMG
2023-05-24 15:36:00,2058.08,2058.48,2058.08,2058.48,996.0,CMG
2023-05-24 15:35:00,2058.08,2058.08,2058.08,2058.08,504.0,CMG
2023-05-24 15:34:00,2060.2,2060.2,2060.2,2060.2,803.0,CMG
2023-05-24 15:33:00,2060.03,2060.05,2058.915,2058.915,2139.0,CMG
2023-05-24 15:31:00,2059.8,2059.8,2059.8,2059.8,612.0,CMG
2023-05-24 15:29:00,2058.08,2058.08,2058.08,2058.08,215.0,CMG
2023-05-24 15:25:00,2058.0,2058.51,2058.0,2058.51,807.0,CMG
2023-05-24 15:24:00,2055.05,2055.05,2055.04,2055.04,1204.0,CMG
2023-05-24 15:22:00,2056.3525,2056.48,2056.3525,2056.48,859.0,CMG
2023-05-24 15:21:00,2055.68,2055.68,2055.68,2055.68,581.0,CMG
2023-05-24 15:20:00,2054.6,2054.6,2054.6,2054.6,613.0,CMG
2023-05-24 15:19:00,2053.09,2053.09,2053.09,2053.09,1483.0,CMG
2023-05-24 15:18:00,2053.055,2053.055,2053.055,2053.055,551.0,CMG
2023-05-24 15:17:00,2050.61,2051.76,2050.61,2051.76,1154.0,CMG
2023-05-24 15:15:00,2050.655,2050.655,2050.655,2050.655,378.0,CMG
2023-05-24 15:14:00,2050.76,2050.76,2050.74,2050.74,1367.0,CMG
2023-05-24 15:12:00,2051.03,2051.03,2051.03,2051.03,591.0,CMG
2023-05-24 15:08:00,2049.24,2050.14,2049.24,2050.14,1155.0,CMG
2023-05-24 15:06:00,2050.0,2050.0,2050.0,2050.0,408.0,CMG
2023-05-24 14:54:00,2050.335,2050.335,2050.335,2050.335,752.0,CMG
2023-05-24 14:53:00,2050.0,2050.0,2050.0,2050.0,1392.0,CMG
2023-05-24 14:52:00,2048.82,2048.82,2048.82,2048.82,700.0,CMG
2023-05-24 14:46:00,2050.0,2050.0,2050.0,2050.0,377.0,CMG
2023-05-24 14:44:00,2050.83,2050.83,2050.61,2050.61,1648.0,CMG
2023-05-24 14:41:00,2051.365,2052.0,2051.365,2052.0,916.0,CMG
2023-05-24 14:40:00,2051.2,2051.2,2051.2,2051.2,367.0,CMG
2023-05-24 14:38:00,2051.695,2051.695,2051.695,2051.695,548.0,CMG
2023-05-24 14:37:00,2051.65,2051.65,2051.65,2051.65,576.0,CMG
2023-05-24 14:19:00,2051.57,2051.8,2051.57,2051.79,1749.0,CMG
2023-05-24 14:18:00,2051.67,2051.69,2051.38,2051.38,1242.0,CMG
2023-05-24 14:15:00,2053.46,2053.73,2053.26,2053.73,1087.0,CMG
2023-05-24 14:06:00,2054.45,2054.45,2054.45,2054.45,331.0,CMG
2023-05-24 14:04:00,2052.685,2052.685,2052.685,2052.685,582.0,CMG
2023-05-24 14:00:00,2053.7,2053.7,2053.07,2053.07,562.0,CMG
2023-05-24 13:56:00,2054.16,2054.16,2053.7,2053.7,959.0,CMG
2023-05-24 13:53:00,2054.55,2054.55,2054.55,2054.55,155.0,CMG
2023-05-24 13:51:00,2054.0,2055.39,2054.0,2055.39,1626.0,CMG
2023-05-24 13:44:00,2054.01,2054.01,2054.0,2054.0,581.0,CMG
2023-05-24 13:41:00,2054.62,2055.37,2054.62,2055.37,592.0,CMG
2023-05-24 13:40:00,2052.5482,2052.5482,2052.5482,2052.5482,196.0,CMG
2023-05-24 13:39:00,2053.0,2053.0,2053.0,2053.0,680.0,CMG
2023-05-24 13:34:00,2051.73,2051.73,2051.66,2051.66,653.0,CMG
2023-05-24 13:33:00,2052.01,2052.8002,2052.01,2052.8002,308.0,CMG
2023-05-24 13:32:00,2053.075,2053.075,2053.075,2053.075,114.0,CMG
2023-05-24 13:29:00,2051.7,2051.7,2051.7,2051.7,122.0,CMG
2023-05-24 13:23:00,2053.955,2053.955,2053.955,2053.955,274.0,CMG
2023-05-24 13:22:00,2053.245,2053.245,2053.245,2053.245,220.0,CMG
2023-05-24 13:21:00,2052.98,2052.98,2052.755,2052.755,644.0,CMG
2023-05-24 13:19:00,2050.245,2051.8,2050.14,2051.8,1331.0,CMG
2023-05-24 13:18:00,2048.6,2049.94,2047.49,2049.94,2040.0,CMG
2023-05-24 13:15:00,2047.5,2049.86,2047.5,2049.86,561.0,CMG
2023-05-24 13:13:00,2049.63,2049.63,2047.23,2047.23,800.0,CMG
2023-05-24 13:12:00,2051.41,2051.41,2051.04,2051.04,1124.0,CMG
2023-05-24 13:07:00,2051.3,2051.3,2051.3,2051.3,170.0,CMG
2023-05-24 13:06:00,2051.34,2051.34,2051.32,2051.32,212.0,CMG
2023-05-24 13:04:00,2052.83,2052.83,2052.825,2052.825,344.0,CMG
2023-05-24 13:02:00,2052.835,2052.835,2052.835,2052.835,153.0,CMG
2023-05-24 13:01:00,2052.385,2052.385,2052.385,2052.385,132.0,CMG
2023-05-24 13:00:00,2052.44,2052.44,2052.44,2052.44,209.0,CMG
2023-05-24 12:54:00,2052.8,2052.81,2052.8,2052.8,2697.0,CMG
2023-05-24 12:45:00,2051.79,2051.79,2051.79,2051.79,611.0,CMG
2023-05-24 12:42:00,2052.525,2052.525,2052.525,2052.525,158.0,CMG
2023-05-24 12:41:00,2053.4,2053.4,2052.52,2052.52,450.0,CMG
2023-05-24 12:40:00,2052.405,2052.735,2052.405,2052.735,440.0,CMG
2023-05-24 12:36:00,2052.265,2052.265,2051.96,2051.96,306.0,CMG
2023-05-24 12:35:00,2052.355,2052.36,2052.355,2052.36,325.0,CMG
2023-05-24 12:34:00,2052.66,2052.66,2052.66,2052.66,322.0,CMG
2023-05-24 12:33:00,2052.63,2052.63,2052.02,2052.02,215.0,CMG
2023-05-24 12:32:00,2052.25,2052.25,2051.995,2051.995,350.0,CMG
2023-05-24 12:31:00,2052.245,2052.245,2052.245,2052.245,184.0,CMG
2023-05-24 12:28:00,2052.16,2052.16,2052.16,2052.16,140.0,CMG
2023-05-24 12:27:00,2052.165,2052.165,2052.165,2052.165,114.0,CMG
2023-05-24 12:26:00,2052.17,2052.17,2052.17,2052.17,423.0,CMG
2023-05-24 12:24:00,2051.67,2051.92,2050.89,2050.89,905.0,CMG
2023-05-24 12:23:00,2051.66,2051.66,2051.66,2051.66,528.0,CMG
2023-05-24 12:22:00,2050.0,2050.0,2050.0,2050.0,814.0,CMG
2023-05-24 12:18:00,2050.6,2050.6,2050.6,2050.6,744.0,CMG
2023-05-24 12:11:00,2050.79,2050.79,2050.49,2050.49,1120.0,CMG
2023-05-24 12:05:00,2051.855,2051.855,2051.855,2051.855,222.0,CMG
2023-05-24 12:04:00,2050.76,2052.3,2050.76,2051.84,3476.0,CMG
2023-05-24 12:01:00,2052.34,2052.34,2052.34,2052.34,370.0,CMG
2023-05-24 12:00:00,2050.85,2050.85,2050.85,2050.85,164.0,CMG
2023-05-24 11:58:00,2049.86,2050.0,2049.55,2049.55,1109.0,CMG
2023-05-24 11:56:00,2048.08,2048.08,2048.07,2048.07,468.0,CMG
2023-05-24 11:48:00,2047.48,2047.48,2047.48,2047.48,1086.0,CMG
2023-05-24 11:47:00,2046.26,2046.26,2046.26,2046.26,350.0,CMG
2023-05-24 11:43:00,2048.41,2048.935,2047.41,2047.41,1340.0,CMG
2023-05-24 11:35:00,2050.0,2050.0,2050.0,2050.0,755.0,CMG
2023-05-24 11:32:00,2051.38,2051.38,2051.38,2051.38,396.0,CMG
2023-05-24 11:29:00,2051.67,2051.67,2050.34,2050.34,877.0,CMG
2023-05-24 11:28:00,2054.9499,2054.9499,2054.9499,2054.9499,159.0,CMG
2023-05-24 11:27:00,2051.65,2051.65,2051.65,2051.65,589.0,CMG
2023-05-24 11:25:00,2051.63,2051.63,2051.63,2051.63,660.0,CMG
2023-05-24 11:23:00,2052.18,2052.18,2051.735,2051.94,907.0,CMG
2023-05-24 11:22:00,2051.6768,2051.6768,2051.6768,2051.6768,307.0,CMG
2023-05-24 11:21:00,2049.95,2050.595,2049.95,2050.595,845.0,CMG
2023-05-24 11:19:00,2050.0,2050.0,2050.0,2050.0,360.0,CMG
2023-05-24 11:18:00,2049.64,2050.21,2049.64,2050.21,1011.0,CMG
2023-05-24 11:16:00,2053.0,2053.0,2045.91,2045.91,2859.0,CMG
2023-05-24 11:14:00,2050.66,2050.66,2050.66,2050.66,249.0,CMG
2023-05-24 11:13:00,2050.6,2050.6,2050.6,2050.6,504.0,CMG
2023-05-24 11:12:00,2053.0,2053.0,2053.0,2053.0,450.0,CMG
2023-05-24 11:08:00,2053.0,2053.0,2053.0,2053.0,494.0,CMG
2023-05-24 11:07:00,2052.95,2053.0,2050.44,2050.44,764.0,CMG
2023-05-24 11:06:00,2051.45,2052.5,2051.45,2052.5,837.0,CMG
2023-05-24 11:02:00,2052.2,2052.2,2050.15,2050.15,1385.0,CMG
2023-05-24 10:58:00,2052.25,2053.325,2052.25,2053.325,341.0,CMG
2023-05-24 10:55:00,2052.0,2052.83,2050.11,2050.11,1613.0,CMG
2023-05-24 10:50:00,2053.0,2053.3,2052.97,2053.3,1397.0,CMG
2023-05-24 10:49:00,2051.62,2051.62,2051.62,2051.62,610.0,CMG
2023-05-24 10:48:00,2052.81,2053.22,2050.16,2052.22,4493.0,CMG
2023-05-24 10:47:00,2053.22,2053.22,2053.22,2053.22,469.0,CMG
2023-05-24 10:46:00,2054.17,2054.17,2054.17,2054.17,252.0,CMG
2023-05-24 10:42:00,2054.27,2054.32,2054.27,2054.32,724.0,CMG
2023-05-24 10:38:00,2052.59,2054.01,2052.59,2054.01,328.0,CMG
2023-05-24 10:35:00,2052.94,2052.94,2052.94,2052.94,238.0,CMG
2023-05-24 10:34:00,2052.885,2052.885,2052.885,2052.885,134.0,CMG
2023-05-24 10:33:00,2052.01,2052.88,2052.01,2052.88,605.0,CMG
2023-05-24 10:32:00,2056.0,2056.0,2052.01,2052.48,912.0,CMG
2023-05-24 10:31:00,2057.375,2057.375,2057.375,2057.375,306.0,CMG
2023-05-24 10:30:00,2055.8153,2055.8153,2055.29,2055.29,774.0,CMG
2023-05-24 10:29:00,2056.59,2056.59,2056.59,2056.59,623.0,CMG
2023-05-24 10:28:00,2057.675,2058.75,2057.675,2058.75,1264.0,CMG
2023-05-24 10:27:00,2057.79,2057.79,2057.79,2057.79,224.0,CMG
2023-05-24 10:24:00,2060.0,2060.0,2059.415,2059.415,865.0,CMG
2023-05-24 10:19:00,2061.37,2061.37,2060.0,2060.52,781.0,CMG
2023-05-24 10:16:00,2060.36,2064.0,2060.36,2064.0,1232.0,CMG
2023-05-24 10:15:00,2061.39,2061.39,2060.72,2060.72,1259.0,CMG
2023-05-24 10:14:00,2061.78,2062.91,2060.75,2060.75,1589.0,CMG
2023-05-24 10:11:00,2056.8,2056.8,2056.74,2056.74,736.0,CMG
2023-05-24 10:09:00,2054.285,2054.285,2054.03,2054.03,683.0,CMG
2023-05-24 10:08:00,2056.93,2057.3,2056.72,2056.96,1083.0,CMG
2023-05-24 10:05:00,2055.95,2055.95,2055.95,2055.95,184.0,CMG
2023-05-24 10:04:00,2054.83,2054.83,2054.83,2054.83,398.0,CMG
2023-05-24 10:03:00,2055.0,2055.0,2054.755,2054.755,618.0,CMG
2023-05-24 10:00:00,2060.74,2060.745,2060.74,2060.745,1051.0,CMG
2023-05-24 09:59:00,2060.9,2060.9,2060.9,2060.9,318.0,CMG
2023-05-24 09:58:00,2061.05,2061.05,2059.2158,2059.2158,530.0,CMG
2023-05-24 09:57:00,2060.595,2060.79,2060.595,2060.75,826.0,CMG
2023-05-24 09:56:00,2055.785,2058.77,2055.785,2057.665,1987.0,CMG
2023-05-24 09:54:00,2053.35,2053.35,2053.35,2053.35,807.0,CMG
2023-05-24 09:53:00,2054.84,2057.17,2054.84,2057.17,781.0,CMG
2023-05-24 09:51:00,2052.025,2052.025,2052.025,2052.025,322.0,CMG
2023-05-24 09:50:00,2051.04,2051.04,2051.04,2051.04,322.0,CMG
2023-05-24 09:48:00,2047.92,2049.0,2047.92,2049.0,368.0,CMG
2023-05-24 09:46:00,2049.51,2049.65,2049.51,2049.65,340.0,CMG
2023-05-24 09:44:00,2048.08,2049.8113,2048.08,2049.705,1681.0,CMG
2023-05-24 09:42:00,2048.86,2048.86,2048.86,2048.86,163.0,CMG
2023-05-24 09:41:00,2052.915,2052.915,2049.01,2049.01,747.0,CMG
2023-05-24 09:40:00,2054.345,2054.445,2049.0601,2049.0601,1993.0,CMG
2023-05-24 09:33:00,2044.0,2047.33,2044.0,2047.33,958.0,CMG
2023-05-24 09:32:00,2044.81,2044.81,2041.0,2041.0,1787.0,CMG
2023-05-23 16:14:00,2047.01,2047.01,2047.01,2047.01,711.0,CMG
2023-05-23 16:03:00,2047.01,2047.01,2047.01,2047.01,3135.0,CMG
2023-05-23 15:59:00,2046.66,2049.24,2045.76,2046.84,10162.0,CMG
2023-05-23 15:58:00,2046.87,2047.72,2045.83,2046.91,4759.0,CMG
2023-05-23 15:57:00,2047.39,2047.52,2046.9,2047.52,3675.0,CMG
2023-05-23 15:56:00,2045.99,2048.215,2045.99,2048.215,2039.0,CMG
2023-05-23 15:55:00,2046.875,2046.875,2045.8111,2045.8111,2464.0,CMG
2023-05-23 15:54:00,2045.1,2046.25,2044.571,2046.25,3533.0,CMG
2023-05-23 15:53:00,2045.6,2045.6,2045.1,2045.1,2188.0,CMG
2023-05-23 15:52:00,2045.415,2045.55,2045.415,2045.55,1940.0,CMG
2023-05-23 15:51:00,2045.86,2045.86,2045.38,2045.39,1438.0,CMG
2023-05-23 15:50:00,2045.43,2046.35,2045.43,2046.33,2428.0,CMG
2023-05-23 15:49:00,2045.55,2045.55,2045.0,2045.0,1246.0,CMG
2023-05-23 15:48:00,2045.39,2045.39,2044.811,2045.185,2183.0,CMG
2023-05-23 15:47:00,2045.39,2045.8,2045.39,2045.8,962.0,CMG
2023-05-23 15:46:00,2045.9899,2045.9899,2045.9899,2045.9899,1321.0,CMG
2023-05-23 15:45:00,2045.84,2046.06,2045.205,2045.6,1632.0,CMG
2023-05-23 15:44:00,2045.36,2045.36,2045.36,2045.36,952.0,CMG
2023-05-23 15:43:00,2046.435,2046.435,2045.395,2045.395,727.0,CMG
2023-05-23 15:42:00,2045.89,2046.8,2045.89,2046.8,908.0,CMG
2023-05-23 15:41:00,2043.84,2044.48,2043.84,2044.48,1774.0,CMG
2023-05-23 15:40:00,2044.62,2044.62,2044.295,2044.295,1183.0,CMG
2023-05-23 15:39:00,2044.801,2045.185,2044.8,2045.185,562.0,CMG
2023-05-23 15:38:00,2045.5,2045.52,2045.46,2045.46,1487.0,CMG
2023-05-23 15:37:00,2045.6,2045.855,2045.6,2045.855,1233.0,CMG
2023-05-23 15:36:00,2046.4,2046.4,2046.4,2046.4,651.0,CMG
2023-05-23 15:34:00,2046.01,2046.01,2045.6,2045.6,1497.0,CMG
2023-05-23 15:33:00,2046.82,2046.82,2046.54,2046.54,721.0,CMG
2023-05-23 15:32:00,2045.82,2046.97,2045.7,2046.8,1932.0,CMG
2023-05-23 15:31:00,2045.401,2046.08,2045.401,2046.08,462.0,CMG
2023-05-23 15:30:00,2044.31,2046.58,2044.31,2046.58,1273.0,CMG
2023-05-23 15:29:00,2041.62,2043.98,2041.62,2042.715,2189.0,CMG
2023-05-23 15:28:00,2043.83,2044.94,2043.35,2043.8,2934.0,CMG
2023-05-23 15:27:00,2044.6,2045.13,2044.6,2045.13,578.0,CMG
2023-05-23 15:26:00,2045.13,2045.13,2044.59,2044.59,1227.0,CMG
2023-05-23 15:25:00,2046.24,2046.24,2045.96,2045.96,1237.0,CMG
2023-05-23 15:24:00,2046.08,2046.08,2045.845,2045.845,1413.0,CMG
2023-05-23 15:21:00,2042.39,2042.95,2041.475,2042.95,2300.0,CMG
2023-05-23 15:19:00,2041.965,2041.965,2040.94,2041.0,1263.0,CMG
2023-05-23 15:18:00,2042.25,2042.25,2041.12,2041.12,937.0,CMG
2023-05-23 15:17:00,2043.225,2044.1999,2042.25,2042.25,602.0,CMG
2023-05-23 15:16:00,2042.43,2042.43,2042.43,2042.43,595.0,CMG
2023-05-23 15:15:00,2042.48,2044.2,2042.48,2043.885,1880.0,CMG
2023-05-23 15:12:00,2042.48,2042.48,2042.28,2042.28,634.0,CMG
2023-05-23 15:11:00,2042.48,2042.87,2042.48,2042.87,868.0,CMG
2023-05-23 15:08:00,2043.51,2043.81,2043.51,2043.81,1282.0,CMG
2023-05-23 15:07:00,2044.01,2044.435,2043.2585,2044.435,2149.0,CMG
2023-05-23 15:05:00,2045.82,2046.2119,2045.82,2046.2119,1408.0,CMG
2023-05-23 15:04:00,2045.8262,2045.8262,2044.535,2044.535,900.0,CMG
2023-05-23 15:03:00,2044.775,2044.775,2044.725,2044.725,535.0,CMG
2023-05-23 15:02:00,2046.525,2046.525,2045.99,2045.99,824.0,CMG
2023-05-23 15:01:00,2048.565,2048.565,2047.61,2047.61,1855.0,CMG
2023-05-23 14:58:00,2045.93,2045.93,2045.93,2045.93,1097.0,CMG
2023-05-23 14:57:00,2044.17,2044.17,2044.17,2044.17,840.0,CMG
2023-05-23 14:56:00,2043.89,2046.135,2043.89,2046.135,1088.0,CMG
2023-05-23 14:55:00,2043.04,2043.04,2043.04,2043.04,637.0,CMG
2023-05-23 14:52:00,2043.13,2043.78,2041.91,2041.91,1557.0,CMG
2023-05-23 14:51:00,2044.11,2044.11,2042.57,2042.57,1422.0,CMG
2023-05-23 14:50:00,2042.645,2043.72,2042.3,2042.41,2779.0,CMG
2023-05-23 14:49:00,2044.57,2044.775,2042.38,2042.39,2964.0,CMG
2023-05-23 14:48:00,2045.86,2045.86,2045.86,2045.86,768.0,CMG
2023-05-23 14:45:00,2045.13,2045.13,2045.13,2045.13,455.0,CMG
2023-05-23 14:43:00,2046.6,2046.6,2046.405,2046.405,788.0,CMG
2023-05-23 14:41:00,2046.22,2046.22,2044.61,2044.61,1588.0,CMG
2023-05-23 14:40:00,2045.35,2046.8,2045.35,2046.76,2023.0,CMG
2023-05-23 14:39:00,2043.46,2043.98,2043.46,2043.98,1364.0,CMG
2023-05-23 14:38:00,2044.2,2045.36,2042.57,2043.03,2927.0,CMG
2023-05-23 14:36:00,2045.97,2045.97,2045.96,2045.96,457.0,CMG
2023-05-23 14:35:00,2047.82,2047.82,2047.82,2047.82,906.0,CMG
2023-05-23 14:34:00,2048.02,2048.02,2048.02,2048.02,1248.0,CMG
2023-05-23 14:33:00,2048.38,2048.38,2047.715,2047.715,453.0,CMG
2023-05-23 14:32:00,2047.36,2048.22,2047.36,2048.22,1863.0,CMG
2023-05-23 14:31:00,2048.0,2048.0,2047.36,2047.36,1386.0,CMG
2023-05-23 14:29:00,2048.48,2048.48,2048.48,2048.48,486.0,CMG
2023-05-23 14:28:00,2044.86,2046.98,2044.86,2046.98,1243.0,CMG
2023-05-23 14:27:00,2044.0001,2044.0001,2044.0001,2044.0001,248.0,CMG
2023-05-23 14:26:00,2046.3,2047.5,2045.42,2046.08,2261.0,CMG
2023-05-23 14:25:00,2045.0,2045.0,2043.815,2043.815,843.0,CMG
2023-05-23 14:24:00,2045.65,2045.65,2045.65,2045.65,512.0,CMG
2023-05-23 14:23:00,2048.195,2048.195,2048.195,2048.195,626.0,CMG
2023-05-23 14:21:00,2050.35,2050.35,2050.0,2050.0,1272.0,CMG
2023-05-23 14:20:00,2050.265,2050.265,2050.265,2050.265,281.0,CMG
2023-05-23 14:19:00,2049.43,2049.63,2049.43,2049.63,1498.0,CMG
2023-05-23 14:18:00,2050.88,2050.88,2050.0,2050.0,1388.0,CMG
2023-05-23 14:17:00,2053.0,2053.0,2052.0,2052.12,3030.0,CMG
2023-05-23 14:16:00,2055.886,2056.28,2054.83,2055.73,1489.0,CMG
2023-05-23 14:15:00,2055.17,2055.27,2055.17,2055.27,378.0,CMG
2023-05-23 14:13:00,2055.8,2055.8,2055.8,2055.8,231.0,CMG
2023-05-23 14:12:00,2056.0,2056.22,2056.0,2056.22,1227.0,CMG
2023-05-23 14:11:00,2057.31,2057.31,2057.31,2057.31,818.0,CMG
2023-05-23 14:10:00,2056.035,2056.035,2056.035,2056.035,397.0,CMG
2023-05-23 14:09:00,2055.85,2056.04,2055.85,2056.04,437.0,CMG
2023-05-23 14:06:00,2056.33,2056.33,2056.3,2056.3,814.0,CMG
2023-05-23 14:04:00,2056.21,2056.21,2056.21,2056.21,432.0,CMG
2023-05-23 14:02:00,2053.9487,2054.48,2053.9487,2053.97,1883.0,CMG
2023-05-23 13:57:00,2052.28,2052.28,2052.28,2052.28,452.0,CMG
2023-05-23 13:56:00,2053.43,2053.43,2053.43,2053.43,423.0,CMG
2023-05-23 13:55:00,2053.435,2053.435,2053.435,2053.435,672.0,CMG
2023-05-23 13:54:00,2054.72,2054.72,2054.06,2054.06,652.0,CMG
2023-05-23 13:53:00,2053.48,2053.48,2053.48,2053.48,202.0,CMG
2023-05-23 13:50:00,2054.11,2054.11,2054.11,2054.11,1214.0,CMG
2023-05-23 13:49:00,2056.02,2056.02,2051.98,2055.0,6541.0,CMG
2023-05-23 13:47:00,2058.86,2058.86,2058.67,2058.67,769.0,CMG
2023-05-23 13:40:00,2060.01,2060.135,2059.72,2060.135,2519.0,CMG
2023-05-23 13:39:00,2059.385,2060.0,2059.385,2060.0,3285.0,CMG
2023-05-23 13:38:00,2059.075,2059.075,2059.075,2059.075,225.0,CMG
2023-05-23 13:36:00,2057.1,2059.76,2056.255,2059.76,1986.0,CMG
2023-05-23 13:35:00,2055.47,2055.47,2055.47,2055.47,671.0,CMG
2023-05-23 13:34:00,2053.16,2054.85,2051.96,2054.18,3436.0,CMG
2023-05-23 13:33:00,2054.14,2054.14,2051.82,2052.915,1482.0,CMG
2023-05-23 13:31:00,2051.87,2051.87,2051.87,2051.87,273.0,CMG
2023-05-23 13:30:00,2053.0,2053.0,2052.91,2052.91,1108.0,CMG
2023-05-23 13:29:00,2053.15,2053.15,2053.15,2053.15,587.0,CMG
2023-05-23 13:28:00,2056.01,2056.01,2055.78,2055.78,1958.0,CMG
2023-05-23 13:27:00,2056.01,2056.01,2056.0,2056.01,1934.0,CMG
2023-05-23 13:26:00,2056.565,2057.13,2056.565,2057.0,1376.0,CMG
2023-05-23 13:24:00,2055.64,2055.64,2055.64,2055.64,346.0,CMG
2023-05-23 13:22:00,2053.7131,2053.7131,2053.7131,2053.7131,467.0,CMG
2023-05-23 13:21:00,2053.49,2053.49,2053.3,2053.3,724.0,CMG
2023-05-23 13:20:00,2056.08,2056.08,2054.9,2055.0,2458.0,CMG
2023-05-23 13:16:00,2056.13,2056.24,2056.0,2056.23,2148.0,CMG
2023-05-23 13:15:00,2056.005,2056.72,2056.0,2056.0,1640.0,CMG
2023-05-23 13:12:00,2056.5,2056.5,2056.49,2056.49,569.0,CMG
2023-05-23 13:11:00,2056.44,2056.44,2056.44,2056.44,250.0,CMG
2023-05-23 13:09:00,2056.05,2056.05,2056.05,2056.05,295.0,CMG
2023-05-23 13:08:00,2057.68,2057.68,2056.05,2056.05,449.0,CMG
2023-05-23 13:05:00,2056.0,2056.0,2056.0,2056.0,399.0,CMG
2023-05-23 13:04:00,2057.54,2057.695,2057.43,2057.695,692.0,CMG
2023-05-23 12:59:00,2058.16,2058.16,2058.0,2058.0,911.0,CMG
2023-05-23 12:56:00,2059.39,2059.39,2057.98,2057.98,1503.0,CMG
2023-05-23 12:55:00,2057.3047,2057.47,2057.3047,2057.47,605.0,CMG
2023-05-23 12:54:00,2059.0,2059.0,2058.08,2058.08,735.0,CMG
2023-05-23 12:53:00,2060.19,2060.19,2060.19,2060.19,402.0,CMG
2023-05-23 12:50:00,2059.235,2059.235,2058.595,2058.96,3054.0,CMG
2023-05-23 12:49:00,2060.63,2060.63,2060.61,2060.61,989.0,CMG
2023-05-23 12:48:00,2060.675,2060.675,2060.08,2060.08,483.0,CMG
2023-05-23 12:47:00,2061.29,2061.305,2060.84,2060.84,1793.0,CMG
2023-05-23 12:46:00,2063.5,2063.5,2061.555,2061.555,1490.0,CMG
2023-05-23 12:44:00,2064.0,2064.0,2064.0,2064.0,187.0,CMG
2023-05-23 12:43:00,2061.24,2062.84,2061.24,2062.84,374.0,CMG
2023-05-23 12:42:00,2062.59,2062.59,2059.07,2060.1601,1188.0,CMG
2023-05-23 12:40:00,2063.49,2063.49,2063.49,2063.49,134.0,CMG
2023-05-23 12:38:00,2063.05,2064.15,2063.05,2064.15,857.0,CMG
2023-05-23 12:36:00,2066.01,2066.01,2066.01,2066.01,751.0,CMG
2023-05-23 12:30:00,2064.5,2065.98,2064.5,2065.98,1243.0,CMG
2023-05-23 12:28:00,2063.84,2064.8,2063.15,2063.15,808.0,CMG
2023-05-23 12:27:00,2064.47,2064.47,2064.47,2064.47,541.0,CMG
2023-05-23 12:26:00,2065.32,2065.32,2065.0,2065.0,623.0,CMG
2023-05-23 12:25:00,2067.02,2067.02,2066.725,2066.725,1722.0,CMG
2023-05-23 12:24:00,2068.3,2068.3,2068.3,2068.3,500.0,CMG
2023-05-23 12:21:00,2063.72,2065.675,2063.72,2065.165,1591.0,CMG
2023-05-23 12:20:00,2061.4301,2063.09,2061.4301,2063.09,1687.0,CMG
2023-05-23 12:19:00,2065.0,2065.295,2061.4401,2061.4401,1730.0,CMG
2023-05-23 12:17:00,2067.9,2068.0,2067.9,2068.0,1825.0,CMG
2023-05-23 12:16:00,2068.71,2068.71,2068.71,2068.71,318.0,CMG
2023-05-23 12:15:00,2070.0,2070.0,2070.0,2070.0,775.0,CMG
2023-05-23 12:14:00,2071.0,2071.0,2070.29,2070.29,499.0,CMG
2023-05-23 12:13:00,2070.575,2070.58,2070.575,2070.58,1147.0,CMG
2023-05-23 12:12:00,2070.0,2070.0,2069.61,2069.61,351.0,CMG
2023-05-23 12:11:00,2072.325,2072.325,2071.22,2071.22,698.0,CMG
2023-05-23 12:10:00,2068.39,2070.44,2068.39,2070.44,1281.0,CMG
2023-05-23 12:09:00,2067.8,2067.8,2067.585,2067.585,667.0,CMG
2023-05-23 12:07:00,2067.355,2067.355,2067.13,2067.13,377.0,CMG
2023-05-23 12:06:00,2070.04,2070.04,2070.04,2070.04,1149.0,CMG
2023-05-23 12:05:00,2067.03,2070.44,2066.29,2070.44,2419.0,CMG
2023-05-23 12:04:00,2070.0,2070.0001,2068.98,2068.98,2094.0,CMG
2023-05-23 12:02:00,2072.015,2072.015,2071.67,2071.67,1289.0,CMG
2023-05-23 12:00:00,2072.535,2072.535,2072.535,2072.535,437.0,CMG
2023-05-23 11:59:00,2072.915,2072.915,2072.06,2072.835,908.0,CMG
2023-05-23 11:58:00,2073.08,2073.08,2072.34,2072.34,691.0,CMG
2023-05-23 11:56:00,2071.795,2071.795,2071.795,2071.795,425.0,CMG
2023-05-23 11:54:00,2073.18,2073.18,2071.805,2071.805,1596.0,CMG
2023-05-23 11:53:00,2073.49,2073.62,2072.9,2073.62,500.0,CMG
2023-05-23 11:52:00,2071.6,2073.5,2071.6,2073.5,2840.0,CMG
2023-05-23 11:51:00,2076.0,2076.0,2074.08,2074.08,2312.0,CMG
2023-05-23 11:48:00,2077.428,2077.428,2077.428,2077.428,700.0,CMG
2023-05-23 11:45:00,2079.02,2079.03,2077.0,2077.0,1653.0,CMG
2023-05-23 11:44:00,2077.0,2077.0,2077.0,2077.0,216.0,CMG
2023-05-23 11:43:00,2080.05,2080.05,2078.0,2078.0,2522.0,CMG
2023-05-23 11:40:00,2080.04,2080.04,2080.04,2080.04,261.0,CMG
2023-05-23 11:39:00,2081.56,2081.56,2081.56,2081.56,134.0,CMG
2023-05-23 11:38:00,2081.39,2081.53,2080.705,2081.53,1628.0,CMG
2023-05-23 11:37:00,2080.695,2080.695,2080.695,2080.695,465.0,CMG
2023-05-23 11:34:00,2082.55,2082.56,2082.32,2082.32,945.0,CMG
2023-05-23 11:29:00,2082.53,2084.66,2082.53,2084.66,1927.0,CMG
2023-05-23 11:28:00,2083.69,2083.69,2083.035,2083.035,598.0,CMG
2023-05-23 11:24:00,2082.905,2082.905,2082.905,2082.905,365.0,CMG
2023-05-23 11:21:00,2083.38,2083.38,2083.38,2083.38,444.0,CMG
2023-05-23 11:20:00,2080.62,2080.72,2080.62,2080.72,1703.0,CMG
2023-05-23 11:19:00,2082.255,2082.255,2078.05,2079.21,2000.0,CMG
2023-05-23 11:17:00,2085.0,2085.0,2085.0,2085.0,570.0,CMG
2023-05-23 11:16:00,2085.1,2085.1,2085.1,2085.1,217.0,CMG
2023-05-23 11:15:00,2085.725,2085.725,2085.725,2085.725,847.0,CMG
2023-05-23 11:14:00,2087.04,2087.06,2086.84,2086.87,2434.0,CMG
2023-05-23 11:13:00,2087.75,2087.75,2087.28,2087.28,2856.0,CMG
2023-05-23 11:05:00,2090.105,2090.44,2089.43,2090.44,448.0,CMG
2023-05-23 11:03:00,2090.17,2090.17,2090.0,2090.085,1431.0,CMG
2023-05-23 11:00:00,2089.71,2089.87,2089.35,2089.87,1486.0,CMG
2023-05-23 10:55:00,2090.0,2090.0,2090.0,2090.0,942.0,CMG
2023-05-23 10:54:00,2090.41,2090.41,2090.41,2090.41,432.0,CMG
2023-05-23 10:51:00,2090.001,2090.001,2090.001,2090.001,191.0,CMG
2023-05-23 10:50:00,2090.18,2090.18,2090.18,2090.18,921.0,CMG
2023-05-23 10:49:00,2091.305,2091.305,2091.305,2091.305,715.0,CMG
2023-05-23 10:48:00,2090.99,2091.45,2090.99,2091.23,1006.0,CMG
2023-05-23 10:47:00,2091.0,2091.23,2091.0,2091.23,471.0,CMG
2023-05-23 10:46:00,2091.15,2091.15,2091.15,2091.15,413.0,CMG
2023-05-23 10:43:00,2090.655,2091.48,2090.655,2090.78,1947.0,CMG
2023-05-23 10:42:00,2091.925,2091.925,2089.77,2089.82,2256.0,CMG
2023-05-23 10:40:00,2092.83,2092.83,2092.83,2092.83,482.0,CMG
2023-05-23 10:37:00,2092.71,2092.71,2092.71,2092.71,267.0,CMG
2023-05-23 10:35:00,2093.66,2094.4,2093.085,2094.4,1949.0,CMG
2023-05-23 10:34:00,2093.0,2093.0,2093.0,2093.0,284.0,CMG
2023-05-23 10:33:00,2092.42,2092.42,2092.42,2092.42,238.0,CMG
2023-05-23 10:31:00,2093.0,2093.0,2093.0,2093.0,734.0,CMG
2023-05-23 10:30:00,2094.0,2094.0,2094.0,2094.0,181.0,CMG
2023-05-23 10:29:00,2094.5,2094.5,2094.0,2094.0,969.0,CMG
2023-05-23 10:26:00,2094.89,2094.89,2094.89,2094.89,801.0,CMG
2023-05-23 10:25:00,2094.715,2094.9825,2094.715,2094.965,712.0,CMG
2023-05-23 10:21:00,2093.0,2093.1,2093.0,2093.1,793.0,CMG
2023-05-23 10:20:00,2093.305,2093.305,2093.305,2093.305,247.0,CMG
2023-05-23 10:18:00,2095.99,2095.99,2095.99,2095.99,216.0,CMG
2023-05-23 10:17:00,2094.08,2094.5325,2094.08,2094.1,863.0,CMG
2023-05-23 10:16:00,2093.59,2093.59,2093.59,2093.59,355.0,CMG
2023-05-23 10:15:00,2094.0,2094.0,2093.03,2093.03,2122.0,CMG
2023-05-23 10:14:00,2095.96,2095.96,2095.3575,2095.3575,405.0,CMG
2023-05-23 10:13:00,2094.3624,2094.3624,2094.3624,2094.3624,807.0,CMG
2023-05-23 10:12:00,2096.5,2096.99,2095.965,2095.965,1271.0,CMG
2023-05-23 10:11:00,2096.06,2096.06,2096.06,2096.06,1287.0,CMG
2023-05-23 10:10:00,2098.0,2098.0,2098.0,2098.0,204.0,CMG
2023-05-23 10:06:00,2100.5599,2100.5599,2100.5599,2100.5599,173.0,CMG
2023-05-23 10:02:00,2098.37,2098.37,2096.76,2096.76,781.0,CMG
2023-05-23 10:01:00,2095.55,2097.37,2095.55,2096.23,1121.0,CMG
2023-05-23 10:00:00,2097.99,2097.99,2095.0,2095.0,1265.0,CMG
2023-05-23 09:59:00,2097.99,2097.99,2097.99,2097.99,241.0,CMG
2023-05-23 09:58:00,2097.04,2097.04,2097.04,2097.04,160.0,CMG
2023-05-23 09:57:00,2097.99,2097.99,2097.99,2097.99,220.0,CMG
2023-05-23 09:54:00,2100.0,2100.0,2097.72,2097.72,847.0,CMG
2023-05-23 09:50:00,2100.22,2100.22,2100.22,2100.22,154.0,CMG
2023-05-23 09:49:00,2101.855,2101.855,2100.71,2100.71,1301.0,CMG
2023-05-23 09:47:00,2101.22,2101.26,2101.22,2101.26,285.0,CMG
2023-05-23 09:45:00,2099.76,2100.0,2099.76,2099.76,856.0,CMG
2023-05-23 09:41:00,2097.83,2097.83,2097.7,2097.7,1267.0,CMG
2023-05-23 09:40:00,2099.9,2099.9,2099.105,2099.105,579.0,CMG
2023-05-23 09:38:00,2099.98,2099.98,2099.98,2099.98,160.0,CMG
2023-05-23 09:37:00,2105.42,2106.99,2105.42,2106.99,455.0,CMG
2023-05-23 09:33:00,2101.99,2107.0386,2101.99,2107.0386,432.0,CMG
2023-05-23 09:32:00,2098.55,2098.55,2098.55,2098.55,431.0,CMG
2023-05-23 09:31:00,2100.5875,2100.5875,2100.5875,2100.5875,178.0,CMG
2023-05-23 09:30:00,2093.0,2103.93,2093.0,2103.92,2625.0,CMG
2023-05-22 16:03:00,2101.94,2101.94,2101.94,2101.94,6809.0,CMG
2023-05-22 15:59:00,2101.93,2102.79,2101.1,2102.62,6301.0,CMG
2023-05-22 15:58:00,2100.46,2101.79,2099.82,2101.49,6523.0,CMG
2023-05-22 15:57:00,2100.97,2101.14,2099.88,2099.88,4148.0,CMG
2023-05-22 15:56:00,2100.39,2100.39,2100.39,2100.39,1859.0,CMG
2023-05-22 15:55:00,2100.415,2100.415,2100.415,2100.415,1353.0,CMG
2023-05-22 15:54:00,2100.98,2100.98,2100.53,2100.53,1352.0,CMG
2023-05-22 15:53:00,2099.98,2101.675,2099.93,2101.675,3475.0,CMG
2023-05-22 15:52:00,2098.88,2099.88,2098.88,2098.88,2992.0,CMG
2023-05-22 15:51:00,2100.865,2100.865,2098.0,2098.0,2742.0,CMG
2023-05-22 15:50:00,2101.225,2101.225,2101.225,2101.225,1560.0,CMG
2023-05-22 15:48:00,2101.03,2101.03,2100.76,2100.76,1847.0,CMG
2023-05-22 15:47:00,2101.33,2101.52,2101.33,2101.52,1307.0,CMG
2023-05-22 15:45:00,2102.37,2102.37,2102.37,2102.37,1183.0,CMG
2023-05-22 15:42:00,2101.86,2101.86,2101.72,2101.72,844.0,CMG
2023-05-22 15:40:00,2101.64,2102.56,2101.64,2102.56,2649.0,CMG
2023-05-22 15:39:00,2102.04,2102.4,2102.04,2102.21,1558.0,CMG
2023-05-22 15:38:00,2101.2438,2101.455,2101.2438,2101.43,1072.0,CMG
2023-05-22 15:37:00,2101.0,2101.0,2101.0,2101.0,698.0,CMG
2023-05-22 15:36:00,2101.58,2101.84,2101.5,2101.84,3250.0,CMG
2023-05-22 15:29:00,2103.95,2104.58,2103.95,2104.58,1723.0,CMG
2023-05-22 15:28:00,2102.76,2102.76,2102.76,2102.76,531.0,CMG
2023-05-22 15:26:00,2103.0,2103.0,2103.0,2103.0,632.0,CMG
2023-05-22 15:25:00,2103.0,2103.0,2103.0,2103.0,567.0,CMG
2023-05-22 15:23:00,2105.09,2105.09,2103.09,2103.09,967.0,CMG
2023-05-22 15:22:00,2103.71,2103.91,2103.71,2103.91,1291.0,CMG
2023-05-22 15:20:00,2102.75,2102.75,2101.51,2101.52,869.0,CMG
2023-05-22 15:19:00,2106.42,2106.42,2105.0,2105.0,2108.0,CMG
2023-05-22 15:17:00,2106.86,2107.345,2106.785,2106.785,1505.0,CMG
2023-05-22 15:16:00,2105.97,2105.97,2105.97,2105.97,352.0,CMG
2023-05-22 15:15:00,2105.0,2105.44,2105.0,2105.44,701.0,CMG
2023-05-22 15:12:00,2105.92,2105.92,2105.92,2105.92,137.0,CMG
2023-05-22 15:11:00,2106.65,2106.65,2106.1,2106.1,759.0,CMG
2023-05-22 15:10:00,2107.2602,2107.2602,2107.2602,2107.2602,242.0,CMG
2023-05-22 15:09:00,2107.435,2107.435,2107.435,2107.435,372.0,CMG
2023-05-22 15:07:00,2107.28,2107.705,2107.0,2107.705,1049.0,CMG
2023-05-22 15:05:00,2107.63,2107.63,2107.63,2107.63,134.0,CMG
2023-05-22 15:04:00,2107.74,2107.74,2107.74,2107.74,313.0,CMG
2023-05-22 14:59:00,2108.39,2108.39,2108.39,2108.39,363.0,CMG
2023-05-22 14:58:00,2107.59,2107.59,2107.59,2107.59,212.0,CMG
2023-05-22 14:57:00,2108.49,2108.49,2108.49,2108.49,199.0,CMG
2023-05-22 14:55:00,2107.02,2107.02,2107.02,2107.02,494.0,CMG
2023-05-22 14:53:00,2110.4,2110.4,2110.32,2110.32,1141.0,CMG
2023-05-22 14:50:00,2111.07,2111.1,2111.07,2111.1,829.0,CMG
2023-05-22 14:49:00,2110.12,2110.12,2110.12,2110.12,1628.0,CMG
2023-05-22 14:48:00,2110.01,2110.01,2110.01,2110.01,469.0,CMG
2023-05-22 14:46:00,2110.0,2110.01,2110.0,2110.01,477.0,CMG
2023-05-22 14:40:00,2108.05,2108.05,2108.05,2108.05,393.0,CMG
2023-05-22 14:39:00,2109.56,2109.56,2109.51,2109.51,1047.0,CMG
2023-05-22 14:38:00,2110.775,2110.775,2110.775,2110.775,315.0,CMG
2023-05-22 14:34:00,2111.445,2111.445,2111.445,2111.445,832.0,CMG
2023-05-22 14:33:00,2111.98,2111.98,2111.98,2111.98,484.0,CMG
2023-05-22 14:32:00,2112.16,2112.16,2112.16,2112.16,159.0,CMG
2023-05-22 14:29:00,2109.3,2113.22,2109.3,2109.52,2898.0,CMG
2023-05-22 14:22:00,2108.8,2108.8,2108.8,2108.8,303.0,CMG
2023-05-22 14:16:00,2106.82,2107.56,2106.82,2107.56,985.0,CMG
2023-05-22 14:15:00,2105.33,2105.33,2105.33,2105.33,1630.0,CMG
2023-05-22 14:14:00,2107.19,2107.46,2105.33,2106.26,2271.0,CMG
2023-05-22 14:05:00,2109.44,2109.44,2109.44,2109.44,387.0,CMG
2023-05-22 14:03:00,2111.29,2111.29,2111.29,2111.29,229.0,CMG
2023-05-22 14:02:00,2111.4025,2111.4025,2111.2,2111.2,364.0,CMG
2023-05-22 14:00:00,2110.06,2110.52,2109.98,2110.52,1574.0,CMG
2023-05-22 13:58:00,2108.51,2108.51,2108.51,2108.51,479.0,CMG
2023-05-22 13:56:00,2110.31,2110.32,2110.31,2110.32,711.0,CMG
2023-05-22 13:55:00,2108.575,2108.575,2108.575,2108.575,1138.0,CMG
2023-05-22 13:51:00,2110.77,2110.77,2110.77,2110.77,1107.0,CMG
2023-05-22 13:50:00,2108.895,2109.74,2108.895,2109.41,2081.0,CMG
2023-05-22 13:48:00,2109.1,2109.1,2109.1,2109.1,658.0,CMG
2023-05-22 13:46:00,2109.84,2109.84,2109.84,2109.84,428.0,CMG
2023-05-22 13:44:00,2110.63,2110.63,2110.63,2110.63,449.0,CMG
2023-05-22 13:41:00,2112.26,2112.7525,2112.01,2112.7525,626.0,CMG
2023-05-22 13:40:00,2112.07,2112.07,2112.07,2112.07,365.0,CMG
2023-05-22 13:39:00,2113.04,2113.04,2113.04,2113.04,301.0,CMG
2023-05-22 13:38:00,2113.055,2113.055,2113.05,2113.05,548.0,CMG
2023-05-22 13:34:00,2115.12,2115.31,2114.595,2115.31,1159.0,CMG
2023-05-22 13:33:00,2116.0,2116.0,2116.0,2116.0,702.0,CMG
2023-05-22 13:29:00,2115.91,2115.92,2115.91,2115.92,416.0,CMG
2023-05-22 13:22:00,2116.405,2116.405,2116.405,2116.405,211.0,CMG
2023-05-22 13:17:00,2116.88,2116.88,2116.88,2116.88,673.0,CMG
2023-05-22 13:15:00,2114.588,2114.588,2114.588,2114.588,599.0,CMG
2023-05-22 13:14:00,2116.75,2116.75,2116.095,2116.41,1110.0,CMG
2023-05-22 13:09:00,2118.24,2118.24,2118.24,2118.24,553.0,CMG
2023-05-22 13:08:00,2120.31,2120.31,2120.31,2120.31,229.0,CMG
2023-05-22 13:07:00,2119.69,2119.69,2119.69,2119.69,226.0,CMG
2023-05-22 13:06:00,2119.2,2119.22,2118.86,2118.86,1892.0,CMG
2023-05-22 13:05:00,2120.51,2120.51,2120.51,2120.51,270.0,CMG
2023-05-22 13:01:00,2120.315,2120.315,2120.315,2120.315,191.0,CMG
2023-05-22 13:00:00,2118.94,2119.14,2118.94,2119.14,1018.0,CMG
2023-05-22 12:56:00,2118.48,2118.48,2117.95,2117.95,653.0,CMG
2023-05-22 12:51:00,2117.75,2117.75,2117.75,2117.75,175.0,CMG
2023-05-22 12:48:00,2116.26,2116.26,2116.26,2116.26,817.0,CMG
2023-05-22 12:41:00,2114.77,2114.77,2114.77,2114.77,205.0,CMG
2023-05-22 12:40:00,2114.14,2115.405,2114.14,2115.405,684.0,CMG
2023-05-22 12:38:00,2114.98,2114.98,2114.98,2114.98,201.0,CMG
2023-05-22 12:35:00,2113.15,2114.675,2113.15,2114.675,393.0,CMG
2023-05-22 12:32:00,2114.89,2114.89,2114.59,2114.59,941.0,CMG
2023-05-22 12:31:00,2115.73,2115.73,2115.73,2115.73,562.0,CMG
2023-05-22 12:27:00,2115.0486,2115.0486,2115.01,2115.01,729.0,CMG
2023-05-22 12:23:00,2118.0,2118.0,2115.0,2115.0,1559.0,CMG
2023-05-22 12:19:00,2118.6804,2118.6804,2118.6804,2118.6804,507.0,CMG
2023-05-22 12:16:00,2117.445,2117.445,2117.445,2117.445,573.0,CMG
2023-05-22 12:14:00,2117.93,2117.93,2117.93,2117.93,402.0,CMG
2023-05-22 12:13:00,2118.27,2118.27,2116.0,2116.0,928.0,CMG
2023-05-22 12:09:00,2118.89,2119.885,2118.57,2119.885,902.0,CMG
2023-05-22 12:06:00,2118.86,2118.86,2118.86,2118.86,1043.0,CMG
2023-05-22 12:03:00,2117.63,2117.63,2117.63,2117.63,442.0,CMG
2023-05-22 12:02:00,2118.92,2119.8036,2118.92,2119.375,581.0,CMG
2023-05-22 12:01:00,2117.69,2117.93,2117.69,2117.93,569.0,CMG
2023-05-22 12:00:00,2117.6,2117.6,2117.6,2117.6,203.0,CMG
2023-05-22 11:57:00,2115.15,2115.49,2115.15,2115.49,592.0,CMG
2023-05-22 11:55:00,2114.5,2114.5,2113.95,2113.955,932.0,CMG
2023-05-22 11:51:00,2110.88,2110.88,2110.88,2110.88,770.0,CMG
2023-05-22 11:50:00,2111.1616,2111.1616,2110.795,2110.795,761.0,CMG
2023-05-22 11:49:00,2108.84,2109.58,2108.84,2109.3,1422.0,CMG
2023-05-22 11:48:00,2109.42,2110.88,2109.3,2109.31,864.0,CMG
2023-05-22 11:46:00,2110.0,2110.0,2109.69,2109.69,754.0,CMG
2023-05-22 11:43:00,2111.025,2113.06,2111.025,2112.13,497.0,CMG
2023-05-22 11:40:00,2115.0,2115.0,2113.27,2113.27,3693.0,CMG
2023-05-22 11:39:00,2118.0,2118.0,2115.0,2115.0,964.0,CMG
2023-05-22 11:37:00,2119.945,2119.945,2119.945,2119.945,183.0,CMG
2023-05-22 11:35:00,2121.0,2121.45,2119.4,2120.28,3703.0,CMG
2023-05-22 11:34:00,2120.96,2122.27,2120.96,2122.27,593.0,CMG
2023-05-22 11:32:00,2121.82,2121.82,2121.47,2121.47,1233.0,CMG
2023-05-22 11:27:00,2121.28,2125.77,2121.28,2125.77,941.0,CMG
2023-05-22 11:25:00,2124.125,2124.125,2124.125,2124.125,179.0,CMG
2023-05-22 11:21:00,2122.84,2122.84,2121.8139,2121.8139,1642.0,CMG
2023-05-22 11:20:00,2122.82,2122.82,2122.82,2122.82,977.0,CMG
2023-05-22 11:15:00,2125.5,2125.67,2124.865,2124.99,1302.0,CMG
2023-05-22 11:14:00,2125.2,2125.2,2124.61,2124.61,1141.0,CMG
2023-05-22 11:11:00,2127.2321,2129.39,2126.6128,2129.39,1954.0,CMG
2023-05-22 11:10:00,2126.5,2129.68,2126.5,2127.275,2449.0,CMG
2023-05-22 11:09:00,2125.75,2125.75,2125.75,2125.75,421.0,CMG
2023-05-22 11:08:00,2126.34,2126.34,2126.34,2126.34,364.0,CMG
2023-05-22 11:07:00,2126.8,2126.8,2125.91,2126.795,1413.0,CMG
2023-05-22 11:06:00,2127.5,2127.5,2126.2,2126.2,1058.0,CMG
2023-05-22 11:04:00,2129.24,2129.24,2127.6,2127.6,932.0,CMG
2023-05-22 11:03:00,2126.07,2127.98,2126.07,2127.98,1135.0,CMG
2023-05-22 11:02:00,2126.8,2126.8,2126.8,2126.8,630.0,CMG
2023-05-22 11:01:00,2128.52,2128.555,2126.84,2126.84,2891.0,CMG
2023-05-22 11:00:00,2128.41,2128.48,2127.72,2128.48,2532.0,CMG
2023-05-22 10:59:00,2128.08,2130.09,2126.915,2128.375,2335.0,CMG
2023-05-22 10:58:00,2127.79,2127.79,2127.79,2127.79,452.0,CMG
2023-05-22 10:57:00,2127.435,2127.435,2127.435,2127.435,266.0,CMG
2023-05-22 10:55:00,2127.45,2127.45,2127.45,2127.45,504.0,CMG
2023-05-22 10:54:00,2126.985,2126.985,2126.985,2126.985,225.0,CMG
2023-05-22 10:52:00,2127.055,2127.055,2127.025,2127.025,520.0,CMG
2023-05-22 10:51:00,2126.945,2129.54,2126.945,2127.07,3402.0,CMG
2023-05-22 10:50:00,2126.35,2127.4925,2126.35,2127.4925,367.0,CMG
2023-05-22 10:49:00,2126.32,2126.32,2126.32,2126.32,128.0,CMG
2023-05-22 10:48:00,2126.0,2126.0,2126.0,2126.0,664.0,CMG
2023-05-22 10:47:00,2124.08,2125.95,2124.075,2124.075,343.0,CMG
2023-05-22 10:46:00,2123.025,2124.0,2122.885,2122.885,2022.0,CMG
2023-05-22 10:44:00,2127.0,2127.0,2126.47,2126.47,702.0,CMG
2023-05-22 10:43:00,2129.305,2129.305,2127.0001,2127.0001,791.0,CMG
2023-05-22 10:41:00,2130.39,2130.39,2130.15,2130.15,1822.0,CMG
2023-05-22 10:37:00,2132.56,2132.56,2130.37,2130.37,791.0,CMG
2023-05-22 10:36:00,2132.82,2132.975,2132.54,2132.54,3371.0,CMG
2023-05-22 10:34:00,2134.325,2134.335,2134.325,2134.335,869.0,CMG
2023-05-22 10:31:00,2134.07,2134.07,2134.07,2134.07,313.0,CMG
2023-05-22 10:30:00,2134.25,2134.25,2134.25,2134.25,730.0,CMG
2023-05-22 10:28:00,2134.36,2134.36,2134.15,2134.2,469.0,CMG
2023-05-22 10:27:00,2134.23,2134.23,2133.89,2133.89,7094.0,CMG
2023-05-22 10:26:00,2131.99,2134.08,2131.98,2132.765,1956.0,CMG
2023-05-22 10:25:00,2131.51,2131.51,2131.18,2131.18,1118.0,CMG
2023-05-22 10:24:00,2132.29,2132.29,2132.29,2132.29,310.0,CMG
2023-05-22 10:23:00,2130.62,2133.665,2130.62,2133.665,899.0,CMG
2023-05-22 10:22:00,2132.15,2132.15,2132.0,2132.0,1619.0,CMG
2023-05-22 10:20:00,2139.88,2139.88,2133.01,2133.01,4215.0,CMG
2023-05-22 10:19:00,2135.69,2136.94,2135.69,2136.94,1882.0,CMG
2023-05-22 10:18:00,2133.75,2134.36,2132.01,2134.145,2518.0,CMG
2023-05-22 10:17:00,2133.445,2133.445,2133.445,2133.445,537.0,CMG
2023-05-22 10:16:00,2128.01,2131.29,2128.01,2131.29,1601.0,CMG
2023-05-22 10:15:00,2122.41,2126.08,2121.92,2126.08,2766.0,CMG
2023-05-22 10:14:00,2120.68,2121.93,2120.68,2121.93,802.0,CMG
2023-05-22 10:13:00,2120.8,2121.84,2120.8,2121.84,658.0,CMG
2023-05-22 10:09:00,2114.69,2114.69,2114.69,2114.69,923.0,CMG
2023-05-22 10:08:00,2118.435,2118.435,2111.6345,2111.6345,1488.0,CMG
2023-05-22 10:07:00,2115.97,2116.045,2115.97,2116.045,1126.0,CMG
2023-05-22 10:06:00,2115.49,2115.54,2115.49,2115.54,730.0,CMG
2023-05-22 10:05:00,2114.88,2114.88,2114.88,2114.88,185.0,CMG
2023-05-22 10:03:00,2114.5,2114.5,2114.5,2114.5,277.0,CMG
2023-05-22 10:02:00,2117.4456,2117.4456,2114.41,2114.85,1949.0,CMG
2023-05-22 10:01:00,2117.94,2117.94,2117.94,2117.94,535.0,CMG
2023-05-22 09:58:00,2119.18,2119.18,2118.69,2118.69,1098.0,CMG
2023-05-22 09:57:00,2119.035,2119.035,2118.605,2118.605,4019.0,CMG
2023-05-22 09:56:00,2117.6,2119.0,2116.94,2117.33,2241.0,CMG
2023-05-22 09:55:00,2117.36,2117.36,2117.36,2117.36,568.0,CMG
2023-05-22 09:54:00,2114.635,2116.15,2114.635,2115.355,1086.0,CMG
2023-05-22 09:53:00,2114.01,2114.52,2113.2678,2113.2678,3155.0,CMG
2023-05-22 09:52:00,2111.73,2114.63,2111.73,2114.41,1471.0,CMG
2023-05-22 09:51:00,2111.4,2111.4,2111.4,2111.4,1537.0,CMG
2023-05-22 09:50:00,2110.835,2110.835,2110.835,2110.835,560.0,CMG
2023-05-22 09:49:00,2110.725,2110.725,2110.725,2110.725,457.0,CMG
2023-05-22 09:48:00,2110.72,2110.72,2110.275,2110.275,737.0,CMG
2023-05-22 09:46:00,2107.39,2108.68,2107.39,2108.68,2040.0,CMG
2023-05-22 09:45:00,2107.57,2107.85,2107.03,2107.03,2290.0,CMG
2023-05-22 09:43:00,2109.29,2109.29,2107.57,2107.57,561.0,CMG
2023-05-22 09:42:00,2110.22,2110.26,2110.18,2110.26,1283.0,CMG
2023-05-22 09:41:00,2112.1,2112.1,2112.1,2112.1,405.0,CMG
2023-05-22 09:40:00,2111.125,2111.125,2111.125,2111.125,654.0,CMG
2023-05-22 09:39:00,2110.3793,2110.3793,2110.02,2110.02,1093.0,CMG
2023-05-22 09:38:00,2111.465,2111.465,2111.465,2111.465,1029.0,CMG
2023-05-22 09:37:00,2112.82,2112.82,2111.0,2111.0,1726.0,CMG
2023-05-22 09:36:00,2115.0,2115.0,2113.305,2114.0,964.0,CMG
2023-05-22 09:35:00,2114.01,2114.03,2114.01,2114.03,531.0,CMG
2023-05-22 09:34:00,2113.52,2113.525,2113.5,2113.5,710.0,CMG
2023-05-22 09:33:00,2114.62,2116.54,2114.62,2116.54,1036.0,CMG
2023-05-22 09:32:00,2113.72,2114.625,2113.72,2114.62,1205.0,CMG
2023-05-22 09:31:00,2111.0,2111.02,2107.0,2109.22,6354.0,CMG
2023-05-19 16:18:00,2106.22,2106.22,2106.22,2106.22,100.0,CMG
2023-05-19 16:03:00,2106.22,2106.22,2106.22,2106.22,6322.0,CMG
2023-05-19 15:59:00,2107.96,2107.98,2106.2,2106.71,12288.0,CMG
2023-05-19 15:58:00,2106.78,2108.0,2106.54,2107.96,9913.0,CMG
2023-05-19 15:57:00,2107.575,2108.0,2106.81,2107.47,10326.0,CMG
2023-05-19 15:56:00,2106.83,2107.4,2106.34,2107.4,4742.0,CMG
2023-05-19 15:55:00,2106.04,2106.68,2106.04,2106.68,2335.0,CMG
2023-05-19 15:54:00,2104.81,2106.51,2104.81,2106.07,2339.0,CMG
2023-05-19 15:53:00,2103.42,2104.32,2103.42,2104.32,1519.0,CMG
2023-05-19 15:52:00,2103.99,2103.99,2103.36,2103.51,1520.0,CMG
2023-05-19 15:51:00,2102.35,2103.821,2102.35,2102.9,2446.0,CMG
2023-05-19 15:50:00,2102.44,2102.44,2101.54,2102.153,2620.0,CMG
2023-05-19 15:49:00,2101.48,2102.455,2101.48,2102.455,2329.0,CMG
2023-05-19 15:48:00,2100.62,2100.62,2100.62,2100.62,558.0,CMG
2023-05-19 15:47:00,2100.625,2100.625,2099.94,2099.94,427.0,CMG
2023-05-19 15:46:00,2101.3099,2101.3099,2100.625,2100.625,1748.0,CMG
2023-05-19 15:45:00,2100.0,2101.01,2099.99,2100.64,5715.0,CMG
2023-05-19 15:44:00,2101.0,2101.0,2099.975,2099.975,3591.0,CMG
2023-05-19 15:41:00,2099.97,2099.98,2099.97,2099.98,1927.0,CMG
2023-05-19 15:40:00,2100.66,2100.66,2099.41,2100.52,3954.0,CMG
2023-05-19 15:37:00,2100.72,2100.72,2100.72,2100.72,784.0,CMG
2023-05-19 15:34:00,2099.975,2099.975,2099.975,2099.975,878.0,CMG
2023-05-19 15:33:00,2097.5475,2097.5475,2097.5475,2097.5475,656.0,CMG
2023-05-19 15:32:00,2097.1304,2097.1304,2097.1304,2097.1304,493.0,CMG
2023-05-19 15:31:00,2097.5,2097.5,2097.5,2097.5,674.0,CMG
2023-05-19 15:30:00,2098.04,2098.12,2098.04,2098.12,1443.0,CMG
2023-05-19 15:29:00,2098.87,2098.87,2097.91,2098.5,576.0,CMG
2023-05-19 15:28:00,2098.215,2098.215,2098.215,2098.215,165.0,CMG
2023-05-19 15:27:00,2098.39,2098.39,2098.39,2098.39,294.0,CMG
2023-05-19 15:26:00,2098.83,2098.83,2098.83,2098.83,491.0,CMG
2023-05-19 15:25:00,2099.86,2099.86,2099.86,2099.86,227.0,CMG
2023-05-19 15:24:00,2099.045,2100.74,2099.045,2100.74,1201.0,CMG
2023-05-19 15:23:00,2099.04,2099.04,2099.04,2099.04,552.0,CMG
2023-05-19 15:22:00,2099.07,2099.07,2098.9673,2098.9673,373.0,CMG
2023-05-19 15:18:00,2101.1,2101.1,2100.78,2100.78,1503.0,CMG
2023-05-19 15:16:00,2100.68,2101.345,2100.68,2101.345,892.0,CMG
2023-05-19 15:14:00,2100.86,2100.86,2100.78,2100.83,853.0,CMG
2023-05-19 15:12:00,2100.6,2100.73,2100.6,2100.73,612.0,CMG
2023-05-19 15:11:00,2100.54,2100.58,2100.535,2100.535,2950.0,CMG
2023-05-19 15:10:00,2099.14,2099.14,2099.14,2099.14,130.0,CMG
2023-05-19 15:06:00,2099.46,2099.46,2099.46,2099.46,237.0,CMG
2023-05-19 15:05:00,2100.73,2100.73,2100.54,2100.54,1322.0,CMG
2023-05-19 15:04:00,2102.24,2102.24,2102.24,2102.24,361.0,CMG
2023-05-19 15:03:00,2103.09,2103.09,2102.13,2102.13,810.0,CMG
2023-05-19 15:02:00,2100.98,2100.98,2100.98,2100.98,148.0,CMG
2023-05-19 14:59:00,2101.0,2101.8,2101.0,2101.8,732.0,CMG
2023-05-19 14:58:00,2098.815,2098.815,2098.815,2098.815,1480.0,CMG
2023-05-19 14:56:00,2098.81,2098.81,2098.81,2098.81,214.0,CMG
2023-05-19 14:54:00,2099.49,2099.49,2099.47,2099.47,1039.0,CMG
2023-05-19 14:51:00,2101.145,2101.145,2100.32,2100.32,501.0,CMG
2023-05-19 14:50:00,2099.41,2099.43,2099.41,2099.43,682.0,CMG
2023-05-19 14:48:00,2101.565,2101.565,2101.565,2101.565,468.0,CMG
2023-05-19 14:47:00,2102.625,2102.625,2100.81,2100.81,1418.0,CMG
2023-05-19 14:46:00,2101.6,2101.6,2101.59,2101.59,555.0,CMG
2023-05-19 14:44:00,2101.46,2101.46,2101.46,2101.46,859.0,CMG
2023-05-19 14:43:00,2101.81,2101.81,2100.96,2100.96,1873.0,CMG
2023-05-19 14:42:00,2101.81,2101.81,2101.81,2101.81,173.0,CMG
2023-05-19 14:41:00,2103.565,2103.565,2103.565,2103.565,415.0,CMG
2023-05-19 14:37:00,2102.74,2102.74,2102.74,2102.74,522.0,CMG
2023-05-19 14:31:00,2100.6,2100.6,2100.6,2100.6,128.0,CMG
2023-05-19 14:30:00,2101.1,2101.845,2101.01,2101.01,1058.0,CMG
2023-05-19 14:29:00,2101.02,2101.02,2101.02,2101.02,554.0,CMG
2023-05-19 14:28:00,2101.33,2101.39,2101.33,2101.39,464.0,CMG
2023-05-19 14:27:00,2102.385,2102.665,2102.385,2102.665,459.0,CMG
2023-05-19 14:24:00,2102.075,2102.075,2102.075,2102.075,204.0,CMG
2023-05-19 14:22:00,2102.13,2102.13,2102.13,2102.13,490.0,CMG
2023-05-19 14:19:00,2099.275,2101.025,2099.275,2101.025,864.0,CMG
2023-05-19 14:18:00,2098.36,2098.36,2098.36,2098.36,1394.0,CMG
2023-05-19 14:16:00,2098.085,2098.085,2098.085,2098.085,454.0,CMG
2023-05-19 14:15:00,2099.215,2099.215,2099.01,2099.01,764.0,CMG
2023-05-19 14:14:00,2099.15,2099.15,2098.95,2098.95,509.0,CMG
2023-05-19 14:12:00,2099.985,2099.985,2099.985,2099.985,261.0,CMG
2023-05-19 14:09:00,2099.85,2100.115,2099.85,2100.115,367.0,CMG
2023-05-19 14:08:00,2099.89,2099.89,2099.89,2099.89,891.0,CMG
2023-05-19 14:07:00,2100.585,2100.585,2100.585,2100.585,532.0,CMG
2023-05-19 14:04:00,2100.43,2100.45,2100.29,2100.45,617.0,CMG
2023-05-19 14:02:00,2100.99,2101.0,2100.99,2101.0,1020.0,CMG
2023-05-19 14:01:00,2100.95,2100.95,2100.95,2100.95,329.0,CMG
2023-05-19 13:58:00,2101.141,2101.141,2101.141,2101.141,207.0,CMG
2023-05-19 13:57:00,2101.855,2101.855,2101.855,2101.855,337.0,CMG
2023-05-19 13:52:00,2101.57,2101.57,2101.57,2101.57,264.0,CMG
2023-05-19 13:51:00,2101.65,2101.65,2101.64,2101.64,958.0,CMG
2023-05-19 13:50:00,2103.35,2103.35,2103.35,2103.35,913.0,CMG
2023-05-19 13:48:00,2103.76,2105.29,2103.76,2105.29,2419.0,CMG
2023-05-19 13:47:00,2102.095,2103.62,2102.095,2103.47,1096.0,CMG
2023-05-19 13:46:00,2101.955,2101.955,2101.955,2101.955,176.0,CMG
2023-05-19 13:45:00,2102.02,2102.02,2101.97,2101.97,538.0,CMG
2023-05-19 13:44:00,2102.665,2103.25,2102.64,2102.64,1303.0,CMG
2023-05-19 13:43:00,2102.05,2102.05,2102.05,2102.05,985.0,CMG
2023-05-19 13:38:00,2104.625,2104.625,2104.625,2104.625,136.0,CMG
2023-05-19 13:37:00,2104.905,2104.905,2104.905,2104.905,144.0,CMG
2023-05-19 13:36:00,2105.26,2105.26,2105.1,2105.1,829.0,CMG
2023-05-19 13:33:00,2105.8,2105.8,2105.8,2105.8,287.0,CMG
2023-05-19 13:32:00,2106.8362,2106.8362,2106.0007,2106.0007,711.0,CMG
2023-05-19 13:30:00,2106.5,2106.5,2106.5,2106.5,307.0,CMG
2023-05-19 13:28:00,2107.005,2107.005,2107.005,2107.005,216.0,CMG
2023-05-19 13:26:00,2106.86,2106.86,2106.61,2106.61,869.0,CMG
2023-05-19 13:24:00,2106.925,2106.925,2106.925,2106.925,325.0,CMG
2023-05-19 13:23:00,2106.545,2106.545,2106.545,2106.545,177.0,CMG
2023-05-19 13:15:00,2106.5,2106.69,2106.5,2106.69,983.0,CMG
2023-05-19 13:11:00,2105.83,2105.83,2104.99,2104.99,244.0,CMG
2023-05-19 13:10:00,2105.84,2106.135,2105.22,2106.135,1427.0,CMG
2023-05-19 12:59:00,2108.49,2108.49,2108.49,2108.49,409.0,CMG
2023-05-19 12:56:00,2107.59,2107.59,2107.59,2107.59,1690.0,CMG
2023-05-19 12:55:00,2107.37,2107.37,2106.375,2106.375,863.0,CMG
2023-05-19 12:53:00,2106.215,2106.215,2106.215,2106.215,545.0,CMG
2023-05-19 12:47:00,2105.79,2105.79,2105.79,2105.79,175.0,CMG
2023-05-19 12:45:00,2105.82,2105.82,2105.82,2105.82,550.0,CMG
2023-05-19 12:44:00,2105.39,2106.155,2105.39,2106.155,731.0,CMG
2023-05-19 12:43:00,2105.92,2105.92,2105.92,2105.92,416.0,CMG
2023-05-19 12:37:00,2105.34,2105.34,2105.34,2105.34,122.0,CMG
2023-05-19 12:30:00,2106.045,2106.045,2104.89,2104.89,1393.0,CMG
2023-05-19 12:27:00,2106.175,2106.175,2106.175,2106.175,392.0,CMG
2023-05-19 12:26:00,2105.29,2106.21,2105.29,2106.21,363.0,CMG
2023-05-19 12:24:00,2107.0,2107.0,2106.82,2106.82,753.0,CMG
2023-05-19 12:23:00,2107.245,2108.245,2107.245,2108.245,431.0,CMG
2023-05-19 12:22:00,2108.25,2108.25,2108.25,2108.25,332.0,CMG
2023-05-19 12:20:00,2107.485,2109.31,2107.485,2109.31,829.0,CMG
2023-05-19 12:16:00,2106.11,2106.81,2106.11,2106.81,826.0,CMG
2023-05-19 12:15:00,2108.08,2108.08,2105.34,2105.34,1660.0,CMG
2023-05-19 12:14:00,2108.16,2108.16,2108.16,2108.16,231.0,CMG
2023-05-19 12:11:00,2108.295,2108.295,2106.576,2107.6,1371.0,CMG
2023-05-19 12:08:00,2107.58,2107.58,2107.58,2107.58,174.0,CMG
2023-05-19 12:06:00,2106.3202,2106.3202,2106.3202,2106.3202,269.0,CMG
2023-05-19 12:05:00,2107.65,2107.75,2107.65,2107.75,376.0,CMG
2023-05-19 12:03:00,2107.5,2108.12,2106.99,2108.12,717.0,CMG
2023-05-19 12:02:00,2107.58,2108.19,2107.58,2108.18,340.0,CMG
2023-05-19 12:01:00,2108.59,2108.59,2108.59,2108.59,212.0,CMG
2023-05-19 11:59:00,2107.71,2107.71,2107.71,2107.71,595.0,CMG
2023-05-19 11:56:00,2110.0,2110.0,2110.0,2110.0,1990.0,CMG
2023-05-19 11:55:00,2107.85,2108.2,2107.85,2108.2,1285.0,CMG
2023-05-19 11:54:00,2106.83,2107.28,2106.82,2107.28,1471.0,CMG
2023-05-19 11:53:00,2107.0,2107.32,2107.0,2107.32,739.0,CMG
2023-05-19 11:52:00,2106.27,2106.5089,2106.27,2106.5089,1364.0,CMG
2023-05-19 11:50:00,2105.8,2105.8,2105.8,2105.8,271.0,CMG
2023-05-19 11:49:00,2104.8981,2104.8981,2104.8981,2104.8981,421.0,CMG
2023-05-19 11:48:00,2105.0,2105.0,2105.0,2105.0,558.0,CMG
2023-05-19 11:47:00,2105.0,2105.005,2104.455,2105.005,1046.0,CMG
2023-05-19 11:46:00,2104.33,2104.36,2103.095,2103.095,1196.0,CMG
2023-05-19 11:45:00,2102.05,2102.13,2102.01,2102.01,941.0,CMG
2023-05-19 11:43:00,2100.84,2100.84,2100.84,2100.84,154.0,CMG
2023-05-19 11:41:00,2100.62,2100.62,2100.62,2100.62,1087.0,CMG
2023-05-19 11:38:00,2100.7,2100.7,2099.75,2099.75,1154.0,CMG
2023-05-19 11:36:00,2102.48,2102.48,2102.48,2102.48,264.0,CMG
2023-05-19 11:31:00,2101.21,2101.21,2101.21,2101.21,1321.0,CMG
2023-05-19 11:30:00,2101.0,2101.0,2100.3,2100.3,1489.0,CMG
2023-05-19 11:29:00,2100.5,2100.61,2100.5,2100.61,442.0,CMG
2023-05-19 11:25:00,2103.445,2103.445,2103.445,2103.445,309.0,CMG
2023-05-19 11:24:00,2102.1,2102.1,2102.1,2102.1,258.0,CMG
2023-05-19 11:22:00,2103.05,2103.05,2102.1,2102.1,327.0,CMG
2023-05-19 11:21:00,2103.035,2103.04,2103.035,2103.04,554.0,CMG
2023-05-19 11:18:00,2100.3601,2102.185,2100.3601,2102.185,376.0,CMG
2023-05-19 11:17:00,2102.64,2102.64,2102.64,2102.64,282.0,CMG
2023-05-19 11:13:00,2100.33,2103.67,2100.33,2102.69,1311.0,CMG
2023-05-19 11:08:00,2102.325,2102.7,2102.325,2102.7,560.0,CMG
2023-05-19 11:05:00,2102.5,2102.5,2102.5,2102.5,130.0,CMG
2023-05-19 11:00:00,2103.98,2103.98,2103.785,2103.785,1662.0,CMG
2023-05-19 10:59:00,2098.9,2098.9,2098.9,2098.9,272.0,CMG
2023-05-19 10:55:00,2100.52,2100.52,2100.52,2100.52,147.0,CMG
2023-05-19 10:52:00,2100.43,2100.64,2100.43,2100.64,587.0,CMG
2023-05-19 10:48:00,2099.11,2099.11,2098.93,2098.93,520.0,CMG
2023-05-19 10:47:00,2100.16,2100.16,2100.16,2100.16,824.0,CMG
2023-05-19 10:44:00,2100.27,2100.67,2100.27,2100.67,919.0,CMG
2023-05-19 10:42:00,2101.73,2102.12,2100.41,2101.17,3074.0,CMG
2023-05-19 10:41:00,2101.73,2102.41,2101.73,2101.73,1828.0,CMG
2023-05-19 10:40:00,2101.0,2102.415,2101.0,2102.415,597.0,CMG
2023-05-19 10:37:00,2102.035,2102.035,2101.0,2101.0,363.0,CMG
2023-05-19 10:36:00,2103.19,2103.19,2102.4,2102.72,1055.0,CMG
2023-05-19 10:35:00,2103.81,2103.81,2103.81,2103.81,272.0,CMG
2023-05-19 10:33:00,2104.425,2104.425,2104.42,2104.42,1122.0,CMG
2023-05-19 10:31:00,2103.64,2104.25,2103.4,2104.25,1100.0,CMG
2023-05-19 10:30:00,2104.45,2104.45,2104.43,2104.43,1307.0,CMG
2023-05-19 10:28:00,2104.63,2105.535,2102.45,2105.535,3263.0,CMG
2023-05-19 10:26:00,2105.075,2106.55,2105.075,2105.85,1139.0,CMG
2023-05-19 10:25:00,2105.1,2105.1,2105.1,2105.1,607.0,CMG
2023-05-19 10:23:00,2106.63,2106.63,2105.36,2105.63,2107.0,CMG
2023-05-19 10:20:00,2106.27,2106.27,2106.27,2106.27,689.0,CMG
2023-05-19 10:16:00,2102.525,2104.62,2102.4,2104.62,1745.0,CMG
2023-05-19 10:12:00,2101.855,2101.855,2101.855,2101.855,646.0,CMG
2023-05-19 10:11:00,2099.59,2099.59,2099.59,2099.59,164.0,CMG
2023-05-19 10:07:00,2101.51,2101.51,2100.69,2100.69,516.0,CMG
2023-05-19 10:04:00,2100.87,2100.87,2100.87,2100.87,690.0,CMG
2023-05-19 10:01:00,2100.5,2101.0,2099.0,2100.83,2502.0,CMG
2023-05-19 10:00:00,2101.61,2101.61,2101.61,2101.61,1291.0,CMG
2023-05-19 09:59:00,2101.26,2101.26,2100.67,2100.67,640.0,CMG
2023-05-19 09:58:00,2102.75,2102.75,2102.75,2102.75,560.0,CMG
2023-05-19 09:57:00,2102.1664,2102.1664,2102.1664,2102.1664,658.0,CMG
2023-05-19 09:56:00,2104.245,2104.245,2102.65,2103.26,1110.0,CMG
2023-05-19 09:54:00,2103.42,2103.42,2103.42,2103.42,276.0,CMG
2023-05-19 09:52:00,2107.01,2107.01,2103.8,2103.8,972.0,CMG
2023-05-19 09:51:00,2105.595,2105.595,2105.595,2105.595,1313.0,CMG
2023-05-19 09:49:00,2107.5299,2107.5299,2107.5299,2107.5299,624.0,CMG
2023-05-19 09:48:00,2105.97,2105.97,2105.97,2105.97,531.0,CMG
2023-05-19 09:45:00,2103.22,2103.22,2103.22,2103.22,258.0,CMG
2023-05-19 09:44:00,2105.7588,2105.7588,2103.79,2103.79,1557.0,CMG
2023-05-19 09:38:00,2099.99,2099.99,2099.99,2099.99,599.0,CMG
2023-05-19 09:37:00,2098.5,2102.22,2098.5,2100.4,5999.0,CMG
2023-05-19 09:34:00,2095.01,2095.01,2094.96,2094.96,799.0,CMG
2023-05-19 09:32:00,2097.0,2097.0,2097.0,2097.0,369.0,CMG
2023-05-19 09:31:00,2095.05,2095.05,2093.55,2093.55,1457.0,CMG
2023-05-19 09:30:00,2093.4,2093.4,2093.4,2093.4,4332.0,CMG
2023-05-18 16:13:00,2095.87,2095.87,2095.87,2095.87,250.0,CMG
2023-05-18 16:03:00,2095.87,2095.87,2095.87,2095.87,1457.0,CMG
2023-05-18 15:59:00,2095.0,2096.3,2094.18,2095.16,8711.0,CMG
2023-05-18 15:58:00,2092.95,2093.99,2092.95,2093.99,6762.0,CMG
2023-05-18 15:57:00,2092.57,2093.025,2091.92,2092.95,4308.0,CMG
2023-05-18 15:56:00,2092.365,2093.985,2091.26,2093.87,7420.0,CMG
2023-05-18 15:55:00,2091.37,2092.79,2091.37,2092.61,4969.0,CMG
2023-05-18 15:54:00,2091.74,2092.4831,2090.8,2091.4,5609.0,CMG
2023-05-18 15:53:00,2093.01,2093.01,2093.01,2093.01,2305.0,CMG
2023-05-18 15:52:00,2094.11,2094.22,2093.21,2093.26,2716.0,CMG
2023-05-18 15:51:00,2093.93,2094.6,2093.93,2094.22,1746.0,CMG
2023-05-18 15:50:00,2093.04,2093.94,2093.04,2093.94,2333.0,CMG
2023-05-18 15:49:00,2090.15,2091.765,2090.15,2091.765,2067.0,CMG
2023-05-18 15:48:00,2088.44,2090.18,2088.44,2090.18,1615.0,CMG
2023-05-18 15:47:00,2090.8,2091.555,2090.24,2090.3572,1677.0,CMG
2023-05-18 15:46:00,2089.35,2089.35,2089.35,2089.35,1397.0,CMG
2023-05-18 15:45:00,2085.79,2088.03,2085.79,2086.69,2220.0,CMG
2023-05-18 15:44:00,2085.67,2085.69,2085.67,2085.69,3185.0,CMG
2023-05-18 15:43:00,2084.48,2084.575,2084.08,2084.575,1297.0,CMG
2023-05-18 15:41:00,2086.38,2086.38,2086.06,2086.06,1874.0,CMG
2023-05-18 15:40:00,2086.52,2086.52,2086.52,2086.52,1205.0,CMG
2023-05-18 15:39:00,2086.27,2086.27,2086.27,2086.27,797.0,CMG
2023-05-18 15:38:00,2087.67,2088.19,2087.67,2088.19,1402.0,CMG
2023-05-18 15:36:00,2086.29,2087.77,2086.29,2087.77,2317.0,CMG
2023-05-18 15:35:00,2091.71,2091.71,2087.61,2089.55,4994.0,CMG
2023-05-18 15:32:00,2092.49,2092.49,2092.49,2092.49,378.0,CMG
2023-05-18 15:28:00,2093.36,2093.36,2093.36,2093.36,652.0,CMG
2023-05-18 15:24:00,2093.27,2093.27,2092.74,2092.74,847.0,CMG
2023-05-18 15:23:00,2094.04,2094.04,2093.19,2093.19,1824.0,CMG
2023-05-18 15:20:00,2095.9199,2095.9199,2095.9199,2095.9199,617.0,CMG
2023-05-18 15:19:00,2094.645,2094.98,2093.43,2093.43,5499.0,CMG
2023-05-18 15:18:00,2093.89,2094.14,2093.89,2094.0,1460.0,CMG
2023-05-18 15:15:00,2092.85,2092.85,2092.85,2092.85,317.0,CMG
2023-05-18 15:14:00,2093.435,2093.435,2092.0907,2092.0907,1068.0,CMG
2023-05-18 15:13:00,2092.43,2094.025,2092.43,2094.025,2162.0,CMG
2023-05-18 15:12:00,2092.695,2092.695,2092.695,2092.695,440.0,CMG
2023-05-18 15:08:00,2093.7,2093.7,2093.7,2093.7,311.0,CMG
2023-05-18 15:05:00,2093.16,2093.175,2093.16,2093.175,839.0,CMG
2023-05-18 15:02:00,2094.04,2094.04,2094.04,2094.04,792.0,CMG
2023-05-18 15:00:00,2094.05,2094.05,2094.04,2094.04,924.0,CMG
2023-05-18 14:58:00,2094.22,2094.98,2094.22,2094.98,692.0,CMG
2023-05-18 14:57:00,2094.885,2095.02,2094.885,2095.01,1892.0,CMG
2023-05-18 14:55:00,2094.62,2094.62,2094.62,2094.62,850.0,CMG
2023-05-18 14:54:00,2095.2,2095.2,2093.5,2093.5,2305.0,CMG
2023-05-18 14:51:00,2093.68,2094.83,2093.68,2094.83,413.0,CMG
2023-05-18 14:50:00,2094.5,2094.5,2094.5,2094.5,1053.0,CMG
2023-05-18 14:47:00,2093.94,2093.94,2093.89,2093.89,1144.0,CMG
2023-05-18 14:45:00,2092.36,2092.805,2092.36,2092.805,963.0,CMG
2023-05-18 14:44:00,2092.36,2092.36,2092.36,2092.36,643.0,CMG
2023-05-18 14:43:00,2092.315,2092.315,2092.315,2092.315,395.0,CMG
2023-05-18 14:42:00,2091.72,2091.72,2091.72,2091.72,1328.0,CMG
2023-05-18 14:37:00,2090.52,2090.52,2090.52,2090.52,402.0,CMG
2023-05-18 14:36:00,2089.86,2091.965,2089.8,2090.21,2559.0,CMG
2023-05-18 14:35:00,2088.88,2088.88,2088.805,2088.805,726.0,CMG
2023-05-18 14:33:00,2088.83,2088.83,2088.83,2088.83,391.0,CMG
2023-05-18 14:31:00,2087.97,2088.585,2087.95,2088.585,1898.0,CMG
2023-05-18 14:30:00,2088.67,2088.675,2087.73,2088.52,1784.0,CMG
2023-05-18 14:26:00,2089.86,2089.86,2089.86,2089.86,616.0,CMG
2023-05-18 14:24:00,2087.975,2087.975,2087.975,2087.975,430.0,CMG
2023-05-18 14:23:00,2087.89,2087.89,2087.89,2087.89,464.0,CMG
2023-05-18 14:22:00,2087.635,2087.89,2087.635,2087.89,560.0,CMG
2023-05-18 14:21:00,2087.62,2087.62,2087.62,2087.62,324.0,CMG
2023-05-18 14:20:00,2087.37,2087.37,2087.37,2087.37,366.0,CMG
2023-05-18 14:19:00,2085.72,2086.85,2085.45,2085.89,3337.0,CMG
2023-05-18 14:18:00,2084.24,2084.24,2084.24,2084.24,318.0,CMG
2023-05-18 14:16:00,2084.15,2084.15,2084.15,2084.15,300.0,CMG
2023-05-18 14:15:00,2084.16,2084.29,2084.16,2084.29,883.0,CMG
2023-05-18 14:14:00,2082.68,2082.68,2082.68,2082.68,913.0,CMG
2023-05-18 14:13:00,2083.36,2083.36,2083.25,2083.25,1023.0,CMG
2023-05-18 14:12:00,2083.135,2084.19,2083.135,2084.19,1210.0,CMG
2023-05-18 14:11:00,2082.865,2082.865,2081.83,2082.25,2455.0,CMG
2023-05-18 14:08:00,2082.405,2082.405,2082.4,2082.4,1155.0,CMG
2023-05-18 14:07:00,2082.21,2082.21,2082.21,2082.21,706.0,CMG
2023-05-18 14:05:00,2082.115,2082.115,2082.115,2082.115,451.0,CMG
2023-05-18 14:03:00,2079.97,2081.52,2079.97,2080.895,2968.0,CMG
2023-05-18 14:01:00,2079.0,2079.0,2079.0,2079.0,727.0,CMG
2023-05-18 13:58:00,2077.34,2077.34,2075.52,2075.52,915.0,CMG
2023-05-18 13:55:00,2078.86,2079.32,2078.86,2079.32,866.0,CMG
2023-05-18 13:48:00,2079.79,2079.79,2079.79,2079.79,232.0,CMG
2023-05-18 13:47:00,2078.585,2078.585,2078.585,2078.585,537.0,CMG
2023-05-18 13:46:00,2079.2025,2079.53,2078.6,2078.6,735.0,CMG
2023-05-18 13:45:00,2078.35,2078.98,2078.35,2078.98,721.0,CMG
2023-05-18 13:42:00,2079.799,2079.799,2079.0,2079.0,474.0,CMG
2023-05-18 13:41:00,2078.8751,2078.8751,2078.79,2078.79,431.0,CMG
2023-05-18 13:39:00,2079.81,2080.175,2079.81,2080.175,317.0,CMG
2023-05-18 13:38:00,2079.99,2079.99,2079.99,2079.99,505.0,CMG
2023-05-18 13:37:00,2080.5,2080.5,2080.5,2080.5,389.0,CMG
2023-05-18 13:36:00,2079.99,2079.99,2079.99,2079.99,238.0,CMG
2023-05-18 13:33:00,2080.07,2080.58,2079.72,2080.44,1926.0,CMG
2023-05-18 13:32:00,2078.505,2079.67,2078.505,2079.67,590.0,CMG
2023-05-18 13:31:00,2079.64,2079.66,2079.64,2079.66,1171.0,CMG
2023-05-18 13:29:00,2078.49,2078.49,2078.47,2078.47,1894.0,CMG
2023-05-18 13:28:00,2078.8,2078.8,2077.98,2077.98,1519.0,CMG
2023-05-18 13:26:00,2079.225,2079.225,2079.225,2079.225,660.0,CMG
2023-05-18 13:23:00,2079.365,2079.365,2079.365,2079.365,519.0,CMG
2023-05-18 13:18:00,2079.21,2079.25,2078.815,2078.815,1091.0,CMG
2023-05-18 13:16:00,2079.28,2080.16,2079.28,2079.57,945.0,CMG
2023-05-18 13:14:00,2079.11,2079.11,2079.11,2079.11,585.0,CMG
2023-05-18 13:13:00,2079.035,2079.035,2079.035,2079.035,434.0,CMG
2023-05-18 13:11:00,2079.08,2079.08,2079.08,2079.08,337.0,CMG
2023-05-18 13:10:00,2078.4,2078.4,2078.4,2078.4,616.0,CMG
2023-05-18 13:08:00,2078.45,2078.45,2078.45,2078.45,511.0,CMG
2023-05-18 13:06:00,2078.44,2080.31,2078.44,2080.31,415.0,CMG
2023-05-18 13:05:00,2077.97,2077.97,2077.97,2077.97,1017.0,CMG
2023-05-18 13:02:00,2080.27,2080.27,2080.27,2080.27,567.0,CMG
2023-05-18 13:00:00,2080.66,2080.66,2080.66,2080.66,426.0,CMG
2023-05-18 12:59:00,2080.545,2080.545,2080.545,2080.545,235.0,CMG
2023-05-18 12:58:00,2080.7399,2080.7399,2080.7399,2080.7399,1682.0,CMG
2023-05-18 12:50:00,2080.0,2080.01,2080.0,2080.01,428.0,CMG
2023-05-18 12:47:00,2080.42,2080.42,2080.42,2080.42,260.0,CMG
2023-05-18 12:46:00,2079.96,2080.2,2079.96,2080.2,1185.0,CMG
2023-05-18 12:43:00,2078.09,2078.09,2078.02,2078.02,548.0,CMG
2023-05-18 12:42:00,2078.63,2078.63,2078.61,2078.61,1524.0,CMG
2023-05-18 12:40:00,2080.54,2080.54,2080.54,2080.54,1189.0,CMG
2023-05-18 12:36:00,2081.44,2081.44,2081.44,2081.44,589.0,CMG
2023-05-18 12:34:00,2081.86,2082.0,2081.86,2082.0,1384.0,CMG
2023-05-18 12:30:00,2080.12,2081.12,2080.12,2081.12,1536.0,CMG
2023-05-18 12:25:00,2080.935,2080.935,2079.87,2079.87,843.0,CMG
2023-05-18 12:23:00,2082.3355,2082.3355,2082.3355,2082.3355,792.0,CMG
2023-05-18 12:17:00,2081.98,2081.98,2081.98,2081.98,195.0,CMG
2023-05-18 12:15:00,2080.895,2080.895,2080.895,2080.895,330.0,CMG
2023-05-18 12:10:00,2082.27,2084.69,2082.27,2084.69,422.0,CMG
2023-05-18 12:08:00,2082.74,2083.59,2082.74,2083.59,805.0,CMG
2023-05-18 12:05:00,2083.495,2083.495,2083.0,2083.0,267.0,CMG
2023-05-18 12:04:00,2082.115,2082.115,2082.115,2082.115,845.0,CMG
2023-05-18 12:02:00,2080.92,2082.33,2080.92,2082.31,1381.0,CMG
2023-05-18 12:01:00,2080.09,2080.09,2080.09,2080.09,161.0,CMG
2023-05-18 11:57:00,2080.01,2080.01,2079.13,2079.13,1426.0,CMG
2023-05-18 11:56:00,2082.225,2082.225,2082.225,2082.225,450.0,CMG
2023-05-18 11:53:00,2082.28,2083.43,2082.28,2083.43,737.0,CMG
2023-05-18 11:52:00,2083.21,2083.21,2083.21,2083.21,593.0,CMG
2023-05-18 11:49:00,2085.045,2085.045,2084.39,2084.39,1440.0,CMG
2023-05-18 11:48:00,2084.955,2085.03,2084.955,2085.03,928.0,CMG
2023-05-18 11:47:00,2084.805,2085.61,2084.805,2085.61,416.0,CMG
2023-05-18 11:46:00,2084.74,2084.74,2084.74,2084.74,588.0,CMG
2023-05-18 11:44:00,2082.11,2082.18,2081.96,2082.165,2247.0,CMG
2023-05-18 11:42:00,2081.19,2081.51,2080.3025,2080.4458,899.0,CMG
2023-05-18 11:37:00,2080.28,2080.28,2080.28,2080.28,471.0,CMG
2023-05-18 11:34:00,2081.0,2081.0,2080.71,2080.71,773.0,CMG
2023-05-18 11:30:00,2078.11,2078.11,2078.11,2078.11,921.0,CMG
2023-05-18 11:28:00,2078.085,2078.085,2078.085,2078.085,247.0,CMG
2023-05-18 11:20:00,2077.93,2077.93,2077.93,2077.93,1459.0,CMG
2023-05-18 11:19:00,2076.395,2076.395,2076.395,2076.395,287.0,CMG
2023-05-18 11:18:00,2076.82,2076.82,2076.82,2076.82,435.0,CMG
2023-05-18 11:17:00,2078.01,2078.01,2078.01,2078.01,394.0,CMG
2023-05-18 11:15:00,2081.41,2081.41,2079.3,2079.3,587.0,CMG
2023-05-18 11:12:00,2078.95,2079.375,2078.95,2079.375,228.0,CMG
2023-05-18 11:11:00,2080.23,2080.23,2080.23,2080.23,644.0,CMG
2023-05-18 11:10:00,2081.91,2081.91,2081.04,2081.1,1333.0,CMG
2023-05-18 11:09:00,2080.68,2080.68,2080.68,2080.68,643.0,CMG
2023-05-18 11:08:00,2080.73,2081.21,2080.73,2081.21,378.0,CMG
2023-05-18 11:04:00,2083.34,2083.34,2082.24,2082.24,841.0,CMG
2023-05-18 11:03:00,2083.9999,2083.9999,2083.9999,2083.9999,590.0,CMG
2023-05-18 11:02:00,2078.99,2083.9527,2078.99,2083.115,8194.0,CMG
2023-05-18 11:01:00,2076.15,2078.0,2076.15,2078.0,3533.0,CMG
2023-05-18 11:00:00,2076.57,2076.57,2076.57,2076.57,399.0,CMG
2023-05-18 10:58:00,2075.885,2076.0,2075.885,2076.0,1347.0,CMG
2023-05-18 10:56:00,2074.52,2074.52,2074.01,2074.01,547.0,CMG
2023-05-18 10:55:00,2075.355,2075.355,2075.345,2075.345,624.0,CMG
2023-05-18 10:52:00,2074.78,2074.78,2074.29,2074.29,342.0,CMG
2023-05-18 10:47:00,2074.06,2075.02,2074.0,2074.0,971.0,CMG
2023-05-18 10:45:00,2069.815,2071.92,2069.815,2071.92,1682.0,CMG
2023-05-18 10:44:00,2071.29,2071.29,2071.29,2071.29,618.0,CMG
2023-05-18 10:40:00,2073.115,2073.115,2073.115,2073.115,233.0,CMG
2023-05-18 10:38:00,2075.3,2075.3,2073.86,2073.86,670.0,CMG
2023-05-18 10:36:00,2075.36,2075.36,2075.36,2075.36,425.0,CMG
2023-05-18 10:35:00,2076.96,2076.96,2075.63,2076.41,1424.0,CMG
2023-05-18 10:31:00,2077.8566,2077.8566,2077.2,2077.2,1204.0,CMG
2023-05-18 10:29:00,2076.88,2076.88,2076.83,2076.83,686.0,CMG
2023-05-18 10:27:00,2076.475,2076.75,2076.475,2076.48,1422.0,CMG
2023-05-18 10:26:00,2076.345,2077.37,2076.345,2076.425,1263.0,CMG
2023-05-18 10:25:00,2075.91,2075.91,2075.91,2075.91,613.0,CMG
2023-05-18 10:19:00,2070.47,2071.0,2070.47,2071.0,1116.0,CMG
2023-05-18 10:18:00,2070.295,2070.295,2070.295,2070.295,269.0,CMG
2023-05-18 10:17:00,2070.0,2070.0,2070.0,2070.0,860.0,CMG
2023-05-18 10:15:00,2068.92,2068.92,2068.725,2068.725,1217.0,CMG
2023-05-18 10:14:00,2069.61,2069.61,2069.15,2069.15,2419.0,CMG
2023-05-18 10:11:00,2068.3,2068.555,2068.3,2068.555,345.0,CMG
2023-05-18 10:09:00,2067.6499,2068.275,2067.6499,2068.275,2233.0,CMG
2023-05-18 10:06:00,2064.92,2065.04,2064.92,2065.04,1100.0,CMG
2023-05-18 10:05:00,2064.92,2064.92,2063.45,2063.45,382.0,CMG
2023-05-18 10:03:00,2063.0,2063.0,2062.37,2062.37,1418.0,CMG
2023-05-18 10:02:00,2059.4401,2062.67,2059.4401,2062.67,1216.0,CMG
2023-05-18 10:01:00,2059.93,2060.425,2059.93,2060.425,1259.0,CMG
2023-05-18 10:00:00,2057.84,2057.84,2057.84,2057.84,258.0,CMG
2023-05-18 09:59:00,2057.9356,2057.9356,2057.9356,2057.9356,148.0,CMG
2023-05-18 09:58:00,2057.01,2057.62,2057.0,2057.0,1169.0,CMG
2023-05-18 09:57:00,2058.27,2058.27,2058.01,2058.01,415.0,CMG
2023-05-18 09:55:00,2057.04,2057.98,2057.04,2057.835,829.0,CMG
2023-05-18 09:46:00,2064.47,2064.47,2064.47,2064.47,182.0,CMG
2023-05-18 09:44:00,2065.665,2065.665,2065.665,2065.665,360.0,CMG
2023-05-18 09:43:00,2062.04,2062.04,2062.0,2062.0,625.0,CMG
2023-05-18 09:42:00,2062.0,2062.0,2062.0,2062.0,301.0,CMG
2023-05-18 09:41:00,2066.22,2066.22,2066.22,2066.22,527.0,CMG
2023-05-18 09:39:00,2068.22,2068.22,2064.32,2064.35,3210.0,CMG
2023-05-18 09:38:00,2071.09,2071.09,2071.09,2071.09,318.0,CMG
2023-05-18 09:37:00,2067.51,2067.51,2067.51,2067.51,247.0,CMG
2023-05-18 09:36:00,2065.37,2068.0,2065.37,2068.0,444.0,CMG
2023-05-18 09:35:00,2067.115,2067.115,2065.6861,2065.6861,616.0,CMG
2023-05-18 09:34:00,2062.85,2063.13,2062.85,2063.13,404.0,CMG
2023-05-18 09:31:00,2064.51,2064.51,2064.51,2064.51,124.0,CMG
2023-05-18 09:30:00,2060.8,2060.8,2058.0,2058.0,2250.0,CMG
