date,1. open,2. high,3. low,4. close,5. volume,Ticker
2023-06-28 19:00:00,3.038,3.038,3.038,3.038,100.0,CNF
2023-06-28 18:30:00,3.038,3.038,3.038,3.038,100.0,CNF
2023-06-28 16:10:00,3.038,3.038,3.038,3.038,100.0,CNF
2023-06-28 16:00:00,3.038,3.038,2.97,3.038,210.0,CNF
2023-06-28 15:59:00,2.95,3.04,2.94,3.038,851.0,CNF
2023-06-28 15:58:00,2.94,2.95,2.94,2.95,200.0,CNF
2023-06-28 15:57:00,2.97,2.97,2.97,2.97,116.0,CNF
2023-06-28 15:52:00,3.015,3.015,3.015,3.015,100.0,CNF
2023-06-28 15:48:00,3.02,3.02,3.02,3.02,100.0,CNF
2023-06-28 15:44:00,3.02,3.02,3.02,3.02,100.0,CNF
2023-06-28 15:42:00,3.02,3.02,3.02,3.02,589.0,CNF
2023-06-28 15:40:00,3.02,3.02,3.02,3.02,100.0,CNF
2023-06-28 15:36:00,3.02,3.02,3.02,3.02,100.0,CNF
2023-06-28 15:32:00,3.02,3.02,3.02,3.02,519.0,CNF
2023-06-28 15:31:00,3.04,3.05,3.01,3.05,2256.0,CNF
2023-06-28 15:28:00,3.025,3.025,3.025,3.025,100.0,CNF
2023-06-28 15:24:00,3.025,3.025,3.025,3.025,100.0,CNF
2023-06-28 15:20:00,3.025,3.025,3.025,3.025,280.0,CNF
2023-06-28 15:12:00,3.02,3.02,3.02,3.02,100.0,CNF
2023-06-28 15:08:00,3.02,3.02,3.02,3.02,100.0,CNF
2023-06-28 15:04:00,3.02,3.02,3.02,3.02,100.0,CNF
2023-06-28 15:00:00,3.03,3.03,3.03,3.03,100.0,CNF
2023-06-28 14:57:00,3.025,3.025,3.025,3.025,151.0,CNF
2023-06-28 14:53:00,3.02,3.02,3.02,3.02,100.0,CNF
2023-06-28 14:49:00,3.02,3.02,3.02,3.02,100.0,CNF
2023-06-28 14:45:00,3.02,3.02,3.02,3.02,100.0,CNF
2023-06-28 14:41:00,3.015,3.015,3.015,3.015,100.0,CNF
2023-06-28 14:37:00,3.015,3.015,3.015,3.015,100.0,CNF
2023-06-28 14:33:00,3.015,3.015,3.015,3.015,144.0,CNF
2023-06-28 14:26:00,3.015,3.015,2.99,2.99,2000.0,CNF
2023-06-28 14:25:00,3.04,3.04,3.015,3.015,2100.0,CNF
2023-06-28 14:22:00,3.015,3.015,2.99,2.99,2533.0,CNF
2023-06-28 14:21:00,3.015,3.015,3.015,3.015,100.0,CNF
2023-06-28 14:19:00,3.01,3.01,3.01,3.01,2446.0,CNF
2023-06-28 14:18:00,3.01,3.01,3.01,3.01,2761.0,CNF
2023-06-28 14:17:00,3.04,3.04,3.01,3.01,200.0,CNF
2023-06-28 14:13:00,3.04,3.04,3.04,3.04,200.0,CNF
2023-06-28 14:10:00,3.04,3.04,3.04,3.04,100.0,CNF
2023-06-28 14:08:00,3.035,3.04,3.025,3.025,800.0,CNF
2023-06-28 14:06:00,2.995,3.015,2.995,3.015,1200.0,CNF
2023-06-28 14:05:00,3.02,3.02,2.995,2.995,1244.0,CNF
2023-06-28 14:03:00,3.005,3.005,3.005,3.005,100.0,CNF
2023-06-28 14:01:00,3.005,3.01,3.005,3.01,200.0,CNF
2023-06-28 14:00:00,3.005,3.005,3.005,3.005,400.0,CNF
2023-06-28 13:57:00,3.005,3.01,3.005,3.01,200.0,CNF
2023-06-28 13:54:00,3.01,3.01,3.01,3.01,100.0,CNF
2023-06-28 13:49:00,3.01,3.01,2.98,2.99,3256.0,CNF
2023-06-28 13:42:00,3.0,3.0,2.97,3.0,3703.0,CNF
2023-06-28 13:38:00,3.0,3.0,3.0,3.0,100.0,CNF
2023-06-28 13:34:00,3.0,3.0,3.0,3.0,100.0,CNF
2023-06-28 13:26:00,3.0,3.0,3.0,3.0,200.0,CNF
2023-06-28 13:22:00,3.0,3.0,3.0,3.0,200.0,CNF
2023-06-28 13:18:00,3.0,3.0,3.0,3.0,200.0,CNF
2023-06-28 13:14:00,3.0,3.0,3.0,3.0,100.0,CNF
2023-06-28 13:10:00,3.0,3.0,3.0,3.0,100.0,CNF
2023-06-28 13:06:00,3.0,3.0,3.0,3.0,100.0,CNF
2023-06-28 13:03:00,2.99,3.0,2.99,3.0,695.0,CNF
2023-06-28 13:02:00,2.99,2.99,2.99,2.99,100.0,CNF
2023-06-28 12:51:00,2.975,2.975,2.975,2.975,100.0,CNF
2023-06-28 12:47:00,2.99,2.99,2.99,2.99,100.0,CNF
2023-06-28 12:43:00,2.99,2.99,2.99,2.99,100.0,CNF
2023-06-28 12:31:00,2.98,2.98,2.98,2.98,100.0,CNF
2023-06-28 12:27:00,2.98,2.98,2.98,2.98,100.0,CNF
2023-06-28 12:23:00,2.98,2.98,2.98,2.98,100.0,CNF
2023-06-28 12:19:00,2.98,2.98,2.98,2.98,100.0,CNF
2023-06-28 12:15:00,2.98,2.98,2.98,2.98,100.0,CNF
2023-06-28 12:11:00,2.95,2.95,2.95,2.95,100.0,CNF
2023-06-28 12:07:00,2.95,2.95,2.95,2.95,100.0,CNF
2023-06-28 12:03:00,2.95,2.95,2.95,2.95,100.0,CNF
2023-06-28 11:59:00,2.95,2.95,2.95,2.95,100.0,CNF
2023-06-28 11:55:00,2.94,2.94,2.94,2.94,100.0,CNF
2023-06-28 11:51:00,2.94,2.94,2.94,2.94,100.0,CNF
2023-06-28 11:48:00,2.94,2.94,2.94,2.94,100.0,CNF
2023-06-28 11:36:00,2.94,2.94,2.94,2.94,100.0,CNF
2023-06-28 11:28:00,2.94,2.94,2.94,2.94,100.0,CNF
2023-06-28 11:20:00,2.94,2.94,2.94,2.94,100.0,CNF
2023-06-28 11:16:00,2.94,2.94,2.94,2.94,100.0,CNF
2023-06-28 11:00:00,2.94,2.94,2.94,2.94,100.0,CNF
2023-06-28 10:52:00,2.94,2.94,2.94,2.94,200.0,CNF
2023-06-28 10:45:00,2.94,2.94,2.94,2.94,200.0,CNF
2023-06-28 10:40:00,2.91,2.91,2.91,2.91,420.0,CNF
2023-06-28 10:37:00,2.94,2.94,2.94,2.94,200.0,CNF
2023-06-28 10:29:00,2.927,2.927,2.928,2.928,200.0,CNF
2023-06-28 10:17:00,2.93,2.93,2.93,2.93,284.0,CNF
2023-06-28 10:09:00,2.93,2.93,2.93,2.93,186.0,CNF
2023-06-28 10:01:00,2.94,2.94,2.94,2.94,100.0,CNF
2023-06-28 10:00:00,2.94,2.94,2.94,2.94,200.0,CNF
2023-06-28 09:59:00,2.93,2.93,2.93,2.93,100.0,CNF
2023-06-28 09:56:00,2.95,2.95,2.94,2.94,365.0,CNF
2023-06-28 09:48:00,2.95,2.95,2.95,2.95,100.0,CNF
2023-06-28 09:47:00,2.95,2.96,2.95,2.96,200.0,CNF
2023-06-28 09:46:00,2.96,2.96,2.869,2.869,2720.0,CNF
2023-06-28 09:45:00,2.98,2.98,2.95,2.95,900.0,CNF
2023-06-28 09:40:00,2.9,2.988,2.9,2.96,1201.0,CNF
2023-06-28 09:38:00,2.95,2.95,2.95,2.95,900.0,CNF
2023-06-28 09:37:00,2.925,2.925,2.925,2.925,200.0,CNF
2023-06-28 09:35:00,2.832,2.973,2.83,2.973,2300.0,CNF
2023-06-28 09:34:00,2.91,2.915,2.91,2.915,1200.0,CNF
2023-06-28 09:33:00,2.93,2.93,2.915,2.915,400.0,CNF
2023-06-27 19:00:00,2.996,2.996,2.996,2.996,100.0,CNF
2023-06-27 18:30:00,2.996,2.996,2.996,2.996,100.0,CNF
2023-06-27 16:10:00,2.996,2.996,2.996,2.996,100.0,CNF
2023-06-27 16:00:00,2.996,2.996,2.98,2.996,303.0,CNF
2023-06-27 15:59:00,2.99,3.0,2.99,2.996,1300.0,CNF
2023-06-27 15:58:00,2.99,3.0,2.99,3.0,1748.0,CNF
2023-06-27 15:56:00,2.97,2.97,2.97,2.97,194.0,CNF
2023-06-27 15:54:00,3.0,3.0,3.0,3.0,200.0,CNF
2023-06-27 15:53:00,2.97,3.0,2.97,3.0,339.0,CNF
2023-06-27 15:36:00,3.0,3.0,3.0,3.0,300.0,CNF
2023-06-27 15:35:00,3.0,3.0,3.0,3.0,463.0,CNF
2023-06-27 15:27:00,2.98,2.98,2.98,2.98,357.0,CNF
2023-06-27 14:11:00,2.95,2.95,2.95,2.95,882.0,CNF
2023-06-27 14:10:00,2.94,3.0,2.91,2.945,2345.0,CNF
2023-06-27 13:26:00,2.97,2.97,2.94,2.97,4096.0,CNF
2023-06-27 13:00:00,2.98,3.0,2.97,3.0,2622.0,CNF
2023-06-27 11:41:00,2.98,2.98,2.98,2.98,135.0,CNF
2023-06-27 10:38:00,2.98,2.98,2.96,2.96,261.0,CNF
2023-06-27 10:34:00,2.97,2.97,2.97,2.97,100.0,CNF
2023-06-27 10:30:00,2.97,2.97,2.97,2.97,100.0,CNF
2023-06-27 10:22:00,2.97,2.97,2.97,2.97,193.0,CNF
2023-06-27 10:15:00,2.97,2.97,2.96,2.96,400.0,CNF
2023-06-27 10:14:00,2.98,2.98,2.98,2.98,100.0,CNF
2023-06-27 10:10:00,2.98,2.98,2.98,2.98,100.0,CNF
2023-06-27 10:07:00,2.98,2.98,2.98,2.98,100.0,CNF
2023-06-27 10:03:00,2.985,2.985,2.985,2.985,100.0,CNF
2023-06-27 09:59:00,2.985,2.985,2.985,2.985,100.0,CNF
2023-06-27 09:51:00,2.985,2.985,2.985,2.985,100.0,CNF
2023-06-27 09:43:00,2.985,2.985,2.985,2.985,100.0,CNF
2023-06-27 09:41:00,2.998,2.998,2.96,2.96,300.0,CNF
2023-06-27 09:40:00,2.95,2.95,2.95,2.95,440.0,CNF
2023-06-27 09:39:00,2.99,2.99,2.99,2.99,660.0,CNF
2023-06-27 09:35:00,3.01,3.01,3.01,3.01,100.0,CNF
2023-06-27 09:33:00,2.95,2.95,2.93,2.93,400.0,CNF
2023-06-26 19:00:00,2.987,2.987,2.987,2.987,100.0,CNF
2023-06-26 18:30:00,2.987,2.987,2.987,2.987,100.0,CNF
2023-06-26 16:10:00,2.987,2.987,2.987,2.987,100.0,CNF
2023-06-26 16:00:00,2.987,2.99,2.9,2.987,242.0,CNF
2023-06-26 15:59:00,2.94,2.996,2.9,2.987,1128.0,CNF
2023-06-26 15:56:00,2.97,2.97,2.95,2.95,548.0,CNF
2023-06-26 15:54:00,3.01,3.01,3.01,3.01,153.0,CNF
2023-06-26 15:50:00,2.985,2.985,2.985,2.985,100.0,CNF
2023-06-26 15:42:00,3.0,3.0,3.0,3.0,100.0,CNF
2023-06-26 15:39:00,3.0,3.0,3.0,3.0,100.0,CNF
2023-06-26 15:35:00,3.01,3.01,3.01,3.01,100.0,CNF
2023-06-26 15:31:00,3.01,3.01,3.01,3.01,100.0,CNF
2023-06-26 15:19:00,3.01,3.01,3.01,3.01,100.0,CNF
2023-06-26 15:11:00,3.01,3.01,3.01,3.01,100.0,CNF
2023-06-26 15:07:00,3.01,3.01,3.01,3.01,100.0,CNF
2023-06-26 14:56:00,2.99,2.99,2.99,2.99,100.0,CNF
2023-06-26 14:52:00,3.0,3.0,3.0,3.0,1047.0,CNF
2023-06-26 14:48:00,3.0,3.0,3.0,3.0,100.0,CNF
2023-06-26 14:40:00,3.0,3.0,3.0,3.0,100.0,CNF
2023-06-26 14:36:00,3.0,3.0,3.0,3.0,100.0,CNF
2023-06-26 14:28:00,3.0,3.0,3.0,3.0,100.0,CNF
2023-06-26 14:24:00,3.0,3.0,3.0,3.0,100.0,CNF
2023-06-26 14:20:00,3.0,3.0,3.0,3.0,100.0,CNF
2023-06-26 14:17:00,3.0,3.0,3.0,3.0,100.0,CNF
2023-06-26 14:13:00,3.0,3.0,3.0,3.0,100.0,CNF
2023-06-26 14:05:00,3.0,3.0,3.0,3.0,100.0,CNF
2023-06-26 14:01:00,3.0,3.0,3.0,3.0,100.0,CNF
2023-06-26 13:54:00,3.0,3.0,3.0,3.0,100.0,CNF
2023-06-26 13:46:00,3.0,3.0,3.0,3.0,100.0,CNF
2023-06-26 13:42:00,3.0,3.0,3.0,3.0,100.0,CNF
2023-06-26 13:34:00,3.0,3.0,3.0,3.0,100.0,CNF
2023-06-26 13:24:00,3.0,3.0,3.0,3.0,200.0,CNF
2023-06-26 13:16:00,3.0,3.0,3.0,3.0,200.0,CNF
2023-06-26 13:08:00,2.98,2.985,2.98,2.985,200.0,CNF
2023-06-26 13:06:00,2.99,3.0,2.99,3.0,740.0,CNF
2023-06-26 13:01:00,2.975,2.977,2.975,2.978,200.0,CNF
2023-06-26 12:50:00,2.96,2.96,2.96,2.96,477.0,CNF
2023-06-26 12:45:00,3.0,3.0,3.0,3.0,200.0,CNF
2023-06-26 12:37:00,3.0,3.0,2.98,2.98,200.0,CNF
2023-06-26 12:30:00,3.02,3.02,3.02,3.02,200.0,CNF
2023-06-26 12:22:00,3.02,3.02,3.02,3.02,200.0,CNF
2023-06-26 12:14:00,3.02,3.02,3.02,3.02,200.0,CNF
2023-06-26 12:06:00,3.02,3.02,3.02,3.02,200.0,CNF
2023-06-26 11:58:00,3.02,3.02,3.02,3.02,200.0,CNF
2023-06-26 11:51:00,3.02,3.02,3.02,3.02,200.0,CNF
2023-06-26 11:43:00,3.02,3.02,3.02,3.02,100.0,CNF
2023-06-26 11:38:00,3.0,3.0,3.0,3.0,200.0,CNF
2023-06-26 11:30:00,3.01,3.01,3.01,3.01,200.0,CNF
2023-06-26 11:22:00,3.01,3.01,3.005,3.005,200.0,CNF
2023-06-26 11:14:00,3.01,3.01,3.01,3.01,200.0,CNF
2023-06-26 11:06:00,3.0,3.0,3.0,3.0,100.0,CNF
2023-06-26 11:05:00,3.02,3.02,3.02,3.02,200.0,CNF
2023-06-26 10:57:00,3.02,3.02,3.02,3.02,200.0,CNF
2023-06-26 10:49:00,2.95,2.95,2.95,2.95,200.0,CNF
2023-06-26 10:41:00,2.945,2.945,2.945,2.945,200.0,CNF
2023-06-26 10:32:00,2.97,2.97,2.91,2.91,3456.0,CNF
2023-06-26 10:30:00,3.0,3.0,3.0,3.0,100.0,CNF
2023-06-26 10:27:00,3.0,3.0,3.0,3.0,100.0,CNF
2023-06-26 10:23:00,3.0,3.0,3.0,3.0,100.0,CNF
2023-06-26 10:15:00,3.01,3.01,2.98,2.98,314.0,CNF
2023-06-26 10:12:00,3.01,3.01,3.01,3.01,100.0,CNF
2023-06-26 10:09:00,3.01,3.01,3.01,3.01,100.0,CNF
2023-06-26 10:04:00,3.01,3.01,3.01,3.01,200.0,CNF
2023-06-26 10:01:00,3.01,3.01,3.01,3.01,100.0,CNF
2023-06-26 09:54:00,3.015,3.015,2.98,2.98,300.0,CNF
2023-06-26 09:50:00,3.02,3.02,2.98,2.99,1995.0,CNF
2023-06-26 09:49:00,2.99,2.99,2.99,2.99,100.0,CNF
2023-06-26 09:45:00,2.99,2.99,2.99,2.99,100.0,CNF
2023-06-26 09:38:00,2.99,2.99,2.99,2.99,100.0,CNF
2023-06-26 09:37:00,2.99,2.99,2.99,2.99,100.0,CNF
2023-06-26 09:31:00,2.995,2.995,2.995,2.995,100.0,CNF
2023-06-26 09:30:00,3.0,3.0,2.95,2.95,416.0,CNF
2023-06-26 08:00:00,3.01,3.01,3.01,3.01,2.0,CNF
2023-06-23 19:00:00,3.005,3.005,3.005,3.005,100.0,CNF
2023-06-23 18:30:00,3.005,3.005,3.005,3.005,100.0,CNF
2023-06-23 18:13:00,2.96,2.96,2.96,2.96,100.0,CNF
2023-06-23 17:49:00,2.95,2.95,2.93,2.93,210.0,CNF
2023-06-23 16:10:00,3.005,3.005,3.005,3.005,100.0,CNF
2023-06-23 16:00:00,3.005,3.005,2.98,3.005,266.0,CNF
2023-06-23 15:59:00,3.002,3.005,3.002,3.005,276.0,CNF
2023-06-23 15:54:00,2.96,2.96,2.96,2.96,247.0,CNF
2023-06-23 15:44:00,2.96,2.96,2.96,2.96,100.0,CNF
2023-06-23 15:43:00,2.95,2.955,2.95,2.95,500.0,CNF
2023-06-23 15:42:00,2.95,2.98,2.95,2.98,300.0,CNF
2023-06-23 15:41:00,2.95,2.95,2.95,2.95,200.0,CNF
2023-06-23 15:40:00,2.965,2.965,2.965,2.965,100.0,CNF
2023-06-23 15:35:00,2.99,2.99,2.99,2.99,100.0,CNF
2023-06-23 15:27:00,2.97,2.97,2.97,2.97,100.0,CNF
2023-06-23 15:16:00,2.975,2.975,2.975,2.975,100.0,CNF
2023-06-23 15:12:00,2.975,2.975,2.975,2.975,101.0,CNF
2023-06-23 15:08:00,2.975,3.0,2.975,2.975,1600.0,CNF
2023-06-23 14:03:00,3.0,3.0,3.0,3.0,100.0,CNF
2023-06-23 13:59:00,3.0,3.0,3.0,3.0,100.0,CNF
2023-06-23 13:55:00,3.0,3.0,3.0,3.0,100.0,CNF
2023-06-23 13:52:00,2.99,2.99,2.99,2.99,100.0,CNF
2023-06-23 13:48:00,3.0,3.0,3.0,3.0,100.0,CNF
2023-06-23 13:29:00,2.99,2.99,2.99,2.99,100.0,CNF
2023-06-23 13:25:00,2.99,2.99,2.99,2.99,100.0,CNF
2023-06-23 13:21:00,2.965,2.965,2.965,2.965,100.0,CNF
2023-06-23 13:17:00,3.0,3.0,2.97,2.97,200.0,CNF
2023-06-23 13:10:00,2.99,2.99,2.99,2.99,100.0,CNF
2023-06-23 13:06:00,2.99,2.99,2.99,2.99,100.0,CNF
2023-06-23 13:02:00,2.98,2.98,2.98,2.98,100.0,CNF
2023-06-23 12:54:00,2.97,2.97,2.97,2.97,100.0,CNF
2023-06-23 12:51:00,2.97,2.97,2.97,2.97,100.0,CNF
2023-06-23 12:47:00,2.97,2.97,2.97,2.97,100.0,CNF
2023-06-23 12:43:00,2.925,2.925,2.925,2.925,100.0,CNF
2023-06-23 12:39:00,2.915,2.915,2.915,2.915,100.0,CNF
2023-06-23 12:35:00,2.9,2.9,2.9,2.9,401.0,CNF
2023-06-23 12:28:00,2.89,2.89,2.89,2.89,100.0,CNF
2023-06-23 12:20:00,2.89,2.89,2.89,2.89,100.0,CNF
2023-06-23 12:16:00,2.88,2.88,2.875,2.875,808.0,CNF
2023-06-23 12:12:00,2.87,2.87,2.87,2.87,100.0,CNF
2023-06-23 12:09:00,2.87,2.87,2.87,2.87,700.0,CNF
2023-06-23 12:05:00,2.87,2.87,2.87,2.87,100.0,CNF
2023-06-23 12:01:00,2.87,2.87,2.87,2.87,100.0,CNF
2023-06-23 11:57:00,2.87,2.87,2.87,2.87,100.0,CNF
2023-06-23 11:53:00,2.87,2.87,2.87,2.87,100.0,CNF
2023-06-23 11:49:00,2.86,2.86,2.86,2.86,100.0,CNF
2023-06-23 11:45:00,2.86,2.86,2.86,2.86,100.0,CNF
2023-06-23 11:43:00,2.85,2.85,2.85,2.85,110.0,CNF
2023-06-23 11:37:00,2.859,2.859,2.859,2.859,100.0,CNF
2023-06-23 11:36:00,2.842,2.842,2.842,2.842,460.0,CNF
2023-06-23 11:35:00,2.84,2.84,2.84,2.84,1010.0,CNF
2023-06-23 11:34:00,2.84,2.84,2.84,2.84,200.0,CNF
2023-06-23 11:21:00,2.85,2.87,2.85,2.87,500.0,CNF
2023-06-23 11:13:00,2.88,2.88,2.88,2.88,100.0,CNF
2023-06-23 11:05:00,2.88,2.88,2.88,2.88,100.0,CNF
2023-06-23 11:01:00,2.88,2.88,2.88,2.88,100.0,CNF
2023-06-23 10:57:00,2.89,2.89,2.89,2.89,100.0,CNF
2023-06-23 10:53:00,2.89,2.89,2.89,2.89,100.0,CNF
2023-06-23 10:49:00,2.9,2.9,2.9,2.9,100.0,CNF
2023-06-23 10:38:00,2.9,2.9,2.9,2.9,100.0,CNF
2023-06-23 10:34:00,2.92,2.92,2.92,2.92,100.0,CNF
2023-06-23 10:26:00,2.92,2.92,2.92,2.92,101.0,CNF
2023-06-23 10:22:00,2.93,2.93,2.93,2.93,100.0,CNF
2023-06-23 10:18:00,2.93,2.93,2.93,2.93,100.0,CNF
2023-06-23 10:14:00,2.93,2.93,2.93,2.93,100.0,CNF
2023-06-23 10:07:00,2.85,2.85,2.85,2.85,400.0,CNF
2023-06-23 10:03:00,2.85,2.85,2.85,2.85,100.0,CNF
2023-06-23 09:59:00,2.85,2.85,2.85,2.85,857.0,CNF
2023-06-23 09:50:00,2.915,2.915,2.9,2.915,3800.0,CNF
2023-06-23 09:47:00,2.915,2.915,2.915,2.915,100.0,CNF
2023-06-23 09:43:00,2.915,2.915,2.9,2.9,200.0,CNF
2023-06-23 09:40:00,2.9,2.915,2.9,2.915,500.0,CNF
2023-06-23 09:39:00,2.92,2.92,2.92,2.92,100.0,CNF
2023-06-23 09:35:00,2.92,2.92,2.92,2.92,100.0,CNF
2023-06-22 19:00:00,2.85,2.85,2.85,2.85,100.0,CNF
2023-06-22 18:30:00,2.85,2.85,2.85,2.85,100.0,CNF
2023-06-22 16:10:00,2.85,2.85,2.85,2.85,100.0,CNF
2023-06-22 16:01:00,2.85,2.85,2.85,2.85,200.0,CNF
2023-06-22 16:00:00,2.76,2.89,2.76,2.89,200.0,CNF
2023-06-22 15:59:00,2.9,2.9,2.76,2.76,616.0,CNF
2023-06-22 15:56:00,2.9,2.9,2.9,2.9,100.0,CNF
2023-06-22 15:52:00,2.9,2.9,2.9,2.9,100.0,CNF
2023-06-22 15:49:00,2.9,2.9,2.9,2.9,100.0,CNF
2023-06-22 15:45:00,2.9,2.9,2.9,2.9,100.0,CNF
2023-06-22 15:42:00,2.89,2.89,2.89,2.89,100.0,CNF
2023-06-22 15:38:00,2.89,2.89,2.89,2.89,100.0,CNF
2023-06-22 15:35:00,2.89,2.89,2.89,2.89,100.0,CNF
2023-06-22 15:31:00,2.89,2.89,2.89,2.89,100.0,CNF
2023-06-22 15:27:00,2.89,2.89,2.89,2.89,100.0,CNF
2023-06-22 15:25:00,2.89,2.89,2.89,2.89,300.0,CNF
2023-06-22 15:23:00,2.89,2.89,2.89,2.89,100.0,CNF
2023-06-22 15:21:00,2.89,2.89,2.89,2.89,300.0,CNF
2023-06-22 15:19:00,2.88,2.88,2.88,2.88,100.0,CNF
2023-06-22 15:16:00,2.88,2.88,2.88,2.88,105.0,CNF
2023-06-22 15:09:00,2.84,2.84,2.8,2.8,646.0,CNF
2023-06-22 15:08:00,2.89,2.89,2.89,2.89,100.0,CNF
2023-06-22 15:04:00,2.89,2.89,2.89,2.89,100.0,CNF
2023-06-22 15:00:00,2.89,2.89,2.89,2.89,100.0,CNF
2023-06-22 14:57:00,2.89,2.89,2.89,2.89,100.0,CNF
2023-06-22 14:53:00,2.89,2.89,2.84,2.84,200.0,CNF
2023-06-22 14:49:00,2.9,2.9,2.9,2.9,100.0,CNF
2023-06-22 14:47:00,2.84,2.84,2.84,2.84,100.0,CNF
2023-06-22 14:45:00,2.9,2.9,2.9,2.9,100.0,CNF
2023-06-22 14:41:00,2.85,2.89,2.85,2.89,574.0,CNF
2023-06-22 14:38:00,2.9,2.9,2.9,2.9,100.0,CNF
2023-06-22 14:34:00,2.9,2.9,2.9,2.9,100.0,CNF
2023-06-22 14:30:00,2.9,2.9,2.87,2.87,300.0,CNF
2023-06-22 14:29:00,2.84,2.84,2.84,2.84,100.0,CNF
2023-06-22 14:26:00,2.9,2.9,2.9,2.9,100.0,CNF
2023-06-22 14:22:00,2.9,2.9,2.9,2.9,100.0,CNF
2023-06-22 14:19:00,2.9,2.9,2.9,2.9,100.0,CNF
2023-06-22 14:15:00,2.9,2.9,2.9,2.9,300.0,CNF
2023-06-22 14:11:00,2.9,2.9,2.865,2.865,200.0,CNF
2023-06-22 14:07:00,2.9,2.9,2.9,2.9,100.0,CNF
2023-06-22 14:03:00,2.9,2.9,2.9,2.9,100.0,CNF
2023-06-22 14:00:00,2.9,2.9,2.9,2.9,100.0,CNF
2023-06-22 13:59:00,2.83,2.83,2.83,2.83,100.0,CNF
2023-06-22 13:56:00,2.91,2.91,2.91,2.91,100.0,CNF
2023-06-22 13:52:00,2.91,2.91,2.91,2.91,100.0,CNF
2023-06-22 13:48:00,2.91,2.91,2.91,2.91,100.0,CNF
2023-06-22 13:44:00,2.91,2.91,2.91,2.91,100.0,CNF
2023-06-22 13:41:00,2.9,2.9,2.9,2.9,100.0,CNF
2023-06-22 13:37:00,2.9,2.9,2.9,2.9,100.0,CNF
2023-06-22 13:33:00,2.9,2.9,2.9,2.9,100.0,CNF
2023-06-22 13:25:00,2.87,2.87,2.87,2.87,500.0,CNF
2023-06-22 13:24:00,2.87,2.87,2.87,2.87,100.0,CNF
2023-06-22 13:22:00,2.95,2.95,2.95,2.95,100.0,CNF
2023-06-22 13:21:00,2.87,2.87,2.87,2.87,100.0,CNF
2023-06-22 13:18:00,2.87,2.95,2.87,2.95,200.0,CNF
2023-06-22 13:14:00,2.92,2.92,2.92,2.92,100.0,CNF
2023-06-22 13:10:00,2.92,2.92,2.92,2.92,100.0,CNF
2023-06-22 13:03:00,2.925,2.925,2.925,2.925,100.0,CNF
2023-06-22 13:01:00,2.9,2.915,2.88,2.88,300.0,CNF
2023-06-22 13:00:00,2.9,2.9,2.9,2.9,700.0,CNF
2023-06-22 12:59:00,2.9,2.9,2.9,2.9,509.0,CNF
2023-06-22 12:55:00,2.88,2.9,2.88,2.9,5400.0,CNF
2023-06-22 12:51:00,2.88,2.88,2.88,2.88,222.0,CNF
2023-06-22 12:50:00,2.89,2.89,2.89,2.89,748.0,CNF
2023-06-22 12:44:00,2.89,2.89,2.89,2.89,200.0,CNF
2023-06-22 12:43:00,2.9,2.9,2.9,2.9,600.0,CNF
2023-06-22 12:42:00,2.84,2.84,2.84,2.84,100.0,CNF
2023-06-22 12:40:00,2.93,2.93,2.93,2.93,100.0,CNF
2023-06-22 12:36:00,2.94,2.94,2.94,2.94,100.0,CNF
2023-06-22 12:33:00,2.85,2.85,2.85,2.85,100.0,CNF
2023-06-22 12:32:00,2.94,2.94,2.94,2.94,100.0,CNF
2023-06-22 12:28:00,2.94,2.94,2.94,2.94,100.0,CNF
2023-06-22 12:25:00,2.94,2.94,2.94,2.94,100.0,CNF
2023-06-22 12:24:00,2.85,2.85,2.85,2.85,100.0,CNF
2023-06-22 12:21:00,2.94,2.94,2.94,2.94,100.0,CNF
2023-06-22 12:17:00,2.84,2.94,2.84,2.94,2715.0,CNF
2023-06-22 12:15:00,2.85,2.85,2.85,2.85,100.0,CNF
2023-06-22 12:13:00,2.95,2.95,2.95,2.95,100.0,CNF
2023-06-22 12:07:00,2.89,2.89,2.89,2.89,100.0,CNF
2023-06-22 12:02:00,2.925,2.925,2.925,2.925,100.0,CNF
2023-06-22 11:58:00,2.95,2.95,2.89,2.89,200.0,CNF
2023-06-22 11:54:00,2.95,2.95,2.95,2.95,100.0,CNF
2023-06-22 11:51:00,2.95,2.95,2.95,2.95,100.0,CNF
2023-06-22 11:50:00,2.9,2.9,2.9,2.9,100.0,CNF
2023-06-22 11:47:00,2.95,2.95,2.95,2.95,100.0,CNF
2023-06-22 11:43:00,2.95,2.95,2.95,2.95,100.0,CNF
2023-06-22 11:42:00,2.9,2.9,2.9,2.9,100.0,CNF
2023-06-22 11:39:00,2.95,2.95,2.95,2.95,100.0,CNF
2023-06-22 11:35:00,2.95,2.95,2.95,2.95,100.0,CNF
2023-06-22 11:34:00,2.87,2.87,2.87,2.87,100.0,CNF
2023-06-22 11:32:00,2.95,2.95,2.95,2.95,100.0,CNF
2023-06-22 11:28:00,2.95,2.95,2.95,2.95,100.0,CNF
2023-06-22 11:27:00,2.87,2.87,2.87,2.87,100.0,CNF
2023-06-22 11:20:00,2.95,2.95,2.95,2.95,100.0,CNF
2023-06-22 11:19:00,2.87,2.87,2.87,2.87,100.0,CNF
2023-06-22 11:16:00,2.95,2.95,2.95,2.95,100.0,CNF
2023-06-22 11:13:00,2.95,2.95,2.95,2.95,100.0,CNF
2023-06-22 11:12:00,2.87,2.87,2.87,2.87,100.0,CNF
2023-06-22 11:05:00,2.89,2.89,2.89,2.89,200.0,CNF
2023-06-22 11:01:00,2.905,2.905,2.905,2.905,100.0,CNF
2023-06-22 10:59:00,2.89,2.89,2.89,2.89,100.0,CNF
2023-06-22 10:54:00,2.93,2.93,2.93,2.93,100.0,CNF
2023-06-22 10:50:00,2.92,2.92,2.92,2.92,100.0,CNF
2023-06-22 10:46:00,2.9,2.9,2.9,2.9,1540.0,CNF
2023-06-22 10:38:00,2.95,2.95,2.91,2.91,1983.0,CNF
2023-06-22 10:35:00,2.955,2.955,2.955,2.955,100.0,CNF
2023-06-22 10:34:00,2.95,2.95,2.95,2.95,118.0,CNF
2023-06-22 10:31:00,2.975,2.975,2.975,2.975,199.0,CNF
2023-06-22 10:27:00,2.975,2.975,2.95,2.95,200.0,CNF
2023-06-22 10:21:00,2.97,2.97,2.97,2.97,138.0,CNF
2023-06-22 10:19:00,2.99,2.99,2.99,2.99,121.0,CNF
2023-06-22 10:16:00,2.99,2.99,2.99,2.99,100.0,CNF
2023-06-22 10:12:00,2.99,2.99,2.97,2.97,200.0,CNF
2023-06-22 10:08:00,2.99,2.99,2.99,2.99,100.0,CNF
2023-06-22 10:04:00,2.985,2.985,2.985,2.985,100.0,CNF
2023-06-22 10:00:00,2.985,2.985,2.985,2.985,100.0,CNF
2023-06-22 09:57:00,2.985,2.985,2.985,2.985,100.0,CNF
2023-06-22 09:53:00,2.985,2.985,2.985,2.985,100.0,CNF
2023-06-22 09:50:00,2.95,2.95,2.95,2.95,100.0,CNF
2023-06-22 09:49:00,2.99,2.99,2.99,2.99,100.0,CNF
2023-06-22 09:45:00,2.99,2.99,2.99,2.99,100.0,CNF
2023-06-22 08:36:00,2.93,2.93,2.93,2.93,1.0,CNF
2023-06-21 19:00:00,2.94,2.94,2.94,2.94,200.0,CNF
2023-06-21 18:30:00,2.94,2.94,2.94,2.94,200.0,CNF
2023-06-21 16:10:00,2.94,2.94,2.94,2.94,200.0,CNF
2023-06-21 16:00:00,2.98,2.98,2.91,2.94,554.0,CNF
2023-06-21 15:59:00,2.97,2.979,2.91,2.91,354.0,CNF
2023-06-21 15:58:00,2.89,2.89,2.89,2.89,234.0,CNF
2023-06-21 15:56:00,2.91,2.91,2.91,2.91,154.0,CNF
2023-06-21 15:55:00,2.89,2.89,2.89,2.89,100.0,CNF
2023-06-21 15:41:00,2.94,2.94,2.94,2.94,100.0,CNF
2023-06-21 15:40:00,2.94,2.94,2.94,2.94,131.0,CNF
2023-06-21 15:39:00,2.98,2.98,2.94,2.94,2061.0,CNF
2023-06-21 14:20:00,3.0,3.0,3.0,3.0,100.0,CNF
2023-06-21 14:16:00,3.0,3.0,3.0,3.0,100.0,CNF
2023-06-21 14:12:00,3.0,3.0,3.0,3.0,200.0,CNF
2023-06-21 14:04:00,3.0,3.0,3.0,3.0,396.0,CNF
2023-06-21 14:00:00,3.0,3.0,3.0,3.0,100.0,CNF
2023-06-21 13:52:00,3.01,3.01,2.99,2.99,1201.0,CNF
2023-06-21 13:51:00,3.0,3.0,3.0,3.0,503.0,CNF
2023-06-21 13:49:00,3.0,3.0,3.0,3.0,300.0,CNF
2023-06-21 13:45:00,3.0,3.0,3.0,3.0,100.0,CNF
2023-06-21 13:41:00,3.0,3.0,3.0,3.0,100.0,CNF
2023-06-21 13:37:00,2.995,2.995,2.995,2.995,100.0,CNF
2023-06-21 13:33:00,3.0,3.0,3.0,3.0,400.0,CNF
2023-06-21 13:32:00,3.0,3.0,3.0,3.0,300.0,CNF
2023-06-21 13:29:00,3.0,3.0,3.0,3.0,200.0,CNF
2023-06-21 13:25:00,3.0,3.0,3.0,3.0,100.0,CNF
2023-06-21 13:14:00,3.0,3.01,3.0,3.01,407.0,CNF
2023-06-21 13:06:00,3.0,3.0,3.0,3.0,331.0,CNF
2023-06-21 13:05:00,3.0,3.0,3.0,3.0,262.0,CNF
2023-06-21 13:02:00,3.0,3.0,3.0,3.0,100.0,CNF
2023-06-21 12:54:00,3.0,3.0,3.0,3.0,104.0,CNF
2023-06-21 12:44:00,3.0,3.0,3.0,3.0,100.0,CNF
2023-06-21 12:40:00,3.0,3.0,3.0,3.0,100.0,CNF
2023-06-21 12:36:00,3.0,3.0,3.0,3.0,100.0,CNF
2023-06-21 12:31:00,3.0,3.0,2.98,2.98,1099.0,CNF
2023-06-21 12:27:00,3.0,3.0,2.98,2.98,210.0,CNF
2023-06-21 12:23:00,3.0,3.0,3.0,3.0,100.0,CNF
2023-06-21 12:19:00,3.0,3.0,2.98,2.98,433.0,CNF
2023-06-21 12:15:00,3.0,3.0,3.0,3.0,200.0,CNF
2023-06-21 12:11:00,3.0,3.0,2.98,2.98,204.0,CNF
2023-06-21 12:07:00,3.0,3.0,3.0,3.0,200.0,CNF
2023-06-21 12:04:00,2.98,2.98,2.98,2.98,118.0,CNF
2023-06-21 12:03:00,3.0,3.0,3.0,3.0,513.0,CNF
2023-06-21 12:00:00,3.0,3.0,3.0,3.0,100.0,CNF
2023-06-21 11:56:00,3.0,3.0,3.0,3.0,100.0,CNF
2023-06-21 11:52:00,3.0,3.0,3.0,3.0,100.0,CNF
2023-06-21 11:48:00,3.0,3.0,3.0,3.0,100.0,CNF
2023-06-21 11:40:00,3.0,3.0,3.0,3.0,100.0,CNF
2023-06-21 11:36:00,3.0,3.0,3.0,3.0,100.0,CNF
2023-06-21 11:32:00,3.0,3.0,3.0,3.0,100.0,CNF
2023-06-21 11:24:00,3.0,3.0,3.0,3.0,100.0,CNF
2023-06-21 11:21:00,2.98,2.98,2.98,2.98,200.0,CNF
2023-06-21 11:17:00,3.0,3.0,2.98,2.98,200.0,CNF
2023-06-21 11:13:00,3.0,3.0,3.0,3.0,100.0,CNF
2023-06-21 11:09:00,3.0,3.0,3.0,3.0,100.0,CNF
2023-06-21 11:05:00,2.99,2.99,2.99,2.99,100.0,CNF
2023-06-21 11:01:00,2.97,2.97,2.97,2.97,200.0,CNF
2023-06-21 10:53:00,3.0,3.0,3.0,3.0,100.0,CNF
2023-06-21 10:49:00,3.0,3.0,3.0,3.0,100.0,CNF
2023-06-21 10:46:00,3.0,3.0,3.0,3.0,100.0,CNF
2023-06-21 10:42:00,3.0,3.0,3.0,3.0,100.0,CNF
2023-06-21 10:38:00,3.0,3.0,3.0,3.0,100.0,CNF
2023-06-21 10:34:00,2.98,2.98,2.98,2.98,100.0,CNF
2023-06-21 10:30:00,3.0,3.0,3.0,3.0,100.0,CNF
2023-06-21 10:22:00,2.97,2.99,2.97,2.99,200.0,CNF
2023-06-21 10:18:00,2.985,2.985,2.985,2.985,100.0,CNF
2023-06-21 10:14:00,2.985,2.985,2.985,2.985,100.0,CNF
2023-06-21 10:10:00,2.985,2.985,2.985,2.985,100.0,CNF
2023-06-21 10:07:00,2.985,2.985,2.985,2.985,100.0,CNF
2023-06-21 10:03:00,2.98,2.98,2.98,2.98,100.0,CNF
2023-06-21 09:59:00,2.98,2.98,2.98,2.98,100.0,CNF
2023-06-21 09:55:00,2.98,2.98,2.98,2.98,100.0,CNF
2023-06-21 09:51:00,2.98,2.98,2.98,2.98,100.0,CNF
2023-06-21 09:47:00,2.975,2.975,2.975,2.975,100.0,CNF
2023-06-21 09:43:00,2.975,2.975,2.975,2.975,100.0,CNF
2023-06-21 09:40:00,2.96,2.96,2.95,2.95,1461.0,CNF
2023-06-21 09:39:00,2.95,2.95,2.95,2.95,100.0,CNF
2023-06-21 09:35:00,2.95,2.95,2.95,2.95,100.0,CNF
2023-06-20 19:00:00,2.96,2.96,2.96,2.96,100.0,CNF
2023-06-20 18:30:00,2.96,2.96,2.96,2.96,100.0,CNF
2023-06-20 16:10:00,2.96,2.96,2.96,2.96,100.0,CNF
2023-06-20 16:00:00,2.95,2.98,2.95,2.96,301.0,CNF
2023-06-20 15:59:00,2.99,2.99,2.98,2.98,345.0,CNF
2023-06-20 15:56:00,2.965,2.965,2.965,2.965,176.0,CNF
2023-06-20 15:53:00,2.965,2.965,2.965,2.965,100.0,CNF
2023-06-20 15:44:00,2.96,2.96,2.96,2.96,200.0,CNF
2023-06-20 15:43:00,2.97,2.97,2.96,2.96,459.0,CNF
2023-06-20 15:33:00,2.99,2.99,2.99,2.99,300.0,CNF
2023-06-20 15:29:00,3.0,3.0,2.99,2.99,376.0,CNF
2023-06-20 15:23:00,3.0,3.0,3.0,3.0,100.0,CNF
2023-06-20 15:20:00,3.0,3.0,3.0,3.0,193.0,CNF
2023-06-20 15:14:00,3.0,3.0,3.0,3.0,987.0,CNF
2023-06-20 15:10:00,3.0,3.0,3.0,3.0,100.0,CNF
2023-06-20 15:03:00,3.0,3.0,3.0,3.0,130.0,CNF
2023-06-20 14:54:00,3.0,3.0,3.0,3.0,200.0,CNF
2023-06-20 14:47:00,3.0,3.0,3.0,3.0,296.0,CNF
2023-06-20 14:41:00,3.01,3.01,3.01,3.01,427.0,CNF
2023-06-20 14:40:00,3.0,3.0,3.0,3.0,900.0,CNF
2023-06-20 14:39:00,3.0,3.0,3.0,3.0,600.0,CNF
2023-06-20 14:37:00,2.995,2.995,2.995,2.995,173.0,CNF
2023-06-20 14:36:00,3.0,3.0,3.0,3.0,876.0,CNF
2023-06-20 14:32:00,3.0,3.0,3.0,3.0,200.0,CNF
2023-06-20 14:24:00,3.0,3.0,3.0,3.0,200.0,CNF
2023-06-20 14:16:00,3.0,3.0,3.0,3.0,200.0,CNF
2023-06-20 14:09:00,3.0,3.0,3.0,3.0,200.0,CNF
2023-06-20 14:01:00,3.0,3.0,3.0,3.0,100.0,CNF
2023-06-20 13:58:00,3.0,3.0,3.0,3.0,100.0,CNF
2023-06-20 13:56:00,3.0,3.0,3.0,3.0,100.0,CNF
2023-06-20 13:54:00,3.0,3.0,3.0,3.0,386.0,CNF
2023-06-20 13:52:00,3.0,3.0,3.0,3.0,600.0,CNF
2023-06-20 13:51:00,3.0,3.0,3.0,3.0,277.0,CNF
2023-06-20 13:50:00,3.0,3.0,3.0,3.0,269.0,CNF
2023-06-20 13:46:00,3.0,3.0,3.0,3.0,100.0,CNF
2023-06-20 13:42:00,3.0,3.0,3.0,3.0,119.0,CNF
2023-06-20 13:38:00,3.0,3.0,3.0,3.0,100.0,CNF
2023-06-20 13:31:00,3.0,3.0,3.0,3.0,100.0,CNF
2023-06-20 13:28:00,3.0,3.0,3.0,3.0,100.0,CNF
2023-06-20 13:24:00,2.995,2.995,2.995,2.995,200.0,CNF
2023-06-20 13:21:00,3.0,3.0,3.0,3.0,300.0,CNF
2023-06-20 13:20:00,3.0,3.0,3.0,3.0,300.0,CNF
2023-06-20 13:17:00,3.0,3.0,3.0,3.0,100.0,CNF
2023-06-20 13:13:00,3.0,3.0,3.0,3.0,300.0,CNF
2023-06-20 13:06:00,3.0,3.0,2.995,2.995,1100.0,CNF
2023-06-20 13:04:00,3.0,3.0,3.0,3.0,100.0,CNF
2023-06-20 13:02:00,3.0,3.0,3.0,3.0,400.0,CNF
2023-06-20 13:00:00,3.0,3.0,3.0,3.0,100.0,CNF
2023-06-20 12:56:00,3.0,3.0,3.0,3.0,325.0,CNF
2023-06-20 12:55:00,3.0,3.0,3.0,3.0,100.0,CNF
2023-06-20 12:51:00,3.0,3.0,3.0,3.0,500.0,CNF
2023-06-20 12:50:00,3.0,3.0,3.0,3.0,500.0,CNF
2023-06-20 12:46:00,3.0,3.0,2.99,2.99,500.0,CNF
2023-06-20 12:43:00,3.0,3.0,2.99,2.99,716.0,CNF
2023-06-20 12:42:00,3.0,3.0,3.0,3.0,100.0,CNF
2023-06-20 12:10:00,2.965,2.965,2.965,2.965,100.0,CNF
2023-06-20 12:07:00,3.01,3.01,3.01,3.01,393.0,CNF
2023-06-20 12:03:00,3.01,3.02,3.01,3.02,200.0,CNF
2023-06-20 11:59:00,3.02,3.02,3.01,3.01,200.0,CNF
2023-06-20 11:56:00,3.01,3.01,3.01,3.01,100.0,CNF
2023-06-20 11:55:00,3.02,3.02,3.02,3.02,100.0,CNF
2023-06-20 11:53:00,3.015,3.015,3.015,3.015,107.0,CNF
2023-06-20 11:52:00,3.0,3.0,3.0,3.0,100.0,CNF
2023-06-20 11:50:00,3.015,3.015,3.015,3.015,100.0,CNF
2023-06-20 11:49:00,3.0,3.0,3.0,3.0,195.0,CNF
2023-06-20 11:46:00,3.0,3.015,3.0,3.015,200.0,CNF
2023-06-20 11:42:00,3.0,3.0,3.0,3.0,100.0,CNF
2023-06-20 11:41:00,3.015,3.015,3.015,3.015,100.0,CNF
2023-06-20 11:39:00,3.0,3.0,3.0,3.0,100.0,CNF
2023-06-20 11:37:00,3.015,3.015,3.015,3.015,100.0,CNF
2023-06-20 11:33:00,3.015,3.015,3.015,3.015,100.0,CNF
2023-06-20 11:32:00,3.0,3.0,3.0,3.0,100.0,CNF
2023-06-20 11:28:00,3.02,3.02,3.02,3.02,100.0,CNF
2023-06-20 11:17:00,3.0,3.0,3.0,3.0,100.0,CNF
2023-06-20 11:13:00,3.02,3.02,3.02,3.02,100.0,CNF
2023-06-20 11:09:00,3.02,3.02,3.02,3.02,100.0,CNF
2023-06-20 11:05:00,3.02,3.02,3.02,3.02,100.0,CNF
2023-06-20 11:01:00,3.02,3.02,3.02,3.02,100.0,CNF
2023-06-20 10:57:00,3.0,3.0,3.0,3.0,100.0,CNF
2023-06-20 10:53:00,3.0,3.0,3.0,3.0,100.0,CNF
2023-06-20 10:46:00,3.015,3.015,2.95,2.96,3300.0,CNF
2023-06-20 10:44:00,3.0,3.0,3.0,3.0,1400.0,CNF
2023-06-20 10:42:00,3.015,3.015,3.015,3.015,100.0,CNF
2023-06-20 10:40:00,3.03,3.03,3.03,3.03,200.0,CNF
2023-06-20 10:38:00,3.03,3.03,3.01,3.01,200.0,CNF
2023-06-20 10:37:00,3.01,3.03,3.01,3.03,544.0,CNF
2023-06-20 10:34:00,3.01,3.01,3.01,3.01,100.0,CNF
2023-06-20 10:30:00,3.01,3.01,3.01,3.01,100.0,CNF
2023-06-20 10:26:00,3.01,3.01,3.01,3.01,100.0,CNF
2023-06-20 10:22:00,3.005,3.005,3.005,3.005,100.0,CNF
2023-06-20 10:18:00,3.005,3.005,3.005,3.005,100.0,CNF
2023-06-20 10:14:00,3.005,3.005,3.005,3.005,100.0,CNF
2023-06-20 10:10:00,3.0,3.0,3.0,3.0,740.0,CNF
2023-06-20 10:07:00,3.0,3.0,3.0,3.0,100.0,CNF
2023-06-20 10:03:00,3.0,3.0,3.0,3.0,100.0,CNF
2023-06-20 09:59:00,3.0,3.0,3.0,3.0,100.0,CNF
2023-06-20 09:55:00,3.0,3.0,3.0,3.0,600.0,CNF
2023-06-20 09:51:00,3.0,3.0,3.0,3.0,100.0,CNF
2023-06-20 09:47:00,3.0,3.0,3.0,3.0,100.0,CNF
2023-06-20 09:43:00,3.0,3.0,3.0,3.0,304.0,CNF
2023-06-20 09:39:00,3.0,3.0,3.0,3.0,100.0,CNF
2023-06-20 09:35:00,3.02,3.02,3.02,3.02,100.0,CNF
2023-06-16 19:00:00,2.99,2.99,2.99,2.99,100.0,CNF
2023-06-16 18:30:00,2.99,2.99,2.99,2.99,100.0,CNF
2023-06-16 16:10:00,2.99,2.99,2.99,2.99,100.0,CNF
2023-06-16 16:00:00,2.99,2.99,2.98,2.99,250.0,CNF
2023-06-16 15:59:00,2.96,2.99,2.86,2.99,1114.0,CNF
2023-06-16 15:58:00,2.96,2.96,2.96,2.96,667.0,CNF
2023-06-16 15:57:00,2.96,2.96,2.96,2.96,300.0,CNF
2023-06-16 15:56:00,2.89,2.89,2.89,2.89,100.0,CNF
2023-06-16 15:55:00,2.95,2.95,2.95,2.95,160.0,CNF
2023-06-16 15:54:00,2.96,2.96,2.96,2.96,300.0,CNF
2023-06-16 15:53:00,2.96,2.96,2.96,2.96,100.0,CNF
2023-06-16 15:52:00,2.98,2.98,2.98,2.98,100.0,CNF
2023-06-16 15:46:00,2.99,2.99,2.99,2.99,100.0,CNF
2023-06-16 15:43:00,2.99,2.99,2.99,2.99,100.0,CNF
2023-06-16 15:39:00,2.99,2.99,2.99,2.99,100.0,CNF
2023-06-16 15:32:00,3.0,3.0,3.0,3.0,100.0,CNF
2023-06-16 15:28:00,3.0,3.0,3.0,3.0,100.0,CNF
2023-06-16 15:24:00,2.99,2.99,2.99,2.99,100.0,CNF
2023-06-16 15:12:00,2.99,2.99,2.99,2.99,100.0,CNF
2023-06-16 15:11:00,2.95,2.95,2.95,2.95,200.0,CNF
2023-06-16 15:08:00,2.99,2.99,2.99,2.99,100.0,CNF
2023-06-16 15:05:00,2.99,2.99,2.99,2.99,100.0,CNF
2023-06-16 14:57:00,2.99,2.99,2.99,2.99,104.0,CNF
2023-06-16 14:53:00,2.99,2.99,2.99,2.99,100.0,CNF
2023-06-16 14:49:00,3.0,3.0,3.0,3.0,140.0,CNF
2023-06-16 14:45:00,3.0,3.0,3.0,3.0,100.0,CNF
2023-06-16 14:42:00,3.0,3.0,3.0,3.0,100.0,CNF
2023-06-16 14:32:00,2.99,2.99,2.99,2.99,100.0,CNF
2023-06-16 14:27:00,3.0,3.0,3.0,3.0,100.0,CNF
2023-06-16 14:22:00,3.0,3.0,3.0,3.0,100.0,CNF
2023-06-16 14:19:00,3.0,3.0,3.0,3.0,100.0,CNF
2023-06-16 14:15:00,3.0,3.0,3.0,3.0,100.0,CNF
2023-06-16 14:07:00,3.0,3.0,3.0,3.0,100.0,CNF
2023-06-16 13:59:00,3.0,3.0,3.0,3.0,100.0,CNF
2023-06-16 13:56:00,3.0,3.0,3.0,3.0,100.0,CNF
2023-06-16 13:52:00,3.0,3.0,3.0,3.0,100.0,CNF
2023-06-16 13:48:00,3.0,3.0,3.0,3.0,100.0,CNF
2023-06-16 13:42:00,2.95,2.95,2.95,2.95,110.0,CNF
2023-06-16 13:36:00,2.98,2.98,2.98,2.98,100.0,CNF
2023-06-16 13:32:00,2.98,2.98,2.98,2.98,100.0,CNF
2023-06-16 13:29:00,2.98,2.98,2.98,2.98,140.0,CNF
2023-06-16 13:17:00,2.945,2.945,2.945,2.945,100.0,CNF
2023-06-16 13:13:00,2.97,2.97,2.97,2.97,100.0,CNF
2023-06-16 13:09:00,2.97,2.97,2.97,2.97,140.0,CNF
2023-06-16 13:06:00,2.97,2.97,2.97,2.97,100.0,CNF
2023-06-16 13:02:00,2.97,2.97,2.97,2.97,100.0,CNF
2023-06-16 12:58:00,2.97,2.97,2.97,2.97,140.0,CNF
2023-06-16 12:54:00,2.935,2.935,2.935,2.935,100.0,CNF
2023-06-16 12:50:00,2.97,2.97,2.97,2.97,120.0,CNF
2023-06-16 12:43:00,2.97,2.97,2.97,2.97,100.0,CNF
2023-06-16 12:27:00,2.93,2.93,2.93,2.93,100.0,CNF
2023-06-16 12:19:00,2.92,2.92,2.92,2.92,120.0,CNF
2023-06-16 12:16:00,2.92,2.92,2.92,2.92,100.0,CNF
2023-06-16 12:12:00,2.885,2.885,2.885,2.885,100.0,CNF
2023-06-16 12:11:00,2.85,2.85,2.85,2.85,3923.0,CNF
2023-06-16 12:05:00,2.9,2.9,2.89,2.89,803.0,CNF
2023-06-16 11:49:00,2.95,2.95,2.95,2.95,120.0,CNF
2023-06-16 11:42:00,2.915,2.915,2.915,2.915,100.0,CNF
2023-06-16 11:39:00,2.915,2.915,2.915,2.915,206.0,CNF
2023-06-16 11:38:00,2.915,2.915,2.915,2.915,100.0,CNF
2023-06-16 11:34:00,2.915,2.915,2.915,2.915,120.0,CNF
2023-06-16 11:30:00,2.91,2.91,2.91,2.91,166.0,CNF
2023-06-16 11:22:00,2.95,2.95,2.91,2.92,2204.0,CNF
2023-06-16 11:21:00,3.0,3.0,3.0,3.0,120.0,CNF
2023-06-16 11:16:00,3.0,3.0,3.0,3.0,100.0,CNF
2023-06-16 11:12:00,2.98,2.98,2.98,2.98,100.0,CNF
2023-06-16 11:07:00,2.985,2.985,2.985,2.985,100.0,CNF
2023-06-16 10:59:00,3.01,3.01,3.01,3.01,100.0,CNF
2023-06-16 10:56:00,3.005,3.005,3.005,3.005,120.0,CNF
2023-06-16 10:52:00,2.95,2.95,2.95,2.95,224.0,CNF
2023-06-16 10:48:00,3.005,3.005,3.005,3.005,120.0,CNF
2023-06-16 10:41:00,2.96,2.96,2.96,2.96,120.0,CNF
2023-06-16 10:40:00,3.0,3.0,2.99,2.99,460.0,CNF
2023-06-16 10:38:00,3.025,3.025,3.025,3.025,100.0,CNF
2023-06-16 10:32:00,3.03,3.03,2.99,3.0,400.0,CNF
2023-06-16 10:29:00,3.03,3.03,3.0,3.0,200.0,CNF
2023-06-16 10:25:00,3.025,3.025,3.025,3.025,120.0,CNF
2023-06-16 10:22:00,2.98,2.98,2.98,2.98,143.0,CNF
2023-06-16 10:21:00,3.005,3.005,3.005,3.005,100.0,CNF
2023-06-16 10:17:00,3.005,3.005,3.005,3.005,100.0,CNF
2023-06-16 10:10:00,2.98,2.98,2.98,2.98,464.0,CNF
2023-06-16 10:08:00,2.98,2.98,2.98,2.98,100.0,CNF
2023-06-16 10:04:00,2.98,2.98,2.98,2.98,100.0,CNF
2023-06-16 10:00:00,2.98,2.98,2.98,2.98,100.0,CNF
2023-06-16 09:56:00,2.985,2.985,2.985,2.985,140.0,CNF
2023-06-16 09:53:00,2.99,2.99,2.96,2.96,200.0,CNF
2023-06-16 09:52:00,2.98,2.98,2.98,2.98,100.0,CNF
2023-06-16 09:49:00,2.98,2.98,2.98,2.98,100.0,CNF
2023-06-16 09:45:00,2.98,2.98,2.98,2.98,100.0,CNF
2023-06-16 09:40:00,2.97,2.99,2.97,2.99,620.0,CNF
2023-06-16 09:39:00,2.9,2.9,2.9,2.9,100.0,CNF
2023-06-16 09:35:00,2.98,2.98,2.98,2.98,100.0,CNF
2023-06-16 09:30:00,2.9,2.9,2.9,2.9,452.0,CNF
2023-06-15 19:00:00,2.95,2.95,2.95,2.95,100.0,CNF
2023-06-15 18:30:00,2.95,2.95,2.95,2.95,100.0,CNF
2023-06-15 16:10:00,2.95,2.95,2.95,2.95,179.0,CNF
2023-06-15 16:00:00,2.95,2.96,2.91,2.95,416.0,CNF
2023-06-15 15:59:00,2.95,2.95,2.946,2.95,1733.0,CNF
2023-06-15 15:58:00,2.95,2.95,2.95,2.95,644.0,CNF
2023-06-15 15:57:00,2.96,2.96,2.96,2.96,354.0,CNF
2023-06-15 15:52:00,3.0,3.0,3.0,3.0,100.0,CNF
2023-06-15 15:48:00,3.0,3.0,3.0,3.0,100.0,CNF
2023-06-15 15:44:00,3.0,3.0,3.0,3.0,100.0,CNF
2023-06-15 15:40:00,2.985,2.985,2.985,2.985,100.0,CNF
2023-06-15 15:28:00,3.0,3.0,3.0,3.0,100.0,CNF
2023-06-15 15:21:00,3.0,3.0,2.97,2.97,205.0,CNF
2023-06-15 15:17:00,3.0,3.0,3.0,3.0,100.0,CNF
2023-06-15 15:11:00,2.97,2.97,2.97,2.97,105.0,CNF
2023-06-15 15:09:00,3.0,3.0,3.0,3.0,100.0,CNF
2023-06-15 15:05:00,3.0,3.0,3.0,3.0,100.0,CNF
2023-06-15 15:01:00,3.0,3.0,3.0,3.0,100.0,CNF
2023-06-15 14:55:00,3.0,3.0,3.0,3.0,100.0,CNF
2023-06-15 14:54:00,3.02,3.02,3.0,3.0,200.0,CNF
2023-06-15 14:50:00,3.015,3.015,3.015,3.015,100.0,CNF
2023-06-15 14:46:00,3.015,3.015,3.015,3.015,100.0,CNF
2023-06-15 14:42:00,3.015,3.015,3.015,3.015,100.0,CNF
2023-06-15 14:38:00,3.015,3.015,3.015,3.015,100.0,CNF
2023-06-15 14:30:00,3.01,3.01,3.01,3.01,100.0,CNF
2023-06-15 14:26:00,3.01,3.01,3.01,3.01,100.0,CNF
2023-06-15 14:22:00,3.01,3.01,3.01,3.01,100.0,CNF
2023-06-15 14:19:00,3.04,3.04,3.04,3.04,100.0,CNF
2023-06-15 14:07:00,3.005,3.005,3.005,3.005,100.0,CNF
2023-06-15 14:03:00,3.0,3.0,3.0,3.0,100.0,CNF
2023-06-15 13:59:00,3.0,3.0,3.0,3.0,100.0,CNF
2023-06-15 13:55:00,3.0,3.0,3.0,3.0,100.0,CNF
2023-06-15 13:51:00,2.995,2.995,2.995,2.995,100.0,CNF
2023-06-15 13:50:00,3.0,3.0,3.0,3.0,100.0,CNF
2023-06-15 13:48:00,3.02,3.02,3.02,3.02,100.0,CNF
2023-06-15 13:46:00,3.0,3.0,3.0,3.0,200.0,CNF
2023-06-15 13:44:00,3.02,3.02,3.02,3.02,100.0,CNF
2023-06-15 13:43:00,3.0,3.0,3.0,3.0,200.0,CNF
2023-06-15 13:36:00,3.015,3.015,3.015,3.015,100.0,CNF
2023-06-15 13:32:00,3.015,3.015,3.015,3.015,100.0,CNF
2023-06-15 13:28:00,3.015,3.015,3.015,3.015,100.0,CNF
2023-06-15 13:24:00,3.01,3.01,3.01,3.01,100.0,CNF
2023-06-15 13:16:00,3.01,3.01,3.01,3.01,100.0,CNF
2023-06-15 13:13:00,3.01,3.01,3.01,3.01,100.0,CNF
2023-06-15 13:09:00,3.005,3.005,3.005,3.005,100.0,CNF
2023-06-15 13:05:00,3.005,3.005,3.005,3.005,100.0,CNF
2023-06-15 13:01:00,3.005,3.005,3.005,3.005,100.0,CNF
2023-06-15 13:00:00,3.005,3.005,3.005,3.005,600.0,CNF
2023-06-15 12:49:00,3.0,3.0,2.97,2.97,1643.0,CNF
2023-06-15 12:45:00,3.0,3.0,3.0,3.0,100.0,CNF
2023-06-15 12:42:00,3.0,3.0,3.0,3.0,100.0,CNF
2023-06-15 12:34:00,3.0,3.0,3.0,3.0,100.0,CNF
2023-06-15 12:30:00,3.0,3.0,3.0,3.0,100.0,CNF
2023-06-15 12:22:00,3.0,3.0,3.0,3.0,100.0,CNF
2023-06-15 12:18:00,2.985,2.985,2.985,2.985,100.0,CNF
2023-06-15 12:14:00,3.0,3.0,3.0,3.0,100.0,CNF
2023-06-15 12:10:00,3.0,3.0,3.0,3.0,100.0,CNF
2023-06-15 12:07:00,3.0,3.0,3.0,3.0,100.0,CNF
2023-06-15 12:03:00,3.0,3.0,3.0,3.0,100.0,CNF
2023-06-15 11:59:00,3.0,3.0,3.0,3.0,138.0,CNF
2023-06-15 11:55:00,3.0,3.0,3.0,3.0,100.0,CNF
2023-06-15 11:51:00,3.0,3.0,3.0,3.0,100.0,CNF
2023-06-15 11:47:00,3.0,3.0,3.0,3.0,100.0,CNF
2023-06-15 11:43:00,3.0,3.0,3.0,3.0,100.0,CNF
2023-06-15 11:39:00,3.0,3.0,3.0,3.0,100.0,CNF
2023-06-15 11:36:00,2.98,2.98,2.98,2.98,100.0,CNF
2023-06-15 11:32:00,2.995,2.995,2.995,2.995,366.0,CNF
2023-06-15 11:28:00,3.0,3.0,3.0,3.0,100.0,CNF
2023-06-15 11:24:00,3.0,3.0,3.0,3.0,100.0,CNF
2023-06-15 11:16:00,3.0,3.0,3.0,3.0,100.0,CNF
2023-06-15 11:12:00,3.0,3.0,3.0,3.0,100.0,CNF
2023-06-15 11:04:00,2.96,2.96,2.96,2.96,100.0,CNF
2023-06-15 11:01:00,2.96,2.96,2.96,2.96,100.0,CNF
2023-06-15 10:56:00,2.96,2.96,2.96,2.96,200.0,CNF
2023-06-15 10:54:00,2.96,2.96,2.96,2.96,203.0,CNF
2023-06-15 10:53:00,2.96,2.96,2.96,2.96,100.0,CNF
2023-06-15 10:49:00,2.96,2.96,2.96,2.96,100.0,CNF
2023-06-15 10:45:00,2.965,2.965,2.96,2.96,202.0,CNF
2023-06-15 10:41:00,2.98,2.98,2.98,2.98,100.0,CNF
2023-06-15 10:39:00,2.99,2.99,2.99,2.99,101.0,CNF
2023-06-15 10:37:00,3.015,3.015,3.015,3.015,100.0,CNF
2023-06-15 10:33:00,3.015,3.015,3.015,3.015,100.0,CNF
2023-06-15 10:28:00,2.99,2.99,2.99,2.99,111.0,CNF
2023-06-15 10:26:00,3.01,3.01,3.01,3.01,200.0,CNF
2023-06-15 10:18:00,3.01,3.01,3.01,3.01,200.0,CNF
2023-06-15 10:10:00,3.005,3.005,2.97,2.97,400.0,CNF
2023-06-15 10:02:00,3.005,3.005,3.005,3.005,200.0,CNF
2023-06-15 09:57:00,2.97,2.97,2.97,2.97,100.0,CNF
2023-06-15 09:55:00,3.0,3.0,3.0,3.0,200.0,CNF
2023-06-15 09:47:00,3.0,3.0,3.0,3.0,784.0,CNF
2023-06-15 09:46:00,3.0,3.0,3.0,3.0,200.0,CNF
2023-06-15 09:40:00,2.9,2.9,2.9,2.9,100.0,CNF
2023-06-15 09:39:00,2.915,2.915,2.915,2.915,200.0,CNF
2023-06-15 09:35:00,2.915,2.915,2.915,2.915,100.0,CNF
2023-06-15 09:34:00,2.915,2.915,2.915,2.915,300.0,CNF
2023-06-15 09:31:00,2.97,2.97,2.97,2.97,100.0,CNF
2023-06-15 09:30:00,2.9,2.9,2.9,2.9,188.0,CNF
2023-06-15 08:30:00,2.77,2.77,2.77,2.77,1.0,CNF
2023-06-14 19:00:00,2.86,2.86,2.86,2.86,100.0,CNF
2023-06-14 18:30:00,2.86,2.86,2.86,2.86,100.0,CNF
2023-06-14 16:10:00,2.86,2.86,2.86,2.86,100.0,CNF
2023-06-14 16:00:00,2.86,3.02,2.86,2.86,302.0,CNF
2023-06-14 15:59:00,2.96,2.96,2.835,2.86,3437.0,CNF
2023-06-14 15:58:00,2.96,2.96,2.96,2.96,200.0,CNF
2023-06-14 15:57:00,2.96,2.96,2.96,2.96,300.0,CNF
2023-06-14 15:56:00,2.985,2.985,2.985,2.985,200.0,CNF
2023-06-14 15:49:00,3.02,3.02,3.02,3.02,200.0,CNF
2023-06-14 15:44:00,3.02,3.02,3.02,3.02,200.0,CNF
2023-06-14 15:38:00,2.99,2.99,2.99,2.99,314.0,CNF
2023-06-14 15:36:00,3.02,3.02,3.02,3.02,300.0,CNF
2023-06-14 15:25:00,3.02,3.02,3.02,3.02,300.0,CNF
2023-06-14 15:14:00,3.02,3.02,3.02,3.02,490.0,CNF
2023-06-14 15:03:00,3.02,3.02,2.99,2.99,500.0,CNF
2023-06-14 14:49:00,3.02,3.02,2.99,2.99,600.0,CNF
2023-06-14 14:31:00,3.02,3.02,3.02,3.02,600.0,CNF
2023-06-14 14:12:00,3.02,3.02,2.985,2.985,584.0,CNF
2023-06-14 13:50:00,2.97,2.97,2.97,2.97,123.0,CNF
2023-06-14 13:49:00,3.01,3.01,3.0,3.01,686.0,CNF
2023-06-14 13:21:00,2.97,2.97,2.97,2.97,113.0,CNF
2023-06-14 13:15:00,3.005,3.01,3.005,3.01,300.0,CNF
2023-06-14 13:14:00,3.025,3.025,3.005,3.005,300.0,CNF
2023-06-14 13:12:00,3.02,3.02,3.02,3.02,300.0,CNF
2023-06-14 12:53:00,3.0,3.015,3.0,3.015,1337.0,CNF
2023-06-14 12:21:00,2.98,2.98,2.975,2.975,1247.0,CNF
2023-06-14 11:59:00,2.96,2.97,2.96,2.97,437.0,CNF
2023-06-14 11:50:00,2.96,2.97,2.96,2.97,235.0,CNF
2023-06-14 11:35:00,2.96,2.96,2.95,2.95,215.0,CNF
2023-06-14 11:29:00,2.965,2.965,2.965,2.965,100.0,CNF
2023-06-14 11:17:00,2.975,3.0,2.975,3.0,600.0,CNF
2023-06-14 10:50:00,2.975,2.975,2.95,2.95,600.0,CNF
2023-06-14 10:26:00,2.975,2.975,2.975,2.975,500.0,CNF
2023-06-14 10:00:00,2.975,2.975,2.975,2.975,400.0,CNF
2023-06-14 09:45:00,3.0,3.0,2.95,2.95,389.0,CNF
2023-06-13 19:00:00,2.99,2.99,2.99,2.99,100.0,CNF
2023-06-13 18:30:00,2.99,2.99,2.99,2.99,100.0,CNF
2023-06-13 16:10:00,2.99,2.99,2.99,2.99,100.0,CNF
2023-06-13 16:00:00,2.99,3.0,2.99,2.99,300.0,CNF
2023-06-13 15:59:00,2.98,2.99,2.98,2.99,239.0,CNF
2023-06-13 15:58:00,2.92,2.92,2.92,2.92,187.0,CNF
2023-06-13 15:57:00,2.92,2.92,2.92,2.92,182.0,CNF
2023-06-13 15:56:00,2.92,2.92,2.92,2.92,111.0,CNF
2023-06-13 15:55:00,2.92,2.92,2.92,2.92,108.0,CNF
2023-06-13 15:53:00,2.92,2.96,2.91,2.96,400.0,CNF
2023-06-13 15:51:00,2.92,2.92,2.92,2.92,300.0,CNF
2023-06-13 15:50:00,2.99,2.99,2.99,2.99,100.0,CNF
2023-06-13 15:48:00,2.94,2.94,2.94,2.94,200.0,CNF
2023-06-13 15:47:00,2.975,2.975,2.975,2.975,100.0,CNF
2023-06-13 15:45:00,2.95,2.99,2.95,2.95,2213.0,CNF
2023-06-13 15:43:00,3.0,3.0,3.0,3.0,100.0,CNF
2023-06-13 15:40:00,3.0,3.0,3.0,3.0,100.0,CNF
2023-06-13 15:37:00,3.0,3.0,3.0,3.0,100.0,CNF
2023-06-13 15:30:00,3.0,3.0,3.0,3.0,100.0,CNF
2023-06-13 15:27:00,3.0,3.0,3.0,3.0,100.0,CNF
2023-06-13 15:21:00,3.0,3.0,3.0,3.0,100.0,CNF
2023-06-13 15:14:00,3.0,3.0,3.0,3.0,100.0,CNF
2023-06-13 15:11:00,3.0,3.0,3.0,3.0,100.0,CNF
2023-06-13 15:08:00,3.0,3.0,3.0,3.0,100.0,CNF
2023-06-13 15:04:00,3.0,3.0,3.0,3.0,100.0,CNF
2023-06-13 15:01:00,3.0,3.0,3.0,3.0,100.0,CNF
2023-06-13 14:58:00,2.96,2.96,2.96,2.96,100.0,CNF
2023-06-13 14:53:00,2.992,2.992,2.96,2.96,700.0,CNF
2023-06-13 14:51:00,3.0,3.0,3.0,3.0,100.0,CNF
2023-06-13 14:48:00,3.0,3.0,3.0,3.0,100.0,CNF
2023-06-13 14:45:00,2.99,2.99,2.99,2.99,209.0,CNF
2023-06-13 14:44:00,3.0,3.0,3.0,3.0,621.0,CNF
2023-06-13 14:42:00,3.0,3.0,3.0,3.0,100.0,CNF
2023-06-13 14:38:00,3.0,3.0,3.0,3.0,100.0,CNF
2023-06-13 14:35:00,3.0,3.0,3.0,3.0,100.0,CNF
2023-06-13 14:32:00,3.0,3.0,3.0,3.0,100.0,CNF
2023-06-13 14:25:00,3.0,3.0,3.0,3.0,100.0,CNF
2023-06-13 14:22:00,3.0,3.0,3.0,3.0,100.0,CNF
2023-06-13 14:19:00,3.0,3.0,3.0,3.0,100.0,CNF
2023-06-13 14:16:00,3.0,3.0,3.0,3.0,100.0,CNF
2023-06-13 14:12:00,3.0,3.0,3.0,3.0,100.0,CNF
2023-06-13 14:09:00,3.0,3.0,3.0,3.0,100.0,CNF
2023-06-13 14:06:00,3.0,3.0,3.0,3.0,100.0,CNF
2023-06-13 14:03:00,3.0,3.0,3.0,3.0,100.0,CNF
2023-06-13 13:59:00,3.0,3.0,3.0,3.0,100.0,CNF
2023-06-13 13:56:00,3.0,3.0,3.0,3.0,100.0,CNF
2023-06-13 13:53:00,3.0,3.0,3.0,3.0,395.0,CNF
2023-06-13 13:52:00,3.0,3.0,3.0,3.0,400.0,CNF
2023-06-13 13:51:00,3.0,3.0,3.0,3.0,100.0,CNF
2023-06-13 13:50:00,3.0,3.0,2.98,2.98,1967.0,CNF
2023-06-13 13:46:00,3.0,3.0,3.0,3.0,100.0,CNF
2023-06-13 13:43:00,3.0,3.0,3.0,3.0,100.0,CNF
2023-06-13 13:40:00,3.0,3.0,3.0,3.0,100.0,CNF
2023-06-13 13:37:00,3.0,3.0,3.0,3.0,100.0,CNF
2023-06-13 13:30:00,3.0,3.0,3.0,3.0,100.0,CNF
2023-06-13 13:27:00,3.0,3.0,3.0,3.0,100.0,CNF
2023-06-13 13:24:00,3.0,3.0,3.0,3.0,100.0,CNF
2023-06-13 13:17:00,3.0,3.0,3.0,3.0,100.0,CNF
2023-06-13 13:14:00,3.0,3.0,3.0,3.0,100.0,CNF
2023-06-13 13:11:00,3.0,3.0,3.0,3.0,100.0,CNF
2023-06-13 13:07:00,3.0,3.0,3.0,3.0,129.0,CNF
2023-06-13 13:04:00,3.0,3.0,3.0,3.0,100.0,CNF
2023-06-13 13:01:00,3.0,3.0,2.98,3.0,448.0,CNF
2023-06-13 13:00:00,3.0,3.0,2.965,2.98,2050.0,CNF
2023-06-13 12:58:00,3.0,3.0,3.0,3.0,100.0,CNF
2023-06-13 12:45:00,3.0,3.0,3.0,3.0,100.0,CNF
2023-06-13 12:41:00,3.0,3.0,3.0,3.0,100.0,CNF
2023-06-13 12:38:00,3.0,3.0,3.0,3.0,100.0,CNF
2023-06-13 12:35:00,3.0,3.0,3.0,3.0,100.0,CNF
2023-06-13 12:19:00,2.965,2.965,2.965,2.965,100.0,CNF
2023-06-13 12:15:00,2.99,2.99,2.99,2.99,100.0,CNF
2023-06-13 12:12:00,3.0,3.0,3.0,3.0,100.0,CNF
2023-06-13 12:09:00,3.0,3.0,3.0,3.0,100.0,CNF
2023-06-13 12:06:00,3.0,3.0,3.0,3.0,100.0,CNF
2023-06-13 12:02:00,3.0,3.0,3.0,3.0,100.0,CNF
2023-06-13 11:56:00,3.0,3.0,3.0,3.0,100.0,CNF
2023-06-13 11:53:00,3.0,3.0,3.0,3.0,100.0,CNF
2023-06-13 11:49:00,3.0,3.0,3.0,3.0,100.0,CNF
2023-06-13 11:46:00,3.0,3.0,3.0,3.0,100.0,CNF
2023-06-13 11:43:00,2.955,2.955,2.955,2.955,100.0,CNF
2023-06-13 11:36:00,3.0,3.0,3.0,3.0,100.0,CNF
2023-06-13 11:30:00,3.0,3.0,3.0,3.0,100.0,CNF
2023-06-13 11:27:00,3.0,3.0,3.0,3.0,100.0,CNF
2023-06-13 11:23:00,3.0,3.0,3.0,3.0,100.0,CNF
2023-06-13 11:14:00,2.99,2.99,2.99,2.99,100.0,CNF
2023-06-13 11:07:00,3.0,3.0,3.0,3.0,100.0,CNF
2023-06-13 11:04:00,3.0,3.0,3.0,3.0,100.0,CNF
2023-06-13 11:01:00,3.0,3.0,3.0,3.0,100.0,CNF
2023-06-13 10:57:00,3.0,3.0,3.0,3.0,100.0,CNF
2023-06-13 10:51:00,2.945,2.945,2.945,2.945,100.0,CNF
2023-06-13 10:48:00,2.945,2.945,2.945,2.945,100.0,CNF
2023-06-13 10:44:00,3.0,3.0,3.0,3.0,100.0,CNF
2023-06-13 10:41:00,2.98,2.98,2.98,2.98,100.0,CNF
2023-06-13 10:38:00,2.98,2.98,2.98,2.98,100.0,CNF
2023-06-13 10:35:00,2.97,2.97,2.97,2.97,100.0,CNF
2023-06-13 10:31:00,2.97,2.97,2.97,2.97,100.0,CNF
2023-06-13 10:28:00,2.98,2.98,2.98,2.98,100.0,CNF
2023-06-13 10:25:00,2.98,2.98,2.98,2.98,100.0,CNF
2023-06-13 10:22:00,2.98,2.98,2.98,2.98,100.0,CNF
2023-06-13 10:18:00,2.98,2.98,2.98,2.98,100.0,CNF
2023-06-13 10:15:00,2.98,2.98,2.98,2.98,100.0,CNF
2023-06-13 10:12:00,2.99,2.99,2.99,2.99,100.0,CNF
2023-06-13 10:09:00,2.99,2.99,2.99,2.99,100.0,CNF
2023-06-13 10:05:00,2.99,2.99,2.99,2.99,100.0,CNF
2023-06-13 10:02:00,2.935,2.935,2.935,2.935,100.0,CNF
2023-06-13 09:56:00,2.99,2.99,2.93,2.93,1100.0,CNF
2023-06-13 09:52:00,3.0,3.0,3.0,3.0,100.0,CNF
2023-06-13 09:49:00,2.99,2.99,2.99,2.99,100.0,CNF
2023-06-13 09:46:00,2.98,2.98,2.98,2.98,102.0,CNF
2023-06-13 09:44:00,2.905,2.905,2.905,2.905,100.0,CNF
2023-06-13 09:43:00,2.905,2.905,2.905,2.905,200.0,CNF
2023-06-13 09:41:00,2.93,2.94,2.91,2.91,2432.0,CNF
2023-06-13 09:39:00,2.92,2.92,2.92,2.92,100.0,CNF
2023-06-13 09:36:00,2.92,2.92,2.92,2.92,100.0,CNF
2023-06-13 09:33:00,2.92,2.92,2.92,2.92,121.0,CNF
2023-06-13 09:30:00,3.0,3.0,3.0,3.0,424.0,CNF
2023-06-12 19:00:00,2.959,2.959,2.959,2.959,100.0,CNF
2023-06-12 18:30:00,2.959,2.959,2.959,2.959,100.0,CNF
2023-06-12 16:10:00,2.959,2.959,2.959,2.959,200.0,CNF
2023-06-12 16:00:00,2.959,2.959,2.89,2.959,500.0,CNF
2023-06-12 15:59:00,2.95,2.96,2.95,2.959,400.0,CNF
2023-06-12 15:58:00,2.89,2.89,2.89,2.89,1065.0,CNF
2023-06-12 15:55:00,2.92,2.98,2.92,2.925,700.0,CNF
2023-06-12 15:54:00,2.97,2.97,2.97,2.97,3000.0,CNF
2023-06-12 15:53:00,3.0,3.0,3.0,3.0,200.0,CNF
2023-06-12 15:46:00,3.0,3.0,3.0,3.0,200.0,CNF
2023-06-12 15:45:00,2.98,2.98,2.97,2.97,906.0,CNF
2023-06-12 15:40:00,2.96,2.99,2.96,2.99,200.0,CNF
2023-06-12 15:33:00,3.0,3.0,3.0,3.0,200.0,CNF
2023-06-12 15:27:00,3.0,3.0,3.0,3.0,200.0,CNF
2023-06-12 15:20:00,2.98,2.985,2.98,2.985,300.0,CNF
2023-06-12 15:14:00,3.0,3.0,3.0,3.0,200.0,CNF
2023-06-12 15:07:00,3.0,3.0,3.0,3.0,200.0,CNF
2023-06-12 15:01:00,3.0,3.0,3.0,3.0,200.0,CNF
2023-06-12 14:54:00,3.0,3.0,3.0,3.0,200.0,CNF
2023-06-12 14:47:00,3.0,3.0,3.0,3.0,200.0,CNF
2023-06-12 14:41:00,3.0,3.0,3.0,3.0,200.0,CNF
2023-06-12 14:34:00,3.0,3.0,2.98,2.98,200.0,CNF
2023-06-12 14:28:00,2.98,2.98,2.98,2.98,200.0,CNF
2023-06-12 14:21:00,3.0,3.0,3.0,3.0,200.0,CNF
2023-06-12 14:15:00,3.0,3.0,3.0,3.0,200.0,CNF
2023-06-12 14:10:00,2.96,2.96,2.96,2.96,117.0,CNF
2023-06-12 14:08:00,3.0,3.0,3.0,3.0,391.0,CNF
2023-06-12 14:02:00,3.0,3.0,3.0,3.0,200.0,CNF
2023-06-12 13:55:00,3.0,3.0,3.0,3.0,200.0,CNF
2023-06-12 13:48:00,3.0,3.0,3.0,3.0,200.0,CNF
2023-06-12 13:42:00,3.0,3.0,3.0,3.0,200.0,CNF
2023-06-12 13:35:00,3.0,3.0,3.0,3.0,200.0,CNF
2023-06-12 13:29:00,3.0,3.0,3.0,3.0,200.0,CNF
2023-06-12 13:23:00,2.97,2.97,2.97,2.97,100.0,CNF
2023-06-12 13:22:00,2.99,2.99,2.99,2.99,200.0,CNF
2023-06-12 13:16:00,3.0,3.0,3.0,3.0,200.0,CNF
2023-06-12 13:09:00,3.0,3.0,3.0,3.0,200.0,CNF
2023-06-12 13:03:00,3.0,3.0,3.0,3.0,200.0,CNF
2023-06-12 12:56:00,3.0,3.0,3.0,3.0,200.0,CNF
2023-06-12 12:49:00,3.0,3.0,2.955,2.955,200.0,CNF
2023-06-12 12:43:00,3.0,3.0,3.0,3.0,200.0,CNF
2023-06-12 12:38:00,2.955,2.955,2.955,2.955,100.0,CNF
2023-06-12 12:36:00,3.0,3.0,3.0,3.0,200.0,CNF
2023-06-12 12:34:00,2.96,2.96,2.96,2.96,200.0,CNF
2023-06-12 12:30:00,3.0,3.0,3.0,3.0,200.0,CNF
2023-06-12 12:23:00,3.0,3.0,3.0,3.0,200.0,CNF
2023-06-12 12:17:00,2.965,2.965,2.965,2.965,200.0,CNF
2023-06-12 12:10:00,3.0,3.0,3.0,3.0,200.0,CNF
2023-06-12 12:04:00,2.99,3.0,2.99,3.0,200.0,CNF
2023-06-12 11:57:00,2.96,2.96,2.96,2.96,200.0,CNF
2023-06-12 11:51:00,2.99,2.99,2.99,2.99,200.0,CNF
2023-06-12 11:44:00,3.0,3.0,3.0,3.0,200.0,CNF
2023-06-12 11:37:00,2.955,2.955,2.955,2.955,200.0,CNF
2023-06-12 11:31:00,3.0,3.0,3.0,3.0,200.0,CNF
2023-06-12 11:24:00,3.0,3.0,3.0,3.0,200.0,CNF
2023-06-12 11:18:00,3.0,3.0,3.0,3.0,200.0,CNF
2023-06-12 11:11:00,3.0,3.0,3.0,3.0,200.0,CNF
2023-06-12 11:05:00,3.0,3.0,3.0,3.0,200.0,CNF
2023-06-12 10:58:00,3.01,3.01,3.01,3.01,287.0,CNF
2023-06-12 10:52:00,3.01,3.01,3.01,3.01,200.0,CNF
2023-06-12 10:44:00,2.97,2.97,2.93,2.935,3821.0,CNF
2023-06-12 10:42:00,3.0,3.0,3.0,3.0,200.0,CNF
2023-06-12 10:35:00,2.99,3.0,2.99,3.0,200.0,CNF
2023-06-12 10:29:00,2.995,2.995,2.99,2.99,200.0,CNF
2023-06-12 10:22:00,2.995,2.995,2.99,2.99,200.0,CNF
2023-06-12 10:15:00,2.99,2.99,2.99,2.99,200.0,CNF
2023-06-12 10:09:00,2.99,2.99,2.99,2.99,200.0,CNF
2023-06-12 10:01:00,2.99,2.99,2.98,2.98,500.0,CNF
2023-06-12 09:56:00,3.0,3.0,3.0,3.0,200.0,CNF
2023-06-12 09:49:00,2.995,2.995,2.995,2.995,200.0,CNF
2023-06-12 09:43:00,3.01,3.01,3.01,3.01,300.0,CNF
2023-06-12 09:40:00,2.98,2.98,2.97,2.97,524.0,CNF
2023-06-12 09:36:00,2.96,2.96,2.96,2.96,200.0,CNF
2023-06-12 09:33:00,2.96,2.96,2.96,2.96,100.0,CNF
2023-06-12 09:30:00,2.89,2.89,2.89,2.89,482.0,CNF
2023-06-09 19:00:00,2.95,2.95,2.95,2.95,225.0,CNF
2023-06-09 18:30:00,2.95,2.95,2.95,2.95,225.0,CNF
2023-06-09 16:10:00,2.95,2.95,2.95,2.95,225.0,CNF
2023-06-09 16:00:00,2.93,2.95,2.93,2.95,792.0,CNF
2023-06-09 15:59:00,2.945,3.0,2.945,2.945,990.0,CNF
2023-06-09 15:54:00,2.945,2.945,2.945,2.945,100.0,CNF
2023-06-09 15:49:00,3.01,3.01,2.93,2.93,5193.0,CNF
2023-06-09 15:48:00,3.0,3.0,3.0,3.0,200.0,CNF
2023-06-09 15:47:00,3.09,3.09,3.01,3.01,306.0,CNF
2023-06-09 15:46:00,3.045,3.045,3.01,3.01,500.0,CNF
2023-06-09 15:44:00,3.03,3.03,3.0,3.0,409.0,CNF
2023-06-09 15:38:00,3.03,3.03,3.03,3.03,100.0,CNF
2023-06-09 15:37:00,3.0,3.09,3.0,3.085,2619.0,CNF
2023-06-09 15:28:00,2.99,3.0,2.99,3.0,531.0,CNF
2023-06-09 15:22:00,2.99,2.99,2.99,2.99,101.0,CNF
2023-06-09 15:15:00,2.99,2.99,2.99,2.99,400.0,CNF
2023-06-09 15:10:00,2.99,2.99,2.99,2.99,110.0,CNF
2023-06-09 15:02:00,2.99,2.99,2.99,2.99,400.0,CNF
2023-06-09 14:49:00,2.99,2.99,2.99,2.99,400.0,CNF
2023-06-09 14:43:00,2.99,2.99,2.99,2.99,100.0,CNF
2023-06-09 14:36:00,3.0,3.0,2.945,2.945,509.0,CNF
2023-06-09 14:29:00,2.99,2.99,2.99,2.99,257.0,CNF
2023-06-09 14:21:00,2.965,2.965,2.965,2.965,343.0,CNF
2023-06-09 14:20:00,3.02,3.02,2.98,2.98,1266.0,CNF
2023-06-09 14:19:00,3.09,3.1,3.09,3.1,370.0,CNF
2023-06-09 14:17:00,3.02,3.02,3.01,3.01,2465.0,CNF
2023-06-09 14:16:00,3.036,3.055,3.036,3.055,1100.0,CNF
2023-06-09 14:15:00,3.09,3.09,3.09,3.09,111.0,CNF
2023-06-09 14:10:00,3.055,3.055,3.055,3.055,100.0,CNF
2023-06-09 14:05:00,3.055,3.055,3.055,3.055,100.0,CNF
2023-06-09 14:01:00,3.1,3.1,3.07,3.07,500.0,CNF
2023-06-09 13:59:00,3.07,3.07,3.07,3.07,100.0,CNF
2023-06-09 13:50:00,3.07,3.07,3.07,3.07,100.0,CNF
2023-06-09 13:44:00,3.065,3.065,3.065,3.065,100.0,CNF
2023-06-09 13:40:00,3.1,3.1,3.1,3.1,400.0,CNF
2023-06-09 13:31:00,3.06,3.06,3.06,3.06,100.0,CNF
2023-06-09 13:27:00,3.09,3.09,3.09,3.09,102.0,CNF
2023-06-09 13:23:00,3.06,3.06,3.06,3.06,100.0,CNF
2023-06-09 13:20:00,3.03,3.03,3.03,3.03,100.0,CNF
2023-06-09 13:19:00,3.1,3.1,3.1,3.1,400.0,CNF
2023-06-09 13:17:00,3.06,3.06,3.06,3.06,100.0,CNF
2023-06-09 13:11:00,3.055,3.055,3.055,3.055,100.0,CNF
2023-06-09 13:08:00,3.055,3.09,3.055,3.09,211.0,CNF
2023-06-09 13:04:00,3.05,3.05,3.05,3.05,451.0,CNF
2023-06-09 13:01:00,3.03,3.03,3.03,3.03,200.0,CNF
2023-06-09 12:57:00,3.03,3.03,3.03,3.03,100.0,CNF
2023-06-09 12:53:00,3.03,3.03,3.03,3.03,100.0,CNF
2023-06-09 12:50:00,3.03,3.03,3.03,3.03,100.0,CNF
2023-06-09 12:49:00,3.03,3.03,3.03,3.03,100.0,CNF
2023-06-09 12:45:00,3.05,3.05,3.05,3.05,452.0,CNF
2023-06-09 12:41:00,3.025,3.025,3.025,3.025,100.0,CNF
2023-06-09 12:33:00,3.03,3.03,3.03,3.03,100.0,CNF
2023-06-09 12:28:00,3.025,3.025,3.025,3.025,200.0,CNF
2023-06-09 12:26:00,3.02,3.02,3.02,3.02,100.0,CNF
2023-06-09 12:25:00,3.06,3.06,3.02,3.02,347.0,CNF
2023-06-09 12:17:00,3.05,3.05,3.05,3.05,103.0,CNF
2023-06-09 12:14:00,3.055,3.06,3.05,3.06,402.0,CNF
2023-06-09 12:08:00,3.015,3.015,3.015,3.015,100.0,CNF
2023-06-09 12:00:00,3.01,3.01,3.01,3.01,105.0,CNF
2023-06-09 11:58:00,3.01,3.01,3.01,3.01,167.0,CNF
2023-06-09 11:53:00,3.05,3.05,3.05,3.05,160.0,CNF
2023-06-09 11:52:00,3.01,3.01,3.01,3.01,100.0,CNF
2023-06-09 11:42:00,3.005,3.005,3.005,3.005,200.0,CNF
2023-06-09 11:40:00,3.005,3.005,3.005,3.005,281.0,CNF
2023-06-09 11:31:00,3.0,3.005,2.99,3.005,1810.0,CNF
2023-06-09 11:24:00,3.0,3.0,2.965,2.965,500.0,CNF
2023-06-09 11:12:00,2.96,2.96,2.96,2.96,100.0,CNF
2023-06-09 11:11:00,3.0,3.0,3.0,3.0,400.0,CNF
2023-06-09 11:03:00,2.99,2.99,2.99,2.99,113.0,CNF
2023-06-09 10:57:00,3.0,3.0,2.955,3.0,814.0,CNF
2023-06-09 10:53:00,2.955,2.955,2.955,2.955,100.0,CNF
2023-06-09 10:52:00,3.0,3.0,3.0,3.0,103.0,CNF
2023-06-09 10:42:00,2.99,2.99,2.99,2.99,116.0,CNF
2023-06-09 10:37:00,2.99,2.99,2.99,2.99,111.0,CNF
2023-06-09 10:35:00,3.0,3.0,2.945,2.945,500.0,CNF
2023-06-09 10:33:00,2.99,2.99,2.99,2.99,103.0,CNF
2023-06-09 10:28:00,2.99,2.99,2.99,2.99,104.0,CNF
2023-06-09 10:22:00,2.945,2.945,2.945,2.945,100.0,CNF
2023-06-09 10:20:00,2.945,2.945,2.945,2.945,200.0,CNF
2023-06-09 10:18:00,2.94,2.94,2.94,2.94,100.0,CNF
2023-06-09 10:15:00,2.925,2.925,2.925,2.925,100.0,CNF
2023-06-09 10:11:00,2.99,3.0,2.87,3.0,5192.0,CNF
2023-06-09 10:09:00,3.025,3.025,3.0,3.0,392.0,CNF
2023-06-09 10:07:00,3.025,3.025,3.0,3.0,1318.0,CNF
2023-06-09 10:06:00,3.045,3.045,3.0,3.025,700.0,CNF
2023-06-09 10:03:00,3.0,3.025,3.0,3.025,300.0,CNF
2023-06-09 10:00:00,3.0,3.0,3.0,3.0,100.0,CNF
2023-06-09 09:57:00,3.04,3.04,3.04,3.04,100.0,CNF
2023-06-09 09:54:00,3.0,3.01,3.0,3.01,300.0,CNF
2023-06-09 09:50:00,3.0,3.0,3.0,3.0,100.0,CNF
2023-06-09 09:46:00,3.0,3.0,3.0,3.0,200.0,CNF
2023-06-09 09:43:00,3.0,3.0,3.0,3.0,100.0,CNF
2023-06-09 09:39:00,3.0,3.0,3.0,3.0,100.0,CNF
2023-06-09 09:35:00,3.0,3.0,3.0,3.0,200.0,CNF
2023-06-08 19:00:00,2.99,2.99,2.99,2.99,101.0,CNF
2023-06-08 18:30:00,2.99,2.99,2.99,2.99,101.0,CNF
2023-06-08 16:10:00,2.99,2.99,2.99,2.99,101.0,CNF
2023-06-08 16:00:00,2.95,3.01,2.95,2.99,402.0,CNF
2023-06-08 15:59:00,3.01,3.01,2.95,2.95,722.0,CNF
2023-06-08 15:57:00,3.0,3.0,3.0,3.0,150.0,CNF
2023-06-08 15:45:00,3.0,3.01,3.0,3.01,381.0,CNF
2023-06-08 15:32:00,2.98,2.98,2.98,2.98,100.0,CNF
2023-06-08 15:27:00,2.975,2.975,2.975,2.975,100.0,CNF
2023-06-08 15:25:00,2.975,2.975,2.975,2.975,100.0,CNF
2023-06-08 15:22:00,2.975,2.975,2.975,2.975,100.0,CNF
2023-06-08 15:16:00,3.005,3.007,3.005,3.007,461.0,CNF
2023-06-08 15:02:00,3.005,3.005,3.005,3.005,101.0,CNF
2023-06-08 14:59:00,3.0,3.0,3.0,3.0,100.0,CNF
2023-06-08 14:53:00,3.0,3.0,3.0,3.0,200.0,CNF
2023-06-08 14:49:00,3.0,3.0,3.0,3.0,100.0,CNF
2023-06-08 14:46:00,3.0,3.0,3.0,3.0,200.0,CNF
2023-06-08 14:39:00,2.995,2.995,2.995,2.995,110.0,CNF
2023-06-08 14:36:00,3.05,3.05,3.05,3.05,400.0,CNF
2023-06-08 14:19:00,2.99,2.99,2.99,2.99,100.0,CNF
2023-06-08 14:15:00,3.005,3.005,3.005,3.005,100.0,CNF
2023-06-08 14:13:00,3.005,3.005,3.005,3.005,100.0,CNF
2023-06-08 14:10:00,3.005,3.005,3.005,3.005,100.0,CNF
2023-06-08 14:07:00,3.005,3.005,3.005,3.005,200.0,CNF
2023-06-08 14:02:00,3.05,3.05,3.05,3.05,400.0,CNF
2023-06-08 13:44:00,3.015,3.015,3.015,3.015,200.0,CNF
2023-06-08 13:33:00,3.015,3.015,3.015,3.015,100.0,CNF
2023-06-08 13:28:00,3.01,3.01,3.01,3.01,200.0,CNF
2023-06-08 13:25:00,3.01,3.01,3.01,3.01,300.0,CNF
2023-06-08 13:15:00,3.0,3.01,3.0,3.01,400.0,CNF
2023-06-08 13:12:00,3.0,3.0,3.0,3.0,100.0,CNF
2023-06-08 13:09:00,3.0,3.0,3.0,3.0,100.0,CNF
2023-06-08 13:06:00,3.0,3.0,3.0,3.0,160.0,CNF
2023-06-08 13:04:00,3.025,3.025,3.025,3.025,144.0,CNF
2023-06-08 13:03:00,3.025,3.025,3.025,3.025,200.0,CNF
2023-06-08 13:02:00,3.025,3.025,3.025,3.025,200.0,CNF
2023-06-08 12:57:00,3.025,3.025,3.025,3.025,200.0,CNF
2023-06-08 12:53:00,3.02,3.02,3.02,3.02,139.0,CNF
2023-06-08 12:50:00,3.02,3.02,3.02,3.02,100.0,CNF
2023-06-08 12:47:00,3.02,3.02,3.02,3.02,100.0,CNF
2023-06-08 12:42:00,3.0,3.02,3.0,3.02,399.0,CNF
2023-06-08 12:28:00,3.015,3.015,3.015,3.015,100.0,CNF
2023-06-08 12:25:00,3.01,3.01,3.01,3.01,100.0,CNF
2023-06-08 12:20:00,3.01,3.01,3.01,3.01,100.0,CNF
2023-06-08 12:19:00,3.01,3.01,3.01,3.01,100.0,CNF
2023-06-08 12:15:00,3.01,3.01,3.01,3.01,100.0,CNF
2023-06-08 12:06:00,3.005,3.005,3.005,3.005,100.0,CNF
2023-06-08 12:03:00,3.005,3.005,3.005,3.005,100.0,CNF
2023-06-08 12:01:00,3.005,3.005,3.005,3.005,100.0,CNF
2023-06-08 11:57:00,3.005,3.005,3.005,3.005,100.0,CNF
2023-06-08 11:51:00,3.0,3.0,3.0,3.0,361.0,CNF
2023-06-08 11:46:00,3.0,3.0,3.0,3.0,136.0,CNF
2023-06-08 11:45:00,2.98,2.98,2.98,2.98,452.0,CNF
2023-06-08 11:32:00,2.925,2.925,2.925,2.925,100.0,CNF
2023-06-08 11:29:00,2.98,2.98,2.98,2.98,400.0,CNF
2023-06-08 11:13:00,2.99,2.99,2.99,2.99,400.0,CNF
2023-06-08 10:57:00,2.99,2.99,2.99,2.99,400.0,CNF
2023-06-08 10:44:00,2.915,2.915,2.915,2.915,100.0,CNF
2023-06-08 10:39:00,2.92,2.92,2.92,2.92,452.0,CNF
2023-06-08 10:26:00,2.865,2.865,2.865,2.865,100.0,CNF
2023-06-08 10:22:00,2.9,2.9,2.9,2.9,514.0,CNF
2023-06-08 10:07:00,2.9,2.9,2.9,2.9,400.0,CNF
2023-06-08 09:57:00,2.89,2.89,2.89,2.89,284.0,CNF
2023-06-08 09:43:00,2.9,2.9,2.85,2.9,1594.0,CNF
2023-06-08 09:42:00,2.9,2.9,2.89,2.9,3650.0,CNF
2023-06-08 09:30:00,2.9,2.9,2.9,2.9,101.0,CNF
2023-06-07 19:00:00,2.896,2.896,2.896,2.896,100.0,CNF
2023-06-07 18:30:00,2.896,2.896,2.896,2.896,100.0,CNF
2023-06-07 16:10:00,2.896,2.896,2.896,2.896,200.0,CNF
2023-06-07 16:00:00,2.896,2.95,2.87,2.896,506.0,CNF
2023-06-07 15:59:00,2.9,2.91,2.87,2.896,2750.0,CNF
2023-06-07 15:58:00,2.9,2.9,2.9,2.9,100.0,CNF
2023-06-07 15:53:00,2.93,2.93,2.93,2.93,100.0,CNF
2023-06-07 15:50:00,2.93,2.93,2.93,2.93,100.0,CNF
2023-06-07 15:46:00,2.95,2.95,2.95,2.95,300.0,CNF
2023-06-07 15:45:00,2.93,2.93,2.92,2.92,834.0,CNF
2023-06-07 15:44:00,2.98,2.99,2.98,2.99,3100.0,CNF
2023-06-07 15:43:00,2.955,2.955,2.955,2.955,100.0,CNF
2023-06-07 15:40:00,2.955,2.955,2.955,2.955,100.0,CNF
2023-06-07 15:37:00,2.955,2.955,2.955,2.955,100.0,CNF
2023-06-07 15:34:00,2.95,2.95,2.95,2.95,100.0,CNF
2023-06-07 15:31:00,2.975,2.975,2.95,2.95,296.0,CNF
2023-06-07 15:27:00,2.975,2.975,2.975,2.975,100.0,CNF
2023-06-07 15:24:00,2.975,2.975,2.975,2.975,100.0,CNF
2023-06-07 15:21:00,2.975,2.975,2.975,2.975,100.0,CNF
2023-06-07 15:18:00,2.975,2.975,2.975,2.975,100.0,CNF
2023-06-07 15:11:00,2.975,2.975,2.975,2.975,100.0,CNF
2023-06-07 15:08:00,2.975,2.975,2.975,2.975,100.0,CNF
2023-06-07 15:05:00,2.975,2.975,2.975,2.975,100.0,CNF
2023-06-07 14:58:00,2.975,2.975,2.975,2.975,100.0,CNF
2023-06-07 14:55:00,2.97,2.97,2.95,2.95,273.0,CNF
2023-06-07 14:49:00,2.965,2.965,2.965,2.965,200.0,CNF
2023-06-07 14:46:00,2.94,2.94,2.94,2.94,100.0,CNF
2023-06-07 14:42:00,2.965,2.965,2.965,2.965,200.0,CNF
2023-06-07 14:36:00,2.965,2.965,2.965,2.965,200.0,CNF
2023-06-07 14:29:00,2.965,2.965,2.965,2.965,200.0,CNF
2023-06-07 14:23:00,2.99,2.99,2.99,2.99,200.0,CNF
2023-06-07 14:16:00,3.0,3.0,3.0,3.0,200.0,CNF
2023-06-07 14:10:00,2.965,3.0,2.965,3.0,200.0,CNF
2023-06-07 14:03:00,3.0,3.0,3.0,3.0,200.0,CNF
2023-06-07 13:57:00,3.0,3.0,3.0,3.0,200.0,CNF
2023-06-07 13:51:00,3.0,3.0,3.0,3.0,252.0,CNF
2023-06-07 13:44:00,3.0,3.0,3.0,3.0,200.0,CNF
2023-06-07 13:38:00,2.955,3.0,2.955,3.0,292.0,CNF
2023-06-07 13:31:00,2.95,3.0,2.95,3.0,200.0,CNF
2023-06-07 13:25:00,2.965,3.01,2.965,3.01,428.0,CNF
2023-06-07 13:22:00,3.02,3.074,3.02,3.02,1896.0,CNF
2023-06-07 13:19:00,3.02,3.02,3.02,3.02,100.0,CNF
2023-06-07 13:18:00,3.06,3.06,3.06,3.06,200.0,CNF
2023-06-07 13:12:00,3.055,3.055,3.01,3.01,400.0,CNF
2023-06-07 13:09:00,3.01,3.01,3.01,3.01,100.0,CNF
2023-06-07 13:06:00,3.01,3.01,3.01,3.01,100.0,CNF
2023-06-07 13:05:00,3.055,3.055,3.055,3.055,200.0,CNF
2023-06-07 13:03:00,3.01,3.01,3.01,3.01,100.0,CNF
2023-06-07 13:00:00,3.02,3.02,3.02,3.02,100.0,CNF
2023-06-07 12:59:00,3.055,3.055,3.055,3.055,200.0,CNF
2023-06-07 12:57:00,3.01,3.01,3.01,3.01,102.0,CNF
2023-06-07 12:52:00,3.05,3.05,3.05,3.05,200.0,CNF
2023-06-07 12:46:00,3.05,3.05,3.05,3.05,100.0,CNF
2023-06-07 12:45:00,3.01,3.02,3.0,3.0,1308.0,CNF
2023-06-07 12:43:00,3.005,3.005,3.005,3.005,200.0,CNF
2023-06-07 12:37:00,3.01,3.01,3.01,3.01,200.0,CNF
2023-06-07 12:31:00,3.01,3.01,3.01,3.01,200.0,CNF
2023-06-07 12:24:00,3.0,3.01,3.0,3.01,200.0,CNF
2023-06-07 12:18:00,3.0,3.0,3.0,3.0,200.0,CNF
2023-06-07 12:13:00,3.0,3.0,3.0,3.0,200.0,CNF
2023-06-07 12:10:00,3.0,3.0,3.0,3.0,200.0,CNF
2023-06-07 12:09:00,3.0,3.0,3.0,3.0,400.0,CNF
2023-06-07 12:05:00,3.0,3.0,3.0,3.0,200.0,CNF
2023-06-07 11:58:00,2.99,3.0,2.99,3.0,200.0,CNF
2023-06-07 11:53:00,3.0,3.0,2.97,2.97,5255.0,CNF
2023-06-07 11:52:00,3.0,3.0,3.0,3.0,200.0,CNF
2023-06-07 11:46:00,2.99,2.99,2.99,2.99,200.0,CNF
2023-06-07 11:39:00,2.99,2.99,2.99,2.99,200.0,CNF
2023-06-07 11:33:00,3.0,3.0,3.0,3.0,200.0,CNF
2023-06-07 11:26:00,3.0,3.0,3.0,3.0,200.0,CNF
2023-06-07 11:13:00,3.0,3.0,3.0,3.0,200.0,CNF
2023-06-07 11:07:00,3.0,3.0,3.0,3.0,200.0,CNF
2023-06-07 11:02:00,2.985,2.985,2.985,2.985,100.0,CNF
2023-06-07 11:00:00,3.0,3.0,3.0,3.0,459.0,CNF
2023-06-07 10:54:00,3.0,3.0,3.0,3.0,267.0,CNF
2023-06-07 10:48:00,3.0,3.0,3.0,3.0,200.0,CNF
2023-06-07 10:41:00,3.0,3.0,3.0,3.0,291.0,CNF
2023-06-07 10:35:00,3.0,3.0,3.0,3.0,200.0,CNF
2023-06-07 10:28:00,2.955,2.98,2.955,2.98,400.0,CNF
2023-06-07 10:22:00,2.95,2.95,2.95,2.95,200.0,CNF
2023-06-07 10:15:00,2.95,2.95,2.95,2.95,200.0,CNF
2023-06-07 10:09:00,2.945,2.945,2.945,2.945,200.0,CNF
2023-06-07 10:03:00,2.945,2.945,2.945,2.945,100.0,CNF
2023-06-07 09:57:00,2.94,2.94,2.94,2.94,200.0,CNF
2023-06-07 09:50:00,2.945,2.945,2.945,2.945,200.0,CNF
2023-06-07 09:44:00,2.945,2.945,2.945,2.945,200.0,CNF
2023-06-07 09:42:00,2.9,2.92,2.9,2.92,1959.0,CNF
2023-06-07 09:41:00,2.73,2.73,2.73,2.73,1902.0,CNF
2023-06-07 09:37:00,2.9,2.9,2.9,2.9,200.0,CNF
2023-06-07 09:31:00,2.9,2.9,2.9,2.9,100.0,CNF
2023-06-07 09:30:00,2.83,2.83,2.83,2.83,353.0,CNF
2023-06-06 19:00:00,2.896,2.896,2.896,2.896,100.0,CNF
2023-06-06 18:30:00,2.896,2.896,2.896,2.896,100.0,CNF
2023-06-06 16:10:00,2.896,2.896,2.896,2.896,100.0,CNF
2023-06-06 16:00:00,2.896,2.896,2.85,2.896,315.0,CNF
2023-06-06 15:59:00,2.84,2.896,2.796,2.896,532.0,CNF
2023-06-06 15:58:00,2.83,2.83,2.816,2.816,255.0,CNF
2023-06-06 15:57:00,2.832,2.86,2.81,2.81,572.0,CNF
2023-06-06 15:55:00,2.89,2.89,2.813,2.813,500.0,CNF
2023-06-06 15:54:00,2.848,2.85,2.84,2.84,900.0,CNF
2023-06-06 15:50:00,2.846,2.854,2.846,2.854,800.0,CNF
2023-06-06 15:46:00,2.885,2.97,2.885,2.9,1700.0,CNF
2023-06-06 15:45:00,2.875,2.97,2.82,2.89,14411.0,CNF
2023-06-06 15:44:00,2.88,2.905,2.88,2.905,561.0,CNF
2023-06-06 13:13:00,2.87,2.87,2.87,2.87,200.0,CNF
2023-06-06 13:10:00,2.86,2.86,2.86,2.86,100.0,CNF
2023-06-06 10:33:00,2.909,2.909,2.909,2.909,100.0,CNF
2023-06-06 10:30:00,2.77,2.77,2.77,2.77,163.0,CNF
2023-06-06 10:07:00,2.909,2.909,2.909,2.909,100.0,CNF
2023-06-06 09:43:00,2.85,2.85,2.85,2.85,835.0,CNF
2023-06-06 09:42:00,2.86,3.01,2.85,2.85,6000.0,CNF
2023-06-06 09:41:00,3.0,3.02,3.0,3.02,2062.0,CNF
2023-06-06 09:40:00,2.95,2.98,2.95,2.98,3038.0,CNF
2023-06-05 19:00:00,2.86,2.86,2.86,2.86,100.0,CNF
2023-06-05 18:30:00,2.86,2.86,2.86,2.86,100.0,CNF
2023-06-05 16:10:00,2.86,2.86,2.86,2.86,100.0,CNF
2023-06-05 16:00:00,2.86,2.94,2.86,2.86,276.0,CNF
2023-06-05 15:59:00,2.87,2.87,2.86,2.86,422.0,CNF
2023-06-05 15:55:00,2.94,2.94,2.88,2.88,600.0,CNF
2023-06-05 15:50:00,2.98,2.98,2.92,2.92,2000.0,CNF
2023-06-05 15:49:00,2.94,2.99,2.94,2.99,544.0,CNF
2023-06-05 15:41:00,2.98,2.99,2.935,2.935,485.0,CNF
2023-06-05 15:35:00,2.99,2.99,2.99,2.99,200.0,CNF
2023-06-05 15:20:00,2.95,2.95,2.95,2.95,100.0,CNF
2023-06-05 15:18:00,2.99,2.99,2.99,2.99,400.0,CNF
2023-06-05 15:05:00,2.945,2.945,2.945,2.945,100.0,CNF
2023-06-05 15:02:00,2.99,2.99,2.99,2.99,400.0,CNF
2023-06-05 14:49:00,2.99,2.99,2.99,2.99,400.0,CNF
2023-06-05 14:36:00,3.0,3.0,2.95,2.95,662.0,CNF
2023-06-05 14:23:00,3.0,3.0,3.0,3.0,400.0,CNF
2023-06-05 14:11:00,3.0,3.0,2.945,2.945,545.0,CNF
2023-06-05 13:58:00,3.0,3.0,2.965,2.965,500.0,CNF
2023-06-05 13:47:00,3.0,3.0,3.0,3.0,200.0,CNF
2023-06-05 13:44:00,3.0,3.0,2.96,2.96,650.0,CNF
2023-06-05 13:31:00,3.0,3.0,2.955,2.955,500.0,CNF
2023-06-05 13:22:00,2.985,2.985,2.985,2.985,341.0,CNF
2023-06-05 13:09:00,2.99,2.99,2.95,2.95,600.0,CNF
2023-06-05 13:08:00,2.983,2.983,2.945,2.945,432.0,CNF
2023-06-05 13:00:00,2.99,2.99,2.99,2.99,400.0,CNF
2023-06-05 12:47:00,2.99,2.99,2.99,2.99,400.0,CNF
2023-06-05 12:35:00,2.99,2.99,2.99,2.99,400.0,CNF
2023-06-05 12:22:00,2.99,2.99,2.99,2.99,400.0,CNF
2023-06-05 12:21:00,2.87,2.87,2.87,2.87,435.0,CNF
2023-06-05 12:18:00,2.93,2.93,2.93,2.93,184.0,CNF
2023-06-05 12:09:00,2.99,2.99,2.99,2.99,400.0,CNF
2023-06-05 11:56:00,2.93,2.93,2.93,2.93,100.0,CNF
2023-06-05 11:55:00,2.93,2.93,2.93,2.93,200.0,CNF
2023-06-05 11:53:00,2.93,2.93,2.93,2.93,100.0,CNF
2023-06-05 11:48:00,2.93,2.93,2.93,2.93,100.0,CNF
2023-06-05 11:43:00,2.93,2.93,2.93,2.93,200.0,CNF
2023-06-05 11:37:00,2.93,2.93,2.93,2.93,100.0,CNF
2023-06-05 11:35:00,2.93,2.93,2.93,2.93,100.0,CNF
2023-06-05 11:32:00,2.93,2.93,2.93,2.93,100.0,CNF
2023-06-05 11:28:00,2.93,2.93,2.93,2.93,200.0,CNF
2023-06-05 11:24:00,2.93,2.93,2.93,2.93,100.0,CNF
2023-06-05 11:18:00,2.94,2.94,2.94,2.94,100.0,CNF
2023-06-05 11:14:00,2.94,2.94,2.94,2.94,200.0,CNF
2023-06-05 11:12:00,2.945,2.945,2.94,2.94,300.0,CNF
2023-06-05 11:09:00,2.945,2.945,2.945,2.945,100.0,CNF
2023-06-05 11:06:00,2.99,3.0,2.99,3.0,400.0,CNF
2023-06-05 10:53:00,2.99,3.0,2.99,3.0,400.0,CNF
2023-06-05 10:41:00,3.0,3.0,3.0,3.0,400.0,CNF
2023-06-05 10:28:00,2.99,2.99,2.99,2.99,400.0,CNF
2023-06-05 10:14:00,2.99,2.99,2.9,2.9,796.0,CNF
2023-06-05 10:00:00,3.05,3.05,3.05,3.05,378.0,CNF
2023-06-05 09:56:00,3.09,3.09,3.02,3.02,950.0,CNF
2023-06-05 09:52:00,3.05,3.09,3.05,3.09,550.0,CNF
2023-06-05 09:49:00,3.06,3.06,3.06,3.06,100.0,CNF
2023-06-05 09:45:00,3.08,3.08,3.08,3.08,222.0,CNF
2023-06-05 09:38:00,3.085,3.085,3.085,3.085,100.0,CNF
2023-06-05 09:37:00,3.085,3.085,3.085,3.085,100.0,CNF
2023-06-05 09:33:00,3.085,3.085,3.085,3.085,100.0,CNF
2023-06-05 09:29:00,3.07,3.07,3.0,3.0,905.0,CNF
2023-06-02 19:00:00,3.0,3.0,3.0,3.0,119.0,CNF
2023-06-02 18:30:00,3.0,3.0,3.0,3.0,119.0,CNF
2023-06-02 16:10:00,3.0,3.0,3.0,3.0,119.0,CNF
2023-06-02 16:00:00,2.92,3.15,2.92,3.0,438.0,CNF
2023-06-02 15:59:00,2.92,3.02,2.91,2.92,1436.0,CNF
2023-06-02 15:49:00,3.03,3.08,3.03,3.08,313.0,CNF
2023-06-02 15:48:00,3.03,3.03,3.03,3.03,205.0,CNF
2023-06-02 15:47:00,3.03,3.03,3.03,3.03,100.0,CNF
2023-06-02 15:46:00,3.03,3.03,3.03,3.03,200.0,CNF
2023-06-02 15:45:00,3.03,3.03,3.03,3.03,100.0,CNF
2023-06-02 15:43:00,3.03,3.03,3.03,3.03,145.0,CNF
2023-06-02 15:41:00,3.09,3.09,3.09,3.09,100.0,CNF
2023-06-02 15:35:00,3.09,3.09,3.09,3.09,100.0,CNF
2023-06-02 15:32:00,3.1,3.1,3.1,3.1,100.0,CNF
2023-06-02 15:30:00,3.06,3.06,3.06,3.06,100.0,CNF
2023-06-02 15:27:00,3.06,3.06,3.06,3.06,100.0,CNF
2023-06-02 15:26:00,3.028,3.046,3.02,3.046,1010.0,CNF
2023-06-02 15:24:00,3.1,3.1,3.1,3.1,100.0,CNF
2023-06-02 15:21:00,3.1,3.1,3.1,3.1,100.0,CNF
2023-06-02 15:15:00,3.11,3.11,3.11,3.11,110.0,CNF
2023-06-02 15:12:00,3.11,3.11,3.11,3.11,100.0,CNF
2023-06-02 15:10:00,3.065,3.065,3.065,3.065,100.0,CNF
2023-06-02 15:05:00,3.02,3.02,3.02,3.02,100.0,CNF
2023-06-02 15:03:00,3.02,3.02,3.02,3.02,110.0,CNF
2023-06-02 14:58:00,3.02,3.02,3.02,3.02,100.0,CNF
2023-06-02 14:53:00,3.02,3.02,3.02,3.02,100.0,CNF
2023-06-02 14:52:00,3.12,3.12,3.12,3.12,100.0,CNF
2023-06-02 14:47:00,3.075,3.075,3.075,3.075,200.0,CNF
2023-06-02 14:42:00,3.05,3.05,3.03,3.03,1100.0,CNF
2023-06-02 14:38:00,3.13,3.13,3.13,3.13,100.0,CNF
2023-06-02 14:36:00,3.05,3.05,3.05,3.05,100.0,CNF
2023-06-02 14:35:00,3.13,3.13,3.13,3.13,100.0,CNF
2023-06-02 14:32:00,3.13,3.13,3.13,3.13,100.0,CNF
2023-06-02 14:30:00,3.05,3.05,3.05,3.05,200.0,CNF
2023-06-02 14:27:00,3.13,3.13,3.13,3.13,100.0,CNF
2023-06-02 14:24:00,3.13,3.13,3.05,3.05,200.0,CNF
2023-06-02 14:21:00,3.13,3.13,3.13,3.13,100.0,CNF
2023-06-02 14:19:00,3.04,3.04,3.04,3.04,100.0,CNF
2023-06-02 14:18:00,3.13,3.13,3.13,3.13,110.0,CNF
2023-06-02 14:13:00,3.04,3.04,3.04,3.04,100.0,CNF
2023-06-02 14:12:00,3.13,3.13,3.13,3.13,100.0,CNF
2023-06-02 14:07:00,3.075,3.075,3.03,3.03,200.0,CNF
2023-06-02 14:04:00,3.13,3.13,3.13,3.13,100.0,CNF
2023-06-02 14:01:00,3.13,3.13,3.13,3.13,100.0,CNF
2023-06-02 13:58:00,3.13,3.13,3.03,3.03,200.0,CNF
2023-06-02 13:56:00,3.03,3.03,3.03,3.03,100.0,CNF
2023-06-02 13:52:00,3.08,3.08,3.08,3.08,100.0,CNF
2023-06-02 13:50:00,3.075,3.075,3.03,3.03,200.0,CNF
2023-06-02 13:48:00,3.055,3.057,3.055,3.057,2000.0,CNF
2023-06-02 13:47:00,3.13,3.13,3.13,3.13,100.0,CNF
2023-06-02 13:44:00,3.13,3.13,3.13,3.13,100.0,CNF
2023-06-02 13:43:00,3.03,3.03,3.03,3.03,100.0,CNF
2023-06-02 13:41:00,3.13,3.13,3.13,3.13,100.0,CNF
2023-06-02 13:38:00,3.13,3.13,3.13,3.13,100.0,CNF
2023-06-02 13:36:00,3.04,3.04,3.04,3.04,110.0,CNF
2023-06-02 13:33:00,3.13,3.13,3.13,3.13,400.0,CNF
2023-06-02 13:32:00,3.13,3.13,3.13,3.13,100.0,CNF
2023-06-02 13:30:00,3.075,3.075,3.075,3.075,100.0,CNF
2023-06-02 13:29:00,3.03,3.03,3.03,3.03,100.0,CNF
2023-06-02 13:27:00,3.075,3.075,3.075,3.075,100.0,CNF
2023-06-02 13:24:00,3.075,3.075,3.075,3.075,100.0,CNF
2023-06-02 13:21:00,3.021,3.03,3.021,3.03,1100.0,CNF
2023-06-02 13:20:00,3.06,3.06,3.02,3.02,1000.0,CNF
2023-06-02 13:19:00,3.08,3.085,3.07,3.085,1000.0,CNF
2023-06-02 13:18:00,3.13,3.13,3.13,3.13,110.0,CNF
2023-06-02 13:15:00,3.13,3.13,3.13,3.13,100.0,CNF
2023-06-02 13:14:00,3.07,3.07,3.07,3.07,100.0,CNF
2023-06-02 13:12:00,3.13,3.13,3.13,3.13,125.0,CNF
2023-06-02 13:10:00,3.13,3.13,3.13,3.13,100.0,CNF
2023-06-02 13:07:00,3.12,3.12,3.12,3.12,100.0,CNF
2023-06-02 13:06:00,3.07,3.07,3.07,3.07,100.0,CNF
2023-06-02 13:05:00,3.129,3.13,3.129,3.13,456.0,CNF
2023-06-02 13:04:00,3.12,3.12,3.12,3.12,100.0,CNF
2023-06-02 13:01:00,3.12,3.12,3.12,3.12,110.0,CNF
2023-06-02 12:59:00,3.07,3.07,3.07,3.07,100.0,CNF
2023-06-02 12:58:00,3.13,3.13,3.13,3.13,100.0,CNF
2023-06-02 12:55:00,3.13,3.13,3.13,3.13,100.0,CNF
2023-06-02 12:52:00,3.07,3.07,3.07,3.07,200.0,CNF
2023-06-02 12:50:00,3.12,3.12,3.12,3.12,144.0,CNF
2023-06-02 12:47:00,3.13,3.13,3.13,3.13,100.0,CNF
2023-06-02 12:45:00,3.06,3.06,3.06,3.06,100.0,CNF
2023-06-02 12:44:00,3.13,3.13,3.13,3.13,100.0,CNF
2023-06-02 12:41:00,3.13,3.13,3.13,3.13,100.0,CNF
2023-06-02 12:38:00,3.12,3.12,3.12,3.12,100.0,CNF
2023-06-02 12:37:00,3.05,3.05,3.05,3.05,100.0,CNF
2023-06-02 12:35:00,3.12,3.12,3.12,3.12,100.0,CNF
2023-06-02 12:33:00,3.13,3.13,3.13,3.13,110.0,CNF
2023-06-02 12:30:00,3.13,3.13,3.03,3.03,200.0,CNF
2023-06-02 12:25:00,3.09,3.09,3.09,3.09,314.0,CNF
2023-06-02 12:24:00,3.13,3.13,3.13,3.13,100.0,CNF
2023-06-02 12:23:00,3.09,3.09,3.09,3.09,100.0,CNF
2023-06-02 12:22:00,3.13,3.13,3.13,3.13,350.0,CNF
2023-06-02 12:21:00,3.13,3.13,3.13,3.13,100.0,CNF
2023-06-02 12:18:00,3.09,3.09,3.06,3.09,958.0,CNF
2023-06-02 12:17:00,3.05,3.05,3.05,3.05,100.0,CNF
2023-06-02 12:15:00,3.09,3.09,3.09,3.09,100.0,CNF
2023-06-02 12:13:00,3.075,3.075,3.075,3.075,100.0,CNF
2023-06-02 12:10:00,3.075,3.075,3.05,3.05,210.0,CNF
2023-06-02 12:07:00,3.075,3.075,3.075,3.075,100.0,CNF
2023-06-02 12:04:00,3.05,3.075,3.05,3.075,200.0,CNF
2023-06-02 12:01:00,3.07,3.07,3.07,3.07,100.0,CNF
2023-06-02 11:58:00,3.07,3.07,3.07,3.07,100.0,CNF
2023-06-02 11:57:00,3.05,3.05,3.05,3.05,100.0,CNF
2023-06-02 11:55:00,3.04,3.04,3.04,3.04,100.0,CNF
2023-06-02 11:53:00,3.04,3.04,3.04,3.04,100.0,CNF
2023-06-02 11:47:00,3.13,3.158,3.12,3.14,3888.0,CNF
2023-06-02 11:46:00,3.13,3.13,3.12,3.12,3000.0,CNF
2023-06-02 11:44:00,3.19,3.19,3.19,3.19,100.0,CNF
2023-06-02 11:41:00,3.11,3.19,3.11,3.12,300.0,CNF
2023-06-02 11:38:00,3.11,3.11,3.11,3.11,110.0,CNF
2023-06-02 11:37:00,3.07,3.07,3.07,3.07,105.0,CNF
2023-06-02 11:35:00,3.15,3.15,3.15,3.15,100.0,CNF
2023-06-02 11:33:00,3.15,3.15,3.15,3.15,100.0,CNF
2023-06-02 11:30:00,3.16,3.16,3.06,3.06,200.0,CNF
2023-06-02 11:24:00,3.06,3.15,3.06,3.15,200.0,CNF
2023-06-02 11:17:00,3.05,3.05,3.05,3.05,100.0,CNF
2023-06-02 11:15:00,3.095,3.095,3.095,3.095,100.0,CNF
2023-06-02 11:13:00,3.14,3.14,3.14,3.14,100.0,CNF
2023-06-02 11:11:00,3.05,3.05,3.05,3.05,100.0,CNF
2023-06-02 11:10:00,3.14,3.14,3.14,3.14,100.0,CNF
2023-06-02 11:07:00,3.15,3.15,3.15,3.15,100.0,CNF
2023-06-02 11:05:00,3.05,3.05,3.05,3.05,100.0,CNF
2023-06-02 11:04:00,3.15,3.15,3.15,3.15,100.0,CNF
2023-06-02 11:01:00,3.1,3.1,3.1,3.1,100.0,CNF
2023-06-02 10:58:00,3.16,3.16,3.16,3.16,100.0,CNF
2023-06-02 10:55:00,3.16,3.16,3.16,3.16,100.0,CNF
2023-06-02 10:53:00,3.16,3.16,3.16,3.16,100.0,CNF
2023-06-02 10:50:00,3.16,3.16,3.16,3.16,100.0,CNF
2023-06-02 10:47:00,3.08,3.09,3.08,3.09,800.0,CNF
2023-06-02 10:44:00,3.08,3.08,3.08,3.08,100.0,CNF
2023-06-02 10:42:00,3.03,3.03,3.03,3.03,500.0,CNF
2023-06-02 10:41:00,3.035,3.08,3.035,3.08,399.0,CNF
2023-06-02 10:35:00,3.08,3.08,3.08,3.08,255.0,CNF
2023-06-02 10:30:00,3.08,3.08,3.08,3.08,203.0,CNF
2023-06-02 10:24:00,3.08,3.08,3.08,3.08,200.0,CNF
2023-06-02 10:23:00,3.075,3.075,3.075,3.075,166.0,CNF
2023-06-02 10:18:00,3.09,3.09,3.09,3.09,200.0,CNF
2023-06-02 10:13:00,3.08,3.08,3.08,3.08,200.0,CNF
2023-06-02 10:07:00,3.09,3.09,3.09,3.09,200.0,CNF
2023-06-02 10:01:00,3.09,3.09,3.09,3.09,200.0,CNF
2023-06-02 09:55:00,3.08,3.09,3.08,3.09,200.0,CNF
2023-06-02 09:50:00,3.04,3.04,3.04,3.04,130.0,CNF
2023-06-02 09:49:00,3.09,3.09,3.09,3.09,100.0,CNF
2023-06-02 09:45:00,3.09,3.09,3.025,3.025,300.0,CNF
2023-06-02 09:40:00,3.09,3.09,3.09,3.09,101.0,CNF
2023-06-01 19:00:00,2.95,2.95,2.95,2.95,1169.0,CNF
2023-06-01 18:30:00,2.95,2.95,2.95,2.95,1169.0,CNF
2023-06-01 16:20:00,3.1,3.1,3.1,3.1,5.0,CNF
2023-06-01 16:10:00,2.95,2.95,2.95,2.95,1169.0,CNF
2023-06-01 16:00:00,2.95,3.0,2.95,2.95,2754.0,CNF
2023-06-01 15:59:00,2.96,2.96,2.95,2.95,610.0,CNF
2023-06-01 15:56:00,2.97,2.97,2.97,2.97,100.0,CNF
2023-06-01 15:49:00,3.0,3.0,3.0,3.0,294.0,CNF
2023-06-01 15:38:00,3.0,3.0,3.0,3.0,599.0,CNF
2023-06-01 15:36:00,3.016,3.02,3.01,3.01,2500.0,CNF
2023-06-01 15:35:00,3.075,3.075,3.075,3.075,100.0,CNF
2023-06-01 15:33:00,3.02,3.02,3.01,3.01,1479.0,CNF
2023-06-01 15:32:00,3.08,3.08,3.08,3.08,150.0,CNF
2023-06-01 15:31:00,3.18,3.18,3.18,3.18,432.0,CNF
2023-06-01 15:27:00,3.09,3.09,3.09,3.09,200.0,CNF
2023-06-01 15:18:00,3.09,3.09,3.09,3.09,700.0,CNF
2023-06-01 15:15:00,3.085,3.085,3.085,3.085,100.0,CNF
2023-06-01 15:12:00,3.085,3.085,3.085,3.085,100.0,CNF
2023-06-01 15:09:00,3.085,3.085,3.085,3.085,100.0,CNF
2023-06-01 15:07:00,3.085,3.085,3.085,3.085,100.0,CNF
2023-06-01 15:04:00,3.17,3.17,3.085,3.085,291.0,CNF
2023-06-01 15:02:00,3.085,3.085,3.085,3.085,100.0,CNF
2023-06-01 14:59:00,3.03,3.03,3.03,3.03,115.0,CNF
2023-06-01 14:57:00,3.04,3.05,3.04,3.05,400.0,CNF
2023-06-01 14:47:00,2.995,2.995,2.995,2.995,100.0,CNF
2023-06-01 14:45:00,3.05,3.05,3.05,3.05,600.0,CNF
2023-06-01 14:40:00,2.995,3.04,2.995,3.04,300.0,CNF
2023-06-01 14:34:00,3.04,3.04,3.04,3.04,284.0,CNF
2023-06-01 14:19:00,3.04,3.04,3.04,3.04,100.0,CNF
2023-06-01 14:16:00,3.04,3.05,2.995,2.995,984.0,CNF
2023-06-01 14:11:00,3.04,3.04,3.04,3.04,200.0,CNF
2023-06-01 14:04:00,2.995,2.995,2.995,2.995,100.0,CNF
2023-06-01 13:59:00,2.99,3.04,2.99,3.04,527.0,CNF
2023-06-01 13:43:00,3.0,3.0,3.0,3.0,100.0,CNF
2023-06-01 13:37:00,3.0,3.0,3.0,3.0,100.0,CNF
2023-06-01 13:34:00,3.0,3.0,3.0,3.0,200.0,CNF
2023-06-01 13:32:00,3.0,3.0,3.0,3.0,200.0,CNF
2023-06-01 13:17:00,3.05,3.06,2.99,3.0,1500.0,CNF
2023-06-01 13:06:00,3.02,3.02,2.99,2.99,1201.0,CNF
2023-06-01 13:00:00,3.0,3.01,3.0,3.01,592.0,CNF
2023-06-01 12:43:00,2.955,2.955,2.955,2.955,100.0,CNF
2023-06-01 12:42:00,2.955,2.955,2.955,2.955,100.0,CNF
2023-06-01 12:37:00,2.96,2.96,2.96,2.96,200.0,CNF
2023-06-01 12:33:00,2.96,2.96,2.96,2.96,100.0,CNF
2023-06-01 12:30:00,2.97,2.97,2.97,2.97,100.0,CNF
2023-06-01 12:29:00,3.0,3.01,3.0,3.01,1000.0,CNF
2023-06-01 12:04:00,3.0,3.01,2.965,2.965,1139.0,CNF
2023-06-01 11:54:00,2.95,2.95,2.95,2.95,100.0,CNF
2023-06-01 11:53:00,3.0,3.0,3.0,3.0,200.0,CNF
2023-06-01 11:47:00,2.98,3.01,2.96,2.96,839.0,CNF
2023-06-01 11:31:00,2.98,2.98,2.98,2.98,132.0,CNF
2023-06-01 11:18:00,2.93,3.0,2.93,2.93,844.0,CNF
2023-06-01 10:52:00,2.98,2.98,2.98,2.98,519.0,CNF
2023-06-01 10:50:00,2.9,2.97,2.9,2.9,663.0,CNF
2023-06-01 10:48:00,2.9,2.9,2.9,2.9,100.0,CNF
2023-06-01 10:28:00,2.91,2.91,2.91,2.91,500.0,CNF
2023-06-01 10:17:00,2.91,2.91,2.91,2.91,113.0,CNF
2023-06-01 10:16:00,2.92,2.92,2.92,2.92,400.0,CNF
2023-06-01 09:58:00,2.935,2.935,2.935,2.935,557.0,CNF
2023-06-01 09:46:00,2.935,2.935,2.935,2.935,200.0,CNF
2023-06-01 09:42:00,3.0,3.0,2.93,2.93,413.0,CNF
2023-06-01 09:41:00,3.0,3.0,3.0,3.0,100.0,CNF
2023-05-31 19:00:00,2.95,2.95,2.95,2.95,100.0,CNF
2023-05-31 18:30:00,2.95,2.95,2.95,2.95,100.0,CNF
2023-05-31 16:14:00,2.95,2.95,2.95,2.95,1.0,CNF
2023-05-31 16:10:00,2.95,2.95,2.95,2.95,100.0,CNF
2023-05-31 16:09:00,2.95,2.95,2.95,2.95,1.0,CNF
2023-05-31 16:00:00,2.91,2.95,2.87,2.95,401.0,CNF
2023-05-31 15:59:00,2.86,2.944,2.85,2.944,401.0,CNF
2023-05-31 15:58:00,2.91,2.91,2.91,2.91,201.0,CNF
2023-05-31 15:57:00,2.89,2.89,2.89,2.89,100.0,CNF
2023-05-31 15:55:00,2.89,2.89,2.89,2.89,113.0,CNF
2023-05-31 15:53:00,2.91,2.91,2.91,2.91,200.0,CNF
2023-05-31 15:49:00,2.92,2.95,2.92,2.95,849.0,CNF
2023-05-31 15:48:00,2.95,2.95,2.95,2.95,100.0,CNF
2023-05-31 15:42:00,2.95,2.95,2.95,2.95,327.0,CNF
2023-05-31 15:37:00,2.95,2.95,2.95,2.95,100.0,CNF
2023-05-31 15:31:00,2.96,2.96,2.95,2.95,419.0,CNF
2023-05-31 15:27:00,2.945,2.945,2.945,2.945,100.0,CNF
2023-05-31 15:10:00,3.02,3.02,3.02,3.02,900.0,CNF
2023-05-31 15:07:00,3.02,3.02,3.02,3.02,100.0,CNF
2023-05-31 15:04:00,3.04,3.04,3.04,3.04,299.0,CNF
2023-05-31 15:02:00,3.02,3.02,3.02,3.02,100.0,CNF
2023-05-31 14:57:00,3.02,3.02,3.02,3.02,100.0,CNF
2023-05-31 14:56:00,3.03,3.04,3.03,3.03,300.0,CNF
2023-05-31 14:52:00,3.02,3.02,3.02,3.02,100.0,CNF
2023-05-31 14:43:00,3.03,3.03,3.03,3.03,100.0,CNF
2023-05-31 14:35:00,3.0,3.0,3.0,3.0,400.0,CNF
2023-05-31 14:33:00,3.0,3.0,3.0,3.0,100.0,CNF
2023-05-31 14:27:00,2.99,2.99,2.99,2.99,100.0,CNF
2023-05-31 14:12:00,3.0,3.0,3.0,3.0,100.0,CNF
2023-05-31 14:10:00,3.0,3.0,3.0,3.0,100.0,CNF
2023-05-31 14:09:00,2.95,2.95,2.95,2.95,100.0,CNF
2023-05-31 14:08:00,3.02,3.02,3.02,3.02,300.0,CNF
2023-05-31 14:07:00,3.03,3.03,3.022,3.022,350.0,CNF
2023-05-31 14:05:00,3.03,3.03,3.03,3.03,100.0,CNF
2023-05-31 14:02:00,3.02,3.02,3.02,3.02,102.0,CNF
2023-05-31 14:01:00,3.03,3.03,3.03,3.03,100.0,CNF
2023-05-31 13:55:00,3.02,3.02,3.02,3.02,190.0,CNF
2023-05-31 13:53:00,3.03,3.03,3.03,3.03,100.0,CNF
2023-05-31 13:49:00,3.02,3.02,3.02,3.02,100.0,CNF
2023-05-31 13:46:00,3.03,3.03,3.03,3.03,100.0,CNF
2023-05-31 13:40:00,3.02,3.02,3.02,3.02,100.0,CNF
2023-05-31 13:36:00,3.02,3.02,3.02,3.02,100.0,CNF
2023-05-31 13:32:00,3.03,3.03,3.03,3.03,100.0,CNF
2023-05-31 13:29:00,3.02,3.02,3.02,3.02,100.0,CNF
2023-05-31 13:25:00,3.03,3.03,3.03,3.03,200.0,CNF
2023-05-31 13:22:00,3.03,3.03,3.03,3.03,1227.0,CNF
2023-05-31 13:06:00,3.02,3.02,3.02,3.02,100.0,CNF
2023-05-31 12:59:00,3.0,3.0,3.0,3.0,100.0,CNF
2023-05-31 12:56:00,3.0,3.0,3.0,3.0,100.0,CNF
2023-05-31 12:54:00,3.0,3.0,3.0,3.0,100.0,CNF
2023-05-31 12:47:00,3.0,3.0,3.0,3.0,200.0,CNF
2023-05-31 12:42:00,3.0,3.0,3.0,3.0,100.0,CNF
2023-05-31 12:38:00,2.99,2.99,2.99,2.99,189.0,CNF
2023-05-31 12:33:00,2.985,2.985,2.985,2.985,200.0,CNF
2023-05-31 12:29:00,2.99,2.99,2.99,2.99,100.0,CNF
2023-05-31 12:25:00,2.99,2.99,2.97,2.97,201.0,CNF
2023-05-31 12:21:00,2.99,2.99,2.99,2.99,100.0,CNF
2023-05-31 12:10:00,2.98,2.98,2.93,2.93,500.0,CNF
2023-05-31 11:59:00,2.96,2.96,2.96,2.96,100.0,CNF
2023-05-31 11:57:00,2.96,2.96,2.96,2.96,100.0,CNF
2023-05-31 11:53:00,2.96,2.96,2.96,2.96,100.0,CNF
2023-05-31 11:50:00,2.96,2.96,2.96,2.96,100.0,CNF
2023-05-31 11:47:00,2.96,2.96,2.96,2.96,100.0,CNF
2023-05-31 11:44:00,2.96,2.96,2.96,2.96,200.0,CNF
2023-05-31 11:41:00,2.98,2.98,2.98,2.98,100.0,CNF
2023-05-31 11:38:00,2.98,2.98,2.98,2.98,200.0,CNF
2023-05-31 11:33:00,2.97,2.97,2.97,2.97,100.0,CNF
2023-05-31 11:30:00,2.97,2.98,2.97,2.98,200.0,CNF
2023-05-31 11:25:00,2.92,2.92,2.92,2.92,100.0,CNF
2023-05-31 11:24:00,2.94,2.94,2.94,2.94,100.0,CNF
2023-05-31 11:14:00,2.95,2.95,2.95,2.95,100.0,CNF
2023-05-31 11:12:00,2.95,2.95,2.95,2.95,100.0,CNF
2023-05-31 11:10:00,2.95,2.95,2.95,2.95,100.0,CNF
2023-05-31 11:06:00,2.95,2.95,2.95,2.95,100.0,CNF
2023-05-31 11:02:00,2.95,2.95,2.95,2.95,100.0,CNF
2023-05-31 10:59:00,2.95,2.95,2.95,2.95,300.0,CNF
2023-05-31 10:55:00,2.95,2.95,2.95,2.95,200.0,CNF
2023-05-31 10:51:00,2.94,2.94,2.94,2.94,100.0,CNF
2023-05-31 10:46:00,2.9,2.9,2.9,2.9,362.0,CNF
2023-05-31 10:42:00,2.92,2.92,2.92,2.92,100.0,CNF
2023-05-31 10:37:00,2.95,2.95,2.95,2.95,191.0,CNF
2023-05-31 10:34:00,2.95,2.95,2.95,2.95,100.0,CNF
2023-05-31 10:31:00,2.95,2.95,2.95,2.95,100.0,CNF
2023-05-31 10:28:00,2.94,2.94,2.94,2.94,100.0,CNF
2023-05-31 10:25:00,2.96,2.96,2.96,2.96,100.0,CNF
2023-05-31 10:21:00,2.96,2.96,2.96,2.96,100.0,CNF
2023-05-31 10:16:00,2.94,2.94,2.94,2.94,300.0,CNF
2023-05-31 10:14:00,2.923,2.923,2.923,2.923,217.0,CNF
2023-05-31 10:06:00,2.9,2.9,2.9,2.9,292.0,CNF
2023-05-31 10:02:00,2.9,2.9,2.9,2.9,100.0,CNF
2023-05-31 10:00:00,2.89,2.89,2.89,2.89,100.0,CNF
2023-05-31 09:59:00,2.9,2.9,2.9,2.9,204.0,CNF
2023-05-31 09:53:00,2.915,2.915,2.915,2.915,200.0,CNF
2023-05-31 09:50:00,2.97,2.97,2.97,2.97,100.0,CNF
2023-05-31 09:49:00,2.974,2.974,2.92,2.92,2832.0,CNF
2023-05-31 09:48:00,2.96,2.96,2.96,2.96,100.0,CNF
2023-05-31 09:46:00,2.92,2.92,2.91,2.91,200.0,CNF
2023-05-31 09:45:00,3.04,3.04,2.96,2.96,4073.0,CNF
2023-05-31 09:43:00,3.0,3.0,3.0,3.0,200.0,CNF
2023-05-31 09:40:00,3.04,3.04,3.0,3.0,200.0,CNF
2023-05-31 09:36:00,3.04,3.04,3.04,3.04,100.0,CNF
2023-05-31 09:33:00,3.0,3.0,3.0,3.0,100.0,CNF
2023-05-31 09:30:00,3.0,3.0,3.0,3.0,133.0,CNF
