date,1. open,2. high,3. low,4. close,5. volume,Ticker
2025-11-19 19:00:00,15.22,15.22,15.22,15.22,81652.0,CNNE
2025-11-19 18:32:00,14.94,14.94,14.93,14.94,520.0,CNNE
2025-11-19 18:30:00,15.22,15.22,15.22,15.22,81652.0,CNNE
2025-11-19 16:10:00,15.22,15.22,15.22,15.22,81655.0,CNNE
2025-11-19 16:04:00,15.22,15.22,15.22,15.22,4.0,CNNE
2025-11-19 16:02:00,15.22,15.22,15.22,15.22,624.0,CNNE
2025-11-19 16:01:00,15.22,15.22,15.22,15.22,1888.0,CNNE
2025-11-19 16:00:00,15.21,15.22,15.21,15.22,172646.0,CNNE
2025-11-19 15:59:00,15.21,15.22,15.19,15.21,42574.0,CNNE
2025-11-19 15:58:00,15.22,15.22,15.205,15.21,11120.0,CNNE
2025-11-19 15:57:00,15.23,15.235,15.22,15.23,6770.0,CNNE
2025-11-19 15:56:00,15.25,15.25,15.24,15.24,5436.0,CNNE
2025-11-19 15:55:00,15.24,15.27,15.24,15.24,12869.0,CNNE
2025-11-19 15:54:00,15.23,15.259,15.23,15.23,8499.0,CNNE
2025-11-19 15:53:00,15.22,15.23,15.22,15.22,1320.0,CNNE
2025-11-19 15:52:00,15.22,15.225,15.22,15.22,5141.0,CNNE
2025-11-19 15:51:00,15.22,15.23,15.21,15.23,2221.0,CNNE
2025-11-19 15:50:00,15.225,15.2266,15.22,15.22,1647.0,CNNE
2025-11-19 15:49:00,15.22,15.22,15.22,15.22,1185.0,CNNE
2025-11-19 15:48:00,15.23,15.23,15.22,15.22,2053.0,CNNE
2025-11-19 15:47:00,15.245,15.245,15.24,15.24,1702.0,CNNE
2025-11-19 15:46:00,15.245,15.245,15.245,15.245,522.0,CNNE
2025-11-19 15:45:00,15.25,15.25,15.24,15.24,4785.0,CNNE
2025-11-19 15:44:00,15.24,15.25,15.24,15.25,3745.0,CNNE
2025-11-19 15:43:00,15.24,15.24,15.235,15.235,2661.0,CNNE
2025-11-19 15:42:00,15.25,15.26,15.245,15.245,7288.0,CNNE
2025-11-19 15:41:00,15.255,15.255,15.255,15.255,1411.0,CNNE
2025-11-19 15:40:00,15.26,15.27,15.25,15.25,5825.0,CNNE
2025-11-19 15:39:00,15.27,15.27,15.26,15.27,2684.0,CNNE
2025-11-19 15:38:00,15.27,15.27,15.27,15.27,3284.0,CNNE
2025-11-19 15:37:00,15.26,15.26,15.25,15.26,5386.0,CNNE
2025-11-19 15:36:00,15.245,15.258,15.245,15.258,3935.0,CNNE
2025-11-19 15:35:00,15.24,15.245,15.24,15.245,2412.0,CNNE
2025-11-19 15:34:00,15.235,15.235,15.23,15.235,1829.0,CNNE
2025-11-19 15:33:00,15.235,15.235,15.235,15.235,496.0,CNNE
2025-11-19 15:32:00,15.26,15.26,15.235,15.235,4724.0,CNNE
2025-11-19 15:31:00,15.25,15.26,15.25,15.26,3583.0,CNNE
2025-11-19 15:30:00,15.269,15.269,15.25,15.25,5375.0,CNNE
2025-11-19 15:29:00,15.26,15.26,15.26,15.26,466.0,CNNE
2025-11-19 15:26:00,15.24,15.26,15.24,15.26,5357.0,CNNE
2025-11-19 15:25:00,15.23,15.23,15.23,15.23,1428.0,CNNE
2025-11-19 15:24:00,15.22,15.23,15.22,15.23,4159.0,CNNE
2025-11-19 15:22:00,15.23,15.23,15.23,15.23,2416.0,CNNE
2025-11-19 15:21:00,15.24,15.255,15.24,15.24,4335.0,CNNE
2025-11-19 15:20:00,15.23,15.24,15.23,15.24,2589.0,CNNE
2025-11-19 15:19:00,15.23,15.24,15.22,15.23,9237.0,CNNE
2025-11-19 15:18:00,15.239,15.239,15.23,15.23,678.0,CNNE
2025-11-19 15:17:00,15.23,15.23,15.23,15.23,1292.0,CNNE
2025-11-19 15:16:00,15.23,15.24,15.23,15.24,1685.0,CNNE
2025-11-19 15:15:00,15.2201,15.225,15.2201,15.225,1877.0,CNNE
2025-11-19 15:13:00,15.225,15.225,15.225,15.225,269.0,CNNE
2025-11-19 15:12:00,15.23,15.23,15.23,15.23,221.0,CNNE
2025-11-19 15:11:00,15.23,15.23,15.23,15.23,376.0,CNNE
2025-11-19 15:10:00,15.23,15.23,15.23,15.23,968.0,CNNE
2025-11-19 15:09:00,15.23,15.23,15.23,15.23,539.0,CNNE
2025-11-19 15:08:00,15.225,15.23,15.225,15.23,521.0,CNNE
2025-11-19 15:07:00,15.23,15.235,15.23,15.23,1774.0,CNNE
2025-11-19 15:06:00,15.21,15.235,15.21,15.235,2671.0,CNNE
2025-11-19 15:05:00,15.21,15.21,15.21,15.21,268.0,CNNE
2025-11-19 15:04:00,15.21,15.21,15.21,15.21,566.0,CNNE
2025-11-19 15:03:00,15.21,15.21,15.21,15.21,230.0,CNNE
2025-11-19 15:02:00,15.21,15.21,15.21,15.21,541.0,CNNE
2025-11-19 15:01:00,15.22,15.22,15.22,15.22,757.0,CNNE
2025-11-19 15:00:00,15.24,15.245,15.23,15.23,5734.0,CNNE
2025-11-19 14:59:00,15.24,15.24,15.24,15.24,512.0,CNNE
2025-11-19 14:57:00,15.24,15.24,15.24,15.24,311.0,CNNE
2025-11-19 14:55:00,15.23,15.24,15.23,15.24,2142.0,CNNE
2025-11-19 14:54:00,15.22,15.22,15.22,15.22,1158.0,CNNE
2025-11-19 14:53:00,15.21,15.21,15.21,15.21,219.0,CNNE
2025-11-19 14:52:00,15.21,15.21,15.21,15.21,857.0,CNNE
2025-11-19 14:49:00,15.2,15.2,15.2,15.2,1208.0,CNNE
2025-11-19 14:48:00,15.195,15.195,15.195,15.195,295.0,CNNE
2025-11-19 14:47:00,15.2,15.2,15.2,15.2,1823.0,CNNE
2025-11-19 14:45:00,15.23,15.23,15.205,15.215,1085.0,CNNE
2025-11-19 14:44:00,15.24,15.24,15.235,15.235,2808.0,CNNE
2025-11-19 14:42:00,15.25,15.25,15.246,15.25,788.0,CNNE
2025-11-19 14:41:00,15.25,15.25,15.25,15.25,149.0,CNNE
2025-11-19 14:40:00,15.25,15.25,15.25,15.25,570.0,CNNE
2025-11-19 14:39:00,15.26,15.26,15.26,15.26,459.0,CNNE
2025-11-19 14:38:00,15.28,15.28,15.25,15.25,2645.0,CNNE
2025-11-19 14:37:00,15.28,15.29,15.27,15.28,4419.0,CNNE
2025-11-19 14:36:00,15.29,15.29,15.29,15.29,526.0,CNNE
2025-11-19 14:35:00,15.285,15.285,15.285,15.285,656.0,CNNE
2025-11-19 14:34:00,15.27,15.28,15.27,15.28,1689.0,CNNE
2025-11-19 14:33:00,15.27,15.27,15.27,15.27,1498.0,CNNE
2025-11-19 14:32:00,15.26,15.26,15.26,15.26,114.0,CNNE
2025-11-19 14:31:00,15.265,15.265,15.25,15.25,470.0,CNNE
2025-11-19 14:30:00,15.26,15.26,15.26,15.26,150.0,CNNE
2025-11-19 14:29:00,15.275,15.275,15.27,15.27,506.0,CNNE
2025-11-19 14:28:00,15.27,15.275,15.265,15.265,2260.0,CNNE
2025-11-19 14:26:00,15.28,15.28,15.26,15.26,2495.0,CNNE
2025-11-19 14:25:00,15.28,15.28,15.28,15.28,979.0,CNNE
2025-11-19 14:24:00,15.27,15.295,15.27,15.295,3145.0,CNNE
2025-11-19 14:23:00,15.3,15.3,15.27,15.27,3748.0,CNNE
2025-11-19 14:22:00,15.31,15.31,15.31,15.31,691.0,CNNE
2025-11-19 14:20:00,15.32,15.32,15.32,15.32,1952.0,CNNE
2025-11-19 14:19:00,15.33,15.33,15.33,15.33,131.0,CNNE
2025-11-19 14:17:00,15.335,15.335,15.335,15.335,482.0,CNNE
2025-11-19 14:16:00,15.33,15.34,15.33,15.34,2723.0,CNNE
2025-11-19 14:13:00,15.33,15.345,15.33,15.345,1029.0,CNNE
2025-11-19 14:12:00,15.37,15.37,15.36,15.36,4604.0,CNNE
2025-11-19 14:11:00,15.38,15.38,15.38,15.38,122.0,CNNE
2025-11-19 14:10:00,15.39,15.39,15.385,15.385,294.0,CNNE
2025-11-19 14:09:00,15.37,15.39,15.37,15.39,278.0,CNNE
2025-11-19 14:08:00,15.395,15.395,15.39,15.39,478.0,CNNE
2025-11-19 14:07:00,15.39,15.41,15.38,15.4,5384.0,CNNE
2025-11-19 14:06:00,15.38,15.38,15.36,15.36,452.0,CNNE
2025-11-19 14:04:00,15.38,15.38,15.38,15.38,398.0,CNNE
2025-11-19 14:02:00,15.38,15.38,15.38,15.38,493.0,CNNE
2025-11-19 13:59:00,15.38,15.4,15.38,15.4,683.0,CNNE
2025-11-19 13:58:00,15.38,15.38,15.38,15.38,1122.0,CNNE
2025-11-19 13:57:00,15.38,15.38,15.38,15.38,1425.0,CNNE
2025-11-19 13:55:00,15.38,15.38,15.37,15.38,3900.0,CNNE
2025-11-19 13:52:00,15.4,15.4,15.38,15.38,824.0,CNNE
2025-11-19 13:51:00,15.365,15.4,15.365,15.4,1978.0,CNNE
2025-11-19 13:50:00,15.345,15.38,15.345,15.38,1571.0,CNNE
2025-11-19 13:49:00,15.345,15.345,15.345,15.345,420.0,CNNE
2025-11-19 13:48:00,15.32,15.345,15.32,15.345,5573.0,CNNE
2025-11-19 13:47:00,15.32,15.33,15.32,15.32,2463.0,CNNE
2025-11-19 13:45:00,15.315,15.315,15.31,15.31,21676.0,CNNE
2025-11-19 13:44:00,15.31,15.315,15.31,15.315,1785.0,CNNE
2025-11-19 13:43:00,15.315,15.315,15.31,15.31,905.0,CNNE
2025-11-19 13:42:00,15.32,15.325,15.32,15.32,619.0,CNNE
2025-11-19 13:41:00,15.33,15.33,15.32,15.32,4365.0,CNNE
2025-11-19 13:40:00,15.34,15.34,15.34,15.34,1111.0,CNNE
2025-11-19 13:38:00,15.35,15.35,15.35,15.35,650.0,CNNE
2025-11-19 13:37:00,15.34,15.34,15.34,15.34,329.0,CNNE
2025-11-19 13:35:00,15.335,15.34,15.335,15.34,1217.0,CNNE
2025-11-19 13:34:00,15.335,15.335,15.335,15.335,297.0,CNNE
2025-11-19 13:31:00,15.349,15.349,15.34,15.34,1535.0,CNNE
2025-11-19 13:30:00,15.35,15.35,15.35,15.35,455.0,CNNE
2025-11-19 13:28:00,15.35,15.35,15.3467,15.3467,770.0,CNNE
2025-11-19 13:27:00,15.34,15.34,15.34,15.34,232.0,CNNE
2025-11-19 13:25:00,15.35,15.35,15.3488,15.35,454.0,CNNE
2025-11-19 13:24:00,15.34,15.34,15.34,15.34,389.0,CNNE
2025-11-19 13:23:00,15.35,15.35,15.35,15.35,273.0,CNNE
2025-11-19 13:22:00,15.34,15.36,15.34,15.36,2518.0,CNNE
2025-11-19 13:21:00,15.325,15.325,15.325,15.325,533.0,CNNE
2025-11-19 13:20:00,15.325,15.325,15.325,15.325,555.0,CNNE
2025-11-19 13:18:00,15.31,15.31,15.31,15.31,1931.0,CNNE
2025-11-19 13:16:00,15.31,15.32,15.31,15.31,644.0,CNNE
2025-11-19 13:15:00,15.335,15.335,15.335,15.335,244.0,CNNE
2025-11-19 13:13:00,15.33,15.34,15.325,15.325,1330.0,CNNE
2025-11-19 13:12:00,15.31,15.31,15.31,15.31,1186.0,CNNE
2025-11-19 13:10:00,15.32,15.32,15.32,15.32,1154.0,CNNE
2025-11-19 13:09:00,15.31,15.31,15.31,15.31,204.0,CNNE
2025-11-19 13:08:00,15.31,15.31,15.31,15.31,474.0,CNNE
2025-11-19 13:07:00,15.31,15.31,15.31,15.31,485.0,CNNE
2025-11-19 13:06:00,15.325,15.325,15.325,15.325,435.0,CNNE
2025-11-19 13:05:00,15.35,15.35,15.32,15.33,1973.0,CNNE
2025-11-19 13:02:00,15.355,15.36,15.355,15.36,279.0,CNNE
2025-11-19 13:01:00,15.37,15.37,15.37,15.37,198.0,CNNE
2025-11-19 13:00:00,15.383,15.39,15.36,15.365,7658.0,CNNE
2025-11-19 12:57:00,15.39,15.39,15.39,15.39,1273.0,CNNE
2025-11-19 12:53:00,15.37,15.38,15.37,15.38,1441.0,CNNE
2025-11-19 12:50:00,15.36,15.36,15.36,15.36,225.0,CNNE
2025-11-19 12:41:00,15.36,15.36,15.36,15.36,916.0,CNNE
2025-11-19 12:39:00,15.345,15.35,15.345,15.35,904.0,CNNE
2025-11-19 12:36:00,15.36,15.36,15.35,15.35,5086.0,CNNE
2025-11-19 12:35:00,15.37,15.37,15.37,15.37,501.0,CNNE
2025-11-19 12:34:00,15.37,15.37,15.365,15.37,2871.0,CNNE
2025-11-19 12:32:00,15.36,15.37,15.36,15.37,918.0,CNNE
2025-11-19 12:30:00,15.36,15.37,15.36,15.37,861.0,CNNE
2025-11-19 12:28:00,15.34,15.36,15.34,15.36,1443.0,CNNE
2025-11-19 12:27:00,15.33,15.33,15.33,15.33,112.0,CNNE
2025-11-19 12:26:00,15.335,15.335,15.335,15.335,224.0,CNNE
2025-11-19 12:24:00,15.32,15.32,15.32,15.32,154.0,CNNE
2025-11-19 12:23:00,15.33,15.33,15.33,15.33,379.0,CNNE
2025-11-19 12:21:00,15.32,15.34,15.32,15.34,2294.0,CNNE
2025-11-19 12:20:00,15.31,15.315,15.31,15.31,2337.0,CNNE
2025-11-19 12:18:00,15.32,15.32,15.32,15.32,249.0,CNNE
2025-11-19 12:17:00,15.33,15.33,15.33,15.33,330.0,CNNE
2025-11-19 12:16:00,15.32,15.32,15.32,15.32,255.0,CNNE
2025-11-19 12:15:00,15.335,15.335,15.3,15.32,16244.0,CNNE
2025-11-19 12:10:00,15.34,15.34,15.33,15.34,2759.0,CNNE
2025-11-19 12:09:00,15.34,15.34,15.34,15.34,550.0,CNNE
2025-11-19 12:08:00,15.33,15.34,15.32,15.33,3802.0,CNNE
2025-11-19 12:07:00,15.265,15.33,15.26,15.32,11963.0,CNNE
2025-11-19 12:06:00,15.26,15.26,15.26,15.26,1565.0,CNNE
2025-11-19 12:05:00,15.25,15.25,15.25,15.25,1277.0,CNNE
2025-11-19 12:04:00,15.25,15.25,15.25,15.25,1058.0,CNNE
2025-11-19 12:03:00,15.25,15.25,15.24,15.25,1627.0,CNNE
2025-11-19 11:58:00,15.25,15.25,15.25,15.25,666.0,CNNE
2025-11-19 11:57:00,15.24,15.24,15.24,15.24,1063.0,CNNE
2025-11-19 11:54:00,15.22,15.23,15.22,15.23,1461.0,CNNE
2025-11-19 11:51:00,15.22,15.22,15.2105,15.22,687.0,CNNE
2025-11-19 11:50:00,15.22,15.22,15.22,15.22,574.0,CNNE
2025-11-19 11:48:00,15.225,15.225,15.22,15.22,396.0,CNNE
2025-11-19 11:47:00,15.23,15.23,15.23,15.23,684.0,CNNE
2025-11-19 11:46:00,15.21,15.22,15.21,15.22,1354.0,CNNE
2025-11-19 11:45:00,15.21,15.21,15.2,15.21,1226.0,CNNE
2025-11-19 11:44:00,15.22,15.225,15.22,15.225,1121.0,CNNE
2025-11-19 11:41:00,15.205,15.205,15.205,15.205,224.0,CNNE
2025-11-19 11:40:00,15.2,15.21,15.2,15.205,1115.0,CNNE
2025-11-19 11:38:00,15.21,15.21,15.205,15.21,1833.0,CNNE
2025-11-19 11:37:00,15.22,15.22,15.22,15.22,2437.0,CNNE
2025-11-19 11:36:00,15.23,15.23,15.23,15.23,212.0,CNNE
2025-11-19 11:35:00,15.23,15.23,15.23,15.23,444.0,CNNE
2025-11-19 11:34:00,15.23,15.23,15.23,15.23,115.0,CNNE
2025-11-19 11:33:00,15.23,15.23,15.22,15.23,886.0,CNNE
2025-11-19 11:32:00,15.22,15.23,15.22,15.23,1180.0,CNNE
2025-11-19 11:31:00,15.22,15.23,15.22,15.22,411.0,CNNE
2025-11-19 11:30:00,15.22,15.22,15.22,15.22,784.0,CNNE
2025-11-19 11:29:00,15.2,15.21,15.2,15.21,827.0,CNNE
2025-11-19 11:28:00,15.1783,15.2195,15.1783,15.2,4987.0,CNNE
2025-11-19 11:27:00,15.18,15.18,15.165,15.17,1764.0,CNNE
2025-11-19 11:26:00,15.18,15.18,15.18,15.18,927.0,CNNE
2025-11-19 11:25:00,15.185,15.185,15.18,15.185,1684.0,CNNE
2025-11-19 11:23:00,15.18,15.19,15.18,15.18,1224.0,CNNE
2025-11-19 11:17:00,15.195,15.195,15.195,15.195,1189.0,CNNE
2025-11-19 11:16:00,15.2,15.21,15.2,15.2,5225.0,CNNE
2025-11-19 11:15:00,15.21,15.21,15.2,15.21,443.0,CNNE
2025-11-19 11:14:00,15.21,15.21,15.21,15.21,183.0,CNNE
2025-11-19 11:12:00,15.22,15.225,15.2,15.2,7782.0,CNNE
2025-11-19 11:07:00,15.23,15.23,15.23,15.23,293.0,CNNE
2025-11-19 11:06:00,15.235,15.235,15.22,15.23,3269.0,CNNE
2025-11-19 11:02:00,15.235,15.235,15.235,15.235,149.0,CNNE
2025-11-19 10:56:00,15.23,15.23,15.22,15.22,1275.0,CNNE
2025-11-19 10:55:00,15.24,15.245,15.24,15.245,1024.0,CNNE
2025-11-19 10:54:00,15.235,15.235,15.235,15.235,136.0,CNNE
2025-11-19 10:53:00,15.245,15.245,15.245,15.245,385.0,CNNE
2025-11-19 10:51:00,15.23,15.23,15.22,15.22,1623.0,CNNE
2025-11-19 10:50:00,15.24,15.25,15.24,15.25,1285.0,CNNE
2025-11-19 10:49:00,15.25,15.25,15.25,15.25,240.0,CNNE
2025-11-19 10:48:00,15.24,15.25,15.24,15.24,1714.0,CNNE
2025-11-19 10:47:00,15.23,15.23,15.23,15.23,285.0,CNNE
2025-11-19 10:46:00,15.23,15.235,15.23,15.23,845.0,CNNE
2025-11-19 10:43:00,15.26,15.26,15.23,15.23,2701.0,CNNE
2025-11-19 10:41:00,15.26,15.26,15.26,15.26,510.0,CNNE
2025-11-19 10:40:00,15.26,15.27,15.26,15.27,491.0,CNNE
2025-11-19 10:39:00,15.27,15.27,15.27,15.27,247.0,CNNE
2025-11-19 10:38:00,15.28,15.28,15.27,15.27,638.0,CNNE
2025-11-19 10:37:00,15.24,15.27,15.24,15.27,2347.0,CNNE
2025-11-19 10:35:00,15.27,15.27,15.25,15.25,1831.0,CNNE
2025-11-19 10:33:00,15.29,15.29,15.28,15.28,1516.0,CNNE
2025-11-19 10:31:00,15.29,15.29,15.29,15.29,805.0,CNNE
2025-11-19 10:29:00,15.3,15.31,15.3,15.3,2385.0,CNNE
2025-11-19 10:27:00,15.31,15.31,15.31,15.31,2519.0,CNNE
2025-11-19 10:26:00,15.31,15.31,15.3,15.3,3980.0,CNNE
2025-11-19 10:25:00,15.26,15.3,15.26,15.3,5656.0,CNNE
2025-11-19 10:24:00,15.255,15.26,15.25,15.25,1602.0,CNNE
2025-11-19 10:23:00,15.27,15.27,15.25,15.25,1615.0,CNNE
2025-11-19 10:22:00,15.28,15.28,15.27,15.27,1349.0,CNNE
2025-11-19 10:21:00,15.285,15.285,15.285,15.285,387.0,CNNE
2025-11-19 10:20:00,15.29,15.29,15.29,15.29,285.0,CNNE
2025-11-19 10:19:00,15.297,15.297,15.29,15.29,1221.0,CNNE
2025-11-19 10:18:00,15.33,15.33,15.29,15.29,7291.0,CNNE
2025-11-19 10:17:00,15.34,15.34,15.33,15.33,803.0,CNNE
2025-11-19 10:16:00,15.355,15.355,15.355,15.355,481.0,CNNE
2025-11-19 10:14:00,15.34,15.35,15.34,15.35,644.0,CNNE
2025-11-19 10:13:00,15.34,15.34,15.33,15.33,353.0,CNNE
2025-11-19 10:12:00,15.315,15.315,15.315,15.315,285.0,CNNE
2025-11-19 10:09:00,15.3,15.3,15.3,15.3,147.0,CNNE
2025-11-19 10:08:00,15.28,15.285,15.28,15.285,745.0,CNNE
2025-11-19 10:07:00,15.27,15.28,15.27,15.28,650.0,CNNE
2025-11-19 10:05:00,15.25,15.26,15.24,15.26,978.0,CNNE
2025-11-19 10:03:00,15.26,15.26,15.235,15.25,2081.0,CNNE
2025-11-19 10:02:00,15.26,15.26,15.26,15.26,155.0,CNNE
2025-11-19 10:01:00,15.24,15.24,15.24,15.24,230.0,CNNE
2025-11-19 10:00:00,15.235,15.235,15.235,15.235,450.0,CNNE
2025-11-19 09:58:00,15.2,15.22,15.2,15.22,720.0,CNNE
2025-11-19 09:55:00,15.18,15.18,15.16,15.17,846.0,CNNE
2025-11-19 09:53:00,15.17,15.17,15.17,15.17,776.0,CNNE
2025-11-19 09:52:00,15.17,15.17,15.17,15.17,656.0,CNNE
2025-11-19 09:51:00,15.14,15.21,15.14,15.18,3728.0,CNNE
2025-11-19 09:50:00,15.15,15.19,15.15,15.175,1156.0,CNNE
2025-11-19 09:49:00,15.175,15.175,15.175,15.175,508.0,CNNE
2025-11-19 09:48:00,15.17,15.235,15.14,15.15,1696.0,CNNE
2025-11-19 09:47:00,15.136,15.215,15.124,15.215,6996.0,CNNE
2025-11-19 09:45:00,15.14,15.14,15.14,15.14,352.0,CNNE
2025-11-19 09:44:00,15.09,15.09,15.09,15.09,534.0,CNNE
2025-11-19 09:43:00,15.18,15.18,15.0909,15.0909,703.0,CNNE
2025-11-19 09:42:00,15.18,15.18,15.18,15.18,699.0,CNNE
2025-11-19 09:41:00,15.1,15.185,15.085,15.185,1065.0,CNNE
2025-11-19 09:39:00,15.2151,15.2151,15.2151,15.2151,168.0,CNNE
2025-11-19 09:30:00,15.1,15.1,15.1,15.1,1982.0,CNNE
2025-11-19 08:00:00,15.14,15.14,15.14,15.14,1.0,CNNE
2025-11-18 19:00:00,15.14,15.14,15.14,15.14,63449.0,CNNE
2025-11-18 18:49:00,15.28,15.28,15.28,15.28,1.0,CNNE
2025-11-18 18:30:00,15.14,15.14,15.14,15.14,63449.0,CNNE
2025-11-18 16:58:00,15.01,15.01,15.01,15.01,1.0,CNNE
2025-11-18 16:10:00,15.14,15.14,15.14,15.14,63452.0,CNNE
2025-11-18 16:07:00,15.14,15.18,15.1075,15.12,1928.0,CNNE
2025-11-18 16:04:00,15.14,15.14,15.14,15.14,1894.0,CNNE
2025-11-18 16:03:00,15.14,15.14,15.14,15.14,1413.0,CNNE
2025-11-18 16:02:00,15.14,15.14,15.14,15.14,1734.0,CNNE
2025-11-18 16:01:00,15.14,15.14,15.14,15.14,80.0,CNNE
2025-11-18 16:00:00,15.135,15.14,15.135,15.14,152531.0,CNNE
2025-11-18 15:59:00,15.135,15.15,15.11,15.135,19435.0,CNNE
2025-11-18 15:58:00,15.15,15.15,15.13,15.135,9067.0,CNNE
2025-11-18 15:57:00,15.17,15.17,15.135,15.14,8503.0,CNNE
2025-11-18 15:56:00,15.14,15.175,15.14,15.16,6659.0,CNNE
2025-11-18 15:55:00,15.135,15.14,15.135,15.14,3817.0,CNNE
2025-11-18 15:54:00,15.12,15.14,15.12,15.13,4126.0,CNNE
2025-11-18 15:53:00,15.11,15.125,15.11,15.125,1385.0,CNNE
2025-11-18 15:52:00,15.13,15.13,15.12,15.12,3253.0,CNNE
2025-11-18 15:51:00,15.13,15.145,15.13,15.14,2483.0,CNNE
2025-11-18 15:50:00,15.11,15.13,15.105,15.13,6351.0,CNNE
2025-11-18 15:49:00,15.11,15.11,15.1,15.1,1499.0,CNNE
2025-11-18 15:48:00,15.12,15.12,15.115,15.115,2361.0,CNNE
2025-11-18 15:47:00,15.14,15.14,15.125,15.125,1880.0,CNNE
2025-11-18 15:46:00,15.17,15.17,15.15,15.15,2577.0,CNNE
2025-11-18 15:45:00,15.19,15.19,15.18,15.18,634.0,CNNE
2025-11-18 15:44:00,15.19,15.19,15.19,15.19,654.0,CNNE
2025-11-18 15:43:00,15.19,15.19,15.19,15.19,542.0,CNNE
2025-11-18 15:42:00,15.175,15.18,15.175,15.18,1259.0,CNNE
2025-11-18 15:41:00,15.17,15.17,15.17,15.17,1484.0,CNNE
2025-11-18 15:40:00,15.165,15.169,15.15,15.169,3299.0,CNNE
2025-11-18 15:39:00,15.165,15.165,15.165,15.165,2531.0,CNNE
2025-11-18 15:38:00,15.16,15.169,15.155,15.169,1555.0,CNNE
2025-11-18 15:37:00,15.15,15.15,15.15,15.15,1195.0,CNNE
2025-11-18 15:36:00,15.15,15.15,15.15,15.15,306.0,CNNE
2025-11-18 15:34:00,15.15,15.15,15.14,15.14,1862.0,CNNE
2025-11-18 15:33:00,15.14,15.15,15.14,15.15,2342.0,CNNE
2025-11-18 15:31:00,15.14,15.14,15.14,15.14,441.0,CNNE
2025-11-18 15:29:00,15.1346,15.14,15.1346,15.14,573.0,CNNE
2025-11-18 15:28:00,15.14,15.14,15.14,15.14,321.0,CNNE
2025-11-18 15:27:00,15.15,15.15,15.14,15.14,5430.0,CNNE
2025-11-18 15:25:00,15.15,15.155,15.15,15.15,1759.0,CNNE
2025-11-18 15:24:00,15.15,15.155,15.15,15.155,731.0,CNNE
2025-11-18 15:23:00,15.16,15.16,15.16,15.16,413.0,CNNE
2025-11-18 15:22:00,15.15,15.1536,15.14,15.1536,959.0,CNNE
2025-11-18 15:21:00,15.15,15.15,15.15,15.15,1677.0,CNNE
2025-11-18 15:20:00,15.14,15.145,15.14,15.145,1568.0,CNNE
2025-11-18 15:19:00,15.13,15.13,15.13,15.13,456.0,CNNE
2025-11-18 15:17:00,15.13,15.13,15.13,15.13,327.0,CNNE
2025-11-18 15:16:00,15.13,15.13,15.13,15.13,580.0,CNNE
2025-11-18 15:15:00,15.13,15.14,15.13,15.14,335.0,CNNE
2025-11-18 15:14:00,15.145,15.145,15.145,15.145,389.0,CNNE
2025-11-18 15:12:00,15.15,15.15,15.13,15.13,2867.0,CNNE
2025-11-18 15:11:00,15.1458,15.1458,15.14,15.14,513.0,CNNE
2025-11-18 15:08:00,15.14,15.15,15.14,15.15,1468.0,CNNE
2025-11-18 15:07:00,15.13,15.13,15.12,15.12,390.0,CNNE
2025-11-18 15:06:00,15.13,15.13,15.12,15.12,1270.0,CNNE
2025-11-18 15:04:00,15.1268,15.1268,15.1268,15.1268,421.0,CNNE
2025-11-18 15:03:00,15.12,15.13,15.12,15.13,754.0,CNNE
2025-11-18 15:02:00,15.12,15.12,15.115,15.115,323.0,CNNE
2025-11-18 15:01:00,15.13,15.13,15.11,15.11,1941.0,CNNE
2025-11-18 15:00:00,15.14,15.14,15.14,15.14,721.0,CNNE
2025-11-18 14:58:00,15.13,15.13,15.13,15.13,275.0,CNNE
2025-11-18 14:57:00,15.11,15.1558,15.105,15.1558,4757.0,CNNE
2025-11-18 14:54:00,15.105,15.105,15.105,15.105,140.0,CNNE
2025-11-18 14:53:00,15.105,15.105,15.105,15.105,124.0,CNNE
2025-11-18 14:52:00,15.1,15.1,15.1,15.1,272.0,CNNE
2025-11-18 14:51:00,15.105,15.105,15.105,15.105,406.0,CNNE
2025-11-18 14:50:00,15.1,15.1,15.1,15.1,910.0,CNNE
2025-11-18 14:47:00,15.095,15.095,15.0947,15.0947,257.0,CNNE
2025-11-18 14:46:00,15.08,15.08,15.08,15.08,367.0,CNNE
2025-11-18 14:45:00,15.1,15.1,15.1,15.1,856.0,CNNE
2025-11-18 14:44:00,15.1,15.1,15.09,15.09,560.0,CNNE
2025-11-18 14:42:00,15.12,15.12,15.12,15.12,617.0,CNNE
2025-11-18 14:41:00,15.12,15.12,15.12,15.12,620.0,CNNE
2025-11-18 14:40:00,15.14,15.14,15.13,15.13,1603.0,CNNE
2025-11-18 14:37:00,15.12,15.14,15.12,15.135,3829.0,CNNE
2025-11-18 14:35:00,15.0977,15.0977,15.0977,15.0977,265.0,CNNE
2025-11-18 14:34:00,15.105,15.105,15.105,15.105,373.0,CNNE
2025-11-18 14:33:00,15.105,15.105,15.105,15.105,171.0,CNNE
2025-11-18 14:32:00,15.1,15.105,15.1,15.105,684.0,CNNE
2025-11-18 14:31:00,15.105,15.105,15.105,15.105,250.0,CNNE
2025-11-18 14:28:00,15.1,15.11,15.09,15.11,566.0,CNNE
2025-11-18 14:26:00,15.115,15.115,15.115,15.115,171.0,CNNE
2025-11-18 14:24:00,15.11,15.125,15.11,15.12,1302.0,CNNE
2025-11-18 14:22:00,15.125,15.125,15.12,15.12,390.0,CNNE
2025-11-18 14:21:00,15.13,15.13,15.11,15.11,242.0,CNNE
2025-11-18 14:20:00,15.13,15.13,15.13,15.13,443.0,CNNE
2025-11-18 14:18:00,15.135,15.135,15.135,15.135,450.0,CNNE
2025-11-18 14:17:00,15.135,15.135,15.135,15.135,138.0,CNNE
2025-11-18 14:16:00,15.11,15.12,15.11,15.11,2209.0,CNNE
2025-11-18 14:15:00,15.07,15.11,15.07,15.08,7226.0,CNNE
2025-11-18 14:14:00,15.069,15.069,15.06,15.06,735.0,CNNE
2025-11-18 14:13:00,15.065,15.065,15.06,15.06,415.0,CNNE
2025-11-18 14:12:00,15.065,15.065,15.065,15.065,440.0,CNNE
2025-11-18 14:11:00,15.07,15.075,15.07,15.07,2125.0,CNNE
2025-11-18 14:09:00,15.075,15.075,15.07,15.07,336.0,CNNE
2025-11-18 14:08:00,15.095,15.095,15.095,15.095,705.0,CNNE
2025-11-18 14:06:00,15.095,15.095,15.095,15.095,241.0,CNNE
2025-11-18 14:05:00,15.0813,15.0813,15.0813,15.0813,658.0,CNNE
2025-11-18 14:04:00,15.1,15.1,15.1,15.1,978.0,CNNE
2025-11-18 14:02:00,15.11,15.11,15.11,15.11,129.0,CNNE
2025-11-18 14:01:00,15.11,15.11,15.11,15.11,454.0,CNNE
2025-11-18 14:00:00,15.11,15.13,15.11,15.12,1961.0,CNNE
2025-11-18 13:59:00,15.11,15.11,15.11,15.11,282.0,CNNE
2025-11-18 13:58:00,15.14,15.14,15.11,15.11,2140.0,CNNE
2025-11-18 13:55:00,15.13,15.1416,15.13,15.14,690.0,CNNE
2025-11-18 13:52:00,15.14,15.14,15.14,15.14,304.0,CNNE
2025-11-18 13:51:00,15.14,15.14,15.14,15.14,762.0,CNNE
2025-11-18 13:44:00,15.1399,15.1399,15.1399,15.1399,176.0,CNNE
2025-11-18 13:43:00,15.13,15.13,15.13,15.13,262.0,CNNE
2025-11-18 13:40:00,15.12,15.135,15.12,15.135,505.0,CNNE
2025-11-18 13:36:00,15.11,15.12,15.09,15.1,1752.0,CNNE
2025-11-18 13:35:00,15.1089,15.1089,15.1,15.1,516.0,CNNE
2025-11-18 13:34:00,15.11,15.11,15.09,15.09,1018.0,CNNE
2025-11-18 13:32:00,15.11,15.11,15.11,15.11,1532.0,CNNE
2025-11-18 13:31:00,15.1,15.1,15.1,15.1,170.0,CNNE
2025-11-18 13:29:00,15.09,15.09,15.09,15.09,289.0,CNNE
2025-11-18 13:28:00,15.105,15.105,15.105,15.105,220.0,CNNE
2025-11-18 13:25:00,15.13,15.13,15.11,15.11,677.0,CNNE
2025-11-18 13:24:00,15.14,15.14,15.14,15.14,337.0,CNNE
2025-11-18 13:20:00,15.15,15.15,15.13,15.13,360.0,CNNE
2025-11-18 13:19:00,15.15,15.15,15.14,15.14,521.0,CNNE
2025-11-18 13:18:00,15.15,15.15,15.15,15.15,145.0,CNNE
2025-11-18 13:17:00,15.15,15.15,15.15,15.15,1066.0,CNNE
2025-11-18 13:15:00,15.16,15.16,15.16,15.16,1187.0,CNNE
2025-11-18 13:14:00,15.175,15.18,15.175,15.18,723.0,CNNE
2025-11-18 13:13:00,15.17,15.17,15.17,15.17,544.0,CNNE
2025-11-18 13:11:00,15.15,15.15,15.14,15.14,974.0,CNNE
2025-11-18 13:10:00,15.13,15.14,15.13,15.14,496.0,CNNE
2025-11-18 13:09:00,15.13,15.13,15.13,15.13,354.0,CNNE
2025-11-18 13:03:00,15.13,15.145,15.13,15.145,1046.0,CNNE
2025-11-18 13:00:00,15.13,15.13,15.13,15.13,716.0,CNNE
2025-11-18 12:59:00,15.12,15.12,15.12,15.12,381.0,CNNE
2025-11-18 12:58:00,15.13,15.13,15.12,15.12,1652.0,CNNE
2025-11-18 12:55:00,15.115,15.115,15.115,15.115,221.0,CNNE
2025-11-18 12:52:00,15.12,15.12,15.12,15.12,519.0,CNNE
2025-11-18 12:51:00,15.12,15.12,15.11,15.11,988.0,CNNE
2025-11-18 12:50:00,15.13,15.13,15.12,15.13,1198.0,CNNE
2025-11-18 12:49:00,15.139,15.139,15.139,15.139,167.0,CNNE
2025-11-18 12:48:00,15.13,15.13,15.13,15.13,760.0,CNNE
2025-11-18 12:47:00,15.1285,15.1285,15.1285,15.1285,267.0,CNNE
2025-11-18 12:46:00,15.11,15.12,15.11,15.115,1461.0,CNNE
2025-11-18 12:45:00,15.125,15.125,15.125,15.125,380.0,CNNE
2025-11-18 12:44:00,15.1256,15.1256,15.1256,15.1256,221.0,CNNE
2025-11-18 12:43:00,15.125,15.125,15.125,15.125,178.0,CNNE
2025-11-18 12:42:00,15.14,15.14,15.125,15.14,318.0,CNNE
2025-11-18 12:41:00,15.11,15.125,15.11,15.12,1449.0,CNNE
2025-11-18 12:40:00,15.118,15.118,15.118,15.118,261.0,CNNE
2025-11-18 12:39:00,15.09,15.095,15.09,15.095,915.0,CNNE
2025-11-18 12:38:00,15.08,15.08,15.08,15.08,271.0,CNNE
2025-11-18 12:37:00,15.08,15.08,15.07,15.08,1746.0,CNNE
2025-11-18 12:35:00,15.08,15.08,15.065,15.065,315.0,CNNE
2025-11-18 12:34:00,15.08,15.08,15.065,15.065,398.0,CNNE
2025-11-18 12:33:00,15.065,15.065,15.065,15.065,368.0,CNNE
2025-11-18 12:32:00,15.0785,15.0785,15.0785,15.0785,205.0,CNNE
2025-11-18 12:31:00,15.07,15.075,15.05,15.05,1199.0,CNNE
2025-11-18 12:30:00,15.08,15.09,15.061,15.09,1503.0,CNNE
2025-11-18 12:29:00,15.08,15.089,15.08,15.089,236.0,CNNE
2025-11-18 12:28:00,15.08,15.08,15.08,15.08,1287.0,CNNE
2025-11-18 12:27:00,15.085,15.085,15.07,15.07,825.0,CNNE
2025-11-18 12:26:00,15.09,15.11,15.09,15.11,341.0,CNNE
2025-11-18 12:24:00,15.11,15.11,15.11,15.11,147.0,CNNE
2025-11-18 12:23:00,15.095,15.11,15.095,15.11,392.0,CNNE
2025-11-18 12:22:00,15.14,15.14,15.11,15.11,1110.0,CNNE
2025-11-18 12:21:00,15.15,15.15,15.14,15.14,740.0,CNNE
2025-11-18 12:20:00,15.15,15.15,15.15,15.15,1003.0,CNNE
2025-11-18 12:19:00,15.15,15.15,15.15,15.15,176.0,CNNE
2025-11-18 12:18:00,15.135,15.135,15.135,15.135,242.0,CNNE
2025-11-18 12:17:00,15.15,15.15,15.15,15.15,1270.0,CNNE
2025-11-18 12:16:00,15.15,15.15,15.135,15.135,257.0,CNNE
2025-11-18 12:15:00,15.14,15.14,15.13,15.13,1112.0,CNNE
2025-11-18 12:14:00,15.14,15.155,15.14,15.14,1733.0,CNNE
2025-11-18 12:13:00,15.15,15.15,15.15,15.15,162.0,CNNE
2025-11-18 12:12:00,15.15,15.17,15.15,15.17,1094.0,CNNE
2025-11-18 12:11:00,15.15,15.15,15.13,15.13,525.0,CNNE
2025-11-18 12:09:00,15.165,15.165,15.14,15.14,1274.0,CNNE
2025-11-18 12:04:00,15.16,15.17,15.16,15.17,894.0,CNNE
2025-11-18 12:03:00,15.14,15.14,15.14,15.14,168.0,CNNE
2025-11-18 12:02:00,15.17,15.17,15.17,15.17,411.0,CNNE
2025-11-18 12:01:00,15.14,15.14,15.14,15.14,136.0,CNNE
2025-11-18 11:59:00,15.14,15.14,15.14,15.14,658.0,CNNE
2025-11-18 11:57:00,15.1697,15.1697,15.1199,15.1199,483.0,CNNE
2025-11-18 11:56:00,15.15,15.175,15.14,15.14,3314.0,CNNE
2025-11-18 11:54:00,15.14,15.17,15.14,15.17,2047.0,CNNE
2025-11-18 11:53:00,15.115,15.115,15.115,15.115,545.0,CNNE
2025-11-18 11:51:00,15.13,15.13,15.12,15.12,746.0,CNNE
2025-11-18 11:50:00,15.17,15.17,15.13,15.15,2262.0,CNNE
2025-11-18 11:49:00,15.1752,15.1752,15.16,15.16,667.0,CNNE
2025-11-18 11:48:00,15.17,15.17,15.17,15.17,769.0,CNNE
2025-11-18 11:47:00,15.18,15.18,15.18,15.18,129.0,CNNE
2025-11-18 11:45:00,15.2,15.2,15.2,15.2,367.0,CNNE
2025-11-18 11:44:00,15.18,15.185,15.18,15.185,450.0,CNNE
2025-11-18 11:42:00,15.2,15.2,15.2,15.2,221.0,CNNE
2025-11-18 11:41:00,15.18,15.19,15.18,15.18,2067.0,CNNE
2025-11-18 11:39:00,15.18,15.195,15.18,15.18,977.0,CNNE
2025-11-18 11:36:00,15.2,15.2,15.2,15.2,494.0,CNNE
2025-11-18 11:35:00,15.205,15.205,15.205,15.205,134.0,CNNE
2025-11-18 11:34:00,15.22,15.22,15.22,15.22,392.0,CNNE
2025-11-18 11:33:00,15.21,15.21,15.21,15.21,359.0,CNNE
2025-11-18 11:32:00,15.21,15.21,15.21,15.21,663.0,CNNE
2025-11-18 11:31:00,15.18,15.205,15.18,15.18,2167.0,CNNE
2025-11-18 11:28:00,15.17,15.17,15.17,15.17,450.0,CNNE
2025-11-18 11:27:00,15.17,15.17,15.17,15.17,110.0,CNNE
2025-11-18 11:26:00,15.175,15.175,15.175,15.175,347.0,CNNE
2025-11-18 11:25:00,15.16,15.16,15.16,15.16,490.0,CNNE
2025-11-18 11:24:00,15.135,15.15,15.135,15.15,1833.0,CNNE
2025-11-18 11:21:00,15.13,15.13,15.13,15.13,216.0,CNNE
2025-11-18 11:20:00,15.14,15.14,15.13,15.14,1583.0,CNNE
2025-11-18 11:19:00,15.125,15.13,15.125,15.13,1130.0,CNNE
2025-11-18 11:18:00,15.13,15.13,15.12,15.12,318.0,CNNE
2025-11-18 11:17:00,15.13,15.13,15.13,15.13,393.0,CNNE
2025-11-18 11:16:00,15.16,15.16,15.135,15.135,1082.0,CNNE
2025-11-18 11:14:00,15.17,15.175,15.17,15.175,602.0,CNNE
2025-11-18 11:13:00,15.185,15.185,15.185,15.185,182.0,CNNE
2025-11-18 11:12:00,15.18,15.19,15.18,15.18,786.0,CNNE
2025-11-18 11:11:00,15.2,15.2,15.19,15.19,1481.0,CNNE
2025-11-18 11:01:00,15.175,15.175,15.175,15.175,150.0,CNNE
2025-11-18 10:58:00,15.2,15.2,15.17,15.18,3165.0,CNNE
2025-11-18 10:56:00,15.19,15.19,15.19,15.19,415.0,CNNE
2025-11-18 10:54:00,15.175,15.175,15.175,15.175,372.0,CNNE
2025-11-18 10:51:00,15.17,15.17,15.17,15.17,187.0,CNNE
2025-11-18 10:50:00,15.185,15.185,15.185,15.185,346.0,CNNE
2025-11-18 10:49:00,15.17,15.18,15.17,15.18,1375.0,CNNE
2025-11-18 10:48:00,15.15,15.16,15.15,15.16,2048.0,CNNE
2025-11-18 10:47:00,15.14,15.16,15.14,15.16,1267.0,CNNE
2025-11-18 10:44:00,15.145,15.145,15.145,15.145,164.0,CNNE
2025-11-18 10:43:00,15.14,15.15,15.14,15.15,1082.0,CNNE
2025-11-18 10:35:00,15.165,15.165,15.13,15.15,597.0,CNNE
2025-11-18 10:34:00,15.14,15.165,15.14,15.165,1121.0,CNNE
2025-11-18 10:32:00,15.15,15.2,15.15,15.2,3842.0,CNNE
2025-11-18 10:31:00,15.14,15.14,15.125,15.125,674.0,CNNE
2025-11-18 10:29:00,15.175,15.175,15.16,15.165,1490.0,CNNE
2025-11-18 10:28:00,15.175,15.175,15.175,15.175,1220.0,CNNE
2025-11-18 10:26:00,15.175,15.175,15.175,15.175,678.0,CNNE
2025-11-18 10:25:00,15.17,15.19,15.17,15.19,525.0,CNNE
2025-11-18 10:22:00,15.17,15.17,15.15,15.17,1255.0,CNNE
2025-11-18 10:21:00,15.21,15.21,15.19,15.19,1128.0,CNNE
2025-11-18 10:20:00,15.18,15.18,15.18,15.18,421.0,CNNE
2025-11-18 10:19:00,15.18,15.18,15.18,15.18,285.0,CNNE
2025-11-18 10:17:00,15.16,15.16,15.16,15.16,428.0,CNNE
2025-11-18 10:15:00,15.1885,15.1885,15.1885,15.1885,484.0,CNNE
2025-11-18 10:13:00,15.25,15.28,15.23,15.23,952.0,CNNE
2025-11-18 10:12:00,15.28,15.28,15.28,15.28,910.0,CNNE
2025-11-18 10:11:00,15.26,15.29,15.26,15.28,2998.0,CNNE
2025-11-18 10:10:00,15.225,15.25,15.225,15.25,1183.0,CNNE
2025-11-18 10:09:00,15.22,15.23,15.21,15.22,1325.0,CNNE
2025-11-18 10:04:00,15.235,15.235,15.2,15.2,1472.0,CNNE
2025-11-18 10:03:00,15.24,15.24,15.24,15.24,339.0,CNNE
2025-11-18 10:02:00,15.23,15.23,15.23,15.23,186.0,CNNE
2025-11-18 10:01:00,15.24,15.24,15.24,15.24,206.0,CNNE
2025-11-18 09:59:00,15.22,15.24,15.22,15.235,1395.0,CNNE
2025-11-18 09:58:00,15.2,15.2,15.2,15.2,303.0,CNNE
2025-11-18 09:57:00,15.17,15.21,15.17,15.21,1738.0,CNNE
2025-11-18 09:53:00,15.16,15.165,15.145,15.145,2151.0,CNNE
2025-11-18 09:52:00,15.14,15.14,15.12,15.12,744.0,CNNE
2025-11-18 09:50:00,15.17,15.18,15.17,15.18,1065.0,CNNE
2025-11-18 09:49:00,15.195,15.195,15.16,15.195,950.0,CNNE
2025-11-18 09:48:00,15.19,15.19,15.19,15.19,316.0,CNNE
2025-11-18 09:47:00,15.19,15.19,15.19,15.19,185.0,CNNE
2025-11-18 09:46:00,15.19,15.19,15.19,15.19,151.0,CNNE
2025-11-18 09:45:00,15.185,15.23,15.185,15.23,657.0,CNNE
2025-11-18 09:44:00,15.295,15.295,15.18,15.18,1591.0,CNNE
2025-11-18 09:43:00,15.22,15.23,15.21,15.23,1847.0,CNNE
2025-11-18 09:39:00,15.125,15.125,15.125,15.125,1100.0,CNNE
2025-11-18 09:34:00,15.165,15.165,15.165,15.165,410.0,CNNE
2025-11-18 09:33:00,15.27,15.27,15.27,15.27,188.0,CNNE
2025-11-18 09:32:00,15.18,15.18,15.18,15.18,100.0,CNNE
2025-11-18 09:30:00,15.12,15.12,15.12,15.12,2682.0,CNNE
2025-11-18 08:55:00,15.2,15.2,15.03,15.03,4.0,CNNE
2025-11-18 08:13:00,15.48,15.48,15.48,15.48,150.0,CNNE
2025-11-18 08:02:00,15.18,15.18,15.18,15.18,1.0,CNNE
2025-11-17 19:00:00,15.18,15.18,15.18,15.18,124124.0,CNNE
2025-11-17 18:55:00,14.88,14.88,14.88,14.88,1.0,CNNE
2025-11-17 18:30:00,15.18,15.18,15.18,15.18,124124.0,CNNE
2025-11-17 16:10:00,15.18,15.18,15.18,15.18,124128.0,CNNE
2025-11-17 16:04:00,15.18,15.18,15.18,15.18,10.0,CNNE
2025-11-17 16:02:00,15.18,15.18,15.18,15.18,275.0,CNNE
2025-11-17 16:01:00,15.18,15.18,15.18,15.18,2952.0,CNNE
2025-11-17 16:00:00,15.195,15.195,15.18,15.18,267787.0,CNNE
2025-11-17 15:59:00,15.21,15.22,15.18,15.18,44230.0,CNNE
2025-11-17 15:58:00,15.22,15.22,15.2,15.215,22478.0,CNNE
2025-11-17 15:57:00,15.21,15.22,15.21,15.215,5508.0,CNNE
2025-11-17 15:56:00,15.22,15.225,15.2,15.215,9835.0,CNNE
2025-11-17 15:55:00,15.23,15.235,15.21,15.21,4505.0,CNNE
2025-11-17 15:54:00,15.23,15.23,15.22,15.23,4296.0,CNNE
2025-11-17 15:53:00,15.25,15.25,15.23,15.23,2247.0,CNNE
2025-11-17 15:52:00,15.245,15.25,15.245,15.25,3891.0,CNNE
2025-11-17 15:51:00,15.25,15.26,15.245,15.245,3888.0,CNNE
2025-11-17 15:50:00,15.275,15.295,15.24,15.24,15504.0,CNNE
2025-11-17 15:49:00,15.275,15.275,15.275,15.275,1260.0,CNNE
2025-11-17 15:48:00,15.275,15.275,15.275,15.275,580.0,CNNE
2025-11-17 15:47:00,15.295,15.295,15.285,15.285,1830.0,CNNE
2025-11-17 15:46:00,15.27,15.29,15.26,15.29,3869.0,CNNE
2025-11-17 15:45:00,15.31,15.3142,15.27,15.29,8778.0,CNNE
2025-11-17 15:44:00,15.31,15.315,15.305,15.315,5883.0,CNNE
2025-11-17 15:43:00,15.3,15.305,15.3,15.305,883.0,CNNE
2025-11-17 15:42:00,15.3,15.309,15.29,15.309,4586.0,CNNE
2025-11-17 15:41:00,15.3,15.31,15.3,15.305,7574.0,CNNE
2025-11-17 15:40:00,15.305,15.305,15.3,15.3,806.0,CNNE
2025-11-17 15:38:00,15.3,15.31,15.3,15.305,5171.0,CNNE
2025-11-17 15:37:00,15.31,15.31,15.3,15.3,2778.0,CNNE
2025-11-17 15:36:00,15.31,15.31,15.31,15.31,1188.0,CNNE
2025-11-17 15:35:00,15.305,15.31,15.305,15.31,1108.0,CNNE
2025-11-17 15:34:00,15.31,15.31,15.3,15.305,3613.0,CNNE
2025-11-17 15:33:00,15.315,15.315,15.315,15.315,572.0,CNNE
2025-11-17 15:32:00,15.31,15.31,15.3,15.31,4963.0,CNNE
2025-11-17 15:31:00,15.33,15.33,15.31,15.32,8183.0,CNNE
2025-11-17 15:30:00,15.32,15.32,15.32,15.32,1116.0,CNNE
2025-11-17 15:29:00,15.31,15.31,15.31,15.31,1121.0,CNNE
2025-11-17 15:28:00,15.31,15.31,15.305,15.305,734.0,CNNE
2025-11-17 15:26:00,15.3,15.31,15.3,15.305,2121.0,CNNE
2025-11-17 15:25:00,15.3,15.3,15.2895,15.295,6342.0,CNNE
2025-11-17 15:24:00,15.32,15.32,15.32,15.32,676.0,CNNE
2025-11-17 15:22:00,15.3,15.31,15.2914,15.31,1903.0,CNNE
2025-11-17 15:21:00,15.305,15.305,15.2905,15.297,4390.0,CNNE
2025-11-17 15:20:00,15.285,15.3,15.28,15.3,5009.0,CNNE
2025-11-17 15:19:00,15.28,15.285,15.28,15.285,1887.0,CNNE
2025-11-17 15:18:00,15.27,15.28,15.26,15.28,2566.0,CNNE
2025-11-17 15:17:00,15.27,15.27,15.26,15.26,514.0,CNNE
2025-11-17 15:15:00,15.25,15.27,15.25,15.27,2491.0,CNNE
2025-11-17 15:14:00,15.225,15.24,15.22,15.24,2882.0,CNNE
2025-11-17 15:13:00,15.24,15.25,15.22,15.225,5604.0,CNNE
2025-11-17 15:12:00,15.24,15.25,15.24,15.25,3471.0,CNNE
2025-11-17 15:11:00,15.245,15.245,15.245,15.245,429.0,CNNE
2025-11-17 15:10:00,15.23,15.24,15.23,15.24,1905.0,CNNE
2025-11-17 15:09:00,15.22,15.22,15.22,15.22,361.0,CNNE
2025-11-17 15:08:00,15.22,15.22,15.22,15.22,406.0,CNNE
2025-11-17 15:07:00,15.22,15.22,15.22,15.22,791.0,CNNE
2025-11-17 15:06:00,15.22,15.22,15.22,15.22,730.0,CNNE
2025-11-17 15:05:00,15.22,15.23,15.22,15.23,2261.0,CNNE
2025-11-17 15:03:00,15.205,15.21,15.2,15.21,2433.0,CNNE
2025-11-17 15:02:00,15.21,15.21,15.2,15.2,2110.0,CNNE
2025-11-17 15:01:00,15.22,15.22,15.22,15.22,206.0,CNNE
2025-11-17 15:00:00,15.23,15.24,15.23,15.23,3070.0,CNNE
2025-11-17 14:57:00,15.245,15.245,15.24,15.24,2070.0,CNNE
2025-11-17 14:56:00,15.26,15.26,15.245,15.245,3218.0,CNNE
2025-11-17 14:55:00,15.27,15.27,15.27,15.27,269.0,CNNE
2025-11-17 14:54:00,15.26,15.27,15.26,15.27,1563.0,CNNE
2025-11-17 14:52:00,15.27,15.27,15.27,15.27,332.0,CNNE
2025-11-17 14:50:00,15.27,15.27,15.27,15.27,479.0,CNNE
2025-11-17 14:48:00,15.3,15.3,15.29,15.295,3635.0,CNNE
2025-11-17 14:47:00,15.3,15.3025,15.295,15.3025,2188.0,CNNE
2025-11-17 14:46:00,15.3,15.3,15.3,15.3,430.0,CNNE
2025-11-17 14:45:00,15.32,15.325,15.3,15.3,3731.0,CNNE
2025-11-17 14:44:00,15.315,15.315,15.315,15.315,473.0,CNNE
2025-11-17 14:43:00,15.315,15.315,15.315,15.315,304.0,CNNE
2025-11-17 14:42:00,15.3,15.315,15.3,15.31,2065.0,CNNE
2025-11-17 14:41:00,15.29,15.3,15.29,15.3,1647.0,CNNE
2025-11-17 14:38:00,15.305,15.31,15.3,15.31,3618.0,CNNE
2025-11-17 14:37:00,15.305,15.305,15.305,15.305,469.0,CNNE
2025-11-17 14:36:00,15.31,15.31,15.31,15.31,1848.0,CNNE
2025-11-17 14:35:00,15.31,15.31,15.31,15.31,798.0,CNNE
2025-11-17 14:34:00,15.31,15.32,15.31,15.31,3479.0,CNNE
2025-11-17 14:33:00,15.31,15.31,15.31,15.31,1054.0,CNNE
2025-11-17 14:32:00,15.315,15.315,15.315,15.315,471.0,CNNE
2025-11-17 14:31:00,15.315,15.315,15.315,15.315,406.0,CNNE
2025-11-17 14:30:00,15.33,15.33,15.31,15.31,4028.0,CNNE
2025-11-17 14:29:00,15.33,15.34,15.33,15.34,2474.0,CNNE
2025-11-17 14:28:00,15.33,15.33,15.32,15.325,2792.0,CNNE
2025-11-17 14:27:00,15.335,15.335,15.335,15.335,243.0,CNNE
2025-11-17 14:26:00,15.335,15.335,15.335,15.335,252.0,CNNE
2025-11-17 14:24:00,15.355,15.355,15.33,15.33,3195.0,CNNE
2025-11-17 14:23:00,15.355,15.355,15.35,15.3501,1114.0,CNNE
2025-11-17 14:21:00,15.35,15.35,15.35,15.35,1391.0,CNNE
2025-11-17 14:20:00,15.35,15.35,15.35,15.35,366.0,CNNE
2025-11-17 14:19:00,15.33,15.35,15.33,15.35,3697.0,CNNE
2025-11-17 14:18:00,15.34,15.34,15.34,15.34,495.0,CNNE
2025-11-17 14:17:00,15.34,15.34,15.34,15.34,484.0,CNNE
2025-11-17 14:15:00,15.335,15.335,15.335,15.335,595.0,CNNE
2025-11-17 14:14:00,15.35,15.35,15.33,15.33,1491.0,CNNE
2025-11-17 14:12:00,15.36,15.36,15.36,15.36,1853.0,CNNE
2025-11-17 14:10:00,15.36,15.36,15.33,15.33,3639.0,CNNE
2025-11-17 14:08:00,15.37,15.37,15.37,15.37,842.0,CNNE
2025-11-17 14:07:00,15.365,15.365,15.3635,15.3635,726.0,CNNE
2025-11-17 14:06:00,15.36,15.39,15.36,15.37,5598.0,CNNE
2025-11-17 14:05:00,15.35,15.35,15.35,15.35,552.0,CNNE
2025-11-17 14:03:00,15.35,15.35,15.35,15.35,685.0,CNNE
2025-11-17 14:01:00,15.35,15.35,15.33,15.33,1138.0,CNNE
2025-11-17 14:00:00,15.36,15.36,15.36,15.36,1213.0,CNNE
2025-11-17 13:59:00,15.37,15.375,15.37,15.37,1843.0,CNNE
2025-11-17 13:58:00,15.37,15.37,15.37,15.37,2311.0,CNNE
2025-11-17 13:56:00,15.38,15.38,15.37,15.37,486.0,CNNE
2025-11-17 13:55:00,15.38,15.38,15.38,15.38,668.0,CNNE
2025-11-17 13:54:00,15.38,15.38,15.38,15.38,463.0,CNNE
2025-11-17 13:52:00,15.385,15.385,15.385,15.385,296.0,CNNE
2025-11-17 13:51:00,15.38,15.38,15.38,15.38,945.0,CNNE
2025-11-17 13:49:00,15.38,15.38,15.38,15.38,229.0,CNNE
2025-11-17 13:48:00,15.405,15.415,15.39,15.39,4676.0,CNNE
2025-11-17 13:46:00,15.39,15.4,15.39,15.4,1711.0,CNNE
2025-11-17 13:45:00,15.39,15.39,15.39,15.39,749.0,CNNE
2025-11-17 13:44:00,15.41,15.41,15.39,15.4,3633.0,CNNE
2025-11-17 13:43:00,15.39,15.41,15.39,15.41,1977.0,CNNE
2025-11-17 13:42:00,15.38,15.385,15.38,15.385,851.0,CNNE
2025-11-17 13:41:00,15.375,15.375,15.375,15.375,300.0,CNNE
2025-11-17 13:38:00,15.38,15.38,15.38,15.38,461.0,CNNE
2025-11-17 13:36:00,15.37,15.38,15.37,15.38,1372.0,CNNE
2025-11-17 13:35:00,15.37,15.37,15.37,15.37,530.0,CNNE
2025-11-17 13:34:00,15.38,15.38,15.38,15.38,1876.0,CNNE
2025-11-17 13:33:00,15.41,15.41,15.375,15.385,6788.0,CNNE
2025-11-17 13:32:00,15.42,15.42,15.415,15.415,2521.0,CNNE
2025-11-17 13:31:00,15.43,15.4316,15.4284,15.4316,954.0,CNNE
2025-11-17 13:29:00,15.43,15.43,15.43,15.43,271.0,CNNE
2025-11-17 13:27:00,15.43,15.43,15.4201,15.4201,1550.0,CNNE
2025-11-17 13:26:00,15.42,15.42,15.42,15.42,236.0,CNNE
2025-11-17 13:24:00,15.42,15.42,15.42,15.42,1393.0,CNNE
2025-11-17 13:23:00,15.42,15.42,15.41,15.41,2100.0,CNNE
2025-11-17 13:22:00,15.42,15.42,15.42,15.42,428.0,CNNE
2025-11-17 13:19:00,15.43,15.43,15.43,15.43,387.0,CNNE
2025-11-17 13:18:00,15.425,15.425,15.425,15.425,681.0,CNNE
2025-11-17 13:15:00,15.4274,15.43,15.4274,15.43,1015.0,CNNE
2025-11-17 13:14:00,15.415,15.415,15.415,15.415,939.0,CNNE
2025-11-17 13:13:00,15.415,15.415,15.415,15.415,247.0,CNNE
2025-11-17 13:12:00,15.415,15.415,15.415,15.415,652.0,CNNE
2025-11-17 13:11:00,15.4,15.4,15.4,15.4,277.0,CNNE
2025-11-17 13:10:00,15.39,15.41,15.39,15.41,1396.0,CNNE
2025-11-17 13:09:00,15.38,15.38,15.38,15.38,880.0,CNNE
2025-11-17 13:08:00,15.37,15.38,15.37,15.37,1072.0,CNNE
2025-11-17 13:06:00,15.385,15.385,15.385,15.385,309.0,CNNE
2025-11-17 13:05:00,15.39,15.39,15.39,15.39,2573.0,CNNE
2025-11-17 13:04:00,15.4,15.4,15.4,15.4,307.0,CNNE
2025-11-17 13:02:00,15.39,15.39,15.39,15.39,965.0,CNNE
2025-11-17 13:01:00,15.39,15.39,15.39,15.39,338.0,CNNE
2025-11-17 12:59:00,15.44,15.44,15.39,15.39,6108.0,CNNE
2025-11-17 12:58:00,15.43,15.44,15.43,15.43,1635.0,CNNE
2025-11-17 12:56:00,15.425,15.425,15.425,15.425,168.0,CNNE
2025-11-17 12:55:00,15.42,15.42,15.42,15.42,505.0,CNNE
2025-11-17 12:54:00,15.425,15.425,15.425,15.425,146.0,CNNE
2025-11-17 12:53:00,15.42,15.43,15.42,15.43,1116.0,CNNE
2025-11-17 12:51:00,15.42,15.42,15.41,15.415,2123.0,CNNE
2025-11-17 12:50:00,15.42,15.4245,15.42,15.4245,1199.0,CNNE
2025-11-17 12:48:00,15.425,15.425,15.42,15.42,324.0,CNNE
2025-11-17 12:47:00,15.42,15.42,15.42,15.42,3485.0,CNNE
2025-11-17 12:45:00,15.43,15.43,15.43,15.43,278.0,CNNE
2025-11-17 12:44:00,15.42,15.42,15.42,15.42,1673.0,CNNE
2025-11-17 12:43:00,15.4215,15.4215,15.4215,15.4215,995.0,CNNE
2025-11-17 12:42:00,15.43,15.43,15.43,15.43,300.0,CNNE
2025-11-17 12:39:00,15.43,15.43,15.43,15.43,246.0,CNNE
2025-11-17 12:38:00,15.43,15.43,15.425,15.43,2755.0,CNNE
2025-11-17 12:37:00,15.44,15.44,15.44,15.44,731.0,CNNE
2025-11-17 12:36:00,15.44,15.44,15.44,15.44,427.0,CNNE
2025-11-17 12:35:00,15.44,15.44,15.435,15.435,704.0,CNNE
2025-11-17 12:32:00,15.44,15.44,15.43,15.435,866.0,CNNE
2025-11-17 12:30:00,15.44,15.44,15.44,15.44,740.0,CNNE
2025-11-17 12:29:00,15.43,15.43,15.43,15.43,256.0,CNNE
2025-11-17 12:28:00,15.43,15.43,15.43,15.43,300.0,CNNE
2025-11-17 12:26:00,15.43,15.43,15.43,15.43,870.0,CNNE
2025-11-17 12:25:00,15.45,15.45,15.43,15.445,4921.0,CNNE
2025-11-17 12:24:00,15.455,15.455,15.45,15.45,1064.0,CNNE
2025-11-17 12:22:00,15.46,15.46,15.46,15.46,462.0,CNNE
2025-11-17 12:21:00,15.45,15.45,15.45,15.45,283.0,CNNE
2025-11-17 12:19:00,15.45,15.45,15.45,15.45,453.0,CNNE
2025-11-17 12:18:00,15.46,15.46,15.46,15.46,362.0,CNNE
2025-11-17 12:16:00,15.44,15.44,15.44,15.44,1019.0,CNNE
2025-11-17 12:15:00,15.43,15.43,15.43,15.43,538.0,CNNE
2025-11-17 12:13:00,15.42,15.42,15.42,15.42,1256.0,CNNE
2025-11-17 12:12:00,15.415,15.415,15.41,15.41,531.0,CNNE
2025-11-17 12:11:00,15.4135,15.415,15.4135,15.415,863.0,CNNE
2025-11-17 12:09:00,15.42,15.42,15.42,15.42,908.0,CNNE
2025-11-17 12:08:00,15.42,15.425,15.42,15.425,804.0,CNNE
2025-11-17 12:07:00,15.43,15.43,15.43,15.43,1760.0,CNNE
2025-11-17 12:06:00,15.44,15.44,15.435,15.44,6506.0,CNNE
2025-11-17 12:04:00,15.44,15.44,15.44,15.44,804.0,CNNE
2025-11-17 12:02:00,15.44,15.45,15.44,15.45,1387.0,CNNE
2025-11-17 11:59:00,15.435,15.435,15.43,15.43,1857.0,CNNE
2025-11-17 11:58:00,15.43,15.43,15.43,15.43,3297.0,CNNE
2025-11-17 11:57:00,15.44,15.44,15.44,15.44,296.0,CNNE
2025-11-17 11:56:00,15.44,15.44,15.44,15.44,287.0,CNNE
2025-11-17 11:55:00,15.44,15.445,15.43,15.43,4680.0,CNNE
2025-11-17 11:54:00,15.45,15.45,15.45,15.45,235.0,CNNE
2025-11-17 11:52:00,15.44,15.45,15.44,15.45,481.0,CNNE
2025-11-17 11:51:00,15.43,15.45,15.43,15.45,2549.0,CNNE
2025-11-17 11:50:00,15.42,15.42,15.42,15.42,518.0,CNNE
2025-11-17 11:48:00,15.42,15.42,15.42,15.42,1187.0,CNNE
2025-11-17 11:47:00,15.42,15.42,15.42,15.42,166.0,CNNE
2025-11-17 11:44:00,15.41,15.41,15.41,15.41,726.0,CNNE
2025-11-17 11:43:00,15.415,15.415,15.415,15.415,378.0,CNNE
2025-11-17 11:42:00,15.405,15.41,15.405,15.41,689.0,CNNE
2025-11-17 11:41:00,15.4,15.4,15.4,15.4,588.0,CNNE
2025-11-17 11:40:00,15.395,15.395,15.395,15.395,217.0,CNNE
2025-11-17 11:39:00,15.39,15.39,15.39,15.39,1569.0,CNNE
2025-11-17 11:38:00,15.4,15.4,15.4,15.4,1039.0,CNNE
2025-11-17 11:36:00,15.39,15.39,15.39,15.39,608.0,CNNE
2025-11-17 11:35:00,15.39,15.39,15.37,15.385,1344.0,CNNE
2025-11-17 11:33:00,15.375,15.375,15.375,15.375,241.0,CNNE
2025-11-17 11:31:00,15.37,15.38,15.37,15.375,878.0,CNNE
2025-11-17 11:29:00,15.37,15.37,15.37,15.37,1377.0,CNNE
2025-11-17 11:28:00,15.36,15.36,15.36,15.36,3144.0,CNNE
2025-11-17 11:27:00,15.37,15.37,15.37,15.37,421.0,CNNE
2025-11-17 11:26:00,15.37,15.37,15.37,15.37,424.0,CNNE
2025-11-17 11:25:00,15.36,15.36,15.36,15.36,170.0,CNNE
2025-11-17 11:23:00,15.37,15.38,15.37,15.37,1283.0,CNNE
2025-11-17 11:21:00,15.365,15.365,15.365,15.365,651.0,CNNE
2025-11-17 11:19:00,15.35,15.35,15.35,15.35,207.0,CNNE
2025-11-17 11:18:00,15.365,15.365,15.365,15.365,1561.0,CNNE
2025-11-17 11:17:00,15.365,15.365,15.365,15.365,589.0,CNNE
2025-11-17 11:16:00,15.37,15.37,15.37,15.37,537.0,CNNE
2025-11-17 11:15:00,15.36,15.36,15.36,15.36,193.0,CNNE
2025-11-17 11:13:00,15.36,15.36,15.36,15.36,519.0,CNNE
2025-11-17 11:12:00,15.36,15.36,15.35,15.35,4174.0,CNNE
2025-11-17 11:11:00,15.36,15.36,15.36,15.36,725.0,CNNE
2025-11-17 11:09:00,15.37,15.37,15.37,15.37,4848.0,CNNE
2025-11-17 11:06:00,15.39,15.4,15.37,15.37,7522.0,CNNE
2025-11-17 11:05:00,15.41,15.415,15.41,15.415,825.0,CNNE
2025-11-17 11:04:00,15.39,15.39,15.39,15.39,220.0,CNNE
2025-11-17 11:02:00,15.38,15.38,15.38,15.38,1103.0,CNNE
2025-11-17 11:01:00,15.38,15.38,15.38,15.38,734.0,CNNE
2025-11-17 11:00:00,15.395,15.395,15.395,15.395,421.0,CNNE
2025-11-17 10:58:00,15.395,15.395,15.395,15.395,238.0,CNNE
2025-11-17 10:57:00,15.405,15.405,15.39,15.39,1803.0,CNNE
2025-11-17 10:55:00,15.39,15.41,15.39,15.41,528.0,CNNE
2025-11-17 10:54:00,15.4,15.4,15.4,15.4,1106.0,CNNE
2025-11-17 10:53:00,15.395,15.395,15.395,15.395,157.0,CNNE
2025-11-17 10:52:00,15.39,15.39,15.39,15.39,152.0,CNNE
2025-11-17 10:50:00,15.38,15.39,15.38,15.39,2514.0,CNNE
2025-11-17 10:49:00,15.395,15.4,15.38,15.4,5114.0,CNNE
2025-11-17 10:48:00,15.365,15.4,15.365,15.4,826.0,CNNE
2025-11-17 10:47:00,15.35,15.37,15.35,15.37,1765.0,CNNE
2025-11-17 10:44:00,15.31,15.31,15.31,15.31,162.0,CNNE
2025-11-17 10:43:00,15.285,15.31,15.285,15.2902,596.0,CNNE
2025-11-17 10:42:00,15.27,15.275,15.27,15.275,380.0,CNNE
2025-11-17 10:41:00,15.22,15.255,15.205,15.255,5296.0,CNNE
2025-11-17 10:40:00,15.19,15.205,15.19,15.205,5727.0,CNNE
2025-11-17 10:39:00,15.205,15.205,15.205,15.205,1489.0,CNNE
2025-11-17 10:38:00,15.19,15.21,15.18,15.205,8793.0,CNNE
2025-11-17 10:36:00,15.21,15.2151,15.19,15.19,2927.0,CNNE
2025-11-17 10:35:00,15.21,15.21,15.21,15.21,361.0,CNNE
2025-11-17 10:34:00,15.21,15.21,15.21,15.21,267.0,CNNE
2025-11-17 10:33:00,15.25,15.26,15.22,15.22,6870.0,CNNE
2025-11-17 10:32:00,15.26,15.26,15.245,15.245,1447.0,CNNE
2025-11-17 10:30:00,15.295,15.295,15.295,15.295,313.0,CNNE
2025-11-17 10:29:00,15.2986,15.2986,15.2986,15.2986,614.0,CNNE
2025-11-17 10:28:00,15.26,15.285,15.26,15.285,1784.0,CNNE
2025-11-17 10:27:00,15.22,15.235,15.22,15.235,1319.0,CNNE
2025-11-17 10:26:00,15.2,15.2095,15.19,15.2095,513.0,CNNE
2025-11-17 10:25:00,15.22,15.22,15.2,15.2,459.0,CNNE
2025-11-17 10:24:00,15.22,15.23,15.22,15.23,260.0,CNNE
2025-11-17 10:23:00,15.225,15.225,15.225,15.225,155.0,CNNE
2025-11-17 10:22:00,15.225,15.225,15.225,15.225,722.0,CNNE
2025-11-17 10:19:00,15.25,15.25,15.25,15.25,168.0,CNNE
2025-11-17 10:15:00,15.21,15.29,15.21,15.25,1938.0,CNNE
2025-11-17 10:14:00,15.215,15.215,15.15,15.15,1334.0,CNNE
2025-11-17 10:13:00,15.19,15.215,15.19,15.215,1071.0,CNNE
2025-11-17 10:12:00,15.19,15.225,15.19,15.215,2486.0,CNNE
2025-11-17 10:08:00,15.205,15.205,15.205,15.205,280.0,CNNE
2025-11-17 10:06:00,15.21,15.21,15.21,15.21,350.0,CNNE
2025-11-17 10:05:00,15.21,15.22,15.21,15.21,1701.0,CNNE
2025-11-17 10:03:00,15.21,15.21,15.21,15.21,441.0,CNNE
2025-11-17 10:02:00,15.26,15.26,15.23,15.23,1382.0,CNNE
2025-11-17 10:00:00,15.26,15.28,15.26,15.28,746.0,CNNE
2025-11-17 09:59:00,15.27,15.27,15.26,15.26,960.0,CNNE
2025-11-17 09:58:00,15.3,15.3,15.28,15.3,1203.0,CNNE
2025-11-17 09:57:00,15.31,15.331,15.31,15.331,832.0,CNNE
2025-11-17 09:56:00,15.34,15.34,15.34,15.34,565.0,CNNE
2025-11-17 09:49:00,15.375,15.375,15.375,15.375,1359.0,CNNE
2025-11-17 09:48:00,15.375,15.375,15.375,15.375,1691.0,CNNE
2025-11-17 09:43:00,15.38,15.38,15.33,15.33,799.0,CNNE
2025-11-17 09:42:00,15.3814,15.3814,15.3814,15.3814,110.0,CNNE
2025-11-17 09:40:00,15.3301,15.3301,15.3301,15.3301,924.0,CNNE
2025-11-17 09:39:00,15.34,15.38,15.34,15.38,861.0,CNNE
2025-11-17 09:36:00,15.38,15.38,15.38,15.38,393.0,CNNE
2025-11-17 09:34:00,15.4,15.4,15.39,15.39,650.0,CNNE
2025-11-17 09:30:00,15.45,15.45,15.45,15.45,2797.0,CNNE
2025-11-17 09:29:00,15.48,15.48,15.48,15.48,90.0,CNNE
2025-11-17 09:11:00,15.65,15.69,15.48,15.48,10.0,CNNE
2025-11-17 09:10:00,15.48,15.48,15.48,15.48,3.0,CNNE
2025-11-17 09:09:00,15.62,15.62,15.62,15.62,1.0,CNNE
2025-11-17 08:53:00,15.6,15.6,15.48,15.48,6.0,CNNE
2025-11-17 08:38:00,15.58,15.62,15.58,15.62,2.0,CNNE
2025-11-14 19:00:00,15.52,15.52,15.52,15.52,85549.0,CNNE
2025-11-14 18:30:00,15.52,15.52,15.52,15.52,85549.0,CNNE
2025-11-14 16:18:00,15.8,15.8,15.8,15.8,37.0,CNNE
2025-11-14 16:15:00,15.52,15.52,15.52,15.52,624.0,CNNE
2025-11-14 16:10:00,15.52,15.52,15.52,15.52,85553.0,CNNE
2025-11-14 16:04:00,15.52,15.52,15.52,15.52,5.0,CNNE
2025-11-14 16:02:00,15.52,15.52,15.52,15.52,2729.0,CNNE
2025-11-14 16:01:00,15.52,15.52,15.52,15.52,369.0,CNNE
2025-11-14 16:00:00,15.535,15.535,15.52,15.52,179925.0,CNNE
2025-11-14 15:59:00,15.533,15.555,15.52,15.535,30082.0,CNNE
2025-11-14 15:58:00,15.55,15.55,15.535,15.535,11736.0,CNNE
2025-11-14 15:57:00,15.56,15.56,15.545,15.55,7590.0,CNNE
2025-11-14 15:56:00,15.57,15.579,15.56,15.565,6937.0,CNNE
2025-11-14 15:55:00,15.59,15.605,15.565,15.565,12016.0,CNNE
2025-11-14 15:54:00,15.61,15.62,15.59,15.59,5558.0,CNNE
2025-11-14 15:53:00,15.62,15.62,15.61,15.61,2707.0,CNNE
2025-11-14 15:52:00,15.62,15.625,15.615,15.615,3343.0,CNNE
2025-11-14 15:51:00,15.63,15.645,15.625,15.625,5584.0,CNNE
2025-11-14 15:50:00,15.58,15.62,15.575,15.62,11318.0,CNNE
2025-11-14 15:49:00,15.58,15.58,15.58,15.58,732.0,CNNE
2025-11-14 15:48:00,15.61,15.61,15.58,15.59,11078.0,CNNE
2025-11-14 15:47:00,15.615,15.615,15.605,15.61,4312.0,CNNE
2025-11-14 15:45:00,15.61,15.615,15.61,15.615,1186.0,CNNE
2025-11-14 15:44:00,15.615,15.62,15.615,15.615,1605.0,CNNE
2025-11-14 15:43:00,15.61,15.615,15.61,15.61,4748.0,CNNE
2025-11-14 15:42:00,15.54,15.6,15.54,15.6,5220.0,CNNE
2025-11-14 15:41:00,15.58,15.58,15.54,15.54,7096.0,CNNE
2025-11-14 15:40:00,15.59,15.59,15.575,15.58,4068.0,CNNE
2025-11-14 15:39:00,15.59,15.595,15.59,15.59,3481.0,CNNE
2025-11-14 15:38:00,15.59,15.59,15.57,15.58,11776.0,CNNE
2025-11-14 15:36:00,15.58,15.59,15.58,15.59,10655.0,CNNE
2025-11-14 15:35:00,15.5643,15.57,15.56,15.57,7425.0,CNNE
2025-11-14 15:33:00,15.55,15.57,15.55,15.57,2798.0,CNNE
2025-11-14 15:31:00,15.56,15.56,15.56,15.56,905.0,CNNE
2025-11-14 15:30:00,15.55,15.56,15.55,15.56,2212.0,CNNE
2025-11-14 15:29:00,15.55,15.57,15.55,15.57,3995.0,CNNE
2025-11-14 15:27:00,15.55,15.55,15.55,15.55,648.0,CNNE
2025-11-14 15:26:00,15.55,15.55,15.55,15.55,666.0,CNNE
2025-11-14 15:25:00,15.55,15.55,15.55,15.55,1135.0,CNNE
2025-11-14 15:23:00,15.5408,15.55,15.5408,15.55,743.0,CNNE
2025-11-14 15:22:00,15.56,15.56,15.545,15.549,4768.0,CNNE
2025-11-14 15:21:00,15.56,15.56,15.56,15.56,895.0,CNNE
2025-11-14 15:20:00,15.55,15.55,15.55,15.55,556.0,CNNE
2025-11-14 15:18:00,15.56,15.56,15.56,15.56,599.0,CNNE
2025-11-14 15:15:00,15.56,15.56,15.56,15.56,1199.0,CNNE
2025-11-14 15:14:00,15.54,15.55,15.54,15.55,1359.0,CNNE
2025-11-14 15:13:00,15.54,15.54,15.54,15.54,1197.0,CNNE
2025-11-14 15:12:00,15.59,15.59,15.555,15.555,2484.0,CNNE
2025-11-14 15:11:00,15.61,15.61,15.59,15.59,5081.0,CNNE
2025-11-14 15:10:00,15.62,15.62,15.61,15.61,654.0,CNNE
2025-11-14 15:09:00,15.62,15.62,15.61,15.62,792.0,CNNE
2025-11-14 15:08:00,15.595,15.61,15.595,15.61,2997.0,CNNE
2025-11-14 15:07:00,15.595,15.595,15.59,15.595,984.0,CNNE
2025-11-14 15:06:00,15.59,15.59,15.59,15.59,809.0,CNNE
2025-11-14 15:05:00,15.59,15.595,15.585,15.595,4664.0,CNNE
2025-11-14 15:03:00,15.59,15.59,15.59,15.59,596.0,CNNE
2025-11-14 15:02:00,15.605,15.605,15.605,15.605,1277.0,CNNE
2025-11-14 15:00:00,15.59,15.59,15.59,15.59,351.0,CNNE
2025-11-14 14:59:00,15.605,15.605,15.605,15.605,604.0,CNNE
2025-11-14 14:58:00,15.62,15.625,15.6,15.6,11046.0,CNNE
2025-11-14 14:57:00,15.61,15.61,15.61,15.61,548.0,CNNE
2025-11-14 14:56:00,15.61,15.61,15.61,15.61,1444.0,CNNE
2025-11-14 14:55:00,15.6,15.6,15.6,15.6,542.0,CNNE
2025-11-14 14:53:00,15.6,15.6,15.6,15.6,2698.0,CNNE
2025-11-14 14:51:00,15.6,15.6,15.6,15.6,620.0,CNNE
2025-11-14 14:50:00,15.595,15.6,15.595,15.6,513.0,CNNE
2025-11-14 14:46:00,15.6,15.61,15.6,15.6,1852.0,CNNE
2025-11-14 14:45:00,15.59,15.59,15.59,15.59,509.0,CNNE
2025-11-14 14:43:00,15.59,15.59,15.58,15.58,351.0,CNNE
2025-11-14 14:41:00,15.59,15.59,15.59,15.59,777.0,CNNE
2025-11-14 14:40:00,15.59,15.59,15.59,15.59,2959.0,CNNE
2025-11-14 14:39:00,15.575,15.595,15.575,15.595,1748.0,CNNE
2025-11-14 14:37:00,15.5795,15.5795,15.5795,15.5795,354.0,CNNE
2025-11-14 14:36:00,15.58,15.58,15.58,15.58,547.0,CNNE
2025-11-14 14:35:00,15.57,15.57,15.57,15.57,177.0,CNNE
2025-11-14 14:33:00,15.57,15.57,15.565,15.565,1748.0,CNNE
2025-11-14 14:32:00,15.555,15.555,15.555,15.555,490.0,CNNE
2025-11-14 14:31:00,15.56,15.56,15.54,15.55,6513.0,CNNE
2025-11-14 14:30:00,15.55,15.55,15.55,15.55,279.0,CNNE
2025-11-14 14:28:00,15.55,15.55,15.55,15.55,200.0,CNNE
2025-11-14 14:27:00,15.55,15.55,15.54,15.55,4619.0,CNNE
2025-11-14 14:23:00,15.57,15.57,15.57,15.57,1130.0,CNNE
2025-11-14 14:21:00,15.57,15.57,15.57,15.57,590.0,CNNE
2025-11-14 14:20:00,15.56,15.58,15.56,15.56,3676.0,CNNE
2025-11-14 14:17:00,15.54,15.54,15.54,15.54,505.0,CNNE
2025-11-14 14:16:00,15.55,15.55,15.515,15.515,6541.0,CNNE
2025-11-14 14:15:00,15.535,15.535,15.535,15.535,283.0,CNNE
2025-11-14 14:11:00,15.535,15.535,15.535,15.535,512.0,CNNE
2025-11-14 14:09:00,15.53,15.55,15.53,15.535,3157.0,CNNE
2025-11-14 14:08:00,15.525,15.525,15.525,15.525,269.0,CNNE
2025-11-14 14:04:00,15.525,15.525,15.525,15.525,326.0,CNNE
2025-11-14 13:59:00,15.525,15.525,15.525,15.525,473.0,CNNE
2025-11-14 13:56:00,15.525,15.525,15.525,15.525,678.0,CNNE
2025-11-14 13:55:00,15.53,15.53,15.53,15.53,2661.0,CNNE
2025-11-14 13:54:00,15.53,15.53,15.53,15.53,421.0,CNNE
2025-11-14 13:52:00,15.535,15.535,15.52,15.52,2030.0,CNNE
2025-11-14 13:50:00,15.52,15.53,15.52,15.53,1065.0,CNNE
2025-11-14 13:47:00,15.5,15.505,15.5,15.505,579.0,CNNE
2025-11-14 13:45:00,15.47,15.49,15.47,15.49,2666.0,CNNE
2025-11-14 13:44:00,15.46,15.465,15.46,15.465,986.0,CNNE
2025-11-14 13:41:00,15.46,15.47,15.46,15.46,1023.0,CNNE
2025-11-14 13:38:00,15.46,15.46,15.46,15.46,1105.0,CNNE
2025-11-14 13:37:00,15.47,15.47,15.47,15.47,1178.0,CNNE
2025-11-14 13:36:00,15.48,15.48,15.47,15.47,356.0,CNNE
2025-11-14 13:35:00,15.47,15.48,15.47,15.48,339.0,CNNE
2025-11-14 13:33:00,15.48,15.48,15.48,15.48,199.0,CNNE
2025-11-14 13:32:00,15.48,15.48,15.48,15.48,1120.0,CNNE
2025-11-14 13:31:00,15.47,15.47,15.46,15.46,2320.0,CNNE
2025-11-14 13:30:00,15.48,15.48,15.48,15.48,176.0,CNNE
2025-11-14 13:28:00,15.47,15.48,15.47,15.48,1769.0,CNNE
2025-11-14 13:27:00,15.46,15.46,15.45,15.46,1909.0,CNNE
2025-11-14 13:26:00,15.45,15.45,15.45,15.45,469.0,CNNE
2025-11-14 13:25:00,15.46,15.46,15.46,15.46,285.0,CNNE
2025-11-14 13:24:00,15.46,15.4662,15.46,15.4662,1575.0,CNNE
2025-11-14 13:23:00,15.445,15.445,15.445,15.445,488.0,CNNE
2025-11-14 13:22:00,15.45,15.45,15.445,15.445,1347.0,CNNE
2025-11-14 13:21:00,15.47,15.47,15.4403,15.45,6823.0,CNNE
2025-11-14 13:19:00,15.47,15.48,15.47,15.48,525.0,CNNE
2025-11-14 13:17:00,15.49,15.49,15.48,15.48,2835.0,CNNE
2025-11-14 13:16:00,15.49,15.49,15.49,15.49,275.0,CNNE
2025-11-14 13:14:00,15.5,15.5,15.5,15.5,782.0,CNNE
2025-11-14 13:13:00,15.485,15.485,15.485,15.485,448.0,CNNE
2025-11-14 13:11:00,15.47,15.48,15.47,15.48,1598.0,CNNE
2025-11-14 13:10:00,15.463,15.47,15.463,15.47,1366.0,CNNE
2025-11-14 13:08:00,15.47,15.47,15.46,15.46,3125.0,CNNE
2025-11-14 13:07:00,15.48,15.48,15.48,15.48,287.0,CNNE
2025-11-14 13:06:00,15.485,15.485,15.485,15.485,218.0,CNNE
2025-11-14 13:04:00,15.485,15.485,15.485,15.485,655.0,CNNE
2025-11-14 13:03:00,15.48,15.49,15.48,15.49,1063.0,CNNE
2025-11-14 13:02:00,15.47,15.47,15.47,15.47,1286.0,CNNE
2025-11-14 13:01:00,15.48,15.48,15.48,15.48,913.0,CNNE
2025-11-14 13:00:00,15.47,15.47,15.47,15.47,333.0,CNNE
2025-11-14 12:58:00,15.47,15.47,15.47,15.47,1212.0,CNNE
2025-11-14 12:56:00,15.455,15.455,15.455,15.455,291.0,CNNE
2025-11-14 12:55:00,15.45,15.46,15.4461,15.455,1413.0,CNNE
2025-11-14 12:52:00,15.45,15.45,15.45,15.45,247.0,CNNE
2025-11-14 12:50:00,15.42,15.42,15.42,15.42,289.0,CNNE
2025-11-14 12:46:00,15.44,15.44,15.43,15.43,2067.0,CNNE
2025-11-14 12:45:00,15.43,15.44,15.43,15.44,4576.0,CNNE
2025-11-14 12:40:00,15.45,15.45,15.43,15.43,1261.0,CNNE
2025-11-14 12:39:00,15.48,15.48,15.46,15.46,1384.0,CNNE
2025-11-14 12:36:00,15.47,15.47,15.47,15.47,612.0,CNNE
2025-11-14 12:33:00,15.46,15.46,15.46,15.46,909.0,CNNE
2025-11-14 12:32:00,15.46,15.46,15.46,15.46,1201.0,CNNE
2025-11-14 12:31:00,15.48,15.48,15.47,15.47,831.0,CNNE
2025-11-14 12:30:00,15.49,15.49,15.49,15.49,630.0,CNNE
2025-11-14 12:29:00,15.44,15.49,15.44,15.49,6809.0,CNNE
2025-11-14 12:28:00,15.44,15.4401,15.44,15.4401,1335.0,CNNE
2025-11-14 12:26:00,15.445,15.445,15.44,15.445,590.0,CNNE
2025-11-14 12:25:00,15.48,15.48,15.46,15.46,4340.0,CNNE
2025-11-14 12:24:00,15.49,15.49,15.49,15.49,223.0,CNNE
2025-11-14 12:23:00,15.49,15.49,15.49,15.49,131.0,CNNE
2025-11-14 12:19:00,15.48,15.48,15.48,15.48,205.0,CNNE
2025-11-14 12:16:00,15.49,15.49,15.49,15.49,389.0,CNNE
2025-11-14 12:15:00,15.5013,15.5013,15.49,15.49,9973.0,CNNE
2025-11-14 12:11:00,15.52,15.52,15.52,15.52,992.0,CNNE
2025-11-14 12:10:00,15.5,15.5,15.5,15.5,597.0,CNNE
2025-11-14 12:08:00,15.49,15.4988,15.49,15.4988,935.0,CNNE
2025-11-14 12:07:00,15.48,15.48,15.48,15.48,1188.0,CNNE
2025-11-14 12:04:00,15.5,15.5,15.5,15.5,1780.0,CNNE
2025-11-14 12:03:00,15.5,15.51,15.5,15.5001,1729.0,CNNE
2025-11-14 12:00:00,15.495,15.505,15.49,15.49,8742.0,CNNE
2025-11-14 11:58:00,15.4802,15.49,15.47,15.49,3571.0,CNNE
2025-11-14 11:57:00,15.48,15.48,15.48,15.48,315.0,CNNE
2025-11-14 11:56:00,15.49,15.49,15.49,15.49,1550.0,CNNE
2025-11-14 11:55:00,15.51,15.51,15.49,15.49,9156.0,CNNE
2025-11-14 11:51:00,15.535,15.55,15.52,15.52,3230.0,CNNE
2025-11-14 11:50:00,15.535,15.535,15.535,15.535,900.0,CNNE
2025-11-14 11:49:00,15.54,15.54,15.54,15.54,596.0,CNNE
2025-11-14 11:48:00,15.5,15.53,15.5,15.52,3146.0,CNNE
2025-11-14 11:47:00,15.5,15.5,15.5,15.5,412.0,CNNE
2025-11-14 11:46:00,15.515,15.515,15.5,15.5,355.0,CNNE
2025-11-14 11:45:00,15.5,15.5,15.5,15.5,926.0,CNNE
2025-11-14 11:44:00,15.515,15.515,15.515,15.515,221.0,CNNE
2025-11-14 11:43:00,15.515,15.515,15.515,15.515,169.0,CNNE
2025-11-14 11:42:00,15.51,15.515,15.51,15.515,1443.0,CNNE
2025-11-14 11:41:00,15.53,15.53,15.53,15.53,719.0,CNNE
2025-11-14 11:40:00,15.4701,15.4701,15.4701,15.4701,279.0,CNNE
2025-11-14 11:38:00,15.53,15.53,15.5,15.5,1470.0,CNNE
2025-11-14 11:37:00,15.53,15.595,15.52,15.52,9341.0,CNNE
2025-11-14 11:36:00,15.54,15.54,15.54,15.54,600.0,CNNE
2025-11-14 11:35:00,15.55,15.55,15.54,15.54,976.0,CNNE
2025-11-14 11:33:00,15.535,15.535,15.535,15.535,245.0,CNNE
2025-11-14 11:31:00,15.575,15.575,15.54,15.54,3416.0,CNNE
2025-11-14 11:30:00,15.55,15.575,15.55,15.575,4282.0,CNNE
2025-11-14 11:26:00,15.54,15.55,15.54,15.55,1604.0,CNNE
2025-11-14 11:25:00,15.53,15.53,15.515,15.53,1908.0,CNNE
2025-11-14 11:24:00,15.515,15.515,15.515,15.515,1120.0,CNNE
2025-11-14 11:23:00,15.515,15.515,15.5,15.5,425.0,CNNE
2025-11-14 11:22:00,15.5,15.5,15.5,15.5,314.0,CNNE
2025-11-14 11:21:00,15.52,15.52,15.52,15.52,2801.0,CNNE
2025-11-14 11:18:00,15.53,15.54,15.53,15.54,1350.0,CNNE
2025-11-14 11:17:00,15.53,15.54,15.53,15.54,3838.0,CNNE
2025-11-14 11:14:00,15.54,15.54,15.54,15.54,335.0,CNNE
2025-11-14 11:13:00,15.54,15.55,15.535,15.5499,1369.0,CNNE
2025-11-14 11:12:00,15.54,15.54,15.54,15.54,501.0,CNNE
2025-11-14 11:11:00,15.52,15.53,15.52,15.525,1575.0,CNNE
2025-11-14 11:10:00,15.505,15.505,15.505,15.505,300.0,CNNE
2025-11-14 11:09:00,15.505,15.505,15.505,15.505,285.0,CNNE
2025-11-14 11:08:00,15.5,15.51,15.5,15.51,4693.0,CNNE
2025-11-14 11:07:00,15.525,15.525,15.525,15.525,426.0,CNNE
2025-11-14 11:03:00,15.53,15.53,15.53,15.53,839.0,CNNE
2025-11-14 11:02:00,15.45,15.48,15.45,15.46,1963.0,CNNE
2025-11-14 11:01:00,15.43,15.43,15.43,15.43,322.0,CNNE
2025-11-14 10:59:00,15.445,15.445,15.43,15.43,270.0,CNNE
2025-11-14 10:58:00,15.45,15.45,15.44,15.45,2641.0,CNNE
2025-11-14 10:57:00,15.45,15.46,15.43,15.44,5156.0,CNNE
2025-11-14 10:56:00,15.435,15.45,15.42,15.44,1927.0,CNNE
2025-11-14 10:53:00,15.45,15.45,15.45,15.45,5213.0,CNNE
2025-11-14 10:52:00,15.445,15.445,15.445,15.445,136.0,CNNE
2025-11-14 10:50:00,15.45,15.45,15.45,15.45,583.0,CNNE
2025-11-14 10:49:00,15.43,15.46,15.43,15.46,984.0,CNNE
2025-11-14 10:47:00,15.38,15.435,15.38,15.42,4410.0,CNNE
2025-11-14 10:46:00,15.37,15.37,15.37,15.37,1232.0,CNNE
2025-11-14 10:45:00,15.27,15.38,15.27,15.38,8432.0,CNNE
2025-11-14 10:43:00,15.27,15.27,15.27,15.27,2752.0,CNNE
2025-11-14 10:42:00,15.29,15.3,15.27,15.27,3150.0,CNNE
2025-11-14 10:41:00,15.32,15.32,15.32,15.32,977.0,CNNE
2025-11-14 10:40:00,15.29,15.35,15.27,15.35,6586.0,CNNE
2025-11-14 10:39:00,15.26,15.29,15.26,15.29,1496.0,CNNE
2025-11-14 10:38:00,15.24,15.26,15.24,15.26,2161.0,CNNE
2025-11-14 10:35:00,15.23,15.26,15.21,15.25,13110.0,CNNE
2025-11-14 10:34:00,15.221,15.24,15.22,15.23,1493.0,CNNE
2025-11-14 10:33:00,15.255,15.255,15.255,15.255,262.0,CNNE
2025-11-14 10:31:00,15.25,15.2804,15.25,15.2804,755.0,CNNE
2025-11-14 10:30:00,15.195,15.23,15.195,15.23,1351.0,CNNE
2025-11-14 10:29:00,15.195,15.2,15.195,15.2,490.0,CNNE
2025-11-14 10:28:00,15.1915,15.195,15.1915,15.195,884.0,CNNE
2025-11-14 10:27:00,15.155,15.21,15.155,15.195,4674.0,CNNE
2025-11-14 10:26:00,15.155,15.155,15.155,15.155,411.0,CNNE
2025-11-14 10:25:00,15.18,15.18,15.18,15.18,502.0,CNNE
2025-11-14 10:24:00,15.19,15.19,15.19,15.19,726.0,CNNE
2025-11-14 10:23:00,15.19,15.21,15.19,15.195,3778.0,CNNE
2025-11-14 10:22:00,15.21,15.21,15.21,15.21,510.0,CNNE
2025-11-14 10:21:00,15.2,15.22,15.2,15.215,1692.0,CNNE
2025-11-14 10:20:00,15.2,15.23,15.2,15.23,516.0,CNNE
2025-11-14 10:19:00,15.2,15.2,15.2,15.2,270.0,CNNE
2025-11-14 10:18:00,15.21,15.21,15.2005,15.2005,1666.0,CNNE
2025-11-14 10:17:00,15.2699,15.2699,15.215,15.215,472.0,CNNE
2025-11-14 10:15:00,15.22,15.22,15.22,15.22,252.0,CNNE
2025-11-14 10:11:00,15.23,15.235,15.23,15.235,1037.0,CNNE
2025-11-14 10:10:00,15.25,15.255,15.25,15.255,918.0,CNNE
2025-11-14 10:09:00,15.24,15.25,15.24,15.25,1345.0,CNNE
2025-11-14 10:08:00,15.185,15.22,15.185,15.215,1365.0,CNNE
2025-11-14 10:06:00,15.2,15.2,15.18,15.18,770.0,CNNE
2025-11-14 10:05:00,15.18,15.185,15.18,15.185,888.0,CNNE
2025-11-14 10:03:00,15.125,15.125,15.125,15.125,1147.0,CNNE
2025-11-14 10:02:00,15.18,15.18,15.125,15.125,1857.0,CNNE
2025-11-14 10:01:00,15.25,15.27,15.2,15.2,3195.0,CNNE
2025-11-14 10:00:00,15.225,15.225,15.22,15.22,412.0,CNNE
2025-11-14 09:59:00,15.27,15.28,15.26,15.26,1189.0,CNNE
2025-11-14 09:57:00,15.255,15.255,15.255,15.255,526.0,CNNE
2025-11-14 09:56:00,15.3,15.32,15.28,15.295,2080.0,CNNE
2025-11-14 09:55:00,15.32,15.32,15.295,15.305,2967.0,CNNE
2025-11-14 09:54:00,15.37,15.37,15.3,15.3,1614.0,CNNE
2025-11-14 09:53:00,15.365,15.365,15.365,15.365,282.0,CNNE
2025-11-14 09:52:00,15.365,15.365,15.365,15.365,148.0,CNNE
2025-11-14 09:51:00,15.375,15.375,15.375,15.375,135.0,CNNE
2025-11-14 09:49:00,15.29,15.29,15.29,15.29,459.0,CNNE
2025-11-14 09:48:00,15.46,15.46,15.42,15.42,608.0,CNNE
2025-11-14 09:47:00,15.55,15.55,15.55,15.55,413.0,CNNE
2025-11-14 09:46:00,15.55,15.55,15.55,15.55,685.0,CNNE
2025-11-14 09:44:00,15.56,15.58,15.54,15.54,1506.0,CNNE
2025-11-14 09:43:00,15.595,15.62,15.595,15.62,516.0,CNNE
2025-11-14 09:40:00,15.63,15.63,15.63,15.63,124.0,CNNE
2025-11-14 09:36:00,15.64,15.64,15.64,15.64,160.0,CNNE
2025-11-14 09:30:00,15.67,15.67,15.67,15.67,2535.0,CNNE
2025-11-14 08:52:00,15.6,15.6,15.5,15.5,102.0,CNNE
2025-11-14 08:24:00,15.77,15.77,15.77,15.77,1.0,CNNE
2025-11-14 07:40:00,15.76,15.76,15.76,15.76,5.0,CNNE
2025-11-13 19:00:00,15.81,15.81,15.81,15.81,93704.0,CNNE
2025-11-13 18:30:00,15.81,15.81,15.81,15.81,93704.0,CNNE
2025-11-13 17:55:00,15.85,15.85,15.62,15.62,10.0,CNNE
2025-11-13 17:28:00,15.5,15.5,15.5,15.5,5.0,CNNE
2025-11-13 17:15:00,15.81,15.81,15.81,15.81,69.0,CNNE
2025-11-13 16:33:00,15.81,15.81,15.81,15.81,15354.0,CNNE
2025-11-13 16:10:00,15.81,15.81,15.81,15.81,93706.0,CNNE
2025-11-13 16:04:00,15.81,15.81,15.81,15.81,6.0,CNNE
2025-11-13 16:01:00,15.81,15.81,15.81,15.81,1620.0,CNNE
2025-11-13 16:00:00,15.8,15.81,15.8,15.81,204014.0,CNNE
2025-11-13 15:59:00,15.79,15.82,15.785,15.8,33282.0,CNNE
2025-11-13 15:58:00,15.815,15.82,15.79,15.79,23671.0,CNNE
2025-11-13 15:57:00,15.805,15.835,15.805,15.815,16471.0,CNNE
2025-11-13 15:56:00,15.805,15.81,15.8,15.805,9512.0,CNNE
2025-11-13 15:55:00,15.78,15.805,15.78,15.805,14843.0,CNNE
2025-11-13 15:54:00,15.82,15.82,15.78,15.79,10860.0,CNNE
2025-11-13 15:53:00,15.82,15.82,15.815,15.815,2197.0,CNNE
2025-11-13 15:52:00,15.82,15.84,15.82,15.82,6954.0,CNNE
2025-11-13 15:51:00,15.82,15.83,15.815,15.83,5043.0,CNNE
2025-11-13 15:50:00,15.82,15.82,15.82,15.82,2354.0,CNNE
2025-11-13 15:49:00,15.85,15.85,15.83,15.83,8893.0,CNNE
2025-11-13 15:48:00,15.835,15.84,15.835,15.84,5047.0,CNNE
2025-11-13 15:47:00,15.85,15.85,15.825,15.825,8239.0,CNNE
2025-11-13 15:46:00,15.85,15.85,15.84,15.84,818.0,CNNE
2025-11-13 15:45:00,15.875,15.875,15.85,15.85,8674.0,CNNE
2025-11-13 15:44:00,15.875,15.875,15.87,15.87,1106.0,CNNE
2025-11-13 15:43:00,15.89,15.89,15.865,15.87,8698.0,CNNE
2025-11-13 15:42:00,15.88,15.88,15.88,15.88,999.0,CNNE
2025-11-13 15:41:00,15.89,15.89,15.875,15.88,8140.0,CNNE
2025-11-13 15:40:00,15.87,15.89,15.87,15.89,2507.0,CNNE
2025-11-13 15:39:00,15.875,15.88,15.85,15.86,8473.0,CNNE
2025-11-13 15:38:00,15.875,15.875,15.87,15.87,682.0,CNNE
2025-11-13 15:37:00,15.86,15.87,15.86,15.87,3385.0,CNNE
2025-11-13 15:36:00,15.86,15.86,15.86,15.86,598.0,CNNE
2025-11-13 15:35:00,15.88,15.88,15.86,15.86,8075.0,CNNE
2025-11-13 15:34:00,15.89,15.9,15.88,15.88,6399.0,CNNE
2025-11-13 15:33:00,15.87,15.88,15.87,15.88,6434.0,CNNE
2025-11-13 15:32:00,15.88,15.88,15.88,15.88,821.0,CNNE
2025-11-13 15:31:00,15.88,15.88,15.87,15.87,923.0,CNNE
2025-11-13 15:30:00,15.88,15.88,15.88,15.88,1645.0,CNNE
2025-11-13 15:29:00,15.86,15.87,15.86,15.87,3487.0,CNNE
2025-11-13 15:28:00,15.86,15.86,15.86,15.86,266.0,CNNE
2025-11-13 15:27:00,15.86,15.86,15.86,15.86,692.0,CNNE
2025-11-13 15:26:00,15.87,15.87,15.87,15.87,421.0,CNNE
2025-11-13 15:25:00,15.89,15.89,15.87,15.87,6922.0,CNNE
2025-11-13 15:24:00,15.885,15.89,15.885,15.89,2309.0,CNNE
2025-11-13 15:23:00,15.88,15.885,15.88,15.885,1118.0,CNNE
2025-11-13 15:22:00,15.86,15.885,15.86,15.885,4516.0,CNNE
2025-11-13 15:21:00,15.86,15.86,15.86,15.86,1553.0,CNNE
2025-11-13 15:20:00,15.87,15.87,15.865,15.865,2171.0,CNNE
2025-11-13 15:19:00,15.87,15.88,15.87,15.88,1349.0,CNNE
2025-11-13 15:18:00,15.87,15.87,15.87,15.87,611.0,CNNE
2025-11-13 15:17:00,15.87,15.87,15.86,15.87,2554.0,CNNE
2025-11-13 15:16:00,15.875,15.89,15.87,15.87,5433.0,CNNE
2025-11-13 15:15:00,15.88,15.88,15.87,15.875,2474.0,CNNE
2025-11-13 15:14:00,15.88,15.88,15.88,15.88,455.0,CNNE
2025-11-13 15:13:00,15.89,15.89,15.87,15.88,4938.0,CNNE
2025-11-13 15:12:00,15.9,15.9,15.89,15.89,1049.0,CNNE
2025-11-13 15:11:00,15.9,15.9,15.9,15.9,1543.0,CNNE
2025-11-13 15:10:00,15.91,15.91,15.9,15.9,3955.0,CNNE
2025-11-13 15:09:00,15.91,15.915,15.91,15.915,2121.0,CNNE
2025-11-13 15:08:00,15.905,15.905,15.905,15.905,272.0,CNNE
2025-11-13 15:07:00,15.905,15.905,15.905,15.905,442.0,CNNE
2025-11-13 15:06:00,15.9,15.9,15.9,15.9,2121.0,CNNE
2025-11-13 15:05:00,15.9,15.905,15.9,15.9,2710.0,CNNE
2025-11-13 15:04:00,15.87,15.89,15.87,15.89,2318.0,CNNE
2025-11-13 15:03:00,15.88,15.88,15.88,15.88,733.0,CNNE
2025-11-13 15:02:00,15.89,15.89,15.88,15.88,2290.0,CNNE
2025-11-13 15:01:00,15.9,15.9,15.89,15.89,2420.0,CNNE
2025-11-13 15:00:00,15.92,15.92,15.91,15.91,2011.0,CNNE
2025-11-13 14:59:00,15.95,15.95,15.92,15.93,15181.0,CNNE
2025-11-13 14:56:00,15.95,15.96,15.95,15.96,2453.0,CNNE
2025-11-13 14:55:00,15.96,15.96,15.95,15.95,3204.0,CNNE
2025-11-13 14:53:00,15.96,15.965,15.96,15.965,1043.0,CNNE
2025-11-13 14:52:00,15.955,15.965,15.955,15.9602,1715.0,CNNE
2025-11-13 14:51:00,15.98,15.99,15.96,15.96,6180.0,CNNE
2025-11-13 14:50:00,15.99,15.99,15.98,15.98,4006.0,CNNE
2025-11-13 14:49:00,15.975,15.99,15.975,15.99,1812.0,CNNE
2025-11-13 14:47:00,15.97,15.98,15.97,15.98,1554.0,CNNE
2025-11-13 14:46:00,15.965,15.965,15.965,15.965,543.0,CNNE
2025-11-13 14:44:00,15.94,15.96,15.94,15.96,4244.0,CNNE
2025-11-13 14:43:00,15.95,15.95,15.95,15.95,2156.0,CNNE
2025-11-13 14:42:00,15.94,15.94,15.94,15.94,1025.0,CNNE
2025-11-13 14:41:00,15.94,15.94,15.94,15.94,511.0,CNNE
2025-11-13 14:40:00,15.94,15.94,15.94,15.94,2285.0,CNNE
2025-11-13 14:38:00,15.955,15.955,15.95,15.95,1920.0,CNNE
2025-11-13 14:37:00,15.95,15.955,15.95,15.95,1699.0,CNNE
2025-11-13 14:36:00,15.97,15.97,15.955,15.955,4804.0,CNNE
2025-11-13 14:35:00,15.98,15.98,15.98,15.98,449.0,CNNE
2025-11-13 14:34:00,15.97,15.98,15.97,15.98,6158.0,CNNE
2025-11-13 14:33:00,15.975,15.975,15.975,15.975,531.0,CNNE
2025-11-13 14:32:00,15.98,15.98,15.9703,15.9703,1915.0,CNNE
2025-11-13 14:31:00,15.98,15.98,15.98,15.98,525.0,CNNE
2025-11-13 14:30:00,15.98,15.98,15.98,15.98,2314.0,CNNE
2025-11-13 14:29:00,15.99,15.99,15.99,15.99,749.0,CNNE
2025-11-13 14:28:00,15.99,15.99,15.99,15.99,2772.0,CNNE
2025-11-13 14:26:00,16.0,16.0,16.0,16.0,2537.0,CNNE
2025-11-13 14:25:00,16.0,16.0,16.0,16.0,2458.0,CNNE
2025-11-13 14:24:00,15.995,15.995,15.995,15.995,347.0,CNNE
2025-11-13 14:23:00,15.98,15.995,15.98,15.995,2331.0,CNNE
2025-11-13 14:22:00,15.981,15.981,15.98,15.98,2250.0,CNNE
2025-11-13 14:21:00,15.97,15.97,15.97,15.97,302.0,CNNE
2025-11-13 14:20:00,15.98,15.98,15.98,15.98,425.0,CNNE
2025-11-13 14:16:00,15.99,15.99,15.99,15.99,1342.0,CNNE
2025-11-13 14:15:00,15.98,15.98,15.98,15.98,2290.0,CNNE
2025-11-13 14:13:00,15.98,15.99,15.98,15.99,2830.0,CNNE
2025-11-13 14:12:00,15.98,15.98,15.98,15.98,731.0,CNNE
2025-11-13 14:11:00,15.97,15.98,15.97,15.98,1615.0,CNNE
2025-11-13 14:10:00,15.975,15.975,15.97,15.97,1087.0,CNNE
2025-11-13 14:09:00,15.99,15.99,15.9708,15.9708,2011.0,CNNE
2025-11-13 14:07:00,16.01,16.01,15.99,15.99,6367.0,CNNE
2025-11-13 14:05:00,16.02,16.02,16.02,16.02,1581.0,CNNE
2025-11-13 14:02:00,16.01,16.01,16.01,16.01,450.0,CNNE
2025-11-13 14:01:00,16.01,16.01,16.01,16.01,1518.0,CNNE
2025-11-13 13:59:00,16.005,16.005,15.99,15.99,453.0,CNNE
2025-11-13 13:58:00,16.005,16.005,15.99,15.99,318.0,CNNE
2025-11-13 13:57:00,16.02,16.02,16.0,16.0,1249.0,CNNE
2025-11-13 13:56:00,16.01,16.01,16.01,16.01,2576.0,CNNE
2025-11-13 13:55:00,16.0,16.0,16.0,16.0,874.0,CNNE
2025-11-13 13:54:00,16.01,16.01,16.01,16.01,3253.0,CNNE
2025-11-13 13:53:00,16.01,16.02,16.01,16.02,1046.0,CNNE
2025-11-13 13:51:00,16.02,16.02,16.02,16.02,2161.0,CNNE
2025-11-13 13:50:00,16.03,16.03,16.03,16.03,392.0,CNNE
2025-11-13 13:49:00,16.02,16.03,16.02,16.03,4418.0,CNNE
2025-11-13 13:48:00,16.02,16.02,16.02,16.02,193.0,CNNE
2025-11-13 13:47:00,16.03,16.03,16.02,16.03,1618.0,CNNE
2025-11-13 13:45:00,16.03,16.03,16.025,16.03,1219.0,CNNE
2025-11-13 13:44:00,16.02,16.02,16.02,16.02,740.0,CNNE
2025-11-13 13:43:00,16.02,16.02,16.02,16.02,1356.0,CNNE
2025-11-13 13:42:00,16.03,16.03,16.03,16.03,1914.0,CNNE
2025-11-13 13:41:00,16.0345,16.0345,16.0345,16.0345,542.0,CNNE
2025-11-13 13:40:00,16.04,16.04,16.04,16.04,757.0,CNNE
2025-11-13 13:39:00,16.04,16.04,16.03,16.03,1204.0,CNNE
2025-11-13 13:38:00,16.04,16.04,16.04,16.04,1162.0,CNNE
2025-11-13 13:37:00,16.04,16.04,16.03,16.03,2234.0,CNNE
2025-11-13 13:36:00,16.04,16.04,16.04,16.04,975.0,CNNE
2025-11-13 13:35:00,16.07,16.07,16.045,16.045,1705.0,CNNE
2025-11-13 13:34:00,16.08,16.08,16.08,16.08,2674.0,CNNE
2025-11-13 13:33:00,16.085,16.0899,16.08,16.0899,1434.0,CNNE
2025-11-13 13:32:00,16.09,16.09,16.08,16.085,4942.0,CNNE
2025-11-13 13:31:00,16.1,16.1,16.09,16.09,1063.0,CNNE
2025-11-13 13:29:00,16.1,16.1,16.1,16.1,2479.0,CNNE
2025-11-13 13:25:00,16.09,16.09,16.09,16.09,435.0,CNNE
2025-11-13 13:24:00,16.09,16.09,16.09,16.09,235.0,CNNE
2025-11-13 13:23:00,16.09,16.09,16.09,16.09,753.0,CNNE
2025-11-13 13:21:00,16.081,16.081,16.081,16.081,497.0,CNNE
2025-11-13 13:20:00,16.1,16.1,16.1,16.1,267.0,CNNE
2025-11-13 13:18:00,16.09,16.09,16.085,16.085,1699.0,CNNE
2025-11-13 13:17:00,16.09,16.09,16.08,16.08,1528.0,CNNE
2025-11-13 13:16:00,16.1,16.1,16.09,16.1,3017.0,CNNE
2025-11-13 13:15:00,16.1,16.1,16.09,16.09,4470.0,CNNE
2025-11-13 13:14:00,16.1,16.1,16.1,16.1,298.0,CNNE
2025-11-13 13:12:00,16.1047,16.1047,16.1047,16.1047,355.0,CNNE
2025-11-13 13:11:00,16.13,16.13,16.11,16.115,5645.0,CNNE
2025-11-13 13:09:00,16.12,16.12,16.12,16.12,453.0,CNNE
2025-11-13 13:06:00,16.11,16.12,16.11,16.12,728.0,CNNE
2025-11-13 13:04:00,16.11,16.11,16.11,16.11,1202.0,CNNE
2025-11-13 13:03:00,16.1,16.1,16.1,16.1,934.0,CNNE
2025-11-13 13:02:00,16.1,16.1,16.1,16.1,276.0,CNNE
2025-11-13 12:59:00,16.09,16.1,16.09,16.1,2341.0,CNNE
2025-11-13 12:57:00,16.1,16.105,16.1,16.1,1887.0,CNNE
2025-11-13 12:56:00,16.1,16.11,16.1,16.101,2960.0,CNNE
2025-11-13 12:54:00,16.13,16.13,16.13,16.13,278.0,CNNE
2025-11-13 12:52:00,16.115,16.115,16.115,16.115,366.0,CNNE
2025-11-13 12:51:00,16.1151,16.1151,16.1151,16.1151,601.0,CNNE
2025-11-13 12:50:00,16.132,16.132,16.11,16.12,2096.0,CNNE
2025-11-13 12:48:00,16.12,16.12,16.12,16.12,1429.0,CNNE
2025-11-13 12:47:00,16.11,16.11,16.11,16.11,467.0,CNNE
2025-11-13 12:46:00,16.08,16.1,16.08,16.1,2617.0,CNNE
2025-11-13 12:45:00,16.09,16.09,16.07,16.08,3819.0,CNNE
2025-11-13 12:44:00,16.1,16.1,16.09,16.09,3565.0,CNNE
2025-11-13 12:42:00,16.11,16.11,16.11,16.11,306.0,CNNE
2025-11-13 12:41:00,16.12,16.12,16.11,16.11,1305.0,CNNE
2025-11-13 12:40:00,16.12,16.13,16.12,16.13,1415.0,CNNE
2025-11-13 12:39:00,16.11,16.12,16.1,16.12,2342.0,CNNE
2025-11-13 12:38:00,16.09,16.1,16.09,16.1,1788.0,CNNE
2025-11-13 12:37:00,16.1,16.1,16.1,16.1,221.0,CNNE
2025-11-13 12:36:00,16.1,16.1,16.1,16.1,2799.0,CNNE
2025-11-13 12:32:00,16.11,16.1151,16.11,16.1151,2825.0,CNNE
2025-11-13 12:31:00,16.12,16.13,16.12,16.13,351.0,CNNE
2025-11-13 12:29:00,16.12,16.12,16.12,16.12,815.0,CNNE
2025-11-13 12:28:00,16.115,16.13,16.115,16.13,1526.0,CNNE
2025-11-13 12:27:00,16.11,16.12,16.11,16.12,1491.0,CNNE
2025-11-13 12:26:00,16.1,16.1,16.09,16.1,5170.0,CNNE
2025-11-13 12:25:00,16.115,16.115,16.115,16.115,805.0,CNNE
2025-11-13 12:24:00,16.125,16.125,16.125,16.125,321.0,CNNE
2025-11-13 12:23:00,16.12,16.14,16.11,16.14,2169.0,CNNE
2025-11-13 12:22:00,16.13,16.13,16.1201,16.1201,958.0,CNNE
2025-11-13 12:21:00,16.14,16.14,16.135,16.135,956.0,CNNE
2025-11-13 12:19:00,16.15,16.15,16.15,16.15,770.0,CNNE
2025-11-13 12:18:00,16.135,16.135,16.135,16.135,318.0,CNNE
2025-11-13 12:17:00,16.13,16.13,16.13,16.13,1080.0,CNNE
2025-11-13 12:16:00,16.16,16.16,16.14,16.14,1407.0,CNNE
2025-11-13 12:15:00,16.16,16.16,16.16,16.16,355.0,CNNE
2025-11-13 12:14:00,16.18,16.18,16.18,16.18,271.0,CNNE
2025-11-13 12:12:00,16.19,16.19,16.17,16.17,2344.0,CNNE
2025-11-13 12:11:00,16.18,16.18,16.18,16.18,600.0,CNNE
2025-11-13 12:09:00,16.19,16.2,16.18,16.18,1451.0,CNNE
2025-11-13 12:08:00,16.2,16.21,16.2,16.2,899.0,CNNE
2025-11-13 12:07:00,16.215,16.215,16.215,16.215,487.0,CNNE
2025-11-13 12:05:00,16.21,16.21,16.21,16.21,1149.0,CNNE
2025-11-13 12:03:00,16.22,16.23,16.22,16.22,845.0,CNNE
2025-11-13 12:02:00,16.22,16.22,16.2,16.21,2222.0,CNNE
2025-11-13 11:57:00,16.16,16.26,16.16,16.22,4872.0,CNNE
2025-11-13 11:53:00,16.19,16.205,16.15,16.15,5809.0,CNNE
2025-11-13 11:52:00,16.21,16.21,16.19,16.19,1007.0,CNNE
2025-11-13 11:50:00,16.16,16.185,16.16,16.185,1851.0,CNNE
2025-11-13 11:49:00,16.14,16.14,16.14,16.14,338.0,CNNE
2025-11-13 11:48:00,16.14,16.14,16.14,16.14,862.0,CNNE
2025-11-13 11:47:00,16.04,16.12,16.04,16.12,3265.0,CNNE
2025-11-13 11:44:00,16.055,16.055,16.055,16.055,445.0,CNNE
2025-11-13 11:43:00,16.055,16.055,16.055,16.055,5566.0,CNNE
2025-11-13 11:42:00,15.97,16.04,15.97,16.035,9364.0,CNNE
2025-11-13 11:40:00,15.97,15.99,15.96,15.96,9556.0,CNNE
2025-11-13 11:36:00,16.02,16.03,15.98,15.98,22928.0,CNNE
2025-11-13 11:35:00,16.06,16.06,16.02,16.02,9460.0,CNNE
2025-11-13 11:32:00,16.06,16.06,16.06,16.06,663.0,CNNE
2025-11-13 11:31:00,16.03,16.07,16.03,16.06,12613.0,CNNE
2025-11-13 11:30:00,16.05,16.05,16.05,16.05,910.0,CNNE
2025-11-13 11:29:00,16.055,16.055,16.055,16.055,548.0,CNNE
2025-11-13 11:28:00,16.06,16.06,16.06,16.06,343.0,CNNE
2025-11-13 11:27:00,16.06,16.06,16.06,16.06,309.0,CNNE
2025-11-13 11:26:00,16.065,16.065,16.065,16.065,601.0,CNNE
2025-11-13 11:25:00,15.97,16.065,15.97,16.03,5228.0,CNNE
2025-11-13 11:23:00,15.97,15.97,15.97,15.97,279.0,CNNE
2025-11-13 11:22:00,15.97,15.97,15.96,15.96,791.0,CNNE
2025-11-13 11:20:00,15.94,15.97,15.93,15.97,2292.0,CNNE
2025-11-13 11:19:00,15.925,15.94,15.925,15.94,1245.0,CNNE
2025-11-13 11:18:00,15.91,15.94,15.91,15.94,1607.0,CNNE
2025-11-13 11:17:00,15.9,15.9,15.9,15.9,1300.0,CNNE
2025-11-13 11:16:00,15.875,15.89,15.875,15.88,1569.0,CNNE
2025-11-13 11:15:00,15.88,15.88,15.88,15.88,338.0,CNNE
2025-11-13 11:14:00,15.88,15.88,15.88,15.88,272.0,CNNE
2025-11-13 11:12:00,15.9,15.9003,15.88,15.88,4457.0,CNNE
2025-11-13 11:11:00,15.92,15.92,15.915,15.915,1175.0,CNNE
2025-11-13 11:10:00,15.94,15.94,15.92,15.92,862.0,CNNE
2025-11-13 11:09:00,15.91,15.91,15.91,15.91,616.0,CNNE
2025-11-13 11:08:00,15.92,15.92,15.92,15.92,363.0,CNNE
2025-11-13 11:07:00,15.91,15.92,15.91,15.91,3799.0,CNNE
2025-11-13 11:06:00,15.895,15.895,15.895,15.895,620.0,CNNE
2025-11-13 11:05:00,15.895,15.895,15.895,15.895,222.0,CNNE
2025-11-13 11:02:00,15.89,15.89,15.89,15.89,368.0,CNNE
2025-11-13 11:01:00,15.8869,15.8869,15.8869,15.8869,380.0,CNNE
2025-11-13 11:00:00,15.88,15.91,15.88,15.895,2598.0,CNNE
2025-11-13 10:58:00,15.89,15.89,15.885,15.885,4510.0,CNNE
2025-11-13 10:57:00,15.89,15.89,15.87,15.87,1080.0,CNNE
2025-11-13 10:56:00,15.91,15.93,15.89,15.89,7672.0,CNNE
2025-11-13 10:55:00,15.9,15.9,15.9,15.9,404.0,CNNE
2025-11-13 10:53:00,15.9,15.9,15.88,15.895,1359.0,CNNE
2025-11-13 10:52:00,15.915,15.93,15.88,15.88,6051.0,CNNE
2025-11-13 10:51:00,15.94,15.94,15.91,15.915,2013.0,CNNE
2025-11-13 10:48:00,16.01,16.01,15.955,15.955,3715.0,CNNE
2025-11-13 10:46:00,16.05,16.05,16.0,16.0,3472.0,CNNE
2025-11-13 10:45:00,16.05,16.05,16.05,16.05,1488.0,CNNE
2025-11-13 10:44:00,16.045,16.045,16.045,16.045,416.0,CNNE
2025-11-13 10:43:00,16.1,16.1,16.06,16.07,16569.0,CNNE
2025-11-13 10:42:00,16.11,16.11,16.11,16.11,424.0,CNNE
2025-11-13 10:41:00,16.11,16.11,16.11,16.11,945.0,CNNE
2025-11-13 10:39:00,16.1,16.1,16.085,16.1,1741.0,CNNE
2025-11-13 10:38:00,16.085,16.085,16.085,16.085,332.0,CNNE
2025-11-13 10:37:00,16.08,16.081,16.08,16.08,5696.0,CNNE
2025-11-13 10:36:00,16.1,16.1,16.1,16.1,2015.0,CNNE
2025-11-13 10:35:00,16.1189,16.1189,16.11,16.11,1425.0,CNNE
2025-11-13 10:34:00,16.09,16.13,16.09,16.13,7034.0,CNNE
2025-11-13 10:33:00,16.11,16.11,16.11,16.11,469.0,CNNE
2025-11-13 10:32:00,16.11,16.11,16.0901,16.0901,639.0,CNNE
2025-11-13 10:30:00,16.07,16.13,16.07,16.11,19240.0,CNNE
2025-11-13 10:29:00,16.055,16.055,16.05,16.055,642.0,CNNE
2025-11-13 10:28:00,16.04,16.055,16.03,16.055,3912.0,CNNE
2025-11-13 10:27:00,16.04,16.06,16.04,16.06,1158.0,CNNE
2025-11-13 10:26:00,16.02,16.02,16.02,16.02,1394.0,CNNE
2025-11-13 10:25:00,16.02,16.02,16.02,16.02,543.0,CNNE
2025-11-13 10:22:00,16.02,16.02,16.02,16.02,552.0,CNNE
2025-11-13 10:20:00,16.025,16.025,16.025,16.025,237.0,CNNE
2025-11-13 10:19:00,16.04,16.04,16.04,16.04,150.0,CNNE
2025-11-13 10:18:00,16.045,16.045,16.045,16.045,277.0,CNNE
2025-11-13 10:17:00,16.045,16.045,16.045,16.045,612.0,CNNE
2025-11-13 10:16:00,16.045,16.045,16.045,16.045,103.0,CNNE
2025-11-13 10:15:00,15.89,16.03,15.89,16.02,2561.0,CNNE
2025-11-13 10:12:00,15.89,15.89,15.89,15.89,419.0,CNNE
2025-11-13 10:10:00,15.92,15.92,15.86,15.88,2599.0,CNNE
2025-11-13 10:09:00,15.94,15.94,15.94,15.94,439.0,CNNE
2025-11-13 10:08:00,15.94,15.94,15.94,15.94,307.0,CNNE
2025-11-13 10:07:00,15.94,15.94,15.94,15.94,262.0,CNNE
2025-11-13 10:06:00,15.94,15.94,15.94,15.94,280.0,CNNE
2025-11-13 10:05:00,15.905,15.93,15.905,15.93,890.0,CNNE
2025-11-13 10:04:00,15.9,15.9,15.89,15.89,2244.0,CNNE
2025-11-13 10:03:00,15.9,15.915,15.9,15.915,1235.0,CNNE
2025-11-13 10:02:00,15.88,15.88,15.88,15.88,176.0,CNNE
2025-11-13 10:01:00,15.88,15.88,15.88,15.88,149.0,CNNE
2025-11-13 10:00:00,15.885,15.885,15.885,15.885,393.0,CNNE
2025-11-13 09:59:00,15.9,15.9,15.9,15.9,490.0,CNNE
2025-11-13 09:57:00,15.875,15.875,15.87,15.87,792.0,CNNE
2025-11-13 09:56:00,15.875,15.875,15.875,15.875,351.0,CNNE
2025-11-13 09:55:00,15.87,15.87,15.87,15.87,275.0,CNNE
2025-11-13 09:53:00,15.88,15.88,15.88,15.88,636.0,CNNE
2025-11-13 09:52:00,15.85,15.89,15.84,15.88,2147.0,CNNE
2025-11-13 09:49:00,15.88,15.89,15.87,15.87,1029.0,CNNE
2025-11-13 09:48:00,15.86,15.86,15.86,15.86,768.0,CNNE
2025-11-13 09:47:00,15.83,15.85,15.83,15.85,993.0,CNNE
2025-11-13 09:46:00,15.82,15.82,15.81,15.81,625.0,CNNE
2025-11-13 09:45:00,15.85,15.85,15.84,15.84,1662.0,CNNE
2025-11-13 09:44:00,15.875,15.875,15.875,15.875,203.0,CNNE
2025-11-13 09:43:00,15.88,15.88,15.88,15.88,1204.0,CNNE
2025-11-13 09:42:00,15.88,15.89,15.865,15.865,1335.0,CNNE
2025-11-13 09:41:00,15.87,15.87,15.87,15.87,206.0,CNNE
2025-11-13 09:40:00,15.8275,15.835,15.8275,15.835,405.0,CNNE
2025-11-13 09:38:00,15.85,15.87,15.84,15.86,1838.0,CNNE
2025-11-13 09:36:00,15.82,15.82,15.82,15.82,436.0,CNNE
2025-11-13 09:32:00,15.76,15.76,15.76,15.76,101.0,CNNE
2025-11-13 09:31:00,15.79,15.795,15.79,15.79,705.0,CNNE
2025-11-13 09:30:00,15.75,15.79,15.695,15.79,9637.0,CNNE
2025-11-13 08:50:00,15.99,15.99,15.99,15.99,1.0,CNNE
2025-11-13 08:49:00,15.99,15.99,15.84,15.85,4.0,CNNE
2025-11-13 08:39:00,15.98,15.98,15.98,15.98,1.0,CNNE
2025-11-13 08:21:00,16.12,16.12,16.12,16.12,2.0,CNNE
2025-11-13 08:01:00,16.13,16.13,16.13,16.13,150.0,CNNE
2025-11-13 08:00:00,16.0665,16.0665,16.0665,16.0665,1.0,CNNE
2025-11-12 19:00:00,15.99,15.99,15.99,15.99,94499.0,CNNE
2025-11-12 18:30:00,15.99,15.99,15.99,15.99,94499.0,CNNE
2025-11-12 16:10:00,15.99,15.99,15.99,15.99,94503.0,CNNE
2025-11-12 16:09:00,15.97,15.99,15.97,15.99,2.0,CNNE
2025-11-12 16:04:00,15.99,15.99,15.99,15.99,5.0,CNNE
2025-11-12 16:00:00,15.99,15.995,15.99,15.99,201293.0,CNNE
2025-11-12 15:59:00,16.015,16.02,15.99,15.99,29652.0,CNNE
2025-11-12 15:58:00,16.01,16.015,16.01,16.015,10165.0,CNNE
2025-11-12 15:57:00,16.02,16.025,16.01,16.01,12004.0,CNNE
2025-11-12 15:56:00,16.025,16.025,16.02,16.02,4296.0,CNNE
2025-11-12 15:55:00,16.02,16.025,16.011,16.02,23828.0,CNNE
2025-11-12 15:54:00,16.07,16.075,16.03,16.03,8483.0,CNNE
2025-11-12 15:53:00,16.085,16.085,16.07,16.07,3392.0,CNNE
2025-11-12 15:52:00,16.1,16.1,16.08,16.08,3984.0,CNNE
2025-11-12 15:51:00,16.085,16.12,16.085,16.105,20829.0,CNNE
2025-11-12 15:50:00,16.085,16.085,16.08,16.085,1227.0,CNNE
2025-11-12 15:49:00,16.09,16.09,16.05,16.085,25162.0,CNNE
2025-11-12 15:48:00,16.09,16.09,16.09,16.09,835.0,CNNE
2025-11-12 15:47:00,16.075,16.09,16.075,16.09,7457.0,CNNE
2025-11-12 15:46:00,16.09,16.09,16.07,16.075,12945.0,CNNE
2025-11-12 15:45:00,16.1,16.1,16.095,16.095,744.0,CNNE
2025-11-12 15:44:00,16.09,16.095,16.09,16.09,1730.0,CNNE
2025-11-12 15:43:00,16.09,16.095,16.09,16.095,1574.0,CNNE
2025-11-12 15:42:00,16.09,16.095,16.09,16.095,1125.0,CNNE
2025-11-12 15:41:00,16.11,16.115,16.1,16.1,7791.0,CNNE
2025-11-12 15:40:00,16.125,16.125,16.085,16.11,16529.0,CNNE
2025-11-12 15:39:00,16.12,16.125,16.12,16.125,709.0,CNNE
2025-11-12 15:38:00,16.12,16.125,16.12,16.125,1384.0,CNNE
2025-11-12 15:37:00,16.12,16.125,16.12,16.125,3704.0,CNNE
2025-11-12 15:36:00,16.13,16.13,16.13,16.13,1097.0,CNNE
2025-11-12 15:35:00,16.135,16.145,16.12,16.13,17853.0,CNNE
2025-11-12 15:34:00,16.12,16.135,16.12,16.135,3254.0,CNNE
2025-11-12 15:33:00,16.09,16.12,16.085,16.117,7384.0,CNNE
2025-11-12 15:32:00,16.09,16.09,16.085,16.085,6226.0,CNNE
2025-11-12 15:31:00,16.12,16.13,16.09,16.095,22539.0,CNNE
2025-11-12 15:30:00,16.11,16.119,16.11,16.11,2162.0,CNNE
2025-11-12 15:29:00,16.11,16.119,16.11,16.119,1444.0,CNNE
2025-11-12 15:28:00,16.12,16.12,16.11,16.119,949.0,CNNE
2025-11-12 15:27:00,16.08,16.119,16.08,16.119,3816.0,CNNE
2025-11-12 15:26:00,16.03,16.08,16.03,16.08,5902.0,CNNE
2025-11-12 15:25:00,16.02,16.02,16.02,16.02,924.0,CNNE
2025-11-12 15:24:00,16.02,16.02,16.02,16.02,693.0,CNNE
2025-11-12 15:23:00,16.01,16.02,16.01,16.02,14041.0,CNNE
2025-11-12 15:22:00,16.0,16.0,16.0,16.0,1261.0,CNNE
2025-11-12 15:21:00,16.0,16.0,15.995,16.0,1567.0,CNNE
2025-11-12 15:20:00,16.0,16.0,16.0,16.0,278.0,CNNE
2025-11-12 15:19:00,15.99,16.0,15.985,16.0,6867.0,CNNE
2025-11-12 15:18:00,16.0,16.0,15.9943,16.0,854.0,CNNE
2025-11-12 15:17:00,16.0,16.0,16.0,16.0,441.0,CNNE
2025-11-12 15:16:00,16.0,16.0,16.0,16.0,1234.0,CNNE
2025-11-12 15:15:00,16.015,16.015,16.0,16.0,3345.0,CNNE
2025-11-12 15:14:00,15.975,16.02,15.975,16.015,8064.0,CNNE
2025-11-12 15:13:00,15.975,15.975,15.975,15.975,562.0,CNNE
2025-11-12 15:12:00,15.985,15.985,15.97,15.975,9148.0,CNNE
2025-11-12 15:11:00,16.0156,16.0156,15.99,15.99,5362.0,CNNE
2025-11-12 15:10:00,16.035,16.035,16.015,16.015,3970.0,CNNE
2025-11-12 15:07:00,16.065,16.065,16.0301,16.04,10967.0,CNNE
2025-11-12 15:06:00,16.095,16.095,16.061,16.061,2179.0,CNNE
2025-11-12 15:05:00,16.11,16.11,16.1,16.1,2074.0,CNNE
2025-11-12 15:04:00,16.12,16.12,16.11,16.115,2055.0,CNNE
2025-11-12 15:03:00,16.14,16.14,16.12,16.125,8136.0,CNNE
2025-11-12 15:02:00,16.145,16.145,16.145,16.145,343.0,CNNE
2025-11-12 15:01:00,16.145,16.15,16.14,16.14,10594.0,CNNE
2025-11-12 15:00:00,16.149,16.15,16.149,16.15,973.0,CNNE
2025-11-12 14:59:00,16.15,16.16,16.15,16.16,1327.0,CNNE
2025-11-12 14:58:00,16.15,16.16,16.15,16.16,1031.0,CNNE
2025-11-12 14:57:00,16.15,16.15,16.15,16.15,201.0,CNNE
2025-11-12 14:56:00,16.1566,16.1566,16.1566,16.1566,415.0,CNNE
2025-11-12 14:55:00,16.14,16.15,16.14,16.15,1821.0,CNNE
2025-11-12 14:52:00,16.12,16.13,16.12,16.13,1987.0,CNNE
2025-11-12 14:51:00,16.12,16.125,16.12,16.12,3084.0,CNNE
2025-11-12 14:50:00,16.125,16.125,16.125,16.125,1222.0,CNNE
2025-11-12 14:49:00,16.125,16.125,16.125,16.125,500.0,CNNE
2025-11-12 14:48:00,16.12,16.12,16.12,16.12,1972.0,CNNE
2025-11-12 14:47:00,16.12,16.125,16.115,16.12,4367.0,CNNE
2025-11-12 14:46:00,16.1,16.11,16.09,16.11,2889.0,CNNE
2025-11-12 14:45:00,16.1,16.1,16.09,16.1,2514.0,CNNE
2025-11-12 14:44:00,16.0927,16.0927,16.0927,16.0927,365.0,CNNE
2025-11-12 14:43:00,16.1,16.1,16.1,16.1,663.0,CNNE
2025-11-12 14:42:00,16.11,16.11,16.1,16.1,636.0,CNNE
2025-11-12 14:41:00,16.12,16.12,16.1,16.1,3847.0,CNNE
2025-11-12 14:40:00,16.11,16.12,16.11,16.12,268.0,CNNE
2025-11-12 14:39:00,16.11,16.11,16.11,16.11,176.0,CNNE
2025-11-12 14:38:00,16.1,16.1,16.1,16.1,1487.0,CNNE
2025-11-12 14:36:00,16.09,16.09,16.09,16.09,630.0,CNNE
2025-11-12 14:35:00,16.09,16.09,16.09,16.09,787.0,CNNE
2025-11-12 14:34:00,16.08,16.085,16.08,16.08,1870.0,CNNE
2025-11-12 14:33:00,16.08,16.08,16.0706,16.0706,807.0,CNNE
2025-11-12 14:32:00,16.07,16.07,16.06,16.07,1980.0,CNNE
2025-11-12 14:31:00,16.05,16.07,16.05,16.07,2332.0,CNNE
2025-11-12 14:30:00,16.04,16.06,16.04,16.06,622.0,CNNE
2025-11-12 14:28:00,16.0,16.05,16.0,16.05,3220.0,CNNE
2025-11-12 14:27:00,16.03,16.03,16.01,16.01,2051.0,CNNE
2025-11-12 14:26:00,15.98,16.045,15.97,16.03,5373.0,CNNE
2025-11-12 14:25:00,15.97,15.99,15.97,15.99,1467.0,CNNE
2025-11-12 14:23:00,15.965,15.97,15.965,15.97,338.0,CNNE
2025-11-12 14:22:00,15.965,15.965,15.965,15.965,441.0,CNNE
2025-11-12 14:20:00,15.945,15.96,15.945,15.96,2141.0,CNNE
2025-11-12 14:19:00,15.95,15.95,15.95,15.95,111.0,CNNE
2025-11-12 14:18:00,15.935,15.945,15.935,15.945,1644.0,CNNE
2025-11-12 14:16:00,15.955,15.955,15.935,15.935,3177.0,CNNE
2025-11-12 14:15:00,15.96,15.96,15.955,15.955,461.0,CNNE
2025-11-12 14:14:00,15.935,15.97,15.935,15.94,3219.0,CNNE
2025-11-12 14:13:00,15.943,15.943,15.94,15.94,1623.0,CNNE
2025-11-12 14:12:00,15.9633,15.965,15.95,15.96,3394.0,CNNE
2025-11-12 14:11:00,15.97,15.975,15.97,15.975,538.0,CNNE
2025-11-12 14:10:00,15.975,15.975,15.97,15.97,307.0,CNNE
2025-11-12 14:09:00,15.98,15.98,15.963,15.963,602.0,CNNE
2025-11-12 14:08:00,15.97,15.98,15.97,15.97,1506.0,CNNE
2025-11-12 14:07:00,15.9292,15.96,15.925,15.96,5757.0,CNNE
2025-11-12 14:06:00,15.96,15.96,15.925,15.925,1820.0,CNNE
2025-11-12 14:05:00,15.98,15.99,15.97,15.97,3549.0,CNNE
2025-11-12 14:04:00,15.9858,15.9858,15.975,15.98,4999.0,CNNE
2025-11-12 14:03:00,16.0,16.0,15.98,15.99,5367.0,CNNE
2025-11-12 14:02:00,16.0,16.01,16.0,16.01,1539.0,CNNE
2025-11-12 14:01:00,16.0,16.0,16.0,16.0,251.0,CNNE
2025-11-12 14:00:00,15.99,16.01,15.99,16.0,2215.0,CNNE
2025-11-12 13:59:00,15.98,15.9899,15.98,15.9899,1366.0,CNNE
2025-11-12 13:58:00,15.98,15.98,15.97,15.98,864.0,CNNE
2025-11-12 13:57:00,15.98,15.98,15.98,15.98,310.0,CNNE
2025-11-12 13:56:00,15.97,15.97,15.97,15.97,2282.0,CNNE
2025-11-12 13:55:00,15.98,15.98,15.98,15.98,429.0,CNNE
2025-11-12 13:54:00,15.97,15.97,15.9687,15.97,2899.0,CNNE
2025-11-12 13:53:00,15.96,15.965,15.95,15.95,2812.0,CNNE
2025-11-12 13:52:00,15.95,15.95,15.95,15.95,1617.0,CNNE
2025-11-12 13:51:00,15.9455,15.9455,15.9455,15.9455,1133.0,CNNE
2025-11-12 13:49:00,15.95,15.9536,15.95,15.9536,1880.0,CNNE
2025-11-12 13:48:00,15.96,15.96,15.96,15.96,643.0,CNNE
2025-11-12 13:47:00,15.97,15.97,15.96,15.96,1105.0,CNNE
2025-11-12 13:46:00,15.96,15.96,15.96,15.96,521.0,CNNE
2025-11-12 13:45:00,15.96,15.96,15.96,15.96,1328.0,CNNE
2025-11-12 13:44:00,15.96,15.96,15.96,15.96,851.0,CNNE
2025-11-12 13:43:00,15.95,15.95,15.95,15.95,709.0,CNNE
2025-11-12 13:42:00,15.9,15.94,15.89,15.935,7163.0,CNNE
2025-11-12 13:41:00,15.9,15.9,15.9,15.9,191.0,CNNE
2025-11-12 13:40:00,15.91,15.91,15.91,15.91,1262.0,CNNE
2025-11-12 13:39:00,15.9,15.91,15.89,15.91,5400.0,CNNE
2025-11-12 13:38:00,15.95,15.95,15.905,15.905,6984.0,CNNE
2025-11-12 13:37:00,15.965,15.965,15.96,15.96,1559.0,CNNE
2025-11-12 13:36:00,15.97,15.97,15.9643,15.9643,1197.0,CNNE
2025-11-12 13:35:00,15.98,15.98,15.9684,15.9684,2780.0,CNNE
2025-11-12 13:34:00,15.98,15.983,15.98,15.98,1261.0,CNNE
2025-11-12 13:33:00,15.98,15.99,15.98,15.99,1247.0,CNNE
2025-11-12 13:32:00,15.98,15.98,15.98,15.98,845.0,CNNE
2025-11-12 13:31:00,15.98,15.98,15.9785,15.9785,662.0,CNNE
2025-11-12 13:30:00,15.95,15.98,15.95,15.98,3010.0,CNNE
2025-11-12 13:29:00,15.95,15.95,15.95,15.95,1091.0,CNNE
2025-11-12 13:28:00,15.95,15.95,15.94,15.94,1232.0,CNNE
2025-11-12 13:27:00,15.95,15.955,15.95,15.955,404.0,CNNE
2025-11-12 13:26:00,15.99,15.99,15.955,15.955,4832.0,CNNE
2025-11-12 13:25:00,16.0,16.0,16.0,16.0,501.0,CNNE
2025-11-12 13:24:00,15.995,16.0,15.995,16.0,1258.0,CNNE
2025-11-12 13:23:00,16.0,16.0,16.0,16.0,1111.0,CNNE
2025-11-12 13:22:00,15.97,16.01,15.965,16.01,8488.0,CNNE
2025-11-12 13:21:00,16.02,16.02,15.9701,15.9701,7406.0,CNNE
2025-11-12 13:20:00,16.03,16.03,16.03,16.03,1067.0,CNNE
2025-11-12 13:19:00,16.0404,16.0404,16.0404,16.0404,150.0,CNNE
2025-11-12 13:18:00,16.055,16.055,16.04,16.04,6190.0,CNNE
2025-11-12 13:17:00,16.055,16.055,16.055,16.055,521.0,CNNE
2025-11-12 13:16:00,16.0701,16.075,16.05,16.06,4397.0,CNNE
2025-11-12 13:15:00,16.08,16.08,16.07,16.07,2408.0,CNNE
2025-11-12 13:14:00,16.05,16.08,16.05,16.08,9253.0,CNNE
2025-11-12 13:13:00,16.055,16.055,16.055,16.055,599.0,CNNE
2025-11-12 13:12:00,16.04,16.0565,16.03,16.055,8297.0,CNNE
2025-11-12 13:11:00,16.05,16.05,16.05,16.05,967.0,CNNE
2025-11-12 13:10:00,16.05,16.06,16.05,16.051,1378.0,CNNE
2025-11-12 13:09:00,16.04,16.05,16.04,16.05,1054.0,CNNE
2025-11-12 13:08:00,16.04,16.055,16.04,16.055,353.0,CNNE
2025-11-12 13:07:00,16.04,16.05,16.04,16.04,1569.0,CNNE
2025-11-12 13:06:00,16.06,16.06,16.05,16.05,1853.0,CNNE
2025-11-12 13:05:00,16.04,16.0691,16.04,16.0691,5781.0,CNNE
2025-11-12 13:04:00,16.04,16.04,16.02,16.02,4948.0,CNNE
2025-11-12 13:03:00,16.0588,16.0588,16.04,16.04,2541.0,CNNE
2025-11-12 13:02:00,16.08,16.08,16.06,16.06,2318.0,CNNE
2025-11-12 13:01:00,16.05,16.09,16.05,16.06,6820.0,CNNE
2025-11-12 13:00:00,16.03,16.06,16.03,16.06,2831.0,CNNE
2025-11-12 12:59:00,16.038,16.038,16.03,16.03,654.0,CNNE
2025-11-12 12:58:00,16.03,16.03,16.03,16.03,379.0,CNNE
2025-11-12 12:57:00,16.03,16.03,16.02,16.03,4523.0,CNNE
2025-11-12 12:56:00,16.04,16.04,16.04,16.04,2683.0,CNNE
2025-11-12 12:55:00,16.055,16.055,16.0401,16.0401,3050.0,CNNE
2025-11-12 12:54:00,16.055,16.055,16.055,16.055,205.0,CNNE
2025-11-12 12:53:00,16.03,16.05,16.02,16.05,5466.0,CNNE
2025-11-12 12:52:00,16.03,16.03,16.03,16.03,379.0,CNNE
2025-11-12 12:51:00,16.03,16.03,16.03,16.03,925.0,CNNE
2025-11-12 12:50:00,16.04,16.04,16.03,16.035,4029.0,CNNE
2025-11-12 12:49:00,16.06,16.06,16.04,16.045,2966.0,CNNE
2025-11-12 12:48:00,16.02,16.07,16.01,16.07,13582.0,CNNE
2025-11-12 12:47:00,16.02,16.03,16.02,16.03,3068.0,CNNE
2025-11-12 12:45:00,16.02,16.02,16.02,16.02,486.0,CNNE
2025-11-12 12:44:00,16.03,16.03,16.01,16.02,9762.0,CNNE
2025-11-12 12:43:00,16.0,16.03,16.0,16.03,4367.0,CNNE
2025-11-12 12:41:00,15.985,16.0,15.985,16.0,1271.0,CNNE
2025-11-12 12:40:00,15.95,15.99,15.94,15.985,4149.0,CNNE
2025-11-12 12:38:00,15.935,15.935,15.935,15.935,235.0,CNNE
2025-11-12 12:37:00,15.935,15.935,15.92,15.935,10161.0,CNNE
2025-11-12 12:35:00,15.93,15.93,15.93,15.93,1795.0,CNNE
2025-11-12 12:34:00,15.93,15.93,15.93,15.93,268.0,CNNE
2025-11-12 12:33:00,15.9,15.93,15.89,15.93,7617.0,CNNE
2025-11-12 12:31:00,15.89,15.91,15.88,15.9071,8274.0,CNNE
2025-11-12 12:30:00,15.865,15.89,15.86,15.89,6492.0,CNNE
2025-11-12 12:29:00,15.86,15.865,15.8525,15.865,2353.0,CNNE
2025-11-12 12:28:00,15.85,15.87,15.85,15.87,3622.0,CNNE
2025-11-12 12:27:00,15.83,15.83,15.81,15.83,927.0,CNNE
2025-11-12 12:26:00,15.83,15.83,15.83,15.83,300.0,CNNE
2025-11-12 12:25:00,15.8101,15.83,15.8101,15.83,1185.0,CNNE
2025-11-12 12:23:00,15.8,15.83,15.77,15.83,6755.0,CNNE
2025-11-12 12:22:00,15.83,15.86,15.8,15.81,27111.0,CNNE
2025-11-12 12:21:00,15.78,15.83,15.78,15.83,3049.0,CNNE
2025-11-12 12:20:00,15.775,15.775,15.75,15.77,4433.0,CNNE
2025-11-12 12:19:00,15.775,15.775,15.775,15.775,607.0,CNNE
2025-11-12 12:18:00,15.715,15.775,15.715,15.77,25089.0,CNNE
2025-11-12 12:17:00,15.68,15.71,15.68,15.71,8014.0,CNNE
2025-11-12 12:16:00,15.65,15.66,15.65,15.66,896.0,CNNE
2025-11-12 12:15:00,15.61,15.65,15.61,15.65,1540.0,CNNE
2025-11-12 12:14:00,15.605,15.605,15.605,15.605,695.0,CNNE
2025-11-12 12:13:00,15.565,15.605,15.565,15.5901,3957.0,CNNE
2025-11-12 12:12:00,15.565,15.565,15.565,15.565,332.0,CNNE
2025-11-12 12:11:00,15.56,15.565,15.55,15.565,5409.0,CNNE
2025-11-12 12:10:00,15.49,15.575,15.49,15.575,10167.0,CNNE
2025-11-12 12:08:00,15.485,15.49,15.485,15.49,1510.0,CNNE
2025-11-12 12:07:00,15.49,15.49,15.49,15.49,992.0,CNNE
2025-11-12 12:06:00,15.499,15.499,15.499,15.499,355.0,CNNE
2025-11-12 12:04:00,15.4939,15.5,15.4939,15.5,3031.0,CNNE
2025-11-12 12:03:00,15.5,15.5,15.49,15.49,1468.0,CNNE
2025-11-12 12:02:00,15.5,15.5,15.5,15.5,1825.0,CNNE
2025-11-12 12:01:00,15.51,15.51,15.5,15.5,344.0,CNNE
2025-11-12 12:00:00,15.475,15.51,15.475,15.505,4286.0,CNNE
2025-11-12 11:58:00,15.47,15.475,15.47,15.475,591.0,CNNE
2025-11-12 11:57:00,15.48,15.48,15.48,15.48,1424.0,CNNE
2025-11-12 11:56:00,15.48,15.49,15.48,15.49,403.0,CNNE
2025-11-12 11:55:00,15.49,15.49,15.49,15.49,134.0,CNNE
2025-11-12 11:54:00,15.49,15.49,15.49,15.49,207.0,CNNE
2025-11-12 11:53:00,15.49,15.49,15.49,15.49,2519.0,CNNE
2025-11-12 11:52:00,15.51,15.51,15.51,15.51,394.0,CNNE
2025-11-12 11:51:00,15.505,15.505,15.505,15.505,954.0,CNNE
2025-11-12 11:50:00,15.495,15.51,15.495,15.5,2218.0,CNNE
2025-11-12 11:49:00,15.495,15.495,15.495,15.495,175.0,CNNE
2025-11-12 11:48:00,15.49,15.495,15.49,15.495,3214.0,CNNE
2025-11-12 11:45:00,15.51,15.51,15.5,15.5,1273.0,CNNE
2025-11-12 11:44:00,15.51,15.51,15.51,15.51,500.0,CNNE
2025-11-12 11:43:00,15.51,15.52,15.5,15.52,3074.0,CNNE
2025-11-12 11:42:00,15.5,15.51,15.5,15.51,2335.0,CNNE
2025-11-12 11:40:00,15.515,15.515,15.5,15.5,1352.0,CNNE
2025-11-12 11:39:00,15.52,15.52,15.51,15.51,1314.0,CNNE
2025-11-12 11:37:00,15.52,15.52,15.52,15.52,667.0,CNNE
2025-11-12 11:36:00,15.5,15.53,15.5,15.53,4134.0,CNNE
2025-11-12 11:32:00,15.5,15.5,15.5,15.5,823.0,CNNE
2025-11-12 11:31:00,15.5,15.5,15.5,15.5,277.0,CNNE
2025-11-12 11:30:00,15.52,15.52,15.515,15.515,1750.0,CNNE
2025-11-12 11:29:00,15.5,15.5,15.5,15.5,1167.0,CNNE
2025-11-12 11:28:00,15.48,15.5,15.48,15.5,1639.0,CNNE
2025-11-12 11:27:00,15.46,15.46,15.46,15.46,598.0,CNNE
2025-11-12 11:26:00,15.45,15.45,15.45,15.45,1127.0,CNNE
2025-11-12 11:25:00,15.43,15.46,15.41,15.45,3371.0,CNNE
2025-11-12 11:24:00,15.41,15.43,15.41,15.43,612.0,CNNE
2025-11-12 11:23:00,15.43,15.43,15.43,15.43,913.0,CNNE
2025-11-12 11:22:00,15.395,15.43,15.395,15.42,2251.0,CNNE
2025-11-12 11:21:00,15.4,15.4,15.38,15.395,2820.0,CNNE
2025-11-12 11:20:00,15.415,15.415,15.4,15.4,1552.0,CNNE
2025-11-12 11:19:00,15.45,15.45,15.395,15.395,6514.0,CNNE
2025-11-12 11:18:00,15.45,15.45,15.45,15.45,231.0,CNNE
2025-11-12 11:17:00,15.45,15.46,15.45,15.46,806.0,CNNE
2025-11-12 11:16:00,15.45,15.45,15.45,15.45,1325.0,CNNE
2025-11-12 11:15:00,15.41,15.46,15.405,15.46,5256.0,CNNE
2025-11-12 11:13:00,15.415,15.43,15.415,15.43,1068.0,CNNE
2025-11-12 11:12:00,15.405,15.425,15.405,15.415,3186.0,CNNE
2025-11-12 11:11:00,15.4,15.41,15.4,15.4,1130.0,CNNE
2025-11-12 11:10:00,15.42,15.42,15.41,15.41,1003.0,CNNE
2025-11-12 11:09:00,15.43,15.43,15.43,15.43,644.0,CNNE
2025-11-12 11:08:00,15.45,15.45,15.435,15.435,1732.0,CNNE
2025-11-12 11:07:00,15.46,15.4648,15.455,15.4648,6145.0,CNNE
2025-11-12 11:06:00,15.475,15.475,15.46,15.46,379.0,CNNE
2025-11-12 11:05:00,15.49,15.49,15.46,15.46,1971.0,CNNE
2025-11-12 11:04:00,15.56,15.56,15.49,15.49,2913.0,CNNE
2025-11-12 11:03:00,15.575,15.575,15.575,15.575,504.0,CNNE
2025-11-12 11:02:00,15.56,15.58,15.56,15.58,916.0,CNNE
2025-11-12 11:01:00,15.565,15.565,15.565,15.565,550.0,CNNE
2025-11-12 11:00:00,15.56,15.565,15.55,15.565,3237.0,CNNE
2025-11-12 10:59:00,15.54,15.58,15.54,15.57,4785.0,CNNE
2025-11-12 10:58:00,15.51,15.51,15.51,15.51,771.0,CNNE
2025-11-12 10:57:00,15.495,15.495,15.495,15.495,308.0,CNNE
2025-11-12 10:56:00,15.45,15.45,15.45,15.45,1155.0,CNNE
2025-11-12 10:55:00,15.43,15.43,15.43,15.43,227.0,CNNE
2025-11-12 10:54:00,15.3927,15.43,15.3927,15.43,2041.0,CNNE
2025-11-12 10:52:00,15.4,15.4,15.4,15.4,296.0,CNNE
2025-11-12 10:51:00,15.365,15.38,15.365,15.38,557.0,CNNE
2025-11-12 10:50:00,15.36,15.365,15.35,15.36,1554.0,CNNE
2025-11-12 10:49:00,15.345,15.345,15.33,15.33,1096.0,CNNE
2025-11-12 10:48:00,15.32,15.34,15.32,15.34,2325.0,CNNE
2025-11-12 10:47:00,15.32,15.32,15.32,15.32,382.0,CNNE
2025-11-12 10:46:00,15.295,15.32,15.295,15.32,2407.0,CNNE
2025-11-12 10:45:00,15.295,15.295,15.295,15.295,280.0,CNNE
2025-11-12 10:44:00,15.29,15.3,15.29,15.29,1501.0,CNNE
2025-11-12 10:43:00,15.28,15.28,15.28,15.28,501.0,CNNE
2025-11-12 10:42:00,15.28,15.29,15.28,15.29,1772.0,CNNE
2025-11-12 10:41:00,15.295,15.295,15.295,15.295,272.0,CNNE
2025-11-12 10:40:00,15.29,15.29,15.29,15.29,696.0,CNNE
2025-11-12 10:39:00,15.29,15.29,15.29,15.29,559.0,CNNE
2025-11-12 10:37:00,15.29,15.29,15.29,15.29,933.0,CNNE
2025-11-12 10:36:00,15.2,15.285,15.2,15.26,4268.0,CNNE
2025-11-12 10:35:00,15.24,15.25,15.2,15.2,4412.0,CNNE
2025-11-12 10:34:00,15.27,15.27,15.27,15.27,1773.0,CNNE
2025-11-12 10:33:00,15.29,15.29,15.29,15.29,917.0,CNNE
2025-11-12 10:32:00,15.29,15.29,15.29,15.29,357.0,CNNE
2025-11-12 10:31:00,15.31,15.31,15.285,15.3,4102.0,CNNE
2025-11-12 10:30:00,15.28,15.33,15.28,15.325,7433.0,CNNE
2025-11-12 10:29:00,15.28,15.29,15.28,15.285,3452.0,CNNE
2025-11-12 10:28:00,15.295,15.295,15.295,15.295,1064.0,CNNE
2025-11-12 10:27:00,15.32,15.32,15.29,15.3,5987.0,CNNE
2025-11-12 10:26:00,15.34,15.34,15.31,15.32,2075.0,CNNE
2025-11-12 10:25:00,15.36,15.36,15.36,15.36,279.0,CNNE
2025-11-12 10:24:00,15.36,15.38,15.35,15.35,1899.0,CNNE
2025-11-12 10:23:00,15.36,15.36,15.36,15.36,650.0,CNNE
2025-11-12 10:22:00,15.36,15.3785,15.36,15.36,1076.0,CNNE
2025-11-12 10:21:00,15.365,15.3759,15.36,15.36,1542.0,CNNE
2025-11-12 10:20:00,15.38,15.38,15.365,15.365,1294.0,CNNE
2025-11-12 10:18:00,15.335,15.38,15.335,15.38,1855.0,CNNE
2025-11-12 10:16:00,15.3,15.35,15.3,15.3332,5156.0,CNNE
2025-11-12 10:15:00,15.275,15.29,15.2694,15.285,2553.0,CNNE
2025-11-12 10:13:00,15.24,15.28,15.24,15.26,2245.0,CNNE
2025-11-12 10:12:00,15.21,15.21,15.21,15.21,1006.0,CNNE
2025-11-12 10:11:00,15.22,15.22,15.21,15.215,1531.0,CNNE
2025-11-12 10:10:00,15.23,15.23,15.21,15.21,1674.0,CNNE
2025-11-12 10:09:00,15.225,15.2435,15.22,15.225,741.0,CNNE
2025-11-12 10:08:00,15.18,15.24,15.18,15.225,3430.0,CNNE
2025-11-12 10:07:00,15.14,15.17,15.14,15.17,3638.0,CNNE
2025-11-12 10:06:00,15.18,15.18,15.14,15.14,2262.0,CNNE
2025-11-12 10:05:00,15.21,15.21,15.21,15.21,1398.0,CNNE
2025-11-12 10:04:00,15.21,15.21,15.21,15.21,934.0,CNNE
2025-11-12 10:03:00,15.25,15.25,15.24,15.24,1238.0,CNNE
2025-11-12 10:02:00,15.245,15.25,15.245,15.25,1310.0,CNNE
2025-11-12 10:01:00,15.25,15.27,15.23,15.23,1739.0,CNNE
2025-11-12 10:00:00,15.3,15.3,15.255,15.255,2990.0,CNNE
2025-11-12 09:59:00,15.325,15.3306,15.265,15.265,2557.0,CNNE
2025-11-12 09:57:00,15.33,15.35,15.325,15.33,5396.0,CNNE
2025-11-12 09:56:00,15.35,15.35,15.35,15.35,2827.0,CNNE
2025-11-12 09:55:00,15.35,15.3597,15.33,15.33,7870.0,CNNE
2025-11-12 09:54:00,15.37,15.37,15.35,15.35,1052.0,CNNE
2025-11-12 09:53:00,15.31,15.4,15.31,15.4,3568.0,CNNE
2025-11-12 09:51:00,15.4,15.43,15.33,15.33,1555.0,CNNE
2025-11-12 09:50:00,15.54,15.54,15.47,15.47,2680.0,CNNE
2025-11-12 09:49:00,15.61,15.61,15.57,15.57,1020.0,CNNE
2025-11-12 09:48:00,15.55,15.6,15.55,15.56,4007.0,CNNE
2025-11-12 09:47:00,15.6,15.6,15.55,15.55,1869.0,CNNE
2025-11-12 09:46:00,15.63,15.63,15.5724,15.6,4624.0,CNNE
2025-11-12 09:45:00,15.65,15.66,15.585,15.595,8062.0,CNNE
2025-11-12 09:44:00,15.66,15.69,15.65,15.6501,3976.0,CNNE
2025-11-12 09:43:00,15.7199,15.7199,15.65,15.65,9107.0,CNNE
2025-11-12 09:41:00,15.71,15.71,15.69,15.69,3348.0,CNNE
2025-11-12 09:40:00,15.685,15.76,15.685,15.7,5613.0,CNNE
2025-11-12 09:39:00,15.685,15.685,15.685,15.685,234.0,CNNE
2025-11-12 09:38:00,15.7,15.7,15.685,15.685,5230.0,CNNE
2025-11-12 09:37:00,15.72,15.72,15.71,15.71,270.0,CNNE
2025-11-12 09:36:00,15.7,15.7165,15.7,15.71,2108.0,CNNE
2025-11-12 09:35:00,15.68,15.74,15.66,15.74,19324.0,CNNE
2025-11-12 09:34:00,15.595,15.65,15.595,15.65,952.0,CNNE
2025-11-12 09:33:00,15.59,15.59,15.59,15.59,1592.0,CNNE
2025-11-12 09:30:00,15.5,15.6404,15.5,15.6404,6443.0,CNNE
2025-11-12 09:29:00,15.5,15.5,15.5,15.5,100.0,CNNE
2025-11-12 09:24:00,15.49,15.49,15.49,15.49,1.0,CNNE
2025-11-12 09:15:00,16.5,16.5,16.5,16.5,2.0,CNNE
2025-11-12 09:14:00,16.0,16.0,16.0,16.0,2.0,CNNE
2025-11-12 09:10:00,15.49,15.49,15.49,15.49,897.0,CNNE
2025-11-12 08:56:00,15.58,15.58,15.58,15.58,1.0,CNNE
2025-11-12 08:54:00,15.68,15.7,15.68,15.7,2.0,CNNE
2025-11-12 08:48:00,15.6,15.6,15.6,15.6,1.0,CNNE
2025-11-12 08:45:00,15.4,15.4,15.4,15.4,1.0,CNNE
2025-11-11 19:49:00,15.41,15.42,15.41,15.42,5.0,CNNE
2025-11-11 19:00:00,15.48,15.48,15.48,15.48,80053.0,CNNE
2025-11-11 18:30:00,15.48,15.48,15.48,15.48,80053.0,CNNE
2025-11-11 17:59:00,15.78,15.78,15.78,15.78,203.0,CNNE
2025-11-11 17:39:00,15.78,15.7801,15.78,15.7801,6.0,CNNE
2025-11-11 17:03:00,15.67,15.78,15.67,15.78,148.0,CNNE
2025-11-11 16:34:00,15.48,15.48,15.48,15.48,100.0,CNNE
2025-11-11 16:18:00,15.48,15.48,15.48,15.48,2.0,CNNE
2025-11-11 16:10:00,15.48,15.48,15.48,15.48,80057.0,CNNE
2025-11-11 16:09:00,15.46,15.46,15.46,15.46,1.0,CNNE
2025-11-11 16:04:00,15.48,15.48,15.48,15.48,903.0,CNNE
2025-11-11 16:00:00,15.475,15.48,15.475,15.48,164562.0,CNNE
2025-11-11 15:59:00,15.5,15.505,15.47,15.475,35647.0,CNNE
2025-11-11 15:58:00,15.5,15.5075,15.5,15.5,9246.0,CNNE
2025-11-11 15:57:00,15.52,15.52,15.5,15.5,11777.0,CNNE
2025-11-11 15:56:00,15.52,15.5434,15.52,15.52,13484.0,CNNE
2025-11-11 15:55:00,15.54,15.54,15.51,15.525,16174.0,CNNE
2025-11-11 15:54:00,15.55,15.55,15.54,15.54,11352.0,CNNE
2025-11-11 15:53:00,15.535,15.57,15.535,15.55,18437.0,CNNE
2025-11-11 15:52:00,15.545,15.545,15.54,15.54,4047.0,CNNE
2025-11-11 15:51:00,15.55,15.555,15.545,15.545,11683.0,CNNE
2025-11-11 15:50:00,15.56,15.565,15.55,15.55,2444.0,CNNE
2025-11-11 15:49:00,15.55,15.565,15.535,15.5625,13450.0,CNNE
2025-11-11 15:48:00,15.61,15.615,15.55,15.55,7471.0,CNNE
2025-11-11 15:47:00,15.61,15.63,15.61,15.61,8836.0,CNNE
2025-11-11 15:46:00,15.64,15.64,15.6,15.6,3692.0,CNNE
2025-11-11 15:45:00,15.6,15.63,15.6,15.63,7736.0,CNNE
2025-11-11 15:44:00,15.595,15.64,15.595,15.6,12102.0,CNNE
2025-11-11 15:43:00,15.535,15.597,15.535,15.597,7616.0,CNNE
2025-11-11 15:42:00,15.56,15.562,15.535,15.535,6108.0,CNNE
2025-11-11 15:41:00,15.56,15.57,15.555,15.565,7831.0,CNNE
2025-11-11 15:40:00,15.57,15.57,15.56,15.56,6646.0,CNNE
2025-11-11 15:39:00,15.57,15.58,15.57,15.57,10580.0,CNNE
2025-11-11 15:38:00,15.6,15.61,15.56,15.56,12597.0,CNNE
2025-11-11 15:37:00,15.55,15.66,15.55,15.61,20288.0,CNNE
2025-11-11 15:36:00,15.545,15.585,15.54,15.56,9937.0,CNNE
2025-11-11 15:35:00,15.52,15.55,15.52,15.54,8093.0,CNNE
2025-11-11 15:34:00,15.54,15.54,15.51,15.51,4132.0,CNNE
2025-11-11 15:33:00,15.58,15.585,15.54,15.54,5805.0,CNNE
2025-11-11 15:32:00,15.542,15.56,15.53,15.56,4750.0,CNNE
2025-11-11 15:31:00,15.48,15.55,15.47,15.55,9257.0,CNNE
2025-11-11 15:30:00,15.46,15.49,15.46,15.49,8218.0,CNNE
2025-11-11 15:29:00,15.47,15.47,15.47,15.47,1122.0,CNNE
2025-11-11 15:28:00,15.47,15.47,15.47,15.47,1920.0,CNNE
2025-11-11 15:27:00,15.49,15.49,15.4824,15.4824,572.0,CNNE
2025-11-11 15:26:00,15.5,15.5,15.48,15.49,7548.0,CNNE
2025-11-11 15:25:00,15.515,15.515,15.5,15.5,1157.0,CNNE
2025-11-11 15:24:00,15.5,15.51,15.495,15.51,7872.0,CNNE
2025-11-11 15:23:00,15.505,15.51,15.5,15.5,2817.0,CNNE
2025-11-11 15:22:00,15.5,15.51,15.5,15.51,7427.0,CNNE
2025-11-11 15:21:00,15.51,15.51,15.51,15.51,2915.0,CNNE
2025-11-11 15:20:00,15.51,15.53,15.5,15.5,7873.0,CNNE
2025-11-11 15:19:00,15.505,15.52,15.505,15.51,5768.0,CNNE
2025-11-11 15:18:00,15.511,15.511,15.5,15.5,11543.0,CNNE
2025-11-11 15:17:00,15.51,15.51,15.51,15.51,569.0,CNNE
2025-11-11 15:16:00,15.48,15.51,15.48,15.5,8533.0,CNNE
2025-11-11 15:15:00,15.51,15.51,15.48,15.48,8506.0,CNNE
2025-11-11 15:14:00,15.53,15.53,15.52,15.52,4437.0,CNNE
2025-11-11 15:13:00,15.52,15.53,15.52,15.525,3527.0,CNNE
2025-11-11 15:12:00,15.5347,15.5347,15.525,15.525,365.0,CNNE
2025-11-11 15:11:00,15.53,15.53,15.53,15.53,1023.0,CNNE
2025-11-11 15:10:00,15.52,15.55,15.52,15.542,5647.0,CNNE
2025-11-11 15:09:00,15.53,15.53,15.51,15.51,5972.0,CNNE
2025-11-11 15:08:00,15.53,15.53,15.52,15.52,2447.0,CNNE
2025-11-11 15:07:00,15.54,15.54,15.535,15.535,3251.0,CNNE
2025-11-11 15:06:00,15.51,15.575,15.51,15.55,3233.0,CNNE
2025-11-11 15:05:00,15.53,15.5302,15.5,15.51,4336.0,CNNE
2025-11-11 15:04:00,15.55,15.5519,15.54,15.54,2435.0,CNNE
2025-11-11 15:03:00,15.5432,15.55,15.51,15.55,9858.0,CNNE
2025-11-11 15:02:00,15.61,15.61,15.52,15.54,5524.0,CNNE
2025-11-11 15:01:00,15.635,15.635,15.61,15.62,1949.0,CNNE
2025-11-11 15:00:00,15.665,15.665,15.62,15.62,3156.0,CNNE
2025-11-11 14:59:00,15.66,15.67,15.6503,15.66,2574.0,CNNE
2025-11-11 14:58:00,15.625,15.65,15.625,15.65,4023.0,CNNE
2025-11-11 14:57:00,15.625,15.625,15.625,15.625,292.0,CNNE
2025-11-11 14:56:00,15.61,15.64,15.61,15.63,5429.0,CNNE
2025-11-11 14:55:00,15.61,15.61,15.6,15.61,855.0,CNNE
2025-11-11 14:54:00,15.61,15.615,15.61,15.61,1260.0,CNNE
2025-11-11 14:53:00,15.61,15.62,15.61,15.62,2423.0,CNNE
2025-11-11 14:52:00,15.6,15.6,15.6,15.6,478.0,CNNE
2025-11-11 14:51:00,15.61,15.61,15.6,15.605,4225.0,CNNE
2025-11-11 14:49:00,15.6,15.6,15.6,15.6,303.0,CNNE
2025-11-11 14:48:00,15.61,15.61,15.61,15.61,350.0,CNNE
2025-11-11 14:47:00,15.62,15.62,15.61,15.61,617.0,CNNE
2025-11-11 14:46:00,15.59,15.64,15.59,15.61,7008.0,CNNE
2025-11-11 14:44:00,15.6,15.605,15.6,15.6,2944.0,CNNE
2025-11-11 14:43:00,15.61,15.61,15.61,15.61,293.0,CNNE
2025-11-11 14:42:00,15.63,15.63,15.61,15.62,3938.0,CNNE
2025-11-11 14:40:00,15.645,15.66,15.63,15.63,4063.0,CNNE
2025-11-11 14:39:00,15.63,15.645,15.63,15.63,1056.0,CNNE
2025-11-11 14:38:00,15.62,15.62,15.62,15.62,280.0,CNNE
2025-11-11 14:37:00,15.64,15.64,15.63,15.63,1804.0,CNNE
2025-11-11 14:36:00,15.66,15.66,15.65,15.655,4513.0,CNNE
2025-11-11 14:35:00,15.67,15.67,15.67,15.67,451.0,CNNE
2025-11-11 14:34:00,15.66,15.66,15.66,15.66,1552.0,CNNE
2025-11-11 14:33:00,15.68,15.69,15.67,15.67,5205.0,CNNE
2025-11-11 14:32:00,15.695,15.7099,15.695,15.695,1170.0,CNNE
2025-11-11 14:31:00,15.705,15.705,15.695,15.7,1184.0,CNNE
2025-11-11 14:30:00,15.69,15.701,15.68,15.701,3333.0,CNNE
2025-11-11 14:29:00,15.71,15.71,15.68,15.68,4971.0,CNNE
2025-11-11 14:28:00,15.75,15.75,15.72,15.75,7607.0,CNNE
2025-11-11 14:27:00,15.73,15.73,15.73,15.73,542.0,CNNE
2025-11-11 14:26:00,15.76,15.76,15.74,15.74,7743.0,CNNE
2025-11-11 14:25:00,15.77,15.8,15.77,15.77,2089.0,CNNE
2025-11-11 14:23:00,15.77,15.8295,15.76,15.8295,14916.0,CNNE
2025-11-11 14:22:00,15.785,15.785,15.77,15.77,1654.0,CNNE
2025-11-11 14:20:00,15.79,15.79,15.79,15.79,367.0,CNNE
2025-11-11 14:17:00,15.79,15.79,15.79,15.79,229.0,CNNE
2025-11-11 14:16:00,15.79,15.79,15.79,15.79,158.0,CNNE
2025-11-11 14:13:00,15.79,15.8,15.79,15.79,1384.0,CNNE
2025-11-11 14:12:00,15.82,15.82,15.785,15.79,3204.0,CNNE
2025-11-11 14:11:00,15.83,15.83,15.825,15.83,1075.0,CNNE
2025-11-11 14:10:00,15.82,15.82,15.82,15.82,1255.0,CNNE
2025-11-11 14:09:00,15.8,15.81,15.8,15.81,1012.0,CNNE
2025-11-11 14:08:00,15.8,15.8,15.8,15.8,497.0,CNNE
2025-11-11 14:07:00,15.815,15.815,15.815,15.815,188.0,CNNE
2025-11-11 14:05:00,15.815,15.815,15.8,15.8,474.0,CNNE
2025-11-11 14:03:00,15.84,15.84,15.82,15.82,1447.0,CNNE
2025-11-11 14:02:00,15.84,15.84,15.84,15.84,623.0,CNNE
2025-11-11 14:00:00,15.85,15.86,15.84,15.84,2375.0,CNNE
2025-11-11 13:59:00,15.855,15.87,15.855,15.865,2766.0,CNNE
2025-11-11 13:57:00,15.85,15.855,15.85,15.855,787.0,CNNE
2025-11-11 13:56:00,15.85,15.85,15.85,15.85,348.0,CNNE
2025-11-11 13:54:00,15.89,15.89,15.87,15.89,3885.0,CNNE
2025-11-11 13:53:00,15.915,15.915,15.89,15.89,335.0,CNNE
2025-11-11 13:52:00,15.915,15.915,15.915,15.915,243.0,CNNE
2025-11-11 13:51:00,15.915,15.915,15.915,15.915,546.0,CNNE
2025-11-11 13:50:00,15.915,15.915,15.915,15.915,453.0,CNNE
2025-11-11 13:49:00,15.915,15.915,15.915,15.915,443.0,CNNE
2025-11-11 13:48:00,15.97,15.97,15.91,15.915,3705.0,CNNE
2025-11-11 13:47:00,15.97,15.97,15.95,15.965,1529.0,CNNE
2025-11-11 13:46:00,15.97,15.97,15.97,15.97,190.0,CNNE
2025-11-11 13:44:00,15.97,15.97,15.97,15.97,613.0,CNNE
2025-11-11 13:43:00,15.97,15.97,15.97,15.97,1394.0,CNNE
2025-11-11 13:39:00,15.97,15.97,15.97,15.97,984.0,CNNE
2025-11-11 13:38:00,15.9612,15.9612,15.9612,15.9612,344.0,CNNE
2025-11-11 13:37:00,15.93,15.965,15.93,15.965,2750.0,CNNE
2025-11-11 13:36:00,15.92,15.92,15.92,15.92,1386.0,CNNE
2025-11-11 13:34:00,15.9253,15.9253,15.922,15.922,901.0,CNNE
2025-11-11 13:33:00,15.92,15.922,15.92,15.92,2353.0,CNNE
2025-11-11 13:32:00,15.935,15.935,15.9201,15.9201,868.0,CNNE
2025-11-11 13:31:00,15.955,15.955,15.93,15.94,4750.0,CNNE
2025-11-11 13:29:00,15.93,15.97,15.93,15.97,2012.0,CNNE
2025-11-11 13:28:00,15.93,15.93,15.911,15.9298,842.0,CNNE
2025-11-11 13:26:00,15.915,15.92,15.915,15.92,397.0,CNNE
2025-11-11 13:25:00,15.91,15.91,15.91,15.91,1278.0,CNNE
2025-11-11 13:24:00,15.93,15.93,15.93,15.93,874.0,CNNE
2025-11-11 13:23:00,15.93,15.93,15.93,15.93,757.0,CNNE
2025-11-11 13:22:00,15.875,15.93,15.875,15.93,5943.0,CNNE
2025-11-11 13:21:00,15.92,15.93,15.87,15.875,3350.0,CNNE
2025-11-11 13:20:00,15.93,15.93,15.93,15.93,322.0,CNNE
2025-11-11 13:19:00,15.94,15.94,15.93,15.93,846.0,CNNE
2025-11-11 13:17:00,15.95,15.955,15.92,15.92,1907.0,CNNE
2025-11-11 13:16:00,15.92,15.965,15.92,15.95,4180.0,CNNE
2025-11-11 13:15:00,15.8795,15.91,15.8795,15.91,2324.0,CNNE
2025-11-11 13:14:00,15.865,15.865,15.855,15.855,747.0,CNNE
2025-11-11 13:13:00,15.8315,15.865,15.8315,15.865,1894.0,CNNE
2025-11-11 13:12:00,15.8683,15.8683,15.83,15.855,3476.0,CNNE
2025-11-11 13:11:00,15.865,15.865,15.865,15.865,615.0,CNNE
2025-11-11 13:10:00,15.865,15.865,15.865,15.865,1339.0,CNNE
2025-11-11 13:07:00,15.88,15.88,15.86,15.865,3369.0,CNNE
2025-11-11 13:06:00,15.89,15.89,15.89,15.89,508.0,CNNE
2025-11-11 13:05:00,15.9,15.91,15.9,15.91,771.0,CNNE
2025-11-11 13:04:00,15.89,15.91,15.89,15.91,311.0,CNNE
2025-11-11 13:03:00,15.885,15.9099,15.86,15.9099,3436.0,CNNE
2025-11-11 13:02:00,15.85,15.899,15.8459,15.899,2059.0,CNNE
2025-11-11 13:01:00,15.81,15.845,15.81,15.835,5072.0,CNNE
2025-11-11 13:00:00,15.75,15.79,15.75,15.79,1531.0,CNNE
2025-11-11 12:59:00,15.78,15.78,15.76,15.78,1852.0,CNNE
2025-11-11 12:56:00,15.81,15.81,15.81,15.81,341.0,CNNE
2025-11-11 12:55:00,15.81,15.81,15.81,15.81,1231.0,CNNE
2025-11-11 12:54:00,15.81,15.81,15.81,15.81,553.0,CNNE
2025-11-11 12:51:00,15.81,15.8128,15.81,15.81,2176.0,CNNE
2025-11-11 12:50:00,15.85,15.85,15.79,15.81,4085.0,CNNE
2025-11-11 12:47:00,15.87,15.88,15.84,15.85,2666.0,CNNE
2025-11-11 12:46:00,15.885,15.885,15.885,15.885,282.0,CNNE
2025-11-11 12:45:00,15.885,15.885,15.885,15.885,550.0,CNNE
2025-11-11 12:44:00,15.875,15.89,15.875,15.885,1083.0,CNNE
2025-11-11 12:43:00,15.88,15.88,15.875,15.8775,1002.0,CNNE
2025-11-11 12:42:00,15.89,15.89,15.88,15.88,1262.0,CNNE
2025-11-11 12:41:00,15.89,15.95,15.88,15.9091,6189.0,CNNE
2025-11-11 12:40:00,15.86,15.88,15.86,15.88,702.0,CNNE
2025-11-11 12:39:00,15.88,15.88,15.8301,15.87,587.0,CNNE
2025-11-11 12:38:00,15.855,15.9,15.855,15.88,3929.0,CNNE
2025-11-11 12:35:00,15.855,15.855,15.855,15.855,252.0,CNNE
2025-11-11 12:34:00,15.825,15.855,15.825,15.855,2639.0,CNNE
2025-11-11 12:33:00,15.84,15.84,15.84,15.84,344.0,CNNE
2025-11-11 12:32:00,15.83,15.83,15.825,15.825,831.0,CNNE
2025-11-11 12:31:00,15.84,15.84,15.81,15.835,4249.0,CNNE
2025-11-11 12:29:00,15.84,15.84,15.84,15.84,827.0,CNNE
2025-11-11 12:28:00,15.84,15.86,15.83,15.84,1279.0,CNNE
2025-11-11 12:27:00,15.76,15.84,15.76,15.84,2222.0,CNNE
2025-11-11 12:26:00,15.779,15.779,15.779,15.779,129.0,CNNE
2025-11-11 12:25:00,15.74,15.77,15.74,15.77,591.0,CNNE
2025-11-11 12:24:00,15.72,15.79,15.72,15.745,3937.0,CNNE
2025-11-11 12:23:00,15.655,15.725,15.62,15.725,10771.0,CNNE
2025-11-11 12:22:00,15.66,15.66,15.65,15.65,720.0,CNNE
2025-11-11 12:21:00,15.675,15.675,15.675,15.675,1758.0,CNNE
2025-11-11 12:20:00,15.71,15.71,15.665,15.665,2430.0,CNNE
2025-11-11 12:19:00,15.73,15.73,15.73,15.73,661.0,CNNE
2025-11-11 12:18:00,15.7432,15.7432,15.7432,15.7432,640.0,CNNE
2025-11-11 12:17:00,15.77,15.775,15.75,15.75,3169.0,CNNE
2025-11-11 12:16:00,15.7,15.7815,15.7,15.775,4349.0,CNNE
2025-11-11 12:15:00,15.71,15.71,15.7,15.7,1169.0,CNNE
2025-11-11 12:14:00,15.68,15.68,15.68,15.68,210.0,CNNE
2025-11-11 12:11:00,15.68,15.68,15.67,15.68,1888.0,CNNE
2025-11-11 12:10:00,15.71,15.71,15.695,15.695,1263.0,CNNE
2025-11-11 12:09:00,15.69,15.73,15.69,15.73,6797.0,CNNE
2025-11-11 12:08:00,15.69,15.69,15.69,15.69,614.0,CNNE
2025-11-11 12:07:00,15.705,15.705,15.68,15.68,1758.0,CNNE
2025-11-11 12:06:00,15.715,15.715,15.69,15.7,1758.0,CNNE
2025-11-11 12:04:00,15.715,15.715,15.7143,15.7143,816.0,CNNE
2025-11-11 12:03:00,15.72,15.72,15.72,15.72,707.0,CNNE
2025-11-11 12:02:00,15.7536,15.7536,15.735,15.7536,1239.0,CNNE
2025-11-11 12:01:00,15.77,15.775,15.73,15.73,4539.0,CNNE
2025-11-11 12:00:00,15.7274,15.77,15.71,15.75,4913.0,CNNE
2025-11-11 11:59:00,15.64,15.74,15.64,15.7397,7845.0,CNNE
2025-11-11 11:57:00,15.66,15.66,15.66,15.66,1269.0,CNNE
2025-11-11 11:56:00,15.64,15.64,15.64,15.64,120.0,CNNE
2025-11-11 11:55:00,15.645,15.67,15.645,15.66,3084.0,CNNE
2025-11-11 11:54:00,15.65,15.65,15.64,15.64,1505.0,CNNE
2025-11-11 11:53:00,15.665,15.68,15.665,15.675,1401.0,CNNE
2025-11-11 11:52:00,15.665,15.665,15.665,15.665,694.0,CNNE
2025-11-11 11:51:00,15.66,15.665,15.66,15.665,682.0,CNNE
2025-11-11 11:50:00,15.66,15.66,15.66,15.66,550.0,CNNE
2025-11-11 11:49:00,15.67,15.68,15.66,15.66,1275.0,CNNE
2025-11-11 11:46:00,15.695,15.695,15.695,15.695,286.0,CNNE
2025-11-11 11:45:00,15.72,15.72,15.67,15.695,2892.0,CNNE
2025-11-11 11:43:00,15.77,15.795,15.71,15.71,14138.0,CNNE
2025-11-11 11:42:00,15.8,15.81,15.75,15.78,8060.0,CNNE
2025-11-11 11:41:00,15.83,15.83,15.75,15.8,1673.0,CNNE
2025-11-11 11:40:00,15.78,15.84,15.78,15.83,2482.0,CNNE
2025-11-11 11:39:00,15.79,15.79,15.771,15.78,1002.0,CNNE
2025-11-11 11:38:00,15.84,15.845,15.79,15.79,2573.0,CNNE
2025-11-11 11:37:00,15.87,15.87,15.84,15.84,917.0,CNNE
2025-11-11 11:36:00,15.9,15.9,15.86,15.87,2162.0,CNNE
2025-11-11 11:35:00,15.89,15.9,15.88,15.88,1287.0,CNNE
2025-11-11 11:34:00,15.89,15.92,15.88,15.92,2339.0,CNNE
2025-11-11 11:33:00,15.88,15.88,15.88,15.88,1509.0,CNNE
2025-11-11 11:32:00,15.88,15.88,15.88,15.88,1127.0,CNNE
2025-11-11 11:30:00,15.9,15.9,15.87,15.88,2111.0,CNNE
2025-11-11 11:29:00,15.95,15.95,15.93,15.93,919.0,CNNE
2025-11-11 11:28:00,15.93,16.0,15.93,15.96,5498.0,CNNE
2025-11-11 11:27:00,15.91,15.91,15.91,15.91,280.0,CNNE
2025-11-11 11:26:00,15.8901,15.8901,15.8901,15.8901,281.0,CNNE
2025-11-11 11:25:00,15.96,15.975,15.91,15.91,3138.0,CNNE
2025-11-11 11:23:00,15.975,15.975,15.975,15.975,310.0,CNNE
2025-11-11 11:22:00,15.96,15.97,15.96,15.96,1397.0,CNNE
2025-11-11 11:21:00,15.95,15.95,15.94,15.94,1448.0,CNNE
2025-11-11 11:20:00,15.91,16.0,15.91,16.0,5926.0,CNNE
2025-11-11 11:19:00,16.07,16.07,15.95,15.96,6235.0,CNNE
2025-11-11 11:18:00,16.06,16.1,16.04,16.075,10144.0,CNNE
2025-11-11 11:16:00,16.035,16.1,16.035,16.08,5141.0,CNNE
2025-11-11 11:15:00,16.035,16.035,16.035,16.035,1084.0,CNNE
2025-11-11 11:14:00,16.05,16.05,16.02,16.035,4178.0,CNNE
2025-11-11 11:13:00,16.07,16.085,16.07,16.0825,1932.0,CNNE
2025-11-11 11:12:00,16.08,16.145,16.035,16.07,10932.0,CNNE
2025-11-11 11:11:00,16.1,16.1,16.05,16.08,8750.0,CNNE
2025-11-11 11:09:00,16.08,16.08,16.08,16.08,256.0,CNNE
2025-11-11 11:08:00,16.14,16.14,16.08,16.08,2978.0,CNNE
2025-11-11 11:07:00,16.15,16.155,16.15,16.155,1435.0,CNNE
2025-11-11 11:06:00,16.18,16.18,16.175,16.175,430.0,CNNE
2025-11-11 11:04:00,16.18,16.18,16.18,16.18,569.0,CNNE
2025-11-11 11:03:00,16.215,16.215,16.185,16.21,3264.0,CNNE
2025-11-11 11:02:00,16.15,16.205,16.15,16.19,7735.0,CNNE
2025-11-11 11:01:00,16.12,16.15,16.12,16.15,3497.0,CNNE
2025-11-11 11:00:00,16.14,16.14,16.12,16.12,666.0,CNNE
2025-11-11 10:59:00,16.125,16.15,16.1,16.14,3564.0,CNNE
2025-11-11 10:58:00,16.125,16.125,16.125,16.125,675.0,CNNE
2025-11-11 10:57:00,16.149,16.149,16.1221,16.125,2646.0,CNNE
2025-11-11 10:56:00,16.125,16.1495,16.125,16.125,724.0,CNNE
2025-11-11 10:55:00,16.185,16.185,16.11,16.12,2656.0,CNNE
2025-11-11 10:54:00,16.17,16.17,16.15,16.15,755.0,CNNE
2025-11-11 10:53:00,16.145,16.18,16.13,16.18,3596.0,CNNE
2025-11-11 10:52:00,16.125,16.19,16.125,16.13,8183.0,CNNE
2025-11-11 10:51:00,16.0329,16.12,16.02,16.12,6168.0,CNNE
2025-11-11 10:50:00,16.04,16.04,16.02,16.035,1614.0,CNNE
2025-11-11 10:49:00,16.055,16.055,16.055,16.055,180.0,CNNE
2025-11-11 10:48:00,16.055,16.055,16.055,16.055,209.0,CNNE
2025-11-11 10:47:00,16.095,16.095,16.05,16.05,1404.0,CNNE
2025-11-11 10:46:00,16.055,16.055,16.055,16.055,1362.0,CNNE
2025-11-11 10:45:00,16.025,16.055,16.025,16.055,1287.0,CNNE
2025-11-11 10:44:00,16.03,16.03,16.01,16.01,925.0,CNNE
2025-11-11 10:43:00,16.06,16.06,16.03,16.04,792.0,CNNE
2025-11-11 10:42:00,16.045,16.045,16.04,16.04,1450.0,CNNE
2025-11-11 10:41:00,16.03,16.03,16.02,16.02,1291.0,CNNE
2025-11-11 10:40:00,16.08,16.115,16.03,16.03,4173.0,CNNE
2025-11-11 10:39:00,16.09,16.09,16.09,16.09,1323.0,CNNE
2025-11-11 10:38:00,16.055,16.08,16.025,16.08,4567.0,CNNE
2025-11-11 10:37:00,16.045,16.1,16.03,16.055,6936.0,CNNE
2025-11-11 10:36:00,16.06,16.06,16.04,16.04,683.0,CNNE
2025-11-11 10:34:00,16.12,16.12,16.06,16.085,5013.0,CNNE
2025-11-11 10:32:00,16.147,16.15,16.147,16.15,439.0,CNNE
2025-11-11 10:31:00,16.19,16.19,16.15,16.15,2277.0,CNNE
2025-11-11 10:30:00,16.36,16.36,16.2,16.22,16406.0,CNNE
2025-11-11 10:29:00,16.335,16.4,16.335,16.4,4245.0,CNNE
2025-11-11 10:28:00,16.345,16.37,16.345,16.37,1770.0,CNNE
2025-11-11 10:27:00,16.345,16.345,16.345,16.345,339.0,CNNE
2025-11-11 10:26:00,16.345,16.35,16.345,16.345,1095.0,CNNE
2025-11-11 10:25:00,16.3,16.35,16.3,16.35,3147.0,CNNE
2025-11-11 10:23:00,16.3,16.3,16.28,16.28,591.0,CNNE
2025-11-11 10:21:00,16.285,16.33,16.25,16.28,3063.0,CNNE
2025-11-11 10:20:00,16.25,16.32,16.18,16.26,2818.0,CNNE
2025-11-11 10:19:00,16.32,16.32,16.19,16.19,1410.0,CNNE
2025-11-11 10:18:00,16.33,16.33,16.33,16.33,291.0,CNNE
2025-11-11 10:17:00,16.47,16.47,16.42,16.42,3200.0,CNNE
2025-11-11 10:16:00,16.58,16.58,16.47,16.47,691.0,CNNE
2025-11-11 10:15:00,16.47,16.47,16.47,16.47,200.0,CNNE
2025-11-11 10:14:00,16.65,16.65,16.48,16.48,5698.0,CNNE
2025-11-11 10:13:00,16.65,16.83,16.65,16.74,5689.0,CNNE
2025-11-11 10:12:00,16.5,16.64,16.5,16.605,8673.0,CNNE
2025-11-11 10:11:00,16.57,16.57,16.465,16.465,1786.0,CNNE
2025-11-11 10:09:00,16.6694,16.6694,16.58,16.59,1582.0,CNNE
2025-11-11 10:08:00,16.64,16.64,16.64,16.64,102.0,CNNE
2025-11-11 10:07:00,16.64,16.64,16.64,16.64,424.0,CNNE
2025-11-11 10:06:00,16.715,16.77,16.64,16.64,3036.0,CNNE
2025-11-11 10:05:00,16.72,16.72,16.715,16.715,1073.0,CNNE
2025-11-11 10:04:00,16.81,16.81,16.69,16.74,4346.0,CNNE
2025-11-11 10:03:00,16.85,16.85,16.845,16.845,200.0,CNNE
2025-11-11 10:02:00,16.86,16.86,16.85,16.85,466.0,CNNE
2025-11-11 10:01:00,16.92,16.975,16.8014,16.865,3746.0,CNNE
2025-11-11 10:00:00,16.92,16.94,16.825,16.825,3695.0,CNNE
2025-11-11 09:59:00,16.97,16.97,16.97,16.97,112.0,CNNE
2025-11-11 09:58:00,16.98,17.03,16.975,17.03,614.0,CNNE
2025-11-11 09:55:00,16.99,16.99,16.99,16.99,155.0,CNNE
2025-11-11 09:54:00,17.0,17.0,17.0,17.0,258.0,CNNE
2025-11-11 09:53:00,17.065,17.09,17.005,17.005,894.0,CNNE
2025-11-11 09:52:00,16.975,17.07,16.975,17.0,1802.0,CNNE
2025-11-11 09:51:00,17.04,17.04,16.92,16.975,4384.0,CNNE
2025-11-11 09:50:00,17.03,17.05,17.03,17.05,1885.0,CNNE
2025-11-11 09:49:00,16.975,16.975,16.91,16.975,991.0,CNNE
2025-11-11 09:48:00,17.04,17.05,16.895,16.975,3325.0,CNNE
2025-11-11 09:47:00,16.93,17.14,16.93,17.03,5339.0,CNNE
2025-11-11 09:46:00,17.0,17.0,16.92,16.93,4946.0,CNNE
2025-11-11 09:45:00,16.925,16.94,16.77,16.94,8382.0,CNNE
2025-11-11 09:44:00,16.945,16.945,16.945,16.945,429.0,CNNE
2025-11-11 09:42:00,16.945,16.945,16.945,16.945,345.0,CNNE
2025-11-11 09:40:00,16.95,16.95,16.95,16.95,744.0,CNNE
2025-11-11 09:37:00,16.955,16.955,16.955,16.955,279.0,CNNE
2025-11-11 09:36:00,16.955,16.955,16.955,16.955,177.0,CNNE
2025-11-11 09:35:00,16.96,16.96,16.96,16.96,222.0,CNNE
2025-11-11 09:34:00,17.005,17.005,16.96,16.96,943.0,CNNE
2025-11-11 09:33:00,17.005,17.005,17.005,17.005,2215.0,CNNE
2025-11-11 09:32:00,17.05,17.05,16.77,16.77,2968.0,CNNE
2025-11-11 09:31:00,17.92,17.925,17.53,17.53,3097.0,CNNE
2025-11-11 09:30:00,18.13,18.13,17.58,18.005,9575.0,CNNE
2025-11-11 09:28:00,17.58,17.58,17.58,17.58,88.0,CNNE
2025-11-11 09:12:00,17.59,17.59,17.59,17.59,150.0,CNNE
2025-11-10 19:00:00,17.24,17.24,17.24,17.24,83196.0,CNNE
2025-11-10 18:30:00,17.24,17.24,17.24,17.24,83196.0,CNNE
2025-11-10 16:43:00,17.24,17.24,17.24,17.24,562.0,CNNE
2025-11-10 16:21:00,17.7,17.7,17.7,17.7,7.0,CNNE
2025-11-10 16:12:00,17.18,17.19,17.18,17.19,909.0,CNNE
2025-11-10 16:10:00,17.24,17.24,17.24,17.24,83200.0,CNNE
2025-11-10 16:07:00,17.19,17.19,17.19,17.19,5.0,CNNE
2025-11-10 16:04:00,17.24,17.24,17.24,17.24,6.0,CNNE
2025-11-10 16:00:00,17.22,17.24,17.22,17.24,174753.0,CNNE
2025-11-10 15:59:00,17.25,17.25,17.2,17.22,54193.0,CNNE
2025-11-10 15:58:00,17.27,17.29,17.24,17.24,18994.0,CNNE
2025-11-10 15:57:00,17.31,17.31,17.26,17.28,16259.0,CNNE
2025-11-10 15:56:00,17.33,17.33,17.3,17.3,4624.0,CNNE
2025-11-10 15:55:00,17.32,17.33,17.3,17.325,8364.0,CNNE
2025-11-10 15:54:00,17.325,17.33,17.31,17.32,5566.0,CNNE
2025-11-10 15:53:00,17.33,17.35,17.32,17.32,5085.0,CNNE
2025-11-10 15:52:00,17.35,17.35,17.33,17.34,3286.0,CNNE
2025-11-10 15:51:00,17.36,17.36,17.34,17.34,4108.0,CNNE
2025-11-10 15:50:00,17.37,17.37,17.345,17.35,5966.0,CNNE
2025-11-10 15:49:00,17.405,17.405,17.365,17.365,8920.0,CNNE
2025-11-10 15:48:00,17.38,17.41,17.38,17.405,3767.0,CNNE
2025-11-10 15:47:00,17.38,17.4,17.38,17.4,3647.0,CNNE
2025-11-10 15:46:00,17.37,17.38,17.37,17.38,2552.0,CNNE
2025-11-10 15:45:00,17.39,17.39,17.37,17.38,5559.0,CNNE
2025-11-10 15:44:00,17.36,17.39,17.36,17.39,3278.0,CNNE
2025-11-10 15:43:00,17.355,17.36,17.34,17.36,2675.0,CNNE
2025-11-10 15:42:00,17.39,17.39,17.35,17.35,6504.0,CNNE
2025-11-10 15:41:00,17.375,17.41,17.375,17.3901,8665.0,CNNE
2025-11-10 15:40:00,17.375,17.38,17.375,17.375,2714.0,CNNE
2025-11-10 15:39:00,17.39,17.39,17.36,17.38,6004.0,CNNE
2025-11-10 15:38:00,17.37,17.39,17.37,17.385,3778.0,CNNE
2025-11-10 15:37:00,17.37,17.37,17.36,17.37,2486.0,CNNE
2025-11-10 15:36:00,17.38,17.38,17.36,17.37,7132.0,CNNE
2025-11-10 15:35:00,17.37,17.39,17.37,17.37,2805.0,CNNE
2025-11-10 15:34:00,17.39,17.4,17.36,17.385,3652.0,CNNE
2025-11-10 15:33:00,17.42,17.42,17.395,17.395,2774.0,CNNE
2025-11-10 15:32:00,17.475,17.475,17.405,17.41,6771.0,CNNE
2025-11-10 15:31:00,17.47,17.48,17.47,17.48,4041.0,CNNE
2025-11-10 15:30:00,17.47,17.47,17.46,17.47,1855.0,CNNE
2025-11-10 15:29:00,17.46,17.46,17.46,17.46,1105.0,CNNE
2025-11-10 15:28:00,17.47,17.47,17.46,17.46,4148.0,CNNE
2025-11-10 15:27:00,17.47,17.48,17.47,17.48,7267.0,CNNE
2025-11-10 15:26:00,17.47,17.47,17.47,17.47,223.0,CNNE
2025-11-10 15:25:00,17.48,17.48,17.47,17.47,968.0,CNNE
2025-11-10 15:24:00,17.49,17.49,17.47,17.47,2179.0,CNNE
2025-11-10 15:23:00,17.49,17.49,17.485,17.49,2986.0,CNNE
2025-11-10 15:21:00,17.51,17.51,17.5,17.5,2961.0,CNNE
2025-11-10 15:20:00,17.5,17.51,17.5,17.51,1070.0,CNNE
2025-11-10 15:18:00,17.5,17.5,17.5,17.5,1005.0,CNNE
2025-11-10 15:17:00,17.51,17.52,17.5,17.5,3991.0,CNNE
2025-11-10 15:16:00,17.53,17.53,17.52,17.52,1572.0,CNNE
2025-11-10 15:15:00,17.525,17.525,17.51,17.515,2605.0,CNNE
2025-11-10 15:14:00,17.515,17.53,17.51,17.51,2009.0,CNNE
2025-11-10 15:13:00,17.5,17.52,17.5,17.505,4588.0,CNNE
2025-11-10 15:12:00,17.515,17.515,17.495,17.5,8398.0,CNNE
2025-11-10 15:11:00,17.54,17.54,17.5,17.515,2939.0,CNNE
2025-11-10 15:10:00,17.54,17.55,17.535,17.545,5078.0,CNNE
2025-11-10 15:09:00,17.545,17.545,17.545,17.545,161.0,CNNE
2025-11-10 15:08:00,17.55,17.55,17.545,17.545,874.0,CNNE
2025-11-10 15:07:00,17.57,17.57,17.55,17.55,2343.0,CNNE
2025-11-10 15:06:00,17.57,17.57,17.57,17.57,507.0,CNNE
2025-11-10 15:05:00,17.58,17.58,17.57,17.57,647.0,CNNE
2025-11-10 15:04:00,17.57,17.57,17.57,17.57,652.0,CNNE
2025-11-10 15:03:00,17.56,17.57,17.56,17.565,1013.0,CNNE
2025-11-10 15:02:00,17.56,17.56,17.56,17.56,219.0,CNNE
2025-11-10 15:01:00,17.55,17.56,17.55,17.56,893.0,CNNE
2025-11-10 15:00:00,17.545,17.55,17.545,17.55,1297.0,CNNE
2025-11-10 14:59:00,17.53,17.54,17.53,17.54,2723.0,CNNE
2025-11-10 14:58:00,17.55,17.55,17.525,17.53,3591.0,CNNE
2025-11-10 14:57:00,17.55,17.55,17.55,17.55,280.0,CNNE
2025-11-10 14:56:00,17.565,17.565,17.565,17.565,446.0,CNNE
2025-11-10 14:55:00,17.55,17.565,17.54,17.55,2481.0,CNNE
2025-11-10 14:54:00,17.53,17.54,17.525,17.535,3490.0,CNNE
2025-11-10 14:53:00,17.54,17.54,17.54,17.54,392.0,CNNE
2025-11-10 14:52:00,17.54,17.54,17.53,17.53,1896.0,CNNE
2025-11-10 14:51:00,17.53,17.53,17.53,17.53,438.0,CNNE
2025-11-10 14:50:00,17.565,17.57,17.53,17.53,2841.0,CNNE
2025-11-10 14:49:00,17.61,17.61,17.565,17.565,4691.0,CNNE
2025-11-10 14:48:00,17.61,17.62,17.6,17.615,1614.0,CNNE
2025-11-10 14:47:00,17.615,17.615,17.61,17.615,2473.0,CNNE
2025-11-10 14:46:00,17.615,17.62,17.61,17.62,1293.0,CNNE
2025-11-10 14:44:00,17.61,17.615,17.61,17.61,988.0,CNNE
2025-11-10 14:43:00,17.61,17.62,17.61,17.61,10812.0,CNNE
2025-11-10 14:42:00,17.62,17.62,17.61,17.61,4388.0,CNNE
2025-11-10 14:41:00,17.58,17.61,17.58,17.61,3075.0,CNNE
2025-11-10 14:39:00,17.58,17.58,17.57,17.57,549.0,CNNE
2025-11-10 14:37:00,17.58,17.58,17.58,17.58,509.0,CNNE
2025-11-10 14:36:00,17.59,17.59,17.58,17.58,4408.0,CNNE
2025-11-10 14:35:00,17.58,17.58,17.58,17.58,501.0,CNNE
2025-11-10 14:34:00,17.5967,17.6,17.59,17.59,6692.0,CNNE
2025-11-10 14:33:00,17.6,17.6,17.6,17.6,225.0,CNNE
2025-11-10 14:32:00,17.6,17.6,17.6,17.6,737.0,CNNE
2025-11-10 14:31:00,17.6,17.6,17.6,17.6,926.0,CNNE
2025-11-10 14:30:00,17.6,17.61,17.59,17.6,8923.0,CNNE
2025-11-10 14:29:00,17.6084,17.61,17.6084,17.61,819.0,CNNE
2025-11-10 14:28:00,17.6,17.61,17.6,17.61,1326.0,CNNE
2025-11-10 14:27:00,17.6,17.6,17.6,17.6,445.0,CNNE
2025-11-10 14:23:00,17.6,17.6,17.6,17.6,385.0,CNNE
2025-11-10 14:22:00,17.6,17.6,17.6,17.6,256.0,CNNE
2025-11-10 14:21:00,17.6,17.6,17.6,17.6,520.0,CNNE
2025-11-10 14:18:00,17.6,17.6,17.6,17.6,1004.0,CNNE
2025-11-10 14:16:00,17.59,17.6,17.59,17.6,1875.0,CNNE
2025-11-10 14:15:00,17.59,17.59,17.59,17.59,334.0,CNNE
2025-11-10 14:12:00,17.6,17.6,17.59,17.59,2082.0,CNNE
2025-11-10 14:11:00,17.62,17.62,17.61,17.61,2473.0,CNNE
2025-11-10 14:10:00,17.62,17.621,17.62,17.62,2285.0,CNNE
2025-11-10 14:09:00,17.65,17.65,17.63,17.63,919.0,CNNE
2025-11-10 14:07:00,17.62,17.62,17.61,17.62,1060.0,CNNE
2025-11-10 14:06:00,17.61,17.62,17.61,17.62,1171.0,CNNE
2025-11-10 14:05:00,17.61,17.61,17.61,17.61,1589.0,CNNE
2025-11-10 14:04:00,17.61,17.61,17.61,17.61,680.0,CNNE
2025-11-10 14:03:00,17.6,17.6,17.6,17.6,482.0,CNNE
2025-11-10 14:02:00,17.6,17.61,17.6,17.61,3798.0,CNNE
2025-11-10 14:00:00,17.579,17.61,17.579,17.61,1723.0,CNNE
2025-11-10 13:59:00,17.58,17.58,17.58,17.58,1233.0,CNNE
2025-11-10 13:58:00,17.59,17.59,17.59,17.59,289.0,CNNE
2025-11-10 13:57:00,17.59,17.6,17.58,17.58,1319.0,CNNE
2025-11-10 13:56:00,17.605,17.605,17.605,17.605,182.0,CNNE
2025-11-10 13:55:00,17.58,17.58,17.58,17.58,1187.0,CNNE
2025-11-10 13:54:00,17.6,17.61,17.59,17.59,6238.0,CNNE
2025-11-10 13:53:00,17.6,17.6397,17.6,17.6,12517.0,CNNE
2025-11-10 13:52:00,17.59,17.6397,17.59,17.61,28853.0,CNNE
2025-11-10 13:51:00,17.58,17.6,17.56,17.59,15945.0,CNNE
2025-11-10 13:50:00,17.59,17.59,17.59,17.59,325.0,CNNE
2025-11-10 13:49:00,17.58,17.58,17.58,17.58,353.0,CNNE
2025-11-10 13:47:00,17.58,17.58,17.58,17.58,597.0,CNNE
2025-11-10 13:46:00,17.59,17.59,17.58,17.59,3623.0,CNNE
2025-11-10 13:42:00,17.6,17.6,17.6,17.6,629.0,CNNE
2025-11-10 13:41:00,17.601,17.601,17.601,17.601,625.0,CNNE
2025-11-10 13:40:00,17.6,17.6,17.5996,17.5996,730.0,CNNE
2025-11-10 13:39:00,17.6,17.6,17.59,17.59,2163.0,CNNE
2025-11-10 13:36:00,17.6,17.61,17.6,17.61,441.0,CNNE
2025-11-10 13:34:00,17.61,17.61,17.6,17.6,2373.0,CNNE
2025-11-10 13:33:00,17.625,17.625,17.62,17.62,1027.0,CNNE
2025-11-10 13:32:00,17.62,17.63,17.62,17.62,816.0,CNNE
2025-11-10 13:31:00,17.62,17.621,17.62,17.62,1107.0,CNNE
2025-11-10 13:30:00,17.62,17.62,17.62,17.62,336.0,CNNE
2025-11-10 13:29:00,17.6,17.62,17.6,17.62,3112.0,CNNE
2025-11-10 13:28:00,17.595,17.595,17.595,17.595,229.0,CNNE
2025-11-10 13:27:00,17.595,17.595,17.595,17.595,356.0,CNNE
2025-11-10 13:26:00,17.6,17.6,17.6,17.6,534.0,CNNE
2025-11-10 13:25:00,17.6,17.61,17.59,17.59,4007.0,CNNE
2025-11-10 13:23:00,17.61,17.61,17.6,17.605,1345.0,CNNE
2025-11-10 13:22:00,17.61,17.61,17.61,17.61,159.0,CNNE
2025-11-10 13:21:00,17.61,17.61,17.61,17.61,122.0,CNNE
2025-11-10 13:20:00,17.61,17.61,17.61,17.61,2492.0,CNNE
2025-11-10 13:19:00,17.62,17.623,17.62,17.62,743.0,CNNE
2025-11-10 13:18:00,17.62,17.62,17.62,17.62,845.0,CNNE
2025-11-10 13:17:00,17.62,17.62,17.61,17.61,3049.0,CNNE
2025-11-10 13:15:00,17.63,17.63,17.62,17.62,1035.0,CNNE
2025-11-10 13:14:00,17.63,17.63,17.63,17.63,179.0,CNNE
2025-11-10 13:13:00,17.63,17.63,17.63,17.63,120.0,CNNE
2025-11-10 13:11:00,17.63,17.63,17.63,17.63,332.0,CNNE
2025-11-10 13:10:00,17.63,17.63,17.62,17.62,1677.0,CNNE
2025-11-10 13:09:00,17.63,17.635,17.63,17.635,820.0,CNNE
2025-11-10 13:08:00,17.65,17.66,17.62,17.635,5416.0,CNNE
2025-11-10 13:06:00,17.65,17.65,17.65,17.65,440.0,CNNE
2025-11-10 13:05:00,17.635,17.635,17.63,17.635,940.0,CNNE
2025-11-10 13:03:00,17.625,17.63,17.625,17.63,598.0,CNNE
2025-11-10 13:01:00,17.64,17.64,17.62,17.62,1361.0,CNNE
2025-11-10 12:59:00,17.625,17.625,17.61,17.625,860.0,CNNE
2025-11-10 12:58:00,17.625,17.625,17.625,17.625,270.0,CNNE
2025-11-10 12:57:00,17.635,17.635,17.62,17.62,1414.0,CNNE
2025-11-10 12:55:00,17.655,17.66,17.63,17.63,2446.0,CNNE
2025-11-10 12:54:00,17.66,17.66,17.66,17.66,318.0,CNNE
2025-11-10 12:53:00,17.63,17.65,17.63,17.65,1382.0,CNNE
2025-11-10 12:52:00,17.595,17.63,17.59,17.615,4506.0,CNNE
2025-11-10 12:51:00,17.6,17.6,17.59,17.595,1890.0,CNNE
2025-11-10 12:50:00,17.595,17.595,17.595,17.595,1298.0,CNNE
2025-11-10 12:49:00,17.6,17.6,17.59,17.6,5063.0,CNNE
2025-11-10 12:48:00,17.63,17.63,17.59,17.595,6246.0,CNNE
2025-11-10 12:47:00,17.65,17.65,17.62,17.62,3358.0,CNNE
2025-11-10 12:46:00,17.64,17.64,17.64,17.64,268.0,CNNE
2025-11-10 12:45:00,17.63,17.64,17.63,17.64,1384.0,CNNE
2025-11-10 12:44:00,17.63,17.63,17.63,17.63,648.0,CNNE
2025-11-10 12:43:00,17.62,17.62,17.61,17.62,1020.0,CNNE
2025-11-10 12:42:00,17.62,17.63,17.62,17.63,908.0,CNNE
2025-11-10 12:41:00,17.61,17.62,17.61,17.62,3188.0,CNNE
2025-11-10 12:40:00,17.6,17.6,17.6,17.6,755.0,CNNE
2025-11-10 12:39:00,17.6,17.6,17.6,17.6,411.0,CNNE
2025-11-10 12:35:00,17.6,17.6,17.6,17.6,575.0,CNNE
2025-11-10 12:33:00,17.6,17.6,17.6,17.6,180.0,CNNE
2025-11-10 12:32:00,17.6,17.6,17.595,17.595,311.0,CNNE
2025-11-10 12:31:00,17.59,17.61,17.59,17.61,292.0,CNNE
2025-11-10 12:30:00,17.59,17.59,17.59,17.59,204.0,CNNE
2025-11-10 12:29:00,17.59,17.59,17.58,17.58,2438.0,CNNE
2025-11-10 12:26:00,17.595,17.595,17.595,17.595,367.0,CNNE
2025-11-10 12:25:00,17.5951,17.5951,17.58,17.58,2981.0,CNNE
2025-11-10 12:24:00,17.605,17.605,17.605,17.605,812.0,CNNE
2025-11-10 12:23:00,17.6,17.605,17.6,17.605,414.0,CNNE
2025-11-10 12:22:00,17.6,17.61,17.6,17.605,2572.0,CNNE
2025-11-10 12:21:00,17.6,17.6,17.59,17.595,2377.0,CNNE
2025-11-10 12:20:00,17.58,17.6,17.58,17.595,2316.0,CNNE
2025-11-10 12:18:00,17.6,17.6,17.6,17.6,799.0,CNNE
2025-11-10 12:17:00,17.595,17.595,17.595,17.595,343.0,CNNE
2025-11-10 12:16:00,17.59,17.595,17.59,17.59,737.0,CNNE
2025-11-10 12:15:00,17.59,17.59,17.59,17.59,330.0,CNNE
2025-11-10 12:14:00,17.605,17.605,17.6,17.6,511.0,CNNE
2025-11-10 12:13:00,17.6,17.6,17.59,17.59,473.0,CNNE
2025-11-10 12:12:00,17.61,17.615,17.6,17.61,1363.0,CNNE
2025-11-10 12:11:00,17.61,17.63,17.61,17.615,2772.0,CNNE
2025-11-10 12:10:00,17.595,17.595,17.595,17.595,159.0,CNNE
2025-11-10 12:08:00,17.6,17.61,17.58,17.58,5684.0,CNNE
2025-11-10 12:07:00,17.58,17.61,17.58,17.6,6142.0,CNNE
2025-11-10 12:05:00,17.58,17.58,17.58,17.58,480.0,CNNE
2025-11-10 12:04:00,17.58,17.58,17.58,17.58,703.0,CNNE
2025-11-10 12:03:00,17.58,17.58,17.58,17.58,333.0,CNNE
2025-11-10 12:01:00,17.57,17.575,17.57,17.575,685.0,CNNE
2025-11-10 12:00:00,17.56,17.56,17.56,17.56,288.0,CNNE
2025-11-10 11:59:00,17.555,17.56,17.555,17.56,1466.0,CNNE
2025-11-10 11:56:00,17.555,17.56,17.555,17.555,692.0,CNNE
2025-11-10 11:55:00,17.555,17.555,17.555,17.555,278.0,CNNE
2025-11-10 11:54:00,17.55,17.55,17.55,17.55,522.0,CNNE
2025-11-10 11:53:00,17.56,17.56,17.56,17.56,316.0,CNNE
2025-11-10 11:52:00,17.56,17.56,17.56,17.56,223.0,CNNE
2025-11-10 11:51:00,17.56,17.56,17.56,17.56,293.0,CNNE
2025-11-10 11:50:00,17.56,17.56,17.55,17.55,681.0,CNNE
2025-11-10 11:48:00,17.56,17.56,17.56,17.56,1064.0,CNNE
2025-11-10 11:45:00,17.575,17.575,17.57,17.57,346.0,CNNE
2025-11-10 11:44:00,17.55,17.57,17.55,17.57,1512.0,CNNE
2025-11-10 11:43:00,17.55,17.55,17.55,17.55,331.0,CNNE
2025-11-10 11:42:00,17.53,17.54,17.53,17.54,510.0,CNNE
2025-11-10 11:41:00,17.52,17.52,17.52,17.52,225.0,CNNE
2025-11-10 11:40:00,17.53,17.53,17.52,17.52,1967.0,CNNE
2025-11-10 11:39:00,17.5203,17.5203,17.52,17.52,532.0,CNNE
2025-11-10 11:37:00,17.53,17.53,17.525,17.525,891.0,CNNE
2025-11-10 11:36:00,17.54,17.54,17.515,17.52,2533.0,CNNE
2025-11-10 11:34:00,17.545,17.545,17.53,17.54,2346.0,CNNE
2025-11-10 11:33:00,17.545,17.545,17.545,17.545,181.0,CNNE
2025-11-10 11:32:00,17.53,17.545,17.53,17.545,721.0,CNNE
2025-11-10 11:29:00,17.545,17.545,17.545,17.545,155.0,CNNE
2025-11-10 11:28:00,17.545,17.545,17.53,17.53,749.0,CNNE
2025-11-10 11:27:00,17.545,17.545,17.545,17.545,472.0,CNNE
2025-11-10 11:26:00,17.57,17.57,17.55,17.55,2764.0,CNNE
2025-11-10 11:24:00,17.57,17.57,17.56,17.57,618.0,CNNE
2025-11-10 11:23:00,17.59,17.59,17.56,17.57,3722.0,CNNE
2025-11-10 11:22:00,17.58,17.59,17.58,17.59,314.0,CNNE
2025-11-10 11:21:00,17.58,17.58,17.58,17.58,1597.0,CNNE
2025-11-10 11:20:00,17.57,17.575,17.57,17.575,465.0,CNNE
2025-11-10 11:19:00,17.57,17.57,17.57,17.57,491.0,CNNE
2025-11-10 11:18:00,17.57,17.58,17.56,17.57,3484.0,CNNE
2025-11-10 11:17:00,17.56,17.56,17.56,17.56,589.0,CNNE
2025-11-10 11:16:00,17.57,17.575,17.56,17.575,4325.0,CNNE
2025-11-10 11:15:00,17.58,17.58,17.58,17.58,906.0,CNNE
2025-11-10 11:14:00,17.59,17.59,17.58,17.59,2404.0,CNNE
2025-11-10 11:13:00,17.59,17.6,17.58,17.58,5322.0,CNNE
2025-11-10 11:12:00,17.585,17.585,17.57,17.585,1043.0,CNNE
2025-11-10 11:11:00,17.58,17.585,17.58,17.585,878.0,CNNE
2025-11-10 11:08:00,17.555,17.555,17.555,17.555,570.0,CNNE
2025-11-10 11:07:00,17.55,17.56,17.55,17.55,838.0,CNNE
2025-11-10 11:06:00,17.53,17.54,17.53,17.54,569.0,CNNE
2025-11-10 11:05:00,17.525,17.53,17.525,17.525,434.0,CNNE
2025-11-10 11:03:00,17.53,17.53,17.53,17.53,352.0,CNNE
2025-11-10 11:02:00,17.56,17.58,17.505,17.505,10489.0,CNNE
2025-11-10 11:01:00,17.56,17.56,17.56,17.56,4022.0,CNNE
2025-11-10 11:00:00,17.56,17.56,17.56,17.56,404.0,CNNE
2025-11-10 10:59:00,17.56,17.56,17.56,17.56,453.0,CNNE
2025-11-10 10:58:00,17.56,17.56,17.56,17.56,1019.0,CNNE
2025-11-10 10:57:00,17.56,17.56,17.56,17.56,995.0,CNNE
2025-11-10 10:55:00,17.545,17.545,17.545,17.545,310.0,CNNE
2025-11-10 10:53:00,17.51,17.55,17.51,17.55,1617.0,CNNE
2025-11-10 10:52:00,17.525,17.525,17.525,17.525,227.0,CNNE
2025-11-10 10:50:00,17.525,17.525,17.525,17.525,135.0,CNNE
2025-11-10 10:49:00,17.52,17.52,17.52,17.52,301.0,CNNE
2025-11-10 10:47:00,17.515,17.53,17.51,17.52,1575.0,CNNE
2025-11-10 10:43:00,17.52,17.52,17.52,17.52,554.0,CNNE
2025-11-10 10:41:00,17.52,17.52,17.52,17.52,296.0,CNNE
2025-11-10 10:40:00,17.52,17.52,17.52,17.52,297.0,CNNE
2025-11-10 10:39:00,17.555,17.555,17.53,17.54,2865.0,CNNE
2025-11-10 10:38:00,17.555,17.555,17.555,17.555,366.0,CNNE
2025-11-10 10:34:00,17.55,17.55,17.55,17.55,451.0,CNNE
2025-11-10 10:33:00,17.55,17.55,17.55,17.55,238.0,CNNE
2025-11-10 10:31:00,17.555,17.555,17.555,17.555,177.0,CNNE
2025-11-10 10:30:00,17.54,17.55,17.54,17.55,483.0,CNNE
2025-11-10 10:28:00,17.54,17.56,17.53,17.56,2014.0,CNNE
2025-11-10 10:27:00,17.53,17.54,17.53,17.53,2765.0,CNNE
2025-11-10 10:26:00,17.515,17.515,17.5,17.505,2057.0,CNNE
2025-11-10 10:23:00,17.515,17.515,17.515,17.515,247.0,CNNE
2025-11-10 10:22:00,17.515,17.515,17.515,17.515,563.0,CNNE
2025-11-10 10:21:00,17.52,17.53,17.515,17.515,1523.0,CNNE
2025-11-10 10:19:00,17.505,17.505,17.49,17.49,478.0,CNNE
2025-11-10 10:18:00,17.51,17.51,17.51,17.51,336.0,CNNE
2025-11-10 10:17:00,17.5099,17.5099,17.5099,17.5099,565.0,CNNE
2025-11-10 10:16:00,17.51,17.51,17.49,17.49,1609.0,CNNE
2025-11-10 10:15:00,17.51,17.51,17.51,17.51,297.0,CNNE
2025-11-10 10:14:00,17.51,17.51,17.51,17.51,245.0,CNNE
2025-11-10 10:13:00,17.51,17.51,17.51,17.51,243.0,CNNE
2025-11-10 10:12:00,17.51,17.51,17.51,17.51,587.0,CNNE
2025-11-10 10:10:00,17.45,17.46,17.45,17.46,976.0,CNNE
2025-11-10 10:08:00,17.445,17.445,17.445,17.445,401.0,CNNE
2025-11-10 10:07:00,17.48,17.48,17.48,17.48,336.0,CNNE
2025-11-10 10:06:00,17.455,17.455,17.455,17.455,517.0,CNNE
2025-11-10 10:03:00,17.445,17.445,17.44,17.44,322.0,CNNE
2025-11-10 10:02:00,17.445,17.445,17.445,17.445,459.0,CNNE
2025-11-10 10:01:00,17.45,17.45,17.45,17.45,619.0,CNNE
2025-11-10 10:00:00,17.46,17.46,17.45,17.45,2255.0,CNNE
2025-11-10 09:59:00,17.5,17.5,17.5,17.5,641.0,CNNE
2025-11-10 09:57:00,17.47,17.47,17.47,17.47,245.0,CNNE
2025-11-10 09:55:00,17.49,17.49,17.49,17.49,126.0,CNNE
2025-11-10 09:53:00,17.45,17.45,17.45,17.45,199.0,CNNE
2025-11-10 09:52:00,17.475,17.5,17.45,17.47,1705.0,CNNE
2025-11-10 09:49:00,17.49,17.49,17.49,17.49,452.0,CNNE
2025-11-10 09:47:00,17.49,17.49,17.45,17.45,331.0,CNNE
2025-11-10 09:46:00,17.47,17.47,17.47,17.47,567.0,CNNE
2025-11-10 09:45:00,17.445,17.445,17.445,17.445,134.0,CNNE
2025-11-10 09:43:00,17.405,17.46,17.405,17.44,1450.0,CNNE
2025-11-10 09:42:00,17.44,17.44,17.41,17.41,967.0,CNNE
2025-11-10 09:41:00,17.46,17.475,17.46,17.475,674.0,CNNE
2025-11-10 09:39:00,17.465,17.51,17.465,17.51,1671.0,CNNE
2025-11-10 09:38:00,17.46,17.49,17.43,17.43,1996.0,CNNE
2025-11-10 09:36:00,17.47,17.495,17.47,17.495,731.0,CNNE
2025-11-10 09:35:00,17.4933,17.4933,17.4933,17.4933,115.0,CNNE
2025-11-10 09:31:00,17.44,17.51,17.335,17.46,2638.0,CNNE
2025-11-10 09:30:00,17.46,17.46,17.21,17.21,1437.0,CNNE
2025-11-10 08:00:00,17.96,17.96,17.96,17.96,500.0,CNNE
2025-11-07 19:00:00,17.36,17.36,17.36,17.36,59945.0,CNNE
2025-11-07 18:30:00,17.36,17.36,17.36,17.36,59945.0,CNNE
2025-11-07 17:58:00,17.7,17.7,17.7,17.7,500.0,CNNE
2025-11-07 16:14:00,17.36,17.36,17.36,17.36,488.0,CNNE
2025-11-07 16:10:00,17.36,17.36,17.36,17.36,59947.0,CNNE
2025-11-07 16:04:00,17.36,17.36,17.36,17.36,5.0,CNNE
2025-11-07 16:02:00,17.36,17.36,17.36,17.36,1086.0,CNNE
2025-11-07 16:01:00,17.36,17.36,17.36,17.36,1022.0,CNNE
2025-11-07 16:00:00,17.355,17.36,17.35,17.36,126406.0,CNNE
2025-11-07 15:59:00,17.35,17.36,17.33,17.35,22891.0,CNNE
2025-11-07 15:58:00,17.36,17.365,17.35,17.35,7713.0,CNNE
2025-11-07 15:57:00,17.35,17.38,17.34,17.37,5950.0,CNNE
2025-11-07 15:56:00,17.36,17.37,17.34,17.35,14789.0,CNNE
2025-11-07 15:55:00,17.35,17.36,17.35,17.35,5903.0,CNNE
2025-11-07 15:54:00,17.355,17.36,17.35,17.35,4026.0,CNNE
2025-11-07 15:53:00,17.36,17.37,17.36,17.36,3018.0,CNNE
2025-11-07 15:52:00,17.37,17.37,17.365,17.365,1909.0,CNNE
2025-11-07 15:51:00,17.39,17.39,17.38,17.38,2701.0,CNNE
2025-11-07 15:50:00,17.37,17.395,17.37,17.395,2021.0,CNNE
2025-11-07 15:49:00,17.37,17.37,17.37,17.37,1827.0,CNNE
2025-11-07 15:48:00,17.38,17.39,17.375,17.375,2411.0,CNNE
2025-11-07 15:47:00,17.38,17.38,17.38,17.38,714.0,CNNE
2025-11-07 15:46:00,17.355,17.38,17.355,17.38,3514.0,CNNE
2025-11-07 15:45:00,17.39,17.39,17.355,17.355,6053.0,CNNE
2025-11-07 15:44:00,17.39,17.39,17.39,17.39,2278.0,CNNE
2025-11-07 15:43:00,17.39,17.39,17.39,17.39,2075.0,CNNE
2025-11-07 15:41:00,17.395,17.395,17.395,17.395,1097.0,CNNE
2025-11-07 15:40:00,17.37,17.385,17.37,17.385,2648.0,CNNE
2025-11-07 15:39:00,17.365,17.37,17.365,17.37,1082.0,CNNE
2025-11-07 15:38:00,17.36,17.36,17.36,17.36,980.0,CNNE
2025-11-07 15:37:00,17.37,17.37,17.365,17.37,3609.0,CNNE
2025-11-07 15:36:00,17.37,17.375,17.37,17.375,3445.0,CNNE
2025-11-07 15:35:00,17.36,17.36,17.36,17.36,545.0,CNNE
2025-11-07 15:34:00,17.36,17.3691,17.35,17.36,1238.0,CNNE
2025-11-07 15:32:00,17.36,17.36,17.36,17.36,1294.0,CNNE
2025-11-07 15:30:00,17.36,17.36,17.35,17.36,2370.0,CNNE
2025-11-07 15:29:00,17.35,17.35,17.35,17.35,551.0,CNNE
2025-11-07 15:28:00,17.3596,17.3596,17.3596,17.3596,709.0,CNNE
2025-11-07 15:27:00,17.33,17.35,17.33,17.35,1523.0,CNNE
2025-11-07 15:26:00,17.33,17.34,17.33,17.34,2053.0,CNNE
2025-11-07 15:25:00,17.34,17.34,17.34,17.34,336.0,CNNE
2025-11-07 15:24:00,17.35,17.35,17.33,17.33,2237.0,CNNE
2025-11-07 15:23:00,17.35,17.36,17.35,17.36,1791.0,CNNE
2025-11-07 15:22:00,17.36,17.36,17.36,17.36,555.0,CNNE
2025-11-07 15:21:00,17.36,17.36,17.36,17.36,477.0,CNNE
2025-11-07 15:20:00,17.36,17.36,17.36,17.36,2407.0,CNNE
2025-11-07 15:19:00,17.385,17.385,17.385,17.385,391.0,CNNE
2025-11-07 15:16:00,17.35,17.36,17.345,17.36,4546.0,CNNE
2025-11-07 15:15:00,17.36,17.36,17.36,17.36,1938.0,CNNE
2025-11-07 15:14:00,17.36,17.36,17.36,17.36,371.0,CNNE
2025-11-07 15:12:00,17.38,17.38,17.37,17.37,2695.0,CNNE
2025-11-07 15:10:00,17.377,17.38,17.377,17.38,524.0,CNNE
2025-11-07 15:09:00,17.38,17.38,17.38,17.38,968.0,CNNE
2025-11-07 15:08:00,17.36,17.37,17.35,17.37,3732.0,CNNE
2025-11-07 15:07:00,17.36,17.36,17.35,17.35,2401.0,CNNE
2025-11-07 15:06:00,17.37,17.37,17.35,17.35,1768.0,CNNE
2025-11-07 15:05:00,17.36,17.36,17.36,17.36,601.0,CNNE
2025-11-07 15:04:00,17.37,17.37,17.37,17.37,345.0,CNNE
2025-11-07 15:02:00,17.39,17.39,17.37,17.37,3682.0,CNNE
2025-11-07 14:59:00,17.39,17.39,17.39,17.39,1250.0,CNNE
2025-11-07 14:58:00,17.39,17.39,17.39,17.39,415.0,CNNE
2025-11-07 14:57:00,17.39,17.39,17.39,17.39,2810.0,CNNE
2025-11-07 14:54:00,17.39,17.39,17.39,17.39,301.0,CNNE
2025-11-07 14:53:00,17.4,17.4,17.4,17.4,517.0,CNNE
2025-11-07 14:52:00,17.4,17.4,17.4,17.4,1852.0,CNNE
2025-11-07 14:49:00,17.39,17.39,17.39,17.39,1528.0,CNNE
2025-11-07 14:47:00,17.38,17.38,17.38,17.38,1577.0,CNNE
2025-11-07 14:46:00,17.39,17.39,17.39,17.39,446.0,CNNE
2025-11-07 14:45:00,17.4,17.4,17.38,17.39,4613.0,CNNE
2025-11-07 14:44:00,17.4,17.405,17.4,17.405,872.0,CNNE
2025-11-07 14:43:00,17.405,17.42,17.4,17.42,2144.0,CNNE
2025-11-07 14:42:00,17.405,17.4221,17.405,17.4221,782.0,CNNE
2025-11-07 14:41:00,17.38,17.385,17.38,17.385,716.0,CNNE
2025-11-07 14:40:00,17.35,17.36,17.35,17.36,1291.0,CNNE
2025-11-07 14:39:00,17.36,17.36,17.36,17.36,424.0,CNNE
2025-11-07 14:38:00,17.355,17.355,17.355,17.355,718.0,CNNE
2025-11-07 14:36:00,17.34,17.34,17.34,17.34,295.0,CNNE
2025-11-07 14:35:00,17.35,17.355,17.35,17.355,1189.0,CNNE
2025-11-07 14:34:00,17.36,17.36,17.36,17.36,130.0,CNNE
2025-11-07 14:32:00,17.365,17.365,17.35,17.35,931.0,CNNE
2025-11-07 14:31:00,17.345,17.345,17.345,17.345,485.0,CNNE
2025-11-07 14:30:00,17.33,17.34,17.33,17.34,2723.0,CNNE
2025-11-07 14:29:00,17.33,17.33,17.33,17.33,324.0,CNNE
2025-11-07 14:28:00,17.33,17.33,17.33,17.33,494.0,CNNE
2025-11-07 14:26:00,17.33,17.33,17.33,17.33,1319.0,CNNE
2025-11-07 14:25:00,17.33,17.33,17.33,17.33,321.0,CNNE
2025-11-07 14:24:00,17.33,17.33,17.33,17.33,599.0,CNNE
2025-11-07 14:23:00,17.33,17.33,17.33,17.33,2317.0,CNNE
2025-11-07 14:22:00,17.33,17.33,17.33,17.33,404.0,CNNE
2025-11-07 14:19:00,17.37,17.37,17.345,17.345,443.0,CNNE
2025-11-07 14:18:00,17.315,17.33,17.315,17.33,1445.0,CNNE
2025-11-07 14:17:00,17.3,17.3,17.3,17.3,401.0,CNNE
2025-11-07 14:14:00,17.29,17.3,17.29,17.3,739.0,CNNE
2025-11-07 14:13:00,17.29,17.29,17.285,17.29,1982.0,CNNE
2025-11-07 14:12:00,17.29,17.29,17.29,17.29,265.0,CNNE
2025-11-07 14:11:00,17.29,17.29,17.29,17.29,2079.0,CNNE
2025-11-07 14:10:00,17.29,17.3,17.29,17.29,3817.0,CNNE
2025-11-07 14:07:00,17.3,17.3,17.3,17.3,909.0,CNNE
2025-11-07 14:06:00,17.3,17.31,17.3,17.31,1192.0,CNNE
2025-11-07 14:05:00,17.3,17.3,17.3,17.3,225.0,CNNE
2025-11-07 14:02:00,17.31,17.31,17.3,17.3,2005.0,CNNE
2025-11-07 14:00:00,17.295,17.3,17.295,17.3,991.0,CNNE
2025-11-07 13:58:00,17.295,17.295,17.295,17.295,227.0,CNNE
2025-11-07 13:57:00,17.28,17.29,17.28,17.29,735.0,CNNE
2025-11-07 13:55:00,17.27,17.27,17.27,17.27,1085.0,CNNE
2025-11-07 13:54:00,17.26,17.27,17.26,17.26,1083.0,CNNE
2025-11-07 13:52:00,17.27,17.27,17.27,17.27,1016.0,CNNE
2025-11-07 13:50:00,17.28,17.287,17.28,17.2801,2335.0,CNNE
2025-11-07 13:47:00,17.29,17.29,17.29,17.29,2295.0,CNNE
2025-11-07 13:45:00,17.305,17.305,17.305,17.305,140.0,CNNE
2025-11-07 13:44:00,17.305,17.305,17.305,17.305,251.0,CNNE
2025-11-07 13:43:00,17.31,17.32,17.3,17.305,5019.0,CNNE
2025-11-07 13:42:00,17.325,17.325,17.325,17.325,679.0,CNNE
2025-11-07 13:39:00,17.33,17.34,17.325,17.325,1902.0,CNNE
2025-11-07 13:36:00,17.3,17.32,17.3,17.32,618.0,CNNE
2025-11-07 13:33:00,17.315,17.315,17.315,17.315,378.0,CNNE
2025-11-07 13:32:00,17.325,17.325,17.2975,17.2975,2054.0,CNNE
2025-11-07 13:31:00,17.3,17.3,17.3,17.3,356.0,CNNE
2025-11-07 13:30:00,17.29,17.29,17.29,17.29,387.0,CNNE
2025-11-07 13:29:00,17.27,17.29,17.27,17.29,2170.0,CNNE
2025-11-07 13:27:00,17.27,17.27,17.27,17.27,141.0,CNNE
2025-11-07 13:26:00,17.27,17.27,17.27,17.27,2524.0,CNNE
2025-11-07 13:23:00,17.27,17.27,17.27,17.27,1160.0,CNNE
2025-11-07 13:20:00,17.27,17.27,17.27,17.27,216.0,CNNE
2025-11-07 13:19:00,17.245,17.27,17.23,17.27,2181.0,CNNE
2025-11-07 13:17:00,17.23,17.23,17.23,17.23,1132.0,CNNE
2025-11-07 13:15:00,17.24,17.24,17.23,17.23,1418.0,CNNE
2025-11-07 13:14:00,17.25,17.25,17.25,17.25,561.0,CNNE
2025-11-07 13:13:00,17.24,17.24,17.24,17.24,401.0,CNNE
2025-11-07 13:12:00,17.24,17.24,17.24,17.24,438.0,CNNE
2025-11-07 13:11:00,17.28,17.28,17.24,17.24,4178.0,CNNE
2025-11-07 13:08:00,17.29,17.29,17.29,17.29,401.0,CNNE
2025-11-07 13:06:00,17.28,17.28,17.28,17.28,573.0,CNNE
2025-11-07 13:05:00,17.32,17.327,17.28,17.28,4403.0,CNNE
2025-11-07 13:02:00,17.32,17.32,17.32,17.32,793.0,CNNE
2025-11-07 13:00:00,17.32,17.32,17.32,17.32,1265.0,CNNE
2025-11-07 12:58:00,17.3,17.31,17.3,17.31,569.0,CNNE
2025-11-07 12:57:00,17.29,17.29,17.29,17.29,374.0,CNNE
2025-11-07 12:56:00,17.29,17.29,17.29,17.29,328.0,CNNE
2025-11-07 12:54:00,17.29,17.29,17.275,17.28,3493.0,CNNE
2025-11-07 12:51:00,17.3,17.302,17.3,17.3,1185.0,CNNE
2025-11-07 12:49:00,17.3001,17.3001,17.3001,17.3001,303.0,CNNE
2025-11-07 12:48:00,17.32,17.32,17.31,17.31,2079.0,CNNE
2025-11-07 12:46:00,17.32,17.32,17.32,17.32,511.0,CNNE
2025-11-07 12:45:00,17.32,17.32,17.32,17.32,594.0,CNNE
2025-11-07 12:43:00,17.31,17.31,17.31,17.31,366.0,CNNE
2025-11-07 12:42:00,17.3,17.31,17.3,17.31,1177.0,CNNE
2025-11-07 12:41:00,17.3,17.3,17.29,17.29,1492.0,CNNE
2025-11-07 12:40:00,17.3084,17.3084,17.3084,17.3084,1025.0,CNNE
2025-11-07 12:38:00,17.31,17.3165,17.31,17.31,2031.0,CNNE
2025-11-07 12:35:00,17.32,17.32,17.315,17.315,2675.0,CNNE
2025-11-07 12:32:00,17.33,17.33,17.33,17.33,239.0,CNNE
2025-11-07 12:31:00,17.32,17.32,17.32,17.32,454.0,CNNE
2025-11-07 12:28:00,17.31,17.32,17.31,17.32,331.0,CNNE
2025-11-07 12:27:00,17.31,17.32,17.31,17.32,616.0,CNNE
2025-11-07 12:26:00,17.29,17.3,17.29,17.3,1135.0,CNNE
2025-11-07 12:25:00,17.29,17.29,17.29,17.29,471.0,CNNE
2025-11-07 12:23:00,17.29,17.29,17.29,17.29,380.0,CNNE
2025-11-07 12:20:00,17.28,17.285,17.28,17.285,1373.0,CNNE
2025-11-07 12:18:00,17.275,17.28,17.275,17.28,755.0,CNNE
2025-11-07 12:17:00,17.27,17.28,17.27,17.27,3509.0,CNNE
2025-11-07 12:16:00,17.28,17.28,17.28,17.28,465.0,CNNE
2025-11-07 12:15:00,17.27,17.27,17.27,17.27,1204.0,CNNE
2025-11-07 12:14:00,17.265,17.28,17.265,17.28,985.0,CNNE
2025-11-07 12:09:00,17.245,17.245,17.245,17.245,465.0,CNNE
2025-11-07 12:06:00,17.24,17.24,17.24,17.24,731.0,CNNE
2025-11-07 12:05:00,17.25,17.26,17.25,17.26,616.0,CNNE
2025-11-07 12:03:00,17.26,17.26,17.25,17.25,497.0,CNNE
2025-11-07 12:02:00,17.24,17.26,17.24,17.26,854.0,CNNE
2025-11-07 12:01:00,17.235,17.235,17.235,17.235,469.0,CNNE
2025-11-07 12:00:00,17.235,17.235,17.235,17.235,136.0,CNNE
2025-11-07 11:58:00,17.225,17.24,17.225,17.24,667.0,CNNE
2025-11-07 11:57:00,17.24,17.24,17.235,17.235,961.0,CNNE
2025-11-07 11:54:00,17.26,17.265,17.22,17.265,4500.0,CNNE
2025-11-07 11:53:00,17.2751,17.2751,17.2751,17.2751,335.0,CNNE
2025-11-07 11:51:00,17.275,17.275,17.275,17.275,221.0,CNNE
2025-11-07 11:48:00,17.28,17.28,17.28,17.28,750.0,CNNE
2025-11-07 11:47:00,17.265,17.265,17.265,17.265,616.0,CNNE
2025-11-07 11:46:00,17.29,17.29,17.27,17.27,822.0,CNNE
2025-11-07 11:45:00,17.32,17.32,17.29,17.29,2018.0,CNNE
2025-11-07 11:44:00,17.33,17.33,17.33,17.33,642.0,CNNE
2025-11-07 11:43:00,17.33,17.33,17.33,17.33,999.0,CNNE
2025-11-07 11:42:00,17.36,17.36,17.3,17.335,21807.0,CNNE
2025-11-07 11:41:00,17.36,17.36,17.36,17.36,130.0,CNNE
2025-11-07 11:40:00,17.36,17.36,17.36,17.36,386.0,CNNE
2025-11-07 11:39:00,17.35,17.36,17.35,17.36,2181.0,CNNE
2025-11-07 11:37:00,17.36,17.36,17.36,17.36,104.0,CNNE
2025-11-07 11:36:00,17.36,17.36,17.36,17.36,116.0,CNNE
2025-11-07 11:34:00,17.36,17.36,17.36,17.36,513.0,CNNE
2025-11-07 11:33:00,17.365,17.365,17.365,17.365,355.0,CNNE
2025-11-07 11:32:00,17.365,17.365,17.365,17.365,168.0,CNNE
2025-11-07 11:31:00,17.37,17.37,17.365,17.365,623.0,CNNE
2025-11-07 11:30:00,17.37,17.37,17.36,17.365,1353.0,CNNE
2025-11-07 11:29:00,17.37,17.37,17.37,17.37,301.0,CNNE
2025-11-07 11:26:00,17.365,17.365,17.36,17.36,451.0,CNNE
2025-11-07 11:25:00,17.36,17.36,17.36,17.36,406.0,CNNE
2025-11-07 11:24:00,17.36,17.38,17.36,17.38,712.0,CNNE
2025-11-07 11:20:00,17.365,17.365,17.365,17.365,254.0,CNNE
2025-11-07 11:18:00,17.37,17.37,17.36,17.36,424.0,CNNE
2025-11-07 11:17:00,17.37,17.37,17.36,17.36,278.0,CNNE
2025-11-07 11:16:00,17.375,17.375,17.36,17.36,1708.0,CNNE
2025-11-07 11:15:00,17.385,17.385,17.37,17.38,1098.0,CNNE
2025-11-07 11:14:00,17.38,17.385,17.37,17.37,1969.0,CNNE
2025-11-07 11:13:00,17.41,17.41,17.41,17.41,429.0,CNNE
2025-11-07 11:11:00,17.4,17.4,17.4,17.4,333.0,CNNE
2025-11-07 11:10:00,17.4,17.41,17.4,17.4,1991.0,CNNE
2025-11-07 11:09:00,17.385,17.385,17.385,17.385,131.0,CNNE
2025-11-07 11:08:00,17.385,17.385,17.385,17.385,685.0,CNNE
2025-11-07 11:07:00,17.385,17.385,17.385,17.385,279.0,CNNE
2025-11-07 11:06:00,17.38,17.385,17.38,17.385,413.0,CNNE
2025-11-07 11:04:00,17.385,17.385,17.38,17.38,267.0,CNNE
2025-11-07 11:01:00,17.38,17.39,17.38,17.39,1692.0,CNNE
2025-11-07 11:00:00,17.38,17.38,17.38,17.38,603.0,CNNE
2025-11-07 10:59:00,17.38,17.38,17.38,17.38,1001.0,CNNE
2025-11-07 10:58:00,17.39,17.4,17.39,17.395,1344.0,CNNE
2025-11-07 10:56:00,17.41,17.41,17.41,17.41,1330.0,CNNE
2025-11-07 10:55:00,17.425,17.425,17.425,17.425,108.0,CNNE
2025-11-07 10:54:00,17.41,17.43,17.41,17.43,1881.0,CNNE
2025-11-07 10:52:00,17.4,17.41,17.4,17.41,434.0,CNNE
2025-11-07 10:51:00,17.4,17.4,17.4,17.4,373.0,CNNE
2025-11-07 10:50:00,17.41,17.41,17.41,17.41,485.0,CNNE
2025-11-07 10:47:00,17.39,17.41,17.39,17.4,2007.0,CNNE
2025-11-07 10:44:00,17.405,17.405,17.405,17.405,122.0,CNNE
2025-11-07 10:43:00,17.405,17.405,17.39,17.405,611.0,CNNE
2025-11-07 10:40:00,17.41,17.41,17.41,17.41,245.0,CNNE
2025-11-07 10:39:00,17.41,17.41,17.41,17.41,1388.0,CNNE
2025-11-07 10:38:00,17.44,17.44,17.41,17.41,1391.0,CNNE
2025-11-07 10:35:00,17.45,17.45,17.45,17.45,409.0,CNNE
2025-11-07 10:30:00,17.435,17.465,17.435,17.465,1404.0,CNNE
2025-11-07 10:28:00,17.42,17.42,17.42,17.42,253.0,CNNE
2025-11-07 10:27:00,17.42,17.435,17.42,17.435,427.0,CNNE
2025-11-07 10:26:00,17.435,17.435,17.435,17.435,133.0,CNNE
2025-11-07 10:25:00,17.435,17.435,17.435,17.435,272.0,CNNE
2025-11-07 10:24:00,17.435,17.435,17.435,17.435,3152.0,CNNE
2025-11-07 10:23:00,17.47,17.47,17.435,17.435,1452.0,CNNE
2025-11-07 10:22:00,17.48,17.49,17.48,17.49,3936.0,CNNE
2025-11-07 10:21:00,17.46,17.5,17.46,17.5,909.0,CNNE
2025-11-07 10:17:00,17.52,17.52,17.48,17.48,1322.0,CNNE
2025-11-07 10:16:00,17.545,17.545,17.545,17.545,1052.0,CNNE
2025-11-07 10:14:00,17.545,17.545,17.52,17.52,468.0,CNNE
2025-11-07 10:12:00,17.57,17.57,17.55,17.55,669.0,CNNE
2025-11-07 10:11:00,17.56,17.56,17.56,17.56,158.0,CNNE
2025-11-07 10:10:00,17.625,17.625,17.56,17.56,1886.0,CNNE
2025-11-07 10:09:00,17.565,17.565,17.565,17.565,605.0,CNNE
2025-11-07 10:08:00,17.56,17.56,17.56,17.56,114.0,CNNE
2025-11-07 10:07:00,17.52,17.575,17.52,17.56,4856.0,CNNE
2025-11-07 10:05:00,17.53,17.53,17.53,17.53,1086.0,CNNE
2025-11-07 10:04:00,17.5,17.5,17.5,17.5,102.0,CNNE
2025-11-07 10:02:00,17.5,17.52,17.49,17.52,1101.0,CNNE
2025-11-07 10:01:00,17.535,17.535,17.5,17.5,1248.0,CNNE
2025-11-07 10:00:00,17.62,17.62,17.52,17.535,3810.0,CNNE
2025-11-07 09:59:00,17.55,17.58,17.55,17.57,967.0,CNNE
2025-11-07 09:58:00,17.54,17.54,17.54,17.54,886.0,CNNE
2025-11-07 09:57:00,17.53,17.53,17.53,17.53,102.0,CNNE
2025-11-07 09:51:00,17.49,17.51,17.48,17.48,1913.0,CNNE
2025-11-07 09:49:00,17.445,17.51,17.445,17.51,2694.0,CNNE
2025-11-07 09:42:00,17.42,17.42,17.42,17.42,758.0,CNNE
2025-11-07 09:41:00,17.4,17.4,17.4,17.4,395.0,CNNE
2025-11-07 09:40:00,17.3481,17.3481,17.3481,17.3481,131.0,CNNE
2025-11-07 09:38:00,17.38,17.38,17.38,17.38,114.0,CNNE
2025-11-07 09:31:00,17.39,17.39,17.39,17.39,244.0,CNNE
2025-11-07 09:30:00,17.37,17.37,17.37,17.37,2835.0,CNNE
2025-11-07 08:48:00,17.4,17.4,17.4,17.4,1.0,CNNE
2025-11-06 19:00:00,17.41,17.41,17.41,17.41,63986.0,CNNE
2025-11-06 18:30:00,17.41,17.41,17.41,17.41,63986.0,CNNE
2025-11-06 16:10:00,17.41,17.41,17.41,17.41,63989.0,CNNE
2025-11-06 16:04:00,17.41,17.41,17.41,17.41,5.0,CNNE
2025-11-06 16:02:00,17.41,17.41,17.41,17.41,736.0,CNNE
2025-11-06 16:01:00,17.41,17.41,17.41,17.41,450.0,CNNE
2025-11-06 16:00:00,17.39,17.41,17.39,17.41,137700.0,CNNE
2025-11-06 15:59:00,17.38,17.41,17.37,17.39,19832.0,CNNE
2025-11-06 15:58:00,17.39,17.4,17.37,17.375,13253.0,CNNE
2025-11-06 15:57:00,17.4,17.41,17.39,17.4099,5307.0,CNNE
2025-11-06 15:56:00,17.395,17.41,17.39,17.4,8210.0,CNNE
2025-11-06 15:55:00,17.405,17.41,17.39,17.395,6058.0,CNNE
2025-11-06 15:54:00,17.43,17.43,17.399,17.405,7656.0,CNNE
2025-11-06 15:53:00,17.43,17.43,17.43,17.43,2508.0,CNNE
2025-11-06 15:52:00,17.445,17.445,17.43,17.43,3164.0,CNNE
2025-11-06 15:51:00,17.45,17.45,17.44,17.445,2543.0,CNNE
2025-11-06 15:50:00,17.44,17.45,17.44,17.45,2316.0,CNNE
2025-11-06 15:49:00,17.44,17.45,17.43,17.44,3821.0,CNNE
2025-11-06 15:47:00,17.435,17.435,17.435,17.435,701.0,CNNE
2025-11-06 15:46:00,17.44,17.44,17.425,17.43,3773.0,CNNE
2025-11-06 15:45:00,17.47,17.47,17.44,17.44,3086.0,CNNE
2025-11-06 15:44:00,17.485,17.485,17.48,17.48,2142.0,CNNE
2025-11-06 15:43:00,17.485,17.485,17.485,17.485,569.0,CNNE
2025-11-06 15:42:00,17.475,17.489,17.475,17.489,2507.0,CNNE
2025-11-06 15:41:00,17.455,17.479,17.455,17.479,4659.0,CNNE
2025-11-06 15:40:00,17.45,17.458,17.45,17.458,2974.0,CNNE
2025-11-06 15:39:00,17.445,17.45,17.445,17.445,463.0,CNNE
2025-11-06 15:38:00,17.445,17.445,17.445,17.445,326.0,CNNE
2025-11-06 15:37:00,17.45,17.45,17.44,17.445,1568.0,CNNE
2025-11-06 15:36:00,17.45,17.45,17.44,17.44,2246.0,CNNE
2025-11-06 15:35:00,17.45,17.45,17.45,17.45,298.0,CNNE
2025-11-06 15:34:00,17.45,17.45,17.45,17.45,1435.0,CNNE
2025-11-06 15:33:00,17.45,17.45,17.43,17.445,6407.0,CNNE
2025-11-06 15:32:00,17.45,17.45,17.45,17.45,567.0,CNNE
2025-11-06 15:31:00,17.46,17.46,17.449,17.45,2774.0,CNNE
2025-11-06 15:30:00,17.46,17.46,17.46,17.46,770.0,CNNE
2025-11-06 15:28:00,17.465,17.469,17.46,17.46,4062.0,CNNE
2025-11-06 15:27:00,17.469,17.469,17.469,17.469,197.0,CNNE
2025-11-06 15:26:00,17.455,17.455,17.455,17.455,437.0,CNNE
2025-11-06 15:25:00,17.45,17.46,17.45,17.46,1811.0,CNNE
2025-11-06 15:24:00,17.45,17.46,17.45,17.46,2744.0,CNNE
2025-11-06 15:23:00,17.45,17.45,17.45,17.45,310.0,CNNE
2025-11-06 15:22:00,17.46,17.46,17.44,17.45,3941.0,CNNE
2025-11-06 15:21:00,17.46,17.46,17.46,17.46,565.0,CNNE
2025-11-06 15:20:00,17.47,17.47,17.465,17.465,1359.0,CNNE
2025-11-06 15:15:00,17.455,17.455,17.455,17.455,346.0,CNNE
2025-11-06 15:11:00,17.455,17.455,17.455,17.455,553.0,CNNE
2025-11-06 15:10:00,17.455,17.455,17.455,17.455,119.0,CNNE
2025-11-06 15:09:00,17.46,17.464,17.46,17.464,547.0,CNNE
2025-11-06 15:08:00,17.43,17.43,17.43,17.43,230.0,CNNE
2025-11-06 15:07:00,17.44,17.46,17.44,17.46,2050.0,CNNE
2025-11-06 15:06:00,17.44,17.44,17.44,17.44,307.0,CNNE
2025-11-06 15:05:00,17.44,17.44,17.44,17.44,533.0,CNNE
2025-11-06 15:04:00,17.45,17.45,17.44,17.44,3675.0,CNNE
2025-11-06 15:03:00,17.4501,17.46,17.4501,17.46,994.0,CNNE
2025-11-06 15:02:00,17.46,17.47,17.46,17.47,2691.0,CNNE
2025-11-06 15:00:00,17.46,17.46,17.46,17.46,209.0,CNNE
2025-11-06 14:58:00,17.46,17.46,17.46,17.46,305.0,CNNE
2025-11-06 14:57:00,17.46,17.47,17.45,17.46,2632.0,CNNE
2025-11-06 14:56:00,17.45,17.45,17.45,17.45,292.0,CNNE
2025-11-06 14:54:00,17.45,17.45,17.45,17.45,365.0,CNNE
2025-11-06 14:53:00,17.45,17.4531,17.4401,17.45,1401.0,CNNE
2025-11-06 14:51:00,17.46,17.46,17.45,17.45,632.0,CNNE
2025-11-06 14:49:00,17.445,17.45,17.445,17.45,768.0,CNNE
2025-11-06 14:48:00,17.42,17.43,17.42,17.43,1444.0,CNNE
2025-11-06 14:46:00,17.41,17.42,17.41,17.4145,1507.0,CNNE
2025-11-06 14:45:00,17.415,17.4186,17.415,17.4186,564.0,CNNE
2025-11-06 14:44:00,17.4,17.41,17.4,17.41,646.0,CNNE
2025-11-06 14:43:00,17.4,17.4,17.4,17.4,242.0,CNNE
2025-11-06 14:42:00,17.41,17.41,17.4,17.41,516.0,CNNE
2025-11-06 14:41:00,17.4,17.4,17.4,17.4,259.0,CNNE
2025-11-06 14:40:00,17.4,17.405,17.4,17.405,1787.0,CNNE
2025-11-06 14:39:00,17.41,17.41,17.41,17.41,581.0,CNNE
2025-11-06 14:38:00,17.42,17.42,17.41,17.41,305.0,CNNE
2025-11-06 14:37:00,17.42,17.42,17.42,17.42,268.0,CNNE
2025-11-06 14:36:00,17.41,17.415,17.405,17.405,5245.0,CNNE
2025-11-06 14:35:00,17.395,17.395,17.395,17.395,237.0,CNNE
2025-11-06 14:34:00,17.4,17.4,17.39,17.4,952.0,CNNE
2025-11-06 14:33:00,17.3959,17.3959,17.3959,17.3959,287.0,CNNE
2025-11-06 14:32:00,17.4,17.4,17.4,17.4,269.0,CNNE
2025-11-06 14:31:00,17.4,17.4,17.4,17.4,1464.0,CNNE
2025-11-06 14:30:00,17.4,17.405,17.39,17.4,2711.0,CNNE
2025-11-06 14:24:00,17.41,17.41,17.41,17.41,404.0,CNNE
2025-11-06 14:22:00,17.41,17.41,17.4,17.4,694.0,CNNE
2025-11-06 14:20:00,17.44,17.44,17.41,17.41,3385.0,CNNE
2025-11-06 14:13:00,17.395,17.41,17.395,17.41,983.0,CNNE
2025-11-06 14:11:00,17.4001,17.4001,17.4001,17.4001,340.0,CNNE
2025-11-06 14:10:00,17.385,17.4,17.385,17.4,1301.0,CNNE
2025-11-06 14:09:00,17.39,17.39,17.39,17.39,1104.0,CNNE
2025-11-06 14:07:00,17.4,17.4,17.39,17.39,1536.0,CNNE
2025-11-06 14:06:00,17.41,17.415,17.41,17.41,2676.0,CNNE
2025-11-06 14:05:00,17.4,17.4,17.4,17.4,300.0,CNNE
2025-11-06 14:04:00,17.4,17.4,17.4,17.4,429.0,CNNE
2025-11-06 14:01:00,17.395,17.41,17.395,17.41,441.0,CNNE
2025-11-06 14:00:00,17.41,17.41,17.41,17.41,151.0,CNNE
2025-11-06 13:59:00,17.39,17.4,17.39,17.4,349.0,CNNE
2025-11-06 13:57:00,17.39,17.4,17.39,17.4,2018.0,CNNE
2025-11-06 13:56:00,17.395,17.395,17.395,17.395,243.0,CNNE
2025-11-06 13:55:00,17.395,17.395,17.39,17.395,1430.0,CNNE
2025-11-06 13:54:00,17.395,17.395,17.395,17.395,328.0,CNNE
2025-11-06 13:53:00,17.4,17.4,17.395,17.395,2752.0,CNNE
2025-11-06 13:51:00,17.41,17.41,17.41,17.41,2553.0,CNNE
2025-11-06 13:50:00,17.42,17.43,17.41,17.41,1111.0,CNNE
2025-11-06 13:47:00,17.395,17.42,17.395,17.42,3329.0,CNNE
2025-11-06 13:46:00,17.39,17.395,17.39,17.39,1301.0,CNNE
2025-11-06 13:45:00,17.4,17.4,17.4,17.4,327.0,CNNE
2025-11-06 13:44:00,17.405,17.405,17.4,17.4,1195.0,CNNE
2025-11-06 13:42:00,17.4,17.4,17.4,17.4,312.0,CNNE
2025-11-06 13:41:00,17.4,17.4,17.4,17.4,344.0,CNNE
2025-11-06 13:39:00,17.4,17.4,17.4,17.4,140.0,CNNE
2025-11-06 13:37:00,17.4,17.4,17.4,17.4,291.0,CNNE
2025-11-06 13:36:00,17.39,17.39,17.39,17.39,1080.0,CNNE
2025-11-06 13:35:00,17.3675,17.3675,17.361,17.361,870.0,CNNE
2025-11-06 13:34:00,17.345,17.36,17.345,17.36,771.0,CNNE
2025-11-06 13:33:00,17.34,17.34,17.34,17.34,899.0,CNNE
2025-11-06 13:31:00,17.33,17.33,17.33,17.33,678.0,CNNE
2025-11-06 13:30:00,17.32,17.32,17.32,17.32,724.0,CNNE
2025-11-06 13:29:00,17.315,17.315,17.315,17.315,301.0,CNNE
2025-11-06 13:28:00,17.315,17.315,17.315,17.315,152.0,CNNE
2025-11-06 13:27:00,17.31,17.31,17.31,17.31,1199.0,CNNE
2025-11-06 13:26:00,17.305,17.31,17.305,17.31,662.0,CNNE
2025-11-06 13:25:00,17.3,17.3,17.295,17.295,1713.0,CNNE
2025-11-06 13:24:00,17.32,17.32,17.32,17.32,409.0,CNNE
2025-11-06 13:23:00,17.3108,17.3108,17.3,17.3,701.0,CNNE
2025-11-06 13:22:00,17.3,17.3,17.29,17.29,441.0,CNNE
2025-11-06 13:20:00,17.3196,17.32,17.3,17.3,519.0,CNNE
2025-11-06 13:14:00,17.29,17.29,17.29,17.29,150.0,CNNE
2025-11-06 13:13:00,17.32,17.32,17.32,17.32,1811.0,CNNE
2025-11-06 13:12:00,17.335,17.335,17.32,17.32,344.0,CNNE
2025-11-06 13:09:00,17.335,17.335,17.335,17.335,452.0,CNNE
2025-11-06 13:08:00,17.3254,17.3254,17.3254,17.3254,262.0,CNNE
2025-11-06 13:05:00,17.35,17.355,17.34,17.34,1012.0,CNNE
2025-11-06 13:04:00,17.36,17.36,17.35,17.35,1313.0,CNNE
2025-11-06 13:02:00,17.3897,17.3897,17.3897,17.3897,229.0,CNNE
2025-11-06 13:01:00,17.37,17.38,17.37,17.38,1081.0,CNNE
2025-11-06 13:00:00,17.37,17.37,17.355,17.355,1582.0,CNNE
2025-11-06 12:59:00,17.38,17.38,17.38,17.38,840.0,CNNE
2025-11-06 12:58:00,17.39,17.39,17.39,17.39,497.0,CNNE
2025-11-06 12:56:00,17.39,17.39,17.39,17.39,174.0,CNNE
2025-11-06 12:55:00,17.39,17.39,17.39,17.39,121.0,CNNE
2025-11-06 12:53:00,17.4,17.4,17.4,17.4,791.0,CNNE
2025-11-06 12:50:00,17.41,17.41,17.41,17.41,1070.0,CNNE
2025-11-06 12:49:00,17.42,17.42,17.42,17.42,720.0,CNNE
2025-11-06 12:48:00,17.42,17.44,17.42,17.43,4482.0,CNNE
2025-11-06 12:44:00,17.41,17.41,17.41,17.41,221.0,CNNE
2025-11-06 12:43:00,17.41,17.41,17.41,17.41,660.0,CNNE
2025-11-06 12:42:00,17.4018,17.4018,17.4018,17.4018,421.0,CNNE
2025-11-06 12:39:00,17.41,17.41,17.41,17.41,354.0,CNNE
2025-11-06 12:37:00,17.41,17.41,17.41,17.41,1530.0,CNNE
2025-11-06 12:36:00,17.405,17.41,17.4,17.4,909.0,CNNE
2025-11-06 12:35:00,17.4,17.4,17.4,17.4,688.0,CNNE
2025-11-06 12:34:00,17.39,17.39,17.39,17.39,1273.0,CNNE
2025-11-06 12:30:00,17.4,17.4,17.4,17.4,596.0,CNNE
2025-11-06 12:29:00,17.41,17.41,17.41,17.41,501.0,CNNE
2025-11-06 12:28:00,17.3934,17.3934,17.3934,17.3934,121.0,CNNE
2025-11-06 12:22:00,17.4,17.4,17.4,17.4,123.0,CNNE
2025-11-06 12:21:00,17.4,17.4,17.4,17.4,204.0,CNNE
2025-11-06 12:18:00,17.42,17.42,17.42,17.42,818.0,CNNE
2025-11-06 12:17:00,17.405,17.405,17.405,17.405,221.0,CNNE
2025-11-06 12:16:00,17.4,17.4,17.4,17.4,534.0,CNNE
2025-11-06 12:12:00,17.4,17.4,17.4,17.4,640.0,CNNE
2025-11-06 12:10:00,17.4,17.41,17.4,17.41,2034.0,CNNE
2025-11-06 12:07:00,17.38,17.38,17.38,17.38,320.0,CNNE
2025-11-06 12:06:00,17.4,17.4,17.39,17.39,909.0,CNNE
2025-11-06 12:03:00,17.38,17.38,17.38,17.38,537.0,CNNE
2025-11-06 12:02:00,17.38,17.39,17.38,17.39,2205.0,CNNE
2025-11-06 12:01:00,17.3926,17.395,17.3926,17.395,576.0,CNNE
2025-11-06 12:00:00,17.4,17.4,17.4,17.4,219.0,CNNE
2025-11-06 11:58:00,17.4,17.4,17.4,17.4,138.0,CNNE
2025-11-06 11:57:00,17.39,17.39,17.39,17.39,954.0,CNNE
2025-11-06 11:56:00,17.4,17.4,17.4,17.4,1947.0,CNNE
2025-11-06 11:55:00,17.415,17.415,17.415,17.415,207.0,CNNE
2025-11-06 11:53:00,17.42,17.42,17.42,17.42,680.0,CNNE
2025-11-06 11:50:00,17.42,17.42,17.42,17.42,150.0,CNNE
2025-11-06 11:45:00,17.42,17.42,17.41,17.41,591.0,CNNE
2025-11-06 11:44:00,17.42,17.42,17.42,17.42,685.0,CNNE
2025-11-06 11:43:00,17.42,17.44,17.42,17.44,541.0,CNNE
2025-11-06 11:40:00,17.42,17.42,17.42,17.42,461.0,CNNE
2025-11-06 11:38:00,17.44,17.44,17.44,17.44,1503.0,CNNE
2025-11-06 11:35:00,17.44,17.44,17.41,17.41,3618.0,CNNE
2025-11-06 11:30:00,17.47,17.47,17.46,17.46,609.0,CNNE
2025-11-06 11:28:00,17.5,17.5,17.47,17.47,4246.0,CNNE
2025-11-06 11:27:00,17.51,17.51,17.51,17.51,988.0,CNNE
2025-11-06 11:26:00,17.475,17.49,17.475,17.49,1398.0,CNNE
2025-11-06 11:25:00,17.455,17.48,17.45,17.45,3631.0,CNNE
2025-11-06 11:24:00,17.45,17.46,17.45,17.46,1675.0,CNNE
2025-11-06 11:19:00,17.43,17.43,17.43,17.43,543.0,CNNE
2025-11-06 11:18:00,17.47,17.47,17.47,17.47,769.0,CNNE
2025-11-06 11:16:00,17.49,17.49,17.47,17.47,3685.0,CNNE
2025-11-06 11:15:00,17.51,17.51,17.51,17.51,755.0,CNNE
2025-11-06 11:14:00,17.5,17.5099,17.5,17.5099,761.0,CNNE
2025-11-06 11:13:00,17.4899,17.49,17.4899,17.49,2049.0,CNNE
2025-11-06 11:11:00,17.475,17.475,17.475,17.475,1299.0,CNNE
2025-11-06 11:10:00,17.47,17.47,17.47,17.47,160.0,CNNE
2025-11-06 11:09:00,17.48,17.48,17.48,17.48,917.0,CNNE
2025-11-06 11:06:00,17.47,17.47,17.47,17.47,466.0,CNNE
2025-11-06 11:01:00,17.48,17.48,17.48,17.48,1152.0,CNNE
2025-11-06 11:00:00,17.47,17.47,17.47,17.47,360.0,CNNE
2025-11-06 10:59:00,17.48,17.48,17.48,17.48,725.0,CNNE
2025-11-06 10:58:00,17.49,17.49,17.49,17.49,260.0,CNNE
2025-11-06 10:54:00,17.5,17.5,17.5,17.5,529.0,CNNE
2025-11-06 10:53:00,17.504,17.504,17.49,17.5,4575.0,CNNE
2025-11-06 10:52:00,17.51,17.51,17.5,17.5,5035.0,CNNE
2025-11-06 10:51:00,17.53,17.53,17.53,17.53,808.0,CNNE
2025-11-06 10:48:00,17.52,17.54,17.52,17.53,1270.0,CNNE
2025-11-06 10:46:00,17.51,17.51,17.51,17.51,157.0,CNNE
2025-11-06 10:45:00,17.545,17.545,17.52,17.52,1788.0,CNNE
2025-11-06 10:44:00,17.51,17.54,17.5,17.53,3522.0,CNNE
2025-11-06 10:41:00,17.53,17.53,17.52,17.525,1571.0,CNNE
2025-11-06 10:40:00,17.52,17.525,17.51,17.51,912.0,CNNE
2025-11-06 10:37:00,17.58,17.58,17.58,17.58,198.0,CNNE
2025-11-06 10:35:00,17.555,17.565,17.555,17.565,571.0,CNNE
2025-11-06 10:33:00,17.62,17.62,17.59,17.59,964.0,CNNE
2025-11-06 10:31:00,17.63,17.63,17.63,17.63,152.0,CNNE
2025-11-06 10:29:00,17.7,17.7,17.65,17.65,2472.0,CNNE
2025-11-06 10:28:00,17.685,17.685,17.685,17.685,398.0,CNNE
2025-11-06 10:25:00,17.69,17.69,17.685,17.685,284.0,CNNE
2025-11-06 10:24:00,17.68,17.695,17.67,17.695,1986.0,CNNE
2025-11-06 10:23:00,17.67,17.67,17.67,17.67,336.0,CNNE
2025-11-06 10:22:00,17.66,17.66,17.66,17.66,690.0,CNNE
2025-11-06 10:21:00,17.63,17.635,17.63,17.635,846.0,CNNE
2025-11-06 10:19:00,17.61,17.61,17.61,17.61,180.0,CNNE
2025-11-06 10:16:00,17.58,17.58,17.58,17.58,244.0,CNNE
2025-11-06 10:15:00,17.6,17.6,17.57,17.58,826.0,CNNE
2025-11-06 10:14:00,17.6,17.6,17.6,17.6,234.0,CNNE
2025-11-06 10:13:00,17.6,17.6,17.6,17.6,174.0,CNNE
2025-11-06 10:12:00,17.595,17.595,17.595,17.595,131.0,CNNE
2025-11-06 10:11:00,17.6,17.62,17.58,17.595,1134.0,CNNE
2025-11-06 10:10:00,17.625,17.625,17.625,17.625,428.0,CNNE
2025-11-06 10:08:00,17.61,17.63,17.6,17.63,1045.0,CNNE
2025-11-06 10:07:00,17.65,17.65,17.625,17.63,2553.0,CNNE
2025-11-06 10:06:00,17.66,17.67,17.65,17.66,1443.0,CNNE
2025-11-06 10:04:00,17.7,17.7,17.7,17.7,290.0,CNNE
2025-11-06 10:03:00,17.65,17.7,17.65,17.7,1033.0,CNNE
2025-11-06 10:00:00,17.61,17.7,17.61,17.69,3611.0,CNNE
2025-11-06 09:59:00,17.63,17.64,17.62,17.64,2061.0,CNNE
2025-11-06 09:58:00,17.66,17.66,17.66,17.66,329.0,CNNE
2025-11-06 09:57:00,17.67,17.67,17.64,17.66,1726.0,CNNE
2025-11-06 09:56:00,17.65,17.65,17.65,17.65,1227.0,CNNE
2025-11-06 09:54:00,17.66,17.68,17.65,17.655,1606.0,CNNE
2025-11-06 09:53:00,17.69,17.69,17.69,17.69,410.0,CNNE
2025-11-06 09:48:00,17.69,17.69,17.66,17.66,748.0,CNNE
2025-11-06 09:47:00,17.7,17.7,17.695,17.695,425.0,CNNE
2025-11-06 09:46:00,17.7,17.7,17.7,17.7,346.0,CNNE
2025-11-06 09:42:00,17.66,17.66,17.66,17.66,273.0,CNNE
2025-11-06 09:41:00,17.65,17.65,17.65,17.65,388.0,CNNE
2025-11-06 09:40:00,17.66,17.66,17.66,17.66,281.0,CNNE
2025-11-06 09:36:00,17.65,17.65,17.65,17.65,656.0,CNNE
2025-11-06 09:35:00,17.8,17.8,17.8,17.8,267.0,CNNE
2025-11-06 09:34:00,17.65,17.65,17.65,17.65,149.0,CNNE
2025-11-06 09:31:00,17.825,17.825,17.825,17.825,325.0,CNNE
2025-11-06 09:30:00,17.83,17.83,17.83,17.83,2172.0,CNNE
2025-11-06 08:42:00,17.94,17.94,17.94,17.94,2.0,CNNE
2025-11-05 19:00:00,17.8,17.8,17.8,17.8,77995.0,CNNE
2025-11-05 18:30:00,17.8,17.8,17.8,17.8,77995.0,CNNE
2025-11-05 16:24:00,17.7,17.7,17.46,17.46,39.0,CNNE
2025-11-05 16:21:00,18.15,18.15,18.15,18.15,39.0,CNNE
2025-11-05 16:10:00,17.8,17.8,17.8,17.8,77997.0,CNNE
2025-11-05 16:04:00,17.8,17.8,17.8,17.8,5.0,CNNE
2025-11-05 16:01:00,17.8,17.8,17.8,17.8,1476.0,CNNE
2025-11-05 16:00:00,17.79,17.81,17.79,17.8,172730.0,CNNE
2025-11-05 15:59:00,17.8,17.81,17.79,17.79,20695.0,CNNE
2025-11-05 15:58:00,17.82,17.82,17.8,17.81,24922.0,CNNE
2025-11-05 15:57:00,17.82,17.825,17.81,17.81,6392.0,CNNE
2025-11-05 15:56:00,17.83,17.85,17.83,17.83,9488.0,CNNE
2025-11-05 15:55:00,17.845,17.85,17.83,17.83,6369.0,CNNE
2025-11-05 15:54:00,17.85,17.85,17.84,17.845,4026.0,CNNE
2025-11-05 15:53:00,17.825,17.85,17.825,17.85,3858.0,CNNE
2025-11-05 15:52:00,17.825,17.84,17.825,17.825,1694.0,CNNE
2025-11-05 15:51:00,17.825,17.825,17.825,17.825,1358.0,CNNE
2025-11-05 15:50:00,17.83,17.84,17.81,17.82,10201.0,CNNE
2025-11-05 15:49:00,17.86,17.86,17.84,17.845,2706.0,CNNE
2025-11-05 15:48:00,17.87,17.87,17.85,17.86,2282.0,CNNE
2025-11-05 15:47:00,17.84,17.85,17.84,17.85,2929.0,CNNE
2025-11-05 15:46:00,17.83,17.84,17.83,17.84,2208.0,CNNE
2025-11-05 15:45:00,17.83,17.835,17.83,17.83,1494.0,CNNE
2025-11-05 15:44:00,17.83,17.84,17.83,17.84,2485.0,CNNE
2025-11-05 15:43:00,17.82,17.82,17.82,17.82,3799.0,CNNE
2025-11-05 15:41:00,17.815,17.815,17.81,17.81,3888.0,CNNE
2025-11-05 15:40:00,17.81,17.82,17.81,17.81,6806.0,CNNE
2025-11-05 15:39:00,17.82,17.82,17.81,17.81,1294.0,CNNE
2025-11-05 15:38:00,17.82,17.82,17.82,17.82,463.0,CNNE
2025-11-05 15:36:00,17.78,17.81,17.78,17.81,4512.0,CNNE
2025-11-05 15:35:00,17.78,17.78,17.78,17.78,682.0,CNNE
2025-11-05 15:34:00,17.79,17.79,17.78,17.784,1341.0,CNNE
2025-11-05 15:33:00,17.78,17.78,17.78,17.78,575.0,CNNE
2025-11-05 15:32:00,17.79,17.79,17.79,17.79,1383.0,CNNE
2025-11-05 15:31:00,17.79,17.8,17.78,17.78,3789.0,CNNE
2025-11-05 15:30:00,17.79,17.79,17.78,17.78,2605.0,CNNE
2025-11-05 15:29:00,17.79,17.79,17.79,17.79,963.0,CNNE
2025-11-05 15:28:00,17.79,17.79,17.79,17.79,978.0,CNNE
2025-11-05 15:27:00,17.79,17.79,17.775,17.775,1171.0,CNNE
2025-11-05 15:26:00,17.79,17.79,17.775,17.79,751.0,CNNE
2025-11-05 15:25:00,17.79,17.79,17.79,17.79,408.0,CNNE
2025-11-05 15:24:00,17.795,17.795,17.795,17.795,517.0,CNNE
2025-11-05 15:23:00,17.77,17.8,17.77,17.8,1602.0,CNNE
2025-11-05 15:22:00,17.77,17.77,17.77,17.77,589.0,CNNE
2025-11-05 15:21:00,17.76,17.77,17.76,17.76,1084.0,CNNE
2025-11-05 15:20:00,17.76,17.76,17.755,17.755,1159.0,CNNE
2025-11-05 15:19:00,17.73,17.76,17.72,17.76,3042.0,CNNE
2025-11-05 15:18:00,17.72,17.72,17.72,17.72,621.0,CNNE
2025-11-05 15:16:00,17.71,17.72,17.705,17.72,3036.0,CNNE
2025-11-05 15:13:00,17.705,17.705,17.705,17.705,583.0,CNNE
2025-11-05 15:12:00,17.71,17.71,17.71,17.71,445.0,CNNE
2025-11-05 15:11:00,17.73,17.73,17.71,17.71,2944.0,CNNE
2025-11-05 15:10:00,17.73,17.73,17.73,17.73,471.0,CNNE
2025-11-05 15:09:00,17.74,17.74,17.73,17.73,1700.0,CNNE
2025-11-05 15:08:00,17.72,17.735,17.72,17.735,2369.0,CNNE
2025-11-05 15:06:00,17.7,17.71,17.7,17.7,1047.0,CNNE
2025-11-05 15:04:00,17.7,17.71,17.7,17.71,1086.0,CNNE
2025-11-05 15:03:00,17.69,17.69,17.68,17.68,1426.0,CNNE
2025-11-05 15:02:00,17.67,17.68,17.67,17.68,877.0,CNNE
2025-11-05 15:01:00,17.68,17.68,17.68,17.68,443.0,CNNE
2025-11-05 14:59:00,17.67,17.67,17.67,17.67,1087.0,CNNE
2025-11-05 14:56:00,17.62,17.66,17.62,17.66,3408.0,CNNE
2025-11-05 14:55:00,17.615,17.615,17.615,17.615,449.0,CNNE
2025-11-05 14:54:00,17.615,17.615,17.615,17.615,329.0,CNNE
2025-11-05 14:53:00,17.615,17.62,17.61,17.62,2777.0,CNNE
2025-11-05 14:52:00,17.61,17.61,17.6,17.6,2245.0,CNNE
2025-11-05 14:51:00,17.61,17.61,17.61,17.61,123.0,CNNE
2025-11-05 14:50:00,17.62,17.62,17.62,17.62,408.0,CNNE
2025-11-05 14:49:00,17.6166,17.62,17.6166,17.62,1518.0,CNNE
2025-11-05 14:48:00,17.61,17.61,17.61,17.61,275.0,CNNE
2025-11-05 14:47:00,17.62,17.62,17.61,17.61,1410.0,CNNE
2025-11-05 14:45:00,17.62,17.62,17.62,17.62,816.0,CNNE
2025-11-05 14:44:00,17.63,17.63,17.63,17.63,243.0,CNNE
2025-11-05 14:43:00,17.63,17.63,17.63,17.63,280.0,CNNE
2025-11-05 14:42:00,17.63,17.63,17.63,17.63,572.0,CNNE
2025-11-05 14:41:00,17.635,17.635,17.62,17.62,1144.0,CNNE
2025-11-05 14:40:00,17.625,17.635,17.625,17.635,1325.0,CNNE
2025-11-05 14:39:00,17.625,17.625,17.625,17.625,537.0,CNNE
2025-11-05 14:38:00,17.64,17.64,17.62,17.625,1948.0,CNNE
2025-11-05 14:37:00,17.62,17.63,17.61,17.63,4792.0,CNNE
2025-11-05 14:36:00,17.61,17.61,17.61,17.61,337.0,CNNE
2025-11-05 14:35:00,17.61,17.61,17.61,17.61,668.0,CNNE
2025-11-05 14:34:00,17.625,17.625,17.6,17.6,1800.0,CNNE
2025-11-05 14:33:00,17.635,17.635,17.63,17.63,1607.0,CNNE
2025-11-05 14:32:00,17.645,17.645,17.63,17.635,2296.0,CNNE
2025-11-05 14:31:00,17.645,17.645,17.64,17.64,794.0,CNNE
2025-11-05 14:30:00,17.645,17.645,17.645,17.645,867.0,CNNE
2025-11-05 14:28:00,17.63,17.65,17.63,17.65,1834.0,CNNE
2025-11-05 14:27:00,17.6,17.62,17.6,17.62,4104.0,CNNE
2025-11-05 14:26:00,17.61,17.61,17.61,17.61,407.0,CNNE
2025-11-05 14:25:00,17.61,17.61,17.6,17.6,568.0,CNNE
2025-11-05 14:24:00,17.625,17.625,17.61,17.61,2466.0,CNNE
2025-11-05 14:23:00,17.625,17.625,17.625,17.625,586.0,CNNE
2025-11-05 14:22:00,17.63,17.63,17.61,17.625,3782.0,CNNE
2025-11-05 14:21:00,17.67,17.67,17.62,17.62,9161.0,CNNE
2025-11-05 14:20:00,17.685,17.685,17.685,17.685,382.0,CNNE
2025-11-05 14:19:00,17.685,17.685,17.685,17.685,374.0,CNNE
2025-11-05 14:18:00,17.66,17.67,17.66,17.67,3396.0,CNNE
2025-11-05 14:17:00,17.68,17.68,17.68,17.68,888.0,CNNE
2025-11-05 14:16:00,17.67,17.68,17.67,17.68,1532.0,CNNE
2025-11-05 14:15:00,17.66,17.66,17.66,17.66,1802.0,CNNE
2025-11-05 14:14:00,17.66,17.66,17.66,17.66,770.0,CNNE
2025-11-05 14:13:00,17.66,17.66,17.66,17.66,360.0,CNNE
2025-11-05 14:12:00,17.64,17.66,17.64,17.64,2998.0,CNNE
2025-11-05 14:11:00,17.642,17.66,17.64,17.64,1682.0,CNNE
2025-11-05 14:10:00,17.64,17.64,17.64,17.64,338.0,CNNE
2025-11-05 14:09:00,17.64,17.64,17.64,17.64,336.0,CNNE
2025-11-05 14:08:00,17.64,17.64,17.64,17.64,189.0,CNNE
2025-11-05 14:07:00,17.64,17.64,17.64,17.64,871.0,CNNE
2025-11-05 14:06:00,17.61,17.64,17.6,17.64,3029.0,CNNE
2025-11-05 14:05:00,17.59,17.605,17.59,17.6,1566.0,CNNE
2025-11-05 14:04:00,17.6,17.6,17.58,17.58,2280.0,CNNE
2025-11-05 14:03:00,17.59,17.6,17.59,17.6,3498.0,CNNE
2025-11-05 14:02:00,17.59,17.59,17.59,17.59,631.0,CNNE
2025-11-05 14:01:00,17.58,17.58,17.58,17.58,534.0,CNNE
2025-11-05 13:59:00,17.58,17.58,17.58,17.58,246.0,CNNE
2025-11-05 13:58:00,17.58,17.58,17.58,17.58,985.0,CNNE
2025-11-05 13:56:00,17.6,17.6,17.59,17.6,573.0,CNNE
2025-11-05 13:55:00,17.57,17.57,17.57,17.57,443.0,CNNE
2025-11-05 13:53:00,17.59,17.59,17.59,17.59,1016.0,CNNE
2025-11-05 13:51:00,17.6,17.6,17.6,17.6,432.0,CNNE
2025-11-05 13:49:00,17.615,17.615,17.57,17.57,1990.0,CNNE
2025-11-05 13:48:00,17.61,17.61,17.61,17.61,1138.0,CNNE
2025-11-05 13:47:00,17.61,17.62,17.6,17.61,2483.0,CNNE
2025-11-05 13:46:00,17.635,17.635,17.61,17.61,2102.0,CNNE
2025-11-05 13:45:00,17.635,17.635,17.635,17.635,1114.0,CNNE
2025-11-05 13:44:00,17.64,17.64,17.63,17.63,2538.0,CNNE
2025-11-05 13:43:00,17.655,17.655,17.655,17.655,237.0,CNNE
2025-11-05 13:42:00,17.655,17.655,17.655,17.655,730.0,CNNE
2025-11-05 13:41:00,17.655,17.655,17.64,17.65,633.0,CNNE
2025-11-05 13:40:00,17.655,17.655,17.655,17.655,514.0,CNNE
2025-11-05 13:38:00,17.66,17.66,17.65,17.65,2479.0,CNNE
2025-11-05 13:37:00,17.66,17.66,17.66,17.66,744.0,CNNE
2025-11-05 13:36:00,17.645,17.645,17.645,17.645,271.0,CNNE
2025-11-05 13:35:00,17.65,17.66,17.64,17.64,3294.0,CNNE
2025-11-05 13:33:00,17.645,17.645,17.645,17.645,255.0,CNNE
2025-11-05 13:31:00,17.69,17.69,17.64,17.67,5979.0,CNNE
2025-11-05 13:30:00,17.7,17.7,17.7,17.7,329.0,CNNE
2025-11-05 13:29:00,17.675,17.675,17.675,17.675,318.0,CNNE
2025-11-05 13:28:00,17.675,17.675,17.675,17.675,286.0,CNNE
2025-11-05 13:26:00,17.7,17.7,17.69,17.695,789.0,CNNE
2025-11-05 13:25:00,17.675,17.7,17.675,17.7,374.0,CNNE
2025-11-05 13:21:00,17.66,17.69,17.66,17.69,2575.0,CNNE
2025-11-05 13:19:00,17.66,17.66,17.66,17.66,329.0,CNNE
2025-11-05 13:18:00,17.7,17.7,17.68,17.68,2514.0,CNNE
2025-11-05 13:15:00,17.715,17.715,17.715,17.715,415.0,CNNE
2025-11-05 13:13:00,17.71,17.71,17.71,17.71,367.0,CNNE
2025-11-05 13:09:00,17.7,17.7,17.7,17.7,13098.0,CNNE
2025-11-05 13:08:00,17.69,17.7,17.69,17.7,1381.0,CNNE
2025-11-05 13:07:00,17.69,17.69,17.645,17.68,1609.0,CNNE
2025-11-05 13:04:00,17.7,17.7,17.7,17.7,338.0,CNNE
2025-11-05 13:01:00,17.695,17.695,17.695,17.695,138.0,CNNE
2025-11-05 13:00:00,17.71,17.71,17.695,17.695,1284.0,CNNE
2025-11-05 12:57:00,17.72,17.72,17.72,17.72,172.0,CNNE
2025-11-05 12:56:00,17.72,17.73,17.72,17.73,1062.0,CNNE
2025-11-05 12:55:00,17.735,17.745,17.735,17.745,371.0,CNNE
2025-11-05 12:53:00,17.735,17.735,17.735,17.735,171.0,CNNE
2025-11-05 12:49:00,17.7359,17.7359,17.72,17.735,3268.0,CNNE
2025-11-05 12:48:00,17.73,17.73,17.73,17.73,529.0,CNNE
2025-11-05 12:46:00,17.73,17.73,17.73,17.73,373.0,CNNE
2025-11-05 12:45:00,17.75,17.75,17.75,17.75,230.0,CNNE
2025-11-05 12:43:00,17.752,17.752,17.752,17.752,313.0,CNNE
2025-11-05 12:42:00,17.75,17.75,17.75,17.75,154.0,CNNE
2025-11-05 12:41:00,17.79,17.79,17.75,17.75,1839.0,CNNE
2025-11-05 12:39:00,17.8,17.8,17.8,17.8,730.0,CNNE
2025-11-05 12:37:00,17.8,17.8,17.8,17.8,265.0,CNNE
2025-11-05 12:35:00,17.82,17.82,17.82,17.82,1009.0,CNNE
2025-11-05 12:33:00,17.85,17.85,17.84,17.85,3787.0,CNNE
2025-11-05 12:30:00,17.86,17.86,17.85,17.85,1464.0,CNNE
2025-11-05 12:29:00,17.875,17.875,17.875,17.875,202.0,CNNE
2025-11-05 12:26:00,17.9,17.9,17.88,17.88,388.0,CNNE
2025-11-05 12:25:00,17.88,17.88,17.88,17.88,978.0,CNNE
2025-11-05 12:23:00,17.85,17.85,17.85,17.85,988.0,CNNE
2025-11-05 12:22:00,17.835,17.85,17.835,17.85,692.0,CNNE
2025-11-05 12:21:00,17.83,17.83,17.83,17.83,746.0,CNNE
2025-11-05 12:20:00,17.82,17.84,17.82,17.835,1989.0,CNNE
2025-11-05 12:19:00,17.81,17.82,17.81,17.82,1105.0,CNNE
2025-11-05 12:17:00,17.8,17.8,17.8,17.8,228.0,CNNE
2025-11-05 12:16:00,17.795,17.81,17.795,17.81,367.0,CNNE
2025-11-05 12:15:00,17.79,17.79,17.79,17.79,970.0,CNNE
2025-11-05 12:14:00,17.8,17.8,17.8,17.8,541.0,CNNE
2025-11-05 12:10:00,17.8,17.8,17.8,17.8,1796.0,CNNE
2025-11-05 12:08:00,17.81,17.81,17.81,17.81,706.0,CNNE
2025-11-05 12:06:00,17.8,17.8,17.8,17.8,302.0,CNNE
2025-11-05 12:03:00,17.81,17.81,17.81,17.81,592.0,CNNE
2025-11-05 11:59:00,17.79,17.8,17.79,17.8,1274.0,CNNE
2025-11-05 11:58:00,17.8,17.8,17.8,17.8,183.0,CNNE
2025-11-05 11:56:00,17.815,17.815,17.8,17.8,1379.0,CNNE
2025-11-05 11:55:00,17.81,17.81,17.81,17.81,724.0,CNNE
2025-11-05 11:53:00,17.82,17.82,17.82,17.82,478.0,CNNE
2025-11-05 11:52:00,17.83,17.84,17.825,17.84,1440.0,CNNE
2025-11-05 11:51:00,17.7801,17.81,17.7801,17.81,3838.0,CNNE
2025-11-05 11:50:00,17.79,17.79,17.79,17.79,783.0,CNNE
2025-11-05 11:49:00,17.8,17.8,17.78,17.79,4991.0,CNNE
2025-11-05 11:48:00,17.78,17.78,17.78,17.78,470.0,CNNE
2025-11-05 11:46:00,17.79,17.79,17.76,17.76,1933.0,CNNE
2025-11-05 11:43:00,17.78,17.79,17.77,17.78,2066.0,CNNE
2025-11-05 11:40:00,17.8,17.81,17.79,17.805,3599.0,CNNE
2025-11-05 11:38:00,17.78,17.79,17.78,17.79,692.0,CNNE
2025-11-05 11:36:00,17.77,17.77,17.74,17.765,1147.0,CNNE
2025-11-05 11:35:00,17.79,17.79,17.78,17.78,1430.0,CNNE
2025-11-05 11:34:00,17.81,17.815,17.79,17.79,1813.0,CNNE
2025-11-05 11:33:00,17.795,17.795,17.795,17.795,331.0,CNNE
2025-11-05 11:32:00,17.8,17.8,17.79,17.795,2236.0,CNNE
2025-11-05 11:30:00,17.8,17.8,17.79,17.8,2463.0,CNNE
2025-11-05 11:28:00,17.81,17.81,17.8,17.8,1662.0,CNNE
2025-11-05 11:27:00,17.81,17.81,17.81,17.81,145.0,CNNE
2025-11-05 11:23:00,17.81,17.81,17.81,17.81,1899.0,CNNE
2025-11-05 11:21:00,17.82,17.82,17.82,17.82,355.0,CNNE
2025-11-05 11:20:00,17.82,17.82,17.82,17.82,736.0,CNNE
2025-11-05 11:19:00,17.8025,17.8025,17.8025,17.8025,572.0,CNNE
2025-11-05 11:17:00,17.81,17.81,17.8,17.81,2762.0,CNNE
2025-11-05 11:15:00,17.81,17.81,17.81,17.81,366.0,CNNE
2025-11-05 11:12:00,17.82,17.82,17.82,17.82,162.0,CNNE
2025-11-05 11:11:00,17.82,17.82,17.82,17.82,2280.0,CNNE
2025-11-05 11:10:00,17.84,17.84,17.83,17.83,1259.0,CNNE
2025-11-05 11:09:00,17.835,17.835,17.82,17.83,656.0,CNNE
2025-11-05 11:08:00,17.83,17.83,17.83,17.83,680.0,CNNE
2025-11-05 11:05:00,17.825,17.825,17.825,17.825,912.0,CNNE
2025-11-05 11:04:00,17.84,17.84,17.84,17.84,277.0,CNNE
2025-11-05 11:01:00,17.825,17.825,17.825,17.825,559.0,CNNE
2025-11-05 11:00:00,17.83,17.84,17.82,17.83,1722.0,CNNE
2025-11-05 10:59:00,17.82,17.82,17.81,17.81,1198.0,CNNE
2025-11-05 10:58:00,17.82,17.82,17.82,17.82,536.0,CNNE
2025-11-05 10:55:00,17.81,17.81,17.81,17.81,243.0,CNNE
2025-11-05 10:54:00,17.8,17.8,17.8,17.8,360.0,CNNE
2025-11-05 10:50:00,17.8,17.8,17.8,17.8,246.0,CNNE
2025-11-05 10:49:00,17.8,17.8,17.8,17.8,407.0,CNNE
2025-11-05 10:48:00,17.8,17.8,17.8,17.8,309.0,CNNE
2025-11-05 10:46:00,17.77,17.82,17.77,17.82,3463.0,CNNE
2025-11-05 10:45:00,17.795,17.795,17.78,17.78,1423.0,CNNE
2025-11-05 10:44:00,17.795,17.795,17.795,17.795,145.0,CNNE
2025-11-05 10:42:00,17.79,17.8,17.79,17.8,832.0,CNNE
2025-11-05 10:41:00,17.78,17.79,17.78,17.79,1112.0,CNNE
2025-11-05 10:40:00,17.77,17.78,17.77,17.77,768.0,CNNE
2025-11-05 10:39:00,17.765,17.765,17.765,17.765,350.0,CNNE
2025-11-05 10:37:00,17.775,17.775,17.76,17.765,1340.0,CNNE
2025-11-05 10:36:00,17.78,17.78,17.76,17.76,1459.0,CNNE
2025-11-05 10:35:00,17.78,17.78,17.78,17.78,430.0,CNNE
2025-11-05 10:34:00,17.795,17.795,17.76,17.775,1472.0,CNNE
2025-11-05 10:32:00,17.795,17.795,17.795,17.795,289.0,CNNE
2025-11-05 10:30:00,17.84,17.84,17.82,17.82,2032.0,CNNE
2025-11-05 10:28:00,17.87,17.87,17.87,17.87,654.0,CNNE
2025-11-05 10:27:00,17.85,17.85,17.85,17.85,376.0,CNNE
2025-11-05 10:21:00,17.83,17.83,17.805,17.805,1705.0,CNNE
2025-11-05 10:20:00,17.85,17.85,17.85,17.85,474.0,CNNE
2025-11-05 10:19:00,17.855,17.855,17.84,17.84,1190.0,CNNE
2025-11-05 10:16:00,17.83,17.89,17.81,17.85,10498.0,CNNE
2025-11-05 10:15:00,17.83,17.83,17.83,17.83,134.0,CNNE
2025-11-05 10:14:00,17.83,17.83,17.81,17.81,944.0,CNNE
2025-11-05 10:13:00,17.81,17.81,17.81,17.81,111.0,CNNE
2025-11-05 10:11:00,17.81,17.81,17.81,17.81,201.0,CNNE
2025-11-05 10:10:00,17.81,17.81,17.81,17.81,270.0,CNNE
2025-11-05 10:09:00,17.81,17.8197,17.81,17.8197,585.0,CNNE
2025-11-05 10:08:00,17.81,17.81,17.8035,17.805,1679.0,CNNE
2025-11-05 10:07:00,17.79,17.79,17.75,17.76,3509.0,CNNE
2025-11-05 10:01:00,17.74,17.74,17.74,17.74,119.0,CNNE
2025-11-05 10:00:00,17.785,17.785,17.74,17.74,797.0,CNNE
2025-11-05 09:58:00,17.79,17.79,17.79,17.79,657.0,CNNE
2025-11-05 09:55:00,17.79,17.79,17.79,17.79,577.0,CNNE
2025-11-05 09:53:00,17.845,17.845,17.71,17.735,11571.0,CNNE
2025-11-05 09:52:00,17.765,17.79,17.765,17.79,557.0,CNNE
2025-11-05 09:50:00,17.78,17.78,17.74,17.74,1563.0,CNNE
2025-11-05 09:48:00,17.74,17.78,17.74,17.765,2126.0,CNNE
2025-11-05 09:47:00,17.68,17.68,17.68,17.68,2013.0,CNNE
2025-11-05 09:45:00,17.675,17.675,17.675,17.675,199.0,CNNE
2025-11-05 09:42:00,17.69,17.69,17.69,17.69,108.0,CNNE
2025-11-05 09:40:00,17.6845,17.69,17.6845,17.69,488.0,CNNE
2025-11-05 09:37:00,17.655,17.655,17.655,17.655,170.0,CNNE
2025-11-05 09:30:00,17.7,17.7,17.7,17.7,3890.0,CNNE
2025-11-05 08:57:00,17.6,17.63,17.6,17.63,2.0,CNNE
2025-11-05 08:56:00,17.85,17.85,17.83,17.83,6.0,CNNE
2025-11-05 08:52:00,17.71,17.71,17.71,17.71,1.0,CNNE
2025-11-05 04:23:00,17.88,17.88,17.88,17.88,1.0,CNNE
2025-11-04 19:00:00,17.71,17.71,17.71,17.71,54441.0,CNNE
2025-11-04 18:30:00,17.71,17.71,17.71,17.71,54441.0,CNNE
2025-11-04 16:10:00,17.71,17.71,17.71,17.71,54445.0,CNNE
2025-11-04 16:04:00,17.71,17.71,17.71,17.71,6.0,CNNE
2025-11-04 16:02:00,17.71,17.71,17.71,17.71,2075.0,CNNE
2025-11-04 16:01:00,17.71,17.71,17.71,17.71,5803.0,CNNE
2025-11-04 16:00:00,17.7,17.72,17.7,17.71,116017.0,CNNE
2025-11-04 15:59:00,17.72,17.73,17.7,17.72,22524.0,CNNE
2025-11-04 15:58:00,17.725,17.73,17.71,17.72,10160.0,CNNE
2025-11-04 15:57:00,17.72,17.74,17.72,17.72,8072.0,CNNE
2025-11-04 15:56:00,17.72,17.74,17.72,17.72,6574.0,CNNE
2025-11-04 15:55:00,17.72,17.74,17.72,17.73,5444.0,CNNE
2025-11-04 15:54:00,17.74,17.74,17.72,17.735,7277.0,CNNE
2025-11-04 15:53:00,17.71,17.74,17.71,17.74,4725.0,CNNE
2025-11-04 15:52:00,17.71,17.71,17.7,17.71,2413.0,CNNE
2025-11-04 15:51:00,17.69,17.71,17.69,17.71,1942.0,CNNE
2025-11-04 15:50:00,17.7,17.7,17.685,17.69,1986.0,CNNE
2025-11-04 15:49:00,17.69,17.7,17.69,17.69,2128.0,CNNE
2025-11-04 15:48:00,17.69,17.69,17.67,17.67,2910.0,CNNE
2025-11-04 15:47:00,17.71,17.71,17.7,17.7,577.0,CNNE
2025-11-04 15:46:00,17.71,17.72,17.71,17.71,1353.0,CNNE
2025-11-04 15:45:00,17.7,17.72,17.7,17.72,6089.0,CNNE
2025-11-04 15:44:00,17.7,17.705,17.7,17.705,2525.0,CNNE
2025-11-04 15:43:00,17.68,17.695,17.68,17.695,3220.0,CNNE
2025-11-04 15:42:00,17.675,17.675,17.67,17.675,1746.0,CNNE
2025-11-04 15:41:00,17.68,17.68,17.67,17.67,13057.0,CNNE
2025-11-04 15:40:00,17.68,17.68,17.68,17.68,574.0,CNNE
2025-11-04 15:39:00,17.67,17.68,17.67,17.67,587.0,CNNE
2025-11-04 15:38:00,17.68,17.68,17.67,17.6784,1643.0,CNNE
2025-11-04 15:37:00,17.68,17.69,17.68,17.68,425.0,CNNE
2025-11-04 15:35:00,17.69,17.69,17.69,17.69,345.0,CNNE
2025-11-04 15:34:00,17.68,17.69,17.68,17.69,2293.0,CNNE
2025-11-04 15:33:00,17.685,17.69,17.67,17.67,2166.0,CNNE
2025-11-04 15:32:00,17.69,17.69,17.68,17.69,2063.0,CNNE
2025-11-04 15:31:00,17.69,17.69,17.69,17.69,2542.0,CNNE
2025-11-04 15:30:00,17.69,17.69,17.69,17.69,293.0,CNNE
2025-11-04 15:29:00,17.69,17.69,17.69,17.69,270.0,CNNE
2025-11-04 15:27:00,17.69,17.69,17.68,17.68,2529.0,CNNE
2025-11-04 15:26:00,17.67,17.68,17.67,17.67,1337.0,CNNE
2025-11-04 15:23:00,17.66,17.66,17.66,17.66,1241.0,CNNE
2025-11-04 15:22:00,17.66,17.66,17.66,17.66,1595.0,CNNE
2025-11-04 15:21:00,17.66,17.66,17.66,17.66,223.0,CNNE
2025-11-04 15:20:00,17.67,17.67,17.67,17.67,484.0,CNNE
2025-11-04 15:19:00,17.67,17.67,17.67,17.67,869.0,CNNE
2025-11-04 15:18:00,17.68,17.68,17.67,17.68,2746.0,CNNE
2025-11-04 15:16:00,17.68,17.68,17.68,17.68,389.0,CNNE
2025-11-04 15:14:00,17.68,17.68,17.68,17.68,197.0,CNNE
2025-11-04 15:11:00,17.65,17.6625,17.65,17.6625,2265.0,CNNE
2025-11-04 15:08:00,17.64,17.64,17.64,17.64,1557.0,CNNE
2025-11-04 15:07:00,17.63,17.63,17.63,17.63,368.0,CNNE
2025-11-04 15:06:00,17.64,17.64,17.63,17.63,2688.0,CNNE
2025-11-04 15:05:00,17.63,17.64,17.63,17.64,1582.0,CNNE
2025-11-04 15:03:00,17.65,17.65,17.65,17.65,759.0,CNNE
2025-11-04 15:02:00,17.64,17.64,17.64,17.64,382.0,CNNE
2025-11-04 15:01:00,17.64,17.64,17.64,17.64,303.0,CNNE
2025-11-04 14:56:00,17.66,17.665,17.64,17.64,5585.0,CNNE
2025-11-04 14:53:00,17.7,17.7,17.68,17.68,2852.0,CNNE
2025-11-04 14:52:00,17.68,17.7,17.68,17.7,294.0,CNNE
2025-11-04 14:51:00,17.67,17.69,17.67,17.685,1947.0,CNNE
2025-11-04 14:47:00,17.67,17.67,17.66,17.66,395.0,CNNE
2025-11-04 14:45:00,17.65,17.65,17.65,17.65,339.0,CNNE
2025-11-04 14:44:00,17.64,17.64,17.64,17.64,712.0,CNNE
2025-11-04 14:43:00,17.66,17.66,17.64,17.64,2559.0,CNNE
2025-11-04 14:42:00,17.66,17.66,17.66,17.66,683.0,CNNE
2025-11-04 14:39:00,17.65,17.65,17.65,17.65,416.0,CNNE
2025-11-04 14:38:00,17.65,17.65,17.65,17.65,2005.0,CNNE
2025-11-04 14:37:00,17.64,17.65,17.64,17.65,599.0,CNNE
2025-11-04 14:33:00,17.635,17.645,17.635,17.64,5618.0,CNNE
2025-11-04 14:32:00,17.635,17.635,17.635,17.635,196.0,CNNE
2025-11-04 14:31:00,17.63,17.635,17.63,17.635,2228.0,CNNE
2025-11-04 14:30:00,17.65,17.65,17.64,17.64,1985.0,CNNE
2025-11-04 14:29:00,17.655,17.655,17.6502,17.6502,582.0,CNNE
2025-11-04 14:28:00,17.64,17.655,17.64,17.65,3503.0,CNNE
2025-11-04 14:25:00,17.64,17.64,17.64,17.64,605.0,CNNE
2025-11-04 14:24:00,17.645,17.645,17.64,17.64,807.0,CNNE
2025-11-04 14:21:00,17.63,17.64,17.63,17.63,2471.0,CNNE
2025-11-04 14:20:00,17.62,17.63,17.62,17.63,1554.0,CNNE
2025-11-04 14:19:00,17.615,17.615,17.61,17.61,1979.0,CNNE
2025-11-04 14:18:00,17.615,17.615,17.615,17.615,283.0,CNNE
2025-11-04 14:17:00,17.62,17.62,17.62,17.62,384.0,CNNE
2025-11-04 14:15:00,17.62,17.62,17.62,17.62,1128.0,CNNE
2025-11-04 14:14:00,17.61,17.61,17.61,17.61,500.0,CNNE
2025-11-04 14:13:00,17.61,17.61,17.6,17.6,295.0,CNNE
2025-11-04 14:12:00,17.61,17.61,17.6,17.61,1482.0,CNNE
2025-11-04 14:10:00,17.61,17.61,17.61,17.61,154.0,CNNE
2025-11-04 14:09:00,17.61,17.61,17.61,17.61,458.0,CNNE
2025-11-04 14:07:00,17.61,17.61,17.61,17.61,525.0,CNNE
2025-11-04 14:06:00,17.62,17.62,17.61,17.61,692.0,CNNE
2025-11-04 14:05:00,17.65,17.65,17.63,17.63,2869.0,CNNE
2025-11-04 14:04:00,17.65,17.65,17.65,17.65,865.0,CNNE
2025-11-04 14:02:00,17.645,17.645,17.63,17.645,1601.0,CNNE
2025-11-04 13:58:00,17.64,17.64,17.64,17.64,701.0,CNNE
2025-11-04 13:56:00,17.66,17.66,17.63,17.63,2768.0,CNNE
2025-11-04 13:54:00,17.65,17.65,17.65,17.65,1228.0,CNNE
2025-11-04 13:52:00,17.637,17.64,17.637,17.64,534.0,CNNE
2025-11-04 13:49:00,17.64,17.64,17.64,17.64,201.0,CNNE
2025-11-04 13:48:00,17.6501,17.6501,17.64,17.64,2360.0,CNNE
2025-11-04 13:47:00,17.66,17.66,17.66,17.66,253.0,CNNE
2025-11-04 13:46:00,17.66,17.66,17.66,17.66,411.0,CNNE
2025-11-04 13:42:00,17.66,17.66,17.66,17.66,473.0,CNNE
2025-11-04 13:41:00,17.65,17.65,17.65,17.65,1495.0,CNNE
2025-11-04 13:40:00,17.67,17.67,17.66,17.66,2303.0,CNNE
2025-11-04 13:38:00,17.67,17.67,17.67,17.67,480.0,CNNE
2025-11-04 13:37:00,17.67,17.67,17.67,17.67,586.0,CNNE
2025-11-04 13:34:00,17.665,17.665,17.665,17.665,893.0,CNNE
2025-11-04 13:31:00,17.68,17.68,17.67,17.67,940.0,CNNE
2025-11-04 13:30:00,17.68,17.68,17.68,17.68,893.0,CNNE
2025-11-04 13:28:00,17.67,17.67,17.67,17.67,170.0,CNNE
2025-11-04 13:27:00,17.67,17.67,17.67,17.67,188.0,CNNE
2025-11-04 13:26:00,17.68,17.68,17.66,17.67,4333.0,CNNE
2025-11-04 13:24:00,17.68,17.68,17.68,17.68,321.0,CNNE
2025-11-04 13:22:00,17.69,17.69,17.68,17.68,1098.0,CNNE
2025-11-04 13:21:00,17.69,17.69,17.69,17.69,133.0,CNNE
2025-11-04 13:20:00,17.6802,17.6802,17.6802,17.6802,570.0,CNNE
2025-11-04 13:19:00,17.69,17.7,17.69,17.69,1529.0,CNNE
2025-11-04 13:18:00,17.7,17.7,17.7,17.7,218.0,CNNE
2025-11-04 13:13:00,17.7,17.7,17.7,17.7,1043.0,CNNE
2025-11-04 13:11:00,17.69,17.69,17.68,17.69,1182.0,CNNE
2025-11-04 13:10:00,17.69,17.69,17.69,17.69,992.0,CNNE
2025-11-04 13:04:00,17.68,17.68,17.68,17.68,541.0,CNNE
2025-11-04 13:03:00,17.67,17.675,17.67,17.675,962.0,CNNE
2025-11-04 13:01:00,17.67,17.69,17.67,17.69,1312.0,CNNE
2025-11-04 12:57:00,17.66,17.66,17.66,17.66,1788.0,CNNE
2025-11-04 12:55:00,17.68,17.68,17.6601,17.6601,1879.0,CNNE
2025-11-04 12:53:00,17.69,17.69,17.68,17.685,2372.0,CNNE
2025-11-04 12:50:00,17.7,17.7,17.7,17.7,447.0,CNNE
2025-11-04 12:49:00,17.69,17.705,17.69,17.7,1505.0,CNNE
2025-11-04 12:46:00,17.67,17.68,17.67,17.68,1753.0,CNNE
2025-11-04 12:41:00,17.66,17.66,17.66,17.66,339.0,CNNE
2025-11-04 12:37:00,17.67,17.67,17.66,17.67,2618.0,CNNE
2025-11-04 12:36:00,17.68,17.68,17.68,17.68,806.0,CNNE
2025-11-04 12:35:00,17.695,17.695,17.695,17.695,108.0,CNNE
2025-11-04 12:34:00,17.7,17.7,17.7,17.7,1110.0,CNNE
2025-11-04 12:33:00,17.71,17.71,17.71,17.71,232.0,CNNE
2025-11-04 12:30:00,17.71,17.71,17.705,17.71,1073.0,CNNE
2025-11-04 12:29:00,17.72,17.725,17.72,17.725,1715.0,CNNE
2025-11-04 12:27:00,17.74,17.74,17.74,17.74,346.0,CNNE
2025-11-04 12:25:00,17.74,17.74,17.74,17.74,342.0,CNNE
2025-11-04 12:24:00,17.725,17.725,17.725,17.725,172.0,CNNE
2025-11-04 12:23:00,17.73,17.73,17.73,17.73,126.0,CNNE
2025-11-04 12:22:00,17.72,17.75,17.72,17.73,1889.0,CNNE
2025-11-04 12:21:00,17.71,17.71,17.71,17.71,299.0,CNNE
2025-11-04 12:20:00,17.7,17.7,17.7,17.7,265.0,CNNE
2025-11-04 12:19:00,17.71,17.71,17.7,17.7,1062.0,CNNE
2025-11-04 12:18:00,17.7002,17.71,17.7002,17.71,2323.0,CNNE
2025-11-04 12:17:00,17.73,17.73,17.71,17.71,1456.0,CNNE
2025-11-04 12:16:00,17.73,17.73,17.73,17.73,454.0,CNNE
2025-11-04 12:11:00,17.725,17.725,17.725,17.725,245.0,CNNE
2025-11-04 12:10:00,17.73,17.73,17.72,17.725,1997.0,CNNE
2025-11-04 12:09:00,17.74,17.74,17.74,17.74,185.0,CNNE
2025-11-04 12:08:00,17.74,17.74,17.74,17.74,169.0,CNNE
2025-11-04 12:07:00,17.74,17.74,17.74,17.74,132.0,CNNE
2025-11-04 12:06:00,17.74,17.74,17.74,17.74,696.0,CNNE
2025-11-04 12:04:00,17.7536,17.7536,17.745,17.745,1034.0,CNNE
2025-11-04 12:03:00,17.75,17.75,17.75,17.75,620.0,CNNE
2025-11-04 12:02:00,17.76,17.76,17.76,17.76,776.0,CNNE
2025-11-04 12:00:00,17.775,17.775,17.77,17.77,1689.0,CNNE
2025-11-04 11:59:00,17.76,17.785,17.76,17.785,1003.0,CNNE
2025-11-04 11:57:00,17.745,17.745,17.73,17.745,852.0,CNNE
2025-11-04 11:53:00,17.71,17.76,17.71,17.74,1451.0,CNNE
2025-11-04 11:44:00,17.69,17.69,17.69,17.69,124.0,CNNE
2025-11-04 11:43:00,17.68,17.68,17.68,17.68,940.0,CNNE
2025-11-04 11:42:00,17.655,17.655,17.655,17.655,276.0,CNNE
2025-11-04 11:40:00,17.69,17.69,17.655,17.655,2461.0,CNNE
2025-11-04 11:39:00,17.69,17.695,17.69,17.69,635.0,CNNE
2025-11-04 11:38:00,17.69,17.7,17.69,17.7,494.0,CNNE
2025-11-04 11:37:00,17.7,17.7,17.7,17.7,210.0,CNNE
2025-11-04 11:35:00,17.7,17.7,17.69,17.7,1641.0,CNNE
2025-11-04 11:34:00,17.72,17.72,17.72,17.72,149.0,CNNE
2025-11-04 11:33:00,17.67,17.7,17.67,17.69,2815.0,CNNE
2025-11-04 11:30:00,17.66,17.67,17.66,17.67,4207.0,CNNE
2025-11-04 11:29:00,17.66,17.66,17.66,17.66,683.0,CNNE
2025-11-04 11:28:00,17.65,17.65,17.65,17.65,557.0,CNNE
2025-11-04 11:27:00,17.65,17.65,17.65,17.65,515.0,CNNE
2025-11-04 11:26:00,17.65,17.65,17.65,17.65,203.0,CNNE
2025-11-04 11:23:00,17.6804,17.6804,17.67,17.67,1853.0,CNNE
2025-11-04 11:20:00,17.7,17.7,17.69,17.69,1134.0,CNNE
2025-11-04 11:19:00,17.68,17.7,17.68,17.7,928.0,CNNE
2025-11-04 11:18:00,17.67,17.67,17.67,17.67,233.0,CNNE
2025-11-04 11:15:00,17.66,17.66,17.65,17.66,2523.0,CNNE
2025-11-04 11:13:00,17.67,17.67,17.67,17.67,248.0,CNNE
2025-11-04 11:11:00,17.66,17.67,17.66,17.67,783.0,CNNE
2025-11-04 11:10:00,17.65,17.655,17.65,17.655,1085.0,CNNE
2025-11-04 11:07:00,17.63,17.63,17.63,17.63,1232.0,CNNE
2025-11-04 11:06:00,17.62,17.62,17.61,17.62,1062.0,CNNE
2025-11-04 11:05:00,17.62,17.62,17.61,17.61,610.0,CNNE
2025-11-04 11:02:00,17.625,17.625,17.62,17.62,219.0,CNNE
2025-11-04 11:00:00,17.62,17.62,17.62,17.62,444.0,CNNE
2025-11-04 10:58:00,17.6,17.6,17.6,17.6,528.0,CNNE
2025-11-04 10:55:00,17.63,17.63,17.62,17.62,1000.0,CNNE
2025-11-04 10:52:00,17.66,17.66,17.64,17.64,575.0,CNNE
2025-11-04 10:51:00,17.66,17.66,17.66,17.66,152.0,CNNE
2025-11-04 10:48:00,17.64,17.655,17.64,17.655,504.0,CNNE
2025-11-04 10:47:00,17.665,17.665,17.665,17.665,193.0,CNNE
2025-11-04 10:46:00,17.63,17.66,17.63,17.66,1194.0,CNNE
2025-11-04 10:45:00,17.605,17.63,17.605,17.63,745.0,CNNE
2025-11-04 10:44:00,17.67,17.67,17.64,17.64,2982.0,CNNE
2025-11-04 10:43:00,17.68,17.68,17.68,17.68,393.0,CNNE
2025-11-04 10:42:00,17.685,17.685,17.67,17.685,841.0,CNNE
2025-11-04 10:38:00,17.69,17.7,17.685,17.7,942.0,CNNE
2025-11-04 10:37:00,17.68,17.68,17.68,17.68,605.0,CNNE
2025-11-04 10:36:00,17.66,17.66,17.66,17.66,1138.0,CNNE
2025-11-04 10:33:00,17.66,17.66,17.66,17.66,144.0,CNNE
2025-11-04 10:32:00,17.66,17.66,17.66,17.66,193.0,CNNE
2025-11-04 10:30:00,17.735,17.735,17.69,17.69,1211.0,CNNE
2025-11-04 10:28:00,17.72,17.72,17.72,17.72,103.0,CNNE
2025-11-04 10:26:00,17.74,17.74,17.72,17.72,774.0,CNNE
2025-11-04 10:24:00,17.72,17.72,17.72,17.72,191.0,CNNE
2025-11-04 10:23:00,17.73,17.73,17.72,17.72,2151.0,CNNE
2025-11-04 10:22:00,17.75,17.75,17.73,17.73,2832.0,CNNE
2025-11-04 10:21:00,17.765,17.765,17.75,17.75,505.0,CNNE
2025-11-04 10:20:00,17.74,17.765,17.74,17.74,592.0,CNNE
2025-11-04 10:19:00,17.74,17.74,17.74,17.74,114.0,CNNE
2025-11-04 10:18:00,17.74,17.74,17.74,17.74,192.0,CNNE
2025-11-04 10:17:00,17.785,17.785,17.74,17.74,323.0,CNNE
2025-11-04 10:14:00,17.795,17.795,17.795,17.795,630.0,CNNE
2025-11-04 10:13:00,17.75,17.8,17.75,17.8,631.0,CNNE
2025-11-04 10:12:00,17.725,17.725,17.725,17.725,178.0,CNNE
2025-11-04 10:11:00,17.69,17.72,17.69,17.72,640.0,CNNE
2025-11-04 10:09:00,17.7027,17.7027,17.7027,17.7027,315.0,CNNE
2025-11-04 10:08:00,17.725,17.725,17.7,17.705,3020.0,CNNE
2025-11-04 10:07:00,17.725,17.725,17.725,17.725,160.0,CNNE
2025-11-04 10:06:00,17.71,17.725,17.71,17.725,545.0,CNNE
2025-11-04 10:05:00,17.745,17.745,17.71,17.72,1650.0,CNNE
2025-11-04 10:04:00,17.74,17.74,17.72,17.72,2548.0,CNNE
2025-11-04 10:03:00,17.75,17.75,17.75,17.75,405.0,CNNE
2025-11-04 10:00:00,17.71,17.715,17.71,17.715,977.0,CNNE
2025-11-04 09:54:00,17.685,17.685,17.685,17.685,874.0,CNNE
2025-11-04 09:53:00,17.71,17.71,17.71,17.71,259.0,CNNE
2025-11-04 09:51:00,17.71,17.71,17.71,17.71,150.0,CNNE
2025-11-04 09:50:00,17.66,17.675,17.65,17.65,822.0,CNNE
2025-11-04 09:49:00,17.595,17.63,17.595,17.63,2332.0,CNNE
2025-11-04 09:48:00,17.625,17.625,17.625,17.625,330.0,CNNE
2025-11-04 09:46:00,17.555,17.625,17.555,17.625,262.0,CNNE
2025-11-04 09:44:00,17.625,17.625,17.625,17.625,158.0,CNNE
2025-11-04 09:43:00,17.63,17.63,17.63,17.63,356.0,CNNE
2025-11-04 09:42:00,17.645,17.645,17.63,17.63,218.0,CNNE
2025-11-04 09:41:00,17.535,17.66,17.535,17.6571,5369.0,CNNE
2025-11-04 09:40:00,17.54,17.5446,17.52,17.52,1404.0,CNNE
2025-11-04 09:39:00,17.54,17.55,17.54,17.55,659.0,CNNE
2025-11-04 09:38:00,17.555,17.555,17.54,17.54,466.0,CNNE
2025-11-04 09:37:00,17.52,17.52,17.52,17.52,534.0,CNNE
2025-11-04 09:30:00,17.59,17.59,17.585,17.585,3585.0,CNNE
2025-11-04 09:20:00,17.45,17.45,17.45,17.45,8.0,CNNE
2025-11-04 09:19:00,17.6,17.6,17.5,17.5,53.0,CNNE
2025-11-04 09:04:00,17.29,17.54,17.28,17.3,9.0,CNNE
2025-11-04 09:03:00,17.54,17.54,17.54,17.54,1.0,CNNE
2025-11-04 08:57:00,17.6,17.6,17.54,17.54,5.0,CNNE
2025-11-04 07:40:00,17.76,17.76,17.76,17.76,3.0,CNNE
2025-11-03 19:00:00,17.61,17.61,17.61,17.61,85024.0,CNNE
2025-11-03 18:30:00,17.61,17.61,17.61,17.61,85024.0,CNNE
2025-11-03 17:55:00,17.61,17.61,17.61,17.61,4215.0,CNNE
2025-11-03 16:10:00,17.61,17.61,17.61,17.61,85027.0,CNNE
2025-11-03 16:04:00,17.61,17.61,17.61,17.61,7.0,CNNE
2025-11-03 16:02:00,17.61,17.61,17.61,17.61,516.0,CNNE
2025-11-03 16:01:00,17.61,17.61,17.61,17.61,968.0,CNNE
2025-11-03 16:00:00,17.61,17.615,17.61,17.61,176200.0,CNNE
2025-11-03 15:59:00,17.6,17.63,17.58,17.61,29608.0,CNNE
2025-11-03 15:58:00,17.59,17.61,17.58,17.6,20099.0,CNNE
2025-11-03 15:57:00,17.62,17.62,17.58,17.58,6641.0,CNNE
2025-11-03 15:56:00,17.65,17.65,17.61,17.63,10306.0,CNNE
2025-11-03 15:55:00,17.67,17.67,17.6425,17.65,5910.0,CNNE
2025-11-03 15:54:00,17.68,17.68,17.67,17.67,1733.0,CNNE
2025-11-03 15:53:00,17.68,17.68,17.67,17.67,933.0,CNNE
2025-11-03 15:52:00,17.67,17.67,17.67,17.67,762.0,CNNE
2025-11-03 15:51:00,17.64,17.67,17.64,17.67,4860.0,CNNE
2025-11-03 15:50:00,17.62,17.66,17.62,17.65,10896.0,CNNE
2025-11-03 15:49:00,17.61,17.61,17.61,17.61,2050.0,CNNE
2025-11-03 15:48:00,17.6,17.61,17.59,17.61,4044.0,CNNE
2025-11-03 15:47:00,17.62,17.62,17.62,17.62,1272.0,CNNE
2025-11-03 15:46:00,17.655,17.655,17.63,17.635,4823.0,CNNE
2025-11-03 15:45:00,17.65,17.655,17.65,17.65,1168.0,CNNE
2025-11-03 15:44:00,17.665,17.67,17.645,17.6501,5075.0,CNNE
2025-11-03 15:43:00,17.66,17.66,17.655,17.66,5494.0,CNNE
2025-11-03 15:42:00,17.66,17.665,17.66,17.66,2170.0,CNNE
2025-11-03 15:41:00,17.675,17.675,17.66,17.66,3062.0,CNNE
2025-11-03 15:40:00,17.68,17.68,17.66,17.67,1296.0,CNNE
2025-11-03 15:39:00,17.65,17.67,17.65,17.67,1990.0,CNNE
2025-11-03 15:38:00,17.65,17.65,17.65,17.65,308.0,CNNE
2025-11-03 15:37:00,17.64,17.64,17.64,17.64,507.0,CNNE
2025-11-03 15:36:00,17.65,17.65,17.65,17.65,914.0,CNNE
2025-11-03 15:35:00,17.6,17.665,17.6,17.64,5546.0,CNNE
2025-11-03 15:34:00,17.62,17.62,17.6,17.605,3493.0,CNNE
2025-11-03 15:33:00,17.62,17.62,17.62,17.62,203.0,CNNE
2025-11-03 15:32:00,17.615,17.615,17.61,17.61,750.0,CNNE
2025-11-03 15:31:00,17.62,17.62,17.615,17.615,2186.0,CNNE
2025-11-03 15:30:00,17.63,17.63,17.61,17.61,3257.0,CNNE
2025-11-03 15:29:00,17.64,17.64,17.64,17.64,315.0,CNNE
2025-11-03 15:28:00,17.64,17.64,17.63,17.63,1360.0,CNNE
2025-11-03 15:26:00,17.645,17.645,17.645,17.645,668.0,CNNE
2025-11-03 15:25:00,17.63,17.64,17.63,17.63,1953.0,CNNE
2025-11-03 15:24:00,17.65,17.65,17.65,17.65,1480.0,CNNE
2025-11-03 15:22:00,17.65,17.65,17.65,17.65,118.0,CNNE
2025-11-03 15:21:00,17.64,17.64,17.64,17.64,613.0,CNNE
2025-11-03 15:20:00,17.685,17.685,17.67,17.67,2394.0,CNNE
2025-11-03 15:16:00,17.69,17.7,17.69,17.7,2328.0,CNNE
2025-11-03 15:14:00,17.642,17.695,17.63,17.685,13107.0,CNNE
2025-11-03 15:13:00,17.64,17.665,17.64,17.66,4458.0,CNNE
2025-11-03 15:11:00,17.65,17.65,17.64,17.64,2287.0,CNNE
2025-11-03 15:09:00,17.66,17.66,17.635,17.635,2702.0,CNNE
2025-11-03 15:04:00,17.68,17.68,17.67,17.67,1473.0,CNNE
2025-11-03 15:01:00,17.67,17.69,17.67,17.69,2910.0,CNNE
2025-11-03 15:00:00,17.67,17.68,17.67,17.67,2901.0,CNNE
2025-11-03 14:59:00,17.67,17.67,17.67,17.67,220.0,CNNE
2025-11-03 14:57:00,17.685,17.685,17.685,17.685,383.0,CNNE
2025-11-03 14:56:00,17.685,17.685,17.685,17.685,130.0,CNNE
2025-11-03 14:55:00,17.685,17.685,17.685,17.685,328.0,CNNE
2025-11-03 14:53:00,17.69,17.69,17.69,17.69,303.0,CNNE
2025-11-03 14:52:00,17.675,17.675,17.675,17.675,274.0,CNNE
2025-11-03 14:51:00,17.7,17.71,17.69,17.69,3730.0,CNNE
2025-11-03 14:48:00,17.72,17.72,17.72,17.72,313.0,CNNE
2025-11-03 14:47:00,17.72,17.72,17.72,17.72,132.0,CNNE
2025-11-03 14:44:00,17.72,17.72,17.72,17.72,325.0,CNNE
2025-11-03 14:43:00,17.72,17.72,17.72,17.72,206.0,CNNE
2025-11-03 14:41:00,17.725,17.725,17.725,17.725,150.0,CNNE
2025-11-03 14:39:00,17.675,17.73,17.675,17.73,3424.0,CNNE
2025-11-03 14:38:00,17.72,17.72,17.675,17.675,2168.0,CNNE
2025-11-03 14:37:00,17.73,17.73,17.723,17.723,305.0,CNNE
2025-11-03 14:35:00,17.73,17.73,17.715,17.715,1169.0,CNNE
2025-11-03 14:34:00,17.74,17.74,17.73,17.73,906.0,CNNE
2025-11-03 14:32:00,17.73,17.74,17.73,17.74,681.0,CNNE
2025-11-03 14:29:00,17.76,17.76,17.72,17.737,5065.0,CNNE
2025-11-03 14:26:00,17.77,17.775,17.77,17.775,1534.0,CNNE
2025-11-03 14:22:00,17.775,17.775,17.775,17.775,576.0,CNNE
2025-11-03 14:21:00,17.76,17.76,17.76,17.76,419.0,CNNE
2025-11-03 14:19:00,17.77,17.77,17.76,17.76,2084.0,CNNE
2025-11-03 14:18:00,17.76,17.76,17.76,17.76,414.0,CNNE
2025-11-03 14:15:00,17.76,17.76,17.76,17.76,213.0,CNNE
2025-11-03 14:14:00,17.76,17.76,17.76,17.76,329.0,CNNE
2025-11-03 14:12:00,17.7652,17.77,17.76,17.76,1897.0,CNNE
2025-11-03 14:11:00,17.76,17.76,17.76,17.76,867.0,CNNE
2025-11-03 14:08:00,17.78,17.78,17.77,17.77,1102.0,CNNE
2025-11-03 14:07:00,17.77,17.78,17.77,17.78,704.0,CNNE
2025-11-03 14:04:00,17.76,17.77,17.76,17.77,1293.0,CNNE
2025-11-03 14:03:00,17.77,17.77,17.77,17.77,220.0,CNNE
2025-11-03 14:00:00,17.76,17.76,17.76,17.76,969.0,CNNE
2025-11-03 13:59:00,17.76,17.76,17.73,17.75,3984.0,CNNE
2025-11-03 13:55:00,17.77,17.77,17.77,17.77,357.0,CNNE
2025-11-03 13:50:00,17.75,17.77,17.74,17.765,4371.0,CNNE
2025-11-03 13:49:00,17.75,17.75,17.75,17.75,535.0,CNNE
2025-11-03 13:48:00,17.76,17.76,17.76,17.76,109.0,CNNE
2025-11-03 13:47:00,17.75,17.75,17.75,17.75,1415.0,CNNE
2025-11-03 13:46:00,17.77,17.77,17.76,17.76,1384.0,CNNE
2025-11-03 13:42:00,17.77,17.77,17.77,17.77,542.0,CNNE
2025-11-03 13:41:00,17.77,17.77,17.76,17.77,886.0,CNNE
2025-11-03 13:40:00,17.75,17.77,17.75,17.77,1330.0,CNNE
2025-11-03 13:39:00,17.75,17.75,17.75,17.75,184.0,CNNE
2025-11-03 13:38:00,17.76,17.76,17.76,17.76,333.0,CNNE
2025-11-03 13:37:00,17.76,17.76,17.76,17.76,258.0,CNNE
2025-11-03 13:36:00,17.76,17.76,17.76,17.76,416.0,CNNE
2025-11-03 13:35:00,17.7401,17.77,17.7401,17.77,1368.0,CNNE
2025-11-03 13:33:00,17.76,17.76,17.755,17.7551,1016.0,CNNE
2025-11-03 13:32:00,17.75,17.75,17.75,17.75,241.0,CNNE
2025-11-03 13:31:00,17.75,17.75,17.75,17.75,1163.0,CNNE
2025-11-03 13:28:00,17.73,17.73,17.73,17.73,360.0,CNNE
2025-11-03 13:26:00,17.75,17.75,17.74,17.74,626.0,CNNE
2025-11-03 13:25:00,17.76,17.76,17.745,17.745,476.0,CNNE
2025-11-03 13:24:00,17.78,17.78,17.77,17.77,2207.0,CNNE
2025-11-03 13:23:00,17.78,17.785,17.78,17.78,990.0,CNNE
2025-11-03 13:21:00,17.79,17.79,17.79,17.79,149.0,CNNE
2025-11-03 13:20:00,17.8,17.8,17.8,17.8,769.0,CNNE
2025-11-03 13:19:00,17.8,17.8,17.8,17.8,110.0,CNNE
2025-11-03 13:17:00,17.8,17.8,17.8,17.8,227.0,CNNE
2025-11-03 13:16:00,17.8,17.8,17.8,17.8,244.0,CNNE
2025-11-03 13:14:00,17.795,17.8,17.795,17.8,1606.0,CNNE
2025-11-03 13:13:00,17.79,17.79,17.79,17.79,667.0,CNNE
2025-11-03 13:12:00,17.805,17.805,17.805,17.805,188.0,CNNE
2025-11-03 13:11:00,17.815,17.815,17.815,17.815,748.0,CNNE
2025-11-03 13:08:00,17.815,17.815,17.815,17.815,432.0,CNNE
2025-11-03 13:07:00,17.815,17.815,17.815,17.815,135.0,CNNE
2025-11-03 13:05:00,17.85,17.86,17.81,17.81,5307.0,CNNE
2025-11-03 13:04:00,17.835,17.835,17.835,17.835,460.0,CNNE
2025-11-03 13:03:00,17.835,17.835,17.835,17.835,270.0,CNNE
2025-11-03 13:00:00,17.84,17.84,17.84,17.84,428.0,CNNE
2025-11-03 12:59:00,17.86,17.86,17.845,17.845,1983.0,CNNE
2025-11-03 12:54:00,17.87,17.87,17.87,17.87,772.0,CNNE
2025-11-03 12:53:00,17.88,17.88,17.88,17.88,110.0,CNNE
2025-11-03 12:52:00,17.88,17.88,17.88,17.88,791.0,CNNE
2025-11-03 12:51:00,17.88,17.89,17.88,17.88,1895.0,CNNE
2025-11-03 12:48:00,17.865,17.865,17.865,17.865,403.0,CNNE
2025-11-03 12:47:00,17.885,17.885,17.86,17.86,9902.0,CNNE
2025-11-03 12:46:00,17.87,17.885,17.87,17.885,481.0,CNNE
2025-11-03 12:44:00,17.89,17.89,17.89,17.89,877.0,CNNE
2025-11-03 12:35:00,17.88,17.88,17.88,17.88,955.0,CNNE
2025-11-03 12:32:00,17.87,17.9,17.87,17.89,2707.0,CNNE
2025-11-03 12:29:00,17.88,17.88,17.88,17.88,236.0,CNNE
2025-11-03 12:28:00,17.86,17.87,17.86,17.87,1118.0,CNNE
2025-11-03 12:24:00,17.91,17.91,17.91,17.91,849.0,CNNE
2025-11-03 12:22:00,17.95,17.95,17.94,17.94,1316.0,CNNE
2025-11-03 12:20:00,17.94,17.94,17.94,17.94,463.0,CNNE
2025-11-03 12:19:00,17.94,17.95,17.94,17.95,1632.0,CNNE
2025-11-03 12:18:00,17.93,17.93,17.93,17.93,1901.0,CNNE
2025-11-03 12:16:00,17.9201,17.9201,17.9201,17.9201,254.0,CNNE
2025-11-03 12:14:00,17.91,17.91,17.91,17.91,416.0,CNNE
2025-11-03 12:11:00,17.92,17.92,17.92,17.92,613.0,CNNE
2025-11-03 12:10:00,17.93,17.93,17.92,17.92,726.0,CNNE
2025-11-03 12:06:00,17.935,17.935,17.935,17.935,276.0,CNNE
2025-11-03 12:05:00,17.93,17.93,17.93,17.93,313.0,CNNE
2025-11-03 12:04:00,17.94,17.94,17.94,17.94,939.0,CNNE
2025-11-03 12:03:00,17.9501,17.96,17.95,17.96,650.0,CNNE
2025-11-03 12:00:00,17.96,17.96,17.96,17.96,1034.0,CNNE
2025-11-03 11:59:00,17.971,17.971,17.971,17.971,453.0,CNNE
2025-11-03 11:56:00,17.95,17.95,17.95,17.95,1144.0,CNNE
2025-11-03 11:55:00,17.93,17.93,17.93,17.93,337.0,CNNE
2025-11-03 11:52:00,17.93,17.94,17.93,17.94,955.0,CNNE
2025-11-03 11:51:00,17.9283,17.9283,17.92,17.92,808.0,CNNE
2025-11-03 11:50:00,17.91,17.92,17.91,17.915,4178.0,CNNE
2025-11-03 11:41:00,17.9319,17.9319,17.9319,17.9319,867.0,CNNE
2025-11-03 11:37:00,17.93,17.93,17.93,17.93,227.0,CNNE
2025-11-03 11:35:00,17.93,17.95,17.93,17.93,3116.0,CNNE
2025-11-03 11:34:00,17.95,17.95,17.95,17.95,287.0,CNNE
2025-11-03 11:31:00,17.95,17.95,17.95,17.95,461.0,CNNE
2025-11-03 11:30:00,17.895,17.94,17.895,17.94,1765.0,CNNE
2025-11-03 11:26:00,17.88,17.89,17.88,17.88,1626.0,CNNE
2025-11-03 11:23:00,17.91,17.91,17.895,17.895,372.0,CNNE
2025-11-03 11:22:00,17.89,17.9,17.89,17.9,2759.0,CNNE
2025-11-03 11:21:00,17.89,17.89,17.89,17.89,522.0,CNNE
2025-11-03 11:20:00,17.91,17.91,17.88,17.88,6807.0,CNNE
2025-11-03 11:11:00,17.86,17.88,17.8575,17.88,1087.0,CNNE
2025-11-03 11:10:00,17.85,17.86,17.85,17.86,535.0,CNNE
2025-11-03 11:09:00,17.87,17.87,17.85,17.85,2482.0,CNNE
2025-11-03 11:07:00,17.86,17.86,17.86,17.86,300.0,CNNE
2025-11-03 11:03:00,17.85,17.85,17.85,17.85,587.0,CNNE
2025-11-03 11:01:00,17.85,17.85,17.85,17.85,289.0,CNNE
2025-11-03 11:00:00,17.85,17.85,17.85,17.85,1278.0,CNNE
2025-11-03 10:57:00,17.83,17.83,17.83,17.83,185.0,CNNE
2025-11-03 10:56:00,17.83,17.83,17.83,17.83,151.0,CNNE
2025-11-03 10:55:00,17.84,17.84,17.84,17.84,788.0,CNNE
2025-11-03 10:54:00,17.85,17.85,17.85,17.85,246.0,CNNE
2025-11-03 10:52:00,17.86,17.86,17.86,17.86,974.0,CNNE
2025-11-03 10:50:00,17.86,17.885,17.845,17.885,4896.0,CNNE
2025-11-03 10:49:00,17.88,17.88,17.88,17.88,210.0,CNNE
2025-11-03 10:48:00,17.88,17.88,17.88,17.88,678.0,CNNE
2025-11-03 10:47:00,17.88,17.9,17.875,17.895,2350.0,CNNE
2025-11-03 10:46:00,17.88,17.88,17.87,17.87,11683.0,CNNE
2025-11-03 10:45:00,17.9,17.9,17.9,17.9,117.0,CNNE
2025-11-03 10:42:00,17.86,17.89,17.86,17.87,4893.0,CNNE
2025-11-03 10:40:00,17.87,17.87,17.855,17.855,1126.0,CNNE
2025-11-03 10:39:00,17.855,17.855,17.855,17.855,605.0,CNNE
2025-11-03 10:38:00,17.86,17.86,17.85,17.855,2240.0,CNNE
2025-11-03 10:37:00,17.86,17.86,17.86,17.86,288.0,CNNE
2025-11-03 10:36:00,17.85,17.86,17.85,17.86,1640.0,CNNE
2025-11-03 10:35:00,17.85,17.86,17.84,17.86,2136.0,CNNE
2025-11-03 10:34:00,17.835,17.835,17.835,17.835,424.0,CNNE
2025-11-03 10:33:00,17.835,17.835,17.835,17.835,1626.0,CNNE
2025-11-03 10:32:00,17.862,17.862,17.835,17.835,5106.0,CNNE
2025-11-03 10:31:00,17.89,17.89,17.86,17.87,8061.0,CNNE
2025-11-03 10:29:00,17.9,17.9,17.9,17.9,869.0,CNNE
2025-11-03 10:28:00,17.915,17.915,17.9,17.915,846.0,CNNE
2025-11-03 10:27:00,17.915,17.915,17.915,17.915,243.0,CNNE
2025-11-03 10:26:00,17.87,17.9,17.87,17.9,1425.0,CNNE
2025-11-03 10:25:00,17.87,17.87,17.87,17.87,427.0,CNNE
2025-11-03 10:24:00,17.87,17.87,17.87,17.87,11030.0,CNNE
2025-11-03 10:23:00,17.91,17.91,17.87,17.87,762.0,CNNE
2025-11-03 10:21:00,17.91,17.91,17.91,17.91,545.0,CNNE
2025-11-03 10:20:00,17.93,17.93,17.91,17.91,566.0,CNNE
2025-11-03 10:16:00,17.93,17.94,17.92,17.93,2326.0,CNNE
2025-11-03 10:14:00,17.94,17.94,17.93,17.93,483.0,CNNE
2025-11-03 10:10:00,17.93,17.93,17.93,17.93,611.0,CNNE
2025-11-03 10:08:00,17.93,17.93,17.93,17.93,625.0,CNNE
2025-11-03 10:06:00,17.825,17.825,17.825,17.825,238.0,CNNE
2025-11-03 10:05:00,17.92,17.92,17.825,17.825,5641.0,CNNE
2025-11-03 10:04:00,17.865,17.92,17.84,17.91,5297.0,CNNE
2025-11-03 10:02:00,17.875,17.875,17.875,17.875,215.0,CNNE
2025-11-03 10:01:00,17.89,17.9,17.87,17.895,3566.0,CNNE
2025-11-03 09:58:00,17.87,17.87,17.87,17.87,609.0,CNNE
2025-11-03 09:57:00,17.87,17.87,17.81,17.81,2149.0,CNNE
2025-11-03 09:55:00,17.87,17.87,17.87,17.87,1236.0,CNNE
2025-11-03 09:54:00,17.82,17.885,17.81,17.87,10758.0,CNNE
2025-11-03 09:53:00,17.89,17.89,17.82,17.82,376.0,CNNE
2025-11-03 09:52:00,17.9,17.9,17.9,17.9,1183.0,CNNE
2025-11-03 09:51:00,17.83,17.9,17.82,17.9,9504.0,CNNE
2025-11-03 09:50:00,17.83,17.83,17.83,17.83,473.0,CNNE
2025-11-03 09:48:00,17.87,17.92,17.83,17.83,4103.0,CNNE
2025-11-03 09:47:00,17.815,17.815,17.815,17.815,261.0,CNNE
2025-11-03 09:44:00,17.815,17.815,17.815,17.815,126.0,CNNE
2025-11-03 09:43:00,17.77,17.815,17.77,17.815,505.0,CNNE
2025-11-03 09:42:00,17.815,17.815,17.77,17.815,628.0,CNNE
2025-11-03 09:41:00,17.81,17.81,17.75,17.8,741.0,CNNE
2025-11-03 09:40:00,17.75,17.76,17.75,17.76,1206.0,CNNE
2025-11-03 09:39:00,17.76,17.81,17.75,17.75,324.0,CNNE
2025-11-03 09:38:00,17.75,17.87,17.75,17.75,1841.0,CNNE
2025-11-03 09:37:00,17.76,17.76,17.76,17.76,137.0,CNNE
2025-11-03 09:36:00,17.82,17.855,17.74,17.75,3898.0,CNNE
2025-11-03 09:35:00,18.16,18.4177,17.83,17.83,1133.0,CNNE
2025-11-03 09:33:00,17.72,17.72,17.72,17.72,109.0,CNNE
2025-11-03 09:30:00,17.8,17.8,17.8,17.8,3747.0,CNNE
2025-11-03 08:21:00,17.88,17.88,17.88,17.88,15.0,CNNE
2025-11-03 08:16:00,17.88,17.88,17.88,17.88,4.0,CNNE
2025-11-03 06:29:00,18.23,18.23,18.23,18.23,1.0,CNNE
2025-10-31 19:00:00,17.88,17.88,17.88,17.88,110403.0,CNNE
2025-10-31 18:30:00,17.88,17.88,17.88,17.88,110403.0,CNNE
2025-10-31 17:32:00,17.88,17.88,17.88,17.88,17988.0,CNNE
2025-10-31 16:31:00,17.88,17.88,17.88,17.88,73.0,CNNE
2025-10-31 16:20:00,17.88,17.88,17.88,17.88,13.0,CNNE
2025-10-31 16:10:00,17.88,17.88,17.88,17.88,110406.0,CNNE
2025-10-31 16:04:00,17.88,17.88,17.88,17.88,4.0,CNNE
2025-10-31 16:02:00,17.88,17.88,17.88,17.88,1748.0,CNNE
2025-10-31 16:01:00,17.88,17.88,17.88,17.88,9150.0,CNNE
2025-10-31 16:00:00,17.85,17.88,17.85,17.88,231675.0,CNNE
2025-10-31 15:59:00,17.89,17.895,17.85,17.85,15750.0,CNNE
2025-10-31 15:58:00,17.855,17.895,17.855,17.89,19238.0,CNNE
2025-10-31 15:57:00,17.87,17.875,17.86,17.86,11093.0,CNNE
2025-10-31 15:56:00,17.875,17.89,17.875,17.88,11517.0,CNNE
2025-10-31 15:55:00,17.87,17.88,17.87,17.88,3775.0,CNNE
2025-10-31 15:54:00,17.89,17.9,17.875,17.88,4688.0,CNNE
2025-10-31 15:53:00,17.9,17.91,17.895,17.91,3614.0,CNNE
2025-10-31 15:52:00,17.89,17.9,17.89,17.89,2280.0,CNNE
2025-10-31 15:51:00,17.88,17.88,17.88,17.88,924.0,CNNE
2025-10-31 15:50:00,17.87,17.9,17.87,17.89,3813.0,CNNE
2025-10-31 15:49:00,17.89,17.89,17.87,17.88,4475.0,CNNE
2025-10-31 15:48:00,17.9,17.9,17.9,17.9,856.0,CNNE
2025-10-31 15:47:00,17.909,17.909,17.9,17.9,3820.0,CNNE
2025-10-31 15:46:00,17.89,17.9,17.89,17.9,4178.0,CNNE
2025-10-31 15:45:00,17.885,17.885,17.885,17.885,789.0,CNNE
2025-10-31 15:43:00,17.88,17.88,17.88,17.88,1256.0,CNNE
2025-10-31 15:42:00,17.88,17.88,17.88,17.88,493.0,CNNE
2025-10-31 15:41:00,17.87,17.885,17.87,17.88,4296.0,CNNE
2025-10-31 15:40:00,17.875,17.875,17.875,17.875,698.0,CNNE
2025-10-31 15:39:00,17.875,17.875,17.87,17.87,355.0,CNNE
2025-10-31 15:38:00,17.875,17.875,17.875,17.875,304.0,CNNE
2025-10-31 15:36:00,17.889,17.89,17.88,17.88,3239.0,CNNE
2025-10-31 15:35:00,17.89,17.89,17.89,17.89,1123.0,CNNE
2025-10-31 15:34:00,17.89,17.9,17.885,17.89,12200.0,CNNE
2025-10-31 15:31:00,17.89,17.89,17.89,17.89,2228.0,CNNE
2025-10-31 15:30:00,17.89,17.89,17.89,17.89,1016.0,CNNE
2025-10-31 15:28:00,17.87,17.88,17.86,17.88,5165.0,CNNE
2025-10-31 15:27:00,17.87,17.87,17.87,17.87,297.0,CNNE
2025-10-31 15:25:00,17.91,17.91,17.89,17.89,4974.0,CNNE
2025-10-31 15:23:00,17.91,17.91,17.91,17.91,354.0,CNNE
2025-10-31 15:22:00,17.91,17.91,17.9,17.9,1529.0,CNNE
2025-10-31 15:21:00,17.909,17.909,17.909,17.909,214.0,CNNE
2025-10-31 15:20:00,17.89,17.89,17.89,17.89,1230.0,CNNE
2025-10-31 15:19:00,17.885,17.885,17.885,17.885,443.0,CNNE
2025-10-31 15:17:00,17.889,17.889,17.88,17.88,747.0,CNNE
2025-10-31 15:15:00,17.905,17.905,17.89,17.89,2831.0,CNNE
2025-10-31 15:14:00,17.905,17.905,17.905,17.905,570.0,CNNE
2025-10-31 15:13:00,17.91,17.91,17.9,17.91,4539.0,CNNE
2025-10-31 15:12:00,17.89,17.91,17.89,17.91,1545.0,CNNE
2025-10-31 15:10:00,17.89,17.89,17.89,17.89,463.0,CNNE
2025-10-31 15:08:00,17.8816,17.8816,17.8816,17.8816,347.0,CNNE
2025-10-31 15:06:00,17.91,17.91,17.88,17.88,7579.0,CNNE
2025-10-31 15:05:00,17.89,17.895,17.89,17.895,397.0,CNNE
2025-10-31 15:04:00,17.88,17.88,17.88,17.88,615.0,CNNE
2025-10-31 15:03:00,17.87,17.87,17.87,17.87,365.0,CNNE
2025-10-31 15:02:00,17.87,17.87,17.87,17.87,780.0,CNNE
2025-10-31 15:00:00,17.86,17.86,17.86,17.86,1201.0,CNNE
2025-10-31 14:59:00,17.86,17.865,17.86,17.865,1236.0,CNNE
2025-10-31 14:58:00,17.84,17.86,17.84,17.86,2090.0,CNNE
2025-10-31 14:56:00,17.835,17.835,17.835,17.835,520.0,CNNE
2025-10-31 14:55:00,17.825,17.83,17.825,17.83,1740.0,CNNE
2025-10-31 14:54:00,17.825,17.835,17.825,17.835,1119.0,CNNE
2025-10-31 14:51:00,17.83,17.83,17.82,17.83,2603.0,CNNE
2025-10-31 14:50:00,17.84,17.84,17.83,17.83,3245.0,CNNE
2025-10-31 14:49:00,17.84,17.84,17.84,17.84,1438.0,CNNE
2025-10-31 14:48:00,17.845,17.845,17.84,17.84,3328.0,CNNE
2025-10-31 14:47:00,17.845,17.845,17.84,17.84,889.0,CNNE
2025-10-31 14:46:00,17.85,17.85,17.84,17.84,432.0,CNNE
2025-10-31 14:45:00,17.84,17.84,17.83,17.84,996.0,CNNE
2025-10-31 14:41:00,17.84,17.84,17.84,17.84,337.0,CNNE
2025-10-31 14:39:00,17.84,17.84,17.83,17.83,2100.0,CNNE
2025-10-31 14:37:00,17.84,17.84,17.82,17.83,3094.0,CNNE
2025-10-31 14:35:00,17.82,17.83,17.82,17.83,962.0,CNNE
2025-10-31 14:34:00,17.83,17.83,17.83,17.83,190.0,CNNE
2025-10-31 14:31:00,17.835,17.835,17.83,17.83,4173.0,CNNE
2025-10-31 14:29:00,17.83,17.83,17.83,17.83,439.0,CNNE
2025-10-31 14:27:00,17.835,17.835,17.835,17.835,511.0,CNNE
2025-10-31 14:26:00,17.82,17.84,17.81,17.835,3985.0,CNNE
2025-10-31 14:25:00,17.8,17.8,17.8,17.8,647.0,CNNE
2025-10-31 14:24:00,17.795,17.795,17.78,17.79,2388.0,CNNE
2025-10-31 14:23:00,17.79,17.79,17.79,17.79,649.0,CNNE
2025-10-31 14:22:00,17.79,17.79,17.79,17.79,332.0,CNNE
2025-10-31 14:21:00,17.79,17.79,17.79,17.79,567.0,CNNE
2025-10-31 14:20:00,17.79,17.79,17.79,17.79,436.0,CNNE
2025-10-31 14:19:00,17.79,17.79,17.785,17.79,797.0,CNNE
2025-10-31 14:18:00,17.77,17.78,17.77,17.77,1360.0,CNNE
2025-10-31 14:15:00,17.765,17.765,17.76,17.76,465.0,CNNE
2025-10-31 14:14:00,17.765,17.765,17.765,17.765,250.0,CNNE
2025-10-31 14:12:00,17.76,17.76,17.76,17.76,218.0,CNNE
2025-10-31 14:10:00,17.76,17.76,17.76,17.76,517.0,CNNE
2025-10-31 14:09:00,17.76,17.76,17.75,17.75,704.0,CNNE
2025-10-31 14:08:00,17.75,17.75,17.75,17.75,655.0,CNNE
2025-10-31 14:07:00,17.74,17.74,17.74,17.74,235.0,CNNE
2025-10-31 14:06:00,17.735,17.735,17.735,17.735,138.0,CNNE
2025-10-31 14:04:00,17.74,17.74,17.73,17.74,4355.0,CNNE
2025-10-31 14:03:00,17.74,17.75,17.74,17.75,1506.0,CNNE
2025-10-31 13:59:00,17.73,17.73,17.73,17.73,624.0,CNNE
2025-10-31 13:57:00,17.73,17.73,17.73,17.73,715.0,CNNE
2025-10-31 13:56:00,17.71,17.71,17.71,17.71,543.0,CNNE
2025-10-31 13:52:00,17.71,17.71,17.71,17.71,827.0,CNNE
2025-10-31 13:51:00,17.71,17.71,17.71,17.71,572.0,CNNE
2025-10-31 13:50:00,17.69,17.69,17.69,17.69,491.0,CNNE
2025-10-31 13:49:00,17.69,17.695,17.69,17.695,804.0,CNNE
2025-10-31 13:46:00,17.68,17.69,17.68,17.68,5686.0,CNNE
2025-10-31 13:45:00,17.685,17.685,17.685,17.685,164.0,CNNE
2025-10-31 13:43:00,17.675,17.685,17.675,17.685,2513.0,CNNE
2025-10-31 13:42:00,17.67,17.67,17.665,17.67,1903.0,CNNE
2025-10-31 13:38:00,17.6612,17.665,17.66,17.665,937.0,CNNE
2025-10-31 13:36:00,17.66,17.66,17.66,17.66,804.0,CNNE
2025-10-31 13:35:00,17.68,17.68,17.68,17.68,441.0,CNNE
2025-10-31 13:33:00,17.665,17.665,17.665,17.665,731.0,CNNE
2025-10-31 13:32:00,17.665,17.665,17.665,17.665,391.0,CNNE
2025-10-31 13:31:00,17.665,17.665,17.665,17.665,610.0,CNNE
2025-10-31 13:27:00,17.66,17.665,17.6275,17.665,1253.0,CNNE
2025-10-31 13:26:00,17.635,17.67,17.63,17.65,3189.0,CNNE
2025-10-31 13:25:00,17.7,17.7,17.67,17.67,3779.0,CNNE
2025-10-31 13:24:00,17.7,17.7,17.7,17.7,1221.0,CNNE
2025-10-31 13:21:00,17.69,17.7,17.69,17.7,298.0,CNNE
2025-10-31 13:20:00,17.7,17.7,17.7,17.7,1228.0,CNNE
2025-10-31 13:19:00,17.7,17.7,17.7,17.7,1504.0,CNNE
2025-10-31 13:17:00,17.7,17.71,17.7,17.71,297.0,CNNE
2025-10-31 13:15:00,17.71,17.71,17.71,17.71,772.0,CNNE
2025-10-31 13:11:00,17.71,17.71,17.71,17.71,205.0,CNNE
2025-10-31 13:08:00,17.72,17.72,17.72,17.72,713.0,CNNE
2025-10-31 13:07:00,17.7,17.7,17.7,17.7,211.0,CNNE
2025-10-31 13:06:00,17.73,17.73,17.73,17.73,1275.0,CNNE
2025-10-31 13:04:00,17.75,17.75,17.75,17.75,139.0,CNNE
2025-10-31 13:03:00,17.74,17.74,17.74,17.74,191.0,CNNE
2025-10-31 13:01:00,17.74,17.75,17.74,17.74,1341.0,CNNE
2025-10-31 13:00:00,17.74,17.74,17.74,17.74,146.0,CNNE
2025-10-31 12:58:00,17.75,17.75,17.74,17.74,1200.0,CNNE
2025-10-31 12:56:00,17.76,17.76,17.75,17.75,1140.0,CNNE
2025-10-31 12:52:00,17.76,17.76,17.76,17.76,122.0,CNNE
2025-10-31 12:51:00,17.775,17.775,17.77,17.77,743.0,CNNE
2025-10-31 12:50:00,17.78,17.78,17.76,17.775,927.0,CNNE
2025-10-31 12:48:00,17.785,17.785,17.785,17.785,137.0,CNNE
2025-10-31 12:47:00,17.785,17.785,17.78,17.78,1265.0,CNNE
2025-10-31 12:46:00,17.79,17.79,17.785,17.785,833.0,CNNE
2025-10-31 12:45:00,17.805,17.805,17.805,17.805,609.0,CNNE
2025-10-31 12:43:00,17.8071,17.8071,17.8071,17.8071,310.0,CNNE
2025-10-31 12:41:00,17.8,17.8,17.8,17.8,1071.0,CNNE
2025-10-31 12:40:00,17.81,17.81,17.81,17.81,224.0,CNNE
2025-10-31 12:39:00,17.81,17.81,17.81,17.81,129.0,CNNE
2025-10-31 12:38:00,17.81,17.81,17.81,17.81,123.0,CNNE
2025-10-31 12:37:00,17.82,17.82,17.81,17.81,2742.0,CNNE
2025-10-31 12:36:00,17.825,17.825,17.825,17.825,248.0,CNNE
2025-10-31 12:34:00,17.83,17.83,17.82,17.82,1733.0,CNNE
2025-10-31 12:33:00,17.81,17.84,17.81,17.84,1188.0,CNNE
2025-10-31 12:30:00,17.805,17.805,17.8,17.8,1182.0,CNNE
2025-10-31 12:29:00,17.8,17.8,17.8,17.8,316.0,CNNE
2025-10-31 12:28:00,17.79,17.8,17.79,17.79,4082.0,CNNE
2025-10-31 12:26:00,17.78,17.78,17.78,17.78,835.0,CNNE
2025-10-31 12:25:00,17.77,17.77,17.77,17.77,216.0,CNNE
2025-10-31 12:21:00,17.77,17.77,17.77,17.77,149.0,CNNE
2025-10-31 12:19:00,17.76,17.76,17.76,17.76,250.0,CNNE
2025-10-31 12:18:00,17.76,17.77,17.76,17.77,200.0,CNNE
2025-10-31 12:17:00,17.79,17.79,17.76,17.76,2811.0,CNNE
2025-10-31 12:16:00,17.78,17.78,17.78,17.78,273.0,CNNE
2025-10-31 12:15:00,17.79,17.79,17.79,17.79,147.0,CNNE
2025-10-31 12:13:00,17.79,17.79,17.79,17.79,338.0,CNNE
2025-10-31 12:12:00,17.79,17.79,17.79,17.79,1239.0,CNNE
2025-10-31 12:11:00,17.765,17.79,17.765,17.79,9446.0,CNNE
2025-10-31 12:08:00,17.76,17.76,17.76,17.76,498.0,CNNE
2025-10-31 12:07:00,17.77,17.77,17.77,17.77,119.0,CNNE
2025-10-31 12:06:00,17.785,17.785,17.77,17.77,1479.0,CNNE
2025-10-31 12:04:00,17.79,17.79,17.79,17.79,853.0,CNNE
2025-10-31 12:03:00,17.79,17.79,17.79,17.79,217.0,CNNE
2025-10-31 12:02:00,17.775,17.78,17.775,17.78,590.0,CNNE
2025-10-31 12:01:00,17.81,17.81,17.8,17.8,1429.0,CNNE
2025-10-31 12:00:00,17.83,17.83,17.81,17.81,2521.0,CNNE
2025-10-31 11:57:00,17.82,17.835,17.82,17.835,304.0,CNNE
2025-10-31 11:55:00,17.835,17.835,17.835,17.835,127.0,CNNE
2025-10-31 11:54:00,17.83,17.83,17.83,17.83,586.0,CNNE
2025-10-31 11:53:00,17.83,17.84,17.83,17.84,477.0,CNNE
2025-10-31 11:52:00,17.83,17.83,17.83,17.83,197.0,CNNE
2025-10-31 11:51:00,17.82,17.83,17.82,17.83,216.0,CNNE
2025-10-31 11:50:00,17.83,17.83,17.83,17.83,347.0,CNNE
2025-10-31 11:48:00,17.82,17.82,17.82,17.82,298.0,CNNE
2025-10-31 11:47:00,17.83,17.83,17.83,17.83,486.0,CNNE
2025-10-31 11:46:00,17.83,17.83,17.83,17.83,483.0,CNNE
2025-10-31 11:45:00,17.83,17.84,17.82,17.84,1713.0,CNNE
2025-10-31 11:44:00,17.8,17.82,17.79,17.82,4924.0,CNNE
2025-10-31 11:43:00,17.81,17.81,17.81,17.81,217.0,CNNE
2025-10-31 11:42:00,17.8,17.81,17.8,17.81,4753.0,CNNE
2025-10-31 11:38:00,17.81,17.81,17.81,17.81,827.0,CNNE
2025-10-31 11:37:00,17.81,17.82,17.81,17.82,485.0,CNNE
2025-10-31 11:36:00,17.82,17.82,17.82,17.82,138.0,CNNE
2025-10-31 11:31:00,17.81,17.81,17.81,17.81,668.0,CNNE
2025-10-31 11:29:00,17.8,17.8,17.8,17.8,135.0,CNNE
2025-10-31 11:27:00,17.825,17.825,17.81,17.81,1778.0,CNNE
2025-10-31 11:26:00,17.83,17.83,17.82,17.82,2708.0,CNNE
2025-10-31 11:24:00,17.84,17.84,17.84,17.84,1534.0,CNNE
2025-10-31 11:22:00,17.84,17.84,17.84,17.84,1051.0,CNNE
2025-10-31 11:21:00,17.85,17.85,17.85,17.85,130.0,CNNE
2025-10-31 11:20:00,17.855,17.855,17.855,17.855,332.0,CNNE
2025-10-31 11:19:00,17.85,17.85,17.85,17.85,1020.0,CNNE
2025-10-31 11:16:00,17.83,17.83,17.83,17.83,452.0,CNNE
2025-10-31 11:14:00,17.82,17.82,17.82,17.82,601.0,CNNE
2025-10-31 11:12:00,17.81,17.81,17.81,17.81,696.0,CNNE
2025-10-31 11:10:00,17.81,17.81,17.81,17.81,661.0,CNNE
2025-10-31 11:08:00,17.79,17.79,17.79,17.79,531.0,CNNE
2025-10-31 11:07:00,17.83,17.835,17.81,17.81,3271.0,CNNE
2025-10-31 11:06:00,17.84,17.84,17.84,17.84,1032.0,CNNE
2025-10-31 11:05:00,17.825,17.84,17.815,17.835,8917.0,CNNE
2025-10-31 11:04:00,17.825,17.825,17.825,17.825,998.0,CNNE
2025-10-31 11:03:00,17.825,17.825,17.825,17.825,462.0,CNNE
2025-10-31 11:02:00,17.825,17.825,17.825,17.825,513.0,CNNE
2025-10-31 11:01:00,17.815,17.825,17.815,17.825,5429.0,CNNE
2025-10-31 11:00:00,17.82,17.82,17.81,17.81,3015.0,CNNE
2025-10-31 10:58:00,17.795,17.81,17.795,17.81,6516.0,CNNE
2025-10-31 10:57:00,17.795,17.795,17.795,17.795,247.0,CNNE
2025-10-31 10:56:00,17.795,17.795,17.795,17.795,225.0,CNNE
2025-10-31 10:55:00,17.795,17.795,17.795,17.795,680.0,CNNE
2025-10-31 10:54:00,17.795,17.795,17.795,17.795,224.0,CNNE
2025-10-31 10:53:00,17.8,17.8,17.8,17.8,444.0,CNNE
2025-10-31 10:52:00,17.78,17.78,17.78,17.78,320.0,CNNE
2025-10-31 10:51:00,17.79,17.79,17.79,17.79,245.0,CNNE
2025-10-31 10:50:00,17.79,17.8,17.78,17.79,2349.0,CNNE
2025-10-31 10:49:00,17.8,17.8,17.8,17.8,188.0,CNNE
2025-10-31 10:48:00,17.79,17.79,17.79,17.79,176.0,CNNE
2025-10-31 10:47:00,17.79,17.8,17.79,17.8,526.0,CNNE
2025-10-31 10:44:00,17.79,17.79,17.79,17.79,271.0,CNNE
2025-10-31 10:43:00,17.8,17.8,17.795,17.795,666.0,CNNE
2025-10-31 10:42:00,17.81,17.825,17.81,17.81,809.0,CNNE
2025-10-31 10:41:00,17.81,17.82,17.81,17.82,1366.0,CNNE
2025-10-31 10:40:00,17.81,17.81,17.8,17.8,1178.0,CNNE
2025-10-31 10:39:00,17.82,17.82,17.81,17.81,2015.0,CNNE
2025-10-31 10:37:00,17.83,17.83,17.82,17.82,1002.0,CNNE
2025-10-31 10:36:00,17.83,17.84,17.83,17.83,1758.0,CNNE
2025-10-31 10:35:00,17.83,17.84,17.82,17.84,3326.0,CNNE
2025-10-31 10:34:00,17.83,17.83,17.815,17.82,3512.0,CNNE
2025-10-31 10:33:00,17.815,17.815,17.815,17.815,647.0,CNNE
2025-10-31 10:32:00,17.815,17.815,17.815,17.815,420.0,CNNE
2025-10-31 10:31:00,17.8,17.8,17.8,17.8,100.0,CNNE
2025-10-31 10:29:00,17.83,17.83,17.81,17.815,1317.0,CNNE
2025-10-31 10:28:00,17.82,17.82,17.82,17.82,455.0,CNNE
2025-10-31 10:27:00,17.81,17.81,17.81,17.81,200.0,CNNE
2025-10-31 10:26:00,17.83,17.83,17.83,17.83,761.0,CNNE
2025-10-31 10:25:00,17.83,17.83,17.81,17.81,462.0,CNNE
2025-10-31 10:24:00,17.83,17.83,17.83,17.83,222.0,CNNE
2025-10-31 10:23:00,17.84,17.84,17.83,17.83,1402.0,CNNE
2025-10-31 10:21:00,17.85,17.855,17.84,17.855,1929.0,CNNE
2025-10-31 10:20:00,17.86,17.87,17.86,17.86,1645.0,CNNE
2025-10-31 10:19:00,17.865,17.88,17.865,17.88,280.0,CNNE
2025-10-31 10:16:00,17.865,17.865,17.865,17.865,160.0,CNNE
2025-10-31 10:15:00,17.84,17.84,17.84,17.84,380.0,CNNE
2025-10-31 10:12:00,17.83,17.83,17.83,17.83,219.0,CNNE
2025-10-31 10:10:00,17.88,17.88,17.88,17.88,175.0,CNNE
2025-10-31 10:09:00,17.83,17.83,17.82,17.82,658.0,CNNE
2025-10-31 10:08:00,17.82,17.845,17.81,17.845,403.0,CNNE
2025-10-31 10:07:00,17.82,17.8847,17.81,17.82,4416.0,CNNE
2025-10-31 10:06:00,17.795,17.795,17.795,17.795,369.0,CNNE
2025-10-31 10:04:00,17.79,17.79,17.77,17.78,1338.0,CNNE
2025-10-31 10:01:00,17.79,17.82,17.79,17.82,613.0,CNNE
2025-10-31 10:00:00,17.8,17.805,17.8,17.805,775.0,CNNE
2025-10-31 09:58:00,17.8,17.8,17.8,17.8,312.0,CNNE
2025-10-31 09:56:00,17.8,17.81,17.8,17.8,1194.0,CNNE
2025-10-31 09:54:00,17.775,17.775,17.775,17.775,323.0,CNNE
2025-10-31 09:53:00,17.775,17.775,17.75,17.75,306.0,CNNE
2025-10-31 09:52:00,17.77,17.78,17.77,17.775,688.0,CNNE
2025-10-31 09:51:00,17.73,17.73,17.73,17.73,587.0,CNNE
2025-10-31 09:50:00,17.73,17.73,17.73,17.73,479.0,CNNE
2025-10-31 09:49:00,17.76,17.76,17.76,17.76,254.0,CNNE
2025-10-31 09:48:00,17.77,17.77,17.73,17.73,1366.0,CNNE
2025-10-31 09:46:00,17.75,17.77,17.74,17.75,1097.0,CNNE
2025-10-31 09:45:00,17.75,17.76,17.74,17.74,903.0,CNNE
2025-10-31 09:43:00,17.74,17.74,17.74,17.74,603.0,CNNE
2025-10-31 09:42:00,17.67,17.7,17.67,17.7,1078.0,CNNE
2025-10-31 09:41:00,17.71,17.71,17.71,17.71,391.0,CNNE
2025-10-31 09:40:00,17.8251,17.8251,17.65,17.65,1677.0,CNNE
2025-10-31 09:39:00,17.78,17.825,17.77,17.825,605.0,CNNE
2025-10-31 09:38:00,17.8225,17.8225,17.8225,17.8225,102.0,CNNE
2025-10-31 09:37:00,17.83,17.83,17.83,17.83,361.0,CNNE
2025-10-31 09:35:00,17.79,17.835,17.79,17.835,407.0,CNNE
2025-10-31 09:34:00,17.84,17.84,17.84,17.84,430.0,CNNE
2025-10-31 09:33:00,17.845,17.845,17.845,17.845,218.0,CNNE
2025-10-31 09:32:00,17.8,17.845,17.8,17.845,1135.0,CNNE
2025-10-31 09:31:00,17.77,17.77,17.77,17.77,261.0,CNNE
2025-10-31 09:30:00,17.74,17.82,17.74,17.775,5297.0,CNNE
2025-10-31 08:48:00,17.93,17.93,17.73,17.73,6.0,CNNE
2025-10-31 04:39:00,18.09,18.09,17.71,17.71,2.0,CNNE
2025-10-30 19:00:00,17.83,17.83,17.83,17.83,48592.0,CNNE
2025-10-30 18:30:00,17.83,17.83,17.83,17.83,48592.0,CNNE
2025-10-30 16:20:00,17.83,17.83,17.83,17.83,311.0,CNNE
2025-10-30 16:10:00,17.83,17.83,17.83,17.83,48595.0,CNNE
2025-10-30 16:04:00,17.83,17.83,17.83,17.83,6.0,CNNE
2025-10-30 16:02:00,17.83,17.83,17.83,17.83,1228.0,CNNE
2025-10-30 16:01:00,17.83,17.83,17.83,17.83,312.0,CNNE
2025-10-30 16:00:00,17.82,17.83,17.82,17.83,112222.0,CNNE
2025-10-30 15:59:00,17.785,17.83,17.785,17.83,23900.0,CNNE
2025-10-30 15:58:00,17.77,17.79,17.77,17.785,6124.0,CNNE
2025-10-30 15:57:00,17.775,17.79,17.775,17.785,8487.0,CNNE
2025-10-30 15:56:00,17.765,17.78,17.76,17.78,7267.0,CNNE
2025-10-30 15:55:00,17.755,17.765,17.755,17.765,4538.0,CNNE
2025-10-30 15:54:00,17.755,17.755,17.75,17.75,2142.0,CNNE
2025-10-30 15:53:00,17.75,17.755,17.75,17.755,2489.0,CNNE
2025-10-30 15:52:00,17.75,17.755,17.75,17.755,3772.0,CNNE
2025-10-30 15:51:00,17.76,17.76,17.76,17.76,1301.0,CNNE
2025-10-30 15:50:00,17.77,17.785,17.765,17.77,7131.0,CNNE
2025-10-30 15:48:00,17.759,17.765,17.755,17.765,3235.0,CNNE
2025-10-30 15:47:00,17.765,17.765,17.76,17.76,1185.0,CNNE
2025-10-30 15:46:00,17.765,17.765,17.765,17.765,665.0,CNNE
2025-10-30 15:45:00,17.755,17.76,17.755,17.76,3272.0,CNNE
2025-10-30 15:44:00,17.76,17.765,17.76,17.76,1129.0,CNNE
2025-10-30 15:43:00,17.785,17.785,17.765,17.765,6725.0,CNNE
2025-10-30 15:42:00,17.785,17.785,17.785,17.785,622.0,CNNE
2025-10-30 15:41:00,17.785,17.785,17.785,17.785,1812.0,CNNE
2025-10-30 15:40:00,17.77,17.78,17.77,17.775,3016.0,CNNE
2025-10-30 15:39:00,17.77,17.77,17.765,17.765,588.0,CNNE
2025-10-30 15:38:00,17.775,17.775,17.76,17.769,3121.0,CNNE
2025-10-30 15:37:00,17.78,17.78,17.775,17.775,554.0,CNNE
2025-10-30 15:36:00,17.77,17.77,17.75,17.76,9401.0,CNNE
2025-10-30 15:35:00,17.765,17.775,17.765,17.775,3562.0,CNNE
2025-10-30 15:34:00,17.76,17.765,17.76,17.765,2404.0,CNNE
2025-10-30 15:33:00,17.755,17.76,17.755,17.76,1016.0,CNNE
2025-10-30 15:32:00,17.755,17.757,17.755,17.757,979.0,CNNE
2025-10-30 15:31:00,17.76,17.76,17.755,17.755,1035.0,CNNE
2025-10-30 15:30:00,17.75,17.76,17.745,17.76,3415.0,CNNE
2025-10-30 15:28:00,17.745,17.745,17.745,17.745,584.0,CNNE
2025-10-30 15:27:00,17.74,17.745,17.74,17.745,1608.0,CNNE
2025-10-30 15:26:00,17.735,17.735,17.735,17.735,585.0,CNNE
2025-10-30 15:25:00,17.71,17.735,17.71,17.735,2522.0,CNNE
2025-10-30 15:24:00,17.705,17.71,17.705,17.71,1073.0,CNNE
2025-10-30 15:23:00,17.705,17.705,17.705,17.705,291.0,CNNE
2025-10-30 15:21:00,17.71,17.715,17.7,17.705,3887.0,CNNE
2025-10-30 15:20:00,17.685,17.71,17.685,17.7,9867.0,CNNE
2025-10-30 15:19:00,17.69,17.69,17.685,17.685,661.0,CNNE
2025-10-30 15:18:00,17.695,17.695,17.685,17.685,3385.0,CNNE
2025-10-30 15:17:00,17.7,17.71,17.69,17.695,6973.0,CNNE
2025-10-30 15:16:00,17.71,17.71,17.71,17.71,2749.0,CNNE
2025-10-30 15:15:00,17.71,17.71,17.71,17.71,1315.0,CNNE
2025-10-30 15:13:00,17.71,17.71,17.7,17.7,812.0,CNNE
2025-10-30 15:12:00,17.7,17.7,17.7,17.7,413.0,CNNE
2025-10-30 15:11:00,17.72,17.72,17.7,17.7,4123.0,CNNE
2025-10-30 15:10:00,17.72,17.72,17.72,17.72,680.0,CNNE
2025-10-30 15:09:00,17.72,17.72,17.72,17.72,404.0,CNNE
2025-10-30 15:08:00,17.73,17.73,17.72,17.72,740.0,CNNE
2025-10-30 15:07:00,17.72,17.725,17.72,17.72,1457.0,CNNE
2025-10-30 15:06:00,17.72,17.72,17.72,17.72,446.0,CNNE
2025-10-30 15:04:00,17.715,17.72,17.715,17.72,729.0,CNNE
2025-10-30 15:03:00,17.72,17.72,17.715,17.715,944.0,CNNE
2025-10-30 15:02:00,17.71,17.72,17.71,17.72,3706.0,CNNE
2025-10-30 15:00:00,17.73,17.735,17.71,17.71,1594.0,CNNE
2025-10-30 14:59:00,17.73,17.73,17.73,17.73,523.0,CNNE
2025-10-30 14:58:00,17.72,17.72,17.72,17.72,643.0,CNNE
2025-10-30 14:57:00,17.71,17.72,17.71,17.72,1041.0,CNNE
2025-10-30 14:56:00,17.73,17.73,17.69,17.69,2416.0,CNNE
2025-10-30 14:55:00,17.75,17.75,17.74,17.75,1246.0,CNNE
2025-10-30 14:54:00,17.75,17.75,17.75,17.75,436.0,CNNE
2025-10-30 14:53:00,17.76,17.76,17.74,17.75,4552.0,CNNE
2025-10-30 14:52:00,17.76,17.77,17.76,17.77,723.0,CNNE
2025-10-30 14:51:00,17.76,17.77,17.745,17.77,3632.0,CNNE
2025-10-30 14:49:00,17.78,17.78,17.75,17.77,1652.0,CNNE
2025-10-30 14:48:00,17.8,17.805,17.78,17.78,4251.0,CNNE
2025-10-30 14:47:00,17.78,17.8,17.78,17.8,1477.0,CNNE
2025-10-30 14:46:00,17.78,17.79,17.78,17.78,2603.0,CNNE
2025-10-30 14:45:00,17.79,17.79,17.78,17.78,335.0,CNNE
2025-10-30 14:44:00,17.79,17.79,17.79,17.79,421.0,CNNE
2025-10-30 14:42:00,17.78,17.78,17.78,17.78,269.0,CNNE
2025-10-30 14:41:00,17.787,17.79,17.78,17.78,573.0,CNNE
2025-10-30 14:40:00,17.775,17.775,17.775,17.775,411.0,CNNE
2025-10-30 14:39:00,17.85,17.85,17.78,17.78,7644.0,CNNE
2025-10-30 14:38:00,17.86,17.86,17.86,17.86,398.0,CNNE
2025-10-30 14:37:00,17.86,17.86,17.86,17.86,398.0,CNNE
2025-10-30 14:36:00,17.86,17.86,17.85,17.86,1858.0,CNNE
2025-10-30 14:34:00,17.84,17.85,17.84,17.85,3717.0,CNNE
2025-10-30 14:32:00,17.83,17.83,17.825,17.83,2279.0,CNNE
2025-10-30 14:31:00,17.835,17.835,17.835,17.835,294.0,CNNE
2025-10-30 14:30:00,17.84,17.84,17.84,17.84,586.0,CNNE
2025-10-30 14:29:00,17.845,17.85,17.8388,17.84,2604.0,CNNE
2025-10-30 14:27:00,17.845,17.845,17.84,17.84,1157.0,CNNE
2025-10-30 14:25:00,17.84,17.85,17.84,17.84,3088.0,CNNE
2025-10-30 14:24:00,17.82,17.83,17.82,17.83,1733.0,CNNE
2025-10-30 14:19:00,17.83,17.835,17.83,17.83,2522.0,CNNE
2025-10-30 14:17:00,17.82,17.82,17.82,17.82,308.0,CNNE
2025-10-30 14:16:00,17.82,17.82,17.8135,17.8135,450.0,CNNE
2025-10-30 14:15:00,17.83,17.83,17.78,17.83,7742.0,CNNE
2025-10-30 14:14:00,17.84,17.84,17.84,17.84,1728.0,CNNE
2025-10-30 14:13:00,17.845,17.845,17.845,17.845,134.0,CNNE
2025-10-30 14:09:00,17.84,17.84,17.835,17.84,635.0,CNNE
2025-10-30 14:08:00,17.84,17.84,17.835,17.835,213.0,CNNE
2025-10-30 14:07:00,17.845,17.845,17.84,17.84,4466.0,CNNE
2025-10-30 14:04:00,17.8417,17.8417,17.8417,17.8417,189.0,CNNE
2025-10-30 14:03:00,17.85,17.85,17.85,17.85,834.0,CNNE
2025-10-30 14:00:00,17.85,17.85,17.84,17.84,750.0,CNNE
2025-10-30 13:59:00,17.83,17.84,17.83,17.84,1102.0,CNNE
2025-10-30 13:58:00,17.82,17.825,17.82,17.825,276.0,CNNE
2025-10-30 13:57:00,17.82,17.82,17.82,17.82,260.0,CNNE
2025-10-30 13:55:00,17.8145,17.8145,17.8145,17.8145,478.0,CNNE
2025-10-30 13:54:00,17.82,17.82,17.81,17.81,550.0,CNNE
2025-10-30 13:53:00,17.82,17.82,17.815,17.82,2037.0,CNNE
2025-10-30 13:52:00,17.81,17.81,17.81,17.81,1097.0,CNNE
2025-10-30 13:44:00,17.81,17.81,17.81,17.81,252.0,CNNE
2025-10-30 13:42:00,17.805,17.805,17.805,17.805,590.0,CNNE
2025-10-30 13:41:00,17.8,17.81,17.79,17.79,1591.0,CNNE
2025-10-30 13:40:00,17.81,17.81,17.81,17.81,801.0,CNNE
2025-10-30 13:39:00,17.815,17.815,17.815,17.815,436.0,CNNE
2025-10-30 13:38:00,17.815,17.815,17.815,17.815,262.0,CNNE
2025-10-30 13:37:00,17.815,17.815,17.815,17.815,224.0,CNNE
2025-10-30 13:36:00,17.82,17.825,17.815,17.82,2288.0,CNNE
2025-10-30 13:35:00,17.84,17.84,17.83,17.83,1777.0,CNNE
2025-10-30 13:34:00,17.81,17.84,17.81,17.84,11311.0,CNNE
2025-10-30 13:33:00,17.8,17.81,17.8,17.81,2054.0,CNNE
2025-10-30 13:30:00,17.83,17.83,17.81,17.81,2877.0,CNNE
2025-10-30 13:25:00,17.83,17.83,17.83,17.83,224.0,CNNE
2025-10-30 13:22:00,17.83,17.83,17.83,17.83,305.0,CNNE
2025-10-30 13:21:00,17.83,17.83,17.83,17.83,134.0,CNNE
2025-10-30 13:20:00,17.843,17.843,17.83,17.83,2120.0,CNNE
2025-10-30 13:19:00,17.8465,17.8465,17.84,17.84,320.0,CNNE
2025-10-30 13:18:00,17.8384,17.84,17.8384,17.84,570.0,CNNE
2025-10-30 13:17:00,17.83,17.84,17.83,17.84,1126.0,CNNE
2025-10-30 13:10:00,17.82,17.82,17.82,17.82,291.0,CNNE
2025-10-30 13:08:00,17.825,17.825,17.82,17.82,1037.0,CNNE
2025-10-30 13:07:00,17.82,17.85,17.82,17.82,3264.0,CNNE
2025-10-30 13:06:00,17.85,17.85,17.81,17.825,6531.0,CNNE
2025-10-30 13:01:00,17.86,17.86,17.86,17.86,383.0,CNNE
2025-10-30 13:00:00,17.87,17.87,17.85,17.85,6282.0,CNNE
2025-10-30 12:56:00,17.88,17.88,17.88,17.88,689.0,CNNE
2025-10-30 12:46:00,17.87,17.87,17.87,17.87,193.0,CNNE
2025-10-30 12:44:00,17.87,17.87,17.87,17.87,427.0,CNNE
2025-10-30 12:42:00,17.87,17.88,17.87,17.88,507.0,CNNE
2025-10-30 12:38:00,17.85,17.85,17.85,17.85,993.0,CNNE
2025-10-30 12:37:00,17.84,17.84,17.835,17.84,2284.0,CNNE
2025-10-30 12:36:00,17.85,17.85,17.85,17.85,326.0,CNNE
2025-10-30 12:35:00,17.8603,17.8603,17.86,17.86,2046.0,CNNE
2025-10-30 12:34:00,17.88,17.88,17.87,17.87,802.0,CNNE
2025-10-30 12:33:00,17.88,17.88,17.88,17.88,2276.0,CNNE
2025-10-30 12:32:00,17.89,17.89,17.89,17.89,313.0,CNNE
2025-10-30 12:30:00,17.89,17.89,17.89,17.89,1008.0,CNNE
2025-10-30 12:27:00,17.9,17.9,17.9,17.9,852.0,CNNE
2025-10-30 12:25:00,17.89,17.89,17.89,17.89,196.0,CNNE
2025-10-30 12:24:00,17.89,17.89,17.885,17.885,455.0,CNNE
2025-10-30 12:20:00,17.885,17.885,17.885,17.885,308.0,CNNE
2025-10-30 12:19:00,17.895,17.895,17.89,17.89,760.0,CNNE
2025-10-30 12:17:00,17.9,17.9,17.9,17.9,2001.0,CNNE
2025-10-30 12:13:00,17.91,17.91,17.9,17.9,500.0,CNNE
2025-10-30 12:07:00,17.895,17.895,17.895,17.895,1126.0,CNNE
2025-10-30 12:02:00,17.89,17.89,17.89,17.89,680.0,CNNE
2025-10-30 12:01:00,17.91,17.91,17.9,17.9,3484.0,CNNE
2025-10-30 12:00:00,17.92,17.92,17.92,17.92,211.0,CNNE
2025-10-30 11:57:00,17.91,17.91,17.91,17.91,221.0,CNNE
2025-10-30 11:52:00,17.92,17.92,17.92,17.92,982.0,CNNE
2025-10-30 11:50:00,17.92,17.925,17.92,17.925,636.0,CNNE
2025-10-30 11:48:00,17.91,17.91,17.91,17.91,243.0,CNNE
2025-10-30 11:42:00,17.9,17.9,17.9,17.9,412.0,CNNE
2025-10-30 11:41:00,17.88,17.89,17.88,17.89,987.0,CNNE
2025-10-30 11:40:00,17.87,17.87,17.865,17.865,482.0,CNNE
2025-10-30 11:38:00,17.86,17.86,17.86,17.86,122.0,CNNE
2025-10-30 11:36:00,17.87,17.87,17.855,17.865,4867.0,CNNE
2025-10-30 11:35:00,17.88,17.88,17.875,17.88,2095.0,CNNE
2025-10-30 11:32:00,17.87,17.88,17.87,17.88,2658.0,CNNE
2025-10-30 11:31:00,17.86,17.86,17.86,17.86,444.0,CNNE
2025-10-30 11:30:00,17.85,17.85,17.84,17.84,302.0,CNNE
2025-10-30 11:29:00,17.8401,17.8401,17.8401,17.8401,196.0,CNNE
2025-10-30 11:27:00,17.85,17.85,17.85,17.85,393.0,CNNE
2025-10-30 11:25:00,17.85,17.85,17.85,17.85,247.0,CNNE
2025-10-30 11:24:00,17.84,17.85,17.84,17.85,1364.0,CNNE
2025-10-30 11:22:00,17.83,17.84,17.83,17.84,1541.0,CNNE
2025-10-30 11:20:00,17.84,17.84,17.84,17.84,1039.0,CNNE
2025-10-30 11:19:00,17.845,17.845,17.845,17.845,408.0,CNNE
2025-10-30 11:18:00,17.83,17.85,17.83,17.845,1390.0,CNNE
2025-10-30 11:17:00,17.81,17.82,17.81,17.82,3092.0,CNNE
2025-10-30 11:15:00,17.8,17.8,17.8,17.8,387.0,CNNE
2025-10-30 11:11:00,17.81,17.81,17.81,17.81,269.0,CNNE
2025-10-30 11:10:00,17.79,17.81,17.79,17.81,1334.0,CNNE
2025-10-30 11:09:00,17.77,17.8,17.77,17.8,2006.0,CNNE
2025-10-30 11:08:00,17.785,17.785,17.785,17.785,444.0,CNNE
2025-10-30 11:07:00,17.8,17.8,17.8,17.8,824.0,CNNE
2025-10-30 11:06:00,17.82,17.82,17.81,17.81,1665.0,CNNE
2025-10-30 11:05:00,17.835,17.835,17.82,17.82,2592.0,CNNE
2025-10-30 11:02:00,17.84,17.84,17.84,17.84,759.0,CNNE
2025-10-30 11:01:00,17.85,17.85,17.85,17.85,421.0,CNNE
2025-10-30 11:00:00,17.83,17.85,17.83,17.85,2486.0,CNNE
2025-10-30 10:59:00,17.82,17.82,17.82,17.82,449.0,CNNE
2025-10-30 10:58:00,17.82,17.82,17.81,17.81,451.0,CNNE
2025-10-30 10:57:00,17.82,17.82,17.82,17.82,187.0,CNNE
2025-10-30 10:56:00,17.82,17.82,17.81,17.81,535.0,CNNE
2025-10-30 10:55:00,17.835,17.835,17.82,17.82,1941.0,CNNE
2025-10-30 10:54:00,17.81,17.82,17.81,17.815,1726.0,CNNE
2025-10-30 10:53:00,17.79,17.8,17.79,17.8,448.0,CNNE
2025-10-30 10:52:00,17.8,17.8,17.8,17.8,315.0,CNNE
2025-10-30 10:51:00,17.81,17.82,17.79,17.8,2969.0,CNNE
2025-10-30 10:49:00,17.8,17.82,17.8,17.82,832.0,CNNE
2025-10-30 10:48:00,17.79,17.82,17.79,17.815,2538.0,CNNE
2025-10-30 10:47:00,17.81,17.81,17.8,17.8,3264.0,CNNE
2025-10-30 10:46:00,17.81,17.82,17.81,17.82,533.0,CNNE
2025-10-30 10:45:00,17.81,17.81,17.81,17.81,229.0,CNNE
2025-10-30 10:44:00,17.82,17.82,17.81,17.8173,710.0,CNNE
2025-10-30 10:43:00,17.81,17.81,17.81,17.81,463.0,CNNE
2025-10-30 10:42:00,17.82,17.82,17.82,17.82,1182.0,CNNE
2025-10-30 10:39:00,17.83,17.83,17.83,17.83,1409.0,CNNE
2025-10-30 10:38:00,17.83,17.83,17.83,17.83,469.0,CNNE
2025-10-30 10:37:00,17.8324,17.84,17.8324,17.84,1131.0,CNNE
2025-10-30 10:36:00,17.83,17.84,17.82,17.84,1869.0,CNNE
2025-10-30 10:35:00,17.82,17.82,17.82,17.82,965.0,CNNE
2025-10-30 10:33:00,17.85,17.85,17.83,17.83,1850.0,CNNE
2025-10-30 10:31:00,17.82,17.835,17.82,17.835,322.0,CNNE
2025-10-30 10:30:00,17.835,17.835,17.83,17.83,212.0,CNNE
2025-10-30 10:29:00,17.86,17.86,17.85,17.86,3876.0,CNNE
2025-10-30 10:28:00,17.87,17.87,17.87,17.87,517.0,CNNE
2025-10-30 10:27:00,17.87,17.87,17.87,17.87,1395.0,CNNE
2025-10-30 10:25:00,17.88,17.89,17.88,17.89,458.0,CNNE
2025-10-30 10:24:00,17.84,17.87,17.84,17.87,1697.0,CNNE
2025-10-30 10:22:00,17.86,17.86,17.86,17.86,402.0,CNNE
2025-10-30 10:21:00,17.86,17.86,17.86,17.86,619.0,CNNE
2025-10-30 10:20:00,17.8401,17.8401,17.8401,17.8401,374.0,CNNE
2025-10-30 10:19:00,17.86,17.86,17.85,17.86,980.0,CNNE
2025-10-30 10:17:00,17.844,17.844,17.844,17.844,568.0,CNNE
2025-10-30 10:16:00,17.85,17.85,17.85,17.85,1063.0,CNNE
2025-10-30 10:15:00,17.839,17.85,17.83,17.85,4231.0,CNNE
2025-10-30 10:14:00,17.81,17.815,17.81,17.815,539.0,CNNE
2025-10-30 10:13:00,17.795,17.83,17.795,17.83,1606.0,CNNE
2025-10-30 10:12:00,17.795,17.795,17.795,17.795,317.0,CNNE
2025-10-30 10:11:00,17.79,17.79,17.79,17.79,318.0,CNNE
2025-10-30 10:10:00,17.76,17.76,17.76,17.76,331.0,CNNE
2025-10-30 10:07:00,17.77,17.77,17.77,17.77,211.0,CNNE
2025-10-30 10:04:00,17.785,17.785,17.785,17.785,374.0,CNNE
2025-10-30 10:03:00,17.785,17.785,17.785,17.785,328.0,CNNE
2025-10-30 10:01:00,17.81,17.81,17.81,17.81,553.0,CNNE
2025-10-30 10:00:00,17.84,17.85,17.83,17.85,4302.0,CNNE
2025-10-30 09:59:00,17.84,17.84,17.84,17.84,127.0,CNNE
2025-10-30 09:58:00,17.87,17.87,17.87,17.87,1006.0,CNNE
2025-10-30 09:57:00,17.79,17.87,17.79,17.8538,7899.0,CNNE
2025-10-30 09:56:00,17.85,17.85,17.7452,17.7452,5435.0,CNNE
2025-10-30 09:55:00,17.865,17.9,17.8563,17.8586,1158.0,CNNE
2025-10-30 09:54:00,17.87,17.87,17.87,17.87,272.0,CNNE
2025-10-30 09:53:00,17.865,17.865,17.865,17.865,202.0,CNNE
2025-10-30 09:52:00,17.9,17.9,17.84,17.865,2060.0,CNNE
2025-10-30 09:49:00,17.88,17.95,17.88,17.95,335.0,CNNE
2025-10-30 09:47:00,17.955,17.955,17.8433,17.8433,291.0,CNNE
2025-10-30 09:46:00,17.88,17.88,17.88,17.88,487.0,CNNE
2025-10-30 09:45:00,17.9,17.9,17.82,17.9,373.0,CNNE
2025-10-30 09:43:00,17.9,17.9,17.9,17.9,115.0,CNNE
2025-10-30 09:42:00,17.895,17.895,17.895,17.895,140.0,CNNE
2025-10-30 09:40:00,17.905,17.905,17.78,17.8365,1296.0,CNNE
2025-10-30 09:39:00,17.905,17.905,17.905,17.905,234.0,CNNE
2025-10-30 09:38:00,17.81,17.81,17.81,17.81,384.0,CNNE
2025-10-30 09:33:00,17.89,17.89,17.76,17.77,989.0,CNNE
2025-10-30 09:30:00,17.76,18.04,17.76,18.04,2293.0,CNNE
2025-10-30 06:13:00,17.86,17.86,17.86,17.86,1.0,CNNE
2025-10-30 06:12:00,18.28,18.28,18.28,18.28,1.0,CNNE
2025-10-29 19:00:00,17.93,17.93,17.93,17.93,91373.0,CNNE
2025-10-29 18:30:00,17.93,17.93,17.93,17.93,91373.0,CNNE
2025-10-29 17:20:00,17.93,17.93,17.93,17.93,106.0,CNNE
2025-10-29 16:20:00,17.93,17.93,17.93,17.93,683.0,CNNE
2025-10-29 16:10:00,17.93,17.93,17.93,17.93,91377.0,CNNE
2025-10-29 16:04:00,17.93,17.93,17.93,17.93,5.0,CNNE
2025-10-29 16:02:00,17.93,17.93,17.93,17.93,2492.0,CNNE
2025-10-29 16:01:00,17.93,17.93,17.93,17.93,2297.0,CNNE
2025-10-29 16:00:00,17.93,17.93,17.88,17.93,192518.0,CNNE
2025-10-29 15:59:00,17.82,17.93,17.8,17.93,42922.0,CNNE
2025-10-29 15:58:00,17.83,17.84,17.79,17.81,21616.0,CNNE
2025-10-29 15:57:00,17.84,17.84,17.82,17.84,8933.0,CNNE
2025-10-29 15:56:00,17.9,17.9,17.84,17.84,10624.0,CNNE
2025-10-29 15:55:00,17.91,17.92,17.9,17.91,3766.0,CNNE
2025-10-29 15:54:00,17.9,17.92,17.89,17.92,2728.0,CNNE
2025-10-29 15:53:00,17.93,17.93,17.91,17.91,6736.0,CNNE
2025-10-29 15:52:00,17.93,17.93,17.92,17.92,2486.0,CNNE
2025-10-29 15:51:00,17.92,17.935,17.92,17.935,2969.0,CNNE
2025-10-29 15:50:00,17.91,17.935,17.91,17.92,3796.0,CNNE
2025-10-29 15:49:00,17.91,17.91,17.9,17.9,1781.0,CNNE
2025-10-29 15:48:00,17.91,17.91,17.9,17.9,1386.0,CNNE
2025-10-29 15:46:00,17.93,17.93,17.9,17.92,1623.0,CNNE
2025-10-29 15:45:00,17.9,17.94,17.9,17.94,2010.0,CNNE
2025-10-29 15:44:00,17.89,17.9,17.885,17.895,3274.0,CNNE
2025-10-29 15:43:00,17.88,17.89,17.88,17.89,2574.0,CNNE
2025-10-29 15:42:00,17.89,17.89,17.88,17.88,1229.0,CNNE
2025-10-29 15:41:00,17.88,17.89,17.88,17.89,522.0,CNNE
2025-10-29 15:40:00,17.91,17.915,17.87,17.875,5205.0,CNNE
2025-10-29 15:39:00,17.91,17.91,17.9,17.905,1212.0,CNNE
2025-10-29 15:38:00,17.92,17.92,17.92,17.92,1291.0,CNNE
2025-10-29 15:37:00,17.885,17.91,17.885,17.91,1602.0,CNNE
2025-10-29 15:36:00,17.92,17.92,17.9,17.9,2603.0,CNNE
2025-10-29 15:35:00,17.97,17.97,17.935,17.935,1616.0,CNNE
2025-10-29 15:34:00,17.99,17.99,17.96,17.98,1360.0,CNNE
2025-10-29 15:33:00,18.0,18.0,17.975,17.975,5711.0,CNNE
2025-10-29 15:32:00,18.02,18.02,18.02,18.02,572.0,CNNE
2025-10-29 15:31:00,18.045,18.045,18.03,18.03,920.0,CNNE
2025-10-29 15:30:00,18.035,18.04,18.03,18.04,1399.0,CNNE
2025-10-29 15:29:00,18.06,18.065,18.035,18.04,6979.0,CNNE
2025-10-29 15:28:00,18.07,18.07,18.07,18.07,745.0,CNNE
2025-10-29 15:26:00,18.09,18.09,18.07,18.07,1798.0,CNNE
2025-10-29 15:25:00,18.04,18.06,18.04,18.06,1203.0,CNNE
2025-10-29 15:24:00,18.05,18.05,18.05,18.05,620.0,CNNE
2025-10-29 15:23:00,18.0401,18.0401,18.0401,18.0401,262.0,CNNE
2025-10-29 15:22:00,18.035,18.06,18.035,18.05,2302.0,CNNE
2025-10-29 15:21:00,18.031,18.031,18.03,18.03,478.0,CNNE
2025-10-29 15:20:00,18.075,18.075,18.023,18.035,7332.0,CNNE
2025-10-29 15:18:00,18.06,18.06,18.05,18.06,3331.0,CNNE
2025-10-29 15:17:00,18.075,18.075,18.07,18.075,1020.0,CNNE
2025-10-29 15:15:00,18.08,18.08,18.07,18.075,2367.0,CNNE
2025-10-29 15:13:00,18.09,18.09,18.08,18.085,1347.0,CNNE
2025-10-29 15:12:00,18.1,18.1,18.08,18.09,2700.0,CNNE
2025-10-29 15:11:00,18.09,18.1,18.09,18.1,551.0,CNNE
2025-10-29 15:10:00,18.1,18.1,18.1,18.1,470.0,CNNE
2025-10-29 15:09:00,18.09,18.1,18.09,18.095,1240.0,CNNE
2025-10-29 15:08:00,18.11,18.11,18.1,18.1,2051.0,CNNE
2025-10-29 15:07:00,18.11,18.115,18.11,18.115,729.0,CNNE
2025-10-29 15:06:00,18.1,18.105,18.1,18.105,686.0,CNNE
2025-10-29 15:05:00,18.06,18.095,18.06,18.095,2048.0,CNNE
2025-10-29 15:04:00,18.05,18.07,18.05,18.06,2525.0,CNNE
2025-10-29 15:03:00,18.05,18.07,18.05,18.05,7794.0,CNNE
2025-10-29 15:02:00,18.06,18.06,18.05,18.06,1226.0,CNNE
2025-10-29 15:01:00,18.07,18.075,18.06,18.065,3405.0,CNNE
2025-10-29 15:00:00,18.09,18.09,18.09,18.09,485.0,CNNE
2025-10-29 14:59:00,18.09,18.09,18.08,18.09,2091.0,CNNE
2025-10-29 14:58:00,18.09,18.09,18.08,18.09,2917.0,CNNE
2025-10-29 14:57:00,18.09,18.09,18.09,18.09,316.0,CNNE
2025-10-29 14:56:00,18.13,18.13,18.11,18.115,1752.0,CNNE
2025-10-29 14:55:00,18.13,18.135,18.12,18.135,2100.0,CNNE
2025-10-29 14:54:00,18.15,18.16,18.115,18.115,3321.0,CNNE
2025-10-29 14:53:00,18.12,18.14,18.12,18.14,602.0,CNNE
2025-10-29 14:51:00,18.11,18.11,18.085,18.11,5427.0,CNNE
2025-10-29 14:50:00,18.1,18.12,18.09,18.12,1580.0,CNNE
2025-10-29 14:49:00,18.085,18.085,18.085,18.085,240.0,CNNE
2025-10-29 14:48:00,18.08,18.08,18.055,18.07,1224.0,CNNE
2025-10-29 14:47:00,18.12,18.1229,18.08,18.08,2447.0,CNNE
2025-10-29 14:46:00,18.12,18.12,18.12,18.12,217.0,CNNE
2025-10-29 14:45:00,18.08,18.09,18.08,18.09,776.0,CNNE
2025-10-29 14:44:00,18.105,18.105,18.065,18.065,1862.0,CNNE
2025-10-29 14:43:00,18.0653,18.12,18.04,18.12,3466.0,CNNE
2025-10-29 14:42:00,18.06,18.065,18.05,18.05,958.0,CNNE
2025-10-29 14:41:00,18.1,18.1,18.08,18.095,1440.0,CNNE
2025-10-29 14:40:00,18.09,18.11,18.08,18.11,1643.0,CNNE
2025-10-29 14:39:00,18.09,18.09,18.045,18.08,1824.0,CNNE
2025-10-29 14:38:00,18.11,18.12,18.09,18.11,3002.0,CNNE
2025-10-29 14:37:00,18.14,18.15,18.12,18.12,2247.0,CNNE
2025-10-29 14:36:00,18.18,18.19,18.105,18.13,6972.0,CNNE
2025-10-29 14:35:00,18.255,18.255,18.1,18.19,17160.0,CNNE
2025-10-29 14:34:00,18.25,18.26,18.24,18.255,12453.0,CNNE
2025-10-29 14:33:00,18.26,18.26,18.26,18.26,563.0,CNNE
2025-10-29 14:32:00,18.23,18.255,18.23,18.255,5565.0,CNNE
2025-10-29 14:30:00,18.23,18.23,18.221,18.23,855.0,CNNE
2025-10-29 14:29:00,18.24,18.24,18.23,18.23,1886.0,CNNE
2025-10-29 14:28:00,18.23,18.23,18.23,18.23,165.0,CNNE
2025-10-29 14:27:00,18.24,18.24,18.225,18.225,809.0,CNNE
2025-10-29 14:26:00,18.25,18.25,18.24,18.24,883.0,CNNE
2025-10-29 14:25:00,18.25,18.25,18.25,18.25,123.0,CNNE
2025-10-29 14:23:00,18.25,18.25,18.24,18.25,1184.0,CNNE
2025-10-29 14:21:00,18.27,18.27,18.26,18.27,618.0,CNNE
2025-10-29 14:20:00,18.28,18.28,18.265,18.27,1308.0,CNNE
2025-10-29 14:19:00,18.29,18.29,18.28,18.29,1704.0,CNNE
2025-10-29 14:18:00,18.3,18.32,18.3,18.31,3466.0,CNNE
2025-10-29 14:16:00,18.29,18.29,18.29,18.29,848.0,CNNE
2025-10-29 14:15:00,18.29,18.29,18.29,18.29,374.0,CNNE
2025-10-29 14:14:00,18.34,18.34,18.3,18.3,3421.0,CNNE
2025-10-29 14:12:00,18.32,18.33,18.32,18.325,952.0,CNNE
2025-10-29 14:10:00,18.31,18.31,18.31,18.31,216.0,CNNE
2025-10-29 14:09:00,18.325,18.325,18.3,18.32,4268.0,CNNE
2025-10-29 14:08:00,18.31,18.32,18.31,18.32,1544.0,CNNE
2025-10-29 14:07:00,18.265,18.29,18.265,18.29,794.0,CNNE
2025-10-29 14:03:00,18.251,18.275,18.251,18.275,1179.0,CNNE
2025-10-29 14:02:00,18.37,18.37,18.295,18.295,3149.0,CNNE
2025-10-29 14:01:00,18.39,18.4,18.39,18.39,914.0,CNNE
2025-10-29 14:00:00,18.35,18.38,18.35,18.38,3558.0,CNNE
2025-10-29 13:59:00,18.345,18.345,18.34,18.34,532.0,CNNE
2025-10-29 13:55:00,18.34,18.34,18.34,18.34,216.0,CNNE
2025-10-29 13:54:00,18.35,18.35,18.35,18.35,206.0,CNNE
2025-10-29 13:51:00,18.34,18.34,18.34,18.34,151.0,CNNE
2025-10-29 13:48:00,18.34,18.34,18.34,18.34,650.0,CNNE
2025-10-29 13:47:00,18.34,18.34,18.34,18.34,493.0,CNNE
2025-10-29 13:46:00,18.34,18.35,18.34,18.35,3620.0,CNNE
2025-10-29 13:45:00,18.35,18.35,18.34,18.34,2696.0,CNNE
2025-10-29 13:44:00,18.36,18.36,18.36,18.36,105.0,CNNE
2025-10-29 13:43:00,18.36,18.36,18.36,18.36,347.0,CNNE
2025-10-29 13:42:00,18.36,18.36,18.36,18.36,132.0,CNNE
2025-10-29 13:37:00,18.36,18.36,18.36,18.36,258.0,CNNE
2025-10-29 13:35:00,18.36,18.36,18.36,18.36,404.0,CNNE
2025-10-29 13:34:00,18.34,18.35,18.34,18.35,1066.0,CNNE
2025-10-29 13:31:00,18.35,18.35,18.35,18.35,127.0,CNNE
2025-10-29 13:27:00,18.36,18.36,18.36,18.36,714.0,CNNE
2025-10-29 13:26:00,18.36,18.36,18.35,18.35,590.0,CNNE
2025-10-29 13:25:00,18.36,18.36,18.36,18.36,625.0,CNNE
2025-10-29 13:24:00,18.34,18.36,18.34,18.36,1859.0,CNNE
2025-10-29 13:22:00,18.34,18.34,18.33,18.335,1218.0,CNNE
2025-10-29 13:21:00,18.34,18.34,18.34,18.34,294.0,CNNE
2025-10-29 13:19:00,18.34,18.34,18.34,18.34,354.0,CNNE
2025-10-29 13:17:00,18.35,18.35,18.35,18.35,106.0,CNNE
2025-10-29 13:16:00,18.35,18.35,18.35,18.35,1010.0,CNNE
2025-10-29 13:15:00,18.36,18.36,18.36,18.36,522.0,CNNE
2025-10-29 13:14:00,18.35,18.38,18.34,18.365,4315.0,CNNE
2025-10-29 13:11:00,18.33,18.34,18.33,18.34,935.0,CNNE
2025-10-29 13:10:00,18.31,18.31,18.31,18.31,432.0,CNNE
2025-10-29 13:09:00,18.325,18.325,18.325,18.325,532.0,CNNE
2025-10-29 13:07:00,18.31,18.33,18.3,18.33,3759.0,CNNE
2025-10-29 13:05:00,18.305,18.33,18.305,18.31,3287.0,CNNE
2025-10-29 13:04:00,18.305,18.305,18.305,18.305,275.0,CNNE
2025-10-29 13:03:00,18.27,18.31,18.27,18.305,1689.0,CNNE
2025-10-29 13:02:00,18.31,18.31,18.27,18.27,855.0,CNNE
2025-10-29 12:59:00,18.33,18.33,18.33,18.33,125.0,CNNE
2025-10-29 12:57:00,18.33,18.33,18.33,18.33,171.0,CNNE
2025-10-29 12:56:00,18.33,18.33,18.33,18.33,225.0,CNNE
2025-10-29 12:55:00,18.35,18.35,18.33,18.33,2789.0,CNNE
2025-10-29 12:52:00,18.35,18.35,18.35,18.35,469.0,CNNE
2025-10-29 12:48:00,18.36,18.36,18.36,18.36,1076.0,CNNE
2025-10-29 12:47:00,18.37,18.37,18.37,18.37,105.0,CNNE
2025-10-29 12:46:00,18.36,18.38,18.36,18.37,2268.0,CNNE
2025-10-29 12:45:00,18.36,18.36,18.36,18.36,829.0,CNNE
2025-10-29 12:44:00,18.34,18.36,18.33,18.36,2345.0,CNNE
2025-10-29 12:43:00,18.36,18.36,18.36,18.36,1145.0,CNNE
2025-10-29 12:42:00,18.37,18.37,18.37,18.37,506.0,CNNE
2025-10-29 12:41:00,18.38,18.4,18.37,18.37,6558.0,CNNE
2025-10-29 12:40:00,18.37,18.38,18.37,18.38,1014.0,CNNE
2025-10-29 12:39:00,18.36,18.37,18.36,18.37,3026.0,CNNE
2025-10-29 12:38:00,18.35,18.35,18.35,18.35,134.0,CNNE
2025-10-29 12:37:00,18.335,18.37,18.335,18.36,3154.0,CNNE
2025-10-29 12:36:00,18.35,18.35,18.35,18.35,155.0,CNNE
2025-10-29 12:30:00,18.33,18.33,18.33,18.33,200.0,CNNE
2025-10-29 12:29:00,18.34,18.34,18.33,18.33,986.0,CNNE
2025-10-29 12:26:00,18.35,18.35,18.35,18.35,166.0,CNNE
2025-10-29 12:23:00,18.345,18.345,18.345,18.345,405.0,CNNE
2025-10-29 12:22:00,18.3596,18.3596,18.345,18.345,906.0,CNNE
2025-10-29 12:21:00,18.36,18.36,18.36,18.36,731.0,CNNE
2025-10-29 12:17:00,18.36,18.37,18.355,18.37,603.0,CNNE
2025-10-29 12:15:00,18.36,18.36,18.36,18.36,223.0,CNNE
2025-10-29 12:14:00,18.375,18.375,18.37,18.37,396.0,CNNE
2025-10-29 12:13:00,18.38,18.38,18.38,18.38,1243.0,CNNE
2025-10-29 12:12:00,18.39,18.39,18.38,18.38,206.0,CNNE
2025-10-29 12:11:00,18.39,18.4,18.39,18.39,2554.0,CNNE
2025-10-29 12:10:00,18.39,18.39,18.39,18.39,737.0,CNNE
2025-10-29 12:09:00,18.38,18.4,18.38,18.4,2477.0,CNNE
2025-10-29 12:05:00,18.38,18.38,18.38,18.38,196.0,CNNE
2025-10-29 12:04:00,18.3601,18.3601,18.3601,18.3601,260.0,CNNE
2025-10-29 12:03:00,18.37,18.37,18.37,18.37,388.0,CNNE
2025-10-29 12:02:00,18.38,18.38,18.37,18.37,853.0,CNNE
2025-10-29 12:00:00,18.4,18.4,18.39,18.39,4932.0,CNNE
2025-10-29 11:59:00,18.4,18.4,18.4,18.4,719.0,CNNE
2025-10-29 11:56:00,18.4,18.4,18.4,18.4,560.0,CNNE
2025-10-29 11:51:00,18.4,18.4,18.4,18.4,613.0,CNNE
2025-10-29 11:50:00,18.4,18.4,18.4,18.4,344.0,CNNE
2025-10-29 11:47:00,18.38,18.39,18.38,18.39,369.0,CNNE
2025-10-29 11:45:00,18.39,18.39,18.39,18.39,173.0,CNNE
2025-10-29 11:44:00,18.4,18.41,18.39,18.39,1361.0,CNNE
2025-10-29 11:42:00,18.39,18.39,18.39,18.39,389.0,CNNE
2025-10-29 11:40:00,18.37,18.41,18.37,18.41,2345.0,CNNE
2025-10-29 11:38:00,18.36,18.36,18.36,18.36,1042.0,CNNE
2025-10-29 11:37:00,18.3304,18.37,18.3304,18.355,3357.0,CNNE
2025-10-29 11:35:00,18.34,18.34,18.34,18.34,561.0,CNNE
2025-10-29 11:34:00,18.325,18.325,18.325,18.325,146.0,CNNE
2025-10-29 11:33:00,18.35,18.35,18.33,18.33,933.0,CNNE
2025-10-29 11:30:00,18.35,18.36,18.35,18.36,560.0,CNNE
2025-10-29 11:29:00,18.36,18.36,18.36,18.36,1070.0,CNNE
2025-10-29 11:28:00,18.37,18.37,18.37,18.37,575.0,CNNE
2025-10-29 11:26:00,18.38,18.38,18.38,18.38,1055.0,CNNE
2025-10-29 11:25:00,18.39,18.39,18.39,18.39,219.0,CNNE
2025-10-29 11:21:00,18.365,18.365,18.365,18.365,277.0,CNNE
2025-10-29 11:16:00,18.315,18.315,18.315,18.315,133.0,CNNE
2025-10-29 11:15:00,18.355,18.355,18.35,18.35,740.0,CNNE
2025-10-29 11:14:00,18.36,18.36,18.35,18.35,1227.0,CNNE
2025-10-29 11:13:00,18.36,18.38,18.32,18.38,4770.0,CNNE
2025-10-29 11:12:00,18.43,18.43,18.385,18.385,2669.0,CNNE
2025-10-29 11:11:00,18.44,18.44,18.44,18.44,2339.0,CNNE
2025-10-29 11:10:00,18.44,18.46,18.44,18.44,3736.0,CNNE
2025-10-29 11:09:00,18.425,18.45,18.425,18.44,2865.0,CNNE
2025-10-29 11:08:00,18.43,18.45,18.41,18.41,4306.0,CNNE
2025-10-29 11:07:00,18.44,18.44,18.44,18.44,200.0,CNNE
2025-10-29 11:05:00,18.44,18.44,18.43,18.43,660.0,CNNE
2025-10-29 11:04:00,18.435,18.45,18.43,18.45,1005.0,CNNE
2025-10-29 11:03:00,18.43,18.44,18.42,18.43,1907.0,CNNE
2025-10-29 11:00:00,18.41,18.45,18.41,18.45,1682.0,CNNE
2025-10-29 10:54:00,18.41,18.41,18.41,18.41,233.0,CNNE
2025-10-29 10:50:00,18.4,18.4,18.39,18.39,2323.0,CNNE
2025-10-29 10:49:00,18.415,18.415,18.415,18.415,224.0,CNNE
2025-10-29 10:47:00,18.42,18.42,18.42,18.42,368.0,CNNE
2025-10-29 10:46:00,18.385,18.44,18.385,18.44,4940.0,CNNE
2025-10-29 10:43:00,18.37,18.4,18.37,18.4,1321.0,CNNE
2025-10-29 10:42:00,18.37,18.38,18.36,18.36,2104.0,CNNE
2025-10-29 10:40:00,18.35,18.35,18.35,18.35,143.0,CNNE
2025-10-29 10:39:00,18.35,18.36,18.35,18.36,489.0,CNNE
2025-10-29 10:38:00,18.335,18.335,18.335,18.335,146.0,CNNE
2025-10-29 10:37:00,18.335,18.335,18.335,18.335,476.0,CNNE
2025-10-29 10:36:00,18.34,18.34,18.34,18.34,865.0,CNNE
2025-10-29 10:35:00,18.355,18.355,18.355,18.355,502.0,CNNE
2025-10-29 10:33:00,18.36,18.36,18.36,18.36,812.0,CNNE
2025-10-29 10:32:00,18.375,18.375,18.375,18.375,245.0,CNNE
2025-10-29 10:31:00,18.365,18.39,18.365,18.37,1046.0,CNNE
2025-10-29 10:30:00,18.32,18.32,18.32,18.32,671.0,CNNE
2025-10-29 10:29:00,18.325,18.325,18.32,18.32,658.0,CNNE
2025-10-29 10:28:00,18.34,18.34,18.34,18.34,115.0,CNNE
2025-10-29 10:27:00,18.35,18.35,18.34,18.34,349.0,CNNE
2025-10-29 10:26:00,18.44,18.44,18.385,18.385,1837.0,CNNE
2025-10-29 10:24:00,18.43,18.43,18.43,18.43,283.0,CNNE
2025-10-29 10:23:00,18.46,18.46,18.46,18.46,335.0,CNNE
2025-10-29 10:20:00,18.43,18.43,18.43,18.43,296.0,CNNE
2025-10-29 10:19:00,18.47,18.47,18.455,18.455,1625.0,CNNE
2025-10-29 10:18:00,18.47,18.48,18.47,18.48,990.0,CNNE
2025-10-29 10:15:00,18.48,18.48,18.48,18.48,529.0,CNNE
2025-10-29 10:14:00,18.49,18.49,18.48,18.49,1825.0,CNNE
2025-10-29 10:13:00,18.5388,18.5388,18.48,18.48,526.0,CNNE
2025-10-29 10:10:00,18.475,18.5,18.475,18.5,637.0,CNNE
2025-10-29 10:09:00,18.55,18.55,18.55,18.55,206.0,CNNE
2025-10-29 10:08:00,18.55,18.55,18.55,18.55,334.0,CNNE
2025-10-29 10:07:00,18.47,18.53,18.47,18.52,1569.0,CNNE
2025-10-29 10:04:00,18.47,18.47,18.46,18.46,972.0,CNNE
2025-10-29 10:03:00,18.49,18.49,18.47,18.47,2484.0,CNNE
2025-10-29 10:02:00,18.48,18.5,18.44,18.49,7324.0,CNNE
2025-10-29 10:00:00,18.49,18.49,18.49,18.49,177.0,CNNE
2025-10-29 09:59:00,18.435,18.435,18.435,18.435,406.0,CNNE
2025-10-29 09:58:00,18.5,18.5,18.5,18.5,379.0,CNNE
2025-10-29 09:57:00,18.5,18.5,18.435,18.435,324.0,CNNE
2025-10-29 09:56:00,18.47,18.47,18.47,18.47,103.0,CNNE
2025-10-29 09:52:00,18.44,18.51,18.44,18.51,8102.0,CNNE
2025-10-29 09:50:00,18.44,18.44,18.44,18.44,158.0,CNNE
2025-10-29 09:45:00,18.35,18.35,18.35,18.35,135.0,CNNE
2025-10-29 09:42:00,18.36,18.42,18.36,18.42,759.0,CNNE
2025-10-29 09:39:00,18.235,18.235,18.235,18.235,160.0,CNNE
2025-10-29 09:37:00,18.435,18.435,18.435,18.435,291.0,CNNE
2025-10-29 09:34:00,18.4,18.4,18.36,18.36,1219.0,CNNE
2025-10-29 09:32:00,18.43,18.43,18.43,18.43,219.0,CNNE
2025-10-29 09:31:00,18.5,18.5,18.45,18.45,959.0,CNNE
2025-10-29 09:30:00,18.5,18.5,18.5,18.5,3865.0,CNNE
2025-10-29 08:48:00,18.64,18.64,18.45,18.45,6.0,CNNE
2025-10-29 08:47:00,18.53,18.54,18.53,18.54,11.0,CNNE
2025-10-29 06:02:00,18.91,18.91,18.91,18.91,1.0,CNNE
2025-10-28 19:00:00,18.54,18.54,18.54,18.54,56148.0,CNNE
2025-10-28 18:30:00,18.54,18.54,18.54,18.54,56148.0,CNNE
2025-10-28 16:29:00,18.54,18.54,18.54,18.54,137.0,CNNE
2025-10-28 16:10:00,18.54,18.54,18.54,18.54,56151.0,CNNE
2025-10-28 16:04:00,18.54,18.54,18.54,18.54,5.0,CNNE
2025-10-28 16:01:00,18.54,18.54,18.54,18.54,1321.0,CNNE
2025-10-28 16:00:00,18.52,18.54,18.52,18.54,117755.0,CNNE
2025-10-28 15:59:00,18.515,18.55,18.505,18.52,15409.0,CNNE
2025-10-28 15:58:00,18.515,18.515,18.515,18.515,1327.0,CNNE
2025-10-28 15:57:00,18.54,18.54,18.51,18.51,3223.0,CNNE
2025-10-28 15:56:00,18.54,18.545,18.54,18.54,4449.0,CNNE
2025-10-28 15:55:00,18.525,18.54,18.52,18.54,5232.0,CNNE
2025-10-28 15:53:00,18.54,18.54,18.52,18.525,3540.0,CNNE
2025-10-28 15:52:00,18.54,18.54,18.54,18.54,851.0,CNNE
2025-10-28 15:51:00,18.52,18.53,18.52,18.53,3307.0,CNNE
2025-10-28 15:50:00,18.505,18.51,18.505,18.51,1846.0,CNNE
2025-10-28 15:49:00,18.515,18.515,18.505,18.505,1280.0,CNNE
2025-10-28 15:48:00,18.525,18.525,18.52,18.52,1545.0,CNNE
2025-10-28 15:47:00,18.525,18.525,18.525,18.525,473.0,CNNE
2025-10-28 15:46:00,18.52,18.53,18.52,18.53,2380.0,CNNE
2025-10-28 15:44:00,18.54,18.54,18.52,18.52,4347.0,CNNE
2025-10-28 15:43:00,18.53,18.545,18.53,18.545,4148.0,CNNE
2025-10-28 15:42:00,18.53,18.53,18.53,18.53,823.0,CNNE
2025-10-28 15:41:00,18.53,18.53,18.53,18.53,1806.0,CNNE
2025-10-28 15:39:00,18.53,18.53,18.53,18.53,1814.0,CNNE
2025-10-28 15:38:00,18.53,18.53,18.53,18.53,281.0,CNNE
2025-10-28 15:36:00,18.545,18.545,18.54,18.54,3941.0,CNNE
2025-10-28 15:35:00,18.555,18.555,18.555,18.555,388.0,CNNE
2025-10-28 15:34:00,18.56,18.56,18.55,18.555,7705.0,CNNE
2025-10-28 15:32:00,18.57,18.57,18.57,18.57,378.0,CNNE
2025-10-28 15:31:00,18.57,18.57,18.57,18.57,761.0,CNNE
2025-10-28 15:30:00,18.5799,18.5799,18.5799,18.5799,370.0,CNNE
2025-10-28 15:29:00,18.57,18.57,18.57,18.57,254.0,CNNE
2025-10-28 15:28:00,18.57,18.57,18.57,18.57,660.0,CNNE
2025-10-28 15:24:00,18.56,18.56,18.56,18.56,1317.0,CNNE
2025-10-28 15:18:00,18.55,18.55,18.55,18.55,1287.0,CNNE
2025-10-28 15:16:00,18.56,18.57,18.545,18.545,4762.0,CNNE
2025-10-28 15:11:00,18.57,18.57,18.57,18.57,117.0,CNNE
2025-10-28 15:10:00,18.56,18.57,18.56,18.57,2485.0,CNNE
2025-10-28 15:06:00,18.57,18.57,18.57,18.57,704.0,CNNE
2025-10-28 15:00:00,18.55,18.56,18.55,18.56,4201.0,CNNE
2025-10-28 14:56:00,18.55,18.56,18.54,18.56,6220.0,CNNE
2025-10-28 14:55:00,18.54,18.54,18.54,18.54,215.0,CNNE
2025-10-28 14:50:00,18.545,18.545,18.545,18.545,201.0,CNNE
2025-10-28 14:47:00,18.545,18.545,18.545,18.545,412.0,CNNE
2025-10-28 14:46:00,18.545,18.545,18.545,18.545,573.0,CNNE
2025-10-28 14:45:00,18.55,18.55,18.55,18.55,379.0,CNNE
2025-10-28 14:44:00,18.54,18.54,18.52,18.52,1377.0,CNNE
2025-10-28 14:34:00,18.52,18.52,18.52,18.52,203.0,CNNE
2025-10-28 14:31:00,18.58,18.58,18.54,18.54,2714.0,CNNE
2025-10-28 14:30:00,18.59,18.59,18.59,18.59,221.0,CNNE
2025-10-28 14:28:00,18.59,18.595,18.59,18.59,3492.0,CNNE
2025-10-28 14:27:00,18.6,18.6,18.6,18.6,2343.0,CNNE
2025-10-28 14:26:00,18.605,18.605,18.605,18.605,793.0,CNNE
2025-10-28 14:25:00,18.605,18.605,18.605,18.605,126.0,CNNE
2025-10-28 14:23:00,18.585,18.615,18.585,18.59,5437.0,CNNE
2025-10-28 14:19:00,18.585,18.585,18.585,18.585,128.0,CNNE
2025-10-28 14:16:00,18.58,18.58,18.58,18.58,381.0,CNNE
2025-10-28 14:15:00,18.58,18.58,18.58,18.58,186.0,CNNE
2025-10-28 14:11:00,18.58,18.58,18.58,18.58,445.0,CNNE
2025-10-28 14:10:00,18.58,18.585,18.58,18.58,1442.0,CNNE
2025-10-28 13:59:00,18.56,18.57,18.56,18.57,613.0,CNNE
2025-10-28 13:55:00,18.575,18.575,18.56,18.57,2178.0,CNNE
2025-10-28 13:52:00,18.575,18.575,18.575,18.575,508.0,CNNE
2025-10-28 13:46:00,18.57,18.57,18.57,18.57,672.0,CNNE
2025-10-28 13:45:00,18.57,18.57,18.57,18.57,361.0,CNNE
2025-10-28 13:44:00,18.57,18.57,18.57,18.57,215.0,CNNE
2025-10-28 13:43:00,18.565,18.57,18.56,18.57,2074.0,CNNE
2025-10-28 13:42:00,18.56,18.57,18.56,18.57,1590.0,CNNE
2025-10-28 13:40:00,18.57,18.57,18.57,18.57,527.0,CNNE
2025-10-28 13:38:00,18.57,18.57,18.56,18.56,1114.0,CNNE
2025-10-28 13:34:00,18.5757,18.5757,18.5757,18.5757,150.0,CNNE
2025-10-28 13:31:00,18.57,18.57,18.57,18.57,347.0,CNNE
2025-10-28 13:30:00,18.57,18.57,18.56,18.56,306.0,CNNE
2025-10-28 13:29:00,18.58,18.58,18.56,18.56,1161.0,CNNE
2025-10-28 13:27:00,18.5858,18.5858,18.5858,18.5858,214.0,CNNE
2025-10-28 13:25:00,18.585,18.585,18.585,18.585,112.0,CNNE
2025-10-28 13:24:00,18.585,18.585,18.585,18.585,520.0,CNNE
2025-10-28 13:20:00,18.59,18.59,18.59,18.59,103.0,CNNE
2025-10-28 13:19:00,18.6,18.6,18.6,18.6,116.0,CNNE
2025-10-28 13:17:00,18.62,18.62,18.62,18.62,1165.0,CNNE
2025-10-28 13:15:00,18.63,18.63,18.63,18.63,308.0,CNNE
2025-10-28 13:11:00,18.66,18.66,18.66,18.66,1535.0,CNNE
2025-10-28 13:08:00,18.675,18.675,18.675,18.675,709.0,CNNE
2025-10-28 13:06:00,18.665,18.665,18.665,18.665,129.0,CNNE
2025-10-28 13:05:00,18.67,18.67,18.67,18.67,343.0,CNNE
2025-10-28 13:03:00,18.665,18.665,18.665,18.665,229.0,CNNE
2025-10-28 13:02:00,18.68,18.68,18.66,18.66,1973.0,CNNE
2025-10-28 12:59:00,18.6954,18.6954,18.6954,18.6954,548.0,CNNE
2025-10-28 12:54:00,18.69,18.69,18.69,18.69,550.0,CNNE
2025-10-28 12:52:00,18.71,18.71,18.71,18.71,653.0,CNNE
2025-10-28 12:51:00,18.72,18.72,18.72,18.72,1192.0,CNNE
2025-10-28 12:45:00,18.7,18.7,18.7,18.7,622.0,CNNE
2025-10-28 12:39:00,18.68,18.68,18.68,18.68,495.0,CNNE
2025-10-28 12:38:00,18.7,18.7,18.7,18.7,404.0,CNNE
2025-10-28 12:36:00,18.7,18.715,18.7,18.705,2169.0,CNNE
2025-10-28 12:31:00,18.72,18.72,18.72,18.72,452.0,CNNE
2025-10-28 12:30:00,18.74,18.775,18.705,18.705,17278.0,CNNE
2025-10-28 12:28:00,18.71,18.71,18.71,18.71,793.0,CNNE
2025-10-28 12:22:00,18.705,18.705,18.705,18.705,243.0,CNNE
2025-10-28 12:21:00,18.7,18.705,18.7,18.7,1311.0,CNNE
2025-10-28 12:18:00,18.68,18.685,18.67,18.685,816.0,CNNE
2025-10-28 12:16:00,18.68,18.69,18.68,18.68,1288.0,CNNE
2025-10-28 12:15:00,18.67,18.67,18.67,18.67,368.0,CNNE
2025-10-28 12:13:00,18.66,18.667,18.65,18.66,2137.0,CNNE
2025-10-28 12:12:00,18.65,18.65,18.65,18.65,405.0,CNNE
2025-10-28 12:09:00,18.64,18.64,18.64,18.64,169.0,CNNE
2025-10-28 12:06:00,18.65,18.65,18.65,18.65,573.0,CNNE
2025-10-28 12:05:00,18.65,18.65,18.65,18.65,160.0,CNNE
2025-10-28 12:02:00,18.645,18.645,18.645,18.645,196.0,CNNE
2025-10-28 12:01:00,18.65,18.65,18.65,18.65,154.0,CNNE
2025-10-28 12:00:00,18.645,18.645,18.645,18.645,108.0,CNNE
2025-10-28 11:59:00,18.645,18.645,18.645,18.645,209.0,CNNE
2025-10-28 11:58:00,18.66,18.66,18.65,18.65,2011.0,CNNE
2025-10-28 11:54:00,18.63,18.65,18.63,18.65,1176.0,CNNE
2025-10-28 11:53:00,18.63,18.63,18.63,18.63,101.0,CNNE
2025-10-28 11:51:00,18.6,18.63,18.6,18.63,4404.0,CNNE
2025-10-28 11:45:00,18.6,18.6,18.6,18.6,128.0,CNNE
2025-10-28 11:36:00,18.57,18.6,18.57,18.58,2471.0,CNNE
2025-10-28 11:35:00,18.57,18.57,18.57,18.57,1575.0,CNNE
2025-10-28 11:34:00,18.58,18.58,18.58,18.58,448.0,CNNE
2025-10-28 11:33:00,18.58,18.58,18.58,18.58,2244.0,CNNE
2025-10-28 11:30:00,18.57,18.57,18.57,18.57,167.0,CNNE
2025-10-28 11:27:00,18.58,18.58,18.58,18.58,537.0,CNNE
2025-10-28 11:24:00,18.59,18.59,18.59,18.59,370.0,CNNE
2025-10-28 11:23:00,18.615,18.62,18.595,18.6,1457.0,CNNE
2025-10-28 11:18:00,18.63,18.63,18.62,18.62,2458.0,CNNE
2025-10-28 11:17:00,18.64,18.64,18.64,18.64,369.0,CNNE
2025-10-28 11:11:00,18.63,18.64,18.63,18.64,1846.0,CNNE
2025-10-28 11:08:00,18.635,18.635,18.63,18.63,900.0,CNNE
2025-10-28 11:07:00,18.64,18.64,18.64,18.64,179.0,CNNE
2025-10-28 11:04:00,18.64,18.64,18.64,18.64,871.0,CNNE
2025-10-28 11:01:00,18.65,18.65,18.65,18.65,631.0,CNNE
2025-10-28 11:00:00,18.66,18.66,18.66,18.66,423.0,CNNE
2025-10-28 10:59:00,18.66,18.67,18.66,18.67,578.0,CNNE
2025-10-28 10:58:00,18.65,18.65,18.65,18.65,134.0,CNNE
2025-10-28 10:57:00,18.645,18.645,18.645,18.645,568.0,CNNE
2025-10-28 10:56:00,18.64,18.65,18.64,18.64,1729.0,CNNE
2025-10-28 10:55:00,18.64,18.64,18.635,18.635,596.0,CNNE
2025-10-28 10:54:00,18.65,18.65,18.65,18.65,959.0,CNNE
2025-10-28 10:53:00,18.66,18.66,18.66,18.66,1836.0,CNNE
2025-10-28 10:52:00,18.67,18.67,18.67,18.67,352.0,CNNE
2025-10-28 10:51:00,18.67,18.67,18.67,18.67,269.0,CNNE
2025-10-28 10:49:00,18.68,18.68,18.67,18.67,1232.0,CNNE
2025-10-28 10:47:00,18.675,18.675,18.675,18.675,240.0,CNNE
2025-10-28 10:46:00,18.68,18.68,18.67,18.675,10394.0,CNNE
2025-10-28 10:44:00,18.68,18.68,18.68,18.68,257.0,CNNE
2025-10-28 10:42:00,18.68,18.68,18.68,18.68,1113.0,CNNE
2025-10-28 10:40:00,18.69,18.69,18.68,18.68,660.0,CNNE
2025-10-28 10:37:00,18.71,18.72,18.71,18.72,838.0,CNNE
2025-10-28 10:36:00,18.705,18.705,18.705,18.705,262.0,CNNE
2025-10-28 10:35:00,18.69,18.715,18.69,18.71,1849.0,CNNE
2025-10-28 10:31:00,18.67,18.67,18.67,18.67,159.0,CNNE
2025-10-28 10:29:00,18.65,18.67,18.65,18.67,916.0,CNNE
2025-10-28 10:28:00,18.64,18.66,18.64,18.66,739.0,CNNE
2025-10-28 10:27:00,18.64,18.64,18.64,18.64,2077.0,CNNE
2025-10-28 10:26:00,18.64,18.65,18.63,18.64,3190.0,CNNE
2025-10-28 10:24:00,18.665,18.665,18.665,18.665,281.0,CNNE
2025-10-28 10:23:00,18.655,18.655,18.64,18.6509,648.0,CNNE
2025-10-28 10:22:00,18.6425,18.67,18.635,18.655,2538.0,CNNE
2025-10-28 10:21:00,18.62,18.62,18.62,18.62,200.0,CNNE
2025-10-28 10:20:00,18.64,18.64,18.63,18.63,359.0,CNNE
2025-10-28 10:18:00,18.62,18.62,18.62,18.62,107.0,CNNE
2025-10-28 10:17:00,18.65,18.65,18.65,18.65,237.0,CNNE
2025-10-28 10:16:00,18.625,18.625,18.61,18.625,508.0,CNNE
2025-10-28 10:15:00,18.61,18.64,18.61,18.625,1605.0,CNNE
2025-10-28 10:12:00,18.655,18.655,18.655,18.655,221.0,CNNE
2025-10-28 10:09:00,18.64,18.66,18.64,18.66,917.0,CNNE
2025-10-28 10:08:00,18.625,18.625,18.625,18.625,465.0,CNNE
2025-10-28 10:07:00,18.625,18.625,18.61,18.61,630.0,CNNE
2025-10-28 10:06:00,18.62,18.625,18.61,18.625,2213.0,CNNE
2025-10-28 10:04:00,18.63,18.655,18.63,18.655,344.0,CNNE
2025-10-28 10:02:00,18.64,18.64,18.64,18.64,200.0,CNNE
2025-10-28 10:00:00,18.63,18.635,18.62,18.635,562.0,CNNE
2025-10-28 09:59:00,18.615,18.635,18.585,18.635,9931.0,CNNE
2025-10-28 09:58:00,18.615,18.615,18.615,18.615,277.0,CNNE
2025-10-28 09:52:00,18.545,18.545,18.545,18.545,116.0,CNNE
2025-10-28 09:50:00,18.6,18.6,18.56,18.56,267.0,CNNE
2025-10-28 09:49:00,18.568,18.605,18.568,18.6,697.0,CNNE
2025-10-28 09:45:00,18.64,18.64,18.64,18.64,1180.0,CNNE
2025-10-28 09:41:00,18.7,18.7799,18.7,18.7,3503.0,CNNE
2025-10-28 09:40:00,18.67,18.67,18.67,18.67,967.0,CNNE
2025-10-28 09:35:00,18.78,18.78,18.78,18.78,302.0,CNNE
2025-10-28 09:32:00,18.76,18.76,18.76,18.76,200.0,CNNE
2025-10-28 09:31:00,18.76,18.76,18.76,18.76,212.0,CNNE
2025-10-28 09:30:00,18.68,18.76,18.58,18.58,6735.0,CNNE
2025-10-28 09:29:00,18.51,18.51,18.51,18.51,100.0,CNNE
2025-10-28 08:58:00,18.8,18.8,18.8,18.8,1.0,CNNE
2025-10-28 08:36:00,18.75,18.75,18.75,18.75,1.0,CNNE
2025-10-27 19:00:00,18.65,18.65,18.65,18.65,37016.0,CNNE
2025-10-27 18:30:00,18.65,18.65,18.65,18.65,37016.0,CNNE
2025-10-27 16:10:00,18.65,18.65,18.65,18.65,37020.0,CNNE
2025-10-27 16:04:00,18.65,18.65,18.65,18.65,4.0,CNNE
2025-10-27 16:01:00,18.65,18.65,18.65,18.65,3532.0,CNNE
2025-10-27 16:00:00,18.65,18.65,18.64,18.65,79097.0,CNNE
2025-10-27 15:59:00,18.69,18.69,18.63,18.65,11498.0,CNNE
2025-10-27 15:58:00,18.695,18.695,18.67,18.68,8732.0,CNNE
2025-10-27 15:57:00,18.7,18.7,18.695,18.695,2535.0,CNNE
2025-10-27 15:56:00,18.7,18.715,18.7,18.71,4271.0,CNNE
2025-10-27 15:55:00,18.69,18.7,18.69,18.7,4332.0,CNNE
2025-10-27 15:54:00,18.69,18.69,18.68,18.68,1291.0,CNNE
2025-10-27 15:53:00,18.7,18.7,18.7,18.7,674.0,CNNE
2025-10-27 15:52:00,18.71,18.71,18.7,18.7,1664.0,CNNE
2025-10-27 15:51:00,18.69,18.71,18.69,18.71,3841.0,CNNE
2025-10-27 15:50:00,18.71,18.71,18.68,18.7,3090.0,CNNE
2025-10-27 15:49:00,18.71,18.715,18.71,18.715,9678.0,CNNE
2025-10-27 15:48:00,18.705,18.705,18.705,18.705,495.0,CNNE
2025-10-27 15:47:00,18.705,18.705,18.705,18.705,428.0,CNNE
2025-10-27 15:46:00,18.7051,18.7051,18.7,18.705,1552.0,CNNE
2025-10-27 15:45:00,18.71,18.71,18.7,18.7,1332.0,CNNE
2025-10-27 15:42:00,18.71,18.71,18.71,18.71,739.0,CNNE
2025-10-27 15:41:00,18.715,18.715,18.7,18.71,2602.0,CNNE
2025-10-27 15:39:00,18.7,18.715,18.7,18.71,3945.0,CNNE
2025-10-27 15:37:00,18.69,18.695,18.69,18.695,1718.0,CNNE
2025-10-27 15:34:00,18.69,18.69,18.685,18.685,1177.0,CNNE
2025-10-27 15:33:00,18.695,18.695,18.695,18.695,750.0,CNNE
2025-10-27 15:32:00,18.69,18.69,18.69,18.69,326.0,CNNE
2025-10-27 15:31:00,18.68,18.68,18.68,18.68,413.0,CNNE
2025-10-27 15:28:00,18.69,18.6972,18.69,18.6972,578.0,CNNE
2025-10-27 15:27:00,18.69,18.69,18.69,18.69,1621.0,CNNE
2025-10-27 15:23:00,18.69,18.71,18.6893,18.6893,1992.0,CNNE
2025-10-27 15:21:00,18.685,18.685,18.685,18.685,140.0,CNNE
2025-10-27 15:20:00,18.69,18.69,18.69,18.69,681.0,CNNE
2025-10-27 15:19:00,18.69,18.69,18.69,18.69,159.0,CNNE
2025-10-27 15:17:00,18.69,18.7,18.69,18.7,860.0,CNNE
2025-10-27 15:16:00,18.7,18.7,18.69,18.69,3238.0,CNNE
2025-10-27 15:14:00,18.7,18.71,18.7,18.71,1652.0,CNNE
2025-10-27 15:13:00,18.68,18.68,18.68,18.68,468.0,CNNE
2025-10-27 15:12:00,18.66,18.67,18.66,18.67,1182.0,CNNE
2025-10-27 15:11:00,18.635,18.65,18.635,18.65,2018.0,CNNE
2025-10-27 15:09:00,18.63,18.63,18.63,18.63,873.0,CNNE
2025-10-27 15:07:00,18.63,18.63,18.63,18.63,188.0,CNNE
2025-10-27 15:06:00,18.63,18.63,18.63,18.63,752.0,CNNE
2025-10-27 15:05:00,18.625,18.625,18.625,18.625,440.0,CNNE
2025-10-27 15:04:00,18.63,18.63,18.63,18.63,442.0,CNNE
2025-10-27 15:03:00,18.63,18.63,18.63,18.63,119.0,CNNE
2025-10-27 15:01:00,18.65,18.65,18.64,18.64,963.0,CNNE
2025-10-27 15:00:00,18.66,18.66,18.66,18.66,1650.0,CNNE
2025-10-27 14:58:00,18.67,18.67,18.66,18.66,3881.0,CNNE
2025-10-27 14:57:00,18.67,18.67,18.67,18.67,302.0,CNNE
2025-10-27 14:56:00,18.675,18.675,18.675,18.675,252.0,CNNE
2025-10-27 14:55:00,18.67,18.68,18.67,18.67,1778.0,CNNE
2025-10-27 14:54:00,18.68,18.68,18.68,18.68,545.0,CNNE
2025-10-27 14:51:00,18.68,18.68,18.68,18.68,115.0,CNNE
2025-10-27 14:48:00,18.68,18.68,18.68,18.68,1854.0,CNNE
2025-10-27 14:46:00,18.65,18.69,18.65,18.68,4242.0,CNNE
2025-10-27 14:42:00,18.645,18.645,18.645,18.645,305.0,CNNE
2025-10-27 14:39:00,18.64,18.64,18.64,18.64,645.0,CNNE
2025-10-27 14:36:00,18.645,18.645,18.645,18.645,112.0,CNNE
2025-10-27 14:34:00,18.645,18.645,18.64,18.64,308.0,CNNE
2025-10-27 14:31:00,18.655,18.655,18.655,18.655,302.0,CNNE
2025-10-27 14:27:00,18.64,18.65,18.64,18.65,1657.0,CNNE
2025-10-27 14:26:00,18.64,18.64,18.64,18.64,1110.0,CNNE
2025-10-27 14:24:00,18.64,18.64,18.64,18.64,830.0,CNNE
2025-10-27 14:23:00,18.65,18.65,18.65,18.65,216.0,CNNE
2025-10-27 14:21:00,18.65,18.65,18.65,18.65,181.0,CNNE
2025-10-27 14:20:00,18.65,18.65,18.65,18.65,739.0,CNNE
2025-10-27 14:18:00,18.65,18.65,18.65,18.65,369.0,CNNE
2025-10-27 14:17:00,18.65,18.65,18.65,18.65,316.0,CNNE
2025-10-27 14:13:00,18.65,18.65,18.65,18.65,972.0,CNNE
2025-10-27 14:09:00,18.65,18.65,18.64,18.64,2461.0,CNNE
2025-10-27 14:06:00,18.67,18.67,18.6584,18.6584,866.0,CNNE
2025-10-27 14:02:00,18.65,18.65,18.65,18.65,538.0,CNNE
2025-10-27 14:01:00,18.64,18.64,18.64,18.64,158.0,CNNE
2025-10-27 14:00:00,18.62,18.64,18.62,18.64,5399.0,CNNE
2025-10-27 13:59:00,18.62,18.62,18.62,18.62,112.0,CNNE
2025-10-27 13:57:00,18.62,18.62,18.62,18.62,565.0,CNNE
2025-10-27 13:54:00,18.62,18.62,18.62,18.62,136.0,CNNE
2025-10-27 13:53:00,18.625,18.625,18.62,18.62,207.0,CNNE
2025-10-27 13:52:00,18.635,18.635,18.63,18.63,2191.0,CNNE
2025-10-27 13:49:00,18.6351,18.6351,18.6351,18.6351,812.0,CNNE
2025-10-27 13:47:00,18.63,18.63,18.63,18.63,132.0,CNNE
2025-10-27 13:44:00,18.63,18.63,18.63,18.63,2112.0,CNNE
2025-10-27 13:39:00,18.63,18.63,18.63,18.63,114.0,CNNE
2025-10-27 13:35:00,18.63,18.63,18.63,18.63,1060.0,CNNE
2025-10-27 13:34:00,18.63,18.63,18.63,18.63,213.0,CNNE
2025-10-27 13:33:00,18.63,18.63,18.63,18.63,305.0,CNNE
2025-10-27 13:32:00,18.62,18.62,18.62,18.62,285.0,CNNE
2025-10-27 13:28:00,18.61,18.61,18.61,18.61,1137.0,CNNE
2025-10-27 13:24:00,18.6,18.6,18.6,18.6,944.0,CNNE
2025-10-27 13:20:00,18.605,18.605,18.6,18.6,363.0,CNNE
2025-10-27 13:17:00,18.61,18.61,18.605,18.605,496.0,CNNE
2025-10-27 13:16:00,18.62,18.62,18.62,18.62,954.0,CNNE
2025-10-27 13:15:00,18.63,18.63,18.63,18.63,1307.0,CNNE
2025-10-27 13:14:00,18.639,18.64,18.639,18.64,694.0,CNNE
2025-10-27 13:12:00,18.63,18.63,18.63,18.63,704.0,CNNE
2025-10-27 13:11:00,18.63,18.63,18.63,18.63,1791.0,CNNE
2025-10-27 13:10:00,18.6001,18.63,18.6001,18.615,1473.0,CNNE
2025-10-27 13:07:00,18.63,18.63,18.61,18.61,1649.0,CNNE
2025-10-27 13:02:00,18.66,18.66,18.64,18.64,1931.0,CNNE
2025-10-27 13:00:00,18.68,18.68,18.66,18.67,4477.0,CNNE
2025-10-27 12:56:00,18.68,18.68,18.68,18.68,191.0,CNNE
2025-10-27 12:54:00,18.64,18.7,18.64,18.7,3096.0,CNNE
2025-10-27 12:52:00,18.64,18.64,18.64,18.64,913.0,CNNE
2025-10-27 12:50:00,18.635,18.64,18.635,18.64,2678.0,CNNE
2025-10-27 12:49:00,18.625,18.63,18.625,18.63,1007.0,CNNE
2025-10-27 12:44:00,18.605,18.61,18.605,18.61,1521.0,CNNE
2025-10-27 12:42:00,18.6,18.6,18.6,18.6,212.0,CNNE
2025-10-27 12:41:00,18.605,18.605,18.605,18.605,115.0,CNNE
2025-10-27 12:40:00,18.61,18.615,18.605,18.605,2973.0,CNNE
2025-10-27 12:38:00,18.61,18.61,18.61,18.61,111.0,CNNE
2025-10-27 12:36:00,18.62,18.62,18.61,18.615,780.0,CNNE
2025-10-27 12:32:00,18.59,18.61,18.59,18.61,2023.0,CNNE
2025-10-27 12:31:00,18.585,18.585,18.585,18.585,250.0,CNNE
2025-10-27 12:30:00,18.59,18.59,18.59,18.59,1484.0,CNNE
2025-10-27 12:28:00,18.59,18.59,18.59,18.59,139.0,CNNE
2025-10-27 12:26:00,18.59,18.59,18.59,18.59,397.0,CNNE
2025-10-27 12:25:00,18.6,18.6,18.595,18.595,2112.0,CNNE
2025-10-27 12:23:00,18.59,18.605,18.59,18.605,1733.0,CNNE
2025-10-27 12:20:00,18.585,18.585,18.585,18.585,104.0,CNNE
2025-10-27 12:18:00,18.585,18.585,18.585,18.585,699.0,CNNE
2025-10-27 12:17:00,18.59,18.59,18.59,18.59,1501.0,CNNE
2025-10-27 12:16:00,18.59,18.59,18.59,18.59,623.0,CNNE
2025-10-27 12:15:00,18.58,18.59,18.58,18.59,2354.0,CNNE
2025-10-27 12:14:00,18.57,18.57,18.57,18.57,202.0,CNNE
2025-10-27 12:10:00,18.56,18.56,18.56,18.56,103.0,CNNE
2025-10-27 12:08:00,18.5643,18.5643,18.5643,18.5643,814.0,CNNE
2025-10-27 12:06:00,18.56,18.56,18.56,18.56,147.0,CNNE
2025-10-27 12:05:00,18.57,18.57,18.57,18.57,1351.0,CNNE
2025-10-27 12:04:00,18.5701,18.5701,18.5701,18.5701,231.0,CNNE
2025-10-27 12:03:00,18.57,18.57,18.57,18.57,100.0,CNNE
2025-10-27 12:02:00,18.58,18.58,18.575,18.575,1084.0,CNNE
2025-10-27 12:01:00,18.58,18.585,18.58,18.58,977.0,CNNE
2025-10-27 11:59:00,18.59,18.59,18.59,18.59,221.0,CNNE
2025-10-27 11:52:00,18.6,18.6,18.6,18.6,118.0,CNNE
2025-10-27 11:49:00,18.59,18.6,18.59,18.6,722.0,CNNE
2025-10-27 11:46:00,18.585,18.6,18.585,18.6,676.0,CNNE
2025-10-27 11:45:00,18.62,18.62,18.6,18.6,2574.0,CNNE
2025-10-27 11:39:00,18.62,18.62,18.62,18.62,154.0,CNNE
2025-10-27 11:34:00,18.63,18.63,18.63,18.63,284.0,CNNE
2025-10-27 11:30:00,18.64,18.64,18.63,18.63,3034.0,CNNE
2025-10-27 11:29:00,18.63,18.63,18.63,18.63,397.0,CNNE
2025-10-27 11:28:00,18.62,18.63,18.62,18.63,1553.0,CNNE
2025-10-27 11:22:00,18.61,18.61,18.61,18.61,255.0,CNNE
2025-10-27 11:21:00,18.61,18.61,18.61,18.61,420.0,CNNE
2025-10-27 11:20:00,18.6,18.61,18.6,18.61,919.0,CNNE
2025-10-27 11:17:00,18.6,18.6,18.6,18.6,629.0,CNNE
2025-10-27 11:16:00,18.61,18.61,18.58,18.58,1916.0,CNNE
2025-10-27 11:15:00,18.62,18.62,18.62,18.62,389.0,CNNE
2025-10-27 11:14:00,18.6102,18.6102,18.6102,18.6102,414.0,CNNE
2025-10-27 11:12:00,18.61,18.61,18.61,18.61,119.0,CNNE
2025-10-27 11:07:00,18.62,18.62,18.62,18.62,284.0,CNNE
2025-10-27 11:05:00,18.62,18.62,18.62,18.62,229.0,CNNE
2025-10-27 11:04:00,18.66,18.66,18.64,18.64,1213.0,CNNE
2025-10-27 11:03:00,18.665,18.665,18.665,18.665,124.0,CNNE
2025-10-27 11:01:00,18.67,18.67,18.67,18.67,753.0,CNNE
2025-10-27 11:00:00,18.67,18.67,18.67,18.67,389.0,CNNE
2025-10-27 10:59:00,18.68,18.68,18.68,18.68,429.0,CNNE
2025-10-27 10:56:00,18.68,18.68,18.68,18.68,867.0,CNNE
2025-10-27 10:55:00,18.69,18.69,18.69,18.69,812.0,CNNE
2025-10-27 10:53:00,18.69,18.69,18.69,18.69,251.0,CNNE
2025-10-27 10:52:00,18.68,18.69,18.68,18.68,735.0,CNNE
2025-10-27 10:51:00,18.68,18.68,18.68,18.68,219.0,CNNE
2025-10-27 10:49:00,18.68,18.68,18.68,18.68,718.0,CNNE
2025-10-27 10:47:00,18.6501,18.67,18.6501,18.67,691.0,CNNE
2025-10-27 10:46:00,18.66,18.66,18.66,18.66,1034.0,CNNE
2025-10-27 10:45:00,18.67,18.67,18.66,18.66,923.0,CNNE
2025-10-27 10:44:00,18.67,18.67,18.67,18.67,323.0,CNNE
2025-10-27 10:43:00,18.66,18.67,18.66,18.67,763.0,CNNE
2025-10-27 10:39:00,18.64,18.67,18.63,18.65,4038.0,CNNE
2025-10-27 10:37:00,18.655,18.655,18.655,18.655,159.0,CNNE
2025-10-27 10:34:00,18.64,18.64,18.64,18.64,187.0,CNNE
2025-10-27 10:32:00,18.65,18.65,18.65,18.65,406.0,CNNE
2025-10-27 10:31:00,18.7,18.7,18.7,18.7,1446.0,CNNE
2025-10-27 10:24:00,18.79,18.79,18.705,18.705,6476.0,CNNE
2025-10-27 10:23:00,18.77,18.77,18.77,18.77,307.0,CNNE
2025-10-27 10:20:00,18.785,18.785,18.785,18.785,282.0,CNNE
2025-10-27 10:19:00,18.765,18.78,18.76,18.7768,2278.0,CNNE
2025-10-27 10:18:00,18.76,18.76,18.76,18.76,224.0,CNNE
2025-10-27 10:17:00,18.77,18.77,18.77,18.77,101.0,CNNE
2025-10-27 10:14:00,18.75,18.75,18.75,18.75,215.0,CNNE
2025-10-27 10:09:00,18.77,18.775,18.77,18.775,352.0,CNNE
2025-10-27 10:06:00,18.73,18.74,18.73,18.74,260.0,CNNE
2025-10-27 10:04:00,18.695,18.72,18.695,18.71,957.0,CNNE
2025-10-27 10:03:00,18.7,18.71,18.7,18.7,1636.0,CNNE
2025-10-27 10:00:00,18.725,18.725,18.66,18.66,2220.0,CNNE
2025-10-27 09:54:00,18.7,18.722,18.7,18.722,1025.0,CNNE
2025-10-27 09:53:00,18.73,18.73,18.71,18.71,878.0,CNNE
2025-10-27 09:51:00,18.7,18.7,18.7,18.7,143.0,CNNE
2025-10-27 09:50:00,18.68,18.69,18.68,18.69,342.0,CNNE
2025-10-27 09:49:00,18.74,18.74,18.66,18.66,768.0,CNNE
2025-10-27 09:48:00,18.76,18.76,18.755,18.755,1147.0,CNNE
2025-10-27 09:47:00,18.78,18.8,18.77,18.78,1945.0,CNNE
2025-10-27 09:46:00,18.8,18.81,18.79,18.8,1955.0,CNNE
2025-10-27 09:45:00,18.82,18.82,18.82,18.82,295.0,CNNE
2025-10-27 09:30:00,18.8,18.845,18.8,18.845,1774.0,CNNE
2025-10-27 08:43:00,18.9,18.9,18.8,18.85,10.0,CNNE
2025-10-27 08:42:00,18.9,18.9,18.9,18.9,2.0,CNNE
2025-10-27 08:37:00,18.79,18.79,18.79,18.79,1.0,CNNE
2025-10-24 19:00:00,18.71,18.71,18.71,18.71,47989.0,CNNE
2025-10-24 18:30:00,18.71,18.71,18.71,18.71,47989.0,CNNE
2025-10-24 16:10:00,18.71,18.71,18.71,18.71,47991.0,CNNE
2025-10-24 16:04:00,18.71,18.71,18.71,18.71,5.0,CNNE
2025-10-24 16:01:00,18.71,18.71,18.71,18.71,333.0,CNNE
2025-10-24 16:00:00,18.73,18.73,18.71,18.71,103150.0,CNNE
2025-10-24 15:59:00,18.705,18.73,18.7,18.73,15576.0,CNNE
2025-10-24 15:58:00,18.705,18.71,18.705,18.71,1343.0,CNNE
2025-10-24 15:57:00,18.705,18.705,18.69,18.705,8190.0,CNNE
2025-10-24 15:56:00,18.7,18.705,18.7,18.705,1132.0,CNNE
2025-10-24 15:55:00,18.715,18.725,18.7,18.705,7570.0,CNNE
2025-10-24 15:54:00,18.72,18.72,18.715,18.715,2488.0,CNNE
2025-10-24 15:53:00,18.75,18.75,18.72,18.72,5378.0,CNNE
2025-10-24 15:52:00,18.76,18.76,18.755,18.755,4732.0,CNNE
2025-10-24 15:51:00,18.77,18.77,18.77,18.77,1656.0,CNNE
2025-10-24 15:50:00,18.76,18.77,18.76,18.765,1220.0,CNNE
2025-10-24 15:49:00,18.785,18.785,18.76,18.76,5340.0,CNNE
2025-10-24 15:48:00,18.775,18.79,18.775,18.78,4296.0,CNNE
2025-10-24 15:47:00,18.74,18.77,18.74,18.77,3682.0,CNNE
2025-10-24 15:46:00,18.74,18.74,18.74,18.74,670.0,CNNE
2025-10-24 15:45:00,18.725,18.74,18.725,18.74,2406.0,CNNE
2025-10-24 15:44:00,18.715,18.725,18.715,18.725,1733.0,CNNE
2025-10-24 15:42:00,18.695,18.7,18.695,18.7,2338.0,CNNE
2025-10-24 15:41:00,18.71,18.71,18.695,18.7,3728.0,CNNE
2025-10-24 15:40:00,18.725,18.725,18.7175,18.72,4614.0,CNNE
2025-10-24 15:39:00,18.72,18.72,18.72,18.72,614.0,CNNE
2025-10-24 15:36:00,18.73,18.73,18.725,18.725,678.0,CNNE
2025-10-24 15:35:00,18.73,18.73,18.73,18.73,1406.0,CNNE
2025-10-24 15:33:00,18.73,18.73,18.73,18.73,1497.0,CNNE
2025-10-24 15:31:00,18.725,18.725,18.725,18.725,383.0,CNNE
2025-10-24 15:30:00,18.74,18.74,18.72,18.72,2350.0,CNNE
2025-10-24 15:29:00,18.72,18.72,18.72,18.72,1502.0,CNNE
2025-10-24 15:27:00,18.71,18.71,18.71,18.71,1224.0,CNNE
2025-10-24 15:26:00,18.71,18.71,18.7,18.7,4902.0,CNNE
2025-10-24 15:22:00,18.7,18.705,18.7,18.705,1359.0,CNNE
2025-10-24 15:20:00,18.695,18.695,18.695,18.695,249.0,CNNE
2025-10-24 15:19:00,18.695,18.695,18.695,18.695,893.0,CNNE
2025-10-24 15:18:00,18.695,18.695,18.6902,18.6902,366.0,CNNE
2025-10-24 15:17:00,18.69,18.69,18.69,18.69,696.0,CNNE
2025-10-24 15:16:00,18.69,18.69,18.69,18.69,2403.0,CNNE
2025-10-24 15:15:00,18.69,18.69,18.69,18.69,159.0,CNNE
2025-10-24 15:02:00,18.69,18.69,18.68,18.68,1388.0,CNNE
2025-10-24 15:00:00,18.7,18.7,18.7,18.7,192.0,CNNE
2025-10-24 14:59:00,18.72,18.72,18.68,18.7,4493.0,CNNE
2025-10-24 14:57:00,18.715,18.715,18.715,18.715,659.0,CNNE
2025-10-24 14:55:00,18.715,18.715,18.715,18.715,186.0,CNNE
2025-10-24 14:54:00,18.71,18.71,18.71,18.71,748.0,CNNE
2025-10-24 14:52:00,18.7,18.71,18.7,18.705,785.0,CNNE
2025-10-24 14:51:00,18.7,18.7,18.7,18.7,177.0,CNNE
2025-10-24 14:49:00,18.7,18.71,18.7,18.7,868.0,CNNE
2025-10-24 14:46:00,18.71,18.715,18.69,18.69,2139.0,CNNE
2025-10-24 14:45:00,18.72,18.72,18.72,18.72,900.0,CNNE
2025-10-24 14:44:00,18.73,18.73,18.73,18.73,528.0,CNNE
2025-10-24 14:43:00,18.725,18.725,18.725,18.725,191.0,CNNE
2025-10-24 14:42:00,18.73,18.73,18.72,18.72,2535.0,CNNE
2025-10-24 14:41:00,18.74,18.75,18.73,18.73,1101.0,CNNE
2025-10-24 14:40:00,18.735,18.735,18.735,18.735,481.0,CNNE
2025-10-24 14:39:00,18.75,18.75,18.74,18.74,805.0,CNNE
2025-10-24 14:38:00,18.74,18.74,18.74,18.74,296.0,CNNE
2025-10-24 14:37:00,18.74,18.74,18.73,18.73,516.0,CNNE
2025-10-24 14:36:00,18.73,18.74,18.73,18.74,634.0,CNNE
2025-10-24 14:35:00,18.72,18.72,18.72,18.72,372.0,CNNE
2025-10-24 14:33:00,18.715,18.72,18.69,18.72,3371.0,CNNE
2025-10-24 14:31:00,18.72,18.72,18.72,18.72,1319.0,CNNE
2025-10-24 14:30:00,18.715,18.715,18.71,18.71,406.0,CNNE
2025-10-24 14:29:00,18.72,18.72,18.72,18.72,135.0,CNNE
2025-10-24 14:28:00,18.72,18.73,18.71,18.73,1820.0,CNNE
2025-10-24 14:27:00,18.72,18.72,18.72,18.72,301.0,CNNE
2025-10-24 14:26:00,18.72,18.72,18.72,18.72,978.0,CNNE
2025-10-24 14:25:00,18.72,18.72,18.72,18.72,532.0,CNNE
2025-10-24 14:23:00,18.72,18.73,18.72,18.73,734.0,CNNE
2025-10-24 14:21:00,18.715,18.73,18.715,18.73,928.0,CNNE
2025-10-24 14:20:00,18.715,18.715,18.715,18.715,273.0,CNNE
2025-10-24 14:18:00,18.72,18.72,18.72,18.72,703.0,CNNE
2025-10-24 14:17:00,18.71,18.71,18.71,18.71,803.0,CNNE
2025-10-24 14:16:00,18.71,18.71,18.705,18.705,935.0,CNNE
2025-10-24 14:15:00,18.71,18.71,18.71,18.71,414.0,CNNE
2025-10-24 14:14:00,18.715,18.715,18.715,18.715,335.0,CNNE
2025-10-24 14:13:00,18.72,18.72,18.72,18.72,1195.0,CNNE
2025-10-24 14:10:00,18.71,18.72,18.71,18.72,661.0,CNNE
2025-10-24 14:09:00,18.71,18.71,18.71,18.71,374.0,CNNE
2025-10-24 14:08:00,18.7,18.71,18.7,18.71,381.0,CNNE
2025-10-24 14:07:00,18.7044,18.71,18.7044,18.71,822.0,CNNE
2025-10-24 14:06:00,18.7,18.7,18.7,18.7,109.0,CNNE
2025-10-24 14:05:00,18.73,18.73,18.7,18.7,2283.0,CNNE
2025-10-24 14:03:00,18.72,18.72,18.72,18.72,1067.0,CNNE
2025-10-24 14:02:00,18.72,18.74,18.72,18.74,1419.0,CNNE
2025-10-24 14:01:00,18.7,18.7,18.7,18.7,507.0,CNNE
2025-10-24 14:00:00,18.7,18.7,18.7,18.7,299.0,CNNE
2025-10-24 13:59:00,18.69,18.7,18.69,18.7,1063.0,CNNE
2025-10-24 13:58:00,18.7,18.7,18.7,18.7,540.0,CNNE
2025-10-24 13:57:00,18.68,18.7,18.68,18.7,1332.0,CNNE
2025-10-24 13:55:00,18.675,18.675,18.675,18.675,561.0,CNNE
2025-10-24 13:54:00,18.69,18.69,18.69,18.69,534.0,CNNE
2025-10-24 13:52:00,18.68,18.69,18.68,18.68,2945.0,CNNE
2025-10-24 13:51:00,18.67,18.67,18.67,18.67,1347.0,CNNE
2025-10-24 13:49:00,18.68,18.68,18.67,18.67,1199.0,CNNE
2025-10-24 13:47:00,18.67,18.67,18.665,18.665,878.0,CNNE
2025-10-24 13:46:00,18.67,18.67,18.665,18.665,736.0,CNNE
2025-10-24 13:44:00,18.67,18.67,18.66,18.66,842.0,CNNE
2025-10-24 13:41:00,18.655,18.66,18.655,18.66,765.0,CNNE
2025-10-24 13:40:00,18.66,18.66,18.66,18.66,863.0,CNNE
2025-10-24 13:39:00,18.67,18.67,18.67,18.67,864.0,CNNE
2025-10-24 13:38:00,18.67,18.67,18.66,18.67,984.0,CNNE
2025-10-24 13:36:00,18.67,18.67,18.665,18.67,1668.0,CNNE
2025-10-24 13:35:00,18.67,18.67,18.665,18.665,529.0,CNNE
2025-10-24 13:33:00,18.66,18.67,18.65,18.67,3347.0,CNNE
2025-10-24 13:31:00,18.68,18.68,18.68,18.68,424.0,CNNE
2025-10-24 13:29:00,18.68,18.68,18.68,18.68,211.0,CNNE
2025-10-24 13:28:00,18.65,18.68,18.65,18.68,2220.0,CNNE
2025-10-24 13:25:00,18.66,18.665,18.66,18.665,788.0,CNNE
2025-10-24 13:23:00,18.62,18.63,18.62,18.63,1106.0,CNNE
2025-10-24 13:20:00,18.62,18.63,18.61,18.61,2312.0,CNNE
2025-10-24 13:18:00,18.62,18.62,18.62,18.62,571.0,CNNE
2025-10-24 13:17:00,18.62,18.62,18.62,18.62,1205.0,CNNE
2025-10-24 13:16:00,18.62,18.62,18.61,18.61,759.0,CNNE
2025-10-24 13:15:00,18.62,18.62,18.59,18.59,1271.0,CNNE
2025-10-24 13:12:00,18.57,18.59,18.57,18.59,2260.0,CNNE
2025-10-24 13:10:00,18.57,18.57,18.57,18.57,799.0,CNNE
2025-10-24 13:09:00,18.56,18.56,18.56,18.56,362.0,CNNE
2025-10-24 13:08:00,18.54,18.56,18.54,18.56,1695.0,CNNE
2025-10-24 13:05:00,18.53,18.53,18.53,18.53,317.0,CNNE
2025-10-24 13:04:00,18.53,18.53,18.53,18.53,300.0,CNNE
2025-10-24 12:58:00,18.52,18.52,18.52,18.52,696.0,CNNE
2025-10-24 12:53:00,18.52,18.52,18.52,18.52,431.0,CNNE
2025-10-24 12:46:00,18.491,18.491,18.491,18.491,578.0,CNNE
2025-10-24 12:45:00,18.46,18.48,18.44,18.48,2953.0,CNNE
2025-10-24 12:44:00,18.48,18.48,18.48,18.48,374.0,CNNE
2025-10-24 12:43:00,18.49,18.49,18.48,18.48,870.0,CNNE
2025-10-24 12:42:00,18.5,18.5,18.49,18.49,798.0,CNNE
2025-10-24 12:41:00,18.5,18.51,18.5,18.5035,791.0,CNNE
2025-10-24 12:40:00,18.51,18.51,18.51,18.51,552.0,CNNE
2025-10-24 12:39:00,18.505,18.505,18.505,18.505,220.0,CNNE
2025-10-24 12:36:00,18.505,18.505,18.505,18.505,221.0,CNNE
2025-10-24 12:35:00,18.54,18.54,18.495,18.495,1811.0,CNNE
2025-10-24 12:33:00,18.55,18.55,18.54,18.54,1186.0,CNNE
2025-10-24 12:31:00,18.56,18.56,18.56,18.56,482.0,CNNE
2025-10-24 12:27:00,18.56,18.5605,18.56,18.5605,401.0,CNNE
2025-10-24 12:26:00,18.56,18.56,18.56,18.56,608.0,CNNE
2025-10-24 12:25:00,18.55,18.56,18.53,18.535,2296.0,CNNE
2025-10-24 12:24:00,18.56,18.56,18.56,18.56,763.0,CNNE
2025-10-24 12:23:00,18.58,18.58,18.57,18.57,604.0,CNNE
2025-10-24 12:18:00,18.575,18.58,18.57,18.58,1230.0,CNNE
2025-10-24 12:17:00,18.59,18.59,18.59,18.59,656.0,CNNE
2025-10-24 12:16:00,18.6,18.6,18.6,18.6,1116.0,CNNE
2025-10-24 12:14:00,18.61,18.61,18.6,18.6,2568.0,CNNE
2025-10-24 12:09:00,18.61,18.61,18.61,18.61,329.0,CNNE
2025-10-24 12:06:00,18.62,18.62,18.62,18.62,261.0,CNNE
2025-10-24 12:02:00,18.62,18.62,18.62,18.62,425.0,CNNE
2025-10-24 12:01:00,18.62,18.62,18.62,18.62,1231.0,CNNE
2025-10-24 12:00:00,18.62,18.62,18.62,18.62,550.0,CNNE
2025-10-24 11:57:00,18.62,18.62,18.62,18.62,257.0,CNNE
2025-10-24 11:56:00,18.615,18.615,18.615,18.615,109.0,CNNE
2025-10-24 11:54:00,18.6142,18.6142,18.6142,18.6142,291.0,CNNE
2025-10-24 11:50:00,18.62,18.62,18.615,18.615,460.0,CNNE
2025-10-24 11:49:00,18.6,18.625,18.6,18.61,1597.0,CNNE
2025-10-24 11:45:00,18.59,18.59,18.59,18.59,457.0,CNNE
2025-10-24 11:41:00,18.59,18.59,18.59,18.59,893.0,CNNE
2025-10-24 11:40:00,18.59,18.59,18.58,18.58,1491.0,CNNE
2025-10-24 11:39:00,18.59,18.6,18.59,18.6,724.0,CNNE
2025-10-24 11:36:00,18.591,18.591,18.591,18.591,375.0,CNNE
2025-10-24 11:35:00,18.59,18.59,18.58,18.58,1003.0,CNNE
2025-10-24 11:33:00,18.61,18.61,18.61,18.61,159.0,CNNE
2025-10-24 11:32:00,18.63,18.63,18.61,18.61,2090.0,CNNE
2025-10-24 11:31:00,18.63,18.63,18.63,18.63,109.0,CNNE
2025-10-24 11:30:00,18.63,18.63,18.63,18.63,336.0,CNNE
2025-10-24 11:29:00,18.64,18.64,18.63,18.63,283.0,CNNE
2025-10-24 11:28:00,18.64,18.645,18.635,18.64,3440.0,CNNE
2025-10-24 11:27:00,18.64,18.64,18.635,18.635,554.0,CNNE
2025-10-24 11:26:00,18.65,18.655,18.63,18.64,7895.0,CNNE
2025-10-24 11:25:00,18.65,18.65,18.65,18.65,302.0,CNNE
2025-10-24 11:24:00,18.65,18.65,18.64,18.65,1026.0,CNNE
2025-10-24 11:23:00,18.65,18.655,18.64,18.64,3887.0,CNNE
2025-10-24 11:22:00,18.65,18.65,18.65,18.65,293.0,CNNE
2025-10-24 11:21:00,18.65,18.65,18.65,18.65,643.0,CNNE
2025-10-24 11:20:00,18.65,18.65,18.65,18.65,177.0,CNNE
2025-10-24 11:17:00,18.64,18.64,18.64,18.64,130.0,CNNE
2025-10-24 11:16:00,18.66,18.665,18.65,18.65,2955.0,CNNE
2025-10-24 11:12:00,18.64,18.64,18.64,18.64,168.0,CNNE
2025-10-24 11:09:00,18.67,18.685,18.64,18.65,11912.0,CNNE
2025-10-24 11:07:00,18.63,18.65,18.63,18.65,1205.0,CNNE
2025-10-24 11:02:00,18.62,18.62,18.62,18.62,104.0,CNNE
2025-10-24 11:01:00,18.61,18.6101,18.61,18.6101,796.0,CNNE
2025-10-24 11:00:00,18.59,18.625,18.59,18.625,790.0,CNNE
2025-10-24 10:56:00,18.58,18.58,18.58,18.58,536.0,CNNE
2025-10-24 10:53:00,18.58,18.58,18.57,18.57,1708.0,CNNE
2025-10-24 10:52:00,18.6,18.6,18.58,18.58,231.0,CNNE
2025-10-24 10:50:00,18.58,18.58,18.58,18.58,160.0,CNNE
2025-10-24 10:46:00,18.595,18.595,18.58,18.58,1221.0,CNNE
2025-10-24 10:45:00,18.595,18.595,18.58,18.58,1010.0,CNNE
2025-10-24 10:44:00,18.59,18.59,18.59,18.59,1165.0,CNNE
2025-10-24 10:43:00,18.58,18.58,18.58,18.58,488.0,CNNE
2025-10-24 10:40:00,18.57,18.57,18.57,18.57,620.0,CNNE
2025-10-24 10:39:00,18.56,18.56,18.56,18.56,433.0,CNNE
2025-10-24 10:38:00,18.55,18.55,18.55,18.55,333.0,CNNE
2025-10-24 10:32:00,18.55,18.55,18.55,18.55,408.0,CNNE
2025-10-24 10:31:00,18.54,18.54,18.54,18.54,262.0,CNNE
2025-10-24 10:29:00,18.55,18.55,18.545,18.545,865.0,CNNE
2025-10-24 10:28:00,18.57,18.57,18.54,18.54,4079.0,CNNE
2025-10-24 10:23:00,18.59,18.59,18.585,18.59,1592.0,CNNE
2025-10-24 10:18:00,18.58,18.59,18.58,18.59,666.0,CNNE
2025-10-24 10:17:00,18.57,18.57,18.57,18.57,115.0,CNNE
2025-10-24 10:15:00,18.57,18.57,18.57,18.57,202.0,CNNE
2025-10-24 10:12:00,18.59,18.59,18.59,18.59,104.0,CNNE
2025-10-24 10:10:00,18.55,18.59,18.55,18.59,3195.0,CNNE
2025-10-24 10:09:00,18.52,18.57,18.52,18.57,1512.0,CNNE
2025-10-24 10:08:00,18.49,18.51,18.49,18.51,624.0,CNNE
2025-10-24 10:07:00,18.49,18.49,18.49,18.49,178.0,CNNE
2025-10-24 10:06:00,18.47,18.49,18.47,18.49,372.0,CNNE
2025-10-24 10:05:00,18.46,18.47,18.46,18.47,235.0,CNNE
2025-10-24 10:04:00,18.5025,18.5025,18.42,18.48,1908.0,CNNE
2025-10-24 10:03:00,18.495,18.495,18.41,18.48,1194.0,CNNE
2025-10-24 10:02:00,18.57,18.57,18.495,18.495,7370.0,CNNE
2025-10-24 10:01:00,18.59,18.59,18.58,18.58,2180.0,CNNE
2025-10-24 10:00:00,18.62,18.62,18.62,18.62,354.0,CNNE
2025-10-24 09:58:00,18.585,18.61,18.585,18.585,700.0,CNNE
2025-10-24 09:54:00,18.54,18.59,18.5,18.58,1467.0,CNNE
2025-10-24 09:52:00,18.57,18.57,18.55,18.55,208.0,CNNE
2025-10-24 09:50:00,18.525,18.525,18.525,18.525,133.0,CNNE
2025-10-24 09:49:00,18.56,18.56,18.44,18.45,2724.0,CNNE
2025-10-24 09:48:00,18.64,18.64,18.64,18.64,101.0,CNNE
2025-10-24 09:46:00,18.61,18.61,18.56,18.59,648.0,CNNE
2025-10-24 09:45:00,18.505,18.505,18.505,18.505,601.0,CNNE
2025-10-24 09:44:00,18.5,18.505,18.42,18.43,1319.0,CNNE
2025-10-24 09:43:00,18.57,18.59,18.45,18.52,3086.0,CNNE
2025-10-24 09:37:00,18.64,18.64,18.55,18.64,2946.0,CNNE
2025-10-24 09:30:00,18.66,18.66,18.66,18.66,2751.0,CNNE
2025-10-24 08:02:00,18.49,18.49,18.49,18.49,1.0,CNNE
2025-10-23 19:00:00,18.49,18.49,18.49,18.49,96872.0,CNNE
2025-10-23 18:30:00,18.49,18.49,18.49,18.49,96872.0,CNNE
2025-10-23 16:10:00,18.49,18.49,18.49,18.49,96875.0,CNNE
2025-10-23 16:04:00,18.49,18.49,18.49,18.49,5.0,CNNE
2025-10-23 16:01:00,18.49,18.49,18.49,18.49,1606.0,CNNE
2025-10-23 16:00:00,18.51,18.51,18.49,18.49,196934.0,CNNE
2025-10-23 15:59:00,18.52,18.53,18.49,18.51,16971.0,CNNE
2025-10-23 15:58:00,18.515,18.52,18.51,18.52,5166.0,CNNE
2025-10-23 15:57:00,18.485,18.515,18.485,18.515,7821.0,CNNE
2025-10-23 15:56:00,18.485,18.49,18.485,18.49,2058.0,CNNE
2025-10-23 15:55:00,18.48,18.485,18.48,18.485,1831.0,CNNE
2025-10-23 15:52:00,18.505,18.505,18.485,18.485,1880.0,CNNE
2025-10-23 15:51:00,18.49,18.5,18.49,18.5,2107.0,CNNE
2025-10-23 15:50:00,18.485,18.485,18.48,18.485,2741.0,CNNE
2025-10-23 15:49:00,18.485,18.485,18.485,18.485,770.0,CNNE
2025-10-23 15:48:00,18.475,18.48,18.475,18.48,1396.0,CNNE
2025-10-23 15:47:00,18.47,18.475,18.47,18.475,1114.0,CNNE
2025-10-23 15:46:00,18.47,18.475,18.47,18.475,545.0,CNNE
2025-10-23 15:43:00,18.48,18.48,18.47,18.47,5015.0,CNNE
2025-10-23 15:40:00,18.48,18.485,18.48,18.485,1763.0,CNNE
2025-10-23 15:39:00,18.475,18.475,18.475,18.475,678.0,CNNE
2025-10-23 15:38:00,18.475,18.475,18.475,18.475,216.0,CNNE
2025-10-23 15:37:00,18.49,18.49,18.47,18.475,6053.0,CNNE
2025-10-23 15:35:00,18.49,18.49,18.49,18.49,387.0,CNNE
2025-10-23 15:34:00,18.495,18.495,18.49,18.49,537.0,CNNE
2025-10-23 15:32:00,18.495,18.495,18.495,18.495,632.0,CNNE
2025-10-23 15:31:00,18.5,18.5,18.495,18.495,5028.0,CNNE
2025-10-23 15:30:00,18.5,18.5,18.5,18.5,607.0,CNNE
2025-10-23 15:28:00,18.505,18.505,18.505,18.505,258.0,CNNE
2025-10-23 15:26:00,18.505,18.505,18.505,18.505,386.0,CNNE
2025-10-23 15:24:00,18.49,18.5,18.49,18.5,1738.0,CNNE
2025-10-23 15:23:00,18.5,18.5,18.495,18.495,2331.0,CNNE
2025-10-23 15:17:00,18.51,18.51,18.505,18.505,2522.0,CNNE
2025-10-23 15:16:00,18.51,18.51,18.51,18.51,413.0,CNNE
2025-10-23 15:11:00,18.515,18.515,18.515,18.515,515.0,CNNE
2025-10-23 15:10:00,18.515,18.515,18.515,18.515,454.0,CNNE
2025-10-23 15:08:00,18.52,18.52,18.52,18.52,1372.0,CNNE
2025-10-23 15:05:00,18.53,18.535,18.525,18.525,4539.0,CNNE
2025-10-23 15:02:00,18.53,18.53,18.53,18.53,303.0,CNNE
2025-10-23 15:00:00,18.535,18.535,18.535,18.535,459.0,CNNE
2025-10-23 14:59:00,18.535,18.535,18.535,18.535,1722.0,CNNE
2025-10-23 14:58:00,18.53,18.53,18.53,18.53,546.0,CNNE
2025-10-23 14:57:00,18.54,18.54,18.53,18.53,8253.0,CNNE
2025-10-23 14:55:00,18.535,18.535,18.535,18.535,1257.0,CNNE
2025-10-23 14:54:00,18.525,18.54,18.52,18.535,5234.0,CNNE
2025-10-23 14:53:00,18.525,18.525,18.525,18.525,149.0,CNNE
2025-10-23 14:52:00,18.525,18.525,18.525,18.525,532.0,CNNE
2025-10-23 14:51:00,18.5264,18.5264,18.52,18.525,576.0,CNNE
2025-10-23 14:47:00,18.52,18.52,18.52,18.52,385.0,CNNE
2025-10-23 14:46:00,18.5188,18.52,18.51,18.52,944.0,CNNE
2025-10-23 14:45:00,18.52,18.52,18.52,18.52,169.0,CNNE
2025-10-23 14:44:00,18.52,18.52,18.52,18.52,302.0,CNNE
2025-10-23 14:43:00,18.52,18.52,18.52,18.52,396.0,CNNE
2025-10-23 14:42:00,18.52,18.52,18.52,18.52,1276.0,CNNE
2025-10-23 14:41:00,18.525,18.525,18.515,18.52,4314.0,CNNE
2025-10-23 14:40:00,18.525,18.525,18.525,18.525,663.0,CNNE
2025-10-23 14:35:00,18.52,18.52,18.52,18.52,237.0,CNNE
2025-10-23 14:32:00,18.52,18.52,18.52,18.52,512.0,CNNE
2025-10-23 14:30:00,18.52,18.52,18.52,18.52,2041.0,CNNE
2025-10-23 14:27:00,18.53,18.53,18.53,18.53,246.0,CNNE
2025-10-23 14:26:00,18.53,18.53,18.53,18.53,237.0,CNNE
2025-10-23 14:24:00,18.53,18.53,18.53,18.53,374.0,CNNE
2025-10-23 14:21:00,18.535,18.535,18.535,18.535,596.0,CNNE
2025-10-23 14:20:00,18.535,18.535,18.535,18.535,313.0,CNNE
2025-10-23 14:19:00,18.53,18.53,18.53,18.53,208.0,CNNE
2025-10-23 14:16:00,18.52,18.52,18.52,18.52,737.0,CNNE
2025-10-23 14:15:00,18.53,18.53,18.52,18.52,2852.0,CNNE
2025-10-23 14:14:00,18.54,18.54,18.54,18.54,259.0,CNNE
2025-10-23 14:13:00,18.54,18.54,18.54,18.54,2486.0,CNNE
2025-10-23 14:12:00,18.53,18.53,18.53,18.53,330.0,CNNE
2025-10-23 14:09:00,18.525,18.53,18.525,18.53,984.0,CNNE
2025-10-23 14:07:00,18.52,18.53,18.515,18.52,4649.0,CNNE
2025-10-23 14:05:00,18.53,18.53,18.52,18.52,514.0,CNNE
2025-10-23 14:04:00,18.53,18.53,18.53,18.53,2508.0,CNNE
2025-10-23 14:02:00,18.53,18.53,18.53,18.53,315.0,CNNE
2025-10-23 14:01:00,18.53,18.53,18.53,18.53,119.0,CNNE
2025-10-23 13:57:00,18.53,18.53,18.53,18.53,568.0,CNNE
2025-10-23 13:56:00,18.515,18.52,18.515,18.52,1055.0,CNNE
2025-10-23 13:55:00,18.515,18.515,18.515,18.515,913.0,CNNE
2025-10-23 13:54:00,18.515,18.515,18.515,18.515,264.0,CNNE
2025-10-23 13:48:00,18.515,18.52,18.515,18.515,1264.0,CNNE
2025-10-23 13:47:00,18.52,18.52,18.515,18.515,1677.0,CNNE
2025-10-23 13:46:00,18.53,18.53,18.52,18.52,3102.0,CNNE
2025-10-23 13:45:00,18.545,18.545,18.545,18.545,114.0,CNNE
2025-10-23 13:41:00,18.53,18.53,18.53,18.53,1040.0,CNNE
2025-10-23 13:40:00,18.52,18.52,18.52,18.52,427.0,CNNE
2025-10-23 13:37:00,18.515,18.53,18.515,18.53,4294.0,CNNE
2025-10-23 13:36:00,18.52,18.52,18.505,18.51,3821.0,CNNE
2025-10-23 13:35:00,18.51,18.52,18.51,18.51,882.0,CNNE
2025-10-23 13:34:00,18.513,18.513,18.513,18.513,446.0,CNNE
2025-10-23 13:33:00,18.49,18.51,18.4886,18.51,1010.0,CNNE
2025-10-23 13:30:00,18.48,18.49,18.48,18.4842,1023.0,CNNE
2025-10-23 13:28:00,18.48,18.48,18.48,18.48,228.0,CNNE
2025-10-23 13:25:00,18.48,18.48,18.48,18.48,269.0,CNNE
2025-10-23 13:24:00,18.48,18.48,18.48,18.48,147.0,CNNE
2025-10-23 13:23:00,18.48,18.48,18.48,18.48,215.0,CNNE
2025-10-23 13:22:00,18.48,18.48,18.48,18.48,228.0,CNNE
2025-10-23 13:21:00,18.51,18.51,18.48,18.49,2655.0,CNNE
2025-10-23 13:18:00,18.52,18.52,18.51,18.51,3583.0,CNNE
2025-10-23 13:16:00,18.53,18.53,18.53,18.53,352.0,CNNE
2025-10-23 13:12:00,18.52,18.52,18.52,18.52,434.0,CNNE
2025-10-23 13:10:00,18.5,18.5,18.5,18.5,620.0,CNNE
2025-10-23 13:08:00,18.495,18.495,18.49,18.49,2194.0,CNNE
2025-10-23 13:07:00,18.5,18.5,18.5,18.5,207.0,CNNE
2025-10-23 13:05:00,18.5,18.5,18.5,18.5,147.0,CNNE
2025-10-23 13:03:00,18.5,18.5,18.5,18.5,141.0,CNNE
2025-10-23 13:02:00,18.5,18.5,18.5,18.5,125.0,CNNE
2025-10-23 13:01:00,18.5,18.503,18.5,18.503,1136.0,CNNE
2025-10-23 12:59:00,18.5016,18.5016,18.4964,18.4964,547.0,CNNE
2025-10-23 12:58:00,18.5,18.5,18.5,18.5,336.0,CNNE
2025-10-23 12:53:00,18.5,18.5,18.5,18.5,490.0,CNNE
2025-10-23 12:51:00,18.49,18.49,18.49,18.49,233.0,CNNE
2025-10-23 12:47:00,18.475,18.475,18.475,18.475,322.0,CNNE
2025-10-23 12:46:00,18.47,18.47,18.465,18.47,2296.0,CNNE
2025-10-23 12:42:00,18.47,18.47,18.47,18.47,757.0,CNNE
2025-10-23 12:40:00,18.465,18.465,18.465,18.465,143.0,CNNE
2025-10-23 12:38:00,18.46,18.46,18.46,18.46,335.0,CNNE
2025-10-23 12:36:00,18.465,18.465,18.465,18.465,120.0,CNNE
2025-10-23 12:34:00,18.455,18.46,18.455,18.46,1899.0,CNNE
2025-10-23 12:33:00,18.46,18.46,18.46,18.46,758.0,CNNE
2025-10-23 12:30:00,18.455,18.455,18.455,18.455,451.0,CNNE
2025-10-23 12:29:00,18.455,18.455,18.455,18.455,245.0,CNNE
2025-10-23 12:27:00,18.45,18.45,18.45,18.45,1086.0,CNNE
2025-10-23 12:25:00,18.46,18.46,18.46,18.46,139.0,CNNE
2025-10-23 12:23:00,18.46,18.46,18.46,18.46,309.0,CNNE
2025-10-23 12:16:00,18.47,18.47,18.45,18.46,1989.0,CNNE
2025-10-23 12:15:00,18.475,18.475,18.475,18.475,186.0,CNNE
2025-10-23 12:13:00,18.47,18.47,18.47,18.47,175.0,CNNE
2025-10-23 12:11:00,18.46,18.46,18.46,18.46,144.0,CNNE
2025-10-23 12:10:00,18.47,18.47,18.47,18.47,151.0,CNNE
2025-10-23 12:09:00,18.45,18.47,18.45,18.47,3954.0,CNNE
2025-10-23 12:08:00,18.44,18.45,18.44,18.45,1009.0,CNNE
2025-10-23 12:05:00,18.44,18.44,18.44,18.44,200.0,CNNE
2025-10-23 12:03:00,18.44,18.44,18.44,18.44,728.0,CNNE
2025-10-23 12:02:00,18.44,18.44,18.44,18.44,2173.0,CNNE
2025-10-23 12:01:00,18.455,18.455,18.455,18.455,118.0,CNNE
2025-10-23 12:00:00,18.455,18.455,18.455,18.455,114.0,CNNE
2025-10-23 11:59:00,18.45,18.455,18.45,18.455,1177.0,CNNE
2025-10-23 11:54:00,18.43,18.44,18.43,18.44,457.0,CNNE
2025-10-23 11:51:00,18.41,18.42,18.41,18.42,930.0,CNNE
2025-10-23 11:48:00,18.41,18.41,18.41,18.41,109.0,CNNE
2025-10-23 11:47:00,18.42,18.42,18.42,18.42,213.0,CNNE
2025-10-23 11:45:00,18.415,18.415,18.415,18.415,351.0,CNNE
2025-10-23 11:44:00,18.4001,18.4001,18.4001,18.4001,526.0,CNNE
2025-10-23 11:41:00,18.41,18.42,18.41,18.41,2494.0,CNNE
2025-10-23 11:36:00,18.41,18.41,18.4,18.4,2489.0,CNNE
2025-10-23 11:35:00,18.415,18.415,18.415,18.415,106.0,CNNE
2025-10-23 11:31:00,18.42,18.42,18.42,18.42,283.0,CNNE
2025-10-23 11:30:00,18.38,18.4,18.38,18.4,3940.0,CNNE
2025-10-23 11:26:00,18.365,18.365,18.365,18.365,280.0,CNNE
2025-10-23 11:25:00,18.36,18.36,18.36,18.36,957.0,CNNE
2025-10-23 11:22:00,18.355,18.355,18.355,18.355,447.0,CNNE
2025-10-23 11:18:00,18.36,18.36,18.35,18.35,829.0,CNNE
2025-10-23 11:16:00,18.36,18.36,18.36,18.36,1701.0,CNNE
2025-10-23 11:15:00,18.37,18.37,18.37,18.37,230.0,CNNE
2025-10-23 11:14:00,18.35,18.36,18.35,18.36,888.0,CNNE
2025-10-23 11:12:00,18.34,18.34,18.34,18.34,447.0,CNNE
2025-10-23 11:11:00,18.34,18.34,18.34,18.34,316.0,CNNE
2025-10-23 11:06:00,18.35,18.35,18.35,18.35,1356.0,CNNE
2025-10-23 11:01:00,18.36,18.36,18.36,18.36,1065.0,CNNE
2025-10-23 10:58:00,18.34,18.34,18.34,18.34,366.0,CNNE
2025-10-23 10:54:00,18.34,18.34,18.33,18.33,1728.0,CNNE
2025-10-23 10:53:00,18.35,18.35,18.35,18.35,340.0,CNNE
2025-10-23 10:52:00,18.34,18.34,18.34,18.34,261.0,CNNE
2025-10-23 10:50:00,18.35,18.35,18.35,18.35,813.0,CNNE
2025-10-23 10:49:00,18.35,18.36,18.35,18.36,528.0,CNNE
2025-10-23 10:46:00,18.3381,18.3381,18.3381,18.3381,100.0,CNNE
2025-10-23 10:45:00,18.34,18.34,18.33,18.33,760.0,CNNE
2025-10-23 10:43:00,18.34,18.34,18.34,18.34,1666.0,CNNE
2025-10-23 10:31:00,18.32,18.32,18.32,18.32,486.0,CNNE
2025-10-23 10:28:00,18.33,18.33,18.33,18.33,209.0,CNNE
2025-10-23 10:26:00,18.31,18.33,18.31,18.33,1197.0,CNNE
2025-10-23 10:25:00,18.31,18.31,18.31,18.31,347.0,CNNE
2025-10-23 10:24:00,18.31,18.31,18.31,18.31,242.0,CNNE
2025-10-23 10:21:00,18.29,18.29,18.29,18.29,244.0,CNNE
2025-10-23 10:20:00,18.28,18.285,18.28,18.285,571.0,CNNE
2025-10-23 10:19:00,18.28,18.28,18.25,18.25,507.0,CNNE
2025-10-23 10:18:00,18.28,18.28,18.28,18.28,471.0,CNNE
2025-10-23 10:17:00,18.3,18.3,18.3,18.3,278.0,CNNE
2025-10-23 10:15:00,18.32,18.32,18.32,18.32,737.0,CNNE
2025-10-23 10:12:00,18.335,18.335,18.335,18.335,450.0,CNNE
2025-10-23 10:10:00,18.33,18.33,18.33,18.33,841.0,CNNE
2025-10-23 10:08:00,18.34,18.34,18.34,18.34,556.0,CNNE
2025-10-23 10:07:00,18.35,18.35,18.33,18.33,1001.0,CNNE
2025-10-23 10:06:00,18.37,18.37,18.37,18.37,281.0,CNNE
2025-10-23 10:03:00,18.41,18.41,18.39,18.39,2109.0,CNNE
2025-10-23 10:02:00,18.42,18.42,18.42,18.42,296.0,CNNE
2025-10-23 10:01:00,18.41,18.41,18.4,18.4,1089.0,CNNE
2025-10-23 09:59:00,18.41,18.41,18.41,18.41,295.0,CNNE
2025-10-23 09:58:00,18.38,18.4,18.38,18.4,1603.0,CNNE
2025-10-23 09:57:00,18.38,18.38,18.375,18.38,894.0,CNNE
2025-10-23 09:56:00,18.38,18.38,18.38,18.38,192.0,CNNE
2025-10-23 09:54:00,18.3875,18.3875,18.385,18.385,500.0,CNNE
2025-10-23 09:53:00,18.43,18.43,18.41,18.41,753.0,CNNE
2025-10-23 09:47:00,18.41,18.41,18.41,18.41,144.0,CNNE
2025-10-23 09:45:00,18.44,18.44,18.44,18.44,479.0,CNNE
2025-10-23 09:42:00,18.445,18.48,18.42,18.47,3114.0,CNNE
2025-10-23 09:41:00,18.3933,18.3933,18.3933,18.3933,472.0,CNNE
2025-10-23 09:30:00,18.48,18.48,18.48,18.48,2086.0,CNNE
2025-10-23 09:04:00,18.47,18.47,18.47,18.47,1000.0,CNNE
2025-10-23 06:05:00,18.72,18.72,18.0,18.0,2.0,CNNE
2025-10-22 19:00:00,18.36,18.36,18.36,18.36,120132.0,CNNE
2025-10-22 18:30:00,18.36,18.36,18.36,18.36,120132.0,CNNE
2025-10-22 18:14:00,18.36,18.36,18.36,18.36,11142.0,CNNE
2025-10-22 16:51:00,18.36,18.36,18.36,18.36,9023.0,CNNE
2025-10-22 16:20:00,18.36,18.36,18.36,18.36,13.0,CNNE
2025-10-22 16:10:00,18.36,18.36,18.36,18.36,120136.0,CNNE
2025-10-22 16:04:00,18.36,18.36,18.36,18.36,7.0,CNNE
2025-10-22 16:01:00,18.36,18.36,18.36,18.36,925.0,CNNE
2025-10-22 16:00:00,18.36,18.36,18.35,18.36,250063.0,CNNE
2025-10-22 15:59:00,18.36,18.37,18.34,18.36,8483.0,CNNE
2025-10-22 15:58:00,18.35,18.355,18.35,18.35,4486.0,CNNE
2025-10-22 15:57:00,18.365,18.365,18.345,18.36,5967.0,CNNE
2025-10-22 15:56:00,18.34,18.37,18.34,18.365,4608.0,CNNE
2025-10-22 15:55:00,18.37,18.375,18.35,18.35,3255.0,CNNE
2025-10-22 15:54:00,18.36,18.37,18.36,18.37,2344.0,CNNE
2025-10-22 15:53:00,18.35,18.36,18.3441,18.36,1773.0,CNNE
2025-10-22 15:52:00,18.36,18.36,18.35,18.35,1590.0,CNNE
2025-10-22 15:51:00,18.37,18.375,18.36,18.365,6104.0,CNNE
2025-10-22 15:50:00,18.38,18.38,18.375,18.375,1598.0,CNNE
2025-10-22 15:49:00,18.37,18.38,18.37,18.38,1269.0,CNNE
2025-10-22 15:48:00,18.345,18.375,18.345,18.375,3467.0,CNNE
2025-10-22 15:47:00,18.35,18.35,18.34,18.34,1119.0,CNNE
2025-10-22 15:46:00,18.36,18.36,18.36,18.36,1104.0,CNNE
2025-10-22 15:45:00,18.36,18.36,18.36,18.36,620.0,CNNE
2025-10-22 15:44:00,18.36,18.37,18.36,18.36,7186.0,CNNE
2025-10-22 15:43:00,18.365,18.365,18.365,18.365,634.0,CNNE
2025-10-22 15:42:00,18.36,18.36,18.36,18.36,1309.0,CNNE
2025-10-22 15:41:00,18.38,18.38,18.35,18.35,5502.0,CNNE
2025-10-22 15:40:00,18.39,18.39,18.38,18.385,2169.0,CNNE
2025-10-22 15:39:00,18.39,18.39,18.39,18.39,543.0,CNNE
2025-10-22 15:38:00,18.39,18.39,18.39,18.39,467.0,CNNE
2025-10-22 15:37:00,18.39,18.39,18.39,18.39,757.0,CNNE
2025-10-22 15:36:00,18.38,18.39,18.38,18.39,509.0,CNNE
2025-10-22 15:35:00,18.375,18.38,18.365,18.38,3797.0,CNNE
2025-10-22 15:34:00,18.375,18.375,18.375,18.375,361.0,CNNE
2025-10-22 15:33:00,18.37,18.375,18.37,18.375,981.0,CNNE
2025-10-22 15:30:00,18.37,18.37,18.365,18.365,658.0,CNNE
2025-10-22 15:29:00,18.35,18.36,18.35,18.36,3006.0,CNNE
2025-10-22 15:28:00,18.345,18.345,18.345,18.345,461.0,CNNE
2025-10-22 15:26:00,18.34,18.345,18.34,18.345,815.0,CNNE
2025-10-22 15:25:00,18.345,18.345,18.345,18.345,415.0,CNNE
2025-10-22 15:24:00,18.35,18.35,18.35,18.35,174.0,CNNE
2025-10-22 15:23:00,18.355,18.355,18.35,18.35,827.0,CNNE
2025-10-22 15:22:00,18.35,18.35,18.35,18.35,274.0,CNNE
2025-10-22 15:20:00,18.35,18.35,18.35,18.35,855.0,CNNE
2025-10-22 15:17:00,18.355,18.355,18.35,18.35,1888.0,CNNE
2025-10-22 15:16:00,18.35,18.35,18.35,18.35,880.0,CNNE
2025-10-22 15:15:00,18.35,18.35,18.35,18.35,327.0,CNNE
2025-10-22 15:14:00,18.35,18.35,18.35,18.35,210.0,CNNE
2025-10-22 15:11:00,18.35,18.35,18.35,18.35,520.0,CNNE
2025-10-22 15:10:00,18.33,18.35,18.33,18.34,2034.0,CNNE
2025-10-22 15:08:00,18.34,18.34,18.34,18.34,388.0,CNNE
2025-10-22 15:07:00,18.33,18.33,18.33,18.33,963.0,CNNE
2025-10-22 15:05:00,18.33,18.34,18.33,18.34,935.0,CNNE
2025-10-22 15:03:00,18.31,18.31,18.31,18.31,110.0,CNNE
2025-10-22 15:02:00,18.32,18.32,18.31,18.31,896.0,CNNE
2025-10-22 15:01:00,18.33,18.33,18.325,18.325,2610.0,CNNE
2025-10-22 14:59:00,18.36,18.36,18.36,18.36,425.0,CNNE
2025-10-22 14:57:00,18.36,18.36,18.36,18.36,124.0,CNNE
2025-10-22 14:55:00,18.34,18.34,18.34,18.34,903.0,CNNE
2025-10-22 14:54:00,18.34,18.34,18.34,18.34,449.0,CNNE
2025-10-22 14:53:00,18.35,18.35,18.35,18.35,360.0,CNNE
2025-10-22 14:52:00,18.35,18.35,18.35,18.35,721.0,CNNE
2025-10-22 14:51:00,18.36,18.36,18.36,18.36,576.0,CNNE
2025-10-22 14:49:00,18.38,18.38,18.37,18.37,1284.0,CNNE
2025-10-22 14:47:00,18.39,18.39,18.37,18.37,1480.0,CNNE
2025-10-22 14:46:00,18.38,18.4,18.38,18.39,3725.0,CNNE
2025-10-22 14:45:00,18.38,18.38,18.38,18.38,115.0,CNNE
2025-10-22 14:43:00,18.38,18.38,18.38,18.38,188.0,CNNE
2025-10-22 14:42:00,18.37,18.39,18.37,18.39,269.0,CNNE
2025-10-22 14:41:00,18.38,18.38,18.38,18.38,1423.0,CNNE
2025-10-22 14:39:00,18.39,18.39,18.39,18.39,192.0,CNNE
2025-10-22 14:37:00,18.39,18.39,18.39,18.39,294.0,CNNE
2025-10-22 14:36:00,18.41,18.41,18.4,18.4,2382.0,CNNE
2025-10-22 14:34:00,18.42,18.42,18.42,18.42,538.0,CNNE
2025-10-22 14:33:00,18.43,18.43,18.43,18.43,327.0,CNNE
2025-10-22 14:31:00,18.43,18.43,18.41,18.41,1348.0,CNNE
2025-10-22 14:30:00,18.43,18.43,18.43,18.43,672.0,CNNE
2025-10-22 14:27:00,18.43,18.43,18.43,18.43,261.0,CNNE
2025-10-22 14:26:00,18.46,18.46,18.44,18.44,3354.0,CNNE
2025-10-22 14:25:00,18.465,18.465,18.465,18.465,295.0,CNNE
2025-10-22 14:24:00,18.45,18.485,18.45,18.47,1649.0,CNNE
2025-10-22 14:23:00,18.435,18.435,18.435,18.435,279.0,CNNE
2025-10-22 14:21:00,18.45,18.45,18.45,18.45,165.0,CNNE
2025-10-22 14:20:00,18.41,18.44,18.41,18.44,1796.0,CNNE
2025-10-22 14:19:00,18.4,18.41,18.4,18.4,630.0,CNNE
2025-10-22 14:18:00,18.42,18.42,18.4,18.4,1463.0,CNNE
2025-10-22 14:16:00,18.43,18.43,18.425,18.43,1665.0,CNNE
2025-10-22 14:14:00,18.44,18.445,18.44,18.445,1960.0,CNNE
2025-10-22 14:13:00,18.46,18.46,18.46,18.46,1380.0,CNNE
2025-10-22 14:12:00,18.46,18.46,18.46,18.46,104.0,CNNE
2025-10-22 14:10:00,18.45,18.46,18.45,18.46,903.0,CNNE
2025-10-22 14:09:00,18.44,18.44,18.44,18.44,366.0,CNNE
2025-10-22 14:06:00,18.445,18.445,18.44,18.44,1365.0,CNNE
2025-10-22 14:03:00,18.47,18.47,18.47,18.47,292.0,CNNE
2025-10-22 14:02:00,18.45,18.46,18.45,18.46,536.0,CNNE
2025-10-22 13:58:00,18.42,18.42,18.42,18.42,1332.0,CNNE
2025-10-22 13:56:00,18.43,18.43,18.43,18.43,252.0,CNNE
2025-10-22 13:55:00,18.44,18.44,18.44,18.44,285.0,CNNE
2025-10-22 13:54:00,18.44,18.44,18.44,18.44,715.0,CNNE
2025-10-22 13:53:00,18.45,18.45,18.45,18.45,801.0,CNNE
2025-10-22 13:50:00,18.46,18.46,18.46,18.46,1603.0,CNNE
2025-10-22 13:49:00,18.47,18.47,18.47,18.47,636.0,CNNE
2025-10-22 13:47:00,18.49,18.49,18.49,18.49,203.0,CNNE
2025-10-22 13:46:00,18.46,18.47,18.46,18.46,2600.0,CNNE
2025-10-22 13:45:00,18.46,18.46,18.45,18.46,2410.0,CNNE
2025-10-22 13:44:00,18.45,18.45,18.45,18.45,405.0,CNNE
2025-10-22 13:43:00,18.43,18.43,18.43,18.43,184.0,CNNE
2025-10-22 13:42:00,18.45,18.45,18.44,18.45,951.0,CNNE
2025-10-22 13:41:00,18.4719,18.4719,18.47,18.47,1512.0,CNNE
2025-10-22 13:40:00,18.48,18.48,18.48,18.48,271.0,CNNE
2025-10-22 13:39:00,18.49,18.49,18.49,18.49,134.0,CNNE
2025-10-22 13:38:00,18.5,18.5,18.48,18.48,964.0,CNNE
2025-10-22 13:37:00,18.51,18.51,18.51,18.51,1212.0,CNNE
2025-10-22 13:34:00,18.52,18.52,18.52,18.52,385.0,CNNE
2025-10-22 13:33:00,18.515,18.515,18.515,18.515,3058.0,CNNE
2025-10-22 13:32:00,18.52,18.52,18.52,18.52,131.0,CNNE
2025-10-22 13:31:00,18.51,18.51,18.51,18.51,241.0,CNNE
2025-10-22 13:30:00,18.52,18.52,18.52,18.52,997.0,CNNE
2025-10-22 13:29:00,18.53,18.53,18.53,18.53,634.0,CNNE
2025-10-22 13:27:00,18.53,18.53,18.53,18.53,595.0,CNNE
2025-10-22 13:26:00,18.515,18.515,18.515,18.515,469.0,CNNE
2025-10-22 13:25:00,18.53,18.53,18.52,18.52,988.0,CNNE
2025-10-22 13:24:00,18.55,18.55,18.55,18.55,125.0,CNNE
2025-10-22 13:21:00,18.54,18.54,18.54,18.54,215.0,CNNE
2025-10-22 13:18:00,18.56,18.57,18.55,18.55,2185.0,CNNE
2025-10-22 13:17:00,18.56,18.56,18.56,18.56,129.0,CNNE
2025-10-22 13:16:00,18.57,18.57,18.57,18.57,119.0,CNNE
2025-10-22 13:14:00,18.57,18.57,18.57,18.57,944.0,CNNE
2025-10-22 13:11:00,18.62,18.62,18.6,18.6,3086.0,CNNE
2025-10-22 13:10:00,18.61,18.61,18.61,18.61,501.0,CNNE
2025-10-22 13:09:00,18.61,18.61,18.61,18.61,368.0,CNNE
2025-10-22 13:08:00,18.62,18.62,18.62,18.62,577.0,CNNE
2025-10-22 13:07:00,18.59,18.59,18.59,18.59,728.0,CNNE
2025-10-22 13:04:00,18.59,18.59,18.59,18.59,185.0,CNNE
2025-10-22 13:02:00,18.58,18.59,18.58,18.59,509.0,CNNE
2025-10-22 13:01:00,18.58,18.58,18.58,18.58,800.0,CNNE
2025-10-22 13:00:00,18.6,18.6,18.6,18.6,249.0,CNNE
2025-10-22 12:59:00,18.595,18.595,18.595,18.595,212.0,CNNE
2025-10-22 12:58:00,18.61,18.61,18.61,18.61,152.0,CNNE
2025-10-22 12:55:00,18.6,18.6,18.6,18.6,462.0,CNNE
2025-10-22 12:53:00,18.59,18.59,18.59,18.59,178.0,CNNE
2025-10-22 12:52:00,18.58,18.58,18.58,18.58,412.0,CNNE
2025-10-22 12:50:00,18.57,18.57,18.57,18.57,574.0,CNNE
2025-10-22 12:49:00,18.58,18.58,18.58,18.58,139.0,CNNE
2025-10-22 12:48:00,18.57,18.57,18.57,18.57,278.0,CNNE
2025-10-22 12:47:00,18.58,18.58,18.58,18.58,871.0,CNNE
2025-10-22 12:45:00,18.6,18.6,18.6,18.6,191.0,CNNE
2025-10-22 12:43:00,18.59,18.59,18.59,18.59,127.0,CNNE
2025-10-22 12:42:00,18.59,18.59,18.59,18.59,726.0,CNNE
2025-10-22 12:41:00,18.59,18.59,18.59,18.59,643.0,CNNE
2025-10-22 12:40:00,18.58,18.58,18.58,18.58,115.0,CNNE
2025-10-22 12:37:00,18.57,18.57,18.57,18.57,170.0,CNNE
2025-10-22 12:33:00,18.53,18.53,18.53,18.53,125.0,CNNE
2025-10-22 12:32:00,18.55,18.55,18.55,18.55,515.0,CNNE
2025-10-22 12:31:00,18.52,18.57,18.52,18.56,2027.0,CNNE
2025-10-22 12:30:00,18.565,18.62,18.53,18.53,8744.0,CNNE
2025-10-22 12:29:00,18.57,18.57,18.57,18.57,120.0,CNNE
2025-10-22 12:27:00,18.57,18.57,18.57,18.57,331.0,CNNE
2025-10-22 12:25:00,18.57,18.57,18.57,18.57,221.0,CNNE
2025-10-22 12:24:00,18.565,18.565,18.565,18.565,143.0,CNNE
2025-10-22 12:19:00,18.56,18.5665,18.56,18.56,1368.0,CNNE
2025-10-22 12:18:00,18.56,18.56,18.55,18.5535,1105.0,CNNE
2025-10-22 12:17:00,18.57,18.57,18.57,18.57,683.0,CNNE
2025-10-22 12:16:00,18.57,18.57,18.57,18.57,310.0,CNNE
2025-10-22 12:14:00,18.59,18.59,18.565,18.565,645.0,CNNE
2025-10-22 12:12:00,18.58,18.58,18.58,18.58,655.0,CNNE
2025-10-22 12:11:00,18.6,18.6,18.5935,18.5935,683.0,CNNE
2025-10-22 12:10:00,18.62,18.62,18.6,18.6,235.0,CNNE
2025-10-22 12:08:00,18.61,18.61,18.61,18.61,205.0,CNNE
2025-10-22 12:07:00,18.64,18.64,18.61,18.61,1343.0,CNNE
2025-10-22 12:06:00,18.64,18.64,18.64,18.64,244.0,CNNE
2025-10-22 12:02:00,18.65,18.65,18.65,18.65,585.0,CNNE
2025-10-22 12:00:00,18.66,18.66,18.66,18.66,868.0,CNNE
2025-10-22 11:59:00,18.66,18.66,18.66,18.66,190.0,CNNE
2025-10-22 11:58:00,18.67,18.67,18.67,18.67,137.0,CNNE
2025-10-22 11:57:00,18.67,18.67,18.67,18.67,256.0,CNNE
2025-10-22 11:56:00,18.68,18.68,18.68,18.68,111.0,CNNE
2025-10-22 11:54:00,18.67,18.67,18.67,18.67,362.0,CNNE
2025-10-22 11:53:00,18.67,18.67,18.66,18.665,1716.0,CNNE
2025-10-22 11:50:00,18.67,18.67,18.67,18.67,258.0,CNNE
2025-10-22 11:48:00,18.66,18.66,18.66,18.66,298.0,CNNE
2025-10-22 11:47:00,18.66,18.66,18.66,18.66,127.0,CNNE
2025-10-22 11:43:00,18.67,18.67,18.67,18.67,126.0,CNNE
2025-10-22 11:40:00,18.67,18.67,18.67,18.67,543.0,CNNE
2025-10-22 11:37:00,18.68,18.68,18.68,18.68,1133.0,CNNE
2025-10-22 11:36:00,18.7,18.7,18.7,18.7,286.0,CNNE
2025-10-22 11:35:00,18.69,18.69,18.69,18.69,128.0,CNNE
2025-10-22 11:34:00,18.69,18.69,18.69,18.69,625.0,CNNE
2025-10-22 11:33:00,18.7,18.7,18.7,18.7,207.0,CNNE
2025-10-22 11:32:00,18.69,18.69,18.69,18.69,353.0,CNNE
2025-10-22 11:31:00,18.69,18.69,18.69,18.69,473.0,CNNE
2025-10-22 11:29:00,18.705,18.705,18.705,18.705,302.0,CNNE
2025-10-22 11:28:00,18.7,18.7,18.69,18.7,3528.0,CNNE
2025-10-22 11:27:00,18.72,18.72,18.71,18.71,979.0,CNNE
2025-10-22 11:25:00,18.71,18.71,18.71,18.71,406.0,CNNE
2025-10-22 11:24:00,18.73,18.73,18.715,18.72,3840.0,CNNE
2025-10-22 11:23:00,18.72,18.72,18.72,18.72,155.0,CNNE
2025-10-22 11:22:00,18.73,18.73,18.73,18.73,528.0,CNNE
2025-10-22 11:20:00,18.745,18.745,18.745,18.745,517.0,CNNE
2025-10-22 11:18:00,18.74,18.74,18.74,18.74,512.0,CNNE
2025-10-22 11:17:00,18.74,18.74,18.74,18.74,849.0,CNNE
2025-10-22 11:16:00,18.73,18.73,18.73,18.73,142.0,CNNE
2025-10-22 11:12:00,18.72,18.73,18.72,18.73,773.0,CNNE
2025-10-22 11:11:00,18.74,18.74,18.74,18.74,181.0,CNNE
2025-10-22 11:10:00,18.73,18.73,18.73,18.73,545.0,CNNE
2025-10-22 11:09:00,18.68,18.72,18.68,18.72,7960.0,CNNE
2025-10-22 11:08:00,18.68,18.68,18.68,18.68,1265.0,CNNE
2025-10-22 11:05:00,18.685,18.685,18.685,18.685,313.0,CNNE
2025-10-22 11:04:00,18.68,18.68,18.68,18.68,565.0,CNNE
2025-10-22 11:03:00,18.68,18.68,18.68,18.68,214.0,CNNE
2025-10-22 11:01:00,18.7,18.7,18.69,18.69,716.0,CNNE
2025-10-22 11:00:00,18.68,18.69,18.68,18.69,647.0,CNNE
2025-10-22 10:58:00,18.7,18.7,18.7,18.7,301.0,CNNE
2025-10-22 10:57:00,18.68,18.68,18.68,18.68,379.0,CNNE
2025-10-22 10:56:00,18.67,18.68,18.665,18.68,1405.0,CNNE
2025-10-22 10:53:00,18.68,18.68,18.68,18.68,145.0,CNNE
2025-10-22 10:52:00,18.68,18.68,18.67,18.67,370.0,CNNE
2025-10-22 10:50:00,18.68,18.68,18.68,18.68,847.0,CNNE
2025-10-22 10:49:00,18.68,18.68,18.67,18.675,1143.0,CNNE
2025-10-22 10:48:00,18.68,18.68,18.68,18.68,204.0,CNNE
2025-10-22 10:46:00,18.66,18.66,18.66,18.66,447.0,CNNE
2025-10-22 10:45:00,18.67,18.67,18.67,18.67,102.0,CNNE
2025-10-22 10:44:00,18.67,18.67,18.67,18.67,296.0,CNNE
2025-10-22 10:43:00,18.67,18.67,18.67,18.67,303.0,CNNE
2025-10-22 10:41:00,18.68,18.68,18.67,18.68,989.0,CNNE
2025-10-22 10:40:00,18.68,18.685,18.675,18.685,943.0,CNNE
2025-10-22 10:38:00,18.675,18.675,18.675,18.675,706.0,CNNE
2025-10-22 10:37:00,18.67,18.685,18.67,18.685,663.0,CNNE
2025-10-22 10:34:00,18.66,18.66,18.66,18.66,141.0,CNNE
2025-10-22 10:32:00,18.66,18.66,18.66,18.66,156.0,CNNE
2025-10-22 10:31:00,18.65,18.65,18.65,18.65,853.0,CNNE
2025-10-22 10:30:00,18.655,18.67,18.655,18.655,4262.0,CNNE
2025-10-22 10:28:00,18.65,18.65,18.64,18.64,405.0,CNNE
2025-10-22 10:27:00,18.67,18.67,18.67,18.67,320.0,CNNE
2025-10-22 10:26:00,18.72,18.72,18.68,18.68,1595.0,CNNE
2025-10-22 10:25:00,18.715,18.715,18.71,18.71,1485.0,CNNE
2025-10-22 10:24:00,18.715,18.715,18.715,18.715,121.0,CNNE
2025-10-22 10:23:00,18.72,18.72,18.71,18.71,997.0,CNNE
2025-10-22 10:22:00,18.73,18.73,18.73,18.73,220.0,CNNE
2025-10-22 10:17:00,18.72,18.74,18.71,18.71,3384.0,CNNE
2025-10-22 10:16:00,18.72,18.72,18.715,18.715,1130.0,CNNE
2025-10-22 10:15:00,18.71,18.71,18.71,18.71,324.0,CNNE
2025-10-22 10:13:00,18.72,18.72,18.72,18.72,783.0,CNNE
2025-10-22 10:11:00,18.72,18.72,18.72,18.72,466.0,CNNE
2025-10-22 10:10:00,18.71,18.71,18.71,18.71,128.0,CNNE
2025-10-22 10:09:00,18.74,18.74,18.74,18.74,106.0,CNNE
2025-10-22 10:08:00,18.72,18.73,18.71,18.72,1091.0,CNNE
2025-10-22 10:07:00,18.71,18.71,18.71,18.71,430.0,CNNE
2025-10-22 10:05:00,18.765,18.77,18.69,18.69,8491.0,CNNE
2025-10-22 10:02:00,18.74,18.75,18.74,18.75,633.0,CNNE
2025-10-22 10:01:00,18.74,18.74,18.74,18.74,115.0,CNNE
2025-10-22 09:59:00,18.68,18.72,18.68,18.72,28053.0,CNNE
2025-10-22 09:53:00,18.7,18.7,18.7,18.7,124.0,CNNE
2025-10-22 09:50:00,18.66,18.69,18.66,18.69,581.0,CNNE
2025-10-22 09:47:00,18.7,18.7,18.68,18.68,1730.0,CNNE
2025-10-22 09:45:00,18.725,18.725,18.725,18.725,406.0,CNNE
2025-10-22 09:42:00,18.7,18.7,18.7,18.7,190.0,CNNE
2025-10-22 09:41:00,18.69,18.69,18.68,18.68,526.0,CNNE
2025-10-22 09:40:00,18.72,18.72,18.69,18.69,624.0,CNNE
2025-10-22 09:39:00,18.75,18.75,18.72,18.72,1997.0,CNNE
2025-10-22 09:38:00,18.76,18.76,18.76,18.76,226.0,CNNE
2025-10-22 09:37:00,18.8,18.8,18.74,18.75,1060.0,CNNE
2025-10-22 09:33:00,18.63,18.68,18.63,18.68,3865.0,CNNE
2025-10-22 09:32:00,18.67,18.72,18.63,18.63,7932.0,CNNE
2025-10-22 09:30:00,18.73,18.73,18.63,18.655,3068.0,CNNE
2025-10-22 09:08:00,18.74,18.74,18.61,18.61,4.0,CNNE
2025-10-21 19:00:00,18.74,18.74,18.74,18.74,51059.0,CNNE
2025-10-21 18:30:00,18.74,18.74,18.74,18.74,51059.0,CNNE
2025-10-21 17:28:00,18.74,18.74,18.74,18.74,773.0,CNNE
2025-10-21 16:27:00,18.74,18.74,18.74,18.74,3236.0,CNNE
2025-10-21 16:10:00,18.74,18.74,18.74,18.74,51062.0,CNNE
2025-10-21 16:04:00,18.74,18.74,18.74,18.74,5.0,CNNE
2025-10-21 16:02:00,18.74,18.74,18.74,18.74,910.0,CNNE
2025-10-21 16:01:00,18.74,18.74,18.74,18.74,2295.0,CNNE
2025-10-21 16:00:00,18.745,18.75,18.74,18.74,107643.0,CNNE
2025-10-21 15:59:00,18.76,18.77,18.74,18.75,15197.0,CNNE
2025-10-21 15:58:00,18.795,18.795,18.75,18.75,9061.0,CNNE
2025-10-21 15:57:00,18.795,18.795,18.795,18.795,1074.0,CNNE
2025-10-21 15:56:00,18.805,18.805,18.8,18.8,3783.0,CNNE
2025-10-21 15:55:00,18.8,18.805,18.795,18.805,6895.0,CNNE
2025-10-21 15:54:00,18.805,18.805,18.8,18.805,1176.0,CNNE
2025-10-21 15:53:00,18.8,18.81,18.8,18.8,9736.0,CNNE
2025-10-21 15:52:00,18.809,18.81,18.809,18.81,916.0,CNNE
2025-10-21 15:51:00,18.8,18.8,18.8,18.8,945.0,CNNE
2025-10-21 15:50:00,18.8,18.8,18.8,18.8,659.0,CNNE
2025-10-21 15:49:00,18.8,18.809,18.8,18.809,1933.0,CNNE
2025-10-21 15:48:00,18.8,18.8,18.785,18.8,3127.0,CNNE
2025-10-21 15:47:00,18.795,18.8,18.795,18.795,1273.0,CNNE
2025-10-21 15:46:00,18.8,18.8,18.79,18.79,727.0,CNNE
2025-10-21 15:45:00,18.79,18.79,18.79,18.79,702.0,CNNE
2025-10-21 15:44:00,18.785,18.79,18.785,18.79,3014.0,CNNE
2025-10-21 15:43:00,18.72,18.77,18.72,18.735,24517.0,CNNE
2025-10-21 15:42:00,18.72,18.72,18.71,18.71,1703.0,CNNE
2025-10-21 15:41:00,18.72,18.72,18.72,18.72,801.0,CNNE
2025-10-21 15:40:00,18.72,18.72,18.72,18.72,1278.0,CNNE
2025-10-21 15:38:00,18.72,18.72,18.72,18.72,231.0,CNNE
2025-10-21 15:37:00,18.72,18.72,18.72,18.72,424.0,CNNE
2025-10-21 15:35:00,18.73,18.73,18.72,18.72,4413.0,CNNE
2025-10-21 15:34:00,18.735,18.735,18.735,18.735,145.0,CNNE
2025-10-21 15:32:00,18.73,18.735,18.73,18.735,2100.0,CNNE
2025-10-21 15:31:00,18.729,18.73,18.725,18.73,2058.0,CNNE
2025-10-21 15:30:00,18.73,18.73,18.72,18.72,728.0,CNNE
2025-10-21 15:29:00,18.73,18.73,18.73,18.73,439.0,CNNE
2025-10-21 15:27:00,18.735,18.735,18.73,18.73,2520.0,CNNE
2025-10-21 15:23:00,18.73,18.73,18.729,18.73,1152.0,CNNE
2025-10-21 15:22:00,18.73,18.73,18.73,18.73,360.0,CNNE
2025-10-21 15:21:00,18.725,18.725,18.725,18.725,198.0,CNNE
2025-10-21 15:20:00,18.73,18.73,18.72,18.725,5394.0,CNNE
2025-10-21 15:17:00,18.755,18.755,18.74,18.74,2323.0,CNNE
2025-10-21 15:15:00,18.74,18.74,18.74,18.74,418.0,CNNE
2025-10-21 15:14:00,18.75,18.75,18.75,18.75,459.0,CNNE
2025-10-21 15:11:00,18.735,18.735,18.735,18.735,883.0,CNNE
2025-10-21 15:10:00,18.73,18.73,18.72,18.72,3736.0,CNNE
2025-10-21 15:09:00,18.705,18.71,18.7,18.71,3727.0,CNNE
2025-10-21 15:05:00,18.7,18.7,18.7,18.7,581.0,CNNE
2025-10-21 15:04:00,18.7,18.7,18.7,18.7,769.0,CNNE
2025-10-21 14:56:00,18.705,18.705,18.705,18.705,107.0,CNNE
2025-10-21 14:55:00,18.705,18.705,18.705,18.705,365.0,CNNE
2025-10-21 14:54:00,18.72,18.72,18.705,18.705,3246.0,CNNE
2025-10-21 14:48:00,18.74,18.74,18.73,18.73,2686.0,CNNE
2025-10-21 14:41:00,18.73,18.74,18.73,18.73,3744.0,CNNE
2025-10-21 14:37:00,18.74,18.74,18.74,18.74,1822.0,CNNE
2025-10-21 14:34:00,18.75,18.75,18.75,18.75,203.0,CNNE
2025-10-21 14:33:00,18.7402,18.7402,18.7402,18.7402,271.0,CNNE
2025-10-21 14:32:00,18.765,18.765,18.75,18.75,2508.0,CNNE
2025-10-21 14:31:00,18.76,18.76,18.755,18.76,732.0,CNNE
2025-10-21 14:30:00,18.75,18.76,18.75,18.76,1614.0,CNNE
2025-10-21 14:29:00,18.75,18.75,18.745,18.745,493.0,CNNE
2025-10-21 14:26:00,18.75,18.75,18.75,18.75,103.0,CNNE
2025-10-21 14:25:00,18.75,18.75,18.75,18.75,527.0,CNNE
2025-10-21 14:23:00,18.75,18.75,18.74,18.74,765.0,CNNE
2025-10-21 14:21:00,18.75,18.75,18.75,18.75,774.0,CNNE
2025-10-21 14:16:00,18.75,18.75,18.75,18.75,674.0,CNNE
2025-10-21 14:15:00,18.75,18.75,18.75,18.75,977.0,CNNE
2025-10-21 14:14:00,18.75,18.75,18.75,18.75,117.0,CNNE
2025-10-21 14:13:00,18.76,18.76,18.755,18.755,1739.0,CNNE
2025-10-21 14:12:00,18.75,18.77,18.75,18.765,1891.0,CNNE
2025-10-21 14:11:00,18.75,18.75,18.75,18.75,2115.0,CNNE
2025-10-21 14:08:00,18.74,18.75,18.74,18.75,4671.0,CNNE
2025-10-21 14:07:00,18.73,18.74,18.73,18.74,601.0,CNNE
2025-10-21 14:04:00,18.73,18.73,18.73,18.73,204.0,CNNE
2025-10-21 14:03:00,18.73,18.73,18.73,18.73,131.0,CNNE
2025-10-21 14:01:00,18.73,18.73,18.73,18.73,414.0,CNNE
2025-10-21 13:59:00,18.73,18.73,18.73,18.73,265.0,CNNE
2025-10-21 13:58:00,18.73,18.7301,18.73,18.7301,2274.0,CNNE
2025-10-21 13:57:00,18.7301,18.735,18.73,18.73,3291.0,CNNE
2025-10-21 13:55:00,18.735,18.735,18.735,18.735,184.0,CNNE
2025-10-21 13:54:00,18.74,18.74,18.74,18.74,2782.0,CNNE
2025-10-21 13:41:00,18.75,18.75,18.75,18.75,442.0,CNNE
2025-10-21 13:40:00,18.75,18.75,18.75,18.75,137.0,CNNE
2025-10-21 13:38:00,18.74,18.745,18.74,18.745,1029.0,CNNE
2025-10-21 13:37:00,18.7324,18.7324,18.7324,18.7324,252.0,CNNE
2025-10-21 13:32:00,18.7201,18.7201,18.7201,18.7201,468.0,CNNE
2025-10-21 13:30:00,18.73,18.73,18.73,18.73,294.0,CNNE
2025-10-21 13:25:00,18.72,18.72,18.72,18.72,2957.0,CNNE
2025-10-21 13:24:00,18.73,18.73,18.73,18.73,665.0,CNNE
2025-10-21 13:17:00,18.71,18.72,18.71,18.72,2135.0,CNNE
2025-10-21 13:10:00,18.71,18.725,18.71,18.725,1029.0,CNNE
2025-10-21 13:07:00,18.725,18.725,18.725,18.725,105.0,CNNE
2025-10-21 13:06:00,18.72,18.72,18.72,18.72,229.0,CNNE
2025-10-21 13:05:00,18.695,18.695,18.695,18.695,680.0,CNNE
2025-10-21 13:04:00,18.695,18.695,18.695,18.695,204.0,CNNE
2025-10-21 13:02:00,18.72,18.72,18.7,18.7,957.0,CNNE
2025-10-21 13:01:00,18.72,18.72,18.72,18.72,252.0,CNNE
2025-10-21 12:59:00,18.74,18.74,18.73,18.735,1599.0,CNNE
2025-10-21 12:58:00,18.74,18.7595,18.74,18.7595,354.0,CNNE
2025-10-21 12:53:00,18.75,18.75,18.75,18.75,596.0,CNNE
2025-10-21 12:52:00,18.77,18.77,18.76,18.76,1365.0,CNNE
2025-10-21 12:51:00,18.77,18.77,18.77,18.77,1435.0,CNNE
2025-10-21 12:46:00,18.78,18.78,18.78,18.78,241.0,CNNE
2025-10-21 12:45:00,18.77,18.77,18.77,18.77,124.0,CNNE
2025-10-21 12:44:00,18.77,18.7801,18.76,18.7801,3525.0,CNNE
2025-10-21 12:41:00,18.77,18.77,18.77,18.77,996.0,CNNE
2025-10-21 12:37:00,18.78,18.7801,18.78,18.7801,1983.0,CNNE
2025-10-21 12:36:00,18.78,18.78,18.78,18.78,526.0,CNNE
2025-10-21 12:34:00,18.79,18.79,18.78,18.78,1064.0,CNNE
2025-10-21 12:30:00,18.8,18.8,18.8,18.8,1006.0,CNNE
2025-10-21 12:27:00,18.8,18.81,18.8,18.805,3543.0,CNNE
2025-10-21 12:23:00,18.79,18.79,18.79,18.79,305.0,CNNE
2025-10-21 12:20:00,18.8,18.8,18.76,18.795,2216.0,CNNE
2025-10-21 12:16:00,18.81,18.81,18.81,18.81,406.0,CNNE
2025-10-21 12:12:00,18.83,18.83,18.8,18.8,2022.0,CNNE
2025-10-21 12:09:00,18.84,18.85,18.83,18.83,4213.0,CNNE
2025-10-21 12:05:00,18.86,18.86,18.86,18.86,126.0,CNNE
2025-10-21 12:01:00,18.84,18.84,18.84,18.84,556.0,CNNE
2025-10-21 11:59:00,18.86,18.86,18.86,18.86,180.0,CNNE
2025-10-21 11:58:00,18.85,18.85,18.85,18.85,838.0,CNNE
2025-10-21 11:56:00,18.86,18.86,18.86,18.86,134.0,CNNE
2025-10-21 11:55:00,18.87,18.87,18.87,18.87,132.0,CNNE
2025-10-21 11:54:00,18.87,18.87,18.865,18.87,2641.0,CNNE
2025-10-21 11:52:00,18.865,18.865,18.86,18.86,1145.0,CNNE
2025-10-21 11:51:00,18.86,18.86,18.86,18.86,680.0,CNNE
2025-10-21 11:49:00,18.86,18.86,18.86,18.86,198.0,CNNE
2025-10-21 11:46:00,18.84,18.855,18.84,18.84,973.0,CNNE
2025-10-21 11:44:00,18.845,18.845,18.845,18.845,158.0,CNNE
2025-10-21 11:43:00,18.845,18.845,18.82,18.845,715.0,CNNE
2025-10-21 11:42:00,18.845,18.845,18.845,18.845,947.0,CNNE
2025-10-21 11:40:00,18.85,18.85,18.85,18.85,154.0,CNNE
2025-10-21 11:39:00,18.83,18.83,18.83,18.83,250.0,CNNE
2025-10-21 11:35:00,18.83,18.83,18.825,18.83,2220.0,CNNE
2025-10-21 11:34:00,18.825,18.84,18.825,18.825,5032.0,CNNE
2025-10-21 11:33:00,18.825,18.825,18.825,18.825,245.0,CNNE
2025-10-21 11:32:00,18.82,18.825,18.81,18.825,2588.0,CNNE
2025-10-21 11:30:00,18.82,18.82,18.82,18.82,335.0,CNNE
2025-10-21 11:29:00,18.83,18.83,18.82,18.82,4653.0,CNNE
2025-10-21 11:28:00,18.86,18.86,18.86,18.86,215.0,CNNE
2025-10-21 11:22:00,18.86,18.86,18.84,18.85,2183.0,CNNE
2025-10-21 11:20:00,18.845,18.845,18.845,18.845,200.0,CNNE
2025-10-21 11:18:00,18.845,18.845,18.845,18.845,223.0,CNNE
2025-10-21 11:17:00,18.83,18.85,18.83,18.84,2252.0,CNNE
2025-10-21 11:16:00,18.85,18.85,18.85,18.85,190.0,CNNE
2025-10-21 11:15:00,18.85,18.85,18.85,18.85,1165.0,CNNE
2025-10-21 11:14:00,18.84,18.85,18.83,18.845,8831.0,CNNE
2025-10-21 11:11:00,18.845,18.845,18.845,18.845,315.0,CNNE
2025-10-21 11:07:00,18.845,18.845,18.845,18.845,166.0,CNNE
2025-10-21 11:04:00,18.85,18.85,18.83,18.83,608.0,CNNE
2025-10-21 11:02:00,18.84,18.84,18.84,18.84,204.0,CNNE
2025-10-21 11:01:00,18.85,18.855,18.84,18.845,6781.0,CNNE
2025-10-21 10:58:00,18.82,18.83,18.82,18.82,659.0,CNNE
2025-10-21 10:55:00,18.835,18.835,18.835,18.835,171.0,CNNE
2025-10-21 10:54:00,18.835,18.835,18.835,18.835,238.0,CNNE
2025-10-21 10:52:00,18.835,18.84,18.83,18.83,3318.0,CNNE
2025-10-21 10:51:00,18.83,18.835,18.83,18.835,952.0,CNNE
2025-10-21 10:48:00,18.79,18.79,18.79,18.79,1348.0,CNNE
2025-10-21 10:44:00,18.825,18.825,18.825,18.825,313.0,CNNE
2025-10-21 10:39:00,18.79,18.79,18.79,18.79,447.0,CNNE
2025-10-21 10:37:00,18.79,18.79,18.79,18.79,299.0,CNNE
2025-10-21 10:34:00,18.79,18.79,18.78,18.78,4628.0,CNNE
2025-10-21 10:26:00,18.72,18.72,18.72,18.72,1151.0,CNNE
2025-10-21 10:21:00,18.74,18.74,18.73,18.73,2429.0,CNNE
2025-10-21 10:19:00,18.74,18.74,18.74,18.74,1090.0,CNNE
2025-10-21 10:18:00,18.755,18.755,18.755,18.755,208.0,CNNE
2025-10-21 10:16:00,18.715,18.73,18.715,18.72,3830.0,CNNE
2025-10-21 10:14:00,18.71,18.72,18.71,18.715,2093.0,CNNE
2025-10-21 10:13:00,18.705,18.705,18.705,18.705,1342.0,CNNE
2025-10-21 10:12:00,18.705,18.72,18.68,18.68,2519.0,CNNE
2025-10-21 10:09:00,18.695,18.72,18.69,18.69,5455.0,CNNE
2025-10-21 10:06:00,18.7,18.72,18.69,18.72,649.0,CNNE
2025-10-21 10:01:00,18.68,18.72,18.62,18.625,2361.0,CNNE
2025-10-21 10:00:00,18.67,18.67,18.67,18.67,178.0,CNNE
2025-10-21 09:59:00,18.67,18.67,18.67,18.67,172.0,CNNE
2025-10-21 09:57:00,18.67,18.695,18.58,18.62,12885.0,CNNE
2025-10-21 09:42:00,18.655,18.655,18.655,18.655,148.0,CNNE
2025-10-21 09:36:00,18.72,18.72,18.72,18.72,150.0,CNNE
2025-10-21 09:32:00,18.725,18.725,18.725,18.725,168.0,CNNE
2025-10-21 09:30:00,18.61,18.61,18.61,18.61,1608.0,CNNE
2025-10-21 09:15:00,18.52,18.52,18.52,18.52,12.0,CNNE
2025-10-21 08:55:00,18.75,18.75,18.64,18.64,4.0,CNNE
2025-10-21 08:50:00,18.77,18.77,18.58,18.58,8.0,CNNE
