date,1. open,2. high,3. low,4. close,5. volume,Ticker
2023-07-03 17:00:00,32.32,32.32,32.32,32.32,82982.0,COLD
2023-07-03 15:30:00,32.32,32.32,32.32,32.32,82982.0,COLD
2023-07-03 13:12:00,32.32,32.32,32.32,32.32,450.0,COLD
2023-07-03 13:10:00,32.32,32.32,32.32,32.32,82982.0,COLD
2023-07-03 13:09:00,32.32,32.32,32.32,32.32,101.0,COLD
2023-07-03 13:08:00,31.45,31.45,31.45,31.45,1.0,COLD
2023-07-03 13:00:00,32.3,32.32,32.3,32.32,171386.0,COLD
2023-07-03 12:59:00,32.31,32.31,32.29,32.3,12904.0,COLD
2023-07-03 12:58:00,32.31,32.32,32.31,32.315,3414.0,COLD
2023-07-03 12:57:00,32.315,32.32,32.31,32.31,5848.0,COLD
2023-07-03 12:56:00,32.32,32.325,32.315,32.315,4744.0,COLD
2023-07-03 12:55:00,32.32,32.335,32.32,32.32,5330.0,COLD
2023-07-03 12:54:00,32.33,32.33,32.32,32.32,3863.0,COLD
2023-07-03 12:53:00,32.335,32.335,32.32,32.325,3633.0,COLD
2023-07-03 12:52:00,32.3,32.33,32.29,32.33,4785.0,COLD
2023-07-03 12:51:00,32.29,32.3,32.285,32.29,5094.0,COLD
2023-07-03 12:50:00,32.28,32.3,32.28,32.29,3550.0,COLD
2023-07-03 12:49:00,32.27,32.275,32.27,32.27,2801.0,COLD
2023-07-03 12:48:00,32.265,32.265,32.26,32.265,2634.0,COLD
2023-07-03 12:47:00,32.26,32.265,32.26,32.26,2955.0,COLD
2023-07-03 12:46:00,32.275,32.275,32.26,32.26,2258.0,COLD
2023-07-03 12:45:00,32.315,32.315,32.29,32.29,2325.0,COLD
2023-07-03 12:44:00,32.36,32.36,32.315,32.315,3578.0,COLD
2023-07-03 12:43:00,32.355,32.365,32.355,32.365,1977.0,COLD
2023-07-03 12:42:00,32.36,32.36,32.35,32.355,1172.0,COLD
2023-07-03 12:41:00,32.37,32.37,32.37,32.37,2262.0,COLD
2023-07-03 12:40:00,32.361,32.361,32.361,32.361,242.0,COLD
2023-07-03 12:39:00,32.355,32.365,32.355,32.365,1163.0,COLD
2023-07-03 12:38:00,32.385,32.385,32.36,32.36,1946.0,COLD
2023-07-03 12:37:00,32.4,32.4,32.39,32.39,1466.0,COLD
2023-07-03 12:36:00,32.4,32.4,32.4,32.4,576.0,COLD
2023-07-03 12:35:00,32.395,32.395,32.395,32.395,345.0,COLD
2023-07-03 12:34:00,32.4,32.4,32.4,32.4,157.0,COLD
2023-07-03 12:33:00,32.365,32.395,32.365,32.395,1344.0,COLD
2023-07-03 12:32:00,32.39,32.4,32.37,32.37,2476.0,COLD
2023-07-03 12:31:00,32.39,32.39,32.39,32.39,688.0,COLD
2023-07-03 12:30:00,32.4,32.4,32.39,32.39,1123.0,COLD
2023-07-03 12:29:00,32.4,32.415,32.4,32.41,1782.0,COLD
2023-07-03 12:27:00,32.39,32.39,32.38,32.39,1425.0,COLD
2023-07-03 12:26:00,32.37,32.38,32.37,32.38,1028.0,COLD
2023-07-03 12:25:00,32.37,32.38,32.36,32.36,1185.0,COLD
2023-07-03 12:24:00,32.37,32.37,32.355,32.37,2870.0,COLD
2023-07-03 12:23:00,32.375,32.375,32.375,32.375,414.0,COLD
2023-07-03 12:21:00,32.365,32.365,32.365,32.365,272.0,COLD
2023-07-03 12:20:00,32.34,32.36,32.34,32.36,1743.0,COLD
2023-07-03 12:19:00,32.35,32.35,32.34,32.34,596.0,COLD
2023-07-03 12:18:00,32.36,32.365,32.345,32.355,1406.0,COLD
2023-07-03 12:17:00,32.37,32.37,32.365,32.365,660.0,COLD
2023-07-03 12:16:00,32.38,32.38,32.365,32.365,644.0,COLD
2023-07-03 12:15:00,32.38,32.385,32.37,32.37,1599.0,COLD
2023-07-03 12:14:00,32.38,32.38,32.37,32.37,764.0,COLD
2023-07-03 12:13:00,32.38,32.395,32.38,32.38,1386.0,COLD
2023-07-03 12:12:00,32.39,32.39,32.38,32.38,3563.0,COLD
2023-07-03 12:11:00,32.4,32.4,32.4,32.4,445.0,COLD
2023-07-03 12:10:00,32.435,32.44,32.39,32.39,2973.0,COLD
2023-07-03 12:09:00,32.43,32.44,32.43,32.44,873.0,COLD
2023-07-03 12:08:00,32.41,32.425,32.41,32.425,2986.0,COLD
2023-07-03 12:07:00,32.39,32.41,32.39,32.41,1390.0,COLD
2023-07-03 12:06:00,32.39,32.395,32.39,32.395,290.0,COLD
2023-07-03 12:05:00,32.38,32.38,32.38,32.38,257.0,COLD
2023-07-03 12:04:00,32.42,32.42,32.39,32.39,1627.0,COLD
2023-07-03 12:03:00,32.425,32.425,32.425,32.425,454.0,COLD
2023-07-03 12:02:00,32.44,32.44,32.44,32.44,276.0,COLD
2023-07-03 12:01:00,32.43,32.43,32.42,32.43,1407.0,COLD
2023-07-03 12:00:00,32.42,32.43,32.42,32.42,1011.0,COLD
2023-07-03 11:59:00,32.44,32.45,32.43,32.435,1454.0,COLD
2023-07-03 11:58:00,32.44,32.45,32.44,32.45,2224.0,COLD
2023-07-03 11:57:00,32.45,32.45,32.435,32.435,2402.0,COLD
2023-07-03 11:54:00,32.45,32.455,32.45,32.455,629.0,COLD
2023-07-03 11:53:00,32.44,32.45,32.44,32.445,1257.0,COLD
2023-07-03 11:52:00,32.44,32.44,32.43,32.43,1539.0,COLD
2023-07-03 11:50:00,32.43,32.44,32.43,32.44,1759.0,COLD
2023-07-03 11:48:00,32.42,32.43,32.42,32.43,974.0,COLD
2023-07-03 11:47:00,32.46,32.46,32.445,32.445,1363.0,COLD
2023-07-03 11:46:00,32.45,32.46,32.45,32.46,2193.0,COLD
2023-07-03 11:45:00,32.435,32.44,32.435,32.435,1368.0,COLD
2023-07-03 11:44:00,32.43,32.435,32.43,32.43,1280.0,COLD
2023-07-03 11:43:00,32.435,32.435,32.42,32.42,1413.0,COLD
2023-07-03 11:42:00,32.43,32.44,32.43,32.44,1379.0,COLD
2023-07-03 11:41:00,32.45,32.45,32.44,32.44,1164.0,COLD
2023-07-03 11:40:00,32.455,32.455,32.455,32.455,366.0,COLD
2023-07-03 11:39:00,32.45,32.45,32.45,32.45,191.0,COLD
2023-07-03 11:38:00,32.475,32.475,32.45,32.455,1260.0,COLD
2023-07-03 11:37:00,32.475,32.475,32.475,32.475,504.0,COLD
2023-07-03 11:36:00,32.48,32.485,32.48,32.485,2034.0,COLD
2023-07-03 11:35:00,32.47,32.475,32.465,32.475,2400.0,COLD
2023-07-03 11:34:00,32.48,32.48,32.48,32.48,966.0,COLD
2023-07-03 11:33:00,32.49,32.49,32.485,32.49,1213.0,COLD
2023-07-03 11:32:00,32.49,32.5,32.49,32.495,3244.0,COLD
2023-07-03 11:31:00,32.49,32.495,32.49,32.49,2017.0,COLD
2023-07-03 11:30:00,32.485,32.485,32.485,32.485,373.0,COLD
2023-07-03 11:29:00,32.49,32.49,32.49,32.49,263.0,COLD
2023-07-03 11:28:00,32.485,32.49,32.485,32.49,1323.0,COLD
2023-07-03 11:27:00,32.49,32.49,32.49,32.49,534.0,COLD
2023-07-03 11:26:00,32.495,32.509,32.49,32.49,5392.0,COLD
2023-07-03 11:25:00,32.49,32.5,32.49,32.5,2949.0,COLD
2023-07-03 11:24:00,32.48,32.48,32.48,32.48,1458.0,COLD
2023-07-03 11:23:00,32.466,32.466,32.466,32.466,373.0,COLD
2023-07-03 11:22:00,32.49,32.495,32.47,32.47,2707.0,COLD
2023-07-03 11:21:00,32.49,32.5,32.48,32.485,6055.0,COLD
2023-07-03 11:20:00,32.47,32.509,32.47,32.48,20428.0,COLD
2023-07-03 11:19:00,32.445,32.465,32.445,32.465,871.0,COLD
2023-07-03 11:18:00,32.47,32.47,32.45,32.45,678.0,COLD
2023-07-03 11:17:00,32.43,32.48,32.43,32.48,1529.0,COLD
2023-07-03 11:16:00,32.44,32.44,32.44,32.44,841.0,COLD
2023-07-03 11:15:00,32.42,32.435,32.42,32.435,1049.0,COLD
2023-07-03 11:14:00,32.41,32.42,32.405,32.405,2297.0,COLD
2023-07-03 11:13:00,32.42,32.425,32.405,32.405,2599.0,COLD
2023-07-03 11:12:00,32.425,32.425,32.425,32.425,244.0,COLD
2023-07-03 11:11:00,32.42,32.425,32.42,32.425,1218.0,COLD
2023-07-03 11:10:00,32.44,32.44,32.415,32.415,2145.0,COLD
2023-07-03 11:09:00,32.45,32.46,32.44,32.44,5181.0,COLD
2023-07-03 11:08:00,32.45,32.45,32.44,32.44,1871.0,COLD
2023-07-03 11:07:00,32.415,32.45,32.41,32.45,21985.0,COLD
2023-07-03 11:06:00,32.42,32.42,32.415,32.415,1637.0,COLD
2023-07-03 11:05:00,32.42,32.42,32.41,32.41,705.0,COLD
2023-07-03 11:04:00,32.4,32.42,32.4,32.41,1973.0,COLD
2023-07-03 11:03:00,32.41,32.42,32.392,32.41,7717.0,COLD
2023-07-03 11:02:00,32.4,32.405,32.395,32.396,1176.0,COLD
2023-07-03 11:01:00,32.38,32.39,32.38,32.39,1447.0,COLD
2023-07-03 11:00:00,32.35,32.38,32.35,32.375,2082.0,COLD
2023-07-03 10:59:00,32.36,32.36,32.35,32.35,1060.0,COLD
2023-07-03 10:58:00,32.37,32.38,32.35,32.365,2855.0,COLD
2023-07-03 10:57:00,32.4,32.4,32.365,32.365,1640.0,COLD
2023-07-03 10:56:00,32.41,32.415,32.41,32.415,1046.0,COLD
2023-07-03 10:55:00,32.41,32.415,32.41,32.415,704.0,COLD
2023-07-03 10:54:00,32.41,32.42,32.41,32.41,2943.0,COLD
2023-07-03 10:53:00,32.4,32.415,32.4,32.415,1787.0,COLD
2023-07-03 10:52:00,32.4,32.4,32.385,32.395,2599.0,COLD
2023-07-03 10:51:00,32.41,32.42,32.405,32.42,1127.0,COLD
2023-07-03 10:50:00,32.41,32.41,32.4,32.4,616.0,COLD
2023-07-03 10:49:00,32.4,32.41,32.4,32.41,781.0,COLD
2023-07-03 10:48:00,32.41,32.41,32.4,32.4,2089.0,COLD
2023-07-03 10:47:00,32.4,32.4,32.392,32.392,1052.0,COLD
2023-07-03 10:46:00,32.41,32.42,32.41,32.41,3122.0,COLD
2023-07-03 10:45:00,32.4,32.4,32.4,32.4,1015.0,COLD
2023-07-03 10:44:00,32.4,32.41,32.4,32.41,546.0,COLD
2023-07-03 10:43:00,32.401,32.405,32.38,32.39,3502.0,COLD
2023-07-03 10:42:00,32.44,32.44,32.41,32.41,2576.0,COLD
2023-07-03 10:41:00,32.47,32.47,32.43,32.435,3123.0,COLD
2023-07-03 10:40:00,32.475,32.475,32.47,32.47,590.0,COLD
2023-07-03 10:39:00,32.45,32.46,32.45,32.46,490.0,COLD
2023-07-03 10:38:00,32.45,32.45,32.45,32.45,730.0,COLD
2023-07-03 10:37:00,32.45,32.47,32.45,32.47,1009.0,COLD
2023-07-03 10:36:00,32.45,32.45,32.445,32.445,607.0,COLD
2023-07-03 10:35:00,32.47,32.47,32.44,32.45,2447.0,COLD
2023-07-03 10:34:00,32.47,32.47,32.47,32.47,602.0,COLD
2023-07-03 10:33:00,32.46,32.47,32.46,32.47,1256.0,COLD
2023-07-03 10:32:00,32.44,32.44,32.44,32.44,965.0,COLD
2023-07-03 10:31:00,32.43,32.44,32.43,32.44,1951.0,COLD
2023-07-03 10:30:00,32.47,32.48,32.47,32.47,2368.0,COLD
2023-07-03 10:29:00,32.47,32.47,32.47,32.47,796.0,COLD
2023-07-03 10:28:00,32.46,32.47,32.45,32.47,1107.0,COLD
2023-07-03 10:27:00,32.42,32.46,32.42,32.46,795.0,COLD
2023-07-03 10:26:00,32.39,32.41,32.39,32.41,820.0,COLD
2023-07-03 10:25:00,32.41,32.41,32.38,32.39,2496.0,COLD
2023-07-03 10:24:00,32.43,32.435,32.415,32.415,8831.0,COLD
2023-07-03 10:23:00,32.415,32.42,32.41,32.42,2828.0,COLD
2023-07-03 10:22:00,32.4,32.415,32.4,32.415,688.0,COLD
2023-07-03 10:21:00,32.385,32.4,32.385,32.4,1500.0,COLD
2023-07-03 10:20:00,32.39,32.39,32.385,32.385,506.0,COLD
2023-07-03 10:19:00,32.37,32.37,32.365,32.37,2347.0,COLD
2023-07-03 10:18:00,32.4,32.4,32.37,32.37,2097.0,COLD
2023-07-03 10:17:00,32.41,32.419,32.41,32.41,1915.0,COLD
2023-07-03 10:16:00,32.405,32.42,32.405,32.42,1369.0,COLD
2023-07-03 10:15:00,32.4,32.4,32.4,32.4,1504.0,COLD
2023-07-03 10:14:00,32.37,32.4,32.37,32.4,9916.0,COLD
2023-07-03 10:13:00,32.37,32.37,32.37,32.37,831.0,COLD
2023-07-03 10:12:00,32.365,32.37,32.36,32.37,1716.0,COLD
2023-07-03 10:11:00,32.365,32.365,32.365,32.365,140.0,COLD
2023-07-03 10:10:00,32.37,32.375,32.37,32.375,1232.0,COLD
2023-07-03 10:09:00,32.38,32.38,32.375,32.375,480.0,COLD
2023-07-03 10:08:00,32.44,32.44,32.39,32.39,1906.0,COLD
2023-07-03 10:07:00,32.47,32.47,32.45,32.455,2150.0,COLD
2023-07-03 10:06:00,32.47,32.47,32.47,32.47,317.0,COLD
2023-07-03 10:05:00,32.43,32.46,32.42,32.46,3847.0,COLD
2023-07-03 10:04:00,32.42,32.42,32.41,32.41,1807.0,COLD
2023-07-03 10:03:00,32.395,32.415,32.39,32.415,1008.0,COLD
2023-07-03 10:02:00,32.35,32.38,32.34,32.37,2446.0,COLD
2023-07-03 10:01:00,32.35,32.35,32.34,32.34,295.0,COLD
2023-07-03 10:00:00,32.34,32.34,32.321,32.34,1586.0,COLD
2023-07-03 09:59:00,32.35,32.35,32.33,32.33,1650.0,COLD
2023-07-03 09:57:00,32.355,32.355,32.355,32.355,104.0,COLD
2023-07-03 09:56:00,32.37,32.37,32.36,32.36,1378.0,COLD
2023-07-03 09:55:00,32.32,32.36,32.32,32.36,1149.0,COLD
2023-07-03 09:54:00,32.31,32.32,32.31,32.315,1740.0,COLD
2023-07-03 09:53:00,32.305,32.305,32.305,32.305,779.0,COLD
2023-07-03 09:52:00,32.3,32.31,32.281,32.3,1739.0,COLD
2023-07-03 09:51:00,32.31,32.31,32.31,32.31,1428.0,COLD
2023-07-03 09:50:00,32.27,32.32,32.27,32.31,15435.0,COLD
2023-07-03 09:49:00,32.26,32.26,32.245,32.245,1202.0,COLD
2023-07-03 09:48:00,32.235,32.26,32.22,32.24,2305.0,COLD
2023-07-03 09:47:00,32.23,32.23,32.22,32.22,376.0,COLD
2023-07-03 09:46:00,32.26,32.26,32.238,32.238,1560.0,COLD
2023-07-03 09:44:00,32.19,32.21,32.16,32.2,3990.0,COLD
2023-07-03 09:43:00,32.145,32.16,32.145,32.145,325.0,COLD
2023-07-03 09:42:00,32.1,32.11,32.1,32.11,605.0,COLD
2023-07-03 09:41:00,32.13,32.13,32.12,32.12,946.0,COLD
2023-07-03 09:40:00,32.16,32.165,32.13,32.13,680.0,COLD
2023-07-03 09:39:00,32.19,32.205,32.19,32.19,850.0,COLD
2023-07-03 09:38:00,32.19,32.21,32.19,32.195,1298.0,COLD
2023-07-03 09:37:00,32.16,32.21,32.16,32.21,1114.0,COLD
2023-07-03 09:36:00,32.14,32.18,32.14,32.18,2857.0,COLD
2023-07-03 09:35:00,32.13,32.16,32.13,32.13,3244.0,COLD
2023-07-03 09:34:00,32.18,32.18,32.125,32.125,1525.0,COLD
2023-07-03 09:33:00,32.12,32.23,32.06,32.19,9272.0,COLD
2023-07-03 09:32:00,32.045,32.11,32.045,32.11,443.0,COLD
2023-07-03 09:31:00,32.115,32.115,32.115,32.115,162.0,COLD
2023-07-03 09:30:00,32.12,32.175,32.115,32.115,7432.0,COLD
2023-07-03 08:17:00,32.3,32.3,32.3,32.3,2140.0,COLD
2023-06-30 19:00:00,32.3,32.3,32.3,32.3,647663.0,COLD
2023-06-30 18:30:00,32.3,32.3,32.3,32.3,647663.0,COLD
2023-06-30 18:16:00,32.3,32.3,32.3,32.3,541.0,COLD
2023-06-30 16:10:00,32.3,32.3,32.3,32.3,647677.0,COLD
2023-06-30 16:09:00,32.3,32.3,32.3,32.3,90.0,COLD
2023-06-30 16:07:00,32.3,32.3,32.3,32.3,26.0,COLD
2023-06-30 16:05:00,32.3,32.3,32.3,32.3,59674.0,COLD
2023-06-30 16:04:00,32.3,32.3,32.3,32.3,659.0,COLD
2023-06-30 16:03:00,32.3,32.3,32.3,32.3,851.0,COLD
2023-06-30 16:02:00,32.3,32.3,32.3,32.3,97.0,COLD
2023-06-30 16:01:00,32.3,32.3,32.3,32.3,1189.0,COLD
2023-06-30 16:00:00,32.295,32.3,32.295,32.3,1311166.0,COLD
2023-06-30 15:59:00,32.305,32.33,32.28,32.295,99427.0,COLD
2023-06-30 15:58:00,32.315,32.33,32.3,32.31,35753.0,COLD
2023-06-30 15:57:00,32.3,32.34,32.295,32.32,34951.0,COLD
2023-06-30 15:56:00,32.3,32.3,32.295,32.3,12550.0,COLD
2023-06-30 15:55:00,32.295,32.33,32.29,32.3,25843.0,COLD
2023-06-30 15:54:00,32.23,32.29,32.23,32.29,15986.0,COLD
2023-06-30 15:53:00,32.24,32.255,32.235,32.24,12292.0,COLD
2023-06-30 15:52:00,32.22,32.25,32.22,32.245,12817.0,COLD
2023-06-30 15:51:00,32.22,32.23,32.2,32.21,17836.0,COLD
2023-06-30 15:50:00,32.08,32.235,32.08,32.23,18850.0,COLD
2023-06-30 15:49:00,32.095,32.1,32.08,32.08,10381.0,COLD
2023-06-30 15:48:00,32.06,32.1,32.06,32.09,8508.0,COLD
2023-06-30 15:47:00,32.05,32.075,32.05,32.06,4897.0,COLD
2023-06-30 15:46:00,32.01,32.045,32.01,32.045,5700.0,COLD
2023-06-30 15:45:00,31.945,32.01,31.945,32.01,6942.0,COLD
2023-06-30 15:44:00,31.905,31.95,31.905,31.945,7312.0,COLD
2023-06-30 15:43:00,31.9,31.905,31.895,31.905,5349.0,COLD
2023-06-30 15:42:00,31.935,31.935,31.91,31.91,3556.0,COLD
2023-06-30 15:41:00,31.925,31.95,31.925,31.94,8036.0,COLD
2023-06-30 15:40:00,31.845,31.92,31.845,31.92,10442.0,COLD
2023-06-30 15:39:00,31.825,31.845,31.825,31.845,5178.0,COLD
2023-06-30 15:38:00,31.815,31.82,31.805,31.82,7555.0,COLD
2023-06-30 15:37:00,31.825,31.825,31.815,31.815,3928.0,COLD
2023-06-30 15:36:00,31.805,31.83,31.805,31.825,4048.0,COLD
2023-06-30 15:35:00,31.805,31.815,31.805,31.805,4617.0,COLD
2023-06-30 15:34:00,31.775,31.81,31.775,31.81,54128.0,COLD
2023-06-30 15:33:00,31.77,31.775,31.76,31.775,11585.0,COLD
2023-06-30 15:32:00,31.78,31.78,31.77,31.77,1342.0,COLD
2023-06-30 15:31:00,31.785,31.785,31.775,31.775,3023.0,COLD
2023-06-30 15:30:00,31.785,31.785,31.78,31.78,743.0,COLD
2023-06-30 15:29:00,31.8,31.81,31.79,31.79,6411.0,COLD
2023-06-30 15:28:00,31.79,31.795,31.785,31.795,3174.0,COLD
2023-06-30 15:27:00,31.79,31.79,31.785,31.785,1243.0,COLD
2023-06-30 15:26:00,31.79,31.79,31.785,31.785,2617.0,COLD
2023-06-30 15:25:00,31.8,31.805,31.795,31.8,3892.0,COLD
2023-06-30 15:24:00,31.8,31.8,31.8,31.8,1329.0,COLD
2023-06-30 15:23:00,31.79,31.795,31.79,31.795,432.0,COLD
2023-06-30 15:22:00,31.791,31.805,31.79,31.795,3599.0,COLD
2023-06-30 15:21:00,31.795,31.795,31.785,31.79,1637.0,COLD
2023-06-30 15:20:00,31.81,31.81,31.785,31.79,4916.0,COLD
2023-06-30 15:19:00,31.825,31.825,31.82,31.82,1779.0,COLD
2023-06-30 15:18:00,31.825,31.83,31.82,31.825,2192.0,COLD
2023-06-30 15:17:00,31.825,31.84,31.825,31.83,3178.0,COLD
2023-06-30 15:16:00,31.81,31.82,31.81,31.82,2615.0,COLD
2023-06-30 15:15:00,31.795,31.81,31.79,31.81,5030.0,COLD
2023-06-30 15:14:00,31.795,31.8,31.795,31.795,2213.0,COLD
2023-06-30 15:13:00,31.79,31.79,31.785,31.79,2755.0,COLD
2023-06-30 15:12:00,31.785,31.79,31.785,31.785,1867.0,COLD
2023-06-30 15:11:00,31.785,31.79,31.785,31.79,816.0,COLD
2023-06-30 15:10:00,31.765,31.785,31.765,31.785,3109.0,COLD
2023-06-30 15:09:00,31.78,31.78,31.76,31.76,2887.0,COLD
2023-06-30 15:08:00,31.815,31.815,31.79,31.79,2226.0,COLD
2023-06-30 15:07:00,31.83,31.83,31.815,31.815,900.0,COLD
2023-06-30 15:06:00,31.81,31.83,31.81,31.83,4087.0,COLD
2023-06-30 15:05:00,31.83,31.83,31.81,31.81,5387.0,COLD
2023-06-30 15:04:00,31.835,31.835,31.835,31.835,271.0,COLD
2023-06-30 15:02:00,31.825,31.84,31.825,31.835,3031.0,COLD
2023-06-30 15:01:00,31.84,31.84,31.825,31.825,3213.0,COLD
2023-06-30 15:00:00,31.83,31.85,31.83,31.84,5233.0,COLD
2023-06-30 14:59:00,31.815,31.825,31.81,31.825,2193.0,COLD
2023-06-30 14:58:00,31.815,31.815,31.815,31.815,466.0,COLD
2023-06-30 14:57:00,31.82,31.82,31.81,31.81,1275.0,COLD
2023-06-30 14:56:00,31.82,31.825,31.82,31.82,1109.0,COLD
2023-06-30 14:55:00,31.835,31.835,31.825,31.825,1526.0,COLD
2023-06-30 14:54:00,31.84,31.84,31.84,31.84,805.0,COLD
2023-06-30 14:53:00,31.84,31.84,31.84,31.84,1244.0,COLD
2023-06-30 14:52:00,31.835,31.845,31.835,31.845,1437.0,COLD
2023-06-30 14:51:00,31.83,31.83,31.83,31.83,653.0,COLD
2023-06-30 14:50:00,31.85,31.85,31.83,31.83,1097.0,COLD
2023-06-30 14:49:00,31.86,31.86,31.85,31.85,1366.0,COLD
2023-06-30 14:48:00,31.89,31.89,31.87,31.87,5875.0,COLD
2023-06-30 14:47:00,31.895,31.895,31.891,31.891,629.0,COLD
2023-06-30 14:46:00,31.885,31.9,31.885,31.9,1143.0,COLD
2023-06-30 14:45:00,31.885,31.885,31.88,31.88,448.0,COLD
2023-06-30 14:44:00,31.87,31.88,31.87,31.88,2612.0,COLD
2023-06-30 14:43:00,31.875,31.875,31.875,31.875,201.0,COLD
2023-06-30 14:42:00,31.89,31.89,31.875,31.875,2899.0,COLD
2023-06-30 14:41:00,31.885,31.885,31.885,31.885,207.0,COLD
2023-06-30 14:40:00,31.9,31.9,31.89,31.89,2469.0,COLD
2023-06-30 14:39:00,31.9,31.9,31.9,31.9,854.0,COLD
2023-06-30 14:38:00,31.895,31.9,31.895,31.895,520.0,COLD
2023-06-30 14:37:00,31.87,31.895,31.87,31.895,2652.0,COLD
2023-06-30 14:36:00,31.88,31.88,31.88,31.88,323.0,COLD
2023-06-30 14:35:00,31.88,31.885,31.875,31.875,1539.0,COLD
2023-06-30 14:34:00,31.865,31.875,31.86,31.875,2810.0,COLD
2023-06-30 14:33:00,31.865,31.87,31.865,31.87,894.0,COLD
2023-06-30 14:32:00,31.845,31.86,31.835,31.86,3581.0,COLD
2023-06-30 14:31:00,31.83,31.845,31.83,31.845,1516.0,COLD
2023-06-30 14:30:00,31.84,31.84,31.825,31.83,3467.0,COLD
2023-06-30 14:29:00,31.84,31.84,31.835,31.835,1441.0,COLD
2023-06-30 14:28:00,31.835,31.85,31.835,31.845,4882.0,COLD
2023-06-30 14:27:00,31.835,31.835,31.835,31.835,1401.0,COLD
2023-06-30 14:26:00,31.815,31.835,31.815,31.835,3312.0,COLD
2023-06-30 14:25:00,31.815,31.82,31.815,31.82,406.0,COLD
2023-06-30 14:24:00,31.815,31.83,31.815,31.82,2321.0,COLD
2023-06-30 14:23:00,31.815,31.82,31.815,31.815,692.0,COLD
2023-06-30 14:22:00,31.815,31.82,31.81,31.815,1970.0,COLD
2023-06-30 14:21:00,31.83,31.83,31.82,31.82,1521.0,COLD
2023-06-30 14:20:00,31.84,31.84,31.83,31.835,853.0,COLD
2023-06-30 14:19:00,31.84,31.85,31.84,31.85,637.0,COLD
2023-06-30 14:18:00,31.86,31.86,31.84,31.84,1245.0,COLD
2023-06-30 14:17:00,31.87,31.88,31.86,31.865,5767.0,COLD
2023-06-30 14:16:00,31.9,31.9,31.87,31.87,4601.0,COLD
2023-06-30 14:15:00,31.91,31.91,31.905,31.905,314.0,COLD
2023-06-30 14:14:00,31.91,31.91,31.905,31.905,565.0,COLD
2023-06-30 14:13:00,31.905,31.905,31.905,31.905,317.0,COLD
2023-06-30 14:12:00,31.91,31.91,31.905,31.905,821.0,COLD
2023-06-30 14:11:00,31.91,31.91,31.905,31.905,604.0,COLD
2023-06-30 14:10:00,31.925,31.925,31.91,31.91,1923.0,COLD
2023-06-30 14:09:00,31.925,31.925,31.925,31.925,301.0,COLD
2023-06-30 14:08:00,31.93,31.93,31.925,31.925,614.0,COLD
2023-06-30 14:07:00,31.925,31.925,31.925,31.925,184.0,COLD
2023-06-30 14:06:00,31.92,31.93,31.92,31.93,1921.0,COLD
2023-06-30 14:05:00,31.91,31.93,31.91,31.93,1611.0,COLD
2023-06-30 14:04:00,31.915,31.915,31.905,31.905,452.0,COLD
2023-06-30 14:03:00,31.93,31.93,31.915,31.93,2127.0,COLD
2023-06-30 14:02:00,31.93,31.94,31.93,31.94,1666.0,COLD
2023-06-30 14:01:00,31.94,31.94,31.935,31.935,806.0,COLD
2023-06-30 14:00:00,31.92,31.94,31.92,31.94,1647.0,COLD
2023-06-30 13:59:00,31.91,31.91,31.91,31.91,949.0,COLD
2023-06-30 13:58:00,31.905,31.91,31.905,31.91,1439.0,COLD
2023-06-30 13:57:00,31.905,31.905,31.905,31.905,107.0,COLD
2023-06-30 13:56:00,31.91,31.91,31.9,31.9,1358.0,COLD
2023-06-30 13:55:00,31.91,31.91,31.91,31.91,631.0,COLD
2023-06-30 13:54:00,31.91,31.91,31.91,31.91,405.0,COLD
2023-06-30 13:53:00,31.91,31.91,31.91,31.91,200.0,COLD
2023-06-30 13:52:00,31.915,31.915,31.9,31.91,2473.0,COLD
2023-06-30 13:51:00,31.92,31.92,31.915,31.915,1413.0,COLD
2023-06-30 13:50:00,31.93,31.935,31.925,31.925,1465.0,COLD
2023-06-30 13:49:00,31.93,31.93,31.93,31.93,738.0,COLD
2023-06-30 13:48:00,31.925,31.93,31.925,31.93,471.0,COLD
2023-06-30 13:47:00,31.915,31.93,31.915,31.93,1391.0,COLD
2023-06-30 13:45:00,31.905,31.915,31.905,31.915,1374.0,COLD
2023-06-30 13:44:00,31.89,31.9,31.89,31.9,1071.0,COLD
2023-06-30 13:43:00,31.9,31.9,31.895,31.9,1014.0,COLD
2023-06-30 13:42:00,31.91,31.91,31.9,31.9,665.0,COLD
2023-06-30 13:41:00,31.915,31.915,31.915,31.915,405.0,COLD
2023-06-30 13:40:00,31.92,31.92,31.915,31.915,753.0,COLD
2023-06-30 13:39:00,31.92,31.92,31.91,31.91,646.0,COLD
2023-06-30 13:38:00,31.92,31.92,31.91,31.91,1638.0,COLD
2023-06-30 13:37:00,31.935,31.935,31.925,31.925,827.0,COLD
2023-06-30 13:36:00,31.96,31.96,31.94,31.94,748.0,COLD
2023-06-30 13:35:00,31.975,31.975,31.96,31.96,1355.0,COLD
2023-06-30 13:34:00,31.975,31.975,31.975,31.975,503.0,COLD
2023-06-30 13:33:00,31.95,31.98,31.95,31.975,2902.0,COLD
2023-06-30 13:32:00,31.925,31.95,31.925,31.95,2026.0,COLD
2023-06-30 13:31:00,31.925,31.925,31.925,31.925,494.0,COLD
2023-06-30 13:30:00,31.91,31.925,31.91,31.925,2460.0,COLD
2023-06-30 13:29:00,31.93,31.93,31.91,31.91,2748.0,COLD
2023-06-30 13:28:00,31.94,31.94,31.935,31.935,402.0,COLD
2023-06-30 13:27:00,31.95,31.95,31.935,31.94,1347.0,COLD
2023-06-30 13:26:00,31.96,31.965,31.955,31.955,1321.0,COLD
2023-06-30 13:25:00,31.955,31.96,31.945,31.96,1830.0,COLD
2023-06-30 13:24:00,31.965,31.965,31.955,31.955,1361.0,COLD
2023-06-30 13:23:00,31.96,31.97,31.96,31.97,2193.0,COLD
2023-06-30 13:22:00,31.955,31.955,31.955,31.955,200.0,COLD
2023-06-30 13:21:00,31.965,31.965,31.95,31.955,1083.0,COLD
2023-06-30 13:20:00,31.96,31.97,31.96,31.97,1288.0,COLD
2023-06-30 13:19:00,31.96,31.97,31.96,31.96,2074.0,COLD
2023-06-30 13:18:00,31.955,31.955,31.955,31.955,232.0,COLD
2023-06-30 13:17:00,31.955,31.96,31.955,31.955,1037.0,COLD
2023-06-30 13:16:00,31.935,31.95,31.935,31.95,1785.0,COLD
2023-06-30 13:15:00,31.94,31.94,31.933,31.935,493.0,COLD
2023-06-30 13:14:00,31.95,31.955,31.95,31.955,836.0,COLD
2023-06-30 13:13:00,31.95,31.95,31.94,31.95,1286.0,COLD
2023-06-30 13:12:00,31.98,31.98,31.95,31.95,1253.0,COLD
2023-06-30 13:11:00,31.975,31.975,31.975,31.975,597.0,COLD
2023-06-30 13:10:00,31.98,31.98,31.975,31.975,822.0,COLD
2023-06-30 13:09:00,31.995,31.995,31.975,31.975,1191.0,COLD
2023-06-30 13:08:00,32.005,32.005,32.0,32.005,1010.0,COLD
2023-06-30 13:07:00,32.0,32.005,32.0,32.005,838.0,COLD
2023-06-30 13:06:00,31.995,32.0,31.995,32.0,811.0,COLD
2023-06-30 13:05:00,31.99,32.0,31.99,32.0,771.0,COLD
2023-06-30 13:04:00,31.985,31.99,31.985,31.99,1132.0,COLD
2023-06-30 13:03:00,32.0,32.0,31.985,31.99,2229.0,COLD
2023-06-30 13:02:00,32.005,32.005,32.0,32.0,1321.0,COLD
2023-06-30 13:01:00,31.995,32.0,31.995,32.0,748.0,COLD
2023-06-30 13:00:00,31.995,31.995,31.995,31.995,103.0,COLD
2023-06-30 12:59:00,31.995,32.0,31.995,32.0,445.0,COLD
2023-06-30 12:58:00,31.98,32.0,31.98,32.0,1560.0,COLD
2023-06-30 12:57:00,31.975,31.98,31.975,31.975,1646.0,COLD
2023-06-30 12:56:00,31.985,31.985,31.98,31.98,890.0,COLD
2023-06-30 12:55:00,31.99,31.99,31.985,31.985,533.0,COLD
2023-06-30 12:54:00,31.98,31.99,31.98,31.98,1469.0,COLD
2023-06-30 12:53:00,31.97,31.97,31.97,31.97,215.0,COLD
2023-06-30 12:52:00,31.97,31.975,31.97,31.97,1986.0,COLD
2023-06-30 12:51:00,31.955,31.965,31.95,31.965,1312.0,COLD
2023-06-30 12:50:00,31.96,31.96,31.95,31.96,1158.0,COLD
2023-06-30 12:49:00,31.96,31.965,31.96,31.96,1090.0,COLD
2023-06-30 12:48:00,31.985,31.985,31.97,31.97,1125.0,COLD
2023-06-30 12:47:00,32.005,32.01,31.985,31.99,2528.0,COLD
2023-06-30 12:46:00,32.0,32.005,32.0,32.005,1099.0,COLD
2023-06-30 12:45:00,32.0,32.0,31.99,31.99,1010.0,COLD
2023-06-30 12:44:00,32.035,32.035,32.005,32.005,2083.0,COLD
2023-06-30 12:43:00,32.035,32.035,32.035,32.035,1522.0,COLD
2023-06-30 12:42:00,32.03,32.035,32.015,32.03,6614.0,COLD
2023-06-30 12:41:00,32.02,32.03,32.02,32.03,1316.0,COLD
2023-06-30 12:40:00,32.02,32.02,32.015,32.015,639.0,COLD
2023-06-30 12:39:00,32.025,32.025,32.025,32.025,112.0,COLD
2023-06-30 12:38:00,32.01,32.025,32.01,32.025,1585.0,COLD
2023-06-30 12:37:00,32.02,32.02,32.01,32.015,1293.0,COLD
2023-06-30 12:36:00,32.03,32.035,32.03,32.03,3259.0,COLD
2023-06-30 12:35:00,32.045,32.045,32.02,32.04,5648.0,COLD
2023-06-30 12:34:00,32.06,32.06,32.05,32.05,1094.0,COLD
2023-06-30 12:33:00,32.06,32.06,32.06,32.06,369.0,COLD
2023-06-30 12:32:00,32.06,32.06,32.055,32.055,1570.0,COLD
2023-06-30 12:31:00,32.06,32.07,32.06,32.07,1516.0,COLD
2023-06-30 12:30:00,32.055,32.06,32.05,32.06,2043.0,COLD
2023-06-30 12:29:00,32.06,32.06,32.055,32.055,1654.0,COLD
2023-06-30 12:28:00,32.06,32.06,32.06,32.06,652.0,COLD
2023-06-30 12:27:00,32.06,32.065,32.055,32.055,881.0,COLD
2023-06-30 12:26:00,32.06,32.065,32.06,32.065,716.0,COLD
2023-06-30 12:25:00,32.055,32.055,32.055,32.055,436.0,COLD
2023-06-30 12:24:00,32.055,32.055,32.055,32.055,134.0,COLD
2023-06-30 12:23:00,32.035,32.05,32.03,32.05,1204.0,COLD
2023-06-30 12:22:00,32.03,32.03,32.03,32.03,1530.0,COLD
2023-06-30 12:21:00,32.04,32.04,32.03,32.03,1452.0,COLD
2023-06-30 12:20:00,32.045,32.045,32.03,32.03,745.0,COLD
2023-06-30 12:19:00,32.06,32.06,32.045,32.05,1589.0,COLD
2023-06-30 12:18:00,32.06,32.065,32.06,32.065,452.0,COLD
2023-06-30 12:17:00,32.06,32.07,32.056,32.056,1618.0,COLD
2023-06-30 12:16:00,32.03,32.06,32.03,32.05,3935.0,COLD
2023-06-30 12:15:00,32.04,32.04,32.04,32.04,318.0,COLD
2023-06-30 12:14:00,32.01,32.04,32.01,32.03,2340.0,COLD
2023-06-30 12:13:00,32.025,32.025,32.02,32.02,620.0,COLD
2023-06-30 12:12:00,32.01,32.025,32.01,32.025,1633.0,COLD
2023-06-30 12:11:00,32.005,32.01,32.005,32.01,698.0,COLD
2023-06-30 12:10:00,32.01,32.015,32.01,32.01,1238.0,COLD
2023-06-30 12:09:00,32.0,32.01,32.0,32.01,3246.0,COLD
2023-06-30 12:08:00,32.0,32.01,32.0,32.01,961.0,COLD
2023-06-30 12:07:00,32.0,32.005,31.995,32.0,2546.0,COLD
2023-06-30 12:06:00,32.02,32.02,32.01,32.01,460.0,COLD
2023-06-30 12:05:00,32.06,32.06,32.025,32.025,2235.0,COLD
2023-06-30 12:04:00,32.08,32.08,32.065,32.065,2436.0,COLD
2023-06-30 12:03:00,32.08,32.085,32.08,32.08,450.0,COLD
2023-06-30 12:02:00,32.12,32.12,32.11,32.115,1411.0,COLD
2023-06-30 12:01:00,32.14,32.15,32.125,32.13,4214.0,COLD
2023-06-30 12:00:00,32.125,32.14,32.125,32.14,1371.0,COLD
2023-06-30 11:59:00,32.11,32.115,32.11,32.11,1069.0,COLD
2023-06-30 11:58:00,32.1,32.11,32.1,32.105,525.0,COLD
2023-06-30 11:57:00,32.09,32.09,32.09,32.09,259.0,COLD
2023-06-30 11:56:00,32.1,32.11,32.085,32.085,2842.0,COLD
2023-06-30 11:55:00,32.07,32.09,32.07,32.09,3143.0,COLD
2023-06-30 11:54:00,32.09,32.09,32.075,32.08,874.0,COLD
2023-06-30 11:53:00,32.09,32.1,32.09,32.1,574.0,COLD
2023-06-30 11:52:00,32.07,32.09,32.07,32.09,460.0,COLD
2023-06-30 11:51:00,32.07,32.07,32.07,32.07,2060.0,COLD
2023-06-30 11:50:00,32.06,32.06,32.05,32.06,2696.0,COLD
2023-06-30 11:49:00,32.07,32.07,32.07,32.07,1188.0,COLD
2023-06-30 11:48:00,32.07,32.09,32.07,32.09,633.0,COLD
2023-06-30 11:47:00,32.06,32.06,32.06,32.06,803.0,COLD
2023-06-30 11:46:00,32.0,32.04,31.99,32.04,3153.0,COLD
2023-06-30 11:45:00,32.005,32.005,32.005,32.005,384.0,COLD
2023-06-30 11:44:00,32.01,32.015,32.0,32.0,845.0,COLD
2023-06-30 11:41:00,32.01,32.01,32.005,32.005,360.0,COLD
2023-06-30 11:40:00,31.98,31.99,31.98,31.99,720.0,COLD
2023-06-30 11:39:00,31.97,31.98,31.965,31.98,805.0,COLD
2023-06-30 11:38:00,31.95,31.96,31.95,31.96,1148.0,COLD
2023-06-30 11:37:00,31.93,31.94,31.93,31.94,1627.0,COLD
2023-06-30 11:36:00,31.9,31.9,31.9,31.9,114.0,COLD
2023-06-30 11:35:00,31.88,31.92,31.88,31.92,1637.0,COLD
2023-06-30 11:33:00,31.89,31.89,31.89,31.89,732.0,COLD
2023-06-30 11:32:00,31.88,31.89,31.88,31.89,448.0,COLD
2023-06-30 11:31:00,31.85,31.86,31.85,31.86,721.0,COLD
2023-06-30 11:30:00,31.84,31.86,31.84,31.84,3602.0,COLD
2023-06-30 11:29:00,31.805,31.84,31.805,31.84,1361.0,COLD
2023-06-30 11:27:00,31.81,31.81,31.81,31.81,720.0,COLD
2023-06-30 11:26:00,31.805,31.81,31.8,31.8,2086.0,COLD
2023-06-30 11:25:00,31.805,31.805,31.805,31.805,501.0,COLD
2023-06-30 11:24:00,31.82,31.82,31.8,31.805,1341.0,COLD
2023-06-30 11:22:00,31.84,31.84,31.825,31.835,2211.0,COLD
2023-06-30 11:21:00,31.865,31.865,31.865,31.865,310.0,COLD
2023-06-30 11:20:00,31.88,31.88,31.86,31.86,2806.0,COLD
2023-06-30 11:19:00,31.89,31.89,31.89,31.89,200.0,COLD
2023-06-30 11:18:00,31.9,31.9,31.885,31.885,998.0,COLD
2023-06-30 11:17:00,31.91,31.92,31.9,31.9,2206.0,COLD
2023-06-30 11:16:00,31.91,31.91,31.9,31.91,1770.0,COLD
2023-06-30 11:15:00,31.92,31.92,31.915,31.915,1172.0,COLD
2023-06-30 11:14:00,31.92,31.93,31.92,31.92,1362.0,COLD
2023-06-30 11:13:00,31.93,31.945,31.92,31.92,1815.0,COLD
2023-06-30 11:12:00,31.95,31.95,31.94,31.94,362.0,COLD
2023-06-30 11:11:00,31.98,31.98,31.95,31.95,1763.0,COLD
2023-06-30 11:10:00,31.975,31.975,31.96,31.96,961.0,COLD
2023-06-30 11:09:00,31.98,31.98,31.98,31.98,199.0,COLD
2023-06-30 11:08:00,31.98,31.99,31.975,31.99,1334.0,COLD
2023-06-30 11:07:00,32.0,32.0,31.97,31.97,1417.0,COLD
2023-06-30 11:06:00,32.02,32.02,32.008,32.008,708.0,COLD
2023-06-30 11:05:00,32.06,32.06,32.02,32.02,952.0,COLD
2023-06-30 11:04:00,32.05,32.07,32.05,32.065,530.0,COLD
2023-06-30 11:03:00,32.055,32.07,32.05,32.07,1236.0,COLD
2023-06-30 11:02:00,32.05,32.05,32.05,32.05,692.0,COLD
2023-06-30 11:01:00,32.05,32.05,32.05,32.05,908.0,COLD
2023-06-30 11:00:00,32.07,32.08,32.06,32.06,2411.0,COLD
2023-06-30 10:59:00,32.06,32.07,32.055,32.06,2092.0,COLD
2023-06-30 10:58:00,32.07,32.07,32.07,32.07,303.0,COLD
2023-06-30 10:57:00,32.07,32.08,32.06,32.08,1558.0,COLD
2023-06-30 10:56:00,32.11,32.12,32.08,32.08,2277.0,COLD
2023-06-30 10:55:00,32.12,32.12,32.1,32.12,2801.0,COLD
2023-06-30 10:54:00,32.11,32.12,32.11,32.115,416.0,COLD
2023-06-30 10:53:00,32.1,32.11,32.1,32.11,1298.0,COLD
2023-06-30 10:52:00,32.12,32.12,32.1,32.1,466.0,COLD
2023-06-30 10:51:00,32.15,32.16,32.135,32.135,1699.0,COLD
2023-06-30 10:50:00,32.135,32.15,32.13,32.15,2814.0,COLD
2023-06-30 10:49:00,32.142,32.155,32.14,32.14,2008.0,COLD
2023-06-30 10:48:00,32.16,32.16,32.15,32.15,1984.0,COLD
2023-06-30 10:47:00,32.16,32.165,32.16,32.165,1242.0,COLD
2023-06-30 10:46:00,32.18,32.18,32.16,32.165,2859.0,COLD
2023-06-30 10:45:00,32.19,32.19,32.19,32.19,421.0,COLD
2023-06-30 10:44:00,32.195,32.205,32.182,32.195,4458.0,COLD
2023-06-30 10:43:00,32.2,32.2,32.19,32.195,1587.0,COLD
2023-06-30 10:42:00,32.17,32.195,32.17,32.195,1204.0,COLD
2023-06-30 10:41:00,32.18,32.18,32.17,32.17,1839.0,COLD
2023-06-30 10:40:00,32.16,32.17,32.16,32.17,1059.0,COLD
2023-06-30 10:39:00,32.15,32.16,32.15,32.16,1901.0,COLD
2023-06-30 10:38:00,32.17,32.17,32.14,32.14,3874.0,COLD
2023-06-30 10:37:00,32.17,32.18,32.17,32.18,619.0,COLD
2023-06-30 10:36:00,32.17,32.18,32.16,32.16,1409.0,COLD
2023-06-30 10:35:00,32.21,32.21,32.2,32.2,1222.0,COLD
2023-06-30 10:34:00,32.2,32.21,32.2,32.21,505.0,COLD
2023-06-30 10:33:00,32.21,32.21,32.19,32.19,1455.0,COLD
2023-06-30 10:32:00,32.21,32.22,32.21,32.22,1011.0,COLD
2023-06-30 10:30:00,32.17,32.2,32.17,32.19,652.0,COLD
2023-06-30 10:29:00,32.16,32.16,32.15,32.15,1439.0,COLD
2023-06-30 10:28:00,32.13,32.14,32.13,32.14,371.0,COLD
2023-06-30 10:27:00,32.06,32.1,32.06,32.1,2001.0,COLD
2023-06-30 10:26:00,32.11,32.11,32.09,32.09,757.0,COLD
2023-06-30 10:25:00,32.14,32.14,32.11,32.12,1566.0,COLD
2023-06-30 10:24:00,32.18,32.18,32.15,32.15,1119.0,COLD
2023-06-30 10:23:00,32.17,32.23,32.17,32.18,8447.0,COLD
2023-06-30 10:22:00,32.2,32.21,32.18,32.18,1991.0,COLD
2023-06-30 10:21:00,32.19,32.2,32.19,32.2,1737.0,COLD
2023-06-30 10:20:00,32.235,32.235,32.2,32.2,5338.0,COLD
2023-06-30 10:19:00,32.22,32.25,32.22,32.235,8185.0,COLD
2023-06-30 10:18:00,32.21,32.22,32.205,32.21,1650.0,COLD
2023-06-30 10:17:00,32.24,32.24,32.21,32.21,1432.0,COLD
2023-06-30 10:16:00,32.245,32.245,32.245,32.245,559.0,COLD
2023-06-30 10:15:00,32.21,32.26,32.21,32.25,6317.0,COLD
2023-06-30 10:14:00,32.24,32.25,32.21,32.21,2819.0,COLD
2023-06-30 10:13:00,32.24,32.24,32.21,32.24,1921.0,COLD
2023-06-30 10:12:00,32.23,32.23,32.23,32.23,595.0,COLD
2023-06-30 10:11:00,32.28,32.28,32.26,32.26,1014.0,COLD
2023-06-30 10:10:00,32.31,32.31,32.29,32.29,921.0,COLD
2023-06-30 10:09:00,32.325,32.33,32.32,32.32,1037.0,COLD
2023-06-30 10:08:00,32.335,32.335,32.31,32.32,1917.0,COLD
2023-06-30 10:07:00,32.33,32.34,32.31,32.335,4192.0,COLD
2023-06-30 10:06:00,32.35,32.36,32.34,32.34,2876.0,COLD
2023-06-30 10:05:00,32.38,32.38,32.35,32.35,2257.0,COLD
2023-06-30 10:04:00,32.405,32.41,32.37,32.38,1323.0,COLD
2023-06-30 10:03:00,32.39,32.39,32.39,32.39,101.0,COLD
2023-06-30 10:02:00,32.41,32.43,32.4,32.4,2676.0,COLD
2023-06-30 10:01:00,32.39,32.4,32.39,32.39,1011.0,COLD
2023-06-30 10:00:00,32.35,32.39,32.35,32.39,1425.0,COLD
2023-06-30 09:59:00,32.37,32.38,32.32,32.34,3727.0,COLD
2023-06-30 09:58:00,32.35,32.38,32.35,32.375,5023.0,COLD
2023-06-30 09:57:00,32.35,32.35,32.35,32.35,327.0,COLD
2023-06-30 09:56:00,32.31,32.34,32.31,32.34,1295.0,COLD
2023-06-30 09:55:00,32.3,32.3,32.3,32.3,392.0,COLD
2023-06-30 09:54:00,32.29,32.29,32.29,32.29,101.0,COLD
2023-06-30 09:53:00,32.28,32.29,32.28,32.28,1209.0,COLD
2023-06-30 09:52:00,32.27,32.288,32.265,32.288,619.0,COLD
2023-06-30 09:51:00,32.3,32.3,32.28,32.28,915.0,COLD
2023-06-30 09:50:00,32.26,32.28,32.26,32.28,1103.0,COLD
2023-06-30 09:49:00,32.26,32.26,32.255,32.26,1203.0,COLD
2023-06-30 09:48:00,32.275,32.275,32.27,32.27,419.0,COLD
2023-06-30 09:47:00,32.19,32.265,32.19,32.26,2020.0,COLD
2023-06-30 09:46:00,32.18,32.18,32.17,32.18,1495.0,COLD
2023-06-30 09:45:00,32.17,32.17,32.17,32.17,1404.0,COLD
2023-06-30 09:43:00,32.16,32.19,32.15,32.19,1762.0,COLD
2023-06-30 09:42:00,32.17,32.17,32.17,32.17,109.0,COLD
2023-06-30 09:41:00,32.16,32.18,32.14,32.15,1973.0,COLD
2023-06-30 09:40:00,32.15,32.15,32.15,32.15,1123.0,COLD
2023-06-30 09:39:00,32.13,32.15,32.13,32.15,408.0,COLD
2023-06-30 09:38:00,32.15,32.15,32.1,32.12,887.0,COLD
2023-06-30 09:37:00,32.21,32.21,32.16,32.17,2919.0,COLD
2023-06-30 09:36:00,32.21,32.22,32.21,32.22,532.0,COLD
2023-06-30 09:35:00,32.18,32.19,32.18,32.19,537.0,COLD
2023-06-30 09:34:00,32.2,32.2,32.17,32.17,1712.0,COLD
2023-06-30 09:32:00,32.16,32.17,32.15,32.16,1196.0,COLD
2023-06-30 09:31:00,32.15,32.16,32.12,32.16,1688.0,COLD
2023-06-30 09:30:00,32.25,32.25,32.1,32.16,2863.0,COLD
2023-06-30 08:39:00,31.95,31.95,31.95,31.95,15.0,COLD
2023-06-29 19:00:00,32.0,32.0,32.0,32.0,191727.0,COLD
2023-06-29 18:30:00,32.0,32.0,32.0,32.0,191727.0,COLD
2023-06-29 18:00:00,32.15,32.15,32.15,32.15,1.0,COLD
2023-06-29 16:10:00,32.0,32.0,31.64,31.64,191728.0,COLD
2023-06-29 16:09:00,31.092,31.092,31.092,31.092,1.0,COLD
2023-06-29 16:00:00,31.99,32.0,31.99,32.0,404364.0,COLD
2023-06-29 15:59:00,31.995,32.0,31.975,31.99,41264.0,COLD
2023-06-29 15:58:00,32.0,32.0,31.99,31.99,19893.0,COLD
2023-06-29 15:57:00,31.99,32.0,31.99,32.0,19720.0,COLD
2023-06-29 15:56:00,31.99,32.0,31.99,31.99,12674.0,COLD
2023-06-29 15:55:00,31.99,32.0,31.975,31.99,18127.0,COLD
2023-06-29 15:54:00,31.99,32.0,31.985,31.99,16508.0,COLD
2023-06-29 15:53:00,31.99,31.99,31.98,31.985,5659.0,COLD
2023-06-29 15:52:00,31.995,32.0,31.975,31.978,11277.0,COLD
2023-06-29 15:51:00,31.99,32.0,31.99,31.995,14215.0,COLD
2023-06-29 15:50:00,31.98,32.0,31.975,31.99,10905.0,COLD
2023-06-29 15:49:00,31.985,31.985,31.97,31.975,2028.0,COLD
2023-06-29 15:48:00,31.99,32.0,31.98,31.98,13031.0,COLD
2023-06-29 15:47:00,31.99,31.99,31.985,31.985,1789.0,COLD
2023-06-29 15:46:00,31.975,32.005,31.975,31.985,16073.0,COLD
2023-06-29 15:45:00,31.99,31.99,31.97,31.975,4655.0,COLD
2023-06-29 15:44:00,31.99,31.995,31.99,31.99,373.0,COLD
2023-06-29 15:43:00,31.995,31.995,31.98,31.988,7860.0,COLD
2023-06-29 15:42:00,31.99,31.995,31.99,31.995,711.0,COLD
2023-06-29 15:41:00,31.985,32.01,31.98,31.99,27934.0,COLD
2023-06-29 15:40:00,31.985,31.985,31.98,31.985,1478.0,COLD
2023-06-29 15:39:00,31.975,31.985,31.965,31.985,8674.0,COLD
2023-06-29 15:38:00,31.975,31.98,31.975,31.975,617.0,COLD
2023-06-29 15:37:00,31.975,31.98,31.97,31.975,2433.0,COLD
2023-06-29 15:36:00,31.975,31.99,31.975,31.975,4435.0,COLD
2023-06-29 15:35:00,31.97,31.975,31.97,31.975,1418.0,COLD
2023-06-29 15:34:00,32.0,32.0,31.975,31.975,7240.0,COLD
2023-06-29 15:33:00,31.99,32.0,31.99,31.995,3073.0,COLD
2023-06-29 15:32:00,31.985,31.99,31.985,31.99,2178.0,COLD
2023-06-29 15:31:00,31.985,31.99,31.985,31.99,1060.0,COLD
2023-06-29 15:30:00,32.0,32.005,31.985,31.985,10707.0,COLD
2023-06-29 15:29:00,31.99,31.998,31.98,31.99,2557.0,COLD
2023-06-29 15:28:00,32.0,32.0,31.985,31.985,3223.0,COLD
2023-06-29 15:27:00,31.99,32.0,31.99,32.0,4876.0,COLD
2023-06-29 15:26:00,31.985,31.99,31.985,31.99,1735.0,COLD
2023-06-29 15:25:00,31.97,31.99,31.97,31.985,4487.0,COLD
2023-06-29 15:24:00,31.965,31.965,31.965,31.965,201.0,COLD
2023-06-29 15:23:00,31.97,31.97,31.97,31.97,315.0,COLD
2023-06-29 15:22:00,31.95,31.97,31.94,31.97,4957.0,COLD
2023-06-29 15:20:00,31.96,31.96,31.96,31.96,934.0,COLD
2023-06-29 15:19:00,31.96,31.96,31.94,31.95,4294.0,COLD
2023-06-29 15:18:00,31.961,31.965,31.955,31.96,2779.0,COLD
2023-06-29 15:17:00,31.97,31.97,31.96,31.96,3097.0,COLD
2023-06-29 15:16:00,31.965,31.97,31.965,31.97,610.0,COLD
2023-06-29 15:15:00,31.96,31.975,31.955,31.97,2731.0,COLD
2023-06-29 15:14:00,31.96,31.96,31.955,31.955,2207.0,COLD
2023-06-29 15:13:00,31.955,31.955,31.955,31.955,200.0,COLD
2023-06-29 15:12:00,31.945,31.95,31.945,31.95,976.0,COLD
2023-06-29 15:11:00,31.95,31.95,31.94,31.94,2091.0,COLD
2023-06-29 15:10:00,31.96,31.96,31.955,31.955,1259.0,COLD
2023-06-29 15:09:00,31.94,31.97,31.94,31.97,5678.0,COLD
2023-06-29 15:08:00,31.95,31.95,31.94,31.94,2504.0,COLD
2023-06-29 15:07:00,31.95,31.95,31.95,31.95,211.0,COLD
2023-06-29 15:06:00,31.95,31.95,31.95,31.95,340.0,COLD
2023-06-29 15:05:00,31.945,31.945,31.94,31.945,688.0,COLD
2023-06-29 15:04:00,31.95,31.955,31.95,31.95,1967.0,COLD
2023-06-29 15:03:00,31.935,31.95,31.935,31.945,1394.0,COLD
2023-06-29 15:02:00,31.95,31.95,31.935,31.935,2593.0,COLD
2023-06-29 15:01:00,31.955,31.955,31.955,31.955,756.0,COLD
2023-06-29 15:00:00,31.95,31.955,31.95,31.955,1615.0,COLD
2023-06-29 14:59:00,31.95,31.95,31.95,31.95,534.0,COLD
2023-06-29 14:58:00,31.94,31.95,31.94,31.95,1343.0,COLD
2023-06-29 14:57:00,31.94,31.94,31.93,31.93,4217.0,COLD
2023-06-29 14:56:00,31.94,31.95,31.94,31.95,2936.0,COLD
2023-06-29 14:55:00,31.94,31.94,31.94,31.94,1031.0,COLD
2023-06-29 14:54:00,31.93,31.94,31.93,31.94,1020.0,COLD
2023-06-29 14:53:00,31.92,31.935,31.92,31.93,1463.0,COLD
2023-06-29 14:52:00,31.92,31.925,31.92,31.92,1276.0,COLD
2023-06-29 14:51:00,31.915,31.925,31.915,31.92,1135.0,COLD
2023-06-29 14:50:00,31.93,31.93,31.91,31.915,1978.0,COLD
2023-06-29 14:49:00,31.92,31.93,31.92,31.93,669.0,COLD
2023-06-29 14:48:00,31.915,31.925,31.91,31.92,1602.0,COLD
2023-06-29 14:47:00,31.93,31.93,31.91,31.92,2109.0,COLD
2023-06-29 14:46:00,31.93,31.93,31.92,31.92,357.0,COLD
2023-06-29 14:45:00,31.93,31.93,31.93,31.93,982.0,COLD
2023-06-29 14:43:00,31.94,31.94,31.92,31.93,2347.0,COLD
2023-06-29 14:42:00,31.91,31.93,31.91,31.93,2171.0,COLD
2023-06-29 14:41:00,31.92,31.92,31.9,31.92,7187.0,COLD
2023-06-29 14:40:00,31.94,31.94,31.92,31.925,2022.0,COLD
2023-06-29 14:39:00,31.93,31.94,31.93,31.94,953.0,COLD
2023-06-29 14:38:00,31.93,31.93,31.93,31.93,889.0,COLD
2023-06-29 14:37:00,31.94,31.95,31.94,31.94,2429.0,COLD
2023-06-29 14:36:00,31.92,31.94,31.91,31.94,10106.0,COLD
2023-06-29 14:35:00,31.9,31.92,31.9,31.92,824.0,COLD
2023-06-29 14:34:00,31.875,31.89,31.875,31.89,1121.0,COLD
2023-06-29 14:33:00,31.89,31.91,31.875,31.89,8289.0,COLD
2023-06-29 14:32:00,31.885,31.89,31.88,31.888,4305.0,COLD
2023-06-29 14:31:00,31.86,31.885,31.86,31.885,1639.0,COLD
2023-06-29 14:30:00,31.84,31.87,31.84,31.865,6525.0,COLD
2023-06-29 14:29:00,31.82,31.83,31.82,31.83,4301.0,COLD
2023-06-29 14:28:00,31.82,31.82,31.82,31.82,359.0,COLD
2023-06-29 14:27:00,31.82,31.82,31.82,31.82,215.0,COLD
2023-06-29 14:26:00,31.805,31.81,31.8,31.81,1561.0,COLD
2023-06-29 14:24:00,31.805,31.81,31.805,31.81,2003.0,COLD
2023-06-29 14:23:00,31.81,31.81,31.8,31.81,1972.0,COLD
2023-06-29 14:22:00,31.8,31.81,31.8,31.81,1852.0,COLD
2023-06-29 14:21:00,31.795,31.81,31.79,31.8,1849.0,COLD
2023-06-29 14:20:00,31.8,31.81,31.79,31.795,2251.0,COLD
2023-06-29 14:19:00,31.79,31.8,31.79,31.795,1888.0,COLD
2023-06-29 14:18:00,31.79,31.79,31.785,31.79,1113.0,COLD
2023-06-29 14:17:00,31.79,31.795,31.79,31.79,2382.0,COLD
2023-06-29 14:16:00,31.79,31.805,31.79,31.8,3159.0,COLD
2023-06-29 14:15:00,31.785,31.8,31.785,31.79,1466.0,COLD
2023-06-29 14:14:00,31.78,31.79,31.78,31.785,28378.0,COLD
2023-06-29 14:13:00,31.79,31.79,31.775,31.78,2304.0,COLD
2023-06-29 14:12:00,31.79,31.79,31.785,31.79,2854.0,COLD
2023-06-29 14:11:00,31.78,31.78,31.775,31.78,1711.0,COLD
2023-06-29 14:10:00,31.785,31.79,31.785,31.785,1040.0,COLD
2023-06-29 14:09:00,31.78,31.785,31.78,31.785,458.0,COLD
2023-06-29 14:08:00,31.795,31.795,31.775,31.78,3027.0,COLD
2023-06-29 14:07:00,31.79,31.805,31.79,31.805,2222.0,COLD
2023-06-29 14:06:00,31.775,31.78,31.775,31.78,1794.0,COLD
2023-06-29 14:05:00,31.79,31.79,31.78,31.78,935.0,COLD
2023-06-29 14:04:00,31.78,31.79,31.78,31.79,1612.0,COLD
2023-06-29 14:03:00,31.77,31.78,31.77,31.78,1237.0,COLD
2023-06-29 14:02:00,31.78,31.8,31.78,31.78,3455.0,COLD
2023-06-29 14:01:00,31.775,31.78,31.775,31.78,1903.0,COLD
2023-06-29 14:00:00,31.775,31.775,31.765,31.77,2840.0,COLD
2023-06-29 13:59:00,31.77,31.775,31.77,31.775,494.0,COLD
2023-06-29 13:58:00,31.79,31.79,31.76,31.76,1665.0,COLD
2023-06-29 13:57:00,31.81,31.81,31.79,31.79,848.0,COLD
2023-06-29 13:56:00,31.82,31.82,31.81,31.81,615.0,COLD
2023-06-29 13:55:00,31.78,31.82,31.78,31.82,1926.0,COLD
2023-06-29 13:54:00,31.795,31.8,31.79,31.79,6122.0,COLD
2023-06-29 13:53:00,31.8,31.8,31.79,31.79,573.0,COLD
2023-06-29 13:52:00,31.81,31.815,31.8,31.8,1113.0,COLD
2023-06-29 13:51:00,31.82,31.82,31.815,31.815,1708.0,COLD
2023-06-29 13:50:00,31.84,31.84,31.825,31.83,3915.0,COLD
2023-06-29 13:49:00,31.88,31.88,31.845,31.845,6032.0,COLD
2023-06-29 13:48:00,31.9,31.9,31.86,31.87,3595.0,COLD
2023-06-29 13:47:00,31.865,31.89,31.865,31.89,2040.0,COLD
2023-06-29 13:46:00,31.81,31.85,31.81,31.85,32426.0,COLD
2023-06-29 13:45:00,31.785,31.81,31.78,31.81,22763.0,COLD
2023-06-29 13:44:00,31.79,31.81,31.79,31.79,2330.0,COLD
2023-06-29 13:43:00,31.79,31.79,31.78,31.785,2027.0,COLD
2023-06-29 13:42:00,31.76,31.79,31.76,31.78,2478.0,COLD
2023-06-29 13:41:00,31.745,31.755,31.74,31.755,3433.0,COLD
2023-06-29 13:40:00,31.75,31.75,31.745,31.745,353.0,COLD
2023-06-29 13:39:00,31.75,31.75,31.745,31.745,443.0,COLD
2023-06-29 13:38:00,31.745,31.755,31.745,31.755,2326.0,COLD
2023-06-29 13:37:00,31.755,31.76,31.745,31.745,2871.0,COLD
2023-06-29 13:36:00,31.725,31.76,31.725,31.76,2683.0,COLD
2023-06-29 13:35:00,31.73,31.73,31.725,31.73,786.0,COLD
2023-06-29 13:34:00,31.72,31.73,31.72,31.725,1753.0,COLD
2023-06-29 13:33:00,31.715,31.72,31.715,31.72,1234.0,COLD
2023-06-29 13:32:00,31.71,31.71,31.71,31.71,468.0,COLD
2023-06-29 13:31:00,31.72,31.73,31.715,31.73,1795.0,COLD
2023-06-29 13:30:00,31.71,31.73,31.71,31.73,3095.0,COLD
2023-06-29 13:29:00,31.695,31.705,31.695,31.703,3559.0,COLD
2023-06-29 13:28:00,31.7,31.7,31.69,31.7,1493.0,COLD
2023-06-29 13:27:00,31.695,31.695,31.695,31.695,266.0,COLD
2023-06-29 13:26:00,31.7,31.7,31.7,31.7,1001.0,COLD
2023-06-29 13:25:00,31.68,31.705,31.68,31.7,4047.0,COLD
2023-06-29 13:24:00,31.69,31.69,31.69,31.69,411.0,COLD
2023-06-29 13:23:00,31.695,31.7,31.685,31.69,1566.0,COLD
2023-06-29 13:22:00,31.685,31.695,31.685,31.695,1696.0,COLD
2023-06-29 13:21:00,31.7,31.7,31.69,31.69,844.0,COLD
2023-06-29 13:20:00,31.715,31.715,31.705,31.705,1390.0,COLD
2023-06-29 13:19:00,31.715,31.715,31.715,31.715,201.0,COLD
2023-06-29 13:18:00,31.71,31.715,31.71,31.715,1217.0,COLD
2023-06-29 13:17:00,31.745,31.745,31.71,31.71,2486.0,COLD
2023-06-29 13:16:00,31.74,31.75,31.74,31.75,601.0,COLD
2023-06-29 13:15:00,31.725,31.74,31.725,31.74,3033.0,COLD
2023-06-29 13:14:00,31.745,31.745,31.725,31.725,2409.0,COLD
2023-06-29 13:13:00,31.74,31.75,31.74,31.75,10005.0,COLD
2023-06-29 13:12:00,31.735,31.74,31.735,31.74,356.0,COLD
2023-06-29 13:11:00,31.75,31.76,31.74,31.75,2525.0,COLD
2023-06-29 13:10:00,31.74,31.75,31.74,31.75,962.0,COLD
2023-06-29 13:09:00,31.73,31.73,31.725,31.73,1381.0,COLD
2023-06-29 13:08:00,31.725,31.73,31.725,31.725,780.0,COLD
2023-06-29 13:07:00,31.72,31.73,31.72,31.73,931.0,COLD
2023-06-29 13:06:00,31.695,31.72,31.695,31.72,3853.0,COLD
2023-06-29 13:05:00,31.71,31.71,31.69,31.695,3269.0,COLD
2023-06-29 13:04:00,31.735,31.735,31.715,31.715,2041.0,COLD
2023-06-29 13:03:00,31.73,31.735,31.73,31.735,1936.0,COLD
2023-06-29 13:02:00,31.74,31.74,31.735,31.735,2732.0,COLD
2023-06-29 13:01:00,31.735,31.74,31.735,31.74,1346.0,COLD
2023-06-29 13:00:00,31.745,31.75,31.74,31.74,17547.0,COLD
2023-06-29 12:59:00,31.75,31.75,31.745,31.745,954.0,COLD
2023-06-29 12:58:00,31.745,31.75,31.745,31.75,400.0,COLD
2023-06-29 12:57:00,31.77,31.77,31.74,31.745,2607.0,COLD
2023-06-29 12:56:00,31.78,31.78,31.77,31.77,3518.0,COLD
2023-06-29 12:55:00,31.77,31.78,31.77,31.78,2768.0,COLD
2023-06-29 12:54:00,31.77,31.77,31.77,31.77,301.0,COLD
2023-06-29 12:53:00,31.765,31.77,31.765,31.77,732.0,COLD
2023-06-29 12:52:00,31.765,31.765,31.765,31.765,567.0,COLD
2023-06-29 12:51:00,31.77,31.775,31.765,31.765,1871.0,COLD
2023-06-29 12:50:00,31.78,31.78,31.77,31.77,689.0,COLD
2023-06-29 12:49:00,31.775,31.78,31.77,31.78,1180.0,COLD
2023-06-29 12:48:00,31.77,31.78,31.77,31.78,1728.0,COLD
2023-06-29 12:47:00,31.8,31.8,31.77,31.77,2986.0,COLD
2023-06-29 12:46:00,31.825,31.825,31.8,31.8,1136.0,COLD
2023-06-29 12:45:00,31.84,31.84,31.83,31.83,2579.0,COLD
2023-06-29 12:44:00,31.834,31.845,31.834,31.845,762.0,COLD
2023-06-29 12:43:00,31.84,31.84,31.84,31.84,151.0,COLD
2023-06-29 12:42:00,31.84,31.84,31.835,31.84,1249.0,COLD
2023-06-29 12:41:00,31.865,31.865,31.85,31.85,4057.0,COLD
2023-06-29 12:40:00,31.85,31.87,31.85,31.865,1227.0,COLD
2023-06-29 12:39:00,31.835,31.85,31.835,31.85,6312.0,COLD
2023-06-29 12:38:00,31.84,31.85,31.835,31.835,1798.0,COLD
2023-06-29 12:37:00,31.8,31.83,31.8,31.83,7571.0,COLD
2023-06-29 12:36:00,31.79,31.8,31.79,31.79,1761.0,COLD
2023-06-29 12:35:00,31.76,31.79,31.76,31.79,3581.0,COLD
2023-06-29 12:34:00,31.76,31.76,31.755,31.76,344.0,COLD
2023-06-29 12:33:00,31.76,31.76,31.755,31.76,704.0,COLD
2023-06-29 12:32:00,31.75,31.76,31.75,31.76,675.0,COLD
2023-06-29 12:31:00,31.715,31.755,31.715,31.755,18227.0,COLD
2023-06-29 12:30:00,31.72,31.725,31.715,31.725,1585.0,COLD
2023-06-29 12:29:00,31.74,31.74,31.72,31.72,1278.0,COLD
2023-06-29 12:28:00,31.74,31.74,31.735,31.74,2129.0,COLD
2023-06-29 12:27:00,31.75,31.75,31.74,31.74,1109.0,COLD
2023-06-29 12:25:00,31.77,31.77,31.75,31.75,2451.0,COLD
2023-06-29 12:24:00,31.765,31.765,31.765,31.765,326.0,COLD
2023-06-29 12:23:00,31.75,31.76,31.75,31.76,1080.0,COLD
2023-06-29 12:22:00,31.75,31.75,31.74,31.75,1555.0,COLD
2023-06-29 12:21:00,31.745,31.755,31.745,31.75,1329.0,COLD
2023-06-29 12:20:00,31.75,31.76,31.74,31.74,3659.0,COLD
2023-06-29 12:19:00,31.74,31.75,31.74,31.745,786.0,COLD
2023-06-29 12:18:00,31.72,31.73,31.72,31.73,1610.0,COLD
2023-06-29 12:17:00,31.705,31.71,31.705,31.71,314.0,COLD
2023-06-29 12:16:00,31.69,31.7,31.69,31.7,2685.0,COLD
2023-06-29 12:15:00,31.69,31.69,31.69,31.69,100.0,COLD
2023-06-29 12:14:00,31.66,31.67,31.655,31.66,2542.0,COLD
2023-06-29 12:13:00,31.66,31.66,31.65,31.65,8047.0,COLD
2023-06-29 12:12:00,31.655,31.67,31.655,31.66,7480.0,COLD
2023-06-29 12:11:00,31.67,31.67,31.66,31.66,1627.0,COLD
2023-06-29 12:10:00,31.665,31.665,31.665,31.665,820.0,COLD
2023-06-29 12:09:00,31.655,31.67,31.655,31.67,2306.0,COLD
2023-06-29 12:08:00,31.665,31.665,31.655,31.655,1215.0,COLD
2023-06-29 12:07:00,31.665,31.67,31.665,31.665,992.0,COLD
2023-06-29 12:06:00,31.675,31.675,31.665,31.665,1896.0,COLD
2023-06-29 12:05:00,31.67,31.68,31.67,31.68,1800.0,COLD
2023-06-29 12:04:00,31.67,31.67,31.665,31.665,485.0,COLD
2023-06-29 12:03:00,31.68,31.68,31.67,31.67,2701.0,COLD
2023-06-29 12:02:00,31.66,31.68,31.66,31.68,1353.0,COLD
2023-06-29 12:01:00,31.655,31.66,31.65,31.66,2930.0,COLD
2023-06-29 12:00:00,31.62,31.66,31.62,31.66,1631.0,COLD
2023-06-29 11:59:00,31.59,31.6,31.59,31.6,588.0,COLD
2023-06-29 11:58:00,31.57,31.57,31.57,31.57,25368.0,COLD
2023-06-29 11:57:00,31.57,31.57,31.55,31.57,3472.0,COLD
2023-06-29 11:56:00,31.575,31.575,31.575,31.575,401.0,COLD
2023-06-29 11:55:00,31.585,31.585,31.57,31.57,973.0,COLD
2023-06-29 11:54:00,31.6,31.6,31.59,31.59,1919.0,COLD
2023-06-29 11:53:00,31.59,31.6,31.59,31.6,1114.0,COLD
2023-06-29 11:52:00,31.58,31.585,31.575,31.58,1675.0,COLD
2023-06-29 11:51:00,31.55,31.58,31.55,31.579,2315.0,COLD
2023-06-29 11:50:00,31.525,31.54,31.525,31.54,2951.0,COLD
2023-06-29 11:49:00,31.52,31.52,31.52,31.52,2239.0,COLD
2023-06-29 11:48:00,31.52,31.52,31.52,31.52,1568.0,COLD
2023-06-29 11:47:00,31.52,31.53,31.52,31.53,727.0,COLD
2023-06-29 11:46:00,31.52,31.52,31.52,31.52,483.0,COLD
2023-06-29 11:45:00,31.51,31.53,31.51,31.52,3834.0,COLD
2023-06-29 11:44:00,31.51,31.51,31.505,31.51,755.0,COLD
2023-06-29 11:43:00,31.5,31.5,31.495,31.5,2140.0,COLD
2023-06-29 11:42:00,31.51,31.51,31.51,31.51,639.0,COLD
2023-06-29 11:41:00,31.5,31.51,31.5,31.51,2201.0,COLD
2023-06-29 11:40:00,31.495,31.5,31.495,31.5,1064.0,COLD
2023-06-29 11:39:00,31.49,31.5,31.49,31.49,801.0,COLD
2023-06-29 11:38:00,31.5,31.5,31.49,31.49,562.0,COLD
2023-06-29 11:37:00,31.51,31.51,31.505,31.505,658.0,COLD
2023-06-29 11:36:00,31.515,31.52,31.5,31.51,1910.0,COLD
2023-06-29 11:35:00,31.52,31.525,31.515,31.515,963.0,COLD
2023-06-29 11:34:00,31.51,31.53,31.51,31.53,2913.0,COLD
2023-06-29 11:33:00,31.51,31.525,31.51,31.515,3850.0,COLD
2023-06-29 11:32:00,31.51,31.51,31.51,31.51,358.0,COLD
2023-06-29 11:31:00,31.505,31.505,31.505,31.505,322.0,COLD
2023-06-29 11:30:00,31.5,31.51,31.5,31.51,2987.0,COLD
2023-06-29 11:29:00,31.5,31.5,31.5,31.5,354.0,COLD
2023-06-29 11:28:00,31.49,31.5,31.49,31.5,1163.0,COLD
2023-06-29 11:27:00,31.475,31.49,31.475,31.49,4410.0,COLD
2023-06-29 11:26:00,31.47,31.47,31.465,31.47,2644.0,COLD
2023-06-29 11:25:00,31.48,31.48,31.46,31.47,2110.0,COLD
2023-06-29 11:24:00,31.48,31.48,31.48,31.48,109.0,COLD
2023-06-29 11:23:00,31.46,31.48,31.455,31.48,3785.0,COLD
2023-06-29 11:22:00,31.48,31.48,31.45,31.45,582.0,COLD
2023-06-29 11:21:00,31.48,31.48,31.48,31.48,825.0,COLD
2023-06-29 11:20:00,31.495,31.495,31.48,31.48,896.0,COLD
2023-06-29 11:19:00,31.5,31.51,31.5,31.5,2020.0,COLD
2023-06-29 11:18:00,31.51,31.51,31.51,31.51,1636.0,COLD
2023-06-29 11:17:00,31.49,31.52,31.485,31.51,4137.0,COLD
2023-06-29 11:16:00,31.49,31.49,31.48,31.48,1921.0,COLD
2023-06-29 11:15:00,31.485,31.49,31.485,31.49,748.0,COLD
2023-06-29 11:14:00,31.475,31.49,31.475,31.49,2079.0,COLD
2023-06-29 11:13:00,31.48,31.485,31.47,31.485,1437.0,COLD
2023-06-29 11:12:00,31.5,31.5,31.49,31.49,1114.0,COLD
2023-06-29 11:11:00,31.51,31.51,31.49,31.49,3084.0,COLD
2023-06-29 11:10:00,31.53,31.53,31.51,31.51,1207.0,COLD
2023-06-29 11:09:00,31.53,31.53,31.53,31.53,1915.0,COLD
2023-06-29 11:08:00,31.53,31.53,31.53,31.53,1285.0,COLD
2023-06-29 11:06:00,31.53,31.53,31.53,31.53,1205.0,COLD
2023-06-29 11:05:00,31.53,31.53,31.525,31.53,1824.0,COLD
2023-06-29 11:04:00,31.535,31.535,31.535,31.535,322.0,COLD
2023-06-29 11:03:00,31.55,31.55,31.54,31.54,2331.0,COLD
2023-06-29 11:02:00,31.54,31.55,31.54,31.545,1366.0,COLD
2023-06-29 11:01:00,31.52,31.54,31.52,31.54,5066.0,COLD
2023-06-29 11:00:00,31.52,31.52,31.52,31.52,306.0,COLD
2023-06-29 10:59:00,31.52,31.52,31.52,31.52,415.0,COLD
2023-06-29 10:58:00,31.51,31.52,31.51,31.52,3595.0,COLD
2023-06-29 10:57:00,31.5,31.5,31.495,31.5,876.0,COLD
2023-06-29 10:56:00,31.515,31.52,31.505,31.505,2101.0,COLD
2023-06-29 10:55:00,31.525,31.53,31.51,31.51,1898.0,COLD
2023-06-29 10:54:00,31.53,31.54,31.53,31.53,1143.0,COLD
2023-06-29 10:53:00,31.56,31.56,31.54,31.54,1174.0,COLD
2023-06-29 10:52:00,31.565,31.565,31.54,31.56,8191.0,COLD
2023-06-29 10:51:00,31.565,31.57,31.565,31.565,855.0,COLD
2023-06-29 10:50:00,31.545,31.56,31.545,31.56,1895.0,COLD
2023-06-29 10:49:00,31.535,31.555,31.535,31.555,2032.0,COLD
2023-06-29 10:48:00,31.52,31.53,31.52,31.53,1271.0,COLD
2023-06-29 10:47:00,31.53,31.53,31.53,31.53,1395.0,COLD
2023-06-29 10:46:00,31.53,31.54,31.53,31.54,1406.0,COLD
2023-06-29 10:45:00,31.52,31.535,31.52,31.535,2181.0,COLD
2023-06-29 10:44:00,31.515,31.53,31.51,31.51,3209.0,COLD
2023-06-29 10:43:00,31.52,31.52,31.51,31.51,556.0,COLD
2023-06-29 10:42:00,31.48,31.52,31.48,31.52,2975.0,COLD
2023-06-29 10:41:00,31.48,31.48,31.48,31.48,1479.0,COLD
2023-06-29 10:40:00,31.505,31.505,31.5,31.5,1051.0,COLD
2023-06-29 10:39:00,31.52,31.52,31.51,31.51,531.0,COLD
2023-06-29 10:38:00,31.52,31.52,31.51,31.51,829.0,COLD
2023-06-29 10:37:00,31.52,31.525,31.515,31.525,1206.0,COLD
2023-06-29 10:36:00,31.53,31.54,31.53,31.53,1302.0,COLD
2023-06-29 10:35:00,31.54,31.54,31.54,31.54,402.0,COLD
2023-06-29 10:34:00,31.55,31.56,31.545,31.545,1620.0,COLD
2023-06-29 10:33:00,31.54,31.55,31.54,31.55,1055.0,COLD
2023-06-29 10:32:00,31.56,31.56,31.54,31.54,1063.0,COLD
2023-06-29 10:31:00,31.56,31.56,31.56,31.56,311.0,COLD
2023-06-29 10:30:00,31.56,31.56,31.55,31.55,2093.0,COLD
2023-06-29 10:29:00,31.55,31.56,31.55,31.55,2016.0,COLD
2023-06-29 10:28:00,31.54,31.55,31.54,31.54,470.0,COLD
2023-06-29 10:27:00,31.55,31.55,31.53,31.53,2913.0,COLD
2023-06-29 10:26:00,31.52,31.55,31.52,31.545,1882.0,COLD
2023-06-29 10:25:00,31.515,31.52,31.5,31.52,3087.0,COLD
2023-06-29 10:24:00,31.565,31.565,31.53,31.53,2110.0,COLD
2023-06-29 10:23:00,31.56,31.562,31.55,31.56,3113.0,COLD
2023-06-29 10:22:00,31.535,31.57,31.535,31.57,2660.0,COLD
2023-06-29 10:21:00,31.54,31.55,31.535,31.54,3181.0,COLD
2023-06-29 10:20:00,31.54,31.54,31.54,31.54,1042.0,COLD
2023-06-29 10:19:00,31.53,31.54,31.53,31.535,3251.0,COLD
2023-06-29 10:18:00,31.52,31.52,31.52,31.52,300.0,COLD
2023-06-29 10:17:00,31.51,31.52,31.51,31.51,1320.0,COLD
2023-06-29 10:16:00,31.51,31.51,31.5,31.505,2009.0,COLD
2023-06-29 10:15:00,31.51,31.52,31.51,31.51,1702.0,COLD
2023-06-29 10:14:00,31.51,31.51,31.5,31.5,2416.0,COLD
2023-06-29 10:13:00,31.495,31.51,31.495,31.5,1823.0,COLD
2023-06-29 10:12:00,31.5,31.51,31.49,31.495,10745.0,COLD
2023-06-29 10:11:00,31.505,31.51,31.5,31.5,926.0,COLD
2023-06-29 10:10:00,31.505,31.51,31.5,31.505,2343.0,COLD
2023-06-29 10:09:00,31.51,31.515,31.505,31.505,2203.0,COLD
2023-06-29 10:08:00,31.49,31.5,31.49,31.5,2588.0,COLD
2023-06-29 10:07:00,31.49,31.51,31.475,31.49,6723.0,COLD
2023-06-29 10:06:00,31.51,31.52,31.495,31.495,5377.0,COLD
2023-06-29 10:05:00,31.485,31.52,31.485,31.51,2541.0,COLD
2023-06-29 10:04:00,31.51,31.51,31.483,31.485,2241.0,COLD
2023-06-29 10:02:00,31.5,31.51,31.495,31.51,7861.0,COLD
2023-06-29 10:01:00,31.53,31.53,31.49,31.5,4307.0,COLD
2023-06-29 10:00:00,31.575,31.58,31.56,31.56,6919.0,COLD
2023-06-29 09:59:00,31.59,31.65,31.58,31.58,8947.0,COLD
2023-06-29 09:58:00,31.55,31.59,31.525,31.59,3921.0,COLD
2023-06-29 09:57:00,31.54,31.56,31.54,31.55,2029.0,COLD
2023-06-29 09:56:00,31.555,31.555,31.55,31.55,1540.0,COLD
2023-06-29 09:55:00,31.55,31.55,31.54,31.54,1003.0,COLD
2023-06-29 09:54:00,31.56,31.56,31.54,31.55,1777.0,COLD
2023-06-29 09:53:00,31.565,31.57,31.565,31.57,604.0,COLD
2023-06-29 09:52:00,31.535,31.56,31.535,31.56,2560.0,COLD
2023-06-29 09:51:00,31.55,31.55,31.54,31.54,1265.0,COLD
2023-06-29 09:50:00,31.54,31.565,31.54,31.55,3906.0,COLD
2023-06-29 09:49:00,31.519,31.53,31.515,31.53,3345.0,COLD
2023-06-29 09:48:00,31.51,31.52,31.5,31.51,3424.0,COLD
2023-06-29 09:47:00,31.5,31.51,31.49,31.5,3064.0,COLD
2023-06-29 09:46:00,31.52,31.52,31.49,31.495,926.0,COLD
2023-06-29 09:45:00,31.57,31.57,31.505,31.505,2669.0,COLD
2023-06-29 09:44:00,31.615,31.615,31.575,31.58,3624.0,COLD
2023-06-29 09:43:00,31.61,31.61,31.59,31.61,1308.0,COLD
2023-06-29 09:42:00,31.59,31.6,31.59,31.595,1168.0,COLD
2023-06-29 09:41:00,31.57,31.59,31.57,31.59,1310.0,COLD
2023-06-29 09:40:00,31.475,31.56,31.475,31.56,2066.0,COLD
2023-06-29 09:39:00,31.425,31.48,31.425,31.48,1205.0,COLD
2023-06-29 09:38:00,31.455,31.48,31.42,31.425,2584.0,COLD
2023-06-29 09:37:00,31.39,31.42,31.39,31.42,1115.0,COLD
2023-06-29 09:36:00,31.39,31.405,31.385,31.39,2334.0,COLD
2023-06-29 09:35:00,31.43,31.43,31.4,31.4,1797.0,COLD
2023-06-29 09:34:00,31.41,31.43,31.38,31.4,2480.0,COLD
2023-06-29 09:33:00,31.46,31.46,31.41,31.433,829.0,COLD
2023-06-29 09:32:00,31.41,31.41,31.41,31.41,185.0,COLD
2023-06-29 09:31:00,31.41,31.41,31.365,31.365,1035.0,COLD
2023-06-29 09:30:00,31.42,31.54,31.42,31.54,9583.0,COLD
2023-06-29 08:07:00,32.33,32.33,32.33,32.33,15.0,COLD
2023-06-29 04:00:00,32.48,32.48,32.48,32.48,5.0,COLD
2023-06-28 19:00:00,31.487,31.487,31.487,31.487,248846.0,COLD
2023-06-28 18:30:00,31.487,31.487,31.487,31.487,248846.0,COLD
2023-06-28 17:49:00,31.238,31.238,31.238,31.238,10.0,COLD
2023-06-28 16:15:00,31.288,31.288,31.288,31.288,5.0,COLD
2023-06-28 16:13:00,31.487,31.487,31.487,31.487,761.0,COLD
2023-06-28 16:10:00,31.487,31.487,31.139,31.139,248847.0,COLD
2023-06-28 16:08:00,30.862,30.862,30.862,30.862,1.0,COLD
2023-06-28 16:07:00,31.487,31.487,31.487,31.487,72200.0,COLD
2023-06-28 16:02:00,31.487,31.487,31.487,31.487,70.0,COLD
2023-06-28 16:01:00,31.487,31.487,31.487,31.487,5568.0,COLD
2023-06-28 16:00:00,31.487,31.487,31.487,31.487,518149.0,COLD
2023-06-28 15:59:00,31.467,31.497,31.462,31.487,71694.0,COLD
2023-06-28 15:58:00,31.417,31.467,31.407,31.462,45768.0,COLD
2023-06-28 15:57:00,31.427,31.427,31.392,31.407,39122.0,COLD
2023-06-28 15:56:00,31.432,31.437,31.412,31.427,38511.0,COLD
2023-06-28 15:55:00,31.387,31.432,31.377,31.432,40155.0,COLD
2023-06-28 15:54:00,31.397,31.402,31.387,31.39,35107.0,COLD
2023-06-28 15:53:00,31.387,31.397,31.387,31.397,11195.0,COLD
2023-06-28 15:52:00,31.392,31.397,31.377,31.387,21725.0,COLD
2023-06-28 15:51:00,31.387,31.397,31.387,31.392,8231.0,COLD
2023-06-28 15:50:00,31.377,31.392,31.363,31.392,7603.0,COLD
2023-06-28 15:49:00,31.373,31.382,31.373,31.382,6528.0,COLD
2023-06-28 15:48:00,31.387,31.392,31.363,31.373,17229.0,COLD
2023-06-28 15:47:00,31.382,31.392,31.382,31.392,4091.0,COLD
2023-06-28 15:46:00,31.382,31.392,31.382,31.387,4883.0,COLD
2023-06-28 15:45:00,31.382,31.382,31.382,31.382,1109.0,COLD
2023-06-28 15:44:00,31.382,31.387,31.382,31.382,3570.0,COLD
2023-06-28 15:43:00,31.382,31.392,31.382,31.382,2724.0,COLD
2023-06-28 15:42:00,31.392,31.407,31.377,31.382,14980.0,COLD
2023-06-28 15:41:00,31.402,31.402,31.387,31.392,4101.0,COLD
2023-06-28 15:40:00,31.387,31.402,31.387,31.397,2312.0,COLD
2023-06-28 15:39:00,31.412,31.412,31.392,31.392,3448.0,COLD
2023-06-28 15:38:00,31.402,31.408,31.397,31.407,5174.0,COLD
2023-06-28 15:37:00,31.392,31.407,31.392,31.407,19221.0,COLD
2023-06-28 15:36:00,31.412,31.412,31.387,31.397,28904.0,COLD
2023-06-28 15:35:00,31.392,31.422,31.392,31.407,6856.0,COLD
2023-06-28 15:34:00,31.392,31.397,31.392,31.392,3129.0,COLD
2023-06-28 15:33:00,31.39,31.392,31.39,31.392,425.0,COLD
2023-06-28 15:32:00,31.392,31.392,31.387,31.387,1048.0,COLD
2023-06-28 15:31:00,31.402,31.407,31.397,31.397,2599.0,COLD
2023-06-28 15:30:00,31.412,31.422,31.402,31.402,4488.0,COLD
2023-06-28 15:29:00,31.412,31.427,31.412,31.417,2772.0,COLD
2023-06-28 15:28:00,31.397,31.427,31.397,31.412,13601.0,COLD
2023-06-28 15:27:00,31.387,31.392,31.377,31.392,4613.0,COLD
2023-06-28 15:26:00,31.343,31.397,31.343,31.392,11790.0,COLD
2023-06-28 15:25:00,31.353,31.363,31.348,31.348,3360.0,COLD
2023-06-28 15:24:00,31.358,31.358,31.348,31.358,3954.0,COLD
2023-06-28 15:23:00,31.373,31.382,31.368,31.368,4942.0,COLD
2023-06-28 15:22:00,31.377,31.377,31.363,31.368,1730.0,COLD
2023-06-28 15:21:00,31.392,31.397,31.382,31.382,14821.0,COLD
2023-06-28 15:20:00,31.397,31.402,31.392,31.392,3093.0,COLD
2023-06-28 15:19:00,31.397,31.397,31.397,31.397,984.0,COLD
2023-06-28 15:18:00,31.382,31.387,31.382,31.387,3188.0,COLD
2023-06-28 15:17:00,31.358,31.387,31.348,31.382,8458.0,COLD
2023-06-28 15:16:00,31.412,31.412,31.368,31.368,3955.0,COLD
2023-06-28 15:15:00,31.397,31.417,31.387,31.417,113321.0,COLD
2023-06-28 15:14:00,31.397,31.397,31.397,31.397,505.0,COLD
2023-06-28 15:13:00,31.392,31.397,31.392,31.392,1006.0,COLD
2023-06-28 15:12:00,31.368,31.392,31.368,31.392,2004.0,COLD
2023-06-28 15:11:00,31.323,31.348,31.323,31.348,7675.0,COLD
2023-06-28 15:10:00,31.328,31.328,31.323,31.323,2927.0,COLD
2023-06-28 15:09:00,31.318,31.328,31.318,31.323,3727.0,COLD
2023-06-28 15:08:00,31.323,31.328,31.318,31.323,3272.0,COLD
2023-06-28 15:07:00,31.353,31.353,31.328,31.328,2754.0,COLD
2023-06-28 15:06:00,31.353,31.353,31.348,31.348,426.0,COLD
2023-06-28 15:05:00,31.348,31.358,31.343,31.353,6550.0,COLD
2023-06-28 15:04:00,31.358,31.363,31.353,31.353,2121.0,COLD
2023-06-28 15:03:00,31.368,31.368,31.358,31.363,1568.0,COLD
2023-06-28 15:02:00,31.368,31.377,31.363,31.377,1751.0,COLD
2023-06-28 15:01:00,31.358,31.368,31.358,31.368,2871.0,COLD
2023-06-28 15:00:00,31.348,31.358,31.343,31.358,3095.0,COLD
2023-06-28 14:59:00,31.338,31.348,31.338,31.348,665.0,COLD
2023-06-28 14:58:00,31.338,31.348,31.338,31.348,815.0,COLD
2023-06-28 14:56:00,31.348,31.358,31.348,31.348,5088.0,COLD
2023-06-28 14:55:00,31.343,31.348,31.338,31.343,2172.0,COLD
2023-06-28 14:54:00,31.343,31.348,31.343,31.348,901.0,COLD
2023-06-28 14:53:00,31.333,31.348,31.333,31.348,2720.0,COLD
2023-06-28 14:52:00,31.328,31.338,31.328,31.333,1503.0,COLD
2023-06-28 14:51:00,31.328,31.328,31.319,31.319,1856.0,COLD
2023-06-28 14:50:00,31.318,31.328,31.318,31.323,1081.0,COLD
2023-06-28 14:49:00,31.318,31.323,31.318,31.323,1718.0,COLD
2023-06-28 14:48:00,31.333,31.333,31.318,31.323,1560.0,COLD
2023-06-28 14:47:00,31.338,31.348,31.333,31.338,2278.0,COLD
2023-06-28 14:46:00,31.338,31.348,31.333,31.348,3908.0,COLD
2023-06-28 14:45:00,31.348,31.348,31.338,31.338,3013.0,COLD
2023-06-28 14:44:00,31.348,31.348,31.333,31.338,3276.0,COLD
2023-06-28 14:43:00,31.348,31.348,31.348,31.348,1165.0,COLD
2023-06-28 14:42:00,31.338,31.338,31.338,31.338,300.0,COLD
2023-06-28 14:41:00,31.333,31.348,31.333,31.348,3181.0,COLD
2023-06-28 14:40:00,31.338,31.343,31.333,31.333,1004.0,COLD
2023-06-28 14:39:00,31.338,31.338,31.338,31.338,181.0,COLD
2023-06-28 14:38:00,31.358,31.363,31.343,31.343,4495.0,COLD
2023-06-28 14:37:00,31.358,31.363,31.358,31.363,1041.0,COLD
2023-06-28 14:36:00,31.363,31.363,31.358,31.363,850.0,COLD
2023-06-28 14:35:00,31.358,31.358,31.358,31.358,193.0,COLD
2023-06-28 14:34:00,31.363,31.368,31.358,31.363,716.0,COLD
2023-06-28 14:33:00,31.363,31.363,31.358,31.363,958.0,COLD
2023-06-28 14:32:00,31.368,31.373,31.368,31.368,884.0,COLD
2023-06-28 14:31:00,31.382,31.382,31.368,31.368,1142.0,COLD
2023-06-28 14:29:00,31.368,31.382,31.368,31.382,3045.0,COLD
2023-06-28 14:28:00,31.412,31.427,31.373,31.373,5965.0,COLD
2023-06-28 14:27:00,31.427,31.427,31.407,31.407,2589.0,COLD
2023-06-28 14:26:00,31.437,31.437,31.427,31.432,926.0,COLD
2023-06-28 14:25:00,31.437,31.437,31.427,31.432,2545.0,COLD
2023-06-28 14:24:00,31.457,31.457,31.438,31.442,1100.0,COLD
2023-06-28 14:22:00,31.472,31.472,31.462,31.462,1073.0,COLD
2023-06-28 14:21:00,31.477,31.477,31.467,31.468,1189.0,COLD
2023-06-28 14:20:00,31.482,31.487,31.467,31.467,1327.0,COLD
2023-06-28 14:19:00,31.487,31.487,31.487,31.487,1503.0,COLD
2023-06-28 14:18:00,31.487,31.487,31.479,31.479,1861.0,COLD
2023-06-28 14:17:00,31.492,31.492,31.492,31.492,103.0,COLD
2023-06-28 14:16:00,31.497,31.497,31.497,31.497,2034.0,COLD
2023-06-28 14:15:00,31.502,31.502,31.497,31.498,2681.0,COLD
2023-06-28 14:14:00,31.507,31.507,31.507,31.507,341.0,COLD
2023-06-28 14:13:00,31.507,31.507,31.507,31.507,155.0,COLD
2023-06-28 14:12:00,31.497,31.502,31.497,31.502,1114.0,COLD
2023-06-28 14:11:00,31.487,31.497,31.482,31.497,1587.0,COLD
2023-06-28 14:10:00,31.462,31.467,31.457,31.467,865.0,COLD
2023-06-28 14:09:00,31.452,31.457,31.452,31.457,688.0,COLD
2023-06-28 14:08:00,31.437,31.457,31.437,31.457,1749.0,COLD
2023-06-28 14:07:00,31.457,31.457,31.447,31.447,1328.0,COLD
2023-06-28 14:06:00,31.477,31.477,31.467,31.467,1587.0,COLD
2023-06-28 14:05:00,31.467,31.477,31.467,31.477,1518.0,COLD
2023-06-28 14:04:00,31.467,31.467,31.447,31.457,2034.0,COLD
2023-06-28 14:03:00,31.447,31.457,31.447,31.457,1258.0,COLD
2023-06-28 14:02:00,31.447,31.457,31.447,31.457,1252.0,COLD
2023-06-28 14:01:00,31.427,31.447,31.427,31.447,921.0,COLD
2023-06-28 14:00:00,31.412,31.412,31.412,31.412,184.0,COLD
2023-06-28 13:59:00,31.407,31.427,31.407,31.417,2084.0,COLD
2023-06-28 13:58:00,31.387,31.402,31.387,31.402,1673.0,COLD
2023-06-28 13:57:00,31.417,31.417,31.392,31.392,2029.0,COLD
2023-06-28 13:56:00,31.422,31.422,31.422,31.422,448.0,COLD
2023-06-28 13:55:00,31.407,31.427,31.407,31.427,1847.0,COLD
2023-06-28 13:54:00,31.402,31.407,31.402,31.407,834.0,COLD
2023-06-28 13:51:00,31.407,31.407,31.402,31.402,690.0,COLD
2023-06-28 13:50:00,31.407,31.407,31.407,31.407,1128.0,COLD
2023-06-28 13:49:00,31.412,31.417,31.407,31.407,1737.0,COLD
2023-06-28 13:48:00,31.427,31.427,31.407,31.407,1903.0,COLD
2023-06-28 13:46:00,31.432,31.437,31.432,31.437,405.0,COLD
2023-06-28 13:45:00,31.442,31.442,31.437,31.437,1111.0,COLD
2023-06-28 13:44:00,31.437,31.442,31.437,31.442,2311.0,COLD
2023-06-28 13:43:00,31.427,31.427,31.427,31.427,655.0,COLD
2023-06-28 13:42:00,31.422,31.427,31.417,31.427,1522.0,COLD
2023-06-28 13:41:00,31.447,31.447,31.417,31.417,2579.0,COLD
2023-06-28 13:40:00,31.487,31.487,31.447,31.447,2605.0,COLD
2023-06-28 13:39:00,31.497,31.497,31.487,31.487,2593.0,COLD
2023-06-28 13:38:00,31.487,31.492,31.487,31.492,1109.0,COLD
2023-06-28 13:37:00,31.487,31.497,31.487,31.492,2648.0,COLD
2023-06-28 13:36:00,31.487,31.492,31.479,31.479,986.0,COLD
2023-06-28 13:35:00,31.487,31.497,31.487,31.497,617.0,COLD
2023-06-28 13:34:00,31.507,31.507,31.497,31.497,1551.0,COLD
2023-06-28 13:33:00,31.517,31.517,31.497,31.497,749.0,COLD
2023-06-28 13:32:00,31.546,31.546,31.517,31.517,1835.0,COLD
2023-06-28 13:31:00,31.561,31.561,31.546,31.546,1291.0,COLD
2023-06-28 13:30:00,31.571,31.571,31.566,31.566,816.0,COLD
2023-06-28 13:29:00,31.566,31.571,31.561,31.571,1799.0,COLD
2023-06-28 13:28:00,31.586,31.586,31.576,31.576,1427.0,COLD
2023-06-28 13:27:00,31.601,31.606,31.586,31.586,3055.0,COLD
2023-06-28 13:26:00,31.601,31.606,31.601,31.606,641.0,COLD
2023-06-28 13:25:00,31.601,31.606,31.596,31.606,600.0,COLD
2023-06-28 13:24:00,31.591,31.601,31.591,31.601,1398.0,COLD
2023-06-28 13:23:00,31.587,31.596,31.587,31.591,860.0,COLD
2023-06-28 13:22:00,31.586,31.591,31.586,31.591,1499.0,COLD
2023-06-28 13:21:00,31.581,31.581,31.576,31.576,245.0,COLD
2023-06-28 13:20:00,31.586,31.586,31.576,31.581,1217.0,COLD
2023-06-28 13:18:00,31.576,31.586,31.571,31.586,942.0,COLD
2023-06-28 13:17:00,31.576,31.576,31.571,31.571,1360.0,COLD
2023-06-28 13:16:00,31.591,31.591,31.586,31.586,1209.0,COLD
2023-06-28 13:15:00,31.581,31.586,31.581,31.586,2515.0,COLD
2023-06-28 13:14:00,31.581,31.581,31.581,31.581,256.0,COLD
2023-06-28 13:12:00,31.596,31.596,31.576,31.576,1354.0,COLD
2023-06-28 13:11:00,31.561,31.576,31.561,31.576,1804.0,COLD
2023-06-28 13:10:00,31.556,31.561,31.551,31.561,2996.0,COLD
2023-06-28 13:09:00,31.586,31.586,31.546,31.546,8152.0,COLD
2023-06-28 13:08:00,31.596,31.596,31.591,31.591,1168.0,COLD
2023-06-28 13:07:00,31.601,31.601,31.601,31.601,303.0,COLD
2023-06-28 13:06:00,31.601,31.601,31.601,31.601,379.0,COLD
2023-06-28 13:05:00,31.596,31.606,31.596,31.606,1113.0,COLD
2023-06-28 13:04:00,31.601,31.601,31.591,31.591,794.0,COLD
2023-06-28 13:03:00,31.596,31.616,31.596,31.606,1551.0,COLD
2023-06-28 13:02:00,31.601,31.601,31.586,31.586,703.0,COLD
2023-06-28 13:01:00,31.601,31.626,31.596,31.596,2887.0,COLD
2023-06-28 13:00:00,31.616,31.616,31.601,31.601,2171.0,COLD
2023-06-28 12:59:00,31.606,31.606,31.606,31.606,598.0,COLD
2023-06-28 12:58:00,31.611,31.611,31.601,31.606,795.0,COLD
2023-06-28 12:57:00,31.596,31.611,31.596,31.611,1583.0,COLD
2023-06-28 12:56:00,31.596,31.596,31.586,31.591,489.0,COLD
2023-06-28 12:55:00,31.606,31.606,31.586,31.601,1587.0,COLD
2023-06-28 12:54:00,31.601,31.611,31.601,31.611,557.0,COLD
2023-06-28 12:53:00,31.626,31.626,31.606,31.606,2516.0,COLD
2023-06-28 12:52:00,31.666,31.67,31.636,31.636,1624.0,COLD
2023-06-28 12:51:00,31.656,31.661,31.656,31.661,436.0,COLD
2023-06-28 12:50:00,31.656,31.666,31.641,31.646,1794.0,COLD
2023-06-28 12:49:00,31.705,31.705,31.666,31.666,1833.0,COLD
2023-06-28 12:48:00,31.695,31.695,31.695,31.695,1015.0,COLD
2023-06-28 12:47:00,31.695,31.72,31.695,31.695,2818.0,COLD
2023-06-28 12:46:00,31.71,31.71,31.69,31.69,4497.0,COLD
2023-06-28 12:45:00,31.705,31.71,31.705,31.71,377.0,COLD
2023-06-28 12:44:00,31.72,31.72,31.69,31.705,8565.0,COLD
2023-06-28 12:43:00,31.725,31.725,31.715,31.715,1289.0,COLD
2023-06-28 12:42:00,31.735,31.735,31.72,31.73,10266.0,COLD
2023-06-28 12:41:00,31.735,31.735,31.735,31.735,887.0,COLD
2023-06-28 12:40:00,31.725,31.745,31.72,31.735,12030.0,COLD
2023-06-28 12:39:00,31.735,31.735,31.73,31.735,2463.0,COLD
2023-06-28 12:38:00,31.755,31.755,31.745,31.745,2325.0,COLD
2023-06-28 12:37:00,31.745,31.755,31.745,31.746,1350.0,COLD
2023-06-28 12:36:00,31.785,31.785,31.755,31.755,1890.0,COLD
2023-06-28 12:35:00,31.775,31.775,31.775,31.775,419.0,COLD
2023-06-28 12:34:00,31.745,31.775,31.745,31.774,5347.0,COLD
2023-06-28 12:33:00,31.715,31.755,31.715,31.745,11532.0,COLD
2023-06-28 12:32:00,31.715,31.72,31.715,31.715,29056.0,COLD
2023-06-28 12:31:00,31.715,31.725,31.715,31.715,3944.0,COLD
2023-06-28 12:30:00,31.712,31.715,31.7,31.705,2849.0,COLD
2023-06-28 12:28:00,31.705,31.715,31.705,31.715,347.0,COLD
2023-06-28 12:27:00,31.715,31.715,31.705,31.715,894.0,COLD
2023-06-28 12:26:00,31.735,31.735,31.72,31.725,3374.0,COLD
2023-06-28 12:25:00,31.72,31.725,31.715,31.725,1761.0,COLD
2023-06-28 12:24:00,31.695,31.725,31.695,31.72,1458.0,COLD
2023-06-28 12:23:00,31.656,31.685,31.656,31.685,1977.0,COLD
2023-06-28 12:22:00,31.68,31.68,31.661,31.661,2295.0,COLD
2023-06-28 12:21:00,31.685,31.685,31.68,31.68,598.0,COLD
2023-06-28 12:20:00,31.675,31.68,31.675,31.675,2243.0,COLD
2023-06-28 12:19:00,31.695,31.695,31.685,31.685,1898.0,COLD
2023-06-28 12:18:00,31.735,31.735,31.705,31.705,4433.0,COLD
2023-06-28 12:17:00,31.735,31.735,31.735,31.735,200.0,COLD
2023-06-28 12:16:00,31.735,31.735,31.725,31.735,3304.0,COLD
2023-06-28 12:15:00,31.735,31.736,31.735,31.735,6029.0,COLD
2023-06-28 12:14:00,31.735,31.735,31.735,31.735,227.0,COLD
2023-06-28 12:13:00,31.715,31.725,31.715,31.725,1635.0,COLD
2023-06-28 12:12:00,31.705,31.705,31.705,31.705,405.0,COLD
2023-06-28 12:11:00,31.685,31.705,31.685,31.705,5980.0,COLD
2023-06-28 12:10:00,31.685,31.686,31.685,31.686,8486.0,COLD
2023-06-28 12:09:00,31.685,31.685,31.685,31.685,648.0,COLD
2023-06-28 12:08:00,31.675,31.686,31.675,31.675,6881.0,COLD
2023-06-28 12:06:00,31.68,31.68,31.68,31.68,191.0,COLD
2023-06-28 12:04:00,31.67,31.685,31.67,31.675,3398.0,COLD
2023-06-28 12:03:00,31.675,31.675,31.666,31.666,3282.0,COLD
2023-06-28 12:02:00,31.68,31.68,31.68,31.68,364.0,COLD
2023-06-28 12:01:00,31.68,31.68,31.68,31.68,142.0,COLD
2023-06-28 12:00:00,31.666,31.666,31.666,31.666,660.0,COLD
2023-06-28 11:59:00,31.631,31.646,31.631,31.646,1241.0,COLD
2023-06-28 11:58:00,31.636,31.636,31.636,31.636,574.0,COLD
2023-06-28 11:56:00,31.641,31.641,31.636,31.636,551.0,COLD
2023-06-28 11:55:00,31.636,31.636,31.636,31.636,193.0,COLD
2023-06-28 11:54:00,31.636,31.636,31.636,31.636,405.0,COLD
2023-06-28 11:53:00,31.636,31.636,31.626,31.626,438.0,COLD
2023-06-28 11:52:00,31.661,31.661,31.646,31.646,1585.0,COLD
2023-06-28 11:51:00,31.666,31.666,31.666,31.666,490.0,COLD
2023-06-28 11:50:00,31.675,31.675,31.675,31.675,503.0,COLD
2023-06-28 11:49:00,31.656,31.666,31.656,31.666,424.0,COLD
2023-06-28 11:48:00,31.666,31.666,31.666,31.666,459.0,COLD
2023-06-28 11:47:00,31.675,31.675,31.666,31.666,1086.0,COLD
2023-06-28 11:46:00,31.656,31.675,31.656,31.675,908.0,COLD
2023-06-28 11:45:00,31.666,31.666,31.656,31.656,624.0,COLD
2023-06-28 11:44:00,31.68,31.68,31.675,31.675,1980.0,COLD
2023-06-28 11:43:00,31.675,31.675,31.675,31.675,363.0,COLD
2023-06-28 11:42:00,31.685,31.695,31.675,31.675,2010.0,COLD
2023-06-28 11:41:00,31.666,31.675,31.666,31.675,1345.0,COLD
2023-06-28 11:40:00,31.646,31.685,31.645,31.675,16088.0,COLD
2023-06-28 11:39:00,31.631,31.641,31.631,31.641,732.0,COLD
2023-06-28 11:38:00,31.646,31.646,31.626,31.626,2202.0,COLD
2023-06-28 11:37:00,31.646,31.646,31.641,31.641,598.0,COLD
2023-06-28 11:36:00,31.631,31.646,31.631,31.646,851.0,COLD
2023-06-28 11:35:00,31.631,31.636,31.631,31.636,350.0,COLD
2023-06-28 11:34:00,31.626,31.626,31.626,31.626,101.0,COLD
2023-06-28 11:33:00,31.626,31.631,31.625,31.625,2393.0,COLD
2023-06-28 11:32:00,31.606,31.621,31.596,31.621,5385.0,COLD
2023-06-28 11:31:00,31.607,31.616,31.606,31.611,1883.0,COLD
2023-06-28 11:30:00,31.626,31.626,31.611,31.611,1784.0,COLD
2023-06-28 11:29:00,31.616,31.626,31.616,31.616,514.0,COLD
2023-06-28 11:28:00,31.606,31.626,31.606,31.616,1442.0,COLD
2023-06-28 11:27:00,31.591,31.596,31.591,31.596,647.0,COLD
2023-06-28 11:26:00,31.586,31.586,31.586,31.586,552.0,COLD
2023-06-28 11:25:00,31.556,31.566,31.556,31.566,7819.0,COLD
2023-06-28 11:24:00,31.546,31.566,31.536,31.556,2558.0,COLD
2023-06-28 11:23:00,31.497,31.546,31.492,31.546,2585.0,COLD
2023-06-28 11:22:00,31.517,31.517,31.507,31.507,1858.0,COLD
2023-06-28 11:21:00,31.507,31.517,31.507,31.517,1088.0,COLD
2023-06-28 11:20:00,31.487,31.507,31.487,31.507,1983.0,COLD
2023-06-28 11:19:00,31.475,31.487,31.467,31.487,2613.0,COLD
2023-06-28 11:18:00,31.457,31.467,31.452,31.462,5341.0,COLD
2023-06-28 11:17:00,31.457,31.457,31.447,31.452,577.0,COLD
2023-06-28 11:16:00,31.457,31.457,31.447,31.457,1844.0,COLD
2023-06-28 11:15:00,31.462,31.467,31.457,31.457,2530.0,COLD
2023-06-28 11:14:00,31.477,31.477,31.467,31.472,3024.0,COLD
2023-06-28 11:13:00,31.497,31.497,31.472,31.472,2365.0,COLD
2023-06-28 11:12:00,31.507,31.507,31.497,31.502,753.0,COLD
2023-06-28 11:11:00,31.517,31.517,31.517,31.517,111.0,COLD
2023-06-28 11:10:00,31.497,31.497,31.497,31.497,934.0,COLD
2023-06-28 11:09:00,31.457,31.477,31.457,31.477,1309.0,COLD
2023-06-28 11:08:00,31.477,31.477,31.457,31.457,3480.0,COLD
2023-06-28 11:07:00,31.477,31.477,31.472,31.472,2046.0,COLD
2023-06-28 11:06:00,31.477,31.477,31.477,31.477,239.0,COLD
2023-06-28 11:05:00,31.467,31.477,31.457,31.477,2335.0,COLD
2023-06-28 11:04:00,31.447,31.447,31.447,31.447,1231.0,COLD
2023-06-28 11:03:00,31.437,31.467,31.437,31.467,1776.0,COLD
2023-06-28 11:02:00,31.402,31.427,31.402,31.427,2145.0,COLD
2023-06-28 11:01:00,31.397,31.407,31.387,31.407,3411.0,COLD
2023-06-28 11:00:00,31.387,31.407,31.387,31.407,2332.0,COLD
2023-06-28 10:59:00,31.368,31.397,31.368,31.377,5266.0,COLD
2023-06-28 10:58:00,31.358,31.368,31.358,31.368,759.0,COLD
2023-06-28 10:57:00,31.417,31.417,31.377,31.377,7024.0,COLD
2023-06-28 10:56:00,31.417,31.422,31.417,31.422,1331.0,COLD
2023-06-28 10:55:00,31.407,31.412,31.407,31.407,589.0,COLD
2023-06-28 10:54:00,31.427,31.427,31.417,31.417,702.0,COLD
2023-06-28 10:53:00,31.437,31.437,31.437,31.437,205.0,COLD
2023-06-28 10:52:00,31.457,31.457,31.432,31.432,2200.0,COLD
2023-06-28 10:51:00,31.487,31.487,31.467,31.467,1513.0,COLD
2023-06-28 10:50:00,31.487,31.498,31.487,31.492,2209.0,COLD
2023-06-28 10:49:00,31.457,31.482,31.457,31.482,3018.0,COLD
2023-06-28 10:48:00,31.467,31.467,31.462,31.462,404.0,COLD
2023-06-28 10:47:00,31.462,31.462,31.462,31.462,206.0,COLD
2023-06-28 10:46:00,31.477,31.477,31.462,31.462,435.0,COLD
2023-06-28 10:45:00,31.487,31.487,31.477,31.477,768.0,COLD
2023-06-28 10:44:00,31.517,31.517,31.507,31.507,2086.0,COLD
2023-06-28 10:43:00,31.556,31.556,31.526,31.526,1608.0,COLD
2023-06-28 10:42:00,31.556,31.556,31.556,31.556,1123.0,COLD
2023-06-28 10:41:00,31.556,31.576,31.556,31.566,1265.0,COLD
2023-06-28 10:40:00,31.536,31.556,31.536,31.546,2809.0,COLD
2023-06-28 10:39:00,31.546,31.546,31.536,31.536,1905.0,COLD
2023-06-28 10:38:00,31.546,31.566,31.546,31.556,1617.0,COLD
2023-06-28 10:37:00,31.536,31.536,31.536,31.536,296.0,COLD
2023-06-28 10:36:00,31.526,31.536,31.526,31.536,478.0,COLD
2023-06-28 10:35:00,31.507,31.526,31.507,31.517,769.0,COLD
2023-06-28 10:34:00,31.497,31.497,31.497,31.497,206.0,COLD
2023-06-28 10:33:00,31.497,31.497,31.477,31.477,988.0,COLD
2023-06-28 10:32:00,31.477,31.497,31.467,31.497,3614.0,COLD
2023-06-28 10:31:00,31.487,31.487,31.487,31.487,127.0,COLD
2023-06-28 10:30:00,31.497,31.497,31.497,31.497,383.0,COLD
2023-06-28 10:29:00,31.457,31.477,31.457,31.477,1628.0,COLD
2023-06-28 10:28:00,31.477,31.487,31.467,31.467,1856.0,COLD
2023-06-28 10:27:00,31.467,31.477,31.467,31.477,500.0,COLD
2023-06-28 10:25:00,31.487,31.487,31.477,31.477,1068.0,COLD
2023-06-28 10:24:00,31.467,31.467,31.452,31.457,686.0,COLD
2023-06-28 10:23:00,31.477,31.507,31.477,31.477,3272.0,COLD
2023-06-28 10:22:00,31.457,31.457,31.457,31.457,482.0,COLD
2023-06-28 10:21:00,31.397,31.427,31.397,31.427,2947.0,COLD
2023-06-28 10:20:00,31.397,31.397,31.397,31.397,420.0,COLD
2023-06-28 10:19:00,31.402,31.402,31.397,31.397,760.0,COLD
2023-06-28 10:18:00,31.377,31.407,31.377,31.407,1365.0,COLD
2023-06-28 10:17:00,31.387,31.387,31.377,31.377,435.0,COLD
2023-06-28 10:16:00,31.377,31.397,31.377,31.397,1503.0,COLD
2023-06-28 10:15:00,31.387,31.395,31.368,31.368,2281.0,COLD
2023-06-28 10:14:00,31.397,31.407,31.387,31.392,2029.0,COLD
2023-06-28 10:13:00,31.407,31.417,31.397,31.402,1206.0,COLD
2023-06-28 10:12:00,31.417,31.417,31.407,31.407,984.0,COLD
2023-06-28 10:11:00,31.467,31.467,31.427,31.437,1462.0,COLD
2023-06-28 10:10:00,31.467,31.477,31.457,31.467,5164.0,COLD
2023-06-28 10:09:00,31.467,31.467,31.467,31.467,314.0,COLD
2023-06-28 10:08:00,31.502,31.502,31.467,31.472,748.0,COLD
2023-06-28 10:07:00,31.499,31.517,31.499,31.517,2141.0,COLD
2023-06-28 10:06:00,31.497,31.507,31.487,31.507,922.0,COLD
2023-06-28 10:05:00,31.512,31.514,31.512,31.514,215.0,COLD
2023-06-28 10:04:00,31.517,31.517,31.512,31.512,613.0,COLD
2023-06-28 10:03:00,31.536,31.536,31.536,31.536,230.0,COLD
2023-06-28 10:02:00,31.536,31.556,31.536,31.556,1270.0,COLD
2023-06-28 10:01:00,31.526,31.536,31.517,31.536,411.0,COLD
2023-06-28 10:00:00,31.526,31.536,31.517,31.536,1431.0,COLD
2023-06-28 09:59:00,31.497,31.507,31.497,31.507,571.0,COLD
2023-06-28 09:58:00,31.507,31.507,31.497,31.497,1422.0,COLD
2023-06-28 09:57:00,31.507,31.507,31.507,31.507,221.0,COLD
2023-06-28 09:56:00,31.507,31.517,31.497,31.517,1805.0,COLD
2023-06-28 09:55:00,31.457,31.497,31.457,31.497,2120.0,COLD
2023-06-28 09:54:00,31.437,31.447,31.437,31.447,1111.0,COLD
2023-06-28 09:53:00,31.417,31.417,31.417,31.417,361.0,COLD
2023-06-28 09:52:00,31.397,31.397,31.397,31.397,339.0,COLD
2023-06-28 09:51:00,31.353,31.387,31.353,31.387,1669.0,COLD
2023-06-28 09:49:00,31.348,31.348,31.338,31.338,361.0,COLD
2023-06-28 09:48:00,31.397,31.397,31.377,31.377,975.0,COLD
2023-06-28 09:47:00,31.368,31.407,31.368,31.407,3775.0,COLD
2023-06-28 09:46:00,31.377,31.377,31.368,31.368,1157.0,COLD
2023-06-28 09:45:00,31.407,31.417,31.397,31.397,1295.0,COLD
2023-06-28 09:43:00,31.397,31.397,31.397,31.397,100.0,COLD
2023-06-28 09:42:00,31.387,31.397,31.377,31.377,1079.0,COLD
2023-06-28 09:41:00,31.368,31.377,31.368,31.377,1402.0,COLD
2023-06-28 09:40:00,31.318,31.318,31.318,31.318,294.0,COLD
2023-06-28 09:37:00,31.373,31.427,31.373,31.427,317.0,COLD
2023-06-28 09:36:00,31.402,31.437,31.402,31.437,772.0,COLD
2023-06-28 09:35:00,31.427,31.427,31.387,31.387,348.0,COLD
2023-06-28 09:34:00,31.517,31.517,31.517,31.517,599.0,COLD
2023-06-28 09:33:00,31.561,31.561,31.561,31.561,710.0,COLD
2023-06-28 09:32:00,31.656,31.656,31.556,31.556,5843.0,COLD
2023-06-28 09:30:00,31.715,31.815,31.666,31.666,23235.0,COLD
2023-06-28 09:29:00,31.775,31.824,31.675,31.824,1172.0,COLD
2023-06-27 19:00:00,31.576,31.576,31.576,31.576,139716.0,COLD
2023-06-27 18:30:00,31.576,31.576,31.576,31.576,139716.0,COLD
2023-06-27 16:20:00,31.576,31.576,31.576,31.576,516.0,COLD
2023-06-27 16:13:00,31.576,31.576,31.576,31.576,4965.0,COLD
2023-06-27 16:10:00,31.576,31.576,31.576,31.576,139716.0,COLD
2023-06-27 16:08:00,31.238,31.238,31.238,31.238,1.0,COLD
2023-06-27 16:07:00,31.576,31.576,31.576,31.576,1268.0,COLD
2023-06-27 16:02:00,31.576,31.576,31.576,31.576,5699.0,COLD
2023-06-27 16:01:00,31.576,31.576,31.576,31.576,12861.0,COLD
2023-06-27 16:00:00,31.576,31.581,31.576,31.576,329427.0,COLD
2023-06-27 15:59:00,31.586,31.596,31.576,31.576,36178.0,COLD
2023-06-27 15:58:00,31.601,31.606,31.586,31.591,18426.0,COLD
2023-06-27 15:57:00,31.641,31.641,31.596,31.606,17452.0,COLD
2023-06-27 15:56:00,31.641,31.656,31.636,31.641,23083.0,COLD
2023-06-27 15:55:00,31.631,31.646,31.626,31.641,9582.0,COLD
2023-06-27 15:54:00,31.646,31.653,31.616,31.626,11633.0,COLD
2023-06-27 15:53:00,31.636,31.646,31.631,31.646,11559.0,COLD
2023-06-27 15:52:00,31.651,31.651,31.636,31.641,6097.0,COLD
2023-06-27 15:51:00,31.646,31.651,31.636,31.651,6241.0,COLD
2023-06-27 15:50:00,31.675,31.675,31.651,31.651,9581.0,COLD
2023-06-27 15:49:00,31.685,31.695,31.68,31.685,5737.0,COLD
2023-06-27 15:48:00,31.675,31.685,31.67,31.685,3678.0,COLD
2023-06-27 15:47:00,31.666,31.675,31.666,31.675,7437.0,COLD
2023-06-27 15:46:00,31.656,31.661,31.646,31.661,2792.0,COLD
2023-06-27 15:45:00,31.626,31.651,31.621,31.651,8379.0,COLD
2023-06-27 15:44:00,31.616,31.636,31.616,31.626,5354.0,COLD
2023-06-27 15:43:00,31.616,31.626,31.616,31.621,988.0,COLD
2023-06-27 15:42:00,31.616,31.626,31.616,31.626,786.0,COLD
2023-06-27 15:41:00,31.621,31.621,31.621,31.621,645.0,COLD
2023-06-27 15:40:00,31.601,31.616,31.601,31.616,4967.0,COLD
2023-06-27 15:39:00,31.606,31.606,31.596,31.596,1236.0,COLD
2023-06-27 15:38:00,31.596,31.606,31.596,31.596,1780.0,COLD
2023-06-27 15:37:00,31.621,31.621,31.596,31.601,5016.0,COLD
2023-06-27 15:36:00,31.626,31.626,31.626,31.626,226.0,COLD
2023-06-27 15:35:00,31.626,31.631,31.621,31.626,4328.0,COLD
2023-06-27 15:34:00,31.621,31.636,31.621,31.631,2926.0,COLD
2023-06-27 15:33:00,31.621,31.621,31.616,31.621,1898.0,COLD
2023-06-27 15:32:00,31.626,31.631,31.616,31.621,3538.0,COLD
2023-06-27 15:31:00,31.626,31.631,31.618,31.631,1405.0,COLD
2023-06-27 15:30:00,31.626,31.626,31.621,31.621,1744.0,COLD
2023-06-27 15:29:00,31.626,31.626,31.626,31.626,350.0,COLD
2023-06-27 15:28:00,31.606,31.616,31.606,31.616,4077.0,COLD
2023-06-27 15:27:00,31.596,31.606,31.596,31.602,3290.0,COLD
2023-06-27 15:26:00,31.576,31.596,31.576,31.591,754.0,COLD
2023-06-27 15:25:00,31.566,31.571,31.566,31.571,1711.0,COLD
2023-06-27 15:24:00,31.551,31.561,31.551,31.561,1447.0,COLD
2023-06-27 15:23:00,31.551,31.551,31.551,31.551,471.0,COLD
2023-06-27 15:22:00,31.561,31.561,31.546,31.551,4009.0,COLD
2023-06-27 15:21:00,31.561,31.566,31.561,31.566,815.0,COLD
2023-06-27 15:20:00,31.566,31.566,31.561,31.561,791.0,COLD
2023-06-27 15:19:00,31.571,31.571,31.556,31.556,4461.0,COLD
2023-06-27 15:18:00,31.561,31.576,31.561,31.576,3073.0,COLD
2023-06-27 15:17:00,31.561,31.565,31.556,31.561,2894.0,COLD
2023-06-27 15:16:00,31.566,31.566,31.559,31.559,485.0,COLD
2023-06-27 15:15:00,31.561,31.561,31.556,31.561,983.0,COLD
2023-06-27 15:14:00,31.561,31.561,31.556,31.561,2950.0,COLD
2023-06-27 15:13:00,31.566,31.571,31.561,31.561,2352.0,COLD
2023-06-27 15:12:00,31.571,31.576,31.566,31.566,3871.0,COLD
2023-06-27 15:11:00,31.571,31.576,31.571,31.571,1252.0,COLD
2023-06-27 15:10:00,31.571,31.576,31.571,31.571,1038.0,COLD
2023-06-27 15:09:00,31.571,31.571,31.566,31.566,760.0,COLD
2023-06-27 15:08:00,31.576,31.576,31.571,31.571,2544.0,COLD
2023-06-27 15:07:00,31.581,31.581,31.581,31.581,267.0,COLD
2023-06-27 15:06:00,31.576,31.586,31.571,31.581,4158.0,COLD
2023-06-27 15:05:00,31.581,31.581,31.581,31.581,129.0,COLD
2023-06-27 15:04:00,31.586,31.586,31.586,31.586,1294.0,COLD
2023-06-27 15:03:00,31.591,31.591,31.591,31.591,436.0,COLD
2023-06-27 15:02:00,31.591,31.591,31.591,31.591,211.0,COLD
2023-06-27 15:01:00,31.576,31.586,31.576,31.586,1459.0,COLD
2023-06-27 15:00:00,31.561,31.561,31.561,31.561,222.0,COLD
2023-06-27 14:59:00,31.566,31.571,31.566,31.566,1552.0,COLD
2023-06-27 14:58:00,31.566,31.571,31.566,31.566,2130.0,COLD
2023-06-27 14:57:00,31.571,31.571,31.566,31.571,1276.0,COLD
2023-06-27 14:56:00,31.571,31.571,31.569,31.569,519.0,COLD
2023-06-27 14:55:00,31.576,31.576,31.566,31.571,3479.0,COLD
2023-06-27 14:54:00,31.571,31.571,31.567,31.567,393.0,COLD
2023-06-27 14:53:00,31.571,31.576,31.566,31.576,2226.0,COLD
2023-06-27 14:52:00,31.576,31.576,31.566,31.569,2691.0,COLD
2023-06-27 14:50:00,31.581,31.581,31.581,31.581,1110.0,COLD
2023-06-27 14:49:00,31.581,31.581,31.581,31.581,198.0,COLD
2023-06-27 14:48:00,31.581,31.581,31.581,31.581,330.0,COLD
2023-06-27 14:46:00,31.571,31.581,31.571,31.576,1168.0,COLD
2023-06-27 14:45:00,31.571,31.571,31.571,31.571,359.0,COLD
2023-06-27 14:44:00,31.581,31.581,31.566,31.576,3131.0,COLD
2023-06-27 14:43:00,31.581,31.581,31.576,31.581,520.0,COLD
2023-06-27 14:42:00,31.576,31.576,31.576,31.576,263.0,COLD
2023-06-27 14:41:00,31.581,31.581,31.581,31.581,804.0,COLD
2023-06-27 14:40:00,31.581,31.581,31.581,31.581,247.0,COLD
2023-06-27 14:39:00,31.576,31.576,31.571,31.576,863.0,COLD
2023-06-27 14:38:00,31.591,31.591,31.576,31.576,2459.0,COLD
2023-06-27 14:37:00,31.576,31.591,31.576,31.591,1816.0,COLD
2023-06-27 14:36:00,31.571,31.571,31.571,31.571,216.0,COLD
2023-06-27 14:35:00,31.556,31.576,31.556,31.571,3366.0,COLD
2023-06-27 14:34:00,31.566,31.566,31.551,31.556,3375.0,COLD
2023-06-27 14:33:00,31.561,31.566,31.561,31.566,802.0,COLD
2023-06-27 14:32:00,31.556,31.561,31.556,31.561,943.0,COLD
2023-06-27 14:31:00,31.546,31.546,31.546,31.546,1467.0,COLD
2023-06-27 14:30:00,31.512,31.546,31.507,31.546,4394.0,COLD
2023-06-27 14:29:00,31.536,31.541,31.512,31.512,8949.0,COLD
2023-06-27 14:28:00,31.541,31.541,31.541,31.541,464.0,COLD
2023-06-27 14:27:00,31.546,31.546,31.546,31.546,2518.0,COLD
2023-06-27 14:26:00,31.541,31.546,31.536,31.546,1147.0,COLD
2023-06-27 14:25:00,31.571,31.571,31.546,31.546,1862.0,COLD
2023-06-27 14:24:00,31.571,31.571,31.571,31.571,1730.0,COLD
2023-06-27 14:22:00,31.556,31.571,31.556,31.571,1032.0,COLD
2023-06-27 14:21:00,31.556,31.561,31.556,31.561,1217.0,COLD
2023-06-27 14:20:00,31.556,31.556,31.556,31.556,266.0,COLD
2023-06-27 14:19:00,31.556,31.566,31.556,31.561,1923.0,COLD
2023-06-27 14:18:00,31.561,31.561,31.561,31.561,758.0,COLD
2023-06-27 14:16:00,31.551,31.561,31.551,31.561,1458.0,COLD
2023-06-27 14:14:00,31.551,31.551,31.551,31.551,433.0,COLD
2023-06-27 14:12:00,31.551,31.551,31.551,31.551,244.0,COLD
2023-06-27 14:11:00,31.546,31.546,31.546,31.546,839.0,COLD
2023-06-27 14:10:00,31.541,31.541,31.541,31.541,252.0,COLD
2023-06-27 14:09:00,31.536,31.541,31.536,31.536,1304.0,COLD
2023-06-27 14:08:00,31.526,31.546,31.526,31.541,2840.0,COLD
2023-06-27 14:07:00,31.517,31.517,31.517,31.517,872.0,COLD
2023-06-27 14:06:00,31.517,31.521,31.517,31.521,826.0,COLD
2023-06-27 14:05:00,31.517,31.526,31.517,31.526,666.0,COLD
2023-06-27 14:04:00,31.517,31.517,31.517,31.517,219.0,COLD
2023-06-27 14:03:00,31.521,31.526,31.521,31.521,1085.0,COLD
2023-06-27 14:02:00,31.526,31.526,31.517,31.517,1402.0,COLD
2023-06-27 14:01:00,31.546,31.546,31.531,31.531,1635.0,COLD
2023-06-27 14:00:00,31.556,31.556,31.546,31.546,548.0,COLD
2023-06-27 13:59:00,31.566,31.566,31.566,31.566,1042.0,COLD
2023-06-27 13:58:00,31.586,31.586,31.566,31.576,2347.0,COLD
2023-06-27 13:57:00,31.596,31.596,31.596,31.596,2389.0,COLD
2023-06-27 13:56:00,31.591,31.591,31.591,31.591,177.0,COLD
2023-06-27 13:52:00,31.586,31.596,31.576,31.596,1466.0,COLD
2023-06-27 13:51:00,31.586,31.586,31.586,31.586,1206.0,COLD
2023-06-27 13:49:00,31.576,31.586,31.576,31.586,1300.0,COLD
2023-06-27 13:48:00,31.566,31.571,31.566,31.571,1386.0,COLD
2023-06-27 13:47:00,31.596,31.601,31.566,31.566,4327.0,COLD
2023-06-27 13:46:00,31.601,31.606,31.601,31.606,1204.0,COLD
2023-06-27 13:45:00,31.591,31.596,31.591,31.596,2753.0,COLD
2023-06-27 13:43:00,31.586,31.596,31.586,31.596,953.0,COLD
2023-06-27 13:42:00,31.586,31.586,31.586,31.586,184.0,COLD
2023-06-27 13:41:00,31.596,31.596,31.596,31.596,3711.0,COLD
2023-06-27 13:39:00,31.586,31.586,31.586,31.586,524.0,COLD
2023-06-27 13:38:00,31.571,31.586,31.571,31.586,2471.0,COLD
2023-06-27 13:37:00,31.566,31.576,31.561,31.571,2900.0,COLD
2023-06-27 13:36:00,31.556,31.561,31.556,31.561,2272.0,COLD
2023-06-27 13:35:00,31.546,31.561,31.546,31.561,2544.0,COLD
2023-06-27 13:34:00,31.536,31.546,31.536,31.541,1519.0,COLD
2023-06-27 13:32:00,31.546,31.556,31.546,31.556,1539.0,COLD
2023-06-27 13:31:00,31.546,31.546,31.546,31.546,110.0,COLD
2023-06-27 13:28:00,31.531,31.556,31.531,31.556,3527.0,COLD
2023-06-27 13:27:00,31.536,31.536,31.536,31.536,583.0,COLD
2023-06-27 13:26:00,31.521,31.526,31.521,31.526,524.0,COLD
2023-06-27 13:24:00,31.531,31.531,31.521,31.521,1430.0,COLD
2023-06-27 13:23:00,31.536,31.536,31.536,31.536,425.0,COLD
2023-06-27 13:22:00,31.517,31.531,31.517,31.531,1455.0,COLD
2023-06-27 13:21:00,31.497,31.507,31.497,31.507,616.0,COLD
2023-06-27 13:20:00,31.497,31.497,31.497,31.497,201.0,COLD
2023-06-27 13:19:00,31.487,31.497,31.487,31.497,684.0,COLD
2023-06-27 13:18:00,31.504,31.504,31.477,31.477,1558.0,COLD
2023-06-27 13:17:00,31.526,31.536,31.507,31.507,5815.0,COLD
2023-06-27 13:16:00,31.576,31.576,31.521,31.531,90712.0,COLD
2023-06-27 13:15:00,31.576,31.581,31.576,31.581,987.0,COLD
2023-06-27 13:14:00,31.571,31.586,31.571,31.581,1278.0,COLD
2023-06-27 13:13:00,31.556,31.571,31.556,31.571,1385.0,COLD
2023-06-27 13:12:00,31.561,31.561,31.561,31.561,159.0,COLD
2023-06-27 13:11:00,31.541,31.576,31.541,31.571,5675.0,COLD
2023-06-27 13:10:00,31.541,31.546,31.536,31.546,2678.0,COLD
2023-06-27 13:09:00,31.541,31.546,31.541,31.541,777.0,COLD
2023-06-27 13:08:00,31.556,31.556,31.526,31.541,6349.0,COLD
2023-06-27 13:07:00,31.541,31.556,31.536,31.556,5536.0,COLD
2023-06-27 13:06:00,31.526,31.541,31.517,31.541,4170.0,COLD
2023-06-27 13:05:00,31.507,31.531,31.507,31.531,1751.0,COLD
2023-06-27 13:04:00,31.507,31.512,31.507,31.507,2112.0,COLD
2023-06-27 13:02:00,31.497,31.507,31.497,31.507,615.0,COLD
2023-06-27 13:01:00,31.497,31.507,31.497,31.497,2084.0,COLD
2023-06-27 12:59:00,31.487,31.497,31.487,31.497,277.0,COLD
2023-06-27 12:58:00,31.487,31.497,31.482,31.487,2224.0,COLD
2023-06-27 12:57:00,31.502,31.502,31.482,31.482,2078.0,COLD
2023-06-27 12:56:00,31.507,31.512,31.507,31.507,1333.0,COLD
2023-06-27 12:55:00,31.517,31.517,31.507,31.507,634.0,COLD
2023-06-27 12:54:00,31.526,31.526,31.517,31.52,1044.0,COLD
2023-06-27 12:53:00,31.517,31.526,31.517,31.526,2099.0,COLD
2023-06-27 12:52:00,31.526,31.526,31.517,31.517,309.0,COLD
2023-06-27 12:51:00,31.526,31.526,31.526,31.526,319.0,COLD
2023-06-27 12:50:00,31.566,31.566,31.546,31.546,1948.0,COLD
2023-06-27 12:49:00,31.546,31.576,31.546,31.576,1880.0,COLD
2023-06-27 12:48:00,31.546,31.546,31.541,31.541,609.0,COLD
2023-06-27 12:47:00,31.541,31.541,31.541,31.541,2280.0,COLD
2023-06-27 12:46:00,31.546,31.546,31.531,31.536,3110.0,COLD
2023-06-27 12:45:00,31.536,31.536,31.536,31.536,342.0,COLD
2023-06-27 12:43:00,31.536,31.546,31.536,31.546,958.0,COLD
2023-06-27 12:42:00,31.531,31.531,31.517,31.526,2049.0,COLD
2023-06-27 12:41:00,31.536,31.536,31.536,31.536,1394.0,COLD
2023-06-27 12:40:00,31.536,31.546,31.526,31.536,1916.0,COLD
2023-06-27 12:39:00,31.536,31.536,31.536,31.536,109.0,COLD
2023-06-27 12:38:00,31.526,31.536,31.526,31.536,462.0,COLD
2023-06-27 12:37:00,31.507,31.517,31.502,31.517,1952.0,COLD
2023-06-27 12:36:00,31.497,31.507,31.497,31.507,2914.0,COLD
2023-06-27 12:35:00,31.497,31.497,31.482,31.497,2477.0,COLD
2023-06-27 12:34:00,31.507,31.507,31.497,31.497,246.0,COLD
2023-06-27 12:33:00,31.497,31.497,31.497,31.497,1206.0,COLD
2023-06-27 12:32:00,31.502,31.502,31.482,31.492,2815.0,COLD
2023-06-27 12:31:00,31.502,31.502,31.502,31.502,159.0,COLD
2023-06-27 12:30:00,31.502,31.502,31.487,31.497,2856.0,COLD
2023-06-27 12:29:00,31.551,31.556,31.487,31.488,9634.0,COLD
2023-06-27 12:28:00,31.521,31.556,31.521,31.556,6415.0,COLD
2023-06-27 12:27:00,31.517,31.517,31.517,31.517,289.0,COLD
2023-06-27 12:26:00,31.536,31.546,31.517,31.517,4870.0,COLD
2023-06-27 12:25:00,31.502,31.546,31.502,31.536,4757.0,COLD
2023-06-27 12:24:00,31.512,31.512,31.487,31.497,5900.0,COLD
2023-06-27 12:23:00,31.492,31.517,31.492,31.507,10099.0,COLD
2023-06-27 12:22:00,31.517,31.517,31.487,31.487,2463.0,COLD
2023-06-27 12:21:00,31.517,31.517,31.517,31.517,956.0,COLD
2023-06-27 12:20:00,31.507,31.531,31.507,31.531,1179.0,COLD
2023-06-27 12:18:00,31.507,31.507,31.497,31.502,2260.0,COLD
2023-06-27 12:17:00,31.497,31.507,31.497,31.507,1041.0,COLD
2023-06-27 12:16:00,31.497,31.497,31.477,31.497,4139.0,COLD
2023-06-27 12:15:00,31.477,31.497,31.477,31.497,3385.0,COLD
2023-06-27 12:14:00,31.467,31.467,31.467,31.467,243.0,COLD
2023-06-27 12:13:00,31.457,31.467,31.457,31.467,984.0,COLD
2023-06-27 12:12:00,31.477,31.477,31.447,31.457,2222.0,COLD
2023-06-27 12:11:00,31.447,31.477,31.447,31.477,3591.0,COLD
2023-06-27 12:10:00,31.452,31.452,31.452,31.452,136.0,COLD
2023-06-27 12:09:00,31.447,31.447,31.447,31.447,201.0,COLD
2023-06-27 12:08:00,31.447,31.452,31.442,31.442,1851.0,COLD
2023-06-27 12:07:00,31.432,31.444,31.417,31.442,4207.0,COLD
2023-06-27 12:06:00,31.427,31.427,31.427,31.427,710.0,COLD
2023-06-27 12:05:00,31.437,31.437,31.437,31.437,828.0,COLD
2023-06-27 12:04:00,31.447,31.467,31.442,31.442,4934.0,COLD
2023-06-27 12:03:00,31.432,31.432,31.432,31.432,328.0,COLD
2023-06-27 12:02:00,31.432,31.432,31.432,31.432,116.0,COLD
2023-06-27 12:01:00,31.417,31.437,31.417,31.437,873.0,COLD
2023-06-27 12:00:00,31.407,31.407,31.407,31.407,118.0,COLD
2023-06-27 11:59:00,31.397,31.397,31.387,31.397,2522.0,COLD
2023-06-27 11:57:00,31.397,31.407,31.397,31.407,804.0,COLD
2023-06-27 11:56:00,31.387,31.397,31.382,31.387,2255.0,COLD
2023-06-27 11:55:00,31.338,31.397,31.338,31.397,5988.0,COLD
2023-06-27 11:53:00,31.338,31.338,31.337,31.338,2775.0,COLD
2023-06-27 11:51:00,31.338,31.348,31.323,31.323,4992.0,COLD
2023-06-27 11:50:00,31.313,31.337,31.308,31.337,5170.0,COLD
2023-06-27 11:49:00,31.298,31.328,31.298,31.308,1208.0,COLD
2023-06-27 11:48:00,31.298,31.298,31.298,31.298,576.0,COLD
2023-06-27 11:47:00,31.288,31.288,31.288,31.288,289.0,COLD
2023-06-27 11:46:00,31.278,31.288,31.278,31.288,572.0,COLD
2023-06-27 11:45:00,31.268,31.268,31.268,31.268,106.0,COLD
2023-06-27 11:44:00,31.248,31.258,31.248,31.258,935.0,COLD
2023-06-27 11:43:00,31.214,31.238,31.209,31.238,1746.0,COLD
2023-06-27 11:42:00,31.219,31.219,31.219,31.219,465.0,COLD
2023-06-27 11:41:00,31.224,31.228,31.224,31.228,372.0,COLD
2023-06-27 11:40:00,31.238,31.238,31.219,31.219,1131.0,COLD
2023-06-27 11:39:00,31.258,31.258,31.233,31.233,1435.0,COLD
2023-06-27 11:38:00,31.268,31.268,31.268,31.268,103.0,COLD
2023-06-27 11:37:00,31.278,31.278,31.258,31.258,2715.0,COLD
2023-06-27 11:36:00,31.278,31.288,31.278,31.288,578.0,COLD
2023-06-27 11:35:00,31.288,31.308,31.278,31.288,7517.0,COLD
2023-06-27 11:34:00,31.258,31.288,31.258,31.288,1756.0,COLD
2023-06-27 11:33:00,31.258,31.268,31.258,31.258,1500.0,COLD
2023-06-27 11:32:00,31.248,31.268,31.248,31.268,983.0,COLD
2023-06-27 11:30:00,31.238,31.248,31.238,31.248,708.0,COLD
2023-06-27 11:28:00,31.219,31.238,31.219,31.238,3317.0,COLD
2023-06-27 11:27:00,31.224,31.224,31.219,31.219,1134.0,COLD
2023-06-27 11:26:00,31.219,31.224,31.219,31.224,1221.0,COLD
2023-06-27 11:24:00,31.209,31.209,31.204,31.209,750.0,COLD
2023-06-27 11:23:00,31.199,31.209,31.199,31.209,530.0,COLD
2023-06-27 11:22:00,31.189,31.189,31.189,31.189,1138.0,COLD
2023-06-27 11:21:00,31.189,31.189,31.189,31.189,451.0,COLD
2023-06-27 11:20:00,31.179,31.189,31.179,31.189,333.0,COLD
2023-06-27 11:19:00,31.169,31.189,31.169,31.189,1552.0,COLD
2023-06-27 11:18:00,31.179,31.179,31.169,31.169,1526.0,COLD
2023-06-27 11:16:00,31.169,31.179,31.169,31.179,2538.0,COLD
2023-06-27 11:15:00,31.174,31.174,31.174,31.174,161.0,COLD
2023-06-27 11:14:00,31.179,31.179,31.179,31.179,763.0,COLD
2023-06-27 11:13:00,31.184,31.184,31.179,31.179,1711.0,COLD
2023-06-27 11:12:00,31.189,31.189,31.189,31.189,524.0,COLD
2023-06-27 11:11:00,31.189,31.189,31.189,31.189,301.0,COLD
2023-06-27 11:10:00,31.199,31.199,31.189,31.189,1800.0,COLD
2023-06-27 11:08:00,31.199,31.209,31.194,31.209,1385.0,COLD
2023-06-27 11:07:00,31.189,31.189,31.189,31.189,646.0,COLD
2023-06-27 11:06:00,31.169,31.179,31.159,31.179,1504.0,COLD
2023-06-27 11:04:00,31.199,31.199,31.169,31.169,1010.0,COLD
2023-06-27 11:03:00,31.204,31.204,31.204,31.204,121.0,COLD
2023-06-27 11:02:00,31.219,31.219,31.199,31.204,1820.0,COLD
2023-06-27 11:01:00,31.219,31.219,31.219,31.219,661.0,COLD
2023-06-27 11:00:00,31.233,31.233,31.214,31.219,2427.0,COLD
2023-06-27 10:59:00,31.248,31.248,31.238,31.238,3421.0,COLD
2023-06-27 10:58:00,31.238,31.248,31.238,31.248,1025.0,COLD
2023-06-27 10:57:00,31.209,31.228,31.209,31.228,1028.0,COLD
2023-06-27 10:56:00,31.2,31.209,31.199,31.209,1013.0,COLD
2023-06-27 10:55:00,31.199,31.199,31.199,31.199,628.0,COLD
2023-06-27 10:54:00,31.179,31.194,31.179,31.194,944.0,COLD
2023-06-27 10:53:00,31.189,31.189,31.169,31.179,4169.0,COLD
2023-06-27 10:52:00,31.169,31.169,31.164,31.169,996.0,COLD
2023-06-27 10:51:00,31.149,31.169,31.149,31.169,11262.0,COLD
2023-06-27 10:49:00,31.139,31.149,31.139,31.139,594.0,COLD
2023-06-27 10:48:00,31.129,31.149,31.129,31.139,1808.0,COLD
2023-06-27 10:47:00,31.119,31.119,31.119,31.119,214.0,COLD
2023-06-27 10:46:00,31.109,31.109,31.109,31.109,231.0,COLD
2023-06-27 10:45:00,31.089,31.089,31.089,31.089,2298.0,COLD
2023-06-27 10:44:00,31.084,31.084,31.084,31.084,175.0,COLD
2023-06-27 10:43:00,31.079,31.089,31.079,31.089,1663.0,COLD
2023-06-27 10:42:00,31.079,31.079,31.078,31.079,646.0,COLD
2023-06-27 10:41:00,31.095,31.099,31.07,31.07,2728.0,COLD
2023-06-27 10:40:00,31.089,31.099,31.089,31.099,1293.0,COLD
2023-06-27 10:38:00,31.079,31.079,31.079,31.079,1682.0,COLD
2023-06-27 10:37:00,31.06,31.07,31.06,31.07,901.0,COLD
2023-06-27 10:36:00,31.04,31.07,31.04,31.07,1596.0,COLD
2023-06-27 10:35:00,31.04,31.04,31.04,31.04,1135.0,COLD
2023-06-27 10:34:00,31.04,31.05,31.04,31.05,953.0,COLD
2023-06-27 10:33:00,31.03,31.03,31.03,31.03,270.0,COLD
2023-06-27 10:32:00,31.01,31.02,31.01,31.02,842.0,COLD
2023-06-27 10:30:00,31.02,31.02,31.005,31.005,1819.0,COLD
2023-06-27 10:28:00,31.0,31.02,30.995,31.02,1993.0,COLD
2023-06-27 10:27:00,31.0,31.0,31.0,31.0,313.0,COLD
2023-06-27 10:25:00,31.01,31.01,31.0,31.008,1717.0,COLD
2023-06-27 10:24:00,31.03,31.03,31.03,31.03,101.0,COLD
2023-06-27 10:23:00,31.04,31.05,31.03,31.03,484.0,COLD
2023-06-27 10:22:00,31.02,31.035,31.01,31.035,750.0,COLD
2023-06-27 10:21:00,31.01,31.02,31.01,31.02,736.0,COLD
2023-06-27 10:20:00,31.03,31.03,31.01,31.01,1310.0,COLD
2023-06-27 10:19:00,31.04,31.04,31.02,31.02,2010.0,COLD
2023-06-27 10:17:00,31.04,31.04,31.04,31.04,299.0,COLD
2023-06-27 10:15:00,30.98,31.01,30.98,31.01,1751.0,COLD
2023-06-27 10:14:00,30.99,30.99,30.99,30.99,897.0,COLD
2023-06-27 10:13:00,30.981,30.981,30.981,30.981,500.0,COLD
2023-06-27 10:12:00,30.99,30.99,30.98,30.98,470.0,COLD
2023-06-27 10:10:00,30.98,31.0,30.98,31.0,992.0,COLD
2023-06-27 10:09:00,30.99,30.99,30.99,30.99,187.0,COLD
2023-06-27 10:08:00,30.995,30.995,30.99,30.99,796.0,COLD
2023-06-27 10:07:00,31.02,31.025,31.0,31.0,2543.0,COLD
2023-06-27 10:06:00,31.02,31.03,31.01,31.01,1351.0,COLD
2023-06-27 10:05:00,31.05,31.05,31.04,31.04,834.0,COLD
2023-06-27 10:04:00,31.07,31.07,31.04,31.04,3087.0,COLD
2023-06-27 10:03:00,31.05,31.07,31.05,31.07,787.0,COLD
2023-06-27 10:01:00,31.04,31.04,31.04,31.04,1234.0,COLD
2023-06-27 09:59:00,31.04,31.04,31.04,31.04,250.0,COLD
2023-06-27 09:58:00,31.0,31.0,31.0,31.0,235.0,COLD
2023-06-27 09:56:00,30.96,30.98,30.96,30.98,826.0,COLD
2023-06-27 09:55:00,30.99,30.99,30.985,30.985,557.0,COLD
2023-06-27 09:54:00,31.0,31.01,30.99,31.01,1692.0,COLD
2023-06-27 09:53:00,31.02,31.03,31.01,31.01,2470.0,COLD
2023-06-27 09:52:00,31.02,31.03,31.02,31.03,777.0,COLD
2023-06-27 09:51:00,30.979,30.979,30.979,30.979,462.0,COLD
2023-06-27 09:50:00,30.96,30.98,30.94,30.98,1877.0,COLD
2023-06-27 09:49:00,30.901,30.96,30.901,30.96,2135.0,COLD
2023-06-27 09:48:00,30.896,30.901,30.871,30.881,26819.0,COLD
2023-06-27 09:47:00,30.891,30.901,30.891,30.901,361.0,COLD
2023-06-27 09:46:00,30.945,30.945,30.911,30.911,575.0,COLD
2023-06-27 09:45:00,30.97,30.97,30.94,30.94,1179.0,COLD
2023-06-27 09:44:00,30.99,30.99,30.98,30.98,1404.0,COLD
2023-06-27 09:43:00,31.01,31.01,30.99,30.99,502.0,COLD
2023-06-27 09:42:00,30.99,30.99,30.99,30.99,202.0,COLD
2023-06-27 09:41:00,31.079,31.089,31.05,31.05,2029.0,COLD
2023-06-27 09:40:00,31.04,31.119,31.04,31.099,6424.0,COLD
2023-06-27 09:38:00,31.04,31.04,31.04,31.04,115.0,COLD
2023-06-27 09:37:00,31.035,31.035,31.035,31.035,101.0,COLD
2023-06-27 09:36:00,31.009,31.03,31.009,31.03,580.0,COLD
2023-06-27 09:35:00,30.97,30.97,30.97,30.97,184.0,COLD
2023-06-27 09:34:00,30.99,30.99,30.99,30.99,300.0,COLD
2023-06-27 09:32:00,30.96,30.96,30.96,30.96,102.0,COLD
2023-06-27 09:31:00,30.921,30.99,30.911,30.93,2329.0,COLD
2023-06-27 09:30:00,30.97,30.97,30.97,30.97,4997.0,COLD
2023-06-27 08:51:00,30.801,30.811,30.801,30.811,28.0,COLD
2023-06-27 08:00:00,30.811,30.811,30.811,30.811,287.0,COLD
2023-06-26 19:20:00,30.811,30.811,30.811,30.811,287.0,COLD
2023-06-26 19:00:00,30.811,30.811,30.811,30.811,151511.0,COLD
2023-06-26 18:30:00,30.811,30.811,30.811,30.811,151511.0,COLD
2023-06-26 16:13:00,30.811,30.811,30.811,30.811,287.0,COLD
2023-06-26 16:10:00,30.811,30.811,30.811,30.811,151511.0,COLD
2023-06-26 16:00:00,30.811,30.811,30.811,30.811,317078.0,COLD
2023-06-26 15:59:00,30.786,30.821,30.782,30.811,40530.0,COLD
2023-06-26 15:58:00,30.777,30.791,30.777,30.782,13922.0,COLD
2023-06-26 15:57:00,30.801,30.806,30.772,30.777,14968.0,COLD
2023-06-26 15:56:00,30.831,30.831,30.801,30.801,13932.0,COLD
2023-06-26 15:55:00,30.841,30.841,30.831,30.836,6681.0,COLD
2023-06-26 15:54:00,30.836,30.846,30.831,30.836,6697.0,COLD
2023-06-26 15:53:00,30.841,30.841,30.831,30.841,6289.0,COLD
2023-06-26 15:52:00,30.851,30.856,30.841,30.841,6214.0,COLD
2023-06-26 15:51:00,30.861,30.861,30.846,30.851,5672.0,COLD
2023-06-26 15:50:00,30.871,30.871,30.861,30.866,17223.0,COLD
2023-06-26 15:49:00,30.861,30.871,30.861,30.866,4006.0,COLD
2023-06-26 15:48:00,30.891,30.891,30.866,30.866,9414.0,COLD
2023-06-26 15:47:00,30.891,30.896,30.886,30.896,6116.0,COLD
2023-06-26 15:46:00,30.901,30.901,30.896,30.896,1865.0,COLD
2023-06-26 15:45:00,30.906,30.908,30.891,30.896,5931.0,COLD
2023-06-26 15:44:00,30.906,30.911,30.906,30.911,1075.0,COLD
2023-06-26 15:43:00,30.906,30.911,30.906,30.906,1806.0,COLD
2023-06-26 15:42:00,30.911,30.911,30.911,30.911,1482.0,COLD
2023-06-26 15:41:00,30.911,30.911,30.906,30.911,4344.0,COLD
2023-06-26 15:40:00,30.911,30.911,30.901,30.911,1199.0,COLD
2023-06-26 15:39:00,30.911,30.911,30.906,30.906,2297.0,COLD
2023-06-26 15:38:00,30.911,30.911,30.906,30.911,17924.0,COLD
2023-06-26 15:37:00,30.911,30.911,30.906,30.911,3128.0,COLD
2023-06-26 15:36:00,30.906,30.906,30.906,30.906,912.0,COLD
2023-06-26 15:35:00,30.911,30.911,30.906,30.906,1092.0,COLD
2023-06-26 15:34:00,30.876,30.911,30.876,30.911,6884.0,COLD
2023-06-26 15:33:00,30.883,30.883,30.871,30.876,2683.0,COLD
2023-06-26 15:32:00,30.886,30.886,30.886,30.886,103.0,COLD
2023-06-26 15:31:00,30.881,30.891,30.881,30.886,2773.0,COLD
2023-06-26 15:30:00,30.886,30.886,30.876,30.876,3215.0,COLD
2023-06-26 15:29:00,30.891,30.891,30.881,30.891,2690.0,COLD
2023-06-26 15:28:00,30.906,30.906,30.896,30.896,2103.0,COLD
2023-06-26 15:27:00,30.911,30.911,30.911,30.911,897.0,COLD
2023-06-26 15:26:00,30.921,30.921,30.911,30.911,6592.0,COLD
2023-06-26 15:25:00,30.916,30.921,30.911,30.921,967.0,COLD
2023-06-26 15:24:00,30.901,30.921,30.901,30.916,1951.0,COLD
2023-06-26 15:23:00,30.921,30.921,30.906,30.906,2291.0,COLD
2023-06-26 15:22:00,30.926,30.926,30.926,30.926,332.0,COLD
2023-06-26 15:21:00,30.93,30.935,30.93,30.93,3353.0,COLD
2023-06-26 15:20:00,30.935,30.935,30.922,30.926,2870.0,COLD
2023-06-26 15:19:00,30.935,30.94,30.935,30.94,688.0,COLD
2023-06-26 15:18:00,30.945,30.945,30.935,30.935,6906.0,COLD
2023-06-26 15:17:00,30.95,30.95,30.941,30.95,1844.0,COLD
2023-06-26 15:16:00,30.965,30.965,30.95,30.955,3654.0,COLD
2023-06-26 15:15:00,30.965,30.965,30.955,30.965,3352.0,COLD
2023-06-26 15:13:00,30.96,30.965,30.96,30.965,533.0,COLD
2023-06-26 15:12:00,30.98,30.98,30.97,30.97,1443.0,COLD
2023-06-26 15:11:00,30.97,30.98,30.97,30.98,1321.0,COLD
2023-06-26 15:10:00,30.97,30.98,30.97,30.98,1432.0,COLD
2023-06-26 15:08:00,30.981,30.99,30.98,30.99,2062.0,COLD
2023-06-26 15:07:00,30.985,30.99,30.985,30.985,1112.0,COLD
2023-06-26 15:06:00,30.985,30.985,30.985,30.985,400.0,COLD
2023-06-26 15:05:00,30.995,30.995,30.99,30.99,611.0,COLD
2023-06-26 15:04:00,30.995,30.995,30.99,30.995,1699.0,COLD
2023-06-26 15:03:00,30.975,31.0,30.975,31.0,3529.0,COLD
2023-06-26 15:02:00,30.975,30.975,30.97,30.975,500.0,COLD
2023-06-26 15:01:00,30.99,30.99,30.975,30.975,2114.0,COLD
2023-06-26 15:00:00,30.975,30.99,30.975,30.99,2504.0,COLD
2023-06-26 14:58:00,30.98,30.98,30.97,30.98,1967.0,COLD
2023-06-26 14:55:00,30.99,30.99,30.98,30.985,1392.0,COLD
2023-06-26 14:54:00,30.995,31.005,30.995,30.995,3287.0,COLD
2023-06-26 14:53:00,31.02,31.02,30.995,30.995,17970.0,COLD
2023-06-26 14:52:00,31.005,31.015,31.005,31.015,5545.0,COLD
2023-06-26 14:51:00,31.01,31.01,31.002,31.005,846.0,COLD
2023-06-26 14:50:00,31.015,31.015,31.01,31.01,982.0,COLD
2023-06-26 14:49:00,31.021,31.021,31.015,31.015,1110.0,COLD
2023-06-26 14:48:00,31.01,31.03,31.01,31.03,960.0,COLD
2023-06-26 14:47:00,31.005,31.02,31.0,31.02,3636.0,COLD
2023-06-26 14:46:00,31.005,31.005,31.005,31.005,845.0,COLD
2023-06-26 14:45:00,31.01,31.01,31.01,31.01,832.0,COLD
2023-06-26 14:42:00,31.0,31.02,31.0,31.01,1585.0,COLD
2023-06-26 14:41:00,31.005,31.005,30.995,30.995,1594.0,COLD
2023-06-26 14:40:00,31.005,31.005,30.995,31.0,8455.0,COLD
2023-06-26 14:39:00,31.005,31.005,31.005,31.005,161.0,COLD
2023-06-26 14:37:00,31.01,31.01,31.001,31.005,1089.0,COLD
2023-06-26 14:36:00,31.005,31.005,31.005,31.005,206.0,COLD
2023-06-26 14:33:00,31.01,31.01,31.005,31.005,412.0,COLD
2023-06-26 14:32:00,31.02,31.02,31.01,31.01,2056.0,COLD
2023-06-26 14:31:00,31.025,31.025,31.025,31.025,211.0,COLD
2023-06-26 14:30:00,31.0,31.02,31.0,31.02,2451.0,COLD
2023-06-26 14:29:00,31.0,31.0,31.0,31.0,1220.0,COLD
2023-06-26 14:28:00,30.995,31.0,30.995,31.0,1356.0,COLD
2023-06-26 14:27:00,31.0,31.0,30.99,30.99,1832.0,COLD
2023-06-26 14:26:00,31.02,31.02,31.01,31.01,1257.0,COLD
2023-06-26 14:24:00,31.04,31.04,31.03,31.03,918.0,COLD
2023-06-26 14:23:00,31.045,31.06,31.045,31.045,10561.0,COLD
2023-06-26 14:22:00,31.045,31.045,31.045,31.045,407.0,COLD
2023-06-26 14:21:00,31.05,31.05,31.049,31.049,346.0,COLD
2023-06-26 14:20:00,31.055,31.055,31.04,31.045,2385.0,COLD
2023-06-26 14:18:00,31.06,31.06,31.06,31.06,572.0,COLD
2023-06-26 14:17:00,31.055,31.06,31.055,31.06,779.0,COLD
2023-06-26 14:16:00,31.055,31.055,31.055,31.055,231.0,COLD
2023-06-26 14:15:00,31.04,31.05,31.031,31.05,2080.0,COLD
2023-06-26 14:14:00,31.04,31.04,31.03,31.04,729.0,COLD
2023-06-26 14:13:00,31.03,31.04,31.03,31.04,2099.0,COLD
2023-06-26 14:12:00,31.04,31.045,31.04,31.04,2143.0,COLD
2023-06-26 14:11:00,31.035,31.04,31.03,31.04,894.0,COLD
2023-06-26 14:10:00,31.03,31.03,31.03,31.03,1446.0,COLD
2023-06-26 14:09:00,31.045,31.045,31.03,31.03,1178.0,COLD
2023-06-26 14:08:00,31.04,31.045,31.035,31.045,1722.0,COLD
2023-06-26 14:07:00,31.051,31.051,31.05,31.05,1457.0,COLD
2023-06-26 14:06:00,31.051,31.07,31.051,31.07,412.0,COLD
2023-06-26 14:05:00,31.065,31.065,31.06,31.06,2353.0,COLD
2023-06-26 14:04:00,31.05,31.06,31.05,31.06,715.0,COLD
2023-06-26 14:02:00,31.06,31.06,31.06,31.06,279.0,COLD
2023-06-26 14:01:00,31.02,31.05,31.02,31.042,25173.0,COLD
2023-06-26 14:00:00,31.02,31.02,31.02,31.02,673.0,COLD
2023-06-26 13:59:00,31.03,31.03,31.025,31.025,1333.0,COLD
2023-06-26 13:58:00,31.02,31.04,31.02,31.04,5563.0,COLD
2023-06-26 13:57:00,31.02,31.02,31.02,31.02,596.0,COLD
2023-06-26 13:56:00,31.025,31.025,31.025,31.025,152.0,COLD
2023-06-26 13:54:00,31.03,31.03,31.02,31.02,1126.0,COLD
2023-06-26 13:51:00,31.05,31.06,31.05,31.05,2193.0,COLD
2023-06-26 13:49:00,31.05,31.05,31.05,31.05,210.0,COLD
2023-06-26 13:48:00,31.03,31.04,31.03,31.04,843.0,COLD
2023-06-26 13:47:00,31.041,31.041,31.03,31.03,2531.0,COLD
2023-06-26 13:46:00,31.055,31.055,31.05,31.05,841.0,COLD
2023-06-26 13:45:00,31.04,31.05,31.04,31.05,3119.0,COLD
2023-06-26 13:42:00,31.05,31.05,31.04,31.04,1721.0,COLD
2023-06-26 13:41:00,31.06,31.06,31.05,31.05,1052.0,COLD
2023-06-26 13:40:00,31.041,31.06,31.041,31.06,1203.0,COLD
2023-06-26 13:39:00,31.04,31.05,31.04,31.045,905.0,COLD
2023-06-26 13:38:00,31.03,31.04,31.03,31.04,1180.0,COLD
2023-06-26 13:37:00,31.03,31.05,31.03,31.05,504.0,COLD
2023-06-26 13:36:00,31.065,31.069,31.0,31.02,11683.0,COLD
2023-06-26 13:35:00,31.055,31.07,31.055,31.06,1828.0,COLD
2023-06-26 13:34:00,31.055,31.06,31.055,31.06,2766.0,COLD
2023-06-26 13:33:00,31.05,31.05,31.05,31.05,434.0,COLD
2023-06-26 13:32:00,31.04,31.05,31.04,31.05,220.0,COLD
2023-06-26 13:31:00,31.05,31.05,31.04,31.04,1600.0,COLD
2023-06-26 13:29:00,31.03,31.05,31.03,31.05,1182.0,COLD
2023-06-26 13:27:00,31.02,31.02,31.02,31.02,113.0,COLD
2023-06-26 13:25:00,31.02,31.02,31.02,31.02,357.0,COLD
2023-06-26 13:24:00,31.03,31.03,31.02,31.02,1384.0,COLD
2023-06-26 13:23:00,31.035,31.035,31.035,31.035,385.0,COLD
2023-06-26 13:22:00,31.04,31.04,31.035,31.035,1127.0,COLD
2023-06-26 13:21:00,31.04,31.04,31.04,31.04,317.0,COLD
2023-06-26 13:20:00,31.04,31.04,31.031,31.04,824.0,COLD
2023-06-26 13:19:00,31.07,31.07,31.05,31.05,1044.0,COLD
2023-06-26 13:18:00,31.05,31.079,31.05,31.079,4566.0,COLD
2023-06-26 13:17:00,31.065,31.065,31.04,31.04,2554.0,COLD
2023-06-26 13:16:00,31.06,31.07,31.06,31.07,557.0,COLD
2023-06-26 13:15:00,31.05,31.05,31.05,31.05,403.0,COLD
2023-06-26 13:14:00,31.04,31.04,31.04,31.04,1427.0,COLD
2023-06-26 13:13:00,31.05,31.06,31.04,31.045,3537.0,COLD
2023-06-26 13:12:00,31.06,31.06,31.06,31.06,748.0,COLD
2023-06-26 13:11:00,31.05,31.06,31.05,31.06,550.0,COLD
2023-06-26 13:10:00,31.03,31.05,31.03,31.049,4824.0,COLD
2023-06-26 13:09:00,31.02,31.02,31.02,31.02,1121.0,COLD
2023-06-26 13:08:00,30.99,31.02,30.99,31.02,9019.0,COLD
2023-06-26 13:07:00,30.99,30.99,30.99,30.99,518.0,COLD
2023-06-26 13:06:00,30.99,30.99,30.985,30.99,1293.0,COLD
2023-06-26 13:05:00,30.99,30.99,30.985,30.99,4052.0,COLD
2023-06-26 13:04:00,30.99,30.99,30.985,30.99,6481.0,COLD
2023-06-26 13:02:00,30.975,30.98,30.975,30.98,483.0,COLD
2023-06-26 13:01:00,30.97,30.97,30.97,30.97,747.0,COLD
2023-06-26 13:00:00,30.96,30.96,30.96,30.96,353.0,COLD
2023-06-26 12:59:00,30.97,30.97,30.965,30.965,478.0,COLD
2023-06-26 12:57:00,30.96,30.96,30.96,30.96,394.0,COLD
2023-06-26 12:56:00,30.96,30.96,30.96,30.96,115.0,COLD
2023-06-26 12:55:00,30.955,30.965,30.955,30.965,607.0,COLD
2023-06-26 12:54:00,30.961,30.961,30.96,30.96,909.0,COLD
2023-06-26 12:53:00,30.955,30.965,30.955,30.965,2755.0,COLD
2023-06-26 12:52:00,30.945,30.95,30.945,30.95,666.0,COLD
2023-06-26 12:51:00,30.93,30.94,30.926,30.94,1589.0,COLD
2023-06-26 12:50:00,30.93,30.94,30.93,30.93,3318.0,COLD
2023-06-26 12:49:00,30.926,30.926,30.921,30.921,506.0,COLD
2023-06-26 12:48:00,30.923,30.923,30.923,30.923,113.0,COLD
2023-06-26 12:47:00,30.94,30.94,30.93,30.93,462.0,COLD
2023-06-26 12:46:00,30.95,30.95,30.95,30.95,1822.0,COLD
2023-06-26 12:45:00,30.93,30.945,30.93,30.945,790.0,COLD
2023-06-26 12:44:00,30.911,30.93,30.911,30.93,827.0,COLD
2023-06-26 12:43:00,30.93,30.93,30.911,30.911,1359.0,COLD
2023-06-26 12:42:00,30.95,30.95,30.94,30.94,3952.0,COLD
2023-06-26 12:41:00,30.911,30.93,30.911,30.93,988.0,COLD
2023-06-26 12:40:00,30.95,30.95,30.901,30.901,7387.0,COLD
2023-06-26 12:39:00,30.96,30.96,30.96,30.96,115.0,COLD
2023-06-26 12:38:00,30.96,30.96,30.955,30.96,5261.0,COLD
2023-06-26 12:37:00,30.97,30.97,30.954,30.955,2685.0,COLD
2023-06-26 12:36:00,30.96,30.975,30.951,30.975,623.0,COLD
2023-06-26 12:35:00,30.93,30.96,30.93,30.96,1342.0,COLD
2023-06-26 12:34:00,30.921,30.94,30.921,30.93,2165.0,COLD
2023-06-26 12:33:00,30.94,30.94,30.911,30.921,1650.0,COLD
2023-06-26 12:32:00,30.94,30.94,30.93,30.93,3891.0,COLD
2023-06-26 12:31:00,30.94,30.94,30.94,30.94,1635.0,COLD
2023-06-26 12:30:00,30.94,30.95,30.94,30.95,1258.0,COLD
2023-06-26 12:29:00,30.93,30.95,30.926,30.94,4997.0,COLD
2023-06-26 12:28:00,30.926,30.926,30.922,30.922,247.0,COLD
2023-06-26 12:27:00,30.921,30.926,30.921,30.926,2509.0,COLD
2023-06-26 12:26:00,30.94,30.94,30.921,30.93,928.0,COLD
2023-06-26 12:25:00,30.96,30.96,30.95,30.95,1893.0,COLD
2023-06-26 12:24:00,30.97,30.97,30.965,30.965,538.0,COLD
2023-06-26 12:23:00,30.99,30.99,30.98,30.98,2711.0,COLD
2023-06-26 12:22:00,30.97,30.99,30.97,30.99,732.0,COLD
2023-06-26 12:21:00,30.95,30.96,30.95,30.96,735.0,COLD
2023-06-26 12:20:00,30.935,30.95,30.93,30.945,2136.0,COLD
2023-06-26 12:19:00,30.96,30.96,30.94,30.94,2126.0,COLD
2023-06-26 12:18:00,30.95,30.96,30.94,30.955,30610.0,COLD
2023-06-26 12:17:00,30.95,30.96,30.95,30.96,549.0,COLD
2023-06-26 12:16:00,30.94,30.95,30.94,30.95,1080.0,COLD
2023-06-26 12:15:00,30.921,30.921,30.921,30.921,106.0,COLD
2023-06-26 12:14:00,30.896,30.916,30.896,30.916,556.0,COLD
2023-06-26 12:13:00,30.881,30.901,30.881,30.901,893.0,COLD
2023-06-26 12:12:00,30.846,30.881,30.846,30.881,905.0,COLD
2023-06-26 12:11:00,30.836,30.841,30.831,30.841,3546.0,COLD
2023-06-26 12:10:00,30.841,30.841,30.836,30.836,1126.0,COLD
2023-06-26 12:09:00,30.851,30.851,30.841,30.841,706.0,COLD
2023-06-26 12:08:00,30.851,30.851,30.851,30.851,727.0,COLD
2023-06-26 12:06:00,30.821,30.851,30.821,30.851,2598.0,COLD
2023-06-26 12:05:00,30.831,30.841,30.816,30.816,1889.0,COLD
2023-06-26 12:04:00,30.831,30.831,30.831,30.831,699.0,COLD
2023-06-26 12:03:00,30.841,30.841,30.841,30.841,840.0,COLD
2023-06-26 12:02:00,30.841,30.841,30.841,30.841,1403.0,COLD
2023-06-26 12:01:00,30.841,30.841,30.841,30.841,563.0,COLD
2023-06-26 12:00:00,30.826,30.831,30.821,30.831,647.0,COLD
2023-06-26 11:59:00,30.821,30.821,30.821,30.821,444.0,COLD
2023-06-26 11:58:00,30.821,30.841,30.821,30.821,2691.0,COLD
2023-06-26 11:57:00,30.811,30.811,30.811,30.811,213.0,COLD
2023-06-26 11:56:00,30.801,30.811,30.801,30.801,1544.0,COLD
2023-06-26 11:55:00,30.811,30.816,30.801,30.801,5591.0,COLD
2023-06-26 11:54:00,30.831,30.831,30.811,30.811,2129.0,COLD
2023-06-26 11:53:00,30.831,30.831,30.826,30.831,1543.0,COLD
2023-06-26 11:52:00,30.841,30.841,30.841,30.841,949.0,COLD
2023-06-26 11:51:00,30.831,30.831,30.831,30.831,114.0,COLD
2023-06-26 11:50:00,30.826,30.831,30.826,30.826,819.0,COLD
2023-06-26 11:49:00,30.811,30.821,30.811,30.821,592.0,COLD
2023-06-26 11:48:00,30.796,30.811,30.796,30.806,1453.0,COLD
2023-06-26 11:47:00,30.796,30.796,30.792,30.792,805.0,COLD
2023-06-26 11:46:00,30.796,30.796,30.786,30.791,1908.0,COLD
2023-06-26 11:45:00,30.791,30.801,30.791,30.801,202.0,COLD
2023-06-26 11:44:00,30.782,30.791,30.782,30.791,2295.0,COLD
2023-06-26 11:43:00,30.752,30.772,30.752,30.767,3403.0,COLD
2023-06-26 11:42:00,30.752,30.752,30.752,30.752,783.0,COLD
2023-06-26 11:41:00,30.747,30.747,30.747,30.747,107.0,COLD
2023-06-26 11:40:00,30.732,30.742,30.732,30.742,4009.0,COLD
2023-06-26 11:39:00,30.702,30.712,30.702,30.712,2319.0,COLD
2023-06-26 11:38:00,30.712,30.712,30.712,30.712,981.0,COLD
2023-06-26 11:35:00,30.742,30.742,30.722,30.722,1004.0,COLD
2023-06-26 11:34:00,30.742,30.742,30.742,30.742,1087.0,COLD
2023-06-26 11:33:00,30.742,30.742,30.727,30.733,2689.0,COLD
2023-06-26 11:32:00,30.762,30.762,30.742,30.742,2044.0,COLD
2023-06-26 11:30:00,30.742,30.767,30.742,30.767,12396.0,COLD
2023-06-26 11:29:00,30.742,30.742,30.742,30.742,169.0,COLD
2023-06-26 11:28:00,30.722,30.732,30.722,30.732,1000.0,COLD
2023-06-26 11:27:00,30.722,30.722,30.722,30.722,12629.0,COLD
2023-06-26 11:25:00,30.732,30.732,30.717,30.722,2421.0,COLD
2023-06-26 11:22:00,30.742,30.742,30.742,30.742,896.0,COLD
2023-06-26 11:21:00,30.772,30.772,30.762,30.762,975.0,COLD
2023-06-26 11:19:00,30.782,30.782,30.772,30.772,1230.0,COLD
2023-06-26 11:18:00,30.782,30.782,30.752,30.762,4300.0,COLD
2023-06-26 11:15:00,30.801,30.801,30.791,30.791,2371.0,COLD
2023-06-26 11:14:00,30.801,30.811,30.801,30.801,1865.0,COLD
2023-06-26 11:13:00,30.791,30.791,30.782,30.782,756.0,COLD
2023-06-26 11:12:00,30.821,30.821,30.801,30.801,2176.0,COLD
2023-06-26 11:11:00,30.821,30.821,30.821,30.821,6637.0,COLD
2023-06-26 11:10:00,30.811,30.821,30.806,30.821,3348.0,COLD
2023-06-26 11:09:00,30.791,30.811,30.791,30.806,3392.0,COLD
2023-06-26 11:08:00,30.801,30.801,30.79,30.791,4026.0,COLD
2023-06-26 11:07:00,30.801,30.811,30.786,30.801,6193.0,COLD
2023-06-26 11:06:00,30.801,30.811,30.801,30.811,1063.0,COLD
2023-06-26 11:05:00,30.791,30.791,30.791,30.791,145.0,COLD
2023-06-26 11:03:00,30.791,30.791,30.791,30.791,203.0,COLD
2023-06-26 11:01:00,30.782,30.782,30.782,30.782,127.0,COLD
2023-06-26 11:00:00,30.747,30.772,30.747,30.772,2439.0,COLD
2023-06-26 10:59:00,30.732,30.742,30.732,30.742,872.0,COLD
2023-06-26 10:58:00,30.727,30.732,30.727,30.732,643.0,COLD
2023-06-26 10:57:00,30.727,30.732,30.713,30.732,1197.0,COLD
2023-06-26 10:56:00,30.717,30.722,30.717,30.722,941.0,COLD
2023-06-26 10:55:00,30.722,30.732,30.712,30.732,2595.0,COLD
2023-06-26 10:53:00,30.692,30.722,30.692,30.722,2258.0,COLD
2023-06-26 10:52:00,30.692,30.692,30.692,30.692,226.0,COLD
2023-06-26 10:50:00,30.692,30.692,30.687,30.687,2587.0,COLD
2023-06-26 10:49:00,30.692,30.702,30.692,30.702,1321.0,COLD
2023-06-26 10:48:00,30.692,30.692,30.687,30.687,972.0,COLD
2023-06-26 10:46:00,30.692,30.702,30.692,30.692,653.0,COLD
2023-06-26 10:44:00,30.692,30.692,30.692,30.692,120.0,COLD
2023-06-26 10:43:00,30.682,30.682,30.682,30.682,259.0,COLD
2023-06-26 10:42:00,30.682,30.692,30.682,30.692,1396.0,COLD
2023-06-26 10:41:00,30.66,30.66,30.66,30.66,170.0,COLD
2023-06-26 10:40:00,30.682,30.682,30.672,30.672,778.0,COLD
2023-06-26 10:39:00,30.692,30.692,30.682,30.683,2373.0,COLD
2023-06-26 10:38:00,30.712,30.712,30.712,30.712,330.0,COLD
2023-06-26 10:37:00,30.712,30.712,30.707,30.707,471.0,COLD
2023-06-26 10:36:00,30.712,30.712,30.712,30.712,120.0,COLD
2023-06-26 10:35:00,30.752,30.752,30.712,30.712,15566.0,COLD
2023-06-26 10:34:00,30.752,30.762,30.752,30.762,548.0,COLD
2023-06-26 10:33:00,30.752,30.757,30.752,30.752,1607.0,COLD
2023-06-26 10:32:00,30.752,30.752,30.752,30.752,421.0,COLD
2023-06-26 10:31:00,30.742,30.742,30.742,30.742,127.0,COLD
2023-06-26 10:30:00,30.743,30.752,30.743,30.747,477.0,COLD
2023-06-26 10:28:00,30.732,30.752,30.732,30.752,1841.0,COLD
2023-06-26 10:27:00,30.732,30.732,30.732,30.732,504.0,COLD
2023-06-26 10:26:00,30.742,30.742,30.742,30.742,702.0,COLD
2023-06-26 10:25:00,30.762,30.762,30.762,30.762,308.0,COLD
2023-06-26 10:24:00,30.762,30.762,30.762,30.762,872.0,COLD
2023-06-26 10:23:00,30.762,30.762,30.762,30.762,610.0,COLD
2023-06-26 10:22:00,30.762,30.762,30.762,30.762,341.0,COLD
2023-06-26 10:21:00,30.762,30.762,30.761,30.761,1021.0,COLD
2023-06-26 10:20:00,30.772,30.772,30.762,30.762,639.0,COLD
2023-06-26 10:19:00,30.791,30.791,30.782,30.791,1669.0,COLD
2023-06-26 10:18:00,30.791,30.801,30.791,30.801,229.0,COLD
2023-06-26 10:17:00,30.801,30.801,30.801,30.801,114.0,COLD
2023-06-26 10:16:00,30.791,30.791,30.791,30.791,605.0,COLD
2023-06-26 10:15:00,30.772,30.777,30.772,30.777,899.0,COLD
2023-06-26 10:14:00,30.752,30.752,30.752,30.752,438.0,COLD
2023-06-26 10:13:00,30.762,30.762,30.762,30.762,720.0,COLD
2023-06-26 10:12:00,30.801,30.801,30.772,30.782,585.0,COLD
2023-06-26 10:11:00,30.801,30.801,30.801,30.801,544.0,COLD
2023-06-26 10:10:00,30.811,30.821,30.806,30.811,2366.0,COLD
2023-06-26 10:09:00,30.811,30.811,30.801,30.802,5907.0,COLD
2023-06-26 10:08:00,30.826,30.826,30.826,30.826,471.0,COLD
2023-06-26 10:07:00,30.826,30.841,30.826,30.831,1383.0,COLD
2023-06-26 10:06:00,30.851,30.851,30.831,30.841,5041.0,COLD
2023-06-26 10:05:00,30.831,30.836,30.816,30.836,2110.0,COLD
2023-06-26 10:04:00,30.821,30.841,30.821,30.841,734.0,COLD
2023-06-26 10:02:00,30.801,30.801,30.801,30.801,426.0,COLD
2023-06-26 10:00:00,30.801,30.841,30.801,30.821,3572.0,COLD
2023-06-26 09:59:00,30.782,30.801,30.782,30.782,744.0,COLD
2023-06-26 09:57:00,30.782,30.821,30.782,30.807,570.0,COLD
2023-06-26 09:55:00,30.811,30.821,30.811,30.821,467.0,COLD
2023-06-26 09:54:00,30.801,30.801,30.801,30.801,176.0,COLD
2023-06-26 09:53:00,30.861,30.861,30.821,30.821,1770.0,COLD
2023-06-26 09:52:00,30.836,30.852,30.836,30.852,568.0,COLD
2023-06-26 09:51:00,30.841,30.841,30.841,30.841,913.0,COLD
2023-06-26 09:50:00,30.821,30.821,30.811,30.811,1009.0,COLD
2023-06-26 09:47:00,30.821,30.821,30.821,30.821,513.0,COLD
2023-06-26 09:46:00,30.811,30.841,30.811,30.841,1059.0,COLD
2023-06-26 09:43:00,30.821,30.821,30.821,30.821,120.0,COLD
2023-06-26 09:42:00,30.752,30.772,30.752,30.772,681.0,COLD
2023-06-26 09:40:00,30.752,30.752,30.737,30.737,853.0,COLD
2023-06-26 09:39:00,30.712,30.712,30.712,30.712,218.0,COLD
2023-06-26 09:37:00,30.772,30.782,30.732,30.732,990.0,COLD
2023-06-26 09:36:00,30.791,30.801,30.786,30.801,495.0,COLD
2023-06-26 09:35:00,30.712,30.791,30.712,30.791,1660.0,COLD
2023-06-26 09:34:00,30.712,30.712,30.712,30.712,131.0,COLD
2023-06-26 09:32:00,30.623,30.633,30.623,30.633,764.0,COLD
2023-06-26 09:30:00,30.543,30.732,30.536,30.722,9326.0,COLD
2023-06-23 19:00:00,30.682,30.682,30.682,30.682,528341.0,COLD
2023-06-23 18:52:00,30.553,30.553,30.553,30.553,5.0,COLD
2023-06-23 18:30:00,30.682,30.682,30.682,30.682,528341.0,COLD
2023-06-23 17:00:00,31.278,31.278,30.682,30.682,6.0,COLD
2023-06-23 16:12:00,30.682,30.682,30.682,30.682,237.0,COLD
2023-06-23 16:11:00,30.683,30.683,30.683,30.683,1163.0,COLD
2023-06-23 16:10:00,30.682,30.682,30.682,30.682,528341.0,COLD
2023-06-23 16:08:00,30.682,30.682,30.682,30.682,27.0,COLD
2023-06-23 16:07:00,30.682,30.682,30.682,30.682,4819.0,COLD
2023-06-23 16:05:00,30.683,30.685,30.679,30.683,24812.0,COLD
2023-06-23 16:04:00,30.573,30.682,30.573,30.682,1811.0,COLD
2023-06-23 16:02:00,30.682,30.682,30.682,30.682,100.0,COLD
2023-06-23 16:01:00,30.682,30.682,30.682,30.682,74559.0,COLD
2023-06-23 16:00:00,30.677,30.682,30.677,30.682,1059299.0,COLD
2023-06-23 15:59:00,30.702,30.712,30.667,30.682,25412.0,COLD
2023-06-23 15:58:00,30.692,30.702,30.687,30.702,12930.0,COLD
2023-06-23 15:57:00,30.692,30.702,30.682,30.692,7954.0,COLD
2023-06-23 15:56:00,30.717,30.717,30.687,30.702,14291.0,COLD
2023-06-23 15:55:00,30.682,30.717,30.672,30.712,19157.0,COLD
2023-06-23 15:54:00,30.677,30.682,30.667,30.667,9949.0,COLD
2023-06-23 15:53:00,30.652,30.692,30.652,30.672,14945.0,COLD
2023-06-23 15:52:00,30.662,30.672,30.652,30.657,12183.0,COLD
2023-06-23 15:51:00,30.652,30.667,30.652,30.667,10094.0,COLD
2023-06-23 15:50:00,30.712,30.712,30.652,30.652,14744.0,COLD
2023-06-23 15:49:00,30.717,30.727,30.712,30.722,9390.0,COLD
2023-06-23 15:48:00,30.717,30.717,30.712,30.712,7349.0,COLD
2023-06-23 15:47:00,30.712,30.727,30.712,30.722,6840.0,COLD
2023-06-23 15:46:00,30.742,30.742,30.706,30.706,7444.0,COLD
2023-06-23 15:45:00,30.767,30.767,30.747,30.747,8875.0,COLD
2023-06-23 15:44:00,30.757,30.762,30.752,30.762,6995.0,COLD
2023-06-23 15:43:00,30.737,30.767,30.737,30.757,6164.0,COLD
2023-06-23 15:42:00,30.722,30.742,30.712,30.737,7781.0,COLD
2023-06-23 15:41:00,30.737,30.742,30.727,30.732,7034.0,COLD
2023-06-23 15:40:00,30.747,30.747,30.722,30.742,8000.0,COLD
2023-06-23 15:39:00,30.742,30.747,30.742,30.747,2443.0,COLD
2023-06-23 15:38:00,30.782,30.782,30.747,30.747,24855.0,COLD
2023-06-23 15:37:00,30.801,30.801,30.786,30.786,9783.0,COLD
2023-06-23 15:36:00,30.801,30.806,30.801,30.801,2968.0,COLD
2023-06-23 15:35:00,30.806,30.811,30.801,30.801,4224.0,COLD
2023-06-23 15:34:00,30.791,30.811,30.791,30.811,7489.0,COLD
2023-06-23 15:33:00,30.786,30.791,30.782,30.782,1648.0,COLD
2023-06-23 15:32:00,30.786,30.786,30.786,30.786,633.0,COLD
2023-06-23 15:31:00,30.782,30.786,30.782,30.786,2597.0,COLD
2023-06-23 15:30:00,30.782,30.786,30.782,30.783,700.0,COLD
2023-06-23 15:29:00,30.791,30.796,30.786,30.786,1381.0,COLD
2023-06-23 15:28:00,30.801,30.801,30.796,30.796,1360.0,COLD
2023-06-23 15:26:00,30.811,30.811,30.801,30.801,2033.0,COLD
2023-06-23 15:25:00,30.826,30.826,30.821,30.821,797.0,COLD
2023-06-23 15:24:00,30.821,30.831,30.821,30.831,2443.0,COLD
2023-06-23 15:23:00,30.831,30.831,30.811,30.811,3152.0,COLD
2023-06-23 15:22:00,30.846,30.846,30.836,30.836,3069.0,COLD
2023-06-23 15:21:00,30.836,30.846,30.836,30.846,3106.0,COLD
2023-06-23 15:20:00,30.841,30.841,30.831,30.831,1561.0,COLD
2023-06-23 15:19:00,30.851,30.851,30.846,30.846,351.0,COLD
2023-06-23 15:18:00,30.856,30.856,30.846,30.846,3449.0,COLD
2023-06-23 15:17:00,30.891,30.891,30.861,30.861,6228.0,COLD
2023-06-23 15:16:00,30.871,30.891,30.866,30.886,2352.0,COLD
2023-06-23 15:15:00,30.851,30.871,30.851,30.871,2946.0,COLD
2023-06-23 15:14:00,30.846,30.851,30.846,30.851,1291.0,COLD
2023-06-23 15:13:00,30.851,30.851,30.851,30.851,562.0,COLD
2023-06-23 15:12:00,30.851,30.851,30.851,30.851,1073.0,COLD
2023-06-23 15:11:00,30.861,30.861,30.851,30.851,1769.0,COLD
2023-06-23 15:10:00,30.841,30.861,30.841,30.856,2239.0,COLD
2023-06-23 15:09:00,30.836,30.836,30.836,30.836,285.0,COLD
2023-06-23 15:08:00,30.836,30.836,30.831,30.831,905.0,COLD
2023-06-23 15:07:00,30.836,30.836,30.836,30.836,568.0,COLD
2023-06-23 15:06:00,30.821,30.836,30.821,30.836,1385.0,COLD
2023-06-23 15:05:00,30.821,30.821,30.821,30.821,561.0,COLD
2023-06-23 15:03:00,30.811,30.826,30.806,30.826,3045.0,COLD
2023-06-23 15:02:00,30.811,30.821,30.811,30.821,493.0,COLD
2023-06-23 15:01:00,30.816,30.816,30.811,30.812,996.0,COLD
2023-06-23 15:00:00,30.841,30.841,30.821,30.821,3182.0,COLD
2023-06-23 14:59:00,30.846,30.846,30.846,30.846,499.0,COLD
2023-06-23 14:58:00,30.846,30.851,30.846,30.851,955.0,COLD
2023-06-23 14:57:00,30.851,30.851,30.851,30.851,343.0,COLD
2023-06-23 14:56:00,30.851,30.851,30.851,30.851,335.0,COLD
2023-06-23 14:55:00,30.851,30.851,30.846,30.851,1905.0,COLD
2023-06-23 14:54:00,30.861,30.861,30.856,30.861,2065.0,COLD
2023-06-23 14:53:00,30.871,30.871,30.871,30.871,900.0,COLD
2023-06-23 14:52:00,30.861,30.871,30.861,30.871,1124.0,COLD
2023-06-23 14:51:00,30.871,30.871,30.851,30.851,3791.0,COLD
2023-06-23 14:50:00,30.851,30.876,30.851,30.876,1698.0,COLD
2023-06-23 14:49:00,30.851,30.851,30.851,30.851,280.0,COLD
2023-06-23 14:48:00,30.856,30.856,30.851,30.851,797.0,COLD
2023-06-23 14:47:00,30.856,30.856,30.851,30.851,2447.0,COLD
2023-06-23 14:46:00,30.851,30.851,30.841,30.851,1109.0,COLD
2023-06-23 14:45:00,30.881,30.881,30.861,30.861,2299.0,COLD
2023-06-23 14:44:00,30.881,30.881,30.881,30.881,647.0,COLD
2023-06-23 14:43:00,30.876,30.891,30.876,30.886,5268.0,COLD
2023-06-23 14:42:00,30.886,30.891,30.871,30.871,2218.0,COLD
2023-06-23 14:41:00,30.891,30.891,30.881,30.886,1924.0,COLD
2023-06-23 14:40:00,30.901,30.906,30.901,30.906,1656.0,COLD
2023-06-23 14:38:00,30.911,30.911,30.901,30.901,832.0,COLD
2023-06-23 14:37:00,30.935,30.94,30.921,30.921,2718.0,COLD
2023-06-23 14:36:00,30.93,30.93,30.93,30.93,397.0,COLD
2023-06-23 14:35:00,30.93,30.93,30.93,30.93,187.0,COLD
2023-06-23 14:34:00,30.935,30.935,30.935,30.935,385.0,COLD
2023-06-23 14:33:00,30.94,30.94,30.94,30.94,1097.0,COLD
2023-06-23 14:32:00,30.935,30.94,30.93,30.94,721.0,COLD
2023-06-23 14:31:00,30.93,30.935,30.93,30.935,966.0,COLD
2023-06-23 14:30:00,30.921,30.921,30.916,30.921,1335.0,COLD
2023-06-23 14:29:00,30.95,30.95,30.926,30.926,3127.0,COLD
2023-06-23 14:28:00,30.955,30.955,30.955,30.955,321.0,COLD
2023-06-23 14:27:00,30.945,30.95,30.94,30.95,1502.0,COLD
2023-06-23 14:26:00,30.935,30.95,30.935,30.945,2460.0,COLD
2023-06-23 14:25:00,30.935,30.935,30.935,30.935,250.0,COLD
2023-06-23 14:24:00,30.93,30.935,30.93,30.935,236.0,COLD
2023-06-23 14:23:00,30.926,30.926,30.926,30.926,439.0,COLD
2023-06-23 14:22:00,30.926,30.93,30.926,30.93,455.0,COLD
2023-06-23 14:21:00,30.93,30.93,30.926,30.926,668.0,COLD
2023-06-23 14:20:00,30.935,30.948,30.935,30.94,1400.0,COLD
2023-06-23 14:19:00,30.94,30.94,30.94,30.94,248.0,COLD
2023-06-23 14:18:00,30.97,30.97,30.945,30.945,1153.0,COLD
2023-06-23 14:17:00,30.975,30.975,30.97,30.97,1046.0,COLD
2023-06-23 14:16:00,30.97,30.975,30.97,30.97,495.0,COLD
2023-06-23 14:15:00,31.0,31.0,30.96,30.975,3952.0,COLD
2023-06-23 14:14:00,31.02,31.02,31.01,31.01,2069.0,COLD
2023-06-23 14:13:00,31.025,31.025,31.025,31.025,112.0,COLD
2023-06-23 14:12:00,31.025,31.03,31.025,31.03,491.0,COLD
2023-06-23 14:11:00,31.02,31.02,31.02,31.02,1098.0,COLD
2023-06-23 14:10:00,31.02,31.02,31.01,31.015,3123.0,COLD
2023-06-23 14:09:00,31.02,31.02,31.02,31.02,2576.0,COLD
2023-06-23 14:08:00,31.02,31.035,31.02,31.03,2727.0,COLD
2023-06-23 14:07:00,31.02,31.02,31.02,31.02,110.0,COLD
2023-06-23 14:06:00,31.005,31.02,31.005,31.02,1216.0,COLD
2023-06-23 14:05:00,31.005,31.005,31.005,31.005,210.0,COLD
2023-06-23 14:04:00,30.99,31.01,30.99,31.0,1588.0,COLD
2023-06-23 14:03:00,30.985,30.99,30.98,30.99,6321.0,COLD
2023-06-23 14:02:00,30.99,30.99,30.99,30.99,197.0,COLD
2023-06-23 14:01:00,30.98,31.0,30.98,31.0,3767.0,COLD
2023-06-23 14:00:00,30.985,30.985,30.985,30.985,127.0,COLD
2023-06-23 13:58:00,30.99,30.99,30.985,30.99,4280.0,COLD
2023-06-23 13:57:00,31.0,31.0,31.0,31.0,724.0,COLD
2023-06-23 13:56:00,31.0,31.01,30.99,31.0,1060.0,COLD
2023-06-23 13:55:00,30.99,30.995,30.99,30.995,1448.0,COLD
2023-06-23 13:54:00,30.98,30.995,30.98,30.99,1948.0,COLD
2023-06-23 13:53:00,30.98,30.98,30.975,30.975,2474.0,COLD
2023-06-23 13:52:00,30.98,30.98,30.975,30.975,2289.0,COLD
2023-06-23 13:51:00,30.98,30.99,30.98,30.985,4568.0,COLD
2023-06-23 13:50:00,30.97,30.98,30.97,30.975,4947.0,COLD
2023-06-23 13:49:00,30.97,30.975,30.97,30.975,843.0,COLD
2023-06-23 13:48:00,30.95,30.96,30.95,30.96,5441.0,COLD
2023-06-23 13:46:00,30.97,30.97,30.96,30.96,2068.0,COLD
2023-06-23 13:45:00,30.955,30.97,30.955,30.97,3470.0,COLD
2023-06-23 13:44:00,30.95,30.96,30.95,30.95,465.0,COLD
2023-06-23 13:43:00,30.96,30.96,30.96,30.96,322.0,COLD
2023-06-23 13:42:00,30.955,30.96,30.95,30.95,519.0,COLD
2023-06-23 13:41:00,30.95,30.95,30.95,30.95,129.0,COLD
2023-06-23 13:40:00,30.96,30.96,30.955,30.955,231.0,COLD
2023-06-23 13:39:00,30.95,30.95,30.95,30.95,460.0,COLD
2023-06-23 13:38:00,30.94,30.955,30.94,30.95,2994.0,COLD
2023-06-23 13:37:00,30.95,30.95,30.95,30.95,324.0,COLD
2023-06-23 13:36:00,30.95,30.955,30.95,30.95,2251.0,COLD
2023-06-23 13:35:00,30.94,30.95,30.94,30.95,1800.0,COLD
2023-06-23 13:34:00,30.93,30.935,30.93,30.935,476.0,COLD
2023-06-23 13:33:00,30.93,30.935,30.93,30.935,1469.0,COLD
2023-06-23 13:32:00,30.94,30.94,30.94,30.94,166.0,COLD
2023-06-23 13:31:00,30.93,30.93,30.93,30.93,200.0,COLD
2023-06-23 13:30:00,30.921,30.93,30.921,30.93,776.0,COLD
2023-06-23 13:29:00,30.921,30.921,30.921,30.921,325.0,COLD
2023-06-23 13:28:00,30.93,30.93,30.921,30.93,1116.0,COLD
2023-06-23 13:27:00,30.906,30.926,30.906,30.926,1965.0,COLD
2023-06-23 13:26:00,30.911,30.911,30.911,30.911,320.0,COLD
2023-06-23 13:24:00,30.911,30.911,30.911,30.911,279.0,COLD
2023-06-23 13:23:00,30.916,30.916,30.911,30.911,528.0,COLD
2023-06-23 13:22:00,30.94,30.94,30.911,30.926,3079.0,COLD
2023-06-23 13:19:00,30.95,30.95,30.95,30.95,235.0,COLD
2023-06-23 13:18:00,30.95,30.95,30.95,30.95,114.0,COLD
2023-06-23 13:17:00,30.955,30.955,30.94,30.94,1431.0,COLD
2023-06-23 13:16:00,30.95,30.96,30.95,30.96,994.0,COLD
2023-06-23 13:15:00,30.96,30.96,30.945,30.945,1568.0,COLD
2023-06-23 13:14:00,30.96,30.965,30.96,30.965,658.0,COLD
2023-06-23 13:13:00,30.95,30.95,30.95,30.95,300.0,COLD
2023-06-23 13:12:00,30.95,30.95,30.95,30.95,216.0,COLD
2023-06-23 13:10:00,30.94,30.955,30.94,30.95,1837.0,COLD
2023-06-23 13:09:00,30.95,30.95,30.94,30.94,612.0,COLD
2023-06-23 13:08:00,30.95,30.95,30.95,30.95,1598.0,COLD
2023-06-23 13:07:00,30.94,30.94,30.94,30.94,412.0,COLD
2023-06-23 13:06:00,30.96,30.96,30.95,30.95,1319.0,COLD
2023-06-23 13:05:00,30.98,30.98,30.97,30.97,2255.0,COLD
2023-06-23 13:04:00,30.985,30.985,30.98,30.98,229.0,COLD
2023-06-23 13:03:00,31.01,31.01,30.99,30.99,3788.0,COLD
2023-06-23 13:02:00,31.01,31.01,31.01,31.01,528.0,COLD
2023-06-23 13:01:00,31.04,31.04,31.015,31.015,1156.0,COLD
2023-06-23 13:00:00,31.04,31.04,31.031,31.031,518.0,COLD
2023-06-23 12:59:00,31.05,31.05,31.045,31.045,324.0,COLD
2023-06-23 12:58:00,31.06,31.06,31.05,31.055,1014.0,COLD
2023-06-23 12:57:00,31.05,31.06,31.05,31.06,2510.0,COLD
2023-06-23 12:56:00,31.05,31.05,31.05,31.05,522.0,COLD
2023-06-23 12:55:00,31.06,31.06,31.05,31.05,628.0,COLD
2023-06-23 12:54:00,31.065,31.065,31.065,31.065,211.0,COLD
2023-06-23 12:53:00,31.065,31.065,31.065,31.065,309.0,COLD
2023-06-23 12:52:00,31.04,31.06,31.04,31.06,2256.0,COLD
2023-06-23 12:50:00,31.05,31.05,31.05,31.05,527.0,COLD
2023-06-23 12:49:00,31.065,31.065,31.05,31.05,1318.0,COLD
2023-06-23 12:48:00,31.07,31.07,31.05,31.065,2262.0,COLD
2023-06-23 12:46:00,31.05,31.05,31.05,31.05,658.0,COLD
2023-06-23 12:44:00,31.045,31.045,31.03,31.04,2391.0,COLD
2023-06-23 12:42:00,31.05,31.05,31.04,31.04,882.0,COLD
2023-06-23 12:41:00,31.03,31.05,31.03,31.05,749.0,COLD
2023-06-23 12:40:00,31.02,31.03,31.02,31.03,1497.0,COLD
2023-06-23 12:39:00,31.01,31.01,31.0,31.0,516.0,COLD
2023-06-23 12:38:00,31.02,31.02,31.01,31.01,1680.0,COLD
2023-06-23 12:37:00,31.01,31.03,31.01,31.03,528.0,COLD
2023-06-23 12:36:00,31.0,31.01,31.0,31.01,980.0,COLD
2023-06-23 12:35:00,31.005,31.005,31.0,31.0,1045.0,COLD
2023-06-23 12:34:00,31.02,31.02,31.01,31.01,2444.0,COLD
2023-06-23 12:33:00,31.02,31.04,31.02,31.03,1702.0,COLD
2023-06-23 12:32:00,31.01,31.01,31.01,31.01,389.0,COLD
2023-06-23 12:30:00,30.98,30.98,30.98,30.98,449.0,COLD
2023-06-23 12:29:00,30.99,31.0,30.99,31.0,582.0,COLD
2023-06-23 12:28:00,31.0,31.0,31.0,31.0,115.0,COLD
2023-06-23 12:27:00,30.96,30.977,30.957,30.97,1844.0,COLD
2023-06-23 12:25:00,30.94,30.95,30.94,30.95,2201.0,COLD
2023-06-23 12:24:00,30.94,30.94,30.94,30.94,318.0,COLD
2023-06-23 12:23:00,30.935,30.935,30.93,30.93,801.0,COLD
2023-06-23 12:22:00,30.93,30.93,30.93,30.93,927.0,COLD
2023-06-23 12:20:00,30.95,30.95,30.94,30.94,594.0,COLD
2023-06-23 12:19:00,30.935,30.935,30.935,30.935,399.0,COLD
2023-06-23 12:18:00,30.93,30.94,30.93,30.94,1128.0,COLD
2023-06-23 12:17:00,30.921,30.921,30.921,30.921,658.0,COLD
2023-06-23 12:16:00,30.93,30.93,30.921,30.93,697.0,COLD
2023-06-23 12:15:00,30.921,30.93,30.911,30.911,796.0,COLD
2023-06-23 12:14:00,30.901,30.916,30.901,30.916,786.0,COLD
2023-06-23 12:13:00,30.901,30.901,30.901,30.901,674.0,COLD
2023-06-23 12:12:00,30.901,30.901,30.891,30.891,845.0,COLD
2023-06-23 12:11:00,30.901,30.901,30.893,30.893,1358.0,COLD
2023-06-23 12:10:00,30.901,30.901,30.901,30.901,2522.0,COLD
2023-06-23 12:09:00,30.901,30.901,30.901,30.901,176.0,COLD
2023-06-23 12:08:00,30.901,30.906,30.901,30.906,460.0,COLD
2023-06-23 12:07:00,30.911,30.911,30.896,30.896,735.0,COLD
2023-06-23 12:06:00,30.921,30.921,30.921,30.921,684.0,COLD
2023-06-23 12:05:00,30.926,30.926,30.921,30.921,794.0,COLD
2023-06-23 12:04:00,30.926,30.926,30.921,30.921,999.0,COLD
2023-06-23 12:03:00,30.901,30.921,30.901,30.921,1461.0,COLD
2023-06-23 12:02:00,30.94,30.94,30.921,30.921,594.0,COLD
2023-06-23 12:01:00,30.94,30.95,30.94,30.94,701.0,COLD
2023-06-23 12:00:00,30.945,30.945,30.93,30.94,1334.0,COLD
2023-06-23 11:59:00,30.94,30.95,30.94,30.95,506.0,COLD
2023-06-23 11:58:00,30.93,30.93,30.93,30.93,333.0,COLD
2023-06-23 11:57:00,30.921,30.93,30.921,30.93,685.0,COLD
2023-06-23 11:56:00,30.911,30.921,30.911,30.921,1071.0,COLD
2023-06-23 11:55:00,30.916,30.916,30.911,30.911,592.0,COLD
2023-06-23 11:54:00,30.927,30.927,30.927,30.927,365.0,COLD
2023-06-23 11:53:00,30.94,30.94,30.93,30.93,781.0,COLD
2023-06-23 11:51:00,30.94,30.955,30.94,30.95,792.0,COLD
2023-06-23 11:50:00,30.98,30.98,30.96,30.96,846.0,COLD
2023-06-23 11:49:00,30.96,30.97,30.96,30.97,370.0,COLD
2023-06-23 11:48:00,30.95,30.96,30.95,30.96,268.0,COLD
2023-06-23 11:47:00,30.955,30.955,30.95,30.95,1250.0,COLD
2023-06-23 11:46:00,30.95,30.95,30.94,30.94,987.0,COLD
2023-06-23 11:45:00,30.95,30.96,30.95,30.96,672.0,COLD
2023-06-23 11:44:00,30.95,30.95,30.95,30.95,768.0,COLD
2023-06-23 11:43:00,30.94,30.94,30.94,30.94,1072.0,COLD
2023-06-23 11:42:00,30.94,30.94,30.94,30.94,210.0,COLD
2023-06-23 11:41:00,30.96,30.96,30.95,30.96,400.0,COLD
2023-06-23 11:40:00,30.95,30.96,30.94,30.96,2921.0,COLD
2023-06-23 11:39:00,30.95,30.95,30.93,30.95,1667.0,COLD
2023-06-23 11:38:00,30.97,30.98,30.94,30.94,2214.0,COLD
2023-06-23 11:37:00,30.98,30.98,30.98,30.98,384.0,COLD
2023-06-23 11:36:00,31.0,31.0,31.0,31.0,234.0,COLD
2023-06-23 11:35:00,30.98,31.01,30.98,31.005,1956.0,COLD
2023-06-23 11:34:00,30.98,30.98,30.97,30.971,1829.0,COLD
2023-06-23 11:33:00,30.981,30.985,30.981,30.985,611.0,COLD
2023-06-23 11:32:00,31.0,31.0,31.0,31.0,415.0,COLD
2023-06-23 11:31:00,31.015,31.015,31.0,31.0,624.0,COLD
2023-06-23 11:30:00,31.035,31.035,31.02,31.02,1168.0,COLD
2023-06-23 11:29:00,31.02,31.02,31.02,31.02,1025.0,COLD
2023-06-23 11:27:00,31.015,31.015,31.0,31.0,1095.0,COLD
2023-06-23 11:26:00,31.02,31.02,31.01,31.01,1328.0,COLD
2023-06-23 11:24:00,31.03,31.03,31.03,31.03,242.0,COLD
2023-06-23 11:23:00,31.03,31.03,31.03,31.03,396.0,COLD
2023-06-23 11:21:00,31.04,31.04,31.04,31.04,337.0,COLD
2023-06-23 11:20:00,31.03,31.04,31.03,31.03,679.0,COLD
2023-06-23 11:19:00,31.05,31.05,31.03,31.03,731.0,COLD
2023-06-23 11:18:00,31.055,31.06,31.055,31.06,372.0,COLD
2023-06-23 11:17:00,31.04,31.04,31.03,31.04,810.0,COLD
2023-06-23 11:16:00,31.05,31.05,31.05,31.05,127.0,COLD
2023-06-23 11:15:00,31.04,31.04,31.04,31.04,481.0,COLD
2023-06-23 11:14:00,31.03,31.04,31.03,31.04,490.0,COLD
2023-06-23 11:13:00,31.04,31.06,31.04,31.04,2491.0,COLD
2023-06-23 11:12:00,31.03,31.03,31.02,31.02,1108.0,COLD
2023-06-23 11:11:00,31.03,31.03,31.03,31.03,1124.0,COLD
2023-06-23 11:10:00,31.03,31.03,31.02,31.02,976.0,COLD
2023-06-23 11:09:00,31.03,31.03,31.03,31.03,142.0,COLD
2023-06-23 11:08:00,31.05,31.05,31.03,31.04,1690.0,COLD
2023-06-23 11:07:00,31.084,31.084,31.05,31.05,2125.0,COLD
2023-06-23 11:06:00,31.119,31.119,31.084,31.084,1829.0,COLD
2023-06-23 11:05:00,31.119,31.129,31.119,31.119,4521.0,COLD
2023-06-23 11:04:00,31.149,31.149,31.119,31.119,3496.0,COLD
2023-06-23 11:03:00,31.159,31.169,31.159,31.169,713.0,COLD
2023-06-23 11:01:00,31.159,31.159,31.156,31.156,485.0,COLD
2023-06-23 11:00:00,31.149,31.159,31.149,31.159,2052.0,COLD
2023-06-23 10:59:00,31.149,31.159,31.149,31.159,1812.0,COLD
2023-06-23 10:58:00,31.139,31.139,31.139,31.139,213.0,COLD
2023-06-23 10:57:00,31.139,31.139,31.139,31.139,885.0,COLD
2023-06-23 10:56:00,31.119,31.129,31.119,31.129,2042.0,COLD
2023-06-23 10:55:00,31.129,31.129,31.129,31.129,802.0,COLD
2023-06-23 10:54:00,31.149,31.149,31.139,31.139,1008.0,COLD
2023-06-23 10:53:00,31.169,31.169,31.149,31.149,1049.0,COLD
2023-06-23 10:52:00,31.169,31.169,31.169,31.169,515.0,COLD
2023-06-23 10:51:00,31.169,31.169,31.164,31.164,327.0,COLD
2023-06-23 10:50:00,31.169,31.169,31.169,31.169,305.0,COLD
2023-06-23 10:49:00,31.149,31.169,31.149,31.159,1043.0,COLD
2023-06-23 10:48:00,31.179,31.179,31.169,31.169,1050.0,COLD
2023-06-23 10:47:00,31.194,31.194,31.194,31.194,827.0,COLD
2023-06-23 10:46:00,31.164,31.179,31.164,31.179,210.0,COLD
2023-06-23 10:45:00,31.174,31.174,31.169,31.169,1631.0,COLD
2023-06-23 10:44:00,31.179,31.179,31.169,31.179,970.0,COLD
2023-06-23 10:43:00,31.179,31.179,31.159,31.159,1354.0,COLD
2023-06-23 10:42:00,31.179,31.179,31.179,31.179,327.0,COLD
2023-06-23 10:41:00,31.179,31.179,31.169,31.169,607.0,COLD
2023-06-23 10:40:00,31.189,31.194,31.189,31.194,335.0,COLD
2023-06-23 10:39:00,31.169,31.199,31.169,31.194,1074.0,COLD
2023-06-23 10:38:00,31.159,31.159,31.159,31.159,433.0,COLD
2023-06-23 10:37:00,31.149,31.174,31.149,31.17,1569.0,COLD
2023-06-23 10:36:00,31.139,31.144,31.139,31.144,349.0,COLD
2023-06-23 10:34:00,31.159,31.159,31.149,31.149,766.0,COLD
2023-06-23 10:33:00,31.134,31.159,31.134,31.159,1786.0,COLD
2023-06-23 10:32:00,31.159,31.159,31.134,31.134,650.0,COLD
2023-06-23 10:31:00,31.184,31.194,31.169,31.179,5398.0,COLD
2023-06-23 10:30:00,31.199,31.199,31.179,31.179,3873.0,COLD
2023-06-23 10:29:00,31.194,31.194,31.194,31.194,127.0,COLD
2023-06-23 10:28:00,31.199,31.199,31.199,31.199,123.0,COLD
2023-06-23 10:27:00,31.219,31.224,31.209,31.209,1755.0,COLD
2023-06-23 10:26:00,31.189,31.209,31.189,31.209,1609.0,COLD
2023-06-23 10:25:00,31.184,31.184,31.184,31.184,166.0,COLD
2023-06-23 10:24:00,31.219,31.219,31.214,31.219,1632.0,COLD
2023-06-23 10:23:00,31.199,31.199,31.189,31.189,759.0,COLD
2023-06-23 10:22:00,31.228,31.228,31.214,31.214,414.0,COLD
2023-06-23 10:20:00,31.228,31.243,31.228,31.243,237.0,COLD
2023-06-23 10:19:00,31.258,31.263,31.238,31.238,2121.0,COLD
2023-06-23 10:18:00,31.268,31.268,31.258,31.258,464.0,COLD
2023-06-23 10:17:00,31.268,31.278,31.268,31.278,632.0,COLD
2023-06-23 10:16:00,31.258,31.258,31.258,31.258,306.0,COLD
2023-06-23 10:15:00,31.268,31.268,31.268,31.268,620.0,COLD
2023-06-23 10:14:00,31.258,31.268,31.258,31.268,997.0,COLD
2023-06-23 10:13:00,31.238,31.258,31.238,31.258,573.0,COLD
2023-06-23 10:12:00,31.268,31.268,31.238,31.238,1850.0,COLD
2023-06-23 10:11:00,31.268,31.278,31.268,31.278,370.0,COLD
2023-06-23 10:10:00,31.258,31.288,31.258,31.263,523.0,COLD
2023-06-23 10:09:00,31.209,31.243,31.209,31.243,686.0,COLD
2023-06-23 10:08:00,31.209,31.209,31.209,31.209,200.0,COLD
2023-06-23 10:07:00,31.258,31.258,31.228,31.228,1864.0,COLD
2023-06-23 10:06:00,31.263,31.263,31.238,31.248,2766.0,COLD
2023-06-23 10:05:00,31.248,31.283,31.238,31.283,8641.0,COLD
2023-06-23 10:04:00,31.228,31.268,31.228,31.267,3218.0,COLD
2023-06-23 10:03:00,31.228,31.238,31.228,31.238,402.0,COLD
2023-06-23 10:02:00,31.219,31.228,31.219,31.228,4315.0,COLD
2023-06-23 10:01:00,31.189,31.224,31.189,31.219,5598.0,COLD
2023-06-23 10:00:00,31.169,31.184,31.169,31.174,1216.0,COLD
2023-06-23 09:59:00,31.139,31.169,31.139,31.169,1109.0,COLD
2023-06-23 09:57:00,31.154,31.154,31.149,31.149,319.0,COLD
2023-06-23 09:56:00,31.159,31.161,31.149,31.161,953.0,COLD
2023-06-23 09:54:00,31.159,31.159,31.159,31.159,301.0,COLD
2023-06-23 09:53:00,31.179,31.179,31.179,31.179,100.0,COLD
2023-06-23 09:52:00,31.204,31.215,31.189,31.189,940.0,COLD
2023-06-23 09:51:00,31.179,31.179,31.179,31.179,111.0,COLD
2023-06-23 09:49:00,31.169,31.169,31.169,31.169,130.0,COLD
2023-06-23 09:48:00,31.179,31.179,31.179,31.179,153.0,COLD
2023-06-23 09:47:00,31.209,31.219,31.209,31.219,682.0,COLD
2023-06-23 09:46:00,31.238,31.238,31.238,31.238,431.0,COLD
2023-06-23 09:45:00,31.209,31.268,31.209,31.258,2007.0,COLD
2023-06-23 09:44:00,31.179,31.199,31.173,31.199,754.0,COLD
2023-06-23 09:43:00,31.139,31.169,31.139,31.164,1260.0,COLD
2023-06-23 09:42:00,31.109,31.124,31.109,31.124,490.0,COLD
2023-06-23 09:40:00,31.089,31.089,31.089,31.089,492.0,COLD
2023-06-23 09:39:00,31.04,31.07,31.04,31.07,1141.0,COLD
2023-06-23 09:36:00,31.109,31.109,31.104,31.104,1824.0,COLD
2023-06-23 09:35:00,31.139,31.149,31.139,31.149,949.0,COLD
2023-06-23 09:34:00,31.109,31.109,31.109,31.109,123.0,COLD
2023-06-23 09:33:00,31.248,31.248,31.109,31.109,202.0,COLD
2023-06-23 09:30:00,31.139,31.318,31.139,31.209,2659.0,COLD
2023-06-23 08:31:00,31.288,31.288,31.278,31.278,6.0,COLD
2023-06-22 19:00:00,31.278,31.278,31.278,31.278,179838.0,COLD
2023-06-22 18:30:00,31.278,31.278,31.278,31.278,179838.0,COLD
2023-06-22 17:00:00,31.705,31.705,31.705,31.705,1.0,COLD
2023-06-22 16:56:00,31.278,31.278,31.278,31.278,38470.0,COLD
2023-06-22 16:10:00,31.278,31.278,30.99,30.99,179839.0,COLD
2023-06-22 16:09:00,31.278,31.278,31.278,31.278,455.0,COLD
2023-06-22 16:08:00,30.833,30.833,30.833,30.833,1.0,COLD
2023-06-22 16:00:00,31.268,31.278,30.901,31.278,387763.0,COLD
2023-06-22 15:59:00,31.238,31.278,31.238,31.278,26953.0,COLD
2023-06-22 15:58:00,31.248,31.248,31.238,31.238,13458.0,COLD
2023-06-22 15:57:00,31.233,31.248,31.219,31.248,17703.0,COLD
2023-06-22 15:56:00,31.243,31.248,31.233,31.238,6611.0,COLD
2023-06-22 15:55:00,31.253,31.268,31.243,31.243,11678.0,COLD
2023-06-22 15:54:00,31.253,31.268,31.248,31.258,11183.0,COLD
2023-06-22 15:53:00,31.268,31.268,31.248,31.253,4742.0,COLD
2023-06-22 15:52:00,31.288,31.288,31.263,31.263,9628.0,COLD
2023-06-22 15:51:00,31.293,31.293,31.278,31.283,12772.0,COLD
2023-06-22 15:50:00,31.278,31.298,31.278,31.298,4250.0,COLD
2023-06-22 15:49:00,31.263,31.278,31.263,31.278,4405.0,COLD
2023-06-22 15:48:00,31.253,31.268,31.253,31.268,4491.0,COLD
2023-06-22 15:47:00,31.258,31.258,31.253,31.253,3631.0,COLD
2023-06-22 15:46:00,31.263,31.263,31.253,31.253,6359.0,COLD
2023-06-22 15:45:00,31.253,31.263,31.248,31.263,10907.0,COLD
2023-06-22 15:44:00,31.248,31.253,31.248,31.253,2221.0,COLD
2023-06-22 15:43:00,31.253,31.253,31.248,31.253,1657.0,COLD
2023-06-22 15:42:00,31.264,31.264,31.248,31.253,2416.0,COLD
2023-06-22 15:41:00,31.273,31.273,31.268,31.268,2522.0,COLD
2023-06-22 15:40:00,31.283,31.283,31.273,31.278,2986.0,COLD
2023-06-22 15:39:00,31.263,31.288,31.263,31.283,8786.0,COLD
2023-06-22 15:38:00,31.268,31.273,31.258,31.263,4605.0,COLD
2023-06-22 15:37:00,31.263,31.268,31.263,31.268,738.0,COLD
2023-06-22 15:36:00,31.259,31.268,31.259,31.263,1279.0,COLD
2023-06-22 15:35:00,31.263,31.268,31.263,31.263,1002.0,COLD
2023-06-22 15:34:00,31.263,31.273,31.263,31.268,3487.0,COLD
2023-06-22 15:32:00,31.293,31.293,31.278,31.278,1498.0,COLD
2023-06-22 15:31:00,31.298,31.303,31.283,31.288,2861.0,COLD
2023-06-22 15:30:00,31.303,31.303,31.288,31.298,4250.0,COLD
2023-06-22 15:29:00,31.313,31.318,31.308,31.308,4246.0,COLD
2023-06-22 15:28:00,31.308,31.318,31.308,31.318,566.0,COLD
2023-06-22 15:27:00,31.323,31.323,31.308,31.308,1784.0,COLD
2023-06-22 15:26:00,31.318,31.318,31.318,31.318,1281.0,COLD
2023-06-22 15:25:00,31.323,31.323,31.308,31.308,1058.0,COLD
2023-06-22 15:24:00,31.328,31.333,31.328,31.328,3693.0,COLD
2023-06-22 15:23:00,31.318,31.323,31.318,31.323,1760.0,COLD
2023-06-22 15:21:00,31.353,31.353,31.348,31.353,1489.0,COLD
2023-06-22 15:20:00,31.358,31.358,31.338,31.353,4041.0,COLD
2023-06-22 15:19:00,31.348,31.353,31.348,31.353,1203.0,COLD
2023-06-22 15:18:00,31.343,31.348,31.333,31.348,4190.0,COLD
2023-06-22 15:17:00,31.343,31.343,31.343,31.343,713.0,COLD
2023-06-22 15:16:00,31.343,31.343,31.343,31.343,348.0,COLD
2023-06-22 15:15:00,31.348,31.348,31.338,31.348,2173.0,COLD
2023-06-22 15:14:00,31.348,31.348,31.348,31.348,1090.0,COLD
2023-06-22 15:13:00,31.343,31.343,31.338,31.338,1045.0,COLD
2023-06-22 15:12:00,31.353,31.353,31.343,31.343,936.0,COLD
2023-06-22 15:11:00,31.358,31.363,31.348,31.348,1403.0,COLD
2023-06-22 15:10:00,31.338,31.363,31.338,31.363,1991.0,COLD
2023-06-22 15:09:00,31.353,31.353,31.348,31.348,1020.0,COLD
2023-06-22 15:08:00,31.353,31.353,31.343,31.348,1822.0,COLD
2023-06-22 15:07:00,31.348,31.368,31.348,31.358,1448.0,COLD
2023-06-22 15:06:00,31.323,31.338,31.323,31.338,1239.0,COLD
2023-06-22 15:05:00,31.323,31.323,31.323,31.323,573.0,COLD
2023-06-22 15:04:00,31.353,31.353,31.328,31.328,3636.0,COLD
2023-06-22 15:03:00,31.353,31.353,31.353,31.353,1742.0,COLD
2023-06-22 15:02:00,31.353,31.353,31.353,31.353,627.0,COLD
2023-06-22 15:01:00,31.358,31.368,31.353,31.353,1754.0,COLD
2023-06-22 15:00:00,31.328,31.363,31.328,31.358,4708.0,COLD
2023-06-22 14:59:00,31.318,31.328,31.318,31.328,1087.0,COLD
2023-06-22 14:58:00,31.308,31.318,31.308,31.308,3422.0,COLD
2023-06-22 14:57:00,31.298,31.298,31.298,31.298,598.0,COLD
2023-06-22 14:56:00,31.288,31.298,31.288,31.292,2647.0,COLD
2023-06-22 14:55:00,31.268,31.278,31.268,31.278,2064.0,COLD
2023-06-22 14:54:00,31.258,31.263,31.258,31.263,910.0,COLD
2023-06-22 14:53:00,31.243,31.248,31.243,31.248,875.0,COLD
2023-06-22 14:52:00,31.253,31.253,31.242,31.242,3372.0,COLD
2023-06-22 14:51:00,31.243,31.253,31.243,31.253,1317.0,COLD
2023-06-22 14:49:00,31.248,31.248,31.248,31.248,727.0,COLD
2023-06-22 14:48:00,31.253,31.253,31.238,31.248,2993.0,COLD
2023-06-22 14:47:00,31.248,31.258,31.248,31.258,768.0,COLD
2023-06-22 14:46:00,31.268,31.268,31.25,31.25,631.0,COLD
2023-06-22 14:45:00,31.276,31.276,31.258,31.258,2921.0,COLD
2023-06-22 14:44:00,31.263,31.268,31.253,31.268,1329.0,COLD
2023-06-22 14:43:00,31.233,31.263,31.233,31.263,2665.0,COLD
2023-06-22 14:42:00,31.228,31.233,31.228,31.233,316.0,COLD
2023-06-22 14:41:00,31.238,31.238,31.238,31.238,499.0,COLD
2023-06-22 14:40:00,31.258,31.258,31.238,31.238,3147.0,COLD
2023-06-22 14:39:00,31.263,31.263,31.263,31.263,511.0,COLD
2023-06-22 14:37:00,31.268,31.268,31.268,31.268,112.0,COLD
2023-06-22 14:36:00,31.263,31.263,31.258,31.263,705.0,COLD
2023-06-22 14:35:00,31.248,31.258,31.248,31.258,959.0,COLD
2023-06-22 14:34:00,31.243,31.243,31.243,31.243,170.0,COLD
2023-06-22 14:33:00,31.258,31.258,31.238,31.238,1669.0,COLD
2023-06-22 14:32:00,31.248,31.258,31.248,31.253,2636.0,COLD
2023-06-22 14:31:00,31.228,31.238,31.228,31.238,1748.0,COLD
2023-06-22 14:30:00,31.209,31.224,31.209,31.224,3955.0,COLD
2023-06-22 14:29:00,31.209,31.209,31.199,31.204,2967.0,COLD
2023-06-22 14:28:00,31.184,31.209,31.184,31.204,3141.0,COLD
2023-06-22 14:26:00,31.179,31.184,31.179,31.184,587.0,COLD
2023-06-22 14:25:00,31.164,31.174,31.164,31.174,906.0,COLD
2023-06-22 14:24:00,31.164,31.169,31.164,31.166,1922.0,COLD
2023-06-22 14:23:00,31.159,31.169,31.159,31.164,6443.0,COLD
2023-06-22 14:22:00,31.164,31.166,31.159,31.166,1510.0,COLD
2023-06-22 14:21:00,31.166,31.166,31.166,31.166,108.0,COLD
2023-06-22 14:20:00,31.154,31.166,31.154,31.166,1516.0,COLD
2023-06-22 14:19:00,31.154,31.154,31.154,31.154,927.0,COLD
2023-06-22 14:18:00,31.149,31.164,31.149,31.159,2861.0,COLD
2023-06-22 14:17:00,31.169,31.169,31.149,31.154,2040.0,COLD
2023-06-22 14:16:00,31.174,31.174,31.174,31.174,244.0,COLD
2023-06-22 14:15:00,31.169,31.169,31.169,31.169,352.0,COLD
2023-06-22 14:14:00,31.189,31.189,31.169,31.174,1467.0,COLD
2023-06-22 14:13:00,31.209,31.209,31.189,31.189,3264.0,COLD
2023-06-22 14:12:00,31.219,31.224,31.209,31.209,1807.0,COLD
2023-06-22 14:11:00,31.219,31.219,31.219,31.219,126.0,COLD
2023-06-22 14:10:00,31.224,31.228,31.224,31.224,6685.0,COLD
2023-06-22 14:09:00,31.233,31.233,31.228,31.228,2798.0,COLD
2023-06-22 14:08:00,31.233,31.233,31.233,31.233,554.0,COLD
2023-06-22 14:07:00,31.233,31.233,31.233,31.233,978.0,COLD
2023-06-22 14:06:00,31.229,31.236,31.229,31.236,444.0,COLD
2023-06-22 14:05:00,31.233,31.233,31.228,31.233,1312.0,COLD
2023-06-22 14:04:00,31.224,31.233,31.224,31.233,4710.0,COLD
2023-06-22 14:03:00,31.224,31.224,31.224,31.224,332.0,COLD
2023-06-22 14:02:00,31.224,31.224,31.224,31.224,465.0,COLD
2023-06-22 14:01:00,31.226,31.226,31.224,31.224,517.0,COLD
2023-06-22 14:00:00,31.214,31.224,31.214,31.224,2136.0,COLD
2023-06-22 13:59:00,31.216,31.219,31.214,31.214,2006.0,COLD
2023-06-22 13:58:00,31.219,31.219,31.214,31.214,2680.0,COLD
2023-06-22 13:57:00,31.214,31.214,31.214,31.214,200.0,COLD
2023-06-22 13:56:00,31.209,31.209,31.189,31.209,14740.0,COLD
2023-06-22 13:55:00,31.209,31.219,31.209,31.216,1549.0,COLD
2023-06-22 13:54:00,31.209,31.216,31.209,31.216,5263.0,COLD
2023-06-22 13:53:00,31.219,31.219,31.214,31.214,909.0,COLD
2023-06-22 13:52:00,31.224,31.224,31.219,31.219,662.0,COLD
2023-06-22 13:51:00,31.224,31.224,31.224,31.224,284.0,COLD
2023-06-22 13:50:00,31.233,31.233,31.228,31.228,3888.0,COLD
2023-06-22 13:49:00,31.228,31.233,31.228,31.233,942.0,COLD
2023-06-22 13:48:00,31.228,31.243,31.228,31.238,2135.0,COLD
2023-06-22 13:47:00,31.216,31.224,31.204,31.224,13452.0,COLD
2023-06-22 13:46:00,31.199,31.216,31.199,31.214,6223.0,COLD
2023-06-22 13:45:00,31.204,31.206,31.199,31.204,5766.0,COLD
2023-06-22 13:44:00,31.199,31.206,31.194,31.206,2748.0,COLD
2023-06-22 13:43:00,31.189,31.194,31.184,31.194,1403.0,COLD
2023-06-22 13:42:00,31.184,31.194,31.184,31.189,3760.0,COLD
2023-06-22 13:41:00,31.184,31.189,31.184,31.186,1503.0,COLD
2023-06-22 13:40:00,31.187,31.187,31.184,31.184,835.0,COLD
2023-06-22 13:39:00,31.194,31.194,31.184,31.184,4658.0,COLD
2023-06-22 13:38:00,31.189,31.194,31.184,31.194,1427.0,COLD
2023-06-22 13:37:00,31.179,31.179,31.179,31.179,1073.0,COLD
2023-06-22 13:36:00,31.159,31.189,31.159,31.179,2677.0,COLD
2023-06-22 13:35:00,31.159,31.159,31.149,31.149,2238.0,COLD
2023-06-22 13:34:00,31.149,31.149,31.149,31.149,1461.0,COLD
2023-06-22 13:33:00,31.159,31.159,31.149,31.159,1825.0,COLD
2023-06-22 13:32:00,31.149,31.169,31.149,31.159,1507.0,COLD
2023-06-22 13:31:00,31.149,31.149,31.149,31.149,104.0,COLD
2023-06-22 13:30:00,31.159,31.159,31.149,31.149,907.0,COLD
2023-06-22 13:29:00,31.159,31.159,31.149,31.159,2740.0,COLD
2023-06-22 13:28:00,31.169,31.169,31.169,31.169,192.0,COLD
2023-06-22 13:27:00,31.159,31.159,31.159,31.159,215.0,COLD
2023-06-22 13:26:00,31.149,31.159,31.149,31.159,850.0,COLD
2023-06-22 13:25:00,31.139,31.139,31.139,31.139,1273.0,COLD
2023-06-22 13:24:00,31.149,31.149,31.139,31.139,1056.0,COLD
2023-06-22 13:22:00,31.149,31.149,31.139,31.139,594.0,COLD
2023-06-22 13:21:00,31.169,31.169,31.154,31.154,1404.0,COLD
2023-06-22 13:20:00,31.169,31.169,31.169,31.169,1438.0,COLD
2023-06-22 13:18:00,31.189,31.189,31.179,31.179,1103.0,COLD
2023-06-22 13:16:00,31.179,31.194,31.179,31.194,2048.0,COLD
2023-06-22 13:15:00,31.159,31.159,31.159,31.159,1909.0,COLD
2023-06-22 13:14:00,31.169,31.169,31.159,31.159,1789.0,COLD
2023-06-22 13:13:00,31.139,31.169,31.139,31.169,3905.0,COLD
2023-06-22 13:12:00,31.134,31.134,31.134,31.134,268.0,COLD
2023-06-22 13:10:00,31.139,31.139,31.139,31.139,100.0,COLD
2023-06-22 13:09:00,31.164,31.169,31.129,31.129,901.0,COLD
2023-06-22 13:08:00,31.164,31.164,31.159,31.159,1982.0,COLD
2023-06-22 13:07:00,31.154,31.159,31.154,31.159,1145.0,COLD
2023-06-22 13:06:00,31.149,31.149,31.149,31.149,119.0,COLD
2023-06-22 13:05:00,31.159,31.159,31.159,31.159,739.0,COLD
2023-06-22 13:04:00,31.159,31.169,31.159,31.159,1463.0,COLD
2023-06-22 13:03:00,31.169,31.169,31.159,31.159,400.0,COLD
2023-06-22 13:02:00,31.189,31.189,31.159,31.169,4485.0,COLD
2023-06-22 13:01:00,31.189,31.189,31.189,31.189,150.0,COLD
2023-06-22 13:00:00,31.184,31.184,31.184,31.184,471.0,COLD
2023-06-22 12:58:00,31.179,31.194,31.179,31.184,2112.0,COLD
2023-06-22 12:57:00,31.189,31.199,31.179,31.179,2915.0,COLD
2023-06-22 12:56:00,31.179,31.179,31.179,31.179,202.0,COLD
2023-06-22 12:54:00,31.184,31.184,31.174,31.174,1801.0,COLD
2023-06-22 12:52:00,31.169,31.179,31.159,31.179,1757.0,COLD
2023-06-22 12:51:00,31.169,31.169,31.169,31.169,301.0,COLD
2023-06-22 12:50:00,31.169,31.169,31.159,31.164,1704.0,COLD
2023-06-22 12:49:00,31.179,31.179,31.174,31.174,312.0,COLD
2023-06-22 12:48:00,31.169,31.179,31.169,31.179,5713.0,COLD
2023-06-22 12:45:00,31.168,31.179,31.168,31.179,1494.0,COLD
2023-06-22 12:44:00,31.159,31.164,31.159,31.164,682.0,COLD
2023-06-22 12:43:00,31.129,31.149,31.124,31.149,4876.0,COLD
2023-06-22 12:42:00,31.139,31.139,31.129,31.139,2704.0,COLD
2023-06-22 12:41:00,31.134,31.134,31.134,31.134,721.0,COLD
2023-06-22 12:40:00,31.131,31.139,31.129,31.139,2503.0,COLD
2023-06-22 12:39:00,31.139,31.139,31.139,31.139,915.0,COLD
2023-06-22 12:38:00,31.144,31.144,31.139,31.139,999.0,COLD
2023-06-22 12:37:00,31.154,31.154,31.149,31.149,1277.0,COLD
2023-06-22 12:36:00,31.154,31.154,31.154,31.154,221.0,COLD
2023-06-22 12:35:00,31.139,31.149,31.139,31.149,1876.0,COLD
2023-06-22 12:34:00,31.134,31.134,31.129,31.129,2118.0,COLD
2023-06-22 12:33:00,31.129,31.129,31.129,31.129,1324.0,COLD
2023-06-22 12:32:00,31.129,31.129,31.119,31.129,1950.0,COLD
2023-06-22 12:31:00,31.129,31.129,31.129,31.129,795.0,COLD
2023-06-22 12:30:00,31.129,31.129,31.119,31.119,3978.0,COLD
2023-06-22 12:29:00,31.094,31.119,31.094,31.119,2883.0,COLD
2023-06-22 12:28:00,31.099,31.099,31.094,31.094,500.0,COLD
2023-06-22 12:27:00,31.099,31.099,31.089,31.089,4203.0,COLD
2023-06-22 12:26:00,31.109,31.109,31.109,31.109,200.0,COLD
2023-06-22 12:25:00,31.079,31.099,31.079,31.099,4537.0,COLD
2023-06-22 12:24:00,31.079,31.084,31.079,31.079,1573.0,COLD
2023-06-22 12:23:00,31.07,31.075,31.06,31.07,10031.0,COLD
2023-06-22 12:22:00,31.07,31.07,31.07,31.07,110.0,COLD
2023-06-22 12:21:00,31.05,31.05,31.05,31.05,2649.0,COLD
2023-06-22 12:20:00,31.05,31.05,31.04,31.04,1483.0,COLD
2023-06-22 12:19:00,31.079,31.079,31.06,31.06,2538.0,COLD
2023-06-22 12:18:00,31.089,31.089,31.089,31.089,826.0,COLD
2023-06-22 12:17:00,31.094,31.099,31.084,31.099,1927.0,COLD
2023-06-22 12:16:00,31.089,31.094,31.089,31.094,925.0,COLD
2023-06-22 12:15:00,31.089,31.089,31.079,31.089,2534.0,COLD
2023-06-22 12:14:00,31.089,31.089,31.079,31.079,2443.0,COLD
2023-06-22 12:13:00,31.109,31.109,31.099,31.099,759.0,COLD
2023-06-22 12:12:00,31.139,31.139,31.129,31.129,928.0,COLD
2023-06-22 12:11:00,31.139,31.139,31.139,31.139,575.0,COLD
2023-06-22 12:10:00,31.149,31.149,31.139,31.139,463.0,COLD
2023-06-22 12:09:00,31.169,31.169,31.149,31.149,2557.0,COLD
2023-06-22 12:08:00,31.159,31.159,31.159,31.159,1137.0,COLD
2023-06-22 12:07:00,31.184,31.184,31.164,31.164,3077.0,COLD
2023-06-22 12:06:00,31.189,31.189,31.184,31.184,1850.0,COLD
2023-06-22 12:05:00,31.199,31.204,31.184,31.184,2317.0,COLD
2023-06-22 12:04:00,31.209,31.209,31.209,31.209,1467.0,COLD
2023-06-22 12:03:00,31.219,31.219,31.209,31.209,1442.0,COLD
2023-06-22 12:02:00,31.228,31.23,31.219,31.219,784.0,COLD
2023-06-22 12:01:00,31.248,31.248,31.219,31.219,995.0,COLD
2023-06-22 12:00:00,31.253,31.258,31.248,31.258,2451.0,COLD
2023-06-22 11:59:00,31.258,31.258,31.258,31.258,1630.0,COLD
2023-06-22 11:58:00,31.273,31.273,31.258,31.258,2013.0,COLD
2023-06-22 11:57:00,31.258,31.258,31.258,31.258,866.0,COLD
2023-06-22 11:56:00,31.268,31.268,31.248,31.253,3569.0,COLD
2023-06-22 11:54:00,31.273,31.273,31.258,31.268,1967.0,COLD
2023-06-22 11:53:00,31.248,31.278,31.248,31.278,2683.0,COLD
2023-06-22 11:52:00,31.258,31.258,31.248,31.248,1315.0,COLD
2023-06-22 11:51:00,31.248,31.248,31.248,31.248,2359.0,COLD
2023-06-22 11:50:00,31.209,31.243,31.209,31.238,15253.0,COLD
2023-06-22 11:49:00,31.209,31.224,31.209,31.224,200.0,COLD
2023-06-22 11:48:00,31.248,31.248,31.238,31.238,903.0,COLD
2023-06-22 11:47:00,31.258,31.268,31.248,31.248,1000.0,COLD
2023-06-22 11:46:00,31.248,31.268,31.248,31.258,1161.0,COLD
2023-06-22 11:45:00,31.248,31.258,31.248,31.258,415.0,COLD
2023-06-22 11:44:00,31.258,31.258,31.248,31.248,472.0,COLD
2023-06-22 11:43:00,31.268,31.268,31.268,31.268,697.0,COLD
2023-06-22 11:42:00,31.268,31.278,31.268,31.278,313.0,COLD
2023-06-22 11:41:00,31.293,31.293,31.278,31.278,1210.0,COLD
2023-06-22 11:40:00,31.293,31.298,31.293,31.298,238.0,COLD
2023-06-22 11:38:00,31.298,31.298,31.278,31.278,1511.0,COLD
2023-06-22 11:37:00,31.278,31.298,31.278,31.298,4337.0,COLD
2023-06-22 11:36:00,31.268,31.268,31.258,31.258,580.0,COLD
2023-06-22 11:35:00,31.298,31.298,31.288,31.288,1631.0,COLD
2023-06-22 11:34:00,31.318,31.318,31.308,31.308,802.0,COLD
2023-06-22 11:33:00,31.328,31.328,31.318,31.318,507.0,COLD
2023-06-22 11:32:00,31.308,31.308,31.308,31.308,195.0,COLD
2023-06-22 11:31:00,31.328,31.328,31.328,31.328,483.0,COLD
2023-06-22 11:30:00,31.348,31.348,31.348,31.348,507.0,COLD
2023-06-22 11:29:00,31.348,31.348,31.348,31.348,340.0,COLD
2023-06-22 11:28:00,31.368,31.368,31.348,31.348,1655.0,COLD
2023-06-22 11:27:00,31.368,31.368,31.368,31.368,1148.0,COLD
2023-06-22 11:26:00,31.387,31.387,31.368,31.368,888.0,COLD
2023-06-22 11:25:00,31.387,31.392,31.387,31.392,495.0,COLD
2023-06-22 11:24:00,31.407,31.407,31.387,31.387,1189.0,COLD
2023-06-22 11:23:00,31.397,31.412,31.397,31.412,1532.0,COLD
2023-06-22 11:22:00,31.417,31.417,31.387,31.387,2291.0,COLD
2023-06-22 11:21:00,31.427,31.427,31.427,31.427,520.0,COLD
2023-06-22 11:19:00,31.407,31.417,31.407,31.417,832.0,COLD
2023-06-22 11:18:00,31.417,31.417,31.417,31.417,300.0,COLD
2023-06-22 11:17:00,31.387,31.417,31.387,31.412,2630.0,COLD
2023-06-22 11:15:00,31.392,31.392,31.387,31.387,287.0,COLD
2023-06-22 11:14:00,31.387,31.387,31.387,31.387,432.0,COLD
2023-06-22 11:13:00,31.368,31.382,31.358,31.377,5974.0,COLD
2023-06-22 11:11:00,31.377,31.377,31.368,31.368,546.0,COLD
2023-06-22 11:10:00,31.387,31.387,31.377,31.377,1014.0,COLD
2023-06-22 11:09:00,31.368,31.397,31.368,31.397,3589.0,COLD
2023-06-22 11:08:00,31.358,31.358,31.358,31.358,314.0,COLD
2023-06-22 11:07:00,31.358,31.358,31.358,31.358,208.0,COLD
2023-06-22 11:06:00,31.397,31.397,31.368,31.368,2060.0,COLD
2023-06-22 11:05:00,31.407,31.407,31.397,31.397,483.0,COLD
2023-06-22 11:04:00,31.397,31.417,31.397,31.417,2357.0,COLD
2023-06-22 11:03:00,31.387,31.387,31.382,31.387,1223.0,COLD
2023-06-22 11:02:00,31.407,31.407,31.387,31.387,1152.0,COLD
2023-06-22 11:01:00,31.427,31.427,31.427,31.427,448.0,COLD
2023-06-22 11:00:00,31.427,31.447,31.427,31.437,3015.0,COLD
2023-06-22 10:59:00,31.427,31.427,31.417,31.427,1670.0,COLD
2023-06-22 10:58:00,31.442,31.442,31.427,31.427,1266.0,COLD
2023-06-22 10:57:00,31.432,31.442,31.432,31.437,2631.0,COLD
2023-06-22 10:56:00,31.457,31.457,31.432,31.432,3148.0,COLD
2023-06-22 10:55:00,31.447,31.447,31.447,31.447,999.0,COLD
2023-06-22 10:54:00,31.422,31.432,31.422,31.427,1229.0,COLD
2023-06-22 10:53:00,31.447,31.447,31.407,31.407,3981.0,COLD
2023-06-22 10:52:00,31.427,31.447,31.427,31.447,1550.0,COLD
2023-06-22 10:51:00,31.387,31.417,31.387,31.417,3365.0,COLD
2023-06-22 10:50:00,31.358,31.387,31.358,31.387,1495.0,COLD
2023-06-22 10:49:00,31.323,31.348,31.323,31.348,3589.0,COLD
2023-06-22 10:48:00,31.323,31.323,31.323,31.323,421.0,COLD
2023-06-22 10:47:00,31.318,31.323,31.313,31.323,2234.0,COLD
2023-06-22 10:46:00,31.333,31.333,31.298,31.308,3888.0,COLD
2023-06-22 10:45:00,31.338,31.353,31.338,31.338,2591.0,COLD
2023-06-22 10:44:00,31.338,31.338,31.338,31.338,209.0,COLD
2023-06-22 10:43:00,31.358,31.363,31.338,31.338,2770.0,COLD
2023-06-22 10:42:00,31.382,31.382,31.338,31.348,18355.0,COLD
2023-06-22 10:41:00,31.387,31.387,31.382,31.382,2424.0,COLD
2023-06-22 10:40:00,31.397,31.397,31.368,31.382,3602.0,COLD
2023-06-22 10:39:00,31.397,31.397,31.387,31.397,3726.0,COLD
2023-06-22 10:38:00,31.417,31.417,31.397,31.397,991.0,COLD
2023-06-22 10:37:00,31.437,31.437,31.417,31.427,1880.0,COLD
2023-06-22 10:36:00,31.407,31.437,31.407,31.437,3087.0,COLD
2023-06-22 10:35:00,31.397,31.407,31.397,31.407,449.0,COLD
2023-06-22 10:34:00,31.447,31.457,31.427,31.427,2886.0,COLD
2023-06-22 10:33:00,31.447,31.467,31.432,31.467,3635.0,COLD
2023-06-22 10:32:00,31.427,31.437,31.427,31.437,1144.0,COLD
2023-06-22 10:31:00,31.417,31.422,31.417,31.417,1673.0,COLD
2023-06-22 10:30:00,31.397,31.407,31.387,31.407,2559.0,COLD
2023-06-22 10:29:00,31.387,31.397,31.387,31.397,400.0,COLD
2023-06-22 10:28:00,31.373,31.397,31.373,31.397,1649.0,COLD
2023-06-22 10:27:00,31.407,31.407,31.377,31.377,1612.0,COLD
2023-06-22 10:26:00,31.427,31.427,31.402,31.407,1252.0,COLD
2023-06-22 10:25:00,31.427,31.447,31.407,31.407,4445.0,COLD
2023-06-22 10:24:00,31.407,31.417,31.407,31.417,3252.0,COLD
2023-06-22 10:23:00,31.397,31.402,31.397,31.397,2233.0,COLD
2023-06-22 10:22:00,31.387,31.397,31.387,31.397,1207.0,COLD
2023-06-22 10:21:00,31.417,31.417,31.407,31.407,904.0,COLD
2023-06-22 10:20:00,31.407,31.437,31.407,31.427,6763.0,COLD
2023-06-22 10:19:00,31.368,31.397,31.348,31.397,4831.0,COLD
2023-06-22 10:18:00,31.363,31.368,31.348,31.363,2854.0,COLD
2023-06-22 10:17:00,31.377,31.377,31.363,31.363,747.0,COLD
2023-06-22 10:16:00,31.427,31.432,31.397,31.397,3636.0,COLD
2023-06-22 10:15:00,31.417,31.417,31.407,31.407,1847.0,COLD
2023-06-22 10:14:00,31.437,31.447,31.417,31.417,1477.0,COLD
2023-06-22 10:13:00,31.407,31.427,31.397,31.427,4590.0,COLD
2023-06-22 10:12:00,31.377,31.392,31.377,31.382,421.0,COLD
2023-06-22 10:11:00,31.368,31.382,31.368,31.382,232.0,COLD
2023-06-22 10:10:00,31.288,31.338,31.288,31.338,2983.0,COLD
2023-06-22 10:09:00,31.278,31.288,31.278,31.288,1812.0,COLD
2023-06-22 10:08:00,31.298,31.298,31.238,31.268,3205.0,COLD
2023-06-22 10:07:00,31.333,31.333,31.288,31.288,1365.0,COLD
2023-06-22 10:06:00,31.348,31.353,31.338,31.338,1445.0,COLD
2023-06-22 10:05:00,31.358,31.358,31.338,31.338,876.0,COLD
2023-06-22 10:04:00,31.417,31.437,31.377,31.377,3330.0,COLD
2023-06-22 10:03:00,31.437,31.437,31.417,31.417,2355.0,COLD
2023-06-22 10:02:00,31.447,31.447,31.442,31.447,1325.0,COLD
2023-06-22 10:01:00,31.497,31.497,31.467,31.467,3623.0,COLD
2023-06-22 10:00:00,31.482,31.482,31.482,31.482,298.0,COLD
2023-06-22 09:59:00,31.487,31.497,31.477,31.477,2689.0,COLD
2023-06-22 09:57:00,31.497,31.497,31.487,31.487,546.0,COLD
2023-06-22 09:56:00,31.536,31.546,31.487,31.497,6629.0,COLD
2023-06-22 09:55:00,31.556,31.576,31.556,31.566,4622.0,COLD
2023-06-22 09:54:00,31.546,31.566,31.546,31.566,2903.0,COLD
2023-06-22 09:53:00,31.546,31.551,31.517,31.541,2923.0,COLD
2023-06-22 09:52:00,31.546,31.596,31.536,31.546,3757.0,COLD
2023-06-22 09:51:00,31.502,31.556,31.502,31.517,3173.0,COLD
2023-06-22 09:49:00,31.507,31.521,31.447,31.507,4048.0,COLD
2023-06-22 09:48:00,31.447,31.477,31.447,31.477,4147.0,COLD
2023-06-22 09:47:00,31.447,31.477,31.407,31.437,5963.0,COLD
2023-06-22 09:46:00,31.477,31.477,31.477,31.477,152.0,COLD
2023-06-22 09:45:00,31.507,31.536,31.487,31.487,1047.0,COLD
2023-06-22 09:44:00,31.487,31.487,31.487,31.487,351.0,COLD
2023-06-22 09:43:00,31.536,31.536,31.536,31.536,211.0,COLD
2023-06-22 09:42:00,31.666,31.666,31.616,31.636,1528.0,COLD
2023-06-22 09:41:00,31.72,31.735,31.705,31.705,21492.0,COLD
2023-06-22 09:40:00,31.77,31.785,31.725,31.725,1884.0,COLD
2023-06-22 09:39:00,31.745,31.785,31.725,31.785,3973.0,COLD
2023-06-22 09:38:00,31.765,31.765,31.735,31.745,3405.0,COLD
2023-06-22 09:37:00,31.785,31.785,31.77,31.785,1062.0,COLD
2023-06-22 09:36:00,31.745,31.78,31.745,31.765,7042.0,COLD
2023-06-22 09:35:00,31.785,31.785,31.755,31.775,1281.0,COLD
2023-06-22 09:34:00,31.78,31.795,31.765,31.795,4030.0,COLD
2023-06-22 09:33:00,31.775,31.79,31.745,31.785,5259.0,COLD
2023-06-22 09:32:00,31.735,31.765,31.705,31.755,2005.0,COLD
2023-06-22 09:31:00,31.675,31.725,31.626,31.725,4879.0,COLD
2023-06-22 09:30:00,31.785,31.844,31.735,31.735,6761.0,COLD
2023-06-22 09:29:00,31.695,31.765,31.695,31.765,310.0,COLD
2023-06-22 09:05:00,31.159,31.159,31.159,31.159,250.0,COLD
2023-06-22 06:50:00,31.715,31.715,31.705,31.705,3.0,COLD
2023-06-22 04:00:00,32.619,32.619,32.619,32.619,5.0,COLD
2023-06-21 19:00:00,31.705,31.705,31.705,31.705,257527.0,COLD
2023-06-21 18:30:00,31.705,31.705,31.705,31.705,257527.0,COLD
2023-06-21 17:12:00,31.278,31.278,31.278,31.278,6.0,COLD
2023-06-21 16:20:00,31.705,31.705,31.705,31.705,81.0,COLD
2023-06-21 16:10:00,31.705,31.705,31.705,31.705,257527.0,COLD
2023-06-21 16:02:00,31.705,31.705,31.705,31.705,2735.0,COLD
2023-06-21 16:01:00,31.705,31.705,31.705,31.705,6851.0,COLD
2023-06-21 16:00:00,31.705,31.705,31.695,31.705,557010.0,COLD
2023-06-21 15:59:00,31.636,31.705,31.636,31.705,54319.0,COLD
2023-06-21 15:58:00,31.661,31.666,31.636,31.636,20428.0,COLD
2023-06-21 15:57:00,31.666,31.666,31.656,31.656,10277.0,COLD
2023-06-21 15:56:00,31.675,31.675,31.656,31.666,6984.0,COLD
2023-06-21 15:55:00,31.68,31.71,31.666,31.666,15116.0,COLD
2023-06-21 15:54:00,31.71,31.715,31.695,31.695,10784.0,COLD
2023-06-21 15:53:00,31.735,31.74,31.705,31.705,11924.0,COLD
2023-06-21 15:52:00,31.74,31.745,31.735,31.74,2074.0,COLD
2023-06-21 15:51:00,31.745,31.745,31.73,31.745,6784.0,COLD
2023-06-21 15:50:00,31.715,31.76,31.71,31.755,18097.0,COLD
2023-06-21 15:49:00,31.705,31.715,31.695,31.715,5999.0,COLD
2023-06-21 15:48:00,31.725,31.735,31.705,31.705,6881.0,COLD
2023-06-21 15:47:00,31.715,31.725,31.715,31.72,4974.0,COLD
2023-06-21 15:46:00,31.705,31.705,31.69,31.705,5306.0,COLD
2023-06-21 15:45:00,31.675,31.715,31.675,31.71,8143.0,COLD
2023-06-21 15:44:00,31.661,31.675,31.661,31.675,1967.0,COLD
2023-06-21 15:43:00,31.656,31.661,31.651,31.661,4305.0,COLD
2023-06-21 15:42:00,31.661,31.666,31.656,31.656,3359.0,COLD
2023-06-21 15:41:00,31.651,31.666,31.651,31.661,1492.0,COLD
2023-06-21 15:40:00,31.626,31.651,31.626,31.646,6586.0,COLD
2023-06-21 15:39:00,31.626,31.631,31.606,31.631,7771.0,COLD
2023-06-21 15:38:00,31.626,31.631,31.626,31.631,1170.0,COLD
2023-06-21 15:37:00,31.606,31.626,31.606,31.626,8457.0,COLD
2023-06-21 15:36:00,31.586,31.606,31.586,31.606,3168.0,COLD
2023-06-21 15:35:00,31.611,31.611,31.571,31.576,9097.0,COLD
2023-06-21 15:34:00,31.621,31.626,31.611,31.611,9846.0,COLD
2023-06-21 15:33:00,31.596,31.626,31.596,31.626,6929.0,COLD
2023-06-21 15:32:00,31.626,31.626,31.596,31.596,4004.0,COLD
2023-06-21 15:31:00,31.616,31.641,31.616,31.636,3881.0,COLD
2023-06-21 15:30:00,31.636,31.636,31.611,31.616,6523.0,COLD
2023-06-21 15:29:00,31.616,31.636,31.611,31.636,4953.0,COLD
2023-06-21 15:28:00,31.614,31.616,31.611,31.616,2107.0,COLD
2023-06-21 15:27:00,31.616,31.626,31.611,31.616,3664.0,COLD
2023-06-21 15:26:00,31.636,31.636,31.626,31.626,2058.0,COLD
2023-06-21 15:25:00,31.646,31.646,31.626,31.646,2744.0,COLD
2023-06-21 15:24:00,31.675,31.675,31.656,31.656,2475.0,COLD
2023-06-21 15:23:00,31.68,31.685,31.675,31.685,3695.0,COLD
2023-06-21 15:22:00,31.675,31.675,31.67,31.675,2435.0,COLD
2023-06-21 15:21:00,31.715,31.715,31.685,31.685,2483.0,COLD
2023-06-21 15:20:00,31.745,31.745,31.72,31.72,3227.0,COLD
2023-06-21 15:19:00,31.775,31.78,31.755,31.755,4839.0,COLD
2023-06-21 15:18:00,31.79,31.79,31.765,31.765,55073.0,COLD
2023-06-21 15:17:00,31.79,31.79,31.775,31.79,11252.0,COLD
2023-06-21 15:16:00,31.775,31.785,31.775,31.785,1102.0,COLD
2023-06-21 15:15:00,31.78,31.785,31.775,31.775,1397.0,COLD
2023-06-21 15:14:00,31.78,31.785,31.775,31.785,3992.0,COLD
2023-06-21 15:13:00,31.785,31.795,31.785,31.785,6039.0,COLD
2023-06-21 15:12:00,31.775,31.785,31.775,31.785,1343.0,COLD
2023-06-21 15:11:00,31.785,31.785,31.77,31.77,8184.0,COLD
2023-06-21 15:10:00,31.785,31.785,31.78,31.785,3970.0,COLD
2023-06-21 15:09:00,31.785,31.785,31.785,31.785,2396.0,COLD
2023-06-21 15:08:00,31.77,31.785,31.77,31.785,4596.0,COLD
2023-06-21 15:07:00,31.745,31.765,31.745,31.765,6666.0,COLD
2023-06-21 15:06:00,31.735,31.755,31.735,31.755,1247.0,COLD
2023-06-21 15:05:00,31.735,31.735,31.72,31.725,3676.0,COLD
2023-06-21 15:04:00,31.75,31.75,31.725,31.73,7074.0,COLD
2023-06-21 15:03:00,31.745,31.755,31.74,31.75,4978.0,COLD
2023-06-21 15:02:00,31.73,31.745,31.725,31.745,2447.0,COLD
2023-06-21 15:01:00,31.74,31.745,31.725,31.735,6325.0,COLD
2023-06-21 15:00:00,31.745,31.745,31.745,31.745,888.0,COLD
2023-06-21 14:59:00,31.735,31.745,31.735,31.745,1769.0,COLD
2023-06-21 14:58:00,31.73,31.735,31.73,31.735,760.0,COLD
2023-06-21 14:57:00,31.735,31.74,31.725,31.735,3452.0,COLD
2023-06-21 14:56:00,31.74,31.745,31.74,31.74,1891.0,COLD
2023-06-21 14:55:00,31.745,31.745,31.74,31.74,4815.0,COLD
2023-06-21 14:54:00,31.74,31.75,31.74,31.75,957.0,COLD
2023-06-21 14:53:00,31.74,31.75,31.74,31.745,5563.0,COLD
2023-06-21 14:52:00,31.73,31.74,31.725,31.74,2084.0,COLD
2023-06-21 14:51:00,31.73,31.73,31.73,31.73,246.0,COLD
2023-06-21 14:50:00,31.73,31.73,31.73,31.73,510.0,COLD
2023-06-21 14:49:00,31.74,31.74,31.73,31.735,1909.0,COLD
2023-06-21 14:48:00,31.745,31.75,31.74,31.74,4258.0,COLD
2023-06-21 14:47:00,31.74,31.745,31.74,31.745,1198.0,COLD
2023-06-21 14:46:00,31.74,31.745,31.74,31.745,659.0,COLD
2023-06-21 14:45:00,31.76,31.76,31.735,31.735,2590.0,COLD
2023-06-21 14:44:00,31.76,31.76,31.76,31.76,1028.0,COLD
2023-06-21 14:43:00,31.76,31.765,31.76,31.765,1156.0,COLD
2023-06-21 14:42:00,31.77,31.77,31.765,31.765,1694.0,COLD
2023-06-21 14:41:00,31.77,31.77,31.765,31.765,3928.0,COLD
2023-06-21 14:40:00,31.765,31.775,31.765,31.77,6285.0,COLD
2023-06-21 14:39:00,31.76,31.76,31.76,31.76,368.0,COLD
2023-06-21 14:38:00,31.765,31.775,31.755,31.755,10163.0,COLD
2023-06-21 14:37:00,31.755,31.765,31.755,31.765,1541.0,COLD
2023-06-21 14:36:00,31.745,31.75,31.745,31.75,474.0,COLD
2023-06-21 14:35:00,31.75,31.75,31.75,31.75,831.0,COLD
2023-06-21 14:34:00,31.755,31.76,31.745,31.745,2925.0,COLD
2023-06-21 14:33:00,31.78,31.78,31.745,31.745,4190.0,COLD
2023-06-21 14:32:00,31.785,31.785,31.785,31.785,825.0,COLD
2023-06-21 14:31:00,31.785,31.785,31.78,31.78,724.0,COLD
2023-06-21 14:30:00,31.785,31.785,31.785,31.785,325.0,COLD
2023-06-21 14:29:00,31.775,31.78,31.775,31.78,935.0,COLD
2023-06-21 14:28:00,31.765,31.775,31.765,31.77,1005.0,COLD
2023-06-21 14:27:00,31.77,31.77,31.755,31.765,3767.0,COLD
2023-06-21 14:26:00,31.78,31.78,31.77,31.77,51369.0,COLD
2023-06-21 14:25:00,31.78,31.78,31.78,31.78,1675.0,COLD
2023-06-21 14:24:00,31.765,31.785,31.765,31.785,1637.0,COLD
2023-06-21 14:23:00,31.8,31.8,31.77,31.77,10670.0,COLD
2023-06-21 14:22:00,31.785,31.795,31.785,31.795,4022.0,COLD
2023-06-21 14:21:00,31.785,31.785,31.776,31.78,6056.0,COLD
2023-06-21 14:20:00,31.785,31.79,31.775,31.785,18330.0,COLD
2023-06-21 14:19:00,31.765,31.785,31.765,31.785,14268.0,COLD
2023-06-21 14:17:00,31.755,31.765,31.755,31.76,2034.0,COLD
2023-06-21 14:16:00,31.765,31.765,31.755,31.755,1782.0,COLD
2023-06-21 14:15:00,31.755,31.755,31.755,31.755,204.0,COLD
2023-06-21 14:14:00,31.775,31.78,31.764,31.764,3756.0,COLD
2023-06-21 14:13:00,31.765,31.77,31.765,31.77,1257.0,COLD
2023-06-21 14:11:00,31.765,31.765,31.755,31.755,1581.0,COLD
2023-06-21 14:10:00,31.765,31.765,31.755,31.755,3928.0,COLD
2023-06-21 14:09:00,31.765,31.775,31.765,31.765,4370.0,COLD
2023-06-21 14:08:00,31.755,31.76,31.755,31.76,540.0,COLD
2023-06-21 14:05:00,31.75,31.75,31.75,31.75,252.0,COLD
2023-06-21 14:04:00,31.765,31.765,31.75,31.755,2565.0,COLD
2023-06-21 14:03:00,31.765,31.765,31.765,31.765,276.0,COLD
2023-06-21 14:02:00,31.755,31.755,31.755,31.755,1422.0,COLD
2023-06-21 14:00:00,31.755,31.755,31.745,31.745,1991.0,COLD
2023-06-21 13:59:00,31.765,31.765,31.755,31.76,4763.0,COLD
2023-06-21 13:58:00,31.765,31.785,31.765,31.775,8212.0,COLD
2023-06-21 13:57:00,31.755,31.765,31.755,31.765,962.0,COLD
2023-06-21 13:56:00,31.745,31.745,31.745,31.745,1009.0,COLD
2023-06-21 13:55:00,31.735,31.74,31.735,31.74,2031.0,COLD
2023-06-21 13:54:00,31.745,31.745,31.735,31.735,2373.0,COLD
2023-06-21 13:53:00,31.725,31.735,31.725,31.735,312.0,COLD
2023-06-21 13:52:00,31.735,31.735,31.735,31.735,264.0,COLD
2023-06-21 13:51:00,31.725,31.73,31.725,31.725,1910.0,COLD
2023-06-21 13:50:00,31.715,31.735,31.705,31.735,5183.0,COLD
2023-06-21 13:48:00,31.735,31.735,31.715,31.725,2093.0,COLD
2023-06-21 13:47:00,31.745,31.745,31.745,31.745,282.0,COLD
2023-06-21 13:46:00,31.745,31.765,31.745,31.745,5664.0,COLD
2023-06-21 13:44:00,31.745,31.75,31.735,31.745,2836.0,COLD
2023-06-21 13:43:00,31.735,31.755,31.735,31.755,2685.0,COLD
2023-06-21 13:42:00,31.73,31.735,31.73,31.73,1540.0,COLD
2023-06-21 13:41:00,31.72,31.735,31.72,31.735,850.0,COLD
2023-06-21 13:40:00,31.725,31.725,31.725,31.725,1581.0,COLD
2023-06-21 13:39:00,31.7,31.735,31.7,31.735,2924.0,COLD
2023-06-21 13:38:00,31.715,31.715,31.695,31.7,2653.0,COLD
2023-06-21 13:37:00,31.715,31.725,31.715,31.725,1639.0,COLD
2023-06-21 13:36:00,31.725,31.725,31.715,31.715,2557.0,COLD
2023-06-21 13:35:00,31.725,31.74,31.725,31.73,4429.0,COLD
2023-06-21 13:34:00,31.715,31.725,31.715,31.725,1374.0,COLD
2023-06-21 13:32:00,31.715,31.715,31.715,31.715,344.0,COLD
2023-06-21 13:31:00,31.715,31.72,31.7,31.715,3058.0,COLD
2023-06-21 13:30:00,31.71,31.72,31.71,31.72,849.0,COLD
2023-06-21 13:29:00,31.715,31.715,31.715,31.715,441.0,COLD
2023-06-21 13:28:00,31.72,31.72,31.705,31.715,3652.0,COLD
2023-06-21 13:27:00,31.715,31.725,31.715,31.72,1372.0,COLD
2023-06-21 13:26:00,31.705,31.715,31.705,31.715,4991.0,COLD
2023-06-21 13:25:00,31.705,31.705,31.705,31.705,597.0,COLD
2023-06-21 13:24:00,31.705,31.715,31.695,31.695,6496.0,COLD
2023-06-21 13:23:00,31.695,31.7,31.695,31.7,787.0,COLD
2023-06-21 13:22:00,31.685,31.7,31.685,31.695,59949.0,COLD
2023-06-21 13:21:00,31.715,31.715,31.695,31.705,4076.0,COLD
2023-06-21 13:20:00,31.715,31.715,31.715,31.715,266.0,COLD
2023-06-21 13:19:00,31.715,31.715,31.705,31.715,3501.0,COLD
2023-06-21 13:18:00,31.73,31.73,31.708,31.715,3025.0,COLD
2023-06-21 13:17:00,31.71,31.73,31.71,31.73,2292.0,COLD
2023-06-21 13:16:00,31.715,31.72,31.715,31.715,2013.0,COLD
2023-06-21 13:15:00,31.705,31.705,31.69,31.705,1387.0,COLD
2023-06-21 13:14:00,31.715,31.715,31.705,31.705,2355.0,COLD
2023-06-21 13:13:00,31.705,31.72,31.695,31.715,2270.0,COLD
2023-06-21 13:12:00,31.705,31.715,31.705,31.71,2451.0,COLD
2023-06-21 13:11:00,31.715,31.715,31.71,31.71,805.0,COLD
2023-06-21 13:10:00,31.705,31.72,31.705,31.72,703.0,COLD
2023-06-21 13:08:00,31.69,31.695,31.69,31.695,563.0,COLD
2023-06-21 13:07:00,31.715,31.715,31.685,31.685,4005.0,COLD
2023-06-21 13:06:00,31.685,31.71,31.685,31.705,2856.0,COLD
2023-06-21 13:05:00,31.67,31.685,31.67,31.685,2017.0,COLD
2023-06-21 13:04:00,31.636,31.675,31.636,31.67,3171.0,COLD
2023-06-21 13:02:00,31.636,31.636,31.626,31.626,1472.0,COLD
2023-06-21 13:01:00,31.631,31.636,31.626,31.636,2694.0,COLD
2023-06-21 13:00:00,31.646,31.646,31.631,31.631,1431.0,COLD
2023-06-21 12:59:00,31.656,31.656,31.656,31.656,894.0,COLD
2023-06-21 12:57:00,31.666,31.666,31.666,31.666,206.0,COLD
2023-06-21 12:56:00,31.656,31.666,31.636,31.666,3467.0,COLD
2023-06-21 12:55:00,31.651,31.656,31.651,31.656,486.0,COLD
2023-06-21 12:54:00,31.675,31.675,31.656,31.656,1866.0,COLD
2023-06-21 12:53:00,31.705,31.715,31.685,31.685,2157.0,COLD
2023-06-21 12:52:00,31.725,31.725,31.715,31.715,2359.0,COLD
2023-06-21 12:51:00,31.73,31.73,31.73,31.73,161.0,COLD
2023-06-21 12:50:00,31.715,31.725,31.715,31.725,1183.0,COLD
2023-06-21 12:49:00,31.708,31.717,31.707,31.707,769.0,COLD
2023-06-21 12:48:00,31.715,31.715,31.71,31.71,1423.0,COLD
2023-06-21 12:47:00,31.745,31.745,31.715,31.72,2074.0,COLD
2023-06-21 12:46:00,31.755,31.755,31.755,31.755,577.0,COLD
2023-06-21 12:45:00,31.755,31.765,31.75,31.755,2692.0,COLD
2023-06-21 12:44:00,31.76,31.76,31.76,31.76,294.0,COLD
2023-06-21 12:43:00,31.747,31.755,31.745,31.755,4389.0,COLD
2023-06-21 12:42:00,31.745,31.755,31.735,31.755,1581.0,COLD
2023-06-21 12:41:00,31.755,31.765,31.755,31.755,725.0,COLD
2023-06-21 12:40:00,31.755,31.765,31.755,31.755,1355.0,COLD
2023-06-21 12:38:00,31.735,31.745,31.735,31.745,1128.0,COLD
2023-06-21 12:37:00,31.755,31.755,31.735,31.735,1222.0,COLD
2023-06-21 12:35:00,31.775,31.775,31.755,31.755,5256.0,COLD
2023-06-21 12:34:00,31.785,31.785,31.775,31.775,2742.0,COLD
2023-06-21 12:33:00,31.795,31.795,31.795,31.795,548.0,COLD
2023-06-21 12:32:00,31.795,31.795,31.795,31.795,326.0,COLD
2023-06-21 12:31:00,31.785,31.795,31.785,31.795,609.0,COLD
2023-06-21 12:30:00,31.775,31.785,31.775,31.785,1287.0,COLD
2023-06-21 12:29:00,31.745,31.765,31.745,31.765,2114.0,COLD
2023-06-21 12:28:00,31.74,31.745,31.74,31.745,322.0,COLD
2023-06-21 12:27:00,31.755,31.755,31.735,31.735,1807.0,COLD
2023-06-21 12:26:00,31.735,31.74,31.735,31.74,1141.0,COLD
2023-06-21 12:25:00,31.73,31.73,31.73,31.73,351.0,COLD
2023-06-21 12:24:00,31.745,31.745,31.745,31.745,200.0,COLD
2023-06-21 12:23:00,31.775,31.775,31.755,31.755,2085.0,COLD
2023-06-21 12:22:00,31.775,31.78,31.775,31.78,408.0,COLD
2023-06-21 12:21:00,31.775,31.775,31.775,31.775,1502.0,COLD
2023-06-21 12:20:00,31.785,31.785,31.77,31.775,2025.0,COLD
2023-06-21 12:19:00,31.795,31.795,31.785,31.785,1629.0,COLD
2023-06-21 12:18:00,31.785,31.785,31.785,31.785,195.0,COLD
2023-06-21 12:17:00,31.78,31.78,31.78,31.78,455.0,COLD
2023-06-21 12:16:00,31.805,31.805,31.775,31.775,1758.0,COLD
2023-06-21 12:15:00,31.805,31.819,31.8,31.81,1868.0,COLD
2023-06-21 12:14:00,31.805,31.815,31.8,31.8,2411.0,COLD
2023-06-21 12:13:00,31.795,31.81,31.795,31.81,999.0,COLD
2023-06-21 12:12:00,31.795,31.795,31.795,31.795,562.0,COLD
2023-06-21 12:11:00,31.795,31.795,31.795,31.795,670.0,COLD
2023-06-21 12:10:00,31.824,31.824,31.805,31.81,2836.0,COLD
2023-06-21 12:09:00,31.78,31.824,31.775,31.824,34227.0,COLD
2023-06-21 12:08:00,31.765,31.785,31.765,31.785,3839.0,COLD
2023-06-21 12:07:00,31.765,31.775,31.755,31.775,2666.0,COLD
2023-06-21 12:06:00,31.72,31.755,31.72,31.755,5192.0,COLD
2023-06-21 12:05:00,31.735,31.74,31.72,31.72,5031.0,COLD
2023-06-21 12:04:00,31.735,31.745,31.73,31.745,2398.0,COLD
2023-06-21 12:03:00,31.735,31.735,31.735,31.735,745.0,COLD
2023-06-21 12:02:00,31.73,31.73,31.73,31.73,166.0,COLD
2023-06-21 12:01:00,31.735,31.735,31.725,31.735,1040.0,COLD
2023-06-21 12:00:00,31.735,31.745,31.735,31.735,1362.0,COLD
2023-06-21 11:59:00,31.725,31.725,31.72,31.725,860.0,COLD
2023-06-21 11:58:00,31.735,31.735,31.72,31.72,1985.0,COLD
2023-06-21 11:57:00,31.745,31.745,31.745,31.745,904.0,COLD
2023-06-21 11:56:00,31.735,31.74,31.735,31.74,1185.0,COLD
2023-06-21 11:55:00,31.725,31.735,31.725,31.735,1087.0,COLD
2023-06-21 11:54:00,31.715,31.715,31.715,31.715,437.0,COLD
2023-06-21 11:53:00,31.695,31.705,31.695,31.705,584.0,COLD
2023-06-21 11:52:00,31.685,31.695,31.68,31.695,1432.0,COLD
2023-06-21 11:51:00,31.685,31.685,31.68,31.685,1325.0,COLD
2023-06-21 11:50:00,31.695,31.7,31.69,31.69,1517.0,COLD
2023-06-21 11:49:00,31.705,31.705,31.705,31.705,1520.0,COLD
2023-06-21 11:48:00,31.685,31.705,31.685,31.705,1539.0,COLD
2023-06-21 11:47:00,31.675,31.685,31.675,31.685,296.0,COLD
2023-06-21 11:46:00,31.715,31.715,31.675,31.675,2368.0,COLD
2023-06-21 11:45:00,31.695,31.715,31.695,31.715,1943.0,COLD
2023-06-21 11:44:00,31.695,31.695,31.69,31.69,1357.0,COLD
2023-06-21 11:42:00,31.695,31.695,31.68,31.685,3228.0,COLD
2023-06-21 11:41:00,31.675,31.695,31.675,31.695,1510.0,COLD
2023-06-21 11:40:00,31.646,31.67,31.646,31.67,2790.0,COLD
2023-06-21 11:39:00,31.646,31.646,31.646,31.646,1027.0,COLD
2023-06-21 11:38:00,31.651,31.651,31.646,31.651,1401.0,COLD
2023-06-21 11:37:00,31.636,31.651,31.636,31.651,391.0,COLD
2023-06-21 11:36:00,31.641,31.646,31.636,31.636,2246.0,COLD
2023-06-21 11:35:00,31.611,31.626,31.611,31.626,1509.0,COLD
2023-06-21 11:34:00,31.606,31.616,31.606,31.616,3234.0,COLD
2023-06-21 11:33:00,31.606,31.606,31.596,31.601,796.0,COLD
2023-06-21 11:32:00,31.606,31.616,31.606,31.616,664.0,COLD
2023-06-21 11:31:00,31.596,31.616,31.596,31.616,2644.0,COLD
2023-06-21 11:30:00,31.606,31.606,31.586,31.586,983.0,COLD
2023-06-21 11:29:00,31.641,31.646,31.616,31.616,1590.0,COLD
2023-06-21 11:28:00,31.636,31.636,31.636,31.636,232.0,COLD
2023-06-21 11:27:00,31.636,31.646,31.636,31.646,1097.0,COLD
2023-06-21 11:26:00,31.626,31.646,31.626,31.641,4017.0,COLD
2023-06-21 11:25:00,31.616,31.616,31.606,31.611,2312.0,COLD
2023-06-21 11:24:00,31.626,31.631,31.626,31.631,1283.0,COLD
2023-06-21 11:23:00,31.616,31.616,31.596,31.616,1512.0,COLD
2023-06-21 11:22:00,31.661,31.661,31.626,31.626,1685.0,COLD
2023-06-21 11:21:00,31.725,31.725,31.661,31.661,3418.0,COLD
2023-06-21 11:20:00,31.725,31.75,31.725,31.735,4834.0,COLD
2023-06-21 11:19:00,31.715,31.725,31.705,31.725,6205.0,COLD
2023-06-21 11:18:00,31.715,31.725,31.705,31.725,2303.0,COLD
2023-06-21 11:17:00,31.705,31.715,31.685,31.715,6666.0,COLD
2023-06-21 11:16:00,31.715,31.725,31.705,31.705,2914.0,COLD
2023-06-21 11:15:00,31.715,31.73,31.705,31.715,7673.0,COLD
2023-06-21 11:14:00,31.705,31.715,31.705,31.715,1989.0,COLD
2023-06-21 11:13:00,31.705,31.715,31.695,31.705,4368.0,COLD
2023-06-21 11:12:00,31.685,31.725,31.685,31.715,15236.0,COLD
2023-06-21 11:11:00,31.695,31.695,31.675,31.685,2251.0,COLD
2023-06-21 11:10:00,31.725,31.725,31.666,31.705,76043.0,COLD
2023-06-21 11:09:00,31.725,31.735,31.725,31.735,931.0,COLD
2023-06-21 11:08:00,31.715,31.73,31.705,31.73,4098.0,COLD
2023-06-21 11:07:00,31.735,31.74,31.725,31.725,3298.0,COLD
2023-06-21 11:06:00,31.715,31.745,31.715,31.745,2314.0,COLD
2023-06-21 11:05:00,31.745,31.745,31.725,31.725,3739.0,COLD
2023-06-21 11:04:00,31.745,31.76,31.745,31.755,2519.0,COLD
2023-06-21 11:03:00,31.765,31.765,31.725,31.735,4165.0,COLD
2023-06-21 11:02:00,31.78,31.78,31.765,31.765,5058.0,COLD
2023-06-21 11:01:00,31.775,31.785,31.765,31.775,2983.0,COLD
2023-06-21 11:00:00,31.755,31.78,31.755,31.775,7590.0,COLD
2023-06-21 10:59:00,31.745,31.755,31.715,31.75,10766.0,COLD
2023-06-21 10:58:00,31.745,31.785,31.74,31.74,8638.0,COLD
2023-06-21 10:57:00,31.745,31.745,31.705,31.745,11587.0,COLD
2023-06-21 10:56:00,31.735,31.745,31.725,31.745,5634.0,COLD
2023-06-21 10:55:00,31.685,31.735,31.675,31.735,6730.0,COLD
2023-06-21 10:54:00,31.656,31.695,31.636,31.685,5269.0,COLD
2023-06-21 10:53:00,31.626,31.656,31.626,31.656,2306.0,COLD
2023-06-21 10:52:00,31.636,31.636,31.616,31.626,2032.0,COLD
2023-06-21 10:51:00,31.586,31.636,31.586,31.636,4504.0,COLD
2023-06-21 10:50:00,31.626,31.626,31.586,31.586,3646.0,COLD
2023-06-21 10:49:00,31.636,31.646,31.631,31.636,2879.0,COLD
2023-06-21 10:48:00,31.636,31.641,31.616,31.626,6397.0,COLD
2023-06-21 10:47:00,31.636,31.636,31.636,31.636,498.0,COLD
2023-06-21 10:46:00,31.636,31.636,31.621,31.626,3563.0,COLD
2023-06-21 10:45:00,31.616,31.636,31.616,31.636,1210.0,COLD
2023-06-21 10:44:00,31.626,31.636,31.606,31.606,5045.0,COLD
2023-06-21 10:43:00,31.596,31.626,31.586,31.616,4640.0,COLD
2023-06-21 10:42:00,31.586,31.596,31.586,31.596,537.0,COLD
2023-06-21 10:41:00,31.556,31.596,31.546,31.596,2943.0,COLD
2023-06-21 10:40:00,31.546,31.556,31.546,31.556,376.0,COLD
2023-06-21 10:39:00,31.566,31.576,31.546,31.546,1785.0,COLD
2023-06-21 10:38:00,31.526,31.566,31.518,31.566,1447.0,COLD
2023-06-21 10:37:00,31.492,31.517,31.487,31.517,2527.0,COLD
2023-06-21 10:36:00,31.467,31.487,31.467,31.487,1236.0,COLD
2023-06-21 10:35:00,31.457,31.457,31.457,31.457,515.0,COLD
2023-06-21 10:34:00,31.457,31.457,31.457,31.457,1118.0,COLD
2023-06-21 10:33:00,31.457,31.457,31.447,31.447,727.0,COLD
2023-06-21 10:32:00,31.507,31.507,31.457,31.457,1891.0,COLD
2023-06-21 10:31:00,31.497,31.507,31.497,31.507,305.0,COLD
2023-06-21 10:30:00,31.487,31.507,31.487,31.497,923.0,COLD
2023-06-21 10:29:00,31.427,31.467,31.427,31.467,1824.0,COLD
2023-06-21 10:28:00,31.417,31.432,31.417,31.432,1390.0,COLD
2023-06-21 10:27:00,31.427,31.427,31.412,31.417,1761.0,COLD
2023-06-21 10:26:00,31.447,31.447,31.427,31.437,5368.0,COLD
2023-06-21 10:25:00,31.452,31.457,31.447,31.452,1160.0,COLD
2023-06-21 10:24:00,31.477,31.477,31.452,31.452,2705.0,COLD
2023-06-21 10:23:00,31.447,31.472,31.44,31.472,3747.0,COLD
2023-06-21 10:22:00,31.432,31.457,31.432,31.457,1667.0,COLD
2023-06-21 10:21:00,31.417,31.422,31.417,31.422,1109.0,COLD
2023-06-21 10:20:00,31.392,31.392,31.392,31.392,866.0,COLD
2023-06-21 10:19:00,31.447,31.447,31.417,31.417,833.0,COLD
2023-06-21 10:18:00,31.467,31.467,31.467,31.467,579.0,COLD
2023-06-21 10:17:00,31.437,31.437,31.437,31.437,1301.0,COLD
2023-06-21 10:16:00,31.467,31.467,31.457,31.457,1052.0,COLD
2023-06-21 10:15:00,31.457,31.487,31.457,31.482,5200.0,COLD
2023-06-21 10:14:00,31.457,31.467,31.452,31.467,2546.0,COLD
2023-06-21 10:13:00,31.437,31.487,31.427,31.468,11651.0,COLD
2023-06-21 10:12:00,31.452,31.467,31.437,31.437,2763.0,COLD
2023-06-21 10:11:00,31.447,31.447,31.447,31.447,212.0,COLD
2023-06-21 10:10:00,31.437,31.457,31.437,31.457,2500.0,COLD
2023-06-21 10:09:00,31.427,31.437,31.427,31.437,1567.0,COLD
2023-06-21 10:08:00,31.402,31.447,31.402,31.437,3486.0,COLD
2023-06-21 10:07:00,31.417,31.417,31.407,31.407,803.0,COLD
2023-06-21 10:06:00,31.407,31.417,31.407,31.417,1151.0,COLD
2023-06-21 10:05:00,31.387,31.427,31.387,31.417,4585.0,COLD
2023-06-21 10:04:00,31.417,31.417,31.392,31.392,1825.0,COLD
2023-06-21 10:03:00,31.437,31.437,31.412,31.412,2028.0,COLD
2023-06-21 10:01:00,31.467,31.467,31.447,31.458,1631.0,COLD
2023-06-21 09:59:00,31.467,31.467,31.467,31.467,234.0,COLD
2023-06-21 09:58:00,31.387,31.457,31.387,31.457,2981.0,COLD
2023-06-21 09:57:00,31.417,31.417,31.368,31.368,1308.0,COLD
2023-06-21 09:55:00,31.437,31.467,31.437,31.467,1303.0,COLD
2023-06-21 09:52:00,31.348,31.387,31.348,31.377,1660.0,COLD
2023-06-21 09:51:00,31.318,31.377,31.298,31.333,103391.0,COLD
2023-06-21 09:50:00,31.278,31.308,31.278,31.308,3983.0,COLD
2023-06-21 09:49:00,31.338,31.338,31.288,31.288,1661.0,COLD
2023-06-21 09:48:00,31.338,31.338,31.338,31.338,121.0,COLD
2023-06-21 09:47:00,31.338,31.338,31.328,31.338,603.0,COLD
2023-06-21 09:46:00,31.338,31.348,31.338,31.338,1140.0,COLD
2023-06-21 09:45:00,31.318,31.348,31.318,31.323,4156.0,COLD
2023-06-21 09:44:00,31.328,31.348,31.318,31.328,3479.0,COLD
2023-06-21 09:43:00,31.343,31.348,31.318,31.318,1394.0,COLD
2023-06-21 09:42:00,31.338,31.338,31.318,31.328,2775.0,COLD
2023-06-21 09:41:00,31.368,31.368,31.338,31.338,611.0,COLD
2023-06-21 09:40:00,31.308,31.308,31.308,31.308,535.0,COLD
2023-06-21 09:39:00,31.328,31.377,31.328,31.338,8820.0,COLD
2023-06-21 09:38:00,31.338,31.338,31.298,31.313,3031.0,COLD
2023-06-21 09:37:00,31.368,31.397,31.368,31.397,759.0,COLD
2023-06-21 09:36:00,31.318,31.368,31.318,31.368,384.0,COLD
2023-06-21 09:34:00,31.373,31.373,31.328,31.368,795.0,COLD
2023-06-21 09:33:00,31.338,31.387,31.338,31.382,1013.0,COLD
2023-06-21 09:32:00,31.412,31.412,31.288,31.343,1507.0,COLD
2023-06-21 09:31:00,31.457,31.457,31.427,31.427,491.0,COLD
2023-06-21 09:30:00,31.546,31.556,31.457,31.512,7402.0,COLD
2023-06-20 19:00:00,31.675,31.675,31.675,31.675,289657.0,COLD
2023-06-20 18:30:00,31.675,31.675,31.675,31.675,289657.0,COLD
2023-06-20 17:47:00,31.397,31.397,31.397,31.397,3.0,COLD
2023-06-20 17:37:00,31.397,31.397,31.397,31.397,3.0,COLD
2023-06-20 17:00:00,31.834,31.834,31.834,31.834,5.0,COLD
2023-06-20 16:10:00,31.675,31.675,31.397,31.397,289658.0,COLD
2023-06-20 16:08:00,31.24,31.24,31.24,31.24,1.0,COLD
2023-06-20 16:01:00,31.675,31.675,31.675,31.675,91389.0,COLD
2023-06-20 16:00:00,31.675,31.685,31.675,31.675,598715.0,COLD
2023-06-20 15:59:00,31.695,31.695,31.675,31.675,42212.0,COLD
2023-06-20 15:58:00,31.661,31.7,31.656,31.695,21545.0,COLD
2023-06-20 15:57:00,31.685,31.69,31.661,31.661,26172.0,COLD
2023-06-20 15:56:00,31.68,31.705,31.68,31.69,19691.0,COLD
2023-06-20 15:55:00,31.68,31.695,31.661,31.68,25829.0,COLD
2023-06-20 15:54:00,31.713,31.715,31.675,31.685,17005.0,COLD
2023-06-20 15:53:00,31.7,31.715,31.7,31.715,10150.0,COLD
2023-06-20 15:52:00,31.695,31.705,31.67,31.7,15762.0,COLD
2023-06-20 15:51:00,31.675,31.695,31.675,31.695,6623.0,COLD
2023-06-20 15:50:00,31.646,31.69,31.646,31.67,12232.0,COLD
2023-06-20 15:49:00,31.651,31.656,31.646,31.656,5629.0,COLD
2023-06-20 15:48:00,31.646,31.656,31.641,31.651,5126.0,COLD
2023-06-20 15:47:00,31.636,31.646,31.636,31.646,4807.0,COLD
2023-06-20 15:46:00,31.611,31.636,31.611,31.626,7324.0,COLD
2023-06-20 15:45:00,31.666,31.666,31.616,31.616,5430.0,COLD
2023-06-20 15:44:00,31.656,31.675,31.646,31.661,10213.0,COLD
2023-06-20 15:43:00,31.641,31.646,31.631,31.646,7035.0,COLD
2023-06-20 15:42:00,31.626,31.646,31.626,31.646,2903.0,COLD
2023-06-20 15:41:00,31.606,31.626,31.606,31.626,3319.0,COLD
2023-06-20 15:40:00,31.596,31.611,31.596,31.611,6403.0,COLD
2023-06-20 15:39:00,31.581,31.596,31.581,31.596,2025.0,COLD
2023-06-20 15:38:00,31.586,31.586,31.581,31.586,810.0,COLD
2023-06-20 15:37:00,31.586,31.591,31.561,31.586,11749.0,COLD
2023-06-20 15:36:00,31.596,31.596,31.576,31.581,1592.0,COLD
2023-06-20 15:35:00,31.621,31.621,31.581,31.596,9944.0,COLD
2023-06-20 15:34:00,31.606,31.621,31.606,31.621,3511.0,COLD
2023-06-20 15:33:00,31.636,31.636,31.606,31.606,4662.0,COLD
2023-06-20 15:32:00,31.631,31.646,31.631,31.636,6551.0,COLD
2023-06-20 15:31:00,31.636,31.641,31.626,31.626,5239.0,COLD
2023-06-20 15:30:00,31.641,31.651,31.636,31.636,5708.0,COLD
2023-06-20 15:29:00,31.646,31.646,31.636,31.646,3224.0,COLD
2023-06-20 15:28:00,31.641,31.646,31.641,31.641,787.0,COLD
2023-06-20 15:27:00,31.658,31.666,31.646,31.646,12941.0,COLD
2023-06-20 15:26:00,31.666,31.666,31.651,31.661,4722.0,COLD
2023-06-20 15:25:00,31.661,31.675,31.661,31.666,5720.0,COLD
2023-06-20 15:24:00,31.646,31.666,31.646,31.666,4609.0,COLD
2023-06-20 15:23:00,31.646,31.646,31.641,31.646,759.0,COLD
2023-06-20 15:22:00,31.646,31.646,31.636,31.646,2414.0,COLD
2023-06-20 15:21:00,31.651,31.661,31.646,31.651,3814.0,COLD
2023-06-20 15:20:00,31.651,31.666,31.651,31.651,3868.0,COLD
2023-06-20 15:19:00,31.675,31.685,31.656,31.656,4965.0,COLD
2023-06-20 15:18:00,31.675,31.675,31.67,31.67,1207.0,COLD
2023-06-20 15:17:00,31.68,31.68,31.666,31.666,3215.0,COLD
2023-06-20 15:16:00,31.67,31.68,31.67,31.68,2035.0,COLD
2023-06-20 15:15:00,31.67,31.67,31.661,31.67,3236.0,COLD
2023-06-20 15:14:00,31.67,31.675,31.67,31.675,1078.0,COLD
2023-06-20 15:13:00,31.68,31.68,31.67,31.675,1360.0,COLD
2023-06-20 15:12:00,31.685,31.69,31.68,31.68,4110.0,COLD
2023-06-20 15:11:00,31.69,31.695,31.685,31.685,2568.0,COLD
2023-06-20 15:10:00,31.705,31.705,31.69,31.695,5028.0,COLD
2023-06-20 15:09:00,31.705,31.71,31.695,31.7,6213.0,COLD
2023-06-20 15:08:00,31.725,31.735,31.695,31.7,45757.0,COLD
2023-06-20 15:07:00,31.735,31.735,31.725,31.725,5118.0,COLD
2023-06-20 15:06:00,31.745,31.755,31.735,31.735,8774.0,COLD
2023-06-20 15:05:00,31.73,31.74,31.73,31.74,2294.0,COLD
2023-06-20 15:03:00,31.745,31.745,31.735,31.735,2020.0,COLD
2023-06-20 15:02:00,31.755,31.755,31.745,31.755,1354.0,COLD
2023-06-20 15:01:00,31.765,31.765,31.755,31.765,3879.0,COLD
2023-06-20 15:00:00,31.745,31.77,31.745,31.77,5516.0,COLD
2023-06-20 14:59:00,31.73,31.735,31.73,31.735,929.0,COLD
2023-06-20 14:58:00,31.725,31.735,31.72,31.735,2143.0,COLD
2023-06-20 14:57:00,31.72,31.725,31.695,31.725,19425.0,COLD
2023-06-20 14:56:00,31.74,31.74,31.725,31.725,7736.0,COLD
2023-06-20 14:55:00,31.725,31.745,31.725,31.745,3699.0,COLD
2023-06-20 14:54:00,31.705,31.725,31.705,31.725,2335.0,COLD
2023-06-20 14:53:00,31.7,31.705,31.7,31.705,734.0,COLD
2023-06-20 14:52:00,31.7,31.7,31.7,31.7,206.0,COLD
2023-06-20 14:51:00,31.715,31.715,31.705,31.705,2157.0,COLD
2023-06-20 14:50:00,31.71,31.715,31.71,31.715,945.0,COLD
2023-06-20 14:49:00,31.705,31.725,31.705,31.725,7100.0,COLD
2023-06-20 14:48:00,31.715,31.715,31.715,31.715,541.0,COLD
2023-06-20 14:47:00,31.695,31.705,31.695,31.705,3356.0,COLD
2023-06-20 14:46:00,31.695,31.695,31.695,31.695,444.0,COLD
2023-06-20 14:45:00,31.695,31.695,31.689,31.69,964.0,COLD
2023-06-20 14:44:00,31.695,31.695,31.69,31.69,549.0,COLD
2023-06-20 14:43:00,31.69,31.695,31.69,31.695,303.0,COLD
2023-06-20 14:42:00,31.69,31.695,31.68,31.69,1545.0,COLD
2023-06-20 14:41:00,31.685,31.69,31.685,31.69,2192.0,COLD
2023-06-20 14:40:00,31.695,31.7,31.69,31.695,941.0,COLD
2023-06-20 14:39:00,31.705,31.71,31.695,31.705,5622.0,COLD
2023-06-20 14:38:00,31.685,31.7,31.685,31.7,1392.0,COLD
2023-06-20 14:37:00,31.68,31.68,31.68,31.68,2283.0,COLD
2023-06-20 14:36:00,31.685,31.695,31.685,31.69,1975.0,COLD
2023-06-20 14:35:00,31.68,31.693,31.68,31.69,1688.0,COLD
2023-06-20 14:34:00,31.695,31.695,31.685,31.685,1001.0,COLD
2023-06-20 14:33:00,31.656,31.695,31.656,31.695,4177.0,COLD
2023-06-20 14:32:00,31.646,31.651,31.646,31.651,1412.0,COLD
2023-06-20 14:31:00,31.641,31.646,31.641,31.646,435.0,COLD
2023-06-20 14:30:00,31.641,31.646,31.636,31.646,3480.0,COLD
2023-06-20 14:29:00,31.636,31.643,31.636,31.636,3655.0,COLD
2023-06-20 14:28:00,31.636,31.641,31.631,31.636,1214.0,COLD
2023-06-20 14:27:00,31.646,31.646,31.626,31.636,1459.0,COLD
2023-06-20 14:26:00,31.646,31.646,31.646,31.646,438.0,COLD
2023-06-20 14:25:00,31.641,31.646,31.641,31.646,920.0,COLD
2023-06-20 14:24:00,31.636,31.646,31.636,31.646,735.0,COLD
2023-06-20 14:23:00,31.636,31.636,31.636,31.636,895.0,COLD
2023-06-20 14:22:00,31.651,31.656,31.636,31.636,3334.0,COLD
2023-06-20 14:21:00,31.656,31.656,31.651,31.656,1752.0,COLD
2023-06-20 14:20:00,31.646,31.656,31.637,31.656,1046.0,COLD
2023-06-20 14:19:00,31.636,31.636,31.636,31.636,541.0,COLD
2023-06-20 14:18:00,31.636,31.636,31.631,31.631,1115.0,COLD
2023-06-20 14:17:00,31.64,31.646,31.64,31.641,399.0,COLD
2023-06-20 14:16:00,31.646,31.656,31.646,31.646,2716.0,COLD
2023-06-20 14:15:00,31.636,31.636,31.626,31.636,3517.0,COLD
2023-06-20 14:14:00,31.616,31.636,31.616,31.636,2133.0,COLD
2023-06-20 14:12:00,31.621,31.621,31.606,31.606,12938.0,COLD
2023-06-20 14:11:00,31.616,31.626,31.616,31.626,789.0,COLD
2023-06-20 14:10:00,31.633,31.633,31.626,31.626,1906.0,COLD
2023-06-20 14:09:00,31.621,31.631,31.621,31.631,1001.0,COLD
2023-06-20 14:08:00,31.621,31.626,31.621,31.621,1008.0,COLD
2023-06-20 14:07:00,31.636,31.636,31.626,31.626,2135.0,COLD
2023-06-20 14:06:00,31.636,31.646,31.636,31.646,2285.0,COLD
2023-06-20 14:05:00,31.636,31.636,31.631,31.636,1619.0,COLD
2023-06-20 14:03:00,31.626,31.636,31.626,31.636,2625.0,COLD
2023-06-20 14:02:00,31.641,31.641,31.626,31.626,3212.0,COLD
2023-06-20 14:01:00,31.646,31.646,31.646,31.646,2072.0,COLD
2023-06-20 14:00:00,31.656,31.656,31.636,31.646,9515.0,COLD
2023-06-20 13:59:00,31.646,31.656,31.646,31.651,4009.0,COLD
2023-06-20 13:58:00,31.685,31.685,31.636,31.646,6137.0,COLD
2023-06-20 13:57:00,31.695,31.695,31.685,31.695,543.0,COLD
2023-06-20 13:56:00,31.695,31.695,31.695,31.695,481.0,COLD
2023-06-20 13:55:00,31.695,31.695,31.695,31.695,121.0,COLD
2023-06-20 13:54:00,31.695,31.695,31.68,31.68,1276.0,COLD
2023-06-20 13:53:00,31.675,31.69,31.666,31.685,3091.0,COLD
2023-06-20 13:52:00,31.67,31.685,31.666,31.685,1568.0,COLD
2023-06-20 13:51:00,31.695,31.695,31.666,31.67,5926.0,COLD
2023-06-20 13:50:00,31.69,31.69,31.69,31.69,275.0,COLD
2023-06-20 13:49:00,31.685,31.695,31.685,31.695,300.0,COLD
2023-06-20 13:48:00,31.69,31.695,31.68,31.685,5040.0,COLD
2023-06-20 13:47:00,31.695,31.695,31.69,31.69,1380.0,COLD
2023-06-20 13:46:00,31.685,31.695,31.685,31.695,882.0,COLD
2023-06-20 13:45:00,31.675,31.685,31.675,31.685,1115.0,COLD
2023-06-20 13:44:00,31.68,31.68,31.675,31.675,1315.0,COLD
2023-06-20 13:43:00,31.685,31.685,31.675,31.68,2740.0,COLD
2023-06-20 13:42:00,31.68,31.69,31.68,31.685,1774.0,COLD
2023-06-20 13:41:00,31.661,31.675,31.656,31.675,2244.0,COLD
2023-06-20 13:40:00,31.646,31.661,31.646,31.661,1430.0,COLD
2023-06-20 13:39:00,31.646,31.646,31.646,31.646,1767.0,COLD
2023-06-20 13:38:00,31.651,31.651,31.641,31.646,3726.0,COLD
2023-06-20 13:37:00,31.666,31.666,31.656,31.656,1410.0,COLD
2023-06-20 13:36:00,31.641,31.656,31.638,31.646,4093.0,COLD
2023-06-20 13:35:00,31.646,31.651,31.646,31.646,2510.0,COLD
2023-06-20 13:34:00,31.636,31.646,31.636,31.646,1264.0,COLD
2023-06-20 13:33:00,31.636,31.636,31.636,31.636,206.0,COLD
2023-06-20 13:32:00,31.631,31.631,31.626,31.631,2518.0,COLD
2023-06-20 13:31:00,31.636,31.636,31.631,31.636,2799.0,COLD
2023-06-20 13:30:00,31.626,31.641,31.626,31.641,1488.0,COLD
2023-06-20 13:29:00,31.631,31.631,31.611,31.621,2872.0,COLD
2023-06-20 13:28:00,31.631,31.636,31.631,31.633,1144.0,COLD
2023-06-20 13:27:00,31.636,31.656,31.631,31.631,4770.0,COLD
2023-06-20 13:26:00,31.636,31.636,31.636,31.636,432.0,COLD
2023-06-20 13:25:00,31.636,31.636,31.636,31.636,181.0,COLD
2023-06-20 13:24:00,31.631,31.631,31.626,31.626,376.0,COLD
2023-06-20 13:23:00,31.616,31.631,31.611,31.631,2260.0,COLD
2023-06-20 13:22:00,31.626,31.626,31.626,31.626,724.0,COLD
2023-06-20 13:21:00,31.616,31.626,31.616,31.626,1222.0,COLD
2023-06-20 13:20:00,31.596,31.616,31.596,31.616,1658.0,COLD
2023-06-20 13:19:00,31.586,31.596,31.586,31.591,1116.0,COLD
2023-06-20 13:18:00,31.606,31.611,31.586,31.586,3561.0,COLD
2023-06-20 13:16:00,31.601,31.601,31.601,31.601,771.0,COLD
2023-06-20 13:15:00,31.586,31.596,31.586,31.596,15006.0,COLD
2023-06-20 13:14:00,31.576,31.586,31.576,31.586,2435.0,COLD
2023-06-20 13:13:00,31.566,31.566,31.566,31.566,880.0,COLD
2023-06-20 13:12:00,31.546,31.556,31.546,31.556,711.0,COLD
2023-06-20 13:11:00,31.556,31.556,31.546,31.546,1536.0,COLD
2023-06-20 13:10:00,31.546,31.551,31.541,31.551,2362.0,COLD
2023-06-20 13:09:00,31.556,31.556,31.556,31.556,2304.0,COLD
2023-06-20 13:08:00,31.556,31.556,31.551,31.551,579.0,COLD
2023-06-20 13:07:00,31.536,31.556,31.536,31.546,1098.0,COLD
2023-06-20 13:06:00,31.561,31.561,31.546,31.546,2077.0,COLD
2023-06-20 13:05:00,31.566,31.566,31.561,31.561,318.0,COLD
2023-06-20 13:04:00,31.571,31.571,31.566,31.566,2354.0,COLD
2023-06-20 13:03:00,31.571,31.576,31.566,31.571,1045.0,COLD
2023-06-20 13:02:00,31.546,31.566,31.546,31.566,2247.0,COLD
2023-06-20 13:01:00,31.546,31.551,31.541,31.551,2449.0,COLD
2023-06-20 13:00:00,31.566,31.566,31.546,31.546,4055.0,COLD
2023-06-20 12:59:00,31.546,31.566,31.546,31.566,1200.0,COLD
2023-06-20 12:58:00,31.566,31.566,31.541,31.541,2359.0,COLD
2023-06-20 12:57:00,31.566,31.566,31.561,31.561,363.0,COLD
2023-06-20 12:56:00,31.546,31.566,31.546,31.566,1632.0,COLD
2023-06-20 12:55:00,31.566,31.566,31.546,31.556,3544.0,COLD
2023-06-20 12:54:00,31.561,31.566,31.561,31.561,769.0,COLD
2023-06-20 12:53:00,31.546,31.566,31.546,31.566,1375.0,COLD
2023-06-20 12:52:00,31.546,31.551,31.541,31.546,1547.0,COLD
2023-06-20 12:51:00,31.541,31.556,31.541,31.556,1731.0,COLD
2023-06-20 12:50:00,31.551,31.551,31.546,31.551,1130.0,COLD
2023-06-20 12:49:00,31.561,31.561,31.546,31.556,2541.0,COLD
2023-06-20 12:48:00,31.556,31.566,31.551,31.561,1157.0,COLD
2023-06-20 12:47:00,31.546,31.556,31.546,31.556,677.0,COLD
2023-06-20 12:46:00,31.536,31.546,31.536,31.546,1156.0,COLD
2023-06-20 12:45:00,31.526,31.536,31.526,31.536,1658.0,COLD
2023-06-20 12:44:00,31.556,31.556,31.536,31.536,2319.0,COLD
2023-06-20 12:43:00,31.536,31.541,31.536,31.541,770.0,COLD
2023-06-20 12:42:00,31.526,31.531,31.526,31.531,425.0,COLD
2023-06-20 12:41:00,31.536,31.536,31.526,31.531,3631.0,COLD
2023-06-20 12:40:00,31.517,31.536,31.517,31.536,1577.0,COLD
2023-06-20 12:39:00,31.517,31.517,31.507,31.517,1162.0,COLD
2023-06-20 12:38:00,31.487,31.507,31.487,31.507,1251.0,COLD
2023-06-20 12:37:00,31.467,31.497,31.467,31.497,4916.0,COLD
2023-06-20 12:36:00,31.521,31.521,31.467,31.467,21952.0,COLD
2023-06-20 12:35:00,31.497,31.517,31.497,31.517,3795.0,COLD
2023-06-20 12:34:00,31.482,31.482,31.477,31.477,1074.0,COLD
2023-06-20 12:33:00,31.457,31.472,31.457,31.467,4197.0,COLD
2023-06-20 12:32:00,31.437,31.452,31.437,31.447,4282.0,COLD
2023-06-20 12:31:00,31.437,31.442,31.437,31.437,5209.0,COLD
2023-06-20 12:30:00,31.462,31.462,31.447,31.447,7243.0,COLD
2023-06-20 12:29:00,31.477,31.477,31.457,31.467,7284.0,COLD
2023-06-20 12:28:00,31.472,31.477,31.472,31.477,831.0,COLD
2023-06-20 12:27:00,31.447,31.472,31.447,31.472,2139.0,COLD
2023-06-20 12:26:00,31.447,31.457,31.447,31.457,1091.0,COLD
2023-06-20 12:25:00,31.427,31.447,31.427,31.447,9113.0,COLD
2023-06-20 12:24:00,31.412,31.427,31.397,31.427,5674.0,COLD
2023-06-20 12:23:00,31.407,31.417,31.407,31.417,2239.0,COLD
2023-06-20 12:22:00,31.402,31.407,31.402,31.407,367.0,COLD
2023-06-20 12:21:00,31.402,31.407,31.397,31.402,2245.0,COLD
2023-06-20 12:20:00,31.397,31.402,31.397,31.402,567.0,COLD
2023-06-20 12:19:00,31.377,31.397,31.377,31.397,1479.0,COLD
2023-06-20 12:18:00,31.387,31.397,31.368,31.377,2620.0,COLD
2023-06-20 12:17:00,31.392,31.397,31.377,31.387,3375.0,COLD
2023-06-20 12:16:00,31.387,31.397,31.377,31.397,2606.0,COLD
2023-06-20 12:15:00,31.387,31.387,31.382,31.382,418.0,COLD
2023-06-20 12:14:00,31.392,31.397,31.387,31.397,1403.0,COLD
2023-06-20 12:13:00,31.373,31.397,31.373,31.397,1073.0,COLD
2023-06-20 12:12:00,31.397,31.397,31.373,31.377,2254.0,COLD
2023-06-20 12:11:00,31.397,31.407,31.397,31.398,891.0,COLD
2023-06-20 12:10:00,31.387,31.397,31.387,31.397,398.0,COLD
2023-06-20 12:09:00,31.387,31.397,31.387,31.397,1622.0,COLD
2023-06-20 12:08:00,31.388,31.397,31.387,31.397,1499.0,COLD
2023-06-20 12:07:00,31.407,31.407,31.397,31.407,2680.0,COLD
2023-06-20 12:06:00,31.377,31.402,31.377,31.402,2292.0,COLD
2023-06-20 12:05:00,31.402,31.402,31.387,31.387,1652.0,COLD
2023-06-20 12:04:00,31.402,31.407,31.397,31.402,1093.0,COLD
2023-06-20 12:03:00,31.412,31.412,31.397,31.407,2834.0,COLD
2023-06-20 12:02:00,31.397,31.412,31.397,31.412,1801.0,COLD
2023-06-20 12:01:00,31.387,31.392,31.382,31.392,1223.0,COLD
2023-06-20 12:00:00,31.402,31.407,31.397,31.397,1901.0,COLD
2023-06-20 11:58:00,31.427,31.427,31.402,31.402,1452.0,COLD
2023-06-20 11:57:00,31.432,31.437,31.432,31.432,557.0,COLD
2023-06-20 11:56:00,31.457,31.457,31.437,31.437,1236.0,COLD
2023-06-20 11:55:00,31.447,31.452,31.442,31.447,1048.0,COLD
2023-06-20 11:54:00,31.437,31.437,31.437,31.437,626.0,COLD
2023-06-20 11:53:00,31.442,31.442,31.427,31.432,1402.0,COLD
2023-06-20 11:52:00,31.457,31.457,31.447,31.447,2074.0,COLD
2023-06-20 11:51:00,31.457,31.457,31.447,31.447,822.0,COLD
2023-06-20 11:50:00,31.462,31.467,31.457,31.457,1416.0,COLD
2023-06-20 11:49:00,31.467,31.467,31.462,31.462,698.0,COLD
2023-06-20 11:48:00,31.457,31.467,31.457,31.467,404.0,COLD
2023-06-20 11:47:00,31.437,31.467,31.437,31.467,1705.0,COLD
2023-06-20 11:46:00,31.417,31.432,31.417,31.432,1143.0,COLD
2023-06-20 11:45:00,31.417,31.422,31.397,31.417,3410.0,COLD
2023-06-20 11:44:00,31.427,31.432,31.427,31.432,1002.0,COLD
2023-06-20 11:43:00,31.447,31.447,31.427,31.427,1604.0,COLD
2023-06-20 11:42:00,31.467,31.467,31.467,31.467,494.0,COLD
2023-06-20 11:41:00,31.482,31.482,31.472,31.472,714.0,COLD
2023-06-20 11:40:00,31.497,31.497,31.482,31.482,1492.0,COLD
2023-06-20 11:39:00,31.492,31.507,31.487,31.507,2339.0,COLD
2023-06-20 11:38:00,31.482,31.492,31.482,31.492,2051.0,COLD
2023-06-20 11:37:00,31.487,31.487,31.477,31.487,3507.0,COLD
2023-06-20 11:36:00,31.477,31.477,31.477,31.477,915.0,COLD
2023-06-20 11:35:00,31.467,31.477,31.46,31.477,711.0,COLD
2023-06-20 11:34:00,31.467,31.467,31.437,31.462,3728.0,COLD
2023-06-20 11:33:00,31.467,31.477,31.467,31.477,541.0,COLD
2023-06-20 11:32:00,31.447,31.467,31.444,31.467,2906.0,COLD
2023-06-20 11:31:00,31.452,31.452,31.442,31.442,1290.0,COLD
2023-06-20 11:30:00,31.477,31.482,31.467,31.467,3717.0,COLD
2023-06-20 11:29:00,31.487,31.487,31.487,31.487,502.0,COLD
2023-06-20 11:28:00,31.487,31.497,31.477,31.487,3297.0,COLD
2023-06-20 11:27:00,31.497,31.497,31.497,31.497,1338.0,COLD
2023-06-20 11:26:00,31.507,31.517,31.507,31.517,2243.0,COLD
2023-06-20 11:25:00,31.487,31.502,31.487,31.497,1201.0,COLD
2023-06-20 11:24:00,31.487,31.492,31.482,31.482,5584.0,COLD
2023-06-20 11:23:00,31.487,31.487,31.487,31.487,438.0,COLD
2023-06-20 11:22:00,31.492,31.492,31.487,31.492,907.0,COLD
2023-06-20 11:21:00,31.507,31.507,31.492,31.492,1312.0,COLD
2023-06-20 11:19:00,31.517,31.517,31.497,31.512,3209.0,COLD
2023-06-20 11:18:00,31.507,31.507,31.507,31.507,100.0,COLD
2023-06-20 11:17:00,31.531,31.531,31.517,31.517,972.0,COLD
2023-06-20 11:16:00,31.517,31.536,31.517,31.531,1607.0,COLD
2023-06-20 11:15:00,31.536,31.541,31.517,31.517,3806.0,COLD
2023-06-20 11:14:00,31.536,31.536,31.536,31.536,534.0,COLD
2023-06-20 11:13:00,31.526,31.536,31.526,31.536,232.0,COLD
2023-06-20 11:12:00,31.556,31.556,31.526,31.526,1779.0,COLD
2023-06-20 11:11:00,31.546,31.556,31.536,31.556,959.0,COLD
2023-06-20 11:10:00,31.526,31.546,31.526,31.546,4184.0,COLD
2023-06-20 11:09:00,31.571,31.574,31.546,31.546,3600.0,COLD
2023-06-20 11:08:00,31.546,31.586,31.546,31.566,7001.0,COLD
2023-06-20 11:07:00,31.561,31.561,31.556,31.556,801.0,COLD
2023-06-20 11:06:00,31.556,31.566,31.556,31.561,2011.0,COLD
2023-06-20 11:05:00,31.556,31.556,31.551,31.556,1877.0,COLD
2023-06-20 11:04:00,31.576,31.576,31.556,31.556,1666.0,COLD
2023-06-20 11:03:00,31.586,31.586,31.586,31.586,411.0,COLD
2023-06-20 11:02:00,31.576,31.576,31.576,31.576,362.0,COLD
2023-06-20 11:01:00,31.576,31.576,31.566,31.566,2016.0,COLD
2023-06-20 11:00:00,31.566,31.586,31.566,31.586,1045.0,COLD
2023-06-20 10:59:00,31.531,31.556,31.531,31.556,1221.0,COLD
2023-06-20 10:58:00,31.556,31.556,31.531,31.531,1748.0,COLD
2023-06-20 10:57:00,31.546,31.566,31.546,31.566,1310.0,COLD
2023-06-20 10:56:00,31.536,31.546,31.536,31.546,3375.0,COLD
2023-06-20 10:55:00,31.556,31.556,31.526,31.526,1595.0,COLD
2023-06-20 10:54:00,31.576,31.576,31.556,31.556,1439.0,COLD
2023-06-20 10:53:00,31.566,31.566,31.566,31.566,302.0,COLD
2023-06-20 10:52:00,31.586,31.586,31.566,31.566,1836.0,COLD
2023-06-20 10:51:00,31.566,31.596,31.566,31.596,1619.0,COLD
2023-06-20 10:50:00,31.601,31.601,31.576,31.576,1846.0,COLD
2023-06-20 10:49:00,31.596,31.601,31.586,31.596,2825.0,COLD
2023-06-20 10:48:00,31.601,31.601,31.596,31.596,330.0,COLD
2023-06-20 10:47:00,31.586,31.596,31.586,31.596,1570.0,COLD
2023-06-20 10:46:00,31.596,31.596,31.566,31.586,12602.0,COLD
2023-06-20 10:45:00,31.596,31.596,31.586,31.586,298.0,COLD
2023-06-20 10:44:00,31.622,31.631,31.606,31.606,2089.0,COLD
2023-06-20 10:43:00,31.626,31.631,31.623,31.626,2639.0,COLD
2023-06-20 10:42:00,31.651,31.651,31.626,31.626,4478.0,COLD
2023-06-20 10:41:00,31.646,31.651,31.616,31.651,4714.0,COLD
2023-06-20 10:40:00,31.636,31.646,31.616,31.646,4176.0,COLD
2023-06-20 10:39:00,31.666,31.666,31.636,31.636,4987.0,COLD
2023-06-20 10:38:00,31.636,31.651,31.626,31.646,4498.0,COLD
2023-06-20 10:37:00,31.646,31.656,31.626,31.626,2460.0,COLD
2023-06-20 10:36:00,31.625,31.656,31.606,31.646,2019.0,COLD
2023-06-20 10:35:00,31.606,31.606,31.581,31.606,1983.0,COLD
2023-06-20 10:34:00,31.626,31.646,31.606,31.616,3742.0,COLD
2023-06-20 10:33:00,31.596,31.626,31.576,31.626,4648.0,COLD
2023-06-20 10:32:00,31.566,31.596,31.536,31.596,5773.0,COLD
2023-06-20 10:31:00,31.606,31.621,31.566,31.566,5261.0,COLD
2023-06-20 10:30:00,31.581,31.601,31.581,31.601,5308.0,COLD
2023-06-20 10:29:00,31.576,31.596,31.576,31.586,2637.0,COLD
2023-06-20 10:28:00,31.556,31.576,31.556,31.576,2833.0,COLD
2023-06-20 10:27:00,31.576,31.576,31.546,31.566,2075.0,COLD
2023-06-20 10:26:00,31.611,31.613,31.576,31.576,1844.0,COLD
2023-06-20 10:25:00,31.636,31.636,31.606,31.606,3394.0,COLD
2023-06-20 10:24:00,31.666,31.666,31.636,31.646,5423.0,COLD
2023-06-20 10:23:00,31.606,31.675,31.606,31.666,2508.0,COLD
2023-06-20 10:22:00,31.566,31.601,31.566,31.601,6457.0,COLD
2023-06-20 10:21:00,31.566,31.571,31.549,31.566,5947.0,COLD
2023-06-20 10:20:00,31.586,31.586,31.566,31.566,1425.0,COLD
2023-06-20 10:19:00,31.591,31.596,31.586,31.586,2734.0,COLD
2023-06-20 10:18:00,31.586,31.591,31.576,31.586,4915.0,COLD
2023-06-20 10:17:00,31.606,31.606,31.566,31.566,1895.0,COLD
2023-06-20 10:16:00,31.596,31.616,31.596,31.606,4382.0,COLD
2023-06-20 10:15:00,31.556,31.591,31.556,31.586,8644.0,COLD
2023-06-20 10:14:00,31.566,31.566,31.556,31.556,4501.0,COLD
2023-06-20 10:13:00,31.571,31.591,31.556,31.556,4291.0,COLD
2023-06-20 10:12:00,31.596,31.611,31.576,31.576,4715.0,COLD
2023-06-20 10:11:00,31.621,31.626,31.596,31.596,3647.0,COLD
2023-06-20 10:10:00,31.591,31.616,31.591,31.616,2590.0,COLD
2023-06-20 10:09:00,31.576,31.611,31.576,31.606,7569.0,COLD
2023-06-20 10:08:00,31.576,31.601,31.571,31.576,3004.0,COLD
2023-06-20 10:07:00,31.546,31.566,31.546,31.566,3844.0,COLD
2023-06-20 10:06:00,31.477,31.536,31.477,31.536,2945.0,COLD
2023-06-20 10:05:00,31.467,31.486,31.467,31.477,2987.0,COLD
2023-06-20 10:04:00,31.467,31.497,31.462,31.467,11055.0,COLD
2023-06-20 10:03:00,31.452,31.457,31.437,31.452,9919.0,COLD
2023-06-20 10:02:00,31.526,31.526,31.442,31.447,4984.0,COLD
2023-06-20 10:01:00,31.457,31.526,31.457,31.507,2784.0,COLD
2023-06-20 10:00:00,31.457,31.472,31.397,31.457,14950.0,COLD
2023-06-20 09:59:00,31.407,31.526,31.407,31.477,6384.0,COLD
2023-06-20 09:58:00,31.487,31.487,31.377,31.387,3525.0,COLD
2023-06-20 09:57:00,31.541,31.541,31.467,31.487,4325.0,COLD
2023-06-20 09:56:00,31.586,31.586,31.546,31.546,2531.0,COLD
2023-06-20 09:55:00,31.626,31.636,31.6,31.6,7415.0,COLD
2023-06-20 09:54:00,31.616,31.656,31.616,31.636,6391.0,COLD
2023-06-20 09:53:00,31.636,31.636,31.601,31.601,3378.0,COLD
2023-06-20 09:52:00,31.611,31.636,31.596,31.636,6344.0,COLD
2023-06-20 09:51:00,31.521,31.611,31.521,31.611,3202.0,COLD
2023-06-20 09:50:00,31.556,31.566,31.497,31.521,2653.0,COLD
2023-06-20 09:49:00,31.566,31.616,31.566,31.576,2831.0,COLD
2023-06-20 09:48:00,31.497,31.556,31.497,31.556,3515.0,COLD
2023-06-20 09:47:00,31.477,31.497,31.457,31.492,8976.0,COLD
2023-06-20 09:46:00,31.497,31.517,31.467,31.467,10564.0,COLD
2023-06-20 09:45:00,31.566,31.576,31.499,31.499,8040.0,COLD
2023-06-20 09:44:00,31.566,31.596,31.566,31.579,2347.0,COLD
2023-06-20 09:43:00,31.556,31.576,31.521,31.521,3265.0,COLD
2023-06-20 09:42:00,31.576,31.616,31.551,31.556,5059.0,COLD
2023-06-20 09:41:00,31.576,31.576,31.556,31.556,1755.0,COLD
2023-06-20 09:40:00,31.621,31.636,31.556,31.566,4064.0,COLD
2023-06-20 09:39:00,31.626,31.675,31.601,31.636,5282.0,COLD
2023-06-20 09:38:00,31.656,31.675,31.626,31.636,2793.0,COLD
2023-06-20 09:37:00,31.7,31.745,31.685,31.685,5769.0,COLD
2023-06-20 09:36:00,31.695,31.725,31.675,31.725,3501.0,COLD
2023-06-20 09:35:00,31.69,31.745,31.651,31.685,7009.0,COLD
2023-06-20 09:34:00,31.685,31.695,31.685,31.69,1340.0,COLD
2023-06-20 09:33:00,31.517,31.675,31.517,31.675,6520.0,COLD
2023-06-20 09:32:00,31.526,31.556,31.487,31.492,5658.0,COLD
2023-06-20 09:31:00,31.477,31.556,31.477,31.517,4306.0,COLD
2023-06-20 09:30:00,31.606,31.606,31.483,31.483,13484.0,COLD
2023-06-20 08:52:00,31.824,31.824,31.824,31.824,25.0,COLD
2023-06-20 08:03:00,31.417,31.417,31.417,31.417,1.0,COLD
2023-06-16 19:08:00,31.844,31.844,31.844,31.844,10.0,COLD
2023-06-16 19:00:00,31.834,31.834,31.834,31.834,638821.0,COLD
2023-06-16 18:30:00,31.834,31.834,31.834,31.834,638821.0,COLD
2023-06-16 17:00:00,31.834,31.834,31.834,31.834,267.0,COLD
2023-06-16 16:14:00,31.834,31.834,31.834,31.834,30831.0,COLD
2023-06-16 16:13:00,31.834,31.834,31.834,31.834,6927.0,COLD
2023-06-16 16:10:00,31.834,31.834,31.834,31.834,639271.0,COLD
2023-06-16 16:09:00,31.834,32.182,31.834,32.182,3091.0,COLD
2023-06-16 16:04:00,31.834,31.834,31.834,31.834,359.0,COLD
2023-06-16 16:03:00,31.834,31.854,31.833,31.833,4579.0,COLD
2023-06-16 16:02:00,31.834,31.983,31.834,31.983,3584.0,COLD
2023-06-16 16:01:00,31.834,31.834,31.834,31.834,29.0,COLD
2023-06-16 16:00:00,31.854,31.854,31.834,31.834,1302544.0,COLD
2023-06-16 15:59:00,31.854,31.864,31.829,31.854,93156.0,COLD
2023-06-16 15:58:00,31.824,31.859,31.815,31.854,37094.0,COLD
2023-06-16 15:57:00,31.81,31.834,31.81,31.819,29923.0,COLD
2023-06-16 15:56:00,31.819,31.819,31.795,31.81,31818.0,COLD
2023-06-16 15:55:00,31.805,31.819,31.8,31.819,23731.0,COLD
2023-06-16 15:54:00,31.829,31.834,31.795,31.795,19917.0,COLD
2023-06-16 15:53:00,31.844,31.849,31.824,31.824,17418.0,COLD
2023-06-16 15:52:00,31.864,31.864,31.844,31.849,13000.0,COLD
2023-06-16 15:51:00,31.883,31.914,31.869,31.869,34721.0,COLD
2023-06-16 15:50:00,31.894,31.914,31.864,31.879,56426.0,COLD
2023-06-16 15:49:00,31.894,31.894,31.884,31.894,6033.0,COLD
2023-06-16 15:48:00,31.914,31.914,31.889,31.894,4272.0,COLD
2023-06-16 15:47:00,31.869,31.924,31.869,31.924,7258.0,COLD
2023-06-16 15:46:00,31.854,31.869,31.849,31.869,7037.0,COLD
2023-06-16 15:45:00,31.884,31.884,31.854,31.854,8422.0,COLD
2023-06-16 15:44:00,31.869,31.879,31.864,31.879,8893.0,COLD
2023-06-16 15:43:00,31.859,31.864,31.859,31.864,2856.0,COLD
2023-06-16 15:42:00,31.864,31.864,31.854,31.864,5418.0,COLD
2023-06-16 15:41:00,31.839,31.869,31.839,31.869,7445.0,COLD
2023-06-16 15:40:00,31.839,31.844,31.834,31.839,8596.0,COLD
2023-06-16 15:39:00,31.839,31.839,31.834,31.839,1708.0,COLD
2023-06-16 15:38:00,31.819,31.839,31.819,31.839,6831.0,COLD
2023-06-16 15:37:00,31.819,31.819,31.819,31.819,977.0,COLD
2023-06-16 15:36:00,31.805,31.819,31.805,31.819,6833.0,COLD
2023-06-16 15:35:00,31.81,31.819,31.805,31.81,5104.0,COLD
2023-06-16 15:34:00,31.81,31.81,31.795,31.805,4939.0,COLD
2023-06-16 15:33:00,31.805,31.81,31.8,31.805,2864.0,COLD
2023-06-16 15:32:00,31.795,31.815,31.795,31.815,5895.0,COLD
2023-06-16 15:31:00,31.76,31.785,31.76,31.785,3881.0,COLD
2023-06-16 15:30:00,31.74,31.76,31.74,31.76,5112.0,COLD
2023-06-16 15:29:00,31.74,31.745,31.74,31.74,1796.0,COLD
2023-06-16 15:28:00,31.755,31.755,31.735,31.74,18332.0,COLD
2023-06-16 15:27:00,31.75,31.755,31.745,31.755,1111.0,COLD
2023-06-16 15:26:00,31.73,31.75,31.73,31.75,2055.0,COLD
2023-06-16 15:25:00,31.72,31.745,31.72,31.735,9295.0,COLD
2023-06-16 15:24:00,31.74,31.74,31.72,31.72,3300.0,COLD
2023-06-16 15:23:00,31.72,31.74,31.72,31.74,3932.0,COLD
2023-06-16 15:22:00,31.73,31.735,31.72,31.72,3238.0,COLD
2023-06-16 15:21:00,31.73,31.73,31.73,31.73,1880.0,COLD
2023-06-16 15:20:00,31.715,31.735,31.715,31.735,4051.0,COLD
2023-06-16 15:19:00,31.705,31.715,31.705,31.71,1861.0,COLD
2023-06-16 15:18:00,31.695,31.71,31.685,31.71,5024.0,COLD
2023-06-16 15:17:00,31.7,31.705,31.695,31.695,5135.0,COLD
2023-06-16 15:16:00,31.72,31.72,31.695,31.7,4979.0,COLD
2023-06-16 15:15:00,31.72,31.725,31.715,31.72,1610.0,COLD
2023-06-16 15:14:00,31.72,31.725,31.72,31.725,1498.0,COLD
2023-06-16 15:13:00,31.74,31.74,31.72,31.72,7644.0,COLD
2023-06-16 15:12:00,31.742,31.745,31.74,31.74,1857.0,COLD
2023-06-16 15:11:00,31.74,31.745,31.74,31.74,1794.0,COLD
2023-06-16 15:10:00,31.745,31.745,31.74,31.745,1185.0,COLD
2023-06-16 15:09:00,31.735,31.74,31.73,31.74,2695.0,COLD
2023-06-16 15:08:00,31.73,31.735,31.725,31.73,1975.0,COLD
2023-06-16 15:07:00,31.735,31.735,31.725,31.73,5857.0,COLD
2023-06-16 15:06:00,31.73,31.735,31.73,31.73,1476.0,COLD
2023-06-16 15:05:00,31.725,31.735,31.725,31.735,4291.0,COLD
2023-06-16 15:04:00,31.73,31.735,31.725,31.73,2004.0,COLD
2023-06-16 15:03:00,31.74,31.745,31.73,31.73,4337.0,COLD
2023-06-16 15:02:00,31.715,31.74,31.715,31.74,3587.0,COLD
2023-06-16 15:01:00,31.72,31.72,31.7,31.71,5124.0,COLD
2023-06-16 15:00:00,31.715,31.735,31.715,31.72,4945.0,COLD
2023-06-16 14:59:00,31.71,31.715,31.71,31.715,2262.0,COLD
2023-06-16 14:58:00,31.71,31.71,31.71,31.71,632.0,COLD
2023-06-16 14:57:00,31.72,31.72,31.705,31.71,3707.0,COLD
2023-06-16 14:56:00,31.72,31.72,31.72,31.72,977.0,COLD
2023-06-16 14:55:00,31.715,31.735,31.715,31.725,6530.0,COLD
2023-06-16 14:54:00,31.71,31.715,31.71,31.715,963.0,COLD
2023-06-16 14:53:00,31.72,31.72,31.705,31.71,1677.0,COLD
2023-06-16 14:52:00,31.74,31.74,31.715,31.72,2913.0,COLD
2023-06-16 14:51:00,31.725,31.745,31.725,31.745,4360.0,COLD
2023-06-16 14:50:00,31.72,31.725,31.715,31.72,1659.0,COLD
2023-06-16 14:49:00,31.725,31.735,31.725,31.725,3525.0,COLD
2023-06-16 14:48:00,31.72,31.725,31.72,31.72,1268.0,COLD
2023-06-16 14:47:00,31.72,31.73,31.72,31.72,3316.0,COLD
2023-06-16 14:46:00,31.72,31.72,31.72,31.72,528.0,COLD
2023-06-16 14:45:00,31.745,31.745,31.715,31.715,1784.0,COLD
2023-06-16 14:44:00,31.755,31.755,31.725,31.735,2543.0,COLD
2023-06-16 14:43:00,31.735,31.745,31.73,31.745,1999.0,COLD
2023-06-16 14:42:00,31.725,31.735,31.725,31.73,3131.0,COLD
2023-06-16 14:41:00,31.72,31.725,31.715,31.715,1467.0,COLD
2023-06-16 14:40:00,31.72,31.725,31.72,31.725,1715.0,COLD
2023-06-16 14:39:00,31.72,31.725,31.72,31.725,1130.0,COLD
2023-06-16 14:38:00,31.72,31.72,31.72,31.72,498.0,COLD
2023-06-16 14:37:00,31.73,31.73,31.715,31.72,2066.0,COLD
2023-06-16 14:36:00,31.72,31.73,31.72,31.73,1307.0,COLD
2023-06-16 14:35:00,31.735,31.735,31.715,31.715,2217.0,COLD
2023-06-16 14:34:00,31.725,31.735,31.725,31.735,2107.0,COLD
2023-06-16 14:33:00,31.715,31.725,31.715,31.725,588.0,COLD
2023-06-16 14:32:00,31.715,31.725,31.715,31.725,2361.0,COLD
2023-06-16 14:31:00,31.745,31.745,31.725,31.725,2223.0,COLD
2023-06-16 14:30:00,31.745,31.745,31.745,31.745,452.0,COLD
2023-06-16 14:29:00,31.755,31.755,31.735,31.745,3164.0,COLD
2023-06-16 14:28:00,31.77,31.77,31.75,31.755,4769.0,COLD
2023-06-16 14:27:00,31.78,31.785,31.77,31.77,2022.0,COLD
2023-06-16 14:26:00,31.755,31.78,31.755,31.78,3201.0,COLD
2023-06-16 14:25:00,31.75,31.755,31.75,31.755,743.0,COLD
2023-06-16 14:24:00,31.735,31.745,31.735,31.745,3121.0,COLD
2023-06-16 14:23:00,31.745,31.745,31.735,31.735,726.0,COLD
2023-06-16 14:22:00,31.745,31.75,31.725,31.725,5201.0,COLD
2023-06-16 14:21:00,31.74,31.745,31.735,31.745,1191.0,COLD
2023-06-16 14:20:00,31.718,31.735,31.715,31.735,5824.0,COLD
2023-06-16 14:19:00,31.706,31.72,31.706,31.718,964.0,COLD
2023-06-16 14:18:00,31.695,31.705,31.69,31.705,1840.0,COLD
2023-06-16 14:17:00,31.715,31.715,31.7,31.7,794.0,COLD
2023-06-16 14:16:00,31.745,31.745,31.72,31.725,7540.0,COLD
2023-06-16 14:15:00,31.725,31.74,31.725,31.74,2718.0,COLD
2023-06-16 14:14:00,31.695,31.715,31.685,31.715,2894.0,COLD
2023-06-16 14:13:00,31.685,31.7,31.675,31.695,3703.0,COLD
2023-06-16 14:12:00,31.685,31.685,31.685,31.685,204.0,COLD
2023-06-16 14:11:00,31.685,31.69,31.675,31.675,1630.0,COLD
2023-06-16 14:10:00,31.69,31.69,31.685,31.685,804.0,COLD
2023-06-16 14:09:00,31.685,31.685,31.675,31.685,819.0,COLD
2023-06-16 14:08:00,31.7,31.7,31.695,31.695,4829.0,COLD
2023-06-16 14:07:00,31.67,31.695,31.67,31.695,1918.0,COLD
2023-06-16 14:06:00,31.67,31.675,31.666,31.675,826.0,COLD
2023-06-16 14:05:00,31.695,31.7,31.666,31.666,2644.0,COLD
2023-06-16 14:03:00,31.695,31.695,31.695,31.695,1207.0,COLD
2023-06-16 14:02:00,31.685,31.685,31.685,31.685,1375.0,COLD
2023-06-16 14:01:00,31.695,31.695,31.695,31.695,1245.0,COLD
2023-06-16 14:00:00,31.7,31.7,31.685,31.69,1903.0,COLD
2023-06-16 13:59:00,31.68,31.705,31.68,31.705,1568.0,COLD
2023-06-16 13:58:00,31.68,31.68,31.675,31.675,787.0,COLD
2023-06-16 13:57:00,31.675,31.68,31.675,31.68,468.0,COLD
2023-06-16 13:56:00,31.705,31.705,31.685,31.685,2126.0,COLD
2023-06-16 13:55:00,31.695,31.705,31.695,31.705,515.0,COLD
2023-06-16 13:54:00,31.675,31.695,31.675,31.695,3729.0,COLD
2023-06-16 13:53:00,31.666,31.685,31.666,31.685,3810.0,COLD
2023-06-16 13:52:00,31.656,31.666,31.656,31.666,1134.0,COLD
2023-06-16 13:51:00,31.666,31.666,31.646,31.646,843.0,COLD
2023-06-16 13:50:00,31.636,31.656,31.636,31.656,2503.0,COLD
2023-06-16 13:49:00,31.636,31.646,31.636,31.646,729.0,COLD
2023-06-16 13:48:00,31.636,31.646,31.626,31.636,2971.0,COLD
2023-06-16 13:47:00,31.626,31.636,31.626,31.627,1994.0,COLD
2023-06-16 13:46:00,31.621,31.621,31.621,31.621,296.0,COLD
2023-06-16 13:45:00,31.616,31.621,31.616,31.621,1392.0,COLD
2023-06-16 13:44:00,31.626,31.636,31.621,31.621,1564.0,COLD
2023-06-16 13:43:00,31.636,31.636,31.636,31.636,693.0,COLD
2023-06-16 13:42:00,31.636,31.636,31.626,31.626,354.0,COLD
2023-06-16 13:41:00,31.631,31.646,31.626,31.636,4121.0,COLD
2023-06-16 13:40:00,31.626,31.631,31.626,31.631,745.0,COLD
2023-06-16 13:39:00,31.626,31.626,31.626,31.626,831.0,COLD
2023-06-16 13:38:00,31.626,31.626,31.626,31.626,1222.0,COLD
2023-06-16 13:37:00,31.636,31.636,31.631,31.636,2490.0,COLD
2023-06-16 13:36:00,31.641,31.646,31.641,31.646,1681.0,COLD
2023-06-16 13:35:00,31.646,31.646,31.641,31.641,1041.0,COLD
2023-06-16 13:34:00,31.626,31.641,31.626,31.636,2103.0,COLD
2023-06-16 13:33:00,31.636,31.636,31.616,31.621,1942.0,COLD
2023-06-16 13:32:00,31.636,31.636,31.636,31.636,648.0,COLD
2023-06-16 13:31:00,31.626,31.636,31.616,31.636,3959.0,COLD
2023-06-16 13:30:00,31.626,31.646,31.626,31.636,1981.0,COLD
2023-06-16 13:29:00,31.675,31.675,31.646,31.646,1774.0,COLD
2023-06-16 13:28:00,31.675,31.685,31.67,31.67,1319.0,COLD
2023-06-16 13:27:00,31.675,31.675,31.675,31.675,132.0,COLD
2023-06-16 13:26:00,31.68,31.685,31.68,31.685,914.0,COLD
2023-06-16 13:25:00,31.68,31.68,31.68,31.68,558.0,COLD
2023-06-16 13:24:00,31.7,31.7,31.685,31.685,1600.0,COLD
2023-06-16 13:23:00,31.695,31.695,31.69,31.69,706.0,COLD
2023-06-16 13:22:00,31.68,31.695,31.68,31.695,1286.0,COLD
2023-06-16 13:21:00,31.695,31.695,31.675,31.675,1967.0,COLD
2023-06-16 13:20:00,31.705,31.705,31.695,31.695,1088.0,COLD
2023-06-16 13:19:00,31.715,31.715,31.71,31.71,697.0,COLD
2023-06-16 13:18:00,31.72,31.72,31.72,31.72,104.0,COLD
2023-06-16 13:17:00,31.695,31.715,31.695,31.715,1254.0,COLD
2023-06-16 13:16:00,31.705,31.705,31.695,31.695,1544.0,COLD
2023-06-16 13:15:00,31.705,31.705,31.695,31.695,420.0,COLD
2023-06-16 13:14:00,31.69,31.7,31.69,31.7,979.0,COLD
2023-06-16 13:13:00,31.69,31.69,31.69,31.69,201.0,COLD
2023-06-16 13:12:00,31.695,31.695,31.675,31.685,3297.0,COLD
2023-06-16 13:11:00,31.715,31.715,31.705,31.705,429.0,COLD
2023-06-16 13:10:00,31.685,31.705,31.685,31.705,1366.0,COLD
2023-06-16 13:09:00,31.685,31.69,31.685,31.69,299.0,COLD
2023-06-16 13:08:00,31.695,31.695,31.69,31.69,857.0,COLD
2023-06-16 13:07:00,31.73,31.73,31.695,31.705,1645.0,COLD
2023-06-16 13:06:00,31.735,31.735,31.715,31.73,496.0,COLD
2023-06-16 13:05:00,31.725,31.725,31.725,31.725,589.0,COLD
2023-06-16 13:04:00,31.725,31.725,31.715,31.725,624.0,COLD
2023-06-16 13:03:00,31.725,31.725,31.715,31.725,870.0,COLD
2023-06-16 13:02:00,31.73,31.735,31.73,31.735,767.0,COLD
2023-06-16 13:01:00,31.72,31.725,31.715,31.715,1282.0,COLD
2023-06-16 13:00:00,31.725,31.725,31.725,31.725,506.0,COLD
2023-06-16 12:59:00,31.715,31.715,31.715,31.715,119.0,COLD
2023-06-16 12:58:00,31.725,31.725,31.725,31.725,492.0,COLD
2023-06-16 12:57:00,31.705,31.715,31.705,31.715,1879.0,COLD
2023-06-16 12:56:00,31.705,31.705,31.695,31.695,1162.0,COLD
2023-06-16 12:55:00,31.715,31.715,31.705,31.705,467.0,COLD
2023-06-16 12:54:00,31.725,31.725,31.715,31.715,997.0,COLD
2023-06-16 12:53:00,31.735,31.735,31.735,31.735,464.0,COLD
2023-06-16 12:52:00,31.74,31.74,31.74,31.74,643.0,COLD
2023-06-16 12:51:00,31.735,31.735,31.725,31.725,595.0,COLD
2023-06-16 12:50:00,31.744,31.744,31.735,31.74,2206.0,COLD
2023-06-16 12:49:00,31.715,31.735,31.715,31.735,1073.0,COLD
2023-06-16 12:48:00,31.7,31.715,31.7,31.715,741.0,COLD
2023-06-16 12:47:00,31.705,31.705,31.705,31.705,203.0,COLD
2023-06-16 12:46:00,31.69,31.705,31.69,31.7,1612.0,COLD
2023-06-16 12:45:00,31.68,31.69,31.68,31.69,1636.0,COLD
2023-06-16 12:44:00,31.685,31.685,31.685,31.685,566.0,COLD
2023-06-16 12:43:00,31.7,31.7,31.695,31.695,514.0,COLD
2023-06-16 12:42:00,31.705,31.705,31.705,31.705,812.0,COLD
2023-06-16 12:41:00,31.695,31.715,31.695,31.71,1152.0,COLD
2023-06-16 12:40:00,31.695,31.695,31.695,31.695,100.0,COLD
2023-06-16 12:39:00,31.715,31.715,31.705,31.705,1894.0,COLD
2023-06-16 12:37:00,31.69,31.715,31.69,31.715,1745.0,COLD
2023-06-16 12:36:00,31.69,31.69,31.685,31.69,931.0,COLD
2023-06-16 12:35:00,31.695,31.695,31.685,31.69,1649.0,COLD
2023-06-16 12:34:00,31.685,31.705,31.685,31.705,4636.0,COLD
2023-06-16 12:33:00,31.695,31.695,31.685,31.695,760.0,COLD
2023-06-16 12:32:00,31.7,31.7,31.695,31.695,606.0,COLD
2023-06-16 12:31:00,31.725,31.725,31.695,31.695,1295.0,COLD
2023-06-16 12:30:00,31.69,31.705,31.69,31.705,1153.0,COLD
2023-06-16 12:29:00,31.695,31.695,31.69,31.69,902.0,COLD
2023-06-16 12:28:00,31.675,31.69,31.675,31.69,2093.0,COLD
2023-06-16 12:27:00,31.675,31.685,31.675,31.675,1033.0,COLD
2023-06-16 12:26:00,31.695,31.695,31.685,31.69,1787.0,COLD
2023-06-16 12:25:00,31.704,31.705,31.704,31.705,682.0,COLD
2023-06-16 12:24:00,31.675,31.705,31.675,31.705,1747.0,COLD
2023-06-16 12:23:00,31.685,31.685,31.675,31.68,2027.0,COLD
2023-06-16 12:22:00,31.646,31.695,31.646,31.695,3269.0,COLD
2023-06-16 12:21:00,31.675,31.675,31.646,31.646,1910.0,COLD
2023-06-16 12:20:00,31.616,31.666,31.616,31.656,4128.0,COLD
2023-06-16 12:19:00,31.616,31.626,31.616,31.616,518.0,COLD
2023-06-16 12:18:00,31.626,31.626,31.616,31.616,1193.0,COLD
2023-06-16 12:17:00,31.626,31.636,31.626,31.636,549.0,COLD
2023-06-16 12:16:00,31.636,31.641,31.636,31.636,2238.0,COLD
2023-06-16 12:15:00,31.626,31.646,31.626,31.626,904.0,COLD
2023-06-16 12:14:00,31.626,31.641,31.626,31.626,2105.0,COLD
2023-06-16 12:13:00,31.616,31.636,31.616,31.626,2129.0,COLD
2023-06-16 12:12:00,31.626,31.626,31.616,31.616,728.0,COLD
2023-06-16 12:11:00,31.646,31.666,31.636,31.636,2977.0,COLD
2023-06-16 12:10:00,31.646,31.666,31.646,31.666,2493.0,COLD
2023-06-16 12:09:00,31.656,31.666,31.636,31.656,2248.0,COLD
2023-06-16 12:08:00,31.656,31.67,31.646,31.666,4287.0,COLD
2023-06-16 12:07:00,31.656,31.656,31.656,31.656,322.0,COLD
2023-06-16 12:06:00,31.636,31.656,31.626,31.656,4394.0,COLD
2023-06-16 12:05:00,31.651,31.656,31.626,31.626,3308.0,COLD
2023-06-16 12:04:00,31.666,31.666,31.646,31.666,16190.0,COLD
2023-06-16 12:03:00,31.646,31.666,31.646,31.666,2780.0,COLD
2023-06-16 12:02:00,31.646,31.675,31.646,31.661,1385.0,COLD
2023-06-16 12:01:00,31.646,31.675,31.646,31.675,12239.0,COLD
2023-06-16 12:00:00,31.656,31.666,31.646,31.646,7574.0,COLD
2023-06-16 11:59:00,31.626,31.646,31.606,31.646,12535.0,COLD
2023-06-16 11:58:00,31.601,31.616,31.596,31.616,2469.0,COLD
2023-06-16 11:57:00,31.596,31.596,31.596,31.596,603.0,COLD
2023-06-16 11:56:00,31.576,31.596,31.576,31.596,1288.0,COLD
2023-06-16 11:55:00,31.576,31.596,31.576,31.582,1666.0,COLD
2023-06-16 11:54:00,31.591,31.591,31.576,31.576,529.0,COLD
2023-06-16 11:53:00,31.606,31.606,31.586,31.586,1105.0,COLD
2023-06-16 11:52:00,31.606,31.626,31.606,31.616,2953.0,COLD
2023-06-16 11:51:00,31.621,31.621,31.606,31.616,1123.0,COLD
2023-06-16 11:50:00,31.626,31.631,31.626,31.626,1344.0,COLD
2023-06-16 11:49:00,31.606,31.626,31.596,31.611,4340.0,COLD
2023-06-16 11:48:00,31.616,31.616,31.581,31.581,2241.0,COLD
2023-06-16 11:47:00,31.616,31.636,31.601,31.626,39029.0,COLD
2023-06-16 11:46:00,31.636,31.685,31.626,31.626,26041.0,COLD
2023-06-16 11:45:00,31.601,31.646,31.601,31.646,18850.0,COLD
2023-06-16 11:44:00,31.606,31.606,31.606,31.606,606.0,COLD
2023-06-16 11:43:00,31.606,31.606,31.606,31.606,2685.0,COLD
2023-06-16 11:42:00,31.616,31.616,31.586,31.606,7771.0,COLD
2023-06-16 11:41:00,31.646,31.646,31.616,31.616,1178.0,COLD
2023-06-16 11:40:00,31.666,31.675,31.646,31.675,1378.0,COLD
2023-06-16 11:39:00,31.656,31.675,31.656,31.666,1226.0,COLD
2023-06-16 11:38:00,31.646,31.675,31.646,31.666,2317.0,COLD
2023-06-16 11:37:00,31.641,31.666,31.641,31.656,2688.0,COLD
2023-06-16 11:36:00,31.646,31.656,31.626,31.641,1676.0,COLD
2023-06-16 11:35:00,31.675,31.675,31.646,31.646,1115.0,COLD
2023-06-16 11:34:00,31.695,31.695,31.675,31.675,1644.0,COLD
2023-06-16 11:33:00,31.695,31.705,31.695,31.695,1449.0,COLD
2023-06-16 11:32:00,31.685,31.695,31.685,31.695,2238.0,COLD
2023-06-16 11:31:00,31.695,31.695,31.695,31.695,1150.0,COLD
2023-06-16 11:30:00,31.705,31.715,31.685,31.695,2914.0,COLD
2023-06-16 11:29:00,31.735,31.735,31.695,31.705,2019.0,COLD
2023-06-16 11:28:00,31.785,31.795,31.725,31.765,34519.0,COLD
2023-06-16 11:27:00,31.795,31.795,31.765,31.795,23043.0,COLD
2023-06-16 11:26:00,31.815,31.815,31.765,31.795,7666.0,COLD
2023-06-16 11:25:00,31.81,31.81,31.795,31.795,3932.0,COLD
2023-06-16 11:24:00,31.795,31.815,31.775,31.815,4388.0,COLD
2023-06-16 11:23:00,31.824,31.824,31.79,31.795,2382.0,COLD
2023-06-16 11:22:00,31.834,31.844,31.834,31.844,1203.0,COLD
2023-06-16 11:21:00,31.834,31.844,31.824,31.834,1128.0,COLD
2023-06-16 11:20:00,31.834,31.834,31.824,31.824,1173.0,COLD
2023-06-16 11:19:00,31.844,31.844,31.834,31.834,17891.0,COLD
2023-06-16 11:18:00,31.834,31.854,31.824,31.839,5336.0,COLD
2023-06-16 11:17:00,31.829,31.839,31.785,31.839,22871.0,COLD
2023-06-16 11:16:00,31.824,31.829,31.785,31.829,28130.0,COLD
2023-06-16 11:15:00,31.805,31.834,31.805,31.834,10868.0,COLD
2023-06-16 11:14:00,31.775,31.805,31.775,31.805,6875.0,COLD
2023-06-16 11:13:00,31.765,31.775,31.765,31.775,1641.0,COLD
2023-06-16 11:12:00,31.745,31.755,31.745,31.755,724.0,COLD
2023-06-16 11:11:00,31.765,31.765,31.755,31.755,1653.0,COLD
2023-06-16 11:10:00,31.77,31.77,31.755,31.76,1144.0,COLD
2023-06-16 11:09:00,31.765,31.765,31.765,31.765,310.0,COLD
2023-06-16 11:08:00,31.76,31.78,31.76,31.77,3165.0,COLD
2023-06-16 11:07:00,31.755,31.76,31.755,31.76,480.0,COLD
2023-06-16 11:06:00,31.745,31.75,31.745,31.745,1352.0,COLD
2023-06-16 11:05:00,31.76,31.76,31.745,31.755,1463.0,COLD
2023-06-16 11:04:00,31.745,31.755,31.74,31.755,2517.0,COLD
2023-06-16 11:03:00,31.735,31.755,31.735,31.755,420.0,COLD
2023-06-16 11:02:00,31.735,31.755,31.735,31.755,2549.0,COLD
2023-06-16 11:01:00,31.755,31.765,31.735,31.735,2240.0,COLD
2023-06-16 11:00:00,31.765,31.775,31.745,31.745,8777.0,COLD
2023-06-16 10:59:00,31.785,31.785,31.765,31.765,820.0,COLD
2023-06-16 10:58:00,31.805,31.805,31.785,31.785,1328.0,COLD
2023-06-16 10:57:00,31.815,31.815,31.815,31.815,1683.0,COLD
2023-06-16 10:56:00,31.824,31.824,31.815,31.815,1507.0,COLD
2023-06-16 10:55:00,31.795,31.815,31.785,31.815,2593.0,COLD
2023-06-16 10:54:00,31.795,31.795,31.785,31.785,890.0,COLD
2023-06-16 10:53:00,31.824,31.824,31.795,31.795,1227.0,COLD
2023-06-16 10:52:00,31.824,31.834,31.81,31.834,1960.0,COLD
2023-06-16 10:51:00,31.854,31.854,31.824,31.824,1740.0,COLD
2023-06-16 10:50:00,31.844,31.854,31.844,31.846,1756.0,COLD
2023-06-16 10:49:00,31.854,31.854,31.844,31.849,2527.0,COLD
2023-06-16 10:48:00,31.864,31.864,31.844,31.854,969.0,COLD
2023-06-16 10:47:00,31.864,31.884,31.864,31.874,2982.0,COLD
2023-06-16 10:46:00,31.884,31.884,31.874,31.874,1626.0,COLD
2023-06-16 10:45:00,31.874,31.889,31.864,31.889,4858.0,COLD
2023-06-16 10:44:00,31.894,31.899,31.884,31.884,2183.0,COLD
2023-06-16 10:43:00,31.894,31.894,31.894,31.894,630.0,COLD
2023-06-16 10:42:00,31.894,31.909,31.894,31.909,2701.0,COLD
2023-06-16 10:41:00,31.929,31.944,31.904,31.914,7319.0,COLD
2023-06-16 10:40:00,31.934,31.944,31.929,31.944,2225.0,COLD
2023-06-16 10:39:00,31.874,31.944,31.874,31.934,43486.0,COLD
2023-06-16 10:38:00,31.894,31.904,31.874,31.874,1361.0,COLD
2023-06-16 10:37:00,31.914,31.934,31.894,31.909,5392.0,COLD
2023-06-16 10:36:00,31.914,31.934,31.914,31.934,853.0,COLD
2023-06-16 10:35:00,31.874,31.934,31.874,31.934,4040.0,COLD
2023-06-16 10:34:00,31.934,31.934,31.874,31.874,2895.0,COLD
2023-06-16 10:33:00,31.934,31.944,31.924,31.944,2428.0,COLD
2023-06-16 10:32:00,31.904,31.944,31.904,31.934,4315.0,COLD
2023-06-16 10:31:00,31.924,31.924,31.884,31.914,3477.0,COLD
2023-06-16 10:30:00,31.834,31.924,31.834,31.924,7598.0,COLD
2023-06-16 10:29:00,31.824,31.874,31.824,31.849,3866.0,COLD
2023-06-16 10:28:00,31.8,31.824,31.792,31.824,3639.0,COLD
2023-06-16 10:27:00,31.805,31.815,31.792,31.8,4141.0,COLD
2023-06-16 10:26:00,31.834,31.834,31.815,31.815,1200.0,COLD
2023-06-16 10:25:00,31.844,31.854,31.824,31.834,4938.0,COLD
2023-06-16 10:24:00,31.849,31.874,31.849,31.854,1652.0,COLD
2023-06-16 10:23:00,31.874,31.884,31.839,31.854,3099.0,COLD
2023-06-16 10:22:00,31.805,31.844,31.805,31.844,1606.0,COLD
2023-06-16 10:21:00,31.785,31.815,31.755,31.805,4625.0,COLD
2023-06-16 10:20:00,31.815,31.824,31.81,31.824,3083.0,COLD
2023-06-16 10:19:00,31.815,31.815,31.815,31.815,543.0,COLD
2023-06-16 10:18:00,31.844,31.844,31.795,31.815,2179.0,COLD
2023-06-16 10:17:00,31.824,31.854,31.824,31.834,11225.0,COLD
2023-06-16 10:16:00,31.834,31.834,31.8,31.824,7600.0,COLD
2023-06-16 10:15:00,31.834,31.834,31.807,31.807,909.0,COLD
2023-06-16 10:14:00,31.834,31.834,31.824,31.824,676.0,COLD
2023-06-16 10:13:00,31.824,31.834,31.815,31.834,5515.0,COLD
2023-06-16 10:12:00,31.834,31.834,31.824,31.834,8359.0,COLD
2023-06-16 10:11:00,31.839,31.839,31.824,31.834,10834.0,COLD
2023-06-16 10:10:00,31.824,31.824,31.805,31.824,1736.0,COLD
2023-06-16 10:09:00,31.8,31.824,31.8,31.815,1997.0,COLD
2023-06-16 10:08:00,31.805,31.805,31.8,31.8,892.0,COLD
2023-06-16 10:07:00,31.775,31.805,31.76,31.805,7098.0,COLD
2023-06-16 10:06:00,31.79,31.797,31.76,31.765,10909.0,COLD
2023-06-16 10:05:00,31.77,31.805,31.77,31.785,3865.0,COLD
2023-06-16 10:04:00,31.74,31.785,31.74,31.765,992.0,COLD
2023-06-16 10:03:00,31.735,31.755,31.735,31.755,6258.0,COLD
2023-06-16 10:02:00,31.735,31.735,31.695,31.72,10859.0,COLD
2023-06-16 10:01:00,31.7,31.735,31.695,31.735,922.0,COLD
2023-06-16 10:00:00,31.656,31.7,31.656,31.7,2526.0,COLD
2023-06-16 09:59:00,31.621,31.656,31.621,31.656,2212.0,COLD
2023-06-16 09:58:00,31.632,31.656,31.631,31.646,3917.0,COLD
2023-06-16 09:57:00,31.666,31.666,31.636,31.651,2908.0,COLD
2023-06-16 09:56:00,31.685,31.685,31.657,31.675,1825.0,COLD
2023-06-16 09:55:00,31.715,31.715,31.7,31.7,467.0,COLD
2023-06-16 09:54:00,31.705,31.705,31.705,31.705,530.0,COLD
2023-06-16 09:53:00,31.7,31.7,31.7,31.7,378.0,COLD
2023-06-16 09:52:00,31.695,31.695,31.695,31.695,845.0,COLD
2023-06-16 09:51:00,31.695,31.695,31.685,31.685,796.0,COLD
2023-06-16 09:50:00,31.641,31.675,31.626,31.675,2113.0,COLD
2023-06-16 09:49:00,31.735,31.735,31.646,31.646,2582.0,COLD
2023-06-16 09:48:00,31.745,31.745,31.735,31.745,671.0,COLD
2023-06-16 09:47:00,31.705,31.765,31.705,31.735,3364.0,COLD
2023-06-16 09:46:00,31.725,31.725,31.696,31.705,7853.0,COLD
2023-06-16 09:45:00,31.725,31.735,31.71,31.71,2979.0,COLD
2023-06-16 09:43:00,31.705,31.725,31.695,31.725,1855.0,COLD
2023-06-16 09:41:00,31.715,31.715,31.715,31.715,207.0,COLD
2023-06-16 09:40:00,31.715,31.715,31.695,31.715,10532.0,COLD
2023-06-16 09:38:00,31.705,31.705,31.666,31.695,2147.0,COLD
2023-06-16 09:37:00,31.685,31.69,31.656,31.666,2445.0,COLD
2023-06-16 09:36:00,31.69,31.69,31.685,31.685,456.0,COLD
2023-06-16 09:35:00,31.685,31.695,31.685,31.685,930.0,COLD
2023-06-16 09:34:00,31.685,31.685,31.685,31.685,128.0,COLD
2023-06-16 09:33:00,31.651,31.651,31.651,31.651,844.0,COLD
2023-06-16 09:32:00,31.626,31.67,31.576,31.67,1528.0,COLD
2023-06-16 09:31:00,31.675,31.675,31.606,31.616,795.0,COLD
2023-06-16 09:30:00,31.666,31.695,31.517,31.651,96704.0,COLD
2023-06-16 09:29:00,31.775,31.884,31.497,31.884,696.0,COLD
2023-06-16 09:25:00,31.397,31.397,31.397,31.397,2.0,COLD
2023-06-16 09:16:00,31.497,31.497,31.497,31.497,4.0,COLD
2023-06-16 04:42:00,30.533,30.543,30.533,30.543,2.0,COLD
2023-06-16 04:00:00,32.44,32.44,32.44,32.44,1.0,COLD
2023-06-15 19:00:00,31.497,31.497,31.497,31.497,271309.0,COLD
2023-06-15 18:30:00,31.497,31.497,31.497,31.497,271309.0,COLD
2023-06-15 17:22:00,31.904,31.914,31.904,31.914,3.0,COLD
2023-06-15 17:07:00,31.952,31.952,31.952,31.952,3.0,COLD
2023-06-15 17:00:00,31.497,31.497,31.497,31.497,4.0,COLD
2023-06-15 16:15:00,31.079,31.079,31.079,31.079,115.0,COLD
2023-06-15 16:10:00,31.497,31.497,31.238,31.238,271310.0,COLD
2023-06-15 16:08:00,31.061,31.061,31.061,31.061,1.0,COLD
2023-06-15 16:01:00,31.497,31.497,31.497,31.497,3424.0,COLD
2023-06-15 16:00:00,31.502,31.502,31.477,31.497,553756.0,COLD
2023-06-15 15:59:00,31.497,31.507,31.487,31.502,39634.0,COLD
2023-06-15 15:58:00,31.492,31.502,31.477,31.497,31238.0,COLD
2023-06-15 15:57:00,31.512,31.512,31.487,31.492,21973.0,COLD
2023-06-15 15:56:00,31.512,31.512,31.477,31.512,26094.0,COLD
2023-06-15 15:55:00,31.512,31.551,31.507,31.517,30541.0,COLD
2023-06-15 15:54:00,31.517,31.551,31.512,31.512,22195.0,COLD
2023-06-15 15:53:00,31.539,31.539,31.517,31.521,12737.0,COLD
2023-06-15 15:52:00,31.521,31.541,31.517,31.541,13543.0,COLD
2023-06-15 15:51:00,31.526,31.526,31.497,31.521,18822.0,COLD
2023-06-15 15:50:00,31.487,31.546,31.467,31.529,21740.0,COLD
2023-06-15 15:49:00,31.447,31.477,31.437,31.477,19527.0,COLD
2023-06-15 15:48:00,31.427,31.447,31.427,31.447,6124.0,COLD
2023-06-15 15:47:00,31.402,31.427,31.397,31.427,7269.0,COLD
2023-06-15 15:46:00,31.373,31.407,31.368,31.407,10624.0,COLD
2023-06-15 15:45:00,31.358,31.377,31.348,31.373,8946.0,COLD
2023-06-15 15:44:00,31.358,31.363,31.338,31.363,11085.0,COLD
2023-06-15 15:43:00,31.377,31.387,31.358,31.36,4158.0,COLD
2023-06-15 15:42:00,31.373,31.397,31.368,31.38,13657.0,COLD
2023-06-15 15:41:00,31.368,31.382,31.358,31.373,8652.0,COLD
2023-06-15 15:40:00,31.359,31.382,31.358,31.373,4071.0,COLD
2023-06-15 15:39:00,31.333,31.353,31.328,31.353,4261.0,COLD
2023-06-15 15:38:00,31.323,31.358,31.318,31.333,9294.0,COLD
2023-06-15 15:37:00,31.318,31.323,31.308,31.318,4060.0,COLD
2023-06-15 15:36:00,31.338,31.338,31.318,31.328,5603.0,COLD
2023-06-15 15:35:00,31.353,31.353,31.338,31.343,4215.0,COLD
2023-06-15 15:34:00,31.358,31.368,31.348,31.348,6244.0,COLD
2023-06-15 15:33:00,31.368,31.368,31.358,31.368,1414.0,COLD
2023-06-15 15:32:00,31.368,31.373,31.368,31.368,2292.0,COLD
2023-06-15 15:31:00,31.353,31.377,31.348,31.373,5991.0,COLD
2023-06-15 15:30:00,31.358,31.368,31.348,31.353,17162.0,COLD
2023-06-15 15:29:00,31.353,31.353,31.353,31.353,466.0,COLD
2023-06-15 15:28:00,31.338,31.348,31.328,31.348,1670.0,COLD
2023-06-15 15:27:00,31.348,31.348,31.328,31.328,3882.0,COLD
2023-06-15 15:26:00,31.328,31.353,31.318,31.348,5067.0,COLD
2023-06-15 15:25:00,31.348,31.348,31.328,31.33,826.0,COLD
2023-06-15 15:24:00,31.328,31.358,31.328,31.348,4218.0,COLD
2023-06-15 15:23:00,31.363,31.363,31.348,31.348,2385.0,COLD
2023-06-15 15:22:00,31.353,31.358,31.348,31.348,3063.0,COLD
2023-06-15 15:21:00,31.328,31.348,31.318,31.348,3884.0,COLD
2023-06-15 15:20:00,31.358,31.358,31.328,31.328,2254.0,COLD
2023-06-15 15:19:00,31.353,31.363,31.353,31.363,5356.0,COLD
2023-06-15 15:18:00,31.368,31.368,31.338,31.338,5205.0,COLD
2023-06-15 15:17:00,31.397,31.397,31.358,31.358,4516.0,COLD
2023-06-15 15:16:00,31.412,31.412,31.397,31.397,3031.0,COLD
2023-06-15 15:15:00,31.407,31.422,31.407,31.412,4958.0,COLD
2023-06-15 15:14:00,31.382,31.417,31.377,31.412,2742.0,COLD
2023-06-15 15:13:00,31.338,31.377,31.328,31.377,5565.0,COLD
2023-06-15 15:12:00,31.343,31.343,31.333,31.338,3159.0,COLD
2023-06-15 15:11:00,31.338,31.348,31.338,31.343,1600.0,COLD
2023-06-15 15:10:00,31.338,31.338,31.338,31.338,1656.0,COLD
2023-06-15 15:09:00,31.308,31.348,31.308,31.338,11218.0,COLD
2023-06-15 15:08:00,31.283,31.288,31.268,31.288,14540.0,COLD
2023-06-15 15:07:00,31.293,31.298,31.278,31.278,5788.0,COLD
2023-06-15 15:06:00,31.308,31.308,31.293,31.293,2529.0,COLD
2023-06-15 15:05:00,31.318,31.318,31.308,31.308,1284.0,COLD
2023-06-15 15:04:00,31.298,31.318,31.288,31.318,4764.0,COLD
2023-06-15 15:03:00,31.288,31.303,31.278,31.303,2260.0,COLD
2023-06-15 15:02:00,31.283,31.288,31.278,31.278,1269.0,COLD
2023-06-15 15:01:00,31.293,31.293,31.288,31.288,1544.0,COLD
2023-06-15 15:00:00,31.288,31.308,31.268,31.308,3883.0,COLD
2023-06-15 14:59:00,31.308,31.318,31.288,31.288,3958.0,COLD
2023-06-15 14:58:00,31.318,31.318,31.318,31.318,2054.0,COLD
2023-06-15 14:57:00,31.323,31.328,31.318,31.323,2600.0,COLD
2023-06-15 14:56:00,31.313,31.318,31.308,31.318,2104.0,COLD
2023-06-15 14:55:00,31.318,31.338,31.308,31.308,6398.0,COLD
2023-06-15 14:54:00,31.318,31.318,31.308,31.313,1260.0,COLD
2023-06-15 14:53:00,31.308,31.313,31.308,31.308,1259.0,COLD
2023-06-15 14:52:00,31.318,31.323,31.308,31.313,2539.0,COLD
2023-06-15 14:51:00,31.293,31.308,31.288,31.308,3134.0,COLD
2023-06-15 14:50:00,31.308,31.308,31.288,31.288,2676.0,COLD
2023-06-15 14:49:00,31.308,31.308,31.308,31.308,545.0,COLD
2023-06-15 14:48:00,31.308,31.308,31.308,31.308,1039.0,COLD
2023-06-15 14:47:00,31.308,31.308,31.308,31.308,194.0,COLD
2023-06-15 14:46:00,31.298,31.303,31.288,31.298,2456.0,COLD
2023-06-15 14:45:00,31.293,31.298,31.278,31.278,4037.0,COLD
2023-06-15 14:44:00,31.303,31.308,31.288,31.298,6220.0,COLD
2023-06-15 14:43:00,31.318,31.318,31.288,31.303,1205.0,COLD
2023-06-15 14:42:00,31.308,31.318,31.308,31.308,600.0,COLD
2023-06-15 14:41:00,31.348,31.348,31.338,31.338,1048.0,COLD
2023-06-15 14:40:00,31.353,31.353,31.348,31.353,1464.0,COLD
2023-06-15 14:39:00,31.363,31.363,31.348,31.353,1284.0,COLD
2023-06-15 14:38:00,31.363,31.367,31.363,31.367,1098.0,COLD
2023-06-15 14:37:00,31.318,31.363,31.308,31.363,4480.0,COLD
2023-06-15 14:36:00,31.318,31.318,31.318,31.318,1843.0,COLD
2023-06-15 14:35:00,31.338,31.338,31.328,31.328,3834.0,COLD
2023-06-15 14:34:00,31.387,31.387,31.328,31.328,5540.0,COLD
2023-06-15 14:33:00,31.437,31.437,31.392,31.397,10587.0,COLD
2023-06-15 14:32:00,31.437,31.442,31.427,31.437,45326.0,COLD
2023-06-15 14:31:00,31.432,31.442,31.427,31.437,3728.0,COLD
2023-06-15 14:29:00,31.487,31.487,31.422,31.447,24514.0,COLD
2023-06-15 14:28:00,31.487,31.487,31.482,31.482,747.0,COLD
2023-06-15 14:27:00,31.502,31.502,31.487,31.487,1206.0,COLD
2023-06-15 14:26:00,31.487,31.502,31.487,31.502,4324.0,COLD
2023-06-15 14:25:00,31.487,31.502,31.487,31.497,4332.0,COLD
2023-06-15 14:24:00,31.502,31.502,31.487,31.487,2692.0,COLD
2023-06-15 14:23:00,31.507,31.507,31.487,31.487,2925.0,COLD
2023-06-15 14:22:00,31.507,31.507,31.507,31.507,601.0,COLD
2023-06-15 14:21:00,31.502,31.512,31.502,31.507,4431.0,COLD
2023-06-15 14:20:00,31.492,31.497,31.477,31.497,3588.0,COLD
2023-06-15 14:19:00,31.497,31.497,31.487,31.492,2873.0,COLD
2023-06-15 14:18:00,31.497,31.497,31.487,31.497,1305.0,COLD
2023-06-15 14:17:00,31.487,31.497,31.487,31.497,1394.0,COLD
2023-06-15 14:16:00,31.497,31.497,31.487,31.497,653.0,COLD
2023-06-15 14:15:00,31.497,31.497,31.487,31.497,1420.0,COLD
2023-06-15 14:14:00,31.492,31.502,31.487,31.497,2698.0,COLD
2023-06-15 14:13:00,31.487,31.492,31.487,31.489,1335.0,COLD
2023-06-15 14:12:00,31.487,31.492,31.487,31.492,1763.0,COLD
2023-06-15 14:11:00,31.467,31.489,31.467,31.489,5492.0,COLD
2023-06-15 14:10:00,31.467,31.467,31.437,31.462,2812.0,COLD
2023-06-15 14:09:00,31.457,31.467,31.457,31.467,1696.0,COLD
2023-06-15 14:08:00,31.487,31.487,31.467,31.467,1420.0,COLD
2023-06-15 14:07:00,31.487,31.487,31.467,31.467,3206.0,COLD
2023-06-15 14:06:00,31.477,31.487,31.477,31.487,232.0,COLD
2023-06-15 14:05:00,31.517,31.517,31.477,31.477,2364.0,COLD
2023-06-15 14:04:00,31.517,31.517,31.507,31.507,243.0,COLD
2023-06-15 14:03:00,31.517,31.517,31.507,31.517,664.0,COLD
2023-06-15 14:02:00,31.526,31.526,31.517,31.517,1907.0,COLD
2023-06-15 14:01:00,31.526,31.526,31.526,31.526,112.0,COLD
2023-06-15 14:00:00,31.517,31.526,31.517,31.526,3808.0,COLD
2023-06-15 13:59:00,31.507,31.517,31.507,31.509,3293.0,COLD
2023-06-15 13:58:00,31.507,31.517,31.507,31.517,825.0,COLD
2023-06-15 13:57:00,31.512,31.517,31.507,31.517,1778.0,COLD
2023-06-15 13:56:00,31.517,31.526,31.507,31.507,1946.0,COLD
2023-06-15 13:55:00,31.531,31.531,31.526,31.526,926.0,COLD
2023-06-15 13:54:00,31.517,31.526,31.517,31.526,381.0,COLD
2023-06-15 13:53:00,31.526,31.526,31.526,31.526,460.0,COLD
2023-06-15 13:52:00,31.526,31.536,31.526,31.536,474.0,COLD
2023-06-15 13:51:00,31.526,31.526,31.507,31.526,2973.0,COLD
2023-06-15 13:50:00,31.536,31.536,31.526,31.526,1269.0,COLD
2023-06-15 13:49:00,31.536,31.544,31.536,31.541,408.0,COLD
2023-06-15 13:48:00,31.539,31.541,31.536,31.541,668.0,COLD
2023-06-15 13:47:00,31.531,31.536,31.531,31.536,652.0,COLD
2023-06-15 13:46:00,31.526,31.531,31.526,31.526,576.0,COLD
2023-06-15 13:45:00,31.526,31.536,31.517,31.536,1419.0,COLD
2023-06-15 13:44:00,31.531,31.536,31.517,31.517,5016.0,COLD
2023-06-15 13:43:00,31.526,31.526,31.526,31.526,356.0,COLD
2023-06-15 13:42:00,31.526,31.526,31.526,31.526,723.0,COLD
2023-06-15 13:41:00,31.517,31.526,31.517,31.526,2672.0,COLD
2023-06-15 13:40:00,31.517,31.517,31.507,31.507,1613.0,COLD
2023-06-15 13:39:00,31.517,31.517,31.512,31.512,879.0,COLD
2023-06-15 13:38:00,31.512,31.517,31.512,31.517,461.0,COLD
2023-06-15 13:37:00,31.487,31.512,31.477,31.512,4516.0,COLD
2023-06-15 13:36:00,31.487,31.492,31.477,31.487,1356.0,COLD
2023-06-15 13:35:00,31.487,31.487,31.487,31.487,303.0,COLD
2023-06-15 13:34:00,31.487,31.497,31.477,31.477,1064.0,COLD
2023-06-15 13:32:00,31.489,31.489,31.487,31.487,903.0,COLD
2023-06-15 13:31:00,31.497,31.497,31.482,31.482,4617.0,COLD
2023-06-15 13:30:00,31.487,31.497,31.477,31.497,2988.0,COLD
2023-06-15 13:29:00,31.482,31.482,31.482,31.482,106.0,COLD
2023-06-15 13:28:00,31.487,31.487,31.487,31.487,475.0,COLD
2023-06-15 13:27:00,31.457,31.482,31.437,31.477,6467.0,COLD
2023-06-15 13:26:00,31.447,31.447,31.447,31.447,617.0,COLD
2023-06-15 13:25:00,31.467,31.467,31.447,31.447,2117.0,COLD
2023-06-15 13:24:00,31.467,31.477,31.457,31.457,936.0,COLD
2023-06-15 13:23:00,31.477,31.477,31.467,31.477,678.0,COLD
2023-06-15 13:22:00,31.497,31.497,31.477,31.487,1408.0,COLD
2023-06-15 13:21:00,31.507,31.507,31.487,31.487,1297.0,COLD
2023-06-15 13:20:00,31.507,31.507,31.497,31.507,900.0,COLD
2023-06-15 13:19:00,31.507,31.507,31.497,31.497,472.0,COLD
2023-06-15 13:18:00,31.521,31.521,31.517,31.517,1266.0,COLD
2023-06-15 13:17:00,31.521,31.521,31.517,31.521,1958.0,COLD
2023-06-15 13:16:00,31.519,31.521,31.517,31.517,520.0,COLD
2023-06-15 13:15:00,31.541,31.541,31.526,31.526,768.0,COLD
2023-06-15 13:14:00,31.541,31.541,31.536,31.541,419.0,COLD
2023-06-15 13:13:00,31.549,31.551,31.536,31.536,1016.0,COLD
2023-06-15 13:12:00,31.546,31.556,31.546,31.556,748.0,COLD
2023-06-15 13:11:00,31.512,31.541,31.507,31.536,3437.0,COLD
2023-06-15 13:10:00,31.517,31.526,31.507,31.521,5289.0,COLD
2023-06-15 13:09:00,31.512,31.517,31.512,31.517,594.0,COLD
2023-06-15 13:08:00,31.502,31.512,31.497,31.512,4045.0,COLD
2023-06-15 13:07:00,31.512,31.512,31.507,31.507,3622.0,COLD
2023-06-15 13:06:00,31.487,31.507,31.487,31.507,4083.0,COLD
2023-06-15 13:05:00,31.551,31.551,31.497,31.497,5793.0,COLD
2023-06-15 13:04:00,31.551,31.551,31.546,31.551,1078.0,COLD
2023-06-15 13:02:00,31.561,31.561,31.546,31.546,2993.0,COLD
2023-06-15 13:01:00,31.566,31.566,31.556,31.556,418.0,COLD
2023-06-15 13:00:00,31.566,31.566,31.556,31.566,959.0,COLD
2023-06-15 12:59:00,31.556,31.566,31.556,31.561,2731.0,COLD
2023-06-15 12:58:00,31.546,31.566,31.546,31.566,4401.0,COLD
2023-06-15 12:57:00,31.566,31.571,31.546,31.551,4215.0,COLD
2023-06-15 12:56:00,31.571,31.571,31.571,31.571,475.0,COLD
2023-06-15 12:55:00,31.576,31.581,31.556,31.571,6936.0,COLD
2023-06-15 12:54:00,31.591,31.591,31.581,31.586,6482.0,COLD
2023-06-15 12:53:00,31.576,31.591,31.576,31.591,6060.0,COLD
2023-06-15 12:52:00,31.581,31.581,31.576,31.581,1985.0,COLD
2023-06-15 12:51:00,31.586,31.586,31.576,31.581,5423.0,COLD
2023-06-15 12:50:00,31.596,31.596,31.596,31.596,634.0,COLD
2023-06-15 12:49:00,31.591,31.601,31.581,31.592,8932.0,COLD
2023-06-15 12:48:00,31.586,31.596,31.586,31.586,1527.0,COLD
2023-06-15 12:47:00,31.576,31.586,31.566,31.586,8288.0,COLD
2023-06-15 12:46:00,31.571,31.576,31.566,31.566,925.0,COLD
2023-06-15 12:45:00,31.571,31.571,31.566,31.566,988.0,COLD
2023-06-15 12:44:00,31.586,31.586,31.566,31.571,2989.0,COLD
2023-06-15 12:43:00,31.581,31.581,31.576,31.581,2807.0,COLD
2023-06-15 12:42:00,31.586,31.586,31.566,31.576,5245.0,COLD
2023-06-15 12:41:00,31.576,31.596,31.566,31.596,2560.0,COLD
2023-06-15 12:40:00,31.571,31.576,31.571,31.571,943.0,COLD
2023-06-15 12:39:00,31.586,31.586,31.566,31.571,4432.0,COLD
2023-06-15 12:38:00,31.581,31.591,31.581,31.591,658.0,COLD
2023-06-15 12:37:00,31.586,31.586,31.576,31.586,2640.0,COLD
2023-06-15 12:36:00,31.586,31.596,31.576,31.591,3038.0,COLD
2023-06-15 12:35:00,31.576,31.586,31.566,31.586,6289.0,COLD
2023-06-15 12:34:00,31.581,31.591,31.576,31.576,3908.0,COLD
2023-06-15 12:33:00,31.581,31.581,31.576,31.581,2957.0,COLD
2023-06-15 12:32:00,31.581,31.581,31.576,31.581,1065.0,COLD
2023-06-15 12:31:00,31.581,31.581,31.576,31.581,605.0,COLD
2023-06-15 12:30:00,31.586,31.586,31.581,31.581,2788.0,COLD
2023-06-15 12:29:00,31.576,31.576,31.566,31.576,845.0,COLD
2023-06-15 12:28:00,31.581,31.581,31.566,31.576,8103.0,COLD
2023-06-15 12:27:00,31.576,31.585,31.576,31.581,2297.0,COLD
2023-06-15 12:26:00,31.586,31.586,31.576,31.576,1856.0,COLD
2023-06-15 12:25:00,31.586,31.591,31.578,31.591,2397.0,COLD
2023-06-15 12:24:00,31.586,31.596,31.586,31.591,1303.0,COLD
2023-06-15 12:23:00,31.596,31.596,31.584,31.586,1460.0,COLD
2023-06-15 12:22:00,31.601,31.606,31.601,31.606,497.0,COLD
2023-06-15 12:21:00,31.601,31.606,31.601,31.601,830.0,COLD
2023-06-15 12:20:00,31.596,31.601,31.596,31.596,1256.0,COLD
2023-06-15 12:19:00,31.591,31.596,31.586,31.596,733.0,COLD
2023-06-15 12:18:00,31.606,31.606,31.596,31.596,653.0,COLD
2023-06-15 12:17:00,31.586,31.611,31.586,31.606,3350.0,COLD
2023-06-15 12:16:00,31.586,31.591,31.586,31.591,739.0,COLD
2023-06-15 12:15:00,31.586,31.586,31.586,31.586,510.0,COLD
2023-06-15 12:14:00,31.586,31.586,31.586,31.586,597.0,COLD
2023-06-15 12:13:00,31.571,31.586,31.571,31.576,1844.0,COLD
2023-06-15 12:12:00,31.596,31.596,31.566,31.566,2995.0,COLD
2023-06-15 12:11:00,31.596,31.596,31.596,31.596,535.0,COLD
2023-06-15 12:10:00,31.601,31.606,31.596,31.596,1630.0,COLD
2023-06-15 12:09:00,31.596,31.601,31.596,31.601,564.0,COLD
2023-06-15 12:08:00,31.581,31.591,31.581,31.591,1904.0,COLD
2023-06-15 12:07:00,31.581,31.586,31.579,31.579,2228.0,COLD
2023-06-15 12:06:00,31.586,31.586,31.576,31.581,2159.0,COLD
2023-06-15 12:05:00,31.586,31.591,31.586,31.586,966.0,COLD
2023-06-15 12:04:00,31.601,31.601,31.601,31.601,434.0,COLD
2023-06-15 12:03:00,31.601,31.601,31.601,31.601,271.0,COLD
2023-06-15 12:02:00,31.606,31.606,31.596,31.606,847.0,COLD
2023-06-15 12:01:00,31.606,31.606,31.606,31.606,692.0,COLD
2023-06-15 12:00:00,31.606,31.611,31.606,31.611,579.0,COLD
2023-06-15 11:59:00,31.596,31.601,31.596,31.601,840.0,COLD
2023-06-15 11:58:00,31.576,31.601,31.576,31.601,3743.0,COLD
2023-06-15 11:57:00,31.586,31.586,31.586,31.586,862.0,COLD
2023-06-15 11:56:00,31.586,31.586,31.586,31.586,140.0,COLD
2023-06-15 11:55:00,31.586,31.596,31.586,31.596,515.0,COLD
2023-06-15 11:54:00,31.601,31.601,31.601,31.601,632.0,COLD
2023-06-15 11:52:00,31.606,31.606,31.606,31.606,883.0,COLD
2023-06-15 11:51:00,31.576,31.586,31.576,31.586,1087.0,COLD
2023-06-15 11:50:00,31.577,31.577,31.566,31.566,704.0,COLD
2023-06-15 11:49:00,31.581,31.581,31.581,31.581,442.0,COLD
2023-06-15 11:48:00,31.586,31.596,31.566,31.576,2658.0,COLD
2023-06-15 11:47:00,31.596,31.601,31.596,31.596,3195.0,COLD
2023-06-15 11:46:00,31.586,31.596,31.581,31.596,4884.0,COLD
2023-06-15 11:45:00,31.566,31.596,31.566,31.589,1863.0,COLD
2023-06-15 11:44:00,31.576,31.576,31.566,31.566,2541.0,COLD
2023-06-15 11:43:00,31.586,31.586,31.586,31.586,656.0,COLD
2023-06-15 11:42:00,31.586,31.586,31.586,31.586,353.0,COLD
2023-06-15 11:41:00,31.576,31.586,31.576,31.586,1611.0,COLD
2023-06-15 11:40:00,31.576,31.576,31.566,31.571,2012.0,COLD
2023-06-15 11:39:00,31.556,31.571,31.556,31.571,1062.0,COLD
2023-06-15 11:37:00,31.566,31.566,31.566,31.566,432.0,COLD
2023-06-15 11:36:00,31.566,31.566,31.566,31.566,1549.0,COLD
2023-06-15 11:35:00,31.576,31.576,31.566,31.566,1003.0,COLD
2023-06-15 11:34:00,31.556,31.566,31.556,31.566,804.0,COLD
2023-06-15 11:33:00,31.601,31.601,31.556,31.556,2570.0,COLD
2023-06-15 11:32:00,31.606,31.606,31.591,31.601,1726.0,COLD
2023-06-15 11:31:00,31.596,31.596,31.586,31.595,954.0,COLD
2023-06-15 11:30:00,31.596,31.596,31.586,31.596,718.0,COLD
2023-06-15 11:29:00,31.616,31.616,31.596,31.596,1715.0,COLD
2023-06-15 11:28:00,31.616,31.626,31.616,31.626,880.0,COLD
2023-06-15 11:27:00,31.626,31.626,31.616,31.616,2547.0,COLD
2023-06-15 11:26:00,31.596,31.616,31.596,31.616,1869.0,COLD
2023-06-15 11:25:00,31.581,31.591,31.576,31.586,4914.0,COLD
2023-06-15 11:24:00,31.571,31.576,31.571,31.576,2143.0,COLD
2023-06-15 11:23:00,31.571,31.571,31.556,31.571,863.0,COLD
2023-06-15 11:22:00,31.571,31.571,31.571,31.571,521.0,COLD
2023-06-15 11:21:00,31.571,31.571,31.571,31.571,221.0,COLD
2023-06-15 11:20:00,31.571,31.571,31.571,31.571,724.0,COLD
2023-06-15 11:19:00,31.586,31.586,31.571,31.571,1661.0,COLD
2023-06-15 11:17:00,31.616,31.621,31.606,31.606,1612.0,COLD
2023-06-15 11:16:00,31.596,31.621,31.586,31.616,1306.0,COLD
2023-06-15 11:15:00,31.596,31.596,31.596,31.596,705.0,COLD
2023-06-15 11:14:00,31.626,31.626,31.596,31.596,2677.0,COLD
2023-06-15 11:13:00,31.616,31.621,31.616,31.621,1076.0,COLD
2023-06-15 11:12:00,31.596,31.616,31.596,31.616,2255.0,COLD
2023-06-15 11:11:00,31.586,31.596,31.581,31.596,3416.0,COLD
2023-06-15 11:10:00,31.576,31.581,31.566,31.581,1775.0,COLD
2023-06-15 11:09:00,31.586,31.586,31.571,31.576,2061.0,COLD
2023-06-15 11:08:00,31.586,31.586,31.586,31.586,609.0,COLD
2023-06-15 11:07:00,31.616,31.616,31.596,31.596,2894.0,COLD
2023-06-15 11:06:00,31.586,31.626,31.586,31.626,5617.0,COLD
2023-06-15 11:05:00,31.566,31.566,31.566,31.566,282.0,COLD
2023-06-15 11:04:00,31.576,31.576,31.566,31.566,348.0,COLD
2023-06-15 11:03:00,31.596,31.596,31.566,31.566,1560.0,COLD
2023-06-15 11:02:00,31.656,31.656,31.606,31.606,4287.0,COLD
2023-06-15 11:01:00,31.661,31.661,31.656,31.661,1016.0,COLD
2023-06-15 11:00:00,31.636,31.656,31.636,31.656,2560.0,COLD
2023-06-15 10:59:00,31.656,31.656,31.626,31.626,13822.0,COLD
2023-06-15 10:58:00,31.656,31.661,31.646,31.656,13197.0,COLD
2023-06-15 10:57:00,31.661,31.661,31.646,31.651,9663.0,COLD
2023-06-15 10:56:00,31.661,31.661,31.661,31.661,1049.0,COLD
2023-06-15 10:55:00,31.656,31.661,31.646,31.661,9322.0,COLD
2023-06-15 10:54:00,31.656,31.656,31.651,31.656,1407.0,COLD
2023-06-15 10:53:00,31.656,31.656,31.653,31.656,789.0,COLD
2023-06-15 10:52:00,31.651,31.656,31.646,31.653,4710.0,COLD
2023-06-15 10:51:00,31.661,31.661,31.646,31.656,6181.0,COLD
2023-06-15 10:50:00,31.646,31.656,31.646,31.656,6135.0,COLD
2023-06-15 10:49:00,31.656,31.666,31.656,31.656,915.0,COLD
2023-06-15 10:48:00,31.646,31.666,31.646,31.656,2963.0,COLD
2023-06-15 10:47:00,31.626,31.656,31.626,31.656,2882.0,COLD
2023-06-15 10:46:00,31.616,31.626,31.616,31.626,1400.0,COLD
2023-06-15 10:45:00,31.611,31.616,31.611,31.616,1364.0,COLD
2023-06-15 10:44:00,31.606,31.616,31.606,31.611,1149.0,COLD
2023-06-15 10:43:00,31.636,31.636,31.606,31.606,7327.0,COLD
2023-06-15 10:42:00,31.621,31.636,31.621,31.626,2587.0,COLD
2023-06-15 10:41:00,31.611,31.626,31.606,31.626,7008.0,COLD
2023-06-15 10:40:00,31.586,31.621,31.586,31.616,20830.0,COLD
2023-06-15 10:39:00,31.586,31.596,31.571,31.586,9927.0,COLD
2023-06-15 10:38:00,31.616,31.616,31.576,31.596,21445.0,COLD
2023-06-15 10:37:00,31.591,31.606,31.586,31.606,6784.0,COLD
2023-06-15 10:36:00,31.606,31.616,31.576,31.596,11747.0,COLD
2023-06-15 10:35:00,31.616,31.626,31.606,31.616,9710.0,COLD
2023-06-15 10:34:00,31.606,31.616,31.586,31.616,15695.0,COLD
2023-06-15 10:33:00,31.616,31.616,31.601,31.606,3961.0,COLD
2023-06-15 10:32:00,31.626,31.626,31.626,31.626,1329.0,COLD
2023-06-15 10:31:00,31.616,31.616,31.606,31.616,1635.0,COLD
2023-06-15 10:30:00,31.631,31.636,31.606,31.616,6660.0,COLD
2023-06-15 10:29:00,31.616,31.621,31.606,31.616,5819.0,COLD
2023-06-15 10:28:00,31.616,31.616,31.606,31.611,3589.0,COLD
2023-06-15 10:27:00,31.616,31.616,31.616,31.616,526.0,COLD
2023-06-15 10:26:00,31.621,31.636,31.621,31.636,506.0,COLD
2023-06-15 10:25:00,31.616,31.621,31.616,31.621,708.0,COLD
2023-06-15 10:24:00,31.636,31.636,31.616,31.626,2212.0,COLD
2023-06-15 10:23:00,31.606,31.651,31.596,31.651,6181.0,COLD
2023-06-15 10:22:00,31.646,31.646,31.606,31.606,2541.0,COLD
2023-06-15 10:21:00,31.648,31.656,31.646,31.656,2138.0,COLD
2023-06-15 10:20:00,31.656,31.666,31.646,31.646,2062.0,COLD
2023-06-15 10:19:00,31.631,31.656,31.631,31.656,1831.0,COLD
2023-06-15 10:18:00,31.631,31.631,31.631,31.631,1365.0,COLD
2023-06-15 10:17:00,31.656,31.656,31.616,31.616,3580.0,COLD
2023-06-15 10:16:00,31.656,31.656,31.636,31.646,1044.0,COLD
2023-06-15 10:15:00,31.656,31.656,31.636,31.641,1614.0,COLD
2023-06-15 10:14:00,31.606,31.626,31.606,31.626,2833.0,COLD
2023-06-15 10:13:00,31.586,31.606,31.566,31.586,2858.0,COLD
2023-06-15 10:12:00,31.646,31.646,31.606,31.606,4115.0,COLD
2023-06-15 10:11:00,31.616,31.646,31.616,31.646,4043.0,COLD
2023-06-15 10:10:00,31.606,31.616,31.581,31.611,4169.0,COLD
2023-06-15 10:09:00,31.641,31.641,31.576,31.576,2015.0,COLD
2023-06-15 10:08:00,31.656,31.656,31.641,31.641,2352.0,COLD
2023-06-15 10:07:00,31.666,31.675,31.666,31.666,2936.0,COLD
2023-06-15 10:06:00,31.675,31.675,31.656,31.666,3898.0,COLD
2023-06-15 10:05:00,31.715,31.715,31.675,31.675,3920.0,COLD
2023-06-15 10:04:00,31.685,31.71,31.685,31.705,1613.0,COLD
2023-06-15 10:03:00,31.666,31.685,31.666,31.685,1691.0,COLD
2023-06-15 10:02:00,31.656,31.675,31.656,31.656,5415.0,COLD
2023-06-15 10:01:00,31.616,31.636,31.616,31.636,1363.0,COLD
2023-06-15 10:00:00,31.576,31.626,31.576,31.606,4038.0,COLD
2023-06-15 09:59:00,31.546,31.576,31.546,31.576,2821.0,COLD
2023-06-15 09:58:00,31.507,31.526,31.502,31.526,2016.0,COLD
2023-06-15 09:57:00,31.507,31.507,31.467,31.507,5787.0,COLD
2023-06-15 09:56:00,31.482,31.497,31.482,31.497,1920.0,COLD
2023-06-15 09:55:00,31.477,31.483,31.472,31.472,1315.0,COLD
2023-06-15 09:54:00,31.487,31.526,31.487,31.497,7873.0,COLD
2023-06-15 09:53:00,31.467,31.477,31.447,31.473,4952.0,COLD
2023-06-15 09:52:00,31.477,31.477,31.467,31.472,2033.0,COLD
2023-06-15 09:51:00,31.477,31.487,31.457,31.487,7156.0,COLD
2023-06-15 09:50:00,31.467,31.497,31.467,31.497,3198.0,COLD
2023-06-15 09:49:00,31.427,31.452,31.427,31.452,2274.0,COLD
2023-06-15 09:48:00,31.382,31.417,31.382,31.417,2730.0,COLD
2023-06-15 09:47:00,31.358,31.387,31.358,31.382,4541.0,COLD
2023-06-15 09:46:00,31.313,31.353,31.313,31.348,2460.0,COLD
2023-06-15 09:45:00,31.373,31.373,31.313,31.313,6502.0,COLD
2023-06-15 09:44:00,31.387,31.387,31.368,31.382,4676.0,COLD
2023-06-15 09:43:00,31.437,31.437,31.397,31.397,6966.0,COLD
2023-06-15 09:42:00,31.432,31.447,31.432,31.437,2348.0,COLD
2023-06-15 09:41:00,31.437,31.467,31.427,31.432,11814.0,COLD
2023-06-15 09:40:00,31.328,31.447,31.328,31.437,25161.0,COLD
2023-06-15 09:39:00,31.368,31.407,31.338,31.338,1896.0,COLD
2023-06-15 09:38:00,31.377,31.377,31.348,31.358,7672.0,COLD
2023-06-15 09:37:00,31.427,31.427,31.397,31.397,1559.0,COLD
2023-06-15 09:36:00,31.452,31.457,31.417,31.447,1053.0,COLD
2023-06-15 09:35:00,31.407,31.442,31.348,31.442,6159.0,COLD
2023-06-15 09:34:00,31.377,31.447,31.377,31.427,2360.0,COLD
2023-06-15 09:33:00,31.149,31.318,31.149,31.303,5965.0,COLD
2023-06-15 09:32:00,31.228,31.228,31.119,31.184,4160.0,COLD
2023-06-15 09:31:00,31.387,31.412,31.219,31.238,8893.0,COLD
2023-06-15 09:30:00,31.447,31.521,31.447,31.521,4784.0,COLD
2023-06-15 09:29:00,31.358,31.358,31.328,31.328,300.0,COLD
2023-06-15 08:27:00,31.734,31.734,31.734,31.734,4.0,COLD
2023-06-15 08:07:00,31.616,31.616,31.616,31.616,45.0,COLD
2023-06-15 07:45:00,31.348,31.358,31.348,31.358,7.0,COLD
2023-06-14 19:00:00,31.616,31.616,31.616,31.616,329384.0,COLD
2023-06-14 18:42:00,31.666,31.666,31.666,31.666,10.0,COLD
2023-06-14 18:30:00,31.616,31.616,31.616,31.616,329384.0,COLD
2023-06-14 18:27:00,31.666,31.666,31.666,31.666,1.0,COLD
2023-06-14 18:22:00,31.358,31.358,31.358,31.358,1.0,COLD
2023-06-14 17:00:00,30.692,31.616,30.692,31.616,74.0,COLD
2023-06-14 16:16:00,31.228,31.228,31.228,31.228,3.0,COLD
2023-06-14 16:11:00,28.745,28.745,28.745,28.745,44.0,COLD
2023-06-14 16:10:00,31.616,31.616,31.358,31.358,329385.0,COLD
2023-06-14 16:09:00,31.23,31.23,31.23,31.23,1.0,COLD
2023-06-14 16:00:00,31.616,31.621,31.616,31.616,686447.0,COLD
2023-06-14 15:59:00,31.661,31.666,31.616,31.616,134279.0,COLD
2023-06-14 15:58:00,31.69,31.69,31.656,31.656,67641.0,COLD
2023-06-14 15:57:00,31.725,31.725,31.675,31.69,71071.0,COLD
2023-06-14 15:56:00,31.695,31.725,31.675,31.72,66167.0,COLD
2023-06-14 15:55:00,31.596,31.745,31.596,31.7,77324.0,COLD
2023-06-14 15:54:00,31.576,31.621,31.566,31.606,81454.0,COLD
2023-06-14 15:53:00,31.666,31.67,31.576,31.576,51331.0,COLD
2023-06-14 15:52:00,31.73,31.735,31.67,31.67,26709.0,COLD
2023-06-14 15:51:00,31.745,31.765,31.72,31.73,42969.0,COLD
2023-06-14 15:50:00,31.735,31.755,31.725,31.75,19858.0,COLD
2023-06-14 15:49:00,31.745,31.75,31.705,31.745,10996.0,COLD
2023-06-14 15:48:00,31.72,31.775,31.705,31.755,54592.0,COLD
2023-06-14 15:47:00,31.705,31.72,31.705,31.72,14952.0,COLD
2023-06-14 15:46:00,31.77,31.77,31.705,31.725,8120.0,COLD
2023-06-14 15:45:00,31.79,31.8,31.765,31.77,22674.0,COLD
2023-06-14 15:44:00,31.785,31.795,31.785,31.79,9586.0,COLD
2023-06-14 15:43:00,31.795,31.8,31.785,31.785,18131.0,COLD
2023-06-14 15:42:00,31.805,31.815,31.795,31.795,9247.0,COLD
2023-06-14 15:41:00,31.834,31.834,31.795,31.795,6000.0,COLD
2023-06-14 15:40:00,31.844,31.854,31.844,31.844,14953.0,COLD
2023-06-14 15:39:00,31.79,31.844,31.785,31.839,7531.0,COLD
2023-06-14 15:38:00,31.78,31.79,31.77,31.785,12764.0,COLD
2023-06-14 15:37:00,31.785,31.79,31.765,31.78,9584.0,COLD
2023-06-14 15:36:00,31.805,31.805,31.785,31.785,7356.0,COLD
2023-06-14 15:35:00,31.805,31.812,31.795,31.81,13216.0,COLD
2023-06-14 15:34:00,31.805,31.805,31.795,31.805,6885.0,COLD
2023-06-14 15:33:00,31.785,31.8,31.78,31.8,10406.0,COLD
2023-06-14 15:32:00,31.735,31.797,31.725,31.79,6667.0,COLD
2023-06-14 15:31:00,31.725,31.725,31.695,31.725,10786.0,COLD
2023-06-14 15:30:00,31.77,31.77,31.725,31.725,22164.0,COLD
2023-06-14 15:29:00,31.785,31.785,31.765,31.77,6808.0,COLD
2023-06-14 15:28:00,31.79,31.795,31.78,31.79,5073.0,COLD
2023-06-14 15:27:00,31.785,31.79,31.78,31.785,10891.0,COLD
2023-06-14 15:26:00,31.785,31.805,31.785,31.805,1832.0,COLD
2023-06-14 15:25:00,31.775,31.805,31.775,31.805,2039.0,COLD
2023-06-14 15:24:00,31.805,31.805,31.785,31.79,6970.0,COLD
2023-06-14 15:23:00,31.79,31.824,31.79,31.815,9158.0,COLD
2023-06-14 15:22:00,31.824,31.829,31.785,31.785,11081.0,COLD
2023-06-14 15:21:00,31.839,31.849,31.815,31.824,27796.0,COLD
2023-06-14 15:20:00,31.815,31.834,31.795,31.834,5557.0,COLD
2023-06-14 15:19:00,31.844,31.844,31.815,31.815,5013.0,COLD
2023-06-14 15:18:00,31.815,31.854,31.805,31.844,18890.0,COLD
2023-06-14 15:17:00,31.805,31.824,31.795,31.824,2490.0,COLD
2023-06-14 15:16:00,31.775,31.8,31.765,31.785,8646.0,COLD
2023-06-14 15:15:00,31.815,31.815,31.785,31.79,4569.0,COLD
2023-06-14 15:14:00,31.824,31.844,31.805,31.81,5168.0,COLD
2023-06-14 15:13:00,31.765,31.844,31.765,31.834,16517.0,COLD
2023-06-14 15:12:00,31.785,31.785,31.765,31.785,878.0,COLD
2023-06-14 15:11:00,31.745,31.815,31.745,31.785,6710.0,COLD
2023-06-14 15:10:00,31.745,31.76,31.715,31.76,11439.0,COLD
2023-06-14 15:09:00,31.805,31.805,31.745,31.755,31069.0,COLD
2023-06-14 15:08:00,31.815,31.815,31.795,31.795,1983.0,COLD
2023-06-14 15:07:00,31.844,31.844,31.81,31.824,7537.0,COLD
2023-06-14 15:06:00,31.805,31.844,31.785,31.844,5872.0,COLD
2023-06-14 15:05:00,31.805,31.815,31.79,31.81,6171.0,COLD
2023-06-14 15:04:00,31.765,31.815,31.765,31.815,9725.0,COLD
2023-06-14 15:03:00,31.76,31.76,31.745,31.75,2557.0,COLD
2023-06-14 15:02:00,31.725,31.775,31.725,31.765,6273.0,COLD
2023-06-14 15:01:00,31.72,31.73,31.715,31.715,6520.0,COLD
2023-06-14 15:00:00,31.715,31.725,31.7,31.725,5264.0,COLD
2023-06-14 14:59:00,31.725,31.725,31.715,31.72,2568.0,COLD
2023-06-14 14:58:00,31.735,31.74,31.72,31.735,7445.0,COLD
2023-06-14 14:57:00,31.765,31.765,31.715,31.74,10891.0,COLD
2023-06-14 14:56:00,31.745,31.78,31.745,31.775,10750.0,COLD
2023-06-14 14:55:00,31.725,31.745,31.71,31.74,8513.0,COLD
2023-06-14 14:54:00,31.68,31.725,31.68,31.725,3646.0,COLD
2023-06-14 14:53:00,31.666,31.69,31.646,31.685,6604.0,COLD
2023-06-14 14:52:00,31.675,31.685,31.656,31.666,5911.0,COLD
2023-06-14 14:51:00,31.666,31.705,31.656,31.705,6988.0,COLD
2023-06-14 14:50:00,31.675,31.685,31.636,31.656,5819.0,COLD
2023-06-14 14:49:00,31.675,31.675,31.656,31.675,2361.0,COLD
2023-06-14 14:48:00,31.626,31.675,31.616,31.666,5994.0,COLD
2023-06-14 14:47:00,31.626,31.646,31.626,31.641,21616.0,COLD
2023-06-14 14:46:00,31.616,31.626,31.596,31.626,4504.0,COLD
2023-06-14 14:45:00,31.69,31.69,31.606,31.606,20970.0,COLD
2023-06-14 14:44:00,31.666,31.705,31.666,31.685,5799.0,COLD
2023-06-14 14:43:00,31.606,31.656,31.586,31.656,4260.0,COLD
2023-06-14 14:42:00,31.636,31.641,31.606,31.606,8086.0,COLD
2023-06-14 14:41:00,31.656,31.675,31.646,31.646,10037.0,COLD
2023-06-14 14:40:00,31.606,31.646,31.606,31.641,7802.0,COLD
2023-06-14 14:39:00,31.606,31.606,31.576,31.601,13440.0,COLD
2023-06-14 14:38:00,31.566,31.606,31.556,31.606,8604.0,COLD
2023-06-14 14:37:00,31.616,31.641,31.561,31.561,7711.0,COLD
2023-06-14 14:36:00,31.536,31.596,31.536,31.596,8008.0,COLD
2023-06-14 14:35:00,31.507,31.526,31.497,31.526,9828.0,COLD
2023-06-14 14:34:00,31.507,31.526,31.507,31.507,7233.0,COLD
2023-06-14 14:33:00,31.507,31.531,31.507,31.517,9664.0,COLD
2023-06-14 14:32:00,31.457,31.521,31.447,31.507,12349.0,COLD
2023-06-14 14:31:00,31.487,31.487,31.437,31.457,9923.0,COLD
2023-06-14 14:30:00,31.531,31.536,31.507,31.507,10139.0,COLD
2023-06-14 14:29:00,31.467,31.536,31.467,31.531,8223.0,COLD
2023-06-14 14:28:00,31.531,31.531,31.457,31.467,14087.0,COLD
2023-06-14 14:27:00,31.497,31.536,31.467,31.536,140060.0,COLD
2023-06-14 14:26:00,31.452,31.497,31.452,31.497,8585.0,COLD
2023-06-14 14:25:00,31.447,31.457,31.437,31.452,10001.0,COLD
2023-06-14 14:24:00,31.437,31.452,31.427,31.452,7175.0,COLD
2023-06-14 14:23:00,31.407,31.437,31.397,31.437,23044.0,COLD
2023-06-14 14:22:00,31.427,31.427,31.387,31.407,15124.0,COLD
2023-06-14 14:21:00,31.373,31.437,31.373,31.437,30978.0,COLD
2023-06-14 14:20:00,31.353,31.397,31.353,31.373,32388.0,COLD
2023-06-14 14:19:00,31.402,31.402,31.358,31.358,22709.0,COLD
2023-06-14 14:18:00,31.387,31.442,31.377,31.417,38528.0,COLD
2023-06-14 14:17:00,31.348,31.382,31.338,31.382,10039.0,COLD
2023-06-14 14:16:00,31.377,31.377,31.348,31.348,43125.0,COLD
2023-06-14 14:15:00,31.363,31.377,31.363,31.377,4043.0,COLD
2023-06-14 14:14:00,31.392,31.392,31.358,31.368,3912.0,COLD
2023-06-14 14:13:00,31.333,31.407,31.318,31.392,8723.0,COLD
2023-06-14 14:12:00,31.358,31.377,31.333,31.333,25593.0,COLD
2023-06-14 14:11:00,31.368,31.387,31.368,31.368,14160.0,COLD
2023-06-14 14:10:00,31.308,31.377,31.298,31.377,19306.0,COLD
2023-06-14 14:09:00,31.258,31.298,31.258,31.298,2949.0,COLD
2023-06-14 14:08:00,31.258,31.258,31.243,31.258,4346.0,COLD
2023-06-14 14:07:00,31.248,31.258,31.228,31.258,10968.0,COLD
2023-06-14 14:06:00,31.288,31.288,31.258,31.258,2283.0,COLD
2023-06-14 14:05:00,31.288,31.293,31.278,31.288,4545.0,COLD
2023-06-14 14:04:00,31.238,31.268,31.238,31.268,3943.0,COLD
2023-06-14 14:03:00,31.268,31.268,31.209,31.238,5327.0,COLD
2023-06-14 14:02:00,31.354,31.354,31.303,31.303,1735.0,COLD
2023-06-14 14:01:00,31.368,31.368,31.313,31.338,28517.0,COLD
2023-06-14 14:00:00,31.348,31.368,31.318,31.338,8941.0,COLD
2023-06-14 13:59:00,31.358,31.368,31.348,31.368,11472.0,COLD
2023-06-14 13:57:00,31.373,31.373,31.358,31.358,1164.0,COLD
2023-06-14 13:56:00,31.373,31.373,31.368,31.368,2098.0,COLD
2023-06-14 13:55:00,31.368,31.368,31.363,31.368,2607.0,COLD
2023-06-14 13:54:00,31.377,31.377,31.368,31.368,2481.0,COLD
2023-06-14 13:53:00,31.368,31.373,31.353,31.368,18871.0,COLD
2023-06-14 13:52:00,31.298,31.368,31.298,31.358,14133.0,COLD
2023-06-14 13:51:00,31.283,31.288,31.278,31.278,954.0,COLD
2023-06-14 13:50:00,31.253,31.288,31.251,31.278,6721.0,COLD
2023-06-14 13:49:00,31.253,31.258,31.253,31.258,683.0,COLD
2023-06-14 13:48:00,31.248,31.253,31.248,31.253,779.0,COLD
2023-06-14 13:47:00,31.248,31.248,31.248,31.248,194.0,COLD
2023-06-14 13:46:00,31.233,31.248,31.233,31.248,3070.0,COLD
2023-06-14 13:45:00,31.238,31.238,31.233,31.233,1250.0,COLD
2023-06-14 13:44:00,31.248,31.248,31.238,31.238,1263.0,COLD
2023-06-14 13:43:00,31.268,31.268,31.258,31.258,2033.0,COLD
2023-06-14 13:42:00,31.268,31.278,31.268,31.268,3043.0,COLD
2023-06-14 13:41:00,31.278,31.278,31.261,31.268,2672.0,COLD
2023-06-14 13:39:00,31.273,31.284,31.273,31.284,931.0,COLD
2023-06-14 13:38:00,31.288,31.298,31.268,31.268,6105.0,COLD
2023-06-14 13:37:00,31.298,31.308,31.298,31.308,3797.0,COLD
2023-06-14 13:36:00,31.298,31.308,31.298,31.303,1105.0,COLD
2023-06-14 13:35:00,31.288,31.298,31.278,31.298,4121.0,COLD
2023-06-14 13:34:00,31.288,31.288,31.273,31.278,2247.0,COLD
2023-06-14 13:33:00,31.288,31.298,31.288,31.293,1364.0,COLD
2023-06-14 13:32:00,31.288,31.288,31.283,31.286,660.0,COLD
2023-06-14 13:31:00,31.288,31.288,31.273,31.288,2489.0,COLD
2023-06-14 13:30:00,31.293,31.308,31.293,31.298,4889.0,COLD
2023-06-14 13:29:00,31.268,31.298,31.258,31.298,9102.0,COLD
2023-06-14 13:28:00,31.303,31.303,31.268,31.268,2148.0,COLD
2023-06-14 13:27:00,31.308,31.318,31.298,31.298,8072.0,COLD
2023-06-14 13:26:00,31.308,31.318,31.308,31.318,5636.0,COLD
2023-06-14 13:25:00,31.298,31.318,31.298,31.318,1199.0,COLD
2023-06-14 13:24:00,31.288,31.298,31.288,31.298,2790.0,COLD
2023-06-14 13:23:00,31.278,31.288,31.258,31.288,4740.0,COLD
2023-06-14 13:22:00,31.288,31.288,31.278,31.288,873.0,COLD
2023-06-14 13:21:00,31.268,31.283,31.259,31.283,9463.0,COLD
2023-06-14 13:20:00,31.258,31.258,31.258,31.258,1127.0,COLD
2023-06-14 13:19:00,31.238,31.258,31.238,31.258,2710.0,COLD
2023-06-14 13:18:00,31.238,31.238,31.228,31.238,1345.0,COLD
2023-06-14 13:17:00,31.268,31.268,31.228,31.238,4948.0,COLD
2023-06-14 13:16:00,31.268,31.278,31.268,31.278,1521.0,COLD
2023-06-14 13:15:00,31.273,31.273,31.268,31.268,1579.0,COLD
2023-06-14 13:14:00,31.268,31.273,31.258,31.273,1043.0,COLD
2023-06-14 13:13:00,31.238,31.258,31.228,31.258,7116.0,COLD
2023-06-14 13:12:00,31.248,31.248,31.233,31.238,2122.0,COLD
2023-06-14 13:11:00,31.288,31.288,31.228,31.248,10932.0,COLD
2023-06-14 13:10:00,31.288,31.293,31.288,31.293,833.0,COLD
2023-06-14 13:09:00,31.268,31.278,31.258,31.278,3365.0,COLD
2023-06-14 13:08:00,31.278,31.288,31.268,31.278,10791.0,COLD
2023-06-14 13:07:00,31.248,31.268,31.248,31.268,2098.0,COLD
2023-06-14 13:06:00,31.263,31.263,31.263,31.263,242.0,COLD
2023-06-14 13:05:00,31.258,31.263,31.248,31.258,2142.0,COLD
2023-06-14 13:04:00,31.228,31.268,31.228,31.268,1858.0,COLD
2023-06-14 13:03:00,31.243,31.248,31.228,31.243,6997.0,COLD
2023-06-14 13:02:00,31.219,31.238,31.219,31.238,3425.0,COLD
2023-06-14 13:01:00,31.219,31.228,31.219,31.219,4404.0,COLD
2023-06-14 13:00:00,31.214,31.219,31.209,31.214,830.0,COLD
2023-06-14 12:59:00,31.209,31.214,31.209,31.214,528.0,COLD
2023-06-14 12:58:00,31.199,31.199,31.189,31.199,4248.0,COLD
2023-06-14 12:57:00,31.169,31.199,31.169,31.199,2129.0,COLD
2023-06-14 12:56:00,31.139,31.169,31.139,31.169,5192.0,COLD
2023-06-14 12:55:00,31.139,31.139,31.129,31.129,1937.0,COLD
2023-06-14 12:54:00,31.169,31.179,31.154,31.154,1517.0,COLD
2023-06-14 12:53:00,31.189,31.194,31.179,31.179,2549.0,COLD
2023-06-14 12:52:00,31.194,31.214,31.194,31.194,3269.0,COLD
2023-06-14 12:51:00,31.189,31.194,31.189,31.189,1261.0,COLD
2023-06-14 12:50:00,31.169,31.189,31.159,31.189,2994.0,COLD
2023-06-14 12:49:00,31.189,31.189,31.179,31.179,3154.0,COLD
2023-06-14 12:47:00,31.179,31.194,31.159,31.189,3641.0,COLD
2023-06-14 12:46:00,31.209,31.209,31.179,31.179,7617.0,COLD
2023-06-14 12:45:00,31.209,31.209,31.209,31.209,490.0,COLD
2023-06-14 12:43:00,31.209,31.209,31.209,31.209,736.0,COLD
2023-06-14 12:42:00,31.219,31.219,31.199,31.209,3407.0,COLD
2023-06-14 12:41:00,31.219,31.228,31.214,31.219,3242.0,COLD
2023-06-14 12:40:00,31.209,31.219,31.209,31.219,1104.0,COLD
2023-06-14 12:39:00,31.199,31.219,31.199,31.209,1753.0,COLD
2023-06-14 12:38:00,31.189,31.209,31.189,31.209,1352.0,COLD
2023-06-14 12:37:00,31.194,31.194,31.189,31.189,1457.0,COLD
2023-06-14 12:36:00,31.199,31.199,31.169,31.194,3795.0,COLD
2023-06-14 12:35:00,31.199,31.199,31.189,31.189,943.0,COLD
2023-06-14 12:34:00,31.179,31.199,31.179,31.189,7223.0,COLD
2023-06-14 12:33:00,31.169,31.194,31.159,31.179,10180.0,COLD
2023-06-14 12:32:00,31.179,31.179,31.179,31.179,565.0,COLD
2023-06-14 12:31:00,31.169,31.179,31.169,31.179,2471.0,COLD
2023-06-14 12:30:00,31.179,31.179,31.179,31.179,731.0,COLD
2023-06-14 12:29:00,31.179,31.179,31.169,31.179,865.0,COLD
2023-06-14 12:28:00,31.228,31.233,31.179,31.184,10604.0,COLD
2023-06-14 12:27:00,31.209,31.228,31.209,31.228,1687.0,COLD
2023-06-14 12:26:00,31.209,31.209,31.199,31.199,823.0,COLD
2023-06-14 12:25:00,31.248,31.248,31.219,31.219,2451.0,COLD
2023-06-14 12:24:00,31.263,31.288,31.248,31.248,9815.0,COLD
2023-06-14 12:23:00,31.258,31.263,31.248,31.258,2531.0,COLD
2023-06-14 12:22:00,31.248,31.263,31.238,31.258,2654.0,COLD
2023-06-14 12:21:00,31.288,31.288,31.248,31.248,6212.0,COLD
2023-06-14 12:20:00,31.303,31.303,31.288,31.288,2588.0,COLD
2023-06-14 12:19:00,31.288,31.298,31.287,31.298,1334.0,COLD
2023-06-14 12:18:00,31.248,31.308,31.248,31.288,5126.0,COLD
2023-06-14 12:17:00,31.258,31.258,31.248,31.248,4143.0,COLD
2023-06-14 12:16:00,31.228,31.253,31.228,31.253,6580.0,COLD
2023-06-14 12:15:00,31.209,31.228,31.209,31.222,2784.0,COLD
2023-06-14 12:14:00,31.194,31.194,31.194,31.194,773.0,COLD
2023-06-14 12:13:00,31.189,31.199,31.179,31.194,3762.0,COLD
2023-06-14 12:12:00,31.248,31.263,31.199,31.199,18720.0,COLD
2023-06-14 12:11:00,31.238,31.248,31.238,31.248,1569.0,COLD
2023-06-14 12:10:00,31.253,31.263,31.228,31.228,4190.0,COLD
2023-06-14 12:09:00,31.258,31.268,31.248,31.258,4978.0,COLD
2023-06-14 12:08:00,31.258,31.258,31.228,31.248,6458.0,COLD
2023-06-14 12:07:00,31.243,31.243,31.228,31.243,670.0,COLD
2023-06-14 12:06:00,31.243,31.243,31.243,31.243,476.0,COLD
2023-06-14 12:05:00,31.243,31.243,31.243,31.243,1572.0,COLD
2023-06-14 12:04:00,31.248,31.248,31.243,31.243,1869.0,COLD
2023-06-14 12:03:00,31.248,31.258,31.228,31.238,4521.0,COLD
2023-06-14 12:02:00,31.209,31.238,31.209,31.233,4121.0,COLD
2023-06-14 12:01:00,31.219,31.238,31.209,31.209,5024.0,COLD
2023-06-14 12:00:00,31.199,31.209,31.199,31.209,2739.0,COLD
2023-06-14 11:59:00,31.159,31.189,31.159,31.189,2920.0,COLD
2023-06-14 11:58:00,31.114,31.159,31.114,31.154,2436.0,COLD
2023-06-14 11:57:00,31.144,31.144,31.119,31.129,2077.0,COLD
2023-06-14 11:56:00,31.149,31.149,31.139,31.139,2179.0,COLD
2023-06-14 11:55:00,31.139,31.159,31.129,31.139,5039.0,COLD
2023-06-14 11:54:00,31.149,31.149,31.119,31.124,7859.0,COLD
2023-06-14 11:53:00,31.139,31.139,31.139,31.139,831.0,COLD
2023-06-14 11:52:00,31.139,31.144,31.134,31.139,4003.0,COLD
2023-06-14 11:51:00,31.089,31.149,31.089,31.139,5272.0,COLD
2023-06-14 11:50:00,31.109,31.109,31.07,31.079,5553.0,COLD
2023-06-14 11:49:00,31.109,31.109,31.099,31.099,1017.0,COLD
2023-06-14 11:48:00,31.089,31.094,31.089,31.094,1642.0,COLD
2023-06-14 11:47:00,31.094,31.099,31.079,31.084,3949.0,COLD
2023-06-14 11:46:00,31.089,31.099,31.089,31.099,2038.0,COLD
2023-06-14 11:45:00,31.055,31.079,31.055,31.079,2067.0,COLD
2023-06-14 11:44:00,31.04,31.055,31.04,31.055,1920.0,COLD
2023-06-14 11:43:00,31.03,31.03,31.02,31.02,535.0,COLD
2023-06-14 11:42:00,31.02,31.02,31.02,31.02,979.0,COLD
2023-06-14 11:41:00,31.01,31.02,31.0,31.01,2804.0,COLD
2023-06-14 11:40:00,31.015,31.03,31.012,31.02,2325.0,COLD
2023-06-14 11:39:00,31.025,31.035,31.025,31.03,1528.0,COLD
2023-06-14 11:38:00,31.025,31.025,31.025,31.025,170.0,COLD
2023-06-14 11:37:00,31.03,31.03,31.03,31.03,1203.0,COLD
2023-06-14 11:36:00,31.05,31.055,31.035,31.035,5362.0,COLD
2023-06-14 11:35:00,31.01,31.05,31.01,31.05,3433.0,COLD
2023-06-14 11:34:00,30.995,31.015,30.995,31.01,3939.0,COLD
2023-06-14 11:33:00,31.005,31.005,31.0,31.0,2826.0,COLD
2023-06-14 11:32:00,30.99,31.005,30.99,31.0,4202.0,COLD
2023-06-14 11:30:00,31.02,31.02,30.995,30.995,10837.0,COLD
2023-06-14 11:29:00,31.02,31.02,31.015,31.015,803.0,COLD
2023-06-14 11:28:00,31.005,31.005,31.005,31.005,471.0,COLD
2023-06-14 11:27:00,31.025,31.025,31.025,31.025,949.0,COLD
2023-06-14 11:26:00,31.03,31.04,31.02,31.03,4028.0,COLD
2023-06-14 11:24:00,31.025,31.03,31.025,31.03,1042.0,COLD
2023-06-14 11:22:00,31.02,31.05,31.02,31.03,3014.0,COLD
2023-06-14 11:21:00,31.0,31.04,31.0,31.01,8300.0,COLD
2023-06-14 11:20:00,30.96,30.99,30.96,30.99,1498.0,COLD
2023-06-14 11:19:00,30.94,30.95,30.94,30.95,653.0,COLD
2023-06-14 11:18:00,30.911,30.94,30.911,30.94,1759.0,COLD
2023-06-14 11:15:00,30.851,30.911,30.851,30.901,9342.0,COLD
2023-06-14 11:12:00,30.841,30.841,30.831,30.831,927.0,COLD
2023-06-14 11:11:00,30.821,30.841,30.821,30.841,1689.0,COLD
2023-06-14 11:10:00,30.801,30.801,30.801,30.801,339.0,COLD
2023-06-14 11:09:00,30.811,30.811,30.801,30.811,339.0,COLD
2023-06-14 11:07:00,30.831,30.831,30.811,30.811,664.0,COLD
2023-06-14 11:05:00,30.891,30.891,30.871,30.871,891.0,COLD
2023-06-14 11:04:00,30.871,30.881,30.871,30.871,1291.0,COLD
2023-06-14 11:03:00,30.872,30.872,30.861,30.861,1569.0,COLD
2023-06-14 11:02:00,30.881,30.881,30.881,30.881,102.0,COLD
2023-06-14 11:01:00,30.841,30.881,30.841,30.881,1083.0,COLD
2023-06-14 11:00:00,30.821,30.841,30.821,30.841,2251.0,COLD
2023-06-14 10:59:00,30.811,30.811,30.811,30.811,258.0,COLD
2023-06-14 10:58:00,30.831,30.831,30.821,30.821,645.0,COLD
2023-06-14 10:57:00,30.826,30.826,30.826,30.826,175.0,COLD
2023-06-14 10:54:00,30.831,30.831,30.831,30.831,842.0,COLD
2023-06-14 10:53:00,30.802,30.802,30.802,30.802,239.0,COLD
2023-06-14 10:52:00,30.841,30.841,30.831,30.831,805.0,COLD
2023-06-14 10:51:00,30.821,30.831,30.821,30.831,1210.0,COLD
2023-06-14 10:50:00,30.821,30.821,30.821,30.821,202.0,COLD
2023-06-14 10:49:00,30.811,30.811,30.811,30.811,140.0,COLD
2023-06-14 10:48:00,30.806,30.811,30.806,30.811,265.0,COLD
2023-06-14 10:47:00,30.801,30.821,30.801,30.821,724.0,COLD
2023-06-14 10:46:00,30.782,30.801,30.782,30.801,1352.0,COLD
2023-06-14 10:45:00,30.786,30.786,30.786,30.786,383.0,COLD
2023-06-14 10:44:00,30.801,30.811,30.801,30.811,653.0,COLD
2023-06-14 10:42:00,30.821,30.821,30.821,30.821,430.0,COLD
2023-06-14 10:41:00,30.811,30.821,30.811,30.821,1542.0,COLD
2023-06-14 10:40:00,30.811,30.821,30.811,30.821,1209.0,COLD
2023-06-14 10:39:00,30.821,30.821,30.821,30.821,1254.0,COLD
2023-06-14 10:38:00,30.801,30.801,30.801,30.801,1491.0,COLD
2023-06-14 10:37:00,30.791,30.801,30.791,30.801,200.0,COLD
2023-06-14 10:36:00,30.791,30.791,30.791,30.791,400.0,COLD
2023-06-14 10:35:00,30.811,30.811,30.811,30.811,518.0,COLD
2023-06-14 10:34:00,30.811,30.821,30.811,30.811,1670.0,COLD
2023-06-14 10:33:00,30.782,30.821,30.782,30.811,2112.0,COLD
2023-06-14 10:32:00,30.762,30.772,30.762,30.772,886.0,COLD
2023-06-14 10:31:00,30.772,30.772,30.772,30.772,357.0,COLD
2023-06-14 10:30:00,30.772,30.772,30.762,30.762,324.0,COLD
2023-06-14 10:29:00,30.752,30.767,30.752,30.767,592.0,COLD
2023-06-14 10:28:00,30.737,30.742,30.737,30.742,877.0,COLD
2023-06-14 10:27:00,30.752,30.752,30.737,30.737,238.0,COLD
2023-06-14 10:26:00,30.752,30.752,30.752,30.752,204.0,COLD
2023-06-14 10:25:00,30.737,30.737,30.737,30.737,473.0,COLD
2023-06-14 10:24:00,30.737,30.752,30.737,30.752,329.0,COLD
2023-06-14 10:22:00,30.732,30.742,30.732,30.732,1199.0,COLD
2023-06-14 10:21:00,30.702,30.722,30.702,30.722,1553.0,COLD
2023-06-14 10:20:00,30.702,30.702,30.702,30.702,312.0,COLD
2023-06-14 10:19:00,30.722,30.722,30.722,30.722,807.0,COLD
2023-06-14 10:18:00,30.712,30.732,30.712,30.722,1580.0,COLD
2023-06-14 10:17:00,30.702,30.712,30.702,30.712,1251.0,COLD
2023-06-14 10:16:00,30.702,30.717,30.702,30.702,3155.0,COLD
2023-06-14 10:15:00,30.712,30.712,30.712,30.712,209.0,COLD
2023-06-14 10:14:00,30.712,30.712,30.712,30.712,235.0,COLD
2023-06-14 10:13:00,30.715,30.742,30.712,30.712,4157.0,COLD
2023-06-14 10:12:00,30.712,30.712,30.712,30.712,105.0,COLD
2023-06-14 10:11:00,30.703,30.712,30.703,30.712,796.0,COLD
2023-06-14 10:10:00,30.734,30.734,30.712,30.712,1759.0,COLD
2023-06-14 10:09:00,30.722,30.722,30.722,30.722,102.0,COLD
2023-06-14 10:08:00,30.722,30.732,30.722,30.722,935.0,COLD
2023-06-14 10:06:00,30.722,30.742,30.722,30.742,527.0,COLD
2023-06-14 10:05:00,30.682,30.712,30.682,30.712,1154.0,COLD
2023-06-14 10:03:00,30.677,30.677,30.677,30.677,171.0,COLD
2023-06-14 10:02:00,30.697,30.697,30.682,30.692,1958.0,COLD
2023-06-14 10:01:00,30.672,30.692,30.672,30.692,938.0,COLD
2023-06-14 10:00:00,30.652,30.682,30.652,30.672,957.0,COLD
2023-06-14 09:59:00,30.628,30.642,30.628,30.642,451.0,COLD
2023-06-14 09:58:00,30.603,30.633,30.603,30.633,2800.0,COLD
2023-06-14 09:57:00,30.642,30.652,30.603,30.603,2177.0,COLD
2023-06-14 09:56:00,30.662,30.662,30.662,30.662,100.0,COLD
2023-06-14 09:55:00,30.662,30.662,30.662,30.662,100.0,COLD
2023-06-14 09:54:00,30.662,30.662,30.633,30.633,1379.0,COLD
2023-06-14 09:53:00,30.672,30.682,30.672,30.682,530.0,COLD
2023-06-14 09:52:00,30.732,30.742,30.682,30.682,2014.0,COLD
2023-06-14 09:51:00,30.747,30.762,30.747,30.762,223.0,COLD
2023-06-14 09:50:00,30.732,30.742,30.732,30.742,729.0,COLD
2023-06-14 09:49:00,30.707,30.722,30.707,30.722,2622.0,COLD
2023-06-14 09:48:00,30.722,30.722,30.692,30.692,1840.0,COLD
2023-06-14 09:47:00,30.722,30.732,30.712,30.712,851.0,COLD
2023-06-14 09:46:00,30.722,30.742,30.722,30.742,468.0,COLD
2023-06-14 09:42:00,30.732,30.732,30.702,30.702,530.0,COLD
2023-06-14 09:41:00,30.782,30.782,30.782,30.782,100.0,COLD
2023-06-14 09:40:00,30.732,30.772,30.732,30.772,1066.0,COLD
2023-06-14 09:39:00,30.821,30.821,30.772,30.782,956.0,COLD
2023-06-14 09:38:00,30.811,30.811,30.786,30.786,646.0,COLD
2023-06-14 09:36:00,30.722,30.801,30.722,30.801,2942.0,COLD
2023-06-14 09:35:00,30.717,30.717,30.717,30.717,206.0,COLD
2023-06-14 09:34:00,30.732,30.742,30.712,30.742,908.0,COLD
2023-06-14 09:33:00,30.603,30.682,30.603,30.672,1917.0,COLD
2023-06-14 09:32:00,30.633,30.662,30.593,30.652,4559.0,COLD
2023-06-14 09:31:00,30.652,30.652,30.573,30.588,1901.0,COLD
2023-06-14 09:30:00,30.633,30.782,30.633,30.732,7723.0,COLD
2023-06-14 07:25:00,30.682,30.692,30.682,30.692,11.0,COLD
2023-06-13 19:00:00,30.692,30.692,30.692,30.692,257357.0,COLD
2023-06-13 18:53:00,30.623,30.623,30.623,30.623,100.0,COLD
2023-06-13 18:30:00,30.692,30.692,30.692,30.692,257357.0,COLD
2023-06-13 17:20:00,30.692,30.692,30.692,30.692,41162.0,COLD
2023-06-13 17:00:00,30.692,30.692,30.692,30.692,15.0,COLD
2023-06-13 16:10:00,30.692,30.692,30.692,30.692,257357.0,COLD
2023-06-13 16:00:00,30.697,30.697,30.692,30.692,557257.0,COLD
2023-06-13 15:59:00,30.672,30.702,30.672,30.692,48035.0,COLD
2023-06-13 15:58:00,30.702,30.712,30.662,30.667,27868.0,COLD
2023-06-13 15:57:00,30.742,30.752,30.697,30.702,25576.0,COLD
2023-06-13 15:56:00,30.782,30.782,30.732,30.742,31140.0,COLD
2023-06-13 15:55:00,30.806,30.831,30.762,30.782,40420.0,COLD
2023-06-13 15:54:00,30.777,30.811,30.777,30.806,33859.0,COLD
2023-06-13 15:53:00,30.692,30.791,30.692,30.777,33680.0,COLD
2023-06-13 15:52:00,30.717,30.722,30.682,30.687,11287.0,COLD
2023-06-13 15:51:00,30.742,30.752,30.702,30.717,17610.0,COLD
2023-06-13 15:50:00,30.712,30.762,30.712,30.747,11350.0,COLD
2023-06-13 15:49:00,30.722,30.732,30.697,30.702,15422.0,COLD
2023-06-13 15:48:00,30.707,30.722,30.707,30.722,6689.0,COLD
2023-06-13 15:47:00,30.707,30.712,30.692,30.707,5460.0,COLD
2023-06-13 15:46:00,30.712,30.722,30.697,30.702,16891.0,COLD
2023-06-13 15:45:00,30.692,30.732,30.677,30.702,43914.0,COLD
2023-06-13 15:44:00,30.662,30.692,30.662,30.692,4124.0,COLD
2023-06-13 15:43:00,30.677,30.682,30.667,30.667,4235.0,COLD
2023-06-13 15:42:00,30.692,30.692,30.667,30.682,11826.0,COLD
2023-06-13 15:41:00,30.672,30.692,30.672,30.687,7227.0,COLD
2023-06-13 15:40:00,30.662,30.672,30.662,30.662,1947.0,COLD
2023-06-13 15:39:00,30.662,30.672,30.662,30.672,5003.0,COLD
2023-06-13 15:38:00,30.628,30.662,30.628,30.652,10894.0,COLD
2023-06-13 15:37:00,30.593,30.628,30.583,30.628,11649.0,COLD
2023-06-13 15:36:00,30.588,30.603,30.583,30.593,20369.0,COLD
2023-06-13 15:35:00,30.573,30.603,30.573,30.588,11673.0,COLD
2023-06-13 15:34:00,30.553,30.573,30.548,30.573,4042.0,COLD
2023-06-13 15:33:00,30.573,30.573,30.553,30.563,3300.0,COLD
2023-06-13 15:32:00,30.573,30.593,30.563,30.563,8677.0,COLD
2023-06-13 15:31:00,30.563,30.573,30.553,30.573,3407.0,COLD
2023-06-13 15:30:00,30.558,30.573,30.558,30.563,6096.0,COLD
2023-06-13 15:29:00,30.563,30.573,30.563,30.573,3280.0,COLD
2023-06-13 15:28:00,30.553,30.563,30.553,30.563,658.0,COLD
2023-06-13 15:27:00,30.573,30.573,30.553,30.553,2868.0,COLD
2023-06-13 15:26:00,30.563,30.573,30.563,30.573,1093.0,COLD
2023-06-13 15:25:00,30.563,30.563,30.553,30.563,3185.0,COLD
2023-06-13 15:24:00,30.543,30.563,30.543,30.558,2235.0,COLD
2023-06-13 15:23:00,30.568,30.573,30.553,30.553,3689.0,COLD
2023-06-13 15:22:00,30.563,30.583,30.563,30.568,5010.0,COLD
2023-06-13 15:21:00,30.568,30.568,30.558,30.558,3555.0,COLD
2023-06-13 15:20:00,30.553,30.568,30.553,30.563,2744.0,COLD
2023-06-13 15:19:00,30.573,30.583,30.545,30.545,5200.0,COLD
2023-06-13 15:18:00,30.568,30.583,30.563,30.573,3656.0,COLD
2023-06-13 15:17:00,30.573,30.584,30.568,30.573,3373.0,COLD
2023-06-13 15:16:00,30.573,30.593,30.573,30.573,4638.0,COLD
2023-06-13 15:15:00,30.578,30.593,30.573,30.593,3973.0,COLD
2023-06-13 15:14:00,30.578,30.583,30.573,30.573,6402.0,COLD
2023-06-13 15:13:00,30.563,30.573,30.563,30.573,1379.0,COLD
2023-06-13 15:12:00,30.543,30.553,30.543,30.553,1966.0,COLD
2023-06-13 15:11:00,30.538,30.543,30.533,30.543,1258.0,COLD
2023-06-13 15:10:00,30.563,30.573,30.533,30.533,1857.0,COLD
2023-06-13 15:09:00,30.568,30.568,30.568,30.568,542.0,COLD
2023-06-13 15:08:00,30.573,30.578,30.573,30.578,911.0,COLD
2023-06-13 15:07:00,30.568,30.583,30.568,30.583,4243.0,COLD
2023-06-13 15:06:00,30.563,30.573,30.563,30.568,2317.0,COLD
2023-06-13 15:05:00,30.558,30.558,30.558,30.558,971.0,COLD
2023-06-13 15:04:00,30.558,30.563,30.553,30.553,1430.0,COLD
2023-06-13 15:03:00,30.563,30.573,30.563,30.573,575.0,COLD
2023-06-13 15:02:00,30.568,30.573,30.563,30.573,744.0,COLD
2023-06-13 15:01:00,30.563,30.563,30.563,30.563,948.0,COLD
2023-06-13 15:00:00,30.553,30.563,30.553,30.563,419.0,COLD
2023-06-13 14:59:00,30.553,30.563,30.545,30.545,789.0,COLD
2023-06-13 14:58:00,30.563,30.573,30.553,30.553,2178.0,COLD
2023-06-13 14:57:00,30.538,30.553,30.538,30.548,2022.0,COLD
2023-06-13 14:56:00,30.533,30.533,30.533,30.533,511.0,COLD
2023-06-13 14:55:00,30.518,30.533,30.513,30.533,2046.0,COLD
2023-06-13 14:54:00,30.518,30.523,30.513,30.513,1458.0,COLD
2023-06-13 14:53:00,30.518,30.518,30.518,30.518,1432.0,COLD
2023-06-13 14:52:00,30.548,30.553,30.523,30.523,3965.0,COLD
2023-06-13 14:51:00,30.533,30.553,30.533,30.548,2200.0,COLD
2023-06-13 14:50:00,30.533,30.533,30.533,30.533,1154.0,COLD
2023-06-13 14:49:00,30.533,30.533,30.533,30.533,1812.0,COLD
2023-06-13 14:48:00,30.518,30.533,30.518,30.533,1201.0,COLD
2023-06-13 14:47:00,30.498,30.523,30.498,30.523,3676.0,COLD
2023-06-13 14:46:00,30.479,30.493,30.479,30.493,2413.0,COLD
2023-06-13 14:45:00,30.474,30.484,30.464,30.474,5289.0,COLD
2023-06-13 14:44:00,30.464,30.474,30.464,30.474,628.0,COLD
2023-06-13 14:43:00,30.484,30.493,30.454,30.464,3591.0,COLD
2023-06-13 14:42:00,30.493,30.503,30.484,30.484,587.0,COLD
2023-06-13 14:41:00,30.503,30.523,30.493,30.493,5653.0,COLD
2023-06-13 14:40:00,30.513,30.513,30.503,30.513,1426.0,COLD
2023-06-13 14:39:00,30.484,30.503,30.484,30.503,1990.0,COLD
2023-06-13 14:38:00,30.464,30.493,30.464,30.484,4351.0,COLD
2023-06-13 14:37:00,30.454,30.464,30.449,30.454,1871.0,COLD
2023-06-13 14:36:00,30.454,30.454,30.454,30.454,1460.0,COLD
2023-06-13 14:35:00,30.454,30.464,30.449,30.454,2235.0,COLD
2023-06-13 14:34:00,30.444,30.459,30.444,30.449,5363.0,COLD
2023-06-13 14:33:00,30.444,30.454,30.444,30.449,3465.0,COLD
2023-06-13 14:32:00,30.474,30.474,30.444,30.444,3004.0,COLD
2023-06-13 14:31:00,30.493,30.498,30.474,30.484,5677.0,COLD
2023-06-13 14:30:00,30.503,30.503,30.484,30.493,10871.0,COLD
2023-06-13 14:29:00,30.513,30.513,30.503,30.503,3671.0,COLD
2023-06-13 14:28:00,30.523,30.523,30.515,30.515,1069.0,COLD
2023-06-13 14:27:00,30.543,30.553,30.513,30.523,3413.0,COLD
2023-06-13 14:26:00,30.513,30.543,30.513,30.543,1708.0,COLD
2023-06-13 14:25:00,30.523,30.523,30.523,30.523,748.0,COLD
2023-06-13 14:24:00,30.513,30.523,30.513,30.523,1351.0,COLD
2023-06-13 14:23:00,30.513,30.513,30.513,30.513,418.0,COLD
2023-06-13 14:22:00,30.513,30.513,30.513,30.513,564.0,COLD
2023-06-13 14:21:00,30.508,30.508,30.508,30.508,285.0,COLD
2023-06-13 14:20:00,30.513,30.513,30.513,30.513,597.0,COLD
2023-06-13 14:19:00,30.498,30.503,30.498,30.503,1907.0,COLD
2023-06-13 14:15:00,30.493,30.493,30.493,30.493,235.0,COLD
2023-06-13 14:14:00,30.484,30.493,30.484,30.493,1496.0,COLD
2023-06-13 14:13:00,30.469,30.484,30.459,30.484,1509.0,COLD
2023-06-13 14:12:00,30.474,30.484,30.464,30.479,3798.0,COLD
2023-06-13 14:11:00,30.469,30.469,30.469,30.469,459.0,COLD
2023-06-13 14:10:00,30.484,30.484,30.469,30.469,869.0,COLD
2023-06-13 14:09:00,30.498,30.503,30.498,30.498,1192.0,COLD
2023-06-13 14:07:00,30.518,30.518,30.513,30.513,694.0,COLD
2023-06-13 14:06:00,30.523,30.523,30.513,30.513,1390.0,COLD
2023-06-13 14:05:00,30.523,30.523,30.518,30.518,563.0,COLD
2023-06-13 14:04:00,30.538,30.538,30.523,30.523,1083.0,COLD
2023-06-13 14:03:00,30.538,30.543,30.538,30.543,588.0,COLD
2023-06-13 14:02:00,30.518,30.523,30.518,30.523,2830.0,COLD
2023-06-13 14:01:00,30.484,30.523,30.484,30.523,2555.0,COLD
2023-06-13 14:00:00,30.488,30.488,30.488,30.488,333.0,COLD
2023-06-13 13:59:00,30.484,30.484,30.484,30.484,105.0,COLD
2023-06-13 13:58:00,30.484,30.484,30.484,30.484,393.0,COLD
2023-06-13 13:57:00,30.484,30.484,30.484,30.484,540.0,COLD
2023-06-13 13:56:00,30.493,30.493,30.484,30.493,1035.0,COLD
2023-06-13 13:53:00,30.503,30.503,30.503,30.503,1595.0,COLD
2023-06-13 13:52:00,30.493,30.503,30.493,30.503,1160.0,COLD
2023-06-13 13:51:00,30.484,30.484,30.484,30.484,537.0,COLD
2023-06-13 13:50:00,30.493,30.498,30.488,30.488,2713.0,COLD
2023-06-13 13:48:00,30.503,30.503,30.503,30.503,209.0,COLD
2023-06-13 13:47:00,30.494,30.494,30.494,30.494,125.0,COLD
2023-06-13 13:46:00,30.498,30.498,30.498,30.498,373.0,COLD
2023-06-13 13:45:00,30.513,30.513,30.513,30.513,595.0,COLD
2023-06-13 13:44:00,30.498,30.498,30.498,30.498,307.0,COLD
2023-06-13 13:43:00,30.543,30.544,30.503,30.503,4617.0,COLD
2023-06-13 13:42:00,30.533,30.533,30.523,30.533,3059.0,COLD
2023-06-13 13:40:00,30.513,30.513,30.513,30.513,845.0,COLD
2023-06-13 13:39:00,30.503,30.523,30.503,30.523,1047.0,COLD
2023-06-13 13:38:00,30.513,30.513,30.508,30.508,939.0,COLD
2023-06-13 13:37:00,30.513,30.513,30.508,30.513,1288.0,COLD
2023-06-13 13:36:00,30.513,30.523,30.503,30.503,10413.0,COLD
2023-06-13 13:35:00,30.503,30.523,30.484,30.513,6657.0,COLD
2023-06-13 13:34:00,30.518,30.533,30.503,30.503,6658.0,COLD
2023-06-13 13:33:00,30.518,30.518,30.518,30.518,402.0,COLD
2023-06-13 13:32:00,30.508,30.518,30.508,30.518,1498.0,COLD
2023-06-13 13:31:00,30.503,30.513,30.503,30.513,1808.0,COLD
2023-06-13 13:29:00,30.493,30.498,30.493,30.498,564.0,COLD
2023-06-13 13:28:00,30.484,30.493,30.484,30.493,628.0,COLD
2023-06-13 13:27:00,30.474,30.484,30.464,30.484,1679.0,COLD
2023-06-13 13:26:00,30.444,30.464,30.444,30.464,847.0,COLD
2023-06-13 13:25:00,30.449,30.449,30.434,30.434,1129.0,COLD
2023-06-13 13:24:00,30.454,30.454,30.454,30.454,1340.0,COLD
2023-06-13 13:23:00,30.454,30.454,30.454,30.454,812.0,COLD
2023-06-13 13:21:00,30.444,30.459,30.434,30.444,3841.0,COLD
2023-06-13 13:20:00,30.439,30.454,30.439,30.454,1194.0,COLD
2023-06-13 13:18:00,30.434,30.444,30.434,30.444,1102.0,COLD
2023-06-13 13:17:00,30.439,30.449,30.434,30.434,2194.0,COLD
2023-06-13 13:16:00,30.429,30.444,30.429,30.444,2434.0,COLD
2023-06-13 13:14:00,30.424,30.424,30.424,30.424,7186.0,COLD
2023-06-13 13:13:00,30.434,30.434,30.434,30.434,513.0,COLD
2023-06-13 13:12:00,30.424,30.424,30.424,30.424,366.0,COLD
2023-06-13 13:11:00,30.439,30.439,30.424,30.424,849.0,COLD
2023-06-13 13:10:00,30.433,30.439,30.433,30.434,1814.0,COLD
2023-06-13 13:09:00,30.429,30.434,30.424,30.424,4968.0,COLD
2023-06-13 13:08:00,30.434,30.434,30.424,30.429,1058.0,COLD
2023-06-13 13:06:00,30.434,30.434,30.434,30.434,256.0,COLD
2023-06-13 13:05:00,30.434,30.444,30.434,30.444,399.0,COLD
2023-06-13 13:04:00,30.444,30.444,30.434,30.434,869.0,COLD
2023-06-13 13:03:00,30.434,30.434,30.434,30.434,322.0,COLD
2023-06-13 13:02:00,30.439,30.444,30.434,30.434,2932.0,COLD
2023-06-13 13:01:00,30.444,30.454,30.439,30.439,2305.0,COLD
2023-06-13 12:59:00,30.434,30.444,30.434,30.444,1139.0,COLD
2023-06-13 12:58:00,30.444,30.444,30.444,30.444,801.0,COLD
2023-06-13 12:57:00,30.434,30.444,30.434,30.439,1552.0,COLD
2023-06-13 12:56:00,30.424,30.424,30.424,30.424,538.0,COLD
2023-06-13 12:54:00,30.424,30.424,30.424,30.424,157.0,COLD
2023-06-13 12:53:00,30.414,30.424,30.414,30.424,1793.0,COLD
2023-06-13 12:51:00,30.414,30.414,30.414,30.414,876.0,COLD
2023-06-13 12:49:00,30.424,30.424,30.414,30.414,1291.0,COLD
2023-06-13 12:46:00,30.439,30.439,30.434,30.434,861.0,COLD
2023-06-13 12:45:00,30.424,30.434,30.424,30.424,1947.0,COLD
2023-06-13 12:44:00,30.444,30.444,30.444,30.444,821.0,COLD
2023-06-13 12:43:00,30.454,30.454,30.449,30.449,858.0,COLD
2023-06-13 12:42:00,30.449,30.454,30.449,30.454,760.0,COLD
2023-06-13 12:41:00,30.449,30.449,30.445,30.449,823.0,COLD
2023-06-13 12:40:00,30.444,30.444,30.444,30.444,1080.0,COLD
2023-06-13 12:39:00,30.434,30.439,30.434,30.434,637.0,COLD
2023-06-13 12:38:00,30.434,30.439,30.434,30.439,1045.0,COLD
2023-06-13 12:36:00,30.439,30.443,30.424,30.424,5139.0,COLD
2023-06-13 12:35:00,30.434,30.434,30.434,30.434,1355.0,COLD
2023-06-13 12:33:00,30.444,30.444,30.444,30.444,422.0,COLD
2023-06-13 12:32:00,30.434,30.434,30.434,30.434,378.0,COLD
2023-06-13 12:31:00,30.424,30.424,30.424,30.424,129.0,COLD
2023-06-13 12:29:00,30.424,30.424,30.424,30.424,249.0,COLD
2023-06-13 12:28:00,30.424,30.424,30.414,30.414,696.0,COLD
2023-06-13 12:27:00,30.434,30.434,30.434,30.434,140.0,COLD
2023-06-13 12:26:00,30.434,30.435,30.434,30.435,866.0,COLD
2023-06-13 12:25:00,30.424,30.444,30.414,30.424,25828.0,COLD
2023-06-13 12:23:00,30.424,30.424,30.424,30.424,1026.0,COLD
2023-06-13 12:21:00,30.414,30.414,30.414,30.414,362.0,COLD
2023-06-13 12:20:00,30.414,30.419,30.409,30.414,2112.0,COLD
2023-06-13 12:19:00,30.399,30.404,30.399,30.404,1004.0,COLD
2023-06-13 12:18:00,30.399,30.399,30.399,30.399,493.0,COLD
2023-06-13 12:17:00,30.399,30.399,30.399,30.399,1150.0,COLD
2023-06-13 12:16:00,30.384,30.399,30.384,30.399,1384.0,COLD
2023-06-13 12:15:00,30.374,30.379,30.374,30.379,677.0,COLD
2023-06-13 12:14:00,30.374,30.374,30.374,30.374,1885.0,COLD
2023-06-13 12:13:00,30.379,30.384,30.379,30.384,506.0,COLD
2023-06-13 12:12:00,30.384,30.384,30.364,30.374,3607.0,COLD
2023-06-13 12:10:00,30.389,30.389,30.389,30.389,134.0,COLD
2023-06-13 12:09:00,30.374,30.389,30.369,30.389,3777.0,COLD
2023-06-13 12:08:00,30.384,30.384,30.374,30.374,381.0,COLD
2023-06-13 12:07:00,30.374,30.379,30.374,30.374,1663.0,COLD
2023-06-13 12:06:00,30.374,30.374,30.369,30.369,1874.0,COLD
2023-06-13 12:05:00,30.392,30.392,30.392,30.392,685.0,COLD
2023-06-13 12:04:00,30.364,30.374,30.364,30.374,1911.0,COLD
2023-06-13 12:03:00,30.384,30.394,30.374,30.374,1473.0,COLD
2023-06-13 12:01:00,30.384,30.384,30.384,30.384,350.0,COLD
2023-06-13 12:00:00,30.369,30.374,30.344,30.374,7119.0,COLD
2023-06-13 11:59:00,30.374,30.374,30.374,30.374,1505.0,COLD
2023-06-13 11:58:00,30.374,30.374,30.374,30.374,1076.0,COLD
2023-06-13 11:57:00,30.374,30.374,30.374,30.374,831.0,COLD
2023-06-13 11:56:00,30.374,30.384,30.364,30.384,1967.0,COLD
2023-06-13 11:55:00,30.404,30.404,30.394,30.394,1884.0,COLD
2023-06-13 11:54:00,30.424,30.429,30.409,30.409,2181.0,COLD
2023-06-13 11:53:00,30.434,30.434,30.434,30.434,476.0,COLD
2023-06-13 11:52:00,30.414,30.424,30.414,30.424,1271.0,COLD
2023-06-13 11:50:00,30.41,30.41,30.404,30.404,1700.0,COLD
2023-06-13 11:48:00,30.414,30.414,30.414,30.414,406.0,COLD
2023-06-13 11:47:00,30.409,30.409,30.404,30.404,712.0,COLD
2023-06-13 11:46:00,30.414,30.414,30.404,30.404,1696.0,COLD
2023-06-13 11:45:00,30.404,30.409,30.404,30.409,587.0,COLD
2023-06-13 11:44:00,30.414,30.414,30.414,30.414,1141.0,COLD
2023-06-13 11:43:00,30.414,30.429,30.409,30.414,2272.0,COLD
2023-06-13 11:42:00,30.384,30.404,30.384,30.404,1128.0,COLD
2023-06-13 11:41:00,30.383,30.383,30.383,30.383,479.0,COLD
2023-06-13 11:39:00,30.374,30.394,30.374,30.384,2019.0,COLD
2023-06-13 11:38:00,30.394,30.394,30.374,30.374,1585.0,COLD
2023-06-13 11:37:00,30.414,30.414,30.394,30.394,1131.0,COLD
2023-06-13 11:36:00,30.404,30.404,30.394,30.394,1794.0,COLD
2023-06-13 11:35:00,30.414,30.414,30.404,30.409,2139.0,COLD
2023-06-13 11:34:00,30.389,30.394,30.389,30.394,1382.0,COLD
2023-06-13 11:33:00,30.394,30.394,30.389,30.389,828.0,COLD
2023-06-13 11:32:00,30.414,30.414,30.404,30.404,644.0,COLD
2023-06-13 11:31:00,30.434,30.434,30.424,30.424,1919.0,COLD
2023-06-13 11:29:00,30.444,30.444,30.444,30.444,668.0,COLD
2023-06-13 11:28:00,30.434,30.444,30.434,30.444,1836.0,COLD
2023-06-13 11:26:00,30.449,30.464,30.439,30.439,3987.0,COLD
2023-06-13 11:25:00,30.464,30.464,30.444,30.449,3599.0,COLD
2023-06-13 11:23:00,30.444,30.464,30.444,30.464,1825.0,COLD
2023-06-13 11:22:00,30.444,30.444,30.444,30.444,362.0,COLD
2023-06-13 11:20:00,30.424,30.434,30.424,30.434,1769.0,COLD
2023-06-13 11:19:00,30.434,30.434,30.424,30.424,2970.0,COLD
2023-06-13 11:18:00,30.414,30.424,30.414,30.424,469.0,COLD
2023-06-13 11:17:00,30.419,30.419,30.414,30.414,1077.0,COLD
2023-06-13 11:16:00,30.434,30.434,30.419,30.419,3539.0,COLD
2023-06-13 11:15:00,30.414,30.444,30.414,30.439,2346.0,COLD
2023-06-13 11:14:00,30.414,30.424,30.414,30.414,2369.0,COLD
2023-06-13 11:13:00,30.399,30.404,30.399,30.404,1124.0,COLD
2023-06-13 11:12:00,30.364,30.394,30.364,30.394,2349.0,COLD
2023-06-13 11:10:00,30.374,30.374,30.359,30.359,2144.0,COLD
2023-06-13 11:09:00,30.384,30.384,30.374,30.375,1427.0,COLD
2023-06-13 11:08:00,30.394,30.394,30.374,30.374,870.0,COLD
2023-06-13 11:07:00,30.394,30.399,30.379,30.379,2684.0,COLD
2023-06-13 11:06:00,30.404,30.404,30.404,30.404,484.0,COLD
2023-06-13 11:05:00,30.404,30.404,30.399,30.404,1029.0,COLD
2023-06-13 11:04:00,30.414,30.414,30.413,30.414,911.0,COLD
2023-06-13 11:03:00,30.434,30.434,30.424,30.424,1189.0,COLD
2023-06-13 11:02:00,30.434,30.444,30.434,30.434,4259.0,COLD
2023-06-13 11:01:00,30.444,30.444,30.444,30.444,394.0,COLD
2023-06-13 11:00:00,30.464,30.464,30.424,30.424,1628.0,COLD
2023-06-13 10:58:00,30.493,30.493,30.474,30.479,2818.0,COLD
2023-06-13 10:57:00,30.503,30.503,30.503,30.503,588.0,COLD
2023-06-13 10:56:00,30.454,30.484,30.454,30.484,2608.0,COLD
2023-06-13 10:55:00,30.444,30.444,30.444,30.444,691.0,COLD
2023-06-13 10:54:00,30.464,30.469,30.454,30.454,1436.0,COLD
2023-06-13 10:53:00,30.464,30.464,30.464,30.464,441.0,COLD
2023-06-13 10:52:00,30.474,30.474,30.464,30.464,967.0,COLD
2023-06-13 10:51:00,30.493,30.503,30.493,30.503,1619.0,COLD
2023-06-13 10:50:00,30.493,30.493,30.493,30.493,328.0,COLD
2023-06-13 10:49:00,30.503,30.503,30.503,30.503,509.0,COLD
2023-06-13 10:48:00,30.508,30.508,30.508,30.508,355.0,COLD
2023-06-13 10:47:00,30.513,30.513,30.498,30.503,3061.0,COLD
2023-06-13 10:46:00,30.513,30.523,30.513,30.523,1541.0,COLD
2023-06-13 10:45:00,30.503,30.513,30.503,30.513,805.0,COLD
2023-06-13 10:44:00,30.454,30.484,30.454,30.484,1319.0,COLD
2023-06-13 10:43:00,30.484,30.484,30.444,30.454,742.0,COLD
2023-06-13 10:42:00,30.493,30.493,30.484,30.484,3990.0,COLD
2023-06-13 10:41:00,30.513,30.533,30.484,30.503,3982.0,COLD
2023-06-13 10:40:00,30.503,30.513,30.503,30.513,1194.0,COLD
2023-06-13 10:39:00,30.543,30.543,30.503,30.503,1837.0,COLD
2023-06-13 10:37:00,30.563,30.563,30.553,30.553,2272.0,COLD
2023-06-13 10:36:00,30.553,30.553,30.553,30.553,241.0,COLD
2023-06-13 10:35:00,30.543,30.553,30.543,30.553,1950.0,COLD
2023-06-13 10:34:00,30.533,30.533,30.533,30.533,1313.0,COLD
2023-06-13 10:33:00,30.508,30.508,30.508,30.508,836.0,COLD
2023-06-13 10:31:00,30.543,30.543,30.523,30.523,1050.0,COLD
2023-06-13 10:30:00,30.573,30.583,30.563,30.563,2401.0,COLD
2023-06-13 10:29:00,30.563,30.578,30.563,30.573,4172.0,COLD
2023-06-13 10:28:00,30.563,30.563,30.543,30.553,6741.0,COLD
2023-06-13 10:27:00,30.553,30.554,30.553,30.554,523.0,COLD
2023-06-13 10:26:00,30.563,30.563,30.563,30.563,757.0,COLD
2023-06-13 10:25:00,30.553,30.563,30.553,30.563,6185.0,COLD
2023-06-13 10:24:00,30.538,30.553,30.538,30.553,1624.0,COLD
2023-06-13 10:23:00,30.523,30.523,30.523,30.523,798.0,COLD
2023-06-13 10:22:00,30.513,30.513,30.513,30.513,414.0,COLD
2023-06-13 10:21:00,30.528,30.528,30.523,30.523,2005.0,COLD
2023-06-13 10:20:00,30.484,30.523,30.484,30.513,1897.0,COLD
2023-06-13 10:19:00,30.464,30.484,30.464,30.484,828.0,COLD
2023-06-13 10:18:00,30.464,30.464,30.464,30.464,450.0,COLD
2023-06-13 10:17:00,30.493,30.493,30.459,30.464,2378.0,COLD
2023-06-13 10:16:00,30.513,30.516,30.503,30.503,2427.0,COLD
2023-06-13 10:14:00,30.493,30.503,30.493,30.503,940.0,COLD
2023-06-13 10:13:00,30.474,30.484,30.464,30.474,7829.0,COLD
2023-06-13 10:12:00,30.493,30.503,30.488,30.503,818.0,COLD
2023-06-13 10:11:00,30.519,30.519,30.513,30.513,403.0,COLD
2023-06-13 10:10:00,30.533,30.533,30.513,30.518,2501.0,COLD
2023-06-13 10:09:00,30.558,30.558,30.535,30.543,2946.0,COLD
2023-06-13 10:07:00,30.573,30.573,30.553,30.553,1903.0,COLD
2023-06-13 10:06:00,30.573,30.573,30.548,30.573,1244.0,COLD
2023-06-13 10:05:00,30.508,30.548,30.508,30.548,953.0,COLD
2023-06-13 10:03:00,30.503,30.508,30.498,30.508,3121.0,COLD
2023-06-13 10:02:00,30.533,30.543,30.523,30.523,20187.0,COLD
2023-06-13 10:01:00,30.506,30.506,30.506,30.506,293.0,COLD
2023-06-13 10:00:00,30.484,30.543,30.484,30.513,6717.0,COLD
2023-06-13 09:59:00,30.474,30.474,30.474,30.474,654.0,COLD
2023-06-13 09:58:00,30.484,30.484,30.464,30.464,3967.0,COLD
2023-06-13 09:57:00,30.498,30.498,30.498,30.498,686.0,COLD
2023-06-13 09:56:00,30.439,30.493,30.439,30.493,2728.0,COLD
2023-06-13 09:55:00,30.479,30.479,30.439,30.439,6093.0,COLD
2023-06-13 09:54:00,30.409,30.454,30.409,30.454,917.0,COLD
2023-06-13 09:53:00,30.484,30.484,30.414,30.414,5442.0,COLD
2023-06-13 09:52:00,30.513,30.513,30.513,30.513,665.0,COLD
2023-06-13 09:51:00,30.533,30.533,30.493,30.513,1179.0,COLD
2023-06-13 09:50:00,30.563,30.623,30.543,30.543,9177.0,COLD
2023-06-13 09:49:00,30.558,30.563,30.558,30.563,2919.0,COLD
2023-06-13 09:48:00,30.647,30.647,30.543,30.558,17538.0,COLD
2023-06-13 09:47:00,30.682,30.682,30.647,30.647,4584.0,COLD
2023-06-13 09:46:00,30.583,30.712,30.553,30.652,49133.0,COLD
2023-06-13 09:45:00,30.523,30.568,30.523,30.568,1311.0,COLD
2023-06-13 09:44:00,30.533,30.533,30.513,30.513,1281.0,COLD
2023-06-13 09:43:00,30.484,30.484,30.474,30.474,780.0,COLD
2023-06-13 09:42:00,30.513,30.533,30.484,30.484,2453.0,COLD
2023-06-13 09:41:00,30.454,30.474,30.454,30.464,748.0,COLD
2023-06-13 09:40:00,30.404,30.444,30.379,30.434,9015.0,COLD
2023-06-13 09:39:00,30.374,30.404,30.374,30.394,641.0,COLD
2023-06-13 09:38:00,30.354,30.374,30.315,30.374,1158.0,COLD
2023-06-13 09:37:00,30.335,30.354,30.335,30.354,391.0,COLD
2023-06-13 09:36:00,30.295,30.335,30.276,30.335,708.0,COLD
2023-06-13 09:35:00,30.335,30.344,30.275,30.275,1644.0,COLD
2023-06-13 09:34:00,30.344,30.344,30.275,30.275,3291.0,COLD
2023-06-13 09:33:00,30.195,30.344,30.195,30.344,2917.0,COLD
2023-06-13 09:32:00,30.195,30.235,30.076,30.235,2829.0,COLD
2023-06-13 09:30:00,30.195,30.195,30.195,30.195,3562.0,COLD
2023-06-13 08:00:00,30.225,30.225,30.225,30.225,1.0,COLD
2023-06-12 19:00:00,30.225,30.225,30.225,30.225,189001.0,COLD
2023-06-12 18:30:00,30.225,30.225,30.225,30.225,189001.0,COLD
2023-06-12 16:57:00,30.454,30.613,30.454,30.613,100.0,COLD
2023-06-12 16:50:00,29.679,29.679,29.679,29.679,20.0,COLD
2023-06-12 16:10:00,30.225,30.225,29.878,29.878,189002.0,COLD
2023-06-12 16:08:00,29.69,29.69,29.69,29.69,1.0,COLD
2023-06-12 16:01:00,30.225,30.225,30.225,30.225,133.0,COLD
2023-06-12 16:00:00,30.225,30.225,30.22,30.225,402897.0,COLD
2023-06-12 15:59:00,30.191,30.225,30.166,30.225,96885.0,COLD
2023-06-12 15:58:00,30.191,30.195,30.186,30.195,17892.0,COLD
2023-06-12 15:57:00,30.151,30.205,30.151,30.195,35132.0,COLD
2023-06-12 15:56:00,30.191,30.191,30.151,30.151,23465.0,COLD
2023-06-12 15:55:00,30.166,30.195,30.156,30.186,26973.0,COLD
2023-06-12 15:54:00,30.171,30.186,30.171,30.171,16422.0,COLD
2023-06-12 15:53:00,30.151,30.176,30.146,30.176,16729.0,COLD
2023-06-12 15:52:00,30.171,30.171,30.146,30.151,19756.0,COLD
2023-06-12 15:51:00,30.136,30.171,30.136,30.171,17593.0,COLD
2023-06-12 15:50:00,30.126,30.166,30.116,30.141,19393.0,COLD
2023-06-12 15:49:00,30.126,30.126,30.116,30.121,4654.0,COLD
2023-06-12 15:48:00,30.151,30.151,30.126,30.126,4856.0,COLD
2023-06-12 15:47:00,30.166,30.166,30.146,30.146,8833.0,COLD
2023-06-12 15:46:00,30.2,30.2,30.166,30.171,8606.0,COLD
2023-06-12 15:45:00,30.181,30.2,30.181,30.2,4171.0,COLD
2023-06-12 15:44:00,30.176,30.186,30.166,30.186,8872.0,COLD
2023-06-12 15:43:00,30.171,30.171,30.171,30.171,1518.0,COLD
2023-06-12 15:42:00,30.186,30.191,30.171,30.171,3798.0,COLD
2023-06-12 15:41:00,30.181,30.191,30.181,30.191,4260.0,COLD
2023-06-12 15:40:00,30.191,30.191,30.181,30.181,2375.0,COLD
2023-06-12 15:39:00,30.171,30.186,30.171,30.186,6446.0,COLD
2023-06-12 15:38:00,30.161,30.176,30.161,30.176,2591.0,COLD
2023-06-12 15:37:00,30.166,30.166,30.161,30.161,1440.0,COLD
2023-06-12 15:36:00,30.176,30.186,30.166,30.166,7172.0,COLD
2023-06-12 15:35:00,30.171,30.176,30.171,30.176,1349.0,COLD
2023-06-12 15:34:00,30.166,30.176,30.166,30.171,2821.0,COLD
2023-06-12 15:33:00,30.166,30.166,30.165,30.166,654.0,COLD
2023-06-12 15:32:00,30.186,30.186,30.156,30.161,1733.0,COLD
2023-06-12 15:31:00,30.21,30.21,30.186,30.186,3658.0,COLD
2023-06-12 15:30:00,30.195,30.21,30.195,30.21,2962.0,COLD
2023-06-12 15:29:00,30.205,30.205,30.195,30.195,3000.0,COLD
2023-06-12 15:28:00,30.181,30.21,30.181,30.21,5409.0,COLD
2023-06-12 15:27:00,30.181,30.181,30.181,30.181,663.0,COLD
2023-06-12 15:26:00,30.195,30.195,30.181,30.181,2466.0,COLD
2023-06-12 15:25:00,30.156,30.195,30.156,30.186,5605.0,COLD
2023-06-12 15:24:00,30.141,30.156,30.141,30.151,4602.0,COLD
2023-06-12 15:23:00,30.131,30.141,30.131,30.141,1986.0,COLD
2023-06-12 15:22:00,30.146,30.146,30.136,30.136,1894.0,COLD
2023-06-12 15:21:00,30.141,30.141,30.141,30.141,1728.0,COLD
2023-06-12 15:19:00,30.146,30.146,30.126,30.141,3096.0,COLD
2023-06-12 15:18:00,30.156,30.156,30.146,30.146,1586.0,COLD
2023-06-12 15:17:00,30.156,30.161,30.156,30.161,698.0,COLD
2023-06-12 15:16:00,30.161,30.161,30.151,30.156,2712.0,COLD
2023-06-12 15:15:00,30.146,30.166,30.146,30.166,2260.0,COLD
2023-06-12 15:14:00,30.136,30.146,30.126,30.141,2735.0,COLD
2023-06-12 15:13:00,30.116,30.126,30.116,30.121,1430.0,COLD
2023-06-12 15:12:00,30.116,30.116,30.111,30.111,283.0,COLD
2023-06-12 15:11:00,30.091,30.116,30.086,30.116,3809.0,COLD
2023-06-12 15:10:00,30.076,30.096,30.076,30.096,1969.0,COLD
2023-06-12 15:09:00,30.086,30.086,30.086,30.086,1485.0,COLD
2023-06-12 15:08:00,30.081,30.081,30.071,30.076,3572.0,COLD
2023-06-12 15:07:00,30.076,30.076,30.076,30.076,608.0,COLD
2023-06-12 15:06:00,30.086,30.086,30.066,30.076,1717.0,COLD
2023-06-12 15:05:00,30.096,30.106,30.081,30.081,2752.0,COLD
2023-06-12 15:04:00,30.086,30.086,30.086,30.086,470.0,COLD
2023-06-12 15:03:00,30.106,30.106,30.086,30.091,1428.0,COLD
2023-06-12 15:02:00,30.121,30.121,30.116,30.116,1074.0,COLD
2023-06-12 15:01:00,30.096,30.121,30.096,30.121,2313.0,COLD
2023-06-12 15:00:00,30.101,30.101,30.096,30.096,2221.0,COLD
2023-06-12 14:59:00,30.106,30.106,30.096,30.098,958.0,COLD
2023-06-12 14:58:00,30.081,30.096,30.076,30.096,5943.0,COLD
2023-06-12 14:57:00,30.066,30.081,30.066,30.081,1804.0,COLD
2023-06-12 14:56:00,30.076,30.076,30.056,30.056,951.0,COLD
2023-06-12 14:55:00,30.095,30.096,30.076,30.081,1602.0,COLD
2023-06-12 14:54:00,30.106,30.106,30.096,30.096,2188.0,COLD
2023-06-12 14:53:00,30.096,30.116,30.096,30.106,1335.0,COLD
2023-06-12 14:52:00,30.116,30.116,30.106,30.106,2491.0,COLD
2023-06-12 14:51:00,30.086,30.106,30.086,30.106,979.0,COLD
2023-06-12 14:50:00,30.061,30.076,30.061,30.076,2885.0,COLD
2023-06-12 14:49:00,30.066,30.066,30.056,30.056,536.0,COLD
2023-06-12 14:48:00,30.096,30.096,30.071,30.071,3729.0,COLD
2023-06-12 14:47:00,30.096,30.096,30.096,30.096,685.0,COLD
2023-06-12 14:46:00,30.106,30.106,30.096,30.096,2131.0,COLD
2023-06-12 14:45:00,30.096,30.096,30.091,30.096,796.0,COLD
2023-06-12 14:44:00,30.066,30.091,30.066,30.091,2567.0,COLD
2023-06-12 14:43:00,30.056,30.056,30.056,30.056,329.0,COLD
2023-06-12 14:42:00,30.056,30.056,30.046,30.046,1662.0,COLD
2023-06-12 14:41:00,30.046,30.046,30.046,30.046,672.0,COLD
2023-06-12 14:40:00,30.066,30.071,30.051,30.051,1285.0,COLD
2023-06-12 14:39:00,30.086,30.086,30.086,30.086,691.0,COLD
2023-06-12 14:38:00,30.086,30.091,30.086,30.086,968.0,COLD
2023-06-12 14:37:00,30.086,30.096,30.086,30.091,1458.0,COLD
2023-06-12 14:36:00,30.076,30.091,30.076,30.091,2648.0,COLD
2023-06-12 14:35:00,30.076,30.086,30.076,30.086,2324.0,COLD
2023-06-12 14:34:00,30.081,30.086,30.076,30.076,749.0,COLD
2023-06-12 14:33:00,30.076,30.086,30.076,30.081,3504.0,COLD
2023-06-12 14:32:00,30.086,30.086,30.076,30.076,1773.0,COLD
2023-06-12 14:31:00,30.096,30.096,30.076,30.076,3175.0,COLD
2023-06-12 14:30:00,30.126,30.131,30.116,30.116,2169.0,COLD
2023-06-12 14:29:00,30.146,30.156,30.136,30.136,12394.0,COLD
2023-06-12 14:28:00,30.146,30.146,30.136,30.146,1366.0,COLD
2023-06-12 14:27:00,30.141,30.146,30.141,30.146,2705.0,COLD
2023-06-12 14:26:00,30.121,30.136,30.121,30.136,2932.0,COLD
2023-06-12 14:25:00,30.121,30.126,30.121,30.126,1490.0,COLD
2023-06-12 14:24:00,30.111,30.116,30.111,30.116,1295.0,COLD
2023-06-12 14:23:00,30.116,30.116,30.111,30.111,2350.0,COLD
2023-06-12 14:22:00,30.146,30.146,30.116,30.126,7573.0,COLD
2023-06-12 14:21:00,30.146,30.146,30.146,30.146,421.0,COLD
2023-06-12 14:20:00,30.151,30.151,30.136,30.146,3232.0,COLD
2023-06-12 14:19:00,30.156,30.161,30.151,30.151,2751.0,COLD
2023-06-12 14:18:00,30.141,30.151,30.141,30.151,1449.0,COLD
2023-06-12 14:17:00,30.131,30.146,30.131,30.146,1443.0,COLD
2023-06-12 14:16:00,30.131,30.136,30.131,30.136,1017.0,COLD
2023-06-12 14:15:00,30.126,30.131,30.126,30.131,1344.0,COLD
2023-06-12 14:14:00,30.116,30.121,30.116,30.116,1630.0,COLD
2023-06-12 14:13:00,30.116,30.116,30.111,30.111,305.0,COLD
2023-06-12 14:12:00,30.111,30.111,30.111,30.111,194.0,COLD
2023-06-12 14:11:00,30.096,30.106,30.086,30.106,2526.0,COLD
2023-06-12 14:10:00,30.066,30.086,30.061,30.086,4219.0,COLD
2023-06-12 14:09:00,30.061,30.066,30.061,30.066,916.0,COLD
2023-06-12 14:08:00,30.066,30.071,30.061,30.061,4116.0,COLD
2023-06-12 14:07:00,30.066,30.066,30.056,30.061,8431.0,COLD
2023-06-12 14:06:00,30.066,30.071,30.066,30.071,921.0,COLD
2023-06-12 14:05:00,30.056,30.071,30.046,30.071,4229.0,COLD
2023-06-12 14:04:00,30.056,30.061,30.056,30.056,300.0,COLD
2023-06-12 14:03:00,30.061,30.061,30.056,30.056,351.0,COLD
2023-06-12 14:02:00,30.086,30.086,30.056,30.056,4393.0,COLD
2023-06-12 14:01:00,30.076,30.081,30.076,30.081,1456.0,COLD
2023-06-12 14:00:00,30.056,30.076,30.056,30.076,1313.0,COLD
2023-06-12 13:59:00,30.046,30.046,30.046,30.046,273.0,COLD
2023-06-12 13:58:00,30.037,30.046,30.037,30.046,837.0,COLD
2023-06-12 13:57:00,30.037,30.037,30.037,30.037,608.0,COLD
2023-06-12 13:56:00,30.022,30.027,30.022,30.022,2156.0,COLD
2023-06-12 13:55:00,29.992,30.027,29.992,30.027,3471.0,COLD
2023-06-12 13:54:00,29.982,29.997,29.982,29.997,1605.0,COLD
2023-06-12 13:53:00,29.997,29.997,29.987,29.987,1424.0,COLD
2023-06-12 13:52:00,29.997,29.997,29.997,29.997,1208.0,COLD
2023-06-12 13:51:00,30.007,30.007,29.997,29.997,1665.0,COLD
2023-06-12 13:50:00,30.017,30.017,30.012,30.012,2364.0,COLD
2023-06-12 13:49:00,30.022,30.022,30.022,30.022,511.0,COLD
2023-06-12 13:48:00,30.017,30.027,30.017,30.022,1685.0,COLD
2023-06-12 13:47:00,29.997,30.012,29.997,30.012,1816.0,COLD
2023-06-12 13:46:00,29.977,30.002,29.977,29.997,4149.0,COLD
2023-06-12 13:45:00,29.982,29.982,29.977,29.982,785.0,COLD
2023-06-12 13:44:00,29.977,29.977,29.977,29.977,1121.0,COLD
2023-06-12 13:43:00,29.977,29.982,29.977,29.982,961.0,COLD
2023-06-12 13:42:00,29.977,29.986,29.977,29.977,903.0,COLD
2023-06-12 13:41:00,29.997,29.997,29.977,29.977,2362.0,COLD
2023-06-12 13:40:00,29.997,30.017,29.997,30.017,2405.0,COLD
2023-06-12 13:39:00,30.017,30.017,30.007,30.007,1085.0,COLD
2023-06-12 13:38:00,30.017,30.022,30.007,30.017,4013.0,COLD
2023-06-12 13:37:00,30.017,30.022,30.017,30.017,1575.0,COLD
2023-06-12 13:36:00,30.027,30.027,30.027,30.027,1056.0,COLD
2023-06-12 13:35:00,30.007,30.027,30.007,30.027,1553.0,COLD
2023-06-12 13:34:00,30.007,30.017,30.007,30.007,549.0,COLD
2023-06-12 13:33:00,30.037,30.037,30.017,30.017,710.0,COLD
2023-06-12 13:32:00,30.096,30.096,30.037,30.037,3399.0,COLD
2023-06-12 13:31:00,30.096,30.096,30.096,30.096,1957.0,COLD
2023-06-12 13:30:00,30.091,30.091,30.086,30.086,597.0,COLD
2023-06-12 13:29:00,30.086,30.086,30.086,30.086,358.0,COLD
2023-06-12 13:28:00,30.106,30.106,30.096,30.096,10279.0,COLD
2023-06-12 13:27:00,30.111,30.111,30.106,30.106,2548.0,COLD
2023-06-12 13:26:00,30.091,30.111,30.091,30.111,6544.0,COLD
2023-06-12 13:25:00,30.096,30.096,30.086,30.091,3248.0,COLD
2023-06-12 13:24:00,30.106,30.106,30.101,30.101,1637.0,COLD
2023-06-12 13:23:00,30.106,30.106,30.106,30.106,1498.0,COLD
2023-06-12 13:22:00,30.106,30.106,30.101,30.101,845.0,COLD
2023-06-12 13:21:00,30.094,30.101,30.094,30.101,852.0,COLD
2023-06-12 13:20:00,30.096,30.106,30.091,30.091,1728.0,COLD
2023-06-12 13:19:00,30.096,30.106,30.096,30.106,2498.0,COLD
2023-06-12 13:18:00,30.106,30.106,30.106,30.106,495.0,COLD
2023-06-12 13:17:00,30.056,30.106,30.056,30.106,6685.0,COLD
2023-06-12 13:15:00,30.061,30.061,30.061,30.061,246.0,COLD
2023-06-12 13:14:00,30.056,30.056,30.056,30.056,319.0,COLD
2023-06-12 13:13:00,30.066,30.066,30.051,30.056,2327.0,COLD
2023-06-12 13:12:00,30.076,30.076,30.066,30.066,1902.0,COLD
2023-06-12 13:11:00,30.111,30.111,30.091,30.091,2752.0,COLD
2023-06-12 13:10:00,30.111,30.111,30.106,30.106,1508.0,COLD
2023-06-12 13:09:00,30.106,30.106,30.096,30.106,695.0,COLD
2023-06-12 13:08:00,30.116,30.116,30.106,30.106,1681.0,COLD
2023-06-12 13:07:00,30.106,30.121,30.106,30.116,3442.0,COLD
2023-06-12 13:06:00,30.116,30.116,30.116,30.116,1177.0,COLD
2023-06-12 13:05:00,30.126,30.126,30.126,30.126,348.0,COLD
2023-06-12 13:04:00,30.126,30.126,30.126,30.126,603.0,COLD
2023-06-12 13:03:00,30.131,30.131,30.131,30.131,260.0,COLD
2023-06-12 13:02:00,30.131,30.135,30.126,30.126,1204.0,COLD
2023-06-12 13:01:00,30.136,30.146,30.126,30.136,5073.0,COLD
2023-06-12 13:00:00,30.166,30.166,30.136,30.141,6758.0,COLD
2023-06-12 12:59:00,30.166,30.176,30.166,30.166,746.0,COLD
2023-06-12 12:58:00,30.166,30.166,30.166,30.166,1305.0,COLD
2023-06-12 12:57:00,30.176,30.176,30.166,30.166,499.0,COLD
2023-06-12 12:55:00,30.146,30.166,30.146,30.166,1103.0,COLD
2023-06-12 12:54:00,30.116,30.146,30.116,30.146,1704.0,COLD
2023-06-12 12:53:00,30.111,30.111,30.111,30.111,131.0,COLD
2023-06-12 12:52:00,30.111,30.111,30.111,30.111,123.0,COLD
2023-06-12 12:51:00,30.126,30.126,30.111,30.116,3141.0,COLD
2023-06-12 12:49:00,30.106,30.131,30.106,30.126,1945.0,COLD
2023-06-12 12:48:00,30.061,30.096,30.061,30.096,2368.0,COLD
2023-06-12 12:47:00,30.056,30.056,30.049,30.049,500.0,COLD
2023-06-12 12:46:00,30.046,30.046,30.046,30.046,204.0,COLD
2023-06-12 12:45:00,30.051,30.056,30.051,30.056,315.0,COLD
2023-06-12 12:44:00,30.056,30.056,30.046,30.051,2223.0,COLD
2023-06-12 12:43:00,30.046,30.066,30.046,30.066,1352.0,COLD
2023-06-12 12:42:00,30.017,30.037,30.017,30.037,937.0,COLD
2023-06-12 12:41:00,30.007,30.007,30.007,30.007,1633.0,COLD
2023-06-12 12:40:00,29.997,30.007,29.994,30.002,1864.0,COLD
2023-06-12 12:39:00,29.987,29.992,29.987,29.992,1612.0,COLD
2023-06-12 12:38:00,29.997,29.997,29.987,29.987,1625.0,COLD
2023-06-12 12:37:00,29.982,30.002,29.982,29.997,2774.0,COLD
2023-06-12 12:36:00,29.957,29.977,29.957,29.977,1432.0,COLD
2023-06-12 12:35:00,29.917,29.962,29.907,29.957,42593.0,COLD
2023-06-12 12:34:00,29.907,29.907,29.907,29.907,636.0,COLD
2023-06-12 12:33:00,29.907,29.917,29.907,29.917,3437.0,COLD
2023-06-12 12:32:00,29.912,29.917,29.907,29.912,3677.0,COLD
2023-06-12 12:31:00,29.897,29.912,29.897,29.907,26241.0,COLD
2023-06-12 12:30:00,29.902,29.902,29.897,29.897,936.0,COLD
2023-06-12 12:28:00,29.907,29.912,29.907,29.907,1034.0,COLD
2023-06-12 12:27:00,29.907,29.917,29.907,29.917,378.0,COLD
2023-06-12 12:26:00,29.897,29.907,29.897,29.907,1313.0,COLD
2023-06-12 12:25:00,29.917,29.932,29.897,29.897,27257.0,COLD
2023-06-12 12:23:00,29.917,29.917,29.917,29.917,1671.0,COLD
2023-06-12 12:20:00,29.907,29.907,29.907,29.907,866.0,COLD
2023-06-12 12:19:00,29.899,29.902,29.899,29.902,1328.0,COLD
2023-06-12 12:18:00,29.897,29.922,29.897,29.902,5445.0,COLD
2023-06-12 12:17:00,29.893,29.893,29.893,29.893,127.0,COLD
2023-06-12 12:16:00,29.897,29.897,29.888,29.888,5786.0,COLD
2023-06-12 12:15:00,29.897,29.907,29.897,29.907,713.0,COLD
2023-06-12 12:14:00,29.893,29.897,29.893,29.897,900.0,COLD
2023-06-12 12:13:00,29.848,29.883,29.848,29.883,2825.0,COLD
2023-06-12 12:12:00,29.848,29.848,29.838,29.848,7019.0,COLD
2023-06-12 12:11:00,29.838,29.838,29.838,29.838,106.0,COLD
2023-06-12 12:10:00,29.848,29.848,29.848,29.848,565.0,COLD
2023-06-12 12:09:00,29.848,29.848,29.838,29.848,783.0,COLD
2023-06-12 12:08:00,29.848,29.848,29.848,29.848,135.0,COLD
2023-06-12 12:07:00,29.848,29.853,29.848,29.848,3307.0,COLD
2023-06-12 12:06:00,29.853,29.863,29.848,29.848,30912.0,COLD
2023-06-12 12:05:00,29.838,29.853,29.838,29.848,3606.0,COLD
2023-06-12 12:04:00,29.823,29.823,29.823,29.823,254.0,COLD
2023-06-12 12:02:00,29.828,29.828,29.828,29.828,155.0,COLD
2023-06-12 12:00:00,29.828,29.828,29.828,29.828,605.0,COLD
2023-06-12 11:58:00,29.828,29.828,29.823,29.823,413.0,COLD
2023-06-12 11:57:00,29.843,29.843,29.838,29.838,1023.0,COLD
2023-06-12 11:56:00,29.843,29.843,29.843,29.843,140.0,COLD
2023-06-12 11:55:00,29.838,29.838,29.838,29.838,946.0,COLD
2023-06-12 11:53:00,29.838,29.838,29.828,29.833,1443.0,COLD
2023-06-12 11:52:00,29.858,29.858,29.858,29.858,1797.0,COLD
2023-06-12 11:51:00,29.873,29.873,29.868,29.868,1393.0,COLD
2023-06-12 11:50:00,29.883,29.883,29.878,29.878,518.0,COLD
2023-06-12 11:49:00,29.878,29.878,29.878,29.878,280.0,COLD
2023-06-12 11:48:00,29.888,29.888,29.878,29.878,1390.0,COLD
2023-06-12 11:47:00,29.897,29.902,29.893,29.893,1445.0,COLD
2023-06-12 11:45:00,29.907,29.907,29.897,29.897,1606.0,COLD
2023-06-12 11:44:00,29.917,29.917,29.907,29.917,1825.0,COLD
2023-06-12 11:43:00,29.917,29.922,29.907,29.917,5913.0,COLD
2023-06-12 11:41:00,29.907,29.917,29.907,29.917,2890.0,COLD
2023-06-12 11:40:00,29.917,29.917,29.907,29.907,728.0,COLD
2023-06-12 11:39:00,29.917,29.917,29.917,29.917,931.0,COLD
2023-06-12 11:38:00,29.897,29.917,29.897,29.917,5348.0,COLD
2023-06-12 11:37:00,29.917,29.917,29.907,29.907,2138.0,COLD
2023-06-12 11:36:00,29.917,29.917,29.908,29.908,1337.0,COLD
2023-06-12 11:35:00,29.972,29.977,29.917,29.927,6661.0,COLD
2023-06-12 11:34:00,29.927,29.977,29.927,29.977,4020.0,COLD
2023-06-12 11:33:00,29.937,29.937,29.927,29.932,7966.0,COLD
2023-06-12 11:31:00,29.888,29.927,29.888,29.927,1992.0,COLD
2023-06-12 11:30:00,29.868,29.888,29.868,29.888,2590.0,COLD
2023-06-12 11:29:00,29.828,29.868,29.828,29.868,2930.0,COLD
2023-06-12 11:27:00,29.828,29.828,29.818,29.818,1329.0,COLD
2023-06-12 11:26:00,29.813,29.828,29.813,29.828,1605.0,COLD
2023-06-12 11:25:00,29.808,29.808,29.808,29.808,1689.0,COLD
2023-06-12 11:24:00,29.803,29.803,29.803,29.803,240.0,COLD
2023-06-12 11:23:00,29.798,29.803,29.798,29.803,410.0,COLD
2023-06-12 11:22:00,29.798,29.798,29.798,29.798,442.0,COLD
2023-06-12 11:21:00,29.808,29.808,29.808,29.808,129.0,COLD
2023-06-12 11:20:00,29.808,29.808,29.808,29.808,760.0,COLD
2023-06-12 11:19:00,29.798,29.818,29.798,29.818,3431.0,COLD
2023-06-12 11:18:00,29.788,29.803,29.788,29.799,735.0,COLD
2023-06-12 11:16:00,29.808,29.808,29.768,29.783,3921.0,COLD
2023-06-12 11:15:00,29.828,29.828,29.813,29.813,1897.0,COLD
2023-06-12 11:14:00,29.808,29.838,29.808,29.833,3986.0,COLD
2023-06-12 11:13:00,29.783,29.798,29.783,29.798,2513.0,COLD
2023-06-12 11:12:00,29.768,29.778,29.768,29.778,811.0,COLD
2023-06-12 11:11:00,29.768,29.773,29.768,29.768,3033.0,COLD
2023-06-12 11:10:00,29.758,29.758,29.758,29.758,350.0,COLD
2023-06-12 11:09:00,29.749,29.758,29.744,29.758,1332.0,COLD
2023-06-12 11:08:00,29.739,29.753,29.729,29.753,1886.0,COLD
2023-06-12 11:07:00,29.719,29.729,29.719,29.729,2067.0,COLD
2023-06-12 11:06:00,29.714,29.714,29.714,29.714,665.0,COLD
2023-06-12 11:05:00,29.709,29.719,29.709,29.719,1668.0,COLD
2023-06-12 11:04:00,29.69,29.699,29.689,29.699,5395.0,COLD
2023-06-12 11:03:00,29.699,29.699,29.699,29.699,286.0,COLD
2023-06-12 11:02:00,29.699,29.699,29.699,29.699,565.0,COLD
2023-06-12 11:01:00,29.699,29.709,29.689,29.699,1818.0,COLD
2023-06-12 11:00:00,29.689,29.709,29.689,29.709,1128.0,COLD
2023-06-12 10:59:00,29.699,29.699,29.689,29.689,1042.0,COLD
2023-06-12 10:58:00,29.729,29.729,29.709,29.709,3746.0,COLD
2023-06-12 10:57:00,29.699,29.729,29.699,29.729,1706.0,COLD
2023-06-12 10:56:00,29.679,29.699,29.679,29.699,1736.0,COLD
2023-06-12 10:55:00,29.639,29.669,29.639,29.669,8978.0,COLD
2023-06-12 10:54:00,29.619,29.639,29.619,29.639,4115.0,COLD
2023-06-12 10:53:00,29.619,29.629,29.609,29.614,7772.0,COLD
2023-06-12 10:52:00,29.6,29.629,29.59,29.614,10423.0,COLD
2023-06-12 10:51:00,29.664,29.669,29.6,29.6,12251.0,COLD
2023-06-12 10:50:00,29.649,29.669,29.649,29.664,4641.0,COLD
2023-06-12 10:49:00,29.639,29.639,29.639,29.639,2019.0,COLD
2023-06-12 10:48:00,29.644,29.644,29.629,29.634,6164.0,COLD
2023-06-12 10:47:00,29.639,29.644,29.629,29.644,3132.0,COLD
2023-06-12 10:46:00,29.639,29.644,29.624,29.629,3156.0,COLD
2023-06-12 10:45:00,29.644,29.644,29.644,29.644,514.0,COLD
2023-06-12 10:44:00,29.659,29.659,29.639,29.639,2914.0,COLD
2023-06-12 10:43:00,29.669,29.669,29.649,29.659,1619.0,COLD
2023-06-12 10:42:00,29.659,29.659,29.659,29.659,438.0,COLD
2023-06-12 10:41:00,29.649,29.659,29.649,29.659,2105.0,COLD
2023-06-12 10:40:00,29.649,29.659,29.649,29.654,2304.0,COLD
2023-06-12 10:39:00,29.649,29.654,29.644,29.649,3260.0,COLD
2023-06-12 10:38:00,29.649,29.654,29.649,29.654,2492.0,COLD
2023-06-12 10:37:00,29.654,29.659,29.654,29.659,1305.0,COLD
2023-06-12 10:36:00,29.669,29.669,29.659,29.659,1433.0,COLD
2023-06-12 10:34:00,29.699,29.704,29.684,29.684,3792.0,COLD
2023-06-12 10:33:00,29.704,29.704,29.704,29.704,348.0,COLD
2023-06-12 10:32:00,29.689,29.699,29.689,29.699,1146.0,COLD
2023-06-12 10:31:00,29.679,29.684,29.679,29.684,851.0,COLD
2023-06-12 10:29:00,29.654,29.669,29.654,29.669,2278.0,COLD
2023-06-12 10:28:00,29.659,29.664,29.649,29.649,5435.0,COLD
2023-06-12 10:27:00,29.669,29.669,29.639,29.639,1740.0,COLD
2023-06-12 10:26:00,29.659,29.659,29.659,29.659,500.0,COLD
2023-06-12 10:25:00,29.684,29.684,29.659,29.659,4844.0,COLD
2023-06-12 10:24:00,29.679,29.679,29.669,29.679,901.0,COLD
2023-06-12 10:23:00,29.679,29.679,29.679,29.679,1241.0,COLD
2023-06-12 10:22:00,29.689,29.694,29.679,29.679,1311.0,COLD
2023-06-12 10:21:00,29.709,29.709,29.682,29.689,1459.0,COLD
2023-06-12 10:20:00,29.719,29.729,29.709,29.709,1557.0,COLD
2023-06-12 10:19:00,29.694,29.729,29.689,29.719,3931.0,COLD
2023-06-12 10:17:00,29.704,29.704,29.699,29.699,754.0,COLD
2023-06-12 10:15:00,29.659,29.689,29.659,29.689,2074.0,COLD
2023-06-12 10:14:00,29.659,29.659,29.659,29.659,1283.0,COLD
2023-06-12 10:13:00,29.689,29.689,29.659,29.659,1141.0,COLD
2023-06-12 10:12:00,29.709,29.709,29.689,29.689,1221.0,COLD
2023-06-12 10:11:00,29.729,29.729,29.709,29.709,1875.0,COLD
2023-06-12 10:10:00,29.709,29.729,29.709,29.729,1247.0,COLD
2023-06-12 10:09:00,29.699,29.709,29.699,29.699,1309.0,COLD
2023-06-12 10:08:00,29.714,29.714,29.714,29.714,421.0,COLD
2023-06-12 10:07:00,29.729,29.739,29.729,29.729,2041.0,COLD
2023-06-12 10:05:00,29.699,29.719,29.699,29.719,1703.0,COLD
2023-06-12 10:04:00,29.679,29.689,29.674,29.689,4241.0,COLD
2023-06-12 10:03:00,29.679,29.699,29.679,29.699,1009.0,COLD
2023-06-12 10:02:00,29.649,29.679,29.649,29.679,1154.0,COLD
2023-06-12 10:01:00,29.659,29.669,29.649,29.649,2497.0,COLD
2023-06-12 10:00:00,29.649,29.669,29.649,29.669,614.0,COLD
2023-06-12 09:59:00,29.649,29.679,29.629,29.649,4366.0,COLD
2023-06-12 09:58:00,29.644,29.644,29.644,29.644,326.0,COLD
2023-06-12 09:57:00,29.649,29.649,29.639,29.644,2966.0,COLD
2023-06-12 09:56:00,29.654,29.654,29.654,29.654,300.0,COLD
2023-06-12 09:55:00,29.659,29.659,29.649,29.649,1440.0,COLD
2023-06-12 09:54:00,29.674,29.674,29.674,29.674,223.0,COLD
2023-06-12 09:53:00,29.669,29.669,29.649,29.659,1324.0,COLD
2023-06-12 09:52:00,29.679,29.719,29.679,29.699,2093.0,COLD
2023-06-12 09:51:00,29.649,29.669,29.649,29.664,1539.0,COLD
2023-06-12 09:50:00,29.604,29.669,29.604,29.659,4073.0,COLD
2023-06-12 09:49:00,29.59,29.619,29.57,29.6,7916.0,COLD
2023-06-12 09:48:00,29.59,29.59,29.59,29.59,474.0,COLD
2023-06-12 09:47:00,29.6,29.609,29.585,29.585,1770.0,COLD
2023-06-12 09:46:00,29.629,29.649,29.614,29.614,3486.0,COLD
2023-06-12 09:45:00,29.649,29.649,29.619,29.619,2222.0,COLD
2023-06-12 09:44:00,29.639,29.649,29.629,29.644,4728.0,COLD
2023-06-12 09:43:00,29.679,29.679,29.639,29.639,2548.0,COLD
2023-06-12 09:42:00,29.649,29.649,29.641,29.649,1210.0,COLD
2023-06-12 09:41:00,29.619,29.649,29.58,29.639,2334.0,COLD
2023-06-12 09:40:00,29.54,29.6,29.54,29.6,4599.0,COLD
2023-06-12 09:39:00,29.52,29.52,29.51,29.51,724.0,COLD
2023-06-12 09:38:00,29.55,29.56,29.49,29.49,2921.0,COLD
2023-06-12 09:37:00,29.55,29.59,29.55,29.56,1290.0,COLD
2023-06-12 09:36:00,29.53,29.53,29.53,29.53,696.0,COLD
2023-06-12 09:35:00,29.55,29.585,29.55,29.55,1486.0,COLD
2023-06-12 09:34:00,29.619,29.619,29.619,29.619,100.0,COLD
2023-06-12 09:33:00,29.55,29.59,29.55,29.59,1583.0,COLD
2023-06-12 09:32:00,29.5,29.5,29.47,29.47,2697.0,COLD
2023-06-12 09:31:00,29.555,29.555,29.555,29.555,222.0,COLD
2023-06-12 09:30:00,29.59,29.739,29.59,29.669,3656.0,COLD
2023-06-12 07:00:00,29.838,29.838,29.838,29.838,1.0,COLD
2023-06-09 19:00:00,29.59,29.59,29.59,29.59,136692.0,COLD
2023-06-09 18:30:00,29.59,29.59,29.59,29.59,136692.0,COLD
2023-06-09 17:29:00,29.818,29.818,29.818,29.818,1.0,COLD
2023-06-09 17:00:00,29.49,29.49,29.49,29.49,1.0,COLD
2023-06-09 16:10:00,29.59,29.59,29.59,29.59,136692.0,COLD
2023-06-09 16:01:00,29.59,29.59,29.59,29.59,668.0,COLD
2023-06-09 16:00:00,29.6,29.6,29.59,29.59,297394.0,COLD
2023-06-09 15:59:00,29.634,29.639,29.59,29.59,23363.0,COLD
2023-06-09 15:58:00,29.619,29.639,29.614,29.639,23501.0,COLD
2023-06-09 15:57:00,29.59,29.619,29.58,29.619,23886.0,COLD
2023-06-09 15:56:00,29.585,29.59,29.58,29.585,11964.0,COLD
2023-06-09 15:55:00,29.575,29.59,29.57,29.59,12407.0,COLD
2023-06-09 15:54:00,29.575,29.58,29.57,29.57,5481.0,COLD
2023-06-09 15:53:00,29.55,29.585,29.55,29.575,12082.0,COLD
2023-06-09 15:52:00,29.57,29.58,29.555,29.555,8704.0,COLD
2023-06-09 15:51:00,29.55,29.57,29.55,29.56,4802.0,COLD
2023-06-09 15:50:00,29.55,29.565,29.545,29.55,9747.0,COLD
2023-06-09 15:49:00,29.545,29.56,29.545,29.56,5524.0,COLD
2023-06-09 15:48:00,29.545,29.549,29.545,29.545,920.0,COLD
2023-06-09 15:47:00,29.54,29.55,29.535,29.545,5536.0,COLD
2023-06-09 15:46:00,29.51,29.53,29.505,29.53,5645.0,COLD
2023-06-09 15:45:00,29.51,29.52,29.51,29.51,5039.0,COLD
2023-06-09 15:44:00,29.51,29.51,29.505,29.51,1351.0,COLD
2023-06-09 15:43:00,29.51,29.52,29.505,29.505,4553.0,COLD
2023-06-09 15:42:00,29.495,29.51,29.49,29.505,4641.0,COLD
2023-06-09 15:41:00,29.51,29.515,29.493,29.495,6433.0,COLD
2023-06-09 15:40:00,29.53,29.53,29.515,29.515,4283.0,COLD
2023-06-09 15:39:00,29.515,29.53,29.515,29.53,2570.0,COLD
2023-06-09 15:38:00,29.52,29.52,29.515,29.515,751.0,COLD
2023-06-09 15:37:00,29.525,29.53,29.51,29.51,12659.0,COLD
2023-06-09 15:36:00,29.54,29.55,29.53,29.53,4992.0,COLD
2023-06-09 15:35:00,29.54,29.54,29.535,29.535,1781.0,COLD
2023-06-09 15:34:00,29.545,29.545,29.54,29.545,1692.0,COLD
2023-06-09 15:33:00,29.545,29.57,29.545,29.55,4786.0,COLD
2023-06-09 15:32:00,29.54,29.55,29.54,29.55,677.0,COLD
2023-06-09 15:31:00,29.52,29.54,29.52,29.54,4772.0,COLD
2023-06-09 15:30:00,29.51,29.52,29.505,29.52,4494.0,COLD
2023-06-09 15:28:00,29.5,29.515,29.5,29.515,1998.0,COLD
2023-06-09 15:27:00,29.5,29.5,29.495,29.495,4641.0,COLD
2023-06-09 15:26:00,29.51,29.51,29.5,29.51,1268.0,COLD
2023-06-09 15:25:00,29.5,29.5,29.5,29.5,2689.0,COLD
2023-06-09 15:24:00,29.5,29.5,29.5,29.5,3173.0,COLD
2023-06-09 15:23:00,29.501,29.501,29.5,29.5,2158.0,COLD
2023-06-09 15:22:00,29.5,29.505,29.5,29.5,3755.0,COLD
2023-06-09 15:21:00,29.5,29.505,29.5,29.5,697.0,COLD
2023-06-09 15:20:00,29.475,29.5,29.47,29.5,8357.0,COLD
2023-06-09 15:19:00,29.495,29.495,29.485,29.485,1792.0,COLD
2023-06-09 15:18:00,29.475,29.495,29.475,29.495,9598.0,COLD
2023-06-09 15:17:00,29.475,29.485,29.475,29.475,1883.0,COLD
2023-06-09 15:16:00,29.451,29.48,29.441,29.475,7490.0,COLD
2023-06-09 15:15:00,29.46,29.46,29.451,29.455,1523.0,COLD
2023-06-09 15:14:00,29.475,29.475,29.465,29.465,698.0,COLD
2023-06-09 15:13:00,29.475,29.475,29.47,29.47,270.0,COLD
2023-06-09 15:12:00,29.48,29.49,29.47,29.475,3362.0,COLD
2023-06-09 15:11:00,29.485,29.49,29.47,29.48,3222.0,COLD
2023-06-09 15:10:00,29.515,29.515,29.48,29.48,3047.0,COLD
2023-06-09 15:09:00,29.53,29.53,29.51,29.515,9201.0,COLD
2023-06-09 15:08:00,29.52,29.525,29.52,29.52,1281.0,COLD
2023-06-09 15:07:00,29.52,29.52,29.52,29.52,929.0,COLD
2023-06-09 15:06:00,29.55,29.55,29.52,29.52,1659.0,COLD
2023-06-09 15:05:00,29.56,29.56,29.55,29.555,1767.0,COLD
2023-06-09 15:04:00,29.58,29.58,29.56,29.56,3061.0,COLD
2023-06-09 15:03:00,29.58,29.589,29.58,29.589,1158.0,COLD
2023-06-09 15:02:00,29.57,29.585,29.57,29.585,3854.0,COLD
2023-06-09 15:01:00,29.565,29.575,29.565,29.565,4198.0,COLD
2023-06-09 15:00:00,29.545,29.57,29.545,29.57,3062.0,COLD
2023-06-09 14:59:00,29.53,29.55,29.53,29.55,3586.0,COLD
2023-06-09 14:58:00,29.525,29.53,29.52,29.525,7935.0,COLD
2023-06-09 14:57:00,29.525,29.525,29.525,29.525,1586.0,COLD
2023-06-09 14:56:00,29.5,29.53,29.5,29.527,8669.0,COLD
2023-06-09 14:55:00,29.5,29.5,29.5,29.5,1622.0,COLD
2023-06-09 14:54:00,29.5,29.505,29.5,29.505,3557.0,COLD
2023-06-09 14:53:00,29.511,29.511,29.5,29.5,876.0,COLD
2023-06-09 14:52:00,29.5,29.515,29.5,29.515,2120.0,COLD
2023-06-09 14:51:00,29.5,29.51,29.5,29.5,1896.0,COLD
2023-06-09 14:50:00,29.515,29.515,29.51,29.51,631.0,COLD
2023-06-09 14:49:00,29.5,29.51,29.5,29.51,4036.0,COLD
2023-06-09 14:48:00,29.51,29.51,29.5,29.5,1528.0,COLD
2023-06-09 14:47:00,29.515,29.515,29.5,29.505,2750.0,COLD
2023-06-09 14:46:00,29.49,29.51,29.49,29.51,4726.0,COLD
2023-06-09 14:45:00,29.49,29.5,29.48,29.495,3552.0,COLD
2023-06-09 14:44:00,29.485,29.51,29.48,29.5,3114.0,COLD
2023-06-09 14:43:00,29.49,29.49,29.48,29.485,1728.0,COLD
2023-06-09 14:42:00,29.49,29.495,29.49,29.493,1028.0,COLD
2023-06-09 14:41:00,29.51,29.51,29.49,29.495,1422.0,COLD
2023-06-09 14:40:00,29.54,29.54,29.51,29.51,2701.0,COLD
2023-06-09 14:39:00,29.55,29.555,29.53,29.54,8546.0,COLD
2023-06-09 14:38:00,29.55,29.55,29.55,29.55,2478.0,COLD
2023-06-09 14:37:00,29.55,29.55,29.55,29.55,4833.0,COLD
2023-06-09 14:36:00,29.565,29.57,29.545,29.555,15338.0,COLD
2023-06-09 14:35:00,29.55,29.565,29.55,29.565,6688.0,COLD
2023-06-09 14:34:00,29.575,29.575,29.555,29.555,3215.0,COLD
2023-06-09 14:33:00,29.57,29.58,29.57,29.575,3789.0,COLD
2023-06-09 14:32:00,29.57,29.575,29.56,29.565,2699.0,COLD
2023-06-09 14:31:00,29.56,29.575,29.56,29.57,3287.0,COLD
2023-06-09 14:30:00,29.565,29.57,29.56,29.57,1303.0,COLD
2023-06-09 14:29:00,29.565,29.565,29.565,29.565,633.0,COLD
2023-06-09 14:28:00,29.59,29.595,29.57,29.57,4377.0,COLD
2023-06-09 14:27:00,29.59,29.595,29.59,29.595,542.0,COLD
2023-06-09 14:26:00,29.59,29.595,29.58,29.595,1837.0,COLD
2023-06-09 14:25:00,29.55,29.58,29.545,29.58,1973.0,COLD
2023-06-09 14:24:00,29.545,29.55,29.54,29.545,1431.0,COLD
2023-06-09 14:23:00,29.535,29.545,29.535,29.545,945.0,COLD
2023-06-09 14:22:00,29.53,29.535,29.53,29.535,993.0,COLD
2023-06-09 14:21:00,29.53,29.54,29.53,29.535,2005.0,COLD
2023-06-09 14:20:00,29.525,29.525,29.52,29.525,1893.0,COLD
2023-06-09 14:19:00,29.515,29.535,29.515,29.53,2509.0,COLD
2023-06-09 14:18:00,29.49,29.51,29.49,29.51,2340.0,COLD
2023-06-09 14:17:00,29.475,29.49,29.475,29.49,2166.0,COLD
2023-06-09 14:16:00,29.465,29.475,29.465,29.475,1744.0,COLD
2023-06-09 14:15:00,29.465,29.465,29.465,29.465,317.0,COLD
2023-06-09 14:14:00,29.441,29.46,29.441,29.46,4677.0,COLD
2023-06-09 14:13:00,29.451,29.451,29.436,29.441,4755.0,COLD
2023-06-09 14:12:00,29.455,29.455,29.455,29.455,560.0,COLD
2023-06-09 14:11:00,29.46,29.465,29.455,29.455,4218.0,COLD
2023-06-09 14:10:00,29.465,29.465,29.465,29.465,223.0,COLD
2023-06-09 14:09:00,29.465,29.465,29.465,29.465,407.0,COLD
2023-06-09 14:08:00,29.455,29.465,29.455,29.465,2585.0,COLD
2023-06-09 14:07:00,29.451,29.451,29.446,29.446,1081.0,COLD
2023-06-09 14:06:00,29.444,29.446,29.441,29.446,2789.0,COLD
2023-06-09 14:05:00,29.446,29.446,29.441,29.441,1210.0,COLD
2023-06-09 14:04:00,29.411,29.46,29.411,29.446,5971.0,COLD
2023-06-09 14:03:00,29.411,29.411,29.411,29.411,1242.0,COLD
2023-06-09 14:02:00,29.451,29.451,29.411,29.411,2786.0,COLD
2023-06-09 14:01:00,29.455,29.455,29.455,29.455,807.0,COLD
2023-06-09 14:00:00,29.46,29.465,29.455,29.455,6424.0,COLD
2023-06-09 13:59:00,29.46,29.46,29.455,29.455,562.0,COLD
2023-06-09 13:58:00,29.436,29.46,29.436,29.46,6091.0,COLD
2023-06-09 13:57:00,29.431,29.441,29.431,29.441,4663.0,COLD
2023-06-09 13:56:00,29.431,29.436,29.431,29.436,357.0,COLD
2023-06-09 13:55:00,29.436,29.436,29.436,29.436,313.0,COLD
2023-06-09 13:54:00,29.431,29.438,29.426,29.438,1869.0,COLD
2023-06-09 13:53:00,29.421,29.421,29.421,29.421,397.0,COLD
2023-06-09 13:52:00,29.421,29.421,29.421,29.421,962.0,COLD
2023-06-09 13:51:00,29.431,29.431,29.426,29.426,1157.0,COLD
2023-06-09 13:50:00,29.455,29.455,29.451,29.451,1615.0,COLD
2023-06-09 13:49:00,29.46,29.465,29.451,29.451,3447.0,COLD
2023-06-09 13:48:00,29.465,29.47,29.46,29.465,2125.0,COLD
2023-06-09 13:47:00,29.485,29.485,29.465,29.465,2252.0,COLD
2023-06-09 13:46:00,29.49,29.49,29.485,29.485,748.0,COLD
2023-06-09 13:45:00,29.49,29.49,29.485,29.485,500.0,COLD
2023-06-09 13:44:00,29.495,29.5,29.485,29.485,2921.0,COLD
2023-06-09 13:43:00,29.495,29.495,29.495,29.495,612.0,COLD
2023-06-09 13:42:00,29.49,29.495,29.485,29.495,4250.0,COLD
2023-06-09 13:41:00,29.495,29.495,29.495,29.495,368.0,COLD
2023-06-09 13:40:00,29.52,29.52,29.494,29.495,2137.0,COLD
2023-06-09 13:39:00,29.515,29.53,29.515,29.53,1710.0,COLD
2023-06-09 13:38:00,29.505,29.515,29.505,29.515,1560.0,COLD
2023-06-09 13:37:00,29.495,29.51,29.495,29.51,808.0,COLD
2023-06-09 13:36:00,29.48,29.51,29.48,29.5,3178.0,COLD
2023-06-09 13:35:00,29.475,29.475,29.475,29.475,700.0,COLD
2023-06-09 13:34:00,29.49,29.49,29.47,29.475,2856.0,COLD
2023-06-09 13:33:00,29.475,29.49,29.475,29.49,780.0,COLD
2023-06-09 13:32:00,29.465,29.47,29.465,29.47,2033.0,COLD
2023-06-09 13:31:00,29.451,29.465,29.451,29.465,941.0,COLD
2023-06-09 13:30:00,29.441,29.446,29.441,29.446,226.0,COLD
2023-06-09 13:29:00,29.441,29.441,29.441,29.441,107.0,COLD
2023-06-09 13:28:00,29.446,29.451,29.431,29.451,1891.0,COLD
2023-06-09 13:27:00,29.431,29.441,29.431,29.441,1880.0,COLD
2023-06-09 13:26:00,29.455,29.455,29.441,29.441,1906.0,COLD
2023-06-09 13:25:00,29.455,29.455,29.451,29.455,1539.0,COLD
2023-06-09 13:24:00,29.441,29.46,29.441,29.455,1278.0,COLD
2023-06-09 13:23:00,29.441,29.441,29.436,29.441,878.0,COLD
2023-06-09 13:22:00,29.436,29.436,29.436,29.436,172.0,COLD
2023-06-09 13:21:00,29.431,29.436,29.431,29.436,222.0,COLD
2023-06-09 13:20:00,29.441,29.441,29.436,29.436,1013.0,COLD
2023-06-09 13:19:00,29.441,29.446,29.441,29.446,934.0,COLD
2023-06-09 13:18:00,29.431,29.436,29.431,29.436,430.0,COLD
2023-06-09 13:17:00,29.431,29.431,29.431,29.431,141.0,COLD
2023-06-09 13:16:00,29.431,29.436,29.431,29.436,418.0,COLD
2023-06-09 13:15:00,29.431,29.431,29.421,29.421,2219.0,COLD
2023-06-09 13:14:00,29.426,29.426,29.426,29.426,349.0,COLD
2023-06-09 13:13:00,29.426,29.426,29.426,29.426,165.0,COLD
2023-06-09 13:12:00,29.436,29.436,29.421,29.421,1011.0,COLD
2023-06-09 13:10:00,29.451,29.455,29.441,29.441,1078.0,COLD
2023-06-09 13:09:00,29.455,29.455,29.455,29.455,468.0,COLD
2023-06-09 13:08:00,29.451,29.451,29.451,29.451,416.0,COLD
2023-06-09 13:07:00,29.46,29.465,29.46,29.465,871.0,COLD
2023-06-09 13:06:00,29.465,29.465,29.46,29.46,1335.0,COLD
2023-06-09 13:05:00,29.47,29.47,29.47,29.47,373.0,COLD
2023-06-09 13:04:00,29.446,29.451,29.441,29.451,813.0,COLD
2023-06-09 13:03:00,29.431,29.451,29.431,29.441,1288.0,COLD
2023-06-09 13:01:00,29.431,29.431,29.431,29.431,299.0,COLD
2023-06-09 13:00:00,29.426,29.426,29.426,29.426,339.0,COLD
2023-06-09 12:59:00,29.406,29.421,29.406,29.421,656.0,COLD
2023-06-09 12:58:00,29.411,29.411,29.411,29.411,791.0,COLD
2023-06-09 12:57:00,29.401,29.401,29.391,29.391,565.0,COLD
2023-06-09 12:56:00,29.381,29.391,29.381,29.391,715.0,COLD
2023-06-09 12:55:00,29.391,29.391,29.376,29.376,1131.0,COLD
2023-06-09 12:54:00,29.401,29.401,29.401,29.401,851.0,COLD
2023-06-09 12:53:00,29.391,29.396,29.391,29.391,420.0,COLD
2023-06-09 12:52:00,29.391,29.391,29.386,29.386,285.0,COLD
2023-06-09 12:51:00,29.391,29.396,29.386,29.386,1853.0,COLD
2023-06-09 12:50:00,29.381,29.386,29.381,29.386,1481.0,COLD
2023-06-09 12:48:00,29.376,29.376,29.376,29.376,200.0,COLD
2023-06-09 12:47:00,29.376,29.376,29.376,29.376,233.0,COLD
2023-06-09 12:46:00,29.396,29.396,29.381,29.381,1303.0,COLD
2023-06-09 12:45:00,29.396,29.396,29.391,29.396,461.0,COLD
2023-06-09 12:44:00,29.416,29.416,29.396,29.396,3083.0,COLD
2023-06-09 12:43:00,29.401,29.421,29.393,29.401,2692.0,COLD
2023-06-09 12:42:00,29.411,29.411,29.401,29.401,1773.0,COLD
2023-06-09 12:41:00,29.381,29.401,29.381,29.401,2216.0,COLD
2023-06-09 12:40:00,29.356,29.381,29.356,29.381,1132.0,COLD
2023-06-09 12:39:00,29.351,29.351,29.351,29.351,336.0,COLD
2023-06-09 12:38:00,29.361,29.361,29.361,29.361,791.0,COLD
2023-06-09 12:37:00,29.361,29.361,29.361,29.361,101.0,COLD
2023-06-09 12:36:00,29.376,29.376,29.371,29.371,689.0,COLD
2023-06-09 12:35:00,29.381,29.381,29.371,29.376,954.0,COLD
2023-06-09 12:34:00,29.391,29.391,29.391,29.391,324.0,COLD
2023-06-09 12:33:00,29.381,29.391,29.381,29.386,1161.0,COLD
2023-06-09 12:32:00,29.351,29.381,29.351,29.381,1174.0,COLD
2023-06-09 12:31:00,29.356,29.356,29.356,29.356,210.0,COLD
2023-06-09 12:30:00,29.331,29.351,29.326,29.351,2567.0,COLD
2023-06-09 12:29:00,29.341,29.341,29.331,29.331,1329.0,COLD
2023-06-09 12:28:00,29.311,29.341,29.311,29.341,10993.0,COLD
2023-06-09 12:27:00,29.346,29.346,29.321,29.326,2295.0,COLD
2023-06-09 12:26:00,29.331,29.341,29.331,29.341,678.0,COLD
2023-06-09 12:25:00,29.356,29.356,29.341,29.341,2056.0,COLD
2023-06-09 12:24:00,29.366,29.366,29.361,29.361,1016.0,COLD
2023-06-09 12:23:00,29.321,29.341,29.321,29.331,3190.0,COLD
2023-06-09 12:22:00,29.321,29.321,29.321,29.321,312.0,COLD
2023-06-09 12:21:00,29.321,29.321,29.321,29.321,505.0,COLD
2023-06-09 12:19:00,29.331,29.341,29.331,29.331,1132.0,COLD
2023-06-09 12:18:00,29.351,29.351,29.341,29.341,795.0,COLD
2023-06-09 12:17:00,29.351,29.366,29.351,29.366,1052.0,COLD
2023-06-09 12:16:00,29.341,29.341,29.341,29.341,100.0,COLD
2023-06-09 12:15:00,29.361,29.364,29.341,29.341,1218.0,COLD
2023-06-09 12:13:00,29.351,29.351,29.343,29.351,1554.0,COLD
2023-06-09 12:12:00,29.351,29.351,29.351,29.351,285.0,COLD
2023-06-09 12:11:00,29.341,29.356,29.341,29.356,1256.0,COLD
2023-06-09 12:10:00,29.331,29.336,29.321,29.336,979.0,COLD
2023-06-09 12:08:00,29.361,29.361,29.341,29.341,493.0,COLD
2023-06-09 12:07:00,29.351,29.351,29.351,29.351,262.0,COLD
2023-06-09 12:06:00,29.361,29.371,29.361,29.371,358.0,COLD
2023-06-09 12:05:00,29.351,29.356,29.351,29.356,893.0,COLD
2023-06-09 12:04:00,29.321,29.351,29.321,29.341,647.0,COLD
2023-06-09 12:03:00,29.321,29.321,29.311,29.311,1012.0,COLD
2023-06-09 12:02:00,29.302,29.311,29.302,29.311,912.0,COLD
2023-06-09 12:00:00,29.341,29.341,29.341,29.341,870.0,COLD
2023-06-09 11:59:00,29.361,29.361,29.346,29.351,1703.0,COLD
2023-06-09 11:58:00,29.361,29.371,29.361,29.371,328.0,COLD
2023-06-09 11:57:00,29.371,29.371,29.371,29.371,460.0,COLD
2023-06-09 11:56:00,29.376,29.376,29.371,29.371,606.0,COLD
2023-06-09 11:55:00,29.381,29.381,29.381,29.381,708.0,COLD
2023-06-09 11:54:00,29.396,29.396,29.381,29.381,787.0,COLD
2023-06-09 11:52:00,29.396,29.396,29.396,29.396,100.0,COLD
2023-06-09 11:50:00,29.401,29.406,29.401,29.406,1037.0,COLD
2023-06-09 11:49:00,29.391,29.391,29.391,29.391,452.0,COLD
2023-06-09 11:48:00,29.411,29.411,29.411,29.411,307.0,COLD
2023-06-09 11:47:00,29.381,29.401,29.381,29.401,1009.0,COLD
2023-06-09 11:46:00,29.401,29.401,29.376,29.376,1607.0,COLD
2023-06-09 11:45:00,29.381,29.401,29.381,29.401,778.0,COLD
2023-06-09 11:44:00,29.371,29.371,29.366,29.366,908.0,COLD
2023-06-09 11:42:00,29.361,29.371,29.361,29.361,385.0,COLD
2023-06-09 11:41:00,29.341,29.351,29.341,29.351,440.0,COLD
2023-06-09 11:40:00,29.311,29.331,29.311,29.331,1441.0,COLD
2023-06-09 11:39:00,29.306,29.306,29.292,29.302,1732.0,COLD
2023-06-09 11:38:00,29.311,29.311,29.306,29.306,873.0,COLD
2023-06-09 11:37:00,29.252,29.282,29.252,29.282,589.0,COLD
2023-06-09 11:36:00,29.242,29.242,29.237,29.237,1132.0,COLD
2023-06-09 11:35:00,29.232,29.232,29.222,29.227,808.0,COLD
2023-06-09 11:34:00,29.237,29.237,29.222,29.232,3076.0,COLD
2023-06-09 11:33:00,29.237,29.237,29.237,29.237,331.0,COLD
2023-06-09 11:32:00,29.232,29.247,29.222,29.237,6357.0,COLD
2023-06-09 11:31:00,29.242,29.242,29.222,29.222,1603.0,COLD
2023-06-09 11:30:00,29.242,29.252,29.242,29.252,2024.0,COLD
2023-06-09 11:29:00,29.267,29.267,29.242,29.252,1635.0,COLD
2023-06-09 11:28:00,29.272,29.272,29.267,29.272,1018.0,COLD
2023-06-09 11:27:00,29.287,29.292,29.282,29.292,1367.0,COLD
2023-06-09 11:26:00,29.302,29.302,29.282,29.282,926.0,COLD
2023-06-09 11:25:00,29.366,29.366,29.311,29.321,2681.0,COLD
2023-06-09 11:24:00,29.366,29.371,29.366,29.366,634.0,COLD
2023-06-09 11:23:00,29.371,29.381,29.371,29.371,1260.0,COLD
2023-06-09 11:22:00,29.376,29.376,29.371,29.376,1117.0,COLD
2023-06-09 11:21:00,29.356,29.376,29.356,29.376,679.0,COLD
2023-06-09 11:20:00,29.331,29.361,29.331,29.356,2286.0,COLD
2023-06-09 11:19:00,29.356,29.366,29.341,29.341,2715.0,COLD
2023-06-09 11:18:00,29.356,29.356,29.356,29.356,100.0,COLD
2023-06-09 11:17:00,29.371,29.371,29.351,29.351,1024.0,COLD
2023-06-09 11:16:00,29.391,29.391,29.371,29.371,685.0,COLD
2023-06-09 11:15:00,29.406,29.406,29.391,29.401,2770.0,COLD
2023-06-09 11:14:00,29.426,29.426,29.421,29.421,663.0,COLD
2023-06-09 11:13:00,29.421,29.431,29.421,29.426,7134.0,COLD
2023-06-09 11:12:00,29.431,29.431,29.431,29.431,310.0,COLD
2023-06-09 11:11:00,29.421,29.421,29.421,29.421,279.0,COLD
2023-06-09 11:10:00,29.416,29.416,29.401,29.416,2152.0,COLD
2023-06-09 11:09:00,29.416,29.416,29.416,29.416,407.0,COLD
2023-06-09 11:08:00,29.411,29.411,29.411,29.411,520.0,COLD
2023-06-09 11:07:00,29.411,29.411,29.411,29.411,552.0,COLD
2023-06-09 11:06:00,29.401,29.411,29.401,29.411,512.0,COLD
2023-06-09 11:05:00,29.401,29.411,29.401,29.401,1204.0,COLD
2023-06-09 11:04:00,29.401,29.421,29.391,29.411,2492.0,COLD
2023-06-09 11:03:00,29.411,29.411,29.411,29.411,158.0,COLD
2023-06-09 11:02:00,29.421,29.431,29.416,29.416,552.0,COLD
2023-06-09 11:01:00,29.451,29.451,29.431,29.431,1200.0,COLD
2023-06-09 11:00:00,29.441,29.455,29.441,29.455,1939.0,COLD
2023-06-09 10:59:00,29.436,29.441,29.421,29.441,1420.0,COLD
2023-06-09 10:58:00,29.455,29.455,29.441,29.441,2002.0,COLD
2023-06-09 10:57:00,29.475,29.475,29.46,29.46,886.0,COLD
2023-06-09 10:56:00,29.475,29.475,29.475,29.475,311.0,COLD
2023-06-09 10:55:00,29.455,29.485,29.455,29.485,994.0,COLD
2023-06-09 10:54:00,29.46,29.46,29.441,29.46,5369.0,COLD
2023-06-09 10:53:00,29.46,29.48,29.46,29.47,1271.0,COLD
2023-06-09 10:52:00,29.47,29.485,29.47,29.48,1219.0,COLD
2023-06-09 10:51:00,29.46,29.47,29.46,29.47,662.0,COLD
2023-06-09 10:50:00,29.49,29.49,29.46,29.46,2369.0,COLD
2023-06-09 10:49:00,29.54,29.54,29.52,29.52,508.0,COLD
2023-06-09 10:48:00,29.555,29.555,29.54,29.54,688.0,COLD
2023-06-09 10:47:00,29.56,29.57,29.56,29.565,1145.0,COLD
2023-06-09 10:46:00,29.56,29.56,29.54,29.55,1814.0,COLD
2023-06-09 10:45:00,29.565,29.57,29.565,29.565,1162.0,COLD
2023-06-09 10:44:00,29.57,29.575,29.56,29.57,890.0,COLD
2023-06-09 10:43:00,29.55,29.565,29.55,29.565,1786.0,COLD
2023-06-09 10:42:00,29.555,29.56,29.545,29.56,627.0,COLD
2023-06-09 10:41:00,29.56,29.56,29.55,29.55,1306.0,COLD
2023-06-09 10:39:00,29.565,29.565,29.565,29.565,383.0,COLD
2023-06-09 10:38:00,29.55,29.55,29.55,29.55,848.0,COLD
2023-06-09 10:37:00,29.57,29.57,29.555,29.555,1233.0,COLD
2023-06-09 10:36:00,29.57,29.57,29.57,29.57,336.0,COLD
2023-06-09 10:35:00,29.55,29.56,29.55,29.56,1128.0,COLD
2023-06-09 10:34:00,29.55,29.55,29.55,29.55,410.0,COLD
2023-06-09 10:33:00,29.54,29.55,29.54,29.55,806.0,COLD
2023-06-09 10:32:00,29.53,29.53,29.53,29.53,330.0,COLD
2023-06-09 10:31:00,29.52,29.53,29.52,29.53,320.0,COLD
2023-06-09 10:30:00,29.49,29.52,29.48,29.52,1848.0,COLD
2023-06-09 10:29:00,29.48,29.49,29.47,29.48,1205.0,COLD
2023-06-09 10:28:00,29.475,29.48,29.475,29.48,536.0,COLD
2023-06-09 10:27:00,29.441,29.47,29.441,29.47,1087.0,COLD
2023-06-09 10:26:00,29.441,29.446,29.441,29.446,505.0,COLD
2023-06-09 10:23:00,29.441,29.441,29.431,29.431,249.0,COLD
2023-06-09 10:22:00,29.436,29.455,29.436,29.451,2110.0,COLD
2023-06-09 10:21:00,29.431,29.431,29.421,29.431,902.0,COLD
2023-06-09 10:20:00,29.451,29.451,29.431,29.441,1327.0,COLD
2023-06-09 10:19:00,29.451,29.451,29.431,29.441,858.0,COLD
2023-06-09 10:18:00,29.46,29.46,29.451,29.451,845.0,COLD
2023-06-09 10:17:00,29.47,29.48,29.47,29.475,1831.0,COLD
2023-06-09 10:16:00,29.47,29.47,29.46,29.47,1535.0,COLD
2023-06-09 10:15:00,29.48,29.48,29.48,29.48,1641.0,COLD
2023-06-09 10:14:00,29.49,29.49,29.47,29.48,2226.0,COLD
2023-06-09 10:13:00,29.49,29.49,29.48,29.49,1464.0,COLD
2023-06-09 10:12:00,29.48,29.5,29.48,29.5,423.0,COLD
2023-06-09 10:11:00,29.485,29.485,29.485,29.485,100.0,COLD
2023-06-09 10:10:00,29.46,29.495,29.46,29.49,1520.0,COLD
2023-06-09 10:09:00,29.5,29.5,29.475,29.475,782.0,COLD
2023-06-09 10:08:00,29.505,29.52,29.505,29.51,1670.0,COLD
2023-06-09 10:07:00,29.51,29.51,29.5,29.51,1452.0,COLD
2023-06-09 10:06:00,29.53,29.54,29.525,29.525,1327.0,COLD
2023-06-09 10:05:00,29.565,29.575,29.545,29.545,109952.0,COLD
2023-06-09 10:04:00,29.575,29.575,29.575,29.575,103.0,COLD
2023-06-09 10:03:00,29.58,29.58,29.58,29.58,237.0,COLD
2023-06-09 10:02:00,29.57,29.57,29.57,29.57,677.0,COLD
2023-06-09 10:01:00,29.585,29.585,29.565,29.565,530.0,COLD
2023-06-09 10:00:00,29.6,29.609,29.6,29.609,702.0,COLD
2023-06-09 09:59:00,29.6,29.6,29.59,29.59,1165.0,COLD
2023-06-09 09:58:00,29.59,29.59,29.585,29.585,591.0,COLD
2023-06-09 09:57:00,29.55,29.58,29.55,29.58,1791.0,COLD
2023-06-09 09:56:00,29.57,29.57,29.52,29.53,7175.0,COLD
2023-06-09 09:55:00,29.609,29.609,29.59,29.59,1208.0,COLD
2023-06-09 09:54:00,29.59,29.59,29.59,29.59,530.0,COLD
2023-06-09 09:53:00,29.629,29.639,29.619,29.619,2739.0,COLD
2023-06-09 09:52:00,29.644,29.659,29.624,29.624,2427.0,COLD
2023-06-09 09:51:00,29.699,29.699,29.639,29.639,1222.0,COLD
2023-06-09 09:50:00,29.679,29.679,29.679,29.679,128.0,COLD
2023-06-09 09:49:00,29.659,29.669,29.649,29.669,846.0,COLD
2023-06-09 09:48:00,29.649,29.649,29.639,29.639,262.0,COLD
2023-06-09 09:47:00,29.674,29.674,29.674,29.674,100.0,COLD
2023-06-09 09:46:00,29.679,29.679,29.664,29.679,957.0,COLD
2023-06-09 09:45:00,29.659,29.709,29.639,29.639,2185.0,COLD
2023-06-09 09:44:00,29.704,29.704,29.644,29.644,1173.0,COLD
2023-06-09 09:43:00,29.669,29.709,29.669,29.709,796.0,COLD
2023-06-09 09:42:00,29.669,29.669,29.669,29.669,154.0,COLD
2023-06-09 09:41:00,29.709,29.719,29.709,29.714,2162.0,COLD
2023-06-09 09:40:00,29.758,29.758,29.724,29.729,1959.0,COLD
2023-06-09 09:38:00,29.724,29.758,29.724,29.734,10400.0,COLD
2023-06-09 09:37:00,29.798,29.798,29.749,29.749,3949.0,COLD
2023-06-09 09:36:00,29.768,29.798,29.758,29.793,1512.0,COLD
2023-06-09 09:35:00,29.729,29.758,29.729,29.758,619.0,COLD
2023-06-09 09:34:00,29.649,29.669,29.649,29.669,642.0,COLD
2023-06-09 09:33:00,29.659,29.669,29.639,29.639,4363.0,COLD
2023-06-09 09:32:00,29.59,29.654,29.59,29.629,9972.0,COLD
2023-06-09 09:31:00,29.6,29.6,29.6,29.6,104.0,COLD
2023-06-09 09:30:00,29.51,29.54,29.47,29.47,8768.0,COLD
2023-06-09 09:24:00,29.292,29.292,29.292,29.292,420.0,COLD
2023-06-09 09:23:00,29.302,29.302,29.292,29.292,752.0,COLD
2023-06-09 08:47:00,29.778,29.778,29.778,29.778,5.0,COLD
2023-06-09 08:15:00,29.749,29.749,29.749,29.749,2.0,COLD
2023-06-09 08:00:00,29.49,29.49,29.49,29.49,1.0,COLD
2023-06-08 19:00:00,29.49,29.49,29.49,29.49,189888.0,COLD
2023-06-08 18:30:00,29.49,29.49,29.49,29.49,189888.0,COLD
2023-06-08 17:00:00,29.49,29.49,29.49,29.49,23.0,COLD
2023-06-08 16:52:00,29.49,29.49,29.49,29.49,8804.0,COLD
2023-06-08 16:50:00,29.49,29.49,29.49,29.49,45363.0,COLD
2023-06-08 16:10:00,29.49,29.49,29.49,29.49,189888.0,COLD
2023-06-08 16:00:00,29.49,29.5,29.49,29.49,528691.0,COLD
2023-06-08 15:59:00,29.48,29.5,29.47,29.49,51050.0,COLD
2023-06-08 15:58:00,29.475,29.48,29.46,29.475,44848.0,COLD
2023-06-08 15:57:00,29.48,29.49,29.47,29.47,36895.0,COLD
2023-06-08 15:56:00,29.495,29.505,29.48,29.48,41095.0,COLD
2023-06-08 15:55:00,29.51,29.515,29.49,29.49,21086.0,COLD
2023-06-08 15:54:00,29.53,29.535,29.51,29.51,13568.0,COLD
2023-06-08 15:53:00,29.565,29.565,29.52,29.535,17174.0,COLD
2023-06-08 15:52:00,29.55,29.565,29.535,29.565,20702.0,COLD
2023-06-08 15:51:00,29.585,29.585,29.55,29.555,21411.0,COLD
2023-06-08 15:50:00,29.59,29.619,29.57,29.585,16838.0,COLD
2023-06-08 15:49:00,29.6,29.614,29.58,29.595,10987.0,COLD
2023-06-08 15:48:00,29.604,29.609,29.595,29.595,3823.0,COLD
2023-06-08 15:47:00,29.58,29.604,29.58,29.604,4755.0,COLD
2023-06-08 15:46:00,29.595,29.595,29.585,29.585,2903.0,COLD
2023-06-08 15:45:00,29.581,29.59,29.575,29.59,10740.0,COLD
2023-06-08 15:44:00,29.565,29.58,29.56,29.58,4893.0,COLD
2023-06-08 15:43:00,29.575,29.575,29.555,29.565,7912.0,COLD
2023-06-08 15:42:00,29.57,29.575,29.57,29.575,471.0,COLD
2023-06-08 15:41:00,29.57,29.58,29.57,29.575,3693.0,COLD
2023-06-08 15:40:00,29.54,29.565,29.54,29.565,5111.0,COLD
2023-06-08 15:39:00,29.55,29.555,29.54,29.54,5904.0,COLD
2023-06-08 15:38:00,29.575,29.575,29.555,29.555,2878.0,COLD
2023-06-08 15:37:00,29.575,29.585,29.57,29.575,5459.0,COLD
2023-06-08 15:36:00,29.585,29.585,29.57,29.57,3189.0,COLD
2023-06-08 15:35:00,29.585,29.585,29.585,29.585,3186.0,COLD
2023-06-08 15:34:00,29.58,29.59,29.58,29.587,1546.0,COLD
2023-06-08 15:33:00,29.59,29.59,29.575,29.58,3717.0,COLD
2023-06-08 15:32:00,29.58,29.59,29.575,29.59,2571.0,COLD
2023-06-08 15:31:00,29.58,29.58,29.575,29.575,2110.0,COLD
2023-06-08 15:30:00,29.575,29.59,29.56,29.59,3034.0,COLD
2023-06-08 15:29:00,29.58,29.59,29.57,29.57,4497.0,COLD
2023-06-08 15:28:00,29.59,29.59,29.585,29.585,1737.0,COLD
2023-06-08 15:27:00,29.58,29.595,29.58,29.595,2524.0,COLD
2023-06-08 15:26:00,29.575,29.58,29.57,29.58,1859.0,COLD
2023-06-08 15:25:00,29.59,29.59,29.57,29.575,2204.0,COLD
2023-06-08 15:24:00,29.59,29.59,29.585,29.585,2863.0,COLD
2023-06-08 15:23:00,29.575,29.59,29.575,29.59,4057.0,COLD
2023-06-08 15:22:00,29.575,29.575,29.57,29.575,1371.0,COLD
2023-06-08 15:21:00,29.565,29.58,29.565,29.58,3432.0,COLD
2023-06-08 15:20:00,29.575,29.575,29.56,29.565,2646.0,COLD
2023-06-08 15:19:00,29.57,29.58,29.57,29.57,962.0,COLD
2023-06-08 15:18:00,29.585,29.585,29.575,29.575,3936.0,COLD
2023-06-08 15:17:00,29.59,29.59,29.575,29.58,4487.0,COLD
2023-06-08 15:16:00,29.59,29.6,29.585,29.6,3150.0,COLD
2023-06-08 15:15:00,29.59,29.6,29.585,29.585,2128.0,COLD
2023-06-08 15:14:00,29.614,29.614,29.595,29.595,3840.0,COLD
2023-06-08 15:13:00,29.624,29.624,29.614,29.614,2288.0,COLD
2023-06-08 15:12:00,29.624,29.624,29.619,29.619,1048.0,COLD
2023-06-08 15:11:00,29.644,29.644,29.619,29.624,4392.0,COLD
2023-06-08 15:10:00,29.634,29.644,29.634,29.644,3662.0,COLD
2023-06-08 15:09:00,29.639,29.639,29.634,29.634,1421.0,COLD
2023-06-08 15:08:00,29.619,29.639,29.619,29.634,2478.0,COLD
2023-06-08 15:07:00,29.619,29.624,29.619,29.624,650.0,COLD
2023-06-08 15:06:00,29.634,29.634,29.624,29.624,1856.0,COLD
2023-06-08 15:05:00,29.624,29.649,29.624,29.639,3357.0,COLD
2023-06-08 15:04:00,29.644,29.649,29.624,29.624,2374.0,COLD
2023-06-08 15:02:00,29.644,29.649,29.644,29.644,1373.0,COLD
2023-06-08 15:01:00,29.649,29.649,29.644,29.644,2690.0,COLD
2023-06-08 15:00:00,29.669,29.674,29.639,29.644,3930.0,COLD
2023-06-08 14:59:00,29.674,29.674,29.674,29.674,1089.0,COLD
2023-06-08 14:58:00,29.669,29.674,29.669,29.674,207.0,COLD
2023-06-08 14:57:00,29.674,29.674,29.664,29.669,4715.0,COLD
2023-06-08 14:56:00,29.664,29.684,29.664,29.674,3916.0,COLD
2023-06-08 14:55:00,29.664,29.669,29.664,29.669,1670.0,COLD
2023-06-08 14:54:00,29.679,29.679,29.659,29.659,2986.0,COLD
2023-06-08 14:53:00,29.689,29.689,29.684,29.684,1878.0,COLD
2023-06-08 14:52:00,29.679,29.694,29.679,29.694,3185.0,COLD
2023-06-08 14:50:00,29.679,29.684,29.679,29.684,2800.0,COLD
2023-06-08 14:49:00,29.674,29.679,29.674,29.674,687.0,COLD
2023-06-08 14:48:00,29.674,29.674,29.674,29.674,303.0,COLD
2023-06-08 14:47:00,29.679,29.679,29.674,29.674,1155.0,COLD
2023-06-08 14:46:00,29.689,29.689,29.674,29.679,5818.0,COLD
2023-06-08 14:45:00,29.694,29.699,29.694,29.699,343.0,COLD
2023-06-08 14:44:00,29.694,29.699,29.694,29.694,2244.0,COLD
2023-06-08 14:43:00,29.689,29.694,29.689,29.689,2187.0,COLD
2023-06-08 14:42:00,29.684,29.684,29.684,29.684,430.0,COLD
2023-06-08 14:41:00,29.689,29.689,29.689,29.689,561.0,COLD
2023-06-08 14:39:00,29.664,29.679,29.659,29.679,3698.0,COLD
2023-06-08 14:38:00,29.664,29.664,29.664,29.664,299.0,COLD
2023-06-08 14:37:00,29.679,29.679,29.659,29.659,2170.0,COLD
2023-06-08 14:36:00,29.689,29.694,29.679,29.689,6151.0,COLD
2023-06-08 14:35:00,29.684,29.684,29.679,29.684,610.0,COLD
2023-06-08 14:34:00,29.684,29.684,29.679,29.684,972.0,COLD
2023-06-08 14:33:00,29.684,29.684,29.684,29.684,154.0,COLD
2023-06-08 14:32:00,29.684,29.689,29.684,29.684,943.0,COLD
2023-06-08 14:31:00,29.719,29.719,29.684,29.684,5209.0,COLD
2023-06-08 14:30:00,29.699,29.724,29.699,29.724,6319.0,COLD
2023-06-08 14:29:00,29.694,29.699,29.694,29.694,898.0,COLD
2023-06-08 14:28:00,29.699,29.699,29.699,29.699,269.0,COLD
2023-06-08 14:27:00,29.699,29.699,29.689,29.699,1226.0,COLD
2023-06-08 14:26:00,29.699,29.699,29.694,29.696,473.0,COLD
2023-06-08 14:25:00,29.694,29.699,29.694,29.694,703.0,COLD
2023-06-08 14:24:00,29.699,29.704,29.694,29.699,4674.0,COLD
2023-06-08 14:23:00,29.689,29.699,29.689,29.694,442.0,COLD
2023-06-08 14:22:00,29.694,29.699,29.689,29.694,1712.0,COLD
2023-06-08 14:21:00,29.694,29.694,29.694,29.694,226.0,COLD
2023-06-08 14:20:00,29.709,29.709,29.694,29.694,2929.0,COLD
2023-06-08 14:19:00,29.714,29.716,29.709,29.716,717.0,COLD
2023-06-08 14:18:00,29.714,29.714,29.714,29.714,436.0,COLD
2023-06-08 14:17:00,29.709,29.709,29.709,29.709,1207.0,COLD
2023-06-08 14:16:00,29.714,29.714,29.714,29.714,490.0,COLD
2023-06-08 14:15:00,29.709,29.719,29.699,29.719,6089.0,COLD
2023-06-08 14:14:00,29.719,29.719,29.714,29.714,590.0,COLD
2023-06-08 14:13:00,29.714,29.714,29.709,29.714,824.0,COLD
2023-06-08 14:12:00,29.709,29.714,29.709,29.709,2334.0,COLD
2023-06-08 14:11:00,29.704,29.704,29.704,29.704,511.0,COLD
2023-06-08 14:10:00,29.704,29.704,29.704,29.704,387.0,COLD
2023-06-08 14:09:00,29.704,29.714,29.704,29.714,2980.0,COLD
2023-06-08 14:08:00,29.704,29.709,29.699,29.704,2267.0,COLD
2023-06-08 14:07:00,29.704,29.704,29.704,29.704,267.0,COLD
2023-06-08 14:06:00,29.724,29.724,29.704,29.704,3271.0,COLD
2023-06-08 14:05:00,29.724,29.724,29.719,29.719,1801.0,COLD
2023-06-08 14:03:00,29.734,29.734,29.724,29.724,1038.0,COLD
2023-06-08 14:02:00,29.734,29.734,29.724,29.734,4451.0,COLD
2023-06-08 14:01:00,29.719,29.739,29.719,29.739,2232.0,COLD
2023-06-08 14:00:00,29.719,29.719,29.714,29.719,1678.0,COLD
2023-06-08 13:58:00,29.714,29.714,29.714,29.714,977.0,COLD
2023-06-08 13:57:00,29.684,29.699,29.684,29.699,1514.0,COLD
2023-06-08 13:56:00,29.684,29.684,29.684,29.684,122.0,COLD
2023-06-08 13:55:00,29.679,29.689,29.679,29.689,2787.0,COLD
2023-06-08 13:54:00,29.714,29.714,29.684,29.684,3927.0,COLD
2023-06-08 13:53:00,29.714,29.714,29.714,29.714,759.0,COLD
2023-06-08 13:52:00,29.714,29.714,29.714,29.714,799.0,COLD
2023-06-08 13:51:00,29.689,29.714,29.689,29.714,3261.0,COLD
2023-06-08 13:50:00,29.694,29.694,29.694,29.694,789.0,COLD
2023-06-08 13:49:00,29.684,29.699,29.684,29.699,3333.0,COLD
2023-06-08 13:48:00,29.699,29.699,29.682,29.682,6613.0,COLD
2023-06-08 13:47:00,29.699,29.699,29.694,29.694,991.0,COLD
2023-06-08 13:46:00,29.694,29.694,29.694,29.694,656.0,COLD
2023-06-08 13:45:00,29.694,29.694,29.694,29.694,156.0,COLD
2023-06-08 13:44:00,29.689,29.694,29.689,29.694,513.0,COLD
2023-06-08 13:43:00,29.694,29.694,29.694,29.694,169.0,COLD
2023-06-08 13:42:00,29.694,29.694,29.689,29.694,725.0,COLD
2023-06-08 13:41:00,29.694,29.699,29.689,29.689,4150.0,COLD
2023-06-08 13:40:00,29.694,29.694,29.694,29.694,453.0,COLD
2023-06-08 13:39:00,29.699,29.699,29.684,29.689,6087.0,COLD
2023-06-08 13:38:00,29.694,29.699,29.689,29.694,1172.0,COLD
2023-06-08 13:37:00,29.694,29.694,29.694,29.694,461.0,COLD
2023-06-08 13:36:00,29.684,29.689,29.684,29.689,1711.0,COLD
2023-06-08 13:35:00,29.684,29.684,29.684,29.684,119.0,COLD
2023-06-08 13:34:00,29.684,29.689,29.684,29.684,1993.0,COLD
2023-06-08 13:33:00,29.694,29.694,29.684,29.684,897.0,COLD
2023-06-08 13:32:00,29.719,29.719,29.694,29.694,2977.0,COLD
2023-06-08 13:31:00,29.724,29.729,29.719,29.724,2791.0,COLD
2023-06-08 13:30:00,29.724,29.729,29.724,29.729,694.0,COLD
2023-06-08 13:29:00,29.724,29.729,29.724,29.729,1023.0,COLD
2023-06-08 13:28:00,29.719,29.724,29.709,29.724,1727.0,COLD
2023-06-08 13:27:00,29.714,29.719,29.714,29.714,440.0,COLD
2023-06-08 13:26:00,29.709,29.719,29.709,29.719,1373.0,COLD
2023-06-08 13:25:00,29.699,29.699,29.694,29.694,543.0,COLD
2023-06-08 13:24:00,29.699,29.699,29.691,29.694,1007.0,COLD
2023-06-08 13:23:00,29.659,29.689,29.659,29.689,4612.0,COLD
2023-06-08 13:22:00,29.664,29.664,29.649,29.654,4304.0,COLD
2023-06-08 13:21:00,29.664,29.664,29.664,29.664,138.0,COLD
2023-06-08 13:20:00,29.664,29.664,29.664,29.664,506.0,COLD
2023-06-08 13:19:00,29.674,29.674,29.664,29.664,2144.0,COLD
2023-06-08 13:18:00,29.669,29.669,29.669,29.669,628.0,COLD
2023-06-08 13:17:00,29.654,29.669,29.654,29.669,1310.0,COLD
2023-06-08 13:16:00,29.644,29.654,29.644,29.649,1453.0,COLD
2023-06-08 13:15:00,29.659,29.664,29.639,29.644,5207.0,COLD
2023-06-08 13:14:00,29.664,29.664,29.664,29.664,451.0,COLD
2023-06-08 13:13:00,29.659,29.659,29.659,29.659,919.0,COLD
2023-06-08 13:12:00,29.644,29.654,29.644,29.654,1806.0,COLD
2023-06-08 13:11:00,29.654,29.654,29.644,29.644,897.0,COLD
2023-06-08 13:10:00,29.649,29.664,29.649,29.662,4002.0,COLD
2023-06-08 13:09:00,29.639,29.654,29.639,29.654,2576.0,COLD
2023-06-08 13:08:00,29.634,29.639,29.634,29.639,701.0,COLD
2023-06-08 13:07:00,29.634,29.639,29.634,29.634,629.0,COLD
2023-06-08 13:06:00,29.634,29.639,29.634,29.639,1062.0,COLD
2023-06-08 13:05:00,29.639,29.639,29.634,29.639,412.0,COLD
2023-06-08 13:04:00,29.634,29.644,29.634,29.634,3504.0,COLD
2023-06-08 13:03:00,29.644,29.646,29.634,29.634,1105.0,COLD
2023-06-08 13:02:00,29.644,29.654,29.644,29.644,3774.0,COLD
2023-06-08 13:01:00,29.659,29.659,29.644,29.644,2749.0,COLD
2023-06-08 13:00:00,29.659,29.659,29.654,29.654,354.0,COLD
2023-06-08 12:59:00,29.654,29.659,29.654,29.654,405.0,COLD
2023-06-08 12:58:00,29.654,29.659,29.654,29.659,345.0,COLD
2023-06-08 12:57:00,29.644,29.649,29.644,29.649,1719.0,COLD
2023-06-08 12:56:00,29.654,29.654,29.639,29.639,1927.0,COLD
2023-06-08 12:55:00,29.669,29.669,29.649,29.649,2093.0,COLD
2023-06-08 12:54:00,29.679,29.679,29.679,29.679,174.0,COLD
2023-06-08 12:52:00,29.679,29.679,29.669,29.669,1582.0,COLD
2023-06-08 12:51:00,29.669,29.679,29.669,29.679,1770.0,COLD
2023-06-08 12:50:00,29.684,29.684,29.664,29.669,1631.0,COLD
2023-06-08 12:49:00,29.679,29.679,29.679,29.679,150.0,COLD
2023-06-08 12:48:00,29.699,29.699,29.684,29.684,2291.0,COLD
2023-06-08 12:47:00,29.709,29.709,29.709,29.709,2015.0,COLD
2023-06-08 12:46:00,29.714,29.714,29.709,29.709,1650.0,COLD
2023-06-08 12:45:00,29.729,29.729,29.704,29.709,2640.0,COLD
2023-06-08 12:44:00,29.719,29.724,29.714,29.724,1024.0,COLD
2023-06-08 12:43:00,29.719,29.719,29.709,29.719,3654.0,COLD
2023-06-08 12:42:00,29.719,29.724,29.709,29.714,1396.0,COLD
2023-06-08 12:41:00,29.714,29.719,29.714,29.714,502.0,COLD
2023-06-08 12:40:00,29.714,29.719,29.714,29.719,361.0,COLD
2023-06-08 12:39:00,29.714,29.714,29.714,29.714,338.0,COLD
2023-06-08 12:38:00,29.719,29.719,29.714,29.714,613.0,COLD
2023-06-08 12:37:00,29.729,29.729,29.719,29.719,2304.0,COLD
2023-06-08 12:36:00,29.719,29.719,29.719,29.719,817.0,COLD
2023-06-08 12:35:00,29.739,29.749,29.719,29.719,5013.0,COLD
2023-06-08 12:34:00,29.744,29.749,29.739,29.739,991.0,COLD
2023-06-08 12:33:00,29.744,29.744,29.744,29.744,458.0,COLD
2023-06-08 12:32:00,29.744,29.749,29.739,29.744,1561.0,COLD
2023-06-08 12:31:00,29.744,29.749,29.744,29.749,1104.0,COLD
2023-06-08 12:30:00,29.729,29.744,29.729,29.744,2242.0,COLD
2023-06-08 12:29:00,29.729,29.734,29.729,29.734,470.0,COLD
2023-06-08 12:28:00,29.709,29.729,29.709,29.729,1200.0,COLD
2023-06-08 12:27:00,29.684,29.699,29.684,29.699,949.0,COLD
2023-06-08 12:26:00,29.669,29.689,29.669,29.689,1848.0,COLD
2023-06-08 12:25:00,29.659,29.669,29.659,29.659,550.0,COLD
2023-06-08 12:24:00,29.661,29.661,29.659,29.659,680.0,COLD
2023-06-08 12:23:00,29.679,29.679,29.669,29.669,1153.0,COLD
2023-06-08 12:22:00,29.679,29.679,29.669,29.669,1830.0,COLD
2023-06-08 12:21:00,29.664,29.684,29.664,29.684,1345.0,COLD
2023-06-08 12:20:00,29.669,29.669,29.664,29.664,984.0,COLD
2023-06-08 12:19:00,29.679,29.689,29.659,29.659,2995.0,COLD
2023-06-08 12:18:00,29.659,29.674,29.659,29.674,2406.0,COLD
2023-06-08 12:17:00,29.659,29.659,29.659,29.659,386.0,COLD
2023-06-08 12:16:00,29.689,29.689,29.659,29.659,6413.0,COLD
2023-06-08 12:15:00,29.704,29.704,29.679,29.679,2552.0,COLD
2023-06-08 12:14:00,29.704,29.709,29.704,29.709,366.0,COLD
2023-06-08 12:13:00,29.694,29.709,29.689,29.709,1769.0,COLD
2023-06-08 12:12:00,29.719,29.729,29.709,29.709,3135.0,COLD
2023-06-08 12:11:00,29.709,29.714,29.709,29.714,1187.0,COLD
2023-06-08 12:10:00,29.699,29.709,29.699,29.699,1448.0,COLD
2023-06-08 12:08:00,29.684,29.689,29.684,29.689,1607.0,COLD
2023-06-08 12:07:00,29.689,29.689,29.679,29.679,1661.0,COLD
2023-06-08 12:06:00,29.694,29.699,29.694,29.699,408.0,COLD
2023-06-08 12:05:00,29.709,29.709,29.694,29.694,2148.0,COLD
2023-06-08 12:04:00,29.709,29.714,29.709,29.714,744.0,COLD
2023-06-08 12:03:00,29.689,29.689,29.689,29.689,1146.0,COLD
2023-06-08 12:02:00,29.659,29.684,29.659,29.684,1648.0,COLD
2023-06-08 12:01:00,29.694,29.694,29.679,29.679,2251.0,COLD
2023-06-08 12:00:00,29.699,29.699,29.689,29.694,601.0,COLD
2023-06-08 11:59:00,29.699,29.704,29.699,29.699,670.0,COLD
2023-06-08 11:58:00,29.699,29.699,29.699,29.699,618.0,COLD
2023-06-08 11:57:00,29.679,29.699,29.679,29.699,2820.0,COLD
2023-06-08 11:56:00,29.679,29.679,29.669,29.679,3243.0,COLD
2023-06-08 11:55:00,29.684,29.684,29.684,29.684,218.0,COLD
2023-06-08 11:54:00,29.699,29.699,29.689,29.689,1619.0,COLD
2023-06-08 11:52:00,29.709,29.709,29.699,29.709,708.0,COLD
2023-06-08 11:51:00,29.709,29.714,29.704,29.709,3106.0,COLD
2023-06-08 11:50:00,29.689,29.713,29.679,29.709,5339.0,COLD
2023-06-08 11:49:00,29.699,29.699,29.699,29.699,630.0,COLD
2023-06-08 11:48:00,29.689,29.689,29.689,29.689,457.0,COLD
2023-06-08 11:47:00,29.734,29.734,29.689,29.689,8173.0,COLD
2023-06-08 11:46:00,29.729,29.729,29.724,29.729,1671.0,COLD
2023-06-08 11:45:00,29.739,29.739,29.719,29.729,1987.0,COLD
2023-06-08 11:44:00,29.749,29.749,29.739,29.744,2917.0,COLD
2023-06-08 11:43:00,29.749,29.749,29.744,29.749,3099.0,COLD
2023-06-08 11:42:00,29.744,29.749,29.744,29.744,796.0,COLD
2023-06-08 11:41:00,29.744,29.744,29.744,29.744,415.0,COLD
2023-06-08 11:40:00,29.739,29.744,29.739,29.744,1109.0,COLD
2023-06-08 11:39:00,29.714,29.729,29.714,29.729,1472.0,COLD
2023-06-08 11:38:00,29.709,29.714,29.699,29.714,1044.0,COLD
2023-06-08 11:37:00,29.709,29.709,29.704,29.709,1317.0,COLD
2023-06-08 11:36:00,29.699,29.704,29.699,29.704,1095.0,COLD
2023-06-08 11:35:00,29.699,29.699,29.694,29.699,946.0,COLD
2023-06-08 11:34:00,29.694,29.709,29.694,29.709,1360.0,COLD
2023-06-08 11:33:00,29.709,29.709,29.684,29.689,1727.0,COLD
2023-06-08 11:32:00,29.719,29.719,29.709,29.709,2839.0,COLD
2023-06-08 11:31:00,29.734,29.734,29.714,29.714,1757.0,COLD
2023-06-08 11:30:00,29.729,29.736,29.729,29.729,1328.0,COLD
2023-06-08 11:29:00,29.709,29.729,29.709,29.719,2201.0,COLD
2023-06-08 11:28:00,29.689,29.699,29.689,29.699,1402.0,COLD
2023-06-08 11:27:00,29.674,29.689,29.674,29.689,1389.0,COLD
2023-06-08 11:26:00,29.669,29.669,29.669,29.669,300.0,COLD
2023-06-08 11:25:00,29.674,29.679,29.669,29.679,1753.0,COLD
2023-06-08 11:24:00,29.659,29.669,29.659,29.669,920.0,COLD
2023-06-08 11:23:00,29.629,29.649,29.629,29.649,2394.0,COLD
2023-06-08 11:22:00,29.649,29.659,29.639,29.639,2903.0,COLD
2023-06-08 11:21:00,29.629,29.649,29.629,29.649,1729.0,COLD
2023-06-08 11:20:00,29.624,29.629,29.619,29.629,2219.0,COLD
2023-06-08 11:19:00,29.609,29.624,29.609,29.624,2230.0,COLD
2023-06-08 11:18:00,29.609,29.609,29.604,29.604,691.0,COLD
2023-06-08 11:17:00,29.644,29.644,29.604,29.609,2347.0,COLD
2023-06-08 11:16:00,29.669,29.669,29.644,29.644,2028.0,COLD
2023-06-08 11:15:00,29.664,29.669,29.659,29.669,3828.0,COLD
2023-06-08 11:14:00,29.679,29.679,29.659,29.664,2501.0,COLD
2023-06-08 11:13:00,29.669,29.679,29.669,29.679,519.0,COLD
2023-06-08 11:12:00,29.689,29.689,29.669,29.689,506.0,COLD
2023-06-08 11:11:00,29.669,29.689,29.669,29.689,1512.0,COLD
2023-06-08 11:10:00,29.679,29.679,29.669,29.669,682.0,COLD
2023-06-08 11:09:00,29.694,29.694,29.679,29.679,873.0,COLD
2023-06-08 11:08:00,29.709,29.709,29.694,29.694,2345.0,COLD
2023-06-08 11:07:00,29.709,29.716,29.709,29.709,468.0,COLD
2023-06-08 11:06:00,29.739,29.739,29.719,29.719,2238.0,COLD
2023-06-08 11:05:00,29.709,29.734,29.709,29.734,2036.0,COLD
2023-06-08 11:04:00,29.709,29.709,29.699,29.704,1304.0,COLD
2023-06-08 11:03:00,29.729,29.729,29.699,29.709,3057.0,COLD
2023-06-08 11:02:00,29.749,29.758,29.729,29.729,2378.0,COLD
2023-06-08 11:01:00,29.798,29.798,29.768,29.778,3755.0,COLD
2023-06-08 11:00:00,29.788,29.803,29.788,29.798,2360.0,COLD
2023-06-08 10:59:00,29.788,29.788,29.788,29.788,920.0,COLD
2023-06-08 10:58:00,29.788,29.788,29.773,29.788,910.0,COLD
2023-06-08 10:57:00,29.778,29.778,29.778,29.778,1848.0,COLD
2023-06-08 10:56:00,29.798,29.798,29.749,29.768,7714.0,COLD
2023-06-08 10:55:00,29.798,29.798,29.788,29.798,15940.0,COLD
2023-06-08 10:54:00,29.798,29.818,29.798,29.798,15364.0,COLD
2023-06-08 10:53:00,29.783,29.788,29.783,29.788,622.0,COLD
2023-06-08 10:52:00,29.843,29.843,29.783,29.783,60101.0,COLD
2023-06-08 10:51:00,29.848,29.848,29.843,29.843,864.0,COLD
2023-06-08 10:50:00,29.813,29.838,29.808,29.838,1873.0,COLD
2023-06-08 10:49:00,29.808,29.813,29.803,29.813,2283.0,COLD
2023-06-08 10:48:00,29.828,29.828,29.818,29.818,2049.0,COLD
2023-06-08 10:47:00,29.828,29.828,29.828,29.828,1218.0,COLD
2023-06-08 10:46:00,29.808,29.833,29.808,29.828,1489.0,COLD
2023-06-08 10:45:00,29.848,29.848,29.818,29.818,43129.0,COLD
2023-06-08 10:44:00,29.858,29.858,29.838,29.838,1960.0,COLD
2023-06-08 10:43:00,29.858,29.868,29.848,29.858,5223.0,COLD
2023-06-08 10:42:00,29.828,29.858,29.828,29.853,5168.0,COLD
2023-06-08 10:41:00,29.838,29.838,29.838,29.838,342.0,COLD
2023-06-08 10:40:00,29.838,29.838,29.828,29.828,836.0,COLD
2023-06-08 10:39:00,29.808,29.818,29.808,29.808,1381.0,COLD
2023-06-08 10:38:00,29.813,29.813,29.788,29.803,3171.0,COLD
2023-06-08 10:37:00,29.838,29.838,29.808,29.808,4773.0,COLD
2023-06-08 10:36:00,29.818,29.838,29.818,29.838,684.0,COLD
2023-06-08 10:35:00,29.788,29.818,29.788,29.818,2724.0,COLD
2023-06-08 10:34:00,29.788,29.788,29.788,29.788,281.0,COLD
2023-06-08 10:33:00,29.798,29.808,29.778,29.788,4268.0,COLD
2023-06-08 10:32:00,29.803,29.808,29.803,29.808,2413.0,COLD
2023-06-08 10:31:00,29.798,29.798,29.798,29.798,575.0,COLD
2023-06-08 10:30:00,29.793,29.798,29.788,29.798,2876.0,COLD
2023-06-08 10:29:00,29.788,29.788,29.788,29.788,494.0,COLD
2023-06-08 10:28:00,29.768,29.783,29.768,29.783,1746.0,COLD
2023-06-08 10:27:00,29.749,29.768,29.749,29.768,4503.0,COLD
2023-06-08 10:26:00,29.749,29.753,29.749,29.753,2052.0,COLD
2023-06-08 10:25:00,29.768,29.768,29.756,29.763,963.0,COLD
2023-06-08 10:24:00,29.749,29.77,29.749,29.768,900.0,COLD
2023-06-08 10:23:00,29.763,29.763,29.749,29.763,555.0,COLD
2023-06-08 10:22:00,29.734,29.763,29.734,29.758,2089.0,COLD
2023-06-08 10:21:00,29.744,29.749,29.734,29.734,5096.0,COLD
2023-06-08 10:20:00,29.729,29.739,29.729,29.739,1979.0,COLD
2023-06-08 10:19:00,29.699,29.724,29.699,29.724,2700.0,COLD
2023-06-08 10:18:00,29.689,29.699,29.689,29.689,4080.0,COLD
2023-06-08 10:17:00,29.699,29.699,29.689,29.699,943.0,COLD
2023-06-08 10:16:00,29.689,29.709,29.689,29.699,1149.0,COLD
2023-06-08 10:15:00,29.719,29.719,29.689,29.689,1750.0,COLD
2023-06-08 10:14:00,29.729,29.729,29.717,29.717,7600.0,COLD
2023-06-08 10:13:00,29.749,29.749,29.719,29.729,5996.0,COLD
2023-06-08 10:12:00,29.758,29.758,29.758,29.758,623.0,COLD
2023-06-08 10:11:00,29.758,29.758,29.758,29.758,1786.0,COLD
2023-06-08 10:10:00,29.739,29.739,29.739,29.739,300.0,COLD
2023-06-08 10:09:00,29.724,29.739,29.724,29.739,1042.0,COLD
2023-06-08 10:08:00,29.709,29.739,29.699,29.729,5531.0,COLD
2023-06-08 10:07:00,29.714,29.714,29.699,29.699,3560.0,COLD
2023-06-08 10:06:00,29.699,29.709,29.689,29.709,989.0,COLD
2023-06-08 10:05:00,29.704,29.704,29.704,29.704,241.0,COLD
2023-06-08 10:04:00,29.729,29.729,29.709,29.709,2895.0,COLD
2023-06-08 10:03:00,29.719,29.719,29.719,29.719,680.0,COLD
2023-06-08 10:02:00,29.709,29.729,29.699,29.709,4056.0,COLD
2023-06-08 10:01:00,29.709,29.739,29.709,29.739,648.0,COLD
2023-06-08 10:00:00,29.709,29.709,29.709,29.709,424.0,COLD
2023-06-08 09:59:00,29.639,29.689,29.639,29.689,1716.0,COLD
2023-06-08 09:58:00,29.634,29.644,29.634,29.644,638.0,COLD
2023-06-08 09:57:00,29.58,29.619,29.58,29.619,3650.0,COLD
2023-06-08 09:56:00,29.58,29.58,29.56,29.56,275.0,COLD
2023-06-08 09:55:00,29.565,29.59,29.565,29.58,1048.0,COLD
2023-06-08 09:54:00,29.57,29.58,29.57,29.575,6522.0,COLD
2023-06-08 09:53:00,29.639,29.639,29.57,29.58,9828.0,COLD
2023-06-08 09:52:00,29.57,29.59,29.56,29.59,1639.0,COLD
2023-06-08 09:51:00,29.58,29.58,29.55,29.56,2126.0,COLD
2023-06-08 09:50:00,29.56,29.58,29.55,29.57,5252.0,COLD
2023-06-08 09:49:00,29.57,29.57,29.545,29.56,3133.0,COLD
2023-06-08 09:48:00,29.59,29.59,29.57,29.57,2215.0,COLD
2023-06-08 09:47:00,29.58,29.609,29.58,29.585,1040.0,COLD
2023-06-08 09:46:00,29.609,29.609,29.59,29.59,560.0,COLD
2023-06-08 09:45:00,29.689,29.699,29.629,29.639,5263.0,COLD
2023-06-08 09:44:00,29.699,29.709,29.669,29.689,2218.0,COLD
2023-06-08 09:43:00,29.699,29.744,29.699,29.709,15092.0,COLD
2023-06-08 09:42:00,29.724,29.729,29.724,29.729,715.0,COLD
2023-06-08 09:41:00,29.719,29.739,29.719,29.719,2303.0,COLD
2023-06-08 09:40:00,29.778,29.788,29.739,29.749,2386.0,COLD
2023-06-08 09:39:00,29.749,29.768,29.729,29.768,1517.0,COLD
2023-06-08 09:37:00,29.709,29.744,29.709,29.744,418.0,COLD
2023-06-08 09:36:00,29.768,29.778,29.729,29.729,4982.0,COLD
2023-06-08 09:35:00,29.719,29.719,29.699,29.699,342.0,COLD
2023-06-08 09:34:00,29.729,29.749,29.689,29.689,6259.0,COLD
2023-06-08 09:33:00,29.729,29.729,29.729,29.729,207.0,COLD
2023-06-08 09:32:00,29.6,29.719,29.6,29.719,1556.0,COLD
2023-06-08 09:31:00,29.664,29.664,29.6,29.622,2466.0,COLD
2023-06-08 09:30:00,29.719,29.719,29.637,29.637,3895.0,COLD
2023-06-08 09:29:00,29.669,29.669,29.669,29.669,1.0,COLD
2023-06-08 09:19:00,29.649,29.649,29.649,29.649,1.0,COLD
2023-06-08 09:14:00,29.659,29.659,29.649,29.649,84.0,COLD
2023-06-08 09:08:00,29.669,29.669,29.659,29.669,433.0,COLD
2023-06-08 09:07:00,29.689,29.689,29.649,29.679,31.0,COLD
2023-06-08 09:06:00,29.6,29.6,29.6,29.6,34.0,COLD
2023-06-08 09:04:00,29.798,29.798,29.798,29.798,1.0,COLD
2023-06-08 08:10:00,29.888,29.888,29.888,29.888,1.0,COLD
2023-06-08 08:02:00,29.798,29.798,29.798,29.798,1.0,COLD
2023-06-07 19:16:00,29.788,29.788,29.788,29.788,5.0,COLD
2023-06-07 19:00:00,29.798,29.798,29.798,29.798,148959.0,COLD
2023-06-07 18:30:00,29.798,29.798,29.798,29.798,148959.0,COLD
2023-06-07 16:44:00,29.798,29.798,29.798,29.798,6497.0,COLD
2023-06-07 16:10:00,29.798,29.798,29.798,29.798,148959.0,COLD
2023-06-07 16:09:00,29.798,29.798,29.48,29.48,12084.0,COLD
2023-06-07 16:08:00,29.313,29.313,29.313,29.313,1.0,COLD
2023-06-07 16:07:00,29.699,29.699,29.699,29.699,24.0,COLD
2023-06-07 16:01:00,29.798,29.798,29.798,29.798,19.0,COLD
2023-06-07 16:00:00,29.798,29.808,29.788,29.798,323549.0,COLD
2023-06-07 15:59:00,29.803,29.818,29.793,29.798,29962.0,COLD
2023-06-07 15:58:00,29.803,29.813,29.788,29.803,21610.0,COLD
2023-06-07 15:57:00,29.793,29.808,29.783,29.808,19821.0,COLD
2023-06-07 15:56:00,29.788,29.798,29.783,29.798,13230.0,COLD
2023-06-07 15:55:00,29.798,29.808,29.783,29.783,12021.0,COLD
2023-06-07 15:54:00,29.808,29.813,29.778,29.788,13207.0,COLD
2023-06-07 15:53:00,29.828,29.828,29.803,29.808,10109.0,COLD
2023-06-07 15:52:00,29.783,29.823,29.773,29.823,59487.0,COLD
2023-06-07 15:51:00,29.813,29.818,29.778,29.783,10860.0,COLD
2023-06-07 15:50:00,29.798,29.818,29.773,29.818,12023.0,COLD
2023-06-07 15:49:00,29.758,29.788,29.749,29.788,10201.0,COLD
2023-06-07 15:48:00,29.739,29.778,29.739,29.768,7969.0,COLD
2023-06-07 15:47:00,29.684,29.734,29.679,29.729,7063.0,COLD
2023-06-07 15:46:00,29.684,29.689,29.684,29.684,2342.0,COLD
2023-06-07 15:45:00,29.654,29.684,29.649,29.684,9606.0,COLD
2023-06-07 15:44:00,29.644,29.659,29.644,29.654,6805.0,COLD
2023-06-07 15:43:00,29.644,29.644,29.644,29.644,807.0,COLD
2023-06-07 15:42:00,29.644,29.644,29.644,29.644,902.0,COLD
2023-06-07 15:41:00,29.649,29.649,29.644,29.649,871.0,COLD
2023-06-07 15:40:00,29.634,29.639,29.629,29.639,2261.0,COLD
2023-06-07 15:39:00,29.659,29.659,29.639,29.639,1265.0,COLD
2023-06-07 15:38:00,29.659,29.664,29.654,29.654,749.0,COLD
2023-06-07 15:37:00,29.679,29.679,29.649,29.649,3225.0,COLD
2023-06-07 15:36:00,29.659,29.699,29.659,29.679,4297.0,COLD
2023-06-07 15:35:00,29.644,29.659,29.644,29.649,1956.0,COLD
2023-06-07 15:34:00,29.639,29.644,29.639,29.644,1065.0,COLD
2023-06-07 15:33:00,29.639,29.639,29.634,29.634,937.0,COLD
2023-06-07 15:32:00,29.629,29.654,29.624,29.634,4387.0,COLD
2023-06-07 15:31:00,29.609,29.634,29.609,29.634,2722.0,COLD
2023-06-07 15:30:00,29.6,29.604,29.595,29.604,1257.0,COLD
2023-06-07 15:29:00,29.6,29.609,29.6,29.609,2264.0,COLD
2023-06-07 15:28:00,29.619,29.619,29.6,29.6,1697.0,COLD
2023-06-07 15:27:00,29.619,29.624,29.619,29.619,1494.0,COLD
2023-06-07 15:26:00,29.619,29.619,29.614,29.614,1057.0,COLD
2023-06-07 15:25:00,29.629,29.629,29.629,29.629,504.0,COLD
2023-06-07 15:24:00,29.629,29.629,29.629,29.629,1389.0,COLD
2023-06-07 15:23:00,29.649,29.649,29.629,29.629,4257.0,COLD
2023-06-07 15:22:00,29.654,29.669,29.654,29.659,1558.0,COLD
2023-06-07 15:21:00,29.654,29.654,29.654,29.654,628.0,COLD
2023-06-07 15:20:00,29.639,29.649,29.639,29.649,1477.0,COLD
2023-06-07 15:19:00,29.619,29.639,29.619,29.639,1979.0,COLD
2023-06-07 15:18:00,29.624,29.624,29.624,29.624,451.0,COLD
2023-06-07 15:17:00,29.619,29.619,29.614,29.619,2308.0,COLD
2023-06-07 15:16:00,29.629,29.629,29.629,29.629,2021.0,COLD
2023-06-07 15:15:00,29.609,29.619,29.609,29.619,1513.0,COLD
2023-06-07 15:14:00,29.629,29.634,29.609,29.609,1468.0,COLD
2023-06-07 15:13:00,29.624,29.629,29.624,29.629,700.0,COLD
2023-06-07 15:12:00,29.609,29.619,29.609,29.619,1384.0,COLD
2023-06-07 15:11:00,29.604,29.604,29.604,29.604,304.0,COLD
2023-06-07 15:10:00,29.619,29.619,29.6,29.609,2628.0,COLD
2023-06-07 15:09:00,29.634,29.634,29.629,29.629,1406.0,COLD
2023-06-07 15:08:00,29.634,29.634,29.634,29.634,798.0,COLD
2023-06-07 15:06:00,29.654,29.654,29.634,29.634,1849.0,COLD
2023-06-07 15:05:00,29.659,29.659,29.654,29.654,818.0,COLD
2023-06-07 15:04:00,29.649,29.659,29.649,29.649,1700.0,COLD
2023-06-07 15:03:00,29.639,29.644,29.634,29.639,2729.0,COLD
2023-06-07 15:02:00,29.629,29.629,29.629,29.629,424.0,COLD
2023-06-07 15:01:00,29.644,29.644,29.639,29.639,824.0,COLD
2023-06-07 15:00:00,29.644,29.649,29.634,29.639,2194.0,COLD
2023-06-07 14:59:00,29.654,29.654,29.649,29.649,1551.0,COLD
2023-06-07 14:58:00,29.654,29.654,29.654,29.654,449.0,COLD
2023-06-07 14:57:00,29.654,29.659,29.654,29.659,1782.0,COLD
2023-06-07 14:56:00,29.654,29.654,29.654,29.654,569.0,COLD
2023-06-07 14:55:00,29.659,29.659,29.651,29.651,1089.0,COLD
2023-06-07 14:54:00,29.659,29.659,29.659,29.659,528.0,COLD
2023-06-07 14:53:00,29.669,29.669,29.659,29.659,2346.0,COLD
2023-06-07 14:52:00,29.664,29.674,29.664,29.674,983.0,COLD
2023-06-07 14:50:00,29.659,29.659,29.649,29.659,3941.0,COLD
2023-06-07 14:49:00,29.664,29.664,29.664,29.664,579.0,COLD
2023-06-07 14:48:00,29.669,29.669,29.659,29.659,267.0,COLD
2023-06-07 14:47:00,29.669,29.669,29.669,29.669,407.0,COLD
2023-06-07 14:46:00,29.659,29.669,29.654,29.669,929.0,COLD
2023-06-07 14:45:00,29.639,29.649,29.639,29.649,1376.0,COLD
2023-06-07 14:44:00,29.644,29.644,29.644,29.644,126.0,COLD
2023-06-07 14:42:00,29.649,29.649,29.644,29.644,1045.0,COLD
2023-06-07 14:41:00,29.664,29.664,29.649,29.649,1080.0,COLD
2023-06-07 14:40:00,29.659,29.669,29.659,29.669,1246.0,COLD
2023-06-07 14:39:00,29.654,29.659,29.654,29.659,1202.0,COLD
2023-06-07 14:38:00,29.649,29.649,29.649,29.649,770.0,COLD
2023-06-07 14:37:00,29.659,29.659,29.649,29.649,616.0,COLD
2023-06-07 14:36:00,29.659,29.659,29.659,29.659,1538.0,COLD
2023-06-07 14:35:00,29.679,29.684,29.659,29.659,3049.0,COLD
2023-06-07 14:34:00,29.659,29.669,29.659,29.669,2998.0,COLD
2023-06-07 14:33:00,29.649,29.649,29.649,29.649,213.0,COLD
2023-06-07 14:32:00,29.639,29.649,29.639,29.649,1086.0,COLD
2023-06-07 14:31:00,29.649,29.649,29.644,29.644,853.0,COLD
2023-06-07 14:29:00,29.654,29.654,29.654,29.654,450.0,COLD
2023-06-07 14:28:00,29.659,29.659,29.659,29.659,230.0,COLD
2023-06-07 14:27:00,29.649,29.649,29.649,29.649,704.0,COLD
2023-06-07 14:26:00,29.651,29.654,29.651,29.654,462.0,COLD
2023-06-07 14:25:00,29.659,29.659,29.659,29.659,582.0,COLD
2023-06-07 14:24:00,29.649,29.659,29.649,29.659,737.0,COLD
2023-06-07 14:23:00,29.649,29.649,29.649,29.649,897.0,COLD
2023-06-07 14:22:00,29.664,29.664,29.659,29.659,1545.0,COLD
2023-06-07 14:21:00,29.654,29.659,29.654,29.659,881.0,COLD
2023-06-07 14:20:00,29.644,29.649,29.644,29.649,1224.0,COLD
2023-06-07 14:19:00,29.649,29.649,29.649,29.649,2265.0,COLD
2023-06-07 14:17:00,29.639,29.639,29.639,29.639,917.0,COLD
2023-06-07 14:16:00,29.639,29.644,29.63,29.63,1278.0,COLD
2023-06-07 14:15:00,29.644,29.644,29.644,29.644,222.0,COLD
2023-06-07 14:14:00,29.639,29.639,29.639,29.639,329.0,COLD
2023-06-07 14:13:00,29.644,29.649,29.644,29.649,626.0,COLD
2023-06-07 14:12:00,29.649,29.649,29.639,29.639,4487.0,COLD
2023-06-07 14:11:00,29.649,29.649,29.649,29.649,101.0,COLD
2023-06-07 14:10:00,29.679,29.679,29.649,29.654,2364.0,COLD
2023-06-07 14:09:00,29.679,29.679,29.679,29.679,249.0,COLD
2023-06-07 14:08:00,29.684,29.684,29.684,29.684,168.0,COLD
2023-06-07 14:07:00,29.684,29.684,29.684,29.684,126.0,COLD
2023-06-07 14:06:00,29.689,29.689,29.689,29.689,1131.0,COLD
2023-06-07 14:05:00,29.669,29.704,29.669,29.699,3275.0,COLD
2023-06-07 14:04:00,29.689,29.689,29.674,29.674,2378.0,COLD
2023-06-07 14:03:00,29.689,29.689,29.689,29.689,400.0,COLD
2023-06-07 14:02:00,29.679,29.684,29.679,29.684,855.0,COLD
2023-06-07 14:01:00,29.674,29.674,29.674,29.674,426.0,COLD
2023-06-07 14:00:00,29.659,29.669,29.659,29.669,1327.0,COLD
2023-06-07 13:59:00,29.654,29.654,29.649,29.649,467.0,COLD
2023-06-07 13:58:00,29.654,29.654,29.649,29.649,332.0,COLD
2023-06-07 13:57:00,29.649,29.654,29.649,29.654,938.0,COLD
2023-06-07 13:56:00,29.649,29.649,29.649,29.649,512.0,COLD
2023-06-07 13:55:00,29.649,29.659,29.649,29.659,1155.0,COLD
2023-06-07 13:54:00,29.649,29.649,29.649,29.649,141.0,COLD
2023-06-07 13:53:00,29.659,29.659,29.649,29.649,1446.0,COLD
2023-06-07 13:52:00,29.659,29.659,29.659,29.659,1248.0,COLD
2023-06-07 13:51:00,29.649,29.649,29.644,29.649,1114.0,COLD
2023-06-07 13:50:00,29.654,29.654,29.644,29.644,2931.0,COLD
2023-06-07 13:48:00,29.654,29.654,29.654,29.654,335.0,COLD
2023-06-07 13:47:00,29.654,29.654,29.639,29.649,3798.0,COLD
2023-06-07 13:46:00,29.654,29.654,29.654,29.654,1017.0,COLD
2023-06-07 13:45:00,29.649,29.659,29.649,29.659,2174.0,COLD
2023-06-07 13:43:00,29.649,29.649,29.649,29.649,593.0,COLD
2023-06-07 13:42:00,29.629,29.639,29.629,29.639,1556.0,COLD
2023-06-07 13:41:00,29.659,29.659,29.639,29.639,1997.0,COLD
2023-06-07 13:39:00,29.65,29.65,29.644,29.644,819.0,COLD
2023-06-07 13:38:00,29.669,29.669,29.659,29.659,1422.0,COLD
2023-06-07 13:36:00,29.659,29.669,29.659,29.669,1862.0,COLD
2023-06-07 13:35:00,29.654,29.654,29.649,29.649,1018.0,COLD
2023-06-07 13:34:00,29.639,29.649,29.619,29.649,4938.0,COLD
2023-06-07 13:33:00,29.634,29.634,29.629,29.629,373.0,COLD
2023-06-07 13:32:00,29.629,29.639,29.629,29.634,1189.0,COLD
2023-06-07 13:31:00,29.634,29.639,29.634,29.639,1147.0,COLD
2023-06-07 13:30:00,29.619,29.639,29.619,29.634,1873.0,COLD
2023-06-07 13:29:00,29.639,29.659,29.634,29.634,2019.0,COLD
2023-06-07 13:28:00,29.649,29.649,29.649,29.649,650.0,COLD
2023-06-07 13:27:00,29.669,29.669,29.659,29.659,1190.0,COLD
2023-06-07 13:25:00,29.659,29.669,29.659,29.669,837.0,COLD
2023-06-07 13:24:00,29.629,29.649,29.619,29.649,4533.0,COLD
2023-06-07 13:23:00,29.639,29.639,29.619,29.629,2503.0,COLD
2023-06-07 13:22:00,29.629,29.639,29.624,29.639,1554.0,COLD
2023-06-07 13:21:00,29.649,29.649,29.649,29.649,683.0,COLD
2023-06-07 13:20:00,29.669,29.679,29.669,29.679,903.0,COLD
2023-06-07 13:19:00,29.679,29.679,29.669,29.669,1879.0,COLD
2023-06-07 13:18:00,29.689,29.689,29.684,29.689,1445.0,COLD
2023-06-07 13:17:00,29.684,29.684,29.679,29.679,435.0,COLD
2023-06-07 13:16:00,29.669,29.679,29.669,29.679,658.0,COLD
2023-06-07 13:15:00,29.644,29.669,29.644,29.669,1278.0,COLD
2023-06-07 13:14:00,29.649,29.654,29.639,29.639,2729.0,COLD
2023-06-07 13:13:00,29.649,29.654,29.649,29.654,1494.0,COLD
2023-06-07 13:12:00,29.639,29.649,29.639,29.649,1365.0,COLD
2023-06-07 13:11:00,29.669,29.669,29.654,29.654,2912.0,COLD
2023-06-07 13:10:00,29.669,29.669,29.669,29.669,496.0,COLD
2023-06-07 13:09:00,29.639,29.662,29.639,29.659,1786.0,COLD
2023-06-07 13:08:00,29.624,29.629,29.624,29.629,906.0,COLD
2023-06-07 13:07:00,29.629,29.629,29.619,29.619,776.0,COLD
2023-06-07 13:06:00,29.629,29.639,29.609,29.639,1526.0,COLD
2023-06-07 13:05:00,29.629,29.639,29.629,29.629,1832.0,COLD
2023-06-07 13:04:00,29.634,29.634,29.619,29.619,367.0,COLD
2023-06-07 13:03:00,29.639,29.639,29.629,29.629,635.0,COLD
2023-06-07 13:02:00,29.664,29.664,29.649,29.649,1174.0,COLD
2023-06-07 13:01:00,29.669,29.669,29.659,29.659,787.0,COLD
2023-06-07 13:00:00,29.679,29.679,29.664,29.679,2424.0,COLD
2023-06-07 12:59:00,29.679,29.679,29.679,29.679,176.0,COLD
2023-06-07 12:58:00,29.654,29.679,29.654,29.679,2447.0,COLD
2023-06-07 12:57:00,29.669,29.669,29.649,29.649,963.0,COLD
2023-06-07 12:55:00,29.669,29.689,29.669,29.674,1826.0,COLD
2023-06-07 12:54:00,29.709,29.709,29.679,29.679,2567.0,COLD
2023-06-07 12:53:00,29.688,29.689,29.688,29.689,475.0,COLD
2023-06-07 12:52:00,29.669,29.679,29.669,29.679,384.0,COLD
2023-06-07 12:51:00,29.669,29.669,29.664,29.664,866.0,COLD
2023-06-07 12:50:00,29.689,29.689,29.659,29.669,11424.0,COLD
2023-06-07 12:49:00,29.699,29.699,29.692,29.699,1209.0,COLD
2023-06-07 12:48:00,29.699,29.699,29.699,29.699,1514.0,COLD
2023-06-07 12:47:00,29.729,29.729,29.709,29.709,1199.0,COLD
2023-06-07 12:46:00,29.749,29.749,29.719,29.729,2947.0,COLD
2023-06-07 12:45:00,29.773,29.773,29.758,29.758,1427.0,COLD
2023-06-07 12:44:00,29.808,29.813,29.758,29.758,3632.0,COLD
2023-06-07 12:43:00,29.808,29.818,29.803,29.818,7745.0,COLD
2023-06-07 12:42:00,29.808,29.808,29.808,29.808,1394.0,COLD
2023-06-07 12:41:00,29.808,29.818,29.808,29.818,1202.0,COLD
2023-06-07 12:40:00,29.808,29.808,29.808,29.808,466.0,COLD
2023-06-07 12:39:00,29.768,29.808,29.758,29.798,14210.0,COLD
2023-06-07 12:38:00,29.778,29.788,29.778,29.778,4449.0,COLD
2023-06-07 12:37:00,29.778,29.778,29.758,29.768,8710.0,COLD
2023-06-07 12:36:00,29.739,29.768,29.729,29.768,6284.0,COLD
2023-06-07 12:35:00,29.739,29.739,29.739,29.739,130.0,COLD
2023-06-07 12:34:00,29.714,29.739,29.714,29.739,3127.0,COLD
2023-06-07 12:33:00,29.719,29.719,29.709,29.709,4504.0,COLD
2023-06-07 12:32:00,29.689,29.709,29.689,29.709,6755.0,COLD
2023-06-07 12:31:00,29.679,29.699,29.679,29.699,4309.0,COLD
2023-06-07 12:30:00,29.669,29.679,29.659,29.679,2267.0,COLD
2023-06-07 12:29:00,29.609,29.639,29.609,29.639,1594.0,COLD
2023-06-07 12:28:00,29.57,29.6,29.57,29.6,3151.0,COLD
2023-06-07 12:27:00,29.56,29.58,29.55,29.57,53132.0,COLD
2023-06-07 12:26:00,29.545,29.55,29.545,29.55,984.0,COLD
2023-06-07 12:25:00,29.54,29.54,29.53,29.54,3284.0,COLD
2023-06-07 12:24:00,29.525,29.54,29.52,29.52,20420.0,COLD
2023-06-07 12:23:00,29.52,29.53,29.52,29.52,4366.0,COLD
2023-06-07 12:22:00,29.52,29.52,29.52,29.52,300.0,COLD
2023-06-07 12:17:00,29.51,29.51,29.51,29.51,570.0,COLD
2023-06-07 12:16:00,29.49,29.49,29.475,29.49,4508.0,COLD
2023-06-07 12:15:00,29.49,29.49,29.49,29.49,124.0,COLD
2023-06-07 12:14:00,29.49,29.5,29.485,29.49,1040.0,COLD
2023-06-07 12:13:00,29.48,29.48,29.48,29.48,822.0,COLD
2023-06-07 12:12:00,29.47,29.475,29.47,29.47,1488.0,COLD
2023-06-07 12:10:00,29.49,29.49,29.49,29.49,767.0,COLD
2023-06-07 12:09:00,29.49,29.49,29.49,29.49,698.0,COLD
2023-06-07 12:08:00,29.47,29.49,29.47,29.49,1502.0,COLD
2023-06-07 12:06:00,29.47,29.48,29.47,29.48,1105.0,COLD
2023-06-07 12:05:00,29.48,29.49,29.47,29.47,2269.0,COLD
2023-06-07 12:04:00,29.475,29.475,29.475,29.475,231.0,COLD
2023-06-07 12:03:00,29.48,29.48,29.48,29.48,550.0,COLD
2023-06-07 12:02:00,29.46,29.478,29.46,29.478,847.0,COLD
2023-06-07 12:01:00,29.441,29.441,29.431,29.441,1042.0,COLD
2023-06-07 12:00:00,29.431,29.431,29.431,29.431,657.0,COLD
2023-06-07 11:59:00,29.441,29.441,29.441,29.441,1393.0,COLD
2023-06-07 11:58:00,29.421,29.451,29.411,29.451,2850.0,COLD
2023-06-07 11:57:00,29.431,29.431,29.421,29.421,397.0,COLD
2023-06-07 11:56:00,29.47,29.47,29.431,29.441,2611.0,COLD
2023-06-07 11:55:00,29.47,29.47,29.47,29.47,397.0,COLD
2023-06-07 11:54:00,29.49,29.5,29.48,29.49,2476.0,COLD
2023-06-07 11:53:00,29.48,29.49,29.475,29.49,2533.0,COLD
2023-06-07 11:52:00,29.485,29.485,29.485,29.485,405.0,COLD
2023-06-07 11:51:00,29.48,29.48,29.475,29.48,1046.0,COLD
2023-06-07 11:50:00,29.49,29.49,29.49,29.49,741.0,COLD
2023-06-07 11:49:00,29.49,29.49,29.49,29.49,2536.0,COLD
2023-06-07 11:48:00,29.51,29.51,29.5,29.5,1264.0,COLD
2023-06-07 11:47:00,29.5,29.52,29.5,29.52,4299.0,COLD
2023-06-07 11:45:00,29.49,29.5,29.49,29.5,770.0,COLD
2023-06-07 11:44:00,29.505,29.505,29.5,29.5,1099.0,COLD
2023-06-07 11:43:00,29.508,29.508,29.5,29.5,2820.0,COLD
2023-06-07 11:41:00,29.49,29.5,29.49,29.5,1628.0,COLD
2023-06-07 11:40:00,29.49,29.49,29.48,29.49,432.0,COLD
2023-06-07 11:39:00,29.48,29.49,29.48,29.485,2148.0,COLD
2023-06-07 11:38:00,29.49,29.49,29.475,29.48,2448.0,COLD
2023-06-07 11:37:00,29.51,29.51,29.495,29.495,1216.0,COLD
2023-06-07 11:36:00,29.52,29.52,29.52,29.52,735.0,COLD
2023-06-07 11:34:00,29.52,29.54,29.52,29.54,1829.0,COLD
2023-06-07 11:33:00,29.53,29.53,29.53,29.53,543.0,COLD
2023-06-07 11:32:00,29.525,29.54,29.52,29.54,3579.0,COLD
2023-06-07 11:31:00,29.53,29.53,29.525,29.525,1495.0,COLD
2023-06-07 11:30:00,29.53,29.54,29.53,29.53,977.0,COLD
2023-06-07 11:28:00,29.54,29.54,29.54,29.54,1699.0,COLD
2023-06-07 11:27:00,29.54,29.54,29.54,29.54,1524.0,COLD
2023-06-07 11:26:00,29.54,29.54,29.54,29.54,1717.0,COLD
2023-06-07 11:25:00,29.53,29.53,29.53,29.53,138.0,COLD
2023-06-07 11:24:00,29.55,29.55,29.53,29.535,864.0,COLD
2023-06-07 11:23:00,29.59,29.59,29.555,29.555,999.0,COLD
2023-06-07 11:21:00,29.6,29.6,29.59,29.6,998.0,COLD
2023-06-07 11:20:00,29.609,29.609,29.58,29.609,3957.0,COLD
2023-06-07 11:19:00,29.649,29.649,29.619,29.619,908.0,COLD
2023-06-07 11:18:00,29.679,29.679,29.669,29.669,607.0,COLD
2023-06-07 11:17:00,29.699,29.699,29.664,29.674,1405.0,COLD
2023-06-07 11:16:00,29.694,29.704,29.694,29.694,4368.0,COLD
2023-06-07 11:15:00,29.654,29.679,29.654,29.679,32989.0,COLD
2023-06-07 11:14:00,29.639,29.659,29.639,29.654,2984.0,COLD
2023-06-07 11:13:00,29.639,29.639,29.639,29.639,484.0,COLD
2023-06-07 11:12:00,29.609,29.629,29.6,29.624,3105.0,COLD
2023-06-07 11:11:00,29.649,29.659,29.609,29.619,7844.0,COLD
2023-06-07 11:10:00,29.639,29.649,29.639,29.649,749.0,COLD
2023-06-07 11:09:00,29.639,29.649,29.629,29.629,2515.0,COLD
2023-06-07 11:08:00,29.58,29.609,29.58,29.609,1279.0,COLD
2023-06-07 11:07:00,29.6,29.6,29.57,29.57,2492.0,COLD
2023-06-07 11:06:00,29.57,29.59,29.57,29.59,2535.0,COLD
2023-06-07 11:05:00,29.585,29.585,29.575,29.575,1236.0,COLD
2023-06-07 11:04:00,29.53,29.57,29.53,29.57,3269.0,COLD
2023-06-07 11:03:00,29.515,29.54,29.515,29.53,5003.0,COLD
2023-06-07 11:02:00,29.52,29.52,29.52,29.52,790.0,COLD
2023-06-07 11:01:00,29.525,29.525,29.525,29.525,300.0,COLD
2023-06-07 11:00:00,29.52,29.525,29.52,29.52,2773.0,COLD
2023-06-07 10:59:00,29.53,29.53,29.53,29.53,1939.0,COLD
2023-06-07 10:57:00,29.53,29.54,29.525,29.53,2980.0,COLD
2023-06-07 10:56:00,29.52,29.52,29.52,29.52,363.0,COLD
2023-06-07 10:55:00,29.53,29.53,29.53,29.53,1724.0,COLD
2023-06-07 10:54:00,29.52,29.52,29.52,29.52,446.0,COLD
2023-06-07 10:53:00,29.5,29.515,29.5,29.515,1426.0,COLD
2023-06-07 10:52:00,29.46,29.47,29.46,29.47,861.0,COLD
2023-06-07 10:51:00,29.47,29.47,29.455,29.455,827.0,COLD
2023-06-07 10:50:00,29.48,29.48,29.48,29.48,205.0,COLD
2023-06-07 10:49:00,29.49,29.49,29.485,29.485,397.0,COLD
2023-06-07 10:48:00,29.485,29.485,29.48,29.48,637.0,COLD
2023-06-07 10:47:00,29.451,29.47,29.451,29.47,736.0,COLD
2023-06-07 10:46:00,29.451,29.46,29.451,29.46,2030.0,COLD
2023-06-07 10:45:00,29.46,29.46,29.441,29.441,1685.0,COLD
2023-06-07 10:44:00,29.48,29.48,29.48,29.48,313.0,COLD
2023-06-07 10:43:00,29.46,29.47,29.46,29.47,1095.0,COLD
2023-06-07 10:42:00,29.451,29.451,29.451,29.451,648.0,COLD
2023-06-07 10:41:00,29.431,29.451,29.431,29.451,1233.0,COLD
2023-06-07 10:40:00,29.46,29.46,29.421,29.421,1584.0,COLD
2023-06-07 10:39:00,29.47,29.47,29.47,29.47,499.0,COLD
2023-06-07 10:38:00,29.46,29.465,29.46,29.465,473.0,COLD
2023-06-07 10:37:00,29.46,29.46,29.46,29.46,201.0,COLD
2023-06-07 10:36:00,29.49,29.49,29.46,29.46,1449.0,COLD
2023-06-07 10:35:00,29.5,29.5,29.475,29.475,2413.0,COLD
2023-06-07 10:34:00,29.48,29.5,29.47,29.5,9254.0,COLD
2023-06-07 10:33:00,29.489,29.489,29.489,29.489,388.0,COLD
2023-06-07 10:32:00,29.441,29.451,29.441,29.451,1416.0,COLD
2023-06-07 10:31:00,29.431,29.441,29.429,29.441,2153.0,COLD
2023-06-07 10:30:00,29.415,29.42,29.415,29.42,1056.0,COLD
2023-06-07 10:29:00,29.371,29.411,29.371,29.411,2545.0,COLD
2023-06-07 10:28:00,29.391,29.391,29.371,29.371,2150.0,COLD
2023-06-07 10:27:00,29.381,29.396,29.381,29.396,1342.0,COLD
2023-06-07 10:26:00,29.376,29.376,29.376,29.376,404.0,COLD
2023-06-07 10:25:00,29.361,29.391,29.361,29.371,2873.0,COLD
2023-06-07 10:24:00,29.371,29.381,29.336,29.341,7448.0,COLD
2023-06-07 10:23:00,29.401,29.401,29.376,29.376,918.0,COLD
2023-06-07 10:22:00,29.411,29.421,29.391,29.401,1911.0,COLD
2023-06-07 10:21:00,29.411,29.421,29.411,29.421,351.0,COLD
2023-06-07 10:20:00,29.421,29.421,29.406,29.406,1153.0,COLD
2023-06-07 10:19:00,29.421,29.421,29.421,29.421,924.0,COLD
2023-06-07 10:18:00,29.401,29.421,29.401,29.411,3429.0,COLD
2023-06-07 10:16:00,29.421,29.421,29.401,29.401,1455.0,COLD
2023-06-07 10:15:00,29.451,29.455,29.411,29.411,4401.0,COLD
2023-06-07 10:14:00,29.46,29.46,29.46,29.46,1261.0,COLD
2023-06-07 10:13:00,29.5,29.5,29.48,29.48,789.0,COLD
2023-06-07 10:11:00,29.48,29.5,29.48,29.49,1122.0,COLD
2023-06-07 10:10:00,29.48,29.49,29.48,29.49,1727.0,COLD
2023-06-07 10:09:00,29.48,29.48,29.47,29.48,1187.0,COLD
2023-06-07 10:08:00,29.48,29.48,29.48,29.48,946.0,COLD
2023-06-07 10:07:00,29.5,29.5,29.48,29.49,1751.0,COLD
2023-06-07 10:06:00,29.47,29.49,29.47,29.49,1440.0,COLD
2023-06-07 10:05:00,29.47,29.49,29.47,29.49,1141.0,COLD
2023-06-07 10:04:00,29.49,29.495,29.47,29.47,2028.0,COLD
2023-06-07 10:03:00,29.5,29.5,29.48,29.48,1384.0,COLD
2023-06-07 10:02:00,29.47,29.5,29.47,29.5,1397.0,COLD
2023-06-07 10:01:00,29.47,29.48,29.46,29.46,1803.0,COLD
2023-06-07 10:00:00,29.48,29.48,29.441,29.46,3740.0,COLD
2023-06-07 09:59:00,29.451,29.47,29.451,29.47,2957.0,COLD
2023-06-07 09:58:00,29.48,29.48,29.441,29.441,3665.0,COLD
2023-06-07 09:57:00,29.51,29.51,29.49,29.49,2255.0,COLD
2023-06-07 09:56:00,29.51,29.51,29.51,29.51,803.0,COLD
2023-06-07 09:55:00,29.495,29.51,29.495,29.5,1268.0,COLD
2023-06-07 09:54:00,29.495,29.495,29.495,29.495,419.0,COLD
2023-06-07 09:53:00,29.5,29.5,29.49,29.49,1605.0,COLD
2023-06-07 09:51:00,29.55,29.55,29.485,29.49,5806.0,COLD
2023-06-07 09:49:00,29.53,29.535,29.53,29.535,688.0,COLD
2023-06-07 09:48:00,29.52,29.52,29.51,29.51,574.0,COLD
2023-06-07 09:47:00,29.46,29.47,29.46,29.47,734.0,COLD
2023-06-07 09:46:00,29.47,29.47,29.441,29.441,1278.0,COLD
2023-06-07 09:45:00,29.48,29.48,29.48,29.48,500.0,COLD
2023-06-07 09:44:00,29.48,29.48,29.48,29.48,616.0,COLD
2023-06-07 09:43:00,29.441,29.49,29.441,29.49,824.0,COLD
2023-06-07 09:42:00,29.5,29.5,29.46,29.46,626.0,COLD
2023-06-07 09:40:00,29.455,29.525,29.455,29.525,871.0,COLD
2023-06-07 09:39:00,29.47,29.47,29.441,29.455,2264.0,COLD
2023-06-07 09:38:00,29.396,29.46,29.381,29.46,8264.0,COLD
2023-06-07 09:37:00,29.396,29.396,29.396,29.396,1542.0,COLD
2023-06-07 09:36:00,29.391,29.391,29.371,29.391,1433.0,COLD
2023-06-07 09:35:00,29.431,29.431,29.371,29.371,2420.0,COLD
2023-06-07 09:33:00,29.47,29.47,29.431,29.451,1183.0,COLD
2023-06-07 09:32:00,29.59,29.59,29.411,29.431,27765.0,COLD
2023-06-07 09:30:00,29.649,29.649,29.381,29.575,5056.0,COLD
2023-06-07 08:00:00,29.54,29.54,29.54,29.54,1.0,COLD
2023-06-06 19:00:00,29.54,29.54,29.54,29.54,134470.0,COLD
2023-06-06 18:30:00,29.54,29.54,29.54,29.54,134470.0,COLD
2023-06-06 16:13:00,29.531,29.531,29.531,29.531,9121.0,COLD
2023-06-06 16:12:00,29.54,29.54,29.54,29.54,570.0,COLD
2023-06-06 16:10:00,29.54,29.54,29.182,29.182,134471.0,COLD
2023-06-06 16:08:00,28.896,28.896,28.896,28.896,1.0,COLD
2023-06-06 16:04:00,29.798,29.848,29.798,29.848,64.0,COLD
2023-06-06 16:01:00,29.54,29.54,29.54,29.54,1288.0,COLD
2023-06-06 16:00:00,29.54,29.54,29.53,29.54,291501.0,COLD
2023-06-06 15:59:00,29.515,29.54,29.51,29.54,36394.0,COLD
2023-06-06 15:58:00,29.51,29.52,29.51,29.52,13749.0,COLD
2023-06-06 15:57:00,29.55,29.555,29.51,29.51,26971.0,COLD
2023-06-06 15:56:00,29.565,29.57,29.55,29.555,9881.0,COLD
2023-06-06 15:55:00,29.54,29.57,29.54,29.57,21030.0,COLD
2023-06-06 15:54:00,29.55,29.55,29.545,29.545,4354.0,COLD
2023-06-06 15:53:00,29.56,29.565,29.55,29.55,9503.0,COLD
2023-06-06 15:52:00,29.545,29.56,29.53,29.555,13550.0,COLD
2023-06-06 15:51:00,29.54,29.55,29.53,29.545,6141.0,COLD
2023-06-06 15:50:00,29.54,29.557,29.535,29.535,18456.0,COLD
2023-06-06 15:49:00,29.535,29.54,29.53,29.535,4785.0,COLD
2023-06-06 15:48:00,29.52,29.54,29.515,29.535,7746.0,COLD
2023-06-06 15:47:00,29.54,29.54,29.52,29.525,8971.0,COLD
2023-06-06 15:46:00,29.555,29.56,29.54,29.545,3968.0,COLD
2023-06-06 15:45:00,29.575,29.58,29.55,29.565,15064.0,COLD
2023-06-06 15:44:00,29.6,29.609,29.57,29.575,7900.0,COLD
2023-06-06 15:43:00,29.59,29.595,29.59,29.595,2282.0,COLD
2023-06-06 15:42:00,29.6,29.6,29.59,29.595,2637.0,COLD
2023-06-06 15:41:00,29.59,29.595,29.58,29.595,1335.0,COLD
2023-06-06 15:40:00,29.57,29.59,29.57,29.581,5245.0,COLD
2023-06-06 15:39:00,29.629,29.629,29.6,29.6,4144.0,COLD
2023-06-06 15:38:00,29.639,29.639,29.629,29.634,3216.0,COLD
2023-06-06 15:37:00,29.639,29.649,29.639,29.639,2244.0,COLD
2023-06-06 15:36:00,29.664,29.679,29.644,29.644,3430.0,COLD
2023-06-06 15:35:00,29.689,29.694,29.669,29.669,4898.0,COLD
2023-06-06 15:34:00,29.714,29.714,29.694,29.699,5806.0,COLD
2023-06-06 15:33:00,29.724,29.724,29.709,29.713,4115.0,COLD
2023-06-06 15:32:00,29.714,29.724,29.714,29.724,2682.0,COLD
2023-06-06 15:31:00,29.704,29.709,29.699,29.709,1907.0,COLD
2023-06-06 15:30:00,29.719,29.719,29.704,29.704,3133.0,COLD
2023-06-06 15:29:00,29.704,29.719,29.704,29.719,3298.0,COLD
2023-06-06 15:28:00,29.699,29.709,29.694,29.709,915.0,COLD
2023-06-06 15:27:00,29.689,29.699,29.684,29.699,3149.0,COLD
2023-06-06 15:26:00,29.669,29.689,29.669,29.684,3198.0,COLD
2023-06-06 15:25:00,29.674,29.674,29.659,29.664,1839.0,COLD
2023-06-06 15:24:00,29.669,29.669,29.669,29.669,421.0,COLD
2023-06-06 15:23:00,29.679,29.679,29.669,29.669,1305.0,COLD
2023-06-06 15:22:00,29.674,29.689,29.669,29.679,3313.0,COLD
2023-06-06 15:21:00,29.684,29.684,29.674,29.674,1893.0,COLD
2023-06-06 15:20:00,29.679,29.679,29.679,29.679,555.0,COLD
2023-06-06 15:19:00,29.684,29.689,29.679,29.684,3233.0,COLD
2023-06-06 15:18:00,29.649,29.684,29.644,29.684,6600.0,COLD
2023-06-06 15:17:00,29.654,29.654,29.649,29.654,685.0,COLD
2023-06-06 15:16:00,29.649,29.654,29.649,29.654,550.0,COLD
2023-06-06 15:15:00,29.649,29.659,29.649,29.659,1100.0,COLD
2023-06-06 15:14:00,29.674,29.674,29.659,29.659,2519.0,COLD
2023-06-06 15:13:00,29.694,29.694,29.679,29.679,5314.0,COLD
2023-06-06 15:12:00,29.699,29.699,29.689,29.689,1722.0,COLD
2023-06-06 15:10:00,29.704,29.704,29.699,29.699,452.0,COLD
2023-06-06 15:09:00,29.699,29.706,29.699,29.704,851.0,COLD
2023-06-06 15:08:00,29.699,29.704,29.699,29.704,501.0,COLD
2023-06-06 15:07:00,29.669,29.699,29.669,29.689,6210.0,COLD
2023-06-06 15:05:00,29.674,29.674,29.674,29.674,513.0,COLD
2023-06-06 15:04:00,29.684,29.684,29.67,29.67,2436.0,COLD
2023-06-06 15:03:00,29.694,29.694,29.689,29.689,1237.0,COLD
2023-06-06 15:02:00,29.699,29.709,29.699,29.709,1772.0,COLD
2023-06-06 15:01:00,29.669,29.689,29.669,29.689,2935.0,COLD
2023-06-06 15:00:00,29.664,29.664,29.664,29.664,257.0,COLD
2023-06-06 14:59:00,29.659,29.659,29.639,29.654,4664.0,COLD
2023-06-06 14:58:00,29.649,29.654,29.639,29.644,2382.0,COLD
2023-06-06 14:57:00,29.649,29.659,29.649,29.649,2576.0,COLD
2023-06-06 14:56:00,29.649,29.649,29.639,29.644,1352.0,COLD
2023-06-06 14:55:00,29.639,29.659,29.639,29.659,2932.0,COLD
2023-06-06 14:53:00,29.659,29.659,29.639,29.639,2495.0,COLD
2023-06-06 14:52:00,29.609,29.659,29.609,29.659,2211.0,COLD
2023-06-06 14:51:00,29.609,29.609,29.609,29.609,1377.0,COLD
2023-06-06 14:50:00,29.601,29.609,29.601,29.609,358.0,COLD
2023-06-06 14:49:00,29.609,29.609,29.609,29.609,112.0,COLD
2023-06-06 14:48:00,29.6,29.6,29.6,29.6,655.0,COLD
2023-06-06 14:47:00,29.6,29.609,29.6,29.604,1234.0,COLD
2023-06-06 14:46:00,29.6,29.6,29.6,29.6,1129.0,COLD
2023-06-06 14:45:00,29.609,29.609,29.601,29.601,422.0,COLD
2023-06-06 14:44:00,29.609,29.609,29.608,29.609,3246.0,COLD
2023-06-06 14:42:00,29.595,29.6,29.59,29.6,1839.0,COLD
2023-06-06 14:41:00,29.6,29.609,29.6,29.6,1786.0,COLD
2023-06-06 14:40:00,29.58,29.595,29.58,29.595,2806.0,COLD
2023-06-06 14:39:00,29.575,29.575,29.575,29.575,429.0,COLD
2023-06-06 14:37:00,29.57,29.571,29.57,29.571,450.0,COLD
2023-06-06 14:36:00,29.57,29.58,29.56,29.57,1070.0,COLD
2023-06-06 14:35:00,29.575,29.575,29.575,29.575,487.0,COLD
2023-06-06 14:34:00,29.575,29.575,29.575,29.575,202.0,COLD
2023-06-06 14:33:00,29.58,29.58,29.57,29.57,1430.0,COLD
2023-06-06 14:32:00,29.55,29.58,29.55,29.58,1300.0,COLD
2023-06-06 14:31:00,29.556,29.556,29.556,29.556,2681.0,COLD
2023-06-06 14:30:00,29.55,29.55,29.55,29.55,380.0,COLD
2023-06-06 14:29:00,29.56,29.56,29.56,29.56,841.0,COLD
2023-06-06 14:28:00,29.56,29.56,29.55,29.55,704.0,COLD
2023-06-06 14:27:00,29.57,29.57,29.57,29.57,368.0,COLD
2023-06-06 14:25:00,29.56,29.56,29.555,29.56,931.0,COLD
2023-06-06 14:24:00,29.55,29.55,29.55,29.55,1283.0,COLD
2023-06-06 14:23:00,29.54,29.55,29.54,29.55,597.0,COLD
2023-06-06 14:22:00,29.555,29.555,29.55,29.55,715.0,COLD
2023-06-06 14:21:00,29.55,29.555,29.54,29.555,3223.0,COLD
2023-06-06 14:20:00,29.56,29.56,29.55,29.55,755.0,COLD
2023-06-06 14:18:00,29.561,29.561,29.561,29.561,263.0,COLD
2023-06-06 14:17:00,29.56,29.56,29.56,29.56,597.0,COLD
2023-06-06 14:16:00,29.545,29.562,29.541,29.562,1738.0,COLD
2023-06-06 14:15:00,29.55,29.55,29.54,29.545,827.0,COLD
2023-06-06 14:14:00,29.545,29.545,29.54,29.54,921.0,COLD
2023-06-06 14:13:00,29.555,29.555,29.541,29.541,1406.0,COLD
2023-06-06 14:11:00,29.54,29.55,29.54,29.55,1125.0,COLD
2023-06-06 14:10:00,29.53,29.54,29.53,29.54,2089.0,COLD
2023-06-06 14:09:00,29.52,29.52,29.52,29.52,643.0,COLD
2023-06-06 14:08:00,29.51,29.515,29.51,29.51,1628.0,COLD
2023-06-06 14:07:00,29.51,29.511,29.5,29.51,1773.0,COLD
2023-06-06 14:06:00,29.511,29.511,29.51,29.51,424.0,COLD
2023-06-06 14:04:00,29.515,29.515,29.515,29.515,201.0,COLD
2023-06-06 14:03:00,29.515,29.515,29.51,29.511,554.0,COLD
2023-06-06 14:02:00,29.52,29.525,29.515,29.515,1238.0,COLD
2023-06-06 14:01:00,29.51,29.51,29.51,29.51,1291.0,COLD
2023-06-06 14:00:00,29.52,29.52,29.511,29.511,214.0,COLD
2023-06-06 13:59:00,29.52,29.52,29.52,29.52,1065.0,COLD
2023-06-06 13:58:00,29.515,29.525,29.515,29.525,1493.0,COLD
2023-06-06 13:57:00,29.51,29.51,29.51,29.51,1347.0,COLD
2023-06-06 13:55:00,29.54,29.54,29.521,29.521,3082.0,COLD
2023-06-06 13:54:00,29.53,29.53,29.525,29.53,587.0,COLD
2023-06-06 13:53:00,29.52,29.53,29.52,29.521,1693.0,COLD
2023-06-06 13:52:00,29.54,29.54,29.525,29.525,1081.0,COLD
2023-06-06 13:49:00,29.55,29.55,29.541,29.541,610.0,COLD
2023-06-06 13:48:00,29.52,29.55,29.515,29.55,1773.0,COLD
2023-06-06 13:47:00,29.52,29.53,29.52,29.53,645.0,COLD
2023-06-06 13:46:00,29.51,29.511,29.51,29.511,365.0,COLD
2023-06-06 13:45:00,29.51,29.51,29.51,29.51,378.0,COLD
2023-06-06 13:44:00,29.511,29.511,29.501,29.501,921.0,COLD
2023-06-06 13:43:00,29.52,29.52,29.52,29.52,524.0,COLD
2023-06-06 13:42:00,29.53,29.53,29.53,29.53,282.0,COLD
2023-06-06 13:41:00,29.539,29.539,29.539,29.539,430.0,COLD
2023-06-06 13:39:00,29.52,29.52,29.52,29.52,1114.0,COLD
2023-06-06 13:38:00,29.505,29.51,29.505,29.51,1077.0,COLD
2023-06-06 13:36:00,29.481,29.481,29.481,29.481,489.0,COLD
2023-06-06 13:35:00,29.48,29.485,29.48,29.481,1793.0,COLD
2023-06-06 13:34:00,29.46,29.475,29.46,29.471,2011.0,COLD
2023-06-06 13:32:00,29.455,29.455,29.455,29.455,402.0,COLD
2023-06-06 13:31:00,29.465,29.465,29.451,29.452,2543.0,COLD
2023-06-06 13:30:00,29.475,29.475,29.475,29.475,238.0,COLD
2023-06-06 13:29:00,29.48,29.48,29.48,29.48,392.0,COLD
2023-06-06 13:28:00,29.49,29.49,29.49,29.49,146.0,COLD
2023-06-06 13:27:00,29.46,29.46,29.46,29.46,966.0,COLD
2023-06-06 13:26:00,29.441,29.46,29.441,29.452,23380.0,COLD
2023-06-06 13:25:00,29.47,29.47,29.441,29.441,1572.0,COLD
2023-06-06 13:24:00,29.47,29.475,29.47,29.475,841.0,COLD
2023-06-06 13:23:00,29.455,29.455,29.455,29.455,391.0,COLD
2023-06-06 13:22:00,29.48,29.48,29.465,29.465,1380.0,COLD
2023-06-06 13:21:00,29.49,29.49,29.485,29.485,373.0,COLD
2023-06-06 13:20:00,29.5,29.5,29.49,29.49,2469.0,COLD
2023-06-06 13:18:00,29.49,29.515,29.48,29.5,16850.0,COLD
2023-06-06 13:17:00,29.535,29.535,29.52,29.52,2106.0,COLD
2023-06-06 13:16:00,29.53,29.535,29.53,29.535,585.0,COLD
2023-06-06 13:15:00,29.51,29.54,29.51,29.527,3285.0,COLD
2023-06-06 13:14:00,29.51,29.51,29.51,29.51,179.0,COLD
2023-06-06 13:12:00,29.51,29.51,29.51,29.51,391.0,COLD
2023-06-06 13:11:00,29.51,29.52,29.51,29.52,591.0,COLD
2023-06-06 13:10:00,29.5,29.5,29.5,29.5,397.0,COLD
2023-06-06 13:08:00,29.52,29.52,29.51,29.51,1068.0,COLD
2023-06-06 13:06:00,29.49,29.49,29.49,29.49,454.0,COLD
2023-06-06 13:05:00,29.471,29.475,29.471,29.475,524.0,COLD
2023-06-06 13:04:00,29.47,29.47,29.47,29.47,246.0,COLD
2023-06-06 13:02:00,29.475,29.475,29.475,29.475,102.0,COLD
2023-06-06 13:01:00,29.47,29.47,29.47,29.47,413.0,COLD
2023-06-06 13:00:00,29.475,29.475,29.47,29.47,355.0,COLD
2023-06-06 12:57:00,29.46,29.46,29.432,29.432,1495.0,COLD
2023-06-06 12:56:00,29.441,29.441,29.431,29.431,380.0,COLD
2023-06-06 12:55:00,29.436,29.441,29.436,29.441,723.0,COLD
2023-06-06 12:54:00,29.431,29.436,29.421,29.436,2408.0,COLD
2023-06-06 12:53:00,29.421,29.431,29.421,29.431,757.0,COLD
2023-06-06 12:52:00,29.421,29.421,29.421,29.421,448.0,COLD
2023-06-06 12:51:00,29.436,29.436,29.426,29.426,1215.0,COLD
2023-06-06 12:50:00,29.431,29.441,29.426,29.436,1839.0,COLD
2023-06-06 12:49:00,29.441,29.441,29.421,29.431,859.0,COLD
2023-06-06 12:48:00,29.46,29.46,29.451,29.451,1152.0,COLD
2023-06-06 12:47:00,29.465,29.465,29.46,29.46,287.0,COLD
2023-06-06 12:46:00,29.46,29.47,29.46,29.47,305.0,COLD
2023-06-06 12:44:00,29.47,29.47,29.465,29.465,686.0,COLD
2023-06-06 12:42:00,29.451,29.47,29.451,29.47,695.0,COLD
2023-06-06 12:41:00,29.46,29.46,29.441,29.446,799.0,COLD
2023-06-06 12:40:00,29.451,29.46,29.451,29.451,1265.0,COLD
2023-06-06 12:39:00,29.451,29.451,29.451,29.451,601.0,COLD
2023-06-06 12:38:00,29.451,29.451,29.451,29.451,2072.0,COLD
2023-06-06 12:37:00,29.46,29.46,29.441,29.441,1294.0,COLD
2023-06-06 12:36:00,29.47,29.47,29.47,29.47,834.0,COLD
2023-06-06 12:35:00,29.48,29.48,29.475,29.475,474.0,COLD
2023-06-06 12:34:00,29.48,29.48,29.48,29.48,1461.0,COLD
2023-06-06 12:33:00,29.48,29.48,29.48,29.48,601.0,COLD
2023-06-06 12:32:00,29.49,29.49,29.49,29.49,480.0,COLD
2023-06-06 12:31:00,29.46,29.485,29.46,29.485,1946.0,COLD
2023-06-06 12:30:00,29.47,29.47,29.46,29.46,2208.0,COLD
2023-06-06 12:29:00,29.461,29.461,29.461,29.461,237.0,COLD
2023-06-06 12:28:00,29.47,29.47,29.461,29.465,1097.0,COLD
2023-06-06 12:27:00,29.475,29.475,29.47,29.47,742.0,COLD
2023-06-06 12:26:00,29.49,29.49,29.49,29.49,243.0,COLD
2023-06-06 12:25:00,29.5,29.5,29.49,29.49,660.0,COLD
2023-06-06 12:24:00,29.52,29.52,29.51,29.51,655.0,COLD
2023-06-06 12:23:00,29.52,29.53,29.52,29.53,1448.0,COLD
2023-06-06 12:22:00,29.52,29.525,29.515,29.515,1274.0,COLD
2023-06-06 12:20:00,29.53,29.535,29.52,29.525,2500.0,COLD
2023-06-06 12:19:00,29.52,29.52,29.52,29.52,1794.0,COLD
2023-06-06 12:17:00,29.51,29.515,29.51,29.515,370.0,COLD
2023-06-06 12:16:00,29.51,29.515,29.51,29.515,1056.0,COLD
2023-06-06 12:15:00,29.5,29.5,29.5,29.5,448.0,COLD
2023-06-06 12:14:00,29.505,29.505,29.505,29.505,133.0,COLD
2023-06-06 12:13:00,29.52,29.52,29.49,29.5,1403.0,COLD
2023-06-06 12:12:00,29.52,29.52,29.52,29.52,221.0,COLD
2023-06-06 12:11:00,29.52,29.525,29.52,29.52,2434.0,COLD
2023-06-06 12:10:00,29.52,29.53,29.52,29.52,1199.0,COLD
2023-06-06 12:09:00,29.5,29.515,29.5,29.515,3033.0,COLD
2023-06-06 12:08:00,29.5,29.5,29.49,29.49,811.0,COLD
2023-06-06 12:07:00,29.51,29.51,29.495,29.5,1539.0,COLD
2023-06-06 12:06:00,29.52,29.52,29.52,29.52,1372.0,COLD
2023-06-06 12:05:00,29.521,29.525,29.51,29.51,738.0,COLD
2023-06-06 12:04:00,29.55,29.55,29.53,29.53,791.0,COLD
2023-06-06 12:02:00,29.55,29.57,29.55,29.551,1650.0,COLD
2023-06-06 12:01:00,29.53,29.54,29.53,29.54,2232.0,COLD
2023-06-06 12:00:00,29.53,29.53,29.53,29.53,1426.0,COLD
2023-06-06 11:59:00,29.535,29.535,29.535,29.535,333.0,COLD
2023-06-06 11:58:00,29.55,29.55,29.535,29.535,1269.0,COLD
2023-06-06 11:57:00,29.53,29.555,29.52,29.555,2816.0,COLD
2023-06-06 11:55:00,29.5,29.51,29.481,29.51,3334.0,COLD
2023-06-06 11:54:00,29.52,29.52,29.51,29.515,1547.0,COLD
2023-06-06 11:53:00,29.52,29.52,29.52,29.52,1194.0,COLD
2023-06-06 11:52:00,29.52,29.52,29.511,29.511,1414.0,COLD
2023-06-06 11:51:00,29.52,29.52,29.52,29.52,153.0,COLD
2023-06-06 11:50:00,29.53,29.53,29.53,29.53,437.0,COLD
2023-06-06 11:49:00,29.52,29.52,29.52,29.52,312.0,COLD
2023-06-06 11:48:00,29.525,29.53,29.52,29.52,1273.0,COLD
2023-06-06 11:47:00,29.5,29.52,29.5,29.52,1739.0,COLD
2023-06-06 11:46:00,29.49,29.5,29.49,29.5,1178.0,COLD
2023-06-06 11:45:00,29.481,29.481,29.481,29.481,108.0,COLD
2023-06-06 11:44:00,29.455,29.492,29.455,29.48,3982.0,COLD
2023-06-06 11:43:00,29.46,29.478,29.46,29.478,3886.0,COLD
2023-06-06 11:42:00,29.455,29.46,29.455,29.455,3295.0,COLD
2023-06-06 11:41:00,29.441,29.451,29.441,29.451,1819.0,COLD
2023-06-06 11:40:00,29.47,29.47,29.47,29.47,1675.0,COLD
2023-06-06 11:39:00,29.465,29.475,29.421,29.47,6725.0,COLD
2023-06-06 11:38:00,29.46,29.461,29.46,29.461,815.0,COLD
2023-06-06 11:37:00,29.485,29.49,29.47,29.47,2197.0,COLD
2023-06-06 11:36:00,29.49,29.49,29.49,29.49,1320.0,COLD
2023-06-06 11:35:00,29.49,29.495,29.48,29.48,1662.0,COLD
2023-06-06 11:34:00,29.465,29.48,29.465,29.47,1387.0,COLD
2023-06-06 11:33:00,29.442,29.46,29.442,29.46,2256.0,COLD
2023-06-06 11:32:00,29.452,29.455,29.452,29.455,755.0,COLD
2023-06-06 11:31:00,29.471,29.471,29.461,29.461,958.0,COLD
2023-06-06 11:29:00,29.47,29.47,29.47,29.47,252.0,COLD
2023-06-06 11:27:00,29.431,29.431,29.421,29.431,2548.0,COLD
2023-06-06 11:26:00,29.401,29.406,29.391,29.406,786.0,COLD
2023-06-06 11:25:00,29.391,29.401,29.372,29.401,2035.0,COLD
2023-06-06 11:24:00,29.391,29.396,29.371,29.381,3973.0,COLD
2023-06-06 11:23:00,29.416,29.416,29.401,29.401,1980.0,COLD
2023-06-06 11:22:00,29.416,29.416,29.416,29.416,1412.0,COLD
2023-06-06 11:21:00,29.432,29.432,29.406,29.411,2803.0,COLD
2023-06-06 11:20:00,29.441,29.446,29.411,29.446,6932.0,COLD
2023-06-06 11:19:00,29.401,29.426,29.401,29.426,909.0,COLD
2023-06-06 11:18:00,29.396,29.396,29.388,29.396,1121.0,COLD
2023-06-06 11:17:00,29.391,29.391,29.381,29.391,2529.0,COLD
2023-06-06 11:16:00,29.371,29.391,29.356,29.371,6554.0,COLD
2023-06-06 11:15:00,29.282,29.371,29.282,29.361,11754.0,COLD
2023-06-06 11:14:00,29.243,29.273,29.237,29.273,701552.0,COLD
2023-06-06 11:13:00,29.232,29.243,29.232,29.243,1440.0,COLD
2023-06-06 11:12:00,29.212,29.212,29.192,29.212,2593.0,COLD
2023-06-06 11:11:00,29.192,29.212,29.192,29.207,10436.0,COLD
2023-06-06 11:10:00,29.252,29.252,29.203,29.203,1954.0,COLD
2023-06-06 11:09:00,29.262,29.262,29.262,29.262,332.0,COLD
2023-06-06 11:08:00,29.252,29.257,29.242,29.257,1230.0,COLD
2023-06-06 11:07:00,29.232,29.262,29.232,29.252,2501.0,COLD
2023-06-06 11:06:00,29.223,29.242,29.223,29.242,1082.0,COLD
2023-06-06 11:05:00,29.232,29.232,29.222,29.222,1253.0,COLD
2023-06-06 11:04:00,29.242,29.242,29.232,29.232,922.0,COLD
2023-06-06 11:03:00,29.242,29.252,29.242,29.252,830.0,COLD
2023-06-06 11:02:00,29.222,29.232,29.212,29.232,2182.0,COLD
2023-06-06 11:01:00,29.222,29.242,29.222,29.232,1380.0,COLD
2023-06-06 11:00:00,29.222,29.222,29.212,29.213,695.0,COLD
2023-06-06 10:59:00,29.232,29.232,29.222,29.222,1110.0,COLD
2023-06-06 10:58:00,29.212,29.222,29.203,29.212,875.0,COLD
2023-06-06 10:57:00,29.242,29.242,29.212,29.213,1021.0,COLD
2023-06-06 10:56:00,29.232,29.232,29.232,29.232,901.0,COLD
2023-06-06 10:55:00,29.243,29.243,29.242,29.242,608.0,COLD
2023-06-06 10:54:00,29.272,29.276,29.252,29.253,1539.0,COLD
2023-06-06 10:53:00,29.292,29.293,29.273,29.273,935.0,COLD
2023-06-06 10:52:00,29.292,29.292,29.282,29.283,847.0,COLD
2023-06-06 10:51:00,29.302,29.302,29.302,29.302,208.0,COLD
2023-06-06 10:50:00,29.302,29.311,29.302,29.311,523.0,COLD
2023-06-06 10:49:00,29.287,29.292,29.287,29.292,307.0,COLD
2023-06-06 10:48:00,29.272,29.282,29.263,29.282,1160.0,COLD
2023-06-06 10:47:00,29.282,29.282,29.282,29.282,758.0,COLD
2023-06-06 10:46:00,29.272,29.272,29.272,29.272,237.0,COLD
2023-06-06 10:45:00,29.262,29.272,29.262,29.272,1226.0,COLD
2023-06-06 10:44:00,29.237,29.237,29.222,29.232,1198.0,COLD
2023-06-06 10:43:00,29.262,29.262,29.233,29.233,948.0,COLD
2023-06-06 10:42:00,29.262,29.262,29.252,29.252,1047.0,COLD
2023-06-06 10:41:00,29.232,29.242,29.222,29.242,897.0,COLD
2023-06-06 10:39:00,29.262,29.262,29.232,29.232,1297.0,COLD
2023-06-06 10:38:00,29.262,29.262,29.252,29.262,1256.0,COLD
2023-06-06 10:37:00,29.292,29.292,29.253,29.253,1948.0,COLD
2023-06-06 10:36:00,29.292,29.292,29.282,29.282,1127.0,COLD
2023-06-06 10:35:00,29.351,29.351,29.292,29.293,5882.0,COLD
2023-06-06 10:34:00,29.361,29.361,29.361,29.361,430.0,COLD
2023-06-06 10:33:00,29.371,29.371,29.351,29.351,2421.0,COLD
2023-06-06 10:32:00,29.381,29.381,29.376,29.376,1022.0,COLD
2023-06-06 10:31:00,29.361,29.371,29.361,29.371,805.0,COLD
2023-06-06 10:30:00,29.341,29.361,29.336,29.356,2651.0,COLD
2023-06-06 10:29:00,29.336,29.336,29.336,29.336,102.0,COLD
2023-06-06 10:28:00,29.345,29.351,29.336,29.336,4067.0,COLD
2023-06-06 10:27:00,29.311,29.331,29.311,29.331,3799.0,COLD
2023-06-06 10:26:00,29.311,29.311,29.311,29.311,226.0,COLD
2023-06-06 10:25:00,29.331,29.331,29.311,29.311,1415.0,COLD
2023-06-06 10:24:00,29.331,29.341,29.322,29.331,3895.0,COLD
2023-06-06 10:23:00,29.331,29.336,29.331,29.336,416.0,COLD
2023-06-06 10:22:00,29.341,29.341,29.322,29.322,2063.0,COLD
2023-06-06 10:21:00,29.342,29.342,29.341,29.341,202.0,COLD
2023-06-06 10:20:00,29.331,29.351,29.331,29.342,3634.0,COLD
2023-06-06 10:19:00,29.331,29.331,29.316,29.322,2335.0,COLD
2023-06-06 10:18:00,29.311,29.341,29.311,29.331,2261.0,COLD
2023-06-06 10:17:00,29.302,29.303,29.302,29.303,1026.0,COLD
2023-06-06 10:16:00,29.321,29.331,29.311,29.321,2509.0,COLD
2023-06-06 10:15:00,29.341,29.351,29.311,29.311,1908.0,COLD
2023-06-06 10:14:00,29.341,29.351,29.322,29.342,2402.0,COLD
2023-06-06 10:13:00,29.321,29.341,29.321,29.341,607.0,COLD
2023-06-06 10:12:00,29.382,29.391,29.331,29.332,4690.0,COLD
2023-06-06 10:11:00,29.371,29.381,29.371,29.381,1725.0,COLD
2023-06-06 10:10:00,29.386,29.386,29.371,29.371,1554.0,COLD
2023-06-06 10:09:00,29.366,29.391,29.361,29.391,2539.0,COLD
2023-06-06 10:08:00,29.361,29.371,29.361,29.366,1217.0,COLD
2023-06-06 10:07:00,29.331,29.351,29.331,29.351,1304.0,COLD
2023-06-06 10:06:00,29.311,29.336,29.302,29.312,1525.0,COLD
2023-06-06 10:05:00,29.293,29.312,29.293,29.312,956.0,COLD
2023-06-06 10:04:00,29.321,29.321,29.302,29.303,3254.0,COLD
2023-06-06 10:03:00,29.311,29.341,29.311,29.321,770.0,COLD
2023-06-06 10:02:00,29.302,29.302,29.293,29.302,521.0,COLD
2023-06-06 10:01:00,29.302,29.311,29.282,29.311,1504.0,COLD
2023-06-06 10:00:00,29.302,29.321,29.302,29.311,894.0,COLD
2023-06-06 09:59:00,29.282,29.297,29.282,29.293,1297.0,COLD
2023-06-06 09:58:00,29.272,29.282,29.272,29.282,1005.0,COLD
2023-06-06 09:57:00,29.264,29.264,29.252,29.262,1055.0,COLD
2023-06-06 09:56:00,29.262,29.262,29.252,29.262,428.0,COLD
2023-06-06 09:53:00,29.242,29.247,29.232,29.247,1176.0,COLD
2023-06-06 09:52:00,29.252,29.252,29.252,29.252,714.0,COLD
2023-06-06 09:51:00,29.252,29.252,29.252,29.252,201.0,COLD
2023-06-06 09:50:00,29.212,29.242,29.212,29.242,1052.0,COLD
2023-06-06 09:49:00,29.232,29.232,29.207,29.212,3511.0,COLD
2023-06-06 09:48:00,29.232,29.232,29.232,29.232,410.0,COLD
2023-06-06 09:47:00,29.232,29.237,29.222,29.222,1605.0,COLD
2023-06-06 09:46:00,29.232,29.232,29.232,29.232,200.0,COLD
2023-06-06 09:45:00,29.272,29.272,29.232,29.232,2005.0,COLD
2023-06-06 09:44:00,29.262,29.262,29.232,29.232,395.0,COLD
2023-06-06 09:42:00,29.242,29.242,29.232,29.232,598.0,COLD
2023-06-06 09:41:00,29.282,29.298,29.272,29.272,1489.0,COLD
2023-06-06 09:40:00,29.282,29.282,29.262,29.262,977.0,COLD
2023-06-06 09:39:00,29.331,29.331,29.267,29.267,3783.0,COLD
2023-06-06 09:38:00,29.252,29.331,29.252,29.331,1105.0,COLD
2023-06-06 09:37:00,29.242,29.242,29.242,29.242,533.0,COLD
2023-06-06 09:36:00,29.292,29.292,29.242,29.242,5082.0,COLD
2023-06-06 09:34:00,29.361,29.361,29.361,29.361,120.0,COLD
2023-06-06 09:33:00,29.351,29.351,29.351,29.351,101.0,COLD
2023-06-06 09:32:00,29.321,29.321,29.321,29.321,315.0,COLD
2023-06-06 09:31:00,29.306,29.371,29.306,29.316,528.0,COLD
2023-06-06 09:30:00,29.321,29.321,29.321,29.321,4381.0,COLD
2023-06-06 09:29:00,29.172,29.172,29.172,29.172,1.0,COLD
2023-06-06 08:46:00,29.172,29.172,29.172,29.172,1.0,COLD
2023-06-06 08:37:00,29.798,29.798,29.798,29.798,2.0,COLD
2023-06-06 08:01:00,29.172,29.172,29.172,29.172,3.0,COLD
2023-06-06 08:00:00,29.172,29.172,29.172,29.172,1.0,COLD
