date,1. open,2. high,3. low,4. close,5. volume,Ticker
2023-05-08 19:39:00,100.67,100.67,100.67,100.67,100.0,COP
2023-05-08 16:13:00,100.9,100.9,100.9,100.9,595.0,COP
2023-05-08 16:08:00,100.9,100.9,100.9,100.9,2596.0,COP
2023-05-08 16:01:00,100.9,100.9,100.9,100.9,39409.0,COP
2023-05-08 16:00:00,100.77,101.0,100.72,100.9,175747.0,COP
2023-05-08 15:59:00,100.79,100.8,100.735,100.775,47571.0,COP
2023-05-08 15:58:00,100.75,100.82,100.72,100.8,28781.0,COP
2023-05-08 15:57:00,100.8058,100.83,100.72,100.745,45477.0,COP
2023-05-08 15:56:00,100.83,100.84,100.68,100.81,42317.0,COP
2023-05-08 15:55:00,100.78,100.839,100.77,100.81,22557.0,COP
2023-05-08 15:54:00,100.81,100.815,100.75,100.7799,27851.0,COP
2023-05-08 15:53:00,100.81,100.8401,100.78,100.82,17383.0,COP
2023-05-08 15:52:00,100.85,100.88,100.77,100.82,28944.0,COP
2023-05-08 15:51:00,101.07,101.08,100.85,100.855,19845.0,COP
2023-05-08 15:50:00,100.97,101.09,100.97,101.09,11663.0,COP
2023-05-08 15:49:00,100.97,101.0,100.96,100.9682,6861.0,COP
2023-05-08 15:48:00,100.9,100.98,100.88,100.95,7894.0,COP
2023-05-08 15:47:00,100.99,101.02,100.9,100.9,13452.0,COP
2023-05-08 15:46:00,100.98,101.0,100.9401,101.0,7359.0,COP
2023-05-08 15:45:00,100.98,100.99,100.95,100.99,6992.0,COP
2023-05-08 15:44:00,100.98,101.0,100.97,100.98,6211.0,COP
2023-05-08 15:43:00,100.95,101.0,100.9,100.97,13546.0,COP
2023-05-08 15:42:00,100.96,100.98,100.94,100.95,13800.0,COP
2023-05-08 15:41:00,100.98,101.02,100.95,100.95,8501.0,COP
2023-05-08 15:40:00,100.96,100.9794,100.91,100.979,10378.0,COP
2023-05-08 15:39:00,100.99,101.03,100.96,100.96,9974.0,COP
2023-05-08 15:38:00,100.91,100.98,100.91,100.98,9601.0,COP
2023-05-08 15:37:00,100.9162,100.939,100.8749,100.88,10663.0,COP
2023-05-08 15:36:00,100.89,100.915,100.86,100.91,6522.0,COP
2023-05-08 15:35:00,100.9,100.91,100.88,100.9,8192.0,COP
2023-05-08 15:34:00,100.8976,100.909,100.85,100.89,6433.0,COP
2023-05-08 15:33:00,100.84,100.89,100.84,100.89,8205.0,COP
2023-05-08 15:32:00,100.784,100.82,100.77,100.82,9562.0,COP
2023-05-08 15:31:00,100.859,100.859,100.75,100.8,8998.0,COP
2023-05-08 15:30:00,100.82,100.875,100.82,100.86,6019.0,COP
2023-05-08 15:29:00,100.84,100.88,100.81,100.85,5442.0,COP
2023-05-08 15:28:00,100.765,100.87,100.765,100.85,7216.0,COP
2023-05-08 15:27:00,100.83,100.85,100.75,100.76,6258.0,COP
2023-05-08 15:26:00,100.76,100.84,100.74,100.84,5018.0,COP
2023-05-08 15:25:00,100.79,100.8,100.76,100.7725,6407.0,COP
2023-05-08 15:24:00,100.88,100.88,100.81,100.81,11660.0,COP
2023-05-08 15:23:00,100.82,100.87,100.81,100.87,6870.0,COP
2023-05-08 15:22:00,100.72,100.84,100.72,100.84,8787.0,COP
2023-05-08 15:21:00,100.68,100.71,100.635,100.71,8101.0,COP
2023-05-08 15:20:00,100.66,100.72,100.64,100.696,7421.0,COP
2023-05-08 15:19:00,100.68,100.69,100.6001,100.66,17881.0,COP
2023-05-08 15:18:00,100.77,100.78,100.675,100.675,9496.0,COP
2023-05-08 15:17:00,100.93,100.93,100.74,100.7575,25132.0,COP
2023-05-08 15:16:00,100.98,101.0,100.934,100.934,8913.0,COP
2023-05-08 15:15:00,100.965,100.975,100.9106,100.97,6817.0,COP
2023-05-08 15:14:00,101.14,101.14,101.0,101.0,9850.0,COP
2023-05-08 15:13:00,101.27,101.29,101.15,101.15,11519.0,COP
2023-05-08 15:12:00,101.24,101.27,101.23,101.27,4917.0,COP
2023-05-08 15:11:00,101.1742,101.24,101.16,101.24,5522.0,COP
2023-05-08 15:10:00,101.27,101.27,101.18,101.18,6944.0,COP
2023-05-08 15:09:00,101.3,101.33,101.265,101.28,4274.0,COP
2023-05-08 15:08:00,101.3,101.3329,101.3,101.32,5392.0,COP
2023-05-08 15:07:00,101.34,101.36,101.3,101.31,3978.0,COP
2023-05-08 15:06:00,101.34,101.36,101.325,101.35,5514.0,COP
2023-05-08 15:05:00,101.285,101.35,101.27,101.33,8902.0,COP
2023-05-08 15:04:00,101.33,101.33,101.2843,101.29,4678.0,COP
2023-05-08 15:03:00,101.28,101.3,101.26,101.29,2586.0,COP
2023-05-08 15:02:00,101.3,101.33,101.28,101.2813,4022.0,COP
2023-05-08 15:01:00,101.41,101.41,101.305,101.305,6907.0,COP
2023-05-08 15:00:00,101.39,101.39,101.34,101.37,4880.0,COP
2023-05-08 14:59:00,101.38,101.4,101.365,101.38,5930.0,COP
2023-05-08 14:58:00,101.4,101.41,101.365,101.38,4179.0,COP
2023-05-08 14:57:00,101.3,101.4,101.3,101.39,7932.0,COP
2023-05-08 14:56:00,101.25,101.3,101.22,101.29,20114.0,COP
2023-05-08 14:55:00,101.23,101.27,101.22,101.24,16465.0,COP
2023-05-08 14:54:00,101.27,101.29,101.24,101.26,11766.0,COP
2023-05-08 14:53:00,101.34,101.34,101.27,101.27,3775.0,COP
2023-05-08 14:52:00,101.35,101.35,101.325,101.34,4360.0,COP
2023-05-08 14:51:00,101.37,101.39,101.33,101.34,4107.0,COP
2023-05-08 14:50:00,101.28,101.37,101.26,101.36,4292.0,COP
2023-05-08 14:49:00,101.31,101.31,101.25,101.28,5162.0,COP
2023-05-08 14:48:00,101.335,101.35,101.29,101.32,7726.0,COP
2023-05-08 14:47:00,101.34,101.37,101.32,101.34,5850.0,COP
2023-05-08 14:46:00,101.36,101.38,101.34,101.34,3458.0,COP
2023-05-08 14:45:00,101.38,101.43,101.37,101.37,7709.0,COP
2023-05-08 14:44:00,101.31,101.37,101.3,101.37,3989.0,COP
2023-05-08 14:43:00,101.36,101.37,101.33,101.34,6833.0,COP
2023-05-08 14:42:00,101.28,101.36,101.28,101.35,6369.0,COP
2023-05-08 14:41:00,101.28,101.29,101.26,101.28,2938.0,COP
2023-05-08 14:40:00,101.305,101.35,101.305,101.325,5351.0,COP
2023-05-08 14:39:00,101.315,101.33,101.29,101.305,5620.0,COP
2023-05-08 14:38:00,101.43,101.43,101.32,101.32,13860.0,COP
2023-05-08 14:37:00,101.48,101.48,101.42,101.43,3400.0,COP
2023-05-08 14:36:00,101.44,101.52,101.44,101.495,6730.0,COP
2023-05-08 14:35:00,101.43,101.47,101.41,101.45,3763.0,COP
2023-05-08 14:34:00,101.38,101.45,101.375,101.44,3355.0,COP
2023-05-08 14:33:00,101.39,101.39,101.32,101.375,6430.0,COP
2023-05-08 14:32:00,101.29,101.39,101.26,101.39,8096.0,COP
2023-05-08 14:31:00,101.315,101.35,101.28,101.29,8524.0,COP
2023-05-08 14:30:00,101.29,101.31,101.28,101.3067,4933.0,COP
2023-05-08 14:29:00,101.35,101.36,101.29,101.3,6179.0,COP
2023-05-08 14:28:00,101.33,101.37,101.3,101.3536,6183.0,COP
2023-05-08 14:27:00,101.38,101.41,101.3133,101.3133,9325.0,COP
2023-05-08 14:26:00,101.41,101.4174,101.38,101.39,9097.0,COP
2023-05-08 14:25:00,101.4,101.43,101.38,101.43,6131.0,COP
2023-05-08 14:24:00,101.27,101.4,101.25,101.4,11694.0,COP
2023-05-08 14:23:00,101.22,101.26,101.18,101.26,6984.0,COP
2023-05-08 14:22:00,101.15,101.205,101.13,101.205,9119.0,COP
2023-05-08 14:21:00,100.98,101.15,100.98,101.13,10565.0,COP
2023-05-08 14:20:00,100.89,100.9646,100.86,100.9495,7636.0,COP
2023-05-08 14:19:00,100.78,100.88,100.765,100.88,9625.0,COP
2023-05-08 14:18:00,100.895,100.895,100.77,100.77,7377.0,COP
2023-05-08 14:17:00,100.83,100.96,100.83,100.89,7169.0,COP
2023-05-08 14:16:00,100.81,100.86,100.775,100.81,10972.0,COP
2023-05-08 14:15:00,100.91,100.925,100.82,100.82,11789.0,COP
2023-05-08 14:14:00,100.96,100.96,100.885,100.925,8174.0,COP
2023-05-08 14:13:00,101.01,101.07,100.94,100.945,11447.0,COP
2023-05-08 14:12:00,100.95,101.005,100.95,101.005,8737.0,COP
2023-05-08 14:11:00,100.98,100.99,100.91,100.96,10776.0,COP
2023-05-08 14:10:00,100.97,101.05,100.945,100.97,9741.0,COP
2023-05-08 14:09:00,100.99,100.99,100.87,100.95,25926.0,COP
2023-05-08 14:08:00,101.21,101.21,100.98,100.99,44134.0,COP
2023-05-08 14:07:00,101.35,101.35,101.22,101.22,9585.0,COP
2023-05-08 14:06:00,101.29,101.37,101.28,101.34,9651.0,COP
2023-05-08 14:05:00,101.3485,101.365,101.2701,101.3,10012.0,COP
2023-05-08 14:04:00,101.49,101.49,101.36,101.36,6834.0,COP
2023-05-08 14:03:00,101.598,101.6,101.5,101.5,3760.0,COP
2023-05-08 14:02:00,101.73,101.74,101.57,101.59,7422.0,COP
2023-05-08 14:01:00,101.73,101.76,101.705,101.7201,9813.0,COP
2023-05-08 14:00:00,101.81,101.83,101.73,101.73,5921.0,COP
2023-05-08 13:59:00,101.81,101.82,101.79,101.81,10505.0,COP
2023-05-08 13:58:00,101.84,101.85,101.81,101.81,8381.0,COP
2023-05-08 13:57:00,101.77,101.845,101.75,101.835,4759.0,COP
2023-05-08 13:56:00,101.77,101.81,101.76,101.78,5539.0,COP
2023-05-08 13:55:00,101.78,101.78,101.75,101.7514,7974.0,COP
2023-05-08 13:54:00,101.75,101.78,101.73,101.78,5223.0,COP
2023-05-08 13:53:00,101.71,101.75,101.69,101.75,10650.0,COP
2023-05-08 13:52:00,101.76,101.78,101.7,101.7,8061.0,COP
2023-05-08 13:51:00,101.82,101.85,101.76,101.765,14690.0,COP
2023-05-08 13:50:00,101.84,101.86,101.81,101.84,17702.0,COP
2023-05-08 13:49:00,101.86,101.8725,101.82,101.84,21893.0,COP
2023-05-08 13:48:00,101.87,101.88,101.84,101.865,7066.0,COP
2023-05-08 13:47:00,101.82,101.87,101.7975,101.86,16140.0,COP
2023-05-08 13:46:00,101.81,101.82,101.75,101.82,11313.0,COP
2023-05-08 13:45:00,101.7707,101.82,101.77,101.82,6077.0,COP
2023-05-08 13:44:00,101.72,101.78,101.71,101.77,12454.0,COP
2023-05-08 13:43:00,101.69,101.72,101.67,101.72,17470.0,COP
2023-05-08 13:42:00,101.65,101.68,101.58,101.675,9829.0,COP
2023-05-08 13:41:00,101.66,101.7,101.64,101.64,8091.0,COP
2023-05-08 13:40:00,101.59,101.68,101.59,101.66,15547.0,COP
2023-05-08 13:39:00,101.555,101.58,101.53,101.5629,5536.0,COP
2023-05-08 13:38:00,101.68,101.68,101.56,101.57,13440.0,COP
2023-05-08 13:37:00,101.65,101.69,101.64,101.68,12557.0,COP
2023-05-08 13:36:00,101.69,101.7,101.64,101.65,9493.0,COP
2023-05-08 13:35:00,101.66,101.705,101.66,101.69,8090.0,COP
2023-05-08 13:34:00,101.6,101.66,101.6,101.65,14040.0,COP
2023-05-08 13:33:00,101.63,101.64,101.585,101.6,11135.0,COP
2023-05-08 13:32:00,101.66,101.66,101.6,101.63,9980.0,COP
2023-05-08 13:31:00,101.665,101.67,101.63,101.65,9799.0,COP
2023-05-08 13:30:00,101.61,101.67,101.6,101.66,7390.0,COP
2023-05-08 13:29:00,101.56,101.64,101.5,101.61,19179.0,COP
2023-05-08 13:28:00,101.57,101.605,101.5601,101.59,4311.0,COP
2023-05-08 13:27:00,101.48,101.585,101.48,101.57,7037.0,COP
2023-05-08 13:26:00,101.43,101.47,101.41,101.47,4776.0,COP
2023-05-08 13:25:00,101.46,101.46,101.415,101.44,6831.0,COP
2023-05-08 13:24:00,101.435,101.45,101.4,101.45,2741.0,COP
2023-05-08 13:23:00,101.42,101.45,101.42,101.44,3857.0,COP
2023-05-08 13:22:00,101.395,101.46,101.395,101.41,4515.0,COP
2023-05-08 13:21:00,101.325,101.38,101.325,101.38,5704.0,COP
2023-05-08 13:20:00,101.35,101.35,101.3,101.33,3353.0,COP
2023-05-08 13:19:00,101.345,101.37,101.33,101.35,2966.0,COP
2023-05-08 13:18:00,101.38,101.38,101.3175,101.34,6471.0,COP
2023-05-08 13:17:00,101.35,101.37,101.3,101.37,5302.0,COP
2023-05-08 13:16:00,101.33,101.35,101.3,101.35,8444.0,COP
2023-05-08 13:15:00,101.47,101.49,101.405,101.41,4794.0,COP
2023-05-08 13:14:00,101.61,101.61,101.47,101.47,3539.0,COP
2023-05-08 13:13:00,101.65,101.65,101.575,101.6,9567.0,COP
2023-05-08 13:12:00,101.55,101.63,101.52,101.63,26105.0,COP
2023-05-08 13:11:00,101.42,101.58,101.42,101.55,15124.0,COP
2023-05-08 13:10:00,101.39,101.42,101.365,101.41,4670.0,COP
2023-05-08 13:09:00,101.38,101.41,101.36,101.4,4349.0,COP
2023-05-08 13:08:00,101.39,101.4125,101.37,101.385,3780.0,COP
2023-05-08 13:07:00,101.39,101.39,101.33,101.38,7984.0,COP
2023-05-08 13:06:00,101.38,101.4,101.335,101.37,3378.0,COP
2023-05-08 13:05:00,101.4,101.4,101.34,101.38,2820.0,COP
2023-05-08 13:04:00,101.4,101.445,101.39,101.415,5236.0,COP
2023-05-08 13:03:00,101.39,101.39,101.35,101.37,3305.0,COP
2023-05-08 13:02:00,101.42,101.44,101.36,101.38,3974.0,COP
2023-05-08 13:01:00,101.37,101.42,101.37,101.42,6012.0,COP
2023-05-08 13:00:00,101.33,101.36,101.325,101.36,4152.0,COP
2023-05-08 12:59:00,101.31,101.35,101.3,101.3,3452.0,COP
2023-05-08 12:58:00,101.28,101.33,101.27,101.31,5580.0,COP
2023-05-08 12:57:00,101.205,101.26,101.2,101.255,4863.0,COP
2023-05-08 12:56:00,101.26,101.26,101.208,101.21,4428.0,COP
2023-05-08 12:55:00,101.24,101.29,101.24,101.27,4689.0,COP
2023-05-08 12:54:00,101.2,101.25,101.175,101.24,4417.0,COP
2023-05-08 12:53:00,101.25,101.25,101.18,101.2,6455.0,COP
2023-05-08 12:52:00,101.26,101.26,101.21,101.2518,15526.0,COP
2023-05-08 12:51:00,101.29,101.2932,101.21,101.25,7179.0,COP
2023-05-08 12:50:00,101.32,101.3312,101.25,101.29,8475.0,COP
2023-05-08 12:49:00,101.41,101.4526,101.32,101.32,7497.0,COP
2023-05-08 12:48:00,101.482,101.482,101.41,101.42,5184.0,COP
2023-05-08 12:47:00,101.56,101.58,101.49,101.49,4518.0,COP
2023-05-08 12:46:00,101.52,101.57,101.495,101.565,7855.0,COP
2023-05-08 12:45:00,101.51,101.54,101.4601,101.54,7683.0,COP
2023-05-08 12:44:00,101.64,101.64,101.53,101.53,7167.0,COP
2023-05-08 12:43:00,101.68,101.68,101.65,101.65,3069.0,COP
2023-05-08 12:42:00,101.69,101.7,101.68,101.69,5258.0,COP
2023-05-08 12:41:00,101.77,101.77,101.715,101.715,4612.0,COP
2023-05-08 12:40:00,101.85,101.85,101.78,101.78,4268.0,COP
2023-05-08 12:39:00,101.81,101.854,101.79,101.83,4325.0,COP
2023-05-08 12:38:00,101.72,101.79,101.71,101.775,4505.0,COP
2023-05-08 12:37:00,101.71,101.75,101.71,101.71,4110.0,COP
2023-05-08 12:36:00,101.7,101.73,101.69,101.71,4511.0,COP
2023-05-08 12:35:00,101.7,101.7,101.66,101.66,2248.0,COP
2023-05-08 12:34:00,101.63,101.7,101.62,101.7,5904.0,COP
2023-05-08 12:33:00,101.61,101.635,101.6,101.625,2737.0,COP
2023-05-08 12:32:00,101.64,101.6651,101.64,101.64,2874.0,COP
2023-05-08 12:31:00,101.56,101.62,101.56,101.62,3784.0,COP
2023-05-08 12:30:00,101.55,101.569,101.53,101.53,4328.0,COP
2023-05-08 12:29:00,101.53,101.56,101.49,101.56,7178.0,COP
2023-05-08 12:28:00,101.58,101.58,101.53,101.54,3335.0,COP
2023-05-08 12:27:00,101.57,101.59,101.54,101.58,7989.0,COP
2023-05-08 12:26:00,101.7311,101.7311,101.6,101.6,4569.0,COP
2023-05-08 12:25:00,101.73,101.75,101.66,101.73,3259.0,COP
2023-05-08 12:24:00,101.75,101.75,101.72,101.72,2728.0,COP
2023-05-08 12:23:00,101.8,101.8,101.75,101.7516,3842.0,COP
2023-05-08 12:22:00,101.77,101.79,101.77,101.78,1921.0,COP
2023-05-08 12:21:00,101.77,101.78,101.72,101.78,3122.0,COP
2023-05-08 12:20:00,101.73,101.7898,101.72,101.78,2936.0,COP
2023-05-08 12:19:00,101.69,101.74,101.69,101.74,4358.0,COP
2023-05-08 12:18:00,101.62,101.7,101.62,101.66,3706.0,COP
2023-05-08 12:17:00,101.6,101.64,101.6,101.62,3171.0,COP
2023-05-08 12:16:00,101.63,101.64,101.6,101.6,3145.0,COP
2023-05-08 12:15:00,101.61,101.62,101.58,101.62,2652.0,COP
2023-05-08 12:14:00,101.53,101.62,101.53,101.61,5776.0,COP
2023-05-08 12:13:00,101.67,101.67,101.535,101.535,6923.0,COP
2023-05-08 12:12:00,101.67,101.68,101.63,101.68,7992.0,COP
2023-05-08 12:11:00,101.84,101.84,101.66,101.69,7097.0,COP
2023-05-08 12:10:00,101.9,101.92,101.84,101.85,2487.0,COP
2023-05-08 12:09:00,101.89,101.895,101.83,101.895,4996.0,COP
2023-05-08 12:08:00,101.9,101.9,101.85,101.88,2655.0,COP
2023-05-08 12:07:00,101.89,101.9323,101.89,101.9,2748.0,COP
2023-05-08 12:06:00,101.86,101.9,101.84,101.84,4111.0,COP
2023-05-08 12:05:00,101.94,101.94,101.85,101.85,2597.0,COP
2023-05-08 12:04:00,102.08,102.08,101.95,101.97,4285.0,COP
2023-05-08 12:03:00,102.05,102.06,102.03,102.05,3989.0,COP
2023-05-08 12:02:00,102.04,102.04,101.96,102.02,6103.0,COP
2023-05-08 12:01:00,101.99,102.0487,101.98,102.0487,2951.0,COP
2023-05-08 12:00:00,101.96,102.03,101.95,102.0,5788.0,COP
2023-05-08 11:59:00,102.09,102.09,101.99,101.99,5307.0,COP
2023-05-08 11:58:00,102.075,102.11,102.07,102.1,4407.0,COP
2023-05-08 11:57:00,102.0035,102.03,101.99,102.03,8553.0,COP
2023-05-08 11:56:00,102.18,102.18,102.0025,102.0025,6667.0,COP
2023-05-08 11:55:00,102.19,102.2,102.15,102.2,4709.0,COP
2023-05-08 11:54:00,102.13,102.18,102.13,102.16,2128.0,COP
2023-05-08 11:53:00,102.23,102.23,102.12,102.13,6585.0,COP
2023-05-08 11:52:00,102.16,102.25,102.16,102.23,3993.0,COP
2023-05-08 11:51:00,102.09,102.18,102.09,102.18,3507.0,COP
2023-05-08 11:50:00,102.0339,102.11,102.0339,102.08,3860.0,COP
2023-05-08 11:49:00,102.0,102.05,102.0,102.0299,3997.0,COP
2023-05-08 11:48:00,102.04,102.0553,101.94,101.9973,6177.0,COP
2023-05-08 11:47:00,101.97,102.055,101.96,102.04,5838.0,COP
2023-05-08 11:46:00,101.9,101.965,101.9,101.965,5073.0,COP
2023-05-08 11:45:00,101.92,101.92,101.87,101.92,4437.0,COP
2023-05-08 11:44:00,101.83,101.93,101.79,101.93,5007.0,COP
2023-05-08 11:43:00,101.84,101.85,101.75,101.83,10465.0,COP
2023-05-08 11:42:00,101.85,101.8619,101.81,101.8619,4528.0,COP
2023-05-08 11:41:00,101.98,101.98,101.84,101.85,10674.0,COP
2023-05-08 11:40:00,102.01,102.03,101.92,102.0,15389.0,COP
2023-05-08 11:39:00,102.07,102.15,102.01,102.03,16718.0,COP
2023-05-08 11:38:00,102.19,102.19,102.06,102.1,7717.0,COP
2023-05-08 11:37:00,102.1225,102.19,102.1225,102.19,4125.0,COP
2023-05-08 11:36:00,102.09,102.13,102.03,102.13,4121.0,COP
2023-05-08 11:35:00,102.11,102.14,102.09,102.09,6156.0,COP
2023-05-08 11:34:00,102.21,102.23,102.14,102.15,4457.0,COP
2023-05-08 11:33:00,102.26,102.29,102.21,102.21,5355.0,COP
2023-05-08 11:32:00,102.1,102.29,102.095,102.28,5501.0,COP
2023-05-08 11:31:00,102.26,102.26,102.0983,102.12,8412.0,COP
2023-05-08 11:30:00,102.22,102.24,102.19,102.24,2982.0,COP
2023-05-08 11:29:00,102.26,102.26,102.21,102.25,5755.0,COP
2023-05-08 11:28:00,102.27,102.29,102.23,102.27,5314.0,COP
2023-05-08 11:27:00,102.23,102.26,102.22,102.25,2463.0,COP
2023-05-08 11:26:00,102.22,102.27,102.18,102.26,9466.0,COP
2023-05-08 11:25:00,102.23,102.235,102.18,102.235,3868.0,COP
2023-05-08 11:24:00,102.08,102.21,102.08,102.21,5931.0,COP
2023-05-08 11:23:00,102.13,102.16,102.07,102.11,5771.0,COP
2023-05-08 11:22:00,102.21,102.21,102.14,102.14,4848.0,COP
2023-05-08 11:21:00,102.2614,102.32,102.19,102.19,6553.0,COP
2023-05-08 11:20:00,102.37,102.37,102.27,102.27,8560.0,COP
2023-05-08 11:19:00,102.34,102.4,102.31,102.37,5781.0,COP
2023-05-08 11:18:00,102.32,102.3616,102.3,102.33,8613.0,COP
2023-05-08 11:17:00,102.2503,102.34,102.24,102.32,6203.0,COP
2023-05-08 11:16:00,102.29,102.29,102.19,102.2509,9657.0,COP
2023-05-08 11:15:00,102.275,102.285,102.18,102.285,5415.0,COP
2023-05-08 11:14:00,102.38,102.39,102.27,102.3,7133.0,COP
2023-05-08 11:13:00,102.37,102.4,102.31,102.4,9613.0,COP
2023-05-08 11:12:00,102.35,102.41,102.34,102.38,6359.0,COP
2023-05-08 11:11:00,102.3082,102.4,102.295,102.35,9638.0,COP
2023-05-08 11:10:00,102.34,102.345,102.28,102.28,6850.0,COP
2023-05-08 11:09:00,102.39,102.4,102.26,102.3178,9122.0,COP
2023-05-08 11:08:00,102.44,102.51,102.41,102.41,12437.0,COP
2023-05-08 11:07:00,102.34,102.47,102.34,102.46,9237.0,COP
2023-05-08 11:06:00,102.21,102.33,102.19,102.31,24567.0,COP
2023-05-08 11:05:00,102.2,102.24,102.18,102.2,8972.0,COP
2023-05-08 11:04:00,102.175,102.25,102.17,102.195,11893.0,COP
2023-05-08 11:03:00,102.11,102.18,102.1,102.155,5463.0,COP
2023-05-08 11:02:00,102.15,102.165,102.08,102.105,10657.0,COP
2023-05-08 11:01:00,102.2,102.2,102.12,102.15,5971.0,COP
2023-05-08 11:00:00,102.265,102.28,102.21,102.23,6802.0,COP
2023-05-08 10:59:00,102.37,102.37,102.26,102.27,14425.0,COP
2023-05-08 10:58:00,102.26,102.395,102.26,102.395,13698.0,COP
2023-05-08 10:57:00,102.34,102.34,102.21,102.21,12411.0,COP
2023-05-08 10:56:00,102.26,102.34,102.2,102.315,4260.0,COP
2023-05-08 10:55:00,102.305,102.315,102.2,102.265,8359.0,COP
2023-05-08 10:54:00,102.37,102.3899,102.32,102.32,8372.0,COP
2023-05-08 10:53:00,102.36,102.45,102.3599,102.39,6965.0,COP
2023-05-08 10:52:00,102.32,102.3619,102.3,102.34,6506.0,COP
2023-05-08 10:51:00,102.335,102.38,102.245,102.31,8628.0,COP
2023-05-08 10:50:00,102.18,102.3444,102.18,102.32,10083.0,COP
2023-05-08 10:49:00,102.13,102.23,102.11,102.17,6054.0,COP
2023-05-08 10:48:00,102.22,102.27,102.15,102.15,8782.0,COP
2023-05-08 10:47:00,102.29,102.29,102.16,102.2,10014.0,COP
2023-05-08 10:46:00,102.26,102.27,102.19,102.25,7035.0,COP
2023-05-08 10:45:00,102.29,102.32,102.23,102.265,7668.0,COP
2023-05-08 10:44:00,102.2,102.33,102.2,102.26,8676.0,COP
2023-05-08 10:43:00,102.16,102.22,102.11,102.18,10272.0,COP
2023-05-08 10:42:00,102.03,102.16,102.03,102.12,6970.0,COP
2023-05-08 10:41:00,102.02,102.0699,101.93,102.04,9184.0,COP
2023-05-08 10:40:00,101.92,102.03,101.92,102.02,5462.0,COP
2023-05-08 10:39:00,101.9,101.96,101.89,101.905,6257.0,COP
2023-05-08 10:38:00,101.76,101.92,101.75,101.88,5632.0,COP
2023-05-08 10:37:00,101.805,101.845,101.74,101.74,4046.0,COP
2023-05-08 10:36:00,101.95,101.97,101.8,101.82,12544.0,COP
2023-05-08 10:35:00,101.82,101.9951,101.82,101.96,8580.0,COP
2023-05-08 10:34:00,101.76,101.83,101.69,101.83,7572.0,COP
2023-05-08 10:33:00,101.84,101.93,101.73,101.78,6421.0,COP
2023-05-08 10:32:00,101.91,101.985,101.87,101.87,5412.0,COP
2023-05-08 10:31:00,101.83,101.925,101.83,101.9,9121.0,COP
2023-05-08 10:30:00,101.78,101.8243,101.73,101.8,5348.0,COP
2023-05-08 10:29:00,101.94,101.94,101.76,101.81,7744.0,COP
2023-05-08 10:28:00,101.945,102.02,101.895,101.93,12028.0,COP
2023-05-08 10:27:00,101.895,101.9554,101.86,101.92,8449.0,COP
2023-05-08 10:26:00,101.98,102.05,101.87,101.91,9319.0,COP
2023-05-08 10:25:00,102.0,102.04,101.95,101.99,17872.0,COP
2023-05-08 10:24:00,101.93,102.03,101.87,102.01,9220.0,COP
2023-05-08 10:23:00,102.05,102.1,101.91,101.91,5948.0,COP
2023-05-08 10:22:00,101.94,102.08,101.91,102.08,6612.0,COP
2023-05-08 10:21:00,101.895,102.045,101.895,101.955,5551.0,COP
2023-05-08 10:20:00,102.0,102.065,101.89,101.89,12562.0,COP
2023-05-08 10:19:00,101.805,101.945,101.77,101.945,13495.0,COP
2023-05-08 10:18:00,101.8,101.8,101.69,101.76,13037.0,COP
2023-05-08 10:17:00,101.6999,101.89,101.6999,101.83,16728.0,COP
2023-05-08 10:16:00,101.74,101.775,101.64,101.655,5638.0,COP
2023-05-08 10:15:00,101.83,101.875,101.74,101.74,9444.0,COP
2023-05-08 10:14:00,101.76,101.84,101.71,101.8,5941.0,COP
2023-05-08 10:13:00,101.68,101.82,101.63,101.7736,7421.0,COP
2023-05-08 10:12:00,101.63,101.7,101.59,101.65,2993.0,COP
2023-05-08 10:11:00,101.78,101.82,101.64,101.64,8433.0,COP
2023-05-08 10:10:00,101.82,101.82,101.69,101.78,9235.0,COP
2023-05-08 10:09:00,101.875,101.94,101.78,101.81,8145.0,COP
2023-05-08 10:08:00,101.97,101.99,101.87,101.92,12443.0,COP
2023-05-08 10:07:00,101.98,102.05,101.92,102.0,19762.0,COP
2023-05-08 10:06:00,102.0,102.09,101.935,101.96,20041.0,COP
2023-05-08 10:05:00,101.81,101.97,101.74,101.9674,13257.0,COP
2023-05-08 10:04:00,101.43,101.79,101.412,101.79,21294.0,COP
2023-05-08 10:03:00,101.66,101.66,101.43,101.45,13307.0,COP
2023-05-08 10:02:00,101.59,101.7424,101.59,101.63,4974.0,COP
2023-05-08 10:01:00,101.56,101.75,101.56,101.62,12693.0,COP
2023-05-08 10:00:00,101.6346,101.7,101.55,101.605,9291.0,COP
2023-05-08 09:59:00,101.68,101.75,101.59,101.6505,9705.0,COP
2023-05-08 09:58:00,101.8205,101.879,101.72,101.75,6115.0,COP
2023-05-08 09:57:00,102.03,102.07,101.81,101.81,13435.0,COP
2023-05-08 09:56:00,102.0,102.13,101.995,102.06,9745.0,COP
2023-05-08 09:55:00,102.225,102.225,101.98,102.03,15149.0,COP
2023-05-08 09:54:00,102.19,102.22,102.12,102.19,19644.0,COP
2023-05-08 09:53:00,102.09,102.31,102.03,102.19,16523.0,COP
2023-05-08 09:52:00,101.865,102.17,101.83,102.13,13580.0,COP
2023-05-08 09:51:00,102.05,102.05,101.78,101.82,24086.0,COP
2023-05-08 09:50:00,102.14,102.21,102.0,102.065,7710.0,COP
2023-05-08 09:49:00,102.1,102.21,102.07,102.104,7090.0,COP
2023-05-08 09:48:00,102.16,102.28,102.11,102.12,11939.0,COP
2023-05-08 09:47:00,102.43,102.43,102.15,102.15,15216.0,COP
2023-05-08 09:46:00,102.5,102.525,102.32,102.4,23066.0,COP
2023-05-08 09:45:00,102.69,102.72,102.43,102.5382,15209.0,COP
2023-05-08 09:44:00,102.52,102.73,102.38,102.72,15685.0,COP
2023-05-08 09:43:00,102.415,102.58,102.4,102.52,9847.0,COP
2023-05-08 09:42:00,102.25,102.6,102.25,102.49,28181.0,COP
2023-05-08 09:41:00,102.11,102.31,102.0,102.26,16787.0,COP
2023-05-08 09:40:00,102.2496,102.28,102.11,102.135,17533.0,COP
2023-05-08 09:39:00,102.03,102.325,102.03,102.325,15092.0,COP
2023-05-08 09:38:00,101.86,102.06,101.825,102.06,10852.0,COP
2023-05-08 09:37:00,101.98,102.01,101.8537,101.8537,10188.0,COP
2023-05-08 09:36:00,101.89,102.15,101.89,102.03,18552.0,COP
2023-05-08 09:35:00,101.85,101.85,101.645,101.83,7698.0,COP
2023-05-08 09:34:00,102.21,102.21,101.75,101.915,7262.0,COP
2023-05-08 09:33:00,102.56,102.58,102.155,102.19,17050.0,COP
2023-05-08 09:32:00,102.49,102.75,102.35,102.53,16381.0,COP
2023-05-08 09:31:00,102.09,102.485,102.09,102.455,76612.0,COP
2023-05-08 09:30:00,102.29,102.29,102.29,102.29,400.0,COP
2023-05-08 09:11:00,102.4,102.4,102.4,102.4,121.0,COP
2023-05-08 09:10:00,102.39,102.4,102.39,102.4,379.0,COP
2023-05-08 09:09:00,102.13,102.25,102.13,102.25,1369.0,COP
2023-05-08 09:08:00,102.09,102.09,102.09,102.09,150.0,COP
2023-05-08 08:43:00,102.13,102.13,102.13,102.13,100.0,COP
2023-05-08 08:38:00,102.0,102.0,102.0,102.0,489.0,COP
2023-05-08 08:35:00,102.25,102.25,102.25,102.25,100.0,COP
2023-05-08 08:01:00,102.0,102.35,102.0,102.35,1316.0,COP
2023-05-08 07:01:00,101.49,101.9,101.49,101.5,5401.0,COP
2023-05-08 04:42:00,101.5,101.5,101.5,101.5,100.0,COP
2023-05-05 16:43:00,100.47,100.47,100.47,100.47,100.0,COP
2023-05-05 16:17:00,100.37,100.37,100.37,100.37,3233.0,COP
2023-05-05 16:15:00,100.37,100.37,100.37,100.37,567.0,COP
2023-05-05 16:10:00,100.37,100.37,100.37,100.37,2608.0,COP
2023-05-05 16:08:00,100.37,100.37,100.37,100.37,22817.0,COP
2023-05-05 16:07:00,100.37,100.37,100.37,100.37,1456.0,COP
2023-05-05 16:01:00,100.37,100.37,100.37,100.37,98351.0,COP
2023-05-05 16:00:00,100.385,100.41,100.31,100.38,146059.0,COP
2023-05-05 15:59:00,100.49,100.5,100.355,100.38,80206.0,COP
2023-05-05 15:58:00,100.55,100.565,100.49,100.49,49530.0,COP
2023-05-05 15:57:00,100.51,100.53,100.485,100.53,40654.0,COP
2023-05-05 15:56:00,100.47,100.57,100.435,100.5,44836.0,COP
2023-05-05 15:55:00,100.545,100.55,100.455,100.455,39035.0,COP
2023-05-05 15:54:00,100.57,100.59,100.48,100.535,31788.0,COP
2023-05-05 15:53:00,100.54,100.57,100.48,100.56,58005.0,COP
2023-05-05 15:52:00,100.53,100.56,100.39,100.56,48070.0,COP
2023-05-05 15:51:00,100.71,100.71,100.53,100.54,30107.0,COP
2023-05-05 15:50:00,100.74,100.78,100.72,100.72,21140.0,COP
2023-05-05 15:49:00,100.795,100.795,100.72,100.75,22602.0,COP
2023-05-05 15:48:00,100.86,100.87,100.79,100.79,18032.0,COP
2023-05-05 15:47:00,100.86,100.9,100.85,100.865,15413.0,COP
2023-05-05 15:46:00,100.94,100.94,100.84,100.85,15998.0,COP
2023-05-05 15:45:00,100.97,100.975,100.93,100.94,14036.0,COP
2023-05-05 15:44:00,100.925,100.98,100.92,100.96,9978.0,COP
2023-05-05 15:43:00,100.89,100.94,100.88,100.925,18889.0,COP
2023-05-05 15:42:00,100.85,100.88,100.84,100.88,10767.0,COP
2023-05-05 15:41:00,100.86,100.87,100.82,100.84,12130.0,COP
2023-05-05 15:40:00,100.715,100.83,100.71,100.83,12617.0,COP
2023-05-05 15:39:00,100.835,100.86,100.7075,100.7075,17265.0,COP
2023-05-05 15:38:00,100.8,100.87,100.79,100.84,15920.0,COP
2023-05-05 15:37:00,100.88,100.88,100.79,100.8045,13000.0,COP
2023-05-05 15:36:00,100.94,100.95,100.86,100.88,16321.0,COP
2023-05-05 15:35:00,100.965,100.996,100.93,100.9385,11196.0,COP
2023-05-05 15:34:00,100.96,100.985,100.94,100.97,8923.0,COP
2023-05-05 15:33:00,100.91,100.96,100.89,100.96,10043.0,COP
2023-05-05 15:32:00,100.91,100.93,100.885,100.92,9624.0,COP
2023-05-05 15:31:00,101.02,101.02,100.92,100.92,12785.0,COP
2023-05-05 15:30:00,101.04,101.05,101.01,101.0214,8859.0,COP
2023-05-05 15:29:00,101.0,101.04,100.97,101.04,12029.0,COP
2023-05-05 15:28:00,100.99,101.0,100.94,100.99,10710.0,COP
2023-05-05 15:27:00,100.96,100.99,100.91,100.98,9806.0,COP
2023-05-05 15:26:00,100.95,100.96,100.93,100.96,8240.0,COP
2023-05-05 15:25:00,100.98,101.01,100.95,100.96,10688.0,COP
2023-05-05 15:24:00,100.99,101.0,100.9505,100.98,9533.0,COP
2023-05-05 15:23:00,100.93,101.0,100.92,101.0,4213.0,COP
2023-05-05 15:22:00,100.95,101.01,100.93,100.94,8757.0,COP
2023-05-05 15:21:00,100.94,100.98,100.92,100.95,15770.0,COP
2023-05-05 15:20:00,100.92,100.94,100.89,100.93,8533.0,COP
2023-05-05 15:19:00,100.975,100.98,100.93,100.93,6847.0,COP
2023-05-05 15:18:00,101.03,101.045,100.96,100.98,7772.0,COP
2023-05-05 15:17:00,101.075,101.08,100.982,101.0012,9171.0,COP
2023-05-05 15:16:00,101.1,101.11,101.02,101.07,10312.0,COP
2023-05-05 15:15:00,101.0818,101.1,101.06,101.09,7400.0,COP
2023-05-05 15:14:00,101.08,101.12,101.07,101.09,9416.0,COP
2023-05-05 15:13:00,101.06,101.09,101.04,101.08,9613.0,COP
2023-05-05 15:12:00,101.03,101.06,101.01,101.03,8984.0,COP
2023-05-05 15:11:00,101.07,101.08,101.01,101.02,8995.0,COP
2023-05-05 15:10:00,101.1161,101.1651,101.09,101.1,12146.0,COP
2023-05-05 15:09:00,101.06,101.13,101.06,101.12,6985.0,COP
2023-05-05 15:08:00,100.9779,101.06,100.9779,101.05,7885.0,COP
2023-05-05 15:07:00,100.98,101.0,100.95,100.9625,6644.0,COP
2023-05-05 15:06:00,100.94,101.0,100.94,100.99,8933.0,COP
2023-05-05 15:05:00,100.87,100.945,100.86,100.94,7628.0,COP
2023-05-05 15:04:00,100.97,101.02,100.9,100.9,10871.0,COP
2023-05-05 15:03:00,100.9,100.96,100.87,100.96,15690.0,COP
2023-05-05 15:02:00,100.95,100.99,100.89,100.91,17414.0,COP
2023-05-05 15:01:00,100.95,100.98,100.92,100.96,12969.0,COP
2023-05-05 15:00:00,101.03,101.03,100.92,100.945,7660.0,COP
2023-05-05 14:59:00,101.18,101.22,101.0382,101.0492,19208.0,COP
2023-05-05 14:58:00,101.11,101.185,101.1,101.185,12584.0,COP
2023-05-05 14:57:00,101.15,101.1956,101.1063,101.1063,11802.0,COP
2023-05-05 14:56:00,101.18,101.2066,101.13,101.16,10615.0,COP
2023-05-05 14:55:00,101.19,101.22,101.15,101.16,7077.0,COP
2023-05-05 14:54:00,101.2,101.21,101.18,101.18,8688.0,COP
2023-05-05 14:53:00,101.17,101.2,101.16,101.18,13508.0,COP
2023-05-05 14:52:00,101.1,101.19,101.09,101.18,17396.0,COP
2023-05-05 14:51:00,101.03,101.1229,101.02,101.11,11644.0,COP
2023-05-05 14:50:00,101.0,101.05,100.98,101.03,14307.0,COP
2023-05-05 14:49:00,100.97,101.005,100.9331,101.005,14501.0,COP
2023-05-05 14:48:00,100.97,100.98,100.9,100.955,10309.0,COP
2023-05-05 14:47:00,101.05,101.05,100.96,100.99,7479.0,COP
2023-05-05 14:46:00,101.02,101.07,101.0,101.05,8319.0,COP
2023-05-05 14:45:00,101.01,101.04,100.97,101.01,10922.0,COP
2023-05-05 14:44:00,101.04,101.04,100.96,100.985,6519.0,COP
2023-05-05 14:43:00,101.04,101.05,100.99,101.03,8309.0,COP
2023-05-05 14:42:00,101.01,101.05,101.01,101.05,6315.0,COP
2023-05-05 14:41:00,100.99,101.04,100.95,100.995,8102.0,COP
2023-05-05 14:40:00,101.03,101.0306,100.98,101.0,4903.0,COP
2023-05-05 14:39:00,101.08,101.09,101.04,101.04,5146.0,COP
2023-05-05 14:38:00,101.03,101.11,101.03,101.09,7383.0,COP
2023-05-05 14:37:00,101.02,101.04,101.0,101.03,5110.0,COP
2023-05-05 14:36:00,101.005,101.04,100.985,101.03,5715.0,COP
2023-05-05 14:35:00,101.0,101.03,100.98,101.0,9203.0,COP
2023-05-05 14:34:00,101.13,101.14,101.01,101.01,8118.0,COP
2023-05-05 14:33:00,101.14,101.16,101.11,101.11,9322.0,COP
2023-05-05 14:32:00,101.02,101.15,101.01,101.14,81091.0,COP
2023-05-05 14:31:00,100.99,101.015,100.98,101.01,11489.0,COP
2023-05-05 14:30:00,100.97,101.0199,100.9301,100.98,11568.0,COP
2023-05-05 14:29:00,101.01,101.02,100.965,100.965,11651.0,COP
2023-05-05 14:28:00,101.0,101.08,100.98,101.01,9530.0,COP
2023-05-05 14:27:00,101.05,101.05,100.97,101.01,6868.0,COP
2023-05-05 14:26:00,100.9932,101.04,100.9932,101.0311,5509.0,COP
2023-05-05 14:25:00,100.98,101.005,100.95,100.975,10358.0,COP
2023-05-05 14:24:00,101.01,101.01,100.98,100.98,5089.0,COP
2023-05-05 14:23:00,100.97,101.02,100.94,101.02,6157.0,COP
2023-05-05 14:22:00,100.88,100.98,100.88,100.98,10288.0,COP
2023-05-05 14:21:00,100.86,100.9,100.82,100.88,17142.0,COP
2023-05-05 14:20:00,100.985,100.985,100.87,100.87,9429.0,COP
2023-05-05 14:19:00,100.99,101.0,100.92,100.98,9500.0,COP
2023-05-05 14:18:00,101.0,101.015,100.92,101.0,17714.0,COP
2023-05-05 14:17:00,101.115,101.115,101.01,101.02,17056.0,COP
2023-05-05 14:16:00,101.07,101.14,101.04,101.11,8391.0,COP
2023-05-05 14:15:00,100.975,101.06,100.9608,101.04,13201.0,COP
2023-05-05 14:14:00,100.87,100.98,100.87,100.945,25420.0,COP
2023-05-05 14:13:00,100.86,100.915,100.84,100.86,9679.0,COP
2023-05-05 14:12:00,100.91,100.91,100.86,100.87,10897.0,COP
2023-05-05 14:11:00,100.79,100.93,100.78,100.91,7425.0,COP
2023-05-05 14:10:00,100.805,100.86,100.76,100.78,22447.0,COP
2023-05-05 14:09:00,100.7419,100.8,100.71,100.8,6053.0,COP
2023-05-05 14:08:00,100.79,100.79,100.72,100.75,7724.0,COP
2023-05-05 14:07:00,100.8,100.82,100.77,100.79,6888.0,COP
2023-05-05 14:06:00,100.71,100.78,100.71,100.78,6077.0,COP
2023-05-05 14:05:00,100.69,100.7299,100.68,100.7113,5921.0,COP
2023-05-05 14:04:00,100.66,100.7051,100.655,100.695,5679.0,COP
2023-05-05 14:03:00,100.57,100.65,100.54,100.65,7295.0,COP
2023-05-05 14:02:00,100.57,100.6,100.56,100.58,6618.0,COP
2023-05-05 14:01:00,100.56,100.64,100.56,100.61,13889.0,COP
2023-05-05 14:00:00,100.51,100.55,100.495,100.54,10558.0,COP
2023-05-05 13:59:00,100.45,100.51,100.435,100.5,39221.0,COP
2023-05-05 13:58:00,100.44,100.495,100.44,100.46,9243.0,COP
2023-05-05 13:57:00,100.49,100.5,100.4,100.425,24228.0,COP
2023-05-05 13:56:00,100.53,100.53,100.48,100.5,8654.0,COP
2023-05-05 13:55:00,100.515,100.54,100.51,100.53,5502.0,COP
2023-05-05 13:54:00,100.495,100.51,100.48,100.5014,3157.0,COP
2023-05-05 13:53:00,100.52,100.53,100.47,100.5,9335.0,COP
2023-05-05 13:52:00,100.47,100.52,100.4,100.49,11401.0,COP
2023-05-05 13:51:00,100.48,100.54,100.47,100.48,11040.0,COP
2023-05-05 13:50:00,100.51,100.52,100.34,100.46,49661.0,COP
2023-05-05 13:49:00,100.51,100.53,100.475,100.52,9881.0,COP
2023-05-05 13:48:00,100.45,100.52,100.45,100.5073,11119.0,COP
2023-05-05 13:47:00,100.39,100.45,100.38,100.45,16483.0,COP
2023-05-05 13:46:00,100.35,100.4,100.32,100.39,6350.0,COP
2023-05-05 13:45:00,100.25,100.35,100.25,100.3,10755.0,COP
2023-05-05 13:44:00,100.2,100.25,100.19,100.25,27703.0,COP
2023-05-05 13:43:00,100.26,100.27,100.21,100.21,9489.0,COP
2023-05-05 13:42:00,100.18,100.25,100.18,100.25,3679.0,COP
2023-05-05 13:41:00,100.11,100.18,100.09,100.1551,9175.0,COP
2023-05-05 13:40:00,100.17,100.19,100.1,100.1,26209.0,COP
2023-05-05 13:39:00,100.16,100.17,100.1,100.17,8469.0,COP
2023-05-05 13:38:00,100.12,100.18,100.08,100.13,13322.0,COP
2023-05-05 13:37:00,100.125,100.16,100.085,100.115,10974.0,COP
2023-05-05 13:36:00,100.02,100.12,100.02,100.12,5610.0,COP
2023-05-05 13:35:00,99.96,100.02,99.95,100.01,21360.0,COP
2023-05-05 13:34:00,100.0,100.03,99.93,99.9515,15419.0,COP
2023-05-05 13:33:00,100.01,100.02,99.9885,100.014,20053.0,COP
2023-05-05 13:32:00,100.02,100.05,100.0,100.0,15288.0,COP
2023-05-05 13:31:00,100.0,100.02,99.95,100.02,12539.0,COP
2023-05-05 13:30:00,100.14,100.14,100.0,100.01,13203.0,COP
2023-05-05 13:29:00,100.14,100.175,100.11,100.155,12599.0,COP
2023-05-05 13:28:00,100.3,100.3,100.13,100.13,7245.0,COP
2023-05-05 13:27:00,100.24,100.31,100.23,100.31,4462.0,COP
2023-05-05 13:26:00,100.2,100.26,100.19,100.21,10713.0,COP
2023-05-05 13:25:00,100.24,100.26,100.18,100.19,7093.0,COP
2023-05-05 13:24:00,100.15,100.225,100.14,100.225,5498.0,COP
2023-05-05 13:23:00,100.06,100.14,100.055,100.13,6620.0,COP
2023-05-05 13:22:00,100.075,100.09,100.0418,100.05,5011.0,COP
2023-05-05 13:21:00,100.0,100.09,100.0,100.08,6217.0,COP
2023-05-05 13:20:00,99.95,100.01,99.93,100.0,3554.0,COP
2023-05-05 13:19:00,100.01,100.01,99.9,99.94,5377.0,COP
2023-05-05 13:18:00,100.01,100.04,99.97,99.97,10660.0,COP
2023-05-05 13:17:00,100.11,100.13,100.03,100.03,10352.0,COP
2023-05-05 13:16:00,100.08,100.1399,100.07,100.11,4869.0,COP
2023-05-05 13:15:00,99.97,100.08,99.96,100.07,4488.0,COP
2023-05-05 13:14:00,99.96,99.99,99.95,99.98,4633.0,COP
2023-05-05 13:13:00,99.89,99.95,99.87,99.94,6447.0,COP
2023-05-05 13:12:00,99.86,99.89,99.86,99.88,3294.0,COP
2023-05-05 13:11:00,99.76,99.86,99.75,99.86,6400.0,COP
2023-05-05 13:10:00,99.79,99.91,99.78,99.78,31026.0,COP
2023-05-05 13:09:00,99.86,99.89,99.78,99.8,4868.0,COP
2023-05-05 13:08:00,99.925,99.93,99.82,99.87,11026.0,COP
2023-05-05 13:07:00,99.97,99.98,99.93,99.93,5106.0,COP
2023-05-05 13:06:00,99.93,99.98,99.92,99.94,7357.0,COP
2023-05-05 13:05:00,99.93,99.97,99.93,99.94,6722.0,COP
2023-05-05 13:04:00,100.0,100.02,99.92,99.92,5731.0,COP
2023-05-05 13:03:00,99.92,100.02,99.91,99.9917,12429.0,COP
2023-05-05 13:02:00,99.845,99.94,99.845,99.94,6769.0,COP
2023-05-05 13:01:00,99.81,99.87,99.8,99.84,11262.0,COP
2023-05-05 13:00:00,99.75,99.83,99.74,99.81,6357.0,COP
2023-05-05 12:59:00,99.76,99.79,99.7,99.75,7652.0,COP
2023-05-05 12:58:00,99.756,99.8,99.71,99.78,5570.0,COP
2023-05-05 12:57:00,99.7,99.74,99.66,99.74,8553.0,COP
2023-05-05 12:56:00,99.76,99.79,99.72,99.73,8473.0,COP
2023-05-05 12:55:00,99.79,99.79,99.72,99.75,6424.0,COP
2023-05-05 12:54:00,99.79,99.8073,99.76,99.78,3662.0,COP
2023-05-05 12:53:00,99.76,99.825,99.75,99.81,4372.0,COP
2023-05-05 12:52:00,99.71,99.78,99.69,99.78,5395.0,COP
2023-05-05 12:51:00,99.75,99.76,99.69,99.69,6367.0,COP
2023-05-05 12:50:00,99.705,99.76,99.6975,99.75,6171.0,COP
2023-05-05 12:49:00,99.72,99.72,99.64,99.69,12991.0,COP
2023-05-05 12:48:00,99.7202,99.8,99.7202,99.74,5726.0,COP
2023-05-05 12:47:00,99.72,99.77,99.69,99.7,6891.0,COP
2023-05-05 12:46:00,99.68,99.74,99.68,99.72,5818.0,COP
2023-05-05 12:45:00,99.74,99.76,99.67,99.67,6477.0,COP
2023-05-05 12:44:00,99.74,99.79,99.74,99.775,2872.0,COP
2023-05-05 12:43:00,99.8,99.81,99.72,99.73,6207.0,COP
2023-05-05 12:42:00,99.74,99.83,99.74,99.81,4955.0,COP
2023-05-05 12:41:00,99.67,99.76,99.66,99.74,7597.0,COP
2023-05-05 12:40:00,99.64,99.64,99.56,99.61,5854.0,COP
2023-05-05 12:39:00,99.64,99.67,99.6,99.6,10078.0,COP
2023-05-05 12:38:00,99.7,99.7,99.63,99.65,3388.0,COP
2023-05-05 12:37:00,99.695,99.73,99.68,99.6993,6158.0,COP
2023-05-05 12:36:00,99.66,99.7,99.64,99.7,4704.0,COP
2023-05-05 12:35:00,99.594,99.69,99.59,99.67,7365.0,COP
2023-05-05 12:34:00,99.63,99.66,99.58,99.59,4349.0,COP
2023-05-05 12:33:00,99.66,99.67,99.57,99.66,8373.0,COP
2023-05-05 12:32:00,99.69,99.6999,99.624,99.66,3321.0,COP
2023-05-05 12:31:00,99.64,99.67,99.62,99.67,4360.0,COP
2023-05-05 12:30:00,99.72,99.72,99.625,99.625,4731.0,COP
2023-05-05 12:29:00,99.78,99.78,99.72,99.74,5044.0,COP
2023-05-05 12:28:00,99.88,99.89,99.79,99.79,6108.0,COP
2023-05-05 12:27:00,99.9,99.93,99.88,99.895,5661.0,COP
2023-05-05 12:26:00,99.82,99.89,99.8,99.875,5342.0,COP
2023-05-05 12:25:00,99.74,99.83,99.7,99.81,13174.0,COP
2023-05-05 12:24:00,99.74,99.75,99.68,99.74,3517.0,COP
2023-05-05 12:23:00,99.79,99.81,99.75,99.76,6615.0,COP
2023-05-05 12:22:00,99.68,99.785,99.68,99.76,5419.0,COP
2023-05-05 12:21:00,99.65,99.7,99.63,99.665,10780.0,COP
2023-05-05 12:20:00,99.76,99.76,99.64,99.64,5565.0,COP
2023-05-05 12:19:00,99.63,99.78,99.63,99.77,5046.0,COP
2023-05-05 12:18:00,99.55,99.625,99.55,99.625,5873.0,COP
2023-05-05 12:17:00,99.53,99.565,99.53,99.53,4711.0,COP
2023-05-05 12:16:00,99.59,99.59,99.49,99.52,6754.0,COP
2023-05-05 12:15:00,99.69,99.69,99.61,99.61,3801.0,COP
2023-05-05 12:14:00,99.6,99.69,99.58,99.6807,7293.0,COP
2023-05-05 12:13:00,99.71,99.71,99.58,99.5852,4289.0,COP
2023-05-05 12:12:00,99.63,99.72,99.63,99.71,6750.0,COP
2023-05-05 12:11:00,99.544,99.595,99.54,99.575,7925.0,COP
2023-05-05 12:10:00,99.555,99.56,99.53,99.55,3172.0,COP
2023-05-05 12:09:00,99.58,99.58,99.53,99.57,8596.0,COP
2023-05-05 12:08:00,99.625,99.67,99.59,99.59,5065.0,COP
2023-05-05 12:07:00,99.65,99.65,99.57,99.6,4780.0,COP
2023-05-05 12:06:00,99.6,99.67,99.5851,99.67,7199.0,COP
2023-05-05 12:05:00,99.625,99.66,99.59,99.6,5517.0,COP
2023-05-05 12:04:00,99.64,99.675,99.62,99.63,6947.0,COP
2023-05-05 12:03:00,99.7,99.73,99.65,99.65,8233.0,COP
2023-05-05 12:02:00,99.71,99.73,99.66,99.71,8484.0,COP
2023-05-05 12:01:00,99.7,99.74,99.69,99.7,13748.0,COP
2023-05-05 12:00:00,99.735,99.75,99.65,99.71,6486.0,COP
2023-05-05 11:59:00,99.68,99.745,99.68,99.73,3374.0,COP
2023-05-05 11:58:00,99.67,99.67,99.57,99.65,6677.0,COP
2023-05-05 11:57:00,99.69,99.7,99.67,99.69,5416.0,COP
2023-05-05 11:56:00,99.69,99.7,99.65,99.68,12692.0,COP
2023-05-05 11:55:00,99.71,99.765,99.69,99.7,7537.0,COP
2023-05-05 11:54:00,99.73,99.73,99.65,99.66,8772.0,COP
2023-05-05 11:53:00,99.73,99.77,99.72,99.74,3873.0,COP
2023-05-05 11:52:00,99.6687,99.77,99.6687,99.7,5277.0,COP
2023-05-05 11:51:00,99.59,99.68,99.59,99.67,4691.0,COP
2023-05-05 11:50:00,99.56,99.64,99.56,99.57,6342.0,COP
2023-05-05 11:49:00,99.56,99.6,99.53,99.58,6421.0,COP
2023-05-05 11:48:00,99.37,99.57,99.37,99.56,6840.0,COP
2023-05-05 11:47:00,99.33,99.37,99.3,99.35,8806.0,COP
2023-05-05 11:46:00,99.38,99.39,99.34,99.34,8171.0,COP
2023-05-05 11:45:00,99.5,99.5,99.4,99.41,6439.0,COP
2023-05-05 11:44:00,99.495,99.495,99.43,99.49,6723.0,COP
2023-05-05 11:43:00,99.4801,99.49,99.455,99.465,5566.0,COP
2023-05-05 11:42:00,99.6,99.62,99.49,99.49,9301.0,COP
2023-05-05 11:41:00,99.59,99.65,99.5879,99.63,6278.0,COP
2023-05-05 11:40:00,99.64,99.66,99.56,99.585,12805.0,COP
2023-05-05 11:39:00,99.5,99.64,99.45,99.64,8566.0,COP
2023-05-05 11:38:00,99.51,99.55,99.49,99.49,7768.0,COP
2023-05-05 11:37:00,99.625,99.6599,99.51,99.53,11258.0,COP
2023-05-05 11:36:00,99.67,99.67,99.56,99.6,5772.0,COP
2023-05-05 11:35:00,99.53,99.7,99.53,99.7,9061.0,COP
2023-05-05 11:34:00,99.37,99.5412,99.37,99.52,11908.0,COP
2023-05-05 11:33:00,99.54,99.54,99.37,99.41,8527.0,COP
2023-05-05 11:32:00,99.56,99.63,99.5,99.55,9458.0,COP
2023-05-05 11:31:00,99.61,99.61,99.51,99.57,8611.0,COP
2023-05-05 11:30:00,99.65,99.65,99.56,99.6,4408.0,COP
2023-05-05 11:29:00,99.51,99.62,99.47,99.62,5431.0,COP
2023-05-05 11:28:00,99.52,99.56,99.47,99.5,6506.0,COP
2023-05-05 11:27:00,99.45,99.52,99.45,99.52,5522.0,COP
2023-05-05 11:26:00,99.54,99.55,99.43,99.48,4260.0,COP
2023-05-05 11:25:00,99.37,99.57,99.36,99.5554,14633.0,COP
2023-05-05 11:24:00,99.35,99.46,99.35,99.39,4480.0,COP
2023-05-05 11:23:00,99.49,99.49,99.32,99.32,8060.0,COP
2023-05-05 11:22:00,99.44,99.52,99.4,99.48,7330.0,COP
2023-05-05 11:21:00,99.24,99.44,99.24,99.44,3994.0,COP
2023-05-05 11:20:00,99.12,99.23,99.105,99.2,6544.0,COP
2023-05-05 11:19:00,99.205,99.21,99.11,99.11,9632.0,COP
2023-05-05 11:18:00,99.27,99.275,99.18,99.1957,9768.0,COP
2023-05-05 11:17:00,99.23,99.29,99.23,99.27,12681.0,COP
2023-05-05 11:16:00,99.16,99.22,99.09,99.22,8301.0,COP
2023-05-05 11:15:00,99.125,99.125,99.05,99.105,4642.0,COP
2023-05-05 11:14:00,99.09,99.125,99.02,99.125,7634.0,COP
2023-05-05 11:13:00,99.03,99.16,98.99,99.12,6768.0,COP
2023-05-05 11:12:00,99.055,99.14,98.94,99.025,11633.0,COP
2023-05-05 11:11:00,99.19,99.2,98.985,99.05,9906.0,COP
2023-05-05 11:10:00,99.39,99.39,99.19,99.19,15780.0,COP
2023-05-05 11:09:00,99.42,99.53,99.35,99.3795,17416.0,COP
2023-05-05 11:08:00,99.63,99.63,99.4082,99.42,21560.0,COP
2023-05-05 11:07:00,99.75,99.75,99.6,99.6,13565.0,COP
2023-05-05 11:06:00,99.81,99.83,99.73,99.74,12524.0,COP
2023-05-05 11:05:00,99.95,99.96,99.82,99.83,7040.0,COP
2023-05-05 11:04:00,100.085,100.11,99.9,99.93,5998.0,COP
2023-05-05 11:03:00,100.02,100.1,99.99,100.08,7044.0,COP
2023-05-05 11:02:00,99.915,100.06,99.9,100.02,13463.0,COP
2023-05-05 11:01:00,99.81,99.95,99.81,99.925,6017.0,COP
2023-05-05 11:00:00,99.79,99.83,99.69,99.82,8645.0,COP
2023-05-05 10:59:00,99.76,99.78,99.69,99.74,8994.0,COP
2023-05-05 10:58:00,99.74,99.89,99.7229,99.82,9469.0,COP
2023-05-05 10:57:00,99.78,99.8,99.705,99.75,8158.0,COP
2023-05-05 10:56:00,99.79,99.84,99.7,99.78,9874.0,COP
2023-05-05 10:55:00,99.955,99.96,99.8,99.83,10519.0,COP
2023-05-05 10:54:00,99.98,100.01,99.92,99.975,9545.0,COP
2023-05-05 10:53:00,100.05,100.05,99.93,99.97,7358.0,COP
2023-05-05 10:52:00,100.08,100.16,100.04,100.04,13869.0,COP
2023-05-05 10:51:00,100.045,100.1,99.96,100.09,11506.0,COP
2023-05-05 10:50:00,100.05,100.12,100.02,100.05,25751.0,COP
2023-05-05 10:49:00,100.08,100.11,100.03,100.05,10791.0,COP
2023-05-05 10:48:00,100.04,100.1227,100.03,100.08,11600.0,COP
2023-05-05 10:47:00,100.01,100.05,99.96,100.05,8192.0,COP
2023-05-05 10:46:00,100.1,100.12,100.015,100.02,9081.0,COP
2023-05-05 10:45:00,100.01,100.15,100.01,100.125,19714.0,COP
2023-05-05 10:44:00,100.08,100.12,100.0,100.03,15328.0,COP
2023-05-05 10:43:00,100.25,100.29,100.08,100.08,7358.0,COP
2023-05-05 10:42:00,100.41,100.46,100.265,100.285,8026.0,COP
2023-05-05 10:41:00,100.59,100.6,100.39,100.39,9490.0,COP
2023-05-05 10:40:00,100.72,100.72,100.55,100.58,11980.0,COP
2023-05-05 10:39:00,100.48,100.74,100.48,100.74,9286.0,COP
2023-05-05 10:38:00,100.43,100.5,100.35,100.5,8027.0,COP
2023-05-05 10:37:00,100.38,100.52,100.38,100.415,11879.0,COP
2023-05-05 10:36:00,100.46,100.46,100.32,100.38,21435.0,COP
2023-05-05 10:35:00,100.41,100.52,100.38,100.465,12264.0,COP
2023-05-05 10:34:00,100.45,100.5193,100.4,100.4,6593.0,COP
2023-05-05 10:33:00,100.63,100.63,100.46,100.52,56588.0,COP
2023-05-05 10:32:00,100.8,100.8,100.63,100.63,8260.0,COP
2023-05-05 10:31:00,100.65,100.83,100.65,100.76,8020.0,COP
2023-05-05 10:30:00,100.65,100.72,100.57,100.61,12646.0,COP
2023-05-05 10:29:00,100.599,100.66,100.52,100.65,7953.0,COP
2023-05-05 10:28:00,100.545,100.63,100.5,100.58,12424.0,COP
2023-05-05 10:27:00,100.54,100.61,100.47,100.505,6105.0,COP
2023-05-05 10:26:00,100.41,100.51,100.35,100.51,12120.0,COP
2023-05-05 10:25:00,100.476,100.49,100.35,100.43,15643.0,COP
2023-05-05 10:24:00,100.7,100.7,100.475,100.51,12476.0,COP
2023-05-05 10:23:00,100.86,100.86,100.67,100.68,7925.0,COP
2023-05-05 10:22:00,101.06,101.08,100.85,100.85,9323.0,COP
2023-05-05 10:21:00,101.08,101.09,100.93,101.06,10135.0,COP
2023-05-05 10:20:00,101.18,101.21,101.03,101.08,5950.0,COP
2023-05-05 10:19:00,101.02,101.23,101.02,101.1802,16022.0,COP
2023-05-05 10:18:00,101.07,101.07,100.93,100.99,99038.0,COP
2023-05-05 10:17:00,101.04,101.17,100.97,101.08,7689.0,COP
2023-05-05 10:16:00,101.1,101.1895,101.01,101.03,14678.0,COP
2023-05-05 10:15:00,101.22,101.31,101.11,101.11,21774.0,COP
2023-05-05 10:14:00,101.39,101.39,101.23,101.23,10891.0,COP
2023-05-05 10:13:00,101.45,101.5,101.37,101.38,14188.0,COP
2023-05-05 10:12:00,101.45,101.51,101.39,101.48,9499.0,COP
2023-05-05 10:11:00,101.54,101.6,101.45,101.46,14761.0,COP
2023-05-05 10:10:00,101.37,101.56,101.37,101.555,15648.0,COP
2023-05-05 10:09:00,101.31,101.41,101.235,101.38,12626.0,COP
2023-05-05 10:08:00,101.14,101.3706,101.14,101.32,13242.0,COP
2023-05-05 10:07:00,101.16,101.18,101.06,101.14,11833.0,COP
2023-05-05 10:06:00,100.855,101.18,100.855,101.11,16036.0,COP
2023-05-05 10:05:00,100.805,100.94,100.74,100.855,17293.0,COP
2023-05-05 10:04:00,100.69,100.82,100.62,100.8,8360.0,COP
2023-05-05 10:03:00,100.79,100.9,100.72,100.73,10821.0,COP
2023-05-05 10:02:00,101.05,101.07,100.78,100.815,18408.0,COP
2023-05-05 10:01:00,100.795,101.03,100.795,101.02,23820.0,COP
2023-05-05 10:00:00,100.9,100.92,100.75,100.81,6326.0,COP
2023-05-05 09:59:00,100.59,100.92,100.59,100.89,13847.0,COP
2023-05-05 09:58:00,100.5,100.62,100.5,100.58,11621.0,COP
2023-05-05 09:57:00,100.5,100.57,100.48,100.51,14116.0,COP
2023-05-05 09:56:00,100.5741,100.6,100.4,100.5,9250.0,COP
2023-05-05 09:55:00,100.425,100.6,100.355,100.55,29771.0,COP
2023-05-05 09:54:00,100.63,100.66,100.43,100.43,8747.0,COP
2023-05-05 09:53:00,100.62,100.75,100.58,100.64,6699.0,COP
2023-05-05 09:52:00,100.57,100.59,100.48,100.59,13522.0,COP
2023-05-05 09:51:00,100.565,100.64,100.46,100.64,23447.0,COP
2023-05-05 09:50:00,100.56,100.64,100.5,100.565,10663.0,COP
2023-05-05 09:49:00,100.48,100.5947,100.42,100.5947,11154.0,COP
2023-05-05 09:48:00,100.53,100.53,100.34,100.48,38632.0,COP
2023-05-05 09:47:00,100.54,100.56,100.44,100.555,9526.0,COP
2023-05-05 09:46:00,100.6,100.67,100.47,100.5,16393.0,COP
2023-05-05 09:45:00,100.64,100.79,100.55,100.58,15754.0,COP
2023-05-05 09:44:00,100.87,100.88,100.62,100.62,13537.0,COP
2023-05-05 09:43:00,100.65,100.89,100.635,100.89,14062.0,COP
2023-05-05 09:42:00,100.71,100.72,100.525,100.64,23044.0,COP
2023-05-05 09:41:00,100.62,100.73,100.48,100.68,23326.0,COP
2023-05-05 09:40:00,100.48,100.4893,100.256,100.4893,11749.0,COP
2023-05-05 09:39:00,100.545,100.63,100.48,100.5,15901.0,COP
2023-05-05 09:38:00,100.41,100.5,100.3013,100.49,11389.0,COP
2023-05-05 09:37:00,100.45,100.57,100.26,100.5,21954.0,COP
2023-05-05 09:36:00,100.6,100.68,100.42,100.51,17401.0,COP
2023-05-05 09:35:00,100.19,100.55,100.17,100.54,11550.0,COP
2023-05-05 09:34:00,100.21,100.39,100.03,100.14,9990.0,COP
2023-05-05 09:33:00,100.35,100.37,100.05,100.05,8856.0,COP
2023-05-05 09:32:00,101.1799,101.1799,100.3,100.3,19091.0,COP
2023-05-05 09:31:00,101.12,101.36,100.97,101.18,113304.0,COP
2023-05-05 09:30:00,100.65,101.0,100.65,100.98,3382.0,COP
2023-05-05 09:29:00,100.51,100.99,100.5,100.75,2455.0,COP
2023-05-05 09:25:00,99.82,99.82,99.75,99.75,615.0,COP
2023-05-05 09:23:00,99.96,99.96,99.96,99.96,276.0,COP
2023-05-05 09:20:00,99.93,99.93,99.93,99.93,100.0,COP
2023-05-05 09:13:00,99.8,99.8,99.8,99.8,627.0,COP
2023-05-05 08:52:00,99.8,99.8,99.8,99.8,100.0,COP
2023-05-05 08:50:00,97.36,97.36,97.36,97.36,3290.0,COP
2023-05-05 08:32:00,99.37,99.37,99.37,99.37,256.0,COP
2023-05-05 08:29:00,99.69,99.69,99.69,99.69,100.0,COP
2023-05-05 08:25:00,99.4,99.4,99.4,99.4,141.0,COP
2023-05-05 08:20:00,99.55,99.55,99.54,99.54,247.0,COP
2023-05-05 08:01:00,99.71,99.71,98.82,98.82,2251.0,COP
2023-05-05 07:21:00,99.41,99.41,99.41,99.41,199.0,COP
2023-05-05 07:02:00,99.65,99.65,99.65,99.65,186.0,COP
2023-05-05 07:01:00,99.5,99.5,99.5,99.5,388.0,COP
2023-05-05 06:33:00,99.65,99.65,99.65,99.65,120.0,COP
2023-05-04 19:37:00,97.75,97.75,97.75,97.75,1000.0,COP
2023-05-04 18:37:00,97.47,97.47,97.47,97.47,102.0,COP
2023-05-04 17:17:00,97.36,97.36,97.36,97.36,450.0,COP
2023-05-04 17:03:00,97.36,97.36,97.36,97.36,510.0,COP
2023-05-04 17:02:00,97.35,97.36,97.35,97.36,1000.0,COP
2023-05-04 16:39:00,97.36,97.36,97.36,97.36,100.0,COP
2023-05-04 16:33:00,97.36,97.36,97.36,97.36,510.0,COP
2023-05-04 16:31:00,97.36,97.36,97.36,97.36,1700.0,COP
2023-05-04 16:16:00,97.36,97.36,97.36,97.36,1917.0,COP
2023-05-04 16:11:00,97.36,97.36,97.36,97.36,2332.0,COP
2023-05-04 16:07:00,97.36,97.36,97.36,97.36,7890.0,COP
2023-05-04 16:01:00,97.36,97.36,97.36,97.36,99691.0,COP
2023-05-04 16:00:00,97.49,97.49,97.3,97.39,78280.0,COP
2023-05-04 15:59:00,97.58,97.58,97.45,97.485,70959.0,COP
2023-05-04 15:58:00,97.71,97.71,97.55,97.58,66244.0,COP
2023-05-04 15:57:00,97.66,97.73,97.59,97.705,77530.0,COP
2023-05-04 15:56:00,97.64,97.69,97.45,97.655,55098.0,COP
2023-05-04 15:55:00,97.56,97.65,97.49,97.64,38250.0,COP
2023-05-04 15:54:00,97.62,97.7,97.54,97.57,33848.0,COP
2023-05-04 15:53:00,97.53,97.6,97.46,97.59,31068.0,COP
2023-05-04 15:52:00,97.48,97.56,97.46,97.52,36051.0,COP
2023-05-04 15:51:00,97.7,97.7,97.455,97.48,35196.0,COP
2023-05-04 15:50:00,97.52,97.73,97.52,97.72,13648.0,COP
2023-05-04 15:49:00,97.5,97.54,97.44,97.525,21856.0,COP
2023-05-04 15:48:00,97.36,97.52,97.36,97.5,18288.0,COP
2023-05-04 15:47:00,97.41,97.42,97.33,97.36,24034.0,COP
2023-05-04 15:46:00,97.485,97.49,97.37,97.41,20416.0,COP
2023-05-04 15:45:00,97.51,97.56,97.49,97.49,19773.0,COP
2023-05-04 15:44:00,97.59,97.6,97.5,97.51,20714.0,COP
2023-05-04 15:43:00,97.645,97.65,97.53,97.59,27517.0,COP
2023-05-04 15:42:00,97.65,97.705,97.64,97.64,16240.0,COP
2023-05-04 15:41:00,97.73,97.74,97.66,97.67,18163.0,COP
2023-05-04 15:40:00,97.73,97.77,97.72,97.73,17104.0,COP
2023-05-04 15:39:00,97.83,97.8451,97.69,97.73,20250.0,COP
2023-05-04 15:38:00,97.88,97.89,97.82,97.84,18273.0,COP
2023-05-04 15:37:00,97.75,97.86,97.75,97.86,12786.0,COP
2023-05-04 15:36:00,97.73,97.75,97.68,97.75,20061.0,COP
2023-05-04 15:35:00,97.74,97.84,97.725,97.73,28981.0,COP
2023-05-04 15:34:00,97.79,97.82,97.71,97.74,15925.0,COP
2023-05-04 15:33:00,97.81,97.8556,97.57,97.8,24186.0,COP
2023-05-04 15:32:00,97.755,97.82,97.75,97.815,16374.0,COP
2023-05-04 15:31:00,97.7,97.76,97.69,97.75,12194.0,COP
2023-05-04 15:30:00,97.73,97.7625,97.71,97.72,15593.0,COP
2023-05-04 15:29:00,97.63,97.74,97.63,97.72,22105.0,COP
2023-05-04 15:28:00,97.68,97.68,97.61,97.62,12336.0,COP
2023-05-04 15:27:00,97.7325,97.735,97.66,97.68,9950.0,COP
2023-05-04 15:26:00,97.62,97.73,97.6,97.71,12659.0,COP
2023-05-04 15:25:00,97.61,97.64,97.58,97.61,11599.0,COP
2023-05-04 15:24:00,97.56,97.6125,97.51,97.6051,18406.0,COP
2023-05-04 15:23:00,97.55,97.56,97.5,97.55,15025.0,COP
2023-05-04 15:22:00,97.59,97.6,97.5458,97.55,11740.0,COP
2023-05-04 15:21:00,97.68,97.685,97.55,97.58,18396.0,COP
2023-05-04 15:20:00,97.61,97.7125,97.61,97.69,10155.0,COP
2023-05-04 15:19:00,97.66,97.665,97.59,97.64,10298.0,COP
2023-05-04 15:18:00,97.67,97.67,97.62,97.64,6364.0,COP
2023-05-04 15:17:00,97.615,97.67,97.6,97.64,9812.0,COP
2023-05-04 15:16:00,97.775,97.775,97.61,97.64,18018.0,COP
2023-05-04 15:15:00,97.82,97.84,97.78,97.79,12899.0,COP
2023-05-04 15:14:00,97.85,97.86,97.79,97.83,7753.0,COP
2023-05-04 15:13:00,98.075,98.075,97.865,97.88,20168.0,COP
2023-05-04 15:12:00,98.05,98.11,98.04,98.07,11885.0,COP
2023-05-04 15:11:00,98.0821,98.0821,98.02,98.06,8779.0,COP
2023-05-04 15:10:00,98.115,98.14,98.07,98.08,12516.0,COP
2023-05-04 15:09:00,98.03,98.12,98.02,98.1,9705.0,COP
2023-05-04 15:08:00,98.02,98.14,97.98,98.03,31684.0,COP
2023-05-04 15:07:00,97.985,98.05,97.985,98.03,15760.0,COP
2023-05-04 15:06:00,97.99,97.99,97.94,97.99,8472.0,COP
2023-05-04 15:05:00,97.86,98.04,97.8401,98.0,22470.0,COP
2023-05-04 15:04:00,98.0,98.0,97.845,97.8643,11050.0,COP
2023-05-04 15:03:00,98.0075,98.0075,97.94,97.99,9499.0,COP
2023-05-04 15:02:00,98.0,98.0125,97.92,98.0125,9256.0,COP
2023-05-04 15:01:00,97.92,98.005,97.92,98.0,17821.0,COP
2023-05-04 15:00:00,97.83,97.915,97.83,97.91,8930.0,COP
2023-05-04 14:59:00,97.85,97.8699,97.82,97.82,6978.0,COP
2023-05-04 14:58:00,97.77,97.87,97.77,97.84,11690.0,COP
2023-05-04 14:57:00,97.69,97.77,97.69,97.77,7029.0,COP
2023-05-04 14:56:00,97.7,97.72,97.64,97.695,6797.0,COP
2023-05-04 14:55:00,97.67,97.7,97.66,97.67,5247.0,COP
2023-05-04 14:54:00,97.67,97.7125,97.64,97.67,10638.0,COP
2023-05-04 14:53:00,97.61,97.66,97.58,97.66,5706.0,COP
2023-05-04 14:52:00,97.6,97.65,97.58,97.6,10615.0,COP
2023-05-04 14:51:00,97.41,97.6,97.4,97.6,8617.0,COP
2023-05-04 14:50:00,97.44,97.465,97.42,97.42,5483.0,COP
2023-05-04 14:49:00,97.505,97.53,97.46,97.46,8832.0,COP
2023-05-04 14:48:00,97.52,97.54,97.48,97.5154,5810.0,COP
2023-05-04 14:47:00,97.53,97.615,97.51,97.535,16235.0,COP
2023-05-04 14:46:00,97.51,97.56,97.5,97.54,8146.0,COP
2023-05-04 14:45:00,97.56,97.56,97.47,97.5,5515.0,COP
2023-05-04 14:44:00,97.5501,97.595,97.52,97.56,10082.0,COP
2023-05-04 14:43:00,97.5201,97.555,97.48,97.555,6543.0,COP
2023-05-04 14:42:00,97.52,97.57,97.52,97.5324,9220.0,COP
2023-05-04 14:41:00,97.52,97.5986,97.51,97.55,9097.0,COP
2023-05-04 14:40:00,97.47,97.53,97.45,97.53,6978.0,COP
2023-05-04 14:39:00,97.59,97.645,97.44,97.46,19635.0,COP
2023-05-04 14:38:00,97.6895,97.6895,97.57,97.57,7811.0,COP
2023-05-04 14:37:00,97.65,97.69,97.61,97.67,8977.0,COP
2023-05-04 14:36:00,97.56,97.6725,97.56,97.65,10682.0,COP
2023-05-04 14:35:00,97.45,97.57,97.45,97.54,18365.0,COP
2023-05-04 14:34:00,97.465,97.47,97.42,97.46,6338.0,COP
2023-05-04 14:33:00,97.38,97.465,97.36,97.465,6544.0,COP
2023-05-04 14:32:00,97.41,97.41,97.32,97.38,6129.0,COP
2023-05-04 14:31:00,97.39,97.46,97.35,97.43,7651.0,COP
2023-05-04 14:30:00,97.43,97.5,97.39,97.4,8901.0,COP
2023-05-04 14:29:00,97.41,97.4575,97.4003,97.42,7254.0,COP
2023-05-04 14:28:00,97.49,97.49,97.37,97.4,11334.0,COP
2023-05-04 14:27:00,97.45,97.475,97.381,97.475,10240.0,COP
2023-05-04 14:26:00,97.53,97.53,97.4397,97.4397,5738.0,COP
2023-05-04 14:25:00,97.64,97.65,97.53,97.53,11279.0,COP
2023-05-04 14:24:00,97.55,97.655,97.55,97.6546,6887.0,COP
2023-05-04 14:23:00,97.63,97.63,97.515,97.54,6019.0,COP
2023-05-04 14:22:00,97.675,97.73,97.65,97.65,7853.0,COP
2023-05-04 14:21:00,97.64,97.755,97.64,97.68,12590.0,COP
2023-05-04 14:20:00,97.54,97.64,97.54,97.6259,7674.0,COP
2023-05-04 14:19:00,97.6318,97.65,97.52,97.53,13451.0,COP
2023-05-04 14:18:00,97.6502,97.66,97.6,97.66,6897.0,COP
2023-05-04 14:17:00,97.58,97.72,97.54,97.66,11848.0,COP
2023-05-04 14:16:00,97.68,97.72,97.6,97.6,14198.0,COP
2023-05-04 14:15:00,97.6325,97.7,97.61,97.7,5320.0,COP
2023-05-04 14:14:00,97.545,97.62,97.535,97.6125,10887.0,COP
2023-05-04 14:13:00,97.44,97.59,97.44,97.54,11030.0,COP
2023-05-04 14:12:00,97.59,97.59,97.44,97.44,16870.0,COP
2023-05-04 14:11:00,97.66,97.67,97.55,97.6234,49985.0,COP
2023-05-04 14:10:00,97.64,97.675,97.6,97.6621,10721.0,COP
2023-05-04 14:09:00,97.6,97.66,97.6,97.6,12269.0,COP
2023-05-04 14:08:00,97.49,97.6341,97.49,97.59,13238.0,COP
2023-05-04 14:07:00,97.52,97.52,97.39,97.46,9553.0,COP
2023-05-04 14:06:00,97.36,97.53,97.35,97.53,11581.0,COP
2023-05-04 14:05:00,97.42,97.475,97.33,97.39,10767.0,COP
2023-05-04 14:04:00,97.38,97.43,97.35,97.41,10689.0,COP
2023-05-04 14:03:00,97.45,97.45,97.37,97.4,9071.0,COP
2023-05-04 14:02:00,97.47,97.49,97.4,97.45,14462.0,COP
2023-05-04 14:01:00,97.35,97.51,97.34,97.48,11936.0,COP
2023-05-04 14:00:00,97.38,97.39,97.28,97.33,9054.0,COP
2023-05-04 13:59:00,97.39,97.43,97.39,97.4,9113.0,COP
2023-05-04 13:58:00,97.41,97.42,97.32,97.39,17577.0,COP
2023-05-04 13:57:00,97.3,97.4159,97.29,97.4159,7030.0,COP
2023-05-04 13:56:00,97.35,97.41,97.25,97.28,14308.0,COP
2023-05-04 13:55:00,97.205,97.35,97.205,97.3,27414.0,COP
2023-05-04 13:54:00,97.04,97.24,97.03,97.2,13092.0,COP
2023-05-04 13:53:00,97.07,97.09,97.02,97.0407,12100.0,COP
2023-05-04 13:52:00,97.04,97.11,96.97,97.09,11544.0,COP
2023-05-04 13:51:00,97.12,97.12,97.0,97.01,12700.0,COP
2023-05-04 13:50:00,97.15,97.1631,97.09,97.135,10877.0,COP
2023-05-04 13:49:00,97.25,97.25,97.13,97.135,18171.0,COP
2023-05-04 13:48:00,97.22,97.29,97.21,97.25,13040.0,COP
2023-05-04 13:47:00,97.25,97.3,97.18,97.21,13549.0,COP
2023-05-04 13:46:00,97.18,97.29,97.13,97.29,18264.0,COP
2023-05-04 13:45:00,97.295,97.295,97.16,97.2,9743.0,COP
2023-05-04 13:44:00,97.255,97.3,97.17,97.295,9632.0,COP
2023-05-04 13:43:00,97.42,97.43,97.23,97.245,78653.0,COP
2023-05-04 13:42:00,97.3525,97.4,97.35,97.38,11175.0,COP
2023-05-04 13:41:00,97.42,97.435,97.355,97.36,15274.0,COP
2023-05-04 13:40:00,97.295,97.42,97.295,97.41,14498.0,COP
2023-05-04 13:39:00,97.36,97.36,97.29,97.29,11293.0,COP
2023-05-04 13:38:00,97.5513,97.5513,97.365,97.365,7312.0,COP
2023-05-04 13:37:00,97.44,97.57,97.435,97.56,12209.0,COP
2023-05-04 13:36:00,97.6,97.625,97.42,97.425,31654.0,COP
2023-05-04 13:35:00,97.555,97.64,97.48,97.62,14187.0,COP
2023-05-04 13:34:00,97.66,97.665,97.54,97.555,8894.0,COP
2023-05-04 13:33:00,97.58,97.72,97.56,97.685,8503.0,COP
2023-05-04 13:32:00,97.5216,97.58,97.47,97.555,9939.0,COP
2023-05-04 13:31:00,97.45,97.52,97.3978,97.52,11109.0,COP
2023-05-04 13:30:00,97.49,97.51,97.39,97.44,14577.0,COP
2023-05-04 13:29:00,97.5,97.57,97.48,97.49,11245.0,COP
2023-05-04 13:28:00,97.6,97.6728,97.54,97.54,8189.0,COP
2023-05-04 13:27:00,97.73,97.73,97.545,97.585,9901.0,COP
2023-05-04 13:26:00,97.69,97.7872,97.69,97.73,7753.0,COP
2023-05-04 13:25:00,97.77,97.79,97.655,97.68,27477.0,COP
2023-05-04 13:24:00,97.59,97.75,97.55,97.73,37803.0,COP
2023-05-04 13:23:00,97.495,97.68,97.495,97.6,17120.0,COP
2023-05-04 13:22:00,97.39,97.49,97.36,97.49,11849.0,COP
2023-05-04 13:21:00,97.28,97.45,97.265,97.39,24651.0,COP
2023-05-04 13:20:00,97.235,97.34,97.235,97.2786,9057.0,COP
2023-05-04 13:19:00,97.21,97.3,97.15,97.23,12214.0,COP
2023-05-04 13:18:00,97.12,97.23,97.09,97.21,11437.0,COP
2023-05-04 13:17:00,97.05,97.13,97.02,97.1233,9153.0,COP
2023-05-04 13:16:00,96.915,97.055,96.9,97.02,9353.0,COP
2023-05-04 13:15:00,97.05,97.08,96.905,96.905,7789.0,COP
2023-05-04 13:14:00,97.01,97.14,97.0001,97.03,7923.0,COP
2023-05-04 13:13:00,97.07,97.1,96.99,97.0,10065.0,COP
2023-05-04 13:12:00,97.13,97.16,97.08,97.08,6297.0,COP
2023-05-04 13:11:00,97.09,97.13,97.03,97.12,7920.0,COP
2023-05-04 13:10:00,97.04,97.12,97.02,97.09,10894.0,COP
2023-05-04 13:09:00,96.94,97.03,96.94,97.025,6710.0,COP
2023-05-04 13:08:00,97.08,97.11,96.9498,96.9498,8679.0,COP
2023-05-04 13:07:00,97.06,97.09,97.01,97.07,9503.0,COP
2023-05-04 13:06:00,97.0516,97.06,97.005,97.04,8757.0,COP
2023-05-04 13:05:00,97.0,97.055,96.98,97.025,7967.0,COP
2023-05-04 13:04:00,97.08,97.08,97.0,97.0,5091.0,COP
2023-05-04 13:03:00,97.05,97.11,97.04,97.09,7853.0,COP
2023-05-04 13:02:00,97.14,97.14,97.04,97.045,9362.0,COP
2023-05-04 13:01:00,97.115,97.22,97.05,97.11,17383.0,COP
2023-05-04 13:00:00,97.11,97.13,97.08,97.1,9822.0,COP
2023-05-04 12:59:00,97.09,97.19,97.08,97.115,13923.0,COP
2023-05-04 12:58:00,97.0233,97.1,96.9399,97.09,14496.0,COP
2023-05-04 12:57:00,97.03,97.04,96.94,97.0,6428.0,COP
2023-05-04 12:56:00,96.93,97.02,96.875,97.02,7527.0,COP
2023-05-04 12:55:00,96.82,96.96,96.82,96.94,5464.0,COP
2023-05-04 12:54:00,96.73,96.8,96.71,96.7875,5167.0,COP
2023-05-04 12:53:00,96.79,96.83,96.74,96.74,6300.0,COP
2023-05-04 12:52:00,96.91,96.915,96.8,96.8,10273.0,COP
2023-05-04 12:51:00,97.045,97.045,96.87,96.9,5428.0,COP
2023-05-04 12:50:00,96.98,97.08,96.97,97.04,5823.0,COP
2023-05-04 12:49:00,96.88,97.0,96.88,97.0,3884.0,COP
2023-05-04 12:48:00,96.87,96.9075,96.84,96.88,8245.0,COP
2023-05-04 12:47:00,96.68,96.85,96.68,96.845,8356.0,COP
2023-05-04 12:46:00,96.82,96.82,96.68,96.7,7426.0,COP
2023-05-04 12:45:00,96.89,96.9447,96.82,96.82,4325.0,COP
2023-05-04 12:44:00,96.95,97.05,96.91,96.91,7402.0,COP
2023-05-04 12:43:00,96.9293,96.93,96.86,96.93,4195.0,COP
2023-05-04 12:42:00,97.0932,97.0932,96.94,96.94,11916.0,COP
2023-05-04 12:41:00,97.04,97.11,97.015,97.08,15638.0,COP
2023-05-04 12:40:00,96.98,97.01,96.97,97.01,6290.0,COP
2023-05-04 12:39:00,96.97,97.02,96.92,96.99,7373.0,COP
2023-05-04 12:38:00,96.98,97.01,96.95,96.98,7302.0,COP
2023-05-04 12:37:00,97.01,97.03,96.91,96.98,13497.0,COP
2023-05-04 12:36:00,96.91,96.97,96.9,96.97,4110.0,COP
2023-05-04 12:35:00,96.9,97.0,96.89,96.945,6162.0,COP
2023-05-04 12:34:00,96.93,96.95,96.89,96.895,6710.0,COP
2023-05-04 12:33:00,97.0087,97.03,96.86,96.87,7181.0,COP
2023-05-04 12:32:00,97.0,97.0,96.85,96.98,12284.0,COP
2023-05-04 12:31:00,97.01,97.025,96.91,97.0,9881.0,COP
2023-05-04 12:30:00,96.895,96.99,96.89,96.99,7093.0,COP
2023-05-04 12:29:00,96.9701,97.03,96.81,96.89,10424.0,COP
2023-05-04 12:28:00,96.95,96.97,96.84,96.97,8527.0,COP
2023-05-04 12:27:00,96.92,96.96,96.83,96.92,9807.0,COP
2023-05-04 12:26:00,97.02,97.04,96.93,96.93,8891.0,COP
2023-05-04 12:25:00,97.0701,97.12,97.02,97.02,8983.0,COP
2023-05-04 12:24:00,97.025,97.06,96.975,97.06,9093.0,COP
2023-05-04 12:23:00,97.04,97.1,96.97,97.03,12688.0,COP
2023-05-04 12:22:00,97.02,97.12,97.01,97.01,13058.0,COP
2023-05-04 12:21:00,97.065,97.08,96.98,96.995,4903.0,COP
2023-05-04 12:20:00,97.0,97.12,96.94,97.085,8485.0,COP
2023-05-04 12:19:00,97.33,97.33,97.0,97.0,14972.0,COP
2023-05-04 12:18:00,97.21,97.38,97.21,97.33,10993.0,COP
2023-05-04 12:17:00,97.19,97.22,97.16,97.21,9191.0,COP
2023-05-04 12:16:00,97.14,97.19,97.0725,97.185,9952.0,COP
2023-05-04 12:15:00,97.11,97.19,97.1,97.12,10099.0,COP
2023-05-04 12:14:00,97.1,97.2,97.1,97.125,5467.0,COP
2023-05-04 12:13:00,97.11,97.15,97.07,97.095,7846.0,COP
2023-05-04 12:12:00,97.0,97.145,97.0,97.13,10259.0,COP
2023-05-04 12:11:00,96.98,97.01,96.94,96.98,15799.0,COP
2023-05-04 12:10:00,96.955,97.02,96.895,96.95,24962.0,COP
2023-05-04 12:09:00,96.91,96.97,96.83,96.945,29438.0,COP
2023-05-04 12:08:00,96.995,97.01,96.82,96.9,10647.0,COP
2023-05-04 12:07:00,96.91,97.02,96.89,96.99,8011.0,COP
2023-05-04 12:06:00,96.82,96.95,96.82,96.92,5561.0,COP
2023-05-04 12:05:00,97.03,97.03,96.805,96.855,7735.0,COP
2023-05-04 12:04:00,97.06,97.15,97.0455,97.07,10415.0,COP
2023-05-04 12:03:00,97.07,97.14,97.02,97.075,15182.0,COP
2023-05-04 12:02:00,97.17,97.19,97.05,97.08,16094.0,COP
2023-05-04 12:01:00,97.18,97.205,97.11,97.13,7080.0,COP
2023-05-04 12:00:00,97.34,97.34,97.21,97.21,11033.0,COP
2023-05-04 11:59:00,97.23,97.32,97.23,97.32,5559.0,COP
2023-05-04 11:58:00,97.32,97.32,97.1725,97.25,10113.0,COP
2023-05-04 11:57:00,97.26,97.31,97.2,97.31,33390.0,COP
2023-05-04 11:56:00,97.32,97.32,97.22,97.25,8175.0,COP
2023-05-04 11:55:00,97.39,97.41,97.31,97.32,9040.0,COP
2023-05-04 11:54:00,97.47,97.48,97.345,97.39,10440.0,COP
2023-05-04 11:53:00,97.41,97.48,97.38,97.48,10519.0,COP
2023-05-04 11:52:00,97.34,97.45,97.33,97.38,12198.0,COP
2023-05-04 11:51:00,97.42,97.47,97.34,97.34,7314.0,COP
2023-05-04 11:50:00,97.46,97.5,97.35,97.395,13415.0,COP
2023-05-04 11:49:00,97.53,97.53,97.44,97.46,7579.0,COP
2023-05-04 11:48:00,97.495,97.5788,97.41,97.54,12274.0,COP
2023-05-04 11:47:00,97.56,97.56,97.42,97.47,8891.0,COP
2023-05-04 11:46:00,97.4325,97.55,97.41,97.54,9310.0,COP
2023-05-04 11:45:00,97.48,97.545,97.46,97.46,14434.0,COP
2023-05-04 11:44:00,97.35,97.5525,97.33,97.5217,10467.0,COP
2023-05-04 11:43:00,97.22,97.36,97.1872,97.34,14952.0,COP
2023-05-04 11:42:00,97.2,97.22,97.15,97.22,10162.0,COP
2023-05-04 11:41:00,97.16,97.2422,97.135,97.21,9855.0,COP
2023-05-04 11:40:00,97.14,97.19,97.1,97.125,11130.0,COP
2023-05-04 11:39:00,97.25,97.265,97.09,97.16,6117.0,COP
2023-05-04 11:38:00,97.16,97.24,97.1,97.24,15269.0,COP
2023-05-04 11:37:00,97.2,97.2,97.13,97.16,8144.0,COP
2023-05-04 11:36:00,97.36,97.4,97.19,97.24,8511.0,COP
2023-05-04 11:35:00,97.39,97.44,97.34,97.34,13852.0,COP
2023-05-04 11:34:00,97.36,97.44,97.33,97.34,8576.0,COP
2023-05-04 11:33:00,97.5,97.57,97.34,97.34,12649.0,COP
2023-05-04 11:32:00,97.6,97.65,97.5,97.5,13652.0,COP
2023-05-04 11:31:00,97.86,97.89,97.6,97.6,16746.0,COP
2023-05-04 11:30:00,97.98,97.98,97.8111,97.82,38270.0,COP
2023-05-04 11:29:00,98.09,98.09,97.89,97.91,28223.0,COP
2023-05-04 11:28:00,98.04,98.125,98.02,98.095,13568.0,COP
2023-05-04 11:27:00,97.85,98.02,97.85,98.02,9010.0,COP
2023-05-04 11:26:00,97.98,98.03,97.82,97.8958,7954.0,COP
2023-05-04 11:25:00,98.12,98.165,98.01,98.03,9210.0,COP
2023-05-04 11:24:00,98.13,98.24,98.11,98.16,10725.0,COP
2023-05-04 11:23:00,97.95,98.1235,97.95,98.115,12976.0,COP
2023-05-04 11:22:00,97.91,98.01,97.89,97.93,10338.0,COP
2023-05-04 11:21:00,98.005,98.06,97.83,97.97,12010.0,COP
2023-05-04 11:20:00,97.86,98.02,97.8241,98.02,7538.0,COP
2023-05-04 11:19:00,97.85,98.03,97.85,97.89,11212.0,COP
2023-05-04 11:18:00,97.9,97.92,97.81,97.84,15796.0,COP
2023-05-04 11:17:00,97.94,98.06,97.89,97.9,11190.0,COP
2023-05-04 11:16:00,97.89,98.03,97.88,97.92,12889.0,COP
2023-05-04 11:15:00,98.17,98.18,97.895,97.895,17852.0,COP
2023-05-04 11:14:00,98.25,98.25,98.11,98.18,10132.0,COP
2023-05-04 11:13:00,98.15,98.32,98.15,98.24,9766.0,COP
2023-05-04 11:12:00,98.17,98.27,98.08,98.1221,9986.0,COP
2023-05-04 11:11:00,98.33,98.41,98.11,98.18,21994.0,COP
2023-05-04 11:10:00,98.38,98.51,98.295,98.32,19788.0,COP
2023-05-04 11:09:00,98.44,98.45,98.36,98.385,16837.0,COP
2023-05-04 11:08:00,98.27,98.52,98.21,98.44,14537.0,COP
2023-05-04 11:07:00,98.3111,98.36,98.2,98.255,10195.0,COP
2023-05-04 11:06:00,98.41,98.47,98.27,98.37,20526.0,COP
2023-05-04 11:05:00,98.04,98.45,98.035,98.45,9311.0,COP
2023-05-04 11:04:00,97.89,98.19,97.87,98.03,18184.0,COP
2023-05-04 11:03:00,97.74,97.97,97.74,97.875,14130.0,COP
2023-05-04 11:02:00,97.585,97.715,97.575,97.715,7301.0,COP
2023-05-04 11:01:00,97.55,97.6,97.42,97.55,8046.0,COP
2023-05-04 11:00:00,97.46,97.615,97.455,97.59,12441.0,COP
2023-05-04 10:59:00,97.69,97.7,97.45,97.46,9012.0,COP
2023-05-04 10:58:00,97.88,97.89,97.7,97.74,12409.0,COP
2023-05-04 10:57:00,97.87,97.91,97.75,97.91,7885.0,COP
2023-05-04 10:56:00,97.83,97.92,97.775,97.86,8931.0,COP
2023-05-04 10:55:00,97.93,97.93,97.825,97.87,5883.0,COP
2023-05-04 10:54:00,97.86,98.1,97.83,97.99,18299.0,COP
2023-05-04 10:53:00,97.93,98.1369,97.86,97.96,15560.0,COP
2023-05-04 10:52:00,97.695,97.92,97.64,97.92,6387.0,COP
2023-05-04 10:51:00,97.73,97.9284,97.72,97.75,9242.0,COP
2023-05-04 10:50:00,97.79,97.955,97.69,97.695,13196.0,COP
2023-05-04 10:49:00,97.62,97.87,97.53,97.83,10916.0,COP
2023-05-04 10:48:00,97.44,97.6628,97.44,97.6628,8172.0,COP
2023-05-04 10:47:00,96.84,97.49,96.84,97.45,21915.0,COP
2023-05-04 10:46:00,96.84,97.0,96.815,96.89,11817.0,COP
2023-05-04 10:45:00,96.84,96.87,96.74,96.79,7617.0,COP
2023-05-04 10:44:00,97.105,97.105,96.82,96.87,20976.0,COP
2023-05-04 10:43:00,97.01,97.2336,97.01,97.06,24380.0,COP
2023-05-04 10:42:00,96.89,97.11,96.81,97.01,10384.0,COP
2023-05-04 10:41:00,97.0,97.03,96.88,96.92,10255.0,COP
2023-05-04 10:40:00,96.95,97.06,96.86,97.0,12150.0,COP
2023-05-04 10:39:00,96.92,97.0325,96.8101,96.96,8459.0,COP
2023-05-04 10:38:00,96.8,96.96,96.77,96.88,11946.0,COP
2023-05-04 10:37:00,97.0285,97.03,96.76,96.82,17582.0,COP
2023-05-04 10:36:00,96.97,97.1,96.82,97.005,21418.0,COP
2023-05-04 10:35:00,96.55,96.955,96.42,96.955,18772.0,COP
2023-05-04 10:34:00,96.46,96.61,96.43,96.55,11719.0,COP
2023-05-04 10:33:00,96.61,96.61,96.45,96.52,12299.0,COP
2023-05-04 10:32:00,96.41,96.65,96.38,96.57,22326.0,COP
2023-05-04 10:31:00,96.41,96.445,96.245,96.43,14302.0,COP
2023-05-04 10:30:00,96.355,96.46,96.34,96.38,14327.0,COP
2023-05-04 10:29:00,96.56,96.626,96.35,96.38,13368.0,COP
2023-05-04 10:28:00,96.62,96.76,96.51,96.51,12665.0,COP
2023-05-04 10:27:00,96.9,96.9,96.55,96.62,15561.0,COP
2023-05-04 10:26:00,97.035,97.07,96.9,96.93,11201.0,COP
2023-05-04 10:25:00,96.92,97.025,96.89,97.01,9727.0,COP
2023-05-04 10:24:00,96.91,97.08,96.83,96.9,8071.0,COP
2023-05-04 10:23:00,96.8625,97.0,96.85,96.88,11862.0,COP
2023-05-04 10:22:00,96.89,97.0,96.82,96.885,8013.0,COP
2023-05-04 10:21:00,97.13,97.17,96.87,96.91,11674.0,COP
2023-05-04 10:20:00,96.99,97.25,96.98,97.14,14130.0,COP
2023-05-04 10:19:00,96.72,97.15,96.72,96.91,21552.0,COP
2023-05-04 10:18:00,96.69,96.74,96.555,96.7281,15230.0,COP
2023-05-04 10:17:00,97.075,97.075,96.69,96.72,18236.0,COP
2023-05-04 10:16:00,96.95,97.325,96.93,97.11,23088.0,COP
2023-05-04 10:15:00,97.01,97.07,96.91,96.94,9403.0,COP
2023-05-04 10:14:00,96.89,97.145,96.89,97.0,10683.0,COP
2023-05-04 10:13:00,96.7,97.0175,96.64,96.93,15966.0,COP
2023-05-04 10:12:00,96.96,97.02,96.7,96.7,15097.0,COP
2023-05-04 10:11:00,96.95,97.085,96.935,96.94,18188.0,COP
2023-05-04 10:10:00,97.0,97.03,96.86,96.915,18935.0,COP
2023-05-04 10:09:00,97.16,97.16,96.825,97.03,22878.0,COP
2023-05-04 10:08:00,97.36,97.38,97.09,97.15,23388.0,COP
2023-05-04 10:07:00,97.27,97.51,97.27,97.4,21915.0,COP
2023-05-04 10:06:00,97.19,97.25,97.08,97.25,23708.0,COP
2023-05-04 10:05:00,97.39,97.39,97.06,97.15,26234.0,COP
2023-05-04 10:04:00,97.35,97.43,97.29,97.375,20920.0,COP
2023-05-04 10:03:00,97.34,97.5232,97.27,97.34,25098.0,COP
2023-05-04 10:02:00,97.43,97.6,97.34,97.38,17066.0,COP
2023-05-04 10:01:00,97.37,97.555,97.325,97.51,24902.0,COP
2023-05-04 10:00:00,97.385,97.47,97.29,97.38,12450.0,COP
2023-05-04 09:59:00,97.89,97.89,97.33,97.39,14171.0,COP
2023-05-04 09:58:00,97.55,98.03,97.55,97.905,34642.0,COP
2023-05-04 09:57:00,97.53,97.57,97.37,97.55,27600.0,COP
2023-05-04 09:56:00,97.51,97.58,97.43,97.51,28244.0,COP
2023-05-04 09:55:00,97.47,97.61,97.41,97.51,47613.0,COP
2023-05-04 09:54:00,97.25,97.59,97.23,97.485,25672.0,COP
2023-05-04 09:53:00,97.39,97.42,97.24,97.27,11705.0,COP
2023-05-04 09:52:00,97.41,97.57,97.33,97.415,22720.0,COP
2023-05-04 09:51:00,97.18,97.42,97.18,97.415,19375.0,COP
2023-05-04 09:50:00,96.92,97.315,96.85,97.2,17821.0,COP
2023-05-04 09:49:00,96.84,97.08,96.73,96.87,22021.0,COP
2023-05-04 09:48:00,96.89,96.93,96.75,96.91,17916.0,COP
2023-05-04 09:47:00,96.75,97.04,96.58,96.94,18642.0,COP
2023-05-04 09:46:00,96.785,97.015,96.785,96.85,18143.0,COP
2023-05-04 09:45:00,96.96,96.97,96.63,96.7299,10802.0,COP
2023-05-04 09:44:00,96.91,97.045,96.8575,96.915,14667.0,COP
2023-05-04 09:43:00,96.66,97.07,96.63,96.97,15666.0,COP
2023-05-04 09:42:00,96.715,97.02,96.62,96.64,20448.0,COP
2023-05-04 09:41:00,96.97,97.04,96.64,96.74,22519.0,COP
2023-05-04 09:40:00,97.12,97.1621,96.9001,96.9001,28391.0,COP
2023-05-04 09:39:00,97.32,97.39,96.905,97.195,23625.0,COP
2023-05-04 09:38:00,97.245,97.525,97.19,97.32,15841.0,COP
2023-05-04 09:37:00,97.74,97.78,97.25,97.28,33532.0,COP
2023-05-04 09:36:00,97.74,97.845,97.62,97.775,27293.0,COP
2023-05-04 09:35:00,97.71,97.815,97.46,97.673,27801.0,COP
2023-05-04 09:34:00,97.7452,98.12,97.4466,97.69,18052.0,COP
2023-05-04 09:33:00,97.63,98.265,97.51,97.76,36387.0,COP
2023-05-04 09:32:00,96.635,97.79,96.635,97.79,31806.0,COP
2023-05-04 09:31:00,96.2,96.99,95.81,96.59,137186.0,COP
2023-05-04 09:29:00,96.29,96.29,96.29,96.29,500.0,COP
2023-05-04 09:18:00,96.22,96.59,96.22,96.59,529.0,COP
2023-05-04 09:09:00,96.99,96.99,96.99,96.99,101.0,COP
2023-05-04 09:05:00,96.5,96.5,96.5,96.5,100.0,COP
2023-05-04 08:59:00,96.59,96.59,96.59,96.59,203.0,COP
2023-05-04 08:33:00,96.99,96.99,96.99,96.99,1003.0,COP
2023-05-04 08:16:00,96.9604,96.9604,96.9604,96.9604,116.0,COP
2023-05-04 08:01:00,95.88,96.9,95.2219,96.0,1911.0,COP
2023-05-04 07:35:00,96.1,96.1,96.1,96.1,211.0,COP
2023-05-04 07:20:00,95.87,95.87,95.87,95.87,1121.0,COP
2023-05-04 07:18:00,95.84,95.84,95.84,95.84,100.0,COP
2023-05-04 07:13:00,95.87,95.87,95.85,95.85,531.0,COP
2023-05-04 07:01:00,95.79,96.5,95.79,96.18,2006.0,COP
2023-05-04 04:01:00,96.09,96.09,96.09,96.09,115.0,COP
2023-05-03 19:18:00,95.64,95.64,95.64,95.64,250.0,COP
2023-05-03 19:17:00,95.74,95.74,95.74,95.74,200.0,COP
2023-05-03 18:56:00,95.74,95.74,95.74,95.74,205.0,COP
2023-05-03 18:17:00,95.76,95.76,95.76,95.76,502.0,COP
2023-05-03 18:05:00,94.7,94.7,93.44,93.44,2236.0,COP
2023-05-03 18:04:00,95.05,95.05,95.0,95.0,794.0,COP
2023-05-03 18:03:00,95.26,95.26,95.1,95.1,2281.0,COP
2023-05-03 17:57:00,95.35,95.35,95.35,95.35,200.0,COP
2023-05-03 17:49:00,95.53,95.53,95.53,95.53,518.0,COP
2023-05-03 17:46:00,95.53,95.53,95.53,95.53,100.0,COP
2023-05-03 17:33:00,95.53,95.53,95.53,95.53,1000.0,COP
2023-05-03 17:28:00,95.25,95.25,95.25,95.25,2000.0,COP
2023-05-03 17:27:00,95.25,95.25,95.25,95.25,2000.0,COP
2023-05-03 17:22:00,95.5,95.5,95.5,95.5,279.0,COP
2023-05-03 17:13:00,95.6,95.6,95.6,95.6,790.0,COP
2023-05-03 17:04:00,95.75,95.75,95.75,95.75,300.0,COP
2023-05-03 17:02:00,96.1,96.1,96.1,96.1,152.0,COP
2023-05-03 16:46:00,96.03,96.03,96.03,96.03,588.0,COP
2023-05-03 16:32:00,96.09,96.09,96.09,96.09,300.0,COP
2023-05-03 16:27:00,95.8,95.8,95.8,95.8,522.0,COP
2023-05-03 16:25:00,96.09,96.09,96.09,96.09,500.0,COP
2023-05-03 16:20:00,96.11,96.11,96.11,96.11,1000.0,COP
2023-05-03 16:12:00,96.09,96.09,96.09,96.09,2975.0,COP
2023-05-03 16:10:00,96.07,96.07,96.07,96.07,500.0,COP
2023-05-03 16:08:00,96.09,96.09,96.09,96.09,29369.0,COP
2023-05-03 16:06:00,96.07,96.07,96.07,96.07,639.0,COP
2023-05-03 16:02:00,96.0,96.09,96.0,96.09,20204.0,COP
2023-05-03 16:01:00,96.09,96.09,96.09,96.09,78848.0,COP
2023-05-03 16:00:00,96.3,96.33,95.92,96.02,501183.0,COP
2023-05-03 15:59:00,96.22,96.31,96.22,96.295,65785.0,COP
2023-05-03 15:58:00,96.32,96.33,96.21,96.21,72232.0,COP
2023-05-03 15:57:00,96.35,96.36,96.27,96.32,53674.0,COP
2023-05-03 15:56:00,96.21,96.34,96.125,96.335,67056.0,COP
2023-05-03 15:55:00,96.01,96.25,96.01,96.22,45990.0,COP
2023-05-03 15:54:00,95.98,96.08,95.98,96.01,51351.0,COP
2023-05-03 15:53:00,96.0,96.03,95.92,95.98,43607.0,COP
2023-05-03 15:52:00,96.0,96.05,95.96,96.01,56471.0,COP
2023-05-03 15:51:00,95.96,96.02,95.94,96.0,66200.0,COP
2023-05-03 15:50:00,95.95,96.02,95.91,95.95,37455.0,COP
2023-05-03 15:49:00,96.0,96.02,95.9,95.945,31560.0,COP
2023-05-03 15:48:00,95.855,96.02,95.78,96.0,33940.0,COP
2023-05-03 15:47:00,95.77,95.83,95.74,95.83,33124.0,COP
2023-05-03 15:46:00,95.81,95.89,95.77,95.79,44545.0,COP
2023-05-03 15:45:00,95.88,95.93,95.79,95.82,45113.0,COP
2023-05-03 15:44:00,95.9,95.955,95.86,95.87,22592.0,COP
2023-05-03 15:43:00,95.92,95.92,95.84,95.885,15091.0,COP
2023-05-03 15:42:00,95.7,95.97,95.7,95.92,27755.0,COP
2023-05-03 15:41:00,95.88,95.88,95.7,95.71,35182.0,COP
2023-05-03 15:40:00,95.92,95.92,95.855,95.89,19226.0,COP
2023-05-03 15:39:00,95.92,96.01,95.9,95.9,25474.0,COP
2023-05-03 15:38:00,96.08,96.115,95.9,95.92,23128.0,COP
2023-05-03 15:37:00,96.09,96.17,96.02,96.06,27489.0,COP
2023-05-03 15:36:00,96.11,96.17,96.01,96.07,24655.0,COP
2023-05-03 15:35:00,95.8886,96.14,95.86,96.125,21838.0,COP
2023-05-03 15:34:00,95.87,95.96,95.85,95.89,17992.0,COP
2023-05-03 15:33:00,95.97,95.9899,95.83,95.88,17819.0,COP
2023-05-03 15:32:00,95.93,96.01,95.93,95.96,18273.0,COP
2023-05-03 15:31:00,95.92,96.01,95.9,95.93,17600.0,COP
2023-05-03 15:30:00,96.06,96.06,95.916,95.95,25753.0,COP
2023-05-03 15:29:00,96.27,96.28,96.06,96.06,25523.0,COP
2023-05-03 15:28:00,96.2,96.29,96.17,96.255,23605.0,COP
2023-05-03 15:27:00,96.15,96.225,96.1,96.21,16529.0,COP
2023-05-03 15:26:00,96.09,96.27,96.09,96.16,20599.0,COP
2023-05-03 15:25:00,96.22,96.22,96.06,96.06,16762.0,COP
2023-05-03 15:24:00,96.0,96.235,96.0,96.2,49644.0,COP
2023-05-03 15:23:00,95.88,96.0,95.77,95.98,49295.0,COP
2023-05-03 15:22:00,96.07,96.085,95.87,95.87,17225.0,COP
2023-05-03 15:21:00,96.2,96.2,96.03,96.08,19147.0,COP
2023-05-03 15:20:00,96.34,96.35,96.22,96.22,20922.0,COP
2023-05-03 15:19:00,96.37,96.4,96.2838,96.36,10636.0,COP
2023-05-03 15:18:00,96.3,96.4,96.26,96.36,28603.0,COP
2023-05-03 15:17:00,96.11,96.34,96.11,96.29,30203.0,COP
2023-05-03 15:16:00,96.2,96.2,96.08,96.115,33844.0,COP
2023-05-03 15:15:00,96.27,96.33,96.18,96.21,14881.0,COP
2023-05-03 15:14:00,96.21,96.36,96.19,96.28,39814.0,COP
2023-05-03 15:13:00,96.3,96.35,96.175,96.22,39088.0,COP
2023-05-03 15:12:00,96.34,96.4,96.22,96.32,66551.0,COP
2023-05-03 15:11:00,96.55,96.56,96.38,96.4,42511.0,COP
2023-05-03 15:10:00,96.66,96.66,96.495,96.565,42546.0,COP
2023-05-03 15:09:00,96.68,96.7,96.6,96.64,15898.0,COP
2023-05-03 15:08:00,96.87,96.87,96.55,96.66,19092.0,COP
2023-05-03 15:07:00,97.0,97.0,96.83,96.88,24611.0,COP
2023-05-03 15:06:00,96.86,97.13,96.84,97.02,37533.0,COP
2023-05-03 15:05:00,96.855,96.92,96.84,96.87,16053.0,COP
2023-05-03 15:04:00,96.69,96.86,96.62,96.85,48824.0,COP
2023-05-03 15:03:00,96.795,96.84,96.68,96.72,21646.0,COP
2023-05-03 15:02:00,96.97,96.99,96.76,96.78,17485.0,COP
2023-05-03 15:01:00,96.945,97.005,96.87,96.94,20846.0,COP
2023-05-03 15:00:00,96.96,97.0,96.9,96.94,19314.0,COP
2023-05-03 14:59:00,96.89,97.01,96.84,96.97,25017.0,COP
2023-05-03 14:58:00,96.95,96.96,96.77,96.88,24385.0,COP
2023-05-03 14:57:00,96.87,97.05,96.845,96.94,67302.0,COP
2023-05-03 14:56:00,96.81,96.95,96.8,96.83,44868.0,COP
2023-05-03 14:55:00,96.79,96.97,96.76,96.83,20745.0,COP
2023-05-03 14:54:00,96.62,96.83,96.62,96.81,20484.0,COP
2023-05-03 14:53:00,96.655,96.655,96.48,96.61,29530.0,COP
2023-05-03 14:52:00,96.74,96.87,96.62,96.67,16450.0,COP
2023-05-03 14:51:00,96.78,96.87,96.67,96.775,14684.0,COP
2023-05-03 14:50:00,96.78,96.9,96.71,96.84,13583.0,COP
2023-05-03 14:49:00,96.735,96.85,96.735,96.81,12308.0,COP
2023-05-03 14:48:00,96.775,96.775,96.67,96.73,16232.0,COP
2023-05-03 14:47:00,96.83,96.9,96.69,96.77,11375.0,COP
2023-05-03 14:46:00,96.7,96.93,96.67,96.83,22352.0,COP
2023-05-03 14:45:00,96.635,96.7,96.515,96.7,13072.0,COP
2023-05-03 14:44:00,96.68,96.74,96.53,96.59,17435.0,COP
2023-05-03 14:43:00,96.95,97.085,96.685,96.7,18255.0,COP
2023-05-03 14:42:00,96.75,96.95,96.69,96.95,63958.0,COP
2023-05-03 14:41:00,96.69,96.82,96.65,96.75,88589.0,COP
2023-05-03 14:40:00,96.68,96.78,96.655,96.69,32774.0,COP
2023-05-03 14:39:00,96.68,96.92,96.575,96.69,48216.0,COP
2023-05-03 14:38:00,96.435,96.75,96.32,96.66,29669.0,COP
2023-05-03 14:37:00,96.435,96.465,96.345,96.42,13673.0,COP
2023-05-03 14:36:00,96.61,96.62,96.35,96.46,42418.0,COP
2023-05-03 14:35:00,96.75,96.79,96.57,96.64,22300.0,COP
2023-05-03 14:34:00,96.72,96.87,96.7,96.735,24055.0,COP
2023-05-03 14:33:00,96.71,96.77,96.62,96.7,16894.0,COP
2023-05-03 14:32:00,96.79,96.79,96.635,96.725,20439.0,COP
2023-05-03 14:31:00,96.68,96.77,96.59,96.77,19672.0,COP
2023-05-03 14:30:00,96.73,96.73,96.64,96.66,10251.0,COP
2023-05-03 14:29:00,96.81,96.84,96.72,96.73,13030.0,COP
2023-05-03 14:28:00,96.935,96.98,96.7796,96.7971,16785.0,COP
2023-05-03 14:27:00,96.89,96.97,96.89,96.95,12986.0,COP
2023-05-03 14:26:00,96.94,96.94,96.83,96.88,20058.0,COP
2023-05-03 14:25:00,97.025,97.06,96.97,96.97,12051.0,COP
2023-05-03 14:24:00,96.95,97.14,96.95,97.03,6300.0,COP
2023-05-03 14:23:00,96.86,96.935,96.86,96.935,11623.0,COP
2023-05-03 14:22:00,96.87,96.8975,96.8448,96.86,15381.0,COP
2023-05-03 14:21:00,96.91,96.91,96.8097,96.87,10095.0,COP
2023-05-03 14:20:00,96.91,96.94,96.865,96.895,25449.0,COP
2023-05-03 14:19:00,96.895,96.9,96.83,96.9,19018.0,COP
2023-05-03 14:18:00,96.97,96.97,96.89,96.89,5822.0,COP
2023-05-03 14:17:00,97.05,97.09,96.97,96.98,12480.0,COP
2023-05-03 14:16:00,97.08,97.11,97.04,97.05,21046.0,COP
2023-05-03 14:15:00,97.0,97.09,96.95,97.055,13546.0,COP
2023-05-03 14:14:00,96.895,97.05,96.895,97.01,7401.0,COP
2023-05-03 14:13:00,96.84,96.975,96.84,96.895,24856.0,COP
2023-05-03 14:12:00,96.95,96.95,96.84,96.85,19980.0,COP
2023-05-03 14:11:00,97.22,97.22,96.96,96.97,23582.0,COP
2023-05-03 14:10:00,97.23,97.23,97.15,97.21,8658.0,COP
2023-05-03 14:09:00,97.245,97.31,97.18,97.2425,18813.0,COP
2023-05-03 14:08:00,97.28,97.3,97.2,97.25,29084.0,COP
2023-05-03 14:07:00,97.24,97.435,97.24,97.24,8115.0,COP
2023-05-03 14:06:00,97.16,97.25,97.0,97.25,10548.0,COP
2023-05-03 14:05:00,97.02,97.155,96.98,97.135,27780.0,COP
2023-05-03 14:04:00,97.2,97.2,96.95,97.02,21317.0,COP
2023-05-03 14:03:00,97.24,97.3,97.09,97.14,36737.0,COP
2023-05-03 14:02:00,97.45,97.5299,97.17,97.21,17249.0,COP
2023-05-03 14:01:00,97.125,97.58,97.05,97.44,55523.0,COP
2023-05-03 14:00:00,97.16,97.18,97.09,97.125,23154.0,COP
2023-05-03 13:59:00,97.21,97.215,97.15,97.17,8306.0,COP
2023-05-03 13:58:00,97.21,97.24,97.19,97.21,14837.0,COP
2023-05-03 13:57:00,97.235,97.235,97.2,97.21,13405.0,COP
2023-05-03 13:56:00,97.24,97.26,97.22,97.25,9270.0,COP
2023-05-03 13:55:00,97.13,97.25,97.07,97.245,21791.0,COP
2023-05-03 13:54:00,97.17,97.18,97.1,97.13,26124.0,COP
2023-05-03 13:53:00,97.2,97.23,97.17,97.17,22231.0,COP
2023-05-03 13:52:00,97.205,97.22,97.2,97.2,16878.0,COP
2023-05-03 13:51:00,97.2,97.23,97.19,97.21,27880.0,COP
2023-05-03 13:50:00,97.22,97.25,97.1963,97.21,21441.0,COP
2023-05-03 13:49:00,97.21,97.23,97.18,97.22,8297.0,COP
2023-05-03 13:48:00,97.23,97.25,97.22,97.24,13990.0,COP
2023-05-03 13:47:00,97.24,97.24,97.1763,97.22,12692.0,COP
2023-05-03 13:46:00,97.29,97.3,97.24,97.24,12665.0,COP
2023-05-03 13:45:00,97.255,97.32,97.255,97.28,10086.0,COP
2023-05-03 13:44:00,97.2558,97.27,97.24,97.2583,11317.0,COP
2023-05-03 13:43:00,97.23,97.315,97.23,97.26,10527.0,COP
2023-05-03 13:42:00,97.18,97.23,97.17,97.23,12594.0,COP
2023-05-03 13:41:00,97.24,97.26,97.19,97.2,11670.0,COP
2023-05-03 13:40:00,97.24,97.25,97.22,97.24,12128.0,COP
2023-05-03 13:39:00,97.29,97.29,97.22,97.24,11227.0,COP
2023-05-03 13:38:00,97.3158,97.3158,97.29,97.29,7679.0,COP
2023-05-03 13:37:00,97.26,97.31,97.2302,97.31,12472.0,COP
2023-05-03 13:36:00,97.27,97.31,97.2698,97.2698,6678.0,COP
2023-05-03 13:35:00,97.28,97.2829,97.235,97.27,4963.0,COP
2023-05-03 13:34:00,97.29,97.3,97.23,97.29,6572.0,COP
2023-05-03 13:33:00,97.34,97.35,97.27,97.27,9456.0,COP
2023-05-03 13:32:00,97.35,97.3792,97.32,97.33,11825.0,COP
2023-05-03 13:31:00,97.41,97.45,97.36,97.36,8360.0,COP
2023-05-03 13:30:00,97.39,97.41,97.36,97.3911,10150.0,COP
2023-05-03 13:29:00,97.37,97.41,97.3,97.395,10735.0,COP
2023-05-03 13:28:00,97.25,97.36,97.19,97.35,12812.0,COP
2023-05-03 13:27:00,97.195,97.28,97.195,97.27,5529.0,COP
2023-05-03 13:26:00,97.19,97.205,97.17,97.195,7596.0,COP
2023-05-03 13:25:00,97.17,97.18,97.13,97.175,13994.0,COP
2023-05-03 13:24:00,97.2,97.2,97.14,97.15,9930.0,COP
2023-05-03 13:23:00,97.05,97.2,97.04,97.1975,9156.0,COP
2023-05-03 13:22:00,97.1,97.1,97.05,97.06,4581.0,COP
2023-05-03 13:21:00,97.075,97.12,97.0448,97.1058,8174.0,COP
2023-05-03 13:20:00,97.065,97.135,97.06,97.07,6241.0,COP
2023-05-03 13:19:00,97.135,97.135,97.04,97.065,7151.0,COP
2023-05-03 13:18:00,97.04,97.17,97.04,97.13,5056.0,COP
2023-05-03 13:17:00,97.02,97.0227,96.98,97.005,9510.0,COP
2023-05-03 13:16:00,97.11,97.11,97.0,97.03,12318.0,COP
2023-05-03 13:15:00,97.15,97.1575,97.11,97.125,6938.0,COP
2023-05-03 13:14:00,97.17,97.17,97.125,97.14,5929.0,COP
2023-05-03 13:13:00,97.15,97.21,97.14,97.17,10430.0,COP
2023-05-03 13:12:00,97.18,97.22,97.16,97.17,8727.0,COP
2023-05-03 13:11:00,97.105,97.16,97.1,97.15,6961.0,COP
2023-05-03 13:10:00,97.12,97.12,97.02,97.1,11882.0,COP
2023-05-03 13:09:00,97.08,97.15,97.08,97.12,5413.0,COP
2023-05-03 13:08:00,97.0263,97.07,97.0263,97.07,5792.0,COP
2023-05-03 13:07:00,97.03,97.04,96.975,97.02,8742.0,COP
2023-05-03 13:06:00,97.17,97.17,97.02,97.03,6845.0,COP
2023-05-03 13:05:00,97.18,97.18,97.14,97.16,7227.0,COP
2023-05-03 13:04:00,97.18,97.21,97.17,97.19,17932.0,COP
2023-05-03 13:03:00,97.1,97.22,97.08,97.18,10152.0,COP
2023-05-03 13:02:00,97.08,97.14,97.08,97.12,6012.0,COP
2023-05-03 13:01:00,97.21,97.21,97.07,97.07,7677.0,COP
2023-05-03 13:00:00,97.28,97.28,97.23,97.23,10456.0,COP
2023-05-03 12:59:00,97.27,97.34,97.26,97.28,11667.0,COP
2023-05-03 12:58:00,97.21,97.26,97.195,97.26,26012.0,COP
2023-05-03 12:57:00,97.27,97.27,97.17,97.2,15379.0,COP
2023-05-03 12:56:00,97.24,97.305,97.21,97.27,19145.0,COP
2023-05-03 12:55:00,97.21,97.2388,97.195,97.21,6723.0,COP
2023-05-03 12:54:00,97.11,97.23,97.11,97.22,5430.0,COP
2023-05-03 12:53:00,97.13,97.16,97.11,97.11,20202.0,COP
2023-05-03 12:52:00,97.12,97.15,97.1,97.13,4509.0,COP
2023-05-03 12:51:00,97.09,97.135,97.08,97.09,16072.0,COP
2023-05-03 12:50:00,97.1,97.16,97.03,97.07,10218.0,COP
2023-05-03 12:49:00,97.03,97.12,96.99,97.1,15876.0,COP
2023-05-03 12:48:00,96.95,97.0239,96.93,97.0239,12023.0,COP
2023-05-03 12:47:00,96.97,96.99,96.92,96.92,9209.0,COP
2023-05-03 12:46:00,96.96,97.02,96.95,96.95,16231.0,COP
2023-05-03 12:45:00,97.0,97.01,96.92,96.95,5887.0,COP
2023-05-03 12:44:00,96.98,97.02,96.94,97.02,11641.0,COP
2023-05-03 12:43:00,96.98,97.05,96.97,96.98,14397.0,COP
2023-05-03 12:42:00,97.03,97.1,97.0,97.0,16532.0,COP
2023-05-03 12:41:00,97.02,97.05,96.94,97.035,15558.0,COP
2023-05-03 12:40:00,97.025,97.04,96.98,97.02,5644.0,COP
2023-05-03 12:39:00,96.98,97.035,96.97,97.025,7780.0,COP
2023-05-03 12:38:00,96.91,96.98,96.91,96.98,28966.0,COP
2023-05-03 12:37:00,96.86,96.93,96.84,96.91,13374.0,COP
2023-05-03 12:36:00,96.87,96.92,96.86,96.89,17315.0,COP
2023-05-03 12:35:00,96.91,96.91,96.82,96.8631,4434.0,COP
2023-05-03 12:34:00,96.8881,96.96,96.865,96.91,20293.0,COP
2023-05-03 12:33:00,96.86,96.91,96.83,96.895,6886.0,COP
2023-05-03 12:32:00,96.9,96.91,96.8,96.8,8043.0,COP
2023-05-03 12:31:00,96.85,96.89,96.85,96.86,5087.0,COP
2023-05-03 12:30:00,96.84,96.89,96.84,96.87,4024.0,COP
2023-05-03 12:29:00,96.825,96.87,96.79,96.855,4540.0,COP
2023-05-03 12:28:00,96.94,96.94,96.83,96.83,5610.0,COP
2023-05-03 12:27:00,96.925,96.965,96.87,96.965,35559.0,COP
2023-05-03 12:26:00,96.92,96.95,96.88,96.92,5140.0,COP
2023-05-03 12:25:00,97.115,97.13,96.93,96.945,10806.0,COP
2023-05-03 12:24:00,97.095,97.185,97.08,97.11,14459.0,COP
2023-05-03 12:23:00,97.08,97.11,97.01,97.095,9190.0,COP
2023-05-03 12:22:00,96.97,97.11,96.945,97.1,6001.0,COP
2023-05-03 12:21:00,97.05,97.05,96.94,96.96,10147.0,COP
2023-05-03 12:20:00,96.97,97.05,96.97,97.045,8500.0,COP
2023-05-03 12:19:00,96.95,96.98,96.92,96.9653,4784.0,COP
2023-05-03 12:18:00,97.0,97.02,96.89,96.92,7768.0,COP
2023-05-03 12:17:00,96.78,96.97,96.78,96.97,6351.0,COP
2023-05-03 12:16:00,96.77,96.82,96.73,96.78,8465.0,COP
2023-05-03 12:15:00,96.5901,96.83,96.5901,96.8071,22953.0,COP
2023-05-03 12:14:00,96.68,96.695,96.52,96.6,16606.0,COP
2023-05-03 12:13:00,96.58,96.75,96.58,96.675,15054.0,COP
2023-05-03 12:12:00,96.45,96.56,96.44,96.56,64335.0,COP
2023-05-03 12:11:00,96.46,96.49,96.44,96.465,8480.0,COP
2023-05-03 12:10:00,96.49,96.535,96.44,96.46,11365.0,COP
2023-05-03 12:09:00,96.43,96.55,96.4,96.49,25420.0,COP
2023-05-03 12:08:00,96.505,96.505,96.42,96.4283,5065.0,COP
2023-05-03 12:07:00,96.46,96.56,96.46,96.5,15835.0,COP
2023-05-03 12:06:00,96.6,96.62,96.46,96.48,12807.0,COP
2023-05-03 12:05:00,96.53,96.61,96.53,96.59,31935.0,COP
2023-05-03 12:04:00,96.52,96.56,96.47,96.52,11700.0,COP
2023-05-03 12:03:00,96.52,96.58,96.5,96.525,10389.0,COP
2023-05-03 12:02:00,96.32,96.52,96.32,96.49,18470.0,COP
2023-05-03 12:01:00,96.33,96.36,96.31,96.31,13953.0,COP
2023-05-03 12:00:00,96.305,96.375,96.26,96.31,27519.0,COP
2023-05-03 11:59:00,96.255,96.32,96.24,96.31,10069.0,COP
2023-05-03 11:58:00,96.15,96.29,96.1301,96.21,28630.0,COP
2023-05-03 11:57:00,96.095,96.18,96.095,96.16,12465.0,COP
2023-05-03 11:56:00,96.07,96.11,96.0,96.09,22613.0,COP
2023-05-03 11:55:00,96.13,96.22,96.04,96.06,16938.0,COP
2023-05-03 11:54:00,95.995,96.17,95.9,96.125,23690.0,COP
2023-05-03 11:53:00,95.98,96.03,95.98,95.9913,5678.0,COP
2023-05-03 11:52:00,95.875,95.98,95.875,95.98,5891.0,COP
2023-05-03 11:51:00,95.93,95.93,95.84,95.89,12651.0,COP
2023-05-03 11:50:00,95.955,95.97,95.88,95.94,6671.0,COP
2023-05-03 11:49:00,96.05,96.05,95.92,95.9501,9434.0,COP
2023-05-03 11:48:00,95.935,96.05,95.91,96.0401,10859.0,COP
2023-05-03 11:47:00,95.87,96.0,95.83,95.93,16720.0,COP
2023-05-03 11:46:00,95.88,95.91,95.8421,95.885,7294.0,COP
2023-05-03 11:45:00,95.8,95.9,95.79,95.9,10318.0,COP
2023-05-03 11:44:00,95.78,95.79,95.71,95.79,6910.0,COP
2023-05-03 11:43:00,95.73,95.86,95.715,95.8,13440.0,COP
2023-05-03 11:42:00,95.93,95.93,95.75,95.76,21528.0,COP
2023-05-03 11:41:00,95.955,95.99,95.9,95.9372,12776.0,COP
2023-05-03 11:40:00,96.03,96.03,95.89,95.95,18201.0,COP
2023-05-03 11:39:00,96.11,96.13,96.02,96.04,11471.0,COP
2023-05-03 11:38:00,96.14,96.14,96.0701,96.12,8260.0,COP
2023-05-03 11:37:00,96.22,96.25,96.14,96.16,7680.0,COP
2023-05-03 11:36:00,96.13,96.31,96.13,96.2,15439.0,COP
2023-05-03 11:35:00,96.05,96.1299,95.99,96.115,8288.0,COP
2023-05-03 11:34:00,96.135,96.135,96.06,96.07,7910.0,COP
2023-05-03 11:33:00,96.08,96.15,96.08,96.135,11901.0,COP
2023-05-03 11:32:00,95.98,96.09,95.97,96.07,17485.0,COP
2023-05-03 11:31:00,95.97,96.0499,95.95,95.965,9704.0,COP
2023-05-03 11:30:00,95.98,96.06,95.95,95.99,10311.0,COP
2023-05-03 11:29:00,95.945,96.01,95.94,95.99,7792.0,COP
2023-05-03 11:28:00,96.03,96.0398,95.9,95.95,10268.0,COP
2023-05-03 11:27:00,96.1109,96.16,96.06,96.06,33830.0,COP
2023-05-03 11:26:00,96.17,96.26,96.16,96.165,19293.0,COP
2023-05-03 11:25:00,96.0,96.21,95.98,96.2,22606.0,COP
2023-05-03 11:24:00,95.92,96.01,95.86,95.99,6950.0,COP
2023-05-03 11:23:00,96.0,96.0,95.87,95.89,7187.0,COP
2023-05-03 11:22:00,96.04,96.04,95.96,96.016,14903.0,COP
2023-05-03 11:21:00,95.93,96.058,95.93,96.058,13842.0,COP
2023-05-03 11:20:00,96.03,96.05,95.92,95.925,17779.0,COP
2023-05-03 11:19:00,96.0488,96.1,95.99,96.0299,22531.0,COP
2023-05-03 11:18:00,96.06,96.09,96.01,96.03,14548.0,COP
2023-05-03 11:17:00,96.01,96.15,96.01,96.06,18239.0,COP
2023-05-03 11:16:00,95.98,96.07,95.955,96.02,17748.0,COP
2023-05-03 11:15:00,96.07,96.08,95.98,95.9801,9545.0,COP
2023-05-03 11:14:00,96.0,96.105,96.0,96.07,9278.0,COP
2023-05-03 11:13:00,96.0593,96.07,95.9606,95.99,35125.0,COP
2023-05-03 11:12:00,96.16,96.18,96.05,96.05,15768.0,COP
2023-05-03 11:11:00,96.18,96.22,96.12,96.16,12212.0,COP
2023-05-03 11:10:00,96.27,96.27,96.17,96.2,10218.0,COP
2023-05-03 11:09:00,96.4,96.4051,96.24,96.255,11505.0,COP
2023-05-03 11:08:00,96.37,96.465,96.31,96.38,15825.0,COP
2023-05-03 11:07:00,96.38,96.4,96.33,96.36,9138.0,COP
2023-05-03 11:06:00,96.43,96.45,96.33,96.35,13232.0,COP
2023-05-03 11:05:00,96.42,96.45,96.37,96.45,11126.0,COP
2023-05-03 11:04:00,96.37,96.49,96.36,96.43,29837.0,COP
2023-05-03 11:03:00,96.35,96.39,96.25,96.3673,26940.0,COP
2023-05-03 11:02:00,96.48,96.5,96.32,96.32,17119.0,COP
2023-05-03 11:01:00,96.5,96.6377,96.48,96.5,49670.0,COP
2023-05-03 11:00:00,96.43,96.5,96.39,96.5,29628.0,COP
2023-05-03 10:59:00,96.4,96.49,96.37,96.455,33138.0,COP
2023-05-03 10:58:00,96.31,96.41,96.3,96.4,27733.0,COP
2023-05-03 10:57:00,96.24,96.32,96.22,96.3,13381.0,COP
2023-05-03 10:56:00,96.22,96.3962,96.22,96.25,20479.0,COP
2023-05-03 10:55:00,96.27,96.29,96.18,96.21,24538.0,COP
2023-05-03 10:54:00,96.34,96.36,96.26,96.3,11390.0,COP
2023-05-03 10:53:00,96.46,96.49,96.35,96.35,12394.0,COP
2023-05-03 10:52:00,96.44,96.51,96.36,96.48,13311.0,COP
2023-05-03 10:51:00,96.335,96.52,96.3,96.43,22743.0,COP
2023-05-03 10:50:00,96.3,96.34,96.28,96.34,9507.0,COP
2023-05-03 10:49:00,96.28,96.35,96.26,96.3,13585.0,COP
2023-05-03 10:48:00,96.34,96.47,96.3,96.3,11104.0,COP
2023-05-03 10:47:00,96.46,96.51,96.34,96.38,13007.0,COP
2023-05-03 10:46:00,96.5052,96.6,96.48,96.48,8828.0,COP
2023-05-03 10:45:00,96.4397,96.52,96.42,96.51,7597.0,COP
2023-05-03 10:44:00,96.47,96.47,96.335,96.44,19220.0,COP
2023-05-03 10:43:00,96.577,96.577,96.43,96.48,13837.0,COP
2023-05-03 10:42:00,96.55,96.65,96.41,96.6,15693.0,COP
2023-05-03 10:41:00,96.63,96.66,96.521,96.5326,12791.0,COP
2023-05-03 10:40:00,96.615,96.6412,96.535,96.63,10367.0,COP
2023-05-03 10:39:00,96.78,96.79,96.57,96.62,10943.0,COP
2023-05-03 10:38:00,96.99,96.99,96.77,96.77,7294.0,COP
2023-05-03 10:37:00,96.95,97.025,96.89,96.98,16906.0,COP
2023-05-03 10:36:00,96.81,97.02,96.81,96.95,22170.0,COP
2023-05-03 10:35:00,96.9,96.9,96.76,96.83,13395.0,COP
2023-05-03 10:34:00,96.96,96.995,96.88,96.9,14760.0,COP
2023-05-03 10:33:00,96.845,97.03,96.845,96.96,18929.0,COP
2023-05-03 10:32:00,97.01,97.07,96.85,96.8509,19981.0,COP
2023-05-03 10:31:00,96.99,97.015,96.83,97.0,15334.0,COP
2023-05-03 10:30:00,97.045,97.08,96.96,97.01,18649.0,COP
2023-05-03 10:29:00,97.0183,97.07,97.0,97.045,10803.0,COP
2023-05-03 10:28:00,97.23,97.23,97.0,97.02,12669.0,COP
2023-05-03 10:27:00,97.1,97.235,96.99,97.235,15022.0,COP
2023-05-03 10:26:00,96.96,97.08,96.91,97.08,14861.0,COP
2023-05-03 10:25:00,96.93,96.9601,96.88,96.935,8484.0,COP
2023-05-03 10:24:00,96.97,97.0,96.9,96.93,13266.0,COP
2023-05-03 10:23:00,96.715,96.96,96.715,96.96,37052.0,COP
2023-05-03 10:22:00,96.6647,96.76,96.61,96.69,13540.0,COP
2023-05-03 10:21:00,96.785,96.8,96.6014,96.66,17518.0,COP
2023-05-03 10:20:00,96.84,96.84,96.71,96.79,11667.0,COP
2023-05-03 10:19:00,96.83,96.85,96.8,96.8275,13239.0,COP
2023-05-03 10:18:00,96.625,96.81,96.55,96.81,12484.0,COP
2023-05-03 10:17:00,96.8,96.83,96.6,96.63,11981.0,COP
2023-05-03 10:16:00,96.81,96.96,96.79,96.82,10264.0,COP
2023-05-03 10:15:00,96.94,96.949,96.72,96.82,13982.0,COP
2023-05-03 10:14:00,96.98,97.045,96.88,96.965,27324.0,COP
2023-05-03 10:13:00,97.14,97.1418,96.89,96.98,29970.0,COP
2023-05-03 10:12:00,97.0,97.22,96.94,97.14,31083.0,COP
2023-05-03 10:11:00,96.91,97.06,96.91,96.98,18688.0,COP
2023-05-03 10:10:00,97.06,97.08,96.94,96.94,34633.0,COP
2023-05-03 10:09:00,97.15,97.15,97.03,97.065,11412.0,COP
2023-05-03 10:08:00,97.0,97.2,97.0,97.18,22597.0,COP
2023-05-03 10:07:00,97.06,97.06,96.88,96.97,13004.0,COP
2023-05-03 10:06:00,96.74,97.09,96.73,97.08,20907.0,COP
2023-05-03 10:05:00,96.72,96.77,96.61,96.68,14895.0,COP
2023-05-03 10:04:00,96.925,96.97,96.7227,96.73,13032.0,COP
2023-05-03 10:03:00,97.1,97.24,96.96,96.96,114916.0,COP
2023-05-03 10:02:00,97.02,97.1,96.95,97.06,13559.0,COP
2023-05-03 10:01:00,96.9725,97.03,96.94,96.99,14888.0,COP
2023-05-03 10:00:00,96.91,97.01,96.88,96.9725,8430.0,COP
2023-05-03 09:59:00,96.945,96.99,96.84,96.9,5892.0,COP
2023-05-03 09:58:00,96.88,96.99,96.83,96.92,7435.0,COP
2023-05-03 09:57:00,96.87,96.91,96.76,96.8589,8419.0,COP
2023-05-03 09:56:00,96.6629,96.9,96.6,96.88,9848.0,COP
2023-05-03 09:55:00,96.7357,96.835,96.62,96.67,11312.0,COP
2023-05-03 09:54:00,97.1292,97.14,96.71,96.71,10980.0,COP
2023-05-03 09:53:00,97.115,97.14,97.02,97.14,10834.0,COP
2023-05-03 09:52:00,96.91,97.11,96.91,97.11,7132.0,COP
2023-05-03 09:51:00,96.71,97.03,96.71,96.89,43605.0,COP
2023-05-03 09:50:00,96.55,96.7,96.45,96.63,34334.0,COP
2023-05-03 09:49:00,96.49,96.59,96.33,96.555,18690.0,COP
2023-05-03 09:48:00,96.3,96.56,96.295,96.48,12191.0,COP
2023-05-03 09:47:00,96.64,96.64,96.31,96.31,24072.0,COP
2023-05-03 09:46:00,96.76,96.77,96.5215,96.67,23066.0,COP
2023-05-03 09:45:00,96.95,96.95,96.74,96.755,23842.0,COP
2023-05-03 09:44:00,96.8,96.87,96.775,96.87,9222.0,COP
2023-05-03 09:43:00,96.835,96.93,96.69,96.8,11892.0,COP
2023-05-03 09:42:00,96.92,96.96,96.7,96.84,29466.0,COP
2023-05-03 09:41:00,96.65,96.94,96.62,96.8825,30520.0,COP
2023-05-03 09:40:00,96.59,96.81,96.56,96.6,34881.0,COP
2023-05-03 09:39:00,96.5,96.65,96.5,96.61,34271.0,COP
2023-05-03 09:38:00,96.54,96.6,96.45,96.52,35064.0,COP
2023-05-03 09:37:00,96.52,96.66,96.47,96.565,9756.0,COP
2023-05-03 09:36:00,96.64,96.64,96.355,96.505,14603.0,COP
2023-05-03 09:35:00,96.67,96.88,96.56,96.58,12949.0,COP
2023-05-03 09:34:00,96.65,96.75,96.55,96.695,18400.0,COP
2023-05-03 09:33:00,96.635,96.86,96.635,96.69,25678.0,COP
2023-05-03 09:32:00,96.14,96.67,96.14,96.67,22894.0,COP
2023-05-03 09:31:00,96.83,97.12,96.0,96.17,129287.0,COP
2023-05-03 09:30:00,97.01,97.01,97.01,97.01,562.0,COP
2023-05-03 09:04:00,96.9,96.9,96.9,96.9,266.0,COP
2023-05-03 09:01:00,96.93,96.93,96.93,96.93,580.0,COP
2023-05-03 08:23:00,97.61,97.61,97.48,97.48,400.0,COP
2023-05-03 08:01:00,97.85,97.85,97.85,97.85,1026.0,COP
2023-05-03 07:30:00,97.33,97.33,97.33,97.33,123.0,COP
2023-05-03 07:01:00,96.8,96.8,96.77,96.77,471.0,COP
2023-05-02 17:55:00,98.59,98.59,98.59,98.59,187.0,COP
2023-05-02 16:42:00,98.64,98.64,98.64,98.64,151.0,COP
2023-05-02 16:13:00,98.64,98.64,98.5189,98.5189,8428.0,COP
2023-05-02 16:10:00,98.64,98.64,98.64,98.64,1592.0,COP
2023-05-02 16:09:00,98.64,98.64,98.64,98.64,301.0,COP
2023-05-02 16:07:00,98.64,98.64,98.64,98.64,30397.0,COP
2023-05-02 16:01:00,98.64,98.64,98.64,98.64,114672.0,COP
2023-05-02 16:00:00,98.76,98.77,98.61,98.62,144972.0,COP
2023-05-02 15:59:00,98.81,98.8657,98.74,98.76,99892.0,COP
2023-05-02 15:58:00,98.8,98.885,98.8,98.815,60201.0,COP
2023-05-02 15:57:00,98.9,98.92,98.785,98.8,66984.0,COP
2023-05-02 15:56:00,98.93,98.96,98.8,98.89,79768.0,COP
2023-05-02 15:55:00,98.85,98.95,98.82,98.94,39970.0,COP
2023-05-02 15:54:00,98.915,98.97,98.87,98.87,41840.0,COP
2023-05-02 15:53:00,98.865,98.94,98.82,98.915,49311.0,COP
2023-05-02 15:52:00,98.81,98.89,98.78,98.855,40632.0,COP
2023-05-02 15:51:00,98.65,98.9,98.62,98.805,55447.0,COP
2023-05-02 15:50:00,98.69,98.72,98.64,98.65,24191.0,COP
2023-05-02 15:49:00,98.6299,98.72,98.61,98.68,22061.0,COP
2023-05-02 15:48:00,98.65,98.69,98.63,98.63,17217.0,COP
2023-05-02 15:47:00,98.6,98.67,98.6,98.66,19422.0,COP
2023-05-02 15:46:00,98.79,98.79,98.6,98.6,18769.0,COP
2023-05-02 15:45:00,98.79,98.84,98.78,98.78,13787.0,COP
2023-05-02 15:44:00,98.82,98.82,98.76,98.785,13969.0,COP
2023-05-02 15:43:00,98.82,98.85,98.77,98.83,18132.0,COP
2023-05-02 15:42:00,98.88,98.88,98.81,98.83,22131.0,COP
2023-05-02 15:41:00,98.83,98.9,98.79,98.88,21112.0,COP
2023-05-02 15:40:00,98.85,98.88,98.82,98.82,14233.0,COP
2023-05-02 15:39:00,98.765,98.9,98.765,98.86,18296.0,COP
2023-05-02 15:38:00,98.81,98.84,98.75,98.77,15739.0,COP
2023-05-02 15:37:00,98.82,98.825,98.76,98.81,16852.0,COP
2023-05-02 15:36:00,98.77,98.8242,98.76,98.8242,22581.0,COP
2023-05-02 15:35:00,98.83,98.845,98.755,98.765,15750.0,COP
2023-05-02 15:34:00,98.93,98.93,98.82,98.82,12692.0,COP
2023-05-02 15:33:00,98.98,98.98,98.85,98.93,12246.0,COP
2023-05-02 15:32:00,99.1,99.11,98.985,98.99,22447.0,COP
2023-05-02 15:31:00,99.24,99.25,99.09,99.09,20382.0,COP
2023-05-02 15:30:00,99.28,99.3,99.22,99.25,14360.0,COP
2023-05-02 15:29:00,99.27,99.3,99.24,99.28,16007.0,COP
2023-05-02 15:28:00,99.37,99.3867,99.27,99.28,16877.0,COP
2023-05-02 15:27:00,99.17,99.37,99.17,99.37,16239.0,COP
2023-05-02 15:26:00,99.09,99.17,99.085,99.1606,18567.0,COP
2023-05-02 15:25:00,99.16,99.2,99.085,99.09,13044.0,COP
2023-05-02 15:24:00,99.21,99.23,99.15,99.16,15700.0,COP
2023-05-02 15:23:00,99.19,99.255,99.19,99.205,20182.0,COP
2023-05-02 15:22:00,99.09,99.19,99.09,99.18,11288.0,COP
2023-05-02 15:21:00,99.06,99.13,99.06,99.1,16876.0,COP
2023-05-02 15:20:00,99.04,99.07,99.005,99.06,15325.0,COP
2023-05-02 15:19:00,98.87,99.07,98.87,99.05,24856.0,COP
2023-05-02 15:18:00,98.85,98.88,98.77,98.87,17468.0,COP
2023-05-02 15:17:00,98.885,98.9,98.8,98.84,12711.0,COP
2023-05-02 15:16:00,98.87,98.95,98.85,98.89,24875.0,COP
2023-05-02 15:15:00,98.76,98.87,98.76,98.85,19225.0,COP
2023-05-02 15:14:00,98.77,98.81,98.71,98.76,20017.0,COP
2023-05-02 15:13:00,98.71,98.77,98.685,98.76,16201.0,COP
2023-05-02 15:12:00,98.79,98.79,98.72,98.72,14503.0,COP
2023-05-02 15:11:00,98.63,98.81,98.63,98.8,15585.0,COP
2023-05-02 15:10:00,98.64,98.66,98.6,98.635,10940.0,COP
2023-05-02 15:09:00,98.685,98.69,98.64,98.645,8632.0,COP
2023-05-02 15:08:00,98.72,98.73,98.66,98.67,12912.0,COP
2023-05-02 15:07:00,98.8,98.8086,98.71,98.71,29559.0,COP
2023-05-02 15:06:00,98.68,98.8,98.68,98.8,10062.0,COP
2023-05-02 15:05:00,98.7,98.7,98.61,98.665,25675.0,COP
2023-05-02 15:04:00,98.655,98.7,98.63,98.68,7921.0,COP
2023-05-02 15:03:00,98.67,98.705,98.61,98.66,21153.0,COP
2023-05-02 15:02:00,98.74,98.77,98.63,98.65,67461.0,COP
2023-05-02 15:01:00,98.67,98.745,98.66,98.73,40002.0,COP
2023-05-02 15:00:00,98.645,98.67,98.58,98.66,9546.0,COP
2023-05-02 14:59:00,98.71,98.71,98.59,98.65,9398.0,COP
2023-05-02 14:58:00,98.825,98.83,98.7,98.725,13328.0,COP
2023-05-02 14:57:00,98.79,98.845,98.79,98.82,10117.0,COP
2023-05-02 14:56:00,98.64,98.8,98.63,98.8,20115.0,COP
2023-05-02 14:55:00,98.59,98.68,98.585,98.63,40130.0,COP
2023-05-02 14:54:00,98.73,98.75,98.605,98.61,14762.0,COP
2023-05-02 14:53:00,98.72,98.755,98.7,98.74,12572.0,COP
2023-05-02 14:52:00,98.75,98.8,98.71,98.71,12240.0,COP
2023-05-02 14:51:00,98.66,98.76,98.66,98.76,6043.0,COP
2023-05-02 14:50:00,98.58,98.66,98.58,98.6477,6146.0,COP
2023-05-02 14:49:00,98.57,98.6,98.55,98.565,7557.0,COP
2023-05-02 14:48:00,98.555,98.56,98.53,98.53,4965.0,COP
2023-05-02 14:47:00,98.465,98.58,98.465,98.56,7048.0,COP
2023-05-02 14:46:00,98.48,98.4911,98.41,98.445,13197.0,COP
2023-05-02 14:45:00,98.475,98.51,98.45,98.46,10689.0,COP
2023-05-02 14:44:00,98.49,98.49,98.42,98.48,10373.0,COP
2023-05-02 14:43:00,98.45,98.51,98.44,98.47,10762.0,COP
2023-05-02 14:42:00,98.49,98.5,98.44,98.46,9936.0,COP
2023-05-02 14:41:00,98.44,98.5258,98.43,98.5,10729.0,COP
2023-05-02 14:40:00,98.42,98.47,98.42,98.44,12372.0,COP
2023-05-02 14:39:00,98.35,98.43,98.35,98.41,7914.0,COP
2023-05-02 14:38:00,98.45,98.45,98.35,98.355,9888.0,COP
2023-05-02 14:37:00,98.29,98.4,98.265,98.4,9544.0,COP
2023-05-02 14:36:00,98.22,98.3,98.2,98.29,11427.0,COP
2023-05-02 14:35:00,98.29,98.29,98.19,98.235,15011.0,COP
2023-05-02 14:34:00,98.375,98.375,98.25,98.29,24656.0,COP
2023-05-02 14:33:00,98.41,98.41,98.3,98.37,28621.0,COP
2023-05-02 14:32:00,98.55,98.57,98.38,98.41,39385.0,COP
2023-05-02 14:31:00,98.48,98.58,98.48,98.55,13764.0,COP
2023-05-02 14:30:00,98.43,98.495,98.425,98.47,11755.0,COP
2023-05-02 14:29:00,98.44,98.51,98.4,98.42,13228.0,COP
2023-05-02 14:28:00,98.4,98.48,98.38,98.45,9775.0,COP
2023-05-02 14:27:00,98.36,98.42,98.35,98.4,15892.0,COP
2023-05-02 14:26:00,98.44,98.47,98.3093,98.34,23528.0,COP
2023-05-02 14:25:00,98.405,98.48,98.385,98.44,23951.0,COP
2023-05-02 14:24:00,98.48,98.49,98.4,98.4,25339.0,COP
2023-05-02 14:23:00,98.49,98.49,98.44,98.47,9977.0,COP
2023-05-02 14:22:00,98.555,98.575,98.45,98.5,11725.0,COP
2023-05-02 14:21:00,98.53,98.63,98.53,98.5582,11685.0,COP
2023-05-02 14:20:00,98.655,98.655,98.5,98.52,6938.0,COP
2023-05-02 14:19:00,98.535,98.66,98.535,98.66,11105.0,COP
2023-05-02 14:18:00,98.46,98.58,98.44,98.535,24753.0,COP
2023-05-02 14:17:00,98.29,98.49,98.26,98.4679,59401.0,COP
2023-05-02 14:16:00,98.415,98.43,98.29,98.29,77897.0,COP
2023-05-02 14:15:00,98.505,98.505,98.41,98.41,26776.0,COP
2023-05-02 14:14:00,98.61,98.62,98.49,98.49,20074.0,COP
2023-05-02 14:13:00,98.61,98.63,98.55,98.6,20925.0,COP
2023-05-02 14:12:00,98.68,98.69,98.6,98.61,16747.0,COP
2023-05-02 14:11:00,98.78,98.79,98.67,98.68,15852.0,COP
2023-05-02 14:10:00,98.715,98.78,98.71,98.77,6621.0,COP
2023-05-02 14:09:00,98.59,98.725,98.59,98.71,6439.0,COP
2023-05-02 14:08:00,98.585,98.62,98.57,98.59,16428.0,COP
2023-05-02 14:07:00,98.63,98.635,98.582,98.585,5836.0,COP
2023-05-02 14:06:00,98.6,98.7,98.59,98.64,14311.0,COP
2023-05-02 14:05:00,98.58,98.61,98.56,98.59,13828.0,COP
2023-05-02 14:04:00,98.54,98.59,98.5,98.58,12009.0,COP
2023-05-02 14:03:00,98.54,98.62,98.52,98.56,84124.0,COP
2023-05-02 14:02:00,98.695,98.695,98.55,98.56,17578.0,COP
2023-05-02 14:01:00,98.85,98.86,98.7,98.7,12263.0,COP
2023-05-02 14:00:00,98.99,98.99,98.88,98.88,11599.0,COP
2023-05-02 13:59:00,98.91,99.02,98.89,98.99,13055.0,COP
2023-05-02 13:58:00,98.83,98.91,98.83,98.91,11119.0,COP
2023-05-02 13:57:00,98.86,98.87,98.79,98.84,15170.0,COP
2023-05-02 13:56:00,98.84,98.91,98.83,98.85,11741.0,COP
2023-05-02 13:55:00,98.79,98.85,98.79,98.85,6141.0,COP
2023-05-02 13:54:00,98.8401,98.841,98.78,98.78,8234.0,COP
2023-05-02 13:53:00,98.84,98.93,98.81,98.82,13035.0,COP
2023-05-02 13:52:00,98.92,98.92,98.8,98.83,19056.0,COP
2023-05-02 13:51:00,98.9,98.99,98.9,98.92,13707.0,COP
2023-05-02 13:50:00,98.91,98.9125,98.85,98.89,11264.0,COP
2023-05-02 13:49:00,98.87,98.915,98.87,98.905,11814.0,COP
2023-05-02 13:48:00,98.92,98.92,98.81,98.86,7425.0,COP
2023-05-02 13:47:00,98.96,98.97,98.9,98.91,15035.0,COP
2023-05-02 13:46:00,98.92,98.95,98.91,98.94,9230.0,COP
2023-05-02 13:45:00,98.89,98.91,98.85,98.9,7295.0,COP
2023-05-02 13:44:00,98.7341,98.9062,98.72,98.9,23662.0,COP
2023-05-02 13:43:00,98.72,98.76,98.66,98.75,17656.0,COP
2023-05-02 13:42:00,98.65,98.7238,98.6,98.72,12160.0,COP
2023-05-02 13:41:00,98.59,98.65,98.58,98.65,5290.0,COP
2023-05-02 13:40:00,98.67,98.67,98.6,98.6,7051.0,COP
2023-05-02 13:39:00,98.68,98.7,98.61,98.66,11617.0,COP
2023-05-02 13:38:00,98.74,98.74,98.66,98.69,12372.0,COP
2023-05-02 13:37:00,98.77,98.815,98.71,98.74,12428.0,COP
2023-05-02 13:36:00,98.63,98.79,98.63,98.78,15501.0,COP
2023-05-02 13:35:00,98.47,98.64,98.47,98.63,12141.0,COP
2023-05-02 13:34:00,98.4283,98.54,98.4283,98.48,6225.0,COP
2023-05-02 13:33:00,98.435,98.48,98.43,98.44,8828.0,COP
2023-05-02 13:32:00,98.5317,98.5317,98.41,98.43,13754.0,COP
2023-05-02 13:31:00,98.5,98.57,98.5,98.54,9111.0,COP
2023-05-02 13:30:00,98.53,98.57,98.48,98.485,8149.0,COP
2023-05-02 13:29:00,98.57,98.585,98.5,98.51,9241.0,COP
2023-05-02 13:28:00,98.59,98.635,98.57,98.58,6247.0,COP
2023-05-02 13:27:00,98.595,98.63,98.57,98.6,12753.0,COP
2023-05-02 13:26:00,98.59,98.61,98.53,98.59,9376.0,COP
2023-05-02 13:25:00,98.52,98.61,98.5,98.575,9935.0,COP
2023-05-02 13:24:00,98.52,98.57,98.52,98.535,5514.0,COP
2023-05-02 13:23:00,98.54,98.57,98.5,98.52,6763.0,COP
2023-05-02 13:22:00,98.59,98.59,98.49,98.53,27980.0,COP
2023-05-02 13:21:00,98.65,98.66,98.56,98.585,20573.0,COP
2023-05-02 13:20:00,98.59,98.68,98.58,98.62,11711.0,COP
2023-05-02 13:19:00,98.54,98.6,98.53,98.6,13580.0,COP
2023-05-02 13:18:00,98.53,98.55,98.47,98.54,6996.0,COP
2023-05-02 13:17:00,98.4,98.58,98.4,98.55,11226.0,COP
2023-05-02 13:16:00,98.34,98.38,98.3,98.37,11641.0,COP
2023-05-02 13:15:00,98.405,98.405,98.28,98.33,22667.0,COP
2023-05-02 13:14:00,98.39,98.48,98.36,98.405,12368.0,COP
2023-05-02 13:13:00,98.285,98.375,98.285,98.375,9395.0,COP
2023-05-02 13:12:00,98.425,98.45,98.27,98.29,18928.0,COP
2023-05-02 13:11:00,98.17,98.43,98.17,98.43,11196.0,COP
2023-05-02 13:10:00,98.28,98.315,98.18,98.18,6257.0,COP
2023-05-02 13:09:00,98.36,98.36,98.27,98.27,8364.0,COP
2023-05-02 13:08:00,98.39,98.42,98.295,98.38,7134.0,COP
2023-05-02 13:07:00,98.315,98.405,98.31,98.38,10851.0,COP
2023-05-02 13:06:00,98.51,98.52,98.318,98.318,10339.0,COP
2023-05-02 13:05:00,98.42,98.5,98.41,98.5,9014.0,COP
2023-05-02 13:04:00,98.37,98.42,98.37,98.42,5356.0,COP
2023-05-02 13:03:00,98.17,98.34,98.17,98.33,15167.0,COP
2023-05-02 13:02:00,98.07,98.185,98.05,98.165,10160.0,COP
2023-05-02 13:01:00,98.11,98.24,98.06,98.06,12177.0,COP
2023-05-02 13:00:00,98.04,98.12,98.03,98.1,12498.0,COP
2023-05-02 12:59:00,98.03,98.1,98.005,98.03,10283.0,COP
2023-05-02 12:58:00,98.04,98.05,97.995,98.0329,10447.0,COP
2023-05-02 12:57:00,98.12,98.135,98.02,98.04,14015.0,COP
2023-05-02 12:56:00,98.16,98.19,98.09,98.12,9862.0,COP
2023-05-02 12:55:00,98.21,98.28,98.17,98.18,7585.0,COP
2023-05-02 12:54:00,98.16,98.2,98.1,98.1713,5404.0,COP
2023-05-02 12:53:00,98.1,98.235,98.1,98.18,11542.0,COP
2023-05-02 12:52:00,98.05,98.1,98.01,98.0986,8350.0,COP
2023-05-02 12:51:00,97.93,98.09,97.93,98.05,9637.0,COP
2023-05-02 12:50:00,98.01,98.0244,97.855,97.95,14386.0,COP
2023-05-02 12:49:00,97.84,98.01,97.84,98.01,8985.0,COP
2023-05-02 12:48:00,97.96,97.98,97.84,97.84,29638.0,COP
2023-05-02 12:47:00,97.96,98.03,97.94,97.97,16079.0,COP
2023-05-02 12:46:00,97.975,98.03,97.95,97.96,13622.0,COP
2023-05-02 12:45:00,97.93,97.99,97.93,97.9725,15926.0,COP
2023-05-02 12:44:00,98.01,98.01,97.855,97.92,12604.0,COP
2023-05-02 12:43:00,97.94,98.025,97.89,98.02,13135.0,COP
2023-05-02 12:42:00,98.01,98.01,97.9,97.95,26999.0,COP
2023-05-02 12:41:00,98.025,98.09,98.01,98.03,21100.0,COP
2023-05-02 12:40:00,97.86,98.02,97.86,98.01,7868.0,COP
2023-05-02 12:39:00,97.77,97.89,97.75,97.87,8251.0,COP
2023-05-02 12:38:00,97.86,97.89,97.74,97.79,12637.0,COP
2023-05-02 12:37:00,97.66,97.825,97.65,97.825,6682.0,COP
2023-05-02 12:36:00,97.48,97.65,97.48,97.64,8863.0,COP
2023-05-02 12:35:00,97.52,97.555,97.49,97.5,14991.0,COP
2023-05-02 12:34:00,97.5929,97.5929,97.48,97.51,29738.0,COP
2023-05-02 12:33:00,97.56,97.59,97.5,97.58,6401.0,COP
2023-05-02 12:32:00,97.53,97.6,97.53,97.57,7655.0,COP
2023-05-02 12:31:00,97.64,97.645,97.54,97.56,11981.0,COP
2023-05-02 12:30:00,97.695,97.71,97.65,97.7,7242.0,COP
2023-05-02 12:29:00,97.76,97.76,97.665,97.7,4692.0,COP
2023-05-02 12:28:00,97.75,97.805,97.68,97.77,7666.0,COP
2023-05-02 12:27:00,97.785,97.785,97.72,97.75,3793.0,COP
2023-05-02 12:26:00,97.73,97.85,97.73,97.78,8443.0,COP
2023-05-02 12:25:00,97.71,97.735,97.65,97.72,8175.0,COP
2023-05-02 12:24:00,97.63,97.79,97.63,97.72,5669.0,COP
2023-05-02 12:23:00,97.53,97.62,97.495,97.615,5285.0,COP
2023-05-02 12:22:00,97.5,97.565,97.48,97.52,15323.0,COP
2023-05-02 12:21:00,97.67,97.67,97.51,97.53,10716.0,COP
2023-05-02 12:20:00,97.68,97.75,97.67,97.69,4622.0,COP
2023-05-02 12:19:00,97.63,97.67,97.612,97.66,5966.0,COP
2023-05-02 12:18:00,97.695,97.71,97.6199,97.6199,5357.0,COP
2023-05-02 12:17:00,97.65,97.74,97.65,97.67,7481.0,COP
2023-05-02 12:16:00,97.85,97.87,97.66,97.66,20186.0,COP
2023-05-02 12:15:00,97.81,97.86,97.785,97.8431,8787.0,COP
2023-05-02 12:14:00,97.77,97.82,97.63,97.82,7737.0,COP
2023-05-02 12:13:00,97.62,97.8,97.62,97.8,11969.0,COP
2023-05-02 12:12:00,97.74,97.74,97.6,97.62,12459.0,COP
2023-05-02 12:11:00,97.85,97.85,97.75,97.77,5673.0,COP
2023-05-02 12:10:00,97.9,97.91,97.8041,97.83,6506.0,COP
2023-05-02 12:09:00,97.93,97.97,97.89,97.92,6933.0,COP
2023-05-02 12:08:00,97.71,97.925,97.66,97.925,5626.0,COP
2023-05-02 12:07:00,97.77,97.78,97.66,97.71,12080.0,COP
2023-05-02 12:06:00,97.735,97.8,97.68,97.8,6210.0,COP
2023-05-02 12:05:00,97.8,97.82,97.67,97.735,21554.0,COP
2023-05-02 12:04:00,97.98,97.98,97.8,97.8,16781.0,COP
2023-05-02 12:03:00,97.94,98.02,97.92,97.97,31795.0,COP
2023-05-02 12:02:00,98.07,98.105,97.95,97.96,21627.0,COP
2023-05-02 12:01:00,98.1,98.31,98.08,98.08,24809.0,COP
2023-05-02 12:00:00,98.045,98.15,98.02,98.0949,14261.0,COP
2023-05-02 11:59:00,97.98,98.09,97.98,98.05,17815.0,COP
2023-05-02 11:58:00,97.975,98.01,97.94,97.985,11507.0,COP
2023-05-02 11:57:00,98.055,98.07,97.88,97.98,17052.0,COP
2023-05-02 11:56:00,97.86,98.06,97.86,98.05,15792.0,COP
2023-05-02 11:55:00,97.79,97.845,97.73,97.84,10962.0,COP
2023-05-02 11:54:00,97.55,97.8,97.55,97.7976,16071.0,COP
2023-05-02 11:53:00,97.69,97.7,97.52,97.54,24828.0,COP
2023-05-02 11:52:00,97.975,97.975,97.69,97.69,17901.0,COP
2023-05-02 11:51:00,98.14,98.1837,97.95,97.96,10150.0,COP
2023-05-02 11:50:00,98.13,98.17,98.13,98.1445,8748.0,COP
2023-05-02 11:49:00,98.08,98.17,98.075,98.125,14807.0,COP
2023-05-02 11:48:00,98.11,98.17,98.06,98.1,18181.0,COP
2023-05-02 11:47:00,98.09,98.1394,97.98,98.11,14503.0,COP
2023-05-02 11:46:00,98.14,98.28,98.12,98.12,15426.0,COP
2023-05-02 11:45:00,97.93,98.11,97.93,98.11,13906.0,COP
2023-05-02 11:44:00,98.0,98.01,97.89,97.9,11084.0,COP
2023-05-02 11:43:00,98.14,98.185,97.99,98.0,13719.0,COP
2023-05-02 11:42:00,98.11,98.22,98.09,98.14,12178.0,COP
2023-05-02 11:41:00,97.92,98.11,97.92,98.11,14772.0,COP
2023-05-02 11:40:00,97.91,97.9899,97.91,97.94,10299.0,COP
2023-05-02 11:39:00,97.71,97.92,97.7,97.89,14312.0,COP
2023-05-02 11:38:00,97.64,97.77,97.64,97.73,13149.0,COP
2023-05-02 11:37:00,97.69,97.7,97.56,97.62,25488.0,COP
2023-05-02 11:36:00,97.7,97.74,97.66,97.69,6755.0,COP
2023-05-02 11:35:00,97.645,97.74,97.625,97.71,7660.0,COP
2023-05-02 11:34:00,97.69,97.71,97.54,97.63,13366.0,COP
2023-05-02 11:33:00,97.72,97.79,97.66,97.66,9214.0,COP
2023-05-02 11:32:00,97.57,97.71,97.57,97.7,10919.0,COP
2023-05-02 11:31:00,97.72,97.81,97.56,97.5762,15306.0,COP
2023-05-02 11:30:00,97.82,97.83,97.69,97.71,12676.0,COP
2023-05-02 11:29:00,97.82,97.87,97.79,97.83,6695.0,COP
2023-05-02 11:28:00,97.71,97.77,97.68,97.77,10221.0,COP
2023-05-02 11:27:00,97.596,97.75,97.596,97.69,10052.0,COP
2023-05-02 11:26:00,97.75,97.75,97.57,97.595,12739.0,COP
2023-05-02 11:25:00,97.81,97.83,97.71,97.73,14158.0,COP
2023-05-02 11:24:00,97.84,97.9163,97.785,97.81,16967.0,COP
2023-05-02 11:23:00,97.91,97.91,97.73,97.834,38477.0,COP
2023-05-02 11:22:00,98.14,98.21,97.9,97.9,35507.0,COP
2023-05-02 11:21:00,98.2,98.23,98.1,98.125,27246.0,COP
2023-05-02 11:20:00,98.2,98.24,98.18,98.19,12421.0,COP
2023-05-02 11:19:00,98.15,98.185,98.12,98.17,24518.0,COP
2023-05-02 11:18:00,98.135,98.16,98.065,98.14,32880.0,COP
2023-05-02 11:17:00,98.1,98.14,98.03,98.135,7238.0,COP
2023-05-02 11:16:00,98.08,98.225,98.07,98.105,10300.0,COP
2023-05-02 11:15:00,98.08,98.11,98.02,98.07,12117.0,COP
2023-05-02 11:14:00,98.215,98.215,98.05,98.09,16727.0,COP
2023-05-02 11:13:00,98.05,98.2,98.02,98.2,9305.0,COP
2023-05-02 11:12:00,97.84,98.05,97.8,98.03,15760.0,COP
2023-05-02 11:11:00,97.76,97.86,97.755,97.85,17616.0,COP
2023-05-02 11:10:00,97.86,97.86,97.74,97.7472,22986.0,COP
2023-05-02 11:09:00,97.8,97.87,97.77,97.87,16951.0,COP
2023-05-02 11:08:00,97.815,97.825,97.78,97.8,29713.0,COP
2023-05-02 11:07:00,98.025,98.04,97.82,97.83,14419.0,COP
2023-05-02 11:06:00,98.02,98.08,97.97,98.04,5927.0,COP
2023-05-02 11:05:00,97.98,98.06,97.93,98.025,8067.0,COP
2023-05-02 11:04:00,97.835,98.0006,97.83,97.95,13481.0,COP
2023-05-02 11:03:00,98.08,98.09,97.83,97.83,18958.0,COP
2023-05-02 11:02:00,98.07,98.23,98.05,98.06,28664.0,COP
2023-05-02 11:01:00,98.01,98.14,98.01,98.05,11320.0,COP
2023-05-02 11:00:00,98.19,98.19,98.02,98.06,15780.0,COP
2023-05-02 10:59:00,98.07,98.2,98.07,98.18,19216.0,COP
2023-05-02 10:58:00,98.09,98.095,98.035,98.08,9462.0,COP
2023-05-02 10:57:00,98.12,98.17,98.06,98.14,12626.0,COP
2023-05-02 10:56:00,98.15,98.21,97.99,98.1,18698.0,COP
2023-05-02 10:55:00,98.07,98.17,97.97,98.13,14102.0,COP
2023-05-02 10:54:00,98.08,98.11,97.94,98.08,103405.0,COP
2023-05-02 10:53:00,98.27,98.295,98.06,98.09,55798.0,COP
2023-05-02 10:52:00,98.59,98.6,98.25,98.26,48346.0,COP
2023-05-02 10:51:00,98.61,98.72,98.52,98.6,31394.0,COP
2023-05-02 10:50:00,98.34,98.61,98.26,98.59,41117.0,COP
2023-05-02 10:49:00,98.31,98.355,98.19,98.35,22158.0,COP
2023-05-02 10:48:00,98.255,98.4,98.245,98.325,15970.0,COP
2023-05-02 10:47:00,98.34,98.34,98.23,98.27,11026.0,COP
2023-05-02 10:46:00,98.26,98.38,98.255,98.35,14579.0,COP
2023-05-02 10:45:00,98.21,98.29,98.09,98.29,19198.0,COP
2023-05-02 10:44:00,98.28,98.28,98.125,98.21,23169.0,COP
2023-05-02 10:43:00,98.38,98.42,98.23,98.26,16144.0,COP
2023-05-02 10:42:00,98.49,98.57,98.355,98.38,22722.0,COP
2023-05-02 10:41:00,98.615,98.7,98.5,98.5,25166.0,COP
2023-05-02 10:40:00,98.465,98.63,98.43,98.62,23959.0,COP
2023-05-02 10:39:00,98.4,98.57,98.4,98.44,30194.0,COP
2023-05-02 10:38:00,98.55,98.6,98.42,98.45,51400.0,COP
2023-05-02 10:37:00,98.64,98.66,98.5,98.54,26138.0,COP
2023-05-02 10:36:00,98.72,98.8,98.64,98.66,35466.0,COP
2023-05-02 10:35:00,98.81,98.83,98.7,98.75,60783.0,COP
2023-05-02 10:34:00,98.88,98.95,98.78,98.81,22278.0,COP
2023-05-02 10:33:00,98.9,98.96,98.81,98.84,11165.0,COP
2023-05-02 10:32:00,98.95,99.0,98.89,98.89,10057.0,COP
2023-05-02 10:31:00,98.92,98.99,98.855,98.895,17603.0,COP
2023-05-02 10:30:00,98.79,98.89,98.74,98.89,20493.0,COP
2023-05-02 10:29:00,99.0,99.05,98.79,98.79,13762.0,COP
2023-05-02 10:28:00,99.0,99.095,98.91,98.9764,22052.0,COP
2023-05-02 10:27:00,99.055,99.11,99.0,99.02,15896.0,COP
2023-05-02 10:26:00,99.11,99.13,99.03,99.0463,15558.0,COP
2023-05-02 10:25:00,99.07,99.15,99.06,99.09,18758.0,COP
2023-05-02 10:24:00,98.8,99.105,98.78,99.05,16973.0,COP
2023-05-02 10:23:00,99.0,99.0,98.77,98.82,28901.0,COP
2023-05-02 10:22:00,99.09,99.12,98.96,99.0,18271.0,COP
2023-05-02 10:21:00,99.01,99.0884,98.895,99.08,18633.0,COP
2023-05-02 10:20:00,98.955,99.02,98.88,99.0,16666.0,COP
2023-05-02 10:19:00,99.06,99.06,98.91,98.96,22758.0,COP
2023-05-02 10:18:00,99.06,99.13,99.03,99.055,9767.0,COP
2023-05-02 10:17:00,99.17,99.23,99.01,99.06,23341.0,COP
2023-05-02 10:16:00,99.23,99.28,99.15,99.16,36172.0,COP
2023-05-02 10:15:00,99.07,99.29,99.07,99.2368,17104.0,COP
2023-05-02 10:14:00,99.18,99.19,99.02,99.07,14784.0,COP
2023-05-02 10:13:00,99.11,99.16,99.07,99.16,18020.0,COP
2023-05-02 10:12:00,99.08,99.12,99.01,99.09,21149.0,COP
2023-05-02 10:11:00,99.215,99.295,99.095,99.095,44136.0,COP
2023-05-02 10:10:00,98.95,99.21,98.94,99.21,30277.0,COP
2023-05-02 10:09:00,99.13,99.13,98.9439,98.98,31575.0,COP
2023-05-02 10:08:00,99.17,99.17,99.045,99.14,17483.0,COP
2023-05-02 10:07:00,99.415,99.44,99.18,99.18,17095.0,COP
2023-05-02 10:06:00,99.26,99.415,99.12,99.39,40825.0,COP
2023-05-02 10:05:00,99.32,99.32,99.185,99.27,11747.0,COP
2023-05-02 10:04:00,99.27,99.41,99.22,99.2958,7657.0,COP
2023-05-02 10:03:00,99.15,99.335,99.12,99.3,13525.0,COP
2023-05-02 10:02:00,99.35,99.36,99.13,99.15,9270.0,COP
2023-05-02 10:01:00,99.38,99.45,99.32,99.386,8466.0,COP
2023-05-02 10:00:00,99.22,99.35,99.16,99.35,6367.0,COP
2023-05-02 09:59:00,99.19,99.26,99.15,99.21,15822.0,COP
2023-05-02 09:58:00,99.5,99.5,99.19,99.19,32704.0,COP
2023-05-02 09:57:00,99.5,99.54,99.44,99.49,30895.0,COP
2023-05-02 09:56:00,99.53,99.65,99.48,99.53,14406.0,COP
2023-05-02 09:55:00,99.52,99.5947,99.5,99.53,13378.0,COP
2023-05-02 09:54:00,99.73,99.74,99.54,99.54,10378.0,COP
2023-05-02 09:53:00,99.58,99.74,99.46,99.74,18440.0,COP
2023-05-02 09:52:00,99.63,99.72,99.44,99.57,16888.0,COP
2023-05-02 09:51:00,99.65,99.7099,99.61,99.62,7105.0,COP
2023-05-02 09:50:00,100.035,100.035,99.7,99.71,31304.0,COP
2023-05-02 09:49:00,100.01,100.165,99.99,100.05,44370.0,COP
2023-05-02 09:48:00,100.11,100.18,99.99,100.03,13784.0,COP
2023-05-02 09:47:00,100.43,100.45,100.1,100.11,15708.0,COP
2023-05-02 09:46:00,100.48,100.58,100.44,100.44,27205.0,COP
2023-05-02 09:45:00,100.57,100.6035,100.42,100.48,13980.0,COP
2023-05-02 09:44:00,100.33,100.54,100.3,100.52,14720.0,COP
2023-05-02 09:43:00,100.46,100.526,100.29,100.32,17996.0,COP
2023-05-02 09:42:00,100.66,100.66,100.47,100.49,7298.0,COP
2023-05-02 09:41:00,100.79,100.9,100.63,100.63,13416.0,COP
2023-05-02 09:40:00,100.68,100.83,100.58,100.785,17362.0,COP
2023-05-02 09:39:00,100.575,100.77,100.575,100.7,4808.0,COP
2023-05-02 09:38:00,100.61,100.61,100.49,100.56,11275.0,COP
2023-05-02 09:37:00,100.94,100.94,100.6,100.6,9844.0,COP
2023-05-02 09:36:00,101.25,101.28,100.96,100.96,18134.0,COP
2023-05-02 09:35:00,101.05,101.29,100.9,101.29,20129.0,COP
2023-05-02 09:34:00,101.03,101.19,101.0,101.04,7705.0,COP
2023-05-02 09:33:00,101.06,101.19,100.92,101.13,10931.0,COP
2023-05-02 09:32:00,100.99,101.1,100.93,101.0,18077.0,COP
2023-05-02 09:31:00,100.88,101.39,100.86,100.99,81326.0,COP
2023-05-02 09:30:00,101.0,101.0,101.0,101.0,150.0,COP
2023-05-02 09:29:00,101.17,101.17,101.15,101.15,522.0,COP
2023-05-02 09:21:00,101.2,101.2,101.2,101.2,1257.0,COP
2023-05-02 09:16:00,101.2,101.2,101.2,101.2,227.0,COP
2023-05-02 09:15:00,101.3,101.3,101.3,101.3,102.0,COP
2023-05-02 09:06:00,101.68,101.68,101.67,101.67,622.0,COP
2023-05-02 09:05:00,101.79,101.79,101.79,101.79,106.0,COP
2023-05-02 08:42:00,102.43,102.43,102.43,102.43,250.0,COP
2023-05-02 04:36:00,101.01,101.01,101.01,101.01,120.0,COP
2023-05-01 16:16:00,102.53,102.53,102.53,102.53,2251.0,COP
2023-05-01 16:08:00,102.53,102.53,102.53,102.53,3354.0,COP
2023-05-01 16:04:00,102.53,102.53,102.53,102.53,146.0,COP
2023-05-01 16:03:00,102.53,102.53,102.53,102.53,1000.0,COP
2023-05-01 16:01:00,102.53,102.53,102.53,102.53,105579.0,COP
2023-05-01 16:00:00,102.56,102.63,102.51,102.51,96376.0,COP
2023-05-01 15:59:00,102.58,102.58,102.52,102.56,36170.0,COP
2023-05-01 15:58:00,102.54,102.57,102.54,102.57,34972.0,COP
2023-05-01 15:57:00,102.5,102.55,102.47,102.52,30530.0,COP
2023-05-01 15:56:00,102.54,102.6,102.49,102.5,24168.0,COP
2023-05-01 15:55:00,102.54,102.58,102.5,102.53,20203.0,COP
2023-05-01 15:54:00,102.5,102.59,102.4688,102.53,22485.0,COP
2023-05-01 15:53:00,102.56,102.6,102.51,102.51,11002.0,COP
2023-05-01 15:52:00,102.54,102.57,102.49,102.57,13641.0,COP
2023-05-01 15:51:00,102.53,102.57,102.51,102.54,13812.0,COP
2023-05-01 15:50:00,102.53,102.547,102.5,102.52,9684.0,COP
2023-05-01 15:49:00,102.5,102.55,102.5,102.52,10401.0,COP
2023-05-01 15:48:00,102.46,102.52,102.445,102.5,10118.0,COP
2023-05-01 15:47:00,102.44,102.47,102.43,102.465,12143.0,COP
2023-05-01 15:46:00,102.355,102.44,102.355,102.43,10129.0,COP
2023-05-01 15:45:00,102.38,102.38,102.33,102.36,9691.0,COP
2023-05-01 15:44:00,102.39,102.41,102.38,102.39,7089.0,COP
2023-05-01 15:43:00,102.34,102.37,102.34,102.37,9830.0,COP
2023-05-01 15:42:00,102.305,102.355,102.305,102.32,9440.0,COP
2023-05-01 15:41:00,102.2558,102.3,102.215,102.3,9063.0,COP
2023-05-01 15:40:00,102.21,102.265,102.2,102.2436,11520.0,COP
2023-05-01 15:39:00,102.3275,102.34,102.175,102.21,11323.0,COP
2023-05-01 15:38:00,102.29,102.32,102.28,102.32,5745.0,COP
2023-05-01 15:37:00,102.305,102.31,102.29,102.3,10762.0,COP
2023-05-01 15:36:00,102.21,102.32,102.2019,102.3,16699.0,COP
2023-05-01 15:35:00,102.26,102.26,102.2,102.23,10555.0,COP
2023-05-01 15:34:00,102.185,102.25,102.18,102.25,8779.0,COP
2023-05-01 15:33:00,102.175,102.21,102.17,102.1825,9015.0,COP
2023-05-01 15:32:00,102.17,102.175,102.15,102.175,9576.0,COP
2023-05-01 15:31:00,102.1117,102.18,102.105,102.18,11221.0,COP
2023-05-01 15:30:00,102.14,102.1446,102.1,102.1,6655.0,COP
2023-05-01 15:29:00,102.15,102.15,102.1,102.135,7378.0,COP
2023-05-01 15:28:00,102.2,102.2,102.13,102.14,7886.0,COP
2023-05-01 15:27:00,102.18,102.2,102.18,102.19,7751.0,COP
2023-05-01 15:26:00,102.19,102.22,102.165,102.17,8664.0,COP
2023-05-01 15:25:00,102.2,102.2,102.16,102.19,5714.0,COP
2023-05-01 15:24:00,102.19,102.22,102.19,102.21,10665.0,COP
2023-05-01 15:23:00,102.16,102.2,102.16,102.19,5493.0,COP
2023-05-01 15:22:00,102.205,102.23,102.16,102.1687,11843.0,COP
2023-05-01 15:21:00,102.15,102.205,102.15,102.2,11270.0,COP
2023-05-01 15:20:00,102.18,102.18,102.14,102.15,1581.0,COP
2023-05-01 15:19:00,102.17,102.19,102.14,102.18,3487.0,COP
2023-05-01 15:18:00,102.145,102.18,102.11,102.18,6471.0,COP
2023-05-01 15:17:00,102.19,102.19,102.14,102.15,4804.0,COP
2023-05-01 15:16:00,102.155,102.2258,102.155,102.2,7190.0,COP
2023-05-01 15:15:00,102.185,102.185,102.12,102.165,14893.0,COP
2023-05-01 15:14:00,102.2246,102.23,102.16,102.18,6119.0,COP
2023-05-01 15:13:00,102.23,102.23,102.19,102.21,5467.0,COP
2023-05-01 15:12:00,102.24,102.26,102.21,102.22,4842.0,COP
2023-05-01 15:11:00,102.21,102.2567,102.2,102.25,6541.0,COP
2023-05-01 15:10:00,102.24,102.24,102.18,102.2,7573.0,COP
2023-05-01 15:09:00,102.28,102.3,102.23,102.23,4589.0,COP
2023-05-01 15:08:00,102.33,102.34,102.29,102.29,4664.0,COP
2023-05-01 15:07:00,102.32,102.335,102.3,102.335,6058.0,COP
2023-05-01 15:06:00,102.37,102.39,102.34,102.34,4642.0,COP
2023-05-01 15:05:00,102.36,102.36,102.295,102.34,6374.0,COP
2023-05-01 15:04:00,102.45,102.45,102.35,102.36,4216.0,COP
2023-05-01 15:03:00,102.46,102.47,102.43,102.44,7251.0,COP
2023-05-01 15:02:00,102.505,102.5134,102.46,102.47,4087.0,COP
2023-05-01 15:01:00,102.53,102.61,102.51,102.51,8041.0,COP
2023-05-01 15:00:00,102.51,102.53,102.5,102.51,5770.0,COP
2023-05-01 14:59:00,102.49,102.51,102.47,102.51,5998.0,COP
2023-05-01 14:58:00,102.52,102.53,102.49,102.49,4263.0,COP
2023-05-01 14:57:00,102.5,102.54,102.5,102.535,4825.0,COP
2023-05-01 14:56:00,102.52,102.52,102.48,102.4842,3871.0,COP
2023-05-01 14:55:00,102.52,102.52,102.51,102.52,2168.0,COP
2023-05-01 14:54:00,102.42,102.5,102.42,102.5,3649.0,COP
2023-05-01 14:53:00,102.39,102.45,102.39,102.45,3792.0,COP
2023-05-01 14:52:00,102.42,102.42,102.39,102.39,4921.0,COP
2023-05-01 14:51:00,102.41,102.45,102.41,102.43,4578.0,COP
2023-05-01 14:50:00,102.41,102.45,102.4,102.41,4539.0,COP
2023-05-01 14:49:00,102.43,102.44,102.42,102.4233,7545.0,COP
2023-05-01 14:48:00,102.5,102.5,102.41,102.445,4769.0,COP
2023-05-01 14:47:00,102.51,102.52,102.47,102.5,4923.0,COP
2023-05-01 14:46:00,102.4877,102.535,102.48,102.52,6159.0,COP
2023-05-01 14:45:00,102.43,102.48,102.41,102.48,2573.0,COP
2023-05-01 14:44:00,102.39,102.43,102.39,102.4082,2666.0,COP
2023-05-01 14:43:00,102.42,102.42,102.35,102.39,6624.0,COP
2023-05-01 14:42:00,102.39,102.44,102.39,102.42,3433.0,COP
2023-05-01 14:41:00,102.39,102.42,102.365,102.365,2709.0,COP
2023-05-01 14:40:00,102.3,102.38,102.3,102.38,3720.0,COP
2023-05-01 14:39:00,102.26,102.3,102.26,102.3,2613.0,COP
2023-05-01 14:38:00,102.25,102.28,102.25,102.28,4257.0,COP
2023-05-01 14:37:00,102.25,102.285,102.24,102.26,8473.0,COP
2023-05-01 14:36:00,102.18,102.26,102.17,102.25,3655.0,COP
2023-05-01 14:35:00,102.33,102.34,102.19,102.205,4978.0,COP
2023-05-01 14:34:00,102.43,102.43,102.34,102.345,3350.0,COP
2023-05-01 14:33:00,102.52,102.52,102.44,102.45,4523.0,COP
2023-05-01 14:32:00,102.59,102.59,102.511,102.53,6175.0,COP
2023-05-01 14:31:00,102.59,102.61,102.56,102.61,4990.0,COP
2023-05-01 14:30:00,102.54,102.59,102.54,102.58,3881.0,COP
2023-05-01 14:29:00,102.49,102.535,102.49,102.535,3844.0,COP
2023-05-01 14:28:00,102.525,102.535,102.49,102.49,8567.0,COP
2023-05-01 14:27:00,102.49,102.53,102.49,102.53,4545.0,COP
2023-05-01 14:26:00,102.45,102.49,102.45,102.48,4101.0,COP
2023-05-01 14:25:00,102.47,102.47,102.44,102.45,3035.0,COP
2023-05-01 14:24:00,102.437,102.49,102.435,102.46,2942.0,COP
2023-05-01 14:23:00,102.365,102.46,102.365,102.435,5097.0,COP
2023-05-01 14:22:00,102.37,102.42,102.34,102.37,3481.0,COP
2023-05-01 14:21:00,102.29,102.36,102.29,102.355,3806.0,COP
2023-05-01 14:20:00,102.28,102.3,102.265,102.2726,4429.0,COP
2023-05-01 14:19:00,102.32,102.32,102.27,102.27,4323.0,COP
2023-05-01 14:18:00,102.345,102.345,102.275,102.31,3446.0,COP
2023-05-01 14:17:00,102.35,102.3569,102.31,102.34,6339.0,COP
2023-05-01 14:16:00,102.36,102.37,102.32,102.34,2658.0,COP
2023-05-01 14:15:00,102.34,102.3729,102.3344,102.34,8548.0,COP
2023-05-01 14:14:00,102.32,102.365,102.32,102.35,4122.0,COP
2023-05-01 14:13:00,102.325,102.35,102.275,102.31,8351.0,COP
2023-05-01 14:12:00,102.36,102.36,102.31,102.33,3869.0,COP
2023-05-01 14:11:00,102.43,102.43,102.3201,102.3622,8580.0,COP
2023-05-01 14:10:00,102.39,102.45,102.38,102.43,6532.0,COP
2023-05-01 14:09:00,102.4,102.42,102.39,102.42,4673.0,COP
2023-05-01 14:08:00,102.445,102.45,102.43,102.43,4120.0,COP
2023-05-01 14:07:00,102.49,102.49,102.45,102.45,4741.0,COP
2023-05-01 14:06:00,102.58,102.58,102.5,102.5,6656.0,COP
2023-05-01 14:05:00,102.61,102.6211,102.58,102.6004,3002.0,COP
2023-05-01 14:04:00,102.6,102.61,102.57,102.61,12648.0,COP
2023-05-01 14:03:00,102.59,102.63,102.58,102.605,6396.0,COP
2023-05-01 14:02:00,102.62,102.62,102.58,102.6,4417.0,COP
2023-05-01 14:01:00,102.58,102.655,102.58,102.62,3951.0,COP
2023-05-01 14:00:00,102.55,102.62,102.55,102.59,5664.0,COP
2023-05-01 13:59:00,102.565,102.59,102.52,102.55,6384.0,COP
2023-05-01 13:58:00,102.58,102.6,102.54,102.54,4520.0,COP
2023-05-01 13:57:00,102.53,102.58,102.5,102.58,7330.0,COP
2023-05-01 13:56:00,102.53,102.55,102.49,102.52,7544.0,COP
2023-05-01 13:55:00,102.52,102.53,102.49,102.52,8052.0,COP
2023-05-01 13:54:00,102.64,102.64,102.51,102.515,7583.0,COP
2023-05-01 13:53:00,102.67,102.67,102.63,102.6399,4492.0,COP
2023-05-01 13:52:00,102.54,102.65,102.53,102.62,6450.0,COP
2023-05-01 13:51:00,102.5,102.57,102.495,102.54,4616.0,COP
2023-05-01 13:50:00,102.51,102.51,102.48,102.5,3977.0,COP
2023-05-01 13:49:00,102.425,102.51,102.42,102.51,8469.0,COP
2023-05-01 13:48:00,102.37,102.42,102.37,102.42,4255.0,COP
2023-05-01 13:47:00,102.31,102.35,102.3,102.35,3918.0,COP
2023-05-01 13:46:00,102.4,102.4,102.3,102.31,7226.0,COP
2023-05-01 13:45:00,102.39,102.45,102.38,102.43,3924.0,COP
2023-05-01 13:44:00,102.43,102.46,102.4,102.4,4057.0,COP
2023-05-01 13:43:00,102.44,102.45,102.4,102.44,5324.0,COP
2023-05-01 13:42:00,102.355,102.44,102.345,102.44,5419.0,COP
2023-05-01 13:41:00,102.31,102.35,102.295,102.33,3340.0,COP
2023-05-01 13:40:00,102.32,102.33,102.28,102.3,6703.0,COP
2023-05-01 13:39:00,102.31,102.33,102.27,102.32,3642.0,COP
2023-05-01 13:38:00,102.32,102.345,102.295,102.3,3924.0,COP
2023-05-01 13:37:00,102.3,102.36,102.3,102.34,9606.0,COP
2023-05-01 13:36:00,102.29,102.3,102.255,102.29,4992.0,COP
2023-05-01 13:35:00,102.24,102.32,102.24,102.3,8356.0,COP
2023-05-01 13:34:00,102.16,102.24,102.16,102.24,7849.0,COP
2023-05-01 13:33:00,102.08,102.17,102.08,102.16,15126.0,COP
2023-05-01 13:32:00,102.095,102.12,102.05,102.065,14236.0,COP
2023-05-01 13:31:00,102.15,102.15,102.08,102.105,13240.0,COP
2023-05-01 13:30:00,102.18,102.18,102.08,102.18,39203.0,COP
2023-05-01 13:29:00,102.25,102.27,102.18,102.18,28766.0,COP
2023-05-01 13:28:00,102.27,102.28,102.2418,102.26,8905.0,COP
2023-05-01 13:27:00,102.27,102.31,102.25,102.27,5570.0,COP
2023-05-01 13:26:00,102.26,102.305,102.24,102.27,11754.0,COP
2023-05-01 13:25:00,102.25,102.28,102.24,102.27,6688.0,COP
2023-05-01 13:24:00,102.29,102.29,102.24,102.26,11296.0,COP
2023-05-01 13:23:00,102.3,102.3141,102.27,102.29,3581.0,COP
2023-05-01 13:22:00,102.32,102.32,102.26,102.31,6275.0,COP
2023-05-01 13:21:00,102.39,102.39,102.3,102.3,10246.0,COP
2023-05-01 13:20:00,102.42,102.43,102.37,102.405,5291.0,COP
2023-05-01 13:19:00,102.43,102.455,102.43,102.43,2235.0,COP
2023-05-01 13:18:00,102.41,102.42,102.37,102.42,5863.0,COP
2023-05-01 13:17:00,102.45,102.45,102.41,102.42,1724.0,COP
2023-05-01 13:16:00,102.41,102.45,102.39,102.43,6060.0,COP
2023-05-01 13:15:00,102.4,102.44,102.38,102.42,5210.0,COP
2023-05-01 13:14:00,102.42,102.44,102.38,102.4,4944.0,COP
2023-05-01 13:13:00,102.3,102.43,102.29,102.425,10731.0,COP
2023-05-01 13:12:00,102.33,102.33,102.29,102.31,2284.0,COP
2023-05-01 13:11:00,102.42,102.42,102.32,102.3417,4516.0,COP
2023-05-01 13:10:00,102.48,102.48,102.43,102.44,3285.0,COP
2023-05-01 13:09:00,102.49,102.52,102.47,102.4827,7327.0,COP
2023-05-01 13:08:00,102.51,102.52,102.47,102.5,7210.0,COP
2023-05-01 13:07:00,102.6,102.6,102.49,102.49,12935.0,COP
2023-05-01 13:06:00,102.65,102.65,102.58,102.6,16510.0,COP
2023-05-01 13:05:00,102.67,102.67,102.62,102.63,7097.0,COP
2023-05-01 13:04:00,102.63,102.69,102.63,102.66,6462.0,COP
2023-05-01 13:03:00,102.7,102.7,102.59,102.64,17853.0,COP
2023-05-01 13:02:00,102.62,102.71,102.62,102.71,6163.0,COP
2023-05-01 13:01:00,102.63,102.63,102.6,102.62,7031.0,COP
2023-05-01 13:00:00,102.68,102.68,102.61,102.62,5296.0,COP
2023-05-01 12:59:00,102.64,102.7,102.64,102.69,5388.0,COP
2023-05-01 12:58:00,102.63,102.68,102.62,102.62,8501.0,COP
2023-05-01 12:57:00,102.65,102.6599,102.62,102.635,8591.0,COP
2023-05-01 12:56:00,102.63,102.65,102.61,102.65,5810.0,COP
2023-05-01 12:55:00,102.59,102.64,102.59,102.6075,7828.0,COP
2023-05-01 12:54:00,102.63,102.63,102.58,102.59,11141.0,COP
2023-05-01 12:53:00,102.67,102.67,102.63,102.6302,4455.0,COP
2023-05-01 12:52:00,102.7,102.705,102.65,102.66,4867.0,COP
2023-05-01 12:51:00,102.6,102.7,102.6,102.7,9827.0,COP
2023-05-01 12:50:00,102.58,102.6,102.57,102.59,7346.0,COP
2023-05-01 12:49:00,102.61,102.61,102.54,102.57,11675.0,COP
2023-05-01 12:48:00,102.62,102.62,102.56,102.59,7929.0,COP
2023-05-01 12:47:00,102.615,102.64,102.61,102.62,4877.0,COP
2023-05-01 12:46:00,102.49,102.61,102.49,102.61,9596.0,COP
2023-05-01 12:45:00,102.53,102.56,102.51,102.52,4402.0,COP
2023-05-01 12:44:00,102.565,102.57,102.48,102.5188,8339.0,COP
2023-05-01 12:43:00,102.59,102.595,102.55,102.565,8627.0,COP
2023-05-01 12:42:00,102.67,102.67,102.58,102.605,16413.0,COP
2023-05-01 12:41:00,102.65,102.69,102.65,102.69,4942.0,COP
2023-05-01 12:40:00,102.72,102.79,102.6697,102.69,6443.0,COP
2023-05-01 12:39:00,102.705,102.74,102.695,102.695,2496.0,COP
2023-05-01 12:38:00,102.66,102.7,102.66,102.7,4318.0,COP
2023-05-01 12:37:00,102.68,102.68,102.66,102.6716,3003.0,COP
2023-05-01 12:36:00,102.77,102.77,102.66,102.67,4386.0,COP
2023-05-01 12:35:00,102.755,102.77,102.73,102.77,3692.0,COP
2023-05-01 12:34:00,102.81,102.81,102.73,102.75,3672.0,COP
2023-05-01 12:33:00,102.92,102.92,102.8,102.82,5082.0,COP
2023-05-01 12:32:00,102.75,102.9499,102.75,102.9499,6527.0,COP
2023-05-01 12:31:00,102.77,102.79,102.73,102.75,3773.0,COP
2023-05-01 12:30:00,102.81,102.82,102.74,102.77,8452.0,COP
2023-05-01 12:29:00,102.81,102.815,102.785,102.8,2638.0,COP
2023-05-01 12:28:00,102.84,102.84,102.785,102.785,3648.0,COP
2023-05-01 12:27:00,102.82,102.85,102.79,102.84,6453.0,COP
2023-05-01 12:26:00,102.82,102.82,102.76,102.82,4486.0,COP
2023-05-01 12:25:00,102.81,102.85,102.8,102.83,3081.0,COP
2023-05-01 12:24:00,102.81,102.83,102.79,102.79,3622.0,COP
2023-05-01 12:23:00,102.77,102.8116,102.7358,102.81,5469.0,COP
2023-05-01 12:22:00,102.71,102.77,102.7,102.76,12941.0,COP
2023-05-01 12:21:00,102.645,102.73,102.645,102.72,4280.0,COP
2023-05-01 12:20:00,102.605,102.65,102.57,102.62,7818.0,COP
2023-05-01 12:19:00,102.57,102.605,102.56,102.59,9569.0,COP
2023-05-01 12:18:00,102.7,102.71,102.59,102.59,5238.0,COP
2023-05-01 12:17:00,102.61,102.67,102.59,102.67,2591.0,COP
2023-05-01 12:16:00,102.53,102.62,102.5,102.62,12891.0,COP
2023-05-01 12:15:00,102.53,102.58,102.52,102.53,7465.0,COP
2023-05-01 12:14:00,102.51,102.53,102.47,102.52,8003.0,COP
2023-05-01 12:13:00,102.535,102.56,102.51,102.54,9143.0,COP
2023-05-01 12:12:00,102.51,102.5357,102.5,102.5357,6585.0,COP
2023-05-01 12:11:00,102.52,102.55,102.49,102.53,7594.0,COP
2023-05-01 12:10:00,102.5,102.575,102.5,102.53,4011.0,COP
2023-05-01 12:09:00,102.56,102.56,102.51,102.52,3765.0,COP
2023-05-01 12:08:00,102.5,102.56,102.5,102.56,2995.0,COP
2023-05-01 12:07:00,102.49,102.52,102.46,102.5,3533.0,COP
2023-05-01 12:06:00,102.51,102.51,102.46,102.48,3119.0,COP
2023-05-01 12:05:00,102.51,102.53,102.48,102.53,3922.0,COP
2023-05-01 12:04:00,102.49,102.56,102.49,102.53,3988.0,COP
2023-05-01 12:03:00,102.45,102.5299,102.43,102.5299,4660.0,COP
2023-05-01 12:02:00,102.4,102.48,102.39,102.47,3642.0,COP
2023-05-01 12:01:00,102.51,102.51,102.4,102.41,4189.0,COP
2023-05-01 12:00:00,102.56,102.565,102.51,102.52,4064.0,COP
2023-05-01 11:59:00,102.48,102.575,102.48,102.57,5000.0,COP
2023-05-01 11:58:00,102.47,102.48,102.43,102.48,3995.0,COP
2023-05-01 11:57:00,102.38,102.48,102.38,102.48,2968.0,COP
2023-05-01 11:56:00,102.355,102.385,102.34,102.37,6751.0,COP
2023-05-01 11:55:00,102.35,102.39,102.35,102.37,3236.0,COP
2023-05-01 11:54:00,102.35,102.37,102.33,102.36,5640.0,COP
2023-05-01 11:53:00,102.31,102.36,102.28,102.35,8530.0,COP
2023-05-01 11:52:00,102.38,102.43,102.31,102.32,10609.0,COP
2023-05-01 11:51:00,102.39,102.39,102.34,102.37,3992.0,COP
2023-05-01 11:50:00,102.43,102.43,102.38,102.42,3905.0,COP
2023-05-01 11:49:00,102.435,102.5,102.41,102.45,3208.0,COP
2023-05-01 11:48:00,102.36,102.47,102.36,102.44,14466.0,COP
2023-05-01 11:47:00,102.28,102.36,102.28,102.34,3509.0,COP
2023-05-01 11:46:00,102.28,102.315,102.26,102.29,14570.0,COP
2023-05-01 11:45:00,102.28,102.28,102.21,102.27,24444.0,COP
2023-05-01 11:44:00,102.3,102.33,102.27,102.29,16284.0,COP
2023-05-01 11:43:00,102.36,102.375,102.31,102.32,12765.0,COP
2023-05-01 11:42:00,102.43,102.43,102.35,102.35,13112.0,COP
2023-05-01 11:41:00,102.54,102.54,102.44,102.445,5693.0,COP
2023-05-01 11:40:00,102.55,102.56,102.53,102.54,1700.0,COP
2023-05-01 11:39:00,102.635,102.635,102.51,102.53,5369.0,COP
2023-05-01 11:38:00,102.71,102.715,102.63,102.64,4421.0,COP
2023-05-01 11:37:00,102.7,102.7,102.66,102.69,4208.0,COP
2023-05-01 11:36:00,102.73,102.74,102.67,102.67,6583.0,COP
2023-05-01 11:35:00,102.72,102.73,102.66,102.72,4484.0,COP
2023-05-01 11:34:00,102.7,102.74,102.67,102.71,3404.0,COP
2023-05-01 11:33:00,102.68,102.68,102.63,102.68,4251.0,COP
2023-05-01 11:32:00,102.55,102.68,102.54,102.6699,3997.0,COP
2023-05-01 11:31:00,102.51,102.5155,102.45,102.515,6970.0,COP
2023-05-01 11:30:00,102.44,102.545,102.435,102.545,5667.0,COP
2023-05-01 11:29:00,102.51,102.519,102.42,102.46,4607.0,COP
2023-05-01 11:28:00,102.45,102.49,102.43,102.48,5198.0,COP
2023-05-01 11:27:00,102.37,102.45,102.35,102.45,8566.0,COP
2023-05-01 11:26:00,102.27,102.34,102.25,102.34,11197.0,COP
2023-05-01 11:25:00,102.16,102.29,102.155,102.28,8481.0,COP
2023-05-01 11:24:00,102.175,102.19,102.08,102.15,36080.0,COP
2023-05-01 11:23:00,102.18,102.215,102.145,102.18,13114.0,COP
2023-05-01 11:22:00,102.275,102.275,102.15,102.19,13917.0,COP
2023-05-01 11:21:00,102.43,102.43,102.29,102.29,6764.0,COP
2023-05-01 11:20:00,102.43,102.44,102.4,102.41,3722.0,COP
2023-05-01 11:19:00,102.49,102.52,102.455,102.47,5535.0,COP
2023-05-01 11:18:00,102.505,102.54,102.44,102.46,6920.0,COP
2023-05-01 11:17:00,102.47,102.52,102.41,102.48,5322.0,COP
2023-05-01 11:16:00,102.54,102.56,102.44,102.44,5855.0,COP
2023-05-01 11:15:00,102.43,102.52,102.4,102.52,7685.0,COP
2023-05-01 11:14:00,102.55,102.55,102.44,102.44,5053.0,COP
2023-05-01 11:13:00,102.48,102.58,102.48,102.56,4212.0,COP
2023-05-01 11:12:00,102.4222,102.52,102.4,102.49,8861.0,COP
2023-05-01 11:11:00,102.41,102.43,102.37,102.43,5239.0,COP
2023-05-01 11:10:00,102.39,102.44,102.39,102.4,2743.0,COP
2023-05-01 11:09:00,102.35,102.445,102.345,102.395,7347.0,COP
2023-05-01 11:08:00,102.27,102.365,102.19,102.365,15357.0,COP
2023-05-01 11:07:00,102.24,102.305,102.23,102.28,13811.0,COP
2023-05-01 11:06:00,102.27,102.31,102.225,102.25,21036.0,COP
2023-05-01 11:05:00,102.24,102.2841,102.15,102.27,24938.0,COP
2023-05-01 11:04:00,102.23,102.29,102.22,102.24,10432.0,COP
2023-05-01 11:03:00,102.28,102.28,102.18,102.225,19135.0,COP
2023-05-01 11:02:00,102.31,102.31,102.19,102.305,10696.0,COP
2023-05-01 11:01:00,102.32,102.39,102.26,102.26,10976.0,COP
2023-05-01 11:00:00,102.45,102.45,102.31,102.32,4948.0,COP
2023-05-01 10:59:00,102.3,102.46,102.3,102.45,7822.0,COP
2023-05-01 10:58:00,102.34,102.35,102.26,102.31,30330.0,COP
2023-05-01 10:57:00,102.295,102.38,102.29,102.345,26443.0,COP
2023-05-01 10:56:00,102.3,102.33,102.2279,102.31,9241.0,COP
2023-05-01 10:55:00,102.26,102.3185,102.26,102.3185,3382.0,COP
2023-05-01 10:54:00,102.335,102.38,102.28,102.28,3352.0,COP
2023-05-01 10:53:00,102.28,102.3934,102.28,102.33,4502.0,COP
2023-05-01 10:52:00,102.33,102.3618,102.29,102.29,2439.0,COP
2023-05-01 10:51:00,102.5,102.5,102.32,102.32,14770.0,COP
2023-05-01 10:50:00,102.51,102.59,102.5,102.53,6241.0,COP
2023-05-01 10:49:00,102.59,102.59,102.47,102.52,8622.0,COP
2023-05-01 10:48:00,102.51,102.62,102.5,102.59,3000.0,COP
2023-05-01 10:47:00,102.45,102.55,102.435,102.52,6723.0,COP
2023-05-01 10:46:00,102.46,102.49,102.4193,102.42,4106.0,COP
2023-05-01 10:45:00,102.47,102.54,102.46,102.475,5201.0,COP
2023-05-01 10:44:00,102.35,102.51,102.35,102.46,6391.0,COP
2023-05-01 10:43:00,102.42,102.42,102.3333,102.36,8141.0,COP
2023-05-01 10:42:00,102.53,102.5418,102.4277,102.44,9439.0,COP
2023-05-01 10:41:00,102.6,102.615,102.545,102.545,5497.0,COP
2023-05-01 10:40:00,102.52,102.61,102.49,102.57,3940.0,COP
2023-05-01 10:39:00,102.53,102.58,102.5,102.52,8479.0,COP
2023-05-01 10:38:00,102.4261,102.525,102.4261,102.525,8450.0,COP
2023-05-01 10:37:00,102.25,102.42,102.21,102.42,8468.0,COP
2023-05-01 10:36:00,102.19,102.27,102.175,102.25,5167.0,COP
2023-05-01 10:35:00,102.11,102.19,102.1,102.19,6324.0,COP
2023-05-01 10:34:00,102.08,102.1,102.05,102.07,7838.0,COP
2023-05-01 10:33:00,102.03,102.12,102.0,102.1,8738.0,COP
2023-05-01 10:32:00,102.13,102.17,102.07,102.07,4199.0,COP
2023-05-01 10:31:00,102.28,102.32,102.16,102.17,10393.0,COP
2023-05-01 10:30:00,102.26,102.29,102.23,102.26,4157.0,COP
2023-05-01 10:29:00,102.29,102.36,102.23,102.27,9044.0,COP
2023-05-01 10:28:00,102.38,102.38,102.24,102.27,25958.0,COP
2023-05-01 10:27:00,102.21,102.39,102.21,102.39,3669.0,COP
2023-05-01 10:26:00,102.29,102.29,102.22,102.22,2428.0,COP
2023-05-01 10:25:00,102.4,102.4,102.31,102.33,4695.0,COP
2023-05-01 10:24:00,102.33,102.41,102.32,102.41,2237.0,COP
2023-05-01 10:23:00,102.28,102.37,102.23,102.35,5290.0,COP
2023-05-01 10:22:00,102.59,102.59,102.29,102.32,6853.0,COP
2023-05-01 10:21:00,102.72,102.72,102.51,102.63,16906.0,COP
2023-05-01 10:20:00,102.84,102.85,102.749,102.75,7065.0,COP
2023-05-01 10:19:00,102.82,102.8908,102.82,102.8908,5022.0,COP
2023-05-01 10:18:00,102.75,102.87,102.75,102.83,8048.0,COP
2023-05-01 10:17:00,102.7,102.79,102.7,102.76,8696.0,COP
2023-05-01 10:16:00,102.58,102.74,102.58,102.72,6686.0,COP
2023-05-01 10:15:00,102.74,102.74,102.56,102.6,17145.0,COP
2023-05-01 10:14:00,102.845,102.85,102.67,102.67,6973.0,COP
2023-05-01 10:13:00,102.78,102.86,102.78,102.86,2876.0,COP
2023-05-01 10:12:00,102.8,102.8181,102.73,102.79,2595.0,COP
2023-05-01 10:11:00,102.87,102.91,102.73,102.83,4768.0,COP
2023-05-01 10:10:00,102.79,102.865,102.79,102.86,5688.0,COP
2023-05-01 10:09:00,102.76,102.8191,102.69,102.8191,8533.0,COP
2023-05-01 10:08:00,102.73,102.77,102.63,102.77,7846.0,COP
2023-05-01 10:07:00,102.66,102.78,102.66,102.72,8577.0,COP
2023-05-01 10:06:00,102.6,102.69,102.6,102.635,6840.0,COP
2023-05-01 10:05:00,102.52,102.57,102.4399,102.55,3955.0,COP
2023-05-01 10:04:00,102.73,102.73,102.43,102.51,8238.0,COP
2023-05-01 10:03:00,102.675,102.8,102.59,102.8,3802.0,COP
2023-05-01 10:02:00,102.64,102.64,102.475,102.6,4346.0,COP
2023-05-01 10:01:00,102.48,102.67,102.36,102.67,9985.0,COP
2023-05-01 10:00:00,102.61,102.61,102.51,102.51,3498.0,COP
2023-05-01 09:59:00,102.73,102.73,102.62,102.65,3930.0,COP
2023-05-01 09:58:00,102.76,102.79,102.71,102.71,3685.0,COP
2023-05-01 09:57:00,102.71,102.75,102.695,102.75,2564.0,COP
2023-05-01 09:56:00,102.79,102.79,102.66,102.69,4371.0,COP
2023-05-01 09:55:00,102.96,102.98,102.79,102.825,5014.0,COP
2023-05-01 09:54:00,102.85,103.01,102.82,103.01,2756.0,COP
2023-05-01 09:53:00,102.8401,102.895,102.81,102.86,3907.0,COP
2023-05-01 09:52:00,102.725,102.85,102.69,102.85,5935.0,COP
2023-05-01 09:51:00,102.7,102.75,102.6,102.73,6791.0,COP
2023-05-01 09:50:00,102.71,102.77,102.64,102.68,8470.0,COP
2023-05-01 09:49:00,102.77,102.93,102.71,102.71,5076.0,COP
2023-05-01 09:48:00,102.8242,102.88,102.74,102.755,7110.0,COP
2023-05-01 09:47:00,102.74,102.8529,102.74,102.85,4950.0,COP
2023-05-01 09:46:00,102.69,102.83,102.61,102.715,5762.0,COP
2023-05-01 09:45:00,102.69,102.71,102.62,102.69,4145.0,COP
2023-05-01 09:44:00,102.64,102.76,102.6,102.74,3834.0,COP
2023-05-01 09:43:00,102.58,102.7299,102.58,102.67,4802.0,COP
2023-05-01 09:42:00,102.62,102.69,102.53,102.55,7262.0,COP
2023-05-01 09:41:00,102.63,102.7,102.48,102.55,6309.0,COP
2023-05-01 09:40:00,102.58,102.6,102.45,102.6,4091.0,COP
2023-05-01 09:39:00,102.355,102.52,102.355,102.52,9723.0,COP
2023-05-01 09:38:00,102.15,102.33,102.15,102.27,7655.0,COP
2023-05-01 09:37:00,101.9,102.1,101.8187,102.1,5327.0,COP
2023-05-01 09:36:00,101.76,101.91,101.72,101.85,7850.0,COP
2023-05-01 09:35:00,101.62,101.82,101.59,101.74,6018.0,COP
2023-05-01 09:34:00,101.41,101.68,101.41,101.56,7187.0,COP
2023-05-01 09:33:00,101.26,101.43,101.14,101.43,7481.0,COP
2023-05-01 09:32:00,101.64,101.65,101.13,101.18,9423.0,COP
2023-05-01 09:31:00,101.58,101.99,101.53,101.55,61440.0,COP
2023-05-01 09:12:00,101.65,101.65,101.5,101.5,635.0,COP
2023-05-01 09:05:00,101.55,101.55,101.5,101.5,569.0,COP
2023-05-01 09:04:00,101.59,101.59,101.59,101.59,246.0,COP
2023-05-01 08:58:00,101.65,101.65,101.65,101.65,101.0,COP
2023-05-01 08:53:00,101.72,101.72,101.72,101.72,101.0,COP
2023-05-01 08:52:00,101.76,101.76,101.75,101.75,643.0,COP
2023-05-01 08:15:00,101.75,101.75,101.75,101.75,182.0,COP
2023-05-01 08:01:00,101.8001,101.8001,101.8001,101.8001,2973.0,COP
2023-05-01 07:37:00,101.8,101.8,101.8,101.8,301.0,COP
2023-05-01 04:01:00,101.54,101.54,101.54,101.54,131.0,COP
2023-04-28 19:28:00,103.0,103.0,103.0,103.0,319.0,COP
2023-04-28 18:49:00,102.98,102.98,102.98,102.98,392.0,COP
2023-04-28 16:14:00,102.89,102.89,102.89,102.89,2266.0,COP
2023-04-28 16:10:00,102.89,102.89,102.89,102.89,10753.0,COP
2023-04-28 16:09:00,102.89,102.89,102.89,102.89,1477.0,COP
2023-04-28 16:01:00,102.89,102.89,102.89,102.89,1140316.0,COP
2023-04-28 16:00:00,102.87,102.91,102.73,102.91,207687.0,COP
2023-04-28 15:59:00,102.9316,102.94,102.84,102.86,88627.0,COP
2023-04-28 15:58:00,102.805,102.94,102.8,102.92,63390.0,COP
2023-04-28 15:57:00,102.93,102.94,102.8,102.8,44281.0,COP
2023-04-28 15:56:00,102.91,102.97,102.84,102.94,58720.0,COP
2023-04-28 15:55:00,102.83,102.925,102.8,102.905,38246.0,COP
2023-04-28 15:54:00,102.8125,102.83,102.77,102.83,33334.0,COP
2023-04-28 15:53:00,102.81,102.85,102.77,102.81,31560.0,COP
2023-04-28 15:52:00,102.93,102.99,102.81,102.81,22728.0,COP
2023-04-28 15:51:00,102.99,103.05,102.89,102.92,40746.0,COP
2023-04-28 15:50:00,103.035,103.05,102.99,102.99,15301.0,COP
2023-04-28 15:49:00,102.96,103.04,102.94,103.03,16370.0,COP
2023-04-28 15:48:00,103.05,103.05,102.95,102.96,16317.0,COP
2023-04-28 15:47:00,103.08,103.1,103.04,103.06,15569.0,COP
2023-04-28 15:46:00,103.17,103.18,103.09,103.09,13810.0,COP
2023-04-28 15:45:00,103.17,103.1978,103.15,103.18,11936.0,COP
2023-04-28 15:44:00,103.18,103.23,103.15,103.175,15141.0,COP
2023-04-28 15:43:00,103.15,103.2,103.15,103.1999,14716.0,COP
2023-04-28 15:42:00,103.185,103.185,103.13,103.14,9760.0,COP
2023-04-28 15:41:00,103.19,103.22,103.15,103.18,12084.0,COP
2023-04-28 15:40:00,103.21,103.22,103.18,103.19,10845.0,COP
2023-04-28 15:39:00,103.26,103.26,103.21,103.22,9111.0,COP
2023-04-28 15:38:00,103.21,103.295,103.21,103.275,8430.0,COP
2023-04-28 15:37:00,103.19,103.24,103.19,103.205,9992.0,COP
2023-04-28 15:36:00,103.15,103.23,103.15,103.21,10633.0,COP
2023-04-28 15:35:00,103.13,103.17,103.09,103.15,12442.0,COP
2023-04-28 15:34:00,103.18,103.18,103.13,103.13,8655.0,COP
2023-04-28 15:33:00,103.245,103.25,103.19,103.19,8822.0,COP
2023-04-28 15:32:00,103.3098,103.3098,103.23,103.26,12590.0,COP
2023-04-28 15:31:00,103.29,103.38,103.29,103.3399,14589.0,COP
2023-04-28 15:30:00,103.27,103.31,103.25,103.29,8252.0,COP
2023-04-28 15:29:00,103.29,103.31,103.26,103.26,9081.0,COP
2023-04-28 15:28:00,103.31,103.32,103.265,103.29,7803.0,COP
2023-04-28 15:27:00,103.3,103.32,103.28,103.3,6535.0,COP
2023-04-28 15:26:00,103.28,103.3,103.24,103.29,7493.0,COP
2023-04-28 15:25:00,103.31,103.31,103.28,103.29,5958.0,COP
2023-04-28 15:24:00,103.39,103.39,103.29,103.34,20808.0,COP
2023-04-28 15:23:00,103.38,103.39,103.33,103.39,9750.0,COP
2023-04-28 15:22:00,103.525,103.525,103.39,103.395,14162.0,COP
2023-04-28 15:21:00,103.5,103.525,103.485,103.525,8702.0,COP
2023-04-28 15:20:00,103.5,103.51,103.49,103.51,9713.0,COP
2023-04-28 15:19:00,103.49,103.5,103.47,103.49,9996.0,COP
2023-04-28 15:18:00,103.51,103.51,103.48,103.49,7338.0,COP
2023-04-28 15:17:00,103.45,103.505,103.44,103.5,10861.0,COP
2023-04-28 15:16:00,103.4,103.47,103.38,103.45,6029.0,COP
2023-04-28 15:15:00,103.43,103.43,103.3809,103.4,9913.0,COP
2023-04-28 15:14:00,103.43,103.45,103.39,103.425,9356.0,COP
2023-04-28 15:13:00,103.32,103.44,103.32,103.4274,12047.0,COP
2023-04-28 15:12:00,103.185,103.32,103.185,103.32,11413.0,COP
2023-04-28 15:11:00,103.16,103.19,103.16,103.1817,3614.0,COP
2023-04-28 15:10:00,103.18,103.18,103.15,103.15,12115.0,COP
2023-04-28 15:09:00,103.2,103.21,103.17,103.19,8279.0,COP
2023-04-28 15:08:00,103.145,103.19,103.14,103.19,7813.0,COP
2023-04-28 15:07:00,103.11,103.16,103.105,103.16,7357.0,COP
2023-04-28 15:06:00,103.07,103.09,103.06,103.09,4597.0,COP
2023-04-28 15:05:00,103.07,103.07,103.03,103.07,4428.0,COP
2023-04-28 15:04:00,103.14,103.14,103.06,103.07,5234.0,COP
2023-04-28 15:03:00,103.06,103.12,103.06,103.12,4725.0,COP
2023-04-28 15:02:00,103.08,103.08,103.02,103.05,3519.0,COP
2023-04-28 15:01:00,103.04,103.09,102.995,103.075,6322.0,COP
2023-04-28 15:00:00,103.08,103.08,103.04,103.06,5517.0,COP
2023-04-28 14:59:00,103.01,103.09,103.01,103.09,4362.0,COP
2023-04-28 14:58:00,103.06,103.06,102.995,102.995,5439.0,COP
2023-04-28 14:57:00,103.11,103.11,103.03,103.06,8347.0,COP
2023-04-28 14:56:00,103.04,103.12,103.028,103.12,4382.0,COP
2023-04-28 14:55:00,103.09,103.09,103.04,103.05,5880.0,COP
2023-04-28 14:54:00,103.08,103.13,103.08,103.1,3504.0,COP
2023-04-28 14:53:00,103.08,103.12,103.08,103.09,5621.0,COP
2023-04-28 14:52:00,103.02,103.08,103.0,103.07,6552.0,COP
2023-04-28 14:51:00,103.0,103.04,102.98,103.04,8469.0,COP
2023-04-28 14:50:00,102.92,103.03,102.92,103.01,6772.0,COP
2023-04-28 14:49:00,102.97,102.99,102.91,102.92,21604.0,COP
2023-04-28 14:48:00,102.93,102.95,102.895,102.95,8945.0,COP
2023-04-28 14:47:00,102.98,102.98,102.89,102.92,28226.0,COP
2023-04-28 14:46:00,102.87,102.97,102.87,102.97,14421.0,COP
2023-04-28 14:45:00,102.8,102.86,102.79,102.855,8988.0,COP
2023-04-28 14:44:00,102.82,102.83,102.75,102.8,6063.0,COP
2023-04-28 14:43:00,102.71,102.91,102.69,102.83,19817.0,COP
2023-04-28 14:42:00,102.76,102.77,102.72,102.72,9339.0,COP
2023-04-28 14:41:00,102.69,102.79,102.68,102.79,19275.0,COP
2023-04-28 14:40:00,102.73,102.74,102.6807,102.69,6040.0,COP
2023-04-28 14:39:00,102.72,102.78,102.7,102.74,9620.0,COP
2023-04-28 14:38:00,102.72,102.74,102.7,102.73,5617.0,COP
2023-04-28 14:37:00,102.8,102.82,102.73,102.73,7254.0,COP
2023-04-28 14:36:00,102.8525,102.8525,102.8,102.8,5572.0,COP
2023-04-28 14:35:00,102.88,102.92,102.84,102.85,6998.0,COP
2023-04-28 14:34:00,102.83,102.9,102.82,102.88,3975.0,COP
2023-04-28 14:33:00,102.77,102.86,102.77,102.84,7225.0,COP
2023-04-28 14:32:00,102.78,102.78,102.72,102.75,14995.0,COP
2023-04-28 14:31:00,102.79,102.81,102.74,102.78,6779.0,COP
2023-04-28 14:30:00,102.8,102.81,102.765,102.795,6519.0,COP
2023-04-28 14:29:00,102.76,102.85,102.76,102.81,7783.0,COP
2023-04-28 14:28:00,102.75,102.79,102.74,102.76,10634.0,COP
2023-04-28 14:27:00,102.79,102.79,102.72,102.74,22839.0,COP
2023-04-28 14:26:00,102.94,102.94,102.79,102.79,23464.0,COP
2023-04-28 14:25:00,103.0,103.02,102.94,102.95,36968.0,COP
2023-04-28 14:24:00,103.1,103.1,102.99,102.99,20678.0,COP
2023-04-28 14:23:00,103.15,103.16,103.09,103.1,6437.0,COP
2023-04-28 14:22:00,103.2,103.2,103.14,103.17,7448.0,COP
2023-04-28 14:21:00,103.16,103.22,103.16,103.19,4447.0,COP
2023-04-28 14:20:00,103.16,103.17,103.15,103.155,6836.0,COP
2023-04-28 14:19:00,103.2,103.2,103.135,103.15,4283.0,COP
2023-04-28 14:18:00,103.24,103.26,103.19,103.21,13668.0,COP
2023-04-28 14:17:00,103.2,103.24,103.1943,103.24,6324.0,COP
2023-04-28 14:16:00,103.18,103.23,103.15,103.17,9361.0,COP
2023-04-28 14:15:00,103.18,103.25,103.17,103.21,6264.0,COP
2023-04-28 14:14:00,103.15,103.16,103.09,103.15,15697.0,COP
2023-04-28 14:13:00,103.19,103.21,103.12,103.16,11437.0,COP
2023-04-28 14:12:00,103.21,103.255,103.19,103.19,15095.0,COP
2023-04-28 14:11:00,103.27,103.27,103.17,103.21,24920.0,COP
2023-04-28 14:10:00,103.29,103.29,103.255,103.2701,10751.0,COP
2023-04-28 14:09:00,103.29,103.32,103.27,103.28,8920.0,COP
2023-04-28 14:08:00,103.3,103.31,103.28,103.29,5501.0,COP
2023-04-28 14:07:00,103.3,103.35,103.285,103.31,4686.0,COP
2023-04-28 14:06:00,103.27,103.29,103.24,103.29,8008.0,COP
2023-04-28 14:05:00,103.28,103.28,103.24,103.24,14363.0,COP
2023-04-28 14:04:00,103.34,103.34,103.26,103.275,3802.0,COP
2023-04-28 14:03:00,103.33,103.3784,103.31,103.3784,3548.0,COP
2023-04-28 14:02:00,103.32,103.34,103.31,103.32,2778.0,COP
2023-04-28 14:01:00,103.24,103.29,103.24,103.27,4895.0,COP
2023-04-28 14:00:00,103.125,103.21,103.125,103.21,3878.0,COP
2023-04-28 13:59:00,103.1,103.13,103.09,103.12,3534.0,COP
2023-04-28 13:58:00,103.08,103.11,103.08,103.11,2692.0,COP
2023-04-28 13:57:00,103.07,103.1,103.04,103.07,7107.0,COP
2023-04-28 13:56:00,103.19,103.19,103.08,103.09,5456.0,COP
2023-04-28 13:55:00,103.23,103.23,103.15,103.2,7090.0,COP
2023-04-28 13:54:00,103.24,103.25,103.2,103.22,3595.0,COP
2023-04-28 13:53:00,103.33,103.33,103.23,103.24,3262.0,COP
2023-04-28 13:52:00,103.34,103.37,103.32,103.33,9341.0,COP
2023-04-28 13:51:00,103.36,103.3612,103.32,103.35,4337.0,COP
2023-04-28 13:50:00,103.44,103.44,103.37,103.38,5543.0,COP
2023-04-28 13:49:00,103.37,103.48,103.37,103.45,5738.0,COP
2023-04-28 13:48:00,103.34,103.39,103.32,103.38,5076.0,COP
2023-04-28 13:47:00,103.32,103.36,103.31,103.34,5200.0,COP
2023-04-28 13:46:00,103.3,103.34,103.2735,103.32,2993.0,COP
2023-04-28 13:45:00,103.3,103.31,103.27,103.31,2973.0,COP
2023-04-28 13:44:00,103.3,103.34,103.29,103.33,4070.0,COP
2023-04-28 13:43:00,103.2,103.29,103.19,103.2886,6194.0,COP
2023-04-28 13:42:00,103.25,103.28,103.18,103.18,9732.0,COP
2023-04-28 13:41:00,103.1801,103.26,103.16,103.26,7604.0,COP
2023-04-28 13:40:00,103.16,103.19,103.14,103.18,4057.0,COP
2023-04-28 13:39:00,103.0907,103.15,103.09,103.14,5234.0,COP
2023-04-28 13:38:00,103.1,103.14,103.06,103.07,11545.0,COP
2023-04-28 13:37:00,103.18,103.18,103.075,103.08,5590.0,COP
2023-04-28 13:36:00,103.21,103.24,103.19,103.19,6105.0,COP
2023-04-28 13:35:00,103.31,103.31,103.215,103.22,4882.0,COP
2023-04-28 13:34:00,103.29,103.325,103.26,103.325,5868.0,COP
2023-04-28 13:33:00,103.33,103.34,103.29,103.29,5214.0,COP
2023-04-28 13:32:00,103.35,103.35,103.3,103.335,6630.0,COP
2023-04-28 13:31:00,103.4,103.43,103.36,103.36,9617.0,COP
2023-04-28 13:30:00,103.4,103.41,103.37,103.395,3792.0,COP
2023-04-28 13:29:00,103.31,103.37,103.31,103.37,5065.0,COP
2023-04-28 13:28:00,103.3,103.33,103.29,103.31,2579.0,COP
2023-04-28 13:27:00,103.29,103.3,103.26,103.3,3969.0,COP
2023-04-28 13:26:00,103.31,103.32,103.3,103.3,2671.0,COP
2023-04-28 13:25:00,103.29,103.29,103.24,103.27,2948.0,COP
2023-04-28 13:24:00,103.27,103.29,103.26,103.26,4351.0,COP
2023-04-28 13:23:00,103.16,103.27,103.16,103.27,5499.0,COP
2023-04-28 13:22:00,103.1,103.16,103.08,103.16,3708.0,COP
2023-04-28 13:21:00,103.03,103.08,103.03,103.08,8390.0,COP
2023-04-28 13:20:00,103.035,103.04,103.01,103.0175,11629.0,COP
2023-04-28 13:19:00,103.04,103.06,103.01,103.05,4757.0,COP
2023-04-28 13:18:00,103.05,103.07,103.02,103.04,7097.0,COP
2023-04-28 13:17:00,103.0722,103.08,103.04,103.04,4882.0,COP
2023-04-28 13:16:00,103.2035,103.2035,103.0612,103.07,7404.0,COP
2023-04-28 13:15:00,103.195,103.22,103.18,103.2,3809.0,COP
2023-04-28 13:14:00,103.2,103.23,103.19,103.19,5138.0,COP
2023-04-28 13:13:00,103.22,103.22,103.17,103.19,5541.0,COP
2023-04-28 13:12:00,103.19,103.24,103.17,103.24,4957.0,COP
2023-04-28 13:11:00,103.24,103.24,103.17,103.205,8264.0,COP
2023-04-28 13:10:00,103.26,103.26,103.205,103.25,4403.0,COP
2023-04-28 13:09:00,103.2,103.27,103.2,103.26,3785.0,COP
2023-04-28 13:08:00,103.23,103.23,103.19,103.19,2144.0,COP
2023-04-28 13:07:00,103.18,103.23,103.18,103.23,3543.0,COP
2023-04-28 13:06:00,103.16,103.18,103.16,103.16,1177.0,COP
2023-04-28 13:05:00,103.125,103.18,103.1,103.17,2525.0,COP
2023-04-28 13:04:00,103.125,103.2,103.125,103.1401,4246.0,COP
2023-04-28 13:03:00,103.15,103.17,103.12,103.13,6010.0,COP
2023-04-28 13:02:00,103.19,103.2003,103.15,103.17,4581.0,COP
2023-04-28 13:01:00,103.33,103.33,103.2,103.2,6077.0,COP
2023-04-28 13:00:00,103.35,103.355,103.33,103.345,1567.0,COP
2023-04-28 12:59:00,103.3772,103.41,103.36,103.38,3009.0,COP
2023-04-28 12:58:00,103.39,103.4,103.35,103.39,2892.0,COP
2023-04-28 12:57:00,103.36,103.4,103.36,103.3604,2701.0,COP
2023-04-28 12:56:00,103.3,103.36,103.3,103.36,1772.0,COP
2023-04-28 12:55:00,103.24,103.29,103.22,103.275,2335.0,COP
2023-04-28 12:54:00,103.24,103.26,103.23,103.255,3889.0,COP
2023-04-28 12:53:00,103.25,103.25,103.22,103.25,3138.0,COP
2023-04-28 12:52:00,103.34,103.34,103.26,103.26,2094.0,COP
2023-04-28 12:51:00,103.35,103.355,103.3,103.33,3445.0,COP
2023-04-28 12:50:00,103.41,103.42,103.35,103.36,2283.0,COP
2023-04-28 12:49:00,103.38,103.4,103.35,103.4,2021.0,COP
2023-04-28 12:48:00,103.3,103.38,103.3,103.36,3014.0,COP
2023-04-28 12:47:00,103.37,103.37,103.29,103.3,3854.0,COP
2023-04-28 12:46:00,103.455,103.455,103.3401,103.385,7531.0,COP
2023-04-28 12:45:00,103.4799,103.4799,103.4175,103.45,2430.0,COP
2023-04-28 12:44:00,103.5,103.52,103.44,103.47,5756.0,COP
2023-04-28 12:43:00,103.51,103.52,103.455,103.47,5093.0,COP
2023-04-28 12:42:00,103.49,103.55,103.49,103.515,4580.0,COP
2023-04-28 12:41:00,103.49,103.49,103.46,103.48,1970.0,COP
2023-04-28 12:40:00,103.49,103.53,103.45,103.5,4582.0,COP
2023-04-28 12:39:00,103.54,103.55,103.47,103.515,6881.0,COP
2023-04-28 12:38:00,103.55,103.58,103.51,103.52,8509.0,COP
2023-04-28 12:37:00,103.54,103.59,103.54,103.56,3929.0,COP
2023-04-28 12:36:00,103.49,103.5635,103.49,103.56,6610.0,COP
2023-04-28 12:35:00,103.53,103.53,103.49,103.51,3249.0,COP
2023-04-28 12:34:00,103.66,103.66,103.54,103.54,4260.0,COP
2023-04-28 12:33:00,103.61,103.675,103.59,103.66,5271.0,COP
2023-04-28 12:32:00,103.6,103.645,103.6,103.61,4266.0,COP
2023-04-28 12:31:00,103.6,103.61,103.55,103.59,4320.0,COP
2023-04-28 12:30:00,103.555,103.595,103.55,103.575,2540.0,COP
2023-04-28 12:29:00,103.62,103.64,103.54,103.55,4810.0,COP
2023-04-28 12:28:00,103.58,103.61,103.57,103.605,4829.0,COP
2023-04-28 12:27:00,103.6,103.615,103.57,103.59,3027.0,COP
2023-04-28 12:26:00,103.68,103.68,103.62,103.64,4165.0,COP
2023-04-28 12:25:00,103.73,103.73,103.68,103.68,4275.0,COP
2023-04-28 12:24:00,103.56,103.69,103.559,103.69,6577.0,COP
2023-04-28 12:23:00,103.5,103.5432,103.475,103.5432,6553.0,COP
2023-04-28 12:22:00,103.47,103.485,103.47,103.485,1560.0,COP
2023-04-28 12:21:00,103.41,103.48,103.41,103.43,5682.0,COP
2023-04-28 12:20:00,103.39,103.415,103.375,103.375,3133.0,COP
2023-04-28 12:19:00,103.31,103.4,103.31,103.4,4697.0,COP
2023-04-28 12:18:00,103.34,103.37,103.315,103.33,2826.0,COP
2023-04-28 12:17:00,103.33,103.34,103.25,103.33,5343.0,COP
2023-04-28 12:16:00,103.385,103.385,103.34,103.34,2152.0,COP
2023-04-28 12:15:00,103.39,103.39,103.34,103.38,6496.0,COP
2023-04-28 12:14:00,103.39,103.44,103.39,103.43,1731.0,COP
2023-04-28 12:13:00,103.38,103.415,103.3705,103.405,4607.0,COP
2023-04-28 12:12:00,103.36,103.3764,103.345,103.36,2592.0,COP
2023-04-28 12:11:00,103.34,103.38,103.3,103.35,4646.0,COP
2023-04-28 12:10:00,103.39,103.405,103.35,103.35,3504.0,COP
2023-04-28 12:09:00,103.42,103.445,103.4,103.4099,3448.0,COP
2023-04-28 12:08:00,103.38,103.42,103.35,103.4,2984.0,COP
2023-04-28 12:07:00,103.3485,103.42,103.32,103.42,5140.0,COP
2023-04-28 12:06:00,103.27,103.36,103.26,103.355,6151.0,COP
2023-04-28 12:05:00,103.33,103.35,103.265,103.265,4037.0,COP
2023-04-28 12:04:00,103.29,103.37,103.27,103.37,6287.0,COP
2023-04-28 12:03:00,103.34,103.35,103.29,103.33,7734.0,COP
2023-04-28 12:02:00,103.385,103.3998,103.34,103.35,6538.0,COP
2023-04-28 12:01:00,103.36,103.435,103.36,103.3772,3900.0,COP
2023-04-28 12:00:00,103.29,103.36,103.28,103.36,4508.0,COP
2023-04-28 11:59:00,103.3,103.31,103.27,103.3,5435.0,COP
2023-04-28 11:58:00,103.27,103.325,103.27,103.32,3574.0,COP
2023-04-28 11:57:00,103.21,103.275,103.21,103.25,4436.0,COP
2023-04-28 11:56:00,103.14,103.23,103.14,103.204,3882.0,COP
2023-04-28 11:55:00,103.24,103.245,103.15,103.15,7051.0,COP
2023-04-28 11:54:00,103.22,103.255,103.2,103.255,2447.0,COP
2023-04-28 11:53:00,103.19,103.23,103.17,103.23,4835.0,COP
2023-04-28 11:52:00,103.24,103.25,103.18,103.21,5444.0,COP
2023-04-28 11:51:00,103.13,103.24,103.12,103.23,7242.0,COP
2023-04-28 11:50:00,103.09,103.16,103.09,103.13,5629.0,COP
2023-04-28 11:49:00,103.08,103.09,103.025,103.09,3191.0,COP
2023-04-28 11:48:00,103.09,103.09,102.96,103.065,5616.0,COP
2023-04-28 11:47:00,103.18,103.18,103.06,103.09,2511.0,COP
2023-04-28 11:46:00,103.12,103.17,103.08,103.15,4210.0,COP
2023-04-28 11:45:00,103.13,103.19,103.12,103.12,6395.0,COP
2023-04-28 11:44:00,103.14,103.18,103.14,103.14,2271.0,COP
2023-04-28 11:43:00,103.24,103.24,103.15,103.15,6727.0,COP
2023-04-28 11:42:00,103.26,103.27,103.23,103.23,3207.0,COP
2023-04-28 11:41:00,103.34,103.355,103.22,103.25,7027.0,COP
2023-04-28 11:40:00,103.38,103.42,103.36,103.36,3260.0,COP
2023-04-28 11:39:00,103.34,103.38,103.32,103.37,5489.0,COP
2023-04-28 11:38:00,103.24,103.31,103.23,103.3,5845.0,COP
2023-04-28 11:37:00,103.2,103.25,103.17,103.19,4927.0,COP
2023-04-28 11:36:00,103.13,103.19,103.13,103.17,3212.0,COP
2023-04-28 11:35:00,103.04,103.14,103.01,103.12,7504.0,COP
2023-04-28 11:34:00,103.09,103.09,103.0,103.0376,7290.0,COP
2023-04-28 11:33:00,103.13,103.24,103.09,103.09,5128.0,COP
2023-04-28 11:32:00,103.285,103.285,103.13,103.13,5145.0,COP
2023-04-28 11:31:00,103.2,103.3,103.18,103.29,12518.0,COP
2023-04-28 11:30:00,103.33,103.33,103.17,103.2118,11948.0,COP
2023-04-28 11:29:00,103.32,103.4,103.32,103.38,4158.0,COP
2023-04-28 11:28:00,103.345,103.35,103.31,103.32,4265.0,COP
2023-04-28 11:27:00,103.33,103.38,103.27,103.34,16280.0,COP
2023-04-28 11:26:00,103.2,103.33,103.1986,103.32,9786.0,COP
2023-04-28 11:25:00,103.24,103.24,103.18,103.2,18066.0,COP
2023-04-28 11:24:00,103.28,103.28,103.19,103.255,6609.0,COP
2023-04-28 11:23:00,103.29,103.33,103.25,103.27,6711.0,COP
2023-04-28 11:22:00,103.16,103.29,103.16,103.28,42284.0,COP
2023-04-28 11:21:00,103.1725,103.1725,103.11,103.15,4543.0,COP
2023-04-28 11:20:00,103.085,103.2,103.07,103.17,9835.0,COP
2023-04-28 11:19:00,103.04,103.09,103.04,103.06,6445.0,COP
2023-04-28 11:18:00,103.08,103.08,103.0,103.02,12923.0,COP
2023-04-28 11:17:00,102.95,103.09,102.93,103.09,15152.0,COP
2023-04-28 11:16:00,102.797,102.87,102.78,102.86,6928.0,COP
2023-04-28 11:15:00,102.775,102.81,102.71,102.81,8923.0,COP
2023-04-28 11:14:00,102.75,102.79,102.7,102.775,9350.0,COP
2023-04-28 11:13:00,102.8,102.81,102.765,102.78,4668.0,COP
2023-04-28 11:12:00,102.72,102.81,102.71,102.8,8724.0,COP
2023-04-28 11:11:00,102.56,102.71,102.56,102.71,4662.0,COP
2023-04-28 11:10:00,102.5164,102.55,102.49,102.55,5627.0,COP
2023-04-28 11:09:00,102.52,102.54,102.47,102.505,18826.0,COP
2023-04-28 11:08:00,102.48,102.52,102.43,102.51,10348.0,COP
2023-04-28 11:07:00,102.435,102.51,102.38,102.49,6175.0,COP
2023-04-28 11:06:00,102.16,102.44,102.15,102.43,11078.0,COP
2023-04-28 11:05:00,102.09,102.13,102.05,102.115,4736.0,COP
2023-04-28 11:04:00,102.14,102.14,102.04,102.07,6618.0,COP
2023-04-28 11:03:00,102.12,102.175,102.08,102.145,8330.0,COP
2023-04-28 11:02:00,102.28,102.31,102.12,102.1327,7869.0,COP
2023-04-28 11:01:00,102.49,102.49,102.24,102.31,8451.0,COP
2023-04-28 11:00:00,102.55,102.59,102.52,102.52,6192.0,COP
2023-04-28 10:59:00,102.69,102.6959,102.49,102.56,14945.0,COP
2023-04-28 10:58:00,102.68,102.7,102.56,102.66,13187.0,COP
2023-04-28 10:57:00,102.63,102.68,102.6,102.68,24552.0,COP
2023-04-28 10:56:00,102.605,102.67,102.59,102.6343,18601.0,COP
2023-04-28 10:55:00,102.65,102.65,102.56,102.62,16513.0,COP
2023-04-28 10:54:00,102.61,102.66,102.61,102.62,5055.0,COP
2023-04-28 10:53:00,102.51,102.61,102.5,102.61,7229.0,COP
2023-04-28 10:52:00,102.6,102.61,102.45,102.51,10353.0,COP
2023-04-28 10:51:00,102.59,102.64,102.58,102.59,7770.0,COP
2023-04-28 10:50:00,102.52,102.58,102.5,102.58,6668.0,COP
2023-04-28 10:49:00,102.44,102.51,102.39,102.51,10712.0,COP
2023-04-28 10:48:00,102.41,102.45,102.38,102.43,11549.0,COP
2023-04-28 10:47:00,102.35,102.435,102.32,102.41,9186.0,COP
2023-04-28 10:46:00,102.36,102.375,102.2581,102.37,10303.0,COP
2023-04-28 10:45:00,102.35,102.4,102.29,102.36,9688.0,COP
2023-04-28 10:44:00,102.32,102.34,102.29,102.34,7115.0,COP
2023-04-28 10:43:00,102.08,102.26,102.075,102.25,6179.0,COP
2023-04-28 10:42:00,102.16,102.2,102.08,102.09,7122.0,COP
2023-04-28 10:41:00,102.11,102.19,102.04,102.12,14877.0,COP
2023-04-28 10:40:00,102.125,102.14,102.02,102.12,9860.0,COP
2023-04-28 10:39:00,102.13,102.17,102.02,102.13,14958.0,COP
2023-04-28 10:38:00,102.35,102.38,102.147,102.147,46209.0,COP
2023-04-28 10:37:00,102.5398,102.56,102.32,102.34,17122.0,COP
2023-04-28 10:36:00,102.54,102.57,102.44,102.525,13654.0,COP
2023-04-28 10:35:00,102.72,102.72,102.53,102.53,16617.0,COP
2023-04-28 10:34:00,102.69,102.7,102.58,102.69,17153.0,COP
2023-04-28 10:33:00,102.5,102.675,102.5,102.64,12732.0,COP
2023-04-28 10:32:00,102.75,102.76,102.44,102.46,32653.0,COP
2023-04-28 10:31:00,102.755,102.8,102.65,102.73,81665.0,COP
2023-04-28 10:30:00,102.82,102.82,102.68,102.74,34385.0,COP
2023-04-28 10:29:00,102.86,102.86,102.78,102.8312,8935.0,COP
2023-04-28 10:28:00,102.91,102.95,102.87,102.87,11725.0,COP
2023-04-28 10:27:00,102.92,102.97,102.88,102.9,9440.0,COP
2023-04-28 10:26:00,102.8,102.98,102.8,102.925,16112.0,COP
2023-04-28 10:25:00,102.76,102.79,102.645,102.79,20509.0,COP
2023-04-28 10:24:00,102.68,102.75,102.59,102.7,11710.0,COP
2023-04-28 10:23:00,102.8106,102.85,102.64,102.68,12774.0,COP
2023-04-28 10:22:00,102.67,102.8,102.63,102.8,13286.0,COP
2023-04-28 10:21:00,102.62,102.76,102.62,102.68,14982.0,COP
2023-04-28 10:20:00,102.47,102.61,102.46,102.6,13020.0,COP
2023-04-28 10:19:00,102.365,102.48,102.365,102.48,9895.0,COP
2023-04-28 10:18:00,102.23,102.39,102.22,102.38,9603.0,COP
2023-04-28 10:17:00,102.09,102.22,102.09,102.21,11943.0,COP
2023-04-28 10:16:00,102.22,102.24,102.0756,102.1,8161.0,COP
2023-04-28 10:15:00,102.14,102.25,102.095,102.2,7505.0,COP
2023-04-28 10:14:00,102.3,102.31,102.17,102.17,10803.0,COP
2023-04-28 10:13:00,102.37,102.4,102.28,102.31,6774.0,COP
2023-04-28 10:12:00,102.35,102.5,102.2901,102.37,19585.0,COP
2023-04-28 10:11:00,102.3,102.41,102.28,102.34,6764.0,COP
2023-04-28 10:10:00,102.2,102.33,102.15,102.31,6941.0,COP
2023-04-28 10:09:00,102.16,102.23,102.12,102.17,9357.0,COP
2023-04-28 10:08:00,102.19,102.21,102.13,102.19,7067.0,COP
2023-04-28 10:07:00,102.1,102.2,102.08,102.19,12352.0,COP
2023-04-28 10:06:00,101.92,102.1,101.9,102.1,12034.0,COP
2023-04-28 10:05:00,101.94,101.94,101.8,101.89,22587.0,COP
2023-04-28 10:04:00,101.81,101.99,101.81,101.94,7794.0,COP
2023-04-28 10:03:00,101.66,101.79,101.59,101.78,5505.0,COP
2023-04-28 10:02:00,101.58,101.69,101.55,101.66,5485.0,COP
2023-04-28 10:01:00,101.37,101.56,101.37,101.56,3172.0,COP
2023-04-28 10:00:00,101.495,101.54,101.33,101.33,7356.0,COP
2023-04-28 09:59:00,101.59,101.59,101.47,101.505,10387.0,COP
2023-04-28 09:58:00,101.48,101.57,101.39,101.57,28569.0,COP
2023-04-28 09:57:00,101.63,101.63,101.42,101.4413,8533.0,COP
2023-04-28 09:56:00,101.39,101.64,101.3,101.61,26569.0,COP
2023-04-28 09:55:00,101.36,101.41,101.32,101.4,10839.0,COP
2023-04-28 09:54:00,101.27,101.41,101.23,101.37,6706.0,COP
2023-04-28 09:53:00,101.2,101.28,101.14,101.28,14088.0,COP
2023-04-28 09:52:00,101.14,101.2,101.12,101.18,16420.0,COP
2023-04-28 09:51:00,101.3,101.38,101.2,101.2,7945.0,COP
2023-04-28 09:50:00,101.39,101.4,101.21,101.27,15409.0,COP
2023-04-28 09:49:00,101.33,101.45,101.27,101.38,14695.0,COP
2023-04-28 09:48:00,101.41,101.41,101.24,101.33,11335.0,COP
2023-04-28 09:47:00,101.405,101.46,101.35,101.41,6280.0,COP
2023-04-28 09:46:00,101.375,101.56,101.37,101.4,30310.0,COP
2023-04-28 09:45:00,101.52,101.52,101.34,101.375,20637.0,COP
2023-04-28 09:44:00,101.51,101.565,101.4921,101.5,3427.0,COP
2023-04-28 09:43:00,101.62,101.73,101.49,101.51,16648.0,COP
2023-04-28 09:42:00,101.54,101.56,101.45,101.56,2849.0,COP
2023-04-28 09:41:00,101.655,101.75,101.45,101.59,20154.0,COP
2023-04-28 09:40:00,101.68,101.76,101.62,101.63,8138.0,COP
2023-04-28 09:39:00,101.68,101.78,101.68,101.71,5587.0,COP
2023-04-28 09:38:00,101.72,101.795,101.62,101.68,7175.0,COP
2023-04-28 09:37:00,101.64,101.8,101.61,101.78,11520.0,COP
2023-04-28 09:36:00,101.65,101.8,101.59,101.72,9173.0,COP
2023-04-28 09:35:00,101.55,101.785,101.55,101.69,9246.0,COP
2023-04-28 09:34:00,101.13,101.5,101.12,101.5,8213.0,COP
2023-04-28 09:33:00,100.845,101.1599,100.845,101.13,4463.0,COP
2023-04-28 09:32:00,100.5,100.82,100.32,100.82,4027.0,COP
2023-04-28 09:31:00,100.57,100.75,100.35,100.35,67592.0,COP
2023-04-28 09:30:00,101.01,101.01,100.63,100.63,5846.0,COP
2023-04-28 07:31:00,101.25,101.25,101.25,101.25,100.0,COP
2023-04-28 07:01:00,101.2,101.2,101.2,101.2,220.0,COP
2023-04-28 06:21:00,101.02,101.02,101.02,101.02,212.0,COP
2023-04-28 06:20:00,101.01,101.01,101.01,101.01,100.0,COP
2023-04-28 04:32:00,101.2,101.2,101.2,101.2,340.0,COP
2023-04-27 18:41:00,101.23,101.23,101.23,101.23,1000.0,COP
2023-04-27 18:34:00,101.23,101.23,101.23,101.23,1487.0,COP
2023-04-27 17:59:00,101.31,101.31,101.28,101.28,200.0,COP
2023-04-27 17:22:00,101.28,101.28,101.25,101.25,1000.0,COP
2023-04-27 16:49:00,101.23,101.25,101.03,101.24,1314.0,COP
2023-04-27 16:14:00,101.23,101.23,101.23,101.23,1929.0,COP
2023-04-27 16:09:00,101.23,101.23,101.23,101.23,4495.0,COP
2023-04-27 16:07:00,101.28,101.28,101.28,101.28,300.0,COP
2023-04-27 16:06:00,101.24,101.24,101.24,101.24,233.0,COP
2023-04-27 16:01:00,101.23,101.23,101.23,101.23,99833.0,COP
2023-04-27 16:00:00,101.22,101.27,101.19,101.235,100340.0,COP
2023-04-27 15:59:00,101.28,101.285,101.21,101.21,47742.0,COP
2023-04-27 15:58:00,101.38,101.38,101.27,101.28,44171.0,COP
2023-04-27 15:57:00,101.37,101.41,101.34,101.385,32257.0,COP
2023-04-27 15:56:00,101.41,101.42,101.31,101.37,36522.0,COP
2023-04-27 15:55:00,101.41,101.42,101.3725,101.39,22455.0,COP
2023-04-27 15:54:00,101.41,101.45,101.41,101.42,19791.0,COP
2023-04-27 15:53:00,101.29,101.41,101.29,101.4,17352.0,COP
2023-04-27 15:52:00,101.35,101.35,101.285,101.285,16259.0,COP
2023-04-27 15:51:00,101.25,101.37,101.23,101.355,35325.0,COP
2023-04-27 15:50:00,101.33,101.34,101.285,101.295,16702.0,COP
2023-04-27 15:49:00,101.36,101.365,101.31,101.33,14321.0,COP
2023-04-27 15:48:00,101.4,101.405,101.36,101.36,10619.0,COP
2023-04-27 15:47:00,101.36,101.4,101.35,101.385,12904.0,COP
2023-04-27 15:46:00,101.41,101.44,101.35,101.37,16933.0,COP
2023-04-27 15:45:00,101.41,101.44,101.39,101.42,11416.0,COP
2023-04-27 15:44:00,101.44,101.45,101.4,101.42,11189.0,COP
2023-04-27 15:43:00,101.46,101.47,101.41,101.44,11735.0,COP
2023-04-27 15:42:00,101.51,101.54,101.475,101.48,7505.0,COP
2023-04-27 15:41:00,101.49,101.53,101.47,101.52,11054.0,COP
2023-04-27 15:40:00,101.56,101.56,101.495,101.495,13074.0,COP
2023-04-27 15:39:00,101.58,101.6,101.56,101.56,7417.0,COP
2023-04-27 15:38:00,101.66,101.67,101.57,101.57,11369.0,COP
2023-04-27 15:37:00,101.71,101.755,101.66,101.6699,11584.0,COP
2023-04-27 15:36:00,101.65,101.72,101.59,101.72,7861.0,COP
2023-04-27 15:35:00,101.72,101.72,101.655,101.655,8381.0,COP
2023-04-27 15:34:00,101.72,101.73,101.69,101.71,7745.0,COP
2023-04-27 15:33:00,101.74,101.7518,101.725,101.73,7579.0,COP
2023-04-27 15:32:00,101.73,101.755,101.71,101.73,16008.0,COP
2023-04-27 15:31:00,101.675,101.75,101.675,101.74,15018.0,COP
2023-04-27 15:30:00,101.655,101.68,101.655,101.68,5517.0,COP
2023-04-27 15:29:00,101.67,101.69,101.65,101.67,5169.0,COP
2023-04-27 15:28:00,101.715,101.715,101.66,101.67,10691.0,COP
2023-04-27 15:27:00,101.75,101.75,101.69,101.72,9645.0,COP
2023-04-27 15:26:00,101.78,101.805,101.745,101.745,7671.0,COP
2023-04-27 15:25:00,101.84,101.86,101.79,101.79,17844.0,COP
2023-04-27 15:24:00,101.87,101.89,101.835,101.85,7228.0,COP
2023-04-27 15:23:00,101.91,101.925,101.85,101.86,8932.0,COP
2023-04-27 15:22:00,101.84,101.92,101.83,101.91,7562.0,COP
2023-04-27 15:21:00,101.89,101.9066,101.82,101.83,8621.0,COP
2023-04-27 15:20:00,101.815,101.885,101.815,101.885,5048.0,COP
2023-04-27 15:19:00,101.77,101.83,101.76,101.82,10239.0,COP
2023-04-27 15:18:00,101.8,101.825,101.76,101.765,4385.0,COP
2023-04-27 15:17:00,101.76,101.81,101.74,101.81,10401.0,COP
2023-04-27 15:16:00,101.696,101.766,101.69,101.766,10385.0,COP
2023-04-27 15:15:00,101.68,101.7,101.68,101.69,5089.0,COP
2023-04-27 15:14:00,101.735,101.745,101.69,101.69,10660.0,COP
2023-04-27 15:13:00,101.8,101.805,101.75,101.75,7501.0,COP
2023-04-27 15:12:00,101.84,101.84,101.77,101.8002,8655.0,COP
2023-04-27 15:11:00,101.85,101.875,101.825,101.84,8863.0,COP
2023-04-27 15:10:00,101.81,101.87,101.8,101.86,15100.0,COP
2023-04-27 15:09:00,101.81,101.845,101.77,101.82,15330.0,COP
2023-04-27 15:08:00,101.79,101.81,101.77,101.81,14136.0,COP
2023-04-27 15:07:00,101.775,101.8,101.77,101.78,13427.0,COP
2023-04-27 15:06:00,101.78,101.8,101.77,101.775,16064.0,COP
2023-04-27 15:05:00,101.82,101.82,101.78,101.805,15975.0,COP
2023-04-27 15:04:00,101.86,101.865,101.78,101.82,9746.0,COP
2023-04-27 15:03:00,101.8,101.86,101.785,101.86,6282.0,COP
2023-04-27 15:02:00,101.82,101.83,101.78,101.8,8993.0,COP
2023-04-27 15:01:00,101.795,101.84,101.775,101.82,8713.0,COP
2023-04-27 15:00:00,101.8,101.82,101.77,101.8,14974.0,COP
2023-04-27 14:59:00,101.8,101.81,101.79,101.8,10413.0,COP
2023-04-27 14:58:00,101.81,101.81,101.77,101.81,8313.0,COP
2023-04-27 14:57:00,101.77,101.81,101.74,101.8,10966.0,COP
2023-04-27 14:56:00,101.6957,101.77,101.68,101.77,5401.0,COP
2023-04-27 14:55:00,101.72,101.74,101.68,101.68,8864.0,COP
2023-04-27 14:54:00,101.72,101.75,101.72,101.744,4872.0,COP
2023-04-27 14:53:00,101.66,101.72,101.66,101.72,10517.0,COP
2023-04-27 14:52:00,101.75,101.75,101.6633,101.6633,7118.0,COP
2023-04-27 14:51:00,101.71,101.775,101.69,101.75,16098.0,COP
2023-04-27 14:50:00,101.71,101.745,101.71,101.715,7035.0,COP
2023-04-27 14:49:00,101.67,101.71,101.66,101.69,8770.0,COP
2023-04-27 14:48:00,101.62,101.68,101.615,101.68,8843.0,COP
2023-04-27 14:47:00,101.605,101.69,101.6,101.63,7595.0,COP
2023-04-27 14:46:00,101.62,101.63,101.59,101.59,8205.0,COP
2023-04-27 14:45:00,101.63,101.65,101.61,101.64,11119.0,COP
2023-04-27 14:44:00,101.52,101.645,101.52,101.62,4681.0,COP
2023-04-27 14:43:00,101.55,101.57,101.49,101.53,19670.0,COP
2023-04-27 14:42:00,101.3,101.54,101.3,101.54,33196.0,COP
2023-04-27 14:41:00,101.23,101.3,101.23,101.3,5102.0,COP
2023-04-27 14:40:00,101.2114,101.255,101.19,101.24,5227.0,COP
2023-04-27 14:39:00,101.23,101.23,101.16,101.2299,8141.0,COP
2023-04-27 14:38:00,101.25,101.255,101.21,101.24,5683.0,COP
2023-04-27 14:37:00,101.365,101.365,101.25,101.26,7248.0,COP
2023-04-27 14:36:00,101.42,101.46,101.37,101.39,30097.0,COP
2023-04-27 14:35:00,101.42,101.44,101.41,101.43,3730.0,COP
2023-04-27 14:34:00,101.4,101.44,101.39,101.42,7242.0,COP
2023-04-27 14:33:00,101.35,101.4,101.33,101.4,12680.0,COP
2023-04-27 14:32:00,101.33,101.35,101.31,101.35,7945.0,COP
2023-04-27 14:31:00,101.36,101.37,101.33,101.33,4582.0,COP
2023-04-27 14:30:00,101.27,101.37,101.26,101.34,9183.0,COP
2023-04-27 14:29:00,101.19,101.26,101.1851,101.25,7025.0,COP
2023-04-27 14:28:00,101.14,101.18,101.13,101.18,9211.0,COP
2023-04-27 14:27:00,101.1615,101.17,101.12,101.12,7395.0,COP
2023-04-27 14:26:00,101.18,101.19,101.15,101.16,3991.0,COP
2023-04-27 14:25:00,101.14,101.2,101.14,101.1874,4282.0,COP
2023-04-27 14:24:00,101.195,101.195,101.1,101.15,8054.0,COP
2023-04-27 14:23:00,101.16,101.2,101.16,101.19,16087.0,COP
2023-04-27 14:22:00,101.15,101.155,101.11,101.15,6196.0,COP
2023-04-27 14:21:00,101.14,101.17,101.105,101.17,8809.0,COP
2023-04-27 14:20:00,101.06,101.125,101.06,101.125,18787.0,COP
2023-04-27 14:19:00,101.04,101.06,101.02,101.05,5852.0,COP
2023-04-27 14:18:00,101.02,101.055,101.01,101.05,4945.0,COP
2023-04-27 14:17:00,100.93,101.03,100.93,101.03,8299.0,COP
2023-04-27 14:16:00,100.9,100.92,100.9,100.92,6109.0,COP
2023-04-27 14:15:00,100.91,100.945,100.89,100.89,7312.0,COP
2023-04-27 14:14:00,100.94,100.98,100.915,100.915,4347.0,COP
2023-04-27 14:13:00,100.845,100.95,100.84,100.94,9351.0,COP
2023-04-27 14:12:00,100.92,100.92,100.85,100.85,8321.0,COP
2023-04-27 14:11:00,100.96,100.97,100.89,100.925,6985.0,COP
2023-04-27 14:10:00,100.95,100.99,100.93,100.935,8881.0,COP
2023-04-27 14:09:00,100.95,100.965,100.92,100.95,6179.0,COP
2023-04-27 14:08:00,100.99,101.0,100.92,100.93,6884.0,COP
2023-04-27 14:07:00,101.005,101.005,100.93,100.9719,6534.0,COP
2023-04-27 14:06:00,100.99,101.02,100.95,101.005,9804.0,COP
2023-04-27 14:05:00,100.955,100.99,100.9,100.97,9248.0,COP
2023-04-27 14:04:00,100.96,100.96,100.91,100.95,6576.0,COP
2023-04-27 14:03:00,100.9883,100.99,100.96,100.96,6361.0,COP
2023-04-27 14:02:00,100.92,100.98,100.9,100.98,7244.0,COP
2023-04-27 14:01:00,100.94,100.95,100.91,100.92,7959.0,COP
2023-04-27 14:00:00,100.865,100.92,100.85,100.91,6819.0,COP
2023-04-27 13:59:00,100.9,100.92,100.88,100.88,5636.0,COP
2023-04-27 13:58:00,100.87,100.9,100.83,100.9,5385.0,COP
2023-04-27 13:57:00,100.89,100.91,100.85,100.875,3505.0,COP
2023-04-27 13:56:00,100.89,100.9,100.85,100.9,6819.0,COP
2023-04-27 13:55:00,100.92,100.92,100.88,100.9,4928.0,COP
2023-04-27 13:54:00,100.955,100.955,100.905,100.92,4527.0,COP
2023-04-27 13:53:00,101.07,101.07,100.93,100.93,10905.0,COP
2023-04-27 13:52:00,101.0,101.08,100.99,101.06,10962.0,COP
2023-04-27 13:51:00,100.99,101.01,100.97,100.985,6407.0,COP
2023-04-27 13:50:00,100.99,100.99,100.955,100.985,9166.0,COP
2023-04-27 13:49:00,100.88,101.02,100.88,101.0,11277.0,COP
2023-04-27 13:48:00,100.92,100.9204,100.84,100.86,6597.0,COP
2023-04-27 13:47:00,100.89,100.925,100.89,100.925,3746.0,COP
2023-04-27 13:46:00,100.9,100.925,100.89,100.9,8773.0,COP
2023-04-27 13:45:00,100.92,100.93,100.88,100.895,4410.0,COP
2023-04-27 13:44:00,100.95,100.97,100.92,100.92,5562.0,COP
2023-04-27 13:43:00,100.9478,100.98,100.93,100.93,8917.0,COP
2023-04-27 13:42:00,101.005,101.005,100.94,100.95,6059.0,COP
2023-04-27 13:41:00,100.99,101.0,100.97,100.97,6639.0,COP
2023-04-27 13:40:00,100.91,100.985,100.91,100.98,5716.0,COP
2023-04-27 13:39:00,100.92,100.945,100.89,100.89,4175.0,COP
2023-04-27 13:38:00,100.94,101.0,100.91,100.92,16344.0,COP
2023-04-27 13:37:00,100.9,100.935,100.88,100.93,3485.0,COP
2023-04-27 13:36:00,100.915,100.915,100.885,100.9,6558.0,COP
2023-04-27 13:35:00,100.913,100.94,100.9099,100.91,3060.0,COP
2023-04-27 13:34:00,100.975,100.975,100.91,100.92,6574.0,COP
2023-04-27 13:33:00,100.91,100.97,100.91,100.97,7000.0,COP
2023-04-27 13:32:00,100.92,100.92,100.87,100.9,6028.0,COP
2023-04-27 13:31:00,100.89,100.915,100.87,100.915,6933.0,COP
2023-04-27 13:30:00,100.86,100.885,100.86,100.885,4958.0,COP
2023-04-27 13:29:00,100.82,100.86,100.82,100.845,9553.0,COP
2023-04-27 13:28:00,100.79,100.815,100.78,100.79,5504.0,COP
2023-04-27 13:27:00,100.82,100.82,100.77,100.77,6004.0,COP
2023-04-27 13:26:00,100.78,100.82,100.77,100.82,11325.0,COP
2023-04-27 13:25:00,100.87,100.87,100.7856,100.7856,12877.0,COP
2023-04-27 13:24:00,100.88,100.88,100.83,100.85,5073.0,COP
2023-04-27 13:23:00,100.872,100.89,100.86,100.885,3579.0,COP
2023-04-27 13:22:00,100.88,100.91,100.87,100.89,4490.0,COP
2023-04-27 13:21:00,100.9266,100.9275,100.85,100.85,8486.0,COP
2023-04-27 13:20:00,100.9,100.945,100.89,100.9076,11029.0,COP
2023-04-27 13:19:00,100.91,100.91,100.87,100.89,12908.0,COP
2023-04-27 13:18:00,100.97,100.97,100.89,100.9,7347.0,COP
2023-04-27 13:17:00,100.93,100.965,100.92,100.96,5506.0,COP
2023-04-27 13:16:00,100.87,100.92,100.87,100.92,4511.0,COP
2023-04-27 13:15:00,100.8,100.86,100.79,100.85,4105.0,COP
2023-04-27 13:14:00,100.82,100.82,100.78,100.8,2712.0,COP
2023-04-27 13:13:00,100.77,100.84,100.76,100.82,5918.0,COP
2023-04-27 13:12:00,100.76,100.79,100.72,100.78,6346.0,COP
2023-04-27 13:11:00,100.63,100.75,100.63,100.75,7766.0,COP
2023-04-27 13:10:00,100.675,100.69,100.63,100.63,3484.0,COP
2023-04-27 13:09:00,100.64,100.7,100.64,100.66,5028.0,COP
2023-04-27 13:08:00,100.62,100.645,100.6,100.64,10090.0,COP
2023-04-27 13:07:00,100.59,100.64,100.58,100.64,4602.0,COP
2023-04-27 13:06:00,100.61,100.62,100.57,100.58,3983.0,COP
2023-04-27 13:05:00,100.58,100.635,100.58,100.62,2558.0,COP
2023-04-27 13:04:00,100.53,100.57,100.53,100.56,4398.0,COP
2023-04-27 13:03:00,100.5,100.53,100.49,100.53,6927.0,COP
2023-04-27 13:02:00,100.48,100.5047,100.45,100.49,5432.0,COP
2023-04-27 13:01:00,100.42,100.53,100.42,100.49,11768.0,COP
2023-04-27 13:00:00,100.41,100.43,100.385,100.41,2863.0,COP
2023-04-27 12:59:00,100.39,100.43,100.38,100.41,6301.0,COP
2023-04-27 12:58:00,100.34,100.37,100.34,100.3697,2757.0,COP
2023-04-27 12:57:00,100.315,100.37,100.315,100.32,3257.0,COP
2023-04-27 12:56:00,100.35,100.365,100.3,100.3,6287.0,COP
2023-04-27 12:55:00,100.38,100.39,100.32,100.34,6596.0,COP
2023-04-27 12:54:00,100.39,100.39,100.365,100.39,11032.0,COP
2023-04-27 12:53:00,100.31,100.43,100.31,100.405,7990.0,COP
2023-04-27 12:52:00,100.28,100.3,100.25,100.29,2930.0,COP
2023-04-27 12:51:00,100.25,100.31,100.25,100.29,4489.0,COP
2023-04-27 12:50:00,100.2,100.255,100.19,100.255,2937.0,COP
2023-04-27 12:49:00,100.22,100.22,100.1867,100.19,5378.0,COP
2023-04-27 12:48:00,100.27,100.27,100.21,100.22,5856.0,COP
2023-04-27 12:47:00,100.31,100.31,100.26,100.26,6272.0,COP
2023-04-27 12:46:00,100.35,100.38,100.31,100.31,11574.0,COP
2023-04-27 12:45:00,100.31,100.34,100.29,100.3317,4418.0,COP
2023-04-27 12:44:00,100.305,100.33,100.29,100.3,5785.0,COP
2023-04-27 12:43:00,100.3,100.3,100.24,100.28,4693.0,COP
2023-04-27 12:42:00,100.17,100.3,100.1414,100.3,9052.0,COP
2023-04-27 12:41:00,100.15,100.19,100.14,100.16,6051.0,COP
2023-04-27 12:40:00,100.185,100.185,100.12,100.14,6152.0,COP
2023-04-27 12:39:00,100.23,100.24,100.19,100.19,29415.0,COP
2023-04-27 12:38:00,100.24,100.29,100.2362,100.24,12003.0,COP
2023-04-27 12:37:00,100.21,100.29,100.21,100.24,7117.0,COP
2023-04-27 12:36:00,100.18,100.2,100.15,100.19,5737.0,COP
2023-04-27 12:35:00,100.1877,100.19,100.17,100.17,1923.0,COP
2023-04-27 12:34:00,100.19,100.23,100.16,100.21,3813.0,COP
2023-04-27 12:33:00,100.22,100.22,100.16,100.19,15456.0,COP
2023-04-27 12:32:00,100.255,100.27,100.19,100.22,5243.0,COP
2023-04-27 12:31:00,100.3,100.31,100.2,100.23,6250.0,COP
2023-04-27 12:30:00,100.3547,100.3547,100.28,100.29,4661.0,COP
2023-04-27 12:29:00,100.35,100.37,100.32,100.35,3492.0,COP
2023-04-27 12:28:00,100.33,100.3613,100.32,100.3203,3418.0,COP
2023-04-27 12:27:00,100.355,100.36,100.32,100.33,4193.0,COP
2023-04-27 12:26:00,100.36,100.39,100.35,100.355,4676.0,COP
2023-04-27 12:25:00,100.38,100.4067,100.3409,100.3409,8068.0,COP
2023-04-27 12:24:00,100.41,100.41,100.355,100.3691,3568.0,COP
2023-04-27 12:23:00,100.265,100.375,100.265,100.375,3567.0,COP
2023-04-27 12:22:00,100.18,100.26,100.17,100.26,10387.0,COP
2023-04-27 12:21:00,100.18,100.215,100.18,100.19,4146.0,COP
2023-04-27 12:20:00,100.15,100.19,100.12,100.18,2129.0,COP
2023-04-27 12:19:00,100.12,100.14,100.06,100.14,6272.0,COP
2023-04-27 12:18:00,100.19,100.23,100.13,100.13,5946.0,COP
2023-04-27 12:17:00,100.12,100.16,100.09,100.16,3165.0,COP
2023-04-27 12:16:00,100.05,100.1,100.035,100.07,3201.0,COP
2023-04-27 12:15:00,100.03,100.04,100.01,100.025,2701.0,COP
2023-04-27 12:14:00,100.05,100.055,99.98,100.02,12713.0,COP
2023-04-27 12:13:00,100.145,100.145,100.05,100.06,4247.0,COP
2023-04-27 12:12:00,100.18,100.19,100.1,100.15,5245.0,COP
2023-04-27 12:11:00,100.2,100.23,100.18,100.18,4553.0,COP
2023-04-27 12:10:00,100.235,100.235,100.17,100.195,4604.0,COP
2023-04-27 12:09:00,100.29,100.29,100.23,100.23,4768.0,COP
2023-04-27 12:08:00,100.26,100.35,100.26,100.31,6172.0,COP
2023-04-27 12:07:00,100.25,100.285,100.24,100.25,2393.0,COP
2023-04-27 12:06:00,100.31,100.345,100.23,100.25,5551.0,COP
2023-04-27 12:05:00,100.37,100.39,100.29,100.3,6457.0,COP
2023-04-27 12:04:00,100.44,100.46,100.4,100.4,5311.0,COP
2023-04-27 12:03:00,100.295,100.46,100.295,100.43,2922.0,COP
2023-04-27 12:02:00,100.36,100.36,100.25,100.29,8181.0,COP
2023-04-27 12:01:00,100.47,100.47,100.36,100.36,6716.0,COP
2023-04-27 12:00:00,100.51,100.55,100.46,100.47,6498.0,COP
2023-04-27 11:59:00,100.555,100.57,100.52,100.52,3796.0,COP
2023-04-27 11:58:00,100.54,100.57,100.52,100.54,8358.0,COP
2023-04-27 11:57:00,100.52,100.545,100.51,100.535,4194.0,COP
2023-04-27 11:56:00,100.56,100.62,100.54,100.54,4502.0,COP
2023-04-27 11:55:00,100.58,100.58,100.53,100.545,5106.0,COP
2023-04-27 11:54:00,100.65,100.65,100.54,100.57,6198.0,COP
2023-04-27 11:53:00,100.68,100.68,100.62,100.66,4363.0,COP
2023-04-27 11:52:00,100.53,100.67,100.51,100.65,7539.0,COP
2023-04-27 11:51:00,100.56,100.6,100.55,100.55,3907.0,COP
2023-04-27 11:50:00,100.53,100.6,100.53,100.575,6179.0,COP
2023-04-27 11:49:00,100.55,100.58,100.53,100.56,3075.0,COP
2023-04-27 11:48:00,100.53,100.575,100.52,100.545,4129.0,COP
2023-04-27 11:47:00,100.54,100.61,100.535,100.56,6651.0,COP
2023-04-27 11:46:00,100.555,100.555,100.49,100.49,6800.0,COP
2023-04-27 11:45:00,100.5207,100.6,100.52,100.55,8950.0,COP
2023-04-27 11:44:00,100.555,100.56,100.47,100.5,5409.0,COP
2023-04-27 11:43:00,100.42,100.59,100.42,100.56,11032.0,COP
2023-04-27 11:42:00,100.39,100.415,100.35,100.41,5257.0,COP
2023-04-27 11:41:00,100.44,100.47,100.36,100.42,8862.0,COP
2023-04-27 11:40:00,100.325,100.44,100.325,100.43,5102.0,COP
2023-04-27 11:39:00,100.36,100.385,100.29,100.31,34395.0,COP
2023-04-27 11:38:00,100.45,100.45,100.35,100.375,3086.0,COP
2023-04-27 11:37:00,100.49,100.495,100.4,100.42,4843.0,COP
2023-04-27 11:36:00,100.54,100.56,100.46,100.47,5407.0,COP
2023-04-27 11:35:00,100.53,100.58,100.52,100.5344,3854.0,COP
2023-04-27 11:34:00,100.61,100.61,100.47,100.52,10698.0,COP
2023-04-27 11:33:00,100.685,100.685,100.57,100.64,6051.0,COP
2023-04-27 11:32:00,100.63,100.72,100.62,100.675,5309.0,COP
2023-04-27 11:31:00,100.59,100.67,100.58,100.64,5724.0,COP
2023-04-27 11:30:00,100.66,100.67,100.56,100.57,6894.0,COP
2023-04-27 11:29:00,100.52,100.64,100.51,100.585,6799.0,COP
2023-04-27 11:28:00,100.43,100.555,100.41,100.5001,9007.0,COP
2023-04-27 11:27:00,100.41,100.44,100.34,100.44,7604.0,COP
2023-04-27 11:26:00,100.21,100.42,100.21,100.42,9592.0,COP
2023-04-27 11:25:00,100.1,100.23,100.09,100.195,6573.0,COP
2023-04-27 11:24:00,99.89,100.09,99.89,100.085,8330.0,COP
2023-04-27 11:23:00,99.9399,99.9399,99.83,99.88,11514.0,COP
2023-04-27 11:22:00,99.97,99.98,99.91,99.91,5987.0,COP
2023-04-27 11:21:00,99.97,100.03,99.95,99.96,6330.0,COP
2023-04-27 11:20:00,99.965,99.97,99.8958,99.94,4341.0,COP
2023-04-27 11:19:00,99.89,100.0,99.89,99.965,8589.0,COP
2023-04-27 11:18:00,99.9,99.9,99.82,99.87,8525.0,COP
2023-04-27 11:17:00,99.88,99.91,99.84,99.91,8271.0,COP
2023-04-27 11:16:00,99.9374,99.953,99.84,99.88,10718.0,COP
2023-04-27 11:15:00,99.87,99.925,99.86,99.92,4788.0,COP
2023-04-27 11:14:00,99.85,99.88,99.81,99.86,7683.0,COP
2023-04-27 11:13:00,99.97,99.97,99.86,99.86,5464.0,COP
2023-04-27 11:12:00,100.01,100.02,99.935,99.9616,7324.0,COP
2023-04-27 11:11:00,99.97,100.04,99.97,100.0114,5889.0,COP
2023-04-27 11:10:00,100.005,100.005,99.95,99.97,5884.0,COP
2023-04-27 11:09:00,100.08,100.1,99.97,100.0,10393.0,COP
2023-04-27 11:08:00,100.06,100.11,100.04,100.0664,6923.0,COP
2023-04-27 11:07:00,100.1,100.13,100.07,100.07,5739.0,COP
2023-04-27 11:06:00,100.14,100.14,100.06,100.1,4528.0,COP
2023-04-27 11:05:00,100.14,100.23,100.09,100.135,12054.0,COP
2023-04-27 11:04:00,100.11,100.22,100.1,100.1,11541.0,COP
2023-04-27 11:03:00,100.03,100.11,100.03,100.1,8512.0,COP
2023-04-27 11:02:00,100.1,100.11,100.01,100.03,4098.0,COP
2023-04-27 11:01:00,100.12,100.185,100.11,100.1151,6228.0,COP
2023-04-27 11:00:00,100.08,100.125,100.04,100.12,10584.0,COP
2023-04-27 10:59:00,100.02,100.11,100.01,100.08,5262.0,COP
2023-04-27 10:58:00,100.075,100.085,99.99,100.015,9239.0,COP
2023-04-27 10:57:00,100.16,100.16,99.97,100.075,7695.0,COP
2023-04-27 10:56:00,100.215,100.22,100.15,100.1683,6523.0,COP
2023-04-27 10:55:00,100.2939,100.36,100.2,100.2,3743.0,COP
2023-04-27 10:54:00,100.31,100.39,100.28,100.3,5040.0,COP
2023-04-27 10:53:00,100.16,100.3,100.1508,100.3,5034.0,COP
2023-04-27 10:52:00,100.3021,100.32,100.19,100.19,7748.0,COP
2023-04-27 10:51:00,100.35,100.41,100.35,100.36,3474.0,COP
2023-04-27 10:50:00,100.42,100.42,100.32,100.3728,5666.0,COP
2023-04-27 10:49:00,100.46,100.48,100.39,100.41,10198.0,COP
2023-04-27 10:48:00,100.53,100.54,100.43,100.46,6259.0,COP
2023-04-27 10:47:00,100.44,100.57,100.44,100.53,5927.0,COP
2023-04-27 10:46:00,100.44,100.485,100.38,100.4435,6859.0,COP
2023-04-27 10:45:00,100.43,100.535,100.4,100.45,3974.0,COP
2023-04-27 10:44:00,100.37,100.45,100.36,100.435,5702.0,COP
2023-04-27 10:43:00,100.59,100.5997,100.3303,100.3303,9312.0,COP
2023-04-27 10:42:00,100.75,100.75,100.56,100.575,7876.0,COP
2023-04-27 10:41:00,100.76,100.79,100.745,100.75,4226.0,COP
2023-04-27 10:40:00,100.73,100.78,100.685,100.74,6486.0,COP
2023-04-27 10:39:00,100.55,100.72,100.55,100.71,7806.0,COP
2023-04-27 10:38:00,100.5,100.55,100.5,100.55,3926.0,COP
2023-04-27 10:37:00,100.53,100.54,100.46,100.49,7523.0,COP
2023-04-27 10:36:00,100.55,100.61,100.5,100.5296,4275.0,COP
2023-04-27 10:35:00,100.61,100.61,100.56,100.58,12617.0,COP
2023-04-27 10:34:00,100.7,100.715,100.56,100.62,12664.0,COP
2023-04-27 10:33:00,100.75,100.83,100.69,100.71,5642.0,COP
2023-04-27 10:32:00,100.8,100.84,100.72,100.76,8044.0,COP
2023-04-27 10:31:00,100.86,100.865,100.79,100.79,6351.0,COP
2023-04-27 10:30:00,100.85,100.9,100.78,100.85,66504.0,COP
2023-04-27 10:29:00,100.855,100.95,100.83,100.88,8541.0,COP
2023-04-27 10:28:00,100.89,100.89,100.82,100.88,4591.0,COP
2023-04-27 10:27:00,100.91,100.94,100.82,100.87,24275.0,COP
2023-04-27 10:26:00,100.96,101.01,100.91,100.93,6353.0,COP
2023-04-27 10:25:00,101.01,101.02,100.92,100.95,10366.0,COP
2023-04-27 10:24:00,101.12,101.125,100.965,101.02,6390.0,COP
2023-04-27 10:23:00,100.9448,101.12,100.9448,101.063,9916.0,COP
2023-04-27 10:22:00,100.96,101.005,100.91,100.95,8025.0,COP
2023-04-27 10:21:00,100.945,100.9744,100.9105,100.9571,10912.0,COP
2023-04-27 10:20:00,100.96,101.005,100.89,100.985,10060.0,COP
2023-04-27 10:19:00,101.13,101.155,100.96,100.96,5886.0,COP
2023-04-27 10:18:00,101.2,101.24,101.09,101.135,7937.0,COP
2023-04-27 10:17:00,101.395,101.395,101.16,101.17,15549.0,COP
2023-04-27 10:16:00,101.35,101.44,101.34,101.43,14186.0,COP
2023-04-27 10:15:00,101.18,101.37,101.18,101.33,10215.0,COP
2023-04-27 10:14:00,101.04,101.22,101.04,101.15,13090.0,COP
2023-04-27 10:13:00,101.05,101.0973,101.01,101.03,8089.0,COP
2023-04-27 10:12:00,100.95,101.03,100.871,101.02,12813.0,COP
2023-04-27 10:11:00,100.99,101.03,100.95,100.96,6764.0,COP
2023-04-27 10:10:00,101.11,101.13,101.015,101.02,6063.0,COP
2023-04-27 10:09:00,101.01,101.11,100.98,101.0756,15542.0,COP
2023-04-27 10:08:00,101.125,101.155,101.01,101.03,8173.0,COP
2023-04-27 10:07:00,101.1811,101.195,101.04,101.1021,11449.0,COP
2023-04-27 10:06:00,101.26,101.27,101.07,101.2,10112.0,COP
2023-04-27 10:05:00,101.34,101.34,101.17,101.24,8149.0,COP
2023-04-27 10:04:00,101.43,101.466,101.3071,101.3071,13719.0,COP
2023-04-27 10:03:00,101.17,101.405,101.17,101.4,13710.0,COP
2023-04-27 10:02:00,101.0,101.185,100.99,101.17,15119.0,COP
2023-04-27 10:01:00,101.02,101.11,100.93,101.015,12325.0,COP
2023-04-27 10:00:00,100.735,101.02,100.73,101.02,8553.0,COP
2023-04-27 09:59:00,100.7,100.78,100.7,100.7398,8958.0,COP
2023-04-27 09:58:00,100.85,100.91,100.6,100.69,17419.0,COP
2023-04-27 09:57:00,100.63,100.86,100.63,100.84,8859.0,COP
2023-04-27 09:56:00,100.42,100.67,100.42,100.62,9920.0,COP
2023-04-27 09:55:00,100.36,100.45,100.36,100.41,6398.0,COP
2023-04-27 09:54:00,100.42,100.5,100.335,100.335,10159.0,COP
2023-04-27 09:53:00,100.495,100.5,100.31,100.4,15090.0,COP
2023-04-27 09:52:00,100.5,100.58,100.46,100.51,9288.0,COP
2023-04-27 09:51:00,100.615,100.7,100.5,100.51,8993.0,COP
2023-04-27 09:50:00,100.51,100.5563,100.43,100.55,16408.0,COP
2023-04-27 09:49:00,100.475,100.59,100.46,100.52,7945.0,COP
2023-04-27 09:48:00,100.36,100.505,100.36,100.48,8220.0,COP
2023-04-27 09:47:00,100.27,100.345,100.18,100.33,6479.0,COP
2023-04-27 09:46:00,100.2638,100.34,100.14,100.31,6230.0,COP
2023-04-27 09:45:00,100.55,100.56,100.28,100.28,8277.0,COP
2023-04-27 09:44:00,100.395,100.52,100.395,100.52,8453.0,COP
2023-04-27 09:43:00,100.46,100.48,100.24,100.36,10113.0,COP
2023-04-27 09:42:00,100.43,100.51,100.4,100.5,10839.0,COP
2023-04-27 09:41:00,100.38,100.51,100.3,100.4,13318.0,COP
2023-04-27 09:40:00,100.46,100.57,100.41,100.41,11880.0,COP
2023-04-27 09:39:00,100.21,100.51,100.18,100.46,10597.0,COP
2023-04-27 09:38:00,100.39,100.42,100.25,100.26,14835.0,COP
2023-04-27 09:37:00,100.365,100.416,100.28,100.34,11248.0,COP
2023-04-27 09:36:00,100.42,100.49,100.26,100.33,9089.0,COP
2023-04-27 09:35:00,100.5,100.5,100.29,100.32,6075.0,COP
2023-04-27 09:34:00,100.6834,100.705,100.52,100.525,5395.0,COP
2023-04-27 09:33:00,100.4,100.63,100.4,100.63,8535.0,COP
2023-04-27 09:32:00,100.27,100.46,100.05,100.46,46836.0,COP
2023-04-27 09:31:00,100.45,100.48,100.305,100.33,1646.0,COP
2023-04-27 07:13:00,100.94,100.94,100.94,100.94,200.0,COP
2023-04-27 07:01:00,100.1,100.1,100.1,100.1,214.0,COP
2023-04-26 16:48:00,100.5,100.5,100.5,100.5,500.0,COP
2023-04-26 16:22:00,100.47,100.47,100.47,100.47,2329.0,COP
2023-04-26 16:21:00,100.47,100.47,100.47,100.47,913.0,COP
2023-04-26 16:18:00,100.43,100.43,100.43,100.43,549.0,COP
2023-04-26 16:08:00,100.47,100.47,100.47,100.47,13374.0,COP
2023-04-26 16:01:00,100.47,100.47,100.47,100.47,105410.0,COP
2023-04-26 16:00:00,100.46,100.57,100.42,100.43,178821.0,COP
2023-04-26 15:59:00,100.4,100.465,100.38,100.455,76135.0,COP
2023-04-26 15:58:00,100.38,100.445,100.36,100.4,32756.0,COP
2023-04-26 15:57:00,100.36,100.39,100.29,100.38,42523.0,COP
2023-04-26 15:56:00,100.255,100.43,100.255,100.3519,44029.0,COP
2023-04-26 15:55:00,100.22,100.28,100.21,100.25,27277.0,COP
2023-04-26 15:54:00,100.16,100.21,100.115,100.2,22538.0,COP
2023-04-26 15:53:00,100.095,100.17,100.08,100.15,26931.0,COP
2023-04-26 15:52:00,100.065,100.105,100.015,100.1,21535.0,COP
2023-04-26 15:51:00,100.04,100.09,99.99,100.075,20591.0,COP
2023-04-26 15:50:00,99.98,100.05,99.98,100.05,11944.0,COP
2023-04-26 15:49:00,99.97,100.04,99.97,99.98,17274.0,COP
2023-04-26 15:48:00,99.98,100.01,99.96,99.975,11088.0,COP
2023-04-26 15:47:00,100.04,100.07,99.96,99.97,15545.0,COP
2023-04-26 15:46:00,99.98,100.06,99.98,100.035,16795.0,COP
2023-04-26 15:45:00,99.93,99.98,99.91,99.97,13557.0,COP
2023-04-26 15:44:00,99.92,99.98,99.915,99.935,14678.0,COP
2023-04-26 15:43:00,99.93,99.94,99.87,99.92,13430.0,COP
2023-04-26 15:42:00,99.95,99.965,99.905,99.94,6957.0,COP
2023-04-26 15:41:00,99.92,100.0,99.91,99.96,10217.0,COP
2023-04-26 15:40:00,99.88,99.94,99.855,99.91,14278.0,COP
2023-04-26 15:39:00,99.88,99.93,99.85,99.885,9564.0,COP
2023-04-26 15:38:00,99.94,99.94,99.87,99.875,6641.0,COP
2023-04-26 15:37:00,100.0,100.035,99.95,99.95,7811.0,COP
2023-04-26 15:36:00,99.98,100.035,99.98,100.0106,7356.0,COP
2023-04-26 15:35:00,99.94,100.0,99.94,99.97,8472.0,COP
2023-04-26 15:34:00,99.93,99.9845,99.92,99.95,7565.0,COP
2023-04-26 15:33:00,99.97,100.01,99.945,99.95,9813.0,COP
2023-04-26 15:32:00,99.94,99.97,99.9,99.965,11514.0,COP
2023-04-26 15:31:00,99.89,99.9444,99.87,99.92,19214.0,COP
2023-04-26 15:30:00,99.89,99.9,99.84,99.885,8748.0,COP
2023-04-26 15:29:00,99.88,99.91,99.83,99.89,9824.0,COP
2023-04-26 15:28:00,99.89,99.91,99.86,99.86,6091.0,COP
2023-04-26 15:27:00,99.77,99.93,99.77,99.88,7641.0,COP
2023-04-26 15:26:00,99.76,99.795,99.7,99.785,23118.0,COP
2023-04-26 15:25:00,99.81,99.835,99.75,99.765,44411.0,COP
2023-04-26 15:24:00,99.7,99.815,99.69,99.81,19852.0,COP
2023-04-26 15:23:00,99.66,99.73,99.655,99.69,9416.0,COP
2023-04-26 15:22:00,99.7,99.71,99.65,99.66,8524.0,COP
2023-04-26 15:21:00,99.71,99.71,99.655,99.69,11052.0,COP
2023-04-26 15:20:00,99.76,99.76,99.72,99.73,29543.0,COP
2023-04-26 15:19:00,99.82,99.85,99.75,99.765,16656.0,COP
2023-04-26 15:18:00,99.96,99.97,99.84,99.84,5288.0,COP
2023-04-26 15:17:00,99.95,99.975,99.93,99.96,8517.0,COP
2023-04-26 15:16:00,100.01,100.01,99.96,99.99,18920.0,COP
2023-04-26 15:15:00,100.05,100.055,99.995,100.02,45518.0,COP
2023-04-26 15:14:00,100.14,100.15,100.04,100.07,16056.0,COP
2023-04-26 15:13:00,100.13,100.16,100.13,100.14,9932.0,COP
2023-04-26 15:12:00,100.075,100.145,100.075,100.145,6381.0,COP
2023-04-26 15:11:00,100.07,100.115,100.05,100.06,6392.0,COP
2023-04-26 15:10:00,100.14,100.15,100.08,100.08,7095.0,COP
2023-04-26 15:09:00,100.1566,100.18,100.1282,100.16,11648.0,COP
2023-04-26 15:08:00,100.065,100.15,100.06,100.15,6269.0,COP
2023-04-26 15:07:00,100.07,100.07,100.015,100.049,9136.0,COP
2023-04-26 15:06:00,100.02,100.08,100.02,100.08,4955.0,COP
2023-04-26 15:05:00,99.98,100.02,99.965,100.02,10009.0,COP
2023-04-26 15:04:00,100.03,100.03,99.96,99.98,10242.0,COP
2023-04-26 15:03:00,100.037,100.05,100.01,100.04,3490.0,COP
2023-04-26 15:02:00,100.02,100.045,99.98,100.04,11156.0,COP
2023-04-26 15:01:00,100.095,100.095,99.99,100.01,13730.0,COP
2023-04-26 15:00:00,100.07,100.11,100.065,100.095,6762.0,COP
2023-04-26 14:59:00,100.01,100.07,100.01,100.06,5873.0,COP
2023-04-26 14:58:00,100.13,100.15,100.0,100.0,9235.0,COP
2023-04-26 14:57:00,100.09,100.13,100.06,100.13,6327.0,COP
2023-04-26 14:56:00,99.95,100.105,99.93,100.09,14338.0,COP
2023-04-26 14:55:00,99.91,99.97,99.89,99.96,9750.0,COP
2023-04-26 14:54:00,99.83,99.92,99.815,99.91,10773.0,COP
2023-04-26 14:53:00,99.82,99.83,99.78,99.8222,7226.0,COP
2023-04-26 14:52:00,99.74,99.86,99.74,99.84,6129.0,COP
2023-04-26 14:51:00,99.76,99.7673,99.72,99.73,6025.0,COP
2023-04-26 14:50:00,99.75,99.805,99.7462,99.75,6868.0,COP
2023-04-26 14:49:00,99.755,99.78,99.7397,99.75,5808.0,COP
2023-04-26 14:48:00,99.86,99.86,99.77,99.77,5238.0,COP
2023-04-26 14:47:00,99.83,99.86,99.82,99.85,10891.0,COP
2023-04-26 14:46:00,99.87,99.87,99.83,99.85,7602.0,COP
2023-04-26 14:45:00,99.9,99.9,99.83,99.87,15279.0,COP
2023-04-26 14:44:00,100.02,100.02,99.89,99.89,7272.0,COP
2023-04-26 14:43:00,99.94,100.01,99.93,100.01,4477.0,COP
2023-04-26 14:42:00,100.07,100.07,99.95,99.95,14213.0,COP
2023-04-26 14:41:00,100.14,100.14,100.08,100.08,5273.0,COP
2023-04-26 14:40:00,100.245,100.255,100.13,100.15,4739.0,COP
2023-04-26 14:39:00,100.28,100.28,100.2,100.23,4864.0,COP
2023-04-26 14:38:00,100.18,100.25,100.12,100.25,10135.0,COP
2023-04-26 14:37:00,100.11,100.2,100.09,100.17,4880.0,COP
2023-04-26 14:36:00,100.13,100.13,100.07,100.125,6732.0,COP
2023-04-26 14:35:00,100.17,100.17,100.14,100.14,3855.0,COP
2023-04-26 14:34:00,100.15,100.18,100.12,100.18,4515.0,COP
2023-04-26 14:33:00,100.23,100.24,100.16,100.16,6994.0,COP
2023-04-26 14:32:00,100.07,100.215,100.07,100.215,4130.0,COP
2023-04-26 14:31:00,100.06,100.08,100.06,100.06,10333.0,COP
2023-04-26 14:30:00,100.075,100.08,100.05,100.05,7751.0,COP
2023-04-26 14:29:00,99.96,100.075,99.96,100.06,2870.0,COP
2023-04-26 14:28:00,100.04,100.04,99.94,99.96,26808.0,COP
2023-04-26 14:27:00,100.07,100.08,100.035,100.05,12310.0,COP
2023-04-26 14:26:00,100.04,100.08,100.005,100.055,15176.0,COP
2023-04-26 14:25:00,100.14,100.14,100.03,100.04,22680.0,COP
2023-04-26 14:24:00,100.2,100.215,100.13,100.16,10728.0,COP
2023-04-26 14:23:00,100.15,100.21,100.15,100.2,3685.0,COP
2023-04-26 14:22:00,100.25,100.25,100.12,100.14,18444.0,COP
2023-04-26 14:21:00,100.26,100.31,100.25,100.27,8219.0,COP
2023-04-26 14:20:00,100.19,100.25,100.175,100.25,4954.0,COP
2023-04-26 14:19:00,100.16,100.175,100.15,100.155,4243.0,COP
2023-04-26 14:18:00,100.21,100.22,100.16,100.16,5432.0,COP
2023-04-26 14:17:00,100.25,100.25,100.22,100.25,3775.0,COP
2023-04-26 14:16:00,100.2884,100.305,100.24,100.255,6889.0,COP
2023-04-26 14:15:00,100.15,100.31,100.15,100.28,14062.0,COP
2023-04-26 14:14:00,100.2,100.24,100.14,100.15,13119.0,COP
2023-04-26 14:13:00,100.19,100.24,100.165,100.22,14742.0,COP
2023-04-26 14:12:00,100.16,100.17,100.13,100.17,7296.0,COP
2023-04-26 14:11:00,100.17,100.21,100.14,100.17,8626.0,COP
2023-04-26 14:10:00,100.1898,100.1898,100.15,100.17,5252.0,COP
2023-04-26 14:09:00,100.17,100.22,100.14,100.1562,4027.0,COP
2023-04-26 14:08:00,100.24,100.25,100.155,100.155,8434.0,COP
2023-04-26 14:07:00,100.15,100.22,100.15,100.215,13184.0,COP
2023-04-26 14:06:00,100.3,100.3,100.16,100.16,5108.0,COP
2023-04-26 14:05:00,100.31,100.33,100.27,100.3,8486.0,COP
2023-04-26 14:04:00,100.41,100.41,100.32,100.33,5614.0,COP
2023-04-26 14:03:00,100.38,100.4,100.34,100.38,7842.0,COP
2023-04-26 14:02:00,100.46,100.46,100.36,100.37,4593.0,COP
2023-04-26 14:01:00,100.47,100.47,100.4444,100.46,1549.0,COP
2023-04-26 14:00:00,100.53,100.535,100.46,100.47,7797.0,COP
2023-04-26 13:59:00,100.5566,100.5898,100.545,100.565,3557.0,COP
2023-04-26 13:58:00,100.56,100.57,100.49,100.55,7684.0,COP
2023-04-26 13:57:00,100.64,100.64,100.5347,100.555,9370.0,COP
2023-04-26 13:56:00,100.71,100.71,100.62,100.64,7823.0,COP
2023-04-26 13:55:00,100.76,100.78,100.7,100.7,3840.0,COP
2023-04-26 13:54:00,100.79,100.8225,100.76,100.76,5216.0,COP
2023-04-26 13:53:00,100.79,100.79,100.715,100.76,5689.0,COP
2023-04-26 13:52:00,100.87,100.87,100.78,100.8,4798.0,COP
2023-04-26 13:51:00,100.966,100.966,100.89,100.9,4743.0,COP
2023-04-26 13:50:00,100.98,100.98,100.91,100.95,10501.0,COP
2023-04-26 13:49:00,100.98,100.99,100.965,100.99,1969.0,COP
2023-04-26 13:48:00,100.98,101.01,100.98,100.98,3465.0,COP
2023-04-26 13:47:00,100.99,101.0,100.97,100.99,3574.0,COP
2023-04-26 13:46:00,100.9,101.0,100.88,101.0,5429.0,COP
2023-04-26 13:45:00,100.93,100.95,100.91,100.91,1935.0,COP
2023-04-26 13:44:00,100.925,100.95,100.92,100.92,3505.0,COP
2023-04-26 13:43:00,100.93,100.95,100.92,100.935,2953.0,COP
2023-04-26 13:42:00,100.91,100.935,100.9,100.9201,3001.0,COP
2023-04-26 13:41:00,100.96,100.99,100.92,100.93,8264.0,COP
2023-04-26 13:40:00,100.93,100.99,100.93,100.97,4715.0,COP
2023-04-26 13:39:00,100.97,100.9837,100.94,100.98,3048.0,COP
2023-04-26 13:38:00,100.955,100.99,100.942,100.9657,4224.0,COP
2023-04-26 13:37:00,101.03,101.03,100.96,100.9636,4984.0,COP
2023-04-26 13:36:00,101.01,101.04,100.96,101.04,4563.0,COP
2023-04-26 13:35:00,101.01,101.02,101.0,101.0187,2797.0,COP
2023-04-26 13:34:00,100.95,101.0,100.95,101.0,3656.0,COP
2023-04-26 13:33:00,101.0,101.07,100.95,100.95,4781.0,COP
2023-04-26 13:32:00,101.0,101.015,100.98,101.0099,6009.0,COP
2023-04-26 13:31:00,101.01,101.06,101.0,101.01,8358.0,COP
2023-04-26 13:30:00,100.99,101.02,100.98,101.0,2940.0,COP
2023-04-26 13:29:00,100.99,101.013,100.98,100.98,2386.0,COP
2023-04-26 13:28:00,100.97,101.01,100.97,100.995,2303.0,COP
2023-04-26 13:27:00,101.03,101.04,100.9669,100.9669,9620.0,COP
2023-04-26 13:26:00,101.04,101.06,101.0327,101.05,2996.0,COP
2023-04-26 13:25:00,101.07,101.08,101.03,101.05,2183.0,COP
2023-04-26 13:24:00,101.08,101.105,101.055,101.06,3165.0,COP
2023-04-26 13:23:00,101.0946,101.1199,101.08,101.1,2964.0,COP
2023-04-26 13:22:00,101.15,101.15,101.1,101.11,3647.0,COP
2023-04-26 13:21:00,101.17,101.1768,101.14,101.16,5860.0,COP
2023-04-26 13:20:00,101.195,101.205,101.17,101.182,3676.0,COP
2023-04-26 13:19:00,101.265,101.265,101.17,101.195,8320.0,COP
2023-04-26 13:18:00,101.2697,101.28,101.2,101.27,6303.0,COP
2023-04-26 13:17:00,101.42,101.43,101.29,101.295,2662.0,COP
2023-04-26 13:16:00,101.48,101.48,101.43,101.44,3683.0,COP
2023-04-26 13:15:00,101.46,101.465,101.44,101.45,2289.0,COP
2023-04-26 13:14:00,101.45,101.45,101.4,101.445,5701.0,COP
2023-04-26 13:13:00,101.46,101.4605,101.43,101.46,7714.0,COP
2023-04-26 13:12:00,101.51,101.51,101.46,101.46,3050.0,COP
2023-04-26 13:11:00,101.51,101.53,101.485,101.49,7705.0,COP
2023-04-26 13:10:00,101.51,101.54,101.49,101.53,2312.0,COP
2023-04-26 13:09:00,101.5309,101.5309,101.49,101.49,3265.0,COP
2023-04-26 13:08:00,101.575,101.575,101.53,101.53,2767.0,COP
2023-04-26 13:07:00,101.55,101.5862,101.51,101.5862,4797.0,COP
2023-04-26 13:06:00,101.6656,101.6656,101.545,101.55,9254.0,COP
2023-04-26 13:05:00,101.67,101.67,101.635,101.66,3948.0,COP
2023-04-26 13:04:00,101.62,101.69,101.62,101.69,6411.0,COP
2023-04-26 13:03:00,101.66,101.69,101.61,101.625,2742.0,COP
2023-04-26 13:02:00,101.62,101.7,101.62,101.67,10633.0,COP
2023-04-26 13:01:00,101.67,101.67,101.625,101.64,2843.0,COP
2023-04-26 13:00:00,101.57,101.64,101.56,101.64,4612.0,COP
2023-04-26 12:59:00,101.625,101.63,101.58,101.59,2437.0,COP
2023-04-26 12:58:00,101.59,101.65,101.59,101.62,2801.0,COP
2023-04-26 12:57:00,101.61,101.61,101.56,101.58,4508.0,COP
2023-04-26 12:56:00,101.6,101.62,101.6,101.62,2203.0,COP
2023-04-26 12:55:00,101.64,101.64,101.61,101.615,2830.0,COP
2023-04-26 12:54:00,101.66,101.66,101.61,101.63,2389.0,COP
2023-04-26 12:53:00,101.63,101.66,101.63,101.66,1718.0,COP
2023-04-26 12:52:00,101.55,101.61,101.55,101.59,2635.0,COP
2023-04-26 12:51:00,101.63,101.64,101.5501,101.58,4130.0,COP
2023-04-26 12:50:00,101.645,101.67,101.645,101.65,2732.0,COP
2023-04-26 12:49:00,101.64,101.64,101.58,101.64,3626.0,COP
2023-04-26 12:48:00,101.58,101.629,101.57,101.62,4971.0,COP
2023-04-26 12:47:00,101.69,101.69,101.59,101.59,2682.0,COP
2023-04-26 12:46:00,101.67,101.71,101.67,101.71,4917.0,COP
2023-04-26 12:45:00,101.63,101.75,101.62,101.69,3351.0,COP
2023-04-26 12:44:00,101.61,101.63,101.59,101.63,2623.0,COP
2023-04-26 12:43:00,101.6,101.62,101.58,101.62,5981.0,COP
2023-04-26 12:42:00,101.57,101.595,101.56,101.595,2692.0,COP
2023-04-26 12:41:00,101.58,101.58,101.5,101.55,10270.0,COP
2023-04-26 12:40:00,101.57,101.62,101.57,101.57,1908.0,COP
2023-04-26 12:39:00,101.54,101.63,101.54,101.58,3713.0,COP
2023-04-26 12:38:00,101.5,101.52,101.49,101.52,2319.0,COP
2023-04-26 12:37:00,101.48,101.5,101.46,101.48,2548.0,COP
2023-04-26 12:36:00,101.5,101.51,101.47,101.49,4656.0,COP
2023-04-26 12:35:00,101.545,101.565,101.495,101.51,6915.0,COP
2023-04-26 12:34:00,101.58,101.62,101.565,101.57,2912.0,COP
2023-04-26 12:33:00,101.57,101.58,101.5518,101.58,4031.0,COP
2023-04-26 12:32:00,101.6,101.6,101.555,101.58,1694.0,COP
2023-04-26 12:31:00,101.63,101.66,101.595,101.62,4086.0,COP
2023-04-26 12:30:00,101.62,101.66,101.6143,101.63,2590.0,COP
2023-04-26 12:29:00,101.62,101.62,101.585,101.6,1788.0,COP
2023-04-26 12:28:00,101.6,101.65,101.58,101.62,3392.0,COP
2023-04-26 12:27:00,101.67,101.67,101.61,101.63,2297.0,COP
2023-04-26 12:26:00,101.63,101.685,101.615,101.685,2156.0,COP
2023-04-26 12:25:00,101.6,101.67,101.6,101.64,3168.0,COP
2023-04-26 12:24:00,101.57,101.59,101.55,101.59,5776.0,COP
2023-04-26 12:23:00,101.7,101.7001,101.58,101.58,5149.0,COP
2023-04-26 12:22:00,101.66,101.71,101.655,101.71,5092.0,COP
2023-04-26 12:21:00,101.675,101.7,101.65,101.65,7505.0,COP
2023-04-26 12:20:00,101.75,101.75,101.65,101.68,11462.0,COP
2023-04-26 12:19:00,101.75,101.795,101.745,101.75,7623.0,COP
2023-04-26 12:18:00,101.7,101.78,101.7,101.77,2597.0,COP
2023-04-26 12:17:00,101.73,101.77,101.65,101.68,13549.0,COP
2023-04-26 12:16:00,101.67,101.75,101.64,101.7295,5327.0,COP
2023-04-26 12:15:00,101.77,101.77,101.66,101.68,5317.0,COP
2023-04-26 12:14:00,101.77,101.77,101.71,101.75,5016.0,COP
2023-04-26 12:13:00,101.84,101.867,101.79,101.79,5499.0,COP
2023-04-26 12:12:00,101.89,101.915,101.84,101.85,6094.0,COP
2023-04-26 12:11:00,101.95,101.97,101.895,101.895,5396.0,COP
2023-04-26 12:10:00,102.06,102.06,101.97,101.97,4647.0,COP
2023-04-26 12:09:00,102.0799,102.13,102.0799,102.085,4604.0,COP
2023-04-26 12:08:00,102.11,102.11,102.05,102.07,11360.0,COP
2023-04-26 12:07:00,102.11,102.1172,102.08,102.1,3407.0,COP
2023-04-26 12:06:00,102.05,102.12,102.05,102.12,3944.0,COP
2023-04-26 12:05:00,102.01,102.06,102.01,102.05,3839.0,COP
2023-04-26 12:04:00,102.02,102.04,101.99,102.0,5820.0,COP
2023-04-26 12:03:00,102.04,102.04,101.98,102.03,3328.0,COP
2023-04-26 12:02:00,101.97,102.0425,101.95,102.04,6625.0,COP
2023-04-26 12:01:00,101.87,102.0,101.85,101.98,15273.0,COP
2023-04-26 12:00:00,101.88,101.92,101.87,101.87,4448.0,COP
2023-04-26 11:59:00,101.8111,101.86,101.8111,101.85,8676.0,COP
2023-04-26 11:58:00,101.96,101.96,101.83,101.83,7383.0,COP
2023-04-26 11:57:00,101.95,101.99,101.95,101.975,3705.0,COP
2023-04-26 11:56:00,101.945,101.95,101.9,101.94,5125.0,COP
2023-04-26 11:55:00,101.87,101.905,101.87,101.9,3116.0,COP
2023-04-26 11:54:00,101.805,101.87,101.8,101.86,6793.0,COP
2023-04-26 11:53:00,101.72,101.795,101.72,101.795,2500.0,COP
2023-04-26 11:52:00,101.76,101.78,101.725,101.735,4590.0,COP
2023-04-26 11:51:00,101.76,101.76,101.7,101.73,5601.0,COP
2023-04-26 11:50:00,101.76,101.8,101.725,101.78,3716.0,COP
2023-04-26 11:49:00,101.79,101.79,101.73,101.76,4421.0,COP
2023-04-26 11:48:00,101.89,101.9,101.79,101.8,3762.0,COP
2023-04-26 11:47:00,101.81,101.895,101.805,101.895,4955.0,COP
2023-04-26 11:46:00,101.885,101.885,101.81,101.81,5474.0,COP
2023-04-26 11:45:00,101.87,101.945,101.85,101.93,4633.0,COP
2023-04-26 11:44:00,101.87,101.89,101.85,101.85,1928.0,COP
2023-04-26 11:43:00,101.71,101.815,101.7,101.78,4169.0,COP
2023-04-26 11:42:00,101.71,101.73,101.6498,101.72,7315.0,COP
2023-04-26 11:41:00,101.65,101.71,101.63,101.69,6711.0,COP
2023-04-26 11:40:00,101.48,101.6748,101.48,101.665,8491.0,COP
2023-04-26 11:39:00,101.46,101.46,101.395,101.445,4556.0,COP
2023-04-26 11:38:00,101.52,101.55,101.44,101.44,3798.0,COP
2023-04-26 11:37:00,101.575,101.59,101.43,101.48,12668.0,COP
2023-04-26 11:36:00,101.7031,101.7031,101.58,101.58,3376.0,COP
2023-04-26 11:35:00,101.75,101.76,101.68,101.7,6198.0,COP
2023-04-26 11:34:00,101.61,101.745,101.61,101.745,8456.0,COP
2023-04-26 11:33:00,101.62,101.64,101.59,101.61,10793.0,COP
2023-04-26 11:32:00,101.71,101.71,101.62,101.62,5126.0,COP
2023-04-26 11:31:00,101.65,101.7083,101.65,101.66,5853.0,COP
2023-04-26 11:30:00,101.7,101.7,101.63,101.66,8116.0,COP
2023-04-26 11:29:00,101.68,101.755,101.68,101.7,3838.0,COP
2023-04-26 11:28:00,101.6,101.7,101.6,101.68,5499.0,COP
2023-04-26 11:27:00,101.635,101.635,101.51,101.59,6625.0,COP
2023-04-26 11:26:00,101.68,101.72,101.62,101.62,8077.0,COP
2023-04-26 11:25:00,101.72,101.77,101.66,101.7,11195.0,COP
2023-04-26 11:24:00,101.76,101.76,101.73,101.73,4749.0,COP
2023-04-26 11:23:00,101.79,101.8,101.76,101.77,4905.0,COP
2023-04-26 11:22:00,101.82,101.83,101.73,101.7932,12975.0,COP
2023-04-26 11:21:00,101.8,101.845,101.79,101.82,10624.0,COP
2023-04-26 11:20:00,101.83,101.83,101.785,101.79,8588.0,COP
2023-04-26 11:19:00,101.77,101.86,101.75,101.82,13794.0,COP
2023-04-26 11:18:00,101.77,101.815,101.74,101.795,8062.0,COP
2023-04-26 11:17:00,101.8,101.86,101.78,101.78,5114.0,COP
2023-04-26 11:16:00,101.8,101.84,101.77,101.785,6670.0,COP
2023-04-26 11:15:00,101.9027,101.94,101.82,101.82,4255.0,COP
2023-04-26 11:14:00,101.885,101.91,101.87,101.89,2754.0,COP
2023-04-26 11:13:00,101.9,101.94,101.86,101.86,5284.0,COP
2023-04-26 11:12:00,101.87,101.89,101.86,101.89,2587.0,COP
2023-04-26 11:11:00,101.82,101.89,101.82,101.88,4532.0,COP
2023-04-26 11:10:00,101.71,101.81,101.71,101.785,6478.0,COP
2023-04-26 11:09:00,101.66,101.74,101.645,101.73,11640.0,COP
2023-04-26 11:08:00,101.55,101.65,101.55,101.65,5359.0,COP
2023-04-26 11:07:00,101.5001,101.535,101.435,101.535,2916.0,COP
2023-04-26 11:06:00,101.5423,101.545,101.47,101.485,4948.0,COP
2023-04-26 11:05:00,101.545,101.565,101.51,101.52,4441.0,COP
2023-04-26 11:04:00,101.46,101.515,101.435,101.515,3679.0,COP
2023-04-26 11:03:00,101.35,101.45,101.35,101.44,8373.0,COP
2023-04-26 11:02:00,101.3,101.35,101.3,101.3428,3510.0,COP
2023-04-26 11:01:00,101.215,101.29,101.16,101.255,9440.0,COP
2023-04-26 11:00:00,101.23,101.265,101.18,101.21,13148.0,COP
2023-04-26 10:59:00,101.26,101.27,101.185,101.2,7838.0,COP
2023-04-26 10:58:00,101.21,101.25,101.17,101.24,9039.0,COP
2023-04-26 10:57:00,101.18,101.23,101.16,101.22,4486.0,COP
2023-04-26 10:56:00,100.97,101.12,100.97,101.12,5497.0,COP
2023-04-26 10:55:00,100.93,101.02,100.93,100.95,4964.0,COP
2023-04-26 10:54:00,100.88,100.92,100.85,100.91,5366.0,COP
2023-04-26 10:53:00,100.84,100.94,100.82,100.9,2609.0,COP
2023-04-26 10:52:00,100.71,100.82,100.71,100.82,3572.0,COP
2023-04-26 10:51:00,100.76,100.76,100.7,100.72,2939.0,COP
2023-04-26 10:50:00,100.66,100.76,100.6071,100.76,4795.0,COP
2023-04-26 10:49:00,100.69,100.76,100.66,100.695,5573.0,COP
2023-04-26 10:48:00,100.8,100.85,100.7,100.7,4825.0,COP
2023-04-26 10:47:00,100.78,100.828,100.77,100.78,5743.0,COP
2023-04-26 10:46:00,100.82,100.85,100.795,100.8,7005.0,COP
2023-04-26 10:45:00,100.93,100.945,100.82,100.83,13923.0,COP
2023-04-26 10:44:00,101.08,101.085,100.93,100.93,8746.0,COP
2023-04-26 10:43:00,101.2,101.2,101.09,101.09,4293.0,COP
2023-04-26 10:42:00,101.12,101.23,101.12,101.23,5605.0,COP
2023-04-26 10:41:00,101.14,101.14,101.01,101.09,6004.0,COP
2023-04-26 10:40:00,101.025,101.21,101.025,101.15,5052.0,COP
2023-04-26 10:39:00,101.01,101.04,100.97,100.97,5483.0,COP
2023-04-26 10:38:00,101.05,101.1,100.99,101.025,7487.0,COP
2023-04-26 10:37:00,101.17,101.225,101.04,101.08,20635.0,COP
2023-04-26 10:36:00,101.0101,101.2,101.01,101.13,12177.0,COP
2023-04-26 10:35:00,100.9,101.04,100.89,101.01,7598.0,COP
2023-04-26 10:34:00,100.89,100.93,100.865,100.92,8120.0,COP
2023-04-26 10:33:00,100.84,100.98,100.83,100.9,17521.0,COP
2023-04-26 10:32:00,100.74,100.9,100.731,100.825,18418.0,COP
2023-04-26 10:31:00,100.54,100.79,100.53,100.74,44662.0,COP
2023-04-26 10:30:00,100.295,100.52,100.295,100.506,25252.0,COP
2023-04-26 10:29:00,100.3,100.3,100.23,100.285,7981.0,COP
2023-04-26 10:28:00,100.29,100.31,100.26,100.26,3892.0,COP
2023-04-26 10:27:00,100.15,100.28,100.14,100.26,4639.0,COP
2023-04-26 10:26:00,100.145,100.22,100.145,100.22,7738.0,COP
2023-04-26 10:25:00,100.19,100.23,100.1,100.1,5084.0,COP
2023-04-26 10:24:00,100.13,100.235,100.13,100.19,4781.0,COP
2023-04-26 10:23:00,100.21,100.21,100.13,100.15,4127.0,COP
2023-04-26 10:22:00,100.14,100.28,100.105,100.2242,17855.0,COP
2023-04-26 10:21:00,100.22,100.25,100.12,100.135,20119.0,COP
2023-04-26 10:20:00,100.22,100.28,100.2131,100.24,5322.0,COP
2023-04-26 10:19:00,100.3787,100.39,100.2349,100.2349,8065.0,COP
2023-04-26 10:18:00,100.56,100.56,100.38,100.38,14956.0,COP
2023-04-26 10:17:00,100.5,100.61,100.5,100.54,7032.0,COP
2023-04-26 10:16:00,100.6,100.61,100.5,100.52,9203.0,COP
2023-04-26 10:15:00,100.74,100.76,100.63,100.63,5707.0,COP
2023-04-26 10:14:00,100.81,100.86,100.74,100.75,6635.0,COP
2023-04-26 10:13:00,100.68,100.895,100.68,100.895,5185.0,COP
2023-04-26 10:12:00,100.87,100.87,100.65,100.67,15569.0,COP
2023-04-26 10:11:00,100.72,100.84,100.65,100.84,14312.0,COP
2023-04-26 10:10:00,100.79,100.84,100.72,100.73,21778.0,COP
2023-04-26 10:09:00,100.81,100.98,100.8,100.8,4535.0,COP
2023-04-26 10:08:00,100.775,100.86,100.77,100.83,5825.0,COP
2023-04-26 10:07:00,100.89,100.89,100.745,100.77,4340.0,COP
2023-04-26 10:06:00,100.95,100.95,100.83,100.92,11333.0,COP
2023-04-26 10:05:00,101.03,101.06,100.98,100.98,7521.0,COP
2023-04-26 10:04:00,100.985,101.055,100.96,101.055,3778.0,COP
2023-04-26 10:03:00,100.94,101.0114,100.82,100.985,11549.0,COP
2023-04-26 10:02:00,101.05,101.08,100.94,101.0,56026.0,COP
2023-04-26 10:01:00,101.18,101.19,101.01,101.04,11575.0,COP
2023-04-26 10:00:00,101.35,101.35,101.19,101.23,6909.0,COP
2023-04-26 09:59:00,101.38,101.38,101.3212,101.36,2584.0,COP
2023-04-26 09:58:00,101.28,101.365,101.26,101.365,4159.0,COP
2023-04-26 09:57:00,101.26,101.35,101.17,101.31,5669.0,COP
2023-04-26 09:56:00,101.42,101.44,101.2742,101.2742,23721.0,COP
2023-04-26 09:55:00,101.53,101.54,101.43,101.43,2400.0,COP
2023-04-26 09:54:00,101.7,101.7,101.55,101.56,4441.0,COP
2023-04-26 09:53:00,101.85,101.86,101.705,101.705,3716.0,COP
2023-04-26 09:52:00,101.81,101.815,101.735,101.815,5435.0,COP
2023-04-26 09:51:00,101.8501,101.8501,101.69,101.79,6446.0,COP
2023-04-26 09:50:00,101.8,101.88,101.77,101.81,2516.0,COP
2023-04-26 09:49:00,101.68,101.9065,101.68,101.785,6068.0,COP
2023-04-26 09:48:00,101.63,101.6745,101.5,101.66,6650.0,COP
2023-04-26 09:47:00,101.86,101.86,101.565,101.595,8361.0,COP
2023-04-26 09:46:00,101.85,101.95,101.85,101.86,5554.0,COP
2023-04-26 09:45:00,101.8,101.86,101.78,101.8214,2955.0,COP
2023-04-26 09:44:00,101.83,101.85,101.73,101.77,8900.0,COP
2023-04-26 09:43:00,101.97,101.99,101.86,101.86,3759.0,COP
2023-04-26 09:42:00,101.97,102.12,101.97,101.99,4319.0,COP
2023-04-26 09:41:00,101.97,102.03,101.9269,101.99,5759.0,COP
2023-04-26 09:40:00,101.84,101.96,101.84,101.955,6609.0,COP
2023-04-26 09:39:00,101.73,101.92,101.73,101.83,9865.0,COP
2023-04-26 09:38:00,101.44,101.695,101.39,101.695,6769.0,COP
2023-04-26 09:37:00,101.39,101.59,101.37,101.39,4743.0,COP
2023-04-26 09:36:00,101.49,101.51,101.36,101.44,7846.0,COP
2023-04-26 09:35:00,101.32,101.4783,101.26,101.4783,3309.0,COP
2023-04-26 09:34:00,101.6,101.6,101.355,101.355,4080.0,COP
2023-04-26 09:33:00,101.67,101.69,101.5,101.5,5598.0,COP
2023-04-26 09:32:00,101.93,101.93,101.48,101.54,2485.0,COP
2023-04-26 09:31:00,101.33,101.925,101.33,101.8451,54588.0,COP
2023-04-26 09:29:00,101.19,101.19,101.19,101.19,100.0,COP
2023-04-26 09:19:00,101.18,101.18,101.18,101.18,489.0,COP
2023-04-26 09:18:00,101.38,101.38,101.37,101.37,200.0,COP
2023-04-26 08:31:00,101.65,101.66,101.65,101.65,674.0,COP
2023-04-26 07:53:00,102.11,102.11,102.11,102.11,300.0,COP
2023-04-25 18:10:00,102.2499,102.2499,102.2499,102.2499,200.0,COP
2023-04-25 16:14:00,102.09,102.09,102.09,102.09,2442.0,COP
2023-04-25 16:13:00,102.1,102.1,102.1,102.1,157.0,COP
2023-04-25 16:08:00,102.09,102.09,102.09,102.09,17013.0,COP
2023-04-25 16:07:00,102.09,102.09,102.09,102.09,1201.0,COP
2023-04-25 16:06:00,102.1,102.1,102.09,102.09,1001.0,COP
2023-04-25 16:02:00,102.09,102.1,102.09,102.1,4405.0,COP
2023-04-25 16:01:00,102.09,102.09,102.09,102.09,67456.0,COP
2023-04-25 16:00:00,102.02,102.11,102.02,102.09,229479.0,COP
2023-04-25 15:59:00,101.89,102.07,101.88,102.01,131754.0,COP
2023-04-25 15:58:00,101.85,101.89,101.845,101.89,62246.0,COP
2023-04-25 15:57:00,101.885,101.89,101.815,101.845,46296.0,COP
2023-04-25 15:56:00,101.78,101.89,101.75,101.885,62400.0,COP
2023-04-25 15:55:00,101.76,101.7999,101.73,101.775,28142.0,COP
2023-04-25 15:54:00,101.765,101.77,101.705,101.75,22265.0,COP
2023-04-25 15:53:00,101.795,101.82,101.77,101.77,31722.0,COP
2023-04-25 15:52:00,101.71,101.82,101.71,101.79,24851.0,COP
2023-04-25 15:51:00,101.66,101.71,101.59,101.71,51634.0,COP
2023-04-25 15:50:00,101.71,101.71,101.66,101.68,15446.0,COP
2023-04-25 15:49:00,101.68,101.705,101.655,101.705,14847.0,COP
2023-04-25 15:48:00,101.67,101.695,101.65,101.675,20414.0,COP
2023-04-25 15:47:00,101.61,101.67,101.57,101.67,22538.0,COP
2023-04-25 15:46:00,101.64,101.65,101.57,101.6,24835.0,COP
2023-04-25 15:45:00,101.65,101.705,101.6,101.635,28942.0,COP
2023-04-25 15:44:00,101.625,101.66,101.62,101.655,13639.0,COP
2023-04-25 15:43:00,101.62,101.625,101.6,101.625,10796.0,COP
2023-04-25 15:42:00,101.665,101.67,101.56,101.62,16822.0,COP
2023-04-25 15:41:00,101.6,101.665,101.6,101.665,10931.0,COP
2023-04-25 15:40:00,101.65,101.65,101.6,101.615,11651.0,COP
2023-04-25 15:39:00,101.685,101.685,101.625,101.65,11215.0,COP
2023-04-25 15:38:00,101.71,101.725,101.68,101.68,8940.0,COP
2023-04-25 15:37:00,101.7,101.73,101.68,101.73,15938.0,COP
2023-04-25 15:36:00,101.68,101.7,101.62,101.69,9888.0,COP
2023-04-25 15:35:00,101.68,101.73,101.66,101.685,13906.0,COP
2023-04-25 15:34:00,101.63,101.68,101.6,101.675,12596.0,COP
2023-04-25 15:33:00,101.66,101.665,101.63,101.64,11051.0,COP
2023-04-25 15:32:00,101.68,101.685,101.655,101.67,8878.0,COP
2023-04-25 15:31:00,101.705,101.705,101.65,101.67,13528.0,COP
2023-04-25 15:30:00,101.745,101.76,101.71,101.71,10848.0,COP
2023-04-25 15:29:00,101.73,101.76,101.725,101.74,6169.0,COP
2023-04-25 15:28:00,101.79,101.79,101.71,101.73,12046.0,COP
2023-04-25 15:27:00,101.855,101.86,101.79,101.79,11755.0,COP
2023-04-25 15:26:00,101.84,101.85,101.79,101.85,8650.0,COP
2023-04-25 15:25:00,101.81,101.85,101.8,101.84,11706.0,COP
2023-04-25 15:24:00,101.81,101.86,101.81,101.82,8969.0,COP
2023-04-25 15:23:00,101.89,101.91,101.81,101.81,11174.0,COP
2023-04-25 15:22:00,101.92,101.925,101.88,101.9,8430.0,COP
2023-04-25 15:21:00,101.82,101.92,101.81,101.92,6087.0,COP
2023-04-25 15:20:00,101.81,101.835,101.81,101.82,6909.0,COP
2023-04-25 15:19:00,101.79,101.83,101.775,101.82,9760.0,COP
2023-04-25 15:18:00,101.83,101.8368,101.78,101.8,9757.0,COP
2023-04-25 15:17:00,101.78,101.84,101.77,101.82,11473.0,COP
2023-04-25 15:16:00,101.72,101.8,101.7,101.8,13849.0,COP
2023-04-25 15:15:00,101.69,101.73,101.69,101.73,6621.0,COP
2023-04-25 15:14:00,101.7,101.71,101.66,101.7,10139.0,COP
2023-04-25 15:13:00,101.68,101.72,101.665,101.7,17629.0,COP
2023-04-25 15:12:00,101.63,101.69,101.62,101.68,9046.0,COP
2023-04-25 15:11:00,101.59,101.64,101.59,101.61,10720.0,COP
2023-04-25 15:10:00,101.65,101.65,101.575,101.575,7602.0,COP
2023-04-25 15:09:00,101.57,101.66,101.57,101.65,14726.0,COP
2023-04-25 15:08:00,101.54,101.58,101.51,101.57,15443.0,COP
2023-04-25 15:07:00,101.545,101.57,101.51,101.54,10555.0,COP
2023-04-25 15:06:00,101.47,101.5469,101.47,101.5469,6187.0,COP
2023-04-25 15:05:00,101.48,101.49,101.44,101.46,11973.0,COP
2023-04-25 15:04:00,101.52,101.54,101.48,101.48,11982.0,COP
2023-04-25 15:03:00,101.44,101.505,101.435,101.495,5222.0,COP
2023-04-25 15:02:00,101.36,101.44,101.31,101.44,88907.0,COP
2023-04-25 15:01:00,101.42,101.42,101.33,101.37,12658.0,COP
2023-04-25 15:00:00,101.45,101.46,101.42,101.43,10410.0,COP
2023-04-25 14:59:00,101.525,101.525,101.45,101.45,18597.0,COP
2023-04-25 14:58:00,101.56,101.57,101.53,101.55,6263.0,COP
2023-04-25 14:57:00,101.585,101.59,101.55,101.56,8849.0,COP
2023-04-25 14:56:00,101.71,101.71,101.59,101.59,11115.0,COP
2023-04-25 14:55:00,101.76,101.77,101.715,101.715,4116.0,COP
2023-04-25 14:54:00,101.75,101.76,101.72,101.75,7571.0,COP
2023-04-25 14:53:00,101.76,101.8,101.75,101.76,9891.0,COP
2023-04-25 14:52:00,101.735,101.75,101.69,101.74,17438.0,COP
2023-04-25 14:51:00,101.72,101.74,101.7092,101.74,11247.0,COP
2023-04-25 14:50:00,101.67,101.73,101.67,101.72,7949.0,COP
2023-04-25 14:49:00,101.65,101.67,101.65,101.67,3724.0,COP
2023-04-25 14:48:00,101.63,101.655,101.63,101.64,10386.0,COP
2023-04-25 14:47:00,101.67,101.68,101.64,101.6415,6639.0,COP
2023-04-25 14:46:00,101.72,101.74,101.68,101.69,7714.0,COP
2023-04-25 14:45:00,101.75,101.76,101.71,101.72,8400.0,COP
2023-04-25 14:44:00,101.71,101.75,101.71,101.75,3794.0,COP
2023-04-25 14:43:00,101.78,101.78,101.7,101.7,6647.0,COP
2023-04-25 14:42:00,101.82,101.82,101.76,101.79,13915.0,COP
2023-04-25 14:41:00,101.82,101.84,101.81,101.81,13404.0,COP
2023-04-25 14:40:00,101.84,101.84,101.79,101.815,12827.0,COP
2023-04-25 14:39:00,101.8,101.88,101.8,101.855,21022.0,COP
2023-04-25 14:38:00,101.73,101.79,101.73,101.79,4580.0,COP
2023-04-25 14:37:00,101.66,101.726,101.65,101.726,8879.0,COP
2023-04-25 14:36:00,101.69,101.72,101.67,101.67,6167.0,COP
2023-04-25 14:35:00,101.75,101.75,101.685,101.69,12679.0,COP
2023-04-25 14:34:00,101.78,101.79,101.7,101.76,36302.0,COP
2023-04-25 14:33:00,101.77,101.81,101.75,101.7746,13913.0,COP
2023-04-25 14:32:00,101.76,101.79,101.75,101.775,13431.0,COP
2023-04-25 14:31:00,101.78,101.79,101.76,101.76,7865.0,COP
2023-04-25 14:30:00,101.75,101.785,101.75,101.77,7421.0,COP
2023-04-25 14:29:00,101.63,101.725,101.63,101.725,7889.0,COP
2023-04-25 14:28:00,101.6,101.62,101.57,101.62,14889.0,COP
2023-04-25 14:27:00,101.51,101.6,101.51,101.59,7437.0,COP
2023-04-25 14:26:00,101.48,101.54,101.48,101.51,10419.0,COP
2023-04-25 14:25:00,101.48,101.53,101.48,101.5,22537.0,COP
2023-04-25 14:24:00,101.4,101.47,101.4,101.47,6591.0,COP
2023-04-25 14:23:00,101.4,101.4,101.37,101.395,12514.0,COP
2023-04-25 14:22:00,101.48,101.48,101.38,101.41,17817.0,COP
2023-04-25 14:21:00,101.375,101.47,101.36,101.465,10379.0,COP
2023-04-25 14:20:00,101.29,101.38,101.29,101.38,8469.0,COP
2023-04-25 14:19:00,101.29,101.34,101.28,101.3,27135.0,COP
2023-04-25 14:18:00,101.35,101.35,101.285,101.285,10849.0,COP
2023-04-25 14:17:00,101.3,101.34,101.28,101.34,14777.0,COP
2023-04-25 14:16:00,101.24,101.295,101.24,101.27,15993.0,COP
2023-04-25 14:15:00,101.22,101.26,101.2,101.24,8193.0,COP
2023-04-25 14:14:00,101.24,101.25,101.19,101.21,10721.0,COP
2023-04-25 14:13:00,101.23,101.24,101.2137,101.24,8941.0,COP
2023-04-25 14:12:00,101.23,101.25,101.2,101.22,8383.0,COP
2023-04-25 14:11:00,101.2,101.27,101.2,101.22,14751.0,COP
2023-04-25 14:10:00,101.2,101.22,101.1801,101.1801,8990.0,COP
2023-04-25 14:09:00,101.2,101.2,101.17,101.2,6674.0,COP
2023-04-25 14:08:00,101.2,101.22,101.19,101.19,6106.0,COP
2023-04-25 14:07:00,101.185,101.22,101.18,101.21,5100.0,COP
2023-04-25 14:06:00,101.16,101.2,101.14,101.19,9070.0,COP
2023-04-25 14:05:00,101.18,101.18,101.13,101.15,8945.0,COP
2023-04-25 14:04:00,101.2,101.2001,101.16,101.17,5000.0,COP
2023-04-25 14:03:00,101.245,101.249,101.19,101.2,7676.0,COP
2023-04-25 14:02:00,101.23,101.26,101.19,101.25,10064.0,COP
2023-04-25 14:01:00,101.19,101.25,101.19,101.225,6076.0,COP
2023-04-25 14:00:00,101.18,101.22,101.18,101.19,5606.0,COP
2023-04-25 13:59:00,101.18,101.22,101.18,101.18,8035.0,COP
2023-04-25 13:58:00,101.17,101.21,101.17,101.185,8544.0,COP
2023-04-25 13:57:00,101.11,101.17,101.105,101.17,8994.0,COP
2023-04-25 13:56:00,101.07,101.12,101.055,101.11,11446.0,COP
2023-04-25 13:55:00,101.09,101.1,101.07,101.07,4608.0,COP
2023-04-25 13:54:00,101.13,101.13,101.06,101.0675,11529.0,COP
2023-04-25 13:53:00,101.07,101.17,101.07,101.13,6338.0,COP
2023-04-25 13:52:00,101.12,101.12,101.08,101.08,7083.0,COP
2023-04-25 13:51:00,101.09,101.11,101.08,101.1,6967.0,COP
2023-04-25 13:50:00,101.07,101.1,101.07,101.08,6108.0,COP
2023-04-25 13:49:00,101.1,101.1,101.07,101.07,4869.0,COP
2023-04-25 13:48:00,101.07,101.095,101.04,101.08,3277.0,COP
2023-04-25 13:47:00,101.15,101.15,101.07,101.08,10711.0,COP
2023-04-25 13:46:00,101.16,101.18,101.15,101.16,4748.0,COP
2023-04-25 13:45:00,101.1,101.1529,101.08,101.1529,6142.0,COP
2023-04-25 13:44:00,101.11,101.12,101.09,101.12,4502.0,COP
2023-04-25 13:43:00,101.1767,101.1767,101.11,101.11,9904.0,COP
2023-04-25 13:42:00,101.11,101.17,101.11,101.17,4456.0,COP
2023-04-25 13:41:00,101.15,101.165,101.09,101.1,7813.0,COP
2023-04-25 13:40:00,101.1768,101.185,101.15,101.15,5009.0,COP
2023-04-25 13:39:00,101.19,101.19,101.13,101.17,3022.0,COP
2023-04-25 13:38:00,101.18,101.18,101.135,101.1794,22670.0,COP
2023-04-25 13:37:00,101.15,101.2,101.15,101.19,7325.0,COP
2023-04-25 13:36:00,101.11,101.16,101.11,101.16,8498.0,COP
2023-04-25 13:35:00,101.11,101.14,101.1067,101.12,4006.0,COP
2023-04-25 13:34:00,101.08,101.1,101.03,101.1,5432.0,COP
2023-04-25 13:33:00,101.08,101.09,101.065,101.08,4729.0,COP
2023-04-25 13:32:00,101.1,101.11,101.06,101.07,7653.0,COP
2023-04-25 13:31:00,101.115,101.12,101.085,101.09,10526.0,COP
2023-04-25 13:30:00,101.0997,101.125,101.0997,101.12,7265.0,COP
2023-04-25 13:29:00,101.02,101.11,101.02,101.11,6009.0,COP
2023-04-25 13:28:00,100.98,101.016,100.97,101.01,3280.0,COP
2023-04-25 13:27:00,100.97,101.0399,100.97,100.98,7160.0,COP
2023-04-25 13:26:00,100.91,100.98,100.89,100.975,12719.0,COP
2023-04-25 13:25:00,100.89,100.93,100.86,100.89,5737.0,COP
2023-04-25 13:24:00,100.9,100.92,100.88,100.8909,5163.0,COP
2023-04-25 13:23:00,100.96,100.975,100.88,100.88,16612.0,COP
2023-04-25 13:22:00,100.94,100.98,100.93,100.98,4542.0,COP
2023-04-25 13:21:00,100.96,100.96,100.91,100.96,6724.0,COP
2023-04-25 13:20:00,101.01,101.01,100.94,100.975,4913.0,COP
2023-04-25 13:19:00,100.9,101.0,100.895,100.96,7062.0,COP
2023-04-25 13:18:00,100.94,100.94,100.9,100.9,11305.0,COP
2023-04-25 13:17:00,100.93,100.99,100.93,100.94,6992.0,COP
2023-04-25 13:16:00,101.06,101.08,100.95,100.95,7189.0,COP
2023-04-25 13:15:00,101.2499,101.2499,101.07,101.07,7558.0,COP
2023-04-25 13:14:00,101.25,101.27,101.23,101.24,4928.0,COP
2023-04-25 13:13:00,101.35,101.35,101.26,101.26,3607.0,COP
2023-04-25 13:12:00,101.38,101.39,101.36,101.36,4901.0,COP
2023-04-25 13:11:00,101.38,101.39,101.37,101.375,3560.0,COP
2023-04-25 13:10:00,101.4371,101.45,101.36,101.36,10837.0,COP
2023-04-25 13:09:00,101.44,101.4714,101.4321,101.44,6525.0,COP
2023-04-25 13:08:00,101.4,101.44,101.39,101.44,4529.0,COP
2023-04-25 13:07:00,101.4,101.41,101.37,101.37,3276.0,COP
2023-04-25 13:06:00,101.42,101.435,101.4,101.41,5090.0,COP
2023-04-25 13:05:00,101.42,101.43,101.4,101.42,3435.0,COP
2023-04-25 13:04:00,101.39,101.42,101.38,101.42,4609.0,COP
2023-04-25 13:03:00,101.4,101.405,101.35,101.4,9182.0,COP
2023-04-25 13:02:00,101.39,101.4037,101.38,101.4037,10341.0,COP
2023-04-25 13:01:00,101.44,101.44,101.39,101.39,4461.0,COP
2023-04-25 13:00:00,101.47,101.48,101.44,101.45,5436.0,COP
2023-04-25 12:59:00,101.54,101.55,101.46,101.4877,9824.0,COP
2023-04-25 12:58:00,101.465,101.54,101.465,101.535,4324.0,COP
2023-04-25 12:57:00,101.47,101.48,101.45,101.46,7576.0,COP
2023-04-25 12:56:00,101.5,101.51,101.47,101.475,4331.0,COP
2023-04-25 12:55:00,101.51,101.545,101.5,101.5,5363.0,COP
2023-04-25 12:54:00,101.63,101.63,101.495,101.51,4568.0,COP
2023-04-25 12:53:00,101.72,101.73,101.64,101.64,17083.0,COP
2023-04-25 12:52:00,101.74,101.775,101.71,101.72,16911.0,COP
2023-04-25 12:51:00,101.685,101.74,101.685,101.74,11377.0,COP
2023-04-25 12:50:00,101.73,101.73,101.68,101.69,19592.0,COP
2023-04-25 12:49:00,101.66,101.71,101.66,101.71,14680.0,COP
2023-04-25 12:48:00,101.66,101.68,101.64,101.65,5210.0,COP
2023-04-25 12:47:00,101.7,101.7,101.67,101.67,2652.0,COP
2023-04-25 12:46:00,101.705,101.72,101.69,101.69,3971.0,COP
2023-04-25 12:45:00,101.73,101.76,101.7,101.725,7208.0,COP
2023-04-25 12:44:00,101.715,101.74,101.69,101.73,9503.0,COP
2023-04-25 12:43:00,101.67,101.715,101.66,101.715,6298.0,COP
2023-04-25 12:42:00,101.68,101.685,101.64,101.66,5091.0,COP
2023-04-25 12:41:00,101.61,101.69,101.61,101.68,6402.0,COP
2023-04-25 12:40:00,101.53,101.6,101.51,101.59,8003.0,COP
2023-04-25 12:39:00,101.5401,101.57,101.5,101.5399,10752.0,COP
2023-04-25 12:38:00,101.54,101.5627,101.52,101.545,6726.0,COP
2023-04-25 12:37:00,101.53,101.585,101.52,101.555,11068.0,COP
2023-04-25 12:36:00,101.48,101.53,101.46,101.53,7895.0,COP
2023-04-25 12:35:00,101.45,101.47,101.45,101.47,2240.0,COP
2023-04-25 12:34:00,101.43,101.5,101.43,101.465,9536.0,COP
2023-04-25 12:33:00,101.35,101.43,101.35,101.43,8628.0,COP
2023-04-25 12:32:00,101.3585,101.36,101.3301,101.3423,9113.0,COP
2023-04-25 12:31:00,101.315,101.38,101.315,101.37,8330.0,COP
2023-04-25 12:30:00,101.33,101.34,101.32,101.32,2251.0,COP
2023-04-25 12:29:00,101.35,101.35,101.31,101.33,3498.0,COP
2023-04-25 12:28:00,101.34,101.36,101.32,101.35,5712.0,COP
2023-04-25 12:27:00,101.37,101.4,101.34,101.34,21131.0,COP
2023-04-25 12:26:00,101.4,101.4085,101.36,101.375,4465.0,COP
2023-04-25 12:25:00,101.42,101.42,101.38,101.4,3930.0,COP
2023-04-25 12:24:00,101.46,101.46,101.42,101.43,4373.0,COP
2023-04-25 12:23:00,101.5,101.5,101.47,101.47,5983.0,COP
2023-04-25 12:22:00,101.47,101.5,101.47,101.5,2770.0,COP
2023-04-25 12:21:00,101.44,101.51,101.44,101.465,4418.0,COP
2023-04-25 12:20:00,101.5,101.5,101.43,101.43,5114.0,COP
2023-04-25 12:19:00,101.54,101.54,101.51,101.51,5828.0,COP
2023-04-25 12:18:00,101.57,101.58,101.52,101.54,7582.0,COP
2023-04-25 12:17:00,101.47,101.56,101.47,101.56,3702.0,COP
2023-04-25 12:16:00,101.39,101.455,101.39,101.455,4848.0,COP
2023-04-25 12:15:00,101.38,101.38,101.315,101.36,7480.0,COP
2023-04-25 12:14:00,101.375,101.4,101.36,101.36,4797.0,COP
2023-04-25 12:13:00,101.435,101.44,101.38,101.39,7295.0,COP
2023-04-25 12:12:00,101.43,101.48,101.43,101.44,11116.0,COP
2023-04-25 12:11:00,101.43,101.45,101.41,101.42,9455.0,COP
2023-04-25 12:10:00,101.38,101.43,101.38,101.43,8937.0,COP
2023-04-25 12:09:00,101.38,101.39,101.37,101.38,4687.0,COP
2023-04-25 12:08:00,101.38,101.4,101.35,101.39,7177.0,COP
2023-04-25 12:07:00,101.4,101.4,101.36,101.39,6826.0,COP
2023-04-25 12:06:00,101.39,101.42,101.38,101.4,6382.0,COP
2023-04-25 12:05:00,101.37,101.41,101.37,101.385,5022.0,COP
2023-04-25 12:04:00,101.41,101.41,101.37,101.38,4657.0,COP
2023-04-25 12:03:00,101.38,101.43,101.375,101.375,7899.0,COP
2023-04-25 12:02:00,101.35,101.36,101.315,101.36,12442.0,COP
2023-04-25 12:01:00,101.36,101.43,101.351,101.351,8991.0,COP
2023-04-25 12:00:00,101.37,101.37,101.34,101.35,5982.0,COP
2023-04-25 11:59:00,101.41,101.43,101.37,101.37,12796.0,COP
2023-04-25 11:58:00,101.39,101.42,101.38,101.42,10384.0,COP
2023-04-25 11:57:00,101.3673,101.42,101.3673,101.39,8203.0,COP
2023-04-25 11:56:00,101.32,101.39,101.32,101.38,5747.0,COP
2023-04-25 11:55:00,101.29,101.35,101.29,101.33,12663.0,COP
2023-04-25 11:54:00,101.31,101.34,101.28,101.28,11191.0,COP
2023-04-25 11:53:00,101.24,101.31,101.24,101.31,3144.0,COP
2023-04-25 11:52:00,101.21,101.25,101.19,101.25,6604.0,COP
2023-04-25 11:51:00,101.24,101.25,101.21,101.23,6767.0,COP
2023-04-25 11:50:00,101.2,101.28,101.2,101.24,4290.0,COP
2023-04-25 11:49:00,101.13,101.19,101.13,101.17,7283.0,COP
2023-04-25 11:48:00,101.12,101.15,101.1,101.15,6105.0,COP
2023-04-25 11:47:00,101.12,101.14,101.1,101.14,3351.0,COP
2023-04-25 11:46:00,101.1132,101.15,101.1,101.11,7832.0,COP
2023-04-25 11:45:00,101.105,101.12,101.09,101.12,3052.0,COP
2023-04-25 11:44:00,101.1606,101.1615,101.07,101.11,7920.0,COP
2023-04-25 11:43:00,101.21,101.22,101.1125,101.155,12697.0,COP
2023-04-25 11:42:00,101.19,101.225,101.19,101.22,4381.0,COP
2023-04-25 11:41:00,101.14,101.22,101.14,101.1901,5453.0,COP
2023-04-25 11:40:00,101.06,101.12,101.0587,101.12,5685.0,COP
2023-04-25 11:39:00,101.05,101.06,101.03,101.03,6794.0,COP
2023-04-25 11:38:00,100.91,100.99,100.9,100.99,4169.0,COP
2023-04-25 11:37:00,100.94,100.94,100.89,100.9,6877.0,COP
2023-04-25 11:36:00,100.9,100.95,100.89,100.94,9845.0,COP
2023-04-25 11:35:00,100.91,100.951,100.88,100.8957,5887.0,COP
2023-04-25 11:34:00,100.97,100.97,100.885,100.885,6728.0,COP
2023-04-25 11:33:00,101.045,101.045,100.96,100.9699,6991.0,COP
2023-04-25 11:32:00,101.09,101.09,101.02,101.04,13080.0,COP
2023-04-25 11:31:00,101.1,101.11,101.07,101.075,6681.0,COP
2023-04-25 11:30:00,101.2,101.21,101.09,101.11,9899.0,COP
2023-04-25 11:29:00,101.16,101.22,101.16,101.2187,3321.0,COP
2023-04-25 11:28:00,101.12,101.14,101.1,101.14,4129.0,COP
2023-04-25 11:27:00,101.045,101.12,101.0,101.12,3001.0,COP
2023-04-25 11:26:00,101.09,101.09,101.03,101.03,5629.0,COP
2023-04-25 11:25:00,101.1,101.115,101.07,101.09,1831.0,COP
2023-04-25 11:24:00,101.065,101.09,101.06,101.07,2871.0,COP
2023-04-25 11:23:00,101.08,101.1,101.0508,101.08,10795.0,COP
2023-04-25 11:22:00,101.215,101.23,101.05,101.08,23213.0,COP
2023-04-25 11:21:00,101.23,101.2448,101.2,101.205,3638.0,COP
2023-04-25 11:20:00,101.19,101.225,101.17,101.225,4950.0,COP
2023-04-25 11:19:00,101.19,101.22,101.18,101.18,3295.0,COP
2023-04-25 11:18:00,101.3437,101.3437,101.2,101.2,5895.0,COP
2023-04-25 11:17:00,101.33,101.36,101.29,101.36,5652.0,COP
2023-04-25 11:16:00,101.28,101.37,101.25,101.35,9303.0,COP
2023-04-25 11:15:00,101.25,101.29,101.25,101.29,10746.0,COP
2023-04-25 11:14:00,101.26,101.27,101.2065,101.26,7148.0,COP
2023-04-25 11:13:00,101.24,101.2512,101.2,101.25,5452.0,COP
2023-04-25 11:12:00,101.25,101.32,101.24,101.25,6155.0,COP
2023-04-25 11:11:00,101.17,101.25,101.16,101.245,4875.0,COP
2023-04-25 11:10:00,101.22,101.23,101.17,101.17,5096.0,COP
2023-04-25 11:09:00,101.22,101.2514,101.21,101.2514,3399.0,COP
2023-04-25 11:08:00,101.13,101.1955,101.13,101.1955,2911.0,COP
2023-04-25 11:07:00,101.12,101.12,101.08,101.1,3167.0,COP
2023-04-25 11:06:00,101.0076,101.11,101.0076,101.11,4358.0,COP
2023-04-25 11:05:00,100.89,100.99,100.89,100.99,4756.0,COP
2023-04-25 11:04:00,100.85,100.89,100.82,100.88,2705.0,COP
2023-04-25 11:03:00,100.93,100.93,100.86,100.86,4688.0,COP
2023-04-25 11:02:00,100.97,100.9801,100.89,100.91,7668.0,COP
2023-04-25 11:01:00,100.96,101.02,100.925,100.98,12886.0,COP
2023-04-25 11:00:00,100.89,100.95,100.88,100.93,8151.0,COP
2023-04-25 10:59:00,100.85,100.93,100.81,100.88,6544.0,COP
2023-04-25 10:58:00,100.845,100.87,100.835,100.86,5141.0,COP
2023-04-25 10:57:00,100.85,100.87,100.78,100.84,6045.0,COP
2023-04-25 10:56:00,100.79,100.89,100.77,100.855,12665.0,COP
2023-04-25 10:55:00,100.79,100.81,100.74,100.79,9040.0,COP
2023-04-25 10:54:00,100.845,100.86,100.8,100.82,6685.0,COP
2023-04-25 10:53:00,100.93,100.93,100.84,100.84,5785.0,COP
2023-04-25 10:52:00,100.94,100.96,100.91,100.9512,8500.0,COP
2023-04-25 10:51:00,100.79,100.93,100.78,100.93,14498.0,COP
2023-04-25 10:50:00,100.84,100.87,100.8,100.8,6092.0,COP
2023-04-25 10:49:00,100.835,100.85,100.78,100.845,2976.0,COP
2023-04-25 10:48:00,100.83,100.85,100.76,100.81,9003.0,COP
2023-04-25 10:47:00,100.87,100.9,100.8,100.81,13699.0,COP
2023-04-25 10:46:00,100.815,100.89,100.8139,100.89,7626.0,COP
2023-04-25 10:45:00,100.68,100.8495,100.67,100.82,34028.0,COP
2023-04-25 10:44:00,100.5849,100.64,100.5849,100.64,3807.0,COP
2023-04-25 10:43:00,100.6,100.6,100.53,100.58,10777.0,COP
2023-04-25 10:42:00,100.555,100.64,100.555,100.6,7138.0,COP
2023-04-25 10:41:00,100.63,100.63,100.48,100.55,7829.0,COP
2023-04-25 10:40:00,100.58,100.64,100.56,100.64,32931.0,COP
2023-04-25 10:39:00,100.52,100.57,100.49,100.57,11159.0,COP
2023-04-25 10:38:00,100.6201,100.6201,100.54,100.54,6704.0,COP
2023-04-25 10:37:00,100.71,100.73,100.63,100.63,15395.0,COP
2023-04-25 10:36:00,100.71,100.76,100.64,100.72,24215.0,COP
2023-04-25 10:35:00,100.69,100.6918,100.64,100.6882,8412.0,COP
2023-04-25 10:34:00,100.66,100.6877,100.575,100.68,11195.0,COP
2023-04-25 10:33:00,100.745,100.78,100.66,100.66,8471.0,COP
2023-04-25 10:32:00,100.73,100.75,100.7013,100.71,3915.0,COP
2023-04-25 10:31:00,100.72,100.78,100.69,100.72,9676.0,COP
2023-04-25 10:30:00,100.7,100.74,100.7,100.74,4147.0,COP
2023-04-25 10:29:00,100.64,100.71,100.63,100.71,9659.0,COP
2023-04-25 10:28:00,100.66,100.72,100.62,100.655,14844.0,COP
2023-04-25 10:27:00,100.76,100.77,100.57,100.66,15805.0,COP
2023-04-25 10:26:00,100.73,100.77,100.7,100.75,7343.0,COP
2023-04-25 10:25:00,100.7517,100.78,100.67,100.72,6297.0,COP
2023-04-25 10:24:00,100.83,100.84,100.75,100.75,3015.0,COP
2023-04-25 10:23:00,100.87,100.87,100.8,100.8,5591.0,COP
2023-04-25 10:22:00,100.97,100.97,100.78,100.845,13407.0,COP
2023-04-25 10:21:00,101.06,101.06,100.9668,100.9668,4597.0,COP
2023-04-25 10:20:00,101.01,101.08,100.99,101.07,4266.0,COP
2023-04-25 10:19:00,101.09,101.11,101.0,101.04,20371.0,COP
2023-04-25 10:18:00,101.05,101.14,101.045,101.09,13558.0,COP
2023-04-25 10:17:00,101.03,101.03,100.96,101.01,6144.0,COP
2023-04-25 10:16:00,100.97,101.03,100.948,101.03,9215.0,COP
2023-04-25 10:15:00,101.02,101.075,100.98,100.99,7013.0,COP
2023-04-25 10:14:00,101.06,101.06,100.97,101.0,16244.0,COP
2023-04-25 10:13:00,101.08,101.15,101.04,101.04,13387.0,COP
2023-04-25 10:12:00,101.14,101.14,101.05,101.09,13307.0,COP
2023-04-25 10:11:00,101.33,101.33,101.1,101.12,17124.0,COP
2023-04-25 10:10:00,101.35,101.3699,101.29,101.34,7016.0,COP
2023-04-25 10:09:00,101.4,101.4,101.3,101.37,7352.0,COP
2023-04-25 10:08:00,101.6,101.61,101.4,101.415,12273.0,COP
2023-04-25 10:07:00,101.56,101.69,101.56,101.62,19277.0,COP
2023-04-25 10:06:00,101.5,101.65,101.49,101.54,34110.0,COP
2023-04-25 10:05:00,101.44,101.505,101.42,101.49,9194.0,COP
2023-04-25 10:04:00,101.48,101.49,101.41,101.47,3380.0,COP
2023-04-25 10:03:00,101.46,101.48,101.41,101.445,5304.0,COP
2023-04-25 10:02:00,101.56,101.5707,101.47,101.49,5946.0,COP
2023-04-25 10:01:00,101.33,101.635,101.29,101.6,9881.0,COP
2023-04-25 10:00:00,101.33,101.35,101.29,101.33,5125.0,COP
2023-04-25 09:59:00,101.3,101.36,101.28,101.35,19434.0,COP
2023-04-25 09:58:00,101.4099,101.4099,101.23,101.3,37971.0,COP
2023-04-25 09:57:00,101.38,101.44,101.35,101.41,7308.0,COP
2023-04-25 09:56:00,101.3275,101.475,101.31,101.36,24474.0,COP
2023-04-25 09:55:00,101.4,101.41,101.31,101.33,7671.0,COP
2023-04-25 09:54:00,101.325,101.44,101.3,101.43,6777.0,COP
2023-04-25 09:53:00,101.37,101.39,101.25,101.33,6543.0,COP
2023-04-25 09:52:00,101.3201,101.43,101.32,101.37,6856.0,COP
2023-04-25 09:51:00,101.36,101.39,101.27,101.355,8265.0,COP
2023-04-25 09:50:00,101.29,101.43,101.27,101.37,10634.0,COP
2023-04-25 09:49:00,101.33,101.37,101.26,101.31,8172.0,COP
2023-04-25 09:48:00,101.32,101.32,101.21,101.31,12469.0,COP
2023-04-25 09:47:00,101.44,101.45,101.27,101.3,11534.0,COP
2023-04-25 09:46:00,101.46,101.46,101.39,101.458,4844.0,COP
2023-04-25 09:45:00,101.38,101.5191,101.33,101.48,8472.0,COP
2023-04-25 09:44:00,101.47,101.47,101.39,101.41,7100.0,COP
2023-04-25 09:43:00,101.53,101.59,101.48,101.48,6336.0,COP
2023-04-25 09:42:00,101.68,101.68,101.38,101.5,11289.0,COP
2023-04-25 09:41:00,101.97,101.97,101.71,101.71,6668.0,COP
2023-04-25 09:40:00,102.07,102.1,101.94,101.98,11362.0,COP
2023-04-25 09:39:00,102.21,102.26,102.06,102.09,5513.0,COP
2023-04-25 09:38:00,102.31,102.31,102.1787,102.22,5433.0,COP
2023-04-25 09:37:00,102.24,102.31,102.2,102.28,3093.0,COP
2023-04-25 09:36:00,102.125,102.41,102.1,102.26,12656.0,COP
2023-04-25 09:35:00,102.08,102.23,102.08,102.13,7027.0,COP
2023-04-25 09:34:00,101.89,102.09,101.88,102.04,6260.0,COP
2023-04-25 09:33:00,101.85,101.93,101.76,101.85,11776.0,COP
2023-04-25 09:32:00,102.23,102.23,101.79,101.83,9987.0,COP
2023-04-25 09:31:00,101.6,102.29,101.52,102.29,100197.0,COP
2023-04-25 09:30:00,102.3,102.3,101.45,101.45,6922.0,COP
2023-04-25 09:20:00,102.51,102.51,102.51,102.51,300.0,COP
2023-04-25 09:19:00,102.51,102.51,102.51,102.51,152.0,COP
2023-04-25 09:15:00,102.33,102.46,102.27,102.46,468.0,COP
2023-04-25 06:24:00,102.23,102.23,102.23,102.23,101.0,COP
