date,1. open,2. high,3. low,4. close,5. volume,Ticker
2023-05-09 16:01:00,185.38,185.38,185.38,185.38,1633.0,DEO
2023-05-09 16:00:00,185.5,185.5,185.36,185.36,8209.0,DEO
2023-05-09 15:59:00,185.53,185.55,185.51,185.542,1440.0,DEO
2023-05-09 15:58:00,185.48,185.485,185.48,185.485,805.0,DEO
2023-05-09 15:57:00,185.51,185.55,185.5,185.53,2653.0,DEO
2023-05-09 15:56:00,185.53,185.53,185.53,185.53,985.0,DEO
2023-05-09 15:55:00,185.6,185.63,185.6,185.6,1759.0,DEO
2023-05-09 15:54:00,185.6,185.6,185.59,185.59,1078.0,DEO
2023-05-09 15:52:00,185.5978,185.5978,185.59,185.59,880.0,DEO
2023-05-09 15:51:00,185.63,185.63,185.555,185.62,1920.0,DEO
2023-05-09 15:49:00,185.68,185.68,185.65,185.65,549.0,DEO
2023-05-09 15:48:00,185.65,185.65,185.65,185.65,374.0,DEO
2023-05-09 15:47:00,185.67,185.67,185.67,185.67,335.0,DEO
2023-05-09 15:46:00,185.705,185.705,185.705,185.705,493.0,DEO
2023-05-09 15:45:00,185.72,185.74,185.7,185.7,590.0,DEO
2023-05-09 15:43:00,185.77,185.785,185.75,185.75,1079.0,DEO
2023-05-09 15:42:00,185.81,185.81,185.81,185.81,264.0,DEO
2023-05-09 15:41:00,185.79,185.81,185.79,185.81,215.0,DEO
2023-05-09 15:40:00,185.8,185.8,185.8,185.8,492.0,DEO
2023-05-09 15:39:00,185.82,185.83,185.8,185.805,900.0,DEO
2023-05-09 15:37:00,185.8,185.8,185.8,185.8,670.0,DEO
2023-05-09 15:34:00,185.82,185.82,185.8,185.82,669.0,DEO
2023-05-09 15:33:00,185.85,185.85,185.81,185.825,3029.0,DEO
2023-05-09 15:32:00,185.85,185.87,185.83,185.84,635.0,DEO
2023-05-09 15:31:00,185.87,185.88,185.87,185.88,239.0,DEO
2023-05-09 15:30:00,185.83,185.85,185.83,185.85,661.0,DEO
2023-05-09 15:29:00,185.79,185.79,185.79,185.79,177.0,DEO
2023-05-09 15:28:00,185.75,185.818,185.75,185.79,909.0,DEO
2023-05-09 15:27:00,185.77,185.81,185.77,185.78,568.0,DEO
2023-05-09 15:26:00,185.82,185.82,185.82,185.82,273.0,DEO
2023-05-09 15:25:00,185.7351,185.76,185.71,185.76,1395.0,DEO
2023-05-09 15:24:00,185.75,185.7597,185.735,185.7597,1538.0,DEO
2023-05-09 15:23:00,185.75,185.75,185.75,185.75,177.0,DEO
2023-05-09 15:22:00,185.71,185.71,185.71,185.71,214.0,DEO
2023-05-09 15:20:00,185.75,185.79,185.73,185.73,865.0,DEO
2023-05-09 15:19:00,185.77,185.77,185.77,185.77,384.0,DEO
2023-05-09 15:17:00,185.73,185.735,185.73,185.735,395.0,DEO
2023-05-09 15:15:00,185.77,185.77,185.73,185.761,1335.0,DEO
2023-05-09 15:13:00,185.76,185.77,185.76,185.77,340.0,DEO
2023-05-09 15:09:00,185.7978,185.7978,185.76,185.76,1225.0,DEO
2023-05-09 15:08:00,185.81,185.81,185.78,185.78,442.0,DEO
2023-05-09 15:06:00,185.74,185.76,185.74,185.76,302.0,DEO
2023-05-09 15:05:00,185.76,185.76,185.75,185.75,307.0,DEO
2023-05-09 15:04:00,185.725,185.75,185.725,185.75,499.0,DEO
2023-05-09 15:02:00,185.7,185.7,185.7,185.7,133.0,DEO
2023-05-09 15:01:00,185.73,185.73,185.73,185.73,535.0,DEO
2023-05-09 14:59:00,185.67,185.6916,185.67,185.6916,707.0,DEO
2023-05-09 14:58:00,185.635,185.64,185.62,185.62,814.0,DEO
2023-05-09 14:56:00,185.6218,185.6353,185.6218,185.6353,521.0,DEO
2023-05-09 14:55:00,185.65,185.65,185.64,185.645,874.0,DEO
2023-05-09 14:54:00,185.7599,185.7599,185.665,185.665,1334.0,DEO
2023-05-09 14:53:00,185.73,185.73,185.705,185.705,485.0,DEO
2023-05-09 14:51:00,185.74,185.77,185.73,185.735,1383.0,DEO
2023-05-09 14:50:00,185.72,185.76,185.72,185.76,513.0,DEO
2023-05-09 14:49:00,185.7406,185.7406,185.72,185.72,804.0,DEO
2023-05-09 14:48:00,185.74,185.765,185.74,185.765,643.0,DEO
2023-05-09 14:47:00,185.75,185.75,185.75,185.75,508.0,DEO
2023-05-09 14:46:00,185.8095,185.8095,185.78,185.78,1054.0,DEO
2023-05-09 14:45:00,185.7719,185.7719,185.7719,185.7719,355.0,DEO
2023-05-09 14:44:00,185.765,185.765,185.765,185.765,451.0,DEO
2023-05-09 14:42:00,185.74,185.78,185.72,185.72,820.0,DEO
2023-05-09 14:41:00,185.775,185.775,185.775,185.775,576.0,DEO
2023-05-09 14:39:00,185.791,185.81,185.75,185.78,1154.0,DEO
2023-05-09 14:38:00,185.8,185.81,185.79,185.79,448.0,DEO
2023-05-09 14:37:00,185.83,185.83,185.83,185.83,231.0,DEO
2023-05-09 14:36:00,185.89,185.89,185.81,185.81,581.0,DEO
2023-05-09 14:35:00,185.83,185.87,185.83,185.87,283.0,DEO
2023-05-09 14:34:00,185.8056,185.82,185.8056,185.82,547.0,DEO
2023-05-09 14:33:00,185.805,185.805,185.805,185.805,545.0,DEO
2023-05-09 14:26:00,185.8264,185.8264,185.8264,185.8264,480.0,DEO
2023-05-09 14:25:00,185.85,185.85,185.84,185.84,473.0,DEO
2023-05-09 14:24:00,185.87,185.87,185.87,185.87,523.0,DEO
2023-05-09 14:22:00,185.86,185.86,185.84,185.84,708.0,DEO
2023-05-09 14:20:00,185.87,185.87,185.87,185.87,175.0,DEO
2023-05-09 14:19:00,185.874,185.874,185.874,185.874,202.0,DEO
2023-05-09 14:16:00,185.87,185.87,185.87,185.87,153.0,DEO
2023-05-09 14:15:00,185.89,185.89,185.89,185.89,285.0,DEO
2023-05-09 14:10:00,185.76,185.76,185.76,185.76,429.0,DEO
2023-05-09 14:09:00,185.77,185.77,185.755,185.755,699.0,DEO
2023-05-09 14:06:00,185.77,185.81,185.77,185.81,827.0,DEO
2023-05-09 14:05:00,185.78,185.78,185.78,185.78,354.0,DEO
2023-05-09 14:02:00,185.88,185.88,185.88,185.88,302.0,DEO
2023-05-09 14:01:00,185.92,185.92,185.92,185.92,340.0,DEO
2023-05-09 14:00:00,185.9024,185.9024,185.88,185.88,454.0,DEO
2023-05-09 13:59:00,185.89,185.904,185.86,185.86,465.0,DEO
2023-05-09 13:57:00,185.88,185.88,185.88,185.88,350.0,DEO
2023-05-09 13:55:00,185.94,185.94,185.89,185.89,534.0,DEO
2023-05-09 13:54:00,185.935,185.94,185.935,185.94,349.0,DEO
2023-05-09 13:53:00,185.94,185.94,185.94,185.94,146.0,DEO
2023-05-09 13:50:00,185.94,185.94,185.8883,185.9,397.0,DEO
2023-05-09 13:47:00,185.94,185.94,185.88,185.88,356.0,DEO
2023-05-09 13:45:00,185.985,185.985,185.93,185.93,617.0,DEO
2023-05-09 13:43:00,185.95,185.95,185.95,185.95,308.0,DEO
2023-05-09 13:42:00,185.95,185.95,185.95,185.95,170.0,DEO
2023-05-09 13:41:00,185.93,186.0382,185.93,185.94,1912.0,DEO
2023-05-09 13:40:00,185.92,185.92,185.91,185.91,267.0,DEO
2023-05-09 13:39:00,185.9,185.905,185.9,185.905,514.0,DEO
2023-05-09 13:38:00,185.955,185.955,185.955,185.955,162.0,DEO
2023-05-09 13:37:00,185.95,185.95,185.95,185.95,169.0,DEO
2023-05-09 13:35:00,185.95,185.95,185.95,185.95,213.0,DEO
2023-05-09 13:34:00,185.95,185.95,185.88,185.88,308.0,DEO
2023-05-09 13:33:00,185.95,185.95,185.94,185.94,284.0,DEO
2023-05-09 13:31:00,185.95,185.95,185.95,185.95,197.0,DEO
2023-05-09 13:30:00,185.92,185.92,185.915,185.915,854.0,DEO
2023-05-09 13:29:00,185.86,185.865,185.86,185.865,488.0,DEO
2023-05-09 13:28:00,185.865,185.865,185.865,185.865,198.0,DEO
2023-05-09 13:26:00,185.88,185.88,185.88,185.88,148.0,DEO
2023-05-09 13:25:00,185.875,185.875,185.875,185.875,190.0,DEO
2023-05-09 13:24:00,185.955,185.955,185.89,185.89,639.0,DEO
2023-05-09 13:23:00,185.955,185.955,185.955,185.955,105.0,DEO
2023-05-09 13:22:00,185.9304,185.94,185.9304,185.94,396.0,DEO
2023-05-09 13:21:00,185.93,185.93,185.93,185.93,176.0,DEO
2023-05-09 13:20:00,185.9509,185.9509,185.9509,185.9509,283.0,DEO
2023-05-09 13:19:00,185.94,185.945,185.94,185.945,374.0,DEO
2023-05-09 13:17:00,185.905,185.915,185.905,185.915,338.0,DEO
2023-05-09 13:16:00,185.9046,185.9046,185.9046,185.9046,181.0,DEO
2023-05-09 13:15:00,185.88,185.88,185.88,185.88,137.0,DEO
2023-05-09 13:14:00,185.88,185.88,185.88,185.88,219.0,DEO
2023-05-09 13:13:00,185.925,185.925,185.87,185.87,740.0,DEO
2023-05-09 13:11:00,185.97,186.01,185.94,185.95,3034.0,DEO
2023-05-09 13:10:00,185.92,185.92,185.87,185.87,875.0,DEO
2023-05-09 13:08:00,185.94,185.94,185.94,185.94,446.0,DEO
2023-05-09 13:07:00,185.95,185.95,185.95,185.95,129.0,DEO
2023-05-09 13:06:00,185.91,185.91,185.91,185.91,868.0,DEO
2023-05-09 13:05:00,185.85,185.85,185.85,185.85,392.0,DEO
2023-05-09 13:03:00,185.8,185.85,185.8,185.85,336.0,DEO
2023-05-09 13:02:00,185.81,185.81,185.81,185.81,273.0,DEO
2023-05-09 13:00:00,185.81,185.81,185.81,185.81,351.0,DEO
2023-05-09 12:59:00,185.85,185.85,185.82,185.82,750.0,DEO
2023-05-09 12:56:00,185.7503,185.855,185.7503,185.855,972.0,DEO
2023-05-09 12:53:00,185.8,185.81,185.8,185.81,319.0,DEO
2023-05-09 12:52:00,185.8,185.8,185.795,185.795,384.0,DEO
2023-05-09 12:51:00,185.85,185.85,185.81,185.85,1155.0,DEO
2023-05-09 12:50:00,185.81,185.84,185.81,185.84,624.0,DEO
2023-05-09 12:48:00,185.84,185.84,185.84,185.84,178.0,DEO
2023-05-09 12:47:00,185.82,185.82,185.82,185.82,646.0,DEO
2023-05-09 12:46:00,185.81,185.81,185.81,185.81,386.0,DEO
2023-05-09 12:45:00,185.7682,185.7682,185.7682,185.7682,345.0,DEO
2023-05-09 12:44:00,185.76,185.78,185.76,185.78,429.0,DEO
2023-05-09 12:35:00,185.994,185.994,185.9591,185.9591,819.0,DEO
2023-05-09 12:34:00,185.95,185.95,185.95,185.95,476.0,DEO
2023-05-09 12:33:00,185.93,185.955,185.93,185.955,885.0,DEO
2023-05-09 12:31:00,185.96,185.96,185.96,185.96,268.0,DEO
2023-05-09 12:27:00,185.95,185.95,185.95,185.95,222.0,DEO
2023-05-09 12:23:00,185.98,185.98,185.98,185.98,1402.0,DEO
2023-05-09 12:21:00,186.015,186.015,186.015,186.015,216.0,DEO
2023-05-09 12:20:00,186.01,186.01,186.01,186.01,371.0,DEO
2023-05-09 12:18:00,185.95,185.985,185.95,185.985,668.0,DEO
2023-05-09 12:17:00,185.915,185.915,185.915,185.915,219.0,DEO
2023-05-09 12:16:00,185.94,185.94,185.93,185.93,1033.0,DEO
2023-05-09 12:15:00,185.9059,185.9499,185.9059,185.9328,841.0,DEO
2023-05-09 12:14:00,185.88,185.88,185.88,185.88,425.0,DEO
2023-05-09 12:13:00,185.88,185.905,185.88,185.905,400.0,DEO
2023-05-09 12:07:00,185.83,185.83,185.83,185.83,213.0,DEO
2023-05-09 12:06:00,185.77,185.83,185.77,185.83,1315.0,DEO
2023-05-09 12:02:00,185.7414,185.7414,185.7414,185.7414,427.0,DEO
2023-05-09 12:01:00,185.775,185.775,185.775,185.775,451.0,DEO
2023-05-09 12:00:00,185.77,185.8038,185.74,185.75,2900.0,DEO
2023-05-09 11:59:00,185.74,185.8,185.74,185.77,628.0,DEO
2023-05-09 11:58:00,185.7618,185.77,185.7618,185.77,311.0,DEO
2023-05-09 11:54:00,185.7924,185.7924,185.7924,185.7924,219.0,DEO
2023-05-09 11:50:00,185.82,185.82,185.81,185.81,512.0,DEO
2023-05-09 11:49:00,185.84,185.91,185.51,185.87,62426.0,DEO
2023-05-09 11:48:00,185.78,185.91,185.78,185.835,1616.0,DEO
2023-05-09 11:47:00,185.775,185.775,185.775,185.775,117.0,DEO
2023-05-09 11:43:00,185.85,185.85,185.85,185.85,234.0,DEO
2023-05-09 11:41:00,185.89,185.92,185.87,185.87,597.0,DEO
2023-05-09 11:40:00,185.94,185.94,185.94,185.94,208.0,DEO
2023-05-09 11:36:00,185.84,185.955,185.82,185.955,2169.0,DEO
2023-05-09 11:35:00,185.94,185.94,185.81,185.81,10510.0,DEO
2023-05-09 11:34:00,185.8,185.95,185.8,185.91,5560.0,DEO
2023-05-09 11:32:00,185.8,185.85,185.79,185.85,2716.0,DEO
2023-05-09 11:31:00,185.79,185.79,185.79,185.79,246.0,DEO
2023-05-09 11:30:00,185.72,185.76,185.715,185.75,3896.0,DEO
2023-05-09 11:29:00,185.71,185.72,185.71,185.72,1135.0,DEO
2023-05-09 11:28:00,185.64,185.74,185.6104,185.74,1946.0,DEO
2023-05-09 11:27:00,185.67,185.68,185.66,185.66,1087.0,DEO
2023-05-09 11:25:00,185.845,185.86,185.78,185.78,782.0,DEO
2023-05-09 11:24:00,185.86,185.9,185.84,185.84,1251.0,DEO
2023-05-09 11:23:00,185.88,185.89,185.88,185.89,919.0,DEO
2023-05-09 11:22:00,185.8352,185.8352,185.8352,185.8352,450.0,DEO
2023-05-09 11:20:00,185.85,185.85,185.85,185.85,641.0,DEO
2023-05-09 11:19:00,186.0,186.0,185.94,185.94,612.0,DEO
2023-05-09 11:16:00,186.0205,186.0205,186.0205,186.0205,324.0,DEO
2023-05-09 11:15:00,185.96,185.96,185.92,185.945,379.0,DEO
2023-05-09 11:14:00,185.94,185.955,185.94,185.955,351.0,DEO
2023-05-09 11:13:00,185.92,185.92,185.9,185.9,654.0,DEO
2023-05-09 11:12:00,185.94,185.94,185.94,185.94,210.0,DEO
2023-05-09 11:11:00,186.0,186.0,186.0,186.0,199.0,DEO
2023-05-09 11:10:00,185.88,185.89,185.88,185.88,516.0,DEO
2023-05-09 11:07:00,185.96,185.96,185.96,185.96,132.0,DEO
2023-05-09 11:05:00,185.96,185.96,185.96,185.96,200.0,DEO
2023-05-09 11:03:00,185.97,185.97,185.96,185.96,1085.0,DEO
2023-05-09 11:02:00,186.02,186.02,186.02,186.02,268.0,DEO
2023-05-09 11:01:00,185.94,186.06,185.94,186.05,2978.0,DEO
2023-05-09 11:00:00,185.92,185.92,185.92,185.92,367.0,DEO
2023-05-09 10:58:00,185.94,185.94,185.94,185.94,327.0,DEO
2023-05-09 10:57:00,186.0,186.0,186.0,186.0,130.0,DEO
2023-05-09 10:56:00,185.94,185.94,185.94,185.94,298.0,DEO
2023-05-09 10:55:00,185.99,185.99,185.99,185.99,598.0,DEO
2023-05-09 10:53:00,186.03,186.08,186.03,186.08,1181.0,DEO
2023-05-09 10:50:00,185.94,185.94,185.92,185.92,556.0,DEO
2023-05-09 10:49:00,185.96,186.0,185.96,185.96,3581.0,DEO
2023-05-09 10:48:00,185.95,185.95,185.95,185.95,139.0,DEO
2023-05-09 10:47:00,186.004,186.004,186.004,186.004,225.0,DEO
2023-05-09 10:46:00,185.93,185.93,185.93,185.93,577.0,DEO
2023-05-09 10:45:00,185.98,185.98,185.98,185.98,219.0,DEO
2023-05-09 10:44:00,185.98,185.98,185.98,185.98,183.0,DEO
2023-05-09 10:42:00,186.145,186.15,186.13,186.13,695.0,DEO
2023-05-09 10:41:00,186.12,186.17,186.02,186.075,4263.0,DEO
2023-05-09 10:40:00,186.09,186.1,186.09,186.1,324.0,DEO
2023-05-09 10:39:00,186.0437,186.0437,186.0437,186.0437,210.0,DEO
2023-05-09 10:38:00,186.04,186.04,185.96,185.97,1619.0,DEO
2023-05-09 10:37:00,186.0,186.045,185.97,186.045,2262.0,DEO
2023-05-09 10:36:00,186.0,186.03,186.0,186.0,803.0,DEO
2023-05-09 10:35:00,185.97,186.005,185.97,186.0,1826.0,DEO
2023-05-09 10:34:00,185.92,185.97,185.92,185.97,1472.0,DEO
2023-05-09 10:31:00,186.02,186.03,186.02,186.03,280.0,DEO
2023-05-09 10:29:00,185.92,185.92,185.92,185.92,301.0,DEO
2023-05-09 10:28:00,185.99,186.0,185.98,185.98,1550.0,DEO
2023-05-09 10:27:00,185.93,185.98,185.93,185.98,361.0,DEO
2023-05-09 10:26:00,185.99,185.99,185.99,185.99,468.0,DEO
2023-05-09 10:24:00,185.9156,185.9156,185.9156,185.9156,720.0,DEO
2023-05-09 10:21:00,185.97,185.97,185.97,185.97,360.0,DEO
2023-05-09 10:20:00,185.95,185.99,185.94,185.94,1317.0,DEO
2023-05-09 10:19:00,185.97,185.97,185.86,185.86,1046.0,DEO
2023-05-09 10:16:00,185.895,185.9,185.895,185.9,255.0,DEO
2023-05-09 10:15:00,185.92,185.92,185.85,185.91,670.0,DEO
2023-05-09 10:14:00,185.98,186.0,185.98,185.985,598.0,DEO
2023-05-09 10:13:00,185.89,185.94,185.89,185.94,487.0,DEO
2023-05-09 10:12:00,185.9624,185.9624,185.96,185.96,458.0,DEO
2023-05-09 10:11:00,186.02,186.02,185.96,185.965,1326.0,DEO
2023-05-09 10:09:00,186.01,186.01,186.01,186.01,114.0,DEO
2023-05-09 10:08:00,186.0,186.01,186.0,186.0,790.0,DEO
2023-05-09 10:07:00,186.04,186.04,186.04,186.04,255.0,DEO
2023-05-09 10:06:00,185.94,185.94,185.94,185.94,390.0,DEO
2023-05-09 10:05:00,186.03,186.03,186.03,186.03,374.0,DEO
2023-05-09 10:04:00,186.03,186.03,186.03,186.03,380.0,DEO
2023-05-09 10:01:00,186.05,186.05,186.05,186.05,169.0,DEO
2023-05-09 10:00:00,185.98,186.05,185.98,186.05,2659.0,DEO
2023-05-09 09:56:00,186.24,186.24,186.24,186.24,491.0,DEO
2023-05-09 09:55:00,186.2,186.2,186.16,186.16,706.0,DEO
2023-05-09 09:54:00,186.18,186.18,186.18,186.18,168.0,DEO
2023-05-09 09:53:00,186.11,186.11,186.11,186.11,279.0,DEO
2023-05-09 09:52:00,186.08,186.08,186.07,186.08,385.0,DEO
2023-05-09 09:51:00,186.02,186.04,186.02,186.04,658.0,DEO
2023-05-09 09:50:00,185.9,185.9,185.9,185.9,189.0,DEO
2023-05-09 09:49:00,185.89,185.9,185.84,185.9,654.0,DEO
2023-05-09 09:48:00,185.84,185.89,185.84,185.89,453.0,DEO
2023-05-09 09:47:00,185.76,185.82,185.76,185.79,1017.0,DEO
2023-05-09 09:46:00,185.84,185.84,185.84,185.84,378.0,DEO
2023-05-09 09:45:00,185.815,185.815,185.815,185.815,292.0,DEO
2023-05-09 09:44:00,185.915,185.915,185.915,185.915,245.0,DEO
2023-05-09 09:43:00,186.05,186.08,185.95,185.98,37565.0,DEO
2023-05-09 09:42:00,186.04,186.07,186.035,186.05,9535.0,DEO
2023-05-09 09:41:00,186.05,186.05,186.02,186.035,1523.0,DEO
2023-05-09 09:40:00,186.06,186.06,186.06,186.06,759.0,DEO
2023-05-09 09:37:00,186.08,186.08,186.08,186.08,330.0,DEO
2023-05-09 09:36:00,186.24,186.245,186.13,186.135,2351.0,DEO
2023-05-09 09:35:00,186.18,186.23,186.16,186.23,2179.0,DEO
2023-05-09 09:34:00,186.22,186.26,186.12,186.12,7026.0,DEO
2023-05-09 09:33:00,186.28,186.28,186.26,186.26,868.0,DEO
2023-05-09 09:32:00,186.28,186.28,186.27,186.27,618.0,DEO
2023-05-09 09:31:00,186.28,186.37,186.26,186.37,1286.0,DEO
2023-05-09 09:30:00,186.16,186.16,186.16,186.16,100.0,DEO
2023-05-09 08:12:00,186.12,186.12,186.12,186.12,100.0,DEO
2023-05-09 05:28:00,186.11,186.11,186.11,186.11,200.0,DEO
2023-05-09 05:23:00,186.14,186.14,186.13,186.13,512.0,DEO
2023-05-09 05:18:00,186.16,186.16,186.16,186.16,120.0,DEO
2023-05-09 04:55:00,186.42,186.42,186.42,186.42,150.0,DEO
2023-05-09 04:23:00,187.16,187.16,187.16,187.16,150.0,DEO
2023-05-09 04:01:00,186.76,186.78,186.68,186.68,424.0,DEO
2023-05-08 16:01:00,187.31,187.31,187.31,187.31,630.0,DEO
2023-05-08 16:00:00,187.38,187.38,187.29,187.31,3159.0,DEO
2023-05-08 15:59:00,187.35,187.36,187.32,187.36,2705.0,DEO
2023-05-08 15:58:00,187.33,187.33,187.33,187.33,806.0,DEO
2023-05-08 15:57:00,187.305,187.305,187.305,187.305,533.0,DEO
2023-05-08 15:56:00,187.29,187.32,187.29,187.32,1230.0,DEO
2023-05-08 15:55:00,187.29,187.31,187.29,187.31,398.0,DEO
2023-05-08 15:54:00,187.29,187.29,187.29,187.29,391.0,DEO
2023-05-08 15:53:00,187.3,187.3,187.29,187.29,376.0,DEO
2023-05-08 15:52:00,187.32,187.32,187.32,187.32,936.0,DEO
2023-05-08 15:51:00,187.3,187.33,187.3,187.33,380.0,DEO
2023-05-08 15:50:00,187.35,187.35,187.32,187.32,888.0,DEO
2023-05-08 15:49:00,187.36,187.39,187.36,187.38,877.0,DEO
2023-05-08 15:48:00,187.35,187.35,187.35,187.35,265.0,DEO
2023-05-08 15:47:00,187.3834,187.4041,187.34,187.37,1503.0,DEO
2023-05-08 15:46:00,187.3734,187.4037,187.3734,187.4037,628.0,DEO
2023-05-08 15:44:00,187.405,187.405,187.39,187.39,718.0,DEO
2023-05-08 15:42:00,187.33,187.33,187.33,187.33,290.0,DEO
2023-05-08 15:40:00,187.28,187.28,187.28,187.28,670.0,DEO
2023-05-08 15:37:00,187.2006,187.2006,187.2006,187.2006,369.0,DEO
2023-05-08 15:36:00,187.27,187.27,187.21,187.25,2610.0,DEO
2023-05-08 15:35:00,187.31,187.31,187.2929,187.2929,476.0,DEO
2023-05-08 15:34:00,187.29,187.3,187.2205,187.3,966.0,DEO
2023-05-08 15:31:00,187.2,187.2,187.2,187.2,476.0,DEO
2023-05-08 15:29:00,187.26,187.26,187.26,187.26,124.0,DEO
2023-05-08 15:25:00,187.23,187.25,187.23,187.25,529.0,DEO
2023-05-08 15:24:00,187.242,187.242,187.22,187.22,567.0,DEO
2023-05-08 15:22:00,187.32,187.32,187.32,187.32,183.0,DEO
2023-05-08 15:18:00,187.17,187.2,187.17,187.2,524.0,DEO
2023-05-08 15:17:00,187.205,187.205,187.17,187.17,874.0,DEO
2023-05-08 15:14:00,187.18,187.18,187.1701,187.1701,488.0,DEO
2023-05-08 15:12:00,187.275,187.275,187.2,187.205,708.0,DEO
2023-05-08 15:09:00,187.22,187.23,187.22,187.23,398.0,DEO
2023-05-08 15:08:00,187.18,187.22,187.18,187.18,698.0,DEO
2023-05-08 15:04:00,187.28,187.28,187.28,187.28,362.0,DEO
2023-05-08 15:03:00,187.215,187.215,187.215,187.215,204.0,DEO
2023-05-08 15:01:00,187.23,187.24,187.23,187.24,484.0,DEO
2023-05-08 14:59:00,187.23,187.23,187.22,187.23,521.0,DEO
2023-05-08 14:57:00,187.1902,187.2112,187.185,187.185,561.0,DEO
2023-05-08 14:55:00,187.2508,187.275,187.23,187.23,669.0,DEO
2023-05-08 14:54:00,187.27,187.2702,187.27,187.2702,364.0,DEO
2023-05-08 14:53:00,187.27,187.27,187.27,187.27,124.0,DEO
2023-05-08 14:51:00,187.2997,187.3299,187.2997,187.3299,432.0,DEO
2023-05-08 14:42:00,187.22,187.22,187.22,187.22,101.0,DEO
2023-05-08 14:40:00,187.34,187.34,187.34,187.34,151.0,DEO
2023-05-08 14:37:00,187.22,187.24,187.22,187.235,901.0,DEO
2023-05-08 14:35:00,187.1731,187.1731,187.1365,187.1365,363.0,DEO
2023-05-08 14:32:00,187.15,187.15,187.1,187.1,1359.0,DEO
2023-05-08 14:30:00,187.12,187.12,187.12,187.12,1013.0,DEO
2023-05-08 14:26:00,187.18,187.18,187.18,187.18,1102.0,DEO
2023-05-08 14:22:00,187.155,187.155,187.155,187.155,255.0,DEO
2023-05-08 14:11:00,187.18,187.18,187.18,187.18,148.0,DEO
2023-05-08 14:10:00,187.06,187.1,187.06,187.1,1045.0,DEO
2023-05-08 14:09:00,186.92,186.92,186.92,186.92,129.0,DEO
2023-05-08 14:08:00,187.15,187.15,187.05,187.05,955.0,DEO
2023-05-08 14:05:00,187.34,187.34,187.32,187.32,926.0,DEO
2023-05-08 13:58:00,187.4,187.4,187.4,187.4,413.0,DEO
2023-05-08 13:56:00,187.4357,187.4357,187.42,187.42,297.0,DEO
2023-05-08 13:54:00,187.37,187.37,187.37,187.37,153.0,DEO
2023-05-08 13:50:00,187.411,187.411,187.395,187.395,525.0,DEO
2023-05-08 13:49:00,187.47,187.47,187.42,187.42,904.0,DEO
2023-05-08 13:47:00,187.53,187.53,187.53,187.53,175.0,DEO
2023-05-08 13:42:00,187.5668,187.5668,187.5668,187.5668,296.0,DEO
2023-05-08 13:39:00,187.52,187.52,187.52,187.52,332.0,DEO
2023-05-08 13:37:00,187.4992,187.4992,187.48,187.48,567.0,DEO
2023-05-08 13:32:00,187.5156,187.5156,187.48,187.48,241.0,DEO
2023-05-08 13:31:00,187.43,187.45,187.43,187.45,397.0,DEO
2023-05-08 13:27:00,187.45,187.45,187.45,187.45,231.0,DEO
2023-05-08 13:25:00,187.52,187.52,187.47,187.47,261.0,DEO
2023-05-08 13:23:00,187.54,187.54,187.54,187.54,209.0,DEO
2023-05-08 13:22:00,187.53,187.53,187.52,187.53,1007.0,DEO
2023-05-08 13:20:00,187.5032,187.5032,187.5032,187.5032,209.0,DEO
2023-05-08 13:17:00,187.49,187.52,187.49,187.52,429.0,DEO
2023-05-08 13:16:00,187.475,187.475,187.475,187.475,269.0,DEO
2023-05-08 13:15:00,187.48,187.48,187.46,187.46,537.0,DEO
2023-05-08 13:13:00,187.47,187.48,187.47,187.48,279.0,DEO
2023-05-08 13:11:00,187.52,187.52,187.49,187.49,338.0,DEO
2023-05-08 13:09:00,187.47,187.47,187.47,187.47,670.0,DEO
2023-05-08 13:07:00,187.44,187.44,187.44,187.44,165.0,DEO
2023-05-08 13:05:00,187.53,187.53,187.53,187.53,117.0,DEO
2023-05-08 13:04:00,187.47,187.49,187.47,187.49,763.0,DEO
2023-05-08 13:03:00,187.4704,187.48,187.4704,187.48,546.0,DEO
2023-05-08 12:59:00,187.5,187.5,187.47,187.47,259.0,DEO
2023-05-08 12:58:00,187.48,187.48,187.48,187.48,290.0,DEO
2023-05-08 12:57:00,187.46,187.46,187.46,187.46,219.0,DEO
2023-05-08 12:55:00,187.4567,187.4567,187.4567,187.4567,174.0,DEO
2023-05-08 12:54:00,187.45,187.45,187.45,187.45,268.0,DEO
2023-05-08 12:51:00,187.4283,187.4283,187.4283,187.4283,170.0,DEO
2023-05-08 12:49:00,187.48,187.48,187.48,187.48,195.0,DEO
2023-05-08 12:47:00,187.38,187.42,187.38,187.42,691.0,DEO
2023-05-08 12:46:00,187.37,187.38,187.37,187.38,308.0,DEO
2023-05-08 12:43:00,187.39,187.39,187.39,187.39,286.0,DEO
2023-05-08 12:42:00,187.38,187.38,187.38,187.38,152.0,DEO
2023-05-08 12:41:00,187.44,187.44,187.41,187.41,733.0,DEO
2023-05-08 12:38:00,187.53,187.53,187.53,187.53,212.0,DEO
2023-05-08 12:35:00,187.4869,187.4869,187.4869,187.4869,174.0,DEO
2023-05-08 12:34:00,187.48,187.48,187.48,187.48,256.0,DEO
2023-05-08 12:33:00,187.42,187.45,187.42,187.45,623.0,DEO
2023-05-08 12:31:00,187.46,187.46,187.46,187.46,185.0,DEO
2023-05-08 12:29:00,187.4652,187.4652,187.4652,187.4652,268.0,DEO
2023-05-08 12:27:00,187.47,187.5199,187.47,187.5199,450.0,DEO
2023-05-08 12:26:00,187.45,187.52,187.4279,187.52,1104.0,DEO
2023-05-08 12:24:00,187.5095,187.5095,187.5095,187.5095,141.0,DEO
2023-05-08 12:21:00,187.4968,187.4968,187.4968,187.4968,177.0,DEO
2023-05-08 12:20:00,187.53,187.565,187.53,187.565,511.0,DEO
2023-05-08 12:18:00,187.55,187.55,187.5302,187.5302,287.0,DEO
2023-05-08 12:17:00,187.55,187.55,187.5287,187.5287,334.0,DEO
2023-05-08 12:16:00,187.505,187.505,187.505,187.505,319.0,DEO
2023-05-08 12:15:00,187.51,187.51,187.51,187.51,143.0,DEO
2023-05-08 12:14:00,187.52,187.52,187.52,187.52,267.0,DEO
2023-05-08 12:11:00,187.5,187.56,187.5,187.54,957.0,DEO
2023-05-08 12:10:00,187.51,187.51,187.51,187.51,305.0,DEO
2023-05-08 12:09:00,187.48,187.48,187.48,187.48,592.0,DEO
2023-05-08 12:07:00,187.495,187.495,187.495,187.495,160.0,DEO
2023-05-08 12:05:00,187.51,187.5203,187.51,187.5203,282.0,DEO
2023-05-08 12:04:00,187.545,187.55,187.5255,187.5255,940.0,DEO
2023-05-08 12:03:00,187.55,187.55,187.55,187.55,248.0,DEO
2023-05-08 11:59:00,187.51,187.51,187.51,187.51,118.0,DEO
2023-05-08 11:57:00,187.46,187.46,187.46,187.46,380.0,DEO
2023-05-08 11:56:00,187.4862,187.5283,187.47,187.51,2480.0,DEO
2023-05-08 11:53:00,187.5142,187.5142,187.47,187.47,1181.0,DEO
2023-05-08 11:52:00,187.55,187.55,187.55,187.55,211.0,DEO
2023-05-08 11:51:00,187.57,187.57,187.57,187.57,146.0,DEO
2023-05-08 11:50:00,187.7399,187.7399,187.58,187.6,1817.0,DEO
2023-05-08 11:44:00,187.64,187.64,187.64,187.64,381.0,DEO
2023-05-08 11:41:00,187.6473,187.675,187.6473,187.675,323.0,DEO
2023-05-08 11:39:00,187.775,187.775,187.68,187.68,670.0,DEO
2023-05-08 11:32:00,187.745,187.745,187.7,187.7,321.0,DEO
2023-05-08 11:26:00,187.82,187.84,187.82,187.84,247.0,DEO
2023-05-08 11:20:00,187.78,187.8322,187.735,187.735,1753.0,DEO
2023-05-08 11:18:00,187.8,187.8,187.8,187.8,464.0,DEO
2023-05-08 11:17:00,187.8,187.8,187.8,187.8,289.0,DEO
2023-05-08 11:15:00,187.835,187.835,187.835,187.835,189.0,DEO
2023-05-08 11:10:00,187.88,187.88,187.88,187.88,225.0,DEO
2023-05-08 11:08:00,187.86,187.875,187.85,187.85,705.0,DEO
2023-05-08 11:06:00,187.828,187.828,187.825,187.825,232.0,DEO
2023-05-08 11:02:00,187.76,187.76,187.76,187.76,336.0,DEO
2023-05-08 10:59:00,187.7558,187.7558,187.715,187.715,507.0,DEO
2023-05-08 10:57:00,187.735,187.735,187.735,187.735,206.0,DEO
2023-05-08 10:52:00,187.67,187.72,187.67,187.72,240.0,DEO
2023-05-08 10:51:00,187.74,187.779,187.71,187.779,631.0,DEO
2023-05-08 10:50:00,187.765,187.765,187.765,187.765,113.0,DEO
2023-05-08 10:49:00,187.7519,187.7519,187.7519,187.7519,259.0,DEO
2023-05-08 10:45:00,187.812,187.812,187.812,187.812,290.0,DEO
2023-05-08 10:44:00,187.73,187.73,187.69,187.69,890.0,DEO
2023-05-08 10:43:00,187.74,187.74,187.74,187.74,328.0,DEO
2023-05-08 10:42:00,187.73,187.73,187.73,187.73,449.0,DEO
2023-05-08 10:41:00,187.735,187.8249,187.65,187.8249,545.0,DEO
2023-05-08 10:38:00,187.805,187.805,187.805,187.805,511.0,DEO
2023-05-08 10:37:00,187.805,187.805,187.805,187.805,306.0,DEO
2023-05-08 10:34:00,187.82,187.82,187.82,187.82,191.0,DEO
2023-05-08 10:33:00,187.8719,187.8719,187.8719,187.8719,283.0,DEO
2023-05-08 10:31:00,187.87,187.87,187.87,187.87,215.0,DEO
2023-05-08 10:26:00,187.83,188.04,187.83,188.04,723.0,DEO
2023-05-08 10:23:00,188.04,188.04,188.04,188.04,399.0,DEO
2023-05-08 10:22:00,187.93,187.93,187.93,187.93,270.0,DEO
2023-05-08 10:21:00,188.05,188.05,188.05,188.05,272.0,DEO
2023-05-08 10:20:00,187.99,187.99,187.96,187.96,217.0,DEO
2023-05-08 10:17:00,188.04,188.04,188.04,188.04,150.0,DEO
2023-05-08 10:14:00,188.045,188.045,188.045,188.045,244.0,DEO
2023-05-08 10:11:00,188.08,188.08,187.96,187.96,435.0,DEO
2023-05-08 10:10:00,187.98,187.98,187.98,187.98,638.0,DEO
2023-05-08 10:09:00,187.87,188.0132,187.87,187.87,399.0,DEO
2023-05-08 10:07:00,187.88,187.88,187.88,187.88,141.0,DEO
2023-05-08 10:06:00,188.11,188.11,188.11,188.11,491.0,DEO
2023-05-08 10:05:00,187.945,187.945,187.9318,187.945,546.0,DEO
2023-05-08 10:03:00,187.925,188.06,187.835,187.915,1606.0,DEO
2023-05-08 10:02:00,188.06,188.06,187.92,188.0,1402.0,DEO
2023-05-08 10:01:00,187.7728,188.06,187.7728,188.06,3504.0,DEO
2023-05-08 09:57:00,187.7,187.7,187.7,187.7,173.0,DEO
2023-05-08 09:42:00,187.835,187.835,187.835,187.835,201.0,DEO
2023-05-08 09:40:00,187.64,187.64,187.64,187.64,205.0,DEO
2023-05-08 09:39:00,187.4501,187.4501,187.4501,187.4501,313.0,DEO
2023-05-08 09:37:00,187.76,187.76,187.76,187.76,283.0,DEO
2023-05-08 09:33:00,187.5,187.5,187.38,187.5,3209.0,DEO
2023-05-08 08:44:00,189.88,189.88,189.88,189.88,100.0,DEO
2023-05-05 16:01:00,187.76,187.76,187.76,187.76,1509.0,DEO
2023-05-05 16:00:00,187.805,187.805,187.73,187.73,2772.0,DEO
2023-05-05 15:59:00,187.86,187.86,187.79,187.8075,2125.0,DEO
2023-05-05 15:58:00,187.88,187.89,187.85,187.89,4332.0,DEO
2023-05-05 15:57:00,187.9,187.91,187.86,187.89,2175.0,DEO
2023-05-05 15:56:00,187.89,187.9299,187.885,187.9299,1997.0,DEO
2023-05-05 15:55:00,187.89,187.89,187.865,187.87,645.0,DEO
2023-05-05 15:53:00,187.82,187.88,187.8,187.88,2345.0,DEO
2023-05-05 15:52:00,187.78,187.82,187.78,187.8,1157.0,DEO
2023-05-05 15:51:00,187.75,187.81,187.75,187.81,1984.0,DEO
2023-05-05 15:50:00,187.79,187.8,187.78,187.78,942.0,DEO
2023-05-05 15:49:00,187.75,187.75,187.75,187.75,410.0,DEO
2023-05-05 15:48:00,187.76,187.79,187.73,187.78,1914.0,DEO
2023-05-05 15:47:00,187.76,187.76,187.72,187.72,575.0,DEO
2023-05-05 15:46:00,187.77,187.77,187.73,187.73,852.0,DEO
2023-05-05 15:45:00,187.801,187.801,187.801,187.801,450.0,DEO
2023-05-05 15:44:00,187.83,187.83,187.83,187.83,322.0,DEO
2023-05-05 15:43:00,187.84,187.84,187.82,187.82,400.0,DEO
2023-05-05 15:41:00,187.905,187.93,187.85,187.895,599.0,DEO
2023-05-05 15:40:00,187.92,187.92,187.92,187.92,269.0,DEO
2023-05-05 15:39:00,188.02,188.02,188.02,188.02,329.0,DEO
2023-05-05 15:38:00,188.01,188.01,188.0,188.0,302.0,DEO
2023-05-05 15:37:00,188.17,188.17,188.101,188.101,887.0,DEO
2023-05-05 15:36:00,188.2,188.2,188.18,188.18,542.0,DEO
2023-05-05 15:35:00,188.18,188.21,188.18,188.21,961.0,DEO
2023-05-05 15:34:00,188.18,188.2,188.17,188.17,1234.0,DEO
2023-05-05 15:33:00,188.2,188.2,188.17,188.2,3318.0,DEO
2023-05-05 15:32:00,188.17,188.23,188.17,188.2,1494.0,DEO
2023-05-05 15:31:00,188.15,188.15,188.15,188.15,604.0,DEO
2023-05-05 15:30:00,188.115,188.115,188.115,188.115,164.0,DEO
2023-05-05 15:29:00,188.101,188.101,188.101,188.101,264.0,DEO
2023-05-05 15:28:00,188.14,188.14,188.14,188.14,246.0,DEO
2023-05-05 15:26:00,188.13,188.13,188.11,188.13,690.0,DEO
2023-05-05 15:25:00,188.13,188.13,188.13,188.13,211.0,DEO
2023-05-05 15:22:00,188.17,188.175,188.16,188.175,762.0,DEO
2023-05-05 15:21:00,188.15,188.15,188.15,188.15,116.0,DEO
2023-05-05 15:20:00,188.14,188.14,188.14,188.14,385.0,DEO
2023-05-05 15:19:00,188.14,188.14,188.11,188.14,422.0,DEO
2023-05-05 15:18:00,188.14,188.14,188.08,188.14,597.0,DEO
2023-05-05 15:17:00,188.11,188.11,188.11,188.11,310.0,DEO
2023-05-05 15:14:00,188.15,188.15,188.15,188.15,131.0,DEO
2023-05-05 15:13:00,188.171,188.171,188.14,188.15,698.0,DEO
2023-05-05 15:12:00,188.1194,188.1194,188.1194,188.1194,285.0,DEO
2023-05-05 15:11:00,188.11,188.18,188.11,188.18,548.0,DEO
2023-05-05 15:07:00,188.045,188.14,188.045,188.14,635.0,DEO
2023-05-05 15:05:00,188.0123,188.0123,188.0123,188.0123,159.0,DEO
2023-05-05 15:04:00,188.05,188.05,188.05,188.05,501.0,DEO
2023-05-05 15:03:00,187.975,188.02,187.975,188.02,998.0,DEO
2023-05-05 14:59:00,188.09,188.11,188.09,188.09,1253.0,DEO
2023-05-05 14:56:00,188.1542,188.1542,188.0723,188.082,584.0,DEO
2023-05-05 14:55:00,188.0,188.05,188.0,188.05,965.0,DEO
2023-05-05 14:46:00,187.92,187.94,187.92,187.94,463.0,DEO
2023-05-05 14:45:00,187.9242,187.9242,187.9242,187.9242,361.0,DEO
2023-05-05 14:42:00,187.88,187.88,187.88,187.88,511.0,DEO
2023-05-05 14:41:00,187.88,187.88,187.86,187.86,433.0,DEO
2023-05-05 14:36:00,187.8592,187.8592,187.8592,187.8592,217.0,DEO
2023-05-05 14:29:00,187.87,187.87,187.87,187.87,164.0,DEO
2023-05-05 14:28:00,187.87,187.87,187.87,187.87,504.0,DEO
2023-05-05 14:27:00,187.7801,187.7801,187.7801,187.7801,660.0,DEO
2023-05-05 14:26:00,187.7401,187.7401,187.7401,187.7401,237.0,DEO
2023-05-05 14:25:00,187.84,187.84,187.81,187.81,328.0,DEO
2023-05-05 14:22:00,187.805,187.805,187.805,187.805,288.0,DEO
2023-05-05 14:20:00,187.8,187.8083,187.8,187.8083,767.0,DEO
2023-05-05 14:17:00,187.8033,187.8033,187.8033,187.8033,166.0,DEO
2023-05-05 14:16:00,187.78,187.85,187.78,187.85,514.0,DEO
2023-05-05 14:15:00,187.77,187.77,187.77,187.77,462.0,DEO
2023-05-05 14:14:00,187.76,187.76,187.76,187.76,284.0,DEO
2023-05-05 14:13:00,187.7963,187.7963,187.775,187.775,870.0,DEO
2023-05-05 14:12:00,187.84,187.84,187.81,187.81,790.0,DEO
2023-05-05 14:07:00,187.83,187.83,187.83,187.83,105.0,DEO
2023-05-05 14:04:00,187.8485,187.8485,187.8485,187.8485,277.0,DEO
2023-05-05 14:03:00,187.78,187.8,187.78,187.8,391.0,DEO
2023-05-05 14:02:00,187.76,187.77,187.76,187.77,697.0,DEO
2023-05-05 14:01:00,187.76,187.76,187.6873,187.6873,238.0,DEO
2023-05-05 14:00:00,187.706,187.76,187.706,187.76,1495.0,DEO
2023-05-05 13:57:00,187.695,187.695,187.695,187.695,461.0,DEO
2023-05-05 13:56:00,187.67,187.69,187.67,187.69,432.0,DEO
2023-05-05 13:55:00,187.665,187.665,187.665,187.665,348.0,DEO
2023-05-05 13:53:00,187.6701,187.69,187.6701,187.69,496.0,DEO
2023-05-05 13:50:00,187.71,187.71,187.71,187.71,351.0,DEO
2023-05-05 13:48:00,187.7157,187.7157,187.7157,187.7157,211.0,DEO
2023-05-05 13:45:00,187.66,187.66,187.66,187.66,258.0,DEO
2023-05-05 13:44:00,187.63,187.69,187.63,187.66,764.0,DEO
2023-05-05 13:43:00,187.64,187.68,187.64,187.65,442.0,DEO
2023-05-05 13:42:00,187.6224,187.6224,187.6224,187.6224,143.0,DEO
2023-05-05 13:40:00,187.76,187.76,187.75,187.75,437.0,DEO
2023-05-05 13:38:00,187.815,187.815,187.78,187.78,483.0,DEO
2023-05-05 13:35:00,187.84,187.85,187.84,187.85,274.0,DEO
2023-05-05 13:33:00,187.847,187.87,187.8,187.87,1275.0,DEO
2023-05-05 13:31:00,187.845,187.845,187.845,187.845,227.0,DEO
2023-05-05 13:30:00,187.8,187.82,187.8,187.82,301.0,DEO
2023-05-05 13:28:00,187.78,187.79,187.76,187.775,1215.0,DEO
2023-05-05 13:26:00,187.6901,187.6901,187.6901,187.6901,345.0,DEO
2023-05-05 13:25:00,187.79,187.79,187.79,187.79,339.0,DEO
2023-05-05 13:21:00,187.755,187.755,187.755,187.755,281.0,DEO
2023-05-05 13:16:00,187.7707,187.7707,187.7707,187.7707,160.0,DEO
2023-05-05 13:15:00,187.78,187.78,187.78,187.78,478.0,DEO
2023-05-05 13:14:00,187.8,187.8,187.8,187.8,201.0,DEO
2023-05-05 13:12:00,187.85,187.85,187.84,187.84,541.0,DEO
2023-05-05 13:11:00,187.84,187.85,187.84,187.85,524.0,DEO
2023-05-05 13:09:00,187.8,187.8,187.8,187.8,244.0,DEO
2023-05-05 13:07:00,187.89,187.89,187.89,187.89,196.0,DEO
2023-05-05 13:06:00,187.84,187.84,187.84,187.84,302.0,DEO
2023-05-05 13:05:00,187.865,187.865,187.86,187.86,408.0,DEO
2023-05-05 13:03:00,187.8867,187.8867,187.8867,187.8867,139.0,DEO
2023-05-05 13:01:00,187.915,187.915,187.87,187.87,907.0,DEO
2023-05-05 12:56:00,187.785,187.785,187.785,187.785,224.0,DEO
2023-05-05 12:55:00,187.77,187.77,187.76,187.76,328.0,DEO
2023-05-05 12:54:00,187.775,187.775,187.775,187.775,383.0,DEO
2023-05-05 12:53:00,187.76,187.76,187.76,187.76,354.0,DEO
2023-05-05 12:52:00,187.7516,187.7516,187.7,187.74,625.0,DEO
2023-05-05 12:49:00,187.715,187.725,187.67,187.69,888.0,DEO
2023-05-05 12:45:00,187.785,187.785,187.785,187.785,164.0,DEO
2023-05-05 12:44:00,187.7,187.73,187.7,187.71,1060.0,DEO
2023-05-05 12:41:00,187.6855,187.6855,187.6855,187.6855,205.0,DEO
2023-05-05 12:40:00,187.68,187.735,187.68,187.735,291.0,DEO
2023-05-05 12:38:00,187.7,187.73,187.7,187.73,661.0,DEO
2023-05-05 12:37:00,187.63,187.63,187.63,187.63,238.0,DEO
2023-05-05 12:34:00,187.675,187.73,187.675,187.73,265.0,DEO
2023-05-05 12:32:00,187.66,187.66,187.66,187.66,197.0,DEO
2023-05-05 12:31:00,187.68,187.68,187.68,187.68,152.0,DEO
2023-05-05 12:28:00,187.71,187.71,187.64,187.64,772.0,DEO
2023-05-05 12:27:00,187.76,187.76,187.73,187.73,611.0,DEO
2023-05-05 12:26:00,187.77,187.77,187.77,187.77,594.0,DEO
2023-05-05 12:20:00,187.75,187.75,187.75,187.75,165.0,DEO
2023-05-05 12:18:00,187.68,187.73,187.68,187.72,683.0,DEO
2023-05-05 12:15:00,187.675,187.675,187.67,187.67,681.0,DEO
2023-05-05 12:13:00,187.73,187.73,187.71,187.71,453.0,DEO
2023-05-05 12:12:00,187.74,187.7404,187.71,187.71,833.0,DEO
2023-05-05 12:11:00,187.7401,187.8068,187.7401,187.8068,1058.0,DEO
2023-05-05 12:10:00,187.805,187.805,187.805,187.805,148.0,DEO
2023-05-05 12:04:00,187.7686,187.8993,187.7686,187.8692,1540.0,DEO
2023-05-05 12:00:00,187.845,187.845,187.845,187.845,289.0,DEO
2023-05-05 11:59:00,187.83,187.83,187.83,187.83,153.0,DEO
2023-05-05 11:57:00,187.74,187.74,187.71,187.71,1302.0,DEO
2023-05-05 11:56:00,187.74,187.74,187.74,187.74,144.0,DEO
2023-05-05 11:55:00,187.78,187.79,187.78,187.79,1066.0,DEO
2023-05-05 11:54:00,187.77,187.77,187.77,187.77,773.0,DEO
2023-05-05 11:53:00,187.81,187.81,187.75,187.75,960.0,DEO
2023-05-05 11:52:00,187.8,187.8,187.8,187.8,298.0,DEO
2023-05-05 11:49:00,187.85,187.85,187.75,187.79,451.0,DEO
2023-05-05 11:48:00,187.84,187.84,187.84,187.84,132.0,DEO
2023-05-05 11:46:00,187.74,187.74,187.74,187.74,352.0,DEO
2023-05-05 11:42:00,187.8469,187.8469,187.72,187.72,754.0,DEO
2023-05-05 11:41:00,187.74,187.74,187.715,187.715,208.0,DEO
2023-05-05 11:40:00,187.735,187.7882,187.68,187.7805,4706.0,DEO
2023-05-05 11:37:00,187.74,187.74,187.74,187.74,340.0,DEO
2023-05-05 11:36:00,187.81,187.8265,187.81,187.8265,539.0,DEO
2023-05-05 11:35:00,187.83,187.83,187.8134,187.8134,569.0,DEO
2023-05-05 11:32:00,187.9,187.9,187.9,187.9,354.0,DEO
2023-05-05 11:28:00,187.79,187.79,187.76,187.78,4123.0,DEO
2023-05-05 11:27:00,187.74,187.74,187.72,187.72,368.0,DEO
2023-05-05 11:26:00,187.76,187.79,187.75,187.75,520.0,DEO
2023-05-05 11:23:00,187.7225,187.755,187.71,187.755,464.0,DEO
2023-05-05 11:21:00,187.785,187.785,187.785,187.785,114.0,DEO
2023-05-05 11:18:00,187.84,187.84,187.84,187.84,546.0,DEO
2023-05-05 11:15:00,187.81,187.81,187.81,187.81,447.0,DEO
2023-05-05 11:14:00,187.77,187.77,187.77,187.77,585.0,DEO
2023-05-05 11:12:00,187.69,187.69,187.69,187.69,272.0,DEO
2023-05-05 11:11:00,187.66,187.73,187.66,187.73,403.0,DEO
2023-05-05 11:10:00,187.7,187.7,187.65,187.65,3325.0,DEO
2023-05-05 11:09:00,187.71,187.71,187.7,187.7,471.0,DEO
2023-05-05 11:08:00,187.72,187.72,187.69,187.7,4045.0,DEO
2023-05-05 11:07:00,187.76,187.76,187.74,187.74,1782.0,DEO
2023-05-05 11:05:00,187.69,187.7,187.69,187.69,1227.0,DEO
2023-05-05 11:04:00,187.655,187.665,187.655,187.665,540.0,DEO
2023-05-05 11:03:00,187.61,187.68,187.61,187.64,2026.0,DEO
2023-05-05 11:02:00,187.62,187.62,187.62,187.62,308.0,DEO
2023-05-05 11:00:00,187.66,187.66,187.62,187.62,504.0,DEO
2023-05-05 10:59:00,187.58,187.58,187.58,187.58,205.0,DEO
2023-05-05 10:58:00,187.65,187.67,187.6,187.6,2148.0,DEO
2023-05-05 10:57:00,187.58,187.63,187.58,187.63,1400.0,DEO
2023-05-05 10:56:00,187.6,187.6,187.6,187.6,418.0,DEO
2023-05-05 10:55:00,187.63,187.63,187.63,187.63,481.0,DEO
2023-05-05 10:54:00,187.58,187.62,187.58,187.62,549.0,DEO
2023-05-05 10:53:00,187.52,187.58,187.52,187.58,612.0,DEO
2023-05-05 10:52:00,187.56,187.57,187.56,187.57,1071.0,DEO
2023-05-05 10:51:00,187.52,187.52,187.48,187.48,315.0,DEO
2023-05-05 10:50:00,187.5492,187.5492,187.5492,187.5492,362.0,DEO
2023-05-05 10:47:00,187.42,187.5,187.4,187.5,2448.0,DEO
2023-05-05 10:46:00,187.44,187.44,187.44,187.44,400.0,DEO
2023-05-05 10:44:00,187.31,187.33,187.285,187.33,1026.0,DEO
2023-05-05 10:43:00,187.25,187.25,187.25,187.25,493.0,DEO
2023-05-05 10:41:00,187.295,187.295,187.295,187.295,196.0,DEO
2023-05-05 10:40:00,187.19,187.26,187.19,187.25,1719.0,DEO
2023-05-05 10:39:00,187.24,187.26,187.24,187.26,670.0,DEO
2023-05-05 10:38:00,187.28,187.28,187.28,187.28,752.0,DEO
2023-05-05 10:32:00,187.26,187.26,187.26,187.26,952.0,DEO
2023-05-05 10:31:00,187.29,187.29,187.26,187.29,757.0,DEO
2023-05-05 10:30:00,187.3,187.3,187.29,187.29,1069.0,DEO
2023-05-05 10:28:00,187.25,187.28,187.245,187.245,1182.0,DEO
2023-05-05 10:27:00,187.365,187.365,187.265,187.265,1495.0,DEO
2023-05-05 10:25:00,187.38,187.425,187.38,187.38,807.0,DEO
2023-05-05 10:24:00,187.325,187.36,187.32,187.32,966.0,DEO
2023-05-05 10:23:00,187.3701,187.3701,187.3,187.3557,4581.0,DEO
2023-05-05 10:22:00,187.36,187.36,187.36,187.36,611.0,DEO
2023-05-05 10:21:00,187.325,187.3646,187.325,187.3646,339.0,DEO
2023-05-05 10:20:00,187.343,187.343,187.33,187.33,822.0,DEO
2023-05-05 10:18:00,187.28,187.28,187.25,187.28,2383.0,DEO
2023-05-05 10:16:00,187.085,187.17,187.085,187.17,611.0,DEO
2023-05-05 10:15:00,187.05,187.08,187.0201,187.0201,1838.0,DEO
2023-05-05 10:14:00,187.08,187.08,187.07,187.07,686.0,DEO
2023-05-05 10:12:00,186.9693,186.9693,186.96,186.96,674.0,DEO
2023-05-05 10:11:00,186.91,186.91,186.91,186.91,365.0,DEO
2023-05-05 10:09:00,186.89,186.93,186.88,186.93,1738.0,DEO
2023-05-05 10:07:00,186.9461,186.9461,186.9461,186.9461,371.0,DEO
2023-05-05 10:06:00,186.95,186.95,186.94,186.94,419.0,DEO
2023-05-05 10:05:00,186.96,186.99,186.96,186.99,780.0,DEO
2023-05-05 10:04:00,186.92,186.93,186.92,186.93,1099.0,DEO
2023-05-05 10:03:00,186.93,186.93,186.93,186.93,1185.0,DEO
2023-05-05 10:02:00,186.92,186.92,186.88,186.91,2686.0,DEO
2023-05-05 09:59:00,186.84,186.84,186.84,186.84,587.0,DEO
2023-05-05 09:58:00,186.8,186.8,186.8,186.8,346.0,DEO
2023-05-05 09:55:00,186.655,186.655,186.655,186.655,457.0,DEO
2023-05-05 09:54:00,186.66,186.66,186.66,186.66,483.0,DEO
2023-05-05 09:53:00,186.66,186.66,186.61,186.64,1173.0,DEO
2023-05-05 09:52:00,186.61,186.61,186.61,186.61,254.0,DEO
2023-05-05 09:51:00,186.64,186.65,186.64,186.65,675.0,DEO
2023-05-05 09:50:00,186.6,186.66,186.6,186.66,913.0,DEO
2023-05-05 09:49:00,186.45,186.5,186.45,186.5,860.0,DEO
2023-05-05 09:48:00,186.367,186.367,186.367,186.367,1161.0,DEO
2023-05-05 09:47:00,186.43,186.43,186.36,186.39,4294.0,DEO
2023-05-05 09:46:00,186.47,186.47,186.44,186.44,553.0,DEO
2023-05-05 09:45:00,186.44,186.44,186.43,186.43,820.0,DEO
2023-05-05 09:44:00,186.58,186.59,186.5,186.5,2821.0,DEO
2023-05-05 09:41:00,186.558,186.56,186.52,186.56,739.0,DEO
2023-05-05 09:40:00,186.51,186.52,186.46,186.52,673.0,DEO
2023-05-05 09:39:00,186.4332,186.4332,186.4332,186.4332,357.0,DEO
2023-05-05 09:37:00,186.6,186.6,186.56,186.56,1232.0,DEO
2023-05-05 09:36:00,186.73,186.76,186.635,186.635,822.0,DEO
2023-05-05 09:35:00,186.86,186.86,186.78,186.78,466.0,DEO
2023-05-05 09:34:00,187.03,187.04,186.93,186.93,3888.0,DEO
2023-05-05 09:33:00,187.01,187.01,186.96,187.01,473.0,DEO
2023-05-05 09:32:00,186.91,187.0,186.91,186.99,1461.0,DEO
2023-05-05 09:31:00,186.77,186.85,186.76,186.805,1361.0,DEO
2023-05-05 08:51:00,186.36,186.36,186.36,186.36,259.0,DEO
2023-05-05 08:31:00,185.77,185.83,185.73,185.81,1018.0,DEO
2023-05-05 04:02:00,186.99,187.0,186.96,187.0,601.0,DEO
2023-05-04 16:01:00,187.01,187.01,187.01,187.01,1174.0,DEO
2023-05-04 16:00:00,186.97,187.03,186.951,187.01,3811.0,DEO
2023-05-04 15:59:00,186.985,187.0,186.96,187.0,2422.0,DEO
2023-05-04 15:58:00,186.99,186.99,186.95,186.96,1835.0,DEO
2023-05-04 15:57:00,186.99,187.0,186.97,186.97,1341.0,DEO
2023-05-04 15:56:00,186.92,187.015,186.92,187.015,1787.0,DEO
2023-05-04 15:55:00,187.115,187.12,187.045,187.045,2024.0,DEO
2023-05-04 15:54:00,187.06,187.11,187.06,187.11,693.0,DEO
2023-05-04 15:53:00,186.98,186.99,186.98,186.99,957.0,DEO
2023-05-04 15:52:00,186.94,186.94,186.94,186.94,466.0,DEO
2023-05-04 15:51:00,187.02,187.02,186.965,187.02,676.0,DEO
2023-05-04 15:50:00,187.03,187.04,187.0,187.0,739.0,DEO
2023-05-04 15:49:00,186.99,186.99,186.99,186.99,425.0,DEO
2023-05-04 15:48:00,186.9,187.005,186.9,187.005,1412.0,DEO
2023-05-04 15:47:00,186.86,186.86,186.83,186.86,486.0,DEO
2023-05-04 15:46:00,186.86,186.9,186.86,186.9,685.0,DEO
2023-05-04 15:45:00,186.98,186.98,186.88,186.88,1185.0,DEO
2023-05-04 15:44:00,186.96,186.96,186.96,186.96,251.0,DEO
2023-05-04 15:43:00,187.05,187.05,187.01,187.01,952.0,DEO
2023-05-04 15:42:00,186.998,187.13,186.998,187.105,1399.0,DEO
2023-05-04 15:41:00,186.99,187.05,186.96,187.05,2577.0,DEO
2023-05-04 15:40:00,187.02,187.04,187.02,187.04,813.0,DEO
2023-05-04 15:39:00,187.045,187.045,187.0,187.005,1160.0,DEO
2023-05-04 15:38:00,187.04,187.06,187.04,187.06,407.0,DEO
2023-05-04 15:37:00,186.95,187.01,186.93,187.01,1990.0,DEO
2023-05-04 15:36:00,186.99,186.99,186.95,186.95,1308.0,DEO
2023-05-04 15:35:00,186.91,186.96,186.91,186.955,2512.0,DEO
2023-05-04 15:34:00,186.9,186.924,186.9,186.9,490.0,DEO
2023-05-04 15:33:00,186.89,186.9,186.89,186.9,594.0,DEO
2023-05-04 15:32:00,186.87,186.89,186.87,186.89,1190.0,DEO
2023-05-04 15:31:00,186.82,186.83,186.82,186.83,884.0,DEO
2023-05-04 15:30:00,186.76,186.795,186.76,186.77,763.0,DEO
2023-05-04 15:29:00,186.73,186.73,186.73,186.73,202.0,DEO
2023-05-04 15:28:00,186.73,186.73,186.73,186.73,325.0,DEO
2023-05-04 15:27:00,186.73,186.73,186.73,186.73,361.0,DEO
2023-05-04 15:26:00,186.681,186.75,186.681,186.75,614.0,DEO
2023-05-04 15:25:00,186.7,186.7,186.7,186.7,338.0,DEO
2023-05-04 15:24:00,186.7,186.7,186.7,186.7,922.0,DEO
2023-05-04 15:23:00,186.69,186.69,186.63,186.645,642.0,DEO
2023-05-04 15:22:00,186.588,186.588,186.588,186.588,822.0,DEO
2023-05-04 15:21:00,186.65,186.6847,186.65,186.6847,1257.0,DEO
2023-05-04 15:20:00,186.6,186.645,186.6,186.645,1877.0,DEO
2023-05-04 15:19:00,186.595,186.595,186.56,186.565,1859.0,DEO
2023-05-04 15:18:00,186.62,186.62,186.62,186.62,169.0,DEO
2023-05-04 15:17:00,186.62,186.62,186.62,186.62,245.0,DEO
2023-05-04 15:16:00,186.72,186.77,186.61,186.61,2109.0,DEO
2023-05-04 15:15:00,186.72,186.74,186.72,186.74,338.0,DEO
2023-05-04 15:14:00,186.78,186.78,186.72,186.73,828.0,DEO
2023-05-04 15:13:00,186.82,186.86,186.8,186.8,1421.0,DEO
2023-05-04 15:12:00,186.88,186.88,186.88,186.88,151.0,DEO
2023-05-04 15:11:00,186.86,186.88,186.84,186.84,1438.0,DEO
2023-05-04 15:10:00,186.92,186.92,186.88,186.88,1312.0,DEO
2023-05-04 15:09:00,186.89,186.92,186.865,186.92,1503.0,DEO
2023-05-04 15:08:00,186.915,187.01,186.91,186.93,3128.0,DEO
2023-05-04 15:07:00,186.9,186.93,186.89,186.915,2381.0,DEO
2023-05-04 15:06:00,186.92,186.92,186.91,186.91,789.0,DEO
2023-05-04 15:04:00,186.87,186.87,186.87,186.87,173.0,DEO
2023-05-04 15:01:00,186.81,186.8341,186.81,186.8341,993.0,DEO
2023-05-04 14:56:00,186.76,186.76,186.76,186.76,419.0,DEO
2023-05-04 14:54:00,186.78,186.8,186.78,186.8,930.0,DEO
2023-05-04 14:53:00,186.74,186.74,186.74,186.74,287.0,DEO
2023-05-04 14:52:00,186.71,186.79,186.71,186.77,1047.0,DEO
2023-05-04 14:51:00,186.785,186.8,186.745,186.745,938.0,DEO
2023-05-04 14:50:00,186.83,186.84,186.785,186.805,796.0,DEO
2023-05-04 14:48:00,186.8,186.87,186.8,186.82,364.0,DEO
2023-05-04 14:47:00,186.86,186.9,186.83,186.87,1122.0,DEO
2023-05-04 14:46:00,186.77,186.77,186.77,186.77,795.0,DEO
2023-05-04 14:42:00,186.8,186.8,186.785,186.785,410.0,DEO
2023-05-04 14:41:00,186.8,186.8,186.8,186.8,260.0,DEO
2023-05-04 14:39:00,186.91,186.91,186.81,186.855,2882.0,DEO
2023-05-04 14:38:00,186.93,186.93,186.9093,186.9093,427.0,DEO
2023-05-04 14:37:00,186.92,186.92,186.92,186.92,541.0,DEO
2023-05-04 14:36:00,186.78,186.96,186.76,186.925,1108.0,DEO
2023-05-04 14:35:00,186.75,186.77,186.75,186.77,947.0,DEO
2023-05-04 14:34:00,186.75,186.75,186.71,186.71,324.0,DEO
2023-05-04 14:32:00,186.71,186.71,186.66,186.7,725.0,DEO
2023-05-04 14:31:00,186.76,186.76,186.755,186.76,1208.0,DEO
2023-05-04 14:29:00,186.82,186.83,186.82,186.83,666.0,DEO
2023-05-04 14:28:00,186.81,186.81,186.81,186.81,126.0,DEO
2023-05-04 14:26:00,186.9,186.9,186.9,186.9,521.0,DEO
2023-05-04 14:25:00,186.93,186.94,186.91,186.925,1844.0,DEO
2023-05-04 14:24:00,186.93,186.93,186.89,186.9,757.0,DEO
2023-05-04 14:23:00,186.9,186.91,186.9,186.9091,899.0,DEO
2023-05-04 14:22:00,186.91,186.92,186.91,186.92,380.0,DEO
2023-05-04 14:21:00,186.955,186.955,186.91,186.91,231.0,DEO
2023-05-04 14:20:00,186.9356,186.955,186.91,186.91,439.0,DEO
2023-05-04 14:19:00,187.02,187.02,186.91,186.96,2217.0,DEO
2023-05-04 14:18:00,186.99,187.01,186.99,186.99,1284.0,DEO
2023-05-04 14:16:00,187.0,187.0,187.0,187.0,101.0,DEO
2023-05-04 14:15:00,187.0,187.01,186.955,187.0,1218.0,DEO
2023-05-04 14:14:00,186.955,186.9584,186.955,186.9584,283.0,DEO
2023-05-04 14:13:00,186.9906,186.9906,186.94,186.955,867.0,DEO
2023-05-04 14:12:00,187.03,187.03,186.98,186.98,555.0,DEO
2023-05-04 14:11:00,187.01,187.035,187.01,187.035,880.0,DEO
2023-05-04 14:09:00,186.925,186.925,186.925,186.925,140.0,DEO
2023-05-04 14:08:00,186.93,186.93,186.92,186.93,1205.0,DEO
2023-05-04 14:07:00,186.9,186.9,186.815,186.87,1243.0,DEO
2023-05-04 14:06:00,186.88,186.93,186.86,186.93,1794.0,DEO
2023-05-04 14:05:00,186.76,186.8,186.69,186.8,1715.0,DEO
2023-05-04 14:02:00,186.905,186.905,186.83,186.83,4517.0,DEO
2023-05-04 14:01:00,186.98,186.98,186.98,186.98,721.0,DEO
2023-05-04 14:00:00,187.015,187.015,187.015,187.015,230.0,DEO
2023-05-04 13:58:00,186.975,187.02,186.975,186.975,449.0,DEO
2023-05-04 13:56:00,187.025,187.07,187.025,187.07,464.0,DEO
2023-05-04 13:55:00,187.06,187.06,187.06,187.06,154.0,DEO
2023-05-04 13:54:00,186.96,187.04,186.96,187.04,1651.0,DEO
2023-05-04 13:53:00,186.96,186.96,186.89,186.96,1585.0,DEO
2023-05-04 13:52:00,186.98,187.01,186.97,186.99,1291.0,DEO
2023-05-04 13:51:00,187.04,187.04,187.02,187.02,429.0,DEO
2023-05-04 13:50:00,187.02,187.02,187.02,187.02,588.0,DEO
2023-05-04 13:49:00,186.97,186.97,186.97,186.97,101.0,DEO
2023-05-04 13:48:00,187.0,187.0,186.9617,186.98,486.0,DEO
2023-05-04 13:47:00,187.03,187.04,187.03,187.03,449.0,DEO
2023-05-04 13:46:00,187.09,187.11,187.085,187.085,958.0,DEO
2023-05-04 13:43:00,187.14,187.18,187.11,187.14,2765.0,DEO
2023-05-04 13:42:00,187.15,187.18,187.1,187.11,7021.0,DEO
2023-05-04 13:41:00,187.23,187.23,187.16,187.17,993.0,DEO
2023-05-04 13:40:00,187.2,187.26,187.15,187.23,7379.0,DEO
2023-05-04 13:39:00,187.27,187.29,187.22,187.22,4260.0,DEO
2023-05-04 13:36:00,187.45,187.45,187.33,187.38,2408.0,DEO
2023-05-04 13:35:00,187.61,187.61,187.39,187.45,7176.0,DEO
2023-05-04 13:33:00,187.6,187.645,187.585,187.645,1486.0,DEO
2023-05-04 13:32:00,187.58,187.58,187.54,187.57,1364.0,DEO
2023-05-04 13:31:00,187.58,187.62,187.55,187.555,7093.0,DEO
2023-05-04 13:30:00,187.58,187.58,187.57,187.57,422.0,DEO
2023-05-04 13:29:00,187.625,187.625,187.625,187.625,235.0,DEO
2023-05-04 13:28:00,187.59,187.62,187.59,187.59,924.0,DEO
2023-05-04 13:27:00,187.69,187.69,187.605,187.64,1577.0,DEO
2023-05-04 13:26:00,187.705,187.705,187.705,187.705,100.0,DEO
2023-05-04 13:25:00,187.67,187.69,187.67,187.69,286.0,DEO
2023-05-04 13:24:00,187.71,187.71,187.705,187.71,877.0,DEO
2023-05-04 13:23:00,187.695,187.76,187.695,187.735,4111.0,DEO
2023-05-04 13:22:00,187.6859,187.74,187.63,187.63,3258.0,DEO
2023-05-04 13:21:00,187.69,187.75,187.62,187.665,2158.0,DEO
2023-05-04 13:20:00,187.65,187.71,187.65,187.68,1803.0,DEO
2023-05-04 13:19:00,187.8,187.8,187.7,187.7,1133.0,DEO
2023-05-04 13:18:00,187.8,187.8,187.8,187.8,449.0,DEO
2023-05-04 13:17:00,187.72,187.72,187.72,187.72,169.0,DEO
2023-05-04 13:16:00,187.81,187.81,187.81,187.81,473.0,DEO
2023-05-04 13:13:00,187.92,187.92,187.92,187.92,622.0,DEO
2023-05-04 13:10:00,187.78,187.847,187.78,187.847,593.0,DEO
2023-05-04 13:08:00,187.72,187.72,187.71,187.71,869.0,DEO
2023-05-04 13:07:00,187.74,187.77,187.6907,187.74,1811.0,DEO
2023-05-04 13:04:00,187.77,187.77,187.77,187.77,285.0,DEO
2023-05-04 13:02:00,187.6605,187.6605,187.6605,187.6605,590.0,DEO
2023-05-04 13:00:00,187.58,187.86,187.58,187.7,3805.0,DEO
2023-05-04 12:59:00,187.57,187.57,187.57,187.57,501.0,DEO
2023-05-04 12:58:00,187.57,187.57,187.57,187.57,405.0,DEO
2023-05-04 12:57:00,187.62,187.67,187.61,187.62,1248.0,DEO
2023-05-04 12:56:00,187.6,187.68,187.58,187.61,2328.0,DEO
2023-05-04 12:54:00,187.56,187.56,187.52,187.54,2039.0,DEO
2023-05-04 12:53:00,187.635,187.635,187.56,187.575,1189.0,DEO
2023-05-04 12:52:00,187.56,187.56,187.56,187.56,1067.0,DEO
2023-05-04 12:51:00,187.58,187.58,187.56,187.56,662.0,DEO
2023-05-04 12:48:00,187.61,187.61,187.58,187.61,849.0,DEO
2023-05-04 12:47:00,187.55,187.55,187.55,187.55,171.0,DEO
2023-05-04 12:46:00,187.54,187.54,187.54,187.54,201.0,DEO
2023-05-04 12:45:00,187.52,187.54,187.52,187.54,484.0,DEO
2023-05-04 12:42:00,187.52,187.53,187.52,187.53,231.0,DEO
2023-05-04 12:40:00,187.52,187.52,187.52,187.52,118.0,DEO
2023-05-04 12:39:00,187.51,187.51,187.47,187.47,1380.0,DEO
2023-05-04 12:37:00,187.545,187.545,187.545,187.545,145.0,DEO
2023-05-04 12:35:00,187.55,187.55,187.55,187.55,103.0,DEO
2023-05-04 12:33:00,187.55,187.55,187.55,187.55,138.0,DEO
2023-05-04 12:32:00,187.5675,187.61,187.52,187.52,1042.0,DEO
2023-05-04 12:31:00,187.54,187.54,187.54,187.54,137.0,DEO
2023-05-04 12:30:00,187.5,187.52,187.5,187.51,1080.0,DEO
2023-05-04 12:29:00,187.48,187.54,187.44,187.49,1960.0,DEO
2023-05-04 12:28:00,187.49,187.49,187.49,187.49,188.0,DEO
2023-05-04 12:27:00,187.49,187.49,187.49,187.49,252.0,DEO
2023-05-04 12:26:00,187.51,187.51,187.51,187.51,302.0,DEO
2023-05-04 12:25:00,187.5089,187.51,187.46,187.46,379.0,DEO
2023-05-04 12:22:00,187.3601,187.55,187.3601,187.5,3817.0,DEO
2023-05-04 12:19:00,187.43,187.43,187.43,187.43,162.0,DEO
2023-05-04 12:18:00,187.41,187.41,187.41,187.41,150.0,DEO
2023-05-04 12:17:00,187.34,187.44,187.33,187.44,1689.0,DEO
2023-05-04 12:16:00,187.44,187.44,187.2902,187.34,5320.0,DEO
2023-05-04 12:15:00,187.37,187.49,187.37,187.395,1364.0,DEO
2023-05-04 12:14:00,187.32,187.33,187.32,187.33,1234.0,DEO
2023-05-04 12:13:00,187.27,187.27,187.27,187.27,106.0,DEO
2023-05-04 12:12:00,187.335,187.335,187.25,187.27,5055.0,DEO
2023-05-04 12:11:00,187.318,187.33,187.318,187.33,309.0,DEO
2023-05-04 12:10:00,187.3217,187.3217,187.3217,187.3217,239.0,DEO
2023-05-04 12:09:00,187.35,187.35,187.2911,187.3121,2619.0,DEO
2023-05-04 12:08:00,187.38,187.38,187.38,187.38,1028.0,DEO
2023-05-04 12:07:00,187.35,187.38,187.35,187.38,541.0,DEO
2023-05-04 12:04:00,187.31,187.31,187.31,187.31,362.0,DEO
2023-05-04 12:03:00,187.36,187.36,187.36,187.36,182.0,DEO
2023-05-04 12:01:00,187.365,187.365,187.365,187.365,202.0,DEO
2023-05-04 11:56:00,187.3482,187.48,187.3482,187.48,3042.0,DEO
2023-05-04 11:53:00,187.42,187.42,187.42,187.42,476.0,DEO
2023-05-04 11:51:00,187.41,187.41,187.39,187.41,483.0,DEO
2023-05-04 11:49:00,187.39,187.4044,187.3716,187.4,1206.0,DEO
2023-05-04 11:48:00,187.435,187.435,187.435,187.435,239.0,DEO
2023-05-04 11:47:00,187.39,187.39,187.365,187.365,389.0,DEO
2023-05-04 11:46:00,187.39,187.39,187.39,187.39,182.0,DEO
2023-05-04 11:45:00,187.4,187.47,187.35,187.39,997.0,DEO
2023-05-04 11:44:00,187.53,187.54,187.47,187.5,700.0,DEO
2023-05-04 11:43:00,187.5,187.55,187.46,187.51,1533.0,DEO
2023-05-04 11:42:00,187.52,187.57,187.52,187.57,511.0,DEO
2023-05-04 11:41:00,187.59,187.59,187.5154,187.57,1111.0,DEO
2023-05-04 11:40:00,187.52,187.52,187.52,187.52,171.0,DEO
2023-05-04 11:39:00,187.525,187.525,187.525,187.525,163.0,DEO
2023-05-04 11:38:00,187.46,187.505,187.46,187.505,277.0,DEO
2023-05-04 11:37:00,187.51,187.55,187.51,187.54,1610.0,DEO
2023-05-04 11:36:00,187.59,187.59,187.47,187.47,1494.0,DEO
2023-05-04 11:35:00,187.53,187.59,187.53,187.59,1515.0,DEO
2023-05-04 11:34:00,187.54,187.6,187.54,187.59,1361.0,DEO
2023-05-04 11:33:00,187.57,187.57,187.46,187.5414,1002.0,DEO
2023-05-04 11:32:00,187.5861,187.65,187.551,187.575,2739.0,DEO
2023-05-04 11:31:00,187.56,187.5864,187.56,187.58,365.0,DEO
2023-05-04 11:30:00,187.64,187.64,187.64,187.64,1390.0,DEO
2023-05-04 11:29:00,187.79,187.79,187.75,187.7795,704.0,DEO
2023-05-04 11:28:00,187.82,187.82,187.79,187.79,1634.0,DEO
2023-05-04 11:27:00,187.73,187.79,187.73,187.79,2504.0,DEO
2023-05-04 11:25:00,187.65,187.68,187.65,187.68,826.0,DEO
2023-05-04 11:23:00,187.71,187.74,187.67,187.67,2056.0,DEO
2023-05-04 11:22:00,187.78,187.78,187.74,187.74,1238.0,DEO
2023-05-04 11:21:00,187.78,187.78,187.7767,187.7767,1625.0,DEO
2023-05-04 11:19:00,187.73,187.73,187.66,187.66,2110.0,DEO
2023-05-04 11:18:00,187.73,187.76,187.73,187.76,1035.0,DEO
2023-05-04 11:17:00,187.7,187.7,187.7,187.7,1872.0,DEO
2023-05-04 11:16:00,187.8,187.8,187.8,187.8,165.0,DEO
2023-05-04 11:15:00,187.76,187.77,187.76,187.77,640.0,DEO
2023-05-04 11:14:00,187.84,187.84,187.77,187.795,453.0,DEO
2023-05-04 11:12:00,187.68,187.72,187.68,187.72,1123.0,DEO
2023-05-04 11:11:00,187.74,187.74,187.67,187.67,1090.0,DEO
2023-05-04 11:10:00,187.72,187.755,187.72,187.755,545.0,DEO
2023-05-04 11:09:00,187.69,187.69,187.69,187.69,697.0,DEO
2023-05-04 11:08:00,187.64,187.64,187.54,187.64,1510.0,DEO
2023-05-04 11:06:00,187.64,187.66,187.64,187.66,676.0,DEO
2023-05-04 11:05:00,187.72,187.72,187.72,187.72,290.0,DEO
2023-05-04 11:04:00,187.73,187.73,187.7,187.7,1532.0,DEO
2023-05-04 11:03:00,187.86,187.86,187.75,187.78,2120.0,DEO
2023-05-04 11:02:00,188.03,188.03,187.95,187.95,1667.0,DEO
2023-05-04 11:01:00,188.05,188.05,188.05,188.05,579.0,DEO
2023-05-04 11:00:00,188.1,188.1,188.01,188.07,2054.0,DEO
2023-05-04 10:59:00,187.9,188.03,187.89,188.03,1574.0,DEO
2023-05-04 10:58:00,187.79,187.85,187.78,187.82,1745.0,DEO
2023-05-04 10:57:00,187.87,187.87,187.87,187.87,186.0,DEO
2023-05-04 10:56:00,187.905,187.905,187.905,187.905,274.0,DEO
2023-05-04 10:53:00,187.99,187.9907,187.99,187.9907,749.0,DEO
2023-05-04 10:52:00,187.73,187.82,187.73,187.82,1299.0,DEO
2023-05-04 10:51:00,187.74,187.74,187.7,187.7,2423.0,DEO
2023-05-04 10:50:00,187.595,187.6,187.5861,187.6,1890.0,DEO
2023-05-04 10:49:00,187.65,187.65,187.6,187.6,1116.0,DEO
2023-05-04 10:48:00,187.71,187.75,187.62,187.64,1791.0,DEO
2023-05-04 10:47:00,187.77,187.8337,187.71,187.75,4254.0,DEO
2023-05-04 10:45:00,187.7251,187.7686,187.69,187.69,694.0,DEO
2023-05-04 10:44:00,187.675,187.7,187.675,187.7,1092.0,DEO
2023-05-04 10:43:00,187.64,187.71,187.64,187.71,545.0,DEO
2023-05-04 10:41:00,187.57,187.57,187.57,187.57,874.0,DEO
2023-05-04 10:40:00,187.51,187.59,187.51,187.59,645.0,DEO
2023-05-04 10:39:00,187.44,187.48,187.44,187.48,884.0,DEO
2023-05-04 10:37:00,187.56,187.56,187.56,187.56,444.0,DEO
2023-05-04 10:36:00,187.56,187.6,187.56,187.6,626.0,DEO
2023-05-04 10:35:00,187.43,187.43,187.43,187.43,215.0,DEO
2023-05-04 10:34:00,187.4961,187.4961,187.49,187.49,1149.0,DEO
2023-05-04 10:33:00,187.5,187.5,187.5,187.5,340.0,DEO
2023-05-04 10:32:00,187.53,187.53,187.53,187.53,470.0,DEO
2023-05-04 10:31:00,187.58,187.58,187.4756,187.4756,741.0,DEO
2023-05-04 10:30:00,187.615,187.615,187.615,187.615,304.0,DEO
2023-05-04 10:28:00,187.88,187.88,187.8,187.8,2560.0,DEO
2023-05-04 10:27:00,187.79,187.9467,187.79,187.9,825.0,DEO
2023-05-04 10:26:00,187.81,187.84,187.78,187.78,2171.0,DEO
2023-05-04 10:25:00,187.7,187.73,187.7,187.73,974.0,DEO
2023-05-04 10:23:00,187.65,187.67,187.65,187.67,855.0,DEO
2023-05-04 10:21:00,187.4,187.44,187.4,187.44,638.0,DEO
2023-05-04 10:20:00,187.5,187.5,187.5,187.5,282.0,DEO
2023-05-04 10:19:00,187.34,187.54,187.34,187.5199,823.0,DEO
2023-05-04 10:18:00,187.41,187.41,187.25,187.34,4002.0,DEO
2023-05-04 10:17:00,187.58,187.58,187.43,187.43,2149.0,DEO
2023-05-04 10:16:00,187.54,187.54,187.5,187.51,686.0,DEO
2023-05-04 10:15:00,187.5,187.5,187.48,187.48,1328.0,DEO
2023-05-04 10:14:00,187.5,187.5,187.5,187.5,455.0,DEO
2023-05-04 10:13:00,187.55,187.55,187.55,187.55,394.0,DEO
2023-05-04 10:12:00,187.605,187.605,187.605,187.605,304.0,DEO
2023-05-04 10:10:00,187.61,187.61,187.6,187.61,1503.0,DEO
2023-05-04 10:09:00,187.655,187.66,187.6,187.6,3849.0,DEO
2023-05-04 10:08:00,187.63,187.66,187.61,187.66,1087.0,DEO
2023-05-04 10:07:00,187.6575,187.6575,187.6575,187.6575,137.0,DEO
2023-05-04 10:05:00,187.815,187.815,187.815,187.815,515.0,DEO
2023-05-04 10:04:00,187.84,187.87,187.83,187.83,2021.0,DEO
2023-05-04 10:03:00,187.77,187.77,187.77,187.77,527.0,DEO
2023-05-04 10:02:00,187.72,187.72,187.7,187.71,931.0,DEO
2023-05-04 10:01:00,187.47,187.52,187.47,187.51,1618.0,DEO
2023-05-04 10:00:00,187.44,187.44,187.44,187.44,273.0,DEO
2023-05-04 09:59:00,187.2,187.28,187.19,187.28,1172.0,DEO
2023-05-04 09:58:00,187.19,187.19,187.12,187.12,1070.0,DEO
2023-05-04 09:57:00,187.2,187.2,187.2,187.2,396.0,DEO
2023-05-04 09:56:00,187.2,187.24,187.16,187.24,2946.0,DEO
2023-05-04 09:55:00,187.09,187.12,187.09,187.09,1531.0,DEO
2023-05-04 09:54:00,187.01,187.01,187.01,187.01,781.0,DEO
2023-05-04 09:53:00,187.12,187.17,186.9796,186.9796,2736.0,DEO
2023-05-04 09:52:00,187.07,187.12,187.04,187.11,4013.0,DEO
2023-05-04 09:50:00,187.01,187.03,186.99,187.03,890.0,DEO
2023-05-04 09:49:00,187.07,187.07,187.01,187.01,371.0,DEO
2023-05-04 09:48:00,187.03,187.14,187.03,187.13,2572.0,DEO
2023-05-04 09:47:00,187.06,187.06,186.99,186.99,1263.0,DEO
2023-05-04 09:46:00,187.1208,187.1208,186.99,187.03,2411.0,DEO
2023-05-04 09:45:00,187.1057,187.1057,187.1057,187.1057,683.0,DEO
2023-05-04 09:44:00,187.1627,187.19,187.08,187.08,1895.0,DEO
2023-05-04 09:43:00,187.15,187.15,187.15,187.15,194.0,DEO
2023-05-04 09:42:00,187.23,187.23,187.18,187.2,967.0,DEO
2023-05-04 09:41:00,187.24,187.24,187.24,187.24,472.0,DEO
2023-05-04 09:40:00,187.43,187.43,187.37,187.37,1069.0,DEO
2023-05-04 09:39:00,187.45,187.45,187.45,187.45,171.0,DEO
2023-05-04 09:38:00,187.2,187.35,187.2,187.35,769.0,DEO
2023-05-04 09:37:00,187.2294,187.2294,187.2294,187.2294,261.0,DEO
2023-05-04 09:36:00,187.26,187.2795,187.19,187.19,3226.0,DEO
2023-05-04 09:35:00,187.2,187.2885,187.2,187.22,465.0,DEO
2023-05-04 09:34:00,187.29,187.34,187.27,187.29,2199.0,DEO
2023-05-04 09:33:00,187.25,187.3,187.25,187.3,2061.0,DEO
2023-05-04 09:32:00,187.38,187.415,187.28,187.32,3441.0,DEO
2023-05-04 09:31:00,187.28,187.5,187.28,187.44,8158.0,DEO
2023-05-04 09:30:00,187.27,187.28,187.27,187.27,700.0,DEO
2023-05-04 08:16:00,186.92,186.92,186.92,186.92,201.0,DEO
2023-05-04 08:02:00,186.72,186.72,186.72,186.72,122.0,DEO
2023-05-04 07:17:00,186.65,186.65,186.65,186.65,100.0,DEO
2023-05-04 04:04:00,186.42,186.42,186.42,186.42,306.0,DEO
2023-05-03 16:01:00,185.75,185.75,185.75,185.75,1291.0,DEO
2023-05-03 16:00:00,185.675,185.83,185.675,185.83,4347.0,DEO
2023-05-03 15:59:00,185.69,185.755,185.6634,185.73,2557.0,DEO
2023-05-03 15:58:00,185.67,185.72,185.62,185.72,4152.0,DEO
2023-05-03 15:57:00,185.79,185.79,185.74,185.74,1183.0,DEO
2023-05-03 15:56:00,185.69,185.73,185.62,185.73,2480.0,DEO
2023-05-03 15:55:00,185.66,185.75,185.66,185.71,2556.0,DEO
2023-05-03 15:54:00,185.66,185.66,185.66,185.66,312.0,DEO
2023-05-03 15:53:00,185.77,185.77,185.67,185.67,2704.0,DEO
2023-05-03 15:52:00,185.78,185.78,185.78,185.78,402.0,DEO
2023-05-03 15:51:00,185.66,185.84,185.66,185.84,1468.0,DEO
2023-05-03 15:50:00,185.71,185.75,185.695,185.75,1103.0,DEO
2023-05-03 15:49:00,185.71,185.71,185.71,185.71,404.0,DEO
2023-05-03 15:48:00,185.667,185.71,185.66,185.71,945.0,DEO
2023-05-03 15:47:00,185.72,185.72,185.71,185.71,1076.0,DEO
2023-05-03 15:46:00,185.76,185.81,185.75,185.81,1076.0,DEO
2023-05-03 15:45:00,185.71,185.72,185.71,185.72,592.0,DEO
2023-05-03 15:44:00,185.8095,185.8095,185.8095,185.8095,1013.0,DEO
2023-05-03 15:42:00,185.61,185.72,185.61,185.72,1450.0,DEO
2023-05-03 15:41:00,185.68,185.68,185.6,185.6,1212.0,DEO
2023-05-03 15:40:00,185.687,185.687,185.687,185.687,362.0,DEO
2023-05-03 15:38:00,185.7,185.7,185.7,185.7,240.0,DEO
2023-05-03 15:37:00,185.68,185.7409,185.68,185.7409,750.0,DEO
2023-05-03 15:36:00,185.65,185.65,185.65,185.65,322.0,DEO
2023-05-03 15:35:00,185.58,185.61,185.55,185.61,1141.0,DEO
2023-05-03 15:34:00,185.6,185.6,185.58,185.58,876.0,DEO
2023-05-03 15:31:00,185.73,185.73,185.73,185.73,249.0,DEO
2023-05-03 15:30:00,185.751,185.751,185.745,185.745,566.0,DEO
2023-05-03 15:29:00,185.975,185.975,185.861,185.861,1004.0,DEO
2023-05-03 15:27:00,185.9768,186.045,185.9768,186.045,544.0,DEO
2023-05-03 15:26:00,186.02,186.12,186.02,186.0727,1238.0,DEO
2023-05-03 15:25:00,185.93,186.04,185.93,185.98,885.0,DEO
2023-05-03 15:24:00,185.875,185.97,185.875,185.97,877.0,DEO
2023-05-03 15:23:00,185.91,185.91,185.83,185.89,522.0,DEO
2023-05-03 15:22:00,185.98,185.98,185.9395,185.9395,410.0,DEO
2023-05-03 15:21:00,185.9,186.02,185.87,186.01,1793.0,DEO
2023-05-03 15:18:00,186.11,186.18,186.1,186.18,805.0,DEO
2023-05-03 15:17:00,186.05,186.06,186.01,186.01,828.0,DEO
2023-05-03 15:15:00,186.09,186.09,186.01,186.01,667.0,DEO
2023-05-03 15:14:00,186.09,186.12,186.06,186.12,413.0,DEO
2023-05-03 15:13:00,185.972,185.972,185.972,185.972,352.0,DEO
2023-05-03 15:12:00,185.72,186.08,185.72,186.05,1978.0,DEO
2023-05-03 15:11:00,186.185,186.185,186.0401,186.15,4525.0,DEO
2023-05-03 15:08:00,186.42,186.42,186.38,186.38,377.0,DEO
2023-05-03 15:07:00,186.49,186.49,186.47,186.47,832.0,DEO
2023-05-03 15:06:00,186.59,186.76,186.53,186.76,1049.0,DEO
2023-05-03 15:05:00,186.44,186.5,186.44,186.5,790.0,DEO
2023-05-03 15:04:00,186.39,186.39,186.28,186.37,1286.0,DEO
2023-05-03 15:03:00,186.43,186.43,186.43,186.43,439.0,DEO
2023-05-03 15:02:00,186.55,186.55,186.55,186.55,304.0,DEO
2023-05-03 14:59:00,186.55,186.55,186.55,186.55,125.0,DEO
2023-05-03 14:58:00,186.55,186.55,186.55,186.55,400.0,DEO
2023-05-03 14:57:00,186.42,186.58,186.42,186.5501,1127.0,DEO
2023-05-03 14:54:00,186.21,186.37,186.135,186.135,1295.0,DEO
2023-05-03 14:53:00,186.33,186.33,186.25,186.25,1029.0,DEO
2023-05-03 14:44:00,186.465,186.465,186.465,186.465,231.0,DEO
2023-05-03 14:43:00,186.7307,186.7307,186.7307,186.7307,501.0,DEO
2023-05-03 14:41:00,186.65,186.83,186.59,186.83,1330.0,DEO
2023-05-03 14:40:00,186.545,186.545,186.545,186.545,549.0,DEO
2023-05-03 14:39:00,186.45,186.59,186.45,186.59,2058.0,DEO
2023-05-03 14:38:00,186.08,186.31,186.08,186.31,1500.0,DEO
2023-05-03 14:36:00,186.28,186.28,186.28,186.28,329.0,DEO
2023-05-03 14:35:00,186.545,186.545,186.32,186.4075,1917.0,DEO
2023-05-03 14:34:00,186.59,186.59,186.59,186.59,157.0,DEO
2023-05-03 14:33:00,186.5,186.5,186.5,186.5,413.0,DEO
2023-05-03 14:31:00,186.565,186.565,186.565,186.565,609.0,DEO
2023-05-03 14:30:00,186.58,186.605,186.55,186.58,687.0,DEO
2023-05-03 14:29:00,186.65,186.65,186.6,186.6,1293.0,DEO
2023-05-03 14:28:00,186.68,186.68,186.68,186.68,413.0,DEO
2023-05-03 14:26:00,186.74,186.75,186.645,186.75,723.0,DEO
2023-05-03 14:24:00,186.78,186.78,186.76,186.78,1023.0,DEO
2023-05-03 14:22:00,186.69,186.69,186.69,186.69,250.0,DEO
2023-05-03 14:20:00,186.79,186.79,186.705,186.705,596.0,DEO
2023-05-03 14:19:00,186.665,186.665,186.665,186.665,128.0,DEO
2023-05-03 14:18:00,186.76,186.76,186.76,186.76,204.0,DEO
2023-05-03 14:16:00,186.6,186.7275,186.6,186.7,759.0,DEO
2023-05-03 14:14:00,186.2897,186.56,186.2897,186.56,1575.0,DEO
2023-05-03 14:13:00,186.46,186.46,186.44,186.44,211.0,DEO
2023-05-03 14:10:00,186.52,186.52,186.43,186.48,2111.0,DEO
2023-05-03 14:09:00,186.46,186.46,186.46,186.46,264.0,DEO
2023-05-03 14:08:00,186.6271,186.68,186.62,186.68,408.0,DEO
2023-05-03 14:07:00,186.52,186.6,186.52,186.575,587.0,DEO
2023-05-03 14:06:00,186.52,186.525,186.375,186.525,341.0,DEO
2023-05-03 14:05:00,186.54,186.54,186.54,186.54,267.0,DEO
2023-05-03 14:04:00,186.55,186.55,186.55,186.55,236.0,DEO
2023-05-03 14:03:00,186.56,186.57,186.56,186.57,348.0,DEO
2023-05-03 14:02:00,186.505,186.53,186.505,186.53,347.0,DEO
2023-05-03 14:01:00,186.31,186.69,186.28,186.69,3740.0,DEO
2023-05-03 14:00:00,186.44,186.44,186.41,186.44,427.0,DEO
2023-05-03 13:58:00,186.49,186.49,186.49,186.49,230.0,DEO
2023-05-03 13:55:00,186.5417,186.5417,186.495,186.495,854.0,DEO
2023-05-03 13:52:00,186.54,186.54,186.54,186.54,360.0,DEO
2023-05-03 13:50:00,186.53,186.53,186.53,186.53,1277.0,DEO
2023-05-03 13:49:00,186.421,186.47,186.421,186.47,648.0,DEO
2023-05-03 13:47:00,186.49,186.49,186.48,186.48,499.0,DEO
2023-05-03 13:45:00,186.56,186.56,186.54,186.54,549.0,DEO
2023-05-03 13:43:00,186.59,186.59,186.59,186.59,557.0,DEO
2023-05-03 13:38:00,186.57,186.57,186.5301,186.5301,695.0,DEO
2023-05-03 13:37:00,186.585,186.585,186.55,186.55,273.0,DEO
2023-05-03 13:36:00,186.57,186.58,186.545,186.545,846.0,DEO
2023-05-03 13:33:00,186.6,186.6,186.6,186.6,203.0,DEO
2023-05-03 13:32:00,186.63,186.63,186.63,186.63,214.0,DEO
2023-05-03 13:31:00,186.605,186.66,186.605,186.66,259.0,DEO
2023-05-03 13:28:00,186.5902,186.5902,186.5902,186.5902,223.0,DEO
2023-05-03 13:24:00,186.65,186.65,186.65,186.65,140.0,DEO
2023-05-03 13:20:00,186.6,186.6,186.6,186.6,213.0,DEO
2023-05-03 13:19:00,186.595,186.595,186.595,186.595,279.0,DEO
2023-05-03 13:14:00,186.56,186.56,186.56,186.56,314.0,DEO
2023-05-03 13:09:00,186.58,186.58,186.58,186.58,405.0,DEO
2023-05-03 13:07:00,186.51,186.51,186.51,186.51,173.0,DEO
2023-05-03 13:02:00,186.62,186.62,186.55,186.55,949.0,DEO
2023-05-03 13:01:00,186.64,186.65,186.64,186.65,630.0,DEO
2023-05-03 12:55:00,186.69,186.69,186.69,186.69,124.0,DEO
2023-05-03 12:53:00,186.635,186.635,186.635,186.635,184.0,DEO
2023-05-03 12:49:00,186.56,186.56,186.56,186.56,291.0,DEO
2023-05-03 12:48:00,186.495,186.495,186.495,186.495,503.0,DEO
2023-05-03 12:40:00,186.44,186.44,186.44,186.44,119.0,DEO
2023-05-03 12:38:00,186.4488,186.4488,186.4488,186.4488,455.0,DEO
2023-05-03 12:37:00,186.44,186.44,186.44,186.44,189.0,DEO
2023-05-03 12:36:00,186.53,186.53,186.53,186.53,156.0,DEO
2023-05-03 12:35:00,186.57,186.57,186.57,186.57,417.0,DEO
2023-05-03 12:34:00,186.57,186.57,186.57,186.57,326.0,DEO
2023-05-03 12:30:00,186.55,186.55,186.55,186.55,715.0,DEO
2023-05-03 12:29:00,186.53,186.53,186.53,186.53,475.0,DEO
2023-05-03 12:26:00,186.46,186.48,186.46,186.48,897.0,DEO
2023-05-03 12:25:00,186.445,186.445,186.445,186.445,129.0,DEO
2023-05-03 12:24:00,186.4188,186.4188,186.4188,186.4188,258.0,DEO
2023-05-03 12:22:00,186.33,186.38,186.33,186.38,876.0,DEO
2023-05-03 12:19:00,186.35,186.35,186.35,186.35,285.0,DEO
2023-05-03 12:18:00,186.385,186.385,186.385,186.385,721.0,DEO
2023-05-03 12:17:00,186.41,186.41,186.41,186.41,650.0,DEO
2023-05-03 12:15:00,186.43,186.48,186.43,186.48,673.0,DEO
2023-05-03 12:14:00,186.435,186.435,186.435,186.435,122.0,DEO
2023-05-03 12:12:00,186.41,186.41,186.41,186.41,164.0,DEO
2023-05-03 12:10:00,186.42,186.42,186.42,186.42,144.0,DEO
2023-05-03 12:02:00,186.542,186.542,186.5,186.525,622.0,DEO
2023-05-03 11:59:00,186.6209,186.6209,186.6209,186.6209,534.0,DEO
2023-05-03 11:56:00,186.57,186.57,186.57,186.57,490.0,DEO
2023-05-03 11:54:00,186.65,186.65,186.5543,186.5543,429.0,DEO
2023-05-03 11:52:00,186.51,186.55,186.49,186.55,1010.0,DEO
2023-05-03 11:51:00,186.53,186.53,186.53,186.53,379.0,DEO
2023-05-03 11:50:00,186.4485,186.4485,186.4485,186.4485,123.0,DEO
2023-05-03 11:49:00,186.4582,186.4582,186.4582,186.4582,295.0,DEO
2023-05-03 11:48:00,186.45,186.45,186.45,186.45,235.0,DEO
2023-05-03 11:47:00,186.43,186.43,186.43,186.43,933.0,DEO
2023-05-03 11:46:00,186.315,186.32,186.315,186.32,275.0,DEO
2023-05-03 11:42:00,186.29,186.34,186.29,186.34,272.0,DEO
2023-05-03 11:40:00,186.4003,186.45,186.4003,186.45,1867.0,DEO
2023-05-03 11:39:00,186.38,186.38,186.38,186.38,136.0,DEO
2023-05-03 11:36:00,186.47,186.47,186.415,186.415,832.0,DEO
2023-05-03 11:35:00,186.6313,186.6513,186.59,186.59,950.0,DEO
2023-05-03 11:34:00,186.71,186.71,186.695,186.695,297.0,DEO
2023-05-03 11:32:00,186.7,186.72,186.7,186.72,1356.0,DEO
2023-05-03 11:31:00,186.65,186.7,186.64,186.7,530.0,DEO
2023-05-03 11:30:00,186.705,186.705,186.705,186.705,363.0,DEO
2023-05-03 11:29:00,186.62,186.62,186.62,186.62,223.0,DEO
2023-05-03 11:27:00,186.68,186.68,186.65,186.65,1008.0,DEO
2023-05-03 11:25:00,186.6301,186.7,186.6301,186.68,917.0,DEO
2023-05-03 11:23:00,186.6,186.6,186.59,186.59,1616.0,DEO
2023-05-03 11:22:00,186.625,186.625,186.625,186.625,228.0,DEO
2023-05-03 11:21:00,186.6,186.61,186.58,186.59,811.0,DEO
2023-05-03 11:20:00,186.65,186.65,186.62,186.62,1025.0,DEO
2023-05-03 11:19:00,186.68,186.68,186.68,186.68,268.0,DEO
2023-05-03 11:17:00,186.63,186.63,186.63,186.63,701.0,DEO
2023-05-03 11:16:00,186.65,186.65,186.63,186.63,366.0,DEO
2023-05-03 11:15:00,186.64,186.64,186.62,186.62,1104.0,DEO
2023-05-03 11:13:00,186.58,186.615,186.56,186.615,1320.0,DEO
2023-05-03 11:11:00,186.49,186.56,186.49,186.56,2598.0,DEO
2023-05-03 11:10:00,186.43,186.49,186.43,186.49,875.0,DEO
2023-05-03 11:09:00,186.435,186.435,186.4,186.4,734.0,DEO
2023-05-03 11:08:00,186.4,186.4,186.385,186.385,631.0,DEO
2023-05-03 11:07:00,186.3375,186.35,186.331,186.331,718.0,DEO
2023-05-03 11:06:00,186.34,186.37,186.34,186.35,1741.0,DEO
2023-05-03 11:05:00,186.26,186.33,186.26,186.33,817.0,DEO
2023-05-03 11:04:00,186.25,186.25,186.25,186.25,681.0,DEO
2023-05-03 11:03:00,186.285,186.285,186.28,186.28,450.0,DEO
2023-05-03 11:02:00,186.22,186.22,186.22,186.22,558.0,DEO
2023-05-03 11:01:00,186.22,186.22,186.22,186.22,1527.0,DEO
2023-05-03 11:00:00,186.2231,186.2231,186.2231,186.2231,371.0,DEO
2023-05-03 10:59:00,186.21,186.21,186.2,186.21,575.0,DEO
2023-05-03 10:58:00,186.25,186.25,186.23,186.23,761.0,DEO
2023-05-03 10:56:00,186.215,186.23,186.2,186.2,1942.0,DEO
2023-05-03 10:55:00,186.29,186.3,186.24,186.24,3963.0,DEO
2023-05-03 10:54:00,186.3,186.345,186.2975,186.31,2958.0,DEO
2023-05-03 10:53:00,186.23,186.28,186.23,186.28,879.0,DEO
2023-05-03 10:52:00,186.1,186.12,186.1,186.12,382.0,DEO
2023-05-03 10:51:00,186.055,186.08,186.03,186.08,4188.0,DEO
2023-05-03 10:50:00,186.04,186.04,186.04,186.04,196.0,DEO
2023-05-03 10:49:00,185.955,186.05,185.955,186.03,1182.0,DEO
2023-05-03 10:48:00,185.938,185.955,185.91,185.955,657.0,DEO
2023-05-03 10:47:00,185.96,185.96,185.88,185.92,3142.0,DEO
2023-05-03 10:46:00,186.05,186.05,186.0,186.0,620.0,DEO
2023-05-03 10:45:00,186.05,186.05,186.05,186.05,293.0,DEO
2023-05-03 10:44:00,186.08,186.1,186.05,186.05,2888.0,DEO
2023-05-03 10:42:00,186.0954,186.0954,186.04,186.055,1087.0,DEO
2023-05-03 10:41:00,186.1,186.1,186.1,186.1,335.0,DEO
2023-05-03 10:40:00,186.102,186.14,186.102,186.14,556.0,DEO
2023-05-03 10:39:00,186.08,186.08,186.08,186.08,331.0,DEO
2023-05-03 10:38:00,186.16,186.16,186.12,186.12,1110.0,DEO
2023-05-03 10:37:00,186.185,186.185,186.185,186.185,462.0,DEO
2023-05-03 10:36:00,186.16,186.16,186.16,186.16,184.0,DEO
2023-05-03 10:35:00,186.19,186.19,186.13,186.13,727.0,DEO
2023-05-03 10:34:00,186.18,186.185,186.18,186.185,801.0,DEO
2023-05-03 10:33:00,186.15,186.15,186.105,186.13,1013.0,DEO
2023-05-03 10:32:00,186.22,186.22,186.14,186.15,2140.0,DEO
2023-05-03 10:31:00,186.065,186.2,186.065,186.2,1760.0,DEO
2023-05-03 10:30:00,186.11,186.11,186.075,186.075,1492.0,DEO
2023-05-03 10:29:00,186.09,186.11,186.09,186.11,1384.0,DEO
2023-05-03 10:28:00,186.1,186.1,186.1,186.1,230.0,DEO
2023-05-03 10:27:00,186.1795,186.1795,186.1334,186.145,1476.0,DEO
2023-05-03 10:26:00,186.255,186.26,186.24,186.24,2314.0,DEO
2023-05-03 10:25:00,186.21,186.24,186.21,186.24,707.0,DEO
2023-05-03 10:24:00,186.25,186.25,186.19,186.22,2430.0,DEO
2023-05-03 10:23:00,186.325,186.34,186.255,186.2575,4108.0,DEO
2023-05-03 10:22:00,186.29,186.32,186.29,186.32,1184.0,DEO
2023-05-03 10:21:00,186.27,186.32,186.27,186.32,1226.0,DEO
2023-05-03 10:20:00,186.28,186.28,186.26,186.26,879.0,DEO
2023-05-03 10:19:00,186.32,186.32,186.24,186.24,2208.0,DEO
2023-05-03 10:18:00,186.28,186.34,186.28,186.3346,1920.0,DEO
2023-05-03 10:17:00,186.37,186.37,186.31,186.31,2013.0,DEO
2023-05-03 10:16:00,186.48,186.48,186.45,186.45,3531.0,DEO
2023-05-03 10:15:00,186.5,186.5067,186.47,186.48,1957.0,DEO
2023-05-03 10:14:00,186.405,186.5,186.39,186.49,2203.0,DEO
2023-05-03 10:13:00,186.39,186.41,186.37,186.395,1772.0,DEO
2023-05-03 10:12:00,186.41,186.41,186.36,186.36,1006.0,DEO
2023-05-03 10:11:00,186.37,186.42,186.37,186.42,551.0,DEO
2023-05-03 10:10:00,186.335,186.36,186.3,186.3,1936.0,DEO
2023-05-03 10:09:00,186.28,186.28,186.28,186.28,547.0,DEO
2023-05-03 10:07:00,186.37,186.37,186.37,186.37,338.0,DEO
2023-05-03 10:06:00,186.43,186.43,186.36,186.36,631.0,DEO
2023-05-03 10:05:00,186.38,186.38,186.38,186.38,218.0,DEO
2023-05-03 10:04:00,186.32,186.32,186.235,186.235,892.0,DEO
2023-05-03 10:03:00,186.16,186.1775,186.16,186.17,1173.0,DEO
2023-05-03 10:00:00,186.0,186.0,186.0,186.0,1107.0,DEO
2023-05-03 09:59:00,186.04,186.04,186.04,186.04,358.0,DEO
2023-05-03 09:58:00,185.99,186.04,185.99,186.04,1146.0,DEO
2023-05-03 09:57:00,185.97,186.0091,185.96,185.96,936.0,DEO
2023-05-03 09:55:00,185.9788,185.9788,185.9788,185.9788,330.0,DEO
2023-05-03 09:53:00,185.95,186.0075,185.95,185.99,380.0,DEO
2023-05-03 09:52:00,185.955,185.99,185.955,185.99,606.0,DEO
2023-05-03 09:50:00,185.82,185.88,185.79,185.79,1408.0,DEO
2023-05-03 09:49:00,185.845,185.845,185.845,185.845,199.0,DEO
2023-05-03 09:47:00,185.76,185.76,185.68,185.76,470.0,DEO
2023-05-03 09:46:00,185.8,185.8,185.8,185.8,370.0,DEO
2023-05-03 09:45:00,185.81,185.81,185.78,185.78,476.0,DEO
2023-05-03 09:44:00,185.82,185.82,185.82,185.82,288.0,DEO
2023-05-03 09:43:00,185.82,185.88,185.78,185.83,1611.0,DEO
2023-05-03 09:41:00,185.76,185.765,185.65,185.68,673.0,DEO
2023-05-03 09:40:00,185.895,185.895,185.75,185.75,591.0,DEO
2023-05-03 09:39:00,185.9,185.9,185.9,185.9,209.0,DEO
2023-05-03 09:38:00,185.88,185.9,185.84,185.85,1177.0,DEO
2023-05-03 09:37:00,185.88,186.0,185.88,185.93,6345.0,DEO
2023-05-03 09:36:00,185.96,186.05,185.96,185.9875,5865.0,DEO
2023-05-03 09:35:00,185.985,186.0,185.985,186.0,901.0,DEO
2023-05-03 09:34:00,185.96,185.96,185.95,185.95,233.0,DEO
2023-05-03 09:33:00,186.18,186.18,186.18,186.18,147.0,DEO
2023-05-03 09:31:00,186.18,186.18,186.15,186.15,1610.0,DEO
2023-05-03 09:28:00,186.2,186.24,186.2,186.24,201.0,DEO
2023-05-03 09:27:00,186.2,186.2,186.2,186.2,100.0,DEO
2023-05-03 08:59:00,186.0,186.0,185.96,185.96,400.0,DEO
2023-05-03 08:16:00,186.77,186.81,186.77,186.81,501.0,DEO
2023-05-02 16:00:00,184.59,184.595,184.49,184.53,6493.0,DEO
2023-05-02 15:59:00,184.61,184.64,184.58,184.59,4578.0,DEO
2023-05-02 15:58:00,184.59,184.635,184.57,184.635,2974.0,DEO
2023-05-02 15:57:00,184.61,184.63,184.59,184.59,5123.0,DEO
2023-05-02 15:56:00,184.62,184.62,184.61,184.61,950.0,DEO
2023-05-02 15:55:00,184.6,184.61,184.58,184.61,1839.0,DEO
2023-05-02 15:54:00,184.66,184.67,184.62,184.62,2611.0,DEO
2023-05-02 15:53:00,184.68,184.735,184.67,184.67,4701.0,DEO
2023-05-02 15:52:00,184.68,184.71,184.67,184.67,3112.0,DEO
2023-05-02 15:51:00,184.605,184.685,184.605,184.685,1748.0,DEO
2023-05-02 15:50:00,184.66,184.67,184.6,184.6,2200.0,DEO
2023-05-02 15:49:00,184.6685,184.68,184.66,184.66,2456.0,DEO
2023-05-02 15:48:00,184.56,184.64,184.56,184.64,1748.0,DEO
2023-05-02 15:47:00,184.5897,184.5897,184.585,184.585,299.0,DEO
2023-05-02 15:46:00,184.65,184.66,184.59,184.59,2490.0,DEO
2023-05-02 15:45:00,184.665,184.67,184.65,184.67,747.0,DEO
2023-05-02 15:44:00,184.58,184.635,184.5725,184.62,2406.0,DEO
2023-05-02 15:43:00,184.525,184.56,184.525,184.56,466.0,DEO
2023-05-02 15:42:00,184.52,184.52,184.52,184.52,760.0,DEO
2023-05-02 15:41:00,184.52,184.56,184.5,184.54,3081.0,DEO
2023-05-02 15:40:00,184.54,184.55,184.54,184.54,809.0,DEO
2023-05-02 15:39:00,184.52,184.5325,184.51,184.53,1433.0,DEO
2023-05-02 15:38:00,184.515,184.515,184.48,184.49,934.0,DEO
2023-05-02 15:37:00,184.45,184.49,184.44,184.49,1412.0,DEO
2023-05-02 15:35:00,184.5,184.5,184.47,184.48,1056.0,DEO
2023-05-02 15:34:00,184.53,184.53,184.53,184.53,143.0,DEO
2023-05-02 15:33:00,184.465,184.54,184.465,184.54,2782.0,DEO
2023-05-02 15:32:00,184.43,184.48,184.4001,184.4001,2012.0,DEO
2023-05-02 15:31:00,184.43,184.43,184.42,184.42,374.0,DEO
2023-05-02 15:27:00,184.42,184.42,184.42,184.42,504.0,DEO
2023-05-02 15:26:00,184.495,184.495,184.495,184.495,469.0,DEO
2023-05-02 15:25:00,184.515,184.515,184.515,184.515,189.0,DEO
2023-05-02 15:23:00,184.43,184.48,184.43,184.48,691.0,DEO
2023-05-02 15:22:00,184.44,184.48,184.44,184.48,376.0,DEO
2023-05-02 15:21:00,184.365,184.365,184.365,184.365,272.0,DEO
2023-05-02 15:19:00,184.4053,184.4053,184.4053,184.4053,483.0,DEO
2023-05-02 15:18:00,184.43,184.46,184.361,184.41,1615.0,DEO
2023-05-02 15:17:00,184.46,184.46,184.45,184.45,378.0,DEO
2023-05-02 15:16:00,184.51,184.545,184.51,184.545,675.0,DEO
2023-05-02 15:15:00,184.535,184.535,184.535,184.535,642.0,DEO
2023-05-02 15:14:00,184.5,184.5,184.5,184.5,577.0,DEO
2023-05-02 15:13:00,184.54,184.5575,184.5106,184.5106,541.0,DEO
2023-05-02 15:12:00,184.49,184.589,184.49,184.575,2859.0,DEO
2023-05-02 15:10:00,184.39,184.39,184.37,184.3875,1439.0,DEO
2023-05-02 15:09:00,184.44,184.45,184.44,184.45,226.0,DEO
2023-05-02 15:08:00,184.39,184.39,184.39,184.39,213.0,DEO
2023-05-02 15:07:00,184.365,184.365,184.365,184.365,246.0,DEO
2023-05-02 15:06:00,184.31,184.31,184.31,184.31,569.0,DEO
2023-05-02 15:05:00,184.38,184.38,184.38,184.38,181.0,DEO
2023-05-02 15:03:00,184.37,184.37,184.35,184.35,750.0,DEO
2023-05-02 15:02:00,184.33,184.33,184.33,184.33,214.0,DEO
2023-05-02 15:01:00,184.35,184.35,184.34,184.34,1437.0,DEO
2023-05-02 14:59:00,184.39,184.4,184.39,184.4,403.0,DEO
2023-05-02 14:58:00,184.39,184.39,184.39,184.39,465.0,DEO
2023-05-02 14:57:00,184.3625,184.38,184.3625,184.38,417.0,DEO
2023-05-02 14:56:00,184.385,184.385,184.385,184.385,104.0,DEO
2023-05-02 14:55:00,184.365,184.365,184.36,184.36,285.0,DEO
2023-05-02 14:54:00,184.37,184.37,184.36,184.36,335.0,DEO
2023-05-02 14:53:00,184.33,184.33,184.33,184.33,243.0,DEO
2023-05-02 14:52:00,184.35,184.35,184.34,184.34,507.0,DEO
2023-05-02 14:51:00,184.38,184.41,184.35,184.41,1198.0,DEO
2023-05-02 14:49:00,184.35,184.35,184.35,184.35,218.0,DEO
2023-05-02 14:48:00,184.35,184.35,184.345,184.345,329.0,DEO
2023-05-02 14:47:00,184.34,184.34,184.34,184.34,258.0,DEO
2023-05-02 14:45:00,184.32,184.32,184.32,184.32,196.0,DEO
2023-05-02 14:43:00,184.32,184.32,184.32,184.32,163.0,DEO
2023-05-02 14:42:00,184.3,184.3,184.3,184.3,182.0,DEO
2023-05-02 14:40:00,184.27,184.36,184.27,184.31,637.0,DEO
2023-05-02 14:36:00,184.2,184.225,184.2,184.22,1085.0,DEO
2023-05-02 14:34:00,184.12,184.12,184.12,184.12,129.0,DEO
2023-05-02 14:33:00,184.13,184.1491,184.13,184.1491,354.0,DEO
2023-05-02 14:31:00,184.235,184.235,184.235,184.235,153.0,DEO
2023-05-02 14:30:00,184.185,184.185,184.17,184.17,554.0,DEO
2023-05-02 14:29:00,184.13,184.13,184.13,184.13,252.0,DEO
2023-05-02 14:27:00,184.21,184.21,184.13,184.14,1100.0,DEO
2023-05-02 14:26:00,184.21,184.21,184.21,184.21,251.0,DEO
2023-05-02 14:25:00,184.21,184.21,184.16,184.21,662.0,DEO
2023-05-02 14:24:00,184.21,184.2314,184.16,184.2314,402.0,DEO
2023-05-02 14:23:00,184.16,184.21,184.16,184.21,317.0,DEO
2023-05-02 14:22:00,184.21,184.27,184.21,184.27,320.0,DEO
2023-05-02 14:20:00,184.11,184.18,184.11,184.18,516.0,DEO
2023-05-02 14:18:00,184.09,184.15,184.09,184.15,1201.0,DEO
2023-05-02 14:15:00,184.07,184.07,184.015,184.015,640.0,DEO
2023-05-02 14:14:00,184.06,184.06,184.06,184.06,378.0,DEO
2023-05-02 14:13:00,184.15,184.15,184.15,184.15,279.0,DEO
2023-05-02 14:12:00,184.17,184.17,184.17,184.17,182.0,DEO
2023-05-02 14:10:00,184.15,184.15,184.15,184.15,109.0,DEO
2023-05-02 14:06:00,184.17,184.2,184.17,184.17,626.0,DEO
2023-05-02 14:05:00,184.07,184.1,184.07,184.1,766.0,DEO
2023-05-02 14:04:00,184.11,184.11,184.07,184.08,530.0,DEO
2023-05-02 14:02:00,184.21,184.21,184.16,184.16,733.0,DEO
2023-05-02 14:01:00,184.21,184.21,184.21,184.21,317.0,DEO
2023-05-02 13:58:00,184.18,184.18,184.18,184.18,126.0,DEO
2023-05-02 13:57:00,184.21,184.22,184.21,184.22,507.0,DEO
2023-05-02 13:54:00,184.25,184.27,184.25,184.27,377.0,DEO
2023-05-02 13:53:00,184.215,184.23,184.215,184.23,305.0,DEO
2023-05-02 13:52:00,184.16,184.24,184.16,184.21,1362.0,DEO
2023-05-02 13:51:00,184.17,184.17,184.12,184.12,829.0,DEO
2023-05-02 13:49:00,184.19,184.2,184.18,184.2,768.0,DEO
2023-05-02 13:48:00,184.24,184.24,184.2,184.225,533.0,DEO
2023-05-02 13:47:00,184.225,184.225,184.2,184.22,432.0,DEO
2023-05-02 13:45:00,184.24,184.24,184.22,184.22,517.0,DEO
2023-05-02 13:44:00,184.2,184.2,184.19,184.19,361.0,DEO
2023-05-02 13:43:00,184.27,184.27,184.24,184.24,303.0,DEO
2023-05-02 13:42:00,184.25,184.25,184.25,184.25,129.0,DEO
2023-05-02 13:40:00,184.18,184.18,184.168,184.168,489.0,DEO
2023-05-02 13:38:00,184.125,184.125,184.125,184.125,144.0,DEO
2023-05-02 13:36:00,184.08,184.11,184.08,184.11,678.0,DEO
2023-05-02 13:35:00,184.02,184.04,184.01,184.04,1154.0,DEO
2023-05-02 13:34:00,184.0617,184.0617,184.0617,184.0617,178.0,DEO
2023-05-02 13:32:00,184.01,184.055,184.01,184.05,693.0,DEO
2023-05-02 13:31:00,184.12,184.12,184.12,184.12,122.0,DEO
2023-05-02 13:25:00,184.05,184.06,184.05,184.06,423.0,DEO
2023-05-02 13:23:00,183.9612,183.9612,183.9612,183.9612,198.0,DEO
2023-05-02 13:22:00,184.07,184.07,184.07,184.07,295.0,DEO
2023-05-02 13:20:00,184.05,184.075,184.04,184.075,351.0,DEO
2023-05-02 13:17:00,184.1,184.1,184.08,184.08,480.0,DEO
2023-05-02 13:16:00,184.14,184.21,184.14,184.16,1785.0,DEO
2023-05-02 13:15:00,184.155,184.155,184.155,184.155,514.0,DEO
2023-05-02 13:14:00,184.19,184.2,184.155,184.2,706.0,DEO
2023-05-02 13:11:00,184.1,184.1257,184.1,184.1257,648.0,DEO
2023-05-02 13:09:00,184.12,184.12,184.12,184.12,520.0,DEO
2023-05-02 13:08:00,184.15,184.18,184.15,184.18,480.0,DEO
2023-05-02 13:05:00,184.14,184.14,184.14,184.14,122.0,DEO
2023-05-02 13:03:00,184.06,184.06,184.06,184.06,288.0,DEO
2023-05-02 13:02:00,184.05,184.05,184.02,184.02,1107.0,DEO
2023-05-02 13:01:00,184.07,184.1,184.07,184.08,572.0,DEO
2023-05-02 13:00:00,184.06,184.1,184.06,184.06,600.0,DEO
2023-05-02 12:59:00,184.07,184.09,184.06,184.06,331.0,DEO
2023-05-02 12:57:00,184.05,184.05,184.03,184.03,650.0,DEO
2023-05-02 12:56:00,184.04,184.05,184.04,184.05,475.0,DEO
2023-05-02 12:50:00,183.92,183.93,183.92,183.93,447.0,DEO
2023-05-02 12:47:00,183.9718,183.9718,183.925,183.925,450.0,DEO
2023-05-02 12:46:00,183.95,183.97,183.89,183.96,551.0,DEO
2023-05-02 12:44:00,183.89,183.89,183.89,183.89,116.0,DEO
2023-05-02 12:43:00,183.95,183.95,183.89,183.94,320.0,DEO
2023-05-02 12:42:00,183.93,183.93,183.88,183.88,574.0,DEO
2023-05-02 12:41:00,183.9,183.945,183.89,183.945,639.0,DEO
2023-05-02 12:39:00,183.96,183.99,183.96,183.99,456.0,DEO
2023-05-02 12:38:00,184.0,184.0,183.88,183.92,1720.0,DEO
2023-05-02 12:37:00,183.94,184.0141,183.91,184.0141,1148.0,DEO
2023-05-02 12:35:00,183.865,183.865,183.865,183.865,488.0,DEO
2023-05-02 12:34:00,183.91,183.91,183.8648,183.8648,491.0,DEO
2023-05-02 12:30:00,183.84,183.86,183.84,183.86,338.0,DEO
2023-05-02 12:26:00,183.885,183.885,183.885,183.885,226.0,DEO
2023-05-02 12:25:00,183.7899,183.86,183.7899,183.86,356.0,DEO
2023-05-02 12:23:00,183.76,183.76,183.74,183.74,909.0,DEO
2023-05-02 12:22:00,183.835,183.835,183.835,183.835,189.0,DEO
2023-05-02 12:20:00,183.88,183.88,183.88,183.88,213.0,DEO
2023-05-02 12:18:00,183.81,183.81,183.81,183.81,261.0,DEO
2023-05-02 12:17:00,183.835,183.835,183.835,183.835,310.0,DEO
2023-05-02 12:16:00,183.875,183.875,183.875,183.875,161.0,DEO
2023-05-02 12:12:00,183.875,183.875,183.875,183.875,391.0,DEO
2023-05-02 12:11:00,183.91,183.91,183.88,183.88,395.0,DEO
2023-05-02 12:10:00,183.91,183.92,183.91,183.92,474.0,DEO
2023-05-02 12:09:00,183.96,183.965,183.96,183.965,6282.0,DEO
2023-05-02 12:08:00,183.92,183.96,183.92,183.96,6667.0,DEO
2023-05-02 12:07:00,183.86,183.92,183.86,183.92,310.0,DEO
2023-05-02 12:06:00,183.8752,183.8752,183.82,183.82,853.0,DEO
2023-05-02 12:04:00,183.84,183.84,183.84,183.84,336.0,DEO
2023-05-02 12:03:00,183.93,183.93,183.93,183.93,267.0,DEO
2023-05-02 12:02:00,183.875,183.9192,183.875,183.9192,436.0,DEO
2023-05-02 12:01:00,183.875,183.875,183.875,183.875,110.0,DEO
2023-05-02 11:59:00,183.855,183.855,183.855,183.855,263.0,DEO
2023-05-02 11:58:00,183.84,183.84,183.84,183.84,484.0,DEO
2023-05-02 11:57:00,183.84,183.91,183.84,183.8777,3085.0,DEO
2023-05-02 11:56:00,183.84,183.85,183.84,183.85,559.0,DEO
2023-05-02 11:54:00,183.7254,183.7254,183.7254,183.7254,348.0,DEO
2023-05-02 11:53:00,183.74,183.74,183.74,183.74,359.0,DEO
2023-05-02 11:52:00,183.795,183.795,183.775,183.775,422.0,DEO
2023-05-02 11:51:00,183.83,183.865,183.83,183.8301,1411.0,DEO
2023-05-02 11:50:00,183.91,183.91,183.83,183.83,284.0,DEO
2023-05-02 11:49:00,183.84,183.84,183.84,183.84,514.0,DEO
2023-05-02 11:48:00,183.885,183.885,183.83,183.83,699.0,DEO
2023-05-02 11:47:00,183.9,183.9,183.9,183.9,470.0,DEO
2023-05-02 11:46:00,183.83,183.84,183.83,183.84,340.0,DEO
2023-05-02 11:45:00,183.76,183.84,183.76,183.84,431.0,DEO
2023-05-02 11:44:00,183.82,183.83,183.82,183.83,690.0,DEO
2023-05-02 11:42:00,183.73,183.79,183.73,183.79,317.0,DEO
2023-05-02 11:41:00,183.69,183.69,183.68,183.68,582.0,DEO
2023-05-02 11:38:00,183.66,183.66,183.66,183.66,208.0,DEO
2023-05-02 11:35:00,183.5425,183.59,183.53,183.59,1635.0,DEO
2023-05-02 11:34:00,183.46,183.46,183.42,183.42,883.0,DEO
2023-05-02 11:32:00,183.61,183.62,183.57,183.57,952.0,DEO
2023-05-02 11:31:00,183.61,183.61,183.61,183.61,255.0,DEO
2023-05-02 11:30:00,183.56,183.56,183.56,183.56,350.0,DEO
2023-05-02 11:29:00,183.64,183.64,183.6,183.6,636.0,DEO
2023-05-02 11:28:00,183.58,183.66,183.56,183.66,347.0,DEO
2023-05-02 11:27:00,183.51,183.53,183.49,183.53,581.0,DEO
2023-05-02 11:26:00,183.545,183.545,183.53,183.54,789.0,DEO
2023-05-02 11:25:00,183.63,183.63,183.53,183.53,2388.0,DEO
2023-05-02 11:24:00,183.61,183.67,183.61,183.67,272.0,DEO
2023-05-02 11:23:00,183.635,183.635,183.635,183.635,153.0,DEO
2023-05-02 11:22:00,183.66,183.66,183.62,183.62,762.0,DEO
2023-05-02 11:21:00,183.71,183.72,183.66,183.66,1636.0,DEO
2023-05-02 11:20:00,183.735,183.75,183.69,183.7,766.0,DEO
2023-05-02 11:19:00,183.73,183.73,183.71,183.71,540.0,DEO
2023-05-02 11:18:00,183.84,183.84,183.705,183.705,1392.0,DEO
2023-05-02 11:17:00,183.88,183.88,183.88,183.88,165.0,DEO
2023-05-02 11:16:00,183.845,183.89,183.8439,183.89,838.0,DEO
2023-05-02 11:15:00,183.78,183.8,183.77,183.8,1251.0,DEO
2023-05-02 11:14:00,183.755,183.755,183.755,183.755,138.0,DEO
2023-05-02 11:13:00,183.74,183.74,183.7,183.73,1053.0,DEO
2023-05-02 11:12:00,183.8,183.815,183.79,183.815,1437.0,DEO
2023-05-02 11:11:00,183.73,183.78,183.73,183.78,657.0,DEO
2023-05-02 11:09:00,183.64,183.68,183.64,183.68,209.0,DEO
2023-05-02 11:08:00,183.63,183.67,183.62,183.63,2048.0,DEO
2023-05-02 11:07:00,183.71,183.71,183.65,183.66,539.0,DEO
2023-05-02 11:06:00,183.56,183.62,183.55,183.6,1541.0,DEO
2023-05-02 11:05:00,183.52,183.56,183.52,183.56,1805.0,DEO
2023-05-02 11:02:00,183.52,183.535,183.51,183.51,1480.0,DEO
2023-05-02 11:01:00,183.54,183.54,183.54,183.54,357.0,DEO
2023-05-02 11:00:00,183.53,183.53,183.48,183.52,1397.0,DEO
2023-05-02 10:59:00,183.56,183.58,183.53,183.53,469.0,DEO
2023-05-02 10:58:00,183.53,183.54,183.53,183.54,432.0,DEO
2023-05-02 10:57:00,183.6,183.6,183.5267,183.53,1589.0,DEO
2023-05-02 10:56:00,183.66,183.66,183.65,183.66,922.0,DEO
2023-05-02 10:55:00,183.68,183.72,183.68,183.68,697.0,DEO
2023-05-02 10:54:00,183.635,183.68,183.635,183.68,1185.0,DEO
2023-05-02 10:53:00,183.6011,183.6666,183.6011,183.6666,738.0,DEO
2023-05-02 10:52:00,183.68,183.7,183.63,183.63,995.0,DEO
2023-05-02 10:51:00,183.71,183.72,183.7,183.72,1563.0,DEO
2023-05-02 10:50:00,183.79,183.8,183.7109,183.74,2142.0,DEO
2023-05-02 10:49:00,183.88,183.88,183.82,183.82,786.0,DEO
2023-05-02 10:47:00,183.8,183.83,183.78,183.8,1262.0,DEO
2023-05-02 10:46:00,183.97,183.97,183.92,183.92,946.0,DEO
2023-05-02 10:45:00,184.07,184.07,183.98,183.98,655.0,DEO
2023-05-02 10:44:00,184.04,184.04,184.01,184.01,442.0,DEO
2023-05-02 10:43:00,184.11,184.11,184.11,184.11,487.0,DEO
2023-05-02 10:42:00,184.1,184.16,184.1,184.152,799.0,DEO
2023-05-02 10:41:00,183.98,184.1,183.98,184.1,439.0,DEO
2023-05-02 10:40:00,183.87,183.87,183.87,183.87,484.0,DEO
2023-05-02 10:39:00,183.935,183.9878,183.935,183.9878,519.0,DEO
2023-05-02 10:38:00,183.96,183.96,183.84,183.92,2235.0,DEO
2023-05-02 10:36:00,183.86,183.96,183.86,183.96,708.0,DEO
2023-05-02 10:35:00,183.84,183.86,183.84,183.86,580.0,DEO
2023-05-02 10:34:00,183.86,183.87,183.835,183.86,1417.0,DEO
2023-05-02 10:33:00,183.68,183.74,183.63,183.74,617.0,DEO
2023-05-02 10:32:00,183.68,183.68,183.63,183.63,680.0,DEO
2023-05-02 10:31:00,183.4901,183.5237,183.4901,183.5237,675.0,DEO
2023-05-02 10:30:00,183.5,183.5,183.5,183.5,554.0,DEO
2023-05-02 10:29:00,183.6,183.66,183.45,183.45,33856.0,DEO
2023-05-02 10:28:00,183.545,183.545,183.545,183.545,30420.0,DEO
2023-05-02 10:27:00,183.6928,183.6928,183.6928,183.6928,409.0,DEO
2023-05-02 10:26:00,183.7,183.72,183.64,183.64,636.0,DEO
2023-05-02 10:24:00,183.52,183.52,183.43,183.49,1428.0,DEO
2023-05-02 10:23:00,183.56,183.63,183.555,183.63,2165.0,DEO
2023-05-02 10:22:00,183.69,183.715,183.57,183.64,1155.0,DEO
2023-05-02 10:21:00,183.45,183.58,183.45,183.57,2855.0,DEO
2023-05-02 10:20:00,183.465,183.465,183.465,183.465,709.0,DEO
2023-05-02 10:19:00,183.28,183.28,183.28,183.28,395.0,DEO
2023-05-02 10:18:00,183.2,183.3,183.2,183.295,1612.0,DEO
2023-05-02 10:17:00,183.19,183.19,183.19,183.19,656.0,DEO
2023-05-02 10:16:00,183.35,183.35,183.35,183.35,549.0,DEO
2023-05-02 10:15:00,183.25,183.32,183.232,183.32,2875.0,DEO
2023-05-02 10:14:00,183.31,183.31,183.31,183.31,724.0,DEO
2023-05-02 10:13:00,183.27,183.35,183.27,183.35,2115.0,DEO
2023-05-02 10:12:00,183.22,183.28,183.2005,183.27,2577.0,DEO
2023-05-02 10:11:00,183.24,183.24,183.15,183.18,1719.0,DEO
2023-05-02 10:10:00,183.35,183.35,183.31,183.31,1314.0,DEO
2023-05-02 10:09:00,183.43,183.43,183.43,183.43,435.0,DEO
2023-05-02 10:08:00,183.46,183.52,183.46,183.505,883.0,DEO
2023-05-02 10:07:00,183.48,183.49,183.4,183.45,2030.0,DEO
2023-05-02 10:06:00,183.41,183.48,183.41,183.43,2275.0,DEO
2023-05-02 10:05:00,183.405,183.42,183.2811,183.4,1651.0,DEO
2023-05-02 10:04:00,183.5,183.51,183.49,183.49,1471.0,DEO
2023-05-02 10:03:00,183.51,183.52,183.4407,183.4407,1016.0,DEO
2023-05-02 10:02:00,183.31,183.31,183.31,183.31,259.0,DEO
2023-05-02 10:01:00,183.28,183.32,183.28,183.31,1126.0,DEO
2023-05-02 10:00:00,182.88,182.99,182.88,182.99,444.0,DEO
2023-05-02 09:59:00,182.9137,182.94,182.87,182.88,1508.0,DEO
2023-05-02 09:58:00,183.08,183.08,182.95,182.95,862.0,DEO
2023-05-02 09:57:00,183.08,183.08,183.01,183.01,1385.0,DEO
2023-05-02 09:56:00,183.08,183.08,183.08,183.08,602.0,DEO
2023-05-02 09:55:00,183.05,183.067,183.03,183.067,438.0,DEO
2023-05-02 09:54:00,183.09,183.09,183.09,183.09,215.0,DEO
2023-05-02 09:53:00,183.04,183.05,183.04,183.05,844.0,DEO
2023-05-02 09:52:00,182.9,182.93,182.9,182.91,1540.0,DEO
2023-05-02 09:51:00,182.9,182.91,182.9,182.91,735.0,DEO
2023-05-02 09:50:00,182.7,182.74,182.65,182.7,2159.0,DEO
2023-05-02 09:49:00,182.54,182.54,182.52,182.52,310.0,DEO
2023-05-02 09:48:00,182.455,182.52,182.42,182.5,3818.0,DEO
2023-05-02 09:47:00,182.52,182.56,182.52,182.52,4087.0,DEO
2023-05-02 09:46:00,182.63,182.63,182.45,182.45,1310.0,DEO
2023-05-02 09:45:00,182.56,182.6083,182.52,182.6083,1386.0,DEO
2023-05-02 09:44:00,182.63,182.63,182.63,182.63,348.0,DEO
2023-05-02 09:43:00,182.55,182.64,182.55,182.61,1486.0,DEO
2023-05-02 09:42:00,182.56,182.56,182.52,182.56,1699.0,DEO
2023-05-02 09:41:00,182.58,182.6,182.49,182.59,2607.0,DEO
2023-05-02 09:40:00,182.51,182.58,182.51,182.58,718.0,DEO
2023-05-02 09:39:00,182.44,182.48,182.44,182.44,1328.0,DEO
2023-05-02 09:38:00,182.44,182.48,182.44,182.48,389.0,DEO
2023-05-02 09:37:00,182.48,182.48,182.4,182.4,1537.0,DEO
2023-05-02 09:36:00,182.48,182.58,182.39,182.51,7414.0,DEO
2023-05-02 09:35:00,182.57,182.57,182.49,182.49,401.0,DEO
2023-05-02 09:34:00,182.52,182.61,182.52,182.59,1376.0,DEO
2023-05-02 09:33:00,182.52,182.54,182.48,182.54,2357.0,DEO
2023-05-02 09:32:00,182.56,182.56,182.56,182.56,168.0,DEO
2023-05-02 09:31:00,182.84,182.85,182.8,182.8,1497.0,DEO
2023-05-02 09:29:00,182.8,182.84,182.8,182.84,713.0,DEO
2023-05-02 09:28:00,182.8,182.8,182.8,182.8,500.0,DEO
2023-05-02 09:25:00,182.76,182.79,182.76,182.79,600.0,DEO
2023-05-02 09:16:00,182.68,182.68,182.68,182.68,900.0,DEO
2023-05-02 09:13:00,182.68,182.68,182.64,182.68,333.0,DEO
2023-05-02 09:12:00,182.68,182.68,182.68,182.68,200.0,DEO
2023-05-02 09:11:00,182.68,182.68,182.68,182.68,400.0,DEO
2023-05-02 09:10:00,182.68,182.73,182.68,182.73,1028.0,DEO
2023-05-02 09:09:00,182.61,182.61,182.61,182.61,200.0,DEO
2023-05-02 09:01:00,182.66,182.66,182.66,182.66,669.0,DEO
2023-05-02 08:56:00,182.96,182.96,182.96,182.96,200.0,DEO
2023-05-02 08:54:00,183.0,183.0,183.0,183.0,173.0,DEO
2023-05-02 08:50:00,182.88,182.88,182.88,182.88,400.0,DEO
2023-05-02 08:48:00,182.96,182.96,182.96,182.96,520.0,DEO
2023-05-02 08:41:00,182.9,182.9,182.8,182.84,1172.0,DEO
2023-05-02 08:40:00,182.87,182.9,182.87,182.9,897.0,DEO
2023-05-02 08:31:00,183.0,183.04,183.0,183.04,360.0,DEO
2023-05-02 08:30:00,183.0,183.0,183.0,183.0,240.0,DEO
2023-05-02 08:29:00,182.96,183.0,182.96,183.0,490.0,DEO
2023-05-02 08:28:00,183.12,183.12,183.01,183.03,1020.0,DEO
2023-05-02 08:27:00,183.04,183.09,183.04,183.09,1309.0,DEO
2023-05-02 08:24:00,183.06,183.06,183.06,183.06,389.0,DEO
2023-05-02 08:23:00,183.25,183.25,183.25,183.25,217.0,DEO
2023-05-02 08:19:00,183.28,183.28,183.28,183.28,154.0,DEO
2023-05-02 08:18:00,183.27,183.27,183.27,183.27,153.0,DEO
2023-05-02 08:15:00,183.34,183.34,183.34,183.34,200.0,DEO
2023-05-02 08:11:00,183.32,183.36,183.3,183.36,892.0,DEO
2023-05-02 08:10:00,183.26,183.36,183.26,183.36,1425.0,DEO
2023-05-02 08:09:00,183.33,183.33,183.2,183.2,559.0,DEO
2023-05-02 08:07:00,183.35,183.36,183.35,183.36,300.0,DEO
2023-05-02 07:54:00,183.46,183.46,183.46,183.46,100.0,DEO
2023-05-02 07:53:00,183.45,183.45,183.36,183.36,443.0,DEO
2023-05-02 07:52:00,183.51,183.51,183.51,183.51,349.0,DEO
2023-05-02 07:51:00,183.56,183.57,183.52,183.52,929.0,DEO
2023-05-02 07:50:00,183.56,183.56,183.56,183.56,200.0,DEO
2023-05-02 07:01:00,183.72,183.72,183.72,183.72,130.0,DEO
2023-05-02 06:55:00,183.59,183.59,183.59,183.59,200.0,DEO
2023-05-02 06:31:00,183.66,183.66,183.52,183.52,450.0,DEO
2023-05-02 06:12:00,183.48,183.48,183.48,183.48,200.0,DEO
2023-05-02 05:42:00,183.58,183.58,183.58,183.58,305.0,DEO
2023-05-02 05:30:00,183.33,183.33,183.33,183.33,100.0,DEO
2023-05-02 05:18:00,183.47,183.47,183.47,183.47,100.0,DEO
2023-05-02 04:52:00,183.52,183.52,183.52,183.52,437.0,DEO
2023-05-02 04:50:00,183.56,183.56,183.56,183.56,513.0,DEO
2023-05-02 04:41:00,183.75,183.75,183.75,183.75,111.0,DEO
2023-05-02 04:38:00,183.98,183.98,183.98,183.98,100.0,DEO
2023-05-02 04:33:00,184.24,184.24,184.24,184.24,105.0,DEO
2023-05-02 04:32:00,184.1,184.13,184.1,184.13,220.0,DEO
2023-05-02 04:28:00,183.95,183.95,183.95,183.95,100.0,DEO
2023-05-02 04:11:00,184.4,184.4,184.4,184.4,195.0,DEO
2023-05-02 04:10:00,184.64,184.65,184.64,184.64,300.0,DEO
2023-05-02 04:09:00,184.76,184.76,184.76,184.76,294.0,DEO
2023-05-02 04:06:00,184.83,184.83,184.83,184.83,100.0,DEO
2023-05-01 16:20:00,184.82,184.82,184.82,184.82,6504.0,DEO
2023-05-01 16:01:00,184.82,184.82,184.82,184.82,1399.0,DEO
2023-05-01 16:00:00,185.0,185.0,184.82,184.86,3363.0,DEO
2023-05-01 15:59:00,185.0,185.05,185.0,185.0,2781.0,DEO
2023-05-01 15:58:00,184.97,185.0,184.95,184.985,2016.0,DEO
2023-05-01 15:57:00,184.96,184.9618,184.94,184.95,1619.0,DEO
2023-05-01 15:56:00,184.98,184.98,184.9025,184.95,2181.0,DEO
2023-05-01 15:55:00,185.01,185.02,184.95,184.95,2071.0,DEO
2023-05-01 15:54:00,185.01,185.01,184.95,184.98,1176.0,DEO
2023-05-01 15:53:00,184.92,184.97,184.92,184.95,1162.0,DEO
2023-05-01 15:52:00,184.93,184.93,184.87,184.875,1100.0,DEO
2023-05-01 15:51:00,185.0,185.05,184.97,184.97,3627.0,DEO
2023-05-01 15:50:00,184.9452,184.9452,184.9452,184.9452,265.0,DEO
2023-05-01 15:49:00,184.9658,184.9658,184.92,184.94,1015.0,DEO
2023-05-01 15:48:00,184.91,184.94,184.91,184.94,584.0,DEO
2023-05-01 15:47:00,184.97,184.97,184.97,184.97,302.0,DEO
2023-05-01 15:46:00,184.9,184.95,184.9,184.95,1151.0,DEO
2023-05-01 15:45:00,184.915,184.915,184.9,184.9,913.0,DEO
2023-05-01 15:44:00,184.95,184.95,184.93,184.93,476.0,DEO
2023-05-01 15:43:00,184.95,184.95,184.95,184.95,1435.0,DEO
2023-05-01 15:42:00,185.0,185.0,185.0,185.0,284.0,DEO
2023-05-01 15:40:00,184.9,184.93,184.89,184.93,858.0,DEO
2023-05-01 15:39:00,184.903,184.903,184.87,184.89,979.0,DEO
2023-05-01 15:38:00,184.925,184.925,184.885,184.895,805.0,DEO
2023-05-01 15:37:00,184.92,184.92,184.91,184.91,843.0,DEO
2023-05-01 15:36:00,184.99,184.99,184.96,184.96,903.0,DEO
2023-05-01 15:35:00,185.005,185.005,185.005,185.005,313.0,DEO
2023-05-01 15:34:00,185.01,185.01,185.01,185.01,1691.0,DEO
2023-05-01 15:33:00,185.02,185.0299,185.02,185.0299,1095.0,DEO
2023-05-01 15:32:00,185.05,185.05,185.035,185.05,990.0,DEO
2023-05-01 15:31:00,185.06,185.06,185.04,185.045,1196.0,DEO
2023-05-01 15:30:00,185.04,185.04,185.04,185.04,261.0,DEO
2023-05-01 15:29:00,185.04,185.04,185.04,185.04,279.0,DEO
2023-05-01 15:28:00,185.05,185.05,185.04,185.05,1195.0,DEO
2023-05-01 15:27:00,185.08,185.08,185.06,185.06,319.0,DEO
2023-05-01 15:26:00,185.04,185.09,185.04,185.09,1871.0,DEO
2023-05-01 15:25:00,185.03,185.05,185.02,185.05,1336.0,DEO
2023-05-01 15:23:00,185.05,185.09,185.05,185.09,1530.0,DEO
2023-05-01 15:20:00,185.02,185.02,185.02,185.02,291.0,DEO
2023-05-01 15:19:00,185.05,185.05,184.9801,185.02,1233.0,DEO
2023-05-01 15:18:00,184.9775,185.02,184.9775,185.02,245.0,DEO
2023-05-01 15:17:00,185.015,185.015,185.015,185.015,123.0,DEO
2023-05-01 15:16:00,185.02,185.04,185.01,185.04,3111.0,DEO
2023-05-01 15:15:00,185.08,185.08,185.07,185.07,495.0,DEO
2023-05-01 15:14:00,185.035,185.07,185.035,185.07,1590.0,DEO
2023-05-01 15:13:00,185.04,185.04,185.0195,185.03,388.0,DEO
2023-05-01 15:12:00,185.055,185.08,185.03,185.03,2101.0,DEO
2023-05-01 15:11:00,185.13,185.13,185.13,185.13,187.0,DEO
2023-05-01 15:10:00,185.14,185.14,185.13,185.13,703.0,DEO
2023-05-01 15:09:00,185.16,185.16,185.16,185.16,249.0,DEO
2023-05-01 15:08:00,185.12,185.15,185.12,185.14,1994.0,DEO
2023-05-01 15:07:00,185.14,185.14,185.13,185.13,690.0,DEO
2023-05-01 15:06:00,185.17,185.17,185.1581,185.1581,702.0,DEO
2023-05-01 15:05:00,185.11,185.14,185.11,185.14,1969.0,DEO
2023-05-01 15:04:00,185.18,185.18,185.1201,185.1201,635.0,DEO
2023-05-01 15:03:00,185.18,185.18,185.18,185.18,362.0,DEO
2023-05-01 15:01:00,185.2,185.21,185.18,185.19,1440.0,DEO
2023-05-01 14:58:00,185.24,185.24,185.24,185.24,438.0,DEO
2023-05-01 14:57:00,185.11,185.18,185.11,185.18,2111.0,DEO
2023-05-01 14:55:00,185.085,185.09,185.08,185.08,763.0,DEO
2023-05-01 14:52:00,185.08,185.08,185.08,185.08,215.0,DEO
2023-05-01 14:51:00,185.09,185.12,185.09,185.09,790.0,DEO
2023-05-01 14:50:00,185.06,185.08,185.06,185.08,779.0,DEO
2023-05-01 14:49:00,185.08,185.09,185.08,185.09,249.0,DEO
2023-05-01 14:48:00,185.078,185.095,185.07,185.095,485.0,DEO
2023-05-01 14:47:00,185.12,185.12,185.0871,185.0871,732.0,DEO
2023-05-01 14:45:00,185.12,185.12,185.12,185.12,158.0,DEO
2023-05-01 14:44:00,185.11,185.18,185.11,185.18,1434.0,DEO
2023-05-01 14:42:00,185.04,185.1,185.04,185.1,1404.0,DEO
2023-05-01 14:41:00,185.08,185.08,185.06,185.06,882.0,DEO
2023-05-01 14:40:00,185.11,185.11,185.11,185.11,352.0,DEO
2023-05-01 14:38:00,185.1002,185.12,185.08,185.12,661.0,DEO
2023-05-01 14:37:00,185.18,185.18,185.18,185.18,818.0,DEO
2023-05-01 14:36:00,185.22,185.23,185.22,185.23,410.0,DEO
2023-05-01 14:35:00,185.29,185.29,185.26,185.26,703.0,DEO
2023-05-01 14:34:00,185.31,185.31,185.31,185.31,402.0,DEO
2023-05-01 14:33:00,185.36,185.36,185.36,185.36,304.0,DEO
2023-05-01 14:30:00,185.38,185.395,185.34,185.39,1911.0,DEO
2023-05-01 14:29:00,185.38,185.38,185.38,185.38,406.0,DEO
2023-05-01 14:28:00,185.39,185.39,185.36,185.36,979.0,DEO
2023-05-01 14:26:00,185.39,185.39,185.39,185.39,307.0,DEO
2023-05-01 14:25:00,185.5,185.5,185.41,185.415,2469.0,DEO
2023-05-01 14:24:00,185.4701,185.4949,185.4701,185.4949,332.0,DEO
2023-05-01 14:23:00,185.5,185.5,185.5,185.5,395.0,DEO
2023-05-01 14:22:00,185.56,185.56,185.48,185.505,1749.0,DEO
2023-05-01 14:20:00,185.505,185.505,185.49,185.49,626.0,DEO
2023-05-01 14:19:00,185.55,185.55,185.535,185.535,492.0,DEO
2023-05-01 14:18:00,185.56,185.56,185.56,185.56,315.0,DEO
2023-05-01 14:17:00,185.58,185.6,185.5612,185.6,1480.0,DEO
2023-05-01 14:16:00,185.58,185.58,185.565,185.565,1432.0,DEO
2023-05-01 14:14:00,185.58,185.65,185.58,185.65,303.0,DEO
2023-05-01 14:13:00,185.58,185.58,185.58,185.58,223.0,DEO
2023-05-01 14:12:00,185.6,185.62,185.59,185.6,1070.0,DEO
2023-05-01 14:09:00,185.63,185.63,185.63,185.63,369.0,DEO
2023-05-01 14:08:00,185.61,185.61,185.61,185.61,209.0,DEO
2023-05-01 14:07:00,185.6207,185.63,185.6207,185.63,445.0,DEO
2023-05-01 14:06:00,185.68,185.68,185.68,185.68,378.0,DEO
2023-05-01 14:05:00,185.69,185.69,185.69,185.69,633.0,DEO
2023-05-01 14:03:00,185.71,185.72,185.71,185.72,738.0,DEO
2023-05-01 14:02:00,185.69,185.69,185.64,185.69,1779.0,DEO
2023-05-01 14:01:00,185.7,185.7,185.7,185.7,357.0,DEO
2023-05-01 13:59:00,185.71,185.71,185.71,185.71,452.0,DEO
2023-05-01 13:58:00,185.69,185.73,185.69,185.72,1090.0,DEO
2023-05-01 13:57:00,185.67,185.69,185.67,185.67,539.0,DEO
2023-05-01 13:56:00,185.7485,185.7485,185.71,185.71,574.0,DEO
2023-05-01 13:53:00,185.73,185.73,185.73,185.73,222.0,DEO
2023-05-01 13:51:00,185.73,185.73,185.72,185.72,301.0,DEO
2023-05-01 13:50:00,185.76,185.76,185.76,185.76,128.0,DEO
2023-05-01 13:48:00,185.58,185.63,185.58,185.63,1151.0,DEO
2023-05-01 13:47:00,185.57,185.57,185.57,185.57,547.0,DEO
2023-05-01 13:45:00,185.56,185.56,185.56,185.56,194.0,DEO
2023-05-01 13:44:00,185.6,185.6,185.6,185.6,755.0,DEO
2023-05-01 13:43:00,185.63,185.63,185.63,185.63,127.0,DEO
2023-05-01 13:42:00,185.59,185.63,185.55,185.63,1257.0,DEO
2023-05-01 13:41:00,185.53,185.58,185.53,185.58,1047.0,DEO
2023-05-01 13:39:00,185.56,185.58,185.545,185.55,912.0,DEO
2023-05-01 13:38:00,185.54,185.54,185.52,185.52,807.0,DEO
2023-05-01 13:36:00,185.6,185.6,185.6,185.6,266.0,DEO
2023-05-01 13:34:00,185.58,185.58,185.58,185.58,169.0,DEO
2023-05-01 13:33:00,185.58,185.58,185.57,185.58,647.0,DEO
2023-05-01 13:32:00,185.715,185.715,185.54,185.55,3787.0,DEO
2023-05-01 13:31:00,185.715,185.73,185.71,185.71,337.0,DEO
2023-05-01 13:28:00,185.76,185.76,185.76,185.76,337.0,DEO
2023-05-01 13:27:00,185.7981,185.7981,185.7981,185.7981,133.0,DEO
2023-05-01 13:25:00,185.78,185.82,185.78,185.79,703.0,DEO
2023-05-01 13:24:00,185.78,185.78,185.68,185.68,1071.0,DEO
2023-05-01 13:23:00,185.79,185.79,185.79,185.79,231.0,DEO
2023-05-01 13:21:00,185.64,185.79,185.64,185.76,1480.0,DEO
2023-05-01 13:20:00,185.74,185.74,185.63,185.65,2717.0,DEO
2023-05-01 13:15:00,185.86,185.86,185.86,185.86,197.0,DEO
2023-05-01 13:14:00,185.79,185.83,185.79,185.79,1714.0,DEO
2023-05-01 13:11:00,185.68,185.75,185.68,185.75,1132.0,DEO
2023-05-01 13:10:00,185.59,185.59,185.59,185.59,981.0,DEO
2023-05-01 13:09:00,185.75,185.75,185.61,185.61,2683.0,DEO
2023-05-01 13:08:00,185.75,185.7775,185.67,185.7775,1828.0,DEO
2023-05-01 13:07:00,185.97,185.98,185.74,185.805,7842.0,DEO
2023-05-01 13:04:00,186.02,186.02,186.0,186.0,608.0,DEO
2023-05-01 13:02:00,186.06,186.07,186.035,186.035,1047.0,DEO
2023-05-01 13:00:00,186.05,186.08,186.04,186.055,1419.0,DEO
2023-05-01 12:59:00,186.01,186.04,186.01,186.015,706.0,DEO
2023-05-01 12:58:00,186.03,186.03,185.96,185.96,968.0,DEO
2023-05-01 12:57:00,186.06,186.06,186.06,186.06,266.0,DEO
2023-05-01 12:56:00,186.0693,186.0693,186.0693,186.0693,139.0,DEO
2023-05-01 12:54:00,186.03,186.03,186.03,186.03,227.0,DEO
2023-05-01 12:53:00,186.055,186.055,186.04,186.04,534.0,DEO
2023-05-01 12:52:00,186.07,186.07,186.07,186.07,174.0,DEO
2023-05-01 12:51:00,186.06,186.0666,186.06,186.0666,560.0,DEO
2023-05-01 12:50:00,186.0,186.025,186.0,186.025,554.0,DEO
2023-05-01 12:48:00,186.005,186.005,186.005,186.005,392.0,DEO
2023-05-01 12:46:00,185.98,185.98,185.98,185.98,376.0,DEO
2023-05-01 12:44:00,185.99,186.01,185.99,186.01,317.0,DEO
2023-05-01 12:43:00,185.97,185.97,185.97,185.97,242.0,DEO
2023-05-01 12:41:00,185.92,185.98,185.92,185.98,680.0,DEO
2023-05-01 12:36:00,186.0,186.0,186.0,186.0,375.0,DEO
2023-05-01 12:32:00,185.99,186.03,185.99,186.03,1270.0,DEO
2023-05-01 12:25:00,185.96,185.9727,185.93,185.955,2746.0,DEO
2023-05-01 12:24:00,185.96,185.96,185.96,185.96,347.0,DEO
2023-05-01 12:23:00,185.97,185.97,185.97,185.97,301.0,DEO
2023-05-01 12:21:00,186.0,186.0,186.0,186.0,264.0,DEO
2023-05-01 12:18:00,186.0,186.0,185.99,185.99,864.0,DEO
2023-05-01 12:17:00,186.04,186.04,186.04,186.04,212.0,DEO
2023-05-01 12:16:00,186.03,186.03,186.03,186.03,104.0,DEO
2023-05-01 12:15:00,186.01,186.01,186.01,186.01,228.0,DEO
2023-05-01 12:11:00,185.98,186.04,185.98,186.04,1642.0,DEO
2023-05-01 12:10:00,185.97,185.97,185.97,185.97,272.0,DEO
2023-05-01 12:07:00,185.92,185.92,185.895,185.91,734.0,DEO
2023-05-01 12:04:00,186.02,186.0201,185.94,185.94,3584.0,DEO
2023-05-01 12:03:00,186.01,186.05,186.01,186.0401,1077.0,DEO
2023-05-01 12:02:00,186.01,186.05,186.01,186.05,1214.0,DEO
2023-05-01 11:56:00,185.93,185.93,185.93,185.93,327.0,DEO
2023-05-01 11:54:00,185.96,185.98,185.96,185.97,1149.0,DEO
2023-05-01 11:53:00,185.91,185.91,185.91,185.91,180.0,DEO
2023-05-01 11:52:00,185.94,185.94,185.94,185.94,340.0,DEO
2023-05-01 11:51:00,185.98,185.98,185.975,185.975,439.0,DEO
2023-05-01 11:50:00,185.96,185.96,185.96,185.96,270.0,DEO
2023-05-01 11:49:00,185.96,185.96,185.96,185.96,283.0,DEO
2023-05-01 11:48:00,185.92,185.99,185.8938,185.99,4674.0,DEO
2023-05-01 11:47:00,186.0925,186.0925,185.94,185.95,1995.0,DEO
2023-05-01 11:46:00,186.03,186.03,186.03,186.03,131.0,DEO
2023-05-01 11:45:00,186.08,186.0933,186.03,186.0771,1117.0,DEO
2023-05-01 11:44:00,186.03,186.03,186.03,186.03,448.0,DEO
2023-05-01 11:43:00,186.13,186.13,186.07,186.07,725.0,DEO
2023-05-01 11:40:00,186.17,186.17,186.17,186.17,194.0,DEO
2023-05-01 11:39:00,186.236,186.236,186.17,186.17,832.0,DEO
2023-05-01 11:37:00,186.2,186.22,186.2,186.22,675.0,DEO
2023-05-01 11:35:00,186.125,186.125,186.125,186.125,532.0,DEO
2023-05-01 11:33:00,186.18,186.2,186.13,186.2,1197.0,DEO
2023-05-01 11:32:00,186.22,186.22,186.18,186.18,539.0,DEO
2023-05-01 11:31:00,186.165,186.165,186.165,186.165,281.0,DEO
2023-05-01 11:30:00,186.17,186.23,186.17,186.23,849.0,DEO
2023-05-01 11:29:00,186.17,186.17,186.17,186.17,191.0,DEO
2023-05-01 11:26:00,186.255,186.255,186.19,186.19,854.0,DEO
2023-05-01 11:25:00,186.255,186.255,186.21,186.21,519.0,DEO
2023-05-01 11:24:00,186.23,186.23,186.22,186.22,898.0,DEO
2023-05-01 11:23:00,186.34,186.34,186.28,186.28,418.0,DEO
2023-05-01 11:22:00,186.37,186.37,186.31,186.3475,1784.0,DEO
2023-05-01 11:21:00,186.24,186.34,186.24,186.31,888.0,DEO
2023-05-01 11:20:00,186.32,186.32,186.21,186.235,1091.0,DEO
2023-05-01 11:17:00,186.39,186.39,186.39,186.39,254.0,DEO
2023-05-01 11:16:00,186.47,186.47,186.355,186.355,709.0,DEO
2023-05-01 11:15:00,186.54,186.54,186.54,186.54,152.0,DEO
2023-05-01 11:11:00,186.48,186.6,186.445,186.445,1289.0,DEO
2023-05-01 11:08:00,186.6,186.65,186.6,186.645,618.0,DEO
2023-05-01 11:07:00,186.7644,186.7644,186.64,186.64,1781.0,DEO
2023-05-01 11:06:00,186.6422,186.6422,186.6422,186.6422,216.0,DEO
2023-05-01 11:05:00,186.79,186.79,186.69,186.7228,706.0,DEO
2023-05-01 11:04:00,186.85,186.85,186.79,186.79,1246.0,DEO
2023-05-01 11:02:00,186.81,186.81,186.81,186.81,712.0,DEO
2023-05-01 11:01:00,186.8,186.8,186.8,186.8,168.0,DEO
2023-05-01 11:00:00,186.78,186.78,186.78,186.78,265.0,DEO
2023-05-01 10:59:00,186.758,186.77,186.758,186.77,836.0,DEO
2023-05-01 10:57:00,186.72,186.7487,186.66,186.66,1419.0,DEO
2023-05-01 10:56:00,186.7,186.7032,186.68,186.7032,1430.0,DEO
2023-05-01 10:55:00,186.6,186.67,186.6,186.65,1326.0,DEO
2023-05-01 10:52:00,186.57,186.57,186.55,186.55,1013.0,DEO
2023-05-01 10:51:00,186.54,186.54,186.525,186.525,439.0,DEO
2023-05-01 10:50:00,186.38,186.47,186.37,186.47,1610.0,DEO
2023-05-01 10:47:00,186.33,186.34,186.33,186.34,377.0,DEO
2023-05-01 10:43:00,186.26,186.3314,186.26,186.29,743.0,DEO
2023-05-01 10:41:00,186.37,186.37,186.31,186.31,777.0,DEO
2023-05-01 10:39:00,186.35,186.4199,186.35,186.4199,659.0,DEO
2023-05-01 10:38:00,186.345,186.345,186.345,186.345,151.0,DEO
2023-05-01 10:37:00,186.3,186.3,186.3,186.3,404.0,DEO
2023-05-01 10:33:00,186.2099,186.2099,186.0501,186.0501,585.0,DEO
2023-05-01 10:32:00,186.22,186.32,186.14,186.14,2617.0,DEO
2023-05-01 10:31:00,186.26,186.26,186.195,186.195,347.0,DEO
2023-05-01 10:29:00,186.2286,186.2286,186.2286,186.2286,246.0,DEO
2023-05-01 10:25:00,186.22,186.22,186.21,186.21,715.0,DEO
2023-05-01 10:24:00,186.29,186.31,186.29,186.31,475.0,DEO
2023-05-01 10:23:00,186.21,186.23,186.2,186.23,812.0,DEO
2023-05-01 10:22:00,186.28,186.32,186.27,186.27,2121.0,DEO
2023-05-01 10:21:00,186.21,186.31,186.21,186.31,494.0,DEO
2023-05-01 10:20:00,186.3033,186.3033,186.3033,186.3033,131.0,DEO
2023-05-01 10:17:00,186.2022,186.2022,186.2022,186.2022,139.0,DEO
2023-05-01 10:16:00,186.1825,186.3034,186.05,186.3034,1162.0,DEO
2023-05-01 10:10:00,186.21,186.27,186.2,186.2,1046.0,DEO
2023-05-01 10:09:00,186.24,186.33,186.22,186.23,2598.0,DEO
2023-05-01 10:07:00,186.135,186.22,186.135,186.22,366.0,DEO
2023-05-01 10:06:00,186.12,186.12,186.11,186.11,627.0,DEO
2023-05-01 10:04:00,186.22,186.22,186.22,186.22,163.0,DEO
2023-05-01 10:02:00,185.98,185.98,185.98,185.98,225.0,DEO
2023-05-01 10:01:00,186.09,186.09,186.09,186.09,698.0,DEO
2023-05-01 10:00:00,186.2,186.225,186.2,186.225,266.0,DEO
2023-05-01 09:59:00,186.2133,186.2133,186.2133,186.2133,321.0,DEO
2023-05-01 09:58:00,186.28,186.28,186.11,186.2,589.0,DEO
2023-05-01 09:57:00,186.28,186.28,186.28,186.28,308.0,DEO
2023-05-01 09:56:00,186.09,186.09,186.09,186.09,163.0,DEO
2023-05-01 09:49:00,186.3126,186.3126,186.3126,186.3126,160.0,DEO
2023-05-01 09:48:00,186.1251,186.1251,186.1251,186.1251,173.0,DEO
2023-05-01 09:42:00,186.14,186.46,186.13,186.46,589.0,DEO
2023-05-01 09:41:00,186.24,186.24,186.24,186.24,172.0,DEO
2023-05-01 09:40:00,185.99,186.0,185.99,186.0,582.0,DEO
2023-05-01 09:39:00,185.95,185.95,185.95,185.95,105.0,DEO
2023-05-01 09:35:00,185.499,185.499,185.41,185.41,1566.0,DEO
2023-05-01 09:34:00,185.59,185.59,185.33,185.33,2938.0,DEO
2023-04-28 16:00:00,185.47,185.52,185.45,185.52,5877.0,DEO
2023-04-28 15:59:00,185.47,185.5,185.43,185.5,5581.0,DEO
2023-04-28 15:58:00,185.46,185.46,185.445,185.445,1219.0,DEO
2023-04-28 15:57:00,185.52,185.52,185.41,185.42,3256.0,DEO
2023-04-28 15:56:00,185.39,185.49,185.39,185.49,2027.0,DEO
2023-04-28 15:55:00,185.37,185.37,185.16,185.33,9611.0,DEO
2023-04-28 15:54:00,185.33,185.39,185.32,185.33,2735.0,DEO
2023-04-28 15:53:00,185.26,185.31,185.26,185.31,2278.0,DEO
2023-04-28 15:52:00,185.295,185.33,185.29,185.29,3277.0,DEO
2023-04-28 15:51:00,185.28,185.28,185.28,185.28,447.0,DEO
2023-04-28 15:50:00,185.21,185.2325,185.21,185.2325,1105.0,DEO
2023-04-28 15:49:00,185.13,185.17,185.1075,185.17,1482.0,DEO
2023-04-28 15:48:00,185.08,185.11,185.08,185.08,1183.0,DEO
2023-04-28 15:47:00,185.1,185.11,185.09,185.11,1267.0,DEO
2023-04-28 15:46:00,185.15,185.15,185.1,185.12,1302.0,DEO
2023-04-28 15:45:00,185.18,185.2,185.13,185.15,2629.0,DEO
2023-04-28 15:44:00,185.1,185.16,185.1,185.16,1621.0,DEO
2023-04-28 15:43:00,185.06,185.075,185.06,185.075,425.0,DEO
2023-04-28 15:42:00,185.04,185.1,185.04,185.085,1364.0,DEO
2023-04-28 15:41:00,185.0799,185.0799,185.0799,185.0799,416.0,DEO
2023-04-28 15:40:00,185.04,185.04,184.99,185.02,1017.0,DEO
2023-04-28 15:39:00,185.08,185.09,185.04,185.06,2550.0,DEO
2023-04-28 15:38:00,185.07,185.09,185.07,185.09,819.0,DEO
2023-04-28 15:36:00,185.04,185.04,185.04,185.04,454.0,DEO
2023-04-28 15:35:00,185.04,185.04,185.04,185.04,300.0,DEO
2023-04-28 15:34:00,184.99,184.99,184.975,184.975,1525.0,DEO
2023-04-28 15:31:00,184.99,185.02,184.98,185.01,4029.0,DEO
2023-04-28 15:30:00,185.01,185.04,184.98,184.98,1246.0,DEO
2023-04-28 15:29:00,185.11,185.11,185.05,185.0775,2076.0,DEO
2023-04-28 15:28:00,185.15,185.15,185.15,185.15,379.0,DEO
2023-04-28 15:27:00,185.135,185.135,185.135,185.135,499.0,DEO
2023-04-28 15:25:00,185.13,185.13,185.13,185.13,270.0,DEO
2023-04-28 15:24:00,185.15,185.15,185.14,185.14,406.0,DEO
2023-04-28 15:23:00,185.07,185.17,185.04,185.17,2522.0,DEO
2023-04-28 15:22:00,185.13,185.13,185.08,185.09,2053.0,DEO
2023-04-28 15:21:00,185.165,185.165,185.13,185.165,668.0,DEO
2023-04-28 15:20:00,185.18,185.22,185.165,185.165,934.0,DEO
2023-04-28 15:19:00,185.145,185.19,185.145,185.19,340.0,DEO
2023-04-28 15:18:00,185.15,185.15,185.15,185.15,246.0,DEO
2023-04-28 15:17:00,185.17,185.17,185.12,185.12,708.0,DEO
2023-04-28 15:15:00,185.17,185.1984,185.17,185.1984,379.0,DEO
2023-04-28 15:13:00,185.12,185.12,185.09,185.09,572.0,DEO
2023-04-28 15:12:00,185.1649,185.1649,185.1649,185.1649,273.0,DEO
2023-04-28 15:11:00,185.1,185.11,185.09,185.09,918.0,DEO
2023-04-28 15:10:00,185.09,185.1,185.09,185.1,452.0,DEO
2023-04-28 15:09:00,185.11,185.12,185.09,185.09,571.0,DEO
2023-04-28 15:08:00,185.24,185.24,185.09,185.09,2081.0,DEO
2023-04-28 15:07:00,185.25,185.29,185.25,185.29,835.0,DEO
2023-04-28 15:06:00,185.28,185.29,185.25,185.25,756.0,DEO
2023-04-28 15:05:00,185.25,185.25,185.25,185.25,394.0,DEO
2023-04-28 15:04:00,185.2899,185.2899,185.28,185.28,357.0,DEO
2023-04-28 15:03:00,185.28,185.2875,185.25,185.25,701.0,DEO
2023-04-28 15:02:00,185.2301,185.2301,185.2301,185.2301,229.0,DEO
2023-04-28 15:01:00,185.21,185.21,185.21,185.21,519.0,DEO
2023-04-28 15:00:00,185.125,185.19,185.125,185.145,1177.0,DEO
2023-04-28 14:59:00,185.06,185.1,185.06,185.1,739.0,DEO
2023-04-28 14:57:00,185.0175,185.0175,185.015,185.015,614.0,DEO
2023-04-28 14:55:00,185.03,185.03,185.03,185.03,738.0,DEO
2023-04-28 14:54:00,185.06,185.06,185.0238,185.0238,1507.0,DEO
2023-04-28 14:53:00,185.07,185.07,185.05,185.05,393.0,DEO
2023-04-28 14:52:00,185.01,185.035,185.01,185.035,405.0,DEO
2023-04-28 14:51:00,184.995,184.995,184.995,184.995,119.0,DEO
2023-04-28 14:50:00,184.99,185.0,184.99,185.0,614.0,DEO
2023-04-28 14:49:00,184.955,184.955,184.955,184.955,216.0,DEO
2023-04-28 14:47:00,185.03,185.03,184.99,184.99,1269.0,DEO
2023-04-28 14:46:00,185.05,185.05,185.04,185.04,688.0,DEO
2023-04-28 14:43:00,185.11,185.1785,185.1,185.1785,808.0,DEO
2023-04-28 14:41:00,185.03,185.05,185.0049,185.05,848.0,DEO
2023-04-28 14:40:00,185.02,185.07,185.02,185.045,1738.0,DEO
2023-04-28 14:39:00,185.07,185.07,185.05,185.05,1155.0,DEO
2023-04-28 14:38:00,185.08,185.08,185.08,185.08,191.0,DEO
2023-04-28 14:37:00,185.07,185.1165,185.06,185.1165,624.0,DEO
2023-04-28 14:36:00,185.13,185.13,185.13,185.13,158.0,DEO
2023-04-28 14:35:00,184.9875,185.09,184.9875,185.08,2313.0,DEO
2023-04-28 14:34:00,185.0,185.0,185.0,185.0,468.0,DEO
2023-04-28 14:33:00,184.95,184.96,184.95,184.96,487.0,DEO
2023-04-28 14:32:00,184.995,184.995,184.94,184.94,2057.0,DEO
2023-04-28 14:31:00,185.02,185.02,185.02,185.02,216.0,DEO
2023-04-28 14:30:00,184.99,185.0,184.98,184.98,459.0,DEO
2023-04-28 14:27:00,184.95,184.95,184.95,184.95,124.0,DEO
2023-04-28 14:26:00,184.9915,184.9915,184.9915,184.9915,181.0,DEO
2023-04-28 14:23:00,185.01,185.01,185.01,185.01,238.0,DEO
2023-04-28 14:22:00,185.06,185.06,185.04,185.055,921.0,DEO
2023-04-28 14:21:00,185.08,185.08,185.08,185.08,544.0,DEO
2023-04-28 14:20:00,185.13,185.13,185.13,185.13,137.0,DEO
2023-04-28 14:18:00,185.085,185.1,185.085,185.1,442.0,DEO
2023-04-28 14:16:00,185.0197,185.0197,185.0,185.0,820.0,DEO
2023-04-28 14:15:00,184.97,184.97,184.97,184.97,697.0,DEO
2023-04-28 14:14:00,184.92,184.925,184.92,184.925,1191.0,DEO
2023-04-28 14:13:00,184.97,184.97,184.96,184.96,608.0,DEO
2023-04-28 14:11:00,185.04,185.04,185.04,185.04,441.0,DEO
2023-04-28 14:09:00,185.14,185.14,185.11,185.11,1137.0,DEO
2023-04-28 14:08:00,185.175,185.175,185.15,185.15,301.0,DEO
2023-04-28 14:07:00,185.17,185.18,185.15,185.17,854.0,DEO
2023-04-28 14:06:00,185.17,185.17,185.16,185.16,1513.0,DEO
2023-04-28 14:05:00,185.18,185.23,185.18,185.18,342.0,DEO
2023-04-28 14:04:00,185.17,185.17,185.1608,185.1608,303.0,DEO
2023-04-28 14:03:00,185.15,185.16,185.13,185.155,541.0,DEO
2023-04-28 14:02:00,185.08,185.1,185.08,185.1,407.0,DEO
2023-04-28 14:01:00,185.025,185.055,185.025,185.055,479.0,DEO
2023-04-28 13:58:00,184.96,184.98,184.93,184.98,1822.0,DEO
2023-04-28 13:57:00,184.99,184.99,184.99,184.99,525.0,DEO
2023-04-28 13:54:00,185.01,185.02,184.97,185.02,3677.0,DEO
2023-04-28 13:53:00,185.03,185.03,185.03,185.03,269.0,DEO
2023-04-28 13:52:00,185.01,185.01,185.0,185.0,1484.0,DEO
2023-04-28 13:51:00,184.99,185.02,184.97,185.02,2192.0,DEO
2023-04-28 13:50:00,185.0,185.025,185.0,185.025,475.0,DEO
2023-04-28 13:49:00,185.07,185.08,184.99,185.01,5876.0,DEO
2023-04-28 13:48:00,185.0752,185.0752,185.0,185.0,1263.0,DEO
2023-04-28 13:47:00,185.11,185.13,185.08,185.11,3559.0,DEO
2023-04-28 13:46:00,185.12,185.12,185.12,185.12,715.0,DEO
2023-04-28 13:45:00,185.11,185.11,185.095,185.095,416.0,DEO
2023-04-28 13:44:00,185.09,185.095,185.09,185.095,245.0,DEO
2023-04-28 13:43:00,185.08,185.105,185.08,185.105,611.0,DEO
2023-04-28 13:40:00,185.0298,185.0298,185.0298,185.0298,278.0,DEO
2023-04-28 13:39:00,184.98,184.98,184.95,184.97,526.0,DEO
2023-04-28 13:38:00,185.03,185.035,184.945,184.945,1543.0,DEO
2023-04-28 13:35:00,185.07,185.07,185.07,185.07,641.0,DEO
2023-04-28 13:34:00,185.09,185.1,185.09,185.1,384.0,DEO
2023-04-28 13:31:00,185.075,185.075,185.075,185.075,766.0,DEO
2023-04-28 13:30:00,185.02,185.02,185.02,185.02,143.0,DEO
2023-04-28 13:28:00,185.02,185.02,185.0,185.01,1498.0,DEO
2023-04-28 13:27:00,185.05,185.05,185.035,185.04,822.0,DEO
2023-04-28 13:25:00,185.03,185.035,185.02,185.03,1278.0,DEO
2023-04-28 13:24:00,185.06,185.06,185.06,185.06,121.0,DEO
2023-04-28 13:23:00,185.09,185.09,185.06,185.06,1215.0,DEO
2023-04-28 13:22:00,185.1407,185.1407,185.1407,185.1407,334.0,DEO
2023-04-28 13:21:00,185.1,185.1,185.1,185.1,764.0,DEO
2023-04-28 13:20:00,185.06,185.06,185.06,185.06,501.0,DEO
2023-04-28 13:19:00,185.08,185.08,185.08,185.08,376.0,DEO
2023-04-28 13:18:00,185.07,185.1,185.0675,185.0675,602.0,DEO
2023-04-28 13:17:00,185.03,185.08,185.03,185.05,616.0,DEO
2023-04-28 13:16:00,185.05,185.06,184.99,185.01,2238.0,DEO
2023-04-28 13:15:00,185.01,185.07,185.01,185.07,2500.0,DEO
2023-04-28 13:13:00,184.96,184.96,184.96,184.96,176.0,DEO
2023-04-28 13:11:00,184.88,184.88,184.88,184.88,355.0,DEO
2023-04-28 13:10:00,184.95,184.95,184.925,184.925,838.0,DEO
2023-04-28 13:08:00,184.98,184.98,184.98,184.98,699.0,DEO
2023-04-28 13:07:00,185.03,185.03,184.96,184.96,1034.0,DEO
2023-04-28 13:06:00,185.0222,185.0222,185.0,185.0,261.0,DEO
2023-04-28 13:05:00,184.98,185.01,184.98,184.99,349.0,DEO
2023-04-28 13:04:00,184.94,184.96,184.876,184.96,1569.0,DEO
2023-04-28 13:03:00,184.965,184.99,184.93,184.97,1920.0,DEO
2023-04-28 13:02:00,184.96,184.96,184.96,184.96,385.0,DEO
2023-04-28 13:01:00,185.02,185.02,185.0,185.0,675.0,DEO
2023-04-28 13:00:00,185.06,185.06,185.06,185.06,141.0,DEO
2023-04-28 12:59:00,185.05,185.05,185.03,185.03,814.0,DEO
2023-04-28 12:57:00,185.02,185.02,185.02,185.02,633.0,DEO
2023-04-28 12:54:00,185.02,185.07,185.01,185.01,1965.0,DEO
2023-04-28 12:53:00,185.0,185.0,184.99,185.0,827.0,DEO
2023-04-28 12:52:00,185.02,185.04,185.0,185.04,1553.0,DEO
2023-04-28 12:51:00,185.0,185.0,184.99,184.99,442.0,DEO
2023-04-28 12:50:00,184.95,185.0,184.95,185.0,838.0,DEO
2023-04-28 12:49:00,184.9,184.925,184.9,184.925,669.0,DEO
2023-04-28 12:48:00,184.97,184.97,184.97,184.97,181.0,DEO
2023-04-28 12:47:00,184.94,184.96,184.91,184.93,445.0,DEO
2023-04-28 12:46:00,184.95,184.95,184.95,184.95,142.0,DEO
2023-04-28 12:44:00,185.0,185.0,184.93,184.93,2558.0,DEO
2023-04-28 12:43:00,184.94,184.95,184.94,184.95,257.0,DEO
2023-04-28 12:42:00,184.91,184.93,184.9,184.9,1146.0,DEO
2023-04-28 12:41:00,184.9009,184.9009,184.9009,184.9009,265.0,DEO
2023-04-28 12:39:00,184.91,184.91,184.91,184.91,404.0,DEO
2023-04-28 12:38:00,184.93,184.93,184.885,184.91,3626.0,DEO
2023-04-28 12:37:00,184.9,184.97,184.9,184.96,1119.0,DEO
2023-04-28 12:36:00,184.94,184.94,184.9,184.9,1086.0,DEO
2023-04-28 12:35:00,184.91,184.92,184.895,184.92,1432.0,DEO
2023-04-28 12:34:00,184.955,184.955,184.955,184.955,187.0,DEO
2023-04-28 12:33:00,184.89,184.99,184.89,184.99,284.0,DEO
2023-04-28 12:31:00,184.89,184.89,184.89,184.89,392.0,DEO
2023-04-28 12:30:00,184.88,184.91,184.88,184.91,544.0,DEO
2023-04-28 12:29:00,184.88,184.885,184.88,184.885,224.0,DEO
2023-04-28 12:26:00,184.87,184.87,184.81,184.81,888.0,DEO
2023-04-28 12:25:00,184.93,184.93,184.93,184.93,147.0,DEO
2023-04-28 12:22:00,184.94,184.94,184.89,184.9,1998.0,DEO
2023-04-28 12:20:00,184.905,184.905,184.905,184.905,296.0,DEO
2023-04-28 12:18:00,184.92,184.92,184.9182,184.9182,531.0,DEO
2023-04-28 12:17:00,184.93,184.93,184.91,184.91,470.0,DEO
2023-04-28 12:13:00,185.01,185.01,184.9605,184.9605,536.0,DEO
2023-04-28 12:12:00,185.05,185.05,185.02,185.02,238.0,DEO
2023-04-28 12:11:00,185.01,185.01,185.01,185.01,580.0,DEO
2023-04-28 12:08:00,185.06,185.06,185.06,185.06,164.0,DEO
2023-04-28 12:06:00,185.01,185.04,185.01,185.02,1259.0,DEO
2023-04-28 12:05:00,185.03,185.03,185.0,185.0,450.0,DEO
2023-04-28 12:04:00,185.005,185.05,185.0,185.04,1589.0,DEO
2023-04-28 12:03:00,185.04,185.04,185.04,185.04,715.0,DEO
2023-04-28 12:01:00,185.13,185.13,185.13,185.13,318.0,DEO
2023-04-28 12:00:00,185.1741,185.1741,185.1741,185.1741,164.0,DEO
2023-04-28 11:59:00,185.13,185.19,185.13,185.19,740.0,DEO
2023-04-28 11:58:00,185.085,185.11,185.085,185.11,275.0,DEO
2023-04-28 11:57:00,185.125,185.125,185.09,185.09,239.0,DEO
2023-04-28 11:55:00,185.155,185.16,185.15,185.15,1014.0,DEO
2023-04-28 11:54:00,185.12,185.12,185.12,185.12,124.0,DEO
2023-04-28 11:53:00,185.1,185.1,185.1,185.1,315.0,DEO
2023-04-28 11:52:00,185.0517,185.1,185.0517,185.07,1158.0,DEO
2023-04-28 11:51:00,185.1,185.1,185.08,185.1,557.0,DEO
2023-04-28 11:50:00,185.12,185.12,185.0792,185.11,620.0,DEO
2023-04-28 11:49:00,185.11,185.11,185.11,185.11,171.0,DEO
2023-04-28 11:48:00,185.13,185.13,185.13,185.13,418.0,DEO
2023-04-28 11:46:00,185.15,185.15,185.15,185.15,333.0,DEO
2023-04-28 11:44:00,185.2,185.2,185.2,185.2,404.0,DEO
2023-04-28 11:43:00,185.11,185.2,185.11,185.155,949.0,DEO
2023-04-28 11:42:00,185.09,185.14,185.09,185.13,414.0,DEO
2023-04-28 11:41:00,185.075,185.075,185.075,185.075,168.0,DEO
2023-04-28 11:40:00,185.07,185.07,185.07,185.07,107.0,DEO
2023-04-28 11:36:00,185.1,185.1,185.1,185.1,281.0,DEO
2023-04-28 11:35:00,185.07,185.08,185.01,185.01,3312.0,DEO
2023-04-28 11:32:00,185.1,185.1,185.1,185.1,930.0,DEO
2023-04-28 11:31:00,185.105,185.105,185.105,185.105,274.0,DEO
2023-04-28 11:30:00,185.04,185.04,184.97,184.985,2429.0,DEO
2023-04-28 11:29:00,185.07,185.1,185.07,185.1,1287.0,DEO
2023-04-28 11:26:00,184.87,184.9,184.855,184.89,1236.0,DEO
2023-04-28 11:25:00,184.85,184.91,184.845,184.845,705.0,DEO
2023-04-28 11:24:00,184.795,184.81,184.795,184.8,909.0,DEO
2023-04-28 11:22:00,184.78,184.83,184.78,184.83,1675.0,DEO
2023-04-28 11:20:00,184.82,184.84,184.79,184.84,1327.0,DEO
2023-04-28 11:18:00,184.81,184.81,184.81,184.81,246.0,DEO
2023-04-28 11:17:00,184.82,184.82,184.82,184.82,116.0,DEO
2023-04-28 11:16:00,184.71,184.77,184.71,184.77,443.0,DEO
2023-04-28 11:15:00,184.72,184.75,184.72,184.75,362.0,DEO
2023-04-28 11:14:00,184.6733,184.705,184.6733,184.705,395.0,DEO
2023-04-28 11:12:00,184.75,184.75,184.75,184.75,202.0,DEO
2023-04-28 11:11:00,184.57,184.71,184.57,184.71,1299.0,DEO
2023-04-28 11:10:00,184.48,184.595,184.48,184.5675,715.0,DEO
2023-04-28 11:09:00,184.51,184.51,184.46,184.46,999.0,DEO
2023-04-28 11:08:00,184.43,184.55,184.43,184.52,731.0,DEO
2023-04-28 11:07:00,184.34,184.4,184.34,184.4,928.0,DEO
2023-04-28 11:06:00,184.32,184.34,184.32,184.34,328.0,DEO
2023-04-28 11:05:00,184.39,184.39,184.36,184.36,663.0,DEO
2023-04-28 11:04:00,184.44,184.44,184.38,184.38,393.0,DEO
2023-04-28 11:03:00,184.42,184.43,184.4159,184.43,557.0,DEO
2023-04-28 11:02:00,184.47,184.48,184.47,184.47,999.0,DEO
2023-04-28 11:01:00,184.45,184.45,184.45,184.45,497.0,DEO
2023-04-28 11:00:00,184.48,184.48,184.4545,184.4545,608.0,DEO
2023-04-28 10:59:00,184.39,184.48,184.39,184.48,1109.0,DEO
2023-04-28 10:58:00,184.37,184.39,184.3,184.39,835.0,DEO
2023-04-28 10:57:00,184.37,184.38,184.34,184.38,971.0,DEO
2023-04-28 10:56:00,184.32,184.495,184.32,184.495,1125.0,DEO
2023-04-28 10:55:00,184.26,184.32,184.26,184.31,1482.0,DEO
2023-04-28 10:54:00,184.23,184.23,184.23,184.23,273.0,DEO
2023-04-28 10:53:00,184.27,184.27,184.27,184.27,342.0,DEO
2023-04-28 10:51:00,184.32,184.32,184.18,184.18,1355.0,DEO
2023-04-28 10:50:00,184.38,184.38,184.35,184.35,1060.0,DEO
2023-04-28 10:49:00,184.38,184.38,184.36,184.36,1042.0,DEO
2023-04-28 10:48:00,184.35,184.37,184.33,184.37,1123.0,DEO
2023-04-28 10:47:00,184.3,184.395,184.3,184.31,820.0,DEO
2023-04-28 10:46:00,184.29,184.29,184.25,184.25,868.0,DEO
2023-04-28 10:45:00,184.29,184.29,184.29,184.29,114.0,DEO
2023-04-28 10:44:00,184.32,184.32,184.31,184.31,538.0,DEO
2023-04-28 10:43:00,184.33,184.33,184.33,184.33,401.0,DEO
2023-04-28 10:42:00,184.3992,184.3992,184.28,184.32,886.0,DEO
2023-04-28 10:41:00,184.2385,184.31,184.2385,184.31,1719.0,DEO
2023-04-28 10:40:00,184.24,184.3,184.24,184.3,992.0,DEO
2023-04-28 10:38:00,184.11,184.205,184.11,184.14,1679.0,DEO
2023-04-28 10:37:00,184.17,184.17,184.12,184.14,1279.0,DEO
2023-04-28 10:36:00,184.12,184.12,184.11,184.11,593.0,DEO
2023-04-28 10:35:00,184.0,184.08,184.0,184.08,4242.0,DEO
2023-04-28 10:34:00,184.125,184.125,184.03,184.03,1615.0,DEO
2023-04-28 10:33:00,184.14,184.145,184.1,184.145,1505.0,DEO
2023-04-28 10:32:00,184.04,184.18,184.03,184.17,5253.0,DEO
2023-04-28 10:31:00,183.95,184.12,183.95,184.03,8270.0,DEO
2023-04-28 10:30:00,183.89,183.94,183.89,183.94,897.0,DEO
2023-04-28 10:29:00,183.88,183.92,183.87,183.9,2119.0,DEO
2023-04-28 10:28:00,183.92,183.92,183.87,183.87,528.0,DEO
2023-04-28 10:27:00,183.88,183.88,183.83,183.88,2466.0,DEO
2023-04-28 10:26:00,183.84,183.9,183.84,183.9,577.0,DEO
2023-04-28 10:25:00,183.92,183.92,183.81,183.81,2414.0,DEO
2023-04-28 10:24:00,183.78,183.91,183.78,183.91,2926.0,DEO
2023-04-28 10:23:00,183.78,183.785,183.78,183.78,470.0,DEO
2023-04-28 10:22:00,183.79,183.85,183.79,183.82,3405.0,DEO
2023-04-28 10:21:00,183.79,183.82,183.77,183.77,1425.0,DEO
2023-04-28 10:20:00,183.73,183.765,183.69,183.765,1583.0,DEO
2023-04-28 10:19:00,183.84,183.84,183.77,183.77,3233.0,DEO
2023-04-28 10:18:00,183.8375,183.8375,183.829,183.829,726.0,DEO
2023-04-28 10:17:00,183.88,183.895,183.82,183.86,2756.0,DEO
2023-04-28 10:16:00,183.845,183.91,183.845,183.88,1807.0,DEO
2023-04-28 10:15:00,183.84,183.87,183.84,183.87,1207.0,DEO
2023-04-28 10:14:00,183.76,183.86,183.76,183.81,5888.0,DEO
2023-04-28 10:13:00,183.79,183.79,183.79,183.79,914.0,DEO
2023-04-28 10:12:00,183.91,183.93,183.78,183.78,3738.0,DEO
2023-04-28 10:11:00,183.85,183.88,183.85,183.88,1638.0,DEO
2023-04-28 10:10:00,183.85,183.98,183.84,183.84,1729.0,DEO
2023-04-28 10:09:00,183.66,183.835,183.66,183.835,3238.0,DEO
2023-04-28 10:08:00,183.68,183.68,183.65,183.65,1877.0,DEO
2023-04-28 10:07:00,183.81,183.81,183.7,183.705,1405.0,DEO
2023-04-28 10:06:00,183.89,183.89,183.82,183.83,3120.0,DEO
2023-04-28 10:05:00,183.82,183.86,183.82,183.85,1055.0,DEO
2023-04-28 10:04:00,183.8,183.84,183.8,183.83,1405.0,DEO
2023-04-28 10:03:00,183.82,183.82,183.76,183.81,4150.0,DEO
2023-04-28 10:02:00,183.904,183.99,183.82,183.82,2764.0,DEO
2023-04-28 10:01:00,184.09,184.09,183.97,183.97,2669.0,DEO
2023-04-28 10:00:00,184.25,184.26,184.22,184.22,1871.0,DEO
2023-04-28 09:59:00,184.5,184.5,184.32,184.32,1298.0,DEO
2023-04-28 09:58:00,184.51,184.54,184.5,184.5,2505.0,DEO
2023-04-28 09:57:00,184.49,184.51,184.46,184.46,2387.0,DEO
2023-04-28 09:56:00,184.47,184.52,184.47,184.52,1186.0,DEO
2023-04-28 09:55:00,184.48,184.52,184.48,184.49,1838.0,DEO
2023-04-28 09:54:00,184.34,184.37,184.34,184.37,842.0,DEO
2023-04-28 09:53:00,184.3896,184.45,184.35,184.41,2677.0,DEO
2023-04-28 09:52:00,184.35,184.38,184.35,184.38,655.0,DEO
2023-04-28 09:51:00,184.39,184.43,184.33,184.33,1460.0,DEO
2023-04-28 09:50:00,184.35,184.39,184.35,184.39,2008.0,DEO
2023-04-28 09:49:00,184.33,184.36,184.33,184.36,1704.0,DEO
2023-04-28 09:48:00,184.39,184.3984,184.39,184.3984,706.0,DEO
2023-04-28 09:47:00,184.36,184.52,184.36,184.52,2746.0,DEO
2023-04-28 09:46:00,184.37,184.44,184.37,184.44,2016.0,DEO
2023-04-28 09:45:00,184.44,184.44,184.35,184.35,2627.0,DEO
2023-04-28 09:43:00,184.33,184.44,184.33,184.39,1767.0,DEO
2023-04-28 09:42:00,184.443,184.52,184.44,184.45,742.0,DEO
2023-04-28 09:41:00,184.57,184.57,184.48,184.48,1184.0,DEO
2023-04-28 09:40:00,184.48,184.53,184.48,184.53,1459.0,DEO
2023-04-28 09:39:00,184.63,184.63,184.52,184.52,827.0,DEO
2023-04-28 09:38:00,184.46,184.6,184.46,184.6,3760.0,DEO
2023-04-28 09:37:00,184.5,184.5,184.5,184.5,280.0,DEO
2023-04-28 09:36:00,184.365,184.5,184.365,184.45,3083.0,DEO
2023-04-28 09:35:00,184.55,184.6,184.37,184.37,8184.0,DEO
2023-04-28 09:34:00,184.63,184.63,184.61,184.62,509.0,DEO
2023-04-28 09:32:00,184.61,184.61,184.61,184.61,965.0,DEO
2023-04-28 09:31:00,184.3,184.6,184.29,184.6,3561.0,DEO
2023-04-28 09:30:00,184.31,184.31,184.13,184.13,200.0,DEO
2023-04-28 09:29:00,184.32,184.32,184.32,184.32,200.0,DEO
2023-04-28 09:27:00,184.39,184.43,184.39,184.43,300.0,DEO
2023-04-28 09:26:00,184.34,184.37,184.34,184.37,400.0,DEO
2023-04-28 09:24:00,184.44,184.44,184.42,184.42,216.0,DEO
2023-04-28 09:23:00,184.53,184.53,184.53,184.53,409.0,DEO
2023-04-28 09:21:00,184.46,184.56,184.46,184.56,1440.0,DEO
2023-04-28 09:12:00,184.25,184.25,184.25,184.25,150.0,DEO
2023-04-28 09:10:00,184.3,184.3,184.29,184.29,256.0,DEO
2023-04-28 09:01:00,183.81,183.81,183.8,183.8,354.0,DEO
2023-04-28 08:47:00,183.28,183.32,183.28,183.32,600.0,DEO
2023-04-28 08:31:00,182.64,182.64,182.64,182.64,206.0,DEO
2023-04-27 16:00:00,189.14,189.28,189.14,189.28,4598.0,DEO
2023-04-27 15:59:00,189.11,189.195,189.08,189.17,6132.0,DEO
2023-04-27 15:58:00,189.09,189.12,189.07,189.12,3253.0,DEO
2023-04-27 15:57:00,189.12,189.12,189.1,189.1,881.0,DEO
2023-04-27 15:56:00,189.21,189.21,189.12,189.12,3844.0,DEO
2023-04-27 15:55:00,189.18,189.18,189.17,189.17,887.0,DEO
2023-04-27 15:54:00,189.22,189.22,189.18,189.18,1539.0,DEO
2023-04-27 15:53:00,189.215,189.24,189.205,189.24,819.0,DEO
2023-04-27 15:52:00,189.22,189.22,189.16,189.1875,1722.0,DEO
2023-04-27 15:51:00,189.24,189.31,189.21,189.31,1343.0,DEO
2023-04-27 15:50:00,189.2108,189.24,189.2108,189.24,410.0,DEO
2023-04-27 15:49:00,189.24,189.28,189.24,189.28,856.0,DEO
2023-04-27 15:48:00,189.315,189.315,189.21,189.22,3960.0,DEO
2023-04-27 15:47:00,189.245,189.245,189.245,189.245,199.0,DEO
2023-04-27 15:46:00,189.2354,189.2354,189.1927,189.22,889.0,DEO
2023-04-27 15:45:00,189.25,189.25,189.2425,189.2425,349.0,DEO
2023-04-27 15:44:00,189.2,189.2,189.15,189.15,901.0,DEO
2023-04-27 15:43:00,189.2,189.2,189.2,189.2,596.0,DEO
2023-04-27 15:42:00,189.17,189.17,189.17,189.17,450.0,DEO
2023-04-27 15:41:00,189.19,189.19,189.19,189.19,327.0,DEO
2023-04-27 15:39:00,189.179,189.19,189.16,189.18,1155.0,DEO
2023-04-27 15:38:00,189.19,189.2051,189.17,189.18,722.0,DEO
2023-04-27 15:37:00,189.14,189.14,189.14,189.14,696.0,DEO
2023-04-27 15:34:00,189.13,189.13,189.13,189.13,355.0,DEO
2023-04-27 15:33:00,189.2,189.2,189.1268,189.1268,837.0,DEO
2023-04-27 15:32:00,189.21,189.21,189.2,189.2,655.0,DEO
2023-04-27 15:31:00,189.21,189.21,189.21,189.21,266.0,DEO
2023-04-27 15:27:00,189.33,189.33,189.33,189.33,311.0,DEO
2023-04-27 15:26:00,189.355,189.355,189.31,189.3107,1913.0,DEO
2023-04-27 15:24:00,189.36,189.4,189.35,189.36,925.0,DEO
2023-04-27 15:23:00,189.43,189.43,189.37,189.375,1786.0,DEO
2023-04-27 15:22:00,189.43,189.43,189.38,189.42,670.0,DEO
2023-04-27 15:21:00,189.4032,189.4167,189.39,189.4167,1168.0,DEO
2023-04-27 15:20:00,189.42,189.42,189.42,189.42,407.0,DEO
2023-04-27 15:19:00,189.41,189.41,189.36,189.39,981.0,DEO
2023-04-27 15:18:00,189.36,189.38,189.22,189.37,5870.0,DEO
2023-04-27 15:16:00,189.3445,189.402,189.3445,189.402,1186.0,DEO
2023-04-27 15:14:00,189.41,189.41,189.4,189.41,1444.0,DEO
2023-04-27 15:13:00,189.47,189.47,189.47,189.47,285.0,DEO
2023-04-27 15:11:00,189.49,189.49,189.49,189.49,232.0,DEO
2023-04-27 15:09:00,189.4,189.4,189.4,189.4,245.0,DEO
2023-04-27 15:07:00,189.47,189.47,189.44,189.44,505.0,DEO
2023-04-27 15:06:00,189.54,189.54,189.54,189.54,247.0,DEO
2023-04-27 15:05:00,189.475,189.475,189.475,189.475,205.0,DEO
2023-04-27 15:04:00,189.4001,189.4001,189.4001,189.4001,397.0,DEO
2023-04-27 15:03:00,189.45,189.51,189.45,189.51,470.0,DEO
2023-04-27 15:02:00,189.426,189.426,189.426,189.426,264.0,DEO
2023-04-27 15:00:00,189.43,189.43,189.39,189.39,888.0,DEO
2023-04-27 14:58:00,189.3619,189.3619,189.3619,189.3619,160.0,DEO
2023-04-27 14:57:00,189.4,189.4,189.4,189.4,412.0,DEO
2023-04-27 14:55:00,189.32,189.32,189.2401,189.25,1585.0,DEO
2023-04-27 14:54:00,189.3199,189.32,189.3199,189.32,349.0,DEO
2023-04-27 14:53:00,189.2239,189.2239,189.2239,189.2239,306.0,DEO
2023-04-27 14:51:00,189.3,189.3,189.224,189.224,433.0,DEO
2023-04-27 14:50:00,189.39,189.39,189.39,189.39,162.0,DEO
2023-04-27 14:49:00,189.195,189.195,189.195,189.195,285.0,DEO
2023-04-27 14:48:00,189.17,189.17,189.11,189.135,634.0,DEO
2023-04-27 14:45:00,189.205,189.205,189.205,189.205,304.0,DEO
2023-04-27 14:44:00,189.2,189.31,189.2,189.31,555.0,DEO
2023-04-27 14:40:00,189.1,189.15,189.1,189.15,544.0,DEO
2023-04-27 14:39:00,189.09,189.09,189.07,189.07,496.0,DEO
2023-04-27 14:38:00,189.15,189.15,189.1,189.1,886.0,DEO
2023-04-27 14:37:00,189.1625,189.1625,189.1625,189.1625,193.0,DEO
2023-04-27 14:36:00,189.14,189.14,189.14,189.14,451.0,DEO
2023-04-27 14:34:00,189.14,189.15,189.14,189.15,268.0,DEO
2023-04-27 14:33:00,189.12,189.13,189.12,189.13,309.0,DEO
2023-04-27 14:31:00,189.145,189.15,189.13,189.15,965.0,DEO
2023-04-27 14:29:00,189.03,189.04,189.03,189.04,1024.0,DEO
2023-04-27 14:28:00,189.02,189.02,189.015,189.015,379.0,DEO
2023-04-27 14:26:00,189.06,189.07,189.06,189.07,300.0,DEO
2023-04-27 14:25:00,188.99,188.99,188.99,188.99,235.0,DEO
2023-04-27 14:24:00,188.96,188.96,188.96,188.96,222.0,DEO
2023-04-27 14:22:00,188.98,188.99,188.97,188.98,540.0,DEO
2023-04-27 14:20:00,188.93,188.9715,188.92,188.9715,909.0,DEO
2023-04-27 14:19:00,188.905,188.94,188.905,188.94,547.0,DEO
2023-04-27 14:17:00,188.94,188.95,188.92,188.92,1251.0,DEO
2023-04-27 14:13:00,188.89,188.89,188.89,188.89,362.0,DEO
2023-04-27 14:12:00,188.8582,188.8582,188.8582,188.8582,342.0,DEO
2023-04-27 14:11:00,188.78,188.78,188.78,188.78,398.0,DEO
2023-04-27 14:10:00,188.8243,188.8243,188.8243,188.8243,211.0,DEO
2023-04-27 14:09:00,188.8256,188.83,188.8256,188.83,323.0,DEO
2023-04-27 14:08:00,188.82,188.82,188.82,188.82,289.0,DEO
2023-04-27 14:06:00,188.845,188.845,188.845,188.845,299.0,DEO
2023-04-27 14:05:00,188.7979,188.7979,188.7979,188.7979,141.0,DEO
2023-04-27 14:03:00,188.87,188.87,188.84,188.84,706.0,DEO
2023-04-27 14:01:00,188.8646,188.8646,188.8646,188.8646,332.0,DEO
2023-04-27 14:00:00,188.825,188.825,188.825,188.825,174.0,DEO
2023-04-27 13:59:00,188.82,188.82,188.82,188.82,129.0,DEO
2023-04-27 13:58:00,188.8,188.8,188.8,188.8,121.0,DEO
2023-04-27 13:55:00,188.81,188.81,188.81,188.81,143.0,DEO
2023-04-27 13:54:00,188.7897,188.865,188.7897,188.865,419.0,DEO
2023-04-27 13:50:00,188.83,188.83,188.8,188.8,982.0,DEO
2023-04-27 13:49:00,188.81,188.86,188.81,188.83,2174.0,DEO
2023-04-27 13:48:00,188.79,188.82,188.79,188.8125,763.0,DEO
2023-04-27 13:47:00,188.72,188.72,188.72,188.72,217.0,DEO
2023-04-27 13:46:00,188.725,188.725,188.725,188.725,297.0,DEO
2023-04-27 13:44:00,188.7,188.7,188.7,188.7,242.0,DEO
2023-04-27 13:42:00,188.7577,188.7577,188.7577,188.7577,264.0,DEO
2023-04-27 13:41:00,188.7425,188.7425,188.7425,188.7425,148.0,DEO
2023-04-27 13:40:00,188.825,188.825,188.825,188.825,720.0,DEO
2023-04-27 13:39:00,188.84,188.84,188.84,188.84,103.0,DEO
2023-04-27 13:38:00,188.81,188.84,188.81,188.81,532.0,DEO
2023-04-27 13:35:00,188.73,188.755,188.72,188.755,1313.0,DEO
2023-04-27 13:31:00,188.56,188.56,188.56,188.56,321.0,DEO
2023-04-27 13:30:00,188.4908,188.56,188.4908,188.56,497.0,DEO
2023-04-27 13:29:00,188.57,188.57,188.56,188.56,587.0,DEO
2023-04-27 13:27:00,188.655,188.655,188.63,188.63,270.0,DEO
2023-04-27 13:26:00,188.59,188.62,188.59,188.61,395.0,DEO
2023-04-27 13:25:00,188.615,188.615,188.615,188.615,170.0,DEO
2023-04-27 13:24:00,188.6,188.61,188.6,188.61,785.0,DEO
2023-04-27 13:23:00,188.655,188.67,188.6,188.67,661.0,DEO
2023-04-27 13:22:00,188.59,188.6,188.59,188.6,1149.0,DEO
2023-04-27 13:21:00,188.57,188.57,188.54,188.56,597.0,DEO
2023-04-27 13:20:00,188.5883,188.5883,188.5883,188.5883,257.0,DEO
2023-04-27 13:19:00,188.575,188.575,188.575,188.575,321.0,DEO
2023-04-27 13:18:00,188.705,188.705,188.61,188.62,1183.0,DEO
2023-04-27 13:17:00,188.69,188.7,188.68,188.69,992.0,DEO
2023-04-27 13:10:00,188.68,188.68,188.675,188.675,585.0,DEO
2023-04-27 13:08:00,188.675,188.675,188.53,188.53,452.0,DEO
2023-04-27 12:59:00,188.63,188.63,188.61,188.61,711.0,DEO
2023-04-27 12:54:00,188.71,188.71,188.71,188.71,324.0,DEO
2023-04-27 12:52:00,188.66,188.66,188.66,188.66,296.0,DEO
2023-04-27 12:50:00,188.62,188.62,188.62,188.62,228.0,DEO
2023-04-27 12:49:00,188.62,188.62,188.575,188.575,588.0,DEO
2023-04-27 12:47:00,188.58,188.58,188.58,188.58,168.0,DEO
2023-04-27 12:46:00,188.62,188.62,188.58,188.58,538.0,DEO
2023-04-27 12:44:00,188.57,188.57,188.57,188.57,714.0,DEO
2023-04-27 12:43:00,188.53,188.53,188.53,188.53,195.0,DEO
2023-04-27 12:40:00,188.53,188.53,188.53,188.53,151.0,DEO
2023-04-27 12:36:00,188.52,188.52,188.46,188.46,956.0,DEO
2023-04-27 12:34:00,188.4996,188.4996,188.4,188.4,1447.0,DEO
2023-04-27 12:33:00,188.4675,188.49,188.4675,188.49,416.0,DEO
2023-04-27 12:30:00,188.5,188.5,188.5,188.5,170.0,DEO
2023-04-27 12:28:00,188.555,188.555,188.555,188.555,168.0,DEO
2023-04-27 12:26:00,188.55,188.55,188.55,188.55,137.0,DEO
2023-04-27 12:24:00,188.43,188.44,188.43,188.44,528.0,DEO
2023-04-27 12:22:00,188.46,188.46,188.46,188.46,413.0,DEO
2023-04-27 12:13:00,188.315,188.315,188.315,188.315,114.0,DEO
2023-04-27 12:10:00,188.385,188.405,188.385,188.405,350.0,DEO
2023-04-27 12:09:00,188.385,188.385,188.385,188.385,124.0,DEO
2023-04-27 12:08:00,188.44,188.44,188.39,188.39,762.0,DEO
2023-04-27 12:07:00,188.5,188.5,188.5,188.5,139.0,DEO
2023-04-27 12:06:00,188.48,188.48,188.47,188.47,1058.0,DEO
2023-04-27 12:05:00,188.53,188.6,188.5,188.6,308.0,DEO
2023-04-27 12:04:00,188.53,188.53,188.53,188.53,237.0,DEO
2023-04-27 12:03:00,188.4522,188.5,188.4522,188.5,843.0,DEO
2023-04-27 12:02:00,188.4917,188.4917,188.4917,188.4917,404.0,DEO
2023-04-27 12:00:00,188.43,188.43,188.43,188.43,290.0,DEO
2023-04-27 11:58:00,188.37,188.39,188.37,188.375,660.0,DEO
2023-04-27 11:57:00,188.37,188.37,188.37,188.37,474.0,DEO
2023-04-27 11:55:00,188.37,188.37,188.37,188.37,264.0,DEO
2023-04-27 11:53:00,188.34,188.38,188.32,188.38,1544.0,DEO
2023-04-27 11:51:00,188.3,188.32,188.27,188.32,699.0,DEO
2023-04-27 11:48:00,188.27,188.27,188.27,188.27,162.0,DEO
2023-04-27 11:47:00,188.28,188.28,188.2575,188.2575,420.0,DEO
2023-04-27 11:45:00,188.26,188.29,188.26,188.29,279.0,DEO
2023-04-27 11:44:00,188.33,188.33,188.26,188.3103,2357.0,DEO
2023-04-27 11:43:00,188.25,188.25,188.22,188.22,644.0,DEO
2023-04-27 11:40:00,188.27,188.27,188.27,188.27,268.0,DEO
2023-04-27 11:39:00,188.27,188.27,188.27,188.27,102.0,DEO
2023-04-27 11:38:00,188.27,188.27,188.27,188.27,239.0,DEO
2023-04-27 11:37:00,188.305,188.31,188.305,188.31,498.0,DEO
2023-04-27 11:35:00,188.31,188.31,188.31,188.31,417.0,DEO
2023-04-27 11:34:00,188.42,188.45,188.33,188.395,3872.0,DEO
2023-04-27 11:33:00,188.3275,188.46,188.3275,188.46,5319.0,DEO
2023-04-27 11:31:00,188.2113,188.2113,188.2113,188.2113,260.0,DEO
2023-04-27 11:30:00,188.21,188.21,188.21,188.21,277.0,DEO
2023-04-27 11:29:00,188.18,188.19,188.16,188.19,675.0,DEO
2023-04-27 11:28:00,188.16,188.16,188.16,188.16,426.0,DEO
2023-04-27 11:26:00,188.1,188.1,188.1,188.1,384.0,DEO
2023-04-27 11:25:00,187.95,188.08,187.95,188.07,2688.0,DEO
2023-04-27 11:24:00,187.93,188.0,187.93,188.0,1390.0,DEO
2023-04-27 11:23:00,187.95,187.95,187.95,187.95,604.0,DEO
2023-04-27 11:22:00,187.98,187.98,187.98,187.98,385.0,DEO
2023-04-27 11:21:00,188.03,188.03,188.03,188.03,182.0,DEO
2023-04-27 11:20:00,188.02,188.02,187.99,188.0,1021.0,DEO
2023-04-27 11:19:00,187.98,187.98,187.98,187.98,282.0,DEO
2023-04-27 11:18:00,187.94,187.97,187.94,187.96,372.0,DEO
2023-04-27 11:16:00,187.9323,187.9323,187.9323,187.9323,346.0,DEO
2023-04-27 11:15:00,187.9,187.9,187.9,187.9,217.0,DEO
2023-04-27 11:14:00,187.89,187.9,187.89,187.9,585.0,DEO
2023-04-27 11:13:00,187.94,187.94,187.885,187.885,371.0,DEO
2023-04-27 11:12:00,187.995,187.995,187.97,187.97,264.0,DEO
2023-04-27 11:11:00,187.91,187.945,187.91,187.94,601.0,DEO
2023-04-27 11:09:00,187.95,187.9889,187.95,187.9889,564.0,DEO
2023-04-27 11:04:00,187.92,187.92,187.92,187.92,165.0,DEO
2023-04-27 11:03:00,187.93,187.93,187.9,187.9,493.0,DEO
2023-04-27 11:02:00,187.95,187.95,187.92,187.92,613.0,DEO
2023-04-27 10:58:00,187.995,188.025,187.95,187.95,715.0,DEO
2023-04-27 10:57:00,187.94,187.94,187.94,187.94,534.0,DEO
2023-04-27 10:56:00,187.9334,187.9356,187.9334,187.9356,431.0,DEO
2023-04-27 10:54:00,187.87,187.9,187.87,187.9,540.0,DEO
2023-04-27 10:53:00,187.87,187.87,187.87,187.87,507.0,DEO
2023-04-27 10:52:00,187.9,187.9,187.9,187.9,347.0,DEO
2023-04-27 10:51:00,187.8812,187.8837,187.8812,187.8837,247.0,DEO
2023-04-27 10:49:00,187.87,187.87,187.87,187.87,389.0,DEO
2023-04-27 10:48:00,187.88,187.88,187.88,187.88,278.0,DEO
2023-04-27 10:46:00,187.9,187.95,187.9,187.94,806.0,DEO
2023-04-27 10:43:00,187.82,187.82,187.82,187.82,190.0,DEO
2023-04-27 10:42:00,187.94,187.94,187.87,187.87,615.0,DEO
2023-04-27 10:41:00,187.98,187.98,187.9302,187.9302,1390.0,DEO
2023-04-27 10:40:00,187.96,188.05,187.96,187.98,716.0,DEO
2023-04-27 10:39:00,187.96,187.96,187.96,187.96,340.0,DEO
2023-04-27 10:36:00,187.87,187.87,187.87,187.87,365.0,DEO
2023-04-27 10:33:00,187.94,187.94,187.9,187.9,907.0,DEO
2023-04-27 10:32:00,187.93,187.97,187.93,187.97,674.0,DEO
2023-04-27 10:31:00,187.8222,187.8222,187.8222,187.8222,710.0,DEO
2023-04-27 10:30:00,187.76,187.84,187.76,187.84,900.0,DEO
2023-04-27 10:29:00,187.8,187.8,187.8,187.8,448.0,DEO
2023-04-27 10:25:00,187.9599,187.9599,187.9599,187.9599,405.0,DEO
2023-04-27 10:24:00,187.95,187.95,187.89,187.89,699.0,DEO
2023-04-27 10:23:00,187.9844,187.9844,187.9844,187.9844,346.0,DEO
2023-04-27 10:21:00,187.8909,187.9603,187.8909,187.9603,506.0,DEO
2023-04-27 10:20:00,188.04,188.04,188.04,188.04,325.0,DEO
2023-04-27 10:19:00,188.02,188.03,188.01,188.01,495.0,DEO
2023-04-27 10:18:00,188.11,188.11,188.04,188.04,631.0,DEO
2023-04-27 10:17:00,188.13,188.1966,188.13,188.1677,996.0,DEO
2023-04-27 10:16:00,188.05,188.05,188.05,188.05,182.0,DEO
2023-04-27 10:15:00,187.96,188.0,187.96,188.0,954.0,DEO
2023-04-27 10:14:00,187.94,187.94,187.94,187.94,205.0,DEO
2023-04-27 10:13:00,187.88,187.88,187.88,187.88,216.0,DEO
2023-04-27 10:11:00,187.98,187.98,187.91,187.94,890.0,DEO
2023-04-27 10:10:00,187.99,188.01,187.99,188.01,379.0,DEO
2023-04-27 10:08:00,187.915,187.915,187.915,187.915,292.0,DEO
2023-04-27 10:07:00,187.815,187.815,187.79,187.79,813.0,DEO
2023-04-27 10:06:00,187.79,187.835,187.79,187.835,673.0,DEO
2023-04-27 10:05:00,187.8454,187.8454,187.8454,187.8454,123.0,DEO
2023-04-27 10:04:00,187.8387,187.84,187.82,187.84,2034.0,DEO
2023-04-27 10:02:00,187.81,187.81,187.68,187.735,553.0,DEO
2023-04-27 10:01:00,187.89,187.89,187.89,187.89,118.0,DEO
2023-04-27 09:58:00,187.82,187.82,187.82,187.82,240.0,DEO
2023-04-27 09:57:00,187.86,187.98,187.86,187.98,549.0,DEO
2023-04-27 09:56:00,187.84,187.84,187.785,187.81,1056.0,DEO
2023-04-27 09:54:00,187.9,187.92,187.9,187.91,750.0,DEO
2023-04-27 09:53:00,187.88,187.88,187.8,187.8,372.0,DEO
2023-04-27 09:51:00,187.95,187.99,187.88,187.99,2058.0,DEO
2023-04-27 09:50:00,187.9,187.9,187.9,187.9,137.0,DEO
2023-04-27 09:49:00,187.79,187.79,187.79,187.79,163.0,DEO
2023-04-27 09:47:00,187.68,187.75,187.64,187.64,1805.0,DEO
2023-04-27 09:46:00,187.7,187.7,187.61,187.61,718.0,DEO
2023-04-27 09:45:00,187.63,187.66,187.63,187.66,653.0,DEO
2023-04-27 09:43:00,187.82,187.86,187.7,187.7,1496.0,DEO
2023-04-27 09:41:00,187.92,187.93,187.92,187.93,455.0,DEO
2023-04-27 09:40:00,187.93,187.93,187.93,187.93,439.0,DEO
2023-04-27 09:39:00,187.96,187.96,187.96,187.96,554.0,DEO
2023-04-27 09:38:00,188.05,188.05,188.05,188.05,353.0,DEO
2023-04-27 09:36:00,187.93,188.009,187.92,188.009,874.0,DEO
2023-04-27 09:35:00,187.91,187.98,187.91,187.98,435.0,DEO
2023-04-27 09:34:00,187.82,187.9,187.79,187.9,4033.0,DEO
2023-04-27 09:32:00,187.83,187.84,187.82,187.84,758.0,DEO
2023-04-27 09:31:00,187.52,187.74,187.52,187.73,1444.0,DEO
2023-04-27 09:30:00,187.57,187.57,187.52,187.57,820.0,DEO
2023-04-26 16:01:00,187.26,187.26,187.26,187.26,1170.0,DEO
2023-04-26 16:00:00,187.36,187.37,187.21,187.21,5600.0,DEO
2023-04-26 15:59:00,187.47,187.48,187.38,187.4,4291.0,DEO
2023-04-26 15:58:00,187.6,187.6,187.49,187.51,2318.0,DEO
2023-04-26 15:57:00,187.47,187.56,187.47,187.56,1924.0,DEO
2023-04-26 15:56:00,187.46,187.52,187.46,187.52,1065.0,DEO
2023-04-26 15:55:00,187.4,187.44,187.4,187.44,397.0,DEO
2023-04-26 15:54:00,187.22,187.31,187.22,187.31,2865.0,DEO
2023-04-26 15:53:00,187.21,187.24,187.21,187.24,366.0,DEO
2023-04-26 15:52:00,187.38,187.38,187.19,187.19,3082.0,DEO
2023-04-26 15:51:00,187.27,187.27,187.27,187.27,305.0,DEO
2023-04-26 15:49:00,187.26,187.26,187.24,187.24,1095.0,DEO
2023-04-26 15:46:00,187.21,187.2428,187.21,187.2428,636.0,DEO
2023-04-26 15:45:00,187.15,187.235,187.14,187.235,1610.0,DEO
2023-04-26 15:44:00,187.17,187.18,187.17,187.18,737.0,DEO
2023-04-26 15:43:00,187.18,187.18,187.18,187.18,110.0,DEO
2023-04-26 15:42:00,187.22,187.22,187.19,187.19,658.0,DEO
2023-04-26 15:40:00,187.25,187.25,187.25,187.25,406.0,DEO
2023-04-26 15:39:00,187.2704,187.2704,187.2704,187.2704,236.0,DEO
2023-04-26 15:38:00,187.25,187.25,187.245,187.245,294.0,DEO
2023-04-26 15:37:00,187.17,187.23,187.17,187.23,2025.0,DEO
2023-04-26 15:36:00,187.21,187.21,187.2,187.21,731.0,DEO
2023-04-26 15:35:00,187.255,187.26,187.255,187.26,347.0,DEO
2023-04-26 15:34:00,187.275,187.275,187.275,187.275,132.0,DEO
2023-04-26 15:33:00,187.25,187.27,187.25,187.27,695.0,DEO
2023-04-26 15:32:00,187.3429,187.3429,187.265,187.325,1743.0,DEO
2023-04-26 15:31:00,187.3324,187.3324,187.3324,187.3324,140.0,DEO
2023-04-26 15:29:00,187.325,187.325,187.325,187.325,418.0,DEO
2023-04-26 15:27:00,187.315,187.42,187.315,187.36,474.0,DEO
2023-04-26 15:24:00,187.33,187.4,187.33,187.4,282.0,DEO
2023-04-26 15:22:00,187.33,187.36,187.25,187.336,1583.0,DEO
2023-04-26 15:21:00,187.27,187.29,187.27,187.27,414.0,DEO
2023-04-26 15:18:00,187.4,187.42,187.3301,187.34,1196.0,DEO
2023-04-26 15:16:00,187.47,187.47,187.4,187.4,1003.0,DEO
2023-04-26 15:14:00,187.48,187.48,187.455,187.455,868.0,DEO
2023-04-26 15:13:00,187.47,187.475,187.43,187.47,1659.0,DEO
2023-04-26 15:09:00,187.495,187.495,187.495,187.495,224.0,DEO
2023-04-26 15:04:00,187.51,187.545,187.4882,187.4882,1048.0,DEO
2023-04-26 15:03:00,187.59,187.59,187.59,187.59,115.0,DEO
2023-04-26 15:02:00,187.5554,187.58,187.5554,187.58,282.0,DEO
2023-04-26 15:01:00,187.5984,187.5984,187.5927,187.5927,249.0,DEO
2023-04-26 14:59:00,187.54,187.56,187.54,187.56,660.0,DEO
2023-04-26 14:58:00,187.4544,187.4544,187.4544,187.4544,238.0,DEO
2023-04-26 14:55:00,187.5518,187.5518,187.5518,187.5518,346.0,DEO
2023-04-26 14:54:00,187.48,187.52,187.48,187.52,621.0,DEO
2023-04-26 14:53:00,187.52,187.52,187.52,187.52,595.0,DEO
2023-04-26 14:52:00,187.6,187.6,187.57,187.57,459.0,DEO
2023-04-26 14:49:00,187.56,187.56,187.56,187.56,193.0,DEO
2023-04-26 14:47:00,187.48,187.48,187.48,187.48,224.0,DEO
2023-04-26 14:41:00,187.475,187.475,187.475,187.475,263.0,DEO
2023-04-26 14:38:00,187.45,187.45,187.45,187.45,469.0,DEO
2023-04-26 14:37:00,187.525,187.525,187.46,187.46,262.0,DEO
2023-04-26 14:36:00,187.52,187.6151,187.51,187.6151,805.0,DEO
2023-04-26 14:34:00,187.68,187.68,187.68,187.68,540.0,DEO
2023-04-26 14:33:00,187.67,187.67,187.65,187.65,401.0,DEO
2023-04-26 14:32:00,187.665,187.67,187.66,187.66,371.0,DEO
2023-04-26 14:29:00,187.77,187.77,187.74,187.76,481.0,DEO
2023-04-26 14:24:00,187.81,187.82,187.76,187.76,849.0,DEO
2023-04-26 14:23:00,187.68,187.72,187.68,187.72,214.0,DEO
2023-04-26 14:21:00,187.705,187.72,187.705,187.72,468.0,DEO
2023-04-26 14:20:00,187.7,187.77,187.695,187.77,1553.0,DEO
2023-04-26 14:19:00,187.77,187.77,187.77,187.77,314.0,DEO
2023-04-26 14:18:00,187.78,187.78,187.78,187.78,861.0,DEO
2023-04-26 14:16:00,187.775,187.82,187.775,187.82,365.0,DEO
2023-04-26 14:13:00,187.75,187.75,187.75,187.75,284.0,DEO
2023-04-26 14:12:00,187.78,187.82,187.78,187.82,636.0,DEO
2023-04-26 14:10:00,187.6612,187.768,187.6612,187.768,837.0,DEO
2023-04-26 14:09:00,187.77,187.77,187.77,187.77,549.0,DEO
2023-04-26 14:08:00,187.715,187.715,187.715,187.715,794.0,DEO
2023-04-26 14:07:00,187.715,187.715,187.715,187.715,211.0,DEO
2023-04-26 14:04:00,187.715,187.715,187.715,187.715,128.0,DEO
2023-04-26 14:01:00,187.725,187.725,187.725,187.725,269.0,DEO
2023-04-26 14:00:00,187.71,187.725,187.71,187.725,519.0,DEO
2023-04-26 13:58:00,187.75,187.75,187.72,187.72,501.0,DEO
2023-04-26 13:56:00,187.745,187.745,187.745,187.745,408.0,DEO
2023-04-26 13:55:00,187.82,187.82,187.82,187.82,232.0,DEO
2023-04-26 13:53:00,187.735,187.745,187.67,187.745,3419.0,DEO
2023-04-26 13:52:00,187.72,187.7447,187.72,187.7447,529.0,DEO
2023-04-26 13:50:00,187.915,187.915,187.915,187.915,255.0,DEO
2023-04-26 13:49:00,187.93,188.0351,187.93,188.0351,302.0,DEO
2023-04-26 13:47:00,187.99,187.99,187.97,187.97,328.0,DEO
2023-04-26 13:43:00,188.07,188.07,188.06,188.06,511.0,DEO
2023-04-26 13:40:00,188.14,188.14,188.08,188.08,367.0,DEO
2023-04-26 13:39:00,188.185,188.19,188.185,188.185,309.0,DEO
2023-04-26 13:38:00,188.24,188.24,188.24,188.24,285.0,DEO
2023-04-26 13:35:00,188.1326,188.1918,188.1326,188.1918,268.0,DEO
2023-04-26 13:33:00,188.2,188.2,188.2,188.2,109.0,DEO
2023-04-26 13:32:00,188.2,188.2,188.16,188.16,586.0,DEO
2023-04-26 13:31:00,188.195,188.195,188.195,188.195,123.0,DEO
2023-04-26 13:30:00,188.27,188.27,188.27,188.27,284.0,DEO
2023-04-26 13:29:00,188.305,188.305,188.305,188.305,303.0,DEO
2023-04-26 13:26:00,188.22,188.22,188.22,188.22,225.0,DEO
2023-04-26 13:24:00,188.29,188.29,188.25,188.25,429.0,DEO
2023-04-26 13:23:00,188.24,188.36,188.24,188.36,525.0,DEO
2023-04-26 13:22:00,188.3,188.3,188.3,188.3,170.0,DEO
2023-04-26 13:19:00,188.3,188.335,188.3,188.335,604.0,DEO
2023-04-26 13:18:00,188.27,188.28,188.25,188.28,612.0,DEO
2023-04-26 13:17:00,188.2166,188.2166,188.21,188.21,471.0,DEO
2023-04-26 13:16:00,188.285,188.285,188.285,188.285,318.0,DEO
2023-04-26 13:12:00,188.22,188.22,188.22,188.22,115.0,DEO
2023-04-26 13:11:00,188.275,188.275,188.275,188.275,155.0,DEO
2023-04-26 13:10:00,188.1659,188.22,188.1659,188.22,330.0,DEO
2023-04-26 13:09:00,188.31,188.31,188.26,188.26,552.0,DEO
2023-04-26 13:08:00,188.33,188.33,188.33,188.33,276.0,DEO
2023-04-26 13:07:00,188.42,188.42,188.42,188.42,161.0,DEO
2023-04-26 13:06:00,188.36,188.36,188.36,188.36,175.0,DEO
2023-04-26 13:05:00,188.355,188.355,188.29,188.29,268.0,DEO
2023-04-26 13:04:00,188.34,188.34,188.34,188.34,356.0,DEO
2023-04-26 13:03:00,188.2982,188.325,188.2982,188.325,834.0,DEO
2023-04-26 13:02:00,188.32,188.32,188.315,188.315,405.0,DEO
2023-04-26 13:00:00,188.31,188.31,188.31,188.31,178.0,DEO
2023-04-26 12:55:00,188.36,188.36,188.355,188.355,332.0,DEO
2023-04-26 12:51:00,188.315,188.315,188.315,188.315,213.0,DEO
2023-04-26 12:50:00,188.37,188.37,188.37,188.37,366.0,DEO
2023-04-26 12:47:00,188.305,188.305,188.305,188.305,141.0,DEO
2023-04-26 12:41:00,188.25,188.25,188.25,188.25,123.0,DEO
2023-04-26 12:38:00,188.2958,188.2958,188.2958,188.2958,192.0,DEO
2023-04-26 12:37:00,188.16,188.285,188.16,188.285,244.0,DEO
2023-04-26 12:36:00,188.33,188.33,188.33,188.33,313.0,DEO
2023-04-26 12:34:00,188.36,188.36,188.36,188.36,260.0,DEO
2023-04-26 12:33:00,188.41,188.42,188.41,188.42,564.0,DEO
2023-04-26 12:29:00,188.35,188.35,188.35,188.35,370.0,DEO
2023-04-26 12:24:00,188.36,188.36,188.36,188.36,147.0,DEO
2023-04-26 12:20:00,188.48,188.67,188.45,188.45,770.0,DEO
2023-04-26 12:17:00,188.595,188.625,188.58,188.625,1254.0,DEO
2023-04-26 12:16:00,188.64,188.64,188.64,188.64,349.0,DEO
2023-04-26 12:15:00,188.64,188.64,188.64,188.64,159.0,DEO
2023-04-26 12:14:00,188.72,188.73,188.72,188.72,588.0,DEO
2023-04-26 12:13:00,188.635,188.635,188.635,188.635,141.0,DEO
2023-04-26 12:06:00,188.62,188.62,188.62,188.62,691.0,DEO
2023-04-26 12:05:00,188.69,188.69,188.68,188.68,329.0,DEO
2023-04-26 12:04:00,188.69,188.69,188.5114,188.54,578.0,DEO
2023-04-26 12:03:00,188.69,188.69,188.69,188.69,341.0,DEO
2023-04-26 12:02:00,188.5941,188.6751,188.5941,188.6751,347.0,DEO
2023-04-26 12:00:00,188.6119,188.6119,188.6119,188.6119,147.0,DEO
2023-04-26 11:59:00,188.71,188.71,188.62,188.62,338.0,DEO
2023-04-26 11:57:00,188.69,188.692,188.65,188.65,1563.0,DEO
2023-04-26 11:56:00,188.572,188.572,188.572,188.572,335.0,DEO
2023-04-26 11:54:00,188.59,188.655,188.505,188.505,905.0,DEO
2023-04-26 11:52:00,188.665,188.665,188.56,188.56,231.0,DEO
2023-04-26 11:50:00,188.69,188.69,188.69,188.69,146.0,DEO
2023-04-26 11:49:00,188.8258,188.8258,188.8258,188.8258,287.0,DEO
2023-04-26 11:48:00,188.675,188.675,188.675,188.675,106.0,DEO
2023-04-26 11:40:00,188.6658,188.6658,188.665,188.665,2011.0,DEO
2023-04-26 11:37:00,188.65,188.65,188.65,188.65,228.0,DEO
2023-04-26 11:36:00,188.66,188.66,188.66,188.66,136.0,DEO
2023-04-26 11:35:00,188.75,188.81,188.51,188.705,8245.0,DEO
2023-04-26 11:34:00,188.66,188.665,188.66,188.665,391.0,DEO
2023-04-26 11:33:00,188.5,188.6,188.5,188.59,1691.0,DEO
2023-04-26 11:32:00,188.5,188.5,188.5,188.5,153.0,DEO
2023-04-26 11:31:00,188.395,188.395,188.395,188.395,269.0,DEO
2023-04-26 11:30:00,188.4,188.4,188.4,188.4,879.0,DEO
2023-04-26 11:29:00,188.42,188.42,188.42,188.42,457.0,DEO
2023-04-26 11:28:00,188.56,188.56,188.48,188.48,674.0,DEO
2023-04-26 11:26:00,188.6195,188.6195,188.55,188.55,866.0,DEO
2023-04-26 11:25:00,188.61,188.61,188.58,188.58,301.0,DEO
2023-04-26 11:24:00,188.53,188.53,188.5147,188.53,319.0,DEO
2023-04-26 11:23:00,188.56,188.56,188.56,188.56,203.0,DEO
2023-04-26 11:22:00,188.565,188.59,188.455,188.455,2429.0,DEO
2023-04-26 11:21:00,188.4765,188.52,188.4765,188.51,1168.0,DEO
2023-04-26 11:20:00,188.42,188.43,188.4,188.4,1117.0,DEO
2023-04-26 11:16:00,188.51,188.51,188.51,188.51,227.0,DEO
2023-04-26 11:15:00,188.63,188.63,188.6,188.6,654.0,DEO
2023-04-26 11:14:00,188.63,188.63,188.63,188.63,215.0,DEO
2023-04-26 11:13:00,188.67,188.67,188.62,188.62,642.0,DEO
2023-04-26 11:11:00,188.61,188.61,188.61,188.61,135.0,DEO
2023-04-26 11:10:00,188.56,188.56,188.56,188.56,1152.0,DEO
2023-04-26 11:09:00,188.56,188.66,188.55,188.66,857.0,DEO
2023-04-26 11:06:00,188.27,188.27,188.26,188.26,658.0,DEO
2023-04-26 11:05:00,188.29,188.29,188.18,188.18,1140.0,DEO
2023-04-26 11:04:00,188.2094,188.28,188.2094,188.28,1710.0,DEO
2023-04-26 11:03:00,188.23,188.23,188.22,188.22,663.0,DEO
2023-04-26 11:02:00,188.12,188.16,188.1,188.16,2312.0,DEO
2023-04-26 11:01:00,188.24,188.25,188.1,188.1,1816.0,DEO
2023-04-26 11:00:00,188.17,188.245,188.17,188.245,934.0,DEO
2023-04-26 10:59:00,188.19,188.2,188.17,188.2,1069.0,DEO
2023-04-26 10:58:00,188.18,188.26,188.16,188.26,1737.0,DEO
2023-04-26 10:56:00,188.12,188.18,188.08,188.16,1559.0,DEO
2023-04-26 10:55:00,188.12,188.16,188.06,188.11,3726.0,DEO
2023-04-26 10:54:00,188.22,188.24,188.18,188.2,2391.0,DEO
2023-04-26 10:53:00,188.32,188.32,188.205,188.24,1451.0,DEO
2023-04-26 10:52:00,188.37,188.38,188.3,188.3,901.0,DEO
2023-04-26 10:51:00,188.4,188.44,188.39,188.44,1245.0,DEO
2023-04-26 10:50:00,188.38,188.38,188.38,188.38,156.0,DEO
2023-04-26 10:48:00,188.37,188.43,188.37,188.4,2177.0,DEO
2023-04-26 10:47:00,188.34,188.35,188.33,188.33,838.0,DEO
2023-04-26 10:45:00,188.255,188.3,188.255,188.293,1492.0,DEO
2023-04-26 10:44:00,188.26,188.26,188.26,188.26,447.0,DEO
2023-04-26 10:42:00,188.41,188.41,188.41,188.41,671.0,DEO
2023-04-26 10:41:00,188.53,188.55,188.4892,188.4892,810.0,DEO
2023-04-26 10:40:00,188.41,188.41,188.41,188.41,909.0,DEO
2023-04-26 10:39:00,188.48,188.58,188.4501,188.51,3841.0,DEO
2023-04-26 10:38:00,188.47,188.5,188.46,188.5,2767.0,DEO
2023-04-26 10:37:00,188.64,188.65,188.47,188.47,9662.0,DEO
2023-04-26 10:36:00,188.51,188.6,188.51,188.6,4786.0,DEO
2023-04-26 10:35:00,188.63,188.63,188.47,188.51,2541.0,DEO
2023-04-26 10:34:00,188.79,188.79,188.69,188.69,1460.0,DEO
2023-04-26 10:33:00,188.76,188.81,188.74,188.77,2543.0,DEO
2023-04-26 10:32:00,188.69,188.75,188.69,188.75,4190.0,DEO
2023-04-26 10:31:00,188.65,188.7,188.65,188.7,1249.0,DEO
2023-04-26 10:30:00,188.6,188.66,188.586,188.586,2685.0,DEO
2023-04-26 10:29:00,188.58,188.58,188.58,188.58,648.0,DEO
2023-04-26 10:28:00,188.56,188.58,188.56,188.58,906.0,DEO
2023-04-26 10:27:00,188.64,188.64,188.61,188.61,1054.0,DEO
2023-04-26 10:26:00,188.7241,188.73,188.67,188.67,2114.0,DEO
2023-04-26 10:25:00,188.72,188.73,188.72,188.73,887.0,DEO
2023-04-26 10:24:00,188.83,188.83,188.77,188.77,859.0,DEO
2023-04-26 10:23:00,188.79,188.79,188.79,188.79,462.0,DEO
2023-04-26 10:22:00,188.84,188.845,188.84,188.84,1094.0,DEO
2023-04-26 10:21:00,188.85,188.9,188.85,188.865,942.0,DEO
2023-04-26 10:20:00,188.8,188.82,188.8,188.82,946.0,DEO
2023-04-26 10:19:00,188.82,188.83,188.77,188.77,2013.0,DEO
2023-04-26 10:18:00,188.88,188.88,188.83,188.84,2283.0,DEO
2023-04-26 10:17:00,188.815,188.88,188.815,188.86,1995.0,DEO
2023-04-26 10:16:00,188.84,188.86,188.8,188.825,1166.0,DEO
2023-04-26 10:15:00,188.8082,188.8082,188.8082,188.8082,382.0,DEO
2023-04-26 10:14:00,188.8625,188.88,188.8,188.88,3178.0,DEO
2023-04-26 10:13:00,188.86,188.88,188.84,188.88,906.0,DEO
2023-04-26 10:12:00,188.93,188.93,188.93,188.93,259.0,DEO
2023-04-26 10:09:00,188.96,188.96,188.96,188.96,115.0,DEO
2023-04-26 10:08:00,188.99,189.03,188.99,188.99,642.0,DEO
2023-04-26 10:07:00,189.025,189.025,189.0001,189.0001,1699.0,DEO
2023-04-26 10:06:00,189.0112,189.0112,188.97,188.97,1030.0,DEO
2023-04-26 10:04:00,189.095,189.095,189.095,189.095,198.0,DEO
2023-04-26 09:59:00,189.1724,189.1724,189.1724,189.1724,188.0,DEO
2023-04-26 09:58:00,189.18,189.18,189.12,189.18,2906.0,DEO
2023-04-26 09:57:00,189.2,189.2,189.1404,189.19,477.0,DEO
2023-04-26 09:56:00,189.17,189.17,189.17,189.17,288.0,DEO
2023-04-26 09:55:00,189.3,189.3,189.3,189.3,319.0,DEO
2023-04-26 09:54:00,189.28,189.32,189.28,189.32,2822.0,DEO
2023-04-26 09:50:00,189.24,189.26,189.22,189.26,515.0,DEO
2023-04-26 09:49:00,189.19,189.19,189.145,189.145,467.0,DEO
2023-04-26 09:48:00,189.167,189.167,189.167,189.167,623.0,DEO
2023-04-26 09:46:00,189.24,189.24,189.24,189.24,261.0,DEO
2023-04-26 09:44:00,189.23,189.23,189.16,189.22,1024.0,DEO
2023-04-26 09:41:00,189.24,189.24,189.1672,189.1672,596.0,DEO
2023-04-26 09:39:00,189.18,189.24,189.18,189.24,312.0,DEO
2023-04-26 09:38:00,189.2,189.2,189.2,189.2,469.0,DEO
2023-04-26 09:36:00,189.31,189.32,189.18,189.261,1523.0,DEO
2023-04-26 09:35:00,189.29,189.31,189.28,189.28,3830.0,DEO
2023-04-26 09:33:00,189.19,189.19,189.19,189.19,179.0,DEO
2023-04-26 09:32:00,189.02,189.07,189.02,189.07,609.0,DEO
2023-04-26 09:31:00,189.14,189.14,189.12,189.12,933.0,DEO
2023-04-26 09:30:00,189.19,189.2,189.19,189.2,527.0,DEO
2023-04-26 08:31:00,188.49,188.49,188.39,188.39,608.0,DEO
