date,1. open,2. high,3. low,4. close,5. volume,Ticker
2023-04-12 17:33:00,17.75,17.75,17.75,17.75,500.0,FHN
2023-04-12 16:57:00,17.75,17.75,17.75,17.75,1972.0,FHN
2023-04-12 16:19:00,17.86,17.86,17.86,17.86,5390.0,FHN
2023-04-12 16:02:00,17.86,17.86,17.86,17.86,678.0,FHN
2023-04-12 16:01:00,17.86,17.86,17.86,17.86,28927.0,FHN
2023-04-12 16:00:00,17.85,17.87,17.84,17.87,112588.0,FHN
2023-04-12 15:59:00,17.84,17.85,17.84,17.85,26437.0,FHN
2023-04-12 15:58:00,17.855,17.86,17.84,17.845,38792.0,FHN
2023-04-12 15:57:00,17.87,17.87,17.855,17.855,24420.0,FHN
2023-04-12 15:56:00,17.89,17.895,17.86,17.865,24994.0,FHN
2023-04-12 15:55:00,17.91,17.915,17.895,17.895,33672.0,FHN
2023-04-12 15:54:00,17.91,17.915,17.905,17.91,23974.0,FHN
2023-04-12 15:53:00,17.93,17.95,17.91,17.91,199096.0,FHN
2023-04-12 15:52:00,17.91,17.925,17.91,17.92,45218.0,FHN
2023-04-12 15:51:00,17.925,17.925,17.905,17.91,55462.0,FHN
2023-04-12 15:50:00,17.965,17.965,17.93,17.93,14152.0,FHN
2023-04-12 15:49:00,17.9699,17.97,17.955,17.97,11977.0,FHN
2023-04-12 15:48:00,17.99,17.9916,17.96,17.96,24362.0,FHN
2023-04-12 15:47:00,17.98,18.0,17.98,17.99,19628.0,FHN
2023-04-12 15:46:00,17.975,17.98,17.975,17.9777,2871.0,FHN
2023-04-12 15:45:00,17.97,17.98,17.9601,17.98,11439.0,FHN
2023-04-12 15:44:00,17.975,17.98,17.975,17.975,2007.0,FHN
2023-04-12 15:43:00,17.985,17.99,17.975,17.975,14087.0,FHN
2023-04-12 15:42:00,17.99,17.99,17.98,17.99,14694.0,FHN
2023-04-12 15:41:00,17.985,17.99,17.985,17.985,4932.0,FHN
2023-04-12 15:40:00,17.975,17.99,17.975,17.99,6611.0,FHN
2023-04-12 15:39:00,17.99,17.99,17.975,17.975,6768.0,FHN
2023-04-12 15:38:00,17.99,18.0,17.985,17.995,5621.0,FHN
2023-04-12 15:37:00,17.99,17.99,17.98,17.9805,8087.0,FHN
2023-04-12 15:36:00,17.995,17.995,17.9823,17.99,11294.0,FHN
2023-04-12 15:35:00,17.99,18.0,17.99,17.99,24175.0,FHN
2023-04-12 15:34:00,17.99,18.0,17.98,17.99,51466.0,FHN
2023-04-12 15:33:00,18.0,18.0,17.985,17.99,28835.0,FHN
2023-04-12 15:32:00,18.005,18.005,18.0,18.005,9520.0,FHN
2023-04-12 15:31:00,18.025,18.025,18.0,18.0,29681.0,FHN
2023-04-12 15:30:00,18.025,18.0277,18.02,18.025,6070.0,FHN
2023-04-12 15:29:00,18.03,18.03,18.02,18.025,3521.0,FHN
2023-04-12 15:28:00,18.05,18.05,18.03,18.035,4364.0,FHN
2023-04-12 15:27:00,18.03,18.06,18.015,18.05,25000.0,FHN
2023-04-12 15:26:00,18.035,18.04,18.03,18.035,13441.0,FHN
2023-04-12 15:25:00,18.055,18.055,18.035,18.035,6474.0,FHN
2023-04-12 15:24:00,18.06,18.065,18.05,18.055,16537.0,FHN
2023-04-12 15:23:00,18.065,18.075,18.055,18.055,15949.0,FHN
2023-04-12 15:22:00,18.07,18.09,18.06,18.07,13633.0,FHN
2023-04-12 15:21:00,18.065,18.07,18.065,18.065,4059.0,FHN
2023-04-12 15:20:00,18.055,18.07,18.055,18.07,4065.0,FHN
2023-04-12 15:19:00,18.055,18.06,18.05,18.06,4938.0,FHN
2023-04-12 15:18:00,18.085,18.085,18.05,18.058,4542.0,FHN
2023-04-12 15:17:00,18.07,18.09,18.07,18.0802,5631.0,FHN
2023-04-12 15:16:00,18.09,18.1,18.075,18.08,13978.0,FHN
2023-04-12 15:15:00,18.075,18.0999,18.07,18.0999,18242.0,FHN
2023-04-12 15:14:00,18.075,18.08,18.07,18.075,2356.0,FHN
2023-04-12 15:13:00,18.08,18.085,18.08,18.08,3639.0,FHN
2023-04-12 15:12:00,18.1,18.1,18.085,18.085,4063.0,FHN
2023-04-12 15:11:00,18.135,18.135,18.105,18.105,5091.0,FHN
2023-04-12 15:10:00,18.125,18.155,18.125,18.14,11573.0,FHN
2023-04-12 15:09:00,18.12,18.1294,18.115,18.1294,2281.0,FHN
2023-04-12 15:08:00,18.115,18.115,18.11,18.115,1378.0,FHN
2023-04-12 15:07:00,18.15,18.1525,18.12,18.12,21810.0,FHN
2023-04-12 15:06:00,18.135,18.15,18.135,18.1494,2615.0,FHN
2023-04-12 15:05:00,18.13,18.14,18.13,18.135,6315.0,FHN
2023-04-12 15:04:00,18.16,18.165,18.125,18.135,21262.0,FHN
2023-04-12 15:03:00,18.16,18.175,18.16,18.165,9791.0,FHN
2023-04-12 15:02:00,18.16,18.175,18.16,18.165,6420.0,FHN
2023-04-12 15:01:00,18.16,18.165,18.155,18.155,6376.0,FHN
2023-04-12 15:00:00,18.145,18.16,18.145,18.16,3242.0,FHN
2023-04-12 14:59:00,18.1401,18.16,18.14,18.1486,22529.0,FHN
2023-04-12 14:58:00,18.1494,18.1494,18.14,18.145,1511.0,FHN
2023-04-12 14:57:00,18.09,18.15,18.09,18.15,18115.0,FHN
2023-04-12 14:56:00,18.085,18.09,18.085,18.085,1281.0,FHN
2023-04-12 14:55:00,18.08,18.09,18.08,18.09,2671.0,FHN
2023-04-12 14:54:00,18.065,18.07,18.0604,18.07,6867.0,FHN
2023-04-12 14:53:00,18.06,18.065,18.05,18.065,8048.0,FHN
2023-04-12 14:52:00,18.07,18.07,18.06,18.06,4440.0,FHN
2023-04-12 14:51:00,18.06,18.065,18.06,18.065,2284.0,FHN
2023-04-12 14:50:00,18.06,18.06,18.05,18.05,2933.0,FHN
2023-04-12 14:49:00,18.06,18.065,18.05,18.065,6232.0,FHN
2023-04-12 14:48:00,18.07,18.07,18.06,18.07,4163.0,FHN
2023-04-12 14:47:00,18.11,18.11,18.07,18.07,17892.0,FHN
2023-04-12 14:46:00,18.11,18.12,18.1,18.101,15121.0,FHN
2023-04-12 14:45:00,18.095,18.115,18.09,18.11,42477.0,FHN
2023-04-12 14:44:00,18.105,18.1099,18.095,18.1,8735.0,FHN
2023-04-12 14:43:00,18.085,18.105,18.085,18.105,4793.0,FHN
2023-04-12 14:42:00,18.0995,18.11,18.09,18.09,9691.0,FHN
2023-04-12 14:41:00,18.095,18.1,18.095,18.1,1290.0,FHN
2023-04-12 14:40:00,18.12,18.13,18.095,18.1,10418.0,FHN
2023-04-12 14:39:00,18.125,18.13,18.12,18.125,1398.0,FHN
2023-04-12 14:38:00,18.12,18.13,18.115,18.125,9336.0,FHN
2023-04-12 14:37:00,18.07,18.12,18.07,18.115,7973.0,FHN
2023-04-12 14:36:00,18.095,18.095,18.07,18.07,6187.0,FHN
2023-04-12 14:35:00,18.08,18.1,18.08,18.1,4054.0,FHN
2023-04-12 14:34:00,18.035,18.08,18.035,18.08,10779.0,FHN
2023-04-12 14:33:00,18.04,18.04,18.02,18.03,5047.0,FHN
2023-04-12 14:32:00,18.07,18.08,18.045,18.045,17520.0,FHN
2023-04-12 14:31:00,18.12,18.125,18.08,18.08,10105.0,FHN
2023-04-12 14:30:00,18.13,18.13,18.12,18.125,8581.0,FHN
2023-04-12 14:29:00,18.13,18.14,18.13,18.14,2310.0,FHN
2023-04-12 14:28:00,18.14,18.14,18.12,18.13,12143.0,FHN
2023-04-12 14:27:00,18.17,18.175,18.135,18.14,7473.0,FHN
2023-04-12 14:26:00,18.175,18.18,18.165,18.18,3485.0,FHN
2023-04-12 14:25:00,18.205,18.205,18.175,18.175,14731.0,FHN
2023-04-12 14:24:00,18.2,18.2099,18.19,18.205,11678.0,FHN
2023-04-12 14:23:00,18.165,18.19,18.165,18.1894,8873.0,FHN
2023-04-12 14:22:00,18.18,18.18,18.17,18.17,10410.0,FHN
2023-04-12 14:21:00,18.22,18.22,18.18,18.1881,8476.0,FHN
2023-04-12 14:20:00,18.14,18.2284,18.14,18.2284,177591.0,FHN
2023-04-12 14:19:00,18.15,18.19,18.135,18.145,70556.0,FHN
2023-04-12 14:18:00,18.12,18.15,18.12,18.145,13702.0,FHN
2023-04-12 14:17:00,18.105,18.13,18.105,18.13,6679.0,FHN
2023-04-12 14:16:00,18.1,18.11,18.1,18.105,4582.0,FHN
2023-04-12 14:15:00,18.085,18.105,18.085,18.105,11915.0,FHN
2023-04-12 14:14:00,18.085,18.09,18.085,18.09,2055.0,FHN
2023-04-12 14:13:00,18.09,18.095,18.08,18.085,40641.0,FHN
2023-04-12 14:12:00,18.08,18.085,18.0775,18.085,1610.0,FHN
2023-04-12 14:11:00,18.085,18.09,18.055,18.08,12611.0,FHN
2023-04-12 14:10:00,18.085,18.095,18.06,18.085,56615.0,FHN
2023-04-12 14:09:00,18.085,18.09,18.08,18.08,2318.0,FHN
2023-04-12 14:08:00,18.1,18.105,18.08,18.08,23074.0,FHN
2023-04-12 14:07:00,18.08,18.1,18.075,18.095,37144.0,FHN
2023-04-12 14:06:00,18.0991,18.1,18.085,18.09,13547.0,FHN
2023-04-12 14:05:00,18.095,18.1,18.09,18.09,7030.0,FHN
2023-04-12 14:04:00,18.12,18.12,18.08,18.09,43360.0,FHN
2023-04-12 14:03:00,18.065,18.13,18.065,18.125,18699.0,FHN
2023-04-12 14:02:00,18.02,18.07,18.015,18.07,24524.0,FHN
2023-04-12 14:01:00,18.03,18.06,18.025,18.025,14362.0,FHN
2023-04-12 14:00:00,18.0,18.02,17.99,18.02,35201.0,FHN
2023-04-12 13:59:00,17.995,18.0,17.985,17.995,20408.0,FHN
2023-04-12 13:58:00,17.995,17.995,17.985,17.985,9592.0,FHN
2023-04-12 13:57:00,17.975,18.01,17.975,17.999,34164.0,FHN
2023-04-12 13:56:00,17.99,17.99,17.975,17.975,3078.0,FHN
2023-04-12 13:55:00,18.0,18.01,17.995,18.0,43991.0,FHN
2023-04-12 13:54:00,18.005,18.0075,17.985,18.005,8814.0,FHN
2023-04-12 13:53:00,18.0,18.02,18.0,18.01,41963.0,FHN
2023-04-12 13:52:00,18.03,18.0307,17.98,18.01,32447.0,FHN
2023-04-12 13:51:00,18.05,18.05,18.005,18.025,9312.0,FHN
2023-04-12 13:50:00,18.045,18.055,18.04,18.055,6774.0,FHN
2023-04-12 13:49:00,18.07,18.07,18.045,18.045,11136.0,FHN
2023-04-12 13:48:00,18.085,18.105,18.07,18.08,49310.0,FHN
2023-04-12 13:47:00,18.155,18.155,18.08,18.0897,11744.0,FHN
2023-04-12 13:46:00,18.16,18.17,18.15,18.155,23422.0,FHN
2023-04-12 13:45:00,18.17,18.17,18.13,18.16,14710.0,FHN
2023-04-12 13:44:00,18.175,18.18,18.17,18.17,1564.0,FHN
2023-04-12 13:43:00,18.2,18.2,18.17,18.17,8712.0,FHN
2023-04-12 13:42:00,18.22,18.25,18.1775,18.2001,55183.0,FHN
2023-04-12 13:41:00,18.13,18.22,18.125,18.215,33690.0,FHN
2023-04-12 13:40:00,18.23,18.235,18.11,18.125,34362.0,FHN
2023-04-12 13:39:00,18.2,18.22,18.12,18.22,43294.0,FHN
2023-04-12 13:38:00,18.25,18.26,18.21,18.22,52533.0,FHN
2023-04-12 13:37:00,18.27,18.29,18.24,18.26,49152.0,FHN
2023-04-12 13:36:00,18.37,18.37,18.265,18.27,84363.0,FHN
2023-04-12 13:35:00,18.44,18.45,18.3709,18.38,73372.0,FHN
2023-04-12 13:34:00,18.365,18.49,18.36,18.44,76638.0,FHN
2023-04-12 13:33:00,18.335,18.43,18.33,18.365,79522.0,FHN
2023-04-12 13:32:00,18.25,18.335,18.25,18.33,57324.0,FHN
2023-04-12 13:31:00,18.21,18.27,18.21,18.255,64714.0,FHN
2023-04-12 13:30:00,18.185,18.215,18.17,18.215,33147.0,FHN
2023-04-12 13:29:00,18.165,18.21,18.16,18.185,56177.0,FHN
2023-04-12 13:28:00,18.15,18.17,18.15,18.165,24715.0,FHN
2023-04-12 13:27:00,18.1002,18.15,18.075,18.145,54003.0,FHN
2023-04-12 13:26:00,18.1,18.14,18.1,18.1,42301.0,FHN
2023-04-12 13:25:00,18.1,18.11,18.08,18.105,14250.0,FHN
2023-04-12 13:24:00,18.09,18.1,18.05,18.1,62703.0,FHN
2023-04-12 13:23:00,18.03,18.1,18.03,18.095,35147.0,FHN
2023-04-12 13:22:00,18.08,18.08,18.03,18.03,19057.0,FHN
2023-04-12 13:21:00,18.14,18.16,18.09,18.09,52667.0,FHN
2023-04-12 13:20:00,18.125,18.145,18.1,18.135,65970.0,FHN
2023-04-12 13:19:00,18.09,18.13,18.09,18.125,129864.0,FHN
2023-04-12 13:18:00,18.05,18.15,18.05,18.1,81144.0,FHN
2023-04-12 13:17:00,18.01,18.06,18.0,18.05,28126.0,FHN
2023-04-12 13:16:00,18.045,18.06,18.015,18.015,44570.0,FHN
2023-04-12 13:15:00,18.02,18.04,18.01,18.04,7793.0,FHN
2023-04-12 13:14:00,17.96,18.02,17.96,18.02,10917.0,FHN
2023-04-12 13:13:00,17.9201,18.02,17.92,17.97,83232.0,FHN
2023-04-12 13:12:00,17.905,17.93,17.905,17.9215,6452.0,FHN
2023-04-12 13:11:00,17.91,17.91,17.905,17.91,1506.0,FHN
2023-04-12 13:10:00,17.9,17.915,17.89,17.905,13489.0,FHN
2023-04-12 13:09:00,17.88,17.9,17.87,17.9,25086.0,FHN
2023-04-12 13:08:00,17.865,17.89,17.865,17.89,12321.0,FHN
2023-04-12 13:07:00,17.855,17.865,17.85,17.865,12219.0,FHN
2023-04-12 13:06:00,17.8,17.86,17.8,17.86,58468.0,FHN
2023-04-12 13:05:00,17.77,17.79,17.768,17.79,14577.0,FHN
2023-04-12 13:04:00,17.75,17.765,17.75,17.765,3613.0,FHN
2023-04-12 13:03:00,17.74,17.74,17.74,17.74,5779.0,FHN
2023-04-12 13:02:00,17.72,17.75,17.715,17.74,46177.0,FHN
2023-04-12 13:01:00,17.7,17.715,17.7,17.715,7272.0,FHN
2023-04-12 13:00:00,17.705,17.71,17.7,17.7,5050.0,FHN
2023-04-12 12:59:00,17.71,17.715,17.7,17.7,17043.0,FHN
2023-04-12 12:58:00,17.68,17.725,17.68,17.715,13879.0,FHN
2023-04-12 12:57:00,17.67,17.675,17.66,17.675,5115.0,FHN
2023-04-12 12:56:00,17.655,17.665,17.655,17.66,5955.0,FHN
2023-04-12 12:55:00,17.64,17.65,17.64,17.65,2494.0,FHN
2023-04-12 12:54:00,17.635,17.67,17.635,17.645,44989.0,FHN
2023-04-12 12:53:00,17.63,17.64,17.63,17.635,2640.0,FHN
2023-04-12 12:52:00,17.6295,17.63,17.6201,17.63,592.0,FHN
2023-04-12 12:51:00,17.635,17.635,17.62,17.62,4754.0,FHN
2023-04-12 12:50:00,17.63,17.632,17.63,17.632,4181.0,FHN
2023-04-12 12:49:00,17.66,17.665,17.63,17.63,10860.0,FHN
2023-04-12 12:48:00,17.67,17.67,17.665,17.665,671.0,FHN
2023-04-12 12:47:00,17.67,17.67,17.665,17.665,613.0,FHN
2023-04-12 12:46:00,17.665,17.665,17.665,17.665,1388.0,FHN
2023-04-12 12:45:00,17.6688,17.67,17.66,17.67,2749.0,FHN
2023-04-12 12:44:00,17.665,17.6695,17.665,17.6695,840.0,FHN
2023-04-12 12:43:00,17.66,17.66,17.66,17.66,2150.0,FHN
2023-04-12 12:42:00,17.69,17.69,17.655,17.655,13959.0,FHN
2023-04-12 12:41:00,17.69,17.69,17.685,17.69,807.0,FHN
2023-04-12 12:40:00,17.69,17.69,17.685,17.69,706.0,FHN
2023-04-12 12:39:00,17.685,17.69,17.685,17.686,777.0,FHN
2023-04-12 12:38:00,17.69,17.69,17.685,17.685,523.0,FHN
2023-04-12 12:37:00,17.685,17.69,17.68,17.685,2228.0,FHN
2023-04-12 12:36:00,17.685,17.69,17.68,17.68,700.0,FHN
2023-04-12 12:35:00,17.685,17.69,17.685,17.685,2429.0,FHN
2023-04-12 12:34:00,17.685,17.69,17.685,17.69,1293.0,FHN
2023-04-12 12:33:00,17.69,17.69,17.68,17.685,3738.0,FHN
2023-04-12 12:32:00,17.69,17.69,17.6848,17.685,2140.0,FHN
2023-04-12 12:31:00,17.69,17.69,17.68,17.68,1237.0,FHN
2023-04-12 12:30:00,17.68,17.69,17.675,17.69,1825.0,FHN
2023-04-12 12:29:00,17.65,17.67,17.65,17.67,8666.0,FHN
2023-04-12 12:28:00,17.65,17.655,17.65,17.65,5084.0,FHN
2023-04-12 12:27:00,17.65,17.65,17.645,17.65,1644.0,FHN
2023-04-12 12:26:00,17.645,17.645,17.645,17.645,811.0,FHN
2023-04-12 12:25:00,17.65,17.65,17.65,17.65,4262.0,FHN
2023-04-12 12:24:00,17.645,17.65,17.645,17.65,941.0,FHN
2023-04-12 12:23:00,17.635,17.645,17.635,17.645,2481.0,FHN
2023-04-12 12:22:00,17.625,17.635,17.625,17.63,2067.0,FHN
2023-04-12 12:21:00,17.625,17.625,17.625,17.625,140.0,FHN
2023-04-12 12:20:00,17.625,17.625,17.62,17.62,4231.0,FHN
2023-04-12 12:19:00,17.64,17.64,17.62,17.63,5365.0,FHN
2023-04-12 12:18:00,17.64,17.65,17.64,17.64,1139.0,FHN
2023-04-12 12:17:00,17.65,17.65,17.645,17.645,5739.0,FHN
2023-04-12 12:16:00,17.64,17.65,17.64,17.64,9577.0,FHN
2023-04-12 12:15:00,17.64,17.64,17.63,17.635,666.0,FHN
2023-04-12 12:14:00,17.645,17.65,17.635,17.635,7150.0,FHN
2023-04-12 12:13:00,17.645,17.65,17.645,17.65,611.0,FHN
2023-04-12 12:12:00,17.65,17.65,17.645,17.65,717.0,FHN
2023-04-12 12:11:00,17.65,17.65,17.645,17.65,639.0,FHN
2023-04-12 12:10:00,17.65,17.65,17.645,17.65,980.0,FHN
2023-04-12 12:09:00,17.645,17.65,17.64,17.65,931.0,FHN
2023-04-12 12:08:00,17.645,17.65,17.6412,17.6412,478.0,FHN
2023-04-12 12:07:00,17.64,17.645,17.64,17.645,1681.0,FHN
2023-04-12 12:06:00,17.635,17.635,17.63,17.63,576.0,FHN
2023-04-12 12:05:00,17.64,17.64,17.64,17.64,222.0,FHN
2023-04-12 12:04:00,17.64,17.64,17.64,17.64,4933.0,FHN
2023-04-12 12:03:00,17.65,17.65,17.635,17.64,9387.0,FHN
2023-04-12 12:02:00,17.64,17.64,17.64,17.64,1672.0,FHN
2023-04-12 12:01:00,17.6392,17.6392,17.635,17.635,505.0,FHN
2023-04-12 12:00:00,17.645,17.645,17.635,17.635,6546.0,FHN
2023-04-12 11:59:00,17.6495,17.65,17.645,17.65,1074.0,FHN
2023-04-12 11:58:00,17.65,17.65,17.64,17.64,8458.0,FHN
2023-04-12 11:57:00,17.64,17.65,17.64,17.65,2302.0,FHN
2023-04-12 11:56:00,17.625,17.645,17.625,17.64,5344.0,FHN
2023-04-12 11:55:00,17.6217,17.63,17.6217,17.63,1447.0,FHN
2023-04-12 11:54:00,17.63,17.63,17.63,17.63,181.0,FHN
2023-04-12 11:53:00,17.63,17.63,17.63,17.63,129.0,FHN
2023-04-12 11:52:00,17.635,17.635,17.63,17.63,1296.0,FHN
2023-04-12 11:51:00,17.63,17.64,17.63,17.63,7332.0,FHN
2023-04-12 11:50:00,17.62,17.63,17.62,17.63,1514.0,FHN
2023-04-12 11:49:00,17.6434,17.6434,17.62,17.62,6228.0,FHN
2023-04-12 11:48:00,17.64,17.65,17.635,17.64,7643.0,FHN
2023-04-12 11:47:00,17.65,17.65,17.64,17.645,13801.0,FHN
2023-04-12 11:46:00,17.665,17.665,17.65,17.65,8236.0,FHN
2023-04-12 11:45:00,17.635,17.66,17.635,17.66,14601.0,FHN
2023-04-12 11:44:00,17.64,17.64,17.635,17.64,2126.0,FHN
2023-04-12 11:43:00,17.63,17.64,17.63,17.64,6986.0,FHN
2023-04-12 11:42:00,17.625,17.63,17.625,17.63,600.0,FHN
2023-04-12 11:41:00,17.63,17.63,17.62,17.63,3642.0,FHN
2023-04-12 11:40:00,17.6501,17.6501,17.63,17.63,5750.0,FHN
2023-04-12 11:39:00,17.65,17.655,17.65,17.655,667.0,FHN
2023-04-12 11:38:00,17.64,17.655,17.64,17.655,3852.0,FHN
2023-04-12 11:37:00,17.64,17.64,17.64,17.64,3016.0,FHN
2023-04-12 11:36:00,17.65,17.658,17.63,17.63,3101.0,FHN
2023-04-12 11:35:00,17.66,17.66,17.65,17.655,747.0,FHN
2023-04-12 11:34:00,17.66,17.665,17.6511,17.6511,3250.0,FHN
2023-04-12 11:33:00,17.6449,17.67,17.6449,17.66,10431.0,FHN
2023-04-12 11:32:00,17.645,17.645,17.645,17.645,214.0,FHN
2023-04-12 11:31:00,17.63,17.645,17.63,17.645,4005.0,FHN
2023-04-12 11:30:00,17.62,17.63,17.62,17.625,2446.0,FHN
2023-04-12 11:29:00,17.625,17.63,17.625,17.625,2119.0,FHN
2023-04-12 11:28:00,17.63,17.63,17.625,17.625,3514.0,FHN
2023-04-12 11:27:00,17.635,17.635,17.63,17.63,2162.0,FHN
2023-04-12 11:26:00,17.635,17.64,17.63,17.635,1072.0,FHN
2023-04-12 11:25:00,17.62,17.6347,17.615,17.6301,5011.0,FHN
2023-04-12 11:24:00,17.62,17.62,17.615,17.615,2262.0,FHN
2023-04-12 11:23:00,17.61,17.62,17.61,17.62,1321.0,FHN
2023-04-12 11:22:00,17.615,17.62,17.61,17.61,4969.0,FHN
2023-04-12 11:21:00,17.605,17.61,17.6,17.61,2307.0,FHN
2023-04-12 11:20:00,17.61,17.615,17.6,17.6,12211.0,FHN
2023-04-12 11:19:00,17.6018,17.61,17.6018,17.605,2602.0,FHN
2023-04-12 11:18:00,17.6,17.6,17.6,17.6,1974.0,FHN
2023-04-12 11:17:00,17.6,17.6,17.595,17.595,1196.0,FHN
2023-04-12 11:16:00,17.585,17.6,17.585,17.595,2487.0,FHN
2023-04-12 11:15:00,17.57,17.58,17.57,17.58,2523.0,FHN
2023-04-12 11:14:00,17.57,17.575,17.56,17.57,7551.0,FHN
2023-04-12 11:13:00,17.575,17.58,17.575,17.575,1062.0,FHN
2023-04-12 11:12:00,17.58,17.585,17.58,17.58,2368.0,FHN
2023-04-12 11:11:00,17.58,17.59,17.58,17.58,6180.0,FHN
2023-04-12 11:10:00,17.58,17.585,17.58,17.58,3629.0,FHN
2023-04-12 11:09:00,17.56,17.58,17.56,17.58,1537.0,FHN
2023-04-12 11:08:00,17.58,17.58,17.56,17.565,2113.0,FHN
2023-04-12 11:07:00,17.5789,17.58,17.57,17.58,5698.0,FHN
2023-04-12 11:06:00,17.58,17.58,17.57,17.57,1917.0,FHN
2023-04-12 11:05:00,17.585,17.59,17.58,17.58,3767.0,FHN
2023-04-12 11:04:00,17.58,17.58,17.575,17.58,4616.0,FHN
2023-04-12 11:03:00,17.59,17.595,17.58,17.58,2852.0,FHN
2023-04-12 11:02:00,17.61,17.61,17.59,17.59,6181.0,FHN
2023-04-12 11:01:00,17.6,17.63,17.6,17.62,11445.0,FHN
2023-04-12 11:00:00,17.59,17.6,17.59,17.6,5379.0,FHN
2023-04-12 10:59:00,17.5894,17.59,17.58,17.585,3582.0,FHN
2023-04-12 10:58:00,17.58,17.5801,17.57,17.58,14836.0,FHN
2023-04-12 10:57:00,17.58,17.58,17.58,17.58,2507.0,FHN
2023-04-12 10:56:00,17.62,17.62,17.57,17.58,13981.0,FHN
2023-04-12 10:55:00,17.635,17.64,17.62,17.625,4290.0,FHN
2023-04-12 10:54:00,17.6209,17.64,17.6209,17.64,1894.0,FHN
2023-04-12 10:53:00,17.63,17.63,17.62,17.63,1905.0,FHN
2023-04-12 10:52:00,17.6,17.64,17.595,17.63,15584.0,FHN
2023-04-12 10:51:00,17.61,17.61,17.595,17.595,7015.0,FHN
2023-04-12 10:50:00,17.635,17.64,17.62,17.62,5050.0,FHN
2023-04-12 10:49:00,17.64,17.64,17.64,17.64,566.0,FHN
2023-04-12 10:48:00,17.62,17.63,17.62,17.63,2400.0,FHN
2023-04-12 10:47:00,17.63,17.63,17.625,17.6292,5604.0,FHN
2023-04-12 10:46:00,17.63,17.635,17.625,17.635,3727.0,FHN
2023-04-12 10:45:00,17.63,17.632,17.62,17.63,3880.0,FHN
2023-04-12 10:44:00,17.642,17.65,17.62,17.62,11073.0,FHN
2023-04-12 10:43:00,17.655,17.66,17.645,17.645,2368.0,FHN
2023-04-12 10:42:00,17.65,17.66,17.645,17.66,7114.0,FHN
2023-04-12 10:41:00,17.66,17.66,17.65,17.65,2681.0,FHN
2023-04-12 10:40:00,17.65,17.66,17.65,17.66,1615.0,FHN
2023-04-12 10:39:00,17.605,17.65,17.6,17.65,6765.0,FHN
2023-04-12 10:38:00,17.605,17.6099,17.6,17.6,6958.0,FHN
2023-04-12 10:37:00,17.64,17.64,17.6,17.61,12589.0,FHN
2023-04-12 10:36:00,17.62,17.64,17.615,17.64,8295.0,FHN
2023-04-12 10:35:00,17.63,17.63,17.6201,17.625,1912.0,FHN
2023-04-12 10:34:00,17.635,17.635,17.625,17.625,3583.0,FHN
2023-04-12 10:33:00,17.635,17.64,17.615,17.625,9598.0,FHN
2023-04-12 10:32:00,17.65,17.65,17.63,17.63,12313.0,FHN
2023-04-12 10:31:00,17.63,17.66,17.63,17.64,17716.0,FHN
2023-04-12 10:30:00,17.62,17.63,17.61,17.6209,4641.0,FHN
2023-04-12 10:29:00,17.62,17.63,17.61,17.625,16650.0,FHN
2023-04-12 10:28:00,17.61,17.62,17.605,17.62,8186.0,FHN
2023-04-12 10:27:00,17.62,17.625,17.6,17.61,4943.0,FHN
2023-04-12 10:26:00,17.67,17.67,17.62,17.62,21011.0,FHN
2023-04-12 10:25:00,17.69,17.69,17.68,17.68,3135.0,FHN
2023-04-12 10:24:00,17.6905,17.7,17.69,17.69,10441.0,FHN
2023-04-12 10:23:00,17.68,17.69,17.68,17.69,4630.0,FHN
2023-04-12 10:22:00,17.68,17.69,17.68,17.69,1630.0,FHN
2023-04-12 10:21:00,17.7191,17.725,17.68,17.685,7354.0,FHN
2023-04-12 10:20:00,17.72,17.72,17.71,17.72,4716.0,FHN
2023-04-12 10:19:00,17.73,17.73,17.725,17.725,1723.0,FHN
2023-04-12 10:18:00,17.75,17.76,17.7311,17.7311,13794.0,FHN
2023-04-12 10:17:00,17.76,17.765,17.755,17.755,2852.0,FHN
2023-04-12 10:16:00,17.77,17.77,17.75,17.755,3593.0,FHN
2023-04-12 10:15:00,17.7776,17.7776,17.77,17.7722,2321.0,FHN
2023-04-12 10:14:00,17.8,17.8,17.77,17.775,4274.0,FHN
2023-04-12 10:13:00,17.81,17.815,17.79,17.8,17723.0,FHN
2023-04-12 10:12:00,17.805,17.82,17.805,17.82,2440.0,FHN
2023-04-12 10:11:00,17.805,17.805,17.805,17.805,905.0,FHN
2023-04-12 10:10:00,17.8,17.825,17.8,17.805,19381.0,FHN
2023-04-12 10:09:00,17.79,17.8,17.78,17.795,5799.0,FHN
2023-04-12 10:08:00,17.8,17.82,17.8,17.8,8599.0,FHN
2023-04-12 10:07:00,17.755,17.805,17.755,17.79,18466.0,FHN
2023-04-12 10:06:00,17.8,17.8,17.755,17.755,6594.0,FHN
2023-04-12 10:05:00,17.81,17.81,17.805,17.805,2110.0,FHN
2023-04-12 10:04:00,17.81,17.82,17.805,17.815,5283.0,FHN
2023-04-12 10:03:00,17.82,17.83,17.82,17.82,4968.0,FHN
2023-04-12 10:02:00,17.78,17.8,17.78,17.8,2699.0,FHN
2023-04-12 10:01:00,17.79,17.795,17.745,17.79,16237.0,FHN
2023-04-12 10:00:00,17.795,17.8,17.79,17.79,543.0,FHN
2023-04-12 09:59:00,17.765,17.79,17.765,17.79,3121.0,FHN
2023-04-12 09:58:00,17.76,17.77,17.75,17.755,5976.0,FHN
2023-04-12 09:57:00,17.755,17.76,17.74,17.755,11019.0,FHN
2023-04-12 09:56:00,17.76,17.76,17.745,17.755,12096.0,FHN
2023-04-12 09:55:00,17.745,17.76,17.745,17.76,2280.0,FHN
2023-04-12 09:54:00,17.73,17.77,17.73,17.76,12603.0,FHN
2023-04-12 09:53:00,17.68,17.73,17.68,17.725,8855.0,FHN
2023-04-12 09:52:00,17.67,17.68,17.65,17.675,11864.0,FHN
2023-04-12 09:51:00,17.73,17.73,17.675,17.68,15266.0,FHN
2023-04-12 09:50:00,17.73,17.74,17.73,17.74,4547.0,FHN
2023-04-12 09:49:00,17.72,17.76,17.715,17.73,21753.0,FHN
2023-04-12 09:48:00,17.77,17.77,17.725,17.725,12140.0,FHN
2023-04-12 09:47:00,17.815,17.82,17.765,17.77,10404.0,FHN
2023-04-12 09:46:00,17.83,17.84,17.8,17.81,5212.0,FHN
2023-04-12 09:45:00,17.85,17.85,17.82,17.83,9211.0,FHN
2023-04-12 09:44:00,17.85,17.85,17.845,17.85,2082.0,FHN
2023-04-12 09:43:00,17.845,17.85,17.83,17.845,26117.0,FHN
2023-04-12 09:42:00,17.865,17.87,17.84,17.845,8019.0,FHN
2023-04-12 09:41:00,17.85,17.87,17.85,17.87,4486.0,FHN
2023-04-12 09:40:00,17.84,17.84,17.83,17.84,1854.0,FHN
2023-04-12 09:39:00,17.84,17.87,17.8308,17.8308,13151.0,FHN
2023-04-12 09:38:00,17.79,17.825,17.79,17.825,35412.0,FHN
2023-04-12 09:37:00,17.8,17.81,17.78,17.78,14653.0,FHN
2023-04-12 09:36:00,17.8,17.8399,17.8,17.81,5931.0,FHN
2023-04-12 09:35:00,17.81,17.81,17.79,17.8,18069.0,FHN
2023-04-12 09:34:00,17.8,17.81,17.795,17.81,8165.0,FHN
2023-04-12 09:33:00,17.79,17.81,17.79,17.8,11833.0,FHN
2023-04-12 09:32:00,17.745,17.8,17.71,17.8,7327.0,FHN
2023-04-12 09:31:00,17.7,17.82,17.7,17.82,19314.0,FHN
2023-04-12 09:10:00,17.67,17.67,17.67,17.67,400.0,FHN
2023-04-12 09:00:00,17.67,17.67,17.67,17.67,200.0,FHN
2023-04-12 08:35:00,17.94,17.94,17.94,17.94,100.0,FHN
2023-04-11 16:08:00,17.67,17.67,17.67,17.67,1178.0,FHN
2023-04-11 16:01:00,17.67,17.67,17.67,17.67,38604.0,FHN
2023-04-11 16:00:00,17.655,17.69,17.65,17.68,96923.0,FHN
2023-04-11 15:59:00,17.66,17.66,17.65,17.6581,22415.0,FHN
2023-04-11 15:58:00,17.66,17.665,17.65,17.66,43347.0,FHN
2023-04-11 15:57:00,17.695,17.695,17.6601,17.6601,28551.0,FHN
2023-04-11 15:56:00,17.675,17.695,17.675,17.695,45345.0,FHN
2023-04-11 15:55:00,17.67,17.68,17.67,17.68,5108.0,FHN
2023-04-11 15:54:00,17.68,17.68,17.67,17.68,33222.0,FHN
2023-04-11 15:53:00,17.675,17.68,17.67,17.68,7288.0,FHN
2023-04-11 15:52:00,17.7,17.7,17.67,17.675,18861.0,FHN
2023-04-11 15:51:00,17.75,17.755,17.7,17.7099,112556.0,FHN
2023-04-11 15:50:00,17.75,17.755,17.75,17.755,3062.0,FHN
2023-04-11 15:49:00,17.75,17.76,17.75,17.755,19852.0,FHN
2023-04-11 15:48:00,17.75,17.76,17.75,17.755,2658.0,FHN
2023-04-11 15:47:00,17.76,17.765,17.75,17.75,9384.0,FHN
2023-04-11 15:46:00,17.7615,17.77,17.76,17.765,2294.0,FHN
2023-04-11 15:45:00,17.785,17.785,17.76,17.77,11257.0,FHN
2023-04-11 15:44:00,17.789,17.79,17.78,17.785,3044.0,FHN
2023-04-11 15:43:00,17.78,17.79,17.775,17.785,33544.0,FHN
2023-04-11 15:42:00,17.76,17.78,17.76,17.77,43441.0,FHN
2023-04-11 15:41:00,17.75,17.77,17.75,17.77,9316.0,FHN
2023-04-11 15:40:00,17.76,17.76,17.75,17.755,2446.0,FHN
2023-04-11 15:39:00,17.755,17.76,17.75,17.76,10525.0,FHN
2023-04-11 15:38:00,17.77,17.77,17.75,17.755,11335.0,FHN
2023-04-11 15:37:00,17.765,17.77,17.76,17.77,4701.0,FHN
2023-04-11 15:36:00,17.765,17.77,17.765,17.77,18098.0,FHN
2023-04-11 15:35:00,17.77,17.77,17.76,17.765,1506.0,FHN
2023-04-11 15:34:00,17.76,17.77,17.755,17.765,19526.0,FHN
2023-04-11 15:33:00,17.8,17.8,17.75,17.751,37478.0,FHN
2023-04-11 15:32:00,17.795,17.8,17.79,17.795,3938.0,FHN
2023-04-11 15:31:00,17.795,17.8,17.795,17.795,1892.0,FHN
2023-04-11 15:30:00,17.795,17.8,17.79,17.79,2515.0,FHN
2023-04-11 15:29:00,17.785,17.8,17.785,17.795,9518.0,FHN
2023-04-11 15:28:00,17.78,17.8,17.78,17.785,31059.0,FHN
2023-04-11 15:27:00,17.7875,17.7875,17.78,17.785,3569.0,FHN
2023-04-11 15:26:00,17.785,17.79,17.78,17.79,1037.0,FHN
2023-04-11 15:25:00,17.785,17.785,17.78,17.78,1773.0,FHN
2023-04-11 15:24:00,17.785,17.79,17.78,17.785,2330.0,FHN
2023-04-11 15:23:00,17.78,17.79,17.78,17.785,1838.0,FHN
2023-04-11 15:22:00,17.79,17.79,17.785,17.785,1708.0,FHN
2023-04-11 15:21:00,17.785,17.785,17.785,17.785,1460.0,FHN
2023-04-11 15:20:00,17.79,17.79,17.785,17.785,915.0,FHN
2023-04-11 15:19:00,17.785,17.79,17.785,17.79,833.0,FHN
2023-04-11 15:18:00,17.785,17.79,17.785,17.785,2211.0,FHN
2023-04-11 15:17:00,17.785,17.79,17.785,17.785,4299.0,FHN
2023-04-11 15:16:00,17.785,17.79,17.785,17.785,1608.0,FHN
2023-04-11 15:15:00,17.79,17.79,17.785,17.785,3202.0,FHN
2023-04-11 15:14:00,17.785,17.785,17.785,17.785,1084.0,FHN
2023-04-11 15:13:00,17.79,17.79,17.78,17.785,2068.0,FHN
2023-04-11 15:12:00,17.79,17.79,17.785,17.785,1728.0,FHN
2023-04-11 15:11:00,17.79,17.79,17.785,17.785,362.0,FHN
2023-04-11 15:10:00,17.785,17.785,17.78,17.785,912.0,FHN
2023-04-11 15:09:00,17.775,17.785,17.775,17.785,4374.0,FHN
2023-04-11 15:08:00,17.77,17.78,17.7699,17.775,14489.0,FHN
2023-04-11 15:07:00,17.79,17.79,17.77,17.77,19948.0,FHN
2023-04-11 15:06:00,17.79,17.79,17.785,17.7897,4248.0,FHN
2023-04-11 15:05:00,17.765,17.79,17.765,17.79,22344.0,FHN
2023-04-11 15:04:00,17.765,17.77,17.765,17.77,2940.0,FHN
2023-04-11 15:03:00,17.765,17.77,17.76,17.77,9697.0,FHN
2023-04-11 15:02:00,17.77,17.77,17.7601,17.77,2081.0,FHN
2023-04-11 15:01:00,17.77,17.77,17.765,17.765,2380.0,FHN
2023-04-11 15:00:00,17.765,17.77,17.765,17.77,780.0,FHN
2023-04-11 14:59:00,17.77,17.77,17.765,17.77,1983.0,FHN
2023-04-11 14:58:00,17.77,17.77,17.765,17.765,1246.0,FHN
2023-04-11 14:57:00,17.77,17.77,17.76,17.765,1030.0,FHN
2023-04-11 14:56:00,17.77,17.77,17.761,17.77,1992.0,FHN
2023-04-11 14:55:00,17.765,17.77,17.765,17.7664,1664.0,FHN
2023-04-11 14:54:00,17.76,17.77,17.755,17.77,6764.0,FHN
2023-04-11 14:53:00,17.77,17.77,17.755,17.76,14541.0,FHN
2023-04-11 14:52:00,17.765,17.77,17.765,17.765,2935.0,FHN
2023-04-11 14:51:00,17.765,17.7675,17.765,17.7675,736.0,FHN
2023-04-11 14:50:00,17.77,17.77,17.765,17.765,319.0,FHN
2023-04-11 14:49:00,17.76,17.77,17.76,17.765,21786.0,FHN
2023-04-11 14:48:00,17.77,17.77,17.765,17.77,2213.0,FHN
2023-04-11 14:47:00,17.765,17.77,17.765,17.77,1379.0,FHN
2023-04-11 14:46:00,17.77,17.77,17.76,17.77,4868.0,FHN
2023-04-11 14:45:00,17.76,17.77,17.76,17.77,3362.0,FHN
2023-04-11 14:44:00,17.765,17.77,17.765,17.77,2119.0,FHN
2023-04-11 14:43:00,17.77,17.77,17.765,17.765,948.0,FHN
2023-04-11 14:42:00,17.77,17.77,17.765,17.765,2167.0,FHN
2023-04-11 14:41:00,17.765,17.77,17.765,17.765,1500.0,FHN
2023-04-11 14:40:00,17.77,17.77,17.7604,17.765,7803.0,FHN
2023-04-11 14:39:00,17.765,17.765,17.76,17.765,9314.0,FHN
2023-04-11 14:38:00,17.77,17.77,17.76,17.765,2206.0,FHN
2023-04-11 14:37:00,17.77,17.77,17.77,17.77,4807.0,FHN
2023-04-11 14:36:00,17.765,17.77,17.76,17.77,2164.0,FHN
2023-04-11 14:35:00,17.77,17.77,17.76,17.77,1895.0,FHN
2023-04-11 14:34:00,17.765,17.77,17.765,17.77,2089.0,FHN
2023-04-11 14:33:00,17.765,17.77,17.765,17.77,738.0,FHN
2023-04-11 14:32:00,17.77,17.77,17.76,17.765,1033.0,FHN
2023-04-11 14:31:00,17.77,17.77,17.765,17.77,1044.0,FHN
2023-04-11 14:30:00,17.77,17.77,17.765,17.765,4616.0,FHN
2023-04-11 14:29:00,17.765,17.77,17.76,17.77,1112.0,FHN
2023-04-11 14:28:00,17.77,17.77,17.765,17.765,7580.0,FHN
2023-04-11 14:27:00,17.76,17.77,17.76,17.765,8905.0,FHN
2023-04-11 14:26:00,17.765,17.77,17.765,17.765,673.0,FHN
2023-04-11 14:25:00,17.77,17.77,17.77,17.77,4905.0,FHN
2023-04-11 14:24:00,17.78,17.78,17.7738,17.78,1707.0,FHN
2023-04-11 14:23:00,17.7601,17.78,17.7601,17.775,7071.0,FHN
2023-04-11 14:22:00,17.765,17.765,17.765,17.765,1586.0,FHN
2023-04-11 14:21:00,17.765,17.765,17.765,17.765,111.0,FHN
2023-04-11 14:20:00,17.765,17.78,17.765,17.77,24109.0,FHN
2023-04-11 14:19:00,17.78,17.78,17.765,17.765,11666.0,FHN
2023-04-11 14:18:00,17.79,17.79,17.785,17.785,1018.0,FHN
2023-04-11 14:17:00,17.785,17.79,17.781,17.79,5487.0,FHN
2023-04-11 14:16:00,17.78,17.79,17.78,17.785,3692.0,FHN
2023-04-11 14:15:00,17.79,17.79,17.78,17.785,1454.0,FHN
2023-04-11 14:14:00,17.78,17.785,17.78,17.78,2399.0,FHN
2023-04-11 14:13:00,17.79,17.79,17.78,17.78,518.0,FHN
2023-04-11 14:12:00,17.78,17.785,17.78,17.785,534.0,FHN
2023-04-11 14:11:00,17.785,17.79,17.785,17.785,2295.0,FHN
2023-04-11 14:10:00,17.78,17.785,17.78,17.785,516.0,FHN
2023-04-11 14:09:00,17.79,17.79,17.785,17.785,1168.0,FHN
2023-04-11 14:08:00,17.785,17.785,17.785,17.785,651.0,FHN
2023-04-11 14:07:00,17.79,17.79,17.78,17.785,1725.0,FHN
2023-04-11 14:06:00,17.785,17.79,17.785,17.785,962.0,FHN
2023-04-11 14:05:00,17.785,17.79,17.785,17.785,1885.0,FHN
2023-04-11 14:04:00,17.79,17.79,17.78,17.79,800.0,FHN
2023-04-11 14:03:00,17.79,17.79,17.785,17.785,329.0,FHN
2023-04-11 14:02:00,17.78,17.79,17.78,17.79,8035.0,FHN
2023-04-11 14:01:00,17.78,17.79,17.775,17.785,9958.0,FHN
2023-04-11 14:00:00,17.775,17.775,17.775,17.775,205.0,FHN
2023-04-11 13:59:00,17.775,17.78,17.775,17.775,998.0,FHN
2023-04-11 13:58:00,17.775,17.775,17.775,17.775,279.0,FHN
2023-04-11 13:57:00,17.77,17.78,17.77,17.78,3465.0,FHN
2023-04-11 13:56:00,17.78,17.78,17.765,17.77,7710.0,FHN
2023-04-11 13:55:00,17.77,17.78,17.7614,17.78,10847.0,FHN
2023-04-11 13:54:00,17.78,17.78,17.77,17.77,10501.0,FHN
2023-04-11 13:53:00,17.775,17.775,17.7701,17.775,1345.0,FHN
2023-04-11 13:52:00,17.775,17.78,17.775,17.78,2276.0,FHN
2023-04-11 13:51:00,17.78,17.78,17.775,17.775,2843.0,FHN
2023-04-11 13:50:00,17.755,17.78,17.755,17.78,15645.0,FHN
2023-04-11 13:49:00,17.755,17.76,17.7516,17.76,1356.0,FHN
2023-04-11 13:48:00,17.76,17.76,17.755,17.76,850.0,FHN
2023-04-11 13:47:00,17.76,17.76,17.755,17.755,1054.0,FHN
2023-04-11 13:46:00,17.76,17.76,17.755,17.755,972.0,FHN
2023-04-11 13:45:00,17.755,17.76,17.755,17.755,611.0,FHN
2023-04-11 13:44:00,17.76,17.76,17.755,17.76,1730.0,FHN
2023-04-11 13:43:00,17.775,17.775,17.755,17.76,8396.0,FHN
2023-04-11 13:41:00,17.78,17.78,17.775,17.78,995.0,FHN
2023-04-11 13:40:00,17.77,17.78,17.765,17.78,10464.0,FHN
2023-04-11 13:39:00,17.755,17.77,17.75,17.77,13196.0,FHN
2023-04-11 13:38:00,17.755,17.76,17.755,17.755,761.0,FHN
2023-04-11 13:37:00,17.76,17.76,17.755,17.76,1259.0,FHN
2023-04-11 13:36:00,17.76,17.76,17.755,17.755,475.0,FHN
2023-04-11 13:35:00,17.76,17.76,17.755,17.755,327.0,FHN
2023-04-11 13:34:00,17.77,17.77,17.755,17.76,7446.0,FHN
2023-04-11 13:33:00,17.755,17.77,17.755,17.77,12038.0,FHN
2023-04-11 13:32:00,17.7538,17.76,17.7538,17.755,3089.0,FHN
2023-04-11 13:31:00,17.765,17.77,17.755,17.755,13025.0,FHN
2023-04-11 13:30:00,17.765,17.765,17.765,17.765,751.0,FHN
2023-04-11 13:29:00,17.76,17.765,17.76,17.765,2234.0,FHN
2023-04-11 13:28:00,17.765,17.77,17.76,17.77,1577.0,FHN
2023-04-11 13:27:00,17.765,17.77,17.765,17.765,7343.0,FHN
2023-04-11 13:26:00,17.765,17.77,17.765,17.765,709.0,FHN
2023-04-11 13:25:00,17.765,17.765,17.765,17.765,339.0,FHN
2023-04-11 13:24:00,17.76,17.765,17.76,17.765,629.0,FHN
2023-04-11 13:23:00,17.765,17.765,17.76,17.765,891.0,FHN
2023-04-11 13:22:00,17.765,17.77,17.76,17.765,879.0,FHN
2023-04-11 13:21:00,17.765,17.765,17.76,17.765,6024.0,FHN
2023-04-11 13:20:00,17.77,17.77,17.765,17.765,613.0,FHN
2023-04-11 13:19:00,17.765,17.765,17.765,17.765,733.0,FHN
2023-04-11 13:18:00,17.765,17.77,17.765,17.765,1285.0,FHN
2023-04-11 13:17:00,17.77,17.77,17.765,17.77,3772.0,FHN
2023-04-11 13:16:00,17.76,17.77,17.755,17.77,9368.0,FHN
2023-04-11 13:15:00,17.765,17.765,17.75,17.7521,7214.0,FHN
2023-04-11 13:14:00,17.765,17.765,17.765,17.765,600.0,FHN
2023-04-11 13:13:00,17.765,17.765,17.765,17.765,659.0,FHN
2023-04-11 13:12:00,17.765,17.77,17.765,17.77,240.0,FHN
2023-04-11 13:11:00,17.78,17.78,17.765,17.765,9550.0,FHN
2023-04-11 13:10:00,17.77,17.775,17.77,17.775,2370.0,FHN
2023-04-11 13:09:00,17.76,17.78,17.75,17.775,7019.0,FHN
2023-04-11 13:08:00,17.755,17.755,17.755,17.755,972.0,FHN
2023-04-11 13:07:00,17.76,17.76,17.75,17.755,1092.0,FHN
2023-04-11 13:06:00,17.745,17.76,17.745,17.755,3507.0,FHN
2023-04-11 13:05:00,17.735,17.745,17.73,17.745,4545.0,FHN
2023-04-11 13:04:00,17.74,17.745,17.735,17.74,5166.0,FHN
2023-04-11 13:03:00,17.75,17.75,17.74,17.74,667.0,FHN
2023-04-11 13:02:00,17.76,17.76,17.74,17.745,5653.0,FHN
2023-04-11 13:01:00,17.74,17.77,17.74,17.75,17383.0,FHN
2023-04-11 13:00:00,17.735,17.74,17.735,17.735,1323.0,FHN
2023-04-11 12:59:00,17.735,17.74,17.735,17.74,3992.0,FHN
2023-04-11 12:58:00,17.735,17.735,17.73,17.735,749.0,FHN
2023-04-11 12:57:00,17.736,17.74,17.73,17.735,3179.0,FHN
2023-04-11 12:56:00,17.735,17.7399,17.73,17.735,1310.0,FHN
2023-04-11 12:55:00,17.735,17.74,17.73,17.735,811.0,FHN
2023-04-11 12:54:00,17.735,17.735,17.735,17.735,461.0,FHN
2023-04-11 12:53:00,17.735,17.74,17.73,17.735,7082.0,FHN
2023-04-11 12:52:00,17.735,17.74,17.735,17.74,5386.0,FHN
2023-04-11 12:51:00,17.735,17.7398,17.735,17.735,525.0,FHN
2023-04-11 12:50:00,17.735,17.74,17.735,17.74,590.0,FHN
2023-04-11 12:49:00,17.735,17.74,17.735,17.74,3298.0,FHN
2023-04-11 12:48:00,17.745,17.75,17.735,17.735,10407.0,FHN
2023-04-11 12:47:00,17.745,17.745,17.74,17.745,628.0,FHN
2023-04-11 12:46:00,17.745,17.745,17.745,17.745,320.0,FHN
2023-04-11 12:45:00,17.745,17.745,17.74,17.74,1111.0,FHN
2023-04-11 12:44:00,17.745,17.745,17.74,17.74,870.0,FHN
2023-04-11 12:43:00,17.745,17.745,17.745,17.745,599.0,FHN
2023-04-11 12:42:00,17.745,17.75,17.745,17.745,1810.0,FHN
2023-04-11 12:41:00,17.745,17.745,17.74,17.745,1752.0,FHN
2023-04-11 12:40:00,17.74,17.745,17.74,17.74,2574.0,FHN
2023-04-11 12:39:00,17.75,17.75,17.74,17.745,1160.0,FHN
2023-04-11 12:38:00,17.7442,17.75,17.74,17.75,2943.0,FHN
2023-04-11 12:37:00,17.75,17.75,17.745,17.745,3239.0,FHN
2023-04-11 12:36:00,17.755,17.76,17.75,17.755,8632.0,FHN
2023-04-11 12:35:00,17.755,17.755,17.75,17.75,367.0,FHN
2023-04-11 12:34:00,17.76,17.76,17.75,17.7584,1138.0,FHN
2023-04-11 12:33:00,17.755,17.76,17.755,17.76,1327.0,FHN
2023-04-11 12:32:00,17.755,17.76,17.75,17.75,895.0,FHN
2023-04-11 12:31:00,17.765,17.77,17.755,17.76,6890.0,FHN
2023-04-11 12:30:00,17.77,17.77,17.765,17.77,372.0,FHN
2023-04-11 12:29:00,17.758,17.77,17.758,17.77,9164.0,FHN
2023-04-11 12:28:00,17.765,17.77,17.755,17.755,4095.0,FHN
2023-04-11 12:27:00,17.76,17.765,17.76,17.76,4157.0,FHN
2023-04-11 12:26:00,17.76,17.765,17.76,17.765,383.0,FHN
2023-04-11 12:25:00,17.765,17.77,17.765,17.77,1223.0,FHN
2023-04-11 12:24:00,17.725,17.78,17.72,17.76,26664.0,FHN
2023-04-11 12:23:00,17.73,17.73,17.725,17.725,4173.0,FHN
2023-04-11 12:22:00,17.74,17.74,17.73,17.735,528.0,FHN
2023-04-11 12:21:00,17.725,17.74,17.72,17.73,8394.0,FHN
2023-04-11 12:20:00,17.725,17.725,17.72,17.72,883.0,FHN
2023-04-11 12:19:00,17.725,17.725,17.72,17.725,942.0,FHN
2023-04-11 12:18:00,17.73,17.73,17.725,17.725,5118.0,FHN
2023-04-11 12:17:00,17.73,17.73,17.72,17.725,743.0,FHN
2023-04-11 12:16:00,17.735,17.74,17.73,17.73,525.0,FHN
2023-04-11 12:15:00,17.75,17.75,17.735,17.735,2971.0,FHN
2023-04-11 12:14:00,17.76,17.76,17.75,17.76,720.0,FHN
2023-04-11 12:13:00,17.74,17.76,17.74,17.755,7147.0,FHN
2023-04-11 12:12:00,17.73,17.74,17.73,17.74,4936.0,FHN
2023-04-11 12:11:00,17.73,17.73,17.73,17.73,216.0,FHN
2023-04-11 12:10:00,17.73,17.73,17.7201,17.7289,2438.0,FHN
2023-04-11 12:09:00,17.72,17.74,17.72,17.73,14258.0,FHN
2023-04-11 12:08:00,17.715,17.72,17.715,17.72,667.0,FHN
2023-04-11 12:07:00,17.715,17.72,17.71,17.72,6090.0,FHN
2023-04-11 12:06:00,17.71,17.72,17.71,17.72,8112.0,FHN
2023-04-11 12:05:00,17.71,17.71,17.71,17.71,2508.0,FHN
2023-04-11 12:04:00,17.71,17.71,17.705,17.705,970.0,FHN
2023-04-11 12:03:00,17.72,17.725,17.715,17.72,5265.0,FHN
2023-04-11 12:02:00,17.71,17.72,17.71,17.72,3984.0,FHN
2023-04-11 12:01:00,17.735,17.735,17.7106,17.7106,6071.0,FHN
2023-04-11 12:00:00,17.7,17.74,17.7,17.735,20816.0,FHN
2023-04-11 11:59:00,17.705,17.71,17.695,17.695,3190.0,FHN
2023-04-11 11:58:00,17.695,17.705,17.695,17.7,5096.0,FHN
2023-04-11 11:57:00,17.695,17.695,17.695,17.695,528.0,FHN
2023-04-11 11:56:00,17.7,17.7,17.695,17.695,2712.0,FHN
2023-04-11 11:55:00,17.7255,17.7255,17.71,17.71,3537.0,FHN
2023-04-11 11:54:00,17.73,17.73,17.7255,17.7255,1152.0,FHN
2023-04-11 11:53:00,17.72,17.74,17.71,17.725,16977.0,FHN
2023-04-11 11:52:00,17.72,17.725,17.71,17.71,3106.0,FHN
2023-04-11 11:51:00,17.73,17.73,17.72,17.725,2379.0,FHN
2023-04-11 11:50:00,17.72,17.73,17.72,17.73,1837.0,FHN
2023-04-11 11:49:00,17.705,17.72,17.705,17.715,2249.0,FHN
2023-04-11 11:48:00,17.715,17.715,17.7019,17.705,1216.0,FHN
2023-04-11 11:47:00,17.695,17.72,17.695,17.71,22688.0,FHN
2023-04-11 11:46:00,17.68,17.69,17.68,17.69,3229.0,FHN
2023-04-11 11:45:00,17.6784,17.68,17.67,17.675,4103.0,FHN
2023-04-11 11:44:00,17.67,17.6799,17.665,17.67,4727.0,FHN
2023-04-11 11:43:00,17.67,17.68,17.67,17.68,540.0,FHN
2023-04-11 11:42:00,17.64,17.66,17.635,17.66,12218.0,FHN
2023-04-11 11:41:00,17.645,17.645,17.63,17.63,2599.0,FHN
2023-04-11 11:40:00,17.64,17.645,17.64,17.645,1318.0,FHN
2023-04-11 11:39:00,17.64,17.65,17.63,17.63,7394.0,FHN
2023-04-11 11:38:00,17.65,17.65,17.64,17.64,396.0,FHN
2023-04-11 11:37:00,17.645,17.645,17.6413,17.645,2443.0,FHN
2023-04-11 11:36:00,17.65,17.65,17.64,17.645,7719.0,FHN
2023-04-11 11:35:00,17.65,17.655,17.65,17.655,406.0,FHN
2023-04-11 11:34:00,17.662,17.662,17.66,17.66,2031.0,FHN
2023-04-11 11:33:00,17.655,17.665,17.65,17.66,1965.0,FHN
2023-04-11 11:32:00,17.67,17.6708,17.65,17.655,9771.0,FHN
2023-04-11 11:31:00,17.71,17.71,17.69,17.69,1018.0,FHN
2023-04-11 11:30:00,17.73,17.73,17.71,17.71,1456.0,FHN
2023-04-11 11:29:00,17.71,17.75,17.705,17.73,14448.0,FHN
2023-04-11 11:28:00,17.73,17.73,17.705,17.71,7090.0,FHN
2023-04-11 11:27:00,17.72,17.73,17.72,17.725,950.0,FHN
2023-04-11 11:26:00,17.73,17.74,17.72,17.72,16148.0,FHN
2023-04-11 11:25:00,17.735,17.74,17.73,17.73,629.0,FHN
2023-04-11 11:24:00,17.7,17.74,17.7,17.7399,22698.0,FHN
2023-04-11 11:23:00,17.7,17.7075,17.7,17.7,2548.0,FHN
2023-04-11 11:22:00,17.7,17.705,17.695,17.7,7966.0,FHN
2023-04-11 11:21:00,17.695,17.695,17.69,17.695,808.0,FHN
2023-04-11 11:20:00,17.7,17.7,17.695,17.695,818.0,FHN
2023-04-11 11:19:00,17.705,17.705,17.69,17.695,6160.0,FHN
2023-04-11 11:18:00,17.695,17.715,17.695,17.71,13404.0,FHN
2023-04-11 11:17:00,17.68,17.7,17.68,17.7,9633.0,FHN
2023-04-11 11:16:00,17.68,17.7,17.67,17.6705,21313.0,FHN
2023-04-11 11:15:00,17.66,17.67,17.655,17.67,2637.0,FHN
2023-04-11 11:14:00,17.645,17.67,17.64,17.67,7319.0,FHN
2023-04-11 11:13:00,17.655,17.655,17.64,17.64,5437.0,FHN
2023-04-11 11:12:00,17.65,17.65,17.64,17.65,8081.0,FHN
2023-04-11 11:11:00,17.645,17.65,17.645,17.645,2205.0,FHN
2023-04-11 11:10:00,17.65,17.65,17.64,17.645,4393.0,FHN
2023-04-11 11:09:00,17.67,17.67,17.66,17.66,7774.0,FHN
2023-04-11 11:08:00,17.675,17.675,17.66,17.665,7153.0,FHN
2023-04-11 11:07:00,17.71,17.71,17.68,17.68,4592.0,FHN
2023-04-11 11:06:00,17.72,17.72,17.715,17.715,503.0,FHN
2023-04-11 11:05:00,17.76,17.76,17.715,17.715,8350.0,FHN
2023-04-11 11:04:00,17.755,17.765,17.75,17.765,2305.0,FHN
2023-04-11 11:03:00,17.71,17.75,17.705,17.75,50237.0,FHN
2023-04-11 11:02:00,17.705,17.71,17.7,17.705,8261.0,FHN
2023-04-11 11:01:00,17.71,17.72,17.69,17.705,15186.0,FHN
2023-04-11 11:00:00,17.6901,17.72,17.69,17.71,49369.0,FHN
2023-04-11 10:59:00,17.695,17.7,17.67,17.7,15116.0,FHN
2023-04-11 10:58:00,17.7,17.71,17.7,17.7,14397.0,FHN
2023-04-11 10:57:00,17.71,17.71,17.705,17.705,30132.0,FHN
2023-04-11 10:56:00,17.755,17.76,17.68,17.705,60955.0,FHN
2023-04-11 10:55:00,17.755,17.76,17.755,17.755,1637.0,FHN
2023-04-11 10:54:00,17.765,17.77,17.755,17.755,3761.0,FHN
2023-04-11 10:53:00,17.745,17.77,17.745,17.76,14316.0,FHN
2023-04-11 10:52:00,17.78,17.78,17.745,17.745,7486.0,FHN
2023-04-11 10:51:00,17.835,17.835,17.75,17.775,74829.0,FHN
2023-04-11 10:50:00,17.83,17.835,17.83,17.835,1045.0,FHN
2023-04-11 10:49:00,17.82,17.83,17.82,17.83,4273.0,FHN
2023-04-11 10:48:00,17.81,17.82,17.81,17.82,1415.0,FHN
2023-04-11 10:47:00,17.81,17.815,17.795,17.81,17941.0,FHN
2023-04-11 10:46:00,17.83,17.83,17.81,17.815,5768.0,FHN
2023-04-11 10:45:00,17.83,17.83,17.825,17.83,85486.0,FHN
2023-04-11 10:44:00,17.82,17.83,17.82,17.825,1621.0,FHN
2023-04-11 10:43:00,17.79,17.82,17.785,17.82,12037.0,FHN
2023-04-11 10:42:00,17.785,17.8,17.785,17.79,5727.0,FHN
2023-04-11 10:41:00,17.785,17.7891,17.785,17.785,1746.0,FHN
2023-04-11 10:40:00,17.81,17.815,17.78,17.785,34478.0,FHN
2023-04-11 10:39:00,17.82,17.82,17.81,17.815,4315.0,FHN
2023-04-11 10:38:00,17.825,17.83,17.815,17.82,8748.0,FHN
2023-04-11 10:37:00,17.84,17.84,17.81,17.82,15941.0,FHN
2023-04-11 10:36:00,17.85,17.87,17.83,17.84,17269.0,FHN
2023-04-11 10:35:00,17.86,17.86,17.85,17.86,1023.0,FHN
2023-04-11 10:34:00,17.85,17.86,17.85,17.86,6138.0,FHN
2023-04-11 10:33:00,17.87,17.88,17.85,17.85,6802.0,FHN
2023-04-11 10:32:00,17.875,17.885,17.87,17.875,11934.0,FHN
2023-04-11 10:31:00,17.85,17.88,17.84,17.88,7934.0,FHN
2023-04-11 10:30:00,17.845,17.85,17.84,17.85,1027.0,FHN
2023-04-11 10:29:00,17.845,17.85,17.845,17.8488,1064.0,FHN
2023-04-11 10:28:00,17.83,17.845,17.83,17.84,8931.0,FHN
2023-04-11 10:27:00,17.86,17.865,17.84,17.84,6170.0,FHN
2023-04-11 10:26:00,17.86,17.87,17.86,17.87,688.0,FHN
2023-04-11 10:25:00,17.84,17.87,17.84,17.865,14518.0,FHN
2023-04-11 10:24:00,17.83,17.85,17.83,17.835,4981.0,FHN
2023-04-11 10:23:00,17.86,17.86,17.82,17.825,21508.0,FHN
2023-04-11 10:22:00,17.88,17.88,17.865,17.865,6919.0,FHN
2023-04-11 10:21:00,17.87,17.88,17.87,17.88,8844.0,FHN
2023-04-11 10:20:00,17.87,17.87,17.86,17.87,12297.0,FHN
2023-04-11 10:19:00,17.86,17.87,17.86,17.87,3884.0,FHN
2023-04-11 10:18:00,17.85,17.87,17.85,17.87,6922.0,FHN
2023-04-11 10:17:00,17.86,17.86,17.855,17.86,711.0,FHN
2023-04-11 10:16:00,17.85,17.86,17.85,17.855,3930.0,FHN
2023-04-11 10:15:00,17.845,17.855,17.84,17.84,16903.0,FHN
2023-04-11 10:14:00,17.84,17.845,17.84,17.84,1573.0,FHN
2023-04-11 10:13:00,17.84,17.84,17.83,17.83,329.0,FHN
2023-04-11 10:12:00,17.86,17.86,17.83,17.835,8260.0,FHN
2023-04-11 10:11:00,17.815,17.87,17.81,17.86,41499.0,FHN
2023-04-11 10:10:00,17.82,17.82,17.81,17.81,20762.0,FHN
2023-04-11 10:09:00,17.81,17.82,17.8,17.81,17426.0,FHN
2023-04-11 10:08:00,17.805,17.81,17.8,17.805,6424.0,FHN
2023-04-11 10:07:00,17.8,17.81,17.8,17.805,9276.0,FHN
2023-04-11 10:06:00,17.81,17.81,17.79,17.795,23682.0,FHN
2023-04-11 10:05:00,17.8,17.81,17.795,17.8,4769.0,FHN
2023-04-11 10:04:00,17.8044,17.805,17.795,17.795,4035.0,FHN
2023-04-11 10:03:00,17.81,17.81,17.795,17.8,28507.0,FHN
2023-04-11 10:02:00,17.79,17.81,17.79,17.8,22347.0,FHN
2023-04-11 10:01:00,17.775,17.795,17.775,17.79,16112.0,FHN
2023-04-11 10:00:00,17.77,17.775,17.77,17.775,9268.0,FHN
2023-04-11 09:59:00,17.775,17.775,17.77,17.77,6658.0,FHN
2023-04-11 09:58:00,17.785,17.785,17.775,17.7768,3979.0,FHN
2023-04-11 09:57:00,17.765,17.78,17.76,17.78,5793.0,FHN
2023-04-11 09:56:00,17.785,17.785,17.765,17.765,4330.0,FHN
2023-04-11 09:55:00,17.79,17.79,17.785,17.79,1031.0,FHN
2023-04-11 09:54:00,17.79,17.8,17.78,17.78,7910.0,FHN
2023-04-11 09:53:00,17.78,17.79,17.78,17.785,2753.0,FHN
2023-04-11 09:52:00,17.79,17.79,17.785,17.785,1680.0,FHN
2023-04-11 09:51:00,17.785,17.79,17.78,17.79,10074.0,FHN
2023-04-11 09:50:00,17.795,17.815,17.78,17.79,27906.0,FHN
2023-04-11 09:49:00,17.7911,17.795,17.785,17.79,4450.0,FHN
2023-04-11 09:48:00,17.775,17.8,17.775,17.8,8169.0,FHN
2023-04-11 09:47:00,17.77,17.78,17.77,17.775,1099.0,FHN
2023-04-11 09:46:00,17.8,17.805,17.76,17.77,9953.0,FHN
2023-04-11 09:45:00,17.805,17.81,17.79,17.8,6713.0,FHN
2023-04-11 09:44:00,17.75,17.81,17.75,17.8025,21517.0,FHN
2023-04-11 09:43:00,17.75,17.75,17.71,17.74,18998.0,FHN
2023-04-11 09:42:00,17.775,17.775,17.75,17.755,6212.0,FHN
2023-04-11 09:41:00,17.75,17.77,17.75,17.77,2480.0,FHN
2023-04-11 09:40:00,17.795,17.795,17.75,17.755,9505.0,FHN
2023-04-11 09:39:00,17.77,17.81,17.765,17.8,6420.0,FHN
2023-04-11 09:38:00,17.77,17.775,17.765,17.765,717.0,FHN
2023-04-11 09:37:00,17.77,17.78,17.77,17.78,5402.0,FHN
2023-04-11 09:36:00,17.76,17.77,17.75,17.77,5382.0,FHN
2023-04-11 09:35:00,17.78,17.78,17.765,17.77,552.0,FHN
2023-04-11 09:34:00,17.8,17.8,17.77,17.78,2867.0,FHN
2023-04-11 09:33:00,17.835,17.85,17.81,17.81,3533.0,FHN
2023-04-11 09:32:00,17.85,17.85,17.84,17.85,748.0,FHN
2023-04-11 09:31:00,17.8,17.86,17.75,17.86,28976.0,FHN
2023-04-11 09:09:00,17.88,17.88,17.88,17.88,100.0,FHN
2023-04-11 09:00:00,17.89,17.89,17.89,17.89,100.0,FHN
2023-04-11 08:52:00,17.84,17.84,17.84,17.84,110.0,FHN
2023-04-11 07:49:00,17.86,17.88,17.86,17.88,400.0,FHN
2023-04-11 07:01:00,17.8,17.8,17.8,17.8,168.0,FHN
2023-04-11 06:05:00,17.87,17.9,17.87,17.9,600.0,FHN
2023-04-10 16:08:00,17.8,17.8,17.8,17.8,56500.0,FHN
2023-04-10 16:01:00,17.8,17.8,17.8,17.8,224696.0,FHN
2023-04-10 16:00:00,17.78,17.8,17.77,17.8,65715.0,FHN
2023-04-10 15:59:00,17.775,17.78,17.77,17.78,13848.0,FHN
2023-04-10 15:58:00,17.775,17.78,17.77,17.775,50661.0,FHN
2023-04-10 15:57:00,17.8,17.8,17.77,17.775,60785.0,FHN
2023-04-10 15:56:00,17.8,17.8,17.79,17.8,19576.0,FHN
2023-04-10 15:55:00,17.8,17.8,17.79,17.8,16493.0,FHN
2023-04-10 15:54:00,17.775,17.8,17.77,17.8,16167.0,FHN
2023-04-10 15:53:00,17.76,17.779,17.755,17.77,30458.0,FHN
2023-04-10 15:52:00,17.75,17.755,17.75,17.755,6938.0,FHN
2023-04-10 15:51:00,17.75,17.76,17.75,17.75,52799.0,FHN
2023-04-10 15:50:00,17.77,17.7775,17.75,17.76,19555.0,FHN
2023-04-10 15:49:00,17.775,17.7775,17.77,17.77,4096.0,FHN
2023-04-10 15:48:00,17.76,17.78,17.76,17.775,33133.0,FHN
2023-04-10 15:47:00,17.755,17.76,17.755,17.76,12951.0,FHN
2023-04-10 15:46:00,17.75,17.755,17.75,17.755,3124.0,FHN
2023-04-10 15:45:00,17.77,17.775,17.755,17.755,13212.0,FHN
2023-04-10 15:44:00,17.76,17.77,17.76,17.77,7661.0,FHN
2023-04-10 15:43:00,17.765,17.78,17.76,17.765,14049.0,FHN
2023-04-10 15:42:00,17.775,17.775,17.765,17.77,7221.0,FHN
2023-04-10 15:41:00,17.77,17.785,17.77,17.775,13742.0,FHN
2023-04-10 15:40:00,17.78,17.78,17.775,17.775,2296.0,FHN
2023-04-10 15:39:00,17.785,17.8,17.78,17.78,12702.0,FHN
2023-04-10 15:38:00,17.79,17.8,17.785,17.785,6912.0,FHN
2023-04-10 15:37:00,17.79,17.795,17.785,17.785,10135.0,FHN
2023-04-10 15:36:00,17.795,17.8,17.79,17.795,2173.0,FHN
2023-04-10 15:35:00,17.78,17.8,17.78,17.7987,10054.0,FHN
2023-04-10 15:34:00,17.78,17.7892,17.78,17.7892,1727.0,FHN
2023-04-10 15:33:00,17.785,17.7875,17.78,17.785,8875.0,FHN
2023-04-10 15:32:00,17.76,17.785,17.76,17.785,6947.0,FHN
2023-04-10 15:31:00,17.76,17.77,17.755,17.765,15251.0,FHN
2023-04-10 15:30:00,17.745,17.76,17.74,17.76,11612.0,FHN
2023-04-10 15:29:00,17.725,17.75,17.72,17.745,25647.0,FHN
2023-04-10 15:28:00,17.73,17.735,17.72,17.72,13810.0,FHN
2023-04-10 15:27:00,17.73,17.74,17.73,17.7301,11206.0,FHN
2023-04-10 15:26:00,17.775,17.78,17.73,17.73,63735.0,FHN
2023-04-10 15:25:00,17.78,17.795,17.775,17.78,16508.0,FHN
2023-04-10 15:24:00,17.77,17.78,17.76,17.775,148851.0,FHN
2023-04-10 15:23:00,17.775,17.78,17.77,17.775,13931.0,FHN
2023-04-10 15:22:00,17.775,17.775,17.77,17.77,2524.0,FHN
2023-04-10 15:21:00,17.7985,17.8,17.77,17.77,26446.0,FHN
2023-04-10 15:20:00,17.8,17.8,17.79,17.8,103520.0,FHN
2023-04-10 15:19:00,17.8,17.8,17.79,17.8,3830.0,FHN
2023-04-10 15:18:00,17.795,17.8,17.79,17.8,2702.0,FHN
2023-04-10 15:17:00,17.78,17.795,17.775,17.79,12878.0,FHN
2023-04-10 15:16:00,17.775,17.78,17.77,17.77,5242.0,FHN
2023-04-10 15:15:00,17.795,17.8,17.77,17.77,12450.0,FHN
2023-04-10 15:14:00,17.795,17.8,17.79,17.8,4159.0,FHN
2023-04-10 15:13:00,17.8,17.8,17.795,17.8,4371.0,FHN
2023-04-10 15:12:00,17.795,17.8,17.795,17.795,4800.0,FHN
2023-04-10 15:11:00,17.8,17.8,17.79,17.8,4590.0,FHN
2023-04-10 15:10:00,17.795,17.8,17.79,17.8,2840.0,FHN
2023-04-10 15:09:00,17.7879,17.8,17.78,17.79,10454.0,FHN
2023-04-10 15:08:00,17.8,17.8,17.78,17.78,9126.0,FHN
2023-04-10 15:07:00,17.795,17.81,17.79,17.8,12783.0,FHN
2023-04-10 15:06:00,17.79,17.795,17.785,17.7925,6648.0,FHN
2023-04-10 15:05:00,17.79,17.79,17.78,17.78,6056.0,FHN
2023-04-10 15:04:00,17.7884,17.7884,17.785,17.785,569.0,FHN
2023-04-10 15:03:00,17.79,17.79,17.79,17.79,2478.0,FHN
2023-04-10 15:02:00,17.785,17.795,17.785,17.79,11893.0,FHN
2023-04-10 15:01:00,17.79,17.79,17.78,17.785,4899.0,FHN
2023-04-10 15:00:00,17.775,17.789,17.77,17.781,6974.0,FHN
2023-04-10 14:59:00,17.795,17.8,17.77,17.77,16679.0,FHN
2023-04-10 14:58:00,17.8,17.8,17.79,17.8,1946.0,FHN
2023-04-10 14:57:00,17.795,17.7986,17.79,17.795,807.0,FHN
2023-04-10 14:56:00,17.795,17.7957,17.785,17.79,9929.0,FHN
2023-04-10 14:55:00,17.795,17.805,17.79,17.79,10691.0,FHN
2023-04-10 14:54:00,17.781,17.79,17.78,17.79,6018.0,FHN
2023-04-10 14:53:00,17.785,17.7899,17.78,17.785,2379.0,FHN
2023-04-10 14:52:00,17.785,17.785,17.78,17.785,2828.0,FHN
2023-04-10 14:51:00,17.775,17.785,17.775,17.785,3487.0,FHN
2023-04-10 14:50:00,17.77,17.775,17.77,17.77,3479.0,FHN
2023-04-10 14:49:00,17.765,17.775,17.765,17.765,11919.0,FHN
2023-04-10 14:48:00,17.78,17.785,17.76,17.765,14108.0,FHN
2023-04-10 14:47:00,17.785,17.79,17.785,17.785,6326.0,FHN
2023-04-10 14:46:00,17.785,17.785,17.78,17.785,1145.0,FHN
2023-04-10 14:45:00,17.79,17.79,17.78,17.785,3439.0,FHN
2023-04-10 14:44:00,17.7999,17.8,17.795,17.795,2564.0,FHN
2023-04-10 14:43:00,17.79,17.795,17.79,17.795,5816.0,FHN
2023-04-10 14:42:00,17.785,17.79,17.78,17.79,2236.0,FHN
2023-04-10 14:41:00,17.79,17.79,17.78,17.7806,9384.0,FHN
2023-04-10 14:40:00,17.795,17.795,17.79,17.795,5671.0,FHN
2023-04-10 14:38:00,17.8,17.8,17.8,17.8,2691.0,FHN
2023-04-10 14:37:00,17.7801,17.805,17.7801,17.805,6523.0,FHN
2023-04-10 14:36:00,17.77,17.79,17.765,17.79,6368.0,FHN
2023-04-10 14:35:00,17.78,17.78,17.7713,17.7713,4011.0,FHN
2023-04-10 14:34:00,17.79,17.795,17.79,17.79,3120.0,FHN
2023-04-10 14:33:00,17.805,17.805,17.795,17.795,6375.0,FHN
2023-04-10 14:32:00,17.8,17.81,17.8,17.805,7845.0,FHN
2023-04-10 14:31:00,17.78,17.81,17.775,17.795,14553.0,FHN
2023-04-10 14:30:00,17.755,17.78,17.755,17.775,12060.0,FHN
2023-04-10 14:29:00,17.755,17.76,17.755,17.755,11253.0,FHN
2023-04-10 14:27:00,17.745,17.75,17.745,17.75,5053.0,FHN
2023-04-10 14:26:00,17.7599,17.7599,17.74,17.74,3958.0,FHN
2023-04-10 14:25:00,17.75,17.755,17.75,17.755,1010.0,FHN
2023-04-10 14:24:00,17.77,17.775,17.75,17.75,6534.0,FHN
2023-04-10 14:23:00,17.75,17.78,17.75,17.77,10016.0,FHN
2023-04-10 14:22:00,17.76,17.76,17.751,17.755,761.0,FHN
2023-04-10 14:21:00,17.7531,17.7531,17.7531,17.7531,468.0,FHN
2023-04-10 14:20:00,17.765,17.77,17.755,17.755,5754.0,FHN
2023-04-10 14:19:00,17.76,17.77,17.76,17.765,5216.0,FHN
2023-04-10 14:18:00,17.77,17.77,17.769,17.769,1485.0,FHN
2023-04-10 14:17:00,17.76,17.77,17.755,17.76,15699.0,FHN
2023-04-10 14:16:00,17.76,17.76,17.755,17.76,3940.0,FHN
2023-04-10 14:15:00,17.755,17.76,17.752,17.76,2991.0,FHN
2023-04-10 14:14:00,17.76,17.76,17.755,17.76,1431.0,FHN
2023-04-10 14:13:00,17.75,17.77,17.75,17.7501,11968.0,FHN
2023-04-10 14:12:00,17.735,17.74,17.735,17.74,3787.0,FHN
2023-04-10 14:11:00,17.735,17.74,17.73,17.735,1360.0,FHN
2023-04-10 14:10:00,17.735,17.74,17.73,17.735,3844.0,FHN
2023-04-10 14:09:00,17.74,17.74,17.73,17.735,834.0,FHN
2023-04-10 14:08:00,17.735,17.735,17.73,17.735,1170.0,FHN
2023-04-10 14:07:00,17.74,17.74,17.735,17.74,763.0,FHN
2023-04-10 14:06:00,17.735,17.74,17.735,17.74,759.0,FHN
2023-04-10 14:05:00,17.735,17.74,17.73,17.735,651.0,FHN
2023-04-10 14:04:00,17.72,17.73,17.72,17.73,3087.0,FHN
2023-04-10 14:03:00,17.725,17.725,17.72,17.725,706.0,FHN
2023-04-10 14:02:00,17.74,17.74,17.72,17.72,4839.0,FHN
2023-04-10 14:01:00,17.755,17.755,17.745,17.745,2175.0,FHN
2023-04-10 14:00:00,17.745,17.75,17.74,17.75,2994.0,FHN
2023-04-10 13:59:00,17.75,17.755,17.75,17.75,4649.0,FHN
2023-04-10 13:58:00,17.75,17.755,17.75,17.755,8937.0,FHN
2023-04-10 13:57:00,17.76,17.76,17.75,17.75,3726.0,FHN
2023-04-10 13:56:00,17.775,17.775,17.76,17.76,6201.0,FHN
2023-04-10 13:55:00,17.775,17.775,17.775,17.775,580.0,FHN
2023-04-10 13:54:00,17.775,17.775,17.77,17.77,417.0,FHN
2023-04-10 13:53:00,17.775,17.775,17.77,17.775,2736.0,FHN
2023-04-10 13:52:00,17.805,17.805,17.78,17.78,8268.0,FHN
2023-04-10 13:51:00,17.7917,17.805,17.7917,17.805,11287.0,FHN
2023-04-10 13:50:00,17.79,17.805,17.79,17.795,18984.0,FHN
2023-04-10 13:49:00,17.79,17.79,17.78,17.78,909.0,FHN
2023-04-10 13:48:00,17.78,17.79,17.78,17.79,1893.0,FHN
2023-04-10 13:47:00,17.79,17.79,17.7817,17.785,3566.0,FHN
2023-04-10 13:46:00,17.79,17.79,17.7821,17.79,1859.0,FHN
2023-04-10 13:45:00,17.785,17.79,17.7848,17.7848,3921.0,FHN
2023-04-10 13:44:00,17.775,17.79,17.775,17.785,1945.0,FHN
2023-04-10 13:43:00,17.765,17.77,17.765,17.77,3823.0,FHN
2023-04-10 13:42:00,17.765,17.765,17.765,17.765,148.0,FHN
2023-04-10 13:41:00,17.76,17.765,17.76,17.765,9009.0,FHN
2023-04-10 13:40:00,17.775,17.775,17.76,17.76,3960.0,FHN
2023-04-10 13:39:00,17.78,17.78,17.775,17.775,500.0,FHN
2023-04-10 13:38:00,17.775,17.78,17.77,17.77,1061.0,FHN
2023-04-10 13:37:00,17.78,17.785,17.78,17.78,5314.0,FHN
2023-04-10 13:36:00,17.775,17.78,17.775,17.78,1526.0,FHN
2023-04-10 13:35:00,17.755,17.78,17.75,17.78,9911.0,FHN
2023-04-10 13:34:00,17.76,17.76,17.7508,17.755,1039.0,FHN
2023-04-10 13:33:00,17.78,17.78,17.76,17.76,8347.0,FHN
2023-04-10 13:32:00,17.78,17.78,17.775,17.777,4118.0,FHN
2023-04-10 13:31:00,17.77,17.79,17.77,17.78,13359.0,FHN
2023-04-10 13:30:00,17.765,17.77,17.765,17.7699,3121.0,FHN
2023-04-10 13:29:00,17.765,17.77,17.765,17.77,596.0,FHN
2023-04-10 13:28:00,17.77,17.78,17.76,17.765,13635.0,FHN
2023-04-10 13:27:00,17.755,17.77,17.755,17.77,6172.0,FHN
2023-04-10 13:26:00,17.76,17.76,17.7514,17.755,922.0,FHN
2023-04-10 13:25:00,17.76,17.76,17.75,17.755,664.0,FHN
2023-04-10 13:24:00,17.75,17.76,17.75,17.75,676.0,FHN
2023-04-10 13:23:00,17.755,17.755,17.75,17.755,608.0,FHN
2023-04-10 13:22:00,17.755,17.755,17.75,17.75,422.0,FHN
2023-04-10 13:21:00,17.755,17.755,17.745,17.755,13053.0,FHN
2023-04-10 13:20:00,17.75,17.76,17.75,17.75,517.0,FHN
2023-04-10 13:19:00,17.75,17.755,17.75,17.75,7264.0,FHN
2023-04-10 13:18:00,17.75,17.75,17.74,17.74,1854.0,FHN
2023-04-10 13:17:00,17.74,17.755,17.735,17.74,15933.0,FHN
2023-04-10 13:16:00,17.76,17.77,17.74,17.7463,24386.0,FHN
2023-04-10 13:15:00,17.755,17.76,17.755,17.76,245.0,FHN
2023-04-10 13:14:00,17.755,17.76,17.75,17.75,7310.0,FHN
2023-04-10 13:13:00,17.7585,17.76,17.755,17.755,2165.0,FHN
2023-04-10 13:12:00,17.75,17.76,17.75,17.75,1026.0,FHN
2023-04-10 13:11:00,17.755,17.76,17.755,17.76,644.0,FHN
2023-04-10 13:10:00,17.75,17.76,17.75,17.76,3010.0,FHN
2023-04-10 13:09:00,17.745,17.75,17.745,17.75,707.0,FHN
2023-04-10 13:08:00,17.74,17.74,17.74,17.74,1963.0,FHN
2023-04-10 13:07:00,17.73,17.74,17.73,17.74,456.0,FHN
2023-04-10 13:06:00,17.73,17.73,17.73,17.73,404.0,FHN
2023-04-10 13:05:00,17.73,17.73,17.73,17.73,200.0,FHN
2023-04-10 13:04:00,17.74,17.74,17.73,17.73,14197.0,FHN
2023-04-10 13:03:00,17.73,17.74,17.73,17.74,6076.0,FHN
2023-04-10 13:02:00,17.7297,17.73,17.72,17.725,2407.0,FHN
2023-04-10 13:01:00,17.7,17.73,17.7,17.73,6471.0,FHN
2023-04-10 13:00:00,17.7,17.71,17.7,17.71,531.0,FHN
2023-04-10 12:59:00,17.71,17.71,17.705,17.705,500.0,FHN
2023-04-10 12:58:00,17.705,17.71,17.7,17.71,755.0,FHN
2023-04-10 12:57:00,17.7,17.71,17.7,17.71,720.0,FHN
2023-04-10 12:56:00,17.69,17.705,17.69,17.705,4078.0,FHN
2023-04-10 12:55:00,17.695,17.695,17.685,17.685,3685.0,FHN
2023-04-10 12:54:00,17.7,17.7,17.69,17.7,631.0,FHN
2023-04-10 12:53:00,17.7,17.7,17.695,17.7,703.0,FHN
2023-04-10 12:52:00,17.6888,17.7,17.6888,17.7,4139.0,FHN
2023-04-10 12:51:00,17.69,17.69,17.69,17.69,2149.0,FHN
2023-04-10 12:50:00,17.68,17.68,17.67,17.68,3476.0,FHN
2023-04-10 12:49:00,17.68,17.69,17.68,17.685,2844.0,FHN
2023-04-10 12:48:00,17.655,17.675,17.655,17.67,4647.0,FHN
2023-04-10 12:47:00,17.67,17.67,17.66,17.66,5183.0,FHN
2023-04-10 12:46:00,17.72,17.72,17.68,17.68,8549.0,FHN
2023-04-10 12:45:00,17.7109,17.72,17.71,17.71,6596.0,FHN
2023-04-10 12:44:00,17.71,17.72,17.71,17.71,6165.0,FHN
2023-04-10 12:43:00,17.67,17.71,17.67,17.7,13684.0,FHN
2023-04-10 12:42:00,17.67,17.675,17.66,17.66,5426.0,FHN
2023-04-10 12:40:00,17.66,17.68,17.66,17.67,5462.0,FHN
2023-04-10 12:39:00,17.645,17.65,17.64,17.65,9984.0,FHN
2023-04-10 12:38:00,17.67,17.67,17.64,17.645,9712.0,FHN
2023-04-10 12:37:00,17.66,17.66,17.66,17.66,404.0,FHN
2023-04-10 12:36:00,17.65,17.66,17.65,17.66,6358.0,FHN
2023-04-10 12:35:00,17.66,17.66,17.64,17.64,4342.0,FHN
2023-04-10 12:34:00,17.67,17.674,17.67,17.67,1460.0,FHN
2023-04-10 12:33:00,17.65,17.67,17.65,17.67,4038.0,FHN
2023-04-10 12:32:00,17.67,17.67,17.65,17.65,5479.0,FHN
2023-04-10 12:31:00,17.65,17.68,17.65,17.68,13972.0,FHN
2023-04-10 12:30:00,17.65,17.65,17.65,17.65,2755.0,FHN
2023-04-10 12:29:00,17.63,17.65,17.63,17.65,9860.0,FHN
2023-04-10 12:28:00,17.625,17.635,17.625,17.635,2306.0,FHN
2023-04-10 12:27:00,17.645,17.65,17.62,17.625,8769.0,FHN
2023-04-10 12:26:00,17.645,17.645,17.645,17.645,1532.0,FHN
2023-04-10 12:25:00,17.64,17.65,17.64,17.645,969.0,FHN
2023-04-10 12:24:00,17.645,17.645,17.64,17.645,1351.0,FHN
2023-04-10 12:23:00,17.645,17.65,17.645,17.65,4382.0,FHN
2023-04-10 12:22:00,17.645,17.645,17.64,17.64,418.0,FHN
2023-04-10 12:21:00,17.63,17.645,17.63,17.645,9841.0,FHN
2023-04-10 12:20:00,17.6,17.63,17.6,17.63,4863.0,FHN
2023-04-10 12:19:00,17.615,17.62,17.59,17.6,46762.0,FHN
2023-04-10 12:18:00,17.615,17.62,17.615,17.615,1075.0,FHN
2023-04-10 12:17:00,17.615,17.62,17.61,17.615,1929.0,FHN
2023-04-10 12:16:00,17.62,17.62,17.615,17.62,974.0,FHN
2023-04-10 12:15:00,17.61,17.62,17.61,17.62,4862.0,FHN
2023-04-10 12:14:00,17.615,17.62,17.61,17.615,828.0,FHN
2023-04-10 12:13:00,17.605,17.615,17.605,17.615,3514.0,FHN
2023-04-10 12:12:00,17.6092,17.6092,17.6,17.6,1342.0,FHN
2023-04-10 12:11:00,17.595,17.61,17.59,17.61,3531.0,FHN
2023-04-10 12:10:00,17.59,17.6,17.59,17.595,13233.0,FHN
2023-04-10 12:09:00,17.63,17.63,17.6,17.6,4960.0,FHN
2023-04-10 12:08:00,17.63,17.635,17.625,17.63,7933.0,FHN
2023-04-10 12:07:00,17.615,17.64,17.61,17.62,14148.0,FHN
2023-04-10 12:06:00,17.6501,17.655,17.615,17.615,15675.0,FHN
2023-04-10 12:05:00,17.65,17.66,17.65,17.66,1450.0,FHN
2023-04-10 12:04:00,17.65,17.66,17.65,17.66,1029.0,FHN
2023-04-10 12:03:00,17.655,17.665,17.65,17.655,8143.0,FHN
2023-04-10 12:02:00,17.65,17.655,17.65,17.655,410.0,FHN
2023-04-10 12:01:00,17.655,17.66,17.65,17.6544,5523.0,FHN
2023-04-10 12:00:00,17.655,17.66,17.655,17.66,456.0,FHN
2023-04-10 11:59:00,17.65,17.66,17.65,17.66,860.0,FHN
2023-04-10 11:58:00,17.645,17.65,17.645,17.65,3311.0,FHN
2023-04-10 11:57:00,17.66,17.66,17.6499,17.6499,3312.0,FHN
2023-04-10 11:56:00,17.655,17.67,17.655,17.66,22829.0,FHN
2023-04-10 11:55:00,17.6634,17.6634,17.6549,17.6549,1553.0,FHN
2023-04-10 11:54:00,17.67,17.68,17.66,17.665,6524.0,FHN
2023-04-10 11:53:00,17.66,17.67,17.655,17.66,4050.0,FHN
2023-04-10 11:52:00,17.66,17.66,17.655,17.66,2829.0,FHN
2023-04-10 11:51:00,17.66,17.66,17.66,17.66,240.0,FHN
2023-04-10 11:50:00,17.67,17.67,17.66,17.67,3437.0,FHN
2023-04-10 11:49:00,17.65,17.67,17.65,17.67,4574.0,FHN
2023-04-10 11:48:00,17.66,17.66,17.65,17.655,856.0,FHN
2023-04-10 11:47:00,17.67,17.67,17.655,17.655,7446.0,FHN
2023-04-10 11:46:00,17.665,17.67,17.665,17.67,4400.0,FHN
2023-04-10 11:45:00,17.6663,17.6663,17.66,17.665,1822.0,FHN
2023-04-10 11:44:00,17.68,17.68,17.66,17.66,5677.0,FHN
2023-04-10 11:43:00,17.7,17.7,17.68,17.685,3974.0,FHN
2023-04-10 11:42:00,17.7,17.71,17.7,17.7,5617.0,FHN
2023-04-10 11:41:00,17.705,17.71,17.7,17.705,1060.0,FHN
2023-04-10 11:40:00,17.705,17.71,17.705,17.705,1701.0,FHN
2023-04-10 11:39:00,17.705,17.705,17.7017,17.7017,1036.0,FHN
2023-04-10 11:38:00,17.71,17.71,17.71,17.71,210.0,FHN
2023-04-10 11:37:00,17.715,17.72,17.7,17.7,4990.0,FHN
2023-04-10 11:36:00,17.715,17.72,17.71,17.72,6882.0,FHN
2023-04-10 11:35:00,17.7089,17.716,17.7089,17.71,3482.0,FHN
2023-04-10 11:34:00,17.7,17.709,17.7,17.709,828.0,FHN
2023-04-10 11:33:00,17.705,17.705,17.705,17.705,210.0,FHN
2023-04-10 11:32:00,17.73,17.73,17.7,17.705,5037.0,FHN
2023-04-10 11:31:00,17.745,17.75,17.73,17.73,6495.0,FHN
2023-04-10 11:30:00,17.74,17.75,17.74,17.75,2835.0,FHN
2023-04-10 11:29:00,17.735,17.74,17.735,17.735,525.0,FHN
2023-04-10 11:28:00,17.735,17.74,17.732,17.735,2163.0,FHN
2023-04-10 11:27:00,17.735,17.735,17.73,17.735,946.0,FHN
2023-04-10 11:26:00,17.725,17.73,17.72,17.73,1754.0,FHN
2023-04-10 11:25:00,17.73,17.735,17.73,17.735,5838.0,FHN
2023-04-10 11:24:00,17.75,17.75,17.735,17.735,10606.0,FHN
2023-04-10 11:23:00,17.75,17.75,17.745,17.75,4777.0,FHN
2023-04-10 11:22:00,17.73,17.76,17.73,17.75,20821.0,FHN
2023-04-10 11:21:00,17.73,17.74,17.725,17.725,6147.0,FHN
2023-04-10 11:20:00,17.74,17.74,17.73,17.74,600.0,FHN
2023-04-10 11:19:00,17.72,17.74,17.715,17.74,9891.0,FHN
2023-04-10 11:18:00,17.72,17.72,17.71,17.715,1845.0,FHN
2023-04-10 11:17:00,17.72,17.72,17.71,17.71,1145.0,FHN
2023-04-10 11:16:00,17.7153,17.7153,17.7153,17.7153,246.0,FHN
2023-04-10 11:15:00,17.71,17.715,17.7,17.715,6788.0,FHN
2023-04-10 11:14:00,17.73,17.73,17.7,17.715,7946.0,FHN
2023-04-10 11:13:00,17.73,17.73,17.73,17.73,325.0,FHN
2023-04-10 11:12:00,17.725,17.73,17.72,17.73,2951.0,FHN
2023-04-10 11:11:00,17.73,17.73,17.7289,17.7289,384.0,FHN
2023-04-10 11:10:00,17.72,17.725,17.72,17.72,3437.0,FHN
2023-04-10 11:09:00,17.73,17.735,17.71,17.71,7267.0,FHN
2023-04-10 11:08:00,17.73,17.73,17.72,17.73,5676.0,FHN
2023-04-10 11:07:00,17.73,17.735,17.73,17.735,1972.0,FHN
2023-04-10 11:06:00,17.715,17.73,17.715,17.72,2794.0,FHN
2023-04-10 11:05:00,17.72,17.725,17.715,17.715,5175.0,FHN
2023-04-10 11:03:00,17.74,17.74,17.72,17.72,4646.0,FHN
2023-04-10 11:02:00,17.73,17.74,17.73,17.74,6674.0,FHN
2023-04-10 11:01:00,17.72,17.735,17.72,17.735,4499.0,FHN
2023-04-10 11:00:00,17.72,17.72,17.71,17.71,2771.0,FHN
2023-04-10 10:59:00,17.71,17.72,17.71,17.72,2236.0,FHN
2023-04-10 10:58:00,17.73,17.73,17.7,17.71,11818.0,FHN
2023-04-10 10:57:00,17.73,17.74,17.73,17.735,2946.0,FHN
2023-04-10 10:56:00,17.725,17.74,17.725,17.73,5266.0,FHN
2023-04-10 10:55:00,17.725,17.73,17.725,17.73,786.0,FHN
2023-04-10 10:54:00,17.72,17.72,17.72,17.72,415.0,FHN
2023-04-10 10:53:00,17.73,17.73,17.72,17.72,803.0,FHN
2023-04-10 10:52:00,17.73,17.75,17.73,17.74,15047.0,FHN
2023-04-10 10:51:00,17.725,17.73,17.72,17.72,1015.0,FHN
2023-04-10 10:50:00,17.7,17.725,17.7,17.725,7603.0,FHN
2023-04-10 10:49:00,17.705,17.705,17.7,17.7,558.0,FHN
2023-04-10 10:48:00,17.73,17.73,17.705,17.705,7382.0,FHN
2023-04-10 10:47:00,17.74,17.74,17.735,17.735,3194.0,FHN
2023-04-10 10:46:00,17.76,17.76,17.74,17.74,10513.0,FHN
2023-04-10 10:45:00,17.74,17.765,17.74,17.765,14290.0,FHN
2023-04-10 10:44:00,17.74,17.74,17.73,17.73,1229.0,FHN
2023-04-10 10:43:00,17.74,17.74,17.73,17.74,2591.0,FHN
2023-04-10 10:42:00,17.7405,17.7499,17.74,17.745,6746.0,FHN
2023-04-10 10:41:00,17.77,17.77,17.75,17.75,2735.0,FHN
2023-04-10 10:40:00,17.78,17.78,17.78,17.78,2278.0,FHN
2023-04-10 10:39:00,17.785,17.785,17.785,17.785,554.0,FHN
2023-04-10 10:38:00,17.8,17.81,17.78,17.78,9745.0,FHN
2023-04-10 10:37:00,17.8,17.805,17.8,17.805,4973.0,FHN
2023-04-10 10:36:00,17.77,17.79,17.77,17.79,4730.0,FHN
2023-04-10 10:35:00,17.77,17.77,17.75,17.76,4742.0,FHN
2023-04-10 10:34:00,17.7701,17.78,17.765,17.77,9413.0,FHN
2023-04-10 10:33:00,17.77,17.77,17.77,17.77,3250.0,FHN
2023-04-10 10:32:00,17.8,17.8,17.77,17.77,3384.0,FHN
2023-04-10 10:31:00,17.8,17.81,17.79,17.8,61586.0,FHN
2023-04-10 10:30:00,17.785,17.81,17.785,17.8,10342.0,FHN
2023-04-10 10:29:00,17.755,17.78,17.755,17.78,7835.0,FHN
2023-04-10 10:28:00,17.76,17.76,17.7493,17.7501,12274.0,FHN
2023-04-10 10:27:00,17.8,17.8,17.765,17.765,2694.0,FHN
2023-04-10 10:26:00,17.8,17.8,17.79,17.8,5255.0,FHN
2023-04-10 10:25:00,17.79,17.81,17.79,17.8,13432.0,FHN
2023-04-10 10:24:00,17.8,17.81,17.795,17.8,14635.0,FHN
2023-04-10 10:23:00,17.8299,17.84,17.79,17.8,16508.0,FHN
2023-04-10 10:22:00,17.82,17.83,17.81,17.825,9994.0,FHN
2023-04-10 10:21:00,17.805,17.83,17.805,17.83,15320.0,FHN
2023-04-10 10:20:00,17.795,17.805,17.795,17.805,4415.0,FHN
2023-04-10 10:19:00,17.8101,17.8101,17.79,17.7992,4152.0,FHN
2023-04-10 10:18:00,17.815,17.83,17.815,17.82,8055.0,FHN
2023-04-10 10:17:00,17.83,17.835,17.815,17.815,5360.0,FHN
2023-04-10 10:16:00,17.84,17.84,17.8201,17.8201,3987.0,FHN
2023-04-10 10:15:00,17.84,17.86,17.84,17.85,14088.0,FHN
2023-04-10 10:14:00,17.82,17.84,17.82,17.84,1067.0,FHN
2023-04-10 10:13:00,17.81,17.82,17.8,17.8165,3260.0,FHN
2023-04-10 10:12:00,17.8,17.805,17.79,17.805,8846.0,FHN
2023-04-10 10:11:00,17.82,17.83,17.81,17.81,7381.0,FHN
2023-04-10 10:10:00,17.845,17.845,17.82,17.82,9998.0,FHN
2023-04-10 10:09:00,17.84,17.86,17.84,17.8498,2441.0,FHN
2023-04-10 10:08:00,17.84,17.84,17.84,17.84,2190.0,FHN
2023-04-10 10:07:00,17.87,17.875,17.85,17.85,7497.0,FHN
2023-04-10 10:06:00,17.9,17.9,17.88,17.88,11029.0,FHN
2023-04-10 10:05:00,17.87,17.8984,17.87,17.8984,7477.0,FHN
2023-04-10 10:04:00,17.85,17.87,17.85,17.87,8753.0,FHN
2023-04-10 10:03:00,17.84,17.86,17.84,17.8586,5290.0,FHN
2023-04-10 10:02:00,17.84,17.845,17.81,17.83,6681.0,FHN
2023-04-10 10:01:00,17.83,17.85,17.83,17.85,5079.0,FHN
2023-04-10 10:00:00,17.85,17.855,17.83,17.835,8741.0,FHN
2023-04-10 09:59:00,17.87,17.875,17.84,17.8501,11417.0,FHN
2023-04-10 09:58:00,17.89,17.91,17.875,17.875,13808.0,FHN
2023-04-10 09:57:00,17.88,17.91,17.87,17.8999,42836.0,FHN
2023-04-10 09:56:00,17.87,17.875,17.87,17.87,6457.0,FHN
2023-04-10 09:55:00,17.86,17.86,17.83,17.86,10423.0,FHN
2023-04-10 09:54:00,17.85,17.865,17.83,17.865,16731.0,FHN
2023-04-10 09:53:00,17.89,17.89,17.86,17.86,2108.0,FHN
2023-04-10 09:52:00,17.905,17.905,17.88,17.8887,20454.0,FHN
2023-04-10 09:51:00,17.925,17.925,17.89,17.9,92828.0,FHN
2023-04-10 09:50:00,17.965,17.965,17.93,17.93,8256.0,FHN
2023-04-10 09:49:00,17.98,17.99,17.97,17.97,12490.0,FHN
2023-04-10 09:48:00,17.955,17.98,17.935,17.98,14883.0,FHN
2023-04-10 09:47:00,17.945,17.99,17.945,17.955,32345.0,FHN
2023-04-10 09:46:00,17.895,17.95,17.88,17.95,83891.0,FHN
2023-04-10 09:45:00,17.89,17.91,17.89,17.895,18495.0,FHN
2023-04-10 09:44:00,17.85,17.9,17.85,17.89,11560.0,FHN
2023-04-10 09:43:00,17.84,17.86,17.83,17.85,5161.0,FHN
2023-04-10 09:42:00,17.81,17.845,17.81,17.84,7947.0,FHN
2023-04-10 09:41:00,17.82,17.825,17.8,17.8105,12121.0,FHN
2023-04-10 09:40:00,17.8,17.83,17.7801,17.83,23018.0,FHN
2023-04-10 09:39:00,17.78,17.8,17.78,17.795,1063.0,FHN
2023-04-10 09:38:00,17.74,17.79,17.74,17.78,9693.0,FHN
2023-04-10 09:37:00,17.72,17.75,17.72,17.73,10767.0,FHN
2023-04-10 09:36:00,17.7199,17.7199,17.67,17.705,2989.0,FHN
2023-04-10 09:35:00,17.67,17.72,17.67,17.72,9949.0,FHN
2023-04-10 09:34:00,17.67,17.67,17.625,17.67,8709.0,FHN
2023-04-10 09:33:00,17.62,17.65,17.62,17.65,4411.0,FHN
2023-04-10 09:32:00,17.68,17.68,17.58,17.62,26708.0,FHN
2023-04-10 09:31:00,17.63,17.68,17.605,17.665,31124.0,FHN
2023-04-10 09:30:00,17.54,17.54,17.54,17.54,200.0,FHN
2023-04-10 07:01:00,17.76,17.76,17.76,17.76,500.0,FHN
2023-04-06 16:09:00,17.71,17.71,17.71,17.71,1450.0,FHN
2023-04-06 16:02:00,17.71,17.71,17.71,17.71,96711.0,FHN
2023-04-06 16:01:00,17.71,17.71,17.71,17.71,64391.0,FHN
2023-04-06 16:00:00,17.735,17.74,17.7,17.705,118896.0,FHN
2023-04-06 15:59:00,17.73,17.74,17.73,17.74,40893.0,FHN
2023-04-06 15:58:00,17.74,17.74,17.72,17.73,51479.0,FHN
2023-04-06 15:57:00,17.73,17.74,17.725,17.74,26332.0,FHN
2023-04-06 15:56:00,17.69,17.73,17.69,17.73,40476.0,FHN
2023-04-06 15:55:00,17.7087,17.7089,17.68,17.695,21811.0,FHN
2023-04-06 15:54:00,17.725,17.725,17.705,17.705,16948.0,FHN
2023-04-06 15:53:00,17.71,17.73,17.71,17.725,30319.0,FHN
2023-04-06 15:52:00,17.69,17.71,17.685,17.71,29052.0,FHN
2023-04-06 15:51:00,17.66,17.68,17.66,17.68,24178.0,FHN
2023-04-06 15:50:00,17.67,17.675,17.66,17.67,14638.0,FHN
2023-04-06 15:49:00,17.695,17.7,17.665,17.665,26441.0,FHN
2023-04-06 15:48:00,17.695,17.695,17.69,17.695,4624.0,FHN
2023-04-06 15:47:00,17.705,17.71,17.69,17.695,17892.0,FHN
2023-04-06 15:46:00,17.6984,17.71,17.691,17.705,11008.0,FHN
2023-04-06 15:45:00,17.685,17.7,17.68,17.7,10728.0,FHN
2023-04-06 15:44:00,17.715,17.715,17.68,17.68,11256.0,FHN
2023-04-06 15:43:00,17.715,17.72,17.71,17.715,12751.0,FHN
2023-04-06 15:42:00,17.705,17.72,17.705,17.71,32541.0,FHN
2023-04-06 15:41:00,17.68,17.705,17.68,17.7,9562.0,FHN
2023-04-06 15:40:00,17.685,17.685,17.67,17.685,8162.0,FHN
2023-04-06 15:39:00,17.695,17.695,17.675,17.685,17315.0,FHN
2023-04-06 15:38:00,17.71,17.71,17.69,17.7,6868.0,FHN
2023-04-06 15:37:00,17.695,17.71,17.695,17.705,10384.0,FHN
2023-04-06 15:36:00,17.695,17.7,17.69,17.695,4500.0,FHN
2023-04-06 15:35:00,17.695,17.7,17.685,17.7,12298.0,FHN
2023-04-06 15:34:00,17.7,17.7,17.685,17.69,116322.0,FHN
2023-04-06 15:33:00,17.71,17.715,17.7,17.7,8921.0,FHN
2023-04-06 15:32:00,17.7145,17.715,17.705,17.705,10862.0,FHN
2023-04-06 15:31:00,17.745,17.745,17.69,17.715,74173.0,FHN
2023-04-06 15:30:00,17.745,17.75,17.745,17.745,2534.0,FHN
2023-04-06 15:29:00,17.745,17.75,17.74,17.745,8946.0,FHN
2023-04-06 15:28:00,17.73,17.75,17.73,17.745,11580.0,FHN
2023-04-06 15:27:00,17.73,17.74,17.72,17.725,13617.0,FHN
2023-04-06 15:26:00,17.74,17.75,17.715,17.73,31117.0,FHN
2023-04-06 15:25:00,17.76,17.76,17.73,17.74,77211.0,FHN
2023-04-06 15:24:00,17.75,17.765,17.75,17.7575,93346.0,FHN
2023-04-06 15:23:00,17.7505,17.7505,17.74,17.7475,15387.0,FHN
2023-04-06 15:22:00,17.765,17.77,17.75,17.759,12914.0,FHN
2023-04-06 15:21:00,17.765,17.77,17.75,17.765,14808.0,FHN
2023-04-06 15:20:00,17.755,17.77,17.75,17.765,9800.0,FHN
2023-04-06 15:19:00,17.75,17.7556,17.74,17.7556,10271.0,FHN
2023-04-06 15:18:00,17.765,17.765,17.74,17.74,10128.0,FHN
2023-04-06 15:17:00,17.77,17.77,17.75,17.76,30251.0,FHN
2023-04-06 15:16:00,17.76,17.77,17.76,17.76,2709.0,FHN
2023-04-06 15:15:00,17.765,17.765,17.76,17.765,4443.0,FHN
2023-04-06 15:14:00,17.765,17.77,17.76,17.765,2210.0,FHN
2023-04-06 15:13:00,17.76,17.765,17.76,17.765,4012.0,FHN
2023-04-06 15:12:00,17.76,17.765,17.755,17.755,8501.0,FHN
2023-04-06 15:11:00,17.77,17.77,17.755,17.755,14258.0,FHN
2023-04-06 15:10:00,17.775,17.775,17.775,17.775,1823.0,FHN
2023-04-06 15:09:00,17.775,17.775,17.77,17.775,5603.0,FHN
2023-04-06 15:08:00,17.75,17.78,17.75,17.775,9220.0,FHN
2023-04-06 15:07:00,17.76,17.76,17.755,17.755,3877.0,FHN
2023-04-06 15:06:00,17.765,17.77,17.7607,17.765,5299.0,FHN
2023-04-06 15:05:00,17.755,17.77,17.755,17.765,10392.0,FHN
2023-04-06 15:04:00,17.76,17.76,17.755,17.755,3108.0,FHN
2023-04-06 15:03:00,17.765,17.77,17.755,17.755,16002.0,FHN
2023-04-06 15:02:00,17.765,17.765,17.76,17.765,4916.0,FHN
2023-04-06 15:01:00,17.755,17.77,17.755,17.765,6266.0,FHN
2023-04-06 15:00:00,17.755,17.76,17.755,17.755,2215.0,FHN
2023-04-06 14:59:00,17.75,17.7558,17.75,17.755,3082.0,FHN
2023-04-06 14:58:00,17.755,17.76,17.755,17.755,1674.0,FHN
2023-04-06 14:57:00,17.76,17.77,17.7568,17.7568,5337.0,FHN
2023-04-06 14:56:00,17.765,17.77,17.76,17.76,13075.0,FHN
2023-04-06 14:55:00,17.76,17.77,17.76,17.765,16874.0,FHN
2023-04-06 14:54:00,17.75,17.76,17.75,17.76,3104.0,FHN
2023-04-06 14:53:00,17.75,17.755,17.74,17.745,7351.0,FHN
2023-04-06 14:52:00,17.74,17.75,17.74,17.74,1260.0,FHN
2023-04-06 14:51:00,17.745,17.75,17.74,17.745,1565.0,FHN
2023-04-06 14:50:00,17.75,17.755,17.74,17.74,5886.0,FHN
2023-04-06 14:49:00,17.765,17.765,17.75,17.755,6161.0,FHN
2023-04-06 14:48:00,17.775,17.775,17.765,17.765,12341.0,FHN
2023-04-06 14:47:00,17.755,17.785,17.75,17.775,14041.0,FHN
2023-04-06 14:46:00,17.745,17.755,17.745,17.755,1512.0,FHN
2023-04-06 14:45:00,17.74,17.755,17.74,17.75,6275.0,FHN
2023-04-06 14:44:00,17.75,17.75,17.74,17.745,1139.0,FHN
2023-04-06 14:43:00,17.74,17.745,17.73,17.745,9137.0,FHN
2023-04-06 14:42:00,17.755,17.755,17.74,17.745,12491.0,FHN
2023-04-06 14:41:00,17.76,17.76,17.76,17.76,3153.0,FHN
2023-04-06 14:40:00,17.755,17.76,17.755,17.755,2898.0,FHN
2023-04-06 14:39:00,17.75,17.77,17.75,17.755,7987.0,FHN
2023-04-06 14:38:00,17.76,17.76,17.74,17.75,8144.0,FHN
2023-04-06 14:37:00,17.75,17.76,17.75,17.76,9268.0,FHN
2023-04-06 14:36:00,17.745,17.75,17.74,17.75,9863.0,FHN
2023-04-06 14:35:00,17.735,17.75,17.735,17.75,4613.0,FHN
2023-04-06 14:34:00,17.72,17.735,17.72,17.73,6744.0,FHN
2023-04-06 14:33:00,17.725,17.725,17.725,17.725,538.0,FHN
2023-04-06 14:32:00,17.725,17.725,17.72,17.725,8204.0,FHN
2023-04-06 14:31:00,17.73,17.735,17.72,17.72,9208.0,FHN
2023-04-06 14:30:00,17.72,17.73,17.72,17.725,1065.0,FHN
2023-04-06 14:29:00,17.72,17.725,17.71,17.715,8796.0,FHN
2023-04-06 14:28:00,17.71,17.72,17.71,17.71,2235.0,FHN
2023-04-06 14:27:00,17.705,17.705,17.7,17.705,2275.0,FHN
2023-04-06 14:26:00,17.705,17.705,17.7,17.705,3206.0,FHN
2023-04-06 14:25:00,17.69,17.71,17.69,17.705,3704.0,FHN
2023-04-06 14:24:00,17.68,17.7,17.68,17.695,6539.0,FHN
2023-04-06 14:23:00,17.68,17.68,17.675,17.675,881.0,FHN
2023-04-06 14:22:00,17.68,17.68,17.675,17.68,964.0,FHN
2023-04-06 14:21:00,17.685,17.685,17.67,17.67,3200.0,FHN
2023-04-06 14:20:00,17.6899,17.695,17.685,17.685,5679.0,FHN
2023-04-06 14:19:00,17.6801,17.69,17.6801,17.69,1905.0,FHN
2023-04-06 14:18:00,17.695,17.7,17.68,17.68,5667.0,FHN
2023-04-06 14:17:00,17.68,17.69,17.68,17.685,3774.0,FHN
2023-04-06 14:16:00,17.6791,17.69,17.675,17.69,12821.0,FHN
2023-04-06 14:15:00,17.67,17.675,17.665,17.67,4220.0,FHN
2023-04-06 14:14:00,17.6705,17.685,17.66,17.66,23359.0,FHN
2023-04-06 14:13:00,17.7102,17.715,17.67,17.675,42169.0,FHN
2023-04-06 14:12:00,17.725,17.73,17.71,17.71,10707.0,FHN
2023-04-06 14:11:00,17.73,17.73,17.72,17.72,878.0,FHN
2023-04-06 14:10:00,17.725,17.725,17.72,17.725,4285.0,FHN
2023-04-06 14:09:00,17.715,17.73,17.71,17.73,3010.0,FHN
2023-04-06 14:08:00,17.71,17.715,17.71,17.71,5979.0,FHN
2023-04-06 14:07:00,17.71,17.715,17.7,17.715,3625.0,FHN
2023-04-06 14:06:00,17.71,17.715,17.705,17.71,6544.0,FHN
2023-04-06 14:05:00,17.705,17.71,17.705,17.71,1444.0,FHN
2023-04-06 14:04:00,17.71,17.71,17.7,17.705,5075.0,FHN
2023-04-06 14:03:00,17.71,17.715,17.705,17.71,6594.0,FHN
2023-04-06 14:02:00,17.685,17.71,17.685,17.71,4634.0,FHN
2023-04-06 14:01:00,17.68,17.685,17.68,17.685,6535.0,FHN
2023-04-06 14:00:00,17.685,17.69,17.685,17.685,4322.0,FHN
2023-04-06 13:59:00,17.69,17.69,17.68,17.69,795.0,FHN
2023-04-06 13:58:00,17.68,17.685,17.67,17.685,8328.0,FHN
2023-04-06 13:57:00,17.685,17.685,17.675,17.685,3624.0,FHN
2023-04-06 13:56:00,17.69,17.695,17.68,17.685,6334.0,FHN
2023-04-06 13:55:00,17.685,17.69,17.685,17.685,1339.0,FHN
2023-04-06 13:54:00,17.665,17.68,17.665,17.68,4088.0,FHN
2023-04-06 13:53:00,17.675,17.675,17.66,17.665,11652.0,FHN
2023-04-06 13:52:00,17.65,17.675,17.65,17.675,6616.0,FHN
2023-04-06 13:51:00,17.655,17.655,17.655,17.655,503.0,FHN
2023-04-06 13:50:00,17.65,17.655,17.65,17.655,1502.0,FHN
2023-04-06 13:49:00,17.65,17.655,17.645,17.65,2543.0,FHN
2023-04-06 13:48:00,17.645,17.65,17.645,17.645,3101.0,FHN
2023-04-06 13:47:00,17.64,17.645,17.635,17.645,3477.0,FHN
2023-04-06 13:46:00,17.64,17.65,17.635,17.645,16610.0,FHN
2023-04-06 13:45:00,17.65,17.65,17.64,17.645,5198.0,FHN
2023-04-06 13:44:00,17.645,17.645,17.645,17.645,281.0,FHN
2023-04-06 13:43:00,17.65,17.65,17.64,17.64,10699.0,FHN
2023-04-06 13:42:00,17.65,17.65,17.645,17.65,4451.0,FHN
2023-04-06 13:41:00,17.655,17.66,17.645,17.655,13234.0,FHN
2023-04-06 13:40:00,17.655,17.655,17.655,17.655,353.0,FHN
2023-04-06 13:39:00,17.65,17.65,17.65,17.65,257.0,FHN
2023-04-06 13:38:00,17.635,17.65,17.63,17.65,7277.0,FHN
2023-04-06 13:37:00,17.63,17.64,17.63,17.64,5286.0,FHN
2023-04-06 13:36:00,17.615,17.625,17.615,17.625,3818.0,FHN
2023-04-06 13:35:00,17.61,17.615,17.61,17.615,3830.0,FHN
2023-04-06 13:34:00,17.625,17.625,17.6,17.61,5664.0,FHN
2023-04-06 13:33:00,17.625,17.63,17.62,17.625,2298.0,FHN
2023-04-06 13:32:00,17.625,17.625,17.625,17.625,1084.0,FHN
2023-04-06 13:31:00,17.62,17.625,17.615,17.62,4847.0,FHN
2023-04-06 13:30:00,17.61,17.615,17.61,17.615,1555.0,FHN
2023-04-06 13:29:00,17.625,17.63,17.605,17.605,5815.0,FHN
2023-04-06 13:28:00,17.61,17.625,17.61,17.625,3847.0,FHN
2023-04-06 13:27:00,17.61,17.61,17.605,17.605,3031.0,FHN
2023-04-06 13:26:00,17.595,17.605,17.59,17.605,3076.0,FHN
2023-04-06 13:25:00,17.595,17.595,17.575,17.585,16747.0,FHN
2023-04-06 13:24:00,17.59,17.595,17.58,17.595,2447.0,FHN
2023-04-06 13:23:00,17.555,17.58,17.55,17.575,4333.0,FHN
2023-04-06 13:22:00,17.565,17.57,17.55,17.555,5264.0,FHN
2023-04-06 13:21:00,17.54,17.57,17.53,17.565,30383.0,FHN
2023-04-06 13:20:00,17.54,17.54,17.52,17.53,28090.0,FHN
2023-04-06 13:19:00,17.545,17.545,17.53,17.53,18970.0,FHN
2023-04-06 13:18:00,17.555,17.555,17.54,17.545,5282.0,FHN
2023-04-06 13:17:00,17.56,17.57,17.55,17.56,9210.0,FHN
2023-04-06 13:16:00,17.585,17.6,17.56,17.56,41643.0,FHN
2023-04-06 13:15:00,17.585,17.59,17.585,17.585,3338.0,FHN
2023-04-06 13:14:00,17.585,17.585,17.585,17.585,1355.0,FHN
2023-04-06 13:13:00,17.585,17.585,17.58,17.58,801.0,FHN
2023-04-06 13:12:00,17.585,17.59,17.58,17.58,1707.0,FHN
2023-04-06 13:11:00,17.59,17.595,17.585,17.59,6993.0,FHN
2023-04-06 13:10:00,17.585,17.59,17.58,17.59,4367.0,FHN
2023-04-06 13:09:00,17.585,17.595,17.58,17.59,18618.0,FHN
2023-04-06 13:08:00,17.6,17.6,17.585,17.585,3672.0,FHN
2023-04-06 13:07:00,17.615,17.615,17.6,17.6,3170.0,FHN
2023-04-06 13:06:00,17.61,17.62,17.61,17.615,800.0,FHN
2023-04-06 13:05:00,17.61,17.615,17.61,17.6119,2502.0,FHN
2023-04-06 13:04:00,17.605,17.615,17.6,17.615,1883.0,FHN
2023-04-06 13:03:00,17.61,17.615,17.6,17.6016,2176.0,FHN
2023-04-06 13:02:00,17.6,17.61,17.6,17.6,2717.0,FHN
2023-04-06 13:01:00,17.605,17.61,17.6,17.605,11151.0,FHN
2023-04-06 13:00:00,17.605,17.605,17.6,17.605,520.0,FHN
2023-04-06 12:59:00,17.605,17.605,17.6,17.605,1400.0,FHN
2023-04-06 12:58:00,17.605,17.605,17.605,17.605,676.0,FHN
2023-04-06 12:57:00,17.61,17.61,17.61,17.61,375.0,FHN
2023-04-06 12:56:00,17.61,17.61,17.6,17.6,1590.0,FHN
2023-04-06 12:55:00,17.62,17.62,17.61,17.61,6046.0,FHN
2023-04-06 12:54:00,17.64,17.64,17.62,17.625,2900.0,FHN
2023-04-06 12:53:00,17.6535,17.6535,17.65,17.65,1843.0,FHN
2023-04-06 12:52:00,17.64,17.65,17.64,17.65,3800.0,FHN
2023-04-06 12:51:00,17.635,17.64,17.635,17.64,1330.0,FHN
2023-04-06 12:50:00,17.655,17.655,17.64,17.64,2171.0,FHN
2023-04-06 12:49:00,17.65,17.66,17.65,17.66,2979.0,FHN
2023-04-06 12:48:00,17.65,17.65,17.65,17.65,440.0,FHN
2023-04-06 12:47:00,17.67,17.68,17.66,17.66,17426.0,FHN
2023-04-06 12:46:00,17.68,17.68,17.6793,17.6793,1176.0,FHN
2023-04-06 12:45:00,17.67,17.68,17.67,17.6799,2148.0,FHN
2023-04-06 12:44:00,17.665,17.68,17.665,17.67,1457.0,FHN
2023-04-06 12:42:00,17.66,17.67,17.66,17.669,1713.0,FHN
2023-04-06 12:40:00,17.66,17.68,17.66,17.66,9164.0,FHN
2023-04-06 12:39:00,17.65,17.66,17.65,17.66,1210.0,FHN
2023-04-06 12:38:00,17.645,17.66,17.645,17.65,8617.0,FHN
2023-04-06 12:37:00,17.62,17.64,17.62,17.64,5030.0,FHN
2023-04-06 12:36:00,17.62,17.62,17.61,17.62,2084.0,FHN
2023-04-06 12:35:00,17.625,17.635,17.625,17.63,12188.0,FHN
2023-04-06 12:34:00,17.63,17.63,17.63,17.63,682.0,FHN
2023-04-06 12:33:00,17.63,17.63,17.63,17.63,495.0,FHN
2023-04-06 12:32:00,17.61,17.63,17.61,17.625,2003.0,FHN
2023-04-06 12:31:00,17.6,17.615,17.59,17.615,11559.0,FHN
2023-04-06 12:30:00,17.595,17.6,17.59,17.6,1577.0,FHN
2023-04-06 12:28:00,17.6,17.6,17.6,17.6,672.0,FHN
2023-04-06 12:27:00,17.58,17.59,17.58,17.59,1090.0,FHN
2023-04-06 12:26:00,17.58,17.58,17.57,17.57,1081.0,FHN
2023-04-06 12:25:00,17.58,17.585,17.58,17.58,4613.0,FHN
2023-04-06 12:24:00,17.57,17.58,17.57,17.58,1691.0,FHN
2023-04-06 12:23:00,17.59,17.59,17.575,17.575,5143.0,FHN
2023-04-06 12:22:00,17.58,17.59,17.58,17.59,10230.0,FHN
2023-04-06 12:21:00,17.585,17.585,17.58,17.585,555.0,FHN
2023-04-06 12:20:00,17.585,17.59,17.585,17.585,579.0,FHN
2023-04-06 12:19:00,17.585,17.59,17.5809,17.59,1619.0,FHN
2023-04-06 12:18:00,17.58,17.58,17.58,17.58,2022.0,FHN
2023-04-06 12:17:00,17.59,17.595,17.57,17.57,3247.0,FHN
2023-04-06 12:16:00,17.59,17.6,17.59,17.595,2089.0,FHN
2023-04-06 12:15:00,17.58,17.59,17.58,17.585,600.0,FHN
2023-04-06 12:12:00,17.585,17.585,17.58,17.585,734.0,FHN
2023-04-06 12:11:00,17.575,17.585,17.57,17.585,6394.0,FHN
2023-04-06 12:10:00,17.5701,17.575,17.5701,17.575,313.0,FHN
2023-04-06 12:09:00,17.57,17.58,17.57,17.58,1940.0,FHN
2023-04-06 12:08:00,17.565,17.57,17.565,17.565,782.0,FHN
2023-04-06 12:07:00,17.57,17.57,17.5603,17.565,601.0,FHN
2023-04-06 12:06:00,17.57,17.57,17.57,17.57,625.0,FHN
2023-04-06 12:05:00,17.57,17.575,17.57,17.57,4094.0,FHN
2023-04-06 12:04:00,17.57,17.57,17.57,17.57,207.0,FHN
2023-04-06 12:03:00,17.56,17.56,17.56,17.56,200.0,FHN
2023-04-06 12:02:00,17.57,17.58,17.56,17.56,13798.0,FHN
2023-04-06 12:01:00,17.54,17.57,17.54,17.56,6277.0,FHN
2023-04-06 12:00:00,17.53,17.535,17.53,17.535,1095.0,FHN
2023-04-06 11:59:00,17.555,17.555,17.52,17.52,8496.0,FHN
2023-04-06 11:58:00,17.56,17.56,17.55,17.555,637.0,FHN
2023-04-06 11:57:00,17.555,17.555,17.55,17.555,4880.0,FHN
2023-04-06 11:56:00,17.54,17.55,17.54,17.55,2611.0,FHN
2023-04-06 11:55:00,17.53,17.535,17.53,17.53,610.0,FHN
2023-04-06 11:54:00,17.535,17.5397,17.535,17.535,851.0,FHN
2023-04-06 11:53:00,17.535,17.535,17.53,17.53,2259.0,FHN
2023-04-06 11:52:00,17.54,17.54,17.535,17.535,556.0,FHN
2023-04-06 11:51:00,17.56,17.56,17.535,17.535,4618.0,FHN
2023-04-06 11:50:00,17.555,17.555,17.55,17.555,424.0,FHN
2023-04-06 11:49:00,17.55,17.56,17.55,17.555,1949.0,FHN
2023-04-06 11:48:00,17.53,17.55,17.53,17.55,2037.0,FHN
2023-04-06 11:47:00,17.54,17.54,17.52,17.52,4143.0,FHN
2023-04-06 11:46:00,17.545,17.545,17.535,17.535,5158.0,FHN
2023-04-06 11:45:00,17.535,17.54,17.535,17.54,683.0,FHN
2023-04-06 11:44:00,17.54,17.54,17.54,17.54,900.0,FHN
2023-04-06 11:43:00,17.575,17.575,17.55,17.555,3962.0,FHN
2023-04-06 11:42:00,17.575,17.575,17.57,17.575,503.0,FHN
2023-04-06 11:41:00,17.57,17.5799,17.57,17.5799,710.0,FHN
2023-04-06 11:40:00,17.565,17.58,17.565,17.575,4060.0,FHN
2023-04-06 11:39:00,17.58,17.58,17.56,17.5699,980.0,FHN
2023-04-06 11:38:00,17.56,17.6,17.56,17.58,16623.0,FHN
2023-04-06 11:37:00,17.555,17.555,17.55,17.555,1278.0,FHN
2023-04-06 11:36:00,17.55,17.56,17.55,17.56,2721.0,FHN
2023-04-06 11:35:00,17.545,17.55,17.545,17.55,1062.0,FHN
2023-04-06 11:34:00,17.555,17.57,17.55,17.555,6999.0,FHN
2023-04-06 11:33:00,17.545,17.56,17.54,17.56,2744.0,FHN
2023-04-06 11:32:00,17.54,17.54,17.54,17.54,402.0,FHN
2023-04-06 11:31:00,17.55,17.55,17.535,17.54,2859.0,FHN
2023-04-06 11:30:00,17.56,17.575,17.56,17.56,4059.0,FHN
2023-04-06 11:29:00,17.58,17.58,17.57,17.57,795.0,FHN
2023-04-06 11:28:00,17.59,17.595,17.58,17.5808,5172.0,FHN
2023-04-06 11:27:00,17.58,17.585,17.57,17.585,2718.0,FHN
2023-04-06 11:26:00,17.6,17.605,17.58,17.58,5141.0,FHN
2023-04-06 11:25:00,17.61,17.61,17.6,17.61,11389.0,FHN
2023-04-06 11:24:00,17.61,17.61,17.6,17.605,598.0,FHN
2023-04-06 11:23:00,17.575,17.61,17.56,17.6,18853.0,FHN
2023-04-06 11:22:00,17.58,17.58,17.57,17.58,7540.0,FHN
2023-04-06 11:21:00,17.56,17.58,17.55,17.58,18413.0,FHN
2023-04-06 11:20:00,17.5781,17.5781,17.5781,17.5781,1059.0,FHN
2023-04-06 11:19:00,17.56,17.57,17.56,17.57,2367.0,FHN
2023-04-06 11:18:00,17.56,17.57,17.55,17.56,3244.0,FHN
2023-04-06 11:17:00,17.57,17.5901,17.57,17.58,15128.0,FHN
2023-04-06 11:16:00,17.555,17.57,17.54,17.57,19564.0,FHN
2023-04-06 11:15:00,17.55,17.56,17.545,17.56,2292.0,FHN
2023-04-06 11:14:00,17.53,17.545,17.53,17.545,5375.0,FHN
2023-04-06 11:13:00,17.515,17.53,17.515,17.52,2434.0,FHN
2023-04-06 11:12:00,17.51,17.52,17.51,17.52,731.0,FHN
2023-04-06 11:11:00,17.51,17.5147,17.505,17.51,4877.0,FHN
2023-04-06 11:10:00,17.53,17.54,17.51,17.51,7870.0,FHN
2023-04-06 11:09:00,17.52,17.55,17.52,17.53,5925.0,FHN
2023-04-06 11:08:00,17.51,17.54,17.51,17.51,15810.0,FHN
2023-04-06 11:07:00,17.5,17.505,17.5,17.5,943.0,FHN
2023-04-06 11:06:00,17.4875,17.49,17.485,17.49,15324.0,FHN
2023-04-06 11:05:00,17.51,17.51,17.47,17.48,5851.0,FHN
2023-04-06 11:04:00,17.52,17.52,17.51,17.51,1717.0,FHN
2023-04-06 11:03:00,17.51,17.52,17.51,17.515,13938.0,FHN
2023-04-06 11:02:00,17.51,17.52,17.51,17.51,5706.0,FHN
2023-04-06 11:01:00,17.53,17.54,17.52,17.52,4881.0,FHN
2023-04-06 11:00:00,17.53,17.54,17.52,17.53,5570.0,FHN
2023-04-06 10:59:00,17.55,17.55,17.53,17.535,5923.0,FHN
2023-04-06 10:58:00,17.535,17.55,17.53,17.55,12917.0,FHN
2023-04-06 10:57:00,17.5399,17.54,17.53,17.53,4165.0,FHN
2023-04-06 10:56:00,17.55,17.55,17.53,17.53,10835.0,FHN
2023-04-06 10:55:00,17.565,17.57,17.56,17.56,5724.0,FHN
2023-04-06 10:54:00,17.58,17.58,17.56,17.56,2854.0,FHN
2023-04-06 10:53:00,17.57,17.595,17.57,17.59,15976.0,FHN
2023-04-06 10:52:00,17.56,17.57,17.56,17.56,4826.0,FHN
2023-04-06 10:51:00,17.59,17.59,17.56,17.57,10418.0,FHN
2023-04-06 10:50:00,17.575,17.6,17.575,17.58,30083.0,FHN
2023-04-06 10:49:00,17.55,17.57,17.54,17.57,14406.0,FHN
2023-04-06 10:48:00,17.61,17.61,17.55,17.55,39966.0,FHN
2023-04-06 10:47:00,17.605,17.615,17.605,17.61,1558.0,FHN
2023-04-06 10:46:00,17.63,17.63,17.6,17.6,11490.0,FHN
2023-04-06 10:45:00,17.625,17.63,17.61,17.625,12030.0,FHN
2023-04-06 10:44:00,17.64,17.64,17.62,17.63,4242.0,FHN
2023-04-06 10:43:00,17.64,17.65,17.64,17.64,13054.0,FHN
2023-04-06 10:42:00,17.65,17.65,17.64,17.64,4794.0,FHN
2023-04-06 10:41:00,17.65,17.65,17.64,17.65,2565.0,FHN
2023-04-06 10:40:00,17.65,17.655,17.65,17.65,5324.0,FHN
2023-04-06 10:39:00,17.64,17.645,17.63,17.64,7488.0,FHN
2023-04-06 10:38:00,17.63,17.64,17.63,17.64,6084.0,FHN
2023-04-06 10:37:00,17.65,17.65,17.635,17.64,2424.0,FHN
2023-04-06 10:36:00,17.68,17.68,17.65,17.65,3223.0,FHN
2023-04-06 10:35:00,17.655,17.685,17.655,17.685,7477.0,FHN
2023-04-06 10:34:00,17.61,17.65,17.605,17.65,4474.0,FHN
2023-04-06 10:33:00,17.62,17.625,17.6,17.601,7812.0,FHN
2023-04-06 10:32:00,17.64,17.64,17.62,17.62,2380.0,FHN
2023-04-06 10:31:00,17.6607,17.68,17.63,17.63,24386.0,FHN
2023-04-06 10:30:00,17.69,17.69,17.66,17.665,7503.0,FHN
2023-04-06 10:29:00,17.71,17.72,17.7,17.7,7658.0,FHN
2023-04-06 10:28:00,17.705,17.72,17.705,17.715,11959.0,FHN
2023-04-06 10:27:00,17.705,17.715,17.7,17.705,10488.0,FHN
2023-04-06 10:26:00,17.7,17.705,17.7,17.7,2100.0,FHN
2023-04-06 10:25:00,17.72,17.72,17.7,17.7,9946.0,FHN
2023-04-06 10:24:00,17.72,17.73,17.71,17.72,7300.0,FHN
2023-04-06 10:23:00,17.72,17.73,17.705,17.72,15914.0,FHN
2023-04-06 10:22:00,17.745,17.75,17.73,17.73,2404.0,FHN
2023-04-06 10:21:00,17.75,17.755,17.74,17.74,2649.0,FHN
2023-04-06 10:20:00,17.76,17.76,17.75,17.76,3150.0,FHN
2023-04-06 10:19:00,17.74,17.77,17.74,17.77,7665.0,FHN
2023-04-06 10:18:00,17.74,17.75,17.73,17.74,58353.0,FHN
2023-04-06 10:17:00,17.742,17.75,17.73,17.74,4367.0,FHN
2023-04-06 10:16:00,17.805,17.81,17.74,17.74,45941.0,FHN
2023-04-06 10:15:00,17.77,17.82,17.77,17.81,5059.0,FHN
2023-04-06 10:14:00,17.78,17.78,17.77,17.78,9662.0,FHN
2023-04-06 10:13:00,17.8,17.8001,17.78,17.78,3073.0,FHN
2023-04-06 10:12:00,17.77,17.82,17.77,17.8,51227.0,FHN
2023-04-06 10:11:00,17.68,17.77,17.675,17.77,24229.0,FHN
2023-04-06 10:10:00,17.665,17.6975,17.665,17.685,13464.0,FHN
2023-04-06 10:09:00,17.65,17.6675,17.64,17.665,2603.0,FHN
2023-04-06 10:08:00,17.65,17.65,17.6309,17.65,4160.0,FHN
2023-04-06 10:07:00,17.63,17.65,17.62,17.65,6583.0,FHN
2023-04-06 10:06:00,17.61,17.63,17.605,17.63,9582.0,FHN
2023-04-06 10:05:00,17.62,17.62,17.59,17.61,9568.0,FHN
2023-04-06 10:04:00,17.63,17.63,17.61,17.61,8852.0,FHN
2023-04-06 10:03:00,17.6692,17.6692,17.62,17.63,8245.0,FHN
2023-04-06 10:02:00,17.67,17.675,17.67,17.67,3138.0,FHN
2023-04-06 10:01:00,17.65,17.665,17.65,17.66,4840.0,FHN
2023-04-06 10:00:00,17.66,17.66,17.64,17.65,1951.0,FHN
2023-04-06 09:59:00,17.65,17.655,17.64,17.655,6093.0,FHN
2023-04-06 09:58:00,17.62,17.64,17.62,17.64,3166.0,FHN
2023-04-06 09:57:00,17.64,17.64,17.61,17.625,3553.0,FHN
2023-04-06 09:56:00,17.595,17.66,17.595,17.64,7360.0,FHN
2023-04-06 09:55:00,17.61,17.61,17.595,17.595,3052.0,FHN
2023-04-06 09:54:00,17.62,17.62,17.6,17.61,4778.0,FHN
2023-04-06 09:53:00,17.59,17.635,17.59,17.63,14712.0,FHN
2023-04-06 09:52:00,17.55,17.595,17.55,17.59,5430.0,FHN
2023-04-06 09:51:00,17.55,17.55,17.5245,17.54,5061.0,FHN
2023-04-06 09:50:00,17.56,17.56,17.54,17.55,2754.0,FHN
2023-04-06 09:49:00,17.57,17.58,17.55,17.55,11139.0,FHN
2023-04-06 09:48:00,17.52,17.58,17.51,17.57,13366.0,FHN
2023-04-06 09:47:00,17.55,17.5594,17.54,17.54,7587.0,FHN
2023-04-06 09:46:00,17.54,17.58,17.535,17.54,16375.0,FHN
2023-04-06 09:45:00,17.455,17.53,17.455,17.53,34374.0,FHN
2023-04-06 09:44:00,17.435,17.45,17.435,17.45,1299.0,FHN
2023-04-06 09:43:00,17.42,17.4394,17.415,17.4394,3482.0,FHN
2023-04-06 09:42:00,17.44,17.44,17.41,17.42,4506.0,FHN
2023-04-06 09:41:00,17.42,17.48,17.42,17.45,15638.0,FHN
2023-04-06 09:40:00,17.46,17.4694,17.42,17.42,4475.0,FHN
2023-04-06 09:39:00,17.46,17.46,17.45,17.46,5487.0,FHN
2023-04-06 09:38:00,17.4701,17.4701,17.45,17.45,1676.0,FHN
2023-04-06 09:37:00,17.5,17.5,17.46,17.47,6432.0,FHN
2023-04-06 09:36:00,17.51,17.54,17.5,17.5093,5065.0,FHN
2023-04-06 09:35:00,17.5,17.52,17.48,17.5139,5064.0,FHN
2023-04-06 09:34:00,17.48,17.51,17.48,17.51,263.0,FHN
2023-04-06 09:33:00,17.5,17.5199,17.48,17.5,3715.0,FHN
2023-04-06 09:32:00,17.58,17.58,17.54,17.54,1838.0,FHN
2023-04-06 09:31:00,17.63,17.63,17.56,17.56,24975.0,FHN
2023-04-06 09:30:00,17.52,17.52,17.5,17.5,2409.0,FHN
2023-04-06 09:01:00,17.5,17.5,17.5,17.5,495.0,FHN
2023-04-05 16:46:00,17.73,17.73,17.73,17.73,300.0,FHN
2023-04-05 16:45:00,17.73,17.73,17.73,17.73,200.0,FHN
2023-04-05 16:02:00,17.63,17.63,17.63,17.63,6096.0,FHN
2023-04-05 16:01:00,17.63,17.63,17.63,17.63,109489.0,FHN
2023-04-05 16:00:00,17.6,17.64,17.57,17.63,384453.0,FHN
2023-04-05 15:59:00,17.61,17.61,17.6,17.605,24932.0,FHN
2023-04-05 15:58:00,17.605,17.61,17.6,17.605,70951.0,FHN
2023-04-05 15:57:00,17.605,17.61,17.6,17.605,37278.0,FHN
2023-04-05 15:56:00,17.615,17.615,17.6,17.605,35114.0,FHN
2023-04-05 15:55:00,17.625,17.63,17.61,17.61,16030.0,FHN
2023-04-05 15:54:00,17.63,17.63,17.62,17.625,20911.0,FHN
2023-04-05 15:53:00,17.625,17.635,17.625,17.635,25023.0,FHN
2023-04-05 15:52:00,17.625,17.63,17.625,17.625,7829.0,FHN
2023-04-05 15:51:00,17.62,17.63,17.615,17.625,17680.0,FHN
2023-04-05 15:50:00,17.61,17.62,17.61,17.615,3258.0,FHN
2023-04-05 15:49:00,17.62,17.62,17.6,17.615,30270.0,FHN
2023-04-05 15:48:00,17.615,17.62,17.6,17.61,26390.0,FHN
2023-04-05 15:47:00,17.65,17.65,17.61,17.61,19502.0,FHN
2023-04-05 15:46:00,17.665,17.665,17.65,17.65,9513.0,FHN
2023-04-05 15:45:00,17.655,17.66,17.65,17.66,10905.0,FHN
2023-04-05 15:44:00,17.65,17.66,17.645,17.655,19734.0,FHN
2023-04-05 15:43:00,17.62,17.66,17.62,17.66,20794.0,FHN
2023-04-05 15:42:00,17.61,17.615,17.61,17.615,1760.0,FHN
2023-04-05 15:41:00,17.615,17.62,17.61,17.61,3297.0,FHN
2023-04-05 15:40:00,17.605,17.62,17.605,17.615,7206.0,FHN
2023-04-05 15:39:00,17.61,17.615,17.6,17.605,11864.0,FHN
2023-04-05 15:38:00,17.61,17.62,17.61,17.61,2083.0,FHN
2023-04-05 15:37:00,17.62,17.625,17.615,17.615,10381.0,FHN
2023-04-05 15:36:00,17.6,17.62,17.6,17.61,4330.0,FHN
2023-04-05 15:35:00,17.6,17.61,17.6,17.6,2064.0,FHN
2023-04-05 15:34:00,17.585,17.6,17.58,17.6,17756.0,FHN
2023-04-05 15:33:00,17.61,17.62,17.58,17.58,7742.0,FHN
2023-04-05 15:32:00,17.605,17.61,17.6,17.61,6899.0,FHN
2023-04-05 15:31:00,17.57,17.61,17.57,17.605,38945.0,FHN
2023-04-05 15:30:00,17.57,17.57,17.56,17.5675,17493.0,FHN
2023-04-05 15:29:00,17.57,17.57,17.56,17.5675,16118.0,FHN
2023-04-05 15:28:00,17.575,17.58,17.57,17.57,5199.0,FHN
2023-04-05 15:27:00,17.575,17.58,17.575,17.58,1024.0,FHN
2023-04-05 15:26:00,17.57,17.58,17.565,17.58,8326.0,FHN
2023-04-05 15:25:00,17.57,17.57,17.565,17.57,4038.0,FHN
2023-04-05 15:24:00,17.5757,17.5757,17.565,17.57,7104.0,FHN
2023-04-05 15:23:00,17.57,17.58,17.57,17.575,930.0,FHN
2023-04-05 15:22:00,17.57,17.59,17.56,17.57,41714.0,FHN
2023-04-05 15:21:00,17.565,17.565,17.56,17.56,1500.0,FHN
2023-04-05 15:20:00,17.565,17.565,17.56,17.565,857.0,FHN
2023-04-05 15:19:00,17.565,17.57,17.565,17.565,504.0,FHN
2023-04-05 15:18:00,17.562,17.562,17.562,17.562,249.0,FHN
2023-04-05 15:17:00,17.555,17.565,17.555,17.56,6217.0,FHN
2023-04-05 15:16:00,17.57,17.57,17.55,17.56,3115.0,FHN
2023-04-05 15:15:00,17.5651,17.5687,17.56,17.565,1452.0,FHN
2023-04-05 15:14:00,17.57,17.57,17.56,17.56,1118.0,FHN
2023-04-05 15:13:00,17.5608,17.57,17.56,17.565,3746.0,FHN
2023-04-05 15:12:00,17.59,17.59,17.56,17.565,10509.0,FHN
2023-04-05 15:11:00,17.59,17.59,17.585,17.59,1678.0,FHN
2023-04-05 15:10:00,17.585,17.59,17.58,17.59,3975.0,FHN
2023-04-05 15:09:00,17.585,17.59,17.5812,17.59,4194.0,FHN
2023-04-05 15:08:00,17.58,17.59,17.58,17.59,9566.0,FHN
2023-04-05 15:07:00,17.57,17.59,17.57,17.59,11273.0,FHN
2023-04-05 15:06:00,17.56,17.5692,17.56,17.5692,7816.0,FHN
2023-04-05 15:05:00,17.55,17.555,17.55,17.555,3924.0,FHN
2023-04-05 15:04:00,17.55,17.56,17.545,17.555,3457.0,FHN
2023-04-05 15:03:00,17.55,17.56,17.545,17.55,7338.0,FHN
2023-04-05 15:02:00,17.55,17.56,17.545,17.555,12678.0,FHN
2023-04-05 15:01:00,17.555,17.565,17.55,17.555,9580.0,FHN
2023-04-05 15:00:00,17.57,17.57,17.555,17.555,3785.0,FHN
2023-04-05 14:59:00,17.585,17.585,17.575,17.575,5035.0,FHN
2023-04-05 14:58:00,17.5799,17.61,17.5799,17.585,46841.0,FHN
2023-04-05 14:57:00,17.58,17.585,17.5725,17.58,6916.0,FHN
2023-04-05 14:56:00,17.585,17.585,17.56,17.5725,8738.0,FHN
2023-04-05 14:54:00,17.59,17.5961,17.58,17.585,3574.0,FHN
2023-04-05 14:53:00,17.59,17.61,17.59,17.595,14226.0,FHN
2023-04-05 14:52:00,17.6194,17.6194,17.59,17.59,8861.0,FHN
2023-04-05 14:51:00,17.625,17.625,17.61,17.62,11030.0,FHN
2023-04-05 14:50:00,17.63,17.63,17.6225,17.6225,2797.0,FHN
2023-04-05 14:49:00,17.6306,17.64,17.6306,17.635,3370.0,FHN
2023-04-05 14:48:00,17.645,17.645,17.63,17.63,6085.0,FHN
2023-04-05 14:47:00,17.64,17.65,17.6308,17.645,18088.0,FHN
2023-04-05 14:46:00,17.64,17.64,17.63,17.64,1714.0,FHN
2023-04-05 14:45:00,17.615,17.64,17.61,17.64,15656.0,FHN
2023-04-05 14:44:00,17.6175,17.635,17.615,17.615,32645.0,FHN
2023-04-05 14:43:00,17.64,17.64,17.61,17.62,17598.0,FHN
2023-04-05 14:42:00,17.635,17.64,17.635,17.64,1700.0,FHN
2023-04-05 14:41:00,17.65,17.65,17.625,17.64,17039.0,FHN
2023-04-05 14:40:00,17.63,17.64,17.63,17.64,15252.0,FHN
2023-04-05 14:39:00,17.6308,17.635,17.614,17.63,35444.0,FHN
2023-04-05 14:38:00,17.62,17.645,17.62,17.63,20847.0,FHN
2023-04-05 14:37:00,17.595,17.625,17.5901,17.615,15883.0,FHN
2023-04-05 14:36:00,17.57,17.6,17.56,17.59,11057.0,FHN
2023-04-05 14:35:00,17.5693,17.57,17.5693,17.57,1342.0,FHN
2023-04-05 14:34:00,17.555,17.57,17.555,17.569,6621.0,FHN
2023-04-05 14:33:00,17.55,17.555,17.55,17.55,3901.0,FHN
2023-04-05 14:32:00,17.54,17.56,17.53,17.55,15397.0,FHN
2023-04-05 14:31:00,17.52,17.535,17.52,17.535,12500.0,FHN
2023-04-05 14:30:00,17.53,17.54,17.52,17.52,7802.0,FHN
2023-04-05 14:29:00,17.54,17.54,17.53,17.54,1884.0,FHN
2023-04-05 14:28:00,17.54,17.54,17.535,17.54,1984.0,FHN
2023-04-05 14:27:00,17.54,17.54,17.53,17.54,1369.0,FHN
2023-04-05 14:26:00,17.51,17.54,17.51,17.54,7982.0,FHN
2023-04-05 14:25:00,17.5,17.52,17.5,17.52,12600.0,FHN
2023-04-05 14:24:00,17.51,17.51,17.5,17.5,8661.0,FHN
2023-04-05 14:23:00,17.51,17.51,17.5001,17.505,4886.0,FHN
2023-04-05 14:22:00,17.5063,17.51,17.5063,17.51,3659.0,FHN
2023-04-05 14:21:00,17.5,17.51,17.5,17.51,4484.0,FHN
2023-04-05 14:20:00,17.485,17.51,17.48,17.5,32758.0,FHN
2023-04-05 14:19:00,17.48,17.49,17.48,17.48,4636.0,FHN
2023-04-05 14:18:00,17.455,17.49,17.455,17.485,20232.0,FHN
2023-04-05 14:17:00,17.44,17.47,17.435,17.46,14614.0,FHN
2023-04-05 14:16:00,17.44,17.44,17.435,17.435,400.0,FHN
2023-04-05 14:15:00,17.43,17.445,17.43,17.435,8015.0,FHN
2023-04-05 14:14:00,17.415,17.44,17.415,17.44,9044.0,FHN
2023-04-05 14:13:00,17.4133,17.42,17.4133,17.42,257.0,FHN
2023-04-05 14:12:00,17.4,17.41,17.4,17.41,5760.0,FHN
2023-04-05 14:11:00,17.43,17.43,17.405,17.405,7050.0,FHN
2023-04-05 14:10:00,17.4325,17.44,17.43,17.435,8268.0,FHN
2023-04-05 14:09:00,17.44,17.44,17.435,17.44,1314.0,FHN
2023-04-05 14:08:00,17.415,17.44,17.41,17.435,27704.0,FHN
2023-04-05 14:07:00,17.43,17.43,17.41,17.42,10748.0,FHN
2023-04-05 14:06:00,17.42,17.42,17.42,17.42,821.0,FHN
2023-04-05 14:05:00,17.42,17.43,17.42,17.42,3411.0,FHN
2023-04-05 14:04:00,17.41,17.42,17.41,17.42,3282.0,FHN
2023-04-05 14:03:00,17.41,17.41,17.41,17.41,441.0,FHN
2023-04-05 14:02:00,17.4025,17.41,17.4025,17.41,5534.0,FHN
2023-04-05 14:01:00,17.42,17.425,17.4025,17.4025,6658.0,FHN
2023-04-05 14:00:00,17.43,17.43,17.42,17.42,4804.0,FHN
2023-04-05 13:59:00,17.41,17.42,17.41,17.42,3930.0,FHN
2023-04-05 13:58:00,17.41,17.4107,17.41,17.41,3517.0,FHN
2023-04-05 13:57:00,17.4025,17.415,17.4025,17.415,3554.0,FHN
2023-04-05 13:56:00,17.4025,17.4025,17.4025,17.4025,345.0,FHN
2023-04-05 13:55:00,17.4,17.405,17.4,17.4,2510.0,FHN
2023-04-05 13:54:00,17.41,17.41,17.4,17.4,10751.0,FHN
2023-04-05 13:53:00,17.415,17.425,17.4,17.4,12601.0,FHN
2023-04-05 13:52:00,17.42,17.42,17.42,17.42,360.0,FHN
2023-04-05 13:51:00,17.39,17.41,17.385,17.41,3557.0,FHN
2023-04-05 13:50:00,17.3725,17.39,17.3725,17.38,14096.0,FHN
2023-04-05 13:49:00,17.39,17.39,17.37,17.375,4305.0,FHN
2023-04-05 13:48:00,17.39,17.4,17.39,17.4,5959.0,FHN
2023-04-05 13:47:00,17.39,17.4,17.39,17.39,4410.0,FHN
2023-04-05 13:46:00,17.39,17.395,17.39,17.395,1760.0,FHN
2023-04-05 13:45:00,17.37,17.38,17.37,17.38,3973.0,FHN
2023-04-05 13:44:00,17.4,17.4025,17.3725,17.38,9935.0,FHN
2023-04-05 13:43:00,17.41,17.41,17.4,17.4,1814.0,FHN
2023-04-05 13:42:00,17.42,17.42,17.4,17.405,13687.0,FHN
2023-04-05 13:41:00,17.41,17.42,17.4,17.42,12455.0,FHN
2023-04-05 13:40:00,17.43,17.43,17.405,17.415,11981.0,FHN
2023-04-05 13:39:00,17.47,17.47,17.425,17.43,43935.0,FHN
2023-04-05 13:38:00,17.48,17.49,17.47,17.475,11217.0,FHN
2023-04-05 13:37:00,17.47,17.485,17.46,17.48,20942.0,FHN
2023-04-05 13:36:00,17.46,17.48,17.46,17.48,14853.0,FHN
2023-04-05 13:35:00,17.49,17.49,17.45,17.47,14707.0,FHN
2023-04-05 13:34:00,17.469,17.49,17.469,17.49,24413.0,FHN
2023-04-05 13:33:00,17.45,17.47,17.45,17.46,46086.0,FHN
2023-04-05 13:32:00,17.45,17.46,17.45,17.45,1579.0,FHN
2023-04-05 13:31:00,17.45,17.45,17.44,17.45,9838.0,FHN
2023-04-05 13:30:00,17.46,17.46,17.44,17.44,6005.0,FHN
2023-04-05 13:29:00,17.48,17.48,17.47,17.47,1875.0,FHN
2023-04-05 13:28:00,17.52,17.52,17.49,17.49,6347.0,FHN
2023-04-05 13:27:00,17.4995,17.52,17.4995,17.51,4470.0,FHN
2023-04-05 13:26:00,17.52,17.52,17.48,17.495,14857.0,FHN
2023-04-05 13:25:00,17.52,17.53,17.51,17.53,6137.0,FHN
2023-04-05 13:24:00,17.49,17.52,17.48,17.52,13139.0,FHN
2023-04-05 13:23:00,17.495,17.505,17.48,17.48,11882.0,FHN
2023-04-05 13:22:00,17.48,17.4999,17.48,17.49,23159.0,FHN
2023-04-05 13:21:00,17.47,17.4808,17.47,17.4808,5935.0,FHN
2023-04-05 13:20:00,17.46,17.48,17.455,17.47,7083.0,FHN
2023-04-05 13:19:00,17.44,17.465,17.435,17.46,8058.0,FHN
2023-04-05 13:18:00,17.405,17.44,17.405,17.43,7598.0,FHN
2023-04-05 13:17:00,17.375,17.41,17.375,17.41,8789.0,FHN
2023-04-05 13:16:00,17.36,17.39,17.36,17.38,13405.0,FHN
2023-04-05 13:15:00,17.36,17.36,17.354,17.36,5032.0,FHN
2023-04-05 13:14:00,17.375,17.375,17.36,17.36,5531.0,FHN
2023-04-05 13:13:00,17.38,17.38,17.37,17.37,24923.0,FHN
2023-04-05 13:12:00,17.315,17.38,17.315,17.38,19541.0,FHN
2023-04-05 13:11:00,17.31,17.32,17.31,17.32,1200.0,FHN
2023-04-05 13:10:00,17.335,17.34,17.32,17.32,3338.0,FHN
2023-04-05 13:09:00,17.34,17.3492,17.34,17.34,8401.0,FHN
2023-04-05 13:08:00,17.335,17.35,17.33,17.34,5250.0,FHN
2023-04-05 13:07:00,17.3299,17.335,17.3299,17.33,11580.0,FHN
2023-04-05 13:06:00,17.33,17.33,17.32,17.32,666.0,FHN
2023-04-05 13:05:00,17.305,17.32,17.305,17.32,4969.0,FHN
2023-04-05 13:04:00,17.31,17.31,17.305,17.305,6235.0,FHN
2023-04-05 13:03:00,17.3,17.31,17.3,17.31,561.0,FHN
2023-04-05 13:02:00,17.3,17.305,17.3,17.305,1217.0,FHN
2023-04-05 13:01:00,17.31,17.31,17.301,17.301,2868.0,FHN
2023-04-05 13:00:00,17.305,17.305,17.3,17.302,840.0,FHN
2023-04-05 12:59:00,17.3,17.3058,17.3,17.3058,461.0,FHN
2023-04-05 12:58:00,17.3,17.3,17.3,17.3,5256.0,FHN
2023-04-05 12:57:00,17.29,17.3,17.29,17.295,1379.0,FHN
2023-04-05 12:56:00,17.305,17.305,17.29,17.295,13127.0,FHN
2023-04-05 12:55:00,17.305,17.305,17.302,17.302,819.0,FHN
2023-04-05 12:54:00,17.2775,17.305,17.2775,17.3,16018.0,FHN
2023-04-05 12:53:00,17.28,17.28,17.27,17.28,9978.0,FHN
2023-04-05 12:52:00,17.28,17.285,17.275,17.28,6867.0,FHN
2023-04-05 12:51:00,17.29,17.295,17.29,17.29,5032.0,FHN
2023-04-05 12:50:00,17.29,17.295,17.29,17.295,1194.0,FHN
2023-04-05 12:49:00,17.28,17.295,17.27,17.29,19681.0,FHN
2023-04-05 12:48:00,17.285,17.285,17.28,17.285,567.0,FHN
2023-04-05 12:47:00,17.285,17.285,17.285,17.285,237.0,FHN
2023-04-05 12:45:00,17.2814,17.285,17.28,17.28,1245.0,FHN
2023-04-05 12:44:00,17.29,17.29,17.285,17.2868,2604.0,FHN
2023-04-05 12:43:00,17.29,17.295,17.29,17.29,4833.0,FHN
2023-04-05 12:42:00,17.28,17.28,17.28,17.28,480.0,FHN
2023-04-05 12:41:00,17.28,17.285,17.28,17.28,5948.0,FHN
2023-04-05 12:40:00,17.29,17.29,17.29,17.29,200.0,FHN
2023-04-05 12:39:00,17.28,17.29,17.275,17.29,12098.0,FHN
2023-04-05 12:38:00,17.28,17.29,17.28,17.28,1811.0,FHN
2023-04-05 12:37:00,17.2582,17.27,17.2582,17.27,6198.0,FHN
2023-04-05 12:36:00,17.275,17.275,17.25,17.255,11983.0,FHN
2023-04-05 12:35:00,17.275,17.275,17.27,17.27,2217.0,FHN
2023-04-05 12:34:00,17.26,17.27,17.26,17.27,3094.0,FHN
2023-04-05 12:33:00,17.27,17.27,17.245,17.25,13667.0,FHN
2023-04-05 12:32:00,17.275,17.275,17.275,17.275,104.0,FHN
2023-04-05 12:31:00,17.28,17.28,17.275,17.275,3329.0,FHN
2023-04-05 12:30:00,17.27,17.285,17.27,17.285,4448.0,FHN
2023-04-05 12:29:00,17.265,17.265,17.265,17.265,986.0,FHN
2023-04-05 12:28:00,17.265,17.265,17.26,17.26,1710.0,FHN
2023-04-05 12:27:00,17.27,17.27,17.26,17.265,3242.0,FHN
2023-04-05 12:26:00,17.2795,17.2795,17.26,17.27,4949.0,FHN
2023-04-05 12:25:00,17.28,17.28,17.28,17.28,648.0,FHN
2023-04-05 12:24:00,17.3,17.305,17.2889,17.2889,8676.0,FHN
2023-04-05 12:23:00,17.29,17.2995,17.29,17.2987,1882.0,FHN
2023-04-05 12:22:00,17.28,17.29,17.28,17.285,5205.0,FHN
2023-04-05 12:21:00,17.28,17.28,17.275,17.28,5148.0,FHN
2023-04-05 12:20:00,17.2795,17.2795,17.275,17.275,574.0,FHN
2023-04-05 12:18:00,17.265,17.27,17.265,17.265,7166.0,FHN
2023-04-05 12:17:00,17.27,17.27,17.26,17.265,5102.0,FHN
2023-04-05 12:16:00,17.27,17.275,17.27,17.275,327.0,FHN
2023-04-05 12:15:00,17.27,17.28,17.265,17.27,15198.0,FHN
2023-04-05 12:14:00,17.275,17.275,17.27,17.275,987.0,FHN
2023-04-05 12:13:00,17.27,17.28,17.27,17.275,3765.0,FHN
2023-04-05 12:12:00,17.28,17.28,17.27,17.27,2360.0,FHN
2023-04-05 12:11:00,17.285,17.285,17.28,17.28,1537.0,FHN
2023-04-05 12:10:00,17.28,17.285,17.28,17.285,643.0,FHN
2023-04-05 12:09:00,17.28,17.28,17.28,17.28,445.0,FHN
2023-04-05 12:08:00,17.28,17.2899,17.28,17.2899,924.0,FHN
2023-04-05 12:07:00,17.29,17.295,17.2801,17.285,4749.0,FHN
2023-04-05 12:06:00,17.29,17.295,17.29,17.295,518.0,FHN
2023-04-05 12:05:00,17.295,17.295,17.29,17.295,923.0,FHN
2023-04-05 12:04:00,17.295,17.295,17.295,17.295,611.0,FHN
2023-04-05 12:03:00,17.285,17.29,17.28,17.29,5290.0,FHN
2023-04-05 12:02:00,17.29,17.29,17.28,17.28,4799.0,FHN
2023-04-05 12:01:00,17.29,17.29,17.28,17.28,587.0,FHN
2023-04-05 12:00:00,17.29,17.29,17.29,17.29,5284.0,FHN
2023-04-05 11:59:00,17.27,17.285,17.27,17.285,14928.0,FHN
2023-04-05 11:58:00,17.28,17.28,17.275,17.275,305.0,FHN
2023-04-05 11:57:00,17.27,17.275,17.27,17.27,2188.0,FHN
2023-04-05 11:56:00,17.265,17.27,17.265,17.27,616.0,FHN
2023-04-05 11:55:00,17.26,17.27,17.255,17.27,10271.0,FHN
2023-04-05 11:54:00,17.26,17.2612,17.26,17.2612,1077.0,FHN
2023-04-05 11:53:00,17.27,17.275,17.27,17.27,2992.0,FHN
2023-04-05 11:52:00,17.27,17.27,17.27,17.27,1557.0,FHN
2023-04-05 11:51:00,17.26,17.26,17.26,17.26,2732.0,FHN
2023-04-05 11:50:00,17.26,17.26,17.245,17.255,8679.0,FHN
2023-04-05 11:49:00,17.27,17.275,17.255,17.265,13460.0,FHN
2023-04-05 11:48:00,17.27,17.27,17.2653,17.27,2200.0,FHN
2023-04-05 11:47:00,17.275,17.2785,17.27,17.275,1043.0,FHN
2023-04-05 11:46:00,17.285,17.285,17.27,17.275,4299.0,FHN
2023-04-05 11:45:00,17.28,17.29,17.28,17.29,4643.0,FHN
2023-04-05 11:44:00,17.27,17.275,17.27,17.275,6715.0,FHN
2023-04-05 11:43:00,17.27,17.28,17.27,17.28,653.0,FHN
2023-04-05 11:42:00,17.255,17.275,17.25,17.275,11151.0,FHN
2023-04-05 11:41:00,17.255,17.255,17.24,17.255,9842.0,FHN
2023-04-05 11:40:00,17.24,17.25,17.23,17.25,22000.0,FHN
2023-04-05 11:39:00,17.23,17.24,17.23,17.2392,4217.0,FHN
2023-04-05 11:38:00,17.21,17.225,17.21,17.225,5751.0,FHN
2023-04-05 11:37:00,17.225,17.225,17.215,17.215,2705.0,FHN
2023-04-05 11:36:00,17.22,17.22,17.22,17.22,901.0,FHN
2023-04-05 11:35:00,17.23,17.23,17.2195,17.225,5489.0,FHN
2023-04-05 11:34:00,17.225,17.225,17.225,17.225,1526.0,FHN
2023-04-05 11:33:00,17.225,17.2259,17.225,17.2259,1349.0,FHN
2023-04-05 11:32:00,17.22,17.23,17.22,17.23,7515.0,FHN
2023-04-05 11:31:00,17.21,17.22,17.21,17.22,2452.0,FHN
2023-04-05 11:30:00,17.215,17.22,17.21,17.215,765.0,FHN
2023-04-05 11:29:00,17.2199,17.2199,17.21,17.21,2430.0,FHN
2023-04-05 11:28:00,17.21,17.22,17.21,17.21,2942.0,FHN
2023-04-05 11:27:00,17.18,17.22,17.18,17.22,11728.0,FHN
2023-04-05 11:26:00,17.19,17.195,17.19,17.19,1484.0,FHN
2023-04-05 11:25:00,17.185,17.19,17.18,17.19,3603.0,FHN
2023-04-05 11:24:00,17.19,17.19,17.18,17.18,590.0,FHN
2023-04-05 11:23:00,17.18,17.19,17.18,17.19,4376.0,FHN
2023-04-05 11:22:00,17.2,17.2,17.185,17.185,4090.0,FHN
2023-04-05 11:21:00,17.1807,17.19,17.18,17.19,4033.0,FHN
2023-04-05 11:20:00,17.17,17.19,17.17,17.185,3205.0,FHN
2023-04-05 11:19:00,17.19,17.205,17.17,17.18,15484.0,FHN
2023-04-05 11:18:00,17.185,17.185,17.185,17.185,285.0,FHN
2023-04-05 11:17:00,17.18,17.185,17.18,17.185,892.0,FHN
2023-04-05 11:16:00,17.185,17.19,17.18,17.19,15468.0,FHN
2023-04-05 11:15:00,17.14,17.185,17.14,17.185,22933.0,FHN
2023-04-05 11:14:00,17.145,17.15,17.14,17.145,5108.0,FHN
2023-04-05 11:13:00,17.15,17.15,17.15,17.15,497.0,FHN
2023-04-05 11:12:00,17.14,17.15,17.13,17.145,3484.0,FHN
2023-04-05 11:11:00,17.14,17.14,17.13,17.14,1704.0,FHN
2023-04-05 11:10:00,17.125,17.13,17.1213,17.13,3886.0,FHN
2023-04-05 11:09:00,17.13,17.13,17.125,17.125,1986.0,FHN
2023-04-05 11:08:00,17.12,17.125,17.12,17.125,465.0,FHN
2023-04-05 11:07:00,17.12,17.125,17.12,17.125,4028.0,FHN
2023-04-05 11:06:00,17.11,17.11,17.1,17.11,3076.0,FHN
2023-04-05 11:05:00,17.105,17.11,17.095,17.105,24329.0,FHN
2023-04-05 11:04:00,17.11,17.11,17.1,17.11,2390.0,FHN
2023-04-05 11:03:00,17.11,17.11,17.1,17.11,8329.0,FHN
2023-04-05 11:02:00,17.085,17.115,17.08,17.11,30161.0,FHN
2023-04-05 11:01:00,17.11,17.11,17.08,17.08,22831.0,FHN
2023-04-05 11:00:00,17.12,17.12,17.11,17.11,2936.0,FHN
2023-04-05 10:59:00,17.105,17.115,17.105,17.115,3282.0,FHN
2023-04-05 10:58:00,17.105,17.11,17.1,17.1003,9067.0,FHN
2023-04-05 10:57:00,17.11,17.11,17.1,17.1,10616.0,FHN
2023-04-05 10:56:00,17.11,17.11,17.1,17.11,7819.0,FHN
2023-04-05 10:55:00,17.105,17.12,17.1,17.11,10783.0,FHN
2023-04-05 10:54:00,17.1,17.105,17.1,17.105,2691.0,FHN
2023-04-05 10:53:00,17.11,17.12,17.1,17.1,5742.0,FHN
2023-04-05 10:52:00,17.1205,17.13,17.12,17.12,12149.0,FHN
2023-04-05 10:51:00,17.135,17.1391,17.12,17.12,7419.0,FHN
2023-04-05 10:50:00,17.12,17.13,17.12,17.13,3111.0,FHN
2023-04-05 10:49:00,17.12,17.12,17.11,17.12,4597.0,FHN
2023-04-05 10:48:00,17.115,17.125,17.1,17.125,16827.0,FHN
2023-04-05 10:47:00,17.12,17.125,17.1,17.115,10883.0,FHN
2023-04-05 10:46:00,17.14,17.14,17.12,17.12,7358.0,FHN
2023-04-05 10:45:00,17.14,17.15,17.14,17.14,2867.0,FHN
2023-04-05 10:44:00,17.16,17.16,17.145,17.145,4121.0,FHN
2023-04-05 10:43:00,17.1999,17.1999,17.165,17.165,3421.0,FHN
2023-04-05 10:42:00,17.19,17.19,17.18,17.19,1592.0,FHN
2023-04-05 10:41:00,17.185,17.21,17.18,17.19,7201.0,FHN
2023-04-05 10:40:00,17.195,17.2095,17.18,17.185,10912.0,FHN
2023-04-05 10:39:00,17.22,17.22,17.195,17.195,5532.0,FHN
2023-04-05 10:38:00,17.22,17.23,17.22,17.2299,6301.0,FHN
2023-04-05 10:37:00,17.22,17.2299,17.21,17.215,4715.0,FHN
2023-04-05 10:36:00,17.18,17.22,17.18,17.2135,10792.0,FHN
2023-04-05 10:35:00,17.16,17.185,17.16,17.185,10300.0,FHN
2023-04-05 10:34:00,17.15,17.155,17.145,17.155,828.0,FHN
2023-04-05 10:33:00,17.1599,17.1599,17.15,17.15,2383.0,FHN
2023-04-05 10:32:00,17.155,17.165,17.155,17.16,10158.0,FHN
2023-04-05 10:31:00,17.15,17.17,17.15,17.16,4175.0,FHN
2023-04-05 10:30:00,17.15,17.16,17.14,17.155,6833.0,FHN
2023-04-05 10:29:00,17.19,17.195,17.15,17.15,7161.0,FHN
2023-04-05 10:28:00,17.205,17.215,17.18,17.195,9918.0,FHN
2023-04-05 10:27:00,17.2109,17.215,17.21,17.21,5629.0,FHN
2023-04-05 10:26:00,17.28,17.28,17.21,17.215,9232.0,FHN
2023-04-05 10:25:00,17.265,17.275,17.2618,17.275,4032.0,FHN
2023-04-05 10:24:00,17.255,17.275,17.25,17.27,10081.0,FHN
2023-04-05 10:23:00,17.215,17.255,17.215,17.255,12102.0,FHN
2023-04-05 10:22:00,17.26,17.26,17.2,17.21,12465.0,FHN
2023-04-05 10:21:00,17.21,17.26,17.21,17.255,13278.0,FHN
2023-04-05 10:20:00,17.25,17.25,17.19,17.205,17567.0,FHN
2023-04-05 10:19:00,17.255,17.27,17.25,17.25,9566.0,FHN
2023-04-05 10:18:00,17.255,17.26,17.245,17.255,2776.0,FHN
2023-04-05 10:17:00,17.28,17.285,17.25,17.25,9175.0,FHN
2023-04-05 10:16:00,17.235,17.27,17.235,17.27,7836.0,FHN
2023-04-05 10:15:00,17.225,17.24,17.22,17.225,9680.0,FHN
2023-04-05 10:14:00,17.225,17.24,17.22,17.23,15686.0,FHN
2023-04-05 10:13:00,17.24,17.25,17.22,17.225,8960.0,FHN
2023-04-05 10:12:00,17.235,17.25,17.235,17.25,5915.0,FHN
2023-04-05 10:11:00,17.22,17.28,17.22,17.245,32714.0,FHN
2023-04-05 10:10:00,17.22,17.225,17.2,17.22,18096.0,FHN
2023-04-05 10:09:00,17.2,17.23,17.18,17.22,27115.0,FHN
2023-04-05 10:08:00,17.185,17.21,17.185,17.2097,10493.0,FHN
2023-04-05 10:07:00,17.21,17.21,17.165,17.185,37056.0,FHN
2023-04-05 10:06:00,17.26,17.26,17.21,17.21,23565.0,FHN
2023-04-05 10:05:00,17.24,17.265,17.24,17.26,7412.0,FHN
2023-04-05 10:04:00,17.25,17.27,17.24,17.24,33637.0,FHN
2023-04-05 10:03:00,17.25,17.29,17.24,17.25,34533.0,FHN
2023-04-05 10:02:00,17.27,17.28,17.24,17.25,23962.0,FHN
2023-04-05 10:01:00,17.28,17.3,17.24,17.275,13124.0,FHN
2023-04-05 10:00:00,17.3,17.3002,17.265,17.28,5469.0,FHN
2023-04-05 09:59:00,17.325,17.34,17.315,17.315,9244.0,FHN
2023-04-05 09:58:00,17.275,17.33,17.275,17.33,21867.0,FHN
2023-04-05 09:57:00,17.25,17.275,17.25,17.27,6096.0,FHN
2023-04-05 09:56:00,17.27,17.28,17.235,17.26,42576.0,FHN
2023-04-05 09:55:00,17.295,17.31,17.275,17.275,17002.0,FHN
2023-04-05 09:54:00,17.285,17.325,17.285,17.295,23467.0,FHN
2023-04-05 09:53:00,17.245,17.295,17.24,17.285,35203.0,FHN
2023-04-05 09:52:00,17.23,17.25,17.225,17.245,77243.0,FHN
2023-04-05 09:51:00,17.21,17.25,17.205,17.23,78744.0,FHN
2023-04-05 09:50:00,17.21,17.22,17.21,17.21,14715.0,FHN
2023-04-05 09:49:00,17.2,17.23,17.19,17.21,25061.0,FHN
2023-04-05 09:48:00,17.15,17.21,17.15,17.21,20425.0,FHN
2023-04-05 09:47:00,17.11,17.18,17.11,17.14,41431.0,FHN
2023-04-05 09:46:00,17.12,17.13,17.1,17.11,29229.0,FHN
2023-04-05 09:45:00,17.11,17.125,17.1,17.115,54172.0,FHN
2023-04-05 09:44:00,17.15,17.15,17.1,17.115,33172.0,FHN
2023-04-05 09:43:00,17.0967,17.155,17.09,17.15,43468.0,FHN
2023-04-05 09:42:00,17.1,17.1,17.06,17.09,104698.0,FHN
2023-04-05 09:41:00,17.105,17.115,17.1,17.105,39344.0,FHN
2023-04-05 09:40:00,17.135,17.14,17.1,17.105,27966.0,FHN
2023-04-05 09:39:00,17.115,17.1497,17.03,17.135,55232.0,FHN
2023-04-05 09:38:00,17.12,17.14,17.115,17.115,6277.0,FHN
2023-04-05 09:37:00,17.065,17.115,17.065,17.115,10431.0,FHN
2023-04-05 09:36:00,17.055,17.07,17.05,17.07,17542.0,FHN
2023-04-05 09:35:00,17.03,17.08,17.01,17.07,16278.0,FHN
2023-04-05 09:34:00,17.035,17.05,17.03,17.03,1178.0,FHN
2023-04-05 09:33:00,16.99,17.05,16.99,17.048,7392.0,FHN
2023-04-05 09:32:00,16.995,17.0,16.96,16.99,16313.0,FHN
2023-04-05 09:31:00,17.02,17.06,16.98,16.995,78090.0,FHN
2023-04-05 09:28:00,17.12,17.12,17.0,17.0,9907.0,FHN
2023-04-05 09:24:00,17.1,17.1,17.1,17.1,100.0,FHN
2023-04-05 09:21:00,17.11,17.11,17.11,17.11,368.0,FHN
2023-04-05 09:17:00,17.15,17.15,17.1,17.1,966.0,FHN
2023-04-05 08:47:00,17.15,17.15,17.15,17.15,237.0,FHN
2023-04-05 08:46:00,17.15,17.15,17.15,17.15,383.0,FHN
2023-04-05 08:45:00,17.14,17.15,17.14,17.15,1912.0,FHN
2023-04-05 08:40:00,17.15,17.15,17.15,17.15,2177.0,FHN
2023-04-05 08:37:00,17.17,17.17,17.17,17.17,246.0,FHN
2023-04-05 08:36:00,17.23,17.23,17.2,17.2,12252.0,FHN
2023-04-05 08:35:00,17.23,17.24,17.23,17.24,800.0,FHN
2023-04-05 08:34:00,17.36,17.36,17.24,17.24,2575.0,FHN
2023-04-05 08:33:00,17.29,17.29,17.29,17.29,380.0,FHN
2023-04-05 04:58:00,17.6,17.6,17.6,17.6,300.0,FHN
2023-04-05 04:44:00,17.55,17.55,17.55,17.55,516.0,FHN
2023-04-04 18:44:00,17.5,17.5,17.5,17.5,249.0,FHN
2023-04-04 16:03:00,17.33,17.33,17.33,17.33,170.0,FHN
2023-04-04 16:02:00,17.33,17.33,17.33,17.33,3890.0,FHN
2023-04-04 16:01:00,17.33,17.33,17.33,17.33,57078.0,FHN
2023-04-04 16:00:00,17.35,17.38,17.33,17.335,225902.0,FHN
2023-04-04 15:59:00,17.355,17.36,17.35,17.35,33630.0,FHN
2023-04-04 15:58:00,17.35,17.36,17.35,17.355,24134.0,FHN
2023-04-04 15:57:00,17.37,17.37,17.35,17.35,45159.0,FHN
2023-04-04 15:56:00,17.36,17.37,17.36,17.37,38220.0,FHN
2023-04-04 15:55:00,17.355,17.36,17.35,17.36,19832.0,FHN
2023-04-04 15:54:00,17.355,17.36,17.35,17.36,12341.0,FHN
2023-04-04 15:53:00,17.35,17.355,17.35,17.35,5789.0,FHN
2023-04-04 15:52:00,17.345,17.355,17.34,17.355,23463.0,FHN
2023-04-04 15:51:00,17.35,17.35,17.34,17.345,12908.0,FHN
2023-04-04 15:50:00,17.375,17.38,17.34,17.34,28505.0,FHN
2023-04-04 15:49:00,17.37,17.38,17.37,17.375,7700.0,FHN
2023-04-04 15:48:00,17.36,17.37,17.355,17.37,13568.0,FHN
2023-04-04 15:47:00,17.35,17.36,17.345,17.355,15503.0,FHN
2023-04-04 15:46:00,17.345,17.3566,17.335,17.345,55616.0,FHN
2023-04-04 15:45:00,17.34,17.3499,17.34,17.3401,8129.0,FHN
2023-04-04 15:44:00,17.34,17.35,17.34,17.34,4459.0,FHN
2023-04-04 15:43:00,17.35,17.35,17.3425,17.345,11599.0,FHN
2023-04-04 15:42:00,17.34,17.35,17.34,17.345,4648.0,FHN
2023-04-04 15:41:00,17.35,17.35,17.34,17.34,10097.0,FHN
2023-04-04 15:40:00,17.345,17.35,17.34,17.345,3084.0,FHN
2023-04-04 15:39:00,17.34,17.35,17.34,17.345,15440.0,FHN
2023-04-04 15:38:00,17.345,17.349,17.335,17.34,23768.0,FHN
2023-04-04 15:37:00,17.355,17.36,17.34,17.345,12024.0,FHN
2023-04-04 15:36:00,17.355,17.375,17.3501,17.36,27659.0,FHN
2023-04-04 15:35:00,17.355,17.36,17.3501,17.355,4233.0,FHN
2023-04-04 15:34:00,17.36,17.365,17.35,17.355,12204.0,FHN
2023-04-04 15:33:00,17.35,17.365,17.345,17.3603,15759.0,FHN
2023-04-04 15:32:00,17.345,17.35,17.34,17.345,17189.0,FHN
2023-04-04 15:31:00,17.365,17.365,17.345,17.35,37715.0,FHN
2023-04-04 15:30:00,17.365,17.37,17.36,17.365,1745.0,FHN
2023-04-04 15:29:00,17.365,17.365,17.36,17.365,1747.0,FHN
2023-04-04 15:28:00,17.36,17.37,17.36,17.365,4439.0,FHN
2023-04-04 15:27:00,17.36,17.37,17.36,17.365,3504.0,FHN
2023-04-04 15:26:00,17.365,17.365,17.36,17.36,1689.0,FHN
2023-04-04 15:25:00,17.36,17.365,17.36,17.365,4625.0,FHN
2023-04-04 15:24:00,17.36,17.37,17.36,17.36,3484.0,FHN
2023-04-04 15:23:00,17.37,17.37,17.36,17.36,3795.0,FHN
2023-04-04 15:22:00,17.38,17.38,17.37,17.375,5633.0,FHN
2023-04-04 15:21:00,17.405,17.405,17.38,17.38,12384.0,FHN
2023-04-04 15:20:00,17.405,17.405,17.4,17.405,1088.0,FHN
2023-04-04 15:19:00,17.405,17.41,17.4,17.4,1463.0,FHN
2023-04-04 15:18:00,17.405,17.405,17.4013,17.405,1944.0,FHN
2023-04-04 15:17:00,17.41,17.415,17.4,17.41,13189.0,FHN
2023-04-04 15:16:00,17.41,17.41,17.4015,17.405,1325.0,FHN
2023-04-04 15:15:00,17.405,17.405,17.405,17.405,477.0,FHN
2023-04-04 15:14:00,17.4,17.41,17.395,17.405,9867.0,FHN
2023-04-04 15:13:00,17.395,17.4,17.395,17.395,2093.0,FHN
2023-04-04 15:12:00,17.405,17.405,17.395,17.3999,12818.0,FHN
2023-04-04 15:11:00,17.405,17.41,17.405,17.405,900.0,FHN
2023-04-04 15:10:00,17.4,17.41,17.395,17.41,15024.0,FHN
2023-04-04 15:09:00,17.405,17.405,17.39,17.395,15945.0,FHN
2023-04-04 15:08:00,17.405,17.41,17.4045,17.405,5456.0,FHN
2023-04-04 15:07:00,17.405,17.41,17.4,17.41,4604.0,FHN
2023-04-04 15:06:00,17.4,17.41,17.4,17.405,1802.0,FHN
2023-04-04 15:05:00,17.4,17.41,17.4,17.405,1911.0,FHN
2023-04-04 15:04:00,17.4,17.415,17.39,17.41,19329.0,FHN
2023-04-04 15:03:00,17.375,17.4,17.37,17.395,17247.0,FHN
2023-04-04 15:02:00,17.375,17.38,17.37,17.375,2726.0,FHN
2023-04-04 15:01:00,17.38,17.39,17.375,17.375,11390.0,FHN
2023-04-04 15:00:00,17.385,17.39,17.38,17.38,1750.0,FHN
2023-04-04 14:59:00,17.37,17.39,17.37,17.38,16242.0,FHN
2023-04-04 14:58:00,17.3747,17.38,17.3701,17.375,2181.0,FHN
2023-04-04 14:57:00,17.37,17.38,17.37,17.37,5639.0,FHN
2023-04-04 14:56:00,17.375,17.38,17.375,17.375,2558.0,FHN
2023-04-04 14:55:00,17.375,17.38,17.375,17.375,1200.0,FHN
2023-04-04 14:54:00,17.38,17.38,17.37,17.375,2137.0,FHN
2023-04-04 14:53:00,17.375,17.38,17.375,17.375,1402.0,FHN
2023-04-04 14:52:00,17.375,17.38,17.37,17.38,9029.0,FHN
2023-04-04 14:51:00,17.38,17.38,17.375,17.375,5059.0,FHN
2023-04-04 14:50:00,17.375,17.38,17.37,17.375,2418.0,FHN
2023-04-04 14:49:00,17.375,17.375,17.37,17.37,1768.0,FHN
2023-04-04 14:48:00,17.38,17.38,17.365,17.375,38975.0,FHN
2023-04-04 14:47:00,17.385,17.39,17.38,17.385,2472.0,FHN
2023-04-04 14:46:00,17.385,17.385,17.38,17.385,2456.0,FHN
2023-04-04 14:45:00,17.385,17.39,17.38,17.385,2421.0,FHN
2023-04-04 14:44:00,17.385,17.39,17.38,17.38,1626.0,FHN
2023-04-04 14:43:00,17.39,17.39,17.38,17.385,3421.0,FHN
2023-04-04 14:42:00,17.39,17.39,17.385,17.39,1255.0,FHN
2023-04-04 14:41:00,17.38,17.385,17.38,17.385,553.0,FHN
2023-04-04 14:40:00,17.375,17.385,17.365,17.385,17490.0,FHN
2023-04-04 14:39:00,17.3599,17.37,17.3599,17.37,17219.0,FHN
2023-04-04 14:38:00,17.36,17.36,17.355,17.36,4413.0,FHN
2023-04-04 14:37:00,17.35,17.365,17.345,17.355,20384.0,FHN
2023-04-04 14:36:00,17.345,17.345,17.345,17.345,638.0,FHN
2023-04-04 14:35:00,17.34,17.345,17.34,17.345,10027.0,FHN
2023-04-04 14:34:00,17.345,17.35,17.335,17.335,28978.0,FHN
2023-04-04 14:33:00,17.345,17.35,17.345,17.345,1073.0,FHN
2023-04-04 14:32:00,17.35,17.35,17.34,17.345,4447.0,FHN
2023-04-04 14:31:00,17.345,17.35,17.34,17.345,4351.0,FHN
2023-04-04 14:30:00,17.34,17.345,17.34,17.34,2801.0,FHN
2023-04-04 14:29:00,17.3436,17.345,17.34,17.345,877.0,FHN
2023-04-04 14:28:00,17.35,17.35,17.34,17.345,5766.0,FHN
2023-04-04 14:27:00,17.35,17.355,17.345,17.345,13204.0,FHN
2023-04-04 14:26:00,17.34,17.35,17.34,17.35,1081.0,FHN
2023-04-04 14:25:00,17.35,17.355,17.34,17.345,14135.0,FHN
2023-04-04 14:24:00,17.345,17.345,17.34,17.345,5761.0,FHN
2023-04-04 14:23:00,17.345,17.35,17.34,17.345,1116.0,FHN
2023-04-04 14:22:00,17.35,17.35,17.345,17.345,322.0,FHN
2023-04-04 14:21:00,17.345,17.35,17.345,17.345,678.0,FHN
2023-04-04 14:20:00,17.35,17.355,17.34,17.345,13566.0,FHN
2023-04-04 14:19:00,17.34,17.355,17.335,17.355,18758.0,FHN
2023-04-04 14:18:00,17.36,17.37,17.345,17.345,15643.0,FHN
2023-04-04 14:17:00,17.355,17.365,17.35,17.36,11979.0,FHN
2023-04-04 14:16:00,17.3597,17.36,17.35,17.355,1468.0,FHN
2023-04-04 14:15:00,17.37,17.37,17.35,17.35,8302.0,FHN
2023-04-04 14:14:00,17.365,17.37,17.36,17.37,969.0,FHN
2023-04-04 14:13:00,17.36,17.37,17.36,17.37,1237.0,FHN
2023-04-04 14:12:00,17.36,17.37,17.36,17.365,7778.0,FHN
2023-04-04 14:11:00,17.355,17.36,17.355,17.355,614.0,FHN
2023-04-04 14:10:00,17.3525,17.359,17.35,17.355,4577.0,FHN
2023-04-04 14:09:00,17.3525,17.355,17.3525,17.355,802.0,FHN
2023-04-04 14:08:00,17.3682,17.3682,17.35,17.36,5622.0,FHN
2023-04-04 14:07:00,17.37,17.37,17.36,17.365,893.0,FHN
2023-04-04 14:06:00,17.3325,17.37,17.33,17.365,8055.0,FHN
2023-04-04 14:05:00,17.34,17.34,17.3325,17.34,1503.0,FHN
2023-04-04 14:03:00,17.3386,17.3386,17.3386,17.3386,607.0,FHN
2023-04-04 14:02:00,17.335,17.35,17.3325,17.34,9114.0,FHN
2023-04-04 14:01:00,17.335,17.34,17.33,17.335,1867.0,FHN
2023-04-04 14:00:00,17.35,17.355,17.335,17.335,5682.0,FHN
2023-04-04 13:59:00,17.36,17.365,17.36,17.36,4136.0,FHN
2023-04-04 13:58:00,17.36,17.37,17.355,17.37,2957.0,FHN
2023-04-04 13:57:00,17.36,17.36,17.36,17.36,587.0,FHN
2023-04-04 13:56:00,17.33,17.37,17.33,17.36,36063.0,FHN
2023-04-04 13:55:00,17.34,17.345,17.335,17.335,3302.0,FHN
2023-04-04 13:54:00,17.34,17.345,17.34,17.34,1031.0,FHN
2023-04-04 13:53:00,17.35,17.355,17.34,17.345,7855.0,FHN
2023-04-04 13:52:00,17.355,17.355,17.35,17.355,1941.0,FHN
2023-04-04 13:51:00,17.36,17.36,17.352,17.352,3321.0,FHN
2023-04-04 13:50:00,17.345,17.35,17.345,17.345,2152.0,FHN
2023-04-04 13:49:00,17.325,17.3499,17.325,17.345,8862.0,FHN
2023-04-04 13:48:00,17.33,17.33,17.3225,17.3225,801.0,FHN
2023-04-04 13:47:00,17.35,17.355,17.32,17.32,17450.0,FHN
2023-04-04 13:46:00,17.37,17.37,17.35,17.355,17624.0,FHN
2023-04-04 13:45:00,17.365,17.39,17.35,17.375,22339.0,FHN
2023-04-04 13:44:00,17.365,17.3699,17.36,17.365,867.0,FHN
2023-04-04 13:43:00,17.38,17.38,17.36,17.36,9310.0,FHN
2023-04-04 13:42:00,17.325,17.375,17.3225,17.37,50016.0,FHN
2023-04-04 13:41:00,17.325,17.33,17.32,17.32,2214.0,FHN
2023-04-04 13:40:00,17.325,17.3299,17.3225,17.325,1104.0,FHN
2023-04-04 13:39:00,17.3225,17.325,17.32,17.325,651.0,FHN
2023-04-04 13:38:00,17.325,17.325,17.32,17.32,561.0,FHN
2023-04-04 13:37:00,17.325,17.325,17.32,17.32,6201.0,FHN
2023-04-04 13:36:00,17.305,17.33,17.3001,17.32,16461.0,FHN
2023-04-04 13:35:00,17.305,17.31,17.295,17.305,36757.0,FHN
2023-04-04 13:34:00,17.3,17.31,17.295,17.305,28365.0,FHN
2023-04-04 13:33:00,17.3,17.305,17.29,17.3,43621.0,FHN
2023-04-04 13:32:00,17.295,17.3,17.29,17.3,2807.0,FHN
2023-04-04 13:31:00,17.285,17.295,17.285,17.295,9779.0,FHN
2023-04-04 13:30:00,17.28,17.285,17.28,17.28,5854.0,FHN
2023-04-04 13:29:00,17.28,17.285,17.28,17.285,4479.0,FHN
2023-04-04 13:28:00,17.255,17.275,17.255,17.275,3702.0,FHN
2023-04-04 13:27:00,17.2625,17.265,17.24,17.255,19774.0,FHN
2023-04-04 13:26:00,17.27,17.27,17.26,17.2625,1375.0,FHN
2023-04-04 13:25:00,17.265,17.27,17.26,17.265,1013.0,FHN
2023-04-04 13:24:00,17.2511,17.27,17.2511,17.27,1264.0,FHN
2023-04-04 13:23:00,17.195,17.245,17.195,17.245,14343.0,FHN
2023-04-04 13:22:00,17.215,17.215,17.19,17.19,8052.0,FHN
2023-04-04 13:21:00,17.225,17.23,17.215,17.215,6958.0,FHN
2023-04-04 13:20:00,17.21,17.23,17.21,17.225,49905.0,FHN
2023-04-04 13:19:00,17.2,17.21,17.2,17.2025,3471.0,FHN
2023-04-04 13:18:00,17.2,17.21,17.195,17.21,12414.0,FHN
2023-04-04 13:17:00,17.185,17.2,17.181,17.195,8934.0,FHN
2023-04-04 13:16:00,17.1899,17.19,17.18,17.18,1032.0,FHN
2023-04-04 13:15:00,17.19,17.19,17.185,17.185,12603.0,FHN
2023-04-04 13:14:00,17.1612,17.19,17.15,17.19,28878.0,FHN
2023-04-04 13:13:00,17.165,17.175,17.165,17.17,10222.0,FHN
2023-04-04 13:12:00,17.17,17.17,17.16,17.16,339.0,FHN
2023-04-04 13:11:00,17.18,17.18,17.165,17.165,5573.0,FHN
2023-04-04 13:10:00,17.195,17.195,17.18,17.18,7156.0,FHN
2023-04-04 13:09:00,17.1909,17.2,17.19,17.19,2203.0,FHN
2023-04-04 13:08:00,17.21,17.22,17.19,17.19,26361.0,FHN
2023-04-04 13:07:00,17.215,17.22,17.21,17.22,1209.0,FHN
2023-04-04 13:06:00,17.235,17.24,17.21,17.21,31857.0,FHN
2023-04-04 13:05:00,17.2193,17.24,17.2193,17.235,11708.0,FHN
2023-04-04 13:04:00,17.21,17.22,17.21,17.22,3206.0,FHN
2023-04-04 13:03:00,17.2,17.205,17.19,17.205,7605.0,FHN
2023-04-04 13:02:00,17.195,17.2,17.19,17.19,16115.0,FHN
2023-04-04 13:01:00,17.2,17.205,17.195,17.195,14093.0,FHN
2023-04-04 13:00:00,17.215,17.22,17.2,17.2,3556.0,FHN
2023-04-04 12:59:00,17.22,17.22,17.21,17.215,446.0,FHN
2023-04-04 12:58:00,17.19,17.215,17.19,17.215,9939.0,FHN
2023-04-04 12:57:00,17.2,17.21,17.19,17.19,3053.0,FHN
2023-04-04 12:56:00,17.21,17.21,17.2,17.2,4025.0,FHN
2023-04-04 12:55:00,17.22,17.22,17.215,17.215,2387.0,FHN
2023-04-04 12:54:00,17.22,17.225,17.22,17.225,459.0,FHN
2023-04-04 12:53:00,17.245,17.2488,17.22,17.225,7308.0,FHN
2023-04-04 12:52:00,17.245,17.255,17.245,17.245,8712.0,FHN
2023-04-04 12:51:00,17.235,17.25,17.235,17.245,10857.0,FHN
2023-04-04 12:50:00,17.2395,17.24,17.23,17.235,1626.0,FHN
2023-04-04 12:49:00,17.23,17.23,17.225,17.225,4980.0,FHN
2023-04-04 12:48:00,17.225,17.235,17.225,17.225,8383.0,FHN
2023-04-04 12:47:00,17.225,17.23,17.22,17.225,2231.0,FHN
2023-04-04 12:46:00,17.215,17.23,17.215,17.23,9743.0,FHN
2023-04-04 12:45:00,17.22,17.22,17.205,17.215,8318.0,FHN
2023-04-04 12:44:00,17.22,17.22,17.21,17.21,1542.0,FHN
2023-04-04 12:43:00,17.205,17.22,17.205,17.215,14995.0,FHN
2023-04-04 12:42:00,17.215,17.215,17.2,17.205,2334.0,FHN
2023-04-04 12:41:00,17.2,17.215,17.2,17.21,18518.0,FHN
2023-04-04 12:40:00,17.21,17.21,17.2,17.205,941.0,FHN
2023-04-04 12:39:00,17.205,17.205,17.195,17.2,32473.0,FHN
2023-04-04 12:38:00,17.205,17.21,17.2,17.2,502.0,FHN
2023-04-04 12:37:00,17.21,17.21,17.205,17.205,848.0,FHN
2023-04-04 12:36:00,17.215,17.2188,17.21,17.21,2671.0,FHN
2023-04-04 12:35:00,17.205,17.215,17.205,17.215,6737.0,FHN
2023-04-04 12:34:00,17.2,17.205,17.19,17.205,96871.0,FHN
2023-04-04 12:33:00,17.195,17.21,17.19,17.205,27073.0,FHN
2023-04-04 12:32:00,17.2,17.2,17.19,17.195,1786.0,FHN
2023-04-04 12:31:00,17.195,17.2,17.19,17.195,1594.0,FHN
2023-04-04 12:30:00,17.2,17.2,17.19,17.195,1234.0,FHN
2023-04-04 12:29:00,17.2001,17.2001,17.19,17.195,6048.0,FHN
2023-04-04 12:28:00,17.205,17.21,17.2,17.205,3101.0,FHN
2023-04-04 12:27:00,17.19,17.21,17.19,17.2099,10091.0,FHN
2023-04-04 12:26:00,17.175,17.195,17.175,17.185,10939.0,FHN
2023-04-04 12:25:00,17.175,17.18,17.17,17.17,1348.0,FHN
2023-04-04 12:24:00,17.17,17.175,17.165,17.175,6648.0,FHN
2023-04-04 12:23:00,17.175,17.175,17.16,17.17,3388.0,FHN
2023-04-04 12:22:00,17.165,17.18,17.165,17.17,8411.0,FHN
2023-04-04 12:21:00,17.2,17.2,17.16,17.165,20978.0,FHN
2023-04-04 12:20:00,17.205,17.21,17.205,17.205,1977.0,FHN
2023-04-04 12:19:00,17.215,17.22,17.2,17.2,6472.0,FHN
2023-04-04 12:18:00,17.22,17.22,17.215,17.215,24183.0,FHN
2023-04-04 12:17:00,17.215,17.22,17.21,17.215,39147.0,FHN
2023-04-04 12:16:00,17.23,17.23,17.215,17.215,3949.0,FHN
2023-04-04 12:15:00,17.24,17.25,17.22,17.225,5446.0,FHN
2023-04-04 12:14:00,17.255,17.26,17.25,17.25,6622.0,FHN
2023-04-04 12:13:00,17.2502,17.26,17.2502,17.255,641.0,FHN
2023-04-04 12:12:00,17.23,17.26,17.225,17.255,4347.0,FHN
2023-04-04 12:11:00,17.25,17.275,17.22,17.2342,32339.0,FHN
2023-04-04 12:10:00,17.28,17.28,17.25,17.255,6259.0,FHN
2023-04-04 12:09:00,17.285,17.29,17.285,17.285,490.0,FHN
2023-04-04 12:08:00,17.29,17.29,17.2815,17.29,7469.0,FHN
2023-04-04 12:07:00,17.335,17.335,17.28,17.29,17243.0,FHN
2023-04-04 12:06:00,17.34,17.345,17.33,17.335,24452.0,FHN
2023-04-04 12:05:00,17.315,17.345,17.315,17.34,12107.0,FHN
2023-04-04 12:04:00,17.315,17.32,17.315,17.32,1128.0,FHN
2023-04-04 12:03:00,17.32,17.32,17.29,17.32,16614.0,FHN
2023-04-04 12:02:00,17.325,17.33,17.325,17.33,616.0,FHN
2023-04-04 12:01:00,17.335,17.37,17.33,17.33,41879.0,FHN
2023-04-04 12:00:00,17.34,17.34,17.335,17.34,3364.0,FHN
2023-04-04 11:59:00,17.341,17.341,17.33,17.3327,3314.0,FHN
2023-04-04 11:58:00,17.36,17.36,17.335,17.34,18785.0,FHN
2023-04-04 11:57:00,17.395,17.4,17.36,17.36,5138.0,FHN
2023-04-04 11:56:00,17.405,17.405,17.39,17.4,20615.0,FHN
2023-04-04 11:55:00,17.4,17.41,17.4,17.402,13552.0,FHN
2023-04-04 11:54:00,17.405,17.41,17.39,17.402,152855.0,FHN
2023-04-04 11:53:00,17.41,17.41,17.405,17.405,1944.0,FHN
2023-04-04 11:52:00,17.41,17.41,17.41,17.41,2753.0,FHN
2023-04-04 11:51:00,17.4,17.425,17.4,17.41,11645.0,FHN
2023-04-04 11:50:00,17.4,17.41,17.4,17.405,7468.0,FHN
2023-04-04 11:49:00,17.4,17.41,17.39,17.395,9186.0,FHN
2023-04-04 11:48:00,17.395,17.4,17.38,17.395,21438.0,FHN
2023-04-04 11:47:00,17.39,17.41,17.385,17.395,69632.0,FHN
2023-04-04 11:46:00,17.3799,17.39,17.3799,17.39,4906.0,FHN
2023-04-04 11:45:00,17.36,17.38,17.36,17.374,6499.0,FHN
2023-04-04 11:44:00,17.37,17.37,17.36,17.36,2051.0,FHN
2023-04-04 11:43:00,17.378,17.378,17.365,17.365,2646.0,FHN
2023-04-04 11:42:00,17.37,17.38,17.365,17.38,7001.0,FHN
2023-04-04 11:41:00,17.365,17.37,17.35,17.36,7756.0,FHN
2023-04-04 11:40:00,17.39,17.39,17.36,17.37,12290.0,FHN
2023-04-04 11:39:00,17.4,17.4,17.39,17.39,733.0,FHN
2023-04-04 11:38:00,17.41,17.41,17.39,17.39,2388.0,FHN
2023-04-04 11:37:00,17.425,17.43,17.405,17.405,4216.0,FHN
2023-04-04 11:36:00,17.41,17.425,17.41,17.425,7578.0,FHN
2023-04-04 11:35:00,17.4,17.41,17.398,17.41,2456.0,FHN
2023-04-04 11:34:00,17.39,17.4,17.39,17.395,2464.0,FHN
2023-04-04 11:33:00,17.4,17.4,17.365,17.39,12940.0,FHN
2023-04-04 11:32:00,17.42,17.42,17.4,17.4,14588.0,FHN
2023-04-04 11:31:00,17.405,17.42,17.4001,17.42,14809.0,FHN
2023-04-04 11:30:00,17.408,17.41,17.4004,17.4004,820.0,FHN
2023-04-04 11:29:00,17.4,17.41,17.395,17.41,2703.0,FHN
2023-04-04 11:28:00,17.45,17.45,17.4,17.4,8134.0,FHN
2023-04-04 11:27:00,17.41,17.44,17.41,17.44,11275.0,FHN
2023-04-04 11:26:00,17.4201,17.43,17.4,17.4,11611.0,FHN
2023-04-04 11:25:00,17.44,17.45,17.42,17.43,7345.0,FHN
2023-04-04 11:24:00,17.46,17.46,17.44,17.44,4308.0,FHN
2023-04-04 11:23:00,17.45,17.46,17.45,17.455,3531.0,FHN
2023-04-04 11:22:00,17.44,17.45,17.44,17.445,3225.0,FHN
2023-04-04 11:21:00,17.43,17.455,17.42,17.45,7407.0,FHN
2023-04-04 11:20:00,17.42,17.435,17.41,17.435,11381.0,FHN
2023-04-04 11:19:00,17.425,17.43,17.42,17.425,6509.0,FHN
2023-04-04 11:18:00,17.45,17.46,17.42,17.42,8914.0,FHN
2023-04-04 11:17:00,17.465,17.465,17.455,17.46,12260.0,FHN
2023-04-04 11:16:00,17.47,17.47,17.462,17.47,1118.0,FHN
2023-04-04 11:15:00,17.47,17.47,17.46,17.46,6683.0,FHN
2023-04-04 11:14:00,17.48,17.48,17.46,17.47,10291.0,FHN
2023-04-04 11:13:00,17.49,17.49,17.46,17.47,13340.0,FHN
2023-04-04 11:12:00,17.4899,17.49,17.4899,17.49,1530.0,FHN
2023-04-04 11:11:00,17.47,17.49,17.46,17.49,2409.0,FHN
2023-04-04 11:10:00,17.49,17.49,17.47,17.47,17148.0,FHN
2023-04-04 11:09:00,17.49,17.49,17.4801,17.49,1752.0,FHN
2023-04-04 11:08:00,17.48,17.48,17.47,17.48,4345.0,FHN
2023-04-04 11:07:00,17.49,17.49,17.48,17.48,6637.0,FHN
2023-04-04 11:06:00,17.51,17.52,17.49,17.5,8921.0,FHN
2023-04-04 11:05:00,17.495,17.51,17.48,17.51,5435.0,FHN
2023-04-04 11:04:00,17.5,17.5092,17.48,17.49,5148.0,FHN
2023-04-04 11:03:00,17.485,17.5085,17.475,17.5,8945.0,FHN
2023-04-04 11:02:00,17.48,17.49,17.46,17.48,18494.0,FHN
2023-04-04 11:01:00,17.475,17.49,17.46,17.475,40424.0,FHN
2023-04-04 11:00:00,17.49,17.52,17.475,17.475,88896.0,FHN
2023-04-04 10:59:00,17.505,17.51,17.48,17.5,19083.0,FHN
2023-04-04 10:58:00,17.55,17.55,17.5,17.505,32442.0,FHN
2023-04-04 10:57:00,17.5692,17.57,17.54,17.55,3349.0,FHN
2023-04-04 10:56:00,17.5901,17.595,17.58,17.58,9723.0,FHN
2023-04-04 10:55:00,17.6,17.6,17.58,17.59,13549.0,FHN
2023-04-04 10:54:00,17.585,17.6,17.58,17.595,4833.0,FHN
2023-04-04 10:53:00,17.57,17.58,17.57,17.58,5430.0,FHN
2023-04-04 10:52:00,17.575,17.575,17.55,17.565,5990.0,FHN
2023-04-04 10:51:00,17.6,17.61,17.57,17.57,12992.0,FHN
2023-04-04 10:50:00,17.625,17.63,17.6,17.6,30933.0,FHN
2023-04-04 10:49:00,17.5769,17.63,17.5769,17.63,18426.0,FHN
2023-04-04 10:48:00,17.62,17.62,17.5781,17.5781,7683.0,FHN
2023-04-04 10:47:00,17.635,17.635,17.605,17.62,6463.0,FHN
2023-04-04 10:46:00,17.64,17.67,17.635,17.635,30322.0,FHN
2023-04-04 10:45:00,17.65,17.655,17.64,17.65,4974.0,FHN
2023-04-04 10:44:00,17.66,17.66,17.65,17.65,1089.0,FHN
2023-04-04 10:43:00,17.65,17.6585,17.64,17.65,16777.0,FHN
2023-04-04 10:42:00,17.64,17.66,17.64,17.655,6561.0,FHN
2023-04-04 10:41:00,17.67,17.675,17.645,17.645,9291.0,FHN
2023-04-04 10:40:00,17.6787,17.68,17.67,17.68,747.0,FHN
2023-04-04 10:39:00,17.695,17.695,17.67,17.685,10345.0,FHN
2023-04-04 10:38:00,17.7009,17.705,17.69,17.695,6347.0,FHN
2023-04-04 10:37:00,17.705,17.71,17.7,17.705,4545.0,FHN
2023-04-04 10:36:00,17.73,17.73,17.705,17.71,19158.0,FHN
2023-04-04 10:35:00,17.7293,17.73,17.725,17.7293,1610.0,FHN
2023-04-04 10:34:00,17.7217,17.745,17.72,17.735,64967.0,FHN
2023-04-04 10:33:00,17.73,17.73,17.72,17.725,2014.0,FHN
2023-04-04 10:32:00,17.725,17.73,17.72,17.725,3143.0,FHN
2023-04-04 10:31:00,17.745,17.7525,17.71,17.72,11937.0,FHN
2023-04-04 10:30:00,17.74,17.755,17.74,17.75,13067.0,FHN
2023-04-04 10:29:00,17.74,17.745,17.72,17.74,17900.0,FHN
2023-04-04 10:28:00,17.74,17.75,17.74,17.745,3610.0,FHN
2023-04-04 10:27:00,17.74,17.75,17.74,17.745,3288.0,FHN
2023-04-04 10:26:00,17.725,17.73,17.72,17.73,2196.0,FHN
2023-04-04 10:25:00,17.735,17.74,17.73,17.735,8589.0,FHN
2023-04-04 10:24:00,17.71,17.735,17.705,17.735,14668.0,FHN
2023-04-04 10:23:00,17.71,17.718,17.705,17.71,5256.0,FHN
2023-04-04 10:22:00,17.78,17.78,17.72,17.72,46624.0,FHN
2023-04-04 10:21:00,17.73,17.77,17.73,17.77,5565.0,FHN
2023-04-04 10:20:00,17.77,17.775,17.73,17.74,14426.0,FHN
2023-04-04 10:19:00,17.78,17.78,17.77,17.77,2129.0,FHN
2023-04-04 10:18:00,17.785,17.785,17.77,17.775,4072.0,FHN
2023-04-04 10:17:00,17.805,17.805,17.78,17.7866,5391.0,FHN
2023-04-04 10:16:00,17.79,17.81,17.79,17.805,5297.0,FHN
2023-04-04 10:15:00,17.79,17.795,17.78,17.79,2136.0,FHN
2023-04-04 10:14:00,17.805,17.805,17.78,17.795,3983.0,FHN
2023-04-04 10:13:00,17.805,17.81,17.79,17.805,6052.0,FHN
2023-04-04 10:12:00,17.825,17.825,17.78,17.805,20309.0,FHN
2023-04-04 10:11:00,17.83,17.835,17.82,17.825,15121.0,FHN
2023-04-04 10:10:00,17.82,17.835,17.82,17.83,3394.0,FHN
2023-04-04 10:09:00,17.85,17.855,17.82,17.84,11419.0,FHN
2023-04-04 10:08:00,17.85,17.855,17.832,17.85,2446.0,FHN
2023-04-04 10:07:00,17.845,17.855,17.83,17.855,6383.0,FHN
2023-04-04 10:06:00,17.86,17.8699,17.84,17.84,11059.0,FHN
2023-04-04 10:05:00,17.835,17.86,17.835,17.86,9584.0,FHN
2023-04-04 10:04:00,17.8,17.835,17.8,17.835,8006.0,FHN
2023-04-04 10:03:00,17.8,17.81,17.8,17.805,3412.0,FHN
2023-04-04 10:02:00,17.81,17.81,17.79,17.805,20566.0,FHN
2023-04-04 10:01:00,17.79,17.805,17.775,17.805,34988.0,FHN
2023-04-04 10:00:00,17.78,17.795,17.78,17.7801,8869.0,FHN
2023-04-04 09:59:00,17.785,17.785,17.75,17.775,10537.0,FHN
2023-04-04 09:58:00,17.78,17.785,17.78,17.78,3235.0,FHN
2023-04-04 09:57:00,17.76,17.78,17.76,17.78,7707.0,FHN
2023-04-04 09:56:00,17.75,17.75,17.73,17.75,4429.0,FHN
2023-04-04 09:55:00,17.725,17.76,17.72,17.75,10326.0,FHN
2023-04-04 09:54:00,17.72,17.735,17.72,17.725,5379.0,FHN
2023-04-04 09:53:00,17.72,17.73,17.71,17.715,17797.0,FHN
2023-04-04 09:52:00,17.73,17.765,17.72,17.73,22271.0,FHN
2023-04-04 09:51:00,17.765,17.77,17.72,17.72,16612.0,FHN
2023-04-04 09:50:00,17.7695,17.79,17.7695,17.77,7178.0,FHN
2023-04-04 09:49:00,17.78,17.805,17.76,17.76,12076.0,FHN
2023-04-04 09:48:00,17.8,17.83,17.78,17.795,16267.0,FHN
2023-04-04 09:47:00,17.795,17.82,17.795,17.805,4963.0,FHN
2023-04-04 09:46:00,17.84,17.845,17.78,17.79,10530.0,FHN
2023-04-04 09:45:00,17.825,17.84,17.8,17.84,8448.0,FHN
2023-04-04 09:44:00,17.8,17.825,17.765,17.825,16277.0,FHN
2023-04-04 09:43:00,17.86,17.865,17.81,17.81,10239.0,FHN
2023-04-04 09:42:00,17.885,17.89,17.86,17.8608,6938.0,FHN
2023-04-04 09:41:00,17.87,17.88,17.86,17.875,5958.0,FHN
2023-04-04 09:40:00,17.89,17.9,17.87,17.87,12351.0,FHN
2023-04-04 09:39:00,17.92,17.92,17.85,17.89,8693.0,FHN
2023-04-04 09:38:00,17.91,17.94,17.91,17.92,6751.0,FHN
2023-04-04 09:37:00,17.935,17.935,17.9,17.91,5735.0,FHN
2023-04-04 09:36:00,17.96,17.98,17.93,17.93,34385.0,FHN
2023-04-04 09:35:00,17.95,17.95,17.92,17.94,16030.0,FHN
2023-04-04 09:34:00,17.91,17.95,17.91,17.95,2399.0,FHN
2023-04-04 09:33:00,17.95,17.95,17.86,17.91,10168.0,FHN
2023-04-04 09:32:00,17.96,18.005,17.92,17.94,36854.0,FHN
2023-04-04 09:31:00,17.99,18.02,17.95,17.97,60650.0,FHN
2023-04-04 09:30:00,17.9,18.0,17.9,18.0,5103.0,FHN
2023-04-04 09:27:00,17.9,17.9,17.9,17.9,510.0,FHN
2023-04-04 09:26:00,17.92,17.92,17.92,17.92,164.0,FHN
2023-04-04 09:18:00,17.92,17.92,17.92,17.92,200.0,FHN
2023-04-04 09:10:00,17.99,17.99,17.99,17.99,200.0,FHN
2023-04-04 08:42:00,17.91,17.91,17.91,17.91,280.0,FHN
2023-04-04 08:22:00,18.01,18.01,18.01,18.01,100.0,FHN
2023-04-04 08:18:00,18.03,18.03,18.03,18.03,115.0,FHN
2023-04-04 08:15:00,18.03,18.03,18.03,18.03,530.0,FHN
2023-04-04 08:01:00,18.0,18.0,18.0,18.0,202.0,FHN
2023-04-03 17:07:00,17.9,17.9,17.9,17.9,100.0,FHN
2023-04-03 16:05:00,17.88,17.88,17.88,17.88,2002.0,FHN
2023-04-03 16:04:00,17.88,17.88,17.88,17.88,10054.0,FHN
2023-04-03 16:03:00,17.88,17.88,17.88,17.88,177963.0,FHN
2023-04-03 16:02:00,17.88,17.88,17.88,17.88,2298.0,FHN
2023-04-03 16:01:00,17.88,17.88,17.88,17.88,44746.0,FHN
2023-04-03 16:00:00,17.89,17.9,17.87,17.89,91962.0,FHN
2023-04-03 15:59:00,17.9,17.9,17.89,17.89,46899.0,FHN
2023-04-03 15:58:00,17.895,17.9,17.89,17.895,54347.0,FHN
2023-04-03 15:57:00,17.895,17.9,17.89,17.895,19514.0,FHN
2023-04-03 15:56:00,17.9,17.91,17.89,17.89,43133.0,FHN
2023-04-03 15:55:00,17.895,17.9,17.89,17.895,7872.0,FHN
2023-04-03 15:54:00,17.895,17.9,17.89,17.89,16669.0,FHN
2023-04-03 15:53:00,17.92,17.925,17.89,17.89,26136.0,FHN
2023-04-03 15:52:00,17.91,17.93,17.91,17.925,17650.0,FHN
2023-04-03 15:51:00,17.93,17.935,17.905,17.92,31151.0,FHN
2023-04-03 15:50:00,17.935,17.94,17.93,17.935,34727.0,FHN
2023-04-03 15:49:00,17.925,17.94,17.925,17.94,11946.0,FHN
2023-04-03 15:48:00,17.91,17.94,17.91,17.93,44876.0,FHN
2023-04-03 15:47:00,17.915,17.92,17.91,17.91,6001.0,FHN
2023-04-03 15:46:00,17.9,17.92,17.89,17.915,29745.0,FHN
2023-04-03 15:45:00,17.905,17.91,17.9,17.9,7558.0,FHN
2023-04-03 15:44:00,17.905,17.91,17.9,17.905,5464.0,FHN
2023-04-03 15:43:00,17.9,17.91,17.9,17.9,11441.0,FHN
2023-04-03 15:42:00,17.905,17.91,17.9,17.9,5665.0,FHN
2023-04-03 15:41:00,17.905,17.91,17.9,17.905,5023.0,FHN
2023-04-03 15:40:00,17.91,17.91,17.89,17.905,23224.0,FHN
2023-04-03 15:39:00,17.89,17.92,17.89,17.91,36834.0,FHN
2023-04-03 15:38:00,17.895,17.9,17.895,17.895,3780.0,FHN
2023-04-03 15:37:00,17.9,17.9,17.895,17.9,2626.0,FHN
2023-04-03 15:36:00,17.89,17.9,17.89,17.9,5359.0,FHN
2023-04-03 15:35:00,17.915,17.92,17.885,17.89,14688.0,FHN
2023-04-03 15:34:00,17.89,17.92,17.885,17.92,16004.0,FHN
2023-04-03 15:33:00,17.87,17.89,17.865,17.885,20789.0,FHN
2023-04-03 15:32:00,17.87,17.88,17.86,17.865,16520.0,FHN
2023-04-03 15:31:00,17.875,17.88,17.87,17.875,5686.0,FHN
2023-04-03 15:30:00,17.9,17.905,17.875,17.88,28367.0,FHN
2023-04-03 15:29:00,17.905,17.91,17.9,17.9,7866.0,FHN
2023-04-03 15:28:00,17.9,17.91,17.9,17.9,5241.0,FHN
2023-04-03 15:27:00,17.9,17.91,17.9,17.9,5260.0,FHN
2023-04-03 15:26:00,17.9,17.91,17.9,17.905,3842.0,FHN
2023-04-03 15:25:00,17.905,17.91,17.9,17.9,11449.0,FHN
2023-04-03 15:24:00,17.905,17.91,17.9,17.91,4489.0,FHN
2023-04-03 15:23:00,17.915,17.92,17.91,17.91,13626.0,FHN
2023-04-03 15:22:00,17.92,17.92,17.91,17.915,1123.0,FHN
2023-04-03 15:21:00,17.93,17.94,17.915,17.92,15369.0,FHN
2023-04-03 15:20:00,17.94,17.94,17.92,17.925,9207.0,FHN
2023-04-03 15:19:00,17.935,17.94,17.93,17.935,3374.0,FHN
2023-04-03 15:18:00,17.935,17.94,17.9304,17.935,3430.0,FHN
2023-04-03 15:17:00,17.94,17.94,17.93,17.93,4665.0,FHN
2023-04-03 15:16:00,17.97,17.97,17.935,17.94,13009.0,FHN
2023-04-03 15:15:00,17.965,17.97,17.96,17.965,3180.0,FHN
2023-04-03 15:14:00,17.97,17.97,17.96,17.965,92624.0,FHN
2023-04-03 15:13:00,17.9601,17.97,17.96,17.9601,8967.0,FHN
2023-04-03 15:12:00,17.965,17.97,17.96,17.96,4097.0,FHN
2023-04-03 15:11:00,17.96,17.97,17.96,17.96,3090.0,FHN
2023-04-03 15:10:00,17.98,17.98,17.96,17.96,9092.0,FHN
2023-04-03 15:09:00,17.97,17.98,17.97,17.975,3344.0,FHN
2023-04-03 15:08:00,17.975,17.98,17.97,17.975,3129.0,FHN
2023-04-03 15:07:00,17.9795,17.98,17.97,17.975,3753.0,FHN
2023-04-03 15:06:00,17.975,17.98,17.97,17.97,2945.0,FHN
2023-04-03 15:05:00,17.989,17.989,17.97,17.9713,7337.0,FHN
2023-04-03 15:04:00,17.98,17.99,17.98,17.99,1405.0,FHN
2023-04-03 15:03:00,17.9708,17.99,17.9708,17.99,6844.0,FHN
2023-04-03 15:02:00,17.98,17.98,17.975,17.98,1055.0,FHN
2023-04-03 15:01:00,17.985,17.99,17.9729,17.975,6785.0,FHN
2023-04-03 15:00:00,17.975,17.985,17.97,17.98,7570.0,FHN
2023-04-03 14:59:00,17.975,17.98,17.97,17.98,1443.0,FHN
2023-04-03 14:58:00,17.965,17.98,17.96,17.975,3925.0,FHN
2023-04-03 14:57:00,17.97,17.97,17.96,17.97,1028.0,FHN
2023-04-03 14:56:00,17.97,17.9795,17.96,17.97,5666.0,FHN
2023-04-03 14:55:00,17.965,17.97,17.955,17.97,8374.0,FHN
2023-04-03 14:54:00,17.98,17.9884,17.96,17.97,9880.0,FHN
2023-04-03 14:53:00,17.99,17.99,17.98,17.985,3319.0,FHN
2023-04-03 14:52:00,17.98,17.99,17.98,17.985,2251.0,FHN
2023-04-03 14:51:00,17.985,17.99,17.98,17.985,1078.0,FHN
2023-04-03 14:50:00,17.985,17.99,17.98,17.98,1309.0,FHN
2023-04-03 14:49:00,17.98,17.99,17.97,17.99,3272.0,FHN
2023-04-03 14:48:00,17.97,17.99,17.97,17.98,11910.0,FHN
2023-04-03 14:47:00,17.98,17.985,17.97,17.98,7087.0,FHN
2023-04-03 14:46:00,17.985,17.99,17.98,17.99,1923.0,FHN
2023-04-03 14:45:00,17.99,17.99,17.98,17.985,1610.0,FHN
2023-04-03 14:44:00,17.985,17.99,17.98,17.98,1982.0,FHN
2023-04-03 14:43:00,17.99,17.99,17.985,17.99,831.0,FHN
2023-04-03 14:42:00,17.98,17.99,17.98,17.99,2107.0,FHN
2023-04-03 14:41:00,17.97,17.975,17.9614,17.97,2867.0,FHN
2023-04-03 14:40:00,17.975,18.0,17.955,17.96,23927.0,FHN
2023-04-03 14:39:00,17.995,18.0,17.975,17.975,13703.0,FHN
2023-04-03 14:38:00,17.99,18.0,17.99,18.0,15076.0,FHN
2023-04-03 14:37:00,17.985,18.0,17.985,17.99,3663.0,FHN
2023-04-03 14:36:00,17.955,17.99,17.95,17.99,13434.0,FHN
2023-04-03 14:35:00,17.96,17.96,17.955,17.955,1110.0,FHN
2023-04-03 14:34:00,17.96,17.96,17.96,17.96,1116.0,FHN
2023-04-03 14:33:00,17.955,17.96,17.955,17.955,825.0,FHN
2023-04-03 14:32:00,17.94,17.96,17.93,17.955,17289.0,FHN
2023-04-03 14:31:00,17.94,17.94,17.935,17.94,3564.0,FHN
2023-04-03 14:30:00,17.92,17.94,17.92,17.93,13603.0,FHN
2023-04-03 14:29:00,17.92,17.92,17.915,17.92,1713.0,FHN
2023-04-03 14:28:00,17.92,17.92,17.91,17.92,1373.0,FHN
2023-04-03 14:27:00,17.92,17.92,17.9101,17.915,3344.0,FHN
2023-04-03 14:26:00,17.92,17.92,17.915,17.92,907.0,FHN
2023-04-03 14:25:00,17.905,17.92,17.901,17.92,6026.0,FHN
2023-04-03 14:24:00,17.905,17.91,17.9,17.905,2135.0,FHN
2023-04-03 14:23:00,17.91,17.91,17.9,17.91,1439.0,FHN
2023-04-03 14:22:00,17.901,17.91,17.9,17.91,10755.0,FHN
2023-04-03 14:21:00,17.905,17.91,17.9,17.91,3627.0,FHN
2023-04-03 14:20:00,17.91,17.91,17.9,17.9,1273.0,FHN
2023-04-03 14:19:00,17.91,17.91,17.91,17.91,235.0,FHN
2023-04-03 14:18:00,17.89,17.91,17.89,17.91,14632.0,FHN
2023-04-03 14:17:00,17.89,17.9,17.89,17.895,4113.0,FHN
2023-04-03 14:16:00,17.89,17.89,17.885,17.89,1052.0,FHN
2023-04-03 14:15:00,17.8812,17.89,17.875,17.89,11662.0,FHN
2023-04-03 14:14:00,17.895,17.9,17.88,17.88,9785.0,FHN
2023-04-03 14:13:00,17.89,17.9,17.89,17.895,1871.0,FHN
2023-04-03 14:12:00,17.895,17.9,17.89,17.895,1363.0,FHN
2023-04-03 14:11:00,17.895,17.895,17.89,17.895,2188.0,FHN
2023-04-03 14:10:00,17.89,17.89,17.8895,17.89,2119.0,FHN
2023-04-03 14:09:00,17.8973,17.9,17.885,17.885,8842.0,FHN
2023-04-03 14:08:00,17.9,17.9,17.895,17.895,2935.0,FHN
2023-04-03 14:07:00,17.87,17.9,17.87,17.9,8919.0,FHN
2023-04-03 14:06:00,17.87,17.87,17.87,17.87,489.0,FHN
2023-04-03 14:05:00,17.87,17.87,17.865,17.87,1373.0,FHN
2023-04-03 14:04:00,17.8395,17.87,17.835,17.87,9061.0,FHN
2023-04-03 14:03:00,17.855,17.855,17.825,17.84,19435.0,FHN
2023-04-03 14:02:00,17.86,17.86,17.85,17.86,4435.0,FHN
2023-04-03 14:01:00,17.875,17.88,17.86,17.865,3156.0,FHN
2023-04-03 14:00:00,17.88,17.88,17.865,17.875,9094.0,FHN
2023-04-03 13:59:00,17.88,17.88,17.875,17.875,456.0,FHN
2023-04-03 13:58:00,17.88,17.88,17.875,17.88,789.0,FHN
2023-04-03 13:57:00,17.865,17.88,17.865,17.88,2866.0,FHN
2023-04-03 13:56:00,17.87,17.87,17.865,17.865,1670.0,FHN
2023-04-03 13:55:00,17.865,17.87,17.865,17.87,2169.0,FHN
2023-04-03 13:54:00,17.885,17.89,17.8609,17.865,6096.0,FHN
2023-04-03 13:53:00,17.885,17.89,17.885,17.89,1897.0,FHN
2023-04-03 13:52:00,17.89,17.89,17.875,17.88,6890.0,FHN
2023-04-03 13:51:00,17.885,17.89,17.885,17.89,2200.0,FHN
2023-04-03 13:50:00,17.885,17.89,17.88,17.885,2037.0,FHN
2023-04-03 13:49:00,17.885,17.89,17.88,17.89,1524.0,FHN
2023-04-03 13:48:00,17.885,17.89,17.88,17.885,3492.0,FHN
2023-04-03 13:47:00,17.89,17.895,17.88,17.885,9017.0,FHN
2023-04-03 13:46:00,17.87,17.89,17.87,17.89,3582.0,FHN
2023-04-03 13:45:00,17.855,17.87,17.855,17.865,2527.0,FHN
2023-04-03 13:44:00,17.855,17.87,17.85,17.86,7264.0,FHN
2023-04-03 13:43:00,17.85,17.86,17.85,17.8595,1101.0,FHN
2023-04-03 13:42:00,17.89,17.89,17.85,17.85,7913.0,FHN
2023-04-03 13:41:00,17.89,17.89,17.875,17.89,9967.0,FHN
2023-04-03 13:40:00,17.835,17.89,17.835,17.89,20710.0,FHN
2023-04-03 13:39:00,17.83,17.84,17.825,17.8347,5607.0,FHN
2023-04-03 13:38:00,17.84,17.84,17.82,17.82,13432.0,FHN
2023-04-03 13:37:00,17.825,17.84,17.8209,17.83,10303.0,FHN
2023-04-03 13:36:00,17.83,17.83,17.82,17.825,7735.0,FHN
2023-04-03 13:35:00,17.8302,17.84,17.82,17.83,3205.0,FHN
2023-04-03 13:34:00,17.845,17.85,17.835,17.835,17547.0,FHN
2023-04-03 13:33:00,17.85,17.85,17.84,17.845,7617.0,FHN
2023-04-03 13:32:00,17.87,17.87,17.845,17.8477,17122.0,FHN
2023-04-03 13:31:00,17.91,17.91,17.875,17.88,18308.0,FHN
2023-04-03 13:30:00,17.905,17.91,17.9,17.905,3782.0,FHN
2023-04-03 13:29:00,17.9,17.91,17.9,17.91,3397.0,FHN
2023-04-03 13:28:00,17.91,17.91,17.9,17.9,1529.0,FHN
2023-04-03 13:27:00,17.92,17.92,17.9007,17.905,5255.0,FHN
2023-04-03 13:26:00,17.92,17.92,17.915,17.92,1317.0,FHN
2023-04-03 13:25:00,17.92,17.92,17.915,17.92,1470.0,FHN
2023-04-03 13:24:00,17.9177,17.92,17.91,17.915,954.0,FHN
2023-04-03 13:23:00,17.92,17.92,17.915,17.915,4709.0,FHN
2023-04-03 13:22:00,17.92,17.94,17.91,17.915,14344.0,FHN
2023-04-03 13:21:00,17.905,17.915,17.905,17.915,3220.0,FHN
2023-04-03 13:20:00,17.92,17.92,17.9,17.91,6962.0,FHN
2023-04-03 13:19:00,17.9,17.92,17.9,17.915,4359.0,FHN
2023-04-03 13:18:00,17.9,17.9,17.89,17.895,1012.0,FHN
2023-04-03 13:17:00,17.895,17.905,17.89,17.895,11973.0,FHN
2023-04-03 13:16:00,17.88,17.9,17.88,17.9,2419.0,FHN
2023-04-03 13:15:00,17.87,17.88,17.865,17.88,6186.0,FHN
2023-04-03 13:14:00,17.88,17.88,17.86,17.865,4440.0,FHN
2023-04-03 13:13:00,17.905,17.91,17.88,17.89,9025.0,FHN
2023-04-03 13:12:00,17.9,17.91,17.89,17.91,5671.0,FHN
2023-04-03 13:11:00,17.88,17.9,17.875,17.9,6606.0,FHN
2023-04-03 13:10:00,17.88,17.88,17.87,17.8701,3727.0,FHN
2023-04-03 13:09:00,17.88,17.89,17.87,17.87,5067.0,FHN
2023-04-03 13:08:00,17.915,17.915,17.88,17.89,7935.0,FHN
2023-04-03 13:07:00,17.92,17.93,17.9,17.915,17266.0,FHN
2023-04-03 13:06:00,17.91,17.92,17.905,17.92,4905.0,FHN
2023-04-03 13:05:00,17.9095,17.91,17.9,17.905,4043.0,FHN
2023-04-03 13:04:00,17.9001,17.905,17.9001,17.905,521.0,FHN
2023-04-03 13:03:00,17.915,17.92,17.9,17.9,3028.0,FHN
2023-04-03 13:02:00,17.925,17.94,17.915,17.92,29397.0,FHN
2023-04-03 13:01:00,17.915,17.925,17.915,17.925,4758.0,FHN
2023-04-03 13:00:00,17.92,17.92,17.91,17.91,4434.0,FHN
2023-04-03 12:59:00,17.9199,17.92,17.91,17.915,10623.0,FHN
2023-04-03 12:58:00,17.91,17.915,17.905,17.915,3486.0,FHN
2023-04-03 12:57:00,17.9,17.91,17.895,17.91,7342.0,FHN
2023-04-03 12:56:00,17.895,17.91,17.895,17.91,2944.0,FHN
2023-04-03 12:55:00,17.89,17.9,17.89,17.9,4773.0,FHN
2023-04-03 12:54:00,17.9,17.9,17.889,17.89,24490.0,FHN
2023-04-03 12:53:00,17.895,17.9,17.89,17.895,5240.0,FHN
2023-04-03 12:52:00,17.895,17.9,17.895,17.9,1491.0,FHN
2023-04-03 12:51:00,17.89,17.9,17.885,17.9,7774.0,FHN
2023-04-03 12:50:00,17.925,17.925,17.9,17.9,8429.0,FHN
2023-04-03 12:49:00,17.92,17.93,17.92,17.93,2201.0,FHN
2023-04-03 12:48:00,17.92,17.92,17.915,17.915,1933.0,FHN
2023-04-03 12:47:00,17.91,17.915,17.91,17.915,980.0,FHN
2023-04-03 12:46:00,17.93,17.935,17.89,17.91,25948.0,FHN
2023-04-03 12:45:00,17.93,17.94,17.93,17.93,4386.0,FHN
2023-04-03 12:44:00,17.94,17.94,17.93,17.93,3801.0,FHN
2023-04-03 12:43:00,17.93,17.94,17.93,17.94,9526.0,FHN
2023-04-03 12:42:00,17.91,17.94,17.91,17.94,9888.0,FHN
2023-04-03 12:41:00,17.92,17.92,17.91,17.915,1430.0,FHN
2023-04-03 12:40:00,17.885,17.92,17.885,17.92,8635.0,FHN
2023-04-03 12:39:00,17.8701,17.88,17.8701,17.88,7239.0,FHN
2023-04-03 12:38:00,17.88,17.89,17.88,17.88,3481.0,FHN
2023-04-03 12:37:00,17.8665,17.89,17.8609,17.89,5910.0,FHN
2023-04-03 12:36:00,17.895,17.9,17.8692,17.87,4750.0,FHN
2023-04-03 12:35:00,17.8895,17.9,17.8895,17.89,3055.0,FHN
2023-04-03 12:34:00,17.89,17.89,17.88,17.885,23284.0,FHN
2023-04-03 12:33:00,17.88,17.89,17.88,17.885,4724.0,FHN
2023-04-03 12:32:00,17.86,17.88,17.86,17.88,8683.0,FHN
2023-04-03 12:31:00,17.845,17.86,17.84,17.86,8116.0,FHN
2023-04-03 12:30:00,17.835,17.84,17.835,17.84,4977.0,FHN
2023-04-03 12:29:00,17.825,17.84,17.825,17.84,3919.0,FHN
2023-04-03 12:28:00,17.86,17.86,17.83,17.83,28691.0,FHN
2023-04-03 12:27:00,17.86,17.86,17.86,17.86,550.0,FHN
2023-04-03 12:26:00,17.86,17.86,17.85,17.86,1221.0,FHN
2023-04-03 12:25:00,17.83,17.86,17.825,17.855,16551.0,FHN
2023-04-03 12:24:00,17.83,17.83,17.82,17.83,734.0,FHN
2023-04-03 12:23:00,17.82,17.825,17.82,17.825,1037.0,FHN
2023-04-03 12:22:00,17.82,17.82,17.8,17.82,4818.0,FHN
2023-04-03 12:21:00,17.84,17.84,17.825,17.825,6569.0,FHN
2023-04-03 12:20:00,17.825,17.84,17.825,17.84,2970.0,FHN
2023-04-03 12:19:00,17.835,17.835,17.82,17.825,17260.0,FHN
2023-04-03 12:18:00,17.84,17.84,17.835,17.84,1151.0,FHN
2023-04-03 12:17:00,17.81,17.84,17.81,17.84,8517.0,FHN
2023-04-03 12:16:00,17.81,17.81,17.8,17.805,686.0,FHN
2023-04-03 12:15:00,17.81,17.81,17.805,17.81,1582.0,FHN
2023-04-03 12:14:00,17.81,17.81,17.8,17.81,1271.0,FHN
2023-04-03 12:13:00,17.799,17.81,17.799,17.81,3708.0,FHN
2023-04-03 12:12:00,17.785,17.8,17.78,17.8,6983.0,FHN
2023-04-03 12:11:00,17.78,17.79,17.78,17.78,2526.0,FHN
2023-04-03 12:10:00,17.78,17.79,17.77,17.78,7295.0,FHN
2023-04-03 12:09:00,17.76,17.77,17.7588,17.77,8419.0,FHN
2023-04-03 12:08:00,17.74,17.76,17.74,17.75,10424.0,FHN
2023-04-03 12:07:00,17.73,17.75,17.73,17.745,24434.0,FHN
2023-04-03 12:06:00,17.72,17.74,17.72,17.74,11402.0,FHN
2023-04-03 12:05:00,17.73,17.73,17.72,17.72,1119.0,FHN
2023-04-03 12:04:00,17.7193,17.73,17.7193,17.73,14191.0,FHN
2023-04-03 12:03:00,17.71,17.72,17.71,17.72,3280.0,FHN
2023-04-03 12:02:00,17.7,17.71,17.7,17.71,1993.0,FHN
2023-04-03 12:01:00,17.71,17.71,17.7,17.705,1681.0,FHN
2023-04-03 12:00:00,17.71,17.71,17.701,17.701,1732.0,FHN
2023-04-03 11:59:00,17.71,17.71,17.705,17.71,1930.0,FHN
2023-04-03 11:58:00,17.69,17.71,17.69,17.71,3462.0,FHN
2023-04-03 11:57:00,17.68,17.69,17.68,17.69,3639.0,FHN
2023-04-03 11:56:00,17.68,17.68,17.6712,17.675,1185.0,FHN
2023-04-03 11:55:00,17.68,17.68,17.67,17.68,1047.0,FHN
2023-04-03 11:54:00,17.68,17.68,17.67,17.67,970.0,FHN
2023-04-03 11:53:00,17.68,17.68,17.6701,17.68,5609.0,FHN
2023-04-03 11:52:00,17.68,17.68,17.665,17.68,7826.0,FHN
2023-04-03 11:51:00,17.685,17.685,17.67,17.67,2109.0,FHN
2023-04-03 11:50:00,17.68,17.7,17.675,17.685,17438.0,FHN
2023-04-03 11:49:00,17.68,17.68,17.67,17.68,7153.0,FHN
2023-04-03 11:48:00,17.68,17.68,17.68,17.68,445.0,FHN
2023-04-03 11:47:00,17.69,17.7,17.68,17.68,5068.0,FHN
2023-04-03 11:46:00,17.69,17.7,17.68,17.7,4229.0,FHN
2023-04-03 11:45:00,17.695,17.7,17.685,17.69,12496.0,FHN
2023-04-03 11:44:00,17.7,17.7,17.69,17.7,2443.0,FHN
2023-04-03 11:43:00,17.7,17.7095,17.7,17.705,2267.0,FHN
2023-04-03 11:42:00,17.71,17.71,17.705,17.71,726.0,FHN
2023-04-03 11:41:00,17.705,17.705,17.705,17.705,132.0,FHN
2023-04-03 11:40:00,17.74,17.74,17.7,17.7,9940.0,FHN
2023-04-03 11:39:00,17.73,17.745,17.72,17.74,4380.0,FHN
2023-04-03 11:38:00,17.72,17.73,17.72,17.73,1264.0,FHN
2023-04-03 11:37:00,17.72,17.725,17.72,17.72,3588.0,FHN
2023-04-03 11:36:00,17.71,17.71,17.7,17.71,8653.0,FHN
2023-04-03 11:35:00,17.68,17.71,17.6795,17.705,30289.0,FHN
2023-04-03 11:34:00,17.66,17.675,17.659,17.675,9697.0,FHN
2023-04-03 11:33:00,17.66,17.66,17.65,17.66,3284.0,FHN
2023-04-03 11:32:00,17.64,17.655,17.63,17.65,8008.0,FHN
2023-04-03 11:31:00,17.635,17.64,17.63,17.63,613.0,FHN
2023-04-03 11:30:00,17.64,17.64,17.63,17.64,3426.0,FHN
2023-04-03 11:29:00,17.63,17.65,17.61,17.645,24437.0,FHN
2023-04-03 11:28:00,17.62,17.63,17.62,17.628,1309.0,FHN
2023-04-03 11:27:00,17.61,17.63,17.61,17.62,9587.0,FHN
2023-04-03 11:26:00,17.58,17.62,17.575,17.61,30537.0,FHN
2023-04-03 11:25:00,17.59,17.59,17.58,17.58,5380.0,FHN
2023-04-03 11:24:00,17.57,17.6,17.56,17.58,40846.0,FHN
2023-04-03 11:23:00,17.58,17.59,17.56,17.57,14459.0,FHN
2023-04-03 11:22:00,17.59,17.59,17.58,17.58,4163.0,FHN
2023-04-03 11:21:00,17.6095,17.62,17.595,17.595,34200.0,FHN
2023-04-03 11:20:00,17.61,17.61,17.6,17.605,1038.0,FHN
2023-04-03 11:19:00,17.6025,17.61,17.59,17.61,7333.0,FHN
2023-04-03 11:18:00,17.62,17.63,17.6,17.6,18265.0,FHN
2023-04-03 11:17:00,17.61,17.62,17.605,17.62,9570.0,FHN
2023-04-03 11:16:00,17.605,17.62,17.6,17.605,13094.0,FHN
2023-04-03 11:15:00,17.57,17.61,17.57,17.6,22628.0,FHN
2023-04-03 11:14:00,17.57,17.57,17.56,17.57,2043.0,FHN
2023-04-03 11:13:00,17.56,17.57,17.54,17.56,21914.0,FHN
2023-04-03 11:12:00,17.59,17.59,17.56,17.5671,4425.0,FHN
2023-04-03 11:11:00,17.58,17.59,17.57,17.585,28145.0,FHN
2023-04-03 11:10:00,17.58,17.59,17.5704,17.5799,6437.0,FHN
2023-04-03 11:09:00,17.6,17.6,17.565,17.5747,14507.0,FHN
2023-04-03 11:08:00,17.595,17.6,17.59,17.6,12318.0,FHN
2023-04-03 11:07:00,17.61,17.61,17.6,17.6,9580.0,FHN
2023-04-03 11:06:00,17.635,17.64,17.61,17.61,12295.0,FHN
2023-04-03 11:05:00,17.62,17.64,17.615,17.63,6056.0,FHN
2023-04-03 11:04:00,17.625,17.63,17.61,17.62,9722.0,FHN
2023-04-03 11:03:00,17.635,17.64,17.62,17.62,4325.0,FHN
2023-04-03 11:02:00,17.63,17.64,17.63,17.64,3712.0,FHN
2023-04-03 11:01:00,17.62,17.645,17.615,17.63,17371.0,FHN
2023-04-03 11:00:00,17.6,17.62,17.6,17.62,9863.0,FHN
2023-04-03 10:59:00,17.6075,17.61,17.595,17.6,6771.0,FHN
2023-04-03 10:58:00,17.615,17.615,17.6,17.605,9639.0,FHN
2023-04-03 10:57:00,17.62,17.62,17.61,17.61,7622.0,FHN
2023-04-03 10:56:00,17.64,17.65,17.62,17.62,16838.0,FHN
2023-04-03 10:55:00,17.63,17.655,17.63,17.65,28418.0,FHN
2023-04-03 10:54:00,17.64,17.64,17.61,17.63,9648.0,FHN
2023-04-03 10:53:00,17.65,17.655,17.63,17.645,33064.0,FHN
2023-04-03 10:52:00,17.675,17.695,17.66,17.66,24766.0,FHN
2023-04-03 10:51:00,17.71,17.71,17.67,17.675,35721.0,FHN
2023-04-03 10:50:00,17.75,17.75,17.71,17.71,9277.0,FHN
2023-04-03 10:49:00,17.75,17.765,17.74,17.75,11323.0,FHN
2023-04-03 10:48:00,17.77,17.77,17.735,17.75,11822.0,FHN
2023-04-03 10:47:00,17.81,17.815,17.77,17.77,10997.0,FHN
2023-04-03 10:46:00,17.81,17.83,17.805,17.81,22168.0,FHN
2023-04-03 10:45:00,17.81,17.81,17.8,17.81,6067.0,FHN
2023-04-03 10:44:00,17.82,17.82,17.79,17.81,26219.0,FHN
2023-04-03 10:43:00,17.84,17.84,17.7801,17.82,16252.0,FHN
2023-04-03 10:42:00,17.85,17.85,17.84,17.845,6633.0,FHN
2023-04-03 10:41:00,17.87,17.87,17.84,17.85,6825.0,FHN
2023-04-03 10:40:00,17.89,17.89,17.86,17.865,4941.0,FHN
2023-04-03 10:39:00,17.88,17.89,17.87,17.89,4976.0,FHN
2023-04-03 10:38:00,17.905,17.905,17.87,17.89,27026.0,FHN
2023-04-03 10:37:00,17.93,17.93,17.9,17.9,5015.0,FHN
2023-04-03 10:36:00,17.9188,17.93,17.915,17.93,3316.0,FHN
2023-04-03 10:35:00,17.92,17.92,17.91,17.92,3345.0,FHN
2023-04-03 10:34:00,17.93,17.94,17.925,17.925,7626.0,FHN
2023-04-03 10:33:00,17.92,17.94,17.91,17.94,11510.0,FHN
2023-04-03 10:32:00,17.91,17.92,17.89,17.92,4610.0,FHN
2023-04-03 10:31:00,17.94,17.95,17.905,17.91,55158.0,FHN
2023-04-03 10:30:00,17.94,17.945,17.925,17.94,37620.0,FHN
2023-04-03 10:29:00,17.915,17.94,17.915,17.94,8903.0,FHN
2023-04-03 10:28:00,17.91,17.925,17.905,17.9225,5540.0,FHN
2023-04-03 10:27:00,17.9396,17.94,17.895,17.9001,13700.0,FHN
2023-04-03 10:26:00,17.95,17.955,17.94,17.94,82741.0,FHN
2023-04-03 10:25:00,17.965,17.985,17.945,17.945,78530.0,FHN
2023-04-03 10:24:00,17.95,17.97,17.94,17.97,4942.0,FHN
2023-04-03 10:23:00,17.955,17.955,17.94,17.945,10151.0,FHN
2023-04-03 10:22:00,17.95,17.96,17.95,17.95,1677.0,FHN
2023-04-03 10:21:00,17.97,17.98,17.96,17.96,5711.0,FHN
2023-04-03 10:20:00,17.9325,17.96,17.9325,17.96,6944.0,FHN
2023-04-03 10:19:00,17.965,17.97,17.93,17.935,9027.0,FHN
2023-04-03 10:18:00,17.95,17.96,17.945,17.96,2155.0,FHN
2023-04-03 10:17:00,17.9495,17.95,17.94,17.945,5015.0,FHN
2023-04-03 10:16:00,17.93,17.955,17.92,17.95,70358.0,FHN
2023-04-03 10:15:00,17.93,17.94,17.92,17.93,9576.0,FHN
2023-04-03 10:14:00,17.9295,17.94,17.92,17.94,6127.0,FHN
2023-04-03 10:13:00,17.93,17.93,17.92,17.925,1799.0,FHN
2023-04-03 10:12:00,17.92,17.93,17.92,17.92,4526.0,FHN
2023-04-03 10:11:00,17.94,17.95,17.9,17.915,17572.0,FHN
2023-04-03 10:10:00,17.95,17.95,17.94,17.945,3504.0,FHN
2023-04-03 10:09:00,17.935,17.95,17.93,17.95,5874.0,FHN
2023-04-03 10:08:00,17.91,17.95,17.89,17.94,47311.0,FHN
2023-04-03 10:07:00,17.89,17.91,17.88,17.89,6836.0,FHN
2023-04-03 10:06:00,17.9,17.905,17.87,17.88,9026.0,FHN
2023-04-03 10:05:00,17.92,17.93,17.89,17.9,6636.0,FHN
2023-04-03 10:04:00,17.91,17.93,17.91,17.93,2411.0,FHN
2023-04-03 10:03:00,17.91,17.93,17.91,17.915,8028.0,FHN
2023-04-03 10:02:00,17.94,17.94,17.9,17.905,4940.0,FHN
2023-04-03 10:01:00,17.95,17.955,17.93,17.95,10526.0,FHN
2023-04-03 10:00:00,17.96,17.96,17.95,17.95,5269.0,FHN
2023-04-03 09:59:00,17.975,17.975,17.94,17.955,28249.0,FHN
2023-04-03 09:58:00,17.99,17.99,17.97,17.98,6539.0,FHN
2023-04-03 09:57:00,17.995,17.995,17.97,17.98,15432.0,FHN
2023-04-03 09:56:00,17.995,18.0,17.97,17.995,18551.0,FHN
2023-04-03 09:55:00,17.9921,18.0,17.98,18.0,11841.0,FHN
2023-04-03 09:54:00,18.0,18.02,17.98,17.99,26685.0,FHN
2023-04-03 09:53:00,17.97,18.01,17.97,18.0,33306.0,FHN
2023-04-03 09:52:00,17.955,18.0,17.955,17.97,26033.0,FHN
2023-04-03 09:51:00,17.96,18.0,17.95,17.95,16773.0,FHN
2023-04-03 09:50:00,17.97,17.97,17.925,17.95,11830.0,FHN
2023-04-03 09:49:00,17.98,17.99,17.97,17.98,7957.0,FHN
2023-04-03 09:48:00,17.96,17.98,17.95,17.98,7743.0,FHN
2023-04-03 09:47:00,17.97,17.98,17.96,17.96,3351.0,FHN
2023-04-03 09:46:00,17.89,17.965,17.89,17.965,12208.0,FHN
2023-04-03 09:45:00,17.91,17.92,17.89,17.89,5966.0,FHN
2023-04-03 09:44:00,17.915,17.915,17.855,17.9,9445.0,FHN
2023-04-03 09:43:00,17.94,17.94,17.9,17.91,18963.0,FHN
2023-04-03 09:42:00,17.965,17.97,17.94,17.945,4619.0,FHN
2023-04-03 09:41:00,17.96,17.98,17.95,17.97,13862.0,FHN
2023-04-03 09:40:00,17.96,17.97,17.955,17.96,5183.0,FHN
2023-04-03 09:39:00,17.93,17.97,17.925,17.955,16852.0,FHN
2023-04-03 09:38:00,17.9,17.925,17.88,17.925,6546.0,FHN
2023-04-03 09:37:00,17.905,17.92,17.88,17.9001,29052.0,FHN
2023-04-03 09:36:00,17.89,17.93,17.89,17.91,4341.0,FHN
2023-04-03 09:35:00,17.91,17.91,17.87,17.8989,2633.0,FHN
2023-04-03 09:34:00,17.9,17.91,17.88,17.9,749.0,FHN
2023-04-03 09:33:00,17.89,17.9187,17.86,17.9,10912.0,FHN
2023-04-03 09:32:00,17.8738,17.91,17.84,17.91,2871.0,FHN
2023-04-03 09:31:00,17.85,17.91,17.8,17.885,388141.0,FHN
2023-04-03 09:29:00,17.9,17.9,17.9,17.9,111.0,FHN
2023-03-31 20:00:00,17.95,17.95,17.95,17.95,100.0,FHN
2023-03-31 16:28:00,17.98,18.0,17.97,18.0,12028.0,FHN
2023-03-31 16:09:00,17.78,17.78,17.78,17.78,169336.0,FHN
2023-03-31 16:08:00,17.78,17.78,17.78,17.78,22129.0,FHN
2023-03-31 16:04:00,17.57,17.57,17.57,17.57,100.0,FHN
2023-03-31 16:03:00,17.78,17.78,17.78,17.78,14156.0,FHN
2023-03-31 16:02:00,17.78,17.78,17.78,17.78,27552.0,FHN
2023-03-31 16:01:00,17.78,17.78,17.78,17.78,77848.0,FHN
2023-03-31 16:00:00,17.75,17.81,17.73,17.78,398092.0,FHN
2023-03-31 15:59:00,17.785,17.79,17.75,17.755,74272.0,FHN
2023-03-31 15:58:00,17.78,17.8,17.78,17.79,55565.0,FHN
2023-03-31 15:57:00,17.785,17.79,17.77,17.785,67886.0,FHN
2023-03-31 15:56:00,17.8,17.82,17.78,17.78,58159.0,FHN
2023-03-31 15:55:00,17.755,17.82,17.755,17.81,78009.0,FHN
2023-03-31 15:54:00,17.74,17.76,17.73,17.76,86846.0,FHN
2023-03-31 15:53:00,17.735,17.74,17.72,17.735,36562.0,FHN
2023-03-31 15:52:00,17.745,17.785,17.74,17.74,70725.0,FHN
2023-03-31 15:51:00,17.725,17.76,17.71,17.75,172829.0,FHN
2023-03-31 15:50:00,17.725,17.73,17.72,17.725,35101.0,FHN
2023-03-31 15:49:00,17.73,17.73,17.715,17.72,20110.0,FHN
2023-03-31 15:48:00,17.735,17.74,17.72,17.73,16216.0,FHN
2023-03-31 15:47:00,17.74,17.75,17.7345,17.74,18990.0,FHN
2023-03-31 15:46:00,17.735,17.75,17.73,17.74,36105.0,FHN
2023-03-31 15:45:00,17.725,17.74,17.72,17.74,16097.0,FHN
2023-03-31 15:44:00,17.75,17.75,17.73,17.73,30361.0,FHN
2023-03-31 15:43:00,17.74,17.75,17.735,17.75,17420.0,FHN
2023-03-31 15:42:00,17.745,17.75,17.735,17.735,15377.0,FHN
2023-03-31 15:41:00,17.73,17.75,17.73,17.74,74134.0,FHN
2023-03-31 15:40:00,17.725,17.74,17.725,17.74,13514.0,FHN
2023-03-31 15:39:00,17.715,17.73,17.71,17.725,13411.0,FHN
2023-03-31 15:38:00,17.71,17.72,17.695,17.715,33889.0,FHN
2023-03-31 15:37:00,17.71,17.72,17.7,17.71,20831.0,FHN
2023-03-31 15:36:00,17.74,17.75,17.705,17.71,54183.0,FHN
2023-03-31 15:35:00,17.745,17.75,17.74,17.74,19170.0,FHN
2023-03-31 15:34:00,17.75,17.75,17.74,17.745,5145.0,FHN
2023-03-31 15:33:00,17.74,17.75,17.74,17.75,16519.0,FHN
2023-03-31 15:32:00,17.745,17.75,17.735,17.74,16618.0,FHN
2023-03-31 15:31:00,17.735,17.75,17.73,17.745,19300.0,FHN
2023-03-31 15:30:00,17.74,17.74,17.73,17.73,8722.0,FHN
2023-03-31 15:29:00,17.74,17.75,17.7395,17.7395,14863.0,FHN
2023-03-31 15:28:00,17.73,17.74,17.72,17.74,11732.0,FHN
2023-03-31 15:27:00,17.725,17.73,17.72,17.73,7608.0,FHN
2023-03-31 15:26:00,17.73,17.74,17.72,17.725,8090.0,FHN
2023-03-31 15:25:00,17.735,17.74,17.73,17.73,6186.0,FHN
2023-03-31 15:24:00,17.73,17.74,17.73,17.74,7728.0,FHN
2023-03-31 15:23:00,17.745,17.75,17.735,17.74,7442.0,FHN
2023-03-31 15:22:00,17.74,17.75,17.74,17.745,7708.0,FHN
2023-03-31 15:21:00,17.73,17.75,17.725,17.74,13052.0,FHN
2023-03-31 15:20:00,17.73,17.74,17.7244,17.725,7267.0,FHN
2023-03-31 15:19:00,17.74,17.75,17.73,17.75,33065.0,FHN
2023-03-31 15:18:00,17.72,17.74,17.72,17.73,14031.0,FHN
2023-03-31 15:17:00,17.735,17.74,17.72,17.725,9865.0,FHN
2023-03-31 15:16:00,17.745,17.75,17.73,17.73,20428.0,FHN
2023-03-31 15:15:00,17.7304,17.75,17.7304,17.745,12114.0,FHN
2023-03-31 15:14:00,17.71,17.74,17.71,17.74,23176.0,FHN
2023-03-31 15:13:00,17.715,17.72,17.7,17.71,10159.0,FHN
2023-03-31 15:12:00,17.72,17.72,17.71,17.715,4055.0,FHN
2023-03-31 15:11:00,17.715,17.72,17.71,17.72,18239.0,FHN
2023-03-31 15:10:00,17.715,17.72,17.71,17.72,3395.0,FHN
2023-03-31 15:09:00,17.72,17.72,17.715,17.72,5045.0,FHN
2023-03-31 15:08:00,17.715,17.72,17.715,17.72,3409.0,FHN
2023-03-31 15:07:00,17.73,17.73,17.715,17.72,7152.0,FHN
2023-03-31 15:06:00,17.73,17.74,17.72,17.73,12405.0,FHN
2023-03-31 15:05:00,17.725,17.73,17.72,17.725,833.0,FHN
2023-03-31 15:04:00,17.74,17.75,17.725,17.725,11275.0,FHN
2023-03-31 15:03:00,17.745,17.75,17.74,17.75,17979.0,FHN
2023-03-31 15:02:00,17.73,17.75,17.73,17.74,5715.0,FHN
2023-03-31 15:01:00,17.71,17.73,17.71,17.73,13423.0,FHN
2023-03-31 15:00:00,17.71,17.72,17.705,17.71,11169.0,FHN
2023-03-31 14:59:00,17.71,17.72,17.705,17.715,11183.0,FHN
2023-03-31 14:58:00,17.715,17.72,17.71,17.72,2605.0,FHN
2023-03-31 14:57:00,17.71,17.72,17.71,17.72,4417.0,FHN
2023-03-31 14:56:00,17.725,17.73,17.7095,17.715,13220.0,FHN
2023-03-31 14:55:00,17.705,17.73,17.7,17.73,24582.0,FHN
2023-03-31 14:54:00,17.705,17.71,17.705,17.71,3133.0,FHN
2023-03-31 14:53:00,17.705,17.71,17.695,17.71,19701.0,FHN
2023-03-31 14:52:00,17.7,17.71,17.7,17.71,4737.0,FHN
2023-03-31 14:51:00,17.7,17.71,17.7,17.71,7827.0,FHN
2023-03-31 14:50:00,17.71,17.71,17.7,17.705,9506.0,FHN
2023-03-31 14:49:00,17.705,17.71,17.7,17.71,3134.0,FHN
2023-03-31 14:48:00,17.705,17.71,17.7,17.705,6227.0,FHN
2023-03-31 14:47:00,17.705,17.71,17.7,17.71,6271.0,FHN
2023-03-31 14:46:00,17.69,17.72,17.69,17.71,14445.0,FHN
2023-03-31 14:45:00,17.7,17.7,17.7,17.7,6175.0,FHN
2023-03-31 14:44:00,17.69,17.7,17.685,17.7,12525.0,FHN
2023-03-31 14:43:00,17.68,17.69,17.68,17.69,4996.0,FHN
2023-03-31 14:42:00,17.66,17.68,17.66,17.68,14250.0,FHN
2023-03-31 14:41:00,17.66,17.66,17.66,17.66,1782.0,FHN
2023-03-31 14:40:00,17.655,17.66,17.654,17.66,1929.0,FHN
2023-03-31 14:39:00,17.645,17.65,17.645,17.65,8059.0,FHN
2023-03-31 14:38:00,17.63,17.65,17.62,17.645,28122.0,FHN
2023-03-31 14:37:00,17.615,17.63,17.605,17.625,25678.0,FHN
2023-03-31 14:36:00,17.615,17.62,17.61,17.615,4898.0,FHN
2023-03-31 14:35:00,17.64,17.64,17.61,17.615,13278.0,FHN
2023-03-31 14:34:00,17.65,17.65,17.63,17.64,8231.0,FHN
2023-03-31 14:33:00,17.66,17.66,17.64,17.645,32287.0,FHN
2023-03-31 14:32:00,17.645,17.66,17.645,17.655,12942.0,FHN
2023-03-31 14:31:00,17.66,17.66,17.645,17.645,5640.0,FHN
2023-03-31 14:30:00,17.645,17.65,17.64,17.65,8968.0,FHN
2023-03-31 14:29:00,17.65,17.66,17.64,17.64,9272.0,FHN
2023-03-31 14:28:00,17.645,17.66,17.64,17.65,11954.0,FHN
2023-03-31 14:27:00,17.65,17.65,17.64,17.645,8739.0,FHN
2023-03-31 14:26:00,17.64,17.65,17.6395,17.65,9072.0,FHN
2023-03-31 14:25:00,17.64,17.64,17.63,17.635,28127.0,FHN
2023-03-31 14:24:00,17.65,17.66,17.64,17.64,13465.0,FHN
2023-03-31 14:23:00,17.645,17.66,17.64,17.655,13175.0,FHN
2023-03-31 14:22:00,17.66,17.66,17.64,17.64,26041.0,FHN
2023-03-31 14:21:00,17.655,17.66,17.65,17.65,3614.0,FHN
2023-03-31 14:20:00,17.655,17.66,17.65,17.66,6836.0,FHN
2023-03-31 14:19:00,17.655,17.66,17.655,17.655,5304.0,FHN
2023-03-31 14:18:00,17.655,17.66,17.65,17.655,3492.0,FHN
2023-03-31 14:17:00,17.645,17.65,17.645,17.65,6653.0,FHN
2023-03-31 14:16:00,17.655,17.6563,17.635,17.645,40439.0,FHN
2023-03-31 14:15:00,17.65,17.66,17.65,17.655,4821.0,FHN
2023-03-31 14:14:00,17.63,17.655,17.63,17.65,53927.0,FHN
2023-03-31 14:13:00,17.63,17.645,17.63,17.635,12135.0,FHN
2023-03-31 14:12:00,17.625,17.63,17.6195,17.63,10515.0,FHN
2023-03-31 14:11:00,17.6003,17.63,17.6,17.625,17902.0,FHN
2023-03-31 14:10:00,17.605,17.605,17.6,17.6,2077.0,FHN
2023-03-31 14:09:00,17.61,17.615,17.6,17.6,2760.0,FHN
2023-03-31 14:08:00,17.615,17.615,17.61,17.615,1332.0,FHN
2023-03-31 14:07:00,17.63,17.635,17.61,17.61,11498.0,FHN
2023-03-31 14:06:00,17.605,17.64,17.6,17.63,28386.0,FHN
2023-03-31 14:05:00,17.605,17.605,17.6,17.605,2694.0,FHN
2023-03-31 14:04:00,17.635,17.635,17.605,17.61,20453.0,FHN
2023-03-31 14:03:00,17.65,17.655,17.635,17.635,23568.0,FHN
2023-03-31 14:02:00,17.655,17.655,17.65,17.65,2777.0,FHN
2023-03-31 14:01:00,17.65,17.655,17.65,17.65,968.0,FHN
2023-03-31 14:00:00,17.655,17.655,17.65,17.655,2315.0,FHN
2023-03-31 13:59:00,17.665,17.67,17.645,17.65,9861.0,FHN
2023-03-31 13:58:00,17.665,17.665,17.66,17.66,1093.0,FHN
2023-03-31 13:57:00,17.665,17.665,17.66,17.66,1937.0,FHN
2023-03-31 13:56:00,17.67,17.675,17.66,17.665,7583.0,FHN
2023-03-31 13:55:00,17.66,17.68,17.64,17.675,53359.0,FHN
2023-03-31 13:54:00,17.66,17.67,17.66,17.665,13046.0,FHN
2023-03-31 13:53:00,17.67,17.67,17.66,17.66,48193.0,FHN
2023-03-31 13:52:00,17.67,17.67,17.66,17.67,5993.0,FHN
2023-03-31 13:51:00,17.67,17.67,17.66,17.67,2499.0,FHN
2023-03-31 13:50:00,17.67,17.67,17.66,17.67,5647.0,FHN
2023-03-31 13:49:00,17.67,17.67,17.661,17.67,1616.0,FHN
2023-03-31 13:48:00,17.665,17.67,17.66,17.67,3958.0,FHN
2023-03-31 13:47:00,17.665,17.67,17.66,17.665,3963.0,FHN
2023-03-31 13:46:00,17.665,17.67,17.665,17.665,976.0,FHN
2023-03-31 13:45:00,17.665,17.67,17.66,17.67,11232.0,FHN
2023-03-31 13:44:00,17.675,17.675,17.66,17.6656,11135.0,FHN
2023-03-31 13:43:00,17.68,17.68,17.67,17.675,4409.0,FHN
2023-03-31 13:42:00,17.68,17.68,17.67,17.68,2858.0,FHN
2023-03-31 13:41:00,17.68,17.68,17.67,17.68,851.0,FHN
2023-03-31 13:40:00,17.665,17.68,17.665,17.68,16564.0,FHN
2023-03-31 13:39:00,17.66,17.665,17.66,17.66,3564.0,FHN
2023-03-31 13:38:00,17.66,17.665,17.66,17.665,1120.0,FHN
2023-03-31 13:37:00,17.66,17.665,17.66,17.665,2463.0,FHN
2023-03-31 13:36:00,17.66,17.67,17.66,17.665,6648.0,FHN
2023-03-31 13:35:00,17.66,17.665,17.66,17.665,11986.0,FHN
2023-03-31 13:34:00,17.66,17.675,17.66,17.67,14271.0,FHN
2023-03-31 13:33:00,17.66,17.66,17.65,17.65,2751.0,FHN
2023-03-31 13:32:00,17.66,17.66,17.65,17.66,2941.0,FHN
2023-03-31 13:31:00,17.65,17.655,17.65,17.65,1582.0,FHN
2023-03-31 13:30:00,17.65,17.65,17.65,17.65,167.0,FHN
2023-03-31 13:29:00,17.65,17.66,17.65,17.655,1718.0,FHN
2023-03-31 13:28:00,17.65,17.66,17.65,17.65,2670.0,FHN
2023-03-31 13:27:00,17.66,17.67,17.655,17.66,9889.0,FHN
2023-03-31 13:26:00,17.6612,17.665,17.655,17.665,4214.0,FHN
2023-03-31 13:25:00,17.67,17.675,17.665,17.67,6691.0,FHN
2023-03-31 13:24:00,17.6824,17.6824,17.675,17.675,3981.0,FHN
2023-03-31 13:23:00,17.66,17.685,17.66,17.685,17718.0,FHN
2023-03-31 13:22:00,17.67,17.67,17.66,17.66,2064.0,FHN
2023-03-31 13:21:00,17.67,17.675,17.67,17.67,1353.0,FHN
2023-03-31 13:20:00,17.68,17.68,17.675,17.675,1698.0,FHN
2023-03-31 13:19:00,17.68,17.68,17.68,17.68,2743.0,FHN
2023-03-31 13:18:00,17.69,17.69,17.68,17.68,2415.0,FHN
2023-03-31 13:17:00,17.69,17.7,17.69,17.695,6165.0,FHN
2023-03-31 13:16:00,17.69,17.69,17.69,17.69,3442.0,FHN
2023-03-31 13:15:00,17.7,17.7,17.69,17.69,1789.0,FHN
2023-03-31 13:14:00,17.7,17.7,17.69,17.69,5487.0,FHN
2023-03-31 13:13:00,17.695,17.705,17.69,17.7,5540.0,FHN
2023-03-31 13:12:00,17.7,17.7,17.695,17.695,730.0,FHN
2023-03-31 13:11:00,17.69,17.71,17.69,17.695,13868.0,FHN
2023-03-31 13:10:00,17.705,17.705,17.69,17.695,2916.0,FHN
2023-03-31 13:09:00,17.7,17.71,17.69,17.705,4993.0,FHN
2023-03-31 13:08:00,17.68,17.71,17.67,17.705,9820.0,FHN
2023-03-31 13:07:00,17.695,17.695,17.675,17.675,7842.0,FHN
2023-03-31 13:06:00,17.705,17.705,17.695,17.695,5111.0,FHN
2023-03-31 13:05:00,17.7,17.705,17.7,17.7,1208.0,FHN
2023-03-31 13:04:00,17.7,17.7,17.7,17.7,631.0,FHN
2023-03-31 13:03:00,17.67,17.705,17.67,17.705,15449.0,FHN
2023-03-31 13:02:00,17.67,17.675,17.67,17.675,1240.0,FHN
2023-03-31 13:01:00,17.6799,17.68,17.675,17.68,2273.0,FHN
2023-03-31 13:00:00,17.66,17.675,17.66,17.675,10448.0,FHN
2023-03-31 12:59:00,17.665,17.67,17.66,17.66,1571.0,FHN
2023-03-31 12:58:00,17.675,17.675,17.66,17.665,5446.0,FHN
2023-03-31 12:57:00,17.675,17.68,17.67,17.675,2187.0,FHN
2023-03-31 12:56:00,17.67,17.675,17.65,17.675,21435.0,FHN
2023-03-31 12:55:00,17.665,17.695,17.66,17.675,23402.0,FHN
2023-03-31 12:54:00,17.665,17.67,17.66,17.665,4521.0,FHN
2023-03-31 12:53:00,17.665,17.67,17.66,17.665,834.0,FHN
2023-03-31 12:52:00,17.665,17.67,17.665,17.665,1130.0,FHN
2023-03-31 12:51:00,17.665,17.67,17.66,17.67,1560.0,FHN
2023-03-31 12:50:00,17.675,17.68,17.665,17.665,4901.0,FHN
2023-03-31 12:49:00,17.685,17.7,17.675,17.675,10746.0,FHN
2023-03-31 12:48:00,17.65,17.69,17.65,17.685,36763.0,FHN
2023-03-31 12:47:00,17.645,17.665,17.6413,17.65,13434.0,FHN
2023-03-31 12:46:00,17.655,17.655,17.64,17.645,7267.0,FHN
2023-03-31 12:45:00,17.65,17.67,17.65,17.655,15110.0,FHN
2023-03-31 12:44:00,17.63,17.65,17.62,17.645,19158.0,FHN
2023-03-31 12:43:00,17.625,17.625,17.62,17.625,3815.0,FHN
2023-03-31 12:42:00,17.63,17.64,17.625,17.625,5613.0,FHN
2023-03-31 12:41:00,17.615,17.64,17.615,17.63,13399.0,FHN
2023-03-31 12:40:00,17.615,17.62,17.61,17.61,3600.0,FHN
2023-03-31 12:39:00,17.615,17.62,17.61,17.615,7067.0,FHN
2023-03-31 12:38:00,17.615,17.615,17.61,17.615,862.0,FHN
2023-03-31 12:37:00,17.635,17.635,17.615,17.615,3325.0,FHN
2023-03-31 12:36:00,17.62,17.64,17.62,17.635,5353.0,FHN
2023-03-31 12:35:00,17.615,17.62,17.61,17.62,1094.0,FHN
2023-03-31 12:34:00,17.595,17.615,17.59,17.61,38985.0,FHN
2023-03-31 12:33:00,17.6,17.6,17.59,17.59,4741.0,FHN
2023-03-31 12:32:00,17.62,17.625,17.6,17.605,11849.0,FHN
2023-03-31 12:31:00,17.63,17.63,17.62,17.625,1507.0,FHN
2023-03-31 12:30:00,17.645,17.645,17.62,17.622,7451.0,FHN
2023-03-31 12:29:00,17.65,17.65,17.64,17.645,1606.0,FHN
2023-03-31 12:28:00,17.655,17.67,17.645,17.645,9872.0,FHN
2023-03-31 12:27:00,17.665,17.665,17.655,17.655,2493.0,FHN
2023-03-31 12:26:00,17.65,17.675,17.645,17.665,42834.0,FHN
2023-03-31 12:25:00,17.665,17.665,17.65,17.655,5607.0,FHN
2023-03-31 12:24:00,17.675,17.675,17.66,17.665,5204.0,FHN
2023-03-31 12:23:00,17.68,17.685,17.67,17.67,9441.0,FHN
2023-03-31 12:22:00,17.685,17.69,17.68,17.69,2613.0,FHN
2023-03-31 12:21:00,17.685,17.69,17.68,17.685,2128.0,FHN
2023-03-31 12:20:00,17.68,17.69,17.675,17.685,3383.0,FHN
2023-03-31 12:19:00,17.68,17.685,17.68,17.68,669.0,FHN
2023-03-31 12:18:00,17.695,17.695,17.675,17.685,14213.0,FHN
2023-03-31 12:17:00,17.695,17.695,17.69,17.69,4659.0,FHN
2023-03-31 12:16:00,17.675,17.7,17.675,17.695,17385.0,FHN
2023-03-31 12:15:00,17.685,17.685,17.67,17.675,2981.0,FHN
2023-03-31 12:14:00,17.67,17.695,17.67,17.695,15335.0,FHN
2023-03-31 12:13:00,17.67,17.675,17.67,17.675,1302.0,FHN
2023-03-31 12:12:00,17.69,17.695,17.67,17.67,10836.0,FHN
2023-03-31 12:11:00,17.695,17.695,17.695,17.695,797.0,FHN
2023-03-31 12:10:00,17.69,17.695,17.69,17.695,1064.0,FHN
2023-03-31 12:09:00,17.72,17.72,17.7,17.7,8154.0,FHN
2023-03-31 12:08:00,17.71,17.72,17.71,17.72,8680.0,FHN
2023-03-31 12:07:00,17.68,17.705,17.675,17.705,10856.0,FHN
2023-03-31 12:06:00,17.675,17.675,17.67,17.675,3078.0,FHN
2023-03-31 12:05:00,17.68,17.68,17.675,17.68,1010.0,FHN
2023-03-31 12:04:00,17.675,17.68,17.67,17.68,2090.0,FHN
2023-03-31 12:03:00,17.68,17.68,17.68,17.68,982.0,FHN
2023-03-31 12:02:00,17.67,17.685,17.67,17.68,6255.0,FHN
2023-03-31 12:01:00,17.65,17.675,17.64,17.67,24374.0,FHN
2023-03-31 12:00:00,17.65,17.65,17.645,17.65,6353.0,FHN
2023-03-31 11:59:00,17.66,17.66,17.645,17.65,3507.0,FHN
2023-03-31 11:58:00,17.66,17.665,17.655,17.66,3621.0,FHN
2023-03-31 11:57:00,17.66,17.665,17.655,17.665,11244.0,FHN
2023-03-31 11:56:00,17.67,17.67,17.65,17.65,1391.0,FHN
2023-03-31 11:55:00,17.685,17.685,17.67,17.675,3218.0,FHN
2023-03-31 11:54:00,17.695,17.695,17.68,17.685,2815.0,FHN
2023-03-31 11:53:00,17.71,17.71,17.695,17.695,8189.0,FHN
2023-03-31 11:52:00,17.69,17.71,17.685,17.71,6531.0,FHN
2023-03-31 11:51:00,17.675,17.695,17.67,17.69,17104.0,FHN
2023-03-31 11:50:00,17.69,17.69,17.68,17.68,3616.0,FHN
2023-03-31 11:49:00,17.68,17.69,17.68,17.685,5642.0,FHN
2023-03-31 11:48:00,17.695,17.7,17.685,17.69,4958.0,FHN
2023-03-31 11:47:00,17.69,17.695,17.69,17.695,4519.0,FHN
2023-03-31 11:46:00,17.6999,17.7,17.69,17.7,4380.0,FHN
2023-03-31 11:45:00,17.69,17.7,17.69,17.7,7384.0,FHN
2023-03-31 11:44:00,17.685,17.695,17.685,17.69,9114.0,FHN
2023-03-31 11:43:00,17.695,17.695,17.68,17.685,3069.0,FHN
2023-03-31 11:42:00,17.705,17.705,17.69,17.695,8058.0,FHN
2023-03-31 11:41:00,17.705,17.715,17.7,17.7004,4485.0,FHN
2023-03-31 11:40:00,17.695,17.725,17.695,17.71,14171.0,FHN
2023-03-31 11:39:00,17.695,17.695,17.69,17.695,15733.0,FHN
2023-03-31 11:38:00,17.7,17.7,17.685,17.695,5661.0,FHN
2023-03-31 11:37:00,17.7,17.7,17.695,17.7,1587.0,FHN
2023-03-31 11:36:00,17.7,17.7,17.69,17.7,1241.0,FHN
2023-03-31 11:35:00,17.7,17.705,17.69,17.695,2637.0,FHN
2023-03-31 11:34:00,17.715,17.715,17.7,17.7,3289.0,FHN
2023-03-31 11:33:00,17.715,17.72,17.71,17.71,4769.0,FHN
2023-03-31 11:32:00,17.695,17.715,17.695,17.715,12835.0,FHN
2023-03-31 11:31:00,17.7,17.705,17.69,17.705,6556.0,FHN
2023-03-31 11:30:00,17.73,17.73,17.705,17.705,5385.0,FHN
2023-03-31 11:29:00,17.745,17.745,17.73,17.735,2929.0,FHN
2023-03-31 11:28:00,17.72,17.75,17.715,17.75,11002.0,FHN
2023-03-31 11:27:00,17.7,17.72,17.7,17.72,8248.0,FHN
2023-03-31 11:26:00,17.71,17.71,17.7,17.71,1781.0,FHN
2023-03-31 11:25:00,17.7,17.705,17.7,17.705,1241.0,FHN
2023-03-31 11:24:00,17.7,17.705,17.7,17.705,1900.0,FHN
2023-03-31 11:23:00,17.7,17.705,17.675,17.705,10807.0,FHN
2023-03-31 11:22:00,17.71,17.725,17.7,17.705,22010.0,FHN
2023-03-31 11:21:00,17.715,17.715,17.71,17.715,3558.0,FHN
2023-03-31 11:20:00,17.71,17.715,17.71,17.71,892.0,FHN
2023-03-31 11:19:00,17.72,17.725,17.71,17.71,9936.0,FHN
2023-03-31 11:18:00,17.71,17.72,17.71,17.715,12005.0,FHN
2023-03-31 11:17:00,17.715,17.7199,17.71,17.7199,25124.0,FHN
2023-03-31 11:16:00,17.715,17.725,17.71,17.71,23651.0,FHN
2023-03-31 11:15:00,17.725,17.725,17.71,17.72,12545.0,FHN
2023-03-31 11:14:00,17.72,17.735,17.715,17.72,6866.0,FHN
2023-03-31 11:13:00,17.69,17.72,17.69,17.71,17824.0,FHN
2023-03-31 11:12:00,17.635,17.695,17.635,17.69,51685.0,FHN
2023-03-31 11:11:00,17.65,17.65,17.63,17.63,10173.0,FHN
2023-03-31 11:10:00,17.675,17.675,17.645,17.655,5895.0,FHN
2023-03-31 11:09:00,17.675,17.68,17.67,17.675,1513.0,FHN
2023-03-31 11:08:00,17.69,17.695,17.675,17.675,4356.0,FHN
2023-03-31 11:07:00,17.67,17.69,17.67,17.69,5216.0,FHN
2023-03-31 11:06:00,17.67,17.68,17.665,17.67,6688.0,FHN
2023-03-31 11:05:00,17.68,17.68,17.67,17.675,1487.0,FHN
2023-03-31 11:04:00,17.68,17.68,17.67,17.675,5378.0,FHN
2023-03-31 11:03:00,17.67,17.68,17.67,17.675,1790.0,FHN
2023-03-31 11:02:00,17.64,17.68,17.64,17.67,11404.0,FHN
2023-03-31 11:01:00,17.65,17.655,17.625,17.64,5192.0,FHN
2023-03-31 11:00:00,17.645,17.655,17.645,17.65,8209.0,FHN
2023-03-31 10:59:00,17.655,17.665,17.645,17.645,5372.0,FHN
2023-03-31 10:58:00,17.645,17.655,17.61,17.655,23922.0,FHN
2023-03-31 10:57:00,17.67,17.67,17.64,17.64,8328.0,FHN
2023-03-31 10:56:00,17.685,17.685,17.665,17.665,3164.0,FHN
2023-03-31 10:55:00,17.705,17.71,17.685,17.685,4286.0,FHN
2023-03-31 10:54:00,17.72,17.725,17.705,17.705,16794.0,FHN
2023-03-31 10:53:00,17.72,17.73,17.715,17.715,7103.0,FHN
2023-03-31 10:52:00,17.745,17.755,17.72,17.74,41214.0,FHN
2023-03-31 10:51:00,17.75,17.75,17.725,17.745,21582.0,FHN
2023-03-31 10:50:00,17.795,17.795,17.745,17.7501,20604.0,FHN
2023-03-31 10:49:00,17.815,17.82,17.79,17.795,13023.0,FHN
2023-03-31 10:48:00,17.83,17.84,17.805,17.815,14049.0,FHN
2023-03-31 10:47:00,17.85,17.85,17.8153,17.8287,10913.0,FHN
2023-03-31 10:46:00,17.8399,17.855,17.83,17.855,24039.0,FHN
2023-03-31 10:45:00,17.83,17.84,17.82,17.835,10258.0,FHN
2023-03-31 10:44:00,17.85,17.85,17.83,17.83,12579.0,FHN
2023-03-31 10:43:00,17.86,17.875,17.84,17.845,9011.0,FHN
2023-03-31 10:42:00,17.87,17.88,17.855,17.86,16380.0,FHN
2023-03-31 10:41:00,17.86,17.885,17.85,17.875,25755.0,FHN
2023-03-31 10:40:00,17.85,17.86,17.84,17.86,7866.0,FHN
2023-03-31 10:39:00,17.845,17.85,17.82,17.85,17382.0,FHN
2023-03-31 10:38:00,17.88,17.89,17.845,17.845,10753.0,FHN
2023-03-31 10:37:00,17.89,17.895,17.875,17.88,8243.0,FHN
2023-03-31 10:36:00,17.89,17.9,17.89,17.9,17225.0,FHN
2023-03-31 10:35:00,17.89,17.91,17.89,17.89,12730.0,FHN
2023-03-31 10:34:00,17.9097,17.9097,17.89,17.9,3316.0,FHN
2023-03-31 10:33:00,17.9187,17.925,17.905,17.91,10849.0,FHN
2023-03-31 10:32:00,17.94,17.96,17.915,17.92,19055.0,FHN
2023-03-31 10:31:00,17.92,17.9499,17.91,17.94,29660.0,FHN
2023-03-31 10:30:00,17.91,17.92,17.9,17.91,18375.0,FHN
2023-03-31 10:29:00,17.89,17.91,17.87,17.905,18521.0,FHN
2023-03-31 10:28:00,17.82,17.9,17.82,17.885,51831.0,FHN
2023-03-31 10:27:00,17.8,17.82,17.8,17.81,20180.0,FHN
2023-03-31 10:26:00,17.77,17.79,17.75,17.79,30365.0,FHN
2023-03-31 10:25:00,17.75,17.775,17.74,17.77,15068.0,FHN
2023-03-31 10:24:00,17.77,17.77,17.75,17.75,2533.0,FHN
2023-03-31 10:23:00,17.77,17.78,17.75,17.77,16010.0,FHN
2023-03-31 10:22:00,17.81,17.83,17.76,17.765,76981.0,FHN
2023-03-31 10:21:00,17.805,17.825,17.8,17.81,57510.0,FHN
2023-03-31 10:20:00,17.74,17.81,17.74,17.8,121512.0,FHN
2023-03-31 10:19:00,17.73,17.74,17.725,17.735,9884.0,FHN
2023-03-31 10:18:00,17.725,17.75,17.725,17.73,12351.0,FHN
2023-03-31 10:17:00,17.72,17.7286,17.72,17.72,9768.0,FHN
2023-03-31 10:16:00,17.71,17.725,17.7,17.71,6793.0,FHN
2023-03-31 10:15:00,17.71,17.71,17.7,17.71,5606.0,FHN
2023-03-31 10:14:00,17.71,17.71,17.7,17.705,15929.0,FHN
2023-03-31 10:13:00,17.72,17.72,17.71,17.71,7898.0,FHN
2023-03-31 10:12:00,17.71,17.74,17.7,17.725,12949.0,FHN
2023-03-31 10:11:00,17.71,17.71,17.7,17.7,9036.0,FHN
2023-03-31 10:10:00,17.74,17.74,17.715,17.715,7422.0,FHN
2023-03-31 10:09:00,17.725,17.745,17.72,17.74,6259.0,FHN
2023-03-31 10:08:00,17.72,17.72,17.7142,17.72,3582.0,FHN
2023-03-31 10:07:00,17.7,17.71,17.7,17.71,20245.0,FHN
2023-03-31 10:06:00,17.7399,17.74,17.705,17.705,8201.0,FHN
2023-03-31 10:05:00,17.715,17.74,17.71,17.735,10835.0,FHN
2023-03-31 10:04:00,17.74,17.75,17.72,17.73,23947.0,FHN
2023-03-31 10:03:00,17.74,17.74,17.71,17.74,13497.0,FHN
2023-03-31 10:02:00,17.74,17.75,17.72,17.74,32283.0,FHN
2023-03-31 10:01:00,17.72,17.75,17.715,17.735,10518.0,FHN
2023-03-31 10:00:00,17.72,17.73,17.71,17.72,7829.0,FHN
2023-03-31 09:59:00,17.725,17.725,17.7,17.72,8363.0,FHN
2023-03-31 09:58:00,17.71,17.73,17.7,17.73,21752.0,FHN
2023-03-31 09:57:00,17.695,17.715,17.675,17.715,28914.0,FHN
2023-03-31 09:56:00,17.67,17.72,17.67,17.7,28108.0,FHN
2023-03-31 09:55:00,17.675,17.68,17.665,17.665,19113.0,FHN
2023-03-31 09:54:00,17.66,17.6798,17.66,17.675,6638.0,FHN
2023-03-31 09:53:00,17.67,17.675,17.65,17.66,14541.0,FHN
2023-03-31 09:52:00,17.66,17.68,17.65,17.675,19436.0,FHN
2023-03-31 09:51:00,17.67,17.69,17.665,17.665,17498.0,FHN
2023-03-31 09:50:00,17.63,17.68,17.63,17.665,45460.0,FHN
2023-03-31 09:49:00,17.64,17.645,17.62,17.62,10287.0,FHN
2023-03-31 09:48:00,17.62,17.65,17.62,17.63,13815.0,FHN
2023-03-31 09:47:00,17.6,17.63,17.6,17.61,15881.0,FHN
2023-03-31 09:46:00,17.575,17.595,17.575,17.59,2959.0,FHN
2023-03-31 09:45:00,17.62,17.64,17.565,17.57,10469.0,FHN
2023-03-31 09:44:00,17.63,17.635,17.63,17.635,1733.0,FHN
2023-03-31 09:43:00,17.62,17.64,17.61,17.625,20992.0,FHN
2023-03-31 09:42:00,17.605,17.61,17.59,17.61,2915.0,FHN
2023-03-31 09:41:00,17.61,17.62,17.6,17.6006,7755.0,FHN
2023-03-31 09:40:00,17.6,17.61,17.6,17.61,3790.0,FHN
2023-03-31 09:39:00,17.59,17.615,17.59,17.6,2569.0,FHN
2023-03-31 09:38:00,17.61,17.63,17.59,17.595,11188.0,FHN
2023-03-31 09:37:00,17.59,17.595,17.58,17.59,2570.0,FHN
2023-03-31 09:36:00,17.59,17.605,17.58,17.58,4672.0,FHN
2023-03-31 09:35:00,17.61,17.61,17.5601,17.59,5575.0,FHN
2023-03-31 09:34:00,17.68,17.68,17.6114,17.6114,8823.0,FHN
2023-03-31 09:33:00,17.635,17.68,17.6323,17.68,7281.0,FHN
2023-03-31 09:32:00,17.63,17.67,17.63,17.64,5415.0,FHN
2023-03-31 09:31:00,17.6,17.618,17.6,17.615,33898.0,FHN
2023-03-31 09:30:00,17.69,17.7,17.69,17.7,1200.0,FHN
2023-03-31 07:58:00,17.5,17.5,17.5,17.5,522.0,FHN
2023-03-31 06:17:00,17.4,17.4,17.4,17.4,313.0,FHN
2023-03-30 19:26:00,17.38,17.38,17.38,17.38,1000.0,FHN
2023-03-30 17:52:00,17.382,17.382,17.382,17.382,100.0,FHN
2023-03-30 16:47:00,17.41,17.41,17.41,17.41,122.0,FHN
2023-03-30 16:03:00,17.41,17.41,17.41,17.41,2246.0,FHN
2023-03-30 16:02:00,17.41,17.41,17.41,17.41,183325.0,FHN
2023-03-30 16:01:00,17.41,17.41,17.41,17.41,8236.0,FHN
2023-03-30 16:00:00,17.455,17.47,17.41,17.42,138215.0,FHN
2023-03-30 15:59:00,17.46,17.46,17.45,17.455,13965.0,FHN
2023-03-30 15:58:00,17.465,17.465,17.45,17.455,14824.0,FHN
2023-03-30 15:57:00,17.455,17.47,17.45,17.465,36278.0,FHN
2023-03-30 15:56:00,17.455,17.46,17.44,17.455,59594.0,FHN
2023-03-30 15:55:00,17.48,17.48,17.45,17.455,20125.0,FHN
2023-03-30 15:54:00,17.475,17.48,17.47,17.475,8779.0,FHN
2023-03-30 15:53:00,17.48,17.48,17.47,17.475,4680.0,FHN
2023-03-30 15:52:00,17.47,17.48,17.465,17.475,10803.0,FHN
2023-03-30 15:51:00,17.47,17.47,17.46,17.465,7651.0,FHN
2023-03-30 15:50:00,17.465,17.47,17.46,17.465,3379.0,FHN
2023-03-30 15:49:00,17.455,17.465,17.45,17.4649,29259.0,FHN
2023-03-30 15:48:00,17.455,17.455,17.45,17.455,3435.0,FHN
2023-03-30 15:47:00,17.465,17.465,17.455,17.455,5768.0,FHN
2023-03-30 15:46:00,17.465,17.47,17.455,17.465,32253.0,FHN
2023-03-30 15:45:00,17.465,17.47,17.46,17.465,4934.0,FHN
2023-03-30 15:44:00,17.46,17.47,17.46,17.465,2036.0,FHN
2023-03-30 15:43:00,17.47,17.475,17.46,17.465,5438.0,FHN
2023-03-30 15:42:00,17.475,17.48,17.46,17.475,13760.0,FHN
2023-03-30 15:41:00,17.505,17.51,17.475,17.48,12346.0,FHN
2023-03-30 15:40:00,17.51,17.51,17.5001,17.505,3930.0,FHN
2023-03-30 15:39:00,17.505,17.51,17.5,17.505,6892.0,FHN
2023-03-30 15:38:00,17.5,17.51,17.495,17.505,11300.0,FHN
2023-03-30 15:37:00,17.49,17.5,17.49,17.5,13488.0,FHN
2023-03-30 15:36:00,17.485,17.49,17.48,17.49,8367.0,FHN
2023-03-30 15:35:00,17.4843,17.49,17.48,17.489,18030.0,FHN
2023-03-30 15:34:00,17.49,17.49,17.485,17.485,4958.0,FHN
2023-03-30 15:33:00,17.47,17.49,17.47,17.485,6832.0,FHN
2023-03-30 15:32:00,17.455,17.47,17.4529,17.47,9913.0,FHN
2023-03-30 15:31:00,17.43,17.455,17.43,17.45,12011.0,FHN
2023-03-30 15:30:00,17.43,17.435,17.42,17.425,11727.0,FHN
2023-03-30 15:29:00,17.44,17.44,17.4307,17.4307,3369.0,FHN
2023-03-30 15:28:00,17.43,17.44,17.425,17.4308,16894.0,FHN
2023-03-30 15:27:00,17.425,17.44,17.425,17.43,15374.0,FHN
2023-03-30 15:26:00,17.425,17.43,17.425,17.43,1613.0,FHN
2023-03-30 15:25:00,17.425,17.4284,17.42,17.42,4495.0,FHN
2023-03-30 15:24:00,17.44,17.44,17.41,17.425,34067.0,FHN
2023-03-30 15:23:00,17.455,17.455,17.44,17.445,21775.0,FHN
2023-03-30 15:22:00,17.455,17.46,17.45,17.455,5706.0,FHN
2023-03-30 15:21:00,17.455,17.46,17.45,17.45,2656.0,FHN
2023-03-30 15:20:00,17.455,17.4599,17.451,17.451,5257.0,FHN
2023-03-30 15:19:00,17.455,17.46,17.45,17.455,9786.0,FHN
2023-03-30 15:18:00,17.455,17.46,17.455,17.455,1610.0,FHN
2023-03-30 15:17:00,17.455,17.46,17.455,17.455,4896.0,FHN
2023-03-30 15:16:00,17.45,17.46,17.45,17.46,20144.0,FHN
2023-03-30 15:15:00,17.455,17.465,17.45,17.45,22166.0,FHN
2023-03-30 15:14:00,17.455,17.46,17.45,17.455,7502.0,FHN
2023-03-30 15:13:00,17.455,17.46,17.45,17.455,5299.0,FHN
2023-03-30 15:12:00,17.45,17.455,17.45,17.45,1352.0,FHN
2023-03-30 15:11:00,17.45,17.46,17.45,17.455,8615.0,FHN
2023-03-30 15:10:00,17.455,17.46,17.45,17.45,31778.0,FHN
2023-03-30 15:09:00,17.455,17.46,17.45,17.455,7996.0,FHN
2023-03-30 15:08:00,17.455,17.4557,17.45,17.455,3726.0,FHN
2023-03-30 15:07:00,17.455,17.46,17.45,17.455,5459.0,FHN
2023-03-30 15:06:00,17.455,17.46,17.45,17.45,4098.0,FHN
2023-03-30 15:05:00,17.46,17.46,17.45,17.455,2529.0,FHN
2023-03-30 15:04:00,17.455,17.455,17.455,17.455,1485.0,FHN
2023-03-30 15:03:00,17.455,17.46,17.45,17.46,3426.0,FHN
2023-03-30 15:02:00,17.45,17.46,17.45,17.455,8928.0,FHN
2023-03-30 15:01:00,17.455,17.46,17.45,17.46,2302.0,FHN
2023-03-30 15:00:00,17.455,17.46,17.45,17.455,5997.0,FHN
2023-03-30 14:59:00,17.455,17.46,17.45,17.455,8307.0,FHN
2023-03-30 14:58:00,17.45,17.46,17.45,17.455,6771.0,FHN
2023-03-30 14:57:00,17.45,17.455,17.45,17.45,2431.0,FHN
2023-03-30 14:56:00,17.455,17.455,17.45,17.455,2171.0,FHN
2023-03-30 14:55:00,17.45,17.46,17.45,17.455,7413.0,FHN
2023-03-30 14:54:00,17.455,17.455,17.45,17.45,15710.0,FHN
2023-03-30 14:53:00,17.455,17.455,17.455,17.455,1223.0,FHN
2023-03-30 14:52:00,17.46,17.46,17.455,17.455,1911.0,FHN
2023-03-30 14:51:00,17.46,17.46,17.455,17.455,528.0,FHN
2023-03-30 14:50:00,17.455,17.47,17.45,17.45,12508.0,FHN
2023-03-30 14:49:00,17.455,17.46,17.45,17.46,1940.0,FHN
2023-03-30 14:48:00,17.465,17.465,17.4509,17.46,3529.0,FHN
2023-03-30 14:47:00,17.455,17.465,17.45,17.465,9094.0,FHN
2023-03-30 14:46:00,17.46,17.46,17.45,17.455,5103.0,FHN
2023-03-30 14:45:00,17.4685,17.4685,17.45,17.45,4375.0,FHN
2023-03-30 14:44:00,17.4599,17.4699,17.45,17.4699,8485.0,FHN
2023-03-30 14:43:00,17.465,17.4699,17.45,17.45,4650.0,FHN
2023-03-30 14:42:00,17.465,17.47,17.46,17.465,5573.0,FHN
2023-03-30 14:41:00,17.47,17.47,17.46,17.465,5250.0,FHN
2023-03-30 14:40:00,17.465,17.47,17.45,17.47,38657.0,FHN
2023-03-30 14:39:00,17.49,17.49,17.46,17.46,25031.0,FHN
2023-03-30 14:38:00,17.5,17.505,17.49,17.49,9333.0,FHN
2023-03-30 14:37:00,17.475,17.51,17.475,17.505,17157.0,FHN
2023-03-30 14:36:00,17.475,17.48,17.47,17.475,1687.0,FHN
2023-03-30 14:35:00,17.475,17.48,17.475,17.475,902.0,FHN
2023-03-30 14:34:00,17.48,17.48,17.47,17.47,4571.0,FHN
2023-03-30 14:33:00,17.485,17.49,17.48,17.49,3239.0,FHN
2023-03-30 14:32:00,17.4699,17.49,17.46,17.485,30659.0,FHN
2023-03-30 14:31:00,17.465,17.47,17.46,17.46,2783.0,FHN
2023-03-30 14:30:00,17.465,17.47,17.46,17.465,18003.0,FHN
2023-03-30 14:29:00,17.465,17.47,17.46,17.465,2918.0,FHN
2023-03-30 14:28:00,17.47,17.47,17.465,17.465,1223.0,FHN
2023-03-30 14:27:00,17.47,17.47,17.465,17.47,1582.0,FHN
2023-03-30 14:26:00,17.465,17.465,17.46,17.465,1757.0,FHN
2023-03-30 14:25:00,17.455,17.47,17.455,17.47,13004.0,FHN
2023-03-30 14:24:00,17.46,17.46,17.455,17.455,1003.0,FHN
2023-03-30 14:23:00,17.455,17.46,17.45,17.46,2929.0,FHN
2023-03-30 14:22:00,17.435,17.455,17.435,17.455,12713.0,FHN
2023-03-30 14:21:00,17.435,17.44,17.43,17.435,3013.0,FHN
2023-03-30 14:20:00,17.435,17.4382,17.43,17.43,2327.0,FHN
2023-03-30 14:19:00,17.44,17.45,17.44,17.445,6818.0,FHN
2023-03-30 14:18:00,17.425,17.45,17.425,17.44,18857.0,FHN
2023-03-30 14:17:00,17.43,17.43,17.425,17.425,1877.0,FHN
2023-03-30 14:16:00,17.425,17.43,17.425,17.43,1400.0,FHN
2023-03-30 14:15:00,17.43,17.43,17.42,17.425,2289.0,FHN
2023-03-30 14:14:00,17.42,17.43,17.42,17.425,2956.0,FHN
2023-03-30 14:13:00,17.43,17.43,17.42,17.43,2032.0,FHN
2023-03-30 14:12:00,17.415,17.43,17.415,17.425,4613.0,FHN
2023-03-30 14:11:00,17.415,17.42,17.41,17.415,4487.0,FHN
2023-03-30 14:10:00,17.415,17.415,17.415,17.415,1310.0,FHN
2023-03-30 14:09:00,17.415,17.42,17.415,17.42,1787.0,FHN
2023-03-30 14:08:00,17.42,17.425,17.415,17.415,8581.0,FHN
2023-03-30 14:07:00,17.42,17.43,17.42,17.425,2303.0,FHN
2023-03-30 14:06:00,17.425,17.43,17.42,17.425,17776.0,FHN
2023-03-30 14:05:00,17.42,17.43,17.42,17.43,2033.0,FHN
2023-03-30 14:04:00,17.43,17.43,17.42,17.425,2198.0,FHN
2023-03-30 14:03:00,17.43,17.43,17.425,17.43,1367.0,FHN
2023-03-30 14:02:00,17.425,17.43,17.42,17.43,1462.0,FHN
2023-03-30 14:01:00,17.42,17.425,17.42,17.425,909.0,FHN
2023-03-30 14:00:00,17.415,17.43,17.41,17.425,7124.0,FHN
2023-03-30 13:59:00,17.405,17.42,17.405,17.42,4515.0,FHN
2023-03-30 13:58:00,17.395,17.41,17.39,17.405,31381.0,FHN
2023-03-30 13:57:00,17.4,17.4,17.395,17.395,1818.0,FHN
2023-03-30 13:56:00,17.395,17.4,17.39,17.395,4686.0,FHN
2023-03-30 13:55:00,17.395,17.4,17.395,17.395,1258.0,FHN
2023-03-30 13:54:00,17.4,17.4,17.4,17.4,861.0,FHN
2023-03-30 13:53:00,17.3999,17.4,17.395,17.395,533.0,FHN
2023-03-30 13:52:00,17.4,17.4,17.395,17.395,202.0,FHN
2023-03-30 13:51:00,17.405,17.41,17.395,17.395,5620.0,FHN
2023-03-30 13:50:00,17.405,17.41,17.4016,17.405,2936.0,FHN
2023-03-30 13:49:00,17.405,17.405,17.405,17.405,660.0,FHN
2023-03-30 13:48:00,17.405,17.405,17.4,17.4,1273.0,FHN
2023-03-30 13:47:00,17.3776,17.405,17.37,17.405,5913.0,FHN
2023-03-30 13:46:00,17.4,17.405,17.36,17.38,12411.0,FHN
2023-03-30 13:45:00,17.4,17.4,17.395,17.4,3384.0,FHN
2023-03-30 13:44:00,17.395,17.4,17.395,17.4,2405.0,FHN
2023-03-30 13:43:00,17.395,17.395,17.39,17.395,1086.0,FHN
2023-03-30 13:42:00,17.415,17.415,17.39,17.39,8486.0,FHN
2023-03-30 13:41:00,17.4,17.415,17.4,17.41,2930.0,FHN
2023-03-30 13:40:00,17.415,17.415,17.4,17.4,4775.0,FHN
2023-03-30 13:39:00,17.405,17.42,17.405,17.415,7234.0,FHN
2023-03-30 13:38:00,17.405,17.405,17.39,17.405,12389.0,FHN
2023-03-30 13:37:00,17.41,17.415,17.405,17.405,10257.0,FHN
2023-03-30 13:36:00,17.415,17.415,17.41,17.415,2097.0,FHN
2023-03-30 13:35:00,17.43,17.43,17.41,17.415,12412.0,FHN
2023-03-30 13:34:00,17.425,17.43,17.42,17.42,1676.0,FHN
2023-03-30 13:33:00,17.415,17.43,17.41,17.425,13544.0,FHN
2023-03-30 13:32:00,17.415,17.415,17.41,17.415,2911.0,FHN
2023-03-30 13:31:00,17.42,17.425,17.41,17.41,14582.0,FHN
2023-03-30 13:30:00,17.425,17.4299,17.42,17.425,1614.0,FHN
2023-03-30 13:29:00,17.43,17.44,17.42,17.425,15347.0,FHN
2023-03-30 13:28:00,17.44,17.44,17.43,17.435,2014.0,FHN
2023-03-30 13:27:00,17.435,17.435,17.435,17.435,646.0,FHN
2023-03-30 13:26:00,17.43,17.44,17.43,17.435,596.0,FHN
2023-03-30 13:25:00,17.4318,17.44,17.43,17.43,13009.0,FHN
2023-03-30 13:24:00,17.44,17.445,17.4391,17.44,7406.0,FHN
2023-03-30 13:23:00,17.425,17.44,17.425,17.44,3967.0,FHN
2023-03-30 13:22:00,17.435,17.435,17.42,17.425,11736.0,FHN
2023-03-30 13:21:00,17.44,17.45,17.44,17.44,5026.0,FHN
2023-03-30 13:20:00,17.44,17.445,17.43,17.445,3367.0,FHN
2023-03-30 13:19:00,17.435,17.44,17.435,17.435,1862.0,FHN
2023-03-30 13:18:00,17.4389,17.44,17.43,17.43,1211.0,FHN
2023-03-30 13:17:00,17.44,17.445,17.4301,17.44,7051.0,FHN
2023-03-30 13:16:00,17.435,17.44,17.43,17.435,2092.0,FHN
2023-03-30 13:15:00,17.435,17.44,17.43,17.435,2370.0,FHN
2023-03-30 13:14:00,17.43,17.44,17.425,17.44,2030.0,FHN
2023-03-30 13:13:00,17.425,17.43,17.42,17.43,1749.0,FHN
2023-03-30 13:12:00,17.42,17.425,17.415,17.425,10725.0,FHN
2023-03-30 13:11:00,17.415,17.415,17.415,17.415,1197.0,FHN
2023-03-30 13:10:00,17.415,17.42,17.41,17.42,1390.0,FHN
2023-03-30 13:09:00,17.41,17.4185,17.41,17.415,2886.0,FHN
2023-03-30 13:08:00,17.42,17.42,17.405,17.41,8467.0,FHN
2023-03-30 13:07:00,17.44,17.44,17.42,17.42,9866.0,FHN
2023-03-30 13:06:00,17.445,17.445,17.435,17.435,2139.0,FHN
2023-03-30 13:05:00,17.44,17.455,17.44,17.45,6289.0,FHN
2023-03-30 13:04:00,17.44,17.44,17.44,17.44,379.0,FHN
2023-03-30 13:03:00,17.43,17.435,17.43,17.435,1704.0,FHN
2023-03-30 13:02:00,17.415,17.425,17.41,17.425,2507.0,FHN
2023-03-30 13:01:00,17.41,17.42,17.41,17.42,8784.0,FHN
2023-03-30 13:00:00,17.41,17.415,17.41,17.415,836.0,FHN
2023-03-30 12:59:00,17.4,17.415,17.4,17.41,3117.0,FHN
2023-03-30 12:58:00,17.4,17.4,17.3984,17.3984,443.0,FHN
2023-03-30 12:57:00,17.41,17.41,17.3876,17.395,21521.0,FHN
2023-03-30 12:56:00,17.405,17.41,17.395,17.4,22216.0,FHN
2023-03-30 12:55:00,17.405,17.41,17.4,17.41,18724.0,FHN
2023-03-30 12:54:00,17.405,17.41,17.4,17.4001,51794.0,FHN
2023-03-30 12:53:00,17.415,17.415,17.395,17.395,40646.0,FHN
2023-03-30 12:52:00,17.42,17.42,17.41,17.41,3087.0,FHN
2023-03-30 12:51:00,17.4099,17.415,17.395,17.415,38274.0,FHN
2023-03-30 12:50:00,17.395,17.41,17.395,17.4,17786.0,FHN
2023-03-30 12:49:00,17.41,17.41,17.395,17.395,35617.0,FHN
2023-03-30 12:48:00,17.4,17.4,17.395,17.4,35484.0,FHN
2023-03-30 12:47:00,17.4,17.4,17.39,17.4,14514.0,FHN
2023-03-30 12:46:00,17.405,17.405,17.39,17.405,48599.0,FHN
2023-03-30 12:45:00,17.4,17.41,17.3901,17.405,7739.0,FHN
2023-03-30 12:44:00,17.41,17.41,17.395,17.395,4832.0,FHN
2023-03-30 12:43:00,17.385,17.405,17.37,17.405,33355.0,FHN
2023-03-30 12:42:00,17.4,17.4,17.38,17.38,3816.0,FHN
2023-03-30 12:41:00,17.415,17.415,17.395,17.4,35574.0,FHN
2023-03-30 12:40:00,17.4371,17.4371,17.415,17.415,31069.0,FHN
2023-03-30 12:39:00,17.43,17.44,17.43,17.44,2427.0,FHN
2023-03-30 12:38:00,17.425,17.425,17.41,17.42,14538.0,FHN
2023-03-30 12:37:00,17.425,17.425,17.42,17.425,973.0,FHN
2023-03-30 12:36:00,17.42,17.43,17.42,17.425,3761.0,FHN
2023-03-30 12:35:00,17.435,17.435,17.42,17.425,6743.0,FHN
2023-03-30 12:34:00,17.43,17.445,17.43,17.445,23530.0,FHN
2023-03-30 12:33:00,17.45,17.455,17.4306,17.4306,11377.0,FHN
2023-03-30 12:32:00,17.44,17.455,17.435,17.455,6552.0,FHN
2023-03-30 12:31:00,17.445,17.445,17.44,17.445,3575.0,FHN
2023-03-30 12:30:00,17.44,17.45,17.44,17.4499,12010.0,FHN
2023-03-30 12:29:00,17.445,17.45,17.43,17.445,9494.0,FHN
2023-03-30 12:28:00,17.455,17.455,17.445,17.445,17634.0,FHN
2023-03-30 12:27:00,17.45,17.4584,17.45,17.455,2394.0,FHN
2023-03-30 12:26:00,17.455,17.46,17.4521,17.46,829.0,FHN
2023-03-30 12:25:00,17.45,17.455,17.44,17.455,15828.0,FHN
2023-03-30 12:24:00,17.45,17.455,17.445,17.45,4768.0,FHN
2023-03-30 12:23:00,17.45,17.455,17.45,17.455,3856.0,FHN
2023-03-30 12:22:00,17.455,17.455,17.445,17.445,4401.0,FHN
2023-03-30 12:21:00,17.46,17.46,17.45,17.455,636.0,FHN
2023-03-30 12:20:00,17.455,17.455,17.45,17.455,1089.0,FHN
2023-03-30 12:19:00,17.455,17.455,17.455,17.455,207.0,FHN
2023-03-30 12:18:00,17.46,17.46,17.45,17.455,1788.0,FHN
2023-03-30 12:17:00,17.47,17.47,17.45,17.45,4764.0,FHN
2023-03-30 12:16:00,17.485,17.485,17.47,17.48,9739.0,FHN
2023-03-30 12:15:00,17.48,17.485,17.48,17.485,2146.0,FHN
2023-03-30 12:14:00,17.48,17.48,17.48,17.48,200.0,FHN
2023-03-30 12:13:00,17.48,17.49,17.475,17.49,5872.0,FHN
2023-03-30 12:12:00,17.48,17.485,17.48,17.485,1253.0,FHN
2023-03-30 12:11:00,17.47,17.48,17.47,17.48,6477.0,FHN
2023-03-30 12:10:00,17.48,17.48,17.475,17.475,546.0,FHN
2023-03-30 12:09:00,17.475,17.475,17.47,17.47,2922.0,FHN
2023-03-30 12:08:00,17.465,17.475,17.465,17.475,6188.0,FHN
2023-03-30 12:07:00,17.4686,17.4686,17.46,17.46,1346.0,FHN
2023-03-30 12:06:00,17.46,17.47,17.46,17.47,1169.0,FHN
2023-03-30 12:05:00,17.465,17.465,17.46,17.465,1754.0,FHN
2023-03-30 12:04:00,17.46,17.47,17.46,17.47,2152.0,FHN
2023-03-30 12:03:00,17.46,17.47,17.46,17.465,4446.0,FHN
2023-03-30 12:02:00,17.455,17.46,17.45,17.46,4282.0,FHN
2023-03-30 12:01:00,17.465,17.465,17.45,17.4577,6370.0,FHN
2023-03-30 12:00:00,17.46,17.4688,17.46,17.465,2234.0,FHN
2023-03-30 11:59:00,17.45,17.455,17.44,17.455,3923.0,FHN
2023-03-30 11:58:00,17.455,17.47,17.45,17.4504,9053.0,FHN
2023-03-30 11:57:00,17.47,17.47,17.45,17.46,16984.0,FHN
2023-03-30 11:56:00,17.455,17.47,17.455,17.465,1066.0,FHN
2023-03-30 11:55:00,17.45,17.45,17.445,17.45,1700.0,FHN
2023-03-30 11:54:00,17.44,17.445,17.44,17.445,839.0,FHN
2023-03-30 11:53:00,17.44,17.45,17.44,17.445,1773.0,FHN
2023-03-30 11:52:00,17.4523,17.455,17.44,17.45,2989.0,FHN
2023-03-30 11:51:00,17.44,17.46,17.44,17.455,10712.0,FHN
2023-03-30 11:50:00,17.46,17.465,17.44,17.44,30599.0,FHN
2023-03-30 11:49:00,17.47,17.475,17.46,17.46,25484.0,FHN
2023-03-30 11:48:00,17.475,17.48,17.46,17.47,16461.0,FHN
2023-03-30 11:47:00,17.49,17.49,17.47,17.47,4816.0,FHN
2023-03-30 11:46:00,17.49,17.5,17.4799,17.49,22882.0,FHN
2023-03-30 11:45:00,17.525,17.525,17.49,17.495,32234.0,FHN
2023-03-30 11:44:00,17.545,17.545,17.52,17.525,8718.0,FHN
2023-03-30 11:43:00,17.535,17.545,17.535,17.545,1831.0,FHN
2023-03-30 11:42:00,17.535,17.535,17.53,17.535,1250.0,FHN
2023-03-30 11:41:00,17.54,17.54,17.53,17.535,5665.0,FHN
2023-03-30 11:40:00,17.545,17.545,17.535,17.54,6515.0,FHN
2023-03-30 11:39:00,17.54,17.54,17.54,17.54,1970.0,FHN
2023-03-30 11:38:00,17.535,17.535,17.53,17.535,2422.0,FHN
2023-03-30 11:37:00,17.54,17.54,17.53,17.535,3386.0,FHN
2023-03-30 11:36:00,17.51,17.54,17.51,17.54,10657.0,FHN
2023-03-30 11:35:00,17.515,17.515,17.5,17.505,2365.0,FHN
2023-03-30 11:34:00,17.49,17.52,17.49,17.52,6356.0,FHN
2023-03-30 11:33:00,17.48,17.49,17.475,17.49,3147.0,FHN
2023-03-30 11:32:00,17.46,17.485,17.46,17.48,2848.0,FHN
2023-03-30 11:31:00,17.475,17.475,17.45,17.455,6305.0,FHN
2023-03-30 11:30:00,17.475,17.475,17.47,17.47,623.0,FHN
2023-03-30 11:29:00,17.455,17.475,17.455,17.475,6984.0,FHN
2023-03-30 11:28:00,17.44,17.46,17.44,17.46,30616.0,FHN
2023-03-30 11:27:00,17.43,17.44,17.43,17.44,3467.0,FHN
2023-03-30 11:26:00,17.445,17.45,17.43,17.435,17830.0,FHN
2023-03-30 11:25:00,17.445,17.45,17.44,17.4478,4354.0,FHN
2023-03-30 11:24:00,17.45,17.46,17.445,17.445,7783.0,FHN
2023-03-30 11:23:00,17.46,17.46,17.45,17.455,3176.0,FHN
2023-03-30 11:22:00,17.46,17.47,17.46,17.46,14052.0,FHN
2023-03-30 11:21:00,17.45,17.46,17.445,17.46,6837.0,FHN
2023-03-30 11:20:00,17.42,17.455,17.42,17.45,15511.0,FHN
2023-03-30 11:19:00,17.4,17.42,17.4,17.415,3696.0,FHN
2023-03-30 11:18:00,17.41,17.415,17.4,17.405,9417.0,FHN
2023-03-30 11:17:00,17.43,17.435,17.41,17.415,24868.0,FHN
2023-03-30 11:16:00,17.435,17.435,17.42,17.435,31183.0,FHN
2023-03-30 11:15:00,17.435,17.44,17.42,17.43,45252.0,FHN
2023-03-30 11:14:00,17.44,17.45,17.43,17.44,21801.0,FHN
2023-03-30 11:13:00,17.45,17.465,17.43,17.44,21577.0,FHN
2023-03-30 11:12:00,17.45,17.45,17.4492,17.45,1300.0,FHN
2023-03-30 11:11:00,17.45,17.455,17.445,17.45,9502.0,FHN
2023-03-30 11:10:00,17.445,17.445,17.44,17.445,12273.0,FHN
2023-03-30 11:09:00,17.44,17.45,17.44,17.45,2081.0,FHN
2023-03-30 11:08:00,17.455,17.455,17.435,17.445,10060.0,FHN
2023-03-30 11:07:00,17.44,17.45,17.44,17.45,2757.0,FHN
2023-03-30 11:06:00,17.44,17.45,17.43,17.44,14557.0,FHN
2023-03-30 11:05:00,17.425,17.445,17.42,17.445,2434.0,FHN
2023-03-30 11:04:00,17.42,17.425,17.4,17.42,29609.0,FHN
2023-03-30 11:03:00,17.435,17.4399,17.41,17.42,6740.0,FHN
2023-03-30 11:02:00,17.445,17.445,17.43,17.44,19665.0,FHN
2023-03-30 11:01:00,17.43,17.455,17.43,17.445,15930.0,FHN
2023-03-30 11:00:00,17.46,17.465,17.43,17.43,31551.0,FHN
2023-03-30 10:59:00,17.45,17.455,17.45,17.455,9274.0,FHN
2023-03-30 10:58:00,17.46,17.46,17.45,17.455,5143.0,FHN
2023-03-30 10:57:00,17.48,17.48,17.45,17.455,17426.0,FHN
2023-03-30 10:56:00,17.48,17.48,17.48,17.48,1059.0,FHN
2023-03-30 10:55:00,17.475,17.49,17.47,17.485,7993.0,FHN
2023-03-30 10:54:00,17.465,17.485,17.46,17.48,10477.0,FHN
2023-03-30 10:53:00,17.47,17.475,17.46,17.465,5918.0,FHN
2023-03-30 10:52:00,17.485,17.485,17.465,17.475,16265.0,FHN
2023-03-30 10:51:00,17.485,17.495,17.48,17.49,9693.0,FHN
2023-03-30 10:50:00,17.48,17.495,17.47,17.49,9004.0,FHN
2023-03-30 10:49:00,17.47,17.485,17.47,17.48,7877.0,FHN
2023-03-30 10:48:00,17.5007,17.505,17.47,17.475,9488.0,FHN
2023-03-30 10:47:00,17.5,17.5,17.48,17.5,11091.0,FHN
2023-03-30 10:46:00,17.465,17.51,17.465,17.51,13788.0,FHN
2023-03-30 10:45:00,17.45,17.47,17.45,17.465,4640.0,FHN
2023-03-30 10:44:00,17.455,17.455,17.455,17.455,452.0,FHN
2023-03-30 10:43:00,17.45,17.455,17.44,17.455,12264.0,FHN
2023-03-30 10:42:00,17.45,17.46,17.44,17.45,20843.0,FHN
2023-03-30 10:41:00,17.46,17.46,17.44,17.445,9007.0,FHN
2023-03-30 10:40:00,17.46,17.46,17.44,17.46,18775.0,FHN
2023-03-30 10:39:00,17.455,17.47,17.45,17.465,19193.0,FHN
2023-03-30 10:38:00,17.45,17.455,17.445,17.45,6498.0,FHN
2023-03-30 10:37:00,17.475,17.475,17.445,17.45,6566.0,FHN
2023-03-30 10:36:00,17.495,17.495,17.47,17.475,6389.0,FHN
2023-03-30 10:35:00,17.53,17.53,17.495,17.495,12123.0,FHN
2023-03-30 10:34:00,17.535,17.535,17.525,17.5333,4453.0,FHN
2023-03-30 10:33:00,17.555,17.555,17.53,17.535,10053.0,FHN
2023-03-30 10:32:00,17.53,17.555,17.53,17.555,8990.0,FHN
2023-03-30 10:31:00,17.54,17.555,17.535,17.54,10780.0,FHN
2023-03-30 10:30:00,17.525,17.535,17.525,17.535,4581.0,FHN
2023-03-30 10:29:00,17.565,17.565,17.52,17.52,11373.0,FHN
2023-03-30 10:28:00,17.525,17.57,17.525,17.565,7657.0,FHN
2023-03-30 10:27:00,17.52,17.53,17.52,17.525,8241.0,FHN
2023-03-30 10:26:00,17.51,17.535,17.51,17.525,7307.0,FHN
2023-03-30 10:25:00,17.52,17.52,17.51,17.515,5422.0,FHN
2023-03-30 10:24:00,17.51,17.515,17.51,17.515,472.0,FHN
2023-03-30 10:23:00,17.52,17.53,17.505,17.515,6143.0,FHN
2023-03-30 10:22:00,17.5,17.515,17.495,17.51,16279.0,FHN
2023-03-30 10:21:00,17.48,17.51,17.48,17.505,21692.0,FHN
2023-03-30 10:20:00,17.485,17.5,17.475,17.485,31535.0,FHN
2023-03-30 10:19:00,17.52,17.5227,17.48,17.48,26771.0,FHN
2023-03-30 10:18:00,17.6,17.605,17.52,17.525,88977.0,FHN
2023-03-30 10:17:00,17.615,17.62,17.6,17.605,42477.0,FHN
2023-03-30 10:16:00,17.605,17.62,17.605,17.615,9240.0,FHN
2023-03-30 10:15:00,17.605,17.6127,17.605,17.605,7615.0,FHN
2023-03-30 10:14:00,17.61,17.615,17.6,17.61,10646.0,FHN
2023-03-30 10:13:00,17.61,17.62,17.6,17.61,28260.0,FHN
2023-03-30 10:12:00,17.625,17.625,17.61,17.61,3916.0,FHN
2023-03-30 10:11:00,17.62,17.635,17.62,17.63,14502.0,FHN
2023-03-30 10:10:00,17.63,17.63,17.61,17.625,12125.0,FHN
2023-03-30 10:09:00,17.65,17.66,17.635,17.64,123302.0,FHN
2023-03-30 10:08:00,17.63,17.65,17.63,17.65,8542.0,FHN
2023-03-30 10:07:00,17.605,17.635,17.6,17.63,12029.0,FHN
2023-03-30 10:06:00,17.6,17.615,17.6,17.61,17559.0,FHN
2023-03-30 10:05:00,17.63,17.635,17.61,17.61,5863.0,FHN
2023-03-30 10:04:00,17.62,17.645,17.62,17.63,3190.0,FHN
2023-03-30 10:03:00,17.6231,17.63,17.62,17.62,2538.0,FHN
2023-03-30 10:02:00,17.62,17.625,17.6,17.625,10972.0,FHN
2023-03-30 10:01:00,17.62,17.635,17.62,17.6203,9773.0,FHN
2023-03-30 10:00:00,17.62,17.62,17.61,17.62,1211.0,FHN
2023-03-30 09:59:00,17.64,17.64,17.6223,17.6223,6250.0,FHN
2023-03-30 09:58:00,17.63,17.655,17.63,17.64,9629.0,FHN
2023-03-30 09:57:00,17.6399,17.64,17.62,17.625,6084.0,FHN
2023-03-30 09:56:00,17.64,17.64,17.62,17.6378,6970.0,FHN
2023-03-30 09:55:00,17.61,17.63,17.61,17.63,2187.0,FHN
2023-03-30 09:54:00,17.61,17.625,17.6,17.61,7172.0,FHN
2023-03-30 09:53:00,17.6,17.625,17.6,17.61,11183.0,FHN
2023-03-30 09:52:00,17.62,17.62,17.6,17.6,28602.0,FHN
2023-03-30 09:51:00,17.61,17.62,17.6,17.61,43605.0,FHN
2023-03-30 09:50:00,17.65,17.65,17.61,17.615,9581.0,FHN
2023-03-30 09:49:00,17.63,17.64,17.615,17.64,9386.0,FHN
2023-03-30 09:48:00,17.6227,17.63,17.605,17.63,25488.0,FHN
2023-03-30 09:47:00,17.61,17.625,17.605,17.62,6545.0,FHN
2023-03-30 09:46:00,17.62,17.62,17.605,17.605,2296.0,FHN
2023-03-30 09:45:00,17.61,17.62,17.61,17.61,3834.0,FHN
2023-03-30 09:44:00,17.605,17.6297,17.6,17.605,11817.0,FHN
2023-03-30 09:43:00,17.59,17.61,17.58,17.61,3567.0,FHN
2023-03-30 09:42:00,17.5734,17.595,17.56,17.59,9692.0,FHN
2023-03-30 09:41:00,17.58,17.58,17.56,17.57,14288.0,FHN
2023-03-30 09:40:00,17.59,17.59,17.57,17.57,15320.0,FHN
2023-03-30 09:39:00,17.57,17.6,17.57,17.595,10515.0,FHN
2023-03-30 09:38:00,17.59,17.62,17.57,17.57,60550.0,FHN
2023-03-30 09:37:00,17.58,17.59,17.57,17.59,6423.0,FHN
2023-03-30 09:36:00,17.58,17.59,17.58,17.585,3316.0,FHN
2023-03-30 09:35:00,17.56,17.585,17.555,17.58,8253.0,FHN
2023-03-30 09:34:00,17.61,17.61,17.55,17.55,14170.0,FHN
2023-03-30 09:33:00,17.69,17.69,17.62,17.63,6561.0,FHN
2023-03-30 09:32:00,17.705,17.71,17.66,17.6901,13797.0,FHN
2023-03-30 09:31:00,17.67,17.74,17.67,17.705,40198.0,FHN
2023-03-30 09:27:00,17.7,17.7,17.7,17.7,3400.0,FHN
2023-03-30 09:01:00,17.89,17.89,17.89,17.89,300.0,FHN
2023-03-30 08:52:00,17.89,17.89,17.89,17.89,1000.0,FHN
