date,1. open,2. high,3. low,4. close,5. volume,Ticker
2023-03-29 16:02:00,34.07,34.07,34.07,34.07,1350.0,FNF
2023-03-29 16:01:00,34.07,34.07,34.07,34.07,19147.0,FNF
2023-03-29 16:00:00,34.095,34.1,34.06,34.06,46163.0,FNF
2023-03-29 15:59:00,34.07,34.105,34.07,34.095,25096.0,FNF
2023-03-29 15:58:00,34.075,34.08,34.07,34.08,20156.0,FNF
2023-03-29 15:57:00,34.115,34.115,34.07,34.075,20558.0,FNF
2023-03-29 15:56:00,34.12,34.12,34.09,34.115,28286.0,FNF
2023-03-29 15:55:00,34.12,34.125,34.105,34.125,8651.0,FNF
2023-03-29 15:54:00,34.125,34.125,34.1,34.115,11540.0,FNF
2023-03-29 15:53:00,34.12,34.13,34.115,34.125,7614.0,FNF
2023-03-29 15:52:00,34.11,34.12,34.09,34.12,19415.0,FNF
2023-03-29 15:51:00,34.17,34.17,34.1,34.115,19979.0,FNF
2023-03-29 15:50:00,34.16,34.185,34.16,34.18,4695.0,FNF
2023-03-29 15:49:00,34.14,34.165,34.13,34.16,2855.0,FNF
2023-03-29 15:48:00,34.135,34.15,34.135,34.14,5134.0,FNF
2023-03-29 15:47:00,34.105,34.13,34.105,34.13,2281.0,FNF
2023-03-29 15:46:00,34.11,34.11,34.11,34.11,3163.0,FNF
2023-03-29 15:45:00,34.13,34.135,34.11,34.12,4108.0,FNF
2023-03-29 15:44:00,34.12,34.125,34.09,34.12,9698.0,FNF
2023-03-29 15:43:00,34.09,34.11,34.085,34.11,4136.0,FNF
2023-03-29 15:42:00,34.08,34.085,34.08,34.08,1096.0,FNF
2023-03-29 15:41:00,34.08,34.08,34.07,34.07,2262.0,FNF
2023-03-29 15:40:00,34.065,34.09,34.065,34.0775,3219.0,FNF
2023-03-29 15:39:00,34.07,34.07,34.06,34.06,1257.0,FNF
2023-03-29 15:38:00,34.085,34.09,34.07,34.07,3154.0,FNF
2023-03-29 15:37:00,34.09,34.095,34.085,34.085,1652.0,FNF
2023-03-29 15:36:00,34.11,34.11,34.085,34.0901,3441.0,FNF
2023-03-29 15:35:00,34.11,34.125,34.11,34.125,2149.0,FNF
2023-03-29 15:34:00,34.13,34.13,34.1,34.115,4612.0,FNF
2023-03-29 15:33:00,34.115,34.12,34.115,34.12,1471.0,FNF
2023-03-29 15:32:00,34.115,34.12,34.1112,34.12,2225.0,FNF
2023-03-29 15:31:00,34.15,34.15,34.09,34.1,6529.0,FNF
2023-03-29 15:30:00,34.16,34.175,34.16,34.16,3614.0,FNF
2023-03-29 15:29:00,34.15,34.16,34.1401,34.15,2672.0,FNF
2023-03-29 15:28:00,34.13,34.155,34.13,34.15,2968.0,FNF
2023-03-29 15:27:00,34.11,34.12,34.11,34.1125,4361.0,FNF
2023-03-29 15:26:00,34.11,34.12,34.11,34.12,1427.0,FNF
2023-03-29 15:25:00,34.11,34.115,34.1,34.1,2062.0,FNF
2023-03-29 15:24:00,34.12,34.12,34.11,34.11,2432.0,FNF
2023-03-29 15:23:00,34.13,34.13,34.1141,34.12,2062.0,FNF
2023-03-29 15:22:00,34.13,34.135,34.115,34.12,2287.0,FNF
2023-03-29 15:21:00,34.155,34.155,34.125,34.125,4276.0,FNF
2023-03-29 15:20:00,34.14,34.15,34.14,34.15,941.0,FNF
2023-03-29 15:19:00,34.13,34.1389,34.13,34.13,2711.0,FNF
2023-03-29 15:18:00,34.11,34.14,34.11,34.13,2525.0,FNF
2023-03-29 15:17:00,34.08,34.1,34.08,34.1,2282.0,FNF
2023-03-29 15:16:00,34.055,34.08,34.055,34.08,1626.0,FNF
2023-03-29 15:15:00,34.06,34.065,34.055,34.055,1601.0,FNF
2023-03-29 15:14:00,34.035,34.06,34.035,34.05,2396.0,FNF
2023-03-29 15:13:00,34.04,34.04,34.0326,34.035,940.0,FNF
2023-03-29 15:12:00,34.02,34.03,34.02,34.025,1390.0,FNF
2023-03-29 15:11:00,34.025,34.025,34.0,34.01,6469.0,FNF
2023-03-29 15:10:00,34.025,34.03,34.025,34.025,789.0,FNF
2023-03-29 15:09:00,34.035,34.04,34.002,34.02,3431.0,FNF
2023-03-29 15:08:00,34.03,34.03,34.025,34.025,2169.0,FNF
2023-03-29 15:07:00,34.05,34.055,34.03,34.03,3966.0,FNF
2023-03-29 15:06:00,34.075,34.075,34.06,34.06,1442.0,FNF
2023-03-29 15:05:00,34.065,34.075,34.065,34.075,1414.0,FNF
2023-03-29 15:04:00,34.04,34.05,34.03,34.05,1454.0,FNF
2023-03-29 15:03:00,34.08,34.08,34.035,34.035,3072.0,FNF
2023-03-29 15:02:00,34.1,34.13,34.05,34.1,9383.0,FNF
2023-03-29 15:01:00,34.11,34.115,34.1,34.1,1283.0,FNF
2023-03-29 15:00:00,34.14,34.14,34.12,34.12,3077.0,FNF
2023-03-29 14:59:00,34.13,34.135,34.13,34.13,532.0,FNF
2023-03-29 14:58:00,34.13,34.13,34.13,34.13,656.0,FNF
2023-03-29 14:57:00,34.135,34.14,34.13,34.13,2236.0,FNF
2023-03-29 14:56:00,34.12,34.13,34.12,34.13,1000.0,FNF
2023-03-29 14:55:00,34.105,34.12,34.105,34.12,1015.0,FNF
2023-03-29 14:54:00,34.1143,34.1143,34.11,34.11,424.0,FNF
2023-03-29 14:53:00,34.08,34.11,34.08,34.11,1569.0,FNF
2023-03-29 14:52:00,34.12,34.12,34.075,34.075,4095.0,FNF
2023-03-29 14:51:00,34.13,34.13,34.125,34.125,600.0,FNF
2023-03-29 14:50:00,34.1,34.13,34.1,34.13,2442.0,FNF
2023-03-29 14:49:00,34.0909,34.1,34.09,34.1,1958.0,FNF
2023-03-29 14:48:00,34.07,34.095,34.07,34.095,3476.0,FNF
2023-03-29 14:47:00,34.06,34.07,34.05,34.07,2340.0,FNF
2023-03-29 14:46:00,34.05,34.05,34.05,34.05,1445.0,FNF
2023-03-29 14:45:00,34.04,34.05,34.04,34.05,316.0,FNF
2023-03-29 14:44:00,34.04,34.04,34.035,34.035,517.0,FNF
2023-03-29 14:43:00,34.035,34.045,34.035,34.045,1245.0,FNF
2023-03-29 14:41:00,34.03,34.03,34.02,34.025,2205.0,FNF
2023-03-29 14:40:00,34.025,34.025,34.02,34.02,1491.0,FNF
2023-03-29 14:39:00,34.02,34.02,34.02,34.02,457.0,FNF
2023-03-29 14:38:00,34.03,34.035,34.015,34.015,2646.0,FNF
2023-03-29 14:37:00,34.02,34.035,34.02,34.035,2581.0,FNF
2023-03-29 14:36:00,34.02,34.025,34.0129,34.025,1202.0,FNF
2023-03-29 14:35:00,34.02,34.025,34.02,34.025,1773.0,FNF
2023-03-29 14:34:00,34.05,34.05,34.02,34.02,2496.0,FNF
2023-03-29 14:33:00,34.06,34.06,34.0533,34.055,3405.0,FNF
2023-03-29 14:32:00,34.06,34.06,34.06,34.06,180.0,FNF
2023-03-29 14:31:00,34.065,34.065,34.06,34.06,2063.0,FNF
2023-03-29 14:30:00,34.06,34.06,34.06,34.06,371.0,FNF
2023-03-29 14:29:00,34.05,34.06,34.04,34.06,2305.0,FNF
2023-03-29 14:28:00,34.04,34.055,34.04,34.055,916.0,FNF
2023-03-29 14:27:00,34.04,34.04,34.04,34.04,526.0,FNF
2023-03-29 14:26:00,34.03,34.04,34.02,34.0391,2082.0,FNF
2023-03-29 14:25:00,34.05,34.05,34.03,34.03,1888.0,FNF
2023-03-29 14:24:00,34.06,34.06,34.06,34.06,687.0,FNF
2023-03-29 14:23:00,34.0706,34.0706,34.06,34.06,1557.0,FNF
2023-03-29 14:22:00,34.05,34.075,34.05,34.07,1757.0,FNF
2023-03-29 14:21:00,34.06,34.06,34.04,34.04,1706.0,FNF
2023-03-29 14:20:00,34.06,34.06,34.04,34.05,2494.0,FNF
2023-03-29 14:19:00,34.06,34.06,34.055,34.055,1542.0,FNF
2023-03-29 14:18:00,34.075,34.075,34.06,34.06,1242.0,FNF
2023-03-29 14:17:00,34.07,34.08,34.07,34.08,1258.0,FNF
2023-03-29 14:16:00,34.11,34.11,34.08,34.08,2225.0,FNF
2023-03-29 14:15:00,34.1,34.1,34.095,34.095,2268.0,FNF
2023-03-29 14:14:00,34.1,34.105,34.09,34.095,3323.0,FNF
2023-03-29 14:12:00,34.11,34.115,34.1099,34.1099,1096.0,FNF
2023-03-29 14:11:00,34.11,34.11,34.11,34.11,357.0,FNF
2023-03-29 14:10:00,34.115,34.115,34.11,34.11,461.0,FNF
2023-03-29 14:09:00,34.1,34.1,34.1,34.1,954.0,FNF
2023-03-29 14:08:00,34.09,34.11,34.09,34.105,862.0,FNF
2023-03-29 14:07:00,34.08,34.08,34.06,34.08,5795.0,FNF
2023-03-29 14:06:00,34.085,34.085,34.085,34.085,400.0,FNF
2023-03-29 14:05:00,34.08,34.09,34.08,34.09,682.0,FNF
2023-03-29 14:04:00,34.08,34.085,34.08,34.08,921.0,FNF
2023-03-29 14:03:00,34.085,34.085,34.05,34.06,2896.0,FNF
2023-03-29 14:02:00,34.08,34.085,34.07,34.085,2003.0,FNF
2023-03-29 14:01:00,34.0898,34.09,34.085,34.09,1020.0,FNF
2023-03-29 14:00:00,34.085,34.09,34.08,34.09,1231.0,FNF
2023-03-29 13:59:00,34.085,34.09,34.08,34.08,2378.0,FNF
2023-03-29 13:58:00,34.085,34.09,34.085,34.085,1131.0,FNF
2023-03-29 13:57:00,34.08,34.085,34.075,34.085,1601.0,FNF
2023-03-29 13:56:00,34.075,34.08,34.075,34.075,750.0,FNF
2023-03-29 13:55:00,34.08,34.08,34.07,34.07,1530.0,FNF
2023-03-29 13:54:00,34.095,34.095,34.09,34.09,1234.0,FNF
2023-03-29 13:53:00,34.09,34.095,34.09,34.095,860.0,FNF
2023-03-29 13:52:00,34.09,34.09,34.085,34.085,1180.0,FNF
2023-03-29 13:51:00,34.08,34.0914,34.075,34.09,4010.0,FNF
2023-03-29 13:50:00,34.08,34.0892,34.08,34.085,1067.0,FNF
2023-03-29 13:49:00,34.1,34.1,34.085,34.09,2174.0,FNF
2023-03-29 13:48:00,34.1,34.1,34.095,34.095,690.0,FNF
2023-03-29 13:47:00,34.065,34.09,34.065,34.085,1520.0,FNF
2023-03-29 13:46:00,34.045,34.07,34.045,34.07,1703.0,FNF
2023-03-29 13:45:00,34.025,34.04,34.025,34.04,1250.0,FNF
2023-03-29 13:44:00,34.02,34.02,34.02,34.02,901.0,FNF
2023-03-29 13:43:00,34.01,34.03,34.01,34.025,3777.0,FNF
2023-03-29 13:42:00,34.01,34.01,33.995,34.01,15687.0,FNF
2023-03-29 13:41:00,34.015,34.02,34.015,34.02,378.0,FNF
2023-03-29 13:40:00,34.005,34.035,34.005,34.02,2352.0,FNF
2023-03-29 13:39:00,34.045,34.045,34.01,34.01,3416.0,FNF
2023-03-29 13:38:00,34.05,34.05,34.0401,34.0401,1060.0,FNF
2023-03-29 13:37:00,34.05,34.055,34.05,34.055,671.0,FNF
2023-03-29 13:36:00,34.065,34.065,34.035,34.045,6014.0,FNF
2023-03-29 13:35:00,34.09,34.09,34.065,34.0699,4156.0,FNF
2023-03-29 13:34:00,34.1,34.1,34.095,34.095,432.0,FNF
2023-03-29 13:33:00,34.085,34.09,34.085,34.09,385.0,FNF
2023-03-29 13:32:00,34.07,34.085,34.07,34.085,2576.0,FNF
2023-03-29 13:31:00,34.1,34.1,34.08,34.08,4576.0,FNF
2023-03-29 13:30:00,34.095,34.12,34.095,34.12,1907.0,FNF
2023-03-29 13:29:00,34.085,34.1,34.085,34.1,1381.0,FNF
2023-03-29 13:28:00,34.08,34.09,34.08,34.09,655.0,FNF
2023-03-29 13:27:00,34.08,34.08,34.08,34.08,394.0,FNF
2023-03-29 13:26:00,34.07,34.085,34.07,34.075,2628.0,FNF
2023-03-29 13:25:00,34.07,34.07,34.07,34.07,101.0,FNF
2023-03-29 13:24:00,34.07,34.07,34.065,34.065,328.0,FNF
2023-03-29 13:23:00,34.07,34.07,34.065,34.065,747.0,FNF
2023-03-29 13:22:00,34.075,34.08,34.0692,34.08,3431.0,FNF
2023-03-29 13:21:00,34.075,34.08,34.075,34.075,519.0,FNF
2023-03-29 13:20:00,34.09,34.09,34.075,34.075,2687.0,FNF
2023-03-29 13:19:00,34.08,34.09,34.08,34.09,1944.0,FNF
2023-03-29 13:18:00,34.07,34.08,34.07,34.08,1252.0,FNF
2023-03-29 13:17:00,34.05,34.06,34.05,34.06,2054.0,FNF
2023-03-29 13:16:00,34.04,34.06,34.04,34.05,1823.0,FNF
2023-03-29 13:15:00,34.055,34.055,34.035,34.05,3628.0,FNF
2023-03-29 13:14:00,34.06,34.06,34.055,34.055,2087.0,FNF
2023-03-29 13:13:00,34.06,34.07,34.055,34.065,1245.0,FNF
2023-03-29 13:12:00,34.03,34.05,34.03,34.05,1314.0,FNF
2023-03-29 13:11:00,34.02,34.03,34.02,34.025,1816.0,FNF
2023-03-29 13:10:00,34.025,34.025,34.025,34.025,595.0,FNF
2023-03-29 13:09:00,34.0282,34.035,34.025,34.03,2752.0,FNF
2023-03-29 13:08:00,34.03,34.03,34.025,34.025,1482.0,FNF
2023-03-29 13:07:00,34.025,34.0309,34.025,34.0309,1697.0,FNF
2023-03-29 13:06:00,34.02,34.025,34.02,34.025,5958.0,FNF
2023-03-29 13:05:00,34.015,34.02,34.0101,34.0101,2098.0,FNF
2023-03-29 13:04:00,34.005,34.02,34.005,34.02,757.0,FNF
2023-03-29 13:03:00,34.01,34.02,34.005,34.005,2189.0,FNF
2023-03-29 13:02:00,34.0,34.005,34.0,34.005,7231.0,FNF
2023-03-29 13:01:00,34.01,34.01,34.0,34.0,6676.0,FNF
2023-03-29 13:00:00,34.005,34.01,34.005,34.005,2777.0,FNF
2023-03-29 12:59:00,34.005,34.0053,34.0,34.0053,4416.0,FNF
2023-03-29 12:58:00,34.005,34.005,34.0,34.005,756.0,FNF
2023-03-29 12:57:00,34.015,34.015,34.01,34.01,877.0,FNF
2023-03-29 12:56:00,34.005,34.03,34.005,34.02,2734.0,FNF
2023-03-29 12:55:00,34.005,34.01,34.0,34.005,6144.0,FNF
2023-03-29 12:54:00,34.015,34.0192,34.01,34.01,5992.0,FNF
2023-03-29 12:53:00,34.015,34.015,34.01,34.01,758.0,FNF
2023-03-29 12:52:00,34.035,34.04,34.015,34.015,4573.0,FNF
2023-03-29 12:51:00,34.02,34.04,34.02,34.04,2145.0,FNF
2023-03-29 12:50:00,34.015,34.02,34.015,34.015,822.0,FNF
2023-03-29 12:49:00,34.01,34.015,34.01,34.015,304.0,FNF
2023-03-29 12:48:00,34.025,34.025,34.02,34.02,993.0,FNF
2023-03-29 12:47:00,34.04,34.045,34.025,34.025,1286.0,FNF
2023-03-29 12:46:00,34.015,34.04,34.015,34.04,3159.0,FNF
2023-03-29 12:45:00,34.015,34.02,34.01,34.015,2578.0,FNF
2023-03-29 12:44:00,34.005,34.02,34.005,34.02,3919.0,FNF
2023-03-29 12:43:00,34.02,34.02,34.005,34.005,2154.0,FNF
2023-03-29 12:42:00,34.025,34.025,34.025,34.025,500.0,FNF
2023-03-29 12:41:00,34.045,34.045,34.025,34.025,4642.0,FNF
2023-03-29 12:40:00,34.06,34.06,34.05,34.05,2502.0,FNF
2023-03-29 12:39:00,34.075,34.08,34.065,34.065,4669.0,FNF
2023-03-29 12:38:00,34.075,34.075,34.07,34.07,1086.0,FNF
2023-03-29 12:37:00,34.075,34.075,34.071,34.075,761.0,FNF
2023-03-29 12:36:00,34.075,34.075,34.075,34.075,723.0,FNF
2023-03-29 12:35:00,34.1,34.1,34.07,34.075,4364.0,FNF
2023-03-29 12:34:00,34.12,34.12,34.11,34.11,2383.0,FNF
2023-03-29 12:33:00,34.105,34.1299,34.105,34.1299,1252.0,FNF
2023-03-29 12:32:00,34.0875,34.105,34.085,34.105,3175.0,FNF
2023-03-29 12:31:00,34.085,34.095,34.085,34.09,3095.0,FNF
2023-03-29 12:30:00,34.09,34.09,34.08,34.08,2945.0,FNF
2023-03-29 12:29:00,34.095,34.095,34.09,34.09,326.0,FNF
2023-03-29 12:28:00,34.105,34.11,34.095,34.095,3508.0,FNF
2023-03-29 12:27:00,34.105,34.11,34.105,34.11,907.0,FNF
2023-03-29 12:26:00,34.095,34.11,34.095,34.11,2201.0,FNF
2023-03-29 12:25:00,34.09,34.095,34.09,34.0901,1652.0,FNF
2023-03-29 12:24:00,34.09,34.095,34.08,34.085,3022.0,FNF
2023-03-29 12:23:00,34.11,34.11,34.0911,34.095,4158.0,FNF
2023-03-29 12:22:00,34.115,34.115,34.115,34.115,877.0,FNF
2023-03-29 12:21:00,34.105,34.13,34.105,34.12,2159.0,FNF
2023-03-29 12:20:00,34.11,34.11,34.1,34.1,1665.0,FNF
2023-03-29 12:19:00,34.11,34.11,34.1,34.1,695.0,FNF
2023-03-29 12:18:00,34.095,34.115,34.095,34.115,3311.0,FNF
2023-03-29 12:17:00,34.105,34.105,34.085,34.09,5768.0,FNF
2023-03-29 12:16:00,34.105,34.11,34.105,34.105,1456.0,FNF
2023-03-29 12:15:00,34.11,34.11,34.1,34.1,385.0,FNF
2023-03-29 12:14:00,34.1087,34.1087,34.1,34.1,472.0,FNF
2023-03-29 12:13:00,34.13,34.135,34.105,34.105,2511.0,FNF
2023-03-29 12:12:00,34.12,34.125,34.12,34.12,1975.0,FNF
2023-03-29 12:11:00,34.1296,34.13,34.115,34.115,2836.0,FNF
2023-03-29 12:10:00,34.105,34.12,34.105,34.12,1652.0,FNF
2023-03-29 12:09:00,34.09,34.105,34.08,34.105,7155.0,FNF
2023-03-29 12:08:00,34.105,34.1088,34.08,34.085,7009.0,FNF
2023-03-29 12:07:00,34.12,34.12,34.095,34.105,5277.0,FNF
2023-03-29 12:06:00,34.135,34.135,34.11,34.12,4335.0,FNF
2023-03-29 12:05:00,34.115,34.14,34.115,34.14,2771.0,FNF
2023-03-29 12:04:00,34.12,34.13,34.115,34.115,4087.0,FNF
2023-03-29 12:03:00,34.125,34.135,34.125,34.13,1555.0,FNF
2023-03-29 12:02:00,34.12,34.13,34.115,34.125,2178.0,FNF
2023-03-29 12:01:00,34.12,34.125,34.11,34.11,4929.0,FNF
2023-03-29 12:00:00,34.13,34.135,34.125,34.13,1768.0,FNF
2023-03-29 11:59:00,34.13,34.13,34.13,34.13,324.0,FNF
2023-03-29 11:58:00,34.115,34.12,34.115,34.12,239.0,FNF
2023-03-29 11:57:00,34.125,34.125,34.12,34.12,1381.0,FNF
2023-03-29 11:56:00,34.0901,34.13,34.0901,34.125,4729.0,FNF
2023-03-29 11:55:00,34.125,34.125,34.095,34.105,3429.0,FNF
2023-03-29 11:54:00,34.115,34.13,34.11,34.13,872.0,FNF
2023-03-29 11:53:00,34.135,34.135,34.12,34.12,1694.0,FNF
2023-03-29 11:52:00,34.135,34.14,34.135,34.135,563.0,FNF
2023-03-29 11:51:00,34.12,34.14,34.12,34.14,2298.0,FNF
2023-03-29 11:50:00,34.115,34.12,34.115,34.12,1751.0,FNF
2023-03-29 11:49:00,34.13,34.14,34.115,34.115,1167.0,FNF
2023-03-29 11:48:00,34.145,34.145,34.13,34.13,1432.0,FNF
2023-03-29 11:47:00,34.13,34.15,34.12,34.14,4479.0,FNF
2023-03-29 11:46:00,34.14,34.145,34.135,34.14,1218.0,FNF
2023-03-29 11:45:00,34.15,34.15,34.1336,34.1336,1916.0,FNF
2023-03-29 11:44:00,34.135,34.155,34.135,34.155,1404.0,FNF
2023-03-29 11:43:00,34.14,34.14,34.13,34.13,1551.0,FNF
2023-03-29 11:42:00,34.135,34.14,34.13,34.13,395.0,FNF
2023-03-29 11:41:00,34.15,34.15,34.13,34.14,2288.0,FNF
2023-03-29 11:40:00,34.17,34.18,34.16,34.16,1455.0,FNF
2023-03-29 11:39:00,34.16,34.17,34.16,34.17,867.0,FNF
2023-03-29 11:38:00,34.15,34.155,34.15,34.155,558.0,FNF
2023-03-29 11:37:00,34.15,34.15,34.15,34.15,335.0,FNF
2023-03-29 11:36:00,34.125,34.16,34.125,34.15,6352.0,FNF
2023-03-29 11:35:00,34.13,34.13,34.12,34.13,1667.0,FNF
2023-03-29 11:34:00,34.14,34.145,34.135,34.145,1155.0,FNF
2023-03-29 11:33:00,34.15,34.16,34.15,34.15,3320.0,FNF
2023-03-29 11:32:00,34.14,34.16,34.14,34.145,2091.0,FNF
2023-03-29 11:31:00,34.1392,34.14,34.135,34.14,1204.0,FNF
2023-03-29 11:30:00,34.1481,34.1481,34.14,34.14,446.0,FNF
2023-03-29 11:29:00,34.12,34.1667,34.12,34.15,2750.0,FNF
2023-03-29 11:28:00,34.16,34.16,34.125,34.125,1481.0,FNF
2023-03-29 11:27:00,34.16,34.165,34.16,34.165,403.0,FNF
2023-03-29 11:26:00,34.14,34.17,34.14,34.16,1590.0,FNF
2023-03-29 11:25:00,34.135,34.135,34.12,34.13,1939.0,FNF
2023-03-29 11:24:00,34.17,34.175,34.14,34.14,2568.0,FNF
2023-03-29 11:23:00,34.17,34.18,34.17,34.17,1073.0,FNF
2023-03-29 11:22:00,34.175,34.18,34.17,34.17,778.0,FNF
2023-03-29 11:21:00,34.16,34.17,34.155,34.17,3781.0,FNF
2023-03-29 11:20:00,34.19,34.19,34.15,34.155,2918.0,FNF
2023-03-29 11:19:00,34.18,34.21,34.18,34.21,10318.0,FNF
2023-03-29 11:17:00,34.18,34.18,34.18,34.18,412.0,FNF
2023-03-29 11:16:00,34.21,34.21,34.185,34.185,3126.0,FNF
2023-03-29 11:15:00,34.195,34.2,34.195,34.2,1158.0,FNF
2023-03-29 11:14:00,34.2,34.2,34.2,34.2,580.0,FNF
2023-03-29 11:13:00,34.18,34.19,34.165,34.18,3808.0,FNF
2023-03-29 11:12:00,34.145,34.18,34.145,34.17,3633.0,FNF
2023-03-29 11:11:00,34.13,34.14,34.13,34.14,755.0,FNF
2023-03-29 11:10:00,34.15,34.15,34.14,34.14,519.0,FNF
2023-03-29 11:09:00,34.17,34.17,34.14,34.14,1484.0,FNF
2023-03-29 11:08:00,34.155,34.155,34.155,34.155,138.0,FNF
2023-03-29 11:07:00,34.16,34.16,34.13,34.15,2247.0,FNF
2023-03-29 11:06:00,34.175,34.18,34.165,34.17,1720.0,FNF
2023-03-29 11:05:00,34.16,34.18,34.16,34.18,698.0,FNF
2023-03-29 11:04:00,34.15,34.15,34.15,34.15,473.0,FNF
2023-03-29 11:03:00,34.12,34.12,34.12,34.12,364.0,FNF
2023-03-29 11:02:00,34.09,34.115,34.09,34.115,1414.0,FNF
2023-03-29 11:01:00,34.1,34.11,34.09,34.09,1363.0,FNF
2023-03-29 11:00:00,34.09,34.1,34.09,34.095,865.0,FNF
2023-03-29 10:59:00,34.11,34.11,34.1,34.1,1669.0,FNF
2023-03-29 10:58:00,34.12,34.12,34.1,34.1,1156.0,FNF
2023-03-29 10:57:00,34.1,34.11,34.1,34.11,1376.0,FNF
2023-03-29 10:56:00,34.12,34.12,34.09,34.1,2852.0,FNF
2023-03-29 10:55:00,34.125,34.125,34.125,34.125,291.0,FNF
2023-03-29 10:53:00,34.14,34.14,34.105,34.105,1169.0,FNF
2023-03-29 10:52:00,34.145,34.15,34.14,34.14,2625.0,FNF
2023-03-29 10:51:00,34.09,34.15,34.09,34.15,896.0,FNF
2023-03-29 10:50:00,34.05,34.09,34.05,34.09,2268.0,FNF
2023-03-29 10:49:00,34.0,34.04,34.0,34.04,2101.0,FNF
2023-03-29 10:48:00,34.025,34.025,34.0,34.0,3483.0,FNF
2023-03-29 10:47:00,34.045,34.05,34.03,34.03,2037.0,FNF
2023-03-29 10:46:00,34.06,34.06,34.04,34.045,2509.0,FNF
2023-03-29 10:45:00,34.0705,34.1,34.06,34.06,3891.0,FNF
2023-03-29 10:44:00,34.12,34.12,34.06,34.06,12866.0,FNF
2023-03-29 10:43:00,34.12,34.14,34.12,34.14,1446.0,FNF
2023-03-29 10:42:00,34.11,34.12,34.095,34.12,2752.0,FNF
2023-03-29 10:41:00,34.12,34.12,34.1,34.115,3194.0,FNF
2023-03-29 10:39:00,34.125,34.125,34.125,34.125,808.0,FNF
2023-03-29 10:38:00,34.18,34.18,34.13,34.13,2407.0,FNF
2023-03-29 10:37:00,34.16,34.19,34.15,34.19,3549.0,FNF
2023-03-29 10:36:00,34.18,34.18,34.13,34.16,8393.0,FNF
2023-03-29 10:35:00,34.19,34.195,34.165,34.175,8372.0,FNF
2023-03-29 10:34:00,34.18,34.185,34.18,34.185,335.0,FNF
2023-03-29 10:33:00,34.19,34.19,34.185,34.185,1132.0,FNF
2023-03-29 10:32:00,34.19,34.195,34.185,34.1868,2307.0,FNF
2023-03-29 10:31:00,34.19,34.2,34.19,34.2,592.0,FNF
2023-03-29 10:30:00,34.19,34.2,34.175,34.185,1491.0,FNF
2023-03-29 10:29:00,34.2,34.21,34.185,34.185,2360.0,FNF
2023-03-29 10:28:00,34.19,34.2,34.19,34.2,3113.0,FNF
2023-03-29 10:27:00,34.19,34.19,34.175,34.175,2624.0,FNF
2023-03-29 10:26:00,34.17,34.18,34.17,34.18,1183.0,FNF
2023-03-29 10:25:00,34.18,34.19,34.18,34.18,1244.0,FNF
2023-03-29 10:24:00,34.24,34.245,34.19,34.19,4261.0,FNF
2023-03-29 10:23:00,34.205,34.23,34.205,34.23,1033.0,FNF
2023-03-29 10:22:00,34.19,34.2,34.19,34.2,400.0,FNF
2023-03-29 10:21:00,34.175,34.18,34.175,34.18,1803.0,FNF
2023-03-29 10:20:00,34.2,34.205,34.17,34.175,7068.0,FNF
2023-03-29 10:19:00,34.21,34.21,34.21,34.21,909.0,FNF
2023-03-29 10:18:00,34.22,34.22,34.19,34.1974,10906.0,FNF
2023-03-29 10:17:00,34.21,34.22,34.18,34.2179,6822.0,FNF
2023-03-29 10:16:00,34.24,34.24,34.18,34.21,6639.0,FNF
2023-03-29 10:15:00,34.2599,34.2599,34.23,34.25,1551.0,FNF
2023-03-29 10:14:00,34.3,34.3,34.25,34.26,3023.0,FNF
2023-03-29 10:13:00,34.265,34.3,34.265,34.3,1173.0,FNF
2023-03-29 10:12:00,34.265,34.27,34.26,34.27,1731.0,FNF
2023-03-29 10:11:00,34.26,34.265,34.255,34.26,2124.0,FNF
2023-03-29 10:10:00,34.28,34.28,34.28,34.28,586.0,FNF
2023-03-29 10:09:00,34.26,34.29,34.25,34.28,2833.0,FNF
2023-03-29 10:08:00,34.26,34.28,34.26,34.28,718.0,FNF
2023-03-29 10:07:00,34.3,34.3,34.26,34.27,2721.0,FNF
2023-03-29 10:06:00,34.3,34.3,34.29,34.2972,1593.0,FNF
2023-03-29 10:05:00,34.3,34.32,34.3,34.32,4461.0,FNF
2023-03-29 10:04:00,34.29,34.295,34.29,34.295,449.0,FNF
2023-03-29 10:03:00,34.31,34.32,34.31,34.31,1358.0,FNF
2023-03-29 10:02:00,34.3009,34.31,34.27,34.3,5311.0,FNF
2023-03-29 10:01:00,34.29,34.31,34.29,34.2901,958.0,FNF
2023-03-29 10:00:00,34.3,34.3,34.28,34.3,2085.0,FNF
2023-03-29 09:59:00,34.3,34.3,34.3,34.3,290.0,FNF
2023-03-29 09:58:00,34.29,34.3,34.29,34.3,522.0,FNF
2023-03-29 09:57:00,34.36,34.36,34.2818,34.2818,4341.0,FNF
2023-03-29 09:56:00,34.35,34.37,34.35,34.37,1325.0,FNF
2023-03-29 09:55:00,34.38,34.38,34.3326,34.35,4040.0,FNF
2023-03-29 09:54:00,34.36,34.3915,34.36,34.39,3501.0,FNF
2023-03-29 09:52:00,34.3,34.35,34.3,34.32,1332.0,FNF
2023-03-29 09:51:00,34.28,34.28,34.28,34.28,534.0,FNF
2023-03-29 09:50:00,34.29,34.3,34.26,34.26,1873.0,FNF
2023-03-29 09:49:00,34.31,34.31,34.29,34.29,1071.0,FNF
2023-03-29 09:48:00,34.34,34.34,34.27,34.3,2380.0,FNF
2023-03-29 09:47:00,34.35,34.37,34.35,34.36,2299.0,FNF
2023-03-29 09:46:00,34.385,34.385,34.33,34.345,1261.0,FNF
2023-03-29 09:45:00,34.43,34.43,34.385,34.39,4911.0,FNF
2023-03-29 09:44:00,34.4279,34.435,34.4279,34.43,2041.0,FNF
2023-03-29 09:43:00,34.44,34.44,34.43,34.43,1781.0,FNF
2023-03-29 09:42:00,34.4343,34.4343,34.43,34.43,702.0,FNF
2023-03-29 09:41:00,34.39,34.44,34.39,34.44,1990.0,FNF
2023-03-29 09:40:00,34.39,34.39,34.39,34.39,299.0,FNF
2023-03-29 09:39:00,34.365,34.3835,34.35,34.35,2124.0,FNF
2023-03-29 09:38:00,34.37,34.375,34.35,34.365,1094.0,FNF
2023-03-29 09:37:00,34.36,34.36,34.36,34.36,527.0,FNF
2023-03-29 09:36:00,34.35,34.36,34.35,34.36,1604.0,FNF
2023-03-29 09:35:00,34.42,34.42,34.31,34.31,1106.0,FNF
2023-03-29 09:34:00,34.42,34.46,34.42,34.46,649.0,FNF
2023-03-29 09:33:00,34.65,34.65,34.46,34.46,1562.0,FNF
2023-03-29 09:32:00,34.56,34.63,34.56,34.63,3039.0,FNF
2023-03-29 09:31:00,34.5,34.54,34.5,34.54,13790.0,FNF
2023-03-28 16:05:00,34.1,34.1,34.1,34.1,8560.0,FNF
2023-03-28 16:01:00,34.1,34.1,34.1,34.1,31500.0,FNF
2023-03-28 16:00:00,34.11,34.115,34.07,34.07,42690.0,FNF
2023-03-28 15:59:00,34.08,34.109,34.07,34.1,38458.0,FNF
2023-03-28 15:58:00,34.04,34.08,34.03,34.075,30119.0,FNF
2023-03-28 15:57:00,34.03,34.04,34.0207,34.04,6381.0,FNF
2023-03-28 15:56:00,34.03,34.04,34.02,34.03,10966.0,FNF
2023-03-28 15:55:00,34.04,34.05,34.005,34.03,11860.0,FNF
2023-03-28 15:54:00,34.06,34.06,34.04,34.045,6325.0,FNF
2023-03-28 15:53:00,34.05,34.069,34.045,34.055,7689.0,FNF
2023-03-28 15:52:00,34.03,34.05,34.03,34.045,3095.0,FNF
2023-03-28 15:51:00,34.01,34.04,34.0,34.03,10572.0,FNF
2023-03-28 15:50:00,34.005,34.01,33.995,34.005,3182.0,FNF
2023-03-28 15:49:00,33.995,34.01,33.99,34.01,3045.0,FNF
2023-03-28 15:48:00,33.99,34.005,33.99,33.99,2113.0,FNF
2023-03-28 15:47:00,33.965,33.985,33.965,33.98,3299.0,FNF
2023-03-28 15:46:00,33.995,33.995,33.96,33.97,6656.0,FNF
2023-03-28 15:45:00,33.995,33.995,33.995,33.995,498.0,FNF
2023-03-28 15:44:00,33.99,34.0,33.98,33.99,3846.0,FNF
2023-03-28 15:43:00,34.005,34.005,33.995,33.995,2008.0,FNF
2023-03-28 15:42:00,34.04,34.04,34.005,34.01,6305.0,FNF
2023-03-28 15:41:00,34.0,34.03,34.0,34.03,1442.0,FNF
2023-03-28 15:40:00,33.97,34.0,33.97,34.0,3193.0,FNF
2023-03-28 15:39:00,34.01,34.01,33.965,33.965,5770.0,FNF
2023-03-28 15:38:00,34.005,34.005,33.99,34.0,9732.0,FNF
2023-03-28 15:37:00,34.0,34.01,34.0,34.01,2066.0,FNF
2023-03-28 15:36:00,34.01,34.02,34.0,34.0,4779.0,FNF
2023-03-28 15:35:00,33.98,34.01,33.98,34.01,3847.0,FNF
2023-03-28 15:34:00,33.945,33.98,33.945,33.98,2367.0,FNF
2023-03-28 15:33:00,33.95,33.955,33.945,33.945,1507.0,FNF
2023-03-28 15:32:00,33.96,33.96,33.94,33.955,6824.0,FNF
2023-03-28 15:31:00,33.975,33.975,33.955,33.955,2747.0,FNF
2023-03-28 15:30:00,33.97,33.98,33.97,33.9777,6428.0,FNF
2023-03-28 15:29:00,33.97,33.975,33.97,33.975,1430.0,FNF
2023-03-28 15:28:00,33.9899,33.9899,33.96,33.96,4548.0,FNF
2023-03-28 15:27:00,33.965,33.985,33.96,33.98,2149.0,FNF
2023-03-28 15:26:00,33.955,33.969,33.955,33.965,1548.0,FNF
2023-03-28 15:25:00,33.965,33.965,33.955,33.955,1568.0,FNF
2023-03-28 15:24:00,33.965,33.97,33.96,33.97,1811.0,FNF
2023-03-28 15:23:00,33.98,33.98,33.965,33.965,1992.0,FNF
2023-03-28 15:22:00,33.975,33.98,33.9701,33.98,2041.0,FNF
2023-03-28 15:21:00,33.965,33.965,33.96,33.96,660.0,FNF
2023-03-28 15:20:00,33.965,33.98,33.965,33.975,1134.0,FNF
2023-03-28 15:19:00,33.97,33.97,33.96,33.965,3031.0,FNF
2023-03-28 15:18:00,33.98,33.98,33.9715,33.9715,2015.0,FNF
2023-03-28 15:17:00,33.965,33.97,33.95,33.97,2871.0,FNF
2023-03-28 15:16:00,33.96,33.965,33.96,33.965,906.0,FNF
2023-03-28 15:15:00,33.96,33.965,33.96,33.965,909.0,FNF
2023-03-28 15:14:00,33.9704,33.9704,33.96,33.96,1328.0,FNF
2023-03-28 15:13:00,33.98,33.98,33.975,33.975,785.0,FNF
2023-03-28 15:12:00,33.97,33.97,33.97,33.97,386.0,FNF
2023-03-28 15:11:00,34.0,34.0,33.965,33.965,3400.0,FNF
2023-03-28 15:10:00,34.0,34.0,33.99,33.99,425.0,FNF
2023-03-28 15:09:00,34.0,34.0,33.995,33.995,350.0,FNF
2023-03-28 15:08:00,33.98,33.995,33.98,33.995,1129.0,FNF
2023-03-28 15:07:00,33.97,33.975,33.97,33.972,1029.0,FNF
2023-03-28 15:06:00,33.975,33.975,33.96,33.965,948.0,FNF
2023-03-28 15:05:00,33.97,33.98,33.96,33.98,1947.0,FNF
2023-03-28 15:04:00,33.975,33.98,33.975,33.98,1199.0,FNF
2023-03-28 15:03:00,33.97,33.975,33.97,33.9732,1219.0,FNF
2023-03-28 15:02:00,33.965,33.97,33.965,33.97,928.0,FNF
2023-03-28 15:00:00,33.96,33.965,33.96,33.965,873.0,FNF
2023-03-28 14:59:00,33.97,33.97,33.96,33.9648,771.0,FNF
2023-03-28 14:58:00,33.96,33.96,33.96,33.96,865.0,FNF
2023-03-28 14:57:00,33.96,33.96,33.96,33.96,936.0,FNF
2023-03-28 14:56:00,33.95,33.96,33.95,33.96,1683.0,FNF
2023-03-28 14:55:00,33.945,33.95,33.945,33.95,561.0,FNF
2023-03-28 14:53:00,33.94,33.95,33.935,33.95,1126.0,FNF
2023-03-28 14:52:00,33.935,33.935,33.935,33.935,169.0,FNF
2023-03-28 14:51:00,33.91,33.93,33.91,33.93,1216.0,FNF
2023-03-28 14:50:00,33.93,33.93,33.9,33.905,1108.0,FNF
2023-03-28 14:49:00,33.925,33.925,33.915,33.915,1467.0,FNF
2023-03-28 14:48:00,33.93,33.93,33.925,33.925,1053.0,FNF
2023-03-28 14:47:00,33.91,33.93,33.91,33.93,1280.0,FNF
2023-03-28 14:46:00,33.89,33.91,33.89,33.91,1786.0,FNF
2023-03-28 14:45:00,33.885,33.885,33.885,33.885,593.0,FNF
2023-03-28 14:44:00,33.88,33.89,33.88,33.89,1051.0,FNF
2023-03-28 14:43:00,33.875,33.875,33.875,33.875,175.0,FNF
2023-03-28 14:42:00,33.885,33.885,33.87,33.87,2205.0,FNF
2023-03-28 14:41:00,33.87,33.89,33.87,33.89,1324.0,FNF
2023-03-28 14:40:00,33.875,33.875,33.875,33.875,238.0,FNF
2023-03-28 14:39:00,33.87,33.87,33.87,33.87,245.0,FNF
2023-03-28 14:38:00,33.88,33.89,33.88,33.8815,746.0,FNF
2023-03-28 14:37:00,33.85,33.87,33.85,33.87,822.0,FNF
2023-03-28 14:36:00,33.855,33.86,33.85,33.85,1887.0,FNF
2023-03-28 14:35:00,33.875,33.875,33.85,33.85,2285.0,FNF
2023-03-28 14:34:00,33.8788,33.8788,33.875,33.875,450.0,FNF
2023-03-28 14:33:00,33.88,33.885,33.88,33.88,848.0,FNF
2023-03-28 14:32:00,33.89,33.89,33.88,33.88,2367.0,FNF
2023-03-28 14:31:00,33.885,33.89,33.88,33.885,2184.0,FNF
2023-03-28 14:30:00,33.885,33.885,33.885,33.885,1025.0,FNF
2023-03-28 14:29:00,33.87,33.885,33.87,33.88,2582.0,FNF
2023-03-28 14:28:00,33.865,33.865,33.865,33.865,993.0,FNF
2023-03-28 14:27:00,33.86,33.86,33.86,33.86,215.0,FNF
2023-03-28 14:26:00,33.86,33.865,33.855,33.86,2250.0,FNF
2023-03-28 14:25:00,33.865,33.865,33.855,33.86,1459.0,FNF
2023-03-28 14:24:00,33.865,33.865,33.8644,33.8644,1003.0,FNF
2023-03-28 14:23:00,33.865,33.865,33.855,33.86,1628.0,FNF
2023-03-28 14:22:00,33.86,33.865,33.86,33.865,1675.0,FNF
2023-03-28 14:21:00,33.85,33.85,33.85,33.85,946.0,FNF
2023-03-28 14:20:00,33.86,33.865,33.85,33.85,2900.0,FNF
2023-03-28 14:18:00,33.87,33.875,33.87,33.87,1114.0,FNF
2023-03-28 14:17:00,33.865,33.87,33.85,33.87,2953.0,FNF
2023-03-28 14:16:00,33.845,33.865,33.845,33.865,2162.0,FNF
2023-03-28 14:15:00,33.84,33.84,33.8301,33.84,1782.0,FNF
2023-03-28 14:14:00,33.83,33.84,33.83,33.84,3849.0,FNF
2023-03-28 14:13:00,33.825,33.825,33.825,33.825,352.0,FNF
2023-03-28 14:12:00,33.825,33.825,33.825,33.825,551.0,FNF
2023-03-28 14:11:00,33.82,33.83,33.82,33.825,2133.0,FNF
2023-03-28 14:10:00,33.835,33.835,33.83,33.83,878.0,FNF
2023-03-28 14:09:00,33.8,33.82,33.8,33.82,3197.0,FNF
2023-03-28 14:08:00,33.8,33.81,33.8,33.8079,1699.0,FNF
2023-03-28 14:07:00,33.79,33.79,33.785,33.785,241.0,FNF
2023-03-28 14:06:00,33.785,33.79,33.78,33.79,1359.0,FNF
2023-03-28 14:05:00,33.79,33.79,33.785,33.79,731.0,FNF
2023-03-28 14:04:00,33.755,33.79,33.755,33.78,3203.0,FNF
2023-03-28 14:03:00,33.775,33.775,33.76,33.765,1935.0,FNF
2023-03-28 14:02:00,33.76,33.77,33.76,33.77,902.0,FNF
2023-03-28 14:01:00,33.755,33.76,33.755,33.76,1698.0,FNF
2023-03-28 14:00:00,33.75,33.755,33.75,33.755,796.0,FNF
2023-03-28 13:59:00,33.75,33.75,33.74,33.74,1388.0,FNF
2023-03-28 13:58:00,33.745,33.75,33.74,33.75,1696.0,FNF
2023-03-28 13:57:00,33.75,33.75,33.73,33.745,2238.0,FNF
2023-03-28 13:56:00,33.76,33.76,33.76,33.76,1214.0,FNF
2023-03-28 13:55:00,33.755,33.76,33.755,33.755,1185.0,FNF
2023-03-28 13:54:00,33.72,33.745,33.72,33.745,1959.0,FNF
2023-03-28 13:53:00,33.72,33.72,33.72,33.72,233.0,FNF
2023-03-28 13:52:00,33.74,33.74,33.72,33.72,6399.0,FNF
2023-03-28 13:51:00,33.75,33.75,33.745,33.75,682.0,FNF
2023-03-28 13:50:00,33.75,33.75,33.745,33.75,2691.0,FNF
2023-03-28 13:49:00,33.765,33.77,33.75,33.75,2072.0,FNF
2023-03-28 13:48:00,33.75,33.76,33.74,33.76,2363.0,FNF
2023-03-28 13:47:00,33.76,33.76,33.755,33.755,853.0,FNF
2023-03-28 13:46:00,33.76,33.77,33.76,33.765,4372.0,FNF
2023-03-28 13:45:00,33.787,33.787,33.75,33.76,5113.0,FNF
2023-03-28 13:44:00,33.805,33.805,33.79,33.79,1806.0,FNF
2023-03-28 13:43:00,33.8,33.8,33.78,33.7925,18951.0,FNF
2023-03-28 13:42:00,33.81,33.81,33.81,33.81,648.0,FNF
2023-03-28 13:41:00,33.835,33.84,33.82,33.82,7695.0,FNF
2023-03-28 13:40:00,33.81,33.835,33.81,33.835,3011.0,FNF
2023-03-28 13:39:00,33.81,33.81,33.81,33.81,437.0,FNF
2023-03-28 13:38:00,33.82,33.82,33.81,33.81,414.0,FNF
2023-03-28 13:37:00,33.815,33.815,33.815,33.815,625.0,FNF
2023-03-28 13:36:00,33.815,33.819,33.805,33.819,1096.0,FNF
2023-03-28 13:35:00,33.82,33.83,33.81,33.815,2062.0,FNF
2023-03-28 13:34:00,33.81,33.82,33.795,33.82,4915.0,FNF
2023-03-28 13:33:00,33.82,33.82,33.81,33.81,1384.0,FNF
2023-03-28 13:32:00,33.83,33.83,33.8206,33.8206,2067.0,FNF
2023-03-28 13:31:00,33.83,33.83,33.83,33.83,190.0,FNF
2023-03-28 13:30:00,33.82,33.83,33.8195,33.83,1753.0,FNF
2023-03-28 13:29:00,33.81,33.81,33.805,33.805,653.0,FNF
2023-03-28 13:28:00,33.825,33.825,33.81,33.81,1910.0,FNF
2023-03-28 13:27:00,33.825,33.825,33.825,33.825,329.0,FNF
2023-03-28 13:26:00,33.815,33.82,33.81,33.82,498.0,FNF
2023-03-28 13:25:00,33.825,33.825,33.81,33.81,1725.0,FNF
2023-03-28 13:24:00,33.835,33.835,33.825,33.825,556.0,FNF
2023-03-28 13:23:00,33.82,33.835,33.82,33.835,273.0,FNF
2023-03-28 13:22:00,33.83,33.83,33.83,33.83,601.0,FNF
2023-03-28 13:21:00,33.83,33.83,33.815,33.825,2156.0,FNF
2023-03-28 13:20:00,33.82,33.82,33.81,33.815,878.0,FNF
2023-03-28 13:19:00,33.82,33.82,33.82,33.82,587.0,FNF
2023-03-28 13:18:00,33.83,33.83,33.815,33.815,856.0,FNF
2023-03-28 13:17:00,33.84,33.84,33.835,33.835,1117.0,FNF
2023-03-28 13:16:00,33.85,33.85,33.845,33.8456,2938.0,FNF
2023-03-28 13:15:00,33.86,33.86,33.855,33.86,1131.0,FNF
2023-03-28 13:14:00,33.8705,33.8705,33.865,33.8699,1481.0,FNF
2023-03-28 13:13:00,33.89,33.89,33.865,33.87,2094.0,FNF
2023-03-28 13:12:00,33.89,33.895,33.885,33.89,815.0,FNF
2023-03-28 13:11:00,33.86,33.88,33.86,33.88,558.0,FNF
2023-03-28 13:10:00,33.865,33.865,33.86,33.86,1657.0,FNF
2023-03-28 13:09:00,33.86,33.87,33.86,33.865,360.0,FNF
2023-03-28 13:08:00,33.86,33.86,33.86,33.86,406.0,FNF
2023-03-28 13:07:00,33.88,33.88,33.87,33.87,1627.0,FNF
2023-03-28 13:06:00,33.87,33.87,33.86,33.87,582.0,FNF
2023-03-28 13:05:00,33.885,33.885,33.875,33.875,454.0,FNF
2023-03-28 13:04:00,33.89,33.89,33.88,33.885,784.0,FNF
2023-03-28 13:03:00,33.92,33.92,33.895,33.895,1147.0,FNF
2023-03-28 13:02:00,33.925,33.925,33.925,33.925,252.0,FNF
2023-03-28 13:01:00,33.94,33.94,33.925,33.925,480.0,FNF
2023-03-28 13:00:00,33.94,33.9406,33.93,33.94,1750.0,FNF
2023-03-28 12:59:00,33.96,33.96,33.9495,33.952,1293.0,FNF
2023-03-28 12:58:00,33.94,33.96,33.94,33.95,1365.0,FNF
2023-03-28 12:57:00,33.96,33.96,33.9307,33.9307,1835.0,FNF
2023-03-28 12:56:00,33.985,33.985,33.97,33.97,1839.0,FNF
2023-03-28 12:55:00,33.9767,33.985,33.9767,33.985,404.0,FNF
2023-03-28 12:54:00,33.97,33.975,33.97,33.97,2128.0,FNF
2023-03-28 12:53:00,33.98,33.99,33.97,33.97,1191.0,FNF
2023-03-28 12:52:00,33.97,33.98,33.97,33.98,1613.0,FNF
2023-03-28 12:51:00,33.99,33.99,33.97,33.97,1142.0,FNF
2023-03-28 12:50:00,34.005,34.005,33.98,33.985,1544.0,FNF
2023-03-28 12:49:00,33.9989,34.01,33.9989,34.01,1353.0,FNF
2023-03-28 12:47:00,33.99,33.995,33.99,33.995,675.0,FNF
2023-03-28 12:46:00,33.98,33.98,33.975,33.975,996.0,FNF
2023-03-28 12:45:00,33.995,33.995,33.98,33.98,1639.0,FNF
2023-03-28 12:44:00,33.99,33.99,33.99,33.99,402.0,FNF
2023-03-28 12:43:00,33.98,33.99,33.98,33.99,1389.0,FNF
2023-03-28 12:42:00,33.98,33.9899,33.98,33.985,1605.0,FNF
2023-03-28 12:40:00,33.9697,33.97,33.96,33.97,966.0,FNF
2023-03-28 12:39:00,33.97,33.9701,33.96,33.96,4183.0,FNF
2023-03-28 12:38:00,33.965,33.975,33.953,33.975,2713.0,FNF
2023-03-28 12:37:00,33.965,33.9699,33.96,33.96,1319.0,FNF
2023-03-28 12:35:00,33.96,33.96,33.96,33.96,451.0,FNF
2023-03-28 12:34:00,33.96,33.97,33.96,33.97,413.0,FNF
2023-03-28 12:33:00,33.95,33.95,33.95,33.95,1024.0,FNF
2023-03-28 12:32:00,33.96,33.96,33.945,33.945,1377.0,FNF
2023-03-28 12:31:00,33.98,33.98,33.965,33.965,3616.0,FNF
2023-03-28 12:30:00,33.985,33.99,33.98,33.98,4373.0,FNF
2023-03-28 12:29:00,34.01,34.01,33.99,33.99,2693.0,FNF
2023-03-28 12:28:00,33.99,34.01,33.99,34.0099,1160.0,FNF
2023-03-28 12:27:00,33.98,33.985,33.98,33.985,1319.0,FNF
2023-03-28 12:26:00,33.98,33.99,33.98,33.99,205.0,FNF
2023-03-28 12:25:00,33.995,33.995,33.98,33.98,1412.0,FNF
2023-03-28 12:24:00,33.995,34.0,33.995,33.995,1324.0,FNF
2023-03-28 12:22:00,34.0,34.0,34.0,34.0,133.0,FNF
2023-03-28 12:21:00,33.985,33.99,33.985,33.99,1045.0,FNF
2023-03-28 12:20:00,33.99,33.99,33.99,33.99,899.0,FNF
2023-03-28 12:19:00,33.98,33.98,33.97,33.97,2341.0,FNF
2023-03-28 12:18:00,33.98,33.98,33.97,33.98,2330.0,FNF
2023-03-28 12:17:00,33.9806,33.9806,33.9806,33.9806,236.0,FNF
2023-03-28 12:16:00,34.01,34.01,33.99,33.99,1136.0,FNF
2023-03-28 12:15:00,34.0,34.0,33.99,34.0,1314.0,FNF
2023-03-28 12:14:00,34.02,34.02,34.0,34.0,3953.0,FNF
2023-03-28 12:13:00,34.01,34.03,34.01,34.025,4190.0,FNF
2023-03-28 12:11:00,33.99,34.0,33.99,34.0,682.0,FNF
2023-03-28 12:10:00,33.99,33.99,33.99,33.99,352.0,FNF
2023-03-28 12:09:00,33.965,33.98,33.965,33.98,844.0,FNF
2023-03-28 12:07:00,33.965,33.965,33.96,33.96,1803.0,FNF
2023-03-28 12:06:00,33.9813,33.9813,33.97,33.97,781.0,FNF
2023-03-28 12:05:00,33.98,33.98,33.97,33.98,802.0,FNF
2023-03-28 12:04:00,33.975,33.98,33.975,33.98,441.0,FNF
2023-03-28 12:03:00,33.97,33.97,33.97,33.97,456.0,FNF
2023-03-28 12:02:00,33.965,33.965,33.96,33.96,527.0,FNF
2023-03-28 12:01:00,33.965,33.965,33.96,33.96,1776.0,FNF
2023-03-28 12:00:00,33.965,33.965,33.965,33.965,1260.0,FNF
2023-03-28 11:59:00,33.94,33.95,33.94,33.95,1274.0,FNF
2023-03-28 11:58:00,33.95,33.95,33.95,33.95,1018.0,FNF
2023-03-28 11:57:00,33.945,33.96,33.945,33.955,822.0,FNF
2023-03-28 11:55:00,33.94,33.9488,33.94,33.9488,646.0,FNF
2023-03-28 11:54:00,33.945,33.945,33.935,33.935,742.0,FNF
2023-03-28 11:53:00,33.945,33.945,33.944,33.944,265.0,FNF
2023-03-28 11:51:00,33.95,33.95,33.95,33.95,766.0,FNF
2023-03-28 11:50:00,33.94,33.94,33.94,33.94,385.0,FNF
2023-03-28 11:49:00,33.92,33.95,33.92,33.945,2282.0,FNF
2023-03-28 11:48:00,33.92,33.92,33.92,33.92,1527.0,FNF
2023-03-28 11:47:00,33.935,33.935,33.93,33.93,470.0,FNF
2023-03-28 11:46:00,33.93,33.94,33.93,33.93,2249.0,FNF
2023-03-28 11:45:00,33.93,33.93,33.92,33.92,1117.0,FNF
2023-03-28 11:44:00,33.9206,33.93,33.9206,33.93,407.0,FNF
2023-03-28 11:43:00,33.95,33.95,33.9225,33.9225,1428.0,FNF
2023-03-28 11:42:00,33.96,33.96,33.96,33.96,353.0,FNF
2023-03-28 11:41:00,33.9792,33.9792,33.95,33.95,1331.0,FNF
2023-03-28 11:40:00,33.97,33.975,33.97,33.975,613.0,FNF
2023-03-28 11:39:00,33.97,33.97,33.96,33.96,527.0,FNF
2023-03-28 11:38:00,33.98,33.98,33.97,33.97,991.0,FNF
2023-03-28 11:37:00,33.94,33.97,33.94,33.97,1748.0,FNF
2023-03-28 11:36:00,33.93,33.935,33.93,33.935,1014.0,FNF
2023-03-28 11:35:00,33.935,33.935,33.935,33.935,525.0,FNF
2023-03-28 11:34:00,33.95,33.95,33.92,33.93,1566.0,FNF
2023-03-28 11:33:00,33.9591,33.965,33.95,33.965,3367.0,FNF
2023-03-28 11:32:00,33.965,33.98,33.95,33.95,1898.0,FNF
2023-03-28 11:30:00,33.9715,33.99,33.9715,33.98,2701.0,FNF
2023-03-28 11:29:00,33.97,33.97,33.955,33.96,1347.0,FNF
2023-03-28 11:27:00,34.005,34.005,33.99,33.99,753.0,FNF
2023-03-28 11:26:00,34.02,34.02,34.005,34.005,1491.0,FNF
2023-03-28 11:24:00,34.04,34.04,34.03,34.03,2533.0,FNF
2023-03-28 11:23:00,34.0,34.04,34.0,34.04,3603.0,FNF
2023-03-28 11:22:00,33.99,33.99,33.99,33.99,466.0,FNF
2023-03-28 11:21:00,33.96,33.99,33.96,33.99,2058.0,FNF
2023-03-28 11:20:00,33.97,33.97,33.955,33.955,1852.0,FNF
2023-03-28 11:19:00,33.945,33.96,33.945,33.96,1398.0,FNF
2023-03-28 11:18:00,33.94,33.95,33.94,33.94,663.0,FNF
2023-03-28 11:17:00,33.97,33.98,33.96,33.96,2162.0,FNF
2023-03-28 11:16:00,33.9699,33.9699,33.9601,33.9601,1251.0,FNF
2023-03-28 11:15:00,33.98,33.98,33.95,33.9523,3611.0,FNF
2023-03-28 11:14:00,33.98,33.99,33.98,33.98,6943.0,FNF
2023-03-28 11:12:00,33.97,33.99,33.96,33.98,10875.0,FNF
2023-03-28 11:11:00,33.99,33.99,33.9686,33.9686,3236.0,FNF
2023-03-28 11:10:00,34.01,34.01,33.99,33.99,985.0,FNF
2023-03-28 11:09:00,34.005,34.005,34.0,34.0,525.0,FNF
2023-03-28 11:08:00,34.03,34.03,34.005,34.005,722.0,FNF
2023-03-28 11:07:00,34.01,34.04,34.01,34.0333,1842.0,FNF
2023-03-28 11:06:00,34.0,34.01,33.99,34.0,1503.0,FNF
2023-03-28 11:05:00,34.01,34.01,34.0,34.01,929.0,FNF
2023-03-28 11:04:00,34.03,34.03,34.02,34.02,856.0,FNF
2023-03-28 11:02:00,34.03,34.0327,34.03,34.0327,650.0,FNF
2023-03-28 11:01:00,34.0,34.0,34.0,34.0,363.0,FNF
2023-03-28 11:00:00,33.98,34.01,33.98,34.01,4813.0,FNF
2023-03-28 10:59:00,33.98,33.98,33.98,33.98,514.0,FNF
2023-03-28 10:58:00,33.99,33.99,33.98,33.98,366.0,FNF
2023-03-28 10:57:00,34.0,34.02,34.0,34.01,1384.0,FNF
2023-03-28 10:56:00,34.0,34.0,34.0,34.0,1463.0,FNF
2023-03-28 10:55:00,34.0216,34.0216,34.0026,34.01,1091.0,FNF
2023-03-28 10:54:00,34.01,34.02,34.0,34.02,2220.0,FNF
2023-03-28 10:53:00,34.01,34.015,34.0,34.0,2234.0,FNF
2023-03-28 10:52:00,33.99,34.0,33.98,34.0,1774.0,FNF
2023-03-28 10:51:00,33.99,34.0,33.98,33.99,1798.0,FNF
2023-03-28 10:50:00,33.95,33.98,33.95,33.98,1482.0,FNF
2023-03-28 10:49:00,33.96,33.96,33.95,33.95,1123.0,FNF
2023-03-28 10:48:00,33.9437,33.9469,33.9437,33.9469,761.0,FNF
2023-03-28 10:47:00,33.93,33.93,33.93,33.93,369.0,FNF
2023-03-28 10:46:00,33.935,33.94,33.91,33.94,2600.0,FNF
2023-03-28 10:45:00,33.91,33.92,33.91,33.92,763.0,FNF
2023-03-28 10:44:00,33.92,33.92,33.91,33.91,981.0,FNF
2023-03-28 10:43:00,33.9,33.9,33.9,33.9,684.0,FNF
2023-03-28 10:42:00,33.9,33.9,33.9,33.9,1051.0,FNF
2023-03-28 10:41:00,33.91,33.91,33.9069,33.91,589.0,FNF
2023-03-28 10:39:00,33.88,33.895,33.88,33.89,1548.0,FNF
2023-03-28 10:38:00,33.92,33.92,33.8977,33.8977,1326.0,FNF
2023-03-28 10:37:00,33.93,33.94,33.93,33.93,1397.0,FNF
2023-03-28 10:36:00,33.935,33.94,33.92,33.925,890.0,FNF
2023-03-28 10:35:00,33.88,33.92,33.88,33.92,2399.0,FNF
2023-03-28 10:34:00,33.93,33.93,33.89,33.9,2168.0,FNF
2023-03-28 10:33:00,33.92,33.94,33.92,33.94,937.0,FNF
2023-03-28 10:32:00,33.935,33.94,33.92,33.92,922.0,FNF
2023-03-28 10:31:00,33.94,33.97,33.91,33.93,3551.0,FNF
2023-03-28 10:30:00,33.926,33.94,33.926,33.94,973.0,FNF
2023-03-28 10:29:00,33.9,33.93,33.88,33.92,6327.0,FNF
2023-03-28 10:28:00,33.9,33.9,33.9,33.9,486.0,FNF
2023-03-28 10:27:00,33.9,33.9,33.8806,33.8806,3213.0,FNF
2023-03-28 10:26:00,33.91,33.91,33.9,33.905,1811.0,FNF
2023-03-28 10:25:00,33.9,33.92,33.9,33.92,1136.0,FNF
2023-03-28 10:24:00,33.9,33.9,33.88,33.88,3150.0,FNF
2023-03-28 10:23:00,33.92,33.92,33.89,33.91,3588.0,FNF
2023-03-28 10:22:00,33.95,33.95,33.89,33.915,2783.0,FNF
2023-03-28 10:21:00,33.96,33.96,33.95,33.95,523.0,FNF
2023-03-28 10:20:00,33.955,33.96,33.93,33.95,1933.0,FNF
2023-03-28 10:19:00,33.975,33.975,33.95,33.95,1812.0,FNF
2023-03-28 10:18:00,33.97,33.98,33.97,33.97,1027.0,FNF
2023-03-28 10:17:00,33.98,33.99,33.965,33.965,1754.0,FNF
2023-03-28 10:16:00,33.99,33.99,33.985,33.985,833.0,FNF
2023-03-28 10:15:00,33.99,33.99,33.99,33.99,574.0,FNF
2023-03-28 10:14:00,33.97,33.99,33.97,33.99,422.0,FNF
2023-03-28 10:13:00,33.99,33.99,33.97,33.98,1988.0,FNF
2023-03-28 10:12:00,33.99,34.0,33.98,33.99,2671.0,FNF
2023-03-28 10:11:00,33.96,34.0,33.96,33.99,4716.0,FNF
2023-03-28 10:10:00,34.0,34.0,33.97,33.98,5391.0,FNF
2023-03-28 10:09:00,34.0,34.02,34.0,34.01,932.0,FNF
2023-03-28 10:08:00,33.98,33.99,33.96,33.99,2711.0,FNF
2023-03-28 10:07:00,33.98,33.98,33.98,33.98,369.0,FNF
2023-03-28 10:06:00,33.9922,33.9922,33.98,33.98,1132.0,FNF
2023-03-28 10:05:00,33.99,34.01,33.99,34.0,2477.0,FNF
2023-03-28 10:04:00,34.0,34.0,33.99,33.99,635.0,FNF
2023-03-28 10:03:00,33.99,34.0,33.99,34.0,707.0,FNF
2023-03-28 10:02:00,33.955,33.98,33.94,33.98,3550.0,FNF
2023-03-28 10:01:00,33.98,33.98,33.95,33.95,339.0,FNF
2023-03-28 10:00:00,33.97,33.995,33.97,33.995,434.0,FNF
2023-03-28 09:59:00,33.995,33.995,33.97,33.97,2315.0,FNF
2023-03-28 09:58:00,33.945,33.98,33.945,33.98,3972.0,FNF
2023-03-28 09:57:00,34.05,34.05,33.94,33.94,6419.0,FNF
2023-03-28 09:56:00,34.05,34.05,34.04,34.05,1537.0,FNF
2023-03-28 09:55:00,34.03,34.04,34.03,34.04,1055.0,FNF
2023-03-28 09:54:00,34.03,34.03,34.02,34.02,382.0,FNF
2023-03-28 09:53:00,34.0011,34.01,34.0,34.01,712.0,FNF
2023-03-28 09:52:00,34.0096,34.0096,34.0096,34.0096,694.0,FNF
2023-03-28 09:51:00,33.98,33.98,33.97,33.98,771.0,FNF
2023-03-28 09:50:00,33.96,33.99,33.96,33.965,1648.0,FNF
2023-03-28 09:49:00,33.95,33.95,33.94,33.94,2047.0,FNF
2023-03-28 09:48:00,33.9525,33.97,33.93,33.965,7608.0,FNF
2023-03-28 09:47:00,33.98,33.98,33.965,33.965,1066.0,FNF
2023-03-28 09:46:00,33.95,34.0199,33.95,34.0199,760.0,FNF
2023-03-28 09:45:00,33.96,33.96,33.93,33.935,2035.0,FNF
2023-03-28 09:44:00,33.96,33.98,33.96,33.97,882.0,FNF
2023-03-28 09:43:00,33.95,33.95,33.95,33.95,301.0,FNF
2023-03-28 09:42:00,33.93,33.97,33.93,33.97,536.0,FNF
2023-03-28 09:41:00,33.995,33.995,33.965,33.99,1541.0,FNF
2023-03-28 09:40:00,34.005,34.005,34.005,34.005,248.0,FNF
2023-03-28 09:39:00,33.99,34.01,33.985,34.01,603.0,FNF
2023-03-28 09:38:00,33.96,33.96,33.96,33.96,1168.0,FNF
2023-03-28 09:37:00,33.95,33.99,33.95,33.99,616.0,FNF
2023-03-28 09:36:00,33.9,33.92,33.9,33.92,918.0,FNF
2023-03-28 09:35:00,33.87,33.87,33.87,33.87,405.0,FNF
2023-03-28 09:34:00,33.875,33.875,33.79,33.79,1102.0,FNF
2023-03-28 09:33:00,33.88,33.88,33.88,33.88,113.0,FNF
2023-03-28 09:32:00,33.83,33.85,33.77,33.845,4375.0,FNF
2023-03-28 09:31:00,33.98,33.98,33.895,33.895,13946.0,FNF
2023-03-28 09:30:00,33.92,33.92,33.92,33.92,525.0,FNF
2023-03-28 09:29:00,33.92,33.92,33.92,33.92,100.0,FNF
2023-03-28 04:10:00,33.99,33.99,33.99,33.99,300.0,FNF
2023-03-27 16:07:00,33.93,33.93,33.93,33.93,68017.0,FNF
2023-03-27 16:02:00,33.93,33.93,33.93,33.93,2034.0,FNF
2023-03-27 16:01:00,33.93,33.93,33.93,33.93,242406.0,FNF
2023-03-27 16:00:00,33.995,34.0275,33.93,33.93,130003.0,FNF
2023-03-27 15:59:00,33.985,34.005,33.985,33.995,23991.0,FNF
2023-03-27 15:58:00,33.99,34.0,33.98,33.995,48552.0,FNF
2023-03-27 15:57:00,34.03,34.04,33.98,33.985,32886.0,FNF
2023-03-27 15:56:00,34.02,34.04,34.015,34.03,25344.0,FNF
2023-03-27 15:55:00,34.05,34.055,34.02,34.02,21578.0,FNF
2023-03-27 15:54:00,34.04,34.085,34.04,34.06,18027.0,FNF
2023-03-27 15:53:00,34.03,34.04,34.02,34.035,19304.0,FNF
2023-03-27 15:52:00,34.045,34.0488,34.03,34.04,9589.0,FNF
2023-03-27 15:51:00,34.03,34.04,34.005,34.04,23532.0,FNF
2023-03-27 15:50:00,34.04,34.04,34.03,34.035,11429.0,FNF
2023-03-27 15:49:00,34.08,34.08,34.03,34.035,13826.0,FNF
2023-03-27 15:48:00,34.08,34.08,34.07,34.072,8352.0,FNF
2023-03-27 15:47:00,34.09,34.09,34.06,34.07,10369.0,FNF
2023-03-27 15:46:00,34.08,34.09,34.08,34.09,8395.0,FNF
2023-03-27 15:45:00,34.095,34.1,34.09,34.09,4641.0,FNF
2023-03-27 15:44:00,34.095,34.1,34.075,34.09,11831.0,FNF
2023-03-27 15:43:00,34.1,34.11,34.095,34.1,7657.0,FNF
2023-03-27 15:42:00,34.1,34.1,34.09,34.1,2381.0,FNF
2023-03-27 15:41:00,34.0984,34.1,34.0845,34.095,4223.0,FNF
2023-03-27 15:40:00,34.09,34.105,34.09,34.095,5262.0,FNF
2023-03-27 15:39:00,34.075,34.09,34.075,34.08,7463.0,FNF
2023-03-27 15:38:00,34.095,34.095,34.06,34.075,7187.0,FNF
2023-03-27 15:37:00,34.13,34.135,34.095,34.095,3300.0,FNF
2023-03-27 15:36:00,34.13,34.15,34.125,34.135,6641.0,FNF
2023-03-27 15:35:00,34.125,34.13,34.12,34.125,6164.0,FNF
2023-03-27 15:34:00,34.135,34.135,34.115,34.125,10931.0,FNF
2023-03-27 15:33:00,34.14,34.14,34.125,34.135,9386.0,FNF
2023-03-27 15:32:00,34.135,34.14,34.135,34.135,1738.0,FNF
2023-03-27 15:31:00,34.135,34.15,34.13,34.135,11825.0,FNF
2023-03-27 15:30:00,34.14,34.14,34.13,34.135,4625.0,FNF
2023-03-27 15:29:00,34.12,34.14,34.12,34.14,4267.0,FNF
2023-03-27 15:28:00,34.09,34.12,34.09,34.12,3020.0,FNF
2023-03-27 15:27:00,34.09,34.095,34.08,34.09,3740.0,FNF
2023-03-27 15:26:00,34.12,34.12,34.1,34.1,3366.0,FNF
2023-03-27 15:25:00,34.09,34.13,34.09,34.12,1969.0,FNF
2023-03-27 15:24:00,34.09,34.105,34.09,34.09,3337.0,FNF
2023-03-27 15:23:00,34.08,34.09,34.08,34.09,1666.0,FNF
2023-03-27 15:22:00,34.06,34.08,34.06,34.08,3966.0,FNF
2023-03-27 15:21:00,34.06,34.07,34.055,34.055,4478.0,FNF
2023-03-27 15:20:00,34.065,34.065,34.05,34.055,1978.0,FNF
2023-03-27 15:19:00,34.1,34.1,34.08,34.08,5520.0,FNF
2023-03-27 15:18:00,34.1,34.11,34.1,34.1,4097.0,FNF
2023-03-27 15:17:00,34.09,34.09,34.075,34.09,2831.0,FNF
2023-03-27 15:16:00,34.1,34.105,34.095,34.095,2815.0,FNF
2023-03-27 15:15:00,34.09,34.105,34.09,34.105,2190.0,FNF
2023-03-27 15:14:00,34.09,34.0987,34.09,34.09,1637.0,FNF
2023-03-27 15:13:00,34.096,34.096,34.08,34.09,3433.0,FNF
2023-03-27 15:12:00,34.1,34.1,34.095,34.1,1149.0,FNF
2023-03-27 15:11:00,34.06,34.1,34.06,34.1,6301.0,FNF
2023-03-27 15:10:00,34.065,34.085,34.055,34.055,3306.0,FNF
2023-03-27 15:09:00,34.12,34.12,34.06,34.06,5385.0,FNF
2023-03-27 15:08:00,34.115,34.125,34.11,34.12,4605.0,FNF
2023-03-27 15:07:00,34.12,34.125,34.11,34.12,2825.0,FNF
2023-03-27 15:06:00,34.13,34.13,34.115,34.12,4291.0,FNF
2023-03-27 15:05:00,34.15,34.16,34.12,34.135,13007.0,FNF
2023-03-27 15:04:00,34.15,34.15,34.14,34.15,2531.0,FNF
2023-03-27 15:03:00,34.13,34.15,34.13,34.15,3590.0,FNF
2023-03-27 15:02:00,34.11,34.12,34.11,34.12,1230.0,FNF
2023-03-27 15:01:00,34.09,34.11,34.085,34.1,1896.0,FNF
2023-03-27 15:00:00,34.085,34.095,34.085,34.09,1932.0,FNF
2023-03-27 14:59:00,34.07,34.1,34.07,34.1,1522.0,FNF
2023-03-27 14:58:00,34.045,34.06,34.0401,34.06,2649.0,FNF
2023-03-27 14:57:00,34.055,34.055,34.04,34.04,2206.0,FNF
2023-03-27 14:56:00,34.06,34.07,34.06,34.065,2034.0,FNF
2023-03-27 14:55:00,34.069,34.07,34.06,34.06,1057.0,FNF
2023-03-27 14:54:00,34.075,34.075,34.05,34.06,2614.0,FNF
2023-03-27 14:53:00,34.095,34.095,34.08,34.08,1071.0,FNF
2023-03-27 14:52:00,34.075,34.095,34.075,34.095,1193.0,FNF
2023-03-27 14:51:00,34.11,34.11,34.08,34.08,4829.0,FNF
2023-03-27 14:50:00,34.105,34.11,34.1,34.11,3084.0,FNF
2023-03-27 14:49:00,34.11,34.115,34.1,34.1,4255.0,FNF
2023-03-27 14:48:00,34.12,34.13,34.12,34.13,868.0,FNF
2023-03-27 14:47:00,34.13,34.13,34.11,34.11,3036.0,FNF
2023-03-27 14:46:00,34.12,34.12,34.12,34.12,542.0,FNF
2023-03-27 14:45:00,34.125,34.125,34.11,34.12,2037.0,FNF
2023-03-27 14:44:00,34.1201,34.1299,34.1201,34.1299,1340.0,FNF
2023-03-27 14:43:00,34.1,34.11,34.1,34.11,1406.0,FNF
2023-03-27 14:42:00,34.1,34.105,34.1,34.1,2497.0,FNF
2023-03-27 14:41:00,34.11,34.11,34.1,34.1,2731.0,FNF
2023-03-27 14:40:00,34.115,34.115,34.105,34.11,2459.0,FNF
2023-03-27 14:39:00,34.1,34.12,34.1,34.1165,1454.0,FNF
2023-03-27 14:38:00,34.09,34.0989,34.09,34.0989,1717.0,FNF
2023-03-27 14:37:00,34.075,34.09,34.075,34.09,844.0,FNF
2023-03-27 14:36:00,34.06,34.07,34.055,34.07,1509.0,FNF
2023-03-27 14:35:00,34.06,34.065,34.06,34.06,1570.0,FNF
2023-03-27 14:34:00,34.0676,34.07,34.06,34.06,1122.0,FNF
2023-03-27 14:33:00,34.065,34.07,34.06,34.07,1189.0,FNF
2023-03-27 14:32:00,34.06,34.06,34.06,34.06,623.0,FNF
2023-03-27 14:31:00,34.05,34.065,34.0499,34.06,3785.0,FNF
2023-03-27 14:30:00,34.035,34.05,34.035,34.05,1118.0,FNF
2023-03-27 14:29:00,34.055,34.055,34.04,34.04,1386.0,FNF
2023-03-27 14:28:00,34.06,34.06,34.0599,34.06,957.0,FNF
2023-03-27 14:27:00,34.06,34.07,34.06,34.06,2855.0,FNF
2023-03-27 14:26:00,34.045,34.05,34.045,34.05,951.0,FNF
2023-03-27 14:25:00,34.045,34.05,34.044,34.045,1455.0,FNF
2023-03-27 14:24:00,34.04,34.05,34.04,34.04,1273.0,FNF
2023-03-27 14:23:00,34.02,34.04,34.02,34.04,1878.0,FNF
2023-03-27 14:22:00,34.03,34.03,34.015,34.015,932.0,FNF
2023-03-27 14:21:00,34.02,34.025,34.015,34.0247,1195.0,FNF
2023-03-27 14:20:00,34.015,34.02,34.015,34.02,2544.0,FNF
2023-03-27 14:19:00,34.025,34.025,34.01,34.02,1956.0,FNF
2023-03-27 14:18:00,34.05,34.05,34.021,34.0234,3433.0,FNF
2023-03-27 14:17:00,34.03,34.05,34.03,34.05,867.0,FNF
2023-03-27 14:16:00,34.035,34.035,34.02,34.025,4645.0,FNF
2023-03-27 14:15:00,34.03,34.04,34.03,34.04,1340.0,FNF
2023-03-27 14:14:00,34.025,34.03,34.022,34.03,666.0,FNF
2023-03-27 14:13:00,34.025,34.0375,34.025,34.03,700.0,FNF
2023-03-27 14:12:00,34.03,34.03,34.02,34.02,2045.0,FNF
2023-03-27 14:11:00,34.02,34.025,34.02,34.02,1650.0,FNF
2023-03-27 14:10:00,34.015,34.025,34.015,34.025,1155.0,FNF
2023-03-27 14:09:00,34.02,34.02,34.01,34.01,2101.0,FNF
2023-03-27 14:08:00,34.02,34.03,34.02,34.03,2021.0,FNF
2023-03-27 14:07:00,34.03,34.03,34.02,34.025,1713.0,FNF
2023-03-27 14:06:00,34.01,34.02,34.001,34.02,1866.0,FNF
2023-03-27 14:05:00,34.02,34.02,34.015,34.015,324.0,FNF
2023-03-27 14:04:00,33.995,34.02,33.995,34.02,1526.0,FNF
2023-03-27 14:03:00,34.0,34.01,33.995,33.995,1935.0,FNF
2023-03-27 14:02:00,33.99,34.01,33.99,34.0002,4008.0,FNF
2023-03-27 14:01:00,34.01,34.01,33.98,34.0,6432.0,FNF
2023-03-27 14:00:00,34.01,34.01,34.0,34.01,2074.0,FNF
2023-03-27 13:59:00,34.03,34.03,34.01,34.01,2295.0,FNF
2023-03-27 13:58:00,34.065,34.065,34.03,34.03,2044.0,FNF
2023-03-27 13:57:00,34.09,34.09,34.065,34.065,3297.0,FNF
2023-03-27 13:56:00,34.075,34.085,34.075,34.085,1058.0,FNF
2023-03-27 13:55:00,34.11,34.115,34.1,34.1,1432.0,FNF
2023-03-27 13:54:00,34.1439,34.1439,34.105,34.11,2087.0,FNF
2023-03-27 13:53:00,34.155,34.155,34.14,34.15,2178.0,FNF
2023-03-27 13:51:00,34.15,34.165,34.15,34.155,2677.0,FNF
2023-03-27 13:50:00,34.165,34.1689,34.15,34.15,2489.0,FNF
2023-03-27 13:49:00,34.17,34.18,34.16,34.16,2037.0,FNF
2023-03-27 13:48:00,34.17,34.18,34.17,34.18,914.0,FNF
2023-03-27 13:47:00,34.17,34.175,34.17,34.175,497.0,FNF
2023-03-27 13:46:00,34.165,34.165,34.16,34.16,537.0,FNF
2023-03-27 13:45:00,34.1588,34.17,34.15,34.17,1438.0,FNF
2023-03-27 13:44:00,34.16,34.16,34.15,34.159,692.0,FNF
2023-03-27 13:43:00,34.17,34.17,34.1621,34.1621,2903.0,FNF
2023-03-27 13:42:00,34.155,34.17,34.155,34.17,1255.0,FNF
2023-03-27 13:41:00,34.15,34.16,34.15,34.15,2443.0,FNF
2023-03-27 13:40:00,34.12,34.15,34.12,34.15,1951.0,FNF
2023-03-27 13:39:00,34.125,34.125,34.12,34.12,4594.0,FNF
2023-03-27 13:38:00,34.11,34.125,34.1,34.12,30767.0,FNF
2023-03-27 13:37:00,34.13,34.13,34.11,34.115,31866.0,FNF
2023-03-27 13:36:00,34.14,34.14,34.13,34.13,553.0,FNF
2023-03-27 13:35:00,34.14,34.14,34.13,34.13,1629.0,FNF
2023-03-27 13:34:00,34.15,34.15,34.13,34.13,2882.0,FNF
2023-03-27 13:33:00,34.14,34.14,34.14,34.14,649.0,FNF
2023-03-27 13:32:00,34.15,34.15,34.135,34.135,1370.0,FNF
2023-03-27 13:31:00,34.15,34.15,34.15,34.15,1069.0,FNF
2023-03-27 13:30:00,34.13,34.13,34.13,34.13,1497.0,FNF
2023-03-27 13:29:00,34.135,34.14,34.135,34.14,1307.0,FNF
2023-03-27 13:28:00,34.15,34.15,34.14,34.15,1414.0,FNF
2023-03-27 13:27:00,34.13,34.16,34.13,34.15,4135.0,FNF
2023-03-27 13:26:00,34.14,34.14,34.13,34.13,1180.0,FNF
2023-03-27 13:25:00,34.131,34.14,34.13,34.14,1307.0,FNF
2023-03-27 13:24:00,34.15,34.15,34.15,34.15,497.0,FNF
2023-03-27 13:23:00,34.16,34.17,34.16,34.16,755.0,FNF
2023-03-27 13:22:00,34.12,34.14,34.12,34.14,1795.0,FNF
2023-03-27 13:21:00,34.14,34.14,34.12,34.12,3565.0,FNF
2023-03-27 13:20:00,34.14,34.145,34.14,34.145,522.0,FNF
2023-03-27 13:19:00,34.12,34.14,34.12,34.14,554.0,FNF
2023-03-27 13:18:00,34.11,34.1274,34.11,34.125,2728.0,FNF
2023-03-27 13:17:00,34.11,34.115,34.09,34.115,7555.0,FNF
2023-03-27 13:16:00,34.1,34.12,34.09,34.1,4328.0,FNF
2023-03-27 13:14:00,34.12,34.12,34.1,34.1,4320.0,FNF
2023-03-27 13:13:00,34.105,34.13,34.105,34.12,1849.0,FNF
2023-03-27 13:12:00,34.125,34.125,34.09,34.105,18003.0,FNF
2023-03-27 13:11:00,34.12,34.13,34.12,34.12,1406.0,FNF
2023-03-27 13:10:00,34.122,34.125,34.11,34.12,5536.0,FNF
2023-03-27 13:09:00,34.13,34.13,34.1242,34.125,1033.0,FNF
2023-03-27 13:08:00,34.125,34.13,34.115,34.12,2249.0,FNF
2023-03-27 13:07:00,34.11,34.12,34.11,34.12,2633.0,FNF
2023-03-27 13:06:00,34.11,34.12,34.105,34.115,2056.0,FNF
2023-03-27 13:05:00,34.12,34.12,34.11,34.12,1341.0,FNF
2023-03-27 13:04:00,34.105,34.13,34.105,34.13,1582.0,FNF
2023-03-27 13:03:00,34.1,34.105,34.09,34.09,1254.0,FNF
2023-03-27 13:02:00,34.1,34.1,34.09,34.09,1372.0,FNF
2023-03-27 13:01:00,34.1,34.1,34.1,34.1,520.0,FNF
2023-03-27 13:00:00,34.075,34.1,34.075,34.1,816.0,FNF
2023-03-27 12:59:00,34.08,34.08,34.07,34.071,1175.0,FNF
2023-03-27 12:58:00,34.095,34.1,34.09,34.1,1372.0,FNF
2023-03-27 12:57:00,34.08,34.08,34.07,34.08,2414.0,FNF
2023-03-27 12:56:00,34.08,34.08,34.07,34.08,1061.0,FNF
2023-03-27 12:55:00,34.07,34.08,34.07,34.08,1012.0,FNF
2023-03-27 12:54:00,34.085,34.085,34.07,34.07,1017.0,FNF
2023-03-27 12:53:00,34.09,34.09,34.07,34.08,808.0,FNF
2023-03-27 12:52:00,34.1,34.105,34.08,34.1,2273.0,FNF
2023-03-27 12:51:00,34.085,34.11,34.085,34.1,3506.0,FNF
2023-03-27 12:50:00,34.085,34.09,34.085,34.09,773.0,FNF
2023-03-27 12:49:00,34.06,34.08,34.06,34.08,2086.0,FNF
2023-03-27 12:48:00,34.055,34.055,34.05,34.05,213.0,FNF
2023-03-27 12:47:00,34.05,34.05,34.04,34.05,1581.0,FNF
2023-03-27 12:46:00,34.07,34.08,34.06,34.06,4643.0,FNF
2023-03-27 12:45:00,34.05,34.07,34.05,34.07,677.0,FNF
2023-03-27 12:44:00,34.07,34.07,34.05,34.05,555.0,FNF
2023-03-27 12:43:00,34.06,34.06,34.06,34.06,738.0,FNF
2023-03-27 12:42:00,34.055,34.06,34.05,34.055,976.0,FNF
2023-03-27 12:41:00,34.0582,34.07,34.05,34.07,1834.0,FNF
2023-03-27 12:40:00,34.06,34.06,34.05,34.053,1411.0,FNF
2023-03-27 12:39:00,34.04,34.045,34.04,34.045,2837.0,FNF
2023-03-27 12:38:00,34.075,34.075,34.05,34.07,1692.0,FNF
2023-03-27 12:37:00,34.04,34.06,34.04,34.05,3312.0,FNF
2023-03-27 12:36:00,34.035,34.05,34.03,34.05,2054.0,FNF
2023-03-27 12:35:00,34.03,34.0377,34.03,34.03,1270.0,FNF
2023-03-27 12:34:00,34.03,34.03,34.03,34.03,667.0,FNF
2023-03-27 12:33:00,34.04,34.04,34.04,34.04,696.0,FNF
2023-03-27 12:32:00,34.04,34.05,34.04,34.05,579.0,FNF
2023-03-27 12:31:00,34.02,34.03,34.02,34.03,602.0,FNF
2023-03-27 12:30:00,34.025,34.025,34.01,34.0176,760.0,FNF
2023-03-27 12:29:00,34.025,34.0266,34.02,34.02,500.0,FNF
2023-03-27 12:28:00,34.0,34.01,34.0,34.01,908.0,FNF
2023-03-27 12:27:00,34.01,34.01,33.985,34.0,9980.0,FNF
2023-03-27 12:26:00,34.015,34.015,34.015,34.015,641.0,FNF
2023-03-27 12:25:00,34.025,34.025,34.025,34.025,348.0,FNF
2023-03-27 12:24:00,34.0,34.0,34.0,34.0,733.0,FNF
2023-03-27 12:23:00,34.0,34.0,33.98,33.98,665.0,FNF
2023-03-27 12:22:00,34.0,34.0,33.99,33.99,1307.0,FNF
2023-03-27 12:21:00,34.01,34.01,34.0,34.0,1392.0,FNF
2023-03-27 12:20:00,34.03,34.03,34.02,34.02,996.0,FNF
2023-03-27 12:19:00,34.05,34.05,34.02,34.02,2565.0,FNF
2023-03-27 12:18:00,34.005,34.03,34.005,34.03,1348.0,FNF
2023-03-27 12:17:00,34.0,34.0,34.0,34.0,507.0,FNF
2023-03-27 12:16:00,33.94,33.96,33.94,33.96,962.0,FNF
2023-03-27 12:15:00,33.93,33.94,33.93,33.94,649.0,FNF
2023-03-27 12:14:00,33.93,33.93,33.93,33.93,698.0,FNF
2023-03-27 12:13:00,33.92,33.92,33.91,33.91,909.0,FNF
2023-03-27 12:12:00,33.915,33.9253,33.915,33.9253,604.0,FNF
2023-03-27 12:11:00,33.925,33.93,33.91,33.91,1905.0,FNF
2023-03-27 12:10:00,33.92,33.925,33.92,33.92,545.0,FNF
2023-03-27 12:09:00,33.91,33.91,33.895,33.9,1500.0,FNF
2023-03-27 12:08:00,33.9,33.91,33.9,33.9,445.0,FNF
2023-03-27 12:07:00,33.9,33.9,33.9,33.9,798.0,FNF
2023-03-27 12:06:00,33.98,33.98,33.9,33.9,11532.0,FNF
2023-03-27 12:05:00,33.99,34.0,33.9835,33.99,4712.0,FNF
2023-03-27 12:03:00,33.96,33.96,33.955,33.955,414.0,FNF
2023-03-27 12:02:00,33.91,33.945,33.91,33.945,3055.0,FNF
2023-03-27 12:01:00,33.89,33.89,33.88,33.89,1245.0,FNF
2023-03-27 11:59:00,33.89,33.905,33.89,33.905,680.0,FNF
2023-03-27 11:58:00,33.9001,33.925,33.9,33.9,4765.0,FNF
2023-03-27 11:57:00,33.87,33.89,33.87,33.89,1031.0,FNF
2023-03-27 11:56:00,33.9,33.9,33.88,33.88,1413.0,FNF
2023-03-27 11:55:00,33.9,33.9,33.9,33.9,430.0,FNF
2023-03-27 11:54:00,33.905,33.91,33.89,33.89,2317.0,FNF
2023-03-27 11:53:00,33.935,33.94,33.92,33.92,1399.0,FNF
2023-03-27 11:52:00,33.94,33.9415,33.94,33.94,1460.0,FNF
2023-03-27 11:51:00,33.92,33.935,33.91,33.935,1394.0,FNF
2023-03-27 11:50:00,33.91,33.92,33.91,33.92,2290.0,FNF
2023-03-27 11:48:00,33.9,33.9,33.9,33.9,937.0,FNF
2023-03-27 11:47:00,33.9,33.9,33.9,33.9,310.0,FNF
2023-03-27 11:46:00,33.895,33.905,33.895,33.9,900.0,FNF
2023-03-27 11:45:00,33.9,33.91,33.89,33.91,1635.0,FNF
2023-03-27 11:43:00,33.9,33.9,33.89,33.89,1452.0,FNF
2023-03-27 11:42:00,33.91,33.915,33.9,33.9,1771.0,FNF
2023-03-27 11:41:00,33.91,33.91,33.905,33.905,395.0,FNF
2023-03-27 11:40:00,33.895,33.9,33.895,33.9,1426.0,FNF
2023-03-27 11:39:00,33.89,33.895,33.88,33.89,1885.0,FNF
2023-03-27 11:38:00,33.885,33.9,33.88,33.9,2085.0,FNF
2023-03-27 11:37:00,33.88,33.89,33.88,33.89,1542.0,FNF
2023-03-27 11:36:00,33.89,33.89,33.88,33.88,542.0,FNF
2023-03-27 11:35:00,33.88,33.88,33.87,33.87,695.0,FNF
2023-03-27 11:34:00,33.89,33.89,33.89,33.89,468.0,FNF
2023-03-27 11:33:00,33.9,33.9,33.875,33.89,2671.0,FNF
2023-03-27 11:32:00,33.91,33.91,33.88,33.9,4215.0,FNF
2023-03-27 11:31:00,33.91,33.92,33.91,33.92,1307.0,FNF
2023-03-27 11:30:00,33.865,33.92,33.865,33.89,2482.0,FNF
2023-03-27 11:29:00,33.86,33.86,33.86,33.86,422.0,FNF
2023-03-27 11:28:00,33.86,33.86,33.86,33.86,321.0,FNF
2023-03-27 11:27:00,33.86,33.86,33.85,33.85,635.0,FNF
2023-03-27 11:26:00,33.845,33.87,33.845,33.87,1316.0,FNF
2023-03-27 11:25:00,33.84,33.84,33.83,33.8322,558.0,FNF
2023-03-27 11:24:00,33.8408,33.845,33.82,33.845,649.0,FNF
2023-03-27 11:23:00,33.84,33.84,33.82,33.83,1218.0,FNF
2023-03-27 11:22:00,33.86,33.86,33.84,33.85,3205.0,FNF
2023-03-27 11:21:00,33.81,33.825,33.81,33.825,1020.0,FNF
2023-03-27 11:20:00,33.82,33.82,33.795,33.81,15461.0,FNF
2023-03-27 11:19:00,33.8292,33.8292,33.805,33.82,1142.0,FNF
2023-03-27 11:18:00,33.83,33.83,33.81,33.81,2066.0,FNF
2023-03-27 11:17:00,33.84,33.84,33.83,33.83,1096.0,FNF
2023-03-27 11:16:00,33.83,33.84,33.83,33.84,1140.0,FNF
2023-03-27 11:15:00,33.83,33.8343,33.82,33.8343,1184.0,FNF
2023-03-27 11:14:00,33.84,33.855,33.835,33.855,1171.0,FNF
2023-03-27 11:13:00,33.82,33.83,33.82,33.83,1083.0,FNF
2023-03-27 11:12:00,33.84,33.84,33.835,33.835,893.0,FNF
2023-03-27 11:11:00,33.81,33.83,33.8,33.83,3302.0,FNF
2023-03-27 11:10:00,33.82,33.83,33.82,33.83,611.0,FNF
2023-03-27 11:09:00,33.855,33.855,33.83,33.83,3527.0,FNF
2023-03-27 11:08:00,33.83,33.85,33.83,33.85,573.0,FNF
2023-03-27 11:07:00,33.84,33.84,33.84,33.84,632.0,FNF
2023-03-27 11:06:00,33.83,33.83,33.82,33.83,655.0,FNF
2023-03-27 11:05:00,33.85,33.85,33.8359,33.8359,639.0,FNF
2023-03-27 11:03:00,33.805,33.83,33.805,33.83,665.0,FNF
2023-03-27 11:02:00,33.8,33.83,33.8,33.83,1806.0,FNF
2023-03-27 11:01:00,33.81,33.82,33.79,33.79,1801.0,FNF
2023-03-27 11:00:00,33.755,33.8,33.75,33.8,3892.0,FNF
2023-03-27 10:59:00,33.77,33.795,33.76,33.77,5955.0,FNF
2023-03-27 10:58:00,33.81,33.81,33.79,33.79,2264.0,FNF
2023-03-27 10:57:00,33.81,33.81,33.8,33.8,1324.0,FNF
2023-03-27 10:56:00,33.81,33.81,33.8,33.8,2159.0,FNF
2023-03-27 10:55:00,33.8,33.81,33.8,33.81,1090.0,FNF
2023-03-27 10:54:00,33.78,33.81,33.78,33.8,1256.0,FNF
2023-03-27 10:53:00,33.805,33.81,33.78,33.78,1581.0,FNF
2023-03-27 10:52:00,33.8082,33.8082,33.8082,33.8082,582.0,FNF
2023-03-27 10:51:00,33.75,33.79,33.75,33.79,1158.0,FNF
2023-03-27 10:50:00,33.74,33.74,33.74,33.74,704.0,FNF
2023-03-27 10:49:00,33.74,33.75,33.73,33.73,2227.0,FNF
2023-03-27 10:48:00,33.8007,33.805,33.75,33.76,3308.0,FNF
2023-03-27 10:47:00,33.735,33.802,33.735,33.802,5065.0,FNF
2023-03-27 10:46:00,33.75,33.77,33.7242,33.735,5341.0,FNF
2023-03-27 10:45:00,33.76,33.77,33.74,33.76,5247.0,FNF
2023-03-27 10:44:00,33.76,33.76,33.76,33.76,551.0,FNF
2023-03-27 10:43:00,33.78,33.78,33.74,33.76,5944.0,FNF
2023-03-27 10:42:00,33.75,33.78,33.75,33.78,2592.0,FNF
2023-03-27 10:41:00,33.74,33.76,33.71,33.75,10355.0,FNF
2023-03-27 10:39:00,33.75,33.75,33.72,33.73,463.0,FNF
2023-03-27 10:38:00,33.7105,33.72,33.7105,33.72,1022.0,FNF
2023-03-27 10:37:00,33.66,33.705,33.66,33.705,1876.0,FNF
2023-03-27 10:36:00,33.67,33.6899,33.65,33.65,1516.0,FNF
2023-03-27 10:35:00,33.66,33.66,33.65,33.65,450.0,FNF
2023-03-27 10:34:00,33.68,33.7,33.66,33.66,3871.0,FNF
2023-03-27 10:33:00,33.67,33.68,33.6625,33.68,2335.0,FNF
2023-03-27 10:32:00,33.655,33.6609,33.65,33.6609,966.0,FNF
2023-03-27 10:31:00,33.64,33.66,33.64,33.65,2224.0,FNF
2023-03-27 10:30:00,33.66,33.67,33.65,33.67,1227.0,FNF
2023-03-27 10:29:00,33.665,33.665,33.645,33.66,1549.0,FNF
2023-03-27 10:28:00,33.66,33.66,33.66,33.66,479.0,FNF
2023-03-27 10:27:00,33.65,33.67,33.6401,33.67,3575.0,FNF
2023-03-27 10:26:00,33.68,33.68,33.67,33.67,1046.0,FNF
2023-03-27 10:25:00,33.72,33.73,33.72,33.72,1735.0,FNF
2023-03-27 10:24:00,33.7,33.71,33.67,33.71,2966.0,FNF
2023-03-27 10:23:00,33.75,33.75,33.7,33.7,1388.0,FNF
2023-03-27 10:21:00,33.76,33.77,33.76,33.77,788.0,FNF
2023-03-27 10:20:00,33.72,33.76,33.71,33.74,5881.0,FNF
2023-03-27 10:19:00,33.73,33.73,33.7103,33.7103,2631.0,FNF
2023-03-27 10:18:00,33.77,33.77,33.7,33.71,13277.0,FNF
2023-03-27 10:17:00,33.76,33.7923,33.75,33.76,9926.0,FNF
2023-03-27 10:16:00,33.7,33.73,33.69,33.73,1258.0,FNF
2023-03-27 10:15:00,33.65,33.68,33.64,33.68,3207.0,FNF
2023-03-27 10:14:00,33.6605,33.67,33.655,33.655,1554.0,FNF
2023-03-27 10:13:00,33.63,33.64,33.63,33.64,1282.0,FNF
2023-03-27 10:12:00,33.6,33.63,33.6,33.63,1625.0,FNF
2023-03-27 10:11:00,33.59,33.6,33.58,33.585,2430.0,FNF
2023-03-27 10:10:00,33.6,33.6,33.58,33.58,437.0,FNF
2023-03-27 10:09:00,33.5713,33.59,33.56,33.59,1453.0,FNF
2023-03-27 10:08:00,33.57,33.6,33.57,33.59,1642.0,FNF
2023-03-27 10:07:00,33.6,33.6,33.55,33.56,1313.0,FNF
2023-03-27 10:06:00,33.62,33.62,33.595,33.61,3371.0,FNF
2023-03-27 10:05:00,33.7671,33.7792,33.64,33.64,8923.0,FNF
2023-03-27 10:04:00,33.72,33.78,33.71,33.76,9158.0,FNF
2023-03-27 10:03:00,33.72,33.72,33.69,33.72,4377.0,FNF
2023-03-27 10:02:00,33.72,33.74,33.71,33.7264,6386.0,FNF
2023-03-27 10:01:00,33.71,33.73,33.71,33.72,2735.0,FNF
2023-03-27 10:00:00,33.71,33.73,33.71,33.7177,1464.0,FNF
2023-03-27 09:59:00,33.635,33.72,33.635,33.72,2977.0,FNF
2023-03-27 09:58:00,33.64,33.65,33.6299,33.63,944.0,FNF
2023-03-27 09:57:00,33.71,33.71,33.64,33.64,1935.0,FNF
2023-03-27 09:56:00,33.71,33.71,33.71,33.71,444.0,FNF
2023-03-27 09:55:00,33.69,33.69,33.69,33.69,197.0,FNF
2023-03-27 09:54:00,33.83,33.83,33.73,33.76,2370.0,FNF
2023-03-27 09:53:00,33.8895,33.8895,33.83,33.83,1654.0,FNF
2023-03-27 09:52:00,33.88,33.88,33.88,33.88,440.0,FNF
2023-03-27 09:51:00,33.84,33.88,33.83,33.88,5282.0,FNF
2023-03-27 09:50:00,33.8571,33.88,33.85,33.85,2013.0,FNF
2023-03-27 09:49:00,33.85,33.89,33.83,33.85,11943.0,FNF
2023-03-27 09:48:00,33.83,33.84,33.8286,33.84,1978.0,FNF
2023-03-27 09:47:00,33.84,33.84,33.83,33.83,1285.0,FNF
2023-03-27 09:46:00,33.81,33.84,33.81,33.84,1719.0,FNF
2023-03-27 09:44:00,33.75,33.8,33.75,33.8,3177.0,FNF
2023-03-27 09:43:00,33.79,33.81,33.765,33.81,3533.0,FNF
2023-03-27 09:42:00,33.715,33.79,33.715,33.78,2483.0,FNF
2023-03-27 09:41:00,33.67,33.77,33.6501,33.77,6218.0,FNF
2023-03-27 09:40:00,33.71,33.71,33.64,33.64,1732.0,FNF
2023-03-27 09:39:00,33.755,33.76,33.7275,33.735,44866.0,FNF
2023-03-27 09:38:00,33.81,33.81,33.75,33.75,993.0,FNF
2023-03-27 09:37:00,33.8551,33.8551,33.8,33.8,598.0,FNF
2023-03-27 09:36:00,33.915,33.915,33.915,33.915,419.0,FNF
2023-03-27 09:35:00,34.0,34.01,33.945,33.945,1556.0,FNF
2023-03-27 09:34:00,33.9,33.99,33.78,33.96,34176.0,FNF
2023-03-24 16:38:00,33.5,33.5,33.5,33.5,200.0,FNF
2023-03-24 16:03:00,33.3301,33.3301,33.3301,33.3301,11552.0,FNF
2023-03-24 16:02:00,33.32,33.32,33.32,33.32,25266.0,FNF
2023-03-24 16:01:00,33.32,33.32,33.32,33.32,16371.0,FNF
2023-03-24 16:00:00,33.315,33.33,33.305,33.32,55874.0,FNF
2023-03-24 15:59:00,33.325,33.35,33.3,33.315,27270.0,FNF
2023-03-24 15:58:00,33.295,33.33,33.27,33.32,41961.0,FNF
2023-03-24 15:57:00,33.285,33.3,33.28,33.295,18529.0,FNF
2023-03-24 15:56:00,33.34,33.34,33.27,33.285,16540.0,FNF
2023-03-24 15:55:00,33.355,33.355,33.34,33.34,5970.0,FNF
2023-03-24 15:54:00,33.345,33.37,33.34,33.35,13026.0,FNF
2023-03-24 15:53:00,33.36,33.36,33.34,33.35,8827.0,FNF
2023-03-24 15:52:00,33.37,33.37,33.35,33.36,12620.0,FNF
2023-03-24 15:51:00,33.365,33.39,33.36,33.37,9082.0,FNF
2023-03-24 15:50:00,33.37,33.375,33.36,33.37,8205.0,FNF
2023-03-24 15:49:00,33.37,33.38,33.37,33.37,11968.0,FNF
2023-03-24 15:48:00,33.395,33.395,33.37,33.375,10345.0,FNF
2023-03-24 15:47:00,33.4,33.4,33.38,33.4,5421.0,FNF
2023-03-24 15:46:00,33.41,33.41,33.39,33.4,3893.0,FNF
2023-03-24 15:45:00,33.42,33.42,33.405,33.405,3883.0,FNF
2023-03-24 15:44:00,33.415,33.4342,33.415,33.4342,6130.0,FNF
2023-03-24 15:43:00,33.39,33.415,33.39,33.415,2897.0,FNF
2023-03-24 15:42:00,33.41,33.43,33.39,33.39,4200.0,FNF
2023-03-24 15:41:00,33.4,33.41,33.39,33.41,3648.0,FNF
2023-03-24 15:40:00,33.44,33.45,33.38,33.4,5240.0,FNF
2023-03-24 15:39:00,33.43,33.44,33.43,33.44,2742.0,FNF
2023-03-24 15:38:00,33.42,33.425,33.412,33.425,1595.0,FNF
2023-03-24 15:37:00,33.4,33.43,33.4,33.43,3239.0,FNF
2023-03-24 15:36:00,33.37,33.39,33.37,33.39,4752.0,FNF
2023-03-24 15:35:00,33.4,33.4,33.39,33.4,2529.0,FNF
2023-03-24 15:34:00,33.39,33.39,33.36,33.39,10434.0,FNF
2023-03-24 15:33:00,33.39,33.4084,33.39,33.39,1817.0,FNF
2023-03-24 15:32:00,33.37,33.39,33.37,33.39,6876.0,FNF
2023-03-24 15:31:00,33.37,33.38,33.37,33.37,1349.0,FNF
2023-03-24 15:30:00,33.37,33.38,33.365,33.37,4884.0,FNF
2023-03-24 15:29:00,33.315,33.37,33.315,33.365,3422.0,FNF
2023-03-24 15:28:00,33.33,33.335,33.315,33.32,10367.0,FNF
2023-03-24 15:27:00,33.32,33.33,33.305,33.325,7420.0,FNF
2023-03-24 15:26:00,33.33,33.339,33.315,33.32,13627.0,FNF
2023-03-24 15:25:00,33.33,33.335,33.32,33.33,19326.0,FNF
2023-03-24 15:24:00,33.31,33.33,33.3,33.33,12265.0,FNF
2023-03-24 15:23:00,33.29,33.3097,33.29,33.3,2224.0,FNF
2023-03-24 15:22:00,33.21,33.255,33.21,33.255,3762.0,FNF
2023-03-24 15:21:00,33.2,33.22,33.2,33.21,3298.0,FNF
2023-03-24 15:20:00,33.21,33.21,33.2,33.2,1667.0,FNF
2023-03-24 15:19:00,33.19,33.2,33.19,33.2,1460.0,FNF
2023-03-24 15:18:00,33.17,33.19,33.17,33.19,3239.0,FNF
2023-03-24 15:17:00,33.18,33.1856,33.175,33.175,3054.0,FNF
2023-03-24 15:16:00,33.18,33.18,33.18,33.18,977.0,FNF
2023-03-24 15:15:00,33.16,33.17,33.155,33.16,1199.0,FNF
2023-03-24 15:14:00,33.145,33.17,33.145,33.165,1958.0,FNF
2023-03-24 15:12:00,33.15,33.155,33.14,33.14,1597.0,FNF
2023-03-24 15:11:00,33.1331,33.14,33.1331,33.14,857.0,FNF
2023-03-24 15:10:00,33.1388,33.155,33.1388,33.15,1297.0,FNF
2023-03-24 15:09:00,33.15,33.155,33.14,33.14,2407.0,FNF
2023-03-24 15:08:00,33.13,33.14,33.13,33.14,877.0,FNF
2023-03-24 15:07:00,33.16,33.16,33.14,33.14,947.0,FNF
2023-03-24 15:06:00,33.155,33.18,33.14,33.17,6302.0,FNF
2023-03-24 15:05:00,33.15,33.155,33.15,33.155,1357.0,FNF
2023-03-24 15:04:00,33.12,33.14,33.12,33.14,2650.0,FNF
2023-03-24 15:03:00,33.11,33.11,33.11,33.11,425.0,FNF
2023-03-24 15:02:00,33.13,33.13,33.11,33.12,1308.0,FNF
2023-03-24 15:01:00,33.14,33.145,33.12,33.12,2283.0,FNF
2023-03-24 15:00:00,33.155,33.155,33.14,33.15,2372.0,FNF
2023-03-24 14:59:00,33.19,33.19,33.15,33.15,1283.0,FNF
2023-03-24 14:58:00,33.195,33.195,33.17,33.17,1985.0,FNF
2023-03-24 14:57:00,33.205,33.205,33.205,33.205,1577.0,FNF
2023-03-24 14:56:00,33.17,33.209,33.17,33.209,1771.0,FNF
2023-03-24 14:55:00,33.17,33.185,33.17,33.18,2267.0,FNF
2023-03-24 14:54:00,33.165,33.175,33.162,33.165,1485.0,FNF
2023-03-24 14:53:00,33.2,33.2,33.17,33.17,1721.0,FNF
2023-03-24 14:52:00,33.195,33.2,33.19,33.19,1425.0,FNF
2023-03-24 14:51:00,33.22,33.22,33.22,33.22,860.0,FNF
2023-03-24 14:49:00,33.24,33.26,33.24,33.26,1710.0,FNF
2023-03-24 14:48:00,33.24,33.24,33.22,33.23,2616.0,FNF
2023-03-24 14:47:00,33.26,33.26,33.25,33.25,984.0,FNF
2023-03-24 14:46:00,33.24,33.265,33.24,33.26,1410.0,FNF
2023-03-24 14:45:00,33.23,33.23,33.23,33.23,204.0,FNF
2023-03-24 14:44:00,33.23,33.23,33.225,33.23,1206.0,FNF
2023-03-24 14:43:00,33.22,33.22,33.22,33.22,664.0,FNF
2023-03-24 14:41:00,33.23,33.24,33.21,33.24,3241.0,FNF
2023-03-24 14:40:00,33.24,33.24,33.22,33.24,532.0,FNF
2023-03-24 14:39:00,33.23,33.23,33.22,33.23,1257.0,FNF
2023-03-24 14:38:00,33.22,33.2418,33.22,33.2418,1065.0,FNF
2023-03-24 14:37:00,33.2175,33.2175,33.21,33.21,1749.0,FNF
2023-03-24 14:36:00,33.215,33.23,33.215,33.23,2450.0,FNF
2023-03-24 14:35:00,33.2,33.24,33.2,33.24,915.0,FNF
2023-03-24 14:34:00,33.19,33.205,33.19,33.1901,1821.0,FNF
2023-03-24 14:33:00,33.18,33.18,33.17,33.18,3400.0,FNF
2023-03-24 14:32:00,33.2,33.2,33.19,33.19,1130.0,FNF
2023-03-24 14:31:00,33.2,33.2,33.2,33.2,3249.0,FNF
2023-03-24 14:30:00,33.18,33.2,33.18,33.19,1677.0,FNF
2023-03-24 14:29:00,33.18,33.18,33.175,33.18,2727.0,FNF
2023-03-24 14:28:00,33.2,33.2,33.19,33.19,1941.0,FNF
2023-03-24 14:27:00,33.2,33.2,33.19,33.19,907.0,FNF
2023-03-24 14:26:00,33.19,33.21,33.19,33.2,2234.0,FNF
2023-03-24 14:25:00,33.24,33.24,33.18,33.18,3624.0,FNF
2023-03-24 14:24:00,33.22,33.23,33.22,33.23,2506.0,FNF
2023-03-24 14:23:00,33.255,33.255,33.235,33.235,730.0,FNF
2023-03-24 14:22:00,33.24,33.25,33.23,33.25,1563.0,FNF
2023-03-24 14:21:00,33.23,33.25,33.23,33.23,1493.0,FNF
2023-03-24 14:20:00,33.21,33.24,33.2,33.24,1551.0,FNF
2023-03-24 14:19:00,33.23,33.23,33.22,33.22,1031.0,FNF
2023-03-24 14:18:00,33.24,33.24,33.22,33.24,1664.0,FNF
2023-03-24 14:17:00,33.245,33.25,33.23,33.24,2268.0,FNF
2023-03-24 14:16:00,33.235,33.25,33.235,33.24,1271.0,FNF
2023-03-24 14:15:00,33.23,33.23,33.215,33.23,2083.0,FNF
2023-03-24 14:14:00,33.2,33.25,33.2,33.24,2458.0,FNF
2023-03-24 14:13:00,33.19,33.195,33.185,33.195,639.0,FNF
2023-03-24 14:12:00,33.22,33.22,33.19,33.19,1226.0,FNF
2023-03-24 14:11:00,33.18,33.2,33.18,33.2,1100.0,FNF
2023-03-24 14:10:00,33.185,33.185,33.185,33.185,225.0,FNF
2023-03-24 14:09:00,33.17,33.19,33.17,33.19,3086.0,FNF
2023-03-24 14:08:00,33.13,33.14,33.13,33.14,1838.0,FNF
2023-03-24 14:07:00,33.17,33.17,33.11,33.12,3265.0,FNF
2023-03-24 14:06:00,33.195,33.195,33.18,33.18,1123.0,FNF
2023-03-24 14:05:00,33.168,33.19,33.168,33.185,2262.0,FNF
2023-03-24 14:04:00,33.14,33.17,33.14,33.16,2745.0,FNF
2023-03-24 14:03:00,33.15,33.15,33.15,33.15,747.0,FNF
2023-03-24 14:02:00,33.15,33.16,33.15,33.15,1732.0,FNF
2023-03-24 14:01:00,33.13,33.15,33.13,33.15,555.0,FNF
2023-03-24 14:00:00,33.13,33.13,33.13,33.13,285.0,FNF
2023-03-24 13:59:00,33.095,33.12,33.095,33.12,1006.0,FNF
2023-03-24 13:58:00,33.08,33.09,33.08,33.09,584.0,FNF
2023-03-24 13:57:00,33.055,33.06,33.05,33.06,2717.0,FNF
2023-03-24 13:56:00,33.025,33.06,33.025,33.06,3003.0,FNF
2023-03-24 13:55:00,33.02,33.03,33.015,33.03,4024.0,FNF
2023-03-24 13:54:00,33.02,33.02,33.02,33.02,290.0,FNF
2023-03-24 13:53:00,33.02,33.03,33.01,33.01,863.0,FNF
2023-03-24 13:52:00,33.02,33.03,33.02,33.03,715.0,FNF
2023-03-24 13:51:00,33.04,33.05,33.04,33.05,1199.0,FNF
2023-03-24 13:50:00,33.045,33.05,33.0408,33.0408,848.0,FNF
2023-03-24 13:49:00,33.07,33.07,33.04,33.04,1806.0,FNF
2023-03-24 13:48:00,33.08,33.08,33.08,33.08,531.0,FNF
2023-03-24 13:47:00,33.1,33.11,33.095,33.095,906.0,FNF
2023-03-24 13:46:00,33.11,33.11,33.09,33.09,2275.0,FNF
2023-03-24 13:45:00,33.11,33.11,33.1,33.1,1202.0,FNF
2023-03-24 13:44:00,33.11,33.11,33.11,33.11,374.0,FNF
2023-03-24 13:43:00,33.09,33.12,33.08,33.1,2500.0,FNF
2023-03-24 13:42:00,33.12,33.12,33.09,33.095,2880.0,FNF
2023-03-24 13:41:00,33.1,33.12,33.1,33.12,3540.0,FNF
2023-03-24 13:40:00,33.1246,33.1246,33.1051,33.1051,446.0,FNF
2023-03-24 13:39:00,33.08,33.12,33.08,33.1068,2476.0,FNF
2023-03-24 13:38:00,33.07,33.09,33.07,33.08,2234.0,FNF
2023-03-24 13:37:00,33.08,33.09,33.06,33.06,1299.0,FNF
2023-03-24 13:36:00,33.06,33.08,33.05,33.07,2978.0,FNF
2023-03-24 13:35:00,33.08,33.08,33.06,33.06,1182.0,FNF
2023-03-24 13:34:00,33.0884,33.0884,33.0884,33.0884,224.0,FNF
2023-03-24 13:33:00,33.08,33.1,33.0771,33.1,1190.0,FNF
2023-03-24 13:32:00,33.09,33.09,33.08,33.08,2446.0,FNF
2023-03-24 13:31:00,33.075,33.1005,33.075,33.1005,1182.0,FNF
2023-03-24 13:30:00,33.06,33.08,33.06,33.08,733.0,FNF
2023-03-24 13:29:00,33.12,33.12,33.06,33.08,5077.0,FNF
2023-03-24 13:28:00,33.12,33.12,33.11,33.11,481.0,FNF
2023-03-24 13:27:00,33.1,33.15,33.09,33.13,2253.0,FNF
2023-03-24 13:26:00,33.065,33.08,33.065,33.08,292.0,FNF
2023-03-24 13:25:00,33.03,33.05,33.03,33.05,1038.0,FNF
2023-03-24 13:24:00,33.04,33.04,33.025,33.03,1219.0,FNF
2023-03-24 13:23:00,33.015,33.05,33.015,33.04,2124.0,FNF
2023-03-24 13:22:00,33.01,33.04,33.01,33.03,3215.0,FNF
2023-03-24 13:21:00,33.0073,33.01,33.0073,33.01,588.0,FNF
2023-03-24 13:20:00,33.015,33.015,32.99,33.0,1796.0,FNF
2023-03-24 13:19:00,33.03,33.03,33.0,33.01,2361.0,FNF
2023-03-24 13:18:00,33.04,33.04,33.02,33.02,1108.0,FNF
2023-03-24 13:17:00,33.06,33.06,33.03,33.04,1531.0,FNF
2023-03-24 13:16:00,33.05,33.07,33.05,33.06,1594.0,FNF
2023-03-24 13:15:00,33.0623,33.0623,33.04,33.04,951.0,FNF
2023-03-24 13:14:00,33.07,33.07,33.07,33.07,695.0,FNF
2023-03-24 13:13:00,33.055,33.0934,33.055,33.08,2285.0,FNF
2023-03-24 13:12:00,33.06,33.06,33.05,33.05,1759.0,FNF
2023-03-24 13:11:00,33.09,33.09,33.075,33.08,2135.0,FNF
2023-03-24 13:10:00,33.0914,33.0932,33.08,33.09,1996.0,FNF
2023-03-24 13:09:00,33.07,33.09,33.07,33.09,565.0,FNF
2023-03-24 13:08:00,33.08,33.08,33.065,33.08,2111.0,FNF
2023-03-24 13:07:00,33.11,33.11,33.1,33.1,741.0,FNF
2023-03-24 13:06:00,33.09,33.11,33.09,33.11,723.0,FNF
2023-03-24 13:05:00,33.09,33.09,33.08,33.08,772.0,FNF
2023-03-24 13:04:00,33.08,33.09,33.08,33.09,1007.0,FNF
2023-03-24 13:03:00,33.075,33.085,33.075,33.085,476.0,FNF
2023-03-24 13:01:00,33.08,33.11,33.08,33.11,1566.0,FNF
2023-03-24 13:00:00,33.1,33.1,33.08,33.08,694.0,FNF
2023-03-24 12:59:00,33.129,33.129,33.1,33.1,1979.0,FNF
2023-03-24 12:58:00,33.12,33.125,33.11,33.125,1721.0,FNF
2023-03-24 12:57:00,33.09,33.1,33.09,33.1,400.0,FNF
2023-03-24 12:56:00,33.07,33.085,33.07,33.085,871.0,FNF
2023-03-24 12:55:00,33.05,33.05,33.05,33.05,627.0,FNF
2023-03-24 12:54:00,33.05,33.065,33.04,33.04,892.0,FNF
2023-03-24 12:53:00,33.07,33.07,33.05,33.05,665.0,FNF
2023-03-24 12:52:00,33.09,33.09,33.07,33.075,2607.0,FNF
2023-03-24 12:51:00,33.09,33.09,33.09,33.09,212.0,FNF
2023-03-24 12:50:00,33.12,33.12,33.09,33.09,2930.0,FNF
2023-03-24 12:49:00,33.1359,33.1359,33.1194,33.13,1563.0,FNF
2023-03-24 12:48:00,33.11,33.12,33.105,33.12,1496.0,FNF
2023-03-24 12:47:00,33.11,33.11,33.1,33.1,298.0,FNF
2023-03-24 12:46:00,33.0781,33.1,33.07,33.09,4517.0,FNF
2023-03-24 12:45:00,33.08,33.09,33.08,33.08,3163.0,FNF
2023-03-24 12:43:00,33.05,33.07,33.05,33.07,848.0,FNF
2023-03-24 12:42:00,33.04,33.05,33.04,33.0425,1244.0,FNF
2023-03-24 12:41:00,33.03,33.05,33.03,33.04,1489.0,FNF
2023-03-24 12:40:00,33.03,33.03,33.02,33.02,1712.0,FNF
2023-03-24 12:39:00,33.04,33.05,33.035,33.05,639.0,FNF
2023-03-24 12:38:00,33.02,33.05,33.02,33.05,5044.0,FNF
2023-03-24 12:37:00,33.03,33.03,33.025,33.025,433.0,FNF
2023-03-24 12:36:00,33.03,33.045,33.03,33.03,705.0,FNF
2023-03-24 12:35:00,33.02,33.03,33.0102,33.03,932.0,FNF
2023-03-24 12:34:00,33.0,33.01,32.995,33.01,947.0,FNF
2023-03-24 12:33:00,32.99,33.01,32.99,33.01,588.0,FNF
2023-03-24 12:32:00,33.02,33.02,32.97,32.98,3005.0,FNF
2023-03-24 12:31:00,33.04,33.04,33.02,33.02,1472.0,FNF
2023-03-24 12:30:00,33.02,33.02,33.01,33.02,2543.0,FNF
2023-03-24 12:29:00,33.04,33.04,33.03,33.03,363.0,FNF
2023-03-24 12:28:00,33.0,33.04,32.995,33.04,4496.0,FNF
2023-03-24 12:27:00,33.0268,33.0268,32.99,33.0,11372.0,FNF
2023-03-24 12:26:00,32.98,33.0,32.97,33.0,3027.0,FNF
2023-03-24 12:25:00,32.95,32.97,32.95,32.97,1386.0,FNF
2023-03-24 12:24:00,32.9695,32.97,32.95,32.95,1019.0,FNF
2023-03-24 12:23:00,32.9978,33.0,32.98,32.98,4128.0,FNF
2023-03-24 12:22:00,33.0,33.0,33.0,33.0,693.0,FNF
2023-03-24 12:21:00,33.0,33.025,33.0,33.017,2127.0,FNF
2023-03-24 12:20:00,32.99,33.01,32.98,33.0,1629.0,FNF
2023-03-24 12:19:00,32.99,32.995,32.98,32.99,3014.0,FNF
2023-03-24 12:18:00,32.99,32.995,32.99,32.995,1196.0,FNF
2023-03-24 12:17:00,33.01,33.01,32.97,32.97,2948.0,FNF
2023-03-24 12:16:00,33.02,33.02,33.01,33.015,649.0,FNF
2023-03-24 12:15:00,33.01,33.0186,33.01,33.0186,496.0,FNF
2023-03-24 12:14:00,33.02,33.02,33.005,33.01,1614.0,FNF
2023-03-24 12:13:00,33.0,33.03,32.99,33.025,11336.0,FNF
2023-03-24 12:12:00,33.0,33.01,32.98,33.0,15722.0,FNF
2023-03-24 12:11:00,32.95,33.04,32.95,33.02,4431.0,FNF
2023-03-24 12:10:00,32.95,32.96,32.93,32.94,9365.0,FNF
2023-03-24 12:09:00,32.97,32.97,32.95,32.95,1661.0,FNF
2023-03-24 12:08:00,32.94,32.975,32.93,32.97,1863.0,FNF
2023-03-24 12:07:00,32.965,32.965,32.935,32.935,2177.0,FNF
2023-03-24 12:06:00,32.965,32.9701,32.965,32.9701,605.0,FNF
2023-03-24 12:05:00,33.01,33.01,32.96,32.975,4970.0,FNF
2023-03-24 12:04:00,33.06,33.06,33.02,33.02,1044.0,FNF
2023-03-24 12:03:00,33.09,33.09,33.05,33.06,1374.0,FNF
2023-03-24 12:02:00,33.06,33.095,33.06,33.095,1847.0,FNF
2023-03-24 12:01:00,33.05,33.05,33.05,33.05,383.0,FNF
2023-03-24 12:00:00,33.04,33.06,33.04,33.06,2573.0,FNF
2023-03-24 11:59:00,33.0,33.0352,33.0,33.0352,1064.0,FNF
2023-03-24 11:58:00,33.02,33.02,33.0,33.0,2081.0,FNF
2023-03-24 11:57:00,32.97,33.01,32.97,33.0,5253.0,FNF
2023-03-24 11:56:00,32.94,32.96,32.94,32.96,1893.0,FNF
2023-03-24 11:55:00,32.94,32.94,32.9358,32.94,2031.0,FNF
2023-03-24 11:54:00,32.93,32.945,32.925,32.945,1880.0,FNF
2023-03-24 11:53:00,32.94,32.94,32.93,32.94,1302.0,FNF
2023-03-24 11:52:00,32.93,32.93,32.92,32.93,1829.0,FNF
2023-03-24 11:51:00,32.9301,32.95,32.9301,32.94,4760.0,FNF
2023-03-24 11:49:00,32.99,32.99,32.95,32.95,1149.0,FNF
2023-03-24 11:48:00,32.995,33.03,32.995,33.01,1261.0,FNF
2023-03-24 11:47:00,32.96,33.0,32.96,33.0,2174.0,FNF
2023-03-24 11:46:00,32.84,32.92,32.84,32.92,3895.0,FNF
2023-03-24 11:45:00,32.83,32.83,32.82,32.82,908.0,FNF
2023-03-24 11:44:00,32.855,32.8613,32.84,32.84,737.0,FNF
2023-03-24 11:43:00,32.83,32.855,32.83,32.855,1557.0,FNF
2023-03-24 11:42:00,32.83,32.84,32.82,32.82,719.0,FNF
2023-03-24 11:41:00,32.785,32.81,32.785,32.81,1427.0,FNF
2023-03-24 11:40:00,32.777,32.777,32.76,32.766,1703.0,FNF
2023-03-24 11:39:00,32.77,32.775,32.76,32.76,1701.0,FNF
2023-03-24 11:38:00,32.77,32.77,32.76,32.76,865.0,FNF
2023-03-24 11:37:00,32.81,32.81,32.785,32.785,892.0,FNF
2023-03-24 11:36:00,32.76,32.805,32.76,32.8,3520.0,FNF
2023-03-24 11:35:00,32.75,32.76,32.74,32.76,1335.0,FNF
2023-03-24 11:34:00,32.72,32.73,32.71,32.73,690.0,FNF
2023-03-24 11:32:00,32.73,32.73,32.73,32.73,742.0,FNF
2023-03-24 11:31:00,32.73,32.75,32.72,32.75,2160.0,FNF
2023-03-24 11:30:00,32.76,32.76,32.73,32.73,1684.0,FNF
2023-03-24 11:29:00,32.78,32.78,32.76,32.76,538.0,FNF
2023-03-24 11:28:00,32.77,32.785,32.76,32.7694,4712.0,FNF
2023-03-24 11:27:00,32.7616,32.765,32.73,32.76,5486.0,FNF
2023-03-24 11:26:00,32.74,32.77,32.74,32.77,794.0,FNF
2023-03-24 11:25:00,32.72,32.74,32.72,32.73,1789.0,FNF
2023-03-24 11:24:00,32.71,32.72,32.71,32.71,571.0,FNF
2023-03-24 11:23:00,32.73,32.73,32.715,32.72,1533.0,FNF
2023-03-24 11:22:00,32.74,32.77,32.735,32.735,2855.0,FNF
2023-03-24 11:21:00,32.73,32.74,32.6894,32.725,10061.0,FNF
2023-03-24 11:20:00,32.74,32.7491,32.72,32.72,3902.0,FNF
2023-03-24 11:19:00,32.765,32.765,32.7401,32.7401,1112.0,FNF
2023-03-24 11:18:00,32.74,32.77,32.74,32.75,4046.0,FNF
2023-03-24 11:17:00,32.74,32.75,32.73,32.74,1529.0,FNF
2023-03-24 11:16:00,32.675,32.73,32.675,32.73,2594.0,FNF
2023-03-24 11:15:00,32.675,32.68,32.67,32.68,1092.0,FNF
2023-03-24 11:14:00,32.67,32.6824,32.67,32.675,1218.0,FNF
2023-03-24 11:13:00,32.6691,32.685,32.6691,32.685,1791.0,FNF
2023-03-24 11:12:00,32.68,32.69,32.68,32.685,879.0,FNF
2023-03-24 11:11:00,32.73,32.73,32.68,32.69,2385.0,FNF
2023-03-24 11:10:00,32.7206,32.76,32.7206,32.74,1534.0,FNF
2023-03-24 11:09:00,32.72,32.73,32.71,32.73,943.0,FNF
2023-03-24 11:08:00,32.79,32.79,32.745,32.745,4325.0,FNF
2023-03-24 11:07:00,32.8,32.8,32.78,32.78,2631.0,FNF
2023-03-24 11:06:00,32.77,32.8,32.77,32.8,1075.0,FNF
2023-03-24 11:05:00,32.72,32.77,32.72,32.76,2030.0,FNF
2023-03-24 11:04:00,32.72,32.73,32.715,32.725,2414.0,FNF
2023-03-24 11:03:00,32.72,32.72,32.72,32.72,289.0,FNF
2023-03-24 11:02:00,32.73,32.73,32.725,32.73,1342.0,FNF
2023-03-24 11:01:00,32.78,32.79,32.745,32.745,2683.0,FNF
2023-03-24 11:00:00,32.77,32.8,32.74,32.79,6467.0,FNF
2023-03-24 10:59:00,32.75,32.78,32.73,32.78,13854.0,FNF
2023-03-24 10:58:00,32.77,32.77,32.77,32.77,326.0,FNF
2023-03-24 10:57:00,32.76,32.77,32.76,32.765,518.0,FNF
2023-03-24 10:56:00,32.74,32.75,32.73,32.75,3730.0,FNF
2023-03-24 10:55:00,32.66,32.75,32.645,32.748,17310.0,FNF
2023-03-24 10:54:00,32.645,32.645,32.63,32.645,591.0,FNF
2023-03-24 10:53:00,32.65,32.65,32.64,32.645,1059.0,FNF
2023-03-24 10:52:00,32.67,32.67,32.65,32.65,581.0,FNF
2023-03-24 10:51:00,32.635,32.66,32.635,32.66,839.0,FNF
2023-03-24 10:50:00,32.65,32.66,32.64,32.64,1796.0,FNF
2023-03-24 10:49:00,32.63,32.64,32.6,32.64,1678.0,FNF
2023-03-24 10:48:00,32.66,32.66,32.635,32.635,551.0,FNF
2023-03-24 10:47:00,32.68,32.68,32.66,32.665,2547.0,FNF
2023-03-24 10:46:00,32.7,32.7213,32.69,32.7,2606.0,FNF
2023-03-24 10:45:00,32.67,32.67,32.67,32.67,222.0,FNF
2023-03-24 10:44:00,32.625,32.65,32.62,32.65,2147.0,FNF
2023-03-24 10:43:00,32.66,32.66,32.625,32.625,1407.0,FNF
2023-03-24 10:42:00,32.635,32.65,32.635,32.645,836.0,FNF
2023-03-24 10:41:00,32.69,32.69,32.63,32.64,2229.0,FNF
2023-03-24 10:40:00,32.71,32.71,32.71,32.71,512.0,FNF
2023-03-24 10:39:00,32.72,32.72,32.69,32.69,681.0,FNF
2023-03-24 10:38:00,32.69,32.72,32.69,32.71,9964.0,FNF
2023-03-24 10:37:00,32.705,32.705,32.67,32.67,883.0,FNF
2023-03-24 10:36:00,32.835,32.835,32.73,32.74,4825.0,FNF
2023-03-24 10:35:00,32.82,32.835,32.81,32.825,934.0,FNF
2023-03-24 10:34:00,32.76,32.83,32.76,32.82,1458.0,FNF
2023-03-24 10:33:00,32.74,32.76,32.74,32.76,2334.0,FNF
2023-03-24 10:32:00,32.75,32.76,32.72,32.72,2622.0,FNF
2023-03-24 10:31:00,32.68,32.68,32.68,32.68,931.0,FNF
2023-03-24 10:30:00,32.715,32.715,32.69,32.69,1901.0,FNF
2023-03-24 10:29:00,32.66,32.69,32.64,32.68,2471.0,FNF
2023-03-24 10:28:00,32.68,32.68,32.64,32.66,1343.0,FNF
2023-03-24 10:27:00,32.62,32.67,32.62,32.65,6357.0,FNF
2023-03-24 10:26:00,32.55,32.61,32.55,32.6,1155.0,FNF
2023-03-24 10:25:00,32.52,32.55,32.52,32.55,2524.0,FNF
2023-03-24 10:24:00,32.49,32.53,32.49,32.53,1433.0,FNF
2023-03-24 10:23:00,32.4878,32.49,32.47,32.49,2845.0,FNF
2023-03-24 10:22:00,32.52,32.52,32.495,32.495,3342.0,FNF
2023-03-24 10:21:00,32.52,32.5326,32.51,32.53,2762.0,FNF
2023-03-24 10:20:00,32.52,32.52,32.52,32.52,350.0,FNF
2023-03-24 10:19:00,32.57,32.57,32.57,32.57,267.0,FNF
2023-03-24 10:18:00,32.51,32.53,32.51,32.53,771.0,FNF
2023-03-24 10:17:00,32.54,32.55,32.54,32.55,732.0,FNF
2023-03-24 10:16:00,32.61,32.61,32.54,32.55,1117.0,FNF
2023-03-24 10:15:00,32.67,32.67,32.62,32.64,1254.0,FNF
2023-03-24 10:14:00,32.58,32.648,32.58,32.648,3835.0,FNF
2023-03-24 10:13:00,32.5619,32.58,32.5619,32.565,679.0,FNF
2023-03-24 10:12:00,32.595,32.595,32.58,32.58,732.0,FNF
2023-03-24 10:11:00,32.6,32.6199,32.6,32.6199,1003.0,FNF
2023-03-24 10:10:00,32.61,32.615,32.61,32.615,649.0,FNF
2023-03-24 10:09:00,32.67,32.68,32.58,32.6,3401.0,FNF
2023-03-24 10:08:00,32.66,32.69,32.66,32.685,1723.0,FNF
2023-03-24 10:07:00,32.68,32.69,32.66,32.66,3269.0,FNF
2023-03-24 10:06:00,32.62,32.68,32.62,32.66,1674.0,FNF
2023-03-24 10:05:00,32.6201,32.6497,32.62,32.635,1740.0,FNF
2023-03-24 10:04:00,32.675,32.675,32.63,32.63,1385.0,FNF
2023-03-24 10:03:00,32.69,32.69,32.6691,32.6691,890.0,FNF
2023-03-24 10:02:00,32.69,32.7,32.67,32.69,3927.0,FNF
2023-03-24 10:01:00,32.68,32.7,32.67,32.67,662.0,FNF
2023-03-24 10:00:00,32.56,32.625,32.56,32.625,1025.0,FNF
2023-03-24 09:59:00,32.56,32.5683,32.56,32.5683,867.0,FNF
2023-03-24 09:58:00,32.59,32.59,32.59,32.59,264.0,FNF
2023-03-24 09:57:00,32.6,32.6,32.58,32.58,552.0,FNF
2023-03-24 09:56:00,32.5575,32.58,32.5575,32.58,553.0,FNF
2023-03-24 09:55:00,32.541,32.565,32.5208,32.55,786.0,FNF
2023-03-24 09:54:00,32.4715,32.56,32.4715,32.56,2241.0,FNF
2023-03-24 09:53:00,32.4224,32.465,32.42,32.465,1971.0,FNF
2023-03-24 09:52:00,32.43,32.48,32.43,32.44,2601.0,FNF
2023-03-24 09:51:00,32.436,32.4561,32.415,32.445,4364.0,FNF
2023-03-24 09:50:00,32.33,32.38,32.33,32.38,823.0,FNF
2023-03-24 09:49:00,32.345,32.345,32.32,32.32,765.0,FNF
2023-03-24 09:48:00,32.36,32.395,32.32,32.3528,4549.0,FNF
2023-03-24 09:47:00,32.435,32.435,32.34,32.34,2236.0,FNF
2023-03-24 09:46:00,32.46,32.46,32.435,32.435,2958.0,FNF
2023-03-24 09:45:00,32.4416,32.48,32.4416,32.48,808.0,FNF
2023-03-24 09:44:00,32.47,32.47,32.47,32.47,661.0,FNF
2023-03-24 09:43:00,32.45,32.461,32.44,32.461,2198.0,FNF
2023-03-24 09:42:00,32.53,32.55,32.46,32.48,5968.0,FNF
2023-03-24 09:41:00,32.5,32.53,32.5,32.53,876.0,FNF
2023-03-24 09:40:00,32.53,32.53,32.51,32.53,2717.0,FNF
2023-03-24 09:39:00,32.53,32.59,32.53,32.59,831.0,FNF
2023-03-24 09:38:00,32.61,32.61,32.61,32.61,373.0,FNF
2023-03-24 09:37:00,32.565,32.58,32.565,32.58,3101.0,FNF
2023-03-24 09:36:00,32.57,32.57,32.57,32.57,107.0,FNF
2023-03-24 09:35:00,32.4825,32.51,32.4825,32.51,1029.0,FNF
2023-03-24 09:34:00,32.61,32.64,32.48,32.5,3022.0,FNF
2023-03-24 09:33:00,32.58,32.62,32.46,32.62,23200.0,FNF
2023-03-24 09:31:00,32.7,32.7,32.64,32.64,340.0,FNF
2023-03-24 08:01:00,32.7,32.7,32.7,32.7,100.0,FNF
2023-03-23 16:01:00,33.03,33.03,33.03,33.03,20988.0,FNF
2023-03-23 16:00:00,33.08,33.1,33.02,33.02,82501.0,FNF
2023-03-23 15:59:00,33.105,33.105,33.08,33.085,19438.0,FNF
2023-03-23 15:58:00,33.085,33.11,33.085,33.1,19021.0,FNF
2023-03-23 15:57:00,33.075,33.09,33.07,33.085,24447.0,FNF
2023-03-23 15:56:00,33.115,33.12,33.04,33.07,20109.0,FNF
2023-03-23 15:55:00,33.15,33.155,33.1,33.1,24214.0,FNF
2023-03-23 15:54:00,33.145,33.165,33.14,33.15,18225.0,FNF
2023-03-23 15:53:00,33.19,33.19,33.14,33.14,6482.0,FNF
2023-03-23 15:52:00,33.25,33.25,33.17,33.19,16507.0,FNF
2023-03-23 15:51:00,33.17,33.29,33.14,33.26,19452.0,FNF
2023-03-23 15:50:00,33.21,33.21,33.16,33.17,8079.0,FNF
2023-03-23 15:49:00,33.23,33.235,33.17,33.2,10752.0,FNF
2023-03-23 15:48:00,33.225,33.24,33.21,33.235,9241.0,FNF
2023-03-23 15:47:00,33.19,33.23,33.17,33.23,10871.0,FNF
2023-03-23 15:46:00,33.16,33.22,33.15,33.185,8408.0,FNF
2023-03-23 15:45:00,33.155,33.18,33.13,33.18,10415.0,FNF
2023-03-23 15:44:00,33.16,33.18,33.14,33.15,8175.0,FNF
2023-03-23 15:43:00,33.14,33.15,33.12,33.15,5448.0,FNF
2023-03-23 15:42:00,33.16,33.17,33.13,33.15,7942.0,FNF
2023-03-23 15:41:00,33.18,33.18,33.14,33.16,5649.0,FNF
2023-03-23 15:40:00,33.16,33.19,33.16,33.19,4729.0,FNF
2023-03-23 15:39:00,33.16,33.17,33.15,33.15,6783.0,FNF
2023-03-23 15:38:00,33.17,33.198,33.15,33.18,6817.0,FNF
2023-03-23 15:37:00,33.17,33.2,33.15,33.17,7538.0,FNF
2023-03-23 15:36:00,33.11,33.21,33.11,33.17,18901.0,FNF
2023-03-23 15:35:00,33.11,33.14,33.09,33.115,5337.0,FNF
2023-03-23 15:34:00,33.09,33.105,33.07,33.105,5012.0,FNF
2023-03-23 15:33:00,33.075,33.12,33.07,33.1,4291.0,FNF
2023-03-23 15:32:00,33.08,33.105,33.05,33.08,7203.0,FNF
2023-03-23 15:31:00,33.09,33.12,33.07,33.1,4650.0,FNF
2023-03-23 15:30:00,33.12,33.13,33.11,33.11,2568.0,FNF
2023-03-23 15:29:00,33.13,33.17,33.09,33.15,7282.0,FNF
2023-03-23 15:28:00,33.12,33.16,33.11,33.14,4867.0,FNF
2023-03-23 15:27:00,33.14,33.145,33.11,33.13,5359.0,FNF
2023-03-23 15:26:00,33.14,33.17,33.12,33.145,8341.0,FNF
2023-03-23 15:25:00,33.1779,33.1779,33.13,33.14,1578.0,FNF
2023-03-23 15:24:00,33.125,33.17,33.125,33.17,3875.0,FNF
2023-03-23 15:23:00,33.05,33.12,33.05,33.12,3855.0,FNF
2023-03-23 15:22:00,33.07,33.075,33.045,33.06,5505.0,FNF
2023-03-23 15:21:00,33.1,33.1,33.07,33.07,4998.0,FNF
2023-03-23 15:20:00,33.145,33.145,33.08,33.09,2301.0,FNF
2023-03-23 15:19:00,33.19,33.19,33.12,33.14,4885.0,FNF
2023-03-23 15:18:00,33.17,33.21,33.17,33.19,4426.0,FNF
2023-03-23 15:17:00,33.22,33.22,33.18,33.18,3382.0,FNF
2023-03-23 15:16:00,33.23,33.26,33.22,33.22,4745.0,FNF
2023-03-23 15:15:00,33.1937,33.235,33.1937,33.235,3553.0,FNF
2023-03-23 15:14:00,33.25,33.25,33.21,33.21,8103.0,FNF
2023-03-23 15:13:00,33.31,33.31,33.28,33.28,1927.0,FNF
2023-03-23 15:12:00,33.36,33.37,33.32,33.32,3628.0,FNF
2023-03-23 15:11:00,33.37,33.38,33.35,33.37,1877.0,FNF
2023-03-23 15:10:00,33.32,33.37,33.31,33.37,5139.0,FNF
2023-03-23 15:09:00,33.29,33.31,33.27,33.31,3392.0,FNF
2023-03-23 15:08:00,33.33,33.33,33.27,33.27,4860.0,FNF
2023-03-23 15:07:00,33.34,33.34,33.32,33.32,872.0,FNF
2023-03-23 15:06:00,33.37,33.37,33.32,33.34,3849.0,FNF
2023-03-23 15:05:00,33.36,33.38,33.36,33.37,3434.0,FNF
2023-03-23 15:04:00,33.37,33.42,33.37,33.41,4967.0,FNF
2023-03-23 15:03:00,33.45,33.45,33.375,33.375,5175.0,FNF
2023-03-23 15:02:00,33.47,33.49,33.4,33.47,6258.0,FNF
2023-03-23 15:01:00,33.25,33.48,33.25,33.47,15845.0,FNF
2023-03-23 15:00:00,33.2,33.24,33.18,33.23,3966.0,FNF
2023-03-23 14:59:00,33.17,33.18,33.14,33.18,3941.0,FNF
2023-03-23 14:58:00,33.16,33.17,33.16,33.165,908.0,FNF
2023-03-23 14:57:00,33.14,33.16,33.12,33.16,3946.0,FNF
2023-03-23 14:56:00,33.16,33.16,33.13,33.14,4601.0,FNF
2023-03-23 14:55:00,33.2,33.2,33.17,33.18,1860.0,FNF
2023-03-23 14:54:00,33.19,33.21,33.18,33.2,2136.0,FNF
2023-03-23 14:53:00,33.26,33.26,33.22,33.22,1990.0,FNF
2023-03-23 14:52:00,33.26,33.27,33.25,33.27,3699.0,FNF
2023-03-23 14:51:00,33.26,33.26,33.22,33.24,5203.0,FNF
2023-03-23 14:50:00,33.22,33.27,33.22,33.265,11992.0,FNF
2023-03-23 14:49:00,33.18,33.22,33.165,33.22,7496.0,FNF
2023-03-23 14:48:00,33.23,33.23,33.19,33.19,2286.0,FNF
2023-03-23 14:47:00,33.25,33.255,33.23,33.24,4167.0,FNF
2023-03-23 14:46:00,33.2,33.26,33.18,33.24,7022.0,FNF
2023-03-23 14:45:00,33.2141,33.2141,33.19,33.19,2353.0,FNF
2023-03-23 14:44:00,33.21,33.23,33.19,33.22,2951.0,FNF
2023-03-23 14:43:00,33.22,33.24,33.2,33.2,7573.0,FNF
2023-03-23 14:42:00,33.23,33.23,33.19,33.21,3425.0,FNF
2023-03-23 14:41:00,33.24,33.25,33.21,33.21,4087.0,FNF
2023-03-23 14:40:00,33.2112,33.24,33.21,33.235,2247.0,FNF
2023-03-23 14:39:00,33.25,33.27,33.22,33.22,4776.0,FNF
2023-03-23 14:38:00,33.25,33.26,33.25,33.2599,1812.0,FNF
2023-03-23 14:37:00,33.29,33.29,33.26,33.265,3282.0,FNF
2023-03-23 14:36:00,33.26,33.3,33.25,33.3,2638.0,FNF
2023-03-23 14:35:00,33.23,33.25,33.22,33.24,3917.0,FNF
2023-03-23 14:34:00,33.24,33.2403,33.235,33.24,2875.0,FNF
2023-03-23 14:33:00,33.245,33.25,33.24,33.24,2376.0,FNF
2023-03-23 14:32:00,33.27,33.27,33.24,33.25,3221.0,FNF
2023-03-23 14:31:00,33.24,33.26,33.22,33.255,3632.0,FNF
2023-03-23 14:30:00,33.235,33.245,33.23,33.23,3951.0,FNF
2023-03-23 14:29:00,33.26,33.26,33.24,33.25,3999.0,FNF
2023-03-23 14:28:00,33.29,33.29,33.27,33.27,1341.0,FNF
2023-03-23 14:27:00,33.28,33.31,33.28,33.28,3025.0,FNF
2023-03-23 14:26:00,33.3,33.31,33.28,33.28,3225.0,FNF
2023-03-23 14:25:00,33.31,33.31,33.3,33.3,14762.0,FNF
2023-03-23 14:24:00,33.34,33.34,33.33,33.33,734.0,FNF
2023-03-23 14:23:00,33.34,33.35,33.34,33.34,1774.0,FNF
2023-03-23 14:22:00,33.37,33.37,33.31,33.33,3742.0,FNF
2023-03-23 14:21:00,33.3875,33.39,33.36,33.375,4134.0,FNF
2023-03-23 14:20:00,33.375,33.405,33.375,33.39,3145.0,FNF
2023-03-23 14:19:00,33.355,33.38,33.35,33.3717,2565.0,FNF
2023-03-23 14:18:00,33.375,33.38,33.34,33.35,4506.0,FNF
2023-03-23 14:17:00,33.35,33.379,33.35,33.37,2645.0,FNF
2023-03-23 14:16:00,33.33,33.35,33.315,33.345,5166.0,FNF
2023-03-23 14:15:00,33.35,33.35,33.33,33.33,447.0,FNF
2023-03-23 14:14:00,33.38,33.39,33.35,33.35,2417.0,FNF
2023-03-23 14:13:00,33.35,33.37,33.35,33.37,3277.0,FNF
2023-03-23 14:12:00,33.4,33.4,33.34,33.345,3478.0,FNF
2023-03-23 14:11:00,33.41,33.41,33.4,33.405,551.0,FNF
2023-03-23 14:10:00,33.42,33.44,33.42,33.42,2638.0,FNF
2023-03-23 14:09:00,33.425,33.43,33.4,33.425,5838.0,FNF
2023-03-23 14:08:00,33.43,33.43,33.421,33.421,546.0,FNF
2023-03-23 14:07:00,33.42,33.45,33.42,33.43,5359.0,FNF
2023-03-23 14:06:00,33.42,33.45,33.41,33.425,4657.0,FNF
2023-03-23 14:05:00,33.42,33.42,33.41,33.415,2165.0,FNF
2023-03-23 14:04:00,33.415,33.425,33.41,33.41,3880.0,FNF
2023-03-23 14:03:00,33.45,33.45,33.415,33.415,2256.0,FNF
2023-03-23 14:02:00,33.48,33.48,33.46,33.46,1989.0,FNF
2023-03-23 14:01:00,33.48,33.49,33.47,33.49,2159.0,FNF
2023-03-23 14:00:00,33.46,33.47,33.46,33.46,1764.0,FNF
2023-03-23 13:59:00,33.445,33.46,33.44,33.45,5993.0,FNF
2023-03-23 13:58:00,33.4536,33.455,33.44,33.445,1951.0,FNF
2023-03-23 13:57:00,33.45,33.46,33.44,33.46,1616.0,FNF
2023-03-23 13:56:00,33.445,33.46,33.43,33.46,2775.0,FNF
2023-03-23 13:55:00,33.47,33.47,33.47,33.47,799.0,FNF
2023-03-23 13:54:00,33.43,33.48,33.43,33.47,1709.0,FNF
2023-03-23 13:53:00,33.445,33.445,33.41,33.425,3418.0,FNF
2023-03-23 13:52:00,33.45,33.45,33.42,33.445,2638.0,FNF
2023-03-23 13:51:00,33.445,33.45,33.42,33.44,2015.0,FNF
2023-03-23 13:50:00,33.46,33.46,33.44,33.445,2865.0,FNF
2023-03-23 13:49:00,33.45,33.45,33.41,33.45,4469.0,FNF
2023-03-23 13:48:00,33.465,33.465,33.46,33.46,2780.0,FNF
2023-03-23 13:47:00,33.49,33.49,33.46,33.465,7117.0,FNF
2023-03-23 13:46:00,33.49,33.49,33.49,33.49,422.0,FNF
2023-03-23 13:45:00,33.51,33.52,33.49,33.49,2086.0,FNF
2023-03-23 13:44:00,33.5,33.51,33.5,33.5,3496.0,FNF
2023-03-23 13:43:00,33.52,33.52,33.5,33.5,944.0,FNF
2023-03-23 13:42:00,33.48,33.51,33.46,33.51,5101.0,FNF
2023-03-23 13:41:00,33.495,33.495,33.48,33.48,814.0,FNF
2023-03-23 13:40:00,33.49,33.52,33.49,33.5,2314.0,FNF
2023-03-23 13:39:00,33.465,33.49,33.46,33.485,7404.0,FNF
2023-03-23 13:38:00,33.48,33.49,33.465,33.465,1901.0,FNF
2023-03-23 13:37:00,33.5,33.5,33.455,33.478,1792.0,FNF
2023-03-23 13:36:00,33.465,33.49,33.46,33.48,2700.0,FNF
2023-03-23 13:35:00,33.47,33.47,33.43,33.46,3469.0,FNF
2023-03-23 13:34:00,33.46,33.475,33.46,33.475,2858.0,FNF
2023-03-23 13:33:00,33.47,33.47,33.4399,33.45,3877.0,FNF
2023-03-23 13:32:00,33.45,33.48,33.445,33.48,5122.0,FNF
2023-03-23 13:31:00,33.43,33.45,33.43,33.45,2585.0,FNF
2023-03-23 13:30:00,33.45,33.45,33.44,33.44,2465.0,FNF
2023-03-23 13:29:00,33.38,33.45,33.38,33.45,3969.0,FNF
2023-03-23 13:28:00,33.39,33.4,33.37,33.4,2070.0,FNF
2023-03-23 13:27:00,33.4,33.41,33.38,33.4,3929.0,FNF
2023-03-23 13:26:00,33.47,33.47,33.405,33.409,3503.0,FNF
2023-03-23 13:25:00,33.5,33.52,33.49,33.49,3679.0,FNF
2023-03-23 13:24:00,33.49,33.495,33.49,33.49,1252.0,FNF
2023-03-23 13:23:00,33.48,33.5,33.47,33.5,1741.0,FNF
2023-03-23 13:22:00,33.5,33.5,33.465,33.465,867.0,FNF
2023-03-23 13:21:00,33.4409,33.5,33.44,33.5,4676.0,FNF
2023-03-23 13:20:00,33.45,33.45,33.44,33.445,670.0,FNF
2023-03-23 13:19:00,33.45,33.46,33.445,33.45,2413.0,FNF
2023-03-23 13:18:00,33.45,33.49,33.45,33.478,3255.0,FNF
2023-03-23 13:17:00,33.47,33.47,33.45,33.45,4291.0,FNF
2023-03-23 13:16:00,33.48,33.5,33.48,33.495,2137.0,FNF
2023-03-23 13:15:00,33.51,33.52,33.505,33.505,1053.0,FNF
2023-03-23 13:14:00,33.52,33.52,33.5,33.52,3985.0,FNF
2023-03-23 13:13:00,33.54,33.54,33.525,33.53,1505.0,FNF
2023-03-23 13:12:00,33.56,33.56,33.55,33.55,3344.0,FNF
2023-03-23 13:11:00,33.59,33.59,33.56,33.56,2445.0,FNF
2023-03-23 13:10:00,33.59,33.605,33.56,33.59,17935.0,FNF
2023-03-23 13:09:00,33.64,33.64,33.57,33.57,5011.0,FNF
2023-03-23 13:08:00,33.65,33.65,33.625,33.645,3669.0,FNF
2023-03-23 13:06:00,33.63,33.65,33.63,33.65,1661.0,FNF
2023-03-23 13:05:00,33.595,33.63,33.595,33.625,3153.0,FNF
2023-03-23 13:04:00,33.575,33.605,33.57,33.605,2293.0,FNF
2023-03-23 13:03:00,33.58,33.59,33.57,33.578,2504.0,FNF
2023-03-23 13:02:00,33.5725,33.595,33.57,33.58,4351.0,FNF
2023-03-23 13:01:00,33.58,33.59,33.57,33.58,2166.0,FNF
2023-03-23 13:00:00,33.59,33.59,33.57,33.575,697.0,FNF
2023-03-23 12:59:00,33.55,33.6,33.54,33.59,6246.0,FNF
2023-03-23 12:58:00,33.6,33.6,33.56,33.56,1903.0,FNF
2023-03-23 12:57:00,33.615,33.615,33.595,33.595,902.0,FNF
2023-03-23 12:56:00,33.615,33.62,33.59,33.62,3882.0,FNF
2023-03-23 12:55:00,33.615,33.62,33.615,33.62,962.0,FNF
2023-03-23 12:54:00,33.59,33.62,33.59,33.615,4045.0,FNF
2023-03-23 12:53:00,33.5845,33.59,33.58,33.585,4032.0,FNF
2023-03-23 12:52:00,33.61,33.62,33.585,33.585,990.0,FNF
2023-03-23 12:51:00,33.63,33.63,33.61,33.61,1398.0,FNF
2023-03-23 12:50:00,33.645,33.645,33.63,33.64,2712.0,FNF
2023-03-23 12:49:00,33.65,33.65,33.635,33.64,568.0,FNF
2023-03-23 12:48:00,33.645,33.65,33.61,33.65,3418.0,FNF
2023-03-23 12:47:00,33.6125,33.65,33.61,33.65,4939.0,FNF
2023-03-23 12:46:00,33.63,33.63,33.61,33.62,1855.0,FNF
2023-03-23 12:45:00,33.64,33.65,33.63,33.65,2607.0,FNF
2023-03-23 12:44:00,33.67,33.67,33.6339,33.6339,1401.0,FNF
2023-03-23 12:43:00,33.625,33.7,33.62,33.67,110812.0,FNF
2023-03-23 12:42:00,33.63,33.635,33.625,33.625,1256.0,FNF
2023-03-23 12:41:00,33.625,33.635,33.62,33.635,3527.0,FNF
2023-03-23 12:40:00,33.62,33.625,33.62,33.625,700.0,FNF
2023-03-23 12:39:00,33.63,33.635,33.62,33.635,2109.0,FNF
2023-03-23 12:38:00,33.64,33.64,33.64,33.64,125.0,FNF
2023-03-23 12:37:00,33.67,33.67,33.65,33.65,2011.0,FNF
2023-03-23 12:36:00,33.6685,33.67,33.65,33.65,5370.0,FNF
2023-03-23 12:35:00,33.685,33.69,33.66,33.67,1978.0,FNF
2023-03-23 12:34:00,33.66,33.68,33.66,33.68,4433.0,FNF
2023-03-23 12:33:00,33.715,33.715,33.66,33.67,3900.0,FNF
2023-03-23 12:32:00,33.72,33.728,33.71,33.728,3925.0,FNF
2023-03-23 12:31:00,33.71,33.71,33.7097,33.71,812.0,FNF
2023-03-23 12:30:00,33.7,33.705,33.69,33.69,3023.0,FNF
2023-03-23 12:29:00,33.68,33.69,33.68,33.685,2032.0,FNF
2023-03-23 12:28:00,33.69,33.7,33.68,33.68,3578.0,FNF
2023-03-23 12:27:00,33.67,33.71,33.65,33.7,6793.0,FNF
2023-03-23 12:26:00,33.69,33.695,33.66,33.66,2203.0,FNF
2023-03-23 12:25:00,33.67,33.69,33.67,33.69,2106.0,FNF
2023-03-23 12:24:00,33.69,33.69,33.67,33.6712,1952.0,FNF
2023-03-23 12:23:00,33.66,33.69,33.66,33.68,34178.0,FNF
2023-03-23 12:22:00,33.645,33.65,33.64,33.65,2558.0,FNF
2023-03-23 12:21:00,33.65,33.66,33.63,33.645,1420.0,FNF
2023-03-23 12:20:00,33.63,33.64,33.63,33.64,4330.0,FNF
2023-03-23 12:19:00,33.64,33.64,33.63,33.63,3799.0,FNF
2023-03-23 12:18:00,33.65,33.65,33.64,33.64,1550.0,FNF
2023-03-23 12:17:00,33.63,33.67,33.63,33.66,3941.0,FNF
2023-03-23 12:16:00,33.65,33.65,33.62,33.63,5581.0,FNF
2023-03-23 12:15:00,33.6575,33.67,33.6575,33.6599,1902.0,FNF
2023-03-23 12:14:00,33.69,33.69,33.65,33.65,2555.0,FNF
2023-03-23 12:13:00,33.68,33.7,33.68,33.6886,2364.0,FNF
2023-03-23 12:12:00,33.71,33.71,33.69,33.69,1267.0,FNF
2023-03-23 12:11:00,33.67,33.73,33.66,33.72,10789.0,FNF
2023-03-23 12:10:00,33.705,33.705,33.69,33.69,936.0,FNF
2023-03-23 12:09:00,33.74,33.74,33.71,33.7105,4483.0,FNF
2023-03-23 12:08:00,33.77,33.77,33.76,33.76,924.0,FNF
2023-03-23 12:07:00,33.76,33.79,33.76,33.77,20872.0,FNF
2023-03-23 12:06:00,33.75,33.77,33.74,33.7601,6001.0,FNF
2023-03-23 12:05:00,33.77,33.77,33.75,33.75,3214.0,FNF
2023-03-23 12:04:00,33.79,33.79,33.78,33.78,1811.0,FNF
2023-03-23 12:03:00,33.81,33.82,33.79,33.8,3322.0,FNF
2023-03-23 12:02:00,33.785,33.82,33.785,33.81,3311.0,FNF
2023-03-23 12:01:00,33.8,33.8,33.765,33.79,4539.0,FNF
2023-03-23 12:00:00,33.795,33.82,33.77,33.81,9993.0,FNF
2023-03-23 11:59:00,33.795,33.795,33.77,33.776,2425.0,FNF
2023-03-23 11:58:00,33.83,33.83,33.79,33.795,4706.0,FNF
2023-03-23 11:57:00,33.83,33.83,33.82,33.83,4224.0,FNF
2023-03-23 11:56:00,33.85,33.85,33.815,33.815,3427.0,FNF
2023-03-23 11:55:00,33.86,33.86,33.85,33.85,1628.0,FNF
2023-03-23 11:54:00,33.9,33.9,33.85,33.875,4432.0,FNF
2023-03-23 11:53:00,33.91,33.9102,33.9,33.9,1904.0,FNF
2023-03-23 11:52:00,33.94,33.94,33.91,33.91,2245.0,FNF
2023-03-23 11:51:00,33.92,33.96,33.92,33.95,4451.0,FNF
2023-03-23 11:50:00,33.9275,33.9275,33.92,33.9265,2423.0,FNF
2023-03-23 11:49:00,33.9,33.93,33.89,33.93,2503.0,FNF
2023-03-23 11:48:00,33.86,33.89,33.86,33.89,4713.0,FNF
2023-03-23 11:47:00,33.85,33.85,33.8477,33.8477,782.0,FNF
2023-03-23 11:46:00,33.8412,33.855,33.84,33.85,4085.0,FNF
2023-03-23 11:45:00,33.865,33.865,33.85,33.85,2009.0,FNF
2023-03-23 11:44:00,33.91,33.91,33.87,33.87,1610.0,FNF
2023-03-23 11:43:00,33.915,33.915,33.9,33.91,3265.0,FNF
2023-03-23 11:42:00,33.93,33.93,33.92,33.92,652.0,FNF
2023-03-23 11:41:00,33.94,33.94,33.93,33.93,629.0,FNF
2023-03-23 11:40:00,33.98,33.98,33.95,33.95,3620.0,FNF
2023-03-23 11:39:00,33.97,33.99,33.97,33.99,1483.0,FNF
2023-03-23 11:38:00,33.9465,33.97,33.9465,33.97,3559.0,FNF
2023-03-23 11:37:00,33.94,33.96,33.94,33.94,3030.0,FNF
2023-03-23 11:36:00,33.9475,33.95,33.9338,33.9338,1603.0,FNF
2023-03-23 11:35:00,33.95,33.95,33.93,33.94,1306.0,FNF
2023-03-23 11:34:00,33.97,33.98,33.94,33.95,6571.0,FNF
2023-03-23 11:33:00,33.975,33.988,33.975,33.98,1558.0,FNF
2023-03-23 11:32:00,33.98,33.98,33.97,33.97,2212.0,FNF
2023-03-23 11:31:00,33.95,33.995,33.95,33.995,1376.0,FNF
2023-03-23 11:30:00,33.91,33.945,33.9,33.945,5219.0,FNF
2023-03-23 11:29:00,33.9299,33.9299,33.91,33.91,1184.0,FNF
2023-03-23 11:28:00,33.905,33.92,33.905,33.92,3091.0,FNF
2023-03-23 11:27:00,33.93,33.93,33.89,33.9,2434.0,FNF
2023-03-23 11:26:00,33.99,33.99,33.94,33.94,2502.0,FNF
2023-03-23 11:25:00,34.0,34.01,33.99,33.99,3749.0,FNF
2023-03-23 11:24:00,34.0,34.0,34.0,34.0,268.0,FNF
2023-03-23 11:23:00,34.03,34.03,34.03,34.03,730.0,FNF
2023-03-23 11:22:00,34.0,34.03,34.0,34.03,2372.0,FNF
2023-03-23 11:21:00,33.99,34.01,33.99,34.005,3816.0,FNF
2023-03-23 11:20:00,34.0,34.0,33.99,33.995,2156.0,FNF
2023-03-23 11:19:00,33.96,34.0,33.92,33.995,31668.0,FNF
2023-03-23 11:18:00,33.97,33.988,33.96,33.97,4825.0,FNF
2023-03-23 11:17:00,34.02,34.02,33.97,33.97,3213.0,FNF
2023-03-23 11:16:00,34.02,34.035,34.02,34.02,6840.0,FNF
2023-03-23 11:15:00,34.015,34.015,34.01,34.01,1214.0,FNF
2023-03-23 11:14:00,34.05,34.05,34.01,34.01,1606.0,FNF
2023-03-23 11:13:00,34.04,34.055,34.04,34.05,6616.0,FNF
2023-03-23 11:12:00,34.04,34.04,34.04,34.04,794.0,FNF
2023-03-23 11:11:00,34.05,34.055,34.035,34.055,5834.0,FNF
2023-03-23 11:10:00,34.06,34.06,34.055,34.06,2822.0,FNF
2023-03-23 11:09:00,34.05,34.08,34.05,34.0601,7109.0,FNF
2023-03-23 11:08:00,34.05,34.055,34.04,34.04,2287.0,FNF
2023-03-23 11:07:00,34.05,34.05,34.045,34.05,1544.0,FNF
2023-03-23 11:06:00,34.01,34.05,34.0001,34.05,5506.0,FNF
2023-03-23 11:05:00,34.01,34.03,34.01,34.01,2920.0,FNF
2023-03-23 11:04:00,34.02,34.02,34.01,34.01,491.0,FNF
2023-03-23 11:03:00,34.05,34.06,34.04,34.04,4571.0,FNF
2023-03-23 11:02:00,34.06,34.06,34.05,34.05,795.0,FNF
2023-03-23 11:01:00,34.02,34.06,34.02,34.06,2874.0,FNF
2023-03-23 11:00:00,34.01,34.02,34.0,34.01,3997.0,FNF
2023-03-23 10:59:00,34.045,34.045,34.03,34.03,1233.0,FNF
2023-03-23 10:58:00,34.045,34.045,34.035,34.045,1972.0,FNF
2023-03-23 10:57:00,34.0798,34.0798,34.05,34.05,1096.0,FNF
2023-03-23 10:56:00,34.0401,34.07,34.04,34.07,3919.0,FNF
2023-03-23 10:55:00,34.06,34.07,34.06,34.07,928.0,FNF
2023-03-23 10:54:00,34.03,34.055,34.03,34.055,1011.0,FNF
2023-03-23 10:53:00,34.03,34.045,34.0,34.02,5481.0,FNF
2023-03-23 10:52:00,34.02,34.025,34.01,34.02,1128.0,FNF
2023-03-23 10:51:00,34.02,34.02,34.005,34.005,9050.0,FNF
2023-03-23 10:50:00,34.02,34.02,34.01,34.015,892.0,FNF
2023-03-23 10:49:00,34.01,34.025,33.995,34.01,15139.0,FNF
2023-03-23 10:48:00,33.99,34.0,33.98,34.0,4250.0,FNF
2023-03-23 10:47:00,33.97,34.03,33.97,33.99,5937.0,FNF
2023-03-23 10:46:00,33.97,33.97,33.96,33.969,3179.0,FNF
2023-03-23 10:45:00,33.99,33.99,33.96,33.98,1513.0,FNF
2023-03-23 10:44:00,33.99,34.02,33.99,33.995,4972.0,FNF
2023-03-23 10:43:00,34.01,34.01,33.99,34.0,3242.0,FNF
2023-03-23 10:42:00,34.01,34.01,34.0,34.0,1468.0,FNF
2023-03-23 10:41:00,34.0,34.01,33.99,34.01,2144.0,FNF
2023-03-23 10:40:00,34.05,34.05,34.0,34.0,3726.0,FNF
2023-03-23 10:39:00,33.9901,34.055,33.9901,34.055,3062.0,FNF
2023-03-23 10:38:00,33.98,34.01,33.97,34.0,7364.0,FNF
2023-03-23 10:37:00,34.015,34.018,33.97,33.975,18264.0,FNF
2023-03-23 10:36:00,34.0,34.03,33.99,33.99,18867.0,FNF
2023-03-23 10:35:00,33.99,33.99,33.97,33.99,2476.0,FNF
2023-03-23 10:34:00,34.01,34.01,33.97,33.99,6882.0,FNF
2023-03-23 10:33:00,34.03,34.04,34.02,34.02,5909.0,FNF
2023-03-23 10:32:00,34.02,34.05,34.01,34.045,3001.0,FNF
2023-03-23 10:31:00,34.03,34.03,34.0,34.02,2103.0,FNF
2023-03-23 10:30:00,34.045,34.045,34.025,34.03,2109.0,FNF
2023-03-23 10:29:00,34.02,34.045,34.0,34.04,5280.0,FNF
2023-03-23 10:28:00,34.03,34.05,34.02,34.02,2369.0,FNF
2023-03-23 10:27:00,34.0799,34.085,34.02,34.03,6007.0,FNF
2023-03-23 10:26:00,34.0196,34.07,34.01,34.07,4029.0,FNF
2023-03-23 10:25:00,34.0,34.039,34.0,34.039,2983.0,FNF
2023-03-23 10:24:00,34.0,34.01,33.97,33.98,3787.0,FNF
2023-03-23 10:23:00,33.975,34.0,33.97,34.0,1451.0,FNF
2023-03-23 10:22:00,33.94,34.0,33.94,33.98,6416.0,FNF
2023-03-23 10:21:00,33.93,33.94,33.9,33.93,2797.0,FNF
2023-03-23 10:20:00,33.94,33.97,33.94,33.96,2972.0,FNF
2023-03-23 10:19:00,33.96,33.96,33.95,33.95,2243.0,FNF
2023-03-23 10:18:00,34.0,34.02,33.96,33.96,3630.0,FNF
2023-03-23 10:17:00,34.01,34.01,33.99,33.99,3209.0,FNF
2023-03-23 10:16:00,34.0,34.02,34.0,34.02,3343.0,FNF
2023-03-23 10:15:00,34.0,34.0,33.99,33.995,826.0,FNF
2023-03-23 10:14:00,34.0054,34.01,33.98,34.0,5201.0,FNF
2023-03-23 10:13:00,33.981,34.015,33.98,34.015,3558.0,FNF
2023-03-23 10:12:00,34.03,34.03,33.99,33.99,2091.0,FNF
2023-03-23 10:11:00,34.02,34.06,34.02,34.05,2588.0,FNF
2023-03-23 10:10:00,33.98,34.005,33.98,34.0,4244.0,FNF
2023-03-23 10:09:00,33.96,33.98,33.96,33.98,3216.0,FNF
2023-03-23 10:08:00,33.98,33.98,33.95,33.95,1866.0,FNF
2023-03-23 10:07:00,33.905,33.98,33.9,33.98,2416.0,FNF
2023-03-23 10:06:00,33.85,33.89,33.83,33.88,7833.0,FNF
2023-03-23 10:05:00,33.96,33.96,33.84,33.85,10655.0,FNF
2023-03-23 10:04:00,33.96,33.9782,33.96,33.97,2068.0,FNF
2023-03-23 10:03:00,33.98,34.0,33.97,33.97,3444.0,FNF
2023-03-23 10:02:00,33.98,33.98,33.97,33.98,3161.0,FNF
2023-03-23 10:01:00,34.02,34.04,34.0,34.0,3388.0,FNF
2023-03-23 10:00:00,34.015,34.02,34.01,34.02,2405.0,FNF
2023-03-23 09:59:00,34.01,34.015,34.01,34.015,453.0,FNF
2023-03-23 09:58:00,33.99,34.01,33.99,34.01,4603.0,FNF
2023-03-23 09:57:00,33.9917,33.9917,33.97,33.98,6393.0,FNF
2023-03-23 09:56:00,33.96,34.005,33.96,33.9963,5202.0,FNF
2023-03-23 09:55:00,33.995,33.995,33.945,33.945,4230.0,FNF
2023-03-23 09:54:00,34.01,34.01,33.99,34.0,1960.0,FNF
2023-03-23 09:53:00,34.015,34.015,34.005,34.005,727.0,FNF
2023-03-23 09:52:00,34.015,34.015,34.015,34.015,253.0,FNF
2023-03-23 09:51:00,34.0236,34.0236,34.02,34.02,1303.0,FNF
2023-03-23 09:50:00,33.97,34.02,33.97,34.01,3797.0,FNF
2023-03-23 09:49:00,33.92,33.96,33.92,33.955,1194.0,FNF
2023-03-23 09:48:00,33.95,33.95,33.95,33.95,1009.0,FNF
2023-03-23 09:47:00,33.99,33.99,33.95,33.96,1788.0,FNF
2023-03-23 09:46:00,33.96,33.97,33.95,33.965,1149.0,FNF
2023-03-23 09:45:00,33.995,33.995,33.98,33.98,547.0,FNF
2023-03-23 09:44:00,33.925,34.01,33.925,34.01,2434.0,FNF
2023-03-23 09:43:00,33.97,33.97,33.92,33.92,1140.0,FNF
2023-03-23 09:42:00,33.94,33.96,33.94,33.96,775.0,FNF
2023-03-23 09:41:00,33.94,33.97,33.94,33.94,2830.0,FNF
2023-03-23 09:40:00,33.91,33.96,33.9,33.96,3157.0,FNF
2023-03-23 09:39:00,33.91,33.91,33.9,33.905,744.0,FNF
2023-03-23 09:38:00,33.905,33.91,33.905,33.905,401.0,FNF
2023-03-23 09:37:00,33.91,33.9187,33.91,33.9187,860.0,FNF
2023-03-23 09:36:00,34.0064,34.02,33.94,33.965,1676.0,FNF
2023-03-23 09:35:00,33.96,33.96,33.96,33.96,107.0,FNF
2023-03-23 09:34:00,34.02,34.02,34.01,34.02,417.0,FNF
2023-03-23 09:33:00,33.965,33.965,33.965,33.965,227.0,FNF
2023-03-23 09:32:00,33.95,34.0,33.8901,33.965,2475.0,FNF
2023-03-23 09:31:00,33.99,34.0,33.99,34.0,7256.0,FNF
2023-03-22 16:01:00,33.97,33.97,33.97,33.97,23546.0,FNF
2023-03-22 16:00:00,34.0,34.01,33.96,33.98,65817.0,FNF
2023-03-22 15:59:00,34.035,34.04,34.0,34.0,34575.0,FNF
2023-03-22 15:58:00,34.045,34.07,34.03,34.035,42546.0,FNF
2023-03-22 15:57:00,34.035,34.05,34.03,34.045,15146.0,FNF
2023-03-22 15:56:00,34.08,34.08,34.01,34.035,32204.0,FNF
2023-03-22 15:55:00,34.115,34.115,34.075,34.08,25719.0,FNF
2023-03-22 15:54:00,34.08,34.115,34.07,34.115,40002.0,FNF
2023-03-22 15:53:00,34.075,34.1,34.06,34.085,36147.0,FNF
2023-03-22 15:52:00,34.095,34.1,34.06,34.075,17984.0,FNF
2023-03-22 15:51:00,34.11,34.11,34.06,34.095,12749.0,FNF
2023-03-22 15:50:00,34.105,34.12,34.09,34.11,5775.0,FNF
2023-03-22 15:49:00,34.09,34.1,34.07,34.1,10158.0,FNF
2023-03-22 15:48:00,34.07,34.12,34.06,34.1,28673.0,FNF
2023-03-22 15:47:00,34.065,34.1,34.03,34.075,7422.0,FNF
2023-03-22 15:46:00,34.12,34.13,34.06,34.06,7248.0,FNF
2023-03-22 15:45:00,34.17,34.17,34.13,34.145,6079.0,FNF
2023-03-22 15:44:00,34.21,34.21,34.16,34.17,7342.0,FNF
2023-03-22 15:43:00,34.1709,34.21,34.165,34.21,9681.0,FNF
2023-03-22 15:42:00,34.245,34.245,34.17,34.175,5348.0,FNF
2023-03-22 15:41:00,34.21,34.25,34.21,34.25,14528.0,FNF
2023-03-22 15:40:00,34.17,34.2103,34.17,34.2,5212.0,FNF
2023-03-22 15:39:00,34.18,34.18,34.17,34.18,3386.0,FNF
2023-03-22 15:38:00,34.15,34.22,34.15,34.2,14496.0,FNF
2023-03-22 15:37:00,34.145,34.15,34.1,34.15,5377.0,FNF
2023-03-22 15:36:00,34.165,34.2,34.165,34.17,6371.0,FNF
2023-03-22 15:35:00,34.125,34.15,34.12,34.15,8635.0,FNF
2023-03-22 15:34:00,34.17,34.17,34.12,34.12,5578.0,FNF
2023-03-22 15:33:00,34.11,34.155,34.11,34.15,6694.0,FNF
2023-03-22 15:32:00,34.15,34.165,34.08,34.095,13125.0,FNF
2023-03-22 15:31:00,34.16,34.185,34.15,34.16,13141.0,FNF
2023-03-22 15:30:00,34.12,34.17,34.12,34.16,5913.0,FNF
2023-03-22 15:29:00,34.1,34.13,34.1,34.11,9110.0,FNF
2023-03-22 15:28:00,34.09,34.16,34.09,34.1,137134.0,FNF
2023-03-22 15:27:00,34.135,34.16,34.13,34.13,1455.0,FNF
2023-03-22 15:26:00,34.17,34.18,34.14,34.14,4339.0,FNF
2023-03-22 15:25:00,34.19,34.21,34.1412,34.1412,5459.0,FNF
2023-03-22 15:24:00,34.225,34.245,34.17,34.19,7799.0,FNF
2023-03-22 15:23:00,34.25,34.28,34.23,34.23,4375.0,FNF
2023-03-22 15:22:00,34.25,34.285,34.23,34.24,7749.0,FNF
2023-03-22 15:21:00,34.17,34.24,34.15,34.19,3752.0,FNF
2023-03-22 15:20:00,34.2,34.21,34.15,34.16,4211.0,FNF
2023-03-22 15:19:00,34.19,34.19,34.19,34.19,771.0,FNF
2023-03-22 15:18:00,34.17,34.23,34.17,34.21,6530.0,FNF
2023-03-22 15:17:00,34.13,34.1616,34.12,34.1616,3463.0,FNF
2023-03-22 15:16:00,34.16,34.18,34.15,34.15,1414.0,FNF
2023-03-22 15:15:00,34.08,34.15,34.07,34.13,4029.0,FNF
2023-03-22 15:14:00,34.11,34.11,34.09,34.095,1260.0,FNF
2023-03-22 15:13:00,34.12,34.13,34.11,34.11,2365.0,FNF
2023-03-22 15:12:00,34.17,34.22,34.13,34.13,5313.0,FNF
2023-03-22 15:11:00,34.19,34.24,34.17,34.17,4356.0,FNF
2023-03-22 15:10:00,34.16,34.18,34.11,34.17,6888.0,FNF
2023-03-22 15:09:00,34.19,34.19,34.11,34.16,9615.0,FNF
2023-03-22 15:08:00,34.16,34.21,34.16,34.21,15361.0,FNF
2023-03-22 15:07:00,34.17,34.185,34.14,34.185,4194.0,FNF
2023-03-22 15:06:00,34.17,34.21,34.16,34.17,3780.0,FNF
2023-03-22 15:05:00,34.25,34.255,34.18,34.18,5633.0,FNF
2023-03-22 15:04:00,34.28,34.29,34.23,34.265,5478.0,FNF
2023-03-22 15:03:00,34.27,34.31,34.27,34.305,2466.0,FNF
2023-03-22 15:02:00,34.315,34.315,34.27,34.295,6365.0,FNF
2023-03-22 15:01:00,34.31,34.35,34.2901,34.33,5737.0,FNF
2023-03-22 15:00:00,34.37,34.375,34.31,34.32,10657.0,FNF
2023-03-22 14:59:00,34.42,34.42,34.35,34.38,7487.0,FNF
2023-03-22 14:58:00,34.41,34.445,34.41,34.41,4325.0,FNF
2023-03-22 14:57:00,34.42,34.42,34.38,34.42,4006.0,FNF
2023-03-22 14:56:00,34.43,34.45,34.415,34.44,3531.0,FNF
2023-03-22 14:55:00,34.465,34.49,34.41,34.42,4551.0,FNF
2023-03-22 14:54:00,34.56,34.56,34.4459,34.4459,4930.0,FNF
2023-03-22 14:53:00,34.58,34.59,34.575,34.58,2044.0,FNF
2023-03-22 14:52:00,34.59,34.61,34.58,34.58,2697.0,FNF
2023-03-22 14:51:00,34.59,34.6,34.57,34.59,2651.0,FNF
2023-03-22 14:50:00,34.64,34.64,34.58,34.58,1299.0,FNF
2023-03-22 14:49:00,34.63,34.65,34.63,34.63,3338.0,FNF
2023-03-22 14:48:00,34.62,34.63,34.6,34.63,2796.0,FNF
2023-03-22 14:47:00,34.56,34.6438,34.56,34.6438,3123.0,FNF
2023-03-22 14:46:00,34.52,34.55,34.52,34.55,2114.0,FNF
2023-03-22 14:45:00,34.58,34.58,34.55,34.55,1423.0,FNF
2023-03-22 14:44:00,34.56,34.6,34.55,34.6,1605.0,FNF
2023-03-22 14:43:00,34.55,34.59,34.52,34.551,3825.0,FNF
2023-03-22 14:42:00,34.49,34.54,34.49,34.52,3911.0,FNF
2023-03-22 14:41:00,34.43,34.52,34.43,34.485,4543.0,FNF
2023-03-22 14:40:00,34.46,34.46,34.42,34.42,629.0,FNF
2023-03-22 14:39:00,34.47,34.48,34.44,34.47,5168.0,FNF
2023-03-22 14:38:00,34.29,34.435,34.28,34.425,5104.0,FNF
2023-03-22 14:37:00,34.3,34.31,34.25,34.31,5683.0,FNF
2023-03-22 14:36:00,34.4,34.41,34.31,34.32,3342.0,FNF
2023-03-22 14:35:00,34.46,34.46,34.42,34.42,4947.0,FNF
2023-03-22 14:34:00,34.495,34.52,34.44,34.48,10757.0,FNF
2023-03-22 14:33:00,34.52,34.54,34.48,34.51,8479.0,FNF
2023-03-22 14:32:00,34.4,34.51,34.395,34.51,5522.0,FNF
2023-03-22 14:31:00,34.46,34.47,34.415,34.415,2170.0,FNF
2023-03-22 14:30:00,34.46,34.46,34.46,34.46,858.0,FNF
2023-03-22 14:29:00,34.465,34.47,34.46,34.46,1739.0,FNF
2023-03-22 14:28:00,34.46,34.49,34.46,34.48,2878.0,FNF
2023-03-22 14:27:00,34.43,34.43,34.43,34.43,212.0,FNF
2023-03-22 14:26:00,34.47,34.49,34.43,34.44,8664.0,FNF
2023-03-22 14:25:00,34.47,34.47,34.46,34.47,1566.0,FNF
2023-03-22 14:24:00,34.47,34.49,34.47,34.49,2938.0,FNF
2023-03-22 14:23:00,34.52,34.52,34.45,34.48,2606.0,FNF
2023-03-22 14:22:00,34.485,34.54,34.485,34.52,1509.0,FNF
2023-03-22 14:21:00,34.5799,34.5799,34.48,34.48,2093.0,FNF
2023-03-22 14:20:00,34.52,34.59,34.52,34.55,4023.0,FNF
2023-03-22 14:19:00,34.47,34.5,34.46,34.5,1766.0,FNF
2023-03-22 14:18:00,34.47,34.5,34.47,34.48,1922.0,FNF
2023-03-22 14:17:00,34.51,34.51,34.44,34.4509,3404.0,FNF
2023-03-22 14:16:00,34.5,34.53,34.5,34.52,6119.0,FNF
2023-03-22 14:15:00,34.51,34.51,34.49,34.5,5573.0,FNF
2023-03-22 14:14:00,34.61,34.61,34.52,34.53,4104.0,FNF
2023-03-22 14:13:00,34.59,34.65,34.59,34.61,3269.0,FNF
2023-03-22 14:12:00,34.57,34.59,34.57,34.58,1426.0,FNF
2023-03-22 14:11:00,34.57,34.59,34.555,34.57,6531.0,FNF
2023-03-22 14:10:00,34.555,34.57,34.55,34.56,2362.0,FNF
2023-03-22 14:09:00,34.62,34.63,34.555,34.555,3124.0,FNF
2023-03-22 14:08:00,34.68,34.68,34.63,34.63,2328.0,FNF
2023-03-22 14:07:00,34.67,34.705,34.67,34.7,1435.0,FNF
2023-03-22 14:06:00,34.575,34.66,34.575,34.66,2194.0,FNF
2023-03-22 14:05:00,34.53,34.58,34.53,34.57,1434.0,FNF
2023-03-22 14:04:00,34.5,34.54,34.5,34.54,2033.0,FNF
2023-03-22 14:03:00,34.49,34.58,34.46,34.48,45567.0,FNF
2023-03-22 14:02:00,34.48,34.48,34.445,34.48,2682.0,FNF
2023-03-22 14:01:00,34.33,34.46,34.32,34.46,4676.0,FNF
2023-03-22 14:00:00,34.315,34.32,34.315,34.32,1510.0,FNF
2023-03-22 13:59:00,34.3009,34.33,34.3,34.33,1830.0,FNF
2023-03-22 13:58:00,34.345,34.345,34.3,34.3,2802.0,FNF
2023-03-22 13:57:00,34.33,34.34,34.325,34.34,2612.0,FNF
2023-03-22 13:56:00,34.315,34.335,34.31,34.335,5217.0,FNF
2023-03-22 13:55:00,34.3,34.31,34.295,34.3029,3313.0,FNF
2023-03-22 13:54:00,34.3,34.3,34.3,34.3,708.0,FNF
2023-03-22 13:53:00,34.31,34.31,34.305,34.305,640.0,FNF
2023-03-22 13:52:00,34.31,34.31,34.31,34.31,692.0,FNF
2023-03-22 13:51:00,34.3,34.315,34.3,34.305,3600.0,FNF
2023-03-22 13:50:00,34.3,34.3,34.3,34.3,884.0,FNF
2023-03-22 13:49:00,34.295,34.3,34.295,34.3,1347.0,FNF
2023-03-22 13:48:00,34.3,34.3,34.295,34.295,763.0,FNF
2023-03-22 13:47:00,34.325,34.33,34.31,34.31,1781.0,FNF
2023-03-22 13:46:00,34.315,34.33,34.315,34.33,735.0,FNF
2023-03-22 13:45:00,34.3089,34.32,34.3,34.32,2377.0,FNF
2023-03-22 13:44:00,34.285,34.305,34.285,34.305,3313.0,FNF
2023-03-22 13:43:00,34.285,34.285,34.285,34.285,430.0,FNF
2023-03-22 13:42:00,34.29,34.295,34.29,34.29,1399.0,FNF
2023-03-22 13:41:00,34.28,34.28,34.27,34.28,1242.0,FNF
2023-03-22 13:40:00,34.315,34.32,34.28,34.28,2238.0,FNF
2023-03-22 13:39:00,34.3,34.31,34.3,34.31,1242.0,FNF
2023-03-22 13:38:00,34.26,34.31,34.26,34.305,3475.0,FNF
2023-03-22 13:37:00,34.3,34.3,34.27,34.27,17203.0,FNF
2023-03-22 13:36:00,34.31,34.31,34.3,34.3,2427.0,FNF
2023-03-22 13:35:00,34.3,34.31,34.3,34.31,2507.0,FNF
2023-03-22 13:34:00,34.31,34.31,34.3,34.3,1623.0,FNF
2023-03-22 13:33:00,34.32,34.32,34.3183,34.3183,1093.0,FNF
2023-03-22 13:32:00,34.33,34.33,34.325,34.325,823.0,FNF
2023-03-22 13:31:00,34.31,34.33,34.31,34.33,1615.0,FNF
2023-03-22 13:30:00,34.295,34.3,34.29,34.3,3052.0,FNF
2023-03-22 13:29:00,34.285,34.29,34.285,34.29,1623.0,FNF
2023-03-22 13:28:00,34.28,34.28,34.27,34.28,1783.0,FNF
2023-03-22 13:27:00,34.26,34.28,34.26,34.275,3939.0,FNF
2023-03-22 13:26:00,34.26,34.2601,34.26,34.26,1899.0,FNF
2023-03-22 13:25:00,34.29,34.29,34.27,34.27,1169.0,FNF
2023-03-22 13:24:00,34.3,34.3,34.28,34.3,1794.0,FNF
2023-03-22 13:23:00,34.305,34.308,34.3,34.308,718.0,FNF
2023-03-22 13:22:00,34.3,34.3,34.3,34.3,1879.0,FNF
2023-03-22 13:21:00,34.26,34.28,34.26,34.28,2713.0,FNF
2023-03-22 13:20:00,34.25,34.26,34.24,34.26,2950.0,FNF
2023-03-22 13:19:00,34.21,34.24,34.2,34.24,2567.0,FNF
2023-03-22 13:17:00,34.22,34.24,34.22,34.24,2373.0,FNF
2023-03-22 13:16:00,34.23,34.23,34.23,34.23,1468.0,FNF
2023-03-22 13:15:00,34.24,34.24,34.238,34.238,343.0,FNF
2023-03-22 13:14:00,34.24,34.25,34.24,34.25,315.0,FNF
2023-03-22 13:13:00,34.26,34.26,34.23,34.23,2664.0,FNF
2023-03-22 13:12:00,34.23,34.26,34.23,34.26,2572.0,FNF
2023-03-22 13:11:00,34.21,34.23,34.21,34.23,2393.0,FNF
2023-03-22 13:10:00,34.22,34.22,34.21,34.2186,981.0,FNF
2023-03-22 13:09:00,34.23,34.23,34.2299,34.2299,311.0,FNF
2023-03-22 13:08:00,34.25,34.255,34.235,34.235,1542.0,FNF
2023-03-22 13:07:00,34.26,34.26,34.235,34.248,1602.0,FNF
2023-03-22 13:06:00,34.27,34.28,34.27,34.27,2043.0,FNF
2023-03-22 13:05:00,34.26,34.26,34.25,34.25,250.0,FNF
2023-03-22 13:04:00,34.29,34.29,34.27,34.27,1654.0,FNF
2023-03-22 13:03:00,34.315,34.315,34.3,34.3,478.0,FNF
2023-03-22 13:02:00,34.3,34.31,34.3,34.3,1092.0,FNF
2023-03-22 13:01:00,34.31,34.32,34.3044,34.32,2896.0,FNF
2023-03-22 13:00:00,34.3,34.32,34.3,34.31,1750.0,FNF
2023-03-22 12:59:00,34.28,34.29,34.2701,34.29,3652.0,FNF
2023-03-22 12:58:00,34.28,34.29,34.28,34.29,365.0,FNF
2023-03-22 12:57:00,34.32,34.32,34.28,34.28,1867.0,FNF
2023-03-22 12:55:00,34.33,34.33,34.33,34.33,225.0,FNF
2023-03-22 12:54:00,34.31,34.34,34.31,34.33,3717.0,FNF
2023-03-22 12:53:00,34.33,34.33,34.3116,34.3116,390.0,FNF
2023-03-22 12:52:00,34.34,34.34,34.32,34.322,881.0,FNF
2023-03-22 12:51:00,34.34,34.38,34.33,34.37,3603.0,FNF
2023-03-22 12:50:00,34.3323,34.3323,34.33,34.33,734.0,FNF
2023-03-22 12:49:00,34.28,34.33,34.27,34.31,3056.0,FNF
2023-03-22 12:48:00,34.22,34.36,34.2,34.28,85498.0,FNF
2023-03-22 12:47:00,34.22,34.22,34.1975,34.2,2306.0,FNF
2023-03-22 12:46:00,34.2299,34.23,34.225,34.23,1333.0,FNF
2023-03-22 12:45:00,34.2,34.22,34.2,34.22,4403.0,FNF
2023-03-22 12:44:00,34.195,34.21,34.195,34.2,2174.0,FNF
2023-03-22 12:43:00,34.195,34.195,34.195,34.195,564.0,FNF
2023-03-22 12:42:00,34.195,34.2,34.195,34.195,1412.0,FNF
2023-03-22 12:41:00,34.21,34.21,34.195,34.2,1197.0,FNF
2023-03-22 12:40:00,34.195,34.21,34.195,34.2,2073.0,FNF
2023-03-22 12:39:00,34.2,34.2044,34.1997,34.2,1691.0,FNF
2023-03-22 12:38:00,34.2,34.2,34.19,34.2,3959.0,FNF
2023-03-22 12:37:00,34.19,34.2,34.19,34.2,257.0,FNF
2023-03-22 12:36:00,34.2,34.21,34.19,34.2,3719.0,FNF
2023-03-22 12:35:00,34.195,34.195,34.19,34.19,658.0,FNF
2023-03-22 12:34:00,34.21,34.21,34.2087,34.21,814.0,FNF
2023-03-22 12:33:00,34.21,34.21,34.19,34.2,3682.0,FNF
2023-03-22 12:32:00,34.22,34.22,34.22,34.22,1180.0,FNF
2023-03-22 12:31:00,34.2,34.21,34.2,34.2057,3403.0,FNF
2023-03-22 12:30:00,34.2112,34.2112,34.19,34.2,6422.0,FNF
2023-03-22 12:29:00,34.21,34.21,34.21,34.21,227.0,FNF
2023-03-22 12:28:00,34.225,34.225,34.21,34.2198,2004.0,FNF
2023-03-22 12:27:00,34.22,34.23,34.21,34.23,1258.0,FNF
2023-03-22 12:26:00,34.2,34.21,34.2,34.2,743.0,FNF
2023-03-22 12:25:00,34.18,34.2,34.18,34.2,1743.0,FNF
2023-03-22 12:24:00,34.18,34.1839,34.175,34.1839,1924.0,FNF
2023-03-22 12:23:00,34.15,34.18,34.15,34.18,2545.0,FNF
2023-03-22 12:22:00,34.15,34.15,34.1373,34.14,1354.0,FNF
2023-03-22 12:21:00,34.12,34.16,34.12,34.16,3517.0,FNF
2023-03-22 12:20:00,34.13,34.13,34.115,34.115,1333.0,FNF
2023-03-22 12:19:00,34.15,34.15,34.14,34.14,1654.0,FNF
2023-03-22 12:18:00,34.17,34.17,34.1396,34.1396,3681.0,FNF
2023-03-22 12:17:00,34.19,34.19,34.17,34.17,3251.0,FNF
2023-03-22 12:16:00,34.185,34.19,34.185,34.185,757.0,FNF
2023-03-22 12:15:00,34.19,34.19,34.19,34.19,1509.0,FNF
2023-03-22 12:14:00,34.19,34.19,34.19,34.19,1049.0,FNF
2023-03-22 12:13:00,34.175,34.19,34.175,34.18,1514.0,FNF
2023-03-22 12:12:00,34.195,34.2,34.18,34.18,1264.0,FNF
2023-03-22 12:11:00,34.21,34.21,34.19,34.195,3370.0,FNF
2023-03-22 12:10:00,34.2117,34.2117,34.21,34.21,1128.0,FNF
2023-03-22 12:09:00,34.2,34.24,34.2,34.23,2240.0,FNF
2023-03-22 12:08:00,34.15,34.2,34.15,34.2,5497.0,FNF
2023-03-22 12:07:00,34.17,34.185,34.14,34.14,2436.0,FNF
2023-03-22 12:06:00,34.195,34.195,34.18,34.18,2643.0,FNF
2023-03-22 12:05:00,34.22,34.22,34.19,34.19,1644.0,FNF
2023-03-22 12:04:00,34.19,34.21,34.19,34.21,1512.0,FNF
2023-03-22 12:03:00,34.165,34.195,34.16,34.19,2336.0,FNF
2023-03-22 12:02:00,34.18,34.18,34.16,34.165,1613.0,FNF
2023-03-22 12:01:00,34.18,34.195,34.18,34.18,1765.0,FNF
2023-03-22 12:00:00,34.181,34.181,34.17,34.18,1236.0,FNF
2023-03-22 11:59:00,34.2,34.2,34.18,34.18,2070.0,FNF
2023-03-22 11:58:00,34.191,34.21,34.191,34.21,1197.0,FNF
2023-03-22 11:57:00,34.21,34.21,34.2,34.2,471.0,FNF
2023-03-22 11:56:00,34.19,34.21,34.18,34.205,2220.0,FNF
2023-03-22 11:55:00,34.2,34.2,34.19,34.19,1406.0,FNF
2023-03-22 11:54:00,34.18,34.2,34.18,34.2,994.0,FNF
2023-03-22 11:53:00,34.18,34.185,34.17,34.17,1872.0,FNF
2023-03-22 11:52:00,34.18,34.2,34.18,34.2,1347.0,FNF
2023-03-22 11:51:00,34.165,34.18,34.15,34.18,3056.0,FNF
2023-03-22 11:50:00,34.23,34.23,34.16,34.16,8894.0,FNF
2023-03-22 11:49:00,34.225,34.23,34.225,34.23,708.0,FNF
2023-03-22 11:48:00,34.22,34.23,34.21,34.22,3427.0,FNF
2023-03-22 11:47:00,34.22,34.22,34.195,34.21,4091.0,FNF
2023-03-22 11:46:00,34.19,34.255,34.19,34.22,108139.0,FNF
2023-03-22 11:45:00,34.17,34.18,34.16,34.18,2737.0,FNF
2023-03-22 11:44:00,34.17,34.18,34.165,34.1662,7943.0,FNF
2023-03-22 11:43:00,34.2,34.22,34.17,34.17,4249.0,FNF
2023-03-22 11:42:00,34.25,34.25,34.205,34.205,3825.0,FNF
2023-03-22 11:41:00,34.22,34.245,34.22,34.245,2041.0,FNF
2023-03-22 11:40:00,34.265,34.29,34.23,34.23,3854.0,FNF
2023-03-22 11:39:00,34.26,34.28,34.25,34.265,7782.0,FNF
2023-03-22 11:38:00,34.28,34.28,34.27,34.27,2399.0,FNF
2023-03-22 11:37:00,34.3112,34.325,34.28,34.29,6646.0,FNF
2023-03-22 11:36:00,34.3101,34.32,34.31,34.31,1702.0,FNF
2023-03-22 11:35:00,34.35,34.35,34.325,34.325,3909.0,FNF
2023-03-22 11:34:00,34.35,34.35,34.35,34.35,1057.0,FNF
2023-03-22 11:33:00,34.36,34.37,34.35,34.36,3806.0,FNF
2023-03-22 11:32:00,34.35,34.365,34.35,34.3544,2028.0,FNF
2023-03-22 11:31:00,34.35,34.355,34.35,34.35,680.0,FNF
2023-03-22 11:30:00,34.35,34.35,34.335,34.35,3912.0,FNF
2023-03-22 11:29:00,34.32,34.345,34.32,34.34,3236.0,FNF
2023-03-22 11:28:00,34.35,34.35,34.33,34.33,2500.0,FNF
2023-03-22 11:27:00,34.38,34.38,34.35,34.35,1988.0,FNF
2023-03-22 11:26:00,34.4,34.4,34.38,34.38,3483.0,FNF
2023-03-22 11:25:00,34.39,34.4,34.39,34.39,1293.0,FNF
2023-03-22 11:24:00,34.4,34.4,34.39,34.4,2143.0,FNF
2023-03-22 11:23:00,34.4,34.4,34.4,34.4,1449.0,FNF
2023-03-22 11:22:00,34.42,34.43,34.41,34.41,985.0,FNF
2023-03-22 11:21:00,34.39,34.415,34.39,34.4001,6095.0,FNF
2023-03-22 11:20:00,34.42,34.42,34.38,34.38,2267.0,FNF
2023-03-22 11:19:00,34.425,34.425,34.41,34.42,3153.0,FNF
2023-03-22 11:18:00,34.415,34.42,34.41,34.42,2214.0,FNF
2023-03-22 11:17:00,34.43,34.43,34.405,34.42,2797.0,FNF
2023-03-22 11:16:00,34.44,34.5,34.43,34.43,11750.0,FNF
2023-03-22 11:15:00,34.445,34.445,34.42,34.43,6129.0,FNF
2023-03-22 11:14:00,34.45,34.45,34.43,34.45,4368.0,FNF
2023-03-22 11:13:00,34.47,34.47,34.45,34.45,3467.0,FNF
2023-03-22 11:12:00,34.49,34.5,34.48,34.48,809.0,FNF
2023-03-22 11:11:00,34.49,34.5,34.485,34.49,1547.0,FNF
2023-03-22 11:10:00,34.49,34.5,34.49,34.5,4039.0,FNF
2023-03-22 11:09:00,34.53,34.53,34.49,34.49,3181.0,FNF
2023-03-22 11:08:00,34.54,34.54,34.52,34.53,3454.0,FNF
2023-03-22 11:07:00,34.53,34.53,34.52,34.52,498.0,FNF
2023-03-22 11:06:00,34.52,34.53,34.52,34.53,501.0,FNF
2023-03-22 11:05:00,34.53,34.54,34.53,34.53,879.0,FNF
2023-03-22 11:04:00,34.56,34.57,34.55,34.55,997.0,FNF
2023-03-22 11:03:00,34.57,34.57,34.53,34.56,2423.0,FNF
2023-03-22 11:02:00,34.58,34.58,34.58,34.58,205.0,FNF
2023-03-22 11:01:00,34.62,34.63,34.62,34.62,869.0,FNF
2023-03-22 11:00:00,34.58,34.6,34.58,34.6,2475.0,FNF
2023-03-22 10:59:00,34.545,34.585,34.545,34.585,1892.0,FNF
2023-03-22 10:58:00,34.53,34.545,34.51,34.545,5574.0,FNF
2023-03-22 10:57:00,34.535,34.54,34.5201,34.54,3488.0,FNF
2023-03-22 10:56:00,34.57,34.57,34.52,34.53,2456.0,FNF
2023-03-22 10:55:00,34.57,34.575,34.54,34.57,5234.0,FNF
2023-03-22 10:54:00,34.57,34.61,34.57,34.58,5064.0,FNF
2023-03-22 10:53:00,34.62,34.62,34.58,34.58,13262.0,FNF
2023-03-22 10:52:00,34.65,34.65,34.61,34.625,13189.0,FNF
2023-03-22 10:51:00,34.6359,34.67,34.62,34.64,6884.0,FNF
2023-03-22 10:50:00,34.63,34.63,34.62,34.63,2589.0,FNF
2023-03-22 10:49:00,34.64,34.64,34.62,34.62,517.0,FNF
2023-03-22 10:48:00,34.645,34.65,34.645,34.65,505.0,FNF
2023-03-22 10:47:00,34.68,34.68,34.67,34.67,764.0,FNF
2023-03-22 10:46:00,34.64,34.69,34.64,34.69,2015.0,FNF
2023-03-22 10:45:00,34.68,34.68,34.65,34.66,1727.0,FNF
2023-03-22 10:44:00,34.65,34.69,34.64,34.69,3545.0,FNF
2023-03-22 10:43:00,34.68,34.68,34.65,34.65,440.0,FNF
2023-03-22 10:42:00,34.6839,34.6839,34.67,34.675,2332.0,FNF
2023-03-22 10:41:00,34.69,34.695,34.69,34.69,1603.0,FNF
2023-03-22 10:40:00,34.69,34.69,34.675,34.68,1092.0,FNF
2023-03-22 10:39:00,34.69,34.7,34.69,34.7,1262.0,FNF
2023-03-22 10:38:00,34.71,34.715,34.68,34.69,1267.0,FNF
2023-03-22 10:37:00,34.68,34.71,34.68,34.71,2177.0,FNF
2023-03-22 10:36:00,34.64,34.67,34.64,34.67,1522.0,FNF
2023-03-22 10:35:00,34.7,34.705,34.64,34.64,1192.0,FNF
2023-03-22 10:34:00,34.75,34.75,34.71,34.72,1149.0,FNF
2023-03-22 10:33:00,34.74,34.75,34.74,34.75,750.0,FNF
2023-03-22 10:32:00,34.725,34.75,34.71,34.75,1996.0,FNF
2023-03-22 10:31:00,34.74,34.74,34.73,34.73,1878.0,FNF
2023-03-22 10:30:00,34.73,34.745,34.73,34.745,725.0,FNF
2023-03-22 10:29:00,34.689,34.74,34.689,34.74,1816.0,FNF
2023-03-22 10:28:00,34.61,34.68,34.61,34.68,2803.0,FNF
2023-03-22 10:27:00,34.62,34.62,34.595,34.6,2583.0,FNF
2023-03-22 10:26:00,34.605,34.625,34.595,34.62,9351.0,FNF
2023-03-22 10:25:00,34.575,34.62,34.575,34.6,12519.0,FNF
2023-03-22 10:24:00,34.59,34.59,34.565,34.565,572.0,FNF
2023-03-22 10:23:00,34.605,34.62,34.605,34.62,650.0,FNF
2023-03-22 10:22:00,34.63,34.64,34.6,34.61,2158.0,FNF
2023-03-22 10:21:00,34.57,34.61,34.57,34.61,4776.0,FNF
2023-03-22 10:20:00,34.6198,34.62,34.57,34.57,2204.0,FNF
2023-03-22 10:19:00,34.6,34.62,34.6,34.62,1575.0,FNF
2023-03-22 10:18:00,34.58,34.591,34.58,34.59,2286.0,FNF
2023-03-22 10:17:00,34.56,34.57,34.56,34.56,1754.0,FNF
2023-03-22 10:16:00,34.58,34.58,34.57,34.57,1445.0,FNF
2023-03-22 10:15:00,34.59,34.61,34.58,34.58,743.0,FNF
2023-03-22 10:14:00,34.585,34.62,34.585,34.59,2756.0,FNF
2023-03-22 10:13:00,34.6,34.6,34.6,34.6,251.0,FNF
2023-03-22 10:12:00,34.65,34.65,34.6,34.62,2186.0,FNF
2023-03-22 10:11:00,34.672,34.695,34.67,34.67,3547.0,FNF
2023-03-22 10:10:00,34.66,34.69,34.66,34.69,3357.0,FNF
2023-03-22 10:09:00,34.65,34.67,34.65,34.66,1241.0,FNF
2023-03-22 10:08:00,34.66,34.71,34.66,34.67,2845.0,FNF
2023-03-22 10:07:00,34.71,34.71,34.654,34.6675,2894.0,FNF
2023-03-22 10:06:00,34.705,34.72,34.705,34.715,1540.0,FNF
2023-03-22 10:05:00,34.795,34.795,34.7,34.7,2492.0,FNF
2023-03-22 10:04:00,34.79,34.81,34.78,34.81,1301.0,FNF
2023-03-22 10:03:00,34.795,34.81,34.78,34.81,1046.0,FNF
2023-03-22 10:02:00,34.79,34.83,34.79,34.82,2064.0,FNF
2023-03-22 10:01:00,34.785,34.785,34.785,34.785,606.0,FNF
2023-03-22 10:00:00,34.765,34.78,34.76,34.78,888.0,FNF
2023-03-22 09:59:00,34.735,34.76,34.735,34.75,1561.0,FNF
2023-03-22 09:58:00,34.7695,34.7695,34.73,34.73,1497.0,FNF
2023-03-22 09:57:00,34.8,34.8,34.73,34.75,2148.0,FNF
2023-03-22 09:56:00,34.79,34.805,34.79,34.805,427.0,FNF
2023-03-22 09:55:00,34.75,34.82,34.74,34.79,6214.0,FNF
2023-03-22 09:54:00,34.705,34.74,34.705,34.735,892.0,FNF
2023-03-22 09:53:00,34.74,34.74,34.7,34.7,1044.0,FNF
2023-03-22 09:52:00,34.74,34.7797,34.74,34.745,1530.0,FNF
2023-03-22 09:51:00,34.67,34.735,34.67,34.735,1271.0,FNF
2023-03-22 09:50:00,34.62,34.68,34.62,34.66,1310.0,FNF
2023-03-22 09:49:00,34.61,34.625,34.58,34.61,4661.0,FNF
2023-03-22 09:48:00,34.54,34.59,34.54,34.58,1573.0,FNF
2023-03-22 09:46:00,34.515,34.52,34.5,34.5,619.0,FNF
2023-03-22 09:45:00,34.61,34.63,34.515,34.52,9421.0,FNF
2023-03-22 09:44:00,34.6,34.63,34.6,34.63,755.0,FNF
2023-03-22 09:43:00,34.55,34.62,34.53,34.6,2751.0,FNF
2023-03-22 09:42:00,34.58,34.62,34.56,34.59,5219.0,FNF
2023-03-22 09:41:00,34.675,34.675,34.615,34.615,980.0,FNF
2023-03-22 09:40:00,34.66,34.7,34.66,34.69,1783.0,FNF
2023-03-22 09:39:00,34.64,34.66,34.61,34.64,1625.0,FNF
2023-03-22 09:38:00,34.65,34.65,34.65,34.65,151.0,FNF
2023-03-22 09:37:00,34.61,34.67,34.61,34.67,1319.0,FNF
2023-03-22 09:36:00,34.75,34.75,34.68,34.69,2898.0,FNF
2023-03-22 09:35:00,34.695,34.71,34.695,34.71,239.0,FNF
2023-03-22 09:34:00,34.705,34.78,34.64,34.78,2591.0,FNF
2023-03-22 09:33:00,34.63,34.75,34.575,34.705,3016.0,FNF
2023-03-22 09:32:00,34.515,34.6,34.515,34.57,1694.0,FNF
2023-03-22 09:31:00,34.52,34.75,34.52,34.52,17045.0,FNF
2023-03-21 17:23:00,34.4,34.45,34.4,34.45,755.0,FNF
2023-03-21 16:41:00,34.52,34.52,34.52,34.52,4458.0,FNF
2023-03-21 16:02:00,34.6,34.6,34.6,34.6,500.0,FNF
2023-03-21 16:01:00,34.52,34.57,34.52,34.57,69977.0,FNF
2023-03-21 16:00:00,34.525,34.55,34.51,34.54,71505.0,FNF
2023-03-21 15:59:00,34.515,34.53,34.505,34.525,50330.0,FNF
2023-03-21 15:58:00,34.525,34.54,34.51,34.515,33837.0,FNF
2023-03-21 15:57:00,34.505,34.52,34.495,34.52,27911.0,FNF
2023-03-21 15:56:00,34.52,34.53,34.5,34.505,14780.0,FNF
2023-03-21 15:55:00,34.515,34.52,34.5,34.52,13558.0,FNF
2023-03-21 15:54:00,34.52,34.53,34.51,34.515,8592.0,FNF
2023-03-21 15:53:00,34.515,34.53,34.51,34.525,11575.0,FNF
2023-03-21 15:52:00,34.51,34.52,34.495,34.52,11675.0,FNF
2023-03-21 15:51:00,34.54,34.55,34.4901,34.51,12578.0,FNF
2023-03-21 15:50:00,34.54,34.55,34.54,34.545,3740.0,FNF
2023-03-21 15:49:00,34.57,34.57,34.53,34.535,6520.0,FNF
2023-03-21 15:48:00,34.565,34.57,34.56,34.57,1665.0,FNF
2023-03-21 15:47:00,34.56,34.56,34.545,34.56,8633.0,FNF
2023-03-21 15:46:00,34.565,34.575,34.56,34.56,6491.0,FNF
2023-03-21 15:45:00,34.55,34.56,34.545,34.56,5686.0,FNF
2023-03-21 15:44:00,34.58,34.58,34.55,34.56,8916.0,FNF
2023-03-21 15:43:00,34.57,34.58,34.565,34.58,1726.0,FNF
2023-03-21 15:42:00,34.57,34.58,34.57,34.58,4444.0,FNF
2023-03-21 15:41:00,34.555,34.59,34.555,34.58,11340.0,FNF
2023-03-21 15:40:00,34.53,34.56,34.53,34.56,7070.0,FNF
2023-03-21 15:39:00,34.52,34.535,34.52,34.53,4958.0,FNF
2023-03-21 15:38:00,34.54,34.55,34.52,34.52,6171.0,FNF
2023-03-21 15:37:00,34.52,34.54,34.51,34.54,7118.0,FNF
2023-03-21 15:36:00,34.51,34.53,34.51,34.52,6282.0,FNF
2023-03-21 15:35:00,34.52,34.52,34.5,34.52,5971.0,FNF
2023-03-21 15:34:00,34.53,34.54,34.51,34.51,10334.0,FNF
2023-03-21 15:33:00,34.535,34.535,34.51,34.52,6759.0,FNF
2023-03-21 15:32:00,34.54,34.54,34.52,34.535,7947.0,FNF
2023-03-21 15:31:00,34.54,34.545,34.53,34.53,3498.0,FNF
2023-03-21 15:30:00,34.52,34.54,34.52,34.54,4711.0,FNF
2023-03-21 15:29:00,34.5,34.52,34.4979,34.51,2516.0,FNF
2023-03-21 15:28:00,34.5,34.52,34.5,34.5,5576.0,FNF
2023-03-21 15:27:00,34.51,34.51,34.49,34.5,3906.0,FNF
2023-03-21 15:26:00,34.54,34.54,34.5,34.505,5347.0,FNF
2023-03-21 15:25:00,34.52,34.545,34.515,34.54,10597.0,FNF
2023-03-21 15:24:00,34.52,34.53,34.52,34.525,3519.0,FNF
2023-03-21 15:23:00,34.5114,34.52,34.5114,34.515,3208.0,FNF
2023-03-21 15:22:00,34.52,34.525,34.51,34.52,5735.0,FNF
2023-03-21 15:21:00,34.525,34.53,34.515,34.515,4304.0,FNF
2023-03-21 15:20:00,34.52,34.52,34.515,34.52,5213.0,FNF
2023-03-21 15:19:00,34.52,34.54,34.515,34.515,9058.0,FNF
2023-03-21 15:18:00,34.5,34.515,34.5,34.51,6527.0,FNF
2023-03-21 15:17:00,34.49,34.5,34.48,34.5,3834.0,FNF
2023-03-21 15:16:00,34.52,34.52,34.49,34.49,5203.0,FNF
2023-03-21 15:15:00,34.52,34.53,34.51,34.52,4771.0,FNF
2023-03-21 15:14:00,34.51,34.53,34.51,34.53,3089.0,FNF
2023-03-21 15:13:00,34.484,34.51,34.484,34.51,7403.0,FNF
2023-03-21 15:12:00,34.465,34.48,34.465,34.48,5155.0,FNF
2023-03-21 15:11:00,34.46,34.47,34.45,34.46,7370.0,FNF
2023-03-21 15:10:00,34.46,34.46,34.445,34.45,3150.0,FNF
2023-03-21 15:09:00,34.465,34.48,34.46,34.47,6741.0,FNF
2023-03-21 15:08:00,34.46,34.47,34.46,34.465,2664.0,FNF
2023-03-21 15:07:00,34.485,34.485,34.46,34.46,4473.0,FNF
2023-03-21 15:06:00,34.49,34.49,34.465,34.49,8483.0,FNF
2023-03-21 15:05:00,34.49,34.49,34.48,34.48,2710.0,FNF
2023-03-21 15:04:00,34.47,34.49,34.47,34.489,7754.0,FNF
2023-03-21 15:03:00,34.43,34.47,34.43,34.47,4488.0,FNF
2023-03-21 15:02:00,34.42,34.43,34.4116,34.43,3620.0,FNF
2023-03-21 15:01:00,34.4,34.415,34.4,34.405,3125.0,FNF
2023-03-21 15:00:00,34.42,34.43,34.41,34.41,3964.0,FNF
2023-03-21 14:59:00,34.425,34.44,34.42,34.44,3269.0,FNF
2023-03-21 14:58:00,34.39,34.44,34.38,34.43,4788.0,FNF
2023-03-21 14:57:00,34.39,34.39,34.37,34.39,3609.0,FNF
2023-03-21 14:56:00,34.41,34.425,34.375,34.375,4659.0,FNF
2023-03-21 14:55:00,34.4,34.41,34.4,34.41,2299.0,FNF
2023-03-21 14:54:00,34.4,34.4,34.4,34.4,936.0,FNF
2023-03-21 14:53:00,34.43,34.43,34.395,34.41,3652.0,FNF
2023-03-21 14:52:00,34.42,34.43,34.415,34.43,2303.0,FNF
2023-03-21 14:51:00,34.45,34.45,34.41,34.41,5299.0,FNF
2023-03-21 14:50:00,34.44,34.46,34.44,34.46,4157.0,FNF
2023-03-21 14:49:00,34.42,34.44,34.42,34.435,2104.0,FNF
2023-03-21 14:48:00,34.44,34.44,34.41,34.42,7220.0,FNF
2023-03-21 14:47:00,34.43,34.45,34.425,34.45,2238.0,FNF
2023-03-21 14:46:00,34.4369,34.45,34.435,34.435,5852.0,FNF
2023-03-21 14:45:00,34.41,34.435,34.41,34.435,2927.0,FNF
2023-03-21 14:44:00,34.4,34.41,34.39,34.4,3165.0,FNF
2023-03-21 14:43:00,34.41,34.42,34.4,34.4,4340.0,FNF
2023-03-21 14:42:00,34.37,34.4,34.37,34.4,4801.0,FNF
2023-03-21 14:41:00,34.36,34.38,34.36,34.37,1930.0,FNF
2023-03-21 14:40:00,34.365,34.38,34.36,34.36,3054.0,FNF
2023-03-21 14:39:00,34.39,34.39,34.365,34.37,2463.0,FNF
2023-03-21 14:38:00,34.38,34.39,34.38,34.39,2094.0,FNF
2023-03-21 14:37:00,34.37,34.37,34.35,34.36,4825.0,FNF
2023-03-21 14:36:00,34.35,34.38,34.35,34.3706,4771.0,FNF
2023-03-21 14:35:00,34.37,34.37,34.35,34.35,2588.0,FNF
2023-03-21 14:34:00,34.375,34.39,34.37,34.37,5196.0,FNF
2023-03-21 14:33:00,34.365,34.38,34.36,34.375,3722.0,FNF
2023-03-21 14:32:00,34.37,34.385,34.36,34.37,6713.0,FNF
2023-03-21 14:31:00,34.37,34.38,34.2,34.36,3788.0,FNF
2023-03-21 14:30:00,34.37,34.38,34.355,34.355,3653.0,FNF
2023-03-21 14:29:00,34.36,34.38,34.36,34.378,2927.0,FNF
2023-03-21 14:28:00,34.335,34.37,34.335,34.35,2733.0,FNF
2023-03-21 14:27:00,34.31,34.335,34.3,34.335,6527.0,FNF
2023-03-21 14:26:00,34.31,34.319,34.3084,34.31,1931.0,FNF
2023-03-21 14:25:00,34.32,34.325,34.31,34.315,3340.0,FNF
2023-03-21 14:24:00,34.32,34.32,34.32,34.32,735.0,FNF
2023-03-21 14:23:00,34.32,34.32,34.31,34.32,2473.0,FNF
2023-03-21 14:22:00,34.33,34.33,34.31,34.31,1979.0,FNF
2023-03-21 14:21:00,34.325,34.33,34.31,34.32,1674.0,FNF
2023-03-21 14:20:00,34.34,34.34,34.325,34.325,467.0,FNF
2023-03-21 14:19:00,34.33,34.33,34.32,34.325,3879.0,FNF
2023-03-21 14:18:00,34.325,34.325,34.32,34.32,1147.0,FNF
2023-03-21 14:17:00,34.285,34.328,34.285,34.328,2206.0,FNF
2023-03-21 14:16:00,34.2868,34.2868,34.285,34.285,353.0,FNF
2023-03-21 14:15:00,34.29,34.299,34.28,34.299,2900.0,FNF
2023-03-21 14:14:00,34.28,34.295,34.28,34.29,908.0,FNF
2023-03-21 14:13:00,34.29,34.29,34.27,34.28,5230.0,FNF
2023-03-21 14:12:00,34.275,34.3,34.275,34.2987,2991.0,FNF
2023-03-21 14:11:00,34.26,34.26,34.26,34.26,2168.0,FNF
2023-03-21 14:10:00,34.265,34.265,34.26,34.26,665.0,FNF
2023-03-21 14:09:00,34.245,34.265,34.24,34.265,4721.0,FNF
2023-03-21 14:08:00,34.26,34.265,34.25,34.25,2709.0,FNF
2023-03-21 14:07:00,34.27,34.27,34.255,34.26,1490.0,FNF
2023-03-21 14:06:00,34.27,34.28,34.26,34.28,1376.0,FNF
2023-03-21 14:05:00,34.27,34.27,34.27,34.27,949.0,FNF
2023-03-21 14:04:00,34.26,34.27,34.25,34.27,2641.0,FNF
2023-03-21 14:03:00,34.29,34.29,34.265,34.27,1285.0,FNF
2023-03-21 14:02:00,34.3,34.3,34.29,34.29,859.0,FNF
2023-03-21 14:01:00,34.2999,34.2999,34.295,34.295,2013.0,FNF
2023-03-21 14:00:00,34.3,34.3,34.29,34.295,1937.0,FNF
2023-03-21 13:59:00,34.29,34.3,34.29,34.3,1733.0,FNF
2023-03-21 13:58:00,34.305,34.305,34.29,34.29,812.0,FNF
2023-03-21 13:57:00,34.325,34.34,34.32,34.33,1923.0,FNF
2023-03-21 13:56:00,34.33,34.34,34.32,34.325,2082.0,FNF
2023-03-21 13:55:00,34.34,34.34,34.34,34.34,342.0,FNF
2023-03-21 13:54:00,34.33,34.3436,34.33,34.3436,1624.0,FNF
2023-03-21 13:53:00,34.3562,34.3562,34.33,34.34,3027.0,FNF
2023-03-21 13:52:00,34.355,34.355,34.355,34.355,677.0,FNF
2023-03-21 13:51:00,34.4,34.4,34.354,34.354,2277.0,FNF
2023-03-21 13:50:00,34.4,34.4,34.4,34.4,1803.0,FNF
2023-03-21 13:49:00,34.4,34.4,34.4,34.4,1236.0,FNF
2023-03-21 13:48:00,34.41,34.415,34.41,34.41,4595.0,FNF
2023-03-21 13:47:00,34.4,34.41,34.39,34.41,2515.0,FNF
2023-03-21 13:46:00,34.41,34.41,34.2,34.405,2665.0,FNF
2023-03-21 13:45:00,34.415,34.415,34.415,34.415,328.0,FNF
2023-03-21 13:44:00,34.4,34.4225,34.4,34.41,2510.0,FNF
2023-03-21 13:42:00,34.39,34.4,34.38,34.395,3837.0,FNF
2023-03-21 13:41:00,34.41,34.41,34.38,34.4,1537.0,FNF
2023-03-21 13:40:00,34.43,34.43,34.405,34.42,2221.0,FNF
2023-03-21 13:39:00,34.445,34.445,34.445,34.445,248.0,FNF
2023-03-21 13:38:00,34.44,34.45,34.43,34.43,2076.0,FNF
2023-03-21 13:37:00,34.44,34.45,34.44,34.45,1819.0,FNF
2023-03-21 13:36:00,34.46,34.46,34.425,34.43,2726.0,FNF
2023-03-21 13:34:00,34.445,34.445,34.445,34.445,244.0,FNF
2023-03-21 13:32:00,34.45,34.46,34.42,34.44,2563.0,FNF
2023-03-21 13:31:00,34.4496,34.4496,34.4496,34.4496,515.0,FNF
2023-03-21 13:29:00,34.42,34.43,34.42,34.43,1369.0,FNF
2023-03-21 13:28:00,34.39,34.43,34.39,34.43,10988.0,FNF
2023-03-21 13:27:00,34.4,34.4,34.4,34.4,409.0,FNF
2023-03-21 13:26:00,34.4,34.4,34.4,34.4,906.0,FNF
2023-03-21 13:25:00,34.405,34.405,34.39,34.39,1118.0,FNF
2023-03-21 13:24:00,34.405,34.405,34.405,34.405,770.0,FNF
2023-03-21 13:23:00,34.39,34.405,34.39,34.405,684.0,FNF
2023-03-21 13:22:00,34.415,34.415,34.39,34.39,933.0,FNF
2023-03-21 13:21:00,34.415,34.415,34.41,34.41,407.0,FNF
2023-03-21 13:20:00,34.42,34.43,34.41,34.42,1020.0,FNF
2023-03-21 13:19:00,34.415,34.43,34.4,34.43,2923.0,FNF
2023-03-21 13:18:00,34.41,34.42,34.41,34.4184,2831.0,FNF
2023-03-21 13:16:00,34.3797,34.4,34.3797,34.381,1101.0,FNF
2023-03-21 13:15:00,34.385,34.385,34.385,34.385,280.0,FNF
2023-03-21 13:14:00,34.3886,34.3905,34.3886,34.3905,804.0,FNF
2023-03-21 13:13:00,34.335,34.4,34.3239,34.4,2799.0,FNF
2023-03-21 13:12:00,34.345,34.345,34.33,34.335,1769.0,FNF
2023-03-21 13:11:00,34.32,34.35,34.31,34.35,2971.0,FNF
2023-03-21 13:10:00,34.315,34.34,34.315,34.34,2255.0,FNF
2023-03-21 13:08:00,34.32,34.329,34.31,34.32,1394.0,FNF
2023-03-21 13:07:00,34.29,34.32,34.28,34.32,2873.0,FNF
2023-03-21 13:06:00,34.31,34.31,34.29,34.295,597.0,FNF
2023-03-21 13:05:00,34.32,34.32,34.32,34.32,198.0,FNF
2023-03-21 13:04:00,34.29,34.33,34.29,34.32,5943.0,FNF
2023-03-21 13:03:00,34.32,34.32,34.305,34.305,2669.0,FNF
2023-03-21 13:02:00,34.305,34.32,34.305,34.32,650.0,FNF
2023-03-21 13:01:00,34.33,34.33,34.3,34.305,3130.0,FNF
2023-03-21 13:00:00,34.32,34.34,34.31,34.33,3924.0,FNF
2023-03-21 12:59:00,34.34,34.35,34.32,34.33,1149.0,FNF
2023-03-21 12:58:00,34.34,34.34,34.34,34.34,1072.0,FNF
2023-03-21 12:57:00,34.335,34.35,34.335,34.35,289.0,FNF
2023-03-21 12:56:00,34.31,34.34,34.3,34.34,2396.0,FNF
2023-03-21 12:55:00,34.33,34.33,34.31,34.31,1088.0,FNF
2023-03-21 12:54:00,34.32,34.34,34.32,34.33,769.0,FNF
2023-03-21 12:53:00,34.35,34.35,34.3201,34.3201,2820.0,FNF
2023-03-21 12:52:00,34.34,34.34,34.3379,34.3379,381.0,FNF
2023-03-21 12:51:00,34.34,34.36,34.33,34.345,5561.0,FNF
2023-03-21 12:50:00,34.305,34.33,34.305,34.33,2614.0,FNF
2023-03-21 12:49:00,34.29,34.305,34.29,34.305,937.0,FNF
2023-03-21 12:48:00,34.295,34.295,34.295,34.295,361.0,FNF
2023-03-21 12:47:00,34.305,34.31,34.29,34.29,1100.0,FNF
2023-03-21 12:46:00,34.34,34.34,34.3,34.31,1753.0,FNF
2023-03-21 12:45:00,34.36,34.36,34.346,34.346,452.0,FNF
2023-03-21 12:44:00,34.37,34.37,34.34,34.36,4243.0,FNF
2023-03-21 12:43:00,34.38,34.39,34.38,34.38,1921.0,FNF
2023-03-21 12:42:00,34.38,34.38,34.37,34.38,921.0,FNF
2023-03-21 12:41:00,34.385,34.385,34.37,34.37,2178.0,FNF
2023-03-21 12:40:00,34.41,34.42,34.38,34.39,3467.0,FNF
2023-03-21 12:39:00,34.39,34.4,34.39,34.4,1153.0,FNF
2023-03-21 12:38:00,34.39,34.4,34.39,34.39,1453.0,FNF
2023-03-21 12:37:00,34.355,34.38,34.355,34.37,1870.0,FNF
2023-03-21 12:36:00,34.38,34.38,34.34,34.35,1413.0,FNF
2023-03-21 12:35:00,34.39,34.405,34.39,34.39,3978.0,FNF
2023-03-21 12:34:00,34.43,34.43,34.405,34.405,1554.0,FNF
2023-03-21 12:33:00,34.4475,34.4475,34.42,34.43,3033.0,FNF
2023-03-21 12:32:00,34.4201,34.449,34.42,34.42,1433.0,FNF
2023-03-21 12:31:00,34.42,34.44,34.42,34.44,1569.0,FNF
2023-03-21 12:30:00,34.42,34.4346,34.42,34.4346,670.0,FNF
2023-03-21 12:29:00,34.42,34.43,34.42,34.42,676.0,FNF
2023-03-21 12:28:00,34.4,34.44,34.4,34.41,6088.0,FNF
2023-03-21 12:27:00,34.38,34.39,34.38,34.39,812.0,FNF
2023-03-21 12:26:00,34.4,34.4,34.38,34.38,2436.0,FNF
2023-03-21 12:25:00,34.385,34.385,34.3731,34.3731,986.0,FNF
2023-03-21 12:24:00,34.41,34.41,34.385,34.385,2266.0,FNF
2023-03-21 12:23:00,34.415,34.43,34.415,34.43,310.0,FNF
2023-03-21 12:22:00,34.38,34.43,34.38,34.43,3027.0,FNF
2023-03-21 12:21:00,34.4,34.4,34.36,34.38,3625.0,FNF
2023-03-21 12:20:00,34.41,34.41,34.4075,34.4075,642.0,FNF
2023-03-21 12:19:00,34.405,34.415,34.4,34.415,3856.0,FNF
2023-03-21 12:18:00,34.42,34.42,34.41,34.41,1361.0,FNF
2023-03-21 12:17:00,34.43,34.43,34.415,34.42,4254.0,FNF
2023-03-21 12:16:00,34.4,34.43,34.385,34.415,4115.0,FNF
2023-03-21 12:15:00,34.405,34.405,34.39,34.39,989.0,FNF
2023-03-21 12:14:00,34.425,34.425,34.405,34.41,1262.0,FNF
2023-03-21 12:13:00,34.4319,34.4319,34.42,34.43,4243.0,FNF
2023-03-21 12:12:00,34.42,34.45,34.42,34.45,1582.0,FNF
2023-03-21 12:11:00,34.4,34.42,34.3901,34.42,5968.0,FNF
2023-03-21 12:10:00,34.4,34.4,34.4,34.4,388.0,FNF
2023-03-21 12:09:00,34.39,34.4,34.38,34.39,1524.0,FNF
2023-03-21 12:08:00,34.38,34.395,34.36,34.38,2655.0,FNF
2023-03-21 12:07:00,34.395,34.41,34.385,34.395,856.0,FNF
2023-03-21 12:06:00,34.42,34.42,34.39,34.41,702.0,FNF
2023-03-21 12:05:00,34.43,34.43,34.405,34.405,1749.0,FNF
2023-03-21 12:04:00,34.42,34.44,34.42,34.44,1047.0,FNF
2023-03-21 12:03:00,34.44,34.45,34.42,34.42,2213.0,FNF
2023-03-21 12:02:00,34.45,34.45,34.42,34.42,1683.0,FNF
2023-03-21 12:01:00,34.45,34.47,34.45,34.47,1446.0,FNF
2023-03-21 12:00:00,34.43,34.43,34.425,34.425,1126.0,FNF
2023-03-21 11:59:00,34.45,34.45,34.44,34.45,967.0,FNF
2023-03-21 11:58:00,34.42,34.455,34.42,34.45,5359.0,FNF
2023-03-21 11:57:00,34.42,34.44,34.42,34.43,2971.0,FNF
2023-03-21 11:56:00,34.44,34.44,34.43,34.43,2152.0,FNF
2023-03-21 11:55:00,34.45,34.45,34.45,34.45,171.0,FNF
2023-03-21 11:54:00,34.445,34.4583,34.445,34.45,2022.0,FNF
2023-03-21 11:53:00,34.45,34.46,34.439,34.44,4766.0,FNF
2023-03-21 11:52:00,34.4575,34.46,34.45,34.45,454.0,FNF
2023-03-21 11:51:00,34.445,34.4657,34.445,34.455,818.0,FNF
2023-03-21 11:50:00,34.47,34.47,34.455,34.455,297.0,FNF
2023-03-21 11:49:00,34.44,34.47,34.44,34.455,1343.0,FNF
2023-03-21 11:48:00,34.43,34.47,34.43,34.47,773.0,FNF
2023-03-21 11:47:00,34.425,34.43,34.4,34.43,5214.0,FNF
2023-03-21 11:46:00,34.44,34.44,34.415,34.415,1891.0,FNF
2023-03-21 11:45:00,34.49,34.49,34.45,34.45,2609.0,FNF
2023-03-21 11:44:00,34.48,34.51,34.48,34.4901,1079.0,FNF
2023-03-21 11:43:00,34.465,34.49,34.46,34.47,5898.0,FNF
2023-03-21 11:42:00,34.48,34.48,34.43,34.465,2947.0,FNF
2023-03-21 11:41:00,34.49,34.49,34.485,34.485,606.0,FNF
2023-03-21 11:40:00,34.53,34.53,34.48,34.49,3276.0,FNF
2023-03-21 11:39:00,34.56,34.56,34.53,34.55,2039.0,FNF
2023-03-21 11:38:00,34.54,34.55,34.53,34.55,2214.0,FNF
2023-03-21 11:37:00,34.56,34.56,34.55,34.55,1240.0,FNF
2023-03-21 11:36:00,34.55,34.58,34.55,34.58,1472.0,FNF
2023-03-21 11:35:00,34.56,34.56,34.54,34.54,2839.0,FNF
2023-03-21 11:34:00,34.56,34.57,34.56,34.57,1267.0,FNF
2023-03-21 11:33:00,34.58,34.58,34.54,34.56,3636.0,FNF
2023-03-21 11:32:00,34.55,34.565,34.54,34.565,4048.0,FNF
2023-03-21 11:31:00,34.555,34.555,34.555,34.555,1316.0,FNF
2023-03-21 11:30:00,34.52,34.54,34.52,34.54,951.0,FNF
2023-03-21 11:29:00,34.46,34.51,34.46,34.5,3567.0,FNF
2023-03-21 11:28:00,34.43,34.45,34.43,34.45,2751.0,FNF
2023-03-21 11:27:00,34.47,34.47,34.425,34.425,2597.0,FNF
2023-03-21 11:26:00,34.47,34.48,34.47,34.47,3191.0,FNF
2023-03-21 11:25:00,34.49,34.49,34.47,34.47,685.0,FNF
2023-03-21 11:24:00,34.48,34.48,34.48,34.48,871.0,FNF
2023-03-21 11:23:00,34.43,34.475,34.43,34.475,2647.0,FNF
2023-03-21 11:22:00,34.43,34.445,34.42,34.445,1777.0,FNF
2023-03-21 11:21:00,34.44,34.44,34.4301,34.4301,1336.0,FNF
2023-03-21 11:19:00,34.425,34.445,34.425,34.43,2916.0,FNF
2023-03-21 11:18:00,34.44,34.44,34.425,34.425,1951.0,FNF
2023-03-21 11:17:00,34.46,34.46,34.45,34.45,900.0,FNF
2023-03-21 11:16:00,34.46,34.46,34.45,34.45,980.0,FNF
2023-03-21 11:15:00,34.44,34.46,34.44,34.46,1316.0,FNF
2023-03-21 11:14:00,34.45,34.45,34.44,34.44,2388.0,FNF
2023-03-21 11:13:00,34.43,34.445,34.43,34.445,1652.0,FNF
2023-03-21 11:12:00,34.44,34.44,34.44,34.44,1351.0,FNF
2023-03-21 11:11:00,34.425,34.425,34.41,34.42,2411.0,FNF
2023-03-21 11:10:00,34.42,34.43,34.42,34.425,1104.0,FNF
2023-03-21 11:09:00,34.425,34.425,34.415,34.415,1401.0,FNF
2023-03-21 11:08:00,34.42,34.43,34.41,34.42,3701.0,FNF
2023-03-21 11:07:00,34.41,34.41,34.41,34.41,982.0,FNF
2023-03-21 11:06:00,34.41,34.42,34.4001,34.42,965.0,FNF
2023-03-21 11:05:00,34.39,34.418,34.37,34.41,6112.0,FNF
2023-03-21 11:04:00,34.38,34.395,34.38,34.39,2033.0,FNF
2023-03-21 11:03:00,34.36,34.4,34.36,34.395,5012.0,FNF
2023-03-21 11:02:00,34.335,34.35,34.335,34.35,1172.0,FNF
2023-03-21 11:01:00,34.34,34.34,34.33,34.335,1499.0,FNF
2023-03-21 11:00:00,34.35,34.355,34.34,34.34,2912.0,FNF
2023-03-21 10:59:00,34.335,34.344,34.33,34.34,4562.0,FNF
2023-03-21 10:58:00,34.31,34.32,34.31,34.32,1171.0,FNF
2023-03-21 10:57:00,34.28,34.2997,34.28,34.2997,2410.0,FNF
2023-03-21 10:56:00,34.3,34.31,34.269,34.27,8118.0,FNF
2023-03-21 10:55:00,34.31,34.31,34.3,34.31,1215.0,FNF
2023-03-21 10:54:00,34.35,34.35,34.3,34.3,2686.0,FNF
2023-03-21 10:53:00,34.345,34.36,34.33,34.36,5378.0,FNF
2023-03-21 10:52:00,34.345,34.35,34.34,34.35,1031.0,FNF
2023-03-21 10:51:00,34.41,34.42,34.34,34.35,5433.0,FNF
2023-03-21 10:50:00,34.405,34.42,34.4,34.42,2312.0,FNF
2023-03-21 10:49:00,34.46,34.46,34.39,34.4,2513.0,FNF
2023-03-21 10:48:00,34.47,34.47,34.47,34.47,556.0,FNF
2023-03-21 10:47:00,34.42,34.48,34.42,34.47,7072.0,FNF
2023-03-21 10:46:00,34.41,34.41,34.4,34.41,1275.0,FNF
2023-03-21 10:45:00,34.4,34.415,34.38,34.41,7952.0,FNF
2023-03-21 10:44:00,34.41,34.4154,34.4,34.41,2615.0,FNF
2023-03-21 10:43:00,34.45,34.45,34.409,34.409,2990.0,FNF
2023-03-21 10:42:00,34.44,34.44,34.43,34.44,1581.0,FNF
2023-03-21 10:41:00,34.45,34.45,34.425,34.44,1666.0,FNF
2023-03-21 10:40:00,34.44,34.45,34.4373,34.45,3397.0,FNF
2023-03-21 10:39:00,34.42,34.445,34.42,34.445,1018.0,FNF
2023-03-21 10:38:00,34.39,34.42,34.39,34.42,3326.0,FNF
2023-03-21 10:37:00,34.36,34.405,34.355,34.405,4063.0,FNF
2023-03-21 10:36:00,34.43,34.43,34.36,34.36,5495.0,FNF
2023-03-21 10:35:00,34.44,34.44,34.42,34.43,2603.0,FNF
2023-03-21 10:34:00,34.45,34.45,34.45,34.45,1095.0,FNF
2023-03-21 10:33:00,34.46,34.46,34.44,34.44,2122.0,FNF
2023-03-21 10:32:00,34.465,34.475,34.465,34.475,621.0,FNF
2023-03-21 10:31:00,34.44,34.46,34.44,34.458,1750.0,FNF
2023-03-21 10:30:00,34.44,34.44,34.43,34.43,540.0,FNF
2023-03-21 10:29:00,34.455,34.49,34.45,34.45,4869.0,FNF
2023-03-21 10:28:00,34.39,34.44,34.38,34.44,11374.0,FNF
2023-03-21 10:27:00,34.39,34.39,34.39,34.39,347.0,FNF
2023-03-21 10:26:00,34.37,34.39,34.355,34.39,2323.0,FNF
2023-03-21 10:25:00,34.39,34.39,34.35,34.365,1732.0,FNF
2023-03-21 10:24:00,34.403,34.403,34.39,34.39,1235.0,FNF
2023-03-21 10:23:00,34.4,34.4,34.365,34.385,1787.0,FNF
2023-03-21 10:22:00,34.43,34.43,34.38,34.4,3446.0,FNF
2023-03-21 10:21:00,34.41,34.43,34.4,34.43,1919.0,FNF
2023-03-21 10:20:00,34.415,34.42,34.415,34.42,631.0,FNF
2023-03-21 10:19:00,34.395,34.43,34.39,34.43,4143.0,FNF
2023-03-21 10:18:00,34.405,34.41,34.39,34.395,4146.0,FNF
2023-03-21 10:17:00,34.42,34.43,34.4,34.405,1355.0,FNF
2023-03-21 10:16:00,34.45,34.45,34.42,34.43,3220.0,FNF
2023-03-21 10:14:00,34.46,34.475,34.46,34.475,1532.0,FNF
2023-03-21 10:13:00,34.44,34.445,34.38,34.405,4072.0,FNF
2023-03-21 10:12:00,34.48,34.48,34.47,34.47,1040.0,FNF
2023-03-21 10:11:00,34.395,34.48,34.395,34.48,6117.0,FNF
2023-03-21 10:10:00,34.39,34.39,34.36,34.39,3699.0,FNF
2023-03-21 10:09:00,34.37,34.42,34.37,34.405,1951.0,FNF
2023-03-21 10:08:00,34.32,34.39,34.32,34.39,3224.0,FNF
2023-03-21 10:07:00,34.375,34.375,34.33,34.335,2664.0,FNF
2023-03-21 10:06:00,34.35,34.38,34.32,34.36,3089.0,FNF
2023-03-21 10:05:00,34.36,34.36,34.33,34.35,3019.0,FNF
2023-03-21 10:04:00,34.36,34.36,34.33,34.34,2917.0,FNF
2023-03-21 10:03:00,34.335,34.345,34.28,34.345,3343.0,FNF
2023-03-21 10:02:00,34.32,34.33,34.31,34.33,3514.0,FNF
2023-03-21 10:01:00,34.355,34.355,34.32,34.335,2780.0,FNF
2023-03-21 10:00:00,34.35,34.35,34.325,34.35,438.0,FNF
2023-03-21 09:59:00,34.3065,34.3065,34.3,34.305,836.0,FNF
2023-03-21 09:58:00,34.365,34.365,34.3,34.31,4222.0,FNF
2023-03-21 09:57:00,34.245,34.36,34.245,34.36,3270.0,FNF
2023-03-21 09:56:00,34.24,34.24,34.24,34.24,772.0,FNF
2023-03-21 09:55:00,34.235,34.248,34.2,34.2,1046.0,FNF
2023-03-21 09:54:00,34.235,34.235,34.235,34.235,332.0,FNF
2023-03-21 09:53:00,34.205,34.235,34.205,34.235,742.0,FNF
2023-03-21 09:52:00,34.235,34.24,34.22,34.24,1929.0,FNF
2023-03-21 09:51:00,34.22,34.22,34.22,34.22,1679.0,FNF
2023-03-21 09:50:00,34.22,34.225,34.19,34.22,2991.0,FNF
2023-03-21 09:49:00,34.22,34.22,34.1815,34.22,2672.0,FNF
2023-03-21 09:48:00,34.26,34.26,34.205,34.235,3242.0,FNF
2023-03-21 09:47:00,34.225,34.28,34.225,34.28,729.0,FNF
2023-03-21 09:46:00,34.13,34.21,34.13,34.2,3576.0,FNF
2023-03-21 09:45:00,34.09,34.1142,34.09,34.094,307.0,FNF
2023-03-21 09:44:00,34.05,34.085,34.05,34.085,447.0,FNF
2023-03-21 09:43:00,34.09,34.09,34.09,34.09,123.0,FNF
2023-03-21 09:42:00,34.14,34.19,34.105,34.13,2174.0,FNF
2023-03-21 09:41:00,34.18,34.18,34.18,34.18,1063.0,FNF
2023-03-21 09:40:00,34.14,34.16,34.14,34.15,1873.0,FNF
2023-03-21 09:39:00,34.185,34.23,34.185,34.23,521.0,FNF
2023-03-21 09:38:00,34.23,34.23,34.17,34.17,335.0,FNF
2023-03-21 09:37:00,34.19,34.2,34.19,34.2,1364.0,FNF
2023-03-21 09:36:00,34.23,34.23,34.11,34.189,2585.0,FNF
2023-03-21 09:35:00,34.25,34.25,34.18,34.18,892.0,FNF
2023-03-21 09:34:00,34.275,34.28,34.275,34.28,689.0,FNF
2023-03-21 09:33:00,34.2,34.35,34.2,34.23,34623.0,FNF
2023-03-21 09:31:00,34.22,34.22,34.22,34.22,192.0,FNF
2023-03-21 08:46:00,33.76,33.76,33.3,33.65,2399.0,FNF
2023-03-20 18:12:00,33.64,33.64,33.64,33.64,200.0,FNF
2023-03-20 17:27:00,33.63,33.63,33.63,33.63,504.0,FNF
2023-03-20 16:31:00,33.64,33.64,33.64,33.64,1000.0,FNF
2023-03-20 16:03:00,33.64,33.64,33.64,33.64,11495.0,FNF
2023-03-20 16:02:00,33.64,33.64,33.64,33.64,4325.0,FNF
2023-03-20 16:01:00,33.64,33.64,33.64,33.64,117899.0,FNF
2023-03-20 16:00:00,33.61,33.67,33.6025,33.65,75552.0,FNF
2023-03-20 15:59:00,33.585,33.61,33.58,33.605,31660.0,FNF
2023-03-20 15:58:00,33.625,33.625,33.57,33.585,28835.0,FNF
2023-03-20 15:57:00,33.635,33.65,33.625,33.625,22539.0,FNF
2023-03-20 15:56:00,33.635,33.64,33.6,33.63,40191.0,FNF
2023-03-20 15:55:00,33.64,33.64,33.63,33.64,12943.0,FNF
2023-03-20 15:54:00,33.625,33.66,33.61,33.655,21120.0,FNF
2023-03-20 15:53:00,33.63,33.64,33.62,33.625,15250.0,FNF
2023-03-20 15:52:00,33.645,33.66,33.63,33.635,15463.0,FNF
2023-03-20 15:51:00,33.6,33.66,33.6,33.65,19272.0,FNF
2023-03-20 15:50:00,33.565,33.595,33.55,33.595,10871.0,FNF
2023-03-20 15:49:00,33.58,33.58,33.56,33.57,9986.0,FNF
2023-03-20 15:48:00,33.55,33.58,33.545,33.58,6326.0,FNF
2023-03-20 15:47:00,33.515,33.545,33.515,33.545,9338.0,FNF
2023-03-20 15:46:00,33.52,33.53,33.5,33.51,11129.0,FNF
2023-03-20 15:45:00,33.54,33.54,33.52,33.53,2095.0,FNF
2023-03-20 15:44:00,33.545,33.555,33.53,33.54,7314.0,FNF
2023-03-20 15:43:00,33.55,33.56,33.54,33.54,3241.0,FNF
2023-03-20 15:42:00,33.525,33.54,33.515,33.54,7754.0,FNF
2023-03-20 15:41:00,33.51,33.525,33.505,33.525,6113.0,FNF
2023-03-20 15:40:00,33.52,33.525,33.51,33.51,4085.0,FNF
2023-03-20 15:39:00,33.5,33.525,33.5,33.525,3753.0,FNF
2023-03-20 15:38:00,33.52,33.52,33.485,33.495,6087.0,FNF
2023-03-20 15:37:00,33.53,33.54,33.51,33.515,4072.0,FNF
2023-03-20 15:36:00,33.55,33.56,33.54,33.54,5157.0,FNF
2023-03-20 15:35:00,33.55,33.55,33.52,33.54,5277.0,FNF
2023-03-20 15:34:00,33.555,33.57,33.545,33.57,3376.0,FNF
2023-03-20 15:33:00,33.56,33.56,33.55,33.56,4775.0,FNF
2023-03-20 15:32:00,33.55,33.56,33.55,33.56,3761.0,FNF
2023-03-20 15:31:00,33.505,33.54,33.5,33.535,4820.0,FNF
2023-03-20 15:30:00,33.495,33.515,33.495,33.51,2212.0,FNF
2023-03-20 15:29:00,33.48,33.4975,33.48,33.4975,2635.0,FNF
2023-03-20 15:28:00,33.5,33.5,33.48,33.485,3998.0,FNF
2023-03-20 15:27:00,33.49,33.51,33.48,33.5,8217.0,FNF
2023-03-20 15:26:00,33.47,33.49,33.47,33.49,2700.0,FNF
2023-03-20 15:25:00,33.46,33.46,33.46,33.46,685.0,FNF
2023-03-20 15:24:00,33.41,33.45,33.41,33.45,3618.0,FNF
2023-03-20 15:23:00,33.41,33.41,33.405,33.405,2003.0,FNF
2023-03-20 15:22:00,33.42,33.44,33.42,33.42,3043.0,FNF
2023-03-20 15:21:00,33.455,33.465,33.42,33.42,6160.0,FNF
2023-03-20 15:20:00,33.42,33.455,33.42,33.455,3673.0,FNF
2023-03-20 15:19:00,33.45,33.45,33.42,33.42,4057.0,FNF
2023-03-20 15:18:00,33.47,33.47,33.445,33.45,6913.0,FNF
2023-03-20 15:17:00,33.465,33.48,33.46,33.48,6554.0,FNF
2023-03-20 15:16:00,33.43,33.47,33.43,33.465,6507.0,FNF
2023-03-20 15:15:00,33.415,33.43,33.415,33.43,1862.0,FNF
2023-03-20 15:14:00,33.4,33.42,33.4,33.415,3861.0,FNF
2023-03-20 15:13:00,33.41,33.41,33.395,33.395,1780.0,FNF
2023-03-20 15:12:00,33.428,33.428,33.4,33.41,3611.0,FNF
2023-03-20 15:11:00,33.41,33.428,33.385,33.428,8709.0,FNF
2023-03-20 15:10:00,33.4399,33.4399,33.41,33.415,4141.0,FNF
2023-03-20 15:09:00,33.42,33.43,33.42,33.43,2563.0,FNF
2023-03-20 15:08:00,33.43,33.43,33.41,33.42,2162.0,FNF
2023-03-20 15:07:00,33.42,33.425,33.41,33.42,3095.0,FNF
2023-03-20 15:06:00,33.395,33.41,33.39,33.41,1351.0,FNF
2023-03-20 15:05:00,33.4,33.41,33.39,33.39,2160.0,FNF
2023-03-20 15:04:00,33.41,33.42,33.4,33.4,2539.0,FNF
2023-03-20 15:03:00,33.41,33.41,33.4,33.41,2867.0,FNF
2023-03-20 15:02:00,33.385,33.4,33.38,33.4,4555.0,FNF
2023-03-20 15:01:00,33.3787,33.38,33.375,33.38,1236.0,FNF
2023-03-20 15:00:00,33.36,33.38,33.36,33.38,3750.0,FNF
2023-03-20 14:59:00,33.35,33.35,33.345,33.35,1355.0,FNF
2023-03-20 14:58:00,33.38,33.38,33.36,33.36,3203.0,FNF
2023-03-20 14:57:00,33.4,33.4,33.38,33.38,2442.0,FNF
2023-03-20 14:56:00,33.4,33.41,33.4,33.41,1783.0,FNF
2023-03-20 14:55:00,33.4,33.42,33.4,33.41,1281.0,FNF
2023-03-20 14:54:00,33.41,33.41,33.4,33.41,1739.0,FNF
2023-03-20 14:53:00,33.42,33.43,33.41,33.41,1292.0,FNF
2023-03-20 14:52:00,33.45,33.45,33.41,33.41,2503.0,FNF
2023-03-20 14:51:00,33.39,33.47,33.39,33.47,3734.0,FNF
2023-03-20 14:50:00,33.38,33.39,33.38,33.39,1481.0,FNF
2023-03-20 14:49:00,33.38,33.395,33.38,33.39,1577.0,FNF
2023-03-20 14:48:00,33.395,33.41,33.38,33.395,1902.0,FNF
2023-03-20 14:47:00,33.39,33.41,33.39,33.3926,3451.0,FNF
2023-03-20 14:46:00,33.34,33.38,33.34,33.38,6426.0,FNF
2023-03-20 14:45:00,33.37,33.37,33.35,33.35,1257.0,FNF
2023-03-20 14:44:00,33.37,33.38,33.37,33.38,1565.0,FNF
2023-03-20 14:43:00,33.36,33.37,33.35,33.36,1918.0,FNF
2023-03-20 14:42:00,33.39,33.39,33.3654,33.3654,1026.0,FNF
2023-03-20 14:41:00,33.35,33.38,33.35,33.38,5043.0,FNF
2023-03-20 14:40:00,33.35,33.36,33.35,33.36,446.0,FNF
2023-03-20 14:39:00,33.37,33.37,33.37,33.37,324.0,FNF
2023-03-20 14:38:00,33.37,33.38,33.34,33.35,3308.0,FNF
2023-03-20 14:37:00,33.375,33.375,33.375,33.375,259.0,FNF
2023-03-20 14:36:00,33.37,33.38,33.37,33.3793,1301.0,FNF
2023-03-20 14:35:00,33.39,33.4,33.39,33.4,1339.0,FNF
2023-03-20 14:34:00,33.37,33.3841,33.37,33.38,1586.0,FNF
2023-03-20 14:33:00,33.39,33.39,33.35,33.36,2566.0,FNF
2023-03-20 14:32:00,33.43,33.44,33.38,33.41,5247.0,FNF
2023-03-20 14:31:00,33.45,33.45,33.44,33.45,1579.0,FNF
2023-03-20 14:30:00,33.48,33.485,33.46,33.46,3641.0,FNF
2023-03-20 14:29:00,33.49,33.49,33.49,33.49,1263.0,FNF
2023-03-20 14:28:00,33.48,33.49,33.48,33.48,2868.0,FNF
2023-03-20 14:27:00,33.48,33.48,33.48,33.48,497.0,FNF
2023-03-20 14:26:00,33.48,33.48,33.47,33.47,1824.0,FNF
2023-03-20 14:25:00,33.5,33.5,33.49,33.49,939.0,FNF
2023-03-20 14:24:00,33.49,33.4959,33.47,33.49,3131.0,FNF
2023-03-20 14:23:00,33.5,33.5,33.5,33.5,349.0,FNF
2023-03-20 14:22:00,33.48,33.5,33.48,33.49,2476.0,FNF
2023-03-20 14:21:00,33.49,33.49,33.475,33.475,1688.0,FNF
2023-03-20 14:20:00,33.43,33.49,33.43,33.49,2471.0,FNF
2023-03-20 14:19:00,33.44,33.44,33.43,33.4347,832.0,FNF
2023-03-20 14:18:00,33.44,33.44,33.42,33.42,1701.0,FNF
2023-03-20 14:17:00,33.44,33.44,33.43,33.43,986.0,FNF
2023-03-20 14:16:00,33.43,33.4425,33.42,33.43,766.0,FNF
2023-03-20 14:15:00,33.43,33.43,33.43,33.43,268.0,FNF
2023-03-20 14:14:00,33.45,33.45,33.44,33.44,1793.0,FNF
2023-03-20 14:13:00,33.46,33.46,33.455,33.46,2090.0,FNF
2023-03-20 14:12:00,33.43,33.465,33.43,33.45,1572.0,FNF
2023-03-20 14:11:00,33.39,33.415,33.39,33.41,2381.0,FNF
2023-03-20 14:10:00,33.38,33.39,33.37,33.38,659.0,FNF
2023-03-20 14:09:00,33.38,33.38,33.38,33.38,899.0,FNF
2023-03-20 14:08:00,33.38,33.38,33.36,33.36,881.0,FNF
2023-03-20 14:07:00,33.375,33.4,33.375,33.4,3246.0,FNF
2023-03-20 14:06:00,33.39,33.39,33.37,33.37,1100.0,FNF
2023-03-20 14:05:00,33.41,33.41,33.39,33.395,3041.0,FNF
2023-03-20 14:04:00,33.42,33.42,33.41,33.41,1419.0,FNF
2023-03-20 14:03:00,33.43,33.44,33.42,33.44,1595.0,FNF
2023-03-20 14:02:00,33.435,33.44,33.42,33.42,579.0,FNF
2023-03-20 14:01:00,33.45,33.45,33.43,33.43,2452.0,FNF
2023-03-20 14:00:00,33.46,33.46,33.45,33.45,982.0,FNF
2023-03-20 13:59:00,33.43,33.45,33.43,33.45,1915.0,FNF
2023-03-20 13:58:00,33.44,33.44,33.44,33.44,604.0,FNF
2023-03-20 13:57:00,33.45,33.45,33.44,33.44,710.0,FNF
2023-03-20 13:56:00,33.46,33.46,33.44,33.46,1281.0,FNF
2023-03-20 13:55:00,33.48,33.49,33.46,33.46,2147.0,FNF
2023-03-20 13:54:00,33.47,33.49,33.47,33.485,1788.0,FNF
2023-03-20 13:53:00,33.4625,33.47,33.4625,33.47,691.0,FNF
2023-03-20 13:52:00,33.4794,33.4794,33.47,33.47,1427.0,FNF
2023-03-20 13:51:00,33.49,33.49,33.48,33.48,1771.0,FNF
2023-03-20 13:50:00,33.49,33.51,33.49,33.51,1290.0,FNF
2023-03-20 13:49:00,33.47,33.48,33.46,33.48,4418.0,FNF
2023-03-20 13:48:00,33.475,33.475,33.46,33.47,1515.0,FNF
2023-03-20 13:47:00,33.46,33.47,33.46,33.47,993.0,FNF
2023-03-20 13:46:00,33.44,33.45,33.43,33.45,1761.0,FNF
2023-03-20 13:45:00,33.41,33.44,33.4,33.4382,3426.0,FNF
2023-03-20 13:44:00,33.42,33.42,33.42,33.42,1040.0,FNF
2023-03-20 13:43:00,33.42,33.42,33.42,33.42,913.0,FNF
2023-03-20 13:42:00,33.4,33.42,33.4,33.42,1938.0,FNF
2023-03-20 13:41:00,33.43,33.43,33.41,33.4199,2996.0,FNF
2023-03-20 13:40:00,33.4,33.42,33.4,33.42,1891.0,FNF
2023-03-20 13:39:00,33.415,33.42,33.4,33.4,1585.0,FNF
2023-03-20 13:38:00,33.44,33.44,33.42,33.42,1232.0,FNF
2023-03-20 13:37:00,33.46,33.46,33.4377,33.44,1286.0,FNF
2023-03-20 13:36:00,33.45,33.49,33.45,33.4848,2936.0,FNF
2023-03-20 13:35:00,33.46,33.47,33.4591,33.46,1592.0,FNF
2023-03-20 13:34:00,33.465,33.465,33.45,33.46,1770.0,FNF
2023-03-20 13:33:00,33.465,33.465,33.465,33.465,556.0,FNF
2023-03-20 13:32:00,33.46,33.47,33.46,33.465,1514.0,FNF
2023-03-20 13:31:00,33.47,33.47,33.46,33.4636,1235.0,FNF
2023-03-20 13:30:00,33.49,33.49,33.46,33.46,1979.0,FNF
2023-03-20 13:29:00,33.48,33.48,33.47,33.48,2370.0,FNF
2023-03-20 13:28:00,33.51,33.51,33.49,33.5032,1596.0,FNF
2023-03-20 13:27:00,33.52,33.52,33.51,33.52,1070.0,FNF
2023-03-20 13:26:00,33.55,33.55,33.535,33.535,1032.0,FNF
2023-03-20 13:25:00,33.56,33.56,33.54,33.54,1393.0,FNF
2023-03-20 13:24:00,33.55,33.555,33.55,33.55,725.0,FNF
2023-03-20 13:23:00,33.53,33.54,33.51,33.54,2683.0,FNF
2023-03-20 13:22:00,33.55,33.55,33.55,33.55,1193.0,FNF
2023-03-20 13:21:00,33.56,33.57,33.55,33.56,1536.0,FNF
2023-03-20 13:20:00,33.535,33.55,33.535,33.55,1161.0,FNF
2023-03-20 13:19:00,33.52,33.54,33.52,33.53,1954.0,FNF
2023-03-20 13:18:00,33.57,33.57,33.525,33.525,3371.0,FNF
2023-03-20 13:17:00,33.5288,33.56,33.5288,33.56,1042.0,FNF
2023-03-20 13:16:00,33.4986,33.525,33.4986,33.52,2098.0,FNF
2023-03-20 13:15:00,33.48,33.51,33.48,33.51,1939.0,FNF
2023-03-20 13:14:00,33.505,33.505,33.48,33.48,1524.0,FNF
2023-03-20 13:13:00,33.51,33.52,33.5041,33.5041,1271.0,FNF
2023-03-20 13:12:00,33.51,33.515,33.51,33.515,1398.0,FNF
2023-03-20 13:11:00,33.53,33.54,33.515,33.515,1681.0,FNF
2023-03-20 13:10:00,33.54,33.55,33.54,33.54,1640.0,FNF
2023-03-20 13:09:00,33.58,33.58,33.54,33.54,3305.0,FNF
2023-03-20 13:08:00,33.52,33.555,33.51,33.555,3593.0,FNF
2023-03-20 13:07:00,33.48,33.54,33.48,33.5267,4566.0,FNF
2023-03-20 13:06:00,33.45,33.46,33.45,33.46,3005.0,FNF
2023-03-20 13:05:00,33.4,33.45,33.39,33.45,56609.0,FNF
2023-03-20 13:04:00,33.33,33.39,33.32,33.39,14319.0,FNF
2023-03-20 13:03:00,33.315,33.34,33.315,33.34,1964.0,FNF
2023-03-20 13:02:00,33.3,33.32,33.3,33.31,2570.0,FNF
2023-03-20 13:01:00,33.29,33.295,33.29,33.29,1745.0,FNF
2023-03-20 13:00:00,33.31,33.31,33.29,33.29,1412.0,FNF
2023-03-20 12:59:00,33.31,33.315,33.3,33.3,3819.0,FNF
2023-03-20 12:58:00,33.32,33.325,33.32,33.32,1996.0,FNF
2023-03-20 12:57:00,33.305,33.33,33.29,33.33,2193.0,FNF
2023-03-20 12:56:00,33.285,33.305,33.285,33.305,924.0,FNF
2023-03-20 12:55:00,33.27,33.285,33.27,33.28,1232.0,FNF
2023-03-20 12:54:00,33.26,33.26,33.26,33.26,342.0,FNF
2023-03-20 12:53:00,33.27,33.27,33.26,33.26,1985.0,FNF
2023-03-20 12:52:00,33.25,33.27,33.24,33.2566,1411.0,FNF
2023-03-20 12:51:00,33.205,33.235,33.205,33.235,1879.0,FNF
2023-03-20 12:50:00,33.21,33.21,33.2,33.21,2899.0,FNF
2023-03-20 12:49:00,33.21,33.2375,33.2,33.21,5715.0,FNF
2023-03-20 12:48:00,33.22,33.22,33.21,33.21,530.0,FNF
2023-03-20 12:47:00,33.22,33.24,33.22,33.22,2416.0,FNF
2023-03-20 12:46:00,33.21,33.23,33.21,33.22,2705.0,FNF
2023-03-20 12:45:00,33.21,33.21,33.21,33.21,602.0,FNF
2023-03-20 12:44:00,33.22,33.22,33.19,33.21,4172.0,FNF
2023-03-20 12:43:00,33.22,33.225,33.22,33.225,3627.0,FNF
2023-03-20 12:42:00,33.22,33.22,33.22,33.22,1914.0,FNF
2023-03-20 12:41:00,33.25,33.25,33.2,33.22,3455.0,FNF
2023-03-20 12:40:00,33.25,33.25,33.24,33.24,1224.0,FNF
2023-03-20 12:39:00,33.24,33.26,33.23,33.24,2779.0,FNF
2023-03-20 12:38:00,33.23,33.24,33.225,33.2368,1304.0,FNF
2023-03-20 12:37:00,33.21,33.22,33.21,33.2166,2058.0,FNF
2023-03-20 12:36:00,33.23,33.23,33.2,33.21,4707.0,FNF
2023-03-20 12:35:00,33.235,33.245,33.23,33.24,7722.0,FNF
2023-03-20 12:34:00,33.17,33.24,33.17,33.24,4862.0,FNF
2023-03-20 12:33:00,33.18,33.18,33.15,33.15,2559.0,FNF
2023-03-20 12:32:00,33.225,33.24,33.175,33.175,3512.0,FNF
2023-03-20 12:31:00,33.2,33.2203,33.2,33.22,2570.0,FNF
2023-03-20 12:30:00,33.19,33.19,33.19,33.19,658.0,FNF
2023-03-20 12:29:00,33.17,33.175,33.15,33.16,3177.0,FNF
2023-03-20 12:28:00,33.18,33.18,33.16,33.16,1982.0,FNF
2023-03-20 12:27:00,33.19,33.19,33.17,33.1835,2492.0,FNF
2023-03-20 12:26:00,33.1766,33.18,33.155,33.18,3527.0,FNF
2023-03-20 12:25:00,33.18,33.18,33.17,33.1718,1115.0,FNF
2023-03-20 12:24:00,33.17,33.19,33.17,33.17,1768.0,FNF
2023-03-20 12:23:00,33.16,33.16,33.16,33.16,1407.0,FNF
2023-03-20 12:22:00,33.11,33.13,33.11,33.13,2186.0,FNF
2023-03-20 12:21:00,33.08,33.09,33.08,33.09,1281.0,FNF
2023-03-20 12:20:00,33.05,33.07,33.04,33.07,3319.0,FNF
2023-03-20 12:19:00,33.1,33.1,33.07,33.07,3674.0,FNF
2023-03-20 12:18:00,33.14,33.14,33.09,33.1,7023.0,FNF
2023-03-20 12:17:00,33.145,33.145,33.14,33.14,1100.0,FNF
2023-03-20 12:16:00,33.15,33.16,33.14,33.14,2301.0,FNF
2023-03-20 12:15:00,33.1,33.15,33.1,33.14,1976.0,FNF
2023-03-20 12:14:00,33.06,33.1,33.06,33.08,1822.0,FNF
2023-03-20 12:13:00,33.07,33.08,33.05,33.08,2490.0,FNF
2023-03-20 12:12:00,33.1,33.1,33.1,33.1,1452.0,FNF
2023-03-20 12:11:00,33.125,33.13,33.105,33.11,2246.0,FNF
2023-03-20 12:10:00,33.17,33.17,33.13,33.13,1051.0,FNF
2023-03-20 12:09:00,33.18,33.19,33.18,33.19,807.0,FNF
2023-03-20 12:08:00,33.22,33.22,33.1727,33.1795,3549.0,FNF
2023-03-20 12:07:00,33.21,33.2174,33.2,33.21,1570.0,FNF
2023-03-20 12:06:00,33.2,33.22,33.2,33.22,2163.0,FNF
2023-03-20 12:05:00,33.19,33.21,33.19,33.21,1564.0,FNF
2023-03-20 12:04:00,33.19,33.2,33.19,33.2,949.0,FNF
2023-03-20 12:03:00,33.2009,33.2009,33.185,33.185,1522.0,FNF
2023-03-20 12:02:00,33.23,33.23,33.2,33.205,2292.0,FNF
2023-03-20 12:01:00,33.235,33.245,33.235,33.245,377.0,FNF
2023-03-20 12:00:00,33.27,33.27,33.25,33.25,945.0,FNF
2023-03-20 11:59:00,33.29,33.31,33.285,33.285,1850.0,FNF
2023-03-20 11:58:00,33.29,33.29,33.28,33.28,2226.0,FNF
2023-03-20 11:57:00,33.22,33.31,33.215,33.3,19873.0,FNF
2023-03-20 11:56:00,33.235,33.25,33.23,33.23,2749.0,FNF
2023-03-20 11:55:00,33.25,33.25,33.225,33.2365,2272.0,FNF
2023-03-20 11:54:00,33.29,33.29,33.25,33.26,1722.0,FNF
2023-03-20 11:53:00,33.3242,33.3281,33.29,33.29,2795.0,FNF
2023-03-20 11:52:00,33.33,33.33,33.295,33.3075,8126.0,FNF
2023-03-20 11:51:00,33.31,33.315,33.31,33.315,1293.0,FNF
2023-03-20 11:50:00,33.32,33.32,33.31,33.31,1443.0,FNF
2023-03-20 11:49:00,33.3341,33.335,33.31,33.32,1281.0,FNF
2023-03-20 11:48:00,33.345,33.345,33.335,33.335,571.0,FNF
2023-03-20 11:47:00,33.37,33.3775,33.34,33.34,2072.0,FNF
2023-03-20 11:46:00,33.38,33.38,33.35,33.36,1871.0,FNF
2023-03-20 11:45:00,33.37,33.37,33.365,33.365,638.0,FNF
2023-03-20 11:44:00,33.36,33.36,33.35,33.36,1102.0,FNF
2023-03-20 11:43:00,33.39,33.39,33.3619,33.3619,1942.0,FNF
2023-03-20 11:42:00,33.37,33.37,33.355,33.355,533.0,FNF
2023-03-20 11:41:00,33.35,33.36,33.34,33.36,2407.0,FNF
2023-03-20 11:40:00,33.36,33.38,33.355,33.37,3533.0,FNF
2023-03-20 11:39:00,33.41,33.41,33.37,33.37,1990.0,FNF
2023-03-20 11:38:00,33.425,33.425,33.4028,33.4028,2543.0,FNF
2023-03-20 11:37:00,33.43,33.45,33.425,33.425,4518.0,FNF
2023-03-20 11:36:00,33.425,33.425,33.42,33.42,994.0,FNF
2023-03-20 11:35:00,33.2781,33.4,33.2781,33.4,6734.0,FNF
2023-03-20 11:34:00,33.28,33.28,33.27,33.27,1823.0,FNF
2023-03-20 11:33:00,33.29,33.3079,33.29,33.29,1096.0,FNF
2023-03-20 11:32:00,33.29,33.29,33.27,33.29,1623.0,FNF
2023-03-20 11:31:00,33.3,33.3,33.285,33.3,1421.0,FNF
2023-03-20 11:30:00,33.26,33.3,33.26,33.285,6511.0,FNF
2023-03-20 11:29:00,33.23,33.26,33.23,33.26,2013.0,FNF
2023-03-20 11:28:00,33.225,33.23,33.225,33.23,576.0,FNF
2023-03-20 11:27:00,33.2,33.23,33.2,33.225,2402.0,FNF
2023-03-20 11:26:00,33.18,33.19,33.18,33.19,2483.0,FNF
2023-03-20 11:25:00,33.215,33.22,33.175,33.18,3357.0,FNF
2023-03-20 11:24:00,33.21,33.21,33.21,33.21,580.0,FNF
2023-03-20 11:23:00,33.2,33.215,33.2,33.21,1931.0,FNF
2023-03-20 11:22:00,33.22,33.22,33.195,33.195,2181.0,FNF
2023-03-20 11:21:00,33.22,33.22,33.2,33.21,3003.0,FNF
2023-03-20 11:20:00,33.225,33.2399,33.215,33.22,2521.0,FNF
2023-03-20 11:19:00,33.19,33.216,33.18,33.216,3951.0,FNF
2023-03-20 11:18:00,33.165,33.185,33.165,33.18,1137.0,FNF
2023-03-20 11:17:00,33.2,33.2,33.18,33.18,2139.0,FNF
2023-03-20 11:16:00,33.2001,33.205,33.2,33.205,2885.0,FNF
2023-03-20 11:15:00,33.2,33.21,33.2,33.2,952.0,FNF
2023-03-20 11:14:00,33.21,33.21,33.1875,33.2,2200.0,FNF
2023-03-20 11:13:00,33.205,33.23,33.1901,33.218,3777.0,FNF
2023-03-20 11:12:00,33.21,33.21,33.21,33.21,399.0,FNF
2023-03-20 11:11:00,33.27,33.27,33.245,33.245,1639.0,FNF
2023-03-20 11:10:00,33.27,33.28,33.27,33.275,2596.0,FNF
2023-03-20 11:09:00,33.26,33.27,33.245,33.27,3947.0,FNF
2023-03-20 11:08:00,33.31,33.31,33.28,33.28,4070.0,FNF
2023-03-20 11:07:00,33.33,33.33,33.3,33.3123,1472.0,FNF
2023-03-20 11:06:00,33.31,33.32,33.3,33.31,1620.0,FNF
2023-03-20 11:05:00,33.33,33.33,33.32,33.32,984.0,FNF
2023-03-20 11:04:00,33.36,33.365,33.34,33.34,1767.0,FNF
2023-03-20 11:03:00,33.38,33.395,33.36,33.365,2602.0,FNF
2023-03-20 11:02:00,33.36,33.38,33.35,33.37,3115.0,FNF
2023-03-20 11:01:00,33.38,33.3822,33.37,33.37,1973.0,FNF
2023-03-20 11:00:00,33.335,33.39,33.335,33.37,5880.0,FNF
2023-03-20 10:59:00,33.34,33.35,33.32,33.335,10524.0,FNF
2023-03-20 10:58:00,33.345,33.345,33.34,33.34,741.0,FNF
2023-03-20 10:57:00,33.33,33.35,33.33,33.345,1113.0,FNF
2023-03-20 10:56:00,33.335,33.35,33.33,33.33,2854.0,FNF
2023-03-20 10:55:00,33.35,33.35,33.33,33.33,3093.0,FNF
2023-03-20 10:54:00,33.3475,33.37,33.3475,33.35,815.0,FNF
2023-03-20 10:53:00,33.38,33.38,33.36,33.36,1379.0,FNF
2023-03-20 10:52:00,33.4,33.41,33.38,33.4,1054.0,FNF
2023-03-20 10:51:00,33.41,33.41,33.39,33.39,4447.0,FNF
2023-03-20 10:50:00,33.37,33.42,33.37,33.42,2042.0,FNF
2023-03-20 10:49:00,33.34,33.38,33.34,33.35,19647.0,FNF
2023-03-20 10:48:00,33.3,33.34,33.3,33.34,1602.0,FNF
2023-03-20 10:47:00,33.32,33.32,33.2675,33.3,4785.0,FNF
2023-03-20 10:46:00,33.27,33.295,33.25,33.295,1565.0,FNF
2023-03-20 10:45:00,33.295,33.295,33.28,33.28,858.0,FNF
2023-03-20 10:44:00,33.2801,33.295,33.2801,33.295,1038.0,FNF
2023-03-20 10:43:00,33.33,33.33,33.28,33.28,1262.0,FNF
2023-03-20 10:42:00,33.33,33.36,33.33,33.36,1855.0,FNF
2023-03-20 10:41:00,33.33,33.34,33.33,33.34,1117.0,FNF
2023-03-20 10:40:00,33.33,33.35,33.3,33.335,3341.0,FNF
2023-03-20 10:39:00,33.36,33.375,33.34,33.345,1856.0,FNF
2023-03-20 10:38:00,33.41,33.41,33.37,33.37,2720.0,FNF
2023-03-20 10:37:00,33.42,33.44,33.3987,33.3987,3438.0,FNF
2023-03-20 10:36:00,33.3846,33.4003,33.3846,33.4003,1493.0,FNF
2023-03-20 10:35:00,33.365,33.39,33.32,33.39,4334.0,FNF
2023-03-20 10:34:00,33.36,33.37,33.36,33.37,545.0,FNF
2023-03-20 10:33:00,33.34,33.35,33.33,33.35,2494.0,FNF
2023-03-20 10:32:00,33.34,33.38,33.34,33.38,2097.0,FNF
2023-03-20 10:31:00,33.335,33.36,33.335,33.3475,1018.0,FNF
2023-03-20 10:30:00,33.34,33.34,33.32,33.3354,1268.0,FNF
2023-03-20 10:29:00,33.3,33.32,33.3,33.32,1082.0,FNF
2023-03-20 10:28:00,33.2275,33.2955,33.22,33.2955,3323.0,FNF
2023-03-20 10:27:00,33.22,33.225,33.215,33.215,1001.0,FNF
2023-03-20 10:26:00,33.245,33.26,33.23,33.26,4057.0,FNF
2023-03-20 10:25:00,33.25,33.3,33.25,33.2799,1666.0,FNF
2023-03-20 10:24:00,33.195,33.24,33.195,33.24,1400.0,FNF
2023-03-20 10:23:00,33.2,33.22,33.2,33.21,2057.0,FNF
2023-03-20 10:22:00,33.1609,33.18,33.13,33.18,1601.0,FNF
2023-03-20 10:21:00,33.08,33.14,33.08,33.14,2189.0,FNF
2023-03-20 10:20:00,33.05,33.0797,33.04,33.07,2325.0,FNF
2023-03-20 10:19:00,33.1,33.1,33.03,33.03,2409.0,FNF
2023-03-20 10:18:00,33.12,33.13,33.065,33.0868,2538.0,FNF
2023-03-20 10:17:00,33.135,33.17,33.13,33.13,2334.0,FNF
2023-03-20 10:16:00,33.1,33.14,33.1,33.12,2900.0,FNF
2023-03-20 10:15:00,33.13,33.135,33.12,33.12,642.0,FNF
2023-03-20 10:14:00,33.12,33.16,33.11,33.14,2514.0,FNF
2023-03-20 10:13:00,33.11,33.12,33.11,33.11,2167.0,FNF
2023-03-20 10:12:00,33.12,33.12,33.05,33.08,7868.0,FNF
2023-03-20 10:11:00,33.13,33.14,33.12,33.135,1707.0,FNF
2023-03-20 10:10:00,33.145,33.145,33.11,33.115,2748.0,FNF
2023-03-20 10:09:00,33.15,33.15,33.115,33.15,2218.0,FNF
2023-03-20 10:08:00,33.23,33.24,33.21,33.21,2120.0,FNF
2023-03-20 10:07:00,33.275,33.305,33.27,33.27,2471.0,FNF
2023-03-20 10:06:00,33.34,33.355,33.29,33.295,5672.0,FNF
2023-03-20 10:05:00,33.29,33.34,33.275,33.335,2045.0,FNF
2023-03-20 10:04:00,33.16,33.2435,33.13,33.24,5297.0,FNF
2023-03-20 10:03:00,33.12,33.18,33.11,33.17,3055.0,FNF
2023-03-20 10:02:00,33.09,33.115,33.05,33.06,1700.0,FNF
2023-03-20 10:01:00,33.0,33.07,33.0,33.06,2188.0,FNF
2023-03-20 10:00:00,33.06,33.06,32.98,32.98,2602.0,FNF
2023-03-20 09:59:00,33.05,33.05,33.05,33.05,988.0,FNF
2023-03-20 09:58:00,33.06,33.08,33.02,33.02,2232.0,FNF
2023-03-20 09:57:00,33.1,33.1,33.06,33.0877,2086.0,FNF
2023-03-20 09:56:00,33.07,33.13,33.03,33.13,1996.0,FNF
2023-03-20 09:55:00,33.1765,33.19,33.12,33.12,3834.0,FNF
2023-03-20 09:54:00,33.16,33.16,33.13,33.15,1878.0,FNF
2023-03-20 09:53:00,33.105,33.1265,33.105,33.125,832.0,FNF
2023-03-20 09:52:00,33.1101,33.155,33.08,33.155,1714.0,FNF
2023-03-20 09:51:00,33.15,33.17,33.125,33.125,2492.0,FNF
2023-03-20 09:50:00,33.0,33.14,33.0,33.12,3298.0,FNF
2023-03-20 09:49:00,33.02,33.05,32.94,32.94,4854.0,FNF
2023-03-20 09:48:00,33.03,33.05,33.03,33.05,889.0,FNF
2023-03-20 09:47:00,33.03,33.03,33.0,33.0,728.0,FNF
2023-03-20 09:46:00,32.99,33.03,32.97,33.005,2786.0,FNF
2023-03-20 09:45:00,32.98,32.98,32.97,32.97,2039.0,FNF
2023-03-20 09:44:00,32.925,32.965,32.925,32.965,4207.0,FNF
2023-03-20 09:43:00,32.9082,32.92,32.89,32.89,4171.0,FNF
2023-03-20 09:42:00,32.82,32.89,32.82,32.87,1106.0,FNF
2023-03-20 09:41:00,32.81,32.88,32.81,32.82,2507.0,FNF
2023-03-20 09:40:00,32.8515,32.86,32.8155,32.86,1025.0,FNF
2023-03-20 09:39:00,32.825,32.85,32.77,32.85,3782.0,FNF
2023-03-20 09:38:00,32.6374,32.82,32.6374,32.81,4057.0,FNF
2023-03-20 09:37:00,32.685,32.72,32.61,32.72,3116.0,FNF
2023-03-20 09:35:00,32.7,32.7,32.62,32.62,27353.0,FNF
2023-03-20 09:33:00,32.55,32.55,32.55,32.55,101.0,FNF
2023-03-20 08:57:00,32.91,32.99,32.91,32.99,413.0,FNF
2023-03-17 17:06:00,32.11,32.11,32.11,32.11,1353.0,FNF
2023-03-17 16:28:00,32.11,32.11,32.11,32.11,800.0,FNF
2023-03-17 16:09:00,32.11,32.11,32.11,32.11,1068846.0,FNF
2023-03-17 16:05:00,32.11,32.11,32.11,32.11,65028.0,FNF
2023-03-17 16:04:00,32.11,32.11,32.11,32.11,3041.0,FNF
2023-03-17 16:03:00,32.11,32.11,32.11,32.11,147905.0,FNF
2023-03-17 16:02:00,32.11,32.11,32.11,32.11,39180.0,FNF
2023-03-17 16:00:00,32.06,32.12,32.045,32.12,128192.0,FNF
2023-03-17 15:59:00,32.03,32.08,32.02,32.06,83180.0,FNF
2023-03-17 15:58:00,32.0,32.035,32.0,32.03,60287.0,FNF
2023-03-17 15:57:00,32.01,32.02,31.99,31.995,67612.0,FNF
2023-03-17 15:56:00,31.96,32.02,31.955,32.01,52414.0,FNF
2023-03-17 15:55:00,32.0,32.015,31.94,31.965,35416.0,FNF
2023-03-17 15:54:00,32.02,32.03,31.965,31.995,27471.0,FNF
2023-03-17 15:53:00,31.97,32.03,31.97,32.02,18647.0,FNF
2023-03-17 15:52:00,32.045,32.045,31.965,31.965,29124.0,FNF
2023-03-17 15:51:00,31.92,32.05,31.91,32.045,52608.0,FNF
2023-03-17 15:50:00,31.84,31.915,31.84,31.915,20550.0,FNF
2023-03-17 15:49:00,31.85,31.85,31.84,31.85,14956.0,FNF
2023-03-17 15:48:00,31.88,31.89,31.84,31.85,22558.0,FNF
2023-03-17 15:47:00,31.99,31.99,31.89,31.89,16180.0,FNF
2023-03-17 15:46:00,32.07,32.07,31.985,31.985,58656.0,FNF
2023-03-17 15:45:00,32.06,32.08,32.06,32.08,9857.0,FNF
2023-03-17 15:44:00,32.055,32.08,32.055,32.06,15687.0,FNF
2023-03-17 15:43:00,32.065,32.08,32.055,32.055,23838.0,FNF
2023-03-17 15:42:00,32.03,32.06,32.03,32.06,8766.0,FNF
2023-03-17 15:41:00,31.97,32.03,31.97,32.03,16329.0,FNF
2023-03-17 15:40:00,31.95,31.975,31.93,31.965,25356.0,FNF
2023-03-17 15:39:00,31.985,31.985,31.95,31.955,17255.0,FNF
2023-03-17 15:38:00,31.965,31.995,31.965,31.985,14720.0,FNF
2023-03-17 15:37:00,32.0,32.0,31.96,31.965,21090.0,FNF
2023-03-17 15:36:00,32.005,32.02,32.0,32.0,13405.0,FNF
2023-03-17 15:35:00,31.965,32.01,31.965,32.01,12848.0,FNF
2023-03-17 15:34:00,32.01,32.01,31.965,31.965,10124.0,FNF
2023-03-17 15:33:00,32.06,32.06,32.005,32.015,15091.0,FNF
2023-03-17 15:32:00,32.055,32.065,32.05,32.065,10618.0,FNF
2023-03-17 15:31:00,32.085,32.085,32.06,32.06,10175.0,FNF
2023-03-17 15:30:00,32.08,32.11,32.08,32.08,10817.0,FNF
2023-03-17 15:29:00,32.06,32.09,32.055,32.08,9106.0,FNF
2023-03-17 15:28:00,32.04,32.07,32.04,32.06,9623.0,FNF
2023-03-17 15:27:00,32.035,32.04,32.035,32.035,3537.0,FNF
2023-03-17 15:26:00,32.045,32.055,32.04,32.04,10800.0,FNF
2023-03-17 15:25:00,32.055,32.055,32.045,32.045,3684.0,FNF
2023-03-17 15:24:00,32.04,32.06,32.0347,32.055,6820.0,FNF
2023-03-17 15:23:00,32.01,32.04,32.01,32.035,4563.0,FNF
2023-03-17 15:22:00,32.005,32.01,31.99,32.005,9640.0,FNF
2023-03-17 15:21:00,32.06,32.06,32.01,32.01,7838.0,FNF
2023-03-17 15:20:00,32.045,32.07,32.04,32.06,10029.0,FNF
2023-03-17 15:19:00,32.05,32.06,32.04,32.04,7486.0,FNF
2023-03-17 15:18:00,31.995,32.045,31.99,32.045,10657.0,FNF
2023-03-17 15:17:00,31.995,32.0,31.985,31.995,7050.0,FNF
2023-03-17 15:16:00,32.01,32.02,31.99,31.995,9839.0,FNF
2023-03-17 15:15:00,32.01,32.02,32.005,32.0149,2608.0,FNF
2023-03-17 15:14:00,31.97,32.005,31.97,32.005,5149.0,FNF
2023-03-17 15:13:00,31.95,31.965,31.9401,31.96,7560.0,FNF
2023-03-17 15:12:00,31.995,31.995,31.96,31.96,6974.0,FNF
2023-03-17 15:11:00,31.9802,32.01,31.975,32.0,5243.0,FNF
2023-03-17 15:10:00,32.0,32.02,31.99,31.99,5954.0,FNF
2023-03-17 15:09:00,31.99,32.005,31.985,32.0,7562.0,FNF
2023-03-17 15:08:00,31.995,31.995,31.97,31.98,7272.0,FNF
2023-03-17 15:07:00,31.97,32.0,31.965,31.995,6052.0,FNF
2023-03-17 15:06:00,31.99,31.99,31.975,31.975,4005.0,FNF
2023-03-17 15:05:00,31.965,31.99,31.955,31.99,8277.0,FNF
2023-03-17 15:04:00,31.965,31.975,31.96,31.965,7204.0,FNF
2023-03-17 15:03:00,31.97,31.98,31.97,31.97,4984.0,FNF
2023-03-17 15:02:00,31.99,31.99,31.97,31.98,3698.0,FNF
2023-03-17 15:01:00,32.05,32.05,31.99,31.99,8220.0,FNF
2023-03-17 15:00:00,32.035,32.05,32.03,32.05,3410.0,FNF
2023-03-17 14:59:00,32.06,32.06,32.04,32.04,5697.0,FNF
2023-03-17 14:58:00,32.06,32.07,32.06,32.06,3967.0,FNF
2023-03-17 14:57:00,32.06,32.06,32.04,32.0557,4578.0,FNF
2023-03-17 14:56:00,32.09,32.1,32.065,32.065,7129.0,FNF
2023-03-17 14:55:00,32.03,32.09,32.03,32.09,4554.0,FNF
2023-03-17 14:54:00,32.01,32.03,32.01,32.03,4142.0,FNF
2023-03-17 14:53:00,31.99,32.02,31.985,32.015,7850.0,FNF
2023-03-17 14:52:00,32.03,32.03,31.98,31.98,7755.0,FNF
2023-03-17 14:51:00,32.04,32.045,32.03,32.03,3342.0,FNF
2023-03-17 14:50:00,32.02,32.05,32.015,32.05,8153.0,FNF
2023-03-17 14:49:00,31.995,32.02,31.99,32.02,5699.0,FNF
2023-03-17 14:48:00,32.0,32.0,31.985,31.99,4241.0,FNF
2023-03-17 14:47:00,32.0,32.0,31.985,32.0,3393.0,FNF
2023-03-17 14:46:00,32.01,32.01,32.0,32.01,4069.0,FNF
2023-03-17 14:45:00,32.01,32.02,32.005,32.015,7045.0,FNF
2023-03-17 14:44:00,32.01,32.01,31.99,32.0,5267.0,FNF
2023-03-17 14:43:00,32.0,32.0,31.99,32.0,2871.0,FNF
2023-03-17 14:42:00,31.99,32.03,31.99,32.0,5370.0,FNF
2023-03-17 14:41:00,31.97,31.995,31.96,31.99,8004.0,FNF
2023-03-17 14:40:00,31.96,31.97,31.96,31.97,4701.0,FNF
2023-03-17 14:39:00,32.02,32.025,31.96,31.96,19084.0,FNF
2023-03-17 14:38:00,32.04,32.04,32.01,32.03,9982.0,FNF
2023-03-17 14:37:00,32.055,32.065,32.04,32.045,8274.0,FNF
2023-03-17 14:36:00,32.06,32.06,32.055,32.055,1066.0,FNF
2023-03-17 14:35:00,32.07,32.08,32.055,32.06,6203.0,FNF
2023-03-17 14:34:00,32.05,32.0688,32.05,32.0688,4686.0,FNF
2023-03-17 14:33:00,32.04,32.06,32.04,32.05,2847.0,FNF
2023-03-17 14:32:00,32.02,32.04,31.98,32.04,25850.0,FNF
2023-03-17 14:31:00,32.03,32.05,32.02,32.02,7842.0,FNF
2023-03-17 14:30:00,32.03,32.035,32.03,32.03,1337.0,FNF
2023-03-17 14:29:00,32.025,32.035,32.025,32.03,6945.0,FNF
2023-03-17 14:28:00,32.0357,32.04,32.03,32.03,4497.0,FNF
2023-03-17 14:27:00,32.03,32.04,32.03,32.04,2716.0,FNF
2023-03-17 14:26:00,32.05,32.05,32.03,32.03,2933.0,FNF
2023-03-17 14:25:00,32.04,32.05,32.03,32.05,11484.0,FNF
2023-03-17 14:24:00,32.05,32.05,32.05,32.05,1059.0,FNF
2023-03-17 14:23:00,32.04,32.045,32.0386,32.045,2296.0,FNF
2023-03-17 14:22:00,32.04,32.06,32.035,32.04,5564.0,FNF
2023-03-17 14:21:00,32.08,32.08,32.04,32.05,5176.0,FNF
2023-03-17 14:20:00,32.1,32.1,32.09,32.09,2640.0,FNF
2023-03-17 14:19:00,32.1,32.11,32.09,32.11,5469.0,FNF
2023-03-17 14:18:00,32.13,32.13,32.095,32.1,4719.0,FNF
2023-03-17 14:17:00,32.1,32.13,32.1,32.13,6634.0,FNF
2023-03-17 14:16:00,32.14,32.14,32.11,32.11,7345.0,FNF
2023-03-17 14:15:00,32.15,32.15,32.135,32.14,4576.0,FNF
2023-03-17 14:14:00,32.16,32.165,32.155,32.16,2087.0,FNF
2023-03-17 14:13:00,32.15,32.16,32.15,32.16,4047.0,FNF
2023-03-17 14:12:00,32.14,32.15,32.1301,32.14,3681.0,FNF
2023-03-17 14:11:00,32.175,32.18,32.13,32.135,5819.0,FNF
2023-03-17 14:10:00,32.16,32.18,32.16,32.18,2831.0,FNF
2023-03-17 14:09:00,32.14,32.16,32.14,32.15,4814.0,FNF
2023-03-17 14:08:00,32.2,32.21,32.14,32.15,8180.0,FNF
2023-03-17 14:07:00,32.2,32.21,32.19,32.19,2861.0,FNF
2023-03-17 14:06:00,32.2,32.22,32.195,32.2,4870.0,FNF
2023-03-17 14:05:00,32.21,32.21,32.2,32.2,967.0,FNF
2023-03-17 14:04:00,32.24,32.24,32.2,32.2,6732.0,FNF
2023-03-17 14:03:00,32.19,32.24,32.19,32.22,4602.0,FNF
2023-03-17 14:02:00,32.155,32.18,32.15,32.17,6152.0,FNF
2023-03-17 14:01:00,32.13,32.18,32.13,32.15,6084.0,FNF
2023-03-17 14:00:00,32.1,32.13,32.1,32.13,12575.0,FNF
2023-03-17 13:59:00,32.09,32.095,32.08,32.095,3295.0,FNF
2023-03-17 13:58:00,32.09,32.09,32.075,32.08,3009.0,FNF
2023-03-17 13:57:00,32.11,32.11,32.075,32.09,5044.0,FNF
2023-03-17 13:56:00,32.105,32.12,32.105,32.12,3965.0,FNF
2023-03-17 13:55:00,32.09,32.11,32.09,32.11,1948.0,FNF
2023-03-17 13:54:00,32.08,32.1,32.08,32.085,3842.0,FNF
2023-03-17 13:53:00,32.1,32.1,32.085,32.085,4624.0,FNF
2023-03-17 13:52:00,32.11,32.12,32.1035,32.1035,4666.0,FNF
2023-03-17 13:51:00,32.12,32.12,32.09,32.105,5228.0,FNF
2023-03-17 13:50:00,32.15,32.15,32.11,32.115,5498.0,FNF
2023-03-17 13:49:00,32.12,32.16,32.12,32.15,4215.0,FNF
2023-03-17 13:48:00,32.1,32.115,32.095,32.115,2458.0,FNF
2023-03-17 13:47:00,32.09,32.1,32.07,32.1,8121.0,FNF
2023-03-17 13:46:00,32.095,32.1,32.085,32.1,4612.0,FNF
2023-03-17 13:45:00,32.09,32.1,32.085,32.1,2690.0,FNF
2023-03-17 13:44:00,32.1,32.1,32.08,32.0825,3622.0,FNF
2023-03-17 13:43:00,32.14,32.14,32.11,32.11,6241.0,FNF
2023-03-17 13:42:00,32.15,32.16,32.14,32.14,5019.0,FNF
2023-03-17 13:41:00,32.18,32.18,32.14,32.14,4865.0,FNF
2023-03-17 13:40:00,32.18,32.2,32.18,32.18,3551.0,FNF
2023-03-17 13:39:00,32.17,32.175,32.16,32.17,4759.0,FNF
2023-03-17 13:38:00,32.18,32.19,32.18,32.185,3004.0,FNF
2023-03-17 13:37:00,32.18,32.18,32.17,32.17,4163.0,FNF
2023-03-17 13:36:00,32.18,32.18,32.16,32.1725,5523.0,FNF
2023-03-17 13:35:00,32.18,32.19,32.165,32.18,4858.0,FNF
2023-03-17 13:34:00,32.22,32.23,32.18,32.19,5193.0,FNF
2023-03-17 13:33:00,32.1801,32.22,32.18,32.22,5750.0,FNF
2023-03-17 13:32:00,32.18,32.195,32.18,32.19,4334.0,FNF
2023-03-17 13:31:00,32.1849,32.19,32.18,32.18,2533.0,FNF
2023-03-17 13:30:00,32.2,32.2,32.175,32.19,5328.0,FNF
2023-03-17 13:29:00,32.19,32.2,32.18,32.19,2895.0,FNF
2023-03-17 13:28:00,32.18,32.2,32.18,32.2,3692.0,FNF
2023-03-17 13:27:00,32.18,32.19,32.18,32.19,1264.0,FNF
2023-03-17 13:26:00,32.195,32.195,32.1701,32.19,4693.0,FNF
2023-03-17 13:25:00,32.2182,32.225,32.2,32.2,3875.0,FNF
2023-03-17 13:24:00,32.25,32.25,32.22,32.2284,5098.0,FNF
2023-03-17 13:23:00,32.26,32.27,32.26,32.26,2320.0,FNF
2023-03-17 13:22:00,32.27,32.28,32.265,32.27,2195.0,FNF
2023-03-17 13:21:00,32.225,32.27,32.22,32.27,3420.0,FNF
2023-03-17 13:20:00,32.2,32.22,32.2,32.22,6478.0,FNF
2023-03-17 13:19:00,32.21,32.21,32.19,32.2,4923.0,FNF
2023-03-17 13:18:00,32.22,32.22,32.2,32.21,899.0,FNF
2023-03-17 13:17:00,32.23,32.24,32.2,32.22,5100.0,FNF
2023-03-17 13:16:00,32.26,32.26,32.23,32.245,6433.0,FNF
2023-03-17 13:15:00,32.27,32.28,32.255,32.26,4641.0,FNF
2023-03-17 13:14:00,32.27,32.29,32.26,32.26,2326.0,FNF
2023-03-17 13:13:00,32.26,32.27,32.26,32.27,1942.0,FNF
2023-03-17 13:12:00,32.29,32.29,32.26,32.26,5129.0,FNF
2023-03-17 13:11:00,32.28,32.29,32.28,32.29,2120.0,FNF
2023-03-17 13:10:00,32.28,32.285,32.27,32.285,2516.0,FNF
2023-03-17 13:09:00,32.26,32.28,32.26,32.28,1107.0,FNF
2023-03-17 13:08:00,32.26,32.27,32.2598,32.2598,2713.0,FNF
2023-03-17 13:07:00,32.245,32.26,32.23,32.255,4785.0,FNF
2023-03-17 13:06:00,32.25,32.25,32.225,32.24,5654.0,FNF
2023-03-17 13:05:00,32.24,32.255,32.235,32.255,4295.0,FNF
2023-03-17 13:04:00,32.245,32.26,32.24,32.25,3072.0,FNF
2023-03-17 13:03:00,32.24,32.25,32.235,32.25,3458.0,FNF
2023-03-17 13:02:00,32.245,32.25,32.2401,32.25,2434.0,FNF
2023-03-17 13:01:00,32.275,32.28,32.24,32.25,4203.0,FNF
2023-03-17 13:00:00,32.3,32.3,32.28,32.28,2565.0,FNF
2023-03-17 12:59:00,32.3182,32.32,32.3,32.3,2424.0,FNF
2023-03-17 12:58:00,32.29,32.32,32.29,32.32,3928.0,FNF
2023-03-17 12:57:00,32.3,32.3,32.28,32.285,4665.0,FNF
2023-03-17 12:56:00,32.28,32.3,32.28,32.29,2185.0,FNF
2023-03-17 12:55:00,32.29,32.29,32.28,32.28,1571.0,FNF
2023-03-17 12:54:00,32.285,32.295,32.28,32.295,7295.0,FNF
2023-03-17 12:53:00,32.303,32.305,32.285,32.285,4154.0,FNF
2023-03-17 12:52:00,32.34,32.34,32.3,32.305,3545.0,FNF
2023-03-17 12:51:00,32.31,32.34,32.31,32.34,5113.0,FNF
2023-03-17 12:50:00,32.34,32.34,32.3,32.3,3961.0,FNF
2023-03-17 12:49:00,32.36,32.37,32.33,32.34,3907.0,FNF
2023-03-17 12:48:00,32.355,32.37,32.35,32.36,4206.0,FNF
2023-03-17 12:47:00,32.365,32.37,32.35,32.355,2071.0,FNF
2023-03-17 12:46:00,32.38,32.38,32.355,32.36,5384.0,FNF
2023-03-17 12:45:00,32.4,32.415,32.38,32.38,3539.0,FNF
2023-03-17 12:44:00,32.41,32.41,32.4,32.4,4075.0,FNF
2023-03-17 12:43:00,32.39,32.41,32.38,32.41,5243.0,FNF
2023-03-17 12:42:00,32.405,32.42,32.4,32.41,4945.0,FNF
2023-03-17 12:41:00,32.395,32.405,32.395,32.405,4178.0,FNF
2023-03-17 12:40:00,32.42,32.43,32.395,32.395,3966.0,FNF
2023-03-17 12:39:00,32.42,32.425,32.42,32.42,2763.0,FNF
2023-03-17 12:38:00,32.42,32.425,32.41,32.425,4211.0,FNF
2023-03-17 12:37:00,32.43,32.45,32.41,32.41,6046.0,FNF
2023-03-17 12:36:00,32.4201,32.44,32.4201,32.43,2950.0,FNF
2023-03-17 12:35:00,32.43,32.44,32.43,32.43,2027.0,FNF
2023-03-17 12:34:00,32.47,32.47,32.43,32.43,5035.0,FNF
2023-03-17 12:33:00,32.49,32.49,32.475,32.475,3767.0,FNF
2023-03-17 12:32:00,32.47,32.5,32.46,32.48,7576.0,FNF
2023-03-17 12:31:00,32.41,32.44,32.41,32.44,3206.0,FNF
2023-03-17 12:30:00,32.38,32.41,32.38,32.41,3488.0,FNF
2023-03-17 12:29:00,32.41,32.415,32.38,32.385,6162.0,FNF
2023-03-17 12:28:00,32.375,32.42,32.375,32.415,3899.0,FNF
2023-03-17 12:27:00,32.365,32.38,32.365,32.375,5876.0,FNF
2023-03-17 12:26:00,32.34,32.365,32.34,32.36,3589.0,FNF
2023-03-17 12:25:00,32.34,32.35,32.34,32.35,2434.0,FNF
2023-03-17 12:24:00,32.34,32.35,32.335,32.34,4050.0,FNF
2023-03-17 12:23:00,32.335,32.35,32.33,32.335,7792.0,FNF
2023-03-17 12:22:00,32.34,32.34,32.33,32.335,3105.0,FNF
2023-03-17 12:21:00,32.355,32.37,32.35,32.35,4448.0,FNF
2023-03-17 12:20:00,32.35,32.355,32.33,32.355,6105.0,FNF
2023-03-17 12:19:00,32.365,32.37,32.35,32.35,3154.0,FNF
2023-03-17 12:18:00,32.34,32.37,32.335,32.37,7595.0,FNF
2023-03-17 12:17:00,32.3,32.33,32.3,32.33,2991.0,FNF
2023-03-17 12:16:00,32.305,32.31,32.29,32.3,4450.0,FNF
2023-03-17 12:15:00,32.33,32.335,32.31,32.31,3761.0,FNF
2023-03-17 12:14:00,32.35,32.36,32.33,32.335,5434.0,FNF
2023-03-17 12:13:00,32.32,32.34,32.32,32.34,3493.0,FNF
2023-03-17 12:12:00,32.35,32.35,32.31,32.32,4118.0,FNF
2023-03-17 12:11:00,32.34,32.355,32.32,32.355,4447.0,FNF
2023-03-17 12:10:00,32.35,32.355,32.34,32.35,2737.0,FNF
2023-03-17 12:09:00,32.33,32.36,32.33,32.35,1972.0,FNF
2023-03-17 12:08:00,32.28,32.34,32.28,32.32,5032.0,FNF
2023-03-17 12:07:00,32.28,32.3,32.28,32.29,5300.0,FNF
2023-03-17 12:06:00,32.28,32.28,32.27,32.27,1920.0,FNF
2023-03-17 12:05:00,32.27,32.3,32.27,32.28,4107.0,FNF
2023-03-17 12:04:00,32.27,32.28,32.26,32.28,3067.0,FNF
2023-03-17 12:03:00,32.32,32.32,32.29,32.29,7157.0,FNF
2023-03-17 12:02:00,32.315,32.325,32.315,32.325,3050.0,FNF
2023-03-17 12:01:00,32.28,32.33,32.28,32.315,4037.0,FNF
2023-03-17 12:00:00,32.28,32.28,32.255,32.27,3675.0,FNF
2023-03-17 11:59:00,32.28,32.285,32.27,32.285,4385.0,FNF
2023-03-17 11:58:00,32.305,32.33,32.27,32.275,8103.0,FNF
2023-03-17 11:57:00,32.27,32.31,32.27,32.3,3316.0,FNF
2023-03-17 11:56:00,32.25,32.29,32.235,32.27,7674.0,FNF
2023-03-17 11:55:00,32.29,32.3,32.26,32.26,5399.0,FNF
2023-03-17 11:54:00,32.3,32.33,32.2997,32.2997,8576.0,FNF
2023-03-17 11:53:00,32.3,32.3,32.29,32.3,1809.0,FNF
2023-03-17 11:52:00,32.29,32.295,32.28,32.29,3452.0,FNF
2023-03-17 11:51:00,32.31,32.31,32.28,32.29,2743.0,FNF
2023-03-17 11:50:00,32.24,32.3,32.24,32.3,6617.0,FNF
2023-03-17 11:49:00,32.22,32.23,32.22,32.23,7357.0,FNF
2023-03-17 11:48:00,32.22,32.23,32.22,32.22,3720.0,FNF
2023-03-17 11:47:00,32.215,32.215,32.215,32.215,133.0,FNF
2023-03-17 11:46:00,32.21,32.23,32.2,32.215,5330.0,FNF
2023-03-17 11:45:00,32.215,32.23,32.21,32.21,4428.0,FNF
2023-03-17 11:44:00,32.25,32.25,32.22,32.22,5945.0,FNF
2023-03-17 11:43:00,32.255,32.255,32.245,32.25,2317.0,FNF
2023-03-17 11:42:00,32.25,32.2699,32.24,32.255,3549.0,FNF
2023-03-17 11:41:00,32.25,32.27,32.23,32.26,7710.0,FNF
2023-03-17 11:40:00,32.25,32.26,32.24,32.25,6426.0,FNF
2023-03-17 11:39:00,32.29,32.29,32.26,32.26,4716.0,FNF
2023-03-17 11:38:00,32.35,32.35,32.31,32.31,9215.0,FNF
2023-03-17 11:37:00,32.37,32.38,32.36,32.36,4064.0,FNF
2023-03-17 11:36:00,32.37,32.37,32.36,32.36,1333.0,FNF
2023-03-17 11:35:00,32.35,32.37,32.35,32.36,3891.0,FNF
2023-03-17 11:34:00,32.29,32.36,32.29,32.35,7144.0,FNF
2023-03-17 11:33:00,32.26,32.29,32.245,32.29,6671.0,FNF
2023-03-17 11:32:00,32.245,32.26,32.245,32.26,1203.0,FNF
2023-03-17 11:31:00,32.27,32.27,32.245,32.245,5596.0,FNF
2023-03-17 11:30:00,32.26,32.28,32.26,32.2786,2322.0,FNF
2023-03-17 11:29:00,32.2515,32.2681,32.2515,32.26,2071.0,FNF
2023-03-17 11:28:00,32.27,32.28,32.26,32.27,6028.0,FNF
2023-03-17 11:27:00,32.27,32.28,32.26,32.28,3996.0,FNF
2023-03-17 11:26:00,32.31,32.31,32.26,32.26,8307.0,FNF
2023-03-17 11:25:00,32.31,32.32,32.31,32.32,3330.0,FNF
2023-03-17 11:24:00,32.32,32.32,32.29,32.31,6013.0,FNF
2023-03-17 11:23:00,32.385,32.385,32.32,32.33,8964.0,FNF
2023-03-17 11:22:00,32.355,32.39,32.35,32.39,4753.0,FNF
2023-03-17 11:21:00,32.37,32.3799,32.36,32.36,3622.0,FNF
2023-03-17 11:20:00,32.37,32.37,32.36,32.36,2772.0,FNF
2023-03-17 11:19:00,32.3465,32.375,32.34,32.375,4314.0,FNF
2023-03-17 11:18:00,32.35,32.36,32.34,32.34,3149.0,FNF
2023-03-17 11:17:00,32.29,32.36,32.2854,32.34,5450.0,FNF
2023-03-17 11:16:00,32.25,32.29,32.25,32.29,3588.0,FNF
2023-03-17 11:15:00,32.25,32.25,32.24,32.24,1980.0,FNF
2023-03-17 11:14:00,32.23,32.26,32.23,32.26,3921.0,FNF
2023-03-17 11:13:00,32.24,32.25,32.22,32.22,5422.0,FNF
2023-03-17 11:12:00,32.27,32.27,32.25,32.25,2431.0,FNF
2023-03-17 11:11:00,32.275,32.28,32.27,32.27,2123.0,FNF
2023-03-17 11:10:00,32.265,32.3,32.265,32.28,3585.0,FNF
2023-03-17 11:09:00,32.29,32.29,32.2609,32.265,6436.0,FNF
2023-03-17 11:08:00,32.23,32.29,32.23,32.28,3301.0,FNF
2023-03-17 11:07:00,32.24,32.26,32.22,32.22,5771.0,FNF
2023-03-17 11:06:00,32.23,32.25,32.23,32.24,3138.0,FNF
2023-03-17 11:05:00,32.16,32.235,32.16,32.23,2878.0,FNF
2023-03-17 11:04:00,32.175,32.19,32.16,32.165,6400.0,FNF
2023-03-17 11:03:00,32.15,32.1774,32.14,32.1774,2669.0,FNF
2023-03-17 11:02:00,32.195,32.195,32.16,32.16,3066.0,FNF
2023-03-17 11:01:00,32.265,32.29,32.22,32.22,4331.0,FNF
2023-03-17 11:00:00,32.3,32.32,32.27,32.28,6423.0,FNF
2023-03-17 10:59:00,32.285,32.32,32.281,32.29,10316.0,FNF
2023-03-17 10:58:00,32.23,32.28,32.21,32.28,5817.0,FNF
2023-03-17 10:57:00,32.18,32.24,32.18,32.221,5609.0,FNF
2023-03-17 10:56:00,32.17,32.2,32.16,32.17,5650.0,FNF
2023-03-17 10:55:00,32.16,32.2,32.145,32.175,5009.0,FNF
2023-03-17 10:54:00,32.11,32.16,32.11,32.16,5830.0,FNF
2023-03-17 10:53:00,32.18,32.18,32.08,32.1,7662.0,FNF
2023-03-17 10:52:00,32.22,32.225,32.185,32.185,5718.0,FNF
2023-03-17 10:51:00,32.22,32.23,32.2,32.21,5091.0,FNF
2023-03-17 10:50:00,32.215,32.22,32.2043,32.22,2258.0,FNF
2023-03-17 10:49:00,32.25,32.2606,32.215,32.23,4281.0,FNF
2023-03-17 10:48:00,32.205,32.24,32.205,32.24,4783.0,FNF
2023-03-17 10:47:00,32.21,32.235,32.2,32.21,4778.0,FNF
2023-03-17 10:46:00,32.18,32.25,32.18,32.25,4519.0,FNF
2023-03-17 10:45:00,32.22,32.25,32.18,32.18,3493.0,FNF
2023-03-17 10:44:00,32.25,32.26,32.2,32.22,7775.0,FNF
2023-03-17 10:43:00,32.22,32.25,32.21,32.24,4374.0,FNF
2023-03-17 10:42:00,32.16,32.21,32.16,32.21,6306.0,FNF
2023-03-17 10:41:00,32.19,32.19,32.16,32.16,3749.0,FNF
2023-03-17 10:40:00,32.2,32.2,32.18,32.19,5632.0,FNF
2023-03-17 10:39:00,32.21,32.22,32.2,32.21,2993.0,FNF
2023-03-17 10:38:00,32.2,32.225,32.2,32.215,4548.0,FNF
2023-03-17 10:37:00,32.12,32.185,32.12,32.185,5879.0,FNF
2023-03-17 10:36:00,32.12,32.14,32.11,32.13,3605.0,FNF
2023-03-17 10:35:00,32.13,32.14,32.12,32.125,4527.0,FNF
2023-03-17 10:34:00,32.17,32.17,32.14,32.15,5451.0,FNF
2023-03-17 10:33:00,32.2,32.21,32.17,32.18,5705.0,FNF
2023-03-17 10:32:00,32.185,32.2,32.17,32.19,3104.0,FNF
2023-03-17 10:31:00,32.18,32.19,32.17,32.19,3122.0,FNF
2023-03-17 10:30:00,32.125,32.17,32.125,32.17,6592.0,FNF
2023-03-17 10:29:00,32.1,32.13,32.1,32.1298,3895.0,FNF
2023-03-17 10:28:00,32.12,32.13,32.1,32.11,6945.0,FNF
2023-03-17 10:27:00,32.1304,32.1304,32.11,32.13,4997.0,FNF
2023-03-17 10:26:00,32.13,32.14,32.12,32.13,3698.0,FNF
2023-03-17 10:25:00,32.12,32.12,32.1,32.12,3369.0,FNF
2023-03-17 10:24:00,32.17,32.17,32.12,32.12,2970.0,FNF
2023-03-17 10:23:00,32.095,32.17,32.095,32.17,4400.0,FNF
2023-03-17 10:22:00,32.075,32.095,32.0386,32.095,8345.0,FNF
2023-03-17 10:21:00,32.05,32.09,32.05,32.09,2779.0,FNF
2023-03-17 10:20:00,32.08,32.08,32.01,32.04,8987.0,FNF
2023-03-17 10:19:00,32.1,32.12,32.08,32.08,6479.0,FNF
2023-03-17 10:18:00,32.17,32.18,32.13,32.13,2892.0,FNF
2023-03-17 10:17:00,32.055,32.16,32.0417,32.155,6057.0,FNF
2023-03-17 10:16:00,32.125,32.15,32.05,32.055,9034.0,FNF
2023-03-17 10:15:00,32.2,32.2,32.11,32.12,10026.0,FNF
2023-03-17 10:14:00,32.225,32.23,32.21,32.21,4496.0,FNF
2023-03-17 10:13:00,32.27,32.27,32.23,32.23,11376.0,FNF
2023-03-17 10:12:00,32.325,32.335,32.27,32.28,4205.0,FNF
2023-03-17 10:11:00,32.38,32.38,32.325,32.335,2487.0,FNF
2023-03-17 10:10:00,32.36,32.38,32.35,32.375,3811.0,FNF
2023-03-17 10:09:00,32.44,32.45,32.34,32.34,8888.0,FNF
2023-03-17 10:08:00,32.5,32.51,32.4517,32.4517,15632.0,FNF
2023-03-17 10:07:00,32.55,32.57,32.49,32.52,13479.0,FNF
2023-03-17 10:06:00,32.53,32.555,32.5,32.54,15089.0,FNF
2023-03-17 10:05:00,32.56,32.56,32.535,32.54,2701.0,FNF
2023-03-17 10:04:00,32.545,32.57,32.53,32.56,6908.0,FNF
2023-03-17 10:03:00,32.6,32.61,32.545,32.545,2672.0,FNF
2023-03-17 10:02:00,32.61,32.615,32.585,32.595,2218.0,FNF
2023-03-17 10:01:00,32.53,32.63,32.515,32.6,5473.0,FNF
2023-03-17 10:00:00,32.52,32.53,32.5,32.5,2895.0,FNF
2023-03-17 09:59:00,32.55,32.55,32.51,32.52,2867.0,FNF
2023-03-17 09:58:00,32.525,32.56,32.51,32.55,2743.0,FNF
2023-03-17 09:57:00,32.515,32.6,32.515,32.525,3989.0,FNF
2023-03-17 09:56:00,32.54,32.54,32.53,32.535,1675.0,FNF
2023-03-17 09:55:00,32.5,32.59,32.5,32.59,7162.0,FNF
2023-03-17 09:54:00,32.51,32.51,32.47,32.5,4811.0,FNF
2023-03-17 09:53:00,32.505,32.55,32.505,32.51,4366.0,FNF
2023-03-17 09:52:00,32.38,32.53,32.38,32.51,6428.0,FNF
2023-03-17 09:51:00,32.42,32.51,32.36,32.39,17931.0,FNF
2023-03-17 09:50:00,32.45,32.45,32.3459,32.4,3125.0,FNF
2023-03-17 09:49:00,32.52,32.545,32.43,32.455,3983.0,FNF
2023-03-17 09:48:00,32.535,32.5625,32.49,32.52,2098.0,FNF
2023-03-17 09:47:00,32.51,32.59,32.51,32.525,2997.0,FNF
2023-03-17 09:46:00,32.62,32.62,32.48,32.5,6295.0,FNF
2023-03-17 09:45:00,32.52,32.66,32.52,32.66,1911.0,FNF
2023-03-17 09:44:00,32.42,32.54,32.42,32.52,8024.0,FNF
2023-03-17 09:43:00,32.39,32.47,32.39,32.4,5831.0,FNF
2023-03-17 09:42:00,32.46,32.51,32.39,32.39,4298.0,FNF
2023-03-17 09:41:00,32.64,32.67,32.42,32.42,8507.0,FNF
2023-03-17 09:40:00,32.74,32.74,32.66,32.66,6540.0,FNF
2023-03-17 09:39:00,32.715,32.76,32.67,32.76,3864.0,FNF
2023-03-17 09:38:00,32.785,32.785,32.7,32.7,2955.0,FNF
2023-03-17 09:37:00,32.785,32.86,32.77,32.85,5511.0,FNF
2023-03-17 09:36:00,32.81,32.94,32.6,32.83,113560.0,FNF
2023-03-17 09:33:00,32.94,32.94,32.9,32.91,2030.0,FNF
2023-03-17 09:32:00,32.9,32.94,32.9,32.94,1523.0,FNF
2023-03-17 09:31:00,32.84,32.84,32.84,32.84,110.0,FNF
2023-03-17 09:30:00,33.21,33.21,33.21,33.21,200.0,FNF
2023-03-17 08:49:00,32.5,32.5,32.5,32.5,147.0,FNF
2023-03-17 07:31:00,33.0,33.0,33.0,33.0,128.0,FNF
2023-03-16 19:40:00,32.95,32.95,32.95,32.95,322.0,FNF
2023-03-16 17:04:00,32.9,32.9,32.9,32.9,800.0,FNF
2023-03-16 16:30:00,33.01,33.01,33.01,33.01,1400.0,FNF
2023-03-16 16:03:00,33.01,33.01,33.01,33.01,518.0,FNF
2023-03-16 16:02:00,33.01,33.01,33.01,33.01,31734.0,FNF
2023-03-16 16:01:00,33.01,33.01,33.01,33.01,68986.0,FNF
2023-03-16 16:00:00,32.975,33.02,32.975,33.0,85275.0,FNF
2023-03-16 15:59:00,32.99,32.99,32.97,32.97,43675.0,FNF
2023-03-16 15:58:00,32.935,32.99,32.93,32.99,48961.0,FNF
2023-03-16 15:57:00,32.9,32.94,32.9,32.935,39748.0,FNF
2023-03-16 15:56:00,32.935,32.94,32.9,32.905,43767.0,FNF
2023-03-16 15:55:00,32.93,32.96,32.93,32.935,22548.0,FNF
2023-03-16 15:54:00,32.95,32.95,32.92,32.93,33522.0,FNF
2023-03-16 15:53:00,32.99,32.99,32.93,32.94,22300.0,FNF
2023-03-16 15:52:00,32.98,32.99,32.96,32.99,43988.0,FNF
2023-03-16 15:51:00,33.02,33.05,32.98,32.98,36038.0,FNF
2023-03-16 15:50:00,32.96,33.04,32.96,33.04,18832.0,FNF
2023-03-16 15:49:00,33.03,33.03,32.96,32.97,23429.0,FNF
2023-03-16 15:48:00,33.11,33.11,33.04,33.04,26454.0,FNF
2023-03-16 15:47:00,33.14,33.15,33.11,33.115,8436.0,FNF
2023-03-16 15:46:00,33.155,33.155,33.12,33.14,21373.0,FNF
2023-03-16 15:45:00,33.175,33.18,33.15,33.16,9816.0,FNF
2023-03-16 15:44:00,33.165,33.175,33.155,33.17,19295.0,FNF
2023-03-16 15:43:00,33.18,33.18,33.155,33.16,10217.0,FNF
2023-03-16 15:42:00,33.15,33.19,33.15,33.18,7227.0,FNF
2023-03-16 15:41:00,33.14,33.16,33.12,33.14,14662.0,FNF
2023-03-16 15:40:00,33.14,33.15,33.14,33.14,2949.0,FNF
2023-03-16 15:39:00,33.15,33.16,33.12,33.135,6791.0,FNF
2023-03-16 15:38:00,33.15,33.15,33.11,33.15,12786.0,FNF
2023-03-16 15:37:00,33.17,33.17,33.14,33.15,11017.0,FNF
2023-03-16 15:36:00,33.22,33.22,33.165,33.165,7068.0,FNF
2023-03-16 15:35:00,33.2,33.23,33.2,33.23,4746.0,FNF
2023-03-16 15:34:00,33.235,33.235,33.19,33.19,14314.0,FNF
2023-03-16 15:33:00,33.19,33.23,33.18,33.23,11673.0,FNF
2023-03-16 15:32:00,33.22,33.22,33.195,33.195,4966.0,FNF
2023-03-16 15:31:00,33.195,33.23,33.19,33.22,10913.0,FNF
2023-03-16 15:30:00,33.2,33.208,33.185,33.19,5590.0,FNF
2023-03-16 15:29:00,33.2,33.2,33.18,33.195,7583.0,FNF
2023-03-16 15:28:00,33.165,33.2,33.1625,33.2,6425.0,FNF
2023-03-16 15:27:00,33.2,33.205,33.1648,33.165,8305.0,FNF
2023-03-16 15:26:00,33.175,33.22,33.17,33.205,5225.0,FNF
2023-03-16 15:25:00,33.145,33.21,33.145,33.17,17698.0,FNF
2023-03-16 15:24:00,33.1,33.145,33.1,33.145,5165.0,FNF
2023-03-16 15:23:00,33.065,33.1,33.065,33.1,6109.0,FNF
2023-03-16 15:22:00,33.04,33.07,33.04,33.0697,7515.0,FNF
2023-03-16 15:21:00,33.04,33.055,33.025,33.03,9758.0,FNF
2023-03-16 15:20:00,33.055,33.055,33.03,33.035,4111.0,FNF
2023-03-16 15:19:00,33.065,33.08,33.055,33.055,6190.0,FNF
2023-03-16 15:18:00,33.08,33.08,33.045,33.06,6065.0,FNF
2023-03-16 15:17:00,33.05,33.07,33.045,33.07,4343.0,FNF
2023-03-16 15:16:00,33.0477,33.05,33.025,33.045,9223.0,FNF
2023-03-16 15:15:00,33.08,33.08,33.045,33.045,4368.0,FNF
2023-03-16 15:14:00,33.0795,33.085,33.07,33.075,4931.0,FNF
2023-03-16 15:13:00,33.085,33.085,33.06,33.075,5876.0,FNF
2023-03-16 15:12:00,33.075,33.1,33.065,33.09,7702.0,FNF
2023-03-16 15:11:00,33.03,33.08,33.03,33.08,4660.0,FNF
2023-03-16 15:10:00,33.05,33.05,33.0257,33.03,4781.0,FNF
2023-03-16 15:09:00,33.03,33.05,33.02,33.05,3593.0,FNF
2023-03-16 15:08:00,33.025,33.05,33.025,33.03,8457.0,FNF
2023-03-16 15:07:00,33.015,33.025,33.015,33.021,3661.0,FNF
2023-03-16 15:06:00,32.985,33.02,32.98,33.015,5894.0,FNF
2023-03-16 15:05:00,32.985,32.99,32.98,32.985,4581.0,FNF
2023-03-16 15:04:00,33.01,33.01,32.98,32.9826,3670.0,FNF
2023-03-16 15:03:00,32.995,33.01,32.985,33.01,4312.0,FNF
2023-03-16 15:02:00,32.99,33.0,32.985,32.985,3541.0,FNF
2023-03-16 15:01:00,33.0,33.015,32.995,33.0,5344.0,FNF
2023-03-16 15:00:00,32.995,33.01,32.99,32.995,2673.0,FNF
2023-03-16 14:59:00,32.99,33.0,32.97,32.99,9616.0,FNF
2023-03-16 14:58:00,33.0,33.01,32.9975,32.9975,4438.0,FNF
2023-03-16 14:57:00,32.99,33.01,32.99,33.0081,2872.0,FNF
2023-03-16 14:56:00,32.96,32.99,32.95,32.99,4420.0,FNF
2023-03-16 14:55:00,32.95,32.98,32.95,32.97,7073.0,FNF
2023-03-16 14:54:00,32.96,32.97,32.935,32.95,4715.0,FNF
2023-03-16 14:53:00,32.96,32.97,32.955,32.96,5279.0,FNF
2023-03-16 14:52:00,32.98,32.98,32.955,32.955,3625.0,FNF
2023-03-16 14:51:00,33.005,33.005,32.98,32.985,2349.0,FNF
2023-03-16 14:50:00,33.005,33.01,33.0,33.01,1205.0,FNF
2023-03-16 14:49:00,32.99,33.0,32.96,33.0,8320.0,FNF
2023-03-16 14:48:00,33.02,33.02,33.0,33.0,2698.0,FNF
2023-03-16 14:47:00,33.0576,33.0576,33.02,33.03,4294.0,FNF
2023-03-16 14:46:00,33.04,33.05,33.03,33.05,3565.0,FNF
2023-03-16 14:45:00,33.0,33.04,33.0,33.04,5171.0,FNF
2023-03-16 14:44:00,33.02,33.03,32.995,32.996,4552.0,FNF
2023-03-16 14:43:00,33.03,33.04,33.0219,33.03,1820.0,FNF
2023-03-16 14:42:00,33.03,33.0535,33.03,33.0535,3444.0,FNF
2023-03-16 14:41:00,33.01,33.02,32.995,33.02,8713.0,FNF
2023-03-16 14:40:00,33.01,33.015,33.01,33.015,638.0,FNF
2023-03-16 14:39:00,33.02,33.03,33.01,33.015,3944.0,FNF
2023-03-16 14:38:00,33.03,33.04,33.015,33.02,4061.0,FNF
2023-03-16 14:37:00,33.015,33.03,33.015,33.02,3315.0,FNF
2023-03-16 14:36:00,32.99,33.01,32.99,33.01,3036.0,FNF
2023-03-16 14:35:00,32.995,32.995,32.965,32.99,3637.0,FNF
2023-03-16 14:34:00,33.0,33.05,32.995,32.995,9851.0,FNF
2023-03-16 14:33:00,33.01,33.02,33.0,33.0,4715.0,FNF
2023-03-16 14:32:00,33.02,33.035,33.02,33.03,4034.0,FNF
2023-03-16 14:31:00,33.06,33.07,33.02,33.02,4234.0,FNF
2023-03-16 14:30:00,33.03,33.06,33.03,33.06,2783.0,FNF
2023-03-16 14:29:00,33.02,33.03,33.005,33.02,2985.0,FNF
2023-03-16 14:28:00,33.03,33.04,33.015,33.02,5517.0,FNF
2023-03-16 14:27:00,33.04,33.04,33.025,33.03,1469.0,FNF
2023-03-16 14:26:00,33.06,33.06,33.03,33.03,3387.0,FNF
2023-03-16 14:25:00,33.08,33.08,33.055,33.06,2663.0,FNF
2023-03-16 14:24:00,33.1,33.1,33.07,33.09,7665.0,FNF
2023-03-16 14:23:00,33.12,33.12,33.085,33.09,5000.0,FNF
2023-03-16 14:22:00,33.12,33.13,33.115,33.13,2746.0,FNF
2023-03-16 14:21:00,33.09,33.12,33.09,33.115,3446.0,FNF
2023-03-16 14:20:00,33.11,33.15,33.09,33.09,6318.0,FNF
2023-03-16 14:19:00,33.07,33.1,33.07,33.095,2210.0,FNF
2023-03-16 14:18:00,33.06,33.07,33.05,33.07,5005.0,FNF
2023-03-16 14:17:00,33.06,33.075,33.06,33.06,2425.0,FNF
2023-03-16 14:16:00,33.04,33.07,33.02,33.07,4634.0,FNF
2023-03-16 14:15:00,33.06,33.08,33.04,33.04,4746.0,FNF
2023-03-16 14:14:00,33.08,33.08,33.065,33.065,1851.0,FNF
2023-03-16 14:13:00,33.09,33.11,33.08,33.095,4575.0,FNF
2023-03-16 14:12:00,33.095,33.11,33.088,33.0899,5162.0,FNF
2023-03-16 14:11:00,33.11,33.11,33.09,33.095,3528.0,FNF
2023-03-16 14:10:00,33.09,33.11,33.09,33.11,2697.0,FNF
2023-03-16 14:09:00,33.09,33.09,33.08,33.08,2028.0,FNF
2023-03-16 14:08:00,33.08,33.09,33.06,33.09,4549.0,FNF
2023-03-16 14:07:00,33.12,33.12,33.0775,33.08,3056.0,FNF
2023-03-16 14:06:00,33.17,33.17,33.13,33.13,2964.0,FNF
2023-03-16 14:05:00,33.2,33.2,33.165,33.17,2636.0,FNF
2023-03-16 14:04:00,33.21,33.22,33.19,33.21,4125.0,FNF
2023-03-16 14:03:00,33.21,33.22,33.2,33.21,5265.0,FNF
2023-03-16 14:02:00,33.22,33.22,33.205,33.21,4590.0,FNF
2023-03-16 14:01:00,33.26,33.275,33.23,33.23,3909.0,FNF
2023-03-16 14:00:00,33.27,33.275,33.24,33.25,4775.0,FNF
2023-03-16 13:59:00,33.27,33.3,33.26,33.28,4989.0,FNF
2023-03-16 13:58:00,33.27,33.28,33.27,33.28,3616.0,FNF
2023-03-16 13:57:00,33.2528,33.29,33.24,33.29,3962.0,FNF
2023-03-16 13:56:00,33.24,33.25,33.235,33.25,4117.0,FNF
2023-03-16 13:55:00,33.22,33.25,33.1901,33.25,13661.0,FNF
2023-03-16 13:54:00,33.26,33.27,33.22,33.22,6831.0,FNF
2023-03-16 13:53:00,33.275,33.275,33.26,33.26,862.0,FNF
2023-03-16 13:52:00,33.27,33.3,33.26,33.28,5595.0,FNF
2023-03-16 13:51:00,33.31,33.31,33.23,33.255,11132.0,FNF
2023-03-16 13:50:00,33.33,33.33,33.3,33.3,6726.0,FNF
2023-03-16 13:49:00,33.32,33.33,33.31,33.33,3382.0,FNF
2023-03-16 13:48:00,33.3,33.33,33.3,33.32,5178.0,FNF
2023-03-16 13:47:00,33.27,33.3,33.27,33.28,4960.0,FNF
2023-03-16 13:46:00,33.26,33.28,33.26,33.28,6180.0,FNF
2023-03-16 13:45:00,33.27,33.28,33.25,33.26,5587.0,FNF
2023-03-16 13:44:00,33.28,33.28,33.245,33.26,3532.0,FNF
2023-03-16 13:43:00,33.3,33.32,33.29,33.29,5155.0,FNF
2023-03-16 13:42:00,33.305,33.32,33.305,33.31,3118.0,FNF
2023-03-16 13:41:00,33.295,33.3,33.28,33.3,1579.0,FNF
2023-03-16 13:40:00,33.25,33.3,33.25,33.28,4328.0,FNF
2023-03-16 13:39:00,33.29,33.29,33.25,33.25,3653.0,FNF
2023-03-16 13:38:00,33.29,33.31,33.29,33.3,3765.0,FNF
2023-03-16 13:37:00,33.3,33.31,33.295,33.295,2718.0,FNF
2023-03-16 13:36:00,33.34,33.34,33.3,33.3,6309.0,FNF
2023-03-16 13:35:00,33.34,33.36,33.34,33.35,4633.0,FNF
2023-03-16 13:34:00,33.36,33.36,33.32,33.33,11877.0,FNF
2023-03-16 13:33:00,33.42,33.43,33.38,33.38,7736.0,FNF
2023-03-16 13:32:00,33.42,33.435,33.41,33.42,5586.0,FNF
2023-03-16 13:31:00,33.455,33.455,33.425,33.435,4115.0,FNF
2023-03-16 13:30:00,33.39,33.455,33.37,33.455,16468.0,FNF
2023-03-16 13:29:00,33.37,33.42,33.37,33.39,7395.0,FNF
2023-03-16 13:28:00,33.37,33.385,33.34,33.37,9551.0,FNF
2023-03-16 13:27:00,33.415,33.415,33.37,33.37,5427.0,FNF
2023-03-16 13:26:00,33.41,33.42,33.405,33.41,3222.0,FNF
2023-03-16 13:25:00,33.39,33.44,33.39,33.41,5091.0,FNF
2023-03-16 13:24:00,33.36,33.38,33.355,33.38,3582.0,FNF
2023-03-16 13:23:00,33.36,33.375,33.36,33.36,2254.0,FNF
2023-03-16 13:22:00,33.34,33.35,33.32,33.35,10018.0,FNF
2023-03-16 13:21:00,33.36,33.38,33.34,33.35,5417.0,FNF
2023-03-16 13:20:00,33.37,33.38,33.36,33.37,6117.0,FNF
2023-03-16 13:19:00,33.39,33.39,33.36,33.37,3406.0,FNF
2023-03-16 13:18:00,33.41,33.41,33.37,33.37,6844.0,FNF
2023-03-16 13:17:00,33.45,33.46,33.41,33.41,6829.0,FNF
2023-03-16 13:16:00,33.47,33.475,33.42,33.45,9074.0,FNF
2023-03-16 13:15:00,33.4605,33.47,33.46,33.47,2827.0,FNF
2023-03-16 13:14:00,33.465,33.49,33.465,33.47,3145.0,FNF
2023-03-16 13:13:00,33.44,33.48,33.43,33.47,5338.0,FNF
2023-03-16 13:12:00,33.48,33.49,33.44,33.44,11286.0,FNF
2023-03-16 13:11:00,33.51,33.52,33.49,33.49,4045.0,FNF
2023-03-16 13:10:00,33.56,33.56,33.51,33.51,1996.0,FNF
2023-03-16 13:09:00,33.6,33.605,33.55,33.57,7042.0,FNF
2023-03-16 13:08:00,33.565,33.6,33.5649,33.6,5751.0,FNF
2023-03-16 13:07:00,33.55,33.565,33.535,33.565,5616.0,FNF
2023-03-16 13:06:00,33.55,33.565,33.51,33.565,6044.0,FNF
2023-03-16 13:05:00,33.47,33.54,33.47,33.5123,4178.0,FNF
2023-03-16 13:04:00,33.47,33.48,33.43,33.47,6992.0,FNF
2023-03-16 13:03:00,33.43,33.48,33.43,33.47,5395.0,FNF
2023-03-16 13:02:00,33.38,33.43,33.38,33.415,11635.0,FNF
2023-03-16 13:01:00,33.38,33.39,33.37,33.38,2071.0,FNF
2023-03-16 13:00:00,33.37,33.37,33.34,33.37,4253.0,FNF
2023-03-16 12:59:00,33.38,33.38,33.365,33.37,917.0,FNF
2023-03-16 12:58:00,33.28,33.35,33.28,33.35,5969.0,FNF
2023-03-16 12:57:00,33.31,33.325,33.27,33.275,8563.0,FNF
2023-03-16 12:56:00,33.26,33.29,33.26,33.29,3499.0,FNF
2023-03-16 12:55:00,33.235,33.28,33.235,33.28,2613.0,FNF
2023-03-16 12:54:00,33.25,33.27,33.23,33.24,4951.0,FNF
2023-03-16 12:53:00,33.22,33.26,33.215,33.25,5624.0,FNF
2023-03-16 12:52:00,33.19,33.235,33.19,33.235,5449.0,FNF
2023-03-16 12:51:00,33.17,33.24,33.17,33.2,4559.0,FNF
2023-03-16 12:50:00,33.12,33.16,33.12,33.16,5604.0,FNF
2023-03-16 12:49:00,33.1,33.1299,33.0886,33.11,4065.0,FNF
2023-03-16 12:48:00,33.04,33.1,33.025,33.1,8653.0,FNF
2023-03-16 12:47:00,33.06,33.07,33.025,33.045,9847.0,FNF
2023-03-16 12:46:00,33.03,33.07,33.03,33.07,6504.0,FNF
2023-03-16 12:45:00,33.02,33.04,33.02,33.04,4295.0,FNF
2023-03-16 12:44:00,33.035,33.045,33.02,33.025,5596.0,FNF
2023-03-16 12:43:00,33.04,33.04,33.025,33.035,4241.0,FNF
2023-03-16 12:42:00,33.06,33.065,33.05,33.05,2714.0,FNF
2023-03-16 12:41:00,33.09,33.1,33.05,33.05,7150.0,FNF
2023-03-16 12:40:00,33.105,33.115,33.09,33.09,5128.0,FNF
2023-03-16 12:39:00,33.11,33.12,33.095,33.105,5181.0,FNF
2023-03-16 12:38:00,33.13,33.13,33.115,33.115,5172.0,FNF
2023-03-16 12:37:00,33.12,33.13,33.12,33.12,2455.0,FNF
2023-03-16 12:36:00,33.16,33.16,33.1,33.11,5569.0,FNF
2023-03-16 12:35:00,33.16,33.185,33.16,33.17,6897.0,FNF
2023-03-16 12:34:00,33.17,33.17,33.17,33.17,1640.0,FNF
2023-03-16 12:33:00,33.18,33.18,33.17,33.17,1166.0,FNF
2023-03-16 12:32:00,33.18,33.19,33.18,33.19,2862.0,FNF
2023-03-16 12:31:00,33.21,33.21,33.185,33.19,2801.0,FNF
2023-03-16 12:30:00,33.21,33.21,33.19,33.21,3476.0,FNF
2023-03-16 12:29:00,33.2316,33.24,33.21,33.22,2781.0,FNF
2023-03-16 12:28:00,33.24,33.24,33.22,33.22,2969.0,FNF
2023-03-16 12:27:00,33.23,33.265,33.23,33.255,3485.0,FNF
2023-03-16 12:26:00,33.17,33.225,33.17,33.22,6296.0,FNF
2023-03-16 12:25:00,33.2,33.2,33.17,33.17,2874.0,FNF
2023-03-16 12:24:00,33.19,33.2115,33.185,33.2,4442.0,FNF
2023-03-16 12:23:00,33.205,33.205,33.1986,33.2,1961.0,FNF
2023-03-16 12:22:00,33.18,33.19,33.17,33.19,7427.0,FNF
2023-03-16 12:21:00,33.17,33.195,33.16,33.19,5230.0,FNF
2023-03-16 12:20:00,33.17,33.185,33.17,33.185,3697.0,FNF
2023-03-16 12:19:00,33.16,33.16,33.1501,33.1501,724.0,FNF
2023-03-16 12:18:00,33.155,33.1699,33.155,33.155,743.0,FNF
2023-03-16 12:17:00,33.12,33.145,33.115,33.145,3697.0,FNF
2023-03-16 12:16:00,33.15,33.15,33.115,33.1159,6284.0,FNF
2023-03-16 12:15:00,33.17,33.17,33.17,33.17,377.0,FNF
2023-03-16 12:14:00,33.15,33.18,33.15,33.17,3532.0,FNF
2023-03-16 12:13:00,33.2,33.2,33.15,33.15,3077.0,FNF
2023-03-16 12:12:00,33.215,33.235,33.2,33.21,4308.0,FNF
2023-03-16 12:11:00,33.23,33.23,33.2169,33.22,1728.0,FNF
2023-03-16 12:10:00,33.24,33.28,33.2,33.25,7418.0,FNF
2023-03-16 12:09:00,33.27,33.27,33.24,33.24,1916.0,FNF
2023-03-16 12:08:00,33.26,33.27,33.26,33.26,2729.0,FNF
2023-03-16 12:07:00,33.22,33.26,33.22,33.26,5809.0,FNF
2023-03-16 12:06:00,33.23,33.23,33.21,33.22,2553.0,FNF
2023-03-16 12:05:00,33.245,33.25,33.23,33.245,2251.0,FNF
2023-03-16 12:04:00,33.28,33.28,33.23,33.25,4258.0,FNF
2023-03-16 12:03:00,33.32,33.3283,33.28,33.28,3724.0,FNF
2023-03-16 12:02:00,33.32,33.32,33.31,33.315,3646.0,FNF
2023-03-16 12:01:00,33.33,33.34,33.3262,33.33,2236.0,FNF
2023-03-16 12:00:00,33.355,33.355,33.31,33.33,6560.0,FNF
2023-03-16 11:59:00,33.39,33.39,33.35,33.35,5384.0,FNF
2023-03-16 11:58:00,33.38,33.39,33.38,33.39,1936.0,FNF
2023-03-16 11:57:00,33.35,33.38,33.35,33.38,2948.0,FNF
2023-03-16 11:56:00,33.35,33.35,33.345,33.35,1788.0,FNF
2023-03-16 11:55:00,33.37,33.375,33.35,33.35,3335.0,FNF
2023-03-16 11:54:00,33.34,33.36,33.34,33.35,1702.0,FNF
2023-03-16 11:53:00,33.34,33.34,33.31,33.33,4642.0,FNF
2023-03-16 11:52:00,33.33,33.345,33.32,33.33,4628.0,FNF
2023-03-16 11:51:00,33.335,33.335,33.33,33.33,1225.0,FNF
2023-03-16 11:50:00,33.31,33.33,33.31,33.33,1580.0,FNF
2023-03-16 11:49:00,33.295,33.32,33.29,33.32,7055.0,FNF
2023-03-16 11:48:00,33.32,33.32,33.295,33.295,2727.0,FNF
2023-03-16 11:47:00,33.33,33.33,33.305,33.31,4236.0,FNF
2023-03-16 11:46:00,33.315,33.36,33.315,33.34,2916.0,FNF
2023-03-16 11:45:00,33.315,33.33,33.315,33.32,1420.0,FNF
2023-03-16 11:44:00,33.38,33.39,33.33,33.33,4118.0,FNF
2023-03-16 11:43:00,33.351,33.4,33.351,33.395,1829.0,FNF
2023-03-16 11:42:00,33.34,33.36,33.34,33.35,1962.0,FNF
2023-03-16 11:41:00,33.29,33.34,33.28,33.31,3914.0,FNF
2023-03-16 11:40:00,33.22,33.28,33.22,33.28,6362.0,FNF
2023-03-16 11:39:00,33.29,33.29,33.24,33.25,3404.0,FNF
2023-03-16 11:38:00,33.33,33.34,33.3073,33.31,2478.0,FNF
2023-03-16 11:37:00,33.33,33.33,33.3,33.33,4486.0,FNF
2023-03-16 11:36:00,33.355,33.37,33.33,33.3374,3667.0,FNF
2023-03-16 11:35:00,33.37,33.38,33.3452,33.36,3419.0,FNF
2023-03-16 11:34:00,33.32,33.42,33.32,33.39,5945.0,FNF
2023-03-16 11:33:00,33.31,33.34,33.305,33.3199,5930.0,FNF
2023-03-16 11:32:00,33.39,33.4,33.32,33.32,18920.0,FNF
2023-03-16 11:31:00,33.31,33.395,33.31,33.37,25903.0,FNF
2023-03-16 11:30:00,33.285,33.31,33.2475,33.295,58030.0,FNF
2023-03-16 11:29:00,33.3,33.3,33.26,33.29,5565.0,FNF
2023-03-16 11:28:00,33.2406,33.31,33.24,33.31,6737.0,FNF
2023-03-16 11:27:00,33.23,33.25,33.23,33.24,2664.0,FNF
2023-03-16 11:26:00,33.22,33.24,33.2,33.22,5351.0,FNF
2023-03-16 11:25:00,33.24,33.25,33.19,33.225,7068.0,FNF
2023-03-16 11:24:00,33.28,33.29,33.24,33.24,6417.0,FNF
2023-03-16 11:23:00,33.2373,33.285,33.2373,33.285,3539.0,FNF
2023-03-16 11:22:00,33.24,33.24,33.2,33.2101,8446.0,FNF
2023-03-16 11:21:00,33.24,33.29,33.24,33.24,6130.0,FNF
2023-03-16 11:20:00,33.24,33.24,33.22,33.23,5270.0,FNF
2023-03-16 11:19:00,33.22,33.24,33.22,33.24,6533.0,FNF
2023-03-16 11:18:00,33.244,33.25,33.22,33.22,1254.0,FNF
2023-03-16 11:17:00,33.24,33.2482,33.235,33.235,909.0,FNF
2023-03-16 11:16:00,33.1768,33.22,33.175,33.22,2869.0,FNF
2023-03-16 11:15:00,33.13,33.175,33.13,33.175,2114.0,FNF
2023-03-16 11:14:00,33.17,33.17,33.13,33.15,5173.0,FNF
2023-03-16 11:13:00,33.205,33.23,33.17,33.1705,3704.0,FNF
2023-03-16 11:12:00,33.24,33.24,33.2,33.21,5854.0,FNF
2023-03-16 11:11:00,33.1888,33.23,33.1888,33.21,6041.0,FNF
2023-03-16 11:10:00,33.22,33.22,33.16,33.16,3948.0,FNF
2023-03-16 11:09:00,33.18,33.245,33.18,33.21,3694.0,FNF
2023-03-16 11:08:00,33.17,33.18,33.15,33.16,4280.0,FNF
2023-03-16 11:07:00,33.085,33.15,33.085,33.14,4942.0,FNF
2023-03-16 11:06:00,33.1,33.1,33.06,33.085,3823.0,FNF
2023-03-16 11:05:00,33.1,33.12,33.1,33.1,3007.0,FNF
2023-03-16 11:04:00,33.165,33.165,33.105,33.105,2757.0,FNF
2023-03-16 11:03:00,33.18,33.19,33.17,33.19,2840.0,FNF
2023-03-16 11:02:00,33.19,33.22,33.18,33.19,4541.0,FNF
2023-03-16 11:01:00,33.195,33.22,33.195,33.2,3225.0,FNF
2023-03-16 11:00:00,33.2,33.2,33.18,33.18,2563.0,FNF
2023-03-16 10:59:00,33.18,33.2,33.1579,33.2,1608.0,FNF
2023-03-16 10:58:00,33.13,33.214,33.13,33.17,3211.0,FNF
2023-03-16 10:57:00,33.19,33.19,33.12,33.13,7648.0,FNF
2023-03-16 10:56:00,33.13,33.1942,33.09,33.18,7719.0,FNF
2023-03-16 10:55:00,33.055,33.145,33.055,33.145,1622.0,FNF
2023-03-16 10:54:00,32.97,33.05,32.97,33.05,3247.0,FNF
2023-03-16 10:53:00,32.975,32.9899,32.93,32.97,4533.0,FNF
2023-03-16 10:52:00,32.915,32.96,32.915,32.96,3303.0,FNF
2023-03-16 10:51:00,32.82,32.91,32.81,32.91,5211.0,FNF
2023-03-16 10:50:00,32.8,32.84,32.79,32.81,4719.0,FNF
2023-03-16 10:49:00,32.81,32.82,32.79,32.8,4942.0,FNF
2023-03-16 10:48:00,32.74,32.82,32.74,32.81,7367.0,FNF
2023-03-16 10:47:00,32.68,32.73,32.68,32.73,7144.0,FNF
2023-03-16 10:46:00,32.605,32.68,32.605,32.68,4222.0,FNF
2023-03-16 10:45:00,32.6,32.6137,32.59,32.605,2208.0,FNF
2023-03-16 10:44:00,32.58,32.61,32.56,32.61,5048.0,FNF
2023-03-16 10:43:00,32.6,32.6,32.59,32.595,2719.0,FNF
2023-03-16 10:42:00,32.5658,32.62,32.555,32.62,4988.0,FNF
2023-03-16 10:41:00,32.54,32.56,32.54,32.555,2306.0,FNF
2023-03-16 10:40:00,32.56,32.56,32.545,32.55,3049.0,FNF
2023-03-16 10:39:00,32.54,32.54,32.54,32.54,721.0,FNF
2023-03-16 10:38:00,32.45,32.555,32.45,32.54,5599.0,FNF
2023-03-16 10:37:00,32.48,32.5,32.44,32.455,7003.0,FNF
2023-03-16 10:36:00,32.49,32.49,32.47,32.47,1917.0,FNF
2023-03-16 10:35:00,32.5266,32.5266,32.52,32.52,2131.0,FNF
2023-03-16 10:34:00,32.64,32.645,32.55,32.55,4699.0,FNF
2023-03-16 10:33:00,32.57,32.63,32.57,32.63,5827.0,FNF
2023-03-16 10:32:00,32.54,32.565,32.54,32.55,3893.0,FNF
2023-03-16 10:31:00,32.565,32.565,32.51,32.54,5183.0,FNF
2023-03-16 10:30:00,32.575,32.575,32.54,32.56,4372.0,FNF
2023-03-16 10:29:00,32.5439,32.575,32.5439,32.575,1414.0,FNF
2023-03-16 10:28:00,32.5,32.54,32.5,32.53,3156.0,FNF
2023-03-16 10:27:00,32.46,32.5,32.445,32.5,6387.0,FNF
2023-03-16 10:26:00,32.49,32.5,32.46,32.47,3484.0,FNF
2023-03-16 10:25:00,32.485,32.5,32.46,32.48,5315.0,FNF
2023-03-16 10:24:00,32.445,32.485,32.425,32.485,7976.0,FNF
2023-03-16 10:23:00,32.5,32.51,32.46,32.46,24899.0,FNF
2023-03-16 10:22:00,32.51,32.52,32.5,32.5,7562.0,FNF
2023-03-16 10:21:00,32.55,32.55,32.515,32.52,2880.0,FNF
2023-03-16 10:20:00,32.5375,32.55,32.53,32.545,6886.0,FNF
2023-03-16 10:19:00,32.53,32.54,32.5175,32.54,4814.0,FNF
2023-03-16 10:18:00,32.51,32.54,32.5,32.54,6145.0,FNF
2023-03-16 10:17:00,32.52,32.53,32.5,32.5,17255.0,FNF
2023-03-16 10:16:00,32.565,32.5675,32.51,32.53,3198.0,FNF
2023-03-16 10:15:00,32.54,32.58,32.5396,32.56,4490.0,FNF
2023-03-16 10:14:00,32.56,32.56,32.5,32.53,8102.0,FNF
2023-03-16 10:13:00,32.59,32.59,32.55,32.55,4626.0,FNF
2023-03-16 10:12:00,32.605,32.62,32.605,32.605,1546.0,FNF
2023-03-16 10:11:00,32.6,32.6568,32.58,32.63,5276.0,FNF
2023-03-16 10:10:00,32.65,32.65,32.6,32.61,5177.0,FNF
2023-03-16 10:09:00,32.61,32.68,32.595,32.66,7199.0,FNF
2023-03-16 10:08:00,32.56,32.59,32.56,32.59,2493.0,FNF
2023-03-16 10:07:00,32.5,32.5594,32.5,32.5594,14612.0,FNF
2023-03-16 10:06:00,32.63,32.63,32.5,32.51,12878.0,FNF
2023-03-16 10:05:00,32.61,32.67,32.575,32.635,14465.0,FNF
2023-03-16 10:04:00,32.54,32.65,32.54,32.61,10084.0,FNF
2023-03-16 10:03:00,32.53,32.53,32.5,32.52,9216.0,FNF
2023-03-16 10:02:00,32.52,32.565,32.52,32.54,7677.0,FNF
2023-03-16 10:01:00,32.51,32.54,32.47,32.515,28101.0,FNF
2023-03-16 10:00:00,32.43,32.49,32.42,32.49,2721.0,FNF
2023-03-16 09:59:00,32.53,32.53,32.43,32.43,6646.0,FNF
2023-03-16 09:58:00,32.505,32.505,32.44,32.495,3460.0,FNF
2023-03-16 09:57:00,32.41,32.5,32.41,32.5,2379.0,FNF
2023-03-16 09:56:00,32.42,32.425,32.38,32.38,2734.0,FNF
2023-03-16 09:55:00,32.47,32.495,32.41,32.42,4547.0,FNF
2023-03-16 09:54:00,32.387,32.47,32.387,32.47,6265.0,FNF
2023-03-16 09:53:00,32.45,32.45,32.38,32.39,8416.0,FNF
2023-03-16 09:52:00,32.565,32.565,32.45,32.47,3065.0,FNF
2023-03-16 09:51:00,32.59,32.62,32.55,32.55,5361.0,FNF
2023-03-16 09:50:00,32.6,32.65,32.575,32.575,3136.0,FNF
2023-03-16 09:49:00,32.63,32.655,32.62,32.64,5780.0,FNF
2023-03-16 09:48:00,32.6,32.62,32.58,32.58,3095.0,FNF
2023-03-16 09:47:00,32.69,32.7,32.625,32.625,3294.0,FNF
2023-03-16 09:46:00,32.72,32.75,32.69,32.7,2686.0,FNF
2023-03-16 09:45:00,32.76,32.78,32.7,32.7,3357.0,FNF
2023-03-16 09:44:00,32.74,32.755,32.705,32.755,1738.0,FNF
2023-03-16 09:43:00,32.84,32.87,32.76,32.76,5438.0,FNF
2023-03-16 09:42:00,32.82,32.82,32.81,32.82,1436.0,FNF
2023-03-16 09:41:00,32.705,32.88,32.705,32.7949,16050.0,FNF
2023-03-16 09:40:00,32.64,32.74,32.61,32.705,10536.0,FNF
2023-03-16 09:39:00,32.48,32.62,32.48,32.62,1365.0,FNF
2023-03-16 09:38:00,32.285,32.45,32.285,32.45,2157.0,FNF
2023-03-16 09:37:00,32.385,32.385,32.23,32.31,5974.0,FNF
2023-03-16 09:36:00,32.46,32.53,32.35,32.35,10046.0,FNF
2023-03-16 09:35:00,32.49,32.5,32.46,32.46,1659.0,FNF
2023-03-16 09:34:00,32.54,32.63,32.46,32.52,7797.0,FNF
2023-03-16 09:33:00,32.63,32.73,32.47,32.54,35739.0,FNF
2023-03-16 09:32:00,32.79,32.79,32.61,32.61,553.0,FNF
2023-03-16 09:30:00,32.75,32.75,32.75,32.75,151.0,FNF
2023-03-16 08:36:00,33.2199,33.2199,33.2199,33.2199,1000.0,FNF
2023-03-16 08:28:00,33.22,33.22,33.22,33.22,149.0,FNF
2023-03-16 08:25:00,33.22,33.22,33.22,33.22,500.0,FNF
2023-03-16 08:20:00,33.2,33.2,33.2,33.2,100.0,FNF
2023-03-16 07:01:00,33.25,33.25,33.2,33.2,200.0,FNF
2023-03-16 05:21:00,33.55,33.55,33.55,33.55,150.0,FNF
